[name]
unknown

[dist]
# distance from previous block
# <min> <max>
3	167

[block]
# block no. 0 follows, 46 sequences, length 40
# corresponding to MSA columns:
# 255-280,286-299
name=unknown_A
#
# <colnr> <probs for GDERKNQSTAVLIFYWHMCP>
#	G	D	E	R	K	N	Q	S	T	A	V	L	I	F	Y	W	H	M	C	P
0	0.01758	0.01528	0.01429	0.10107	0.01736	0.18831	0.00981	0.41776	0.01929	0.02480	0.01188	0.01303	0.00886	0.00600	0.00497	0.00151	0.00637	0.00447	0.10988	0.00748
1	0.00974	0.00701	0.00866	0.00837	0.00970	0.00729	0.00618	0.16644	0.01341	0.01822	0.12102	0.37376	0.02686	0.03963	0.12169	0.03656	0.00530	0.01017	0.00465	0.00532
2	0.01000	0.01931	0.46194	0.01272	0.01858	0.01003	0.06679	0.01456	0.01154	0.01680	0.07051	0.04885	0.08146	0.00646	0.00522	0.00158	0.00628	0.00547	0.00301	0.12889
3	0.01012	0.00953	0.01610	0.76808	0.06878	0.01178	0.01475	0.01363	0.01063	0.01367	0.00942	0.01405	0.00710	0.00526	0.00528	0.00175	0.00701	0.00470	0.00236	0.00598
4	0.00912	0.00463	0.00695	0.00695	0.00698	0.00467	0.00467	0.00698	0.00695	0.00930	0.00937	0.01625	0.00934	0.01917	0.05001	0.81437	0.00495	0.00463	0.00232	0.00239
5	0.00941	0.00497	0.00510	0.00510	0.00608	0.00497	0.00360	0.01137	0.01039	0.01778	0.01713	0.02274	0.01471	0.17080	0.00842	0.00203	0.00301	0.00549	0.67234	0.00458
6	0.01088	0.01031	0.01747	0.57962	0.25130	0.01198	0.01513	0.01429	0.01099	0.01459	0.00955	0.01380	0.00743	0.00512	0.00527	0.00171	0.00683	0.00470	0.00243	0.00659
7	0.00653	0.00466	0.00623	0.00746	0.00780	0.00437	0.00506	0.00751	0.01021	0.01359	0.02909	0.77995	0.03478	0.01648	0.00677	0.00216	0.00314	0.04499	0.00491	0.00432
8	0.01052	0.00977	0.01616	0.73084	0.07592	0.01196	0.01459	0.04132	0.01118	0.01444	0.00955	0.01399	0.00719	0.00529	0.00528	0.00174	0.00696	0.00470	0.00247	0.00612
9	0.85155	0.01022	0.00777	0.00695	0.01022	0.01186	0.00573	0.01554	0.00900	0.02372	0.00736	0.00859	0.00573	0.00491	0.00327	0.00164	0.00409	0.00286	0.00327	0.00573
10	0.01975	0.02520	0.01498	0.01362	0.01634	0.79299	0.01021	0.02111	0.01498	0.01294	0.00817	0.00953	0.00681	0.00545	0.00477	0.00136	0.00953	0.00340	0.00272	0.00613
11	0.00644	0.00460	0.00613	0.00736	0.00767	0.00429	0.00491	0.00736	0.01012	0.01350	0.02914	0.81076	0.03497	0.01656	0.00675	0.00215	0.00307	0.01503	0.00491	0.00429
12	0.00644	0.00460	0.00613	0.00736	0.00767	0.00429	0.00491	0.00736	0.01012	0.01350	0.02914	0.81076	0.03497	0.01656	0.00675	0.00215	0.00307	0.01503	0.00491	0.00429
13	0.00769	0.00513	0.00577	0.00577	0.00577	0.00513	0.00320	0.00769	0.00769	0.01025	0.01666	0.03460	0.01922	0.81421	0.02691	0.00513	0.00513	0.00769	0.00320	0.00320
14	0.00765	0.00563	0.00835	0.00835	0.00930	0.00654	0.00649	0.00956	0.00860	0.01258	0.01429	0.02072	0.01323	0.03826	0.76048	0.00819	0.01367	0.00563	0.03773	0.00473
15	0.00711	0.00488	0.00594	0.00650	0.00665	0.00474	0.00399	0.00754	0.00881	0.01175	0.02243	0.39342	0.02650	0.44545	0.01759	0.00375	0.00417	0.01108	0.00399	0.00371
16	0.01308	0.01256	0.02146	0.03245	0.78123	0.01256	0.01622	0.01622	0.01204	0.01727	0.00994	0.01308	0.00837	0.00471	0.00523	0.00157	0.00628	0.00471	0.00262	0.00837
17	0.18742	0.22208	0.01691	0.01032	0.01421	0.08662	0.00880	0.29671	0.07191	0.02330	0.01046	0.01100	0.00808	0.00556	0.00435	0.00147	0.00564	0.00384	0.00387	0.00745
18	0.01236	0.01143	0.01607	0.23215	0.19985	0.03545	0.01216	0.07619	0.03577	0.01691	0.00978	0.01278	0.00794	0.00560	0.00673	0.00157	0.12190	0.00438	0.00291	0.17807
19	0.01246	0.44369	0.38677	0.01189	0.01797	0.01683	0.01401	0.01626	0.01094	0.01447	0.00836	0.00975	0.00674	0.00476	0.00416	0.00139	0.00667	0.00334	0.00225	0.00727
20	0.01233	0.01157	0.01939	0.01391	0.01883	0.01001	0.31249	0.04547	0.01226	0.04122	0.01041	0.01258	0.00812	0.00431	0.00495	0.00125	0.00603	0.00452	0.00314	0.44720
21	0.00974	0.00667	0.00994	0.01073	0.09601	0.02752	0.04865	0.00903	0.00831	0.01104	0.01149	0.06666	0.01180	0.11503	0.01759	0.52273	0.00513	0.00569	0.00264	0.00360
22	0.01770	0.01318	0.01467	0.01163	0.01515	0.01478	0.00954	0.61007	0.02151	0.02905	0.01270	0.01397	0.00960	0.01192	0.13496	0.00275	0.03897	0.00490	0.00477	0.00816
23	0.01129	0.02332	0.58887	0.01511	0.02219	0.01176	0.11377	0.01671	0.01144	0.04097	0.00999	0.01176	0.00718	0.00489	0.00508	0.00160	0.00747	0.00418	0.00251	0.08990
24	0.01106	0.00924	0.01079	0.00793	0.01221	0.00732	0.00632	0.05347	0.01217	0.01855	0.09676	0.01429	0.01266	0.00483	0.00425	0.00093	0.00386	0.00395	0.00355	0.70587
25	0.01209	0.00754	0.01093	0.00976	0.01195	0.00715	0.07833	0.04543	0.04686	0.18671	0.09582	0.27656	0.06130	0.01139	0.00627	0.00194	0.00429	0.11440	0.00517	0.00613
26	0.85155	0.01022	0.00777	0.00695	0.01022	0.01186	0.00573	0.01554	0.00900	0.02372	0.00736	0.00859	0.00573	0.00491	0.00327	0.00164	0.00409	0.00286	0.00327	0.00573
27	0.00756	0.00527	0.00674	0.00655	0.00763	0.00492	0.00479	0.00975	0.01377	0.01968	0.60049	0.11997	0.04392	0.05448	0.00722	0.00187	0.00270	0.00970	0.06821	0.00481
28	0.00644	0.00520	0.00565	0.00587	0.00725	0.00450	0.00423	0.00772	0.01171	0.01448	0.10126	0.20018	0.54634	0.04618	0.00718	0.00198	0.00284	0.01167	0.00491	0.00442
29	0.00712	0.00539	0.00657	0.00627	0.00768	0.00483	0.00470	0.00928	0.01411	0.01917	0.56608	0.04283	0.26351	0.01156	0.00624	0.00170	0.00255	0.01003	0.00555	0.00483
30	0.00644	0.00460	0.00613	0.00736	0.00767	0.00429	0.00491	0.00736	0.01012	0.01350	0.02914	0.81076	0.03497	0.01656	0.00675	0.00215	0.00307	0.01503	0.00491	0.00429
31	0.18195	0.02386	0.62809	0.01341	0.02030	0.01219	0.01672	0.01650	0.01072	0.01816	0.00905	0.01064	0.00650	0.00500	0.00467	0.00167	0.00705	0.00369	0.00244	0.00739
32	0.01444	0.01640	0.02371	0.02006	0.11722	0.21382	0.39161	0.04575	0.01330	0.01629	0.01066	0.04542	0.00886	0.00547	0.00607	0.00167	0.03387	0.00557	0.00286	0.00694
33	0.00982	0.00638	0.00770	0.00723	0.00812	0.00744	0.00564	0.01184	0.01001	0.01695	0.01474	0.01885	0.01242	0.04726	0.10464	0.00252	0.16744	0.00508	0.53094	0.00500
34	0.01230	0.01176	0.03337	0.27827	0.14163	0.03497	0.13486	0.09603	0.07520	0.01749	0.01206	0.03050	0.00985	0.05853	0.00682	0.00192	0.00663	0.00541	0.02558	0.00682
35	0.00927	0.00643	0.00769	0.00670	0.00894	0.00551	0.00513	0.01136	0.01291	0.07399	0.30787	0.04479	0.19926	0.02317	0.01820	0.00165	0.00321	0.00794	0.06764	0.17835
36	0.01001	0.00913	0.01454	0.39373	0.17342	0.01047	0.01221	0.01314	0.03372	0.01488	0.06264	0.11122	0.03810	0.02942	0.00678	0.00189	0.04895	0.00655	0.00312	0.00607
37	0.00768	0.00657	0.03588	0.00783	0.04198	0.00548	0.00585	0.00969	0.01284	0.03056	0.29791	0.07569	0.33286	0.04426	0.00707	0.00192	0.00326	0.06269	0.00499	0.00499
38	0.01200	0.19864	0.16624	0.14597	0.02407	0.01423	0.28325	0.01586	0.01143	0.01532	0.00941	0.01214	0.00732	0.00468	0.00507	0.00155	0.00735	0.00458	0.00247	0.05839
39	0.05160	0.01593	0.01640	0.01308	0.01690	0.26156	0.15406	0.07016	0.09632	0.03077	0.01126	0.02648	0.00901	0.00535	0.00494	0.00140	0.00684	0.00448	0.00340	0.20005

[dist]
# distance from previous block
# <min> <max>
2	8

[block]
# block no. 1 follows, 46 sequences, length 8
# corresponding to MSA columns:
# 313-320
name=unknown_B
#
# <colnr> <probs for GDERKNQSTAVLIFYWHMCP>
#	G	D	E	R	K	N	Q	S	T	A	V	L	I	F	Y	W	H	M	C	P
0	0.01493	0.12091	0.27806	0.01264	0.01753	0.15618	0.03703	0.06112	0.03878	0.11577	0.01204	0.05358	0.00955	0.00604	0.00522	0.00156	0.02483	0.00463	0.00334	0.02625
1	0.01284	0.14283	0.07153	0.01290	0.01621	0.13541	0.17065	0.04334	0.01150	0.01449	0.01054	0.01571	0.00964	0.14779	0.04259	0.00245	0.07734	0.00494	0.00278	0.05453
2	0.29104	0.20377	0.09256	0.00805	0.01170	0.01187	0.00762	0.01372	0.01090	0.01817	0.10156	0.01917	0.13457	0.00679	0.00432	0.00150	0.00443	0.00505	0.00346	0.04975
3	0.29854	0.00990	0.01147	0.00926	0.01239	0.01040	0.04907	0.01371	0.00979	0.01827	0.01040	0.01262	0.03736	0.00785	0.05756	0.00192	0.13461	0.00393	0.00307	0.28788
4	0.00785	0.00533	0.00742	0.00742	0.00793	0.00584	0.00526	0.00851	0.00800	0.01117	0.01413	0.02421	0.01440	0.27055	0.43997	0.13924	0.00992	0.00611	0.00286	0.00388
5	0.32623	0.00909	0.00925	0.00754	0.01093	0.00886	0.00605	0.04603	0.01189	0.06709	0.16809	0.01645	0.01608	0.00597	0.00429	0.00137	0.00380	0.00456	0.00403	0.27239
6	0.00769	0.00513	0.00577	0.00577	0.00577	0.00513	0.00320	0.00769	0.00769	0.01025	0.01666	0.03460	0.01922	0.81421	0.02691	0.00513	0.00513	0.00769	0.00320	0.00320
7	0.01264	0.08749	0.01435	0.01066	0.01325	0.01236	0.05296	0.21711	0.07851	0.01939	0.01830	0.02051	0.11846	0.03894	0.16592	0.00318	0.09956	0.00592	0.00389	0.00657

[dist]
# distance from previous block
# <min> <max>
0	6

[block]
# block no. 2 follows, 46 sequences, length 47
# corresponding to MSA columns:
# 327-333,337-376
name=unknown_C
#
# <colnr> <probs for GDERKNQSTAVLIFYWHMCP>
#	G	D	E	R	K	N	Q	S	T	A	V	L	I	F	Y	W	H	M	C	P
0	0.00663	0.00500	0.00589	0.00651	0.00753	0.00442	0.00456	0.00775	0.01105	0.02612	0.03971	0.46500	0.36085	0.01501	0.00651	0.00198	0.00292	0.01318	0.00493	0.00444
1	0.01006	0.11424	0.23793	0.00968	0.01343	0.00955	0.00999	0.01401	0.04385	0.04732	0.39802	0.02571	0.02911	0.00802	0.00545	0.00160	0.00459	0.00676	0.00433	0.00633
2	0.00796	0.00505	0.00608	0.00608	0.00611	0.00508	0.00359	0.00761	0.00757	0.01013	0.01519	0.03067	0.01715	0.63860	0.05487	0.15976	0.00537	0.00704	0.00302	0.00309
3	0.01301	0.41407	0.26430	0.01451	0.11357	0.04138	0.04111	0.01637	0.01123	0.01457	0.00849	0.01015	0.00700	0.00473	0.00428	0.00139	0.00665	0.00355	0.00233	0.00730
4	0.46160	0.17130	0.01441	0.00951	0.01306	0.15738	0.04239	0.04768	0.01126	0.01961	0.00788	0.00917	0.00637	0.00497	0.00379	0.00149	0.00569	0.00319	0.00303	0.00621
5	0.60100	0.01199	0.01018	0.00858	0.01208	0.04194	0.00703	0.21349	0.01341	0.02586	0.00880	0.00971	0.00663	0.00531	0.00386	0.00161	0.00475	0.00338	0.00378	0.00660
6	0.00747	0.00586	0.00806	0.00790	0.00922	0.00523	0.04361	0.00893	0.01095	0.01496	0.11382	0.49828	0.08261	0.04376	0.00704	0.00199	0.00346	0.01191	0.00461	0.11034
7	0.01196	0.06960	0.01136	0.05246	0.04028	0.02853	0.00702	0.13018	0.04435	0.01824	0.01336	0.01775	0.01152	0.12066	0.05912	0.03583	0.00528	0.00490	0.19521	0.12240
8	0.01134	0.01433	0.12199	0.01884	0.02369	0.01199	0.52995	0.01553	0.01158	0.01605	0.01118	0.01507	0.00881	0.01099	0.15066	0.00300	0.00974	0.00584	0.00265	0.00677
9	0.01305	0.01066	0.01802	0.42796	0.05886	0.01207	0.13149	0.04757	0.01197	0.12594	0.01119	0.01435	0.00820	0.00572	0.00654	0.00178	0.07973	0.00503	0.00314	0.00675
10	0.00675	0.00492	0.00612	0.00694	0.00754	0.00458	0.00477	0.00772	0.01026	0.01333	0.03155	0.50326	0.16499	0.13464	0.00970	0.00255	0.00344	0.06810	0.00465	0.00420
11	0.24050	0.00989	0.01084	0.00873	0.01234	0.00995	0.00716	0.15036	0.01482	0.35410	0.01995	0.01870	0.10668	0.00693	0.00489	0.00165	0.00439	0.00530	0.00525	0.00756
12	0.01832	0.01064	0.01245	0.01024	0.01380	0.01106	0.00823	0.12963	0.32345	0.34148	0.04823	0.01875	0.01512	0.00693	0.00537	0.00169	0.00448	0.00566	0.00587	0.00859
13	0.01328	0.01381	0.01242	0.14993	0.01675	0.26172	0.00910	0.05260	0.08275	0.01496	0.04992	0.04525	0.01316	0.12886	0.05463	0.00253	0.04413	0.00546	0.00333	0.02542
14	0.01644	0.01391	0.01430	0.01191	0.01509	0.07488	0.00956	0.33828	0.31477	0.02516	0.01519	0.01508	0.01140	0.00691	0.00657	0.00173	0.09070	0.00512	0.00481	0.00818
15	0.01562	0.09547	0.29784	0.01219	0.01757	0.01236	0.03635	0.14148	0.04601	0.20141	0.04223	0.01474	0.01966	0.00592	0.00507	0.00159	0.00606	0.00472	0.00408	0.01962
16	0.02840	0.03407	0.18375	0.01419	0.07497	0.01203	0.10031	0.16123	0.09037	0.14353	0.02929	0.03567	0.03869	0.02245	0.00579	0.00174	0.00599	0.00550	0.00417	0.00784
17	0.01092	0.09910	0.71787	0.01452	0.02203	0.01306	0.01858	0.01666	0.01112	0.01635	0.00929	0.01092	0.00670	0.00498	0.00487	0.00162	0.00762	0.00381	0.00223	0.00772
18	0.00998	0.00940	0.01586	0.80150	0.03641	0.01175	0.01468	0.01351	0.01057	0.01351	0.00940	0.01409	0.00705	0.00529	0.00529	0.00176	0.00705	0.00470	0.00235	0.00587
19	0.01272	0.24806	0.01528	0.00932	0.01206	0.06049	0.00765	0.13093	0.09629	0.03259	0.01884	0.26848	0.04792	0.00939	0.00521	0.00165	0.00479	0.00778	0.00414	0.00642
20	0.02930	0.09673	0.13250	0.01128	0.01535	0.01326	0.01045	0.31827	0.01698	0.13144	0.01483	0.09959	0.01243	0.00748	0.00574	0.00168	0.03726	0.03320	0.00448	0.00775
21	0.00918	0.00459	0.00689	0.00689	0.00689	0.00459	0.00459	0.00689	0.00689	0.00918	0.00918	0.01607	0.00918	0.01837	0.02066	0.84619	0.00459	0.00459	0.00230	0.00230
22	0.00713	0.00517	0.00680	0.00741	0.00828	0.00484	0.00550	0.00885	0.01217	0.01645	0.27450	0.38226	0.08596	0.01415	0.00664	0.00202	0.00317	0.13888	0.00520	0.00463
23	0.01251	0.14135	0.06909	0.05854	0.26770	0.01389	0.29336	0.01605	0.01173	0.01596	0.00994	0.01305	0.00804	0.00609	0.03832	0.00188	0.00762	0.00498	0.00256	0.00736
24	0.02113	0.00976	0.01215	0.00950	0.01327	0.00932	0.00779	0.16563	0.04529	0.52966	0.01893	0.01723	0.01247	0.00649	0.00514	0.00159	0.00452	0.00519	0.09641	0.00853
25	0.00629	0.00520	0.00551	0.00576	0.00725	0.00443	0.00420	0.00754	0.01166	0.01412	0.04858	0.20563	0.62755	0.01403	0.00635	0.00186	0.00276	0.01195	0.00491	0.00443
26	0.05784	0.01575	0.17831	0.13944	0.06357	0.01287	0.39675	0.01613	0.01157	0.01663	0.00992	0.01316	0.00746	0.00489	0.00599	0.00176	0.03319	0.00522	0.00255	0.00702
27	0.02566	0.00831	0.01149	0.01061	0.01216	0.03902	0.10027	0.04530	0.05355	0.03364	0.02250	0.43759	0.02473	0.01246	0.00721	0.00204	0.06415	0.07944	0.00440	0.00545
28	0.02241	0.00887	0.01197	0.00927	0.01315	0.00777	0.00762	0.04278	0.01536	0.70886	0.07768	0.01948	0.01576	0.00686	0.00538	0.00164	0.00438	0.00562	0.00646	0.00869
29	0.05803	0.01420	0.03922	0.01137	0.01574	0.01468	0.00959	0.59446	0.02163	0.02998	0.01185	0.01220	0.00859	0.00588	0.00498	0.00147	0.00552	0.00440	0.00478	0.13142
30	0.00910	0.00771	0.00925	0.00899	0.01018	0.07626	0.00694	0.03869	0.00965	0.01305	0.01366	0.01996	0.01270	0.06230	0.66756	0.00749	0.01313	0.00550	0.00293	0.00495
31	0.01424	0.23393	0.38994	0.01265	0.01850	0.10409	0.01416	0.05233	0.01249	0.08697	0.00997	0.01097	0.00743	0.00514	0.00460	0.00149	0.00704	0.00373	0.00284	0.00751
32	0.12921	0.00938	0.03918	0.01247	0.16121	0.04011	0.00819	0.01429	0.04316	0.04488	0.08707	0.03832	0.03920	0.01125	0.11404	0.00250	0.00571	0.00554	0.18817	0.00610
33	0.00753	0.00581	0.00763	0.00898	0.05122	0.00546	0.00656	0.00928	0.01168	0.01503	0.06069	0.25239	0.24802	0.01409	0.00670	0.00210	0.00375	0.27347	0.00480	0.00480
34	0.01323	0.05470	0.01712	0.44922	0.05616	0.17424	0.04321	0.07022	0.01257	0.01503	0.00925	0.01263	0.00721	0.00546	0.00560	0.00165	0.03909	0.00440	0.00266	0.00634
35	0.01805	0.01160	0.01469	0.07010	0.06345	0.03020	0.04432	0.26662	0.07179	0.25973	0.01662	0.08146	0.01266	0.00703	0.00545	0.00168	0.00541	0.00590	0.00509	0.00814
36	0.01157	0.01473	0.13330	0.02050	0.10906	0.01202	0.47870	0.01575	0.01217	0.01687	0.04744	0.07810	0.01195	0.00582	0.00600	0.00177	0.00770	0.00659	0.00293	0.00704
37	0.00734	0.00518	0.00638	0.00689	0.00791	0.00471	0.00493	0.00861	0.01122	0.04536	0.08691	0.40967	0.25637	0.04680	0.02241	0.00224	0.00337	0.05420	0.00493	0.00458
38	0.01190	0.04391	0.01528	0.07994	0.09721	0.11959	0.11847	0.04475	0.01240	0.04395	0.02052	0.19343	0.12440	0.00899	0.00624	0.00176	0.03960	0.00788	0.00368	0.00609
39	0.01640	0.04206	0.09990	0.01177	0.01569	0.03882	0.10388	0.05825	0.03093	0.32092	0.01548	0.01647	0.01116	0.01322	0.17706	0.00313	0.00781	0.00518	0.00438	0.00750
40	0.00644	0.00460	0.00613	0.00736	0.00767	0.00429	0.00491	0.00736	0.01012	0.01350	0.02914	0.81076	0.03497	0.01656	0.00675	0.00215	0.00307	0.01503	0.00491	0.00429
41	0.01120	0.01255	0.08734	0.41749	0.21055	0.01226	0.14258	0.01502	0.01130	0.01527	0.00976	0.01363	0.00750	0.00498	0.00541	0.00171	0.00725	0.00489	0.00246	0.00685
42	0.01201	0.09937	0.40503	0.01706	0.02344	0.04586	0.28926	0.01690	0.01176	0.01624	0.00967	0.01196	0.00719	0.00478	0.00530	0.00165	0.00808	0.00463	0.00242	0.00739
43	0.01113	0.01084	0.02054	0.33982	0.08016	0.01146	0.29771	0.01483	0.01147	0.01594	0.01103	0.01488	0.00842	0.00505	0.00542	0.00168	0.00706	0.00532	0.12084	0.00639
44	0.00643	0.00518	0.00576	0.00617	0.00751	0.00451	0.00453	0.00771	0.01151	0.01415	0.04518	0.26668	0.52562	0.01436	0.00645	0.00192	0.00291	0.05408	0.00491	0.00444
45	0.01451	0.06548	0.39830	0.01287	0.01836	0.15511	0.01401	0.04919	0.01328	0.12709	0.07194	0.01401	0.01116	0.00581	0.00504	0.00158	0.00703	0.00444	0.00335	0.00744
46	0.01508	0.01032	0.01458	0.20340	0.17363	0.03094	0.01117	0.07717	0.05419	0.22017	0.01663	0.06803	0.03122	0.00705	0.00549	0.00172	0.00557	0.04195	0.00426	0.00741

[dist]
# distance from previous block
# <min> <max>
17	57

[block]
# block no. 3 follows, 46 sequences, length 13
# corresponding to MSA columns:
# 602-614
name=unknown_D
#
# <colnr> <probs for GDERKNQSTAVLIFYWHMCP>
#	G	D	E	R	K	N	Q	S	T	A	V	L	I	F	Y	W	H	M	C	P
0	0.00963	0.00895	0.07674	0.00840	0.01071	0.00768	0.00696	0.04334	0.17832	0.05123	0.06112	0.22068	0.23291	0.05016	0.00699	0.00201	0.00387	0.00958	0.00482	0.00591
1	0.01393	0.77103	0.07225	0.00940	0.01412	0.02041	0.00966	0.01588	0.01077	0.01269	0.00748	0.00864	0.00678	0.00455	0.00349	0.00116	0.00578	0.00289	0.00226	0.00684
2	0.00828	0.00664	0.00794	0.00734	0.00960	0.00554	0.00559	0.00995	0.01100	0.01515	0.02692	0.24907	0.18315	0.03793	0.00640	0.00173	0.00358	0.10265	0.00423	0.29732
3	0.02015	0.01410	0.01381	0.01113	0.01482	0.14695	0.00896	0.31887	0.07560	0.25920	0.01529	0.01463	0.01062	0.00631	0.00514	0.00156	0.00578	0.00480	0.04404	0.00826
4	0.01060	0.02735	0.78682	0.01507	0.02288	0.01228	0.01953	0.01674	0.01116	0.01674	0.00949	0.01116	0.00670	0.00502	0.00502	0.00167	0.00781	0.00391	0.00223	0.00781
5	0.00686	0.00524	0.00630	0.00632	0.00759	0.00468	0.00463	0.00867	0.01308	0.01740	0.39059	0.18061	0.30338	0.01274	0.00633	0.00179	0.00266	0.01109	0.00534	0.00468
6	0.01096	0.00940	0.01096	0.00783	0.01253	0.00705	0.00626	0.01331	0.01096	0.01723	0.00940	0.01096	0.00783	0.00392	0.00392	0.00078	0.00392	0.00313	0.00313	0.84653
7	0.00696	0.00534	0.00648	0.00707	0.00828	0.00486	0.00544	0.00854	0.01179	0.01497	0.09523	0.25429	0.34068	0.01434	0.00664	0.00203	0.00331	0.19421	0.00497	0.00456
8	0.00966	0.00499	0.00523	0.00523	0.00644	0.00507	0.00395	0.01207	0.01086	0.01907	0.01698	0.01980	0.01352	0.00903	0.07139	0.00185	0.00347	0.00499	0.77147	0.00491
9	0.01060	0.02735	0.78682	0.01507	0.02288	0.01228	0.01953	0.01674	0.01116	0.01674	0.00949	0.01116	0.00670	0.00502	0.00502	0.00167	0.00781	0.00391	0.00223	0.00781
10	0.01079	0.00828	0.00922	0.00834	0.01057	0.00845	0.00656	0.20553	0.07715	0.02090	0.14189	0.11986	0.26618	0.01113	0.00607	0.00181	0.00382	0.07224	0.00518	0.00604
11	0.02068	0.01154	0.01361	0.01053	0.01447	0.01175	0.00866	0.38377	0.01985	0.35906	0.07631	0.01710	0.01398	0.00678	0.00537	0.00161	0.00498	0.00538	0.00588	0.00868
12	0.00663	0.00489	0.00618	0.00712	0.00777	0.00451	0.00498	0.00772	0.01057	0.01372	0.03322	0.57074	0.17626	0.04693	0.00749	0.00222	0.00323	0.07665	0.00484	0.00433

[dist]
# distance from previous block
# <min> <max>
0	1

[block]
# block no. 4 follows, 46 sequences, length 24
# corresponding to MSA columns:
# 616-639
name=unknown_E
#
# <colnr> <probs for GDERKNQSTAVLIFYWHMCP>
#	G	D	E	R	K	N	Q	S	T	A	V	L	I	F	Y	W	H	M	C	P
0	0.02058	0.01274	0.01444	0.01119	0.01523	0.01345	0.00919	0.51107	0.03700	0.25055	0.01575	0.03892	0.01113	0.00673	0.00534	0.00162	0.00532	0.00526	0.00564	0.00884
1	0.00985	0.00493	0.00493	0.00493	0.00616	0.00493	0.00370	0.01232	0.01109	0.01971	0.01725	0.01971	0.01355	0.00616	0.00370	0.00123	0.00246	0.00493	0.84356	0.00493
2	0.01413	0.81739	0.02770	0.00905	0.01357	0.02092	0.00905	0.01583	0.01074	0.01244	0.00735	0.00848	0.00678	0.00452	0.00339	0.00113	0.00565	0.00283	0.00226	0.00678
3	0.01946	0.02293	0.01496	0.01325	0.01622	0.63689	0.01009	0.13248	0.05525	0.01646	0.00953	0.01053	0.00761	0.00567	0.00488	0.00142	0.00870	0.00374	0.00324	0.00667
4	0.00656	0.00469	0.00627	0.00750	0.00786	0.00440	0.00512	0.00757	0.01024	0.01363	0.02907	0.76678	0.03470	0.01645	0.00678	0.00216	0.00317	0.05781	0.00491	0.00433
5	0.00852	0.00664	0.00810	0.00765	0.00961	0.00575	0.00554	0.04475	0.01117	0.01565	0.02314	0.48444	0.05788	0.01190	0.00575	0.00167	0.00345	0.01058	0.00436	0.27346
6	0.00996	0.00543	0.00571	0.00555	0.00688	0.00545	0.00418	0.04809	0.01204	0.02018	0.08466	0.06167	0.01763	0.00711	0.00415	0.00133	0.00266	0.00585	0.68637	0.00510
7	0.10590	0.63430	0.02384	0.00896	0.01330	0.01869	0.00862	0.04331	0.01142	0.07840	0.00866	0.00943	0.00727	0.00480	0.00361	0.00124	0.00539	0.00311	0.00283	0.00693
8	0.42306	0.15311	0.01260	0.00823	0.01176	0.01296	0.00699	0.05301	0.10031	0.11423	0.01321	0.01332	0.04672	0.00579	0.00403	0.00157	0.00444	0.00402	0.00391	0.00671
9	0.01186	0.01218	0.01327	0.01195	0.01274	0.15008	0.00947	0.01377	0.04760	0.01314	0.01148	0.09233	0.01151	0.04658	0.12298	0.00309	0.40173	0.00577	0.00290	0.00557
10	0.85155	0.01022	0.00777	0.00695	0.01022	0.01186	0.00573	0.01554	0.00900	0.02372	0.00736	0.00859	0.00573	0.00491	0.00327	0.00164	0.00409	0.00286	0.00327	0.00573
11	0.01025	0.00940	0.01568	0.66148	0.10973	0.01133	0.01413	0.01365	0.01079	0.01425	0.01039	0.01566	0.00821	0.00555	0.00527	0.00174	0.00669	0.02750	0.04225	0.00605
12	0.01132	0.04180	0.01098	0.00800	0.01190	0.00725	0.00638	0.01342	0.01119	0.07408	0.01363	0.12702	0.01283	0.00631	0.00452	0.00111	0.00394	0.03068	0.00367	0.59998
13	0.01096	0.00940	0.01096	0.00783	0.01253	0.00705	0.00626	0.01331	0.01096	0.01723	0.00940	0.01096	0.00783	0.00392	0.00392	0.00078	0.00392	0.00313	0.00313	0.84653
14	0.01852	0.02131	0.01404	0.01252	0.01532	0.58073	0.00952	0.11089	0.06625	0.01659	0.01037	0.01145	0.00826	0.00573	0.00478	0.00141	0.00813	0.00387	0.07377	0.00652
15	0.01176	0.00959	0.01113	0.00822	0.01270	0.00774	0.00656	0.01546	0.09360	0.05159	0.01122	0.01222	0.00896	0.00438	0.00414	0.00093	0.00397	0.00354	0.00353	0.71877
16	0.03051	0.00874	0.01234	0.25884	0.01939	0.00966	0.04770	0.08065	0.10808	0.01888	0.22292	0.09679	0.04702	0.00837	0.00572	0.00176	0.00486	0.00738	0.00429	0.00609
17	0.00692	0.00509	0.00647	0.00674	0.00770	0.00465	0.00482	0.00865	0.01273	0.01732	0.39364	0.33226	0.14678	0.01334	0.00643	0.00186	0.00274	0.01185	0.00535	0.00465
18	0.00905	0.01067	0.18740	0.00868	0.01163	0.00680	0.00845	0.01230	0.01395	0.06236	0.52224	0.03232	0.07445	0.00936	0.00590	0.00167	0.00384	0.00810	0.00499	0.00584
19	0.00862	0.00535	0.00611	0.00589	0.00733	0.00496	0.00446	0.01084	0.01287	0.04323	0.30443	0.03442	0.19255	0.00960	0.00530	0.00155	0.00263	0.02246	0.31244	0.00498
20	0.01479	0.28667	0.01984	0.01132	0.01487	0.01521	0.08658	0.20142	0.01424	0.07240	0.01186	0.05050	0.01017	0.03043	0.08123	0.00228	0.06063	0.00493	0.00357	0.00705
21	0.00786	0.00568	0.00727	0.00700	0.00829	0.00541	0.00522	0.01068	0.05045	0.03287	0.57000	0.12253	0.08276	0.01276	0.04545	0.00207	0.00326	0.00980	0.00551	0.00510
22	0.00963	0.00848	0.01396	0.04343	0.08908	0.00865	0.15255	0.03146	0.07001	0.01523	0.01859	0.29978	0.01944	0.05839	0.08937	0.03200	0.02148	0.00903	0.00375	0.00568
23	0.01209	0.03014	0.01283	0.04852	0.01428	0.02902	0.07417	0.16620	0.04132	0.04548	0.04509	0.08183	0.10313	0.03214	0.06184	0.00230	0.00575	0.11403	0.00430	0.07555

[dist]
# distance from previous block
# <min> <max>
1	6

[block]
# block no. 5 follows, 46 sequences, length 34
# corresponding to MSA columns:
# 647-659,673-693
name=unknown_F
#
# <colnr> <probs for GDERKNQSTAVLIFYWHMCP>
#	G	D	E	R	K	N	Q	S	T	A	V	L	I	F	Y	W	H	M	C	P
0	0.16208	0.01098	0.03388	0.02853	0.23014	0.04489	0.00971	0.08846	0.01292	0.08086	0.01694	0.05063	0.08626	0.00692	0.00495	0.00163	0.00499	0.03145	0.08692	0.00684
1	0.07023	0.00726	0.00824	0.00814	0.00983	0.00758	0.00609	0.01482	0.21462	0.04882	0.13044	0.27513	0.09056	0.03467	0.00657	0.00200	0.00354	0.05060	0.00506	0.00579
2	0.00927	0.00464	0.00662	0.00662	0.00679	0.00464	0.00447	0.00763	0.00746	0.01062	0.01028	0.01657	0.00978	0.01670	0.01835	0.73110	0.00430	0.00464	0.11688	0.00265
3	0.00785	0.00680	0.00959	0.19816	0.01532	0.00702	0.03347	0.01007	0.01219	0.01579	0.21656	0.07867	0.32197	0.01054	0.00639	0.00179	0.02936	0.00905	0.00436	0.00506
4	0.01264	0.14747	0.13177	0.07533	0.42283	0.01393	0.08999	0.01613	0.01165	0.01612	0.00949	0.01223	0.00775	0.00474	0.00500	0.00155	0.00671	0.00444	0.00249	0.00774
5	0.00809	0.00645	0.00942	0.00913	0.00989	0.00784	0.00714	0.00978	0.00847	0.01232	0.01374	0.04765	0.01328	0.05909	0.63115	0.00729	0.12571	0.00591	0.00284	0.00481
6	0.31027	0.00961	0.01083	0.00864	0.01246	0.00946	0.00714	0.04599	0.01332	0.49710	0.01592	0.01457	0.01041	0.00597	0.00461	0.00163	0.00440	0.00445	0.00537	0.00786
7	0.01155	0.01050	0.01543	0.63118	0.05066	0.05482	0.01358	0.01587	0.07738	0.05219	0.01096	0.01450	0.00816	0.00551	0.00527	0.00173	0.00679	0.00477	0.00285	0.00632
8	0.01342	0.01149	0.01211	0.01081	0.01385	0.01328	0.00843	0.05725	0.74207	0.02256	0.02117	0.01945	0.01585	0.00714	0.00538	0.00178	0.00425	0.00593	0.00538	0.00839
9	0.01060	0.02735	0.78682	0.01507	0.02288	0.01228	0.01953	0.01674	0.01116	0.01674	0.00949	0.01116	0.00670	0.00502	0.00502	0.00167	0.00781	0.00391	0.00223	0.00781
10	0.00711	0.00536	0.00660	0.00653	0.00784	0.00484	0.00491	0.00915	0.01360	0.01836	0.47548	0.11124	0.24519	0.01222	0.00634	0.00178	0.00272	0.05051	0.00544	0.00478
11	0.00742	0.00613	0.00851	0.00762	0.00938	0.00550	0.07099	0.00956	0.01334	0.01772	0.38583	0.08383	0.31949	0.01160	0.00629	0.00176	0.00319	0.02178	0.00514	0.00494
12	0.01083	0.05333	0.71944	0.01526	0.02283	0.01263	0.06017	0.01672	0.01122	0.01661	0.00948	0.01124	0.00677	0.00497	0.00503	0.00166	0.00780	0.00400	0.00226	0.00774
13	0.05130	0.01195	0.01599	0.49048	0.10579	0.08907	0.02407	0.08073	0.04972	0.01650	0.01014	0.01345	0.00773	0.00540	0.00515	0.00168	0.00686	0.00458	0.00287	0.00656
14	0.01671	0.01200	0.01275	0.01027	0.01362	0.01325	0.00832	0.48307	0.12767	0.02854	0.01501	0.01534	0.01107	0.00642	0.00493	0.00153	0.00480	0.00497	0.20178	0.00795
15	0.01849	0.01332	0.01614	0.08194	0.04051	0.01443	0.05110	0.53459	0.02113	0.10595	0.01444	0.01476	0.03551	0.00636	0.00537	0.00162	0.00587	0.00511	0.00493	0.00844
16	0.01894	0.02304	0.01532	0.01359	0.01650	0.65576	0.03576	0.06196	0.08172	0.01499	0.00967	0.01076	0.00779	0.00561	0.00490	0.00143	0.00884	0.00380	0.00309	0.00651
17	0.01096	0.00940	0.01096	0.00783	0.01253	0.00705	0.00626	0.01331	0.01096	0.01723	0.00940	0.01096	0.00783	0.00392	0.00392	0.00078	0.00392	0.00313	0.00313	0.84653
18	0.24649	0.01282	0.01932	0.01455	0.01866	0.03924	0.33372	0.14370	0.01350	0.02146	0.01057	0.01313	0.00813	0.02704	0.00562	0.00175	0.00659	0.00492	0.05202	0.00679
19	0.00768	0.00517	0.00597	0.00597	0.00604	0.00524	0.00346	0.00782	0.00775	0.01040	0.01647	0.03355	0.01877	0.75576	0.08474	0.00538	0.00581	0.00754	0.00318	0.00332
20	0.00887	0.00646	0.00780	0.00806	0.00913	0.00646	0.00572	0.14090	0.01278	0.01697	0.02737	0.60792	0.07338	0.03272	0.00692	0.00209	0.00358	0.01282	0.00494	0.00511
21	0.01297	0.00981	0.01110	0.01169	0.11573	0.02960	0.00788	0.12146	0.24767	0.02183	0.01672	0.01759	0.01285	0.00628	0.00467	0.00150	0.00415	0.00516	0.33429	0.00705
22	0.01315	0.01136	0.01195	0.01076	0.01375	0.01315	0.00837	0.02809	0.77168	0.02211	0.02152	0.01972	0.01614	0.00717	0.00538	0.00179	0.00418	0.00598	0.00538	0.00837
23	0.00718	0.00550	0.00667	0.00680	0.00822	0.00498	0.00533	0.00916	0.01310	0.01716	0.31968	0.07481	0.32748	0.01278	0.00647	0.00188	0.00307	0.15976	0.00524	0.00474
24	0.01422	0.01089	0.01288	0.17548	0.01797	0.03446	0.00951	0.31355	0.05760	0.04538	0.05299	0.12571	0.01566	0.00808	0.00552	0.00172	0.00530	0.03632	0.04975	0.00700
25	0.00769	0.00513	0.00577	0.00577	0.00577	0.00513	0.00320	0.00769	0.00769	0.01025	0.01666	0.03460	0.01922	0.81421	0.02691	0.00513	0.00513	0.00769	0.00320	0.00320
26	0.01074	0.01050	0.01877	0.59022	0.13263	0.01208	0.12100	0.01435	0.01103	0.01449	0.00965	0.01399	0.00736	0.00509	0.00541	0.00174	0.00721	0.00492	0.00243	0.00638
27	0.03236	0.01060	0.01478	0.17621	0.01964	0.01091	0.06161	0.15225	0.06923	0.35951	0.02816	0.01629	0.01143	0.00619	0.00535	0.00168	0.00551	0.00523	0.00503	0.00805
28	0.04336	0.01399	0.01487	0.01151	0.01550	0.01546	0.00948	0.68961	0.02344	0.03209	0.01286	0.01306	0.00921	0.00629	0.00512	0.00156	0.00553	0.00472	0.06372	0.00861
29	0.01549	0.70260	0.02551	0.00910	0.01356	0.01905	0.00886	0.01724	0.01136	0.12212	0.00927	0.00983	0.00768	0.00481	0.00367	0.00120	0.00549	0.00318	0.00287	0.00710
30	0.85155	0.01022	0.00777	0.00695	0.01022	0.01186	0.00573	0.01554	0.00900	0.02372	0.00736	0.00859	0.00573	0.00491	0.00327	0.00164	0.00409	0.00286	0.00327	0.00573
31	0.00676	0.00479	0.00599	0.00681	0.00713	0.00453	0.00440	0.00746	0.00960	0.01268	0.02734	0.55707	0.07721	0.22834	0.01207	0.00292	0.00359	0.01284	0.00445	0.00401
32	0.05010	0.01548	0.01361	0.01164	0.01483	0.20467	0.00917	0.22986	0.29109	0.04266	0.01470	0.01454	0.01105	0.00646	0.00544	0.00162	0.02948	0.00481	0.02104	0.00776
33	0.16297	0.01078	0.01308	0.05838	0.04615	0.01121	0.03432	0.11943	0.15620	0.27731	0.01563	0.01515	0.01091	0.00603	0.00494	0.00163	0.00489	0.00482	0.00491	0.04124

[dist]
# distance from previous block
# <min> <max>
0	1

[block]
# block no. 6 follows, 46 sequences, length 46
# corresponding to MSA columns:
# 695-729,738-748
name=unknown_G
#
# <colnr> <probs for GDERKNQSTAVLIFYWHMCP>
#	G	D	E	R	K	N	Q	S	T	A	V	L	I	F	Y	W	H	M	C	P
0	0.01399	0.35138	0.27259	0.01361	0.08453	0.05871	0.01322	0.08565	0.01264	0.03565	0.00915	0.01044	0.00726	0.00497	0.00438	0.00141	0.00661	0.00362	0.00270	0.00748
1	0.01603	0.01128	0.01244	0.01050	0.01381	0.01240	0.00835	0.18766	0.43100	0.14701	0.05146	0.01874	0.01543	0.00701	0.00533	0.00170	0.00447	0.00572	0.03129	0.00836
2	0.01048	0.00955	0.01544	0.24682	0.21780	0.01003	0.06049	0.01399	0.05280	0.01589	0.04147	0.13684	0.01529	0.00760	0.00562	0.00174	0.00567	0.05766	0.00334	0.07148
3	0.00692	0.00534	0.00634	0.00650	0.00773	0.00484	0.00472	0.00893	0.03427	0.01665	0.29309	0.25316	0.30589	0.01320	0.00635	0.00184	0.00276	0.01152	0.00523	0.00471
4	0.01090	0.01007	0.01652	0.66761	0.12332	0.01210	0.01461	0.05473	0.01152	0.01503	0.00964	0.01390	0.00731	0.00528	0.00528	0.00173	0.00689	0.00470	0.00254	0.00634
5	0.00707	0.00522	0.00568	0.00570	0.00649	0.00483	0.00367	0.00776	0.00990	0.01255	0.07328	0.06402	0.32468	0.42745	0.01695	0.00352	0.00394	0.00939	0.00408	0.00384
6	0.01242	0.01035	0.01120	0.01001	0.01272	0.01169	0.00778	0.06860	0.57313	0.02260	0.17472	0.02332	0.02256	0.00786	0.00555	0.00175	0.00394	0.00663	0.00546	0.00772
7	0.01538	0.00715	0.00960	0.00799	0.01062	0.00634	0.00634	0.01765	0.01505	0.39254	0.41007	0.02904	0.03199	0.00873	0.00579	0.00165	0.00347	0.00750	0.00617	0.00694
8	0.00788	0.00599	0.00847	0.00829	0.00896	0.00700	0.00623	0.00930	0.00829	0.01186	0.01417	0.02314	0.01407	0.20848	0.56609	0.00729	0.07112	0.00603	0.00288	0.00446
9	0.01437	0.78378	0.02716	0.00924	0.01369	0.05367	0.00910	0.01605	0.01092	0.01246	0.00738	0.00853	0.00679	0.00456	0.00345	0.00114	0.00582	0.00285	0.00228	0.00676
10	0.00753	0.00545	0.00714	0.00684	0.00810	0.00506	0.00522	0.01000	0.01472	0.02070	0.71253	0.04111	0.06180	0.01112	0.00631	0.00172	0.00266	0.06128	0.00574	0.00497
11	0.01071	0.01019	0.01743	0.61755	0.19616	0.01196	0.03303	0.01417	0.01093	0.01440	0.00955	0.01388	0.00736	0.00514	0.00530	0.00172	0.00693	0.00474	0.00241	0.00644
12	0.01060	0.02735	0.78682	0.01507	0.02288	0.01228	0.01953	0.01674	0.01116	0.01674	0.00949	0.01116	0.00670	0.00502	0.00502	0.00167	0.00781	0.00391	0.00223	0.00781
13	0.01091	0.01023	0.01668	0.49489	0.22676	0.01189	0.01419	0.01492	0.06162	0.01504	0.01104	0.04517	0.00908	0.00582	0.00569	0.00175	0.02978	0.00519	0.00272	0.00663
14	0.00761	0.00546	0.00718	0.00706	0.00821	0.00513	0.00539	0.00991	0.01402	0.01960	0.60724	0.06513	0.04498	0.05533	0.00753	0.00198	0.00299	0.11487	0.00551	0.00485
15	0.01902	0.01427	0.01526	0.01195	0.01598	0.01589	0.00979	0.64924	0.14098	0.03158	0.01406	0.01379	0.01010	0.00647	0.00530	0.00162	0.00556	0.00495	0.00530	0.00889
16	0.01137	0.01522	0.17813	0.01702	0.02110	0.01275	0.34364	0.03257	0.01129	0.01598	0.01187	0.10684	0.01072	0.00707	0.00841	0.00191	0.17817	0.00642	0.00283	0.00669
17	0.01315	0.01136	0.01195	0.01076	0.01375	0.01315	0.00837	0.02809	0.77168	0.02211	0.02152	0.01972	0.01614	0.00717	0.00538	0.00179	0.00418	0.00598	0.00538	0.00837
18	0.02194	0.00977	0.01252	0.00976	0.01369	0.00909	0.00807	0.15185	0.01659	0.60055	0.02078	0.01976	0.03767	0.00704	0.00542	0.00166	0.00468	0.03425	0.00621	0.00869
19	0.00928	0.00743	0.00855	0.00797	0.00984	0.00774	0.00606	0.01591	0.27669	0.02053	0.41495	0.06095	0.11298	0.01002	0.00596	0.00174	0.00312	0.00868	0.00554	0.00608
20	0.01056	0.00897	0.01053	0.00779	0.01209	0.00680	0.00614	0.01278	0.01089	0.01689	0.01116	0.08260	0.01026	0.00505	0.00417	0.00091	0.00384	0.00420	0.00329	0.77108
21	0.00686	0.00529	0.00638	0.00707	0.00824	0.00480	0.00540	0.00834	0.01146	0.01441	0.03950	0.29619	0.35818	0.01470	0.00667	0.00206	0.00334	0.19171	0.00490	0.00451
22	0.80599	0.01016	0.00802	0.00709	0.01040	0.01163	0.00584	0.01610	0.00933	0.06561	0.00810	0.00911	0.00613	0.00500	0.00338	0.00164	0.00411	0.00300	0.00345	0.00591
23	0.01458	0.01128	0.01246	0.01042	0.01276	0.04413	0.00819	0.36942	0.02938	0.02204	0.01287	0.01766	0.01122	0.14403	0.14032	0.04811	0.07521	0.00533	0.00403	0.00659
24	0.02087	0.00976	0.01229	0.00978	0.01358	0.00935	0.00796	0.07440	0.16942	0.55879	0.04195	0.01861	0.01448	0.00678	0.00535	0.00167	0.00446	0.00553	0.00620	0.00875
25	0.01136	0.01432	0.26750	0.01010	0.01420	0.00937	0.01050	0.13646	0.01408	0.04982	0.11987	0.02312	0.13371	0.00893	0.03760	0.00189	0.00539	0.00618	0.11895	0.00664
26	0.00736	0.00539	0.00696	0.00697	0.00815	0.00498	0.00530	0.00955	0.01378	0.01897	0.53011	0.13281	0.11931	0.01218	0.00642	0.00182	0.00286	0.09674	0.00551	0.00484
27	0.01425	0.01015	0.01459	0.01242	0.04184	0.01029	0.13665	0.06022	0.24610	0.18296	0.05434	0.12513	0.03687	0.02156	0.00611	0.00184	0.00497	0.00730	0.00497	0.00744
28	0.00666	0.00469	0.00607	0.00708	0.00734	0.00444	0.00461	0.00742	0.00970	0.01293	0.02697	0.67618	0.03223	0.15487	0.01024	0.00266	0.00342	0.01376	0.00461	0.00410
29	0.33248	0.01414	0.01254	0.01026	0.01390	0.10582	0.00834	0.38266	0.01751	0.02709	0.01023	0.01089	0.00758	0.00570	0.00444	0.00157	0.00555	0.00389	0.01806	0.00736
30	0.01596	0.00968	0.03827	0.00938	0.01258	0.00914	0.00773	0.07101	0.20994	0.30815	0.21182	0.02373	0.03338	0.00781	0.00557	0.00168	0.00409	0.00655	0.00580	0.00772
31	0.00651	0.00531	0.00575	0.00575	0.00733	0.00456	0.00427	0.00806	0.01251	0.01563	0.19905	0.09925	0.58145	0.01308	0.00628	0.00178	0.00267	0.01109	0.00509	0.00456
32	0.01280	0.01404	0.03018	0.02163	0.02689	0.01321	0.72208	0.01746	0.03237	0.03772	0.01125	0.01450	0.00837	0.00458	0.00619	0.00178	0.00867	0.00621	0.00285	0.00721
33	0.01295	0.55339	0.28137	0.01106	0.01668	0.01803	0.01255	0.01613	0.01088	0.01388	0.00806	0.00938	0.00676	0.00469	0.00394	0.00131	0.00638	0.00319	0.00225	0.00713
34	0.01805	0.01148	0.01265	0.01055	0.01407	0.04360	0.00843	0.11368	0.37969	0.29820	0.01969	0.01785	0.01381	0.00678	0.00532	0.00169	0.00471	0.00549	0.00568	0.00858
35	0.01452	0.05627	0.01732	0.01250	0.01680	0.01251	0.16127	0.17709	0.18929	0.05966	0.01360	0.01423	0.01023	0.00545	0.00506	0.00145	0.00552	0.00485	0.00413	0.21824
36	0.00998	0.00925	0.01550	0.77556	0.03543	0.01152	0.01432	0.01347	0.01059	0.01371	0.00965	0.01428	0.00726	0.00531	0.00523	0.00174	0.00690	0.00471	0.02975	0.00584
37	0.00661	0.00467	0.00609	0.00715	0.00742	0.00440	0.00468	0.00740	0.00980	0.01307	0.02748	0.70795	0.03288	0.12222	0.00942	0.00254	0.00334	0.01406	0.00468	0.00415
38	0.00998	0.00940	0.01586	0.80150	0.03641	0.01175	0.01468	0.01351	0.01057	0.01351	0.00940	0.01409	0.00705	0.00529	0.00529	0.00176	0.00705	0.00470	0.00235	0.00587
39	0.00652	0.00529	0.00579	0.00583	0.00735	0.00455	0.00431	0.00805	0.01244	0.01560	0.19818	0.12939	0.55184	0.01320	0.00630	0.00180	0.00268	0.01124	0.00509	0.00455
40	0.01387	0.00951	0.01140	0.00830	0.01286	0.00752	0.00670	0.04224	0.01230	0.17370	0.01184	0.01245	0.00894	0.00453	0.00425	0.00098	0.00410	0.00363	0.00390	0.64696
41	0.00647	0.00465	0.00615	0.00728	0.00766	0.00432	0.00489	0.00746	0.01034	0.01378	0.05589	0.76363	0.05533	0.01628	0.00672	0.00212	0.00304	0.01474	0.00494	0.00432
42	0.03339	0.00979	0.01552	0.16401	0.26083	0.01023	0.06707	0.05069	0.03149	0.01731	0.05796	0.09193	0.05286	0.00774	0.00565	0.00177	0.00555	0.07681	0.03279	0.00659
43	0.07397	0.01330	0.01413	0.01130	0.01515	0.01479	0.00920	0.48475	0.21451	0.07118	0.01505	0.01451	0.01083	0.00647	0.00518	0.00165	0.00521	0.00498	0.00525	0.00861
44	0.01447	0.01102	0.01442	0.25074	0.02121	0.08932	0.06976	0.03059	0.03744	0.19562	0.03276	0.05953	0.02782	0.00635	0.00526	0.00158	0.00591	0.00549	0.00393	0.11678
45	0.01414	0.06554	0.14989	0.10398	0.19262	0.07372	0.05590	0.10665	0.05829	0.06122	0.02462	0.01339	0.00917	0.00561	0.00569	0.00163	0.04244	0.00464	0.00326	0.00759

[dist]
# distance from previous block
# <min> <max>
0	3

[block]
# block no. 7 follows, 46 sequences, length 11
# corresponding to MSA columns:
# 761-771
name=unknown_H
#
# <colnr> <probs for GDERKNQSTAVLIFYWHMCP>
#	G	D	E	R	K	N	Q	S	T	A	V	L	I	F	Y	W	H	M	C	P
0	0.28909	0.01269	0.04606	0.03930	0.07486	0.06955	0.00894	0.04975	0.28141	0.04129	0.01428	0.01450	0.02516	0.00602	0.00462	0.00167	0.00502	0.00456	0.00405	0.00719
1	0.01381	0.05408	0.14356	0.01185	0.01568	0.13611	0.01057	0.02451	0.48886	0.01931	0.01673	0.01615	0.01264	0.00641	0.00513	0.00167	0.00571	0.00508	0.00429	0.00785
2	0.03828	0.00660	0.00809	0.00710	0.00917	0.00618	0.00553	0.04040	0.01433	0.19081	0.38661	0.03013	0.07644	0.00889	0.00548	0.00159	0.00311	0.00755	0.14771	0.00600
3	0.85155	0.01022	0.00777	0.00695	0.01022	0.01186	0.00573	0.01554	0.00900	0.02372	0.00736	0.00859	0.00573	0.00491	0.00327	0.00164	0.00409	0.00286	0.00327	0.00573
4	0.00769	0.00513	0.00577	0.00577	0.00577	0.00513	0.00320	0.00769	0.00769	0.01025	0.01666	0.03460	0.01922	0.81421	0.02691	0.00513	0.00513	0.00769	0.00320	0.00320
5	0.00685	0.00546	0.00667	0.00702	0.00794	0.00527	0.00507	0.00812	0.01123	0.01461	0.12212	0.39254	0.30249	0.01425	0.00726	0.00197	0.05949	0.01227	0.00483	0.00454
6	0.01459	0.01361	0.01266	0.01127	0.01431	0.12696	0.00875	0.07737	0.61040	0.02154	0.01897	0.01776	0.01429	0.00686	0.00528	0.00172	0.00507	0.00552	0.00499	0.00808
7	0.00667	0.00531	0.00600	0.00613	0.00759	0.00465	0.00459	0.00827	0.01246	0.01579	0.20834	0.14258	0.48519	0.01328	0.00637	0.00184	0.00281	0.05243	0.00511	0.00458
8	0.01798	0.01416	0.01280	0.01088	0.01388	0.22880	0.00857	0.10444	0.12421	0.23656	0.07022	0.01759	0.03859	0.00696	0.00585	0.00161	0.04769	0.00526	0.02657	0.00740
9	0.11060	0.00999	0.01144	0.06525	0.01400	0.01073	0.00793	0.19396	0.14375	0.13719	0.21549	0.02132	0.02102	0.00745	0.00533	0.00167	0.00436	0.00609	0.00519	0.00724
10	0.00900	0.00470	0.00655	0.00655	0.00665	0.00470	0.00430	0.00745	0.00735	0.01020	0.01102	0.01930	0.01112	0.14331	0.02028	0.64482	0.00450	0.00511	0.07043	0.00265

[dist]
# distance from previous block
# <min> <max>
5	50

[block]
# block no. 8 follows, 46 sequences, length 18
# corresponding to MSA columns:
# 841,842,844-859
name=unknown_I
#
# <colnr> <probs for GDERKNQSTAVLIFYWHMCP>
#	G	D	E	R	K	N	Q	S	T	A	V	L	I	F	Y	W	H	M	C	P
0	0.17444	0.01473	0.01193	0.01014	0.01326	0.23989	0.00801	0.20018	0.01567	0.11161	0.01205	0.01274	0.00895	0.00581	0.00451	0.00148	0.00589	0.00410	0.13772	0.00690
1	0.01396	0.01555	0.01584	0.01380	0.01460	0.24343	0.01117	0.01518	0.01011	0.01279	0.00730	0.01097	0.00690	0.00814	0.01367	0.00203	0.57197	0.00427	0.00243	0.00588
2	0.01400	0.00928	0.01481	0.56978	0.02971	0.01058	0.01266	0.01709	0.01190	0.23917	0.01275	0.01524	0.00881	0.00565	0.00529	0.00172	0.00630	0.00488	0.00358	0.00679
3	0.01071	0.01082	0.02034	0.57355	0.03384	0.01222	0.23331	0.01451	0.01113	0.01451	0.00978	0.01414	0.00733	0.00504	0.00556	0.00177	0.00759	0.00515	0.00244	0.00624
4	0.26245	0.01303	0.01300	0.01046	0.01425	0.01466	0.00857	0.45164	0.11478	0.02909	0.01225	0.01238	0.00894	0.00603	0.00471	0.00163	0.00511	0.00436	0.00471	0.00796
5	0.01471	0.01442	0.02671	0.01932	0.02434	0.01425	0.54205	0.23536	0.01610	0.02173	0.01128	0.01380	0.00830	0.00501	0.00596	0.00173	0.00801	0.00581	0.00344	0.00767
6	0.01641	0.01206	0.01329	0.01055	0.01391	0.01306	0.00857	0.54314	0.02196	0.02977	0.23670	0.02053	0.02095	0.00765	0.00557	0.00161	0.00485	0.00616	0.00544	0.00782
7	0.00644	0.00460	0.00613	0.00736	0.00767	0.00429	0.00491	0.00736	0.01012	0.01350	0.02914	0.81076	0.03497	0.01656	0.00675	0.00215	0.00307	0.01503	0.00491	0.00429
