[name]
unknown

[dist]
# distance from previous block
# <min> <max>
0	28

[block]
# block no. 0 follows, 60 sequences, length 15
# corresponding to MSA columns:
# 28-31,36-46
name=unknown_A
#
# <colnr> <probs for GDERKNQSTAVLIFYWHMCP>
#	G	D	E	R	K	N	Q	S	T	A	V	L	I	F	Y	W	H	M	C	P
0	0.00866	0.03905	0.04897	0.03114	0.05861	0.11278	0.02543	0.03009	0.02946	0.03271	0.15317	0.20170	0.13790	0.00869	0.00488	0.00147	0.00394	0.06310	0.00359	0.00467
1	0.04466	0.55081	0.01897	0.00846	0.01184	0.17285	0.00766	0.11646	0.01099	0.01291	0.00677	0.00762	0.00581	0.00408	0.00322	0.00103	0.00525	0.00263	0.00229	0.00570
2	0.00549	0.00396	0.00521	0.00592	0.00635	0.00372	0.00405	0.00648	0.00894	0.01205	0.14723	0.63987	0.06111	0.03178	0.03420	0.00193	0.00280	0.01117	0.00408	0.00363
3	0.11909	0.00516	0.00693	0.00684	0.00787	0.00601	0.00536	0.00844	0.00706	0.01135	0.01096	0.01583	0.01010	0.02900	0.72235	0.00628	0.01061	0.00437	0.00238	0.00400
4	0.13901	0.05400	0.37868	0.01011	0.03455	0.03904	0.02335	0.01417	0.00953	0.11399	0.02772	0.01005	0.00708	0.00426	0.00382	0.00125	0.00509	0.00326	0.00260	0.11846
5	0.00559	0.00450	0.02132	0.00572	0.00656	0.00388	0.00419	0.00677	0.00948	0.01247	0.16886	0.43392	0.22521	0.03450	0.00583	0.00169	0.00255	0.03915	0.00410	0.00373
6	0.00550	0.00403	0.00490	0.00546	0.00596	0.00372	0.00364	0.00625	0.00848	0.01105	0.05932	0.49414	0.19212	0.16434	0.00849	0.00214	0.00275	0.01044	0.00382	0.00343
7	0.48476	0.10956	0.15725	0.11504	0.01380	0.01074	0.02822	0.01284	0.00815	0.01621	0.00668	0.00816	0.00516	0.00406	0.00325	0.00132	0.00450	0.00278	0.00234	0.00518
8	0.00797	0.00512	0.00613	0.00562	0.00718	0.00461	0.00429	0.04219	0.01152	0.12409	0.32904	0.08972	0.32704	0.00942	0.00504	0.00143	0.00249	0.00806	0.00453	0.00450
9	0.01012	0.12714	0.27867	0.14362	0.01733	0.02222	0.06248	0.08586	0.06434	0.03173	0.04299	0.04404	0.00890	0.00488	0.00417	0.00132	0.00532	0.00406	0.00261	0.03820
10	0.00881	0.01835	0.01010	0.13164	0.02405	0.02903	0.05494	0.09641	0.02011	0.02633	0.02020	0.08632	0.24463	0.02532	0.00574	0.00144	0.07115	0.00604	0.00319	0.11619
11	0.02922	0.06812	0.13305	0.11697	0.01556	0.04631	0.03853	0.10386	0.35161	0.03331	0.01235	0.01262	0.00922	0.00504	0.00423	0.00139	0.00477	0.00411	0.00336	0.00639
12	0.01715	0.00822	0.01089	0.11540	0.01386	0.00802	0.00741	0.15771	0.01341	0.55175	0.04015	0.01422	0.01052	0.00535	0.00440	0.00136	0.00412	0.00435	0.00475	0.00698
13	0.01164	0.11276	0.06023	0.00902	0.01207	0.01124	0.03487	0.22411	0.29787	0.01904	0.11671	0.01489	0.01349	0.00558	0.00427	0.00132	0.00408	0.00455	0.00385	0.03842
14	0.00857	0.02276	0.23578	0.00893	0.01198	0.00742	0.05620	0.02455	0.11367	0.06424	0.13410	0.17071	0.09203	0.00767	0.00478	0.00148	0.00410	0.02214	0.00354	0.00536

[dist]
# distance from previous block
# <min> <max>
0	25

[block]
# block no. 1 follows, 60 sequences, length 84
# corresponding to MSA columns:
# 72-155
name=unknown_B
#
# <colnr> <probs for GDERKNQSTAVLIFYWHMCP>
#	G	D	E	R	K	N	Q	S	T	A	V	L	I	F	Y	W	H	M	C	P
0	0.03048	0.02491	0.01514	0.04058	0.10883	0.09747	0.15643	0.21123	0.07806	0.12626	0.01054	0.01138	0.00774	0.00471	0.00463	0.00133	0.02723	0.00407	0.00335	0.03562
1	0.00937	0.16324	0.61739	0.02802	0.04439	0.01138	0.02796	0.01377	0.02197	0.01324	0.00771	0.00909	0.00573	0.00409	0.00395	0.00131	0.00605	0.00317	0.00191	0.00628
2	0.00526	0.00440	0.00458	0.00457	0.00597	0.00372	0.00341	0.00645	0.01013	0.01232	0.11936	0.06480	0.71826	0.01091	0.00517	0.00147	0.00220	0.00917	0.00412	0.00372
3	0.01016	0.00975	0.01673	0.22326	0.61297	0.01021	0.02772	0.01285	0.00964	0.01349	0.00811	0.01101	0.00664	0.00400	0.00434	0.00134	0.00538	0.00391	0.00211	0.00639
4	0.01064	0.01006	0.01630	0.07587	0.65491	0.01039	0.01239	0.01463	0.12319	0.01462	0.00952	0.01162	0.00774	0.00420	0.00434	0.00133	0.00498	0.00403	0.00247	0.00678
5	0.04479	0.00764	0.01013	0.00779	0.01115	0.00678	0.00643	0.05126	0.01264	0.76813	0.01662	0.01445	0.01049	0.00535	0.00434	0.00135	0.00374	0.00431	0.00528	0.00734
6	0.00623	0.00467	0.00701	0.00701	0.00779	0.00545	0.00545	0.00779	0.00701	0.01012	0.01168	0.01713	0.01090	0.03271	0.82944	0.00701	0.01168	0.00467	0.00234	0.00389
7	0.00824	0.00775	0.01308	0.83624	0.03004	0.00969	0.01211	0.01114	0.00872	0.01114	0.00775	0.01163	0.00581	0.00436	0.00436	0.00145	0.00581	0.00388	0.00194	0.00484
8	0.01074	0.01037	0.01787	0.03832	0.78441	0.01037	0.03677	0.01337	0.00992	0.01420	0.00822	0.01084	0.00688	0.00389	0.00434	0.00130	0.00525	0.00392	0.00216	0.00685
9	0.01067	0.01024	0.01746	0.06497	0.75347	0.01035	0.02581	0.01348	0.02537	0.01417	0.00838	0.01096	0.00698	0.00394	0.00434	0.00131	0.00521	0.00393	0.00219	0.00679
10	0.01957	0.00742	0.01012	0.00776	0.01113	0.00641	0.00641	0.02126	0.01248	0.82254	0.01721	0.01484	0.01080	0.00540	0.00439	0.00135	0.00371	0.00439	0.00540	0.00742
11	0.00531	0.00380	0.00506	0.00607	0.00633	0.00354	0.00405	0.00607	0.00835	0.01113	0.02404	0.84388	0.02885	0.01366	0.00557	0.00177	0.00253	0.01240	0.00405	0.00354
12	0.01174	0.03861	0.12750	0.01541	0.19658	0.02479	0.17524	0.17340	0.12068	0.02963	0.01027	0.01152	0.00776	0.00449	0.00440	0.00135	0.00540	0.00415	0.03050	0.00658
13	0.00799	0.00405	0.00412	0.00417	0.00514	0.00404	0.00310	0.00996	0.00911	0.01600	0.01472	0.05800	0.01207	0.00551	0.00318	0.00105	0.00206	0.00449	0.82722	0.00404
14	0.00954	0.00954	0.01336	0.01145	0.01145	0.01336	0.00954	0.01050	0.00668	0.01050	0.00573	0.00954	0.00573	0.00763	0.01431	0.00191	0.83874	0.00382	0.00191	0.00477
15	0.00904	0.00775	0.00904	0.00646	0.01034	0.00581	0.00517	0.01098	0.00904	0.01421	0.00775	0.00904	0.00646	0.00323	0.00323	0.00065	0.00323	0.00258	0.00258	0.87339
16	0.01166	0.84935	0.02285	0.00746	0.01119	0.01726	0.00746	0.01306	0.00886	0.01026	0.00606	0.00700	0.00560	0.00373	0.00280	0.00093	0.00466	0.00233	0.00187	0.00560
17	0.01079	0.01036	0.01770	0.02677	0.81952	0.01036	0.01339	0.01339	0.00993	0.01425	0.00820	0.01079	0.00691	0.00389	0.00432	0.00130	0.00518	0.00389	0.00216	0.00691
18	0.01629	0.02079	0.01236	0.01124	0.01348	0.82921	0.00843	0.01742	0.01236	0.01067	0.00674	0.00787	0.00562	0.00449	0.00393	0.00112	0.00787	0.00281	0.00225	0.00506
19	0.00904	0.00775	0.00904	0.00646	0.01034	0.00581	0.00517	0.01098	0.00904	0.01421	0.00775	0.00904	0.00646	0.00323	0.00323	0.00065	0.00323	0.00258	0.00258	0.87339
20	0.01214	0.73797	0.03662	0.00799	0.01160	0.11112	0.00774	0.01358	0.00927	0.01038	0.00617	0.00714	0.00560	0.00383	0.00295	0.00096	0.00507	0.00240	0.00191	0.00555
21	0.01544	0.17329	0.01429	0.01054	0.01306	0.67977	0.00825	0.01661	0.01172	0.01060	0.00662	0.00771	0.00561	0.00435	0.00372	0.00109	0.00728	0.00272	0.00218	0.00516
22	0.00920	0.00763	0.00892	0.00643	0.01021	0.00576	0.00514	0.01111	0.00917	0.03635	0.00922	0.01029	0.03337	0.00355	0.00333	0.00069	0.00321	0.00285	0.00271	0.82086
23	0.01139	0.03260	0.05499	0.08584	0.48723	0.12769	0.05294	0.03630	0.01031	0.01358	0.00788	0.01026	0.00649	0.00420	0.00468	0.00131	0.04007	0.00373	0.00219	0.00630
24	0.01957	0.00742	0.01012	0.00776	0.01113	0.00641	0.00641	0.02126	0.01248	0.82254	0.01721	0.01484	0.01080	0.00540	0.00439	0.00135	0.00371	0.00439	0.00540	0.00742
25	0.05791	0.00828	0.00999	0.00787	0.01103	0.04792	0.00643	0.05450	0.03895	0.64785	0.05154	0.01479	0.01155	0.00546	0.00432	0.00134	0.00387	0.00437	0.00501	0.00702
26	0.02303	0.01824	0.55781	0.02847	0.13737	0.01001	0.02444	0.04047	0.04278	0.04104	0.00910	0.03192	0.00691	0.00450	0.00423	0.00138	0.00584	0.00372	0.00227	0.00646
27	0.00731	0.00775	0.11173	0.07047	0.06590	0.00629	0.02212	0.03228	0.06726	0.02122	0.01849	0.51124	0.02034	0.01002	0.00507	0.00162	0.00369	0.00902	0.00350	0.00468
28	0.00634	0.00423	0.00476	0.00476	0.00476	0.00423	0.00264	0.00634	0.00634	0.00846	0.01374	0.02854	0.01586	0.84672	0.02220	0.00423	0.00423	0.00634	0.00264	0.00264
29	0.00898	0.00891	0.01364	0.04909	0.01291	0.01150	0.10371	0.01035	0.00755	0.01120	0.02993	0.10967	0.00953	0.00776	0.01148	0.00180	0.57985	0.00511	0.00228	0.00474
30	0.00979	0.04476	0.38194	0.05256	0.08682	0.02123	0.28019	0.01407	0.03173	0.02298	0.00850	0.01048	0.00630	0.00403	0.00447	0.00139	0.00646	0.00398	0.00211	0.00620
31	0.00531	0.00380	0.00506	0.00607	0.00633	0.00354	0.00405	0.00607	0.00835	0.01113	0.02404	0.84388	0.02885	0.01366	0.00557	0.00177	0.00253	0.01240	0.00405	0.00354
32	0.01541	0.01150	0.01289	0.01006	0.01338	0.01266	0.03867	0.62351	0.13552	0.04938	0.01189	0.02482	0.00869	0.00541	0.00442	0.00135	0.00463	0.00427	0.00432	0.00722
33	0.01035	0.07445	0.01685	0.22706	0.37904	0.05363	0.09196	0.02648	0.00996	0.01326	0.04122	0.01154	0.00784	0.00427	0.00441	0.00133	0.01416	0.00400	0.00223	0.00596
34	0.01467	0.00636	0.00841	0.00681	0.00941	0.00554	0.00549	0.01636	0.01212	0.53527	0.20144	0.02238	0.12257	0.00693	0.00466	0.00137	0.00314	0.00580	0.00509	0.00619
35	0.00531	0.00382	0.00503	0.00600	0.00631	0.00355	0.00402	0.00608	0.00842	0.01116	0.02487	0.81087	0.06132	0.01356	0.00555	0.00176	0.00252	0.01227	0.00405	0.00355
36	0.02514	0.02128	0.75134	0.01233	0.03330	0.00993	0.01535	0.01418	0.00936	0.05645	0.00830	0.00950	0.00581	0.00420	0.00413	0.00138	0.00622	0.00328	0.00205	0.00647
37	0.00533	0.00439	0.00469	0.00469	0.00602	0.00374	0.00349	0.00657	0.01023	0.01267	0.16839	0.08920	0.64378	0.01086	0.00518	0.00147	0.00220	0.00919	0.00417	0.00374
38	0.00531	0.00380	0.00506	0.00607	0.00633	0.00354	0.00405	0.00607	0.00835	0.01113	0.02404	0.84388	0.02885	0.01366	0.00557	0.00177	0.00253	0.01240	0.00405	0.00354
39	0.00897	0.00747	0.00803	0.00751	0.00942	0.00820	0.00574	0.04068	0.47960	0.01621	0.04609	0.13935	0.16334	0.00809	0.00474	0.00151	0.00308	0.01704	0.01926	0.00569
40	0.04730	0.81474	0.02218	0.00739	0.01108	0.01695	0.00735	0.01305	0.00880	0.01064	0.00606	0.00700	0.00556	0.00374	0.00279	0.00095	0.00461	0.00233	0.00190	0.00556
41	0.01126	0.06783	0.31507	0.01200	0.11523	0.02248	0.02530	0.01555	0.09895	0.15882	0.08848	0.01332	0.01097	0.00495	0.00425	0.00133	0.00491	0.00411	0.00312	0.02206
42	0.02457	0.01111	0.01314	0.01216	0.13432	0.02389	0.01827	0.50149	0.05630	0.12659	0.01131	0.01142	0.00807	0.00504	0.00432	0.00131	0.00466	0.00401	0.02083	0.00717
43	0.01915	0.00772	0.01050	0.00849	0.03816	0.00683	0.00672	0.05325	0.01273	0.76289	0.01663	0.01453	0.01053	0.00534	0.00438	0.00135	0.00380	0.00435	0.00525	0.00741
44	0.00829	0.00780	0.01317	0.82015	0.04573	0.00970	0.01214	0.01119	0.00874	0.01121	0.00776	0.01161	0.00584	0.00435	0.00436	0.00145	0.00580	0.00388	0.00194	0.00489
45	0.01617	0.01915	0.01113	0.00991	0.09224	0.00766	0.02089	0.06850	0.07998	0.51369	0.02999	0.05203	0.01146	0.00558	0.00439	0.00134	0.00388	0.00469	0.00464	0.04268
46	0.01837	0.02298	0.01000	0.00757	0.01077	0.00653	0.00624	0.02027	0.02673	0.73583	0.04985	0.01550	0.01201	0.00551	0.00435	0.00134	0.00361	0.00449	0.03092	0.00714
47	0.00623	0.00467	0.00701	0.00701	0.00779	0.00545	0.00545	0.00779	0.00701	0.01012	0.01168	0.01713	0.01090	0.03271	0.82944	0.00701	0.01168	0.00467	0.00234	0.00389
48	0.01178	0.82732	0.02258	0.00756	0.01125	0.03884	0.00749	0.01318	0.00895	0.01027	0.00608	0.00702	0.00560	0.00375	0.00283	0.00094	0.00475	0.00234	0.00188	0.00558
49	0.01055	0.01011	0.01709	0.16300	0.62503	0.02327	0.04890	0.01321	0.00982	0.02535	0.00826	0.01099	0.00675	0.00399	0.00436	0.00133	0.00541	0.00393	0.00217	0.00649
50	0.00658	0.00467	0.00606	0.00579	0.00682	0.00442	0.00436	0.00838	0.01151	0.04309	0.60402	0.11558	0.09977	0.00948	0.00549	0.00145	0.03008	0.02373	0.00457	0.00415
51	0.00568	0.00430	0.00581	0.03063	0.00736	0.00414	0.01926	0.00665	0.00853	0.01121	0.04867	0.50283	0.16537	0.03758	0.09492	0.02593	0.00371	0.01008	0.00369	0.00364
52	0.01268	0.01375	0.03560	0.14721	0.28492	0.30292	0.01071	0.02979	0.02361	0.04936	0.00841	0.02450	0.00687	0.00458	0.00447	0.00129	0.02744	0.00367	0.00240	0.00583
53	0.13104	0.00763	0.00969	0.00753	0.01082	0.00696	0.00622	0.03271	0.01195	0.70543	0.01565	0.01377	0.00995	0.00522	0.00417	0.00135	0.00368	0.00412	0.00503	0.00707
54	0.01015	0.00970	0.01653	0.23164	0.61971	0.01019	0.01306	0.01282	0.00962	0.01346	0.00809	0.01101	0.00663	0.00401	0.00433	0.00134	0.00534	0.00388	0.00210	0.00639
55	0.01121	0.00987	0.05231	0.03553	0.50383	0.00921	0.06004	0.02624	0.01021	0.11460	0.01959	0.02798	0.03148	0.00616	0.05024	0.00165	0.00535	0.00439	0.01366	0.00647
56	0.01447	0.01176	0.19025	0.01137	0.01561	0.00838	0.20790	0.02704	0.01125	0.41301	0.01374	0.01354	0.03074	0.00485	0.00454	0.00139	0.00519	0.00445	0.00378	0.00672
57	0.01902	0.00784	0.01042	0.00805	0.01139	0.02299	0.02016	0.02113	0.04239	0.76240	0.01688	0.01471	0.01072	0.00537	0.00439	0.00135	0.00385	0.00439	0.00524	0.00733
58	0.01142	0.01141	0.13818	0.05494	0.40587	0.00936	0.09259	0.01434	0.01036	0.14155	0.05899	0.01266	0.00932	0.00447	0.00444	0.00135	0.00520	0.00424	0.00278	0.00655
59	0.00631	0.00599	0.07072	0.00733	0.03119	0.00465	0.03468	0.00770	0.00907	0.03416	0.04998	0.52431	0.17441	0.01140	0.00528	0.00164	0.00305	0.01020	0.00381	0.00410
60	0.00847	0.00812	0.01306	0.81269	0.02957	0.03308	0.01201	0.01132	0.00882	0.01113	0.00772	0.01152	0.00581	0.00436	0.00435	0.00144	0.00587	0.00385	0.00195	0.00485
61	0.01155	0.01094	0.01225	0.01041	0.01187	0.14630	0.04636	0.06057	0.11396	0.06667	0.08340	0.01336	0.02558	0.00659	0.00863	0.00157	0.35724	0.00437	0.00298	0.00540
62	0.01082	0.01073	0.01885	0.13644	0.36237	0.04405	0.26458	0.03528	0.01031	0.03696	0.00885	0.02465	0.00709	0.00415	0.00460	0.00138	0.00598	0.00440	0.00233	0.00619
63	0.00996	0.01557	0.36897	0.01456	0.05559	0.00993	0.30441	0.01384	0.00981	0.06750	0.02415	0.04538	0.00795	0.00461	0.00488	0.00144	0.02842	0.00452	0.00237	0.00612
64	0.00544	0.00385	0.00502	0.00591	0.00613	0.00363	0.00388	0.00611	0.00810	0.01081	0.02278	0.74383	0.02725	0.11588	0.00761	0.00207	0.00274	0.01166	0.00388	0.00343
65	0.01189	0.80886	0.02237	0.00761	0.01131	0.03253	0.00751	0.03659	0.00927	0.01078	0.00621	0.00712	0.00565	0.00379	0.00287	0.00095	0.00473	0.00239	0.00195	0.00564
66	0.05317	0.01188	0.07674	0.00950	0.01304	0.02672	0.00827	0.51432	0.03141	0.16511	0.02445	0.02571	0.00872	0.00533	0.00430	0.00133	0.00463	0.00409	0.00424	0.00705
67	0.01055	0.01013	0.01720	0.08993	0.73059	0.01041	0.01316	0.01311	0.00973	0.01388	0.00809	0.01082	0.00678	0.00405	0.00465	0.00133	0.03291	0.00388	0.00213	0.00668
68	0.00823	0.00763	0.01278	0.80852	0.02921	0.00950	0.01181	0.01111	0.00874	0.01131	0.00797	0.01178	0.00599	0.00438	0.00432	0.00144	0.00569	0.00388	0.03089	0.00482
69	0.01006	0.01020	0.01912	0.20681	0.39775	0.01041	0.25480	0.01306	0.00977	0.01346	0.00829	0.01128	0.00657	0.00393	0.00458	0.00138	0.00599	0.00427	0.00212	0.00613
70	0.01073	0.01029	0.01758	0.04802	0.79879	0.01035	0.01335	0.01333	0.00990	0.01417	0.00819	0.01082	0.00688	0.00390	0.00432	0.00130	0.00520	0.00389	0.00215	0.00685
71	0.00555	0.00389	0.00499	0.00577	0.00597	0.00370	0.00373	0.00613	0.00789	0.01052	0.02168	0.65743	0.02588	0.20417	0.00937	0.00233	0.00292	0.01101	0.00373	0.00334
72	0.01059	0.01015	0.01723	0.02597	0.79041	0.01012	0.01302	0.01313	0.00993	0.01416	0.00949	0.01191	0.03592	0.00414	0.00435	0.00130	0.00508	0.00408	0.00223	0.00679
73	0.01072	0.08363	0.58512	0.01143	0.01695	0.03216	0.02795	0.06277	0.01029	0.09517	0.00898	0.02022	0.00649	0.00442	0.00411	0.00134	0.00594	0.00345	0.00240	0.00645
74	0.01138	0.67363	0.14933	0.00854	0.01265	0.04985	0.01867	0.01337	0.00908	0.01089	0.00640	0.00744	0.00560	0.00383	0.00309	0.00102	0.00511	0.00253	0.00188	0.00571
75	0.00531	0.00380	0.00506	0.00607	0.00633	0.00354	0.00405	0.00607	0.00835	0.01113	0.02404	0.84388	0.02885	0.01366	0.00557	0.00177	0.00253	0.01240	0.00405	0.00354
76	0.00882	0.04255	0.80475	0.01231	0.01869	0.01030	0.01591	0.01379	0.00920	0.01373	0.00778	0.00915	0.00553	0.00413	0.00411	0.00137	0.00640	0.00320	0.00184	0.00643
77	0.01527	0.00997	0.13631	0.12857	0.03801	0.00771	0.02751	0.03152	0.01137	0.49842	0.01473	0.01415	0.03588	0.00516	0.00439	0.00137	0.00453	0.00429	0.00412	0.00673
78	0.00839	0.00791	0.01336	0.78703	0.07803	0.00973	0.01219	0.01128	0.00879	0.01133	0.00778	0.01158	0.00588	0.00433	0.00436	0.00144	0.00578	0.00388	0.00195	0.00497
79	0.00875	0.02256	0.82413	0.01243	0.01888	0.01013	0.01611	0.01381	0.00921	0.01381	0.00783	0.00921	0.00552	0.00414	0.00414	0.00138	0.00645	0.00322	0.00184	0.00645
80	0.00928	0.06369	0.14613	0.39336	0.15367	0.02978	0.06744	0.01257	0.03050	0.01236	0.00840	0.02394	0.00671	0.01881	0.00459	0.00143	0.00576	0.00394	0.00209	0.00556
81	0.01356	0.03977	0.16149	0.06775	0.01497	0.00841	0.11624	0.05776	0.01114	0.34678	0.02652	0.05765	0.01024	0.04137	0.00523	0.00151	0.00487	0.00471	0.00370	0.00633
82	0.02988	0.00722	0.02329	0.00801	0.02958	0.00676	0.00631	0.05850	0.01096	0.47080	0.02799	0.01625	0.01124	0.09701	0.15117	0.00265	0.02746	0.00459	0.00423	0.00611
83	0.02540	0.00957	0.04602	0.09045	0.21072	0.01972	0.10453	0.09868	0.04399	0.13059	0.03287	0.06355	0.01061	0.04088	0.00562	0.01302	0.01819	0.02641	0.00318	0.00601

[dist]
# distance from previous block
# <min> <max>
0	22

[block]
# block no. 2 follows, 60 sequences, length 17
# corresponding to MSA columns:
# 178-194
name=unknown_C
#
# <colnr> <probs for GDERKNQSTAVLIFYWHMCP>
#	G	D	E	R	K	N	Q	S	T	A	V	L	I	F	Y	W	H	M	C	P
0	0.05407	0.15248	0.02902	0.04434	0.10009	0.09441	0.00781	0.12944	0.07884	0.10302	0.11361	0.04014	0.01254	0.00546	0.00409	0.00127	0.00445	0.00436	0.01464	0.00592
1	0.07440	0.03833	0.06234	0.03560	0.02811	0.13403	0.08968	0.12443	0.08473	0.05679	0.03309	0.03858	0.03021	0.04049	0.02042	0.00156	0.02479	0.02066	0.02916	0.03261
2	0.01031	0.01026	0.01606	0.06463	0.54635	0.07061	0.07626	0.01266	0.00987	0.01339	0.01020	0.11988	0.00961	0.00522	0.00452	0.00137	0.00524	0.00502	0.00241	0.00614
3	0.01395	0.01095	0.01133	0.00935	0.01228	0.04410	0.00749	0.38870	0.36338	0.04715	0.01380	0.01318	0.01011	0.00550	0.00434	0.00137	0.00423	0.00434	0.02744	0.00701
4	0.01220	0.46497	0.06954	0.00861	0.03607	0.06797	0.00785	0.05842	0.01011	0.07367	0.00766	0.00844	0.00627	0.00394	0.00329	0.00099	0.00471	0.00275	0.00243	0.15013
5	0.00976	0.05165	0.57645	0.01318	0.09292	0.02419	0.03930	0.02986	0.00961	0.05161	0.00852	0.01007	0.00628	0.00579	0.05078	0.00167	0.00644	0.00346	0.00214	0.00634
6	0.00967	0.11719	0.45805	0.08605	0.01963	0.01105	0.18998	0.01371	0.00945	0.03365	0.00807	0.00987	0.00594	0.00404	0.00423	0.00135	0.00631	0.00363	0.00202	0.00610
7	0.00905	0.05635	0.03021	0.10640	0.32726	0.03506	0.08346	0.01131	0.00988	0.01318	0.07672	0.08965	0.12081	0.00615	0.00458	0.00138	0.00466	0.00564	0.00274	0.00550
8	0.00602	0.00444	0.00567	0.03493	0.00729	0.00444	0.00432	0.00763	0.07092	0.01125	0.02130	0.61731	0.02471	0.14847	0.00815	0.00214	0.00299	0.01053	0.00378	0.00370
9	0.01144	0.01015	0.01801	0.07297	0.32334	0.02478	0.26034	0.03770	0.01048	0.10868	0.01032	0.05861	0.00841	0.00470	0.00483	0.00140	0.02007	0.00480	0.00271	0.00626
10	0.01361	0.11338	0.25858	0.01024	0.05490	0.00952	0.00993	0.06124	0.04418	0.31346	0.03173	0.01340	0.00951	0.00507	0.00419	0.00133	0.00475	0.03073	0.00357	0.00666
11	0.00920	0.02108	0.72263	0.01290	0.01906	0.01012	0.09417	0.01403	0.00941	0.03578	0.00818	0.00962	0.00578	0.00413	0.00425	0.00139	0.00646	0.00345	0.00197	0.00642
12	0.00535	0.00437	0.00462	0.00470	0.00594	0.00376	0.00344	0.00642	0.00970	0.01184	0.08380	0.09848	0.64234	0.07159	0.00643	0.00170	0.00241	0.02546	0.00399	0.00363
13	0.00949	0.14117	0.56649	0.01299	0.09963	0.01094	0.02757	0.01354	0.00925	0.02732	0.00816	0.02536	0.00633	0.00473	0.01789	0.00141	0.00604	0.00341	0.00200	0.00628
14	0.00824	0.00775	0.01308	0.83624	0.03004	0.00969	0.01211	0.01114	0.00872	0.01114	0.00775	0.01163	0.00581	0.00436	0.00436	0.00145	0.00581	0.00388	0.00194	0.00484
15	0.00530	0.00385	0.00500	0.00592	0.00628	0.00356	0.00398	0.00609	0.00850	0.01120	0.02596	0.76748	0.10400	0.01341	0.00553	0.00174	0.00250	0.01209	0.00405	0.00356
16	0.00884	0.00911	0.03286	0.49040	0.05080	0.00976	0.24556	0.01194	0.00933	0.01227	0.00924	0.01443	0.00753	0.00472	0.00471	0.00149	0.00613	0.06350	0.00218	0.00519

[dist]
# distance from previous block
# <min> <max>
0	1

[block]
# block no. 3 follows, 60 sequences, length 21
# corresponding to MSA columns:
# 196-216
name=unknown_D
#
# <colnr> <probs for GDERKNQSTAVLIFYWHMCP>
#	G	D	E	R	K	N	Q	S	T	A	V	L	I	F	Y	W	H	M	C	P
0	0.00861	0.02084	0.73521	0.01226	0.01820	0.00973	0.04533	0.01335	0.00924	0.01368	0.00900	0.04662	0.00713	0.00476	0.00430	0.00142	0.00624	0.02585	0.00201	0.00623
1	0.72070	0.00898	0.00700	0.00625	0.00874	0.05860	0.00503	0.04688	0.00815	0.01844	0.00642	0.00776	0.00512	0.00499	0.00396	0.06934	0.00374	0.00257	0.00268	0.00464
2	0.01548	0.01168	0.01281	0.01079	0.06135	0.03743	0.00834	0.65472	0.01840	0.04165	0.01046	0.01102	0.00768	0.00728	0.06872	0.00175	0.00543	0.00396	0.00403	0.00704
3	0.01000	0.00963	0.01650	0.26870	0.50378	0.01022	0.06026	0.01312	0.04008	0.01345	0.00847	0.01131	0.00681	0.00409	0.00439	0.00136	0.00544	0.00400	0.00218	0.00623
4	0.00805	0.00826	0.04562	0.01180	0.01420	0.00742	0.35530	0.01027	0.00927	0.02874	0.01649	0.35955	0.04249	0.03139	0.00598	0.00168	0.02742	0.00821	0.00309	0.00477
5	0.00578	0.00419	0.00546	0.00578	0.00650	0.00388	0.00416	0.00721	0.01037	0.01420	0.39243	0.38316	0.08415	0.01123	0.00536	0.00158	0.00236	0.04395	0.00440	0.00384
6	0.00942	0.03996	0.48057	0.03074	0.09561	0.01006	0.17290	0.01351	0.00953	0.03376	0.00918	0.04728	0.00732	0.00458	0.00442	0.00141	0.00617	0.01524	0.00216	0.00618
7	0.00893	0.05660	0.76037	0.01245	0.01871	0.01046	0.04571	0.01379	0.00923	0.01367	0.00779	0.00921	0.00557	0.00411	0.00413	0.00137	0.00641	0.00326	0.00186	0.00639
8	0.00875	0.02256	0.82413	0.01243	0.01888	0.01013	0.01611	0.01381	0.00921	0.01381	0.00783	0.00921	0.00552	0.00414	0.00414	0.00138	0.00645	0.00322	0.00184	0.00645
9	0.00791	0.00773	0.01188	0.01022	0.02936	0.05580	0.22492	0.00999	0.01021	0.01293	0.07029	0.07666	0.24974	0.00867	0.00542	0.00158	0.01702	0.18175	0.00340	0.00455
10	0.01134	0.02624	0.28522	0.07798	0.06455	0.10013	0.12558	0.01450	0.01036	0.14231	0.03917	0.02937	0.04367	0.00497	0.00442	0.00137	0.00573	0.00432	0.00278	0.00600
11	0.00847	0.00659	0.00850	0.12480	0.06038	0.02900	0.00642	0.09942	0.02061	0.03765	0.01591	0.22779	0.04931	0.15515	0.11732	0.00272	0.00512	0.01717	0.00320	0.00448
12	0.00647	0.00487	0.00614	0.00643	0.00748	0.00472	0.00502	0.00894	0.07296	0.01431	0.27536	0.19309	0.13778	0.01076	0.00542	0.00165	0.00283	0.22733	0.00431	0.00414
13	0.00999	0.01021	0.01481	0.33755	0.21636	0.11299	0.10288	0.01277	0.02951	0.01245	0.00967	0.04789	0.00841	0.00505	0.00454	0.00142	0.00580	0.04992	0.00233	0.00544
14	0.01013	0.03735	0.22975	0.09764	0.21304	0.03612	0.20268	0.04629	0.01019	0.01406	0.00892	0.01222	0.00716	0.00439	0.00448	0.00139	0.00606	0.03803	0.01400	0.00610
15	0.00942	0.01275	0.20140	0.02864	0.10849	0.00982	0.34266	0.03430	0.02754	0.01387	0.01120	0.11266	0.02555	0.00541	0.00516	0.00148	0.03596	0.00542	0.00247	0.00580
16	0.00544	0.00427	0.00475	0.00492	0.00593	0.00376	0.00348	0.00645	0.00948	0.01192	0.12379	0.20806	0.47503	0.10430	0.00714	0.00183	0.00248	0.00941	0.00398	0.00359
17	0.00934	0.01856	0.11826	0.14931	0.13011	0.00857	0.09921	0.04974	0.00957	0.06069	0.01218	0.15693	0.02098	0.02730	0.05455	0.02143	0.03962	0.00560	0.00274	0.00533
18	0.00997	0.01624	0.37800	0.14253	0.16863	0.07310	0.06736	0.04638	0.01003	0.01375	0.00838	0.03080	0.00657	0.00441	0.00431	0.00137	0.00612	0.00380	0.00213	0.00611
19	0.01040	0.07735	0.32778	0.05912	0.10203	0.04497	0.13066	0.05755	0.12000	0.01469	0.00934	0.01071	0.00703	0.00434	0.00427	0.00136	0.00584	0.00380	0.00244	0.00632
20	0.00900	0.00761	0.03244	0.12251	0.13006	0.01782	0.04044	0.07941	0.03006	0.04723	0.02899	0.22883	0.03632	0.02021	0.04055	0.03500	0.01889	0.06641	0.00323	0.00499

[dist]
# distance from previous block
# <min> <max>
4	19

[block]
# block no. 4 follows, 60 sequences, length 17
# corresponding to MSA columns:
# 236-252
name=unknown_E
#
# <colnr> <probs for GDERKNQSTAVLIFYWHMCP>
#	G	D	E	R	K	N	Q	S	T	A	V	L	I	F	Y	W	H	M	C	P
0	0.04146	0.07291	0.09732	0.03072	0.04365	0.05473	0.06261	0.13725	0.17915	0.12601	0.05634	0.01370	0.02816	0.00548	0.01253	0.00139	0.00470	0.00429	0.00357	0.02403
1	0.02710	0.05757	0.10798	0.07244	0.04582	0.00808	0.02372	0.09406	0.05122	0.04962	0.07878	0.01480	0.01107	0.06043	0.07353	0.16895	0.00498	0.00430	0.01938	0.02618
2	0.08539	0.28996	0.07516	0.00866	0.01192	0.16984	0.00782	0.15043	0.01190	0.05857	0.06118	0.01100	0.03141	0.00483	0.00368	0.00117	0.00504	0.00343	0.00288	0.00575
3	0.12621	0.03885	0.05378	0.00863	0.01152	0.05916	0.02857	0.28362	0.01316	0.01905	0.08703	0.05235	0.02443	0.00563	0.00461	0.00128	0.05049	0.00431	0.01929	0.10801
4	0.16964	0.10902	0.04172	0.02999	0.05940	0.07171	0.00782	0.26953	0.04949	0.10661	0.01013	0.03890	0.00783	0.00499	0.00389	0.00129	0.00460	0.00374	0.00344	0.00626
5	0.01019	0.09032	0.18190	0.06188	0.06696	0.02514	0.08072	0.07095	0.05718	0.06142	0.01271	0.11047	0.04528	0.00581	0.00454	0.00135	0.02432	0.00495	0.02746	0.05644
6	0.03868	0.00755	0.00838	0.02305	0.02698	0.08746	0.00607	0.01036	0.03726	0.01189	0.01191	0.01633	0.04368	0.11368	0.22018	0.00319	0.17580	0.00450	0.14876	0.00428
7	0.00851	0.00799	0.01345	0.66591	0.15689	0.00951	0.01194	0.01127	0.00890	0.01165	0.00859	0.05072	0.00708	0.00472	0.00441	0.00144	0.00556	0.00428	0.00207	0.00512
8	0.00549	0.00428	0.00482	0.00498	0.00608	0.00375	0.00362	0.00673	0.01003	0.01290	0.18883	0.21792	0.46420	0.01102	0.00517	0.00150	0.00225	0.00949	0.03319	0.00375
9	0.01046	0.01019	0.01641	0.11187	0.66869	0.03979	0.01261	0.01297	0.00989	0.01367	0.00974	0.01219	0.04357	0.00428	0.00435	0.00131	0.00521	0.00409	0.00222	0.00647
10	0.00543	0.00439	0.00484	0.00489	0.00615	0.00380	0.00365	0.00672	0.01027	0.01289	0.19397	0.11299	0.56884	0.01089	0.00522	0.00150	0.00226	0.03336	0.00420	0.00376
11	0.01033	0.01076	0.05225	0.30463	0.43536	0.06528	0.01261	0.03305	0.00991	0.01325	0.00799	0.01081	0.00639	0.00414	0.00430	0.00134	0.00563	0.00378	0.00213	0.00606
12	0.00758	0.00379	0.00568	0.00568	0.00568	0.00379	0.00379	0.00568	0.00568	0.00758	0.00758	0.01326	0.00758	0.01515	0.01705	0.87311	0.00379	0.00379	0.00189	0.00189
13	0.01138	0.01236	0.09067	0.04968	0.53139	0.08665	0.01236	0.08183	0.01092	0.01488	0.02707	0.01085	0.00743	0.00433	0.00458	0.00131	0.02956	0.00382	0.00237	0.00654
14	0.05368	0.00779	0.00903	0.00739	0.00995	0.04161	0.00593	0.12141	0.03625	0.37329	0.22887	0.01845	0.01805	0.00622	0.00443	0.00133	0.00350	0.00510	0.04156	0.00616
15	0.02324	0.24939	0.15199	0.01094	0.04932	0.14957	0.06504	0.07400	0.02173	0.11742	0.00867	0.00951	0.00662	0.00445	0.00427	0.00123	0.04058	0.00331	0.00265	0.00607
16	0.01133	0.04334	0.06275	0.03261	0.57061	0.03228	0.03264	0.03740	0.01030	0.05697	0.00858	0.01061	0.00691	0.00399	0.00420	0.00125	0.00516	0.00374	0.00239	0.06294

[dist]
# distance from previous block
# <min> <max>
4	14

[block]
# block no. 5 follows, 60 sequences, length 20
# corresponding to MSA columns:
# 269-288
name=unknown_F
#
# <colnr> <probs for GDERKNQSTAVLIFYWHMCP>
#	G	D	E	R	K	N	Q	S	T	A	V	L	I	F	Y	W	H	M	C	P
0	0.00944	0.03509	0.23983	0.01279	0.08001	0.04738	0.16838	0.04104	0.03772	0.01316	0.00938	0.01267	0.00784	0.06273	0.15327	0.00256	0.04094	0.00417	0.00230	0.01930
1	0.01103	0.24810	0.39473	0.02554	0.01573	0.02767	0.04297	0.05697	0.03052	0.07291	0.00844	0.00937	0.00631	0.00419	0.00382	0.00123	0.00555	0.00321	0.00235	0.02935
2	0.01164	0.01168	0.02663	0.01061	0.08093	0.22352	0.02406	0.14118	0.12761	0.01597	0.11224	0.08048	0.05108	0.00676	0.00460	0.00138	0.00485	0.05569	0.00353	0.00555
3	0.00537	0.00387	0.00517	0.00609	0.00641	0.00367	0.00412	0.00619	0.00831	0.01109	0.02379	0.77024	0.04865	0.01480	0.05773	0.00210	0.00310	0.01182	0.00394	0.00357
4	0.00918	0.00919	0.02886	0.16824	0.03927	0.06734	0.05733	0.02582	0.08447	0.01251	0.04048	0.09814	0.03882	0.00785	0.03140	0.00176	0.23209	0.03955	0.00274	0.00498
5	0.03511	0.02490	0.01597	0.24899	0.29994	0.05400	0.11161	0.06395	0.07596	0.01440	0.00891	0.01125	0.00697	0.00428	0.00436	0.00136	0.00555	0.00400	0.00244	0.00605
6	0.00587	0.00441	0.00514	0.00523	0.00604	0.00419	0.00371	0.00679	0.00856	0.01096	0.07733	0.06203	0.33059	0.28168	0.10535	0.00304	0.00409	0.06813	0.00345	0.00342
7	0.00596	0.00406	0.00509	0.00574	0.00604	0.00392	0.00385	0.00669	0.00797	0.01085	0.02028	0.47449	0.02352	0.25992	0.01038	0.00247	0.00314	0.08375	0.05853	0.00335
8	0.01356	0.01075	0.01374	0.01438	0.23642	0.02641	0.03570	0.41690	0.03032	0.04481	0.01073	0.03914	0.00871	0.05881	0.01839	0.00160	0.00499	0.00441	0.00352	0.00669
9	0.01481	0.01311	0.02003	0.02835	0.77129	0.01253	0.01469	0.01617	0.01252	0.01805	0.01231	0.01638	0.01078	0.00664	0.00608	0.00205	0.00651	0.00522	0.00358	0.00892
10	0.00654	0.00503	0.00741	0.00726	0.00792	0.00600	0.00564	0.00790	0.00692	0.01003	0.01115	0.01679	0.01056	0.05743	0.71349	0.03090	0.07822	0.00463	0.00230	0.00387
11	0.87753	0.00843	0.00641	0.00574	0.00843	0.00978	0.00472	0.01282	0.00742	0.01957	0.00607	0.00709	0.00472	0.00405	0.00270	0.00135	0.00337	0.00236	0.00270	0.00472
12	0.01174	0.56358	0.13602	0.00931	0.04280	0.08773	0.00897	0.04591	0.00975	0.01179	0.00669	0.00774	0.00574	0.00391	0.00323	0.00103	0.00518	0.00263	0.00203	0.03421
13	0.00546	0.00440	0.00486	0.00481	0.00609	0.00380	0.00358	0.00683	0.01057	0.01342	0.26870	0.07608	0.55502	0.01054	0.00517	0.00146	0.00218	0.00897	0.00427	0.00380
14	0.02070	0.06489	0.10029	0.00806	0.01058	0.07957	0.02393	0.09552	0.09308	0.04788	0.27023	0.04331	0.09954	0.00698	0.00469	0.00136	0.01452	0.00578	0.00378	0.00531
15	0.08723	0.00727	0.00890	0.00725	0.00997	0.01926	0.00586	0.03869	0.05559	0.49080	0.14809	0.01805	0.04557	0.00691	0.02924	0.00153	0.00367	0.00497	0.00480	0.00634
16	0.00542	0.00396	0.00511	0.00587	0.00635	0.00365	0.00404	0.00639	0.00899	0.01193	0.11096	0.65010	0.11901	0.01283	0.00548	0.00170	0.00248	0.02798	0.00413	0.00363
17	0.00663	0.00459	0.00560	0.00533	0.00659	0.00408	0.00400	0.00828	0.01134	0.06529	0.47348	0.08809	0.28112	0.00968	0.00513	0.00143	0.00224	0.00838	0.00455	0.00415
18	0.00615	0.00460	0.00586	0.00620	0.00726	0.00431	0.00497	0.00784	0.01051	0.01385	0.26574	0.10838	0.22447	0.01140	0.02132	0.00176	0.00301	0.28423	0.00423	0.00392
19	0.01616	0.01265	0.01274	0.01000	0.01327	0.08245	0.00815	0.70993	0.01939	0.02548	0.01063	0.03962	0.00802	0.00547	0.00437	0.00131	0.00498	0.00413	0.00417	0.00708

[dist]
# distance from previous block
# <min> <max>
0	9

[block]
# block no. 6 follows, 60 sequences, length 41
# corresponding to MSA columns:
# 298-338
name=unknown_G
#
# <colnr> <probs for GDERKNQSTAVLIFYWHMCP>
#	G	D	E	R	K	N	Q	S	T	A	V	L	I	F	Y	W	H	M	C	P
0	0.04940	0.01223	0.05202	0.11502	0.41554	0.16463	0.01131	0.03597	0.02036	0.01383	0.00850	0.01144	0.00711	0.00441	0.00419	0.00130	0.00559	0.02916	0.01345	0.02453
1	0.83536	0.00904	0.00670	0.00600	0.00868	0.04991	0.00490	0.01305	0.00766	0.01913	0.00611	0.00712	0.00477	0.00407	0.00276	0.00134	0.00359	0.00238	0.00268	0.00474
2	0.02895	0.01091	0.01328	0.24595	0.03594	0.02373	0.02626	0.50778	0.02836	0.02174	0.00959	0.01083	0.00695	0.00490	0.00434	0.00135	0.00515	0.00391	0.00352	0.00655
3	0.08475	0.00750	0.00984	0.00761	0.01093	0.00667	0.00628	0.02061	0.01210	0.76153	0.01636	0.01426	0.01033	0.00530	0.00426	0.00135	0.00369	0.00423	0.00519	0.00722
4	0.00559	0.00409	0.00531	0.00612	0.00668	0.00381	0.00440	0.00665	0.00900	0.01181	0.06487	0.58052	0.13236	0.01285	0.00556	0.00175	0.00269	0.12820	0.00408	0.00366
5	0.00596	0.00443	0.00555	0.00530	0.00639	0.00402	0.00396	0.00781	0.01179	0.01626	0.65222	0.05544	0.18585	0.00944	0.00516	0.00140	0.00210	0.00825	0.00464	0.00402
6	0.00875	0.02256	0.82413	0.01243	0.01888	0.01013	0.01611	0.01381	0.00921	0.01381	0.00783	0.00921	0.00552	0.00414	0.00414	0.00138	0.00645	0.00322	0.00184	0.00645
7	0.00620	0.00428	0.00529	0.00541	0.00561	0.00442	0.00342	0.00663	0.00672	0.00914	0.01450	0.12158	0.01629	0.57048	0.19738	0.00455	0.00566	0.00669	0.00274	0.00302
8	0.06574	0.01126	0.09827	0.05982	0.28749	0.02416	0.08105	0.08634	0.10630	0.09633	0.02211	0.01226	0.01993	0.00463	0.00432	0.00136	0.00500	0.00413	0.00301	0.00650
9	0.01138	0.08073	0.13601	0.07572	0.07186	0.04048	0.06942	0.09932	0.31304	0.03925	0.01202	0.01242	0.00902	0.00490	0.00427	0.00137	0.00491	0.00413	0.00326	0.00649
10	0.02724	0.00923	0.02935	0.21878	0.23874	0.00931	0.10243	0.06874	0.02694	0.07364	0.01043	0.06552	0.00875	0.00498	0.00443	0.00136	0.00507	0.02099	0.00275	0.07132
11	0.04533	0.13591	0.30903	0.07382	0.06868	0.10271	0.01120	0.09767	0.02775	0.03365	0.00990	0.01097	0.04589	0.00464	0.00398	0.00128	0.00559	0.00354	0.00247	0.00601
12	0.03224	0.10375	0.05169	0.00817	0.01175	0.00874	0.00717	0.11614	0.01273	0.55819	0.01422	0.01286	0.00932	0.00505	0.00413	0.00128	0.00407	0.00396	0.00458	0.02997
13	0.07026	0.00762	0.00968	0.00756	0.01072	0.00702	0.00621	0.07241	0.02903	0.64922	0.01589	0.01421	0.01028	0.00529	0.00419	0.00133	0.00364	0.00422	0.06419	0.00702
14	0.00925	0.11286	0.51588	0.02602	0.03134	0.01026	0.01259	0.07230	0.01025	0.01443	0.05762	0.02918	0.05290	0.00518	0.00419	0.00135	0.00547	0.02048	0.00242	0.00601
15	0.00883	0.00682	0.00870	0.00954	0.06926	0.04517	0.02207	0.03587	0.06665	0.05314	0.01986	0.07762	0.03428	0.05090	0.00629	0.00190	0.00422	0.47037	0.00380	0.00469
16	0.01772	0.00702	0.00950	0.00742	0.01049	0.00609	0.00608	0.01944	0.01241	0.71296	0.10695	0.01749	0.03402	0.00593	0.00449	0.00136	0.00349	0.00489	0.00530	0.00696
17	0.00657	0.00550	0.04892	0.00643	0.00769	0.00454	0.02088	0.00815	0.00994	0.04597	0.23988	0.28428	0.15448	0.03972	0.03899	0.00188	0.00323	0.06482	0.00404	0.00409
18	0.01232	0.07300	0.14089	0.01351	0.14111	0.10028	0.12766	0.07232	0.04688	0.13355	0.01129	0.07125	0.00926	0.00523	0.00441	0.00136	0.00542	0.02106	0.00302	0.00620
19	0.00657	0.00466	0.00626	0.00668	0.02626	0.00475	0.00474	0.00795	0.02253	0.04038	0.03695	0.25988	0.11537	0.09992	0.29656	0.00377	0.00602	0.02925	0.01758	0.00391
20	0.00875	0.02256	0.82413	0.01243	0.01888	0.01013	0.01611	0.01381	0.00921	0.01381	0.00783	0.00921	0.00552	0.00414	0.00414	0.00138	0.00645	0.00322	0.00184	0.00645
21	0.00923	0.00839	0.01344	0.06054	0.44065	0.00840	0.04759	0.02850	0.04024	0.01424	0.06104	0.08062	0.11414	0.00602	0.00455	0.00137	0.00433	0.00556	0.04536	0.00579
22	0.87753	0.00843	0.00641	0.00574	0.00843	0.00978	0.00472	0.01282	0.00742	0.01957	0.00607	0.00709	0.00472	0.00405	0.00270	0.00135	0.00337	0.00236	0.00270	0.00472
23	0.00668	0.04482	0.00687	0.04972	0.00805	0.04850	0.00477	0.00754	0.00823	0.01067	0.01905	0.50412	0.03547	0.15083	0.03990	0.00228	0.02125	0.00929	0.01828	0.00369
24	0.03071	0.00704	0.00870	0.00718	0.00981	0.00643	0.01573	0.05890	0.07942	0.25173	0.10870	0.10714	0.05745	0.00672	0.00442	0.00128	0.00330	0.03324	0.00420	0.19789
25	0.03059	0.10824	0.25041	0.01228	0.06778	0.06409	0.10599	0.16647	0.06699	0.07177	0.00950	0.01035	0.00700	0.00446	0.00416	0.00131	0.00559	0.00368	0.00286	0.00647
26	0.01570	0.01952	0.01215	0.01127	0.03115	0.74871	0.00832	0.02848	0.02887	0.01129	0.00732	0.00850	0.00605	0.00497	0.01659	0.00123	0.00758	0.00295	0.02423	0.00513
27	0.00904	0.00775	0.00904	0.00646	0.01034	0.00581	0.00517	0.01098	0.00904	0.01421	0.00775	0.00904	0.00646	0.00323	0.00323	0.00065	0.00323	0.00258	0.00258	0.87339
28	0.00545	0.00384	0.00504	0.00599	0.00631	0.00359	0.00405	0.00629	0.00844	0.01139	0.02405	0.78038	0.04437	0.01324	0.00547	0.00174	0.00253	0.02551	0.03875	0.00357
29	0.02865	0.01015	0.04957	0.06915	0.30306	0.02104	0.03740	0.04493	0.20584	0.01532	0.04499	0.01335	0.02061	0.00520	0.00539	0.00142	0.09145	0.00435	0.02190	0.00622
30	0.00553	0.00402	0.00513	0.00582	0.00631	0.00373	0.00401	0.00646	0.00887	0.01173	0.10166	0.57647	0.12339	0.06965	0.00663	0.00188	0.00263	0.04847	0.00402	0.00358
31	0.01042	0.07406	0.38574	0.08524	0.10768	0.02648	0.09323	0.10543	0.04353	0.01510	0.00853	0.01011	0.00636	0.00426	0.00422	0.00135	0.00593	0.00363	0.00233	0.00635
32	0.11296	0.00520	0.00707	0.02481	0.07810	0.00535	0.00509	0.00767	0.00684	0.01037	0.01019	0.03228	0.04784	0.01280	0.04868	0.53144	0.00414	0.02484	0.00226	0.02207
33	0.00596	0.00425	0.00536	0.00570	0.00652	0.00387	0.00410	0.00724	0.01000	0.03365	0.25901	0.39856	0.18642	0.01150	0.00535	0.00159	0.00242	0.04036	0.00430	0.00385
34	0.21607	0.07130	0.03133	0.00846	0.02746	0.18609	0.02533	0.03348	0.09363	0.02990	0.00888	0.01064	0.01692	0.00684	0.00654	0.18315	0.01537	0.00336	0.02055	0.00471
35	0.09613	0.17401	0.20608	0.02648	0.10123	0.03449	0.05904	0.02953	0.00941	0.02781	0.00755	0.00901	0.00601	0.00394	0.00383	0.00114	0.01986	0.00308	0.00226	0.17912
36	0.06549	0.00987	0.06282	0.06701	0.09948	0.04685	0.00779	0.06144	0.07879	0.10500	0.03130	0.02267	0.00860	0.00443	0.00387	0.00111	0.00418	0.00361	0.00309	0.31261
37	0.05639	0.05120	0.07113	0.01834	0.01229	0.04374	0.05232	0.07531	0.06505	0.08635	0.01028	0.01190	0.01832	0.00448	0.00401	0.00108	0.02090	0.02990	0.00302	0.36400
38	0.01079	0.02905	0.07749	0.06246	0.32696	0.04715	0.04915	0.05127	0.08316	0.05514	0.04041	0.02986	0.03559	0.00503	0.00435	0.00132	0.00486	0.02059	0.01777	0.04760
39	0.02293	0.05826	0.07803	0.09474	0.15277	0.07147	0.05617	0.09420	0.06617	0.01463	0.02514	0.06813	0.00932	0.02683	0.02006	0.00146	0.02685	0.00437	0.00273	0.10574
40	0.03379	0.02087	0.02922	0.05900	0.13588	0.04249	0.07734	0.16859	0.19860	0.05196	0.03403	0.04689	0.03022	0.00540	0.00439	0.00135	0.00459	0.00467	0.00347	0.04725

[dist]
# distance from previous block
# <min> <max>
4	165

[block]
# block no. 7 follows, 60 sequences, length 20
# corresponding to MSA columns:
# 522-541
name=unknown_H
#
# <colnr> <probs for GDERKNQSTAVLIFYWHMCP>
#	G	D	E	R	K	N	Q	S	T	A	V	L	I	F	Y	W	H	M	C	P
0	0.01226	0.07195	0.06750	0.01065	0.07318	0.07861	0.03138	0.27244	0.11784	0.03819	0.02353	0.13778	0.02406	0.00642	0.00445	0.00138	0.00463	0.01400	0.00359	0.00615
1	0.02244	0.34132	0.15166	0.00928	0.01291	0.02456	0.08817	0.07333	0.01782	0.02074	0.00894	0.01056	0.03512	0.00614	0.02549	0.09501	0.00518	0.00341	0.00229	0.04562
2	0.01097	0.02589	0.05996	0.14620	0.02776	0.05315	0.03303	0.10657	0.18494	0.10075	0.01586	0.14341	0.05929	0.00670	0.00457	0.00145	0.00440	0.00571	0.00360	0.00578
3	0.01018	0.50840	0.09971	0.00823	0.01160	0.05218	0.04761	0.01196	0.00920	0.01108	0.01231	0.09528	0.09527	0.00559	0.00364	0.00116	0.00465	0.00434	0.00235	0.00526
4	0.00623	0.00444	0.00595	0.00600	0.00642	0.00483	0.00418	0.00708	0.00679	0.00946	0.01317	0.06284	0.01391	0.38004	0.44338	0.00556	0.00804	0.00577	0.00255	0.00334
5	0.01068	0.01993	0.65523	0.01170	0.01752	0.01012	0.01430	0.09959	0.01075	0.09648	0.00905	0.00991	0.00626	0.00439	0.00419	0.00137	0.00599	0.00342	0.00247	0.00665
6	0.01313	0.12406	0.04868	0.03220	0.01222	0.14214	0.00777	0.21307	0.08932	0.07471	0.01102	0.03131	0.00881	0.00541	0.00460	0.00129	0.05426	0.02348	0.09657	0.00594
7	0.00801	0.00571	0.00759	0.06524	0.03594	0.00584	0.00597	0.08767	0.01030	0.05588	0.07087	0.27551	0.08431	0.04352	0.08861	0.00227	0.00430	0.13426	0.00376	0.00446
8	0.00670	0.00494	0.00662	0.00713	0.06048	0.00467	0.00482	0.00882	0.03831	0.03327	0.51979	0.19927	0.06940	0.00949	0.00514	0.00146	0.00245	0.00844	0.00444	0.00433
9	0.18695	0.00499	0.00565	0.00625	0.00715	0.00511	0.00462	0.00798	0.00839	0.01312	0.02013	0.49607	0.03611	0.04042	0.00562	0.00180	0.00301	0.13908	0.00371	0.00384
10	0.02477	0.02449	0.10063	0.24684	0.03883	0.13302	0.08967	0.05522	0.07819	0.06431	0.00981	0.01239	0.00761	0.00471	0.00430	0.00134	0.00565	0.03244	0.00269	0.06310
11	0.01165	0.01253	0.01611	0.07604	0.29468	0.19412	0.13044	0.01498	0.09629	0.01324	0.00872	0.01081	0.00707	0.00462	0.00538	0.00138	0.08966	0.00394	0.00239	0.00598
12	0.00700	0.00578	0.00648	0.00714	0.00792	0.05926	0.00529	0.00930	0.09532	0.01228	0.02202	0.52864	0.02483	0.01188	0.00544	0.00175	0.00330	0.17831	0.00396	0.00411
13	0.00857	0.00811	0.01362	0.71701	0.11951	0.00989	0.01217	0.01138	0.00879	0.01148	0.00774	0.01146	0.00594	0.00441	0.00468	0.00145	0.03288	0.00388	0.00196	0.00508
14	0.01012	0.01128	0.15262	0.22675	0.06992	0.00944	0.25283	0.01334	0.00959	0.09975	0.00953	0.01211	0.00712	0.00704	0.08740	0.00198	0.00671	0.00429	0.00243	0.00574
15	0.10915	0.00841	0.03526	0.00983	0.06535	0.00747	0.08681	0.01801	0.01118	0.52888	0.02681	0.01416	0.01002	0.04257	0.00508	0.00149	0.00421	0.00432	0.00434	0.00665
16	0.00972	0.03418	0.44101	0.10033	0.01794	0.00987	0.08087	0.01337	0.00933	0.08668	0.01091	0.01235	0.05987	0.00504	0.00533	0.00144	0.08945	0.00400	0.00236	0.00594
17	0.01070	0.03708	0.49482	0.01401	0.13723	0.01059	0.03207	0.09351	0.01057	0.06851	0.00866	0.00997	0.00631	0.00443	0.00465	0.00137	0.04306	0.00352	0.00239	0.00657
