[name]
unknown

[dist]
# distance from previous block
# <min> <max>
16	101

[block]
# block no. 0 follows, 51 sequences, length 9
# corresponding to MSA columns:
# 168-176
name=unknown_A
#
# <colnr> <probs for GDERKNQSTAVLIFYWHMCP>
#	G	D	E	R	K	N	Q	S	T	A	V	L	I	F	Y	W	H	M	C	P
0	0.03806	0.02650	0.04556	0.03221	0.08139	0.04758	0.06484	0.12151	0.04171	0.11392	0.09849	0.07658	0.07109	0.00834	0.03716	0.00177	0.00513	0.02240	0.00402	0.06173
1	0.02952	0.02879	0.12696	0.03622	0.18341	0.05928	0.01059	0.06554	0.12234	0.03113	0.02713	0.09891	0.04510	0.00752	0.02705	0.00172	0.03775	0.00557	0.00336	0.05211
2	0.03382	0.04701	0.07427	0.02361	0.05227	0.05925	0.04051	0.07158	0.04334	0.05497	0.19064	0.05725	0.06744	0.02216	0.04999	0.00188	0.00503	0.02047	0.00388	0.08061
3	0.01037	0.03753	0.13887	0.04191	0.05680	0.00796	0.02531	0.01369	0.06266	0.11534	0.12833	0.03904	0.15924	0.04544	0.02774	0.00186	0.00464	0.02815	0.00394	0.05118
4	0.02876	0.04186	0.06653	0.03769	0.18272	0.01091	0.05757	0.18254	0.04360	0.09585	0.08153	0.02957	0.03541	0.00670	0.02558	0.00163	0.00532	0.00510	0.00380	0.05734
5	0.08034	0.10880	0.17076	0.01616	0.19960	0.03960	0.09471	0.05123	0.07029	0.01670	0.00955	0.01124	0.00753	0.00469	0.00469	0.00141	0.02146	0.00396	0.00273	0.08457
6	0.07300	0.18339	0.08025	0.02897	0.07170	0.04340	0.02533	0.07718	0.05923	0.01634	0.02743	0.03476	0.04945	0.02242	0.01811	0.00151	0.00511	0.03626	0.00313	0.14303
7	0.39054	0.01176	0.03867	0.04037	0.03502	0.06378	0.00775	0.20840	0.03155	0.02177	0.00908	0.01044	0.00702	0.00674	0.04034	0.02435	0.00525	0.00353	0.00340	0.04025
8	0.03730	0.00541	0.00664	0.00716	0.04246	0.00517	0.00476	0.00818	0.00956	0.01301	0.07893	0.19035	0.23156	0.16795	0.10046	0.03715	0.00450	0.00873	0.00379	0.03693

[dist]
# distance from previous block
# <min> <max>
0	3

[block]
# block no. 1 follows, 51 sequences, length 7
# corresponding to MSA columns:
# 180-186
name=unknown_B
#
# <colnr> <probs for GDERKNQSTAVLIFYWHMCP>
#	G	D	E	R	K	N	Q	S	T	A	V	L	I	F	Y	W	H	M	C	P
0	0.00653	0.00484	0.00592	0.00623	0.00705	0.00458	0.00443	0.00770	0.01003	0.01315	0.13264	0.23430	0.22509	0.17740	0.08011	0.00294	0.00409	0.06479	0.00419	0.00399
1	0.04922	0.04920	0.07295	0.08585	0.31761	0.01192	0.08788	0.10353	0.06183	0.04996	0.01136	0.01480	0.00922	0.00532	0.00492	0.00155	0.00581	0.04678	0.00312	0.00717
2	0.05119	0.01328	0.01554	0.26501	0.24764	0.19465	0.01214	0.03950	0.03504	0.03728	0.00920	0.01176	0.00727	0.00503	0.00511	0.00151	0.03571	0.00407	0.00266	0.00642
3	0.00884	0.00639	0.00709	0.00698	0.00816	0.03822	0.00507	0.01106	0.08569	0.06619	0.10942	0.13987	0.15131	0.20326	0.01098	0.04644	0.00385	0.08244	0.00422	0.00454
4	0.00938	0.00723	0.00982	0.05525	0.09741	0.00734	0.02918	0.07534	0.06503	0.03586	0.07071	0.18569	0.12360	0.08720	0.00797	0.03687	0.00413	0.06497	0.02173	0.00525
5	0.01280	0.05218	0.08302	0.05042	0.22517	0.17599	0.04289	0.05260	0.04698	0.03134	0.01219	0.08754	0.02571	0.00639	0.00562	0.00155	0.05718	0.02096	0.00297	0.00649
6	0.01267	0.05370	0.01736	0.17554	0.44362	0.08290	0.01284	0.01528	0.01133	0.07373	0.01152	0.01380	0.04426	0.00504	0.00480	0.00147	0.00594	0.00450	0.00275	0.00695

[dist]
# distance from previous block
# <min> <max>
3	10

[block]
# block no. 2 follows, 51 sequences, length 14
# corresponding to MSA columns:
# 198-202,204-212
name=unknown_C
#
# <colnr> <probs for GDERKNQSTAVLIFYWHMCP>
#	G	D	E	R	K	N	Q	S	T	A	V	L	I	F	Y	W	H	M	C	P
0	0.03532	0.04481	0.01088	0.00892	0.01121	0.00973	0.00720	0.16486	0.11554	0.06016	0.02966	0.03376	0.02962	0.01779	0.29916	0.00385	0.03557	0.02342	0.00375	0.05477
1	0.00988	0.00914	0.01494	0.39494	0.19156	0.01032	0.04803	0.03409	0.02639	0.01460	0.06834	0.01689	0.05483	0.00756	0.05134	0.00196	0.03129	0.00518	0.00278	0.00595
2	0.00849	0.00659	0.00810	0.00843	0.03158	0.05202	0.02967	0.01000	0.02667	0.06519	0.05084	0.45623	0.09018	0.04848	0.06624	0.00240	0.01954	0.01044	0.00420	0.00470
3	0.03170	0.01037	0.03104	0.23753	0.23052	0.05853	0.04692	0.05328	0.01143	0.01559	0.01260	0.04665	0.01140	0.00644	0.00507	0.00162	0.00574	0.11314	0.06432	0.00609
4	0.03930	0.02532	0.03356	0.04735	0.01116	0.00709	0.00652	0.03735	0.05669	0.20778	0.13585	0.15914	0.07646	0.05115	0.04125	0.00202	0.00419	0.00732	0.00456	0.04594
5	0.02893	0.00871	0.01090	0.15190	0.05820	0.02618	0.00814	0.13882	0.08890	0.09979	0.05300	0.14925	0.06094	0.04489	0.02541	0.00191	0.00475	0.00676	0.02653	0.00609
6	0.48141	0.01020	0.00981	0.00807	0.01145	0.01115	0.00665	0.17839	0.03701	0.18701	0.01093	0.01094	0.00770	0.00523	0.00390	0.00152	0.00422	0.00360	0.00414	0.00668
7	0.00879	0.00618	0.00822	0.00778	0.00879	0.00693	0.00591	0.07768	0.00967	0.03284	0.04141	0.06609	0.01451	0.12493	0.41234	0.04546	0.05367	0.00590	0.05830	0.00461
8	0.00848	0.03346	0.05743	0.02588	0.01103	0.02946	0.06222	0.04405	0.02566	0.01412	0.06018	0.23715	0.13196	0.10278	0.03587	0.00233	0.03625	0.07305	0.00381	0.00485
9	0.00662	0.00573	0.04150	0.02996	0.00885	0.00495	0.00565	0.00841	0.03831	0.01354	0.07043	0.59927	0.08250	0.01371	0.00608	0.00192	0.00322	0.05051	0.00445	0.00439
10	0.00704	0.00520	0.00757	0.00757	0.00833	0.00596	0.00573	0.00856	0.00780	0.01116	0.01346	0.02097	0.01301	0.13907	0.70659	0.00749	0.01208	0.00551	0.00268	0.00421
11	0.07477	0.04147	0.60303	0.07373	0.02145	0.01162	0.07648	0.01525	0.01027	0.01575	0.00870	0.01056	0.00628	0.00463	0.00462	0.00156	0.00698	0.00376	0.00219	0.00691
12	0.09952	0.11966	0.01522	0.03864	0.01438	0.12310	0.06849	0.17000	0.02911	0.01768	0.01048	0.01436	0.00901	0.00757	0.04168	0.00184	0.11993	0.05873	0.03445	0.00616
13	0.00789	0.00589	0.00671	0.00630	0.00796	0.00558	0.00484	0.04636	0.06880	0.03411	0.32302	0.03785	0.33879	0.01041	0.00561	0.00160	0.00276	0.03626	0.04434	0.00492

[dist]
# distance from previous block
# <min> <max>
0	1

[block]
# block no. 3 follows, 51 sequences, length 10
# corresponding to MSA columns:
# 214-217,220-225
name=unknown_D
#
# <colnr> <probs for GDERKNQSTAVLIFYWHMCP>
#	G	D	E	R	K	N	Q	S	T	A	V	L	I	F	Y	W	H	M	C	P
0	0.05150	0.54706	0.10752	0.05580	0.03453	0.03415	0.00978	0.03808	0.01069	0.05983	0.00813	0.00923	0.00671	0.00450	0.00364	0.00122	0.00552	0.00308	0.00248	0.00652
1	0.05375	0.04918	0.03095	0.10119	0.19700	0.17350	0.16823	0.04379	0.01189	0.06452	0.00935	0.01160	0.00731	0.00493	0.00545	0.00151	0.05219	0.00429	0.00275	0.00662
2	0.00637	0.00489	0.00585	0.00600	0.00718	0.00437	0.00445	0.00797	0.01180	0.01546	0.30393	0.19846	0.33772	0.01226	0.00595	0.00172	0.00262	0.05383	0.00486	0.00431
3	0.01571	0.29292	0.03738	0.01095	0.01417	0.36663	0.02479	0.04817	0.01254	0.05502	0.03515	0.01024	0.00811	0.00517	0.00467	0.00128	0.04474	0.00344	0.00274	0.00616
4	0.00797	0.00548	0.00791	0.00771	0.00852	0.00622	0.00585	0.00924	0.00798	0.04780	0.01321	0.02021	0.01253	0.13196	0.59441	0.06043	0.04011	0.00539	0.00279	0.00429
5	0.02584	0.06501	0.08037	0.01127	0.07309	0.04213	0.04562	0.13713	0.01349	0.10611	0.10715	0.08708	0.04392	0.00752	0.00511	0.00154	0.00483	0.07662	0.00403	0.06216
6	0.02611	0.08397	0.22222	0.03564	0.12003	0.01110	0.09040	0.06962	0.05483	0.08808	0.02429	0.01571	0.03132	0.09725	0.00705	0.00187	0.00584	0.00481	0.00314	0.00671
7	0.00724	0.00471	0.00567	0.00572	0.00583	0.00473	0.00344	0.00713	0.00730	0.00974	0.01582	0.06415	0.03784	0.60828	0.07213	0.12219	0.00508	0.00702	0.00295	0.00303
8	0.00750	0.00547	0.00696	0.00668	0.00726	0.00557	0.03331	0.00870	0.04221	0.01105	0.01795	0.03196	0.06209	0.56536	0.10883	0.00450	0.00565	0.06207	0.00321	0.00366
9	0.01135	0.07428	0.26466	0.05795	0.29223	0.02906	0.06023	0.03377	0.06211	0.01583	0.01147	0.01328	0.04211	0.00502	0.00478	0.00150	0.00621	0.00442	0.00261	0.00714

[dist]
# distance from previous block
# <min> <max>
0	31

[block]
# block no. 4 follows, 51 sequences, length 30
# corresponding to MSA columns:
# 257-286
name=unknown_E
#
# <colnr> <probs for GDERKNQSTAVLIFYWHMCP>
#	G	D	E	R	K	N	Q	S	T	A	V	L	I	F	Y	W	H	M	C	P
0	0.02975	0.13451	0.26588	0.05992	0.11358	0.01223	0.01234	0.06203	0.03104	0.05570	0.02993	0.02629	0.04924	0.00629	0.01727	0.00163	0.07836	0.00448	0.00286	0.00670
1	0.00706	0.00488	0.00601	0.00621	0.00647	0.00501	0.00402	0.00767	0.00807	0.01109	0.03666	0.18420	0.02052	0.48320	0.11955	0.00431	0.02191	0.02601	0.03362	0.00354
2	0.03730	0.10876	0.20442	0.07662	0.08515	0.27016	0.05187	0.06213	0.01220	0.01480	0.00836	0.01015	0.00660	0.00488	0.00478	0.00142	0.02778	0.00364	0.00248	0.00649
3	0.00710	0.00510	0.00696	0.00806	0.00888	0.00496	0.00648	0.00878	0.01058	0.01382	0.02728	0.35122	0.05717	0.01424	0.00655	0.00214	0.00381	0.44803	0.00454	0.00431
4	0.01132	0.03792	0.09847	0.00915	0.04347	0.00799	0.00781	0.03416	0.01084	0.06694	0.00947	0.01068	0.00750	0.00402	0.00390	0.00093	0.00426	0.00321	0.00303	0.62493
5	0.01372	0.74029	0.02443	0.00888	0.01290	0.10732	0.00853	0.01526	0.01042	0.01161	0.00692	0.00799	0.00631	0.00430	0.00330	0.00108	0.00566	0.00269	0.00215	0.00624
6	0.01222	0.01056	0.01111	0.01000	0.01278	0.01222	0.00778	0.02611	0.78776	0.02056	0.02000	0.01833	0.01500	0.00667	0.00500	0.00167	0.00389	0.00556	0.00500	0.00778
7	0.00706	0.00477	0.00557	0.00570	0.00579	0.00478	0.00339	0.00727	0.00749	0.01002	0.01671	0.10273	0.01923	0.69994	0.05517	0.00458	0.00493	0.02857	0.00315	0.00317
8	0.01189	0.01015	0.00968	0.00874	0.01001	0.16970	0.00644	0.06147	0.01036	0.08567	0.01270	0.02029	0.01226	0.31043	0.15461	0.00383	0.08844	0.00534	0.00316	0.00486
9	0.01832	0.01337	0.01439	0.01114	0.01498	0.01479	0.00917	0.70372	0.07776	0.05297	0.01261	0.01241	0.00895	0.00596	0.00492	0.00149	0.00526	0.00452	0.00496	0.00832
10	0.00854	0.00427	0.00640	0.00640	0.00640	0.00427	0.00427	0.00640	0.00640	0.00854	0.00854	0.01494	0.00854	0.01707	0.01921	0.85702	0.00427	0.00427	0.00213	0.00213
11	0.00714	0.00479	0.00547	0.00547	0.00551	0.00482	0.00311	0.00722	0.00718	0.00961	0.01538	0.03161	0.01763	0.79355	0.05843	0.00490	0.00512	0.00707	0.00296	0.00304
12	0.00781	0.00546	0.00677	0.00717	0.00802	0.02273	0.00507	0.02346	0.03185	0.05992	0.16532	0.54993	0.03164	0.01400	0.03452	0.00206	0.00341	0.01156	0.00471	0.00460
13	0.00721	0.00551	0.00646	0.00604	0.00754	0.00507	0.00458	0.05306	0.01345	0.01799	0.47508	0.03916	0.31935	0.01069	0.00575	0.00158	0.00256	0.00917	0.00507	0.00467
14	0.01107	0.00945	0.01008	0.00923	0.01172	0.01067	0.00719	0.02249	0.62969	0.01951	0.06809	0.02398	0.09706	0.00776	0.00521	0.00169	0.00368	0.03938	0.00496	0.00708
15	0.00974	0.02428	0.75590	0.01372	0.02063	0.01108	0.01756	0.01525	0.01043	0.01551	0.00981	0.01298	0.00750	0.00518	0.00479	0.00160	0.00710	0.04760	0.00222	0.00710
16	0.00599	0.00428	0.00570	0.00684	0.00713	0.00399	0.00456	0.00684	0.00941	0.01254	0.02709	0.82409	0.03250	0.01540	0.00627	0.00200	0.00285	0.01397	0.00456	0.00399
17	0.01057	0.01049	0.01471	0.01266	0.01271	0.01463	0.01053	0.01168	0.00754	0.01181	0.00677	0.01116	0.00673	0.00995	0.05383	0.00242	0.77995	0.00435	0.00217	0.00533
18	0.00692	0.00501	0.00643	0.00629	0.00744	0.00463	0.00477	0.00906	0.01312	0.01830	0.60513	0.08497	0.10969	0.01074	0.00584	0.00163	0.00253	0.06685	0.02608	0.00455
19	0.00854	0.00427	0.00640	0.00640	0.00640	0.00427	0.00427	0.00640	0.00640	0.00854	0.00854	0.01494	0.00854	0.01707	0.01921	0.85702	0.00427	0.00427	0.00213	0.00213
20	0.00750	0.00538	0.00742	0.00851	0.00951	0.00530	0.00717	0.00947	0.01096	0.01427	0.02700	0.19502	0.05435	0.01387	0.00666	0.00219	0.00415	0.60231	0.00453	0.00442
21	0.00600	0.00445	0.00560	0.00644	0.00704	0.00405	0.00440	0.00700	0.00998	0.01304	0.06965	0.63257	0.18270	0.01455	0.00616	0.00191	0.00275	0.01301	0.00460	0.00405
22	0.00908	0.00703	0.00810	0.00852	0.00990	0.04757	0.00699	0.07851	0.02588	0.01585	0.02509	0.17474	0.08260	0.01210	0.00611	0.00198	0.00425	0.41717	0.05365	0.00487
23	0.01039	0.00625	0.00796	0.00718	0.00899	0.00593	0.00557	0.02651	0.07754	0.16596	0.48092	0.06901	0.05742	0.00942	0.00562	0.00160	0.00297	0.03974	0.00539	0.00561
24	0.00934	0.00875	0.01472	0.76602	0.05895	0.01079	0.01353	0.01257	0.00991	0.01274	0.00924	0.01427	0.00721	0.00514	0.00496	0.00165	0.00647	0.02594	0.00226	0.00551
25	0.01101	0.00658	0.00820	0.00758	0.00924	0.00665	0.00576	0.07846	0.05743	0.15857	0.05071	0.16879	0.05855	0.10053	0.16264	0.00319	0.00554	0.02805	0.06706	0.00545
26	0.00865	0.00580	0.00810	0.00903	0.01030	0.00574	0.00788	0.01089	0.01145	0.05525	0.02568	0.05343	0.02745	0.01319	0.00669	0.00222	0.00451	0.72439	0.00461	0.00472
27	0.06953	0.00934	0.01238	0.06953	0.01468	0.03528	0.04600	0.05155	0.01364	0.58098	0.03501	0.01578	0.01157	0.00586	0.00487	0.00153	0.00470	0.00482	0.00525	0.00770
28	0.01082	0.10016	0.65175	0.01328	0.01973	0.04697	0.01639	0.01571	0.01047	0.03091	0.00871	0.01022	0.00637	0.00480	0.00491	0.00152	0.03449	0.00357	0.00218	0.00706
29	0.51140	0.11749	0.10118	0.00994	0.08400	0.02974	0.00819	0.01467	0.00929	0.01885	0.00741	0.00877	0.00591	0.00447	0.00347	0.00141	0.00467	0.00295	0.00274	0.05345

[dist]
# distance from previous block
# <min> <max>
0	14

[block]
# block no. 5 follows, 51 sequences, length 26
# corresponding to MSA columns:
# 301-326
name=unknown_F
#
# <colnr> <probs for GDERKNQSTAVLIFYWHMCP>
#	G	D	E	R	K	N	Q	S	T	A	V	L	I	F	Y	W	H	M	C	P
0	0.01216	0.28797	0.18973	0.08056	0.06013	0.07217	0.01111	0.02889	0.01063	0.05902	0.00980	0.04456	0.00836	0.00791	0.07184	0.00193	0.03024	0.00404	0.00258	0.00636
1	0.86201	0.00950	0.00722	0.00646	0.00950	0.01102	0.00532	0.01445	0.00836	0.02205	0.00684	0.00798	0.00532	0.00456	0.00304	0.00152	0.00380	0.00266	0.00304	0.00532
2	0.01074	0.06052	0.05214	0.28666	0.23844	0.01176	0.05880	0.03451	0.02791	0.01461	0.03754	0.01397	0.02625	0.00594	0.01540	0.01318	0.07811	0.00464	0.00257	0.00632
3	0.00789	0.00660	0.05620	0.02112	0.00851	0.00577	0.00547	0.00949	0.03774	0.04270	0.05315	0.17011	0.09023	0.34493	0.05590	0.00334	0.01883	0.05410	0.00368	0.00424
4	0.00766	0.00524	0.00646	0.00644	0.00771	0.00484	0.00479	0.00977	0.03923	0.06308	0.31720	0.22514	0.20547	0.01153	0.00581	0.00170	0.00274	0.04233	0.02814	0.00470
5	0.00943	0.00884	0.01471	0.64226	0.13661	0.01049	0.01307	0.01252	0.01019	0.01326	0.03094	0.01546	0.05120	0.00539	0.00498	0.00161	0.00612	0.00481	0.00243	0.00569
6	0.01662	0.05000	0.01603	0.01589	0.15542	0.56141	0.03753	0.04182	0.01331	0.01344	0.00804	0.00972	0.00670	0.00500	0.00485	0.00134	0.03061	0.00353	0.00256	0.00620
7	0.05840	0.03359	0.04508	0.06943	0.03699	0.14233	0.00787	0.10212	0.04136	0.03457	0.02695	0.01513	0.02398	0.02524	0.06798	0.00197	0.03530	0.00443	0.22154	0.00575
8	0.00801	0.00564	0.00659	0.00651	0.00804	0.00518	0.00495	0.05561	0.01204	0.06655	0.12340	0.21302	0.37648	0.01210	0.00588	0.00175	0.00301	0.07572	0.00478	0.00473
9	0.00730	0.00524	0.00657	0.00627	0.00762	0.00481	0.00480	0.00961	0.02713	0.03899	0.57625	0.03893	0.18119	0.01054	0.00582	0.00161	0.00256	0.05485	0.00521	0.00470
10	0.01194	0.02221	0.58308	0.01376	0.02003	0.06543	0.07153	0.03201	0.02979	0.08960	0.01014	0.01130	0.00713	0.00486	0.00477	0.00154	0.00704	0.00394	0.00264	0.00725
11	0.01947	0.00872	0.01136	0.00899	0.01231	0.00834	0.00737	0.05753	0.08188	0.59821	0.03539	0.01679	0.01267	0.00635	0.00558	0.00155	0.05355	0.00501	0.04103	0.00789
12	0.00725	0.00517	0.00708	0.00817	0.00898	0.00507	0.00661	0.00896	0.01051	0.01378	0.02593	0.30734	0.02924	0.04807	0.00738	0.00228	0.00398	0.48545	0.00447	0.00429
13	0.00854	0.00427	0.00640	0.00640	0.00640	0.00427	0.00427	0.00640	0.00640	0.00854	0.00854	0.01494	0.00854	0.01707	0.01921	0.85702	0.00427	0.00427	0.00213	0.00213
14	0.08182	0.13750	0.10704	0.01326	0.06946	0.09261	0.13720	0.04234	0.05509	0.12524	0.02576	0.02630	0.00911	0.00538	0.00523	0.00150	0.05080	0.00440	0.00322	0.00674
15	0.01368	0.78032	0.02488	0.00843	0.01261	0.01870	0.00834	0.01528	0.01023	0.05947	0.00759	0.00842	0.00666	0.00432	0.00326	0.00108	0.00519	0.00277	0.00234	0.00643
16	0.01054	0.00637	0.00801	0.00710	0.00901	0.00607	0.00549	0.01416	0.11005	0.17435	0.50372	0.03103	0.07617	0.00897	0.00553	0.00156	0.00289	0.00777	0.00545	0.00574
17	0.08832	0.10336	0.03060	0.04807	0.06927	0.17822	0.11098	0.10338	0.06435	0.07853	0.03059	0.03789	0.02412	0.00560	0.00465	0.00146	0.00606	0.00460	0.00337	0.00656
18	0.03518	0.01068	0.08279	0.02515	0.01313	0.06529	0.05131	0.02564	0.15031	0.16826	0.07920	0.06839	0.05815	0.00836	0.02098	0.00177	0.01922	0.08080	0.02905	0.00635
19	0.00945	0.00890	0.01504	0.77001	0.07802	0.01096	0.01373	0.01270	0.00991	0.01276	0.00876	0.01305	0.00662	0.00488	0.00491	0.00163	0.00651	0.00437	0.00220	0.00559
20	0.01404	0.00795	0.01007	0.00940	0.05975	0.00764	0.00700	0.07000	0.10694	0.30088	0.12374	0.02734	0.16320	0.00827	0.00535	0.00161	0.00381	0.06114	0.00516	0.00672
21	0.05584	0.03268	0.09169	0.04235	0.56828	0.03374	0.01397	0.03521	0.01127	0.01631	0.00983	0.02897	0.00846	0.00495	0.00478	0.00149	0.00585	0.02443	0.00258	0.00732
22	0.01125	0.01169	0.04022	0.02184	0.43288	0.07387	0.10310	0.01377	0.01091	0.01478	0.01249	0.16351	0.01229	0.01845	0.00590	0.00164	0.03574	0.00625	0.00283	0.00660
23	0.00602	0.00433	0.00573	0.00683	0.00718	0.00403	0.00461	0.00693	0.00952	0.01262	0.02787	0.77908	0.05953	0.01525	0.00627	0.00199	0.00288	0.03078	0.00456	0.00401
24	0.50179	0.05642	0.15774	0.00888	0.02978	0.01115	0.00836	0.01582	0.05285	0.07879	0.00900	0.00996	0.00675	0.00516	0.00412	0.02637	0.00462	0.00326	0.00311	0.00607
25	0.09353	0.06631	0.06018	0.01034	0.04806	0.02424	0.03922	0.15322	0.04754	0.13023	0.06081	0.06098	0.01247	0.00605	0.00459	0.00139	0.00465	0.01932	0.00396	0.15290

[dist]
# distance from previous block
# <min> <max>
0	13

[block]
# block no. 6 follows, 51 sequences, length 25
# corresponding to MSA columns:
# 340-364
name=unknown_G
#
# <colnr> <probs for GDERKNQSTAVLIFYWHMCP>
#	G	D	E	R	K	N	Q	S	T	A	V	L	I	F	Y	W	H	M	C	P
0	0.01743	0.01249	0.01457	0.03086	0.11537	0.02877	0.00969	0.47529	0.07040	0.13260	0.01282	0.01288	0.00914	0.00568	0.00487	0.00147	0.00524	0.00450	0.00460	0.03133
1	0.10393	0.00831	0.01954	0.04650	0.02075	0.05004	0.00641	0.03237	0.08709	0.16930	0.09400	0.13634	0.17365	0.02309	0.00550	0.00168	0.00388	0.00734	0.00451	0.00578
2	0.00989	0.00724	0.00990	0.03876	0.13358	0.00723	0.00756	0.01345	0.11106	0.08927	0.18113	0.08750	0.11083	0.04450	0.00645	0.00184	0.00390	0.12572	0.00444	0.00572
3	0.03488	0.01142	0.01709	0.39788	0.23820	0.07443	0.07724	0.06289	0.01147	0.01517	0.00903	0.01230	0.00703	0.00477	0.00489	0.00155	0.00654	0.00435	0.00250	0.00639
4	0.01270	0.10265	0.10435	0.03748	0.34112	0.01199	0.10727	0.05255	0.02851	0.07555	0.01090	0.01409	0.00885	0.00504	0.00484	0.00148	0.00593	0.03991	0.00292	0.03189
5	0.08307	0.02868	0.05292	0.01731	0.02144	0.06010	0.51423	0.01587	0.04324	0.01576	0.00950	0.01230	0.00735	0.00482	0.00643	0.00166	0.09126	0.00508	0.00258	0.00640
6	0.00658	0.00506	0.00613	0.00650	0.02381	0.00459	0.00463	0.00807	0.01136	0.01485	0.25229	0.16620	0.31901	0.08034	0.00754	0.00198	0.00292	0.06924	0.00462	0.00427
7	0.01121	0.01543	0.27007	0.04494	0.07592	0.02665	0.14532	0.05536	0.06260	0.04608	0.01350	0.03016	0.04808	0.02173	0.00640	0.00172	0.06936	0.04580	0.00300	0.00664
8	0.01128	0.04888	0.42321	0.03004	0.01803	0.02748	0.07027	0.04418	0.04654	0.08136	0.01405	0.05027	0.05472	0.00621	0.00520	0.00160	0.02331	0.03352	0.00304	0.00680
9	0.00620	0.00455	0.00588	0.00685	0.00735	0.00430	0.00470	0.00746	0.02775	0.01284	0.02858	0.69599	0.09815	0.01533	0.02303	0.00209	0.00311	0.03719	0.00453	0.00412
10	0.06165	0.01356	0.01429	0.01119	0.01470	0.04473	0.00922	0.63365	0.02053	0.04247	0.01108	0.01149	0.00804	0.00603	0.00574	0.00153	0.07346	0.00429	0.00452	0.00785
11	0.03882	0.06516	0.44199	0.01342	0.01864	0.01162	0.12443	0.04060	0.01045	0.01538	0.00974	0.03602	0.00785	0.00834	0.08461	0.00221	0.05733	0.00439	0.00240	0.00659
12	0.01124	0.01579	0.19002	0.01932	0.02476	0.01222	0.62031	0.01570	0.01134	0.01570	0.00971	0.01266	0.00720	0.00425	0.00556	0.00164	0.00807	0.00535	0.00240	0.00676
13	0.00695	0.00468	0.00542	0.00561	0.00566	0.00463	0.00325	0.00709	0.00753	0.01004	0.01746	0.16701	0.02036	0.68904	0.02182	0.00429	0.00444	0.00831	0.00325	0.00315
14	0.01358	0.01568	0.02016	0.04565	0.01994	0.29312	0.37628	0.01630	0.01234	0.03453	0.01301	0.03169	0.07355	0.00548	0.00527	0.00152	0.00772	0.00534	0.00280	0.00604
15	0.02115	0.00814	0.01108	0.00859	0.01221	0.00711	0.00707	0.02306	0.01374	0.74980	0.01908	0.01686	0.01218	0.00710	0.03181	0.00172	0.00443	0.00494	0.03181	0.00811
16	0.02141	0.00894	0.01171	0.00902	0.01280	0.00813	0.00744	0.09428	0.04031	0.70300	0.01870	0.01632	0.01190	0.00608	0.00494	0.00152	0.00429	0.00491	0.00594	0.00834
17	0.00619	0.00465	0.00557	0.00616	0.00692	0.00424	0.00428	0.00719	0.00996	0.01276	0.05616	0.41625	0.27911	0.10878	0.00832	0.00221	0.00303	0.04987	0.00440	0.00397
18	0.00605	0.00485	0.00540	0.00556	0.00686	0.00420	0.00406	0.00740	0.01132	0.01427	0.17697	0.20052	0.51004	0.01261	0.00590	0.00171	0.00253	0.01083	0.00471	0.00420
19	0.34105	0.02794	0.01012	0.00823	0.01136	0.05635	0.00666	0.09460	0.03699	0.27095	0.01352	0.07984	0.01049	0.00618	0.00426	0.00154	0.00434	0.00464	0.00435	0.00661
20	0.00702	0.00527	0.00790	0.00790	0.00878	0.00614	0.00614	0.00878	0.00790	0.01141	0.01316	0.01931	0.01229	0.03686	0.80782	0.00790	0.01316	0.00527	0.00263	0.00439
21	0.01314	0.83025	0.02575	0.00841	0.01261	0.01945	0.00841	0.01472	0.00999	0.01156	0.00683	0.00788	0.00631	0.00420	0.00315	0.00105	0.00526	0.00263	0.00210	0.00631
22	0.00993	0.02419	0.73599	0.01391	0.02057	0.01172	0.01754	0.01525	0.01014	0.01525	0.00862	0.01041	0.00624	0.00500	0.00563	0.00161	0.07513	0.00369	0.00208	0.00710
23	0.82591	0.00945	0.00740	0.00656	0.00963	0.01086	0.00540	0.01485	0.00861	0.05548	0.00738	0.00836	0.00562	0.00463	0.00312	0.00152	0.00382	0.00276	0.00317	0.00545
24	0.00602	0.00456	0.00556	0.00621	0.00700	0.00410	0.00431	0.00713	0.01036	0.01341	0.10323	0.51495	0.26737	0.01401	0.00609	0.00185	0.00269	0.01241	0.00464	0.00410

[dist]
# distance from previous block
# <min> <max>
0	1

[block]
# block no. 7 follows, 51 sequences, length 20
# corresponding to MSA columns:
# 366-385
name=unknown_H
#
# <colnr> <probs for GDERKNQSTAVLIFYWHMCP>
#	G	D	E	R	K	N	Q	S	T	A	V	L	I	F	Y	W	H	M	C	P
0	0.12395	0.01270	0.03656	0.01023	0.01373	0.02837	0.00851	0.49891	0.10716	0.02638	0.01218	0.01294	0.00912	0.03275	0.02513	0.00176	0.00526	0.00439	0.02249	0.00747
1	0.03598	0.52769	0.10444	0.00979	0.01408	0.09771	0.00960	0.12279	0.01223	0.01503	0.00782	0.00880	0.00656	0.00459	0.00369	0.00120	0.00582	0.00304	0.00256	0.00661
2	0.01314	0.83025	0.02575	0.00841	0.01261	0.01945	0.00841	0.01472	0.00999	0.01156	0.00683	0.00788	0.00631	0.00420	0.00315	0.00105	0.00526	0.00263	0.00210	0.00631
3	0.00997	0.00893	0.01395	0.18711	0.33725	0.00941	0.01108	0.01348	0.07132	0.01567	0.09250	0.06376	0.07160	0.00681	0.00514	0.00158	0.00490	0.03454	0.03474	0.00627
4	0.00844	0.00724	0.05751	0.03769	0.00995	0.00635	0.00629	0.01138	0.05636	0.06180	0.42925	0.03197	0.16987	0.00933	0.00610	0.00160	0.04730	0.00787	0.02854	0.00517
5	0.00606	0.00433	0.00578	0.00692	0.00724	0.00405	0.00468	0.00696	0.00948	0.01262	0.02705	0.79620	0.03235	0.01533	0.00629	0.00201	0.00291	0.04117	0.00456	0.00401
6	0.02190	0.00860	0.01155	0.00886	0.01266	0.00758	0.00732	0.05735	0.01446	0.76607	0.01905	0.01651	0.01200	0.00607	0.00494	0.00152	0.00424	0.00492	0.00603	0.00836
7	0.47678	0.01009	0.00952	0.00788	0.01118	0.02997	0.00647	0.13891	0.01229	0.21172	0.01098	0.01105	0.00772	0.00519	0.00385	0.00150	0.00423	0.00357	0.03060	0.00653
8	0.02077	0.00835	0.01139	0.00886	0.01234	0.00753	0.00730	0.02265	0.01370	0.72290	0.05280	0.01728	0.01336	0.00639	0.00559	0.00156	0.04828	0.00508	0.00584	0.00804
9	0.00616	0.00455	0.00577	0.00641	0.00710	0.00415	0.00445	0.00739	0.01064	0.01418	0.19338	0.53524	0.15492	0.01380	0.00610	0.00185	0.00268	0.01233	0.00474	0.00415
10	0.00844	0.00433	0.00650	0.00650	0.00655	0.00439	0.00439	0.00655	0.00650	0.00872	0.00883	0.01521	0.00877	0.01832	0.06877	0.80366	0.00483	0.00433	0.00217	0.00228
11	0.03609	0.00924	0.04363	0.69356	0.03046	0.01064	0.01280	0.02707	0.00989	0.01313	0.00916	0.01401	0.00725	0.05660	0.00611	0.00182	0.00636	0.00446	0.00231	0.00542
12	0.00918	0.00854	0.01401	0.73281	0.03135	0.01052	0.01287	0.01267	0.03432	0.01290	0.01136	0.01591	0.04211	0.00553	0.00501	0.00166	0.00623	0.02512	0.00244	0.00545
13	0.00699	0.00481	0.00556	0.00575	0.00601	0.00471	0.00357	0.00735	0.00804	0.01054	0.02041	0.10401	0.08998	0.61919	0.02022	0.00405	0.00437	0.06778	0.00338	0.00329
14	0.00679	0.00475	0.00610	0.00642	0.00672	0.00489	0.00423	0.00747	0.00798	0.01086	0.01818	0.25321	0.02060	0.39760	0.21751	0.00477	0.00634	0.00860	0.00334	0.00362
15	0.06453	0.03397	0.08297	0.02374	0.06072	0.08852	0.27115	0.15523	0.03016	0.06295	0.03661	0.01302	0.00912	0.00510	0.00513	0.00153	0.01697	0.00476	0.02700	0.00685
16	0.04491	0.00863	0.06112	0.11618	0.05459	0.00802	0.09173	0.06311	0.01108	0.01556	0.01813	0.28567	0.01898	0.00967	0.00557	0.00180	0.00479	0.12530	0.04985	0.00533
17	0.05619	0.06866	0.26816	0.03428	0.08870	0.14781	0.06697	0.11663	0.01257	0.03170	0.00895	0.01061	0.00685	0.00507	0.00530	0.00150	0.05663	0.00385	0.00272	0.00685
18	0.02210	0.02511	0.09656	0.00794	0.02713	0.07216	0.00680	0.05137	0.02069	0.01739	0.02535	0.01529	0.01077	0.00687	0.04152	0.00153	0.01982	0.00423	0.43998	0.08738
19	0.03814	0.30346	0.04217	0.00968	0.01298	0.25702	0.00836	0.06745	0.02655	0.04632	0.07828	0.01373	0.05306	0.00567	0.00419	0.00128	0.00590	0.00406	0.00309	0.01862

[dist]
# distance from previous block
# <min> <max>
0	2

[block]
# block no. 8 follows, 51 sequences, length 14
# corresponding to MSA columns:
# 388-401
name=unknown_I
#
# <colnr> <probs for GDERKNQSTAVLIFYWHMCP>
#	G	D	E	R	K	N	Q	S	T	A	V	L	I	F	Y	W	H	M	C	P
0	0.01097	0.00753	0.00927	0.00729	0.01048	0.00620	0.00572	0.01289	0.01070	0.13562	0.08108	0.04471	0.03413	0.05339	0.08894	0.00195	0.00460	0.00479	0.00369	0.46602
1	0.01016	0.04700	0.49896	0.03602	0.04363	0.01099	0.01454	0.01485	0.03632	0.03759	0.08539	0.01550	0.01163	0.00602	0.00583	0.00162	0.07525	0.03925	0.00274	0.00670
2	0.01231	0.05729	0.01643	0.03286	0.11524	0.16272	0.11026	0.03292	0.02736	0.02501	0.01157	0.10067	0.03099	0.00719	0.00814	0.00169	0.23314	0.00546	0.00281	0.00594
3	0.00618	0.00470	0.00569	0.00607	0.00702	0.00421	0.00431	0.00754	0.01115	0.01462	0.23164	0.36914	0.28383	0.01306	0.00600	0.00177	0.00260	0.01149	0.00478	0.00421
4	0.01039	0.07415	0.70672	0.01328	0.02008	0.01159	0.01684	0.01562	0.01057	0.04147	0.02959	0.01112	0.00748	0.00483	0.00461	0.00152	0.00691	0.00375	0.00230	0.00717
5	0.01198	0.07122	0.01420	0.11379	0.23854	0.03143	0.00996	0.02457	0.08099	0.10983	0.01547	0.09530	0.04634	0.03815	0.02073	0.00181	0.02656	0.02650	0.01620	0.00644
6	0.00627	0.00450	0.00570	0.00655	0.00715	0.00416	0.00456	0.00739	0.01002	0.01339	0.06652	0.59641	0.13966	0.01414	0.00607	0.00190	0.00283	0.05118	0.04749	0.00410
7	0.00756	0.00513	0.00663	0.00627	0.00753	0.00468	0.00469	0.00967	0.01338	0.05806	0.64217	0.09312	0.10162	0.01042	0.00579	0.00159	0.00246	0.00917	0.00532	0.00474
8	0.02336	0.01064	0.04249	0.10127	0.36938	0.02745	0.02558	0.03001	0.02946	0.03445	0.03508	0.01887	0.10826	0.00688	0.01715	0.00169	0.07634	0.03209	0.00300	0.00655
9	0.00720	0.00543	0.00782	0.00772	0.00843	0.00632	0.00586	0.00866	0.00777	0.01114	0.01323	0.02091	0.01289	0.15733	0.65287	0.00717	0.04688	0.00551	0.00266	0.00421
10	0.00678	0.00520	0.00622	0.00593	0.00731	0.00475	0.00446	0.00916	0.04041	0.01768	0.52897	0.03944	0.28425	0.01069	0.00577	0.00159	0.00243	0.00924	0.00512	0.00459
11	0.00928	0.00873	0.01474	0.81548	0.03385	0.01092	0.01365	0.01256	0.00983	0.01256	0.00873	0.01310	0.00655	0.00491	0.00491	0.00164	0.00655	0.00437	0.00218	0.00546
12	0.01151	0.01239	0.06314	0.11598	0.33181	0.04650	0.12596	0.03145	0.01087	0.01497	0.01036	0.01428	0.02657	0.00564	0.00679	0.00164	0.13028	0.03066	0.00253	0.00667
13	0.01229	0.01362	0.04367	0.01782	0.02194	0.05393	0.52614	0.06189	0.07690	0.01643	0.01037	0.01302	0.00794	0.00500	0.00670	0.00168	0.09586	0.00534	0.00280	0.00666

[dist]
# distance from previous block
# <min> <max>
0	5

[block]
# block no. 9 follows, 51 sequences, length 7
# corresponding to MSA columns:
# 407-413
name=unknown_J
#
# <colnr> <probs for GDERKNQSTAVLIFYWHMCP>
#	G	D	E	R	K	N	Q	S	T	A	V	L	I	F	Y	W	H	M	C	P
0	0.00810	0.00572	0.00679	0.00657	0.00820	0.00528	0.00514	0.03201	0.03783	0.06781	0.25923	0.06873	0.34053	0.01121	0.00585	0.00171	0.00298	0.11652	0.00493	0.00486
1	0.01248	0.01130	0.03284	0.18058	0.07640	0.12288	0.02947	0.10682	0.03477	0.06441	0.04850	0.03838	0.02485	0.08300	0.00731	0.00183	0.04793	0.00514	0.06516	0.00594
2	0.00943	0.00871	0.06245	0.10216	0.01362	0.03937	0.02855	0.06782	0.01146	0.04399	0.05109	0.21686	0.08523	0.01184	0.05080	0.00217	0.03824	0.14710	0.00389	0.00522
3	0.00653	0.00486	0.00670	0.09995	0.00996	0.00490	0.00539	0.00754	0.00914	0.01213	0.02335	0.62017	0.02747	0.12730	0.00873	0.00234	0.00354	0.01191	0.00407	0.00402
4	0.05272	0.61131	0.05988	0.00891	0.01262	0.01682	0.00881	0.01406	0.00994	0.01263	0.00912	0.01366	0.00880	0.00557	0.00436	0.00130	0.05043	0.09058	0.00243	0.00605
5	0.01367	0.05477	0.04549	0.05363	0.23150	0.15685	0.04037	0.16898	0.03733	0.01837	0.10060	0.03262	0.01266	0.00580	0.00488	0.00145	0.00592	0.00488	0.00338	0.00682
6	0.00795	0.00680	0.00997	0.00936	0.03107	0.00653	0.11037	0.03484	0.07070	0.01513	0.08459	0.29916	0.21889	0.01135	0.00592	0.00180	0.00381	0.06244	0.00433	0.00500

[dist]
# distance from previous block
# <min> <max>
0	7

[block]
# block no. 10 follows, 51 sequences, length 6
# corresponding to MSA columns:
# 421-426
name=unknown_K
#
# <colnr> <probs for GDERKNQSTAVLIFYWHMCP>
#	G	D	E	R	K	N	Q	S	T	A	V	L	I	F	Y	W	H	M	C	P
0	0.01146	0.29534	0.18755	0.01454	0.11776	0.01387	0.14808	0.01525	0.05567	0.01462	0.04096	0.04425	0.00983	0.00514	0.00450	0.00141	0.00600	0.00450	0.00260	0.00668
1	0.00640	0.00474	0.00561	0.00602	0.00676	0.00437	0.00414	0.00737	0.00989	0.01278	0.09588	0.30084	0.25323	0.20466	0.01053	0.00252	0.00324	0.05289	0.00426	0.00388
2	0.00762	0.00547	0.00720	0.04047	0.06360	0.00526	0.00522	0.00874	0.00989	0.04482	0.11283	0.27535	0.13828	0.23993	0.01118	0.00260	0.00369	0.00952	0.00403	0.00431
3	0.01155	0.11431	0.04909	0.11132	0.13189	0.01119	0.04178	0.10586	0.05981	0.04325	0.03725	0.03932	0.05032	0.02692	0.05152	0.05174	0.03354	0.01993	0.00323	0.00617
4	0.01232	0.03022	0.07007	0.12867	0.30828	0.04404	0.04970	0.06851	0.03697	0.06875	0.03889	0.01502	0.03035	0.03210	0.02553	0.00178	0.02410	0.00481	0.00305	0.00684
5	0.01253	0.05877	0.01427	0.07994	0.15442	0.01078	0.00926	0.12886	0.07352	0.04677	0.01034	0.01180	0.00816	0.00482	0.00491	0.00124	0.04552	0.00386	0.00326	0.31698

[dist]
# distance from previous block
# <min> <max>
1	2

[block]
# block no. 11 follows, 51 sequences, length 6
# corresponding to MSA columns:
# 430-435
name=unknown_L
#
# <colnr> <probs for GDERKNQSTAVLIFYWHMCP>
#	G	D	E	R	K	N	Q	S	T	A	V	L	I	F	Y	W	H	M	C	P
0	0.00732	0.00529	0.00620	0.00610	0.00736	0.00494	0.00443	0.00918	0.04424	0.04929	0.18261	0.13412	0.32584	0.11883	0.06978	0.00255	0.00375	0.00927	0.00446	0.00444
1	0.01217	0.03229	0.04305	0.05873	0.21073	0.03040	0.08209	0.11769	0.05303	0.06550	0.01623	0.10650	0.08124	0.00684	0.00532	0.00155	0.02145	0.00605	0.00354	0.04560
2	0.07437	0.00471	0.00631	0.00637	0.00664	0.00480	0.00428	0.00713	0.00694	0.01009	0.01094	0.10317	0.01159	0.07806	0.01700	0.63287	0.00412	0.00541	0.00253	0.00265
3	0.00857	0.01143	0.21151	0.07306	0.05410	0.00789	0.03998	0.01185	0.03828	0.03215	0.13732	0.17937	0.13667	0.00892	0.00569	0.00168	0.02448	0.00775	0.00367	0.00562
4	0.01284	0.19609	0.05742	0.01027	0.04771	0.10176	0.00848	0.11957	0.06675	0.01655	0.01026	0.03848	0.00872	0.00662	0.04499	0.00151	0.00560	0.00387	0.00308	0.23941
5	0.00753	0.00589	0.00719	0.00768	0.04029	0.00563	0.00531	0.06403	0.03321	0.01503	0.08613	0.35842	0.25115	0.01351	0.04724	0.00206	0.00360	0.01044	0.00442	0.03123

[dist]
# distance from previous block
# <min> <max>
0	212

# created by:
# /st0/software/busco_prod/Augustus/scripts/msa2prfl.pl ./align_prep/100138.fa
