[name]
unknown

[dist]
# distance from previous block
# <min> <max>
0	26

[block]
# block no. 0 follows, 60 sequences, length 124
# corresponding to MSA columns:
# 192-289,363-386,395,396
name=unknown_A
#
# <colnr> <probs for GDERKNQSTAVLIFYWHMCP>
#	G	D	E	R	K	N	Q	S	T	A	V	L	I	F	Y	W	H	M	C	P
0	0.01056	0.01013	0.01729	0.09991	0.74818	0.01030	0.01327	0.01318	0.00982	0.01397	0.00816	0.01087	0.00681	0.00393	0.00432	0.00131	0.00524	0.00389	0.00214	0.00672
1	0.00979	0.00781	0.00918	0.00660	0.01044	0.00598	0.00529	0.02523	0.00944	0.06168	0.00835	0.00941	0.00673	0.00339	0.00332	0.00070	0.00329	0.00271	0.00278	0.80788
2	0.01026	0.00897	0.01141	0.03171	0.21523	0.00983	0.00831	0.04336	0.45541	0.01690	0.07881	0.05601	0.02249	0.00601	0.00452	0.00143	0.00382	0.00525	0.00381	0.00646
3	0.01127	0.00958	0.01010	0.00896	0.01150	0.01105	0.00701	0.08086	0.75327	0.01893	0.01721	0.01584	0.01288	0.00587	0.00443	0.00147	0.00355	0.00486	0.00443	0.00694
4	0.00941	0.00839	0.01309	0.44820	0.03959	0.01068	0.02100	0.01154	0.00837	0.05980	0.02749	0.01159	0.00698	0.00566	0.00788	0.00160	0.29751	0.00400	0.00221	0.00502
5	0.01007	0.00963	0.01640	0.25490	0.59702	0.01017	0.01303	0.01275	0.00959	0.01337	0.00808	0.01103	0.00660	0.00402	0.00433	0.00134	0.00536	0.00388	0.00210	0.00633
6	0.82895	0.00845	0.00666	0.00588	0.00862	0.00970	0.00485	0.02477	0.00783	0.05335	0.00660	0.00746	0.00502	0.00412	0.00279	0.00135	0.00341	0.00247	0.00284	0.00488
7	0.01060	0.01016	0.01735	0.08927	0.75856	0.01031	0.01329	0.01321	0.00984	0.01401	0.00817	0.01086	0.00682	0.00392	0.00432	0.00131	0.00523	0.00389	0.00214	0.00675
8	0.01001	0.00962	0.01662	0.23397	0.55535	0.01008	0.05191	0.01272	0.00964	0.01340	0.00852	0.01209	0.00710	0.00422	0.00442	0.00136	0.00542	0.02514	0.00215	0.00625
9	0.01121	0.00575	0.00735	0.00630	0.00825	0.00521	0.00492	0.01304	0.02840	0.32071	0.29350	0.03669	0.16962	0.04734	0.00581	0.00153	0.01768	0.00665	0.00472	0.00528
10	0.00528	0.00395	0.00490	0.00567	0.00622	0.00358	0.00387	0.00612	0.00874	0.01129	0.02895	0.64853	0.22103	0.01303	0.00547	0.00170	0.00245	0.01162	0.00405	0.00358
11	0.00659	0.03990	0.03746	0.00719	0.00833	0.00523	0.05080	0.00809	0.02425	0.03085	0.05077	0.55040	0.08790	0.01145	0.00543	0.00167	0.01539	0.05040	0.00381	0.00410
12	0.01401	0.09410	0.04767	0.03626	0.29193	0.05488	0.01000	0.19195	0.02943	0.17197	0.01032	0.01104	0.00762	0.00456	0.00417	0.00128	0.00494	0.00377	0.00328	0.00682
13	0.00945	0.00899	0.01528	0.45177	0.40501	0.01001	0.01272	0.01221	0.00930	0.01262	0.00797	0.01123	0.00633	0.00414	0.00434	0.00138	0.00551	0.00388	0.00204	0.00583
14	0.00884	0.02194	0.77827	0.01277	0.01910	0.01018	0.06135	0.01382	0.00927	0.01382	0.00788	0.00935	0.00559	0.00412	0.00420	0.00139	0.00650	0.00333	0.00186	0.00641
15	0.00961	0.00783	0.00917	0.00658	0.01043	0.00599	0.00528	0.02742	0.00941	0.04601	0.00818	0.00930	0.00665	0.00336	0.00330	0.00069	0.00328	0.00268	0.00273	0.82211
16	0.01051	0.01075	0.02037	0.05794	0.50195	0.01057	0.29529	0.01350	0.01001	0.01402	0.00841	0.01118	0.00676	0.00383	0.00462	0.00136	0.00598	0.00434	0.00217	0.00646
17	0.00649	0.00472	0.00582	0.00595	0.00696	0.00437	0.00423	0.00831	0.05772	0.03571	0.17407	0.42820	0.12349	0.04618	0.00588	0.00166	0.00261	0.00955	0.00409	0.06399
18	0.00562	0.00483	0.01712	0.00534	0.02527	0.00405	0.00393	0.00704	0.01049	0.01328	0.23966	0.03817	0.57717	0.02221	0.00536	0.00148	0.00233	0.00862	0.00414	0.00389
19	0.00875	0.02256	0.82413	0.01243	0.01888	0.01013	0.01611	0.01381	0.00921	0.01381	0.00783	0.00921	0.00552	0.00414	0.00414	0.00138	0.00645	0.00322	0.00184	0.00645
20	0.24793	0.22888	0.02362	0.00830	0.01113	0.27875	0.00693	0.05619	0.01021	0.03287	0.00715	0.00864	0.00603	0.03976	0.00410	0.00128	0.00533	0.00281	0.00247	0.01761
21	0.01157	0.00769	0.00925	0.00771	0.03121	0.01714	0.00592	0.01521	0.14870	0.21117	0.10964	0.03123	0.02661	0.00534	0.00426	0.00113	0.01813	0.00442	0.00388	0.32978
22	0.01050	0.01007	0.01718	0.11838	0.73017	0.01029	0.01324	0.01313	0.00979	0.01390	0.00815	0.01089	0.00678	0.00394	0.00432	0.00131	0.00525	0.00388	0.00213	0.00667
23	0.01033	0.02780	0.13270	0.12477	0.10402	0.06887	0.33643	0.02473	0.06382	0.01358	0.00893	0.01150	0.00693	0.02121	0.00518	0.00147	0.02525	0.00432	0.00229	0.00587
24	0.01221	0.00790	0.00903	0.00793	0.01035	0.00835	0.00636	0.06781	0.37072	0.19646	0.01813	0.02004	0.04081	0.00649	0.00446	0.00144	0.00347	0.09362	0.09007	0.02437
25	0.00573	0.00403	0.00517	0.00591	0.00638	0.00373	0.00405	0.00657	0.00862	0.02671	0.04325	0.63468	0.11152	0.07059	0.00666	0.00190	0.00269	0.04421	0.00399	0.00360
26	0.00651	0.00423	0.00478	0.00482	0.00518	0.00422	0.00302	0.00710	0.00725	0.01032	0.01654	0.05814	0.08000	0.54123	0.07382	0.00354	0.00414	0.00629	0.15576	0.00310
27	0.00568	0.00420	0.00516	0.00565	0.00632	0.00390	0.00401	0.00668	0.00900	0.01172	0.10373	0.37638	0.21558	0.12279	0.02004	0.00209	0.00292	0.08669	0.00391	0.00356
28	0.01010	0.08978	0.11875	0.12167	0.28695	0.03279	0.17997	0.01297	0.00950	0.01298	0.00802	0.01063	0.00647	0.00494	0.02617	0.01809	0.01864	0.00388	0.00208	0.02561
29	0.84266	0.00839	0.00656	0.00582	0.00854	0.00965	0.00479	0.01316	0.00763	0.05220	0.00653	0.00740	0.00497	0.00410	0.00277	0.00135	0.00339	0.00244	0.00281	0.00483
30	0.00998	0.00879	0.01361	0.54072	0.16491	0.02338	0.01149	0.08788	0.01021	0.04199	0.00871	0.02868	0.00681	0.00465	0.00455	0.00142	0.02026	0.00406	0.00238	0.00552
31	0.01182	0.01222	0.01560	0.08733	0.52252	0.17802	0.01172	0.03776	0.04459	0.01380	0.00879	0.01088	0.01703	0.00426	0.00426	0.00128	0.00566	0.00378	0.00234	0.00634
32	0.03392	0.00789	0.00855	0.00728	0.00971	0.00834	0.00575	0.12257	0.30438	0.09219	0.03657	0.01528	0.02477	0.00543	0.00395	0.00125	0.00323	0.00439	0.21426	0.09028
33	0.12960	0.01238	0.01201	0.00953	0.01276	0.08699	0.00777	0.59648	0.05119	0.02453	0.00986	0.01003	0.00715	0.00504	0.00411	0.00130	0.00483	0.00366	0.00396	0.00683
34	0.17528	0.07378	0.27013	0.01122	0.04887	0.04301	0.12719	0.01345	0.00926	0.04866	0.02046	0.02852	0.00698	0.00436	0.00410	0.00129	0.02184	0.00357	0.00240	0.08564
35	0.00883	0.13172	0.06003	0.07832	0.07628	0.06479	0.01798	0.01150	0.07633	0.02919	0.02831	0.12880	0.18059	0.00850	0.03940	0.00163	0.00445	0.03100	0.01737	0.00497
36	0.02281	0.00536	0.00644	0.00608	0.00750	0.00521	0.00462	0.01089	0.12103	0.07775	0.39924	0.11515	0.14885	0.00899	0.00498	0.00145	0.00252	0.02881	0.01768	0.00463
37	0.00959	0.00940	0.01261	0.30332	0.14494	0.11025	0.05670	0.03016	0.04368	0.01328	0.11316	0.03738	0.01296	0.02633	0.00503	0.00149	0.00522	0.05658	0.00276	0.00517
38	0.01283	0.24175	0.03436	0.05550	0.07288	0.17643	0.11558	0.16187	0.01203	0.02541	0.00865	0.04746	0.00732	0.00469	0.00400	0.00122	0.00572	0.00381	0.00263	0.00587
39	0.00878	0.00457	0.00546	0.00531	0.00642	0.00433	0.00389	0.01029	0.00951	0.13299	0.09345	0.20187	0.03140	0.07443	0.02224	0.00165	0.00276	0.00659	0.36973	0.00433
40	0.00642	0.00447	0.00612	0.00704	0.00772	0.00432	0.00553	0.00782	0.00932	0.02725	0.03896	0.42974	0.02695	0.01264	0.00576	0.00187	0.00326	0.38688	0.00407	0.00385
41	0.01069	0.01030	0.01721	0.03803	0.77363	0.02257	0.01304	0.01322	0.00991	0.01406	0.00860	0.03322	0.00746	0.00417	0.00435	0.00131	0.00516	0.00410	0.00221	0.00676
42	0.01166	0.79213	0.05638	0.00777	0.01158	0.03884	0.00785	0.01321	0.00897	0.01042	0.00616	0.00711	0.00559	0.00377	0.00289	0.00096	0.00483	0.00238	0.00187	0.00562
43	0.00550	0.00404	0.00507	0.00578	0.00631	0.00373	0.00400	0.00638	0.00873	0.01139	0.05315	0.56405	0.16981	0.07316	0.00671	0.00190	0.00267	0.06010	0.00397	0.00355
44	0.00754	0.00681	0.00962	0.03093	0.01037	0.06616	0.08637	0.00924	0.00778	0.01059	0.01101	0.03440	0.01024	0.04053	0.59828	0.00550	0.04336	0.00474	0.00233	0.00421
45	0.01085	0.27645	0.03039	0.01189	0.07343	0.06123	0.19051	0.02771	0.03870	0.04188	0.02567	0.09540	0.02186	0.00547	0.00493	0.00132	0.06949	0.00468	0.00257	0.00556
46	0.00543	0.00394	0.00507	0.00593	0.00632	0.00366	0.00404	0.00624	0.00849	0.01115	0.02552	0.68521	0.10823	0.05562	0.00639	0.00188	0.00265	0.04674	0.00398	0.00353
47	0.01067	0.01023	0.01747	0.06674	0.78053	0.01033	0.01332	0.01327	0.00987	0.01410	0.00818	0.01084	0.00685	0.00391	0.00432	0.00130	0.00521	0.00389	0.00215	0.00681
48	0.01096	0.01024	0.01742	0.04313	0.78328	0.01025	0.01319	0.01353	0.00997	0.03401	0.00842	0.01091	0.00698	0.00393	0.00432	0.00130	0.00516	0.00390	0.00223	0.00688
49	0.00895	0.00766	0.00895	0.00645	0.01024	0.00576	0.00514	0.01086	0.00903	0.01414	0.00814	0.02896	0.00699	0.00348	0.00329	0.00067	0.00321	0.00282	0.00262	0.85264
50	0.06219	0.36532	0.08668	0.00855	0.01132	0.10077	0.02413	0.03146	0.00922	0.01186	0.00994	0.17107	0.01016	0.00616	0.00460	0.00128	0.07304	0.00465	0.00245	0.00514
51	0.12787	0.00681	0.00837	0.00681	0.00946	0.00634	0.00551	0.03172	0.01170	0.47914	0.17234	0.01820	0.04336	0.00608	0.00428	0.00134	0.00323	0.00494	0.04636	0.00614
52	0.00999	0.00792	0.01327	0.07552	0.20014	0.00780	0.14668	0.02786	0.01050	0.11698	0.12089	0.10708	0.07109	0.00662	0.00502	0.00144	0.02330	0.02474	0.01762	0.00553
53	0.00755	0.00564	0.00795	0.04695	0.07332	0.00566	0.01849	0.03960	0.01000	0.03512	0.09944	0.16134	0.09013	0.04816	0.06580	0.00217	0.00421	0.25497	0.01914	0.00437
54	0.00597	0.00424	0.00572	0.00666	0.00716	0.00409	0.00498	0.00711	0.00880	0.01162	0.02306	0.51989	0.02674	0.06586	0.00678	0.00201	0.00315	0.27858	0.00395	0.00365
55	0.03580	0.01319	0.03455	0.09890	0.02968	0.19490	0.14959	0.21720	0.10363	0.03396	0.00963	0.01084	0.00725	0.00479	0.00473	0.00136	0.03693	0.00395	0.00305	0.00609
56	0.03127	0.01000	0.03727	0.32747	0.36829	0.02751	0.09132	0.01262	0.00941	0.01302	0.00795	0.01098	0.00633	0.00415	0.00459	0.00139	0.02455	0.00393	0.00208	0.00588
57	0.01137	0.01151	0.01686	0.08929	0.61146	0.10954	0.04046	0.03224	0.01039	0.01387	0.00807	0.01053	0.00667	0.00402	0.00430	0.00129	0.00562	0.00380	0.00221	0.00649
58	0.01555	0.01940	0.01248	0.01124	0.01326	0.72484	0.00855	0.03068	0.01188	0.01095	0.00670	0.00810	0.00566	0.00485	0.00508	0.00121	0.09931	0.00294	0.00225	0.00507
59	0.01175	0.71864	0.05533	0.00805	0.01171	0.04767	0.02199	0.01334	0.00907	0.02748	0.00657	0.00758	0.00582	0.00392	0.00322	0.00100	0.02246	0.00254	0.01625	0.00561
60	0.00548	0.00441	0.00468	0.00467	0.00587	0.00384	0.00339	0.00654	0.00966	0.01191	0.11944	0.03919	0.59908	0.13443	0.00770	0.00188	0.00254	0.02780	0.00392	0.00358
61	0.00783	0.00635	0.00755	0.03278	0.00917	0.00694	0.00559	0.02880	0.29054	0.01472	0.11743	0.36415	0.03917	0.00963	0.00538	0.00160	0.03486	0.00841	0.00414	0.00496
62	0.00839	0.00711	0.00829	0.00623	0.00958	0.00545	0.00494	0.01023	0.00932	0.01408	0.05831	0.03186	0.08666	0.00470	0.00363	0.00082	0.00307	0.01937	0.00291	0.70504
63	0.00632	0.00422	0.00476	0.00479	0.00480	0.00421	0.00268	0.00634	0.00639	0.00852	0.01400	0.04872	0.01618	0.82610	0.02179	0.00417	0.00419	0.00649	0.00268	0.00266
64	0.00912	0.12837	0.72158	0.01180	0.01789	0.01104	0.01501	0.01372	0.00916	0.01336	0.00760	0.00893	0.00553	0.00409	0.00397	0.00132	0.00622	0.00311	0.00184	0.00634
65	0.01323	0.56893	0.01932	0.00871	0.01197	0.27060	0.00779	0.03503	0.01026	0.01084	0.00639	0.00736	0.00565	0.00401	0.00319	0.00100	0.00567	0.00252	0.00205	0.00548
66	0.01189	0.00697	0.02511	0.00686	0.00943	0.00608	0.00559	0.06038	0.05046	0.28976	0.26415	0.02171	0.09353	0.00670	0.00453	0.00128	0.00311	0.00564	0.00453	0.12230
67	0.06121	0.00966	0.01006	0.00883	0.02336	0.03534	0.00686	0.21003	0.41380	0.03664	0.08671	0.03313	0.03299	0.00611	0.00441	0.00141	0.00377	0.00497	0.00425	0.00646
68	0.00930	0.00822	0.04272	0.01924	0.01077	0.00681	0.02396	0.11874	0.02212	0.01545	0.03318	0.15142	0.02172	0.02115	0.00432	0.00109	0.00357	0.00485	0.00313	0.47825
69	0.00542	0.00416	0.00494	0.00531	0.00617	0.00371	0.00375	0.00652	0.00962	0.01244	0.16801	0.38205	0.33587	0.02434	0.00558	0.00162	0.00235	0.01030	0.00416	0.00368
70	0.00882	0.02208	0.78894	0.01269	0.01905	0.01017	0.05082	0.01382	0.00926	0.01382	0.00787	0.00932	0.00557	0.00412	0.00419	0.00139	0.00649	0.00331	0.00186	0.00642
71	0.04445	0.02136	0.03963	0.07807	0.26921	0.10396	0.16469	0.01330	0.02945	0.04335	0.00929	0.01316	0.00798	0.11926	0.00699	0.00174	0.02180	0.00429	0.00241	0.00562
72	0.00612	0.00440	0.00548	0.00585	0.00612	0.00445	0.00386	0.02116	0.00776	0.01039	0.01930	0.41540	0.04733	0.33339	0.04699	0.00292	0.03383	0.01854	0.00337	0.00334
73	0.07725	0.00731	0.00792	0.00677	0.00891	0.00771	0.00537	0.19684	0.10008	0.12230	0.07477	0.05376	0.01310	0.00586	0.00393	0.00126	0.00317	0.00472	0.29336	0.00561
74	0.00981	0.03837	0.01514	0.11119	0.30772	0.01902	0.12569	0.04407	0.03836	0.02594	0.03740	0.02967	0.02987	0.02859	0.06585	0.00189	0.00565	0.05738	0.00266	0.00573
75	0.01092	0.01031	0.01717	0.05990	0.73766	0.01047	0.01300	0.04582	0.02580	0.01474	0.00846	0.01092	0.00701	0.00400	0.00432	0.00131	0.00516	0.00391	0.00228	0.00684
76	0.01047	0.01093	0.01157	0.06142	0.09072	0.23109	0.04838	0.04551	0.00966	0.01177	0.01009	0.09022	0.00960	0.03041	0.21036	0.00286	0.10290	0.00470	0.00247	0.00485
77	0.04861	0.36861	0.20569	0.00965	0.01356	0.20951	0.02608	0.02970	0.00998	0.01214	0.00698	0.00811	0.00574	0.00408	0.00347	0.00112	0.00579	0.00279	0.02277	0.00563
78	0.01574	0.00776	0.00936	0.00752	0.01033	0.00763	0.00610	0.14673	0.10878	0.43526	0.01558	0.01459	0.01062	0.00537	0.00412	0.00129	0.00352	0.00431	0.17869	0.00669
79	0.01495	0.01007	0.01129	0.00872	0.01199	0.04208	0.00712	0.32254	0.03313	0.22020	0.01123	0.01119	0.00799	0.00493	0.00468	0.00119	0.05443	0.00369	0.00396	0.21461
80	0.00565	0.00422	0.00563	0.00644	0.00676	0.00419	0.00451	0.00650	0.00840	0.01123	0.02359	0.72374	0.05303	0.01314	0.00608	0.00178	0.05048	0.05704	0.00392	0.00364
81	0.00631	0.00423	0.00475	0.00475	0.00479	0.00421	0.00266	0.00634	0.00644	0.00854	0.01453	0.02889	0.03673	0.82497	0.02176	0.00416	0.00418	0.00642	0.00268	0.00267
82	0.09263	0.00541	0.00657	0.00667	0.00803	0.00535	0.00539	0.01037	0.03029	0.10232	0.08731	0.11069	0.09105	0.07116	0.00634	0.00186	0.00337	0.30809	0.04275	0.00437
83	0.00630	0.00438	0.00521	0.00537	0.00577	0.00428	0.00360	0.00694	0.00789	0.01043	0.09436	0.06000	0.08989	0.53220	0.01594	0.00328	0.00376	0.13404	0.00324	0.00312
84	0.46506	0.00803	0.00788	0.00662	0.00940	0.00854	0.00541	0.06817	0.03593	0.24253	0.05989	0.01275	0.04310	0.00515	0.00358	0.00136	0.00344	0.00373	0.00380	0.00564
85	0.01572	0.01160	0.01249	0.00975	0.01300	0.01280	0.00798	0.73767	0.03259	0.02622	0.01152	0.06746	0.00898	0.00582	0.00445	0.00134	0.00462	0.00452	0.00434	0.00714
86	0.01117	0.01057	0.01270	0.01082	0.01185	0.06169	0.00887	0.12775	0.13736	0.01420	0.00839	0.01065	0.00717	0.00683	0.01068	0.00171	0.53544	0.00395	0.00269	0.00551
87	0.01633	0.01643	0.01267	0.01061	0.01346	0.41977	0.00833	0.39829	0.03102	0.01894	0.00875	0.00928	0.00663	0.00488	0.00415	0.00122	0.00630	0.00339	0.00331	0.00623
88	0.01079	0.01036	0.01770	0.02677	0.81952	0.01036	0.01339	0.01339	0.00993	0.01425	0.00820	0.01079	0.00691	0.00389	0.00432	0.00130	0.00518	0.00389	0.00216	0.00691
89	0.01079	0.01036	0.01770	0.02677	0.81952	0.01036	0.01339	0.01339	0.00993	0.01425	0.00820	0.01079	0.00691	0.00389	0.00432	0.00130	0.00518	0.00389	0.00216	0.00691
90	0.00832	0.00786	0.01310	0.78531	0.02889	0.00992	0.01195	0.01110	0.00859	0.01110	0.00763	0.01150	0.00581	0.00456	0.00498	0.00148	0.05725	0.00387	0.00194	0.00484
91	0.00904	0.00775	0.00904	0.00646	0.01034	0.00581	0.00517	0.01098	0.00904	0.01421	0.00775	0.00904	0.00646	0.00323	0.00323	0.00065	0.00323	0.00258	0.00258	0.87339
92	0.03298	0.17479	0.01461	0.01047	0.01215	0.34246	0.00858	0.01383	0.00940	0.01074	0.00621	0.00832	0.00563	0.00554	0.00766	0.00139	0.32504	0.00309	0.00206	0.00504
93	0.01631	0.02026	0.01240	0.01116	0.01349	0.77885	0.00842	0.06605	0.01286	0.01171	0.00697	0.00803	0.00573	0.00454	0.00396	0.00114	0.00768	0.00288	0.00238	0.00520
94	0.00529	0.00396	0.00492	0.00565	0.00622	0.00359	0.00387	0.00616	0.00882	0.01142	0.04415	0.62947	0.22480	0.01292	0.00546	0.00169	0.00244	0.01152	0.00406	0.00359
95	0.00587	0.00463	0.00531	0.00511	0.00640	0.00417	0.00384	0.00787	0.04182	0.01481	0.41934	0.03642	0.40902	0.00981	0.00512	0.00142	0.00218	0.00840	0.00443	0.00402
96	0.00595	0.00431	0.00544	0.00601	0.00664	0.00408	0.00440	0.00702	0.00895	0.01171	0.08822	0.32646	0.14405	0.16094	0.00854	0.00219	0.00310	0.19459	0.00385	0.00356
97	0.85490	0.00832	0.00635	0.00569	0.00835	0.00964	0.00468	0.01275	0.00747	0.01948	0.00629	0.00732	0.00489	0.00408	0.00271	0.00134	0.00334	0.00241	0.02530	0.00471
98	0.00824	0.00775	0.01308	0.83624	0.03004	0.00969	0.01211	0.01114	0.00872	0.01114	0.00775	0.01163	0.00581	0.00436	0.00436	0.00145	0.00581	0.00388	0.00194	0.00484
99	0.00746	0.00585	0.00704	0.00736	0.00868	0.00609	0.00590	0.01183	0.22005	0.01403	0.04647	0.17853	0.12896	0.01050	0.00539	0.00174	0.00331	0.32200	0.00416	0.00465
100	0.00643	0.00463	0.00602	0.00594	0.00626	0.00510	0.00406	0.00710	0.00662	0.00921	0.01258	0.02316	0.01344	0.48469	0.34577	0.00525	0.04243	0.00557	0.00249	0.00323
101	0.01116	0.34143	0.36715	0.01053	0.02714	0.14937	0.01145	0.01412	0.00961	0.01192	0.00697	0.00815	0.00559	0.00404	0.00359	0.00116	0.00597	0.00282	0.00192	0.00589
102	0.03372	0.02430	0.06071	0.01030	0.01181	0.17892	0.04192	0.04223	0.00883	0.01167	0.00799	0.01124	0.00715	0.01309	0.22897	0.00301	0.29326	0.00380	0.00222	0.00486
103	0.06323	0.01282	0.14103	0.01123	0.01455	0.07248	0.13682	0.14253	0.20314	0.03404	0.02145	0.01339	0.00921	0.00536	0.00514	0.00145	0.06585	0.03689	0.00321	0.00618
104	0.00536	0.00402	0.00497	0.00558	0.00623	0.00363	0.00386	0.00633	0.00915	0.01192	0.10604	0.55548	0.23654	0.01252	0.00542	0.00165	0.00240	0.01113	0.00412	0.00363
105	0.00542	0.00387	0.00518	0.00619	0.00649	0.00363	0.00423	0.00625	0.00845	0.01125	0.02398	0.79676	0.02862	0.01357	0.00559	0.00179	0.00262	0.05852	0.00405	0.00357
106	0.01166	0.84935	0.02285	0.00746	0.01119	0.01726	0.00746	0.01306	0.00886	0.01026	0.00606	0.00700	0.00560	0.00373	0.00280	0.00093	0.00466	0.00233	0.00187	0.00560
107	0.00698	0.00501	0.00696	0.00794	0.00896	0.00499	0.00694	0.00897	0.01004	0.01302	0.02361	0.04902	0.04472	0.01202	0.00600	0.00199	0.00397	0.77083	0.00402	0.00401
108	0.00672	0.00462	0.00556	0.00523	0.00647	0.00413	0.00389	0.00828	0.01110	0.06686	0.45069	0.03418	0.29033	0.07504	0.00644	0.00163	0.00238	0.00797	0.00443	0.00407
109	0.00875	0.02256	0.82413	0.01243	0.01888	0.01013	0.01611	0.01381	0.00921	0.01381	0.00783	0.00921	0.00552	0.00414	0.00414	0.00138	0.00645	0.00322	0.00184	0.00645
110	0.00576	0.00400	0.00500	0.00560	0.00579	0.00385	0.00358	0.00629	0.00772	0.01031	0.03901	0.49713	0.02411	0.33098	0.01190	0.00270	0.00320	0.02631	0.00353	0.00322
111	0.75313	0.00914	0.04137	0.00640	0.00911	0.02218	0.00551	0.01289	0.00764	0.03530	0.00652	0.00770	0.00510	0.00497	0.02450	0.00151	0.03695	0.00256	0.00267	0.00484
112	0.00682	0.00473	0.00548	0.00517	0.00663	0.00415	0.00392	0.00843	0.02029	0.08318	0.31559	0.05258	0.44742	0.00980	0.00509	0.00143	0.00230	0.00834	0.00444	0.00419
113	0.01011	0.17825	0.45129	0.01389	0.16299	0.01141	0.02867	0.03029	0.00968	0.03537	0.02460	0.00978	0.00673	0.00416	0.00397	0.00128	0.00569	0.00335	0.00212	0.00635
114	0.01370	0.01517	0.07127	0.06647	0.08376	0.33457	0.08392	0.11461	0.02729	0.06311	0.00855	0.01003	0.00663	0.00530	0.02206	0.00143	0.06007	0.00360	0.00267	0.00581
115	0.00648	0.00463	0.00655	0.00651	0.00719	0.00518	0.00485	0.00771	0.00704	0.02491	0.01288	0.01994	0.02871	0.19812	0.63197	0.00622	0.00981	0.00510	0.00249	0.00370
116	0.01020	0.01136	0.11172	0.08967	0.44221	0.02243	0.05282	0.02713	0.10216	0.01444	0.01066	0.01381	0.02272	0.00475	0.00445	0.00139	0.00522	0.04392	0.00253	0.00640
117	0.34180	0.00881	0.00925	0.00764	0.02367	0.00923	0.00613	0.19264	0.01203	0.26981	0.01091	0.01097	0.00764	0.02038	0.00401	0.00136	0.00381	0.00348	0.02212	0.03429
118	0.00582	0.00419	0.00546	0.00631	0.00689	0.00396	0.00466	0.00694	0.00891	0.01173	0.02542	0.51553	0.11092	0.03645	0.00605	0.00185	0.00291	0.20868	0.02363	0.00366
119	0.01318	0.03451	0.04518	0.02498	0.26683	0.07503	0.08231	0.26999	0.01358	0.05868	0.01019	0.01194	0.02234	0.00479	0.00452	0.00132	0.01795	0.02057	0.00310	0.01901
120	0.01015	0.27325	0.42626	0.01127	0.06325	0.01228	0.01210	0.06377	0.02376	0.01355	0.00817	0.03148	0.00662	0.00494	0.02047	0.00136	0.00567	0.00334	0.00214	0.00615
121	0.00634	0.00423	0.00479	0.00479	0.00480	0.00425	0.00268	0.00636	0.00635	0.00848	0.01371	0.02838	0.01578	0.83501	0.03381	0.00427	0.00434	0.00632	0.00264	0.00266
122	0.01116	0.03075	0.01637	0.05078	0.54614	0.01046	0.03958	0.05460	0.01025	0.05480	0.00926	0.01144	0.02405	0.00449	0.00515	0.00134	0.07614	0.00398	0.00246	0.03682
123	0.13211	0.01021	0.00860	0.00781	0.00983	0.19532	0.00600	0.03090	0.21478	0.04050	0.21452	0.04011	0.04298	0.00641	0.00428	0.00134	0.00404	0.00511	0.01989	0.00526

[dist]
# distance from previous block
# <min> <max>
0	2

[block]
# block no. 1 follows, 60 sequences, length 16
# corresponding to MSA columns:
# 399-414
name=unknown_B
#
# <colnr> <probs for GDERKNQSTAVLIFYWHMCP>
#	G	D	E	R	K	N	Q	S	T	A	V	L	I	F	Y	W	H	M	C	P
0	0.02421	0.07441	0.33858	0.01026	0.01475	0.00996	0.05248	0.12480	0.05580	0.04098	0.02242	0.01334	0.02692	0.00495	0.00416	0.00129	0.00510	0.05026	0.00281	0.12252
1	0.01062	0.01058	0.04204	0.02456	0.71618	0.01025	0.01284	0.01342	0.02758	0.01421	0.00831	0.01075	0.00695	0.00402	0.00457	0.00129	0.03038	0.00383	0.00221	0.04540
2	0.00559	0.00445	0.00492	0.00492	0.00615	0.00391	0.00369	0.00686	0.01013	0.01274	0.19393	0.03953	0.53931	0.07923	0.00661	0.00172	0.00248	0.06603	0.00408	0.00371
3	0.10126	0.00855	0.00924	0.00790	0.01036	0.00923	0.00632	0.26095	0.17776	0.09111	0.03621	0.09597	0.02591	0.00659	0.00432	0.00140	0.00365	0.04670	0.07422	0.02235
4	0.01110	0.00793	0.06667	0.00805	0.01040	0.00705	0.02941	0.08055	0.12118	0.20886	0.14000	0.14424	0.03047	0.00934	0.05880	0.00185	0.00415	0.05002	0.00424	0.00567
5	0.66705	0.00880	0.00668	0.00603	0.00840	0.07456	0.00479	0.01271	0.00796	0.03470	0.00748	0.00952	0.00618	0.06664	0.00430	0.00152	0.00371	0.00285	0.06150	0.00461
6	0.00806	0.00596	0.00681	0.00646	0.00806	0.00598	0.00491	0.03027	0.21116	0.06785	0.17904	0.16276	0.24364	0.00931	0.00500	0.00151	0.00276	0.03120	0.00439	0.00489
7	0.01079	0.01036	0.01770	0.02677	0.81952	0.01036	0.01339	0.01339	0.00993	0.01425	0.00820	0.01079	0.00691	0.00389	0.00432	0.00130	0.00518	0.00389	0.00216	0.00691
8	0.00940	0.00796	0.00923	0.00663	0.01049	0.00618	0.00531	0.04828	0.00958	0.01484	0.00788	0.00911	0.00650	0.00332	0.00328	0.00068	0.00330	0.00265	0.00267	0.83271
9	0.00706	0.00419	0.00470	0.00491	0.00586	0.00403	0.00369	0.00879	0.00953	0.01481	0.10432	0.15136	0.10917	0.00809	0.00415	0.00131	0.00230	0.07486	0.47291	0.00394
10	0.00546	0.00398	0.00519	0.00609	0.00654	0.00370	0.00426	0.00638	0.00868	0.01139	0.02605	0.68261	0.11088	0.01323	0.00557	0.00176	0.00264	0.08793	0.00405	0.00360
11	0.00586	0.00455	0.00566	0.00566	0.00656	0.00434	0.00417	0.00728	0.01039	0.01398	0.36642	0.23829	0.24505	0.01062	0.00574	0.00153	0.04658	0.00916	0.00426	0.00389
12	0.00634	0.00423	0.00476	0.00476	0.00476	0.00423	0.00264	0.00634	0.00634	0.00846	0.01374	0.02854	0.01586	0.84672	0.02220	0.00423	0.00423	0.00634	0.00264	0.00264
13	0.01468	0.01624	0.01184	0.01033	0.01270	0.53439	0.04501	0.10162	0.01284	0.05796	0.04657	0.03774	0.05162	0.00543	0.00421	0.00122	0.00644	0.00401	0.01983	0.00530
14	0.82137	0.00837	0.00665	0.00587	0.00861	0.00956	0.00483	0.01337	0.00775	0.07213	0.00680	0.00759	0.00512	0.00414	0.00281	0.00135	0.00340	0.00249	0.00288	0.00490
15	0.00898	0.07991	0.27177	0.00877	0.01324	0.00821	0.02716	0.01189	0.00896	0.01346	0.00796	0.00959	0.00642	0.00576	0.06477	0.00140	0.00510	0.00298	0.00226	0.44143

[dist]
# distance from previous block
# <min> <max>
2	8

[block]
# block no. 2 follows, 60 sequences, length 6
# corresponding to MSA columns:
# 423-428
name=unknown_C
#
# <colnr> <probs for GDERKNQSTAVLIFYWHMCP>
#	G	D	E	R	K	N	Q	S	T	A	V	L	I	F	Y	W	H	M	C	P
0	0.01118	0.01301	0.10146	0.01232	0.04254	0.16927	0.19565	0.09940	0.08849	0.01459	0.01256	0.10619	0.04079	0.00607	0.00515	0.00144	0.04771	0.02362	0.00293	0.00564
1	0.01434	0.08851	0.01397	0.01085	0.01350	0.40447	0.06316	0.14245	0.13853	0.01472	0.00910	0.00988	0.00719	0.00486	0.00457	0.00125	0.04648	0.00349	0.00288	0.00581
2	0.03590	0.07616	0.17553	0.04052	0.01457	0.03158	0.12235	0.07614	0.00941	0.01342	0.00860	0.03436	0.00737	0.00936	0.13038	0.00228	0.16728	0.00404	0.00232	0.03843
3	0.01075	0.29502	0.37175	0.01036	0.01508	0.04768	0.05275	0.03890	0.00997	0.05143	0.05175	0.01012	0.00786	0.00435	0.00381	0.00122	0.00554	0.00334	0.00230	0.00602
4	0.00595	0.00443	0.00613	0.00662	0.00703	0.00472	0.00478	0.00696	0.00780	0.01070	0.01864	0.46064	0.02121	0.07643	0.25692	0.00355	0.04650	0.04402	0.00333	0.00367
5	0.08361	0.03180	0.01351	0.14794	0.28903	0.06957	0.04807	0.06468	0.02763	0.01466	0.04621	0.01609	0.06842	0.00540	0.00437	0.00138	0.00493	0.05431	0.00273	0.00567

[dist]
# distance from previous block
# <min> <max>
0	1

[block]
# block no. 3 follows, 60 sequences, length 13
# corresponding to MSA columns:
# 430-442
name=unknown_D
#
# <colnr> <probs for GDERKNQSTAVLIFYWHMCP>
#	G	D	E	R	K	N	Q	S	T	A	V	L	I	F	Y	W	H	M	C	P
0	0.00606	0.00459	0.00547	0.00597	0.00681	0.00410	0.00424	0.00698	0.00978	0.01268	0.11330	0.43868	0.29767	0.01250	0.00565	0.00174	0.00267	0.05281	0.00431	0.00399
1	0.01016	0.00989	0.01739	0.21190	0.56361	0.01027	0.08708	0.01293	0.00969	0.01351	0.00816	0.01108	0.00663	0.00398	0.00441	0.00135	0.00553	0.00400	0.00211	0.00634
2	0.01588	0.01610	0.01213	0.01026	0.01295	0.43275	0.00802	0.34779	0.01557	0.01810	0.00880	0.00951	0.00674	0.00484	0.00406	0.00119	0.00620	0.00336	0.05978	0.00598
3	0.00541	0.00396	0.00511	0.00594	0.00641	0.00366	0.00410	0.00633	0.00880	0.01158	0.06122	0.67177	0.12629	0.01306	0.00552	0.00173	0.00254	0.04888	0.00408	0.00361
4	0.00584	0.00402	0.00491	0.00540	0.00553	0.00389	0.00333	0.00621	0.00733	0.00977	0.01880	0.42870	0.02223	0.43786	0.01404	0.00302	0.00339	0.00931	0.00333	0.00308
5	0.00730	0.00534	0.00619	0.00581	0.00729	0.00509	0.00440	0.02733	0.11077	0.05874	0.34030	0.09057	0.29559	0.00933	0.00503	0.00145	0.00246	0.00801	0.00447	0.00452
6	0.01166	0.84935	0.02285	0.00746	0.01119	0.01726	0.00746	0.01306	0.00886	0.01026	0.00606	0.00700	0.00560	0.00373	0.00280	0.00093	0.00466	0.00233	0.00187	0.00560
7	0.00779	0.00544	0.00684	0.00711	0.00808	0.00560	0.00558	0.03546	0.08714	0.03938	0.01911	0.09294	0.02019	0.23926	0.03732	0.00267	0.00418	0.36814	0.00369	0.00411
8	0.00634	0.00423	0.00476	0.00476	0.00476	0.00423	0.00264	0.00634	0.00634	0.00846	0.01374	0.02854	0.01586	0.84672	0.02220	0.00423	0.00423	0.00634	0.00264	0.00264
9	0.00938	0.00950	0.01700	0.06708	0.03907	0.01078	0.31449	0.01166	0.00854	0.01238	0.00859	0.03748	0.00747	0.00707	0.04996	0.00188	0.31502	0.00466	0.06287	0.00513
10	0.10150	0.00778	0.01204	0.58841	0.10562	0.00922	0.01064	0.01110	0.00882	0.01242	0.01097	0.01385	0.08053	0.00489	0.00425	0.00143	0.00516	0.00420	0.00224	0.00493
11	0.00953	0.17028	0.63055	0.01171	0.01748	0.03450	0.04114	0.01378	0.00927	0.01309	0.00751	0.00886	0.00558	0.00406	0.00393	0.00130	0.00620	0.00312	0.00187	0.00624
12	0.01005	0.05800	0.04785	0.06837	0.26630	0.06556	0.04489	0.02500	0.10795	0.01430	0.10985	0.01432	0.02326	0.00618	0.03783	0.00153	0.03124	0.00440	0.00281	0.06032

[dist]
# distance from previous block
# <min> <max>
0	1

[block]
# block no. 4 follows, 60 sequences, length 18
# corresponding to MSA columns:
# 465-482
name=unknown_E
#
# <colnr> <probs for GDERKNQSTAVLIFYWHMCP>
#	G	D	E	R	K	N	Q	S	T	A	V	L	I	F	Y	W	H	M	C	P
0	0.00759	0.00491	0.00620	0.00575	0.00707	0.00457	0.00435	0.00992	0.04905	0.09370	0.55738	0.08008	0.10869	0.00881	0.00500	0.00140	0.00232	0.00770	0.03101	0.00448
1	0.04509	0.16730	0.35075	0.01247	0.08137	0.06995	0.07532	0.09440	0.03788	0.01476	0.00808	0.00933	0.00617	0.00420	0.00396	0.00128	0.00581	0.00334	0.00231	0.00623
2	0.03189	0.02688	0.01399	0.02580	0.11598	0.09793	0.11063	0.16627	0.08890	0.21122	0.04114	0.01268	0.00952	0.00500	0.00459	0.00134	0.02176	0.00424	0.00368	0.00655
3	0.00548	0.00442	0.00489	0.00486	0.00616	0.00383	0.00365	0.00685	0.01053	0.01331	0.24822	0.06808	0.56175	0.01060	0.00519	0.00147	0.00223	0.03043	0.00425	0.00380
4	0.00895	0.00814	0.01297	0.74511	0.02814	0.01002	0.01164	0.07060	0.03841	0.01261	0.00831	0.01171	0.00620	0.00448	0.00436	0.00144	0.00565	0.00392	0.00221	0.00511
5	0.00559	0.00408	0.00536	0.00616	0.00665	0.00373	0.00421	0.00646	0.00844	0.01138	0.02301	0.76836	0.02736	0.01298	0.00544	0.00171	0.00262	0.03578	0.00396	0.05671
6	0.01130	0.01202	0.02384	0.01721	0.02142	0.06070	0.69984	0.01469	0.01057	0.06979	0.00928	0.01174	0.00685	0.00385	0.00502	0.00144	0.00713	0.00495	0.00243	0.00594
7	0.87753	0.00843	0.00641	0.00574	0.00843	0.00978	0.00472	0.01282	0.00742	0.01957	0.00607	0.00709	0.00472	0.00405	0.00270	0.00135	0.00337	0.00236	0.00270	0.00472
8	0.00536	0.00407	0.00496	0.00557	0.00627	0.00366	0.00390	0.00635	0.00915	0.01179	0.08065	0.51995	0.27701	0.01250	0.00542	0.00166	0.00244	0.03157	0.00410	0.00364
9	0.00875	0.02256	0.82413	0.01243	0.01888	0.01013	0.01611	0.01381	0.00921	0.01381	0.00783	0.00921	0.00552	0.00414	0.00414	0.00138	0.00645	0.00322	0.00184	0.00645
10	0.00954	0.00954	0.01336	0.01145	0.01145	0.01336	0.00954	0.01050	0.00668	0.01050	0.00573	0.00954	0.00573	0.00763	0.01431	0.00191	0.83874	0.00382	0.00191	0.00477
11	0.00842	0.00544	0.00686	0.00619	0.00769	0.00524	0.00475	0.01171	0.11165	0.11768	0.61843	0.02835	0.03392	0.00811	0.00496	0.00138	0.00244	0.00708	0.00483	0.00487
12	0.00548	0.00413	0.00511	0.00578	0.00650	0.00376	0.00416	0.00651	0.00911	0.01170	0.05147	0.50110	0.25991	0.01259	0.00548	0.00170	0.00258	0.09523	0.00407	0.00365
13	0.01496	0.01084	0.01176	0.00936	0.01242	0.01192	0.00769	0.62589	0.07032	0.04263	0.01238	0.03393	0.00965	0.00588	0.00442	0.00136	0.00443	0.05040	0.05288	0.00690
14	0.00634	0.00423	0.00476	0.00476	0.00476	0.00423	0.00264	0.00634	0.00634	0.00846	0.01374	0.02854	0.01586	0.84672	0.02220	0.00423	0.00423	0.00634	0.00264	0.00264
15	0.01141	0.01021	0.01014	0.00907	0.01156	0.06363	0.00705	0.05146	0.73119	0.01810	0.01678	0.01552	0.01260	0.00580	0.00440	0.00145	0.00379	0.00476	0.00429	0.00680
16	0.01408	0.00685	0.02970	0.00700	0.00951	0.00593	0.00574	0.05536	0.01202	0.45337	0.15772	0.07647	0.04966	0.02074	0.00481	0.00141	0.00328	0.00570	0.07460	0.00605
17	0.01081	0.06108	0.00977	0.00786	0.01008	0.02396	0.00626	0.03833	0.40238	0.10131	0.16048	0.01938	0.04771	0.00652	0.00476	0.00141	0.03027	0.01621	0.03540	0.00602

[dist]
# distance from previous block
# <min> <max>
1	3

[block]
# block no. 5 follows, 60 sequences, length 16
# corresponding to MSA columns:
# 486-494,505-511
name=unknown_F
#
# <colnr> <probs for GDERKNQSTAVLIFYWHMCP>
#	G	D	E	R	K	N	Q	S	T	A	V	L	I	F	Y	W	H	M	C	P
0	0.26829	0.12476	0.04827	0.00833	0.01079	0.16276	0.00709	0.09542	0.01016	0.01531	0.00948	0.09889	0.00900	0.00592	0.00454	0.00137	0.06806	0.04368	0.00279	0.00511
1	0.01052	0.01043	0.04259	0.10679	0.42980	0.04758	0.03018	0.04566	0.09410	0.01446	0.01056	0.02569	0.02332	0.00493	0.00479	0.00138	0.03954	0.02566	0.02580	0.00623
2	0.00523	0.00438	0.00456	0.00460	0.00596	0.00370	0.00342	0.00638	0.01000	0.01213	0.09537	0.09264	0.71456	0.01107	0.00518	0.00148	0.00222	0.00932	0.00410	0.00370
3	0.00632	0.00441	0.00589	0.00622	0.00677	0.00448	0.01579	0.00736	0.00811	0.02380	0.01963	0.43423	0.05030	0.10592	0.14814	0.00284	0.02974	0.02180	0.09452	0.00370
4	0.00631	0.00437	0.00559	0.00607	0.00680	0.00410	0.00446	0.00747	0.00932	0.03679	0.13123	0.34913	0.13022	0.11140	0.00749	0.00201	0.00296	0.16651	0.00402	0.00374
5	0.00892	0.00881	0.01316	0.75091	0.05090	0.07195	0.01187	0.01168	0.00903	0.01119	0.00769	0.01132	0.00583	0.00436	0.00433	0.00142	0.00595	0.00380	0.00197	0.00492
6	0.01656	0.01279	0.01304	0.01011	0.01352	0.06767	0.00830	0.75269	0.01997	0.02637	0.01022	0.01030	0.00730	0.00519	0.00433	0.00130	0.00500	0.00385	0.00422	0.00726
7	0.00624	0.00464	0.00684	0.00684	0.00756	0.00536	0.00524	0.00768	0.00696	0.01000	0.01184	0.01800	0.01128	0.09453	0.76813	0.00680	0.01112	0.00480	0.00236	0.00380
8	0.00932	0.00870	0.01444	0.56471	0.26186	0.01004	0.01233	0.04366	0.00955	0.01271	0.00799	0.01134	0.00620	0.00426	0.00435	0.00140	0.00559	0.00388	0.00210	0.00556
9	0.00613	0.00502	0.00549	0.00533	0.00679	0.00466	0.00406	0.00879	0.10256	0.01399	0.23229	0.03696	0.50332	0.00997	0.00510	0.00147	0.00238	0.03725	0.00428	0.00417
10	0.00721	0.00607	0.00957	0.00898	0.03439	0.00587	0.13747	0.03872	0.04294	0.01334	0.10563	0.40604	0.05271	0.04474	0.00603	0.00174	0.00365	0.06679	0.00373	0.00438
11	0.00540	0.00385	0.00512	0.00610	0.00637	0.00361	0.00410	0.00618	0.00834	0.01111	0.02369	0.79276	0.02832	0.03932	0.00609	0.00185	0.00263	0.03761	0.00400	0.00353
12	0.01129	0.01052	0.01731	0.02533	0.75028	0.01063	0.01295	0.08138	0.01084	0.01539	0.00840	0.01077	0.00695	0.00400	0.00432	0.00130	0.00515	0.00389	0.00235	0.00695
13	0.01079	0.01036	0.01770	0.02677	0.81952	0.01036	0.01339	0.01339	0.00993	0.01425	0.00820	0.01079	0.00691	0.00389	0.00432	0.00130	0.00518	0.00389	0.00216	0.00691
14	0.01609	0.01197	0.01281	0.00994	0.01334	0.01330	0.00817	0.73782	0.08846	0.02669	0.01110	0.01097	0.00792	0.00529	0.00437	0.00132	0.00468	0.00401	0.00437	0.00737
15	0.59904	0.10456	0.00956	0.00686	0.00976	0.06195	0.00575	0.11413	0.00966	0.03552	0.00690	0.00771	0.00535	0.00422	0.00303	0.00128	0.00399	0.00263	0.00284	0.00524

[dist]
# distance from previous block
# <min> <max>
0	2

[block]
# block no. 6 follows, 60 sequences, length 41
# corresponding to MSA columns:
# 514-554
name=unknown_G
#
# <colnr> <probs for GDERKNQSTAVLIFYWHMCP>
#	G	D	E	R	K	N	Q	S	T	A	V	L	I	F	Y	W	H	M	C	P
0	0.02052	0.00893	0.01385	0.01122	0.03267	0.00918	0.25603	0.12424	0.18343	0.01701	0.03097	0.10074	0.01201	0.00578	0.00452	0.00140	0.00453	0.00550	0.15172	0.00573
1	0.00942	0.00870	0.01407	0.55579	0.22256	0.01011	0.01199	0.05367	0.04667	0.01309	0.00847	0.01158	0.00651	0.00436	0.00435	0.00141	0.00550	0.00393	0.00223	0.00558
2	0.00897	0.00745	0.00791	0.00729	0.00935	0.00808	0.00561	0.01688	0.49489	0.03500	0.04186	0.06426	0.25866	0.00789	0.00472	0.00149	0.00301	0.00663	0.00433	0.00572
3	0.00904	0.00775	0.00904	0.00646	0.01034	0.00581	0.00517	0.01098	0.00904	0.01421	0.00775	0.00904	0.00646	0.00323	0.00323	0.00065	0.00323	0.00258	0.00258	0.87339
4	0.00840	0.00792	0.01337	0.78542	0.07960	0.00973	0.01219	0.01128	0.00880	0.01134	0.00778	0.01158	0.00588	0.00433	0.00436	0.00144	0.00577	0.00388	0.00195	0.00497
5	0.00591	0.00460	0.00515	0.00497	0.00633	0.00405	0.00374	0.00762	0.02846	0.02863	0.32452	0.03750	0.50284	0.01006	0.00512	0.00143	0.00221	0.00854	0.00436	0.00398
6	0.00888	0.06070	0.78716	0.01220	0.01852	0.01046	0.01572	0.01378	0.00919	0.01365	0.00775	0.00911	0.00553	0.00412	0.00408	0.00136	0.00636	0.00318	0.00184	0.00641
7	0.00539	0.00385	0.00514	0.00609	0.00639	0.00360	0.00411	0.00623	0.00857	0.01147	0.06061	0.79029	0.02934	0.01341	0.00556	0.00176	0.00254	0.02801	0.00408	0.00358
8	0.00909	0.04333	0.56877	0.01138	0.01643	0.02770	0.03677	0.03485	0.04971	0.01439	0.07962	0.01275	0.01833	0.00502	0.00468	0.00140	0.03842	0.01891	0.00239	0.00608
9	0.00885	0.05178	0.79581	0.01226	0.01861	0.01038	0.01581	0.01379	0.00920	0.01369	0.00776	0.00913	0.00553	0.00413	0.00410	0.00137	0.00638	0.00319	0.00184	0.00642
10	0.00549	0.00460	0.00495	0.00500	0.00638	0.00406	0.00388	0.00673	0.00997	0.01211	0.07138	0.04167	0.68397	0.01100	0.00545	0.00154	0.02076	0.09328	0.00403	0.00376
11	0.87753	0.00843	0.00641	0.00574	0.00843	0.00978	0.00472	0.01282	0.00742	0.01957	0.00607	0.00709	0.00472	0.00405	0.00270	0.00135	0.00337	0.00236	0.00270	0.00472
12	0.00904	0.00775	0.00904	0.00646	0.01034	0.00581	0.00517	0.01098	0.00904	0.01421	0.00775	0.00904	0.00646	0.00323	0.00323	0.00065	0.00323	0.00258	0.00258	0.87339
13	0.01331	0.01007	0.01290	0.35239	0.02022	0.01150	0.00976	0.42741	0.01512	0.06990	0.00976	0.01122	0.00696	0.00488	0.00436	0.00137	0.00515	0.00393	0.00342	0.00635
14	0.00910	0.00515	0.00641	0.00599	0.00761	0.00461	0.00470	0.01058	0.01069	0.20219	0.16982	0.08210	0.27532	0.04990	0.00589	0.00164	0.00289	0.11497	0.02581	0.00463
15	0.01155	0.81714	0.05407	0.00766	0.01149	0.01698	0.00780	0.01309	0.00888	0.01040	0.00613	0.00708	0.00559	0.00375	0.00285	0.00095	0.00473	0.00237	0.00186	0.00563
16	0.00595	0.00408	0.00497	0.00542	0.00556	0.00398	0.00338	0.00633	0.00730	0.00972	0.01828	0.36096	0.02149	0.47642	0.01482	0.00315	0.00353	0.03834	0.00327	0.00306
17	0.01064	0.00855	0.02023	0.07699	0.14586	0.00893	0.00786	0.20989	0.11860	0.04023	0.23192	0.03536	0.05328	0.00645	0.00463	0.00138	0.00385	0.00553	0.00391	0.00591
18	0.00591	0.00415	0.00479	0.00511	0.00602	0.00378	0.00368	0.00719	0.00953	0.01307	0.12191	0.31224	0.29261	0.01062	0.00492	0.00149	0.00230	0.02351	0.16339	0.00376
19	0.04057	0.00770	0.01264	0.78730	0.02869	0.00957	0.01164	0.01118	0.00868	0.01157	0.00783	0.01156	0.00589	0.00436	0.00427	0.00144	0.00564	0.00382	0.02082	0.00482
20	0.00824	0.00775	0.01308	0.83624	0.03004	0.00969	0.01211	0.01114	0.00872	0.01114	0.00775	0.01163	0.00581	0.00436	0.00436	0.00145	0.00581	0.00388	0.00194	0.00484
21	0.01237	0.04412	0.01147	0.01024	0.05957	0.12385	0.00762	0.13585	0.46205	0.02829	0.01470	0.02533	0.02373	0.00567	0.00433	0.00138	0.00439	0.01459	0.00389	0.00655
22	0.01056	0.01013	0.01729	0.09962	0.74846	0.01030	0.01327	0.01318	0.00982	0.01397	0.00816	0.01087	0.00681	0.00393	0.00432	0.00131	0.00524	0.00389	0.00214	0.00672
23	0.00570	0.00427	0.00522	0.00576	0.00644	0.00393	0.00398	0.00679	0.02545	0.01134	0.02638	0.52549	0.18580	0.09240	0.00699	0.00191	0.00273	0.04117	0.00387	0.03439
24	0.06162	0.00762	0.00986	0.00754	0.01095	0.00666	0.00621	0.03674	0.01197	0.66307	0.01531	0.01363	0.00987	0.00505	0.00416	0.00126	0.00366	0.00405	0.00489	0.11588
25	0.01585	0.02502	0.02459	0.00976	0.01316	0.01280	0.00811	0.63925	0.11782	0.07109	0.01165	0.01137	0.00828	0.00529	0.00435	0.00133	0.00459	0.00404	0.00435	0.00731
26	0.01126	0.28391	0.40132	0.01014	0.01512	0.02203	0.03062	0.01451	0.00959	0.12039	0.00852	0.00929	0.00631	0.00414	0.00374	0.00121	0.00544	0.00311	0.00236	0.03699
27	0.01167	0.79507	0.05488	0.00773	0.01156	0.01688	0.00783	0.03294	0.00917	0.01084	0.00624	0.00717	0.00564	0.00379	0.00289	0.00096	0.00474	0.00241	0.00193	0.00568
28	0.00546	0.00396	0.00527	0.00617	0.00641	0.00382	0.00414	0.00620	0.00824	0.01103	0.02322	0.79508	0.02781	0.04130	0.00635	0.00186	0.02423	0.01197	0.00395	0.00354
29	0.00644	0.00451	0.00588	0.00612	0.00656	0.00472	0.00441	0.00732	0.00738	0.00998	0.01545	0.04909	0.01680	0.42057	0.24166	0.00446	0.00620	0.17626	0.00289	0.00331
30	0.01116	0.01106	0.01735	0.02573	0.76572	0.06501	0.01305	0.01365	0.01009	0.01401	0.00811	0.01060	0.00682	0.00393	0.00429	0.00128	0.00536	0.00381	0.00216	0.00678
31	0.00928	0.01211	0.19360	0.04661	0.03768	0.00943	0.27562	0.04317	0.13098	0.01448	0.01326	0.13842	0.02814	0.00603	0.00482	0.00150	0.00545	0.02077	0.00288	0.00577
32	0.01923	0.00796	0.01046	0.00802	0.01140	0.00721	0.00662	0.10981	0.01339	0.73270	0.01645	0.01435	0.01041	0.00538	0.00438	0.00134	0.00383	0.00433	0.00528	0.00742
33	0.00835	0.00494	0.00590	0.10206	0.02857	0.00520	0.00475	0.03395	0.00949	0.01568	0.01387	0.03351	0.01142	0.00551	0.00348	0.00115	0.00275	0.04568	0.65945	0.00431
34	0.01019	0.00974	0.01661	0.21875	0.63228	0.01020	0.01308	0.01285	0.00964	0.01351	0.00810	0.01099	0.00665	0.00400	0.00433	0.00133	0.00533	0.00388	0.00211	0.00642
35	0.00935	0.00918	0.01669	0.10285	0.34878	0.00910	0.21977	0.01208	0.01017	0.01400	0.10034	0.01733	0.06398	0.00527	0.00476	0.00141	0.00523	0.04127	0.00265	0.00578
36	0.00942	0.00774	0.00908	0.00651	0.01036	0.00584	0.00521	0.01135	0.00917	0.04285	0.00809	0.00925	0.00661	0.00331	0.00327	0.00067	0.00325	0.00265	0.00268	0.84270
37	0.01121	0.01050	0.01657	0.12736	0.55543	0.05627	0.05687	0.01414	0.03989	0.05644	0.00893	0.01121	0.00712	0.00412	0.00436	0.00133	0.00539	0.00396	0.00239	0.00651
38	0.01033	0.03836	0.48955	0.01105	0.01607	0.00937	0.06931	0.04379	0.04333	0.11791	0.02569	0.01378	0.08194	0.00508	0.00434	0.00138	0.00547	0.00421	0.00277	0.00627
39	0.00622	0.00444	0.00616	0.00699	0.03866	0.00414	0.01774	0.00733	0.00919	0.03882	0.13048	0.60198	0.06614	0.02355	0.00563	0.00170	0.00272	0.02015	0.00407	0.00392
40	0.04449	0.04130	0.01682	0.08737	0.62442	0.02390	0.04116	0.01301	0.00975	0.01391	0.00928	0.01166	0.03539	0.00418	0.00425	0.00131	0.00516	0.00398	0.00222	0.00643

[dist]
# distance from previous block
# <min> <max>
0	1

