[name]
unknown

[dist]
# distance from previous block
# <min> <max>
0	20

[block]
# block no. 0 follows, 65 sequences, length 35
# corresponding to MSA columns:
# 45-79
name=unknown_A
#
# <colnr> <probs for GDERKNQSTAVLIFYWHMCP>
#	G	D	E	R	K	N	Q	S	T	A	V	L	I	F	Y	W	H	M	C	P
0	0.01149	0.00734	0.00850	0.00717	0.00959	0.02722	0.00572	0.07300	0.19423	0.23456	0.13327	0.04387	0.03865	0.00616	0.00423	0.00126	0.00326	0.05791	0.00412	0.12842
1	0.00834	0.00854	0.03742	0.47496	0.02097	0.06603	0.06732	0.01068	0.00817	0.01073	0.00777	0.01121	0.00627	0.00764	0.10534	0.00201	0.10182	0.00374	0.03651	0.00455
2	0.00775	0.00730	0.01231	0.84587	0.02827	0.00912	0.01140	0.01049	0.00821	0.01049	0.00730	0.01094	0.00547	0.00410	0.00410	0.00137	0.00547	0.00365	0.00182	0.00456
3	0.00978	0.00909	0.01485	0.25134	0.51144	0.00979	0.01169	0.06989	0.00963	0.01335	0.00789	0.02177	0.00650	0.00411	0.00439	0.00129	0.03142	0.00376	0.00214	0.00589
4	0.00683	0.00458	0.00558	0.00542	0.00676	0.00411	0.00421	0.00822	0.00974	0.09379	0.19642	0.09514	0.33120	0.03627	0.03495	0.00169	0.00285	0.11769	0.00394	0.03060
5	0.00499	0.00361	0.00473	0.00562	0.00593	0.00334	0.00377	0.00573	0.00795	0.01052	0.02378	0.80347	0.07599	0.01271	0.00522	0.00165	0.00236	0.01149	0.00381	0.00334
6	0.04111	0.01192	0.01149	0.01135	0.12275	0.24939	0.03226	0.13928	0.15114	0.05960	0.05969	0.04485	0.01011	0.00518	0.00435	0.00125	0.03137	0.00410	0.00314	0.00565
7	0.03292	0.00765	0.03683	0.00926	0.06651	0.00789	0.03896	0.06690	0.08415	0.11696	0.05912	0.07565	0.12355	0.00764	0.01748	0.00155	0.15419	0.08435	0.00338	0.00506
8	0.03699	0.00696	0.00858	0.00695	0.00944	0.00671	0.00561	0.13185	0.06280	0.40713	0.20924	0.01785	0.03463	0.00595	0.00424	0.00127	0.00317	0.00492	0.02975	0.00598
9	0.00602	0.00427	0.00539	0.00507	0.00616	0.00387	0.00382	0.00780	0.01126	0.03930	0.67849	0.03159	0.16436	0.00862	0.00482	0.00131	0.00200	0.00753	0.00442	0.00390
10	0.01390	0.00858	0.00956	0.00757	0.01021	0.00905	0.00617	0.44631	0.01510	0.17643	0.04744	0.01278	0.00977	0.00507	0.00386	0.00118	0.00362	0.00397	0.20329	0.00613
11	0.12540	0.01022	0.01156	0.00918	0.01206	0.05503	0.08573	0.37322	0.10418	0.09148	0.01077	0.03835	0.00813	0.00497	0.00409	0.00128	0.01503	0.00397	0.02925	0.00610
12	0.00566	0.00493	0.03447	0.00551	0.00664	0.00423	0.00420	0.01943	0.05686	0.01238	0.16061	0.34651	0.30257	0.01041	0.00491	0.00147	0.00242	0.00910	0.00388	0.00380
13	0.00505	0.00364	0.00480	0.00562	0.00595	0.00338	0.00379	0.00587	0.00818	0.01093	0.08160	0.76615	0.05492	0.01245	0.00520	0.00163	0.00234	0.01126	0.00386	0.00338
14	0.00775	0.00567	0.00752	0.00749	0.03318	0.00583	0.02770	0.03675	0.11042	0.06718	0.16618	0.27000	0.04610	0.03492	0.00581	0.00160	0.04462	0.11302	0.00383	0.00444
15	0.00924	0.07820	0.69442	0.01113	0.01669	0.03606	0.01381	0.04850	0.00929	0.03511	0.00756	0.00868	0.00542	0.00396	0.00382	0.00126	0.00586	0.00302	0.00194	0.00603
16	0.03102	0.00686	0.00845	0.02024	0.09915	0.02033	0.00606	0.08454	0.10126	0.09421	0.08418	0.05814	0.06644	0.04083	0.04016	0.00163	0.05637	0.02849	0.14666	0.00499
17	0.84170	0.02670	0.02918	0.00561	0.00827	0.00937	0.00480	0.01210	0.00706	0.01808	0.00576	0.00672	0.00448	0.00381	0.00258	0.00126	0.00328	0.00224	0.00250	0.00451
18	0.00719	0.00432	0.00521	0.00499	0.00543	0.00430	0.00317	0.00761	0.00683	0.08758	0.03706	0.02425	0.01454	0.63562	0.10980	0.00386	0.00460	0.00561	0.02492	0.00312
19	0.04674	0.46806	0.21559	0.00864	0.01263	0.01306	0.04387	0.04891	0.03596	0.03795	0.02974	0.00861	0.00665	0.00393	0.00326	0.00107	0.00473	0.00287	0.00216	0.00557
20	0.01363	0.00942	0.01099	0.00888	0.01162	0.06430	0.06249	0.21601	0.20706	0.23767	0.02593	0.01337	0.02274	0.00657	0.05038	0.00158	0.01444	0.00422	0.01242	0.00627
21	0.02833	0.00673	0.00820	0.00661	0.00909	0.00646	0.00536	0.12323	0.04016	0.43684	0.05525	0.01452	0.01125	0.00515	0.00382	0.00119	0.00314	0.00415	0.22452	0.00598
22	0.01000	0.40489	0.35226	0.00913	0.01355	0.01274	0.01033	0.06831	0.03603	0.01239	0.00719	0.00823	0.00574	0.00463	0.02759	0.00126	0.00524	0.00279	0.00200	0.00571
23	0.01014	0.06227	0.01483	0.12387	0.46339	0.07142	0.03348	0.02167	0.00933	0.02900	0.00839	0.03347	0.01581	0.00422	0.00412	0.01385	0.00488	0.00372	0.00218	0.06996
24	0.04559	0.08522	0.16129	0.01113	0.01460	0.00944	0.25065	0.03659	0.08853	0.08586	0.01872	0.04607	0.01903	0.00529	0.00452	0.00138	0.02301	0.08478	0.00280	0.00551
25	0.01347	0.00656	0.00806	0.00658	0.00893	0.00629	0.00529	0.11216	0.05704	0.39718	0.14176	0.01643	0.01445	0.00555	0.00398	0.00121	0.00304	0.00456	0.18162	0.00583
26	0.00522	0.00383	0.00503	0.00571	0.00606	0.00369	0.00390	0.00605	0.00818	0.01098	0.09735	0.68858	0.06651	0.03536	0.00586	0.00169	0.02810	0.01073	0.00378	0.00340
27	0.07845	0.02017	0.76810	0.01119	0.01698	0.00951	0.01431	0.01292	0.00853	0.01343	0.00723	0.00851	0.00514	0.00389	0.00379	0.00130	0.00583	0.00297	0.00180	0.00594
28	0.01046	0.00881	0.00930	0.00825	0.01059	0.01010	0.00645	0.08627	0.71731	0.01777	0.03328	0.01546	0.02195	0.00562	0.00417	0.00137	0.00329	0.00465	0.01848	0.00640
29	0.00508	0.00363	0.00485	0.00576	0.00603	0.00343	0.00389	0.00583	0.00783	0.01046	0.02213	0.79891	0.02640	0.02522	0.03006	0.00185	0.00269	0.02887	0.00374	0.00334
30	0.00918	0.00767	0.00830	0.00748	0.00950	0.00858	0.00580	0.04928	0.57192	0.01703	0.19227	0.01973	0.06274	0.00642	0.00435	0.00136	0.00295	0.00542	0.00423	0.00579
31	0.00834	0.05328	0.73890	0.01160	0.01733	0.00968	0.05369	0.01283	0.00879	0.01297	0.03093	0.00933	0.00622	0.00399	0.00392	0.00129	0.00592	0.00321	0.00183	0.00595
32	0.00649	0.00465	0.00622	0.00695	0.00800	0.00451	0.00597	0.00821	0.00945	0.02609	0.02504	0.05613	0.16097	0.01109	0.00550	0.00179	0.00346	0.64190	0.00381	0.00377
33	0.00567	0.00421	0.00515	0.00571	0.00639	0.00406	0.00407	0.00745	0.07247	0.01155	0.04976	0.51287	0.15287	0.03382	0.00545	0.00164	0.00253	0.07460	0.03609	0.00365
34	0.00948	0.01070	0.02321	0.01667	0.02061	0.01004	0.77331	0.01277	0.00954	0.01293	0.00875	0.02911	0.00693	0.02988	0.00535	0.00147	0.00674	0.00502	0.00212	0.00540

[dist]
# distance from previous block
# <min> <max>
0	1

[block]
# block no. 1 follows, 65 sequences, length 36
# corresponding to MSA columns:
# 81-116
name=unknown_B
#
# <colnr> <probs for GDERKNQSTAVLIFYWHMCP>
#	G	D	E	R	K	N	Q	S	T	A	V	L	I	F	Y	W	H	M	C	P
0	0.00566	0.00392	0.00467	0.00494	0.00518	0.00380	0.00311	0.00609	0.00713	0.00947	0.06519	0.24745	0.06920	0.50107	0.01428	0.00298	0.00331	0.03657	0.00308	0.00290
1	0.00504	0.00395	0.00448	0.00483	0.00570	0.00349	0.00342	0.00594	0.00869	0.01087	0.05641	0.32988	0.45219	0.06248	0.00598	0.00165	0.00233	0.02554	0.00375	0.00338
2	0.00883	0.00666	0.00819	0.06188	0.05120	0.00717	0.00589	0.09613	0.19830	0.04051	0.30513	0.01989	0.03507	0.00649	0.00470	0.01464	0.02539	0.00536	0.09350	0.00504
3	0.00845	0.04373	0.73126	0.01212	0.01793	0.00981	0.09431	0.01299	0.00876	0.01292	0.00741	0.00885	0.00530	0.00385	0.00396	0.00130	0.00610	0.00319	0.00177	0.00599
4	0.00555	0.00429	0.00510	0.00512	0.00617	0.00393	0.00381	0.00737	0.04298	0.01347	0.35668	0.16204	0.31714	0.00981	0.00491	0.00141	0.00218	0.04016	0.00411	0.00375
5	0.85333	0.00790	0.00616	0.00547	0.00803	0.00909	0.00450	0.01235	0.00716	0.04795	0.00610	0.00693	0.00465	0.00386	0.00260	0.00127	0.00319	0.00229	0.00263	0.00454
6	0.06735	0.02039	0.09981	0.01010	0.01280	0.27846	0.12534	0.02963	0.03284	0.09827	0.01077	0.07923	0.03573	0.00643	0.04292	0.00152	0.03637	0.00426	0.00269	0.00510
7	0.04234	0.00974	0.01083	0.00877	0.01145	0.01066	0.02536	0.56843	0.06153	0.02204	0.02835	0.12138	0.01120	0.00628	0.00431	0.00133	0.00409	0.04179	0.00397	0.00615
8	0.03339	0.00891	0.01044	0.00812	0.01120	0.00909	0.00667	0.35685	0.06065	0.40162	0.01324	0.01221	0.00885	0.00501	0.00405	0.00125	0.00385	0.00393	0.03387	0.00680
9	0.00867	0.00830	0.01368	0.46907	0.27152	0.00983	0.01140	0.01104	0.00827	0.01129	0.00714	0.01041	0.00578	0.00443	0.00550	0.00139	0.13160	0.00364	0.00188	0.00515
10	0.09761	0.05667	0.01131	0.06859	0.01276	0.37138	0.00743	0.18352	0.03956	0.06723	0.02930	0.00945	0.00706	0.00450	0.00371	0.00116	0.00550	0.00317	0.01472	0.00537
11	0.00616	0.00471	0.00634	0.00631	0.00697	0.02641	0.00474	0.00739	0.00666	0.00940	0.01123	0.01759	0.01088	0.16083	0.67278	0.00594	0.00962	0.00459	0.01794	0.00351
12	0.00919	0.00459	0.00512	0.00472	0.00594	0.00467	0.00366	0.01115	0.02096	0.12339	0.01339	0.01480	0.01024	0.00496	0.00361	0.00105	0.04638	0.00387	0.70401	0.00432
13	0.00823	0.02123	0.83447	0.01170	0.01777	0.00953	0.01517	0.01300	0.00867	0.01300	0.00737	0.00867	0.00520	0.00390	0.00390	0.00130	0.00607	0.00303	0.00173	0.00607
14	0.00511	0.00365	0.00480	0.00559	0.00591	0.00341	0.00375	0.00590	0.00814	0.01091	0.09241	0.73660	0.04063	0.04506	0.00580	0.00172	0.00240	0.01103	0.00382	0.00335
15	0.01641	0.00977	0.01104	0.00853	0.01169	0.02629	0.00702	0.47424	0.02828	0.32705	0.01233	0.01154	0.00829	0.00498	0.00408	0.00124	0.00412	0.00385	0.02237	0.00687
16	0.77955	0.00878	0.00676	0.00595	0.00852	0.05158	0.00486	0.06880	0.00809	0.01852	0.00604	0.00693	0.00467	0.00391	0.00271	0.00126	0.00348	0.00235	0.00263	0.00464
17	0.00775	0.00730	0.01231	0.84587	0.02827	0.00912	0.01140	0.01049	0.00821	0.01049	0.00730	0.01094	0.00547	0.00410	0.00410	0.00137	0.00547	0.00365	0.00182	0.00456
18	0.00958	0.00786	0.00921	0.00806	0.01018	0.00867	0.04693	0.05436	0.52697	0.03857	0.16638	0.05110	0.01730	0.00622	0.00435	0.00137	0.00320	0.00538	0.01847	0.00583
19	0.00808	0.01779	0.62601	0.03378	0.01723	0.00899	0.10670	0.01226	0.00883	0.01277	0.01023	0.02492	0.05361	0.00465	0.00416	0.00135	0.00578	0.03518	0.00201	0.00568
20	0.00858	0.00711	0.00830	0.00609	0.00950	0.00552	0.00485	0.01071	0.03606	0.03337	0.04251	0.01076	0.03373	0.00363	0.00324	0.00070	0.00298	0.00295	0.00268	0.76673
21	0.00581	0.00428	0.00547	0.00586	0.00654	0.00416	0.00424	0.00779	0.07006	0.01280	0.25401	0.43102	0.04319	0.04139	0.00565	0.00164	0.00251	0.08587	0.00399	0.00374
22	0.04030	0.00417	0.00470	0.00490	0.00587	0.00380	0.00355	0.00648	0.00905	0.01196	0.16206	0.24562	0.38613	0.06071	0.00584	0.00161	0.00234	0.03361	0.00380	0.00349
23	0.32652	0.00772	0.00840	0.00675	0.00968	0.02615	0.00556	0.03728	0.01024	0.50412	0.01208	0.01112	0.00794	0.00461	0.00355	0.00126	0.00349	0.00341	0.00409	0.00603
24	0.01097	0.85821	0.02151	0.00702	0.01054	0.01624	0.00702	0.01229	0.00834	0.00966	0.00571	0.00658	0.00527	0.00351	0.00263	0.00088	0.00439	0.00219	0.00176	0.00527
25	0.00567	0.00419	0.00530	0.00502	0.00605	0.00381	0.00376	0.00748	0.01129	0.01569	0.71519	0.03193	0.15199	0.00868	0.00484	0.00130	0.00196	0.00760	0.00442	0.00381
26	0.00596	0.00467	0.00527	0.00518	0.00644	0.00431	0.00394	0.05852	0.02190	0.01333	0.21164	0.12981	0.44435	0.00987	0.00489	0.00142	0.00236	0.05832	0.00399	0.00383
27	0.00555	0.00402	0.00532	0.00594	0.00658	0.00379	0.00446	0.00682	0.00912	0.01217	0.18652	0.43085	0.08645	0.01141	0.00524	0.00163	0.00261	0.20401	0.00395	0.00356
28	0.18262	0.00749	0.00906	0.00709	0.01016	0.00711	0.00586	0.07528	0.01138	0.62085	0.01375	0.01229	0.00885	0.00483	0.00383	0.00127	0.00351	0.00374	0.00453	0.00650
29	0.00525	0.00371	0.00485	0.00566	0.00591	0.00352	0.00381	0.00594	0.00769	0.01023	0.02114	0.67699	0.02511	0.13666	0.00757	0.00202	0.00271	0.06436	0.00361	0.00324
30	0.00605	0.03127	0.00585	0.00517	0.00649	0.00466	0.00397	0.02068	0.06285	0.01421	0.40709	0.04364	0.33726	0.00890	0.00475	0.00134	0.00224	0.02551	0.00411	0.00397
31	0.01398	0.08652	0.13075	0.01038	0.01325	0.60362	0.00889	0.06437	0.01141	0.01140	0.00665	0.00767	0.00538	0.00417	0.00367	0.00109	0.00679	0.00273	0.00215	0.00512
32	0.00692	0.00513	0.00667	0.00739	0.00839	0.01905	0.00628	0.04277	0.00974	0.01260	0.02168	0.12900	0.04811	0.01108	0.00550	0.00181	0.00367	0.64656	0.00377	0.00388
33	0.88473	0.00794	0.00603	0.00540	0.00794	0.00921	0.00445	0.01207	0.00699	0.01842	0.00572	0.00667	0.00445	0.00381	0.00254	0.00127	0.00318	0.00222	0.00254	0.00445
34	0.00540	0.00440	0.00517	0.00505	0.00620	0.00399	0.02315	0.00651	0.00899	0.01123	0.10097	0.06304	0.52582	0.11281	0.02839	0.00188	0.01480	0.06513	0.00360	0.00347
35	0.01246	0.10146	0.01332	0.07698	0.15310	0.14668	0.00842	0.28899	0.01269	0.01623	0.00811	0.00980	0.00654	0.03825	0.00464	0.00125	0.02060	0.00334	0.00276	0.07439

[dist]
# distance from previous block
# <min> <max>
1	8

[block]
# block no. 2 follows, 65 sequences, length 94
# corresponding to MSA columns:
# 127-220
name=unknown_C
#
# <colnr> <probs for GDERKNQSTAVLIFYWHMCP>
#	G	D	E	R	K	N	Q	S	T	A	V	L	I	F	Y	W	H	M	C	P
0	0.02550	0.22027	0.12151	0.02161	0.07240	0.09259	0.13223	0.19688	0.02976	0.01495	0.00773	0.00893	0.00604	0.00412	0.00403	0.00118	0.02868	0.00331	0.00246	0.00583
1	0.39966	0.10000	0.04190	0.00790	0.01067	0.21797	0.02469	0.09405	0.04406	0.01578	0.00687	0.00770	0.00540	0.00407	0.00317	0.00118	0.00469	0.00266	0.00254	0.00504
2	0.00511	0.00385	0.00477	0.00544	0.00608	0.00351	0.00388	0.00604	0.00845	0.01083	0.02805	0.53835	0.25980	0.01200	0.00517	0.00161	0.00243	0.08741	0.00381	0.00342
3	0.00893	0.16638	0.52391	0.01041	0.01514	0.02132	0.03395	0.03058	0.02161	0.01245	0.00800	0.03813	0.00654	0.00454	0.00429	0.01054	0.03959	0.01832	0.00197	0.02339
4	0.06035	0.07525	0.03205	0.04095	0.09827	0.03793	0.12102	0.13080	0.12489	0.16929	0.03407	0.01165	0.00866	0.00450	0.00399	0.00124	0.00449	0.00388	0.00329	0.03344
5	0.00629	0.00492	0.00700	0.00676	0.00727	0.00589	0.00516	0.00742	0.00645	0.00930	0.01061	0.01709	0.01045	0.17303	0.58843	0.00551	0.11807	0.00457	0.00220	0.00356
6	0.15003	0.00697	0.00841	0.00682	0.00951	0.00665	0.00556	0.06680	0.02637	0.50035	0.05994	0.04156	0.05471	0.00611	0.01784	0.00139	0.00344	0.01713	0.00440	0.00601
7	0.01006	0.00863	0.01411	0.22819	0.47133	0.00915	0.01107	0.01280	0.04455	0.08360	0.00918	0.03924	0.00749	0.00438	0.00439	0.00130	0.02823	0.00401	0.00239	0.00589
8	0.04282	0.00786	0.01249	0.68918	0.07051	0.02295	0.02901	0.03464	0.00873	0.03255	0.00757	0.01072	0.00567	0.00410	0.00405	0.00134	0.00534	0.00362	0.00202	0.00482
9	0.04644	0.02947	0.13737	0.00874	0.02472	0.03120	0.06873	0.10439	0.00996	0.03372	0.04033	0.07146	0.00925	0.01821	0.00438	0.00114	0.03285	0.01890	0.00271	0.30603
10	0.12414	0.09996	0.01238	0.01126	0.13584	0.31751	0.02407	0.05697	0.03573	0.04751	0.00808	0.02283	0.00672	0.00443	0.00382	0.00116	0.02457	0.01621	0.02778	0.01904
11	0.00814	0.00765	0.01203	0.56326	0.06087	0.00956	0.01034	0.02738	0.02191	0.01097	0.00882	0.03066	0.03771	0.00516	0.00596	0.00145	0.16741	0.00403	0.00204	0.00465
12	0.02493	0.00953	0.01111	0.01967	0.01178	0.06649	0.07472	0.11188	0.34177	0.07151	0.03870	0.02569	0.02763	0.00552	0.00523	0.00135	0.10063	0.00438	0.00351	0.04398
13	0.00726	0.00545	0.00651	0.00602	0.02026	0.00519	0.00453	0.06364	0.07917	0.03917	0.41862	0.04878	0.18675	0.00795	0.00461	0.00129	0.00247	0.02284	0.00412	0.06536
14	0.00575	0.00396	0.00488	0.00525	0.00592	0.00361	0.00362	0.00662	0.00855	0.04679	0.11192	0.45926	0.20202	0.10390	0.00678	0.00180	0.00249	0.00960	0.00380	0.00349
15	0.00925	0.00784	0.01066	0.04410	0.01202	0.00643	0.09992	0.03303	0.00907	0.04970	0.00788	0.00919	0.00628	0.00328	0.00337	0.00078	0.00366	0.00288	0.00253	0.67815
16	0.01181	0.00848	0.01043	0.00818	0.01119	0.04361	0.06997	0.14097	0.07162	0.17877	0.01197	0.06043	0.00976	0.00508	0.00397	0.00112	0.00389	0.05305	0.00347	0.29222
17	0.00666	0.00532	0.00653	0.00587	0.00771	0.00435	0.00430	0.00793	0.00828	0.01202	0.04157	0.43387	0.01773	0.00815	0.00420	0.00116	0.00267	0.00724	0.00319	0.41124
18	0.01064	0.00986	0.01636	0.01226	0.01550	0.05714	0.40173	0.09243	0.06327	0.08241	0.06002	0.04886	0.04598	0.00489	0.00451	0.00130	0.00525	0.00499	0.00298	0.05962
19	0.00937	0.00907	0.01592	0.01279	0.09754	0.00803	0.34816	0.02350	0.00945	0.03019	0.04239	0.01082	0.00765	0.00357	0.00402	0.00105	0.00485	0.00384	0.00241	0.35539
20	0.03821	0.01029	0.01681	0.01239	0.01597	0.01028	0.36910	0.27184	0.03242	0.15095	0.01074	0.01158	0.02018	0.00436	0.00441	0.00131	0.00532	0.00434	0.00331	0.00619
21	0.01074	0.00871	0.01264	0.01051	0.04822	0.02095	0.18960	0.07105	0.26970	0.11326	0.11823	0.01581	0.02163	0.00525	0.00436	0.00130	0.00414	0.01706	0.00362	0.05322
22	0.01128	0.00949	0.03612	0.01222	0.01562	0.00879	0.38801	0.03552	0.03203	0.18638	0.02885	0.01232	0.02643	0.00441	0.00509	0.00129	0.07033	0.00438	0.00293	0.10851
23	0.01151	0.00965	0.01330	0.00989	0.01336	0.07325	0.21163	0.10797	0.02882	0.12527	0.00942	0.02262	0.00717	0.00394	0.00388	0.00104	0.00460	0.00363	0.00293	0.33615
24	0.00994	0.00973	0.01564	0.17552	0.64703	0.04576	0.01217	0.01237	0.00924	0.01273	0.00758	0.01018	0.00626	0.00376	0.00406	0.00124	0.00510	0.00361	0.00200	0.00607
25	0.00942	0.01034	0.03924	0.07892	0.01939	0.00966	0.55489	0.01349	0.09260	0.01338	0.00894	0.01113	0.00677	0.00369	0.00448	0.00129	0.00595	0.00440	0.00231	0.10969
26	0.00602	0.00454	0.00569	0.00594	0.00682	0.00425	0.00419	0.02057	0.05848	0.01198	0.09149	0.58254	0.02417	0.02976	0.00523	0.00154	0.00257	0.02556	0.00371	0.10494
27	0.03347	0.03494	0.01216	0.00990	0.01261	0.41475	0.04267	0.23979	0.03690	0.09828	0.00869	0.00912	0.00650	0.00447	0.00386	0.00115	0.00584	0.00322	0.00303	0.01865
28	0.00611	0.00512	0.00554	0.00580	0.00703	0.03290	0.00457	0.00816	0.07210	0.01177	0.03079	0.13946	0.42251	0.01037	0.00503	0.00154	0.00284	0.22076	0.00377	0.00381
29	0.00500	0.00357	0.00476	0.00572	0.00595	0.00333	0.00381	0.00572	0.00786	0.01048	0.02262	0.85306	0.02715	0.01286	0.00524	0.00167	0.00238	0.01167	0.00381	0.00333
30	0.01044	0.01081	0.02085	0.01515	0.01877	0.01075	0.59373	0.12999	0.01073	0.01471	0.00822	0.01061	0.00625	0.00401	0.00548	0.00137	0.08469	0.00447	0.00236	0.03660
31	0.01744	0.00677	0.00921	0.00714	0.01014	0.00587	0.00587	0.01906	0.01174	0.76990	0.07890	0.01526	0.01237	0.00534	0.00418	0.00127	0.00337	0.00438	0.00504	0.00675
32	0.88473	0.00794	0.00603	0.00540	0.00794	0.00921	0.00445	0.01207	0.00699	0.01842	0.00572	0.00667	0.00445	0.00381	0.00254	0.00127	0.00318	0.00222	0.00254	0.00445
33	0.00895	0.01740	0.03168	0.00882	0.07288	0.00781	0.03787	0.10138	0.26115	0.02581	0.27225	0.02092	0.06838	0.02826	0.00486	0.00139	0.00329	0.01768	0.00387	0.00534
34	0.00982	0.01045	0.07950	0.08797	0.70503	0.00969	0.01270	0.01246	0.00921	0.01315	0.00766	0.01011	0.00632	0.00371	0.00405	0.00124	0.00501	0.00361	0.00199	0.00632
35	0.01025	0.00927	0.03721	0.03670	0.03208	0.00900	0.36640	0.07406	0.00992	0.11017	0.01120	0.14308	0.00990	0.00567	0.00559	0.00143	0.09597	0.00545	0.00282	0.02384
36	0.06420	0.02727	0.03150	0.03280	0.08322	0.08804	0.06768	0.16489	0.02318	0.14089	0.00917	0.00985	0.00679	0.00405	0.00372	0.00107	0.00443	0.00330	0.00305	0.23090
37	0.00839	0.00814	0.01048	0.00922	0.00969	0.04596	0.00741	0.00932	0.00701	0.01026	0.00904	0.16780	0.00979	0.03081	0.01075	0.00169	0.55312	0.00503	0.00226	0.08383
38	0.00926	0.00727	0.00859	0.00617	0.00978	0.00551	0.00495	0.01107	0.00876	0.07558	0.00797	0.00893	0.00639	0.00319	0.00312	0.00066	0.00307	0.00256	0.00263	0.81451
39	0.02656	0.00904	0.01002	0.00772	0.01077	0.03471	0.00628	0.29287	0.01262	0.07540	0.04468	0.01105	0.00837	0.00452	0.00420	0.00102	0.04920	0.01942	0.00328	0.36827
40	0.00857	0.00839	0.01142	0.00996	0.01012	0.02987	0.00819	0.00953	0.00645	0.00978	0.00647	0.01052	0.00639	0.03378	0.13936	0.00257	0.67867	0.00376	0.00188	0.00432
41	0.00504	0.00418	0.00442	0.00441	0.00573	0.00356	0.00334	0.00623	0.00967	0.01187	0.14854	0.03853	0.69284	0.01015	0.00488	0.00139	0.00212	0.03566	0.00391	0.00353
42	0.00838	0.00715	0.00837	0.00607	0.00958	0.00539	0.00482	0.01016	0.00849	0.01326	0.00789	0.04131	0.00690	0.00342	0.00313	0.00065	0.00301	0.00279	0.00249	0.84676
43	0.02101	0.02390	0.01244	0.01004	0.03341	0.18421	0.09930	0.28624	0.04140	0.05760	0.00956	0.01114	0.01592	0.05974	0.01413	0.00140	0.01846	0.00370	0.00307	0.09332
44	0.00779	0.00726	0.01003	0.00901	0.00936	0.02611	0.00733	0.00893	0.00653	0.00973	0.00778	0.01197	0.00745	0.01710	0.36236	0.00381	0.47742	0.00391	0.00197	0.00415
45	0.00523	0.00371	0.00489	0.00571	0.00598	0.00353	0.00387	0.00595	0.00772	0.01029	0.02124	0.69339	0.02520	0.10624	0.02583	0.00205	0.00284	0.05944	0.00363	0.00328
46	0.00851	0.00730	0.00851	0.00608	0.00973	0.00547	0.00486	0.01034	0.00851	0.01338	0.00730	0.00851	0.00608	0.00304	0.00304	0.00061	0.00304	0.00243	0.00243	0.88083
47	0.01040	0.00786	0.03262	0.00782	0.01104	0.00651	0.09181	0.05814	0.03389	0.15655	0.06467	0.06591	0.01054	0.00463	0.00380	0.00100	0.00359	0.00406	0.00321	0.42196
48	0.00580	0.00394	0.00466	0.00493	0.00503	0.00388	0.00302	0.00606	0.00658	0.00876	0.01555	0.20704	0.01808	0.62357	0.01661	0.00336	0.00362	0.05391	0.00285	0.00275
49	0.00851	0.00730	0.00851	0.00608	0.00973	0.00547	0.00486	0.01034	0.00851	0.01338	0.00730	0.00851	0.00608	0.00304	0.00304	0.00061	0.00304	0.00243	0.00243	0.88083
50	0.01097	0.85821	0.02151	0.00702	0.01054	0.01624	0.00702	0.01229	0.00834	0.00966	0.00571	0.00658	0.00527	0.00351	0.00263	0.00088	0.00439	0.00219	0.00176	0.00527
51	0.00851	0.00730	0.00851	0.00608	0.00973	0.00547	0.00486	0.01034	0.00851	0.01338	0.00730	0.00851	0.00608	0.00304	0.00304	0.00061	0.00304	0.00243	0.00243	0.88083
52	0.00898	0.00898	0.01257	0.01078	0.01078	0.01257	0.00898	0.00988	0.00629	0.00988	0.00539	0.00898	0.00539	0.00718	0.01347	0.00180	0.84823	0.00359	0.00180	0.00449
53	0.01814	0.00744	0.00980	0.00752	0.01070	0.00670	0.00621	0.09948	0.01250	0.75244	0.01556	0.01356	0.00984	0.00507	0.00413	0.00127	0.00360	0.00408	0.00498	0.00699
54	0.00587	0.00437	0.00643	0.00643	0.00711	0.00504	0.00493	0.00722	0.00655	0.00941	0.01114	0.01696	0.01062	0.09451	0.77624	0.00639	0.01045	0.00452	0.00222	0.00357
55	0.00504	0.00417	0.00442	0.00436	0.00566	0.00355	0.00327	0.00626	0.00981	0.01216	0.19867	0.03774	0.67071	0.01000	0.00485	0.00137	0.00205	0.00842	0.00395	0.00355
56	0.00774	0.00703	0.01166	0.78083	0.02646	0.00871	0.01074	0.01042	0.00824	0.01086	0.00777	0.01128	0.00586	0.00416	0.00401	0.00134	0.00520	0.00366	0.06955	0.00450
57	0.01021	0.00882	0.00928	0.00835	0.01067	0.01021	0.00650	0.02181	0.82272	0.01717	0.01671	0.01532	0.01253	0.00557	0.00418	0.00139	0.00325	0.00464	0.00418	0.00650
58	0.00907	0.00740	0.00862	0.00631	0.00983	0.00586	0.00504	0.01164	0.07155	0.04936	0.00841	0.00928	0.00676	0.00332	0.00318	0.00070	0.00308	0.00268	0.00268	0.77524
59	0.01021	0.00882	0.00928	0.00835	0.01067	0.01021	0.00650	0.02181	0.82272	0.01717	0.01671	0.01532	0.01253	0.00557	0.00418	0.00139	0.00325	0.00464	0.00418	0.00650
60	0.00877	0.00867	0.01217	0.01049	0.01054	0.01207	0.00872	0.00971	0.00631	0.00985	0.00577	0.00947	0.00572	0.00879	0.06971	0.00212	0.79122	0.00365	0.00182	0.00443
61	0.00993	0.00952	0.01626	0.10184	0.75524	0.00969	0.01249	0.01240	0.00924	0.01314	0.00768	0.01023	0.00641	0.00370	0.00407	0.00123	0.00493	0.00366	0.00201	0.00632
62	0.00969	0.01091	0.02345	0.03129	0.08403	0.01031	0.74024	0.01306	0.00964	0.01313	0.00824	0.01100	0.00624	0.00349	0.00477	0.00137	0.00674	0.00473	0.00207	0.00560
63	0.00851	0.00730	0.00851	0.00608	0.00973	0.00547	0.00486	0.01034	0.00851	0.01338	0.00730	0.00851	0.00608	0.00304	0.00304	0.00061	0.00304	0.00243	0.00243	0.88083
64	0.00683	0.00515	0.04181	0.00555	0.00694	0.00426	0.00448	0.00880	0.01135	0.07904	0.67865	0.02899	0.08616	0.00807	0.00475	0.00130	0.00225	0.00706	0.00440	0.00418
65	0.00887	0.00765	0.00800	0.00731	0.00939	0.00853	0.00565	0.01784	0.61958	0.01565	0.02292	0.02136	0.21631	0.00677	0.00435	0.00139	0.00296	0.00565	0.00409	0.00574
66	0.00871	0.16561	0.69423	0.01089	0.01652	0.01069	0.01376	0.01288	0.00861	0.01242	0.00708	0.00831	0.00521	0.00383	0.00368	0.00123	0.00578	0.00289	0.00174	0.00593
67	0.00586	0.00440	0.00660	0.00660	0.00733	0.00513	0.00513	0.00733	0.00660	0.00953	0.01100	0.01613	0.01026	0.03079	0.83947	0.00660	0.01100	0.00440	0.00220	0.00367
68	0.00823	0.02123	0.83447	0.01170	0.01777	0.00953	0.01517	0.01300	0.00867	0.01300	0.00737	0.00867	0.00520	0.00390	0.00390	0.00130	0.00607	0.00303	0.00173	0.00607
69	0.01752	0.00755	0.00977	0.00759	0.01071	0.00699	0.00624	0.09559	0.07511	0.69350	0.01563	0.01369	0.01004	0.00510	0.00413	0.00128	0.00357	0.00413	0.00492	0.00695
70	0.00496	0.00411	0.00434	0.00440	0.00564	0.00349	0.00325	0.00605	0.00943	0.01154	0.11434	0.11339	0.68005	0.01043	0.00489	0.00140	0.00209	0.00882	0.00388	0.00349
71	0.00775	0.00730	0.01231	0.84587	0.02827	0.00912	0.01140	0.01049	0.00821	0.01049	0.00730	0.01094	0.00547	0.00410	0.00410	0.00137	0.00547	0.00365	0.00182	0.00456
72	0.00831	0.04540	0.81099	0.01156	0.01756	0.00973	0.01493	0.01298	0.00866	0.01290	0.00732	0.00861	0.00520	0.00389	0.00386	0.00129	0.00602	0.00301	0.00173	0.00604
73	0.01009	0.00968	0.01654	0.04890	0.80698	0.00973	0.01256	0.01254	0.00931	0.01333	0.00771	0.01018	0.00647	0.00367	0.00406	0.00122	0.00489	0.00366	0.00203	0.00645
74	0.01643	0.00784	0.00982	0.00765	0.01061	0.00755	0.00628	0.22043	0.01338	0.54287	0.04892	0.01376	0.01059	0.00619	0.03709	0.00146	0.00395	0.00416	0.02438	0.00665
75	0.01820	0.00733	0.00974	0.00747	0.01065	0.00655	0.00617	0.08153	0.01233	0.77063	0.01570	0.01365	0.00992	0.00507	0.00413	0.00127	0.00357	0.00409	0.00501	0.00699
76	0.01013	0.00857	0.00899	0.00777	0.00987	0.09021	0.04764	0.13318	0.25105	0.04021	0.10061	0.03122	0.12628	0.00635	0.00424	0.00129	0.00362	0.02562	0.08785	0.00530
77	0.00961	0.01085	0.02300	0.01662	0.02034	0.01061	0.73102	0.01281	0.00933	0.01281	0.00800	0.01085	0.00614	0.00385	0.00575	0.00143	0.09478	0.00471	0.00205	0.00543
78	0.01012	0.00986	0.01725	0.02459	0.76766	0.00980	0.07460	0.01264	0.00937	0.01339	0.00777	0.01023	0.00648	0.00364	0.00412	0.00123	0.00503	0.00375	0.00204	0.00643
79	0.00827	0.00784	0.01318	0.65548	0.18579	0.00936	0.01155	0.01088	0.00837	0.01104	0.00731	0.01072	0.00567	0.00412	0.00442	0.00135	0.03419	0.00365	0.00186	0.00494
80	0.01069	0.75069	0.04782	0.00697	0.01037	0.01500	0.00699	0.02434	0.00854	0.01045	0.00642	0.00738	0.00570	0.00364	0.00272	0.00090	0.00426	0.00237	0.06952	0.00521
81	0.00531	0.00426	0.00478	0.00489	0.00602	0.00381	0.00363	0.00687	0.03911	0.01221	0.17700	0.17417	0.49134	0.01031	0.00492	0.00144	0.00221	0.04013	0.00395	0.00364
82	0.00856	0.02077	0.80777	0.01156	0.01753	0.00942	0.01487	0.01323	0.00877	0.03954	0.00765	0.00884	0.00536	0.00394	0.00391	0.00130	0.00598	0.00307	0.00184	0.00610
83	0.00888	0.00845	0.01435	0.46166	0.40367	0.00942	0.01196	0.01148	0.00874	0.01186	0.00750	0.01058	0.00595	0.00389	0.00409	0.00130	0.00519	0.00365	0.00192	0.00547
84	0.01832	0.00714	0.00962	0.00738	0.01056	0.00626	0.00609	0.04726	0.01201	0.80536	0.01598	0.01383	0.01005	0.00508	0.00413	0.00127	0.00353	0.00411	0.00505	0.00699
85	0.00503	0.00358	0.00476	0.00568	0.00592	0.00335	0.00378	0.00572	0.00781	0.01041	0.02238	0.83188	0.02684	0.03447	0.00564	0.00173	0.00242	0.01152	0.00378	0.00331
86	0.01041	0.00957	0.00913	0.00826	0.01046	0.09799	0.00638	0.02007	0.66999	0.01614	0.03274	0.01561	0.04015	0.00563	0.00413	0.00134	0.00359	0.00460	0.02772	0.00608
87	0.00944	0.00902	0.01536	0.27023	0.59072	0.00956	0.01224	0.01197	0.00901	0.01254	0.00759	0.01039	0.00619	0.00379	0.00408	0.00126	0.00505	0.00365	0.00197	0.00592
88	0.00597	0.00398	0.00448	0.00448	0.00448	0.00398	0.00249	0.00597	0.00597	0.00796	0.01293	0.02686	0.01492	0.85574	0.02089	0.00398	0.00398	0.00597	0.00249	0.00249
89	0.00539	0.00441	0.02243	0.00543	0.00631	0.00385	0.00399	0.00691	0.03775	0.01218	0.19720	0.43124	0.22605	0.01086	0.00499	0.00150	0.00232	0.00960	0.00393	0.00365
90	0.01632	0.00704	0.00906	0.00713	0.01003	0.00643	0.00583	0.06785	0.06274	0.63886	0.01739	0.01556	0.06462	0.00544	0.00412	0.00127	0.00337	0.00442	0.04594	0.00657
91	0.01005	0.00965	0.01647	0.06093	0.79522	0.00973	0.01255	0.01251	0.00930	0.01328	0.00770	0.01019	0.00646	0.00368	0.00407	0.00123	0.00490	0.00366	0.00202	0.00642
92	0.00997	0.00861	0.00905	0.00817	0.01044	0.00991	0.00635	0.02110	0.78615	0.01690	0.01783	0.01640	0.04922	0.00579	0.00421	0.00139	0.00320	0.00482	0.00416	0.00636
93	0.29012	0.01097	0.03652	0.02819	0.01148	0.09618	0.01737	0.31260	0.11354	0.01969	0.00892	0.00935	0.00664	0.00451	0.00356	0.00125	0.00430	0.00323	0.01584	0.00574

[dist]
# distance from previous block
# <min> <max>
0	1

[block]
# block no. 3 follows, 65 sequences, length 10
# corresponding to MSA columns:
# 222-231
name=unknown_D
#
# <colnr> <probs for GDERKNQSTAVLIFYWHMCP>
#	G	D	E	R	K	N	Q	S	T	A	V	L	I	F	Y	W	H	M	C	P
0	0.00948	0.20812	0.35149	0.01064	0.06503	0.01024	0.06854	0.01255	0.00878	0.04021	0.00736	0.00861	0.00571	0.00364	0.00353	0.00107	0.00500	0.00293	0.00203	0.17505
1	0.00896	0.00770	0.00867	0.00773	0.00981	0.00855	0.03291	0.01771	0.58698	0.01628	0.14109	0.02005	0.10296	0.00644	0.00437	0.00138	0.00305	0.00549	0.00412	0.00575
2	0.00938	0.12165	0.13438	0.01059	0.01242	0.04595	0.07624	0.01117	0.00753	0.01087	0.00642	0.00907	0.00568	0.00567	0.00898	0.00149	0.46591	0.00341	0.04831	0.00488
3	0.01421	0.01301	0.01174	0.00967	0.01210	0.23951	0.00775	0.43711	0.04222	0.01880	0.00869	0.00946	0.00664	0.00504	0.00513	0.00125	0.11168	0.00343	0.03663	0.00592
4	0.00505	0.00371	0.00484	0.00559	0.00602	0.00350	0.00383	0.00587	0.00794	0.01048	0.02405	0.68083	0.12691	0.01404	0.07449	0.00204	0.00306	0.01069	0.00368	0.00338
5	0.00597	0.00398	0.00448	0.00448	0.00448	0.00398	0.00249	0.00597	0.00597	0.00796	0.01293	0.02686	0.01492	0.85574	0.02089	0.00398	0.00398	0.00597	0.00249	0.00249
6	0.00924	0.24003	0.03286	0.00746	0.00967	0.05755	0.04871	0.07703	0.00969	0.04363	0.06730	0.28495	0.01521	0.02130	0.00435	0.00129	0.00382	0.00609	0.00302	0.05681
7	0.05754	0.03034	0.11478	0.01015	0.07782	0.09621	0.00819	0.13619	0.32184	0.01649	0.01110	0.01121	0.00842	0.00462	0.00386	0.00123	0.00436	0.00365	0.00319	0.07883
8	0.01043	0.22217	0.28575	0.00934	0.01364	0.01057	0.06000	0.07904	0.00968	0.07401	0.00782	0.00877	0.00596	0.00386	0.00373	0.00108	0.02319	0.00298	0.00233	0.16565
9	0.01007	0.58316	0.28867	0.00856	0.01291	0.01404	0.00970	0.01252	0.00845	0.01076	0.00625	0.00727	0.00525	0.00364	0.00305	0.00102	0.00494	0.00247	0.00175	0.00553

[dist]
# distance from previous block
# <min> <max>
0	4

[block]
# block no. 4 follows, 65 sequences, length 10
# corresponding to MSA columns:
# 237-246
name=unknown_E
#
# <colnr> <probs for GDERKNQSTAVLIFYWHMCP>
#	G	D	E	R	K	N	Q	S	T	A	V	L	I	F	Y	W	H	M	C	P
0	0.01235	0.14947	0.01434	0.01065	0.06008	0.22110	0.10630	0.17279	0.10729	0.01468	0.00897	0.01030	0.00720	0.03566	0.00442	0.00125	0.00526	0.00350	0.03176	0.02264
1	0.00701	0.00495	0.00649	0.07530	0.00911	0.00472	0.00546	0.00868	0.00945	0.06149	0.10204	0.09742	0.19287	0.00915	0.00486	0.00150	0.00312	0.29162	0.04112	0.06362
2	0.00596	0.00401	0.00462	0.00462	0.00466	0.00405	0.00266	0.00606	0.00601	0.00806	0.01281	0.02616	0.01462	0.80186	0.07436	0.00415	0.00444	0.00587	0.00247	0.00256
3	0.00935	0.00724	0.00852	0.00634	0.00970	0.00580	0.00505	0.03103	0.04663	0.07846	0.00934	0.05553	0.00788	0.00390	0.00332	0.00077	0.00309	0.00320	0.00284	0.70201
4	0.00505	0.00361	0.00480	0.00568	0.00596	0.00336	0.00381	0.00583	0.00807	0.01082	0.06843	0.80629	0.02781	0.01261	0.00522	0.00165	0.00236	0.01143	0.00385	0.00336
5	0.00500	0.00416	0.00436	0.00431	0.00563	0.00353	0.00323	0.00618	0.00970	0.01191	0.16202	0.03815	0.70751	0.01009	0.00485	0.00137	0.00206	0.00847	0.00392	0.00353
6	0.05962	0.02659	0.00937	0.00714	0.01010	0.00697	0.00585	0.07313	0.07153	0.51565	0.08116	0.01413	0.01170	0.00510	0.00398	0.00121	0.00338	0.00411	0.00446	0.08482
7	0.00845	0.00544	0.00532	0.00487	0.00629	0.04048	0.00373	0.04928	0.05326	0.01549	0.04327	0.01518	0.02680	0.00491	0.00316	0.00099	0.00244	0.00393	0.63024	0.07647
8	0.01032	0.01021	0.03190	0.03907	0.68587	0.02545	0.05885	0.03904	0.03415	0.01379	0.00805	0.01029	0.00662	0.00377	0.00410	0.00124	0.00502	0.00373	0.00216	0.00638
9	0.03811	0.00743	0.00852	0.00636	0.00968	0.00617	0.00507	0.06777	0.03937	0.03140	0.03435	0.04049	0.00821	0.00386	0.00330	0.00078	0.00311	0.00313	0.00279	0.68011

[dist]
# distance from previous block
# <min> <max>
0	1

[block]
# block no. 5 follows, 65 sequences, length 6
# corresponding to MSA columns:
# 248-253
name=unknown_F
#
# <colnr> <probs for GDERKNQSTAVLIFYWHMCP>
#	G	D	E	R	K	N	Q	S	T	A	V	L	I	F	Y	W	H	M	C	P
0	0.04206	0.01059	0.08494	0.03378	0.03033	0.02423	0.31451	0.11101	0.06860	0.08003	0.02686	0.01358	0.00869	0.00470	0.00462	0.00134	0.02704	0.05759	0.00287	0.05265
1	0.00763	0.00520	0.00668	0.00616	0.00700	0.00538	0.02606	0.06609	0.00825	0.06587	0.05757	0.06218	0.04909	0.39820	0.13064	0.00334	0.03504	0.05298	0.00300	0.00366
2	0.00896	0.00801	0.00877	0.04533	0.01062	0.06159	0.00541	0.04320	0.00910	0.01331	0.00849	0.07206	0.00762	0.00398	0.00334	0.00078	0.00346	0.00325	0.00255	0.68017
3	0.01159	0.00847	0.00938	0.00712	0.01046	0.04493	0.00572	0.11652	0.08042	0.15729	0.00993	0.01016	0.00742	0.00391	0.00349	0.00089	0.00352	0.00309	0.00324	0.50244
4	0.00586	0.00440	0.00660	0.00660	0.00733	0.00513	0.00513	0.00733	0.00660	0.00953	0.01100	0.01613	0.01026	0.03079	0.83947	0.00660	0.01100	0.00440	0.00220	0.00367
5	0.00611	0.00428	0.00546	0.00598	0.00666	0.00414	0.00426	0.03180	0.03852	0.04091	0.02292	0.61074	0.09696	0.01259	0.04360	0.00184	0.00296	0.05271	0.00380	0.00374

[dist]
# distance from previous block
# <min> <max>
0	1

[block]
# block no. 6 follows, 65 sequences, length 21
# corresponding to MSA columns:
# 255-275
name=unknown_G
#
# <colnr> <probs for GDERKNQSTAVLIFYWHMCP>
#	G	D	E	R	K	N	Q	S	T	A	V	L	I	F	Y	W	H	M	C	P
0	0.01714	0.00661	0.00885	0.00689	0.00980	0.00577	0.00566	0.01877	0.01138	0.73596	0.01586	0.01413	0.01020	0.00505	0.00398	0.00123	0.00331	0.00409	0.10872	0.00661
1	0.00503	0.00360	0.00479	0.00569	0.00596	0.00336	0.00381	0.00580	0.00802	0.01073	0.05627	0.81870	0.02763	0.01267	0.00522	0.00165	0.00236	0.01149	0.00384	0.00336
2	0.00616	0.00533	0.00552	0.00618	0.00672	0.08958	0.00431	0.00697	0.00839	0.01052	0.02197	0.65563	0.07746	0.02760	0.00537	0.00164	0.00298	0.05057	0.00361	0.00350
3	0.00843	0.00719	0.00834	0.00624	0.00957	0.00572	0.00493	0.01096	0.07315	0.01350	0.00899	0.06124	0.00789	0.00385	0.00327	0.00074	0.00302	0.00318	0.00266	0.75715
4	0.00989	0.00955	0.01691	0.03997	0.25107	0.00960	0.32334	0.04486	0.13940	0.01449	0.00999	0.01184	0.00773	0.00405	0.00427	0.00129	0.00513	0.00429	0.08649	0.00583
5	0.01097	0.85821	0.02151	0.00702	0.01054	0.01624	0.00702	0.01229	0.00834	0.00966	0.00571	0.00658	0.00527	0.00351	0.00263	0.00088	0.00439	0.00219	0.00176	0.00527
6	0.00969	0.01107	0.02422	0.01730	0.02145	0.01038	0.81522	0.01315	0.00969	0.01315	0.00830	0.01107	0.00623	0.00346	0.00484	0.00138	0.00692	0.00484	0.00208	0.00554
7	0.00552	0.00422	0.00509	0.00499	0.00611	0.00379	0.00382	0.00713	0.01062	0.01417	0.47712	0.03513	0.32556	0.00936	0.00491	0.00137	0.00214	0.07104	0.00420	0.00372
8	0.00597	0.00400	0.00456	0.00456	0.00459	0.00403	0.00260	0.00603	0.00600	0.00802	0.01285	0.02642	0.01473	0.82189	0.05448	0.00409	0.00427	0.00590	0.00248	0.00254
9	0.00938	0.42691	0.37336	0.00902	0.01342	0.01245	0.01041	0.01220	0.00834	0.01110	0.00685	0.00825	0.00564	0.00585	0.06966	0.00152	0.00564	0.00273	0.00178	0.00549
10	0.00847	0.00807	0.11600	0.00705	0.00913	0.00656	0.00609	0.04655	0.04362	0.06899	0.04474	0.03024	0.01110	0.24955	0.07498	0.01683	0.07153	0.00442	0.00272	0.17337
11	0.00988	0.39266	0.35437	0.01018	0.01475	0.04381	0.09743	0.01283	0.00874	0.01142	0.00669	0.00795	0.00534	0.00369	0.00343	0.00111	0.00546	0.00284	0.00179	0.00560
12	0.00951	0.22135	0.42256	0.01022	0.01497	0.01105	0.07428	0.06812	0.02774	0.01317	0.00814	0.00923	0.02318	0.00396	0.00365	0.00115	0.00526	0.00313	0.00208	0.06726
13	0.00790	0.27040	0.26790	0.00796	0.01102	0.00930	0.00832	0.01006	0.00813	0.01087	0.01188	0.26673	0.01250	0.04210	0.03603	0.00159	0.00453	0.00558	0.00242	0.00475
14	0.04442	0.13428	0.32860	0.00833	0.01157	0.04662	0.02537	0.01086	0.00805	0.03180	0.02867	0.03123	0.00942	0.25417	0.00872	0.00202	0.00494	0.00407	0.00221	0.00468
15	0.00915	0.04211	0.06767	0.00892	0.01119	0.09376	0.10816	0.08105	0.02251	0.02921	0.04619	0.01647	0.02994	0.05219	0.22055	0.00277	0.02351	0.06659	0.00266	0.06539
16	0.03111	0.10813	0.04751	0.07749	0.03540	0.04988	0.04399	0.05687	0.02503	0.04003	0.01222	0.03557	0.08779	0.15670	0.03676	0.00199	0.14192	0.00456	0.00252	0.00454
17	0.00953	0.03217	0.15885	0.05346	0.03868	0.03951	0.07165	0.11677	0.03391	0.03330	0.02769	0.01245	0.02113	0.06890	0.09133	0.00190	0.01465	0.00379	0.00258	0.16777
18	0.01034	0.00951	0.03654	0.08768	0.08830	0.04254	0.09382	0.16202	0.02260	0.03185	0.00912	0.06808	0.00777	0.00475	0.00470	0.00116	0.07150	0.00397	0.00271	0.24103
19	0.00984	0.00928	0.06801	0.03229	0.03101	0.04627	0.07089	0.17542	0.05417	0.02599	0.18347	0.02750	0.03456	0.00527	0.00407	0.00114	0.00391	0.00451	0.01840	0.19402
20	0.01063	0.00811	0.01277	0.06253	0.08683	0.00747	0.18052	0.01355	0.07410	0.16938	0.02559	0.01299	0.03256	0.03876	0.00469	0.00124	0.00428	0.00405	0.00300	0.24694

[dist]
# distance from previous block
# <min> <max>
28	300

# created by:
# /st0/software/busco_prod/Augustus/scripts/msa2prfl.pl ./align_prep/100475.fa
