[name]
unknown

[dist]
# distance from previous block
# <min> <max>
0	44

[block]
# block no. 0 follows, 58 sequences, length 13
# corresponding to MSA columns:
# 104-106,112-121
name=unknown_A
#
# <colnr> <probs for GDERKNQSTAVLIFYWHMCP>
#	G	D	E	R	K	N	Q	S	T	A	V	L	I	F	Y	W	H	M	C	P
0	0.00915	0.09835	0.49050	0.01108	0.01583	0.04527	0.03200	0.01301	0.00994	0.01379	0.06469	0.01803	0.01168	0.00596	0.00454	0.00147	0.00578	0.14054	0.00251	0.00585
1	0.00728	0.00561	0.00846	0.01011	0.14869	0.00586	0.00634	0.00862	0.00851	0.01195	0.12595	0.06020	0.03949	0.07873	0.35041	0.09158	0.00720	0.01787	0.00286	0.00425
2	0.00594	0.00448	0.00526	0.00542	0.00635	0.00409	0.00393	0.00713	0.00988	0.01280	0.20242	0.14695	0.32238	0.15705	0.00849	0.00208	0.00282	0.08476	0.00407	0.00370
3	0.05349	0.04758	0.08528	0.02710	0.01221	0.04571	0.00767	0.33639	0.03505	0.10520	0.01150	0.01472	0.00944	0.17960	0.00810	0.00196	0.00488	0.00436	0.00365	0.00611
4	0.01100	0.01103	0.01784	0.12617	0.44702	0.05868	0.15014	0.02726	0.06510	0.01450	0.02225	0.01192	0.00785	0.00430	0.00458	0.00138	0.00577	0.00429	0.00244	0.00648
5	0.16819	0.00782	0.00943	0.00763	0.01072	0.00751	0.00621	0.01973	0.09340	0.55680	0.01604	0.05393	0.01114	0.00576	0.00426	0.00142	0.00366	0.00459	0.00488	0.00688
6	0.00935	0.02077	0.67773	0.01211	0.01801	0.01052	0.01487	0.01585	0.14920	0.01496	0.00981	0.01071	0.00707	0.00457	0.00430	0.00143	0.00607	0.00361	0.00236	0.00669
7	0.00990	0.44934	0.16713	0.07107	0.01338	0.01286	0.00891	0.01226	0.00981	0.01263	0.14949	0.01391	0.04258	0.00517	0.00376	0.00118	0.00465	0.00395	0.00253	0.00550
8	0.00602	0.00449	0.00514	0.00502	0.00591	0.00410	0.00347	0.00714	0.00993	0.01307	0.30105	0.03553	0.30408	0.26361	0.01060	0.00233	0.00284	0.00808	0.00398	0.00361
9	0.01657	0.00737	0.00962	0.00781	0.01062	0.00677	0.00626	0.10474	0.01297	0.55445	0.05252	0.16006	0.01528	0.00716	0.00474	0.00146	0.00364	0.00604	0.00515	0.00677
10	0.01122	0.60088	0.11674	0.00898	0.01247	0.01613	0.00909	0.01303	0.00874	0.01100	0.00637	0.00790	0.00575	0.00458	0.00510	0.00119	0.15045	0.00277	0.00192	0.00570
11	0.03063	0.01126	0.06369	0.04719	0.04330	0.01027	0.55439	0.01352	0.03633	0.01405	0.01039	0.06676	0.00868	0.00659	0.06026	0.00190	0.00711	0.00547	0.00245	0.00576
12	0.00657	0.00461	0.00594	0.00565	0.00675	0.00421	0.00422	0.00850	0.01221	0.03863	0.68147	0.08789	0.09743	0.00954	0.00528	0.00144	0.00220	0.00840	0.00483	0.00424

[dist]
# distance from previous block
# <min> <max>
0	1

[block]
# block no. 1 follows, 58 sequences, length 118
# corresponding to MSA columns:
# 123-240
name=unknown_B
#
# <colnr> <probs for GDERKNQSTAVLIFYWHMCP>
#	G	D	E	R	K	N	Q	S	T	A	V	L	I	F	Y	W	H	M	C	P
0	0.00914	0.00856	0.01434	0.63184	0.14299	0.01003	0.03919	0.03615	0.00955	0.01258	0.00840	0.02435	0.00658	0.00453	0.00449	0.00145	0.00578	0.00413	0.00215	0.02378
1	0.01228	0.01239	0.01508	0.17180	0.37127	0.19504	0.01146	0.05556	0.01104	0.03853	0.00908	0.01129	0.02383	0.00464	0.00477	0.00135	0.03814	0.00386	0.00245	0.00615
2	0.46635	0.00865	0.00791	0.00704	0.00953	0.00983	0.00561	0.11636	0.16291	0.01980	0.01120	0.08184	0.00945	0.00603	0.01615	0.00151	0.00365	0.00415	0.04654	0.00548
3	0.01119	0.01092	0.01784	0.04883	0.76603	0.03856	0.01352	0.01381	0.01024	0.01440	0.00835	0.01099	0.00701	0.00402	0.00442	0.00133	0.00543	0.00395	0.00221	0.00696
4	0.04016	0.01100	0.01225	0.14538	0.01466	0.16047	0.00904	0.02495	0.01927	0.06726	0.04717	0.01209	0.00848	0.03742	0.00951	0.00172	0.36750	0.00404	0.00254	0.00510
5	0.00592	0.00448	0.00549	0.00549	0.00647	0.00418	0.00400	0.00732	0.01020	0.01361	0.31094	0.13866	0.27258	0.08228	0.10583	0.00243	0.00360	0.00858	0.00410	0.00386
6	0.00545	0.00391	0.00517	0.00618	0.00648	0.00364	0.00413	0.00623	0.00861	0.01144	0.02522	0.81816	0.05094	0.01394	0.00570	0.00181	0.00259	0.01263	0.00415	0.00364
7	0.00928	0.00795	0.00928	0.00663	0.01060	0.00596	0.00530	0.01126	0.00928	0.01458	0.00795	0.00928	0.00663	0.00331	0.00331	0.00066	0.00331	0.00265	0.00265	0.87014
8	0.01105	0.00962	0.01033	0.00926	0.01164	0.01128	0.00724	0.02300	0.75947	0.01824	0.01748	0.01628	0.01319	0.00617	0.00515	0.00154	0.05272	0.00499	0.00440	0.00695
9	0.00669	0.00452	0.00560	0.00569	0.00660	0.00414	0.00406	0.00792	0.01014	0.05833	0.26426	0.26660	0.18511	0.11892	0.00765	0.00194	0.00272	0.03088	0.00427	0.00395
10	0.01970	0.00821	0.01075	0.00824	0.01172	0.00746	0.00681	0.11608	0.01380	0.72230	0.01681	0.01468	0.01065	0.00552	0.00450	0.00138	0.00394	0.00444	0.00541	0.00761
11	0.00845	0.00795	0.01342	0.83204	0.03081	0.00994	0.01242	0.01143	0.00894	0.01143	0.00795	0.01193	0.00596	0.00447	0.00447	0.00149	0.00596	0.00398	0.00199	0.00497
12	0.00659	0.00437	0.00567	0.00625	0.00700	0.00401	0.00447	0.00767	0.00947	0.06471	0.07945	0.56274	0.13045	0.01265	0.00559	0.00174	0.00273	0.07617	0.00429	0.00399
13	0.00834	0.00417	0.00417	0.00417	0.00521	0.00417	0.00313	0.01042	0.00938	0.01668	0.01459	0.01668	0.01147	0.00521	0.00313	0.00104	0.00208	0.00417	0.86763	0.00417
14	0.00545	0.00389	0.00519	0.00623	0.00649	0.00363	0.00415	0.00623	0.00856	0.01142	0.02465	0.83987	0.02959	0.01401	0.00571	0.00182	0.00260	0.01272	0.00415	0.00363
15	0.00542	0.00454	0.00472	0.00467	0.00613	0.00383	0.00351	0.00668	0.01052	0.01284	0.14476	0.04180	0.71316	0.01105	0.00529	0.00150	0.00225	0.00927	0.00425	0.00383
16	0.01816	0.01067	0.01228	0.00941	0.01295	0.01112	0.00777	0.50609	0.01792	0.32646	0.01335	0.01243	0.00892	0.00543	0.00448	0.00136	0.00450	0.00421	0.00488	0.00761
17	0.01113	0.00961	0.01011	0.00910	0.01163	0.01113	0.00708	0.02377	0.80681	0.01871	0.01821	0.01669	0.01365	0.00607	0.00455	0.00152	0.00354	0.00506	0.00455	0.00708
18	0.00651	0.00434	0.00488	0.00488	0.00488	0.00434	0.00271	0.00651	0.00651	0.00867	0.01409	0.02927	0.01626	0.84279	0.02277	0.00434	0.00434	0.00651	0.00271	0.00271
19	0.00564	0.00401	0.00510	0.00588	0.00617	0.00377	0.00384	0.00629	0.00828	0.01095	0.02386	0.64590	0.07095	0.16662	0.00883	0.00226	0.00290	0.01139	0.00389	0.00347
20	0.00936	0.12973	0.71642	0.01209	0.01834	0.01134	0.01538	0.01407	0.00940	0.01369	0.00779	0.00915	0.00568	0.00420	0.00407	0.00136	0.00637	0.00319	0.00189	0.00650
21	0.01196	0.84548	0.02344	0.00765	0.01148	0.01770	0.00765	0.01339	0.00909	0.01052	0.00622	0.00718	0.00574	0.00383	0.00287	0.00096	0.00478	0.00239	0.00191	0.00574
22	0.87439	0.00865	0.00657	0.00588	0.00865	0.01003	0.00484	0.01315	0.00761	0.02007	0.00623	0.00727	0.00484	0.00415	0.00277	0.00138	0.00346	0.00242	0.00277	0.00484
23	0.00542	0.00411	0.00500	0.00567	0.00635	0.00369	0.00391	0.00635	0.00919	0.01181	0.05269	0.56473	0.27886	0.01303	0.00556	0.00171	0.00248	0.01155	0.00417	0.00369
24	0.00845	0.00795	0.01342	0.83204	0.03081	0.00994	0.01242	0.01143	0.00894	0.01143	0.00795	0.01193	0.00596	0.00447	0.00447	0.00149	0.00596	0.00398	0.00199	0.00497
25	0.00721	0.00515	0.00721	0.00824	0.00927	0.00515	0.00721	0.00927	0.01030	0.01339	0.02368	0.05046	0.02574	0.01236	0.00618	0.00206	0.00412	0.78478	0.00412	0.00412
26	0.00724	0.00404	0.00597	0.00611	0.00627	0.00414	0.00421	0.00624	0.00641	0.00868	0.01066	0.12136	0.01117	0.01835	0.15104	0.61305	0.00507	0.00518	0.00230	0.00250
27	0.00631	0.00435	0.00517	0.00526	0.00556	0.00422	0.00331	0.00689	0.00813	0.01097	0.16480	0.13606	0.04954	0.53375	0.01634	0.00332	0.00362	0.02583	0.00339	0.00318
28	0.01056	0.01207	0.02640	0.01885	0.02338	0.01131	0.79864	0.01433	0.01056	0.01433	0.00905	0.01207	0.00679	0.00377	0.00528	0.00151	0.00754	0.00528	0.00226	0.00603
29	0.00777	0.00389	0.00583	0.00583	0.00583	0.00389	0.00389	0.00583	0.00583	0.00777	0.00777	0.01360	0.00777	0.01554	0.01748	0.86985	0.00389	0.00389	0.00194	0.00194
30	0.01623	0.02967	0.01323	0.01078	0.02589	0.24500	0.00852	0.49779	0.04427	0.02183	0.00974	0.01024	0.00729	0.00572	0.02081	0.00141	0.01740	0.00372	0.00370	0.00675
31	0.00924	0.03306	0.75314	0.01296	0.01937	0.01059	0.05734	0.02827	0.00971	0.01438	0.00811	0.00958	0.00576	0.00424	0.00429	0.00141	0.00661	0.00341	0.00196	0.00659
32	0.01056	0.01207	0.02640	0.01885	0.02338	0.01131	0.79864	0.01433	0.01056	0.01433	0.00905	0.01207	0.00679	0.00377	0.00528	0.00151	0.00754	0.00528	0.00226	0.00603
33	0.00903	0.00813	0.01304	0.57326	0.12447	0.00953	0.01128	0.06052	0.01034	0.01372	0.11247	0.01453	0.01090	0.00507	0.00457	0.00145	0.00532	0.00451	0.00255	0.00530
34	0.00998	0.30376	0.51975	0.03913	0.01706	0.01287	0.01335	0.01381	0.00931	0.01283	0.00741	0.00875	0.00570	0.00411	0.00379	0.00126	0.00596	0.00302	0.00190	0.00626
35	0.00640	0.00476	0.00703	0.00703	0.00777	0.00551	0.00539	0.00789	0.00714	0.01027	0.01213	0.01838	0.01153	0.08919	0.76990	0.00699	0.01146	0.00491	0.00242	0.00391
36	0.00696	0.00507	0.00686	0.00776	0.00885	0.00497	0.00671	0.00890	0.01028	0.01322	0.02649	0.04950	0.12779	0.01222	0.00606	0.00199	0.00388	0.68428	0.00412	0.00407
37	0.01237	0.58290	0.12462	0.00905	0.01292	0.15800	0.00901	0.01424	0.00973	0.01107	0.00657	0.00766	0.00574	0.00407	0.00342	0.00106	0.01723	0.00262	0.00198	0.00574
38	0.00962	0.00727	0.00876	0.00860	0.01023	0.05217	0.02851	0.12284	0.01199	0.05596	0.03799	0.10860	0.05502	0.01038	0.00561	0.00180	0.00428	0.45141	0.00411	0.00485
39	0.01519	0.01144	0.01238	0.00973	0.01290	0.03072	0.01914	0.60828	0.06927	0.03676	0.11512	0.01408	0.01247	0.00587	0.00459	0.00136	0.00456	0.00462	0.00447	0.00706
40	0.00777	0.00389	0.00583	0.00583	0.00583	0.00389	0.00389	0.00583	0.00583	0.00777	0.00777	0.01360	0.00777	0.01554	0.01748	0.86985	0.00389	0.00389	0.00194	0.00194
41	0.57820	0.01006	0.00921	0.00797	0.01021	0.07134	0.02319	0.04646	0.00846	0.01770	0.00646	0.00809	0.00528	0.00499	0.00544	0.00149	0.17492	0.00289	0.00263	0.00502
42	0.00834	0.00417	0.00417	0.00417	0.00521	0.00417	0.00313	0.01042	0.00938	0.01668	0.01459	0.01668	0.01147	0.00521	0.00313	0.00104	0.00208	0.00417	0.86763	0.00417
43	0.87439	0.00865	0.00657	0.00588	0.00865	0.01003	0.00484	0.01315	0.00761	0.02007	0.00623	0.00727	0.00484	0.00415	0.00277	0.00138	0.00346	0.00242	0.00277	0.00484
44	0.01056	0.00985	0.01616	0.02184	0.55261	0.01005	0.05956	0.03108	0.09371	0.01499	0.02154	0.01462	0.00955	0.00687	0.06362	0.00182	0.00563	0.04665	0.00266	0.00661
45	0.00642	0.00438	0.00500	0.00496	0.00517	0.00429	0.00294	0.00675	0.00748	0.01004	0.11908	0.03047	0.05773	0.69497	0.01966	0.00382	0.00395	0.00685	0.00307	0.00296
46	0.00734	0.00439	0.00584	0.00640	0.00711	0.00402	0.00444	0.00825	0.00916	0.11598	0.02439	0.70836	0.05140	0.01283	0.00554	0.00175	0.00274	0.01155	0.00433	0.00415
47	0.07579	0.00768	0.01013	0.00782	0.01124	0.00680	0.00646	0.02124	0.01246	0.76595	0.01690	0.01471	0.01067	0.00545	0.00439	0.00138	0.00378	0.00436	0.00536	0.00743
48	0.01241	0.01037	0.01080	0.00939	0.01206	0.03370	0.00739	0.15057	0.62485	0.03692	0.01644	0.01532	0.01225	0.00594	0.00471	0.00148	0.01908	0.00480	0.00445	0.00709
49	0.00817	0.00510	0.00665	0.00665	0.00790	0.00478	0.00516	0.01019	0.03888	0.11872	0.27189	0.22809	0.09003	0.01056	0.00544	0.00165	0.00292	0.16808	0.00458	0.00456
50	0.00674	0.00432	0.00479	0.00479	0.00492	0.00432	0.00276	0.00701	0.00688	0.00971	0.01416	0.02764	0.01564	0.73423	0.02022	0.00391	0.00404	0.00620	0.11482	0.00290
51	0.00620	0.00457	0.00579	0.00549	0.00660	0.00416	0.00411	0.00818	0.01234	0.01718	0.71309	0.03466	0.14212	0.00943	0.00528	0.00142	0.00213	0.00826	0.00482	0.00416
52	0.00612	0.00421	0.00523	0.00580	0.00622	0.00396	0.00385	0.00679	0.00833	0.02960	0.02369	0.49242	0.10500	0.23863	0.01029	0.00247	0.00312	0.03700	0.00379	0.00351
53	0.00591	0.00456	0.00541	0.00537	0.00651	0.00411	0.00396	0.00767	0.02697	0.01483	0.39663	0.15308	0.32753	0.01060	0.00533	0.00151	0.00227	0.00920	0.00452	0.00403
54	0.01671	0.02132	0.01268	0.01152	0.01383	0.82483	0.00864	0.01786	0.01268	0.01095	0.00691	0.00807	0.00576	0.00461	0.00403	0.00115	0.00807	0.00288	0.00230	0.00519
55	0.00586	0.00394	0.00505	0.00591	0.00627	0.00373	0.00397	0.00678	0.00860	0.01200	0.02298	0.70457	0.02677	0.04212	0.00598	0.00181	0.00259	0.01139	0.11602	0.00367
56	0.00594	0.00444	0.00533	0.00530	0.00626	0.00403	0.00380	0.00734	0.01068	0.01430	0.39412	0.14089	0.25840	0.11035	0.00743	0.00184	0.00249	0.00889	0.00434	0.00384
57	0.74482	0.00804	0.00646	0.00583	0.00832	0.00917	0.00472	0.01241	0.00825	0.01957	0.11089	0.01109	0.00991	0.02129	0.00349	0.00145	0.00330	0.00324	0.00305	0.00472
58	0.01056	0.01207	0.02640	0.01885	0.02338	0.01131	0.79864	0.01433	0.01056	0.01433	0.00905	0.01207	0.00679	0.00377	0.00528	0.00151	0.00754	0.00528	0.00226	0.00603
59	0.00544	0.00392	0.00516	0.00615	0.00647	0.00364	0.00412	0.00624	0.00864	0.01145	0.02560	0.80338	0.06547	0.01389	0.00569	0.00180	0.00258	0.01257	0.00415	0.00364
60	0.74857	0.00884	0.00714	0.00637	0.00912	0.01024	0.00519	0.02731	0.11142	0.02003	0.00785	0.00854	0.00603	0.00442	0.00303	0.00140	0.00349	0.00279	0.00303	0.00518
61	0.87439	0.00865	0.00657	0.00588	0.00865	0.01003	0.00484	0.01315	0.00761	0.02007	0.00623	0.00727	0.00484	0.00415	0.00277	0.00138	0.00346	0.00242	0.00277	0.00484
62	0.00822	0.00419	0.00427	0.00425	0.00530	0.00417	0.00319	0.01031	0.00957	0.01675	0.06082	0.01765	0.01325	0.00544	0.00325	0.00106	0.00209	0.00440	0.81764	0.00417
63	0.04203	0.00489	0.00610	0.00578	0.00705	0.00452	0.00434	0.00921	0.01166	0.08229	0.52468	0.13651	0.12498	0.00953	0.00517	0.00147	0.00238	0.00832	0.00470	0.00440
64	0.00919	0.00542	0.00751	0.00795	0.00930	0.00521	0.00673	0.01104	0.01052	0.15044	0.02277	0.14009	0.02371	0.01139	0.00584	0.00191	0.00388	0.55811	0.00436	0.00466
65	0.00630	0.00457	0.00593	0.00559	0.00666	0.00421	0.00419	0.00837	0.01258	0.01774	0.78619	0.03374	0.06867	0.00922	0.00528	0.00141	0.00212	0.00814	0.00490	0.00421
66	0.00546	0.00424	0.00498	0.00552	0.00639	0.00377	0.00393	0.00646	0.00943	0.01189	0.04505	0.43503	0.38660	0.01266	0.00553	0.00168	0.00250	0.04098	0.00416	0.00373
67	0.32130	0.00721	0.00722	0.00658	0.00876	0.00767	0.00514	0.02443	0.13084	0.12070	0.09244	0.13340	0.10310	0.00729	0.00421	0.00148	0.00316	0.00587	0.00397	0.00523
68	0.00897	0.00896	0.01660	0.63229	0.02898	0.01028	0.20555	0.01214	0.00934	0.01214	0.00822	0.01196	0.00617	0.00430	0.00467	0.00150	0.00635	0.00430	0.00206	0.00523
69	0.00798	0.00660	0.01098	0.02381	0.17453	0.00654	0.10909	0.00910	0.00830	0.01133	0.01389	0.15358	0.04044	0.15578	0.09329	0.14420	0.00532	0.01826	0.00269	0.00428
70	0.01004	0.00976	0.01701	0.31593	0.43632	0.01054	0.08118	0.01285	0.00966	0.01331	0.00822	0.01142	0.00661	0.00427	0.00487	0.00142	0.03421	0.00409	0.00213	0.00616
71	0.00654	0.00462	0.00605	0.00566	0.00676	0.00426	0.00426	0.00865	0.01266	0.03034	0.80021	0.03313	0.04172	0.00909	0.00526	0.00141	0.00214	0.00803	0.00493	0.00427
72	0.01233	0.13300	0.04961	0.03698	0.01300	0.05735	0.01921	0.20832	0.08534	0.03831	0.01026	0.02116	0.01865	0.00461	0.00389	0.00110	0.00451	0.00357	0.00320	0.27560
73	0.00692	0.00716	0.11079	0.00606	0.00829	0.00494	0.00549	0.00864	0.01006	0.07170	0.03580	0.06251	0.57596	0.01136	0.05254	0.00183	0.00352	0.00812	0.00386	0.00443
74	0.02007	0.00761	0.01038	0.00796	0.01142	0.00657	0.00657	0.02180	0.01280	0.81799	0.01765	0.01523	0.01107	0.00554	0.00450	0.00138	0.00381	0.00450	0.00554	0.00761
75	0.00800	0.00424	0.00448	0.00442	0.00546	0.00418	0.00331	0.01009	0.00994	0.01689	0.14953	0.01951	0.01666	0.00588	0.00349	0.00110	0.00209	0.00483	0.72174	0.00418
76	0.70329	0.00798	0.00642	0.00578	0.00832	0.00899	0.00469	0.02292	0.00821	0.03314	0.01171	0.01237	0.10991	0.00540	0.00349	0.02112	0.00332	0.00345	0.01477	0.00472
77	0.00821	0.00499	0.00622	0.00576	0.00726	0.00443	0.00437	0.00985	0.01160	0.14682	0.39103	0.11147	0.25156	0.00964	0.00519	0.00147	0.00248	0.00833	0.00473	0.00460
78	0.00545	0.00389	0.00519	0.00623	0.00649	0.00363	0.00415	0.00623	0.00856	0.01142	0.02465	0.83987	0.02959	0.01401	0.00571	0.00182	0.00260	0.01272	0.00415	0.00363
79	0.00803	0.00670	0.00606	0.00585	0.00622	0.11087	0.00359	0.02358	0.00759	0.00935	0.01310	0.02616	0.01473	0.71769	0.01998	0.00387	0.00483	0.00599	0.00269	0.00313
80	0.00705	0.00439	0.00491	0.00486	0.00507	0.00437	0.00285	0.00736	0.00702	0.02809	0.01424	0.02732	0.01552	0.71522	0.01981	0.00384	0.00403	0.00616	0.11488	0.00301
81	0.00529	0.00453	0.00453	0.00453	0.00604	0.00378	0.00340	0.00642	0.01020	0.01208	0.04532	0.04305	0.81307	0.01133	0.00529	0.00151	0.00227	0.00944	0.00415	0.00378
82	0.00618	0.00455	0.00578	0.00550	0.00660	0.00415	0.00411	0.00814	0.01227	0.01706	0.69869	0.04940	0.14189	0.00952	0.00529	0.00143	0.00214	0.00835	0.00481	0.00415
83	0.00627	0.00459	0.00558	0.00538	0.00658	0.00410	0.00401	0.00798	0.01163	0.03432	0.50238	0.08860	0.28205	0.01006	0.00529	0.00147	0.00223	0.00873	0.00465	0.00412
84	0.00545	0.00389	0.00519	0.00623	0.00649	0.00363	0.00415	0.00623	0.00856	0.01142	0.02465	0.83987	0.02959	0.01401	0.00571	0.00182	0.00260	0.01272	0.00415	0.00363
85	0.01056	0.01207	0.02640	0.01885	0.02338	0.01131	0.79864	0.01433	0.01056	0.01433	0.00905	0.01207	0.00679	0.00377	0.00528	0.00151	0.00754	0.00528	0.00226	0.00603
86	0.01229	0.00935	0.01015	0.00895	0.01160	0.01054	0.00701	0.02351	0.70389	0.12231	0.01813	0.01650	0.01332	0.00600	0.00454	0.00150	0.00357	0.00498	0.00468	0.00715
87	0.00595	0.00434	0.00497	0.00512	0.00572	0.00404	0.00335	0.00667	0.00867	0.01126	0.12234	0.18130	0.24500	0.35709	0.01263	0.00273	0.00317	0.00865	0.00365	0.00336
88	0.01829	0.00722	0.00981	0.00766	0.01081	0.00627	0.00627	0.02007	0.01278	0.71429	0.12068	0.01758	0.01511	0.00600	0.00460	0.00139	0.00359	0.00496	0.00546	0.00717
89	0.00639	0.00479	0.00719	0.00719	0.00799	0.00559	0.00559	0.00799	0.00719	0.01038	0.01198	0.01757	0.01118	0.03355	0.82507	0.00719	0.01198	0.00479	0.00240	0.00399
90	0.01594	0.15004	0.01516	0.01057	0.04096	0.09355	0.00856	0.56755	0.01788	0.02314	0.00954	0.00991	0.00710	0.00499	0.00417	0.00126	0.00522	0.00365	0.00377	0.00705
91	0.00531	0.00453	0.00456	0.00456	0.00606	0.00379	0.00342	0.00647	0.01025	0.01222	0.06274	0.04283	0.79557	0.01128	0.00529	0.00151	0.00226	0.00941	0.00417	0.00379
92	0.00575	0.00389	0.00527	0.00618	0.00640	0.00367	0.00412	0.00618	0.00821	0.01095	0.02247	0.73278	0.02676	0.01421	0.00724	0.11433	0.00276	0.01157	0.00387	0.00341
93	0.00760	0.00389	0.00577	0.00584	0.00585	0.00388	0.00388	0.00587	0.00602	0.00802	0.00899	0.06777	0.00935	0.03055	0.01681	0.79743	0.00381	0.00451	0.00210	0.00207
94	0.01123	0.73649	0.02118	0.00739	0.01086	0.01595	0.00721	0.01275	0.00955	0.01149	0.11073	0.01058	0.01047	0.00452	0.00318	0.00102	0.00444	0.00313	0.00230	0.00554
95	0.00655	0.00500	0.00667	0.11312	0.00993	0.00505	0.00555	0.00800	0.00943	0.01233	0.13001	0.15062	0.15087	0.17399	0.00888	0.00222	0.00361	0.19064	0.00369	0.00384
96	0.00997	0.01071	0.02143	0.01591	0.01934	0.01081	0.55742	0.01378	0.06448	0.01374	0.00972	0.01286	0.00773	0.00822	0.11249	0.00229	0.09591	0.00506	0.00240	0.00572
97	0.00651	0.00434	0.00488	0.00488	0.00488	0.00434	0.00271	0.00651	0.00651	0.00867	0.01409	0.02927	0.01626	0.84279	0.02277	0.00434	0.00434	0.00651	0.00271	0.00271
98	0.00559	0.00395	0.00515	0.00605	0.00628	0.00372	0.00397	0.00626	0.00830	0.01106	0.02329	0.73481	0.02786	0.12144	0.00792	0.00214	0.00282	0.01191	0.00397	0.00351
99	0.00598	0.00415	0.00520	0.00583	0.00604	0.00401	0.00379	0.00653	0.00787	0.01048	0.02047	0.47237	0.02414	0.33701	0.01239	0.00281	0.00337	0.06065	0.00359	0.00331
100	0.00845	0.00795	0.01342	0.83204	0.03081	0.00994	0.01242	0.01143	0.00894	0.01143	0.00795	0.01193	0.00596	0.00447	0.00447	0.00149	0.00596	0.00398	0.00199	0.00497
101	0.01525	0.01906	0.01171	0.01084	0.01288	0.71839	0.00806	0.01635	0.01214	0.01101	0.00921	0.11588	0.00885	0.00583	0.00425	0.00124	0.00736	0.00416	0.00254	0.00498
102	0.00555	0.00394	0.00516	0.00610	0.00633	0.00370	0.00401	0.00626	0.00837	0.01115	0.02363	0.76158	0.02830	0.09406	0.00736	0.00206	0.00276	0.01212	0.00401	0.00354
103	0.13080	0.00775	0.00989	0.00769	0.01106	0.00702	0.00635	0.02068	0.01213	0.71456	0.01617	0.01419	0.01027	0.00536	0.00427	0.00138	0.00376	0.00423	0.00518	0.00725
104	0.00543	0.00398	0.00511	0.00601	0.00643	0.00365	0.00405	0.00625	0.00878	0.01151	0.02733	0.73659	0.13114	0.01367	0.00565	0.00178	0.00255	0.01229	0.00415	0.00365
105	0.13509	0.00514	0.00494	0.00483	0.00648	0.00474	0.00368	0.00755	0.00995	0.01365	0.08923	0.04805	0.63137	0.01015	0.00492	0.00149	0.00244	0.00835	0.00400	0.00396
106	0.87439	0.00865	0.00657	0.00588	0.00865	0.01003	0.00484	0.01315	0.00761	0.02007	0.00623	0.00727	0.00484	0.00415	0.00277	0.00138	0.00346	0.00242	0.00277	0.00484
107	0.13080	0.00775	0.00989	0.00769	0.01106	0.00702	0.00635	0.02068	0.01213	0.71456	0.01617	0.01419	0.01027	0.00536	0.00427	0.00138	0.00376	0.00423	0.00518	0.00725
108	0.00545	0.00389	0.00519	0.00623	0.00649	0.00363	0.00415	0.00623	0.00856	0.01142	0.02465	0.83987	0.02959	0.01401	0.00571	0.00182	0.00260	0.01272	0.00415	0.00363
109	0.00545	0.00389	0.00519	0.00623	0.00649	0.00363	0.00415	0.00623	0.00856	0.01142	0.02465	0.83987	0.02959	0.01401	0.00571	0.00182	0.00260	0.01272	0.00415	0.00363
110	0.00549	0.00391	0.00518	0.00618	0.00643	0.00366	0.00410	0.00624	0.00850	0.01133	0.02430	0.81289	0.02914	0.04160	0.00628	0.00190	0.00265	0.01251	0.00410	0.00360
111	0.00622	0.00448	0.00588	0.00571	0.00666	0.00414	0.00421	0.00815	0.01213	0.01709	0.71041	0.13794	0.04057	0.00978	0.00533	0.00146	0.00217	0.00869	0.00482	0.00414
112	0.00559	0.00400	0.00531	0.00614	0.00652	0.00372	0.00416	0.00657	0.00920	0.01243	0.14726	0.71437	0.03155	0.01326	0.00564	0.00175	0.00252	0.01200	0.00427	0.00372
113	0.02007	0.00761	0.01038	0.00796	0.01142	0.00657	0.00657	0.02180	0.01280	0.81799	0.01765	0.01523	0.01107	0.00554	0.00450	0.00138	0.00381	0.00450	0.00554	0.00761
114	0.00943	0.15014	0.69666	0.01196	0.01814	0.01152	0.01516	0.01405	0.00939	0.01360	0.00775	0.00909	0.00568	0.00418	0.00404	0.00135	0.00633	0.00316	0.00189	0.00648
115	0.03981	0.01203	0.01289	0.00994	0.01346	0.02708	0.00819	0.67837	0.01961	0.11634	0.01133	0.01111	0.00789	0.00534	0.00443	0.00134	0.00481	0.00402	0.00451	0.00749
116	0.00927	0.00940	0.04265	0.51312	0.20857	0.01052	0.03959	0.01209	0.00910	0.01229	0.00790	0.01145	0.00623	0.00465	0.00545	0.00150	0.08465	0.00399	0.00204	0.00554
117	0.16068	0.01867	0.02642	0.00845	0.05819	0.02308	0.05742	0.01223	0.01129	0.13592	0.37444	0.02247	0.05922	0.00691	0.00459	0.00140	0.00340	0.00591	0.00411	0.00519

[dist]
# distance from previous block
# <min> <max>
0	1

[block]
# block no. 2 follows, 58 sequences, length 44
# corresponding to MSA columns:
# 242-245,250-260,262-290
name=unknown_C
#
# <colnr> <probs for GDERKNQSTAVLIFYWHMCP>
#	G	D	E	R	K	N	Q	S	T	A	V	L	I	F	Y	W	H	M	C	P
0	0.00933	0.02098	0.67983	0.01516	0.14406	0.01044	0.03012	0.01410	0.00958	0.01424	0.00811	0.00975	0.00591	0.00420	0.00430	0.00140	0.00642	0.00345	0.00195	0.00667
1	0.37049	0.00830	0.00942	0.11522	0.03077	0.00882	0.00683	0.02885	0.04025	0.32302	0.01138	0.01140	0.00779	0.00481	0.00378	0.00140	0.00399	0.00358	0.00380	0.00609
2	0.00930	0.00882	0.01495	0.57112	0.28508	0.01016	0.01285	0.01217	0.00935	0.01246	0.00810	0.01165	0.00633	0.00431	0.00446	0.00144	0.00575	0.00398	0.00206	0.00566
3	0.01540	0.01169	0.01315	0.11749	0.01590	0.01313	0.00890	0.63203	0.08524	0.02521	0.01100	0.01139	0.00790	0.00531	0.00448	0.00138	0.00494	0.00411	0.00416	0.00722
4	0.00592	0.00447	0.00630	0.11399	0.00963	0.00451	0.00520	0.00704	0.00879	0.01171	0.06589	0.66623	0.02686	0.03378	0.00596	0.00182	0.00305	0.01116	0.00388	0.00382
5	0.00642	0.00430	0.00490	0.00499	0.00501	0.00428	0.00283	0.00648	0.00667	0.00890	0.01496	0.09561	0.01735	0.77496	0.02137	0.00413	0.00419	0.00701	0.00283	0.00279
6	0.02007	0.00761	0.01038	0.00796	0.01142	0.00657	0.00657	0.02180	0.01280	0.81799	0.01765	0.01523	0.01107	0.00554	0.00450	0.00138	0.00381	0.00450	0.00554	0.00761
7	0.87439	0.00865	0.00657	0.00588	0.00865	0.01003	0.00484	0.01315	0.00761	0.02007	0.00623	0.00727	0.00484	0.00415	0.00277	0.00138	0.00346	0.00242	0.00277	0.00484
8	0.00627	0.00457	0.00589	0.00556	0.00664	0.00419	0.00417	0.00832	0.01251	0.01758	0.76504	0.03401	0.08992	0.00928	0.00528	0.00141	0.00212	0.00817	0.00488	0.00419
9	0.00928	0.00795	0.00928	0.00663	0.01060	0.00596	0.00530	0.01126	0.00928	0.01458	0.00795	0.00928	0.00663	0.00331	0.00331	0.00066	0.00331	0.00265	0.00265	0.87014
10	0.01566	0.01186	0.01267	0.01002	0.01336	0.01325	0.00818	0.62278	0.20041	0.02603	0.01244	0.01210	0.00899	0.00553	0.00449	0.00138	0.00461	0.00426	0.00449	0.00749
11	0.00594	0.00451	0.00636	0.11413	0.00981	0.00455	0.00539	0.00709	0.00876	0.01156	0.02301	0.66252	0.04865	0.01259	0.00556	0.00178	0.00312	0.05695	0.00387	0.00384
12	0.76425	0.07890	0.00825	0.00628	0.00912	0.04708	0.00525	0.01338	0.00796	0.01887	0.00626	0.00729	0.00496	0.00415	0.00283	0.00134	0.00378	0.00244	0.00268	0.00493
13	0.01062	0.45411	0.37125	0.00994	0.01493	0.01425	0.01151	0.01412	0.03941	0.01243	0.00746	0.00853	0.00601	0.00410	0.00354	0.00118	0.00554	0.00289	0.00200	0.00617
14	0.01570	0.02156	0.11804	0.01168	0.01455	0.71849	0.00967	0.01738	0.01225	0.01137	0.00706	0.00825	0.00575	0.00456	0.00406	0.00119	0.00788	0.00294	0.00225	0.00537
15	0.12420	0.01113	0.01625	0.02351	0.65264	0.06847	0.01221	0.01395	0.01003	0.01507	0.00802	0.01036	0.00670	0.00405	0.00418	0.00132	0.00527	0.00370	0.00229	0.00666
16	0.00935	0.00819	0.01017	0.00732	0.01120	0.00644	0.04037	0.01138	0.00926	0.01445	0.00793	0.00941	0.00661	0.00347	0.00376	0.00074	0.02963	0.00281	0.00261	0.80490
17	0.01107	0.01063	0.01816	0.02746	0.81489	0.01063	0.01373	0.01373	0.01019	0.01461	0.00841	0.01107	0.00709	0.00399	0.00443	0.00133	0.00531	0.00399	0.00221	0.00709
18	0.01545	0.01755	0.01217	0.01082	0.01333	0.53902	0.00826	0.11334	0.19738	0.01482	0.00999	0.01038	0.00781	0.00504	0.00421	0.00126	0.00664	0.00352	0.00309	0.00592
19	0.00621	0.00458	0.00652	0.00668	0.00734	0.00503	0.00497	0.00754	0.00773	0.01087	0.05939	0.16561	0.03169	0.09894	0.54908	0.00556	0.00892	0.00662	0.00291	0.00383
20	0.00596	0.00426	0.00578	0.00681	0.00729	0.00407	0.00504	0.00711	0.00907	0.01199	0.02437	0.61103	0.02847	0.01353	0.00585	0.00189	0.00304	0.23653	0.00414	0.00377
21	0.01056	0.01207	0.02640	0.01885	0.02338	0.01131	0.79864	0.01433	0.01056	0.01433	0.00905	0.01207	0.00679	0.00377	0.00528	0.00151	0.00754	0.00528	0.00226	0.00603
22	0.00559	0.00395	0.00515	0.00605	0.00628	0.00373	0.00396	0.00626	0.00830	0.01106	0.02328	0.73403	0.02785	0.12223	0.00794	0.00215	0.00282	0.01191	0.00396	0.00351
23	0.04843	0.00851	0.01009	0.00832	0.01131	0.00866	0.00667	0.04632	0.32389	0.42929	0.01713	0.01571	0.01187	0.02684	0.00491	0.00151	0.00374	0.00467	0.00494	0.00718
24	0.87439	0.00865	0.00657	0.00588	0.00865	0.01003	0.00484	0.01315	0.00761	0.02007	0.00623	0.00727	0.00484	0.00415	0.00277	0.00138	0.00346	0.00242	0.00277	0.00484
25	0.00845	0.00795	0.01342	0.83204	0.03081	0.00994	0.01242	0.01143	0.00894	0.01143	0.00795	0.01193	0.00596	0.00447	0.00447	0.00149	0.00596	0.00398	0.00199	0.00497
26	0.00648	0.00495	0.00536	0.00510	0.00657	0.00449	0.00387	0.05130	0.01136	0.01489	0.23798	0.03644	0.49906	0.00989	0.00505	0.00143	0.00236	0.00833	0.08097	0.00414
27	0.00545	0.00389	0.00519	0.00623	0.00649	0.00363	0.00415	0.00623	0.00856	0.01142	0.02465	0.83987	0.02959	0.01401	0.00571	0.00182	0.00260	0.01272	0.00415	0.00363
28	0.00543	0.00397	0.00512	0.00604	0.00644	0.00365	0.00407	0.00625	0.00875	0.01149	0.02700	0.74949	0.11846	0.01371	0.00566	0.00178	0.00256	0.01235	0.00415	0.00365
29	0.01933	0.00745	0.01014	0.00783	0.01116	0.00645	0.00645	0.02108	0.01280	0.77500	0.06036	0.01620	0.01275	0.00573	0.00454	0.00139	0.00372	0.00469	0.00550	0.00743
30	0.00642	0.00427	0.00490	0.00504	0.00510	0.00424	0.00291	0.00657	0.00685	0.00924	0.01549	0.13479	0.01788	0.71273	0.02003	0.00392	0.00405	0.00726	0.02546	0.00287
31	0.00721	0.00515	0.00721	0.00824	0.00927	0.00515	0.00721	0.00927	0.01030	0.01339	0.02368	0.05046	0.02574	0.01236	0.00618	0.00206	0.00412	0.78478	0.00412	0.00412
32	0.00650	0.00436	0.00501	0.00501	0.00505	0.00441	0.00287	0.00659	0.00654	0.00877	0.01398	0.02862	0.01598	0.79792	0.06726	0.00449	0.00476	0.00641	0.00269	0.00278
33	0.00595	0.00487	0.00531	0.00535	0.00670	0.00443	0.00399	0.00808	0.07282	0.01328	0.13594	0.14401	0.53101	0.01102	0.00531	0.00155	0.00244	0.02958	0.00428	0.00408
34	0.01189	0.00999	0.01055	0.00926	0.01192	0.01148	0.00727	0.12512	0.70421	0.01995	0.01723	0.01591	0.01287	0.00598	0.00454	0.00149	0.00372	0.00492	0.00454	0.00715
35	0.00542	0.00399	0.00509	0.00596	0.00642	0.00366	0.00403	0.00626	0.00882	0.01152	0.02788	0.71556	0.15182	0.01360	0.00564	0.00177	0.00254	0.01221	0.00415	0.00366
36	0.00539	0.00430	0.00484	0.00521	0.00624	0.00374	0.00372	0.00644	0.00970	0.01210	0.07251	0.33865	0.48695	0.01223	0.00544	0.00162	0.00238	0.01060	0.00419	0.00374
37	0.00874	0.00831	0.01366	0.68951	0.06284	0.01046	0.01214	0.01144	0.00873	0.01148	0.00770	0.01161	0.00600	0.00489	0.00580	0.00154	0.11413	0.00397	0.00199	0.00505
38	0.00631	0.00439	0.00528	0.00537	0.00564	0.00446	0.00338	0.00673	0.00706	0.00944	0.01680	0.09754	0.07187	0.57283	0.16017	0.00442	0.00538	0.00694	0.00288	0.00309
39	0.00936	0.13052	0.71566	0.01208	0.01833	0.01134	0.01537	0.01407	0.00940	0.01369	0.00779	0.00915	0.00568	0.00419	0.00407	0.00136	0.00637	0.00319	0.00189	0.00650
40	0.00690	0.00514	0.00608	0.00627	0.01697	0.00505	0.00440	0.00932	0.11336	0.02354	0.12741	0.21461	0.19944	0.15698	0.00891	0.04045	0.00306	0.04407	0.00395	0.00407
41	0.01582	0.01231	0.01380	0.01248	0.11831	0.03389	0.00909	0.62429	0.07318	0.02533	0.01085	0.01112	0.00791	0.00522	0.00446	0.00135	0.00496	0.00406	0.00413	0.00744
42	0.00634	0.00428	0.00496	0.00511	0.00518	0.00423	0.00298	0.00653	0.00703	0.00940	0.04320	0.15051	0.01915	0.69024	0.01962	0.00386	0.00400	0.00749	0.00300	0.00290
43	0.00616	0.00443	0.00547	0.00601	0.00657	0.00421	0.00416	0.03146	0.00892	0.01163	0.02511	0.47497	0.14798	0.14472	0.00875	0.03210	0.00305	0.06684	0.00386	0.00361

[dist]
# distance from previous block
# <min> <max>
0	4

[block]
# block no. 3 follows, 58 sequences, length 47
# corresponding to MSA columns:
# 295-308,316-348
name=unknown_D
#
# <colnr> <probs for GDERKNQSTAVLIFYWHMCP>
#	G	D	E	R	K	N	Q	S	T	A	V	L	I	F	Y	W	H	M	C	P
0	0.01129	0.03935	0.02477	0.01768	0.02194	0.10252	0.68535	0.01469	0.01075	0.01383	0.00872	0.01146	0.00664	0.00387	0.00506	0.00145	0.00751	0.00492	0.00226	0.00593
1	0.00594	0.00459	0.00505	0.00496	0.00636	0.00394	0.00371	0.00729	0.01072	0.03630	0.21014	0.08337	0.58020	0.01083	0.00528	0.00150	0.00229	0.00918	0.00436	0.00397
2	0.00638	0.00454	0.00567	0.00598	0.00685	0.00422	0.00433	0.00792	0.03025	0.03629	0.21687	0.36063	0.16834	0.05586	0.00641	0.00180	0.00268	0.06670	0.00431	0.00399
3	0.00972	0.01074	0.02290	0.01673	0.02059	0.01006	0.66829	0.01301	0.01028	0.01387	0.01224	0.12370	0.03428	0.00537	0.00534	0.00155	0.00672	0.00640	0.00257	0.00564
4	0.01224	0.79730	0.02281	0.00788	0.01162	0.06489	0.00771	0.01366	0.00930	0.01055	0.00626	0.00723	0.00574	0.00387	0.00294	0.00097	0.00498	0.00242	0.00194	0.00571
5	0.00545	0.00434	0.00489	0.00516	0.00625	0.00378	0.00372	0.00659	0.00999	0.01255	0.12659	0.28060	0.49055	0.01188	0.00541	0.00159	0.00235	0.01027	0.00424	0.00378
6	0.00571	0.00416	0.00526	0.00578	0.00635	0.00384	0.00396	0.00677	0.00951	0.01273	0.20135	0.49898	0.12669	0.07880	0.00692	0.00189	0.00259	0.01079	0.00421	0.00371
7	0.77189	0.01007	0.08037	0.00663	0.00977	0.01018	0.00601	0.03541	0.00816	0.01976	0.00652	0.00756	0.00500	0.00420	0.00295	0.00139	0.00379	0.00255	0.00274	0.00508
8	0.08822	0.01117	0.01182	0.00942	0.01266	0.01238	0.00769	0.52118	0.17071	0.07072	0.01228	0.01199	0.00883	0.00541	0.00432	0.00138	0.00440	0.00412	0.02412	0.00719
9	0.01066	0.00598	0.00704	0.00613	0.00830	0.00535	0.00481	0.03949	0.04631	0.26552	0.09657	0.04805	0.42005	0.00896	0.00499	0.00146	0.00289	0.00748	0.00468	0.00529
10	0.00561	0.00403	0.00536	0.00637	0.00674	0.00378	0.00442	0.00652	0.00878	0.01163	0.02521	0.73971	0.05390	0.01377	0.00574	0.00183	0.00273	0.08603	0.00415	0.00368
11	0.00710	0.00512	0.00706	0.00804	0.00909	0.00507	0.00700	0.00911	0.01029	0.01332	0.02485	0.05006	0.06809	0.01230	0.00613	0.00203	0.00402	0.74308	0.00412	0.00410
12	0.00603	0.00455	0.00557	0.00534	0.00651	0.00409	0.00400	0.00785	0.01192	0.01624	0.59069	0.05085	0.25031	0.00982	0.00529	0.00144	0.00216	0.00854	0.00470	0.00409
13	0.00564	0.00395	0.00513	0.00603	0.00627	0.00373	0.00396	0.00635	0.00834	0.01122	0.02321	0.72767	0.02764	0.10990	0.00763	0.00209	0.00279	0.01181	0.02311	0.00354
14	0.00633	0.00457	0.00598	0.00563	0.00668	0.00422	0.00422	0.00844	0.01266	0.01794	0.81253	0.03341	0.04221	0.00914	0.00528	0.00141	0.00211	0.00809	0.00492	0.00422
15	0.01007	0.00857	0.00914	0.00834	0.01058	0.00969	0.00646	0.02040	0.64222	0.01767	0.07163	0.02140	0.08825	0.02692	0.00515	0.00159	0.00337	0.02766	0.00448	0.00641
16	0.00568	0.00453	0.00509	0.00498	0.00629	0.00394	0.00372	0.00718	0.01109	0.01428	0.33422	0.05496	0.50710	0.01056	0.00529	0.00148	0.00221	0.00900	0.00444	0.00394
17	0.87439	0.00865	0.00657	0.00588	0.00865	0.01003	0.00484	0.01315	0.00761	0.02007	0.00623	0.00727	0.00484	0.00415	0.00277	0.00138	0.00346	0.00242	0.00277	0.00484
18	0.00640	0.00475	0.00698	0.00698	0.00771	0.00548	0.00533	0.00785	0.00713	0.01023	0.01217	0.01863	0.01164	0.10680	0.75244	0.00693	0.01129	0.00495	0.00242	0.00388
19	0.01081	0.01036	0.01768	0.10789	0.73650	0.01056	0.01360	0.01350	0.01006	0.01430	0.00837	0.01116	0.00697	0.00403	0.00443	0.00134	0.00538	0.00398	0.00219	0.00687
20	0.01113	0.00961	0.01011	0.00910	0.01163	0.01113	0.00708	0.02377	0.80681	0.01871	0.01821	0.01669	0.01365	0.00607	0.00455	0.00152	0.00354	0.00506	0.00455	0.00708
21	0.01107	0.01063	0.01816	0.02746	0.81489	0.01063	0.01373	0.01373	0.01019	0.01461	0.00841	0.01107	0.00709	0.00399	0.00443	0.00133	0.00531	0.00399	0.00221	0.00709
22	0.00545	0.00389	0.00519	0.00623	0.00649	0.00363	0.00415	0.00623	0.00856	0.01142	0.02465	0.83987	0.02959	0.01401	0.00571	0.00182	0.00260	0.01272	0.00415	0.00363
23	0.01654	0.01208	0.01293	0.00996	0.01341	0.01335	0.00821	0.75751	0.02041	0.02757	0.01095	0.01106	0.00781	0.00536	0.00440	0.00133	0.00477	0.00404	0.05090	0.00742
24	0.01992	0.00786	0.01053	0.00808	0.01154	0.00694	0.00667	0.06098	0.01322	0.77822	0.01730	0.01500	0.01090	0.00553	0.00450	0.00138	0.00386	0.00447	0.00548	0.00761
25	0.00640	0.00473	0.00585	0.00647	0.00705	0.00469	0.00443	0.03284	0.08111	0.01242	0.02342	0.65617	0.04851	0.07495	0.00683	0.00195	0.00288	0.01119	0.00409	0.00401
26	0.00574	0.00438	0.00519	0.00555	0.00654	0.00393	0.00409	0.00703	0.01008	0.01305	0.16120	0.28943	0.35757	0.01176	0.00544	0.00163	0.00250	0.07704	0.02400	0.00384
27	0.00545	0.00389	0.00519	0.00623	0.00649	0.00363	0.00415	0.00623	0.00856	0.01142	0.02465	0.83987	0.02959	0.01401	0.00571	0.00182	0.00260	0.01272	0.00415	0.00363
28	0.00624	0.00457	0.00585	0.00553	0.00662	0.00418	0.00415	0.00826	0.01244	0.01741	0.74308	0.03429	0.11199	0.00934	0.00528	0.00142	0.00212	0.00821	0.00485	0.00418
29	0.03259	0.00484	0.00624	0.00647	0.00755	0.00450	0.00477	0.00952	0.00983	0.14237	0.08799	0.47550	0.07289	0.01141	0.00534	0.00168	0.00288	0.08018	0.02902	0.00442
30	0.00606	0.00416	0.00542	0.00585	0.00634	0.00391	0.00402	0.00679	0.00912	0.01228	0.19944	0.40692	0.08404	0.09240	0.00863	0.10496	0.00282	0.02942	0.00392	0.00350
31	0.00545	0.00389	0.00519	0.00623	0.00649	0.00363	0.00415	0.00623	0.00856	0.01142	0.02465	0.83987	0.02959	0.01401	0.00571	0.00182	0.00260	0.01272	0.00415	0.00363
32	0.03748	0.01039	0.01096	0.00931	0.01214	0.01181	0.00740	0.26665	0.52056	0.02171	0.03248	0.01491	0.01212	0.00586	0.00449	0.00146	0.00394	0.00472	0.00448	0.00712
33	0.06316	0.00611	0.00711	0.00636	0.00816	0.00600	0.00485	0.03196	0.09884	0.19340	0.17730	0.09107	0.10015	0.08266	0.00622	0.00168	0.00305	0.00646	0.10028	0.00517
34	0.00555	0.00393	0.00516	0.00611	0.00634	0.00370	0.00402	0.00625	0.00838	0.01117	0.02370	0.76650	0.02838	0.08904	0.00725	0.00204	0.00275	0.01215	0.00402	0.00355
35	0.01671	0.02132	0.01268	0.01152	0.01383	0.82483	0.00864	0.01786	0.01268	0.01095	0.00691	0.00807	0.00576	0.00461	0.00403	0.00115	0.00807	0.00288	0.00230	0.00519
36	0.00609	0.00421	0.00513	0.00554	0.00575	0.00410	0.00349	0.00656	0.00768	0.01024	0.04418	0.33556	0.04188	0.44604	0.03135	0.00323	0.00371	0.02870	0.00339	0.00319
37	0.00639	0.00479	0.00719	0.00719	0.00799	0.00559	0.00559	0.00799	0.00719	0.01038	0.01198	0.01757	0.01118	0.03355	0.82507	0.00719	0.01198	0.00479	0.00240	0.00399
38	0.00953	0.08475	0.01364	0.01070	0.01113	0.01294	0.00895	0.01059	0.00708	0.01064	0.00678	0.01092	0.00672	0.03370	0.09967	0.00249	0.64899	0.00394	0.00202	0.00481
39	0.01671	0.02132	0.01268	0.01152	0.01383	0.82483	0.00864	0.01786	0.01268	0.01095	0.00691	0.00807	0.00576	0.00461	0.00403	0.00115	0.00807	0.00288	0.00230	0.00519
40	0.01860	0.00784	0.01151	0.00875	0.01218	0.00688	0.07810	0.02054	0.01242	0.70382	0.01671	0.01501	0.01071	0.00536	0.00450	0.00138	0.00406	0.00455	0.04980	0.00729
41	0.00777	0.00389	0.00583	0.00583	0.00583	0.00389	0.00389	0.00583	0.00583	0.00777	0.00777	0.01360	0.00777	0.01554	0.01748	0.86985	0.00389	0.00389	0.00194	0.00194
42	0.00777	0.00389	0.00583	0.00583	0.00583	0.00389	0.00389	0.00583	0.00583	0.00777	0.00777	0.01360	0.00777	0.01554	0.01748	0.86985	0.00389	0.00389	0.00194	0.00194
43	0.01320	0.03018	0.01235	0.01029	0.01293	0.22477	0.06809	0.10437	0.31664	0.05798	0.03279	0.02808	0.01094	0.00705	0.04859	0.00169	0.00563	0.00450	0.00366	0.00626
44	0.00555	0.00454	0.00490	0.00481	0.00620	0.00389	0.00361	0.00693	0.01082	0.01357	0.23949	0.04061	0.61798	0.01078	0.00528	0.00148	0.00223	0.00910	0.00435	0.00389
45	0.00943	0.00774	0.00901	0.00659	0.01019	0.00604	0.00518	0.03235	0.00941	0.02871	0.00875	0.01123	0.00760	0.07940	0.00513	0.00103	0.00346	0.00307	0.00276	0.75294
46	0.01359	0.23900	0.18456	0.01000	0.01396	0.12072	0.00974	0.22456	0.02713	0.06505	0.03060	0.01013	0.00768	0.00479	0.00414	0.00125	0.02025	0.00344	0.00299	0.00643

[dist]
# distance from previous block
# <min> <max>
0	1

[block]
# block no. 4 follows, 58 sequences, length 40
# corresponding to MSA columns:
# 350-357,361-392
name=unknown_E
#
# <colnr> <probs for GDERKNQSTAVLIFYWHMCP>
#	G	D	E	R	K	N	Q	S	T	A	V	L	I	F	Y	W	H	M	C	P
0	0.01189	0.01083	0.01727	0.05287	0.66533	0.01110	0.01289	0.13364	0.01180	0.01658	0.00875	0.01105	0.00713	0.00421	0.00444	0.00134	0.00528	0.00399	0.00255	0.00709
1	0.01088	0.09884	0.01109	0.00702	0.01091	0.00764	0.00581	0.04738	0.01009	0.08722	0.00876	0.00965	0.00697	0.00366	0.00342	0.00079	0.00359	0.00285	0.00291	0.66049
2	0.00565	0.00404	0.00539	0.00628	0.00667	0.00378	0.00434	0.00664	0.00911	0.01224	0.10993	0.70698	0.03073	0.01339	0.00569	0.00179	0.00263	0.05676	0.00423	0.00372
3	0.00873	0.00824	0.01393	0.74490	0.11573	0.01001	0.01256	0.01168	0.00908	0.01177	0.00800	0.01183	0.00608	0.00442	0.00447	0.00147	0.00589	0.00398	0.00201	0.00520
4	0.01196	0.84548	0.02344	0.00765	0.01148	0.01770	0.00765	0.01339	0.00909	0.01052	0.00622	0.00718	0.00574	0.00383	0.00287	0.00096	0.00478	0.00239	0.00191	0.00574
5	0.00649	0.00436	0.00500	0.00496	0.00507	0.00432	0.00287	0.00671	0.00717	0.00968	0.10057	0.02972	0.01907	0.75250	0.02087	0.00402	0.00410	0.00668	0.00295	0.00287
6	0.00545	0.00389	0.00519	0.00623	0.00649	0.00363	0.00415	0.00623	0.00856	0.01142	0.02465	0.83987	0.02959	0.01401	0.00571	0.00182	0.00260	0.01272	0.00415	0.00363
7	0.01107	0.01063	0.01816	0.02746	0.81489	0.01063	0.01373	0.01373	0.01019	0.01461	0.00841	0.01107	0.00709	0.00399	0.00443	0.00133	0.00531	0.00399	0.00221	0.00709
8	0.00639	0.00479	0.00719	0.00719	0.00799	0.00559	0.00559	0.00799	0.00719	0.01038	0.01198	0.01757	0.01118	0.03355	0.82507	0.00719	0.01198	0.00479	0.00240	0.00399
9	0.01164	0.75642	0.10967	0.00821	0.01233	0.01691	0.00862	0.01348	0.00913	0.01092	0.00641	0.00742	0.00573	0.00387	0.00302	0.00101	0.00498	0.00249	0.00191	0.00583
10	0.00651	0.00434	0.00488	0.00488	0.00488	0.00434	0.00271	0.00651	0.00651	0.00867	0.01409	0.02927	0.01626	0.84279	0.02277	0.00434	0.00434	0.00651	0.00271	0.00271
11	0.00651	0.00434	0.00488	0.00488	0.00488	0.00434	0.00271	0.00651	0.00651	0.00867	0.01409	0.02927	0.01626	0.84279	0.02277	0.00434	0.00434	0.00651	0.00271	0.00271
12	0.01056	0.01207	0.02640	0.01885	0.02338	0.01131	0.79864	0.01433	0.01056	0.01433	0.00905	0.01207	0.00679	0.00377	0.00528	0.00151	0.00754	0.00528	0.00226	0.00603
13	0.01061	0.00906	0.00967	0.00873	0.01110	0.01038	0.00677	0.02211	0.72079	0.01863	0.10424	0.01850	0.01675	0.00640	0.00463	0.00151	0.00339	0.00539	0.00459	0.00677
14	0.00548	0.00391	0.00518	0.00619	0.00644	0.00365	0.00411	0.00624	0.00850	0.01134	0.02433	0.81518	0.02918	0.03926	0.00623	0.00189	0.00265	0.01253	0.00411	0.00361
