[name]
unknown

[dist]
# distance from previous block
# <min> <max>
0	33

[block]
# block no. 0 follows, 49 sequences, length 27
# corresponding to MSA columns:
# 73-99
name=unknown_A
#
# <colnr> <probs for GDERKNQSTAVLIFYWHMCP>
#	G	D	E	R	K	N	Q	S	T	A	V	L	I	F	Y	W	H	M	C	P
0	0.00980	0.08392	0.02949	0.19630	0.01955	0.00998	0.16858	0.01298	0.03558	0.01475	0.05306	0.06769	0.01723	0.00862	0.00610	0.02073	0.00584	0.23085	0.00340	0.00558
1	0.01067	0.14384	0.01193	0.00920	0.01127	0.00923	0.00808	0.09577	0.01285	0.04056	0.04600	0.05876	0.02289	0.01099	0.00597	0.00195	0.00471	0.46650	0.02331	0.00551
2	0.01021	0.19726	0.49562	0.01192	0.01750	0.01227	0.01415	0.01432	0.01042	0.01459	0.01177	0.14533	0.01095	0.00655	0.00474	0.00156	0.00626	0.00529	0.00257	0.00670
3	0.04712	0.42480	0.12378	0.06330	0.04110	0.10514	0.01028	0.04649	0.01139	0.01410	0.01085	0.01203	0.06040	0.00521	0.00404	0.00131	0.00596	0.00371	0.00256	0.00644
4	0.00642	0.00461	0.00609	0.00704	0.00752	0.00432	0.00488	0.00755	0.01030	0.01379	0.10855	0.64580	0.05516	0.03295	0.00685	0.00208	0.00303	0.06413	0.00475	0.00420
5	0.00692	0.00496	0.00632	0.00714	0.00800	0.00469	0.00540	0.00840	0.01066	0.01417	0.04773	0.39230	0.16661	0.01448	0.02342	0.00212	0.00349	0.20603	0.06283	0.00434
6	0.01133	0.35363	0.42604	0.01162	0.01735	0.01478	0.01372	0.01518	0.01034	0.01403	0.00854	0.01024	0.00686	0.00685	0.05815	0.00183	0.00703	0.00343	0.00219	0.00687
7	0.01231	0.01181	0.02016	0.08463	0.73874	0.01196	0.01542	0.01534	0.01142	0.01627	0.00948	0.01258	0.00792	0.00454	0.00501	0.00151	0.00606	0.00450	0.00249	0.00785
8	0.00616	0.00440	0.00587	0.00704	0.00733	0.00411	0.00469	0.00704	0.00968	0.01291	0.02787	0.81899	0.03344	0.01584	0.00645	0.00205	0.00293	0.01438	0.00469	0.00411
9	0.01201	0.01119	0.01818	0.15750	0.51947	0.01163	0.03140	0.06618	0.03263	0.01688	0.01278	0.01533	0.06173	0.00533	0.00511	0.00156	0.00587	0.00500	0.00286	0.00736
10	0.00633	0.00466	0.00595	0.00675	0.00740	0.00428	0.00470	0.00751	0.01060	0.01401	0.12460	0.57743	0.15051	0.01463	0.00634	0.00195	0.00287	0.04044	0.00480	0.00423
11	0.00615	0.00443	0.00584	0.00696	0.00731	0.00411	0.00466	0.00705	0.00976	0.01294	0.02884	0.78716	0.06465	0.01572	0.00643	0.00204	0.00292	0.01422	0.00469	0.00411
12	0.01698	0.09540	0.01653	0.03262	0.14542	0.56555	0.01075	0.01863	0.01327	0.01303	0.00803	0.00973	0.00677	0.00508	0.00476	0.00134	0.02386	0.00346	0.00253	0.00627
13	0.00705	0.00537	0.00768	0.00767	0.00869	0.00599	0.00594	0.00881	0.00879	0.01228	0.04413	0.02432	0.11804	0.03364	0.66904	0.00705	0.01170	0.00625	0.00307	0.00449
14	0.01222	0.48890	0.29778	0.01154	0.01703	0.01661	0.06389	0.01552	0.01053	0.01364	0.00797	0.00939	0.00654	0.00449	0.00398	0.00131	0.00635	0.00329	0.00218	0.00686
15	0.03330	0.03079	0.07544	0.05420	0.18640	0.09651	0.04734	0.08591	0.16745	0.08237	0.03789	0.01620	0.05184	0.00599	0.00503	0.00156	0.00568	0.00506	0.00376	0.00728
16	0.01017	0.03889	0.52932	0.01348	0.01911	0.03277	0.06695	0.01516	0.03877	0.01534	0.01130	0.07952	0.00953	0.00818	0.06025	0.00210	0.03484	0.00496	0.00254	0.00683
17	0.00687	0.00476	0.00591	0.00634	0.00660	0.00468	0.00403	0.00750	0.00878	0.01185	0.07349	0.33583	0.02583	0.40209	0.06951	0.00379	0.00455	0.01006	0.00384	0.00368
18	0.00708	0.00557	0.00766	0.14085	0.01194	0.00558	0.00616	0.00902	0.01181	0.01586	0.32071	0.27089	0.14494	0.01148	0.00596	0.00176	0.00331	0.01017	0.00462	0.00464
19	0.01268	0.01239	0.01864	0.10423	0.28215	0.06629	0.14798	0.08008	0.01240	0.01700	0.00952	0.01212	0.00763	0.00465	0.00518	0.00141	0.02497	0.00438	0.00280	0.17349
20	0.02679	0.15819	0.37073	0.01394	0.03277	0.02498	0.12514	0.09430	0.03741	0.01722	0.02775	0.01170	0.00811	0.00506	0.00501	0.00153	0.02529	0.00417	0.00271	0.00719
21	0.00663	0.00485	0.00613	0.00679	0.00748	0.00457	0.00483	0.00779	0.01022	0.01342	0.08589	0.41190	0.15766	0.11647	0.03834	0.00258	0.00368	0.10215	0.00448	0.00413
22	0.01241	0.01206	0.02104	0.04648	0.72338	0.01205	0.06673	0.01551	0.01151	0.01642	0.00955	0.01261	0.00796	0.00450	0.00507	0.00152	0.00619	0.00460	0.00250	0.00788
23	0.00784	0.00568	0.00773	0.00873	0.00992	0.00558	0.00751	0.01002	0.01165	0.01508	0.05407	0.08151	0.10308	0.01380	0.00684	0.00223	0.00432	0.63510	0.00469	0.00460
24	0.01206	0.01155	0.01969	0.15175	0.67363	0.01189	0.01529	0.01512	0.01130	0.01596	0.00943	0.01267	0.00781	0.00459	0.00501	0.00153	0.00612	0.00450	0.00246	0.00764
25	0.01194	0.00925	0.01171	0.00857	0.01281	0.00752	0.04343	0.03426	0.01118	0.09563	0.01033	0.01166	0.00818	0.00523	0.02854	0.00115	0.02180	0.00350	0.00334	0.65997
26	0.00640	0.00490	0.00593	0.00661	0.00760	0.00443	0.00487	0.00767	0.01077	0.01367	0.05192	0.39479	0.32555	0.01429	0.00634	0.00195	0.00303	0.12033	0.00471	0.00426

[dist]
# distance from previous block
# <min> <max>
1	1

[block]
# block no. 1 follows, 49 sequences, length 30
# corresponding to MSA columns:
# 104-133
name=unknown_B
#
# <colnr> <probs for GDERKNQSTAVLIFYWHMCP>
#	G	D	E	R	K	N	Q	S	T	A	V	L	I	F	Y	W	H	M	C	P
0	0.00980	0.00924	0.01561	0.74556	0.09748	0.01130	0.01417	0.01314	0.01023	0.01322	0.00903	0.01340	0.00685	0.00501	0.00505	0.00167	0.00668	0.00449	0.00227	0.00582
1	0.00989	0.00931	0.01169	0.01052	0.01093	0.06177	0.00831	0.01100	0.00820	0.01165	0.01020	0.01716	0.01030	0.15869	0.22856	0.00421	0.40513	0.00513	0.00252	0.00485
2	0.00733	0.00558	0.00833	0.00827	0.00915	0.00658	0.00645	0.00912	0.00812	0.01175	0.01335	0.01962	0.01247	0.03710	0.78007	0.00796	0.03611	0.00539	0.00269	0.00454
3	0.00735	0.00490	0.00552	0.00552	0.00552	0.00490	0.00306	0.00735	0.00735	0.00980	0.01593	0.03309	0.01838	0.82229	0.02574	0.00490	0.00490	0.00735	0.00306	0.00306
4	0.01172	0.00707	0.00844	0.00769	0.00966	0.04015	0.00600	0.01419	0.04396	0.21493	0.33521	0.10567	0.09118	0.00996	0.00578	0.00169	0.00349	0.07203	0.00537	0.00581
5	0.01011	0.00926	0.02905	0.02729	0.19991	0.04359	0.00856	0.02651	0.14396	0.03151	0.09631	0.16116	0.17380	0.00917	0.00554	0.00168	0.00425	0.00801	0.00417	0.00616
6	0.04292	0.01194	0.03602	0.01235	0.01664	0.01127	0.18968	0.24338	0.03471	0.10881	0.04531	0.01380	0.01027	0.00527	0.00495	0.00141	0.00554	0.00475	0.00402	0.19695
7	0.01236	0.01050	0.01178	0.01162	0.07698	0.01187	0.00824	0.06600	0.59294	0.02026	0.01903	0.04166	0.01517	0.07037	0.00677	0.00194	0.00430	0.00592	0.00475	0.00754
8	0.01891	0.02363	0.01437	0.01296	0.01563	0.76446	0.00976	0.05616	0.01478	0.01331	0.00802	0.00926	0.00661	0.00525	0.00458	0.00131	0.00895	0.00332	0.00272	0.00599
9	0.01179	0.00976	0.01119	0.00811	0.01254	0.00808	0.00653	0.12678	0.01248	0.01878	0.00946	0.01073	0.00766	0.00409	0.00394	0.00086	0.00402	0.00323	0.00330	0.72665
10	0.73533	0.00990	0.00781	0.00702	0.01001	0.03799	0.00575	0.01499	0.00935	0.04754	0.04285	0.01148	0.00841	0.00532	0.00350	0.00158	0.00406	0.02821	0.00337	0.00553
11	0.01024	0.04899	0.77410	0.01425	0.02163	0.01198	0.01840	0.01599	0.01066	0.01590	0.00902	0.01060	0.00641	0.00479	0.00476	0.00159	0.00741	0.00371	0.00214	0.00745
12	0.01194	0.01364	0.02984	0.02131	0.02643	0.01279	0.77238	0.01620	0.01194	0.01620	0.01023	0.01364	0.00767	0.00426	0.00597	0.00171	0.00853	0.00597	0.00256	0.00682
13	0.00735	0.00490	0.00552	0.00552	0.00552	0.00490	0.00306	0.00735	0.00735	0.00980	0.01593	0.03309	0.01838	0.82229	0.02574	0.00490	0.00490	0.00735	0.00306	0.00306
14	0.00728	0.00518	0.00693	0.00693	0.00741	0.00567	0.00482	0.00826	0.00777	0.01085	0.01464	0.02595	0.01528	0.39861	0.44517	0.00664	0.00957	0.00631	0.00287	0.00385
15	0.00897	0.00650	0.00833	0.00871	0.01012	0.00664	0.00711	0.03766	0.11215	0.03461	0.14387	0.16228	0.02982	0.01233	0.00640	0.00205	0.00398	0.38832	0.00492	0.00525
16	0.00735	0.00490	0.00552	0.00552	0.00552	0.00490	0.00306	0.00735	0.00735	0.00980	0.01593	0.03309	0.01838	0.82229	0.02574	0.00490	0.00490	0.00735	0.00306	0.00306
17	0.01352	0.00947	0.01066	0.00933	0.01211	0.01026	0.00731	0.03817	0.48591	0.16153	0.14297	0.02218	0.03922	0.00744	0.00528	0.00166	0.00380	0.00625	0.00540	0.00752
18	0.01692	0.01196	0.01302	0.01038	0.01376	0.01300	0.00841	0.57498	0.03278	0.06506	0.01558	0.10045	0.03085	0.00729	0.00513	0.00156	0.00491	0.00581	0.06038	0.00775
19	0.00703	0.00550	0.00647	0.00698	0.00802	0.00534	0.00493	0.00991	0.11770	0.01440	0.04842	0.49142	0.22758	0.01369	0.00614	0.00191	0.00297	0.01210	0.00478	0.00471
20	0.01825	0.00779	0.00978	0.00784	0.01090	0.00719	0.00637	0.07608	0.01394	0.49335	0.01828	0.01735	0.01237	0.00613	0.00459	0.00144	0.00378	0.00493	0.27225	0.00738
21	0.03578	0.00780	0.01050	0.00837	0.01156	0.00687	0.00674	0.02078	0.01318	0.61459	0.04351	0.01893	0.05002	0.00816	0.00705	0.11372	0.00416	0.00534	0.00557	0.00737
22	0.00868	0.00443	0.00651	0.00651	0.00651	0.00443	0.00429	0.00665	0.00665	0.00886	0.00932	0.01671	0.00951	0.07826	0.02021	0.78892	0.00443	0.00462	0.00226	0.00226
23	0.00631	0.00441	0.00582	0.00694	0.00727	0.00413	0.00464	0.00725	0.00972	0.01317	0.02737	0.78342	0.03253	0.01540	0.00632	0.00201	0.00291	0.01395	0.04229	0.00413
24	0.00646	0.00503	0.00526	0.00531	0.00682	0.00435	0.00394	0.00792	0.01152	0.01471	0.10531	0.09861	0.59108	0.01206	0.00574	0.00166	0.00255	0.01016	0.09715	0.00435
25	0.01054	0.01035	0.03330	0.63259	0.09245	0.03591	0.03221	0.04970	0.01105	0.01424	0.00954	0.02883	0.00746	0.00525	0.00508	0.00166	0.00669	0.00467	0.00247	0.00600
26	0.01222	0.01309	0.08463	0.05548	0.70197	0.01197	0.01573	0.01547	0.01140	0.01636	0.00946	0.01239	0.00783	0.00455	0.00499	0.00152	0.00615	0.00444	0.00246	0.00789
27	0.01365	0.00798	0.00956	0.00848	0.01091	0.00797	0.00668	0.11148	0.13119	0.23022	0.05505	0.16764	0.09057	0.00939	0.00551	0.00172	0.00384	0.06586	0.05569	0.00661
28	0.85801	0.00978	0.00743	0.00665	0.00978	0.01134	0.00548	0.01486	0.00861	0.02269	0.00704	0.00821	0.00548	0.00469	0.00313	0.00156	0.00391	0.00274	0.00313	0.00548
29	0.05238	0.01121	0.01797	0.06278	0.58740	0.02348	0.03249	0.01478	0.02612	0.01634	0.01339	0.03808	0.07041	0.00557	0.00506	0.00155	0.00565	0.00523	0.00281	0.00731

[dist]
# distance from previous block
# <min> <max>
0	1

[block]
# block no. 2 follows, 49 sequences, length 24
# corresponding to MSA columns:
# 135,136,139-159,161
name=unknown_C
#
# <colnr> <probs for GDERKNQSTAVLIFYWHMCP>
#	G	D	E	R	K	N	Q	S	T	A	V	L	I	F	Y	W	H	M	C	P
0	0.01451	0.18784	0.13588	0.01231	0.05960	0.19837	0.01063	0.12112	0.11660	0.01714	0.01137	0.01210	0.02738	0.00537	0.00449	0.00138	0.00630	0.00396	0.00318	0.05046
1	0.00739	0.00502	0.00603	0.00634	0.00658	0.00500	0.00414	0.00789	0.00834	0.01105	0.01898	0.10811	0.02169	0.60247	0.02059	0.00418	0.00468	0.14455	0.00350	0.00345
2	0.03577	0.21677	0.43414	0.01395	0.08360	0.01343	0.03880	0.01616	0.01085	0.06022	0.00922	0.01061	0.00695	0.00470	0.00443	0.00145	0.00651	0.00366	0.00247	0.02629
3	0.01128	0.01129	0.02140	0.13781	0.04617	0.01094	0.40562	0.02558	0.03310	0.03066	0.01169	0.01579	0.01934	0.00632	0.03762	0.00184	0.00721	0.03547	0.00287	0.12801
4	0.01049	0.00899	0.01049	0.00749	0.01198	0.00674	0.00599	0.01273	0.01049	0.01648	0.00899	0.01049	0.00749	0.00374	0.00374	0.00075	0.00374	0.00300	0.00300	0.85320
5	0.01254	0.01611	0.10760	0.01944	0.02440	0.10513	0.58750	0.01656	0.01199	0.01564	0.00975	0.01274	0.00738	0.00453	0.00592	0.00166	0.02647	0.00538	0.00251	0.00675
6	0.01014	0.02616	0.79609	0.01441	0.02189	0.01174	0.01868	0.01601	0.01068	0.01601	0.00907	0.01068	0.00641	0.00480	0.00480	0.00160	0.00747	0.00374	0.00214	0.00747
7	0.01126	0.06756	0.12062	0.00970	0.02676	0.01016	0.00838	0.20490	0.01248	0.01706	0.01265	0.01907	0.01171	0.22460	0.21696	0.00409	0.00773	0.00526	0.00328	0.00580
8	0.01311	0.76232	0.02509	0.00870	0.01279	0.01892	0.00861	0.01478	0.01038	0.01215	0.00855	0.01187	0.00823	0.00507	0.00353	0.00118	0.00535	0.06068	0.00235	0.00635
9	0.01352	0.82533	0.02650	0.00865	0.01298	0.02001	0.00865	0.01514	0.01027	0.01190	0.00703	0.00811	0.00649	0.00433	0.00324	0.00108	0.00541	0.00270	0.00216	0.00649
10	0.01049	0.00899	0.01049	0.00749	0.01198	0.00674	0.00599	0.01273	0.01049	0.01648	0.00899	0.01049	0.00749	0.00374	0.00374	0.00075	0.00374	0.00300	0.00300	0.85320
11	0.01840	0.02308	0.01411	0.01282	0.01544	0.74129	0.00963	0.02071	0.07333	0.01305	0.00880	0.00987	0.00720	0.00534	0.00460	0.00133	0.00873	0.00345	0.00280	0.00603
12	0.01617	0.07881	0.01353	0.00987	0.01328	0.01226	0.00815	0.33792	0.12757	0.15076	0.10592	0.01876	0.03031	0.00692	0.00509	0.00154	0.00463	0.03036	0.00503	0.02314
13	0.00978	0.00781	0.00874	0.00815	0.01018	0.00831	0.00624	0.01734	0.36586	0.03733	0.23656	0.09063	0.14011	0.00950	0.00563	0.00171	0.00328	0.02146	0.00518	0.00622
14	0.00705	0.00531	0.00576	0.00555	0.00728	0.00452	0.00420	0.00857	0.01219	0.05502	0.18574	0.04504	0.61190	0.01201	0.00593	0.00168	0.00262	0.01010	0.00494	0.00458
15	0.03847	0.01168	0.01305	0.01016	0.01402	0.06598	0.00833	0.28950	0.01764	0.45361	0.01607	0.01466	0.01056	0.00609	0.00500	0.00153	0.00508	0.00472	0.00551	0.00835
16	0.01386	0.02509	0.03217	0.08293	0.19637	0.10016	0.02572	0.18143	0.02644	0.07317	0.01476	0.14110	0.02755	0.01817	0.00552	0.00165	0.00566	0.01759	0.00377	0.00687
17	0.00604	0.00513	0.00521	0.00519	0.00687	0.00430	0.00389	0.00738	0.01168	0.01402	0.09105	0.04808	0.74864	0.01267	0.00598	0.00170	0.00255	0.01059	0.00474	0.00430
18	0.00637	0.00475	0.00593	0.00667	0.00744	0.00435	0.00473	0.00756	0.01058	0.01376	0.09198	0.49996	0.21391	0.03132	0.00674	0.00202	0.00298	0.07002	0.00473	0.00422
19	0.03954	0.41355	0.12352	0.05605	0.06732	0.01565	0.14665	0.01530	0.01071	0.03063	0.00903	0.03452	0.00771	0.00483	0.00427	0.00137	0.00619	0.00403	0.00245	0.00667
20	0.03322	0.00710	0.00872	0.00789	0.00945	0.00756	0.00617	0.08225	0.01214	0.08367	0.16397	0.07260	0.17539	0.05801	0.10281	0.00267	0.10144	0.02691	0.03271	0.00530
21	0.00678	0.00493	0.00632	0.00715	0.00777	0.00467	0.00499	0.03639	0.01066	0.01412	0.06344	0.65886	0.08923	0.01491	0.00637	0.00200	0.00306	0.04926	0.00475	0.00435
22	0.05145	0.03269	0.07974	0.42317	0.10421	0.02711	0.13455	0.03020	0.01104	0.04446	0.00956	0.01283	0.00717	0.00489	0.00503	0.00163	0.00677	0.00454	0.00257	0.00639
23	0.02576	0.10435	0.44990	0.01457	0.05073	0.07684	0.09312	0.05837	0.02550	0.04104	0.00958	0.01106	0.00708	0.00487	0.00475	0.00153	0.00712	0.00396	0.00259	0.00727

[dist]
# distance from previous block
# <min> <max>
0	1

[block]
# block no. 3 follows, 49 sequences, length 48
# corresponding to MSA columns:
# 163-170,174-199,224-237
name=unknown_D
#
# <colnr> <probs for GDERKNQSTAVLIFYWHMCP>
#	G	D	E	R	K	N	Q	S	T	A	V	L	I	F	Y	W	H	M	C	P
0	0.20068	0.38452	0.14605	0.00959	0.01390	0.07935	0.00962	0.02606	0.01067	0.04586	0.01901	0.00950	0.00710	0.00480	0.00388	0.00134	0.01581	0.00316	0.00266	0.00645
1	0.00739	0.00528	0.00628	0.00610	0.00758	0.00467	0.00460	0.00916	0.01269	0.05623	0.35205	0.10420	0.36143	0.01172	0.00599	0.00170	0.00266	0.03043	0.00513	0.00470
2	0.01460	0.03756	0.01254	0.00928	0.01330	0.09073	0.02419	0.08287	0.08035	0.15625	0.01207	0.01241	0.00905	0.00485	0.00434	0.00113	0.00474	0.00382	0.00387	0.42206
3	0.00782	0.00612	0.00736	0.00688	0.00837	0.00606	0.00523	0.01169	0.12315	0.01908	0.53464	0.03627	0.16778	0.01022	0.00611	0.00164	0.02232	0.00880	0.00528	0.00517
4	0.01290	0.58295	0.20825	0.01023	0.01520	0.04855	0.01106	0.01585	0.03069	0.01313	0.00790	0.00904	0.00670	0.00454	0.00372	0.00123	0.00601	0.00305	0.00225	0.00674
5	0.00735	0.00490	0.00552	0.00552	0.00552	0.00490	0.00306	0.00735	0.00735	0.00980	0.01593	0.03309	0.01838	0.82229	0.02574	0.00490	0.00490	0.00735	0.00306	0.00306
6	0.03498	0.01102	0.01412	0.01041	0.01477	0.01019	0.10399	0.21208	0.04536	0.02080	0.01039	0.01160	0.00807	0.00457	0.00441	0.00113	0.00484	0.00388	0.00357	0.46982
7	0.01256	0.00974	0.01121	0.00835	0.01252	0.00845	0.00672	0.13387	0.05829	0.06443	0.04097	0.01269	0.00998	0.00469	0.00420	0.00101	0.00403	0.00376	0.00374	0.58880
8	0.01749	0.02004	0.01441	0.01267	0.01516	0.53055	0.00980	0.13004	0.06619	0.01579	0.00915	0.01047	0.00743	0.00593	0.00625	0.00148	0.11392	0.00376	0.00308	0.00636
9	0.01217	0.01175	0.02031	0.11432	0.67998	0.01196	0.04467	0.01527	0.01138	0.01612	0.00948	0.01266	0.00786	0.00456	0.00505	0.00153	0.00618	0.00456	0.00248	0.00771
10	0.00615	0.00443	0.00584	0.00697	0.00731	0.00411	0.00466	0.00705	0.00975	0.01294	0.02879	0.78875	0.06309	0.01572	0.00644	0.00204	0.00292	0.01423	0.00469	0.00411
11	0.01068	0.01002	0.01612	0.02359	0.56053	0.00980	0.01226	0.01322	0.01152	0.01574	0.02082	0.02346	0.20783	0.00699	0.00533	0.00159	0.00508	0.03538	0.00315	0.00693
12	0.01183	0.01256	0.02525	0.16586	0.08515	0.01241	0.52065	0.04949	0.01206	0.01633	0.01000	0.01337	0.00756	0.00449	0.00563	0.00165	0.00774	0.00544	0.00262	0.02989
13	0.85801	0.00978	0.00743	0.00665	0.00978	0.01134	0.00548	0.01486	0.00861	0.02269	0.00704	0.00821	0.00548	0.00469	0.00313	0.00156	0.00391	0.00274	0.00313	0.00548
14	0.01495	0.00819	0.01016	0.00848	0.01089	0.00832	0.00668	0.14756	0.03587	0.27905	0.08434	0.02069	0.02395	0.11135	0.10485	0.01751	0.03150	0.00569	0.06344	0.00654
15	0.85801	0.00978	0.00743	0.00665	0.00978	0.01134	0.00548	0.01486	0.00861	0.02269	0.00704	0.00821	0.00548	0.00469	0.00313	0.00156	0.00391	0.00274	0.00313	0.00548
16	0.01060	0.08323	0.34070	0.01217	0.04642	0.01043	0.05740	0.01408	0.01041	0.02994	0.03467	0.01353	0.00921	0.06574	0.00704	0.03656	0.02685	0.00417	0.00262	0.18424
17	0.01037	0.01019	0.01464	0.01209	0.01369	0.04879	0.13996	0.04322	0.01035	0.01411	0.04650	0.02059	0.13965	0.04492	0.09499	0.00268	0.31867	0.00609	0.00304	0.00545
18	0.01367	0.00704	0.00827	0.00714	0.00936	0.03161	0.00560	0.01636	0.04475	0.28109	0.24529	0.02357	0.02296	0.00735	0.00487	0.00146	0.00331	0.00614	0.25393	0.00622
19	0.00697	0.00516	0.00605	0.00611	0.00725	0.00486	0.00450	0.00859	0.01159	0.01583	0.23024	0.20384	0.30476	0.01175	0.00617	0.00170	0.03414	0.01004	0.11598	0.00447
20	0.00890	0.00821	0.04108	0.00970	0.01138	0.03905	0.08933	0.04128	0.02656	0.01313	0.01369	0.04219	0.01308	0.16425	0.44842	0.00578	0.01028	0.00588	0.00293	0.00491
21	0.00697	0.00510	0.00594	0.00573	0.00711	0.00458	0.00430	0.00895	0.01289	0.01770	0.43527	0.03971	0.31485	0.01076	0.00571	0.00159	0.00245	0.00922	0.09659	0.00458
22	0.00628	0.00448	0.00600	0.00717	0.00752	0.00421	0.00490	0.00724	0.00980	0.01304	0.02781	0.77419	0.03319	0.01573	0.00649	0.00207	0.00304	0.05802	0.00469	0.00414
23	0.01483	0.56238	0.04028	0.00996	0.01389	0.20013	0.00914	0.04121	0.04329	0.01312	0.00798	0.00897	0.00693	0.00470	0.00372	0.00118	0.00626	0.00304	0.00248	0.00650
24	0.04571	0.01216	0.01272	0.01141	0.04943	0.17373	0.07616	0.09140	0.06433	0.03667	0.10216	0.01878	0.07515	0.00732	0.01663	0.00163	0.07559	0.00545	0.11751	0.00607
25	0.00619	0.00441	0.00586	0.00701	0.00730	0.00412	0.00466	0.00705	0.00963	0.01284	0.02762	0.80252	0.03313	0.03274	0.00686	0.00211	0.00297	0.01423	0.00466	0.00409
26	0.02130	0.00866	0.01148	0.00892	0.01262	0.00775	0.00732	0.05649	0.03480	0.68865	0.04635	0.01780	0.01367	0.00640	0.00507	0.00155	0.00422	0.00521	0.03341	0.00833
27	0.01354	0.48342	0.06927	0.00981	0.01382	0.06901	0.00920	0.03667	0.21928	0.01516	0.01099	0.01134	0.00895	0.00514	0.00399	0.00131	0.00541	0.00366	0.00306	0.00697
28	0.01180	0.01682	0.24782	0.01836	0.16316	0.07471	0.21618	0.01557	0.01123	0.03036	0.01032	0.04345	0.00848	0.00648	0.03460	0.00185	0.05229	0.00495	0.00258	0.02898
29	0.03300	0.00819	0.01090	0.00858	0.01209	0.00722	0.00701	0.02234	0.03289	0.65390	0.10470	0.02038	0.04139	0.00691	0.00518	0.00158	0.00402	0.00569	0.00606	0.00798
30	0.00682	0.00498	0.00605	0.00674	0.00750	0.00469	0.00470	0.02481	0.02493	0.01382	0.03087	0.52895	0.18033	0.05488	0.00717	0.00208	0.00308	0.04173	0.04158	0.00431
31	0.01238	0.01366	0.10145	0.03746	0.62540	0.03015	0.01515	0.01647	0.06759	0.01666	0.01023	0.01272	0.00833	0.00473	0.00499	0.00153	0.00610	0.00448	0.00266	0.00787
32	0.01080	0.00797	0.00986	0.04326	0.10924	0.06073	0.00713	0.01304	0.02495	0.12585	0.32089	0.10114	0.10094	0.03400	0.00622	0.00172	0.00392	0.00791	0.00469	0.00572
33	0.02381	0.01328	0.14441	0.01185	0.04179	0.07146	0.07176	0.11396	0.11448	0.08420	0.04635	0.11303	0.05471	0.00771	0.00533	0.00167	0.00538	0.04188	0.02620	0.00673
34	0.02424	0.01571	0.03087	0.05742	0.37453	0.24099	0.09931	0.03164	0.03072	0.01559	0.00934	0.01172	0.00760	0.00478	0.00494	0.00147	0.00712	0.00427	0.00265	0.02508
35	0.00725	0.00516	0.00597	0.00586	0.00650	0.00492	0.00378	0.00796	0.00915	0.01223	0.12121	0.05209	0.13107	0.50714	0.04370	0.00384	0.00443	0.02738	0.00368	0.03668
36	0.05047	0.01464	0.10289	0.01927	0.25877	0.07545	0.15035	0.10193	0.09489	0.03322	0.01100	0.01270	0.00847	0.00499	0.00501	0.00153	0.00640	0.00460	0.00316	0.04026
37	0.00811	0.00473	0.00663	0.00672	0.00711	0.00484	0.00472	0.00766	0.00786	0.01092	0.03051	0.06640	0.04618	0.06934	0.17098	0.45705	0.00589	0.02206	0.05910	0.00318
38	0.04545	0.01416	0.08751	0.04847	0.32984	0.07623	0.21761	0.04535	0.01201	0.01659	0.01046	0.05364	0.00885	0.00519	0.00522	0.00159	0.00683	0.00517	0.00272	0.00711
39	0.01198	0.01167	0.01864	0.19121	0.55157	0.04342	0.01462	0.01490	0.01119	0.01540	0.00967	0.01368	0.00818	0.00507	0.00551	0.00158	0.03793	0.02404	0.00250	0.00724
40	0.01015	0.00801	0.00953	0.00732	0.01090	0.00633	0.00575	0.02281	0.01139	0.04900	0.12833	0.07299	0.04381	0.00604	0.00442	0.00104	0.00349	0.00510	0.00372	0.58986
41	0.00997	0.02398	0.26679	0.02812	0.02853	0.02762	0.12310	0.03506	0.01146	0.01579	0.09052	0.02210	0.14359	0.00754	0.00690	0.00173	0.11111	0.03675	0.00317	0.00617
42	0.00723	0.00629	0.03179	0.00654	0.02423	0.00512	0.00494	0.00892	0.01127	0.01498	0.14296	0.06778	0.41007	0.06893	0.02770	0.00196	0.00334	0.00872	0.05406	0.09314
43	0.01192	0.08397	0.01362	0.04375	0.11390	0.02238	0.02587	0.02422	0.04611	0.08262	0.05775	0.04818	0.02406	0.00561	0.00452	0.00122	0.00448	0.02029	0.00349	0.36203
44	0.01030	0.00976	0.04974	0.01263	0.11477	0.00813	0.12330	0.01337	0.04154	0.04757	0.09022	0.05379	0.14094	0.00679	0.00509	0.00139	0.00461	0.00616	0.00363	0.25628
45	0.03834	0.21930	0.47893	0.01189	0.01796	0.02819	0.01416	0.01535	0.01058	0.01514	0.00946	0.01081	0.02473	0.00478	0.00430	0.00139	0.00644	0.00354	0.00232	0.08240
46	0.01071	0.22385	0.39194	0.01236	0.04700	0.01262	0.03973	0.01462	0.01104	0.01544	0.10101	0.03444	0.01216	0.00554	0.00459	0.00144	0.00603	0.00446	0.00269	0.04833
47	0.01192	0.15139	0.28362	0.01088	0.01581	0.04765	0.01135	0.06539	0.11519	0.01671	0.01094	0.02481	0.00884	0.03363	0.00515	0.00147	0.00572	0.00401	0.00300	0.17252

[dist]
# distance from previous block
# <min> <max>
2	6

[block]
# block no. 4 follows, 49 sequences, length 23
# corresponding to MSA columns:
# 245-257,259-268
name=unknown_E
#
# <colnr> <probs for GDERKNQSTAVLIFYWHMCP>
#	G	D	E	R	K	N	Q	S	T	A	V	L	I	F	Y	W	H	M	C	P
0	0.04239	0.04017	0.17237	0.00929	0.01293	0.06403	0.00878	0.01478	0.07389	0.07106	0.18039	0.07533	0.04693	0.00714	0.00493	0.00145	0.00462	0.00591	0.00390	0.15970
1	0.04176	0.41251	0.20135	0.00970	0.01408	0.01458	0.01020	0.01523	0.05442	0.03456	0.09610	0.05189	0.01296	0.00586	0.00421	0.00137	0.00528	0.00445	0.00296	0.00652
2	0.00888	0.03953	0.09223	0.00944	0.01208	0.04552	0.10136	0.01118	0.01128	0.03900	0.09939	0.10265	0.26864	0.01368	0.11959	0.00259	0.00587	0.00799	0.00382	0.00528
3	0.00967	0.02906	0.19836	0.00888	0.01223	0.00744	0.00872	0.03911	0.01220	0.07706	0.17158	0.12123	0.15266	0.00912	0.00545	0.00162	0.00428	0.04954	0.00418	0.07763
4	0.01111	0.25536	0.57537	0.01276	0.01933	0.01411	0.01581	0.01576	0.01056	0.01483	0.00849	0.00994	0.00643	0.00467	0.00436	0.00145	0.00688	0.00344	0.00214	0.00719
5	0.01476	0.55942	0.07116	0.01019	0.01425	0.23042	0.00958	0.01656	0.01139	0.01228	0.00737	0.00854	0.00649	0.00459	0.00370	0.00117	0.00654	0.00292	0.00228	0.00638
6	0.01332	0.33100	0.33375	0.01191	0.01714	0.18508	0.01293	0.01658	0.01131	0.01366	0.00802	0.00936	0.00646	0.00471	0.00416	0.00134	0.00704	0.00324	0.00225	0.00675
7	0.01861	0.01072	0.01226	0.00991	0.01333	0.03887	0.00798	0.25090	0.11154	0.36134	0.01800	0.09503	0.01354	0.00719	0.00520	0.00161	0.00469	0.00586	0.00547	0.00798
8	0.01014	0.02616	0.79609	0.01441	0.02189	0.01174	0.01868	0.01601	0.01068	0.01601	0.00907	0.01068	0.00641	0.00480	0.00480	0.00160	0.00747	0.00374	0.00214	0.00747
9	0.00616	0.00478	0.00562	0.00614	0.00713	0.00424	0.00433	0.00735	0.01089	0.01387	0.10295	0.41322	0.36720	0.01404	0.00620	0.00186	0.00272	0.01230	0.00477	0.00424
10	0.00713	0.05654	0.00723	0.00628	0.00786	0.00595	0.00470	0.00945	0.07642	0.01414	0.06561	0.22050	0.45263	0.03464	0.00639	0.00183	0.00301	0.01046	0.00456	0.00467
11	0.00649	0.00492	0.00697	0.00754	0.00814	0.00458	0.04175	0.00751	0.00979	0.01297	0.02790	0.69413	0.07852	0.05393	0.00733	0.00215	0.00328	0.01340	0.00451	0.00420
12	0.01101	0.23114	0.59869	0.01294	0.01960	0.01386	0.01611	0.01579	0.01057	0.01496	0.00855	0.01002	0.00643	0.00468	0.00440	0.00147	0.00694	0.00347	0.00214	0.00722
13	0.01185	0.01153	0.02005	0.17783	0.55908	0.01205	0.07415	0.01496	0.01114	0.01565	0.00936	0.01273	0.00769	0.00475	0.00551	0.00158	0.03564	0.00461	0.00245	0.00737
14	0.00663	0.00502	0.00612	0.00612	0.00730	0.00450	0.00448	0.00842	0.01266	0.01700	0.43424	0.18081	0.26416	0.01205	0.00606	0.00171	0.00254	0.01053	0.00515	0.00450
15	0.01050	0.11098	0.71441	0.01380	0.02094	0.01262	0.01762	0.01592	0.01063	0.01558	0.00886	0.01040	0.00641	0.00475	0.00464	0.00155	0.00725	0.00363	0.00214	0.00737
16	0.01099	0.22770	0.60200	0.01296	0.01964	0.01383	0.01615	0.01579	0.01057	0.01498	0.00856	0.01003	0.00643	0.00468	0.00441	0.00147	0.00695	0.00348	0.00214	0.00723
17	0.01071	0.05014	0.69483	0.01455	0.02164	0.01222	0.06410	0.04524	0.01125	0.01651	0.00920	0.01083	0.00657	0.00480	0.00484	0.00159	0.00740	0.00387	0.00227	0.00745
18	0.00947	0.00868	0.01305	0.01184	0.01393	0.06297	0.17696	0.01198	0.01172	0.01492	0.02303	0.10757	0.05903	0.01131	0.00650	0.00207	0.00558	0.44017	0.00405	0.00516
19	0.09900	0.00972	0.00967	0.00872	0.01129	0.12063	0.00704	0.01653	0.03214	0.25210	0.06136	0.04612	0.11690	0.00875	0.00536	0.00170	0.00465	0.15866	0.00472	0.02492
20	0.05862	0.02532	0.02805	0.00779	0.01054	0.00686	0.00633	0.01663	0.03590	0.37078	0.06270	0.12631	0.17366	0.00928	0.00587	0.03256	0.00376	0.00739	0.00518	0.00648
21	0.08911	0.08539	0.27331	0.04911	0.01558	0.01070	0.01105	0.03774	0.03897	0.10829	0.05521	0.01596	0.03019	0.05136	0.08262	0.00237	0.02857	0.00468	0.00328	0.00651
22	0.05040	0.17122	0.01407	0.00931	0.01193	0.01112	0.05148	0.15937	0.01276	0.04360	0.06272	0.06538	0.03894	0.05177	0.18431	0.00316	0.00685	0.04203	0.00365	0.00594

[dist]
# distance from previous block
# <min> <max>
11	38

[block]
# block no. 5 follows, 49 sequences, length 115
# corresponding to MSA columns:
# 320-342,358-449
name=unknown_F
#
# <colnr> <probs for GDERKNQSTAVLIFYWHMCP>
#	G	D	E	R	K	N	Q	S	T	A	V	L	I	F	Y	W	H	M	C	P
0	0.01274	0.05172	0.13980	0.06422	0.41532	0.10206	0.04428	0.01693	0.07445	0.01594	0.01005	0.01226	0.00805	0.00484	0.00490	0.00151	0.00654	0.00432	0.00265	0.00744
1	0.01378	0.09797	0.02841	0.04119	0.11239	0.09159	0.00891	0.10197	0.03766	0.08385	0.04718	0.02244	0.01031	0.00515	0.00445	0.00123	0.00512	0.00412	0.00349	0.27880
2	0.01205	0.21476	0.25726	0.01101	0.01559	0.12304	0.02656	0.04056	0.01159	0.01486	0.02676	0.06780	0.03718	0.00600	0.00453	0.00139	0.00611	0.02087	0.00280	0.09928
3	0.03309	0.05224	0.21131	0.03224	0.10871	0.18671	0.04610	0.08816	0.01279	0.03399	0.04867	0.01299	0.00960	0.00808	0.07065	0.00205	0.02868	0.00431	0.00292	0.00672
4	0.00867	0.00641	0.00800	0.00894	0.09287	0.00586	0.00591	0.02695	0.02910	0.07910	0.10143	0.13359	0.43373	0.01128	0.00584	0.00172	0.00326	0.02744	0.00468	0.00524
5	0.00947	0.04111	0.03708	0.00874	0.04450	0.00680	0.00644	0.02978	0.07480	0.09165	0.13680	0.37339	0.09655	0.01148	0.00581	0.00179	0.00351	0.01012	0.00472	0.00548
6	0.01211	0.15625	0.44325	0.01350	0.05165	0.05405	0.02829	0.01760	0.09910	0.04814	0.01043	0.01151	0.00781	0.00509	0.00482	0.00152	0.02095	0.00391	0.00271	0.00731
7	0.03957	0.01249	0.01513	0.11488	0.12138	0.01379	0.01063	0.45781	0.07696	0.05037	0.01246	0.01390	0.00929	0.00593	0.00505	0.00157	0.00555	0.02097	0.00434	0.00793
8	0.01114	0.03547	0.01234	0.01322	0.15253	0.09954	0.02716	0.04904	0.14875	0.01678	0.11575	0.18414	0.02091	0.04512	0.00639	0.00183	0.00482	0.04487	0.00406	0.00611
9	0.01193	0.00928	0.01085	0.00961	0.01174	0.01052	0.00758	0.06507	0.36161	0.07509	0.19795	0.05117	0.02212	0.00828	0.00687	0.00175	0.10712	0.01973	0.00492	0.00681
10	0.01509	0.45127	0.02050	0.01016	0.01384	0.19917	0.00889	0.08106	0.12751	0.01505	0.00966	0.01028	0.00801	0.00505	0.00398	0.00126	0.00607	0.00344	0.00295	0.00675
11	0.04388	0.01048	0.01400	0.10472	0.05101	0.05366	0.09475	0.15649	0.04251	0.09842	0.04673	0.03254	0.01199	0.03577	0.00828	0.11057	0.03928	0.03502	0.00371	0.00619
12	0.01112	0.09868	0.57149	0.01488	0.02148	0.04753	0.13375	0.01615	0.01099	0.01550	0.00901	0.01083	0.00661	0.00469	0.00483	0.00156	0.00752	0.00396	0.00222	0.00721
13	0.03413	0.06495	0.34487	0.01228	0.01740	0.10075	0.04667	0.04868	0.03060	0.18380	0.01235	0.01428	0.00917	0.02469	0.00535	0.00164	0.00650	0.03120	0.00342	0.00726
14	0.00871	0.00442	0.00653	0.00653	0.00653	0.00442	0.00432	0.00663	0.00663	0.00884	0.00917	0.01634	0.00931	0.06161	0.02009	0.80647	0.00442	0.00455	0.00224	0.00224
15	0.01214	0.01250	0.01932	0.22315	0.37546	0.09352	0.11964	0.01514	0.01138	0.01495	0.00974	0.03450	0.00815	0.00509	0.00539	0.00159	0.02413	0.00484	0.00251	0.00686
16	0.00647	0.00488	0.00697	0.00763	0.00822	0.00454	0.03900	0.00757	0.00999	0.01331	0.04852	0.72737	0.05678	0.01505	0.00641	0.00202	0.00318	0.02321	0.00462	0.00426
17	0.01014	0.02616	0.79609	0.01441	0.02189	0.01174	0.01868	0.01601	0.01068	0.01601	0.00907	0.01068	0.00641	0.00480	0.00480	0.00160	0.00747	0.00374	0.00214	0.00747
18	0.00648	0.00460	0.00602	0.00694	0.00732	0.00434	0.00471	0.00746	0.00990	0.01327	0.08729	0.62619	0.03265	0.10621	0.00862	0.00235	0.00321	0.05379	0.00458	0.00407
19	0.01014	0.02616	0.79609	0.01441	0.02189	0.01174	0.01868	0.01601	0.01068	0.01601	0.00907	0.01068	0.00641	0.00480	0.00480	0.00160	0.00747	0.00374	0.00214	0.00747
20	0.01007	0.01011	0.03547	0.64340	0.10890	0.01146	0.08206	0.01354	0.01043	0.01364	0.00915	0.01333	0.00694	0.00492	0.00513	0.00167	0.00684	0.00461	0.00230	0.00601
21	0.00769	0.00529	0.00690	0.00643	0.00773	0.00486	0.00485	0.01003	0.01425	0.04792	0.74334	0.03729	0.06370	0.01025	0.00593	0.00159	0.00246	0.00903	0.00557	0.00490
22	0.00848	0.00553	0.02423	0.00748	0.00851	0.00481	0.00549	0.00973	0.01061	0.11320	0.05069	0.61458	0.05457	0.01402	0.00624	0.00197	0.00326	0.04694	0.00486	0.00481
23	0.01038	0.00885	0.01038	0.00757	0.01192	0.00670	0.00609	0.01263	0.01054	0.01642	0.00977	0.01254	0.00844	0.00420	0.00389	0.00082	0.00379	0.03623	0.00307	0.81578
24	0.01282	0.01149	0.02224	0.09458	0.02250	0.01131	0.44764	0.04999	0.01229	0.11561	0.01321	0.06415	0.01087	0.00608	0.00626	0.00175	0.04122	0.04598	0.00334	0.00668
25	0.00616	0.00440	0.00587	0.00704	0.00733	0.00411	0.00469	0.00704	0.00968	0.01291	0.02787	0.81899	0.03344	0.01584	0.00645	0.00205	0.00293	0.01438	0.00469	0.00411
26	0.01190	0.01139	0.01942	0.19222	0.63435	0.01185	0.01521	0.01498	0.01122	0.01578	0.00940	0.01272	0.00775	0.00462	0.00502	0.00154	0.00616	0.00450	0.00245	0.00751
27	0.00683	0.00502	0.00640	0.00635	0.00743	0.00459	0.00465	0.00881	0.01312	0.01813	0.56022	0.18645	0.12988	0.01166	0.00606	0.00169	0.00251	0.01031	0.00530	0.00459
28	0.01169	0.01005	0.01150	0.01191	0.11101	0.04457	0.00810	0.09974	0.31138	0.01914	0.10214	0.02206	0.07097	0.06308	0.07776	0.00241	0.00528	0.00613	0.00435	0.00673
29	0.00677	0.00528	0.00616	0.00592	0.00737	0.00473	0.00445	0.00895	0.03012	0.01747	0.45669	0.04200	0.36314	0.01131	0.00595	0.00164	0.00250	0.00972	0.00519	0.00463
30	0.01341	0.04388	0.01948	0.06153	0.59252	0.03017	0.01410	0.11533	0.01306	0.01811	0.00969	0.01222	0.00793	0.00473	0.00491	0.00148	0.00598	0.00438	0.00283	0.02425
31	0.01684	0.01072	0.01220	0.00995	0.01339	0.01125	0.00800	0.24296	0.26242	0.23921	0.01834	0.05259	0.02789	0.00684	0.00512	0.00159	0.00446	0.00556	0.00531	0.04537
32	0.01420	0.72514	0.02501	0.00915	0.01331	0.09233	0.00879	0.03988	0.01108	0.01258	0.00727	0.00833	0.00656	0.00446	0.00342	0.00112	0.00576	0.00281	0.00230	0.00650
33	0.12364	0.02949	0.01191	0.00947	0.01277	0.07868	0.00769	0.25546	0.04399	0.13408	0.06634	0.01667	0.03054	0.00778	0.04059	0.00177	0.00528	0.03165	0.00442	0.08780
34	0.06072	0.00962	0.01561	0.63760	0.11172	0.01150	0.03120	0.03696	0.01063	0.01454	0.00905	0.01303	0.00688	0.00499	0.00496	0.00165	0.00650	0.00443	0.00242	0.00598
35	0.01340	0.79805	0.05277	0.00885	0.01328	0.01973	0.00899	0.01517	0.01029	0.01204	0.00710	0.00820	0.00649	0.00434	0.00330	0.00110	0.00548	0.00274	0.00216	0.00652
36	0.00878	0.00439	0.00659	0.00659	0.00659	0.00439	0.00439	0.00659	0.00659	0.00878	0.00878	0.01537	0.00878	0.01757	0.01976	0.85288	0.00439	0.00439	0.00220	0.00220
37	0.00959	0.00900	0.01526	0.74442	0.04685	0.01104	0.02988	0.01293	0.01024	0.01315	0.00981	0.01539	0.00777	0.00542	0.00516	0.00171	0.00667	0.03770	0.00236	0.00564
38	0.01868	0.01100	0.02973	0.01005	0.01366	0.03205	0.00830	0.20986	0.15508	0.37984	0.01739	0.02852	0.01211	0.00781	0.04025	0.00187	0.00515	0.00515	0.00539	0.00814
39	0.01145	0.01131	0.01538	0.14366	0.01699	0.04165	0.01144	0.04680	0.00908	0.01318	0.00731	0.01144	0.00674	0.00798	0.01378	0.00206	0.61729	0.00440	0.00236	0.00569
40	0.00686	0.00523	0.00687	0.00748	0.00787	0.00541	0.00527	0.00768	0.00947	0.01265	0.02655	0.57690	0.10067	0.05418	0.00891	0.03274	0.08900	0.02785	0.00426	0.00417
41	0.01455	0.17827	0.30834	0.01306	0.05227	0.09202	0.03057	0.14436	0.01359	0.09224	0.01015	0.01104	0.00749	0.00508	0.00458	0.00145	0.00656	0.00384	0.00310	0.00743
42	0.01214	0.04905	0.03952	0.01934	0.02410	0.01270	0.64149	0.01634	0.03296	0.04084	0.01114	0.03851	0.00875	0.00487	0.00602	0.00169	0.02499	0.00598	0.00278	0.00679
43	0.00793	0.00575	0.00785	0.00890	0.01011	0.00567	0.00772	0.01016	0.01163	0.01499	0.02920	0.05621	0.10460	0.01385	0.00688	0.00227	0.00445	0.68255	0.00466	0.00462
44	0.01189	0.04709	0.10690	0.12990	0.42161	0.03120	0.09383	0.01517	0.01104	0.01537	0.00913	0.01220	0.00744	0.00489	0.00579	0.00158	0.06090	0.00446	0.00240	0.00723
45	0.01422	0.01312	0.05250	0.04976	0.05728	0.05280	0.18180	0.19281	0.14367	0.06447	0.01365	0.01684	0.01077	0.00630	0.00605	0.00169	0.05343	0.05767	0.00387	0.00729
46	0.00773	0.00623	0.00880	0.00866	0.00915	0.00718	0.02398	0.00893	0.00883	0.01253	0.01854	0.36205	0.02074	0.08486	0.19292	0.00368	0.16756	0.00921	0.03393	0.00449
47	0.01121	0.01124	0.01899	0.34647	0.24836	0.03375	0.13072	0.01428	0.01063	0.01436	0.00902	0.01282	0.00723	0.00524	0.00656	0.00169	0.10392	0.00468	0.00237	0.00649
48	0.05510	0.16708	0.04826	0.01098	0.04696	0.08798	0.00899	0.22723	0.08285	0.13502	0.03445	0.01388	0.01048	0.04237	0.00553	0.00160	0.00545	0.00440	0.00407	0.00732
49	0.13000	0.03127	0.13776	0.01236	0.04194	0.31069	0.01061	0.17056	0.01461	0.04355	0.01007	0.01237	0.00804	0.00564	0.00463	0.00149	0.00692	0.03748	0.00330	0.00674
50	0.00659	0.00530	0.00596	0.00633	0.00773	0.00477	0.00484	0.00840	0.03748	0.01401	0.04188	0.19331	0.49881	0.01336	0.00620	0.00187	0.00302	0.13101	0.00470	0.00443
51	0.02819	0.15831	0.12531	0.01283	0.11388	0.07211	0.01019	0.05023	0.11553	0.09592	0.01285	0.04921	0.01088	0.07736	0.01949	0.00191	0.03074	0.00486	0.00340	0.00681
52	0.01248	0.07680	0.39793	0.01292	0.01839	0.01226	0.07044	0.08810	0.12980	0.07433	0.01270	0.04209	0.00974	0.00576	0.00496	0.00160	0.00627	0.01263	0.00332	0.00747
53	0.03525	0.03061	0.01139	0.11136	0.01456	0.15973	0.00792	0.09084	0.01352	0.18259	0.06049	0.04614	0.13054	0.02663	0.00570	0.00162	0.01701	0.00588	0.04200	0.00621
54	0.01070	0.00797	0.00906	0.00844	0.01011	0.00846	0.00627	0.21482	0.10721	0.01860	0.02173	0.31169	0.05575	0.13627	0.02139	0.00240	0.00428	0.03464	0.00456	0.00566
55	0.07350	0.09860	0.22103	0.01500	0.14223	0.03265	0.04590	0.17316	0.06435	0.03937	0.01048	0.01163	0.00791	0.00508	0.00465	0.00148	0.00602	0.00408	0.00324	0.03965
56	0.22471	0.11795	0.07702	0.00999	0.04744	0.04120	0.00829	0.06764	0.17149	0.04545	0.03353	0.01444	0.02278	0.05417	0.00553	0.00169	0.00482	0.00432	0.00361	0.04394
57	0.01349	0.00994	0.01101	0.00964	0.01247	0.01097	0.00756	0.05717	0.54180	0.12476	0.12408	0.02091	0.01912	0.00722	0.00524	0.00167	0.00389	0.00605	0.00535	0.00767
58	0.14767	0.05590	0.03667	0.06706	0.33250	0.01266	0.18225	0.05386	0.03281	0.01787	0.00954	0.01202	0.00757	0.00465	0.00483	0.00155	0.00620	0.00447	0.00278	0.00714
59	0.13138	0.01123	0.01122	0.00943	0.01253	0.06362	0.00748	0.22577	0.17236	0.08612	0.05886	0.07619	0.03183	0.00695	0.00485	0.00154	0.00456	0.00551	0.00457	0.07399
60	0.01191	0.01528	0.11701	0.03702	0.02358	0.07534	0.52460	0.01577	0.01158	0.01541	0.01045	0.04896	0.00850	0.00522	0.00636	0.00171	0.05641	0.00574	0.00258	0.00659
61	0.00616	0.00440	0.00587	0.00704	0.00733	0.00411	0.00469	0.00704	0.00968	0.01291	0.02787	0.81899	0.03344	0.01584	0.00645	0.00205	0.00293	0.01438	0.00469	0.00411
62	0.01428	0.19741	0.11407	0.03798	0.23669	0.19643	0.01219	0.04038	0.05900	0.03235	0.00948	0.01103	0.00767	0.00491	0.00450	0.00139	0.00662	0.00381	0.00272	0.00708
63	0.01284	0.01251	0.01998	0.05360	0.71791	0.04756	0.01510	0.03029	0.01183	0.01652	0.00947	0.01238	0.00792	0.00458	0.00499	0.00150	0.00616	0.00445	0.00255	0.00785
64	0.00633	0.00459	0.00596	0.00693	0.00742	0.00427	0.00476	0.00736	0.01006	0.01330	0.06049	0.65693	0.09611	0.04025	0.00702	0.00211	0.00304	0.05426	0.00468	0.00415
65	0.01092	0.01090	0.04130	0.04929	0.01595	0.01271	0.14797	0.05708	0.00981	0.01439	0.00940	0.01376	0.00832	0.03028	0.12027	0.00286	0.39345	0.00491	0.04064	0.00578
66	0.04754	0.03819	0.01312	0.01057	0.01369	0.10468	0.00848	0.30652	0.21803	0.05513	0.03707	0.03690	0.04484	0.00684	0.00541	0.00158	0.03416	0.00524	0.00457	0.00743
67	0.01327	0.45614	0.24545	0.01084	0.01584	0.08884	0.01161	0.03035	0.04575	0.02780	0.00862	0.00966	0.00701	0.00472	0.00396	0.00130	0.00626	0.00326	0.00246	0.00686
68	0.00647	0.00515	0.00556	0.00561	0.00689	0.00459	0.00399	0.00792	0.02883	0.01378	0.11175	0.12181	0.50662	0.13775	0.00906	0.00222	0.00298	0.01027	0.00454	0.00420
69	0.15317	0.06015	0.05481	0.00969	0.01310	0.01257	0.00823	0.18805	0.30249	0.04988	0.06224	0.01646	0.03511	0.00642	0.00473	0.00159	0.00448	0.00501	0.00450	0.00732
70	0.01273	0.03597	0.09892	0.05974	0.02963	0.13744	0.02702	0.15807	0.04537	0.01641	0.01162	0.01696	0.01046	0.18920	0.07178	0.00281	0.06179	0.00496	0.00317	0.00597
71	0.01402	0.02756	0.01123	0.00928	0.01212	0.03736	0.00737	0.15641	0.28242	0.13814	0.17613	0.02254	0.06815	0.00759	0.00528	0.00160	0.00412	0.00627	0.00520	0.00721
72	0.00711	0.00506	0.00689	0.00802	0.00869	0.00491	0.00620	0.00861	0.01049	0.01381	0.02695	0.44522	0.03094	0.04387	0.00739	0.00228	0.00379	0.35085	0.00462	0.00432
73	0.01226	0.43081	0.31301	0.03615	0.01736	0.01596	0.03365	0.01559	0.01050	0.03490	0.00828	0.00973	0.00667	0.00472	0.00444	0.00136	0.03211	0.00335	0.00228	0.00687
74	0.01252	0.01201	0.02053	0.03104	0.79074	0.01201	0.01552	0.01552	0.01151	0.01652	0.00951	0.01252	0.00801	0.00451	0.00501	0.00150	0.00601	0.00451	0.00250	0.00801
75	0.00624	0.00513	0.00549	0.00540	0.00699	0.00438	0.00405	0.00777	0.01215	0.01514	0.21563	0.04623	0.62337	0.01226	0.00597	0.00168	0.00252	0.01033	0.00489	0.00438
76	0.10288	0.03939	0.22573	0.06001	0.13182	0.08056	0.01237	0.12091	0.07426	0.05099	0.01075	0.01218	0.00813	0.00667	0.04052	0.00184	0.00652	0.00412	0.00318	0.00718
77	0.01709	0.01245	0.01380	0.01255	0.08444	0.05967	0.00927	0.35391	0.15700	0.14661	0.01546	0.05070	0.01188	0.00668	0.00515	0.00159	0.00520	0.02370	0.00486	0.00798
78	0.00955	0.00899	0.01517	0.81013	0.03483	0.01123	0.01404	0.01292	0.01011	0.01292	0.00899	0.01348	0.00674	0.00506	0.00506	0.00169	0.00674	0.00449	0.00225	0.00562
79	0.01014	0.02616	0.79609	0.01441	0.02189	0.01174	0.01868	0.01601	0.01068	0.01601	0.00907	0.01068	0.00641	0.00480	0.00480	0.00160	0.00747	0.00374	0.00214	0.00747
80	0.01307	0.01293	0.01762	0.02301	0.46816	0.11250	0.04684	0.05676	0.07443	0.01692	0.01332	0.02826	0.04372	0.00587	0.00517	0.00156	0.00607	0.04338	0.00310	0.00732
81	0.00891	0.00843	0.04095	0.00984	0.01079	0.00969	0.00811	0.03614	0.00923	0.01318	0.03110	0.09216	0.09711	0.03795	0.26728	0.00406	0.30051	0.00646	0.00305	0.00505
82	0.00616	0.00448	0.00582	0.00686	0.00729	0.00413	0.00462	0.00710	0.00991	0.01309	0.04195	0.73976	0.09920	0.01549	0.00641	0.00202	0.00289	0.01397	0.00471	0.00413
