[name]
unknown

[dist]
# distance from previous block
# <min> <max>
0	49

[block]
# block no. 0 follows, 50 sequences, length 76
# corresponding to MSA columns:
# 52-98,136-164
name=unknown_A
#
# <colnr> <probs for GDERKNQSTAVLIFYWHMCP>
#	G	D	E	R	K	N	Q	S	T	A	V	L	I	F	Y	W	H	M	C	P
0	0.00792	0.00566	0.00791	0.00906	0.01016	0.00564	0.00784	0.01014	0.01137	0.01480	0.02645	0.09850	0.02892	0.01387	0.00686	0.00228	0.00450	0.71897	0.00459	0.00456
1	0.01034	0.00886	0.01034	0.00738	0.01181	0.00664	0.00591	0.01255	0.01034	0.01624	0.00886	0.01034	0.00738	0.00369	0.00369	0.00074	0.00369	0.00295	0.00295	0.85530
2	0.01000	0.02578	0.79900	0.01421	0.02157	0.01158	0.01842	0.01579	0.01052	0.01579	0.00895	0.01052	0.00631	0.00474	0.00474	0.00158	0.00737	0.00368	0.00210	0.00737
3	0.00605	0.00443	0.00569	0.00670	0.00717	0.00407	0.00452	0.00697	0.00977	0.01282	0.03041	0.72303	0.12962	0.01523	0.00630	0.00198	0.00285	0.01371	0.00463	0.00407
4	0.86003	0.00964	0.00733	0.00655	0.00964	0.01118	0.00540	0.01465	0.00848	0.02236	0.00694	0.00810	0.00540	0.00463	0.00308	0.00154	0.00386	0.00270	0.00308	0.00540
5	0.01895	0.01396	0.01496	0.01147	0.01546	0.01546	0.00947	0.77711	0.02344	0.03141	0.01197	0.01197	0.00848	0.00598	0.00499	0.00150	0.00548	0.00449	0.00499	0.00848
6	0.01220	0.01152	0.01954	0.02945	0.75886	0.01152	0.01477	0.01513	0.01131	0.01639	0.00968	0.01261	0.00811	0.00450	0.00487	0.00147	0.00576	0.00445	0.04009	0.00775
7	0.00589	0.00505	0.00505	0.00505	0.00673	0.00421	0.00379	0.00715	0.01136	0.01347	0.05049	0.04797	0.79171	0.01262	0.00589	0.00168	0.00252	0.01052	0.00463	0.00421
8	0.01895	0.01396	0.01496	0.01147	0.01546	0.01546	0.00947	0.77711	0.02344	0.03141	0.01197	0.01197	0.00848	0.00598	0.00499	0.00150	0.00548	0.00449	0.00499	0.00848
9	0.00607	0.00434	0.00578	0.00694	0.00723	0.00405	0.00463	0.00694	0.00954	0.01272	0.02747	0.82157	0.03297	0.01562	0.00636	0.00202	0.00289	0.01417	0.00463	0.00405
10	0.00592	0.00505	0.00509	0.00508	0.00675	0.00422	0.00381	0.00721	0.01143	0.01364	0.06985	0.04769	0.77225	0.01256	0.00589	0.00168	0.00252	0.01048	0.00465	0.00422
11	0.01895	0.01396	0.01496	0.01147	0.01546	0.01546	0.00947	0.77711	0.02344	0.03141	0.01197	0.01197	0.00848	0.00598	0.00499	0.00150	0.00548	0.00449	0.00499	0.00848
12	0.01234	0.01184	0.02023	0.03059	0.79373	0.01184	0.01530	0.01530	0.01135	0.01628	0.00938	0.01234	0.00790	0.00444	0.00493	0.00148	0.00592	0.00444	0.00247	0.00790
13	0.02222	0.00872	0.01171	0.00898	0.01284	0.00768	0.00742	0.05701	0.01466	0.76391	0.01933	0.01675	0.01217	0.00616	0.00501	0.00154	0.00430	0.00499	0.00612	0.00848
14	0.01333	0.82783	0.02612	0.00853	0.01279	0.01972	0.00853	0.01493	0.01013	0.01173	0.00693	0.00800	0.00640	0.00426	0.00320	0.00107	0.00533	0.00267	0.00213	0.00640
15	0.00589	0.00505	0.00505	0.00505	0.00673	0.00421	0.00379	0.00715	0.01136	0.01347	0.05049	0.04797	0.79171	0.01262	0.00589	0.00168	0.00252	0.01052	0.00463	0.00421
16	0.00941	0.00886	0.01495	0.81285	0.03433	0.01107	0.01384	0.01274	0.00997	0.01274	0.00886	0.01329	0.00664	0.00498	0.00498	0.00166	0.00664	0.00443	0.00221	0.00554
17	0.00712	0.00534	0.00801	0.00801	0.00890	0.00623	0.00623	0.00890	0.00801	0.01157	0.01335	0.01958	0.01246	0.03738	0.80507	0.00801	0.01335	0.00534	0.00267	0.00445
18	0.01000	0.02578	0.79900	0.01421	0.02157	0.01158	0.01842	0.01579	0.01052	0.01579	0.00895	0.01052	0.00631	0.00474	0.00474	0.00158	0.00737	0.00368	0.00210	0.00737
19	0.86003	0.00964	0.00733	0.00655	0.00964	0.01118	0.00540	0.01465	0.00848	0.02236	0.00694	0.00810	0.00540	0.00463	0.00308	0.00154	0.00386	0.00270	0.00308	0.00540
20	0.01030	0.01016	0.01569	0.58957	0.11241	0.06092	0.04636	0.01333	0.01038	0.01320	0.00966	0.04864	0.00797	0.00546	0.00532	0.00165	0.02596	0.00485	0.00238	0.00579
21	0.00607	0.00434	0.00578	0.00694	0.00723	0.00405	0.00463	0.00694	0.00954	0.01272	0.02747	0.82157	0.03297	0.01562	0.00636	0.00202	0.00289	0.01417	0.00463	0.00405
22	0.00723	0.00492	0.00587	0.00587	0.00601	0.00507	0.00356	0.00752	0.00738	0.00998	0.01531	0.03045	0.01718	0.69365	0.15526	0.00536	0.00625	0.00693	0.00296	0.00326
23	0.01240	0.01071	0.01127	0.01014	0.01296	0.01240	0.00789	0.02649	0.78473	0.02085	0.02029	0.01860	0.01522	0.00676	0.00507	0.00169	0.00394	0.00564	0.00507	0.00789
24	0.00703	0.00508	0.00664	0.00629	0.00744	0.00469	0.00470	0.00935	0.01400	0.01981	0.77264	0.05619	0.04669	0.01032	0.00589	0.00158	0.00236	0.00914	0.00547	0.00469
25	0.01366	0.77727	0.02537	0.00880	0.01296	0.06908	0.00860	0.01524	0.01038	0.01176	0.00698	0.00806	0.00640	0.00432	0.00328	0.00108	0.00556	0.00270	0.00216	0.00636
26	0.01074	0.00885	0.01038	0.00743	0.01184	0.00667	0.00595	0.01295	0.01047	0.04256	0.00922	0.01056	0.00755	0.00377	0.00374	0.00077	0.00371	0.00302	0.00306	0.82676
27	0.01206	0.01414	0.06087	0.01950	0.03967	0.04695	0.61928	0.01713	0.08645	0.01627	0.01090	0.01360	0.00820	0.00452	0.00567	0.00166	0.00790	0.00562	0.00275	0.00685
28	0.01001	0.02474	0.74591	0.04972	0.02224	0.01158	0.03631	0.01565	0.01053	0.01565	0.00897	0.01072	0.00636	0.00473	0.00477	0.00158	0.00736	0.00377	0.00212	0.00727
29	0.00929	0.00465	0.00465	0.00465	0.00581	0.00465	0.00348	0.01161	0.01045	0.01858	0.01626	0.01858	0.01278	0.00581	0.00348	0.00116	0.00232	0.00465	0.85250	0.00465
30	0.01240	0.01071	0.01127	0.01014	0.01296	0.01240	0.00789	0.02649	0.78473	0.02085	0.02029	0.01860	0.01522	0.00676	0.00507	0.00169	0.00394	0.00564	0.00507	0.00789
31	0.00589	0.00505	0.00505	0.00505	0.00673	0.00421	0.00379	0.00715	0.01136	0.01347	0.05049	0.04797	0.79171	0.01262	0.00589	0.00168	0.00252	0.01052	0.00463	0.00421
32	0.02236	0.00848	0.01157	0.00887	0.01272	0.00733	0.00733	0.02429	0.01427	0.79719	0.01966	0.01697	0.01234	0.00617	0.00501	0.00154	0.00424	0.00501	0.00617	0.00848
33	0.00607	0.00434	0.00578	0.00694	0.00723	0.00405	0.00463	0.00694	0.00954	0.01272	0.02747	0.82157	0.03297	0.01562	0.00636	0.00202	0.00289	0.01417	0.00463	0.00405
34	0.02158	0.00974	0.01235	0.00947	0.01335	0.00920	0.00782	0.19739	0.01637	0.62111	0.01789	0.01582	0.01145	0.00613	0.00501	0.00153	0.00453	0.00489	0.00590	0.00848
35	0.01775	0.01903	0.04097	0.04779	0.01638	0.41881	0.01010	0.30129	0.01704	0.01950	0.00934	0.01041	0.00720	0.00557	0.00516	0.00142	0.03819	0.00380	0.00342	0.00681
36	0.00705	0.00510	0.00666	0.00627	0.00745	0.00470	0.00470	0.00941	0.01411	0.01999	0.79110	0.03723	0.04703	0.01019	0.00588	0.00157	0.00235	0.00901	0.00549	0.00470
37	0.00983	0.00937	0.01610	0.69461	0.11958	0.01122	0.04297	0.01315	0.01019	0.01326	0.00896	0.01319	0.00682	0.00489	0.00501	0.00164	0.00663	0.00449	0.00225	0.00585
38	0.01895	0.01396	0.01496	0.01147	0.01546	0.01546	0.00947	0.77711	0.02344	0.03141	0.01197	0.01197	0.00848	0.00598	0.00499	0.00150	0.00548	0.00449	0.00499	0.00848
39	0.00723	0.00489	0.00571	0.00571	0.00581	0.00498	0.00336	0.00742	0.00733	0.00987	0.01545	0.03123	0.01752	0.74080	0.10857	0.00517	0.00574	0.00704	0.00298	0.00317
40	0.86003	0.00964	0.00733	0.00655	0.00964	0.01118	0.00540	0.01465	0.00848	0.02236	0.00694	0.00810	0.00540	0.00463	0.00308	0.00154	0.00386	0.00270	0.00308	0.00540
41	0.01240	0.01071	0.01127	0.01014	0.01296	0.01240	0.00789	0.02649	0.78473	0.02085	0.02029	0.01860	0.01522	0.00676	0.00507	0.00169	0.00394	0.00564	0.00507	0.00789
42	0.01000	0.02578	0.79900	0.01421	0.02157	0.01158	0.01842	0.01579	0.01052	0.01579	0.00895	0.01052	0.00631	0.00474	0.00474	0.00158	0.00737	0.00368	0.00210	0.00737
43	0.01324	0.75196	0.07866	0.00903	0.01346	0.03969	0.00923	0.01511	0.01026	0.01202	0.00709	0.00819	0.00639	0.00432	0.00334	0.00111	0.00557	0.00275	0.00214	0.00645
44	0.00941	0.00886	0.01495	0.81285	0.03433	0.01107	0.01384	0.01274	0.00997	0.01274	0.00886	0.01329	0.00664	0.00498	0.00498	0.00166	0.00664	0.00443	0.00221	0.00554
45	0.01041	0.10613	0.66331	0.01361	0.02047	0.01225	0.04374	0.01558	0.01052	0.01540	0.00878	0.01036	0.00641	0.00463	0.00458	0.00150	0.00706	0.00363	0.00215	0.03948
46	0.01220	0.01003	0.01079	0.00968	0.01237	0.01139	0.00753	0.02459	0.67403	0.04974	0.10222	0.02052	0.01849	0.00710	0.00516	0.00167	0.00379	0.00597	0.00516	0.00757
47	0.01168	0.01381	0.10324	0.04551	0.06120	0.01171	0.51783	0.01605	0.03884	0.03472	0.01037	0.01306	0.00779	0.00438	0.00543	0.00157	0.00741	0.00523	0.00268	0.08748
48	0.00794	0.00629	0.00706	0.00708	0.00756	0.05575	0.00485	0.00876	0.00837	0.01120	0.01609	0.14928	0.01758	0.37745	0.23123	0.00482	0.03571	0.00737	0.03175	0.00388
49	0.01079	0.00923	0.01315	0.02958	0.04366	0.00761	0.11262	0.01334	0.01110	0.05042	0.08506	0.01380	0.01145	0.00456	0.00434	0.00103	0.00439	0.00412	0.00324	0.56650
50	0.00675	0.00508	0.00624	0.00595	0.00726	0.00457	0.00446	0.00882	0.01339	0.01828	0.59712	0.04005	0.24208	0.01083	0.00588	0.00160	0.00240	0.00941	0.00526	0.00457
51	0.01751	0.00852	0.01099	0.00834	0.01231	0.00702	0.00684	0.01955	0.01275	0.48712	0.01601	0.01600	0.01114	0.00555	0.00460	0.00128	0.00406	0.03168	0.00495	0.31377
52	0.01344	0.00876	0.01065	0.00777	0.01205	0.00682	0.00627	0.01558	0.01135	0.21768	0.01165	0.01205	0.00866	0.00433	0.00403	0.00095	0.00383	0.00348	0.00378	0.63687
53	0.01171	0.01329	0.02852	0.02051	0.02524	0.01277	0.72755	0.01572	0.01150	0.01572	0.00986	0.01329	0.00750	0.00449	0.00654	0.00171	0.05916	0.00579	0.00250	0.00664
54	0.01766	0.01933	0.04819	0.01202	0.01539	0.43965	0.00967	0.26857	0.03140	0.01913	0.00948	0.01031	0.00733	0.00533	0.00462	0.00134	0.00730	0.00368	0.00342	0.06620
55	0.06500	0.01394	0.07941	0.01925	0.02424	0.01244	0.64817	0.01625	0.03949	0.01653	0.01018	0.01310	0.00762	0.00436	0.00560	0.00167	0.00789	0.00552	0.00262	0.00673
56	0.00715	0.00541	0.00640	0.00609	0.00751	0.00504	0.00458	0.00993	0.06160	0.01809	0.49389	0.03834	0.25915	0.01049	0.00573	0.00159	0.00250	0.00904	0.04270	0.00476
57	0.00713	0.00532	0.00790	0.00790	0.00875	0.00617	0.00609	0.00883	0.00798	0.01149	0.01345	0.02015	0.01271	0.07160	0.77119	0.00787	0.01298	0.00542	0.00269	0.00439
58	0.01244	0.53625	0.27719	0.01054	0.01575	0.04692	0.01179	0.01539	0.01041	0.01307	0.00761	0.00886	0.00637	0.00445	0.00375	0.00124	0.00613	0.00302	0.00214	0.00669
59	0.00713	0.00531	0.00785	0.00785	0.00868	0.00614	0.00603	0.00880	0.00796	0.01145	0.01350	0.02040	0.01282	0.08689	0.75605	0.00781	0.01282	0.00546	0.00269	0.00436
60	0.00589	0.00505	0.00505	0.00505	0.00673	0.00421	0.00379	0.00715	0.01136	0.01347	0.05049	0.04797	0.79171	0.01262	0.00589	0.00168	0.00252	0.01052	0.00463	0.00421
61	0.00620	0.00443	0.00593	0.00708	0.00742	0.00415	0.00484	0.00715	0.00966	0.01286	0.02740	0.77345	0.03270	0.01550	0.00639	0.00204	0.00300	0.06107	0.00462	0.00408
62	0.00725	0.00483	0.00544	0.00544	0.00544	0.00483	0.00302	0.00725	0.00725	0.00966	0.01571	0.03262	0.01812	0.82483	0.02537	0.00483	0.00483	0.00725	0.00302	0.00302
63	0.00941	0.00886	0.01495	0.81285	0.03433	0.01107	0.01384	0.01274	0.00997	0.01274	0.00886	0.01329	0.00664	0.00498	0.00498	0.00166	0.00664	0.00443	0.00221	0.00554
64	0.83039	0.00960	0.00748	0.00664	0.00975	0.01105	0.00547	0.01499	0.00869	0.04979	0.00739	0.00841	0.00564	0.00468	0.00315	0.00154	0.00387	0.00278	0.00319	0.00551
65	0.01853	0.01375	0.01472	0.01138	0.01530	0.01526	0.00937	0.72919	0.07204	0.03074	0.01250	0.01239	0.00891	0.00603	0.00499	0.00151	0.00539	0.00456	0.00499	0.00844
66	0.01333	0.82783	0.02612	0.00853	0.01279	0.01972	0.00853	0.01493	0.01013	0.01173	0.00693	0.00800	0.00640	0.00426	0.00320	0.00107	0.00533	0.00267	0.00213	0.00640
67	0.00589	0.00505	0.00505	0.00505	0.00673	0.00421	0.00379	0.00715	0.01136	0.01347	0.05049	0.04797	0.79171	0.01262	0.00589	0.00168	0.00252	0.01052	0.00463	0.00421
68	0.01234	0.01184	0.02023	0.03059	0.79373	0.01184	0.01530	0.01530	0.01135	0.01628	0.00938	0.01234	0.00790	0.00444	0.00493	0.00148	0.00592	0.00444	0.00247	0.00790
69	0.01333	0.82783	0.02612	0.00853	0.01279	0.01972	0.00853	0.01493	0.01013	0.01173	0.00693	0.00800	0.00640	0.00426	0.00320	0.00107	0.00533	0.00267	0.00213	0.00640
70	0.00589	0.00505	0.00505	0.00505	0.00673	0.00421	0.00379	0.00715	0.01136	0.01347	0.05049	0.04797	0.79171	0.01262	0.00589	0.00168	0.00252	0.01052	0.00463	0.00421
71	0.01010	0.00944	0.01580	0.68812	0.11009	0.01134	0.03061	0.04012	0.01062	0.01383	0.00905	0.01315	0.00686	0.00495	0.00500	0.00164	0.00657	0.00446	0.00235	0.00591
72	0.00702	0.00509	0.00662	0.00624	0.00743	0.00469	0.00468	0.00935	0.01404	0.01982	0.77153	0.03752	0.06671	0.01025	0.00588	0.00157	0.00236	0.00905	0.00546	0.00469
73	0.00678	0.00501	0.00634	0.00624	0.00738	0.00457	0.00464	0.00877	0.01304	0.01793	0.55959	0.13764	0.16109	0.01134	0.00597	0.00166	0.00251	0.02974	0.00522	0.00454
74	0.03631	0.02115	0.01363	0.01214	0.01493	0.64195	0.00921	0.06740	0.06381	0.01441	0.00883	0.00985	0.00715	0.00520	0.00449	0.00130	0.00803	0.00342	0.00291	0.05388
75	0.03528	0.02124	0.01360	0.01211	0.01490	0.65196	0.00917	0.05477	0.05406	0.01405	0.00862	0.00970	0.00702	0.00514	0.00446	0.00128	0.00807	0.00337	0.00285	0.06837

[dist]
# distance from previous block
# <min> <max>
1	7

[block]
# block no. 1 follows, 50 sequences, length 18
# corresponding to MSA columns:
# 172-189
name=unknown_B
#
# <colnr> <probs for GDERKNQSTAVLIFYWHMCP>
#	G	D	E	R	K	N	Q	S	T	A	V	L	I	F	Y	W	H	M	C	P
0	0.00848	0.00683	0.00848	0.00762	0.00937	0.00665	0.00589	0.00997	0.01036	0.03839	0.08334	0.19470	0.19118	0.03168	0.00759	0.00170	0.12688	0.03980	0.00393	0.20715
1	0.00937	0.00753	0.00931	0.00785	0.01059	0.00650	0.00613	0.01114	0.01014	0.03528	0.01539	0.22940	0.01602	0.00811	0.00559	0.00133	0.06025	0.06968	0.00356	0.47682
2	0.01770	0.02228	0.01364	0.01245	0.01489	0.74086	0.00936	0.01902	0.01364	0.01215	0.00816	0.00984	0.00690	0.00772	0.06861	0.00182	0.00934	0.00338	0.00258	0.00567
3	0.01333	0.82783	0.02612	0.00853	0.01279	0.01972	0.00853	0.01493	0.01013	0.01173	0.00693	0.00800	0.00640	0.00426	0.00320	0.00107	0.00533	0.00267	0.00213	0.00640
4	0.01034	0.00886	0.01034	0.00738	0.01181	0.00664	0.00591	0.01255	0.01034	0.01624	0.00886	0.01034	0.00738	0.00369	0.00369	0.00074	0.00369	0.00295	0.00295	0.85530
5	0.02236	0.00848	0.01157	0.00887	0.01272	0.00733	0.00733	0.02429	0.01427	0.79719	0.01966	0.01697	0.01234	0.00617	0.00501	0.00154	0.00424	0.00501	0.00617	0.00848
6	0.00589	0.00505	0.00505	0.00505	0.00673	0.00421	0.00379	0.00715	0.01136	0.01347	0.05049	0.04797	0.79171	0.01262	0.00589	0.00168	0.00252	0.01052	0.00463	0.00421
7	0.00739	0.00531	0.00718	0.00757	0.00866	0.00509	0.00612	0.00960	0.01262	0.01724	0.40356	0.10815	0.03808	0.01215	0.00635	0.00191	0.00335	0.33003	0.00504	0.00460
8	0.01190	0.08185	0.02914	0.01996	0.02494	0.01320	0.71120	0.01588	0.01163	0.01561	0.00982	0.01299	0.00747	0.00421	0.00566	0.00163	0.00815	0.00561	0.00249	0.00670
9	0.00853	0.00595	0.00895	0.00895	0.01028	0.00576	0.05953	0.01046	0.01103	0.06906	0.08708	0.27987	0.02754	0.01483	0.07349	0.00254	0.00486	0.30196	0.00448	0.00484
10	0.01465	0.01198	0.01588	0.01248	0.01587	0.01309	0.14567	0.30775	0.22297	0.05074	0.06757	0.01585	0.01278	0.00636	0.00602	0.00163	0.06135	0.00537	0.00445	0.00754
11	0.08088	0.00631	0.00768	0.00722	0.00883	0.00618	0.00554	0.06390	0.01325	0.09491	0.40061	0.18474	0.03363	0.01032	0.00565	0.00169	0.00312	0.05518	0.00509	0.00526
12	0.08341	0.01070	0.01666	0.01224	0.01658	0.00974	0.26014	0.03640	0.07329	0.07138	0.01085	0.01234	0.00827	0.00442	0.00460	0.00127	0.00537	0.00430	0.00327	0.35478
13	0.01261	0.01205	0.01127	0.00866	0.01267	0.17107	0.00681	0.03472	0.01157	0.03783	0.00901	0.01029	0.00735	0.00412	0.00393	0.00089	0.00484	0.00310	0.00302	0.63418
14	0.16884	0.01263	0.01346	0.01072	0.01435	0.07470	0.06593	0.29546	0.13319	0.08578	0.01225	0.01244	0.00895	0.00551	0.00460	0.00148	0.00523	0.00428	0.00423	0.06598
15	0.01056	0.00786	0.01142	0.01021	0.01242	0.00768	0.10275	0.10322	0.03638	0.07073	0.02105	0.24464	0.02176	0.01070	0.00598	0.00187	0.00461	0.24683	0.00440	0.06493
16	0.36330	0.00953	0.00986	0.00858	0.01128	0.02269	0.02225	0.08289	0.04149	0.04709	0.01229	0.07150	0.01128	0.00692	0.00531	0.00162	0.07113	0.09108	0.00361	0.10630
17	0.12476	0.01270	0.01840	0.01558	0.09460	0.08659	0.27922	0.11035	0.04408	0.04030	0.04309	0.01493	0.01024	0.00536	0.00506	0.00155	0.00633	0.03595	0.00333	0.04758

[dist]
# distance from previous block
# <min> <max>
50	156

[block]
# block no. 2 follows, 50 sequences, length 6
# corresponding to MSA columns:
# 417-422
name=unknown_C
#
# <colnr> <probs for GDERKNQSTAVLIFYWHMCP>
#	G	D	E	R	K	N	Q	S	T	A	V	L	I	F	Y	W	H	M	C	P
0	0.14237	0.03369	0.04378	0.07028	0.18741	0.01162	0.06871	0.17867	0.03842	0.06384	0.03790	0.07848	0.01125	0.00609	0.00484	0.00157	0.00527	0.00523	0.00363	0.00694
1	0.09904	0.05373	0.01351	0.03824	0.14777	0.04725	0.08058	0.04082	0.01219	0.01767	0.22692	0.04269	0.03910	0.00702	0.00504	0.00150	0.00467	0.04380	0.00370	0.07475
2	0.01051	0.00882	0.01148	0.07136	0.01355	0.05890	0.07702	0.01355	0.09128	0.07773	0.01880	0.27702	0.04444	0.02497	0.00682	0.00179	0.07449	0.02780	0.00389	0.08581
3	0.08357	0.40862	0.09152	0.01003	0.01426	0.09138	0.00952	0.20594	0.01373	0.01793	0.00845	0.00932	0.00683	0.00485	0.00390	0.00128	0.00578	0.00327	0.00296	0.00687
4	0.00862	0.00966	0.08989	0.00853	0.01006	0.12172	0.00696	0.01017	0.01045	0.01299	0.02319	0.40289	0.08143	0.08657	0.00768	0.00213	0.00459	0.09393	0.00391	0.00462
5	0.09611	0.00634	0.00793	0.00980	0.12204	0.00610	0.00618	0.00926	0.01049	0.01466	0.03105	0.28556	0.30372	0.01163	0.00567	0.00179	0.00341	0.05929	0.00415	0.00484

[dist]
# distance from previous block
# <min> <max>
2	8

[block]
# block no. 3 follows, 50 sequences, length 7
# corresponding to MSA columns:
# 431-437
name=unknown_D
#
# <colnr> <probs for GDERKNQSTAVLIFYWHMCP>
#	G	D	E	R	K	N	Q	S	T	A	V	L	I	F	Y	W	H	M	C	P
0	0.01895	0.01396	0.01496	0.01147	0.01546	0.01546	0.00947	0.77711	0.02344	0.03141	0.01197	0.01197	0.00848	0.00598	0.00499	0.00150	0.00548	0.00449	0.00499	0.00848
1	0.00941	0.00886	0.01495	0.81285	0.03433	0.01107	0.01384	0.01274	0.00997	0.01274	0.00886	0.01329	0.00664	0.00498	0.00498	0.00166	0.00664	0.00443	0.00221	0.00554
2	0.01781	0.01334	0.01433	0.01106	0.01500	0.01457	0.00909	0.66319	0.08047	0.02948	0.01237	0.01235	0.00891	0.00587	0.00490	0.00145	0.00523	0.00446	0.00484	0.07127
3	0.21361	0.01125	0.01087	0.00949	0.01254	0.04540	0.00752	0.10345	0.45296	0.05749	0.01570	0.01494	0.01168	0.00608	0.00457	0.00161	0.00431	0.00469	0.00454	0.00730
4	0.01240	0.01071	0.01127	0.01014	0.01296	0.01240	0.00789	0.02649	0.78473	0.02085	0.02029	0.01860	0.01522	0.00676	0.00507	0.00169	0.00394	0.00564	0.00507	0.00789
5	0.01034	0.00886	0.01034	0.00738	0.01181	0.00664	0.00591	0.01255	0.01034	0.01624	0.00886	0.01034	0.00738	0.00369	0.00369	0.00074	0.00369	0.00295	0.00295	0.85530
6	0.07284	0.00978	0.01173	0.00981	0.01280	0.04338	0.06561	0.08427	0.18855	0.23409	0.04164	0.08005	0.07763	0.00763	0.00521	0.00165	0.00450	0.03703	0.00485	0.00695

[dist]
# distance from previous block
# <min> <max>
2	9

[block]
# block no. 4 follows, 50 sequences, length 12
# corresponding to MSA columns:
# 447-458
name=unknown_E
#
# <colnr> <probs for GDERKNQSTAVLIFYWHMCP>
#	G	D	E	R	K	N	Q	S	T	A	V	L	I	F	Y	W	H	M	C	P
0	0.01167	0.01114	0.01751	0.02532	0.61329	0.04200	0.01310	0.01439	0.01169	0.01644	0.10359	0.04256	0.01336	0.00551	0.00503	0.00147	0.00543	0.00522	0.00292	0.03836
1	0.01895	0.01396	0.01496	0.01147	0.01546	0.01546	0.00947	0.77711	0.02344	0.03141	0.01197	0.01197	0.00848	0.00598	0.00499	0.00150	0.00548	0.00449	0.00499	0.00848
2	0.12911	0.00897	0.00992	0.00727	0.01151	0.00728	0.00584	0.01284	0.01008	0.01710	0.00859	0.01002	0.00711	0.00382	0.00361	0.00085	0.00371	0.00292	0.00297	0.73650
3	0.01403	0.01152	0.01219	0.01047	0.01358	0.01316	0.00828	0.21316	0.59540	0.02348	0.01822	0.01695	0.01354	0.00657	0.00505	0.00164	0.00433	0.00535	0.00505	0.00804
4	0.01302	0.00778	0.00938	0.00841	0.01086	0.03578	0.00683	0.03379	0.04663	0.24504	0.08899	0.05798	0.06470	0.04149	0.00634	0.00181	0.00418	0.21325	0.00485	0.09887
5	0.01272	0.68144	0.16719	0.00957	0.01440	0.01824	0.01033	0.01508	0.01020	0.01247	0.00730	0.00846	0.00638	0.00435	0.00348	0.00116	0.00570	0.00285	0.00213	0.00657
6	0.01051	0.01023	0.02014	0.01543	0.01890	0.00966	0.45223	0.01403	0.04032	0.04871	0.01809	0.15738	0.06286	0.00788	0.00601	0.00180	0.00635	0.09001	0.00348	0.00600
7	0.51178	0.01076	0.00916	0.00791	0.01102	0.06929	0.00639	0.08561	0.07307	0.10624	0.01251	0.01270	0.05435	0.00560	0.00390	0.00154	0.00435	0.00385	0.00381	0.00617
8	0.01013	0.00760	0.01052	0.00885	0.01123	0.00740	0.09784	0.01483	0.17084	0.10320	0.29677	0.03066	0.19169	0.00885	0.00562	0.00163	0.00365	0.00783	0.00494	0.00590
9	0.01165	0.01321	0.02868	0.06119	0.02647	0.01253	0.73697	0.01580	0.01167	0.01580	0.01002	0.01344	0.00752	0.00424	0.00584	0.00168	0.00831	0.00581	0.00251	0.00666
10	0.01203	0.00883	0.01422	0.01120	0.01415	0.00855	0.20844	0.01678	0.14380	0.15779	0.28435	0.02341	0.02361	0.00713	0.00549	0.00160	0.00455	0.00672	0.04095	0.00645
11	0.29797	0.01445	0.01519	0.01216	0.01568	0.21453	0.18350	0.08556	0.03113	0.07163	0.00949	0.01075	0.00714	0.00494	0.00444	0.00151	0.00638	0.00395	0.00325	0.00634

[dist]
# distance from previous block
# <min> <max>
35	107

[block]
# block no. 5 follows, 50 sequences, length 18
# corresponding to MSA columns:
# 657-674
name=unknown_F
#
# <colnr> <probs for GDERKNQSTAVLIFYWHMCP>
#	G	D	E	R	K	N	Q	S	T	A	V	L	I	F	Y	W	H	M	C	P
0	0.16103	0.07298	0.01555	0.04539	0.01528	0.13206	0.14102	0.02766	0.01064	0.05041	0.01068	0.05302	0.00968	0.02578	0.02268	0.00187	0.14841	0.04710	0.00296	0.00578
1	0.17575	0.01151	0.01397	0.09091	0.01619	0.13227	0.15411	0.01420	0.01844	0.02817	0.01150	0.05929	0.01061	0.05350	0.02793	0.00196	0.05014	0.06011	0.00300	0.06644
2	0.23576	0.03067	0.01544	0.10361	0.01757	0.11965	0.19492	0.03171	0.01137	0.05132	0.05622	0.01325	0.02438	0.00514	0.00457	0.00149	0.00595	0.00443	0.00309	0.06948
3	0.29627	0.01299	0.01399	0.10531	0.01694	0.17290	0.14209	0.04851	0.01141	0.03533	0.01025	0.01251	0.03221	0.00517	0.00440	0.00150	0.00607	0.01840	0.00300	0.05074
4	0.26543	0.05743	0.01606	0.06081	0.01666	0.13492	0.21055	0.01530	0.02949	0.01662	0.01047	0.03637	0.02245	0.00601	0.01667	0.00167	0.03228	0.02968	0.00288	0.01826
5	0.17725	0.01347	0.01490	0.14416	0.01857	0.19632	0.14299	0.05766	0.03576	0.01671	0.00960	0.01260	0.00776	0.00566	0.01891	0.00159	0.00658	0.02824	0.00292	0.08835
6	0.30471	0.01133	0.01334	0.02448	0.01414	0.11674	0.16554	0.01410	0.01001	0.01655	0.01007	0.01487	0.00890	0.04993	0.10764	0.00256	0.03635	0.04536	0.00287	0.03048
7	0.16551	0.01600	0.01659	0.10632	0.01901	0.32073	0.19597	0.03065	0.01215	0.04165	0.00878	0.01076	0.00680	0.00482	0.00465	0.00147	0.00733	0.00399	0.00278	0.02404
8	0.14633	0.01055	0.01477	0.44681	0.02555	0.05972	0.09232	0.03753	0.01063	0.01551	0.00871	0.01188	0.00666	0.00476	0.00462	0.00153	0.00620	0.00409	0.00257	0.08928
9	0.59037	0.01061	0.01056	0.08651	0.05639	0.05124	0.04167	0.01465	0.00921	0.01966	0.00746	0.00930	0.00590	0.00484	0.00424	0.00156	0.04506	0.00322	0.00287	0.02468
10	0.58050	0.01176	0.00926	0.00808	0.01117	0.11638	0.00650	0.08448	0.03502	0.06774	0.00906	0.02512	0.00706	0.00519	0.00368	0.00152	0.00469	0.00338	0.00346	0.00596
11	0.00876	0.00479	0.00690	0.00683	0.00707	0.00496	0.00469	0.00787	0.05280	0.00961	0.00972	0.01570	0.00935	0.01827	0.08036	0.73777	0.00502	0.00449	0.00238	0.00268
12	0.13435	0.01125	0.01048	0.10316	0.01399	0.16893	0.00782	0.04303	0.10291	0.06369	0.15750	0.02171	0.06583	0.00733	0.00515	0.00159	0.01827	0.05320	0.00398	0.00582
13	0.13247	0.01477	0.01346	0.03385	0.01501	0.31317	0.10069	0.01665	0.05062	0.03331	0.02538	0.01778	0.01108	0.00628	0.00482	0.00151	0.00652	0.11564	0.00322	0.08377
14	0.01199	0.01176	0.01632	0.41430	0.02560	0.12153	0.10724	0.01471	0.01071	0.05964	0.00917	0.01249	0.00708	0.00546	0.00660	0.00165	0.12148	0.00442	0.00256	0.03529
15	0.28650	0.01074	0.01330	0.28080	0.02046	0.06747	0.08482	0.01485	0.03243	0.03752	0.00881	0.01125	0.00677	0.00492	0.00473	0.00154	0.03427	0.00386	0.00280	0.07216
16	0.31537	0.01378	0.01231	0.12364	0.01624	0.23416	0.05048	0.04937	0.01157	0.06378	0.00870	0.01022	0.00665	0.00489	0.00414	0.00144	0.00603	0.00349	0.00304	0.06072
17	0.21622	0.01026	0.01006	0.03724	0.01219	0.11756	0.02853	0.05545	0.01175	0.04017	0.08216	0.02356	0.05523	0.00858	0.03269	0.00182	0.01551	0.15067	0.00370	0.08664

[dist]
# distance from previous block
# <min> <max>
6	52

[block]
# block no. 6 follows, 50 sequences, length 36
# corresponding to MSA columns:
# 738-762,764-774
name=unknown_G
#
# <colnr> <probs for GDERKNQSTAVLIFYWHMCP>
#	G	D	E	R	K	N	Q	S	T	A	V	L	I	F	Y	W	H	M	C	P
0	0.20661	0.03250	0.01296	0.11672	0.07299	0.11234	0.05457	0.01659	0.05667	0.12342	0.03465	0.03324	0.01953	0.00548	0.00446	0.00147	0.00530	0.00439	0.00346	0.08264
1	0.06780	0.01108	0.01550	0.11750	0.37799	0.06584	0.01157	0.01569	0.01159	0.10749	0.05578	0.01373	0.01023	0.00503	0.00473	0.00143	0.00546	0.00442	0.00314	0.09401
2	0.04641	0.01167	0.01416	0.09476	0.07854	0.11826	0.09453	0.03829	0.01170	0.06059	0.02317	0.01271	0.02848	0.00473	0.00446	0.00121	0.00547	0.00404	0.00307	0.34373
3	0.03035	0.01122	0.01837	0.13916	0.48005	0.01155	0.06585	0.03890	0.06267	0.04676	0.01048	0.01297	0.00829	0.00475	0.00494	0.00151	0.00586	0.00455	0.00286	0.03893
4	0.01680	0.02050	0.01555	0.01549	0.12941	0.59568	0.04957	0.01854	0.01335	0.01326	0.00815	0.00980	0.00676	0.00489	0.00458	0.00130	0.00816	0.00351	0.00258	0.06212
5	0.01268	0.01061	0.01278	0.01315	0.14411	0.01124	0.00888	0.08388	0.42117	0.04090	0.01620	0.03146	0.01270	0.00610	0.00488	0.00150	0.00436	0.01865	0.00431	0.14042
6	0.00611	0.00459	0.00568	0.00651	0.00722	0.00416	0.00454	0.00714	0.01013	0.01302	0.03379	0.57500	0.24257	0.01471	0.00625	0.00194	0.00286	0.04502	0.00463	0.00412
7	0.01234	0.01184	0.02023	0.03059	0.79373	0.01184	0.01530	0.01530	0.01135	0.01628	0.00938	0.01234	0.00790	0.00444	0.00493	0.00148	0.00592	0.00444	0.00247	0.00790
8	0.00725	0.00483	0.00544	0.00544	0.00544	0.00483	0.00302	0.00725	0.00725	0.00966	0.01571	0.03262	0.01812	0.82483	0.02537	0.00483	0.00483	0.00725	0.00302	0.00302
9	0.01157	0.45121	0.34830	0.01082	0.01619	0.01553	0.01247	0.01489	0.01026	0.01347	0.00880	0.04978	0.00769	0.00503	0.00400	0.00133	0.00606	0.00367	0.00225	0.00668
10	0.07691	0.01916	0.06719	0.01374	0.05720	0.41831	0.07630	0.16808	0.01494	0.01751	0.00948	0.01073	0.01812	0.00523	0.00467	0.00141	0.00752	0.00386	0.00307	0.00656
11	0.01282	0.70673	0.14282	0.00939	0.01412	0.01849	0.01002	0.01506	0.01019	0.01234	0.00723	0.00838	0.00638	0.00434	0.00343	0.00114	0.00564	0.00282	0.00213	0.00654
12	0.00716	0.00520	0.00731	0.00731	0.00796	0.00585	0.00536	0.00845	0.00780	0.01105	0.01399	0.02312	0.01400	0.25126	0.59330	0.00715	0.01104	0.00586	0.00277	0.00406
13	0.01333	0.82783	0.02612	0.00853	0.01279	0.01972	0.00853	0.01493	0.01013	0.01173	0.00693	0.00800	0.00640	0.00426	0.00320	0.00107	0.00533	0.00267	0.00213	0.00640
14	0.00725	0.00483	0.00544	0.00544	0.00544	0.00483	0.00302	0.00725	0.00725	0.00966	0.01571	0.03262	0.01812	0.82483	0.02537	0.00483	0.00483	0.00725	0.00302	0.00302
15	0.01048	0.14233	0.68669	0.01338	0.02030	0.01276	0.01698	0.01566	0.01047	0.01520	0.00865	0.01016	0.00633	0.00467	0.00451	0.00150	0.00707	0.00354	0.00211	0.00723
16	0.01185	0.01321	0.02808	0.02240	0.13760	0.01249	0.66515	0.01587	0.01170	0.01601	0.00998	0.01328	0.00761	0.00424	0.00574	0.00165	0.00804	0.00567	0.00251	0.00689
17	0.02236	0.00848	0.01157	0.00887	0.01272	0.00733	0.00733	0.02429	0.01427	0.79719	0.01966	0.01697	0.01234	0.00617	0.00501	0.00154	0.00424	0.00501	0.00617	0.00848
18	0.01862	0.02376	0.01413	0.01284	0.01541	0.80482	0.00963	0.01990	0.01413	0.01220	0.00770	0.00899	0.00642	0.00514	0.00449	0.00128	0.00899	0.00321	0.00257	0.00578
19	0.01433	0.01305	0.01251	0.01136	0.04229	0.13063	0.00857	0.17034	0.45470	0.02141	0.05497	0.01658	0.01392	0.00645	0.00500	0.00158	0.00499	0.00518	0.00461	0.00753
20	0.01088	0.02017	0.47089	0.01941	0.20931	0.01183	0.15501	0.01570	0.01095	0.01594	0.00926	0.01149	0.00692	0.00457	0.00499	0.00157	0.00720	0.00427	0.00227	0.00738
21	0.00725	0.00483	0.00544	0.00544	0.00544	0.00483	0.00302	0.00725	0.00725	0.00966	0.01571	0.03262	0.01812	0.82483	0.02537	0.00483	0.00483	0.00725	0.00302	0.00302
22	0.01024	0.05451	0.71967	0.01445	0.02155	0.01194	0.06810	0.01577	0.01059	0.01565	0.00895	0.01062	0.00640	0.00468	0.00475	0.00157	0.00736	0.00379	0.00213	0.00729
23	0.01042	0.02515	0.73970	0.01400	0.02102	0.04221	0.01769	0.01634	0.03918	0.01583	0.00931	0.01076	0.00665	0.00483	0.00474	0.00157	0.00730	0.00374	0.00223	0.00732
24	0.00617	0.00451	0.00584	0.00686	0.00736	0.00417	0.00474	0.00718	0.00988	0.01295	0.03011	0.68316	0.12183	0.01515	0.00634	0.00200	0.00295	0.06008	0.00462	0.00410
25	0.00936	0.00863	0.01422	0.67746	0.07964	0.01041	0.01286	0.01248	0.01017	0.01324	0.01194	0.01573	0.05885	0.00549	0.00498	0.00163	0.00615	0.00484	0.03635	0.00556
26	0.05124	0.01356	0.01437	0.01230	0.06615	0.05401	0.00939	0.60092	0.03616	0.02786	0.01281	0.04252	0.02316	0.00628	0.00495	0.00151	0.00544	0.00484	0.00460	0.00793
27	0.01209	0.01296	0.02634	0.04745	0.19992	0.01249	0.55116	0.04398	0.01205	0.01651	0.00996	0.01313	0.00764	0.00435	0.00561	0.00163	0.00768	0.00546	0.00259	0.00702
28	0.00618	0.00443	0.00570	0.00667	0.00702	0.00414	0.00441	0.00698	0.00944	0.01247	0.02784	0.69252	0.08190	0.09508	0.00820	0.00228	0.00306	0.01325	0.00447	0.00396
29	0.09190	0.01008	0.01211	0.00939	0.01320	0.00991	0.00775	0.22376	0.03119	0.51309	0.01656	0.01492	0.01078	0.00600	0.00484	0.00153	0.00453	0.00469	0.00557	0.00821
30	0.01248	0.01175	0.01961	0.08131	0.70356	0.01198	0.01490	0.05427	0.01188	0.01683	0.00947	0.01238	0.00784	0.00456	0.00494	0.00149	0.00595	0.00444	0.00258	0.00777
31	0.01054	0.00782	0.00904	0.00867	0.01060	0.00838	0.00664	0.01787	0.36846	0.07936	0.09336	0.22987	0.04092	0.01006	0.00565	0.00181	0.00358	0.07607	0.00503	0.00628
32	0.01234	0.01184	0.02023	0.03059	0.79373	0.01184	0.01530	0.01530	0.01135	0.01628	0.00938	0.01234	0.00790	0.00444	0.00493	0.00148	0.00592	0.00444	0.00247	0.00790
33	0.00625	0.00502	0.00559	0.00564	0.00706	0.00436	0.00421	0.00777	0.01185	0.01500	0.22485	0.11733	0.52022	0.01235	0.00596	0.00171	0.00258	0.03309	0.00483	0.00432
34	0.18642	0.40340	0.12875	0.00917	0.01357	0.01522	0.00923	0.07096	0.01125	0.09872	0.00892	0.00960	0.00696	0.00473	0.00371	0.00132	0.00521	0.00319	0.00295	0.00670
35	0.13742	0.27253	0.18959	0.01001	0.01456	0.02837	0.01016	0.11544	0.05200	0.08572	0.02273	0.01094	0.00815	0.00504	0.00408	0.00139	0.00541	0.00361	0.00321	0.01964

[dist]
# distance from previous block
# <min> <max>
6	103

[block]
# block no. 7 follows, 50 sequences, length 15
# corresponding to MSA columns:
# 881-895
name=unknown_H
#
# <colnr> <probs for GDERKNQSTAVLIFYWHMCP>
#	G	D	E	R	K	N	Q	S	T	A	V	L	I	F	Y	W	H	M	C	P
0	0.01404	0.68246	0.08105	0.00898	0.01343	0.01781	0.00912	0.01598	0.01060	0.09519	0.00843	0.00913	0.00702	0.00450	0.00350	0.00115	0.00536	0.00299	0.00256	0.00669
1	0.01931	0.01338	0.01460	0.01119	0.01517	0.01460	0.00925	0.69740	0.02246	0.11250	0.01278	0.01250	0.00889	0.00600	0.00499	0.00150	0.00535	0.00454	0.00511	0.00848
2	0.86003	0.00964	0.00733	0.00655	0.00964	0.01118	0.00540	0.01465	0.00848	0.02236	0.00694	0.00810	0.00540	0.00463	0.00308	0.00154	0.00386	0.00270	0.00308	0.00540
3	0.01862	0.02376	0.01413	0.01284	0.01541	0.80482	0.00963	0.01990	0.01413	0.01220	0.00770	0.00899	0.00642	0.00514	0.00449	0.00128	0.00899	0.00321	0.00257	0.00578
4	0.01000	0.02578	0.79900	0.01421	0.02157	0.01158	0.01842	0.01579	0.01052	0.01579	0.00895	0.01052	0.00631	0.00474	0.00474	0.00158	0.00737	0.00368	0.00210	0.00737
5	0.01240	0.01071	0.01127	0.01014	0.01296	0.01240	0.00789	0.02649	0.78473	0.02085	0.02029	0.01860	0.01522	0.00676	0.00507	0.00169	0.00394	0.00564	0.00507	0.00789
6	0.77806	0.00920	0.00726	0.00653	0.00943	0.01056	0.00533	0.01415	0.00902	0.02214	0.08230	0.01090	0.00940	0.00516	0.00335	0.00154	0.00371	0.00331	0.00332	0.00533
7	0.01525	0.00936	0.09368	0.00880	0.01227	0.00700	0.03769	0.01761	0.01319	0.42020	0.13535	0.02506	0.16709	0.00777	0.00531	0.00158	0.00413	0.00655	0.00520	0.00692
8	0.65195	0.11552	0.04375	0.00712	0.01040	0.01183	0.00631	0.01435	0.00919	0.02054	0.06432	0.01032	0.00861	0.00499	0.00337	0.00148	0.00409	0.00320	0.00310	0.00556
9	0.10110	0.04665	0.48018	0.01254	0.01777	0.11039	0.01425	0.01540	0.01049	0.01543	0.01006	0.01165	0.04004	0.00550	0.00570	0.00159	0.08844	0.00385	0.00238	0.00660
10	0.28089	0.09184	0.09197	0.00984	0.01320	0.11031	0.02201	0.01654	0.08360	0.05325	0.00926	0.01047	0.00731	0.00534	0.00539	0.00149	0.10154	0.00352	0.00303	0.07920
11	0.04380	0.02143	0.61221	0.01253	0.01881	0.01044	0.01539	0.01538	0.01096	0.05470	0.08456	0.01330	0.01054	0.00527	0.00474	0.00153	0.00640	0.00418	0.00271	0.05112
12	0.01054	0.01404	0.19855	0.01113	0.01512	0.06748	0.07673	0.01401	0.04564	0.01540	0.04593	0.06143	0.04699	0.00615	0.00594	0.00141	0.09119	0.00494	0.00299	0.26439
13	0.01207	0.07452	0.50968	0.01285	0.01849	0.01233	0.01491	0.05394	0.05138	0.09124	0.01032	0.01150	0.00749	0.00543	0.00592	0.00161	0.09225	0.00396	0.00280	0.00729
14	0.07229	0.09316	0.57373	0.01237	0.01837	0.01166	0.01500	0.03692	0.01062	0.01607	0.01049	0.08811	0.00888	0.00577	0.00464	0.00157	0.00645	0.00455	0.00250	0.00685

[dist]
# distance from previous block
# <min> <max>
0	8

[block]
# block no. 8 follows, 50 sequences, length 22
# corresponding to MSA columns:
# 904-925
name=unknown_I
#
# <colnr> <probs for GDERKNQSTAVLIFYWHMCP>
#	G	D	E	R	K	N	Q	S	T	A	V	L	I	F	Y	W	H	M	C	P
0	0.09210	0.10459	0.22712	0.01112	0.01500	0.02946	0.07530	0.05675	0.01145	0.03531	0.10379	0.01743	0.09167	0.00665	0.00613	0.00159	0.10003	0.00513	0.00317	0.00621
1	0.01034	0.02933	0.13013	0.00970	0.03490	0.02726	0.02340	0.05434	0.11638	0.05354	0.16633	0.02467	0.12136	0.09744	0.02359	0.00207	0.03851	0.00644	0.00399	0.02627
2	0.00943	0.00642	0.00784	0.00712	0.00888	0.00625	0.00544	0.01347	0.13899	0.09355	0.47253	0.03246	0.08225	0.04860	0.00657	0.00175	0.00300	0.02411	0.00523	0.02609
3	0.28538	0.00807	0.00902	0.00813	0.00952	0.00968	0.00639	0.01210	0.00838	0.05256	0.01055	0.01591	0.00978	0.15418	0.13815	0.00328	0.19699	0.00453	0.05246	0.00495
4	0.00712	0.00534	0.00801	0.00801	0.00890	0.00623	0.00623	0.00890	0.00801	0.01157	0.01335	0.01958	0.01246	0.03738	0.80507	0.00801	0.01335	0.00534	0.00267	0.00445
5	0.01367	0.77591	0.02534	0.00881	0.01296	0.07042	0.00860	0.01525	0.01039	0.01176	0.00698	0.00806	0.00640	0.00432	0.00328	0.00108	0.00557	0.00270	0.00216	0.00636
6	0.01214	0.01164	0.01988	0.08281	0.74304	0.01179	0.01520	0.01513	0.01126	0.01605	0.00934	0.01240	0.00781	0.00448	0.00494	0.00149	0.00597	0.00444	0.00245	0.00774
7	0.01676	0.01248	0.01344	0.01215	0.07447	0.07374	0.00902	0.27029	0.28105	0.15937	0.01564	0.01491	0.01126	0.00610	0.00498	0.00155	0.00504	0.00487	0.00484	0.00802
8	0.01223	0.01173	0.02003	0.06020	0.76500	0.01181	0.01524	0.01520	0.01130	0.01615	0.00936	0.01237	0.00785	0.00446	0.00494	0.00149	0.00595	0.00444	0.00246	0.00781
9	0.01895	0.01396	0.01496	0.01147	0.01546	0.01546	0.00947	0.77711	0.02344	0.03141	0.01197	0.01197	0.00848	0.00598	0.00499	0.00150	0.00548	0.00449	0.00499	0.00848
10	0.00725	0.00483	0.00544	0.00544	0.00544	0.00483	0.00302	0.00725	0.00725	0.00966	0.01571	0.03262	0.01812	0.82483	0.02537	0.00483	0.00483	0.00725	0.00302	0.00302
11	0.00725	0.00483	0.00544	0.00544	0.00544	0.00483	0.00302	0.00725	0.00725	0.00966	0.01571	0.03262	0.01812	0.82483	0.02537	0.00483	0.00483	0.00725	0.00302	0.00302
12	0.01333	0.82783	0.02612	0.00853	0.01279	0.01972	0.00853	0.01493	0.01013	0.01173	0.00693	0.00800	0.00640	0.00426	0.00320	0.00107	0.00533	0.00267	0.00213	0.00640
13	0.01789	0.02191	0.01462	0.01428	0.08440	0.67865	0.01008	0.05083	0.03696	0.01361	0.00840	0.00969	0.00690	0.00516	0.00457	0.00132	0.00842	0.00344	0.00273	0.00614
14	0.00589	0.00505	0.00505	0.00505	0.00673	0.00421	0.00379	0.00715	0.01136	0.01347	0.05049	0.04797	0.79171	0.01262	0.00589	0.00168	0.00252	0.01052	0.00463	0.00421
15	0.01895	0.01396	0.01496	0.01147	0.01546	0.01546	0.00947	0.77711	0.02344	0.03141	0.01197	0.01197	0.00848	0.00598	0.00499	0.00150	0.00548	0.00449	0.00499	0.00848
16	0.00929	0.00465	0.00465	0.00465	0.00581	0.00465	0.00348	0.01161	0.01045	0.01858	0.01626	0.01858	0.01278	0.00581	0.00348	0.00116	0.00232	0.00465	0.85250	0.00465
17	0.01000	0.02578	0.79900	0.01421	0.02157	0.01158	0.01842	0.01579	0.01052	0.01579	0.00895	0.01052	0.00631	0.00474	0.00474	0.00158	0.00737	0.00368	0.00210	0.00737
18	0.02175	0.00862	0.01155	0.00895	0.01274	0.00764	0.00736	0.02443	0.06205	0.74904	0.01970	0.01707	0.01252	0.00621	0.00502	0.00155	0.00422	0.00505	0.00610	0.00845
19	0.01033	0.00583	0.00764	0.00677	0.00856	0.00525	0.00522	0.01252	0.01399	0.18911	0.58089	0.03342	0.08167	0.00945	0.00569	0.00157	0.00277	0.00823	0.00559	0.00550
20	0.01037	0.02323	0.64472	0.01521	0.02204	0.01177	0.14439	0.01617	0.03618	0.01598	0.00951	0.01128	0.00682	0.00471	0.00494	0.00160	0.00743	0.00411	0.00227	0.00728
21	0.01019	0.17241	0.01718	0.65222	0.03003	0.01280	0.01278	0.01317	0.01000	0.01253	0.00847	0.01223	0.00660	0.00484	0.00463	0.00154	0.00638	0.00408	0.00220	0.00571

[dist]
# distance from previous block
# <min> <max>
0	10

[block]
# block no. 9 follows, 50 sequences, length 23
# corresponding to MSA columns:
# 1082,1085-1106
name=unknown_J
#
# <colnr> <probs for GDERKNQSTAVLIFYWHMCP>
#	G	D	E	R	K	N	Q	S	T	A	V	L	I	F	Y	W	H	M	C	P
0	0.65686	0.01007	0.00921	0.03790	0.04802	0.01139	0.00668	0.08946	0.01048	0.06914	0.00838	0.00940	0.00628	0.00486	0.00354	0.00154	0.00424	0.00316	0.00339	0.00601
1	0.02821	0.01105	0.01679	0.39551	0.32180	0.04890	0.01372	0.05577	0.01133	0.01526	0.00907	0.01249	0.00719	0.00493	0.00521	0.00158	0.02776	0.00434	0.00250	0.00661
2	0.04554	0.01255	0.01235	0.01090	0.04929	0.13607	0.02525	0.31576	0.04710	0.02073	0.01457	0.05782	0.05360	0.12570	0.00788	0.00196	0.00552	0.00545	0.00394	0.04801
3	0.01220	0.01362	0.02691	0.02249	0.17462	0.04956	0.59211	0.01602	0.01179	0.01585	0.00984	0.01302	0.00757	0.00429	0.00563	0.00162	0.00795	0.00548	0.00251	0.00691
4	0.01036	0.01015	0.01561	0.65988	0.13504	0.05885	0.01378	0.01351	0.01040	0.01318	0.00886	0.01290	0.00680	0.00492	0.00495	0.00161	0.00669	0.00436	0.00227	0.00587
5	0.01227	0.01154	0.01091	0.00983	0.01246	0.11731	0.00759	0.02221	0.52775	0.01847	0.04618	0.01922	0.05696	0.00867	0.05305	0.00196	0.00504	0.00555	0.00448	0.04853
6	0.01333	0.82783	0.02612	0.00853	0.01279	0.01972	0.00853	0.01493	0.01013	0.01173	0.00693	0.00800	0.00640	0.00426	0.00320	0.00107	0.00533	0.00267	0.00213	0.00640
7	0.00866	0.00433	0.00649	0.00649	0.00649	0.00433	0.00433	0.00649	0.00649	0.00866	0.00866	0.01515	0.00866	0.01732	0.01948	0.85498	0.00433	0.00433	0.00216	0.00216
8	0.00953	0.00898	0.01516	0.78181	0.06446	0.01110	0.01390	0.01284	0.01002	0.01288	0.00888	0.01325	0.00669	0.00496	0.00498	0.00165	0.00662	0.00443	0.00222	0.00563
9	0.01174	0.01148	0.01873	0.01535	0.06045	0.01190	0.31830	0.02039	0.37647	0.01842	0.05290	0.01771	0.03037	0.00589	0.00545	0.00167	0.00575	0.00594	0.00391	0.00719
10	0.01000	0.02578	0.79900	0.01421	0.02157	0.01158	0.01842	0.01579	0.01052	0.01579	0.00895	0.01052	0.00631	0.00474	0.00474	0.00158	0.00737	0.00368	0.00210	0.00737
11	0.00941	0.00886	0.01495	0.81285	0.03433	0.01107	0.01384	0.01274	0.00997	0.01274	0.00886	0.01329	0.00664	0.00498	0.00498	0.00166	0.00664	0.00443	0.00221	0.00554
12	0.01234	0.01184	0.02023	0.03059	0.79373	0.01184	0.01530	0.01530	0.01135	0.01628	0.00938	0.01234	0.00790	0.00444	0.00493	0.00148	0.00592	0.00444	0.00247	0.00790
13	0.00606	0.00440	0.00572	0.00677	0.00719	0.00406	0.00455	0.00696	0.00971	0.01279	0.02953	0.75237	0.10085	0.01535	0.00632	0.00199	0.00286	0.01384	0.00463	0.00406
14	0.01862	0.02376	0.01413	0.01284	0.01541	0.80482	0.00963	0.01990	0.01413	0.01220	0.00770	0.00899	0.00642	0.00514	0.00449	0.00128	0.00899	0.00321	0.00257	0.00578
15	0.01799	0.01327	0.01426	0.01118	0.01497	0.01472	0.00915	0.63313	0.14630	0.05266	0.01354	0.01319	0.00968	0.00612	0.00500	0.00153	0.00520	0.00469	0.00504	0.00838
16	0.01000	0.02578	0.79900	0.01421	0.02157	0.01158	0.01842	0.01579	0.01052	0.01579	0.00895	0.01052	0.00631	0.00474	0.00474	0.00158	0.00737	0.00368	0.00210	0.00737
17	0.01240	0.01071	0.01127	0.01014	0.01296	0.01240	0.00789	0.02649	0.78473	0.02085	0.02029	0.01860	0.01522	0.00676	0.00507	0.00169	0.00394	0.00564	0.00507	0.00789
18	0.00725	0.00483	0.00544	0.00544	0.00544	0.00483	0.00302	0.00725	0.00725	0.00966	0.01571	0.03262	0.01812	0.82483	0.02537	0.00483	0.00483	0.00725	0.00302	0.00302
