[name]
unknown

[dist]
# distance from previous block
# <min> <max>
0	417

[block]
# block no. 0 follows, 70 sequences, length 81
# corresponding to MSA columns:
# 545-625
name=unknown_A
#
# <colnr> <probs for GDERKNQSTAVLIFYWHMCP>
#	G	D	E	R	K	N	Q	S	T	A	V	L	I	F	Y	W	H	M	C	P
0	0.00798	0.00725	0.03278	0.09861	0.03543	0.00766	0.09929	0.03410	0.03774	0.04322	0.22643	0.04034	0.01512	0.01643	0.00630	0.00135	0.19431	0.02523	0.00282	0.06761
1	0.04558	0.12809	0.01414	0.09458	0.01382	0.09343	0.14526	0.17560	0.01825	0.01347	0.00704	0.00883	0.00568	0.00495	0.02611	0.00133	0.15337	0.00327	0.00229	0.04490
2	0.00564	0.00376	0.00423	0.00423	0.00423	0.00376	0.00235	0.00564	0.00564	0.00752	0.01222	0.02537	0.01409	0.86375	0.01973	0.00376	0.00376	0.00564	0.00235	0.00235
3	0.01282	0.01290	0.13033	0.00932	0.01243	0.15244	0.02563	0.48762	0.01446	0.01874	0.02223	0.00950	0.00677	0.00604	0.05967	0.00148	0.00535	0.00336	0.00309	0.00583
4	0.00795	0.00678	0.00791	0.00569	0.00901	0.00512	0.00452	0.00962	0.00795	0.01245	0.00708	0.00865	0.00603	0.03303	0.00346	0.00069	0.00290	0.00241	0.00230	0.85644
5	0.00554	0.00415	0.00623	0.00623	0.00692	0.00485	0.00485	0.00692	0.00623	0.00900	0.01038	0.01523	0.00969	0.02908	0.84839	0.00623	0.01038	0.00415	0.00208	0.00346
6	0.01360	0.03412	0.24899	0.00838	0.01212	0.00793	0.00842	0.13360	0.03999	0.42161	0.02469	0.01130	0.00820	0.00448	0.00381	0.00120	0.00413	0.00356	0.00364	0.00624
7	0.01131	0.57151	0.04621	0.00747	0.01066	0.06252	0.00705	0.18997	0.01028	0.01260	0.00650	0.00731	0.00548	0.00452	0.03095	0.00111	0.00460	0.00250	0.00218	0.00528
8	0.01448	0.01848	0.01099	0.00999	0.01199	0.84819	0.00749	0.01548	0.01099	0.00949	0.00599	0.00699	0.00499	0.00400	0.00350	0.00100	0.00699	0.00250	0.00200	0.00449
9	0.89114	0.00750	0.00570	0.00510	0.00750	0.00870	0.00420	0.01140	0.00660	0.01739	0.00540	0.00630	0.00420	0.00360	0.00240	0.00120	0.00300	0.00210	0.00240	0.00420
10	0.89114	0.00750	0.00570	0.00510	0.00750	0.00870	0.00420	0.01140	0.00660	0.01739	0.00540	0.00630	0.00420	0.00360	0.00240	0.00120	0.00300	0.00210	0.00240	0.00420
11	0.01435	0.01067	0.01142	0.00884	0.01188	0.01184	0.00728	0.76579	0.07971	0.02381	0.00980	0.00970	0.00699	0.00470	0.00388	0.00117	0.00418	0.00356	0.00388	0.00656
12	0.00524	0.00407	0.00478	0.00458	0.00569	0.00367	0.00344	0.00698	0.03214	0.01355	0.49840	0.03189	0.35428	0.00861	0.00456	0.00126	0.00192	0.00741	0.00399	0.00357
13	0.00542	0.00397	0.00509	0.00483	0.00577	0.00364	0.00363	0.00718	0.01076	0.01506	0.75814	0.02987	0.10517	0.00813	0.00458	0.00123	0.00186	0.01785	0.00420	0.00362
14	0.01739	0.00660	0.00900	0.00690	0.00990	0.00570	0.00570	0.01889	0.01110	0.84226	0.01529	0.01320	0.00960	0.00480	0.00390	0.00120	0.00330	0.00390	0.00480	0.00660
15	0.00473	0.00384	0.00419	0.00430	0.00538	0.00331	0.00315	0.00578	0.00890	0.01108	0.14675	0.17092	0.59428	0.00994	0.00464	0.00134	0.00199	0.00848	0.00369	0.00331
16	0.03666	0.00686	0.00907	0.00697	0.00997	0.00613	0.00576	0.06504	0.01140	0.77704	0.01473	0.01282	0.00930	0.00476	0.00386	0.00120	0.00335	0.00384	0.00469	0.00654
17	0.89114	0.00750	0.00570	0.00510	0.00750	0.00870	0.00420	0.01140	0.00660	0.01739	0.00540	0.00630	0.00420	0.00360	0.00240	0.00120	0.00300	0.00210	0.00240	0.00420
18	0.00979	0.57035	0.21334	0.00817	0.03205	0.03094	0.00851	0.02644	0.00823	0.01041	0.00596	0.00693	0.00506	0.00342	0.00287	0.00093	0.00453	0.00234	0.00174	0.04801
19	0.04932	0.77660	0.01910	0.00677	0.00997	0.06590	0.00658	0.01184	0.00801	0.00951	0.00543	0.00627	0.00494	0.00337	0.00255	0.00086	0.00427	0.00210	0.00171	0.00491
20	0.00561	0.00385	0.00469	0.00469	0.00485	0.00401	0.00292	0.00593	0.00577	0.00786	0.01180	0.02304	0.01308	0.67235	0.20976	0.00433	0.00528	0.00530	0.00229	0.00260
21	0.01353	0.00590	0.00761	0.00613	0.00843	0.00536	0.00496	0.06072	0.01100	0.51869	0.15821	0.01593	0.01420	0.00529	0.00382	0.00115	0.00286	0.00437	0.14623	0.00560
22	0.00523	0.00392	0.00485	0.00469	0.00565	0.00354	0.00349	0.00680	0.01027	0.01404	0.60528	0.08048	0.22026	0.00861	0.00460	0.00126	0.00189	0.00752	0.00407	0.00354
23	0.00468	0.00391	0.00407	0.00407	0.00530	0.00331	0.00304	0.00573	0.00901	0.01096	0.11802	0.06123	0.73400	0.00970	0.00459	0.00131	0.00196	0.00815	0.00367	0.00331
24	0.40147	0.00699	0.00755	0.00611	0.00884	0.00702	0.00504	0.01560	0.00912	0.47967	0.01094	0.01016	0.00722	0.00427	0.00324	0.00120	0.00317	0.00311	0.00374	0.00554
25	0.04966	0.00788	0.00959	0.00739	0.01037	0.00769	0.00610	0.26257	0.01304	0.55229	0.01307	0.01178	0.00849	0.00471	0.00382	0.00118	0.00356	0.00370	0.01664	0.00646
26	0.01028	0.83818	0.04747	0.00678	0.01018	0.01513	0.00689	0.01163	0.00789	0.00923	0.00544	0.00628	0.00497	0.00333	0.00253	0.00084	0.00420	0.00210	0.00166	0.00500
27	0.01016	0.00869	0.00905	0.00801	0.01028	0.02158	0.00626	0.09176	0.74912	0.01685	0.01507	0.01390	0.01128	0.00519	0.00393	0.00130	0.00323	0.00428	0.00391	0.00615
28	0.00732	0.00689	0.01163	0.85444	0.02670	0.00861	0.01077	0.00991	0.00775	0.00991	0.00689	0.01034	0.00517	0.00388	0.00388	0.00129	0.00517	0.00345	0.00172	0.00431
29	0.00472	0.00337	0.00450	0.00540	0.00562	0.00315	0.00360	0.00540	0.00742	0.00990	0.02137	0.86122	0.02564	0.01215	0.00495	0.00157	0.00225	0.01102	0.00360	0.00315
30	0.03792	0.01062	0.01131	0.00876	0.01179	0.01180	0.00721	0.75803	0.06517	0.02377	0.00958	0.00953	0.00683	0.00466	0.00384	0.00117	0.00416	0.00350	0.00384	0.00650
31	0.01271	0.00932	0.03047	0.00821	0.01092	0.03249	0.01761	0.28401	0.33734	0.17107	0.03542	0.01252	0.00994	0.00495	0.00392	0.00123	0.00369	0.00399	0.00395	0.00624
32	0.86042	0.00788	0.00588	0.00527	0.00765	0.03811	0.00431	0.01154	0.00675	0.01712	0.00542	0.00632	0.00423	0.00361	0.00244	0.00119	0.00314	0.00211	0.00239	0.00421
33	0.00558	0.00394	0.00519	0.00520	0.00554	0.00427	0.00356	0.00625	0.00595	0.00826	0.01149	0.03385	0.01217	0.45088	0.41591	0.00491	0.00690	0.00501	0.00224	0.00289
34	0.01372	0.01135	0.01181	0.00935	0.01222	0.12151	0.05955	0.55375	0.09242	0.03924	0.00979	0.01049	0.00728	0.00469	0.00392	0.00118	0.00462	0.02348	0.00353	0.00611
35	0.00458	0.00393	0.00393	0.00393	0.00524	0.00327	0.00295	0.00556	0.00884	0.01047	0.03927	0.03731	0.83800	0.00982	0.00458	0.00131	0.00196	0.00818	0.00360	0.00327
36	0.00641	0.00552	0.02222	0.00681	0.00734	0.02042	0.00534	0.00750	0.00627	0.00908	0.00976	0.03780	0.00968	0.15887	0.45381	0.00438	0.19242	0.00435	0.02851	0.00350
37	0.01028	0.00864	0.00912	0.00802	0.01032	0.00994	0.00629	0.12095	0.73118	0.01724	0.01497	0.01382	0.01118	0.00518	0.00394	0.00130	0.00322	0.00427	0.00394	0.00619
38	0.00732	0.00689	0.01163	0.85444	0.02670	0.00861	0.01077	0.00991	0.00775	0.00991	0.00689	0.01034	0.00517	0.00388	0.00388	0.00129	0.00517	0.00345	0.00172	0.00431
39	0.02156	0.18430	0.28540	0.01117	0.11249	0.19629	0.02580	0.01327	0.06836	0.01134	0.00715	0.00830	0.00569	0.00425	0.01874	0.00119	0.01456	0.00286	0.00195	0.00530
40	0.00907	0.01052	0.03959	0.01577	0.01943	0.00994	0.74718	0.01218	0.00889	0.01218	0.00762	0.01026	0.00580	0.00354	0.00516	0.00133	0.06997	0.00445	0.00193	0.00517
41	0.01240	0.06971	0.07517	0.02541	0.11013	0.19283	0.07768	0.28899	0.02730	0.03882	0.00794	0.00882	0.00602	0.00403	0.00371	0.00110	0.00511	0.00320	0.00269	0.03895
42	0.00960	0.00921	0.01574	0.02380	0.83957	0.00921	0.01190	0.01190	0.00883	0.01267	0.00729	0.00960	0.00614	0.00345	0.00384	0.00115	0.00461	0.00345	0.00192	0.00614
43	0.00472	0.00339	0.00449	0.00537	0.00561	0.00315	0.00358	0.00540	0.00745	0.00991	0.02177	0.84291	0.04370	0.01209	0.00494	0.00157	0.00224	0.01096	0.00360	0.00315
44	0.00564	0.00376	0.00423	0.00423	0.00423	0.00376	0.00235	0.00564	0.00564	0.00752	0.01222	0.02537	0.01409	0.86375	0.01973	0.00376	0.00376	0.00564	0.00235	0.00235
45	0.02501	0.00859	0.01331	0.15731	0.27753	0.01865	0.11802	0.05031	0.09420	0.01312	0.00814	0.00993	0.00642	0.00364	0.00373	0.00110	0.00444	0.00343	0.00228	0.18084
46	0.00481	0.00343	0.00460	0.00550	0.00576	0.00322	0.00375	0.00554	0.00751	0.00999	0.02132	0.81566	0.02546	0.01207	0.00497	0.00159	0.00232	0.05575	0.00360	0.00317
47	0.03640	0.01038	0.01106	0.00866	0.01162	0.01154	0.00710	0.68733	0.12805	0.03273	0.01015	0.00997	0.00728	0.00471	0.00385	0.00119	0.00406	0.00358	0.00386	0.00647
48	0.01115	0.32226	0.13770	0.00972	0.09114	0.08468	0.00838	0.18588	0.03962	0.02376	0.00725	0.00802	0.00576	0.00379	0.00326	0.00101	0.00459	0.00278	0.00233	0.04693
49	0.02122	0.02046	0.01227	0.11813	0.26254	0.06243	0.04311	0.07482	0.31500	0.01431	0.01043	0.01126	0.00804	0.00429	0.00386	0.00122	0.00429	0.00375	0.00280	0.00576
50	0.01065	0.00819	0.00883	0.00774	0.01003	0.00925	0.00608	0.07219	0.67811	0.09600	0.01523	0.01401	0.01123	0.00516	0.00390	0.00128	0.00313	0.00426	0.02859	0.00614
51	0.00547	0.00408	0.00509	0.00482	0.00583	0.00376	0.00362	0.00742	0.03316	0.01481	0.69682	0.02980	0.15457	0.00813	0.00456	0.00124	0.00188	0.00711	0.00416	0.00367
52	0.00472	0.00338	0.00449	0.00537	0.00562	0.00315	0.00359	0.00540	0.00745	0.00991	0.02172	0.84510	0.04154	0.01210	0.00494	0.00157	0.00224	0.01097	0.00360	0.00315
53	0.72694	0.00745	0.00639	0.00549	0.00801	0.00831	0.00453	0.03532	0.00764	0.14954	0.00709	0.00749	0.00513	0.00382	0.00268	0.00120	0.00308	0.00243	0.00282	0.00465
54	0.01111	0.00651	0.00708	0.00587	0.00780	0.00680	0.00470	0.29519	0.01202	0.12075	0.01181	0.01250	0.00873	0.00460	0.00326	0.00103	0.00285	0.00361	0.46876	0.00502
55	0.03680	0.00883	0.00944	0.00774	0.01026	0.00979	0.00624	0.39506	0.28308	0.07159	0.01208	0.01175	0.00882	0.00482	0.00373	0.00119	0.00349	0.00378	0.10548	0.00603
56	0.89114	0.00750	0.00570	0.00510	0.00750	0.00870	0.00420	0.01140	0.00660	0.01739	0.00540	0.00630	0.00420	0.00360	0.00240	0.00120	0.00300	0.00210	0.00240	0.00420
57	0.00777	0.00472	0.00416	0.00409	0.00507	0.06665	0.00307	0.00951	0.00834	0.01408	0.01215	0.01390	0.00957	0.00448	0.00277	0.00091	0.00219	0.00353	0.81935	0.00368
58	0.00673	0.00337	0.00505	0.00505	0.00505	0.00337	0.00337	0.00505	0.00505	0.00673	0.00673	0.01178	0.00673	0.01347	0.01515	0.88721	0.00337	0.00337	0.00168	0.00168
59	0.04419	0.00394	0.00392	0.00382	0.00485	0.00398	0.00290	0.02089	0.00827	0.03118	0.01235	0.01402	0.00964	0.00449	0.00274	0.00093	0.00192	0.00355	0.81868	0.00374
60	0.01036	0.86609	0.02032	0.00663	0.00995	0.01534	0.00663	0.01161	0.00788	0.00912	0.00539	0.00622	0.00498	0.00332	0.00249	0.00083	0.00415	0.00207	0.00166	0.00498
61	0.00968	0.00766	0.00827	0.00731	0.00943	0.00853	0.00572	0.07823	0.58212	0.06394	0.09425	0.01717	0.07904	0.00580	0.00405	0.00129	0.00297	0.00484	0.00399	0.00574
62	0.00545	0.06822	0.00675	0.00613	0.00681	0.00451	0.04928	0.00643	0.01756	0.01005	0.01936	0.74012	0.02284	0.01091	0.00473	0.00150	0.00264	0.00992	0.00337	0.00344
63	0.01183	0.00877	0.00997	0.00830	0.01087	0.00970	0.03508	0.20966	0.50553	0.12528	0.01392	0.01295	0.01010	0.00499	0.00395	0.00126	0.00350	0.00412	0.00397	0.00627
64	0.00474	0.00338	0.00449	0.00537	0.00559	0.00316	0.00357	0.00540	0.00738	0.00984	0.02117	0.84307	0.02539	0.03064	0.00527	0.00162	0.00228	0.01090	0.00357	0.00313
65	0.01026	0.00844	0.00897	0.00793	0.01021	0.00967	0.00621	0.07556	0.74847	0.04545	0.01532	0.01407	0.01140	0.00520	0.00394	0.00130	0.00316	0.00431	0.00397	0.00618
66	0.05042	0.00807	0.01141	0.50656	0.08111	0.02982	0.00944	0.14397	0.03232	0.06272	0.00794	0.01010	0.00587	0.00411	0.00396	0.00125	0.02014	0.00342	0.00237	0.00500
67	0.00510	0.00379	0.00465	0.00503	0.00568	0.00350	0.00354	0.02216	0.00847	0.01112	0.15157	0.45507	0.21775	0.05496	0.00556	0.00157	0.00227	0.03128	0.00364	0.00330
68	0.00499	0.00362	0.00473	0.00528	0.00579	0.00336	0.00373	0.00603	0.00846	0.01138	0.21500	0.55382	0.08683	0.01089	0.00486	0.00148	0.00221	0.06048	0.00375	0.00330
69	0.01095	0.01122	0.10184	0.05936	0.23191	0.08247	0.19065	0.12575	0.03956	0.08626	0.00885	0.01018	0.01483	0.00392	0.00398	0.00120	0.00515	0.00368	0.00251	0.00573
70	0.01457	0.00672	0.00862	0.00688	0.00949	0.00633	0.00560	0.08451	0.09122	0.56670	0.08476	0.01507	0.03454	0.00624	0.03900	0.00142	0.00349	0.00430	0.00445	0.00608
71	0.00759	0.00726	0.01258	0.74682	0.08269	0.00873	0.05947	0.01019	0.00791	0.01025	0.00698	0.01029	0.00528	0.00381	0.00392	0.00128	0.00521	0.00351	0.00175	0.00449
72	0.00602	0.00434	0.00594	0.00670	0.00754	0.00430	0.00565	0.00780	0.02266	0.01173	0.08183	0.14960	0.03621	0.01059	0.00521	0.00170	0.00323	0.62174	0.00363	0.00356
73	0.00914	0.01020	0.02169	0.04498	0.11337	0.00970	0.70622	0.01228	0.00907	0.01236	0.00775	0.01036	0.00589	0.00331	0.00447	0.00129	0.00627	0.00441	0.00195	0.00530
74	0.00691	0.00526	0.00774	0.00785	0.00910	0.00526	0.06738	0.05474	0.00947	0.01236	0.01940	0.03914	0.03999	0.00979	0.00519	0.00170	0.00379	0.68762	0.00347	0.00386
75	0.00554	0.00415	0.00623	0.00623	0.00692	0.00485	0.00485	0.00692	0.00623	0.00900	0.01038	0.01523	0.00969	0.02908	0.84839	0.00623	0.01038	0.00415	0.00208	0.00346
76	0.00856	0.01150	0.27823	0.01289	0.19603	0.02179	0.11679	0.01132	0.01841	0.07371	0.01077	0.17135	0.00999	0.03542	0.00465	0.00137	0.00467	0.00495	0.00241	0.00520
77	0.00839	0.10496	0.01330	0.00994	0.01084	0.01113	0.09760	0.00961	0.00655	0.00960	0.00611	0.00932	0.00576	0.00890	0.11912	0.00214	0.55714	0.00347	0.00177	0.00433
78	0.00876	0.11452	0.52512	0.01015	0.01476	0.00961	0.06535	0.01349	0.12304	0.04684	0.00872	0.02791	0.00660	0.00406	0.00368	0.00121	0.00505	0.00332	0.00216	0.00565
79	0.00886	0.00911	0.01182	0.01017	0.01029	0.06409	0.00842	0.00971	0.00625	0.00934	0.00515	0.00839	0.00508	0.00661	0.01215	0.00165	0.80361	0.00334	0.00172	0.00426
80	0.01095	0.01371	0.07535	0.02199	0.01361	0.38077	0.20137	0.03004	0.00955	0.01074	0.00819	0.10236	0.00752	0.00499	0.00487	0.00123	0.09189	0.00408	0.00214	0.00463

[dist]
# distance from previous block
# <min> <max>
0	1

[block]
# block no. 1 follows, 70 sequences, length 34
# corresponding to MSA columns:
# 627-660
name=unknown_B
#
# <colnr> <probs for GDERKNQSTAVLIFYWHMCP>
#	G	D	E	R	K	N	Q	S	T	A	V	L	I	F	Y	W	H	M	C	P
0	0.00915	0.00876	0.01494	0.18574	0.68110	0.00909	0.01168	0.01151	0.00862	0.01213	0.00721	0.00974	0.00595	0.00354	0.00385	0.00118	0.00472	0.00345	0.00188	0.00578
1	0.00861	0.03125	0.29258	0.00856	0.02443	0.03258	0.01648	0.07042	0.19614	0.02824	0.14699	0.01470	0.05686	0.00510	0.00389	0.00120	0.00399	0.00420	0.00296	0.05081
2	0.00608	0.00440	0.00602	0.00684	0.00776	0.00434	0.00593	0.00778	0.00889	0.01148	0.02210	0.05756	0.09020	0.01066	0.00528	0.00174	0.00341	0.73242	0.00357	0.00354
3	0.01307	0.00986	0.01105	0.00865	0.01154	0.02721	0.04214	0.52867	0.14286	0.06384	0.04781	0.01114	0.00881	0.00474	0.00389	0.00116	0.00400	0.00377	0.00375	0.05203
4	0.00932	0.00793	0.00847	0.00762	0.00973	0.00898	0.00590	0.04342	0.70350	0.01579	0.01566	0.08444	0.01256	0.00571	0.00398	0.00130	0.00303	0.00482	0.00384	0.04400
5	0.00941	0.06045	0.04056	0.00698	0.00994	0.17170	0.00572	0.02028	0.06578	0.01207	0.01864	0.05130	0.00734	0.00386	0.00321	0.00081	0.00385	0.00300	0.00240	0.50269
6	0.01728	0.00678	0.00911	0.00699	0.00999	0.00597	0.00577	0.05381	0.01140	0.80690	0.01504	0.01303	0.00947	0.00479	0.00390	0.00120	0.00334	0.00388	0.00476	0.00660
7	0.00683	0.00455	0.00552	0.00521	0.00643	0.00433	0.00395	0.00929	0.09257	0.08444	0.40954	0.10769	0.15666	0.00793	0.00438	0.00127	0.00217	0.02176	0.06144	0.00404
8	0.04371	0.00712	0.00920	0.00708	0.01007	0.00652	0.00585	0.11226	0.01179	0.72236	0.01430	0.01253	0.00908	0.00475	0.00385	0.00120	0.00340	0.00380	0.00462	0.00652
9	0.00915	0.01046	0.02288	0.01634	0.02026	0.00980	0.82549	0.01242	0.00915	0.01242	0.00784	0.01046	0.00588	0.00327	0.00458	0.00131	0.00654	0.00458	0.00196	0.00523
10	0.00592	0.00423	0.00587	0.00676	0.00751	0.00418	0.00567	0.00746	0.00860	0.01123	0.02071	0.22050	0.02303	0.01102	0.00527	0.00174	0.00328	0.63996	0.00358	0.00348
11	0.00483	0.00348	0.00460	0.00542	0.00576	0.00325	0.00373	0.00561	0.00766	0.01016	0.04128	0.75318	0.06349	0.01185	0.00495	0.00157	0.00231	0.06008	0.00361	0.00319
12	0.01456	0.01077	0.01153	0.00888	0.01195	0.01194	0.00733	0.79826	0.04690	0.02414	0.00954	0.00949	0.00678	0.00468	0.00388	0.00117	0.00422	0.00352	0.00388	0.00658
13	0.00858	0.00718	0.00758	0.00685	0.00883	0.00792	0.00532	0.04487	0.56383	0.02786	0.05323	0.02025	0.20844	0.00642	0.00412	0.00130	0.00280	0.00535	0.00389	0.00538
14	0.00628	0.00451	0.00598	0.00662	0.00751	0.00450	0.00545	0.00845	0.06755	0.02624	0.05670	0.21318	0.04902	0.01037	0.00508	0.00166	0.00312	0.51042	0.00366	0.00371
15	0.00518	0.00370	0.00502	0.00592	0.00635	0.00354	0.00439	0.00619	0.00787	0.01041	0.02111	0.61557	0.02464	0.01171	0.00507	0.00164	0.00265	0.25215	0.00359	0.00328
16	0.00554	0.00415	0.00623	0.00623	0.00692	0.00485	0.00485	0.00692	0.00623	0.00900	0.01038	0.01523	0.00969	0.02908	0.84839	0.00623	0.01038	0.00415	0.00208	0.00346
17	0.08232	0.00880	0.00813	0.00752	0.00883	0.21772	0.00587	0.07388	0.00838	0.01105	0.00847	0.01156	0.00754	0.01745	0.45110	0.00384	0.05779	0.00347	0.00220	0.00407
18	0.00886	0.00846	0.01441	0.29181	0.57729	0.00902	0.01153	0.01125	0.00848	0.01177	0.00716	0.00983	0.00583	0.00359	0.00385	0.00120	0.00479	0.00345	0.00186	0.00555
19	0.00732	0.00689	0.01163	0.85444	0.02670	0.00861	0.01077	0.00991	0.00775	0.00991	0.00689	0.01034	0.00517	0.00388	0.00388	0.00129	0.00517	0.00345	0.00172	0.00431
20	0.00561	0.00374	0.00424	0.00427	0.00428	0.00374	0.00239	0.00563	0.00570	0.00760	0.01254	0.05496	0.01450	0.83360	0.01921	0.00368	0.00371	0.00583	0.00239	0.00238
21	0.00567	0.00379	0.00432	0.00436	0.00440	0.00379	0.00253	0.00575	0.00579	0.00770	0.01259	0.02620	0.01447	0.82519	0.01908	0.00367	0.00375	0.04216	0.00240	0.00240
22	0.00804	0.00689	0.00804	0.00574	0.00919	0.00517	0.00459	0.00976	0.00804	0.01263	0.00689	0.00804	0.00574	0.00287	0.00287	0.00057	0.00287	0.00230	0.00230	0.88745
23	0.00554	0.00414	0.00614	0.00614	0.00680	0.00480	0.00473	0.00686	0.00620	0.00893	0.01047	0.01569	0.00989	0.06670	0.81103	0.00612	0.01009	0.00422	0.00209	0.00341
24	0.00550	0.00412	0.00615	0.00619	0.00686	0.00477	0.00479	0.00685	0.00628	0.00904	0.01088	0.05347	0.01041	0.02831	0.81026	0.00602	0.01002	0.00446	0.00215	0.00345
25	0.00547	0.00416	0.00506	0.00480	0.00586	0.00385	0.00361	0.00753	0.04871	0.01442	0.61727	0.03019	0.21817	0.00823	0.00455	0.00124	0.00192	0.00716	0.00410	0.00369
26	0.02601	0.00998	0.01077	0.00848	0.01125	0.02137	0.00694	0.69077	0.01642	0.03506	0.00983	0.03998	0.00753	0.00706	0.07857	0.00163	0.00474	0.00379	0.00368	0.00613
27	0.01426	0.01800	0.01088	0.00989	0.01190	0.80918	0.00743	0.01572	0.04921	0.00980	0.00645	0.00734	0.00531	0.00405	0.00352	0.00101	0.00681	0.00258	0.00209	0.00457
28	0.00496	0.00394	0.00446	0.00437	0.00550	0.00344	0.00328	0.00627	0.00964	0.01244	0.34771	0.05064	0.49968	0.00914	0.00460	0.00129	0.00194	0.01941	0.00386	0.00342
29	0.00481	0.00346	0.00457	0.00534	0.00567	0.00322	0.00363	0.00562	0.00781	0.01044	0.09378	0.74806	0.05092	0.01168	0.00491	0.00154	0.00223	0.02544	0.00366	0.00321
30	0.08440	0.00645	0.00841	0.00658	0.00936	0.00577	0.00540	0.01740	0.01069	0.71156	0.06800	0.01370	0.01094	0.00490	0.00381	0.00120	0.00316	0.00396	0.01815	0.00617
31	0.89114	0.00750	0.00570	0.00510	0.00750	0.00870	0.00420	0.01140	0.00660	0.01739	0.00540	0.00630	0.00420	0.00360	0.00240	0.00120	0.00300	0.00210	0.00240	0.00420
32	0.00495	0.00367	0.00460	0.00523	0.00570	0.00345	0.00357	0.00608	0.03910	0.01034	0.05294	0.65825	0.13440	0.04157	0.00537	0.00159	0.00228	0.01005	0.00359	0.00327
33	0.01009	0.76755	0.01885	0.00671	0.00976	0.04086	0.00651	0.01134	0.00784	0.00912	0.00582	0.00699	0.00537	0.00548	0.07286	0.00128	0.00475	0.00226	0.00170	0.00483

[dist]
# distance from previous block
# <min> <max>
0	1

[block]
# block no. 2 follows, 70 sequences, length 17
# corresponding to MSA columns:
# 662-678
name=unknown_C
#
# <colnr> <probs for GDERKNQSTAVLIFYWHMCP>
#	G	D	E	R	K	N	Q	S	T	A	V	L	I	F	Y	W	H	M	C	P
0	0.01059	0.25342	0.33494	0.00994	0.04033	0.22697	0.02434	0.01310	0.00894	0.03488	0.00654	0.00756	0.00514	0.00368	0.00333	0.00106	0.00552	0.00263	0.00184	0.00523
1	0.89114	0.00750	0.00570	0.00510	0.00750	0.00870	0.00420	0.01140	0.00660	0.01739	0.00540	0.00630	0.00420	0.00360	0.00240	0.00120	0.00300	0.00210	0.00240	0.00420
2	0.00964	0.00964	0.05899	0.03885	0.72867	0.00917	0.01171	0.01200	0.00874	0.03665	0.00743	0.00960	0.00612	0.00362	0.00412	0.00118	0.03241	0.00343	0.00198	0.00603
3	0.89114	0.00750	0.00570	0.00510	0.00750	0.00870	0.00420	0.01140	0.00660	0.01739	0.00540	0.00630	0.00420	0.00360	0.00240	0.00120	0.00300	0.00210	0.00240	0.00420
4	0.00704	0.00404	0.00475	0.03690	0.00614	0.00394	0.00352	0.00879	0.00908	0.05943	0.24606	0.02017	0.08450	0.00652	0.02509	0.00119	0.00226	0.00496	0.46183	0.00378
5	0.00529	0.00392	0.00493	0.00475	0.00569	0.00356	0.00353	0.00690	0.01040	0.01435	0.65314	0.07996	0.17223	0.00850	0.00460	0.00126	0.00188	0.00745	0.00411	0.00356
6	0.00570	0.00425	0.00616	0.00609	0.00671	0.00493	0.00467	0.00699	0.00637	0.00925	0.03314	0.01615	0.01063	0.09317	0.70235	0.00556	0.03910	0.00431	0.03106	0.00341
7	0.01362	0.01013	0.01117	0.05956	0.01243	0.01134	0.00734	0.69529	0.03301	0.02243	0.00934	0.00971	0.00674	0.00468	0.00408	0.00118	0.02956	0.00351	0.04865	0.00622
8	0.00554	0.00415	0.00623	0.00623	0.00692	0.00485	0.00485	0.00692	0.00623	0.00900	0.01038	0.01523	0.00969	0.02908	0.84839	0.00623	0.01038	0.00415	0.00208	0.00346
9	0.01036	0.86609	0.02032	0.00663	0.00995	0.01534	0.00663	0.01161	0.00788	0.00912	0.00539	0.00622	0.00498	0.00332	0.00249	0.00083	0.00415	0.00207	0.00166	0.00498
10	0.00804	0.00689	0.00804	0.00574	0.00919	0.00517	0.00459	0.00976	0.00804	0.01263	0.00689	0.00804	0.00574	0.00287	0.00287	0.00057	0.00287	0.00230	0.00230	0.88745
11	0.00477	0.00393	0.00419	0.00413	0.00535	0.00335	0.00310	0.00593	0.00929	0.01154	0.20723	0.03555	0.66937	0.00942	0.00458	0.00129	0.00194	0.00794	0.00374	0.00335
12	0.89114	0.00750	0.00570	0.00510	0.00750	0.00870	0.00420	0.01140	0.00660	0.01739	0.00540	0.00630	0.00420	0.00360	0.00240	0.00120	0.00300	0.00210	0.00240	0.00420
13	0.00890	0.00918	0.01181	0.01016	0.01030	0.07002	0.00841	0.00976	0.00629	0.00934	0.00515	0.00838	0.00508	0.00659	0.01208	0.00165	0.79758	0.00333	0.00172	0.00426
14	0.00694	0.00389	0.00432	0.00430	0.00510	0.00408	0.00326	0.00857	0.00782	0.01328	0.01308	0.04216	0.02535	0.03064	0.07775	0.00153	0.03891	0.02661	0.67885	0.00357
15	0.00824	0.01913	0.77851	0.01106	0.01661	0.00889	0.04315	0.01256	0.00834	0.04770	0.00734	0.00848	0.00515	0.00372	0.00372	0.00123	0.00565	0.00297	0.00178	0.00575
16	0.00887	0.00840	0.06734	0.34455	0.29701	0.00833	0.01021	0.04604	0.00891	0.06186	0.05196	0.01207	0.00803	0.03228	0.00443	0.00131	0.00462	0.01637	0.00224	0.00515

[dist]
# distance from previous block
# <min> <max>
0	1

[block]
# block no. 3 follows, 70 sequences, length 28
# corresponding to MSA columns:
# 680-707
name=unknown_D
#
# <colnr> <probs for GDERKNQSTAVLIFYWHMCP>
#	G	D	E	R	K	N	Q	S	T	A	V	L	I	F	Y	W	H	M	C	P
0	0.01191	0.00958	0.00972	0.02171	0.01056	0.10891	0.00648	0.29666	0.18827	0.08740	0.11396	0.01322	0.01156	0.02412	0.00479	0.00127	0.05391	0.00406	0.00358	0.01834
1	0.01052	0.06132	0.01094	0.01978	0.11360	0.18582	0.03244	0.02963	0.27445	0.05306	0.06170	0.01449	0.01095	0.00550	0.01615	0.00130	0.02366	0.06640	0.00301	0.00527
2	0.00585	0.00419	0.00584	0.00578	0.00642	0.00473	0.00434	0.02398	0.00649	0.00940	0.01082	0.01682	0.01041	0.17188	0.63539	0.00537	0.00858	0.00436	0.05601	0.00334
3	0.00787	0.00736	0.01126	0.55134	0.13293	0.03034	0.00968	0.01107	0.08942	0.01108	0.04736	0.01191	0.00777	0.02338	0.03035	0.00147	0.00491	0.00375	0.00212	0.00464
4	0.01739	0.00660	0.00900	0.00690	0.00990	0.00570	0.00570	0.01889	0.01110	0.84226	0.01529	0.01320	0.00960	0.00480	0.00390	0.00120	0.00330	0.00390	0.00480	0.00660
5	0.74402	0.00761	0.00649	0.00593	0.02969	0.00863	0.00467	0.04896	0.02524	0.06783	0.01782	0.00743	0.00529	0.00381	0.00266	0.00120	0.00310	0.00242	0.00266	0.00454
6	0.89114	0.00750	0.00570	0.00510	0.00750	0.00870	0.00420	0.01140	0.00660	0.01739	0.00540	0.00630	0.00420	0.00360	0.00240	0.00120	0.00300	0.00210	0.00240	0.00420
7	0.01445	0.01082	0.01137	0.00884	0.01185	0.03615	0.00725	0.73239	0.07119	0.04145	0.00977	0.00966	0.00696	0.00468	0.00387	0.00117	0.00425	0.00353	0.00385	0.00650
8	0.01636	0.00825	0.01002	0.00768	0.01072	0.00816	0.00635	0.33291	0.01387	0.52433	0.01297	0.01168	0.00843	0.00474	0.00389	0.00119	0.00367	0.00374	0.00444	0.00660
9	0.81276	0.00764	0.00613	0.00536	0.00782	0.00875	0.00442	0.05365	0.00737	0.04916	0.00598	0.00672	0.00453	0.00370	0.00253	0.00120	0.00308	0.00224	0.00257	0.00441
10	0.01509	0.00666	0.00867	0.00679	0.00956	0.00601	0.00554	0.05430	0.06381	0.62462	0.09571	0.01437	0.01205	0.00502	0.00391	0.00117	0.00316	0.00413	0.00451	0.05491
11	0.00508	0.00392	0.00588	0.00620	0.00670	0.00367	0.06585	0.00594	0.00751	0.01003	0.02014	0.77788	0.02388	0.03071	0.00525	0.00160	0.00261	0.01041	0.00345	0.00329
12	0.00487	0.00348	0.00467	0.00557	0.00586	0.00328	0.00386	0.00566	0.00757	0.01006	0.02128	0.78057	0.02531	0.01200	0.00499	0.00160	0.00238	0.09019	0.00360	0.00319
13	0.00904	0.01026	0.02233	0.01599	0.01982	0.00962	0.80029	0.01226	0.00921	0.01251	0.03328	0.01102	0.00682	0.00341	0.00458	0.00130	0.00639	0.00465	0.00203	0.00518
14	0.00864	0.00725	0.00836	0.00603	0.00944	0.00579	0.00484	0.08342	0.00896	0.01370	0.00711	0.00815	0.00582	0.00303	0.00296	0.00063	0.00300	0.00240	0.00244	0.80803
15	0.00500	0.00358	0.00459	0.00507	0.00546	0.00335	0.00342	0.00586	0.00804	0.01086	0.20147	0.53323	0.06168	0.12146	0.00676	0.00177	0.00234	0.00931	0.00358	0.00316
16	0.00472	0.00337	0.00450	0.00540	0.00562	0.00315	0.00360	0.00540	0.00742	0.00990	0.02137	0.86122	0.02564	0.01215	0.00495	0.00157	0.00225	0.01102	0.00360	0.00315
17	0.01036	0.86609	0.02032	0.00663	0.00995	0.01534	0.00663	0.01161	0.00788	0.00912	0.00539	0.00622	0.00498	0.00332	0.00249	0.00083	0.00415	0.00207	0.00166	0.00498
18	0.01451	0.01773	0.01105	0.00988	0.01199	0.76570	0.00748	0.09551	0.01170	0.01096	0.00632	0.00722	0.00515	0.00406	0.00353	0.00102	0.00672	0.00259	0.00218	0.00470
19	0.00882	0.00961	0.02074	0.01500	0.01846	0.00903	0.72769	0.01155	0.00871	0.01181	0.00801	0.02787	0.00637	0.00445	0.00563	0.08871	0.00614	0.00459	0.00197	0.00484
20	0.00482	0.00383	0.00432	0.00443	0.00544	0.00334	0.00323	0.00593	0.00905	0.01152	0.21789	0.19441	0.49843	0.00984	0.00465	0.00134	0.00199	0.00846	0.00375	0.00334
21	0.83787	0.00744	0.00590	0.00521	0.00764	0.00851	0.00429	0.01185	0.00687	0.06768	0.00600	0.00672	0.00453	0.00367	0.00249	0.00120	0.00302	0.00221	0.00255	0.00434
22	0.04868	0.00588	0.00687	0.00709	0.03306	0.08788	0.03985	0.00771	0.00746	0.01004	0.01453	0.35999	0.01611	0.10035	0.18396	0.00269	0.01888	0.04266	0.00278	0.00353
23	0.00943	0.00905	0.03652	0.10357	0.63198	0.00894	0.03632	0.02802	0.00887	0.03492	0.00800	0.04071	0.00680	0.00392	0.00402	0.00120	0.01608	0.00376	0.00207	0.00581
24	0.01381	0.05788	0.01121	0.00962	0.01170	0.72576	0.00732	0.01580	0.09189	0.01013	0.00693	0.00769	0.00567	0.00409	0.00349	0.00102	0.00647	0.00266	0.00217	0.00468
25	0.00812	0.00644	0.01129	0.02996	0.03158	0.00616	0.23332	0.01027	0.00927	0.09393	0.06644	0.04333	0.05010	0.00755	0.00484	0.00151	0.00423	0.37408	0.00321	0.00439
26	0.00897	0.16183	0.34554	0.06276	0.05679	0.07198	0.14886	0.02067	0.00865	0.01157	0.02411	0.03155	0.00640	0.00388	0.00367	0.00115	0.00536	0.00335	0.00188	0.02102
27	0.18998	0.01265	0.04257	0.00807	0.01003	0.42497	0.02479	0.01226	0.00939	0.01173	0.04930	0.10133	0.04791	0.00545	0.00363	0.00117	0.00501	0.03306	0.00247	0.00423

[dist]
# distance from previous block
# <min> <max>
0	7

[block]
# block no. 4 follows, 70 sequences, length 49
# corresponding to MSA columns:
# 715-754,760-768
name=unknown_E
#
# <colnr> <probs for GDERKNQSTAVLIFYWHMCP>
#	G	D	E	R	K	N	Q	S	T	A	V	L	I	F	Y	W	H	M	C	P
0	0.00882	0.00813	0.04620	0.00944	0.14835	0.01713	0.02262	0.02884	0.04683	0.03797	0.01666	0.02078	0.00678	0.00341	0.00326	0.00081	0.00344	0.00290	0.00242	0.56519
1	0.00506	0.00376	0.00481	0.00515	0.00582	0.00349	0.00368	0.00613	0.00840	0.01128	0.20663	0.43362	0.15440	0.02254	0.06247	0.00178	0.00273	0.03169	0.00360	0.02296
2	0.01024	0.00876	0.01943	0.00824	0.02170	0.00935	0.03014	0.16397	0.48880	0.01679	0.01250	0.01210	0.00942	0.00467	0.00390	0.00117	0.01687	0.00383	0.00351	0.15461
3	0.00716	0.00711	0.06019	0.07793	0.21038	0.00638	0.10606	0.00915	0.00865	0.02090	0.10253	0.23545	0.04927	0.00709	0.00445	0.00136	0.00383	0.07480	0.00282	0.00450
4	0.00826	0.12183	0.72983	0.01044	0.01584	0.00971	0.01325	0.01231	0.00820	0.02638	0.00691	0.00804	0.00500	0.00366	0.00354	0.00118	0.00550	0.00279	0.00169	0.00565
5	0.00870	0.00876	0.04470	0.32706	0.51205	0.00898	0.01157	0.01118	0.00841	0.01164	0.00713	0.00981	0.00574	0.00362	0.00385	0.00121	0.00485	0.00343	0.00184	0.00546
6	0.01739	0.00660	0.00900	0.00690	0.00990	0.00570	0.00570	0.01889	0.01110	0.84226	0.01529	0.01320	0.00960	0.00480	0.00390	0.00120	0.00330	0.00390	0.00480	0.00660
7	0.00535	0.00394	0.00517	0.00568	0.02821	0.00371	0.00392	0.00650	0.00880	0.02333	0.27896	0.43198	0.13094	0.01007	0.00489	0.00142	0.01829	0.02162	0.00374	0.00348
8	0.03160	0.02600	0.03245	0.00808	0.02937	0.06772	0.00658	0.24022	0.02402	0.44358	0.03056	0.02324	0.00890	0.00477	0.00383	0.00117	0.00388	0.00375	0.00405	0.00622
9	0.00481	0.00378	0.00435	0.00453	0.00546	0.00332	0.00328	0.00589	0.00891	0.01141	0.20577	0.25927	0.44535	0.01004	0.00468	0.00136	0.00201	0.00870	0.00374	0.00332
10	0.00677	0.00427	0.00528	0.00517	0.00631	0.00387	0.00384	0.00825	0.03264	0.12530	0.23636	0.27400	0.24278	0.00921	0.00459	0.00136	0.00225	0.01993	0.00395	0.00388
11	0.00969	0.00904	0.01469	0.04513	0.70281	0.00923	0.01104	0.05234	0.06124	0.01326	0.00804	0.01030	0.00669	0.02481	0.00424	0.00123	0.00449	0.00357	0.00215	0.00602
12	0.01029	0.84305	0.04273	0.00675	0.01014	0.01517	0.00684	0.01163	0.00789	0.00921	0.00543	0.00627	0.00497	0.00333	0.00252	0.00084	0.00419	0.00209	0.00166	0.00500
13	0.02531	0.00550	0.00671	0.00594	0.00754	0.00546	0.00462	0.03543	0.16308	0.15870	0.49272	0.02276	0.02567	0.00675	0.00429	0.00124	0.00243	0.01688	0.00424	0.00472
14	0.00564	0.00376	0.00423	0.00423	0.00423	0.00376	0.00235	0.00564	0.00564	0.00752	0.01222	0.02537	0.01409	0.86375	0.01973	0.00376	0.00376	0.00564	0.00235	0.00235
15	0.00533	0.00458	0.00465	0.00452	0.00596	0.00422	0.00342	0.00780	0.13131	0.01133	0.03578	0.03391	0.71517	0.00914	0.00449	0.00131	0.00213	0.00762	0.00365	0.00370
16	0.01502	0.01040	0.01135	0.00870	0.01179	0.01134	0.00719	0.73985	0.01746	0.11231	0.00995	0.00973	0.00692	0.00467	0.00388	0.00117	0.00416	0.00353	0.00398	0.00659
17	0.01739	0.00660	0.00900	0.00690	0.00990	0.00570	0.00570	0.01889	0.01110	0.84226	0.01529	0.01320	0.00960	0.00480	0.00390	0.00120	0.00330	0.00390	0.00480	0.00660
18	0.04866	0.00683	0.00885	0.00695	0.00983	0.00626	0.00569	0.01881	0.10570	0.71660	0.01499	0.01309	0.00966	0.00481	0.00385	0.00121	0.00326	0.00389	0.00461	0.00646
19	0.00778	0.02005	0.84367	0.01105	0.01678	0.00900	0.01432	0.01228	0.00818	0.01228	0.00696	0.00818	0.00491	0.00368	0.00368	0.00123	0.00573	0.00286	0.00164	0.00573
20	0.00732	0.00689	0.01163	0.85444	0.02670	0.00861	0.01077	0.00991	0.00775	0.00991	0.00689	0.01034	0.00517	0.00388	0.00388	0.00129	0.00517	0.00345	0.00172	0.00431
21	0.01025	0.82873	0.05667	0.00683	0.01025	0.01506	0.00697	0.01164	0.00789	0.00926	0.00546	0.00631	0.00497	0.00333	0.00254	0.00085	0.00422	0.00211	0.00166	0.00501
22	0.00463	0.00392	0.00396	0.00396	0.00522	0.00330	0.00294	0.00560	0.00879	0.01050	0.05616	0.03678	0.79656	0.03434	0.00502	0.00138	0.00201	0.00808	0.00358	0.00325
23	0.00604	0.00450	0.00648	0.00635	0.00701	0.00525	0.00489	0.00744	0.02171	0.02761	0.01086	0.05167	0.01043	0.08439	0.66720	0.00537	0.06254	0.00450	0.00223	0.00354
24	0.00964	0.00833	0.00877	0.00789	0.01008	0.00964	0.00614	0.02060	0.83257	0.01622	0.01578	0.01446	0.01183	0.00526	0.00394	0.00131	0.00307	0.00438	0.00394	0.00614
25	0.89114	0.00750	0.00570	0.00510	0.00750	0.00870	0.00420	0.01140	0.00660	0.01739	0.00540	0.00630	0.00420	0.00360	0.00240	0.00120	0.00300	0.00210	0.00240	0.00420
26	0.01036	0.86609	0.02032	0.00663	0.00995	0.01534	0.00663	0.01161	0.00788	0.00912	0.00539	0.00622	0.00498	0.00332	0.00249	0.00083	0.00415	0.00207	0.00166	0.00498
27	0.27133	0.00959	0.04009	0.03963	0.01959	0.02157	0.00660	0.41751	0.01297	0.08610	0.00850	0.00886	0.00609	0.00426	0.00340	0.00117	0.00387	0.00308	0.03014	0.00565
28	0.00488	0.00394	0.00433	0.00424	0.00542	0.00340	0.00318	0.00613	0.00953	0.01212	0.29822	0.03460	0.57802	0.00920	0.00458	0.00128	0.00192	0.00780	0.00382	0.00340
29	0.00814	0.00644	0.00726	0.00645	0.00788	0.04834	0.03103	0.12716	0.08475	0.03959	0.09988	0.07470	0.16225	0.11448	0.08345	0.00203	0.02843	0.01590	0.04761	0.00423
30	0.00470	0.00392	0.00414	0.00420	0.00541	0.00337	0.00316	0.00572	0.00873	0.01056	0.05944	0.07755	0.72186	0.01061	0.03568	0.00151	0.00233	0.03026	0.00356	0.00329
31	0.01170	0.01311	0.01139	0.01293	0.23144	0.43386	0.00815	0.04383	0.01012	0.02403	0.02656	0.07806	0.01714	0.00535	0.02072	0.00124	0.02976	0.01346	0.00230	0.00487
32	0.00471	0.00392	0.00412	0.00410	0.00532	0.00332	0.00306	0.00580	0.00910	0.01116	0.14975	0.05858	0.70448	0.00962	0.00459	0.00130	0.00195	0.00810	0.00369	0.00332
33	0.00464	0.00393	0.00402	0.00405	0.00532	0.00331	0.00305	0.00565	0.00886	0.01060	0.05668	0.05280	0.78668	0.00984	0.00461	0.00132	0.00200	0.02575	0.00361	0.00329
34	0.00979	0.02725	0.00949	0.00879	0.05703	0.00981	0.00651	0.04186	0.74574	0.01608	0.01490	0.01387	0.01122	0.00510	0.00390	0.00129	0.00321	0.00426	0.00378	0.00612
35	0.01034	0.00927	0.03006	0.05802	0.65552	0.02546	0.04279	0.01262	0.00906	0.09738	0.00808	0.00995	0.00640	0.00362	0.00386	0.00117	0.00464	0.00351	0.00220	0.00603
36	0.01095	0.67186	0.03098	0.00759	0.02734	0.12069	0.00698	0.03936	0.03532	0.01002	0.00599	0.00679	0.00528	0.00352	0.00275	0.00089	0.00451	0.00229	0.00185	0.00504
37	0.85605	0.02081	0.02654	0.00527	0.00776	0.00881	0.00448	0.01142	0.00666	0.01714	0.00544	0.00634	0.00423	0.00360	0.00243	0.00119	0.00308	0.00212	0.00237	0.00425
38	0.00496	0.00409	0.00438	0.00432	0.00556	0.00359	0.00325	0.00647	0.03867	0.01166	0.19225	0.05291	0.62563	0.00935	0.00457	0.00130	0.00200	0.01784	0.00374	0.00345
39	0.00901	0.01115	0.17143	0.08761	0.35838	0.00921	0.18055	0.01246	0.06086	0.02382	0.01718	0.01012	0.00650	0.00374	0.00415	0.00123	0.02120	0.00368	0.00205	0.00566
40	0.00911	0.13278	0.46096	0.00941	0.01367	0.03414	0.02537	0.06027	0.09158	0.04391	0.06588	0.01056	0.01727	0.00425	0.00365	0.00117	0.00481	0.00335	0.00234	0.00553
41	0.05366	0.19667	0.40013	0.07220	0.07067	0.01052	0.03090	0.07715	0.02011	0.01272	0.00730	0.00852	0.01582	0.00377	0.00344	0.00114	0.00496	0.00292	0.00195	0.00545
42	0.01007	0.01025	0.11287	0.09530	0.18722	0.03725	0.00886	0.20626	0.16241	0.01580	0.07970	0.01218	0.00975	0.01667	0.01727	0.00132	0.00436	0.00387	0.00291	0.00566
43	0.00559	0.00385	0.00460	0.00467	0.00488	0.00383	0.00295	0.00606	0.00685	0.00934	0.14225	0.13661	0.01913	0.56369	0.01460	0.00293	0.01910	0.02973	0.01659	0.00275
44	0.00945	0.04742	0.30029	0.01042	0.01444	0.00856	0.19148	0.04496	0.03427	0.09497	0.03229	0.01041	0.00715	0.00397	0.00409	0.00115	0.03229	0.01439	0.00238	0.13563
45	0.00472	0.00337	0.00450	0.00540	0.00562	0.00315	0.00360	0.00540	0.00742	0.00990	0.02137	0.86122	0.02564	0.01215	0.00495	0.00157	0.00225	0.01102	0.00360	0.00315
46	0.00732	0.00689	0.01163	0.85444	0.02670	0.00861	0.01077	0.00991	0.00775	0.00991	0.00689	0.01034	0.00517	0.00388	0.00388	0.00129	0.00517	0.00345	0.00172	0.00431
47	0.00910	0.00874	0.01503	0.16138	0.66414	0.00900	0.03456	0.01145	0.00863	0.01214	0.00753	0.02714	0.00637	0.00370	0.00389	0.00119	0.00471	0.00364	0.00192	0.00575
48	0.01036	0.86609	0.02032	0.00663	0.00995	0.01534	0.00663	0.01161	0.00788	0.00912	0.00539	0.00622	0.00498	0.00332	0.00249	0.00083	0.00415	0.00207	0.00166	0.00498

[dist]
# distance from previous block
# <min> <max>
0	0

# created by:
# /st0/software/busco_prod/Augustus/scripts/msa2prfl.pl ./align_prep/101190.fa
