[name]
unknown

[dist]
# distance from previous block
# <min> <max>
2	227

[block]
# block no. 0 follows, 54 sequences, length 52
# corresponding to MSA columns:
# 275-310,317-332
name=unknown_A
#
# <colnr> <probs for GDERKNQSTAVLIFYWHMCP>
#	G	D	E	R	K	N	Q	S	T	A	V	L	I	F	Y	W	H	M	C	P
0	0.02508	0.02660	0.17639	0.01052	0.05526	0.03974	0.02952	0.09750	0.03833	0.05394	0.15636	0.04895	0.01533	0.02037	0.00526	0.00141	0.02932	0.00501	0.00347	0.16164
1	0.01091	0.14760	0.17950	0.01171	0.08884	0.03914	0.06278	0.03867	0.01115	0.06236	0.12398	0.03761	0.02401	0.00687	0.03720	0.00158	0.00540	0.01611	0.00308	0.09149
2	0.03657	0.02090	0.00814	0.00746	0.00888	0.01887	0.00566	0.07005	0.05516	0.05239	0.07190	0.20129	0.05202	0.08825	0.20531	0.00333	0.02477	0.02704	0.00373	0.03828
3	0.02756	0.03812	0.08722	0.01284	0.08641	0.05848	0.14802	0.07461	0.05523	0.11620	0.04155	0.01691	0.02636	0.05388	0.07197	0.00215	0.01821	0.03609	0.00336	0.02482
4	0.03787	0.17585	0.07839	0.05541	0.04701	0.04194	0.08871	0.08884	0.08874	0.05225	0.01079	0.02617	0.00882	0.00504	0.00427	0.00130	0.00519	0.03268	0.00307	0.14765
5	0.01265	0.78614	0.02386	0.00821	0.01211	0.04856	0.00805	0.01416	0.00968	0.01111	0.00673	0.00786	0.00619	0.00482	0.02270	0.00117	0.00536	0.00260	0.00204	0.00598
6	0.00873	0.00629	0.03075	0.00660	0.00828	0.02064	0.00509	0.01069	0.04623	0.12670	0.12785	0.25019	0.26550	0.04066	0.00611	0.00173	0.00311	0.00919	0.00451	0.02115
7	0.00580	0.00415	0.00546	0.00646	0.00678	0.00387	0.00431	0.00664	0.00912	0.01215	0.04660	0.76498	0.05206	0.03917	0.00653	0.00197	0.00277	0.01299	0.00435	0.00382
8	0.11400	0.00813	0.01034	0.04023	0.01223	0.00766	0.00688	0.04484	0.03030	0.55872	0.05383	0.01613	0.01231	0.00653	0.02326	0.00160	0.00420	0.01435	0.00510	0.02936
9	0.04048	0.00795	0.04088	0.06902	0.10313	0.00733	0.05139	0.02491	0.05067	0.13045	0.17797	0.07946	0.13448	0.00817	0.00554	0.02742	0.00401	0.02711	0.00405	0.00562
10	0.04979	0.01088	0.01162	0.00952	0.01251	0.03553	0.00775	0.45412	0.07160	0.07804	0.07982	0.04716	0.02761	0.00696	0.00488	0.00150	0.00456	0.06200	0.01722	0.00694
11	0.01185	0.00999	0.01062	0.00943	0.01207	0.01143	0.00736	0.08531	0.67665	0.02047	0.07604	0.01838	0.01609	0.00658	0.00485	0.00158	0.00374	0.00548	0.00482	0.00729
12	0.03473	0.04308	0.07135	0.07384	0.04413	0.03029	0.23979	0.07453	0.04050	0.06574	0.06840	0.03331	0.08302	0.04386	0.03094	0.00184	0.00584	0.00563	0.00326	0.00595
13	0.01038	0.00807	0.01057	0.02314	0.08055	0.06178	0.03584	0.02706	0.03068	0.10143	0.04589	0.05852	0.04762	0.02683	0.24355	0.02002	0.07582	0.06148	0.02549	0.00527
14	0.01001	0.00857	0.01107	0.00969	0.01177	0.00960	0.07812	0.05224	0.37465	0.01628	0.01690	0.07097	0.03201	0.06094	0.18270	0.00310	0.03563	0.00592	0.00383	0.00602
15	0.03242	0.01039	0.01632	0.29505	0.40324	0.01130	0.01290	0.11517	0.01178	0.03318	0.00918	0.01193	0.00717	0.00461	0.00465	0.00146	0.00570	0.00417	0.00265	0.00674
16	0.01090	0.02921	0.09116	0.07446	0.13054	0.06824	0.05919	0.09523	0.03896	0.03492	0.09628	0.09365	0.05597	0.02840	0.00630	0.01044	0.06110	0.00584	0.00330	0.00590
17	0.02591	0.00516	0.00632	0.00623	0.00737	0.00482	0.00452	0.00988	0.01020	0.12274	0.13520	0.20291	0.13171	0.18866	0.00944	0.00229	0.00331	0.07101	0.04792	0.00440
18	0.00814	0.00521	0.00649	0.00646	0.00744	0.00509	0.00460	0.05092	0.01027	0.07412	0.11423	0.31315	0.07943	0.14763	0.08768	0.00271	0.00411	0.00897	0.05895	0.00437
19	0.03700	0.25431	0.12350	0.03416	0.13248	0.04485	0.07705	0.04359	0.01015	0.02692	0.00933	0.02784	0.00829	0.07831	0.04781	0.02593	0.00603	0.00409	0.00245	0.00592
20	0.02534	0.00836	0.02521	0.08562	0.10746	0.02893	0.02581	0.08569	0.04796	0.08887	0.06121	0.16926	0.07941	0.05715	0.03569	0.00200	0.02969	0.02701	0.00376	0.00559
21	0.00721	0.00469	0.00574	0.00592	0.00677	0.00438	0.00421	0.00833	0.00994	0.04601	0.15627	0.23141	0.15840	0.14775	0.00913	0.04152	0.00307	0.06103	0.08424	0.00398
22	0.04329	0.05306	0.01478	0.05940	0.14437	0.07720	0.09169	0.14524	0.10897	0.02761	0.01272	0.04456	0.02539	0.00800	0.06293	0.00193	0.02060	0.03511	0.01679	0.00636
23	0.05749	0.12686	0.08847	0.09098	0.13721	0.04008	0.14471	0.05063	0.02096	0.10895	0.01008	0.01188	0.00769	0.00593	0.03824	0.00167	0.02164	0.00413	0.02594	0.00646
24	0.08031	0.00738	0.02252	0.05439	0.04100	0.02131	0.01828	0.05311	0.02506	0.09850	0.02995	0.17655	0.05328	0.08639	0.10808	0.01372	0.04251	0.03660	0.02600	0.00506
25	0.02446	0.00563	0.00726	0.02173	0.00851	0.00586	0.00538	0.03770	0.02376	0.05519	0.17024	0.17319	0.10676	0.05709	0.19770	0.00319	0.03443	0.02971	0.02764	0.00456
26	0.07453	0.10523	0.14559	0.08875	0.11621	0.06787	0.01019	0.08859	0.02888	0.05291	0.13458	0.01475	0.01303	0.01696	0.00494	0.00146	0.02174	0.00446	0.00317	0.00619
27	0.01102	0.03110	0.01502	0.31483	0.19770	0.02545	0.06626	0.04685	0.02780	0.07507	0.05060	0.01578	0.06145	0.00548	0.00498	0.00150	0.02035	0.00488	0.01780	0.00609
28	0.00800	0.00542	0.00639	0.00650	0.00728	0.02720	0.00458	0.00919	0.04521	0.05334	0.09314	0.22966	0.08153	0.19489	0.01140	0.11772	0.00363	0.06740	0.02358	0.00392
29	0.03065	0.01212	0.05790	0.06939	0.13083	0.01142	0.43159	0.09270	0.02510	0.01656	0.01014	0.02734	0.00794	0.00522	0.02268	0.00166	0.00686	0.00508	0.02836	0.00648
30	0.01137	0.12393	0.14830	0.12585	0.10873	0.05718	0.09114	0.02992	0.09320	0.02509	0.00927	0.01137	0.00736	0.00521	0.00616	0.00152	0.13149	0.00405	0.00253	0.00633
31	0.01576	0.01278	0.01277	0.01039	0.01360	0.07885	0.00832	0.48556	0.23378	0.02468	0.01329	0.01358	0.00997	0.03812	0.00545	0.00157	0.00503	0.00455	0.00448	0.00746
32	0.01250	0.01120	0.02449	0.05258	0.40073	0.05403	0.04693	0.07364	0.08383	0.07019	0.02487	0.01340	0.01927	0.00617	0.03662	0.00167	0.02796	0.00447	0.00306	0.03237
33	0.01165	0.00760	0.00843	0.00759	0.00957	0.04388	0.00577	0.05350	0.15684	0.18898	0.05388	0.13579	0.12223	0.08715	0.05712	0.00221	0.00429	0.00701	0.03079	0.00570
34	0.00694	0.00521	0.00759	0.00728	0.00810	0.00570	0.03550	0.00829	0.00770	0.01087	0.01438	0.02231	0.04139	0.23119	0.54085	0.00624	0.00985	0.00568	0.02096	0.00395
35	0.02291	0.01006	0.01579	0.09210	0.43008	0.01043	0.04699	0.04557	0.11939	0.04607	0.08052	0.03594	0.01230	0.00541	0.00482	0.00148	0.00504	0.00503	0.00319	0.00687
36	0.00644	0.00532	0.00601	0.04295	0.00820	0.00497	0.00457	0.00878	0.06982	0.01415	0.16342	0.09074	0.50280	0.02662	0.00587	0.00166	0.00275	0.02617	0.00441	0.00435
37	0.00715	0.00457	0.00607	0.00673	0.00743	0.00422	0.00475	0.00824	0.00984	0.07653	0.07580	0.63625	0.06032	0.01351	0.00590	0.00185	0.00289	0.05916	0.00454	0.00424
38	0.00890	0.00694	0.00759	0.00720	0.00844	0.00759	0.00505	0.01485	0.34850	0.01450	0.04808	0.09286	0.01810	0.35929	0.01307	0.00288	0.00392	0.00677	0.02046	0.00502
39	0.02567	0.00977	0.05026	0.34208	0.12323	0.02892	0.03933	0.02942	0.00968	0.03538	0.00931	0.01281	0.00749	0.00830	0.08847	0.00218	0.11720	0.00426	0.05064	0.00562
40	0.01217	0.01026	0.01082	0.00959	0.01232	0.01182	0.00750	0.08719	0.71725	0.02050	0.01847	0.01708	0.01383	0.00632	0.00476	0.00157	0.00382	0.00522	0.02205	0.00745
41	0.01393	0.01056	0.01115	0.00959	0.01254	0.04012	0.00756	0.10600	0.55450	0.13466	0.01760	0.01620	0.01285	0.00612	0.00473	0.00153	0.00409	0.00499	0.00481	0.02648
42	0.01113	0.01272	0.02782	0.01987	0.02464	0.01192	0.78776	0.01510	0.01113	0.01510	0.00954	0.01272	0.00715	0.00397	0.00556	0.00159	0.00795	0.00556	0.00238	0.00636
43	0.00978	0.00838	0.00978	0.00698	0.01117	0.00629	0.00559	0.01187	0.00978	0.01536	0.00838	0.00978	0.00698	0.00349	0.00349	0.00070	0.00349	0.00279	0.00279	0.86312
44	0.01855	0.00772	0.01023	0.00809	0.01122	0.00693	0.00652	0.04761	0.03069	0.63838	0.05401	0.03600	0.01395	0.06925	0.01694	0.00179	0.00409	0.00527	0.00544	0.00731
45	0.01019	0.01012	0.01419	0.01220	0.01223	0.01413	0.01016	0.01124	0.00723	0.01133	0.00642	0.01061	0.00639	0.00924	0.04454	0.00226	0.79613	0.00416	0.00208	0.00512
46	0.00764	0.00491	0.00621	0.00614	0.00729	0.00444	0.00447	0.00916	0.01141	0.09310	0.34067	0.26966	0.16404	0.04112	0.00629	0.00174	0.00266	0.00977	0.00479	0.00448
47	0.00837	0.00556	0.00637	0.00601	0.00777	0.00498	0.00461	0.02726	0.03977	0.12054	0.12719	0.11154	0.46301	0.01082	0.00549	0.00161	0.00280	0.03684	0.00469	0.00479
48	0.01274	0.00780	0.00941	0.00855	0.01086	0.00801	0.00683	0.06056	0.25600	0.22813	0.03890	0.13673	0.03900	0.00878	0.00529	0.00170	0.00379	0.14557	0.00493	0.00642
49	0.00917	0.00554	0.00664	0.00615	0.00791	0.00491	0.00473	0.02552	0.01174	0.16799	0.18056	0.10715	0.36661	0.03282	0.00597	0.00168	0.00290	0.04235	0.00478	0.00490
50	0.01196	0.00577	0.00748	0.00673	0.00858	0.00518	0.00513	0.01358	0.01168	0.30770	0.17351	0.21913	0.07590	0.02408	0.00545	0.00160	0.00306	0.00792	0.10000	0.00555
51	0.03788	0.00709	0.00891	0.00750	0.01007	0.00652	0.00596	0.07363	0.01276	0.41146	0.07893	0.11122	0.13364	0.03738	0.00575	0.00166	0.00362	0.03461	0.00509	0.00632

[dist]
# distance from previous block
# <min> <max>
0	4

[block]
# block no. 1 follows, 54 sequences, length 8
# corresponding to MSA columns:
# 337-344
name=unknown_B
#
# <colnr> <probs for GDERKNQSTAVLIFYWHMCP>
#	G	D	E	R	K	N	Q	S	T	A	V	L	I	F	Y	W	H	M	C	P
0	0.04887	0.00723	0.00872	0.00762	0.00982	0.00715	0.00590	0.07203	0.12146	0.26127	0.15697	0.13609	0.04655	0.06557	0.00639	0.00178	0.00354	0.02210	0.00488	0.00604
1	0.01097	0.00791	0.00899	0.00799	0.00978	0.00841	0.00610	0.30097	0.03325	0.01865	0.03593	0.17968	0.07019	0.12719	0.04488	0.04699	0.00449	0.04740	0.02489	0.00534
2	0.00976	0.00655	0.00758	0.00731	0.00880	0.02951	0.00548	0.04014	0.12068	0.11410	0.10764	0.27345	0.06102	0.04435	0.04414	0.00204	0.00379	0.04462	0.06384	0.00517
3	0.00780	0.00497	0.00632	0.00646	0.00752	0.00462	0.00472	0.00946	0.02886	0.08913	0.21192	0.35091	0.11397	0.05035	0.00651	0.00184	0.00289	0.05756	0.02972	0.00448
4	0.06387	0.00671	0.00850	0.00774	0.00889	0.05974	0.07314	0.00932	0.00907	0.01274	0.12623	0.08343	0.03780	0.09743	0.08193	0.23394	0.00500	0.02996	0.04073	0.00383
5	0.01195	0.04620	0.01295	0.08152	0.05582	0.00914	0.03170	0.05410	0.03961	0.01720	0.01336	0.11110	0.01243	0.00680	0.00507	0.00149	0.00479	0.02208	0.00374	0.45896
6	0.01415	0.08488	0.05473	0.04631	0.01459	0.09743	0.03330	0.26943	0.14184	0.05504	0.01238	0.03204	0.02372	0.02111	0.00588	0.00154	0.07667	0.00452	0.00370	0.00675
7	0.03282	0.02959	0.07726	0.14824	0.15082	0.05334	0.07097	0.06711	0.07298	0.03445	0.01347	0.11428	0.04337	0.00630	0.00497	0.00150	0.01934	0.00551	0.00308	0.05060

[dist]
# distance from previous block
# <min> <max>
1	44

[block]
# block no. 2 follows, 54 sequences, length 73
# corresponding to MSA columns:
# 389-412,415-463
name=unknown_C
#
# <colnr> <probs for GDERKNQSTAVLIFYWHMCP>
#	G	D	E	R	K	N	Q	S	T	A	V	L	I	F	Y	W	H	M	C	P
0	0.02682	0.01184	0.06793	0.01272	0.09014	0.07248	0.08056	0.13952	0.08458	0.08866	0.04311	0.05349	0.02969	0.00692	0.01592	0.02102	0.11979	0.00503	0.00348	0.02628
1	0.08135	0.01072	0.04012	0.11740	0.04882	0.04930	0.03538	0.14448	0.08768	0.10585	0.01160	0.04410	0.00904	0.00522	0.00437	0.00133	0.00482	0.00427	0.00354	0.19064
2	0.05335	0.03011	0.04024	0.08524	0.03484	0.12699	0.05960	0.04784	0.04425	0.04970	0.01046	0.03839	0.02096	0.00761	0.06340	0.00181	0.10482	0.00422	0.00287	0.17330
3	0.04432	0.02845	0.01255	0.00993	0.01297	0.08172	0.00803	0.50469	0.01802	0.05274	0.04558	0.07985	0.03020	0.00725	0.02154	0.00158	0.02418	0.00514	0.00432	0.00693
4	0.00986	0.00879	0.01189	0.26926	0.07858	0.02282	0.01872	0.03688	0.13655	0.01543	0.06828	0.03330	0.03885	0.00564	0.00459	0.00136	0.00465	0.01994	0.00319	0.21142
5	0.17281	0.00589	0.00623	0.00631	0.00755	0.00610	0.00455	0.02637	0.05397	0.03230	0.03394	0.30092	0.09300	0.13770	0.00785	0.00211	0.00330	0.03016	0.06455	0.00439
6	0.01160	0.00674	0.00837	0.00754	0.00926	0.00679	0.00573	0.04065	0.17043	0.18188	0.06030	0.04127	0.04831	0.07756	0.01009	0.22502	0.00388	0.06129	0.00407	0.01921
7	0.01372	0.01147	0.01249	0.11551	0.09375	0.11377	0.00894	0.22234	0.14116	0.08183	0.01499	0.05999	0.05511	0.02729	0.00528	0.00156	0.00516	0.00519	0.00387	0.00660
8	0.00879	0.00503	0.00632	0.00631	0.00721	0.00467	0.00434	0.00962	0.00941	0.14660	0.05141	0.32634	0.08094	0.27930	0.01161	0.00267	0.00354	0.02747	0.00416	0.00427
9	0.00824	0.00519	0.00632	0.00622	0.00761	0.00465	0.00458	0.02742	0.01119	0.12343	0.15193	0.31295	0.28921	0.01159	0.00559	0.00167	0.00277	0.01008	0.00471	0.00465
10	0.00695	0.00535	0.00790	0.00778	0.00855	0.00635	0.00606	0.00854	0.00753	0.01091	0.01232	0.01844	0.01163	0.05954	0.74292	0.00716	0.06028	0.00506	0.00251	0.00422
11	0.00656	0.00445	0.00582	0.00640	0.00698	0.00414	0.00441	0.00765	0.00991	0.04048	0.17112	0.56107	0.05149	0.07248	0.00718	0.00201	0.00284	0.02651	0.00447	0.00403
12	0.34207	0.00870	0.00895	0.00763	0.01052	0.00925	0.00616	0.08248	0.11240	0.23951	0.01461	0.06480	0.02852	0.00615	0.00414	0.00151	0.00378	0.01830	0.02417	0.00633
13	0.01862	0.01025	0.01201	0.00931	0.01283	0.01045	0.00766	0.37189	0.04409	0.37897	0.01511	0.01404	0.01012	0.00575	0.00465	0.00142	0.00443	0.00451	0.05610	0.00779
14	0.00705	0.00493	0.00567	0.00558	0.00597	0.00494	0.00347	0.00828	0.05520	0.01160	0.14948	0.05819	0.03905	0.59988	0.01873	0.00372	0.00401	0.00734	0.00345	0.00346
15	0.06595	0.00870	0.01042	0.00841	0.01144	0.00861	0.00689	0.22113	0.01514	0.36414	0.12431	0.02001	0.04017	0.00682	0.00484	0.00149	0.00399	0.04953	0.02106	0.00696
16	0.01079	0.00726	0.00860	0.00809	0.01013	0.00751	0.00642	0.01662	0.28970	0.14560	0.09018	0.10902	0.10646	0.00927	0.00538	0.00171	0.00352	0.15292	0.00483	0.00597
17	0.01026	0.01019	0.01441	0.01285	0.04156	0.01407	0.01034	0.01138	0.00736	0.01149	0.00648	0.01061	0.00640	0.00891	0.03877	0.00220	0.77127	0.00416	0.00209	0.00522
18	0.00698	0.00460	0.00543	0.00563	0.00594	0.00447	0.00352	0.00742	0.00800	0.03070	0.02902	0.19970	0.06535	0.53561	0.01736	0.00356	0.00396	0.03665	0.02273	0.00336
19	0.86760	0.00912	0.00693	0.00620	0.00912	0.01058	0.00511	0.01386	0.00802	0.02115	0.00657	0.00766	0.00511	0.00438	0.00292	0.00146	0.00365	0.00255	0.00292	0.00511
20	0.01987	0.00916	0.01154	0.00894	0.01255	0.00874	0.00736	0.16949	0.07053	0.60367	0.01725	0.01525	0.01117	0.00584	0.00474	0.00146	0.00422	0.00469	0.00555	0.00798
21	0.01113	0.01272	0.02782	0.01987	0.02464	0.01192	0.78776	0.01510	0.01113	0.01510	0.00954	0.01272	0.00715	0.00397	0.00556	0.00159	0.00795	0.00556	0.00238	0.00636
22	0.00601	0.00478	0.00520	0.00533	0.00657	0.00422	0.00394	0.00716	0.01026	0.01262	0.07544	0.07596	0.54960	0.12873	0.00829	0.00208	0.00289	0.08286	0.00420	0.00387
23	0.00819	0.00410	0.00614	0.00614	0.00614	0.00410	0.00410	0.00614	0.00614	0.00819	0.00819	0.01433	0.00819	0.01638	0.01843	0.86282	0.00410	0.00410	0.00205	0.00205
24	0.00760	0.00543	0.00760	0.00868	0.00977	0.00543	0.00760	0.00977	0.01085	0.01411	0.02496	0.05319	0.02714	0.01303	0.00651	0.00217	0.00434	0.77315	0.00434	0.00434
25	0.01173	0.01013	0.01066	0.00960	0.01226	0.01173	0.00746	0.02505	0.79636	0.01972	0.01919	0.01759	0.01439	0.00640	0.00480	0.00160	0.00373	0.00533	0.00480	0.00746
26	0.00667	0.00449	0.00520	0.00538	0.00543	0.00445	0.00311	0.00681	0.00723	0.00963	0.01675	0.16673	0.01953	0.69517	0.02095	0.00412	0.00426	0.00797	0.00311	0.00302
27	0.00705	0.00496	0.00630	0.00599	0.00727	0.00452	0.00458	0.00910	0.01280	0.04474	0.61326	0.03717	0.16090	0.01006	0.00559	0.00154	0.00243	0.05223	0.00504	0.00449
28	0.01792	0.01321	0.01415	0.01085	0.01462	0.01462	0.00896	0.78916	0.02217	0.02972	0.01132	0.01132	0.00802	0.00566	0.00472	0.00142	0.00519	0.00425	0.00472	0.00802
29	0.86760	0.00912	0.00693	0.00620	0.00912	0.01058	0.00511	0.01386	0.00802	0.02115	0.00657	0.00766	0.00511	0.00438	0.00292	0.00146	0.00365	0.00255	0.00292	0.00511
30	0.00576	0.00424	0.00540	0.00625	0.00677	0.00388	0.00425	0.00670	0.00949	0.01245	0.06382	0.67078	0.15475	0.01409	0.00593	0.00184	0.00266	0.01264	0.00441	0.00388
31	0.01625	0.01075	0.01210	0.00953	0.01278	0.01144	0.00778	0.48846	0.05784	0.15957	0.14724	0.01649	0.01515	0.00640	0.00487	0.00144	0.00441	0.00511	0.00499	0.00739
32	0.00574	0.00410	0.00547	0.00657	0.00684	0.00383	0.00438	0.00657	0.00903	0.01204	0.02599	0.83122	0.03119	0.01477	0.00602	0.00191	0.00274	0.01340	0.00438	0.00383
33	0.00674	0.00505	0.00758	0.00758	0.00842	0.00589	0.00589	0.00842	0.00758	0.01095	0.01263	0.01852	0.01179	0.03536	0.81561	0.00758	0.01263	0.00505	0.00253	0.00421
34	0.00686	0.00457	0.00514	0.00514	0.00514	0.00457	0.00286	0.00686	0.00686	0.00914	0.01486	0.03086	0.01714	0.83430	0.02400	0.00457	0.00457	0.00686	0.00286	0.00286
35	0.01826	0.01317	0.03373	0.01040	0.01403	0.10729	0.00863	0.45669	0.04624	0.22386	0.01289	0.01237	0.00889	0.00561	0.00466	0.00141	0.00528	0.00425	0.00466	0.00767
36	0.00577	0.00414	0.00548	0.00650	0.00683	0.00385	0.00436	0.00664	0.00921	0.01227	0.05128	0.78552	0.05160	0.01454	0.00599	0.00189	0.00271	0.01316	0.00440	0.00385
37	0.01035	0.00872	0.01009	0.00726	0.01142	0.00688	0.00583	0.06690	0.01065	0.01638	0.00859	0.00989	0.00706	0.00365	0.00358	0.00075	0.00361	0.00290	0.00293	0.80258
38	0.00890	0.00838	0.01414	0.82296	0.03247	0.01048	0.01309	0.01205	0.00943	0.01205	0.00838	0.01257	0.00629	0.00471	0.00471	0.00157	0.00629	0.00419	0.00210	0.00524
39	0.01032	0.01032	0.01444	0.01238	0.01238	0.01444	0.01032	0.01135	0.00722	0.01135	0.00619	0.01032	0.00619	0.00825	0.01547	0.00206	0.82567	0.00413	0.00206	0.00516
40	0.01242	0.02708	0.12949	0.00993	0.01310	0.04023	0.02631	0.06399	0.25636	0.14067	0.06558	0.01962	0.06603	0.00687	0.00558	0.00158	0.05702	0.04736	0.00414	0.00665
41	0.00686	0.00457	0.00514	0.00514	0.00514	0.00457	0.00286	0.00686	0.00686	0.00914	0.01486	0.03086	0.01714	0.83430	0.02400	0.00457	0.00457	0.00686	0.00286	0.00286
42	0.85094	0.00938	0.00706	0.00632	0.00923	0.02635	0.00518	0.01396	0.00813	0.02097	0.00658	0.00768	0.00513	0.00439	0.00294	0.00145	0.00374	0.00256	0.00291	0.00511
43	0.01111	0.11017	0.23491	0.19708	0.02078	0.06383	0.12141	0.04303	0.01087	0.04766	0.03025	0.01389	0.00870	0.00520	0.00485	0.00149	0.02010	0.04597	0.00258	0.00613
44	0.00701	0.00474	0.00590	0.00561	0.00674	0.00442	0.00421	0.00918	0.01263	0.01843	0.63319	0.03249	0.06856	0.00899	0.00516	0.00142	0.00223	0.00785	0.15680	0.00442
45	0.01113	0.01272	0.02782	0.01987	0.02464	0.01192	0.78776	0.01510	0.01113	0.01510	0.00954	0.01272	0.00715	0.00397	0.00556	0.00159	0.00795	0.00556	0.00238	0.00636
46	0.01094	0.01177	0.09423	0.24897	0.20732	0.01117	0.15926	0.03414	0.12589	0.03366	0.01061	0.01292	0.00805	0.00473	0.00485	0.00152	0.00605	0.00457	0.00274	0.00660
47	0.00635	0.00481	0.00586	0.00559	0.00685	0.00431	0.00420	0.00827	0.01259	0.01710	0.58132	0.03820	0.26669	0.01031	0.00556	0.00151	0.00227	0.00894	0.00495	0.00431
48	0.00574	0.00410	0.00547	0.00657	0.00684	0.00383	0.00438	0.00657	0.00903	0.01204	0.02599	0.83122	0.03119	0.01477	0.00602	0.00191	0.00274	0.01340	0.00438	0.00383
49	0.00686	0.00457	0.00514	0.00514	0.00514	0.00457	0.00286	0.00686	0.00686	0.00914	0.01486	0.03086	0.01714	0.83430	0.02400	0.00457	0.00457	0.00686	0.00286	0.00286
50	0.00978	0.00838	0.00978	0.00698	0.01117	0.00629	0.00559	0.01187	0.00978	0.01536	0.00838	0.00978	0.00698	0.00349	0.00349	0.00070	0.00349	0.00279	0.00279	0.86312
51	0.00939	0.00860	0.01417	0.31338	0.33306	0.00928	0.01156	0.01206	0.01053	0.01442	0.12974	0.07202	0.02984	0.00608	0.00493	0.00151	0.00509	0.00559	0.00285	0.00588
52	0.00674	0.00505	0.00758	0.00758	0.00842	0.00589	0.00589	0.00842	0.00758	0.01095	0.01263	0.01852	0.01179	0.03536	0.81561	0.00758	0.01263	0.00505	0.00253	0.00421
53	0.00684	0.00464	0.00550	0.00550	0.00562	0.00477	0.00330	0.00709	0.00696	0.00941	0.01453	0.02905	0.01636	0.71716	0.14006	0.00501	0.00575	0.00659	0.00281	0.00306
54	0.06071	0.00839	0.00979	0.00846	0.01108	0.00867	0.00664	0.09591	0.24732	0.27929	0.03750	0.17367	0.01632	0.00773	0.00492	0.00159	0.00374	0.00651	0.00496	0.00680
55	0.00634	0.00451	0.00547	0.00604	0.00659	0.00426	0.00416	0.00720	0.00896	0.01179	0.02612	0.36256	0.15596	0.23863	0.01084	0.00259	0.00335	0.09807	0.03291	0.00367
56	0.04973	0.02077	0.01295	0.01169	0.01420	0.70009	0.00883	0.04525	0.06926	0.01311	0.00825	0.00921	0.00670	0.00498	0.00426	0.00126	0.00786	0.00322	0.00269	0.00568
57	0.03616	0.01003	0.01183	0.00921	0.01274	0.01016	0.00757	0.31687	0.06382	0.41618	0.01547	0.01421	0.01031	0.00576	0.00464	0.00144	0.00437	0.00453	0.03688	0.00779
58	0.06083	0.00543	0.00607	0.00601	0.00739	0.00528	0.00451	0.01053	0.05799	0.06483	0.10552	0.15641	0.20326	0.06247	0.00619	0.00175	0.00293	0.06142	0.16661	0.00457
59	0.00596	0.00428	0.00568	0.00659	0.00704	0.00400	0.00458	0.00702	0.00964	0.01291	0.10774	0.67854	0.05068	0.01405	0.00599	0.00188	0.00278	0.06224	0.00446	0.00393
60	0.01765	0.01295	0.01386	0.01066	0.01435	0.01432	0.00879	0.76612	0.02181	0.02936	0.01144	0.01151	0.00814	0.00566	0.00467	0.00141	0.00510	0.00425	0.03006	0.00791
61	0.00822	0.00505	0.00648	0.00681	0.00783	0.00471	0.00490	0.00980	0.04125	0.12114	0.04252	0.52017	0.10764	0.03967	0.00636	0.00190	0.00305	0.05340	0.00456	0.00457
62	0.02695	0.00611	0.00691	0.00681	0.00826	0.00618	0.00507	0.03773	0.17528	0.01595	0.17420	0.25528	0.22135	0.01078	0.00546	0.00167	0.00290	0.02360	0.00460	0.00492
63	0.06188	0.00906	0.00957	0.00872	0.01119	0.03910	0.00694	0.02006	0.43055	0.12384	0.02093	0.02358	0.07762	0.00748	0.00493	0.00163	0.00389	0.11095	0.02152	0.00656
64	0.00611	0.00422	0.00562	0.00658	0.00696	0.00392	0.00443	0.00701	0.00931	0.02907	0.05971	0.77935	0.03136	0.01436	0.00597	0.00189	0.00274	0.01301	0.00444	0.00394
65	0.00663	0.00472	0.00580	0.00607	0.00701	0.00434	0.00432	0.00807	0.02906	0.03860	0.18335	0.36209	0.23397	0.03421	0.02243	0.02739	0.00289	0.01046	0.00445	0.00414
66	0.04990	0.00696	0.00877	0.00756	0.00984	0.00664	0.04991	0.04722	0.08938	0.18860	0.11395	0.11862	0.26540	0.00905	0.00521	0.00157	0.00339	0.00776	0.00466	0.00560
67	0.00693	0.00493	0.00627	0.00620	0.00648	0.00535	0.00413	0.00753	0.00711	0.00982	0.01382	0.02604	0.01498	0.53946	0.28777	0.00549	0.03542	0.00616	0.00272	0.00339
68	0.03811	0.00622	0.00726	0.00678	0.00825	0.02387	0.00503	0.05674	0.03169	0.09625	0.29194	0.20822	0.07466	0.07770	0.02613	0.00196	0.00340	0.00833	0.00454	0.02293
69	0.01045	0.01049	0.03592	0.32887	0.38373	0.02518	0.05798	0.01342	0.01020	0.01388	0.00921	0.01348	0.00763	0.00483	0.00507	0.00152	0.02683	0.03267	0.00231	0.00633
70	0.00869	0.00723	0.00959	0.04206	0.01068	0.00840	0.02432	0.02485	0.13564	0.02927	0.06499	0.19536	0.06084	0.06435	0.10267	0.00264	0.17824	0.02162	0.00359	0.00500
71	0.01113	0.01124	0.01642	0.01387	0.05406	0.07342	0.19079	0.06371	0.00976	0.01341	0.00894	0.02953	0.00837	0.10402	0.01187	0.00210	0.36449	0.00490	0.00249	0.00547
72	0.01147	0.00999	0.01080	0.00911	0.02380	0.11455	0.05933	0.07263	0.08618	0.04301	0.02846	0.09298	0.01187	0.02282	0.00496	0.00131	0.02291	0.00495	0.13083	0.23805

[dist]
# distance from previous block
# <min> <max>
0	16

[block]
# block no. 3 follows, 54 sequences, length 40
# corresponding to MSA columns:
# 480-519
name=unknown_D
#
# <colnr> <probs for GDERKNQSTAVLIFYWHMCP>
#	G	D	E	R	K	N	Q	S	T	A	V	L	I	F	Y	W	H	M	C	P
0	0.01247	0.02997	0.22217	0.08400	0.01705	0.05124	0.06285	0.08765	0.17280	0.11140	0.01274	0.04145	0.00970	0.00619	0.02093	0.00163	0.02654	0.00462	0.00344	0.02117
1	0.01084	0.00904	0.03436	0.00920	0.03551	0.02437	0.02019	0.18027	0.06020	0.05639	0.08855	0.05888	0.23846	0.00879	0.00695	0.02955	0.11209	0.00667	0.00403	0.00566
2	0.07310	0.00586	0.00720	0.00672	0.00832	0.00572	0.00518	0.01939	0.03101	0.16854	0.03141	0.06691	0.16585	0.03196	0.08826	0.16252	0.00441	0.06792	0.04506	0.00467
3	0.00780	0.00578	0.00736	0.00672	0.00829	0.00540	0.04382	0.03471	0.04884	0.05856	0.22473	0.14519	0.30013	0.07282	0.00692	0.00182	0.00308	0.00893	0.00448	0.00463
4	0.01116	0.01259	0.02696	0.01936	0.02402	0.01191	0.74853	0.01560	0.05061	0.01534	0.01002	0.01296	0.00752	0.00410	0.00553	0.00159	0.00774	0.00555	0.00251	0.00641
5	0.00819	0.00581	0.02974	0.00681	0.00825	0.00510	0.00531	0.01053	0.05103	0.09729	0.32243	0.25163	0.11095	0.01078	0.00559	0.00166	0.00291	0.05638	0.00479	0.00482
6	0.22591	0.00758	0.00805	0.00699	0.00939	0.00773	0.00553	0.09207	0.03892	0.18730	0.08756	0.04697	0.14293	0.06622	0.00593	0.00174	0.00359	0.03069	0.01927	0.00563
7	0.12734	0.00813	0.00896	0.00778	0.01026	0.03552	0.00609	0.10117	0.05594	0.27939	0.04383	0.19254	0.08703	0.00821	0.00486	0.00156	0.00376	0.00682	0.00468	0.00614
8	0.00640	0.00461	0.00620	0.00724	0.00787	0.00441	0.00550	0.00773	0.00976	0.01281	0.02663	0.51510	0.06558	0.01401	0.00618	0.00199	0.00330	0.28628	0.00436	0.00402
9	0.04712	0.00931	0.01040	0.00884	0.01146	0.00994	0.00695	0.28680	0.17071	0.14154	0.01794	0.18147	0.03749	0.03087	0.00549	0.00165	0.00406	0.00657	0.00470	0.00668
10	0.07828	0.00689	0.00769	0.00709	0.00894	0.00710	0.00539	0.06926	0.15558	0.10143	0.13266	0.18301	0.09795	0.03543	0.00555	0.00166	0.00321	0.00744	0.07999	0.00547
11	0.01253	0.00707	0.00802	0.00687	0.00902	0.00719	0.00543	0.13519	0.08991	0.16880	0.12563	0.01878	0.01613	0.00625	0.00425	0.00132	0.00316	0.00511	0.36340	0.00595
12	0.04951	0.00511	0.00585	0.00561	0.00617	0.00504	0.00351	0.00881	0.00799	0.08606	0.05585	0.06906	0.01816	0.63209	0.01930	0.00383	0.00426	0.00687	0.00334	0.00359
13	0.03192	0.00579	0.00691	0.00683	0.00796	0.00572	0.00491	0.09603	0.01079	0.08022	0.04458	0.37967	0.07333	0.15664	0.00876	0.00223	0.00348	0.04159	0.02806	0.00457
14	0.03147	0.00564	0.00617	0.00615	0.00762	0.00537	0.00454	0.05322	0.06936	0.02959	0.05510	0.27152	0.41369	0.01162	0.00551	0.00167	0.00281	0.00996	0.00444	0.00455
15	0.00974	0.02409	0.76927	0.01353	0.02032	0.03537	0.03337	0.01505	0.01008	0.01483	0.00845	0.00997	0.00600	0.00448	0.00450	0.00149	0.00704	0.00351	0.00201	0.00691
16	0.00969	0.00586	0.00746	0.00737	0.00872	0.00565	0.00548	0.07446	0.03681	0.14584	0.09742	0.46229	0.03945	0.01163	0.00564	0.00176	0.00323	0.06141	0.00473	0.00508
17	0.03514	0.00508	0.00629	0.00645	0.00748	0.00494	0.00467	0.00905	0.03713	0.05876	0.14164	0.32376	0.14670	0.07079	0.10545	0.00262	0.00410	0.02139	0.00422	0.00434
18	0.00740	0.00542	0.00615	0.00571	0.00735	0.00489	0.00436	0.05288	0.01246	0.05287	0.31567	0.03842	0.44818	0.01047	0.00548	0.00154	0.00256	0.00887	0.00476	0.00457
19	0.00870	0.00793	0.01319	0.72567	0.02937	0.00980	0.01202	0.01146	0.00912	0.01173	0.00884	0.01375	0.00708	0.04738	0.03423	0.03193	0.00634	0.00435	0.00215	0.00497
20	0.00597	0.00442	0.00625	0.00705	0.00749	0.00414	0.02975	0.00693	0.00915	0.01219	0.02543	0.78316	0.03030	0.01437	0.00602	0.00191	0.00295	0.03428	0.00431	0.00393
21	0.02330	0.00548	0.00826	0.06559	0.01027	0.00635	0.02025	0.00889	0.00779	0.01134	0.01228	0.01820	0.01138	0.05922	0.68757	0.00672	0.01148	0.00500	0.01634	0.00429
22	0.00627	0.00434	0.00558	0.00633	0.00686	0.00400	0.00429	0.00718	0.00941	0.03510	0.06339	0.64955	0.10696	0.05848	0.00689	0.00199	0.00281	0.01223	0.00437	0.00394
23	0.01340	0.00808	0.00953	0.00817	0.01072	0.00834	0.00644	0.04464	0.31756	0.25377	0.20053	0.02103	0.02026	0.00691	0.00488	0.00150	0.00343	0.00582	0.04821	0.00679
24	0.03435	0.05017	0.01129	0.08037	0.02567	0.00758	0.01899	0.01236	0.00979	0.03002	0.00846	0.01005	0.00692	0.00372	0.00364	0.00085	0.00394	0.00300	0.00274	0.67609
25	0.01022	0.04800	0.05624	0.00761	0.01189	0.00757	0.00655	0.03780	0.03531	0.01575	0.00874	0.00998	0.00715	0.00374	0.00361	0.00081	0.00382	0.00295	0.00284	0.71942
26	0.00646	0.00466	0.00622	0.00709	0.00772	0.00448	0.00526	0.00807	0.02767	0.01358	0.12117	0.51958	0.03143	0.01351	0.00606	0.00192	0.00310	0.20342	0.00448	0.00412
27	0.00586	0.00425	0.00553	0.00634	0.00683	0.00393	0.00432	0.00690	0.00975	0.01302	0.13296	0.66022	0.09498	0.01385	0.00592	0.00183	0.00264	0.01247	0.00449	0.00393
28	0.03544	0.03873	0.03857	0.33756	0.17422	0.01099	0.07525	0.08833	0.01125	0.05781	0.02655	0.04179	0.00868	0.00523	0.00504	0.00152	0.02942	0.00463	0.00278	0.00618
29	0.00823	0.00515	0.00750	0.00755	0.00854	0.00474	0.04935	0.00935	0.00972	0.12331	0.02376	0.65231	0.02677	0.03178	0.00623	0.00189	0.00325	0.01160	0.00443	0.00454
30	0.00737	0.00598	0.00810	0.00998	0.11946	0.00567	0.00698	0.00925	0.01080	0.01375	0.03167	0.04432	0.32889	0.01137	0.00589	0.00184	0.00375	0.36623	0.00408	0.00464
31	0.01154	0.07404	0.02362	0.06512	0.05781	0.01093	0.00859	0.05475	0.08597	0.10801	0.09833	0.04819	0.02130	0.00716	0.00791	0.00163	0.24989	0.01275	0.04656	0.00591
32	0.01095	0.01155	0.18996	0.02222	0.07445	0.00827	0.10570	0.01465	0.06138	0.15084	0.13861	0.06916	0.07451	0.00708	0.00512	0.00156	0.00483	0.03913	0.00382	0.00621
33	0.01138	0.01084	0.01841	0.02763	0.75941	0.01082	0.01390	0.01415	0.01088	0.01560	0.05410	0.01301	0.00958	0.00451	0.00472	0.00141	0.00541	0.00445	0.00250	0.00730
34	0.01191	0.01276	0.03386	0.05738	0.06439	0.24522	0.00848	0.03393	0.21240	0.01435	0.01394	0.01556	0.05101	0.01249	0.18841	0.00282	0.00747	0.00462	0.00317	0.00583
35	0.02778	0.08100	0.12824	0.10690	0.13973	0.03337	0.17195	0.05154	0.05318	0.09600	0.01080	0.02390	0.01553	0.00497	0.00507	0.00148	0.03456	0.00448	0.00289	0.00662
36	0.00632	0.00485	0.00571	0.00616	0.00725	0.00444	0.00474	0.00760	0.01009	0.01260	0.03450	0.14869	0.38760	0.11124	0.00811	0.00216	0.00325	0.22658	0.00419	0.00393
37	0.00946	0.02439	0.80987	0.01344	0.02041	0.01095	0.01742	0.01493	0.00995	0.01493	0.00846	0.00995	0.00597	0.00448	0.00448	0.00149	0.00697	0.00348	0.00199	0.00697
38	0.08995	0.03841	0.15260	0.16382	0.16419	0.00987	0.05044	0.01393	0.01008	0.10768	0.01178	0.11984	0.01030	0.00606	0.00499	0.00155	0.03019	0.00521	0.00295	0.00616
39	0.01656	0.01057	0.06657	0.03382	0.12260	0.00964	0.01911	0.10355	0.15472	0.38874	0.01552	0.01467	0.01061	0.00555	0.00473	0.00148	0.00462	0.00463	0.00464	0.00768

[dist]
# distance from previous block
# <min> <max>
0	1

[block]
# block no. 4 follows, 54 sequences, length 11
# corresponding to MSA columns:
# 521-527,529-532
name=unknown_E
#
# <colnr> <probs for GDERKNQSTAVLIFYWHMCP>
#	G	D	E	R	K	N	Q	S	T	A	V	L	I	F	Y	W	H	M	C	P
0	0.01414	0.00905	0.09803	0.00830	0.01145	0.00698	0.00737	0.01662	0.03578	0.38905	0.10899	0.08462	0.08497	0.00732	0.00531	0.00149	0.03539	0.00604	0.00471	0.06440
1	0.78514	0.00922	0.00729	0.00653	0.00942	0.01069	0.00533	0.01494	0.08398	0.02102	0.00778	0.00862	0.00600	0.00457	0.00310	0.00147	0.00366	0.00282	0.00310	0.00533
2	0.09222	0.00771	0.00786	0.00707	0.00880	0.07107	0.00544	0.11145	0.01371	0.01944	0.49992	0.05826	0.06185	0.00852	0.00511	0.00147	0.00327	0.00720	0.00463	0.00502
3	0.86760	0.00912	0.00693	0.00620	0.00912	0.01058	0.00511	0.01386	0.00802	0.02115	0.00657	0.00766	0.00511	0.00438	0.00292	0.00146	0.00365	0.00255	0.00292	0.00511
4	0.01193	0.04504	0.01873	0.04599	0.07374	0.11242	0.32542	0.05691	0.05566	0.03741	0.01256	0.06220	0.01103	0.00597	0.00516	0.00156	0.00639	0.08359	0.02221	0.00608
5	0.00946	0.02439	0.80987	0.01344	0.02041	0.01095	0.01742	0.01493	0.00995	0.01493	0.00846	0.00995	0.00597	0.00448	0.00448	0.00149	0.00697	0.00348	0.00199	0.00697
6	0.00645	0.00509	0.00585	0.00561	0.00702	0.00463	0.00422	0.00881	0.05453	0.01616	0.41900	0.03886	0.38562	0.01050	0.00552	0.00154	0.00238	0.00900	0.00480	0.00440
7	0.81047	0.00904	0.00720	0.00635	0.00932	0.01033	0.00523	0.01448	0.00839	0.07427	0.00738	0.00823	0.00555	0.00448	0.00304	0.00146	0.00367	0.00270	0.00311	0.00530
8	0.02839	0.00962	0.03733	0.21369	0.12557	0.01054	0.02737	0.14599	0.04011	0.01654	0.06237	0.01451	0.01049	0.00998	0.12377	0.00242	0.08541	0.00463	0.02531	0.00595
9	0.00820	0.00804	0.04310	0.01018	0.01116	0.00872	0.09802	0.00961	0.00837	0.01187	0.01470	0.28524	0.01624	0.10671	0.07189	0.00264	0.27001	0.00772	0.00299	0.00459
10	0.01282	0.09095	0.10331	0.06607	0.12189	0.16246	0.00982	0.13155	0.01318	0.05766	0.11948	0.01609	0.06306	0.00591	0.00461	0.00138	0.00549	0.00473	0.00333	0.00623

[dist]
# distance from previous block
# <min> <max>
0	3

[block]
# block no. 5 follows, 54 sequences, length 47
# corresponding to MSA columns:
# 536-549,556-588
name=unknown_F
#
# <colnr> <probs for GDERKNQSTAVLIFYWHMCP>
#	G	D	E	R	K	N	Q	S	T	A	V	L	I	F	Y	W	H	M	C	P
0	0.02905	0.05201	0.04649	0.00933	0.01225	0.06329	0.10318	0.02154	0.01866	0.04200	0.01439	0.21883	0.01458	0.02705	0.00518	0.00144	0.00455	0.05251	0.00329	0.26037
1	0.65762	0.00935	0.02564	0.00682	0.00991	0.01003	0.00574	0.05437	0.00960	0.09425	0.04259	0.00995	0.00766	0.00478	0.00335	0.00143	0.00377	0.00313	0.00336	0.03664
2	0.03199	0.10074	0.14036	0.03742	0.07341	0.02128	0.10352	0.11712	0.01207	0.04327	0.06798	0.01297	0.02323	0.00485	0.00436	0.00126	0.00519	0.00415	0.00304	0.19179
3	0.04373	0.00446	0.00573	0.00662	0.00713	0.00424	0.00450	0.00748	0.00915	0.04129	0.02488	0.76591	0.02935	0.01400	0.00584	0.00188	0.00282	0.01262	0.00437	0.00404
4	0.01191	0.00795	0.01213	0.03715	0.20336	0.00754	0.06321	0.01429	0.03401	0.21874	0.10141	0.06002	0.14981	0.04980	0.00606	0.00167	0.00424	0.00646	0.00407	0.00615
5	0.01221	0.08035	0.04527	0.07035	0.11279	0.13775	0.07342	0.07647	0.01059	0.01381	0.00791	0.01073	0.00677	0.00707	0.04166	0.00185	0.27868	0.00398	0.00241	0.00592
6	0.01009	0.00565	0.00579	0.00532	0.00680	0.00586	0.00411	0.12217	0.01164	0.01931	0.01480	0.01668	0.01150	0.00552	0.00350	0.00114	0.00262	0.00437	0.73821	0.00491
7	0.00968	0.00850	0.00979	0.00739	0.01110	0.03021	0.01992	0.01202	0.03509	0.01505	0.01078	0.08525	0.01881	0.00476	0.00385	0.00088	0.00365	0.00398	0.00300	0.70628
8	0.01024	0.07198	0.06763	0.12499	0.04991	0.02803	0.01092	0.01198	0.00820	0.01185	0.00741	0.02930	0.00693	0.00776	0.03049	0.00196	0.50869	0.00419	0.00214	0.00541
9	0.00674	0.00503	0.00748	0.00748	0.00829	0.00584	0.00577	0.00836	0.00755	0.01087	0.01272	0.01901	0.01200	0.06696	0.78430	0.00746	0.01231	0.00512	0.00254	0.00416
10	0.00803	0.00682	0.01143	0.01102	0.07145	0.00643	0.15986	0.01009	0.01069	0.03238	0.11314	0.26825	0.11324	0.01041	0.00578	0.00176	0.00420	0.14618	0.00395	0.00488
11	0.01182	0.01110	0.04414	0.28119	0.25195	0.06640	0.04289	0.06379	0.04551	0.06711	0.01111	0.01478	0.01694	0.00525	0.00480	0.00151	0.00586	0.04457	0.00287	0.00641
12	0.00635	0.00543	0.02396	0.00579	0.00727	0.00466	0.00449	0.00852	0.04866	0.01503	0.28219	0.11562	0.42209	0.01107	0.00556	0.00159	0.00257	0.02019	0.00460	0.00435
13	0.00951	0.00920	0.01286	0.01134	0.01142	0.01255	0.00928	0.01054	0.00749	0.01142	0.00926	0.12535	0.00995	0.01045	0.05211	0.00230	0.67217	0.00547	0.00241	0.00493
14	0.02489	0.01175	0.01790	0.10675	0.44868	0.06270	0.08948	0.08092	0.02505	0.04757	0.00944	0.01181	0.00748	0.00462	0.00504	0.00145	0.03053	0.00428	0.00270	0.00696
15	0.05941	0.00966	0.01249	0.08173	0.09824	0.01005	0.02259	0.13859	0.17239	0.29733	0.03838	0.01495	0.01131	0.00566	0.00468	0.00149	0.00450	0.00470	0.00453	0.00732
16	0.00686	0.00457	0.00514	0.00514	0.00514	0.00457	0.00286	0.00686	0.00686	0.00914	0.01486	0.03086	0.01714	0.83430	0.02400	0.00457	0.00457	0.00686	0.00286	0.00286
17	0.00890	0.00838	0.01414	0.82296	0.03247	0.01048	0.01309	0.01205	0.00943	0.01205	0.00838	0.01257	0.00629	0.00471	0.00471	0.00157	0.00629	0.00419	0.00210	0.00524
18	0.01152	0.00987	0.01686	0.33851	0.31288	0.01056	0.08855	0.01484	0.03806	0.09734	0.01012	0.01279	0.00765	0.00463	0.00479	0.00150	0.00587	0.00443	0.00270	0.00654
19	0.00740	0.00529	0.00664	0.00680	0.03241	0.00500	0.00482	0.00932	0.03695	0.06026	0.24476	0.13520	0.26414	0.05597	0.10117	0.00244	0.00394	0.00863	0.00434	0.00452
20	0.01032	0.01032	0.01444	0.01238	0.01238	0.01444	0.01032	0.01135	0.00722	0.01135	0.00619	0.01032	0.00619	0.00825	0.01547	0.00206	0.82567	0.00413	0.00206	0.00516
21	0.02729	0.00679	0.00831	0.00823	0.00979	0.00701	0.00680	0.16046	0.01290	0.01732	0.10852	0.08114	0.05813	0.06549	0.00707	0.00205	0.00410	0.39925	0.00438	0.00494
22	0.03162	0.00910	0.01120	0.02850	0.09259	0.00980	0.03089	0.16167	0.23853	0.06632	0.04020	0.05929	0.04934	0.02701	0.04593	0.00187	0.00457	0.00556	0.07954	0.00649
23	0.00711	0.00541	0.00582	0.00567	0.00732	0.00500	0.00437	0.00976	0.08884	0.03732	0.10827	0.03913	0.52296	0.01056	0.00535	0.00158	0.00266	0.05561	0.07274	0.00454
24	0.02115	0.00802	0.01094	0.00839	0.01204	0.00693	0.00693	0.02298	0.01350	0.80815	0.01860	0.01605	0.01167	0.00584	0.00474	0.00146	0.00401	0.00474	0.00584	0.00802
25	0.00673	0.00511	0.00642	0.00711	0.00833	0.00479	0.00591	0.00846	0.01070	0.01347	0.03347	0.09808	0.31450	0.01273	0.00613	0.00194	0.00352	0.44405	0.00436	0.00418
26	0.65715	0.00879	0.00763	0.00670	0.00953	0.00983	0.00548	0.05412	0.00967	0.09502	0.05608	0.02621	0.00921	0.00529	0.00348	0.00148	0.00368	0.02174	0.00348	0.00545
27	0.01679	0.02075	0.01298	0.01179	0.01425	0.70313	0.00888	0.01970	0.12271	0.01268	0.00895	0.00977	0.00724	0.00507	0.00433	0.00127	0.00784	0.00336	0.00276	0.00575
28	0.00662	0.00500	0.00629	0.00686	0.00803	0.00467	0.00557	0.00833	0.01089	0.01395	0.11716	0.13521	0.28531	0.01249	0.00604	0.00188	0.00329	0.35379	0.00445	0.00418
29	0.00708	0.00536	0.00623	0.00635	0.00755	0.00512	0.00465	0.03987	0.06973	0.02540	0.12520	0.30215	0.28279	0.04875	0.00648	0.00184	0.00290	0.04365	0.00447	0.00443
30	0.01358	0.00908	0.01011	0.00864	0.01133	0.00981	0.00684	0.13473	0.38141	0.16316	0.08171	0.01783	0.01515	0.00634	0.00466	0.00148	0.00369	0.00521	0.10823	0.00703
31	0.00671	0.00492	0.00650	0.00741	0.00834	0.00471	0.00598	0.00832	0.01028	0.01326	0.02895	0.28713	0.15339	0.01338	0.00621	0.00200	0.00354	0.42047	0.00436	0.00413
32	0.17227	0.00716	0.00834	0.00726	0.00966	0.00703	0.00579	0.06059	0.01191	0.30244	0.11274	0.13515	0.01786	0.00764	0.00466	0.00153	0.00349	0.04555	0.07296	0.00597
33	0.01027	0.00507	0.00545	0.00509	0.00649	0.00500	0.00385	0.02616	0.02535	0.10431	0.01571	0.01798	0.01227	0.04823	0.00457	0.00133	0.00260	0.00457	0.69085	0.00484
34	0.01437	0.01144	0.01215	0.01013	0.01327	0.01296	0.00810	0.35105	0.46606	0.02399	0.01583	0.01492	0.01167	0.00608	0.00476	0.00152	0.00435	0.00487	0.00476	0.00770
35	0.00900	0.00550	0.00655	0.00620	0.00749	0.00532	0.00455	0.01142	0.07554	0.10823	0.19913	0.08369	0.10354	0.18492	0.00909	0.00217	0.00321	0.04523	0.12455	0.00468
36	0.00663	0.00488	0.00632	0.00663	0.00742	0.00484	0.00479	0.02195	0.03479	0.01392	0.19906	0.35782	0.07939	0.06432	0.13412	0.00283	0.00439	0.03751	0.00420	0.00419
37	0.01148	0.01101	0.01600	0.01306	0.01416	0.01417	0.10326	0.12042	0.00978	0.01436	0.00731	0.01074	0.00656	0.00738	0.01278	0.00192	0.61312	0.00432	0.00247	0.00570
38	0.00659	0.00499	0.00618	0.00690	0.00758	0.00495	0.00477	0.00920	0.11913	0.01326	0.03939	0.66972	0.06258	0.01339	0.00582	0.00185	0.00285	0.01204	0.00445	0.00435
39	0.00808	0.00693	0.00967	0.00914	0.00985	0.02235	0.02565	0.00957	0.00834	0.01182	0.01440	0.08818	0.03115	0.04579	0.32341	0.00423	0.23324	0.11287	0.02083	0.00449
40	0.00661	0.00506	0.00690	0.00685	0.00772	0.00555	0.00518	0.00798	0.00809	0.01108	0.01948	0.02498	0.16355	0.12743	0.54713	0.00595	0.02737	0.00619	0.00291	0.00402
41	0.00651	0.00455	0.00555	0.00604	0.00696	0.00406	0.00425	0.00756	0.00998	0.05351	0.06027	0.50014	0.28696	0.01319	0.00579	0.00177	0.00267	0.01164	0.00448	0.00412
42	0.01767	0.00856	0.01077	0.00846	0.01165	0.00816	0.00691	0.18998	0.01539	0.48488	0.16681	0.01867	0.01714	0.00652	0.00489	0.00145	0.00393	0.00536	0.00546	0.00734
43	0.06394	0.12816	0.01609	0.01105	0.01437	0.08974	0.08844	0.37287	0.01574	0.03371	0.01067	0.01157	0.03112	0.00551	0.00531	0.00141	0.07316	0.00410	0.01628	0.00676
44	0.01297	0.05448	0.01761	0.07695	0.44535	0.05943	0.03509	0.17008	0.01289	0.01739	0.00916	0.01143	0.00741	0.00539	0.02411	0.00155	0.02474	0.00411	0.00279	0.00707
45	0.00619	0.00467	0.00563	0.00606	0.00703	0.00425	0.00450	0.00741	0.01030	0.01321	0.12666	0.26242	0.32086	0.05360	0.00706	0.02236	0.00291	0.12660	0.00434	0.00395
46	0.01090	0.00921	0.04214	0.02537	0.05787	0.05001	0.07410	0.09170	0.10649	0.01782	0.03226	0.01646	0.01154	0.00578	0.00476	0.00137	0.04372	0.02761	0.36520	0.00569

[dist]
# distance from previous block
# <min> <max>
0	6

# created by:
# /st0/software/busco_prod/Augustus/scripts/msa2prfl.pl ./align_prep/101417.fa
