[name]
unknown

[dist]
# distance from previous block
# <min> <max>
0	587

[block]
# block no. 0 follows, 62 sequences, length 28
# corresponding to MSA columns:
# 587-614
name=unknown_A
#
# <colnr> <probs for GDERKNQSTAVLIFYWHMCP>
#	G	D	E	R	K	N	Q	S	T	A	V	L	I	F	Y	W	H	M	C	P
0	0.07939	0.09572	0.03960	0.01969	0.06315	0.18893	0.02722	0.05383	0.06063	0.07667	0.03598	0.02939	0.03755	0.00626	0.00448	0.00137	0.02382	0.14794	0.00310	0.00527
1	0.06782	0.09073	0.03230	0.01047	0.04918	0.25099	0.07854	0.10459	0.08863	0.05745	0.01112	0.02900	0.03513	0.00555	0.01570	0.00134	0.00545	0.04262	0.00295	0.02043
2	0.08450	0.07468	0.20203	0.02030	0.04130	0.09941	0.04472	0.10029	0.07936	0.04969	0.04899	0.01193	0.02614	0.02562	0.00504	0.00138	0.05879	0.00379	0.00279	0.01923
3	0.03070	0.00980	0.09207	0.01004	0.08626	0.05853	0.06065	0.13124	0.05111	0.06659	0.12355	0.06037	0.14630	0.00667	0.00452	0.00135	0.00413	0.02485	0.00351	0.02776
4	0.00934	0.07150	0.47182	0.01289	0.05865	0.05187	0.15180	0.01317	0.00937	0.01310	0.00893	0.01106	0.02711	0.00426	0.00415	0.00130	0.00602	0.02295	0.00204	0.04866
5	0.00539	0.00462	0.04533	0.00617	0.00671	0.00380	0.00447	0.00631	0.00810	0.01088	0.02223	0.77052	0.02647	0.04965	0.00608	0.00181	0.00273	0.01140	0.00378	0.00356
6	0.01229	0.00997	0.01081	0.04983	0.01266	0.01139	0.00743	0.28029	0.51536	0.02042	0.01451	0.01380	0.01074	0.00548	0.00430	0.00139	0.00391	0.00444	0.00419	0.00680
7	0.01135	0.26557	0.33333	0.00979	0.03464	0.01132	0.01044	0.03145	0.06531	0.14046	0.02284	0.01012	0.00741	0.00431	0.00371	0.00120	0.00494	0.00327	0.00265	0.02589
8	0.01302	0.14431	0.06146	0.00902	0.01187	0.00934	0.08363	0.01548	0.05560	0.32377	0.07551	0.05433	0.01175	0.00573	0.00536	0.00136	0.10428	0.00457	0.00364	0.00598
9	0.00853	0.02201	0.82841	0.01213	0.01842	0.00988	0.01572	0.01348	0.00898	0.01348	0.00764	0.00898	0.00539	0.00404	0.00404	0.00135	0.00629	0.00314	0.00180	0.00629
10	0.01797	0.00864	0.01019	0.00805	0.01119	0.06786	0.00655	0.06874	0.07931	0.65095	0.01568	0.01384	0.01016	0.00523	0.00425	0.00131	0.00396	0.00418	0.00490	0.00703
11	0.00942	0.03472	0.63837	0.01266	0.06881	0.00960	0.04542	0.01373	0.00932	0.06869	0.00894	0.01123	0.00671	0.00442	0.00416	0.00136	0.00593	0.03812	0.00216	0.00624
12	0.00592	0.00489	0.00788	0.00758	0.00850	0.00455	0.12109	0.00715	0.00867	0.01158	0.05890	0.65290	0.06042	0.01159	0.00533	0.00165	0.00312	0.01073	0.00372	0.00382
13	0.00608	0.00456	0.00684	0.00684	0.00760	0.00532	0.00532	0.00760	0.00684	0.00988	0.01140	0.01672	0.01064	0.03191	0.83360	0.00684	0.01140	0.00456	0.00228	0.00380
14	0.01138	0.85302	0.02230	0.00728	0.01092	0.01684	0.00728	0.01274	0.00865	0.01001	0.00592	0.00683	0.00546	0.00364	0.00273	0.00091	0.00455	0.00228	0.00182	0.00546
15	0.00804	0.00756	0.01276	0.84023	0.02931	0.00945	0.01182	0.01087	0.00851	0.01087	0.00756	0.01134	0.00567	0.00425	0.00425	0.00142	0.00567	0.00378	0.00189	0.00473
16	0.01004	0.01148	0.02511	0.01793	0.02224	0.01076	0.80846	0.01363	0.01004	0.01363	0.00861	0.01148	0.00646	0.00359	0.00502	0.00143	0.00717	0.00502	0.00215	0.00574
17	0.00504	0.00428	0.00434	0.00440	0.00577	0.00358	0.00327	0.00610	0.00962	0.01146	0.04206	0.08387	0.77995	0.01091	0.00505	0.00145	0.00217	0.00915	0.00395	0.00358
18	0.00804	0.00756	0.01276	0.84023	0.02931	0.00945	0.01182	0.01087	0.00851	0.01087	0.00756	0.01134	0.00567	0.00425	0.00425	0.00142	0.00567	0.00378	0.00189	0.00473
19	0.00518	0.00370	0.00494	0.00592	0.00617	0.00346	0.00395	0.00592	0.00815	0.01086	0.02345	0.84768	0.02814	0.01333	0.00543	0.00173	0.00247	0.01210	0.00395	0.00346
20	0.00739	0.00370	0.00554	0.00554	0.00554	0.00370	0.00370	0.00554	0.00554	0.00739	0.00739	0.01293	0.00739	0.01478	0.01663	0.87620	0.00370	0.00370	0.00185	0.00185
21	0.88052	0.00823	0.00625	0.00560	0.00823	0.00955	0.00461	0.01251	0.00724	0.01909	0.00592	0.00691	0.00461	0.00395	0.00263	0.00132	0.00329	0.00230	0.00263	0.00461
22	0.00524	0.00389	0.00494	0.00562	0.00616	0.00358	0.00387	0.00615	0.00864	0.01135	0.07910	0.61777	0.17355	0.01320	0.03398	0.00183	0.00269	0.01098	0.00394	0.00353
23	0.00923	0.21067	0.62336	0.01140	0.03829	0.01147	0.01373	0.01330	0.00893	0.01270	0.00725	0.00853	0.00544	0.00394	0.00375	0.00125	0.00586	0.00296	0.00181	0.00611
24	0.01631	0.01208	0.01259	0.00974	0.01308	0.05147	0.00800	0.73366	0.01925	0.06534	0.01037	0.01031	0.00732	0.00508	0.00424	0.00127	0.00477	0.00380	0.00421	0.00713
25	0.01004	0.01148	0.02511	0.01793	0.02224	0.01076	0.80846	0.01363	0.01004	0.01363	0.00861	0.01148	0.00646	0.00359	0.00502	0.00143	0.00717	0.00502	0.00215	0.00574
26	0.01012	0.01208	0.15050	0.04077	0.63198	0.01009	0.05613	0.01311	0.00957	0.01375	0.00797	0.01035	0.00648	0.00383	0.00423	0.00129	0.00538	0.00375	0.00205	0.00657
27	0.00873	0.00815	0.01358	0.66781	0.17352	0.00968	0.01193	0.03454	0.00906	0.01189	0.00772	0.01116	0.00591	0.00419	0.00425	0.00139	0.00553	0.00378	0.00200	0.00517

[dist]
# distance from previous block
# <min> <max>
0	10

[block]
# block no. 1 follows, 62 sequences, length 51
# corresponding to MSA columns:
# 625-667,669-676
name=unknown_B
#
# <colnr> <probs for GDERKNQSTAVLIFYWHMCP>
#	G	D	E	R	K	N	Q	S	T	A	V	L	I	F	Y	W	H	M	C	P
0	0.00519	0.00375	0.00492	0.00583	0.00615	0.00347	0.00391	0.00597	0.00829	0.01100	0.03790	0.79157	0.07009	0.01312	0.00540	0.00171	0.00244	0.01186	0.00396	0.00347
1	0.00804	0.00756	0.01276	0.84023	0.02931	0.00945	0.01182	0.01087	0.00851	0.01087	0.00756	0.01134	0.00567	0.00425	0.00425	0.00142	0.00567	0.00378	0.00189	0.00473
2	0.01589	0.00980	0.03081	0.00844	0.01128	0.11768	0.00692	0.07318	0.12612	0.45165	0.01473	0.03854	0.01047	0.00559	0.00455	0.00134	0.02910	0.01785	0.01952	0.00653
3	0.01847	0.00823	0.01049	0.00804	0.01136	0.00772	0.00664	0.18777	0.01384	0.65749	0.01540	0.01358	0.00983	0.00523	0.00427	0.00131	0.00385	0.00418	0.00505	0.00724
4	0.01185	0.01241	0.01451	0.17964	0.37828	0.22928	0.01104	0.06707	0.03114	0.01334	0.00792	0.01004	0.00639	0.00418	0.00413	0.00125	0.00580	0.00354	0.00229	0.00590
5	0.00561	0.00433	0.00512	0.00492	0.00610	0.00384	0.00369	0.00723	0.01107	0.01475	0.49804	0.03559	0.36523	0.00956	0.00502	0.00138	0.00207	0.00823	0.00438	0.00384
6	0.00518	0.00370	0.00494	0.00592	0.00617	0.00346	0.00395	0.00592	0.00815	0.01086	0.02345	0.84768	0.02814	0.01333	0.00543	0.00173	0.00247	0.01210	0.00395	0.00346
7	0.00521	0.00400	0.00477	0.00526	0.00603	0.00356	0.00368	0.00620	0.00911	0.01170	0.10729	0.46339	0.33069	0.01192	0.00524	0.00158	0.00231	0.01049	0.00402	0.00356
8	0.00801	0.00532	0.00588	0.00532	0.00709	0.00481	0.00412	0.07695	0.01104	0.12079	0.10022	0.05224	0.53718	0.00928	0.00481	0.00139	0.00255	0.00773	0.03083	0.00443
9	0.81406	0.00838	0.00677	0.00629	0.02872	0.00967	0.00496	0.03034	0.03158	0.01909	0.00641	0.00734	0.00497	0.00403	0.00276	0.00132	0.00337	0.00245	0.00271	0.00478
10	0.00595	0.00419	0.00546	0.00608	0.00680	0.00391	0.00452	0.00716	0.00925	0.03237	0.12120	0.46151	0.13009	0.01192	0.00539	0.00168	0.00270	0.17201	0.00406	0.00373
11	0.06767	0.08070	0.01352	0.14904	0.12077	0.33951	0.02893	0.08752	0.02147	0.03185	0.00767	0.00921	0.00608	0.00429	0.00387	0.00120	0.00598	0.00322	0.01204	0.00545
12	0.83652	0.00830	0.00651	0.00575	0.00842	0.00956	0.00474	0.03333	0.00770	0.03959	0.00631	0.00719	0.00482	0.00401	0.00272	0.00132	0.00334	0.00239	0.00274	0.00474
13	0.00548	0.00390	0.00495	0.00556	0.00587	0.00373	0.00366	0.00615	0.00786	0.01047	0.05058	0.54100	0.06974	0.20841	0.04997	0.00251	0.00326	0.01002	0.00358	0.00330
14	0.77668	0.00842	0.00686	0.00600	0.00863	0.00971	0.00494	0.06650	0.00821	0.03252	0.00697	0.00784	0.01779	0.00423	0.00303	0.00133	0.02015	0.00257	0.00279	0.00481
15	0.04379	0.00841	0.01044	0.00805	0.01133	0.00807	0.00664	0.20543	0.03039	0.59878	0.01494	0.01329	0.00964	0.00520	0.00423	0.00131	0.00385	0.00413	0.00493	0.00715
16	0.00853	0.02201	0.82841	0.01213	0.01842	0.00988	0.01572	0.01348	0.00898	0.01348	0.00764	0.00898	0.00539	0.00404	0.00404	0.00135	0.00629	0.00314	0.00180	0.00629
17	0.00567	0.00456	0.00505	0.00489	0.00619	0.00409	0.00365	0.00758	0.05018	0.01362	0.30553	0.03627	0.49630	0.03102	0.00541	0.00147	0.00221	0.00827	0.00418	0.00387
18	0.01622	0.00717	0.00916	0.00733	0.01020	0.00667	0.00595	0.03299	0.12500	0.59064	0.04092	0.01588	0.03191	0.00555	0.00422	0.00131	0.00339	0.00454	0.07422	0.00672
19	0.01053	0.01011	0.01727	0.02612	0.82392	0.01011	0.01306	0.01306	0.00969	0.01390	0.00800	0.01053	0.00674	0.00379	0.00421	0.00126	0.00505	0.00379	0.00211	0.00674
20	0.01561	0.07259	0.01270	0.01073	0.01301	0.78209	0.00816	0.01672	0.01184	0.01039	0.00654	0.00762	0.00548	0.00434	0.00377	0.00108	0.00748	0.00271	0.00217	0.00497
21	0.00515	0.00430	0.00449	0.00448	0.00583	0.00364	0.00335	0.00633	0.00993	0.01214	0.13485	0.06367	0.70603	0.01061	0.00504	0.00143	0.00215	0.00892	0.00404	0.00364
22	0.00530	0.00431	0.00472	0.00488	0.00607	0.00376	0.00362	0.00661	0.02208	0.01205	0.11168	0.17644	0.57237	0.01097	0.00512	0.00150	0.00228	0.03855	0.00402	0.00367
23	0.00518	0.00370	0.00494	0.00592	0.00617	0.00346	0.00395	0.00592	0.00815	0.01086	0.02345	0.84768	0.02814	0.01333	0.00543	0.00173	0.00247	0.01210	0.00395	0.00346
24	0.04300	0.00910	0.01060	0.00826	0.01139	0.00929	0.00679	0.35426	0.04313	0.37757	0.03040	0.01292	0.00968	0.00523	0.00417	0.00129	0.00394	0.00410	0.04797	0.00691
25	0.88052	0.00823	0.00625	0.00560	0.00823	0.00955	0.00461	0.01251	0.00724	0.01909	0.00592	0.00691	0.00461	0.00395	0.00263	0.00132	0.00329	0.00230	0.00263	0.00461
26	0.00577	0.00434	0.00534	0.00509	0.00620	0.00391	0.00382	0.00755	0.01145	0.01566	0.62583	0.03409	0.23687	0.00922	0.00502	0.00136	0.00204	0.00802	0.00450	0.00391
27	0.01206	0.01288	0.01562	0.02058	0.52292	0.23222	0.02388	0.03729	0.01045	0.01313	0.00756	0.00970	0.00635	0.00419	0.00468	0.00126	0.05341	0.00352	0.00218	0.00613
28	0.01612	0.01044	0.01170	0.00912	0.01233	0.01116	0.00750	0.57546	0.04288	0.19863	0.01249	0.03879	0.00908	0.00554	0.00433	0.00132	0.00433	0.01728	0.00446	0.00705
29	0.00568	0.00419	0.00531	0.00533	0.00622	0.00382	0.00388	0.00725	0.01078	0.01478	0.51840	0.22385	0.15457	0.01009	0.00512	0.00144	0.00214	0.00892	0.00440	0.00382
30	0.01008	0.00846	0.00979	0.01018	0.11094	0.00945	0.00699	0.03490	0.56482	0.01708	0.05270	0.04037	0.01360	0.00580	0.00425	0.00138	0.00339	0.00493	0.08464	0.00627
31	0.00558	0.00407	0.00481	0.00523	0.00575	0.00380	0.00353	0.00625	0.00803	0.01032	0.02521	0.32762	0.22627	0.27874	0.01052	0.00243	0.00301	0.06207	0.00351	0.00324
32	0.00642	0.00506	0.00654	0.00696	0.00758	0.03944	0.03588	0.00742	0.00858	0.03025	0.02140	0.66549	0.02495	0.01207	0.00561	0.00170	0.02747	0.07962	0.00377	0.00377
33	0.01138	0.85302	0.02230	0.00728	0.01092	0.01684	0.00728	0.01274	0.00865	0.01001	0.00592	0.00683	0.00546	0.00364	0.00273	0.00091	0.00455	0.00228	0.00182	0.00546
34	0.02919	0.30792	0.03915	0.00956	0.01162	0.13776	0.00841	0.05041	0.00892	0.02439	0.00632	0.00826	0.00566	0.00533	0.00736	0.00135	0.32808	0.00304	0.00208	0.00519
35	0.17773	0.02864	0.14597	0.26188	0.12475	0.04917	0.05123	0.02931	0.00925	0.07226	0.00801	0.00994	0.00597	0.00415	0.00389	0.00133	0.00522	0.00341	0.00236	0.00553
36	0.01017	0.07124	0.04622	0.00979	0.10065	0.16852	0.02020	0.04858	0.04720	0.05021	0.16202	0.07999	0.12560	0.00665	0.00436	0.00127	0.00426	0.00553	0.00330	0.03424
37	0.00791	0.00541	0.01944	0.00619	0.00753	0.00499	0.00478	0.07651	0.01190	0.08700	0.50275	0.18269	0.03165	0.00896	0.00497	0.00142	0.00257	0.02433	0.00450	0.00450
38	0.01114	0.02388	0.01102	0.03295	0.09008	0.01081	0.00763	0.12867	0.55886	0.01822	0.03869	0.01469	0.01198	0.00552	0.00443	0.00140	0.01486	0.00458	0.00397	0.00662
39	0.00954	0.04249	0.49258	0.01268	0.07474	0.00962	0.10912	0.05029	0.01002	0.05380	0.05676	0.01215	0.03795	0.00458	0.00425	0.00134	0.00565	0.00396	0.00239	0.00609
40	0.03866	0.08740	0.45061	0.02436	0.02781	0.02016	0.02106	0.02101	0.04467	0.02953	0.02293	0.10365	0.05930	0.00569	0.00438	0.00137	0.02473	0.00460	0.00246	0.00562
41	0.01103	0.73705	0.11431	0.00830	0.03202	0.01587	0.00839	0.01283	0.00871	0.01050	0.00616	0.00716	0.00548	0.00369	0.00292	0.00097	0.00476	0.00241	0.00182	0.00559
42	0.00845	0.00627	0.00840	0.13380	0.01146	0.00646	0.03818	0.08867	0.04867	0.06374	0.06058	0.16993	0.09221	0.17416	0.01972	0.00204	0.00393	0.01949	0.00338	0.04046
43	0.02287	0.00549	0.00662	0.00606	0.00726	0.00590	0.02117	0.04318	0.05003	0.05748	0.03484	0.03858	0.04726	0.06969	0.09385	0.00204	0.07062	0.02062	0.39207	0.00437
44	0.01442	0.01060	0.01212	0.03218	0.08592	0.02773	0.00808	0.50026	0.09287	0.09137	0.05037	0.01233	0.00962	0.00588	0.02522	0.00144	0.00463	0.00414	0.00402	0.00679
45	0.01154	0.01373	0.02177	0.01615	0.01991	0.22136	0.60360	0.01449	0.01056	0.01281	0.00809	0.01050	0.00621	0.00379	0.00472	0.00135	0.00730	0.00444	0.00216	0.00553
46	0.00616	0.00413	0.00463	0.00463	0.00467	0.00411	0.00260	0.00619	0.00629	0.00834	0.01424	0.02821	0.03819	0.82681	0.02119	0.00405	0.00407	0.00627	0.00262	0.00261
47	0.00541	0.00380	0.00487	0.00564	0.00583	0.00361	0.00364	0.00598	0.00771	0.01028	0.02121	0.66479	0.02532	0.20009	0.00905	0.00226	0.00284	0.01078	0.00364	0.00326
48	0.01028	0.00549	0.00685	0.00619	0.00798	0.00500	0.00474	0.01239	0.06684	0.28178	0.14400	0.20103	0.19980	0.00876	0.00479	0.00144	0.00277	0.00754	0.01729	0.00506
49	0.01017	0.06570	0.03336	0.00724	0.01072	0.02487	0.00606	0.09181	0.04274	0.03952	0.00848	0.00968	0.00688	0.01337	0.02469	0.00102	0.02554	0.00293	0.00276	0.57245
50	0.00915	0.00917	0.05744	0.28946	0.13615	0.00892	0.09480	0.05126	0.02370	0.01364	0.05553	0.01190	0.00833	0.00436	0.00447	0.00125	0.03313	0.00390	0.02155	0.16189

[dist]
# distance from previous block
# <min> <max>
3	6

[block]
# block no. 2 follows, 62 sequences, length 25
# corresponding to MSA columns:
# 687,688,709-731
name=unknown_C
#
# <colnr> <probs for GDERKNQSTAVLIFYWHMCP>
#	G	D	E	R	K	N	Q	S	T	A	V	L	I	F	Y	W	H	M	C	P
0	0.02078	0.01153	0.10493	0.01973	0.49507	0.03834	0.03942	0.06513	0.08514	0.02458	0.03113	0.01209	0.00842	0.00441	0.00426	0.00131	0.00503	0.01965	0.00257	0.00648
1	0.01479	0.01796	0.01266	0.01298	0.13033	0.65245	0.00882	0.03832	0.03452	0.01157	0.00728	0.00856	0.00602	0.00489	0.01984	0.00125	0.00716	0.00302	0.00230	0.00529
2	0.00763	0.00705	0.01138	0.60387	0.08211	0.00828	0.01020	0.01008	0.00879	0.01123	0.01383	0.05091	0.12695	0.00573	0.00445	0.00144	0.00494	0.02416	0.00234	0.00463
3	0.01891	0.00753	0.01005	0.00771	0.01101	0.00668	0.00637	0.06951	0.01266	0.77741	0.01638	0.01422	0.01033	0.00526	0.00428	0.00131	0.00369	0.00425	0.00520	0.00724
4	0.00901	0.05829	0.59642	0.01170	0.03969	0.00956	0.05605	0.01335	0.02391	0.04561	0.08781	0.01163	0.00923	0.00453	0.00415	0.00133	0.00564	0.00374	0.00229	0.00606
5	0.04047	0.00866	0.06307	0.00813	0.01154	0.00728	0.02221	0.09373	0.02285	0.62203	0.02772	0.01430	0.02724	0.00528	0.00426	0.00132	0.00389	0.00428	0.00477	0.00695
6	0.01405	0.01011	0.01108	0.00872	0.01159	0.01097	0.00711	0.61243	0.01773	0.04702	0.12728	0.01477	0.04554	0.00619	0.00482	0.03116	0.00413	0.00460	0.00425	0.00644
7	0.00552	0.00404	0.00526	0.02050	0.00661	0.00387	0.00409	0.00655	0.00886	0.01197	0.15227	0.58354	0.09464	0.02789	0.00572	0.00167	0.01796	0.01052	0.02492	0.00360
8	0.04605	0.03452	0.19047	0.01081	0.04143	0.04871	0.16435	0.02785	0.03532	0.06712	0.05389	0.11453	0.02627	0.00564	0.00432	0.00132	0.00484	0.01632	0.01886	0.08737
9	0.00859	0.00813	0.01377	0.65842	0.20676	0.00960	0.01209	0.01136	0.00877	0.01155	0.00766	0.01116	0.00591	0.00415	0.00424	0.00138	0.00553	0.00378	0.00194	0.00518
10	0.04271	0.00755	0.00990	0.00765	0.01090	0.00681	0.00631	0.05653	0.04030	0.73977	0.01620	0.01413	0.01030	0.00524	0.00423	0.00132	0.00365	0.00422	0.00511	0.00715
11	0.00985	0.01093	0.03921	0.19912	0.16321	0.03843	0.44954	0.01304	0.00969	0.01296	0.00818	0.01110	0.00628	0.00381	0.00465	0.00139	0.00647	0.00441	0.00208	0.00568
12	0.03935	0.02196	0.01176	0.04850	0.04064	0.21094	0.04387	0.07220	0.02347	0.39067	0.01189	0.01159	0.00815	0.00478	0.00423	0.00125	0.01604	0.00374	0.00378	0.03120
13	0.00518	0.00370	0.00494	0.00592	0.00617	0.00346	0.00395	0.00592	0.00815	0.01086	0.02345	0.84768	0.02814	0.01333	0.00543	0.00173	0.00247	0.01210	0.00395	0.00346
14	0.01589	0.02028	0.01206	0.01096	0.01315	0.83338	0.00822	0.01699	0.01206	0.01041	0.00658	0.00767	0.00548	0.00438	0.00384	0.00110	0.00767	0.00274	0.00219	0.00493
15	0.00932	0.00782	0.00905	0.00657	0.01025	0.00621	0.00526	0.07278	0.00968	0.01481	0.00809	0.02610	0.00682	0.00351	0.00328	0.00070	0.00326	0.00282	0.00269	0.79098
16	0.00630	0.00450	0.00622	0.00720	0.00793	0.00442	0.00589	0.00785	0.00924	0.01211	0.02284	0.31508	0.02571	0.01228	0.00573	0.00188	0.00343	0.53371	0.00393	0.00376
17	0.00602	0.00435	0.00569	0.00535	0.00636	0.00401	0.00401	0.00803	0.01204	0.01706	0.82167	0.03178	0.04015	0.00870	0.00502	0.00134	0.00201	0.00770	0.00468	0.00401
18	0.01109	0.16657	0.23353	0.01394	0.20770	0.17203	0.02253	0.03308	0.03491	0.01286	0.02887	0.01031	0.02602	0.00432	0.00388	0.00120	0.00563	0.00341	0.00222	0.00589
19	0.00550	0.00425	0.00501	0.00499	0.00608	0.00376	0.00368	0.00695	0.01055	0.01392	0.39174	0.14270	0.36520	0.01017	0.00508	0.00143	0.00213	0.00881	0.00428	0.00376
20	0.01144	0.01059	0.04791	0.03904	0.22320	0.05996	0.02821	0.19785	0.17414	0.02905	0.07709	0.01481	0.05700	0.00536	0.00435	0.00132	0.00449	0.00455	0.00339	0.00625
21	0.01500	0.00678	0.00883	0.00703	0.00973	0.00608	0.00568	0.06080	0.02388	0.53024	0.18045	0.01884	0.04623	0.02391	0.00478	0.00136	0.00329	0.00511	0.00488	0.03711
22	0.01076	0.62891	0.12689	0.00789	0.01159	0.01457	0.00817	0.01275	0.01958	0.03392	0.03708	0.00946	0.03208	0.00427	0.00342	0.00104	0.02705	0.00292	0.00212	0.00551
23	0.01090	0.02330	0.02507	0.01947	0.05628	0.01022	0.00721	0.13275	0.50837	0.01807	0.03898	0.02729	0.02199	0.00554	0.00423	0.00133	0.00366	0.00459	0.00393	0.07682
24	0.06305	0.17974	0.17360	0.01184	0.11579	0.09071	0.05740	0.13166	0.03189	0.03377	0.00862	0.03298	0.00698	0.00450	0.00396	0.00123	0.01766	0.00353	0.02513	0.00593

[dist]
# distance from previous block
# <min> <max>
0	8

[block]
# block no. 3 follows, 62 sequences, length 10
# corresponding to MSA columns:
# 742,744-752
name=unknown_D
#
# <colnr> <probs for GDERKNQSTAVLIFYWHMCP>
#	G	D	E	R	K	N	Q	S	T	A	V	L	I	F	Y	W	H	M	C	P
0	0.00790	0.00519	0.00676	0.00686	0.05326	0.00460	0.00476	0.00940	0.01026	0.12266	0.25920	0.22959	0.16641	0.00897	0.00481	0.00138	0.00264	0.00786	0.00411	0.08337
1	0.01266	0.23619	0.02717	0.00926	0.05377	0.04887	0.02619	0.14790	0.13309	0.13687	0.03167	0.03633	0.00984	0.05273	0.00504	0.00139	0.01762	0.00406	0.00334	0.00601
2	0.04797	0.24546	0.13039	0.00941	0.04255	0.03727	0.02232	0.19922	0.05377	0.09266	0.03999	0.01109	0.00845	0.03639	0.00442	0.00131	0.00468	0.00355	0.00304	0.00606
3	0.00926	0.05622	0.01448	0.05061	0.54552	0.00912	0.01049	0.01134	0.00936	0.01288	0.01381	0.08503	0.11773	0.00565	0.00463	0.00133	0.02913	0.00510	0.00248	0.00583
4	0.02747	0.11715	0.07887	0.00981	0.04486	0.17458	0.03810	0.14562	0.06778	0.03652	0.00856	0.00936	0.00669	0.00415	0.00371	0.00106	0.00499	0.00315	0.00277	0.21482
5	0.02798	0.35424	0.22977	0.00974	0.05505	0.01196	0.02872	0.04261	0.00950	0.08056	0.00846	0.04370	0.00701	0.00432	0.00353	0.00112	0.00481	0.00330	0.00237	0.07125
6	0.01124	0.31733	0.24896	0.01072	0.07800	0.04616	0.01020	0.13581	0.06035	0.01441	0.00871	0.00953	0.02266	0.00430	0.00365	0.00117	0.00511	0.00319	0.00242	0.00609
7	0.00684	0.11810	0.00778	0.00577	0.00653	0.00625	0.00417	0.00756	0.00675	0.00906	0.01169	0.02110	0.01242	0.44840	0.30531	0.00465	0.00675	0.00509	0.00237	0.00340
8	0.00605	0.00407	0.00468	0.00481	0.00485	0.00404	0.00276	0.00615	0.00645	0.00860	0.01475	0.13777	0.01717	0.73822	0.01948	0.00380	0.00390	0.00698	0.00276	0.00270
9	0.08522	0.04231	0.08564	0.02851	0.18236	0.01013	0.11628	0.09336	0.12940	0.08584	0.01053	0.02480	0.00814	0.00561	0.03318	0.00153	0.02969	0.00407	0.01728	0.00613

[dist]
# distance from previous block
# <min> <max>
0	2

[block]
# block no. 4 follows, 62 sequences, length 24
# corresponding to MSA columns:
# 755-765,767-779
name=unknown_E
#
# <colnr> <probs for GDERKNQSTAVLIFYWHMCP>
#	G	D	E	R	K	N	Q	S	T	A	V	L	I	F	Y	W	H	M	C	P
0	0.06748	0.12046	0.11117	0.05483	0.07184	0.14501	0.09516	0.04352	0.03172	0.10218	0.01179	0.05424	0.06239	0.00513	0.00406	0.00128	0.00517	0.00423	0.00278	0.00557
1	0.00621	0.00415	0.00483	0.00483	0.00489	0.00420	0.00281	0.00628	0.00622	0.00835	0.01309	0.02660	0.01488	0.76585	0.08224	0.02874	0.00466	0.00600	0.00254	0.00265
2	0.01122	0.51309	0.07082	0.00903	0.01257	0.06758	0.07893	0.01499	0.16054	0.01204	0.00845	0.00913	0.00696	0.00411	0.00339	0.00110	0.00487	0.00308	0.00234	0.00574
3	0.00614	0.00441	0.00552	0.00535	0.00646	0.00400	0.00405	0.00788	0.01123	0.03593	0.55263	0.07548	0.20458	0.00945	0.00507	0.00141	0.00220	0.04976	0.00447	0.00397
4	0.00584	0.00434	0.00544	0.00516	0.00625	0.00394	0.00387	0.00768	0.01161	0.01604	0.67901	0.03346	0.18345	0.00908	0.00502	0.00136	0.00203	0.00793	0.00455	0.00394
5	0.00647	0.00417	0.00465	0.00459	0.00566	0.00387	0.00342	0.00819	0.01010	0.01497	0.28545	0.06165	0.22237	0.00797	0.00425	0.00125	0.00205	0.00676	0.33829	0.00387
6	0.01463	0.00645	0.00842	0.00684	0.00942	0.00571	0.00550	0.04646	0.01187	0.53720	0.11623	0.07315	0.12527	0.00693	0.00454	0.00136	0.00320	0.00581	0.00490	0.00612
7	0.00961	0.00805	0.00831	0.00749	0.00960	0.02816	0.00583	0.10269	0.43581	0.01679	0.04525	0.04202	0.19810	0.00717	0.00450	0.00141	0.00323	0.02284	0.03743	0.00571
8	0.41133	0.05686	0.16379	0.08876	0.05237	0.02467	0.05148	0.04309	0.00857	0.01597	0.00680	0.00838	0.00526	0.00416	0.00386	0.00133	0.04278	0.00295	0.00233	0.00525
9	0.00932	0.00560	0.00815	0.00710	0.00876	0.00524	0.10130	0.03011	0.00978	0.15948	0.03567	0.27809	0.06204	0.00789	0.00442	0.00137	0.00313	0.00706	0.25083	0.00467
10	0.03366	0.08332	0.01298	0.01199	0.16302	0.11029	0.03523	0.09503	0.22630	0.01554	0.01051	0.02489	0.00842	0.00456	0.00391	0.00117	0.00452	0.00375	0.00301	0.14788
11	0.00932	0.02253	0.00956	0.02959	0.01066	0.09821	0.07020	0.08217	0.17027	0.02567	0.04699	0.11122	0.19129	0.02665	0.00511	0.00151	0.00401	0.07645	0.00363	0.00497
12	0.01174	0.13682	0.23910	0.03164	0.05548	0.05536	0.00979	0.10017	0.14257	0.11065	0.04168	0.01152	0.00888	0.00470	0.00397	0.00126	0.00484	0.00369	0.00305	0.02311
13	0.00942	0.03617	0.21771	0.01414	0.01834	0.01003	0.43356	0.03378	0.06850	0.01386	0.01046	0.09480	0.00884	0.00487	0.00469	0.00143	0.00607	0.00515	0.00245	0.00575
14	0.00607	0.00505	0.00630	0.00653	0.00733	0.03594	0.03574	0.00732	0.02163	0.01142	0.05532	0.49878	0.16233	0.02177	0.04479	0.00190	0.01618	0.04813	0.00372	0.00375
15	0.00707	0.00723	0.07479	0.02432	0.17331	0.00608	0.04882	0.00917	0.03219	0.01261	0.07968	0.36139	0.10789	0.00913	0.00494	0.00152	0.00359	0.02829	0.00334	0.00465
16	0.00859	0.00863	0.04494	0.63270	0.17198	0.00963	0.01202	0.01177	0.03628	0.01176	0.00798	0.01126	0.00610	0.00421	0.00424	0.00139	0.00551	0.00379	0.00201	0.00522
17	0.00522	0.00425	0.00463	0.00475	0.00596	0.00366	0.00353	0.00638	0.00975	0.01207	0.12785	0.15040	0.60194	0.01092	0.00511	0.00148	0.00223	0.03221	0.00403	0.00363
18	0.01417	0.34285	0.01610	0.00942	0.01229	0.43910	0.00784	0.08997	0.01148	0.01180	0.00666	0.00758	0.00564	0.00416	0.00345	0.00104	0.00618	0.00266	0.00224	0.00535
19	0.06130	0.05669	0.09268	0.06503	0.15905	0.27707	0.04396	0.02654	0.09359	0.07123	0.00890	0.00999	0.00686	0.00436	0.00397	0.00124	0.00575	0.00342	0.00259	0.00580
20	0.00805	0.00490	0.00586	0.00542	0.00695	0.00439	0.00411	0.00946	0.03010	0.15891	0.14939	0.07287	0.40343	0.02923	0.03787	0.05029	0.00293	0.00747	0.00410	0.00427
21	0.00793	0.00397	0.00397	0.00397	0.00496	0.00397	0.00297	0.00991	0.00892	0.01586	0.01388	0.01586	0.01091	0.00496	0.00297	0.00099	0.00198	0.00397	0.87408	0.00397
22	0.00815	0.00777	0.01328	0.78438	0.02854	0.00960	0.04466	0.01097	0.00852	0.01097	0.00755	0.01130	0.00570	0.00431	0.00454	0.00143	0.02784	0.00383	0.00190	0.00477
23	0.02352	0.13063	0.23044	0.04568	0.20760	0.08269	0.01101	0.08297	0.01055	0.07932	0.00910	0.03146	0.00736	0.00458	0.00399	0.00126	0.00530	0.02390	0.00252	0.00611

[dist]
# distance from previous block
# <min> <max>
0	5

[block]
# block no. 5 follows, 62 sequences, length 36
# corresponding to MSA columns:
# 785-820
name=unknown_F
#
# <colnr> <probs for GDERKNQSTAVLIFYWHMCP>
#	G	D	E	R	K	N	Q	S	T	A	V	L	I	F	Y	W	H	M	C	P
0	0.01182	0.01154	0.04653	0.06832	0.19725	0.17915	0.05244	0.05802	0.01026	0.09849	0.00954	0.05479	0.00806	0.00725	0.06874	0.00178	0.10362	0.00416	0.00263	0.00560
1	0.14194	0.04836	0.01269	0.01291	0.17192	0.44968	0.00859	0.08160	0.01141	0.01373	0.00704	0.00830	0.00575	0.00424	0.00373	0.00117	0.00614	0.00296	0.00240	0.00545
2	0.00615	0.00494	0.00634	0.01750	0.07630	0.00455	0.00465	0.00804	0.02278	0.01478	0.45873	0.03267	0.30893	0.00890	0.00493	0.00137	0.00239	0.00772	0.00417	0.00415
3	0.01021	0.00945	0.01565	0.02304	0.70477	0.00933	0.01172	0.01265	0.00957	0.01406	0.00845	0.01085	0.00705	0.00384	0.00404	0.00120	0.00468	0.00372	0.07207	0.06366
4	0.00606	0.00407	0.00468	0.00480	0.00483	0.00404	0.00275	0.00616	0.00643	0.00858	0.01466	0.12982	0.01705	0.74634	0.01964	0.00383	0.00392	0.00692	0.00275	0.00269
5	0.00569	0.00419	0.00468	0.00475	0.00534	0.00396	0.00309	0.00623	0.00763	0.00971	0.02467	0.09012	0.30609	0.43670	0.06648	0.00316	0.00376	0.00751	0.00315	0.00308
6	0.02598	0.00607	0.00741	0.00616	0.00834	0.00571	0.00490	0.06654	0.01102	0.38169	0.03478	0.01666	0.04445	0.04139	0.02998	0.00150	0.00330	0.00448	0.29406	0.00559
7	0.58369	0.00843	0.00761	0.00656	0.00929	0.00946	0.00535	0.05815	0.13299	0.12853	0.00938	0.00949	0.00684	0.00447	0.00320	0.00133	0.00342	0.00304	0.00334	0.00543
8	0.06852	0.74934	0.04565	0.00742	0.01103	0.03844	0.00739	0.01286	0.00866	0.01072	0.00599	0.00692	0.00540	0.00369	0.00279	0.00096	0.00461	0.00232	0.00188	0.00542
9	0.00653	0.06037	0.00688	0.00563	0.00682	0.01867	0.00435	0.00844	0.01165	0.01618	0.70876	0.04809	0.04629	0.00849	0.00488	0.00133	0.00233	0.02579	0.00441	0.00411
10	0.00708	0.00407	0.00545	0.00538	0.00565	0.00408	0.00356	0.00647	0.00635	0.03328	0.01223	0.01990	0.06030	0.28503	0.10457	0.42219	0.00456	0.00493	0.00236	0.00256
11	0.88052	0.00823	0.00625	0.00560	0.00823	0.00955	0.00461	0.01251	0.00724	0.01909	0.00592	0.00691	0.00461	0.00395	0.00263	0.00132	0.00329	0.00230	0.00263	0.00461
12	0.02120	0.00689	0.00821	0.00788	0.00933	0.00760	0.00635	0.08073	0.22399	0.04193	0.01720	0.02901	0.01664	0.14150	0.00822	0.00207	0.05518	0.30742	0.00375	0.00490
13	0.00630	0.00448	0.00539	0.00534	0.00544	0.00476	0.00335	0.00655	0.00646	0.00875	0.01394	0.08375	0.02901	0.65716	0.08247	0.00397	0.06102	0.00636	0.00263	0.00289
14	0.82780	0.00817	0.00648	0.00572	0.00839	0.00934	0.00471	0.01301	0.00754	0.06853	0.00659	0.00738	0.00497	0.00403	0.00273	0.00132	0.00331	0.00242	0.00279	0.00477
15	0.00618	0.00440	0.00605	0.00605	0.00658	0.00490	0.00438	0.00724	0.00671	0.00958	0.01211	0.02017	0.01216	0.28717	0.55026	0.00578	0.00879	0.00505	0.03303	0.00342
16	0.01016	0.00763	0.00869	0.00778	0.00960	0.00835	0.00612	0.26297	0.16144	0.01768	0.04948	0.15379	0.02693	0.04660	0.06605	0.00198	0.01776	0.08309	0.04855	0.00536
17	0.00609	0.00416	0.00479	0.00476	0.00498	0.00407	0.00285	0.00645	0.00725	0.00975	0.13372	0.04673	0.05582	0.67076	0.01811	0.00354	0.00369	0.00666	0.00298	0.00285
18	0.01574	0.00847	0.02096	0.00805	0.01102	0.00824	0.00665	0.26649	0.02673	0.42139	0.02571	0.03764	0.05462	0.00752	0.05884	0.00169	0.00437	0.00466	0.00458	0.00665
19	0.03771	0.79469	0.02144	0.00733	0.01093	0.01647	0.00723	0.04392	0.00905	0.01094	0.00608	0.00696	0.00550	0.00371	0.00279	0.00094	0.00452	0.00234	0.00194	0.00550
20	0.00543	0.00384	0.00501	0.00575	0.00598	0.00370	0.00379	0.00608	0.00770	0.01031	0.02080	0.64127	0.02465	0.16957	0.06285	0.00251	0.00336	0.01051	0.00359	0.00332
21	0.02829	0.01974	0.01739	0.03285	0.01656	0.11368	0.44952	0.01242	0.01016	0.01335	0.06865	0.04406	0.06741	0.00519	0.00468	0.00137	0.00580	0.02395	0.05985	0.00508
22	0.00979	0.22360	0.29042	0.01109	0.07943	0.03335	0.03832	0.01428	0.14228	0.01320	0.03427	0.01180	0.04254	0.00474	0.00421	0.00126	0.03335	0.00371	0.00245	0.00590
23	0.00918	0.00911	0.01278	0.01099	0.01102	0.01272	0.00915	0.01013	0.00653	0.01023	0.00582	0.00961	0.00579	0.00845	0.04749	0.00207	0.80868	0.00376	0.00188	0.00462
24	0.01039	0.09214	0.42982	0.03708	0.06594	0.07739	0.05099	0.06519	0.09478	0.02389	0.00875	0.00984	0.00652	0.00427	0.00402	0.00129	0.00575	0.00342	0.00233	0.00618
25	0.00686	0.00507	0.00678	0.00653	0.00719	0.00574	0.00482	0.05637	0.00744	0.01044	0.01170	0.01938	0.01169	0.27604	0.50589	0.00548	0.04146	0.00497	0.00247	0.00368
26	0.02880	0.00650	0.00799	0.00686	0.00857	0.00664	0.00535	0.13835	0.01176	0.18313	0.26072	0.05530	0.06643	0.08921	0.05232	0.00195	0.05499	0.00596	0.00412	0.00505
27	0.00838	0.07069	0.67692	0.01102	0.01650	0.00959	0.01379	0.01271	0.00921	0.01341	0.06258	0.01239	0.03580	0.00474	0.00410	0.00134	0.00570	0.02307	0.00211	0.00594
28	0.01051	0.50011	0.30436	0.00981	0.04558	0.01401	0.01049	0.03999	0.00919	0.01195	0.00675	0.00784	0.00555	0.00384	0.00330	0.00109	0.00518	0.00269	0.00191	0.00586
29	0.00716	0.00688	0.04747	0.06050	0.06364	0.00622	0.10581	0.00994	0.05117	0.01472	0.38439	0.02496	0.12855	0.00890	0.05928	0.00173	0.00398	0.00647	0.00362	0.00462
30	0.00817	0.00629	0.00787	0.00727	0.03586	0.02318	0.03655	0.07379	0.07561	0.05170	0.42667	0.05478	0.13208	0.02023	0.00505	0.00139	0.00291	0.00688	0.00422	0.01951
31	0.01051	0.01026	0.03198	0.03704	0.29279	0.01004	0.27402	0.11843	0.04438	0.01596	0.10108	0.01342	0.01070	0.00455	0.00458	0.00134	0.00533	0.00468	0.00278	0.00611
32	0.06602	0.00777	0.03697	0.00845	0.00980	0.01704	0.02832	0.05865	0.10928	0.04170	0.04438	0.16628	0.01326	0.02689	0.14949	0.00253	0.19960	0.00567	0.00307	0.00481
33	0.00978	0.00851	0.01361	0.07091	0.44085	0.00841	0.04250	0.02600	0.03785	0.05621	0.04418	0.09298	0.05566	0.00542	0.00437	0.00130	0.00438	0.00504	0.00278	0.06924
34	0.06050	0.00888	0.03081	0.01325	0.27095	0.03645	0.00820	0.07738	0.03569	0.15447	0.09679	0.04020	0.06394	0.00544	0.00421	0.00126	0.00401	0.00465	0.00339	0.07951
35	0.15358	0.00692	0.00904	0.06033	0.13300	0.00705	0.03348	0.02205	0.06101	0.07512	0.21593	0.02177	0.16104	0.00665	0.00436	0.00136	0.00337	0.01536	0.00357	0.00500

[dist]
# distance from previous block
# <min> <max>
1	18

[block]
# block no. 6 follows, 62 sequences, length 22
# corresponding to MSA columns:
# 854-875
name=unknown_G
#
# <colnr> <probs for GDERKNQSTAVLIFYWHMCP>
#	G	D	E	R	K	N	Q	S	T	A	V	L	I	F	Y	W	H	M	C	P
0	0.00741	0.00703	0.06963	0.00706	0.02724	0.00604	0.01869	0.06332	0.10909	0.01615	0.39860	0.02806	0.19725	0.00804	0.00481	0.00138	0.00289	0.01847	0.00412	0.00473
1	0.02873	0.00794	0.00923	0.00918	0.08460	0.00860	0.00649	0.09740	0.36989	0.03499	0.18030	0.02013	0.09198	0.00711	0.02302	0.00150	0.00345	0.00551	0.00409	0.00584
2	0.00882	0.00737	0.02658	0.00864	0.07391	0.02100	0.03631	0.08935	0.14751	0.04457	0.34139	0.02437	0.13808	0.00728	0.00470	0.00136	0.00320	0.00631	0.00409	0.00518
3	0.01162	0.00997	0.01140	0.03076	0.15447	0.06402	0.00797	0.08603	0.40550	0.06130	0.01308	0.01299	0.00990	0.00494	0.00414	0.00128	0.00410	0.00412	0.00360	0.09882
4	0.00751	0.00725	0.09325	0.02291	0.05269	0.00590	0.00622	0.02280	0.09184	0.04605	0.39262	0.06011	0.13359	0.00852	0.02851	0.00153	0.00323	0.00672	0.00397	0.00477
5	0.00996	0.01022	0.04078	0.05616	0.46120	0.00995	0.19650	0.01327	0.05755	0.01378	0.01005	0.01229	0.03759	0.00428	0.00467	0.00134	0.02788	0.00431	0.02205	0.00617
6	0.10795	0.04160	0.04252	0.33593	0.11554	0.02701	0.00957	0.03503	0.00919	0.06656	0.03954	0.03600	0.00846	0.00506	0.00478	0.00139	0.06695	0.01977	0.02199	0.00518
7	0.00973	0.03378	0.10522	0.06256	0.12415	0.00957	0.02488	0.06292	0.33932	0.01602	0.10543	0.03795	0.01370	0.03005	0.00485	0.00145	0.00411	0.00486	0.00344	0.00601
8	0.00822	0.10698	0.10766	0.00763	0.03979	0.00672	0.00645	0.03204	0.00972	0.08685	0.08873	0.27970	0.15045	0.00886	0.00468	0.00145	0.00341	0.04241	0.00356	0.00470
9	0.01072	0.03496	0.06407	0.01206	0.15941	0.13858	0.02902	0.06483	0.21831	0.01484	0.05034	0.03303	0.07556	0.00566	0.00461	0.00132	0.03627	0.00462	0.03604	0.00576
10	0.00614	0.00432	0.00563	0.00563	0.00597	0.00466	0.00381	0.00682	0.00648	0.00898	0.01251	0.02285	0.01330	0.48331	0.38585	0.00534	0.00739	0.00546	0.00244	0.00313
11	0.00823	0.00641	0.00771	0.00609	0.00871	0.00531	0.00478	0.03083	0.02600	0.04011	0.33498	0.01838	0.02017	0.00554	0.00399	0.00097	0.00275	0.00473	0.00355	0.46075
12	0.03613	0.06029	0.06210	0.00771	0.01145	0.02904	0.00670	0.19296	0.01165	0.08029	0.00872	0.00939	0.00667	0.00390	0.00352	0.00092	0.00393	0.00298	0.00304	0.45861
13	0.00568	0.00405	0.00518	0.00566	0.00601	0.00401	0.00382	0.00639	0.00750	0.01002	0.01963	0.39043	0.06836	0.27010	0.14069	0.00325	0.00441	0.03828	0.00327	0.00327
14	0.02610	0.06245	0.23727	0.04559	0.12014	0.07715	0.18759	0.11066	0.01082	0.03655	0.00816	0.00987	0.00618	0.00422	0.00460	0.00132	0.03920	0.00371	0.00236	0.00606
15	0.01222	0.12257	0.08690	0.03550	0.19444	0.08540	0.03905	0.15414	0.04680	0.08528	0.02185	0.02929	0.00829	0.03968	0.00495	0.00137	0.01939	0.00391	0.00289	0.00609
16	0.00837	0.00536	0.00652	0.00582	0.00741	0.00497	0.00446	0.06046	0.03141	0.11763	0.34813	0.05829	0.21389	0.00884	0.00561	0.06162	0.00263	0.00694	0.00424	0.03739
17	0.00568	0.00413	0.00511	0.00559	0.00612	0.00388	0.00380	0.02788	0.00882	0.01169	0.10841	0.52696	0.13036	0.12194	0.00743	0.00195	0.00266	0.01023	0.00386	0.00352
18	0.02344	0.28041	0.06408	0.01026	0.08024	0.19019	0.02967	0.11868	0.01135	0.02313	0.07137	0.01181	0.04849	0.00512	0.01355	0.00121	0.00520	0.00363	0.00263	0.00553
19	0.00854	0.00540	0.00646	0.00602	0.00718	0.02146	0.00434	0.03982	0.02684	0.13028	0.19227	0.16352	0.05198	0.23320	0.05018	0.00240	0.00365	0.01679	0.00380	0.02586
20	0.01084	0.38567	0.04066	0.00874	0.03568	0.05880	0.05170	0.03173	0.11382	0.01277	0.00830	0.00917	0.00686	0.00393	0.00334	0.00099	0.00444	0.00298	0.02099	0.18858
21	0.00859	0.02666	0.07084	0.01052	0.16546	0.10289	0.00701	0.01003	0.02269	0.01182	0.09566	0.06256	0.09339	0.07752	0.04339	0.13574	0.00453	0.00519	0.04114	0.00436

[dist]
# distance from previous block
# <min> <max>
4	14

[block]
# block no. 7 follows, 62 sequences, length 24
# corresponding to MSA columns:
# 890-913
name=unknown_H
#
# <colnr> <probs for GDERKNQSTAVLIFYWHMCP>
#	G	D	E	R	K	N	Q	S	T	A	V	L	I	F	Y	W	H	M	C	P
0	0.23181	0.16739	0.08806	0.00856	0.01171	0.17094	0.00765	0.13567	0.04492	0.04131	0.00771	0.00847	0.00601	0.00436	0.00372	0.00120	0.02901	0.00291	0.00270	0.02589
1	0.02768	0.06069	0.18560	0.00846	0.05131	0.02241	0.00770	0.04054	0.00949	0.03206	0.03712	0.01360	0.08404	0.02655	0.01674	0.00119	0.00412	0.00375	0.04367	0.32330
2	0.11315	0.00768	0.02660	0.00724	0.00955	0.00767	0.00589	0.18761	0.06617	0.13819	0.03692	0.12239	0.11300	0.00923	0.07382	0.00184	0.00414	0.03038	0.00387	0.03466
3	0.00600	0.00432	0.00580	0.00589	0.00637	0.00464	0.00416	0.00694	0.00701	0.00973	0.04457	0.10106	0.03628	0.30553	0.42703	0.00508	0.00749	0.00606	0.00267	0.00336
4	0.00621	0.00457	0.00591	0.00582	0.00646	0.00474	0.00413	0.00716	0.00747	0.01033	0.08218	0.08155	0.06793	0.31508	0.28719	0.00419	0.02640	0.02623	0.00285	0.04358
5	0.03342	0.00424	0.00542	0.00596	0.00667	0.00404	0.00437	0.00740	0.00926	0.02977	0.17238	0.47141	0.06442	0.01135	0.00519	0.00162	0.00260	0.11980	0.03690	0.00377
6	0.00654	0.00475	0.00653	0.00710	0.00793	0.00467	0.02111	0.02412	0.00937	0.01235	0.06314	0.25395	0.03645	0.08648	0.00706	0.00203	0.00351	0.43530	0.00382	0.00378
7	0.02461	0.00723	0.01142	0.20423	0.17840	0.02497	0.07637	0.02467	0.00912	0.01230	0.01439	0.30308	0.01518	0.00783	0.00480	0.00153	0.00441	0.06780	0.00289	0.00477
8	0.00703	0.00497	0.00569	0.00538	0.00690	0.00454	0.00413	0.00930	0.07474	0.08449	0.24235	0.05132	0.43473	0.00944	0.00495	0.00143	0.00241	0.03764	0.00429	0.00428
9	0.00552	0.00394	0.00532	0.00631	0.00671	0.00375	0.00454	0.00651	0.00848	0.01124	0.02327	0.68618	0.02740	0.01301	0.00552	0.00177	0.00276	0.17026	0.00394	0.00355
10	0.00704	0.00632	0.01027	0.00914	0.01054	0.02487	0.18755	0.02413	0.00905	0.01197	0.01925	0.47315	0.04719	0.01079	0.02484	0.00177	0.02545	0.08909	0.00341	0.00417
11	0.01097	0.01433	0.18857	0.12383	0.24278	0.18928	0.02617	0.04231	0.03335	0.01314	0.00824	0.01057	0.00660	0.00441	0.00442	0.00130	0.03212	0.01672	0.02509	0.00580
12	0.00616	0.00422	0.00514	0.00514	0.00532	0.00440	0.00320	0.00651	0.00634	0.00862	0.01295	0.02531	0.01437	0.66385	0.20677	0.00474	0.00578	0.00582	0.00251	0.00286
13	0.00810	0.00763	0.01288	0.81812	0.05089	0.00947	0.01185	0.01093	0.00854	0.01095	0.00757	0.01132	0.00570	0.00424	0.00425	0.00141	0.00566	0.00378	0.00190	0.00478
14	0.01092	0.23875	0.32300	0.03005	0.04504	0.09191	0.01072	0.04373	0.08276	0.04940	0.00940	0.01015	0.02782	0.00439	0.00376	0.00121	0.00535	0.00329	0.00239	0.00596
15	0.00994	0.06621	0.26291	0.05979	0.36819	0.01006	0.01237	0.01372	0.06489	0.04222	0.02229	0.01150	0.02860	0.00433	0.00411	0.00129	0.00514	0.00378	0.00234	0.00631
16	0.00795	0.00842	0.07414	0.00885	0.00999	0.05634	0.04905	0.00943	0.00760	0.01061	0.04178	0.03616	0.01105	0.15023	0.24868	0.00353	0.23419	0.02546	0.00234	0.00420
17	0.25779	0.02407	0.04284	0.02571	0.17283	0.29724	0.05074	0.01411	0.00973	0.01399	0.00723	0.00918	0.00596	0.00425	0.00379	0.00124	0.01709	0.01599	0.02095	0.00525
18	0.00843	0.03284	0.03892	0.69154	0.09938	0.00981	0.01180	0.01138	0.02104	0.01130	0.00768	0.01111	0.00586	0.00426	0.00435	0.00139	0.01823	0.00373	0.00194	0.00501
19	0.01201	0.55556	0.03315	0.00851	0.02370	0.18730	0.00763	0.03618	0.00960	0.01072	0.00709	0.00826	0.01884	0.00536	0.04213	0.00128	0.02266	0.00270	0.00203	0.00531
20	0.00873	0.00745	0.00872	0.00627	0.00996	0.00562	0.00501	0.01062	0.00893	0.01397	0.03497	0.00960	0.00744	0.00334	0.00321	0.00065	0.00311	0.00270	0.00259	0.84710
21	0.02439	0.15772	0.03814	0.00827	0.03127	0.00910	0.03362	0.15747	0.04865	0.03849	0.01441	0.27577	0.01457	0.00779	0.00477	0.01555	0.02410	0.03620	0.05463	0.00510
22	0.00845	0.04045	0.00891	0.03480	0.00995	0.00662	0.00562	0.04661	0.03019	0.02814	0.02829	0.04552	0.05426	0.01084	0.18400	0.00224	0.02906	0.01856	0.00278	0.40472
23	0.06396	0.07794	0.06969	0.01164	0.14391	0.06597	0.00860	0.25379	0.07593	0.12272	0.01931	0.04886	0.00878	0.00507	0.00406	0.00128	0.00460	0.00404	0.00344	0.00640

[dist]
# distance from previous block
# <min> <max>
5	7

[block]
# block no. 8 follows, 62 sequences, length 11
# corresponding to MSA columns:
# 921-931
name=unknown_I
#
# <colnr> <probs for GDERKNQSTAVLIFYWHMCP>
#	G	D	E	R	K	N	Q	S	T	A	V	L	I	F	Y	W	H	M	C	P
0	0.03077	0.03060	0.13770	0.01136	0.13796	0.10114	0.02143	0.07800	0.05708	0.02903	0.06279	0.11770	0.09559	0.02248	0.00519	0.00143	0.04595	0.00542	0.00301	0.00535
1	0.00533	0.00383	0.00494	0.00577	0.00610	0.00358	0.00389	0.00607	0.00814	0.01074	0.02384	0.68730	0.08108	0.08956	0.00690	0.00194	0.00265	0.04112	0.00382	0.00340
2	0.00935	0.00867	0.02736	0.05751	0.27331	0.03129	0.11277	0.06223	0.02138	0.03235	0.03681	0.18048	0.04181	0.01713	0.00513	0.00148	0.02349	0.04911	0.00294	0.00540
3	0.02627	0.08241	0.04430	0.13345	0.17201	0.12791	0.04862	0.10199	0.03255	0.16312	0.02104	0.01099	0.00758	0.00447	0.00408	0.00126	0.00521	0.00370	0.00297	0.00609
4	0.00626	0.00864	0.20630	0.00703	0.00936	0.00537	0.00694	0.00838	0.00929	0.01221	0.06572	0.13742	0.33081	0.03394	0.02419	0.00172	0.00371	0.11507	0.00338	0.00427
5	0.01076	0.00727	0.01110	0.41721	0.06707	0.00800	0.00913	0.05309	0.00999	0.19707	0.02705	0.05597	0.02919	0.02097	0.00507	0.02650	0.00467	0.03153	0.00307	0.00529
6	0.01198	0.39290	0.07596	0.02408	0.09143	0.07382	0.02572	0.06021	0.05597	0.07918	0.00889	0.00972	0.02273	0.00442	0.00403	0.00115	0.04627	0.00321	0.00249	0.00584
7	0.04897	0.10799	0.29558	0.01097	0.08967	0.01019	0.01033	0.13420	0.03485	0.14050	0.03080	0.03045	0.02738	0.00485	0.00401	0.00129	0.00482	0.00385	0.00301	0.00628
8	0.00569	0.00571	0.07509	0.00584	0.00725	0.00427	0.00487	0.00719	0.00950	0.01235	0.14800	0.24846	0.34655	0.03015	0.00550	0.00159	0.00275	0.07155	0.00384	0.00385
9	0.02868	0.00541	0.00625	0.00591	0.00738	0.00518	0.00445	0.07392	0.04583	0.10573	0.11046	0.22742	0.26550	0.03577	0.00535	0.00155	0.00275	0.02315	0.03484	0.00446
10	0.01100	0.09876	0.11862	0.02723	0.26713	0.06585	0.04957	0.10422	0.07978	0.01475	0.00887	0.01070	0.00718	0.03397	0.00459	0.00130	0.00506	0.00360	0.00253	0.08529

[dist]
# distance from previous block
# <min> <max>
2	10

[block]
