[name]
unknown

[dist]
# distance from previous block
# <min> <max>
0	209

[block]
# block no. 0 follows, 56 sequences, length 43
# corresponding to MSA columns:
# 295-315,317-338
name=unknown_A
#
# <colnr> <probs for GDERKNQSTAVLIFYWHMCP>
#	G	D	E	R	K	N	Q	S	T	A	V	L	I	F	Y	W	H	M	C	P
0	0.01026	0.09585	0.12085	0.09468	0.10764	0.02644	0.04091	0.07289	0.05749	0.03358	0.01324	0.12623	0.02117	0.00764	0.03017	0.00169	0.03696	0.06227	0.01568	0.02435
1	0.07794	0.02068	0.01544	0.07454	0.47039	0.05993	0.02293	0.07009	0.01122	0.04650	0.01175	0.01393	0.06377	0.00499	0.00448	0.00139	0.00523	0.01546	0.00277	0.00657
2	0.01026	0.07289	0.19366	0.07254	0.14753	0.07310	0.08542	0.01294	0.00994	0.04403	0.02060	0.10146	0.01985	0.00792	0.05037	0.03871	0.00605	0.02437	0.00262	0.00574
3	0.01068	0.01106	0.06273	0.17710	0.21824	0.10041	0.04619	0.04323	0.04572	0.03347	0.06430	0.06169	0.04612	0.00607	0.00478	0.00147	0.00537	0.03980	0.00296	0.01863
4	0.00946	0.00872	0.02309	0.22327	0.13717	0.04870	0.00899	0.05503	0.05793	0.01386	0.04306	0.15115	0.01331	0.07241	0.02565	0.00185	0.03122	0.00586	0.00299	0.06626
5	0.01034	0.00976	0.01550	0.20951	0.19774	0.04759	0.15968	0.05107	0.01084	0.03680	0.03376	0.05259	0.08533	0.02517	0.00528	0.00152	0.00552	0.00536	0.00282	0.03382
6	0.03677	0.01219	0.07665	0.11135	0.23972	0.14567	0.06058	0.01330	0.01042	0.02543	0.06579	0.09894	0.01162	0.00603	0.00543	0.00148	0.06505	0.00512	0.00269	0.00578
7	0.01138	0.01135	0.01734	0.14541	0.60847	0.07509	0.01336	0.01399	0.01037	0.01410	0.00837	0.01121	0.00696	0.00433	0.00482	0.00139	0.02910	0.00400	0.00224	0.00673
8	0.01122	0.05141	0.01636	0.37254	0.23637	0.06839	0.06834	0.04272	0.01051	0.04913	0.00871	0.01155	0.00676	0.00453	0.00474	0.00143	0.02280	0.00404	0.00240	0.00604
9	0.11487	0.00863	0.01022	0.00800	0.01137	0.03066	0.00656	0.08702	0.01294	0.55936	0.01524	0.01387	0.00998	0.00535	0.00428	0.00136	0.00399	0.00418	0.04257	0.04957
10	0.00885	0.00834	0.01409	0.77549	0.08238	0.01025	0.01284	0.01188	0.00926	0.01194	0.00819	0.01218	0.00620	0.00456	0.00459	0.00152	0.00608	0.00408	0.00206	0.00524
11	0.00557	0.00433	0.00507	0.00558	0.00646	0.00383	0.00392	0.00660	0.00977	0.01239	0.07749	0.43601	0.38087	0.01287	0.00564	0.00170	0.00248	0.01128	0.00431	0.00383
12	0.00584	0.00465	0.00517	0.00509	0.00640	0.00406	0.00378	0.00725	0.01100	0.01402	0.26902	0.05284	0.51755	0.05175	0.00633	0.00168	0.00242	0.02275	0.00442	0.00396
13	0.00637	0.00469	0.00568	0.00549	0.00672	0.00419	0.00409	0.00810	0.01187	0.03209	0.48443	0.09175	0.29693	0.01040	0.00543	0.00151	0.00229	0.00901	0.00475	0.00421
14	0.00952	0.00897	0.01424	0.64697	0.13423	0.02574	0.01250	0.02989	0.04872	0.01290	0.00878	0.01226	0.00670	0.00463	0.00458	0.00150	0.00593	0.00412	0.00226	0.00556
15	0.01715	0.02188	0.01301	0.01183	0.01419	0.82022	0.00887	0.01833	0.01301	0.01124	0.00710	0.00828	0.00591	0.00473	0.00414	0.00118	0.00828	0.00296	0.00237	0.00532
16	0.00572	0.00419	0.00538	0.00614	0.00669	0.00385	0.00424	0.00676	0.00954	0.01265	0.12144	0.62199	0.13101	0.01340	0.00576	0.00178	0.00259	0.02868	0.00436	0.00383
17	0.01409	0.01040	0.01165	0.00870	0.01255	0.01007	0.00711	0.38912	0.01557	0.07603	0.01021	0.01066	0.00760	0.00457	0.00406	0.00107	0.00423	0.00353	0.00382	0.39497
18	0.00665	0.00454	0.00548	0.00548	0.00565	0.00471	0.00337	0.00698	0.00682	0.00925	0.01403	0.02764	0.01565	0.67766	0.18294	0.00504	0.00602	0.00632	0.00272	0.00305
19	0.01155	0.01143	0.03057	0.06301	0.50094	0.02531	0.14861	0.05819	0.07509	0.01583	0.00964	0.01195	0.00769	0.00434	0.00470	0.00142	0.00578	0.00438	0.00259	0.00697
20	0.01241	0.00672	0.00820	0.00692	0.00922	0.00632	0.00548	0.09471	0.04141	0.28410	0.23303	0.04221	0.16940	0.00794	0.00493	0.00144	0.00314	0.00667	0.04988	0.00586
21	0.01186	0.01061	0.01112	0.02549	0.05822	0.05670	0.00784	0.06081	0.64317	0.01872	0.01745	0.01646	0.02880	0.00607	0.00464	0.00152	0.00409	0.00502	0.00434	0.00708
22	0.00991	0.19583	0.62920	0.01234	0.03697	0.01225	0.01497	0.01436	0.00963	0.01376	0.00786	0.00924	0.00587	0.00426	0.00407	0.00135	0.00636	0.00321	0.00195	0.00661
23	0.01087	0.25165	0.43840	0.01264	0.07404	0.02545	0.04228	0.04584	0.01031	0.02544	0.01887	0.00971	0.00665	0.00434	0.00404	0.00131	0.00605	0.00336	0.00219	0.00655
24	0.01309	0.14403	0.01488	0.01160	0.08111	0.18534	0.06813	0.16038	0.04777	0.04123	0.03706	0.08427	0.06245	0.00621	0.00470	0.00136	0.02210	0.00502	0.00327	0.00601
25	0.00569	0.00415	0.00534	0.00617	0.00664	0.00383	0.00421	0.00663	0.00924	0.01222	0.07964	0.66451	0.11568	0.03115	0.00616	0.00186	0.00266	0.02616	0.00428	0.00377
26	0.01035	0.00971	0.01628	0.34147	0.41604	0.01054	0.03642	0.04708	0.01039	0.01419	0.00917	0.04115	0.00766	0.00471	0.00464	0.00145	0.00567	0.00445	0.00235	0.00628
27	0.01094	0.09849	0.44618	0.01562	0.16736	0.05654	0.06556	0.06013	0.01075	0.01493	0.00830	0.00996	0.00629	0.00432	0.00433	0.00138	0.00640	0.00359	0.00221	0.00673
28	0.00934	0.00999	0.08351	0.05620	0.01305	0.01144	0.02399	0.01097	0.00767	0.02762	0.00847	0.03701	0.00806	0.03812	0.13857	0.00282	0.50141	0.00450	0.00225	0.00501
29	0.00664	0.00444	0.00502	0.00505	0.00506	0.00443	0.00283	0.00667	0.00674	0.00899	0.01479	0.05390	0.01710	0.81425	0.02285	0.00437	0.00440	0.00687	0.00283	0.00281
30	0.06727	0.01510	0.23393	0.03693	0.07436	0.04103	0.03689	0.32366	0.02478	0.06879	0.01034	0.02824	0.00767	0.00511	0.00446	0.00142	0.00556	0.00405	0.00341	0.00699
31	0.01111	0.01216	0.04972	0.03862	0.25712	0.05199	0.36147	0.03004	0.01080	0.01480	0.00914	0.02699	0.00738	0.00420	0.00482	0.00138	0.00641	0.00463	0.00241	0.09480
32	0.00698	0.00504	0.00717	0.00705	0.00760	0.00581	0.00527	0.00794	0.00714	0.01024	0.01188	0.01911	0.01165	0.16491	0.53529	0.09742	0.05978	0.00505	0.02095	0.00372
33	0.87108	0.00888	0.00675	0.00604	0.00888	0.01030	0.00497	0.01350	0.00781	0.02060	0.00639	0.00746	0.00497	0.00426	0.00284	0.00142	0.00355	0.00249	0.00284	0.00497
34	0.05897	0.07384	0.30068	0.01214	0.08766	0.09059	0.01131	0.04504	0.15219	0.02635	0.01003	0.01086	0.00763	0.00464	0.00415	0.00132	0.00550	0.00360	0.00278	0.09071
35	0.00593	0.00474	0.00569	0.05081	0.00787	0.00432	0.00437	0.00741	0.01079	0.01390	0.25040	0.18278	0.41227	0.01112	0.00546	0.00158	0.00255	0.00960	0.00436	0.00404
36	0.00937	0.03762	0.38706	0.01193	0.07695	0.00921	0.04176	0.04765	0.04987	0.03434	0.09771	0.08959	0.07441	0.00647	0.00474	0.00148	0.00517	0.00552	0.00304	0.00611
37	0.02683	0.20623	0.48947	0.01125	0.01658	0.05822	0.01317	0.05471	0.01025	0.01415	0.00809	0.00958	0.00624	0.00601	0.04917	0.00166	0.00660	0.00326	0.00215	0.00637
38	0.00635	0.00565	0.05042	0.00597	0.00738	0.00451	0.00481	0.00831	0.01168	0.01605	0.48557	0.13017	0.20680	0.01010	0.00536	0.00151	0.00252	0.00881	0.02373	0.00429
39	0.01298	0.05011	0.02897	0.02732	0.27253	0.33756	0.03597	0.01501	0.02488	0.01279	0.02274	0.05695	0.00905	0.04624	0.00562	0.00148	0.02716	0.00431	0.00251	0.00583
40	0.00621	0.00538	0.00547	0.00580	0.00690	0.04904	0.00418	0.00730	0.01009	0.01234	0.06432	0.33005	0.43682	0.01219	0.00553	0.00165	0.00281	0.02581	0.00419	0.00393
41	0.00589	0.00435	0.00593	0.05181	0.00814	0.00417	0.00476	0.00691	0.00903	0.01212	0.06251	0.73271	0.02915	0.01336	0.00571	0.00180	0.00285	0.01210	0.00414	0.02256
42	0.01062	0.00994	0.01631	0.08798	0.60141	0.01024	0.01252	0.01405	0.07371	0.01474	0.01072	0.05844	0.00947	0.00593	0.02883	0.00161	0.00539	0.01874	0.00260	0.00675

[dist]
# distance from previous block
# <min> <max>
2	3

[block]
# block no. 1 follows, 56 sequences, length 52
# corresponding to MSA columns:
# 342-393
name=unknown_B
#
# <colnr> <probs for GDERKNQSTAVLIFYWHMCP>
#	G	D	E	R	K	N	Q	S	T	A	V	L	I	F	Y	W	H	M	C	P
0	0.73417	0.02765	0.02323	0.00655	0.00934	0.04007	0.00545	0.03017	0.00843	0.01957	0.00768	0.05670	0.00661	0.00490	0.00314	0.00143	0.00380	0.00318	0.00291	0.00503
1	0.01108	0.01051	0.01768	0.12189	0.65817	0.01080	0.02418	0.03002	0.02651	0.01495	0.00916	0.01241	0.00766	0.00439	0.00460	0.00141	0.00549	0.01976	0.00238	0.00695
2	0.00771	0.00689	0.00877	0.03503	0.01027	0.06870	0.07407	0.00911	0.00947	0.01242	0.01938	0.49066	0.02197	0.03314	0.00584	0.00171	0.00391	0.06319	0.00363	0.11413
3	0.00739	0.00546	0.00687	0.00668	0.02176	0.00529	0.00499	0.01065	0.09780	0.03488	0.58632	0.03343	0.09661	0.00924	0.00536	0.00150	0.00255	0.05361	0.00487	0.00473
4	0.87108	0.00888	0.00675	0.00604	0.00888	0.01030	0.00497	0.01350	0.00781	0.02060	0.00639	0.00746	0.00497	0.00426	0.00284	0.00142	0.00355	0.00249	0.00284	0.00497
5	0.00852	0.00465	0.00483	0.00473	0.00589	0.00471	0.00356	0.01130	0.05692	0.01737	0.09576	0.01886	0.01511	0.00581	0.00352	0.00114	0.00223	0.00474	0.72588	0.00446
6	0.26431	0.00757	0.00861	0.00701	0.00996	0.00738	0.00573	0.01780	0.01124	0.45544	0.06234	0.01455	0.01150	0.00546	0.00401	0.00139	0.00352	0.00419	0.09157	0.00642
7	0.00668	0.00445	0.00501	0.00501	0.00501	0.00445	0.00278	0.00668	0.00668	0.00890	0.01447	0.03004	0.01669	0.83866	0.02337	0.00445	0.00445	0.00668	0.00278	0.00278
8	0.00609	0.00451	0.00569	0.00579	0.00674	0.00411	0.00422	0.00772	0.01140	0.01550	0.45248	0.24565	0.17561	0.01115	0.00555	0.00159	0.00237	0.02505	0.00469	0.00409
9	0.01070	0.01280	0.07736	0.01776	0.02206	0.01173	0.63336	0.01498	0.05734	0.01467	0.00952	0.01230	0.00723	0.00437	0.00607	0.00158	0.07239	0.00516	0.00241	0.00620
10	0.00663	0.00464	0.00594	0.00594	0.00626	0.00496	0.00395	0.00728	0.00695	0.00959	0.01361	0.02531	0.01464	0.52186	0.33736	0.00560	0.00754	0.00598	0.00265	0.00330
11	0.02437	0.17448	0.17223	0.01287	0.13726	0.09791	0.01049	0.14446	0.07990	0.04362	0.02323	0.01152	0.00830	0.03432	0.00484	0.00142	0.00552	0.00378	0.00294	0.00657
12	0.02701	0.01206	0.01221	0.07089	0.11453	0.23313	0.03545	0.05557	0.08268	0.03058	0.02406	0.16307	0.02974	0.00716	0.00554	0.00151	0.06681	0.01929	0.00316	0.00556
13	0.00785	0.00657	0.00989	0.07223	0.21725	0.00649	0.00748	0.01014	0.01168	0.01634	0.46039	0.02682	0.08290	0.00870	0.03401	0.00165	0.00368	0.00687	0.00396	0.00511
14	0.01184	0.01519	0.13334	0.01619	0.09411	0.16947	0.34534	0.03216	0.02616	0.01439	0.00909	0.02704	0.00722	0.00438	0.00475	0.00138	0.00691	0.00442	0.00243	0.07417
15	0.01237	0.06116	0.09693	0.01277	0.09197	0.11628	0.10469	0.19729	0.01329	0.01746	0.07436	0.01616	0.01166	0.02127	0.00539	0.00149	0.03618	0.06554	0.03761	0.00612
16	0.02016	0.00851	0.01109	0.00850	0.01207	0.00778	0.00702	0.12900	0.01431	0.70493	0.01713	0.01499	0.01087	0.00566	0.00461	0.00141	0.00406	0.00455	0.00553	0.00781
17	0.01698	0.09411	0.01289	0.03222	0.08121	0.00934	0.00780	0.08074	0.06731	0.47812	0.01605	0.01495	0.03833	0.00562	0.00469	0.00140	0.02185	0.00450	0.00462	0.00726
18	0.01158	0.06050	0.01887	0.06841	0.63038	0.04009	0.05791	0.03120	0.01067	0.01473	0.00851	0.01111	0.00707	0.00415	0.00449	0.00135	0.00568	0.00403	0.00230	0.00695
19	0.03649	0.00783	0.01058	0.00813	0.01167	0.00681	0.00671	0.02221	0.01304	0.79839	0.01789	0.01547	0.01125	0.00566	0.00458	0.00142	0.00390	0.00458	0.00563	0.00776
20	0.00622	0.00542	0.00702	0.04160	0.03399	0.00489	0.04945	0.00772	0.01036	0.01277	0.05894	0.10979	0.56777	0.01089	0.00545	0.00160	0.00303	0.05490	0.00401	0.00419
21	0.00966	0.05530	0.01231	0.02841	0.09911	0.00971	0.03903	0.02616	0.00891	0.06417	0.01377	0.21974	0.03102	0.06585	0.02061	0.00199	0.27952	0.00662	0.00301	0.00509
22	0.04056	0.01241	0.11687	0.02957	0.10320	0.10852	0.05659	0.02637	0.00941	0.05498	0.00883	0.01178	0.00744	0.01087	0.15445	0.00263	0.23342	0.00404	0.00244	0.00564
23	0.07009	0.00830	0.05756	0.00824	0.01064	0.00774	0.00692	0.03965	0.20743	0.19694	0.01874	0.17491	0.01683	0.00823	0.00491	0.00162	0.00376	0.11303	0.03846	0.00602
24	0.01610	0.10438	0.06182	0.01129	0.01425	0.54141	0.00924	0.14618	0.01375	0.01432	0.00772	0.00876	0.00622	0.00482	0.00431	0.00123	0.02254	0.00315	0.00266	0.00587
25	0.45361	0.04376	0.03597	0.00729	0.00958	0.04868	0.00618	0.01226	0.00896	0.03485	0.01262	0.12522	0.01264	0.00729	0.00425	0.00159	0.01660	0.15055	0.00325	0.00485
26	0.01140	0.03556	0.03016	0.03927	0.47149	0.05910	0.13246	0.03034	0.02651	0.01454	0.00927	0.02977	0.00796	0.00483	0.00540	0.00145	0.06340	0.01804	0.00242	0.00662
27	0.00983	0.09566	0.15827	0.00931	0.03718	0.00882	0.03611	0.06319	0.02662	0.01539	0.06146	0.05283	0.04223	0.00525	0.00411	0.00113	0.00436	0.01741	0.00294	0.34789
28	0.00634	0.00439	0.00527	0.00561	0.00583	0.00431	0.00353	0.00677	0.00762	0.01011	0.01931	0.25479	0.05924	0.50262	0.05285	0.00364	0.00420	0.03706	0.00330	0.00321
29	0.00661	0.00507	0.00764	0.00785	0.00873	0.00483	0.07129	0.00804	0.00948	0.01268	0.03969	0.49306	0.03996	0.03926	0.00642	0.00195	0.00351	0.20259	0.02728	0.00406
30	0.59347	0.09211	0.02659	0.00811	0.03868	0.13432	0.00649	0.02912	0.00914	0.01806	0.00670	0.00783	0.00536	0.00432	0.00317	0.00134	0.00456	0.00266	0.00268	0.00529
31	0.00867	0.00816	0.01377	0.82762	0.03162	0.01020	0.01275	0.01173	0.00918	0.01173	0.00816	0.01224	0.00612	0.00459	0.00459	0.00153	0.00612	0.00408	0.00204	0.00510
32	0.01064	0.00984	0.03706	0.01230	0.18627	0.04672	0.02042	0.03351	0.05102	0.04103	0.03449	0.04081	0.02742	0.00467	0.00408	0.00106	0.00424	0.00400	0.00298	0.42743
33	0.00589	0.00463	0.00536	0.00558	0.00677	0.00410	0.00422	0.00730	0.01072	0.01365	0.19398	0.16919	0.44330	0.01173	0.00559	0.00164	0.00256	0.09538	0.00442	0.00398
34	0.03777	0.00759	0.05379	0.00783	0.02648	0.00694	0.03700	0.08521	0.08441	0.01624	0.21818	0.03967	0.20876	0.06806	0.07968	0.00222	0.00429	0.00692	0.00396	0.00499
35	0.00633	0.00463	0.00585	0.00564	0.00666	0.00425	0.00414	0.00817	0.01207	0.01674	0.62475	0.08483	0.12874	0.05911	0.00651	0.00166	0.00235	0.00866	0.00478	0.00415
36	0.01183	0.66093	0.06722	0.01019	0.08272	0.01633	0.03562	0.01373	0.00951	0.01176	0.00712	0.00840	0.00628	0.00402	0.00326	0.00106	0.00505	0.00283	0.03612	0.00601
37	0.00755	0.00416	0.00594	0.00597	0.00606	0.00424	0.00397	0.00634	0.00632	0.00851	0.00997	0.03924	0.01039	0.15472	0.10087	0.61147	0.00488	0.00478	0.00223	0.00239
38	0.02060	0.00781	0.01065	0.00817	0.01172	0.00675	0.00675	0.02237	0.01314	0.81320	0.01811	0.01563	0.01136	0.00568	0.00462	0.00142	0.00391	0.00462	0.00568	0.00781
39	0.00733	0.00703	0.05688	0.01003	0.10524	0.00592	0.06420	0.00953	0.01120	0.01545	0.34860	0.17578	0.10724	0.00934	0.00538	0.00156	0.00345	0.04695	0.00407	0.00481
40	0.09877	0.03782	0.01094	0.00801	0.01150	0.02654	0.00657	0.12932	0.01163	0.14951	0.00983	0.01048	0.00742	0.00454	0.00452	0.00109	0.06045	0.00330	0.00342	0.40434
41	0.01133	0.01067	0.01807	0.04459	0.75213	0.01075	0.01368	0.01399	0.01041	0.02818	0.00941	0.01201	0.02140	0.00433	0.00474	0.00138	0.01923	0.00420	0.00236	0.00714
42	0.04807	0.30161	0.05274	0.01151	0.09370	0.20336	0.00908	0.13276	0.06246	0.03210	0.00858	0.00943	0.00691	0.00459	0.00384	0.00121	0.00570	0.00325	0.00277	0.00632
43	0.03577	0.03975	0.10876	0.06621	0.44157	0.01017	0.02071	0.01434	0.05496	0.06208	0.02554	0.03110	0.04078	0.02278	0.00492	0.00147	0.00514	0.00456	0.00275	0.00664
44	0.00751	0.00495	0.00653	0.00635	0.00692	0.00531	0.00443	0.00834	0.00737	0.05738	0.01360	0.02361	0.01392	0.42414	0.37054	0.00551	0.02137	0.00574	0.00280	0.00369
45	0.02894	0.01053	0.09939	0.06073	0.10291	0.00961	0.09161	0.13553	0.08342	0.02593	0.10221	0.04618	0.03269	0.02469	0.00569	0.00161	0.03409	0.07996	0.01830	0.00598
46	0.01195	0.01213	0.04318	0.08115	0.36362	0.06940	0.21635	0.03674	0.05624	0.04963	0.00970	0.01193	0.00754	0.00435	0.00475	0.00143	0.00616	0.00442	0.00261	0.00671
47	0.01137	0.03600	0.09814	0.02846	0.10712	0.09534	0.07752	0.03023	0.05212	0.06762	0.08060	0.01496	0.02848	0.00606	0.00676	0.00150	0.17364	0.02680	0.00296	0.05431
48	0.03900	0.08028	0.07226	0.02408	0.21130	0.12313	0.00958	0.11671	0.07096	0.01618	0.06745	0.03298	0.07267	0.00647	0.02310	0.00151	0.01832	0.00472	0.00312	0.00617
49	0.02361	0.04030	0.06759	0.07965	0.18366	0.04502	0.06314	0.08316	0.13762	0.05122	0.14200	0.01585	0.01413	0.00554	0.00464	0.00141	0.00484	0.00486	0.00343	0.02833
50	0.02680	0.09174	0.17254	0.02900	0.23044	0.14978	0.02942	0.04945	0.03500	0.01460	0.04636	0.01263	0.03903	0.00549	0.01956	0.00144	0.01437	0.00403	0.00259	0.02574
51	0.01094	0.06412	0.17934	0.02175	0.13007	0.10169	0.10731	0.02943	0.04241	0.04230	0.10085	0.01638	0.04224	0.00556	0.00463	0.00138	0.00552	0.03785	0.00295	0.05329

[dist]
# distance from previous block
# <min> <max>
32	147

[block]
# block no. 2 follows, 56 sequences, length 45
# corresponding to MSA columns:
# 600-644
name=unknown_C
#
# <colnr> <probs for GDERKNQSTAVLIFYWHMCP>
#	G	D	E	R	K	N	Q	S	T	A	V	L	I	F	Y	W	H	M	C	P
0	0.04720	0.23119	0.24197	0.01136	0.08895	0.02204	0.01050	0.09452	0.05268	0.04402	0.03270	0.06272	0.03065	0.00544	0.00414	0.00134	0.00511	0.00428	0.00286	0.00634
1	0.04140	0.10814	0.13700	0.03415	0.22298	0.03231	0.05457	0.07038	0.02439	0.06030	0.01324	0.05771	0.07752	0.00554	0.00442	0.00137	0.00510	0.00474	0.00290	0.04185
2	0.05453	0.10251	0.18380	0.01512	0.22508	0.01148	0.04552	0.14866	0.01199	0.02551	0.04709	0.04224	0.02537	0.00536	0.00469	0.00141	0.02623	0.01400	0.00289	0.00653
3	0.02170	0.08196	0.16047	0.02924	0.17301	0.04519	0.05706	0.14192	0.03085	0.02473	0.03352	0.02585	0.03749	0.01413	0.00513	0.00144	0.03975	0.03145	0.00293	0.04220
4	0.03857	0.07884	0.18142	0.01271	0.15745	0.00915	0.05592	0.04460	0.02121	0.02499	0.11823	0.11287	0.03960	0.03477	0.01560	0.00160	0.00481	0.00570	0.00307	0.03889
5	0.03145	0.17902	0.10555	0.01421	0.21424	0.05630	0.03128	0.05662	0.11466	0.03922	0.01172	0.02651	0.03997	0.03983	0.00521	0.00148	0.01922	0.00426	0.00286	0.00638
6	0.02202	0.06447	0.16604	0.02192	0.10013	0.03142	0.04268	0.13070	0.03116	0.01637	0.08759	0.09270	0.09961	0.00684	0.00512	0.00145	0.03912	0.00569	0.01206	0.02293
7	0.06282	0.06050	0.14754	0.01261	0.16949	0.04445	0.00946	0.07404	0.09361	0.03214	0.03428	0.04922	0.06168	0.05509	0.01599	0.00162	0.00489	0.00478	0.00308	0.06270
8	0.01077	0.02407	0.16512	0.06189	0.22599	0.08571	0.10692	0.04446	0.01089	0.02535	0.05558	0.03035	0.03802	0.03895	0.00537	0.00150	0.00573	0.00464	0.00266	0.05604
9	0.04764	0.04684	0.09320	0.02362	0.11420	0.02497	0.04374	0.06537	0.07474	0.13990	0.12583	0.01700	0.06199	0.00577	0.00450	0.00134	0.00437	0.00488	0.00368	0.09641
10	0.04833	0.02566	0.15452	0.07039	0.30822	0.01058	0.07425	0.06410	0.03617	0.02379	0.03165	0.01300	0.01828	0.04380	0.00576	0.00156	0.03503	0.00429	0.00261	0.02800
11	0.01126	0.03137	0.01545	0.16488	0.29439	0.04223	0.05878	0.08755	0.02477	0.03679	0.01097	0.02689	0.04116	0.03562	0.00615	0.00156	0.07419	0.00455	0.00271	0.02873
12	0.03213	0.01045	0.10240	0.07924	0.15369	0.00853	0.05895	0.06291	0.01065	0.04158	0.04764	0.01423	0.04189	0.05192	0.00534	0.00138	0.00472	0.00423	0.00287	0.26524
13	0.00974	0.00990	0.04389	0.32105	0.18688	0.02077	0.08358	0.02424	0.00972	0.01340	0.03603	0.04148	0.00862	0.00529	0.00595	0.00150	0.10887	0.00453	0.00238	0.06218
14	0.00826	0.00833	0.06365	0.14404	0.12523	0.00787	0.05050	0.01070	0.02593	0.01344	0.12696	0.02212	0.11630	0.09874	0.06166	0.00221	0.05476	0.02107	0.00302	0.03521
15	0.00956	0.04522	0.12215	0.11182	0.18959	0.05977	0.02585	0.01208	0.01067	0.04709	0.10024	0.03479	0.18520	0.00679	0.00479	0.00145	0.00477	0.01943	0.00312	0.00561
16	0.01365	0.01020	0.01170	0.04340	0.01294	0.01112	0.00775	0.46526	0.01634	0.04119	0.04026	0.11145	0.01187	0.02305	0.03354	0.00169	0.05705	0.00531	0.00406	0.07816
17	0.01502	0.04490	0.03191	0.01153	0.01375	0.53594	0.02449	0.04359	0.06140	0.01258	0.00802	0.00950	0.00666	0.00533	0.00587	0.00135	0.13620	0.00338	0.02306	0.00553
18	0.01140	0.66351	0.13267	0.00842	0.01253	0.01606	0.00885	0.01347	0.00966	0.01190	0.06810	0.00975	0.00875	0.00441	0.00333	0.00108	0.00496	0.00303	0.00220	0.00590
19	0.00895	0.00541	0.00715	0.00686	0.03504	0.00490	0.00499	0.01090	0.01249	0.15478	0.53069	0.06472	0.11696	0.00901	0.00527	0.00147	0.00262	0.00787	0.00495	0.00496
20	0.01340	0.12007	0.20843	0.01204	0.03490	0.09722	0.09831	0.22552	0.05748	0.05226	0.01074	0.01150	0.02768	0.00494	0.00440	0.00136	0.00590	0.00398	0.00312	0.00674
21	0.01042	0.16718	0.55538	0.04616	0.01857	0.07817	0.03499	0.01460	0.00991	0.01350	0.00784	0.00934	0.00588	0.00431	0.00413	0.00135	0.00657	0.00327	0.00199	0.00642
22	0.75167	0.01035	0.08016	0.01785	0.01037	0.01047	0.00629	0.04094	0.00848	0.02022	0.00675	0.00785	0.00516	0.00432	0.00306	0.00142	0.00393	0.00265	0.00281	0.00524
23	0.00928	0.00747	0.01148	0.20741	0.26545	0.00807	0.00922	0.01168	0.00962	0.01453	0.01188	0.07948	0.01030	0.00559	0.00459	0.00137	0.03319	0.00487	0.28914	0.00540
24	0.01133	0.01044	0.04385	0.00950	0.01227	0.01139	0.00767	0.02399	0.76878	0.01901	0.01825	0.01682	0.01367	0.00615	0.00466	0.00155	0.00376	0.00512	0.00456	0.00725
25	0.00628	0.00468	0.00583	0.00555	0.00672	0.00424	0.00416	0.00824	0.01248	0.01718	0.65238	0.03631	0.19930	0.00984	0.00542	0.00147	0.00220	0.00859	0.00489	0.00424
26	0.00668	0.00445	0.00501	0.00501	0.00501	0.00445	0.00278	0.00668	0.00668	0.00890	0.01447	0.03004	0.01669	0.83866	0.02337	0.00445	0.00445	0.00668	0.00278	0.00278
27	0.00583	0.00443	0.00537	0.00568	0.00662	0.00398	0.00408	0.00715	0.01056	0.01386	0.25247	0.33528	0.28973	0.01204	0.00560	0.00165	0.00244	0.02477	0.00448	0.00396
28	0.01132	0.01067	0.01740	0.07775	0.66376	0.01098	0.01321	0.03101	0.08938	0.01549	0.00965	0.01199	0.00788	0.00436	0.00456	0.00139	0.00531	0.00420	0.00254	0.00714
29	0.01715	0.02188	0.01301	0.01183	0.01419	0.82022	0.00887	0.01833	0.01301	0.01124	0.00710	0.00828	0.00591	0.00473	0.00414	0.00118	0.00828	0.00296	0.00237	0.00532
30	0.00618	0.00458	0.00578	0.00577	0.00678	0.00417	0.00426	0.00793	0.01175	0.01608	0.51982	0.18079	0.16802	0.01074	0.00552	0.00155	0.00233	0.02904	0.00476	0.00414
31	0.01048	0.00932	0.01000	0.00735	0.01129	0.05894	0.00585	0.05830	0.01046	0.01555	0.00826	0.00953	0.00680	0.00361	0.00352	0.00075	0.00381	0.00282	0.00281	0.76056
32	0.00666	0.00450	0.00526	0.00526	0.00534	0.00459	0.00309	0.00684	0.00675	0.00909	0.01424	0.02878	0.01614	0.75426	0.10701	0.00476	0.00527	0.00649	0.00275	0.00292
33	0.01420	0.27042	0.05030	0.01037	0.01407	0.01476	0.06371	0.37371	0.06533	0.02017	0.00993	0.01112	0.00779	0.00514	0.00453	0.00132	0.03325	0.01961	0.00342	0.00685
34	0.01451	0.00699	0.00902	0.00743	0.01001	0.00647	0.00594	0.03773	0.08492	0.43061	0.28028	0.02278	0.04870	0.00715	0.00491	0.00144	0.00328	0.00605	0.00531	0.00648
35	0.01164	0.17247	0.11380	0.01278	0.15255	0.03292	0.00975	0.03823	0.33261	0.03255	0.03655	0.01342	0.01072	0.00521	0.00428	0.00138	0.00470	0.00425	0.00336	0.00683
36	0.01545	0.17957	0.06610	0.03280	0.03989	0.47914	0.00936	0.06792	0.01247	0.04601	0.00782	0.00888	0.00630	0.00462	0.00400	0.00120	0.00699	0.00310	0.00253	0.00585
37	0.01210	0.25579	0.35000	0.01109	0.02710	0.07477	0.02515	0.07495	0.04486	0.06008	0.01867	0.01004	0.00716	0.00456	0.00402	0.00129	0.00587	0.00340	0.00256	0.00654
38	0.01160	0.35568	0.27864	0.01149	0.01627	0.03794	0.11368	0.07814	0.01070	0.01402	0.00775	0.00917	0.00617	0.00432	0.00421	0.00127	0.02704	0.00334	0.00223	0.00634
39	0.00561	0.00405	0.00532	0.00629	0.00664	0.00375	0.00423	0.00647	0.00900	0.01196	0.04995	0.77196	0.06961	0.01409	0.00582	0.00184	0.00263	0.01274	0.00429	0.00375
40	0.01063	0.00967	0.01609	0.22255	0.49723	0.01016	0.02445	0.01364	0.03783	0.04023	0.01043	0.03200	0.02298	0.02658	0.00512	0.00151	0.00539	0.00454	0.00251	0.00647
41	0.01126	0.08075	0.18858	0.03202	0.27143	0.02457	0.13589	0.05934	0.05863	0.03585	0.03572	0.01259	0.02326	0.00468	0.00457	0.00140	0.00578	0.00432	0.00267	0.00670
42	0.00755	0.00449	0.00515	0.00508	0.00592	0.00444	0.00360	0.00909	0.00947	0.02516	0.16193	0.04901	0.05232	0.19479	0.06972	0.00242	0.00347	0.00610	0.37633	0.00395
43	0.01024	0.00561	0.00746	0.00749	0.00900	0.00533	0.00620	0.01204	0.01074	0.19131	0.04387	0.06622	0.04144	0.07793	0.00700	0.00201	0.00382	0.40505	0.08235	0.00489
44	0.01048	0.01564	0.35223	0.15896	0.07515	0.01064	0.05951	0.15124	0.01177	0.01637	0.01075	0.07419	0.02183	0.00544	0.00465	0.00149	0.00593	0.00466	0.00269	0.00638

[dist]
# distance from previous block
# <min> <max>
0	1

[block]
# block no. 3 follows, 56 sequences, length 35
# corresponding to MSA columns:
# 646,647,649,650,652-682
name=unknown_D
#
# <colnr> <probs for GDERKNQSTAVLIFYWHMCP>
#	G	D	E	R	K	N	Q	S	T	A	V	L	I	F	Y	W	H	M	C	P
0	0.01077	0.01295	0.10316	0.10370	0.21696	0.04798	0.37082	0.01422	0.01051	0.01428	0.00905	0.01230	0.00714	0.00424	0.00492	0.00146	0.00676	0.01860	0.00229	0.02790
1	0.00700	0.00505	0.00583	0.00573	0.00609	0.00528	0.00364	0.00821	0.06588	0.01018	0.01689	0.05736	0.06881	0.61223	0.07511	0.00408	0.02945	0.00679	0.00303	0.00338
2	0.87108	0.00888	0.00675	0.00604	0.00888	0.01030	0.00497	0.01350	0.00781	0.02060	0.00639	0.00746	0.00497	0.00426	0.00284	0.00142	0.00355	0.00249	0.00284	0.00497
3	0.01013	0.00790	0.00954	0.01742	0.01098	0.00652	0.01884	0.01278	0.06298	0.08289	0.01345	0.04687	0.07245	0.00498	0.00409	0.00097	0.01673	0.00410	0.00326	0.59313
4	0.00653	0.00483	0.00609	0.00587	0.00697	0.00453	0.00435	0.00889	0.04444	0.01718	0.62723	0.10961	0.10473	0.02129	0.00567	0.00154	0.00232	0.00872	0.00487	0.00434
5	0.00860	0.02253	0.08336	0.02407	0.11152	0.04702	0.04341	0.02789	0.02637	0.01357	0.13760	0.01950	0.05776	0.04900	0.27478	0.01768	0.02197	0.00537	0.00296	0.00504
6	0.00690	0.00536	0.00823	0.03741	0.05344	0.00618	0.00645	0.00865	0.00761	0.01094	0.01195	0.01746	0.01106	0.03170	0.74654	0.00684	0.01170	0.00484	0.00243	0.00431
7	0.01925	0.00765	0.01032	0.00801	0.01134	0.00671	0.00658	0.03966	0.01333	0.72238	0.08947	0.01721	0.01417	0.00601	0.00469	0.00142	0.00378	0.00494	0.00560	0.00750
8	0.00568	0.00422	0.00530	0.00597	0.00659	0.00384	0.00412	0.00673	0.00967	0.01273	0.13157	0.57480	0.18564	0.01319	0.00572	0.00175	0.00253	0.01177	0.00437	0.00384
9	0.00598	0.00477	0.00556	0.02897	0.00722	0.00426	0.00412	0.00763	0.01152	0.01498	0.37404	0.03899	0.45467	0.01046	0.00540	0.00150	0.00237	0.00893	0.00454	0.00411
10	0.01043	0.00829	0.00642	0.00612	0.00751	0.18314	0.00459	0.01263	0.03036	0.01593	0.04411	0.01585	0.01177	0.00539	0.00354	0.00112	0.00352	0.00417	0.62053	0.00458
11	0.00742	0.00627	0.00907	0.13482	0.07303	0.00631	0.03749	0.00989	0.03542	0.01441	0.19927	0.03409	0.23554	0.00923	0.00540	0.00163	0.00376	0.16838	0.00387	0.00469
12	0.01174	0.68150	0.14613	0.00913	0.01353	0.01674	0.04131	0.01391	0.00945	0.01154	0.00679	0.00793	0.00592	0.00399	0.00327	0.00108	0.00531	0.00272	0.00197	0.00604
13	0.01070	0.00952	0.03628	0.15113	0.17249	0.00872	0.03605	0.03554	0.03847	0.05953	0.00926	0.01112	0.00728	0.00418	0.00435	0.00114	0.02443	0.00360	0.00275	0.37349
14	0.00696	0.00501	0.00676	0.00738	0.04017	0.00464	0.01923	0.00828	0.00993	0.04927	0.11785	0.39009	0.16333	0.04191	0.02599	0.00194	0.00325	0.07573	0.00418	0.01807
15	0.01313	0.01071	0.01134	0.00969	0.01259	0.01222	0.00768	0.24229	0.58105	0.02196	0.01652	0.01540	0.01226	0.00603	0.00465	0.00151	0.00403	0.00489	0.00465	0.00742
16	0.25307	0.01908	0.55417	0.01135	0.01693	0.01060	0.04521	0.01425	0.00921	0.01626	0.00776	0.00917	0.00562	0.00431	0.00397	0.00145	0.00591	0.00322	0.00221	0.00625
17	0.00955	0.00927	0.01292	0.01119	0.01125	0.01277	0.00919	0.01052	0.00702	0.01085	0.00710	0.01215	0.00722	0.07607	0.06661	0.00254	0.71260	0.00429	0.00210	0.00478
18	0.01662	0.01237	0.01333	0.01017	0.01388	0.01339	0.00838	0.71254	0.02032	0.02747	0.01072	0.01086	0.00770	0.00529	0.00447	0.00130	0.00488	0.00399	0.00440	0.09793
19	0.01100	0.01054	0.01799	0.13463	0.70637	0.01081	0.01391	0.01378	0.01028	0.01456	0.00857	0.01148	0.00712	0.00416	0.00455	0.00139	0.00554	0.00409	0.00224	0.00698
20	0.87108	0.00888	0.00675	0.00604	0.00888	0.01030	0.00497	0.01350	0.00781	0.02060	0.00639	0.00746	0.00497	0.00426	0.00284	0.00142	0.00355	0.00249	0.00284	0.00497
21	0.01195	0.01013	0.01068	0.00945	0.01214	0.01167	0.00740	0.09237	0.73288	0.02006	0.01801	0.01659	0.01347	0.00617	0.00466	0.00154	0.00376	0.00510	0.00466	0.00731
22	0.28185	0.00814	0.00945	0.00751	0.01085	0.00784	0.00620	0.01965	0.01150	0.56973	0.01451	0.01312	0.00940	0.00525	0.00407	0.00142	0.00380	0.00396	0.00481	0.00694
23	0.00668	0.00445	0.00501	0.00501	0.00501	0.00445	0.00278	0.00668	0.00668	0.00890	0.01447	0.03004	0.01669	0.83866	0.02337	0.00445	0.00445	0.00668	0.00278	0.00278
24	0.00638	0.00469	0.00597	0.00565	0.00678	0.00428	0.00424	0.00843	0.01271	0.01773	0.72122	0.03542	0.13012	0.00964	0.00542	0.00146	0.00218	0.00846	0.00496	0.00428
25	0.01070	0.01028	0.01743	0.05681	0.68345	0.01026	0.03640	0.01334	0.01042	0.01463	0.01207	0.01440	0.07978	0.00479	0.00465	0.00139	0.00526	0.00464	0.00245	0.00685
26	0.00667	0.00447	0.00510	0.00510	0.00513	0.00450	0.00289	0.00673	0.00670	0.00897	0.01438	0.02960	0.01650	0.80878	0.05298	0.00456	0.00474	0.00661	0.00277	0.00283
27	0.01030	0.04353	0.03207	0.08846	0.38206	0.00975	0.11025	0.01332	0.03606	0.03926	0.13204	0.05744	0.01408	0.00556	0.00480	0.00143	0.00505	0.00533	0.00295	0.00627
28	0.01315	0.08817	0.02727	0.05532	0.08833	0.32569	0.00872	0.02833	0.10465	0.04577	0.05469	0.08657	0.01153	0.00606	0.00482	0.00137	0.03611	0.00468	0.00304	0.00573
29	0.01074	0.01004	0.01500	0.03326	0.50004	0.05379	0.02407	0.02957	0.02668	0.02591	0.11605	0.03151	0.04421	0.00563	0.00473	0.00139	0.00489	0.02815	0.00296	0.03135
30	0.02540	0.10800	0.57350	0.01215	0.03163	0.04125	0.02690	0.04212	0.01014	0.02768	0.00885	0.02920	0.00693	0.03125	0.00485	0.00149	0.00630	0.00368	0.00222	0.00646
31	0.01324	0.38094	0.01724	0.00876	0.01200	0.03138	0.00777	0.28554	0.01398	0.01804	0.10316	0.01228	0.01118	0.00626	0.03035	0.00142	0.03302	0.00388	0.00327	0.00628
32	0.01843	0.00784	0.01039	0.00859	0.03665	0.02526	0.00672	0.02027	0.01303	0.66825	0.11792	0.01769	0.01517	0.00608	0.00470	0.00142	0.00384	0.00503	0.00542	0.00730
33	0.01171	0.31811	0.29436	0.01103	0.02955	0.08224	0.05457	0.03133	0.04260	0.04433	0.00962	0.01057	0.03215	0.00459	0.00395	0.00127	0.00584	0.00348	0.00240	0.00630
34	0.04260	0.03849	0.02775	0.01652	0.33675	0.02040	0.04618	0.01287	0.01032	0.09601	0.04463	0.14321	0.01441	0.00849	0.04966	0.00184	0.00508	0.07555	0.00323	0.00600

[dist]
# distance from previous block
# <min> <max>
0	10

[block]
# block no. 4 follows, 56 sequences, length 22
# corresponding to MSA columns:
# 693-714
name=unknown_E
#
# <colnr> <probs for GDERKNQSTAVLIFYWHMCP>
#	G	D	E	R	K	N	Q	S	T	A	V	L	I	F	Y	W	H	M	C	P
0	0.00969	0.00939	0.02748	0.16760	0.15893	0.04452	0.10891	0.03411	0.11522	0.01482	0.10460	0.05163	0.06012	0.03927	0.03214	0.00179	0.00528	0.00565	0.00315	0.00569
1	0.00569	0.00420	0.00535	0.00616	0.00671	0.00385	0.00427	0.00668	0.00937	0.01228	0.07090	0.62762	0.16054	0.01358	0.00578	0.00180	0.00265	0.04447	0.00430	0.00381
2	0.03672	0.06994	0.12681	0.07299	0.03738	0.13292	0.09150	0.01318	0.04040	0.01294	0.01150	0.09118	0.01105	0.04095	0.00684	0.00169	0.11392	0.08004	0.00268	0.00536
3	0.38552	0.26758	0.02448	0.00804	0.04118	0.08382	0.00667	0.01355	0.00909	0.01581	0.03165	0.00935	0.00717	0.00564	0.03680	0.00149	0.00477	0.00295	0.03913	0.00532
4	0.01185	0.01423	0.12357	0.01404	0.01788	0.14425	0.34329	0.04888	0.08942	0.03459	0.03161	0.01339	0.00906	0.04112	0.00563	0.00157	0.00657	0.00473	0.03823	0.00606
5	0.00816	0.00612	0.00779	0.00834	0.08540	0.00598	0.00554	0.04734	0.07045	0.04856	0.29408	0.09077	0.18988	0.07743	0.03201	0.00192	0.00337	0.00772	0.00427	0.00487
6	0.00604	0.00456	0.00600	0.00712	0.03800	0.00424	0.00485	0.00721	0.00960	0.01261	0.07854	0.53177	0.16377	0.01301	0.00576	0.00179	0.00285	0.09407	0.00423	0.00398
7	0.02249	0.33093	0.29649	0.01034	0.01484	0.01267	0.07755	0.02505	0.00989	0.01326	0.04408	0.01364	0.04651	0.03725	0.00478	0.00142	0.00551	0.02500	0.00237	0.00592
8	0.01054	0.00655	0.00785	0.00649	0.00894	0.00578	0.00504	0.01320	0.07120	0.17094	0.19085	0.02168	0.08630	0.05549	0.00551	0.00139	0.00309	0.00549	0.09051	0.23314
9	0.00909	0.00833	0.01256	0.02843	0.08496	0.01001	0.07028	0.03421	0.01911	0.01281	0.06284	0.09415	0.01304	0.05987	0.10861	0.00262	0.33169	0.02963	0.00275	0.00500
10	0.00927	0.00886	0.05499	0.16880	0.10760	0.00759	0.00841	0.02735	0.00984	0.01439	0.01113	0.05794	0.03324	0.00501	0.00412	0.00113	0.00429	0.02748	0.03605	0.40251
11	0.01967	0.00792	0.01059	0.00815	0.01169	0.00692	0.00671	0.02195	0.04744	0.74071	0.01767	0.01540	0.01126	0.00560	0.00456	0.00139	0.00387	0.00455	0.00550	0.04843
12	0.00578	0.00417	0.00550	0.00641	0.00685	0.00389	0.00445	0.00679	0.00930	0.01237	0.08142	0.68301	0.07019	0.01377	0.00584	0.00184	0.00272	0.06756	0.00432	0.00381
13	0.03322	0.14744	0.04038	0.04763	0.18065	0.04665	0.00994	0.27012	0.06368	0.03618	0.00977	0.02072	0.00773	0.00515	0.00497	0.00137	0.06047	0.00392	0.00321	0.00680
14	0.00975	0.00926	0.01572	0.50725	0.34356	0.01048	0.01329	0.01268	0.00969	0.01304	0.00835	0.01189	0.00658	0.00439	0.00457	0.00146	0.00585	0.00408	0.00213	0.00597
15	0.01296	0.09674	0.23546	0.01505	0.13380	0.31421	0.09940	0.01584	0.01114	0.01304	0.00781	0.00949	0.00620	0.00436	0.00429	0.00131	0.00708	0.00347	0.00219	0.00616
16	0.01187	0.17949	0.35949	0.01189	0.01679	0.10250	0.10360	0.01579	0.04502	0.07726	0.00928	0.01037	0.00692	0.00447	0.00419	0.00133	0.00622	0.00360	0.02350	0.00642
17	0.00665	0.00466	0.00563	0.00572	0.00688	0.00414	0.00419	0.00803	0.01082	0.05894	0.24354	0.26668	0.32034	0.01150	0.00552	0.00161	0.00250	0.02388	0.00456	0.00418
18	0.03285	0.04681	0.14372	0.06753	0.16528	0.03797	0.24122	0.03475	0.02044	0.01439	0.01050	0.07868	0.00924	0.00624	0.02969	0.00168	0.02652	0.02390	0.00253	0.00606
19	0.01363	0.15295	0.09289	0.03597	0.06849	0.28529	0.16925	0.08554	0.02804	0.01418	0.00824	0.00983	0.00654	0.00444	0.00431	0.00130	0.00685	0.00367	0.00248	0.00611
20	0.11494	0.00977	0.03685	0.08941	0.40849	0.00961	0.08014	0.01263	0.00996	0.01491	0.01327	0.05561	0.08165	0.00568	0.00463	0.00148	0.00505	0.03715	0.00268	0.00609
21	0.04796	0.01382	0.13851	0.03849	0.14849	0.14368	0.06899	0.08390	0.08128	0.07955	0.05800	0.01465	0.02746	0.00542	0.00459	0.00142	0.00563	0.02857	0.00321	0.00638

[dist]
# distance from previous block
# <min> <max>
0	6

[block]
# block no. 5 follows, 56 sequences, length 47
# corresponding to MSA columns:
# 721-736,753-781,783,787
name=unknown_F
#
# <colnr> <probs for GDERKNQSTAVLIFYWHMCP>
#	G	D	E	R	K	N	Q	S	T	A	V	L	I	F	Y	W	H	M	C	P
0	0.02560	0.08954	0.12901	0.01959	0.38822	0.06550	0.08320	0.07848	0.01131	0.01547	0.02158	0.01137	0.01883	0.00451	0.00459	0.00136	0.01862	0.00401	0.00248	0.00673
1	0.04942	0.10256	0.06386	0.06511	0.32232	0.07833	0.07781	0.04485	0.02259	0.02411	0.01853	0.01102	0.00740	0.00529	0.02631	0.00152	0.04343	0.00388	0.00245	0.02922
2	0.05780	0.08213	0.11957	0.09388	0.24796	0.01127	0.12116	0.03247	0.08116	0.04230	0.04160	0.01237	0.00886	0.00471	0.00470	0.00142	0.02320	0.00425	0.00271	0.00647
3	0.13087	0.03038	0.03271	0.00956	0.07029	0.02470	0.04678	0.04557	0.06457	0.09764	0.06168	0.02462	0.05694	0.00523	0.00425	0.00121	0.01684	0.00426	0.00339	0.26850
4	0.01129	0.01106	0.01762	0.11330	0.63853	0.04646	0.02427	0.01430	0.03602	0.01454	0.00880	0.01150	0.00728	0.00431	0.00475	0.00139	0.02127	0.00409	0.00232	0.00689
5	0.01227	0.84142	0.02406	0.00786	0.01178	0.01817	0.00786	0.01375	0.00933	0.01080	0.00638	0.00736	0.00589	0.00393	0.00295	0.00098	0.00491	0.00245	0.00196	0.00589
6	0.09706	0.01387	0.01292	0.01074	0.03375	0.15647	0.00845	0.52113	0.06190	0.02412	0.01026	0.01055	0.00754	0.00526	0.00435	0.00136	0.00541	0.00383	0.00398	0.00706
7	0.00867	0.00816	0.01377	0.82762	0.03162	0.01020	0.01275	0.01173	0.00918	0.01173	0.00816	0.01224	0.00612	0.00459	0.00459	0.00153	0.00612	0.00408	0.00204	0.00510
8	0.01686	0.02140	0.01305	0.01184	0.01411	0.78737	0.00892	0.01804	0.01277	0.01123	0.00705	0.00835	0.00592	0.00487	0.00458	0.00122	0.04178	0.00300	0.00235	0.00531
9	0.00559	0.00400	0.00533	0.00639	0.00666	0.00373	0.00426	0.00639	0.00879	0.01172	0.02530	0.83566	0.03036	0.01438	0.00586	0.00186	0.00266	0.01305	0.00426	0.00373
10	0.00656	0.00492	0.00738	0.00738	0.00820	0.00574	0.00574	0.00820	0.00738	0.01066	0.01230	0.01804	0.01148	0.03443	0.82046	0.00738	0.01230	0.00492	0.00246	0.00410
11	0.00559	0.00400	0.00533	0.00639	0.00666	0.00373	0.00426	0.00639	0.00879	0.01172	0.02530	0.83566	0.03036	0.01438	0.00586	0.00186	0.00266	0.01305	0.00426	0.00373
12	0.00896	0.00546	0.00689	0.00628	0.00784	0.00502	0.00478	0.04481	0.01257	0.14333	0.45303	0.12248	0.14149	0.00951	0.00530	0.00150	0.00265	0.00827	0.00493	0.00490
13	0.01083	0.01036	0.01767	0.18662	0.65574	0.01077	0.01382	0.01362	0.01020	0.01435	0.00854	0.01154	0.00704	0.00419	0.00455	0.00140	0.00559	0.00409	0.00223	0.00684
14	0.00921	0.02375	0.81487	0.01309	0.01987	0.01066	0.01696	0.01454	0.00969	0.01454	0.00824	0.00969	0.00582	0.00436	0.00436	0.00145	0.00678	0.00339	0.00194	0.00678
15	0.87108	0.00888	0.00675	0.00604	0.00888	0.01030	0.00497	0.01350	0.00781	0.02060	0.00639	0.00746	0.00497	0.00426	0.00284	0.00142	0.00355	0.00249	0.00284	0.00497
16	0.00670	0.00475	0.00615	0.00608	0.00709	0.00444	0.00449	0.00882	0.03289	0.03233	0.56214	0.21069	0.05805	0.01046	0.00550	0.00156	0.00240	0.02630	0.00484	0.00433
17	0.00569	0.00466	0.00502	0.00493	0.00636	0.00399	0.00370	0.00710	0.01109	0.01389	0.23555	0.04173	0.61818	0.01107	0.00542	0.00152	0.00229	0.00934	0.00446	0.00399
18	0.00670	0.00482	0.00626	0.00699	0.00777	0.00468	0.00524	0.00869	0.05756	0.02588	0.08017	0.47900	0.06786	0.01284	0.00584	0.00186	0.00309	0.20621	0.00436	0.00418
19	0.02014	0.00797	0.01070	0.00819	0.01176	0.00694	0.00676	0.04358	0.01326	0.76494	0.01759	0.01530	0.01111	0.00560	0.00458	0.00139	0.00392	0.00454	0.00555	0.03617
20	0.74258	0.00992	0.00786	0.00732	0.03468	0.06229	0.00569	0.04530	0.00886	0.03182	0.00687	0.00790	0.00531	0.00436	0.00307	0.00140	0.00398	0.00266	0.00290	0.00522
21	0.02885	0.01184	0.01267	0.01009	0.01343	0.01319	0.00821	0.57831	0.19751	0.04000	0.01311	0.02986	0.00971	0.00585	0.00461	0.00143	0.00464	0.00454	0.00460	0.00756
22	0.01073	0.00960	0.01394	0.03919	0.33708	0.00879	0.02653	0.06323	0.01077	0.01585	0.02461	0.01100	0.00777	0.00398	0.00406	0.00106	0.00449	0.00358	0.00268	0.40106
23	0.02036	0.00819	0.01089	0.00835	0.01191	0.00731	0.00690	0.08010	0.01377	0.75458	0.01758	0.01528	0.01110	0.00567	0.00461	0.00142	0.00399	0.00458	0.00560	0.00781
24	0.02032	0.00827	0.01093	0.00838	0.01195	0.00742	0.00693	0.09164	0.01390	0.74286	0.01748	0.01521	0.01105	0.00567	0.00461	0.00142	0.00401	0.00457	0.00558	0.00781
25	0.03590	0.08174	0.19501	0.01290	0.13401	0.02567	0.08597	0.03326	0.03279	0.05721	0.18402	0.01727	0.04882	0.00589	0.00494	0.00142	0.02890	0.00506	0.00318	0.00603
26	0.65089	0.12519	0.08051	0.00705	0.01041	0.01154	0.00654	0.03722	0.00860	0.01896	0.00669	0.00775	0.00526	0.00426	0.00304	0.00136	0.00407	0.00261	0.00269	0.00534
27	0.00648	0.00469	0.00611	0.00575	0.00685	0.00432	0.00431	0.00862	0.01294	0.01829	0.79190	0.03450	0.05909	0.00943	0.00542	0.00145	0.00217	0.00833	0.00504	0.00432
28	0.01715	0.01271	0.01361	0.01050	0.01412	0.01409	0.00865	0.75583	0.06096	0.02844	0.01141	0.01133	0.00812	0.00555	0.00460	0.00139	0.00498	0.00419	0.00460	0.00778
29	0.01549	0.00971	0.05656	0.01007	0.04676	0.06470	0.06663	0.01789	0.02997	0.42817	0.08701	0.05284	0.01416	0.00616	0.00474	0.00142	0.00450	0.02814	0.00450	0.05057
30	0.07151	0.01123	0.01234	0.00978	0.01314	0.02424	0.02441	0.43848	0.16056	0.15054	0.02827	0.01306	0.00995	0.00562	0.00452	0.00142	0.00457	0.00438	0.00459	0.00739
31	0.01227	0.84142	0.02406	0.00786	0.01178	0.01817	0.00786	0.01375	0.00933	0.01080	0.00638	0.00736	0.00589	0.00393	0.00295	0.00098	0.00491	0.00245	0.00196	0.00589
32	0.00729	0.00523	0.00725	0.00827	0.00933	0.00520	0.00719	0.00933	0.01052	0.01364	0.02507	0.07234	0.05234	0.01269	0.00630	0.00209	0.00412	0.73338	0.00423	0.00420
33	0.03357	0.01139	0.07796	0.01057	0.04914	0.06877	0.03747	0.14680	0.09514	0.35882	0.01511	0.01511	0.02505	0.00568	0.00462	0.00144	0.00481	0.02693	0.00445	0.00717
34	0.01098	0.01065	0.01862	0.08424	0.67103	0.01073	0.07596	0.01377	0.01035	0.01466	0.00908	0.03246	0.00775	0.00437	0.00465	0.00140	0.00561	0.00442	0.00231	0.00694
35	0.00867	0.00816	0.01377	0.82762	0.03162	0.01020	0.01275	0.01173	0.00918	0.01173	0.00816	0.01224	0.00612	0.00459	0.00459	0.00153	0.00612	0.00408	0.00204	0.00510
36	0.00620	0.00483	0.00649	0.00709	0.00737	0.00511	0.00501	0.00708	0.00871	0.01183	0.04529	0.68693	0.04431	0.01334	0.00705	0.00186	0.11193	0.01165	0.00399	0.00392
37	0.01189	0.01224	0.09614	0.09388	0.17502	0.01093	0.35126	0.04924	0.01109	0.10021	0.00987	0.01213	0.00731	0.00443	0.00527	0.00150	0.03368	0.00466	0.00270	0.00656
