[name]
unknown

[dist]
# distance from previous block
# <min> <max>
1	95

[block]
# block no. 0 follows, 51 sequences, length 15
# corresponding to MSA columns:
# 123-137
name=unknown_A
#
# <colnr> <probs for GDERKNQSTAVLIFYWHMCP>
#	G	D	E	R	K	N	Q	S	T	A	V	L	I	F	Y	W	H	M	C	P
0	0.01156	0.02562	0.08581	0.14118	0.27103	0.03238	0.11710	0.05517	0.04204	0.03626	0.05060	0.03547	0.03480	0.00564	0.00545	0.00157	0.03347	0.00516	0.00295	0.00674
1	0.01290	0.06573	0.06068	0.08805	0.11319	0.03409	0.07446	0.05131	0.06030	0.14448	0.01531	0.03407	0.07970	0.00607	0.00549	0.00149	0.05269	0.00507	0.00352	0.09138
2	0.03591	0.01080	0.06570	0.07414	0.16772	0.07298	0.07084	0.03543	0.03443	0.05780	0.05606	0.11481	0.08775	0.06903	0.00665	0.00181	0.00523	0.00647	0.00342	0.02301
3	0.14498	0.16789	0.03855	0.07614	0.05927	0.10816	0.05052	0.05368	0.05219	0.10086	0.04210	0.06360	0.01075	0.00580	0.00440	0.00145	0.00538	0.00460	0.00335	0.00633
4	0.01243	0.10183	0.13563	0.03580	0.17000	0.10256	0.08137	0.06404	0.02710	0.04428	0.06490	0.02521	0.04884	0.00576	0.00526	0.00147	0.03930	0.00480	0.00303	0.02640
5	0.01047	0.08589	0.07372	0.02457	0.06661	0.00932	0.02116	0.10506	0.04246	0.02853	0.05810	0.07821	0.03816	0.01244	0.14641	0.00261	0.00607	0.05705	0.06035	0.07281
6	0.03277	0.17417	0.05872	0.03718	0.05195	0.05080	0.00826	0.10995	0.01230	0.08805	0.07289	0.12467	0.01517	0.03274	0.05896	0.00200	0.00541	0.02932	0.00363	0.03107
7	0.04722	0.10917	0.08721	0.06648	0.13367	0.06930	0.09036	0.10538	0.05876	0.08293	0.01048	0.01178	0.00797	0.00483	0.00454	0.00138	0.00580	0.00407	0.00318	0.09549
8	0.01220	0.11272	0.20708	0.04120	0.07022	0.10820	0.01064	0.01567	0.05657	0.09787	0.03375	0.05198	0.05270	0.00833	0.06461	0.00193	0.00628	0.00485	0.00317	0.04004
9	0.01023	0.04009	0.45051	0.04170	0.10905	0.01057	0.05561	0.01495	0.04269	0.03943	0.05133	0.03962	0.06118	0.00582	0.00492	0.00156	0.00616	0.00496	0.00279	0.00683
10	0.04497	0.02141	0.60651	0.01387	0.07308	0.01091	0.01570	0.04853	0.01099	0.01633	0.01268	0.01387	0.07918	0.00542	0.00473	0.00155	0.00650	0.00430	0.00249	0.00698
11	0.01211	0.03708	0.17613	0.04418	0.17951	0.00942	0.02645	0.02570	0.06385	0.15545	0.13606	0.04278	0.05684	0.00656	0.00505	0.00154	0.00495	0.00568	0.00383	0.00684
12	0.01087	0.05859	0.07709	0.28975	0.06708	0.01097	0.05432	0.06484	0.03378	0.01545	0.00916	0.01174	0.00719	0.00474	0.00505	0.00137	0.04431	0.00395	0.00265	0.22713
13	0.00661	0.00482	0.00664	0.04305	0.00898	0.00470	0.00569	0.00798	0.01014	0.01349	0.07728	0.57019	0.03137	0.01418	0.00629	0.00201	0.00334	0.17453	0.00451	0.00421
14	0.01154	0.10985	0.45714	0.01316	0.04049	0.05827	0.03759	0.09469	0.01202	0.01645	0.01074	0.01517	0.00893	0.00571	0.00478	0.00155	0.00664	0.08572	0.00269	0.00688

[dist]
# distance from previous block
# <min> <max>
0	15

[block]
# block no. 1 follows, 51 sequences, length 16
# corresponding to MSA columns:
# 153-168
name=unknown_B
#
# <colnr> <probs for GDERKNQSTAVLIFYWHMCP>
#	G	D	E	R	K	N	Q	S	T	A	V	L	I	F	Y	W	H	M	C	P
0	0.01274	0.03670	0.03597	0.13786	0.41246	0.03481	0.05632	0.05422	0.01196	0.08288	0.05163	0.01373	0.00988	0.00507	0.00514	0.00151	0.02236	0.00464	0.00297	0.00712
1	0.00763	0.07102	0.03398	0.00659	0.00804	0.00582	0.00511	0.00901	0.01069	0.04943	0.15489	0.30450	0.22064	0.08124	0.00731	0.00196	0.00323	0.01000	0.00436	0.00454
2	0.00716	0.00491	0.00629	0.00638	0.00742	0.00447	0.00462	0.00881	0.01200	0.05175	0.39713	0.31453	0.13201	0.01205	0.00593	0.00172	0.00261	0.01068	0.00504	0.00452
3	0.00695	0.00471	0.00539	0.00552	0.00562	0.00465	0.00320	0.00711	0.00758	0.01004	0.01823	0.12825	0.05004	0.69749	0.02200	0.00431	0.00444	0.00810	0.00323	0.00315
4	0.74980	0.00969	0.00828	0.00782	0.04553	0.01100	0.00600	0.04146	0.00930	0.06334	0.00779	0.00877	0.00590	0.00468	0.00329	0.00152	0.00397	0.00292	0.00324	0.00570
5	0.13190	0.51589	0.07242	0.00891	0.01277	0.10844	0.00856	0.01495	0.01031	0.01362	0.03367	0.00948	0.00769	0.00554	0.02721	0.00139	0.00574	0.00305	0.00241	0.00605
6	0.04472	0.05411	0.04475	0.06983	0.14135	0.06383	0.00949	0.10387	0.07825	0.09569	0.02871	0.01257	0.00922	0.00504	0.00463	0.00131	0.01932	0.00403	0.00345	0.20583
7	0.01480	0.07325	0.09339	0.01133	0.01523	0.04837	0.08258	0.30876	0.11172	0.08040	0.01590	0.03370	0.07574	0.00632	0.00494	0.00151	0.00543	0.00518	0.00415	0.00729
8	0.05421	0.25669	0.08732	0.02603	0.12420	0.09030	0.00969	0.08021	0.02686	0.01540	0.05169	0.01354	0.02738	0.02477	0.08992	0.00210	0.00642	0.00414	0.00284	0.00628
9	0.00757	0.00504	0.00628	0.00645	0.00743	0.00467	0.00465	0.00883	0.01062	0.06618	0.16509	0.26382	0.18089	0.14615	0.03018	0.00245	0.00349	0.07140	0.00450	0.00432
10	0.00707	0.00552	0.00657	0.00709	0.03377	0.00513	0.00490	0.05908	0.01157	0.01492	0.11278	0.34593	0.34229	0.01265	0.00590	0.00176	0.00292	0.01103	0.00460	0.00454
11	0.08482	0.09718	0.09002	0.09398	0.16463	0.13010	0.06487	0.11000	0.04313	0.03345	0.00969	0.01139	0.00753	0.00490	0.00449	0.00144	0.00615	0.00398	0.03150	0.00674
12	0.07173	0.08043	0.03818	0.01195	0.05251	0.38539	0.00917	0.06617	0.06501	0.01510	0.00972	0.03758	0.00827	0.00577	0.00536	0.00142	0.07703	0.00394	0.04924	0.00604
13	0.00683	0.02425	0.07196	0.00797	0.03263	0.00531	0.00596	0.00816	0.00955	0.01281	0.04137	0.55687	0.06648	0.09844	0.00797	0.00219	0.00357	0.02923	0.00409	0.00436
14	0.06352	0.14686	0.13629	0.01166	0.08575	0.02957	0.00977	0.17857	0.04603	0.07297	0.01247	0.07879	0.01087	0.05296	0.00574	0.00166	0.00524	0.02172	0.00352	0.02605
15	0.05907	0.06934	0.15317	0.05757	0.15742	0.04455	0.05483	0.13423	0.02908	0.07710	0.06818	0.01397	0.01076	0.02478	0.00547	0.00158	0.02415	0.00454	0.00331	0.00692

[dist]
# distance from previous block
# <min> <max>
11	87

[block]
# block no. 2 follows, 51 sequences, length 13
# corresponding to MSA columns:
# 263-275
name=unknown_C
#
# <colnr> <probs for GDERKNQSTAVLIFYWHMCP>
#	G	D	E	R	K	N	Q	S	T	A	V	L	I	F	Y	W	H	M	C	P
0	0.03066	0.04025	0.11532	0.07532	0.13428	0.08338	0.04901	0.12052	0.02950	0.07717	0.08493	0.03837	0.01213	0.00581	0.00510	0.00147	0.02592	0.00484	0.00342	0.06259
1	0.02403	0.06715	0.10518	0.07563	0.17271	0.04507	0.03795	0.05354	0.08582	0.05110	0.06800	0.02508	0.01159	0.02393	0.02328	0.00164	0.02002	0.00466	0.00320	0.10042
2	0.02773	0.03097	0.19523	0.04263	0.32724	0.01136	0.06586	0.07587	0.01190	0.06258	0.01096	0.01283	0.02784	0.00495	0.00500	0.00148	0.02189	0.00437	0.01728	0.04203
3	0.03367	0.01081	0.03307	0.40315	0.23509	0.04684	0.01290	0.04075	0.06040	0.01489	0.00968	0.01289	0.00762	0.00601	0.03050	0.00178	0.02669	0.00436	0.00257	0.00635
4	0.04122	0.01408	0.17736	0.05727	0.31957	0.01135	0.09992	0.07217	0.04409	0.04542	0.02532	0.01346	0.02728	0.00499	0.00489	0.00151	0.00600	0.00459	0.00291	0.02657
5	0.01502	0.00840	0.01109	0.03699	0.01286	0.00712	0.02902	0.01746	0.03318	0.35286	0.05736	0.04351	0.01260	0.00560	0.00455	0.00124	0.00402	0.00471	0.00449	0.33793
6	0.01991	0.00789	0.01072	0.00838	0.01181	0.00686	0.00686	0.02187	0.01404	0.68955	0.12908	0.01956	0.01701	0.00664	0.00506	0.00152	0.00392	0.00550	0.00599	0.00784
7	0.00854	0.00427	0.00640	0.00640	0.00640	0.00427	0.00427	0.00640	0.00640	0.00854	0.00854	0.01494	0.00854	0.01707	0.01921	0.85702	0.00427	0.00427	0.00213	0.00213
8	0.00919	0.00894	0.04755	0.00950	0.02683	0.04191	0.04832	0.02856	0.10692	0.01683	0.29553	0.02820	0.12287	0.02454	0.02641	0.00188	0.10585	0.04054	0.00419	0.00543
9	0.01314	0.83025	0.02575	0.00841	0.01261	0.01945	0.00841	0.01472	0.00999	0.01156	0.00683	0.00788	0.00631	0.00420	0.00315	0.00105	0.00526	0.00263	0.00210	0.00631
10	0.01242	0.18196	0.42832	0.01186	0.01746	0.04871	0.01347	0.11382	0.02681	0.04254	0.02436	0.01085	0.00768	0.00490	0.00439	0.00140	0.00631	0.00367	0.00274	0.03632
11	0.01313	0.73634	0.08136	0.00900	0.01335	0.05374	0.00916	0.01499	0.01019	0.01187	0.00701	0.00811	0.00630	0.00428	0.00332	0.00110	0.00556	0.00272	0.00212	0.00635
12	0.01342	0.76433	0.05321	0.00863	0.01292	0.01861	0.00871	0.01516	0.01018	0.04699	0.00747	0.00837	0.00657	0.00431	0.00329	0.00109	0.00528	0.00277	0.00228	0.00643

[dist]
# distance from previous block
# <min> <max>
9	26

[block]
# block no. 3 follows, 51 sequences, length 27
# corresponding to MSA columns:
# 303-329
name=unknown_D
#
# <colnr> <probs for GDERKNQSTAVLIFYWHMCP>
#	G	D	E	R	K	N	Q	S	T	A	V	L	I	F	Y	W	H	M	C	P
0	0.03753	0.12222	0.03450	0.04002	0.37510	0.08771	0.04968	0.03706	0.08716	0.03431	0.04103	0.01286	0.00964	0.00496	0.00464	0.00143	0.00578	0.00434	0.00292	0.00710
1	0.01358	0.04793	0.06277	0.01245	0.10103	0.01106	0.04138	0.19436	0.13097	0.11049	0.02848	0.12517	0.01349	0.02046	0.00570	0.00162	0.03002	0.00595	0.00415	0.03894
2	0.00799	0.00618	0.00865	0.02490	0.00986	0.00722	0.00658	0.04005	0.06646	0.01287	0.01365	0.03395	0.01254	0.04640	0.64948	0.00673	0.03335	0.00541	0.00292	0.00481
3	0.03324	0.01217	0.06064	0.06524	0.27553	0.04286	0.03286	0.14640	0.10194	0.07988	0.05347	0.03372	0.01137	0.00576	0.00517	0.00154	0.02238	0.00494	0.00362	0.00728
4	0.04891	0.13075	0.32705	0.05171	0.09219	0.05737	0.02717	0.07418	0.06058	0.01627	0.00981	0.03367	0.00785	0.00527	0.00495	0.00150	0.03718	0.00407	0.00267	0.00686
5	0.00784	0.00612	0.00892	0.06846	0.06267	0.00656	0.01992	0.00975	0.03111	0.02703	0.05334	0.23783	0.04888	0.10168	0.24315	0.00390	0.03127	0.02340	0.00349	0.00468
6	0.00632	0.00475	0.00679	0.04487	0.00889	0.00457	0.02644	0.00743	0.00962	0.01284	0.04795	0.74106	0.03100	0.01444	0.00618	0.00196	0.00316	0.01315	0.00442	0.00415
7	0.01131	0.01319	0.12343	0.26119	0.16232	0.04165	0.12187	0.04241	0.11294	0.01568	0.01046	0.01298	0.00801	0.00508	0.00541	0.00160	0.03645	0.00458	0.00273	0.00669
8	0.05821	0.01391	0.01563	0.08232	0.18795	0.21796	0.06463	0.04652	0.05250	0.07306	0.00994	0.01200	0.00790	0.00660	0.03611	0.00178	0.09934	0.00420	0.00295	0.00651
9	0.01196	0.01188	0.01913	0.15643	0.57535	0.05381	0.05286	0.01487	0.01105	0.01516	0.00905	0.01217	0.00746	0.00458	0.00514	0.00150	0.02363	0.00438	0.00239	0.00718
10	0.00718	0.00510	0.00654	0.00654	0.00686	0.00550	0.00440	0.00786	0.00757	0.01042	0.01508	0.05837	0.01643	0.49650	0.28285	0.00558	0.03102	0.01968	0.00293	0.00358
11	0.01186	0.01545	0.20755	0.01832	0.21589	0.05611	0.18168	0.04596	0.09687	0.02863	0.04225	0.01446	0.03173	0.00522	0.00508	0.00155	0.00640	0.00493	0.00297	0.00709
12	0.01288	0.01042	0.03013	0.19857	0.13622	0.01093	0.09083	0.13252	0.06051	0.11486	0.01381	0.08570	0.02747	0.00642	0.00569	0.00163	0.04543	0.00563	0.00359	0.00675
13	0.00785	0.00619	0.00675	0.00668	0.00809	0.02637	0.00488	0.01088	0.11954	0.03901	0.13671	0.20881	0.29974	0.06388	0.03017	0.00208	0.00341	0.00958	0.00458	0.00479
14	0.04115	0.00591	0.00719	0.00691	0.00812	0.02173	0.00528	0.01012	0.01215	0.05153	0.45157	0.06824	0.06319	0.08687	0.02648	0.00211	0.02835	0.09371	0.00473	0.00465
15	0.66081	0.01122	0.00884	0.00814	0.03461	0.09943	0.00629	0.04384	0.00980	0.03639	0.00751	0.00861	0.00584	0.00466	0.00338	0.00146	0.00449	0.00289	0.00309	0.03871
16	0.01227	0.05489	0.07299	0.01249	0.01620	0.03911	0.18753	0.02088	0.39510	0.04888	0.04501	0.01605	0.01267	0.00575	0.00502	0.00157	0.00534	0.00524	0.00395	0.03906
17	0.01019	0.00873	0.01019	0.00728	0.01165	0.00655	0.00582	0.01237	0.01019	0.01601	0.00873	0.01019	0.00728	0.00364	0.00364	0.00073	0.00364	0.00291	0.00291	0.85734
18	0.01325	0.03512	0.01832	0.04038	0.58497	0.01183	0.01329	0.10460	0.02815	0.06077	0.01078	0.03726	0.00893	0.00504	0.00487	0.00148	0.00556	0.00468	0.00303	0.00768
19	0.00854	0.00427	0.00640	0.00640	0.00640	0.00427	0.00427	0.00640	0.00640	0.00854	0.00854	0.01494	0.00854	0.01707	0.01921	0.85702	0.00427	0.00427	0.00213	0.00213
20	0.02192	0.00858	0.01154	0.00884	0.01265	0.00754	0.00731	0.05380	0.01442	0.76969	0.01909	0.01653	0.01201	0.00608	0.00494	0.00152	0.00423	0.00492	0.00604	0.00836
21	0.01215	0.16411	0.29063	0.05144	0.16797	0.02620	0.07564	0.07520	0.04768	0.03007	0.00955	0.01119	0.00733	0.00472	0.00457	0.00145	0.00635	0.00397	0.00262	0.00716
22	0.00663	0.00504	0.00670	0.02661	0.04119	0.00470	0.00519	0.00771	0.00961	0.01281	0.02636	0.59763	0.09806	0.06011	0.00709	0.00203	0.00321	0.02776	0.00424	0.04733
23	0.13373	0.29234	0.07141	0.01342	0.14522	0.14476	0.02999	0.06991	0.03031	0.01584	0.00824	0.00961	0.00680	0.00463	0.00397	0.00132	0.00593	0.00336	0.00264	0.00657
24	0.01166	0.04196	0.05581	0.22494	0.30179	0.03907	0.03239	0.01528	0.06537	0.05664	0.04704	0.01431	0.01000	0.02452	0.00578	0.00162	0.03765	0.00465	0.00286	0.00668
25	0.03444	0.05203	0.11314	0.05561	0.26089	0.01088	0.02642	0.03928	0.08816	0.06443	0.06060	0.01796	0.07427	0.00629	0.00558	0.00157	0.05194	0.02639	0.00332	0.00679
26	0.01329	0.14042	0.11549	0.09047	0.14618	0.21414	0.04118	0.05162	0.04407	0.01493	0.04803	0.01199	0.00908	0.00511	0.00474	0.00140	0.02068	0.00402	0.00271	0.02043

[dist]
# distance from previous block
# <min> <max>
2	13

[block]
# block no. 4 follows, 51 sequences, length 15
# corresponding to MSA columns:
# 354-368
name=unknown_E
#
# <colnr> <probs for GDERKNQSTAVLIFYWHMCP>
#	G	D	E	R	K	N	Q	S	T	A	V	L	I	F	Y	W	H	M	C	P
0	0.01271	0.24389	0.18263	0.01005	0.01408	0.01335	0.00992	0.24535	0.01407	0.01867	0.03595	0.11493	0.03476	0.02248	0.00498	0.00151	0.00525	0.00531	0.00345	0.00666
1	0.03224	0.66684	0.07457	0.00903	0.01335	0.03352	0.00904	0.07155	0.01110	0.02980	0.00760	0.00854	0.00655	0.00442	0.00344	0.00114	0.00541	0.00288	0.00242	0.00653
2	0.03176	0.27007	0.20624	0.01099	0.01538	0.09793	0.03493	0.11636	0.01244	0.07939	0.00991	0.03365	0.00797	0.00616	0.02810	0.00157	0.02356	0.00389	0.00295	0.00675
3	0.01257	0.23123	0.41573	0.01182	0.01740	0.03937	0.02913	0.07402	0.01177	0.07709	0.03040	0.01105	0.00798	0.00490	0.00436	0.00141	0.00630	0.00370	0.00272	0.00705
4	0.00638	0.00509	0.00577	0.00607	0.00729	0.00464	0.00441	0.00833	0.05552	0.01402	0.10154	0.30072	0.41978	0.01291	0.00594	0.00177	0.00272	0.02808	0.00466	0.00435
5	0.00673	0.00504	0.00628	0.00718	0.00766	0.02192	0.00495	0.02667	0.00981	0.01296	0.02539	0.69959	0.02998	0.03803	0.03691	0.00228	0.00356	0.04651	0.00441	0.00415
6	0.01158	0.01193	0.02034	0.22132	0.33786	0.05497	0.20292	0.01471	0.01093	0.01469	0.00907	0.01242	0.00726	0.00469	0.00561	0.00157	0.04441	0.00466	0.00238	0.00670
7	0.06113	0.01092	0.01326	0.03442	0.01355	0.01379	0.00937	0.10900	0.26619	0.01761	0.01164	0.01328	0.00943	0.00730	0.01005	0.00186	0.38257	0.00464	0.00347	0.00652
8	0.01254	0.00867	0.00950	0.00797	0.01032	0.00925	0.00633	0.31761	0.05848	0.02384	0.21793	0.02053	0.01987	0.00698	0.00473	0.00141	0.00362	0.00570	0.24845	0.00627
9	0.49034	0.01130	0.00891	0.05415	0.01164	0.14451	0.00653	0.04799	0.01029	0.01942	0.00862	0.01016	0.00678	0.00499	0.00383	0.00144	0.02377	0.00324	0.12667	0.00542
10	0.01063	0.01054	0.01131	0.04024	0.01143	0.13809	0.00778	0.01153	0.00864	0.01131	0.00993	0.01775	0.01035	0.27872	0.03109	0.00290	0.33750	0.00502	0.00253	0.04272
11	0.00666	0.00495	0.00608	0.00661	0.00735	0.00473	0.00461	0.00846	0.05482	0.01371	0.11928	0.44232	0.14286	0.10782	0.00827	0.00221	0.00310	0.04743	0.00450	0.00422
12	0.01079	0.08786	0.14983	0.03601	0.05450	0.04773	0.03787	0.02930	0.01172	0.10344	0.14062	0.16664	0.08706	0.00828	0.00518	0.00158	0.00471	0.00712	0.00384	0.00591
13	0.01290	0.01183	0.03833	0.03079	0.32702	0.05620	0.04273	0.05762	0.11060	0.07302	0.05368	0.01415	0.01084	0.00549	0.00571	0.00149	0.06728	0.00467	0.00332	0.07233
14	0.08978	0.01051	0.01300	0.01419	0.21148	0.03389	0.00903	0.12545	0.09938	0.01932	0.10224	0.02693	0.01313	0.00576	0.00511	0.00139	0.04092	0.00471	0.00360	0.17019

[dist]
# distance from previous block
# <min> <max>
0	6

[block]
# block no. 5 follows, 51 sequences, length 25
# corresponding to MSA columns:
# 379-399,401-404
name=unknown_F
#
# <colnr> <probs for GDERKNQSTAVLIFYWHMCP>
#	G	D	E	R	K	N	Q	S	T	A	V	L	I	F	Y	W	H	M	C	P
0	0.05487	0.02454	0.05791	0.04150	0.10238	0.03573	0.00905	0.25343	0.09729	0.03096	0.10361	0.05938	0.03782	0.00661	0.00488	0.00148	0.00476	0.00544	0.00408	0.06429
1	0.16902	0.05017	0.01541	0.06014	0.26079	0.02460	0.06254	0.11190	0.08351	0.03296	0.05782	0.01402	0.02574	0.00536	0.00460	0.00150	0.00515	0.00457	0.00335	0.00684
2	0.04507	0.04999	0.06560	0.01132	0.06342	0.20446	0.00875	0.09981	0.11770	0.03567	0.05967	0.02838	0.03951	0.05914	0.06616	0.00216	0.02862	0.00493	0.00347	0.00617
3	0.00598	0.00431	0.00567	0.00676	0.00711	0.00400	0.00453	0.00685	0.00948	0.01258	0.02804	0.79150	0.06447	0.01527	0.00625	0.00198	0.00284	0.01382	0.00456	0.00400
4	0.04390	0.03698	0.01146	0.11397	0.01464	0.00871	0.00744	0.07020	0.05494	0.07704	0.01163	0.05965	0.00981	0.00533	0.00445	0.00118	0.01711	0.01846	0.00342	0.42969
5	0.01210	0.01209	0.07694	0.07684	0.46178	0.01083	0.04793	0.05018	0.01155	0.04426	0.00961	0.01197	0.00767	0.00444	0.00471	0.00137	0.00568	0.00417	0.00271	0.14318
6	0.31731	0.09815	0.04018	0.01148	0.09496	0.15124	0.00861	0.12467	0.07871	0.01950	0.00912	0.01007	0.00715	0.00497	0.00397	0.00143	0.00540	0.00346	0.00319	0.00645
7	0.01051	0.00959	0.05343	0.01014	0.06417	0.05524	0.00773	0.04626	0.10086	0.07378	0.08579	0.09168	0.21095	0.02485	0.00714	0.00176	0.10630	0.03001	0.00407	0.00574
8	0.00595	0.00468	0.00538	0.00586	0.00689	0.00411	0.00414	0.00708	0.01057	0.01331	0.08113	0.38498	0.42130	0.01360	0.00601	0.00180	0.00264	0.01186	0.00461	0.00411
9	0.01200	0.24663	0.31444	0.02767	0.04152	0.10059	0.03868	0.04242	0.04364	0.01451	0.00954	0.03823	0.00793	0.00626	0.03452	0.00164	0.00672	0.00393	0.00249	0.00662
10	0.00813	0.00543	0.00634	0.00614	0.00721	0.00514	0.00429	0.03796	0.01036	0.06848	0.09781	0.12356	0.23785	0.29755	0.04281	0.00300	0.00399	0.02558	0.00413	0.00424
11	0.01215	0.01148	0.01927	0.02873	0.74369	0.01151	0.01452	0.03893	0.01150	0.01640	0.00996	0.04125	0.00869	0.00482	0.00492	0.00148	0.00572	0.00472	0.00259	0.00767
12	0.01240	0.00877	0.01388	0.33282	0.14811	0.00950	0.02614	0.01521	0.02377	0.19156	0.08318	0.05669	0.01307	0.00623	0.00550	0.00161	0.03616	0.00543	0.00356	0.00640
13	0.00644	0.00461	0.00616	0.00693	0.00752	0.00433	0.00496	0.00780	0.01071	0.01451	0.21195	0.54802	0.03537	0.01390	0.00622	0.00192	0.00291	0.09676	0.00476	0.00421
14	0.01301	0.01123	0.01735	0.08129	0.53676	0.02516	0.01300	0.05325	0.07501	0.07502	0.01106	0.01309	0.00870	0.00483	0.00483	0.00147	0.00552	0.00447	0.02128	0.02366
15	0.01485	0.40176	0.01923	0.02553	0.01381	0.14580	0.02720	0.09830	0.01243	0.08888	0.00941	0.02378	0.00776	0.00551	0.01974	0.00133	0.00585	0.00351	0.00298	0.07237
16	0.00605	0.00452	0.00564	0.00646	0.00713	0.00411	0.00449	0.00710	0.01005	0.01304	0.05926	0.58752	0.21081	0.01445	0.00617	0.00191	0.00281	0.03981	0.00459	0.00407
17	0.01836	0.02342	0.01393	0.01266	0.01519	0.80756	0.00950	0.01962	0.01393	0.01203	0.00760	0.00886	0.00633	0.00506	0.00443	0.00127	0.00886	0.00317	0.00253	0.00570
18	0.01107	0.00989	0.01445	0.28153	0.19770	0.05133	0.05348	0.04125	0.05153	0.02826	0.06732	0.01533	0.01116	0.00546	0.00503	0.00151	0.02289	0.00481	0.11985	0.00615
19	0.01375	0.09311	0.30699	0.01327	0.04526	0.01166	0.11130	0.09504	0.03913	0.17026	0.01226	0.01412	0.00905	0.00539	0.00486	0.00154	0.00613	0.03612	0.00342	0.00734
20	0.01292	0.01067	0.01133	0.01004	0.01291	0.01224	0.00785	0.07008	0.71807	0.04639	0.01950	0.01790	0.01452	0.00660	0.00499	0.00165	0.00399	0.00547	0.00503	0.00783
21	0.03980	0.00987	0.07215	0.09590	0.04560	0.04024	0.03639	0.01151	0.00869	0.01265	0.01008	0.01487	0.00910	0.03655	0.33309	0.00433	0.20686	0.00466	0.00243	0.00523
22	0.06118	0.01278	0.01115	0.00964	0.01243	0.20878	0.00757	0.13628	0.16366	0.14111	0.05523	0.01782	0.06232	0.00660	0.00478	0.00149	0.00516	0.02348	0.05189	0.00666
23	0.00986	0.02542	0.80183	0.01401	0.02127	0.01141	0.01816	0.01556	0.01038	0.01556	0.00882	0.01038	0.00623	0.00467	0.00467	0.00156	0.00726	0.00363	0.00208	0.00726
24	0.82984	0.00931	0.00717	0.00648	0.00941	0.01076	0.00529	0.01416	0.00840	0.02169	0.00760	0.03865	0.00634	0.00497	0.00316	0.00154	0.00377	0.00309	0.00310	0.00527

[dist]
# distance from previous block
# <min> <max>
2	3

[block]
# block no. 6 follows, 51 sequences, length 30
# corresponding to MSA columns:
# 408-435,437,438
name=unknown_G
#
# <colnr> <probs for GDERKNQSTAVLIFYWHMCP>
#	G	D	E	R	K	N	Q	S	T	A	V	L	I	F	Y	W	H	M	C	P
0	0.01506	0.01444	0.01410	0.03318	0.13963	0.19857	0.00984	0.19608	0.28859	0.02005	0.01323	0.01351	0.01009	0.00571	0.00482	0.00150	0.00577	0.00452	0.00393	0.00737
1	0.04465	0.03513	0.01266	0.00960	0.01307	0.03192	0.00790	0.40816	0.01807	0.23508	0.05381	0.01462	0.01147	0.00603	0.00472	0.00145	0.00470	0.00466	0.07466	0.00764
2	0.00671	0.00511	0.00619	0.00602	0.00729	0.00468	0.00448	0.00896	0.03614	0.01734	0.49921	0.10775	0.24988	0.01107	0.00582	0.00162	0.00246	0.00964	0.00509	0.00454
3	0.01173	0.05580	0.35848	0.05471	0.03614	0.08877	0.27287	0.01603	0.01119	0.03462	0.00926	0.01141	0.00685	0.00455	0.00498	0.00154	0.00753	0.00435	0.00237	0.00680
4	0.00715	0.00476	0.00536	0.00536	0.00536	0.00476	0.00298	0.00715	0.00715	0.00953	0.01548	0.03216	0.01787	0.82729	0.02501	0.00476	0.00476	0.00715	0.00298	0.00298
5	0.01042	0.01037	0.01438	0.01237	0.01248	0.01432	0.01028	0.01151	0.00777	0.01192	0.00935	0.01319	0.05915	0.00886	0.01544	0.00212	0.76376	0.00471	0.00231	0.00529
6	0.01055	0.01012	0.05864	0.00839	0.01294	0.00742	0.03862	0.04218	0.01076	0.01655	0.00891	0.01039	0.00726	0.00381	0.00384	0.00084	0.00412	0.00313	0.00292	0.73861
7	0.01395	0.01197	0.01390	0.01335	0.11226	0.03636	0.03987	0.20838	0.44978	0.02209	0.01588	0.01548	0.01192	0.00604	0.00498	0.00158	0.00483	0.00507	0.00448	0.00781
8	0.01789	0.01281	0.01402	0.01093	0.01461	0.01409	0.00902	0.67991	0.02150	0.06611	0.01263	0.01365	0.00931	0.00785	0.04979	0.00186	0.00576	0.02540	0.00483	0.00803
9	0.01292	0.01078	0.01148	0.02656	0.01331	0.02575	0.00810	0.15089	0.55366	0.02132	0.01856	0.02014	0.01466	0.02355	0.00552	0.00174	0.00435	0.06446	0.00481	0.00744
10	0.00991	0.00567	0.00747	0.00668	0.00836	0.00512	0.00513	0.01209	0.01377	0.17494	0.60280	0.05138	0.05824	0.00944	0.00564	0.00155	0.00271	0.00826	0.00550	0.00535
11	0.15137	0.00892	0.01094	0.00858	0.01224	0.00844	0.00707	0.06621	0.03891	0.61001	0.01703	0.01514	0.01098	0.00586	0.00465	0.00152	0.00418	0.00458	0.00551	0.00787
12	0.00613	0.00439	0.00578	0.00677	0.00714	0.00411	0.00458	0.00708	0.00963	0.01285	0.06450	0.71075	0.05154	0.04884	0.00703	0.00209	0.00294	0.03531	0.00454	0.00400
13	0.00831	0.00535	0.00708	0.00662	0.00800	0.00493	0.00511	0.01058	0.01372	0.08524	0.66870	0.03648	0.04207	0.00999	0.00580	0.00160	0.00265	0.06742	0.00540	0.00494
14	0.05550	0.00892	0.01129	0.00892	0.01254	0.00841	0.00730	0.04775	0.13458	0.62190	0.01872	0.01646	0.01220	0.00610	0.00487	0.00154	0.00416	0.00493	0.00575	0.00814
15	0.86201	0.00950	0.00722	0.00646	0.00950	0.01102	0.00532	0.01445	0.00836	0.02205	0.00684	0.00798	0.00532	0.00456	0.00304	0.00152	0.00380	0.00266	0.00304	0.00532
16	0.01195	0.03584	0.05733	0.05416	0.03192	0.10151	0.03288	0.13356	0.14550	0.02776	0.06316	0.16333	0.01663	0.02894	0.00621	0.00173	0.04091	0.03659	0.00392	0.00617
17	0.05958	0.01418	0.01438	0.07978	0.06608	0.13058	0.00979	0.47351	0.04515	0.04285	0.01097	0.01165	0.00804	0.00556	0.00475	0.00147	0.00588	0.00419	0.00411	0.00752
18	0.83483	0.00964	0.00747	0.00662	0.00969	0.01116	0.00545	0.03912	0.00884	0.02234	0.00700	0.00811	0.00542	0.00460	0.00310	0.00152	0.00385	0.00272	0.00310	0.00542
19	0.00736	0.00540	0.00636	0.00623	0.00761	0.00502	0.00465	0.00985	0.06453	0.03989	0.31817	0.13197	0.28800	0.03208	0.00625	0.00174	0.00273	0.03331	0.02417	0.00468
20	0.01543	0.00708	0.00926	0.00787	0.01037	0.00641	0.00612	0.04331	0.02836	0.44157	0.10318	0.18588	0.05020	0.05345	0.00643	0.00180	0.00372	0.00753	0.00541	0.00661
21	0.01749	0.01317	0.01408	0.01107	0.01479	0.01468	0.00905	0.64113	0.16417	0.02905	0.01331	0.01300	0.00958	0.00604	0.00493	0.00151	0.00513	0.00463	0.00493	0.00825
22	0.00595	0.00462	0.00535	0.00592	0.00683	0.00409	0.00411	0.00695	0.01016	0.01277	0.03724	0.43101	0.38778	0.04519	0.00678	0.00195	0.00276	0.01203	0.00450	0.00403
23	0.00701	0.00492	0.00622	0.00622	0.00665	0.00510	0.00414	0.00782	0.00828	0.01138	0.10034	0.06328	0.03759	0.46101	0.24413	0.00512	0.00675	0.00717	0.00325	0.00363
24	0.01535	0.01222	0.05472	0.01569	0.05640	0.01125	0.34762	0.10962	0.05689	0.23768	0.01324	0.01413	0.00925	0.00513	0.00545	0.00159	0.01721	0.00520	0.00390	0.00745
25	0.00655	0.00501	0.00601	0.00576	0.00709	0.00447	0.00432	0.00849	0.01296	0.01745	0.53236	0.04043	0.30947	0.01089	0.00580	0.00159	0.00238	0.00941	0.00511	0.00447
26	0.01308	0.75395	0.05157	0.00958	0.04546	0.03360	0.00904	0.01485	0.01012	0.01189	0.00701	0.00816	0.00637	0.00424	0.00330	0.00109	0.00542	0.00274	0.00212	0.00639
27	0.79803	0.04361	0.00842	0.00735	0.03629	0.01140	0.00578	0.01448	0.00853	0.02141	0.00692	0.00812	0.00545	0.00454	0.00311	0.00150	0.00393	0.00272	0.00298	0.00545
28	0.04601	0.00967	0.01516	0.12396	0.21739	0.01037	0.10350	0.01464	0.09802	0.04283	0.08252	0.03374	0.07832	0.00655	0.00616	0.00163	0.08208	0.00571	0.01544	0.00632
29	0.02641	0.01437	0.19213	0.08231	0.28525	0.02291	0.07914	0.06458	0.09170	0.03218	0.03163	0.01410	0.03076	0.00521	0.00494	0.00154	0.00599	0.00470	0.00298	0.00718

[dist]
# distance from previous block
# <min> <max>
0	3

[block]
# block no. 7 follows, 51 sequences, length 20
# corresponding to MSA columns:
# 442-461
name=unknown_H
#
# <colnr> <probs for GDERKNQSTAVLIFYWHMCP>
#	G	D	E	R	K	N	Q	S	T	A	V	L	I	F	Y	W	H	M	C	P
0	0.01764	0.02211	0.01366	0.01239	0.01474	0.73847	0.00935	0.01893	0.01347	0.01224	0.00783	0.00929	0.00655	0.00527	0.00500	0.00131	0.05061	0.00327	0.03222	0.00564
1	0.04411	0.11712	0.20905	0.01444	0.13908	0.20270	0.01188	0.04216	0.10832	0.03788	0.01006	0.01112	0.00782	0.00497	0.00444	0.00141	0.00643	0.00377	0.00286	0.02038
2	0.01203	0.01154	0.01971	0.06637	0.76147	0.01164	0.01502	0.01497	0.01113	0.01589	0.00922	0.01221	0.00773	0.00440	0.00487	0.00147	0.00587	0.00438	0.00242	0.00768
3	0.00596	0.00437	0.00561	0.00660	0.00706	0.00401	0.00445	0.00687	0.00965	0.01264	0.03009	0.72140	0.13325	0.01501	0.00621	0.00195	0.00280	0.01349	0.00456	0.00401
4	0.01133	0.01034	0.01537	0.01277	0.01361	0.01334	0.08737	0.02714	0.00867	0.06222	0.00872	0.02641	0.00814	0.05127	0.03572	0.00234	0.59225	0.00483	0.00258	0.00557
5	0.01691	0.01472	0.01363	0.01121	0.01458	0.16269	0.00896	0.43844	0.22366	0.02467	0.01318	0.01298	0.00974	0.00595	0.00485	0.00149	0.00565	0.00449	0.00449	0.00771
6	0.00713	0.00637	0.04779	0.00718	0.00881	0.00531	0.00609	0.00951	0.03270	0.01573	0.24252	0.07980	0.27015	0.01170	0.00603	0.00181	0.00334	0.22874	0.00467	0.00464
7	0.05461	0.01079	0.03096	0.11862	0.07578	0.02622	0.24905	0.08092	0.01161	0.05956	0.02623	0.07324	0.01030	0.00653	0.00671	0.04098	0.07179	0.00552	0.03446	0.00612
8	0.00708	0.00506	0.00620	0.00623	0.00649	0.00530	0.00403	0.00756	0.00776	0.01047	0.01793	0.12134	0.06029	0.53080	0.14340	0.00465	0.04109	0.00769	0.00316	0.00348
9	0.01122	0.07778	0.21564	0.09744	0.24220	0.01184	0.10524	0.03121	0.03290	0.01558	0.00925	0.01155	0.00726	0.00455	0.00485	0.00143	0.01873	0.00411	0.00247	0.09474
10	0.02796	0.01285	0.01791	0.17759	0.45296	0.13165	0.04174	0.01514	0.01113	0.01468	0.00875	0.01175	0.00721	0.00477	0.00532	0.00150	0.04363	0.00421	0.00240	0.00682
11	0.00761	0.00566	0.00615	0.00608	0.00636	0.03984	0.00379	0.00802	0.00786	0.01037	0.05061	0.02953	0.01788	0.64144	0.13468	0.00491	0.00603	0.00679	0.00302	0.00337
12	0.01027	0.00892	0.01063	0.04556	0.05183	0.02337	0.00655	0.01245	0.01019	0.01560	0.00919	0.01144	0.00779	0.03419	0.00456	0.00098	0.00399	0.00326	0.02698	0.70224
13	0.00589	0.00491	0.00514	0.00524	0.00673	0.00416	0.00387	0.00715	0.01116	0.01355	0.08799	0.12663	0.67548	0.01262	0.00586	0.00169	0.00252	0.01066	0.00461	0.00416
14	0.01410	0.05167	0.01380	0.09751	0.09950	0.07002	0.00937	0.24430	0.01438	0.09413	0.01352	0.05368	0.03237	0.05250	0.03772	0.00199	0.05873	0.03037	0.00374	0.00660
15	0.01101	0.00727	0.00885	0.02682	0.12200	0.00759	0.00647	0.06984	0.11364	0.04361	0.02908	0.01753	0.02352	0.00583	0.00411	0.00132	0.00339	0.00483	0.48742	0.00587
16	0.05162	0.00874	0.01084	0.00853	0.01193	0.00829	0.00698	0.13437	0.03106	0.52867	0.04492	0.01657	0.01265	0.00611	0.00474	0.00148	0.00408	0.00489	0.09582	0.00770
17	0.01138	0.01048	0.01653	0.39647	0.29701	0.01169	0.01349	0.01462	0.05497	0.01528	0.02756	0.01568	0.03163	0.00601	0.00602	0.00178	0.05465	0.00501	0.00290	0.00685
18	0.00679	0.00474	0.00551	0.00579	0.00611	0.00458	0.00363	0.00723	0.00831	0.01085	0.02257	0.19141	0.11800	0.52476	0.01801	0.00371	0.00409	0.04694	0.00357	0.00340
19	0.01131	0.00810	0.00960	0.00920	0.03278	0.00852	0.00690	0.13345	0.20563	0.08160	0.10528	0.20134	0.03702	0.03868	0.00626	0.00185	0.00387	0.08762	0.00482	0.00616

[dist]
# distance from previous block
# <min> <max>
0	1

[block]
# block no. 8 follows, 51 sequences, length 11
# corresponding to MSA columns:
# 463-473
name=unknown_I
#
# <colnr> <probs for GDERKNQSTAVLIFYWHMCP>
#	G	D	E	R	K	N	Q	S	T	A	V	L	I	F	Y	W	H	M	C	P
0	0.01317	0.42625	0.09116	0.00966	0.01348	0.10811	0.04795	0.07383	0.01163	0.01476	0.00911	0.01046	0.00752	0.00472	0.00376	0.00120	0.00556	0.00339	0.13806	0.00622
1	0.79922	0.00917	0.00717	0.00644	0.00934	0.01056	0.00527	0.01407	0.00877	0.02188	0.06465	0.01009	0.00834	0.00496	0.00324	0.00152	0.00369	0.00312	0.00322	0.00527
2	0.01388	0.05723	0.12063	0.01272	0.08071	0.16781	0.01027	0.13150	0.29017	0.01867	0.01422	0.01431	0.03458	0.00583	0.00475	0.00150	0.00573	0.00457	0.00373	0.00720
3	0.01122	0.01981	0.49337	0.05640	0.14893	0.01127	0.10450	0.01591	0.01087	0.06759	0.00972	0.01156	0.00703	0.00467	0.00486	0.00155	0.00691	0.00413	0.00245	0.00726
4	0.01232	0.00618	0.00779	0.00677	0.00879	0.00549	0.00513	0.01380	0.01206	0.30712	0.18171	0.06589	0.18938	0.14494	0.00869	0.00212	0.00348	0.00767	0.00504	0.00562
5	0.00621	0.00481	0.00567	0.00601	0.00704	0.00438	0.00433	0.00743	0.01044	0.01333	0.10584	0.27119	0.37243	0.06511	0.06605	0.00242	0.00357	0.03525	0.00440	0.00411
6	0.00740	0.00496	0.00621	0.00632	0.00710	0.00466	0.00442	0.00863	0.01062	0.04719	0.26043	0.22062	0.08760	0.23842	0.01127	0.00260	0.00336	0.05963	0.00444	0.00414
7	0.86201	0.00950	0.00722	0.00646	0.00950	0.01102	0.00532	0.01445	0.00836	0.02205	0.00684	0.00798	0.00532	0.00456	0.00304	0.00152	0.00380	0.00266	0.00304	0.00532
8	0.09796	0.01230	0.01286	0.01014	0.01365	0.01366	0.00831	0.58821	0.06879	0.02829	0.01224	0.01245	0.00888	0.00580	0.00461	0.00146	0.00487	0.00434	0.08350	0.00768
9	0.01216	0.01347	0.07044	0.13254	0.05573	0.11555	0.25563	0.08812	0.04906	0.01639	0.06076	0.01560	0.01089	0.02766	0.01933	0.00177	0.02199	0.02359	0.00301	0.00631
10	0.01074	0.00928	0.01343	0.12350	0.12026	0.04330	0.05906	0.03158	0.02601	0.06191	0.08143	0.05378	0.01386	0.06137	0.10420	0.00264	0.15263	0.02216	0.00315	0.00570

[dist]
# distance from previous block
# <min> <max>
0	8

[block]
# block no. 9 follows, 51 sequences, length 20
# corresponding to MSA columns:
# 482-485,487-502
name=unknown_J
#
# <colnr> <probs for GDERKNQSTAVLIFYWHMCP>
#	G	D	E	R	K	N	Q	S	T	A	V	L	I	F	Y	W	H	M	C	P
0	0.09637	0.01195	0.01356	0.11979	0.12746	0.08836	0.00953	0.21750	0.01419	0.08089	0.01016	0.01145	0.00764	0.00493	0.00444	0.00134	0.00537	0.00387	0.00350	0.16769
1	0.00897	0.03111	0.01096	0.00951	0.00994	0.01019	0.00754	0.01008	0.00789	0.01168	0.01173	0.04628	0.02819	0.15897	0.20033	0.00385	0.38071	0.00546	0.04199	0.00464
2	0.00882	0.00534	0.00626	0.00600	0.00695	0.00537	0.00419	0.03508	0.00943	0.06596	0.01889	0.04925	0.08724	0.33270	0.13735	0.00372	0.00521	0.00651	0.20148	0.00425
3	0.00895	0.03732	0.02511	0.00973	0.01049	0.00993	0.03590	0.01026	0.00795	0.01166	0.01081	0.01790	0.01076	0.18277	0.25296	0.00429	0.31079	0.00516	0.03256	0.00468
4	0.01120	0.00900	0.01038	0.00954	0.04192	0.04859	0.03082	0.18709	0.08808	0.03290	0.23299	0.07857	0.09829	0.00990	0.04236	0.00187	0.00448	0.03224	0.02379	0.00597
5	0.00720	0.00549	0.00806	0.00797	0.00875	0.00646	0.00615	0.00881	0.00783	0.01131	0.01300	0.01974	0.01238	0.08638	0.72101	0.00743	0.04971	0.00534	0.00263	0.00434
6	0.01439	0.63741	0.02293	0.00942	0.01323	0.20782	0.00867	0.01589	0.01093	0.01167	0.00701	0.00812	0.00631	0.00441	0.00346	0.00110	0.00612	0.00276	0.00220	0.00616
7	0.00646	0.00461	0.00625	0.00738	0.00788	0.00440	0.00538	0.00766	0.00988	0.01307	0.02682	0.63562	0.03147	0.01495	0.00640	0.00206	0.00326	0.19776	0.00455	0.00412
8	0.00675	0.00507	0.00641	0.00717	0.00823	0.00474	0.00569	0.00834	0.01085	0.01385	0.05520	0.25560	0.25931	0.01362	0.00633	0.00199	0.00341	0.31859	0.00457	0.00427
9	0.01666	0.01319	0.09357	0.01240	0.06736	0.04358	0.04605	0.28213	0.11678	0.21213	0.03617	0.01438	0.01084	0.00582	0.00495	0.00152	0.00532	0.00475	0.00456	0.00784
10	0.47006	0.08281	0.01044	0.00809	0.03864	0.01048	0.00643	0.01717	0.02340	0.23512	0.01103	0.01119	0.00788	0.00503	0.00369	0.00146	0.00404	0.00349	0.04321	0.00634
11	0.01215	0.01121	0.01890	0.12648	0.49966	0.01155	0.09089	0.04798	0.05518	0.03827	0.01036	0.01306	0.00827	0.00559	0.02784	0.00170	0.00621	0.00463	0.00276	0.00731
12	0.01389	0.01329	0.11873	0.01147	0.05549	0.04842	0.00960	0.20343	0.27960	0.08000	0.03391	0.01708	0.06609	0.00640	0.00495	0.00155	0.00493	0.00517	0.00436	0.02165
13	0.03084	0.04027	0.02392	0.00896	0.01093	0.10614	0.04082	0.02558	0.15359	0.01542	0.08387	0.12073	0.09903	0.02198	0.11266	0.00249	0.02343	0.03128	0.04263	0.00544
14	0.01078	0.01035	0.04026	0.32958	0.30868	0.01096	0.02501	0.03172	0.08070	0.01537	0.01055	0.01360	0.00832	0.00605	0.03318	0.00177	0.00609	0.00452	0.04594	0.00658
15	0.00758	0.00538	0.00664	0.00658	0.00783	0.00518	0.00491	0.00929	0.02962	0.06257	0.14943	0.18632	0.28823	0.05172	0.11479	0.00270	0.02417	0.02809	0.00441	0.00456
16	0.01046	0.00992	0.01248	0.08321	0.12200	0.08656	0.05594	0.02458	0.01099	0.01493	0.04927	0.08125	0.04865	0.03468	0.02515	0.00158	0.00516	0.03046	0.00312	0.28960
17	0.00683	0.00512	0.00642	0.00690	0.00781	0.00478	0.00481	0.00865	0.06032	0.01361	0.06162	0.59036	0.08515	0.01348	0.00630	0.02659	0.00297	0.01177	0.00443	0.07208
18	0.03989	0.00977	0.01203	0.05507	0.03546	0.00960	0.00781	0.10213	0.01127	0.03609	0.00890	0.01078	0.00729	0.00495	0.00609	0.00118	0.14645	0.00349	0.00304	0.48870
19	0.07784	0.01158	0.04886	0.07986	0.14913	0.01287	0.11593	0.05631	0.02660	0.01543	0.00850	0.01168	0.00716	0.00680	0.02633	0.00189	0.30860	0.00439	0.00256	0.02768

[dist]
# distance from previous block
# <min> <max>
0	2

[block]
# block no. 10 follows, 51 sequences, length 6
# corresponding to MSA columns:
# 506-511
name=unknown_K
#
# <colnr> <probs for GDERKNQSTAVLIFYWHMCP>
#	G	D	E	R	K	N	Q	S	T	A	V	L	I	F	Y	W	H	M	C	P
0	0.37651	0.23102	0.06000	0.02454	0.01201	0.04753	0.00755	0.01521	0.02593	0.07062	0.04162	0.02691	0.00868	0.00522	0.00400	0.00142	0.02873	0.00352	0.00304	0.00592
1	0.00836	0.00609	0.00819	0.04876	0.01032	0.00596	0.02994	0.03688	0.03389	0.05136	0.21902	0.14771	0.14795	0.04762	0.00681	0.00194	0.00365	0.17608	0.00460	0.00486
2	0.12247	0.01098	0.05493	0.03728	0.05092	0.03568	0.00835	0.03593	0.42247	0.01865	0.01523	0.01665	0.01202	0.00699	0.00577	0.06443	0.00448	0.03632	0.00398	0.03647
3	0.01540	0.01636	0.01549	0.01436	0.09354	0.34503	0.08505	0.11485	0.06560	0.03858	0.01003	0.01236	0.00825	0.05139	0.00708	0.00167	0.09125	0.00426	0.00308	0.00637
4	0.00821	0.00553	0.00720	0.00786	0.00896	0.00543	0.00636	0.01039	0.03943	0.04848	0.02587	0.18890	0.07620	0.07719	0.00774	0.00226	0.00394	0.41396	0.05152	0.00457
5	0.01185	0.01193	0.04957	0.08484	0.36684	0.04980	0.06087	0.06070	0.04415	0.01621	0.01186	0.01419	0.04802	0.00546	0.00586	0.00153	0.07815	0.00469	0.04086	0.03264

[dist]
# distance from previous block
# <min> <max>
0	4

[block]
# block no. 11 follows, 51 sequences, length 57
# corresponding to MSA columns:
# 516-572
name=unknown_L
#
# <colnr> <probs for GDERKNQSTAVLIFYWHMCP>
#	G	D	E	R	K	N	Q	S	T	A	V	L	I	F	Y	W	H	M	C	P
0	0.01386	0.02790	0.01624	0.13279	0.23047	0.32013	0.04965	0.03072	0.01202	0.01379	0.00951	0.01260	0.01880	0.00621	0.02892	0.00166	0.04526	0.02069	0.00255	0.00624
1	0.00717	0.00482	0.00565	0.00565	0.00577	0.00492	0.00336	0.00741	0.00729	0.00990	0.01522	0.03040	0.01711	0.71957	0.11751	0.00507	0.00572	0.00688	0.01740	0.00317
2	0.00979	0.03899	0.45662	0.08056	0.01983	0.01082	0.09080	0.01527	0.08855	0.01542	0.01483	0.03138	0.09399	0.00588	0.00495	0.00159	0.00631	0.00502	0.00274	0.00667
3	0.00679	0.00521	0.00628	0.00624	0.00755	0.00479	0.00475	0.00907	0.03980	0.01675	0.40826	0.09768	0.27928	0.01138	0.00589	0.00168	0.00266	0.07640	0.00499	0.00454
4	0.01827	0.01345	0.01442	0.01110	0.01489	0.01487	0.00912	0.75298	0.02254	0.03021	0.01193	0.01252	0.00869	0.03488	0.00563	0.00159	0.00538	0.00452	0.00485	0.00817
5	0.01057	0.00906	0.01099	0.04177	0.04793	0.00730	0.00670	0.04205	0.01072	0.01645	0.00888	0.01046	0.00731	0.00381	0.00380	0.00083	0.00393	0.00310	0.00294	0.75142
6	0.01198	0.48695	0.01743	0.00725	0.01025	0.05684	0.00666	0.01380	0.01032	0.01404	0.01021	0.01172	0.00859	0.00480	0.00332	0.00110	0.00438	0.00337	0.31134	0.00565
7	0.67116	0.01055	0.04364	0.00732	0.01045	0.02949	0.00624	0.07048	0.00964	0.02131	0.00785	0.00963	0.00630	0.03469	0.02898	0.00181	0.00451	0.00309	0.00311	0.01975
8	0.01178	0.04077	0.04326	0.22003	0.44591	0.03662	0.05796	0.04136	0.01124	0.01532	0.00904	0.01211	0.00731	0.00466	0.00507	0.00151	0.02230	0.00433	0.00244	0.00699
9	0.00675	0.00484	0.00641	0.00680	0.00747	0.00500	0.00490	0.00798	0.00881	0.01216	0.02176	0.27510	0.09320	0.13240	0.31006	0.00452	0.00697	0.02984	0.05098	0.00407
10	0.00624	0.00486	0.00570	0.00621	0.00731	0.00435	0.00462	0.00752	0.01065	0.01337	0.06142	0.28992	0.40207	0.03242	0.00654	0.00192	0.00295	0.12322	0.00455	0.00414
11	0.02093	0.00812	0.01105	0.00855	0.01216	0.00703	0.00703	0.02286	0.01405	0.74227	0.07674	0.01821	0.01470	0.00638	0.00501	0.00152	0.00404	0.00523	0.00603	0.00809
12	0.00996	0.00642	0.00779	0.00702	0.00882	0.00614	0.00537	0.09277	0.03442	0.11813	0.36663	0.12720	0.15702	0.02246	0.00592	0.00166	0.00305	0.00865	0.00516	0.00541
13	0.04551	0.00699	0.00857	0.00723	0.00974	0.00660	0.02045	0.01703	0.07802	0.31609	0.07607	0.03579	0.08604	0.00694	0.00461	0.00144	0.00336	0.00574	0.24745	0.01631
14	0.83470	0.00964	0.00747	0.00662	0.00969	0.01116	0.00545	0.03925	0.00884	0.02234	0.00700	0.00811	0.00542	0.00461	0.00310	0.00152	0.00385	0.00272	0.00310	0.00542
15	0.04846	0.03399	0.04756	0.39307	0.24433	0.01058	0.01254	0.01322	0.01031	0.03344	0.01194	0.06657	0.04216	0.00575	0.00488	0.00158	0.00575	0.00511	0.00264	0.00613
16	0.00926	0.00655	0.00750	0.04293	0.00889	0.03701	0.00521	0.06997	0.03569	0.02262	0.01514	0.08535	0.01554	0.31418	0.05843	0.13000	0.00502	0.04787	0.07873	0.00410
17	0.86201	0.00950	0.00722	0.00646	0.00950	0.01102	0.00532	0.01445	0.00836	0.02205	0.00684	0.00798	0.00532	0.00456	0.00304	0.00152	0.00380	0.00266	0.00304	0.00532
18	0.01222	0.05208	0.50538	0.01341	0.01902	0.12877	0.05935	0.01640	0.01102	0.07091	0.00928	0.01079	0.00680	0.00520	0.00545	0.01890	0.04192	0.00379	0.00246	0.00685
19	0.00618	0.00502	0.00549	0.00544	0.00696	0.00433	0.00413	0.00772	0.01186	0.01489	0.22793	0.04510	0.58151	0.01192	0.00585	0.00166	0.00254	0.04245	0.00477	0.00428
20	0.01025	0.00972	0.01351	0.02805	0.01241	0.01318	0.00970	0.03494	0.00808	0.01225	0.00809	0.01320	0.00795	0.05806	0.12456	0.00305	0.62084	0.00460	0.00235	0.00520
21	0.00613	0.00450	0.00574	0.00658	0.00716	0.00414	0.00455	0.00719	0.01002	0.01320	0.08627	0.60945	0.14270	0.03054	0.00656	0.00198	0.00286	0.04179	0.00459	0.00406
22	0.00644	0.00477	0.00666	0.00735	0.00793	0.00458	0.02540	0.00756	0.00948	0.01262	0.02578	0.60184	0.05974	0.05158	0.07441	0.00261	0.00408	0.07879	0.00427	0.00410
23	0.01396	0.14406	0.08266	0.01059	0.01396	0.02879	0.00936	0.25667	0.23217	0.02062	0.01265	0.01339	0.00982	0.02673	0.00617	0.00160	0.08265	0.00442	0.02250	0.00722
24	0.09166	0.00992	0.01146	0.00914	0.01262	0.03047	0.00747	0.17803	0.07189	0.44365	0.04329	0.01676	0.02323	0.00631	0.00484	0.00153	0.00442	0.02026	0.00533	0.00772
25	0.03349	0.05207	0.01507	0.11185	0.19424	0.05871	0.04023	0.14327	0.05320	0.10222	0.03525	0.05322	0.01109	0.03348	0.00574	0.00162	0.02145	0.00505	0.02195	0.00681
26	0.01522	0.01189	0.01269	0.01054	0.01384	0.01342	0.00844	0.35147	0.44159	0.04140	0.01645	0.01548	0.01207	0.00632	0.00496	0.00158	0.00455	0.00505	0.00499	0.00804
27	0.01155	0.02738	0.01729	0.05622	0.51630	0.06717	0.04546	0.01400	0.01083	0.01467	0.01101	0.04435	0.01026	0.08144	0.02063	0.00192	0.00605	0.03414	0.00263	0.00670
