[name]
unknown

[dist]
# distance from previous block
# <min> <max>
0	35

[block]
# block no. 0 follows, 60 sequences, length 13
# corresponding to MSA columns:
# 35-47
name=unknown_A
#
# <colnr> <probs for GDERKNQSTAVLIFYWHMCP>
#	G	D	E	R	K	N	Q	S	T	A	V	L	I	F	Y	W	H	M	C	P
0	0.13853	0.00874	0.00965	0.05591	0.05368	0.00991	0.00702	0.08520	0.43134	0.01795	0.04494	0.07721	0.01323	0.00621	0.00431	0.00146	0.00367	0.02105	0.00389	0.00609
1	0.03896	0.01124	0.03354	0.00969	0.01316	0.04146	0.06484	0.46364	0.01615	0.10854	0.01237	0.01244	0.05329	0.00517	0.00428	0.00126	0.00467	0.00412	0.00392	0.09724
2	0.05162	0.61304	0.06463	0.00796	0.01158	0.05580	0.00776	0.01372	0.05438	0.01158	0.00694	0.00785	0.00604	0.00399	0.00328	0.00102	0.02212	0.00260	0.00211	0.05198
3	0.00731	0.00533	0.00630	0.00617	0.00686	0.00567	0.00428	0.03884	0.11536	0.01141	0.03342	0.06374	0.01632	0.45939	0.13888	0.00383	0.00513	0.06489	0.00312	0.00376
4	0.00658	0.00488	0.00673	0.00618	0.00746	0.00443	0.04929	0.00835	0.01121	0.04458	0.48233	0.14791	0.18426	0.00957	0.00518	0.00145	0.00251	0.00850	0.00443	0.00417
5	0.01341	0.01757	0.14296	0.04929	0.11444	0.42793	0.03011	0.05966	0.04155	0.01293	0.00776	0.00924	0.00619	0.00458	0.00458	0.00127	0.04518	0.00330	0.00234	0.00570
6	0.00629	0.00431	0.00549	0.00559	0.00643	0.00396	0.00400	0.00770	0.01041	0.04122	0.39364	0.30455	0.10810	0.05214	0.00606	0.00165	0.00239	0.00925	0.02289	0.00392
7	0.02905	0.01053	0.01131	0.00988	0.01969	0.18693	0.08276	0.07091	0.05967	0.01347	0.06859	0.04451	0.05017	0.02328	0.13800	0.00238	0.13823	0.01547	0.02022	0.00495
8	0.00534	0.00443	0.00468	0.00461	0.00601	0.00376	0.00346	0.00662	0.01038	0.01283	0.18647	0.04024	0.67481	0.01065	0.00515	0.00145	0.00218	0.00896	0.00419	0.00376
9	0.01331	0.01030	0.01093	0.00905	0.01189	0.01159	0.00726	0.38631	0.38301	0.02240	0.01410	0.01357	0.01041	0.00554	0.00430	0.00137	0.00397	0.00440	0.06937	0.00693
10	0.01380	0.01408	0.01156	0.01087	0.06223	0.34092	0.00793	0.13831	0.24475	0.03632	0.04859	0.03010	0.01047	0.00540	0.00427	0.00130	0.00547	0.00414	0.00343	0.00605
11	0.01615	0.01166	0.01299	0.01097	0.07361	0.03169	0.00838	0.62297	0.01833	0.10178	0.01076	0.01080	0.00763	0.00506	0.00431	0.00128	0.00474	0.00389	0.00418	0.03882
12	0.16481	0.05384	0.02379	0.01347	0.22654	0.14253	0.03831	0.06042	0.01012	0.03101	0.00943	0.08358	0.00846	0.00528	0.00458	0.00133	0.05660	0.00417	0.05615	0.00554

[dist]
# distance from previous block
# <min> <max>
1	5

[block]
# block no. 1 follows, 60 sequences, length 39
# corresponding to MSA columns:
# 53-91
name=unknown_B
#
# <colnr> <probs for GDERKNQSTAVLIFYWHMCP>
#	G	D	E	R	K	N	Q	S	T	A	V	L	I	F	Y	W	H	M	C	P
0	0.02773	0.00698	0.03062	0.00677	0.02096	0.02972	0.00537	0.10683	0.01131	0.09024	0.14843	0.03058	0.14243	0.00856	0.05842	0.00166	0.03238	0.00551	0.21160	0.02388
1	0.01132	0.01957	0.00872	0.00705	0.00936	0.00732	0.00551	0.16587	0.06222	0.13802	0.03326	0.07082	0.03483	0.09095	0.03311	0.02653	0.01534	0.00488	0.09440	0.16092
2	0.02134	0.00752	0.01560	0.00648	0.00785	0.11874	0.00479	0.05661	0.03313	0.03646	0.17732	0.12480	0.21136	0.14952	0.00776	0.00189	0.00363	0.00723	0.00373	0.00423
3	0.00901	0.11549	0.61358	0.01136	0.01681	0.01057	0.03085	0.01375	0.05493	0.01348	0.00929	0.06500	0.00755	0.00482	0.00412	0.00136	0.00583	0.00387	0.00215	0.00617
4	0.00866	0.00807	0.01339	0.47411	0.26609	0.00909	0.01138	0.01126	0.00931	0.01240	0.04238	0.03778	0.05307	0.00516	0.00449	0.00142	0.00515	0.01913	0.00233	0.00533
5	0.00977	0.00950	0.01435	0.52478	0.25267	0.06419	0.01211	0.03811	0.00969	0.01253	0.00790	0.01110	0.00616	0.00426	0.00432	0.00138	0.00574	0.00381	0.00210	0.00553
6	0.00618	0.00424	0.00490	0.00497	0.00513	0.00422	0.00296	0.00641	0.00676	0.00897	0.01635	0.08581	0.06948	0.68264	0.06998	0.00405	0.00444	0.00685	0.00282	0.00285
7	0.01210	0.04562	0.01548	0.06164	0.21407	0.00997	0.13763	0.14421	0.02274	0.10489	0.00991	0.02905	0.00773	0.00445	0.00441	0.00124	0.01792	0.00407	0.00300	0.14987
8	0.01005	0.00950	0.01584	0.09369	0.64833	0.00968	0.01216	0.01283	0.03589	0.01384	0.01054	0.06740	0.03127	0.00485	0.00443	0.00135	0.00492	0.00464	0.00239	0.00642
9	0.27463	0.24522	0.04036	0.00865	0.02892	0.10553	0.00741	0.14494	0.01072	0.03180	0.00717	0.00817	0.00577	0.00447	0.00403	0.00124	0.05986	0.00286	0.00265	0.00561
10	0.00613	0.00616	0.05970	0.00622	0.00767	0.02982	0.01582	0.00774	0.02369	0.01229	0.08481	0.28351	0.37240	0.01091	0.00521	0.00157	0.00295	0.05550	0.00388	0.00400
11	0.01106	0.00956	0.01029	0.00973	0.05328	0.02684	0.00719	0.07745	0.64573	0.01814	0.01705	0.04277	0.02710	0.00604	0.00445	0.00145	0.00367	0.00505	0.00422	0.01893
12	0.00551	0.00442	0.00491	0.00481	0.00611	0.00383	0.00360	0.00693	0.01074	0.01373	0.30920	0.05062	0.53953	0.01035	0.00516	0.00144	0.00216	0.00880	0.00431	0.00383
13	0.19382	0.11967	0.03185	0.08652	0.01337	0.02244	0.06534	0.11121	0.02017	0.15421	0.01029	0.06271	0.00829	0.00582	0.02087	0.00148	0.05897	0.00407	0.00317	0.00571
14	0.01058	0.23722	0.47981	0.01119	0.01650	0.01175	0.07542	0.01428	0.00949	0.08332	0.00826	0.00932	0.00609	0.00411	0.00389	0.00127	0.00581	0.00324	0.00219	0.00626
15	0.00570	0.00398	0.00501	0.00561	0.00584	0.00380	0.00360	0.00630	0.00797	0.01070	0.07319	0.52976	0.02551	0.27948	0.01085	0.00253	0.00304	0.01017	0.00365	0.00329
16	0.01079	0.01036	0.01770	0.02677	0.81952	0.01036	0.01339	0.01339	0.00993	0.01425	0.00820	0.01079	0.00691	0.00389	0.00432	0.00130	0.00518	0.00389	0.00216	0.00691
17	0.32043	0.04152	0.03937	0.03570	0.01232	0.10898	0.07915	0.05778	0.07191	0.14369	0.02032	0.01052	0.00752	0.00458	0.00371	0.00132	0.00459	0.00347	0.02741	0.00568
18	0.01075	0.01045	0.01718	0.09092	0.73355	0.03364	0.01314	0.01332	0.00990	0.01390	0.00813	0.01078	0.00678	0.00394	0.00431	0.00130	0.00531	0.00385	0.00214	0.00669
19	0.00536	0.00385	0.00509	0.00607	0.00639	0.00359	0.00411	0.00616	0.00845	0.01121	0.02473	0.79284	0.05699	0.01352	0.00556	0.00177	0.00256	0.03414	0.00405	0.00356
20	0.00883	0.02197	0.78033	0.01276	0.01909	0.01018	0.05932	0.01382	0.00927	0.01382	0.00788	0.00935	0.00558	0.00412	0.00420	0.00139	0.00650	0.00333	0.00186	0.00641
21	0.00572	0.00429	0.00542	0.00592	0.00672	0.00386	0.00421	0.00681	0.00911	0.01214	0.09777	0.54096	0.14940	0.01204	0.00534	0.00163	0.00258	0.06092	0.00402	0.06114
22	0.00609	0.00475	0.00602	0.00618	0.00720	0.00444	0.02673	0.02409	0.03155	0.01264	0.10114	0.34638	0.26889	0.04141	0.00598	0.00173	0.00282	0.09403	0.00403	0.00389
23	0.01067	0.00911	0.00967	0.00868	0.01107	0.01047	0.00675	0.04062	0.74005	0.01841	0.07053	0.01722	0.01502	0.00610	0.00448	0.00147	0.00339	0.00510	0.00446	0.00673
24	0.82060	0.00868	0.00685	0.00602	0.00877	0.01003	0.00496	0.06520	0.00829	0.02009	0.00636	0.00731	0.00490	0.00413	0.00281	0.00135	0.00347	0.00247	0.00281	0.00490
25	0.59681	0.00825	0.00852	0.03066	0.01040	0.00901	0.05842	0.01420	0.00861	0.16460	0.00867	0.00940	0.00629	0.00495	0.02195	0.00148	0.00392	0.00305	0.02554	0.00526
26	0.03365	0.07006	0.01364	0.01079	0.03013	0.32441	0.06071	0.29734	0.01454	0.02833	0.00914	0.01076	0.00723	0.00490	0.00411	0.00123	0.00595	0.02766	0.03943	0.00598
27	0.03225	0.00813	0.01025	0.07621	0.01247	0.00779	0.02396	0.16473	0.01248	0.31594	0.01312	0.01307	0.02423	0.00487	0.00401	0.00119	0.00387	0.00394	0.09342	0.17408
28	0.17082	0.02853	0.01072	0.00899	0.02974	0.17164	0.01875	0.11872	0.06849	0.26435	0.03295	0.01286	0.00942	0.00520	0.00404	0.00132	0.00467	0.02879	0.00383	0.00616
29	0.01156	0.01023	0.01018	0.00906	0.01154	0.06539	0.00705	0.09017	0.66904	0.01836	0.01655	0.03658	0.01269	0.00596	0.00443	0.00145	0.00384	0.00490	0.00428	0.00674
30	0.00699	0.00499	0.00698	0.00799	0.00897	0.00498	0.00696	0.00896	0.01000	0.01301	0.02312	0.06829	0.02519	0.01209	0.00601	0.00200	0.00398	0.77147	0.00402	0.00400
31	0.03027	0.00986	0.01551	0.05834	0.33342	0.01023	0.13976	0.08061	0.17045	0.01614	0.05184	0.01420	0.03963	0.00491	0.00452	0.00138	0.00489	0.00466	0.00301	0.00637
32	0.00552	0.00413	0.00513	0.00551	0.00628	0.00374	0.00389	0.00674	0.00987	0.01311	0.25640	0.42068	0.21970	0.01168	0.00535	0.00159	0.00232	0.01035	0.00426	0.00374
33	0.01027	0.01778	0.49274	0.01571	0.19349	0.01050	0.07608	0.08917	0.01059	0.03075	0.00842	0.00998	0.00619	0.00418	0.00429	0.00136	0.00603	0.00361	0.00225	0.00661
34	0.02281	0.00465	0.00603	0.00598	0.00706	0.00427	0.00437	0.00908	0.01056	0.12129	0.34269	0.35583	0.06779	0.01037	0.00517	0.00153	0.00250	0.00920	0.00451	0.00431
35	0.00622	0.00456	0.00650	0.00653	0.00714	0.00515	0.00485	0.00745	0.00692	0.00982	0.01247	0.04461	0.01244	0.19426	0.64354	0.00630	0.00992	0.00524	0.00245	0.00363
36	0.01331	0.37623	0.04998	0.01095	0.08847	0.28116	0.00872	0.07255	0.03892	0.01245	0.00729	0.00830	0.00613	0.00420	0.00354	0.00109	0.00580	0.00288	0.00229	0.00576
37	0.18056	0.03436	0.03957	0.10637	0.45882	0.03829	0.01098	0.04626	0.00978	0.01524	0.00810	0.01023	0.01508	0.00413	0.00395	0.00131	0.00496	0.00354	0.00234	0.00613
38	0.03409	0.25186	0.10793	0.03875	0.09378	0.33035	0.02827	0.03227	0.02314	0.01206	0.00714	0.00845	0.00590	0.00418	0.00371	0.00115	0.00621	0.00296	0.00217	0.00563

[dist]
# distance from previous block
# <min> <max>
0	2

[block]
# block no. 2 follows, 60 sequences, length 32
# corresponding to MSA columns:
# 94-98,101-127
name=unknown_C
#
# <colnr> <probs for GDERKNQSTAVLIFYWHMCP>
#	G	D	E	R	K	N	Q	S	T	A	V	L	I	F	Y	W	H	M	C	P
0	0.01171	0.09937	0.09609	0.08793	0.29372	0.09165	0.06608	0.03091	0.08330	0.07524	0.01729	0.01111	0.00761	0.00436	0.00419	0.00130	0.00542	0.00381	0.00261	0.00631
1	0.00598	0.00447	0.00604	0.02890	0.05233	0.00438	0.00464	0.00689	0.00825	0.01111	0.02182	0.55105	0.07801	0.12130	0.03735	0.00220	0.01314	0.01007	0.02834	0.00370
2	0.00634	0.00497	0.00646	0.00707	0.06841	0.00461	0.00483	0.00829	0.02454	0.01517	0.45303	0.07943	0.23638	0.00948	0.00515	0.00145	0.00250	0.05334	0.00431	0.00422
3	0.02326	0.03097	0.00692	0.00583	0.00754	0.00664	0.00453	0.08229	0.13562	0.08761	0.01432	0.01603	0.01120	0.06029	0.00474	0.00136	0.00288	0.00429	0.48864	0.00506
4	0.01194	0.14320	0.01629	0.04931	0.26866	0.03902	0.07139	0.14275	0.10408	0.03992	0.02301	0.01191	0.02623	0.00473	0.00447	0.00130	0.02847	0.00402	0.00290	0.00640
5	0.00561	0.00416	0.00533	0.00597	0.00662	0.00376	0.00414	0.00656	0.00872	0.01165	0.04959	0.66401	0.10509	0.01255	0.00538	0.00166	0.00257	0.03350	0.00398	0.05914
6	0.03650	0.36746	0.07518	0.00927	0.01278	0.10240	0.04141	0.13805	0.09045	0.05828	0.00881	0.00938	0.00694	0.00447	0.00383	0.00117	0.02155	0.00321	0.00278	0.00608
7	0.02643	0.40507	0.12678	0.00948	0.02318	0.22784	0.02118	0.01412	0.00983	0.01143	0.00668	0.00784	0.00568	0.00400	0.00350	0.00105	0.01547	0.00268	0.00204	0.07571
8	0.14071	0.43110	0.04614	0.00859	0.01180	0.27487	0.00768	0.01444	0.00978	0.01189	0.00635	0.00737	0.00547	0.00404	0.00319	0.00107	0.00556	0.00252	0.00211	0.00533
9	0.03393	0.29791	0.08300	0.01041	0.01411	0.12909	0.11108	0.19792	0.03461	0.03695	0.00830	0.00918	0.00648	0.00433	0.00382	0.00119	0.00555	0.00333	0.00272	0.00611
10	0.01302	0.00790	0.01179	0.18976	0.10654	0.00807	0.03721	0.07373	0.01139	0.30461	0.03049	0.01898	0.03266	0.00610	0.00483	0.00147	0.01847	0.11311	0.00380	0.00607
11	0.00726	0.00610	0.02821	0.00817	0.00970	0.00541	0.10737	0.02138	0.02674	0.03706	0.04082	0.47939	0.03395	0.01043	0.00524	0.00161	0.00352	0.08848	0.00371	0.07545
12	0.00534	0.00386	0.00505	0.00595	0.00631	0.00357	0.00401	0.00617	0.00860	0.01143	0.05700	0.76466	0.07529	0.01332	0.00553	0.00174	0.00249	0.01203	0.00408	0.00357
13	0.77295	0.00937	0.00718	0.00632	0.00905	0.05591	0.00516	0.06493	0.00856	0.01959	0.00640	0.00735	0.00495	0.00415	0.00288	0.00133	0.00372	0.00249	0.00278	0.00492
14	0.01421	0.01110	0.06590	0.01009	0.01336	0.01091	0.08198	0.47103	0.01585	0.10914	0.01149	0.03749	0.00888	0.05155	0.05349	0.01332	0.00531	0.00447	0.00386	0.00656
15	0.00615	0.00452	0.00651	0.00661	0.00723	0.00509	0.00493	0.00742	0.00705	0.01000	0.01320	0.10159	0.01337	0.14103	0.63751	0.00611	0.00976	0.00567	0.00255	0.00369
16	0.00995	0.00798	0.00936	0.00691	0.01044	0.00663	0.00555	0.07563	0.01016	0.05091	0.03321	0.01100	0.02914	0.00402	0.00388	0.00082	0.03362	0.00315	0.00293	0.68469
17	0.00668	0.00583	0.00559	0.00547	0.00679	0.07362	0.00406	0.00791	0.01031	0.02684	0.17791	0.07996	0.47300	0.06488	0.00620	0.00164	0.00289	0.03259	0.00397	0.00388
18	0.01047	0.30319	0.43050	0.01075	0.03951	0.03988	0.01201	0.05700	0.00984	0.01333	0.00753	0.00873	0.00587	0.00409	0.00366	0.00120	0.00563	0.00299	0.02771	0.00611
19	0.01235	0.54443	0.01909	0.00947	0.06452	0.16466	0.00789	0.02729	0.04681	0.01146	0.00703	0.00800	0.00612	0.00398	0.00323	0.00101	0.00515	0.00268	0.00215	0.05266
20	0.75103	0.01039	0.07563	0.00664	0.00963	0.06057	0.00591	0.01319	0.00788	0.01853	0.00626	0.00731	0.00485	0.00408	0.00290	0.00134	0.00391	0.00246	0.00260	0.00489
21	0.00713	0.00522	0.00702	0.00783	0.00888	0.00530	0.00664	0.00981	0.07168	0.01339	0.04555	0.12421	0.02502	0.01164	0.00583	0.00193	0.00377	0.63088	0.00407	0.00419
22	0.00854	0.00818	0.01203	0.63978	0.03524	0.05501	0.01069	0.01144	0.04168	0.01135	0.00988	0.06707	0.01962	0.03446	0.00518	0.00156	0.01668	0.00458	0.00225	0.00479
23	0.00542	0.00409	0.00493	0.00541	0.00613	0.00369	0.00375	0.00640	0.00921	0.01194	0.12334	0.45184	0.27774	0.05738	0.00629	0.00176	0.00247	0.01053	0.00406	0.00361
24	0.00875	0.00837	0.01158	0.01019	0.01022	0.01136	0.00825	0.00959	0.00684	0.01037	0.00858	0.10620	0.00933	0.08951	0.01408	0.00212	0.66296	0.00504	0.00222	0.00443
25	0.00610	0.00446	0.00573	0.00541	0.00647	0.00408	0.00406	0.00809	0.01217	0.01707	0.76037	0.03327	0.09826	0.00907	0.00514	0.00138	0.00207	0.00798	0.00475	0.00408
26	0.00666	0.03787	0.17658	0.00716	0.03100	0.00597	0.00667	0.00916	0.03171	0.01368	0.20792	0.03029	0.40191	0.00854	0.00482	0.00141	0.00326	0.00717	0.00364	0.00459
27	0.07564	0.68837	0.01982	0.00722	0.01068	0.01526	0.00697	0.01308	0.00898	0.05651	0.00841	0.03376	0.03176	0.00437	0.00304	0.00103	0.00437	0.00297	0.00226	0.00551
28	0.01300	0.07496	0.02632	0.02433	0.11409	0.30814	0.04732	0.11774	0.07045	0.01440	0.00952	0.06422	0.00822	0.00500	0.00410	0.00121	0.00573	0.00395	0.00278	0.08454
29	0.00772	0.03140	0.00671	0.00585	0.00637	0.00589	0.00395	0.04900	0.00763	0.03841	0.03197	0.02416	0.01438	0.59101	0.08680	0.00384	0.05942	0.00572	0.01633	0.00345
30	0.01162	0.00962	0.10220	0.02136	0.01133	0.06084	0.02373	0.12637	0.02799	0.18469	0.05576	0.12926	0.07026	0.01441	0.03347	0.00165	0.00446	0.06387	0.02726	0.01985
31	0.03479	0.03535	0.00848	0.09735	0.02062	0.00658	0.02321	0.04446	0.07611	0.07267	0.01864	0.25409	0.09035	0.02230	0.00593	0.06527	0.00357	0.05766	0.03722	0.02534

[dist]
# distance from previous block
# <min> <max>
2	10

[block]
# block no. 3 follows, 60 sequences, length 40
# corresponding to MSA columns:
# 138-142,145-179
name=unknown_D
#
# <colnr> <probs for GDERKNQSTAVLIFYWHMCP>
#	G	D	E	R	K	N	Q	S	T	A	V	L	I	F	Y	W	H	M	C	P
0	0.03247	0.14562	0.03145	0.01899	0.09797	0.22114	0.01752	0.18115	0.04758	0.03706	0.06014	0.01090	0.00891	0.00479	0.00412	0.00119	0.01904	0.00358	0.00297	0.05339
1	0.02472	0.00735	0.12411	0.00656	0.00860	0.00522	0.00595	0.00985	0.01161	0.07097	0.56926	0.02824	0.09443	0.00806	0.00490	0.00138	0.00284	0.00697	0.00431	0.00465
2	0.00942	0.06260	0.46945	0.03052	0.07374	0.01018	0.04785	0.01462	0.11628	0.01423	0.00912	0.01029	0.00683	0.00422	0.00407	0.00129	0.00552	0.00348	0.00231	0.10400
3	0.03828	0.00991	0.01660	0.09634	0.70144	0.01011	0.01273	0.01303	0.00981	0.01424	0.03091	0.01136	0.00771	0.00407	0.00429	0.00131	0.00509	0.00395	0.00223	0.00658
4	0.00629	0.00434	0.00537	0.00539	0.00560	0.00454	0.00343	0.00672	0.00657	0.00897	0.01345	0.04604	0.01486	0.60872	0.23699	0.00491	0.00617	0.00605	0.00260	0.00300
5	0.00860	0.03083	0.48913	0.06805	0.08579	0.02008	0.02865	0.01252	0.00983	0.01419	0.16007	0.01391	0.01239	0.00509	0.00456	0.00138	0.02237	0.00423	0.00245	0.00586
6	0.00541	0.00397	0.00510	0.00595	0.00644	0.00366	0.00414	0.00630	0.00871	0.01136	0.02705	0.66726	0.14923	0.01315	0.00553	0.00174	0.00258	0.06475	0.00405	0.00360
7	0.01358	0.02823	0.01172	0.00888	0.01224	0.01109	0.00726	0.43438	0.13668	0.03658	0.01080	0.01097	0.00805	0.00485	0.00427	0.00117	0.02268	0.00371	0.00383	0.22902
8	0.00945	0.12096	0.55125	0.01247	0.06255	0.03059	0.05868	0.01349	0.00932	0.01332	0.00793	0.02328	0.00613	0.00417	0.00401	0.00128	0.00598	0.00337	0.00198	0.05981
9	0.00956	0.15370	0.64986	0.01164	0.01750	0.01142	0.02754	0.04617	0.00963	0.01381	0.00767	0.00895	0.00563	0.00411	0.00396	0.00131	0.00611	0.00314	0.00196	0.00634
10	0.00944	0.08037	0.49486	0.01429	0.12470	0.03106	0.10551	0.01340	0.00946	0.01342	0.00878	0.04432	0.00716	0.00457	0.00427	0.00137	0.00608	0.01868	0.00207	0.00618
11	0.00623	0.00467	0.00701	0.00701	0.00779	0.00545	0.00545	0.00779	0.00701	0.01012	0.01168	0.01713	0.01090	0.03271	0.82944	0.00701	0.01168	0.00467	0.00234	0.00389
12	0.03663	0.09924	0.16517	0.01156	0.12074	0.06567	0.00955	0.09819	0.01185	0.32185	0.01141	0.01132	0.00790	0.00468	0.00409	0.00129	0.00490	0.00368	0.00355	0.00675
13	0.01123	0.01260	0.12533	0.02143	0.50317	0.04906	0.10629	0.04476	0.03064	0.04056	0.00877	0.01081	0.00693	0.00408	0.00438	0.00133	0.00563	0.00394	0.00237	0.00667
14	0.00941	0.00898	0.01505	0.43669	0.36249	0.01023	0.01247	0.01205	0.00909	0.01241	0.00780	0.01113	0.00627	0.00439	0.00503	0.00142	0.06347	0.00388	0.00203	0.00571
15	0.10115	0.02922	0.08594	0.01292	0.15198	0.01067	0.09586	0.15227	0.18832	0.04367	0.01072	0.01144	0.00809	0.00458	0.00414	0.00131	0.00468	0.00392	0.00321	0.07591
16	0.03727	0.65467	0.10262	0.00818	0.01199	0.06880	0.00828	0.02330	0.00918	0.01114	0.00648	0.00758	0.00572	0.00458	0.02375	0.00116	0.00519	0.00253	0.00196	0.00560
17	0.01314	0.01167	0.01108	0.00951	0.01222	0.12072	0.00749	0.23641	0.48849	0.01976	0.01429	0.01356	0.01067	0.00554	0.00435	0.00139	0.00441	0.00437	0.00413	0.00680
18	0.00583	0.00419	0.00552	0.00572	0.00644	0.00388	0.00409	0.00736	0.01074	0.01493	0.49836	0.35871	0.03621	0.01082	0.00531	0.00153	0.00225	0.00970	0.00450	0.00388
19	0.00931	0.00896	0.01562	0.44044	0.33400	0.00989	0.07215	0.01209	0.00930	0.01256	0.00842	0.03259	0.00689	0.00436	0.00443	0.00140	0.00560	0.00419	0.00210	0.00569
20	0.01684	0.02553	0.01154	0.00909	0.01220	0.12743	0.00736	0.27846	0.08962	0.33533	0.01321	0.01246	0.00909	0.00590	0.02434	0.00145	0.00485	0.00403	0.00438	0.00692
21	0.00632	0.00433	0.00526	0.00526	0.00544	0.00450	0.00327	0.00667	0.00649	0.00883	0.01328	0.02598	0.01474	0.66377	0.20363	0.00485	0.00590	0.00597	0.00257	0.00292
22	0.00557	0.00398	0.00535	0.00636	0.00672	0.00376	0.00449	0.00651	0.00860	0.01142	0.02390	0.72730	0.02830	0.01343	0.00563	0.00181	0.00275	0.12650	0.00404	0.00361
23	0.00986	0.01071	0.14405	0.01653	0.29870	0.00853	0.11451	0.01273	0.01013	0.07029	0.04760	0.03873	0.01291	0.00624	0.00484	0.00151	0.00511	0.17819	0.00291	0.00590
24	0.01017	0.01028	0.05475	0.26453	0.41185	0.03616	0.05353	0.02269	0.00983	0.03352	0.00943	0.01257	0.02517	0.00445	0.00441	0.00137	0.00550	0.02148	0.00228	0.00604
25	0.01510	0.01893	0.01420	0.01220	0.01461	0.67287	0.11455	0.01656	0.01176	0.01110	0.00696	0.00848	0.00576	0.00457	0.00470	0.00122	0.05589	0.00318	0.00222	0.00515
26	0.01023	0.01016	0.03532	0.18599	0.62841	0.01024	0.03016	0.01297	0.00968	0.01362	0.00812	0.01094	0.00665	0.00398	0.00434	0.00133	0.00538	0.00390	0.00211	0.00647
27	0.00601	0.00647	0.11457	0.00719	0.00838	0.00463	0.00607	0.00752	0.00870	0.01176	0.02175	0.62239	0.02522	0.01217	0.00544	0.00175	0.00326	0.11900	0.00375	0.00400
28	0.76166	0.01032	0.11547	0.00663	0.00983	0.00983	0.00624	0.01295	0.00766	0.01880	0.00631	0.00737	0.00483	0.00406	0.00289	0.00135	0.00378	0.00248	0.00258	0.00495
29	0.01022	0.00988	0.01702	0.13308	0.61505	0.01023	0.05760	0.01280	0.00962	0.01359	0.00853	0.03441	0.00732	0.00436	0.00479	0.00136	0.03738	0.00419	0.00218	0.00640
30	0.00611	0.00453	0.00664	0.00677	0.00744	0.00514	0.00512	0.00749	0.00715	0.01018	0.01343	0.12796	0.01354	0.07076	0.67931	0.00617	0.01009	0.00579	0.00258	0.00378
31	0.01526	0.03717	0.01353	0.06892	0.01518	0.65819	0.05941	0.05901	0.01234	0.01181	0.00713	0.00850	0.00579	0.00446	0.00404	0.00117	0.00745	0.00308	0.00233	0.00523
32	0.00927	0.03669	0.55331	0.12269	0.07931	0.00982	0.01409	0.01345	0.00928	0.03981	0.00811	0.00977	0.00591	0.00412	0.00410	0.00132	0.00591	0.00333	0.00205	0.06766
33	0.00905	0.07204	0.72260	0.01211	0.01818	0.01061	0.03312	0.01417	0.04333	0.01379	0.00816	0.00943	0.00589	0.00418	0.00410	0.00136	0.00623	0.00329	0.00196	0.00640
34	0.03465	0.04721	0.49086	0.01154	0.02616	0.08481	0.06311	0.01392	0.00948	0.06937	0.00881	0.01065	0.00667	0.02543	0.07701	0.00190	0.00669	0.00354	0.00224	0.00597
35	0.00830	0.00665	0.01091	0.02707	0.01184	0.00645	0.17411	0.01107	0.05922	0.06279	0.09571	0.14857	0.06721	0.00922	0.00541	0.00169	0.00420	0.28108	0.00378	0.00473
36	0.01002	0.01090	0.12328	0.11047	0.32216	0.02859	0.09800	0.01295	0.02786	0.06465	0.01175	0.12282	0.02600	0.00555	0.00457	0.00141	0.00518	0.00521	0.00265	0.00598
37	0.01066	0.01035	0.01705	0.23192	0.43898	0.05447	0.11882	0.01337	0.00989	0.04037	0.00839	0.01112	0.00665	0.00406	0.00442	0.00135	0.00573	0.00401	0.00222	0.00616
38	0.00913	0.01071	0.15384	0.18198	0.31049	0.00888	0.02497	0.01219	0.02963	0.03134	0.01301	0.06986	0.06761	0.00574	0.00456	0.00144	0.00503	0.05125	0.00256	0.00578
39	0.01057	0.01721	0.46755	0.05030	0.07727	0.08666	0.02768	0.01426	0.01011	0.10297	0.06094	0.02880	0.00919	0.00487	0.00430	0.00137	0.00579	0.01145	0.00256	0.00614

[dist]
# distance from previous block
# <min> <max>
1	8

[block]
# block no. 4 follows, 60 sequences, length 21
# corresponding to MSA columns:
# 188-208
name=unknown_E
#
# <colnr> <probs for GDERKNQSTAVLIFYWHMCP>
#	G	D	E	R	K	N	Q	S	T	A	V	L	I	F	Y	W	H	M	C	P
0	0.00893	0.06488	0.40979	0.01304	0.03940	0.00995	0.21261	0.01258	0.00921	0.01307	0.00991	0.10185	0.00877	0.03485	0.00543	0.00153	0.03142	0.00481	0.00222	0.00576
1	0.00934	0.01620	0.49540	0.02455	0.11203	0.00868	0.01276	0.01307	0.00957	0.08211	0.02555	0.10278	0.03020	0.00578	0.00445	0.00144	0.00537	0.03205	0.00260	0.00605
2	0.01162	0.06216	0.48632	0.01325	0.07429	0.04083	0.06450	0.03171	0.04067	0.09135	0.01022	0.01163	0.00759	0.00495	0.00456	0.00151	0.00614	0.00386	0.02597	0.00688
3	0.01144	0.02552	0.36097	0.01027	0.03035	0.05953	0.02181	0.04519	0.01055	0.19623	0.01384	0.12275	0.04033	0.00618	0.00447	0.00142	0.00508	0.02481	0.00321	0.00606
4	0.00889	0.10833	0.65571	0.01131	0.01690	0.02471	0.01403	0.01314	0.00919	0.01317	0.00943	0.06266	0.02432	0.00486	0.00411	0.00136	0.00594	0.00383	0.00204	0.00609
5	0.01048	0.01279	0.24521	0.06475	0.20235	0.00907	0.13976	0.02336	0.01014	0.11593	0.02491	0.04430	0.06689	0.00512	0.00453	0.00140	0.00538	0.00472	0.00275	0.00616
6	0.01172	0.04475	0.23096	0.15841	0.13330	0.06184	0.07214	0.01490	0.02128	0.16431	0.00972	0.01113	0.00703	0.00447	0.00451	0.00136	0.02611	0.00379	0.01212	0.00619
7	0.00960	0.00713	0.03095	0.13413	0.11075	0.00677	0.07419	0.02406	0.00981	0.14756	0.04255	0.25748	0.06604	0.00822	0.00536	0.03557	0.00411	0.01714	0.00346	0.00509
8	0.04178	0.00648	0.00835	0.00707	0.00949	0.00593	0.00563	0.01635	0.05879	0.47633	0.07994	0.13653	0.06601	0.00740	0.00463	0.00144	0.00327	0.03375	0.02475	0.00608
9	0.01090	0.08236	0.35715	0.04810	0.20276	0.04276	0.05346	0.06806	0.02807	0.05333	0.00863	0.01009	0.00647	0.00422	0.00416	0.00132	0.00578	0.00356	0.00235	0.00646
10	0.03686	0.08406	0.02831	0.01157	0.13870	0.04112	0.06013	0.11746	0.04868	0.17829	0.01400	0.19592	0.01264	0.00663	0.00447	0.00140	0.00434	0.00577	0.00362	0.00600
11	0.00772	0.00496	0.00569	0.00563	0.00688	0.00489	0.00432	0.01039	0.08911	0.05348	0.10631	0.09349	0.16874	0.04173	0.02575	0.00165	0.00287	0.09254	0.26951	0.00433
12	0.01046	0.01033	0.07776	0.01429	0.24449	0.05327	0.05644	0.05658	0.11091	0.05872	0.11096	0.07387	0.04163	0.00601	0.00492	0.00139	0.03569	0.00525	0.00324	0.02378
13	0.00661	0.00483	0.00589	0.00553	0.00683	0.00438	0.00415	0.03338	0.01153	0.03452	0.48491	0.11277	0.21563	0.00945	0.00507	0.00140	0.00231	0.00822	0.00447	0.03811
14	0.80065	0.03688	0.00729	0.00610	0.00881	0.05599	0.00502	0.01309	0.00775	0.01876	0.00611	0.00713	0.00480	0.00406	0.00277	0.00132	0.00367	0.00239	0.00265	0.00477
15	0.07123	0.27551	0.02695	0.01029	0.09040	0.02765	0.03715	0.15502	0.02816	0.16757	0.01064	0.03535	0.00852	0.00499	0.00387	0.00124	0.00455	0.03139	0.00327	0.00626
16	0.00824	0.00775	0.01308	0.83624	0.03004	0.00969	0.01211	0.01114	0.00872	0.01114	0.00775	0.01163	0.00581	0.00436	0.00436	0.00145	0.00581	0.00388	0.00194	0.00484
17	0.00813	0.00407	0.00407	0.00407	0.00508	0.00407	0.00305	0.01016	0.00915	0.01626	0.01423	0.01626	0.01118	0.00508	0.00305	0.00102	0.00203	0.00407	0.87093	0.00407
18	0.00918	0.01656	0.46278	0.03902	0.20820	0.00968	0.08053	0.01315	0.00946	0.01385	0.00919	0.03289	0.00745	0.00461	0.00434	0.00139	0.00586	0.03157	0.03410	0.00622
19	0.00612	0.00454	0.00571	0.00545	0.00654	0.00419	0.00407	0.00823	0.02950	0.01656	0.67350	0.06382	0.13688	0.00929	0.00515	0.00140	0.00212	0.00816	0.00467	0.00410
20	0.01150	0.01030	0.03077	0.16625	0.05964	0.05382	0.04488	0.21985	0.21621	0.01759	0.01299	0.04515	0.03060	0.01918	0.00486	0.00146	0.01455	0.01757	0.01673	0.00610

[dist]
# distance from previous block
# <min> <max>
0	2

[block]
# block no. 5 follows, 60 sequences, length 68
# corresponding to MSA columns:
# 211-247,270-300
name=unknown_F
#
# <colnr> <probs for GDERKNQSTAVLIFYWHMCP>
#	G	D	E	R	K	N	Q	S	T	A	V	L	I	F	Y	W	H	M	C	P
0	0.40425	0.05211	0.03907	0.01973	0.02291	0.27946	0.04730	0.03511	0.00985	0.03037	0.00715	0.00870	0.00575	0.00436	0.00346	0.00127	0.00533	0.01613	0.00255	0.00513
1	0.01346	0.01180	0.01741	0.01403	0.06870	0.14028	0.33615	0.07207	0.02728	0.17666	0.01061	0.01201	0.00776	0.01454	0.00502	0.00140	0.02579	0.00439	0.03453	0.00612
2	0.05020	0.03892	0.03796	0.00684	0.01070	0.00676	0.00577	0.02777	0.00946	0.07758	0.00841	0.00937	0.00667	0.00353	0.00333	0.00078	0.00347	0.00275	0.00279	0.68693
3	0.00956	0.00780	0.01049	0.06027	0.19539	0.00817	0.00770	0.03006	0.22989	0.05402	0.20915	0.02002	0.07436	0.00635	0.00473	0.00138	0.01703	0.00550	0.01911	0.02904
4	0.00840	0.00798	0.01370	0.77972	0.05574	0.00976	0.04109	0.01132	0.00882	0.01135	0.00781	0.01161	0.00588	0.00432	0.00439	0.00145	0.00585	0.00392	0.00196	0.00495
5	0.00760	0.00681	0.01094	0.49935	0.07042	0.00806	0.00958	0.00976	0.00852	0.01119	0.01233	0.19538	0.02708	0.03820	0.03437	0.00182	0.03558	0.00596	0.00249	0.00455
6	0.56163	0.00806	0.00778	0.00648	0.00943	0.00854	0.00534	0.01593	0.00929	0.31522	0.01017	0.00994	0.00696	0.00455	0.00332	0.00135	0.00350	0.00311	0.00369	0.00572
7	0.01134	0.00916	0.01005	0.00885	0.01137	0.01037	0.02139	0.03739	0.70227	0.06795	0.03371	0.01632	0.01345	0.00588	0.00444	0.00146	0.00351	0.00493	0.01933	0.00682
8	0.00585	0.00445	0.00538	0.00515	0.00632	0.00398	0.00386	0.00760	0.01158	0.01567	0.57017	0.03558	0.28933	0.00960	0.00515	0.00140	0.00211	0.00831	0.00456	0.00398
9	0.00764	0.00616	0.00935	0.17755	0.10249	0.00656	0.00855	0.01000	0.02500	0.01276	0.01831	0.09276	0.01923	0.00959	0.00544	0.00179	0.00439	0.47451	0.00340	0.00452
10	0.00625	0.00458	0.00655	0.00655	0.00716	0.00520	0.00487	0.00749	0.00687	0.00978	0.01211	0.01948	0.01192	0.20010	0.66344	0.00644	0.01015	0.00502	0.00240	0.00364
11	0.01052	0.00999	0.00968	0.02945	0.10140	0.19054	0.00685	0.10544	0.04246	0.03281	0.25155	0.04575	0.13158	0.00707	0.00464	0.00133	0.00424	0.00587	0.00368	0.00514
12	0.87753	0.00843	0.00641	0.00574	0.00843	0.00978	0.00472	0.01282	0.00742	0.01957	0.00607	0.00709	0.00472	0.00405	0.00270	0.00135	0.00337	0.00236	0.00270	0.00472
13	0.01054	0.04077	0.11566	0.04437	0.22692	0.04844	0.06246	0.04225	0.11236	0.02562	0.00946	0.01111	0.00753	0.02081	0.00440	0.00124	0.00490	0.00367	0.00263	0.20484
14	0.00749	0.00603	0.00690	0.00679	0.00816	0.00633	0.00505	0.01273	0.29827	0.01508	0.18302	0.26776	0.12528	0.00957	0.00503	0.00155	0.00275	0.02296	0.00434	0.00489
15	0.01035	0.25167	0.47806	0.01127	0.04498	0.02825	0.01267	0.01387	0.00924	0.05212	0.00769	0.00891	0.00586	0.00425	0.00425	0.00127	0.04400	0.00307	0.00204	0.00617
16	0.36451	0.06588	0.04836	0.00596	0.00779	0.00809	0.00475	0.03281	0.02175	0.01412	0.00974	0.01654	0.00977	0.36131	0.01112	0.00254	0.00402	0.00418	0.00265	0.00410
17	0.01134	0.00916	0.01438	0.01960	0.51114	0.02274	0.02171	0.05359	0.01059	0.11468	0.01217	0.14164	0.01115	0.00583	0.00456	0.00139	0.00462	0.02034	0.00301	0.00637
18	0.04635	0.03642	0.14710	0.04378	0.12183	0.05160	0.03561	0.20583	0.01238	0.07546	0.01015	0.01107	0.03162	0.00452	0.00405	0.00121	0.00492	0.00365	0.00301	0.14941
19	0.85731	0.00846	0.00649	0.00581	0.00850	0.00981	0.00477	0.01306	0.02619	0.01954	0.00635	0.00730	0.00492	0.00409	0.00274	0.00135	0.00338	0.00242	0.00274	0.00477
20	0.00734	0.00564	0.00648	0.00649	0.00722	0.06011	0.00473	0.00831	0.04769	0.01119	0.11816	0.15153	0.08987	0.04317	0.12628	0.23969	0.01822	0.04124	0.00313	0.00351
21	0.00731	0.00388	0.00548	0.00548	0.00548	0.00388	0.00354	0.00583	0.00583	0.00777	0.00892	0.01658	0.00938	0.19602	0.01817	0.68412	0.00388	0.00434	0.00206	0.00206
22	0.00550	0.00441	0.00488	0.00480	0.00607	0.00382	0.00357	0.00686	0.01055	0.01344	0.27962	0.06339	0.53914	0.02783	0.00552	0.00151	0.00221	0.00884	0.00425	0.00379
23	0.87753	0.00843	0.00641	0.00574	0.00843	0.00978	0.00472	0.01282	0.00742	0.01957	0.00607	0.00709	0.00472	0.00405	0.00270	0.00135	0.00337	0.00236	0.00270	0.00472
24	0.00603	0.00445	0.00563	0.00533	0.00643	0.00405	0.00400	0.00795	0.01200	0.01667	0.70608	0.03393	0.15280	0.00922	0.00515	0.00139	0.00208	0.00808	0.00469	0.00405
25	0.01053	0.01154	0.07491	0.02374	0.57021	0.01051	0.20646	0.01356	0.00997	0.01415	0.00833	0.01092	0.00674	0.00385	0.00451	0.00134	0.00580	0.00415	0.00215	0.00663
26	0.00618	0.00457	0.00666	0.00673	0.00739	0.00520	0.00508	0.00753	0.00704	0.01004	0.01276	0.07703	0.01265	0.10911	0.69373	0.00637	0.01032	0.00538	0.00249	0.00375
27	0.01166	0.84935	0.02285	0.00746	0.01119	0.01726	0.00746	0.01306	0.00886	0.01026	0.00606	0.00700	0.00560	0.00373	0.00280	0.00093	0.00466	0.00233	0.00187	0.00560
28	0.00875	0.02256	0.82413	0.01243	0.01888	0.01013	0.01611	0.01381	0.00921	0.01381	0.00783	0.00921	0.00552	0.00414	0.00414	0.00138	0.00645	0.00322	0.00184	0.00645
29	0.00904	0.00775	0.00904	0.00646	0.01034	0.00581	0.00517	0.01098	0.00904	0.01421	0.00775	0.00904	0.00646	0.00323	0.00323	0.00065	0.00323	0.00258	0.00258	0.87339
30	0.00578	0.00423	0.00578	0.06060	0.00792	0.00422	0.00464	0.00674	0.00829	0.01108	0.04718	0.58736	0.02512	0.10850	0.05145	0.00231	0.00348	0.04805	0.00368	0.00359
31	0.87753	0.00843	0.00641	0.00574	0.00843	0.00978	0.00472	0.01282	0.00742	0.01957	0.00607	0.00709	0.00472	0.00405	0.00270	0.00135	0.00337	0.00236	0.00270	0.00472
32	0.01034	0.00980	0.01659	0.02483	0.74464	0.00977	0.01253	0.01285	0.01004	0.01437	0.06019	0.03583	0.00971	0.00448	0.00441	0.00131	0.00491	0.00438	0.00238	0.00663
33	0.01562	0.01966	0.01246	0.01126	0.01328	0.74756	0.00854	0.01672	0.01179	0.01066	0.00664	0.00803	0.00563	0.00481	0.00497	0.00120	0.09103	0.00291	0.00221	0.00503
34	0.01324	0.56730	0.01928	0.00875	0.01197	0.29365	0.00779	0.01454	0.01005	0.01040	0.00629	0.00729	0.00560	0.00399	0.00318	0.00100	0.00575	0.00249	0.00200	0.00541
35	0.87753	0.00843	0.00641	0.00574	0.00843	0.00978	0.00472	0.01282	0.00742	0.01957	0.00607	0.00709	0.00472	0.00405	0.00270	0.00135	0.00337	0.00236	0.00270	0.00472
36	0.01383	0.01148	0.05493	0.00955	0.01275	0.01203	0.00804	0.47591	0.27143	0.02311	0.01357	0.02633	0.02545	0.00564	0.00439	0.00137	0.00434	0.00445	0.01436	0.00703
37	0.00653	0.00448	0.00576	0.00556	0.00655	0.00418	0.00415	0.00834	0.01133	0.03509	0.58895	0.08506	0.06437	0.05443	0.02179	0.00167	0.00251	0.03911	0.04608	0.00405
38	0.07883	0.10789	0.03119	0.01459	0.22339	0.28014	0.06389	0.05997	0.01116	0.06288	0.00830	0.02355	0.00676	0.00441	0.00398	0.00123	0.00589	0.00349	0.00255	0.00591
39	0.79903	0.08467	0.00790	0.00589	0.00868	0.01046	0.00497	0.01284	0.00755	0.01872	0.00607	0.00708	0.00480	0.00402	0.00271	0.00131	0.00349	0.00236	0.00262	0.00480
40	0.01021	0.00964	0.01619	0.02388	0.70372	0.00969	0.01219	0.01270	0.01014	0.01455	0.10461	0.01336	0.01096	0.00457	0.00465	0.00132	0.02426	0.00436	0.00247	0.00653
41	0.00990	0.00898	0.01479	0.41704	0.19846	0.01000	0.09141	0.07512	0.04852	0.02723	0.03629	0.01242	0.00798	0.00451	0.00444	0.00140	0.00542	0.00421	0.01616	0.00571
42	0.00623	0.00467	0.00701	0.00701	0.00779	0.00545	0.00545	0.00779	0.00701	0.01012	0.01168	0.01713	0.01090	0.03271	0.82944	0.00701	0.01168	0.00467	0.00234	0.00389
43	0.00634	0.00423	0.00476	0.00476	0.00476	0.00423	0.00264	0.00634	0.00634	0.00846	0.01374	0.02854	0.01586	0.84672	0.02220	0.00423	0.00423	0.00634	0.00264	0.00264
44	0.00975	0.07758	0.50233	0.01186	0.03217	0.01080	0.06654	0.05565	0.13554	0.01509	0.03501	0.01116	0.00807	0.00456	0.00421	0.00136	0.00566	0.00375	0.00250	0.00640
45	0.00823	0.00426	0.00428	0.00424	0.00531	0.00431	0.00319	0.01064	0.03848	0.01633	0.01436	0.01626	0.01126	0.00511	0.00310	0.00103	0.00208	0.00410	0.83926	0.00417
46	0.04461	0.03710	0.03900	0.00710	0.01039	0.00646	0.03036	0.01999	0.00945	0.10869	0.01215	0.11477	0.03767	0.01614	0.00404	0.00104	0.00349	0.00439	0.00311	0.49005
47	0.00957	0.13164	0.05144	0.00725	0.01109	0.02231	0.02172	0.01158	0.00915	0.02242	0.00820	0.02588	0.00708	0.00376	0.00337	0.00080	0.00377	0.01636	0.00251	0.63010
48	0.01268	0.01393	0.01587	0.02145	0.54333	0.29094	0.01169	0.01477	0.01076	0.01302	0.00770	0.00979	0.00647	0.00409	0.00419	0.00124	0.00610	0.00352	0.00219	0.00627
49	0.00623	0.00467	0.00701	0.00701	0.00779	0.00545	0.00545	0.00779	0.00701	0.01012	0.01168	0.01713	0.01090	0.03271	0.82944	0.00701	0.01168	0.00467	0.00234	0.00389
50	0.87753	0.00843	0.00641	0.00574	0.00843	0.00978	0.00472	0.01282	0.00742	0.01957	0.00607	0.00709	0.00472	0.00405	0.00270	0.00135	0.00337	0.00236	0.00270	0.00472
51	0.58360	0.00844	0.00774	0.00664	0.00939	0.00932	0.00546	0.10656	0.00986	0.14262	0.00953	0.03933	0.00755	0.00502	0.00337	0.00138	0.00359	0.03181	0.00340	0.00538
52	0.00631	0.00421	0.00477	0.00480	0.00481	0.00421	0.00269	0.00633	0.00641	0.00854	0.01408	0.05535	0.01628	0.81933	0.02165	0.00415	0.00417	0.00654	0.00269	0.00267
53	0.00622	0.00454	0.00585	0.00553	0.00659	0.00422	0.00414	0.00842	0.02717	0.01725	0.76842	0.04511	0.06209	0.00899	0.00514	0.00138	0.00210	0.00794	0.00476	0.00415
54	0.01142	0.01004	0.01591	0.07773	0.58859	0.01019	0.01188	0.08216	0.04013	0.05127	0.00909	0.01111	0.00726	0.00414	0.00428	0.00128	0.00496	0.00388	0.00258	0.05206
55	0.00938	0.00772	0.00903	0.00656	0.01027	0.00598	0.00524	0.03540	0.00957	0.03383	0.03273	0.02339	0.00800	0.00368	0.00339	0.00072	0.00324	0.00299	0.00280	0.78608
56	0.04207	0.00744	0.01062	0.00951	0.04681	0.01665	0.10827	0.06770	0.05545	0.15995	0.09081	0.15238	0.07839	0.00786	0.00521	0.00152	0.03212	0.08401	0.01787	0.00536
57	0.01172	0.00926	0.01047	0.06776	0.01173	0.11973	0.00748	0.06426	0.00970	0.14881	0.01020	0.01284	0.00831	0.03442	0.14781	0.01374	0.22996	0.00402	0.07266	0.00513
58	0.00594	0.00439	0.00555	0.00538	0.00641	0.00400	0.00399	0.00774	0.01162	0.01606	0.63010	0.10768	0.15562	0.00966	0.00518	0.00142	0.00212	0.00849	0.00462	0.00400
59	0.00923	0.01311	0.28463	0.01330	0.18396	0.00929	0.01085	0.01512	0.23451	0.01493	0.04742	0.08993	0.02844	0.02012	0.00476	0.00148	0.00467	0.00506	0.00302	0.00619
60	0.00753	0.00483	0.00598	0.00570	0.01815	0.00444	0.00423	0.00958	0.02708	0.08488	0.48313	0.04209	0.16312	0.00844	0.00481	0.00135	0.00230	0.00729	0.11067	0.00440
61	0.87753	0.00843	0.00641	0.00574	0.00843	0.00978	0.00472	0.01282	0.00742	0.01957	0.00607	0.00709	0.00472	0.00405	0.00270	0.00135	0.00337	0.00236	0.00270	0.00472
62	0.01174	0.83599	0.02269	0.00752	0.01123	0.03035	0.00748	0.01313	0.00892	0.01027	0.00607	0.00701	0.00560	0.00374	0.00282	0.00094	0.00472	0.00234	0.00187	0.00559
63	0.00633	0.00427	0.00494	0.00494	0.00501	0.00433	0.00288	0.00646	0.00640	0.00859	0.01357	0.02760	0.01545	0.77927	0.08909	0.00446	0.00485	0.00620	0.00262	0.00275
64	0.00904	0.00775	0.00904	0.00646	0.01034	0.00581	0.00517	0.01098	0.00904	0.01421	0.00775	0.00904	0.00646	0.00323	0.00323	0.00065	0.00323	0.00258	0.00258	0.87339
65	0.00867	0.01789	0.58135	0.01102	0.03249	0.00888	0.01296	0.02798	0.00980	0.01459	0.10606	0.01208	0.01004	0.00461	0.00415	0.00128	0.00542	0.00373	0.00236	0.12467
66	0.00845	0.07069	0.66166	0.01120	0.01666	0.00966	0.01389	0.01270	0.00912	0.01324	0.01058	0.09996	0.03293	0.00536	0.00425	0.00140	0.00578	0.00434	0.00215	0.00600
67	0.03570	0.42833	0.22912	0.00977	0.04282	0.08396	0.00980	0.03982	0.00960	0.01229	0.00745	0.03217	0.00644	0.00475	0.01767	0.00123	0.00543	0.00305	0.00209	0.01851

[dist]
# distance from previous block
# <min> <max>
3	9

# created by:
# /st0/software/busco_prod/Augustus/scripts/msa2prfl.pl ./align_prep/101665.fa
