[name]
unknown

[dist]
# distance from previous block
# <min> <max>
0	91

[block]
# block no. 0 follows, 54 sequences, length 30
# corresponding to MSA columns:
# 93-122
name=unknown_A
#
# <colnr> <probs for GDERKNQSTAVLIFYWHMCP>
#	G	D	E	R	K	N	Q	S	T	A	V	L	I	F	Y	W	H	M	C	P
0	0.01001	0.00904	0.02661	0.01987	0.06126	0.00932	0.11185	0.03453	0.32574	0.01714	0.08129	0.07416	0.04092	0.00802	0.00536	0.00170	0.00442	0.14844	0.00415	0.00616
1	0.01233	0.28260	0.19297	0.03486	0.21575	0.13817	0.03276	0.01509	0.01058	0.01322	0.00779	0.00953	0.00643	0.00432	0.00406	0.00127	0.00625	0.00336	0.00217	0.00651
2	0.01693	0.02134	0.01346	0.01217	0.01437	0.74064	0.00922	0.01813	0.01279	0.01152	0.00719	0.00867	0.00608	0.00518	0.00530	0.00129	0.08475	0.00314	0.00240	0.00544
3	0.00864	0.00520	0.00805	0.00954	0.12703	0.00520	0.00559	0.00745	0.00688	0.00934	0.00868	0.01489	0.00860	0.06225	0.01667	0.68231	0.00435	0.00427	0.00214	0.00292
4	0.01060	0.00929	0.01126	0.01088	0.07594	0.01019	0.05281	0.02001	0.53310	0.01754	0.02163	0.02089	0.13254	0.00736	0.00555	0.03966	0.00394	0.00590	0.00427	0.00663
5	0.01023	0.01049	0.00911	0.00945	0.06422	0.24398	0.00653	0.02467	0.01088	0.01252	0.06814	0.09646	0.20557	0.01285	0.11408	0.08049	0.00600	0.00647	0.00326	0.00460
6	0.30282	0.00773	0.00782	0.00675	0.00909	0.00822	0.00540	0.12434	0.01235	0.09435	0.23949	0.01826	0.01845	0.00637	0.00416	0.00141	0.00330	0.00497	0.11920	0.00551
7	0.00684	0.00461	0.00536	0.00533	0.00545	0.00464	0.00313	0.00707	0.00730	0.00985	0.06361	0.03041	0.01853	0.73651	0.06903	0.00455	0.00490	0.00686	0.00298	0.00303
8	0.00753	0.00592	0.00923	0.01073	0.12889	0.00658	0.00709	0.00920	0.00802	0.01152	0.01209	0.03105	0.01130	0.02945	0.64352	0.04474	0.01102	0.00502	0.00251	0.00460
9	0.00720	0.00518	0.00711	0.00721	0.00810	0.00567	0.00559	0.02706	0.00864	0.01215	0.01673	0.04023	0.05135	0.11941	0.48472	0.00552	0.00903	0.12188	0.05306	0.00416
10	0.06248	0.00589	0.00637	0.00584	0.00740	0.00603	0.00450	0.07829	0.04675	0.03096	0.26057	0.02231	0.03322	0.00687	0.00422	0.00130	0.00265	0.00568	0.40372	0.00495
11	0.51901	0.00813	0.00748	0.00659	0.00924	0.00885	0.00531	0.01463	0.06019	0.12543	0.13189	0.01579	0.05909	0.00594	0.00384	0.00148	0.00341	0.00436	0.00386	0.00548
12	0.00625	0.00479	0.00526	0.00530	0.00671	0.00411	0.00391	0.00753	0.01088	0.04042	0.13000	0.16012	0.57431	0.01189	0.00561	0.00162	0.00248	0.01012	0.00452	0.00415
13	0.00705	0.00495	0.00710	0.00710	0.00798	0.00567	0.00550	0.00881	0.00793	0.01195	0.01305	0.01838	0.01183	0.03084	0.69261	0.00660	0.01105	0.00495	0.13244	0.00424
14	0.00814	0.00539	0.00740	0.00813	0.00931	0.00524	0.00688	0.01011	0.01097	0.06496	0.07088	0.13215	0.05700	0.01251	0.00626	0.00204	0.00395	0.56967	0.00449	0.00452
15	0.00716	0.00501	0.00579	0.00572	0.00721	0.00437	0.00435	0.00860	0.01122	0.07733	0.17120	0.13344	0.46967	0.01146	0.00562	0.00164	0.00266	0.05856	0.00463	0.00439
16	0.00607	0.00445	0.00553	0.00594	0.00664	0.00409	0.00410	0.00723	0.01023	0.01365	0.22972	0.40640	0.16907	0.09527	0.00763	0.00201	0.00273	0.01088	0.00444	0.00392
17	0.00619	0.00472	0.00490	0.00486	0.00632	0.00410	0.00364	0.00766	0.01093	0.01422	0.13447	0.03993	0.59114	0.01069	0.00523	0.00150	0.00234	0.00894	0.13411	0.00410
18	0.00682	0.00464	0.00547	0.00541	0.00563	0.00463	0.00329	0.00726	0.00788	0.01073	0.13397	0.03075	0.02095	0.65984	0.07034	0.00429	0.00472	0.00700	0.00319	0.00318
19	0.63947	0.00809	0.00672	0.00605	0.00861	0.00908	0.00488	0.01364	0.00872	0.06901	0.01907	0.03066	0.00789	0.01820	0.00353	0.00147	0.00343	0.00338	0.13301	0.00510
20	0.65110	0.00788	0.00654	0.00623	0.00853	0.00889	0.00489	0.01203	0.00834	0.01889	0.01222	0.18644	0.03925	0.00689	0.00368	0.00156	0.00341	0.00516	0.00328	0.00479
21	0.01027	0.01075	0.02160	0.12001	0.11819	0.01054	0.47657	0.01339	0.01022	0.01385	0.01012	0.01532	0.00860	0.12982	0.00814	0.00202	0.00694	0.00542	0.00241	0.00582
22	0.00850	0.00776	0.01231	0.09835	0.01372	0.00930	0.09562	0.01040	0.00900	0.01288	0.13007	0.05736	0.01485	0.01519	0.22267	0.01478	0.25393	0.00566	0.00281	0.00484
23	0.00709	0.00470	0.00630	0.00650	0.00715	0.00500	0.00477	0.00822	0.00815	0.01183	0.01613	0.12479	0.02960	0.14810	0.34166	0.07068	0.00720	0.05547	0.13283	0.00382
24	0.00749	0.00530	0.00723	0.00815	0.00907	0.00530	0.00688	0.00933	0.01025	0.01336	0.02343	0.04980	0.02562	0.13738	0.00916	0.00253	0.00438	0.65711	0.00412	0.00412
25	0.01308	0.01003	0.01730	0.06531	0.03690	0.00984	0.31040	0.12572	0.01233	0.16959	0.01283	0.04423	0.01045	0.13073	0.00801	0.00200	0.00593	0.00556	0.00351	0.00626
26	0.02794	0.15608	0.01562	0.02503	0.02836	0.25683	0.00894	0.36956	0.03443	0.02015	0.00931	0.00995	0.00716	0.00510	0.00426	0.00129	0.00614	0.00359	0.00346	0.00680
27	0.00874	0.00802	0.01328	0.64837	0.07812	0.00961	0.01187	0.01173	0.01011	0.01330	0.12864	0.01594	0.01215	0.00543	0.00484	0.00155	0.00563	0.00485	0.00258	0.00526
28	0.01030	0.00803	0.00989	0.03665	0.02437	0.00662	0.01940	0.03261	0.00993	0.06544	0.01012	0.01359	0.00884	0.12956	0.00681	0.00141	0.00395	0.00369	0.00301	0.59577
29	0.06474	0.00927	0.01502	0.50318	0.26205	0.01055	0.01273	0.01288	0.00974	0.01376	0.00841	0.01189	0.00659	0.00449	0.00454	0.00148	0.00581	0.00404	0.00224	0.03657

[dist]
# distance from previous block
# <min> <max>
0	4

[block]
# block no. 1 follows, 54 sequences, length 41
# corresponding to MSA columns:
# 127-151,155-170
name=unknown_B
#
# <colnr> <probs for GDERKNQSTAVLIFYWHMCP>
#	G	D	E	R	K	N	Q	S	T	A	V	L	I	F	Y	W	H	M	C	P
0	0.65666	0.00976	0.00889	0.13247	0.04770	0.05052	0.00694	0.01386	0.00862	0.01903	0.00698	0.00863	0.00544	0.00444	0.00334	0.00146	0.00438	0.00290	0.00274	0.00525
1	0.00868	0.00606	0.00733	0.00665	0.00853	0.00553	0.00502	0.01159	0.09298	0.08990	0.27524	0.17852	0.13978	0.00933	0.00518	0.00147	0.00286	0.00811	0.00458	0.13266
2	0.00574	0.00410	0.00547	0.00657	0.00684	0.00383	0.00438	0.00657	0.00903	0.01204	0.02599	0.83122	0.03119	0.01477	0.00602	0.00191	0.00274	0.01340	0.00438	0.00383
3	0.01201	0.00725	0.00823	0.00708	0.00936	0.00723	0.00562	0.14399	0.08786	0.16792	0.11234	0.02476	0.17654	0.00764	0.00475	0.00144	0.00328	0.02450	0.18230	0.00590
4	0.00594	0.00447	0.00550	0.00593	0.00677	0.00403	0.00419	0.00722	0.01060	0.01400	0.23243	0.41755	0.23883	0.01270	0.00578	0.00172	0.00251	0.01123	0.00459	0.00403
5	0.00819	0.00410	0.00614	0.00614	0.00614	0.00410	0.00410	0.00614	0.00614	0.00819	0.00819	0.01433	0.00819	0.01638	0.01843	0.86282	0.00410	0.00410	0.00205	0.00205
6	0.01764	0.02153	0.01344	0.01202	0.01458	0.73422	0.00910	0.09689	0.01425	0.01338	0.00770	0.00879	0.00627	0.00494	0.00430	0.00123	0.00817	0.00316	0.00266	0.00572
7	0.05671	0.00956	0.01010	0.00880	0.01146	0.01069	0.00693	0.13573	0.47755	0.05992	0.04680	0.01784	0.04575	0.00643	0.00462	0.00151	0.00372	0.00523	0.07369	0.00695
8	0.02509	0.00580	0.00744	0.00759	0.00887	0.00566	0.00588	0.06540	0.01099	0.12610	0.02244	0.36244	0.02400	0.05434	0.00669	0.00200	0.00364	0.22582	0.02495	0.00485
9	0.00580	0.00413	0.00545	0.00649	0.00675	0.00387	0.00430	0.00658	0.00892	0.01189	0.02541	0.78983	0.03046	0.05715	0.00695	0.00205	0.00283	0.01307	0.00430	0.00378
10	0.02108	0.00815	0.01102	0.00845	0.01210	0.00711	0.00698	0.04129	0.01370	0.78954	0.01843	0.01594	0.01158	0.00583	0.00474	0.00146	0.00404	0.00473	0.00581	0.00802
11	0.03219	0.00760	0.00885	0.00810	0.01027	0.00793	0.00645	0.06870	0.24292	0.15536	0.07779	0.09835	0.05346	0.00842	0.00509	0.00163	0.00360	0.12744	0.06973	0.00611
12	0.00686	0.00457	0.00514	0.00514	0.00514	0.00457	0.00286	0.00686	0.00686	0.00914	0.01486	0.03086	0.01714	0.83430	0.02400	0.00457	0.00457	0.00686	0.00286	0.00286
13	0.01792	0.01321	0.01415	0.01085	0.01462	0.01462	0.00896	0.78916	0.02217	0.02972	0.01132	0.01132	0.00802	0.00566	0.00472	0.00142	0.00519	0.00425	0.00472	0.00802
14	0.00562	0.00473	0.00488	0.00494	0.00642	0.00398	0.00367	0.00682	0.01070	0.01288	0.06943	0.10339	0.72228	0.01208	0.00561	0.00161	0.00241	0.01016	0.00440	0.00398
15	0.00670	0.00508	0.00624	0.00677	0.00805	0.00472	0.00559	0.00844	0.01090	0.01385	0.07820	0.06146	0.35101	0.01224	0.00599	0.00186	0.00333	0.38161	0.02377	0.00419
16	0.86760	0.00912	0.00693	0.00620	0.00912	0.01058	0.00511	0.01386	0.00802	0.02115	0.00657	0.00766	0.00511	0.00438	0.00292	0.00146	0.00365	0.00255	0.00292	0.00511
17	0.01541	0.00665	0.00868	0.00713	0.00937	0.00598	0.00538	0.01662	0.01117	0.48836	0.05771	0.02221	0.01527	0.29542	0.01151	0.00255	0.00412	0.00568	0.00476	0.00603
18	0.01027	0.00652	0.00714	0.00653	0.00819	0.00683	0.00493	0.05972	0.18468	0.07563	0.05640	0.04378	0.05428	0.10450	0.02441	0.00187	0.00338	0.00565	0.32997	0.00534
19	0.00890	0.00838	0.01414	0.82296	0.03247	0.01048	0.01309	0.01205	0.00943	0.01205	0.00838	0.01257	0.00629	0.00471	0.00471	0.00157	0.00629	0.00419	0.00210	0.00524
20	0.01173	0.01013	0.01066	0.00960	0.01226	0.01173	0.00746	0.02505	0.79636	0.01972	0.01919	0.01759	0.01439	0.00640	0.00480	0.00160	0.00373	0.00533	0.00480	0.00746
21	0.01672	0.00698	0.00942	0.00770	0.01046	0.00612	0.00613	0.01844	0.01277	0.57079	0.14200	0.11081	0.01916	0.03299	0.00561	0.00161	0.00361	0.00637	0.00548	0.00684
22	0.00983	0.00843	0.00980	0.00705	0.01120	0.00643	0.00564	0.01222	0.03038	0.01548	0.00866	0.00998	0.00718	0.00357	0.00353	0.00072	0.00350	0.00286	0.00285	0.84071
23	0.00946	0.02439	0.80987	0.01344	0.02041	0.01095	0.01742	0.01493	0.00995	0.01493	0.00846	0.00995	0.00597	0.00448	0.00448	0.00149	0.00697	0.00348	0.00199	0.00697
24	0.00628	0.00436	0.00545	0.00611	0.00631	0.00421	0.00394	0.00685	0.00825	0.01099	0.02149	0.47127	0.02537	0.34205	0.01323	0.00299	0.00355	0.05008	0.00377	0.00347
25	0.00603	0.00461	0.00519	0.00539	0.00626	0.00422	0.00369	0.00688	0.00925	0.01165	0.04537	0.19365	0.38804	0.23180	0.05455	0.00277	0.00359	0.00952	0.00389	0.00367
26	0.01041	0.00990	0.01365	0.04135	0.01282	0.01344	0.00983	0.05172	0.02813	0.01261	0.00749	0.01136	0.00700	0.00987	0.07234	0.00239	0.65910	0.00424	0.01706	0.00528
27	0.00790	0.00582	0.00714	0.00660	0.00806	0.00576	0.00501	0.01200	0.14785	0.03983	0.63110	0.03190	0.05447	0.00903	0.00541	0.00150	0.00253	0.00791	0.00512	0.00505
28	0.00574	0.00410	0.00547	0.00657	0.00684	0.00383	0.00438	0.00657	0.00903	0.01204	0.02599	0.83122	0.03119	0.01477	0.00602	0.00191	0.00274	0.01340	0.00438	0.00383
29	0.01042	0.01066	0.05436	0.45006	0.21153	0.04030	0.01272	0.02882	0.10691	0.01423	0.00984	0.01267	0.00757	0.00481	0.00468	0.00151	0.00590	0.00426	0.00254	0.00619
30	0.01377	0.01572	0.01433	0.01293	0.04258	0.35962	0.02539	0.03690	0.02673	0.01234	0.00724	0.00981	0.00643	0.00644	0.00952	0.00164	0.38700	0.00372	0.00237	0.00553
31	0.00831	0.00736	0.01059	0.00968	0.01016	0.00964	0.00783	0.00970	0.00742	0.01112	0.00980	0.01492	0.00933	0.02347	0.46452	0.00516	0.36938	0.00465	0.00232	0.00463
32	0.86760	0.00912	0.00693	0.00620	0.00912	0.01058	0.00511	0.01386	0.00802	0.02115	0.00657	0.00766	0.00511	0.00438	0.00292	0.00146	0.00365	0.00255	0.00292	0.00511
33	0.00614	0.00445	0.00545	0.00594	0.00647	0.00413	0.00393	0.00693	0.00903	0.01194	0.07574	0.45729	0.13470	0.21412	0.01027	0.00246	0.00312	0.01077	0.00402	0.02309
34	0.00713	0.00557	0.00815	0.00784	0.00853	0.00651	0.02142	0.00851	0.00755	0.01081	0.01274	0.04349	0.01261	0.15823	0.57901	0.00632	0.08337	0.00551	0.00259	0.00411
35	0.01012	0.01009	0.01395	0.01201	0.01227	0.03372	0.02689	0.01130	0.00750	0.01139	0.00700	0.01123	0.00683	0.01107	0.10336	0.00264	0.69719	0.00423	0.00213	0.00509
36	0.01792	0.01321	0.01415	0.01085	0.01462	0.01462	0.00896	0.78916	0.02217	0.02972	0.01132	0.01132	0.00802	0.00566	0.00472	0.00142	0.00519	0.00425	0.00472	0.00802
37	0.00625	0.00478	0.00573	0.00553	0.00679	0.00426	0.00413	0.00806	0.01229	0.01649	0.50862	0.06016	0.31856	0.01061	0.00558	0.00153	0.00230	0.00917	0.00487	0.00426
38	0.00879	0.00439	0.00439	0.00439	0.00549	0.00439	0.00330	0.01099	0.00989	0.01758	0.01538	0.01758	0.01209	0.00549	0.00330	0.00110	0.00220	0.00439	0.86047	0.00439
39	0.00722	0.00584	0.00638	0.00597	0.00749	0.02645	0.00453	0.04747	0.03473	0.01676	0.41293	0.03696	0.34952	0.01016	0.00547	0.00152	0.00265	0.00866	0.00475	0.00455
40	0.01046	0.00929	0.01010	0.00748	0.01148	0.04695	0.00595	0.02896	0.05978	0.01574	0.00907	0.01024	0.00743	0.00379	0.00364	0.00080	0.00379	0.00300	0.00294	0.74914

[dist]
# distance from previous block
# <min> <max>
1	95

[block]
# block no. 2 follows, 54 sequences, length 85
# corresponding to MSA columns:
# 268-352
name=unknown_C
#
# <colnr> <probs for GDERKNQSTAVLIFYWHMCP>
#	G	D	E	R	K	N	Q	S	T	A	V	L	I	F	Y	W	H	M	C	P
0	0.00577	0.00474	0.00510	0.00516	0.00651	0.00416	0.00380	0.00694	0.01027	0.01254	0.06260	0.09830	0.62897	0.05472	0.06717	0.00221	0.00328	0.00964	0.00419	0.00394
1	0.00916	0.01962	0.59412	0.01238	0.03239	0.00989	0.01456	0.01448	0.06888	0.01504	0.02411	0.08679	0.01097	0.00622	0.00481	0.00159	0.00606	0.05980	0.00264	0.00651
2	0.01121	0.06451	0.02250	0.01602	0.01953	0.01172	0.50055	0.01415	0.01032	0.05669	0.01045	0.03104	0.00883	0.04650	0.00777	0.00179	0.12728	0.03055	0.00263	0.00596
3	0.01300	0.77244	0.02381	0.00839	0.01230	0.08192	0.00815	0.01449	0.00988	0.01113	0.00661	0.00764	0.00605	0.00410	0.00312	0.00102	0.00532	0.00256	0.00205	0.00600
4	0.00974	0.00883	0.01437	0.41732	0.22861	0.01008	0.02525	0.01251	0.00976	0.01374	0.02040	0.01299	0.00782	0.00494	0.00530	0.00148	0.06386	0.00426	0.09951	0.02921
5	0.00667	0.00482	0.00630	0.00593	0.00704	0.00445	0.00445	0.00890	0.01335	0.01891	0.80239	0.03522	0.04449	0.00964	0.00556	0.00148	0.00222	0.00853	0.00519	0.00445
6	0.01652	0.01100	0.01196	0.00937	0.01262	0.01188	0.00768	0.56194	0.01894	0.10811	0.01285	0.01300	0.00917	0.00565	0.00445	0.00136	0.00450	0.00432	0.16736	0.00733
7	0.80422	0.00904	0.00723	0.00636	0.00934	0.01030	0.00524	0.01454	0.00843	0.08008	0.00747	0.00829	0.00560	0.00449	0.00305	0.00146	0.00367	0.00272	0.00314	0.00532
8	0.00684	0.00459	0.00524	0.00521	0.00530	0.00456	0.00299	0.00702	0.00738	0.00993	0.07850	0.03121	0.01935	0.76766	0.02251	0.00432	0.00438	0.00699	0.00305	0.00299
9	0.00819	0.00410	0.00614	0.00614	0.00614	0.00410	0.00410	0.00614	0.00614	0.00819	0.00819	0.01433	0.00819	0.01638	0.01843	0.86282	0.00410	0.00410	0.00205	0.00205
10	0.01222	0.01023	0.01086	0.00956	0.01228	0.01171	0.00749	0.11556	0.66492	0.02088	0.05719	0.01772	0.01513	0.00647	0.00483	0.00157	0.00383	0.00536	0.00481	0.00738
11	0.00828	0.00429	0.00605	0.00603	0.00619	0.00433	0.00406	0.00708	0.02577	0.00939	0.00938	0.01533	0.00904	0.04547	0.01689	0.72930	0.00393	0.00426	0.08253	0.00243
12	0.00688	0.00491	0.00672	0.00769	0.00847	0.00479	0.00617	0.00855	0.01032	0.01364	0.08045	0.31902	0.02956	0.03004	0.00663	0.00208	0.00364	0.44191	0.00438	0.00414
13	0.00686	0.00457	0.00514	0.00514	0.00514	0.00457	0.00286	0.00686	0.00686	0.00914	0.01486	0.03086	0.01714	0.83430	0.02400	0.00457	0.00457	0.00686	0.00286	0.00286
14	0.00866	0.00535	0.00700	0.00633	0.00780	0.00492	0.00483	0.01106	0.02983	0.12118	0.68438	0.03237	0.03960	0.00908	0.00544	0.00148	0.00249	0.00797	0.00527	0.00498
15	0.00574	0.00410	0.00547	0.00657	0.00684	0.00383	0.00438	0.00657	0.00903	0.01204	0.02599	0.83122	0.03119	0.01477	0.00602	0.00191	0.00274	0.01340	0.00438	0.00383
16	0.01792	0.01321	0.01415	0.01085	0.01462	0.01462	0.00896	0.78916	0.02217	0.02972	0.01132	0.01132	0.00802	0.00566	0.00472	0.00142	0.00519	0.00425	0.00472	0.00802
17	0.01167	0.01120	0.01914	0.02894	0.80488	0.01120	0.01447	0.01447	0.01074	0.01540	0.00887	0.01167	0.00747	0.00420	0.00467	0.00140	0.00560	0.00420	0.00233	0.00747
18	0.00580	0.00426	0.00544	0.00625	0.00679	0.00390	0.00427	0.00679	0.00964	0.01271	0.09327	0.65072	0.14501	0.01393	0.00592	0.00183	0.00264	0.01250	0.00444	0.00390
19	0.00946	0.00811	0.00940	0.00682	0.01081	0.00611	0.00544	0.01149	0.00985	0.01517	0.01133	0.01244	0.06658	0.00412	0.00365	0.00077	0.00341	0.00333	0.00291	0.79879
20	0.00946	0.02439	0.80987	0.01344	0.02041	0.01095	0.01742	0.01493	0.00995	0.01493	0.00846	0.00995	0.00597	0.00448	0.00448	0.00149	0.00697	0.00348	0.00199	0.00697
21	0.00582	0.00414	0.00545	0.00646	0.00672	0.00388	0.00427	0.00659	0.00887	0.01183	0.02520	0.77425	0.03019	0.07311	0.00730	0.00210	0.00287	0.01294	0.00427	0.00376
22	0.86760	0.00912	0.00693	0.00620	0.00912	0.01058	0.00511	0.01386	0.00802	0.02115	0.00657	0.00766	0.00511	0.00438	0.00292	0.00146	0.00365	0.00255	0.00292	0.00511
23	0.01261	0.83713	0.02471	0.00807	0.01210	0.01866	0.00807	0.01412	0.00958	0.01109	0.00656	0.00756	0.00605	0.00403	0.00303	0.00101	0.00504	0.00252	0.00202	0.00605
24	0.01173	0.01013	0.01066	0.00960	0.01226	0.01173	0.00746	0.02505	0.79636	0.01972	0.01919	0.01759	0.01439	0.00640	0.00480	0.00160	0.00373	0.00533	0.00480	0.00746
25	0.00603	0.00475	0.00545	0.00542	0.00672	0.00417	0.00404	0.00759	0.01156	0.01497	0.32324	0.10835	0.44496	0.01135	0.00562	0.00159	0.00239	0.02299	0.00468	0.00415
26	0.00683	0.00456	0.00515	0.00518	0.00518	0.00455	0.00289	0.00685	0.00691	0.00921	0.01513	0.05035	0.01748	0.81434	0.02356	0.00451	0.00453	0.00702	0.00289	0.00288
27	0.00561	0.00478	0.00483	0.00482	0.00639	0.00400	0.00361	0.00685	0.01084	0.01296	0.07549	0.04500	0.77510	0.01186	0.00557	0.00159	0.00238	0.00990	0.00441	0.00400
28	0.00663	0.00482	0.00624	0.00589	0.00702	0.00443	0.00442	0.00882	0.01325	0.01867	0.77348	0.03561	0.07355	0.00973	0.00556	0.00149	0.00223	0.00858	0.00516	0.00443
29	0.00574	0.00410	0.00547	0.00657	0.00684	0.00383	0.00438	0.00657	0.00903	0.01204	0.02599	0.83122	0.03119	0.01477	0.00602	0.00191	0.00274	0.01340	0.00438	0.00383
30	0.00890	0.00838	0.01414	0.82296	0.03247	0.01048	0.01309	0.01205	0.00943	0.01205	0.00838	0.01257	0.00629	0.00471	0.00471	0.00157	0.00629	0.00419	0.00210	0.00524
31	0.01167	0.01120	0.01914	0.02894	0.80488	0.01120	0.01447	0.01447	0.01074	0.01540	0.00887	0.01167	0.00747	0.00420	0.00467	0.00140	0.00560	0.00420	0.00233	0.00747
32	0.01119	0.01255	0.02688	0.02085	0.10914	0.01185	0.70401	0.01503	0.01109	0.01514	0.00947	0.01261	0.00719	0.00400	0.00547	0.00157	0.00769	0.00542	0.00238	0.00648
33	0.01031	0.00874	0.01050	0.08207	0.01338	0.00729	0.00653	0.07009	0.01067	0.01613	0.00860	0.01015	0.00700	0.00377	0.00370	0.00083	0.00387	0.00303	0.00287	0.72045
34	0.00574	0.00410	0.00547	0.00657	0.00684	0.00383	0.00438	0.00657	0.00903	0.01204	0.02599	0.83122	0.03119	0.01477	0.00602	0.00191	0.00274	0.01340	0.00438	0.00383
35	0.00557	0.00478	0.00478	0.00478	0.00637	0.00398	0.00358	0.00677	0.01075	0.01274	0.04776	0.04538	0.80297	0.01194	0.00557	0.00159	0.00239	0.00995	0.00438	0.00398
36	0.00684	0.00459	0.00523	0.00520	0.00528	0.00456	0.00298	0.00701	0.00734	0.00987	0.07382	0.03118	0.01919	0.77255	0.02262	0.00434	0.00440	0.00698	0.00303	0.00298
37	0.00574	0.00410	0.00547	0.00657	0.00684	0.00383	0.00438	0.00657	0.00903	0.01204	0.02599	0.83122	0.03119	0.01477	0.00602	0.00191	0.00274	0.01340	0.00438	0.00383
38	0.01032	0.01032	0.01444	0.01238	0.01238	0.01444	0.01032	0.01135	0.00722	0.01135	0.00619	0.01032	0.00619	0.00825	0.01547	0.00206	0.82567	0.00413	0.00206	0.00516
39	0.00810	0.00413	0.00607	0.00607	0.00607	0.00413	0.00401	0.00619	0.00619	0.00826	0.00866	0.01551	0.00883	0.07460	0.01882	0.80173	0.00413	0.00429	0.00211	0.00211
40	0.00674	0.00505	0.00758	0.00758	0.00842	0.00589	0.00589	0.00842	0.00758	0.01095	0.01263	0.01852	0.01179	0.03536	0.81561	0.00758	0.01263	0.00505	0.00253	0.00421
41	0.01032	0.01032	0.01444	0.01238	0.01238	0.01444	0.01032	0.01135	0.00722	0.01135	0.00619	0.01032	0.00619	0.00825	0.01547	0.00206	0.82567	0.00413	0.00206	0.00516
42	0.01032	0.01032	0.01444	0.01238	0.01238	0.01444	0.01032	0.01135	0.00722	0.01135	0.00619	0.01032	0.00619	0.00825	0.01547	0.00206	0.82567	0.00413	0.00206	0.00516
43	0.00607	0.00483	0.00517	0.00523	0.00672	0.00413	0.00395	0.00735	0.01082	0.02979	0.08319	0.10056	0.65390	0.01195	0.00563	0.00164	0.00254	0.04796	0.00445	0.00410
44	0.01173	0.01013	0.01066	0.00960	0.01226	0.01173	0.00746	0.02505	0.79636	0.01972	0.01919	0.01759	0.01439	0.00640	0.00480	0.00160	0.00373	0.00533	0.00480	0.00746
45	0.00667	0.00482	0.00630	0.00593	0.00704	0.00445	0.00445	0.00890	0.01335	0.01891	0.80239	0.03522	0.04449	0.00964	0.00556	0.00148	0.00222	0.00853	0.00519	0.00445
46	0.00582	0.00421	0.00547	0.00636	0.00678	0.00390	0.00429	0.00675	0.00942	0.01252	0.08266	0.69967	0.08964	0.03063	0.00631	0.00191	0.00271	0.01267	0.00440	0.00387
47	0.00597	0.00439	0.00573	0.00659	0.00717	0.00416	0.00468	0.00703	0.00933	0.01225	0.02792	0.58776	0.13661	0.01576	0.06662	0.00232	0.00358	0.08397	0.00424	0.00393
48	0.00674	0.00502	0.00740	0.00740	0.00819	0.00580	0.00568	0.00831	0.00753	0.01082	0.01279	0.01940	0.01217	0.09223	0.75926	0.00736	0.01206	0.00518	0.00255	0.00411
49	0.01663	0.01162	0.01270	0.01011	0.01355	0.01274	0.00823	0.48631	0.21520	0.12668	0.01430	0.01360	0.01015	0.00586	0.00472	0.00146	0.00462	0.00458	0.01910	0.00782
50	0.00819	0.00410	0.00614	0.00614	0.00614	0.00410	0.00410	0.00614	0.00614	0.00819	0.00819	0.01433	0.00819	0.01638	0.01843	0.86282	0.00410	0.00410	0.00205	0.00205
51	0.00710	0.00508	0.00622	0.00607	0.00620	0.00552	0.00389	0.00744	0.00700	0.00959	0.01386	0.02738	0.01548	0.64695	0.14770	0.00486	0.06731	0.00637	0.00275	0.00324
52	0.01785	0.01239	0.01353	0.01048	0.01416	0.01353	0.00862	0.64667	0.07628	0.11851	0.01272	0.01231	0.00889	0.00573	0.00473	0.00143	0.00495	0.00438	0.00485	0.00798
53	0.00675	0.00501	0.00736	0.00736	0.00812	0.00577	0.00562	0.00828	0.00751	0.01078	0.01283	0.01964	0.01227	0.10803	0.74361	0.00730	0.01190	0.00522	0.00256	0.00409
54	0.01388	0.01039	0.01190	0.01115	0.07383	0.01146	0.00822	0.16264	0.47862	0.11637	0.01705	0.01678	0.01272	0.00621	0.00481	0.00155	0.00419	0.02599	0.00471	0.00755
55	0.00918	0.02287	0.74964	0.01292	0.01939	0.01042	0.01644	0.01431	0.00989	0.01472	0.00977	0.07145	0.00786	0.00525	0.00459	0.00152	0.00665	0.00423	0.00217	0.00673
56	0.00712	0.00547	0.00773	0.00768	0.00855	0.00634	0.00589	0.00948	0.06379	0.01159	0.01401	0.07960	0.01350	0.06472	0.64172	0.00645	0.03343	0.00575	0.00283	0.00438
57	0.01190	0.00981	0.01040	0.00926	0.01193	0.01113	0.00723	0.06160	0.67240	0.04654	0.02092	0.01931	0.07303	0.00676	0.00485	0.00158	0.00371	0.00560	0.00480	0.00725
58	0.08337	0.00997	0.01179	0.00911	0.01275	0.00996	0.00752	0.29726	0.01620	0.46986	0.01509	0.01372	0.00987	0.00566	0.00460	0.00144	0.00441	0.00440	0.00522	0.00780
59	0.01584	0.01192	0.01286	0.01019	0.01359	0.01306	0.00827	0.59462	0.12214	0.02643	0.01325	0.07043	0.01045	0.00630	0.00476	0.00144	0.00474	0.00497	0.00461	0.05016
60	0.02092	0.00839	0.01117	0.00856	0.01222	0.00748	0.00707	0.07752	0.01411	0.75274	0.01808	0.01571	0.01141	0.00582	0.00474	0.00146	0.00410	0.00471	0.00576	0.00802
61	0.00890	0.00838	0.01414	0.82296	0.03247	0.01048	0.01309	0.01205	0.00943	0.01205	0.00838	0.01257	0.00629	0.00471	0.00471	0.00157	0.00629	0.00419	0.00210	0.00524
62	0.00819	0.00410	0.00614	0.00614	0.00614	0.00410	0.00410	0.00614	0.00614	0.00819	0.00819	0.01433	0.00819	0.01638	0.01843	0.86282	0.00410	0.00410	0.00205	0.00205
63	0.00683	0.00468	0.00572	0.00572	0.00592	0.00488	0.00357	0.00723	0.00703	0.00957	0.01433	0.02794	0.01588	0.64543	0.21113	0.00528	0.00648	0.00643	0.00278	0.00318
64	0.00646	0.00518	0.00582	0.00559	0.00706	0.00472	0.00421	0.00894	0.06773	0.01575	0.35284	0.03927	0.43816	0.01061	0.00551	0.00155	0.00242	0.00904	0.00474	0.00442
65	0.00667	0.00482	0.00630	0.00593	0.00704	0.00445	0.00445	0.00890	0.01335	0.01891	0.80239	0.03522	0.04449	0.00964	0.00556	0.00148	0.00222	0.00853	0.00519	0.00445
66	0.00751	0.00538	0.00747	0.00846	0.00955	0.00535	0.00735	0.00966	0.01098	0.01432	0.06414	0.05211	0.04595	0.01283	0.00644	0.00212	0.00419	0.71747	0.00438	0.00434
67	0.01761	0.02247	0.01336	0.01215	0.01458	0.81537	0.00911	0.01883	0.01336	0.01154	0.00729	0.00850	0.00607	0.00486	0.00425	0.00121	0.00850	0.00304	0.00243	0.00547
68	0.00674	0.00502	0.00744	0.00744	0.00823	0.00582	0.00572	0.00833	0.00754	0.01084	0.01276	0.01924	0.01210	0.08171	0.76969	0.00740	0.01216	0.00516	0.00255	0.00413
69	0.00857	0.00498	0.00519	0.00505	0.00600	0.00508	0.00354	0.03173	0.04849	0.01553	0.01604	0.02178	0.03124	0.23963	0.00930	0.00212	0.00303	0.00526	0.53325	0.00420
70	0.00662	0.00482	0.00623	0.00587	0.00701	0.00443	0.00441	0.00879	0.01322	0.01860	0.76488	0.03573	0.08220	0.00975	0.00556	0.00149	0.00223	0.00860	0.00515	0.00443
71	0.01032	0.01032	0.01444	0.01238	0.01238	0.01444	0.01032	0.01135	0.00722	0.01135	0.00619	0.01032	0.00619	0.00825	0.01547	0.00206	0.82567	0.00413	0.00206	0.00516
72	0.01819	0.01279	0.01389	0.01065	0.01441	0.01400	0.00880	0.72712	0.02147	0.09275	0.01191	0.01170	0.00831	0.00567	0.00472	0.00142	0.00509	0.00429	0.00481	0.00802
73	0.00685	0.00472	0.00594	0.00599	0.00702	0.00431	0.00444	0.00796	0.01079	0.03199	0.29108	0.14386	0.24900	0.01214	0.00756	0.12743	0.00282	0.06780	0.00434	0.00395
74	0.00760	0.00543	0.00760	0.00868	0.00977	0.00543	0.00760	0.00977	0.01085	0.01411	0.02496	0.05319	0.02714	0.01303	0.00651	0.00217	0.00434	0.77315	0.00434	0.00434
75	0.00674	0.00505	0.00758	0.00758	0.00842	0.00589	0.00589	0.00842	0.00758	0.01095	0.01263	0.01852	0.01179	0.03536	0.81561	0.00758	0.01263	0.00505	0.00253	0.00421
76	0.03507	0.01235	0.01312	0.01043	0.01391	0.01381	0.00850	0.58093	0.21554	0.02703	0.01318	0.01281	0.00955	0.00582	0.00470	0.00146	0.00479	0.00448	0.00470	0.00782
77	0.00674	0.00505	0.00758	0.00758	0.00842	0.00589	0.00589	0.00842	0.00758	0.01095	0.01263	0.01852	0.01179	0.03536	0.81561	0.00758	0.01263	0.00505	0.00253	0.00421
78	0.00674	0.00503	0.00748	0.00748	0.00829	0.00584	0.00577	0.00836	0.00755	0.01087	0.01272	0.01903	0.01201	0.06791	0.78336	0.00746	0.01230	0.00513	0.00254	0.00415
79	0.03559	0.00819	0.01085	0.00844	0.01200	0.00734	0.00694	0.02296	0.06912	0.73798	0.01843	0.01601	0.01175	0.00585	0.00471	0.00147	0.00399	0.00474	0.00571	0.00793
80	0.00614	0.00442	0.00576	0.00659	0.00706	0.00417	0.00449	0.02817	0.00975	0.01305	0.08421	0.73157	0.04884	0.01407	0.00594	0.00186	0.00276	0.01271	0.00445	0.00399
81	0.01015	0.00956	0.01606	0.32535	0.44190	0.01031	0.01303	0.01301	0.01043	0.01434	0.06670	0.01434	0.02462	0.00493	0.00477	0.00147	0.00555	0.00462	0.00249	0.00635
82	0.01983	0.00916	0.01147	0.00883	0.01241	0.00874	0.00728	0.21373	0.01551	0.58040	0.01665	0.01493	0.01078	0.00578	0.00467	0.00143	0.00423	0.00460	0.04170	0.00787
83	0.00889	0.00571	0.00785	0.00850	0.00979	0.00562	0.00727	0.02809	0.01112	0.08401	0.02388	0.10674	0.02531	0.01242	0.00649	0.01743	0.00421	0.61756	0.00444	0.00467
84	0.37841	0.00956	0.01260	0.30753	0.11383	0.02320	0.06491	0.01344	0.00916	0.01657	0.00772	0.01030	0.00598	0.00446	0.00399	0.00150	0.00522	0.00357	0.00250	0.00553

[dist]
# distance from previous block
# <min> <max>
0	2

[block]
# block no. 3 follows, 54 sequences, length 33
# corresponding to MSA columns:
# 355-387
name=unknown_D
#
# <colnr> <probs for GDERKNQSTAVLIFYWHMCP>
#	G	D	E	R	K	N	Q	S	T	A	V	L	I	F	Y	W	H	M	C	P
0	0.00716	0.00547	0.00801	0.02521	0.07392	0.00600	0.00599	0.00859	0.00799	0.01127	0.03924	0.06143	0.01448	0.19858	0.49863	0.00583	0.00939	0.00587	0.00275	0.00420
1	0.01301	0.01194	0.01451	0.21545	0.14689	0.11518	0.02990	0.23324	0.01356	0.01758	0.00946	0.01202	0.00749	0.01940	0.05667	0.00187	0.04026	0.00414	0.00299	0.03444
2	0.00938	0.00795	0.00931	0.00702	0.01071	0.00618	0.00551	0.01169	0.03519	0.01513	0.01074	0.10384	0.00999	0.00487	0.00382	0.00087	0.00341	0.00409	0.00304	0.73724
3	0.01034	0.00850	0.00993	0.00713	0.01129	0.00653	0.00572	0.03281	0.01022	0.04024	0.00877	0.01001	0.00716	0.00362	0.00356	0.00074	0.00355	0.00289	0.00294	0.81403
4	0.01040	0.00985	0.01642	0.39297	0.41023	0.01089	0.01349	0.01389	0.04938	0.01408	0.00916	0.01238	0.00727	0.00455	0.00470	0.00149	0.00582	0.00425	0.00235	0.00644
5	0.08704	0.00860	0.01207	0.05470	0.03393	0.03973	0.13225	0.09035	0.01065	0.10763	0.02360	0.01799	0.01090	0.13473	0.01034	0.16458	0.00517	0.04747	0.00321	0.00505
6	0.00653	0.00498	0.00550	0.00552	0.00657	0.00459	0.00387	0.03691	0.01015	0.01283	0.08545	0.13959	0.40107	0.22222	0.01033	0.00240	0.00314	0.03042	0.00406	0.00387
7	0.01979	0.00937	0.01171	0.00895	0.01266	0.00887	0.00739	0.21867	0.01554	0.57167	0.01626	0.01454	0.01052	0.00568	0.00468	0.00141	0.00429	0.00452	0.00541	0.04806
8	0.00754	0.00539	0.00753	0.00862	0.00968	0.00538	0.00750	0.00967	0.01080	0.01405	0.02500	0.07767	0.02726	0.01308	0.00650	0.00216	0.00429	0.74924	0.00434	0.00433
9	0.00716	0.00516	0.00635	0.00650	0.00765	0.00489	0.00489	0.00945	0.06182	0.04092	0.25513	0.22833	0.18992	0.04112	0.00639	0.00182	0.00290	0.11053	0.00463	0.00445
10	0.00565	0.00478	0.00489	0.00486	0.00642	0.00402	0.00365	0.00693	0.01094	0.01320	0.10395	0.04462	0.74650	0.01177	0.00557	0.00158	0.00238	0.00985	0.00444	0.00402
11	0.01173	0.01013	0.01066	0.00960	0.01226	0.01173	0.00746	0.02505	0.79636	0.01972	0.01919	0.01759	0.01439	0.00640	0.00480	0.00160	0.00373	0.00533	0.00480	0.00746
12	0.07076	0.00993	0.01078	0.00897	0.01187	0.01080	0.00718	0.27944	0.24868	0.12813	0.04382	0.01744	0.03819	0.04210	0.00551	0.00163	0.00416	0.02091	0.03272	0.00699
13	0.00724	0.00497	0.00626	0.00691	0.00766	0.00489	0.00505	0.06139	0.01032	0.01426	0.02351	0.55462	0.02660	0.01273	0.00567	0.00182	0.00308	0.12811	0.11065	0.00427
14	0.01113	0.01272	0.02782	0.01987	0.02464	0.01192	0.78776	0.01510	0.01113	0.01510	0.00954	0.01272	0.00715	0.00397	0.00556	0.00159	0.00795	0.00556	0.00238	0.00636
15	0.00572	0.00419	0.00538	0.00633	0.00678	0.00385	0.00427	0.00659	0.00925	0.01213	0.02881	0.72923	0.13135	0.01440	0.00596	0.00187	0.00269	0.01296	0.00438	0.00385
16	0.03043	0.00763	0.00905	0.00808	0.01036	0.00780	0.00628	0.05640	0.24267	0.23646	0.07437	0.18987	0.03975	0.00844	0.00507	0.00161	0.00351	0.02822	0.02763	0.00637
17	0.01113	0.01272	0.02782	0.01987	0.02464	0.01192	0.78776	0.01510	0.01113	0.01510	0.00954	0.01272	0.00715	0.00397	0.00556	0.00159	0.00795	0.00556	0.00238	0.00636
18	0.00760	0.00543	0.00760	0.00868	0.00977	0.00543	0.00760	0.00977	0.01085	0.01411	0.02496	0.05319	0.02714	0.01303	0.00651	0.00217	0.00434	0.77315	0.00434	0.00434
19	0.00619	0.00478	0.00565	0.00549	0.00676	0.00424	0.00409	0.00795	0.01213	0.01615	0.46774	0.06798	0.35230	0.01076	0.00558	0.00154	0.00231	0.00928	0.00483	0.00424
20	0.00630	0.00495	0.00564	0.00552	0.00684	0.00447	0.00411	0.00824	0.03722	0.01513	0.33031	0.06169	0.41218	0.05282	0.00651	0.00172	0.00253	0.02498	0.00462	0.00422
21	0.83772	0.00908	0.00707	0.00628	0.00922	0.01045	0.00517	0.01418	0.00822	0.04894	0.00699	0.00796	0.00534	0.00443	0.00298	0.00146	0.00366	0.00263	0.00302	0.00521
22	0.00977	0.00513	0.00536	0.00507	0.00640	0.00518	0.00382	0.04165	0.03815	0.05791	0.01550	0.01792	0.01224	0.04695	0.00451	0.00132	0.00258	0.00456	0.71123	0.00475
23	0.08662	0.00716	0.00866	0.00737	0.00979	0.00691	0.00574	0.01707	0.10496	0.37113	0.06211	0.06766	0.06278	0.09084	0.01913	0.02576	0.00381	0.00585	0.03049	0.00617
24	0.00661	0.00493	0.00553	0.00530	0.00683	0.00426	0.00400	0.00815	0.01169	0.04955	0.28630	0.04086	0.52726	0.01094	0.00553	0.00155	0.00241	0.00927	0.00470	0.00431
25	0.01676	0.02069	0.01297	0.01178	0.01424	0.69913	0.00887	0.01973	0.12661	0.01272	0.00901	0.00982	0.00728	0.00508	0.00433	0.00127	0.00781	0.00337	0.00277	0.00575
26	0.04989	0.00499	0.00558	0.00556	0.00690	0.00461	0.00417	0.00784	0.01079	0.01442	0.22364	0.09016	0.42357	0.04333	0.05775	0.00209	0.00323	0.03304	0.00433	0.00413
27	0.00998	0.00589	0.00778	0.02954	0.00862	0.00616	0.00530	0.07751	0.09361	0.05266	0.04538	0.03341	0.01107	0.01318	0.01385	0.57064	0.00410	0.00468	0.00296	0.00369
28	0.03387	0.00841	0.01083	0.00850	0.01193	0.00779	0.00696	0.07282	0.08195	0.63548	0.05712	0.01668	0.01319	0.00604	0.00475	0.00147	0.00397	0.00491	0.00559	0.00775
29	0.00996	0.00790	0.01079	0.05316	0.01182	0.04891	0.04438	0.01157	0.00894	0.10304	0.01362	0.04812	0.05088	0.04138	0.32984	0.00413	0.18829	0.00531	0.00294	0.00501
30	0.11904	0.03772	0.02156	0.01568	0.01962	0.07422	0.50635	0.02636	0.01068	0.01530	0.00920	0.01208	0.00723	0.00709	0.08170	0.00208	0.00769	0.00478	0.00250	0.01912
31	0.00658	0.00483	0.00667	0.00687	0.00757	0.00520	0.00509	0.00788	0.00822	0.01135	0.04335	0.14018	0.06771	0.15579	0.45633	0.00544	0.00854	0.04532	0.00314	0.00394
32	0.00609	0.00455	0.00580	0.00638	0.00716	0.00417	0.00450	0.00723	0.00967	0.01288	0.09249	0.54126	0.14766	0.01439	0.04626	0.00207	0.00322	0.03833	0.00428	0.04159

[dist]
# distance from previous block
# <min> <max>
0	5

[block]
# block no. 4 follows, 54 sequences, length 39
# corresponding to MSA columns:
# 402-429,459-469
name=unknown_E
#
# <colnr> <probs for GDERKNQSTAVLIFYWHMCP>
#	G	D	E	R	K	N	Q	S	T	A	V	L	I	F	Y	W	H	M	C	P
0	0.04180	0.01003	0.01556	0.13469	0.06106	0.04513	0.20540	0.08938	0.01182	0.06923	0.09812	0.05278	0.04623	0.00713	0.03020	0.00175	0.06493	0.00562	0.00328	0.00587
1	0.01262	0.15144	0.29279	0.01116	0.02609	0.01210	0.04010	0.16419	0.02358	0.07702	0.02399	0.01096	0.00781	0.00480	0.00450	0.00132	0.02340	0.00371	0.00302	0.10542
2	0.00890	0.00465	0.00494	0.00530	0.03513	0.00465	0.00371	0.01112	0.00992	0.01750	0.01514	0.01736	0.01191	0.00545	0.00335	0.00111	0.00232	0.00439	0.82865	0.00451
3	0.05386	0.01249	0.01395	0.05733	0.04536	0.17399	0.02373	0.03000	0.00916	0.01252	0.00711	0.01043	0.00648	0.00811	0.04694	0.00203	0.47497	0.00391	0.00228	0.00535
4	0.00691	0.00531	0.00562	0.00537	0.00699	0.02012	0.00407	0.00836	0.01152	0.05782	0.21129	0.04081	0.57709	0.01096	0.00550	0.00155	0.00256	0.00922	0.00460	0.00433
5	0.01590	0.01220	0.01301	0.01044	0.01385	0.01368	0.00847	0.53970	0.27493	0.02645	0.01389	0.01337	0.01010	0.00590	0.00474	0.00148	0.00471	0.00460	0.00474	0.00784
6	0.01028	0.02606	0.04526	0.25320	0.04538	0.06113	0.11824	0.03171	0.04013	0.01456	0.06872	0.01495	0.01058	0.00527	0.00509	0.00140	0.03816	0.03520	0.00278	0.17190
7	0.00836	0.00679	0.00827	0.05497	0.04560	0.00719	0.00626	0.01328	0.23830	0.01516	0.11625	0.12730	0.12213	0.12001	0.00788	0.00207	0.00366	0.08721	0.00417	0.00514
8	0.01730	0.02183	0.01304	0.01187	0.01425	0.78649	0.00890	0.01855	0.01324	0.01175	0.00758	0.00883	0.00629	0.00488	0.00422	0.00121	0.00828	0.00309	0.03299	0.00543
9	0.00702	0.00533	0.00583	0.00555	0.00718	0.00475	0.00420	0.05077	0.01187	0.04311	0.18476	0.08288	0.54757	0.01110	0.00552	0.00157	0.00259	0.00937	0.00460	0.00443
10	0.01148	0.01120	0.01589	0.10400	0.42497	0.07311	0.02572	0.03071	0.10734	0.01514	0.01207	0.01492	0.04416	0.00548	0.00548	0.00151	0.05968	0.02766	0.00280	0.00667
11	0.00612	0.00432	0.00540	0.00609	0.00640	0.00410	0.00397	0.00678	0.00864	0.01144	0.03987	0.52034	0.07281	0.24982	0.01116	0.00266	0.00327	0.02928	0.00396	0.00358
12	0.15846	0.01253	0.01296	0.01008	0.01371	0.01395	0.00832	0.66092	0.01983	0.02830	0.01053	0.01071	0.00754	0.00545	0.00442	0.00142	0.00493	0.00397	0.00442	0.00754
13	0.00712	0.00504	0.00590	0.00614	0.00718	0.00471	0.00439	0.03321	0.02672	0.04483	0.03078	0.33703	0.28615	0.11124	0.00788	0.00208	0.00307	0.05093	0.02144	0.00418
14	0.01625	0.00744	0.00966	0.00814	0.01089	0.00690	0.00646	0.03366	0.10184	0.50686	0.02081	0.18120	0.03344	0.00800	0.00507	0.00159	0.00372	0.02581	0.00533	0.00694
15	0.00725	0.00530	0.00712	0.00804	0.00918	0.00517	0.00691	0.00924	0.01080	0.01385	0.02845	0.06987	0.14515	0.01290	0.00636	0.00208	0.00401	0.63969	0.00435	0.00428
16	0.00674	0.00505	0.00758	0.00758	0.00842	0.00589	0.00589	0.00842	0.00758	0.01095	0.01263	0.01852	0.01179	0.03536	0.81561	0.00758	0.01263	0.00505	0.00253	0.00421
17	0.00713	0.00471	0.00551	0.00558	0.00580	0.00465	0.00336	0.01955	0.00787	0.02682	0.04839	0.16777	0.02039	0.63043	0.01947	0.00388	0.00416	0.00796	0.00330	0.00328
18	0.01792	0.01321	0.01415	0.01085	0.01462	0.01462	0.00896	0.78916	0.02217	0.02972	0.01132	0.01132	0.00802	0.00566	0.00472	0.00142	0.00519	0.00425	0.00472	0.00802
19	0.00674	0.00505	0.00758	0.00758	0.00842	0.00589	0.00589	0.00842	0.00758	0.01095	0.01263	0.01852	0.01179	0.03536	0.81561	0.00758	0.01263	0.00505	0.00253	0.00421
20	0.00673	0.00452	0.00518	0.00531	0.00534	0.00448	0.00303	0.00682	0.00711	0.00948	0.01616	0.12457	0.01879	0.73834	0.02189	0.00426	0.00436	0.00762	0.00303	0.00297
21	0.00704	0.00492	0.00621	0.00586	0.00712	0.00445	0.00440	0.00903	0.01279	0.04904	0.62220	0.06180	0.16739	0.01003	0.00555	0.00151	0.00234	0.00877	0.00506	0.00449
22	0.00574	0.00410	0.00547	0.00657	0.00684	0.00383	0.00438	0.00657	0.00903	0.01204	0.02599	0.83122	0.03119	0.01477	0.00602	0.00191	0.00274	0.01340	0.00438	0.00383
23	0.00686	0.00457	0.00514	0.00514	0.00514	0.00457	0.00286	0.00686	0.00686	0.00914	0.01486	0.03086	0.01714	0.83430	0.02400	0.00457	0.00457	0.00686	0.00286	0.00286
24	0.05752	0.00785	0.01036	0.00814	0.01148	0.00700	0.00665	0.03735	0.01325	0.68144	0.06132	0.04903	0.01388	0.00633	0.00476	0.00148	0.00387	0.00519	0.00559	0.00753
25	0.00952	0.00917	0.01579	0.61776	0.14246	0.01086	0.06483	0.01257	0.00963	0.01270	0.00843	0.01235	0.00651	0.00475	0.00526	0.00157	0.04379	0.00428	0.00215	0.00563
26	0.00680	0.00455	0.00516	0.00522	0.00524	0.00453	0.00294	0.00684	0.00698	0.00930	0.01547	0.07488	0.01791	0.78922	0.02301	0.00443	0.00447	0.00722	0.00294	0.00291
27	0.00686	0.00457	0.00514	0.00514	0.00514	0.00457	0.00286	0.00686	0.00686	0.00914	0.01486	0.03086	0.01714	0.83430	0.02400	0.00457	0.00457	0.00686	0.00286	0.00286
28	0.00840	0.00773	0.01277	0.10614	0.01442	0.00904	0.13134	0.01038	0.00838	0.01181	0.01179	0.01680	0.04092	0.05589	0.35675	0.00440	0.18068	0.00511	0.00244	0.00480
29	0.01209	0.01263	0.04944	0.02485	0.62466	0.09310	0.01336	0.02593	0.04027	0.01533	0.02058	0.02871	0.00854	0.00468	0.00466	0.00140	0.00577	0.00435	0.00254	0.00713
30	0.01764	0.00931	0.01124	0.00900	0.01231	0.00934	0.00730	0.16815	0.19141	0.44036	0.05953	0.01653	0.01336	0.00613	0.00479	0.00148	0.00408	0.00498	0.00535	0.00770
31	0.00674	0.00505	0.00758	0.00758	0.00842	0.00589	0.00589	0.00842	0.00758	0.01095	0.01263	0.01852	0.01179	0.03536	0.81561	0.00758	0.01263	0.00505	0.00253	0.00421
32	0.00610	0.00438	0.00564	0.00649	0.00695	0.00413	0.00451	0.00704	0.00921	0.01213	0.04138	0.56536	0.09229	0.11113	0.00816	0.00222	0.00310	0.10176	0.00421	0.00380
33	0.14380	0.04872	0.01299	0.01051	0.04461	0.11298	0.00822	0.36382	0.06301	0.12939	0.01126	0.01129	0.00811	0.00531	0.00432	0.00140	0.00514	0.00390	0.00411	0.00713
34	0.21013	0.08515	0.04805	0.08789	0.06031	0.02450	0.00821	0.14216	0.05239	0.03288	0.00904	0.01023	0.00701	0.00452	0.00385	0.00125	0.00460	0.00337	0.00309	0.20136
35	0.22120	0.09029	0.05396	0.10560	0.23759	0.11638	0.02251	0.04006	0.01061	0.03325	0.02302	0.01045	0.00717	0.00457	0.00406	0.00138	0.00552	0.00357	0.00262	0.00618
36	0.10180	0.01014	0.01380	0.20808	0.20273	0.02560	0.01060	0.13661	0.02709	0.06528	0.01032	0.01385	0.00836	0.00550	0.00540	0.00152	0.06862	0.04631	0.00308	0.03531
37	0.09742	0.01164	0.04521	0.16284	0.19918	0.09220	0.01060	0.11295	0.05214	0.03770	0.03556	0.01383	0.00929	0.00569	0.00537	0.01769	0.04645	0.03496	0.00302	0.00625
38	0.05088	0.05514	0.05948	0.07155	0.31432	0.08725	0.01132	0.16792	0.04612	0.05879	0.00986	0.01142	0.00763	0.00502	0.00476	0.01895	0.00561	0.00398	0.00307	0.00696

[dist]
# distance from previous block
# <min> <max>
4	56

# created by:
# /st0/software/busco_prod/Augustus/scripts/msa2prfl.pl ./align_prep/101706.fa
