[name]
unknown

[dist]
# distance from previous block
# <min> <max>
51	295

[block]
# block no. 0 follows, 56 sequences, length 14
# corresponding to MSA columns:
# 431-444
name=unknown_A
#
# <colnr> <probs for GDERKNQSTAVLIFYWHMCP>
#	G	D	E	R	K	N	Q	S	T	A	V	L	I	F	Y	W	H	M	C	P
0	0.04100	0.11834	0.03627	0.04363	0.09276	0.03394	0.03767	0.15184	0.06981	0.08697	0.08143	0.06514	0.06432	0.00618	0.00447	0.00136	0.00445	0.00514	0.00363	0.05165
1	0.04313	0.04950	0.01068	0.03051	0.03897	0.10255	0.00693	0.11323	0.15907	0.07291	0.15622	0.06968	0.04402	0.00667	0.00457	0.00137	0.00416	0.00547	0.00399	0.07636
2	0.00952	0.07600	0.05819	0.00742	0.00982	0.03287	0.00615	0.08718	0.03292	0.04354	0.14990	0.17443	0.05074	0.07733	0.00620	0.00159	0.00376	0.00654	0.00370	0.16219
3	0.00702	0.00554	0.02868	0.03650	0.00865	0.00504	0.00536	0.02614	0.00995	0.04392	0.09559	0.40220	0.16594	0.01295	0.05134	0.00202	0.02033	0.04566	0.00407	0.02310
4	0.02629	0.26302	0.23564	0.00950	0.01375	0.01239	0.00982	0.15003	0.02555	0.05179	0.00948	0.03678	0.00782	0.02906	0.00498	0.03278	0.00513	0.00369	0.00280	0.06969
5	0.01295	0.10340	0.17548	0.01024	0.01408	0.08670	0.06219	0.07476	0.05651	0.15872	0.07764	0.02749	0.01117	0.00536	0.00467	0.00133	0.02859	0.00430	0.00341	0.08100
6	0.00606	0.00515	0.00529	0.00526	0.00683	0.00465	0.00393	0.00844	0.09303	0.01307	0.04221	0.09339	0.67405	0.01124	0.00538	0.00157	0.00248	0.00944	0.00431	0.00422
7	0.00972	0.00834	0.00961	0.00707	0.01099	0.00667	0.00563	0.01290	0.09229	0.01540	0.00926	0.01031	0.00755	0.00370	0.00353	0.00077	0.00342	0.00298	0.00292	0.77692
8	0.01092	0.31117	0.38538	0.01007	0.01499	0.01236	0.01159	0.01427	0.01018	0.07703	0.09188	0.01191	0.01020	0.00484	0.00399	0.00128	0.00541	0.00367	0.00257	0.00629
9	0.01179	0.00772	0.00928	0.00722	0.01057	0.00651	0.00574	0.01481	0.09329	0.20266	0.04737	0.05976	0.04815	0.00546	0.00413	0.00108	0.00340	0.00454	0.00387	0.45263
10	0.00952	0.00816	0.00952	0.00680	0.01088	0.00612	0.00544	0.01156	0.00952	0.01496	0.00816	0.00952	0.00680	0.00340	0.00340	0.00068	0.00340	0.00272	0.00272	0.86672
11	0.01205	0.00889	0.06100	0.00867	0.04146	0.00753	0.00697	0.04334	0.14912	0.20241	0.11020	0.04973	0.05289	0.00613	0.00449	0.00128	0.00368	0.00515	0.00416	0.22084
12	0.00922	0.00616	0.00748	0.00623	0.00864	0.00510	0.00484	0.01101	0.01123	0.13254	0.25333	0.06483	0.18627	0.00774	0.00471	0.00125	0.00285	0.00659	0.00424	0.26573
13	0.00947	0.12169	0.01142	0.00726	0.01072	0.02413	0.03134	0.01130	0.00962	0.01391	0.03453	0.07168	0.04425	0.02683	0.00427	0.00100	0.00374	0.00409	0.00284	0.55591

[dist]
# distance from previous block
# <min> <max>
1	22

[block]
# block no. 1 follows, 56 sequences, length 16
# corresponding to MSA columns:
# 468-483
name=unknown_B
#
# <colnr> <probs for GDERKNQSTAVLIFYWHMCP>
#	G	D	E	R	K	N	Q	S	T	A	V	L	I	F	Y	W	H	M	C	P
0	0.01055	0.04172	0.07451	0.01133	0.11178	0.03096	0.08766	0.05918	0.04697	0.10250	0.23068	0.02243	0.11467	0.02816	0.00539	0.00151	0.00428	0.00607	0.00386	0.00579
1	0.00907	0.00621	0.04071	0.00688	0.00849	0.00534	0.00541	0.04272	0.02822	0.14672	0.17689	0.31154	0.12197	0.03201	0.02331	0.00181	0.00330	0.02000	0.00450	0.00490
2	0.04599	0.01138	0.01314	0.01100	0.03018	0.17244	0.11609	0.03661	0.03936	0.17260	0.13110	0.01582	0.03365	0.00617	0.00620	0.00147	0.12554	0.00487	0.00358	0.02281
3	0.07444	0.02889	0.02355	0.00816	0.01133	0.07891	0.00667	0.06027	0.03498	0.39013	0.05487	0.06851	0.01239	0.00591	0.00437	0.00132	0.00415	0.00474	0.00444	0.12197
4	0.10274	0.01211	0.00978	0.00892	0.01102	0.27412	0.00677	0.09863	0.06685	0.08931	0.05301	0.21769	0.01502	0.00760	0.00463	0.00146	0.00501	0.00612	0.00373	0.00547
5	0.58126	0.00875	0.00786	0.00680	0.00960	0.00976	0.00554	0.06827	0.07147	0.10351	0.07926	0.01166	0.00990	0.00510	0.00351	0.00143	0.00358	0.00354	0.00359	0.00558
6	0.07690	0.02243	0.68162	0.01243	0.01852	0.08174	0.01532	0.01479	0.00984	0.01472	0.00799	0.00939	0.00576	0.00439	0.00422	0.00143	0.00666	0.00328	0.00205	0.00652
7	0.01139	0.00853	0.01044	0.00767	0.01153	0.00703	0.03060	0.08579	0.01115	0.10503	0.02702	0.02761	0.00866	0.00422	0.00380	0.00089	0.00371	0.00348	0.00329	0.62816
8	0.01339	0.01083	0.01098	0.00934	0.01230	0.07370	0.00736	0.12442	0.48484	0.09820	0.01573	0.01477	0.01163	0.00570	0.00450	0.00141	0.00419	0.00459	0.00440	0.08774
9	0.00620	0.00430	0.00510	0.00549	0.00569	0.00415	0.00337	0.00657	0.00770	0.01016	0.02059	0.32347	0.07578	0.48286	0.01578	0.00331	0.00366	0.00920	0.00342	0.00320
10	0.01455	0.01274	0.18296	0.01229	0.03899	0.00973	0.16594	0.08184	0.09669	0.30299	0.02561	0.01369	0.00969	0.00510	0.00474	0.00146	0.00536	0.00458	0.00392	0.00715
11	0.01626	0.08598	0.07656	0.01030	0.01417	0.01365	0.00908	0.57351	0.05865	0.07936	0.01127	0.01122	0.00804	0.00533	0.00444	0.00136	0.00502	0.00402	0.00423	0.00753
12	0.00620	0.00456	0.00578	0.00621	0.00713	0.00410	0.01907	0.00727	0.00962	0.03729	0.03190	0.48766	0.29220	0.01290	0.00569	0.00175	0.00276	0.04969	0.00427	0.00398
13	0.87108	0.00888	0.00675	0.00604	0.00888	0.01030	0.00497	0.01350	0.00781	0.02060	0.00639	0.00746	0.00497	0.00426	0.00284	0.00142	0.00355	0.00249	0.00284	0.00497
14	0.00574	0.00410	0.00547	0.00641	0.00678	0.00384	0.00438	0.00670	0.00922	0.01238	0.09398	0.73733	0.03136	0.01388	0.00584	0.00184	0.00268	0.03994	0.00433	0.00380
15	0.81189	0.00867	0.00678	0.00604	0.00883	0.00996	0.00496	0.01366	0.00805	0.04510	0.00708	0.00808	0.00543	0.00435	0.00291	0.00141	0.00351	0.00262	0.03564	0.00503

[dist]
# distance from previous block
# <min> <max>
1	2

[block]
# block no. 2 follows, 56 sequences, length 99
# corresponding to MSA columns:
# 489-497,506-508,511-527,529-582,585-600
name=unknown_C
#
# <colnr> <probs for GDERKNQSTAVLIFYWHMCP>
#	G	D	E	R	K	N	Q	S	T	A	V	L	I	F	Y	W	H	M	C	P
0	0.00802	0.00525	0.00691	0.00691	0.01632	0.02978	0.00482	0.01661	0.03982	0.00969	0.01023	0.01645	0.00992	0.09429	0.24280	0.46569	0.00651	0.00451	0.00235	0.00310
1	0.13524	0.01039	0.01103	0.04250	0.01285	0.01181	0.00757	0.31114	0.30279	0.02207	0.01306	0.01325	0.00982	0.00742	0.05169	0.01741	0.00476	0.00433	0.00410	0.00678
2	0.00952	0.00816	0.00952	0.00680	0.01088	0.00612	0.00544	0.01156	0.00952	0.01496	0.00816	0.00952	0.00680	0.00340	0.00340	0.00068	0.00340	0.00272	0.00272	0.86672
3	0.00746	0.00550	0.00673	0.00609	0.00768	0.00505	0.00463	0.03362	0.04256	0.03581	0.53057	0.06409	0.13435	0.00899	0.00517	0.00140	0.00251	0.00782	0.00469	0.08528
4	0.84778	0.00885	0.00685	0.00610	0.00896	0.01020	0.00502	0.01374	0.00796	0.04231	0.00671	0.00768	0.00515	0.00430	0.00289	0.00142	0.00356	0.00254	0.00292	0.00505
5	0.00592	0.00444	0.00534	0.00585	0.00676	0.00401	0.00429	0.00686	0.00959	0.01209	0.04295	0.33240	0.36426	0.01303	0.00656	0.06123	0.00279	0.10378	0.00411	0.00374
6	0.00716	0.00489	0.00595	0.00568	0.00694	0.00442	0.00420	0.00892	0.02165	0.06960	0.42291	0.09958	0.24773	0.06195	0.00651	0.00169	0.00253	0.00867	0.00467	0.00434
7	0.01070	0.01302	0.07722	0.01867	0.02327	0.01164	0.71354	0.01456	0.01062	0.01456	0.00910	0.01212	0.00686	0.00406	0.00572	0.00156	0.03909	0.00523	0.00229	0.00619
8	0.01356	0.01491	0.01536	0.03137	0.07473	0.32483	0.15133	0.09916	0.07076	0.01465	0.01070	0.01233	0.04048	0.00656	0.04198	0.00167	0.06267	0.00424	0.00281	0.00589
9	0.05875	0.00596	0.00679	0.00611	0.00776	0.00601	0.00464	0.05463	0.04306	0.17148	0.01543	0.06681	0.01293	0.11588	0.06168	0.00211	0.00380	0.00516	0.34595	0.00508
10	0.00619	0.00439	0.00583	0.00663	0.00705	0.00431	0.00473	0.00718	0.00866	0.01154	0.02223	0.48639	0.02578	0.15266	0.07662	0.00280	0.00406	0.15539	0.00386	0.00370
11	0.00958	0.11613	0.71491	0.01258	0.01901	0.01152	0.02624	0.01445	0.00967	0.01412	0.00804	0.00947	0.00584	0.00431	0.00422	0.00140	0.00659	0.00331	0.00195	0.00668
12	0.00711	0.00463	0.00627	0.00641	0.00689	0.00483	0.00453	0.00768	0.00759	0.03267	0.02308	0.13126	0.01642	0.27412	0.27508	0.12025	0.00663	0.05811	0.00297	0.00348
13	0.00593	0.00429	0.00565	0.00649	0.00704	0.00402	0.00465	0.00708	0.00960	0.01276	0.10962	0.58607	0.08630	0.01342	0.00585	0.00183	0.00280	0.11838	0.00434	0.00387
14	0.01004	0.01004	0.01406	0.01205	0.01205	0.01406	0.01004	0.01105	0.00703	0.01105	0.00603	0.01004	0.00603	0.00804	0.01507	0.00201	0.83025	0.00402	0.00201	0.00502
15	0.01678	0.00506	0.00559	0.00538	0.00683	0.00464	0.00406	0.00877	0.06528	0.01528	0.31639	0.03746	0.44376	0.01016	0.00527	0.00150	0.00237	0.00862	0.03251	0.00430
16	0.10617	0.01260	0.01225	0.01011	0.01307	0.13002	0.02895	0.35885	0.16558	0.03029	0.01138	0.01185	0.00858	0.00700	0.04901	0.00174	0.02790	0.00407	0.00386	0.00672
17	0.03409	0.00446	0.00509	0.00537	0.00622	0.00441	0.00392	0.00923	0.00934	0.02284	0.05734	0.23423	0.01901	0.04563	0.00570	0.03640	0.00265	0.05733	0.43272	0.00403
18	0.20401	0.55144	0.02892	0.00794	0.01143	0.05007	0.00749	0.03776	0.00943	0.01362	0.00657	0.00767	0.00575	0.00426	0.00354	0.00115	0.03841	0.00261	0.00226	0.00570
19	0.00593	0.00437	0.00560	0.00630	0.00699	0.00404	0.00456	0.00714	0.00985	0.01298	0.13079	0.49600	0.15954	0.01305	0.00579	0.00179	0.00275	0.11428	0.00436	0.00390
20	0.00956	0.02288	0.02930	0.00697	0.01111	0.00644	0.00576	0.01167	0.00952	0.01488	0.00813	0.00949	0.00676	0.00343	0.00342	0.00070	0.00351	0.00273	0.00269	0.83106
21	0.00797	0.00399	0.00598	0.00598	0.00598	0.00399	0.00399	0.00598	0.00598	0.00797	0.00797	0.01396	0.00797	0.01595	0.01794	0.86643	0.00399	0.00399	0.00199	0.00199
22	0.00797	0.00399	0.00598	0.00598	0.00598	0.00399	0.00399	0.00598	0.00598	0.00797	0.00797	0.01396	0.00797	0.01595	0.01794	0.86643	0.00399	0.00399	0.00199	0.00199
23	0.35143	0.00867	0.03804	0.00790	0.01085	0.00845	0.04663	0.01617	0.06416	0.26838	0.01397	0.11401	0.02077	0.00617	0.00412	0.00149	0.00388	0.00492	0.00400	0.00598
24	0.01569	0.00825	0.00990	0.00819	0.01109	0.00830	0.00657	0.05523	0.27639	0.40601	0.04513	0.01673	0.01324	0.00595	0.00452	0.00143	0.00363	0.00488	0.09170	0.00715
25	0.00546	0.00465	0.00470	0.00468	0.00622	0.00389	0.00351	0.00665	0.01054	0.01258	0.06921	0.04389	0.78534	0.01156	0.00543	0.00155	0.00232	0.00965	0.00429	0.00389
26	0.01032	0.00599	0.00762	0.00686	0.00866	0.00563	0.00537	0.04754	0.04784	0.19769	0.38136	0.09088	0.08822	0.00903	0.00527	0.00153	0.00296	0.06692	0.00498	0.00532
27	0.00688	0.00484	0.00556	0.00561	0.00693	0.00431	0.00413	0.00845	0.03181	0.06822	0.11248	0.24569	0.42497	0.01141	0.00541	0.00161	0.00256	0.01739	0.02749	0.00426
28	0.51961	0.00897	0.00800	0.00708	0.00973	0.01022	0.00568	0.09826	0.15963	0.02062	0.03205	0.04802	0.00944	0.00541	0.00359	0.00145	0.00359	0.00388	0.03916	0.00561
29	0.01192	0.01011	0.01066	0.00944	0.01213	0.01165	0.00739	0.08848	0.73683	0.02001	0.01805	0.01662	0.01350	0.00617	0.00466	0.00154	0.00375	0.00510	0.00466	0.00731
30	0.00727	0.00486	0.00591	0.00588	0.00708	0.00444	0.00434	0.00899	0.02908	0.07351	0.25544	0.22297	0.24225	0.03751	0.00597	0.00168	0.00263	0.03568	0.04016	0.00434
31	0.00742	0.00461	0.00525	0.00510	0.00624	0.00429	0.00374	0.00910	0.01063	0.04471	0.25566	0.06386	0.19400	0.08350	0.00632	0.00164	0.00248	0.00723	0.28004	0.00418
32	0.00662	0.00472	0.00578	0.00560	0.00683	0.00422	0.00417	0.00833	0.01180	0.04627	0.46893	0.12329	0.26559	0.01044	0.00544	0.00152	0.00233	0.00908	0.00476	0.00427
33	0.00913	0.00863	0.01461	0.68959	0.16602	0.01032	0.01298	0.01214	0.00940	0.01229	0.00824	0.01209	0.00632	0.00450	0.00458	0.00150	0.00600	0.00408	0.00208	0.00547
34	0.00821	0.00641	0.00724	0.00705	0.00854	0.00667	0.00525	0.04265	0.25126	0.02467	0.11985	0.25191	0.16102	0.03020	0.00567	0.00169	0.00301	0.02607	0.02752	0.00511
35	0.00764	0.00463	0.00588	0.00617	0.00713	0.00426	0.00447	0.00898	0.01016	0.09411	0.13612	0.43578	0.10003	0.01141	0.00534	0.00165	0.00269	0.04409	0.10513	0.00433
36	0.00741	0.00534	0.00657	0.00697	0.00811	0.00524	0.00530	0.01021	0.11144	0.04919	0.05978	0.35289	0.16346	0.01189	0.00566	0.00179	0.00310	0.17673	0.00440	0.00452
37	0.00678	0.00476	0.00530	0.00529	0.00559	0.00476	0.00318	0.00767	0.05261	0.00995	0.01812	0.07082	0.08803	0.67585	0.01982	0.00390	0.00412	0.00718	0.00310	0.00318
38	0.00952	0.00816	0.00952	0.00680	0.01088	0.00612	0.00544	0.01156	0.00952	0.01496	0.00816	0.00952	0.00680	0.00340	0.00340	0.00068	0.00340	0.00272	0.00272	0.86672
39	0.00606	0.00439	0.00559	0.00614	0.00686	0.00400	0.00430	0.00723	0.00967	0.01318	0.14078	0.55859	0.09691	0.01251	0.00555	0.00170	0.00262	0.03193	0.03934	0.04266
40	0.00759	0.00558	0.00698	0.00643	0.00775	0.00551	0.00488	0.07464	0.04874	0.01870	0.63811	0.06659	0.03715	0.01018	0.03908	0.00171	0.00291	0.00789	0.00486	0.00472
41	0.00564	0.00465	0.00495	0.00490	0.00634	0.00396	0.00367	0.00700	0.01095	0.01359	0.19742	0.05264	0.64597	0.01122	0.00543	0.00153	0.00230	0.00946	0.00442	0.00396
42	0.00931	0.04448	0.01103	0.03755	0.20844	0.00788	0.00800	0.07920	0.02947	0.03679	0.07861	0.14810	0.13348	0.00969	0.03835	0.00181	0.00433	0.10438	0.00366	0.00544
43	0.03413	0.00914	0.01063	0.00868	0.01169	0.00937	0.00710	0.26719	0.11319	0.28943	0.05185	0.01991	0.07505	0.00681	0.00480	0.00149	0.00406	0.06362	0.00490	0.00696
44	0.01065	0.01184	0.02510	0.04024	0.02301	0.01128	0.70194	0.01483	0.04633	0.01478	0.01035	0.01435	0.00813	0.00439	0.00540	0.00157	0.00736	0.03982	0.00250	0.00612
45	0.00917	0.00866	0.01453	0.60592	0.21326	0.01010	0.01268	0.01207	0.00953	0.01252	0.00986	0.01336	0.03960	0.00476	0.00461	0.00149	0.00581	0.00431	0.00219	0.00556
46	0.01555	0.01899	0.01234	0.01121	0.01332	0.65675	0.00847	0.03398	0.03442	0.01173	0.00807	0.00999	0.00690	0.02674	0.07352	0.00183	0.04511	0.00334	0.00248	0.00526
47	0.03784	0.00984	0.01070	0.00890	0.01185	0.08128	0.00719	0.14521	0.13415	0.36735	0.04653	0.03542	0.01328	0.00646	0.00472	0.00147	0.00436	0.06165	0.00482	0.00695
48	0.01650	0.00717	0.00937	0.00747	0.01042	0.00635	0.00607	0.05116	0.01313	0.56320	0.13400	0.02178	0.11869	0.00697	0.00483	0.00144	0.00350	0.00578	0.00536	0.00681
49	0.01129	0.01184	0.01429	0.14775	0.32393	0.18339	0.01820	0.01376	0.03161	0.01357	0.06346	0.01513	0.07540	0.00555	0.00519	0.00141	0.05106	0.00462	0.00265	0.00590
50	0.00752	0.00551	0.00727	0.00805	0.00908	0.00562	0.00669	0.01035	0.08465	0.01367	0.02317	0.13625	0.02499	0.07295	0.00738	0.00220	0.00401	0.56212	0.00417	0.00435
51	0.02788	0.01612	0.01470	0.01218	0.01490	0.40592	0.13582	0.10240	0.06436	0.04944	0.00938	0.01065	0.00731	0.00507	0.00517	0.00136	0.06598	0.00383	0.04162	0.00590
52	0.01587	0.01918	0.01316	0.08048	0.06560	0.65747	0.00934	0.01731	0.01242	0.03400	0.00807	0.03079	0.00681	0.00496	0.00426	0.00125	0.00765	0.00343	0.00248	0.00545
53	0.01036	0.01077	0.00954	0.00877	0.01006	0.24008	0.00674	0.01228	0.04920	0.01275	0.12760	0.01966	0.10200	0.05461	0.13388	0.00254	0.14458	0.00530	0.03458	0.00471
54	0.00699	0.00542	0.00818	0.00844	0.00948	0.00531	0.06938	0.00898	0.03333	0.01302	0.02305	0.38720	0.02580	0.01309	0.02744	0.00208	0.00403	0.34047	0.00406	0.00426
55	0.00986	0.00836	0.00970	0.00696	0.01102	0.00646	0.00558	0.04480	0.01003	0.01555	0.00828	0.00958	0.00684	0.00349	0.00345	0.00071	0.00347	0.00278	0.00280	0.83027
56	0.06264	0.01471	0.25125	0.08766	0.14745	0.01088	0.31339	0.01411	0.01016	0.01488	0.02408	0.01155	0.00719	0.00424	0.00474	0.00148	0.00660	0.00438	0.00226	0.00633
57	0.00660	0.00503	0.00624	0.00675	0.00792	0.00478	0.00543	0.00867	0.04324	0.01364	0.09766	0.15994	0.27802	0.01204	0.00583	0.00182	0.00319	0.32469	0.00433	0.00418
58	0.01069	0.01096	0.02233	0.01714	0.06540	0.01037	0.57691	0.01450	0.04705	0.05074	0.04490	0.05158	0.04403	0.00509	0.00532	0.00154	0.00657	0.00593	0.00286	0.00609
59	0.00963	0.04181	0.14062	0.04959	0.18966	0.00837	0.03090	0.01213	0.01015	0.07928	0.12312	0.12646	0.01627	0.03437	0.06125	0.00200	0.03411	0.02141	0.00319	0.00568
60	0.00573	0.00440	0.00541	0.00600	0.00665	0.00414	0.00417	0.00663	0.00912	0.01177	0.03034	0.52817	0.25941	0.04533	0.02543	0.00200	0.02605	0.01137	0.00410	0.00378
61	0.01134	0.01314	0.02597	0.01875	0.02321	0.07597	0.73091	0.01499	0.01101	0.01443	0.00911	0.01206	0.00688	0.00394	0.00532	0.00152	0.00778	0.00522	0.00233	0.00612
62	0.00973	0.01077	0.17799	0.01006	0.01300	0.02533	0.09015	0.04781	0.06243	0.08587	0.04423	0.20275	0.04795	0.00872	0.00527	0.00167	0.00470	0.14230	0.00372	0.00555
63	0.01172	0.01270	0.05111	0.09927	0.53972	0.11424	0.07627	0.01448	0.01066	0.01417	0.00843	0.01106	0.00691	0.00421	0.00456	0.00137	0.00612	0.00402	0.00225	0.00671
64	0.00675	0.00486	0.00661	0.00755	0.00841	0.00473	0.00617	0.00844	0.01018	0.01333	0.06419	0.27299	0.06652	0.01295	0.00611	0.00198	0.00359	0.48628	0.00428	0.00407
65	0.01282	0.01081	0.01115	0.00966	0.01247	0.03416	0.00761	0.18286	0.61946	0.02099	0.01679	0.01563	0.01251	0.00604	0.00464	0.00151	0.00405	0.00491	0.00459	0.00732
66	0.00962	0.14758	0.54618	0.01218	0.01774	0.01138	0.07248	0.01408	0.02691	0.01392	0.00969	0.04578	0.00803	0.00509	0.00438	0.00144	0.00621	0.03871	0.00223	0.00637
67	0.02060	0.00781	0.01065	0.00817	0.01172	0.00675	0.00675	0.02237	0.01314	0.81320	0.01811	0.01563	0.01136	0.00568	0.00462	0.00142	0.00391	0.00462	0.00568	0.00781
68	0.00875	0.00824	0.01391	0.80378	0.05483	0.01022	0.01279	0.01180	0.00922	0.01183	0.00817	0.01221	0.00615	0.00458	0.00459	0.00153	0.00610	0.00408	0.00205	0.00516
69	0.01204	0.01252	0.04279	0.11306	0.12526	0.12120	0.35008	0.01525	0.02820	0.07702	0.01040	0.03196	0.00828	0.00479	0.00495	0.00148	0.00669	0.02517	0.00269	0.00615
70	0.01168	0.00918	0.04618	0.11906	0.01369	0.02489	0.00789	0.18415	0.12974	0.06960	0.03161	0.03575	0.01239	0.00693	0.01949	0.00157	0.02345	0.07661	0.17018	0.00596
71	0.87108	0.00888	0.00675	0.00604	0.00888	0.01030	0.00497	0.01350	0.00781	0.02060	0.00639	0.00746	0.00497	0.00426	0.00284	0.00142	0.00355	0.00249	0.00284	0.00497
72	0.01513	0.36147	0.01759	0.01018	0.01319	0.48788	0.00845	0.01643	0.01148	0.01106	0.00680	0.00790	0.00590	0.00440	0.00364	0.00110	0.00688	0.00275	0.00220	0.00556
73	0.01300	0.02562	0.01774	0.06197	0.05288	0.03545	0.29280	0.07698	0.04365	0.16673	0.01116	0.01320	0.00839	0.03063	0.02849	0.00175	0.08544	0.00472	0.00321	0.02618
74	0.00655	0.00655	0.07898	0.00737	0.00880	0.00518	0.03909	0.00814	0.00922	0.01223	0.04577	0.29664	0.17299	0.10175	0.09043	0.00261	0.00451	0.09540	0.00365	0.00414
75	0.01028	0.18890	0.57210	0.01232	0.01823	0.03362	0.06133	0.02791	0.00998	0.01395	0.00794	0.00937	0.00594	0.00427	0.00414	0.00136	0.00647	0.00332	0.00202	0.00655
76	0.01678	0.00844	0.01054	0.00841	0.01145	0.00821	0.00688	0.20459	0.03063	0.44463	0.13034	0.01859	0.01571	0.00722	0.02714	0.00160	0.00417	0.03242	0.00517	0.00707
77	0.01869	0.00808	0.01056	0.00840	0.01168	0.00744	0.00691	0.07706	0.06511	0.64133	0.01815	0.03533	0.01256	0.00630	0.00474	0.00148	0.00396	0.04933	0.00542	0.00748
78	0.00916	0.00891	0.04979	0.53811	0.04796	0.00946	0.09483	0.01218	0.00993	0.04545	0.06575	0.01607	0.04549	0.00536	0.00480	0.00153	0.00573	0.02158	0.00258	0.00534
79	0.00884	0.00594	0.00824	0.00774	0.00893	0.00664	0.00607	0.01087	0.04434	0.11797	0.04867	0.08499	0.05973	0.02274	0.44849	0.00476	0.09107	0.00587	0.00330	0.00479
80	0.08029	0.00985	0.01129	0.00884	0.01225	0.03174	0.00725	0.26540	0.03962	0.44028	0.03606	0.01393	0.01057	0.00562	0.00449	0.00141	0.00431	0.00438	0.00499	0.00743
81	0.03443	0.01198	0.01938	0.01468	0.01805	0.10577	0.43268	0.07692	0.04136	0.01491	0.00999	0.01327	0.00810	0.04371	0.11222	0.00238	0.02682	0.00489	0.00264	0.00578
82	0.00975	0.11695	0.67737	0.01237	0.01848	0.01162	0.01547	0.01440	0.00958	0.02478	0.00806	0.00952	0.00591	0.00449	0.00468	0.00142	0.04319	0.00333	0.00200	0.00662
83	0.00628	0.00448	0.00611	0.00717	0.00774	0.00432	0.00545	0.00757	0.00946	0.01248	0.02493	0.53862	0.02887	0.01374	0.00604	0.00196	0.00326	0.30334	0.00425	0.00392
84	0.00804	0.00676	0.01104	0.01005	0.01168	0.00695	0.14255	0.02013	0.03236	0.01391	0.08267	0.06917	0.02069	0.01415	0.14285	0.00280	0.04014	0.35575	0.00360	0.00469
85	0.01858	0.04305	0.03051	0.03259	0.05992	0.07335	0.08479	0.03065	0.08071	0.08220	0.03770	0.19322	0.04674	0.03429	0.00637	0.00170	0.06409	0.07057	0.00355	0.00540
86	0.00651	0.00449	0.00555	0.00569	0.00590	0.00463	0.00360	0.00696	0.00710	0.00964	0.01539	0.13072	0.01734	0.56228	0.19037	0.00474	0.00589	0.00712	0.00290	0.00318
87	0.00723	0.00522	0.00721	0.00816	0.00915	0.00527	0.00691	0.00945	0.03162	0.01349	0.02375	0.15198	0.02594	0.01370	0.04248	0.00230	0.00437	0.62339	0.00417	0.00424
88	0.01115	0.01083	0.01803	0.12732	0.68385	0.02845	0.02553	0.01390	0.01036	0.01450	0.00855	0.01142	0.00709	0.00416	0.00455	0.00138	0.00563	0.00408	0.00225	0.00694
89	0.01045	0.06916	0.46937	0.01538	0.16762	0.03327	0.04280	0.02959	0.09093	0.01505	0.00932	0.01071	0.00701	0.00449	0.00438	0.00141	0.00614	0.00373	0.00236	0.00683
90	0.01348	0.01505	0.01613	0.04387	0.44619	0.32494	0.01186	0.01554	0.01127	0.01328	0.00792	0.01014	0.00666	0.00452	0.00482	0.00132	0.04072	0.00365	0.00229	0.00636
91	0.24473	0.09932	0.07732	0.01328	0.14767	0.26003	0.06802	0.01528	0.01038	0.01487	0.00735	0.00890	0.00596	0.00432	0.00385	0.00131	0.00603	0.00319	0.00240	0.00579
92	0.00595	0.00445	0.00541	0.00567	0.00661	0.00402	0.00409	0.00734	0.01064	0.01416	0.27769	0.30277	0.26255	0.02189	0.00576	0.00166	0.00246	0.02964	0.02324	0.00398
93	0.01633	0.04343	0.01425	0.01349	0.11576	0.49557	0.00947	0.20710	0.01466	0.01602	0.00823	0.00931	0.00655	0.00481	0.00427	0.00125	0.00703	0.00337	0.00288	0.00620
94	0.00939	0.00748	0.00877	0.00662	0.01007	0.00581	0.00524	0.01121	0.00962	0.05017	0.01301	0.01587	0.07814	0.05912	0.00505	0.00109	0.00343	0.03530	0.00305	0.66154
95	0.02974	0.00469	0.00584	0.03136	0.00742	0.00465	0.00443	0.00771	0.03889	0.01197	0.05476	0.45748	0.07205	0.18265	0.00959	0.02510	0.00325	0.04084	0.00384	0.00375
96	0.01089	0.01026	0.01660	0.03818	0.56659	0.01000	0.04181	0.01409	0.05286	0.01512	0.00945	0.01229	0.00794	0.00427	0.00443	0.00128	0.00507	0.02084	0.00252	0.15551
97	0.03484	0.01707	0.01162	0.01041	0.01265	0.53380	0.00786	0.11690	0.03563	0.01448	0.07565	0.04884	0.01105	0.04316	0.00523	0.00142	0.00669	0.00422	0.00306	0.00542
98	0.00965	0.00598	0.00774	0.00769	0.00917	0.00585	0.00625	0.07877	0.01160	0.12630	0.09340	0.15097	0.05496	0.06412	0.00686	0.00199	0.00379	0.34560	0.00445	0.00487

[dist]
# distance from previous block
# <min> <max>
1	6

[block]
# block no. 3 follows, 56 sequences, length 16
# corresponding to MSA columns:
# 607-622
name=unknown_D
#
# <colnr> <probs for GDERKNQSTAVLIFYWHMCP>
#	G	D	E	R	K	N	Q	S	T	A	V	L	I	F	Y	W	H	M	C	P
0	0.06301	0.00668	0.00843	0.00721	0.00965	0.00609	0.00576	0.01603	0.02384	0.44232	0.02201	0.07179	0.12210	0.08708	0.00666	0.00183	0.00368	0.08500	0.00481	0.00603
1	0.09124	0.00833	0.00927	0.00684	0.01066	0.00688	0.00549	0.05703	0.01011	0.01618	0.01001	0.01108	0.04526	0.00400	0.00351	0.00083	0.00346	0.00312	0.00291	0.69379
2	0.00699	0.00489	0.00595	0.00610	0.00722	0.00452	0.00447	0.00884	0.04727	0.06029	0.19358	0.31226	0.24453	0.02704	0.00587	0.00171	0.00269	0.04700	0.00450	0.00430
3	0.00732	0.00556	0.00683	0.00646	0.00647	0.00636	0.00428	0.00755	0.00681	0.00941	0.01308	0.04893	0.01494	0.64843	0.02120	0.00389	0.17023	0.00632	0.00267	0.00326
4	0.00566	0.00444	0.00507	0.00544	0.00645	0.00391	0.00389	0.00675	0.00993	0.01250	0.09145	0.31638	0.43648	0.04225	0.00625	0.00177	0.00256	0.03072	0.00426	0.00383
5	0.01519	0.01127	0.01221	0.00933	0.01289	0.01186	0.00765	0.57836	0.01826	0.02524	0.01075	0.01118	0.00790	0.00507	0.00425	0.00121	0.00450	0.00386	0.06899	0.18002
6	0.00662	0.00452	0.00512	0.00514	0.00552	0.00443	0.00321	0.00713	0.00780	0.01051	0.05718	0.03160	0.12496	0.58580	0.04714	0.00376	0.00420	0.02896	0.05322	0.00318
7	0.00666	0.00448	0.00514	0.00512	0.00521	0.00448	0.00296	0.00683	0.00705	0.00949	0.05931	0.02993	0.01804	0.76788	0.04596	0.00437	0.00455	0.00672	0.00290	0.00291
8	0.00685	0.00488	0.00622	0.00676	0.00751	0.00480	0.00514	0.00839	0.04157	0.01232	0.05298	0.20494	0.10541	0.17069	0.00998	0.05326	0.00363	0.28699	0.00388	0.00381
9	0.43404	0.00857	0.00890	0.00725	0.01046	0.00883	0.00598	0.05511	0.01095	0.39012	0.01207	0.01143	0.00809	0.00498	0.00375	0.00142	0.00379	0.00356	0.00425	0.00643
10	0.00559	0.00400	0.00533	0.00639	0.00666	0.00373	0.00426	0.00639	0.00879	0.01172	0.02530	0.83566	0.03036	0.01438	0.00586	0.00186	0.00266	0.01305	0.00426	0.00373
11	0.00884	0.00834	0.01408	0.77640	0.08149	0.01025	0.01284	0.01188	0.00926	0.01194	0.00819	0.01218	0.00619	0.00456	0.00459	0.00152	0.00608	0.00408	0.00205	0.00524
12	0.34959	0.01291	0.21104	0.14042	0.07187	0.01044	0.08964	0.01391	0.00914	0.04066	0.00793	0.00978	0.00592	0.00433	0.00393	0.00146	0.00532	0.00343	0.00249	0.00581
13	0.00740	0.00528	0.00740	0.00845	0.00951	0.00528	0.00740	0.00951	0.01057	0.01374	0.02431	0.05179	0.02642	0.01268	0.00634	0.00211	0.00423	0.77912	0.00423	0.00423
14	0.01630	0.00775	0.01045	0.00832	0.01132	0.00721	0.03848	0.04408	0.09942	0.50915	0.16171	0.01895	0.01720	0.00633	0.00477	0.00144	0.00372	0.00536	0.02105	0.00699
15	0.01488	0.06484	0.04624	0.02906	0.01436	0.51482	0.03791	0.06986	0.07349	0.01339	0.00973	0.05045	0.00846	0.00549	0.00436	0.00130	0.00700	0.02590	0.00279	0.00565

[dist]
# distance from previous block
# <min> <max>
0	1

[block]
# block no. 4 follows, 56 sequences, length 44
# corresponding to MSA columns:
# 624-667
name=unknown_E
#
# <colnr> <probs for GDERKNQSTAVLIFYWHMCP>
#	G	D	E	R	K	N	Q	S	T	A	V	L	I	F	Y	W	H	M	C	P
0	0.00962	0.00830	0.00999	0.00791	0.05222	0.00637	0.00589	0.01169	0.00957	0.01496	0.00818	0.00962	0.00682	0.00344	0.00346	0.00072	0.00351	0.00279	0.00270	0.82226
1	0.00642	0.00465	0.00605	0.00578	0.00683	0.00429	0.00430	0.00848	0.01269	0.01787	0.74328	0.07883	0.06381	0.00972	0.00544	0.00147	0.00220	0.00860	0.00499	0.00429
2	0.00984	0.10854	0.64091	0.01300	0.04587	0.01141	0.03468	0.01443	0.00970	0.02573	0.00818	0.00966	0.00601	0.00437	0.00445	0.00140	0.02344	0.00339	0.00203	0.02296
3	0.01745	0.01286	0.01378	0.01056	0.01424	0.01424	0.00873	0.79471	0.02159	0.02893	0.01102	0.01102	0.00781	0.00551	0.00459	0.00138	0.00505	0.00413	0.00459	0.00781
4	0.00652	0.00463	0.00627	0.00725	0.00786	0.00451	0.00561	0.00787	0.00945	0.01244	0.02397	0.40466	0.02743	0.07952	0.00749	0.00219	0.00354	0.37078	0.00413	0.00389
5	0.01066	0.01013	0.03589	0.29297	0.32819	0.01071	0.05962	0.04918	0.05493	0.03101	0.00983	0.01343	0.00794	0.00490	0.00504	0.00149	0.03405	0.03115	0.00256	0.00632
6	0.01044	0.15422	0.21954	0.01052	0.01394	0.03980	0.03575	0.02674	0.19637	0.01428	0.02296	0.01252	0.00911	0.00884	0.10243	0.00216	0.10742	0.00405	0.00277	0.00612
7	0.87108	0.00888	0.00675	0.00604	0.00888	0.01030	0.00497	0.01350	0.00781	0.02060	0.00639	0.00746	0.00497	0.00426	0.00284	0.00142	0.00355	0.00249	0.00284	0.00497
8	0.87108	0.00888	0.00675	0.00604	0.00888	0.01030	0.00497	0.01350	0.00781	0.02060	0.00639	0.00746	0.00497	0.00426	0.00284	0.00142	0.00355	0.00249	0.00284	0.00497
9	0.00577	0.00412	0.00538	0.00628	0.00662	0.00386	0.00423	0.00660	0.00886	0.01179	0.04942	0.69664	0.05109	0.08085	0.00727	0.00206	0.00284	0.03847	0.00417	0.00369
10	0.00757	0.00426	0.00594	0.00602	0.00619	0.00429	0.00404	0.00669	0.00671	0.01977	0.01173	0.07510	0.01251	0.20185	0.07532	0.50514	0.00461	0.03714	0.00250	0.00261
11	0.00797	0.00399	0.00598	0.00598	0.00598	0.00399	0.00399	0.00598	0.00598	0.00797	0.00797	0.01396	0.00797	0.01595	0.01794	0.86643	0.00399	0.00399	0.00199	0.00199
12	0.00662	0.00444	0.00506	0.00510	0.00515	0.00442	0.00290	0.00674	0.00701	0.00939	0.04603	0.06385	0.01831	0.77170	0.02193	0.00422	0.00429	0.00701	0.00293	0.00288
13	0.01190	0.00995	0.01161	0.01049	0.04459	0.01114	0.04081	0.09685	0.56597	0.04019	0.02634	0.03621	0.01332	0.00624	0.00494	0.00153	0.02186	0.01409	0.00438	0.02760
14	0.01258	0.78957	0.02336	0.00811	0.01194	0.06891	0.00792	0.01404	0.00956	0.01083	0.00643	0.00742	0.00589	0.00398	0.00302	0.00099	0.00512	0.00249	0.00199	0.00586
15	0.00559	0.00402	0.00530	0.00632	0.00664	0.00374	0.00423	0.00640	0.00886	0.01175	0.02618	0.80276	0.06269	0.01427	0.00584	0.00185	0.00265	0.01291	0.00426	0.00374
16	0.01165	0.00958	0.01015	0.00905	0.01163	0.01094	0.00706	0.05379	0.69896	0.04136	0.01892	0.01752	0.03334	0.00629	0.00463	0.00153	0.00361	0.00521	0.03771	0.00710
17	0.00716	0.00503	0.00626	0.00606	0.00727	0.00466	0.00454	0.03952	0.01211	0.04705	0.45885	0.17425	0.16521	0.01043	0.00546	0.00155	0.00252	0.03285	0.00476	0.00442
18	0.01152	0.00808	0.00963	0.00750	0.01073	0.00728	0.00601	0.04656	0.09928	0.14046	0.04220	0.01315	0.01021	0.00594	0.03725	0.00130	0.03745	0.00380	0.05379	0.44786
19	0.01227	0.84142	0.02406	0.00786	0.01178	0.01817	0.00786	0.01375	0.00933	0.01080	0.00638	0.00736	0.00589	0.00393	0.00295	0.00098	0.00491	0.00245	0.00196	0.00589
20	0.01009	0.01000	0.01718	0.01227	0.01660	0.00851	0.34886	0.01293	0.01009	0.01485	0.00865	0.01077	0.00687	0.00360	0.00428	0.00106	0.00529	0.00390	0.00255	0.49165
21	0.00675	0.00498	0.00686	0.00686	0.00754	0.00559	0.00504	0.00843	0.03973	0.01063	0.01355	0.05082	0.01351	0.22382	0.56769	0.00624	0.00972	0.00565	0.00269	0.00390
22	0.00661	0.00476	0.00656	0.00658	0.00712	0.00529	0.00475	0.00770	0.00719	0.01011	0.01326	0.02277	0.01354	0.31105	0.53145	0.00628	0.00945	0.01928	0.00260	0.00365
23	0.00671	0.00457	0.00559	0.00598	0.00698	0.00408	0.00430	0.00781	0.00991	0.06931	0.06107	0.44105	0.29913	0.01255	0.00562	0.00172	0.00268	0.04242	0.00439	0.00411
24	0.00582	0.00416	0.00559	0.00666	0.00702	0.00393	0.00466	0.00679	0.00902	0.01198	0.02518	0.73521	0.02986	0.01417	0.00592	0.00190	0.00286	0.11122	0.00426	0.00379
25	0.00952	0.00816	0.00952	0.00680	0.01088	0.00612	0.00544	0.01156	0.00952	0.01496	0.00816	0.00952	0.00680	0.00340	0.00340	0.00068	0.00340	0.00272	0.00272	0.86672
26	0.00668	0.00463	0.00546	0.00562	0.00679	0.00408	0.00407	0.00790	0.01036	0.06562	0.13351	0.31514	0.37279	0.01178	0.00548	0.00163	0.00252	0.01024	0.02155	0.00415
27	0.04097	0.00499	0.00545	0.00531	0.00675	0.00445	0.00393	0.00825	0.01032	0.06968	0.11560	0.09640	0.49274	0.09030	0.00704	0.00184	0.00274	0.02487	0.00425	0.00414
28	0.01173	0.01002	0.01056	0.00941	0.01206	0.01156	0.00734	0.06425	0.76136	0.01971	0.01829	0.01681	0.01369	0.00619	0.00467	0.00155	0.00371	0.00514	0.00467	0.00729
29	0.01581	0.01163	0.01247	0.00980	0.01308	0.01285	0.00801	0.63546	0.09154	0.02676	0.04511	0.01298	0.01013	0.00573	0.00453	0.00137	0.00459	0.00441	0.06635	0.00736
30	0.01208	0.00610	0.00772	0.00676	0.00887	0.00545	0.00526	0.04187	0.01195	0.33006	0.13500	0.16241	0.20667	0.02056	0.00541	0.00158	0.00314	0.01859	0.00492	0.00560
31	0.04349	0.00995	0.01039	0.00927	0.01192	0.01149	0.00724	0.05566	0.74027	0.01966	0.01792	0.01652	0.01342	0.00613	0.00460	0.00154	0.00369	0.00505	0.00460	0.00720
32	0.00614	0.00437	0.00589	0.00691	0.00739	0.00419	0.00508	0.00727	0.00921	0.01218	0.02461	0.58589	0.02874	0.04558	0.00667	0.00203	0.00317	0.22665	0.00420	0.00383
33	0.04468	0.00512	0.00682	0.00651	0.00737	0.00528	0.00469	0.00937	0.00774	0.11578	0.01287	0.04140	0.01238	0.22335	0.26596	0.20162	0.00663	0.01567	0.00294	0.00381
34	0.05522	0.00583	0.00704	0.00640	0.00835	0.00527	0.00491	0.01240	0.02734	0.26430	0.09883	0.20532	0.26125	0.00967	0.00512	0.00156	0.00297	0.00825	0.00471	0.00525
35	0.01108	0.00957	0.00993	0.00891	0.01130	0.03825	0.00691	0.05334	0.61670	0.01920	0.14380	0.01931	0.01815	0.00665	0.00477	0.00152	0.00362	0.00557	0.00465	0.00675
36	0.00681	0.00538	0.00582	0.00575	0.00732	0.00499	0.00435	0.00955	0.11196	0.03853	0.07131	0.12316	0.53470	0.01099	0.00539	0.00160	0.00265	0.04088	0.00439	0.00445
37	0.01046	0.02170	0.67190	0.01318	0.04575	0.03598	0.01561	0.04578	0.01041	0.05626	0.00879	0.01007	0.00624	0.00456	0.00462	0.00145	0.02466	0.00351	0.00226	0.00681
38	0.00615	0.00462	0.00600	0.00637	0.00702	0.00459	0.00459	0.00733	0.00940	0.01263	0.15122	0.37493	0.13790	0.07207	0.10706	0.00262	0.03454	0.04305	0.00398	0.00390
39	0.67624	0.00922	0.00794	0.00681	0.00979	0.01041	0.00559	0.09289	0.03907	0.09369	0.00838	0.00892	0.00617	0.00459	0.00325	0.00142	0.00374	0.00295	0.00334	0.00560
40	0.01087	0.00745	0.00856	0.00780	0.00989	0.00782	0.00598	0.01757	0.37016	0.15126	0.12329	0.15205	0.09111	0.00833	0.00501	0.00157	0.00322	0.00715	0.00479	0.00611
41	0.01176	0.60725	0.03643	0.04087	0.11028	0.01577	0.00888	0.04024	0.00993	0.01219	0.00818	0.03300	0.00766	0.00468	0.00351	0.00114	0.00497	0.03501	0.00225	0.00599
42	0.24223	0.01060	0.01031	0.00863	0.01158	0.04323	0.00696	0.28841	0.18304	0.06148	0.01346	0.01414	0.04233	0.02150	0.00456	0.00150	0.00428	0.02120	0.00405	0.00650
43	0.21058	0.00835	0.00982	0.00838	0.03830	0.00824	0.00652	0.08084	0.04525	0.41876	0.06659	0.03715	0.01214	0.00575	0.00427	0.00142	0.00380	0.00454	0.00465	0.02465

[dist]
# distance from previous block
# <min> <max>
2	8

[block]
# block no. 5 follows, 56 sequences, length 26
# corresponding to MSA columns:
# 677-702
name=unknown_F
#
# <colnr> <probs for GDERKNQSTAVLIFYWHMCP>
#	G	D	E	R	K	N	Q	S	T	A	V	L	I	F	Y	W	H	M	C	P
0	0.05006	0.01449	0.01113	0.00995	0.01226	0.39517	0.03105	0.06445	0.08272	0.04700	0.01372	0.06780	0.05638	0.03839	0.00526	0.00149	0.00599	0.05516	0.00324	0.03429
1	0.07908	0.00797	0.00971	0.00893	0.01092	0.05381	0.06045	0.09845	0.01152	0.08351	0.01803	0.15130	0.01833	0.03430	0.00585	0.00180	0.00445	0.29608	0.00394	0.04158
2	0.33784	0.01006	0.01233	0.01021	0.04326	0.04653	0.14207	0.02344	0.03818	0.01703	0.02767	0.01019	0.00723	0.00450	0.00455	0.00131	0.06278	0.00350	0.00277	0.19456
3	0.00789	0.00580	0.00697	0.00718	0.00828	0.02293	0.00546	0.01077	0.11816	0.04482	0.11419	0.25081	0.07449	0.06841	0.03841	0.02586	0.00375	0.17712	0.00419	0.00450
4	0.00789	0.00533	0.00691	0.00734	0.00858	0.00515	0.00602	0.01000	0.03930	0.06850	0.07266	0.11002	0.15204	0.05691	0.00685	0.00202	0.00364	0.42211	0.00432	0.00441
5	0.02769	0.00940	0.01602	0.38083	0.33533	0.01024	0.06210	0.01325	0.00998	0.04738	0.00939	0.01339	0.00756	0.00468	0.00465	0.00148	0.00575	0.03236	0.00240	0.00610
6	0.00765	0.00661	0.00854	0.00823	0.00904	0.05832	0.00646	0.00919	0.00769	0.01074	0.01121	0.01645	0.01046	0.02935	0.67118	0.00634	0.11116	0.00469	0.00240	0.00429
7	0.05270	0.00508	0.00621	0.00601	0.00721	0.00479	0.00447	0.00933	0.01106	0.07935	0.37888	0.12957	0.12221	0.10515	0.00739	0.00189	0.00285	0.05706	0.00449	0.00433
8	0.00600	0.00435	0.00547	0.00611	0.00666	0.00407	0.00426	0.00697	0.00920	0.01209	0.08600	0.45679	0.13470	0.14297	0.00857	0.00222	0.00303	0.09277	0.00409	0.00370
9	0.00928	0.00889	0.01538	0.63752	0.17382	0.01041	0.05513	0.01232	0.00950	0.01249	0.00831	0.01209	0.00638	0.00446	0.00463	0.00150	0.00609	0.00415	0.00210	0.00556
10	0.12651	0.00751	0.00948	0.00755	0.01066	0.00686	0.00616	0.01948	0.01219	0.60938	0.06477	0.04049	0.01309	0.00598	0.00442	0.00142	0.00365	0.00481	0.03861	0.00698
11	0.00721	0.00501	0.00623	0.00645	0.00764	0.00464	0.00496	0.03045	0.01090	0.05760	0.15946	0.26174	0.24067	0.01174	0.00566	0.00172	0.00294	0.16619	0.00447	0.00431
12	0.00952	0.00816	0.00952	0.00680	0.01088	0.00612	0.00544	0.01156	0.00952	0.01496	0.00816	0.00952	0.00680	0.00340	0.00340	0.00068	0.00340	0.00272	0.00272	0.86672
13	0.00586	0.00441	0.00531	0.00563	0.00644	0.00402	0.00394	0.00699	0.00991	0.01298	0.18888	0.32891	0.26991	0.09336	0.03021	0.00209	0.00290	0.01021	0.00423	0.00381
14	0.00740	0.00491	0.00582	0.00549	0.00687	0.00436	0.00409	0.00897	0.01139	0.08691	0.34486	0.06222	0.32872	0.06400	0.00647	0.00168	0.00255	0.00843	0.03051	0.00435
15	0.00893	0.00649	0.00749	0.00705	0.00888	0.00643	0.00566	0.10540	0.09490	0.06158	0.13567	0.05768	0.29450	0.00998	0.00540	0.00164	0.00327	0.16948	0.00453	0.00506
16	0.00618	0.00430	0.00510	0.00550	0.00572	0.00414	0.00339	0.00656	0.00776	0.01022	0.02096	0.33309	0.08186	0.46695	0.01544	0.00326	0.00362	0.00929	0.00345	0.00322
17	0.00881	0.00744	0.00872	0.00658	0.01005	0.00570	0.00517	0.01071	0.00973	0.01476	0.05773	0.07209	0.06132	0.00505	0.00382	0.00086	0.00321	0.00422	0.00306	0.70098
18	0.00656	0.00447	0.00498	0.00498	0.00511	0.00440	0.00284	0.00667	0.00702	0.00921	0.01733	0.03131	0.08749	0.76467	0.02176	0.00419	0.00426	0.00695	0.00291	0.00288
19	0.03981	0.00766	0.00850	0.00765	0.00993	0.00802	0.00601	0.03185	0.34076	0.14384	0.05445	0.02614	0.19585	0.03815	0.00560	0.00167	0.00342	0.06008	0.00459	0.00603
20	0.00643	0.00496	0.00592	0.00616	0.00735	0.00463	0.00480	0.00840	0.04141	0.01392	0.18148	0.10441	0.33493	0.05316	0.00656	0.00184	0.00296	0.20223	0.00435	0.00412
21	0.05172	0.01683	0.01417	0.06067	0.10808	0.47290	0.04023	0.01585	0.01115	0.01221	0.00721	0.00930	0.00610	0.00517	0.00610	0.00139	0.14972	0.00341	0.00229	0.00550
22	0.00668	0.00445	0.00501	0.00501	0.00501	0.00445	0.00278	0.00668	0.00668	0.00890	0.01447	0.03004	0.01669	0.83866	0.02337	0.00445	0.00445	0.00668	0.00278	0.00278
23	0.01039	0.04526	0.07101	0.00772	0.01192	0.02531	0.00673	0.07222	0.01053	0.01575	0.00829	0.00953	0.00675	0.00369	0.00356	0.00082	0.00395	0.00287	0.00277	0.68094
24	0.55597	0.00923	0.00866	0.00728	0.01027	0.01026	0.02090	0.11913	0.05759	0.11526	0.00951	0.00994	0.00694	0.00475	0.00346	0.00141	0.00382	0.00324	0.03656	0.00582
25	0.04111	0.00779	0.01030	0.00805	0.01140	0.00698	0.00660	0.02153	0.05777	0.70569	0.05968	0.01649	0.01304	0.00587	0.00462	0.00143	0.00379	0.00479	0.00552	0.00752

[dist]
# distance from previous block
# <min> <max>
0	23

[block]
# block no. 6 follows, 56 sequences, length 20
# corresponding to MSA columns:
# 726-745
name=unknown_G
#
# <colnr> <probs for GDERKNQSTAVLIFYWHMCP>
#	G	D	E	R	K	N	Q	S	T	A	V	L	I	F	Y	W	H	M	C	P
0	0.00557	0.00456	0.00491	0.00503	0.00634	0.00390	0.00369	0.00678	0.01048	0.01294	0.12441	0.16150	0.61036	0.01180	0.00549	0.00159	0.00236	0.01004	0.00435	0.00390
1	0.04973	0.00461	0.00582	0.00648	0.00697	0.00465	0.00452	0.00741	0.00900	0.01294	0.07774	0.64630	0.02765	0.01265	0.00597	0.00177	0.04345	0.01120	0.05723	0.00393
2	0.00801	0.00535	0.00615	0.00606	0.00724	0.00549	0.00452	0.01175	0.15053	0.01665	0.23048	0.14815	0.02376	0.00847	0.00498	0.02669	0.00260	0.02607	0.30239	0.00467
3	0.00699	0.00556	0.00821	0.00796	0.00868	0.00678	0.00628	0.00855	0.00733	0.01071	0.01151	0.01704	0.01080	0.03113	0.71969	0.00671	0.11464	0.00481	0.00240	0.00421
4	0.00797	0.00399	0.00598	0.00598	0.00598	0.00399	0.00399	0.00598	0.00598	0.00797	0.00797	0.01396	0.00797	0.01595	0.01794	0.86643	0.00399	0.00399	0.00199	0.00199
5	0.01178	0.00628	0.00792	0.00698	0.00897	0.00599	0.00544	0.01512	0.11603	0.27208	0.29368	0.09755	0.02487	0.00793	0.00492	0.00147	0.00299	0.02029	0.08394	0.00577
6	0.01352	0.00933	0.01034	0.00854	0.01114	0.01004	0.00684	0.38114	0.11232	0.08140	0.11356	0.04420	0.01529	0.03563	0.00530	0.00152	0.00398	0.02756	0.10186	0.00650
7	0.01501	0.01164	0.01253	0.03112	0.01384	0.01310	0.00829	0.49139	0.30806	0.02491	0.01377	0.01330	0.01005	0.00575	0.00462	0.00145	0.00456	0.00452	0.00456	0.00754
8	0.01715	0.02188	0.01301	0.01183	0.01419	0.82022	0.00887	0.01833	0.01301	0.01124	0.00710	0.00828	0.00591	0.00473	0.00414	0.00118	0.00828	0.00296	0.00237	0.00532
9	0.00696	0.00509	0.00577	0.00570	0.00637	0.00510	0.00376	0.00893	0.09599	0.01207	0.12961	0.08269	0.12222	0.45900	0.01511	0.00314	0.00366	0.02151	0.00361	0.00372
10	0.00590	0.00457	0.00500	0.00506	0.00621	0.00410	0.00364	0.00704	0.00983	0.01250	0.09401	0.10214	0.50397	0.11557	0.05490	0.00224	0.00317	0.00893	0.04743	0.00380
11	0.01581	0.01204	0.01285	0.01023	0.01361	0.01347	0.00833	0.58525	0.23372	0.02629	0.01311	0.01268	0.00950	0.00571	0.00461	0.00143	0.00467	0.00442	0.00461	0.00766
12	0.00616	0.00451	0.00568	0.00636	0.00696	0.00426	0.00438	0.04260	0.00977	0.01292	0.06598	0.66910	0.11736	0.01342	0.00573	0.00179	0.00271	0.01203	0.00432	0.00396
13	0.14120	0.00572	0.00647	0.00612	0.00778	0.00548	0.00467	0.01081	0.01048	0.14595	0.17048	0.17232	0.18577	0.04734	0.00578	0.00169	0.00297	0.03909	0.02516	0.00472
14	0.01063	0.01381	0.12566	0.01857	0.02348	0.01149	0.69620	0.01469	0.01069	0.01469	0.00916	0.01205	0.00682	0.00393	0.00529	0.00154	0.00762	0.00516	0.00227	0.00627
15	0.05343	0.00862	0.00814	0.00740	0.00919	0.13434	0.00566	0.01368	0.13626	0.06833	0.43188	0.02541	0.06385	0.00776	0.00492	0.00142	0.00355	0.00651	0.00446	0.00518
16	0.24341	0.01081	0.11303	0.00926	0.01264	0.00950	0.07053	0.13251	0.01162	0.18476	0.01292	0.07044	0.03061	0.02992	0.00508	0.00158	0.02320	0.01835	0.00368	0.00613
17	0.00631	0.00469	0.00557	0.00580	0.00663	0.00441	0.00414	0.00772	0.03005	0.01281	0.16415	0.18687	0.23445	0.20889	0.00986	0.00234	0.00311	0.09435	0.00405	0.00379
18	0.00569	0.00407	0.00526	0.00617	0.00647	0.00381	0.00408	0.00643	0.00866	0.01147	0.02526	0.71587	0.06734	0.09688	0.00759	0.00211	0.00283	0.01225	0.00411	0.00364
