[name]
unknown

[dist]
# distance from previous block
# <min> <max>
11	69

[block]
# block no. 0 follows, 63 sequences, length 47
# corresponding to MSA columns:
# 85-131
name=unknown_A
#
# <colnr> <probs for GDERKNQSTAVLIFYWHMCP>
#	G	D	E	R	K	N	Q	S	T	A	V	L	I	F	Y	W	H	M	C	P
0	0.04202	0.00755	0.00898	0.00726	0.00994	0.04752	0.00585	0.05882	0.04807	0.51522	0.16112	0.01743	0.03938	0.00590	0.00431	0.00130	0.00348	0.00484	0.00474	0.00626
1	0.00861	0.00780	0.01212	0.53593	0.07220	0.02195	0.03950	0.05426	0.00949	0.01269	0.07352	0.01262	0.00874	0.00462	0.00432	0.01258	0.00499	0.00399	0.02710	0.07298
2	0.01033	0.01120	0.01199	0.05433	0.01204	0.20489	0.00865	0.01137	0.00796	0.01024	0.00727	0.07653	0.00729	0.00695	0.01027	0.00163	0.53629	0.00412	0.00208	0.00457
3	0.01069	0.58083	0.07672	0.01000	0.10754	0.04866	0.01981	0.01244	0.00887	0.01080	0.00763	0.04265	0.00721	0.00438	0.00327	0.00106	0.00473	0.03524	0.00202	0.00544
4	0.05792	0.18539	0.44585	0.01033	0.01495	0.10930	0.04103	0.01321	0.00930	0.01280	0.05712	0.00966	0.00745	0.00422	0.00373	0.00122	0.00564	0.00319	0.00206	0.00564
5	0.01096	0.00858	0.01024	0.00858	0.02023	0.03230	0.05382	0.05967	0.33429	0.11343	0.06746	0.03226	0.03790	0.00553	0.00453	0.00127	0.03467	0.00462	0.00378	0.15589
6	0.06905	0.05310	0.59721	0.01170	0.01712	0.01001	0.10167	0.03206	0.00925	0.03818	0.01858	0.00941	0.00604	0.00404	0.00398	0.00132	0.00586	0.00333	0.00207	0.00603
7	0.00631	0.00425	0.00484	0.00475	0.00490	0.00425	0.00277	0.02303	0.00686	0.00923	0.07839	0.02746	0.01708	0.76675	0.01972	0.00380	0.00392	0.00618	0.00275	0.00276
8	0.01598	0.01177	0.01262	0.00967	0.01304	0.01304	0.00799	0.81202	0.01976	0.02649	0.01009	0.01009	0.00715	0.00505	0.00421	0.00126	0.00463	0.00378	0.00421	0.00715
9	0.01304	0.01396	0.01416	0.01589	0.28980	0.34256	0.04945	0.07678	0.01117	0.03628	0.00772	0.00938	0.00628	0.00435	0.00463	0.00121	0.05921	0.00338	0.01687	0.02390
10	0.03229	0.09820	0.05177	0.01329	0.01698	0.03653	0.42981	0.01490	0.03401	0.17114	0.00973	0.01113	0.00709	0.00419	0.00490	0.00135	0.04983	0.00426	0.00274	0.00587
11	0.01598	0.01177	0.01262	0.00967	0.01304	0.01304	0.00799	0.81202	0.01976	0.02649	0.01009	0.01009	0.00715	0.00505	0.00421	0.00126	0.00463	0.00378	0.00421	0.00715
12	0.00513	0.00426	0.00448	0.00442	0.00578	0.00362	0.00332	0.00634	0.00996	0.01224	0.16857	0.03900	0.69780	0.01032	0.00497	0.00140	0.00211	0.00867	0.00402	0.00362
13	0.00556	0.00404	0.00526	0.00598	0.00656	0.00380	0.00438	0.00666	0.00881	0.01162	0.09398	0.49666	0.11107	0.04316	0.00597	0.00178	0.00273	0.17455	0.00391	0.00354
14	0.01410	0.01668	0.01310	0.03757	0.18637	0.56108	0.00928	0.05499	0.01148	0.01183	0.00696	0.00848	0.00578	0.00437	0.00432	0.00117	0.04182	0.00305	0.00223	0.00535
15	0.01318	0.12438	0.01145	0.07471	0.01183	0.00925	0.00674	0.19797	0.06123	0.25342	0.15586	0.02488	0.01411	0.00558	0.00414	0.00126	0.00378	0.00453	0.01569	0.00603
16	0.00642	0.00472	0.00627	0.00703	0.00808	0.00458	0.00603	0.00819	0.00971	0.01245	0.04521	0.04573	0.17486	0.01136	0.00563	0.00182	0.00350	0.63071	0.00390	0.00381
17	0.05214	0.10353	0.68578	0.01158	0.04021	0.01044	0.01408	0.01318	0.00878	0.01326	0.00730	0.00861	0.00533	0.00394	0.00380	0.00128	0.00586	0.00300	0.00183	0.00606
18	0.01013	0.07819	0.05645	0.15992	0.45771	0.02597	0.04103	0.03629	0.04405	0.01341	0.00827	0.01052	0.00667	0.00398	0.00404	0.00125	0.00508	0.00367	0.02731	0.00606
19	0.00606	0.00405	0.00460	0.00465	0.00466	0.00404	0.00261	0.00610	0.00621	0.00828	0.01374	0.06832	0.01590	0.81060	0.02060	0.00396	0.00399	0.00640	0.00261	0.00259
20	0.00585	0.00429	0.00548	0.00518	0.00622	0.00392	0.00389	0.00774	0.01166	0.01630	0.74414	0.03232	0.11970	0.00880	0.00496	0.00133	0.00200	0.00773	0.00455	0.00392
21	0.00988	0.08778	0.05523	0.20736	0.43396	0.01055	0.07138	0.02557	0.03419	0.01298	0.00796	0.01040	0.00642	0.00391	0.00409	0.00127	0.00524	0.00370	0.00210	0.00600
22	0.01353	0.00833	0.00970	0.00826	0.01090	0.00881	0.00668	0.11800	0.37390	0.28431	0.01659	0.01773	0.01248	0.00605	0.00441	0.00142	0.00362	0.08417	0.00453	0.00660
23	0.00590	0.00430	0.00555	0.00524	0.00625	0.00395	0.00393	0.00784	0.01178	0.01658	0.78503	0.03185	0.07863	0.00870	0.00496	0.00133	0.00199	0.00767	0.00459	0.00395
24	0.01365	0.01537	0.01358	0.03646	0.04079	0.44999	0.12715	0.10746	0.10129	0.01372	0.00868	0.00978	0.00679	0.00444	0.00406	0.00120	0.00638	0.00349	0.03024	0.00547
25	0.00926	0.09779	0.39456	0.00979	0.02337	0.02766	0.02158	0.01389	0.13067	0.05830	0.06558	0.07219	0.03817	0.00553	0.00414	0.00133	0.00479	0.01284	0.00279	0.00576
26	0.00677	0.00484	0.00677	0.00774	0.00871	0.00484	0.00677	0.00871	0.00968	0.01258	0.02226	0.04742	0.02419	0.01161	0.00581	0.00194	0.00387	0.79775	0.00387	0.00387
27	0.01047	0.62643	0.24365	0.00851	0.01282	0.01475	0.00948	0.01279	0.00863	0.01083	0.00631	0.00733	0.00538	0.00371	0.00305	0.00102	0.00497	0.00248	0.00179	0.00562
28	0.01001	0.20714	0.55773	0.01060	0.01586	0.03740	0.01275	0.04537	0.00946	0.04611	0.00760	0.00863	0.00562	0.00401	0.00372	0.00122	0.00570	0.00297	0.00203	0.00606
29	0.01046	0.00903	0.00951	0.00855	0.01093	0.01046	0.00665	0.02234	0.81845	0.01759	0.01711	0.01568	0.01283	0.00570	0.00428	0.00143	0.00333	0.00475	0.00428	0.00665
30	0.00512	0.00426	0.00447	0.00442	0.00577	0.00361	0.00331	0.00633	0.00994	0.01221	0.16322	0.03906	0.70317	0.01033	0.00497	0.00140	0.00211	0.00868	0.00402	0.00361
31	0.00512	0.00366	0.00488	0.00585	0.00610	0.00341	0.00390	0.00585	0.00805	0.01073	0.02317	0.84952	0.02780	0.01317	0.00537	0.00171	0.00244	0.01195	0.00390	0.00341
32	0.00576	0.00429	0.00536	0.00509	0.00617	0.00389	0.00382	0.00757	0.01146	0.01582	0.67580	0.03312	0.18833	0.00898	0.00496	0.00134	0.00201	0.00784	0.00449	0.00389
33	0.00872	0.00747	0.00872	0.00623	0.00996	0.00560	0.00498	0.01058	0.00872	0.01370	0.00747	0.00872	0.00623	0.00311	0.00311	0.00062	0.00311	0.00249	0.00249	0.87796
34	0.01132	0.00746	0.00810	0.05124	0.00966	0.00810	0.00556	0.35230	0.01347	0.02003	0.01183	0.01305	0.00895	0.00492	0.00355	0.00112	0.00329	0.00385	0.45685	0.00534
35	0.00785	0.00735	0.01236	0.81494	0.02821	0.00915	0.01142	0.01058	0.00839	0.01074	0.00798	0.03850	0.00633	0.00449	0.00424	0.00141	0.00550	0.00400	0.00193	0.00463
36	0.00512	0.00366	0.00488	0.00585	0.00610	0.00341	0.00390	0.00585	0.00805	0.01073	0.02317	0.84952	0.02780	0.01317	0.00537	0.00171	0.00244	0.01195	0.00390	0.00341
37	0.00635	0.00454	0.00629	0.00726	0.00804	0.00448	0.00604	0.00798	0.00926	0.01211	0.02249	0.25213	0.02511	0.01201	0.00569	0.00188	0.00351	0.59719	0.00388	0.00375
38	0.01185	0.73995	0.02064	0.00769	0.01109	0.12927	0.00732	0.01317	0.00901	0.00995	0.00593	0.00686	0.00540	0.00370	0.00285	0.00092	0.00492	0.00231	0.00185	0.00532
39	0.00611	0.00473	0.00675	0.10974	0.00976	0.00479	0.02598	0.03662	0.00872	0.01153	0.02074	0.61767	0.04123	0.01135	0.00519	0.00166	0.00313	0.06688	0.00361	0.00380
40	0.01102	0.01065	0.08746	0.01672	0.33721	0.00941	0.12504	0.05387	0.10313	0.08899	0.00987	0.01116	0.00753	0.00409	0.00416	0.00123	0.00485	0.00388	0.00275	0.10701
41	0.00665	0.00530	0.00817	0.00696	0.00847	0.00486	0.11492	0.00867	0.01119	0.03448	0.56640	0.06661	0.12410	0.00826	0.00496	0.00136	0.00276	0.00750	0.00418	0.00420
42	0.62745	0.09395	0.10577	0.00660	0.00972	0.01019	0.00623	0.04890	0.00812	0.01757	0.00647	0.00746	0.00502	0.00396	0.00286	0.00125	0.00375	0.00249	0.02729	0.00493
43	0.13103	0.73831	0.01985	0.00696	0.01042	0.01564	0.00683	0.01256	0.00835	0.01112	0.00585	0.00676	0.00528	0.00364	0.00268	0.00095	0.00432	0.00225	0.00191	0.00528
44	0.07017	0.14975	0.15162	0.00890	0.01264	0.01130	0.00851	0.30317	0.04127	0.17120	0.01038	0.01082	0.00752	0.00473	0.00386	0.00124	0.00453	0.01845	0.00348	0.00646
45	0.14947	0.13493	0.09281	0.01988	0.01324	0.04659	0.15186	0.09181	0.11196	0.05167	0.01180	0.01242	0.07265	0.00481	0.00403	0.00129	0.01634	0.00397	0.00287	0.00561
46	0.01142	0.71133	0.04697	0.00761	0.01120	0.01574	0.00748	0.06876	0.06459	0.01168	0.00696	0.00766	0.00602	0.00385	0.00295	0.00097	0.00448	0.00255	0.00213	0.00563

[dist]
# distance from previous block
# <min> <max>
0	41

[block]
# block no. 1 follows, 63 sequences, length 23
# corresponding to MSA columns:
# 173-195
name=unknown_B
#
# <colnr> <probs for GDERKNQSTAVLIFYWHMCP>
#	G	D	E	R	K	N	Q	S	T	A	V	L	I	F	Y	W	H	M	C	P
0	0.00556	0.00413	0.00535	0.00590	0.00657	0.00368	0.00403	0.00643	0.00813	0.01109	0.02124	0.74643	0.02516	0.01194	0.00509	0.00157	0.00252	0.01079	0.00373	0.11064
1	0.00626	0.00452	0.00592	0.00586	0.00631	0.00494	0.00410	0.02299	0.00686	0.00949	0.01333	0.06426	0.03288	0.38654	0.38224	0.00497	0.02702	0.00566	0.00253	0.00329
2	0.07275	0.07383	0.05182	0.22934	0.08502	0.14797	0.05466	0.15820	0.01120	0.03467	0.00780	0.00960	0.00600	0.00437	0.00429	0.00128	0.03574	0.00341	0.00250	0.00555
3	0.00532	0.00388	0.00505	0.00586	0.00634	0.00361	0.00414	0.00627	0.00856	0.01125	0.05722	0.63672	0.11856	0.01253	0.00535	0.00168	0.00254	0.09769	0.00393	0.00350
4	0.00610	0.00456	0.00661	0.00657	0.00720	0.00528	0.00499	0.00738	0.00666	0.00955	0.01139	0.01782	0.01103	0.14182	0.70557	0.00627	0.03061	0.00470	0.00228	0.00361
5	0.01466	0.02670	0.03680	0.00993	0.01248	0.45075	0.00789	0.12027	0.14339	0.09338	0.00990	0.01053	0.00761	0.00488	0.00417	0.00121	0.02146	0.01521	0.00307	0.00571
6	0.00630	0.00470	0.00608	0.00671	0.00775	0.00456	0.00558	0.00825	0.03465	0.01254	0.07147	0.11944	0.19542	0.01120	0.00549	0.00175	0.00324	0.48708	0.00394	0.00385
7	0.00542	0.00400	0.00507	0.00538	0.00610	0.00365	0.00382	0.00669	0.00978	0.01321	0.33685	0.40523	0.15731	0.01100	0.00515	0.00151	0.00221	0.00978	0.00418	0.00365
8	0.01486	0.01777	0.01215	0.01134	0.05053	0.64568	0.00832	0.07965	0.05099	0.01208	0.00731	0.00839	0.00597	0.00460	0.00443	0.00116	0.05416	0.00299	0.00241	0.00521
9	0.02771	0.10170	0.01377	0.02199	0.05928	0.07518	0.15007	0.14397	0.06266	0.12186	0.03831	0.02625	0.02262	0.00484	0.00402	0.00123	0.00459	0.00419	0.11001	0.00575
10	0.00635	0.00453	0.00581	0.00595	0.00692	0.00431	0.00453	0.00842	0.04890	0.03431	0.38496	0.22415	0.09545	0.01010	0.00514	0.00152	0.00251	0.13787	0.00427	0.00400
11	0.01023	0.00981	0.01675	0.08398	0.76923	0.00994	0.01281	0.01275	0.00949	0.01352	0.00788	0.01046	0.00658	0.00378	0.00416	0.00126	0.00504	0.00374	0.00207	0.00652
12	0.02949	0.06500	0.02768	0.00966	0.08972	0.21825	0.00695	0.01411	0.14309	0.06357	0.15922	0.05612	0.06795	0.00626	0.00425	0.00128	0.00437	0.02448	0.00335	0.00519
13	0.06549	0.23520	0.52129	0.01067	0.01586	0.01157	0.05957	0.01307	0.00874	0.01280	0.00705	0.00834	0.00536	0.00386	0.00363	0.00122	0.00563	0.00294	0.00185	0.00586
14	0.00514	0.00370	0.00488	0.00578	0.00609	0.00344	0.00388	0.00592	0.00821	0.01093	0.04698	0.79677	0.05683	0.01295	0.00534	0.00169	0.00241	0.01171	0.00392	0.00344
15	0.00540	0.00405	0.00586	0.00646	0.00692	0.00379	0.04108	0.00630	0.00819	0.01092	0.02246	0.78391	0.02670	0.01268	0.00536	0.00170	0.00270	0.03817	0.00382	0.00353
16	0.00730	0.00365	0.00548	0.00548	0.00548	0.00365	0.00365	0.00548	0.00548	0.00730	0.00730	0.01278	0.00730	0.01460	0.01643	0.87769	0.00365	0.00365	0.00183	0.00183
17	0.39028	0.00929	0.00902	0.00739	0.01025	0.01035	0.00606	0.30367	0.07958	0.09172	0.00953	0.00970	0.00691	0.00461	0.00347	0.00129	0.00374	0.00326	0.03400	0.00587
18	0.23438	0.01025	0.01560	0.10571	0.06014	0.05500	0.31283	0.08042	0.01000	0.03778	0.02223	0.01021	0.00653	0.00408	0.00421	0.00135	0.01750	0.00386	0.00252	0.00540
19	0.12551	0.13679	0.17695	0.01343	0.19247	0.15000	0.06083	0.03291	0.04944	0.01366	0.00757	0.00894	0.00602	0.00401	0.00371	0.00121	0.00541	0.00316	0.00222	0.00576
20	0.02769	0.24511	0.06291	0.00935	0.02186	0.05612	0.10294	0.13742	0.01076	0.03729	0.01885	0.05839	0.02199	0.00516	0.00426	0.00121	0.04110	0.03697	0.04187	0.05876
21	0.10776	0.08224	0.14540	0.02428	0.01243	0.05558	0.03068	0.12329	0.13198	0.07239	0.03871	0.01263	0.00916	0.00502	0.00423	0.00128	0.03375	0.03804	0.01581	0.05534
22	0.00997	0.07005	0.23524	0.08885	0.01476	0.06865	0.06114	0.06258	0.05753	0.05876	0.05773	0.05798	0.02055	0.00519	0.00411	0.00127	0.00489	0.02396	0.01812	0.07869

[dist]
# distance from previous block
# <min> <max>
20	110

[block]
# block no. 2 follows, 63 sequences, length 9
# corresponding to MSA columns:
# 340-348
name=unknown_C
#
# <colnr> <probs for GDERKNQSTAVLIFYWHMCP>
#	G	D	E	R	K	N	Q	S	T	A	V	L	I	F	Y	W	H	M	C	P
0	0.08805	0.01610	0.04498	0.00933	0.01151	0.57166	0.00732	0.01433	0.01095	0.01149	0.02962	0.03531	0.10160	0.00552	0.00395	0.00119	0.00617	0.02371	0.00253	0.00467
1	0.01175	0.75993	0.02088	0.00761	0.01104	0.10968	0.00730	0.01306	0.00892	0.00994	0.00592	0.00684	0.00540	0.00368	0.00282	0.00092	0.00485	0.00230	0.00184	0.00534
2	0.01423	0.01041	0.01120	0.00877	0.01154	0.01145	0.00703	0.66948	0.01735	0.02325	0.01065	0.01317	0.00859	0.15490	0.00725	0.00176	0.00453	0.00420	0.00391	0.00634
3	0.76223	0.00873	0.03794	0.05882	0.01000	0.00957	0.00554	0.04137	0.00776	0.01842	0.00617	0.00730	0.00474	0.00397	0.00281	0.00131	0.00356	0.00245	0.00258	0.00472
4	0.00680	0.00447	0.00533	0.00529	0.00656	0.00393	0.00396	0.00802	0.00985	0.10499	0.15005	0.22748	0.39518	0.01036	0.00501	0.00148	0.00242	0.04065	0.00416	0.00400
5	0.00875	0.11758	0.73747	0.01143	0.01734	0.01055	0.01457	0.01323	0.00884	0.01292	0.00735	0.00863	0.00533	0.00395	0.00384	0.00128	0.00602	0.00301	0.00178	0.00612
6	0.26640	0.08294	0.11836	0.00872	0.01192	0.23263	0.00782	0.13681	0.01107	0.07627	0.00769	0.00835	0.00579	0.00428	0.00348	0.00121	0.00514	0.00287	0.00275	0.00552
7	0.03448	0.06972	0.58606	0.01057	0.01580	0.00990	0.01271	0.05287	0.05657	0.01433	0.03990	0.01001	0.00723	0.00424	0.00388	0.00126	0.00542	0.00330	0.00222	0.05953
8	0.08509	0.19191	0.15653	0.00921	0.01267	0.13965	0.05635	0.10792	0.03969	0.05003	0.02735	0.02587	0.00761	0.01839	0.00395	0.00122	0.00505	0.00342	0.02548	0.03262

[dist]
# distance from previous block
# <min> <max>
2	36

[block]
# block no. 3 follows, 63 sequences, length 39
# corresponding to MSA columns:
# 385-423
name=unknown_D
#
# <colnr> <probs for GDERKNQSTAVLIFYWHMCP>
#	G	D	E	R	K	N	Q	S	T	A	V	L	I	F	Y	W	H	M	C	P
0	0.01242	0.04784	0.07567	0.08205	0.01430	0.11123	0.10321	0.10996	0.09622	0.17378	0.05803	0.04844	0.01050	0.00567	0.01779	0.00140	0.01786	0.00443	0.00336	0.00584
1	0.00980	0.00982	0.11910	0.23450	0.06469	0.02022	0.09130	0.09961	0.02217	0.08741	0.04356	0.05831	0.09740	0.01793	0.00467	0.00141	0.00481	0.00498	0.00293	0.00538
2	0.01049	0.00554	0.00705	0.00633	0.00805	0.00512	0.00486	0.02630	0.05785	0.28735	0.19000	0.18708	0.10533	0.04921	0.00556	0.00156	0.00290	0.02993	0.00445	0.00503
3	0.01685	0.00999	0.16290	0.00837	0.01218	0.00701	0.00797	0.03849	0.01163	0.65721	0.01474	0.01319	0.00938	0.00497	0.00418	0.00131	0.00409	0.00401	0.00454	0.00698
4	0.01123	0.08911	0.20183	0.06744	0.16572	0.03812	0.12381	0.02451	0.04912	0.13791	0.00963	0.02395	0.00728	0.00439	0.00439	0.00130	0.02769	0.00385	0.00261	0.00609
5	0.03241	0.12768	0.01332	0.07970	0.03349	0.27415	0.04535	0.12523	0.05464	0.12703	0.00934	0.01002	0.00702	0.00447	0.00383	0.00118	0.00541	0.00337	0.03668	0.00569
6	0.00650	0.00404	0.00444	0.00444	0.00465	0.00404	0.00263	0.00693	0.00671	0.00983	0.01335	0.02487	0.01428	0.66362	0.01729	0.00339	0.00360	0.00562	0.19691	0.00285
7	0.02603	0.00832	0.01436	0.58913	0.19683	0.00958	0.07329	0.01144	0.00874	0.01175	0.00761	0.01096	0.00587	0.00405	0.00422	0.00137	0.00554	0.00380	0.00195	0.00517
8	0.00837	0.00796	0.01216	0.65921	0.05276	0.03416	0.01081	0.01163	0.06739	0.01136	0.00946	0.01289	0.03214	0.00474	0.00457	0.00141	0.03388	0.01810	0.00216	0.00484
9	0.00920	0.00920	0.01288	0.01104	0.01104	0.01288	0.00920	0.01012	0.00644	0.01012	0.00552	0.00920	0.00552	0.00736	0.01380	0.00184	0.84457	0.00368	0.00184	0.00460
10	0.00512	0.00366	0.00488	0.00585	0.00610	0.00341	0.00390	0.00585	0.00805	0.01073	0.02317	0.84952	0.02780	0.01317	0.00537	0.00171	0.00244	0.01195	0.00390	0.00341
11	0.01908	0.00861	0.01103	0.28963	0.04095	0.07866	0.00881	0.06121	0.05068	0.01212	0.01961	0.03774	0.03906	0.00901	0.10715	0.00212	0.17387	0.02344	0.00244	0.00477
12	0.88196	0.00813	0.00618	0.00553	0.00813	0.00943	0.00455	0.01236	0.00715	0.01886	0.00585	0.00683	0.00455	0.00390	0.00260	0.00130	0.00325	0.00228	0.00260	0.00455
13	0.00512	0.00366	0.00488	0.00585	0.00610	0.00341	0.00390	0.00585	0.00805	0.01073	0.02317	0.84952	0.02780	0.01317	0.00537	0.00171	0.00244	0.01195	0.00390	0.00341
14	0.00867	0.00820	0.01195	0.15559	0.01414	0.01052	0.05100	0.01174	0.12505	0.01143	0.00866	0.01182	0.00747	0.01039	0.14725	0.00250	0.39244	0.00405	0.00228	0.00483
15	0.00955	0.00894	0.01372	0.41048	0.09389	0.02267	0.06606	0.09828	0.02564	0.01291	0.00789	0.02338	0.00638	0.00502	0.00622	0.00146	0.17613	0.00395	0.00224	0.00520
16	0.01409	0.03239	0.01089	0.00847	0.01125	0.07097	0.00689	0.50505	0.06661	0.05311	0.01108	0.01137	0.00813	0.00498	0.00391	0.00120	0.00422	0.00377	0.16532	0.00631
17	0.00508	0.00383	0.00470	0.00539	0.00598	0.00345	0.00370	0.00591	0.00849	0.01091	0.02876	0.61663	0.25708	0.01244	0.00525	0.00162	0.00235	0.01106	0.00390	0.00345
18	0.03232	0.04522	0.19445	0.22316	0.15068	0.06518	0.08192	0.03874	0.02208	0.08186	0.00845	0.01032	0.00630	0.00418	0.00424	0.00131	0.01789	0.00360	0.00233	0.00578
19	0.03110	0.01072	0.03192	0.13087	0.11278	0.03062	0.47019	0.02698	0.02130	0.02493	0.00824	0.01092	0.00633	0.00402	0.00520	0.00141	0.06030	0.00439	0.00219	0.00560
20	0.00637	0.00455	0.00627	0.00721	0.00801	0.00449	0.00600	0.00799	0.00925	0.01207	0.02263	0.22339	0.03838	0.02768	0.00599	0.00192	0.00353	0.59669	0.00385	0.00374
21	0.01044	0.00894	0.00941	0.00843	0.01080	0.01028	0.00657	0.04912	0.75945	0.01765	0.01785	0.01645	0.04401	0.00587	0.00430	0.00142	0.00333	0.00488	0.00426	0.00655
22	0.01055	0.11085	0.38788	0.00989	0.01416	0.00926	0.04919	0.06299	0.01004	0.14912	0.02735	0.11956	0.00995	0.00548	0.00414	0.00133	0.00495	0.00457	0.00285	0.00590
23	0.01842	0.00706	0.00961	0.00740	0.01058	0.00610	0.00610	0.02006	0.01203	0.80132	0.04405	0.01489	0.01140	0.00532	0.00425	0.00130	0.00352	0.00434	0.00518	0.00705
24	0.01877	0.00729	0.00984	0.00755	0.01080	0.00638	0.00623	0.04430	0.01226	0.80481	0.01639	0.01418	0.01031	0.00520	0.00423	0.00130	0.00361	0.00421	0.00517	0.00715
25	0.01258	0.01413	0.19661	0.02325	0.01500	0.16213	0.13708	0.12040	0.05849	0.13552	0.04606	0.01144	0.00848	0.00473	0.00458	0.00131	0.03531	0.00391	0.00301	0.00599
26	0.00675	0.02069	0.00831	0.00758	0.00849	0.00649	0.03281	0.02747	0.00718	0.01032	0.01054	0.01537	0.00976	0.02734	0.70106	0.00591	0.08328	0.00439	0.00225	0.00400
27	0.00511	0.00370	0.00484	0.00575	0.00607	0.00342	0.00386	0.00586	0.00814	0.01077	0.02439	0.79883	0.07770	0.01301	0.00534	0.00169	0.00242	0.01176	0.00390	0.00342
28	0.01029	0.00870	0.00918	0.00824	0.01058	0.00992	0.00642	0.03399	0.73282	0.03099	0.01884	0.01738	0.07186	0.00604	0.00433	0.00142	0.00327	0.00503	0.00426	0.00644
29	0.01042	0.00747	0.01010	0.12508	0.08414	0.03499	0.03927	0.10690	0.06214	0.13823	0.03381	0.23692	0.01423	0.00771	0.00529	0.05228	0.00403	0.01834	0.00349	0.00516
30	0.00886	0.00797	0.01250	0.72669	0.02667	0.00976	0.01112	0.09380	0.03835	0.01261	0.00808	0.01125	0.00602	0.00434	0.00421	0.00139	0.00542	0.00378	0.00219	0.00500
31	0.00655	0.00490	0.00714	0.00712	0.00791	0.00557	0.00549	0.00791	0.00711	0.01028	0.01176	0.01718	0.01097	0.03166	0.82913	0.00681	0.01138	0.00467	0.00243	0.00404
32	0.01044	0.01168	0.02504	0.01799	0.02226	0.01090	0.80452	0.01382	0.01025	0.01395	0.00902	0.01205	0.00687	0.00390	0.00518	0.00151	0.00724	0.00512	0.00231	0.00594
33	0.01318	0.01250	0.12538	0.03692	0.05984	0.11599	0.00915	0.20074	0.04363	0.13456	0.03840	0.01253	0.01928	0.00692	0.04796	0.00171	0.10768	0.00404	0.00335	0.00622
34	0.01125	0.60682	0.19557	0.00853	0.01261	0.01454	0.00906	0.01325	0.00920	0.04305	0.03518	0.00908	0.00725	0.00427	0.00335	0.00112	0.00492	0.00288	0.00221	0.00586
35	0.00604	0.00468	0.00537	0.00518	0.00641	0.00410	0.00384	0.00743	0.01112	0.01472	0.44835	0.03623	0.41094	0.00988	0.00518	0.00146	0.00225	0.00834	0.00445	0.00405
36	0.71415	0.09919	0.00842	0.00621	0.00890	0.03161	0.00515	0.01295	0.00793	0.03530	0.00688	0.00802	0.00550	0.00429	0.00293	0.00134	0.00365	0.00256	0.03007	0.00496
37	0.39688	0.08396	0.00985	0.00723	0.01008	0.04990	0.00594	0.06688	0.00991	0.18562	0.02650	0.01013	0.00749	0.00474	0.00383	0.00131	0.03269	0.00316	0.00334	0.08056
38	0.02592	0.00929	0.01290	0.05984	0.01410	0.03234	0.16082	0.12109	0.04919	0.13081	0.08028	0.01327	0.01055	0.00481	0.00429	0.00123	0.00452	0.00418	0.00343	0.25713

[dist]
# distance from previous block
# <min> <max>
0	63

# created by:
# /st0/software/busco_prod/Augustus/scripts/msa2prfl.pl ./align_prep/101869.fa
