[name]
unknown

[dist]
# distance from previous block
# <min> <max>
12	355

[block]
# block no. 0 follows, 65 sequences, length 6
# corresponding to MSA columns:
# 391-396
name=unknown_A
#
# <colnr> <probs for GDERKNQSTAVLIFYWHMCP>
#	G	D	E	R	K	N	Q	S	T	A	V	L	I	F	Y	W	H	M	C	P
0	0.00797	0.00662	0.06538	0.00668	0.02547	0.00566	0.00531	0.06923	0.07309	0.06799	0.14599	0.17184	0.12902	0.06939	0.02995	0.00166	0.00326	0.00658	0.05674	0.05215
1	0.06250	0.03772	0.03646	0.02689	0.01017	0.09722	0.06779	0.05790	0.05968	0.07169	0.05442	0.14613	0.07432	0.07319	0.00548	0.00149	0.00397	0.01967	0.03320	0.06010
2	0.04231	0.09338	0.04820	0.00814	0.01055	0.06497	0.09936	0.07679	0.07135	0.04779	0.11142	0.10599	0.04711	0.00701	0.03901	0.00145	0.00423	0.00510	0.06259	0.05325
3	0.04286	0.00729	0.03647	0.00779	0.00958	0.04705	0.09910	0.06450	0.03623	0.07216	0.14051	0.20546	0.11240	0.04310	0.03241	0.00168	0.02663	0.00679	0.00348	0.00451
4	0.03713	0.02847	0.02966	0.00787	0.02567	0.02777	0.03522	0.12580	0.10509	0.15357	0.12648	0.12024	0.02957	0.00662	0.00478	0.01844	0.03411	0.00537	0.05393	0.02418
5	0.06330	0.05326	0.04813	0.00855	0.02687	0.09340	0.04725	0.14950	0.06562	0.16203	0.05178	0.03164	0.04137	0.03338	0.02889	0.00146	0.00445	0.02212	0.00340	0.06363

[dist]
# distance from previous block
# <min> <max>
0	1

[block]
# block no. 1 follows, 65 sequences, length 203
# corresponding to MSA columns:
# 398-460,464-499,504-564,642-684
name=unknown_B
#
# <colnr> <probs for GDERKNQSTAVLIFYWHMCP>
#	G	D	E	R	K	N	Q	S	T	A	V	L	I	F	Y	W	H	M	C	P
0	0.02202	0.05451	0.25558	0.01039	0.01424	0.03773	0.14763	0.15106	0.04387	0.04099	0.07100	0.03143	0.05191	0.00492	0.00414	0.00126	0.00495	0.00427	0.00282	0.04529
1	0.04386	0.02155	0.09697	0.00829	0.01125	0.00870	0.03399	0.17243	0.17794	0.11728	0.06795	0.01604	0.06344	0.00561	0.00431	0.00128	0.02085	0.04111	0.00363	0.08351
2	0.01129	0.06426	0.02405	0.00882	0.03335	0.05767	0.03565	0.07901	0.30510	0.09566	0.01175	0.01181	0.00889	0.00474	0.00435	0.00118	0.05177	0.00373	0.03030	0.15661
3	0.09897	0.00771	0.02374	0.08359	0.07523	0.00770	0.16617	0.04830	0.01030	0.09661	0.25400	0.01739	0.04228	0.00567	0.00476	0.00133	0.04294	0.00506	0.00326	0.00502
4	0.00871	0.00739	0.00837	0.00621	0.00946	0.02032	0.00487	0.05118	0.00893	0.01350	0.00826	0.03581	0.00736	0.06116	0.00438	0.00091	0.00324	0.00302	0.00256	0.73435
5	0.00774	0.00465	0.03135	0.00582	0.00623	0.00437	0.00421	0.06047	0.00639	0.00858	0.00732	0.01218	0.00706	0.01331	0.01486	0.79399	0.00371	0.00356	0.00194	0.00227
6	0.00625	0.00492	0.00671	0.00667	0.00742	0.03579	0.00514	0.00758	0.00673	0.00945	0.01074	0.01588	0.01006	0.04379	0.76895	0.03326	0.01051	0.00434	0.00219	0.00363
7	0.00857	0.02032	0.77409	0.01159	0.01744	0.00948	0.02939	0.01344	0.03383	0.03308	0.00789	0.00904	0.00557	0.00397	0.00393	0.00130	0.00593	0.00314	0.00190	0.00609
8	0.01385	0.10638	0.01210	0.00927	0.01183	0.41121	0.00734	0.12737	0.13834	0.06063	0.00928	0.01009	0.00732	0.00461	0.00376	0.00113	0.00557	0.01927	0.00289	0.03777
9	0.00506	0.00361	0.00483	0.00578	0.00605	0.00338	0.00391	0.00582	0.00792	0.01054	0.02259	0.82357	0.02702	0.01280	0.00526	0.00168	0.00243	0.04058	0.00381	0.00335
10	0.00851	0.00730	0.00851	0.00608	0.00973	0.00547	0.00486	0.01034	0.00851	0.01338	0.00730	0.00851	0.00608	0.00304	0.00304	0.00061	0.00304	0.00243	0.00243	0.88083
11	0.01792	0.00686	0.00935	0.00724	0.01031	0.00593	0.00595	0.01948	0.01161	0.80268	0.01643	0.04488	0.01079	0.00537	0.00417	0.00128	0.00345	0.00441	0.00503	0.00685
12	0.00579	0.00420	0.00545	0.00514	0.00612	0.00386	0.00385	0.00770	0.01156	0.01633	0.80884	0.03088	0.05794	0.00844	0.00484	0.00129	0.00194	0.00745	0.00450	0.00386
13	0.01668	0.00689	0.00909	0.00714	0.01010	0.00615	0.00584	0.01901	0.07357	0.70231	0.03573	0.01600	0.06102	0.00552	0.00419	0.00129	0.00335	0.00452	0.00492	0.00666
14	0.00713	0.00495	0.00678	0.00750	0.00854	0.00496	0.00646	0.03836	0.00977	0.03263	0.02122	0.09620	0.02291	0.01105	0.00555	0.00184	0.00371	0.70266	0.00383	0.00395
15	0.01108	0.81136	0.03664	0.00724	0.01075	0.04643	0.00721	0.01246	0.00847	0.00974	0.00576	0.00665	0.00527	0.00355	0.00270	0.00089	0.00453	0.00223	0.00177	0.00526
16	0.00586	0.00440	0.00660	0.00660	0.00733	0.00513	0.00513	0.00733	0.00660	0.00953	0.01100	0.01613	0.01026	0.03079	0.83947	0.00660	0.01100	0.00440	0.00220	0.00367
17	0.01016	0.00975	0.01666	0.02520	0.83013	0.00975	0.01260	0.01260	0.00935	0.01341	0.00772	0.01016	0.00650	0.00366	0.00406	0.00122	0.00488	0.00366	0.00203	0.00650
18	0.00578	0.00419	0.00544	0.00513	0.00611	0.00386	0.00385	0.00768	0.01154	0.01627	0.80052	0.03097	0.06630	0.00846	0.00484	0.00129	0.00194	0.00747	0.00449	0.00386
19	0.00886	0.00890	0.01297	0.01094	0.01125	0.01207	0.05846	0.00994	0.00656	0.01009	0.00638	0.00986	0.02065	0.00766	0.03522	0.00189	0.75813	0.00378	0.00186	0.00451
20	0.00500	0.00414	0.00438	0.00437	0.00565	0.00352	0.00326	0.00616	0.00963	0.01187	0.15864	0.07135	0.67746	0.01020	0.00487	0.00138	0.00207	0.00860	0.00392	0.00352
21	0.01101	0.78563	0.06922	0.00731	0.01096	0.01557	0.00748	0.01254	0.00845	0.03222	0.00609	0.00691	0.00540	0.00358	0.00275	0.00091	0.00446	0.00230	0.00184	0.00536
22	0.01374	0.00713	0.00905	0.00673	0.01012	0.00577	0.00548	0.01544	0.01022	0.44617	0.01199	0.01139	0.00824	0.00412	0.00361	0.00096	0.00328	0.00333	0.00383	0.41939
23	0.88473	0.00794	0.00603	0.00540	0.00794	0.00921	0.00445	0.01207	0.00699	0.01842	0.00572	0.00667	0.00445	0.00381	0.00254	0.00127	0.00318	0.00222	0.00254	0.00445
24	0.01016	0.00975	0.01666	0.02520	0.83013	0.00975	0.01260	0.01260	0.00935	0.01341	0.00772	0.01016	0.00650	0.00366	0.00406	0.00122	0.00488	0.00366	0.00203	0.00650
25	0.00823	0.02123	0.83447	0.01170	0.01777	0.00953	0.01517	0.01300	0.00867	0.01300	0.00737	0.00867	0.00520	0.00390	0.00390	0.00130	0.00607	0.00303	0.00173	0.00607
26	0.01097	0.85821	0.02151	0.00702	0.01054	0.01624	0.00702	0.01229	0.00834	0.00966	0.00571	0.00658	0.00527	0.00351	0.00263	0.00088	0.00439	0.00219	0.00176	0.00527
27	0.00765	0.00383	0.00383	0.00383	0.00478	0.00383	0.00287	0.00956	0.00861	0.01530	0.01339	0.01530	0.01052	0.00478	0.00287	0.00096	0.00191	0.00383	0.87853	0.00383
28	0.00587	0.00438	0.00652	0.00652	0.00723	0.00509	0.00504	0.00728	0.00658	0.00947	0.01106	0.01650	0.01042	0.05958	0.81090	0.00651	0.01075	0.00445	0.00221	0.00362
29	0.00649	0.00468	0.00575	0.00552	0.00577	0.00513	0.00366	0.03383	0.00656	0.00901	0.01190	0.02289	0.01305	0.60417	0.17916	0.00424	0.06733	0.00541	0.00243	0.00302
30	0.00969	0.01107	0.02422	0.01730	0.02145	0.01038	0.81522	0.01315	0.00969	0.01315	0.00830	0.01107	0.00623	0.00346	0.00484	0.00138	0.00692	0.00484	0.00208	0.00554
31	0.00587	0.00437	0.00644	0.00644	0.00712	0.00505	0.00494	0.00723	0.00655	0.00941	0.01114	0.01692	0.01061	0.09161	0.77912	0.00640	0.01048	0.00451	0.00222	0.00358
32	0.00658	0.00437	0.00573	0.00530	0.00640	0.00401	0.00401	0.00850	0.01163	0.06640	0.77832	0.02964	0.03698	0.00819	0.00480	0.00129	0.00203	0.00722	0.00455	0.00406
33	0.01355	0.01628	0.01503	0.01240	0.02510	0.52825	0.22041	0.06418	0.01139	0.01192	0.00708	0.00861	0.00567	0.00412	0.00426	0.00117	0.02729	0.00332	0.00222	0.01777
34	0.00993	0.00730	0.00910	0.02752	0.01915	0.00583	0.02163	0.02334	0.00926	0.12920	0.03884	0.01025	0.00786	0.00359	0.00335	0.00078	0.00324	0.00297	0.00288	0.66397
35	0.85881	0.00804	0.00622	0.00552	0.00808	0.00931	0.00455	0.03606	0.00735	0.01864	0.00584	0.00676	0.00452	0.00384	0.00259	0.00127	0.00322	0.00227	0.00259	0.00452
36	0.01828	0.00721	0.00967	0.00741	0.01059	0.00637	0.00612	0.06007	0.01213	0.79237	0.01588	0.01376	0.01000	0.00507	0.00413	0.00127	0.00354	0.00411	0.00503	0.00699
37	0.01026	0.06077	0.01003	0.00827	0.01067	0.01058	0.00653	0.02123	0.77291	0.01671	0.01603	0.01478	0.01209	0.00544	0.00408	0.00136	0.00332	0.00449	0.00403	0.00642
38	0.00590	0.00395	0.00450	0.00457	0.00459	0.00393	0.00259	0.00595	0.00611	0.00815	0.01367	0.08923	0.01585	0.79211	0.01971	0.00381	0.00386	0.00640	0.00259	0.00255
39	0.00587	0.00438	0.00651	0.00651	0.00721	0.00508	0.00502	0.00727	0.00657	0.00946	0.01108	0.01657	0.01046	0.06516	0.80536	0.00649	0.01070	0.00446	0.00221	0.00362
40	0.00730	0.00462	0.00601	0.00547	0.00672	0.00426	0.00417	0.00942	0.03172	0.10641	0.70768	0.02856	0.04566	0.00798	0.00475	0.00129	0.00214	0.00701	0.00456	0.00428
41	0.01533	0.01240	0.01224	0.00963	0.01265	0.11499	0.00786	0.68775	0.01787	0.02332	0.00926	0.00952	0.00671	0.00492	0.00440	0.00123	0.03595	0.00356	0.00377	0.00661
42	0.00619	0.00407	0.00473	0.00469	0.00480	0.00411	0.00275	0.00633	0.00612	0.02319	0.01285	0.02581	0.01448	0.77712	0.08314	0.00413	0.00451	0.00582	0.00251	0.00266
43	0.01027	0.01107	0.02279	0.01638	0.02036	0.01066	0.71783	0.09380	0.01059	0.01436	0.00840	0.01091	0.00629	0.00368	0.00494	0.00138	0.02365	0.00470	0.00227	0.00566
44	0.00581	0.00420	0.00549	0.00516	0.00613	0.00387	0.00387	0.00775	0.01162	0.01646	0.82797	0.03066	0.03873	0.00839	0.00484	0.00129	0.00194	0.00742	0.00452	0.00387
45	0.00518	0.00383	0.00484	0.00530	0.00593	0.00349	0.00371	0.00626	0.00908	0.01211	0.23067	0.50264	0.16930	0.01130	0.00507	0.00152	0.00222	0.01007	0.00399	0.00349
46	0.00825	0.00753	0.01267	0.74422	0.10684	0.00911	0.01138	0.01093	0.00841	0.03117	0.00756	0.01094	0.00569	0.00408	0.00410	0.00135	0.00536	0.00366	0.00193	0.00481
47	0.88473	0.00794	0.00603	0.00540	0.00794	0.00921	0.00445	0.01207	0.00699	0.01842	0.00572	0.00667	0.00445	0.00381	0.00254	0.00127	0.00318	0.00222	0.00254	0.00445
48	0.88473	0.00794	0.00603	0.00540	0.00794	0.00921	0.00445	0.01207	0.00699	0.01842	0.00572	0.00667	0.00445	0.00381	0.00254	0.00127	0.00318	0.00222	0.00254	0.00445
49	0.01097	0.85821	0.02151	0.00702	0.01054	0.01624	0.00702	0.01229	0.00834	0.00966	0.00571	0.00658	0.00527	0.00351	0.00263	0.00088	0.00439	0.00219	0.00176	0.00527
50	0.83249	0.00801	0.00619	0.01508	0.00823	0.02295	0.00462	0.01197	0.00714	0.01797	0.00626	0.01805	0.00512	0.00408	0.00267	0.00128	0.00327	0.01762	0.00256	0.00443
51	0.00809	0.00697	0.00990	0.01308	0.26146	0.04747	0.00843	0.01007	0.00948	0.01246	0.01669	0.05810	0.01756	0.00867	0.00507	0.00164	0.00425	0.49280	0.00316	0.00465
52	0.01759	0.00674	0.00909	0.00704	0.01004	0.00586	0.00579	0.01921	0.01151	0.77049	0.01598	0.01407	0.01019	0.00506	0.00403	0.00125	0.00337	0.00410	0.07183	0.00674
53	0.88473	0.00794	0.00603	0.00540	0.00794	0.00921	0.00445	0.01207	0.00699	0.01842	0.00572	0.00667	0.00445	0.00381	0.00254	0.00127	0.00318	0.00222	0.00254	0.00445
54	0.00591	0.00395	0.00449	0.00455	0.00457	0.00394	0.00257	0.00595	0.00608	0.00811	0.01353	0.07739	0.01567	0.80419	0.01994	0.00384	0.00388	0.00632	0.00257	0.00254
55	0.01793	0.00710	0.00986	0.00754	0.01070	0.00620	0.02609	0.03096	0.01180	0.78613	0.03084	0.01415	0.01054	0.00510	0.00416	0.00127	0.00356	0.00420	0.00498	0.00689
56	0.00581	0.00420	0.00549	0.00516	0.00613	0.00387	0.00387	0.00775	0.01162	0.01646	0.82797	0.03066	0.03873	0.00839	0.00484	0.00129	0.00194	0.00742	0.00452	0.00387
57	0.00780	0.00737	0.01232	0.81069	0.02753	0.00927	0.01130	0.01046	0.00813	0.01046	0.00722	0.01086	0.00547	0.00423	0.00450	0.00139	0.04097	0.00365	0.00182	0.00456
58	0.01245	0.05810	0.01255	0.01046	0.01178	0.43712	0.00832	0.02604	0.00934	0.01020	0.00597	0.00806	0.00536	0.00544	0.00775	0.00136	0.35997	0.00304	0.00199	0.00471
59	0.00851	0.00730	0.00851	0.00608	0.00973	0.00547	0.00486	0.01034	0.00851	0.01338	0.00730	0.00851	0.00608	0.00304	0.00304	0.00061	0.00304	0.00243	0.00243	0.88083
60	0.02374	0.03403	0.12040	0.05196	0.01378	0.23929	0.05038	0.18392	0.05321	0.11985	0.00994	0.04139	0.00774	0.00490	0.00414	0.00124	0.01622	0.01510	0.00303	0.00574
61	0.86140	0.00825	0.00618	0.00554	0.00807	0.03149	0.00454	0.01218	0.00711	0.01819	0.00573	0.00669	0.00447	0.00382	0.00257	0.00126	0.00329	0.00223	0.00253	0.00445
62	0.00932	0.01167	0.18531	0.01333	0.04195	0.01909	0.39942	0.01262	0.02031	0.06628	0.11995	0.03887	0.02019	0.00477	0.00470	0.00135	0.01787	0.00493	0.00262	0.00544
63	0.00496	0.00407	0.00436	0.00448	0.00566	0.00348	0.00329	0.00602	0.00932	0.01145	0.10540	0.16252	0.63959	0.01060	0.00491	0.00142	0.00211	0.00902	0.00387	0.00348
64	0.00581	0.00420	0.00549	0.00516	0.00613	0.00387	0.00387	0.00775	0.01162	0.01646	0.82797	0.03066	0.03873	0.00839	0.00484	0.00129	0.00194	0.00742	0.00452	0.00387
65	0.00850	0.00818	0.01182	0.01175	0.11457	0.01070	0.00858	0.00960	0.00683	0.01032	0.00776	0.08513	0.00800	0.02510	0.07063	0.00210	0.58942	0.00442	0.00205	0.00455
66	0.00875	0.00724	0.00850	0.00614	0.00973	0.00547	0.00493	0.01056	0.00862	0.03562	0.00780	0.00936	0.00651	0.00325	0.00312	0.00065	0.00307	0.01719	0.00253	0.84096
67	0.00586	0.00440	0.00660	0.00660	0.00733	0.00513	0.00513	0.00733	0.00660	0.00953	0.01100	0.01613	0.01026	0.03079	0.83947	0.00660	0.01100	0.00440	0.00220	0.00367
68	0.00923	0.01278	0.18201	0.01578	0.02016	0.00996	0.62883	0.01285	0.00942	0.01302	0.00865	0.04162	0.00680	0.00389	0.00467	0.00138	0.00659	0.00474	0.00207	0.00556
69	0.00706	0.00357	0.00533	0.00536	0.00537	0.00356	0.00357	0.00536	0.00542	0.00723	0.00761	0.03837	0.00775	0.01422	0.01571	0.85350	0.00353	0.00381	0.00184	0.00183
70	0.00818	0.00788	0.01408	0.35549	0.21648	0.00846	0.14932	0.01061	0.00868	0.01165	0.01030	0.16036	0.00970	0.00544	0.00442	0.00139	0.00503	0.00528	0.00227	0.00498
71	0.01317	0.00797	0.01073	0.00849	0.03984	0.00709	0.06785	0.07456	0.06962	0.33408	0.01173	0.01148	0.00823	0.00421	0.00380	0.00105	0.00370	0.00357	0.00367	0.31515
72	0.01428	0.03488	0.01213	0.00992	0.01246	0.34487	0.02127	0.32417	0.10709	0.01698	0.00884	0.00938	0.00679	0.00479	0.00447	0.00121	0.05419	0.00336	0.00309	0.00582
73	0.04494	0.00924	0.01079	0.00830	0.01151	0.00944	0.00685	0.41248	0.01532	0.40874	0.01273	0.01171	0.00841	0.00496	0.00407	0.00125	0.00399	0.00385	0.00452	0.00690
74	0.01047	0.50435	0.30018	0.00882	0.01320	0.01321	0.02329	0.01302	0.00868	0.06122	0.00696	0.00783	0.00556	0.00374	0.00320	0.00106	0.00495	0.00265	0.00196	0.00565
75	0.00586	0.00440	0.00660	0.00660	0.00733	0.00513	0.00513	0.00733	0.00660	0.00953	0.01100	0.01613	0.01026	0.03079	0.83947	0.00660	0.01100	0.00440	0.00220	0.00367
76	0.01062	0.01035	0.02004	0.01514	0.04839	0.01006	0.56895	0.03690	0.14373	0.07682	0.01031	0.01192	0.00760	0.00398	0.00463	0.00137	0.00591	0.00468	0.00270	0.00588
77	0.01075	0.79095	0.08684	0.00740	0.01112	0.01570	0.00768	0.01235	0.00837	0.00993	0.00584	0.00675	0.00526	0.00354	0.00274	0.00091	0.00452	0.00226	0.00175	0.00533
78	0.05379	0.04868	0.04911	0.01342	0.01700	0.01028	0.48088	0.03759	0.15303	0.01421	0.01026	0.02220	0.02255	0.00421	0.00456	0.00134	0.02040	0.00452	0.00256	0.02940
79	0.04594	0.00924	0.02577	0.03199	0.02308	0.04025	0.05545	0.28041	0.09784	0.05612	0.19498	0.01509	0.01447	0.00563	0.00475	0.00128	0.05325	0.00456	0.00366	0.03622
80	0.03544	0.01015	0.01228	0.01118	0.12180	0.01078	0.03650	0.51072	0.02433	0.07448	0.01145	0.02159	0.03841	0.00509	0.00413	0.00125	0.00435	0.02532	0.00370	0.03704
81	0.01105	0.01025	0.00974	0.00874	0.02267	0.15727	0.00678	0.10140	0.34468	0.02834	0.03614	0.02596	0.01151	0.00605	0.01560	0.00136	0.03373	0.07398	0.00347	0.09125
82	0.77588	0.00782	0.00647	0.00564	0.00826	0.00881	0.00465	0.01306	0.00758	0.12077	0.00703	0.00759	0.00516	0.00397	0.00274	0.00127	0.00322	0.00246	0.00286	0.00476
83	0.88473	0.00794	0.00603	0.00540	0.00794	0.00921	0.00445	0.01207	0.00699	0.01842	0.00572	0.00667	0.00445	0.00381	0.00254	0.00127	0.00318	0.00222	0.00254	0.00445
84	0.00587	0.00439	0.00655	0.00655	0.00727	0.00511	0.00508	0.00730	0.00658	0.00950	0.01103	0.01634	0.01036	0.04743	0.82296	0.00654	0.01085	0.00443	0.00220	0.00364
85	0.00586	0.00440	0.00660	0.00660	0.00733	0.00513	0.00513	0.00733	0.00660	0.00953	0.01100	0.01613	0.01026	0.03079	0.83947	0.00660	0.01100	0.00440	0.00220	0.00367
86	0.05921	0.00986	0.01114	0.02084	0.01186	0.01075	0.01850	0.50965	0.04298	0.15942	0.01087	0.01086	0.00766	0.00498	0.00441	0.00126	0.04320	0.00374	0.05231	0.00649
87	0.00566	0.00422	0.00511	0.00487	0.00600	0.00377	0.00366	0.00731	0.01090	0.02496	0.56649	0.03328	0.29077	0.00899	0.00484	0.00132	0.00200	0.00778	0.00430	0.00378
88	0.00765	0.00383	0.00383	0.00383	0.00478	0.00383	0.00287	0.00956	0.00861	0.01530	0.01339	0.01530	0.01052	0.00478	0.00287	0.00096	0.00191	0.00383	0.87853	0.00383
89	0.00510	0.00417	0.00452	0.00452	0.00578	0.00359	0.00341	0.00634	0.00975	0.01215	0.19145	0.06016	0.62530	0.01011	0.00489	0.00139	0.00212	0.03775	0.00395	0.00355
90	0.01100	0.81933	0.02108	0.00719	0.01058	0.03128	0.00709	0.01230	0.00834	0.00967	0.00571	0.00667	0.00527	0.00363	0.00295	0.00091	0.02775	0.00224	0.00176	0.00524
91	0.01533	0.01956	0.01163	0.01058	0.01269	0.83926	0.00793	0.01639	0.01163	0.01005	0.00635	0.00740	0.00529	0.00423	0.00370	0.00106	0.00740	0.00264	0.00212	0.00476
92	0.00968	0.01089	0.02314	0.01668	0.02057	0.01047	0.74886	0.01332	0.03948	0.01315	0.00848	0.01113	0.00642	0.00371	0.00521	0.00140	0.04495	0.00478	0.00214	0.00552
93	0.00597	0.00399	0.00454	0.00454	0.00456	0.00402	0.00257	0.00601	0.00599	0.00801	0.01287	0.02653	0.01478	0.83033	0.04610	0.00406	0.00420	0.00592	0.00248	0.00252
94	0.01577	0.01124	0.01216	0.00932	0.01260	0.01235	0.00770	0.77081	0.01887	0.07212	0.01022	0.01009	0.00716	0.00494	0.00411	0.00123	0.00446	0.00372	0.00416	0.00698
95	0.00790	0.00745	0.01258	0.79436	0.07861	0.00916	0.01148	0.01062	0.00828	0.01067	0.00732	0.01089	0.00554	0.00408	0.00410	0.00136	0.00543	0.00365	0.00184	0.00468
96	0.00613	0.00427	0.00470	0.00468	0.00475	0.01872	0.00270	0.00621	0.00610	0.00806	0.01273	0.02605	0.01455	0.80453	0.05654	0.00404	0.00435	0.00584	0.00247	0.00258
97	0.01835	0.00709	0.00959	0.00735	0.01053	0.00618	0.00607	0.03761	0.01192	0.81513	0.01605	0.01388	0.01009	0.00508	0.00413	0.00127	0.00352	0.00412	0.00506	0.00699
98	0.28658	0.16113	0.02150	0.00721	0.01031	0.01048	0.00623	0.20430	0.01136	0.22059	0.00933	0.00927	0.00664	0.00433	0.00334	0.00118	0.00382	0.00305	0.00339	0.01597
99	0.01000	0.00959	0.01637	0.08070	0.77590	0.00971	0.01252	0.01246	0.00927	0.01321	0.00769	0.01021	0.00643	0.00369	0.00407	0.00123	0.00492	0.00366	0.00202	0.00637
100	0.00508	0.00369	0.00494	0.02428	0.00648	0.00349	0.00401	0.00587	0.00793	0.01052	0.02274	0.80160	0.04649	0.01258	0.00521	0.00166	0.00246	0.02383	0.00377	0.00337
101	0.00575	0.00419	0.00540	0.00510	0.00609	0.00385	0.00382	0.00763	0.01147	0.01611	0.77670	0.03124	0.09022	0.00852	0.00484	0.00130	0.00195	0.00750	0.00447	0.00385
102	0.01534	0.01936	0.01165	0.01055	0.01269	0.81876	0.00793	0.03623	0.01182	0.01044	0.00643	0.00746	0.00533	0.00425	0.00371	0.00106	0.00733	0.00267	0.00216	0.00481
103	0.00502	0.00375	0.00469	0.00542	0.00595	0.00341	0.00375	0.00585	0.00826	0.01068	0.02692	0.63905	0.21008	0.01224	0.00517	0.00161	0.00236	0.03859	0.00381	0.00338
104	0.00586	0.00440	0.00660	0.00660	0.00733	0.00513	0.00513	0.00733	0.00660	0.00953	0.01100	0.01613	0.01026	0.03079	0.83947	0.00660	0.01100	0.00440	0.00220	0.00367
105	0.00503	0.00403	0.00452	0.00488	0.00589	0.00352	0.00359	0.00603	0.00892	0.01100	0.03444	0.28257	0.52928	0.01120	0.00503	0.00151	0.00230	0.06902	0.00381	0.00345
106	0.01105	0.00923	0.00975	0.00852	0.01099	0.01060	0.00670	0.14510	0.69807	0.01852	0.01564	0.01447	0.01167	0.00547	0.00417	0.00137	0.00345	0.00449	0.00417	0.00657
107	0.00581	0.00420	0.00549	0.00516	0.00613	0.00387	0.00387	0.00775	0.01162	0.01646	0.82797	0.03066	0.03873	0.00839	0.00484	0.00129	0.00194	0.00742	0.00452	0.00387
108	0.00518	0.00416	0.00461	0.00452	0.00575	0.00360	0.00338	0.00651	0.01009	0.01288	0.30490	0.05083	0.54962	0.00977	0.00485	0.00136	0.00204	0.00830	0.00405	0.00360
109	0.00827	0.00780	0.01304	0.66961	0.17741	0.00927	0.01149	0.01119	0.03092	0.01122	0.00764	0.01092	0.00586	0.00406	0.00410	0.00134	0.00530	0.00368	0.00193	0.00498
110	0.00594	0.00448	0.00665	0.00658	0.00740	0.00514	0.00512	0.00741	0.00665	0.00964	0.01089	0.01592	0.01015	0.03002	0.81637	0.00643	0.01078	0.00434	0.00221	0.02789
111	0.01070	0.77527	0.10207	0.00749	0.01125	0.01558	0.00783	0.01236	0.00837	0.00999	0.00587	0.00679	0.00526	0.00355	0.00276	0.00092	0.00456	0.00228	0.00175	0.00535
112	0.00969	0.01202	0.22697	0.02241	0.08840	0.00872	0.29928	0.01314	0.03195	0.09540	0.01117	0.04207	0.00940	0.00511	0.00455	0.00141	0.00552	0.10455	0.00261	0.00563
113	0.00707	0.00357	0.00533	0.00536	0.00536	0.00356	0.00357	0.00536	0.00542	0.00722	0.00756	0.03569	0.00768	0.01422	0.01574	0.85630	0.00353	0.00379	0.00184	0.00183
114	0.00998	0.48912	0.28622	0.00918	0.01345	0.02853	0.05250	0.01281	0.03070	0.01116	0.00694	0.02014	0.00581	0.00384	0.00326	0.00107	0.00507	0.00282	0.00187	0.00554
115	0.00992	0.01055	0.06363	0.02094	0.57595	0.04302	0.09878	0.02645	0.01979	0.01338	0.02120	0.02400	0.04524	0.00423	0.00419	0.00125	0.00504	0.00412	0.00223	0.00609
116	0.00587	0.00430	0.00616	0.00617	0.00676	0.00487	0.00460	0.00706	0.00656	0.00933	0.02172	0.02971	0.01173	0.18660	0.66259	0.00597	0.00944	0.00483	0.00230	0.00344
117	0.01411	0.00902	0.01026	0.02032	0.01135	0.02781	0.00683	0.21203	0.29457	0.28144	0.01402	0.01311	0.00987	0.00570	0.01893	0.00141	0.03423	0.00415	0.00425	0.00658
118	0.00979	0.00969	0.02862	0.08746	0.66988	0.00960	0.07704	0.01234	0.00926	0.01310	0.00810	0.02269	0.00687	0.00390	0.00416	0.00126	0.00506	0.01293	0.00206	0.00619
119	0.00827	0.03322	0.82283	0.01163	0.01766	0.00963	0.01505	0.01299	0.00866	0.01295	0.00734	0.00864	0.00520	0.00389	0.00388	0.00129	0.00604	0.00302	0.00173	0.00606
120	0.00515	0.00392	0.00472	0.00512	0.00588	0.00352	0.00364	0.00619	0.00898	0.01164	0.15896	0.39967	0.30023	0.03216	0.00544	0.00158	0.00229	0.03356	0.00389	0.00346
121	0.00863	0.05002	0.75220	0.01164	0.02911	0.03744	0.01445	0.01324	0.02306	0.01286	0.00744	0.00869	0.00535	0.00392	0.00386	0.00128	0.00599	0.00303	0.00179	0.00601
122	0.03342	0.22147	0.50397	0.01057	0.01560	0.01110	0.07077	0.02711	0.00894	0.05051	0.00744	0.00855	0.00553	0.00384	0.00364	0.00120	0.00550	0.00300	0.00198	0.00585
123	0.00562	0.00408	0.00531	0.00608	0.00660	0.00393	0.00438	0.02659	0.02284	0.01137	0.03297	0.64011	0.06156	0.01212	0.00524	0.00167	0.00266	0.13946	0.00383	0.00357
124	0.01302	0.15444	0.05831	0.01101	0.02766	0.50022	0.11120	0.01465	0.01046	0.01062	0.00742	0.00869	0.02584	0.00421	0.00396	0.00111	0.02706	0.00306	0.00206	0.00500
125	0.00578	0.00402	0.00533	0.00590	0.00654	0.00377	0.00435	0.00699	0.00907	0.03241	0.18004	0.47728	0.07479	0.01138	0.00519	0.00161	0.00256	0.15542	0.00397	0.00362
126	0.10496	0.01439	0.01130	0.00946	0.01216	0.35370	0.00747	0.38110	0.03705	0.01833	0.00817	0.00866	0.00617	0.00454	0.00378	0.00117	0.00554	0.00314	0.00312	0.00579
127	0.00585	0.00430	0.00557	0.00566	0.00665	0.00401	0.00446	0.00761	0.01061	0.01444	0.48591	0.06993	0.13950	0.00959	0.00507	0.00147	0.00244	0.20895	0.00421	0.00377
128	0.01875	0.08689	0.43237	0.01232	0.07815	0.08279	0.11008	0.02713	0.00943	0.04971	0.02626	0.03246	0.00702	0.00424	0.00396	0.00125	0.00569	0.00358	0.00215	0.00577
129	0.02989	0.01937	0.01154	0.01049	0.01261	0.82536	0.00787	0.01632	0.01155	0.01019	0.00633	0.00739	0.00527	0.00422	0.00368	0.00106	0.00733	0.00264	0.00212	0.00475
130	0.00596	0.00399	0.00453	0.00451	0.00456	0.00397	0.00256	0.00606	0.00626	0.00839	0.05465	0.02706	0.01614	0.81237	0.02007	0.00384	0.00388	0.00604	0.00259	0.00256
131	0.01021	0.00882	0.00928	0.00835	0.01067	0.01021	0.00650	0.02181	0.82272	0.01717	0.01671	0.01532	0.01253	0.00557	0.00418	0.00139	0.00325	0.00464	0.00418	0.00650
132	0.06883	0.03938	0.09743	0.04934	0.01287	0.13517	0.01809	0.24619	0.16444	0.04651	0.04084	0.02293	0.00883	0.00496	0.00418	0.00127	0.02584	0.00378	0.00325	0.00588
133	0.04220	0.00926	0.01041	0.02712	0.01168	0.01024	0.02874	0.25709	0.40253	0.10295	0.02614	0.01380	0.02845	0.00533	0.00414	0.00133	0.00375	0.00434	0.00408	0.00645
134	0.00495	0.00411	0.00433	0.00439	0.00564	0.00349	0.00325	0.00604	0.00941	0.01150	0.10884	0.11602	0.68298	0.01045	0.00489	0.00140	0.00210	0.00884	0.00387	0.00349
135	0.13975	0.00754	0.01045	0.09749	0.05533	0.00797	0.11729	0.08173	0.10775	0.01574	0.18465	0.01916	0.08222	0.00602	0.00428	0.00135	0.00383	0.04921	0.00330	0.00494
136	0.12043	0.01070	0.00938	0.00862	0.03278	0.19658	0.00646	0.11561	0.24424	0.01523	0.03616	0.01401	0.01013	0.10150	0.00616	0.00160	0.03641	0.02562	0.00316	0.00522
137	0.00616	0.00427	0.00560	0.00522	0.00625	0.00393	0.00393	0.00808	0.01162	0.03900	0.80556	0.03020	0.03794	0.00830	0.00482	0.00129	0.00198	0.00733	0.00453	0.00396
138	0.00830	0.02980	0.80350	0.01180	0.01779	0.00963	0.03718	0.01300	0.00869	0.01297	0.00737	0.00871	0.00523	0.00388	0.00391	0.00130	0.00607	0.00307	0.00174	0.00604
139	0.00861	0.00836	0.01411	0.54757	0.22050	0.02453	0.06938	0.01125	0.00865	0.01140	0.00768	0.01130	0.00609	0.00412	0.00429	0.00134	0.01603	0.01776	0.00193	0.00509
140	0.01522	0.04167	0.01189	0.01048	0.01263	0.81757	0.00791	0.01628	0.01155	0.01004	0.00633	0.00738	0.00529	0.00421	0.00367	0.00105	0.00732	0.00263	0.00211	0.00477
141	0.00495	0.00414	0.00431	0.00437	0.00567	0.00351	0.00328	0.00604	0.00939	0.01135	0.07873	0.08017	0.72983	0.01044	0.00489	0.00141	0.00213	0.02807	0.00385	0.00349
142	0.01490	0.01888	0.01195	0.01072	0.01283	0.78573	0.03141	0.01603	0.01139	0.01013	0.00644	0.00766	0.00538	0.00463	0.01510	0.00116	0.02603	0.00275	0.00211	0.00476
143	0.03336	0.21826	0.51450	0.01012	0.01502	0.02269	0.02439	0.01325	0.02306	0.05362	0.01641	0.00877	0.00596	0.00400	0.00378	0.00121	0.02082	0.00298	0.00201	0.00581
144	0.00622	0.00459	0.00607	0.00676	0.00780	0.00443	0.00578	0.00795	0.00954	0.01226	0.06694	0.04415	0.18397	0.01100	0.00547	0.00176	0.00335	0.60442	0.00382	0.00372
145	0.00515	0.00367	0.00480	0.00565	0.00592	0.00345	0.00379	0.00586	0.00779	0.01035	0.02216	0.73021	0.04368	0.08620	0.00661	0.00187	0.00257	0.04330	0.00369	0.00328
146	0.04142	0.01077	0.02145	0.01562	0.01933	0.03372	0.66211	0.02342	0.00969	0.04409	0.00876	0.01190	0.00679	0.00398	0.00510	0.00140	0.04357	0.02916	0.00227	0.00545
147	0.00755	0.00638	0.00869	0.00783	0.00909	0.00732	0.05620	0.02005	0.20756	0.01181	0.01349	0.01740	0.05081	0.09605	0.36367	0.00390	0.08952	0.01540	0.00279	0.00448
148	0.00961	0.01094	0.02388	0.01710	0.02118	0.01026	0.80096	0.01302	0.00966	0.01310	0.00856	0.02588	0.00660	0.00363	0.00485	0.00139	0.00684	0.00496	0.00211	0.00550
149	0.01018	0.00902	0.01079	0.00939	0.01028	0.09700	0.00763	0.06623	0.00828	0.08151	0.00804	0.01098	0.00704	0.01207	0.20472	0.00276	0.43326	0.00373	0.00236	0.00471
150	0.00758	0.00672	0.00947	0.05490	0.00972	0.00854	0.02026	0.00842	0.00681	0.01862	0.01104	0.15895	0.03417	0.12056	0.05866	0.03436	0.41945	0.00552	0.00236	0.00390
151	0.03305	0.01002	0.01084	0.00869	0.01149	0.01104	0.00706	0.57044	0.11914	0.05101	0.02669	0.02810	0.00973	0.04485	0.00496	0.00142	0.00415	0.03690	0.00403	0.00640
152	0.00781	0.00735	0.01241	0.82771	0.04602	0.00913	0.01143	0.01053	0.00823	0.01055	0.00731	0.01093	0.00549	0.00409	0.00410	0.00136	0.00546	0.00365	0.00183	0.00460
153	0.29710	0.01068	0.00990	0.00807	0.01085	0.10590	0.00657	0.34575	0.01312	0.11160	0.00866	0.00897	0.00626	0.00458	0.00389	0.00125	0.03448	0.00314	0.00340	0.00582
154	0.00853	0.00784	0.01216	0.58079	0.05614	0.02579	0.03773	0.06246	0.03521	0.01203	0.00928	0.02877	0.00782	0.00502	0.00449	0.00141	0.02386	0.07362	0.00227	0.00480
155	0.00823	0.02123	0.83447	0.01170	0.01777	0.00953	0.01517	0.01300	0.00867	0.01300	0.00737	0.00867	0.00520	0.00390	0.00390	0.00130	0.00607	0.00303	0.00173	0.00607
156	0.08022	0.05243	0.05292	0.00793	0.01114	0.02358	0.01681	0.14496	0.06456	0.46810	0.02724	0.01235	0.00924	0.00487	0.00394	0.00125	0.00388	0.00384	0.00424	0.00652
157	0.00766	0.00694	0.01161	0.76292	0.02601	0.00857	0.01062	0.00999	0.00798	0.01021	0.00772	0.01144	0.01618	0.00506	0.00514	0.07683	0.00526	0.00371	0.00185	0.00431
158	0.01083	0.79461	0.02084	0.00730	0.01055	0.01597	0.00717	0.01211	0.00819	0.00967	0.00568	0.00676	0.00528	0.00379	0.00345	0.00095	0.06759	0.00230	0.00176	0.00521
159	0.00580	0.00427	0.00600	0.00642	0.02472	0.00460	0.00453	0.00686	0.00693	0.00962	0.01445	0.20018	0.02427	0.18089	0.45317	0.00473	0.00737	0.02910	0.00266	0.00344
160	0.01565	0.01698	0.01109	0.00985	0.01214	0.67248	0.00749	0.01680	0.01160	0.15652	0.00888	0.00928	0.02438	0.00452	0.00380	0.00110	0.00659	0.00304	0.00268	0.00513
161	0.00503	0.00361	0.00479	0.00571	0.00600	0.00337	0.00385	0.00578	0.00794	0.01054	0.02313	0.81273	0.04920	0.01276	0.00524	0.00166	0.00240	0.02909	0.00381	0.00335
162	0.00501	0.00365	0.00473	0.00555	0.00592	0.00336	0.00375	0.00580	0.00813	0.01074	0.05179	0.74787	0.10363	0.01247	0.00519	0.00163	0.00234	0.01124	0.00383	0.00336
163	0.00690	0.00763	0.10923	0.02863	0.01009	0.02831	0.08288	0.03414	0.05675	0.01257	0.10392	0.40891	0.07519	0.00911	0.00480	0.00148	0.00353	0.00821	0.00340	0.00431
164	0.02044	0.75773	0.02017	0.00720	0.01061	0.04701	0.00699	0.03537	0.00890	0.03656	0.01452	0.00719	0.00580	0.00368	0.00279	0.00092	0.00444	0.00237	0.00198	0.00533
165	0.01533	0.01956	0.01163	0.01058	0.01269	0.83926	0.00793	0.01639	0.01163	0.01005	0.00635	0.00740	0.00529	0.00423	0.00370	0.00106	0.00740	0.00264	0.00212	0.00476
166	0.01468	0.01845	0.01166	0.01109	0.05000	0.76326	0.00803	0.01580	0.01132	0.01020	0.00682	0.02638	0.00589	0.00477	0.01468	0.00116	0.01596	0.00292	0.00215	0.00479
167	0.03465	0.01026	0.01044	0.07513	0.01236	0.10278	0.00706	0.36574	0.12349	0.07780	0.02310	0.01300	0.02001	0.08298	0.02151	0.00160	0.00464	0.00404	0.00356	0.00585
168	0.00586	0.00440	0.00660	0.00660	0.00733	0.00513	0.00513	0.00733	0.00660	0.00953	0.01100	0.01613	0.01026	0.03079	0.83947	0.00660	0.01100	0.00440	0.00220	0.00367
169	0.00568	0.00419	0.00531	0.00503	0.00605	0.00382	0.00377	0.00749	0.01131	0.01573	0.72116	0.03186	0.14600	0.00866	0.00484	0.00130	0.00196	0.00759	0.00442	0.00382
170	0.00832	0.00862	0.01692	0.01288	0.01568	0.02313	0.49761	0.01084	0.00937	0.01250	0.06197	0.11394	0.05035	0.03597	0.00574	0.01928	0.00541	0.08408	0.00268	0.00472
171	0.01017	0.01039	0.01135	0.31729	0.09098	0.19479	0.00914	0.02581	0.18084	0.01253	0.02588	0.01404	0.00904	0.00504	0.00416	0.00133	0.00517	0.06426	0.00264	0.00515
172	0.00699	0.00362	0.00526	0.00526	0.00527	0.00361	0.00346	0.00545	0.00552	0.00738	0.02199	0.01424	0.00846	0.09871	0.01634	0.77719	0.00358	0.00387	0.00190	0.00189
173	0.01537	0.01127	0.01207	0.00928	0.01250	0.01247	0.00766	0.79297	0.01899	0.02556	0.00996	0.01001	0.00708	0.00492	0.00407	0.00122	0.00444	0.00370	0.02955	0.00689
174	0.00520	0.00404	0.00454	0.00477	0.00581	0.00352	0.00346	0.00621	0.00907	0.02316	0.08466	0.26994	0.51469	0.02153	0.00517	0.00150	0.00223	0.02315	0.00386	0.00350
175	0.00988	0.00556	0.00674	0.00605	0.00782	0.00523	0.00473	0.05182	0.06470	0.23593	0.12940	0.10949	0.20385	0.02676	0.00489	0.00143	0.00281	0.05721	0.06086	0.00486
176	0.00967	0.01101	0.02387	0.01710	0.02113	0.01045	0.79076	0.01305	0.00959	0.01305	0.00822	0.01101	0.00620	0.00357	0.00511	0.00140	0.03245	0.00481	0.00207	0.00550
177	0.00499	0.00417	0.00436	0.00436	0.00568	0.00353	0.00329	0.00613	0.00956	0.01163	0.11695	0.04795	0.72292	0.01025	0.00488	0.00139	0.00211	0.02845	0.00388	0.00351
178	0.00585	0.00438	0.00522	0.00531	0.00625	0.00412	0.00383	0.00777	0.06818	0.02448	0.25530	0.26343	0.24030	0.06532	0.00596	0.00162	0.00238	0.02257	0.00397	0.00376
179	0.00700	0.00449	0.00578	0.00535	0.00651	0.00411	0.00402	0.00886	0.02070	0.09461	0.63892	0.05867	0.08335	0.03298	0.00525	0.00139	0.00219	0.00726	0.00444	0.00412
180	0.00504	0.00430	0.00435	0.00431	0.00572	0.00368	0.00324	0.00643	0.03446	0.01142	0.06113	0.03853	0.78294	0.01020	0.00483	0.00138	0.00211	0.00851	0.00384	0.00357
181	0.00841	0.00545	0.00651	0.00615	0.00770	0.00532	0.00476	0.01171	0.16241	0.14356	0.15967	0.14211	0.20254	0.01944	0.00492	0.00147	0.00273	0.08358	0.01687	0.00467
182	0.11850	0.00563	0.00667	0.00588	0.00771	0.00534	0.00454	0.02445	0.02105	0.28010	0.17063	0.13479	0.10947	0.05512	0.00521	0.00149	0.00284	0.00615	0.02959	0.00484
183	0.01102	0.00864	0.00931	0.00825	0.01065	0.00980	0.00645	0.02163	0.74312	0.09725	0.01666	0.01518	0.01230	0.00552	0.00417	0.00138	0.00327	0.00459	0.00427	0.00655
184	0.05417	0.00801	0.00834	0.00747	0.00964	0.00909	0.00583	0.05198	0.59224	0.03863	0.01531	0.01462	0.01150	0.00531	0.00387	0.00130	0.00308	0.00433	0.14929	0.00598
185	0.01011	0.00730	0.00822	0.00722	0.00920	0.00778	0.00564	0.17714	0.26451	0.08590	0.13854	0.09277	0.08731	0.04393	0.00519	0.00149	0.00321	0.03496	0.00414	0.00544
186	0.00550	0.00421	0.00508	0.00530	0.00618	0.00391	0.00383	0.00725	0.05174	0.01281	0.26832	0.33213	0.24539	0.01046	0.00497	0.00147	0.00223	0.02148	0.00404	0.00370
187	0.00969	0.01107	0.02422	0.01730	0.02145	0.01038	0.81522	0.01315	0.00969	0.01315	0.00830	0.01107	0.00623	0.00346	0.00484	0.00138	0.00692	0.00484	0.00208	0.00554
188	0.00590	0.00423	0.00545	0.00513	0.00615	0.00387	0.00385	0.00778	0.01148	0.02601	0.77021	0.03100	0.08653	0.00847	0.00483	0.00130	0.00196	0.00746	0.00448	0.00389
189	0.00596	0.00446	0.00639	0.00636	0.00693	0.00514	0.00478	0.00715	0.00658	0.00939	0.02011	0.04871	0.01177	0.16367	0.63602	0.00576	0.04010	0.00493	0.00232	0.00349
190	0.00604	0.00414	0.00496	0.00481	0.00491	0.00412	0.02212	0.00614	0.00610	0.00813	0.01301	0.04223	0.01495	0.81911	0.02021	0.00387	0.00402	0.00605	0.00250	0.00258
191	0.00603	0.00436	0.00563	0.00528	0.00629	0.00407	0.00397	0.02720	0.01171	0.01654	0.78773	0.05110	0.03767	0.00842	0.00483	0.00130	0.00201	0.00744	0.00449	0.00393
192	0.00793	0.00748	0.01263	0.78509	0.08766	0.00917	0.01149	0.01064	0.00829	0.01070	0.00733	0.01089	0.00555	0.00407	0.00410	0.00136	0.00543	0.00365	0.00184	0.00470
193	0.00990	0.00956	0.01643	0.09703	0.71264	0.00979	0.03915	0.01236	0.00918	0.01306	0.00765	0.01023	0.00638	0.00378	0.00432	0.00125	0.02534	0.00369	0.00201	0.00625
194	0.00500	0.00359	0.00475	0.00568	0.00594	0.00334	0.00379	0.00572	0.00790	0.01049	0.02308	0.83343	0.04648	0.01280	0.00523	0.00166	0.00237	0.01160	0.00381	0.00334
195	0.00620	0.00436	0.00465	0.00462	0.00468	0.02413	0.00262	0.00622	0.00611	0.00801	0.01277	0.02639	0.01469	0.83520	0.02048	0.00391	0.00406	0.00589	0.00248	0.00254
196	0.01018	0.38894	0.35586	0.00943	0.01380	0.09253	0.02183	0.02240	0.00902	0.01148	0.02638	0.00821	0.00608	0.00388	0.00336	0.00109	0.00535	0.00277	0.00188	0.00554
197	0.00657	0.00510	0.01759	0.00555	0.00688	0.00475	0.00430	0.02346	0.09681	0.03136	0.57577	0.02946	0.16020	0.00823	0.00473	0.00132	0.00223	0.00714	0.00433	0.00423
198	0.01028	0.01006	0.01628	0.05813	0.76344	0.04415	0.01236	0.01267	0.00940	0.01315	0.00765	0.01008	0.00641	0.00370	0.00405	0.00122	0.00501	0.00361	0.00203	0.00635
199	0.01166	0.08743	0.03330	0.00847	0.01158	0.10084	0.03169	0.23297	0.15883	0.01667	0.00989	0.03277	0.00788	0.00449	0.00371	0.00106	0.00426	0.00352	0.00312	0.23587
200	0.29735	0.01063	0.00953	0.03139	0.03127	0.13246	0.00656	0.24595	0.10645	0.04402	0.02086	0.00969	0.00714	0.00453	0.00353	0.00124	0.00426	0.00324	0.02433	0.00557
201	0.19610	0.00941	0.01136	0.13792	0.17741	0.03441	0.00837	0.23615	0.05347	0.03712	0.00851	0.00992	0.00651	0.00521	0.02716	0.01420	0.01481	0.00341	0.00287	0.00570
202	0.07492	0.00793	0.01011	0.07372	0.08259	0.00846	0.01868	0.17914	0.02952	0.01503	0.00882	0.01144	0.00742	0.04100	0.17424	0.00235	0.06150	0.00357	0.00266	0.18689

[dist]
# distance from previous block
# <min> <max>
1	15

# created by:
# /st0/software/busco_prod/Augustus/scripts/msa2prfl.pl ./align_prep/102079.fa
