[name]
unknown

[dist]
# distance from previous block
# <min> <max>
0	45

[block]
# block no. 0 follows, 59 sequences, length 37
# corresponding to MSA columns:
# 429-451,470-483
name=unknown_A
#
# <colnr> <probs for GDERKNQSTAVLIFYWHMCP>
#	G	D	E	R	K	N	Q	S	T	A	V	L	I	F	Y	W	H	M	C	P
0	0.02590	0.03066	0.02493	0.05394	0.11101	0.15328	0.05740	0.10206	0.08906	0.04373	0.05039	0.06470	0.01146	0.00576	0.00453	0.00132	0.01513	0.04941	0.00318	0.10215
1	0.00875	0.00704	0.00976	0.03025	0.11542	0.04090	0.03103	0.01115	0.05874	0.06007	0.03450	0.01777	0.02263	0.07385	0.39634	0.00429	0.02016	0.02714	0.00280	0.02740
2	0.00794	0.00514	0.00667	0.00645	0.02959	0.00459	0.00466	0.00967	0.01132	0.11279	0.43008	0.15367	0.12797	0.00910	0.00504	0.00141	0.00254	0.00797	0.00451	0.05889
3	0.01183	0.00877	0.00998	0.00791	0.01096	0.00845	0.00628	0.29172	0.04047	0.06262	0.01264	0.15934	0.01142	0.00609	0.00421	0.00116	0.00374	0.00506	0.00374	0.33361
4	0.00834	0.00785	0.01325	0.83417	0.03042	0.00981	0.01227	0.01128	0.00883	0.01128	0.00785	0.01178	0.00589	0.00442	0.00442	0.00147	0.00589	0.00393	0.00196	0.00491
5	0.00599	0.00450	0.00554	0.00528	0.00644	0.00406	0.00396	0.00783	0.01189	0.01625	0.62054	0.03539	0.23695	0.00957	0.00521	0.00141	0.00212	0.00832	0.00467	0.00406
6	0.01401	0.01483	0.03361	0.01009	0.01270	0.35499	0.00795	0.09624	0.32882	0.04321	0.03094	0.01246	0.00997	0.00532	0.00428	0.00132	0.00557	0.00399	0.00352	0.00619
7	0.00974	0.01049	0.02192	0.01599	0.01974	0.00988	0.63212	0.03198	0.01084	0.01478	0.11572	0.06174	0.01259	0.00503	0.00522	0.00149	0.00640	0.00596	0.00274	0.00562
8	0.00568	0.00420	0.00522	0.00585	0.00658	0.00384	0.00423	0.00660	0.00910	0.01166	0.04653	0.44065	0.26696	0.01281	0.00617	0.04776	0.00270	0.10585	0.00400	0.00361
9	0.01256	0.71552	0.02145	0.00817	0.01171	0.14672	0.00771	0.01393	0.00954	0.01046	0.00625	0.00723	0.00567	0.00390	0.00302	0.00098	0.00524	0.00244	0.00195	0.00558
10	0.01944	0.00811	0.01062	0.00814	0.01157	0.00738	0.00672	0.11736	0.01364	0.72305	0.01659	0.01449	0.01051	0.00545	0.00444	0.00136	0.00389	0.00438	0.00534	0.00752
11	0.04442	0.01928	0.00831	0.00803	0.06395	0.02976	0.02082	0.04664	0.05002	0.11570	0.25396	0.11042	0.18043	0.00873	0.01835	0.00153	0.00331	0.00711	0.00419	0.00502
12	0.00931	0.07700	0.18364	0.01209	0.03064	0.02950	0.23739	0.03349	0.00952	0.02536	0.03340	0.07133	0.01017	0.04739	0.14559	0.00252	0.02881	0.00499	0.00248	0.00538
13	0.00549	0.00390	0.00513	0.00603	0.00630	0.00366	0.00400	0.00625	0.00847	0.01133	0.05388	0.75333	0.02876	0.07252	0.00681	0.00195	0.00267	0.01195	0.00403	0.00355
14	0.01233	0.75503	0.02196	0.00798	0.01159	0.10801	0.00767	0.01372	0.00937	0.01044	0.00622	0.00718	0.00567	0.00386	0.00296	0.00097	0.00509	0.00242	0.00193	0.00561
15	0.03690	0.09634	0.11410	0.03153	0.26927	0.19021	0.02927	0.02549	0.03715	0.01339	0.03338	0.01128	0.02999	0.00478	0.00479	0.00131	0.05874	0.00375	0.00238	0.00596
16	0.03418	0.10923	0.58643	0.01210	0.01764	0.01097	0.08496	0.01358	0.00938	0.01383	0.03861	0.01017	0.00707	0.00439	0.00443	0.00137	0.02991	0.00351	0.00204	0.00619
17	0.00557	0.00456	0.00492	0.00493	0.00627	0.00399	0.00366	0.00713	0.03279	0.01301	0.16954	0.11280	0.59349	0.01092	0.00524	0.00150	0.00228	0.00927	0.00424	0.00388
18	0.02169	0.03166	0.10103	0.00774	0.00956	0.00731	0.00667	0.03376	0.09813	0.05563	0.03547	0.08582	0.04510	0.12785	0.27009	0.00366	0.04543	0.00555	0.00306	0.00477
19	0.03736	0.04673	0.08321	0.19377	0.32562	0.08439	0.04199	0.05046	0.01028	0.03505	0.00831	0.01072	0.00661	0.00508	0.02705	0.00150	0.01972	0.00375	0.00232	0.00609
20	0.00683	0.00511	0.02496	0.00593	0.00720	0.00440	0.00458	0.02205	0.01080	0.06067	0.29411	0.23816	0.23721	0.01059	0.00528	0.00155	0.00260	0.04938	0.00439	0.00421
21	0.00566	0.00407	0.00501	0.00564	0.00603	0.00382	0.00373	0.00632	0.00823	0.01075	0.02461	0.51115	0.13535	0.21641	0.00971	0.00237	0.00298	0.03102	0.00375	0.00340
22	0.02775	0.00867	0.01421	0.28441	0.34809	0.00942	0.03645	0.02690	0.00962	0.01332	0.02591	0.06300	0.04160	0.00596	0.02063	0.00156	0.03139	0.02301	0.00245	0.00567
23	0.06784	0.17221	0.06830	0.03061	0.03047	0.19202	0.14801	0.09877	0.04392	0.05261	0.00880	0.02241	0.00700	0.00489	0.01302	0.00134	0.02551	0.00369	0.00268	0.00587
24	0.01014	0.01154	0.03422	0.03082	0.04520	0.08560	0.49945	0.01301	0.01010	0.01315	0.01200	0.05946	0.06740	0.00578	0.02153	0.00161	0.06555	0.00550	0.00245	0.00549
25	0.00755	0.00511	0.00624	0.00616	0.00734	0.00487	0.00453	0.02655	0.07777	0.07794	0.21709	0.28929	0.17351	0.02661	0.00592	0.02805	0.00271	0.02405	0.00434	0.00438
26	0.00970	0.04524	0.07069	0.05453	0.10752	0.05121	0.13748	0.08276	0.04559	0.01387	0.01380	0.15409	0.05004	0.06743	0.01746	0.00177	0.05066	0.01791	0.00292	0.00534
27	0.01132	0.07846	0.32885	0.03976	0.07071	0.09752	0.09257	0.06352	0.07018	0.05836	0.00938	0.01070	0.00703	0.00552	0.03576	0.00156	0.00626	0.00371	0.00254	0.00628
28	0.01074	0.00722	0.00745	0.00656	0.00852	0.08130	0.00509	0.05777	0.03054	0.19328	0.20268	0.05115	0.24446	0.00803	0.00473	0.00138	0.00325	0.00667	0.06409	0.00511
29	0.02880	0.00714	0.00788	0.00729	0.00908	0.00761	0.00551	0.10532	0.27345	0.05549	0.02220	0.20203	0.14899	0.06512	0.03189	0.00189	0.00357	0.00726	0.00415	0.00536
30	0.01081	0.01082	0.04413	0.12594	0.48862	0.01071	0.12239	0.06058	0.05469	0.01499	0.00899	0.01141	0.00716	0.00417	0.00450	0.00137	0.00556	0.00415	0.00241	0.00660
31	0.00882	0.00747	0.03339	0.00753	0.00863	0.09415	0.00585	0.00995	0.00820	0.07535	0.02248	0.06297	0.02932	0.17017	0.33699	0.03755	0.06901	0.00523	0.00276	0.00417
32	0.02462	0.00516	0.00652	0.02150	0.00774	0.01911	0.03969	0.03360	0.00902	0.01221	0.02247	0.43273	0.11685	0.13304	0.00773	0.00203	0.00327	0.04005	0.05886	0.00383
33	0.03125	0.00987	0.08881	0.00857	0.03303	0.00788	0.01735	0.09264	0.05799	0.09000	0.00996	0.02836	0.00787	0.00477	0.01668	0.00111	0.02572	0.00347	0.00310	0.46156
34	0.00956	0.00723	0.00854	0.00656	0.00973	0.00587	0.00518	0.05218	0.01039	0.07679	0.09474	0.06561	0.06924	0.00534	0.00390	0.00095	0.00315	0.00446	0.00335	0.55719
35	0.49886	0.04447	0.07221	0.02946	0.01048	0.03238	0.02689	0.05245	0.00888	0.02902	0.04940	0.01073	0.02893	0.00565	0.00462	0.08060	0.00403	0.00330	0.00278	0.00486
36	0.02298	0.00579	0.00776	0.02134	0.13596	0.00578	0.00567	0.04083	0.02258	0.01266	0.07678	0.22221	0.14553	0.18077	0.07132	0.00251	0.00413	0.00772	0.00339	0.00429

[dist]
# distance from previous block
# <min> <max>
0	1

[block]
# block no. 1 follows, 59 sequences, length 39
# corresponding to MSA columns:
# 485-505,507-524
name=unknown_B
#
# <colnr> <probs for GDERKNQSTAVLIFYWHMCP>
#	G	D	E	R	K	N	Q	S	T	A	V	L	I	F	Y	W	H	M	C	P
0	0.06623	0.10827	0.07504	0.01000	0.01329	0.12788	0.11591	0.11303	0.04146	0.15139	0.07573	0.02300	0.04888	0.00537	0.00428	0.00132	0.00508	0.00443	0.00342	0.00599
1	0.01000	0.00967	0.02837	0.20587	0.29577	0.05589	0.02273	0.01232	0.00950	0.03131	0.00974	0.03691	0.03125	0.00541	0.02317	0.00142	0.05658	0.00411	0.00238	0.14758
2	0.00660	0.00415	0.00542	0.00552	0.00599	0.00404	0.00380	0.00647	0.00751	0.00998	0.05589	0.11759	0.16212	0.12314	0.09759	0.34246	0.00415	0.00648	0.02818	0.00292
3	0.03279	0.05628	0.25421	0.02479	0.04120	0.01065	0.26181	0.08994	0.04050	0.01512	0.01044	0.09888	0.00897	0.00532	0.00489	0.00146	0.02917	0.00498	0.00260	0.00600
4	0.01103	0.00932	0.02534	0.00737	0.01104	0.07140	0.00598	0.06251	0.01044	0.08440	0.00925	0.03398	0.00756	0.00402	0.00359	0.00084	0.00383	0.00318	0.00298	0.63194
5	0.00895	0.02232	0.78740	0.01321	0.05336	0.01027	0.01620	0.01397	0.00936	0.01401	0.00794	0.00939	0.00565	0.00418	0.00420	0.00139	0.00647	0.00329	0.00188	0.00655
6	0.00562	0.00452	0.00503	0.00523	0.00639	0.00405	0.00380	0.00722	0.04417	0.01262	0.11626	0.25820	0.48824	0.01147	0.00530	0.00156	0.00236	0.00988	0.00420	0.00387
7	0.02815	0.34174	0.15185	0.01073	0.03826	0.30791	0.03809	0.01498	0.01037	0.01156	0.00685	0.00807	0.00573	0.00414	0.00361	0.00113	0.00628	0.00284	0.00206	0.00565
8	0.01926	0.00564	0.00714	0.00672	0.00815	0.00547	0.00500	0.01219	0.08158	0.21816	0.12323	0.32122	0.05643	0.06018	0.00634	0.00173	0.02635	0.00820	0.02203	0.00497
9	0.00704	0.00474	0.00574	0.00597	0.00692	0.00443	0.00424	0.05162	0.00987	0.06282	0.06193	0.47406	0.19833	0.04717	0.00603	0.00174	0.00273	0.01015	0.03038	0.00408
10	0.00581	0.00420	0.00529	0.00585	0.00658	0.00383	0.00416	0.00691	0.00950	0.02647	0.13095	0.50564	0.19979	0.01240	0.00550	0.00168	0.00254	0.05491	0.00422	0.00379
11	0.01068	0.01051	0.01676	0.31203	0.31843	0.05845	0.12432	0.06985	0.01059	0.01402	0.00831	0.01117	0.00652	0.00421	0.00449	0.00138	0.00592	0.00405	0.00228	0.00603
12	0.00862	0.00641	0.00731	0.00690	0.00829	0.00674	0.00509	0.12826	0.14990	0.03084	0.03284	0.23818	0.12200	0.13324	0.07690	0.00241	0.00406	0.00760	0.01964	0.00478
13	0.06758	0.00556	0.00687	0.00629	0.00796	0.00514	0.00474	0.02403	0.00999	0.25797	0.05503	0.22859	0.16750	0.03263	0.00666	0.09399	0.00312	0.00739	0.00419	0.00477
14	0.00546	0.00440	0.00490	0.00515	0.00633	0.00383	0.00383	0.00665	0.00994	0.01232	0.09599	0.19850	0.54764	0.01162	0.00536	0.00158	0.00242	0.06616	0.00415	0.00376
15	0.00783	0.00443	0.00599	0.00594	0.00627	0.00444	0.00402	0.02919	0.03035	0.02904	0.01201	0.10676	0.02819	0.13417	0.01529	0.54925	0.00375	0.01778	0.00257	0.00272
16	0.01101	0.01101	0.01266	0.02694	0.29160	0.19444	0.02963	0.05532	0.01058	0.01321	0.04455	0.04129	0.01115	0.08240	0.06801	0.02840	0.00598	0.05379	0.00267	0.00537
17	0.07070	0.00603	0.00648	0.00652	0.00728	0.07048	0.00470	0.00845	0.00784	0.01105	0.03470	0.13466	0.01524	0.23004	0.27462	0.04098	0.00657	0.03955	0.02048	0.00365
18	0.01654	0.01225	0.01312	0.01011	0.01360	0.01358	0.00833	0.76941	0.05426	0.02744	0.01092	0.01085	0.00776	0.00533	0.00442	0.00133	0.00480	0.00402	0.00442	0.00749
19	0.00570	0.00425	0.00526	0.00551	0.00634	0.00386	0.00392	0.00703	0.01031	0.01381	0.32892	0.33324	0.21369	0.03031	0.00576	0.00163	0.00235	0.00994	0.00436	0.00382
20	0.11304	0.03041	0.07555	0.16547	0.04468	0.03667	0.04541	0.01086	0.03223	0.01331	0.02955	0.13102	0.06959	0.04914	0.06818	0.00200	0.00495	0.00557	0.06765	0.00472
21	0.04923	0.03550	0.04819	0.17222	0.23420	0.10717	0.06698	0.07385	0.07553	0.04862	0.00953	0.02753	0.00757	0.00470	0.00450	0.00137	0.02051	0.00404	0.00269	0.00610
22	0.17889	0.02518	0.01213	0.05388	0.07923	0.19517	0.04004	0.15379	0.04104	0.01664	0.02981	0.01086	0.02133	0.00513	0.00505	0.00136	0.09207	0.00366	0.02912	0.00562
23	0.08068	0.07700	0.02804	0.04722	0.23504	0.09871	0.04299	0.12912	0.01113	0.01569	0.00902	0.01139	0.00744	0.03267	0.04215	0.00163	0.03084	0.00375	0.08966	0.00582
24	0.04610	0.01067	0.01155	0.00904	0.01226	0.02780	0.00741	0.51389	0.04099	0.18481	0.01228	0.01198	0.00856	0.00529	0.00425	0.00131	0.00438	0.00403	0.07634	0.00707
25	0.01148	0.00973	0.01026	0.00909	0.01167	0.01122	0.00711	0.08954	0.74238	0.01927	0.01735	0.01598	0.01298	0.00593	0.00449	0.00148	0.00361	0.00491	0.00449	0.00703
26	0.00638	0.00426	0.00483	0.00487	0.00488	0.00425	0.00274	0.00641	0.00651	0.00868	0.01436	0.06344	0.01662	0.80948	0.02176	0.00418	0.00421	0.00668	0.00274	0.00271
27	0.85550	0.00852	0.00658	0.00586	0.00861	0.00983	0.00482	0.01319	0.00764	0.03896	0.00642	0.00736	0.00493	0.00413	0.00277	0.00137	0.00342	0.00244	0.00280	0.00485
28	0.01030	0.01164	0.02511	0.01809	0.02232	0.01105	0.75347	0.01389	0.01031	0.01401	0.00928	0.01301	0.00725	0.00410	0.00551	0.00152	0.03187	0.02912	0.00228	0.00587
29	0.01022	0.02367	0.05464	0.11054	0.15296	0.01100	0.52833	0.01365	0.01006	0.01375	0.00858	0.01153	0.00658	0.00392	0.00507	0.00145	0.02114	0.00472	0.00217	0.00601
30	0.00584	0.00420	0.00563	0.00662	0.00712	0.00399	0.00487	0.00695	0.00897	0.01181	0.02483	0.60309	0.05659	0.01331	0.00574	0.00185	0.00295	0.21784	0.00409	0.00372
31	0.00544	0.00388	0.00516	0.00616	0.00642	0.00364	0.00413	0.00622	0.00844	0.01125	0.02407	0.80563	0.02881	0.03405	0.00606	0.00186	0.00264	0.02852	0.00406	0.00358
32	0.12826	0.04464	0.01122	0.02738	0.01195	0.24035	0.00729	0.24885	0.01353	0.04693	0.06811	0.03489	0.00997	0.02212	0.00483	0.00136	0.03906	0.00398	0.02956	0.00569
33	0.00574	0.00440	0.00530	0.00584	0.00661	0.00411	0.00408	0.00740	0.05793	0.01233	0.08322	0.52539	0.23674	0.01233	0.00543	0.00167	0.00250	0.01093	0.00418	0.00387
34	0.01184	0.01036	0.01482	0.10162	0.35684	0.04707	0.03135	0.08512	0.10159	0.06982	0.00997	0.01176	0.00782	0.00491	0.00550	0.00141	0.09763	0.00407	0.02002	0.00645
35	0.00632	0.00468	0.00683	0.00683	0.00753	0.00538	0.00519	0.00772	0.00702	0.01006	0.01207	0.01868	0.01162	0.12678	0.73442	0.00677	0.01096	0.00493	0.00240	0.00380
36	0.07280	0.21020	0.11441	0.01200	0.13742	0.01167	0.05039	0.12308	0.04156	0.12377	0.02453	0.03266	0.01725	0.00483	0.00399	0.00128	0.00479	0.00391	0.00307	0.00638
37	0.03898	0.08522	0.04000	0.04506	0.12598	0.29435	0.04297	0.08388	0.08051	0.03975	0.00882	0.00992	0.00695	0.00445	0.00402	0.00120	0.00586	0.00341	0.00272	0.07593
38	0.00871	0.17202	0.15161	0.03379	0.03499	0.02056	0.00789	0.03119	0.02293	0.03487	0.01777	0.18806	0.14020	0.04124	0.01806	0.00164	0.04640	0.02007	0.00300	0.00500

[dist]
# distance from previous block
# <min> <max>
0	3

[block]
# block no. 2 follows, 59 sequences, length 6
# corresponding to MSA columns:
# 528-533
name=unknown_C
#
# <colnr> <probs for GDERKNQSTAVLIFYWHMCP>
#	G	D	E	R	K	N	Q	S	T	A	V	L	I	F	Y	W	H	M	C	P
0	0.06452	0.04281	0.01196	0.01038	0.06905	0.10662	0.03867	0.12120	0.23321	0.04035	0.01235	0.01283	0.03478	0.00610	0.03309	0.00149	0.03489	0.00405	0.00337	0.11829
1	0.03207	0.02226	0.01142	0.15817	0.08927	0.04721	0.05944	0.08817	0.08446	0.02762	0.07577	0.06966	0.08283	0.02671	0.05300	0.01702	0.00493	0.00539	0.00317	0.04142
2	0.07039	0.04556	0.01444	0.08912	0.28827	0.06646	0.03224	0.14533	0.06472	0.07029	0.00949	0.01106	0.00737	0.00501	0.00498	0.03282	0.02938	0.00383	0.00292	0.00632
3	0.01084	0.01006	0.01617	0.16579	0.56461	0.01061	0.01248	0.06184	0.07616	0.01502	0.00916	0.01151	0.00737	0.00427	0.00439	0.00136	0.00519	0.00402	0.00247	0.00666
4	0.05609	0.00648	0.00787	0.00754	0.02887	0.00649	0.00558	0.13275	0.02861	0.15551	0.04749	0.32179	0.07426	0.01056	0.04848	0.00184	0.00373	0.02587	0.02501	0.00517
5	0.00742	0.00552	0.00746	0.07117	0.04282	0.00575	0.00565	0.04239	0.00978	0.03850	0.16494	0.22045	0.11842	0.04421	0.10478	0.02477	0.04363	0.00761	0.03045	0.00429

[dist]
# distance from previous block
# <min> <max>
0	2

[block]
# block no. 3 follows, 59 sequences, length 17
# corresponding to MSA columns:
# 536-552
name=unknown_D
#
# <colnr> <probs for GDERKNQSTAVLIFYWHMCP>
#	G	D	E	R	K	N	Q	S	T	A	V	L	I	F	Y	W	H	M	C	P
0	0.05159	0.00489	0.00643	0.00637	0.00724	0.00496	0.01985	0.00836	0.00827	0.06453	0.06599	0.24838	0.05213	0.19355	0.22203	0.00361	0.00553	0.01900	0.00338	0.00390
1	0.07907	0.00482	0.00533	0.00538	0.00666	0.00447	0.00399	0.00803	0.00987	0.04979	0.14727	0.21584	0.35713	0.02673	0.00537	0.00158	0.00254	0.03178	0.03031	0.00402
2	0.00679	0.00474	0.00590	0.00622	0.00700	0.00459	0.00440	0.05743	0.00943	0.03905	0.04349	0.48603	0.12402	0.09332	0.06344	0.00231	0.00353	0.03042	0.00393	0.00395
3	0.08465	0.01014	0.01136	0.00983	0.03370	0.06922	0.07642	0.12128	0.33052	0.04875	0.02521	0.05228	0.02873	0.02742	0.00484	0.00147	0.00432	0.00485	0.00379	0.05124
4	0.03018	0.00644	0.00663	0.00626	0.00774	0.05689	0.00480	0.07568	0.03588	0.01568	0.29500	0.07392	0.25384	0.02578	0.00535	0.00151	0.00301	0.06124	0.02973	0.00442
5	0.20186	0.00570	0.00601	0.00584	0.00710	0.00591	0.00424	0.04139	0.02506	0.04322	0.13653	0.23059	0.04689	0.15620	0.00760	0.00198	0.00309	0.00708	0.05953	0.00418
6	0.02575	0.06460	0.00901	0.00677	0.00924	0.00674	0.00528	0.08349	0.01014	0.05800	0.03733	0.23366	0.01445	0.03696	0.02763	0.00143	0.00357	0.00586	0.02404	0.33607
7	0.10910	0.13224	0.10722	0.04310	0.12999	0.05400	0.06121	0.10981	0.02510	0.10863	0.00907	0.01012	0.00684	0.00444	0.00421	0.00128	0.02687	0.00350	0.00287	0.05038
8	0.00632	0.00470	0.00694	0.00694	0.00768	0.00544	0.00532	0.00779	0.00705	0.01014	0.01197	0.01815	0.01139	0.08901	0.77187	0.00690	0.01131	0.00485	0.00239	0.00386
9	0.00701	0.00455	0.00566	0.00578	0.00664	0.00423	0.00408	0.00812	0.02666	0.07114	0.15015	0.29748	0.17196	0.12492	0.00848	0.06186	0.00290	0.03055	0.00398	0.00384
10	0.02372	0.01025	0.04817	0.17763	0.47651	0.01016	0.09455	0.01279	0.00978	0.01381	0.03295	0.01240	0.02585	0.00444	0.00475	0.00139	0.02811	0.00426	0.00226	0.00622
11	0.05253	0.23743	0.23695	0.01026	0.02777	0.04187	0.04936	0.08260	0.06548	0.01448	0.03312	0.06737	0.00907	0.00527	0.00451	0.00132	0.04804	0.00407	0.00260	0.00590
12	0.00990	0.00967	0.01399	0.28821	0.35832	0.08803	0.01121	0.01217	0.00974	0.01274	0.04592	0.07002	0.00966	0.00548	0.00493	0.03212	0.00534	0.00461	0.00237	0.00558
13	0.00888	0.02348	0.06043	0.00692	0.00853	0.01907	0.00562	0.05942	0.01019	0.11658	0.06686	0.32328	0.08365	0.04758	0.03793	0.01750	0.00369	0.04080	0.05495	0.00464
14	0.00952	0.02229	0.30856	0.03242	0.01411	0.02195	0.06172	0.04187	0.01978	0.08299	0.06765	0.09475	0.08148	0.03537	0.00576	0.00154	0.05242	0.00539	0.00300	0.03743
15	0.04549	0.20967	0.04079	0.09291	0.01316	0.09635	0.06197	0.08658	0.01009	0.01291	0.01145	0.09475	0.04011	0.08627	0.06555	0.00200	0.01750	0.00479	0.00264	0.00503
16	0.02821	0.00884	0.07495	0.15543	0.03349	0.03774	0.00764	0.12105	0.03148	0.02586	0.04594	0.05835	0.12970	0.02332	0.00624	0.09723	0.00431	0.02386	0.01746	0.06890

[dist]
# distance from previous block
# <min> <max>
3	21

[block]
# block no. 4 follows, 59 sequences, length 46
# corresponding to MSA columns:
# 574-619
name=unknown_E
#
# <colnr> <probs for GDERKNQSTAVLIFYWHMCP>
#	G	D	E	R	K	N	Q	S	T	A	V	L	I	F	Y	W	H	M	C	P
0	0.01059	0.06952	0.14564	0.09895	0.03159	0.02500	0.06448	0.13210	0.08047	0.03504	0.02477	0.06513	0.04278	0.00598	0.00549	0.00144	0.09208	0.02128	0.00298	0.04470
1	0.00999	0.01973	0.05128	0.17828	0.10773	0.05487	0.04654	0.06313	0.03573	0.06009	0.07109	0.09516	0.03753	0.02468	0.01660	0.05503	0.04144	0.00528	0.00297	0.02283
2	0.00639	0.00494	0.00562	0.00570	0.00664	0.02572	0.00409	0.02909	0.01016	0.01347	0.23413	0.25896	0.22302	0.07749	0.04496	0.00200	0.00311	0.00895	0.03166	0.00388
3	0.01130	0.01156	0.04194	0.03100	0.24279	0.10829	0.18771	0.05376	0.03179	0.04368	0.02794	0.01383	0.06591	0.00514	0.00541	0.00140	0.07570	0.00459	0.03031	0.00596
4	0.05196	0.04819	0.02307	0.09856	0.18692	0.13054	0.05496	0.13101	0.07385	0.01561	0.03024	0.08486	0.02342	0.00611	0.02033	0.00148	0.00532	0.00475	0.00297	0.00587
5	0.02846	0.00593	0.00691	0.00657	0.00788	0.02710	0.00490	0.02439	0.07827	0.11274	0.03085	0.16006	0.13098	0.11828	0.18150	0.00303	0.01683	0.00679	0.04397	0.00454
6	0.00757	0.00496	0.00592	0.00577	0.00700	0.00457	0.00424	0.04158	0.01040	0.09179	0.15595	0.21786	0.27110	0.09920	0.00704	0.00184	0.00283	0.03887	0.01731	0.00420
7	0.01111	0.24653	0.11741	0.06597	0.06352	0.04488	0.07340	0.04410	0.09007	0.04800	0.00958	0.01234	0.00803	0.04123	0.00572	0.00147	0.07873	0.02950	0.00257	0.00583
8	0.02840	0.00710	0.01106	0.13537	0.18125	0.01792	0.04500	0.01007	0.03602	0.01159	0.04411	0.05789	0.01014	0.01080	0.07573	0.26286	0.04326	0.00465	0.00239	0.00439
9	0.09479	0.00532	0.00595	0.00582	0.00727	0.00513	0.00442	0.00966	0.05515	0.07163	0.17652	0.16180	0.27254	0.03010	0.00538	0.00159	0.00272	0.05913	0.02073	0.00435
10	0.02359	0.15132	0.36374	0.01039	0.03155	0.01080	0.02106	0.08869	0.03840	0.08409	0.03188	0.01229	0.04124	0.00602	0.03669	0.00155	0.01871	0.00383	0.01795	0.00621
11	0.01235	0.05265	0.01075	0.00935	0.02666	0.29924	0.00709	0.04443	0.23826	0.03415	0.08096	0.01708	0.03857	0.04676	0.00523	0.00147	0.00510	0.04187	0.02250	0.00554
12	0.03118	0.00618	0.00729	0.00649	0.00807	0.00616	0.00484	0.09621	0.06847	0.15290	0.20203	0.10904	0.04617	0.17438	0.00824	0.00199	0.00329	0.00658	0.05556	0.00494
13	0.00812	0.00573	0.00809	0.00720	0.00887	0.00530	0.08463	0.01016	0.04959	0.11306	0.11870	0.20273	0.26466	0.04284	0.02906	0.00181	0.00346	0.02733	0.00408	0.00458
14	0.01041	0.04616	0.01375	0.09070	0.16987	0.06893	0.09312	0.08043	0.04986	0.02977	0.04962	0.14347	0.01264	0.00657	0.00551	0.00147	0.07784	0.02160	0.02270	0.00556
15	0.00670	0.00447	0.00552	0.00572	0.00669	0.00405	0.00413	0.00790	0.00989	0.06917	0.17649	0.33776	0.22660	0.05667	0.00626	0.00175	0.00263	0.04452	0.01910	0.00399
16	0.12097	0.00482	0.00555	0.00588	0.00681	0.00472	0.00414	0.00840	0.00868	0.06871	0.03491	0.49765	0.07887	0.07767	0.00635	0.00184	0.00284	0.00943	0.04776	0.00399
17	0.01349	0.15217	0.12569	0.04879	0.05066	0.15998	0.05371	0.26165	0.06226	0.01733	0.00895	0.00987	0.00684	0.00462	0.00410	0.00126	0.00575	0.00354	0.00294	0.00638
18	0.00628	0.00434	0.00508	0.00525	0.00583	0.00406	0.00345	0.00694	0.00839	0.03359	0.07891	0.22834	0.20091	0.36213	0.01257	0.00274	0.00324	0.02097	0.00359	0.00339
19	0.00562	0.00433	0.00507	0.00543	0.00630	0.00393	0.00382	0.00693	0.02897	0.01236	0.13057	0.37050	0.33108	0.05644	0.00630	0.00175	0.00249	0.01023	0.00413	0.00375
20	0.01536	0.01859	0.01181	0.01073	0.01286	0.68226	0.00806	0.04190	0.05282	0.01152	0.00771	0.00910	0.00642	0.00615	0.02743	0.05921	0.00747	0.00311	0.00244	0.00505
21	0.00638	0.00459	0.00547	0.00575	0.00625	0.00453	0.00383	0.02678	0.03763	0.01113	0.04044	0.31697	0.09735	0.34373	0.03899	0.00290	0.00365	0.03663	0.00352	0.00350
22	0.00734	0.00522	0.00616	0.00616	0.00699	0.00521	0.00428	0.11533	0.01019	0.01374	0.09513	0.38557	0.07774	0.20083	0.00915	0.00221	0.00318	0.00906	0.03251	0.00400
23	0.00766	0.00634	0.00845	0.23383	0.04643	0.03432	0.00684	0.02315	0.00973	0.03525	0.12946	0.15844	0.15124	0.09425	0.01885	0.00187	0.00406	0.02212	0.00335	0.00435
24	0.00642	0.00428	0.00482	0.00482	0.00482	0.00428	0.00268	0.00642	0.00642	0.00856	0.01392	0.02890	0.01606	0.84478	0.02248	0.00428	0.00428	0.00642	0.00268	0.00268
25	0.00541	0.00394	0.00511	0.00600	0.00641	0.00364	0.00408	0.00626	0.00872	0.01149	0.04034	0.73400	0.10844	0.01346	0.00560	0.00176	0.00255	0.02508	0.00411	0.00362
26	0.02704	0.00995	0.01551	0.31947	0.12894	0.05480	0.12748	0.02738	0.00912	0.01242	0.00766	0.01102	0.00626	0.00574	0.02709	0.00167	0.19695	0.00403	0.00212	0.00536
27	0.08115	0.01063	0.04667	0.18666	0.07653	0.06936	0.07397	0.14994	0.12586	0.01648	0.02652	0.03113	0.02659	0.00675	0.05120	0.00173	0.00554	0.00440	0.00304	0.00584
28	0.87598	0.00854	0.00649	0.00581	0.00854	0.00991	0.00478	0.01298	0.00752	0.01982	0.00615	0.00717	0.00478	0.00410	0.00273	0.00137	0.00342	0.00239	0.00273	0.00478
29	0.08082	0.03001	0.03856	0.15113	0.13286	0.07792	0.02534	0.03593	0.14266	0.01503	0.11543	0.03393	0.06310	0.00671	0.03066	0.00157	0.00477	0.00492	0.00314	0.00551
30	0.00995	0.00901	0.01588	0.08834	0.17983	0.00945	0.21988	0.03022	0.00938	0.05779	0.00958	0.01303	0.00795	0.02837	0.17829	0.00269	0.09024	0.00447	0.00245	0.03320
31	0.00950	0.00800	0.00931	0.00679	0.01060	0.00628	0.00546	0.05317	0.00981	0.01507	0.00849	0.01053	0.00720	0.00366	0.00342	0.00073	0.00338	0.02772	0.00276	0.79812
32	0.01041	0.00892	0.01108	0.20370	0.01580	0.04987	0.05068	0.10631	0.24985	0.03754	0.04118	0.10345	0.03596	0.02352	0.00501	0.00153	0.00448	0.01620	0.01882	0.00570
33	0.00573	0.00416	0.00524	0.00583	0.00630	0.00394	0.00393	0.00681	0.02424	0.01176	0.10674	0.54103	0.09959	0.12548	0.02591	0.00217	0.00294	0.01064	0.00396	0.00361
34	0.00673	0.00500	0.00594	0.00601	0.02330	0.00465	0.00431	0.00896	0.07032	0.04621	0.27682	0.15701	0.32400	0.03368	0.00566	0.00158	0.00251	0.00869	0.00434	0.00427
35	0.00990	0.29685	0.47184	0.01071	0.01588	0.01250	0.03312	0.02957	0.00935	0.01286	0.00763	0.00912	0.00599	0.00569	0.05004	0.00157	0.00621	0.00311	0.00196	0.00610
36	0.00764	0.00643	0.00994	0.37090	0.05509	0.00758	0.00838	0.00982	0.02392	0.01111	0.01082	0.04724	0.00999	0.13901	0.20836	0.00327	0.02283	0.00485	0.03843	0.00439
37	0.00618	0.00430	0.00504	0.00533	0.00620	0.00388	0.00372	0.00717	0.00923	0.04144	0.07244	0.35480	0.30194	0.09812	0.00702	0.00186	0.00262	0.00974	0.05522	0.00375
38	0.00541	0.00386	0.00511	0.00611	0.00636	0.00361	0.00405	0.00616	0.00839	0.01119	0.02401	0.81595	0.02879	0.04036	0.00617	0.00187	0.00262	0.01236	0.00405	0.00356
39	0.64355	0.02030	0.00800	0.10918	0.01158	0.05854	0.00598	0.03346	0.00835	0.01796	0.00688	0.00861	0.00547	0.02475	0.00355	0.00142	0.00404	0.00278	0.02076	0.00484
40	0.00549	0.00404	0.00499	0.00563	0.00622	0.00367	0.00385	0.00625	0.00884	0.01141	0.05056	0.54625	0.24266	0.03323	0.00642	0.03937	0.00256	0.01102	0.00399	0.00355
41	0.01216	0.12584	0.11616	0.06594	0.09672	0.13629	0.06236	0.12104	0.05957	0.05315	0.01021	0.01176	0.02582	0.02114	0.05350	0.00168	0.00600	0.00385	0.00277	0.01406
42	0.01080	0.01000	0.01244	0.01015	0.01265	0.10083	0.13311	0.16297	0.02277	0.01559	0.02903	0.10160	0.03120	0.00853	0.06633	0.00181	0.06686	0.06289	0.00316	0.13727
43	0.00979	0.02654	0.06245	0.10284	0.01414	0.00873	0.11304	0.14584	0.09137	0.03543	0.22264	0.02045	0.09350	0.00718	0.02507	0.00155	0.00446	0.00574	0.00370	0.00554
44	0.01425	0.01012	0.01118	0.00889	0.01179	0.04062	0.00720	0.42981	0.01550	0.11949	0.02948	0.01291	0.00926	0.03870	0.11150	0.00212	0.02314	0.00412	0.00391	0.09600
45	0.02985	0.09757	0.04005	0.00811	0.02784	0.00921	0.00656	0.15223	0.18936	0.03885	0.08921	0.12805	0.13499	0.00765	0.00460	0.00143	0.00360	0.02123	0.00396	0.00565

[dist]
# distance from previous block
# <min> <max>
0	4

[block]
# block no. 5 follows, 59 sequences, length 20
# corresponding to MSA columns:
# 624-643
name=unknown_F
#
# <colnr> <probs for GDERKNQSTAVLIFYWHMCP>
#	G	D	E	R	K	N	Q	S	T	A	V	L	I	F	Y	W	H	M	C	P
0	0.03112	0.00977	0.01389	0.14159	0.16096	0.04786	0.10746	0.09678	0.11355	0.10469	0.05638	0.01507	0.02577	0.00525	0.00455	0.00140	0.00496	0.02882	0.00331	0.02683
1	0.00985	0.02571	0.01385	0.27623	0.04883	0.00904	0.13589	0.07152	0.03510	0.03339	0.01055	0.01440	0.02473	0.02118	0.00472	0.00134	0.00507	0.04990	0.00269	0.20600
2	0.00842	0.01011	0.13507	0.71039	0.02872	0.00988	0.01288	0.01169	0.00891	0.01169	0.00786	0.01141	0.00584	0.00438	0.00438	0.00146	0.00598	0.00383	0.00195	0.00515
3	0.01259	0.21478	0.03208	0.03597	0.01388	0.20311	0.09913	0.10432	0.06949	0.03047	0.01114	0.01254	0.06068	0.00526	0.00480	0.00129	0.06263	0.01740	0.00276	0.00570
4	0.00569	0.00439	0.00520	0.00532	0.00626	0.00409	0.00382	0.00681	0.00927	0.01198	0.14040	0.17232	0.36206	0.11581	0.12390	0.00266	0.00388	0.00868	0.00379	0.00367
5	0.54033	0.05059	0.13326	0.00762	0.01093	0.04064	0.00716	0.01490	0.12883	0.01795	0.00823	0.00893	0.00629	0.00440	0.00327	0.00136	0.00414	0.00293	0.00281	0.00544
6	0.00934	0.14800	0.01089	0.00771	0.00955	0.00895	0.00636	0.11922	0.04700	0.03969	0.01117	0.01458	0.00976	0.02218	0.50978	0.00482	0.00902	0.00423	0.00277	0.00498
7	0.01289	0.03547	0.01363	0.02474	0.19134	0.02505	0.04576	0.31924	0.05394	0.05427	0.01124	0.05063	0.00952	0.09383	0.00673	0.00168	0.03555	0.00467	0.00343	0.00638
8	0.00811	0.00611	0.00803	0.00745	0.00847	0.00703	0.00573	0.12752	0.00902	0.01264	0.01163	0.01781	0.01104	0.16384	0.51892	0.00544	0.05934	0.00485	0.00270	0.00432
9	0.00685	0.00464	0.00650	0.00737	0.00808	0.00459	0.00601	0.00803	0.00915	0.01198	0.02121	0.20634	0.02352	0.01301	0.00769	0.13297	0.00372	0.51094	0.00375	0.00365
10	0.01221	0.00955	0.00989	0.00879	0.01130	0.05765	0.00692	0.04696	0.55401	0.12330	0.01839	0.01855	0.04513	0.00638	0.00458	0.00148	0.00382	0.04996	0.00445	0.00667
11	0.00834	0.00785	0.01325	0.83417	0.03042	0.00981	0.01227	0.01128	0.00883	0.01128	0.00785	0.01178	0.00589	0.00442	0.00442	0.00147	0.00589	0.00393	0.00196	0.00491
12	0.00897	0.05414	0.79159	0.01240	0.01882	0.01053	0.01599	0.01396	0.00931	0.01385	0.00786	0.00924	0.00560	0.00418	0.00414	0.00138	0.00646	0.00323	0.00187	0.00649
13	0.00538	0.00384	0.00512	0.00615	0.00641	0.00359	0.00410	0.00615	0.00846	0.01127	0.02434	0.84190	0.02921	0.01384	0.00564	0.00179	0.00256	0.01256	0.00410	0.00359
14	0.00538	0.00398	0.00503	0.00583	0.00633	0.00363	0.00397	0.00625	0.00887	0.01158	0.05106	0.67170	0.17385	0.01321	0.00555	0.00173	0.00249	0.01183	0.00412	0.00363
15	0.00767	0.00384	0.00575	0.00575	0.00575	0.00384	0.00384	0.00575	0.00575	0.00767	0.00767	0.01343	0.00767	0.01534	0.01726	0.87150	0.00384	0.00384	0.00192	0.00192
16	0.09025	0.08130	0.01319	0.01038	0.01159	0.13606	0.00858	0.01335	0.05515	0.04719	0.00723	0.00960	0.00635	0.00639	0.00984	0.00163	0.48086	0.00354	0.00236	0.00518
17	0.58600	0.01114	0.00866	0.00746	0.01027	0.13372	0.00602	0.16117	0.01074	0.01996	0.00708	0.00793	0.00543	0.00439	0.00324	0.00132	0.00437	0.00276	0.00298	0.00534
18	0.00608	0.00414	0.00492	0.00525	0.00533	0.00406	0.00314	0.00633	0.00708	0.00944	0.01730	0.29274	0.02033	0.57512	0.01701	0.00347	0.00372	0.00841	0.00314	0.00297
19	0.00645	0.00510	0.00578	0.00593	0.00735	0.00474	0.00473	0.04909	0.02507	0.01319	0.03556	0.08914	0.50136	0.01121	0.00542	0.00165	0.00291	0.21714	0.00412	0.00407

[dist]
# distance from previous block
# <min> <max>
0	2

[block]
# block no. 6 follows, 59 sequences, length 21
# corresponding to MSA columns:
# 654-674
name=unknown_G
#
# <colnr> <probs for GDERKNQSTAVLIFYWHMCP>
#	G	D	E	R	K	N	Q	S	T	A	V	L	I	F	Y	W	H	M	C	P
0	0.00578	0.00412	0.00504	0.00557	0.00595	0.00389	0.00366	0.00643	0.00820	0.01077	0.04831	0.43465	0.12140	0.27595	0.01091	0.00254	0.00310	0.03670	0.00367	0.00335
1	0.28194	0.00811	0.00809	0.03307	0.01006	0.02252	0.00585	0.04554	0.25589	0.04967	0.14446	0.03165	0.05354	0.00631	0.00414	0.00144	0.00339	0.02495	0.00388	0.00549
2	0.00730	0.00586	0.00678	0.00658	0.00772	0.00628	0.00484	0.01114	0.20711	0.01322	0.07464	0.15913	0.19082	0.13189	0.08382	0.00247	0.04545	0.00746	0.02302	0.00447
3	0.23073	0.00713	0.00754	0.00674	0.00883	0.00753	0.00533	0.07887	0.11805	0.09790	0.22925	0.07356	0.07152	0.00725	0.00440	0.00144	0.00312	0.03140	0.00417	0.00524
4	0.00537	0.00405	0.00497	0.00564	0.00629	0.00365	0.00389	0.00630	0.00910	0.01175	0.06477	0.57591	0.25661	0.01286	0.00550	0.00169	0.00245	0.01142	0.00413	0.00365
5	0.01052	0.00866	0.00989	0.00719	0.01104	0.00728	0.00580	0.15266	0.01123	0.01680	0.00834	0.00942	0.00672	0.00363	0.00348	0.00077	0.00356	0.00286	0.00294	0.71720
6	0.00597	0.00434	0.00568	0.00654	0.00718	0.00412	0.00494	0.00716	0.00913	0.01188	0.02606	0.45530	0.12186	0.04624	0.00641	0.00194	0.00308	0.26440	0.00403	0.00372
7	0.00566	0.00450	0.00511	0.00516	0.00643	0.00395	0.00393	0.00709	0.01063	0.01352	0.24396	0.08302	0.50367	0.01085	0.00531	0.00153	0.00237	0.07516	0.00430	0.00386
8	0.01612	0.08790	0.01338	0.01107	0.01347	0.76156	0.00845	0.01728	0.01223	0.01078	0.00677	0.00789	0.00569	0.00449	0.00389	0.00112	0.00770	0.00281	0.00224	0.00516
9	0.00621	0.00448	0.00587	0.00607	0.00662	0.00467	0.00434	0.00719	0.00766	0.01037	0.03579	0.12162	0.08391	0.29482	0.31042	0.00453	0.00659	0.07233	0.00301	0.00348
10	0.00900	0.00843	0.01243	0.15256	0.04068	0.01045	0.05695	0.04136	0.00824	0.01168	0.01029	0.01483	0.05805	0.10517	0.04426	0.00220	0.37964	0.00461	0.00232	0.02685
11	0.16490	0.00784	0.01075	0.08847	0.21151	0.00845	0.00813	0.06891	0.00983	0.07186	0.05737	0.03226	0.01039	0.01178	0.20221	0.00274	0.00613	0.00432	0.01668	0.00546
12	0.00567	0.00420	0.00522	0.00581	0.00650	0.00386	0.00415	0.00668	0.00920	0.01192	0.08684	0.44174	0.22931	0.05415	0.00658	0.01602	0.00271	0.09173	0.00405	0.00364
13	0.01002	0.00977	0.01730	0.19572	0.42542	0.01018	0.14562	0.01306	0.02955	0.01365	0.00950	0.01397	0.00807	0.00468	0.00485	0.00144	0.02262	0.05612	0.00232	0.00614
14	0.00971	0.00925	0.01531	0.45880	0.10051	0.01095	0.10837	0.07257	0.00972	0.01310	0.00790	0.01128	0.00620	0.00490	0.00616	0.00152	0.14205	0.00408	0.00220	0.00542
15	0.00944	0.00768	0.01113	0.16334	0.19043	0.01743	0.02339	0.02437	0.12265	0.06337	0.06172	0.11548	0.06408	0.02322	0.02660	0.02428	0.00444	0.02515	0.01639	0.00543
16	0.01987	0.00470	0.00582	0.00597	0.00687	0.00445	0.00436	0.02544	0.00945	0.05437	0.12134	0.24802	0.17140	0.12258	0.00861	0.07236	0.00308	0.10363	0.00388	0.00380
17	0.02308	0.01089	0.01315	0.18843	0.19795	0.12055	0.02297	0.15879	0.08653	0.01594	0.02338	0.03801	0.02948	0.00606	0.02545	0.00153	0.00546	0.02338	0.00298	0.00597
18	0.02940	0.03922	0.02878	0.18599	0.12622	0.16145	0.03830	0.13103	0.08028	0.01504	0.00940	0.02144	0.00760	0.02274	0.01495	0.00149	0.04978	0.00395	0.02716	0.00579
19	0.00682	0.00493	0.00600	0.00620	0.00699	0.01725	0.00445	0.02452	0.04351	0.02530	0.14275	0.30820	0.11597	0.09063	0.05259	0.07515	0.00351	0.05759	0.00382	0.00383
20	0.00768	0.00638	0.00653	0.02806	0.00782	0.10411	0.00480	0.00831	0.02840	0.01068	0.04484	0.27502	0.09441	0.11151	0.00987	0.18945	0.00385	0.05160	0.00322	0.00348

[dist]
# distance from previous block
# <min> <max>
12	25

[block]
# block no. 7 follows, 59 sequences, length 30
# corresponding to MSA columns:
# 700-717,720-731
name=unknown_H
#
# <colnr> <probs for GDERKNQSTAVLIFYWHMCP>
#	G	D	E	R	K	N	Q	S	T	A	V	L	I	F	Y	W	H	M	C	P
0	0.02974	0.00717	0.03555	0.01983	0.03996	0.00682	0.00618	0.08374	0.10269	0.07963	0.09901	0.21413	0.09245	0.02828	0.02786	0.00172	0.01618	0.05209	0.00395	0.05301
1	0.03561	0.10026	0.02890	0.03127	0.04954	0.27216	0.03658	0.15411	0.07834	0.04907	0.03060	0.02186	0.02627	0.02364	0.00500	0.00136	0.04264	0.00391	0.00304	0.00584
2	0.01248	0.00991	0.01060	0.00913	0.01184	0.01122	0.00721	0.19867	0.57868	0.05144	0.01647	0.03761	0.01247	0.00603	0.00451	0.00146	0.00379	0.00495	0.00450	0.00704
3	0.00954	0.00828	0.01310	0.08808	0.39400	0.00840	0.02944	0.01266	0.07590	0.04582	0.13364	0.09144	0.05826	0.00624	0.00469	0.00141	0.00428	0.00575	0.00316	0.00590
4	0.00823	0.00412	0.00412	0.00412	0.00515	0.00412	0.00309	0.01029	0.00926	0.01647	0.01441	0.01647	0.01132	0.00515	0.00309	0.00103	0.00206	0.00412	0.86930	0.00412
5	0.03019	0.00814	0.01006	0.00783	0.01106	0.00758	0.00638	0.12733	0.06996	0.45114	0.08221	0.01503	0.01247	0.00543	0.00430	0.00127	0.00367	0.00441	0.00473	0.13682
6	0.00680	0.00596	0.04353	0.00714	0.00818	0.00598	0.01857	0.00840	0.00828	0.01189	0.10369	0.07553	0.08614	0.07546	0.36808	0.00416	0.08783	0.00594	0.06438	0.00409
7	0.00823	0.00412	0.00412	0.00412	0.00515	0.00412	0.00309	0.01029	0.00926	0.01647	0.01441	0.01647	0.01132	0.00515	0.00309	0.00103	0.00206	0.00412	0.86930	0.00412
8	0.21862	0.07941	0.08833	0.06270	0.05331	0.18241	0.02561	0.12976	0.02338	0.04242	0.00866	0.02743	0.00699	0.00516	0.01505	0.00139	0.00543	0.01545	0.00281	0.00570
9	0.02796	0.09545	0.44891	0.01327	0.03652	0.05919	0.18374	0.02721	0.00986	0.01377	0.00853	0.04016	0.00676	0.00444	0.00431	0.00137	0.00638	0.00393	0.00212	0.00612
10	0.01037	0.03285	0.01127	0.23837	0.06131	0.07907	0.00828	0.07640	0.13862	0.03662	0.06261	0.03215	0.02370	0.06123	0.02056	0.00162	0.00484	0.00455	0.00308	0.09249
11	0.00903	0.00771	0.00902	0.00650	0.01030	0.00581	0.00519	0.01100	0.00930	0.01453	0.04244	0.01018	0.00805	0.00352	0.00335	0.00069	0.00322	0.00285	0.00271	0.83459
12	0.00712	0.00596	0.00620	0.00579	0.00744	0.02400	0.00442	0.05497	0.11486	0.01497	0.21180	0.03438	0.47262	0.00954	0.00505	0.00145	0.00265	0.00801	0.00430	0.00450
13	0.00570	0.00423	0.00568	0.04165	0.00755	0.00414	0.00457	0.00663	0.00860	0.01141	0.04265	0.67060	0.06798	0.04561	0.00640	0.00186	0.01869	0.03846	0.00393	0.00367
14	0.00916	0.00785	0.00916	0.00654	0.01047	0.00589	0.00523	0.01112	0.00916	0.01439	0.00785	0.00916	0.00654	0.00327	0.00327	0.00065	0.00327	0.00262	0.00262	0.87178
15	0.00988	0.00915	0.01263	0.08958	0.02814	0.02822	0.04015	0.08800	0.02155	0.01331	0.05232	0.01434	0.00966	0.00874	0.06133	0.00206	0.43932	0.04987	0.01669	0.00508
16	0.00972	0.00905	0.01281	0.01082	0.01158	0.01167	0.06102	0.05248	0.06162	0.01256	0.04350	0.01239	0.01971	0.00847	0.03637	0.05159	0.54452	0.00432	0.02089	0.00494
17	0.01069	0.00582	0.00769	0.00746	0.00929	0.00543	0.00628	0.02976	0.01106	0.24889	0.02484	0.05770	0.14851	0.00996	0.00542	0.00173	0.00366	0.39624	0.00449	0.00508
18	0.74151	0.04155	0.00813	0.00718	0.04586	0.02767	0.00555	0.05307	0.00846	0.01942	0.00649	0.00753	0.00508	0.00415	0.00292	0.00134	0.00372	0.00255	0.00275	0.00506
19	0.00823	0.00412	0.00412	0.00412	0.00515	0.00412	0.00309	0.01029	0.00926	0.01647	0.01441	0.01647	0.01132	0.00515	0.00309	0.00103	0.00206	0.00412	0.86930	0.00412
20	0.09526	0.01274	0.19215	0.05662	0.01433	0.03235	0.02119	0.24265	0.02468	0.11128	0.02862	0.01130	0.00804	0.00485	0.00425	0.00131	0.01905	0.00372	0.04849	0.06710
21	0.00966	0.00966	0.01353	0.01160	0.01160	0.01353	0.00966	0.01063	0.00676	0.01063	0.00580	0.00966	0.00580	0.00773	0.01449	0.00193	0.83670	0.00387	0.00193	0.00483
22	0.00618	0.00472	0.00537	0.00526	0.00658	0.00424	0.00392	0.00808	0.04649	0.03408	0.27936	0.11652	0.44238	0.01040	0.00521	0.00149	0.00232	0.00891	0.00439	0.00409
23	0.00640	0.00437	0.00526	0.00526	0.00541	0.00452	0.00323	0.00671	0.00655	0.00889	0.01351	0.02667	0.01509	0.68759	0.17835	0.00483	0.00574	0.00610	0.00262	0.00292
24	0.00823	0.00412	0.00412	0.00412	0.00515	0.00412	0.00309	0.01029	0.00926	0.01647	0.01441	0.01647	0.01132	0.00515	0.00309	0.00103	0.00206	0.00412	0.86930	0.00412
25	0.00631	0.00471	0.00699	0.00699	0.00774	0.00546	0.00539	0.00782	0.00707	0.01017	0.01193	0.01789	0.01127	0.07087	0.78985	0.00697	0.01148	0.00481	0.00238	0.00388
26	0.00636	0.00475	0.00682	0.00680	0.00759	0.00536	0.00519	0.00805	0.02223	0.01093	0.07486	0.03940	0.02886	0.08045	0.66417	0.00615	0.01006	0.00536	0.00269	0.00393
27	0.00823	0.00412	0.00412	0.00412	0.00515	0.00412	0.00309	0.01029	0.00926	0.01647	0.01441	0.01647	0.01132	0.00515	0.00309	0.00103	0.00206	0.00412	0.86930	0.00412
28	0.00555	0.00405	0.00525	0.00608	0.00658	0.00375	0.00426	0.00653	0.00900	0.01186	0.07151	0.64600	0.11665	0.01314	0.00560	0.00176	0.00262	0.07200	0.00414	0.00367
29	0.02881	0.01188	0.08195	0.02897	0.28374	0.06606	0.13304	0.12134	0.05222	0.04980	0.02569	0.03619	0.00946	0.00512	0.00458	0.00140	0.00545	0.04497	0.00294	0.00639

[dist]
# distance from previous block
# <min> <max>
0	23

[block]
# block no. 8 follows, 59 sequences, length 24
# corresponding to MSA columns:
# 755,756,758-779
name=unknown_I
#
# <colnr> <probs for GDERKNQSTAVLIFYWHMCP>
#	G	D	E	R	K	N	Q	S	T	A	V	L	I	F	Y	W	H	M	C	P
0	0.18861	0.08984	0.01102	0.00766	0.01096	0.00900	0.00644	0.08831	0.03407	0.49008	0.01350	0.01235	0.00897	0.00503	0.00395	0.00133	0.00387	0.00381	0.00446	0.00678
1	0.01272	0.01450	0.01207	0.02423	0.03496	0.41422	0.02571	0.03980	0.01071	0.01173	0.00972	0.06773	0.00949	0.02278	0.00708	0.00153	0.19334	0.08018	0.00256	0.00495
2	0.00828	0.00683	0.00991	0.11595	0.07948	0.00709	0.07638	0.08591	0.00975	0.01301	0.08076	0.05215	0.10084	0.30926	0.01135	0.00247	0.01698	0.00616	0.00304	0.00439
3	0.00985	0.02097	0.04713	0.00861	0.02831	0.00801	0.01899	0.10481	0.23332	0.06155	0.04912	0.20220	0.04792	0.00852	0.00494	0.00157	0.00367	0.11083	0.02408	0.00559
4	0.01466	0.00691	0.00875	0.00720	0.00988	0.00634	0.00577	0.01770	0.11668	0.48890	0.09562	0.04420	0.14368	0.00701	0.00468	0.00142	0.00329	0.00585	0.00503	0.00642
5	0.01111	0.49524	0.01708	0.00784	0.01078	0.03027	0.00719	0.03298	0.08636	0.04744	0.02383	0.01501	0.01019	0.00807	0.08369	0.00177	0.00520	0.09771	0.00272	0.00552
6	0.03162	0.11438	0.10876	0.01962	0.05426	0.07667	0.03676	0.16264	0.01205	0.07534	0.03208	0.01148	0.00827	0.00458	0.00393	0.00115	0.00480	0.02189	0.02032	0.19941
7	0.07072	0.11103	0.08398	0.11645	0.14943	0.06850	0.06843	0.11666	0.02093	0.03258	0.02665	0.01203	0.00799	0.00466	0.00412	0.00129	0.00526	0.03391	0.00269	0.06269
8	0.09089	0.00479	0.00550	0.00545	0.00590	0.00509	0.00355	0.00738	0.00673	0.01010	0.01293	0.04249	0.01413	0.56237	0.20065	0.00457	0.00585	0.00579	0.00264	0.00319
9	0.01047	0.03166	0.27574	0.03030	0.06331	0.02813	0.11999	0.06417	0.09744	0.05502	0.02059	0.05660	0.00920	0.00523	0.00482	0.00140	0.04106	0.00448	0.06094	0.01945
10	0.00824	0.00448	0.00500	0.08479	0.00760	0.00467	0.00398	0.01039	0.00922	0.01596	0.01377	0.01601	0.01079	0.00507	0.00322	0.00107	0.00243	0.00410	0.78500	0.00419
11	0.01018	0.00881	0.00946	0.00730	0.01066	0.05239	0.00580	0.09842	0.06788	0.01601	0.05540	0.03018	0.02537	0.00460	0.00376	0.00092	0.00363	0.01621	0.00314	0.56988
12	0.02632	0.02720	0.17133	0.02115	0.12522	0.02189	0.08592	0.04242	0.04854	0.07718	0.10285	0.08034	0.13755	0.00666	0.00468	0.00142	0.00450	0.00585	0.00331	0.00568
13	0.00804	0.00416	0.00429	0.00426	0.00529	0.00412	0.00319	0.01010	0.00958	0.01659	0.09221	0.01807	0.01427	0.00552	0.00329	0.00106	0.00206	0.00449	0.78529	0.00412
14	0.29930	0.17413	0.11088	0.08851	0.01326	0.07917	0.02076	0.03651	0.00893	0.01463	0.00735	0.00943	0.00610	0.02613	0.06389	0.00178	0.02862	0.00308	0.00234	0.00520
