[name]
unknown

[dist]
# distance from previous block
# <min> <max>
3	65

[block]
# block no. 0 follows, 46 sequences, length 7
# corresponding to MSA columns:
# 67-73
name=unknown_A
#
# <colnr> <probs for GDERKNQSTAVLIFYWHMCP>
#	G	D	E	R	K	N	Q	S	T	A	V	L	I	F	Y	W	H	M	C	P
0	0.04650	0.00822	0.00909	0.00813	0.01017	0.00852	0.00610	0.17353	0.08431	0.07972	0.04349	0.16523	0.11770	0.14829	0.00924	0.00232	0.00416	0.00814	0.06113	0.00600
1	0.00787	0.00574	0.00649	0.00643	0.00716	0.00571	0.00418	0.00988	0.08275	0.01358	0.11528	0.10472	0.13466	0.45295	0.01756	0.00364	0.00418	0.00890	0.00413	0.00419
2	0.00718	0.00564	0.00662	0.00643	0.00790	0.00519	0.00480	0.00885	0.01201	0.01591	0.22193	0.10897	0.37143	0.03692	0.07020	0.00237	0.02354	0.00984	0.03158	0.04269
3	0.07219	0.00531	0.00612	0.00659	0.00721	0.00520	0.00434	0.00825	0.00966	0.01368	0.06217	0.39009	0.09614	0.27387	0.01295	0.00302	0.00375	0.01109	0.00427	0.00410
4	0.33876	0.00700	0.00697	0.00725	0.00891	0.00745	0.00547	0.01100	0.01019	0.01814	0.06164	0.35991	0.05958	0.01137	0.00537	0.00193	0.00356	0.06623	0.00431	0.00495
5	0.04501	0.00705	0.00694	0.00652	0.00828	0.03035	0.00500	0.05607	0.08723	0.01987	0.05942	0.02316	0.10239	0.00844	0.03225	0.00167	0.00354	0.00586	0.48543	0.00551
6	0.08030	0.00800	0.00889	0.00819	0.01015	0.00852	0.00635	0.07319	0.15084	0.04469	0.15171	0.08645	0.16969	0.05476	0.00746	0.00199	0.04434	0.04877	0.02983	0.00589

[dist]
# distance from previous block
# <min> <max>
3	7

[block]
# block no. 1 follows, 46 sequences, length 6
# corresponding to MSA columns:
# 81-86
name=unknown_B
#
# <colnr> <probs for GDERKNQSTAVLIFYWHMCP>
#	G	D	E	R	K	N	Q	S	T	A	V	L	I	F	Y	W	H	M	C	P
0	0.01167	0.00873	0.02984	0.03064	0.04244	0.00837	0.03774	0.12418	0.04655	0.09778	0.02450	0.15924	0.14285	0.06792	0.06277	0.00252	0.00527	0.06442	0.00453	0.02803
1	0.01269	0.20613	0.12961	0.13401	0.05649	0.07588	0.04751	0.04590	0.07724	0.03029	0.06198	0.03640	0.02741	0.00644	0.00537	0.02560	0.00617	0.00496	0.00317	0.00674
2	0.07124	0.09322	0.06128	0.07189	0.22113	0.03058	0.05076	0.01434	0.01116	0.01673	0.01265	0.05621	0.01130	0.03627	0.00558	0.00166	0.00539	0.03433	0.15410	0.04018
3	0.01335	0.03580	0.01130	0.06942	0.09261	0.10204	0.00788	0.06056	0.06304	0.07691	0.01481	0.03619	0.01171	0.00610	0.00451	0.00141	0.00468	0.00492	0.34615	0.03660
4	0.04746	0.10035	0.09529	0.05002	0.04793	0.03038	0.05061	0.09074	0.07219	0.05621	0.03505	0.03149	0.04147	0.02243	0.00560	0.02282	0.00518	0.00506	0.11395	0.07576
5	0.04327	0.06174	0.10934	0.07155	0.10398	0.01217	0.05116	0.18688	0.05520	0.05295	0.04082	0.06431	0.01260	0.03111	0.02885	0.00193	0.00599	0.01971	0.00383	0.04262

[dist]
# distance from previous block
# <min> <max>
2	32

[block]
# block no. 2 follows, 46 sequences, length 33
# corresponding to MSA columns:
# 119-151
name=unknown_C
#
# <colnr> <probs for GDERKNQSTAVLIFYWHMCP>
#	G	D	E	R	K	N	Q	S	T	A	V	L	I	F	Y	W	H	M	C	P
0	0.02894	0.03524	0.04442	0.07002	0.08545	0.08784	0.03549	0.08768	0.04964	0.04390	0.06249	0.10240	0.05097	0.12685	0.04328	0.00246	0.00594	0.00669	0.00378	0.02650
1	0.04145	0.09935	0.08178	0.01559	0.18830	0.09517	0.01097	0.16556	0.04401	0.03988	0.03569	0.04553	0.02943	0.03668	0.02182	0.00181	0.00612	0.00510	0.00360	0.03217
2	0.01256	0.02168	0.01551	0.05319	0.32265	0.01078	0.02321	0.11117	0.05840	0.04435	0.01555	0.12806	0.03250	0.05714	0.02276	0.00200	0.00552	0.00654	0.00369	0.05275
3	0.06990	0.03408	0.13415	0.05164	0.08287	0.04771	0.06838	0.07285	0.03395	0.04072	0.01423	0.04053	0.06283	0.00645	0.00584	0.00158	0.05859	0.02374	0.00334	0.14663
4	0.05547	0.04302	0.08611	0.09492	0.31118	0.12218	0.05416	0.13637	0.01412	0.01897	0.00987	0.01214	0.00778	0.00515	0.00506	0.00157	0.00688	0.00439	0.00302	0.00762
5	0.03269	0.02374	0.00996	0.00939	0.05181	0.00793	0.00673	0.03749	0.01036	0.03154	0.07693	0.02347	0.06705	0.15494	0.27168	0.00445	0.06335	0.00609	0.00343	0.10698
6	0.01107	0.07702	0.19920	0.22486	0.05507	0.03257	0.05153	0.03730	0.07413	0.01539	0.01234	0.05482	0.01082	0.11238	0.00804	0.00213	0.00653	0.00542	0.00293	0.00646
7	0.00664	0.00485	0.00643	0.00732	0.00784	0.00470	0.00505	0.00772	0.00996	0.01327	0.02847	0.59888	0.09389	0.04404	0.13102	0.00321	0.00484	0.01301	0.00453	0.00434
8	0.00927	0.00590	0.00721	0.00691	0.00860	0.00530	0.00521	0.01135	0.03169	0.12101	0.26985	0.17236	0.28074	0.01208	0.00621	0.00181	0.00303	0.03073	0.00543	0.00532
9	0.00723	0.00542	0.00639	0.00618	0.00767	0.00479	0.00462	0.00914	0.01349	0.03323	0.41639	0.07937	0.36273	0.01210	0.00625	0.00174	0.00264	0.01041	0.00540	0.00481
10	0.00742	0.00508	0.00648	0.00711	0.00796	0.00464	0.00500	0.00868	0.01125	0.04994	0.11862	0.52325	0.15456	0.02917	0.00692	0.00207	0.00311	0.03907	0.00506	0.00462
11	0.00663	0.00537	0.00589	0.00576	0.00738	0.00463	0.00432	0.00833	0.01295	0.01642	0.27802	0.04735	0.55328	0.01259	0.00624	0.00175	0.00262	0.01066	0.00519	0.00463
12	0.00682	0.00496	0.00632	0.00728	0.00780	0.00471	0.00499	0.00813	0.02900	0.01363	0.02982	0.61544	0.09464	0.08568	0.00847	0.00239	0.00335	0.05745	0.00477	0.00435
13	0.01852	0.01403	0.01498	0.01184	0.01579	0.01566	0.00967	0.59681	0.19421	0.03078	0.01469	0.01429	0.01061	0.00653	0.00531	0.00163	0.00545	0.00504	0.00531	0.00885
14	0.11697	0.01229	0.01357	0.01099	0.03268	0.04385	0.00878	0.32980	0.01837	0.33644	0.01515	0.01426	0.01018	0.00619	0.00505	0.00160	0.00524	0.00471	0.00540	0.00849
15	0.01144	0.00925	0.01090	0.00804	0.01238	0.00730	0.00641	0.04228	0.01161	0.04376	0.02572	0.03422	0.00981	0.00580	0.03110	0.00116	0.00431	0.00381	0.00342	0.71728
16	0.05310	0.36690	0.10900	0.01340	0.11380	0.14500	0.01101	0.03918	0.01234	0.03807	0.04659	0.01150	0.00931	0.00520	0.00429	0.00137	0.00637	0.00375	0.00282	0.00699
17	0.04865	0.02426	0.01477	0.01339	0.01605	0.74226	0.01010	0.02066	0.01456	0.01331	0.00811	0.00956	0.00678	0.00554	0.00509	0.00140	0.03325	0.00342	0.00273	0.00610
18	0.00866	0.00821	0.09222	0.00891	0.02963	0.00635	0.00729	0.02395	0.02980	0.05144	0.16519	0.29509	0.11537	0.03708	0.03719	0.00226	0.00428	0.06704	0.00469	0.00535
19	0.04016	0.08365	0.37505	0.04190	0.09136	0.05038	0.01395	0.03069	0.01178	0.04843	0.01529	0.05621	0.08800	0.00649	0.00506	0.00162	0.00639	0.00524	0.00301	0.02533
20	0.01118	0.01138	0.03715	0.34848	0.22747	0.01180	0.18151	0.01468	0.01148	0.01554	0.03727	0.03484	0.00984	0.00561	0.00578	0.01412	0.00698	0.00546	0.00267	0.00673
21	0.00998	0.00940	0.01586	0.80150	0.03641	0.01175	0.01468	0.01351	0.01057	0.01351	0.00940	0.01409	0.00705	0.00529	0.00529	0.00176	0.00705	0.00470	0.00235	0.00587
22	0.01585	0.31172	0.07171	0.01248	0.06378	0.23295	0.01036	0.04028	0.03861	0.07338	0.02684	0.01164	0.00891	0.00647	0.02864	0.00160	0.03100	0.00383	0.00303	0.00693
23	0.01841	0.01036	0.01195	0.00986	0.01329	0.03995	0.00790	0.07051	0.25158	0.39451	0.08100	0.02024	0.03173	0.00716	0.00540	0.00168	0.00448	0.00587	0.00587	0.00828
24	0.00700	0.00547	0.00583	0.00582	0.00756	0.00465	0.00440	0.00844	0.01221	0.04098	0.08858	0.08915	0.64929	0.01323	0.00628	0.00182	0.00283	0.03681	0.00501	0.00465
25	0.00998	0.00940	0.01586	0.80150	0.03641	0.01175	0.01468	0.01351	0.01057	0.01351	0.00940	0.01409	0.00705	0.00529	0.00529	0.00176	0.00705	0.00470	0.00235	0.00587
26	0.03954	0.08288	0.12027	0.05883	0.25327	0.06380	0.10321	0.05170	0.03015	0.10225	0.01103	0.01290	0.00841	0.00528	0.00551	0.00161	0.03393	0.00458	0.00317	0.00768
27	0.01389	0.01172	0.01237	0.01091	0.01403	0.01350	0.00855	0.10660	0.69196	0.02331	0.02058	0.01897	0.01537	0.00708	0.00537	0.00177	0.00436	0.00585	0.00537	0.00843
28	0.00918	0.00459	0.00689	0.00689	0.00689	0.00459	0.00459	0.00689	0.00689	0.00918	0.00918	0.01607	0.00918	0.01837	0.02066	0.84619	0.00459	0.00459	0.00230	0.00230
29	0.07772	0.00649	0.00787	0.00802	0.00950	0.00635	0.00598	0.04612	0.03270	0.11876	0.02674	0.46179	0.07428	0.01317	0.00619	0.00201	0.00365	0.08222	0.00502	0.00543
30	0.01704	0.01303	0.01705	0.04072	0.18874	0.06815	0.08019	0.24554	0.04354	0.15615	0.02385	0.04154	0.01102	0.00617	0.00537	0.00162	0.00602	0.00534	0.02085	0.00807
31	0.02340	0.13249	0.10470	0.00971	0.01221	0.03944	0.06523	0.02251	0.01059	0.01412	0.04316	0.26967	0.01977	0.15580	0.03726	0.00258	0.00553	0.00834	0.00353	0.01995
32	0.07003	0.02612	0.03892	0.06467	0.10793	0.07048	0.02381	0.04530	0.01237	0.07076	0.08693	0.06652	0.15181	0.03335	0.03831	0.00205	0.03210	0.00676	0.04573	0.00606

[dist]
# distance from previous block
# <min> <max>
1	25

[block]
# block no. 3 follows, 46 sequences, length 15
# corresponding to MSA columns:
# 212-226
name=unknown_D
#
# <colnr> <probs for GDERKNQSTAVLIFYWHMCP>
#	G	D	E	R	K	N	Q	S	T	A	V	L	I	F	Y	W	H	M	C	P
0	0.02811	0.12672	0.13152	0.01107	0.01500	0.04490	0.08186	0.05213	0.01224	0.15120	0.03230	0.04372	0.01183	0.05093	0.10696	0.00258	0.00694	0.00515	0.02337	0.06147
1	0.01205	0.08166	0.09616	0.07621	0.05958	0.05834	0.06405	0.08226	0.11099	0.01721	0.04788	0.07507	0.03481	0.05820	0.02380	0.00208	0.05821	0.03126	0.00359	0.00658
2	0.00909	0.00666	0.00790	0.00729	0.00891	0.00654	0.00553	0.07126	0.05392	0.04128	0.37734	0.05989	0.19662	0.07682	0.00805	0.00202	0.01868	0.03162	0.00524	0.00533
3	0.01308	0.01253	0.02139	0.09798	0.55101	0.01280	0.10425	0.05290	0.04894	0.01790	0.01067	0.01361	0.00861	0.00493	0.00537	0.00162	0.00654	0.00495	0.00286	0.00803
4	0.01037	0.00845	0.01137	0.01020	0.01115	0.01035	0.00808	0.07138	0.01001	0.03620	0.01374	0.05338	0.03414	0.10314	0.29374	0.00468	0.27760	0.00595	0.00315	0.02291
5	0.00727	0.00518	0.00679	0.00722	0.00771	0.00533	0.00499	0.00825	0.00902	0.01222	0.02143	0.26713	0.04698	0.28294	0.24244	0.00497	0.00704	0.04524	0.00375	0.00410
6	0.00768	0.00515	0.00589	0.00589	0.00594	0.00519	0.00336	0.00777	0.00773	0.01034	0.01654	0.03396	0.01894	0.77844	0.06230	0.00528	0.00554	0.00759	0.00319	0.00327
7	0.01209	0.00702	0.00887	0.00761	0.00980	0.00652	0.00592	0.07132	0.01527	0.18535	0.47438	0.03152	0.05449	0.02939	0.00634	0.00170	0.00330	0.00794	0.02542	0.03575
8	0.00673	0.00556	0.00593	0.00588	0.00755	0.00487	0.00439	0.00876	0.04137	0.01571	0.17325	0.08455	0.59119	0.01287	0.00624	0.00178	0.00272	0.01088	0.00508	0.00469
9	0.85155	0.01022	0.00777	0.00695	0.01022	0.01186	0.00573	0.01554	0.00900	0.02372	0.00736	0.00859	0.00573	0.00491	0.00327	0.00164	0.00409	0.00286	0.00327	0.00573
10	0.04514	0.01209	0.01275	0.01173	0.05044	0.05031	0.00879	0.17710	0.40501	0.04378	0.01924	0.06194	0.04323	0.00751	0.00565	0.00174	0.02466	0.00607	0.00494	0.00787
11	0.03354	0.01071	0.05848	0.03579	0.10805	0.02822	0.13713	0.03341	0.03810	0.01611	0.03220	0.24533	0.01756	0.01038	0.03687	0.00211	0.07698	0.02909	0.00358	0.04636
12	0.27485	0.19456	0.05316	0.01160	0.06175	0.19670	0.00937	0.11066	0.01306	0.01916	0.00848	0.00970	0.00683	0.00512	0.00411	0.00145	0.00624	0.00338	0.00308	0.00673
13	0.00748	0.00616	0.00703	0.04526	0.00946	0.04278	0.00558	0.00874	0.01098	0.01388	0.05915	0.42896	0.19941	0.06720	0.00782	0.00221	0.00373	0.06508	0.00460	0.00449
14	0.01337	0.09325	0.02912	0.09587	0.03738	0.04397	0.06383	0.19681	0.12312	0.02031	0.05159	0.12711	0.01506	0.01830	0.00563	0.00169	0.00547	0.00640	0.00410	0.04764

[dist]
# distance from previous block
# <min> <max>
0	2

[block]
# block no. 4 follows, 46 sequences, length 19
# corresponding to MSA columns:
# 229-247
name=unknown_E
#
# <colnr> <probs for GDERKNQSTAVLIFYWHMCP>
#	G	D	E	R	K	N	Q	S	T	A	V	L	I	F	Y	W	H	M	C	P
0	0.01233	0.07849	0.10776	0.01989	0.16786	0.02504	0.33638	0.03884	0.04283	0.01738	0.05688	0.02822	0.03205	0.00556	0.00561	0.00166	0.00712	0.00578	0.00305	0.00726
1	0.02060	0.05714	0.04371	0.15625	0.04567	0.06726	0.03657	0.01308	0.03570	0.04024	0.03911	0.13503	0.15854	0.01081	0.04748	0.00214	0.05448	0.02680	0.00365	0.00575
2	0.01334	0.09937	0.12440	0.01384	0.08717	0.11915	0.06642	0.05693	0.03152	0.07123	0.03893	0.11340	0.01471	0.02748	0.00646	0.00179	0.04098	0.06258	0.00359	0.00670
3	0.04760	0.04692	0.01687	0.05314	0.20113	0.04388	0.07736	0.03860	0.19138	0.07282	0.01507	0.04735	0.03432	0.00667	0.00644	0.00173	0.08198	0.00558	0.00376	0.00741
4	0.00660	0.00485	0.00613	0.00690	0.00755	0.00445	0.00472	0.00777	0.01102	0.01459	0.13780	0.55876	0.15106	0.04261	0.00729	0.00213	0.00300	0.01341	0.00498	0.00438
5	0.04101	0.01344	0.06037	0.01587	0.11376	0.08764	0.18068	0.08869	0.08962	0.03289	0.06345	0.06054	0.07826	0.00713	0.00613	0.00172	0.04174	0.00636	0.00375	0.00695
6	0.01510	0.12140	0.07868	0.03826	0.06802	0.09527	0.02888	0.28121	0.03517	0.02120	0.01550	0.05029	0.08243	0.00696	0.00562	0.00160	0.03781	0.00540	0.00387	0.00734
7	0.01060	0.02735	0.78682	0.01507	0.02288	0.01228	0.01953	0.01674	0.01116	0.01674	0.00949	0.01116	0.00670	0.00502	0.00502	0.00167	0.00781	0.00391	0.00223	0.00781
8	0.01408	0.05112	0.02091	0.01774	0.10785	0.25558	0.27406	0.01678	0.01264	0.01485	0.01254	0.01514	0.05736	0.00822	0.06574	0.00213	0.03867	0.00524	0.00281	0.00654
9	0.01486	0.07728	0.05570	0.04018	0.10868	0.06402	0.09727	0.20131	0.04819	0.07163	0.01431	0.04950	0.03271	0.00800	0.03672	0.00193	0.03568	0.03077	0.00386	0.00740
10	0.01194	0.01210	0.08047	0.21732	0.24690	0.04191	0.02814	0.04433	0.01195	0.05325	0.01495	0.07953	0.06466	0.02475	0.00648	0.00180	0.04359	0.00598	0.00316	0.00680
11	0.01227	0.01121	0.01174	0.01044	0.01176	0.12739	0.00805	0.13096	0.01179	0.01537	0.01198	0.01875	0.01150	0.18887	0.21533	0.00425	0.18424	0.00539	0.00317	0.00552
12	0.09519	0.08983	0.01765	0.01788	0.23016	0.30150	0.03013	0.04877	0.03300	0.03070	0.00928	0.01113	0.00763	0.00539	0.00541	0.00151	0.05093	0.00396	0.00293	0.00702
13	0.01413	0.81739	0.02770	0.00905	0.01357	0.02092	0.00905	0.01583	0.01074	0.01244	0.00735	0.00848	0.00678	0.00452	0.00339	0.00113	0.00565	0.00283	0.00226	0.00678
14	0.00660	0.00498	0.00607	0.00681	0.00766	0.00451	0.00481	0.00777	0.01096	0.01409	0.06660	0.47235	0.26392	0.04188	0.00728	0.00213	0.00311	0.05922	0.00489	0.00437
15	0.00657	0.00473	0.00619	0.00724	0.00769	0.00441	0.00492	0.00759	0.01041	0.01382	0.05977	0.69241	0.07744	0.03878	0.00729	0.00220	0.00313	0.03618	0.00489	0.00432
16	0.00782	0.00615	0.00696	0.00758	0.00842	0.03708	0.00539	0.03593	0.01111	0.01422	0.02991	0.46605	0.14361	0.10144	0.00878	0.00239	0.00379	0.09421	0.00464	0.00451
17	0.00648	0.00465	0.00609	0.00722	0.00757	0.00433	0.00480	0.00738	0.01010	0.01340	0.02962	0.74917	0.06418	0.04841	0.00754	0.00225	0.00313	0.01458	0.00484	0.00426
18	0.03567	0.06430	0.05988	0.00990	0.01441	0.03535	0.04090	0.12382	0.04073	0.01924	0.01034	0.01181	0.00830	0.00601	0.03572	0.00140	0.00536	0.00374	0.00338	0.46975

[dist]
# distance from previous block
# <min> <max>
0	1

[block]
# block no. 5 follows, 46 sequences, length 21
# corresponding to MSA columns:
# 249-269
name=unknown_F
#
# <colnr> <probs for GDERKNQSTAVLIFYWHMCP>
#	G	D	E	R	K	N	Q	S	T	A	V	L	I	F	Y	W	H	M	C	P
0	0.00744	0.00518	0.00653	0.00692	0.00784	0.00476	0.00492	0.00885	0.01169	0.04123	0.21330	0.37224	0.16030	0.07718	0.00811	0.00220	0.00316	0.04850	0.00505	0.00459
1	0.01050	0.01243	0.12813	0.04190	0.06350	0.01045	0.18487	0.02638	0.03328	0.01655	0.10270	0.06339	0.03061	0.02719	0.07504	0.00237	0.08393	0.00628	0.00329	0.07721
2	0.01377	0.73650	0.10543	0.00966	0.01452	0.02003	0.01012	0.01592	0.01078	0.01288	0.00757	0.00875	0.00678	0.00457	0.00356	0.00119	0.00587	0.00294	0.00226	0.00689
3	0.03814	0.04899	0.03764	0.03821	0.01652	0.07154	0.01013	0.48926	0.06391	0.08356	0.01270	0.01294	0.00917	0.00627	0.00558	0.00160	0.03615	0.00461	0.00473	0.00832
4	0.00755	0.00566	0.00850	0.00850	0.00944	0.00661	0.00661	0.00944	0.00850	0.01227	0.01416	0.02077	0.01322	0.03965	0.79326	0.00850	0.01416	0.00566	0.00283	0.00472
5	0.23276	0.02854	0.11465	0.04498	0.14730	0.10675	0.06245	0.09582	0.03626	0.03290	0.04293	0.01266	0.00935	0.00543	0.00473	0.00160	0.00619	0.00430	0.00331	0.00706
6	0.04414	0.01610	0.01342	0.01271	0.05653	0.29053	0.00935	0.11533	0.24863	0.03580	0.01566	0.05016	0.02570	0.00703	0.00522	0.00163	0.00637	0.03432	0.00418	0.00719
7	0.00646	0.00468	0.00611	0.00719	0.00764	0.00433	0.00484	0.00746	0.01043	0.01381	0.05567	0.72861	0.09099	0.01614	0.00669	0.00210	0.00302	0.01456	0.00494	0.00433
8	0.01444	0.01133	0.01218	0.01071	0.01386	0.01284	0.00840	0.06595	0.66616	0.09012	0.02100	0.01921	0.01550	0.00707	0.00537	0.00177	0.00430	0.00586	0.00548	0.00846
9	0.01237	0.01331	0.11144	0.07073	0.37781	0.01192	0.03520	0.09436	0.03839	0.01820	0.01396	0.06379	0.04232	0.00715	0.02057	0.00183	0.03072	0.02518	0.00322	0.00753
10	0.01308	0.01256	0.02146	0.03245	0.78123	0.01256	0.01622	0.01622	0.01204	0.01727	0.00994	0.01308	0.00837	0.00471	0.00523	0.00157	0.00628	0.00471	0.00262	0.00837
11	0.00714	0.00525	0.00673	0.00691	0.00798	0.00483	0.00512	0.00909	0.01315	0.01796	0.43945	0.23895	0.13484	0.01289	0.00645	0.00186	0.00285	0.06840	0.00540	0.00474
12	0.00678	0.00503	0.00682	0.00832	0.04144	0.00470	0.00536	0.00791	0.01058	0.01415	0.07299	0.69458	0.07046	0.01556	0.00663	0.00208	0.00316	0.01407	0.00486	0.00452
13	0.01219	0.01152	0.06876	0.09270	0.06428	0.03898	0.08624	0.05983	0.05421	0.07770	0.04591	0.07950	0.01328	0.01246	0.12828	0.00286	0.13523	0.00605	0.00350	0.00652
14	0.03679	0.01221	0.01390	0.01089	0.01480	0.01284	0.00898	0.44673	0.04996	0.25526	0.04482	0.01704	0.01268	0.00685	0.00536	0.00164	0.00517	0.02984	0.00563	0.00861
15	0.00725	0.00506	0.00633	0.00697	0.00734	0.00494	0.00468	0.00802	0.00940	0.01244	0.02425	0.34413	0.05368	0.34592	0.03923	0.00359	0.00447	0.10421	0.00414	0.00394
16	0.03068	0.01139	0.05504	0.03407	0.30588	0.01078	0.06108	0.06535	0.09456	0.05129	0.17485	0.03419	0.03397	0.00684	0.00553	0.00166	0.00524	0.00623	0.00400	0.00736
17	0.02551	0.02024	0.07397	0.02447	0.01178	0.02360	0.03676	0.02720	0.00900	0.05257	0.01047	0.03252	0.00958	0.01563	0.09336	0.38979	0.13139	0.00491	0.00273	0.00452
18	0.00782	0.00540	0.00664	0.00693	0.00804	0.00495	0.00497	0.00949	0.02894	0.05782	0.16224	0.36427	0.21453	0.05916	0.00759	0.00212	0.00316	0.03609	0.00507	0.00476
19	0.01360	0.13660	0.03195	0.02583	0.03148	0.09548	0.00908	0.12832	0.08540	0.04617	0.01372	0.01615	0.03946	0.03255	0.15931	0.00302	0.09870	0.00491	0.02168	0.00660
20	0.04084	0.08375	0.32640	0.01683	0.13916	0.08450	0.07188	0.05006	0.10361	0.01773	0.01087	0.01235	0.00828	0.00524	0.00499	0.00160	0.00700	0.00433	0.00292	0.00766

[dist]
# distance from previous block
# <min> <max>
0	5

[block]
# block no. 6 follows, 46 sequences, length 27
# corresponding to MSA columns:
# 286-312
name=unknown_G
#
# <colnr> <probs for GDERKNQSTAVLIFYWHMCP>
#	G	D	E	R	K	N	Q	S	T	A	V	L	I	F	Y	W	H	M	C	P
0	0.03846	0.02832	0.01043	0.01049	0.07782	0.00831	0.00723	0.05634	0.01031	0.04386	0.01602	0.11255	0.03199	0.14327	0.31015	0.00484	0.05231	0.00674	0.00343	0.02714
1	0.09070	0.27127	0.14056	0.01385	0.10767	0.16456	0.01156	0.03701	0.05941	0.01597	0.00916	0.01059	0.00752	0.00522	0.00480	0.00145	0.03525	0.00365	0.00275	0.00704
2	0.00757	0.00511	0.00596	0.00612	0.00621	0.00511	0.00362	0.00778	0.00808	0.01079	0.01817	0.11866	0.02096	0.68407	0.05036	0.00486	0.00520	0.02455	0.00341	0.00341
3	0.01350	0.31482	0.06796	0.06627	0.31718	0.03029	0.05855	0.04456	0.01199	0.01572	0.00903	0.01130	0.00758	0.00475	0.00459	0.00143	0.00638	0.00403	0.00255	0.00751
4	0.00761	0.00542	0.00725	0.00725	0.00776	0.00593	0.00505	0.00864	0.00813	0.01135	0.01530	0.02709	0.01596	0.39386	0.44280	0.00695	0.01003	0.00659	0.00300	0.00403
5	0.00747	0.00514	0.00677	0.00717	0.00805	0.00476	0.00514	0.00913	0.01239	0.04004	0.33779	0.42213	0.05859	0.01374	0.00650	0.00193	0.00293	0.04023	0.00533	0.00475
6	0.00669	0.00485	0.00624	0.00722	0.00776	0.00453	0.00500	0.00776	0.01046	0.01376	0.05022	0.60258	0.11151	0.06628	0.00800	0.00231	0.00329	0.07243	0.00482	0.00431
7	0.01308	0.01256	0.02146	0.03245	0.78123	0.01256	0.01622	0.01622	0.01204	0.01727	0.00994	0.01308	0.00837	0.00471	0.00523	0.00157	0.00628	0.00471	0.00262	0.00837
8	0.01060	0.00596	0.00633	0.00605	0.00755	0.00608	0.00458	0.05909	0.05128	0.03846	0.05420	0.08243	0.01680	0.00727	0.00428	0.00138	0.00286	0.00599	0.62341	0.00540
9	0.01413	0.81739	0.02770	0.00905	0.01357	0.02092	0.00905	0.01583	0.01074	0.01244	0.00735	0.00848	0.00678	0.00452	0.00339	0.00113	0.00565	0.00283	0.00226	0.00678
10	0.05062	0.78223	0.02683	0.00895	0.01342	0.02052	0.00890	0.01582	0.01067	0.01293	0.00735	0.00849	0.00674	0.00454	0.00339	0.00115	0.00559	0.00283	0.00231	0.00674
11	0.01413	0.81739	0.02770	0.00905	0.01357	0.02092	0.00905	0.01583	0.01074	0.01244	0.00735	0.00848	0.00678	0.00452	0.00339	0.00113	0.00565	0.00283	0.00226	0.00678
12	0.01861	0.01389	0.01490	0.01178	0.01573	0.01546	0.00962	0.58046	0.19358	0.04786	0.01487	0.01440	0.01070	0.00654	0.00531	0.00163	0.00542	0.00505	0.00534	0.00885
13	0.00766	0.00523	0.00630	0.00629	0.00649	0.00539	0.00387	0.00806	0.00801	0.01088	0.03404	0.03217	0.01884	0.65332	0.16700	0.00566	0.00672	0.00736	0.00320	0.00352
14	0.00877	0.00570	0.00739	0.00680	0.00832	0.00519	0.00516	0.01115	0.01479	0.08508	0.66663	0.03843	0.09506	0.01062	0.00616	0.00167	0.00268	0.00931	0.00582	0.00529
15	0.01085	0.04692	0.01346	0.26210	0.01997	0.15799	0.05649	0.01300	0.01156	0.01384	0.04324	0.28059	0.03007	0.00932	0.00570	0.00178	0.00602	0.00819	0.00345	0.00546
16	0.00759	0.00557	0.00665	0.00656	0.00793	0.00510	0.00481	0.00983	0.04180	0.03907	0.34255	0.17237	0.27782	0.03976	0.00697	0.00191	0.00286	0.01068	0.00529	0.00488
17	0.01229	0.29372	0.03386	0.05729	0.09457	0.01514	0.01030	0.03539	0.01079	0.01468	0.04314	0.03237	0.00996	0.00710	0.02554	0.00170	0.19702	0.00434	0.00273	0.09808
18	0.01222	0.02968	0.03591	0.10652	0.28647	0.05464	0.04160	0.04369	0.01236	0.05948	0.03736	0.15007	0.02994	0.00798	0.00590	0.00176	0.02340	0.05067	0.00355	0.00681
19	0.00663	0.00514	0.00597	0.00636	0.00751	0.00457	0.00458	0.00796	0.01161	0.01478	0.13323	0.29008	0.38591	0.04983	0.00737	0.00206	0.00298	0.04403	0.00494	0.00444
20	0.00857	0.00803	0.06247	0.00815	0.00985	0.03296	0.00649	0.02779	0.05939	0.03148	0.13292	0.38342	0.12864	0.02890	0.00662	0.00196	0.00376	0.02741	0.00476	0.02642
21	0.01312	0.01288	0.07024	0.10421	0.32759	0.03142	0.04723	0.05904	0.09656	0.05336	0.03146	0.04162	0.01102	0.00607	0.00608	0.00168	0.05491	0.00530	0.00335	0.02287
22	0.01304	0.17431	0.52787	0.01326	0.01987	0.03309	0.01591	0.03701	0.01193	0.09190	0.01025	0.01133	0.00740	0.00512	0.00474	0.00156	0.00707	0.00385	0.00275	0.00772
23	0.00651	0.00475	0.00610	0.00705	0.00758	0.00438	0.00477	0.00756	0.01061	0.01401	0.07994	0.65598	0.12246	0.03272	0.00708	0.00214	0.00303	0.01407	0.00493	0.00434
24	0.01291	0.22962	0.14542	0.01453	0.10692	0.05858	0.07824	0.04732	0.04596	0.03316	0.01367	0.04362	0.04668	0.00661	0.00566	0.00161	0.04965	0.04974	0.00310	0.00698
25	0.03457	0.05981	0.01721	0.09003	0.18691	0.11593	0.07364	0.07652	0.03266	0.13864	0.04627	0.04288	0.01210	0.00634	0.00555	0.00163	0.02388	0.02437	0.00377	0.00730
26	0.00967	0.00724	0.00948	0.01026	0.08053	0.04164	0.02259	0.03843	0.01058	0.01389	0.08689	0.07104	0.08381	0.07234	0.05863	0.28861	0.00529	0.08117	0.00351	0.00440

[dist]
# distance from previous block
# <min> <max>
1	38

[block]
# block no. 7 follows, 46 sequences, length 58
# corresponding to MSA columns:
# 353-410
name=unknown_H
#
# <colnr> <probs for GDERKNQSTAVLIFYWHMCP>
#	G	D	E	R	K	N	Q	S	T	A	V	L	I	F	Y	W	H	M	C	P
0	0.01204	0.07294	0.12373	0.15780	0.15193	0.08978	0.05137	0.03024	0.01150	0.03496	0.01122	0.01551	0.00942	0.01245	0.16648	0.00302	0.00856	0.02768	0.00277	0.00661
1	0.01192	0.04874	0.04604	0.18818	0.25773	0.02884	0.04329	0.08796	0.01270	0.01700	0.01391	0.09802	0.01317	0.02521	0.00604	0.00183	0.00611	0.08323	0.00327	0.00681
2	0.15374	0.01780	0.28407	0.07534	0.05414	0.07163	0.03822	0.10883	0.01258	0.01910	0.00973	0.01184	0.00745	0.00749	0.05622	0.00206	0.02523	0.00408	0.00294	0.03753
3	0.00658	0.00470	0.00612	0.00713	0.00755	0.00437	0.00478	0.00746	0.01023	0.01357	0.05513	0.68434	0.08289	0.04617	0.00783	0.02493	0.00314	0.01403	0.00480	0.00423
4	0.00755	0.00566	0.00850	0.00850	0.00944	0.00661	0.00661	0.00944	0.00850	0.01227	0.01416	0.02077	0.01322	0.03965	0.79326	0.00850	0.01416	0.00566	0.00283	0.00472
5	0.00918	0.00459	0.00689	0.00689	0.00689	0.00459	0.00459	0.00689	0.00689	0.00918	0.00918	0.01607	0.00918	0.01837	0.02066	0.84619	0.00459	0.00459	0.00230	0.00230
6	0.85155	0.01022	0.00777	0.00695	0.01022	0.01186	0.00573	0.01554	0.00900	0.02372	0.00736	0.00859	0.00573	0.00491	0.00327	0.00164	0.00409	0.00286	0.00327	0.00573
7	0.00761	0.00545	0.00743	0.00743	0.00800	0.00603	0.00527	0.00875	0.00818	0.01148	0.01514	0.02619	0.01557	0.34334	0.49279	0.00717	0.01062	0.00646	0.00298	0.00413
8	0.00772	0.00517	0.00589	0.00594	0.00599	0.00517	0.00344	0.00783	0.00789	0.01050	0.01716	0.03570	0.01971	0.77890	0.02604	0.00501	0.00511	0.04027	0.00328	0.00328
9	0.01750	0.19326	0.01760	0.03670	0.01597	0.43228	0.00991	0.11308	0.04257	0.01569	0.00923	0.01082	0.00770	0.02281	0.00547	0.00148	0.03455	0.00372	0.00303	0.00663
10	0.85155	0.01022	0.00777	0.00695	0.01022	0.01186	0.00573	0.01554	0.00900	0.02372	0.00736	0.00859	0.00573	0.00491	0.00327	0.00164	0.00409	0.00286	0.00327	0.00573
11	0.01363	0.03783	0.01743	0.31199	0.24175	0.10508	0.01343	0.06692	0.04116	0.05017	0.01042	0.01327	0.00812	0.00549	0.00568	0.00165	0.04137	0.00457	0.00296	0.00708
12	0.02333	0.00908	0.01226	0.00946	0.01350	0.00797	0.00779	0.02585	0.04290	0.75689	0.02088	0.01806	0.01320	0.00657	0.00532	0.00164	0.00449	0.00534	0.00650	0.00897
13	0.01253	0.01279	0.03639	0.15866	0.17619	0.03111	0.20253	0.05555	0.06164	0.01676	0.01034	0.01352	0.00825	0.00580	0.00761	0.00178	0.14904	0.00507	0.00286	0.03157
14	0.00757	0.00543	0.00688	0.00654	0.00788	0.00494	0.00490	0.00983	0.01438	0.03393	0.63417	0.06903	0.15216	0.01131	0.00624	0.00170	0.00258	0.00991	0.00567	0.00496
15	0.01133	0.01042	0.01742	0.10645	0.47479	0.01071	0.04100	0.01391	0.01085	0.01522	0.01144	0.01762	0.01051	0.14836	0.07532	0.00280	0.00692	0.00536	0.00271	0.00686
16	0.01154	0.01065	0.03131	0.30919	0.20159	0.01148	0.04907	0.01701	0.16061	0.03704	0.01404	0.06451	0.01181	0.02390	0.00593	0.00183	0.00601	0.02217	0.00336	0.00696
17	0.07313	0.01378	0.04018	0.03475	0.20205	0.05589	0.02669	0.29640	0.05884	0.06450	0.01300	0.01474	0.02340	0.00618	0.00564	0.00165	0.03562	0.02148	0.00409	0.00799
18	0.85155	0.01022	0.00777	0.00695	0.01022	0.01186	0.00573	0.01554	0.00900	0.02372	0.00736	0.00859	0.00573	0.00491	0.00327	0.00164	0.00409	0.00286	0.00327	0.00573
19	0.01271	0.01159	0.01828	0.02496	0.54647	0.01089	0.01321	0.01560	0.01180	0.03387	0.01002	0.01259	0.00832	0.00452	0.00486	0.00135	0.00557	0.00428	0.00285	0.24624
20	0.00918	0.00459	0.00689	0.00689	0.00689	0.00459	0.00459	0.00689	0.00689	0.00918	0.00918	0.01607	0.00918	0.01837	0.02066	0.84619	0.00459	0.00459	0.00230	0.00230
21	0.01318	0.01263	0.03773	0.08787	0.61498	0.01236	0.07809	0.01648	0.01207	0.04842	0.01040	0.01342	0.00840	0.00481	0.00532	0.00161	0.00652	0.00484	0.00275	0.00810
22	0.01081	0.05931	0.73116	0.01506	0.02265	0.01267	0.04322	0.01671	0.01119	0.01657	0.00944	0.01115	0.00674	0.00498	0.00500	0.00166	0.00776	0.00394	0.00225	0.00775
23	0.01338	0.11195	0.05509	0.01255	0.09208	0.05638	0.00962	0.12136	0.22143	0.01997	0.06031	0.01957	0.04079	0.00685	0.00511	0.00156	0.00516	0.05210	0.00414	0.09059
24	0.06097	0.34382	0.10336	0.01275	0.06032	0.16831	0.03810	0.12457	0.01369	0.01705	0.00878	0.01006	0.00718	0.00505	0.00431	0.00138	0.00673	0.00357	0.00287	0.00713
25	0.00918	0.00459	0.00689	0.00689	0.00689	0.00459	0.00459	0.00689	0.00689	0.00918	0.00918	0.01607	0.00918	0.01837	0.02066	0.84619	0.00459	0.00459	0.00230	0.00230
26	0.00823	0.00718	0.00667	0.00658	0.00773	0.07993	0.00457	0.00921	0.01097	0.01328	0.08882	0.05222	0.34144	0.29796	0.01352	0.00296	0.00428	0.03609	0.00416	0.00422
27	0.00889	0.00575	0.00727	0.00770	0.00873	0.00548	0.00542	0.04319	0.03690	0.08661	0.02890	0.60491	0.08450	0.03036	0.00687	0.00210	0.00337	0.01294	0.00506	0.00507
28	0.01053	0.00558	0.00565	0.00541	0.00684	0.00569	0.00412	0.06219	0.01200	0.02061	0.01694	0.01924	0.01325	0.00617	0.00380	0.00126	0.00269	0.00492	0.78791	0.00520
29	0.01413	0.81739	0.02770	0.00905	0.01357	0.02092	0.00905	0.01583	0.01074	0.01244	0.00735	0.00848	0.00678	0.00452	0.00339	0.00113	0.00565	0.00283	0.00226	0.00678
30	0.01046	0.00999	0.01286	0.28659	0.04085	0.09203	0.01050	0.01346	0.05001	0.01344	0.01179	0.02884	0.01032	0.03367	0.27753	0.00415	0.07995	0.00518	0.00277	0.00562
31	0.00755	0.00566	0.00850	0.00850	0.00944	0.00661	0.00661	0.00944	0.00850	0.01227	0.01416	0.02077	0.01322	0.03965	0.79326	0.00850	0.01416	0.00566	0.00283	0.00472
32	0.00672	0.00492	0.00635	0.00732	0.00786	0.00465	0.00498	0.00823	0.03634	0.01430	0.07553	0.69573	0.07593	0.01572	0.00664	0.00209	0.00305	0.01418	0.00498	0.00448
33	0.01096	0.00940	0.01096	0.00783	0.01253	0.00705	0.00626	0.01331	0.01096	0.01723	0.00940	0.01096	0.00783	0.00392	0.00392	0.00078	0.00392	0.00313	0.00313	0.84653
34	0.00755	0.00566	0.00850	0.00850	0.00944	0.00661	0.00661	0.00944	0.00850	0.01227	0.01416	0.02077	0.01322	0.03965	0.79326	0.00850	0.01416	0.00566	0.00283	0.00472
35	0.02372	0.00900	0.01227	0.00941	0.01350	0.00777	0.00777	0.02576	0.01513	0.78489	0.02086	0.01799	0.01309	0.00654	0.00532	0.00164	0.00450	0.00532	0.00654	0.00900
36	0.00677	0.00499	0.00687	0.06128	0.00964	0.00486	0.00558	0.00800	0.01056	0.01414	0.09083	0.69173	0.03432	0.01531	0.00661	0.00208	0.00329	0.01387	0.00481	0.00446
37	0.85155	0.01022	0.00777	0.00695	0.01022	0.01186	0.00573	0.01554	0.00900	0.02372	0.00736	0.00859	0.00573	0.00491	0.00327	0.00164	0.00409	0.00286	0.00327	0.00573
38	0.85155	0.01022	0.00777	0.00695	0.01022	0.01186	0.00573	0.01554	0.00900	0.02372	0.00736	0.00859	0.00573	0.00491	0.00327	0.00164	0.00409	0.00286	0.00327	0.00573
39	0.82046	0.01018	0.00794	0.00704	0.01035	0.01171	0.00580	0.01592	0.00923	0.05231	0.00787	0.00894	0.00600	0.00497	0.00335	0.00164	0.00410	0.00295	0.00339	0.00585
40	0.00755	0.00566	0.00850	0.00850	0.00944	0.00661	0.00661	0.00944	0.00850	0.01227	0.01416	0.02077	0.01322	0.03965	0.79326	0.00850	0.01416	0.00566	0.00283	0.00472
41	0.00715	0.00537	0.00637	0.00624	0.00766	0.00475	0.00463	0.00902	0.01333	0.03008	0.40149	0.11641	0.34368	0.01233	0.00627	0.00176	0.00266	0.01065	0.00538	0.00477
42	0.00644	0.00480	0.00600	0.00690	0.00756	0.00436	0.00472	0.00751	0.01072	0.01396	0.06261	0.61621	0.19766	0.01565	0.00662	0.00205	0.00296	0.01398	0.00494	0.00436
43	0.01964	0.01458	0.01561	0.01207	0.01622	0.01618	0.00994	0.71546	0.07374	0.03258	0.01327	0.01315	0.00946	0.00640	0.00529	0.00160	0.00571	0.00484	0.00529	0.00895
44	0.04289	0.01077	0.05931	0.12039	0.20676	0.01061	0.08545	0.05051	0.01122	0.04415	0.01174	0.01608	0.00989	0.03892	0.23809	0.00379	0.02481	0.00514	0.00294	0.00657
45	0.03486	0.10295	0.08228	0.04552	0.07134	0.30332	0.03042	0.11417	0.03086	0.03956	0.01018	0.02712	0.00823	0.00550	0.00477	0.00143	0.00720	0.00409	0.00320	0.07299
46	0.00763	0.00508	0.00651	0.00727	0.00811	0.00463	0.00511	0.00876	0.01085	0.06422	0.03251	0.60229	0.15419	0.01530	0.00660	0.00207	0.00318	0.04602	0.00501	0.00465
47	0.00732	0.00540	0.00684	0.00648	0.00780	0.00492	0.00486	0.00966	0.01458	0.02029	0.68300	0.04099	0.14589	0.01115	0.00624	0.00168	0.00252	0.00977	0.00570	0.00492
48	0.05046	0.09698	0.04718	0.01935	0.27364	0.04546	0.09025	0.11032	0.02495	0.01822	0.01181	0.07293	0.01067	0.00654	0.00625	0.00168	0.07446	0.02835	0.00320	0.00729
49	0.00753	0.00532	0.00679	0.00683	0.00727	0.00563	0.00458	0.00833	0.00826	0.01129	0.01768	0.05823	0.04868	0.46093	0.31374	0.00615	0.00835	0.00733	0.00320	0.00387
50	0.00639	0.00527	0.00561	0.00572	0.00728	0.00449	0.00422	0.00779	0.01210	0.01485	0.12035	0.14125	0.61936	0.01352	0.00631	0.00182	0.00271	0.01147	0.00500	0.00449
51	0.07248	0.00966	0.01213	0.02733	0.01375	0.00924	0.00790	0.12587	0.03953	0.52906	0.08154	0.01843	0.01508	0.00676	0.00526	0.00164	0.00454	0.00545	0.00598	0.00837
52	0.02496	0.12345	0.05729	0.15106	0.13712	0.12268	0.09237	0.10589	0.02524	0.03968	0.02214	0.02455	0.02330	0.00577	0.00511	0.00158	0.00678	0.02077	0.00317	0.00707
53	0.01912	0.02363	0.01529	0.04654	0.04493	0.69835	0.01061	0.05340	0.01513	0.01402	0.00849	0.00999	0.00697	0.00545	0.00483	0.00140	0.00915	0.00357	0.00282	0.00633
54	0.01890	0.01009	0.02354	0.03788	0.04851	0.00978	0.02594	0.12547	0.04095	0.43056	0.03950	0.01987	0.01386	0.00815	0.02674	0.01501	0.03858	0.05323	0.00540	0.00805
55	0.01374	0.37928	0.12802	0.01176	0.02850	0.04830	0.04101	0.04651	0.01141	0.05906	0.00967	0.03180	0.00835	0.00735	0.04093	0.00182	0.11876	0.00409	0.00277	0.00686
56	0.00937	0.05274	0.01024	0.00865	0.01029	0.06323	0.03460	0.03635	0.03967	0.01536	0.12782	0.15229	0.18176	0.06571	0.10957	0.00287	0.04674	0.02338	0.00417	0.00518
57	0.00651	0.00463	0.00612	0.00728	0.00757	0.00434	0.00482	0.00738	0.01000	0.01333	0.02849	0.77057	0.03415	0.05786	0.00779	0.00230	0.00317	0.01465	0.00482	0.00424

[dist]
# distance from previous block
# <min> <max>
0	3

[block]
# block no. 8 follows, 46 sequences, length 14
# corresponding to MSA columns:
# 414-427
name=unknown_I
#
# <colnr> <probs for GDERKNQSTAVLIFYWHMCP>
#	G	D	E	R	K	N	Q	S	T	A	V	L	I	F	Y	W	H	M	C	P
0	0.01545	0.01745	0.01587	0.11189	0.20020	0.37472	0.01177	0.03335	0.05553	0.01508	0.01176	0.03500	0.02871	0.00619	0.00544	0.00157	0.02668	0.02366	0.00301	0.00668
1	0.02087	0.01466	0.01496	0.01171	0.01574	0.10112	0.00956	0.51532	0.02157	0.19954	0.01402	0.01353	0.00967	0.00629	0.00524	0.00157	0.00594	0.00473	0.00528	0.00867
2	0.01060	0.02735	0.78682	0.01507	0.02288	0.01228	0.01953	0.01674	0.01116	0.01674	0.00949	0.01116	0.00670	0.00502	0.00502	0.00167	0.00781	0.00391	0.00223	0.00781
3	0.01413	0.81739	0.02770	0.00905	0.01357	0.02092	0.00905	0.01583	0.01074	0.01244	0.00735	0.00848	0.00678	0.00452	0.00339	0.00113	0.00565	0.00283	0.00226	0.00678
4	0.00738	0.00540	0.00692	0.00654	0.00783	0.00494	0.00491	0.00978	0.01472	0.02062	0.71771	0.04044	0.11098	0.01102	0.00624	0.00167	0.00251	0.00969	0.00574	0.00494
5	0.01975	0.01398	0.01518	0.01179	0.01589	0.01534	0.00969	0.63020	0.09461	0.09732	0.01423	0.01382	0.01002	0.00644	0.00530	0.00161	0.00555	0.00492	0.00541	0.00893
6	0.00744	0.00545	0.00703	0.00698	0.00823	0.00505	0.00537	0.00971	0.01399	0.01926	0.55201	0.08271	0.12929	0.01193	0.00641	0.00181	0.00288	0.11403	0.00554	0.00488
7	0.80752	0.01016	0.00801	0.00708	0.01040	0.01164	0.00583	0.01608	0.00932	0.06421	0.00808	0.00909	0.00612	0.00499	0.00338	0.00164	0.00411	0.00299	0.00345	0.00590
8	0.01167	0.00650	0.00839	0.00786	0.00958	0.00612	0.00584	0.01440	0.07347	0.20957	0.24303	0.28616	0.03151	0.05190	0.00715	0.00200	0.00345	0.00992	0.00553	0.00594
9	0.01021	0.00556	0.00774	0.00739	0.00779	0.00571	0.00511	0.07842	0.00859	0.01146	0.00951	0.01575	0.00916	0.01723	0.01921	0.76635	0.00471	0.00461	0.00258	0.00293
10	0.00733	0.00557	0.00685	0.00759	0.00841	0.00547	0.00527	0.01015	0.10809	0.01499	0.06113	0.60931	0.10014	0.01484	0.00651	0.00205	0.00315	0.01330	0.00501	0.00486
11	0.02302	0.01012	0.01296	0.00994	0.01405	0.00943	0.00821	0.16775	0.01700	0.64026	0.01929	0.01697	0.01230	0.00651	0.00531	0.00163	0.00475	0.00521	0.00630	0.00900
12	0.01314	0.00986	0.01134	0.00877	0.01289	0.02657	0.00710	0.06240	0.05478	0.10917	0.01336	0.01696	0.01110	0.00561	0.00459	0.00116	0.00434	0.07385	0.00395	0.54908
13	0.00686	0.00498	0.00655	0.00707	0.00782	0.00467	0.00498	0.00842	0.01188	0.01625	0.30010	0.45679	0.07394	0.01551	0.04640	0.00228	0.00340	0.01240	0.00513	0.00457

[dist]
# distance from previous block
# <min> <max>
0	1

[block]
# block no. 9 follows, 46 sequences, length 34
# corresponding to MSA columns:
# 429-462
name=unknown_J
#
# <colnr> <probs for GDERKNQSTAVLIFYWHMCP>
#	G	D	E	R	K	N	Q	S	T	A	V	L	I	F	Y	W	H	M	C	P
0	0.12807	0.12994	0.04179	0.02964	0.01577	0.49073	0.00982	0.05116	0.01381	0.03238	0.00850	0.00974	0.00690	0.00530	0.00444	0.00140	0.00791	0.00340	0.00290	0.00640
1	0.00692	0.00575	0.00611	0.00608	0.00783	0.00514	0.00462	0.00928	0.06062	0.01552	0.12155	0.06909	0.60323	0.01288	0.00625	0.00181	0.00287	0.04464	0.00503	0.00478
2	0.01219	0.01714	0.24128	0.01251	0.04830	0.14748	0.01152	0.04366	0.16523	0.01737	0.05770	0.08827	0.07162	0.00868	0.03196	0.00192	0.00638	0.00618	0.00372	0.00688
3	0.00998	0.00940	0.01586	0.80150	0.03641	0.01175	0.01468	0.01351	0.01057	0.01351	0.00940	0.01409	0.00705	0.00529	0.00529	0.00176	0.00705	0.00470	0.00235	0.00587
4	0.00918	0.00812	0.01237	0.09635	0.22257	0.00818	0.02912	0.01152	0.01208	0.01634	0.18913	0.08271	0.19252	0.02842	0.03442	0.00205	0.02701	0.00806	0.00397	0.00587
5	0.01157	0.01157	0.01619	0.01388	0.01388	0.01619	0.01157	0.01272	0.00810	0.01272	0.00694	0.01157	0.00694	0.00925	0.01735	0.00231	0.80453	0.00463	0.00231	0.00578
6	0.01413	0.81739	0.02770	0.00905	0.01357	0.02092	0.00905	0.01583	0.01074	0.01244	0.00735	0.00848	0.00678	0.00452	0.00339	0.00113	0.00565	0.00283	0.00226	0.00678
7	0.00845	0.00693	0.00897	0.02577	0.01045	0.00611	0.03775	0.01120	0.03793	0.01863	0.39209	0.03322	0.18116	0.00930	0.00568	0.00151	0.00327	0.00810	0.00482	0.18866
8	0.00998	0.00940	0.01586	0.80150	0.03641	0.01175	0.01468	0.01351	0.01057	0.01351	0.00940	0.01409	0.00705	0.00529	0.00529	0.00176	0.00705	0.00470	0.00235	0.00587
9	0.00773	0.00517	0.00589	0.00595	0.00600	0.00517	0.00345	0.00784	0.00789	0.01050	0.01717	0.03574	0.01973	0.77775	0.02601	0.00500	0.00511	0.04133	0.00328	0.00328
10	0.01442	0.77654	0.02705	0.00928	0.01371	0.06073	0.00911	0.01610	0.01096	0.01246	0.00739	0.00853	0.00679	0.00457	0.00346	0.00114	0.00585	0.00286	0.00229	0.00675
11	0.01371	0.01163	0.01227	0.01087	0.01396	0.01341	0.00850	0.08724	0.71162	0.02302	0.02081	0.01916	0.01556	0.00711	0.00537	0.00178	0.00432	0.00588	0.00537	0.00842
12	0.05916	0.02500	0.67661	0.01463	0.02191	0.01209	0.04752	0.01710	0.01127	0.05287	0.00994	0.01145	0.00699	0.00506	0.00498	0.00167	0.00749	0.00400	0.00251	0.00772
13	0.00872	0.00601	0.00860	0.00828	0.00862	0.00698	0.00609	0.00872	0.00774	0.01093	0.01167	0.01961	0.01166	0.13011	0.30090	0.31573	0.11784	0.00539	0.00261	0.00377
14	0.01036	0.00905	0.01387	0.25190	0.14601	0.00972	0.05000	0.01467	0.10588	0.03691	0.11896	0.06832	0.11149	0.00796	0.00571	0.00176	0.00519	0.02204	0.00386	0.00634
15	0.01908	0.01430	0.01529	0.01196	0.01601	0.01592	0.00980	0.65555	0.13457	0.03167	0.01399	0.01373	0.01004	0.00647	0.00530	0.00162	0.00558	0.00494	0.00530	0.00890
16	0.00998	0.00940	0.01586	0.80150	0.03641	0.01175	0.01468	0.01351	0.01057	0.01351	0.00940	0.01409	0.00705	0.00529	0.00529	0.00176	0.00705	0.00470	0.00235	0.00587
17	0.81850	0.01041	0.00809	0.00716	0.01047	0.01204	0.00590	0.04528	0.00963	0.02410	0.00757	0.00875	0.00586	0.00496	0.00335	0.00163	0.00416	0.00294	0.00335	0.00586
18	0.00985	0.00493	0.00493	0.00493	0.00616	0.00493	0.00370	0.01232	0.01109	0.01971	0.01725	0.01971	0.01355	0.00616	0.00370	0.00123	0.00246	0.00493	0.84356	0.00493
19	0.01526	0.02889	0.01714	0.04681	0.12209	0.05820	0.10789	0.33678	0.03337	0.02328	0.03489	0.11150	0.01313	0.01907	0.00586	0.00172	0.00607	0.00628	0.00420	0.00755
20	0.01834	0.07736	0.03694	0.01342	0.03208	0.63341	0.01031	0.02081	0.06443	0.01380	0.00910	0.01029	0.00748	0.00544	0.00471	0.00137	0.00867	0.00357	0.00286	0.02560
21	0.01457	0.12648	0.03752	0.01472	0.05027	0.04938	0.18596	0.22557	0.04512	0.02001	0.01115	0.01372	0.00899	0.02924	0.07163	0.00229	0.07773	0.00494	0.00344	0.00726
22	0.00894	0.04486	0.01073	0.00963	0.01065	0.02687	0.00781	0.01072	0.00921	0.01285	0.01465	0.02454	0.01445	0.04601	0.47880	0.00601	0.13989	0.11533	0.00303	0.00501
23	0.00652	0.00497	0.00606	0.00680	0.00769	0.00450	0.00481	0.00772	0.01097	0.01406	0.05781	0.48531	0.28362	0.01565	0.02048	0.00214	0.00320	0.04839	0.00489	0.00440
24	0.00769	0.00549	0.00659	0.00634	0.00785	0.00487	0.00474	0.00960	0.01350	0.05350	0.41086	0.10104	0.32448	0.01203	0.00624	0.00174	0.00270	0.01038	0.00544	0.00492
25	0.01157	0.01004	0.01179	0.14606	0.03364	0.01140	0.00890	0.04317	0.46167	0.01965	0.05041	0.02377	0.12973	0.00783	0.00552	0.00177	0.00448	0.00660	0.00474	0.00725
26	0.01157	0.01157	0.01619	0.01388	0.01388	0.01619	0.01157	0.01272	0.00810	0.01272	0.00694	0.01157	0.00694	0.00925	0.01735	0.00231	0.80453	0.00463	0.00231	0.00578
27	0.01380	0.01354	0.01990	0.06428	0.59564	0.08170	0.01490	0.05550	0.01275	0.01742	0.00980	0.01270	0.00815	0.00500	0.00552	0.00156	0.03038	0.00455	0.00276	0.03017
28	0.01102	0.01176	0.02340	0.03968	0.03728	0.01159	0.47991	0.01446	0.01202	0.01634	0.07706	0.06134	0.08540	0.00695	0.00731	0.00184	0.08581	0.00720	0.00321	0.00641
29	0.01624	0.03500	0.03436	0.01133	0.01491	0.05901	0.00928	0.31866	0.33748	0.04391	0.05173	0.01669	0.01376	0.00677	0.00528	0.00166	0.00521	0.00536	0.00507	0.00829
