[name]
unknown

[dist]
# distance from previous block
# <min> <max>
0	19

[block]
# block no. 0 follows, 61 sequences, length 7
# corresponding to MSA columns:
# 19-25
name=unknown_A
#
# <colnr> <probs for GDERKNQSTAVLIFYWHMCP>
#	G	D	E	R	K	N	Q	S	T	A	V	L	I	F	Y	W	H	M	C	P
0	0.00911	0.00727	0.00881	0.00741	0.00990	0.00690	0.03002	0.03733	0.18650	0.04981	0.06247	0.07988	0.06780	0.02811	0.00496	0.00131	0.02152	0.07440	0.00356	0.30294
1	0.01335	0.01158	0.01241	0.01014	0.01309	0.15707	0.09995	0.12478	0.31945	0.11935	0.01292	0.01268	0.00951	0.00502	0.00428	0.00131	0.00483	0.00418	0.00374	0.06036
2	0.01032	0.49390	0.32092	0.00942	0.01389	0.01420	0.01067	0.01303	0.00875	0.01145	0.00662	0.00787	0.00551	0.00406	0.00392	0.00114	0.05397	0.00272	0.00184	0.00579
3	0.00597	0.00413	0.00501	0.00524	0.00544	0.00413	0.00328	0.00636	0.00695	0.00929	0.01697	0.21825	0.05154	0.52669	0.10887	0.00381	0.00453	0.00759	0.00296	0.00300
4	0.72212	0.00935	0.00709	0.00621	0.00895	0.08201	0.00503	0.01290	0.00791	0.01806	0.00621	0.00724	0.00490	0.00396	0.00282	0.00125	0.00371	0.00239	0.00262	0.08527
5	0.05999	0.00845	0.00939	0.00707	0.01062	0.00753	0.00568	0.11374	0.10623	0.01648	0.00908	0.00985	0.00721	0.00380	0.00344	0.00086	0.00342	0.00298	0.00300	0.61118
6	0.01121	0.76345	0.10767	0.00789	0.01186	0.01630	0.00828	0.01298	0.00879	0.01051	0.00617	0.00714	0.00552	0.00373	0.00290	0.00097	0.00479	0.00240	0.00184	0.00562

[dist]
# distance from previous block
# <min> <max>
0	1

[block]
# block no. 1 follows, 61 sequences, length 26
# corresponding to MSA columns:
# 27-32,61-80
name=unknown_B
#
# <colnr> <probs for GDERKNQSTAVLIFYWHMCP>
#	G	D	E	R	K	N	Q	S	T	A	V	L	I	F	Y	W	H	M	C	P
0	0.01622	0.01143	0.01237	0.00952	0.01286	0.01252	0.00785	0.72350	0.01928	0.07826	0.01093	0.01086	0.00770	0.00518	0.00426	0.00128	0.00456	0.00391	0.04035	0.00719
1	0.80920	0.00845	0.00675	0.00592	0.00864	0.00968	0.00488	0.04592	0.00806	0.05160	0.00661	0.00744	0.00501	0.00410	0.00280	0.00133	0.00340	0.00248	0.00284	0.00488
2	0.82414	0.00838	0.00686	0.00654	0.04066	0.00961	0.00504	0.01288	0.00755	0.03828	0.00634	0.00733	0.00489	0.00402	0.00277	0.00133	0.00341	0.00244	0.00271	0.00481
3	0.00813	0.00766	0.01292	0.83826	0.02967	0.00957	0.01196	0.01101	0.00861	0.01101	0.00766	0.01148	0.00574	0.00431	0.00431	0.00144	0.00574	0.00383	0.00191	0.00479
4	0.00610	0.00454	0.00575	0.00582	0.00684	0.00425	0.00447	0.00810	0.03216	0.01501	0.46092	0.13094	0.15388	0.01009	0.00525	0.00152	0.00245	0.13351	0.00441	0.00399
5	0.01066	0.01023	0.01748	0.02644	0.82174	0.01023	0.01322	0.01322	0.00981	0.01407	0.00810	0.01066	0.00682	0.00384	0.00426	0.00128	0.00512	0.00384	0.00213	0.00682
6	0.87904	0.00833	0.00633	0.00566	0.00833	0.00966	0.00467	0.01266	0.00733	0.01933	0.00600	0.00700	0.00467	0.00400	0.00267	0.00133	0.00333	0.00233	0.00267	0.00467
7	0.00597	0.00432	0.00551	0.00555	0.00642	0.00403	0.00403	0.00783	0.02883	0.01524	0.51981	0.25121	0.08075	0.01002	0.00512	0.00146	0.00220	0.00889	0.02886	0.00395
8	0.01002	0.00813	0.00867	0.00782	0.00995	0.00919	0.00607	0.04500	0.59468	0.01799	0.11185	0.01779	0.01596	0.00607	0.00430	0.00139	0.00312	0.00508	0.11077	0.00617
9	0.00544	0.00512	0.04045	0.00488	0.00645	0.00397	0.00394	0.00683	0.01001	0.01249	0.13450	0.06349	0.64577	0.01030	0.00501	0.00144	0.00235	0.00865	0.02510	0.00381
10	0.00602	0.00440	0.00565	0.00533	0.00639	0.00403	0.00400	0.00797	0.01200	0.01682	0.75683	0.03293	0.10357	0.00898	0.00508	0.00136	0.00204	0.00790	0.00468	0.00403
11	0.01066	0.01023	0.01748	0.02644	0.82174	0.01023	0.01322	0.01322	0.00981	0.01407	0.00810	0.01066	0.00682	0.00384	0.00426	0.00128	0.00512	0.00384	0.00213	0.00682
12	0.00934	0.00764	0.00897	0.00643	0.01024	0.00577	0.00515	0.01125	0.00907	0.04605	0.00802	0.00916	0.00655	0.00327	0.00324	0.00067	0.00321	0.00262	0.00266	0.84069
13	0.00522	0.00430	0.00459	0.00465	0.00593	0.00367	0.00344	0.00638	0.00992	0.01220	0.12800	0.12405	0.65088	0.01094	0.00513	0.00147	0.00220	0.00927	0.00408	0.00367
14	0.00595	0.00440	0.00555	0.00526	0.00634	0.00400	0.00395	0.00784	0.01184	0.01644	0.70522	0.03354	0.15541	0.00912	0.00508	0.00137	0.00205	0.00798	0.00463	0.00400
15	0.00616	0.00458	0.00676	0.00676	0.00748	0.00530	0.00519	0.00759	0.00688	0.00988	0.01168	0.01773	0.01112	0.09096	0.77337	0.00673	0.01101	0.00473	0.00233	0.00376
16	0.87904	0.00833	0.00633	0.00566	0.00833	0.00966	0.00467	0.01266	0.00733	0.01933	0.00600	0.00700	0.00467	0.00400	0.00267	0.00133	0.00333	0.00233	0.00267	0.00467
17	0.01609	0.02053	0.01221	0.01110	0.01332	0.83132	0.00832	0.01720	0.01221	0.01054	0.00666	0.00777	0.00555	0.00444	0.00388	0.00111	0.00777	0.00277	0.00222	0.00499
18	0.00566	0.00440	0.00518	0.00503	0.00624	0.00392	0.00380	0.00725	0.01092	0.01441	0.42642	0.03641	0.39592	0.01043	0.02588	0.00155	0.00238	0.02601	0.00432	0.00386
19	0.01907	0.00774	0.01025	0.00786	0.01120	0.00694	0.00649	0.08914	0.01302	0.75561	0.01642	0.01429	0.01037	0.00532	0.00433	0.00133	0.00376	0.00429	0.00524	0.00733
20	0.00836	0.00790	0.01326	0.75362	0.08641	0.00973	0.01197	0.01115	0.00864	0.01121	0.00763	0.01136	0.00582	0.00437	0.00461	0.00144	0.03184	0.00383	0.00193	0.00493
21	0.00932	0.00695	0.00859	0.00776	0.00920	0.03407	0.00612	0.17884	0.01013	0.04920	0.01128	0.01538	0.00992	0.05729	0.53639	0.00504	0.03247	0.00443	0.00286	0.00475
22	0.00626	0.00418	0.00470	0.00470	0.00470	0.00418	0.00261	0.00626	0.00626	0.00835	0.01357	0.02819	0.01566	0.84862	0.02192	0.00418	0.00418	0.00626	0.00261	0.00261
23	0.85147	0.03512	0.00685	0.00572	0.00842	0.00990	0.00475	0.01267	0.00738	0.01903	0.00600	0.00699	0.00469	0.00399	0.00267	0.00132	0.00337	0.00233	0.00264	0.00469
24	0.01059	0.01068	0.04720	0.02592	0.79223	0.01023	0.01332	0.01324	0.00978	0.01406	0.00809	0.01060	0.00677	0.00385	0.00426	0.00128	0.00516	0.00381	0.00212	0.00681
25	0.01066	0.01023	0.01748	0.02644	0.82174	0.01023	0.01322	0.01322	0.00981	0.01407	0.00810	0.01066	0.00682	0.00384	0.00426	0.00128	0.00512	0.00384	0.00213	0.00682

[dist]
# distance from previous block
# <min> <max>
0	1

[block]
# block no. 2 follows, 61 sequences, length 71
# corresponding to MSA columns:
# 82-152
name=unknown_C
#
# <colnr> <probs for GDERKNQSTAVLIFYWHMCP>
#	G	D	E	R	K	N	Q	S	T	A	V	L	I	F	Y	W	H	M	C	P
0	0.00896	0.04975	0.77506	0.01208	0.01823	0.03501	0.01540	0.01372	0.00918	0.01343	0.00764	0.00898	0.00546	0.00409	0.00404	0.00134	0.00635	0.00314	0.00183	0.00630
1	0.00864	0.02228	0.82630	0.01228	0.01864	0.01000	0.01592	0.01364	0.00909	0.01364	0.00773	0.00909	0.00546	0.00409	0.00409	0.00136	0.00637	0.00318	0.00182	0.00637
2	0.01152	0.85121	0.02257	0.00737	0.01106	0.01704	0.00737	0.01290	0.00875	0.01013	0.00599	0.00691	0.00553	0.00369	0.00276	0.00092	0.00461	0.00230	0.00184	0.00553
3	0.87904	0.00833	0.00633	0.00566	0.00833	0.00966	0.00467	0.01266	0.00733	0.01933	0.00600	0.00700	0.00467	0.00400	0.00267	0.00133	0.00333	0.00233	0.00267	0.00467
4	0.00942	0.00942	0.01319	0.01131	0.01131	0.01319	0.00942	0.01037	0.00660	0.01037	0.00565	0.00942	0.00565	0.00754	0.01414	0.00188	0.84073	0.00377	0.00188	0.00471
5	0.01071	0.00925	0.00974	0.00877	0.01120	0.01071	0.00682	0.02289	0.81396	0.01802	0.01753	0.01607	0.01315	0.00584	0.00438	0.00146	0.00341	0.00487	0.00438	0.00682
6	0.00942	0.00942	0.01319	0.01131	0.01131	0.01319	0.00942	0.01037	0.00660	0.01037	0.00565	0.00942	0.00565	0.00754	0.01414	0.00188	0.84073	0.00377	0.00188	0.00471
7	0.01010	0.01207	0.05906	0.01791	0.02235	0.01086	0.77291	0.01379	0.01012	0.01379	0.00867	0.01151	0.00649	0.00365	0.00504	0.00145	0.00722	0.00500	0.00216	0.00583
8	0.00748	0.00374	0.00561	0.00561	0.00561	0.00374	0.00374	0.00561	0.00561	0.00748	0.00748	0.01309	0.00748	0.01496	0.01684	0.87467	0.00374	0.00374	0.00187	0.00187
9	0.01084	0.00964	0.01064	0.01074	0.09925	0.03139	0.00755	0.02170	0.70641	0.01740	0.01623	0.01527	0.01227	0.00559	0.00436	0.00143	0.00370	0.00471	0.00408	0.00677
10	0.00610	0.00440	0.00576	0.00542	0.00644	0.00406	0.00406	0.00813	0.01219	0.01727	0.81947	0.03218	0.04064	0.00881	0.00508	0.00135	0.00203	0.00779	0.00474	0.00406
11	0.00615	0.00462	0.00692	0.00692	0.00769	0.00538	0.00538	0.00769	0.00692	0.01000	0.01154	0.01692	0.01077	0.03231	0.83154	0.00692	0.01154	0.00462	0.00231	0.00385
12	0.00592	0.00427	0.00560	0.00554	0.00640	0.00395	0.00405	0.00770	0.01139	0.01600	0.65834	0.19694	0.03818	0.00976	0.00517	0.00143	0.00213	0.00869	0.00459	0.00395
13	0.01055	0.01012	0.01728	0.06234	0.78672	0.01021	0.01316	0.01312	0.00976	0.01394	0.00808	0.01070	0.00678	0.00386	0.00427	0.00129	0.00515	0.00384	0.00212	0.00673
14	0.00893	0.00766	0.00893	0.00638	0.01021	0.00574	0.00510	0.01085	0.00893	0.01404	0.00766	0.00893	0.00638	0.00319	0.00319	0.00064	0.00319	0.00255	0.00255	0.87495
15	0.00616	0.00460	0.00687	0.00687	0.00762	0.00536	0.00532	0.00766	0.00691	0.00996	0.01159	0.01720	0.01089	0.05212	0.81190	0.00686	0.01136	0.00466	0.00231	0.00382
16	0.01132	0.01064	0.01088	0.00960	0.01066	0.20735	0.02006	0.01235	0.00890	0.10544	0.01077	0.11529	0.02192	0.07323	0.02126	0.00185	0.33603	0.00495	0.00273	0.00476
17	0.01609	0.02053	0.01221	0.01110	0.01332	0.83132	0.00832	0.01720	0.01221	0.01054	0.00666	0.00777	0.00555	0.00444	0.00388	0.00111	0.00777	0.00277	0.00222	0.00499
18	0.00864	0.02228	0.82630	0.01228	0.01864	0.01000	0.01592	0.01364	0.00909	0.01364	0.00773	0.00909	0.00546	0.00409	0.00409	0.00136	0.00637	0.00318	0.00182	0.00637
19	0.01146	0.83601	0.03731	0.00746	0.01119	0.01692	0.00753	0.01291	0.00876	0.01020	0.00602	0.00695	0.00553	0.00369	0.00279	0.00093	0.00464	0.00232	0.00184	0.00554
20	0.00677	0.00490	0.00671	0.00761	0.00864	0.00484	0.00661	0.00867	0.00991	0.01278	0.02471	0.04794	0.09758	0.01181	0.00587	0.00193	0.00380	0.72102	0.00397	0.00394
21	0.01591	0.01199	0.01361	0.01038	0.01386	0.01317	0.05516	0.74718	0.03327	0.02620	0.01037	0.01052	0.00738	0.00509	0.00436	0.00131	0.00487	0.00397	0.00418	0.00723
22	0.07164	0.00838	0.00899	0.00832	0.04395	0.04769	0.00622	0.05571	0.31848	0.14712	0.12272	0.01901	0.09734	0.00634	0.00437	0.00138	0.00346	0.00521	0.01770	0.00596
23	0.00620	0.00459	0.00688	0.00688	0.00762	0.00533	0.00533	0.00762	0.00688	0.00992	0.01140	0.01680	0.01066	0.03173	0.80450	0.03573	0.01128	0.00459	0.00229	0.00378
24	0.00597	0.00440	0.00558	0.00528	0.00635	0.00401	0.00396	0.00787	0.01188	0.01654	0.71812	0.03339	0.14245	0.00908	0.00508	0.00137	0.00205	0.00796	0.00464	0.00401
25	0.01049	0.01006	0.01717	0.08167	0.76786	0.01019	0.01313	0.01307	0.00973	0.01386	0.00807	0.01072	0.00675	0.00387	0.00427	0.00129	0.00516	0.00384	0.00212	0.00668
26	0.01066	0.01023	0.01748	0.02644	0.82174	0.01023	0.01322	0.01322	0.00981	0.01407	0.00810	0.01066	0.00682	0.00384	0.00426	0.00128	0.00512	0.00384	0.00213	0.00682
27	0.00589	0.00440	0.00548	0.00521	0.00631	0.00398	0.00391	0.00774	0.01172	0.01614	0.66372	0.03404	0.19711	0.00923	0.00508	0.00137	0.00206	0.00805	0.00459	0.00398
28	0.00947	0.00950	0.01356	0.01150	0.01170	0.01307	0.03744	0.01072	0.02146	0.01063	0.00598	0.00962	0.00582	0.00737	0.01364	0.00186	0.79608	0.00384	0.00194	0.00479
29	0.00626	0.00418	0.00470	0.00470	0.00470	0.00418	0.00261	0.00626	0.00626	0.00835	0.01357	0.02819	0.01566	0.84862	0.02192	0.00418	0.00418	0.00626	0.00261	0.00261
30	0.01066	0.01023	0.01748	0.02644	0.82174	0.01023	0.01322	0.01322	0.00981	0.01407	0.00810	0.01066	0.00682	0.00384	0.00426	0.00128	0.00512	0.00384	0.00213	0.00682
31	0.00525	0.00375	0.00500	0.00600	0.00625	0.00350	0.00400	0.00600	0.00825	0.01100	0.02374	0.84580	0.02849	0.01350	0.00550	0.00175	0.00250	0.01225	0.00400	0.00350
32	0.00942	0.00942	0.01319	0.01131	0.01131	0.01319	0.00942	0.01037	0.00660	0.01037	0.00565	0.00942	0.00565	0.00754	0.01414	0.00188	0.84073	0.00377	0.00188	0.00471
33	0.00886	0.08562	0.76488	0.01190	0.01806	0.01054	0.01526	0.01358	0.00907	0.01337	0.00760	0.00893	0.00546	0.00406	0.00399	0.00133	0.00623	0.00312	0.00182	0.00630
34	0.01637	0.01207	0.01293	0.00991	0.01336	0.01336	0.00819	0.80738	0.02025	0.02715	0.01034	0.01034	0.00733	0.00517	0.00431	0.00129	0.00474	0.00388	0.00431	0.00733
35	0.00615	0.00462	0.00692	0.00692	0.00769	0.00538	0.00538	0.00769	0.00692	0.01000	0.01154	0.01692	0.01077	0.03231	0.83154	0.00692	0.01154	0.00462	0.00231	0.00385
36	0.01693	0.01230	0.06645	0.00909	0.01227	0.23228	0.00764	0.05263	0.07367	0.45206	0.01330	0.01233	0.00896	0.00504	0.00420	0.00128	0.00499	0.00385	0.00413	0.00659
37	0.01544	0.04153	0.04623	0.01092	0.01339	0.72094	0.00855	0.03706	0.04587	0.01139	0.00723	0.00821	0.00591	0.00448	0.00390	0.00113	0.00737	0.00289	0.00234	0.00520
38	0.00959	0.00839	0.01242	0.00896	0.01279	0.00682	0.17721	0.01183	0.00934	0.05221	0.00874	0.03156	0.00719	0.00365	0.00371	0.00087	0.00407	0.00343	0.00264	0.62456
39	0.01591	0.01992	0.01214	0.01099	0.01324	0.78176	0.00827	0.03736	0.04065	0.01123	0.00713	0.00813	0.00586	0.00451	0.00391	0.00113	0.00754	0.00288	0.00235	0.00512
40	0.00813	0.00766	0.01292	0.83826	0.02967	0.00957	0.01196	0.01101	0.00861	0.01101	0.00766	0.01148	0.00574	0.00431	0.00431	0.00144	0.00574	0.00383	0.00191	0.00479
41	0.00548	0.00453	0.00482	0.00472	0.00612	0.00396	0.00355	0.00712	0.03699	0.01297	0.19701	0.03877	0.63827	0.01032	0.00507	0.00143	0.00219	0.00869	0.00416	0.00383
42	0.00606	0.00452	0.00577	0.00558	0.00662	0.00423	0.00426	0.00790	0.01148	0.01586	0.61531	0.05480	0.14939	0.00942	0.00533	0.00143	0.01835	0.06518	0.00451	0.00399
43	0.00922	0.00821	0.02972	0.00797	0.00998	0.02433	0.00631	0.01759	0.51739	0.01671	0.16253	0.09063	0.03068	0.00730	0.00467	0.00148	0.00325	0.04195	0.00428	0.00582
44	0.01066	0.01023	0.01748	0.02644	0.82174	0.01023	0.01322	0.01322	0.00981	0.01407	0.00810	0.01066	0.00682	0.00384	0.00426	0.00128	0.00512	0.00384	0.00213	0.00682
45	0.00930	0.00771	0.00925	0.00662	0.01044	0.00585	0.01875	0.01123	0.00907	0.04096	0.00798	0.00917	0.00653	0.00327	0.00326	0.00067	0.00328	0.00265	0.00264	0.83137
46	0.00893	0.00766	0.00893	0.00638	0.01021	0.00574	0.00510	0.01085	0.00893	0.01404	0.00766	0.00893	0.00638	0.00319	0.00319	0.00064	0.00319	0.00255	0.00255	0.87495
47	0.00617	0.00456	0.00667	0.00667	0.00735	0.00525	0.00506	0.00753	0.00685	0.00981	0.01177	0.01822	0.01133	0.12632	0.73830	0.00661	0.01069	0.00481	0.00234	0.00370
48	0.00864	0.02228	0.82630	0.01228	0.01864	0.01000	0.01592	0.01364	0.00909	0.01364	0.00773	0.00909	0.00546	0.00409	0.00409	0.00136	0.00637	0.00318	0.00182	0.00637
49	0.00549	0.00415	0.00507	0.00534	0.00619	0.00373	0.00381	0.00677	0.01003	0.01331	0.29901	0.34088	0.25822	0.01117	0.00524	0.00153	0.00225	0.00984	0.00425	0.00373
50	0.01179	0.00945	0.01013	0.00886	0.01144	0.01074	0.00700	0.13621	0.64132	0.05308	0.01662	0.01614	0.01254	0.00590	0.00442	0.00145	0.00363	0.02804	0.00440	0.00683
51	0.00864	0.02228	0.82630	0.01228	0.01864	0.01000	0.01592	0.01364	0.00909	0.01364	0.00773	0.00909	0.00546	0.00409	0.00409	0.00136	0.00637	0.00318	0.00182	0.00637
52	0.01071	0.00925	0.00974	0.00877	0.01120	0.01071	0.00682	0.02289	0.81396	0.01802	0.01753	0.01607	0.01315	0.00584	0.00438	0.00146	0.00341	0.00487	0.00438	0.00682
53	0.87904	0.00833	0.00633	0.00566	0.00833	0.00966	0.00467	0.01266	0.00733	0.01933	0.00600	0.00700	0.00467	0.00400	0.00267	0.00133	0.00333	0.00233	0.00267	0.00467
54	0.00748	0.00374	0.00561	0.00561	0.00561	0.00374	0.00374	0.00561	0.00561	0.00748	0.00748	0.01309	0.00748	0.01496	0.01684	0.87467	0.00374	0.00374	0.00187	0.00187
55	0.87904	0.00833	0.00633	0.00566	0.00833	0.00966	0.00467	0.01266	0.00733	0.01933	0.00600	0.00700	0.00467	0.00400	0.00267	0.00133	0.00333	0.00233	0.00267	0.00467
56	0.00864	0.02228	0.82630	0.01228	0.01864	0.01000	0.01592	0.01364	0.00909	0.01364	0.00773	0.00909	0.00546	0.00409	0.00409	0.00136	0.00637	0.00318	0.00182	0.00637
57	0.00626	0.00418	0.00470	0.00470	0.00470	0.00418	0.00261	0.00626	0.00626	0.00835	0.01357	0.02819	0.01566	0.84862	0.02192	0.00418	0.00418	0.00626	0.00261	0.00261
58	0.00869	0.03790	0.81115	0.01219	0.01850	0.01014	0.01575	0.01363	0.00909	0.01358	0.00770	0.00905	0.00546	0.00408	0.00407	0.00136	0.00633	0.00317	0.00182	0.00635
59	0.00530	0.00437	0.00466	0.00459	0.00595	0.00373	0.00344	0.00659	0.01032	0.01283	0.20737	0.03950	0.65552	0.01047	0.00509	0.00143	0.00215	0.00882	0.00416	0.00373
60	0.00672	0.00478	0.00606	0.00559	0.00678	0.00447	0.00424	0.04184	0.01240	0.03266	0.72795	0.03143	0.08122	0.00870	0.00503	0.00136	0.00219	0.00763	0.00469	0.00424
61	0.00511	0.00436	0.00439	0.00438	0.00583	0.00364	0.00329	0.00622	0.00986	0.01174	0.05800	0.04128	0.80557	0.01087	0.00509	0.00145	0.00218	0.00907	0.00401	0.00364
62	0.01066	0.01023	0.01748	0.02644	0.82174	0.01023	0.01322	0.01322	0.00981	0.01407	0.00810	0.01066	0.00682	0.00384	0.00426	0.00128	0.00512	0.00384	0.00213	0.00682
63	0.00513	0.00432	0.00445	0.00451	0.00587	0.00364	0.00335	0.00622	0.00977	0.01174	0.06331	0.09966	0.74126	0.01104	0.00512	0.00147	0.00220	0.00928	0.00402	0.00364
64	0.00663	0.00530	0.00776	0.00748	0.00811	0.00648	0.00588	0.00803	0.00685	0.01000	0.01075	0.01623	0.01020	0.05745	0.68396	0.00609	0.13206	0.00455	0.00226	0.00393
65	0.00626	0.00418	0.00470	0.00470	0.00470	0.00418	0.00261	0.00626	0.00626	0.00835	0.01357	0.02819	0.01566	0.84862	0.02192	0.00418	0.00418	0.00626	0.00261	0.00261
66	0.00974	0.01001	0.01286	0.01110	0.01128	0.06795	0.00917	0.01069	0.00705	0.01041	0.00660	0.02229	0.01896	0.00747	0.01317	0.00182	0.75883	0.00391	0.00197	0.00470
67	0.01139	0.82137	0.02192	0.00725	0.01084	0.01659	0.00722	0.01280	0.00876	0.01034	0.00627	0.00723	0.00572	0.00373	0.00277	0.00092	0.00452	0.00236	0.03251	0.00547
68	0.00943	0.00810	0.00998	0.00731	0.01099	0.00663	0.04760	0.05988	0.04454	0.01492	0.00872	0.03125	0.00731	0.00372	0.00347	0.00079	0.00349	0.00312	0.00276	0.71598
69	0.01492	0.01775	0.01169	0.01054	0.01286	0.62143	0.00799	0.04770	0.18799	0.01279	0.00917	0.00968	0.00728	0.00477	0.00401	0.00119	0.00670	0.00327	0.00277	0.00548
70	0.00848	0.02149	0.79011	0.01193	0.01808	0.00972	0.01536	0.01331	0.00913	0.01355	0.00931	0.01052	0.04131	0.00439	0.00414	0.00137	0.00618	0.00344	0.00191	0.00625

[dist]
# distance from previous block
# <min> <max>
3	59

[block]
# block no. 3 follows, 61 sequences, length 12
# corresponding to MSA columns:
# 213-224
name=unknown_D
#
# <colnr> <probs for GDERKNQSTAVLIFYWHMCP>
#	G	D	E	R	K	N	Q	S	T	A	V	L	I	F	Y	W	H	M	C	P
0	0.01131	0.00974	0.00987	0.00884	0.01130	0.05162	0.00687	0.02253	0.74320	0.04847	0.01697	0.01560	0.01267	0.00575	0.00436	0.00144	0.00364	0.00474	0.00431	0.00675
1	0.00634	0.00432	0.00536	0.00578	0.00664	0.00402	0.00432	0.00762	0.00938	0.03755	0.10929	0.30811	0.18857	0.05619	0.00609	0.00175	0.00274	0.15505	0.07709	0.00379
2	0.00615	0.00462	0.00692	0.00692	0.00769	0.00538	0.00538	0.00769	0.00692	0.01000	0.01154	0.01692	0.01077	0.03231	0.83154	0.00692	0.01154	0.00462	0.00231	0.00385
3	0.00942	0.00942	0.01319	0.01131	0.01131	0.01319	0.00942	0.01037	0.00660	0.01037	0.00565	0.00942	0.00565	0.00754	0.01414	0.00188	0.84073	0.00377	0.00188	0.00471
4	0.00552	0.00457	0.00488	0.00488	0.00628	0.00400	0.00374	0.00713	0.03547	0.01257	0.12899	0.04012	0.64859	0.01058	0.00513	0.00148	0.00233	0.06582	0.00409	0.00381
5	0.00525	0.00375	0.00500	0.00600	0.00625	0.00350	0.00400	0.00600	0.00825	0.01100	0.02374	0.84580	0.02849	0.01350	0.00550	0.00175	0.00250	0.01225	0.00400	0.00350
6	0.01066	0.01023	0.01748	0.02644	0.82174	0.01023	0.01322	0.01322	0.00981	0.01407	0.00810	0.01066	0.00682	0.00384	0.00426	0.00128	0.00512	0.00384	0.00213	0.00682
7	0.00525	0.00375	0.00500	0.00600	0.00625	0.00350	0.00400	0.00600	0.00825	0.01100	0.02374	0.84580	0.02849	0.01350	0.00550	0.00175	0.00250	0.01225	0.00400	0.00350
8	0.00626	0.00418	0.00470	0.00470	0.00470	0.00418	0.00261	0.00626	0.00626	0.00835	0.01357	0.02819	0.01566	0.84862	0.02192	0.00418	0.00418	0.00626	0.00261	0.00261
9	0.00968	0.01066	0.02177	0.01606	0.01935	0.01076	0.60666	0.01262	0.00940	0.01299	0.00927	0.07191	0.00798	0.00504	0.00672	0.00155	0.15452	0.00537	0.00226	0.00545
10	0.05772	0.01077	0.01190	0.00942	0.01256	0.01184	0.02768	0.48379	0.18858	0.05551	0.01163	0.01151	0.00846	0.00518	0.00446	0.00132	0.02590	0.00399	0.00407	0.05371
11	0.24669	0.00985	0.03045	0.00780	0.01096	0.06861	0.03164	0.06430	0.16770	0.04952	0.00965	0.01013	0.00740	0.00427	0.00353	0.00114	0.00393	0.00322	0.00311	0.26611

[dist]
# distance from previous block
# <min> <max>
4	21

[block]
# block no. 4 follows, 61 sequences, length 33
# corresponding to MSA columns:
# 246-278
name=unknown_E
#
# <colnr> <probs for GDERKNQSTAVLIFYWHMCP>
#	G	D	E	R	K	N	Q	S	T	A	V	L	I	F	Y	W	H	M	C	P
0	0.00887	0.19890	0.11656	0.00786	0.01039	0.01809	0.03546	0.01168	0.08385	0.06066	0.09396	0.26598	0.04404	0.00774	0.00441	0.00138	0.00381	0.00665	0.00331	0.01641
1	0.35394	0.00871	0.00974	0.00805	0.01074	0.02032	0.08918	0.07609	0.16920	0.06321	0.09326	0.01345	0.02307	0.01906	0.00411	0.00140	0.00381	0.00409	0.00345	0.02512
2	0.17563	0.01031	0.01502	0.02137	0.61033	0.03999	0.01125	0.04073	0.00979	0.01539	0.00773	0.00985	0.00639	0.00394	0.00395	0.00128	0.00486	0.00352	0.00231	0.00637
3	0.01048	0.01062	0.02807	0.09534	0.55927	0.06874	0.01204	0.01280	0.00958	0.01323	0.03708	0.01114	0.00771	0.00453	0.00539	0.00135	0.10040	0.00389	0.00218	0.00616
4	0.25815	0.01002	0.02164	0.05624	0.01202	0.06246	0.00708	0.16289	0.15691	0.10582	0.01056	0.01139	0.00794	0.00511	0.00451	0.00138	0.06170	0.01791	0.00345	0.02281
5	0.00524	0.00379	0.00496	0.00589	0.00622	0.00351	0.00395	0.00601	0.00835	0.01104	0.02503	0.79372	0.07974	0.01333	0.00547	0.00173	0.00248	0.01204	0.00400	0.00351
6	0.00604	0.00439	0.00569	0.00539	0.00641	0.00404	0.00404	0.00802	0.01203	0.01695	0.77598	0.04941	0.06746	0.00898	0.00509	0.00137	0.00205	0.00793	0.00470	0.00404
7	0.01653	0.01182	0.01278	0.00980	0.01324	0.01300	0.00809	0.76707	0.01985	0.06804	0.01068	0.01056	0.00750	0.00518	0.00431	0.00129	0.00468	0.00390	0.00436	0.00733
8	0.00864	0.02228	0.82630	0.01228	0.01864	0.01000	0.01592	0.01364	0.00909	0.01364	0.00773	0.00909	0.00546	0.00409	0.00409	0.00136	0.00637	0.00318	0.00182	0.00637
9	0.02500	0.00882	0.00997	0.00811	0.01012	0.02431	0.04238	0.40529	0.01354	0.01821	0.01144	0.01751	0.01060	0.33715	0.03660	0.00260	0.00488	0.00485	0.00342	0.00521
10	0.00615	0.00462	0.00692	0.00692	0.00769	0.00538	0.00538	0.00769	0.00692	0.01000	0.01154	0.01692	0.01077	0.03231	0.83154	0.00692	0.01154	0.00462	0.00231	0.00385
11	0.00933	0.22220	0.63246	0.01109	0.01681	0.01170	0.01385	0.01346	0.00901	0.01280	0.00731	0.00857	0.00547	0.00399	0.00377	0.00126	0.00594	0.00297	0.00182	0.00616
12	0.00864	0.02228	0.82630	0.01228	0.01864	0.01000	0.01592	0.01364	0.00909	0.01364	0.00773	0.00909	0.00546	0.00409	0.00409	0.00136	0.00637	0.00318	0.00182	0.00637
13	0.00514	0.00431	0.00446	0.00454	0.00588	0.00364	0.00336	0.00623	0.00976	0.01177	0.06763	0.10922	0.72722	0.01106	0.00513	0.00148	0.00220	0.00931	0.00402	0.00364
14	0.00593	0.00440	0.00553	0.00524	0.00633	0.00399	0.00393	0.00781	0.01180	0.01634	0.69079	0.03372	0.16991	0.00916	0.00508	0.00137	0.00206	0.00801	0.00462	0.00399
15	0.00626	0.00418	0.00470	0.00470	0.00470	0.00418	0.00261	0.00626	0.00626	0.00835	0.01357	0.02819	0.01566	0.84862	0.02192	0.00418	0.00418	0.00626	0.00261	0.00261
16	0.00986	0.01105	0.02352	0.01705	0.02090	0.01067	0.70939	0.01318	0.00979	0.01339	0.00906	0.03726	0.00727	0.00495	0.02762	0.00163	0.06037	0.00521	0.00222	0.00562
17	0.01015	0.45624	0.40553	0.00971	0.01467	0.01369	0.01144	0.01325	0.00892	0.01181	0.00682	0.00795	0.00549	0.00388	0.00340	0.00113	0.00544	0.00272	0.00183	0.00593
18	0.00893	0.00766	0.00893	0.00638	0.01021	0.00574	0.00510	0.01085	0.00893	0.01404	0.00766	0.00893	0.00638	0.00319	0.00319	0.00064	0.00319	0.00255	0.00255	0.87495
19	0.01114	0.00947	0.00998	0.00885	0.01136	0.01091	0.00692	0.08237	0.75378	0.01871	0.01699	0.01564	0.01271	0.00579	0.00438	0.00145	0.00351	0.00479	0.00438	0.00686
20	0.01292	0.00958	0.01848	0.01354	0.01719	0.00889	0.45950	0.01569	0.01089	0.28748	0.05551	0.03009	0.01018	0.00476	0.00504	0.00142	0.02417	0.00509	0.00341	0.00616
21	0.00587	0.00429	0.00542	0.00601	0.00649	0.00422	0.00412	0.00739	0.06036	0.01138	0.05472	0.55317	0.05372	0.13060	0.04465	0.00228	0.00321	0.03467	0.00378	0.00365
22	0.00688	0.00491	0.00687	0.00786	0.00883	0.00491	0.00684	0.00882	0.00986	0.01282	0.02284	0.07723	0.02492	0.01196	0.00593	0.00197	0.00391	0.76472	0.00397	0.00395
23	0.00958	0.01087	0.04617	0.01599	0.03482	0.01047	0.57860	0.01262	0.00958	0.01326	0.03559	0.06591	0.00892	0.00500	0.00631	0.00152	0.12161	0.00537	0.00233	0.00549
24	0.06599	0.00970	0.01438	0.01222	0.03738	0.01259	0.10723	0.02553	0.00743	0.01179	0.00621	0.00959	0.00577	0.00667	0.01180	0.00177	0.64313	0.00384	0.00202	0.00496
25	0.00682	0.00443	0.00614	0.00650	0.00721	0.00424	0.02043	0.00791	0.00866	0.07461	0.04538	0.52478	0.02398	0.06305	0.08172	0.00232	0.00372	0.08345	0.02075	0.00389
26	0.00525	0.00375	0.00500	0.00600	0.00625	0.00350	0.00400	0.00600	0.00825	0.01100	0.02374	0.84580	0.02849	0.01350	0.00550	0.00175	0.00250	0.01225	0.00400	0.00350
27	0.01276	0.01207	0.01070	0.00970	0.02514	0.25488	0.02239	0.10610	0.26635	0.06798	0.03020	0.04597	0.01203	0.00668	0.02068	0.00149	0.00513	0.08029	0.00362	0.00584
28	0.01432	0.01365	0.01219	0.01024	0.01290	0.30026	0.05925	0.24394	0.13875	0.06797	0.01150	0.07499	0.00939	0.00557	0.00431	0.00130	0.00552	0.00439	0.00349	0.00603
29	0.02477	0.00837	0.00990	0.00830	0.01069	0.01804	0.05780	0.15562	0.29950	0.03838	0.20874	0.02012	0.08146	0.00655	0.00457	0.00137	0.00352	0.00559	0.00420	0.03251
30	0.00960	0.01060	0.07943	0.22019	0.30359	0.01007	0.17343	0.01251	0.00929	0.01301	0.00792	0.01075	0.00630	0.00411	0.00494	0.00135	0.05471	0.00395	0.00208	0.06218
31	0.00968	0.00891	0.01263	0.00919	0.01295	0.03282	0.18041	0.02340	0.02498	0.03002	0.03467	0.01051	0.00773	0.00363	0.00375	0.00089	0.00422	0.00338	0.00265	0.58361
32	0.00706	0.00497	0.00593	0.00594	0.00708	0.00469	0.00438	0.06912	0.01986	0.05379	0.13166	0.32995	0.24919	0.03810	0.00572	0.00165	0.00272	0.04992	0.00414	0.00413

[dist]
# distance from previous block
# <min> <max>
0	1

[block]
# block no. 5 follows, 61 sequences, length 11
# corresponding to MSA columns:
# 280-290
name=unknown_F
#
# <colnr> <probs for GDERKNQSTAVLIFYWHMCP>
#	G	D	E	R	K	N	Q	S	T	A	V	L	I	F	Y	W	H	M	C	P
0	0.05374	0.00925	0.00983	0.00850	0.01115	0.01037	0.00671	0.11663	0.58108	0.07345	0.01640	0.01524	0.03106	0.00568	0.00427	0.00140	0.00355	0.00462	0.00429	0.03278
1	0.02142	0.00977	0.00888	0.00825	0.00991	0.20933	0.02013	0.06534	0.07441	0.03598	0.04480	0.24447	0.05615	0.01909	0.00526	0.00148	0.03609	0.07088	0.00344	0.05493
2	0.73440	0.04784	0.00741	0.00604	0.00871	0.00976	0.00504	0.01333	0.04416	0.05019	0.00755	0.00918	0.00604	0.00440	0.00293	0.00134	0.00343	0.03051	0.00286	0.00488
3	0.01021	0.00848	0.01064	0.13408	0.02510	0.07108	0.06473	0.08293	0.03265	0.08387	0.14994	0.05485	0.06118	0.00587	0.00448	0.00124	0.01495	0.00503	0.00335	0.17534
4	0.04955	0.00437	0.00606	0.00598	0.00635	0.00458	0.00420	0.03161	0.00649	0.00924	0.00890	0.05187	0.00884	0.01683	0.14537	0.62589	0.00494	0.00421	0.00215	0.00257
5	0.00995	0.01225	0.19064	0.15491	0.28595	0.02612	0.01171	0.06759	0.11334	0.01474	0.02689	0.01289	0.04460	0.00475	0.00430	0.00135	0.00511	0.00412	0.00260	0.00618
6	0.00929	0.00931	0.01347	0.01144	0.01166	0.01270	0.04856	0.01036	0.00684	0.01056	0.00652	0.04276	0.00661	0.00758	0.01335	0.00186	0.76626	0.00417	0.00198	0.00472
7	0.01122	0.33137	0.20822	0.01002	0.01330	0.16042	0.00998	0.01332	0.00900	0.01108	0.00645	0.00810	0.00554	0.00472	0.00565	0.00126	0.18007	0.00290	0.00191	0.00546
8	0.01171	0.01005	0.01028	0.00901	0.01158	0.04027	0.00707	0.13363	0.67321	0.01904	0.01613	0.01497	0.01206	0.00570	0.00435	0.00142	0.00375	0.00466	0.00430	0.00683
9	0.01252	0.57296	0.01962	0.01010	0.08988	0.20953	0.00816	0.01395	0.00967	0.01061	0.00635	0.00748	0.00566	0.00388	0.00317	0.00100	0.00541	0.00256	0.00196	0.00553
10	0.00643	0.00416	0.00463	0.00463	0.00473	0.00416	0.00265	0.00663	0.00653	0.00910	0.01362	0.02702	0.01521	0.76715	0.02010	0.00387	0.00397	0.00605	0.08662	0.00275

[dist]
# distance from previous block
# <min> <max>
1	20

[block]
# block no. 6 follows, 61 sequences, length 46
# corresponding to MSA columns:
# 311-356
name=unknown_G
#
# <colnr> <probs for GDERKNQSTAVLIFYWHMCP>
#	G	D	E	R	K	N	Q	S	T	A	V	L	I	F	Y	W	H	M	C	P
0	0.01090	0.06399	0.54754	0.01084	0.01608	0.00944	0.02984	0.01504	0.02836	0.17535	0.04481	0.01129	0.00822	0.00455	0.00414	0.00134	0.00549	0.00364	0.00271	0.00641
1	0.01021	0.00973	0.01655	0.08672	0.72342	0.00987	0.01269	0.01271	0.00964	0.01370	0.00881	0.05022	0.00777	0.00433	0.00433	0.00131	0.00504	0.00423	0.00220	0.00651
2	0.01043	0.01004	0.01721	0.04810	0.75733	0.01006	0.03345	0.01299	0.00978	0.01392	0.00906	0.01153	0.02851	0.00403	0.00431	0.00129	0.00511	0.00401	0.00218	0.00666
3	0.00913	0.06811	0.37687	0.04401	0.05706	0.04648	0.09961	0.03391	0.02856	0.01415	0.13378	0.01442	0.04509	0.00510	0.00433	0.00134	0.00538	0.00439	0.00256	0.00572
4	0.01173	0.01081	0.01659	0.08080	0.48417	0.04258	0.08723	0.14588	0.03613	0.02899	0.00887	0.01088	0.00701	0.00418	0.00434	0.00131	0.00533	0.00396	0.00261	0.00660
5	0.01224	0.00939	0.01010	0.00870	0.01131	0.01056	0.00690	0.18544	0.54410	0.07107	0.01594	0.01544	0.01191	0.00575	0.00433	0.00141	0.00365	0.02032	0.04468	0.00677
6	0.00624	0.00450	0.00586	0.00671	0.00721	0.00421	0.00478	0.00709	0.00906	0.01211	0.05246	0.63420	0.05153	0.01399	0.03440	0.00205	0.00324	0.13224	0.00416	0.00395
7	0.03360	0.07455	0.29639	0.03792	0.27822	0.02372	0.13897	0.01346	0.00951	0.02887	0.00823	0.02254	0.00651	0.00408	0.00420	0.00132	0.00579	0.00378	0.00211	0.00623
8	0.01511	0.03784	0.02976	0.03541	0.05938	0.32391	0.00844	0.11461	0.04840	0.18938	0.00986	0.01039	0.00730	0.00502	0.00505	0.00129	0.08618	0.00353	0.00318	0.00599
9	0.00511	0.00433	0.00442	0.00447	0.00585	0.00363	0.00332	0.00620	0.00977	0.01168	0.05370	0.08574	0.76507	0.01102	0.00511	0.00147	0.00220	0.00925	0.00401	0.00363
10	0.00694	0.00550	0.00753	0.00733	0.02068	0.00523	0.06375	0.04436	0.03530	0.02630	0.10360	0.23693	0.25057	0.01039	0.00527	0.00161	0.00318	0.15734	0.00395	0.00424
11	0.01155	0.20605	0.33937	0.01036	0.03370	0.08773	0.01082	0.04526	0.09140	0.09427	0.02459	0.01025	0.00754	0.00446	0.00386	0.00124	0.00536	0.00336	0.00263	0.00619
12	0.10228	0.00728	0.00899	0.00739	0.01017	0.00699	0.00602	0.01849	0.12746	0.50315	0.10345	0.01753	0.01432	0.00595	0.00433	0.00138	0.00343	0.04011	0.00480	0.00648
13	0.00968	0.00938	0.01631	0.32229	0.46024	0.01009	0.07006	0.01240	0.00934	0.01287	0.00794	0.01101	0.00639	0.00406	0.00451	0.00136	0.02012	0.00392	0.00205	0.00597
14	0.10173	0.01231	0.02809	0.01231	0.11419	0.23590	0.11872	0.01601	0.10071	0.12307	0.05737	0.02209	0.00983	0.00496	0.00432	0.00132	0.01462	0.01359	0.00309	0.00576
15	0.01049	0.00994	0.01673	0.08279	0.72391	0.01009	0.01276	0.03192	0.01004	0.01426	0.03058	0.01131	0.00769	0.00404	0.00429	0.00129	0.00507	0.00395	0.00224	0.00661
16	0.00556	0.00438	0.00502	0.00486	0.00611	0.00384	0.00364	0.00710	0.01093	0.01428	0.40765	0.03710	0.45433	0.00992	0.00509	0.00141	0.00211	0.00848	0.00435	0.00384
17	0.00884	0.00837	0.01412	0.56355	0.27602	0.00962	0.01213	0.01157	0.00902	0.01198	0.00873	0.01200	0.02716	0.00433	0.00431	0.00139	0.00546	0.00397	0.00204	0.00539
18	0.08778	0.05010	0.07403	0.02550	0.02740	0.10936	0.06453	0.13624	0.06447	0.06581	0.01817	0.11865	0.01022	0.01600	0.03225	0.00162	0.08444	0.00481	0.00309	0.00552
19	0.00893	0.03742	0.71332	0.01372	0.09909	0.01019	0.03109	0.01359	0.00918	0.01362	0.00775	0.00926	0.00562	0.00405	0.00410	0.00135	0.00622	0.00327	0.00186	0.00638
20	0.00533	0.00437	0.00470	0.00461	0.00596	0.00374	0.00346	0.00664	0.01038	0.01298	0.22810	0.03925	0.63470	0.01041	0.00509	0.00143	0.00215	0.00878	0.00418	0.00374
21	0.02254	0.00945	0.00924	0.00808	0.01032	0.13481	0.02337	0.11210	0.18265	0.12716	0.07294	0.06773	0.15921	0.00716	0.00458	0.00139	0.00402	0.03364	0.00402	0.00557
22	0.01015	0.26010	0.24415	0.00971	0.01361	0.01992	0.08605	0.03358	0.07172	0.05561	0.08957	0.05262	0.02510	0.00519	0.00402	0.00126	0.00486	0.00430	0.00274	0.00575
23	0.00571	0.00429	0.00537	0.00613	0.00652	0.02462	0.00420	0.00660	0.00833	0.01115	0.04928	0.68357	0.02602	0.03249	0.08535	0.00226	0.00351	0.01083	0.02019	0.00358
24	0.01066	0.01023	0.01748	0.02644	0.82174	0.01023	0.01322	0.01322	0.00981	0.01407	0.00810	0.01066	0.00682	0.00384	0.00426	0.00128	0.00512	0.00384	0.00213	0.00682
25	0.01058	0.26103	0.47427	0.01066	0.01567	0.11255	0.01233	0.03390	0.00966	0.01259	0.00716	0.00833	0.00554	0.00404	0.00369	0.00120	0.00599	0.00290	0.00194	0.00598
26	0.01034	0.01004	0.01650	0.17588	0.65362	0.03237	0.01286	0.01292	0.00965	0.01341	0.00798	0.01073	0.00659	0.00394	0.00426	0.00130	0.00530	0.00381	0.00209	0.00640
27	0.00530	0.00379	0.00505	0.00596	0.00626	0.00353	0.00400	0.00613	0.00849	0.01139	0.07363	0.79480	0.02925	0.01320	0.00547	0.00172	0.00247	0.01197	0.00405	0.00353
28	0.01070	0.01019	0.01631	0.01975	0.45108	0.01062	0.12305	0.03350	0.22346	0.01526	0.01067	0.01219	0.00844	0.00448	0.00471	0.00137	0.03053	0.00429	0.00278	0.00663
29	0.00585	0.00462	0.00650	0.00736	0.03535	0.01806	0.04159	0.00680	0.00846	0.01122	0.02221	0.76405	0.02633	0.01255	0.00541	0.00171	0.00290	0.01146	0.00382	0.00375
30	0.01844	0.00761	0.01003	0.00782	0.01106	0.00689	0.00642	0.03702	0.08967	0.73099	0.01691	0.01471	0.01084	0.00538	0.00434	0.00134	0.00366	0.00437	0.00522	0.00728
31	0.00994	0.00950	0.01618	0.25894	0.59490	0.01004	0.01286	0.01259	0.00947	0.01319	0.00797	0.01090	0.00651	0.00397	0.00428	0.00132	0.00530	0.00384	0.00207	0.00624
32	0.00883	0.07571	0.77450	0.01196	0.01815	0.01046	0.01536	0.01359	0.00907	0.01342	0.00762	0.00895	0.00546	0.00407	0.00401	0.00134	0.00625	0.00313	0.00182	0.00631
33	0.01101	0.00928	0.01049	0.01043	0.08923	0.01052	0.00742	0.02189	0.70879	0.04557	0.01661	0.01550	0.01245	0.00563	0.00437	0.00144	0.00358	0.00475	0.00420	0.00684
34	0.00509	0.00436	0.00436	0.00436	0.00582	0.00364	0.00327	0.00618	0.00982	0.01164	0.04364	0.04146	0.82000	0.01091	0.00509	0.00145	0.00218	0.00909	0.00400	0.00364
35	0.03894	0.00869	0.01049	0.00841	0.01141	0.02670	0.02683	0.16634	0.13653	0.41876	0.05057	0.01591	0.02109	0.00573	0.00440	0.00137	0.00392	0.03242	0.00469	0.00679
36	0.01054	0.01172	0.09594	0.04481	0.57628	0.02657	0.11520	0.02742	0.02385	0.01414	0.00831	0.01069	0.00672	0.00392	0.00435	0.00131	0.00555	0.00393	0.00218	0.00657
37	0.00625	0.00421	0.00489	0.00489	0.00495	0.00428	0.00284	0.00638	0.00632	0.00849	0.01340	0.02724	0.01525	0.77961	0.09036	0.00441	0.00480	0.00612	0.00258	0.00271
38	0.01057	0.01014	0.01732	0.05523	0.79366	0.01021	0.01318	0.01314	0.00977	0.01396	0.00809	0.01069	0.00678	0.00385	0.00427	0.00128	0.00514	0.00384	0.00212	0.00675
39	0.01110	0.08580	0.41932	0.01078	0.01549	0.04605	0.05128	0.07543	0.09084	0.10237	0.02198	0.01157	0.02956	0.00469	0.00414	0.00132	0.00544	0.00376	0.00278	0.00633
40	0.00823	0.01950	0.69525	0.01155	0.03175	0.00912	0.01415	0.01266	0.00924	0.01360	0.04780	0.05341	0.04496	0.00508	0.00426	0.00139	0.00576	0.00413	0.00217	0.00600
41	0.00646	0.00528	0.00530	0.00535	0.00674	0.04516	0.00406	0.00761	0.00987	0.04824	0.03642	0.13717	0.57967	0.01073	0.00512	0.00151	0.00272	0.07475	0.00397	0.00388
42	0.07177	0.05187	0.05121	0.00886	0.04798	0.00831	0.00726	0.09733	0.04395	0.54492	0.01424	0.01295	0.00936	0.00504	0.00413	0.00131	0.00399	0.00400	0.00453	0.00698
43	0.05392	0.00994	0.01565	0.07191	0.60879	0.03258	0.02645	0.01352	0.04712	0.02729	0.04508	0.01175	0.00849	0.00423	0.00424	0.00130	0.00494	0.00399	0.00242	0.00641
44	0.00833	0.00724	0.04706	0.00789	0.01007	0.00637	0.11118	0.09812	0.02755	0.05125	0.19200	0.13694	0.21934	0.00822	0.00486	0.00141	0.00345	0.00728	0.02581	0.02562
45	0.01208	0.04979	0.02048	0.01656	0.13655	0.05261	0.42355	0.20330	0.01256	0.01670	0.00879	0.01077	0.00667	0.00407	0.00461	0.00135	0.00625	0.00437	0.00267	0.00627

[dist]
# distance from previous block
# <min> <max>
0	13

# created by:
# /st0/software/busco_prod/Augustus/scripts/msa2prfl.pl ./align_prep/102388.fa
