[name]
unknown

[dist]
# distance from previous block
# <min> <max>
1	20

[block]
# block no. 0 follows, 58 sequences, length 31
# corresponding to MSA columns:
# 24-54
name=unknown_A
#
# <colnr> <probs for GDERKNQSTAVLIFYWHMCP>
#	G	D	E	R	K	N	Q	S	T	A	V	L	I	F	Y	W	H	M	C	P
0	0.01189	0.00950	0.03529	0.05826	0.14702	0.06202	0.00813	0.09633	0.06522	0.13409	0.04932	0.01516	0.01091	0.06959	0.08771	0.00209	0.00536	0.01448	0.00335	0.11429
1	0.03673	0.01029	0.08861	0.13706	0.10920	0.04405	0.02703	0.10563	0.05432	0.04725	0.03539	0.05158	0.04046	0.02427	0.00469	0.00137	0.00463	0.00457	0.05952	0.11334
2	0.01942	0.00791	0.01051	0.00804	0.01153	0.00697	0.00663	0.06627	0.01312	0.73732	0.01683	0.01471	0.01068	0.00543	0.00445	0.00135	0.00385	0.00439	0.00535	0.04525
3	0.30392	0.01114	0.08001	0.15745	0.05480	0.03682	0.09423	0.13111	0.04115	0.01784	0.00913	0.01070	0.02446	0.00460	0.00397	0.00141	0.00504	0.00367	0.00281	0.00574
4	0.00915	0.00925	0.02705	0.05433	0.01651	0.00833	0.35562	0.01233	0.03426	0.01501	0.16883	0.01665	0.03811	0.00506	0.00474	0.00129	0.00510	0.00524	0.00299	0.21017
5	0.01716	0.00783	0.01013	0.00778	0.01121	0.00685	0.00636	0.04298	0.05365	0.58465	0.04035	0.01467	0.01127	0.00527	0.00431	0.00126	0.00369	0.00429	0.00492	0.16136
6	0.00990	0.16751	0.63784	0.01179	0.01769	0.05397	0.01456	0.01422	0.00955	0.01336	0.00765	0.00897	0.00568	0.00419	0.00400	0.00132	0.00637	0.00312	0.00191	0.00638
7	0.00552	0.00451	0.00488	0.00485	0.00620	0.00387	0.00361	0.00686	0.01067	0.01334	0.21304	0.07571	0.60946	0.01097	0.00530	0.00150	0.00225	0.00929	0.00432	0.00387
8	0.00548	0.00404	0.00514	0.00593	0.00643	0.00369	0.00404	0.00641	0.00909	0.01196	0.08023	0.66279	0.15183	0.01327	0.00562	0.00174	0.00251	0.01190	0.00420	0.00369
9	0.00856	0.00816	0.01409	0.78981	0.03042	0.01001	0.05325	0.01158	0.00903	0.01158	0.00801	0.01193	0.00601	0.00444	0.00451	0.00149	0.00605	0.00404	0.00200	0.00502
10	0.04318	0.00931	0.01072	0.00849	0.01159	0.00958	0.00692	0.33214	0.06590	0.32579	0.01446	0.03649	0.01021	0.00567	0.00434	0.00135	0.00403	0.00448	0.08829	0.00705
11	0.01169	0.00883	0.03814	0.03562	0.01107	0.04818	0.00719	0.10463	0.06131	0.15713	0.12345	0.01773	0.07847	0.00828	0.01907	0.09556	0.15952	0.00506	0.00365	0.00539
12	0.01056	0.01207	0.02640	0.01885	0.02338	0.01131	0.79864	0.01433	0.01056	0.01433	0.00905	0.01207	0.00679	0.00377	0.00528	0.00151	0.00754	0.00528	0.00226	0.00603
13	0.00972	0.00925	0.01572	0.44089	0.41199	0.01027	0.01306	0.01255	0.00955	0.01298	0.00818	0.01151	0.00651	0.00424	0.00445	0.00141	0.00565	0.00398	0.00210	0.00600
14	0.01196	0.84548	0.02344	0.00765	0.01148	0.01770	0.00765	0.01339	0.00909	0.01052	0.00622	0.00718	0.00574	0.00383	0.00287	0.00096	0.00478	0.00239	0.00191	0.00574
15	0.02172	0.33528	0.20077	0.01022	0.03194	0.07862	0.06405	0.02614	0.01036	0.09095	0.06644	0.02657	0.00943	0.00475	0.00389	0.00122	0.00533	0.00371	0.00263	0.00599
16	0.01028	0.18018	0.09659	0.05404	0.03534	0.07382	0.07918	0.03590	0.02427	0.06584	0.01386	0.25026	0.01398	0.02002	0.00484	0.00149	0.00482	0.02690	0.00306	0.00532
17	0.00680	0.00468	0.00591	0.00587	0.00631	0.00486	0.00398	0.00754	0.00766	0.03012	0.07914	0.07375	0.04361	0.45622	0.19629	0.00430	0.02674	0.02975	0.00304	0.00342
18	0.00783	0.00797	0.09511	0.00782	0.04201	0.00660	0.00643	0.05104	0.13090	0.01579	0.22562	0.04716	0.24945	0.00930	0.03352	0.00166	0.00353	0.02455	0.02865	0.00504
19	0.03288	0.07382	0.21729	0.09070	0.22714	0.13114	0.01200	0.09264	0.03907	0.01496	0.00870	0.02425	0.00695	0.00456	0.00421	0.00133	0.00587	0.00369	0.00246	0.00634
20	0.02229	0.13489	0.24006	0.06583	0.05091	0.03915	0.17224	0.01364	0.03449	0.02800	0.00867	0.01101	0.00690	0.01503	0.06044	0.00182	0.07092	0.00389	0.01395	0.00586
21	0.00571	0.00431	0.00567	0.00622	0.00688	0.00397	0.02206	0.00672	0.00911	0.01189	0.06236	0.56059	0.17756	0.04597	0.00630	0.00185	0.00277	0.05224	0.00408	0.00373
22	0.02829	0.01209	0.09712	0.20670	0.04238	0.08428	0.15688	0.10063	0.03017	0.15717	0.01025	0.01174	0.00734	0.00474	0.00484	0.00143	0.03056	0.00414	0.00303	0.00621
23	0.12589	0.13903	0.33286	0.04015	0.05347	0.02770	0.06705	0.04224	0.00970	0.03494	0.00910	0.02099	0.02926	0.00471	0.00449	0.00137	0.04507	0.00362	0.00235	0.00600
24	0.01116	0.14426	0.04952	0.05459	0.14255	0.06755	0.11518	0.10617	0.02475	0.03497	0.03343	0.07026	0.01030	0.00830	0.08811	0.00195	0.00607	0.02222	0.00282	0.00584
25	0.00647	0.00449	0.00561	0.00601	0.00677	0.00421	0.00425	0.02546	0.00970	0.03679	0.13060	0.45465	0.14353	0.06529	0.02023	0.00193	0.00289	0.04184	0.02538	0.00392
26	0.02642	0.01115	0.06871	0.00987	0.01283	0.03886	0.05068	0.29258	0.13693	0.10366	0.03669	0.05683	0.03240	0.00618	0.00527	0.00145	0.06399	0.00490	0.03408	0.00652
27	0.04206	0.37189	0.17477	0.07382	0.03928	0.04201	0.00993	0.11072	0.05223	0.03297	0.00824	0.00926	0.00652	0.00435	0.00367	0.00121	0.00525	0.00315	0.00250	0.00618
28	0.00644	0.00469	0.00568	0.00586	0.00668	0.00448	0.00409	0.00834	0.06642	0.02603	0.22119	0.33004	0.14534	0.13434	0.00796	0.00201	0.00277	0.00949	0.00418	0.00397
29	0.00752	0.00502	0.00628	0.00651	0.00749	0.00482	0.00471	0.05767	0.02410	0.07302	0.06228	0.49479	0.12090	0.03587	0.03132	0.00194	0.00319	0.04409	0.00422	0.00429
30	0.03382	0.00913	0.03354	0.09601	0.17364	0.00921	0.17078	0.02114	0.00927	0.01334	0.01102	0.15084	0.01063	0.00758	0.04688	0.00177	0.10487	0.00556	0.00258	0.08838

[dist]
# distance from previous block
# <min> <max>
8	17

[block]
# block no. 1 follows, 58 sequences, length 32
# corresponding to MSA columns:
# 72-103
name=unknown_B
#
# <colnr> <probs for GDERKNQSTAVLIFYWHMCP>
#	G	D	E	R	K	N	Q	S	T	A	V	L	I	F	Y	W	H	M	C	P
0	0.04682	0.00654	0.00725	0.00664	0.00839	0.03218	0.00505	0.01092	0.08837	0.05658	0.11881	0.19056	0.16682	0.00939	0.03087	0.00159	0.04015	0.00715	0.03102	0.13492
1	0.03246	0.00580	0.00682	0.00621	0.00801	0.00521	0.00462	0.03706	0.03524	0.06783	0.12547	0.25697	0.16195	0.04483	0.00558	0.00152	0.00291	0.00784	0.00396	0.17972
2	0.06385	0.00851	0.00989	0.00812	0.01089	0.00872	0.00650	0.18821	0.14553	0.32843	0.01594	0.04181	0.02359	0.06813	0.01557	0.00171	0.00403	0.02018	0.02376	0.00664
3	0.05793	0.02780	0.13164	0.08510	0.23822	0.11820	0.06785	0.17483	0.02698	0.01685	0.00867	0.01036	0.00668	0.00446	0.00431	0.00135	0.00586	0.00375	0.00269	0.00648
4	0.00861	0.00550	0.00651	0.00641	0.00762	0.02781	0.00469	0.03428	0.01037	0.13637	0.11816	0.34208	0.14929	0.07956	0.00675	0.00184	0.00311	0.04230	0.00429	0.00445
5	0.00750	0.00489	0.00607	0.00612	0.00699	0.00469	0.00434	0.06799	0.00970	0.04690	0.07812	0.35751	0.15236	0.04770	0.00822	0.15467	0.00303	0.00885	0.02050	0.00385
6	0.00639	0.00477	0.00710	0.00710	0.00786	0.00554	0.00548	0.00793	0.00716	0.01032	0.01207	0.01804	0.01138	0.06562	0.79327	0.00708	0.01168	0.00486	0.00241	0.00394
7	0.00837	0.03491	0.01064	0.02357	0.10292	0.00839	0.03241	0.03960	0.00804	0.01136	0.01052	0.01730	0.01039	0.21866	0.28139	0.00411	0.16565	0.00484	0.00242	0.00449
8	0.23404	0.00814	0.00846	0.00726	0.00941	0.00890	0.00568	0.21482	0.03843	0.07067	0.04639	0.05355	0.06597	0.13471	0.04941	0.00217	0.02807	0.00501	0.00364	0.00529
9	0.00730	0.00522	0.00581	0.00594	0.00651	0.04089	0.00404	0.00811	0.00857	0.03936	0.09399	0.19803	0.04220	0.37434	0.03638	0.00296	0.00396	0.07163	0.04119	0.00357
10	0.01297	0.00939	0.01032	0.00896	0.01170	0.01045	0.00706	0.05940	0.63069	0.15977	0.01776	0.01616	0.01292	0.00594	0.00454	0.00149	0.00365	0.00491	0.00472	0.00720
11	0.01369	0.01060	0.01133	0.00943	0.01239	0.01190	0.00755	0.34384	0.43284	0.04918	0.01588	0.01494	0.03397	0.00591	0.00454	0.00144	0.00408	0.00474	0.00454	0.00722
12	0.16231	0.00511	0.00585	0.00617	0.00725	0.00511	0.00454	0.00856	0.00930	0.04248	0.13265	0.43220	0.07648	0.01137	0.02118	0.00177	0.00298	0.05654	0.00402	0.00412
13	0.08893	0.01020	0.01089	0.05533	0.08761	0.12886	0.02050	0.17695	0.01205	0.03084	0.01285	0.11780	0.01240	0.03432	0.03760	0.00181	0.02897	0.10662	0.00331	0.02214
14	0.29615	0.14218	0.01275	0.07406	0.06403	0.30247	0.00786	0.02995	0.01018	0.01448	0.00683	0.00821	0.00559	0.00430	0.00351	0.00124	0.00565	0.00283	0.00241	0.00531
15	0.00785	0.00752	0.00678	0.00722	0.00795	0.17008	0.00503	0.00874	0.00937	0.01131	0.04105	0.55213	0.04058	0.05801	0.04273	0.00204	0.00420	0.00984	0.00364	0.00393
16	0.01033	0.01170	0.02545	0.01829	0.02263	0.01097	0.76339	0.01397	0.01047	0.01420	0.00974	0.04879	0.00780	0.00423	0.00530	0.00152	0.00732	0.00561	0.00235	0.00593
17	0.01113	0.00961	0.01011	0.00910	0.01163	0.01113	0.00708	0.02377	0.80681	0.01871	0.01821	0.01669	0.01365	0.00607	0.00455	0.00152	0.00354	0.00506	0.00455	0.00708
18	0.00544	0.00393	0.00516	0.00614	0.00647	0.00364	0.00411	0.00624	0.00865	0.01145	0.02570	0.79972	0.06906	0.01388	0.00569	0.00180	0.00258	0.01255	0.00415	0.00364
19	0.87439	0.00865	0.00657	0.00588	0.00865	0.01003	0.00484	0.01315	0.00761	0.02007	0.00623	0.00727	0.00484	0.00415	0.00277	0.00138	0.00346	0.00242	0.00277	0.00484
20	0.00897	0.02314	0.81962	0.01275	0.01936	0.01039	0.01653	0.01417	0.00944	0.01417	0.00803	0.00944	0.00567	0.00425	0.00425	0.00142	0.00661	0.00331	0.00189	0.00661
21	0.00897	0.02314	0.81962	0.01275	0.01936	0.01039	0.01653	0.01417	0.00944	0.01417	0.00803	0.00944	0.00567	0.00425	0.00425	0.00142	0.00661	0.00331	0.00189	0.00661
22	0.00639	0.00478	0.00711	0.00711	0.00788	0.00555	0.00550	0.00794	0.00717	0.01033	0.01205	0.01796	0.01135	0.06052	0.79833	0.00709	0.01173	0.00485	0.00241	0.00395
23	0.01230	0.00991	0.01056	0.00921	0.01192	0.01129	0.00725	0.12632	0.66767	0.05543	0.01719	0.01584	0.01274	0.00595	0.00454	0.00149	0.00373	0.00490	0.00459	0.00717
24	0.81969	0.00884	0.00716	0.00670	0.03417	0.01018	0.00524	0.03845	0.00812	0.02016	0.00644	0.00750	0.00500	0.00419	0.00288	0.00138	0.00357	0.00252	0.00281	0.00500
25	0.00628	0.00531	0.00554	0.00543	0.00705	0.00494	0.00416	0.00918	0.12744	0.01332	0.06590	0.03923	0.62980	0.01053	0.00522	0.00154	0.00254	0.04806	0.00424	0.00429
26	0.00579	0.00450	0.00527	0.00520	0.00638	0.00397	0.00385	0.00736	0.01122	0.01480	0.40662	0.10674	0.38116	0.01053	0.00532	0.00149	0.00222	0.00908	0.00452	0.00397
27	0.01009	0.01115	0.02357	0.16179	0.02429	0.01090	0.63780	0.01368	0.01027	0.01379	0.00927	0.01313	0.00718	0.00414	0.00516	0.00152	0.00717	0.02707	0.00227	0.00579
28	0.00904	0.00521	0.00666	0.00606	0.00754	0.00475	0.00456	0.01093	0.02855	0.17814	0.42901	0.10397	0.11242	0.06522	0.00632	0.00165	0.00269	0.00776	0.00474	0.00477
29	0.09331	0.49676	0.01821	0.00854	0.01184	0.18944	0.00761	0.05139	0.06345	0.01286	0.00738	0.00817	0.00628	0.00425	0.00330	0.00109	0.00529	0.00275	0.00237	0.00571
30	0.07921	0.07101	0.07521	0.03050	0.07456	0.06233	0.04885	0.21127	0.03897	0.04012	0.01219	0.16620	0.01135	0.01903	0.00513	0.00149	0.03794	0.00543	0.00332	0.00590
31	0.03279	0.10595	0.07382	0.05517	0.07610	0.09272	0.06215	0.13112	0.18332	0.07807	0.02161	0.01301	0.01822	0.00518	0.00447	0.00137	0.01771	0.01746	0.00334	0.00643

[dist]
# distance from previous block
# <min> <max>
0	1

[block]
# block no. 2 follows, 58 sequences, length 36
# corresponding to MSA columns:
# 105-136,139-142
name=unknown_C
#
# <colnr> <probs for GDERKNQSTAVLIFYWHMCP>
#	G	D	E	R	K	N	Q	S	T	A	V	L	I	F	Y	W	H	M	C	P
0	0.02436	0.03770	0.01451	0.26917	0.16849	0.10583	0.06016	0.04799	0.01018	0.02985	0.02762	0.03242	0.02411	0.00573	0.01617	0.00153	0.10077	0.01539	0.00247	0.00555
1	0.02927	0.01185	0.06311	0.06704	0.28133	0.08048	0.07815	0.07761	0.06286	0.07371	0.00979	0.01216	0.00779	0.00506	0.00567	0.00145	0.10177	0.02170	0.00279	0.00639
2	0.00568	0.00432	0.00524	0.00550	0.00641	0.00387	0.00394	0.00701	0.01041	0.01374	0.28657	0.32645	0.28148	0.01159	0.00544	0.00159	0.00233	0.01018	0.00440	0.00387
3	0.00928	0.00795	0.00928	0.00663	0.01060	0.00596	0.00530	0.01126	0.00928	0.01458	0.00795	0.00928	0.00663	0.00331	0.00331	0.00066	0.00331	0.00265	0.00265	0.87014
4	0.04603	0.04186	0.01335	0.04233	0.02870	0.04738	0.03441	0.47969	0.16376	0.03972	0.01157	0.01166	0.00845	0.00526	0.00438	0.00137	0.00485	0.00410	0.00405	0.00708
5	0.00840	0.00739	0.01133	0.14581	0.27159	0.00774	0.00881	0.01079	0.04937	0.01265	0.01456	0.19315	0.04724	0.07831	0.06520	0.00213	0.01909	0.00636	0.00286	0.03722
6	0.00909	0.00641	0.00803	0.00797	0.03156	0.00684	0.00579	0.08595	0.11298	0.06770	0.01702	0.20435	0.01724	0.16130	0.11576	0.01768	0.03231	0.08357	0.00367	0.00477
7	0.01133	0.00791	0.00975	0.07304	0.02168	0.06017	0.03520	0.09340	0.05614	0.16966	0.13108	0.19805	0.01912	0.00833	0.00542	0.01945	0.01880	0.05192	0.00412	0.00543
8	0.00944	0.00968	0.03259	0.46448	0.02594	0.01051	0.26346	0.04064	0.00974	0.01290	0.00851	0.01234	0.00661	0.03128	0.00576	0.00160	0.04252	0.00446	0.00219	0.00536
9	0.00724	0.00506	0.00615	0.00632	0.00732	0.00490	0.00453	0.02792	0.08193	0.05691	0.11884	0.40310	0.14314	0.07361	0.00669	0.00186	0.00287	0.03307	0.00425	0.00429
10	0.03852	0.00507	0.00617	0.00645	0.00742	0.00495	0.00466	0.05645	0.03080	0.05177	0.08703	0.52200	0.08326	0.01160	0.00531	0.00167	0.00282	0.03782	0.03193	0.00429
11	0.01432	0.00781	0.00974	0.00830	0.01071	0.00784	0.00677	0.21381	0.03954	0.29554	0.01588	0.03818	0.01317	0.00850	0.00672	0.12566	0.00413	0.16297	0.00440	0.00599
12	0.00737	0.00503	0.00588	0.00565	0.00710	0.00454	0.00424	0.03905	0.01093	0.08847	0.17629	0.17321	0.40628	0.01136	0.03236	0.00171	0.00286	0.00893	0.00438	0.00434
13	0.00613	0.00474	0.00556	0.00587	0.00690	0.00441	0.00428	0.03116	0.03964	0.01320	0.10994	0.36028	0.32556	0.01187	0.00545	0.00165	0.00261	0.05248	0.00425	0.00402
14	0.00710	0.00434	0.00568	0.00622	0.00678	0.00403	0.00421	0.00787	0.00872	0.09421	0.02250	0.64465	0.02587	0.12580	0.00790	0.00211	0.00296	0.01102	0.00410	0.00392
15	0.01073	0.07028	0.36737	0.01196	0.04531	0.02571	0.05230	0.16199	0.01126	0.01578	0.00886	0.01106	0.00699	0.02953	0.08676	0.00206	0.06958	0.00378	0.00250	0.00621
16	0.00959	0.00583	0.00635	0.00583	0.00722	0.03464	0.00436	0.04185	0.03407	0.11399	0.13569	0.04338	0.06912	0.11519	0.04986	0.00197	0.00350	0.00567	0.30727	0.00462
17	0.30404	0.00653	0.03027	0.00573	0.00720	0.00655	0.00429	0.01017	0.00786	0.05631	0.04160	0.06626	0.01306	0.33324	0.02844	0.00266	0.00390	0.00513	0.06272	0.00405
18	0.87439	0.00865	0.00657	0.00588	0.00865	0.01003	0.00484	0.01315	0.00761	0.02007	0.00623	0.00727	0.00484	0.00415	0.00277	0.00138	0.00346	0.00242	0.00277	0.00484
19	0.01014	0.11712	0.57646	0.01149	0.01696	0.04026	0.01378	0.05973	0.01028	0.03213	0.00925	0.03586	0.00741	0.00492	0.00422	0.00139	0.00607	0.03388	0.00229	0.00635
20	0.03355	0.01039	0.05538	0.09692	0.06177	0.09662	0.05307	0.08929	0.01974	0.06734	0.01336	0.08980	0.07084	0.03732	0.00612	0.01403	0.06998	0.00506	0.00304	0.10639
21	0.03390	0.00472	0.00564	0.00602	0.00687	0.00453	0.00435	0.00799	0.03535	0.03011	0.06844	0.32122	0.18620	0.14852	0.00831	0.00215	0.00308	0.11481	0.00395	0.00385
22	0.00752	0.00535	0.00639	0.00648	0.00753	0.00541	0.00464	0.01065	0.15579	0.05406	0.07169	0.35592	0.10901	0.09861	0.05319	0.00222	0.00346	0.00891	0.02870	0.00446
23	0.00816	0.08218	0.08162	0.13405	0.03903	0.03688	0.04835	0.01007	0.00943	0.03617	0.01953	0.29634	0.13038	0.00885	0.00506	0.00155	0.01556	0.02883	0.00321	0.00475
24	0.02056	0.06795	0.01312	0.30529	0.18664	0.04184	0.00988	0.03814	0.01943	0.01287	0.05467	0.08746	0.01077	0.00732	0.03586	0.05554	0.02006	0.00486	0.00254	0.00520
25	0.00731	0.00464	0.00575	0.00603	0.00689	0.00434	0.00422	0.00868	0.03712	0.08879	0.06308	0.45616	0.13288	0.10199	0.00723	0.00195	0.00286	0.01825	0.03771	0.00411
26	0.00575	0.00418	0.00526	0.00604	0.00661	0.00391	0.00420	0.00695	0.02483	0.01208	0.04227	0.62093	0.14479	0.01295	0.00554	0.00174	0.00261	0.04788	0.03771	0.00378
27	0.05892	0.06141	0.10577	0.09114	0.23196	0.07841	0.12739	0.06461	0.02870	0.03575	0.00953	0.05687	0.00799	0.00487	0.00455	0.00139	0.01764	0.00436	0.00257	0.00615
28	0.01135	0.01117	0.04620	0.14422	0.22039	0.08733	0.04755	0.10756	0.01089	0.03736	0.02075	0.01206	0.01906	0.00734	0.06797	0.00190	0.13427	0.00412	0.00258	0.00592
29	0.00734	0.00486	0.00614	0.00636	0.00719	0.00472	0.00455	0.06008	0.00996	0.04986	0.11275	0.44818	0.06004	0.06142	0.03357	0.03329	0.00323	0.04012	0.04227	0.00409
30	0.06803	0.04066	0.40333	0.09315	0.07039	0.01037	0.13572	0.04155	0.00990	0.01459	0.00999	0.03735	0.03583	0.00476	0.00439	0.00143	0.00600	0.00418	0.00228	0.00609
31	0.01072	0.02768	0.08299	0.06893	0.28547	0.02246	0.03954	0.05419	0.08349	0.06937	0.04413	0.06648	0.03180	0.00705	0.04292	0.00171	0.03741	0.01444	0.00303	0.00619
32	0.03843	0.02920	0.04680	0.07863	0.14769	0.04323	0.06815	0.09732	0.01873	0.01426	0.01103	0.01545	0.02344	0.05523	0.20609	0.00298	0.03818	0.03245	0.02735	0.00538
33	0.00590	0.00467	0.00534	0.00527	0.00652	0.00419	0.00391	0.00777	0.03949	0.01443	0.32752	0.11749	0.42021	0.01059	0.00530	0.00150	0.00229	0.00911	0.00445	0.00405
34	0.01250	0.06819	0.13289	0.04083	0.17830	0.20525	0.06446	0.07261	0.03034	0.04946	0.03831	0.03463	0.00866	0.00501	0.00476	0.00134	0.03965	0.00405	0.00268	0.00611
35	0.02321	0.04307	0.09040	0.12924	0.12567	0.10456	0.07653	0.02956	0.02488	0.03567	0.00962	0.08181	0.00871	0.02781	0.00696	0.00159	0.16805	0.00465	0.00248	0.00554

[dist]
# distance from previous block
# <min> <max>
0	3

[block]
# block no. 3 follows, 58 sequences, length 37
# corresponding to MSA columns:
# 148-184
name=unknown_D
#
# <colnr> <probs for GDERKNQSTAVLIFYWHMCP>
#	G	D	E	R	K	N	Q	S	T	A	V	L	I	F	Y	W	H	M	C	P
0	0.02718	0.10384	0.01454	0.02781	0.01380	0.29577	0.07976	0.15253	0.02613	0.02835	0.02491	0.04729	0.00828	0.00573	0.01382	0.00139	0.09358	0.00400	0.00284	0.02846
1	0.04589	0.05974	0.13690	0.04757	0.07798	0.06639	0.00922	0.16066	0.05914	0.06333	0.02913	0.01126	0.00819	0.00579	0.03602	0.00146	0.02173	0.00366	0.00306	0.15286
2	0.01195	0.15222	0.28503	0.01211	0.04069	0.08055	0.09323	0.16186	0.06080	0.01611	0.00891	0.01011	0.00680	0.00503	0.01790	0.00142	0.02257	0.00363	0.00263	0.00644
3	0.00614	0.00429	0.00527	0.00582	0.00659	0.00387	0.00407	0.00707	0.00918	0.04776	0.02980	0.52677	0.25091	0.04386	0.00619	0.00181	0.00266	0.02996	0.00416	0.00383
4	0.00953	0.00863	0.01080	0.17529	0.06270	0.04574	0.02908	0.01572	0.32255	0.01500	0.08464	0.10583	0.01539	0.03807	0.00573	0.00163	0.03002	0.01442	0.00357	0.00566
5	0.00979	0.04586	0.07680	0.00815	0.01188	0.02887	0.04238	0.05225	0.05045	0.01500	0.02974	0.04233	0.02985	0.00454	0.00398	0.00097	0.01773	0.00372	0.00286	0.52286
6	0.02559	0.08747	0.42600	0.02330	0.06543	0.02460	0.08101	0.05638	0.03476	0.06623	0.00963	0.04130	0.00746	0.00470	0.00428	0.00137	0.00582	0.00393	0.00252	0.02823
7	0.01819	0.00770	0.01044	0.00810	0.01137	0.00688	0.02632	0.04955	0.03754	0.67343	0.04979	0.01707	0.05049	0.00592	0.00459	0.00140	0.00379	0.00490	0.00529	0.00724
8	0.01030	0.00960	0.01714	0.09423	0.42023	0.00953	0.17814	0.01307	0.01041	0.03956	0.07996	0.01465	0.03465	0.00476	0.00466	0.00138	0.00528	0.00480	0.04145	0.00621
9	0.05029	0.08958	0.04930	0.07393	0.03682	0.14821	0.03433	0.09909	0.12869	0.08438	0.03301	0.01590	0.08224	0.01662	0.00456	0.00139	0.00498	0.02553	0.00337	0.01779
10	0.02835	0.00822	0.03311	0.03602	0.16840	0.00795	0.12850	0.04589	0.06924	0.02505	0.10528	0.08136	0.02798	0.19466	0.00885	0.00210	0.00462	0.00601	0.01323	0.00517
11	0.00566	0.00418	0.00501	0.00550	0.00609	0.00384	0.00370	0.00647	0.00886	0.01149	0.07728	0.43374	0.22992	0.16665	0.00874	0.00218	0.00280	0.01043	0.00393	0.00354
12	0.00954	0.02557	0.00930	0.00933	0.06005	0.16775	0.03078	0.04616	0.03103	0.03180	0.03228	0.39441	0.05838	0.00957	0.00522	0.00155	0.02272	0.02103	0.02883	0.00470
13	0.02505	0.00936	0.03353	0.08716	0.19589	0.03441	0.03874	0.12043	0.06446	0.05884	0.09651	0.04433	0.07832	0.02053	0.04212	0.00174	0.03407	0.00529	0.00335	0.00588
14	0.00799	0.00547	0.00626	0.00613	0.00723	0.02046	0.00447	0.04809	0.04154	0.06121	0.08993	0.18359	0.15916	0.16296	0.03875	0.02407	0.00357	0.05300	0.07192	0.00418
15	0.00680	0.00474	0.00567	0.00592	0.00694	0.00441	0.00425	0.01965	0.04558	0.05516	0.09172	0.40512	0.24702	0.03185	0.00577	0.00170	0.00265	0.02140	0.02952	0.00414
16	0.03619	0.09306	0.03429	0.05959	0.16161	0.07348	0.03356	0.16016	0.11293	0.03657	0.01137	0.08432	0.00981	0.01588	0.01669	0.00150	0.03020	0.00466	0.00317	0.02096
17	0.03709	0.00726	0.00931	0.08887	0.10024	0.01735	0.00683	0.02627	0.15130	0.09959	0.07799	0.07769	0.05734	0.14232	0.03173	0.00210	0.01901	0.01705	0.02539	0.00526
18	0.00642	0.00466	0.00590	0.00646	0.00713	0.00452	0.00468	0.03201	0.02760	0.01284	0.10199	0.44783	0.07663	0.09877	0.00743	0.00204	0.00306	0.14207	0.00409	0.00389
19	0.03752	0.01128	0.07000	0.24917	0.27871	0.07514	0.05747	0.06770	0.02145	0.01438	0.00872	0.01140	0.00691	0.00577	0.04404	0.00166	0.00607	0.00394	0.02268	0.00599
20	0.04928	0.03956	0.06950	0.01027	0.04844	0.08965	0.03486	0.21700	0.12353	0.08636	0.07225	0.03135	0.03188	0.00593	0.00473	0.00139	0.02894	0.02119	0.02761	0.00630
21	0.00959	0.00794	0.02806	0.00771	0.00955	0.06914	0.03709	0.11777	0.04717	0.06171	0.08441	0.19852	0.16335	0.04028	0.00568	0.00163	0.00378	0.05887	0.04279	0.00494
22	0.00738	0.00556	0.00730	0.00821	0.10028	0.00496	0.00529	0.00887	0.01023	0.05872	0.15958	0.24824	0.25835	0.00977	0.00507	0.00147	0.00286	0.00856	0.00400	0.08532
23	0.01019	0.03033	0.02549	0.00737	0.01119	0.00729	0.01643	0.08214	0.02194	0.02970	0.02964	0.01025	0.00778	0.00383	0.00371	0.00082	0.01638	0.00304	0.00290	0.67958
24	0.00758	0.00666	0.00953	0.00838	0.00983	0.02902	0.12255	0.02930	0.05583	0.01235	0.03771	0.18403	0.14883	0.12821	0.16285	0.00303	0.02928	0.00742	0.00328	0.00435
25	0.00569	0.00435	0.00501	0.00524	0.00615	0.00389	0.00369	0.00670	0.00962	0.01229	0.14591	0.24439	0.38225	0.10974	0.00768	0.01741	0.00262	0.01967	0.00405	0.00365
26	0.00862	0.04871	0.12583	0.03168	0.18653	0.00861	0.11599	0.01171	0.05104	0.01375	0.06621	0.04060	0.22743	0.00720	0.01879	0.00154	0.02126	0.00598	0.00300	0.00553
27	0.03059	0.00827	0.01091	0.17594	0.09651	0.02846	0.00823	0.12534	0.06143	0.13359	0.02803	0.20250	0.01375	0.02384	0.00541	0.00157	0.03009	0.00619	0.00363	0.00572
28	0.03948	0.00507	0.00581	0.00583	0.00698	0.00482	0.00419	0.02716	0.04898	0.05730	0.11086	0.29171	0.26590	0.09670	0.00703	0.00187	0.00282	0.00917	0.00414	0.00417
29	0.01003	0.01019	0.01367	0.01174	0.01182	0.04223	0.00975	0.01101	0.00706	0.01077	0.00591	0.00973	0.00587	0.00772	0.01431	0.00193	0.80554	0.00388	0.00197	0.00490
30	0.00981	0.00933	0.01533	0.28490	0.36338	0.01022	0.05177	0.01339	0.08247	0.01358	0.01056	0.01323	0.03754	0.00552	0.02617	0.00159	0.03838	0.00437	0.00242	0.00605
31	0.29909	0.00903	0.00946	0.00774	0.01072	0.00962	0.00629	0.18517	0.09616	0.25320	0.04033	0.01279	0.00978	0.02634	0.00442	0.00146	0.00386	0.00395	0.00420	0.00640
32	0.00579	0.00414	0.00545	0.00619	0.00670	0.00392	0.00436	0.00662	0.00873	0.01151	0.04590	0.55871	0.12126	0.01483	0.06049	0.05806	0.00335	0.06647	0.00391	0.00362
33	0.00779	0.00510	0.00570	0.00538	0.00581	0.00519	0.00331	0.07371	0.00799	0.03034	0.01392	0.02687	0.01522	0.71854	0.02000	0.00388	0.00428	0.00615	0.03752	0.00330
34	0.00640	0.00477	0.00706	0.00706	0.00781	0.00552	0.00543	0.00790	0.00715	0.01029	0.01210	0.01825	0.01148	0.08029	0.77872	0.00702	0.01154	0.00489	0.00241	0.00392
35	0.00587	0.00437	0.00523	0.00563	0.00654	0.00400	0.00414	0.00686	0.00928	0.01187	0.04883	0.27068	0.36060	0.03273	0.04165	0.05536	0.00311	0.09105	0.02855	0.00366
36	0.04643	0.08934	0.02798	0.06672	0.02656	0.21713	0.02798	0.06044	0.04828	0.01263	0.00973	0.02646	0.00890	0.12813	0.10717	0.00247	0.06839	0.00416	0.01614	0.00497

[dist]
# distance from previous block
# <min> <max>
0	1

[block]
# block no. 4 follows, 58 sequences, length 15
# corresponding to MSA columns:
# 186-200
name=unknown_E
#
# <colnr> <probs for GDERKNQSTAVLIFYWHMCP>
#	G	D	E	R	K	N	Q	S	T	A	V	L	I	F	Y	W	H	M	C	P
0	0.68617	0.00857	0.00729	0.00634	0.00903	0.00971	0.00517	0.08128	0.00900	0.06455	0.00751	0.00856	0.00573	0.00499	0.00384	0.04996	0.00360	0.00279	0.02083	0.00506
1	0.28583	0.04382	0.03532	0.17544	0.07382	0.08486	0.04977	0.08864	0.06226	0.03315	0.00843	0.01001	0.00646	0.00455	0.00405	0.00139	0.02031	0.00346	0.00276	0.00567
2	0.00825	0.00663	0.00949	0.00996	0.11361	0.00684	0.02199	0.01052	0.05277	0.03208	0.01137	0.01626	0.01038	0.11063	0.39355	0.00435	0.03084	0.00453	0.00263	0.14332
3	0.00639	0.00491	0.00698	0.00701	0.00769	0.00559	0.00532	0.00771	0.00752	0.01057	0.01567	0.13792	0.06417	0.07330	0.56411	0.00560	0.05662	0.00627	0.00275	0.00391
4	0.04441	0.04294	0.01713	0.01288	0.01586	0.10329	0.25752	0.20037	0.04774	0.03872	0.00957	0.03448	0.00768	0.00536	0.00626	0.00148	0.14077	0.00446	0.00299	0.00609
5	0.00574	0.00428	0.00500	0.00533	0.00616	0.00385	0.00374	0.00648	0.00912	0.01152	0.06688	0.28870	0.37724	0.09134	0.00802	0.06746	0.00273	0.02901	0.00388	0.00352
6	0.31017	0.01057	0.01064	0.00843	0.01174	0.01158	0.00695	0.42851	0.01523	0.09940	0.00975	0.00992	0.00695	0.00489	0.00385	0.00134	0.00426	0.00347	0.00392	0.03842
7	0.01151	0.01187	0.01694	0.14194	0.55501	0.13100	0.03979	0.01403	0.01039	0.01360	0.00815	0.01079	0.00672	0.00414	0.00441	0.00133	0.00589	0.00387	0.00220	0.00646
8	0.00934	0.00834	0.01294	0.70021	0.02774	0.02470	0.01156	0.03492	0.05782	0.03992	0.00928	0.02782	0.00709	0.00481	0.00449	0.00148	0.00569	0.00421	0.00238	0.00524
9	0.00672	0.00471	0.00561	0.00582	0.00682	0.00440	0.00418	0.00847	0.05403	0.04987	0.11284	0.33973	0.24350	0.07001	0.00655	0.00181	0.00271	0.03237	0.03578	0.00408
10	0.01261	0.00873	0.00974	0.00852	0.01102	0.00955	0.00669	0.07731	0.49292	0.16496	0.01762	0.03825	0.01362	0.04333	0.00538	0.00162	0.00367	0.03360	0.03414	0.00673
11	0.69417	0.03714	0.00793	0.03084	0.02389	0.01007	0.00545	0.04642	0.00848	0.05229	0.00733	0.00892	0.00583	0.04136	0.00388	0.00150	0.00373	0.00283	0.00289	0.00506
12	0.00549	0.00451	0.00485	0.00494	0.00627	0.00387	0.00370	0.00674	0.01034	0.01274	0.12949	0.10797	0.63145	0.01134	0.00535	0.00154	0.00235	0.03899	0.00424	0.00383
13	0.01249	0.28630	0.01772	0.06762	0.15453	0.22940	0.03113	0.01417	0.00995	0.01155	0.00693	0.00891	0.00604	0.00466	0.00526	0.00126	0.12110	0.00320	0.00209	0.00567
14	0.00661	0.00511	0.00761	0.00748	0.00823	0.00611	0.00586	0.00817	0.00717	0.01041	0.01159	0.01707	0.01084	0.03189	0.77278	0.00685	0.06505	0.00474	0.00237	0.00405

[dist]
# distance from previous block
# <min> <max>
1	34

[block]
# block no. 5 follows, 58 sequences, length 7
# corresponding to MSA columns:
# 235-241
name=unknown_F
#
# <colnr> <probs for GDERKNQSTAVLIFYWHMCP>
#	G	D	E	R	K	N	Q	S	T	A	V	L	I	F	Y	W	H	M	C	P
0	0.00783	0.00684	0.01075	0.01349	0.24137	0.00718	0.03275	0.00938	0.00884	0.01233	0.01629	0.38793	0.01805	0.01190	0.08196	0.00218	0.09230	0.03062	0.00314	0.00489
1	0.00831	0.00550	0.00687	0.00627	0.00765	0.00532	0.00477	0.03800	0.03577	0.10500	0.44075	0.08798	0.14718	0.03856	0.00618	0.00158	0.03730	0.00776	0.00459	0.00467
2	0.00772	0.00695	0.01095	0.46001	0.02067	0.00854	0.00951	0.00998	0.00840	0.01115	0.01230	0.01613	0.08190	0.01323	0.22632	0.00307	0.08160	0.00469	0.00230	0.00459
3	0.25954	0.02849	0.04337	0.04059	0.01138	0.02433	0.03459	0.01202	0.00840	0.04309	0.00815	0.01091	0.00697	0.06114	0.05417	0.00180	0.11152	0.00336	0.00259	0.23359
4	0.01000	0.00603	0.00944	0.06432	0.03208	0.00597	0.06535	0.00988	0.00778	0.12041	0.00919	0.01303	0.00784	0.01095	0.01232	0.49986	0.03767	0.00399	0.00253	0.07138
5	0.00856	0.00588	0.00884	0.17353	0.01309	0.00616	0.03473	0.01023	0.00936	0.12222	0.03651	0.30752	0.06630	0.01238	0.10290	0.00231	0.02598	0.04526	0.00359	0.00465
6	0.01154	0.00998	0.01452	0.05127	0.17634	0.05770	0.12960	0.03061	0.02884	0.10606	0.05922	0.01254	0.00949	0.00479	0.00530	0.00128	0.08156	0.00415	0.00294	0.20229

[dist]
# distance from previous block
# <min> <max>
2	4

[block]
# block no. 6 follows, 58 sequences, length 23
# corresponding to MSA columns:
# 248-270
name=unknown_G
#
# <colnr> <probs for GDERKNQSTAVLIFYWHMCP>
#	G	D	E	R	K	N	Q	S	T	A	V	L	I	F	Y	W	H	M	C	P
0	0.00966	0.05746	0.00955	0.05074	0.01062	0.00838	0.00639	0.16861	0.10723	0.03716	0.05573	0.20452	0.09323	0.01181	0.10904	0.00225	0.02326	0.02527	0.00382	0.00527
1	0.08580	0.00765	0.01033	0.00895	0.02472	0.02705	0.08914	0.06732	0.07504	0.08335	0.01086	0.01440	0.00922	0.06382	0.17415	0.17443	0.03726	0.00435	0.00293	0.02924
2	0.43282	0.00900	0.00902	0.00763	0.01012	0.01022	0.00623	0.17121	0.01104	0.10659	0.03974	0.06001	0.00907	0.00572	0.00484	0.00146	0.09222	0.00396	0.00349	0.00561
3	0.00613	0.00429	0.00539	0.00570	0.00597	0.00434	0.00369	0.00669	0.00736	0.00992	0.01781	0.27411	0.04199	0.41930	0.16362	0.00401	0.00514	0.00817	0.00313	0.00326
4	0.01047	0.01024	0.01593	0.30081	0.41301	0.05740	0.03485	0.03148	0.00999	0.01340	0.00825	0.01133	0.00669	0.00506	0.02480	0.00154	0.03250	0.00397	0.00219	0.00609
5	0.00689	0.00450	0.00546	0.00563	0.00658	0.00405	0.00398	0.00787	0.00958	0.07659	0.11228	0.33773	0.26021	0.08202	0.00720	0.02967	0.00272	0.00959	0.02350	0.00394
6	0.00550	0.00396	0.00521	0.00613	0.00648	0.00367	0.00413	0.00637	0.00887	0.01183	0.07266	0.76269	0.05867	0.01363	0.00567	0.00178	0.00255	0.01232	0.00420	0.00367
7	0.74551	0.00874	0.00709	0.00622	0.00889	0.01004	0.00504	0.08326	0.00875	0.02011	0.00710	0.00890	0.00578	0.05456	0.00412	0.00156	0.00364	0.00281	0.00292	0.00496
8	0.03189	0.00595	0.00705	0.00749	0.06587	0.02546	0.00510	0.00953	0.05159	0.03857	0.20789	0.07501	0.27299	0.07058	0.07482	0.00215	0.02124	0.00740	0.01497	0.00444
9	0.00809	0.00535	0.00633	0.00590	0.00750	0.00494	0.00448	0.01064	0.08370	0.11886	0.29020	0.10165	0.31599	0.00961	0.00515	0.00149	0.00256	0.00824	0.00462	0.00471
10	0.01353	0.01066	0.01165	0.00969	0.01267	0.01199	0.02313	0.30624	0.48033	0.04688	0.01529	0.01439	0.01124	0.00575	0.00454	0.00145	0.00413	0.00467	0.00451	0.00727
11	0.03931	0.00480	0.00579	0.00607	0.00688	0.00465	0.00426	0.02907	0.02827	0.03878	0.12224	0.42611	0.10307	0.12814	0.00781	0.00205	0.00295	0.03172	0.00406	0.00397
12	0.00757	0.00497	0.00595	0.00597	0.00711	0.00461	0.00432	0.02640	0.03386	0.09438	0.07308	0.30523	0.25532	0.10925	0.00740	0.00195	0.00294	0.04128	0.00419	0.00422
13	0.00917	0.00927	0.01664	0.02962	0.01565	0.02985	0.33711	0.01158	0.00878	0.01237	0.00943	0.01335	0.00807	0.01370	0.25573	0.00329	0.17304	0.00473	0.03353	0.00508
14	0.00814	0.00503	0.00606	0.00598	0.00715	0.00482	0.00437	0.03514	0.04704	0.09082	0.16260	0.30673	0.10571	0.03034	0.00535	0.00157	0.00266	0.00848	0.15754	0.00449
15	0.02816	0.00543	0.00644	0.00649	0.00757	0.00538	0.00471	0.06510	0.06148	0.05310	0.06835	0.36638	0.12087	0.11910	0.00759	0.00201	0.00316	0.06026	0.00409	0.00433
16	0.00586	0.00424	0.00523	0.00560	0.00618	0.00400	0.00381	0.00682	0.00901	0.01205	0.14834	0.36790	0.15689	0.17599	0.05068	0.00246	0.00328	0.00969	0.01837	0.00360
17	0.01270	0.01032	0.01230	0.07056	0.08770	0.07822	0.04866	0.23560	0.10238	0.07873	0.03458	0.08181	0.02733	0.00694	0.02828	0.00159	0.03612	0.00510	0.03488	0.00620
18	0.03149	0.00567	0.00663	0.00644	0.00774	0.00565	0.00476	0.05833	0.08497	0.08790	0.08284	0.27420	0.09899	0.09629	0.00681	0.00185	0.00310	0.04601	0.08570	0.00463
19	0.10039	0.00558	0.00686	0.01496	0.00793	0.00562	0.02065	0.03185	0.03172	0.07614	0.08957	0.14648	0.14501	0.05933	0.08574	0.14338	0.00411	0.00669	0.01386	0.00414
20	0.02522	0.02805	0.01613	0.07506	0.05789	0.00960	0.28832	0.04850	0.01006	0.05119	0.02389	0.04123	0.08718	0.06297	0.02668	0.00187	0.10322	0.03476	0.00283	0.00534
21	0.02906	0.05022	0.01274	0.04365	0.06541	0.11383	0.02469	0.29446	0.11291	0.09068	0.01182	0.01263	0.01957	0.02828	0.02558	0.00154	0.00516	0.00410	0.02433	0.02935
22	0.02447	0.01687	0.02210	0.03603	0.02678	0.03184	0.02176	0.07545	0.05387	0.05156	0.08478	0.23906	0.09973	0.05926	0.11413	0.00244	0.00470	0.00747	0.02299	0.00472

[dist]
# distance from previous block
# <min> <max>
13	36

[block]
# block no. 7 follows, 58 sequences, length 12
# corresponding to MSA columns:
# 330-341
name=unknown_H
#
# <colnr> <probs for GDERKNQSTAVLIFYWHMCP>
#	G	D	E	R	K	N	Q	S	T	A	V	L	I	F	Y	W	H	M	C	P
0	0.01253	0.04634	0.07569	0.01026	0.04680	0.08517	0.04767	0.28761	0.08419	0.03370	0.05553	0.03753	0.09862	0.00608	0.00449	0.00135	0.00473	0.00495	0.02554	0.03122
1	0.17812	0.03907	0.02397	0.01076	0.09959	0.04245	0.00793	0.23984	0.08893	0.05608	0.02945	0.02494	0.02339	0.00611	0.02036	0.00152	0.06709	0.01718	0.01700	0.00621
2	0.04423	0.03140	0.02837	0.09960	0.25419	0.04149	0.00961	0.07373	0.04430	0.01486	0.05000	0.06651	0.01034	0.00678	0.04079	0.00163	0.08826	0.00456	0.00276	0.08661
3	0.02720	0.01090	0.03172	0.07551	0.26120	0.06794	0.05529	0.17189	0.08718	0.03075	0.03324	0.02776	0.03849	0.00546	0.00455	0.00140	0.00505	0.03403	0.02407	0.00637
4	0.00834	0.00417	0.00417	0.00417	0.00521	0.00417	0.00313	0.01042	0.00938	0.01668	0.01459	0.01668	0.01147	0.00521	0.00313	0.00104	0.00208	0.00417	0.86763	0.00417
5	0.00967	0.00777	0.01217	0.04892	0.01297	0.00743	0.18503	0.07740	0.01184	0.08989	0.22440	0.02334	0.16854	0.00700	0.00522	0.00141	0.02708	0.00632	0.00380	0.06980
6	0.00735	0.00448	0.00603	0.00660	0.00735	0.00416	0.00475	0.00843	0.00943	0.10416	0.06326	0.62358	0.02771	0.01263	0.00560	0.00177	0.00287	0.09133	0.00435	0.00417
7	0.00834	0.00417	0.00417	0.00417	0.00521	0.00417	0.00313	0.01042	0.00938	0.01668	0.01459	0.01668	0.01147	0.00521	0.00313	0.00104	0.00208	0.00417	0.86763	0.00417
8	0.00716	0.00460	0.00603	0.00657	0.00730	0.00437	0.00468	0.00866	0.04231	0.08125	0.06653	0.60112	0.02727	0.04098	0.00616	0.00185	0.00289	0.07184	0.00428	0.00416
9	0.01043	0.13830	0.60985	0.01174	0.01752	0.05284	0.01426	0.04934	0.01016	0.03453	0.00808	0.00926	0.00591	0.00429	0.00406	0.00133	0.00628	0.00322	0.00212	0.00649
10	0.01235	0.06054	0.12427	0.09206	0.07859	0.10789	0.05885	0.03817	0.08970	0.14240	0.02620	0.01300	0.03794	0.00491	0.00428	0.00129	0.00520	0.00407	0.00313	0.09515
11	0.00814	0.02867	0.03913	0.27381	0.03789	0.00716	0.00793	0.01064	0.03802	0.05730	0.07714	0.10750	0.16873	0.00894	0.04127	0.00177	0.00445	0.04877	0.02795	0.00479

[dist]
# distance from previous block
# <min> <max>
0	1

[block]
# block no. 8 follows, 58 sequences, length 21
# corresponding to MSA columns:
# 343-363
name=unknown_I
#
# <colnr> <probs for GDERKNQSTAVLIFYWHMCP>
#	G	D	E	R	K	N	Q	S	T	A	V	L	I	F	Y	W	H	M	C	P
0	0.01347	0.05364	0.04759	0.01155	0.01501	0.25007	0.17922	0.10158	0.01216	0.07983	0.02140	0.01115	0.02432	0.00460	0.00446	0.00122	0.02060	0.00385	0.00289	0.14142
1	0.01054	0.03908	0.01022	0.00830	0.03324	0.03314	0.00635	0.04650	0.29396	0.03073	0.01349	0.04153	0.03010	0.00511	0.00398	0.00112	0.00363	0.00418	0.02773	0.35705
2	0.01237	0.00890	0.00945	0.00804	0.01050	0.00986	0.00638	0.25130	0.32562	0.04503	0.01495	0.01487	0.01116	0.00560	0.00413	0.00133	0.00355	0.00449	0.24603	0.00644
3	0.01190	0.00645	0.00805	0.00700	0.00906	0.00619	0.00545	0.05169	0.10788	0.28176	0.25559	0.12295	0.04917	0.00788	0.00484	0.00145	0.00304	0.00677	0.04712	0.00576
4	0.01013	0.00850	0.00919	0.00854	0.01062	0.00964	0.00651	0.04721	0.61038	0.01750	0.01931	0.19070	0.01682	0.00773	0.00479	0.00157	0.00339	0.00664	0.00446	0.00637
5	0.00874	0.00772	0.01087	0.00845	0.01146	0.00666	0.11031	0.01094	0.02619	0.01397	0.04292	0.10994	0.01221	0.03495	0.00526	0.00121	0.03834	0.04763	0.00296	0.48927
6	0.00834	0.00417	0.00417	0.00417	0.00521	0.00417	0.00313	0.01042	0.00938	0.01668	0.01459	0.01668	0.01147	0.00521	0.00313	0.00104	0.00208	0.00417	0.86763	0.00417
7	0.87439	0.00865	0.00657	0.00588	0.00865	0.01003	0.00484	0.01315	0.00761	0.02007	0.00623	0.00727	0.00484	0.00415	0.00277	0.00138	0.00346	0.00242	0.00277	0.00484
8	0.00979	0.00979	0.01370	0.01174	0.01174	0.01370	0.00979	0.01077	0.00685	0.01077	0.00587	0.00979	0.00587	0.00783	0.01468	0.00196	0.83461	0.00391	0.00196	0.00489
9	0.00568	0.00424	0.00518	0.00567	0.00643	0.00385	0.00401	0.00681	0.00965	0.01266	0.14625	0.43082	0.24929	0.03542	0.00598	0.00174	0.00253	0.04081	0.01924	0.00376
10	0.00650	0.00436	0.00501	0.00501	0.00505	0.00441	0.00287	0.00659	0.00654	0.00877	0.01398	0.02863	0.01598	0.79829	0.06689	0.00449	0.00476	0.00641	0.00269	0.00278
11	0.00834	0.00417	0.00417	0.00417	0.00521	0.00417	0.00313	0.01042	0.00938	0.01668	0.01459	0.01668	0.01147	0.00521	0.00313	0.00104	0.00208	0.00417	0.86763	0.00417
12	0.00760	0.00419	0.00616	0.00629	0.00643	0.00428	0.00445	0.00639	0.00656	0.00875	0.01072	0.07501	0.01130	0.01486	0.01529	0.68617	0.02636	0.09446	0.00235	0.00239
13	0.02733	0.02615	0.03330	0.02231	0.01430	0.23466	0.12427	0.20991	0.09494	0.02898	0.02417	0.01274	0.02248	0.04407	0.03429	0.00169	0.03102	0.00424	0.00319	0.00597
14	0.00834	0.00417	0.00417	0.00417	0.00521	0.00417	0.00313	0.01042	0.00938	0.01668	0.01459	0.01668	0.01147	0.00521	0.00313	0.00104	0.00208	0.00417	0.86763	0.00417
15	0.00637	0.00464	0.00506	0.00518	0.00636	0.00424	0.00379	0.04002	0.01017	0.01355	0.05857	0.24206	0.41618	0.01066	0.00499	0.00150	0.00242	0.00912	0.15114	0.00398
16	0.02159	0.00680	0.00859	0.00786	0.00919	0.00760	0.00612	0.09851	0.06647	0.10075	0.01598	0.17775	0.04075	0.04998	0.19272	0.00299	0.11813	0.01975	0.04345	0.00501
17	0.20450	0.30453	0.30165	0.00930	0.01377	0.01310	0.01027	0.05186	0.00941	0.01482	0.00707	0.00824	0.00561	0.00422	0.00371	0.00126	0.02569	0.00284	0.00222	0.00592
18	0.02858	0.00569	0.00741	0.00667	0.00773	0.00571	0.00485	0.11590	0.00898	0.08495	0.02927	0.04409	0.00958	0.01229	0.01290	0.56510	0.00390	0.00431	0.00281	0.03927
19	0.00633	0.00416	0.00555	0.00627	0.00678	0.00385	0.00429	0.00728	0.00916	0.05636	0.09461	0.72253	0.02969	0.01311	0.00560	0.00176	0.00262	0.01185	0.00430	0.00390
20	0.01108	0.09997	0.20220	0.14492	0.09370	0.10280	0.18690	0.03567	0.01041	0.03740	0.00873	0.03037	0.00690	0.00446	0.00441	0.00137	0.00634	0.00405	0.00230	0.00600

[dist]
# distance from previous block
# <min> <max>
0	3

[block]
# block no. 9 follows, 58 sequences, length 19
# corresponding to MSA columns:
# 368-386
name=unknown_J
#
# <colnr> <probs for GDERKNQSTAVLIFYWHMCP>
#	G	D	E	R	K	N	Q	S	T	A	V	L	I	F	Y	W	H	M	C	P
0	0.01096	0.03152	0.11334	0.06913	0.11018	0.03197	0.22216	0.10369	0.06125	0.04551	0.03571	0.04220	0.02411	0.03187	0.00525	0.00152	0.00556	0.01526	0.03276	0.00606
1	0.00834	0.00417	0.00417	0.00417	0.00521	0.00417	0.00313	0.01042	0.00938	0.01668	0.01459	0.01668	0.01147	0.00521	0.00313	0.00104	0.00208	0.00417	0.86763	0.00417
2	0.01039	0.00792	0.00939	0.00676	0.01069	0.00603	0.00543	0.01235	0.00964	0.09734	0.00895	0.00989	0.00708	0.00354	0.00343	0.00074	0.00336	0.00284	0.00295	0.78129
3	0.00577	0.00427	0.00543	0.00593	0.00661	0.00399	0.00422	0.00694	0.00953	0.01267	0.17235	0.43033	0.16731	0.04658	0.05409	0.00211	0.00314	0.05080	0.00413	0.00378
4	0.00834	0.00417	0.00417	0.00417	0.00521	0.00417	0.00313	0.01042	0.00938	0.01668	0.01459	0.01668	0.01147	0.00521	0.00313	0.00104	0.00208	0.00417	0.86763	0.00417
5	0.00857	0.00808	0.01364	0.79358	0.06829	0.00997	0.01249	0.01154	0.00900	0.01158	0.00797	0.01189	0.00602	0.00445	0.00447	0.00148	0.00593	0.00398	0.00200	0.00507
6	0.00991	0.09873	0.52667	0.01233	0.04270	0.01124	0.05340	0.04113	0.11695	0.01498	0.02471	0.01088	0.00761	0.00455	0.00424	0.00139	0.00589	0.00369	0.00242	0.00656
7	0.01052	0.05391	0.04271	0.03950	0.04047	0.00955	0.02010	0.12962	0.07912	0.04103	0.02411	0.01438	0.05838	0.03537	0.08532	0.00195	0.11190	0.00427	0.00308	0.19473
8	0.00656	0.00464	0.00581	0.00582	0.00671	0.00437	0.00421	0.00828	0.03083	0.03147	0.38965	0.17781	0.11024	0.13460	0.00799	0.00197	0.00274	0.05797	0.00433	0.00398
9	0.01055	0.01084	0.06667	0.02739	0.12595	0.07189	0.10817	0.05270	0.19188	0.02508	0.06170	0.06689	0.03110	0.00613	0.00490	0.00143	0.02238	0.04358	0.00333	0.06747
10	0.01092	0.00910	0.01256	0.04101	0.23128	0.00824	0.02703	0.09019	0.01090	0.05415	0.01005	0.01145	0.03320	0.00412	0.00394	0.00102	0.00420	0.00357	0.00287	0.43023
11	0.01600	0.03377	0.01332	0.06462	0.01483	0.22837	0.00872	0.48990	0.05089	0.02171	0.00975	0.01028	0.00722	0.00510	0.00432	0.00130	0.00576	0.00373	0.00368	0.00673
12	0.01009	0.00949	0.01333	0.53231	0.02457	0.07100	0.05430	0.08353	0.07035	0.01381	0.00987	0.01390	0.00781	0.00505	0.00455	0.00147	0.00576	0.04258	0.02087	0.00538
13	0.00582	0.00449	0.00532	0.00523	0.00640	0.00399	0.00388	0.00741	0.01128	0.01495	0.42730	0.10993	0.35689	0.01048	0.00532	0.00149	0.00222	0.00906	0.00454	0.00399
14	0.00588	0.00456	0.00539	0.00521	0.00645	0.00408	0.00391	0.00755	0.01141	0.01514	0.45275	0.03704	0.37490	0.01093	0.03354	0.00165	0.00252	0.00856	0.00450	0.00402
15	0.00822	0.00704	0.00970	0.04715	0.01082	0.00692	0.05787	0.00976	0.00833	0.01230	0.01123	0.11330	0.01126	0.13450	0.08581	0.00225	0.11370	0.00508	0.02467	0.32010
