[name]
unknown

[dist]
# distance from previous block
# <min> <max>
7	68

[block]
# block no. 0 follows, 51 sequences, length 11
# corresponding to MSA columns:
# 197-207
name=unknown_A
#
# <colnr> <probs for GDERKNQSTAVLIFYWHMCP>
#	G	D	E	R	K	N	Q	S	T	A	V	L	I	F	Y	W	H	M	C	P
0	0.01267	0.50456	0.23920	0.01036	0.01525	0.06615	0.01118	0.03646	0.03921	0.01356	0.00805	0.00912	0.00666	0.00452	0.00377	0.00124	0.00599	0.00310	0.00230	0.00664
1	0.00775	0.00687	0.01126	0.03142	0.09217	0.00666	0.12625	0.00953	0.01026	0.01368	0.04349	0.41781	0.12996	0.01189	0.02061	0.00194	0.02531	0.02434	0.00388	0.00492
2	0.00648	0.00453	0.00556	0.00614	0.00639	0.00433	0.00389	0.00705	0.00869	0.01156	0.04630	0.44685	0.05740	0.34581	0.01387	0.00310	0.00360	0.01089	0.00394	0.00360
3	0.00997	0.00952	0.01638	0.62203	0.19060	0.01113	0.04450	0.01320	0.01018	0.01340	0.00889	0.01291	0.00684	0.00477	0.00494	0.00160	0.00647	0.00443	0.00225	0.00598
4	0.01135	0.04434	0.01469	0.08085	0.27631	0.02549	0.02673	0.04541	0.24732	0.01685	0.01549	0.11262	0.02836	0.00741	0.02350	0.00174	0.00511	0.00597	0.00358	0.00689
5	0.00857	0.00479	0.00711	0.00696	0.00703	0.00515	0.00486	0.00696	0.00660	0.00898	0.00875	0.01499	0.00868	0.01803	0.08029	0.73243	0.06076	0.00435	0.00217	0.00253
6	0.00928	0.00873	0.01474	0.81548	0.03385	0.01092	0.01365	0.01256	0.00983	0.01256	0.00873	0.01310	0.00655	0.00491	0.00491	0.00164	0.00655	0.00437	0.00218	0.00546
7	0.01057	0.19950	0.63397	0.01280	0.01940	0.01315	0.01605	0.01538	0.01029	0.01470	0.00839	0.00984	0.00624	0.00457	0.00434	0.00145	0.00683	0.00341	0.00208	0.00706
8	0.01401	0.31405	0.16607	0.01099	0.01495	0.29043	0.01044	0.01704	0.06261	0.01311	0.00909	0.03966	0.00784	0.00517	0.00412	0.00130	0.00671	0.00362	0.00253	0.00629
9	0.04984	0.02020	0.01371	0.01201	0.01487	0.56925	0.00922	0.18097	0.05500	0.01685	0.00909	0.00993	0.00716	0.00530	0.00451	0.00134	0.00769	0.00353	0.00318	0.00635
10	0.06646	0.09885	0.46933	0.01163	0.01709	0.01088	0.04520	0.01482	0.01084	0.06485	0.07887	0.01526	0.06406	0.00567	0.00465	0.00151	0.00594	0.00455	0.00286	0.00665

[dist]
# distance from previous block
# <min> <max>
0	4

[block]
# block no. 1 follows, 51 sequences, length 214
# corresponding to MSA columns:
# 212-219,222-233,235-254,256-267,269-430
name=unknown_B
#
# <colnr> <probs for GDERKNQSTAVLIFYWHMCP>
#	G	D	E	R	K	N	Q	S	T	A	V	L	I	F	Y	W	H	M	C	P
0	0.01199	0.44536	0.34553	0.01135	0.03488	0.01577	0.01263	0.04625	0.01071	0.01411	0.00791	0.00917	0.00639	0.00447	0.00389	0.00129	0.00610	0.00316	0.00221	0.00682
1	0.00680	0.00498	0.00638	0.00611	0.00727	0.00456	0.00455	0.00894	0.01342	0.01873	0.68480	0.08237	0.11162	0.01056	0.00582	0.00158	0.00236	0.00931	0.00529	0.00456
2	0.00665	0.00497	0.00619	0.00609	0.00728	0.00451	0.00456	0.00859	0.01278	0.01740	0.52478	0.11298	0.21239	0.01122	0.00588	0.00164	0.00249	0.04004	0.00511	0.00446
3	0.01161	0.24030	0.17934	0.01336	0.01765	0.03989	0.22111	0.02675	0.01050	0.02701	0.00908	0.01159	0.00742	0.00835	0.09575	0.00219	0.06516	0.00420	0.00239	0.00635
4	0.00612	0.00473	0.00569	0.00625	0.00702	0.00440	0.00435	0.00710	0.00985	0.01259	0.03384	0.46005	0.30655	0.06070	0.02639	0.00217	0.02193	0.01185	0.00437	0.00403
5	0.00842	0.00433	0.00642	0.00642	0.00646	0.00436	0.00429	0.00653	0.00649	0.00869	0.00901	0.01583	0.00908	0.05147	0.05156	0.78711	0.00465	0.00443	0.00219	0.00226
6	0.01050	0.15142	0.48520	0.01337	0.07357	0.03710	0.01441	0.01462	0.01055	0.01477	0.04935	0.03531	0.02781	0.00549	0.00499	0.00150	0.03665	0.00425	0.00242	0.00673
7	0.01682	0.05625	0.03719	0.05217	0.01469	0.16780	0.00885	0.15874	0.09405	0.24076	0.01369	0.03217	0.01012	0.00728	0.03843	0.00176	0.03333	0.00457	0.00422	0.00712
8	0.03396	0.00783	0.02768	0.00896	0.07002	0.00750	0.00650	0.13220	0.04935	0.03907	0.33234	0.02951	0.18304	0.00873	0.00533	0.00154	0.00339	0.00741	0.03999	0.00568
9	0.00606	0.00438	0.00573	0.00668	0.00712	0.00405	0.00452	0.00705	0.00988	0.01318	0.09141	0.71470	0.07749	0.01479	0.00621	0.00194	0.00279	0.01335	0.00463	0.00405
10	0.04620	0.02691	0.19924	0.05083	0.09471	0.02788	0.04030	0.07402	0.01201	0.08633	0.04122	0.02277	0.03434	0.00744	0.00556	0.02589	0.00545	0.15944	0.03316	0.00629
11	0.06160	0.16015	0.09446	0.02089	0.05988	0.02115	0.02282	0.16323	0.02865	0.05802	0.01206	0.06484	0.02766	0.00756	0.04316	0.00176	0.06652	0.00467	0.02429	0.05663
12	0.01329	0.01395	0.01839	0.04205	0.58629	0.17311	0.01372	0.01580	0.01155	0.01497	0.00877	0.01145	0.00740	0.00472	0.00530	0.00146	0.04400	0.00413	0.00243	0.00720
13	0.00744	0.00652	0.03497	0.00765	0.00955	0.00547	0.07849	0.00945	0.01188	0.03924	0.25401	0.12604	0.33059	0.01090	0.00584	0.00169	0.00335	0.04757	0.00457	0.00476
14	0.04068	0.17764	0.06620	0.01309	0.07903	0.11654	0.05642	0.04209	0.05484	0.01414	0.00932	0.01163	0.02012	0.00772	0.05280	0.00194	0.22301	0.00405	0.00259	0.00616
15	0.02235	0.01294	0.02028	0.04271	0.51189	0.08177	0.14194	0.04873	0.01183	0.01614	0.00919	0.01197	0.00753	0.00463	0.00536	0.00151	0.03494	0.00449	0.00255	0.00727
16	0.00673	0.00502	0.00635	0.00722	0.00780	0.00497	0.00494	0.00914	0.10211	0.01350	0.02624	0.72812	0.03042	0.01436	0.00612	0.00196	0.00297	0.01297	0.00461	0.00444
17	0.84199	0.02886	0.00766	0.00651	0.00958	0.01122	0.00539	0.01445	0.00840	0.02180	0.00684	0.00798	0.00535	0.00455	0.00304	0.00151	0.00384	0.00266	0.00302	0.00535
18	0.01636	0.20371	0.01707	0.03203	0.07755	0.50288	0.00976	0.04511	0.02865	0.01310	0.00798	0.00930	0.00669	0.00487	0.00422	0.00126	0.00753	0.00326	0.00255	0.00613
19	0.01019	0.10707	0.72310	0.01344	0.02039	0.01223	0.01717	0.01548	0.01034	0.01516	0.00862	0.01012	0.00623	0.00462	0.00452	0.00151	0.00706	0.00353	0.00208	0.00717
20	0.01081	0.01054	0.02844	0.34287	0.43688	0.01122	0.03454	0.01391	0.01054	0.01450	0.00917	0.01276	0.00740	0.00557	0.02921	0.00173	0.00643	0.00443	0.00234	0.00671
21	0.00864	0.00724	0.01033	0.00942	0.01018	0.02126	0.04323	0.01000	0.00827	0.03028	0.01308	0.09939	0.01327	0.13388	0.34695	0.00485	0.21615	0.00614	0.00282	0.00463
22	0.00648	0.00486	0.00643	0.00704	0.00775	0.00454	0.02207	0.02627	0.01023	0.01347	0.05645	0.63878	0.13285	0.01429	0.00616	0.00192	0.00300	0.02864	0.00455	0.00421
23	0.00656	0.00501	0.00602	0.00577	0.00710	0.00447	0.00432	0.00851	0.01297	0.01748	0.53654	0.04037	0.30526	0.01088	0.00580	0.00159	0.00238	0.00940	0.00512	0.00447
24	0.00605	0.00435	0.00577	0.00679	0.00716	0.00407	0.00458	0.00700	0.00963	0.01288	0.06394	0.75209	0.04989	0.01552	0.02308	0.00209	0.00303	0.01346	0.00456	0.00403
25	0.00986	0.02542	0.80183	0.01401	0.02127	0.01141	0.01816	0.01556	0.01038	0.01556	0.00882	0.01038	0.00623	0.00467	0.00467	0.00156	0.00726	0.00363	0.00208	0.00726
26	0.01160	0.01326	0.02900	0.02071	0.02568	0.01243	0.77879	0.01574	0.01160	0.01574	0.00994	0.01326	0.00746	0.00414	0.00580	0.00166	0.00829	0.00580	0.00249	0.00663
27	0.00704	0.00515	0.00662	0.00623	0.00744	0.00479	0.00468	0.00958	0.03124	0.01952	0.75329	0.03663	0.06912	0.01005	0.00578	0.00155	0.00236	0.00886	0.00537	0.00469
28	0.00895	0.00550	0.00576	0.00559	0.00695	0.00550	0.00420	0.05804	0.04269	0.01729	0.02275	0.05878	0.15433	0.06626	0.00579	0.00161	0.00286	0.03268	0.48973	0.00473
29	0.00637	0.00498	0.00575	0.00575	0.00703	0.00443	0.00422	0.00812	0.02292	0.01560	0.32023	0.14636	0.39421	0.02427	0.00615	0.00171	0.00253	0.01019	0.00486	0.00434
30	0.06324	0.00842	0.01120	0.00863	0.01240	0.00741	0.00713	0.02348	0.01379	0.76189	0.01877	0.01630	0.01183	0.00601	0.00485	0.00152	0.00416	0.00483	0.00593	0.00821
31	0.02198	0.00847	0.01147	0.00879	0.01260	0.00738	0.00726	0.03896	0.01424	0.78477	0.01924	0.01663	0.01209	0.00608	0.00494	0.00152	0.00421	0.00493	0.00606	0.00836
32	0.00721	0.00461	0.00594	0.00663	0.00718	0.00430	0.00447	0.00810	0.00952	0.05960	0.02555	0.62710	0.05268	0.10755	0.00821	0.00224	0.00312	0.01214	0.03969	0.00417
33	0.01314	0.83025	0.02575	0.00841	0.01261	0.01945	0.00841	0.01472	0.00999	0.01156	0.00683	0.00788	0.00631	0.00420	0.00315	0.00105	0.00526	0.00263	0.00210	0.00631
34	0.00976	0.00567	0.00583	0.00557	0.00702	0.00593	0.00424	0.03356	0.11969	0.01901	0.04268	0.01877	0.01396	0.00601	0.00377	0.00124	0.00260	0.00486	0.68470	0.00513
35	0.06234	0.02193	0.01141	0.01004	0.01190	0.26575	0.00783	0.06638	0.01144	0.07738	0.01070	0.01389	0.00913	0.05300	0.19126	0.00312	0.11758	0.00426	0.04512	0.00555
36	0.00962	0.00962	0.03470	0.64298	0.03083	0.01098	0.10325	0.02632	0.01026	0.01332	0.01013	0.01406	0.02909	0.00557	0.01702	0.00174	0.01784	0.00470	0.00234	0.00564
37	0.00666	0.00505	0.00626	0.00674	0.00753	0.00486	0.00481	0.00795	0.02480	0.01271	0.02850	0.41086	0.18341	0.11394	0.03937	0.00248	0.02414	0.07751	0.00419	0.02824
38	0.01323	0.40908	0.08366	0.01148	0.08913	0.05861	0.00966	0.10416	0.05615	0.01553	0.00922	0.02830	0.00786	0.00485	0.00393	0.00122	0.00541	0.00356	0.00277	0.08217
39	0.00674	0.00501	0.00603	0.00622	0.00734	0.00458	0.00449	0.00863	0.03935	0.03048	0.25110	0.31199	0.27505	0.01246	0.00592	0.00174	0.00265	0.01092	0.00485	0.00445
40	0.02095	0.00821	0.01106	0.00858	0.01222	0.00715	0.00705	0.02306	0.02816	0.74003	0.03950	0.01828	0.03941	0.00641	0.00499	0.00153	0.00407	0.00523	0.00599	0.00812
41	0.07575	0.17596	0.34021	0.04616	0.09127	0.05537	0.03319	0.03197	0.03686	0.05645	0.00927	0.01062	0.00702	0.00473	0.00433	0.00144	0.00625	0.00365	0.00259	0.00691
42	0.01071	0.11894	0.04579	0.08973	0.10236	0.02445	0.09537	0.05255	0.05020	0.03027	0.05801	0.01666	0.01189	0.08174	0.16040	0.00299	0.02391	0.00500	0.01314	0.00588
43	0.00945	0.00486	0.00489	0.00478	0.00601	0.00490	0.00361	0.03472	0.01069	0.01870	0.01590	0.01812	0.01247	0.00573	0.00348	0.00116	0.00238	0.00458	0.82885	0.00469
44	0.00647	0.00518	0.00579	0.00599	0.00728	0.00471	0.00435	0.01910	0.05009	0.01424	0.10722	0.27879	0.44767	0.01274	0.00589	0.00175	0.00269	0.01100	0.00467	0.00439
45	0.04600	0.02428	0.04100	0.12026	0.37150	0.03015	0.14797	0.03005	0.01108	0.01557	0.01163	0.03146	0.04545	0.00537	0.00542	0.00157	0.03487	0.01700	0.00264	0.00673
46	0.01034	0.03236	0.13236	0.00993	0.01304	0.01732	0.09703	0.09887	0.01267	0.07272	0.11409	0.10932	0.17729	0.02187	0.02552	0.00184	0.00489	0.03870	0.00403	0.00581
47	0.00599	0.00428	0.00570	0.00684	0.00713	0.00399	0.00456	0.00684	0.00941	0.01254	0.02709	0.82409	0.03250	0.01540	0.00627	0.00200	0.00285	0.01397	0.00456	0.00399
48	0.01278	0.01037	0.02425	0.02342	0.07802	0.02868	0.00881	0.31289	0.04237	0.02059	0.01751	0.06838	0.07363	0.01025	0.05253	0.02224	0.05206	0.13069	0.00411	0.00642
49	0.01324	0.01167	0.01535	0.16929	0.20127	0.10303	0.06634	0.10086	0.07124	0.08685	0.01356	0.05140	0.04139	0.00666	0.02479	0.00170	0.00607	0.00518	0.00338	0.00673
50	0.01207	0.09360	0.49627	0.01460	0.09247	0.01194	0.04526	0.03794	0.01116	0.10314	0.00993	0.01119	0.00716	0.00488	0.00494	0.00152	0.02811	0.00388	0.00266	0.00730
51	0.00715	0.00476	0.00536	0.00536	0.00536	0.00476	0.00298	0.00715	0.00715	0.00953	0.01548	0.03216	0.01787	0.82729	0.02501	0.00476	0.00476	0.00715	0.00298	0.00298
52	0.01037	0.00884	0.01029	0.00736	0.01172	0.00673	0.00590	0.02851	0.01046	0.01633	0.00880	0.01022	0.00730	0.00369	0.00367	0.00074	0.00368	0.00294	0.00295	0.83950
53	0.46044	0.04711	0.07187	0.02089	0.01268	0.13489	0.02553	0.07448	0.02624	0.03370	0.00838	0.00969	0.00654	0.00632	0.04164	0.00177	0.00563	0.00327	0.00304	0.00590
54	0.01868	0.01376	0.01475	0.01131	0.01524	0.01524	0.00934	0.78025	0.02311	0.03097	0.01180	0.01180	0.00836	0.00590	0.00492	0.00147	0.00541	0.00442	0.00492	0.00836
55	0.00669	0.00481	0.00615	0.00698	0.00758	0.00462	0.00487	0.02796	0.02927	0.01376	0.05025	0.66350	0.06206	0.01426	0.00611	0.00193	0.00298	0.05070	0.03126	0.00427
56	0.00928	0.00873	0.01474	0.81548	0.03385	0.01092	0.01365	0.01256	0.00983	0.01256	0.00873	0.01310	0.00655	0.00491	0.00491	0.00164	0.00655	0.00437	0.00218	0.00546
57	0.00677	0.00502	0.00632	0.00599	0.00723	0.00456	0.00449	0.00892	0.01348	0.01868	0.67534	0.03840	0.16571	0.01043	0.00580	0.00156	0.00235	0.00912	0.00527	0.00456
58	0.01034	0.00991	0.03498	0.24420	0.08389	0.01128	0.10168	0.01288	0.00987	0.03727	0.01165	0.03177	0.01078	0.00741	0.00851	0.00187	0.23667	0.12656	0.00276	0.00572
59	0.01102	0.01031	0.01704	0.08475	0.58918	0.01047	0.01307	0.01409	0.03847	0.01565	0.03699	0.09333	0.03217	0.00596	0.00506	0.00154	0.00533	0.00565	0.00286	0.00705
60	0.00670	0.00485	0.00666	0.00711	0.00760	0.00514	0.00505	0.00782	0.00846	0.01174	0.01929	0.35834	0.02148	0.13970	0.33472	0.00478	0.01887	0.00916	0.01851	0.00404
61	0.01122	0.01213	0.09740	0.06643	0.23802	0.01212	0.09799	0.01382	0.00980	0.04656	0.00954	0.04089	0.00831	0.00752	0.03986	0.00200	0.27261	0.00483	0.00253	0.00643
62	0.01885	0.00842	0.01087	0.00854	0.01190	0.00771	0.00698	0.11376	0.01503	0.56403	0.12821	0.02019	0.04891	0.00688	0.00509	0.00152	0.00400	0.00566	0.00578	0.00767
63	0.00777	0.00563	0.00768	0.00872	0.00977	0.00565	0.00734	0.01028	0.04316	0.01458	0.02595	0.18411	0.02845	0.01360	0.00663	0.00219	0.00422	0.60517	0.00455	0.00457
64	0.04399	0.00868	0.01292	0.17864	0.11620	0.01038	0.03050	0.01128	0.00933	0.01338	0.03481	0.11436	0.08116	0.03468	0.03189	0.00208	0.25125	0.00624	0.00287	0.00534
65	0.00638	0.00467	0.00633	0.00714	0.00750	0.00472	0.00496	0.00735	0.00904	0.01223	0.02379	0.62828	0.02791	0.06052	0.12430	0.00301	0.03005	0.02365	0.00412	0.00405
66	0.00993	0.02492	0.77036	0.01428	0.02145	0.01145	0.04913	0.01557	0.01043	0.01557	0.00886	0.01049	0.00628	0.00465	0.00471	0.00156	0.00730	0.00372	0.00209	0.00724
67	0.02144	0.00833	0.01128	0.00873	0.01242	0.00727	0.00717	0.03815	0.01409	0.75849	0.01950	0.04382	0.01278	0.00639	0.00499	0.00154	0.00416	0.00524	0.00601	0.00822
68	0.00895	0.05496	0.04467	0.01049	0.03413	0.00745	0.12555	0.03650	0.01092	0.04638	0.04180	0.40222	0.03697	0.01114	0.00586	0.00184	0.00443	0.10655	0.00403	0.00519
69	0.00995	0.02474	0.75851	0.01438	0.02152	0.01147	0.06079	0.01557	0.01044	0.01557	0.00888	0.01054	0.00629	0.00464	0.00473	0.00156	0.00732	0.00375	0.00210	0.00723
70	0.01049	0.05223	0.01504	0.27218	0.12716	0.08818	0.08062	0.01304	0.01083	0.01362	0.01355	0.05946	0.01305	0.00753	0.00568	0.02188	0.00608	0.18086	0.00293	0.00559
71	0.00703	0.00524	0.00777	0.00777	0.00860	0.00607	0.00598	0.00869	0.00786	0.01131	0.01328	0.01996	0.01257	0.07716	0.76791	0.00774	0.01273	0.00536	0.00265	0.00432
72	0.05615	0.56266	0.11636	0.00923	0.01359	0.03912	0.00935	0.06349	0.02399	0.01428	0.02588	0.00937	0.00747	0.00457	0.00358	0.00118	0.00540	0.00308	0.00248	0.02875
73	0.01073	0.20301	0.47681	0.03879	0.07851	0.01298	0.02595	0.01529	0.03251	0.01492	0.04072	0.01138	0.00827	0.00482	0.00442	0.00144	0.00640	0.00379	0.00234	0.00693
74	0.02194	0.00853	0.01151	0.00882	0.01263	0.00747	0.00729	0.04766	0.01435	0.77593	0.01915	0.01657	0.01205	0.00608	0.00494	0.00152	0.00422	0.00493	0.00605	0.00836
75	0.00691	0.03301	0.02095	0.00824	0.04030	0.00543	0.01849	0.00849	0.03187	0.01317	0.02688	0.59995	0.09787	0.01359	0.00603	0.00190	0.00331	0.05481	0.00433	0.00447
76	0.01149	0.23120	0.40223	0.03357	0.07536	0.03777	0.05812	0.02938	0.04968	0.01491	0.00897	0.01047	0.00692	0.00464	0.00437	0.00142	0.00653	0.00366	0.00234	0.00697
77	0.00769	0.00600	0.02333	0.00666	0.00805	0.00550	0.00515	0.04106	0.01282	0.03595	0.45723	0.10913	0.18451	0.03810	0.00678	0.00174	0.03163	0.00904	0.00490	0.00475
78	0.00599	0.00428	0.00570	0.00684	0.00713	0.00399	0.00456	0.00684	0.00941	0.01254	0.02709	0.82409	0.03250	0.01540	0.00627	0.00200	0.00285	0.01397	0.00456	0.00399
79	0.01310	0.55629	0.19020	0.01014	0.01479	0.11724	0.01063	0.01552	0.01057	0.01248	0.00735	0.00854	0.00629	0.00441	0.00364	0.00119	0.00614	0.00291	0.00215	0.00643
80	0.01670	0.09820	0.05868	0.01192	0.04745	0.04969	0.05214	0.38901	0.04474	0.13068	0.01249	0.03249	0.00936	0.01784	0.00508	0.00151	0.00553	0.00460	0.00425	0.00764
81	0.00582	0.00493	0.00503	0.00512	0.00667	0.00414	0.00380	0.00704	0.01107	0.01322	0.04808	0.10564	0.73740	0.01267	0.00584	0.00168	0.00252	0.01064	0.00456	0.00414
82	0.00596	0.00497	0.00501	0.00500	0.00663	0.00418	0.00375	0.00727	0.01125	0.01364	0.07164	0.04599	0.74519	0.01215	0.00573	0.00164	0.00248	0.01013	0.03321	0.00418
83	0.01360	0.01132	0.01840	0.09190	0.55335	0.02805	0.04468	0.03511	0.01185	0.12789	0.01070	0.01286	0.00828	0.00471	0.00491	0.00149	0.00582	0.00449	0.00300	0.00759
84	0.01245	0.00954	0.01571	0.26200	0.23667	0.00989	0.07890	0.03394	0.01177	0.15705	0.05705	0.01714	0.06464	0.00574	0.00509	0.00156	0.00554	0.00527	0.00339	0.00667
85	0.01314	0.83025	0.02575	0.00841	0.01261	0.01945	0.00841	0.01472	0.00999	0.01156	0.00683	0.00788	0.00631	0.00420	0.00315	0.00105	0.00526	0.00263	0.00210	0.00631
86	0.01068	0.05916	0.63482	0.01450	0.07463	0.03255	0.01650	0.03944	0.01090	0.01583	0.00882	0.01039	0.00645	0.00463	0.00457	0.00148	0.00691	0.00362	0.00224	0.04187
87	0.01237	0.01063	0.01120	0.01003	0.01284	0.01229	0.00781	0.04355	0.77008	0.02080	0.01981	0.01818	0.01485	0.00665	0.00500	0.00166	0.00392	0.00553	0.00500	0.00779
88	0.01836	0.02342	0.01393	0.01266	0.01519	0.80756	0.00950	0.01962	0.01393	0.01203	0.00760	0.00886	0.00633	0.00506	0.00443	0.00127	0.00886	0.00317	0.00253	0.00570
89	0.01935	0.00957	0.01186	0.00916	0.01294	0.00904	0.00751	0.17728	0.06036	0.50644	0.01691	0.02744	0.01137	0.00597	0.00483	0.00145	0.00434	0.00480	0.00544	0.09395
90	0.05919	0.00900	0.03122	0.00924	0.01297	0.00781	0.03930	0.04581	0.01370	0.64707	0.02718	0.04898	0.01261	0.00632	0.00495	0.00155	0.00437	0.00524	0.00559	0.00790
91	0.01301	0.00885	0.01060	0.00780	0.01197	0.00714	0.00629	0.03432	0.04356	0.18387	0.01155	0.01196	0.00867	0.00434	0.00401	0.00095	0.00381	0.00349	0.00372	0.62007
92	0.00961	0.00907	0.01533	0.72617	0.12060	0.01100	0.01381	0.01284	0.00998	0.01295	0.00879	0.01300	0.00669	0.00485	0.00491	0.00162	0.00647	0.00437	0.00221	0.00572
93	0.01204	0.01155	0.01973	0.06271	0.76503	0.01164	0.01502	0.01498	0.01113	0.01591	0.00922	0.01220	0.00773	0.00440	0.00487	0.00147	0.00587	0.00438	0.00242	0.00769
94	0.00950	0.00900	0.01494	0.72309	0.05781	0.01128	0.01346	0.01258	0.00968	0.01261	0.00856	0.01288	0.00658	0.00520	0.00583	0.00167	0.07322	0.00436	0.00219	0.00553
95	0.01061	0.01073	0.04896	0.32641	0.42859	0.01096	0.01402	0.01369	0.01060	0.01452	0.01099	0.01419	0.04440	0.00536	0.01452	0.00162	0.00610	0.00464	0.00243	0.00667
96	0.00642	0.00499	0.00583	0.00565	0.00702	0.00441	0.00423	0.00823	0.01261	0.01667	0.44398	0.05370	0.38617	0.01122	0.00581	0.00160	0.00240	0.00964	0.00501	0.00441
97	0.04793	0.00827	0.01103	0.00852	0.01221	0.00725	0.00703	0.02321	0.01375	0.74799	0.01888	0.01651	0.01197	0.00602	0.00483	0.00151	0.00410	0.00486	0.03601	0.00813
98	0.00593	0.00500	0.00515	0.00520	0.00681	0.00422	0.00394	0.00724	0.01126	0.01351	0.06962	0.05670	0.73305	0.01246	0.00585	0.00168	0.00257	0.04105	0.00459	0.00418
99	0.00645	0.00451	0.00590	0.00672	0.00707	0.00440	0.00455	0.00735	0.00901	0.01222	0.02355	0.56460	0.02750	0.15010	0.08075	0.00296	0.00414	0.04355	0.03078	0.00390
100	0.01172	0.01121	0.01900	0.07997	0.71509	0.01132	0.01453	0.01459	0.01110	0.01572	0.01086	0.01365	0.03975	0.00474	0.00491	0.00148	0.00575	0.00462	0.00250	0.00749
101	0.02151	0.00854	0.01144	0.00882	0.01256	0.00756	0.00727	0.04925	0.03036	0.74654	0.03055	0.01689	0.01260	0.00615	0.00495	0.00152	0.00419	0.00500	0.00601	0.00830
102	0.01066	0.01053	0.01945	0.18763	0.32391	0.01075	0.22091	0.01375	0.01077	0.01485	0.01126	0.09266	0.01003	0.00610	0.01940	0.00171	0.00643	0.00572	0.01694	0.00650
103	0.74299	0.00958	0.00743	0.02646	0.01000	0.03869	0.00552	0.01434	0.00875	0.02116	0.00765	0.00897	0.00597	0.00468	0.00317	0.00148	0.00393	0.00287	0.07106	0.00528
104	0.01104	0.01119	0.01772	0.44593	0.24434	0.07266	0.09901	0.01416	0.01072	0.01385	0.00892	0.01253	0.00698	0.00469	0.00496	0.00156	0.00672	0.00444	0.00231	0.00626
105	0.00972	0.00998	0.00899	0.10396	0.01259	0.17295	0.00680	0.01284	0.10868	0.01370	0.02962	0.02949	0.38004	0.01114	0.06613	0.00205	0.00528	0.00717	0.00377	0.00510
106	0.02882	0.00916	0.01156	0.00919	0.01228	0.00894	0.05858	0.14469	0.09667	0.09184	0.17577	0.04511	0.03033	0.00665	0.00525	0.00138	0.03145	0.00560	0.00432	0.22241
107	0.01028	0.16656	0.63247	0.01273	0.01917	0.01253	0.01588	0.01506	0.01027	0.01473	0.00921	0.04308	0.00731	0.00502	0.00447	0.00149	0.00673	0.00388	0.00218	0.00696
108	0.02199	0.00846	0.01146	0.00879	0.01259	0.00736	0.00726	0.03698	0.01422	0.78679	0.01926	0.01664	0.01210	0.00608	0.00494	0.00152	0.00420	0.00493	0.00606	0.00836
109	0.00581	0.00498	0.00498	0.00498	0.00664	0.00415	0.00373	0.00705	0.01120	0.01328	0.04978	0.04729	0.79464	0.01245	0.00581	0.00166	0.00249	0.01037	0.00456	0.00415
110	0.01163	0.01114	0.01899	0.17464	0.65630	0.01154	0.01482	0.01462	0.01094	0.01541	0.00915	0.01234	0.00756	0.00448	0.00487	0.00149	0.00597	0.00438	0.00239	0.00736
111	0.00999	0.06532	0.71092	0.01368	0.02049	0.01161	0.03598	0.01531	0.01042	0.01533	0.00945	0.01215	0.00716	0.00499	0.00471	0.00156	0.00707	0.03458	0.00219	0.00709
112	0.00599	0.00428	0.00570	0.00684	0.00713	0.00399	0.00456	0.00684	0.00941	0.01254	0.02709	0.82409	0.03250	0.01540	0.00627	0.00200	0.00285	0.01397	0.00456	0.00399
113	0.01282	0.01043	0.01016	0.00909	0.01157	0.08851	0.00705	0.04463	0.45774	0.07225	0.07421	0.01843	0.01566	0.00654	0.00475	0.00152	0.00408	0.00533	0.13832	0.00690
114	0.01087	0.27298	0.56312	0.01228	0.01861	0.01388	0.01516	0.01530	0.01026	0.01433	0.00821	0.00961	0.00625	0.00453	0.00420	0.00140	0.00665	0.00332	0.00208	0.00697
115	0.00702	0.00527	0.00790	0.00790	0.00878	0.00614	0.00614	0.00878	0.00790	0.01141	0.01316	0.01931	0.01229	0.03686	0.80782	0.00790	0.01316	0.00527	0.00263	0.00439
116	0.00624	0.00450	0.00595	0.00704	0.00743	0.00428	0.00482	0.00748	0.02787	0.01285	0.02686	0.76240	0.03186	0.01509	0.00627	0.00200	0.00297	0.05540	0.00457	0.00411
117	0.01212	0.01173	0.01955	0.07331	0.74008	0.02624	0.01490	0.01503	0.01116	0.01579	0.00919	0.01215	0.00769	0.00442	0.00486	0.00147	0.00593	0.00436	0.00242	0.00762
118	0.01010	0.00933	0.01455	0.12567	0.41727	0.00955	0.01131	0.01345	0.06850	0.01541	0.04924	0.04060	0.16808	0.00687	0.00517	0.00157	0.00489	0.01875	0.00322	0.00648
119	0.00714	0.00478	0.00542	0.00542	0.00544	0.00480	0.00306	0.00719	0.00716	0.00957	0.01543	0.03184	0.01773	0.80782	0.04430	0.00484	0.00497	0.00710	0.00297	0.00301
120	0.00790	0.00564	0.00789	0.00899	0.01012	0.00563	0.00784	0.01016	0.01137	0.01482	0.04342	0.05501	0.02869	0.01350	0.00677	0.00225	0.00448	0.74646	0.00455	0.00453
121	0.01766	0.01157	0.01298	0.01019	0.01373	0.01236	0.00833	0.49250	0.08351	0.18131	0.09083	0.01576	0.01339	0.00641	0.00501	0.00151	0.00474	0.00506	0.00520	0.00795
122	0.01314	0.83025	0.02575	0.00841	0.01261	0.01945	0.00841	0.01472	0.00999	0.01156	0.00683	0.00788	0.00631	0.00420	0.00315	0.00105	0.00526	0.00263	0.00210	0.00631
123	0.03147	0.01238	0.05043	0.01758	0.02198	0.01139	0.57983	0.01591	0.06740	0.03464	0.07843	0.03159	0.01185	0.00513	0.00563	0.00165	0.00711	0.00604	0.00304	0.00652
124	0.00986	0.02542	0.80183	0.01401	0.02127	0.01141	0.01816	0.01556	0.01038	0.01556	0.00882	0.01038	0.00623	0.00467	0.00467	0.00156	0.00726	0.00363	0.00208	0.00726
125	0.11437	0.00857	0.01093	0.00854	0.01222	0.00782	0.00703	0.02298	0.04081	0.68664	0.01803	0.01582	0.01151	0.00594	0.00473	0.00153	0.00413	0.00471	0.00571	0.00801
126	0.00854	0.00427	0.00640	0.00640	0.00640	0.00427	0.00427	0.00640	0.00640	0.00854	0.00854	0.01494	0.00854	0.01707	0.01921	0.85702	0.00427	0.00427	0.00213	0.00213
127	0.01117	0.01198	0.02187	0.01672	0.01915	0.01377	0.38625	0.01374	0.00952	0.01374	0.00816	0.01198	0.00694	0.00642	0.01108	0.00191	0.42227	0.00503	0.00231	0.00599
128	0.00986	0.02542	0.80183	0.01401	0.02127	0.01141	0.01816	0.01556	0.01038	0.01556	0.00882	0.01038	0.00623	0.00467	0.00467	0.00156	0.00726	0.00363	0.00208	0.00726
129	0.00599	0.00428	0.00570	0.00684	0.00713	0.00399	0.00456	0.00684	0.00941	0.01254	0.02709	0.82409	0.03250	0.01540	0.00627	0.00200	0.00285	0.01397	0.00456	0.00399
130	0.01267	0.00772	0.00814	0.00692	0.00906	0.00818	0.00549	0.26598	0.01464	0.04464	0.01473	0.01612	0.01118	0.00579	0.00397	0.00126	0.00337	0.00454	0.54963	0.00594
131	0.03150	0.32325	0.24627	0.01111	0.01583	0.16613	0.01145	0.09822	0.01230	0.03052	0.00833	0.00939	0.00660	0.00473	0.00406	0.00130	0.00649	0.00326	0.00258	0.00671
132	0.00605	0.00432	0.00578	0.00692	0.00723	0.00405	0.00467	0.00695	0.00947	0.01262	0.02705	0.79840	0.03236	0.01534	0.00629	0.00200	0.00291	0.03902	0.00456	0.00401
133	0.00702	0.00527	0.00790	0.00790	0.00878	0.00614	0.00614	0.00878	0.00790	0.01141	0.01316	0.01931	0.01229	0.03686	0.80782	0.00790	0.01316	0.00527	0.00263	0.00439
134	0.00603	0.00443	0.00567	0.00664	0.00716	0.00408	0.00456	0.00699	0.00975	0.01273	0.03047	0.67933	0.14713	0.01489	0.00622	0.00195	0.00286	0.04051	0.00456	0.00403
135	0.03382	0.01070	0.01519	0.01217	0.02623	0.06992	0.20670	0.11407	0.03177	0.19087	0.01752	0.07984	0.06515	0.02332	0.00570	0.00168	0.00552	0.05338	0.02990	0.00655
136	0.00986	0.02542	0.80183	0.01401	0.02127	0.01141	0.01816	0.01556	0.01038	0.01556	0.00882	0.01038	0.00623	0.00467	0.00467	0.00156	0.00726	0.00363	0.00208	0.00726
137	0.28003	0.01170	0.02017	0.01507	0.01891	0.01214	0.43471	0.01533	0.02655	0.03067	0.00901	0.01153	0.00693	0.00477	0.00585	0.00166	0.08144	0.00465	0.00274	0.00615
138	0.01159	0.45047	0.39196	0.01105	0.01670	0.01565	0.01301	0.01512	0.01017	0.01345	0.00777	0.00906	0.00627	0.00442	0.00387	0.00129	0.00620	0.00310	0.00209	0.00676
139	0.00705	0.00513	0.00722	0.00722	0.00787	0.00578	0.00530	0.00834	0.00770	0.01091	0.01378	0.02272	0.01377	0.24669	0.60001	0.00707	0.01093	0.00576	0.00272	0.00401
140	0.15308	0.01093	0.01264	0.00985	0.01355	0.03048	0.04491	0.27131	0.03153	0.31824	0.02726	0.01358	0.00998	0.00569	0.00465	0.00149	0.00479	0.00444	0.00485	0.02676
141	0.01199	0.01150	0.01964	0.07666	0.75147	0.01163	0.01500	0.01493	0.01111	0.01585	0.00921	0.01222	0.00771	0.00441	0.00487	0.00147	0.00588	0.00438	0.00242	0.00765
142	0.02191	0.00859	0.01154	0.00885	0.01266	0.00756	0.00731	0.05529	0.01444	0.76817	0.01907	0.01652	0.01201	0.00607	0.00494	0.00152	0.00423	0.00492	0.00603	0.00836
143	0.02072	0.00830	0.01114	0.00864	0.01223	0.00732	0.00710	0.05105	0.01439	0.70916	0.08079	0.01813	0.01475	0.00639	0.00501	0.00152	0.00408	0.00524	0.00599	0.00807
144	0.00709	0.00482	0.00562	0.00561	0.00577	0.00488	0.00334	0.00734	0.00746	0.01000	0.02996	0.03141	0.04001	0.71205	0.10093	0.00493	0.00548	0.00708	0.00303	0.00318
145	0.00916	0.00458	0.00458	0.00458	0.00573	0.00458	0.00344	0.01145	0.01031	0.01832	0.01603	0.01832	0.01260	0.00573	0.00344	0.00115	0.00229	0.00458	0.85457	0.00458
146	0.00810	0.00556	0.00753	0.00814	0.00941	0.00538	0.00688	0.01025	0.01184	0.04742	0.16579	0.06877	0.09220	0.01259	0.00644	0.00205	0.00391	0.51833	0.00475	0.00466
147	0.00990	0.02514	0.78432	0.01416	0.02137	0.01144	0.03539	0.01557	0.01040	0.01557	0.00884	0.01044	0.00625	0.00466	0.00469	0.00156	0.00729	0.00368	0.00208	0.00725
148	0.00986	0.02542	0.80183	0.01401	0.02127	0.01141	0.01816	0.01556	0.01038	0.01556	0.00882	0.01038	0.00623	0.00467	0.00467	0.00156	0.00726	0.00363	0.00208	0.00726
149	0.00630	0.00452	0.00601	0.00677	0.00731	0.00422	0.00472	0.00758	0.01059	0.01439	0.21491	0.59937	0.03572	0.01401	0.00618	0.00190	0.00279	0.04379	0.00477	0.00417
150	0.00591	0.00476	0.00521	0.00556	0.00674	0.00412	0.00396	0.00699	0.01051	0.01292	0.04161	0.28508	0.53333	0.04218	0.00663	0.00187	0.00268	0.01136	0.00451	0.00406
151	0.00599	0.00428	0.00570	0.00684	0.00713	0.00399	0.00456	0.00684	0.00941	0.01254	0.02709	0.82409	0.03250	0.01540	0.00627	0.00200	0.00285	0.01397	0.00456	0.00399
152	0.01060	0.01061	0.01501	0.01280	0.01296	0.01463	0.02665	0.01175	0.00774	0.01196	0.00798	0.01203	0.03301	0.00864	0.01556	0.00212	0.77381	0.00454	0.00224	0.00536
153	0.01788	0.05559	0.01447	0.01246	0.01501	0.72791	0.00949	0.03789	0.01377	0.01247	0.00763	0.00896	0.00638	0.00517	0.00480	0.00129	0.03727	0.00321	0.00256	0.00578
154	0.01054	0.00894	0.01038	0.00745	0.01180	0.00691	0.00597	0.04419	0.01073	0.01663	0.00886	0.01026	0.00732	0.00373	0.00369	0.00076	0.00371	0.00297	0.00299	0.82216
155	0.01063	0.01062	0.01528	0.01296	0.01319	0.01454	0.04232	0.01183	0.00769	0.01193	0.00692	0.01148	0.00685	0.02642	0.03185	0.00230	0.75118	0.00444	0.00219	0.00536
156	0.01853	0.01814	0.01438	0.01192	0.01522	0.37426	0.00941	0.43559	0.01895	0.02239	0.00989	0.01047	0.00744	0.00552	0.00470	0.00138	0.00697	0.00385	0.00384	0.00715
157	0.01075	0.01075	0.01505	0.01290	0.01290	0.01505	0.01075	0.01183	0.00753	0.01183	0.00645	0.01075	0.00645	0.00860	0.01613	0.00215	0.81830	0.00430	0.00215	0.00538
158	0.00599	0.00428	0.00570	0.00684	0.00713	0.00399	0.00456	0.00684	0.00941	0.01254	0.02709	0.82409	0.03250	0.01540	0.00627	0.00200	0.00285	0.01397	0.00456	0.00399
159	0.00612	0.00477	0.00560	0.00596	0.00697	0.00435	0.00424	0.00727	0.01020	0.01296	0.07438	0.29696	0.38649	0.06198	0.08620	0.00256	0.00378	0.01079	0.00433	0.00408
160	0.00999	0.00962	0.01355	0.01184	0.01200	0.01321	0.00976	0.01118	0.00759	0.01171	0.00786	0.01271	0.00773	0.02757	0.16449	0.00327	0.65397	0.00453	0.00225	0.00515
161	0.01160	0.01326	0.02900	0.02071	0.02568	0.01243	0.77879	0.01574	0.01160	0.01574	0.00994	0.01326	0.00746	0.00414	0.00580	0.00166	0.00829	0.00580	0.00249	0.00663
162	0.00919	0.00859	0.01446	0.78259	0.03283	0.01072	0.01334	0.01240	0.00975	0.01251	0.00891	0.01335	0.00678	0.00621	0.03761	0.00189	0.00682	0.00440	0.00220	0.00542
163	0.00716	0.00571	0.00730	0.00761	0.00839	0.03859	0.00565	0.00857	0.00877	0.01185	0.01883	0.25535	0.05039	0.05442	0.46517	0.00543	0.00908	0.02413	0.00332	0.00427
164	0.07018	0.00843	0.01116	0.00861	0.01237	0.00744	0.00711	0.02340	0.01374	0.75546	0.01867	0.01623	0.01177	0.00600	0.00483	0.00152	0.00416	0.00481	0.00591	0.00819
165	0.01127	0.37294	0.46673	0.01159	0.01753	0.01488	0.01395	0.01520	0.01021	0.01384	0.00796	0.00930	0.00626	0.00447	0.00401	0.00134	0.00640	0.00320	0.00209	0.00685
166	0.00581	0.00498	0.00498	0.00498	0.00664	0.00415	0.00373	0.00705	0.01120	0.01328	0.04978	0.04729	0.79464	0.01245	0.00581	0.00166	0.00249	0.01037	0.00456	0.00415
167	0.01059	0.01004	0.01700	0.39752	0.41109	0.01105	0.01404	0.01361	0.01049	0.01429	0.00964	0.04133	0.00808	0.00502	0.00494	0.00156	0.00607	0.00471	0.00239	0.00656
168	0.00702	0.00525	0.00783	0.00783	0.00868	0.00611	0.00606	0.00873	0.00788	0.01136	0.01322	0.01965	0.01243	0.05783	0.78705	0.00781	0.01294	0.00532	0.00264	0.00435
169	0.01409	0.01148	0.01216	0.01038	0.01349	0.01309	0.00823	0.24381	0.56703	0.02356	0.01763	0.01645	0.01308	0.00645	0.00498	0.00161	0.00433	0.00523	0.00498	0.00795
170	0.01038	0.01118	0.03984	0.01680	0.02060	0.01036	0.51620	0.01391	0.01141	0.01532	0.01538	0.02563	0.03540	0.00704	0.00622	0.00183	0.02061	0.21284	0.00309	0.00598
171	0.86201	0.00950	0.00722	0.00646	0.00950	0.01102	0.00532	0.01445	0.00836	0.02205	0.00684	0.00798	0.00532	0.00456	0.00304	0.00152	0.00380	0.00266	0.00304	0.00532
172	0.86201	0.00950	0.00722	0.00646	0.00950	0.01102	0.00532	0.01445	0.00836	0.02205	0.00684	0.00798	0.00532	0.00456	0.00304	0.00152	0.00380	0.00266	0.00304	0.00532
173	0.00780	0.00594	0.00842	0.00791	0.00889	0.00594	0.07234	0.00975	0.06049	0.02431	0.05826	0.22755	0.03410	0.31122	0.09100	0.00351	0.00517	0.04942	0.00371	0.00427
174	0.01148	0.35588	0.46489	0.01159	0.01751	0.01462	0.01390	0.01540	0.01030	0.03170	0.00824	0.00949	0.00639	0.00451	0.00405	0.00135	0.00637	0.00325	0.00218	0.00689
175	0.01836	0.02342	0.01393	0.01266	0.01519	0.80756	0.00950	0.01962	0.01393	0.01203	0.00760	0.00886	0.00633	0.00506	0.00443	0.00127	0.00886	0.00317	0.00253	0.00570
176	0.00675	0.00511	0.00637	0.00703	0.00814	0.00478	0.00558	0.00831	0.01076	0.01366	0.04714	0.20067	0.29568	0.03561	0.02570	0.00219	0.00366	0.30414	0.00448	0.00425
177	0.00991	0.07899	0.71247	0.01329	0.02003	0.01162	0.01687	0.01514	0.01036	0.01525	0.01977	0.03729	0.00763	0.00506	0.00463	0.00154	0.00692	0.00397	0.00220	0.00706
178	0.00713	0.00543	0.00636	0.00674	0.00787	0.00520	0.00484	0.02190	0.09320	0.02765	0.04619	0.44052	0.26682	0.01311	0.00595	0.00184	0.00294	0.02705	0.00465	0.00461
179	0.02198	0.00847	0.01147	0.00880	0.01260	0.00739	0.00727	0.03959	0.01425	0.78414	0.01923	0.01662	0.01209	0.00608	0.00494	0.00152	0.00421	0.00493	0.00606	0.00836
180	0.01049	0.00996	0.01680	0.42405	0.38523	0.01103	0.01396	0.01353	0.01050	0.01420	0.01042	0.01388	0.03500	0.00493	0.00492	0.00156	0.00608	0.00458	0.00238	0.00649
181	0.01739	0.01050	0.01209	0.00978	0.01317	0.01101	0.00790	0.26823	0.22847	0.29432	0.02682	0.04067	0.02343	0.00660	0.00501	0.00156	0.00441	0.00534	0.00533	0.00797
182	0.00788	0.00653	0.00955	0.00905	0.00973	0.00820	0.00721	0.00948	0.00781	0.01150	0.01161	0.01733	0.01094	0.03033	0.62486	0.00657	0.19923	0.00504	0.00252	0.00462
183	0.00706	0.00511	0.00709	0.00709	0.00769	0.00570	0.00513	0.00826	0.00766	0.01081	0.01390	0.02341	0.01407	0.28916	0.55796	0.00690	0.01048	0.00587	0.00274	0.00394
184	0.01287	0.00745	0.00825	0.00709	0.00921	0.00775	0.00561	0.21461	0.01392	0.10850	0.01552	0.04499	0.01212	0.00794	0.05037	0.00169	0.00397	0.00495	0.45723	0.00596
185	0.01131	0.01178	0.02480	0.01848	0.03850	0.01109	0.61664	0.01494	0.01137	0.04724	0.01225	0.07339	0.01039	0.00672	0.03905	0.00195	0.00775	0.03311	0.00286	0.00637
186	0.02195	0.00853	0.01151	0.00882	0.01263	0.00747	0.00729	0.04685	0.01434	0.77676	0.01916	0.01658	0.01205	0.00608	0.00494	0.00152	0.00422	0.00493	0.00605	0.00836
187	0.00853	0.00526	0.00651	0.00645	0.00786	0.00469	0.00475	0.00990	0.01128	0.13306	0.13838	0.31104	0.28405	0.01292	0.03012	0.00193	0.00317	0.01044	0.00485	0.00481
188	0.01187	0.01153	0.01869	0.09734	0.66949	0.03945	0.01432	0.01468	0.01109	0.01546	0.00988	0.04577	0.00865	0.00491	0.00491	0.00149	0.00588	0.00473	0.00250	0.00735
189	0.00598	0.00430	0.00568	0.00679	0.00711	0.00400	0.00454	0.00685	0.00946	0.01257	0.02773	0.80208	0.05409	0.01531	0.00626	0.00199	0.00284	0.01387	0.00456	0.00400
190	0.01838	0.02273	0.01399	0.01256	0.01520	0.75062	0.00948	0.07429	0.01459	0.01339	0.00790	0.00907	0.00648	0.00512	0.00447	0.00128	0.00861	0.00326	0.00270	0.00589
191	0.02881	0.01035	0.03875	0.00817	0.01242	0.03573	0.00679	0.10259	0.01196	0.03450	0.02548	0.01098	0.00821	0.00419	0.00391	0.00091	0.00414	0.00328	0.00322	0.64560
192	0.01576	0.04028	0.01539	0.03633	0.14448	0.50078	0.03502	0.03308	0.03081	0.01351	0.00939	0.01107	0.02555	0.00532	0.00518	0.00138	0.05062	0.00380	0.01613	0.00611
193	0.01836	0.02342	0.01393	0.01266	0.01519	0.80756	0.00950	0.01962	0.01393	0.01203	0.00760	0.00886	0.00633	0.00506	0.00443	0.00127	0.00886	0.00317	0.00253	0.00570
194	0.00629	0.00492	0.00577	0.00623	0.00742	0.00440	0.00473	0.00768	0.01093	0.01374	0.08591	0.24524	0.42150	0.01324	0.00610	0.00184	0.00292	0.14231	0.00461	0.00420
195	0.00928	0.00873	0.01474	0.81548	0.03385	0.01092	0.01365	0.01256	0.00983	0.01256	0.00873	0.01310	0.00655	0.00491	0.00491	0.00164	0.00655	0.00437	0.00218	0.00546
196	0.02195	0.00853	0.01151	0.00882	0.01263	0.00747	0.00729	0.04685	0.01434	0.77676	0.01916	0.01658	0.01205	0.00608	0.00494	0.00152	0.00422	0.00493	0.00605	0.00836
197	0.00599	0.00428	0.00570	0.00684	0.00713	0.00399	0.00456	0.00684	0.00941	0.01254	0.02709	0.82409	0.03250	0.01540	0.00627	0.00200	0.00285	0.01397	0.00456	0.00399
198	0.00702	0.00527	0.00790	0.00790	0.00878	0.00614	0.00614	0.00878	0.00790	0.01141	0.01316	0.01931	0.01229	0.03686	0.80782	0.00790	0.01316	0.00527	0.00263	0.00439
199	0.86201	0.00950	0.00722	0.00646	0.00950	0.01102	0.00532	0.01445	0.00836	0.02205	0.00684	0.00798	0.00532	0.00456	0.00304	0.00152	0.00380	0.00266	0.00304	0.00532
200	0.00598	0.00437	0.00561	0.00660	0.00704	0.00402	0.00444	0.00687	0.00959	0.01258	0.02960	0.71900	0.12284	0.02814	0.00652	0.00200	0.00284	0.01343	0.00454	0.00399
201	0.00725	0.00496	0.00682	0.00708	0.00770	0.00523	0.00504	0.00838	0.00844	0.03928	0.01822	0.27414	0.01975	0.18975	0.36896	0.00518	0.00790	0.00837	0.00343	0.00412
202	0.00598	0.00431	0.00567	0.00675	0.00710	0.00400	0.00452	0.00685	0.00950	0.01258	0.02823	0.78507	0.07079	0.01525	0.00625	0.00198	0.00283	0.01379	0.00456	0.00400
203	0.01442	0.00917	0.01015	0.00857	0.01131	0.00982	0.00682	0.18168	0.26796	0.16122	0.03818	0.01716	0.01332	0.00625	0.00459	0.00146	0.00381	0.00505	0.22196	0.00710
204	0.01348	0.00798	0.00901	0.00781	0.01023	0.00832	0.00619	0.09907	0.22002	0.18138	0.06300	0.01936	0.01509	0.00653	0.00455	0.00145	0.00350	0.02528	0.29114	0.00661
205	0.09472	0.01510	0.01245	0.04400	0.01433	0.29040	0.00856	0.17130	0.14473	0.06888	0.01162	0.01217	0.00879	0.00567	0.00491	0.00146	0.03479	0.00404	0.04545	0.00664
206	0.01635	0.01676	0.01448	0.01228	0.01481	0.40240	0.06989	0.10052	0.01346	0.10063	0.01015	0.01254	0.00825	0.03487	0.03486	0.00183	0.11028	0.01632	0.00318	0.00615
207	0.00630	0.00511	0.00553	0.00563	0.00708	0.00448	0.00418	0.02748	0.01140	0.01408	0.09331	0.17445	0.57989	0.01263	0.00588	0.00172	0.00266	0.02927	0.00463	0.00427
208	0.01808	0.02148	0.01086	0.00862	0.01178	0.00771	0.00702	0.10124	0.01414	0.52960	0.03693	0.09441	0.04682	0.00837	0.02646	0.00176	0.00435	0.03744	0.00552	0.00741
209	0.04838	0.01300	0.01080	0.00977	0.01216	0.24238	0.00750	0.08037	0.24218	0.05711	0.06145	0.09292	0.03048	0.00724	0.00488	0.00153	0.00519	0.01956	0.04679	0.00631
210	0.01851	0.01432	0.01461	0.01137	0.01518	0.06670	0.00932	0.71370	0.03984	0.02950	0.01171	0.01176	0.00838	0.00586	0.00489	0.00147	0.00560	0.00437	0.00476	0.00817
211	0.01307	0.01058	0.01687	0.11534	0.12017	0.01013	0.18340	0.08026	0.04191	0.12430	0.01122	0.01285	0.00835	0.00465	0.00479	0.00135	0.00557	0.00444	0.00334	0.22739
212	0.01428	0.01087	0.01773	0.02471	0.59623	0.01066	0.01307	0.03483	0.01204	0.18197	0.01182	0.02990	0.00923	0.00500	0.00491	0.00148	0.00542	0.00470	0.00331	0.00784
213	0.01036	0.00728	0.00745	0.00680	0.00853	0.06035	0.02055	0.04853	0.08152	0.03611	0.08460	0.06197	0.04039	0.00754	0.02405	0.00148	0.00354	0.00561	0.44691	0.03642

[dist]
# distance from previous block
# <min> <max>
0	1

[block]
# block no. 2 follows, 51 sequences, length 6
# corresponding to MSA columns:
# 432,435-439
name=unknown_C
#
# <colnr> <probs for GDERKNQSTAVLIFYWHMCP>
#	G	D	E	R	K	N	Q	S	T	A	V	L	I	F	Y	W	H	M	C	P
0	0.06757	0.01005	0.01318	0.01031	0.01372	0.01007	0.10279	0.22231	0.07032	0.20003	0.08582	0.05739	0.04121	0.00661	0.00501	0.00151	0.00464	0.00566	0.00464	0.06716
1	0.07269	0.01324	0.01456	0.01170	0.01508	0.11700	0.10774	0.30258	0.16579	0.05349	0.04069	0.03954	0.01132	0.00608	0.00493	0.00153	0.00559	0.00502	0.00423	0.00720
2	0.01188	0.01139	0.01943	0.10752	0.72150	0.01160	0.01494	0.01483	0.01106	0.01571	0.00919	0.01226	0.00766	0.00443	0.00487	0.00148	0.00591	0.00438	0.00241	0.00756
3	0.01138	0.01088	0.01853	0.24355	0.58937	0.01147	0.01469	0.01440	0.01082	0.01510	0.00911	0.01242	0.00745	0.00452	0.00488	0.00151	0.00603	0.00438	0.00236	0.00715
4	0.01275	0.01295	0.01887	0.07758	0.65159	0.11031	0.01430	0.01549	0.01144	0.01533	0.00901	0.01181	0.00753	0.00450	0.00481	0.00145	0.00626	0.00423	0.00243	0.00738
5	0.01078	0.14798	0.52844	0.01311	0.01918	0.01284	0.06906	0.01675	0.10679	0.01557	0.00998	0.01118	0.00741	0.00481	0.00455	0.00150	0.00660	0.00387	0.00247	0.00713

[dist]
# distance from previous block
# <min> <max>
0	1

[block]
# block no. 3 follows, 51 sequences, length 17
# corresponding to MSA columns:
# 441-457
name=unknown_D
#
# <colnr> <probs for GDERKNQSTAVLIFYWHMCP>
#	G	D	E	R	K	N	Q	S	T	A	V	L	I	F	Y	W	H	M	C	P
0	0.01804	0.00874	0.01050	0.00855	0.01160	0.04560	0.00680	0.06629	0.04636	0.52112	0.03291	0.07902	0.05333	0.06006	0.00637	0.00176	0.00429	0.00600	0.00540	0.00727
1	0.04402	0.01128	0.01682	0.01404	0.06654	0.07549	0.27134	0.09654	0.05033	0.04708	0.04324	0.04350	0.13555	0.00770	0.02835	0.00179	0.00608	0.03051	0.00358	0.00622
2	0.01259	0.01231	0.01981	0.02862	0.71918	0.04787	0.03702	0.03439	0.01162	0.01624	0.00925	0.01204	0.00772	0.00444	0.00487	0.00146	0.00604	0.00437	0.00250	0.00767
3	0.00666	0.00513	0.00722	0.00767	0.00853	0.00483	0.04370	0.00820	0.02517	0.01343	0.05037	0.55846	0.11284	0.01395	0.00623	0.00196	0.00331	0.11356	0.00449	0.00430
4	0.05364	0.00996	0.01223	0.02120	0.01343	0.01001	0.03015	0.28133	0.01644	0.35014	0.03345	0.01954	0.05298	0.00688	0.00508	0.00158	0.00464	0.06458	0.00518	0.00755
5	0.01133	0.03550	0.28981	0.01502	0.04115	0.02471	0.23541	0.04133	0.11229	0.03261	0.03460	0.01542	0.01024	0.00557	0.00556	0.00163	0.03521	0.04272	0.00299	0.00689
6	0.00852	0.00452	0.00655	0.00658	0.00671	0.00457	0.00443	0.00722	0.03801	0.00928	0.01019	0.06723	0.01034	0.01655	0.01780	0.76752	0.00416	0.00495	0.00241	0.00248
