[name]
unknown

[dist]
# distance from previous block
# <min> <max>
0	57

[block]
# block no. 0 follows, 64 sequences, length 22
# corresponding to MSA columns:
# 57-78
name=unknown_A
#
# <colnr> <probs for GDERKNQSTAVLIFYWHMCP>
#	G	D	E	R	K	N	Q	S	T	A	V	L	I	F	Y	W	H	M	C	P
0	0.01055	0.00884	0.01056	0.00926	0.01091	0.01060	0.00762	0.19508	0.25985	0.01635	0.01296	0.01804	0.01135	0.00701	0.00719	0.00158	0.24623	0.14699	0.00345	0.00561
1	0.01625	0.00760	0.00957	0.00770	0.01066	0.00732	0.00624	0.02077	0.24454	0.59693	0.01654	0.01453	0.01097	0.00528	0.00419	0.00132	0.00346	0.00433	0.00488	0.00693
2	0.00974	0.00730	0.00933	0.00806	0.00932	0.00860	0.00655	0.01208	0.10303	0.15861	0.01929	0.01963	0.24334	0.00763	0.00833	0.00156	0.35406	0.00533	0.00328	0.00494
3	0.01148	0.38225	0.09104	0.00732	0.01109	0.01082	0.00706	0.01334	0.00914	0.15861	0.00830	0.00876	0.00645	0.00374	0.00317	0.00092	0.00404	0.00272	0.00258	0.25717
4	0.01139	0.01046	0.02184	0.01569	0.01971	0.00971	0.66815	0.01455	0.01018	0.16011	0.00984	0.01173	0.00702	0.00380	0.00477	0.00138	0.00638	0.00477	0.00265	0.00587
5	0.00826	0.00501	0.00642	0.00649	0.00800	0.00461	0.00545	0.00984	0.00995	0.15900	0.02747	0.03876	0.28040	0.01003	0.00519	0.00164	0.00322	0.40190	0.00407	0.00430
6	0.26174	0.00760	0.01028	0.42402	0.04736	0.00872	0.00858	0.01288	0.00863	0.16031	0.00855	0.01035	0.00613	0.00423	0.00370	0.00133	0.00449	0.00336	0.00265	0.00509
7	0.01864	0.00707	0.00964	0.00739	0.01060	0.00611	0.00611	0.02024	0.01189	0.83099	0.01639	0.01414	0.01028	0.00514	0.00418	0.00129	0.00353	0.00418	0.00514	0.00707
8	0.00618	0.00448	0.00635	0.00703	0.00780	0.00465	0.00575	0.00776	0.00844	0.01130	0.01903	0.18250	0.02066	0.01741	0.24496	0.00324	0.00567	0.42971	0.00337	0.00371
9	0.00502	0.00379	0.00464	0.00533	0.00591	0.00341	0.00365	0.00583	0.00839	0.01078	0.02841	0.61791	0.25732	0.01230	0.00519	0.00161	0.00232	0.01093	0.00386	0.00341
10	0.01073	0.61334	0.02256	0.01010	0.01384	0.01473	0.23895	0.01269	0.00883	0.01079	0.00653	0.00797	0.00561	0.00354	0.00331	0.00104	0.00518	0.00299	0.00187	0.00541
11	0.00893	0.01104	0.17143	0.01251	0.01615	0.00843	0.42906	0.01223	0.00929	0.01390	0.00970	0.01198	0.00736	0.00397	0.00415	0.00126	0.00538	0.00426	0.25375	0.00521
12	0.00815	0.00592	0.00702	0.00687	0.00800	0.00611	0.00502	0.23837	0.01128	0.01508	0.01918	0.60927	0.02160	0.01070	0.00497	0.00156	0.00303	0.00949	0.00394	0.00444
13	0.00738	0.00602	0.00843	0.00859	0.00927	0.00707	0.00738	0.00901	0.00864	0.01173	0.01723	0.03599	0.01860	0.01026	0.00801	0.00189	0.24622	0.57101	0.00325	0.00403
14	0.63221	0.00829	0.00705	0.00632	0.00883	0.00961	0.00510	0.01505	0.24111	0.01827	0.00898	0.00926	0.00685	0.00437	0.00305	0.00132	0.00323	0.00295	0.00305	0.00510
15	0.01138	0.01177	0.01063	0.15912	0.01459	0.24805	0.00788	0.01844	0.44208	0.01409	0.01218	0.01240	0.00929	0.00498	0.00407	0.00131	0.00490	0.00393	0.00320	0.00572
16	0.52268	0.01027	0.00807	0.00704	0.00962	0.15787	0.00563	0.05161	0.07354	0.10725	0.00815	0.00854	0.00606	0.00427	0.00316	0.00125	0.00409	0.00280	0.00298	0.00512
17	0.00841	0.00848	0.01593	0.60626	0.02662	0.00960	0.24211	0.01139	0.00874	0.01139	0.00768	0.01111	0.00576	0.00397	0.00437	0.00139	0.00596	0.00404	0.00192	0.00490
18	0.01539	0.04427	0.01206	0.01060	0.01278	0.81334	0.00800	0.01647	0.01167	0.01015	0.00640	0.00747	0.00535	0.00426	0.00371	0.00106	0.00740	0.00266	0.00213	0.00483
19	0.47489	0.25145	0.01051	0.00589	0.00846	0.01040	0.00514	0.01149	0.00831	0.01573	0.15303	0.01108	0.01097	0.00460	0.00302	0.00117	0.00334	0.00319	0.00270	0.00463
20	0.00856	0.09062	0.37578	0.01425	0.24823	0.00920	0.01179	0.01165	0.00879	0.01251	0.01018	0.16028	0.00963	0.00547	0.00412	0.00132	0.00497	0.00474	0.00222	0.00570
21	0.01190	0.05979	0.04181	0.01366	0.24669	0.25740	0.00886	0.05305	0.06071	0.02598	0.00799	0.00923	0.00647	0.00396	0.00372	0.00106	0.00521	0.00312	0.00242	0.17698

[dist]
# distance from previous block
# <min> <max>
1	5

[block]
# block no. 1 follows, 64 sequences, length 26
# corresponding to MSA columns:
# 84-109
name=unknown_B
#
# <colnr> <probs for GDERKNQSTAVLIFYWHMCP>
#	G	D	E	R	K	N	Q	S	T	A	V	L	I	F	Y	W	H	M	C	P
0	0.10274	0.01176	0.14439	0.03547	0.23546	0.02536	0.19304	0.05109	0.02832	0.06582	0.00834	0.01012	0.00637	0.00416	0.00472	0.00134	0.05945	0.00375	0.00240	0.00591
1	0.00856	0.00845	0.00717	0.00696	0.00814	0.22913	0.00511	0.01016	0.03200	0.02640	0.31065	0.24124	0.05674	0.00892	0.02012	0.00145	0.00381	0.00721	0.00365	0.00412
2	0.00959	0.00993	0.01249	0.05922	0.41017	0.14957	0.02440	0.01147	0.00980	0.01220	0.01682	0.01788	0.22778	0.00566	0.00428	0.00126	0.00468	0.00492	0.00255	0.00533
3	0.00618	0.00413	0.00550	0.00550	0.00579	0.00441	0.00372	0.00647	0.00619	0.00854	0.01140	0.02069	0.01203	0.40326	0.33664	0.14263	0.00671	0.00504	0.00229	0.00287
4	0.00977	0.01077	0.13807	0.00814	0.01075	0.09518	0.00736	0.21158	0.04606	0.01515	0.01824	0.01880	0.22864	0.01029	0.13094	0.00212	0.02480	0.00503	0.00314	0.00513
5	0.01056	0.62760	0.01932	0.00813	0.01073	0.01543	0.00764	0.01178	0.00788	0.00983	0.00569	0.00732	0.00536	0.00456	0.00563	0.00114	0.23189	0.00260	0.00179	0.00512
6	0.02911	0.09789	0.00914	0.00619	0.00907	0.04418	0.00504	0.04461	0.03744	0.04504	0.01729	0.01729	0.22800	0.00546	0.00367	0.00097	0.00325	0.00434	0.00299	0.38902
7	0.01022	0.01149	0.15233	0.09977	0.53731	0.00971	0.01249	0.03596	0.03155	0.04722	0.00837	0.01039	0.00659	0.00393	0.00410	0.00127	0.00508	0.00364	0.00223	0.00635
8	0.00851	0.00841	0.00707	0.00660	0.00773	0.22907	0.00481	0.00992	0.01086	0.01355	0.47676	0.02406	0.02626	0.14028	0.00714	0.00167	0.00378	0.00597	0.00359	0.00394
9	0.00746	0.00412	0.00463	0.00489	0.00586	0.00412	0.00393	0.00939	0.00894	0.01466	0.01583	0.02396	0.01423	0.00663	0.00367	0.00122	0.00245	0.21898	0.64118	0.00386
10	0.01028	0.00987	0.01686	0.02550	0.82811	0.00987	0.01275	0.01275	0.00946	0.01357	0.00781	0.01028	0.00658	0.00370	0.00411	0.00123	0.00493	0.00370	0.00206	0.00658
11	0.01120	0.00821	0.00920	0.00794	0.00995	0.00882	0.00617	0.46876	0.01458	0.01952	0.01549	0.36951	0.01579	0.00842	0.00465	0.00143	0.00365	0.00719	0.00403	0.00549
12	0.00943	0.00492	0.00625	0.00564	0.00662	0.00477	0.00391	0.01009	0.00772	0.23061	0.01367	0.02195	0.01306	0.49535	0.14491	0.00370	0.00501	0.00529	0.00318	0.00393
13	0.00528	0.00379	0.00502	0.00563	0.00607	0.00352	0.00387	0.00634	0.00898	0.01224	0.23982	0.62972	0.03064	0.01179	0.00519	0.00158	0.00229	0.01065	0.00405	0.00352
14	0.00545	0.00396	0.00546	0.00592	0.00644	0.00397	0.00423	0.00662	0.00834	0.01150	0.17367	0.46849	0.02510	0.01705	0.23005	0.00296	0.00468	0.00900	0.00355	0.00357
15	0.38547	0.06166	0.02163	0.01069	0.13940	0.02746	0.09281	0.05254	0.00924	0.13452	0.00826	0.00922	0.00617	0.00454	0.01919	0.00136	0.00435	0.00317	0.00281	0.00550
16	0.00697	0.00400	0.00443	0.00434	0.00516	0.00391	0.00312	0.00861	0.00911	0.01463	0.23293	0.02152	0.01906	0.13932	0.00631	0.00154	0.00227	0.00520	0.50390	0.00367
17	0.00698	0.00396	0.00396	0.00396	0.00505	0.00377	0.00297	0.00867	0.00892	0.01433	0.02126	0.02210	0.23102	0.00637	0.00345	0.00109	0.00198	0.00519	0.64119	0.00377
18	0.00765	0.00636	0.00759	0.00605	0.00881	0.00495	0.00463	0.00920	0.00843	0.01274	0.01157	0.23626	0.01191	0.00576	0.00368	0.00090	0.00290	0.00499	0.00284	0.64276
19	0.00942	0.00904	0.01182	0.01024	0.01088	0.01208	0.00841	0.01326	0.22632	0.01199	0.00855	0.01082	0.00740	0.00683	0.01109	0.00171	0.61866	0.00392	0.00247	0.00509
20	0.00847	0.26838	0.34652	0.00825	0.01227	0.00996	0.00937	0.01115	0.00893	0.02920	0.01649	0.01668	0.22722	0.00563	0.00382	0.00121	0.00448	0.00438	0.00240	0.00520
21	0.00593	0.00497	0.00549	0.00498	0.00682	0.00403	0.00374	0.00715	0.00900	0.01175	0.02969	0.15905	0.47924	0.00890	0.00448	0.00123	0.00241	0.00754	0.00348	0.24010
22	0.00811	0.00585	0.00684	0.00661	0.00764	0.00604	0.00474	0.22422	0.01078	0.01441	0.01786	0.49448	0.02001	0.14306	0.00748	0.00194	0.00325	0.00872	0.00373	0.00424
23	0.01184	0.00751	0.00899	0.00732	0.00936	0.00771	0.02829	0.28411	0.02947	0.16725	0.14036	0.01885	0.01497	0.23489	0.00889	0.00202	0.00387	0.00509	0.00390	0.00529
24	0.01362	0.01168	0.01121	0.00878	0.01198	0.14042	0.00707	0.44439	0.04300	0.01994	0.00895	0.00941	0.00674	0.00438	0.00380	0.00105	0.00458	0.00326	0.00338	0.24235
25	0.01019	0.00954	0.01348	0.01090	0.01375	0.01038	0.22443	0.01970	0.60158	0.01628	0.01461	0.01434	0.01096	0.00506	0.00441	0.00141	0.00429	0.00475	0.00365	0.00631

[dist]
# distance from previous block
# <min> <max>
0	43

[block]
# block no. 2 follows, 64 sequences, length 25
# corresponding to MSA columns:
# 153-177
name=unknown_C
#
# <colnr> <probs for GDERKNQSTAVLIFYWHMCP>
#	G	D	E	R	K	N	Q	S	T	A	V	L	I	F	Y	W	H	M	C	P
0	0.00784	0.00738	0.01246	0.84404	0.02861	0.00923	0.01154	0.01061	0.00831	0.01061	0.00738	0.01107	0.00554	0.00415	0.00415	0.00138	0.00554	0.00369	0.00185	0.00461
1	0.00891	0.00521	0.00724	0.00760	0.00898	0.00503	0.00658	0.01077	0.00999	0.16446	0.02095	0.04078	0.02137	0.01030	0.00545	0.00180	0.00377	0.65232	0.00407	0.00443
2	0.01111	0.85652	0.02177	0.00711	0.01066	0.01644	0.00711	0.01244	0.00844	0.00977	0.00577	0.00666	0.00533	0.00355	0.00267	0.00089	0.00444	0.00222	0.00178	0.00533
3	0.00505	0.00364	0.00479	0.00571	0.00601	0.00338	0.00383	0.00579	0.00802	0.01063	0.02373	0.81591	0.06233	0.01290	0.00528	0.00167	0.00240	0.01168	0.00386	0.00338
4	0.88336	0.00803	0.00611	0.00546	0.00803	0.00932	0.00450	0.01221	0.00707	0.01864	0.00578	0.00675	0.00450	0.00386	0.00257	0.00129	0.00321	0.00225	0.00257	0.00450
5	0.01049	0.09322	0.60742	0.01059	0.01596	0.00959	0.01290	0.01441	0.00932	0.16475	0.00896	0.00958	0.00620	0.00413	0.00388	0.00127	0.00550	0.00320	0.00239	0.00624
6	0.00774	0.00387	0.00387	0.00387	0.00484	0.00387	0.00290	0.00968	0.00871	0.01549	0.01355	0.01549	0.01065	0.00484	0.00290	0.00097	0.00194	0.00387	0.87708	0.00387
7	0.00855	0.00738	0.00894	0.00645	0.01006	0.00561	0.02680	0.01041	0.00863	0.01345	0.00783	0.03172	0.00674	0.00336	0.00319	0.00067	0.00316	0.00278	0.00249	0.83178
8	0.01001	0.00990	0.01782	0.08741	0.62886	0.00993	0.14905	0.01268	0.00943	0.01330	0.00788	0.01050	0.00645	0.00370	0.00425	0.00127	0.00533	0.00390	0.00205	0.00626
9	0.00558	0.00431	0.00487	0.00479	0.00607	0.00376	0.00366	0.00697	0.01022	0.02931	0.27771	0.03716	0.52355	0.00986	0.00494	0.00140	0.00219	0.05583	0.00410	0.00372
10	0.00909	0.00909	0.01272	0.01091	0.01091	0.01272	0.00909	0.01000	0.00636	0.01000	0.00545	0.00909	0.00545	0.00727	0.01363	0.00182	0.84642	0.00364	0.00182	0.00454
11	0.01111	0.85652	0.02177	0.00711	0.01066	0.01644	0.00711	0.01244	0.00844	0.00977	0.00577	0.00666	0.00533	0.00355	0.00267	0.00089	0.00444	0.00222	0.00178	0.00533
12	0.00664	0.16273	0.00827	0.00624	0.00718	0.04219	0.00464	0.00749	0.00821	0.01043	0.01900	0.65762	0.02239	0.01088	0.00474	0.00151	0.00301	0.00963	0.00339	0.00380
13	0.01672	0.00975	0.16247	0.00822	0.01197	0.00676	0.00782	0.01893	0.01131	0.67909	0.01473	0.01314	0.00935	0.00492	0.00413	0.00129	0.00402	0.00397	0.00451	0.00690
14	0.00771	0.00431	0.00568	0.00592	0.00668	0.00397	0.00410	0.00850	0.00844	0.16264	0.02042	0.58933	0.02268	0.12023	0.00714	0.00191	0.00283	0.00965	0.00392	0.00395
15	0.00784	0.00738	0.01246	0.84404	0.02861	0.00923	0.01154	0.01061	0.00831	0.01061	0.00738	0.01107	0.00554	0.00415	0.00415	0.00138	0.00554	0.00369	0.00185	0.00461
16	0.01672	0.00975	0.16247	0.00822	0.01197	0.00676	0.00782	0.01893	0.01131	0.67909	0.01473	0.01314	0.00935	0.00492	0.00413	0.00129	0.00402	0.00397	0.00451	0.00690
17	0.00998	0.69811	0.01862	0.00686	0.00980	0.01401	0.00650	0.01120	0.00835	0.00993	0.00895	0.16354	0.00944	0.00531	0.00315	0.00104	0.00406	0.00400	0.00216	0.00497
18	0.00598	0.00425	0.00568	0.00568	0.00608	0.00465	0.00395	0.00678	0.00638	0.00891	0.01203	0.02134	0.01257	0.41169	0.46001	0.00545	0.00784	0.00519	0.00236	0.00316
19	0.00843	0.02082	0.78007	0.01221	0.01822	0.00970	0.06711	0.01316	0.00884	0.01316	0.00752	0.00893	0.00533	0.00392	0.00401	0.00132	0.00619	0.00319	0.00178	0.00610
20	0.01212	0.01026	0.01379	0.01604	0.34379	0.11428	0.06769	0.08262	0.01078	0.14433	0.01118	0.07820	0.02896	0.00517	0.00466	0.00130	0.04142	0.00450	0.00292	0.00598
21	0.01864	0.00707	0.00964	0.00739	0.01060	0.00611	0.00611	0.02024	0.01189	0.83099	0.01639	0.01414	0.01028	0.00514	0.00418	0.00129	0.00353	0.00418	0.00514	0.00707
22	0.01229	0.00995	0.01554	0.01142	0.01504	0.00964	0.29676	0.25447	0.02637	0.10906	0.02997	0.01124	0.00787	0.00421	0.00425	0.00119	0.00497	0.00408	0.00322	0.16847
23	0.00966	0.00941	0.03779	0.04927	0.48033	0.00928	0.09622	0.01203	0.00896	0.03291	0.00836	0.02308	0.00708	0.00641	0.07509	0.00173	0.06789	0.00393	0.00217	0.05839
24	0.01287	0.01084	0.02926	0.01351	0.22667	0.03549	0.00896	0.35095	0.21687	0.03491	0.01111	0.01142	0.00832	0.00477	0.00415	0.00128	0.00444	0.00393	0.00353	0.00673

[dist]
# distance from previous block
# <min> <max>
0	1

[block]
# block no. 3 follows, 64 sequences, length 37
# corresponding to MSA columns:
# 179-215
name=unknown_D
#
# <colnr> <probs for GDERKNQSTAVLIFYWHMCP>
#	G	D	E	R	K	N	Q	S	T	A	V	L	I	F	Y	W	H	M	C	P
0	0.00894	0.00847	0.01424	0.41603	0.39658	0.00945	0.01174	0.01143	0.00871	0.01188	0.00772	0.01118	0.00633	0.03172	0.00494	0.00141	0.02803	0.00377	0.00196	0.00545
1	0.01086	0.60703	0.02032	0.01253	0.25154	0.01450	0.00877	0.01253	0.00874	0.01089	0.00638	0.00773	0.00570	0.00360	0.00309	0.00099	0.00459	0.00266	0.00186	0.00570
2	0.00766	0.00729	0.01297	0.01057	0.01217	0.00811	0.24386	0.00958	0.00751	0.01073	0.00934	0.01388	0.00844	0.04986	0.40800	0.00412	0.16490	0.00449	0.00212	0.00438
3	0.00720	0.00639	0.01122	0.00911	0.01056	0.00648	0.24226	0.00866	0.00733	0.01009	0.01097	0.01900	0.01095	0.35333	0.24293	0.00393	0.02827	0.00520	0.00230	0.00381
4	0.00593	0.00445	0.00668	0.00668	0.00742	0.00519	0.00519	0.00742	0.00668	0.00964	0.01113	0.01632	0.01038	0.03115	0.83756	0.00668	0.01113	0.00445	0.00223	0.00371
5	0.01029	0.61046	0.26067	0.00850	0.01282	0.01444	0.00954	0.01265	0.00854	0.01077	0.00627	0.00728	0.00531	0.00367	0.00304	0.00101	0.00494	0.00247	0.00177	0.00557
6	0.00684	0.25532	0.00955	0.00528	0.00719	0.00734	0.00445	0.00803	0.00925	0.01124	0.10078	0.09557	0.44799	0.00849	0.00428	0.00127	0.00280	0.00697	0.00331	0.00407
7	0.00989	0.47523	0.37074	0.00918	0.01382	0.01336	0.01064	0.01299	0.02921	0.01142	0.00678	0.00780	0.00549	0.00378	0.00326	0.00109	0.00514	0.00265	0.00183	0.00571
8	0.01487	0.00626	0.00819	0.00659	0.00886	0.00562	0.00508	0.03142	0.01031	0.57292	0.01529	0.01790	0.01164	0.25528	0.00918	0.00209	0.00370	0.00472	0.00435	0.00573
9	0.00698	0.00565	0.00653	0.00684	0.00819	0.02487	0.00566	0.01026	0.14467	0.01284	0.02670	0.03868	0.25808	0.01005	0.00519	0.00166	0.00331	0.41574	0.00386	0.00421
10	0.00824	0.03246	0.57617	0.25698	0.02098	0.00965	0.01407	0.01239	0.00863	0.01234	0.00740	0.00941	0.00534	0.00400	0.00398	0.00133	0.00593	0.00324	0.00178	0.00567
11	0.00820	0.00784	0.01158	0.01002	0.01046	0.01038	0.05151	0.00942	0.00664	0.01007	0.00728	0.01133	0.00695	0.01410	0.25595	0.00323	0.55479	0.00394	0.00195	0.00436
12	0.00585	0.00369	0.00454	0.00522	0.00568	0.00352	0.00358	0.00693	0.00818	0.01204	0.02014	0.60501	0.02251	0.01060	0.00460	0.00148	0.00227	0.00947	0.26117	0.00352
13	0.00964	0.01241	0.12142	0.01701	0.04019	0.01039	0.69839	0.01327	0.00967	0.01329	0.00828	0.01089	0.00618	0.00356	0.00477	0.00139	0.00685	0.00465	0.00206	0.00569
14	0.08391	0.01018	0.01047	0.00834	0.01137	0.11484	0.00677	0.25441	0.03812	0.40033	0.01241	0.01152	0.00832	0.00490	0.00399	0.00125	0.00432	0.00372	0.00424	0.00657
15	0.00623	0.00425	0.00517	0.00545	0.00573	0.00425	0.00375	0.00680	0.00708	0.00934	0.01571	0.03298	0.01770	0.60575	0.01660	0.00340	0.00397	0.24004	0.00290	0.00290
16	0.00496	0.00403	0.00440	0.00469	0.00574	0.00347	0.00337	0.00591	0.00900	0.01103	0.03618	0.28944	0.58077	0.01129	0.00503	0.00149	0.00220	0.00970	0.00386	0.00347
17	0.05624	0.01151	0.01045	0.00859	0.01144	0.25221	0.00684	0.11903	0.04241	0.42078	0.01218	0.01137	0.00825	0.00483	0.00398	0.00122	0.00481	0.00361	0.00398	0.00627
18	0.01029	0.61046	0.26067	0.00850	0.01282	0.01444	0.00954	0.01265	0.00854	0.01077	0.00627	0.00728	0.00531	0.00367	0.00304	0.00101	0.00494	0.00247	0.00177	0.00557
19	0.00719	0.00398	0.00437	0.00427	0.00524	0.00389	0.00320	0.00914	0.00961	0.01583	0.25293	0.02007	0.01906	0.00592	0.00349	0.00107	0.00194	0.00494	0.61998	0.00389
20	0.01029	0.61046	0.26067	0.00850	0.01282	0.01444	0.00954	0.01265	0.00854	0.01077	0.00627	0.00728	0.00531	0.00367	0.00304	0.00101	0.00494	0.00247	0.00177	0.00557
21	0.00799	0.00759	0.01286	0.77606	0.04097	0.00941	0.03288	0.01070	0.00829	0.01071	0.00734	0.01099	0.00557	0.00425	0.00454	0.00140	0.03821	0.00372	0.00185	0.00467
22	0.00856	0.00812	0.01376	0.60283	0.26420	0.00942	0.01189	0.01124	0.00865	0.01148	0.00751	0.01084	0.00584	0.00402	0.00414	0.00134	0.00536	0.00369	0.00191	0.00519
23	0.00873	0.00753	0.00786	0.00720	0.00927	0.00832	0.00557	0.01732	0.58159	0.01556	0.02432	0.02271	0.25247	0.00707	0.00443	0.00141	0.00294	0.00590	0.00412	0.00567
24	0.00832	0.08161	0.42721	0.00894	0.01301	0.00839	0.01018	0.02212	0.06291	0.04567	0.13587	0.01713	0.13010	0.00572	0.00416	0.00130	0.00448	0.00465	0.00281	0.00544
25	0.01265	0.00863	0.01399	0.01444	0.25306	0.00832	0.14513	0.07725	0.03278	0.26799	0.05631	0.05999	0.01100	0.00513	0.00440	0.00132	0.00447	0.01342	0.00350	0.00625
26	0.27345	0.00735	0.00860	0.00682	0.00985	0.00705	0.00563	0.01788	0.01047	0.59161	0.01326	0.01196	0.00858	0.00476	0.00370	0.00129	0.00344	0.00361	0.00438	0.00631
27	0.01020	0.00979	0.01672	0.05217	0.80206	0.00985	0.01271	0.01268	0.00942	0.01347	0.00780	0.01031	0.00655	0.00372	0.00411	0.00124	0.00495	0.00370	0.00205	0.00652
28	0.00979	0.01099	0.02354	0.04094	0.08872	0.01042	0.72463	0.01318	0.00973	0.01325	0.00833	0.01112	0.00630	0.00354	0.00482	0.00139	0.00679	0.00477	0.00209	0.00566
29	0.00784	0.00738	0.01246	0.84404	0.02861	0.00923	0.01154	0.01061	0.00831	0.01061	0.00738	0.01107	0.00554	0.00415	0.00415	0.00138	0.00554	0.00369	0.00185	0.00461
30	0.00506	0.00361	0.00482	0.00578	0.00602	0.00337	0.00386	0.00578	0.00795	0.01060	0.02289	0.85131	0.02747	0.01301	0.00530	0.00169	0.00241	0.01181	0.00386	0.00337
31	0.01619	0.00688	0.00967	0.00880	0.08257	0.00610	0.00641	0.01776	0.01118	0.65541	0.01644	0.11895	0.01211	0.00600	0.00431	0.00133	0.00352	0.00509	0.00471	0.00656
32	0.00737	0.01622	0.58860	0.01005	0.01446	0.00780	0.01196	0.01098	0.00853	0.01240	0.01200	0.25704	0.01181	0.00662	0.00435	0.00142	0.00504	0.00564	0.00237	0.00532
33	0.00873	0.00753	0.00786	0.00720	0.00927	0.00832	0.00557	0.01732	0.58159	0.01556	0.02432	0.02271	0.25247	0.00707	0.00443	0.00141	0.00294	0.00590	0.00412	0.00567
34	0.26722	0.01027	0.01909	0.01396	0.01768	0.01015	0.57477	0.01298	0.00900	0.01488	0.00763	0.00989	0.00577	0.00361	0.00421	0.00137	0.00589	0.00412	0.00224	0.00528
35	0.00826	0.03964	0.56919	0.25694	0.02091	0.00970	0.01400	0.01239	0.00862	0.01232	0.00739	0.00939	0.00534	0.00400	0.00397	0.00132	0.00592	0.00323	0.00178	0.00567
36	0.00886	0.01739	0.57102	0.01069	0.01559	0.00972	0.01250	0.01566	0.24807	0.01448	0.02898	0.01126	0.00822	0.00455	0.00405	0.00134	0.00520	0.00365	0.00255	0.00622

[dist]
# distance from previous block
# <min> <max>
0	5

[block]
# block no. 4 follows, 64 sequences, length 48
# corresponding to MSA columns:
# 221-266,275,276
name=unknown_E
#
# <colnr> <probs for GDERKNQSTAVLIFYWHMCP>
#	G	D	E	R	K	N	Q	S	T	A	V	L	I	F	Y	W	H	M	C	P
0	0.00638	0.00494	0.00596	0.00645	0.00722	0.00511	0.00453	0.00985	0.21079	0.01229	0.02140	0.64269	0.02378	0.01117	0.00503	0.00162	0.00263	0.01003	0.00395	0.00417
1	0.01268	0.00978	0.01064	0.00847	0.01145	0.01040	0.00682	0.45841	0.17339	0.02110	0.01176	0.06932	0.00942	0.00533	0.00405	0.00120	0.00390	0.00426	0.00384	0.16378
2	0.01814	0.00727	0.01023	0.00781	0.01105	0.00635	0.03833	0.02000	0.02557	0.78449	0.01608	0.01404	0.01016	0.00508	0.00421	0.00129	0.00367	0.00421	0.00500	0.00700
3	0.00870	0.01892	0.63083	0.01325	0.01891	0.00986	0.21444	0.01319	0.00903	0.01319	0.00769	0.00938	0.00552	0.00384	0.00418	0.00134	0.00635	0.00353	0.00184	0.00600
4	0.00699	0.00541	0.00651	0.00603	0.00735	0.00552	0.00458	0.01139	0.21364	0.01684	0.62399	0.02715	0.03258	0.00778	0.00473	0.00133	0.00229	0.00681	0.00449	0.00458
5	0.01515	0.00844	0.01371	0.01032	0.01369	0.00785	0.22875	0.01856	0.11361	0.50252	0.01425	0.01350	0.00949	0.00475	0.00438	0.00133	0.00446	0.00444	0.00419	0.00660
6	0.01046	0.01266	0.31095	0.16141	0.07373	0.00845	0.06330	0.02457	0.02019	0.17858	0.08538	0.01270	0.00975	0.00464	0.00420	0.00132	0.00503	0.00401	0.00282	0.00586
7	0.01159	0.01235	0.01559	0.02180	0.62462	0.21640	0.01157	0.01371	0.01004	0.01272	0.00747	0.00958	0.00627	0.00385	0.00402	0.00119	0.00557	0.00344	0.00208	0.00614
8	0.01557	0.01054	0.21485	0.00844	0.01228	0.00689	0.00833	0.01795	0.01097	0.59719	0.01439	0.04307	0.00965	0.00513	0.00416	0.00131	0.00414	0.00418	0.00425	0.00670
9	0.01341	0.01971	0.21718	0.01153	0.03068	0.58438	0.03906	0.01553	0.01090	0.01109	0.00678	0.00800	0.00539	0.00416	0.00384	0.00115	0.00708	0.00287	0.00204	0.00521
10	0.01337	0.00996	0.01400	0.04175	0.06998	0.10447	0.20831	0.10068	0.01177	0.27113	0.06762	0.01402	0.04340	0.00493	0.00438	0.00129	0.00497	0.00450	0.00351	0.00596
11	0.00564	0.00424	0.00522	0.00497	0.00606	0.00382	0.00373	0.00737	0.01119	0.01530	0.63028	0.03326	0.23568	0.00900	0.00490	0.00133	0.00200	0.00783	0.00439	0.00382
12	0.01147	0.00858	0.01195	0.01003	0.01083	0.01107	0.00834	0.01255	0.00774	0.21491	0.00818	0.01035	0.00666	0.00674	0.01127	0.00168	0.63604	0.00377	0.00265	0.00517
13	0.02125	0.04735	0.37778	0.00908	0.01262	0.00738	0.04366	0.01108	0.00916	0.07262	0.11065	0.22244	0.02385	0.00688	0.00439	0.00139	0.00440	0.00596	0.00291	0.00514
14	0.00513	0.00365	0.00490	0.00581	0.00607	0.00345	0.00390	0.00584	0.00786	0.01051	0.02219	0.80596	0.02649	0.01372	0.03677	0.01648	0.00276	0.01140	0.00376	0.00336
15	0.01641	0.00760	0.00983	0.00783	0.01084	0.00724	0.02014	0.02058	0.21371	0.61381	0.01638	0.01443	0.01081	0.00524	0.00420	0.00132	0.00353	0.00432	0.00486	0.00692
16	0.00833	0.02149	0.83250	0.01184	0.01798	0.00965	0.01535	0.01315	0.00877	0.01315	0.00745	0.00877	0.00526	0.00395	0.00395	0.00132	0.00614	0.00307	0.00175	0.00614
17	0.00938	0.01471	0.32688	0.01756	0.24124	0.01001	0.29319	0.01310	0.00932	0.01332	0.00788	0.01003	0.00599	0.00372	0.00433	0.00132	0.00611	0.00388	0.00196	0.00607
18	0.00491	0.00421	0.00421	0.00421	0.00561	0.00351	0.00316	0.00596	0.00947	0.01122	0.04208	0.03997	0.82643	0.01052	0.00491	0.00140	0.00210	0.00877	0.00386	0.00351
19	0.66675	0.01097	0.00752	0.00677	0.00923	0.21599	0.00538	0.01330	0.00824	0.01652	0.00594	0.00693	0.00471	0.00396	0.00286	0.00123	0.00428	0.00236	0.00246	0.00458
20	0.01010	0.01051	0.03758	0.02296	0.58524	0.01004	0.23550	0.01291	0.00954	0.01349	0.00797	0.01050	0.00647	0.00365	0.00433	0.00128	0.00554	0.00402	0.00206	0.00630
21	0.00898	0.00829	0.01367	0.02016	0.60299	0.00826	0.01038	0.01124	0.02886	0.01292	0.01180	0.22033	0.01194	0.00607	0.00441	0.00135	0.00426	0.00575	0.00256	0.00578
22	0.00526	0.00377	0.00500	0.00564	0.00607	0.00351	0.00387	0.00630	0.00890	0.01211	0.22333	0.64657	0.03040	0.01188	0.00520	0.00159	0.00230	0.01074	0.00403	0.00351
23	0.01626	0.06874	0.15864	0.00817	0.01194	0.00746	0.00784	0.01842	0.01109	0.62662	0.01404	0.01265	0.00903	0.00482	0.00403	0.00126	0.00407	0.00384	0.00430	0.00678
24	0.00931	0.01235	0.21991	0.17913	0.43910	0.00972	0.04601	0.01246	0.00908	0.01289	0.00767	0.01009	0.00604	0.00384	0.00411	0.00129	0.00544	0.00359	0.00194	0.00605
25	0.01864	0.00707	0.00964	0.00739	0.01060	0.00611	0.00611	0.02024	0.01189	0.83099	0.01639	0.01414	0.01028	0.00514	0.00418	0.00129	0.00353	0.00418	0.00514	0.00707
26	0.00833	0.02149	0.83250	0.01184	0.01798	0.00965	0.01535	0.01315	0.00877	0.01315	0.00745	0.00877	0.00526	0.00395	0.00395	0.00132	0.00614	0.00307	0.00175	0.00614
27	0.01271	0.00992	0.03866	0.01411	0.04684	0.00889	0.48099	0.01555	0.01046	0.28846	0.01125	0.01263	0.00789	0.00419	0.00462	0.00136	0.00569	0.01651	0.00314	0.00612
28	0.00774	0.00562	0.00673	0.00673	0.00774	0.00575	0.00486	0.20758	0.01084	0.01449	0.01967	0.64132	0.02238	0.01101	0.00502	0.00158	0.00295	0.00979	0.00393	0.00429
29	0.88336	0.00803	0.00611	0.00546	0.00803	0.00932	0.00450	0.01221	0.00707	0.01864	0.00578	0.00675	0.00450	0.00386	0.00257	0.00129	0.00321	0.00225	0.00257	0.00450
30	0.00914	0.01402	0.42410	0.00984	0.01417	0.00768	0.09006	0.01242	0.00951	0.13346	0.01751	0.01759	0.21107	0.00572	0.00432	0.00134	0.00483	0.00484	0.00281	0.00557
31	0.01033	0.03087	0.46277	0.06271	0.01809	0.00935	0.18365	0.01417	0.00946	0.14545	0.00907	0.01026	0.00631	0.00405	0.00418	0.00133	0.00583	0.00366	0.00238	0.00607
32	0.88336	0.00803	0.00611	0.00546	0.00803	0.00932	0.00450	0.01221	0.00707	0.01864	0.00578	0.00675	0.00450	0.00386	0.00257	0.00129	0.00321	0.00225	0.00257	0.00450
33	0.00906	0.01066	0.09834	0.00861	0.01028	0.21351	0.06736	0.01046	0.00869	0.01040	0.01218	0.09708	0.01280	0.26635	0.00999	0.00222	0.03974	0.10567	0.00257	0.00404
34	0.00588	0.00425	0.00555	0.00523	0.00621	0.00392	0.00392	0.00784	0.01176	0.01666	0.82592	0.03103	0.03919	0.00849	0.00490	0.00131	0.00196	0.00751	0.00457	0.00392
35	0.00883	0.17109	0.68725	0.01099	0.01667	0.01086	0.01387	0.01303	0.00871	0.01255	0.00715	0.00839	0.00527	0.00388	0.00372	0.00124	0.00583	0.00292	0.00176	0.00599
36	0.00872	0.05268	0.64765	0.01272	0.01839	0.01008	0.16575	0.01315	0.00895	0.01305	0.00757	0.00915	0.00546	0.00385	0.00408	0.00131	0.00623	0.00338	0.00182	0.00601
37	0.01650	0.01050	0.01176	0.00902	0.01231	0.01119	0.00745	0.61608	0.01762	0.22706	0.01157	0.01101	0.00787	0.00502	0.00416	0.00126	0.00431	0.00385	0.00440	0.00707
38	0.00709	0.00612	0.01069	0.00951	0.01115	0.00587	0.20714	0.00921	0.00960	0.01283	0.11224	0.17417	0.02190	0.00940	0.00536	0.00168	0.00416	0.37420	0.00349	0.00420
39	0.22854	0.01042	0.04671	0.01805	0.46243	0.03984	0.06984	0.05160	0.00943	0.01529	0.00739	0.00929	0.00597	0.00382	0.00377	0.00126	0.00478	0.00337	0.00228	0.00593
40	0.00508	0.00365	0.00479	0.00569	0.00597	0.00339	0.00380	0.00580	0.00797	0.01057	0.02347	0.79989	0.05999	0.03141	0.00563	0.00173	0.00243	0.01156	0.00383	0.00336
41	0.00663	0.00473	0.00662	0.00757	0.00850	0.00472	0.00658	0.00849	0.00950	0.01236	0.02203	0.07987	0.02405	0.01154	0.00572	0.00190	0.00377	0.76780	0.00383	0.00381
42	0.37868	0.01061	0.13684	0.21786	0.08730	0.03936	0.00891	0.03416	0.00847	0.03310	0.00699	0.00873	0.00529	0.00400	0.00343	0.00130	0.00460	0.00296	0.00230	0.00510
43	0.00751	0.01703	0.62591	0.01033	0.01499	0.00808	0.01248	0.01131	0.00857	0.01252	0.01131	0.21906	0.01081	0.00621	0.00428	0.00141	0.00521	0.00525	0.00228	0.00545
44	0.00577	0.00412	0.00434	0.00431	0.00552	0.00366	0.00322	0.00717	0.00959	0.01309	0.15308	0.05100	0.48552	0.00885	0.00442	0.00129	0.00205	0.00742	0.22192	0.00366
45	0.01040	0.65088	0.18813	0.04150	0.01288	0.01475	0.00898	0.01251	0.00850	0.01050	0.00618	0.00727	0.00532	0.00366	0.00299	0.00100	0.00483	0.00245	0.00177	0.00547
46	0.00938	0.20034	0.42167	0.01277	0.04966	0.01135	0.21255	0.01302	0.00898	0.01247	0.00734	0.00898	0.00559	0.00374	0.00391	0.00124	0.00594	0.00337	0.00186	0.00585
47	0.00527	0.00386	0.00530	0.00657	0.03885	0.00363	0.00421	0.00606	0.00801	0.01072	0.02229	0.81773	0.02664	0.01264	0.00525	0.00167	0.00251	0.01148	0.00378	0.00350

[dist]
# distance from previous block
# <min> <max>
0	7

[block]
# block no. 5 follows, 64 sequences, length 72
# corresponding to MSA columns:
# 284-355
name=unknown_F
#
# <colnr> <probs for GDERKNQSTAVLIFYWHMCP>
#	G	D	E	R	K	N	Q	S	T	A	V	L	I	F	Y	W	H	M	C	P
0	0.00841	0.00764	0.01129	0.57833	0.02274	0.00928	0.00984	0.01355	0.23119	0.01247	0.01067	0.04879	0.00845	0.00494	0.00422	0.00140	0.00478	0.00432	0.00259	0.00510
1	0.02205	0.00786	0.01197	0.01606	0.41572	0.00782	0.00886	0.06963	0.02962	0.09814	0.01370	0.24197	0.02530	0.00665	0.00444	0.00137	0.00396	0.00606	0.00311	0.00571
2	0.00953	0.00912	0.01513	0.23592	0.54742	0.02112	0.02548	0.01211	0.02161	0.01257	0.00806	0.01128	0.00675	0.04080	0.00487	0.00140	0.00510	0.00382	0.00206	0.00585
3	0.01021	0.00976	0.01650	0.02466	0.79256	0.00968	0.01241	0.01265	0.00942	0.01357	0.00779	0.01021	0.00656	0.00367	0.00407	0.00121	0.00485	0.00365	0.00207	0.04450
4	0.01367	0.01057	0.00988	0.00832	0.01075	0.18125	0.00654	0.28051	0.03760	0.17859	0.04114	0.11361	0.07643	0.00640	0.00430	0.00129	0.00440	0.00512	0.00389	0.00576
5	0.01118	0.04371	0.26048	0.03630	0.12881	0.23602	0.02255	0.01379	0.01019	0.07906	0.07790	0.02522	0.02733	0.00476	0.00403	0.00123	0.00556	0.00380	0.00251	0.00554
6	0.01643	0.24071	0.01306	0.00746	0.01072	0.04505	0.00646	0.01794	0.01094	0.56998	0.01304	0.01180	0.00871	0.00467	0.00374	0.00117	0.00396	0.00358	0.00409	0.00649
7	0.01023	0.02030	0.57141	0.01134	0.01616	0.23656	0.01296	0.01390	0.00963	0.01230	0.00780	0.01007	0.00610	0.00437	0.00397	0.00127	0.00641	0.03759	0.00195	0.00568
8	0.02178	0.03839	0.07436	0.01361	0.05165	0.01149	0.33042	0.23240	0.01175	0.01624	0.00837	0.02194	0.00656	0.00467	0.00586	0.00140	0.13644	0.00419	0.00261	0.00587
9	0.00842	0.03541	0.50565	0.01085	0.01476	0.01018	0.01233	0.01197	0.02329	0.01250	0.06354	0.01090	0.01937	0.00528	0.00666	0.00145	0.23628	0.00362	0.00204	0.00550
10	0.00593	0.00445	0.00668	0.00668	0.00742	0.00519	0.00519	0.00742	0.00668	0.00964	0.01113	0.01632	0.01038	0.03115	0.83756	0.00668	0.01113	0.00445	0.00223	0.00371
11	0.00995	0.01079	0.01227	0.61537	0.02428	0.23647	0.01057	0.01225	0.00926	0.01049	0.00712	0.01009	0.00549	0.00419	0.00404	0.00130	0.00607	0.00341	0.00193	0.00467
12	0.01342	0.01554	0.01508	0.01223	0.01506	0.44733	0.22875	0.08924	0.09772	0.01326	0.00840	0.00959	0.00655	0.00427	0.00415	0.00121	0.00664	0.00360	0.00253	0.00542
13	0.01438	0.01075	0.01154	0.00919	0.01224	0.01198	0.00748	0.57287	0.23912	0.04810	0.01207	0.01161	0.00870	0.00517	0.00418	0.00129	0.00419	0.00402	0.00420	0.00693
14	0.00986	0.00537	0.00735	0.00737	0.00898	0.00507	0.00632	0.01164	0.01019	0.23697	0.02164	0.03747	0.06768	0.00968	0.00526	0.00171	0.00364	0.53488	0.00419	0.00470
15	0.00854	0.01125	0.23469	0.00771	0.01208	0.00666	0.00778	0.01120	0.00866	0.01343	0.00740	0.00866	0.00591	0.00331	0.00331	0.00081	0.00392	0.00263	0.00227	0.63978
16	0.01452	0.00607	0.00823	0.00689	0.00925	0.00531	0.00543	0.01589	0.01076	0.57819	0.03297	0.24409	0.01547	0.00733	0.00448	0.00139	0.00319	0.00631	0.00474	0.01951
17	0.01657	0.01038	0.01169	0.00896	0.01226	0.01102	0.00740	0.59638	0.01743	0.24702	0.01173	0.01112	0.00795	0.00503	0.00416	0.00126	0.00429	0.00386	0.00443	0.00707
18	0.01597	0.01008	0.01135	0.00884	0.01203	0.01074	0.00726	0.50868	0.10612	0.24605	0.01250	0.01173	0.00857	0.00510	0.00417	0.00128	0.00414	0.00397	0.00443	0.00701
19	0.00942	0.00517	0.00749	0.00687	0.00829	0.00544	0.00544	0.01094	0.00811	0.23502	0.01257	0.01572	0.01036	0.02401	0.60888	0.00520	0.00904	0.00438	0.00303	0.00463
20	0.00980	0.01120	0.02451	0.01751	0.02171	0.01050	0.81303	0.01331	0.00980	0.01331	0.00840	0.01120	0.00630	0.00350	0.00490	0.00140	0.00700	0.00490	0.00210	0.00560
21	0.00940	0.01403	0.24623	0.01595	0.02068	0.01027	0.59414	0.01326	0.00952	0.01326	0.00814	0.01054	0.00602	0.00362	0.00464	0.00138	0.00677	0.00440	0.00201	0.00575
22	0.00993	0.01084	0.02241	0.01970	0.24299	0.01033	0.59343	0.01315	0.00971	0.01338	0.00824	0.01095	0.00638	0.00356	0.00469	0.00135	0.00644	0.00457	0.00209	0.00587
23	0.01015	0.01024	0.01896	0.02330	0.60683	0.01004	0.23235	0.01290	0.00955	0.01350	0.00798	0.01053	0.00650	0.00365	0.00433	0.00128	0.00550	0.00403	0.00207	0.00631
24	0.00551	0.00393	0.00533	0.00630	0.00673	0.00376	0.00463	0.00656	0.00839	0.01110	0.02265	0.63056	0.02649	0.01259	0.00542	0.00175	0.00280	0.22813	0.00385	0.00350
25	0.00798	0.01125	0.23748	0.61568	0.02569	0.00934	0.01258	0.01131	0.00843	0.01131	0.00740	0.01044	0.00546	0.00410	0.00410	0.00137	0.00570	0.00352	0.00182	0.00503
26	0.00588	0.00425	0.00555	0.00523	0.00621	0.00392	0.00392	0.00784	0.01176	0.01666	0.82592	0.03103	0.03919	0.00849	0.00490	0.00131	0.00196	0.00751	0.00457	0.00392
27	0.00774	0.00387	0.00387	0.00387	0.00484	0.00387	0.00290	0.00968	0.00871	0.01549	0.01355	0.01549	0.01065	0.00484	0.00290	0.00097	0.00194	0.00387	0.87708	0.00387
28	0.00917	0.27470	0.58666	0.01040	0.01576	0.01171	0.01285	0.01294	0.00867	0.01213	0.00694	0.00813	0.00528	0.00383	0.00356	0.00119	0.00562	0.00281	0.00176	0.00589
29	0.00588	0.00425	0.00555	0.00523	0.00621	0.00392	0.00392	0.00784	0.01176	0.01666	0.82592	0.03103	0.03919	0.00849	0.00490	0.00131	0.00196	0.00751	0.00457	0.00392
30	0.00774	0.00387	0.00387	0.00387	0.00484	0.00387	0.00290	0.00968	0.00871	0.01549	0.01355	0.01549	0.01065	0.00484	0.00290	0.00097	0.00194	0.00387	0.87708	0.00387
31	0.25386	0.01065	0.01072	0.00843	0.01155	0.01190	0.00696	0.59417	0.01611	0.02411	0.00882	0.00909	0.00636	0.00468	0.00372	0.00126	0.00420	0.00333	0.00372	0.00636
32	0.01864	0.00707	0.00964	0.00739	0.01060	0.00611	0.00611	0.02024	0.01189	0.83099	0.01639	0.01414	0.01028	0.00514	0.00418	0.00129	0.00353	0.00418	0.00514	0.00707
33	0.00596	0.00433	0.00609	0.00609	0.00663	0.00487	0.00446	0.00704	0.00650	0.00921	0.01166	0.01930	0.01168	0.25695	0.61353	0.00595	0.00918	0.00489	0.00231	0.00338
34	0.00506	0.00361	0.00482	0.00578	0.00602	0.00337	0.00386	0.00578	0.00795	0.01060	0.02289	0.85131	0.02747	0.01301	0.00530	0.00169	0.00241	0.01181	0.00386	0.00337
35	0.64231	0.00698	0.00558	0.00512	0.00737	0.00772	0.00413	0.01050	0.00773	0.01660	0.01574	0.01587	0.23004	0.00568	0.00321	0.00132	0.00291	0.00404	0.00292	0.00423
36	0.00518	0.00422	0.00458	0.00449	0.00577	0.00362	0.00337	0.00648	0.01010	0.01271	0.25717	0.03752	0.61041	0.00996	0.00491	0.00138	0.00206	0.00842	0.00405	0.00362
37	0.24899	0.00880	0.01091	0.00941	0.01012	0.01179	0.00783	0.01060	0.00656	0.01237	0.00554	0.00845	0.00519	0.00633	0.01060	0.00167	0.61504	0.00325	0.00202	0.00453
38	0.01111	0.85652	0.02177	0.00711	0.01066	0.01644	0.00711	0.01244	0.00844	0.00977	0.00577	0.00666	0.00533	0.00355	0.00267	0.00089	0.00444	0.00222	0.00178	0.00533
39	0.01637	0.01630	0.01119	0.00979	0.01223	0.60925	0.00750	0.01759	0.01180	0.23540	0.00916	0.00931	0.00670	0.00452	0.00386	0.00113	0.00641	0.00309	0.00296	0.00543
40	0.01075	0.62456	0.02252	0.00996	0.01369	0.01481	0.22825	0.01268	0.00881	0.01074	0.00650	0.00791	0.00560	0.00354	0.00328	0.00103	0.00514	0.00296	0.00187	0.00541
41	0.00795	0.00789	0.01441	0.44866	0.03536	0.00856	0.22999	0.01067	0.00913	0.01193	0.07387	0.01577	0.09770	0.00499	0.00450	0.00138	0.00528	0.00487	0.00235	0.00474
42	0.00784	0.00738	0.01246	0.84404	0.02861	0.00923	0.01154	0.01061	0.00831	0.01061	0.00738	0.01107	0.00554	0.00415	0.00415	0.00138	0.00554	0.00369	0.00185	0.00461
43	0.00502	0.00378	0.00465	0.00535	0.00591	0.00341	0.00366	0.00583	0.00837	0.01077	0.02816	0.62868	0.24671	0.01233	0.00519	0.00161	0.00233	0.01097	0.00386	0.00341
44	0.01657	0.24016	0.01297	0.00731	0.01062	0.00894	0.00638	0.01810	0.01094	0.60564	0.01348	0.01209	0.00892	0.00471	0.00376	0.00118	0.00378	0.00364	0.00422	0.00659
45	0.01111	0.85652	0.02177	0.00711	0.01066	0.01644	0.00711	0.01244	0.00844	0.00977	0.00577	0.00666	0.00533	0.00355	0.00267	0.00089	0.00444	0.00222	0.00178	0.00533
46	0.00909	0.00909	0.01272	0.01091	0.01091	0.01272	0.00909	0.01000	0.00636	0.01000	0.00545	0.00909	0.00545	0.00727	0.01363	0.00182	0.84642	0.00364	0.00182	0.00454
47	0.00577	0.00391	0.00461	0.00487	0.00494	0.00385	0.00288	0.00597	0.00657	0.00875	0.01578	0.25333	0.01850	0.62325	0.01680	0.00338	0.00358	0.00762	0.00288	0.00275
48	0.64280	0.00714	0.00627	0.00606	0.00819	0.00807	0.00510	0.01122	0.00775	0.01693	0.01023	0.01775	0.00982	0.00595	0.00344	0.00146	0.00338	0.22120	0.00291	0.00431
49	0.88336	0.00803	0.00611	0.00546	0.00803	0.00932	0.00450	0.01221	0.00707	0.01864	0.00578	0.00675	0.00450	0.00386	0.00257	0.00129	0.00321	0.00225	0.00257	0.00450
50	0.01028	0.00987	0.01686	0.02550	0.82811	0.00987	0.01275	0.01275	0.00946	0.01357	0.00781	0.01028	0.00658	0.00370	0.00411	0.00123	0.00493	0.00370	0.00206	0.00658
51	0.00636	0.00570	0.01022	0.00900	0.01033	0.00533	0.22590	0.00785	0.00846	0.01134	0.01892	0.62078	0.02166	0.01040	0.00519	0.00161	0.00367	0.00991	0.00337	0.00399
52	0.00909	0.00909	0.01272	0.01091	0.01091	0.01272	0.00909	0.01000	0.00636	0.01000	0.00545	0.00909	0.00545	0.00727	0.01363	0.00182	0.84642	0.00364	0.00182	0.00454
53	0.00529	0.00379	0.00502	0.00563	0.00607	0.00352	0.00387	0.00635	0.00900	0.01226	0.24325	0.62622	0.03069	0.01177	0.00519	0.00158	0.00229	0.01063	0.00405	0.00352
54	0.88336	0.00803	0.00611	0.00546	0.00803	0.00932	0.00450	0.01221	0.00707	0.01864	0.00578	0.00675	0.00450	0.00386	0.00257	0.00129	0.00321	0.00225	0.00257	0.00450
55	0.00601	0.00414	0.00512	0.00512	0.00532	0.00435	0.00325	0.00642	0.00621	0.00849	0.01255	0.02420	0.01381	0.62822	0.24517	0.00475	0.00597	0.00560	0.00244	0.00284
56	0.00876	0.00492	0.00587	0.00543	0.00714	0.00424	0.00419	0.00994	0.00990	0.23611	0.03145	0.15713	0.45444	0.00946	0.00480	0.00143	0.00260	0.03352	0.00421	0.00447
57	0.01038	0.00894	0.01290	0.24351	0.29279	0.02136	0.01006	0.03852	0.23759	0.06525	0.01083	0.01216	0.00824	0.00450	0.00416	0.00133	0.00457	0.00399	0.00286	0.00606
58	0.00495	0.00405	0.00438	0.00464	0.00572	0.00347	0.00335	0.00591	0.00905	0.01105	0.03681	0.26261	0.60719	0.01120	0.00502	0.00148	0.00219	0.00960	0.00386	0.00347
59	0.00851	0.00807	0.01367	0.61943	0.24800	0.00940	0.01187	0.01120	0.00862	0.01142	0.00750	0.01086	0.00582	0.00403	0.00414	0.00134	0.00537	0.00369	0.00190	0.00515
60	0.01069	0.11398	0.51506	0.01067	0.01575	0.01131	0.01236	0.23290	0.01168	0.01634	0.00795	0.00886	0.00576	0.00419	0.00386	0.00125	0.00552	0.00316	0.00242	0.00630
61	0.01257	0.00910	0.01488	0.02053	0.60378	0.00884	0.01092	0.01480	0.01013	0.23787	0.01017	0.01134	0.00760	0.00410	0.00413	0.00125	0.00455	0.00383	0.00290	0.00671
62	0.00506	0.00361	0.00482	0.00578	0.00602	0.00337	0.00386	0.00578	0.00795	0.01060	0.02289	0.85131	0.02747	0.01301	0.00530	0.00169	0.00241	0.01181	0.00386	0.00337
63	0.01280	0.00851	0.02761	0.01047	0.01359	0.00786	0.26050	0.06171	0.06806	0.31804	0.03427	0.01557	0.06443	0.01513	0.01440	0.03957	0.00468	0.01325	0.00368	0.00589
64	0.00883	0.15774	0.67489	0.01124	0.01690	0.01078	0.03869	0.01304	0.00875	0.01261	0.00721	0.00850	0.00531	0.00387	0.00377	0.00125	0.00589	0.00299	0.00177	0.00599
65	0.00502	0.00378	0.00465	0.00535	0.00591	0.00341	0.00366	0.00583	0.00837	0.01077	0.02816	0.62868	0.24671	0.01233	0.00519	0.00161	0.00233	0.01097	0.00386	0.00341
66	0.00853	0.01304	0.32784	0.02749	0.13455	0.00844	0.13172	0.01206	0.02358	0.02229	0.01190	0.02002	0.01092	0.00596	0.00462	0.00148	0.00537	0.22221	0.00250	0.00548
67	0.01183	0.01177	0.01459	0.01914	0.50184	0.19060	0.02008	0.07764	0.01098	0.03702	0.05790	0.01103	0.00844	0.00426	0.00409	0.00121	0.00527	0.00374	0.00248	0.00607
68	0.02077	0.00953	0.01135	0.01308	0.23493	0.05777	0.00820	0.03156	0.47125	0.02880	0.01387	0.05843	0.01115	0.00538	0.00420	0.00135	0.00396	0.00464	0.00348	0.00629
69	0.01017	0.00671	0.00893	0.23637	0.01396	0.04245	0.00690	0.04156	0.01083	0.20406	0.28248	0.03443	0.02902	0.01540	0.02000	0.00146	0.00389	0.02270	0.00373	0.00496
70	0.12682	0.08943	0.56030	0.04645	0.01598	0.01000	0.01240	0.01337	0.02296	0.05496	0.00770	0.00881	0.00556	0.00400	0.00368	0.00128	0.00539	0.00300	0.00208	0.00584
71	0.02002	0.04405	0.19012	0.01623	0.37738	0.00886	0.02153	0.02143	0.00922	0.02660	0.02280	0.04644	0.00769	0.00416	0.00389	0.00115	0.00465	0.00370	0.00226	0.16782

[dist]
# distance from previous block
# <min> <max>
1	34

[block]
# block no. 6 follows, 64 sequences, length 7
# corresponding to MSA columns:
# 390-396
name=unknown_G
#
# <colnr> <probs for GDERKNQSTAVLIFYWHMCP>
#	G	D	E	R	K	N	Q	S	T	A	V	L	I	F	Y	W	H	M	C	P
0	0.00856	0.00813	0.01379	0.37585	0.30698	0.00907	0.05130	0.01094	0.00864	0.01176	0.00918	0.10302	0.00835	0.00510	0.00482	0.00139	0.05110	0.00464	0.00215	0.00522
1	0.01186	0.08464	0.18774	0.04353	0.17848	0.18611	0.06545	0.05786	0.02943	0.08413	0.02679	0.01007	0.00710	0.00421	0.00396	0.00122	0.00561	0.00346	0.00247	0.00588
2	0.00931	0.06097	0.45611	0.01232	0.05103	0.00943	0.15968	0.01300	0.00896	0.07121	0.00860	0.01038	0.00644	0.00691	0.09568	0.00189	0.00652	0.00362	0.00213	0.00582
3	0.00911	0.00716	0.01157	0.32298	0.23702	0.00770	0.00956	0.01125	0.00904	0.10168	0.01228	0.16364	0.01154	0.00623	0.00446	0.00142	0.00448	0.06098	0.00276	0.00514
