[name]
unknown

[dist]
# distance from previous block
# <min> <max>
0	574

[block]
# block no. 0 follows, 63 sequences, length 175
# corresponding to MSA columns:
# 586-604,607-614,622-769
name=unknown_A
#
# <colnr> <probs for GDERKNQSTAVLIFYWHMCP>
#	G	D	E	R	K	N	Q	S	T	A	V	L	I	F	Y	W	H	M	C	P
0	0.00677	0.00484	0.00677	0.00774	0.00871	0.00484	0.00677	0.00871	0.00968	0.01258	0.02226	0.04742	0.02419	0.01161	0.00581	0.00194	0.00387	0.79775	0.00387	0.00387
1	0.00595	0.00430	0.00562	0.00529	0.00628	0.00397	0.00397	0.00793	0.01190	0.01686	0.82382	0.03140	0.03966	0.00859	0.00496	0.00132	0.00198	0.00760	0.00463	0.00397
2	0.01040	0.00999	0.01706	0.02580	0.82604	0.00999	0.01290	0.01290	0.00957	0.01373	0.00791	0.01040	0.00666	0.00375	0.00416	0.00125	0.00499	0.00375	0.00208	0.00666
3	0.00512	0.00366	0.00488	0.00585	0.00610	0.00341	0.00390	0.00585	0.00805	0.01073	0.02317	0.84952	0.02780	0.01317	0.00537	0.00171	0.00244	0.01195	0.00390	0.00341
4	0.01088	0.00924	0.00975	0.00864	0.01109	0.01066	0.00676	0.08332	0.75677	0.01827	0.01657	0.01525	0.01239	0.00565	0.00427	0.00141	0.00343	0.00468	0.00427	0.00669
5	0.01106	0.00787	0.00910	0.00695	0.01033	0.01796	0.00556	0.01470	0.15745	0.16954	0.01096	0.01104	0.00822	0.00400	0.00355	0.00090	0.00330	0.00324	0.00333	0.54093
6	0.00914	0.23317	0.62530	0.01077	0.01631	0.01151	0.01342	0.01313	0.00879	0.01244	0.00711	0.00833	0.00534	0.00389	0.00366	0.00122	0.00578	0.00289	0.00178	0.00601
7	0.00511	0.00369	0.00485	0.00578	0.00608	0.00342	0.00387	0.00586	0.00812	0.01076	0.02412	0.80991	0.06680	0.01305	0.00535	0.00169	0.00242	0.01180	0.00390	0.00342
8	0.00499	0.00426	0.00428	0.00428	0.00569	0.00356	0.00321	0.00607	0.00963	0.01146	0.05745	0.04028	0.80941	0.01061	0.00497	0.00142	0.00213	0.00885	0.00392	0.00356
9	0.01147	0.01388	0.06792	0.01424	0.01771	0.23619	0.43730	0.05537	0.01087	0.01322	0.02556	0.02453	0.00764	0.00441	0.00469	0.00134	0.01775	0.02813	0.00235	0.00542
10	0.01190	0.01357	0.01996	0.01498	0.01852	0.23223	0.51312	0.08120	0.01125	0.01366	0.00837	0.02552	0.00658	0.00406	0.00459	0.00132	0.00693	0.00438	0.00234	0.00554
11	0.01544	0.01056	0.01148	0.00889	0.01201	0.01149	0.00732	0.65804	0.01795	0.10061	0.01106	0.01104	0.00781	0.00505	0.00408	0.00124	0.00426	0.00384	0.09099	0.00683
12	0.00666	0.00477	0.00671	0.00769	0.01926	0.00479	0.00643	0.00839	0.00926	0.01213	0.02110	0.10142	0.02300	0.02848	0.04990	0.01908	0.00417	0.65926	0.00370	0.00381
13	0.00992	0.01134	0.02481	0.01772	0.02197	0.01063	0.81077	0.01347	0.00992	0.01347	0.00850	0.01134	0.00638	0.00354	0.00496	0.00142	0.00709	0.00496	0.00213	0.00567
14	0.00602	0.00443	0.00638	0.00638	0.00700	0.00505	0.00478	0.00726	0.00664	0.00948	0.01161	0.01844	0.01134	0.17505	0.69322	0.00629	0.01000	0.00479	0.00230	0.00354
15	0.00568	0.00470	0.00508	0.00514	0.00655	0.00426	0.00402	0.00770	0.06849	0.01222	0.06875	0.03936	0.61193	0.01035	0.00505	0.00149	0.00248	0.12896	0.00395	0.00384
16	0.01570	0.02004	0.01191	0.01083	0.01300	0.83539	0.00812	0.01679	0.01191	0.01029	0.00650	0.00758	0.00541	0.00433	0.00379	0.00108	0.00758	0.00271	0.00217	0.00487
17	0.00891	0.00747	0.00874	0.00625	0.00998	0.00561	0.00500	0.01077	0.00878	0.02898	0.00764	0.00882	0.00630	0.00315	0.00313	0.00064	0.00312	0.00252	0.00254	0.86164
18	0.00661	0.00416	0.00498	0.00477	0.00577	0.00394	0.00358	0.00856	0.01074	0.01631	0.51489	0.02593	0.04616	0.00731	0.00423	0.00120	0.00198	0.00630	0.31865	0.00394
19	0.00863	0.00817	0.01374	0.58349	0.24446	0.00955	0.01186	0.01128	0.00868	0.01156	0.00776	0.01148	0.00617	0.00428	0.00450	0.00138	0.03011	0.01577	0.00196	0.00520
20	0.01086	0.74105	0.13242	0.00785	0.01180	0.01570	0.00833	0.01269	0.00859	0.01036	0.00608	0.00703	0.00539	0.00365	0.00287	0.00096	0.00473	0.00237	0.00180	0.00551
21	0.00794	0.00747	0.01261	0.84216	0.02895	0.00934	0.01167	0.01074	0.00841	0.01074	0.00747	0.01121	0.00560	0.00420	0.00420	0.00140	0.00560	0.00374	0.00187	0.00467
22	0.00843	0.02174	0.83048	0.01198	0.01819	0.00976	0.01553	0.01331	0.00888	0.01331	0.00754	0.00888	0.00533	0.00399	0.00399	0.00133	0.00621	0.00311	0.00178	0.00621
23	0.00512	0.00366	0.00488	0.00585	0.00610	0.00341	0.00390	0.00585	0.00805	0.01073	0.02317	0.84952	0.02780	0.01317	0.00537	0.00171	0.00244	0.01195	0.00390	0.00341
24	0.01141	0.82332	0.02166	0.00731	0.01087	0.03235	0.00723	0.02726	0.00881	0.01020	0.00593	0.00682	0.00543	0.00364	0.00275	0.00091	0.00456	0.00228	0.00185	0.00542
25	0.00512	0.00366	0.00488	0.00585	0.00610	0.00341	0.00390	0.00585	0.00805	0.01073	0.02317	0.84952	0.02780	0.01317	0.00537	0.00171	0.00244	0.01195	0.00390	0.00341
26	0.00794	0.00747	0.01261	0.84216	0.02895	0.00934	0.01167	0.01074	0.00841	0.01074	0.00747	0.01121	0.00560	0.00420	0.00420	0.00140	0.00560	0.00374	0.00187	0.00467
27	0.88196	0.00813	0.00618	0.00553	0.00813	0.00943	0.00455	0.01236	0.00715	0.01886	0.00585	0.00683	0.00455	0.00390	0.00260	0.00130	0.00325	0.00228	0.00260	0.00455
28	0.00601	0.00449	0.00671	0.00671	0.00744	0.00523	0.00519	0.00748	0.00674	0.00972	0.01130	0.01676	0.01062	0.05004	0.81724	0.00670	0.01110	0.00454	0.00226	0.00373
29	0.01021	0.00979	0.01671	0.09049	0.76288	0.00994	0.01280	0.01273	0.00948	0.01350	0.00787	0.01047	0.00658	0.00378	0.00416	0.00126	0.00504	0.00374	0.00206	0.00650
30	0.00497	0.00426	0.00426	0.00426	0.00568	0.00355	0.00319	0.00603	0.00958	0.01136	0.04259	0.04046	0.82433	0.01065	0.00497	0.00142	0.00213	0.00887	0.00390	0.00355
31	0.00872	0.00747	0.00872	0.00623	0.00996	0.00560	0.00498	0.01058	0.00872	0.01370	0.00747	0.00872	0.00623	0.00311	0.00311	0.00062	0.00311	0.00249	0.00249	0.87796
32	0.00895	0.01096	0.17436	0.01118	0.01457	0.00855	0.25800	0.01392	0.17645	0.04122	0.15286	0.04199	0.05643	0.00566	0.00462	0.00139	0.00475	0.00540	0.00318	0.00556
33	0.00501	0.00426	0.00431	0.00430	0.00570	0.00356	0.00322	0.00611	0.00967	0.01157	0.07275	0.04011	0.79404	0.01057	0.00497	0.00142	0.00212	0.00882	0.00393	0.00356
34	0.00850	0.02123	0.79082	0.01226	0.01838	0.00981	0.05468	0.01332	0.00893	0.01332	0.00759	0.00900	0.00538	0.00397	0.00404	0.00134	0.00626	0.00320	0.00179	0.00619
35	0.01570	0.02004	0.01191	0.01083	0.01300	0.83539	0.00812	0.01679	0.01191	0.01029	0.00650	0.00758	0.00541	0.00433	0.00379	0.00108	0.00758	0.00271	0.00217	0.00487
36	0.00556	0.00401	0.00534	0.00627	0.00670	0.00385	0.00450	0.00679	0.02889	0.01124	0.02285	0.68145	0.02676	0.01270	0.00542	0.00174	0.00272	0.15572	0.00391	0.00358
37	0.88196	0.00813	0.00618	0.00553	0.00813	0.00943	0.00455	0.01236	0.00715	0.01886	0.00585	0.00683	0.00455	0.00390	0.00260	0.00130	0.00325	0.00228	0.00260	0.00455
38	0.01879	0.00726	0.00982	0.00753	0.01079	0.00634	0.00622	0.03939	0.01222	0.80979	0.01643	0.01421	0.01033	0.00520	0.00423	0.00130	0.00360	0.00422	0.00518	0.00715
39	0.01058	0.00909	0.00957	0.00858	0.01098	0.01051	0.00668	0.03947	0.80112	0.01778	0.01696	0.01556	0.01271	0.00569	0.00428	0.00142	0.00336	0.00473	0.00428	0.00666
40	0.13412	0.00433	0.00506	0.00577	0.00635	0.00432	0.00396	0.00682	0.00786	0.01185	0.02033	0.70138	0.02402	0.03651	0.00543	0.00172	0.00261	0.01036	0.00367	0.00356
41	0.01124	0.85479	0.02203	0.00719	0.01079	0.01663	0.00719	0.01259	0.00854	0.00989	0.00584	0.00674	0.00539	0.00360	0.00270	0.00090	0.00450	0.00225	0.00180	0.00539
42	0.00992	0.01134	0.02481	0.01772	0.02197	0.01063	0.81077	0.01347	0.00992	0.01347	0.00850	0.01134	0.00638	0.00354	0.00496	0.00142	0.00709	0.00496	0.00213	0.00567
43	0.00611	0.00408	0.00462	0.00462	0.00463	0.00409	0.00259	0.00614	0.00612	0.00818	0.01321	0.02733	0.01521	0.83914	0.03441	0.00412	0.00419	0.00609	0.00254	0.00257
44	0.01124	0.85479	0.02203	0.00719	0.01079	0.01663	0.00719	0.01259	0.00854	0.00989	0.00584	0.00674	0.00539	0.00360	0.00270	0.00090	0.00450	0.00225	0.00180	0.00539
45	0.01037	0.00894	0.00943	0.00850	0.01085	0.01034	0.00660	0.02207	0.80373	0.01757	0.03183	0.01597	0.01332	0.00576	0.00429	0.00142	0.00330	0.00480	0.00428	0.00660
46	0.00503	0.00422	0.00437	0.00441	0.00573	0.00356	0.00328	0.00611	0.00959	0.01158	0.07935	0.09271	0.73425	0.01071	0.00499	0.00143	0.00214	0.00901	0.00394	0.00356
47	0.01124	0.85479	0.02203	0.00719	0.01079	0.01663	0.00719	0.01259	0.00854	0.00989	0.00584	0.00674	0.00539	0.00360	0.00270	0.00090	0.00450	0.00225	0.00180	0.00539
48	0.00591	0.00400	0.00469	0.00491	0.00498	0.00395	0.00292	0.00611	0.00659	0.00878	0.01554	0.20391	0.01813	0.65712	0.01768	0.00353	0.00372	0.02191	0.00286	0.00276
49	0.01598	0.01177	0.01262	0.00967	0.01304	0.01304	0.00799	0.81202	0.01976	0.02649	0.01009	0.01009	0.00715	0.00505	0.00421	0.00126	0.00463	0.00378	0.00421	0.00715
50	0.01113	0.77802	0.07945	0.00761	0.01136	0.03320	0.00781	0.01273	0.00864	0.01014	0.00598	0.00691	0.00539	0.00364	0.00281	0.00093	0.00468	0.00232	0.00180	0.00544
51	0.01570	0.02004	0.01191	0.01083	0.01300	0.83539	0.00812	0.01679	0.01191	0.01029	0.00650	0.00758	0.00541	0.00433	0.00379	0.00108	0.00758	0.00271	0.00217	0.00487
52	0.01124	0.85479	0.02203	0.00719	0.01079	0.01663	0.00719	0.01259	0.00854	0.00989	0.00584	0.00674	0.00539	0.00360	0.00270	0.00090	0.00450	0.00225	0.00180	0.00539
53	0.00505	0.00412	0.00446	0.00467	0.00580	0.00354	0.00339	0.00608	0.00934	0.01146	0.07318	0.22388	0.60819	0.01113	0.00506	0.00148	0.00219	0.00951	0.00394	0.00354
54	0.00794	0.00747	0.01261	0.84216	0.02895	0.00934	0.01167	0.01074	0.00841	0.01074	0.00747	0.01121	0.00560	0.00420	0.00420	0.00140	0.00560	0.00374	0.00187	0.00467
55	0.01035	0.00993	0.01696	0.04474	0.80755	0.00997	0.01287	0.01285	0.00954	0.01366	0.00790	0.01042	0.00663	0.00376	0.00416	0.00125	0.00501	0.00375	0.00208	0.00661
56	0.00513	0.00371	0.00485	0.00574	0.00607	0.00343	0.00386	0.00590	0.00821	0.01087	0.03777	0.78331	0.07977	0.01293	0.00533	0.00168	0.00241	0.01168	0.00391	0.00343
57	0.05410	0.81311	0.02125	0.00711	0.01066	0.01628	0.00706	0.01258	0.00847	0.01033	0.00584	0.00675	0.00535	0.00361	0.00269	0.00092	0.00443	0.00225	0.00184	0.00535
58	0.81735	0.00902	0.00661	0.00592	0.00849	0.07103	0.00482	0.01269	0.00751	0.01822	0.00590	0.00689	0.00462	0.00393	0.00269	0.00128	0.00357	0.00231	0.00257	0.00458
59	0.00597	0.00403	0.00461	0.00473	0.00478	0.00399	0.00272	0.00608	0.00641	0.00852	0.01497	0.12436	0.03215	0.73764	0.01920	0.00375	0.00385	0.00685	0.00273	0.00267
60	0.00925	0.00735	0.00863	0.00623	0.00986	0.00559	0.00499	0.01111	0.00890	0.05891	0.00816	0.00923	0.00659	0.00328	0.00317	0.00067	0.00310	0.00263	0.02834	0.80400
61	0.00598	0.00463	0.00639	0.01991	0.00725	0.00515	0.00485	0.00693	0.00742	0.01029	0.03483	0.41914	0.01934	0.09942	0.23037	0.00329	0.09992	0.00822	0.00308	0.00359
62	0.00512	0.00366	0.00488	0.00585	0.00610	0.00341	0.00390	0.00585	0.00805	0.01073	0.02317	0.84952	0.02780	0.01317	0.00537	0.00171	0.00244	0.01195	0.00390	0.00341
63	0.01024	0.00951	0.01557	0.03891	0.59918	0.00918	0.04485	0.02436	0.00959	0.02687	0.00801	0.01021	0.00661	0.00367	0.00400	0.00114	0.00472	0.00357	0.00224	0.16757
64	0.00794	0.00747	0.01261	0.84216	0.02895	0.00934	0.01167	0.01074	0.00841	0.01074	0.00747	0.01121	0.00560	0.00420	0.00420	0.00140	0.00560	0.00374	0.00187	0.00467
65	0.00514	0.00387	0.00477	0.00547	0.00607	0.00351	0.00381	0.00601	0.00855	0.01098	0.02869	0.58802	0.25566	0.01239	0.00527	0.00163	0.00240	0.04038	0.00390	0.00347
66	0.01051	0.01004	0.01708	0.02535	0.79759	0.01006	0.02423	0.02955	0.00979	0.01400	0.00796	0.01041	0.00666	0.00377	0.00417	0.00125	0.00502	0.00376	0.00213	0.00665
67	0.00917	0.00617	0.00592	0.00557	0.00702	0.04931	0.00425	0.01367	0.22030	0.03342	0.01428	0.01522	0.01102	0.00508	0.00336	0.00111	0.00265	0.00408	0.58365	0.00475
68	0.00513	0.00372	0.00485	0.00572	0.00607	0.00344	0.00385	0.00591	0.00825	0.01091	0.04188	0.77141	0.08760	0.01288	0.00533	0.00168	0.00241	0.01163	0.00392	0.00344
69	0.00545	0.00383	0.00481	0.00547	0.00570	0.00365	0.00354	0.00600	0.00756	0.01003	0.02079	0.56364	0.04794	0.26169	0.01011	0.00241	0.00295	0.02776	0.00350	0.00317
70	0.00561	0.00391	0.00496	0.00559	0.00583	0.00377	0.00371	0.00622	0.00760	0.01012	0.03126	0.49441	0.02350	0.29165	0.01072	0.00251	0.00310	0.07891	0.00346	0.00317
71	0.01570	0.02004	0.01191	0.01083	0.01300	0.83539	0.00812	0.01679	0.01191	0.01029	0.00650	0.00758	0.00541	0.00433	0.00379	0.00108	0.00758	0.00271	0.00217	0.00487
72	0.01556	0.01968	0.01194	0.01082	0.01295	0.80533	0.00814	0.02786	0.01190	0.01051	0.00653	0.00765	0.00544	0.00441	0.00402	0.00110	0.02632	0.00274	0.00219	0.00490
73	0.01570	0.02004	0.01191	0.01083	0.01300	0.83539	0.00812	0.01679	0.01191	0.01029	0.00650	0.00758	0.00541	0.00433	0.00379	0.00108	0.00758	0.00271	0.00217	0.00487
74	0.00827	0.00746	0.01252	0.81708	0.02841	0.00924	0.01151	0.01103	0.00851	0.03532	0.00775	0.01130	0.00575	0.00423	0.00420	0.00140	0.00554	0.00375	0.00197	0.00474
75	0.00497	0.00426	0.00426	0.00426	0.00568	0.00355	0.00319	0.00603	0.00958	0.01136	0.04259	0.04046	0.82433	0.01065	0.00497	0.00142	0.00213	0.00887	0.00390	0.00355
76	0.00623	0.00440	0.00567	0.00547	0.00646	0.00409	0.00405	0.00825	0.03174	0.03525	0.64835	0.14261	0.06320	0.00913	0.00498	0.00138	0.00212	0.00809	0.00451	0.00402
77	0.00794	0.00747	0.01261	0.84216	0.02895	0.00934	0.01167	0.01074	0.00841	0.01074	0.00747	0.01121	0.00560	0.00420	0.00420	0.00140	0.00560	0.00374	0.00187	0.00467
78	0.00502	0.00420	0.00437	0.00447	0.00574	0.00355	0.00330	0.00608	0.00950	0.01149	0.06938	0.12589	0.71091	0.01084	0.00501	0.00145	0.00216	0.00915	0.00393	0.00355
79	0.42531	0.00873	0.00886	0.00722	0.01015	0.02720	0.02379	0.13167	0.03953	0.26455	0.01019	0.01000	0.00706	0.00453	0.00347	0.00130	0.00373	0.00324	0.00366	0.00582
80	0.00955	0.28909	0.54689	0.01041	0.01566	0.03627	0.01264	0.01318	0.00886	0.01213	0.00697	0.00815	0.00535	0.00388	0.00357	0.00119	0.00570	0.00282	0.00179	0.00591
81	0.39201	0.09192	0.01068	0.00822	0.01053	0.22288	0.02384	0.03227	0.04541	0.01474	0.00664	0.00788	0.00545	0.00451	0.00445	0.00128	0.10724	0.00276	0.00242	0.00490
82	0.00512	0.00367	0.00486	0.00582	0.00609	0.00342	0.00389	0.00586	0.00808	0.01075	0.02362	0.83075	0.04628	0.01311	0.00536	0.00170	0.00243	0.01188	0.00390	0.00342
83	0.06584	0.04342	0.55767	0.01156	0.01637	0.01028	0.07477	0.01284	0.00861	0.02499	0.02058	0.00935	0.00601	0.00447	0.00524	0.00139	0.11551	0.00333	0.00196	0.00580
84	0.00956	0.02859	0.39002	0.01208	0.01607	0.06945	0.14659	0.01340	0.05629	0.02763	0.00849	0.03234	0.00681	0.01685	0.00607	0.00146	0.14661	0.00387	0.00215	0.00566
85	0.00905	0.00628	0.00763	0.00713	0.02651	0.02379	0.01834	0.09173	0.06694	0.05547	0.04514	0.01639	0.01157	0.05705	0.22829	0.00285	0.04550	0.01770	0.25802	0.00463
86	0.00546	0.00414	0.00477	0.00497	0.00601	0.00363	0.00359	0.00657	0.00950	0.02995	0.14978	0.28597	0.44866	0.01100	0.00507	0.00149	0.00223	0.00953	0.00404	0.00365
87	0.00910	0.00746	0.00876	0.00627	0.00999	0.00563	0.00503	0.01096	0.00884	0.04438	0.00781	0.00893	0.00638	0.00319	0.00316	0.00065	0.00313	0.00256	0.00259	0.84518
88	0.01572	0.01967	0.01194	0.01078	0.01300	0.79902	0.00812	0.05195	0.01226	0.01100	0.00666	0.00769	0.00549	0.00436	0.00381	0.00109	0.00745	0.00276	0.00226	0.00497
89	0.00513	0.00368	0.00488	0.00582	0.00609	0.00342	0.00389	0.00588	0.00812	0.01082	0.03417	0.82664	0.03971	0.01307	0.00535	0.00170	0.00243	0.01185	0.00391	0.00342
90	0.02327	0.04887	0.62838	0.01164	0.01702	0.04810	0.04521	0.06605	0.02748	0.01403	0.00778	0.00904	0.00565	0.00416	0.00421	0.00132	0.02642	0.00321	0.00204	0.00611
91	0.01334	0.01035	0.01102	0.00900	0.01187	0.01160	0.00725	0.46149	0.33857	0.02240	0.02428	0.01320	0.02390	0.00545	0.00424	0.00133	0.00399	0.00431	0.01558	0.00681
92	0.00518	0.00381	0.00486	0.00557	0.00606	0.00349	0.00381	0.00608	0.00864	0.01141	0.10291	0.65545	0.14257	0.01237	0.00527	0.00163	0.00235	0.01109	0.00397	0.00349
93	0.00549	0.00439	0.00498	0.00515	0.00642	0.00388	0.00408	0.00685	0.00988	0.01229	0.13176	0.04091	0.55323	0.01061	0.00515	0.00152	0.00250	0.18324	0.00398	0.00367
94	0.00512	0.00366	0.00488	0.00585	0.00610	0.00341	0.00390	0.00585	0.00805	0.01073	0.02317	0.84952	0.02780	0.01317	0.00537	0.00171	0.00244	0.01195	0.00390	0.00341
95	0.01095	0.00910	0.00966	0.00857	0.01102	0.01045	0.00670	0.05841	0.75840	0.04165	0.01677	0.01539	0.01250	0.00566	0.00427	0.00141	0.00339	0.00469	0.00430	0.00669
96	0.79279	0.00936	0.00677	0.00607	0.00863	0.09444	0.00492	0.01281	0.00764	0.01798	0.00592	0.00691	0.00464	0.00395	0.00272	0.00128	0.00370	0.00232	0.00256	0.00459
97	0.01570	0.02004	0.01191	0.01083	0.01300	0.83539	0.00812	0.01679	0.01191	0.01029	0.00650	0.00758	0.00541	0.00433	0.00379	0.00108	0.00758	0.00271	0.00217	0.00487
98	0.01103	0.01175	0.01167	0.01039	0.01223	0.29743	0.11051	0.06704	0.01080	0.01252	0.01281	0.07542	0.01284	0.00733	0.00552	0.00150	0.07572	0.24587	0.00291	0.00471
99	0.00506	0.00407	0.00453	0.00487	0.00588	0.00353	0.00350	0.00604	0.00910	0.01124	0.04696	0.31426	0.53044	0.01149	0.00512	0.00152	0.00226	0.02271	0.00391	0.00351
100	0.02053	0.04925	0.11948	0.01513	0.01937	0.01057	0.55830	0.04481	0.04147	0.05380	0.00921	0.01153	0.00690	0.00393	0.00464	0.00138	0.00637	0.01508	0.00241	0.00585
101	0.00873	0.11098	0.74388	0.01147	0.01740	0.01050	0.01464	0.01324	0.00884	0.01295	0.00736	0.00865	0.00533	0.00395	0.00385	0.00128	0.00603	0.00301	0.00178	0.00613
102	0.00516	0.00368	0.00487	0.00580	0.00604	0.00344	0.00385	0.00586	0.00797	0.01063	0.02277	0.81666	0.02730	0.04672	0.00601	0.00180	0.00250	0.01172	0.00385	0.00338
103	0.60517	0.00803	0.00706	0.00607	0.00866	0.00897	0.00496	0.09450	0.02658	0.10246	0.00836	0.00894	0.00617	0.00428	0.00300	0.00127	0.00331	0.00284	0.08431	0.00507
104	0.01124	0.85479	0.02203	0.00719	0.01079	0.01663	0.00719	0.01259	0.00854	0.00989	0.00584	0.00674	0.00539	0.00360	0.00270	0.00090	0.00450	0.00225	0.00180	0.00539
105	0.00520	0.00383	0.00475	0.00542	0.00598	0.00349	0.00372	0.00610	0.00861	0.01131	0.06859	0.60582	0.20553	0.01216	0.00519	0.00160	0.00233	0.01084	0.02603	0.00349
106	0.01018	0.53127	0.32097	0.00916	0.01373	0.01398	0.02509	0.01287	0.00869	0.01122	0.00652	0.00762	0.00539	0.00374	0.00322	0.00107	0.00518	0.00262	0.00180	0.00570
107	0.00915	0.00753	0.00879	0.00637	0.01000	0.00585	0.00510	0.03015	0.02312	0.03652	0.02325	0.00945	0.00710	0.00336	0.00322	0.00068	0.00314	0.00270	0.00268	0.80182
108	0.00512	0.00366	0.00488	0.00585	0.00610	0.00341	0.00390	0.00585	0.00805	0.01073	0.02317	0.84952	0.02780	0.01317	0.00537	0.00171	0.00244	0.01195	0.00390	0.00341
109	0.01172	0.00707	0.00820	0.00694	0.00923	0.00707	0.00549	0.12431	0.17750	0.24592	0.11675	0.03601	0.17866	0.02253	0.00478	0.00140	0.00315	0.00577	0.02177	0.00573
110	0.05984	0.00950	0.01225	0.01074	0.07713	0.03335	0.11709	0.12063	0.24875	0.03147	0.01144	0.04065	0.00909	0.00488	0.00439	0.00125	0.03320	0.00418	0.01488	0.15530
111	0.00519	0.00370	0.00488	0.00578	0.00604	0.00347	0.00385	0.00590	0.00798	0.01062	0.02286	0.78302	0.03770	0.06023	0.00627	0.00184	0.00254	0.02092	0.00383	0.00337
112	0.00970	0.01025	0.10213	0.01350	0.23773	0.00827	0.07611	0.03875	0.07013	0.02608	0.00921	0.01060	0.02047	0.00383	0.00382	0.00104	0.00436	0.00345	0.00252	0.34803
113	0.01237	0.01329	0.01475	0.04750	0.44402	0.28169	0.01081	0.06564	0.01083	0.01317	0.00747	0.00943	0.00620	0.00419	0.00445	0.00123	0.04139	0.00340	0.00223	0.00595
114	0.00512	0.00366	0.00488	0.00585	0.00610	0.00341	0.00390	0.00585	0.00805	0.01073	0.02317	0.84952	0.02780	0.01317	0.00537	0.00171	0.00244	0.01195	0.00390	0.00341
115	0.01024	0.02994	0.15291	0.12766	0.09803	0.02598	0.04364	0.04642	0.34158	0.04314	0.02948	0.01290	0.00961	0.00486	0.00420	0.00136	0.00461	0.00415	0.00314	0.00618
116	0.01149	0.01075	0.00992	0.00884	0.01110	0.15190	0.00689	0.09450	0.51453	0.01683	0.05424	0.01538	0.01253	0.00574	0.00441	0.00136	0.01852	0.02824	0.01673	0.00610
117	0.00513	0.00371	0.00485	0.00573	0.00607	0.00343	0.00385	0.00591	0.00823	0.01090	0.04046	0.77590	0.08451	0.01290	0.00533	0.00168	0.00241	0.01165	0.00392	0.00343
118	0.01261	0.00852	0.00902	0.00729	0.00967	0.00926	0.00590	0.47992	0.01523	0.02201	0.01159	0.01240	0.00865	0.00498	0.00368	0.00114	0.00352	0.00384	0.36495	0.00581
119	0.00512	0.00366	0.00488	0.00585	0.00610	0.00341	0.00390	0.00585	0.00805	0.01073	0.02317	0.84952	0.02780	0.01317	0.00537	0.00171	0.00244	0.01195	0.00390	0.00341
120	0.00546	0.00390	0.00526	0.00623	0.00662	0.00370	0.00448	0.00643	0.00838	0.01110	0.02299	0.68767	0.02707	0.01286	0.00545	0.00175	0.00273	0.17051	0.00390	0.00351
121	0.00899	0.00874	0.01383	0.01125	0.01281	0.01027	0.19901	0.03406	0.09173	0.01256	0.03944	0.01599	0.05526	0.02089	0.04678	0.00190	0.35355	0.05541	0.00260	0.00494
122	0.01456	0.01769	0.01075	0.00982	0.01182	0.71424	0.00737	0.01577	0.01146	0.01107	0.00755	0.00876	0.00620	0.00441	0.00367	0.00107	0.00676	0.00288	0.12942	0.00473
123	0.00872	0.00747	0.00872	0.00623	0.00996	0.00560	0.00498	0.01058	0.00872	0.01370	0.00747	0.00872	0.00623	0.00311	0.00311	0.00062	0.00311	0.00249	0.00249	0.87796
124	0.00577	0.00428	0.00537	0.00513	0.00617	0.00388	0.00383	0.00757	0.01142	0.01579	0.67438	0.05068	0.17206	0.00904	0.00497	0.00135	0.00202	0.00791	0.00449	0.00388
125	0.01401	0.00940	0.01050	0.00847	0.01131	0.01009	0.00685	0.38199	0.21040	0.17220	0.08992	0.01486	0.02919	0.00568	0.00431	0.00132	0.00382	0.00456	0.00444	0.00666
126	0.03459	0.00998	0.01018	0.00849	0.01129	0.11120	0.00676	0.11184	0.30261	0.32518	0.01453	0.01332	0.01015	0.00523	0.00415	0.00131	0.00410	0.00413	0.00432	0.00663
127	0.01028	0.01019	0.02846	0.09551	0.71510	0.02909	0.02428	0.01282	0.00952	0.01339	0.00784	0.01040	0.00652	0.00380	0.00417	0.00126	0.00515	0.00373	0.00206	0.00643
128	0.01022	0.00973	0.03896	0.01118	0.05425	0.02147	0.24254	0.07815	0.02507	0.04153	0.00848	0.00998	0.00659	0.00359	0.00389	0.00101	0.00468	0.00350	0.00260	0.42258
129	0.00950	0.00995	0.01460	0.01195	0.01300	0.06856	0.16573	0.01100	0.00753	0.01075	0.00668	0.01016	0.00612	0.00855	0.08448	0.00214	0.54865	0.00394	0.00195	0.00475
130	0.00601	0.00450	0.00676	0.00676	0.00751	0.00525	0.00525	0.00751	0.00676	0.00976	0.01126	0.01651	0.01051	0.03153	0.83560	0.00676	0.01126	0.00450	0.00225	0.00375
131	0.00794	0.00747	0.01261	0.84216	0.02895	0.00934	0.01167	0.01074	0.00841	0.01074	0.00747	0.01121	0.00560	0.00420	0.00420	0.00140	0.00560	0.00374	0.00187	0.00467
132	0.00879	0.01110	0.24075	0.01060	0.01375	0.00755	0.18854	0.01141	0.00901	0.09625	0.01365	0.27610	0.01340	0.02340	0.00542	0.00153	0.04186	0.00651	0.00291	0.01747
133	0.00601	0.00449	0.00671	0.00671	0.00744	0.00523	0.00520	0.00748	0.00674	0.00972	0.01130	0.01676	0.01061	0.04958	0.81770	0.00670	0.01110	0.00454	0.00226	0.00373
134	0.00582	0.00431	0.00548	0.00550	0.00649	0.00396	0.00421	0.00752	0.01084	0.01477	0.50675	0.11017	0.17125	0.00978	0.00511	0.00146	0.00231	0.11611	0.00433	0.00383
135	0.01220	0.00573	0.00731	0.00609	0.00836	0.00496	0.00485	0.01373	0.01126	0.42722	0.17727	0.02548	0.26284	0.00750	0.00459	0.00134	0.00284	0.00628	0.00470	0.00546
136	0.00634	0.00471	0.00637	0.00622	0.00659	0.00539	0.00447	0.00713	0.00645	0.00910	0.01151	0.02027	0.01196	0.35988	0.42468	0.01988	0.07834	0.00507	0.00233	0.00331
137	0.00979	0.00936	0.01595	0.22946	0.62719	0.00983	0.01260	0.01236	0.00928	0.01299	0.00780	0.01060	0.00640	0.00386	0.00417	0.00129	0.00515	0.00374	0.00203	0.00616
138	0.00566	0.00397	0.00483	0.00530	0.00559	0.00381	0.00346	0.00618	0.00745	0.00979	0.02037	0.36888	0.08735	0.37838	0.01235	0.00273	0.00323	0.06429	0.00331	0.00308
139	0.00872	0.00747	0.00872	0.00623	0.00996	0.00560	0.00498	0.01058	0.00872	0.01370	0.00747	0.00872	0.00623	0.00311	0.00311	0.00062	0.00311	0.00249	0.00249	0.87796
140	0.02264	0.01342	0.09255	0.01521	0.03718	0.15232	0.47190	0.01357	0.00969	0.01257	0.00765	0.01012	0.00599	0.00421	0.00573	0.00140	0.11214	0.00418	0.00207	0.00545
141	0.00519	0.00373	0.00493	0.00577	0.00611	0.00347	0.00389	0.00604	0.00842	0.01129	0.09462	0.76130	0.04421	0.01272	0.00532	0.00167	0.00239	0.01151	0.00397	0.00347
142	0.00854	0.00805	0.01338	0.60786	0.20126	0.00951	0.01162	0.01147	0.03245	0.01158	0.00803	0.02326	0.00637	0.00435	0.00444	0.00138	0.02540	0.00389	0.00201	0.00514
143	0.00514	0.00369	0.00488	0.00579	0.00609	0.00343	0.00388	0.00591	0.00818	0.01089	0.04181	0.80676	0.05200	0.01299	0.00534	0.00169	0.00242	0.01176	0.00392	0.00343
144	0.00516	0.00366	0.00489	0.00585	0.00609	0.00342	0.00390	0.00585	0.00801	0.01068	0.02291	0.83608	0.02747	0.01319	0.00554	0.01578	0.00246	0.01182	0.00387	0.00339
145	0.01124	0.85479	0.02203	0.00719	0.01079	0.01663	0.00719	0.01259	0.00854	0.00989	0.00584	0.00674	0.00539	0.00360	0.00270	0.00090	0.00450	0.00225	0.00180	0.00539
146	0.00614	0.00407	0.00457	0.00457	0.00459	0.00407	0.00255	0.00618	0.00616	0.00828	0.01325	0.02731	0.01521	0.83775	0.02108	0.00402	0.00404	0.00608	0.01750	0.00257
147	0.00841	0.00790	0.01330	0.72064	0.11716	0.00951	0.02471	0.02771	0.00880	0.01145	0.00759	0.01110	0.00577	0.00416	0.00421	0.00138	0.00554	0.00376	0.00194	0.00496
148	0.01040	0.00999	0.01706	0.02580	0.82604	0.00999	0.01290	0.01290	0.00957	0.01373	0.00791	0.01040	0.00666	0.00375	0.00416	0.00125	0.00499	0.00375	0.00208	0.00666
149	0.00505	0.00426	0.00438	0.00435	0.00573	0.00359	0.00326	0.00620	0.00978	0.01184	0.11086	0.03966	0.75576	0.01047	0.00497	0.00141	0.00212	0.00876	0.00397	0.00359
150	0.00991	0.00946	0.01601	0.19034	0.64886	0.00987	0.01253	0.01265	0.02541	0.01321	0.00800	0.01067	0.00657	0.00388	0.00417	0.00128	0.00508	0.00376	0.00208	0.00626
151	0.00847	0.04888	0.03365	0.04095	0.01541	0.00811	0.37897	0.01098	0.00940	0.02870	0.01414	0.17972	0.01417	0.00713	0.00502	0.00154	0.00521	0.17029	0.00286	0.01641
152	0.01044	0.00988	0.01680	0.02529	0.80500	0.00986	0.01269	0.01291	0.00960	0.02406	0.00847	0.01085	0.01736	0.00385	0.00417	0.00125	0.00494	0.00382	0.00214	0.00662
153	0.00898	0.18429	0.67274	0.01105	0.01675	0.01110	0.01390	0.01317	0.00881	0.01265	0.00721	0.00846	0.00534	0.00392	0.00374	0.00125	0.00588	0.00294	0.00178	0.00605
154	0.00814	0.00765	0.01291	0.73028	0.11304	0.00929	0.01161	0.01087	0.00848	0.01103	0.00763	0.01128	0.00586	0.00498	0.02918	0.00155	0.00571	0.00376	0.00190	0.00485
155	0.00968	0.14923	0.44626	0.01270	0.08704	0.04117	0.10560	0.02566	0.00937	0.02684	0.00859	0.01055	0.02172	0.00422	0.00398	0.00127	0.00579	0.02235	0.00205	0.00593
156	0.01267	0.06647	0.44385	0.00996	0.01477	0.01983	0.01126	0.03829	0.02061	0.30539	0.01086	0.01079	0.00730	0.00446	0.00401	0.00129	0.00510	0.00349	0.00311	0.00651
157	0.01855	0.00722	0.00975	0.00749	0.01071	0.00631	0.00618	0.04032	0.01223	0.79365	0.03130	0.01452	0.01086	0.00526	0.00424	0.00130	0.00357	0.00428	0.00517	0.00710
158	0.01009	0.01012	0.02948	0.05152	0.17162	0.16613	0.07639	0.03036	0.05620	0.05408	0.09120	0.05001	0.17255	0.00625	0.00445	0.00131	0.00461	0.00540	0.00308	0.00518
159	0.01292	0.01250	0.27466	0.00940	0.01334	0.00863	0.02322	0.07975	0.16309	0.29899	0.02676	0.03713	0.00989	0.00516	0.00422	0.00135	0.00446	0.00422	0.00374	0.00657
160	0.00554	0.00395	0.00527	0.00581	0.00613	0.00399	0.00395	0.00630	0.00734	0.00997	0.01827	0.48040	0.02107	0.18991	0.20830	0.00341	0.00490	0.00896	0.00323	0.00332
161	0.00611	0.00408	0.00460	0.00460	0.00461	0.00407	0.00257	0.00614	0.00620	0.00828	0.02553	0.02757	0.01565	0.83948	0.02115	0.00403	0.00404	0.00614	0.00258	0.00257
162	0.00976	0.00949	0.01561	0.28896	0.53082	0.03408	0.02603	0.01233	0.00927	0.01266	0.00774	0.01060	0.00628	0.00391	0.00418	0.00130	0.00530	0.00373	0.00202	0.00595
163	0.05455	0.01136	0.01204	0.00938	0.01262	0.01264	0.00771	0.70424	0.09172	0.02534	0.01054	0.01045	0.00755	0.00505	0.00414	0.00128	0.00445	0.00380	0.00414	0.00699
164	0.01033	0.03475	0.01698	0.03761	0.75116	0.01004	0.02389	0.01279	0.00950	0.01357	0.00783	0.01027	0.00659	0.00373	0.00410	0.00122	0.00496	0.00368	0.00208	0.03494
165	0.00983	0.00971	0.04114	0.16454	0.42905	0.00954	0.15741	0.02118	0.00960	0.03612	0.03925	0.01175	0.00786	0.00485	0.02882	0.00147	0.00555	0.00413	0.00225	0.00595
166	0.88196	0.00813	0.00618	0.00553	0.00813	0.00943	0.00455	0.01236	0.00715	0.01886	0.00585	0.00683	0.00455	0.00390	0.00260	0.00130	0.00325	0.00228	0.00260	0.00455
167	0.01013	0.00970	0.01656	0.11803	0.73599	0.00991	0.01276	0.01266	0.00944	0.01340	0.00786	0.01050	0.00654	0.00380	0.00417	0.00127	0.00506	0.00374	0.00206	0.00643
168	0.00909	0.15060	0.68731	0.01114	0.01688	0.01075	0.01404	0.01336	0.00889	0.03048	0.00748	0.00866	0.00545	0.00396	0.00380	0.00126	0.00589	0.00300	0.00185	0.00611
169	0.00596	0.00443	0.00565	0.00628	0.00718	0.00419	0.00497	0.01884	0.00942	0.01212	0.06024	0.27789	0.21951	0.01161	0.00542	0.00171	0.00297	0.33398	0.00392	0.00371
170	0.00999	0.00850	0.01618	0.05372	0.04031	0.00820	0.38742	0.01260	0.02144	0.13246	0.07550	0.15933	0.01332	0.00606	0.00516	0.00145	0.03385	0.00613	0.00309	0.00532
171	0.00937	0.00897	0.01473	0.38247	0.43524	0.02555	0.01205	0.01194	0.00905	0.01233	0.00775	0.01077	0.00622	0.00403	0.00430	0.00132	0.01798	0.00372	0.01654	0.00568
172	0.00870	0.06463	0.73955	0.01205	0.04186	0.01015	0.01475	0.01353	0.03271	0.01327	0.00775	0.00901	0.00559	0.00402	0.00394	0.00131	0.00600	0.00313	0.00186	0.00620
173	0.00513	0.00423	0.00450	0.00454	0.00580	0.00363	0.00337	0.00626	0.00958	0.01174	0.11017	0.08723	0.66537	0.02920	0.01761	0.00157	0.00234	0.02025	0.00391	0.00356
174	0.03193	0.00849	0.03451	0.00835	0.01132	0.00804	0.04615	0.16592	0.10796	0.38984	0.10195	0.02998	0.01328	0.00569	0.00435	0.00133	0.00380	0.01612	0.00450	0.00649

[dist]
# distance from previous block
# <min> <max>
0	2

[block]
# block no. 1 follows, 63 sequences, length 9
# corresponding to MSA columns:
# 777-785
name=unknown_B
#
# <colnr> <probs for GDERKNQSTAVLIFYWHMCP>
#	G	D	E	R	K	N	Q	S	T	A	V	L	I	F	Y	W	H	M	C	P
0	0.01097	0.01092	0.01566	0.13045	0.58727	0.10641	0.01195	0.05162	0.01018	0.01355	0.00779	0.01017	0.00640	0.00394	0.00413	0.00125	0.00536	0.00362	0.00217	0.00621
1	0.00971	0.00928	0.01580	0.25702	0.60028	0.00980	0.01255	0.01229	0.00924	0.01289	0.00778	0.01063	0.00636	0.00388	0.00417	0.00129	0.00517	0.00374	0.00202	0.00610
2	0.05556	0.00878	0.01033	0.00807	0.01112	0.00888	0.00662	0.32348	0.03603	0.39128	0.08411	0.01388	0.01151	0.00539	0.00421	0.00129	0.00382	0.00428	0.00463	0.00674
3	0.00975	0.00939	0.01501	0.10291	0.62095	0.04088	0.01155	0.01202	0.00937	0.01296	0.00959	0.10833	0.00898	0.00491	0.00429	0.00131	0.00485	0.00466	0.00228	0.00602
4	0.01060	0.00866	0.00970	0.00868	0.01069	0.10412	0.06856	0.01584	0.30300	0.12200	0.01695	0.21682	0.01554	0.00752	0.00464	0.00147	0.00397	0.06191	0.00387	0.00546
5	0.01028	0.00885	0.01212	0.01113	0.10633	0.08188	0.16550	0.10194	0.03024	0.06986	0.03027	0.03457	0.03800	0.26925	0.00974	0.00218	0.00496	0.00512	0.00291	0.00488
6	0.11247	0.00630	0.00745	0.00660	0.00854	0.00626	0.00519	0.05968	0.08490	0.22676	0.24630	0.12219	0.03931	0.00744	0.00448	0.00140	0.00297	0.04223	0.00434	0.00521
7	0.01124	0.00775	0.00940	0.00738	0.01033	0.00721	0.02102	0.08224	0.13369	0.17375	0.06324	0.04004	0.02929	0.00506	0.00422	0.00108	0.03130	0.00413	0.00362	0.35401
8	0.44016	0.01001	0.00806	0.00716	0.00960	0.16940	0.00572	0.01470	0.05993	0.14118	0.04650	0.01193	0.00877	0.00492	0.00346	0.00130	0.00412	0.04482	0.00318	0.00508

[dist]
# distance from previous block
# <min> <max>
5	18

[block]
# block no. 2 follows, 63 sequences, length 47
# corresponding to MSA columns:
# 830,831,857-901
name=unknown_C
#
# <colnr> <probs for GDERKNQSTAVLIFYWHMCP>
#	G	D	E	R	K	N	Q	S	T	A	V	L	I	F	Y	W	H	M	C	P
0	0.04854	0.00914	0.01090	0.11962	0.07598	0.07139	0.04140	0.06681	0.17273	0.05243	0.05537	0.01325	0.03894	0.00485	0.00418	0.00120	0.02087	0.00401	0.00309	0.18530
1	0.36224	0.00863	0.00840	0.04584	0.01028	0.10221	0.05559	0.02596	0.04990	0.02898	0.04766	0.13457	0.02102	0.04101	0.00449	0.00147	0.00398	0.02054	0.00296	0.02428
2	0.01037	0.00708	0.00881	0.00752	0.00983	0.02810	0.03629	0.01340	0.12654	0.18627	0.01629	0.17961	0.04282	0.00705	0.00467	0.00131	0.02984	0.07106	0.00372	0.20941
3	0.01414	0.01212	0.01128	0.00929	0.01213	0.16568	0.00740	0.38845	0.21288	0.05009	0.03267	0.01165	0.00915	0.00510	0.00412	0.00125	0.00469	0.00389	0.00382	0.04020
4	0.02614	0.08033	0.05969	0.04210	0.08839	0.05933	0.07916	0.07712	0.03954	0.10138	0.01864	0.01017	0.00721	0.00397	0.00374	0.00104	0.00447	0.00333	0.00280	0.29146
5	0.03282	0.07514	0.39694	0.01120	0.01578	0.02387	0.12196	0.01484	0.02910	0.18026	0.00948	0.01029	0.00669	0.00437	0.00456	0.00133	0.04906	0.00357	0.00262	0.00614
6	0.00965	0.31184	0.48814	0.01042	0.01543	0.03283	0.03398	0.01308	0.00881	0.01198	0.00691	0.00817	0.00538	0.00392	0.00378	0.00119	0.02399	0.00286	0.00180	0.00584
7	0.00606	0.00505	0.00688	0.17813	0.03698	0.00508	0.00572	0.00769	0.00951	0.01224	0.16563	0.15842	0.31949	0.00920	0.00490	0.00147	0.00307	0.05699	0.00355	0.00395
8	0.02338	0.02469	0.01504	0.10567	0.05739	0.12252	0.24257	0.05851	0.01898	0.08352	0.00899	0.03708	0.00731	0.00586	0.00648	0.10317	0.06701	0.00421	0.00251	0.00511
9	0.01035	0.00948	0.01621	0.16075	0.63560	0.00973	0.03413	0.01289	0.00950	0.04901	0.00823	0.01073	0.00664	0.00388	0.00419	0.00128	0.00509	0.00380	0.00218	0.00632
10	0.00502	0.00427	0.00432	0.00435	0.00576	0.00358	0.00329	0.00610	0.00958	0.01139	0.04206	0.04064	0.80359	0.01067	0.00499	0.00143	0.00217	0.02933	0.00390	0.00356
11	0.00836	0.00823	0.03278	0.68675	0.16118	0.00946	0.01197	0.01116	0.00861	0.01130	0.00755	0.01102	0.00577	0.00412	0.00419	0.00137	0.00552	0.00372	0.00190	0.00504
12	0.00952	0.12390	0.55130	0.01283	0.11163	0.03677	0.02658	0.01337	0.00914	0.03503	0.00797	0.00989	0.00612	0.00414	0.00391	0.00127	0.00578	0.02280	0.00198	0.00608
13	0.01837	0.00703	0.00958	0.00742	0.01056	0.00608	0.00610	0.01996	0.01189	0.79944	0.01682	0.04444	0.01103	0.00549	0.00427	0.00132	0.00354	0.00451	0.00516	0.00702
14	0.00497	0.00426	0.00426	0.00426	0.00568	0.00355	0.00319	0.00603	0.00958	0.01136	0.04259	0.04046	0.82433	0.01065	0.00497	0.00142	0.00213	0.00887	0.00390	0.00355
15	0.01366	0.01111	0.01347	0.01411	0.23572	0.08386	0.03957	0.29164	0.13526	0.10244	0.01084	0.01128	0.00802	0.00468	0.00420	0.00128	0.00478	0.00391	0.00348	0.00668
16	0.01202	0.01382	0.03912	0.22076	0.21535	0.34295	0.01044	0.04187	0.01044	0.01190	0.00720	0.00936	0.00583	0.00429	0.00439	0.00125	0.03823	0.00330	0.00212	0.00537
17	0.01869	0.00719	0.00975	0.00750	0.01074	0.00627	0.00619	0.02053	0.02888	0.81200	0.01660	0.01434	0.01046	0.00521	0.00423	0.00130	0.00357	0.00424	0.00518	0.00714
18	0.03281	0.01124	0.01165	0.00946	0.01241	0.06313	0.02734	0.45027	0.29696	0.02189	0.01218	0.01184	0.00895	0.00517	0.00419	0.00131	0.00439	0.00405	0.00402	0.00674
19	0.01561	0.01194	0.01239	0.00965	0.01290	0.04655	0.00791	0.72858	0.07089	0.02526	0.01040	0.01035	0.00744	0.00506	0.00419	0.00126	0.00466	0.00380	0.00413	0.00702
20	0.00512	0.00366	0.00488	0.00585	0.00610	0.00341	0.00390	0.00585	0.00805	0.01073	0.02317	0.84952	0.02780	0.01317	0.00537	0.00171	0.00244	0.01195	0.00390	0.00341
21	0.00960	0.07810	0.48118	0.01232	0.01709	0.01058	0.16004	0.01333	0.00894	0.05990	0.00789	0.00953	0.00584	0.00434	0.00523	0.00137	0.10324	0.00352	0.00205	0.00592
22	0.00843	0.02174	0.83048	0.01198	0.01819	0.00976	0.01553	0.01331	0.00888	0.01331	0.00754	0.00888	0.00533	0.00399	0.00399	0.00133	0.00621	0.00311	0.00178	0.00621
23	0.00591	0.00430	0.00556	0.00525	0.00625	0.00395	0.00393	0.00785	0.01180	0.01662	0.79076	0.03178	0.07287	0.00868	0.00496	0.00133	0.00199	0.00766	0.00460	0.00395
24	0.00873	0.01911	0.63832	0.03982	0.03842	0.00991	0.16021	0.01325	0.00907	0.01327	0.00773	0.00943	0.00556	0.00391	0.00418	0.00135	0.00632	0.00348	0.00185	0.00608
25	0.00809	0.00764	0.01282	0.77835	0.06521	0.00948	0.01165	0.01082	0.00840	0.01086	0.00743	0.01111	0.00565	0.00428	0.00450	0.00141	0.03193	0.00373	0.00188	0.00476
26	0.00512	0.00366	0.00488	0.00585	0.00610	0.00341	0.00390	0.00585	0.00805	0.01073	0.02317	0.84952	0.02780	0.01317	0.00537	0.00171	0.00244	0.01195	0.00390	0.00341
27	0.04143	0.01285	0.01320	0.01064	0.01360	0.19874	0.11680	0.31629	0.19934	0.01876	0.01053	0.01087	0.00787	0.00479	0.00418	0.00128	0.00529	0.00387	0.00342	0.00623
28	0.00938	0.00911	0.01599	0.35006	0.43569	0.00979	0.08488	0.01209	0.00914	0.01252	0.00779	0.01081	0.00621	0.00391	0.00425	0.00132	0.00543	0.00385	0.00200	0.00578
29	0.00559	0.00412	0.00532	0.00609	0.00677	0.00387	0.00460	0.00673	0.00879	0.01136	0.02638	0.45203	0.17490	0.02345	0.00564	0.00175	0.00282	0.24235	0.00388	0.00356
30	0.00512	0.00366	0.00488	0.00585	0.00610	0.00341	0.00390	0.00585	0.00805	0.01073	0.02317	0.84952	0.02780	0.01317	0.00537	0.00171	0.00244	0.01195	0.00390	0.00341
31	0.00990	0.01157	0.04950	0.01751	0.04320	0.01058	0.74318	0.01368	0.03113	0.01358	0.00868	0.01135	0.00652	0.00362	0.00489	0.00141	0.00690	0.00486	0.00217	0.00574
32	0.01656	0.01001	0.01168	0.00949	0.04317	0.01045	0.00750	0.47923	0.04551	0.30330	0.01251	0.01176	0.00846	0.00507	0.00421	0.00128	0.00423	0.00397	0.00447	0.00711
33	0.88196	0.00813	0.00618	0.00553	0.00813	0.00943	0.00455	0.01236	0.00715	0.01886	0.00585	0.00683	0.00455	0.00390	0.00260	0.00130	0.00325	0.00228	0.00260	0.00455
34	0.01005	0.04338	0.02062	0.03164	0.01842	0.06714	0.52502	0.01272	0.00922	0.01230	0.00803	0.03303	0.00666	0.00465	0.00659	0.00147	0.17706	0.00461	0.00210	0.00531
35	0.00525	0.00415	0.00459	0.00480	0.00580	0.00366	0.00345	0.00622	0.00901	0.01119	0.07202	0.19267	0.50835	0.10587	0.00693	0.00179	0.00248	0.04452	0.00378	0.00344
36	0.01017	0.00891	0.00946	0.00706	0.01059	0.06099	0.00564	0.11389	0.04350	0.01527	0.00814	0.00910	0.00656	0.00355	0.00334	0.00077	0.00361	0.00276	0.00276	0.67392
37	0.41975	0.09267	0.10518	0.00750	0.01053	0.06220	0.02083	0.09647	0.00930	0.01653	0.00796	0.04391	0.00687	0.02767	0.00378	0.00133	0.00420	0.02235	0.00264	0.03833
38	0.01046	0.14359	0.19552	0.07518	0.15183	0.13398	0.12608	0.01319	0.00960	0.02381	0.03699	0.01023	0.00721	0.00481	0.02662	0.00137	0.00593	0.00354	0.00212	0.01792
39	0.06067	0.13142	0.22899	0.01065	0.12317	0.06618	0.00897	0.04687	0.02625	0.01265	0.02999	0.02850	0.02625	0.17389	0.00730	0.00180	0.00491	0.00405	0.00236	0.00513
40	0.05049	0.02293	0.06147	0.15548	0.08708	0.02011	0.11720	0.08368	0.01005	0.06110	0.05200	0.06330	0.03683	0.03943	0.00525	0.00143	0.03212	0.01582	0.00279	0.08145
41	0.01058	0.04633	0.03126	0.04145	0.03608	0.12583	0.09156	0.05913	0.00994	0.11274	0.01335	0.24603	0.01322	0.02420	0.00576	0.00149	0.08456	0.02602	0.00313	0.01732
42	0.08313	0.02470	0.13121	0.08690	0.10474	0.10330	0.24050	0.06754	0.02781	0.02479	0.00802	0.00991	0.00614	0.00405	0.00436	0.00130	0.02480	0.00372	0.00232	0.04076
43	0.08295	0.03574	0.03780	0.04513	0.07173	0.32740	0.08226	0.05956	0.04723	0.03062	0.02030	0.02164	0.01818	0.00453	0.00390	0.00118	0.00566	0.01592	0.00257	0.08571
44	0.36691	0.02409	0.09441	0.00925	0.03486	0.09104	0.08214	0.09091	0.05384	0.03554	0.01591	0.02086	0.00659	0.00475	0.01368	0.00137	0.03016	0.00328	0.00272	0.01770
45	0.13199	0.03531	0.07254	0.01012	0.05281	0.18789	0.07473	0.07825	0.05793	0.08051	0.06693	0.03798	0.01824	0.00539	0.00425	0.00131	0.02086	0.04621	0.00304	0.01370
46	0.16618	0.01171	0.06324	0.05275	0.03285	0.17154	0.08791	0.08395	0.05490	0.02582	0.02159	0.01101	0.01596	0.00488	0.01572	0.00129	0.02174	0.02424	0.00268	0.13005

[dist]
# distance from previous block
# <min> <max>
1	44

# created by:
# /st0/software/busco_prod/Augustus/scripts/msa2prfl.pl ./align_prep/102553.fa
