[name]
unknown

[dist]
# distance from previous block
# <min> <max>
0	36

[block]
# block no. 0 follows, 65 sequences, length 127
# corresponding to MSA columns:
# 46-69,103-108,137-163,176-245
name=unknown_A
#
# <colnr> <probs for GDERKNQSTAVLIFYWHMCP>
#	G	D	E	R	K	N	Q	S	T	A	V	L	I	F	Y	W	H	M	C	P
0	0.00721	0.00592	0.00971	0.00927	0.01070	0.00594	0.13878	0.00931	0.00937	0.01234	0.01893	0.03915	0.02010	0.00990	0.00583	0.00180	0.03583	0.64238	0.00343	0.00409
1	0.01039	0.01088	0.02295	0.01645	0.02051	0.01027	0.73852	0.04912	0.01022	0.05515	0.00877	0.01117	0.00646	0.00361	0.00478	0.00137	0.00664	0.00476	0.00232	0.00567
2	0.00775	0.00730	0.01231	0.84587	0.02827	0.00912	0.01140	0.01049	0.00821	0.01049	0.00730	0.01094	0.00547	0.00410	0.00410	0.00137	0.00547	0.00365	0.00182	0.00456
3	0.00846	0.08914	0.76852	0.01132	0.01718	0.01008	0.01451	0.01294	0.00864	0.01273	0.00723	0.00850	0.00521	0.00387	0.00380	0.00127	0.00593	0.00297	0.00174	0.00600
4	0.00846	0.09097	0.76674	0.01131	0.01716	0.01009	0.01449	0.01294	0.00864	0.01272	0.00723	0.00849	0.00521	0.00387	0.00379	0.00126	0.00593	0.00296	0.00174	0.00600
5	0.01016	0.00975	0.01666	0.02520	0.83013	0.00975	0.01260	0.01260	0.00935	0.01341	0.00772	0.01016	0.00650	0.00366	0.00406	0.00122	0.00488	0.00366	0.00203	0.00650
6	0.00978	0.01115	0.02286	0.01654	0.02036	0.04129	0.73407	0.01298	0.00958	0.01284	0.00839	0.02741	0.00657	0.00384	0.00518	0.00140	0.04341	0.00484	0.00210	0.00542
7	0.00533	0.00397	0.00557	0.00615	0.00661	0.00373	0.03410	0.00619	0.00798	0.01058	0.02213	0.70018	0.05077	0.05635	0.00606	0.00178	0.00272	0.06272	0.00367	0.00341
8	0.00918	0.30970	0.55428	0.01009	0.01527	0.01185	0.01236	0.01276	0.00855	0.01185	0.00679	0.00795	0.00522	0.00377	0.00346	0.00115	0.00549	0.00274	0.00174	0.00579
9	0.01262	0.00840	0.00929	0.00803	0.01030	0.05818	0.00649	0.25616	0.08875	0.20019	0.04651	0.11210	0.01442	0.00709	0.00452	0.00141	0.00388	0.14179	0.00414	0.00573
10	0.01343	0.00749	0.00895	0.00745	0.00990	0.00759	0.00589	0.12335	0.22798	0.35456	0.05938	0.07032	0.02524	0.05278	0.00518	0.00148	0.00341	0.00504	0.00444	0.00615
11	0.00501	0.00365	0.00474	0.00560	0.00596	0.00337	0.00379	0.00578	0.00802	0.01057	0.02437	0.76419	0.10151	0.01261	0.00521	0.00164	0.00238	0.02444	0.00381	0.00335
12	0.04213	0.36773	0.37127	0.00954	0.01390	0.01234	0.04301	0.01236	0.00842	0.01168	0.01766	0.01875	0.00597	0.00405	0.00385	0.00116	0.04589	0.00292	0.00185	0.00551
13	0.01678	0.00949	0.01025	0.00814	0.01111	0.11157	0.00660	0.18979	0.03861	0.50621	0.03922	0.01284	0.00985	0.00506	0.00409	0.00124	0.00414	0.00397	0.00446	0.00659
14	0.00587	0.00460	0.00513	0.00498	0.00623	0.00421	0.00375	0.05121	0.01822	0.01305	0.21647	0.07889	0.47033	0.05483	0.00572	0.00153	0.00239	0.04494	0.00392	0.00374
15	0.00564	0.00475	0.00670	0.00635	0.00755	0.00430	0.08751	0.01823	0.00900	0.01148	0.05616	0.36777	0.35787	0.01056	0.00502	0.00151	0.00278	0.02946	0.00366	0.00370
16	0.00995	0.00953	0.01152	0.00984	0.01198	0.14545	0.16340	0.13709	0.05970	0.01418	0.01578	0.13021	0.06485	0.00743	0.00474	0.00146	0.00478	0.18997	0.00325	0.00487
17	0.00815	0.00770	0.01303	0.71058	0.16046	0.00922	0.01160	0.01084	0.00840	0.01097	0.00737	0.01081	0.00564	0.00403	0.00410	0.00134	0.00537	0.00365	0.00186	0.00488
18	0.00546	0.00399	0.00513	0.00525	0.00602	0.00366	0.00379	0.00692	0.01019	0.01403	0.49519	0.29988	0.10516	0.01003	0.00497	0.00142	0.00209	0.00892	0.00422	0.00366
19	0.01505	0.01878	0.01170	0.01084	0.03305	0.77162	0.00800	0.03658	0.03735	0.01075	0.00679	0.00778	0.00559	0.00428	0.00374	0.00108	0.00714	0.00276	0.00223	0.00491
20	0.01055	0.72752	0.14845	0.00775	0.01166	0.01519	0.00830	0.01240	0.00839	0.01018	0.00597	0.00691	0.00526	0.00357	0.00283	0.00094	0.00465	0.00233	0.00175	0.00539
21	0.00504	0.00363	0.00471	0.00555	0.00585	0.00338	0.00370	0.00574	0.00785	0.01038	0.02332	0.75698	0.07775	0.05764	0.00605	0.00177	0.00245	0.01117	0.00374	0.00330
22	0.01016	0.00975	0.01666	0.02520	0.83013	0.00975	0.01260	0.01260	0.00935	0.01341	0.00772	0.01016	0.00650	0.00366	0.00406	0.00122	0.00488	0.00366	0.00203	0.00650
23	0.01145	0.01075	0.04136	0.00958	0.03600	0.16155	0.04575	0.12317	0.21948	0.07295	0.05403	0.05925	0.02230	0.00643	0.01973	0.00144	0.04570	0.05009	0.00342	0.00557
24	0.05993	0.00957	0.01198	0.00912	0.01240	0.00981	0.07742	0.40417	0.01498	0.33008	0.01191	0.01136	0.00799	0.00480	0.00410	0.00126	0.00427	0.00389	0.00422	0.00673
25	0.00494	0.00412	0.00431	0.00434	0.00562	0.00349	0.00323	0.00604	0.00945	0.01150	0.10624	0.09065	0.71121	0.01039	0.00488	0.00140	0.00209	0.00875	0.00387	0.00349
26	0.24128	0.00762	0.00976	0.00783	0.01046	0.00772	0.09806	0.10451	0.01050	0.26333	0.06045	0.04440	0.03621	0.02002	0.04871	0.00163	0.00415	0.01429	0.00363	0.00544
27	0.07912	0.00889	0.01113	0.00863	0.01166	0.02689	0.06440	0.23122	0.03743	0.41562	0.02790	0.01219	0.00897	0.00496	0.00436	0.00128	0.03068	0.00395	0.00421	0.00650
28	0.00624	0.00446	0.00619	0.00714	0.00792	0.00441	0.00597	0.00786	0.00908	0.01187	0.02194	0.23132	0.02443	0.01169	0.00557	0.00184	0.00346	0.62114	0.00379	0.00368
29	0.00493	0.00405	0.00434	0.00449	0.00565	0.00346	0.00328	0.00596	0.00921	0.01127	0.08091	0.18566	0.64111	0.01073	0.00492	0.00143	0.00213	0.00914	0.00385	0.00346
30	0.00794	0.00687	0.00900	0.00775	0.00884	0.05964	0.10564	0.02766	0.05095	0.02546	0.06371	0.02014	0.02400	0.35770	0.11797	0.00312	0.08079	0.01629	0.00265	0.00386
31	0.01008	0.00967	0.01652	0.05170	0.80423	0.00973	0.01256	0.01253	0.00931	0.01332	0.00771	0.01018	0.00647	0.00367	0.00407	0.00122	0.00490	0.00366	0.00203	0.00644
32	0.00508	0.00383	0.00471	0.00528	0.00593	0.00346	0.00371	0.00603	0.00866	0.01123	0.09783	0.52375	0.25712	0.01172	0.00511	0.00156	0.00230	0.03538	0.00387	0.00343
33	0.00841	0.07605	0.78123	0.01139	0.01729	0.00997	0.01463	0.01295	0.00865	0.01278	0.00726	0.00853	0.00520	0.00387	0.00382	0.00127	0.00596	0.00298	0.00173	0.00601
34	0.01062	0.01116	0.01059	0.00955	0.01075	0.23562	0.00758	0.01407	0.19438	0.01183	0.01025	0.03029	0.00927	0.02764	0.00792	0.00155	0.30629	0.07130	0.01447	0.00488
35	0.00843	0.08091	0.77650	0.01137	0.01725	0.01001	0.01459	0.01295	0.00864	0.01276	0.00725	0.00852	0.00520	0.00387	0.00381	0.00127	0.00595	0.00297	0.00173	0.00601
36	0.04005	0.00585	0.00808	0.08036	0.00990	0.00697	0.00616	0.08391	0.00790	0.01146	0.00993	0.01445	0.00904	0.05026	0.55565	0.00492	0.08450	0.00417	0.00233	0.00412
37	0.00864	0.14554	0.71373	0.01101	0.01669	0.01053	0.01396	0.01289	0.00862	0.01250	0.00712	0.00836	0.00521	0.00384	0.00371	0.00124	0.00582	0.00291	0.00174	0.00595
38	0.01105	0.01018	0.00973	0.03375	0.01142	0.11561	0.00680	0.08675	0.59615	0.01652	0.01513	0.01450	0.03222	0.01622	0.00434	0.00137	0.00393	0.00440	0.00381	0.00613
39	0.00509	0.00392	0.00468	0.00518	0.00597	0.00351	0.00372	0.00609	0.00878	0.01117	0.07325	0.42164	0.35507	0.01151	0.00509	0.00155	0.00233	0.06417	0.00385	0.00345
40	0.01528	0.01876	0.01166	0.01047	0.01263	0.76614	0.00792	0.06436	0.01201	0.02072	0.00666	0.00765	0.00545	0.00433	0.00389	0.00108	0.02106	0.00274	0.00226	0.00491
41	0.00713	0.00357	0.00535	0.00535	0.00535	0.00357	0.00357	0.00535	0.00535	0.00713	0.00713	0.01248	0.00713	0.01426	0.01604	0.88057	0.00357	0.00357	0.00178	0.00178
42	0.00860	0.00738	0.00855	0.00620	0.00978	0.00572	0.00495	0.01095	0.05192	0.01358	0.00780	0.00887	0.00642	0.00317	0.00310	0.00065	0.00305	0.00255	0.00252	0.83422
43	0.04413	0.01096	0.01105	0.00966	0.02607	0.14677	0.06736	0.08707	0.51587	0.01642	0.01323	0.01282	0.00999	0.00504	0.00408	0.00132	0.00434	0.00414	0.00358	0.00610
44	0.00586	0.00396	0.00459	0.00465	0.00476	0.00391	0.00273	0.00610	0.00663	0.00892	0.08301	0.10604	0.01811	0.70339	0.01804	0.00353	0.00365	0.00664	0.00279	0.00269
45	0.00500	0.00357	0.00476	0.00572	0.00595	0.00333	0.00381	0.00572	0.00786	0.01048	0.02262	0.85306	0.02715	0.01286	0.00524	0.00167	0.00238	0.01167	0.00381	0.00333
46	0.01097	0.85821	0.02151	0.00702	0.01054	0.01624	0.00702	0.01229	0.00834	0.00966	0.00571	0.00658	0.00527	0.00351	0.00263	0.00088	0.00439	0.00219	0.00176	0.00527
47	0.01507	0.01875	0.01153	0.01042	0.01258	0.77026	0.00785	0.04069	0.05510	0.01090	0.00700	0.00790	0.00572	0.00432	0.00374	0.00108	0.00709	0.00278	0.00228	0.00492
48	0.00594	0.00408	0.00497	0.00497	0.00514	0.00425	0.00310	0.00629	0.00612	0.00833	0.01248	0.02436	0.01384	0.66351	0.21163	0.00459	0.00561	0.00560	0.00242	0.00276
49	0.01842	0.00699	0.00953	0.00730	0.01048	0.00603	0.00603	0.02000	0.01175	0.83298	0.01619	0.01397	0.01016	0.00508	0.00413	0.00127	0.00349	0.00413	0.00508	0.00699
50	0.00501	0.00373	0.00467	0.00535	0.00587	0.00339	0.00366	0.00586	0.00839	0.01093	0.06971	0.63116	0.20315	0.01208	0.00513	0.00159	0.00229	0.01079	0.00385	0.00339
51	0.00511	0.00402	0.00457	0.00493	0.00586	0.00356	0.00359	0.00607	0.00874	0.01084	0.03269	0.28275	0.47655	0.05628	0.00589	0.00165	0.00242	0.07735	0.00374	0.00340
52	0.01565	0.01143	0.01228	0.00941	0.01270	0.01263	0.00778	0.80459	0.01919	0.03789	0.00995	0.00992	0.00703	0.00493	0.00411	0.00123	0.00450	0.00370	0.00412	0.00698
53	0.59891	0.00896	0.00794	0.00667	0.00940	0.01023	0.00548	0.23397	0.05386	0.02040	0.00744	0.00801	0.00557	0.00421	0.00306	0.00127	0.00355	0.00276	0.00306	0.00525
54	0.00920	0.00964	0.01625	0.01284	0.01415	0.01188	0.26364	0.01091	0.00736	0.01091	0.00631	0.00964	0.00565	0.00601	0.01075	0.00167	0.58250	0.00399	0.00188	0.00482
55	0.00508	0.00363	0.00485	0.00572	0.00598	0.00345	0.00384	0.00581	0.00773	0.01034	0.02168	0.78039	0.02583	0.04244	0.05024	0.00201	0.00289	0.01109	0.00368	0.00332
56	0.01041	0.00838	0.00901	0.00801	0.01030	0.00947	0.00625	0.04734	0.67600	0.06215	0.06775	0.01673	0.03816	0.00584	0.00423	0.00137	0.00319	0.00487	0.00423	0.00629
57	0.32340	0.00924	0.00944	0.00754	0.01052	0.01003	0.00622	0.34713	0.03298	0.19072	0.00988	0.00972	0.00688	0.00458	0.00356	0.00126	0.00380	0.00329	0.00376	0.00607
58	0.00505	0.00367	0.00472	0.00550	0.00587	0.00339	0.00370	0.00582	0.00809	0.01068	0.05428	0.71539	0.10688	0.03903	0.00568	0.00170	0.00239	0.01103	0.00380	0.00334
59	0.01464	0.01091	0.01157	0.00919	0.01219	0.03780	0.00756	0.64701	0.07763	0.05115	0.01132	0.01295	0.00865	0.00542	0.00421	0.00129	0.00443	0.06136	0.00406	0.00664
60	0.01016	0.00975	0.01666	0.02520	0.83013	0.00975	0.01260	0.01260	0.00935	0.01341	0.00772	0.01016	0.00650	0.00366	0.00406	0.00122	0.00488	0.00366	0.00203	0.00650
61	0.00596	0.00468	0.00580	0.00562	0.00689	0.00435	0.02846	0.03724	0.00988	0.01284	0.17501	0.09621	0.39306	0.01084	0.04939	0.00172	0.00301	0.11386	0.03139	0.00379
62	0.00502	0.00360	0.00478	0.00572	0.00598	0.00336	0.00384	0.00576	0.00791	0.01051	0.02292	0.82851	0.04020	0.01280	0.00524	0.00167	0.00240	0.02266	0.00381	0.00334
63	0.17540	0.00976	0.01179	0.00908	0.01227	0.01964	0.09917	0.36095	0.03164	0.21416	0.01053	0.01048	0.00728	0.00460	0.00390	0.00127	0.00431	0.00367	0.00380	0.00631
64	0.01033	0.00880	0.01178	0.01139	0.10810	0.05218	0.02464	0.03208	0.04598	0.10827	0.01959	0.05719	0.00842	0.00797	0.06285	0.00187	0.40711	0.00423	0.00258	0.01465
65	0.00960	0.43874	0.42895	0.00937	0.01416	0.01288	0.01110	0.01265	0.00850	0.01133	0.00654	0.00763	0.00523	0.00371	0.00327	0.00109	0.00523	0.00262	0.00174	0.00567
66	0.00877	0.00821	0.01387	0.01902	0.53983	0.00812	0.06276	0.01094	0.00922	0.01290	0.05335	0.08112	0.07204	0.00683	0.05034	0.00160	0.00476	0.02824	0.00249	0.00559
67	0.08318	0.00608	0.00694	0.00603	0.00797	0.00614	0.00476	0.06936	0.09280	0.23356	0.07044	0.05989	0.02219	0.00657	0.03433	0.00140	0.00311	0.00459	0.27551	0.00517
68	0.00934	0.00723	0.00853	0.00625	0.00973	0.00562	0.00499	0.01144	0.03508	0.08471	0.00874	0.02962	0.00715	0.00354	0.00322	0.00072	0.00307	0.00287	0.00275	0.75538
69	0.01062	0.00980	0.01062	0.00835	0.01131	0.14717	0.08509	0.10372	0.02910	0.04771	0.02914	0.08327	0.01878	0.00470	0.00378	0.00099	0.00425	0.00396	0.00287	0.38477
70	0.00504	0.00366	0.00475	0.00560	0.00596	0.00339	0.00380	0.00580	0.00800	0.01054	0.02415	0.74854	0.09820	0.02515	0.00545	0.00168	0.00241	0.03073	0.00379	0.00334
71	0.00822	0.00772	0.01300	0.73611	0.08474	0.00931	0.03673	0.03495	0.00867	0.01124	0.00744	0.01086	0.00561	0.00408	0.00412	0.00135	0.00545	0.00369	0.00192	0.00480
72	0.02409	0.01733	0.01162	0.03540	0.01299	0.64391	0.00795	0.12309	0.04208	0.01252	0.00719	0.00816	0.00578	0.00444	0.00402	0.00112	0.02785	0.00291	0.00244	0.00510
73	0.00568	0.00441	0.00644	0.14915	0.00998	0.00460	0.01455	0.00685	0.00793	0.01060	0.05737	0.55358	0.02185	0.05455	0.07063	0.00209	0.00369	0.00917	0.00329	0.00358
74	0.01104	0.00815	0.00897	0.00780	0.01014	0.00897	0.00614	0.09147	0.52913	0.12039	0.09397	0.01735	0.05624	0.00596	0.00426	0.00135	0.00321	0.00496	0.00430	0.00620
75	0.00575	0.00419	0.00541	0.00510	0.00610	0.00385	0.00383	0.00763	0.01148	0.01613	0.77946	0.03121	0.08745	0.00852	0.00484	0.00130	0.00195	0.00750	0.00448	0.00385
76	0.00500	0.00359	0.00474	0.00566	0.00594	0.00334	0.00379	0.00572	0.00791	0.01050	0.02332	0.82326	0.05650	0.01277	0.00523	0.00166	0.00237	0.01156	0.00381	0.00334
77	0.00851	0.00730	0.00851	0.00608	0.00973	0.00547	0.00486	0.01034	0.00851	0.01338	0.00730	0.00851	0.00608	0.00304	0.00304	0.00061	0.00304	0.00243	0.00243	0.88083
78	0.00500	0.00359	0.00474	0.00566	0.00594	0.00334	0.00379	0.00572	0.00791	0.01050	0.02331	0.82368	0.05609	0.01277	0.00523	0.00166	0.00237	0.01156	0.00381	0.00334
79	0.00671	0.00639	0.03944	0.09324	0.01152	0.01556	0.11644	0.00837	0.00840	0.01115	0.01774	0.35454	0.05813	0.03485	0.00607	0.00168	0.05901	0.14364	0.00310	0.00401
80	0.00505	0.00363	0.00479	0.00562	0.00595	0.00337	0.00379	0.00585	0.00816	0.01089	0.07569	0.76921	0.05783	0.01248	0.00520	0.00163	0.00234	0.01128	0.00386	0.00337
81	0.06961	0.01187	0.01134	0.00909	0.01203	0.11842	0.00736	0.57140	0.08763	0.02232	0.00984	0.00996	0.00719	0.00482	0.00393	0.00122	0.00462	0.00355	0.02740	0.00641
82	0.00843	0.00715	0.00947	0.00703	0.01028	0.00574	0.08673	0.01044	0.00869	0.01352	0.00885	0.01152	0.00752	0.00372	0.00334	0.00079	0.00334	0.04462	0.10276	0.64606
83	0.00874	0.19419	0.62276	0.01068	0.02773	0.01072	0.01302	0.01265	0.00872	0.01244	0.03767	0.00908	0.00649	0.00398	0.00367	0.00121	0.00555	0.00303	0.00185	0.00583
84	0.00815	0.00763	0.01271	0.64174	0.16766	0.00892	0.01111	0.01077	0.00852	0.01130	0.03204	0.01130	0.00668	0.00411	0.00408	0.00131	0.00516	0.00371	0.00197	0.04112
85	0.01088	0.82979	0.04911	0.00718	0.01078	0.01601	0.00730	0.01232	0.00835	0.00977	0.00576	0.00666	0.00527	0.00353	0.00268	0.00089	0.00445	0.00222	0.00176	0.00529
86	0.00845	0.07332	0.76556	0.01133	0.01716	0.00997	0.01447	0.01315	0.02646	0.01288	0.00747	0.00868	0.00536	0.00391	0.00383	0.00128	0.00590	0.00302	0.00179	0.00603
87	0.01052	0.16462	0.23027	0.01039	0.01411	0.01019	0.16137	0.04472	0.04999	0.11977	0.01032	0.05283	0.02036	0.00478	0.00448	0.00127	0.05138	0.00405	0.02890	0.00567
88	0.00500	0.00358	0.00475	0.00569	0.00595	0.00334	0.00380	0.00572	0.00788	0.01049	0.02293	0.83974	0.04027	0.01282	0.00523	0.00166	0.00238	0.01162	0.00381	0.00334
89	0.00903	0.00477	0.00632	0.00599	0.00733	0.00430	0.00451	0.01031	0.00994	0.24181	0.20683	0.31199	0.08668	0.00961	0.01320	0.01587	0.00273	0.04002	0.00428	0.00448
90	0.02382	0.00963	0.01585	0.47512	0.02390	0.08396	0.26025	0.01185	0.00890	0.01139	0.00744	0.01054	0.00567	0.00400	0.00455	0.00136	0.03106	0.00390	0.00194	0.00488
91	0.00545	0.00395	0.00499	0.00565	0.00632	0.00363	0.00411	0.00645	0.00857	0.02521	0.03686	0.51424	0.21538	0.01186	0.00519	0.00162	0.00254	0.13063	0.00384	0.00350
92	0.01029	0.00886	0.00933	0.00837	0.01070	0.01025	0.00652	0.03350	0.81090	0.01730	0.01661	0.01523	0.01245	0.00556	0.00418	0.00139	0.00327	0.00463	0.00418	0.00650
93	0.00833	0.02055	0.78031	0.01207	0.01801	0.00959	0.06865	0.01301	0.00873	0.01301	0.00743	0.00883	0.00527	0.00387	0.00396	0.00131	0.00612	0.00315	0.00176	0.00603
94	0.60243	0.00989	0.00815	0.02313	0.00965	0.13990	0.02337	0.01246	0.00774	0.01583	0.00596	0.00733	0.00482	0.00427	0.00405	0.00130	0.09987	0.00255	0.01281	0.00452
95	0.00775	0.00730	0.01231	0.84587	0.02827	0.00912	0.01140	0.01049	0.00821	0.01049	0.00730	0.01094	0.00547	0.00410	0.00410	0.00137	0.00547	0.00365	0.00182	0.00456
96	0.00543	0.00413	0.00499	0.00488	0.00593	0.00369	0.00362	0.00697	0.01056	0.01420	0.50336	0.10349	0.29494	0.00942	0.00488	0.00135	0.00202	0.00819	0.00423	0.00369
97	0.01029	0.00839	0.00974	0.00733	0.01073	0.01752	0.02992	0.13614	0.11596	0.04474	0.00924	0.00986	0.00719	0.00376	0.00345	0.00086	0.00348	0.00305	0.00299	0.56535
98	0.01137	0.00698	0.00858	0.00739	0.00961	0.00713	0.02339	0.01693	0.32487	0.26071	0.18884	0.03687	0.03333	0.00645	0.00441	0.00136	0.00311	0.03840	0.00444	0.00583
99	0.00611	0.00394	0.00442	0.00447	0.00459	0.00393	0.00260	0.00637	0.00637	0.00893	0.01350	0.06958	0.01507	0.71339	0.01800	0.00351	0.00366	0.00603	0.10285	0.00269
100	0.01567	0.00895	0.01041	0.00821	0.01122	0.00926	0.00671	0.33207	0.14514	0.36087	0.01371	0.01261	0.00931	0.00509	0.00409	0.00127	0.00381	0.00403	0.03077	0.00681
101	0.00939	0.00871	0.01220	0.01044	0.01064	0.01196	0.00869	0.01035	0.00660	0.05518	0.00618	0.00950	0.00582	0.00788	0.04122	0.00193	0.77307	0.00365	0.00199	0.00460
102	0.01096	0.79685	0.06605	0.00729	0.01093	0.01569	0.00745	0.01247	0.00842	0.02463	0.00599	0.00683	0.00535	0.00356	0.00273	0.00091	0.00447	0.00228	0.00181	0.00534
103	0.00547	0.00421	0.00500	0.00549	0.00614	0.01651	0.00387	0.01433	0.00866	0.01134	0.08146	0.52727	0.21702	0.01138	0.00518	0.00155	0.01855	0.02298	0.03010	0.00350
104	0.00678	0.00441	0.00580	0.00533	0.00647	0.00404	0.00404	0.00869	0.01163	0.07960	0.76520	0.02937	0.03652	0.00814	0.00479	0.00129	0.00206	0.00717	0.00456	0.00411
105	0.00851	0.00730	0.00851	0.00608	0.00973	0.00547	0.00486	0.01034	0.00851	0.01338	0.00730	0.00851	0.00608	0.00304	0.00304	0.00061	0.00304	0.00243	0.00243	0.88083
106	0.01093	0.84348	0.02129	0.00701	0.01052	0.01606	0.00699	0.01226	0.00834	0.00972	0.00573	0.00662	0.00528	0.00350	0.00264	0.00087	0.00437	0.00220	0.00177	0.02043
107	0.00575	0.00427	0.00624	0.00637	0.00699	0.00483	0.00481	0.00704	0.00673	0.00957	0.01265	0.12851	0.01277	0.07237	0.68438	0.00580	0.00947	0.00545	0.00243	0.00356
108	0.00500	0.00357	0.00476	0.00572	0.00595	0.00333	0.00381	0.00572	0.00786	0.01048	0.02262	0.85306	0.02715	0.01286	0.00524	0.00167	0.00238	0.01167	0.00381	0.00333
109	0.00775	0.00730	0.01231	0.84587	0.02827	0.00912	0.01140	0.01049	0.00821	0.01049	0.00730	0.01094	0.00547	0.00410	0.00410	0.00137	0.00547	0.00365	0.00182	0.00456
110	0.01021	0.00882	0.00928	0.00835	0.01067	0.01021	0.00650	0.02181	0.82272	0.01717	0.01671	0.01532	0.01253	0.00557	0.00418	0.00139	0.00325	0.00464	0.00418	0.00650
111	0.00999	0.00958	0.01635	0.08374	0.77293	0.00971	0.01251	0.01245	0.00927	0.01320	0.00769	0.01022	0.00643	0.00369	0.00407	0.00123	0.00492	0.00366	0.00202	0.00636
112	0.00778	0.00654	0.00811	0.00650	0.00916	0.00541	0.03221	0.02129	0.05208	0.01318	0.04635	0.21313	0.01290	0.00581	0.00378	0.00097	0.00300	0.00508	0.00296	0.54376
113	0.00896	0.22996	0.57821	0.01015	0.01528	0.01089	0.01244	0.01268	0.00877	0.02488	0.04656	0.00928	0.00691	0.00404	0.00363	0.00119	0.00541	0.00305	0.00192	0.00577
114	0.00855	0.00741	0.00898	0.00642	0.01008	0.00562	0.02918	0.01042	0.00855	0.01337	0.00733	0.00859	0.00608	0.00305	0.00309	0.00063	0.00316	0.00250	0.00242	0.85457
115	0.03706	0.07769	0.19901	0.01058	0.01390	0.00876	0.21505	0.04660	0.06045	0.03372	0.01316	0.15038	0.04026	0.00620	0.00442	0.00140	0.00483	0.06856	0.00276	0.00519
116	0.01270	0.00602	0.00789	0.00658	0.00880	0.00551	0.00527	0.01519	0.07507	0.43971	0.30515	0.02143	0.03559	0.00658	0.00444	0.00131	0.00290	0.02942	0.00475	0.00568
117	0.00823	0.02123	0.83447	0.01170	0.01777	0.00953	0.01517	0.01300	0.00867	0.01300	0.00737	0.00867	0.00520	0.00390	0.00390	0.00130	0.00607	0.00303	0.00173	0.00607
118	0.01091	0.01125	0.01931	0.03341	0.01799	0.07143	0.49519	0.11454	0.04171	0.02990	0.00846	0.01062	0.00645	0.00426	0.00562	0.00139	0.10518	0.00434	0.00243	0.00558
119	0.00952	0.00915	0.01571	0.23775	0.60385	0.00960	0.03058	0.01206	0.00906	0.01265	0.00762	0.01038	0.00623	0.00377	0.00409	0.00126	0.00508	0.00368	0.00198	0.00598
120	0.00607	0.00447	0.00621	0.00693	0.00778	0.00433	0.02073	0.00759	0.00900	0.01169	0.02349	0.26861	0.09587	0.01153	0.00546	0.00177	0.00330	0.49772	0.00376	0.00366
121	0.00833	0.00692	0.00924	0.00830	0.00998	0.07233	0.12440	0.01026	0.03393	0.08468	0.03146	0.18228	0.16580	0.00888	0.00511	0.00154	0.01906	0.20965	0.00351	0.00436
122	0.02450	0.00997	0.01949	0.01429	0.01780	0.02033	0.57160	0.04299	0.02093	0.07446	0.02468	0.07385	0.00870	0.00454	0.00488	0.00137	0.02619	0.00512	0.00259	0.03173
123	0.01807	0.00603	0.00664	0.00678	0.00731	0.08264	0.00492	0.01839	0.00815	0.01075	0.05989	0.44639	0.02021	0.09624	0.05740	0.00213	0.10515	0.03606	0.00321	0.00365
124	0.00909	0.03486	0.72685	0.01149	0.01707	0.10463	0.01420	0.01338	0.00900	0.01261	0.00722	0.00849	0.00521	0.00393	0.00386	0.00127	0.00619	0.00297	0.00178	0.00590
125	0.02878	0.00880	0.01306	0.01046	0.01226	0.03453	0.15594	0.01296	0.03959	0.17848	0.01999	0.04726	0.02613	0.00602	0.00808	0.00150	0.35104	0.00437	0.00282	0.03792
126	0.01011	0.00971	0.01658	0.04088	0.81481	0.00974	0.01257	0.01256	0.00932	0.01335	0.00771	0.01017	0.00648	0.00367	0.00406	0.00122	0.00489	0.00366	0.00203	0.00646

[dist]
# distance from previous block
# <min> <max>
0	1

[block]
# block no. 1 follows, 65 sequences, length 9
# corresponding to MSA columns:
# 247-255
name=unknown_B
#
# <colnr> <probs for GDERKNQSTAVLIFYWHMCP>
#	G	D	E	R	K	N	Q	S	T	A	V	L	I	F	Y	W	H	M	C	P
0	0.09526	0.01061	0.01040	0.00855	0.01122	0.20480	0.04871	0.10510	0.05556	0.31644	0.05936	0.03530	0.01018	0.00509	0.00399	0.00124	0.00455	0.00402	0.00376	0.00584
1	0.08401	0.01365	0.01076	0.00927	0.01170	0.35838	0.00725	0.17870	0.15769	0.08401	0.00965	0.00986	0.00727	0.00475	0.00416	0.00121	0.03550	0.00334	0.00316	0.00567
2	0.00535	0.00386	0.00512	0.00588	0.00638	0.00363	0.00425	0.00641	0.00861	0.01146	0.11004	0.58504	0.07098	0.01199	0.00525	0.00165	0.00255	0.14417	0.00388	0.00347
3	0.01306	0.01145	0.01225	0.00991	0.01279	0.14543	0.09865	0.25613	0.28041	0.06984	0.01168	0.01161	0.00862	0.00481	0.00411	0.00125	0.00473	0.00395	0.00358	0.03575
4	0.00835	0.00759	0.00763	0.00711	0.00831	0.15573	0.01969	0.00991	0.03203	0.03818	0.11414	0.02017	0.04776	0.14720	0.26025	0.00331	0.02709	0.05138	0.00282	0.03135
5	0.00922	0.32395	0.54044	0.01001	0.01515	0.01196	0.01222	0.01274	0.00855	0.01179	0.00677	0.00791	0.00522	0.00376	0.00344	0.00115	0.00546	0.00273	0.00174	0.00578
6	0.01277	0.00997	0.01089	0.00912	0.01171	0.13071	0.07759	0.04914	0.35692	0.20664	0.04478	0.01477	0.01147	0.00533	0.00422	0.00132	0.00425	0.02838	0.00390	0.00611
7	0.01579	0.00749	0.00980	0.00768	0.01057	0.00708	0.02601	0.14572	0.03335	0.55043	0.05079	0.01501	0.03935	0.00686	0.05295	0.00159	0.00406	0.00441	0.00459	0.00649
8	0.00976	0.00958	0.01783	0.01352	0.01637	0.03376	0.47137	0.03032	0.00958	0.06257	0.03404	0.06029	0.01014	0.00553	0.00598	0.00148	0.11552	0.08461	0.00260	0.00516

[dist]
# distance from previous block
# <min> <max>
0	3

[block]
# block no. 2 follows, 65 sequences, length 28
# corresponding to MSA columns:
# 259-267,294-298,301-314
name=unknown_C
#
# <colnr> <probs for GDERKNQSTAVLIFYWHMCP>
#	G	D	E	R	K	N	Q	S	T	A	V	L	I	F	Y	W	H	M	C	P
0	0.01016	0.00975	0.01666	0.02520	0.83013	0.00975	0.01260	0.01260	0.00935	0.01341	0.00772	0.01016	0.00650	0.00366	0.00406	0.00122	0.00488	0.00366	0.00203	0.00650
1	0.00966	0.01098	0.02368	0.01700	0.02096	0.01048	0.77808	0.01300	0.00953	0.01300	0.00817	0.01098	0.00619	0.00363	0.00524	0.00140	0.04568	0.00479	0.00206	0.00549
2	0.00595	0.00425	0.00546	0.00536	0.00637	0.00391	0.00409	0.00768	0.01086	0.03004	0.57689	0.08836	0.13634	0.00919	0.00494	0.00139	0.00220	0.08859	0.00432	0.00383
3	0.05426	0.00779	0.01023	0.00807	0.01109	0.00749	0.04942	0.07240	0.14259	0.54796	0.01511	0.01423	0.01020	0.00516	0.00414	0.00131	0.00370	0.02365	0.00457	0.00664
4	0.01240	0.00967	0.01871	0.01363	0.01736	0.00904	0.51254	0.01584	0.06549	0.26449	0.01129	0.01225	0.00786	0.00410	0.00458	0.00135	0.00562	0.00461	0.00314	0.00605
5	0.00601	0.00444	0.00629	0.00629	0.00685	0.00505	0.00472	0.00715	0.00659	0.00933	0.01181	0.01982	0.01183	0.21150	0.59545	0.00566	0.03097	0.04448	0.00233	0.00343
6	0.05037	0.01302	0.01234	0.01031	0.01295	0.29036	0.11617	0.11815	0.29157	0.02698	0.01073	0.01099	0.00816	0.00467	0.00403	0.00125	0.00531	0.00376	0.00313	0.00576
7	0.01016	0.00975	0.01666	0.02520	0.83013	0.00975	0.01260	0.01260	0.00935	0.01341	0.00772	0.01016	0.00650	0.00366	0.00406	0.00122	0.00488	0.00366	0.00203	0.00650
8	0.00626	0.00431	0.00552	0.00515	0.00626	0.00392	0.00389	0.00808	0.01138	0.05147	0.70720	0.03089	0.12324	0.00847	0.00481	0.00130	0.00202	0.00741	0.00447	0.00396
9	0.00557	0.00426	0.00512	0.00499	0.00608	0.00387	0.00374	0.00737	0.02987	0.01431	0.49234	0.08647	0.28941	0.00930	0.00487	0.00136	0.00207	0.02100	0.00423	0.00377
10	0.14052	0.01223	0.01109	0.00907	0.01192	0.17271	0.01924	0.43839	0.11100	0.02049	0.00936	0.00958	0.00693	0.00468	0.00382	0.00122	0.00477	0.00341	0.00347	0.00610
11	0.00888	0.00889	0.01189	0.01037	0.01060	0.04761	0.02174	0.00987	0.00685	0.01011	0.00749	0.06673	0.00781	0.00759	0.01194	0.00175	0.69662	0.04681	0.00205	0.00440
12	0.00561	0.00419	0.00521	0.00495	0.00601	0.00379	0.00371	0.00736	0.01114	0.01533	0.66256	0.03252	0.20484	0.00881	0.00484	0.00131	0.00197	0.00768	0.00437	0.00379
13	0.03255	0.00427	0.00580	0.00577	0.00604	0.00449	0.00403	0.02318	0.00644	0.00889	0.01183	0.16050	0.05463	0.04057	0.02553	0.53804	0.05721	0.00531	0.00235	0.00256
14	0.01014	0.60355	0.26886	0.00845	0.01274	0.01420	0.00950	0.01251	0.00844	0.01067	0.00621	0.00722	0.00525	0.00363	0.00302	0.00101	0.00490	0.00245	0.00175	0.00551
15	0.00593	0.00431	0.00499	0.00515	0.00636	0.00380	0.00397	0.00713	0.00939	0.05540	0.07669	0.16396	0.49330	0.01053	0.00500	0.00150	0.00246	0.13252	0.00391	0.00370
16	0.00826	0.00488	0.00605	0.00541	0.00698	0.00436	0.00418	0.01012	0.03085	0.18379	0.42469	0.02926	0.24876	0.00819	0.00468	0.00132	0.00233	0.00701	0.00443	0.00447
17	0.01503	0.04988	0.02912	0.00947	0.01244	0.22566	0.00777	0.49459	0.02603	0.05557	0.00914	0.00945	0.00672	0.00498	0.01368	0.00124	0.00527	0.00339	0.01436	0.00623
18	0.01006	0.01033	0.05740	0.02452	0.78966	0.00974	0.01273	0.01262	0.00931	0.01339	0.00770	0.01009	0.00644	0.00367	0.00406	0.00122	0.00494	0.00363	0.00202	0.00648
19	0.09787	0.00823	0.02678	0.00810	0.03208	0.05130	0.01854	0.04077	0.02439	0.58975	0.01424	0.01402	0.00965	0.00511	0.00403	0.00129	0.00385	0.03918	0.00439	0.00643
20	0.00796	0.00751	0.01269	0.77417	0.09833	0.00918	0.01150	0.01067	0.00831	0.01074	0.00733	0.01088	0.00556	0.00406	0.00410	0.00135	0.00542	0.00365	0.00184	0.00473
21	0.00841	0.05578	0.76556	0.01175	0.01762	0.00985	0.04932	0.01298	0.00870	0.01287	0.00734	0.00868	0.00525	0.00386	0.00389	0.00129	0.00603	0.00308	0.00175	0.00601
22	0.00928	0.18404	0.61780	0.01065	0.01600	0.02822	0.01306	0.05296	0.00919	0.01293	0.00715	0.00829	0.00530	0.00388	0.00366	0.00121	0.00569	0.00289	0.00186	0.00593
23	0.00713	0.00364	0.00535	0.00540	0.00549	0.00364	0.00370	0.00570	0.00571	0.00776	0.00818	0.01441	0.00816	0.01369	0.01491	0.79526	0.00350	0.04628	0.04011	0.00198
24	0.00843	0.08098	0.77644	0.01137	0.01725	0.01001	0.01459	0.01295	0.00864	0.01276	0.00725	0.00852	0.00520	0.00387	0.00381	0.00127	0.00595	0.00297	0.00173	0.00601
25	0.14998	0.00949	0.00883	0.00754	0.00984	0.10705	0.00602	0.28586	0.07988	0.01851	0.13516	0.01736	0.10432	0.00610	0.00407	0.00128	0.00385	0.03590	0.00364	0.00529
26	0.00852	0.10868	0.74953	0.01121	0.01701	0.01023	0.01432	0.01293	0.00863	0.01265	0.00719	0.00845	0.00521	0.00386	0.00377	0.00126	0.00589	0.00295	0.00174	0.00598
27	0.06029	0.00956	0.01023	0.00825	0.01105	0.04585	0.00667	0.37069	0.12916	0.20425	0.07068	0.03278	0.01102	0.00540	0.00410	0.00127	0.00393	0.00426	0.00419	0.00637

[dist]
# distance from previous block
# <min> <max>
0	1

[block]
# block no. 3 follows, 65 sequences, length 30
# corresponding to MSA columns:
# 316-345
name=unknown_D
#
# <colnr> <probs for GDERKNQSTAVLIFYWHMCP>
#	G	D	E	R	K	N	Q	S	T	A	V	L	I	F	Y	W	H	M	C	P
0	0.06516	0.00971	0.01102	0.10936	0.01348	0.04407	0.00758	0.35403	0.07696	0.18821	0.02356	0.01125	0.00808	0.00500	0.00456	0.00130	0.05294	0.00378	0.00374	0.00622
1	0.00884	0.00777	0.01214	0.71386	0.02570	0.00946	0.01075	0.09201	0.03988	0.02866	0.00808	0.01106	0.00598	0.00426	0.00411	0.00135	0.00525	0.00370	0.00221	0.00492
2	0.19815	0.00922	0.00909	0.00754	0.01027	0.09018	0.00605	0.11250	0.16312	0.26228	0.04114	0.01188	0.00937	0.00482	0.00373	0.00124	0.00381	0.00366	0.00382	0.04814
3	0.48254	0.00906	0.00803	0.00752	0.04001	0.07816	0.00579	0.05807	0.14144	0.07085	0.00947	0.01120	0.00753	0.00470	0.00333	0.00130	0.00373	0.04903	0.00308	0.00515
4	0.02051	0.00782	0.01230	0.05780	0.01333	0.00755	0.22254	0.05951	0.09381	0.10142	0.03902	0.02008	0.15326	0.00599	0.00448	0.00133	0.00425	0.07679	0.00328	0.09492
5	0.05900	0.00918	0.01533	0.01163	0.01489	0.02255	0.35193	0.03198	0.13043	0.15843	0.02364	0.01456	0.00949	0.00474	0.00440	0.00133	0.00496	0.06249	0.00317	0.06589
6	0.00944	0.01045	0.06624	0.01379	0.01772	0.00901	0.53766	0.01282	0.03992	0.03887	0.01051	0.01236	0.05240	0.00393	0.00445	0.00125	0.00573	0.00453	0.00238	0.14653
7	0.01072	0.00997	0.00963	0.00867	0.01089	0.09840	0.00673	0.02086	0.71089	0.01619	0.01525	0.01428	0.01154	0.00548	0.00442	0.00137	0.03021	0.00440	0.00388	0.00625
8	0.01378	0.01063	0.01151	0.00917	0.01175	0.03733	0.00751	0.59059	0.04126	0.02191	0.00967	0.01041	0.00725	0.00624	0.03922	0.00150	0.10618	0.00372	0.05408	0.00628
9	0.01533	0.01244	0.01205	0.00948	0.01257	0.12523	0.00772	0.68962	0.01804	0.02339	0.01007	0.01017	0.02472	0.00495	0.00407	0.00121	0.00486	0.00366	0.00383	0.00660
10	0.00795	0.00607	0.00854	0.00759	0.00930	0.00593	0.09357	0.05776	0.09253	0.06257	0.17856	0.14853	0.12767	0.00850	0.00486	0.00147	0.00329	0.14890	0.00386	0.02256
11	0.04416	0.00816	0.00969	0.00761	0.01063	0.05488	0.00622	0.09996	0.03630	0.62886	0.04008	0.01351	0.01034	0.00509	0.00408	0.00126	0.00376	0.00406	0.00469	0.00667
12	0.01097	0.85821	0.02151	0.00702	0.01054	0.01624	0.00702	0.01229	0.00834	0.00966	0.00571	0.00658	0.00527	0.00351	0.00263	0.00088	0.00439	0.00219	0.00176	0.00527
13	0.01002	0.00863	0.00912	0.00826	0.01050	0.00996	0.00640	0.02123	0.79339	0.01693	0.01692	0.04547	0.01306	0.00583	0.00422	0.00140	0.00322	0.00489	0.00416	0.00638
14	0.00954	0.03021	0.01502	0.01196	0.01298	0.06062	0.16749	0.01096	0.00732	0.01053	0.00603	0.00924	0.00554	0.00619	0.01094	0.00165	0.61342	0.00375	0.00187	0.00473
15	0.01202	0.00661	0.00809	0.00708	0.00923	0.00653	0.00556	0.04064	0.21932	0.33541	0.06310	0.16269	0.06280	0.00726	0.00447	0.00140	0.00311	0.03450	0.00445	0.00574
16	0.00500	0.00357	0.00476	0.00572	0.00595	0.00333	0.00381	0.00572	0.00786	0.01048	0.02262	0.85306	0.02715	0.01286	0.00524	0.00167	0.00238	0.01167	0.00381	0.00333
17	0.00619	0.00427	0.00556	0.00522	0.00626	0.00392	0.00392	0.00805	0.01144	0.04462	0.74951	0.05576	0.06272	0.00848	0.00483	0.00130	0.00201	0.00748	0.00449	0.00395
18	0.01521	0.00814	0.01029	0.00948	0.09124	0.03425	0.00692	0.07996	0.14079	0.48211	0.01452	0.01401	0.01005	0.00622	0.04051	0.00152	0.00413	0.01976	0.00432	0.00658
19	0.01842	0.00699	0.00953	0.00730	0.01048	0.00603	0.00603	0.02000	0.01175	0.83298	0.01619	0.01397	0.01016	0.00508	0.00413	0.00127	0.00349	0.00413	0.00508	0.00699
20	0.00563	0.00419	0.00523	0.00497	0.00602	0.00379	0.00373	0.00739	0.01118	0.01543	0.67695	0.03236	0.19039	0.00878	0.00484	0.00131	0.00196	0.00766	0.00438	0.00379
21	0.64250	0.00804	0.00712	0.00604	0.00870	0.00895	0.00497	0.09744	0.00900	0.13472	0.00788	0.00832	0.00572	0.00414	0.00294	0.00126	0.00332	0.00270	0.03118	0.00505
22	0.00814	0.00637	0.00738	0.00766	0.00900	0.05420	0.00642	0.03627	0.12376	0.03871	0.04223	0.06388	0.04588	0.00966	0.00519	0.00169	0.00378	0.52158	0.00381	0.00439
23	0.88473	0.00794	0.00603	0.00540	0.00794	0.00921	0.00445	0.01207	0.00699	0.01842	0.00572	0.00667	0.00445	0.00381	0.00254	0.00127	0.00318	0.00222	0.00254	0.00445
24	0.01002	0.00977	0.01527	0.04851	0.68567	0.04817	0.01155	0.01270	0.04259	0.01318	0.00996	0.01196	0.05403	0.00416	0.00410	0.00123	0.00479	0.00394	0.00222	0.00618
25	0.75201	0.00913	0.00688	0.00608	0.00862	0.08471	0.00493	0.04646	0.00802	0.03411	0.00615	0.00701	0.00474	0.00392	0.00274	0.00125	0.00362	0.00236	0.00262	0.00463
26	0.00500	0.00357	0.00476	0.00572	0.00595	0.00333	0.00381	0.00572	0.00786	0.01048	0.02262	0.85306	0.02715	0.01286	0.00524	0.00167	0.00238	0.01167	0.00381	0.00333
27	0.01005	0.00913	0.01520	0.12194	0.64496	0.00934	0.01168	0.01277	0.03731	0.04663	0.02255	0.01140	0.02060	0.00402	0.00410	0.00125	0.00474	0.00385	0.00228	0.00619
28	0.04044	0.00776	0.00898	0.00751	0.01001	0.02385	0.02257	0.20153	0.05858	0.04591	0.09236	0.05728	0.01413	0.00626	0.00419	0.00122	0.00359	0.15082	0.00353	0.23949
29	0.17715	0.15180	0.06541	0.00727	0.00973	0.09666	0.00645	0.01218	0.08682	0.01356	0.05272	0.03829	0.03921	0.00595	0.00378	0.00127	0.00398	0.14443	0.02135	0.06199

[dist]
# distance from previous block
# <min> <max>
24	44

[block]
# block no. 4 follows, 65 sequences, length 15
# corresponding to MSA columns:
# 396-410
name=unknown_E
#
# <colnr> <probs for GDERKNQSTAVLIFYWHMCP>
#	G	D	E	R	K	N	Q	S	T	A	V	L	I	F	Y	W	H	M	C	P
0	0.41112	0.01108	0.00833	0.00713	0.00978	0.23348	0.00563	0.05940	0.00931	0.01544	0.00736	0.00826	0.02666	0.00402	0.00310	0.00109	0.00434	0.00263	0.00253	0.16933
1	0.01016	0.00975	0.01666	0.02520	0.83013	0.00975	0.01260	0.01260	0.00935	0.01341	0.00772	0.01016	0.00650	0.00366	0.00406	0.00122	0.00488	0.00366	0.00203	0.00650
2	0.01520	0.00694	0.00889	0.00708	0.00990	0.02371	0.00576	0.01713	0.03653	0.58217	0.08306	0.03504	0.01305	0.00559	0.00416	0.00124	0.00338	0.03909	0.00458	0.09751
3	0.00876	0.00719	0.00845	0.00609	0.00964	0.00544	0.00487	0.01058	0.00872	0.04113	0.03327	0.00939	0.00724	0.00328	0.00313	0.00065	0.00302	0.00265	0.00259	0.82392
4	0.04999	0.01080	0.01162	0.00890	0.01218	0.01168	0.00734	0.68106	0.01755	0.05581	0.00971	0.00977	0.00692	0.00472	0.00395	0.00118	0.00429	0.00354	0.00393	0.08507
5	0.27102	0.00781	0.00870	0.00702	0.00993	0.00793	0.00576	0.08007	0.09740	0.44444	0.01269	0.01165	0.00849	0.00475	0.00367	0.00128	0.00345	0.00359	0.00416	0.00619
6	0.00506	0.00421	0.00444	0.00451	0.00584	0.00360	0.00347	0.00622	0.00948	0.01146	0.07878	0.03967	0.71732	0.01038	0.00492	0.00143	0.00222	0.07963	0.00384	0.00351
7	0.01016	0.00975	0.01666	0.02520	0.83013	0.00975	0.01260	0.01260	0.00935	0.01341	0.00772	0.01016	0.00650	0.00366	0.00406	0.00122	0.00488	0.00366	0.00203	0.00650
8	0.01021	0.00882	0.00928	0.00835	0.01067	0.01021	0.00650	0.02181	0.82272	0.01717	0.01671	0.01532	0.01253	0.00557	0.00418	0.00139	0.00325	0.00464	0.00418	0.00650
9	0.01533	0.01956	0.01163	0.01058	0.01269	0.83926	0.00793	0.01639	0.01163	0.01005	0.00635	0.00740	0.00529	0.00423	0.00370	0.00106	0.00740	0.00264	0.00212	0.00476
10	0.00494	0.00416	0.00428	0.00425	0.00560	0.00350	0.00319	0.00606	0.00956	0.01157	0.11195	0.03871	0.75781	0.01022	0.00485	0.00138	0.00207	0.00855	0.00388	0.00350
11	0.01016	0.00975	0.01666	0.02520	0.83013	0.00975	0.01260	0.01260	0.00935	0.01341	0.00772	0.01016	0.00650	0.00366	0.00406	0.00122	0.00488	0.00366	0.00203	0.00650
12	0.01680	0.00863	0.01047	0.00800	0.01124	0.00841	0.00660	0.30631	0.01427	0.49199	0.01337	0.01215	0.00877	0.00490	0.00405	0.00122	0.00383	0.00387	0.00457	0.06057
13	0.07491	0.00705	0.00930	0.00718	0.01031	0.00624	0.00593	0.01949	0.01144	0.77986	0.01551	0.01350	0.00979	0.00500	0.00402	0.00127	0.00347	0.00400	0.00491	0.00682
14	0.13820	0.01148	0.00999	0.00855	0.01106	0.20556	0.00685	0.28607	0.09231	0.06414	0.01167	0.01404	0.03679	0.00547	0.00397	0.00128	0.00467	0.07882	0.00343	0.00562

[dist]
# distance from previous block
# <min> <max>
5	35

# created by:
# /st0/software/busco_prod/Augustus/scripts/msa2prfl.pl ./align_prep/102560.fa
