[name]
unknown

[dist]
# distance from previous block
# <min> <max>
18	106

[block]
# block no. 0 follows, 51 sequences, length 82
# corresponding to MSA columns:
# 116-133,146-155,163-216
name=unknown_A
#
# <colnr> <probs for GDERKNQSTAVLIFYWHMCP>
#	G	D	E	R	K	N	Q	S	T	A	V	L	I	F	Y	W	H	M	C	P
0	0.02809	0.02382	0.08289	0.16311	0.10108	0.08257	0.08035	0.03781	0.02681	0.02751	0.08295	0.08235	0.02775	0.00632	0.00532	0.00150	0.03327	0.00547	0.00309	0.09794
1	0.01314	0.11170	0.06671	0.07079	0.05655	0.09289	0.11334	0.08051	0.07231	0.07672	0.03735	0.02803	0.01040	0.00561	0.00513	0.00144	0.03357	0.02753	0.00330	0.09296
2	0.03146	0.05742	0.06511	0.09215	0.01627	0.13104	0.03734	0.17684	0.02544	0.09080	0.02257	0.01320	0.02218	0.00530	0.00453	0.00132	0.00562	0.01867	0.00351	0.17923
3	0.04028	0.06522	0.09393	0.02507	0.01466	0.11087	0.08391	0.12279	0.04420	0.04342	0.06756	0.04240	0.05817	0.00657	0.01612	0.00150	0.03324	0.00500	0.00345	0.12163
4	0.01432	0.04154	0.07562	0.08504	0.01757	0.09255	0.10812	0.27587	0.05661	0.04867	0.03737	0.01477	0.03634	0.00576	0.00492	0.00148	0.00593	0.01820	0.00373	0.05561
5	0.13976	0.13771	0.06755	0.06616	0.06831	0.07665	0.08452	0.05002	0.02680	0.05155	0.01014	0.04312	0.00852	0.00562	0.01609	0.00147	0.00561	0.01663	0.00296	0.12080
6	0.01085	0.05495	0.05584	0.01022	0.04105	0.03602	0.09422	0.06915	0.04131	0.05899	0.17528	0.05801	0.09147	0.02109	0.00533	0.00146	0.00448	0.00615	0.00388	0.16025
7	0.07067	0.04507	0.01619	0.04624	0.04906	0.02372	0.17249	0.18227	0.07942	0.04584	0.06302	0.04315	0.01163	0.00579	0.00527	0.00149	0.03398	0.00509	0.00366	0.09596
8	0.03493	0.01097	0.01827	0.16020	0.46116	0.01119	0.08428	0.02627	0.03571	0.02848	0.00966	0.01242	0.00774	0.00452	0.00482	0.00146	0.00586	0.00439	0.00263	0.07506
9	0.01328	0.01128	0.01460	0.01102	0.01498	0.05484	0.14119	0.13908	0.09117	0.07578	0.02627	0.01272	0.00930	0.00486	0.00476	0.00123	0.01957	0.00422	0.00361	0.34624
10	0.01321	0.01217	0.01902	0.06706	0.08904	0.03924	0.26067	0.15421	0.05633	0.04863	0.01051	0.01256	0.00804	0.00516	0.00615	0.00153	0.08651	0.00472	0.00320	0.10204
11	0.00635	0.00463	0.00608	0.00686	0.00747	0.00423	0.00471	0.00743	0.00985	0.01336	0.08644	0.69856	0.03202	0.01424	0.00609	0.00189	0.00289	0.02777	0.00453	0.05461
12	0.00771	0.00620	0.00898	0.00827	0.03977	0.00563	0.06276	0.01011	0.01313	0.01850	0.58434	0.03290	0.08298	0.00909	0.00561	0.00151	0.00306	0.02254	0.00481	0.07210
13	0.00715	0.00476	0.00536	0.00536	0.00536	0.00476	0.00298	0.00715	0.00715	0.00953	0.01548	0.03216	0.01787	0.82729	0.02501	0.00476	0.00476	0.00715	0.00298	0.00298
14	0.01031	0.01024	0.01413	0.07138	0.01425	0.05057	0.03990	0.01181	0.00823	0.01196	0.00811	0.01259	0.00762	0.01347	0.16797	0.00317	0.53226	0.00450	0.00228	0.00525
15	0.00907	0.00460	0.00466	0.00464	0.00579	0.00458	0.00348	0.01137	0.01045	0.01838	0.04630	0.01904	0.01391	0.00589	0.00353	0.00116	0.00229	0.00475	0.82153	0.00458
16	0.01160	0.01326	0.02900	0.02071	0.02568	0.01243	0.77879	0.01574	0.01160	0.01574	0.00994	0.01326	0.00746	0.00414	0.00580	0.00166	0.00829	0.00580	0.00249	0.00663
17	0.00753	0.00675	0.01211	0.01066	0.01223	0.00631	0.21745	0.00929	0.01001	0.01342	0.02237	0.60114	0.02562	0.01230	0.00614	0.00190	0.00435	0.01172	0.00399	0.00472
18	0.02205	0.00836	0.01140	0.00874	0.01254	0.00722	0.00722	0.02395	0.01407	0.80004	0.01939	0.01673	0.01216	0.00608	0.00494	0.00152	0.00418	0.00494	0.00608	0.00836
19	0.01123	0.03401	0.01770	0.01411	0.01517	0.04236	0.14245	0.01285	0.00852	0.01250	0.00710	0.01104	0.00662	0.00759	0.01359	0.00200	0.62885	0.00447	0.00222	0.00563
20	0.86201	0.00950	0.00722	0.00646	0.00950	0.01102	0.00532	0.01445	0.00836	0.02205	0.00684	0.00798	0.00532	0.00456	0.00304	0.00152	0.00380	0.00266	0.00304	0.00532
21	0.01868	0.01376	0.01475	0.01131	0.01524	0.01524	0.00934	0.78025	0.02311	0.03097	0.01180	0.01180	0.00836	0.00590	0.00492	0.00147	0.00541	0.00442	0.00492	0.00836
22	0.01036	0.00884	0.01028	0.00736	0.01172	0.00673	0.00590	0.02815	0.01046	0.01632	0.00880	0.01022	0.00730	0.00369	0.00367	0.00074	0.00368	0.00294	0.00295	0.83989
23	0.01172	0.00991	0.01061	0.00971	0.01223	0.01132	0.00752	0.05305	0.65690	0.01998	0.02057	0.10055	0.01690	0.00772	0.00518	0.00171	0.00386	0.02830	0.00494	0.00732
24	0.69981	0.00908	0.00767	0.00669	0.00973	0.01014	0.00549	0.01552	0.00931	0.12704	0.02313	0.01009	0.00727	0.00491	0.00336	0.00151	0.00377	0.00316	0.03663	0.00569
25	0.00631	0.00449	0.00565	0.00635	0.00672	0.00423	0.00416	0.00711	0.00936	0.01247	0.08622	0.53940	0.07350	0.19788	0.01043	0.00257	0.00322	0.01183	0.00427	0.00382
26	0.00610	0.00499	0.00538	0.00528	0.00682	0.00427	0.00396	0.00762	0.01189	0.01491	0.23849	0.04461	0.60492	0.01184	0.00581	0.00163	0.00245	0.01000	0.00478	0.00427
27	0.01690	0.01307	0.01527	0.01183	0.01551	0.01446	0.06976	0.58990	0.11034	0.02763	0.01249	0.01276	0.00907	0.00594	0.00537	0.00153	0.03485	0.00466	0.02068	0.00797
28	0.67448	0.16351	0.01092	0.00704	0.01028	0.03973	0.00604	0.01467	0.00886	0.01975	0.00687	0.00799	0.00554	0.00451	0.00311	0.00142	0.00425	0.00267	0.00285	0.00552
29	0.00715	0.00476	0.00536	0.00536	0.00536	0.00476	0.00298	0.00715	0.00715	0.00953	0.01548	0.03216	0.01787	0.82729	0.02501	0.00476	0.00476	0.00715	0.00298	0.00298
30	0.01810	0.01351	0.01443	0.02755	0.03066	0.07488	0.00942	0.54420	0.01964	0.11554	0.01181	0.01209	0.00844	0.00602	0.00576	0.00152	0.06965	0.00438	0.00455	0.00785
31	0.01769	0.02011	0.01334	0.01177	0.01445	0.59483	0.00899	0.16243	0.01537	0.01610	0.00905	0.01016	0.00721	0.00527	0.00444	0.00130	0.00769	0.00351	0.07016	0.00611
32	0.00684	0.00496	0.00645	0.00619	0.00730	0.00457	0.00460	0.00901	0.01346	0.01892	0.70803	0.09915	0.07097	0.01055	0.00583	0.00159	0.00237	0.00934	0.00531	0.00457
33	0.01051	0.00999	0.01696	0.48086	0.35887	0.01124	0.01426	0.01363	0.01041	0.01405	0.00895	0.01270	0.00708	0.00469	0.00489	0.00156	0.00625	0.00437	0.00229	0.00645
34	0.00986	0.02542	0.80183	0.01401	0.02127	0.01141	0.01816	0.01556	0.01038	0.01556	0.00882	0.01038	0.00623	0.00467	0.00467	0.00156	0.00726	0.00363	0.00208	0.00726
35	0.00599	0.00428	0.00570	0.00684	0.00713	0.00399	0.00456	0.00684	0.00941	0.01254	0.02709	0.82409	0.03250	0.01540	0.00627	0.00200	0.00285	0.01397	0.00456	0.00399
36	0.00702	0.00527	0.00790	0.00790	0.00878	0.00614	0.00614	0.00878	0.00790	0.01141	0.01316	0.01931	0.01229	0.03686	0.80782	0.00790	0.01316	0.00527	0.00263	0.00439
37	0.01115	0.03966	0.10363	0.01886	0.05703	0.01191	0.58391	0.01498	0.01106	0.01511	0.01014	0.01424	0.00813	0.06910	0.00708	0.00186	0.00770	0.00553	0.00247	0.00644
38	0.01193	0.01198	0.04584	0.07234	0.72919	0.01163	0.01511	0.01496	0.01109	0.01585	0.00920	0.01215	0.00766	0.00442	0.00486	0.00147	0.00592	0.00435	0.00241	0.00764
39	0.00585	0.00498	0.00503	0.00502	0.00666	0.00417	0.00376	0.00713	0.01129	0.01349	0.07513	0.04693	0.76916	0.01236	0.00581	0.00166	0.00248	0.01032	0.00459	0.00417
40	0.08354	0.00886	0.01136	0.00877	0.01253	0.00812	0.00725	0.08170	0.01434	0.68341	0.01788	0.01570	0.01137	0.00596	0.00480	0.00152	0.00425	0.00473	0.00577	0.00814
41	0.01043	0.12565	0.63115	0.01393	0.02060	0.01252	0.08871	0.01547	0.01044	0.01508	0.00867	0.01033	0.00635	0.00456	0.00458	0.00150	0.00711	0.00371	0.00212	0.00708
42	0.01073	0.00617	0.02819	0.04465	0.00877	0.00596	0.00515	0.01353	0.04083	0.10420	0.01571	0.01750	0.01201	0.00640	0.01949	0.00140	0.02401	0.00463	0.62541	0.00526
43	0.00713	0.00524	0.00733	0.00729	0.00790	0.00594	0.00535	0.00838	0.00768	0.01089	0.01368	0.02275	0.01374	0.25866	0.57149	0.00690	0.02717	0.00577	0.00272	0.00401
44	0.01230	0.62966	0.12875	0.00944	0.01362	0.01752	0.00978	0.01442	0.00998	0.01239	0.03342	0.00941	0.00765	0.00481	0.00447	0.00122	0.06953	0.00310	0.00221	0.00631
45	0.00661	0.00484	0.00550	0.00576	0.00644	0.00453	0.00387	0.00733	0.00916	0.01163	0.02933	0.15153	0.27678	0.37436	0.01447	0.00314	0.00372	0.07350	0.00386	0.00364
46	0.01169	0.01037	0.04403	0.07193	0.01433	0.02863	0.00750	0.10138	0.01188	0.04359	0.00942	0.01080	0.00744	0.00416	0.00399	0.00096	0.00437	0.00330	0.00315	0.60709
47	0.01246	0.00871	0.03881	0.00846	0.01178	0.00735	0.02019	0.04164	0.07837	0.18345	0.11091	0.02169	0.01662	0.00666	0.00482	0.00136	0.00397	0.10274	0.02527	0.29476
48	0.02525	0.16747	0.37528	0.01263	0.04564	0.04680	0.01328	0.19324	0.04365	0.01857	0.00952	0.01053	0.00712	0.00495	0.00444	0.00143	0.00630	0.00370	0.00290	0.00729
49	0.01085	0.26918	0.56678	0.01231	0.01865	0.01385	0.01520	0.01531	0.01026	0.01435	0.00822	0.00962	0.00625	0.00453	0.00421	0.00140	0.00665	0.00333	0.00208	0.00697
50	0.00584	0.00498	0.00502	0.00501	0.00666	0.00416	0.00376	0.00711	0.01127	0.01344	0.06884	0.04702	0.77548	0.01238	0.00581	0.00166	0.00248	0.01033	0.00459	0.00416
51	0.00598	0.00431	0.00567	0.00675	0.00710	0.00400	0.00452	0.00685	0.00950	0.01258	0.02820	0.78610	0.06977	0.01525	0.00625	0.00198	0.00283	0.01379	0.00456	0.00400
52	0.00713	0.00481	0.00561	0.00561	0.00570	0.00490	0.00329	0.00731	0.00722	0.00971	0.01526	0.03090	0.01732	0.74973	0.10183	0.00507	0.00559	0.00696	0.00294	0.00312
53	0.00916	0.00458	0.00458	0.00458	0.00573	0.00458	0.00344	0.01145	0.01031	0.01832	0.01603	0.01832	0.01260	0.00573	0.00344	0.00115	0.00229	0.00458	0.85457	0.00458
54	0.01222	0.01056	0.01111	0.01000	0.01278	0.01222	0.00778	0.02611	0.78776	0.02056	0.02000	0.01833	0.01500	0.00667	0.00500	0.00167	0.00389	0.00556	0.00500	0.00778
55	0.00599	0.00428	0.00570	0.00684	0.00713	0.00399	0.00456	0.00684	0.00941	0.01254	0.02709	0.82409	0.03250	0.01540	0.00627	0.00200	0.00285	0.01397	0.00456	0.00399
56	0.01836	0.02342	0.01393	0.01266	0.01519	0.80756	0.00950	0.01962	0.01393	0.01203	0.00760	0.00886	0.00633	0.00506	0.00443	0.00127	0.00886	0.00317	0.00253	0.00570
57	0.01344	0.01116	0.01180	0.01025	0.01324	0.01279	0.00807	0.16834	0.64355	0.02252	0.01845	0.01710	0.01375	0.00652	0.00498	0.00163	0.00418	0.00534	0.00498	0.00789
58	0.01012	0.00978	0.01369	0.01188	0.01208	0.01336	0.00979	0.01128	0.00762	0.01178	0.00769	0.01257	0.00761	0.03829	0.12267	0.00298	0.66796	0.00449	0.00226	0.02212
59	0.01216	0.01168	0.01995	0.03016	0.79664	0.01168	0.01508	0.01508	0.01119	0.01605	0.00924	0.01216	0.00778	0.00438	0.00487	0.00146	0.00584	0.00438	0.00243	0.00778
60	0.00783	0.00567	0.00695	0.00655	0.00807	0.00531	0.00498	0.01077	0.07398	0.04793	0.47872	0.08508	0.16628	0.01028	0.00570	0.00160	0.00269	0.03455	0.00510	0.03196
61	0.01247	0.57060	0.22954	0.01044	0.02865	0.04987	0.01114	0.01515	0.01027	0.01271	0.00743	0.00865	0.00631	0.00437	0.00364	0.00120	0.00594	0.00294	0.00212	0.00656
62	0.00792	0.00566	0.00792	0.00905	0.01018	0.00566	0.00792	0.01018	0.01131	0.01471	0.02602	0.05543	0.02828	0.01358	0.00679	0.00226	0.00453	0.76356	0.00453	0.00453
63	0.01472	0.01241	0.01459	0.02677	0.21249	0.06200	0.01022	0.24824	0.26584	0.04787	0.01398	0.02594	0.01069	0.00584	0.00492	0.00153	0.00518	0.00486	0.00416	0.00776
64	0.01145	0.01598	0.24781	0.05245	0.43724	0.02772	0.10574	0.01530	0.01101	0.01567	0.00915	0.01174	0.00722	0.00447	0.00491	0.00151	0.00663	0.00430	0.00233	0.00737
65	0.00606	0.00434	0.00577	0.00679	0.00714	0.00404	0.00457	0.00703	0.00976	0.01311	0.08755	0.76201	0.03360	0.01497	0.00623	0.00196	0.00281	0.01357	0.00463	0.00404
66	0.00606	0.00434	0.00577	0.00679	0.00714	0.00404	0.00457	0.00703	0.00976	0.01311	0.08755	0.76201	0.03360	0.01497	0.00623	0.00196	0.00281	0.01357	0.00463	0.00404
67	0.77257	0.00981	0.00793	0.00691	0.01004	0.01125	0.00569	0.07508	0.00968	0.04401	0.00758	0.00852	0.00575	0.00471	0.00324	0.00152	0.00394	0.00286	0.00327	0.00564
68	0.70400	0.00994	0.00841	0.00720	0.01040	0.01128	0.00593	0.10741	0.01052	0.07531	0.00828	0.00903	0.00615	0.00483	0.00339	0.00152	0.00402	0.00303	0.00347	0.00589
69	0.01146	0.01421	0.08993	0.02018	0.02534	0.01235	0.71882	0.01573	0.01150	0.01573	0.00985	0.01303	0.00736	0.00418	0.00571	0.00165	0.00820	0.00563	0.00245	0.00668
70	0.00581	0.00498	0.00498	0.00498	0.00664	0.00415	0.00373	0.00705	0.01120	0.01328	0.04978	0.04729	0.79464	0.01245	0.00581	0.00166	0.00249	0.01037	0.00456	0.00415
71	0.82718	0.00946	0.00740	0.00656	0.00963	0.01087	0.00540	0.01484	0.00860	0.05431	0.00736	0.00835	0.00561	0.00462	0.00312	0.00152	0.00382	0.00276	0.00317	0.00545
72	0.00616	0.00441	0.00585	0.00673	0.00717	0.00411	0.00457	0.00727	0.01020	0.01380	0.16201	0.68557	0.03494	0.01445	0.00619	0.00192	0.00276	0.01308	0.00471	0.00411
73	0.16178	0.28508	0.29737	0.01055	0.01541	0.09284	0.01142	0.01593	0.04248	0.01525	0.00816	0.00932	0.00647	0.00462	0.00388	0.00136	0.00602	0.00317	0.00242	0.00647
74	0.01314	0.83025	0.02575	0.00841	0.01261	0.01945	0.00841	0.01472	0.00999	0.01156	0.00683	0.00788	0.00631	0.00420	0.00315	0.00105	0.00526	0.00263	0.00210	0.00631
75	0.00711	0.00475	0.00537	0.00541	0.00542	0.00474	0.00303	0.00714	0.00722	0.00963	0.01587	0.05867	0.01836	0.80012	0.02439	0.00467	0.00470	0.00737	0.00303	0.00301
76	0.00581	0.00498	0.00498	0.00498	0.00664	0.00415	0.00373	0.00705	0.01120	0.01328	0.04978	0.04729	0.79464	0.01245	0.00581	0.00166	0.00249	0.01037	0.00456	0.00415
77	0.00715	0.00476	0.00536	0.00536	0.00536	0.00476	0.00298	0.00715	0.00715	0.00953	0.01548	0.03216	0.01787	0.82729	0.02501	0.00476	0.00476	0.00715	0.00298	0.00298
78	0.01814	0.00751	0.01010	0.00804	0.01119	0.00654	0.00652	0.02011	0.01391	0.60030	0.18655	0.02227	0.05193	0.00720	0.00516	0.00153	0.00371	0.00601	0.00588	0.00739
79	0.01075	0.01075	0.01505	0.01290	0.01290	0.01505	0.01075	0.01183	0.00753	0.01183	0.00645	0.01075	0.00645	0.00860	0.01613	0.00215	0.81830	0.00430	0.00215	0.00538
80	0.00981	0.00912	0.01524	0.51023	0.23908	0.01042	0.01303	0.01288	0.01066	0.01431	0.09708	0.01550	0.01136	0.00534	0.00500	0.00158	0.00588	0.00488	0.00261	0.00600
81	0.01209	0.01160	0.01982	0.04949	0.77787	0.01166	0.01505	0.01502	0.01116	0.01597	0.00923	0.01219	0.00775	0.00439	0.00487	0.00146	0.00586	0.00438	0.00243	0.00773

[dist]
# distance from previous block
# <min> <max>
0	20

[block]
# block no. 1 follows, 51 sequences, length 88
# corresponding to MSA columns:
# 247-290,313-339,342-358
name=unknown_B
#
# <colnr> <probs for GDERKNQSTAVLIFYWHMCP>
#	G	D	E	R	K	N	Q	S	T	A	V	L	I	F	Y	W	H	M	C	P
0	0.84579	0.00959	0.00737	0.00656	0.00961	0.01111	0.00540	0.02917	0.00865	0.02222	0.00694	0.00806	0.00538	0.00459	0.00308	0.00152	0.00383	0.00269	0.00308	0.00538
1	0.00954	0.00924	0.01633	0.72658	0.03293	0.01109	0.09923	0.01291	0.01002	0.01291	0.00887	0.01312	0.00665	0.00483	0.00501	0.00164	0.00674	0.00453	0.00222	0.00559
2	0.01194	0.00868	0.01048	0.02688	0.01231	0.00676	0.00622	0.01410	0.01076	0.13276	0.01032	0.01123	0.00799	0.00403	0.00386	0.00087	0.00379	0.00325	0.00337	0.71039
3	0.01216	0.01168	0.01995	0.03016	0.79664	0.01168	0.01508	0.01508	0.01119	0.01605	0.00924	0.01216	0.00778	0.00438	0.00487	0.00146	0.00584	0.00438	0.00243	0.00778
4	0.00986	0.02542	0.80183	0.01401	0.02127	0.01141	0.01816	0.01556	0.01038	0.01556	0.00882	0.01038	0.00623	0.00467	0.00467	0.00156	0.00726	0.00363	0.00208	0.00726
5	0.00612	0.00499	0.00538	0.00529	0.00679	0.00428	0.00394	0.00761	0.01180	0.01481	0.23550	0.04434	0.59191	0.02793	0.00618	0.00169	0.00249	0.00994	0.00474	0.00425
6	0.00992	0.02505	0.78193	0.01391	0.02106	0.01143	0.01790	0.01583	0.02994	0.01569	0.00910	0.01058	0.00645	0.00472	0.00468	0.00156	0.00718	0.00368	0.00215	0.00728
7	0.00593	0.00463	0.00538	0.00594	0.00690	0.00408	0.00417	0.00701	0.01038	0.01308	0.05844	0.43295	0.39594	0.01385	0.00604	0.00182	0.00266	0.01212	0.00459	0.00408
8	0.00844	0.00692	0.02482	0.00744	0.00919	0.02006	0.02385	0.02737	0.11274	0.03662	0.46273	0.06738	0.12643	0.00974	0.00567	0.00162	0.00311	0.03562	0.00500	0.00523
9	0.01216	0.01168	0.01995	0.03016	0.79664	0.01168	0.01508	0.01508	0.01119	0.01605	0.00924	0.01216	0.00778	0.00438	0.00487	0.00146	0.00584	0.00438	0.00243	0.00778
10	0.01409	0.01173	0.01243	0.01104	0.03812	0.03031	0.00846	0.22821	0.54112	0.02303	0.01719	0.01618	0.01280	0.00635	0.00496	0.00160	0.00447	0.00516	0.00484	0.00789
11	0.01124	0.20313	0.54491	0.01294	0.01911	0.06801	0.04566	0.01566	0.01058	0.01444	0.00834	0.00983	0.00630	0.00457	0.00436	0.00143	0.00697	0.00346	0.00213	0.00692
12	0.01277	0.65536	0.11798	0.01004	0.01466	0.01788	0.06607	0.03300	0.01046	0.01280	0.00741	0.00867	0.00643	0.00430	0.00357	0.00117	0.00572	0.00302	0.00219	0.00649
13	0.02059	0.00970	0.01211	0.00940	0.01315	0.00934	0.00773	0.18919	0.07277	0.57502	0.01778	0.01577	0.01154	0.00609	0.00494	0.00152	0.00443	0.00487	0.00575	0.00832
14	0.00599	0.00428	0.00570	0.00684	0.00713	0.00399	0.00456	0.00684	0.00941	0.01254	0.02709	0.82409	0.03250	0.01540	0.00627	0.00200	0.00285	0.01397	0.00456	0.00399
15	0.86201	0.00950	0.00722	0.00646	0.00950	0.01102	0.00532	0.01445	0.00836	0.02205	0.00684	0.00798	0.00532	0.00456	0.00304	0.00152	0.00380	0.00266	0.00304	0.00532
16	0.00599	0.00428	0.00570	0.00684	0.00713	0.00399	0.00456	0.00684	0.00941	0.01254	0.02709	0.82409	0.03250	0.01540	0.00627	0.00200	0.00285	0.01397	0.00456	0.00399
17	0.01222	0.01056	0.01111	0.01000	0.01278	0.01222	0.00778	0.02611	0.78776	0.02056	0.02000	0.01833	0.01500	0.00667	0.00500	0.00167	0.00389	0.00556	0.00500	0.00778
18	0.00582	0.00493	0.00503	0.00512	0.00667	0.00414	0.00379	0.00704	0.01107	0.01322	0.04812	0.10425	0.73876	0.01266	0.00584	0.00168	0.00252	0.01064	0.00456	0.00414
19	0.01294	0.01040	0.01113	0.00991	0.01276	0.01186	0.00774	0.02595	0.73103	0.07771	0.01996	0.01822	0.01479	0.00662	0.00500	0.00166	0.00391	0.00551	0.00508	0.00782
20	0.01314	0.83025	0.02575	0.00841	0.01261	0.01945	0.00841	0.01472	0.00999	0.01156	0.00683	0.00788	0.00631	0.00420	0.00315	0.00105	0.00526	0.00263	0.00210	0.00631
21	0.01836	0.02342	0.01393	0.01266	0.01519	0.80756	0.00950	0.01962	0.01393	0.01203	0.00760	0.00886	0.00633	0.00506	0.00443	0.00127	0.00886	0.00317	0.00253	0.00570
22	0.86201	0.00950	0.00722	0.00646	0.00950	0.01102	0.00532	0.01445	0.00836	0.02205	0.00684	0.00798	0.00532	0.00456	0.00304	0.00152	0.00380	0.00266	0.00304	0.00532
23	0.02069	0.01005	0.01296	0.01001	0.01378	0.06926	0.06403	0.04065	0.03264	0.64555	0.01763	0.01579	0.01135	0.00587	0.00497	0.00151	0.00486	0.00487	0.00549	0.00802
24	0.86201	0.00950	0.00722	0.00646	0.00950	0.01102	0.00532	0.01445	0.00836	0.02205	0.00684	0.00798	0.00532	0.00456	0.00304	0.00152	0.00380	0.00266	0.00304	0.00532
25	0.00717	0.00512	0.00731	0.00738	0.00819	0.00579	0.00561	0.00883	0.00817	0.01202	0.01436	0.06550	0.01378	0.07867	0.64060	0.00674	0.01106	0.00580	0.08360	0.00430
26	0.02024	0.00868	0.01129	0.00877	0.01233	0.00794	0.00720	0.11352	0.01505	0.63218	0.07520	0.01764	0.01422	0.00634	0.00497	0.00151	0.00415	0.00516	0.02562	0.00800
27	0.00715	0.00476	0.00536	0.00536	0.00536	0.00476	0.00298	0.00715	0.00715	0.00953	0.01548	0.03216	0.01787	0.82729	0.02501	0.00476	0.00476	0.00715	0.00298	0.00298
28	0.00589	0.00498	0.00509	0.00507	0.00669	0.00418	0.00380	0.00722	0.01140	0.01375	0.10435	0.04652	0.73978	0.01227	0.00581	0.00165	0.00248	0.01026	0.00463	0.00418
29	0.01216	0.01168	0.01995	0.03016	0.79664	0.01168	0.01508	0.01508	0.01119	0.01605	0.00924	0.01216	0.00778	0.00438	0.00487	0.00146	0.00584	0.00438	0.00243	0.00778
30	0.00928	0.00873	0.01474	0.81548	0.03385	0.01092	0.01365	0.01256	0.00983	0.01256	0.00873	0.01310	0.00655	0.00491	0.00491	0.00164	0.00655	0.00437	0.00218	0.00546
31	0.00581	0.00498	0.00498	0.00498	0.00664	0.00415	0.00373	0.00705	0.01120	0.01328	0.04978	0.04729	0.79464	0.01245	0.00581	0.00166	0.00249	0.01037	0.00456	0.00415
32	0.01173	0.01124	0.01917	0.14793	0.68225	0.01156	0.01487	0.01470	0.01099	0.01553	0.00917	0.01230	0.00760	0.00446	0.00487	0.00149	0.00595	0.00438	0.00240	0.00744
33	0.01007	0.04269	0.67451	0.01300	0.01973	0.01105	0.01627	0.02753	0.01061	0.01583	0.02143	0.01074	0.00702	0.00466	0.00455	0.00146	0.00672	0.00363	0.00226	0.09625
34	0.68301	0.06372	0.02649	0.00747	0.01064	0.10008	0.00629	0.01520	0.00921	0.03173	0.00716	0.00826	0.00562	0.00462	0.00327	0.00146	0.00454	0.00277	0.00295	0.00551
35	0.01868	0.01376	0.01475	0.01131	0.01524	0.01524	0.00934	0.78025	0.02311	0.03097	0.01180	0.01180	0.00836	0.00590	0.00492	0.00147	0.00541	0.00442	0.00492	0.00836
36	0.00651	0.00512	0.00589	0.00568	0.00712	0.00456	0.00426	0.00855	0.02928	0.01659	0.41418	0.04148	0.41083	0.01114	0.00578	0.00160	0.00244	0.00954	0.00499	0.00447
37	0.00649	0.00512	0.00562	0.00563	0.00721	0.00443	0.00435	0.00801	0.01166	0.02916	0.15500	0.04600	0.59446	0.01209	0.00589	0.00170	0.00270	0.08545	0.00471	0.00434
38	0.02618	0.63459	0.04764	0.00912	0.01320	0.03276	0.00884	0.10534	0.01163	0.03588	0.00783	0.00877	0.00670	0.00462	0.00387	0.00117	0.02969	0.00300	0.00257	0.00658
39	0.02872	0.01150	0.01634	0.42927	0.21250	0.10270	0.05250	0.03007	0.02460	0.03207	0.00925	0.01244	0.00715	0.00483	0.00486	0.00155	0.00656	0.00431	0.00251	0.00627
40	0.00627	0.00500	0.00530	0.00529	0.00686	0.00424	0.00394	0.00759	0.01135	0.03085	0.10791	0.10272	0.66097	0.01233	0.00582	0.00167	0.00254	0.01040	0.00467	0.00427
41	0.01134	0.06680	0.14143	0.09123	0.24886	0.01054	0.02497	0.04702	0.01110	0.03065	0.00957	0.03092	0.00788	0.00462	0.00444	0.00128	0.00540	0.00400	0.00269	0.24527
42	0.00868	0.00759	0.01046	0.00936	0.00997	0.00947	0.00753	0.01035	0.01006	0.01484	0.29780	0.02236	0.03553	0.01331	0.12900	0.00275	0.36617	0.00624	0.02363	0.00492
43	0.00589	0.00498	0.00509	0.00507	0.00669	0.00418	0.00380	0.00722	0.01140	0.01375	0.10435	0.04652	0.73978	0.01227	0.00581	0.00165	0.00248	0.01026	0.00463	0.00418
44	0.01129	0.04066	0.25527	0.01672	0.05594	0.02792	0.35440	0.05909	0.01162	0.01614	0.01062	0.06125	0.00869	0.00525	0.00550	0.00160	0.02684	0.00530	0.01918	0.00671
45	0.00685	0.00510	0.00640	0.00602	0.00733	0.00460	0.00452	0.00899	0.01340	0.01860	0.65796	0.03779	0.16439	0.01028	0.00575	0.00155	0.00238	0.00899	0.00522	0.02391
46	0.86201	0.00950	0.00722	0.00646	0.00950	0.01102	0.00532	0.01445	0.00836	0.02205	0.00684	0.00798	0.00532	0.00456	0.00304	0.00152	0.00380	0.00266	0.00304	0.00532
47	0.01314	0.83025	0.02575	0.00841	0.01261	0.01945	0.00841	0.01472	0.00999	0.01156	0.00683	0.00788	0.00631	0.00420	0.00315	0.00105	0.00526	0.00263	0.00210	0.00631
48	0.01075	0.01075	0.01505	0.01290	0.01290	0.01505	0.01075	0.01183	0.00753	0.01183	0.00645	0.01075	0.00645	0.00860	0.01613	0.00215	0.81830	0.00430	0.00215	0.00538
49	0.00584	0.00487	0.00509	0.00526	0.00671	0.00412	0.00386	0.00702	0.01093	0.01316	0.04630	0.16651	0.67767	0.01290	0.00588	0.00171	0.00254	0.01092	0.00456	0.00412
50	0.00986	0.02542	0.80183	0.01401	0.02127	0.01141	0.01816	0.01556	0.01038	0.01556	0.00882	0.01038	0.00623	0.00467	0.00467	0.00156	0.00726	0.00363	0.00208	0.00726
51	0.01169	0.01119	0.01909	0.15961	0.67091	0.01155	0.01485	0.01467	0.01097	0.01548	0.00916	0.01232	0.00758	0.00447	0.00487	0.00149	0.00596	0.00438	0.00239	0.00740
52	0.00590	0.00462	0.00535	0.00594	0.00689	0.00407	0.00416	0.00694	0.01027	0.01290	0.03805	0.44900	0.40051	0.01397	0.00605	0.00183	0.00268	0.01223	0.00456	0.00407
53	0.01640	0.30334	0.03172	0.01121	0.01440	0.52033	0.00927	0.01785	0.01250	0.01193	0.00735	0.00855	0.00632	0.00476	0.00399	0.00120	0.00758	0.00299	0.00237	0.00594
54	0.39660	0.11146	0.04191	0.00944	0.03105	0.08152	0.00790	0.23212	0.01336	0.02207	0.00844	0.00932	0.00648	0.00494	0.00381	0.00143	0.00504	0.00328	0.00337	0.00646
55	0.00972	0.01489	0.32169	0.06988	0.01658	0.02068	0.04203	0.02995	0.11715	0.02943	0.16812	0.02135	0.08767	0.00694	0.00515	0.00160	0.00527	0.02202	0.00355	0.00634
56	0.01743	0.06411	0.01449	0.01130	0.01454	0.29857	0.00903	0.39738	0.04127	0.02182	0.01061	0.02359	0.00825	0.00623	0.01923	0.00150	0.00662	0.00407	0.02292	0.00704
57	0.00680	0.00486	0.00661	0.00760	0.00828	0.00467	0.00582	0.00832	0.01054	0.01403	0.09947	0.46329	0.03225	0.01421	0.00642	0.00205	0.00342	0.29247	0.00463	0.00425
58	0.00677	0.00502	0.00631	0.00599	0.00723	0.00456	0.00449	0.00892	0.01348	0.01867	0.67458	0.03841	0.16647	0.01043	0.00580	0.00156	0.00235	0.00913	0.00527	0.00456
59	0.86201	0.00950	0.00722	0.00646	0.00950	0.01102	0.00532	0.01445	0.00836	0.02205	0.00684	0.00798	0.00532	0.00456	0.00304	0.00152	0.00380	0.00266	0.00304	0.00532
60	0.01104	0.01054	0.01793	0.33480	0.50074	0.01138	0.01453	0.01410	0.01066	0.01470	0.00905	0.01253	0.00731	0.00459	0.00488	0.00153	0.00611	0.00437	0.00234	0.00688
61	0.00949	0.00895	0.01512	0.75790	0.08978	0.01097	0.01375	0.01274	0.00993	0.01281	0.00877	0.01303	0.00664	0.00487	0.00491	0.00162	0.00650	0.00437	0.00220	0.00563
62	0.01068	0.01065	0.01492	0.01281	0.01282	0.01488	0.01066	0.01177	0.00753	0.01182	0.00658	0.01091	0.00656	0.00914	0.03120	0.00226	0.80297	0.00432	0.00216	0.00536
63	0.00719	0.00510	0.00654	0.00649	0.00682	0.00553	0.00435	0.00787	0.00744	0.01029	0.01440	0.02683	0.01550	0.51188	0.31748	0.00587	0.02765	0.00637	0.00283	0.00356
64	0.00993	0.04270	0.78517	0.01389	0.02108	0.01159	0.01795	0.01554	0.01037	0.01548	0.00878	0.01032	0.00623	0.00466	0.00464	0.00155	0.00722	0.00361	0.00208	0.00724
65	0.00696	0.00502	0.00657	0.00618	0.00734	0.00464	0.00464	0.00927	0.01391	0.01971	0.79405	0.03671	0.04637	0.01005	0.00580	0.00155	0.00232	0.00889	0.00541	0.00464
66	0.02205	0.00836	0.01140	0.00874	0.01254	0.00722	0.00722	0.02395	0.01407	0.80004	0.01939	0.01673	0.01216	0.00608	0.00494	0.00152	0.00418	0.00494	0.00608	0.00836
67	0.01154	0.01111	0.01829	0.23070	0.56804	0.02629	0.01444	0.01478	0.02923	0.01519	0.00934	0.01249	0.00761	0.00458	0.00487	0.00151	0.00603	0.00438	0.00243	0.00715
68	0.00738	0.00521	0.00704	0.03301	0.00935	0.00508	0.00626	0.00905	0.01060	0.03238	0.04593	0.32510	0.10308	0.01397	0.02527	0.00216	0.00389	0.32915	0.02164	0.00442
69	0.00599	0.00428	0.00570	0.00684	0.00713	0.00399	0.00456	0.00684	0.00941	0.01254	0.02709	0.82409	0.03250	0.01540	0.00627	0.00200	0.00285	0.01397	0.00456	0.00399
70	0.01216	0.01168	0.01995	0.03016	0.79664	0.01168	0.01508	0.01508	0.01119	0.01605	0.00924	0.01216	0.00778	0.00438	0.00487	0.00146	0.00584	0.00438	0.00243	0.00778
71	0.01187	0.37186	0.34798	0.01198	0.01745	0.02771	0.08294	0.01570	0.02880	0.02975	0.00852	0.00985	0.00670	0.00450	0.00413	0.00134	0.00637	0.00346	0.00228	0.00680
72	0.00584	0.00498	0.00502	0.00501	0.00666	0.00416	0.00376	0.00711	0.01127	0.01345	0.06971	0.04701	0.77461	0.01238	0.00581	0.00166	0.00248	0.01033	0.00459	0.00416
73	0.01047	0.00877	0.01023	0.00737	0.01169	0.00669	0.00589	0.01290	0.02681	0.03205	0.00919	0.01050	0.00754	0.00375	0.00369	0.00076	0.00366	0.00301	0.00302	0.82201
74	0.01099	0.01007	0.01552	0.11003	0.38390	0.01064	0.03576	0.01628	0.18929	0.01640	0.03161	0.08648	0.01325	0.00647	0.00516	0.00162	0.00515	0.04110	0.00334	0.00693
75	0.80799	0.04353	0.00814	0.00668	0.00976	0.02945	0.00554	0.01457	0.00856	0.02139	0.00686	0.00800	0.00539	0.00456	0.00308	0.00150	0.00398	0.00267	0.00299	0.00537
76	0.01594	0.03251	0.05897	0.01089	0.01461	0.01344	0.02408	0.42675	0.23022	0.06865	0.01424	0.01397	0.01035	0.00653	0.01927	0.00164	0.00516	0.00472	0.02014	0.00791
77	0.01219	0.01013	0.01135	0.04209	0.04012	0.01148	0.00812	0.07860	0.57569	0.03445	0.06410	0.02025	0.02973	0.00699	0.00511	0.00166	0.00408	0.03165	0.00481	0.00738
78	0.00704	0.00472	0.00539	0.00550	0.00552	0.00469	0.00313	0.00712	0.00736	0.00981	0.01657	0.10607	0.01923	0.75152	0.02326	0.00451	0.00459	0.00778	0.00313	0.00307
79	0.01092	0.00933	0.00993	0.00917	0.01159	0.01052	0.00708	0.02210	0.62161	0.01898	0.02411	0.08169	0.10651	0.00815	0.00523	0.00171	0.00367	0.02581	0.00491	0.00700
80	0.00618	0.00464	0.00579	0.00663	0.00738	0.00424	0.00477	0.00732	0.01012	0.01301	0.03298	0.52091	0.23429	0.01438	0.00621	0.00194	0.00297	0.10757	0.00456	0.00410
81	0.00928	0.00873	0.01474	0.81548	0.03385	0.01092	0.01365	0.01256	0.00983	0.01256	0.00873	0.01310	0.00655	0.00491	0.00491	0.00164	0.00655	0.00437	0.00218	0.00546
82	0.00599	0.00428	0.00570	0.00684	0.00713	0.00399	0.00456	0.00684	0.00941	0.01254	0.02709	0.82409	0.03250	0.01540	0.00627	0.00200	0.00285	0.01397	0.00456	0.00399
83	0.00673	0.00501	0.00626	0.00595	0.00720	0.00454	0.00446	0.00884	0.01338	0.01845	0.64897	0.03877	0.19223	0.01051	0.00580	0.00157	0.00235	0.00918	0.00524	0.00454
84	0.02925	0.02470	0.75927	0.01375	0.02082	0.01152	0.01759	0.03957	0.01073	0.01619	0.00887	0.01037	0.00627	0.00471	0.00464	0.00155	0.00713	0.00363	0.00219	0.00725
85	0.01019	0.00873	0.01019	0.00728	0.01165	0.00655	0.00582	0.01237	0.01019	0.01601	0.00873	0.01019	0.00728	0.00364	0.00364	0.00073	0.00364	0.00291	0.00291	0.85734
86	0.00718	0.00596	0.00945	0.00897	0.01031	0.00557	0.11789	0.00890	0.01057	0.01395	0.07824	0.42620	0.12268	0.01272	0.00620	0.00192	0.00385	0.14059	0.00431	0.00453
87	0.07428	0.01105	0.01817	0.13828	0.57162	0.01145	0.03782	0.01514	0.02739	0.03459	0.00949	0.01226	0.00768	0.00455	0.00477	0.00150	0.00579	0.00433	0.00258	0.00725

[dist]
# distance from previous block
# <min> <max>
0	2

[block]
# block no. 2 follows, 51 sequences, length 12
# corresponding to MSA columns:
# 361-372
name=unknown_C
#
# <colnr> <probs for GDERKNQSTAVLIFYWHMCP>
#	G	D	E	R	K	N	Q	S	T	A	V	L	I	F	Y	W	H	M	C	P
0	0.01872	0.05663	0.01481	0.01110	0.01477	0.15824	0.03805	0.36874	0.03791	0.21266	0.01276	0.01248	0.00894	0.00566	0.00478	0.00144	0.00580	0.00431	0.00453	0.00768
1	0.86201	0.00950	0.00722	0.00646	0.00950	0.01102	0.00532	0.01445	0.00836	0.02205	0.00684	0.00798	0.00532	0.00456	0.00304	0.00152	0.00380	0.00266	0.00304	0.00532
2	0.00715	0.00476	0.00536	0.00536	0.00536	0.00476	0.00298	0.00715	0.00715	0.00953	0.01548	0.03216	0.01787	0.82729	0.02501	0.00476	0.00476	0.00715	0.00298	0.00298
3	0.21414	0.01152	0.01375	0.01089	0.01429	0.09713	0.15400	0.11300	0.03249	0.16553	0.01504	0.01551	0.08157	0.00686	0.03167	0.00174	0.00568	0.00484	0.00386	0.00649
4	0.14570	0.01565	0.01313	0.01099	0.01415	0.27896	0.03158	0.29514	0.05620	0.04472	0.01082	0.04168	0.00857	0.00577	0.00455	0.00145	0.00619	0.00421	0.00379	0.00676
5	0.00593	0.00498	0.00515	0.00511	0.00671	0.00420	0.00383	0.00729	0.01149	0.01397	0.12970	0.04616	0.71430	0.01219	0.00581	0.00165	0.00247	0.01021	0.00465	0.00420
6	0.50947	0.09024	0.09974	0.00798	0.01177	0.01109	0.00747	0.01657	0.00993	0.18173	0.00967	0.01006	0.00694	0.00485	0.00363	0.00148	0.00441	0.00324	0.00347	0.00627
7	0.01202	0.00868	0.01038	0.00751	0.01178	0.00665	0.00604	0.01416	0.01079	0.13714	0.01038	0.01120	0.00803	0.00402	0.00384	0.00085	0.00372	0.00323	0.00340	0.72617
8	0.01021	0.00968	0.01641	0.56318	0.27891	0.01116	0.01411	0.01337	0.01026	0.01368	0.00890	0.01280	0.00695	0.00474	0.00490	0.00158	0.00632	0.00437	0.00226	0.00621
9	0.29886	0.01232	0.03776	0.00995	0.03338	0.06133	0.00798	0.24633	0.18386	0.02305	0.01143	0.01181	0.00859	0.00577	0.00463	0.02340	0.00479	0.00397	0.00393	0.00684
10	0.15506	0.25283	0.01739	0.01035	0.01408	0.10926	0.06018	0.24528	0.03771	0.04128	0.00936	0.01011	0.00726	0.00499	0.00410	0.00135	0.00562	0.00360	0.00337	0.00681
11	0.06462	0.01051	0.01257	0.02925	0.13057	0.05159	0.00881	0.13712	0.07949	0.09948	0.01427	0.07963	0.03305	0.00684	0.00591	0.00154	0.08319	0.03578	0.00381	0.11196

[dist]
# distance from previous block
# <min> <max>
4	17

[block]
# block no. 3 follows, 51 sequences, length 15
# corresponding to MSA columns:
# 390-404
name=unknown_D
#
# <colnr> <probs for GDERKNQSTAVLIFYWHMCP>
#	G	D	E	R	K	N	Q	S	T	A	V	L	I	F	Y	W	H	M	C	P
0	0.31707	0.01449	0.01165	0.01008	0.01268	0.26074	0.00803	0.11098	0.01217	0.06851	0.00844	0.00969	0.00662	0.00557	0.00572	0.00153	0.12343	0.00342	0.00318	0.00602
1	0.00682	0.00509	0.00734	0.00751	0.00830	0.00568	0.00567	0.00835	0.00823	0.01158	0.01692	0.13753	0.05050	0.06632	0.62260	0.00663	0.01084	0.00683	0.00301	0.00426
2	0.73832	0.00889	0.00732	0.00667	0.00940	0.01032	0.00544	0.01363	0.00830	0.02051	0.00776	0.00962	0.00633	0.00923	0.11946	0.00244	0.00516	0.00304	0.00298	0.00519
3	0.13945	0.01353	0.01290	0.01050	0.01395	0.09442	0.00849	0.45285	0.16147	0.02583	0.01217	0.01216	0.00894	0.00576	0.00461	0.00150	0.00524	0.00425	0.00442	0.00754
4	0.74001	0.01012	0.00831	0.00716	0.01033	0.01163	0.00590	0.12523	0.01050	0.02334	0.00756	0.00854	0.00576	0.00476	0.00331	0.00151	0.00403	0.00292	0.00331	0.00576
5	0.01203	0.01154	0.01970	0.06740	0.76047	0.01164	0.01501	0.01496	0.01113	0.01589	0.00922	0.01221	0.00773	0.00440	0.00487	0.00147	0.00587	0.00438	0.00242	0.00767
6	0.08066	0.02108	0.62038	0.01202	0.01804	0.01039	0.01496	0.01488	0.01020	0.01650	0.00970	0.01133	0.00707	0.00481	0.00435	0.00149	0.00626	0.00369	0.12548	0.00671
7	0.01222	0.01056	0.01111	0.01000	0.01278	0.01222	0.00778	0.02611	0.78776	0.02056	0.02000	0.01833	0.01500	0.00667	0.00500	0.00167	0.00389	0.00556	0.00500	0.00778
8	0.00599	0.00428	0.00570	0.00684	0.00713	0.00399	0.00456	0.00684	0.00941	0.01254	0.02709	0.82409	0.03250	0.01540	0.00627	0.00200	0.00285	0.01397	0.00456	0.00399
9	0.00928	0.00873	0.01474	0.81548	0.03385	0.01092	0.01365	0.01256	0.00983	0.01256	0.00873	0.01310	0.00655	0.00491	0.00491	0.00164	0.00655	0.00437	0.00218	0.00546
10	0.00715	0.00476	0.00536	0.00536	0.00536	0.00476	0.00298	0.00715	0.00715	0.00953	0.01548	0.03216	0.01787	0.82729	0.02501	0.00476	0.00476	0.00715	0.00298	0.00298
11	0.01177	0.01128	0.01924	0.13710	0.69277	0.01157	0.01489	0.01474	0.01100	0.01558	0.00917	0.01229	0.00762	0.00445	0.00487	0.00148	0.00594	0.00438	0.00240	0.00747
12	0.02170	0.00892	0.01175	0.00901	0.01282	0.00805	0.00744	0.10172	0.01500	0.72096	0.01861	0.01622	0.01177	0.00606	0.00494	0.00152	0.00431	0.00489	0.00596	0.00836
13	0.18550	0.37149	0.01772	0.00957	0.01293	0.30488	0.00818	0.01645	0.01110	0.01384	0.00711	0.00826	0.00612	0.00459	0.00360	0.00122	0.00628	0.00283	0.00245	0.00589
14	0.79973	0.01053	0.00772	0.00692	0.00992	0.06983	0.00563	0.01483	0.00877	0.02131	0.00690	0.00805	0.00540	0.00460	0.00314	0.00150	0.00418	0.00270	0.00300	0.00535

[dist]
# distance from previous block
# <min> <max>
9	12

[block]
# block no. 4 follows, 51 sequences, length 73
# corresponding to MSA columns:
# 434-450,453-460,476-485,492-509,512-531
name=unknown_E
#
# <colnr> <probs for GDERKNQSTAVLIFYWHMCP>
#	G	D	E	R	K	N	Q	S	T	A	V	L	I	F	Y	W	H	M	C	P
0	0.02774	0.01241	0.13012	0.04382	0.11452	0.02659	0.03928	0.16292	0.01439	0.24158	0.09905	0.01639	0.02501	0.00642	0.01622	0.00161	0.00531	0.00504	0.00425	0.00732
1	0.01294	0.00831	0.01048	0.00970	0.03133	0.00858	0.02110	0.11779	0.16876	0.18146	0.04917	0.14584	0.01904	0.01083	0.05642	0.00214	0.00475	0.13001	0.00483	0.00652
2	0.01105	0.08452	0.04858	0.03733	0.09859	0.01116	0.27810	0.02448	0.13522	0.03451	0.06100	0.12548	0.01441	0.00657	0.00530	0.00161	0.00574	0.00647	0.00340	0.00648
3	0.01201	0.00971	0.10130	0.01017	0.07695	0.04019	0.00803	0.03960	0.01241	0.20532	0.12966	0.14174	0.13174	0.00884	0.00537	0.00162	0.00420	0.03690	0.01813	0.00610
4	0.64340	0.00925	0.00869	0.10058	0.01276	0.01047	0.00656	0.01558	0.00935	0.13187	0.00885	0.00982	0.00644	0.00482	0.00353	0.00153	0.00417	0.00318	0.00338	0.00577
5	0.00605	0.00497	0.00533	0.00527	0.00680	0.00425	0.00394	0.00751	0.01172	0.01459	0.20377	0.06381	0.62092	0.01202	0.00582	0.00164	0.00246	0.01015	0.00474	0.00425
6	0.02855	0.26935	0.51835	0.01210	0.01816	0.04587	0.01459	0.01545	0.01036	0.01434	0.00813	0.00951	0.00624	0.00454	0.00417	0.00139	0.00665	0.00329	0.00212	0.00687
7	0.09122	0.01171	0.01825	0.02253	0.46594	0.03562	0.10122	0.05990	0.01211	0.11874	0.01051	0.01238	0.00808	0.00470	0.00481	0.00149	0.00579	0.00443	0.00311	0.00747
8	0.00594	0.00498	0.00516	0.00512	0.00672	0.00421	0.00384	0.00731	0.01152	0.01402	0.13607	0.04607	0.70790	0.01217	0.00581	0.00165	0.00247	0.01020	0.00466	0.00421
9	0.01836	0.02342	0.01393	0.01266	0.01519	0.80756	0.00950	0.01962	0.01393	0.01203	0.00760	0.00886	0.00633	0.00506	0.00443	0.00127	0.00886	0.00317	0.00253	0.00570
10	0.12630	0.03199	0.06480	0.03199	0.06253	0.11149	0.14380	0.08731	0.05574	0.08092	0.12032	0.03578	0.01386	0.00595	0.00486	0.00152	0.00563	0.00514	0.00363	0.00643
11	0.00815	0.00539	0.00629	0.00651	0.00773	0.02094	0.00468	0.00932	0.01073	0.10436	0.04879	0.42727	0.27443	0.01280	0.00585	0.00179	0.00299	0.01120	0.02617	0.00461
12	0.00607	0.00433	0.00579	0.00693	0.00725	0.00406	0.00470	0.00698	0.00949	0.01263	0.02704	0.79317	0.03233	0.01532	0.00629	0.00201	0.00292	0.04412	0.00456	0.00401
13	0.01026	0.12358	0.70718	0.01332	0.02021	0.01239	0.01697	0.01546	0.01033	0.01507	0.00858	0.01007	0.00624	0.00461	0.00448	0.00149	0.00702	0.00351	0.00208	0.00715
14	0.01705	0.10952	0.01582	0.01126	0.01486	0.14268	0.03021	0.47699	0.07437	0.02410	0.01142	0.02920	0.00878	0.00578	0.00469	0.00142	0.00586	0.00434	0.00414	0.00751
15	0.00752	0.00553	0.00691	0.00668	0.00683	0.00617	0.00443	0.00795	0.00736	0.01017	0.01429	0.04375	0.01592	0.58535	0.15278	0.00492	0.10042	0.00665	0.00286	0.00351
16	0.00719	0.00512	0.00700	0.00808	0.00885	0.00501	0.00647	0.00883	0.01043	0.01368	0.02589	0.33096	0.02930	0.05350	0.00748	0.00229	0.00393	0.45727	0.00446	0.00426
17	0.86201	0.00950	0.00722	0.00646	0.00950	0.01102	0.00532	0.01445	0.00836	0.02205	0.00684	0.00798	0.00532	0.00456	0.00304	0.00152	0.00380	0.00266	0.00304	0.00532
18	0.00583	0.00498	0.00501	0.00500	0.00665	0.00416	0.00375	0.00710	0.01126	0.01342	0.06611	0.04706	0.77823	0.01239	0.00581	0.00166	0.00249	0.01034	0.00458	0.00416
19	0.01663	0.01826	0.01314	0.01162	0.01422	0.49492	0.00899	0.19308	0.01520	0.01642	0.00998	0.01267	0.00840	0.00949	0.10317	0.00217	0.00842	0.03395	0.00317	0.00610
20	0.01314	0.83025	0.02575	0.00841	0.01261	0.01945	0.00841	0.01472	0.00999	0.01156	0.00683	0.00788	0.00631	0.00420	0.00315	0.00105	0.00526	0.00263	0.00210	0.00631
21	0.02801	0.01280	0.02616	0.01029	0.01312	0.14259	0.00821	0.22888	0.26549	0.04172	0.04517	0.01575	0.01235	0.02652	0.09836	0.00232	0.00622	0.00488	0.00422	0.00695
22	0.00981	0.09454	0.64071	0.01260	0.01889	0.01134	0.01572	0.01476	0.01075	0.01569	0.09967	0.01321	0.01089	0.00525	0.00466	0.00151	0.00651	0.00415	0.00246	0.00687
23	0.00599	0.00428	0.00570	0.00684	0.00713	0.00399	0.00456	0.00684	0.00941	0.01254	0.02709	0.82409	0.03250	0.01540	0.00627	0.00200	0.00285	0.01397	0.00456	0.00399
24	0.02205	0.00836	0.01140	0.00874	0.01254	0.00722	0.00722	0.02395	0.01407	0.80004	0.01939	0.01673	0.01216	0.00608	0.00494	0.00152	0.00418	0.00494	0.00608	0.00836
25	0.16500	0.01046	0.02522	0.03971	0.01305	0.01163	0.00769	0.07245	0.49172	0.04752	0.05204	0.01649	0.01369	0.00627	0.00467	0.00161	0.00407	0.00501	0.00454	0.00715
26	0.01088	0.01191	0.02493	0.20504	0.02698	0.01180	0.57588	0.01471	0.01112	0.01490	0.01022	0.03943	0.00806	0.00469	0.00561	0.00166	0.00771	0.00573	0.00248	0.00627
27	0.00608	0.00498	0.00541	0.00567	0.00711	0.00431	0.00432	0.00739	0.01101	0.01336	0.04438	0.13830	0.61682	0.01292	0.00598	0.00177	0.00277	0.09872	0.00456	0.00417
28	0.00854	0.00427	0.00640	0.00640	0.00640	0.00427	0.00427	0.00640	0.00640	0.00854	0.00854	0.01494	0.00854	0.01707	0.01921	0.85702	0.00427	0.00427	0.00213	0.00213
29	0.01132	0.38355	0.45650	0.01152	0.01742	0.01499	0.01382	0.01519	0.01020	0.01378	0.00793	0.00927	0.00626	0.00446	0.00399	0.00133	0.00637	0.00318	0.00209	0.00684
30	0.00751	0.00564	0.00790	0.00842	0.03670	0.00540	0.03804	0.00887	0.01030	0.04838	0.04271	0.45673	0.17491	0.01301	0.00649	0.00190	0.03575	0.08236	0.00438	0.00458
31	0.20377	0.00967	0.01115	0.00875	0.01241	0.00962	0.00722	0.17003	0.01460	0.48048	0.01518	0.01386	0.00993	0.00572	0.00452	0.00151	0.00434	0.00435	0.00519	0.00770
32	0.01170	0.14515	0.40887	0.01304	0.01857	0.03951	0.12986	0.02519	0.01119	0.07226	0.03793	0.01288	0.02945	0.00506	0.00467	0.00148	0.00654	0.00427	0.01553	0.00684
33	0.49850	0.11647	0.01167	0.00859	0.01164	0.23212	0.01756	0.01589	0.01018	0.01782	0.00722	0.00843	0.00586	0.00467	0.00348	0.00139	0.00542	0.00287	0.01467	0.00556
34	0.01176	0.01125	0.01900	0.02857	0.74653	0.01120	0.01436	0.01457	0.01119	0.01588	0.01181	0.01439	0.05769	0.00489	0.00492	0.00147	0.00563	0.00476	0.00257	0.00755
35	0.02145	0.00951	0.02367	0.05199	0.06277	0.02687	0.05749	0.14906	0.14017	0.08120	0.03837	0.08371	0.11648	0.02461	0.00610	0.03606	0.00452	0.00638	0.05332	0.00629
36	0.01837	0.02306	0.01396	0.01261	0.01519	0.77766	0.00949	0.04833	0.01427	0.01274	0.00775	0.00897	0.00641	0.00510	0.00445	0.00127	0.00873	0.00321	0.00262	0.00580
37	0.01868	0.01376	0.01475	0.01131	0.01524	0.01524	0.00934	0.78025	0.02311	0.03097	0.01180	0.01180	0.00836	0.00590	0.00492	0.00147	0.00541	0.00442	0.00492	0.00836
38	0.00788	0.00572	0.00769	0.00859	0.00979	0.00566	0.00736	0.02979	0.01149	0.01486	0.02790	0.10229	0.09861	0.01339	0.00662	0.00217	0.00425	0.62683	0.00454	0.00456
39	0.01241	0.62206	0.17330	0.01031	0.01514	0.01744	0.06250	0.01495	0.01017	0.01260	0.00742	0.00872	0.00637	0.00429	0.00362	0.00119	0.00584	0.00303	0.00212	0.00651
