[name]
unknown

[dist]
# distance from previous block
# <min> <max>
0	148

[block]
# block no. 0 follows, 59 sequences, length 14
# corresponding to MSA columns:
# 148-161
name=unknown_A
#
# <colnr> <probs for GDERKNQSTAVLIFYWHMCP>
#	G	D	E	R	K	N	Q	S	T	A	V	L	I	F	Y	W	H	M	C	P
0	0.00821	0.00591	0.00781	0.00836	0.00966	0.00606	0.00726	0.09870	0.01136	0.01487	0.02194	0.04539	0.02340	0.01142	0.00591	0.00195	0.00416	0.69906	0.00411	0.00446
1	0.01764	0.00758	0.00980	0.00768	0.01085	0.00684	0.00629	0.07393	0.04183	0.64509	0.02006	0.01788	0.10160	0.00612	0.00453	0.00138	0.00365	0.00498	0.00520	0.00707
2	0.00663	0.00483	0.00643	0.00727	0.00823	0.00469	0.00608	0.00831	0.00982	0.01264	0.02612	0.13738	0.13621	0.04399	0.00655	0.00202	0.00365	0.56121	0.00402	0.00391
3	0.51343	0.00982	0.04340	0.00745	0.01026	0.01059	0.00634	0.21387	0.01089	0.02040	0.00792	0.00948	0.00626	0.03232	0.05138	0.00180	0.03273	0.00314	0.00308	0.00544
4	0.01093	0.01049	0.01793	0.02711	0.81723	0.01049	0.01355	0.01355	0.01006	0.01443	0.00831	0.01093	0.00700	0.00394	0.00437	0.00131	0.00525	0.00394	0.00219	0.00700
5	0.43850	0.04394	0.00798	0.00637	0.00888	0.00906	0.00520	0.13083	0.01065	0.05347	0.09653	0.01539	0.10127	0.01899	0.00393	0.00139	0.00340	0.00421	0.03490	0.00511
6	0.00626	0.00436	0.00520	0.00528	0.00556	0.00440	0.00334	0.00668	0.00703	0.00936	0.01695	0.07698	0.08156	0.58706	0.14010	0.00428	0.00514	0.02456	0.00286	0.00304
7	0.00894	0.00832	0.01381	0.70999	0.12382	0.01002	0.01229	0.03825	0.00938	0.01222	0.00800	0.01163	0.00607	0.00439	0.00441	0.00145	0.00578	0.00393	0.00207	0.00524
8	0.00767	0.00485	0.00624	0.00570	0.00706	0.00438	0.00434	0.00960	0.01225	0.10766	0.63911	0.03202	0.12438	0.00887	0.00512	0.00140	0.00229	0.00774	0.00485	0.00450
9	0.00624	0.00446	0.00598	0.00636	0.00688	0.00466	0.00451	0.02757	0.00803	0.01112	0.01772	0.38552	0.01971	0.13183	0.30782	0.00403	0.00622	0.00840	0.02921	0.00371
10	0.00932	0.02220	0.78762	0.01239	0.01878	0.01010	0.01590	0.01431	0.00946	0.04804	0.00833	0.00957	0.00582	0.00425	0.00421	0.00140	0.00641	0.00331	0.00202	0.00657
11	0.01074	0.01030	0.01759	0.08541	0.76039	0.01044	0.01346	0.01339	0.00997	0.01420	0.00827	0.01099	0.00692	0.00397	0.00438	0.00132	0.00529	0.00393	0.00217	0.00684
12	0.01156	0.07003	0.01092	0.00885	0.03974	0.07551	0.00672	0.29767	0.01370	0.01802	0.05764	0.22041	0.03860	0.00737	0.00451	0.00133	0.00413	0.00614	0.00371	0.10345
13	0.01220	0.05635	0.01449	0.01587	0.30610	0.14174	0.04836	0.15557	0.01237	0.03655	0.01408	0.03735	0.11863	0.00557	0.00443	0.00131	0.00517	0.00473	0.00299	0.00614

[dist]
# distance from previous block
# <min> <max>
0	3

[block]
# block no. 1 follows, 59 sequences, length 12
# corresponding to MSA columns:
# 165-176
name=unknown_B
#
# <colnr> <probs for GDERKNQSTAVLIFYWHMCP>
#	G	D	E	R	K	N	Q	S	T	A	V	L	I	F	Y	W	H	M	C	P
0	0.01045	0.00901	0.00983	0.00722	0.01102	0.04366	0.00578	0.11133	0.01077	0.01593	0.00815	0.00929	0.00663	0.00358	0.00345	0.00076	0.00368	0.00280	0.00283	0.72384
1	0.00832	0.00769	0.01096	0.00980	0.01011	0.01033	0.00801	0.00953	0.00690	0.01048	0.00821	0.01274	0.00789	0.01789	0.33952	0.00400	0.50684	0.00421	0.00211	0.00448
2	0.04896	0.01118	0.01184	0.00923	0.01242	0.01234	0.00758	0.67193	0.01880	0.02609	0.01091	0.01121	0.00789	0.00524	0.00419	0.00129	0.00445	0.00393	0.11355	0.00698
3	0.00569	0.00441	0.00518	0.00516	0.00630	0.00390	0.00380	0.00718	0.01091	0.01436	0.37645	0.14236	0.37724	0.01059	0.00527	0.00149	0.00221	0.00916	0.00443	0.00390
4	0.00543	0.00418	0.00496	0.00539	0.00625	0.00372	0.00381	0.00650	0.00962	0.01235	0.13245	0.41474	0.35046	0.01215	0.00541	0.00162	0.00237	0.01066	0.00420	0.00372
5	0.00559	0.00402	0.00534	0.00633	0.00672	0.00378	0.00444	0.00652	0.00873	0.01154	0.02502	0.71368	0.05946	0.01353	0.00568	0.00181	0.00273	0.10733	0.00410	0.00365
6	0.00904	0.02156	0.72818	0.01330	0.01958	0.01036	0.10875	0.01401	0.00945	0.01401	0.00804	0.00963	0.00573	0.00414	0.00432	0.00141	0.00664	0.00349	0.00191	0.00646
7	0.01056	0.01140	0.01671	0.05028	0.06218	0.11474	0.23016	0.01250	0.00880	0.01182	0.00744	0.01095	0.00653	0.02576	0.03893	0.00189	0.36780	0.00421	0.00211	0.00523
8	0.00862	0.00825	0.01427	0.73764	0.07812	0.00993	0.05797	0.01159	0.00900	0.01164	0.00794	0.01173	0.00600	0.00435	0.00446	0.00146	0.00594	0.00400	0.00199	0.00509
9	0.08701	0.01543	0.01108	0.01003	0.01222	0.47102	0.00783	0.10315	0.01234	0.04335	0.01013	0.01511	0.00913	0.02414	0.00502	0.00141	0.03510	0.11832	0.00293	0.00523
10	0.00983	0.00956	0.01589	0.22363	0.36612	0.03763	0.11118	0.01249	0.00979	0.01347	0.05515	0.01286	0.00892	0.00569	0.03906	0.00162	0.02619	0.00433	0.03074	0.00584
11	0.01283	0.17746	0.18969	0.01302	0.15732	0.09410	0.02871	0.09640	0.01133	0.11630	0.00903	0.00994	0.00682	0.00431	0.00396	0.00122	0.00541	0.00339	0.00274	0.05603

[dist]
# distance from previous block
# <min> <max>
0	1

[block]
# block no. 2 follows, 59 sequences, length 13
# corresponding to MSA columns:
# 178-190
name=unknown_C
#
# <colnr> <probs for GDERKNQSTAVLIFYWHMCP>
#	G	D	E	R	K	N	Q	S	T	A	V	L	I	F	Y	W	H	M	C	P
0	0.05967	0.11093	0.38084	0.01059	0.01542	0.03511	0.04747	0.07468	0.07529	0.05374	0.00910	0.00996	0.00674	0.00433	0.00396	0.00127	0.00541	0.00338	0.00260	0.08949
1	0.09518	0.00880	0.00945	0.00803	0.01054	0.00965	0.00639	0.20715	0.30053	0.08370	0.14847	0.01682	0.01561	0.00606	0.00434	0.00139	0.00352	0.00491	0.05316	0.00631
2	0.00548	0.00399	0.00517	0.00593	0.00639	0.00368	0.00404	0.00645	0.00913	0.01218	0.13027	0.66542	0.09962	0.01297	0.00554	0.00171	0.00247	0.01167	0.00420	0.00368
3	0.00553	0.00395	0.00530	0.00632	0.00665	0.00372	0.00437	0.00641	0.00861	0.01145	0.02426	0.77203	0.02888	0.01369	0.00568	0.00181	0.00270	0.08092	0.00410	0.00363
4	0.00615	0.00417	0.00490	0.00517	0.00523	0.00410	0.00305	0.00635	0.00696	0.00927	0.01665	0.24193	0.01950	0.62706	0.01807	0.00363	0.00383	0.00803	0.00305	0.00291
5	0.09211	0.02147	0.74362	0.01194	0.01810	0.01022	0.01521	0.01389	0.00915	0.01455	0.00776	0.00912	0.00552	0.00419	0.00406	0.00140	0.00623	0.00318	0.00195	0.00636
6	0.01688	0.01360	0.01299	0.01026	0.01357	0.14976	0.00833	0.63363	0.01899	0.06277	0.01030	0.01037	0.00737	0.00518	0.00435	0.00130	0.00533	0.00381	0.00411	0.00711
7	0.01149	0.11300	0.08149	0.01478	0.01843	0.16023	0.41824	0.01428	0.01015	0.01270	0.00780	0.01019	0.00621	0.00435	0.00564	0.00140	0.09763	0.00415	0.00214	0.00569
8	0.01659	0.00746	0.00965	0.00775	0.01071	0.00695	0.00628	0.02016	0.14623	0.58287	0.11980	0.01758	0.01530	0.00601	0.00455	0.00139	0.00350	0.00499	0.00523	0.00700
9	0.00579	0.00439	0.00533	0.00532	0.00637	0.00393	0.00390	0.00735	0.01107	0.01484	0.44374	0.17160	0.27928	0.01050	0.00528	0.00149	0.00221	0.00917	0.00450	0.00393
10	0.01264	0.00581	0.00744	0.00626	0.00842	0.00517	0.00496	0.01446	0.01179	0.38139	0.24458	0.02298	0.09691	0.00697	0.00451	0.00133	0.00285	0.00586	0.15004	0.00564
11	0.00860	0.00732	0.03150	0.00829	0.01021	0.00711	0.09280	0.09154	0.14568	0.01704	0.28646	0.17260	0.02441	0.00815	0.00496	0.00148	0.00343	0.02036	0.05293	0.00513
12	0.00780	0.00446	0.00598	0.00644	0.00722	0.00407	0.00450	0.00873	0.00916	0.14696	0.02318	0.70322	0.02615	0.01243	0.00544	0.00172	0.00276	0.01119	0.00433	0.00425

[dist]
# distance from previous block
# <min> <max>
1	15

[block]
# block no. 3 follows, 59 sequences, length 8
# corresponding to MSA columns:
# 206-213
name=unknown_D
#
# <colnr> <probs for GDERKNQSTAVLIFYWHMCP>
#	G	D	E	R	K	N	Q	S	T	A	V	L	I	F	Y	W	H	M	C	P
0	0.01336	0.00946	0.03295	0.07103	0.01374	0.05222	0.08334	0.12028	0.07979	0.24728	0.09932	0.04794	0.01310	0.00566	0.00450	0.00133	0.00442	0.00487	0.00401	0.09141
1	0.01033	0.03900	0.12201	0.03176	0.04592	0.01084	0.41583	0.06468	0.07036	0.01486	0.01016	0.05842	0.00831	0.00480	0.00521	0.00145	0.04153	0.00497	0.00258	0.03697
2	0.00886	0.02285	0.82190	0.01259	0.01912	0.01026	0.01632	0.01399	0.00932	0.01399	0.00793	0.00932	0.00559	0.00420	0.00420	0.00140	0.00653	0.00326	0.00186	0.00653
3	0.01063	0.00885	0.01071	0.03233	0.10916	0.00996	0.00770	0.05797	0.44253	0.04281	0.03785	0.03466	0.03689	0.04839	0.00615	0.00165	0.05851	0.03309	0.00389	0.00628
4	0.01006	0.35783	0.49742	0.01054	0.01596	0.01319	0.01276	0.01368	0.00918	0.01253	0.00720	0.00841	0.00562	0.00403	0.00364	0.00121	0.00579	0.00290	0.00187	0.00618
5	0.01082	0.00772	0.00872	0.00761	0.00968	0.00817	0.00597	0.18825	0.20762	0.08325	0.16411	0.02423	0.08948	0.09788	0.00673	0.00177	0.00358	0.06440	0.00436	0.00566
6	0.00610	0.00473	0.00620	0.00717	0.06708	0.00438	0.00468	0.00745	0.01000	0.01334	0.24260	0.31232	0.20855	0.05275	0.00619	0.00171	0.00269	0.03398	0.00409	0.00400
7	0.01020	0.00975	0.01661	0.25371	0.59631	0.01030	0.01319	0.01292	0.00971	0.01355	0.00818	0.01117	0.00668	0.00407	0.00438	0.00136	0.00543	0.00393	0.00212	0.00641

[dist]
# distance from previous block
# <min> <max>
0	7

[block]
# block no. 4 follows, 59 sequences, length 14
# corresponding to MSA columns:
# 221-234
name=unknown_E
#
# <colnr> <probs for GDERKNQSTAVLIFYWHMCP>
#	G	D	E	R	K	N	Q	S	T	A	V	L	I	F	Y	W	H	M	C	P
0	0.01159	0.77935	0.06410	0.00794	0.01175	0.01698	0.00807	0.01319	0.00892	0.01058	0.00622	0.00728	0.00567	0.00392	0.00326	0.00100	0.03015	0.00245	0.00189	0.00569
1	0.04565	0.00794	0.01038	0.00798	0.01139	0.00718	0.00659	0.08412	0.01314	0.73213	0.01653	0.01444	0.01047	0.00541	0.00439	0.00136	0.00384	0.00434	0.00530	0.00743
2	0.00645	0.00494	0.00737	0.00729	0.00804	0.00586	0.00570	0.00800	0.00708	0.01027	0.01158	0.01703	0.01082	0.03205	0.79301	0.00688	0.04661	0.00470	0.00235	0.00398
3	0.83712	0.00849	0.00666	0.00590	0.00867	0.00975	0.00486	0.01337	0.00775	0.05615	0.00666	0.00753	0.00506	0.00416	0.00281	0.00137	0.00343	0.00248	0.00286	0.00491
4	0.00927	0.00538	0.00555	0.00508	0.00651	0.00553	0.00392	0.12839	0.01111	0.01791	0.03604	0.01763	0.06171	0.00564	0.00347	0.00111	0.00249	0.00452	0.66412	0.00460
5	0.00542	0.00387	0.00516	0.00612	0.00641	0.00361	0.00410	0.00624	0.00863	0.01155	0.05767	0.80780	0.02974	0.01363	0.00562	0.00178	0.00254	0.01236	0.00413	0.00361
6	0.87598	0.00854	0.00649	0.00581	0.00854	0.00991	0.00478	0.01298	0.00752	0.01982	0.00615	0.00717	0.00478	0.00410	0.00273	0.00137	0.00342	0.00239	0.00273	0.00478
7	0.00662	0.00462	0.00587	0.00550	0.00669	0.00419	0.00414	0.00856	0.01218	0.04666	0.68205	0.03360	0.14434	0.00919	0.00518	0.00140	0.00217	0.00803	0.00478	0.00423
8	0.00553	0.00405	0.00554	0.04818	0.00763	0.00390	0.00451	0.00641	0.00847	0.01128	0.02351	0.79976	0.02803	0.01336	0.00558	0.00178	0.00273	0.01212	0.00399	0.00365
9	0.01057	0.01165	0.02221	0.01610	0.02027	0.04817	0.61052	0.01449	0.06021	0.01430	0.00926	0.01165	0.00706	0.00384	0.00486	0.00136	0.00668	0.00475	0.00243	0.11962
10	0.00645	0.00421	0.00544	0.00596	0.00653	0.00390	0.00406	0.00733	0.00893	0.06204	0.08864	0.58953	0.07536	0.10086	0.00729	0.00198	0.00276	0.01083	0.00410	0.00379
11	0.01543	0.01929	0.01241	0.01123	0.01323	0.71474	0.00853	0.01657	0.01174	0.01077	0.00692	0.00850	0.00591	0.00597	0.03685	0.00145	0.09018	0.00302	0.00225	0.00505
12	0.01588	0.00821	0.01032	0.00821	0.01099	0.00821	0.00672	0.18707	0.01358	0.44201	0.07730	0.01711	0.07208	0.00702	0.02638	0.00156	0.07100	0.00493	0.00473	0.00667
13	0.73937	0.01032	0.10993	0.00673	0.00997	0.00985	0.00630	0.01338	0.00791	0.04408	0.00673	0.00769	0.00508	0.00415	0.00297	0.00137	0.00382	0.00257	0.00271	0.00509

[dist]
# distance from previous block
# <min> <max>
0	4

[block]
# block no. 5 follows, 59 sequences, length 17
# corresponding to MSA columns:
# 239-255
name=unknown_F
#
# <colnr> <probs for GDERKNQSTAVLIFYWHMCP>
#	G	D	E	R	K	N	Q	S	T	A	V	L	I	F	Y	W	H	M	C	P
0	0.00683	0.00576	0.00952	0.00873	0.00994	0.00548	0.15887	0.04084	0.00935	0.01252	0.02078	0.64633	0.02394	0.01152	0.00550	0.00172	0.00361	0.01077	0.00375	0.00421
1	0.00633	0.00466	0.00674	0.00674	0.00741	0.00533	0.00508	0.00766	0.00699	0.00999	0.01216	0.01916	0.01183	0.16013	0.70135	0.00666	0.01065	0.00500	0.00241	0.00375
2	0.00538	0.00384	0.00512	0.00615	0.00641	0.00359	0.00410	0.00615	0.00846	0.01127	0.02434	0.84190	0.02921	0.01384	0.00564	0.00179	0.00256	0.01256	0.00410	0.00359
3	0.00597	0.00448	0.00553	0.00531	0.00644	0.00404	0.00397	0.00777	0.01177	0.01608	0.59952	0.06307	0.23039	0.00972	0.00523	0.00143	0.00214	0.00847	0.00465	0.00404
4	0.00625	0.00447	0.00610	0.00701	0.00768	0.00432	0.00549	0.00770	0.00956	0.01268	0.08719	0.41431	0.02847	0.01270	0.00582	0.00187	0.00321	0.36718	0.00415	0.00385
5	0.00607	0.00451	0.00565	0.00537	0.00649	0.00409	0.00402	0.00798	0.01207	0.01669	0.67891	0.03467	0.17830	0.00941	0.00521	0.00141	0.00211	0.00822	0.00473	0.00409
6	0.01131	0.00996	0.01011	0.00905	0.01154	0.04562	0.00704	0.05079	0.72748	0.01847	0.03686	0.01631	0.01363	0.00598	0.00449	0.00147	0.00370	0.00494	0.00441	0.00686
7	0.84236	0.00869	0.00676	0.00598	0.00874	0.01006	0.00492	0.04388	0.00803	0.02013	0.00632	0.00731	0.00489	0.00415	0.00280	0.00137	0.00347	0.00245	0.00280	0.00489
8	0.00787	0.00416	0.00416	0.00416	0.00524	0.00407	0.00312	0.00982	0.00936	0.01593	0.01801	0.01956	0.10691	0.00586	0.00334	0.00108	0.00208	0.00474	0.76645	0.00407
9	0.00834	0.00519	0.00635	0.00575	0.00685	0.00500	0.01988	0.02488	0.00948	0.10853	0.15318	0.02781	0.15881	0.31653	0.01152	0.00245	0.02711	0.00658	0.09171	0.00405
10	0.01556	0.01141	0.01225	0.00953	0.01264	0.01258	0.00771	0.70787	0.01906	0.02554	0.01100	0.01278	0.00853	0.10510	0.00657	0.00168	0.00479	0.00427	0.00421	0.00694
11	0.00613	0.00450	0.00578	0.00573	0.00675	0.00415	0.00435	0.00798	0.01163	0.01603	0.58012	0.11408	0.12386	0.01003	0.00533	0.00150	0.00233	0.08104	0.00463	0.00405
12	0.87598	0.00854	0.00649	0.00581	0.00854	0.00991	0.00478	0.01298	0.00752	0.01982	0.00615	0.00717	0.00478	0.00410	0.00273	0.00137	0.00342	0.00239	0.00273	0.00478
13	0.01104	0.10999	0.01855	0.02478	0.72143	0.01132	0.01284	0.01352	0.00993	0.01395	0.00805	0.01047	0.00684	0.00392	0.00419	0.00127	0.00518	0.00375	0.00215	0.00684
14	0.00589	0.00473	0.00515	0.00511	0.00645	0.00420	0.00379	0.04047	0.01066	0.01338	0.15521	0.15023	0.55713	0.01098	0.00524	0.00151	0.00237	0.00934	0.00423	0.00394
15	0.36534	0.00769	0.00782	0.03628	0.00975	0.02108	0.00553	0.07309	0.00988	0.17975	0.02448	0.03895	0.00922	0.03637	0.07680	0.00195	0.00435	0.00391	0.08245	0.00529
16	0.01133	0.71454	0.15188	0.00837	0.01259	0.01631	0.00897	0.01335	0.00903	0.01097	0.00643	0.00745	0.00566	0.00385	0.00305	0.00102	0.00501	0.00251	0.00189	0.00581

[dist]
# distance from previous block
# <min> <max>
0	2

[block]
# block no. 6 follows, 59 sequences, length 17
# corresponding to MSA columns:
# 258-274
name=unknown_G
#
# <colnr> <probs for GDERKNQSTAVLIFYWHMCP>
#	G	D	E	R	K	N	Q	S	T	A	V	L	I	F	Y	W	H	M	C	P
0	0.01313	0.00999	0.01065	0.00876	0.01147	0.03186	0.00702	0.40386	0.18982	0.04899	0.14471	0.03402	0.05296	0.00649	0.00462	0.00139	0.00399	0.00526	0.00446	0.00653
1	0.00949	0.02201	0.75733	0.01239	0.01868	0.01053	0.01569	0.07695	0.01024	0.01509	0.00814	0.00943	0.00575	0.00428	0.00421	0.00139	0.00639	0.00332	0.00207	0.00661
2	0.00565	0.00449	0.00508	0.00493	0.00623	0.00391	0.00370	0.00718	0.01109	0.01436	0.36859	0.03850	0.49007	0.01028	0.00522	0.00145	0.00217	0.00876	0.00442	0.00391
3	0.00641	0.00432	0.00500	0.00500	0.00506	0.00438	0.00290	0.00654	0.00648	0.00870	0.01375	0.02798	0.01566	0.77998	0.08674	0.00451	0.00488	0.00629	0.00265	0.00278
4	0.00868	0.00820	0.01387	0.72743	0.13448	0.00990	0.01244	0.01158	0.00899	0.01170	0.00791	0.01166	0.00603	0.00435	0.00441	0.00145	0.00580	0.00393	0.00199	0.00518
5	0.00529	0.00448	0.00457	0.00454	0.00601	0.00376	0.00341	0.00647	0.01022	0.01230	0.09416	0.04189	0.76579	0.01105	0.00522	0.00148	0.00223	0.00924	0.00415	0.00376
6	0.01096	0.00961	0.01080	0.00947	0.01207	0.01099	0.04696	0.02300	0.76905	0.01826	0.01752	0.01625	0.01314	0.00588	0.00453	0.00150	0.00369	0.00500	0.00438	0.00694
7	0.01042	0.01191	0.02606	0.01862	0.02308	0.01117	0.80119	0.01415	0.01042	0.01415	0.00894	0.01191	0.00670	0.00372	0.00521	0.00149	0.00745	0.00521	0.00223	0.00596
8	0.01130	0.00948	0.01007	0.00889	0.01141	0.01084	0.00696	0.10461	0.67573	0.01941	0.06765	0.01690	0.01464	0.00611	0.00453	0.00147	0.00355	0.00508	0.00451	0.00687
9	0.02939	0.01195	0.01771	0.01366	0.01661	0.09730	0.33342	0.11298	0.12858	0.01556	0.00973	0.01166	0.00761	0.00574	0.02649	0.00164	0.14672	0.00448	0.00280	0.00595
10	0.00638	0.00428	0.00490	0.00490	0.00498	0.00425	0.00281	0.00654	0.00687	0.00922	0.06493	0.05334	0.01807	0.76717	0.02089	0.00402	0.00409	0.00670	0.00286	0.00280
11	0.00591	0.00437	0.00536	0.00535	0.00636	0.00396	0.00392	0.00752	0.01108	0.01511	0.45949	0.17873	0.22785	0.01029	0.00522	0.00147	0.00221	0.00900	0.03285	0.00396
12	0.01214	0.00927	0.01052	0.00776	0.01154	0.00840	0.00630	0.26317	0.01303	0.06055	0.00922	0.00992	0.00708	0.00403	0.00370	0.00090	0.00380	0.00314	0.00334	0.55219
13	0.00545	0.00389	0.00520	0.00623	0.00651	0.00365	0.00422	0.00627	0.00852	0.01135	0.02431	0.81113	0.02906	0.01377	0.00566	0.00180	0.00262	0.04266	0.00410	0.00361
14	0.00927	0.00876	0.01438	0.19584	0.01709	0.01019	0.18382	0.06080	0.00887	0.01224	0.00897	0.01454	0.00822	0.16340	0.03766	0.00230	0.23180	0.00469	0.00232	0.00483
15	0.07851	0.00912	0.00925	0.00929	0.05683	0.16829	0.00672	0.02508	0.00854	0.01159	0.00979	0.01440	0.00911	0.08232	0.40417	0.00436	0.08159	0.00417	0.00239	0.00447
16	0.01201	0.01044	0.01661	0.01252	0.01609	0.03737	0.33193	0.07685	0.17679	0.11413	0.03294	0.01400	0.02928	0.00482	0.00467	0.00136	0.00531	0.00480	0.00341	0.09464

[dist]
# distance from previous block
# <min> <max>
0	2

[block]
# block no. 7 follows, 59 sequences, length 25
# corresponding to MSA columns:
# 277-301
name=unknown_H
#
# <colnr> <probs for GDERKNQSTAVLIFYWHMCP>
#	G	D	E	R	K	N	Q	S	T	A	V	L	I	F	Y	W	H	M	C	P
0	0.13908	0.01042	0.01684	0.01256	0.01621	0.03736	0.37363	0.05943	0.05409	0.07620	0.01079	0.03261	0.02712	0.00453	0.00444	0.00135	0.00548	0.00454	0.00294	0.11038
1	0.11884	0.21148	0.01406	0.00943	0.01218	0.38972	0.00768	0.09275	0.04399	0.01390	0.00774	0.00901	0.00643	0.00461	0.00379	0.00117	0.01752	0.01380	0.01642	0.00548
2	0.00979	0.12401	0.66313	0.01188	0.01775	0.07234	0.01466	0.01417	0.00952	0.01331	0.00762	0.00895	0.00561	0.00417	0.00401	0.00132	0.00641	0.00312	0.00190	0.00632
3	0.01112	0.65395	0.21057	0.00874	0.01316	0.01578	0.00961	0.01340	0.00906	0.01123	0.00656	0.00761	0.00565	0.00388	0.00315	0.00105	0.00515	0.00257	0.00188	0.00587
4	0.00910	0.00967	0.07483	0.42907	0.25482	0.01004	0.01234	0.01189	0.00897	0.01229	0.00809	0.01154	0.00650	0.00628	0.05618	0.00180	0.06505	0.00392	0.00204	0.00557
5	0.00650	0.00468	0.00536	0.00508	0.00653	0.00406	0.00385	0.00801	0.01112	0.06423	0.32505	0.03732	0.48218	0.01004	0.00517	0.00145	0.00228	0.00853	0.00446	0.00412
6	0.03949	0.01135	0.01230	0.00953	0.01287	0.01236	0.00784	0.66479	0.01915	0.09010	0.05032	0.01258	0.02549	0.00558	0.00443	0.00134	0.00455	0.00427	0.00447	0.00720
7	0.00914	0.10230	0.74494	0.01210	0.01837	0.01095	0.01547	0.01391	0.00929	0.01364	0.00775	0.00911	0.00560	0.00416	0.00406	0.00135	0.00635	0.00318	0.00187	0.00644
8	0.00617	0.00444	0.00566	0.00548	0.00648	0.00408	0.00406	0.00807	0.01184	0.01667	0.65843	0.10541	0.09534	0.00947	0.00517	0.00142	0.00214	0.00835	0.03725	0.00408
9	0.00857	0.00808	0.01366	0.76252	0.10027	0.00987	0.01238	0.01149	0.00894	0.01156	0.00789	0.01170	0.00599	0.00437	0.00441	0.00146	0.00583	0.00393	0.00198	0.00509
10	0.01085	0.01041	0.01778	0.05243	0.79255	0.01047	0.01351	0.01348	0.01002	0.01433	0.00829	0.01096	0.00696	0.00395	0.00437	0.00132	0.00527	0.00393	0.00218	0.00693
11	0.00573	0.00411	0.00531	0.00579	0.00631	0.00383	0.00397	0.00684	0.00956	0.01301	0.26411	0.49714	0.05797	0.08648	0.00700	0.00188	0.00256	0.01051	0.00420	0.00369
12	0.00540	0.00388	0.00512	0.00609	0.00640	0.00360	0.00408	0.00621	0.00859	0.01144	0.04303	0.80135	0.05113	0.01365	0.00562	0.00178	0.00254	0.01236	0.00412	0.00360
13	0.01650	0.02105	0.01252	0.01138	0.01365	0.82705	0.00853	0.01764	0.01252	0.01081	0.00683	0.00796	0.00569	0.00455	0.00398	0.00114	0.00796	0.00284	0.00228	0.00512
14	0.01679	0.01237	0.01325	0.01016	0.01370	0.01370	0.00839	0.80251	0.02077	0.02783	0.01060	0.01060	0.00751	0.00530	0.00442	0.00133	0.00486	0.00398	0.00442	0.00751
15	0.87598	0.00854	0.00649	0.00581	0.00854	0.00991	0.00478	0.01298	0.00752	0.01982	0.00615	0.00717	0.00478	0.00410	0.00273	0.00137	0.00342	0.00239	0.00273	0.00478
16	0.01106	0.00934	0.00997	0.00900	0.01145	0.01071	0.00709	0.07075	0.70043	0.01866	0.01792	0.01861	0.01401	0.00641	0.00461	0.00153	0.00362	0.06356	0.00446	0.00680
17	0.00639	0.00427	0.00483	0.00486	0.00487	0.00426	0.00273	0.00641	0.00649	0.00866	0.01428	0.05707	0.01651	0.81600	0.02190	0.00420	0.00422	0.00664	0.00273	0.00271
18	0.00631	0.00473	0.00710	0.00710	0.00789	0.00552	0.00552	0.00789	0.00710	0.01025	0.01183	0.01735	0.01104	0.03312	0.82728	0.00710	0.01183	0.00473	0.00237	0.00394
19	0.00642	0.00428	0.00482	0.00482	0.00482	0.00428	0.00268	0.00642	0.00642	0.00856	0.01392	0.02890	0.01606	0.84478	0.02248	0.00428	0.00428	0.00642	0.00268	0.00268
20	0.01699	0.01149	0.01265	0.00972	0.01318	0.01244	0.00802	0.67131	0.01940	0.14227	0.03001	0.01176	0.00879	0.00541	0.00444	0.00133	0.00464	0.00414	0.00458	0.00744
21	0.00788	0.00481	0.00710	0.05783	0.00793	0.00539	0.00499	0.00672	0.00610	0.00830	0.00780	0.01371	0.00779	0.05890	0.01642	0.66618	0.10371	0.00399	0.00196	0.00249
22	0.01364	0.01148	0.01139	0.00958	0.01213	0.12537	0.00773	0.41540	0.08753	0.02043	0.03110	0.01514	0.01040	0.00973	0.11721	0.00217	0.02676	0.06281	0.00377	0.00624
23	0.01511	0.01130	0.01105	0.00885	0.01195	0.15159	0.00708	0.26360	0.05157	0.20181	0.07741	0.01304	0.01090	0.00523	0.00424	0.00121	0.00461	0.00405	0.00404	0.14137
24	0.39679	0.01033	0.01019	0.00833	0.01133	0.06638	0.05616	0.19313	0.07005	0.05760	0.03720	0.01034	0.00788	0.00472	0.00367	0.00133	0.00428	0.00345	0.00338	0.04347

[dist]
# distance from previous block
# <min> <max>
1	15

[block]
# block no. 8 follows, 59 sequences, length 139
# corresponding to MSA columns:
# 317-337,421-538
name=unknown_I
#
# <colnr> <probs for GDERKNQSTAVLIFYWHMCP>
#	G	D	E	R	K	N	Q	S	T	A	V	L	I	F	Y	W	H	M	C	P
0	0.01086	0.09608	0.24701	0.01057	0.02288	0.13845	0.07166	0.03704	0.04759	0.03885	0.04685	0.01219	0.02137	0.03025	0.04039	0.00158	0.02198	0.00382	0.00258	0.09801
1	0.02415	0.00837	0.01079	0.06035	0.08503	0.01977	0.03039	0.11939	0.06284	0.14337	0.04183	0.12227	0.01207	0.00599	0.00447	0.01188	0.00398	0.00504	0.00361	0.22441
2	0.00620	0.00463	0.00636	0.08231	0.00851	0.00464	0.02579	0.00705	0.00805	0.01072	0.05879	0.40116	0.03408	0.30806	0.01148	0.00262	0.00358	0.00910	0.00338	0.00348
3	0.01181	0.84744	0.02314	0.00756	0.01134	0.01748	0.00756	0.01323	0.00897	0.01039	0.00614	0.00708	0.00567	0.00378	0.00283	0.00094	0.00472	0.00236	0.00189	0.00567
4	0.00532	0.00426	0.00476	0.00510	0.00614	0.00370	0.00365	0.00636	0.00962	0.01195	0.07062	0.31762	0.51139	0.01201	0.00536	0.00159	0.00234	0.01038	0.00413	0.00370
5	0.01099	0.00949	0.00999	0.00899	0.01148	0.01099	0.00699	0.02347	0.80925	0.01848	0.01798	0.01648	0.01348	0.00599	0.00449	0.00150	0.00350	0.00499	0.00449	0.00699
6	0.00554	0.00397	0.00530	0.00630	0.00665	0.00373	0.00437	0.00643	0.00864	0.01146	0.02460	0.75539	0.04211	0.01364	0.00567	0.00181	0.00270	0.08396	0.00410	0.00363
7	0.02282	0.00664	0.00687	0.00594	0.00774	0.00705	0.00469	0.24647	0.01267	0.01990	0.01316	0.01459	0.01009	0.00518	0.00348	0.00112	0.00291	0.00405	0.59948	0.00514
8	0.01813	0.00744	0.00992	0.00772	0.01088	0.00661	0.00633	0.06139	0.01306	0.68810	0.10672	0.01682	0.01421	0.00586	0.00453	0.00137	0.00363	0.00482	0.00534	0.00714
9	0.01042	0.01191	0.02606	0.01862	0.02308	0.01117	0.80119	0.01415	0.01042	0.01415	0.00894	0.01191	0.00670	0.00372	0.00521	0.00149	0.00745	0.00521	0.00223	0.00596
10	0.00865	0.00817	0.01376	0.73425	0.08901	0.00992	0.02749	0.01186	0.03158	0.01178	0.00819	0.01185	0.00620	0.00441	0.00443	0.00146	0.00580	0.00398	0.00206	0.00514
11	0.00905	0.00865	0.01495	0.57284	0.21731	0.00993	0.05841	0.01194	0.00925	0.01225	0.00842	0.01255	0.00670	0.00446	0.00449	0.00145	0.00578	0.02403	0.00209	0.00544
12	0.01111	0.00805	0.01120	0.08028	0.04480	0.03161	0.10096	0.12583	0.03665	0.11109	0.01294	0.01614	0.03163	0.05996	0.09708	0.04256	0.01796	0.02271	0.13213	0.00532
13	0.01101	0.01094	0.01687	0.10727	0.56881	0.07135	0.06068	0.02900	0.03077	0.01411	0.00949	0.01187	0.02933	0.00430	0.00443	0.00134	0.00551	0.00411	0.00233	0.00650
14	0.09077	0.00995	0.00998	0.00856	0.01115	0.05774	0.00677	0.20666	0.34960	0.05882	0.08888	0.03196	0.03776	0.00613	0.00439	0.00141	0.00390	0.00492	0.00425	0.00641
15	0.02887	0.03290	0.01070	0.02127	0.05170	0.09220	0.01876	0.15008	0.17571	0.15673	0.01476	0.04182	0.03481	0.08324	0.00604	0.00164	0.00440	0.02424	0.04408	0.00605
16	0.01022	0.02452	0.21314	0.01023	0.01368	0.05836	0.10643	0.03453	0.14965	0.07533	0.10216	0.01785	0.10519	0.00651	0.01859	0.00152	0.02798	0.00513	0.01313	0.00584
17	0.01065	0.00915	0.00984	0.00843	0.01128	0.00982	0.00660	0.03353	0.60616	0.01766	0.01545	0.01464	0.01173	0.00533	0.00420	0.00129	0.00346	0.00441	0.00405	0.21231
18	0.01181	0.84744	0.02314	0.00756	0.01134	0.01748	0.00756	0.01323	0.00897	0.01039	0.00614	0.00708	0.00567	0.00378	0.00283	0.00094	0.00472	0.00236	0.00189	0.00567
19	0.01584	0.01992	0.01274	0.01183	0.03576	0.74457	0.00876	0.01701	0.01202	0.01090	0.00679	0.00817	0.00573	0.00477	0.00477	0.00120	0.06887	0.00295	0.00225	0.00515
20	0.00834	0.00785	0.01325	0.83417	0.03042	0.00981	0.01227	0.01128	0.00883	0.01128	0.00785	0.01178	0.00589	0.00442	0.00442	0.00147	0.00589	0.00393	0.00196	0.00491
21	0.00642	0.00429	0.00488	0.00488	0.00490	0.00432	0.00276	0.00646	0.00644	0.00861	0.01386	0.02858	0.01592	0.82183	0.04523	0.00436	0.00450	0.00637	0.00267	0.00271
22	0.00649	0.00436	0.00503	0.00512	0.00522	0.00436	0.00309	0.00667	0.00677	0.00899	0.01479	0.03083	0.01692	0.76801	0.02097	0.00407	0.00426	0.07845	0.00280	0.00280
23	0.00767	0.00384	0.00575	0.00575	0.00575	0.00384	0.00384	0.00575	0.00575	0.00767	0.00767	0.01343	0.00767	0.01534	0.01726	0.87150	0.00384	0.00384	0.00192	0.00192
24	0.01650	0.02105	0.01252	0.01138	0.01365	0.82705	0.00853	0.01764	0.01252	0.01081	0.00683	0.00796	0.00569	0.00455	0.00398	0.00114	0.00796	0.00284	0.00228	0.00512
25	0.00834	0.00785	0.01325	0.83417	0.03042	0.00981	0.01227	0.01128	0.00883	0.01128	0.00785	0.01178	0.00589	0.00442	0.00442	0.00147	0.00589	0.00393	0.00196	0.00491
26	0.00878	0.00722	0.00828	0.00856	0.01010	0.04512	0.00714	0.01408	0.26366	0.01477	0.02090	0.03730	0.02072	0.00988	0.00549	0.00182	0.00407	0.50295	0.00412	0.00504
27	0.00556	0.00397	0.00533	0.00636	0.00670	0.00375	0.00442	0.00647	0.00864	0.01148	0.02424	0.75835	0.02881	0.01366	0.00569	0.00182	0.00272	0.09430	0.00410	0.00364
28	0.00897	0.00857	0.01209	0.01042	0.01059	0.01150	0.03020	0.00988	0.00683	0.01036	0.00755	0.01334	0.00781	0.14920	0.05714	0.00258	0.63205	0.00438	0.00209	0.00446
29	0.00546	0.00442	0.00485	0.00488	0.00615	0.00381	0.00361	0.00674	0.01041	0.01309	0.20604	0.12484	0.56826	0.01101	0.00526	0.00150	0.00224	0.00938	0.00426	0.00381
30	0.01040	0.00907	0.01253	0.01058	0.01129	0.01181	0.00877	0.01155	0.00754	0.08562	0.00734	0.01047	0.00658	0.00829	0.05028	0.00200	0.64534	0.00384	0.00234	0.08437
31	0.00582	0.00408	0.00526	0.00603	0.00631	0.00391	0.00407	0.00653	0.00814	0.01082	0.02170	0.56003	0.02560	0.21652	0.00980	0.00243	0.00314	0.09266	0.00375	0.00342
32	0.00597	0.00459	0.00579	0.00609	0.00703	0.00423	0.01967	0.02887	0.00987	0.01279	0.10964	0.41619	0.26848	0.01198	0.00546	0.00166	0.00269	0.07097	0.00415	0.00388
33	0.00835	0.00779	0.01304	0.69765	0.02738	0.00959	0.03311	0.01114	0.00890	0.01151	0.00922	0.01519	0.00771	0.00527	0.00506	0.00155	0.04433	0.07621	0.00216	0.00485
34	0.00763	0.00469	0.00588	0.00566	0.00617	0.00479	0.00373	0.00818	0.00716	0.08383	0.01372	0.02476	0.01434	0.56646	0.22005	0.00471	0.00610	0.00582	0.00286	0.00344
35	0.80236	0.00887	0.00707	0.00618	0.00898	0.01023	0.00509	0.08063	0.00865	0.02050	0.00653	0.00747	0.00502	0.00420	0.00288	0.00136	0.00354	0.00253	0.00288	0.00502
36	0.00597	0.00463	0.00544	0.00522	0.00648	0.00418	0.00392	0.00795	0.03318	0.01543	0.48606	0.03634	0.34954	0.00981	0.00519	0.00143	0.00218	0.00844	0.00455	0.00407
37	0.01203	0.53022	0.15186	0.00925	0.01320	0.14201	0.02260	0.02577	0.00975	0.01143	0.00667	0.00780	0.00572	0.00405	0.00350	0.00108	0.01942	0.00269	0.00200	0.01894
38	0.00974	0.00644	0.00716	0.00646	0.00820	0.00694	0.02616	0.04497	0.26177	0.03913	0.01525	0.01611	0.01171	0.00619	0.02727	0.00138	0.00309	0.00444	0.49229	0.00529
39	0.02377	0.22572	0.06854	0.01066	0.02511	0.13004	0.07861	0.29253	0.03525	0.02883	0.00870	0.00958	0.00673	0.00478	0.00436	0.01416	0.01985	0.00348	0.00300	0.00632
40	0.01185	0.09213	0.06630	0.01075	0.01362	0.05044	0.15960	0.18309	0.01206	0.07245	0.08396	0.01438	0.01103	0.08038	0.02990	0.00181	0.09279	0.00458	0.00313	0.00574
41	0.00767	0.00384	0.00575	0.00575	0.00575	0.00384	0.00384	0.00575	0.00575	0.00767	0.00767	0.01343	0.00767	0.01534	0.01726	0.87150	0.00384	0.00384	0.00192	0.00192
42	0.00540	0.00387	0.00513	0.00611	0.00640	0.00360	0.00409	0.00621	0.00858	0.01145	0.04485	0.80928	0.04128	0.01367	0.00562	0.00178	0.00255	0.01239	0.00412	0.00360
43	0.00656	0.00524	0.00744	0.00744	0.00841	0.00514	0.06613	0.00908	0.10148	0.01292	0.08212	0.56258	0.04864	0.01164	0.00545	0.00171	0.00307	0.04666	0.00406	0.00423
44	0.01021	0.00985	0.01705	0.24340	0.56940	0.01034	0.04950	0.01297	0.00974	0.01357	0.00821	0.01120	0.00668	0.00405	0.00442	0.00136	0.00552	0.00399	0.00213	0.00639
45	0.01577	0.00676	0.00900	0.00728	0.01003	0.00599	0.00591	0.01786	0.03614	0.57347	0.18044	0.02097	0.05500	0.00666	0.00468	0.00140	0.00335	0.02754	0.00521	0.00655
46	0.00681	0.00495	0.00669	0.00751	0.00856	0.00484	0.00643	0.00871	0.01026	0.01331	0.07588	0.06818	0.11469	0.01193	0.00593	0.00193	0.00370	0.63154	0.00412	0.00402
47	0.00823	0.00412	0.00412	0.00412	0.00515	0.00412	0.00309	0.01029	0.00926	0.01647	0.01441	0.01647	0.01132	0.00515	0.00309	0.00103	0.00206	0.00412	0.86930	0.00412
48	0.87598	0.00854	0.00649	0.00581	0.00854	0.00991	0.00478	0.01298	0.00752	0.01982	0.00615	0.00717	0.00478	0.00410	0.00273	0.00137	0.00342	0.00239	0.00273	0.00478
49	0.01661	0.01224	0.01315	0.01011	0.01360	0.01356	0.00835	0.78883	0.02053	0.02753	0.01062	0.01072	0.00757	0.00578	0.01858	0.00142	0.00498	0.00399	0.00438	0.00745
50	0.00611	0.00451	0.00571	0.00541	0.00651	0.00411	0.00406	0.00806	0.01217	0.01693	0.71062	0.03428	0.14645	0.00932	0.00521	0.00140	0.00210	0.00817	0.00476	0.00411
51	0.00900	0.02184	0.74851	0.01314	0.01948	0.01034	0.08869	0.01400	0.00943	0.01400	0.00802	0.00956	0.00570	0.00415	0.00429	0.00141	0.00661	0.00344	0.00190	0.00647
52	0.00532	0.00448	0.00461	0.00457	0.00602	0.00377	0.00343	0.00652	0.01029	0.01247	0.11609	0.04162	0.74376	0.01099	0.00522	0.00148	0.00222	0.00920	0.00417	0.00377
53	0.00846	0.00797	0.01346	0.79670	0.06695	0.00984	0.01233	0.01139	0.00889	0.01143	0.00787	0.01174	0.00594	0.00439	0.00441	0.00146	0.00586	0.00393	0.00197	0.00500
54	0.01115	0.00957	0.01008	0.00902	0.01155	0.01106	0.00703	0.04504	0.78742	0.01873	0.01777	0.01632	0.01332	0.00597	0.00449	0.00149	0.00353	0.00497	0.00449	0.00701
55	0.00612	0.00451	0.00572	0.00541	0.00652	0.00411	0.00406	0.00807	0.01218	0.01695	0.71390	0.03424	0.14315	0.00931	0.00521	0.00140	0.00210	0.00816	0.00476	0.00411
56	0.00632	0.00469	0.00689	0.00689	0.00760	0.00541	0.00526	0.00775	0.00704	0.01010	0.01202	0.01842	0.01150	0.10797	0.75307	0.00684	0.01113	0.00489	0.00239	0.00383
57	0.00887	0.00518	0.00667	0.00595	0.00752	0.00469	0.00458	0.01095	0.02531	0.17384	0.56415	0.03023	0.11756	0.00851	0.00505	0.00140	0.00245	0.00739	0.00489	0.00482
58	0.83570	0.00851	0.00681	0.04427	0.00956	0.00990	0.00513	0.01290	0.00758	0.01942	0.00623	0.00739	0.00483	0.00411	0.00281	0.00137	0.00353	0.00246	0.00270	0.00479
59	0.01293	0.00977	0.01276	0.01052	0.01193	0.01212	0.00873	0.16880	0.02044	0.16212	0.00905	0.01090	0.00718	0.00675	0.01037	0.00168	0.49731	0.00399	0.00311	0.01952
60	0.00897	0.00849	0.01438	0.63870	0.22098	0.00998	0.01258	0.01183	0.00913	0.01205	0.00796	0.01157	0.00616	0.00430	0.00441	0.00143	0.00573	0.00393	0.00202	0.00541
61	0.01033	0.01277	0.09858	0.01897	0.10764	0.01101	0.64459	0.01407	0.01028	0.01416	0.00878	0.01157	0.00663	0.00379	0.00503	0.00146	0.00713	0.00490	0.00219	0.00612
62	0.09867	0.00761	0.00990	0.00767	0.01102	0.00681	0.00633	0.02074	0.01217	0.74657	0.01639	0.01431	0.01037	0.00534	0.00428	0.00137	0.00373	0.00425	0.00521	0.00726
63	0.00852	0.00797	0.01335	0.65058	0.12107	0.00949	0.02462	0.01143	0.02254	0.01178	0.00914	0.06005	0.00767	0.01814	0.00478	0.00152	0.00558	0.00450	0.00217	0.00509
64	0.01889	0.00743	0.00997	0.00773	0.01103	0.00649	0.00636	0.02087	0.03458	0.76056	0.01871	0.01635	0.04835	0.00575	0.00448	0.00138	0.00368	0.00468	0.00538	0.00733
65	0.01037	0.00559	0.00716	0.00622	0.00807	0.00507	0.00488	0.03483	0.01236	0.24670	0.43725	0.02821	0.12429	0.00812	0.00493	0.00139	0.00269	0.01968	0.02701	0.00517
66	0.00552	0.00432	0.00500	0.00525	0.00630	0.00381	0.00382	0.00675	0.01009	0.01290	0.18754	0.26436	0.42458	0.01154	0.00536	0.00157	0.00235	0.03091	0.00425	0.00378
67	0.00578	0.00453	0.00514	0.00517	0.00637	0.00403	0.00391	0.00713	0.01031	0.01311	0.21791	0.03988	0.47296	0.08767	0.00691	0.00179	0.00260	0.09691	0.00414	0.00377
68	0.01679	0.01237	0.01325	0.01016	0.01370	0.01370	0.00839	0.80251	0.02077	0.02783	0.01060	0.01060	0.00751	0.00530	0.00442	0.00133	0.00486	0.00398	0.00442	0.00751
69	0.00834	0.00785	0.01325	0.83417	0.03042	0.00981	0.01227	0.01128	0.00883	0.01128	0.00785	0.01178	0.00589	0.00442	0.00442	0.00147	0.00589	0.00393	0.00196	0.00491
70	0.00537	0.00390	0.00506	0.00600	0.00637	0.00360	0.00403	0.00617	0.00860	0.01134	0.02622	0.76819	0.10171	0.01359	0.00560	0.00177	0.00253	0.01226	0.00410	0.00360
71	0.01600	0.01161	0.01241	0.00960	0.01291	0.01281	0.00791	0.72945	0.01970	0.02679	0.01095	0.01114	0.00786	0.00529	0.00430	0.00130	0.00460	0.00399	0.08417	0.00720
72	0.00863	0.00473	0.00492	0.00477	0.00592	0.00481	0.00359	0.07111	0.01008	0.01687	0.01503	0.09213	0.01268	0.00596	0.00343	0.00112	0.00232	0.00488	0.72271	0.00433
73	0.00883	0.02215	0.78436	0.05073	0.01964	0.01024	0.01613	0.01386	0.00930	0.01386	0.00792	0.00944	0.00561	0.00421	0.00421	0.00140	0.00650	0.00329	0.00187	0.00645
74	0.00834	0.00785	0.01325	0.83417	0.03042	0.00981	0.01227	0.01128	0.00883	0.01128	0.00785	0.01178	0.00589	0.00442	0.00442	0.00147	0.00589	0.00393	0.00196	0.00491
75	0.01913	0.00767	0.01023	0.00795	0.01129	0.00684	0.00653	0.02167	0.07418	0.75835	0.01747	0.01514	0.01113	0.00551	0.00445	0.00138	0.00374	0.00448	0.00539	0.00748
76	0.87598	0.00854	0.00649	0.00581	0.00854	0.00991	0.00478	0.01298	0.00752	0.01982	0.00615	0.00717	0.00478	0.00410	0.00273	0.00137	0.00342	0.00239	0.00273	0.00478
77	0.01099	0.00949	0.00999	0.00899	0.01148	0.01099	0.00699	0.02347	0.80925	0.01848	0.01798	0.01648	0.01348	0.00599	0.00449	0.00150	0.00350	0.00499	0.00449	0.00699
78	0.00834	0.00785	0.01325	0.83417	0.03042	0.00981	0.01227	0.01128	0.00883	0.01128	0.00785	0.01178	0.00589	0.00442	0.00442	0.00147	0.00589	0.00393	0.00196	0.00491
79	0.00659	0.00427	0.00475	0.00475	0.00485	0.00427	0.00271	0.00678	0.00668	0.00929	0.01396	0.02776	0.01562	0.76736	0.02069	0.00398	0.00408	0.00621	0.08259	0.00281
80	0.01600	0.01937	0.01266	0.01128	0.01350	0.68921	0.00861	0.08947	0.01283	0.01237	0.00710	0.00834	0.00587	0.00487	0.00483	0.00122	0.07170	0.00303	0.00245	0.00532
81	0.00625	0.00451	0.00590	0.00556	0.00660	0.00417	0.00417	0.00833	0.01250	0.01771	0.81490	0.03299	0.04167	0.00903	0.00521	0.00139	0.00208	0.00799	0.00486	0.00417
82	0.00834	0.00785	0.01325	0.83417	0.03042	0.00981	0.01227	0.01128	0.00883	0.01128	0.00785	0.01178	0.00589	0.00442	0.00442	0.00147	0.00589	0.00393	0.00196	0.00491
83	0.87598	0.00854	0.00649	0.00581	0.00854	0.00991	0.00478	0.01298	0.00752	0.01982	0.00615	0.00717	0.00478	0.00410	0.00273	0.00137	0.00342	0.00239	0.00273	0.00478
84	0.01019	0.00775	0.00837	0.00753	0.00952	0.00854	0.00583	0.13111	0.37001	0.01860	0.10206	0.09396	0.03131	0.00687	0.00441	0.00140	0.00316	0.00577	0.16774	0.00585
85	0.01650	0.02105	0.01252	0.01138	0.01365	0.82705	0.00853	0.01764	0.01252	0.01081	0.00683	0.00796	0.00569	0.00455	0.00398	0.00114	0.00796	0.00284	0.00228	0.00512
86	0.01181	0.84744	0.02314	0.00756	0.01134	0.01748	0.00756	0.01323	0.00897	0.01039	0.00614	0.00708	0.00567	0.00378	0.00283	0.00094	0.00472	0.00236	0.00189	0.00567
87	0.01043	0.46270	0.39582	0.00990	0.01497	0.01411	0.01164	0.01358	0.00914	0.01207	0.00697	0.00813	0.00563	0.00397	0.00347	0.00116	0.00556	0.00278	0.00188	0.00607
88	0.87598	0.00854	0.00649	0.00581	0.00854	0.00991	0.00478	0.01298	0.00752	0.01982	0.00615	0.00717	0.00478	0.00410	0.00273	0.00137	0.00342	0.00239	0.00273	0.00478
89	0.01024	0.01055	0.01165	0.01027	0.01077	0.15398	0.00822	0.01125	0.00787	0.01069	0.00756	0.01202	0.00736	0.08616	0.07427	0.00236	0.51649	0.00400	0.03970	0.00459
90	0.00750	0.00479	0.00630	0.00577	0.00703	0.00438	0.00438	0.00955	0.01251	0.09172	0.74137	0.03134	0.03884	0.00870	0.00514	0.00139	0.00224	0.00766	0.00492	0.00448
91	0.01982	0.00752	0.01025	0.00786	0.01127	0.00649	0.00649	0.02152	0.01264	0.82029	0.01742	0.01503	0.01093	0.00547	0.00444	0.00137	0.00376	0.00444	0.00547	0.00752
92	0.01599	0.01998	0.01228	0.01116	0.01345	0.75180	0.00839	0.01817	0.08598	0.01152	0.00785	0.00875	0.00641	0.00468	0.00403	0.00117	0.00755	0.00304	0.00248	0.00529
93	0.00642	0.00428	0.00482	0.00482	0.00482	0.00428	0.00268	0.00642	0.00642	0.00856	0.01392	0.02890	0.01606	0.84478	0.02248	0.00428	0.00428	0.00642	0.00268	0.00268
94	0.00623	0.00451	0.00588	0.00554	0.00659	0.00416	0.00415	0.00830	0.01246	0.01761	0.80082	0.03317	0.05582	0.00907	0.00521	0.00139	0.00209	0.00801	0.00485	0.00416
95	0.00886	0.02285	0.82190	0.01259	0.01912	0.01026	0.01632	0.01399	0.00932	0.01399	0.00793	0.00932	0.00559	0.00420	0.00420	0.00140	0.00653	0.00326	0.00186	0.00653
96	0.01115	0.00957	0.01008	0.00902	0.01155	0.01106	0.00703	0.04549	0.78696	0.01874	0.01777	0.01631	0.01331	0.00597	0.00449	0.00149	0.00353	0.00496	0.00449	0.00701
97	0.02796	0.02253	0.80393	0.01244	0.01888	0.01025	0.01606	0.01396	0.00928	0.01412	0.00789	0.00928	0.00558	0.00419	0.00416	0.00140	0.00646	0.00324	0.00188	0.00649
98	0.01035	0.01171	0.02491	0.01797	0.02202	0.01139	0.72820	0.01382	0.01009	0.01382	0.00865	0.01171	0.00662	0.00409	0.00607	0.00153	0.08391	0.00509	0.00221	0.00585
99	0.01006	0.00542	0.00683	0.00600	0.00781	0.00484	0.00466	0.02245	0.01191	0.24185	0.36642	0.04956	0.19034	0.00838	0.00490	0.00140	0.00263	0.00716	0.04233	0.00505
100	0.00577	0.00494	0.00501	0.00491	0.00649	0.00441	0.00371	0.00796	0.08381	0.01266	0.05924	0.03990	0.72444	0.01066	0.00515	0.00149	0.00235	0.00889	0.00415	0.00404
101	0.00633	0.00474	0.00682	0.00675	0.00752	0.00534	0.00516	0.00783	0.00776	0.01106	0.10736	0.02057	0.03658	0.08584	0.64121	0.00601	0.02118	0.00534	0.00272	0.00389
102	0.00570	0.00418	0.00525	0.00586	0.00646	0.00387	0.00413	0.00671	0.00913	0.01199	0.11014	0.47313	0.16226	0.08935	0.00712	0.00195	0.00275	0.08233	0.00405	0.00363
103	0.01141	0.68229	0.10788	0.00990	0.08648	0.01606	0.00904	0.01334	0.00911	0.01115	0.00653	0.00768	0.00578	0.00384	0.00312	0.00103	0.00496	0.00260	0.00191	0.00588
104	0.06444	0.20638	0.01508	0.01153	0.08690	0.45773	0.00852	0.06356	0.02512	0.01273	0.00718	0.00830	0.00599	0.00436	0.00372	0.00114	0.00645	0.00291	0.00237	0.00557
105	0.01130	0.13448	0.48002	0.01103	0.01626	0.01198	0.01270	0.21721	0.01223	0.01713	0.00854	0.00953	0.00625	0.00445	0.00403	0.00131	0.00573	0.00334	0.02587	0.00660
106	0.00611	0.00452	0.00574	0.00549	0.00659	0.00422	0.00414	0.00797	0.01154	0.01600	0.59612	0.03297	0.17259	0.01157	0.08099	0.00193	0.00301	0.00786	0.01659	0.00407
107	0.01286	0.00914	0.01004	0.00854	0.01126	0.00996	0.00678	0.16147	0.45039	0.15017	0.03257	0.01787	0.08642	0.00631	0.00455	0.00144	0.00364	0.00517	0.00461	0.00682
108	0.01679	0.01237	0.01325	0.01016	0.01370	0.01370	0.00839	0.80251	0.02077	0.02783	0.01060	0.01060	0.00751	0.00530	0.00442	0.00133	0.00486	0.00398	0.00442	0.00751
109	0.00650	0.00492	0.00673	0.00671	0.00736	0.01919	0.00500	0.00776	0.00705	0.00992	0.01217	0.01953	0.01197	0.19699	0.65037	0.00643	0.01024	0.00504	0.00243	0.00371
110	0.00584	0.00446	0.00537	0.00531	0.00643	0.00399	0.00396	0.00747	0.01123	0.01501	0.45628	0.10895	0.30749	0.01029	0.00528	0.00148	0.00223	0.03044	0.00451	0.00396
