[name]
unknown

[dist]
# distance from previous block
# <min> <max>
0	50

[block]
# block no. 0 follows, 43 sequences, length 10
# corresponding to MSA columns:
# 52-61
name=unknown_A
#
# <colnr> <probs for GDERKNQSTAVLIFYWHMCP>
#	G	D	E	R	K	N	Q	S	T	A	V	L	I	F	Y	W	H	M	C	P
0	0.09135	0.01877	0.01428	0.01242	0.01572	0.36485	0.00976	0.20997	0.06030	0.02113	0.01237	0.01595	0.01037	0.00674	0.00521	0.00160	0.00742	0.06655	0.00398	0.05126
1	0.01298	0.08096	0.04398	0.13090	0.10897	0.05285	0.19126	0.01617	0.01233	0.05008	0.01228	0.06098	0.01058	0.00594	0.00544	0.00159	0.00675	0.02558	0.00317	0.16720
2	0.01189	0.06264	0.55553	0.08417	0.11658	0.04060	0.01872	0.01730	0.01187	0.01696	0.00983	0.01201	0.00727	0.00524	0.00522	0.00171	0.00787	0.00419	0.00242	0.00797
3	0.00773	0.00621	0.00699	0.00682	0.00858	0.00574	0.00523	0.01082	0.07771	0.01811	0.28163	0.04723	0.42594	0.01267	0.00653	0.00187	0.00302	0.05643	0.00549	0.00523
4	0.00819	0.00623	0.00803	0.00767	0.00846	0.00657	0.00557	0.00976	0.01178	0.01643	0.32865	0.07365	0.08335	0.21635	0.10231	0.00359	0.08520	0.00893	0.00456	0.00473
5	0.11352	0.00976	0.01157	0.01048	0.01139	0.04986	0.00830	0.01260	0.00925	0.01488	0.01134	0.01762	0.01084	0.11346	0.20714	0.00418	0.30709	0.00524	0.06609	0.00539
6	0.01189	0.02340	0.57232	0.01464	0.02135	0.01174	0.04989	0.04389	0.01241	0.06574	0.01341	0.10979	0.01124	0.00688	0.00557	0.00181	0.00733	0.00576	0.00311	0.00782
7	0.74130	0.01009	0.00805	0.00724	0.01041	0.01154	0.00590	0.01556	0.01020	0.02452	0.10147	0.01299	0.01170	0.00590	0.00381	0.00172	0.00408	0.00386	0.00376	0.00590
8	0.00962	0.00481	0.00722	0.00722	0.00722	0.00481	0.00481	0.00722	0.00722	0.00962	0.00962	0.01684	0.00962	0.01924	0.02165	0.83886	0.00481	0.00481	0.00241	0.00241
9	0.00675	0.00482	0.00643	0.00771	0.00803	0.00450	0.00514	0.00771	0.01060	0.01414	0.03053	0.80175	0.03663	0.01735	0.00707	0.00225	0.00321	0.01574	0.00514	0.00450

[dist]
# distance from previous block
# <min> <max>
0	5

[block]
# block no. 1 follows, 43 sequences, length 7
# corresponding to MSA columns:
# 67-73
name=unknown_B
#
# <colnr> <probs for GDERKNQSTAVLIFYWHMCP>
#	G	D	E	R	K	N	Q	S	T	A	V	L	I	F	Y	W	H	M	C	P
0	0.00923	0.00696	0.00732	0.00698	0.00894	0.00695	0.00531	0.01432	0.18466	0.01904	0.12885	0.03690	0.33508	0.01047	0.00573	0.00172	0.00309	0.00875	0.19391	0.00579
1	0.01371	0.01316	0.02248	0.03399	0.77081	0.01316	0.01700	0.01700	0.01261	0.01809	0.01042	0.01371	0.00877	0.00493	0.00548	0.00164	0.00658	0.00493	0.00274	0.00877
2	0.02105	0.01551	0.01662	0.01274	0.01717	0.01717	0.01053	0.75235	0.02604	0.03490	0.01330	0.01330	0.00942	0.00665	0.00554	0.00166	0.00609	0.00499	0.00554	0.00942
3	0.01140	0.01411	0.18509	0.00992	0.01559	0.00863	0.00972	0.01476	0.01153	0.01793	0.00987	0.01153	0.00793	0.00436	0.00436	0.00103	0.00503	0.00347	0.00307	0.65067
4	0.01366	0.01113	0.01265	0.00923	0.01404	0.00960	0.00746	0.18148	0.01479	0.02187	0.01063	0.01190	0.00848	0.00468	0.00443	0.00101	0.00455	0.00367	0.00379	0.65095
5	0.20353	0.03860	0.05304	0.01069	0.01427	0.05571	0.00896	0.11110	0.31881	0.05609	0.01565	0.01568	0.01183	0.00860	0.05216	0.00218	0.00577	0.00495	0.00458	0.00780
6	0.01241	0.01166	0.01711	0.06582	0.44447	0.03861	0.01281	0.05379	0.01328	0.01789	0.02080	0.02246	0.18102	0.00710	0.00563	0.00165	0.00571	0.00632	0.00346	0.05801

[dist]
# distance from previous block
# <min> <max>
4	46

[block]
# block no. 2 follows, 43 sequences, length 10
# corresponding to MSA columns:
# 121-130
name=unknown_C
#
# <colnr> <probs for GDERKNQSTAVLIFYWHMCP>
#	G	D	E	R	K	N	Q	S	T	A	V	L	I	F	Y	W	H	M	C	P
0	0.01070	0.00987	0.01650	0.69496	0.09317	0.01202	0.01494	0.01431	0.01122	0.01477	0.01029	0.01497	0.00782	0.00554	0.00545	0.00180	0.00709	0.00493	0.04332	0.00631
1	0.00962	0.00481	0.00722	0.00722	0.00722	0.00481	0.00481	0.00722	0.00722	0.00962	0.00962	0.01684	0.00962	0.01924	0.02165	0.83886	0.00481	0.00481	0.00241	0.00241
2	0.01060	0.00988	0.01615	0.69751	0.03516	0.01232	0.01472	0.01463	0.04149	0.01458	0.01103	0.01679	0.00874	0.00617	0.00614	0.00190	0.03936	0.03392	0.00269	0.00621
3	0.01225	0.01186	0.02071	0.36239	0.39583	0.01285	0.07246	0.01582	0.01198	0.01635	0.01023	0.01426	0.00814	0.00518	0.00559	0.00175	0.00714	0.00505	0.00262	0.00753
4	0.01046	0.00984	0.01661	0.79205	0.03814	0.01230	0.01538	0.01415	0.01107	0.01415	0.00984	0.01477	0.00738	0.00554	0.00554	0.00185	0.00738	0.00492	0.00246	0.00615
5	0.00949	0.00490	0.00735	0.00735	0.00742	0.00497	0.00497	0.00742	0.00735	0.00987	0.01002	0.01722	0.00995	0.02096	0.08051	0.77473	0.00558	0.00490	0.00245	0.00260
6	0.00805	0.00537	0.00604	0.00604	0.00604	0.00537	0.00336	0.00805	0.00805	0.01074	0.01745	0.03624	0.02013	0.80536	0.02819	0.00537	0.00537	0.00805	0.00336	0.00336
7	0.01569	0.01005	0.01172	0.01019	0.01320	0.01058	0.00806	0.09689	0.31558	0.20713	0.12172	0.08137	0.02222	0.00885	0.00593	0.00186	0.00435	0.04065	0.00592	0.00804
8	0.00675	0.00482	0.00643	0.00771	0.00803	0.00450	0.00514	0.00771	0.01060	0.01414	0.03053	0.80175	0.03663	0.01735	0.00707	0.00225	0.00321	0.01574	0.00514	0.00450
9	0.01231	0.01138	0.01769	0.40387	0.24260	0.01310	0.01457	0.04276	0.12479	0.01732	0.01195	0.01521	0.00928	0.00584	0.00597	0.00181	0.03390	0.00513	0.00312	0.00740

[dist]
# distance from previous block
# <min> <max>
1	2

[block]
# block no. 3 follows, 43 sequences, length 40
# corresponding to MSA columns:
# 133-160,164-175
name=unknown_D
#
# <colnr> <probs for GDERKNQSTAVLIFYWHMCP>
#	G	D	E	R	K	N	Q	S	T	A	V	L	I	F	Y	W	H	M	C	P
0	0.84448	0.01071	0.00814	0.00728	0.01071	0.01242	0.00600	0.01628	0.00943	0.02485	0.00771	0.00900	0.00600	0.00514	0.00343	0.00171	0.00428	0.00300	0.00343	0.00600
1	0.01143	0.02857	0.75103	0.01573	0.02374	0.03881	0.02013	0.01769	0.01183	0.01741	0.00989	0.01164	0.00702	0.00528	0.00525	0.00174	0.00825	0.00407	0.00236	0.00813
2	0.00681	0.00505	0.00621	0.00709	0.00774	0.00461	0.00478	0.00779	0.01087	0.01405	0.03541	0.56538	0.20547	0.08076	0.00867	0.00242	0.00329	0.01418	0.00500	0.00445
3	0.01148	0.00984	0.01148	0.00820	0.01312	0.00738	0.00656	0.01395	0.01148	0.01805	0.00984	0.01148	0.00820	0.00410	0.00410	0.00082	0.00410	0.00328	0.00328	0.83922
4	0.61858	0.02946	0.10966	0.00963	0.01383	0.03735	0.04951	0.01710	0.01039	0.04963	0.00872	0.01006	0.00660	0.00520	0.00397	0.00171	0.00530	0.00345	0.00333	0.00652
5	0.01307	0.01494	0.03268	0.02334	0.02894	0.01401	0.75070	0.01774	0.01307	0.01774	0.01120	0.01494	0.00840	0.00467	0.00654	0.00187	0.00934	0.00654	0.00280	0.00747
6	0.00795	0.00578	0.00814	0.00814	0.00887	0.00651	0.00597	0.00940	0.00868	0.01229	0.01553	0.02561	0.01552	0.24452	0.58272	0.00796	0.01232	0.00650	0.00307	0.00452
7	0.00803	0.00545	0.00603	0.00605	0.00677	0.00521	0.00395	0.00895	0.01024	0.01399	0.07986	0.03934	0.18841	0.44094	0.01795	0.00370	0.00423	0.03515	0.11165	0.00408
8	0.00675	0.00482	0.00643	0.00771	0.00803	0.00450	0.00514	0.00771	0.01060	0.01414	0.03053	0.80175	0.03663	0.01735	0.00707	0.00225	0.00321	0.01574	0.00514	0.00450
9	0.01240	0.05315	0.49701	0.01396	0.02035	0.01295	0.03026	0.04703	0.14550	0.03872	0.01305	0.01411	0.00955	0.00639	0.01818	0.00185	0.00710	0.00464	0.04572	0.00810
10	0.00791	0.00593	0.00890	0.00890	0.00989	0.00692	0.00692	0.00989	0.00890	0.01286	0.01483	0.02176	0.01385	0.04154	0.78341	0.00890	0.01483	0.00593	0.00297	0.00494
11	0.00792	0.00589	0.00869	0.00869	0.00961	0.00681	0.00666	0.00976	0.00884	0.01270	0.01502	0.02281	0.01430	0.09713	0.72845	0.00864	0.01415	0.00609	0.00300	0.00483
12	0.01566	0.01303	0.07241	0.01149	0.01526	0.01303	0.00968	0.06827	0.54816	0.13778	0.02094	0.01928	0.01523	0.00719	0.00559	0.00183	0.00482	0.00592	0.00556	0.00886
13	0.07953	0.74644	0.02739	0.00931	0.01394	0.02117	0.00921	0.01656	0.01111	0.01395	0.00770	0.00889	0.00702	0.00477	0.00354	0.00123	0.00579	0.00296	0.00245	0.00702
14	0.03310	0.01304	0.04506	0.43173	0.16409	0.07322	0.01455	0.07420	0.03678	0.01709	0.01038	0.01392	0.00803	0.00573	0.00590	0.00178	0.03665	0.00479	0.00290	0.00705
15	0.01681	0.01749	0.01663	0.19623	0.10294	0.29218	0.01234	0.15824	0.06977	0.01891	0.01092	0.01297	0.00851	0.00604	0.00581	0.00166	0.03721	0.00454	0.00344	0.00734
16	0.01077	0.00661	0.00818	0.07653	0.06948	0.00694	0.00635	0.04072	0.01201	0.01980	0.01674	0.04091	0.01360	0.00851	0.04757	0.00183	0.00414	0.00545	0.59819	0.00566
17	0.01125	0.01053	0.01758	0.64786	0.15873	0.01256	0.01553	0.03253	0.01169	0.01531	0.01002	0.01456	0.00766	0.00546	0.00553	0.00181	0.00722	0.00493	0.00258	0.00666
18	0.01358	0.01303	0.02225	0.06345	0.74235	0.01313	0.01693	0.01689	0.01255	0.01794	0.01040	0.01375	0.00872	0.00496	0.00549	0.00165	0.00661	0.00493	0.00273	0.00867
19	0.00758	0.00559	0.00755	0.06101	0.01049	0.00554	0.00613	0.03547	0.01126	0.01496	0.02847	0.70053	0.03353	0.01611	0.00692	0.00221	0.00365	0.03322	0.00497	0.00481
20	0.01371	0.01316	0.02248	0.03399	0.77081	0.01316	0.01700	0.01700	0.01261	0.01809	0.01042	0.01371	0.00877	0.00493	0.00548	0.00164	0.00658	0.00493	0.00274	0.00877
21	0.84448	0.01071	0.00814	0.00728	0.01071	0.01242	0.00600	0.01628	0.00943	0.02485	0.00771	0.00900	0.00600	0.00514	0.00343	0.00171	0.00428	0.00300	0.00343	0.00600
22	0.01084	0.00963	0.01492	0.19757	0.05535	0.01035	0.11734	0.04256	0.10370	0.01824	0.16548	0.02528	0.07133	0.07762	0.00826	0.00213	0.02829	0.00707	0.02769	0.00635
23	0.00655	0.00561	0.00561	0.00561	0.00748	0.00468	0.00421	0.00795	0.01262	0.01496	0.05610	0.05330	0.76857	0.01403	0.00655	0.00187	0.00281	0.01169	0.00514	0.00468
24	0.01544	0.72505	0.02760	0.00999	0.01453	0.10330	0.00961	0.01718	0.01173	0.01309	0.00779	0.00900	0.00711	0.00484	0.00371	0.00121	0.00636	0.00303	0.00242	0.00703
25	0.00675	0.00482	0.00643	0.00771	0.00803	0.00450	0.00514	0.00771	0.01060	0.01414	0.03053	0.80175	0.03663	0.01735	0.00707	0.00225	0.00321	0.01574	0.00514	0.00450
26	0.01515	0.76466	0.02833	0.00966	0.01438	0.02165	0.00953	0.05744	0.01207	0.01424	0.00801	0.00913	0.00724	0.00484	0.00366	0.00121	0.00593	0.00307	0.00255	0.00724
27	0.01298	0.03957	0.04871	0.02004	0.02467	0.01365	0.54348	0.01692	0.01258	0.04540	0.03874	0.04601	0.01106	0.00604	0.00765	0.00191	0.09370	0.00662	0.00309	0.00720
28	0.01016	0.00520	0.00531	0.00528	0.00658	0.00517	0.00396	0.01274	0.01189	0.02075	0.06878	0.02205	0.01677	0.00678	0.00405	0.00132	0.00258	0.00549	0.77997	0.00517
29	0.01132	0.02734	0.71706	0.01543	0.02322	0.01293	0.01955	0.01847	0.07013	0.01798	0.01092	0.01239	0.00779	0.00544	0.00529	0.00176	0.00789	0.00426	0.00260	0.00823
30	0.01285	0.01587	0.09028	0.04390	0.02881	0.01387	0.67350	0.01763	0.01291	0.01763	0.01107	0.01468	0.00827	0.00474	0.00641	0.00186	0.00919	0.00630	0.00276	0.00749
31	0.00784	0.00566	0.00740	0.00697	0.00827	0.00523	0.00523	0.01045	0.01568	0.02221	0.76789	0.04137	0.05226	0.01132	0.00653	0.00174	0.00261	0.01002	0.00610	0.00523
32	0.01481	0.80869	0.02902	0.00948	0.01421	0.02191	0.00948	0.01658	0.01125	0.01303	0.00770	0.00888	0.00711	0.00474	0.00355	0.00118	0.00592	0.00296	0.00237	0.00711
33	0.01861	0.00884	0.01137	0.03852	0.01337	0.00841	0.00764	0.09607	0.03616	0.42136	0.07700	0.11579	0.01886	0.00838	0.00565	0.00174	0.00438	0.00704	0.09289	0.00792
34	0.84448	0.01071	0.00814	0.00728	0.01071	0.01242	0.00600	0.01628	0.00943	0.02485	0.00771	0.00900	0.00600	0.00514	0.00343	0.00171	0.00428	0.00300	0.00343	0.00600
35	0.00690	0.00488	0.00638	0.00752	0.00780	0.00460	0.00493	0.00775	0.01031	0.01374	0.02900	0.71262	0.03471	0.10910	0.00953	0.00261	0.00346	0.01485	0.00493	0.00437
36	0.01284	0.01169	0.01992	0.35619	0.20364	0.01289	0.12774	0.05327	0.03321	0.04546	0.01127	0.01484	0.00864	0.00561	0.00613	0.00180	0.03773	0.00524	0.02459	0.00730
37	0.00802	0.00580	0.00728	0.00763	0.00785	0.00608	0.00513	0.00866	0.00935	0.01258	0.02202	0.28865	0.02561	0.41319	0.01862	0.00386	0.06625	0.07531	0.00403	0.00410
38	0.01204	0.17522	0.51953	0.04400	0.02268	0.01469	0.07471	0.01768	0.03908	0.01677	0.01007	0.01185	0.00752	0.00521	0.00506	0.00166	0.00767	0.00418	0.00251	0.00787
39	0.01641	0.11575	0.11060	0.12977	0.02048	0.40484	0.01259	0.01881	0.01325	0.01404	0.00869	0.01100	0.00717	0.00592	0.00629	0.00160	0.08962	0.00389	0.00263	0.00664

[dist]
# distance from previous block
# <min> <max>
2	11

[block]
# block no. 4 follows, 43 sequences, length 45
# corresponding to MSA columns:
# 188-232
name=unknown_E
#
# <colnr> <probs for GDERKNQSTAVLIFYWHMCP>
#	G	D	E	R	K	N	Q	S	T	A	V	L	I	F	Y	W	H	M	C	P
0	0.07226	0.12655	0.02705	0.01859	0.04780	0.01422	0.45831	0.01753	0.01248	0.06381	0.01138	0.03148	0.00899	0.00524	0.00599	0.00172	0.02651	0.00570	0.00309	0.04132
1	0.01068	0.00912	0.01252	0.01123	0.01192	0.01166	0.00897	0.06325	0.00979	0.01429	0.01158	0.01822	0.01117	0.09380	0.30969	0.03589	0.34222	0.00556	0.00293	0.00549
2	0.00858	0.00626	0.00838	0.00914	0.01051	0.00613	0.00773	0.01128	0.02769	0.01770	0.18165	0.05653	0.10409	0.01422	0.00728	0.00231	0.00437	0.50568	0.00532	0.00516
3	0.00805	0.00537	0.00604	0.00604	0.00604	0.00537	0.00336	0.00805	0.00805	0.01074	0.01745	0.03624	0.02013	0.80536	0.02819	0.00537	0.00537	0.00805	0.00336	0.00336
4	0.04126	0.39213	0.02132	0.01179	0.04314	0.24115	0.00973	0.01955	0.06567	0.06299	0.03703	0.01200	0.00986	0.00560	0.00442	0.00139	0.00678	0.00386	0.00320	0.00713
5	0.00731	0.00563	0.00671	0.00670	0.00817	0.00503	0.00508	0.00930	0.01384	0.01822	0.36645	0.10162	0.34544	0.01316	0.00666	0.00189	0.00292	0.06536	0.00556	0.00494
6	0.01348	0.01315	0.02312	0.07244	0.66376	0.01319	0.08509	0.01692	0.01257	0.01786	0.01046	0.01388	0.00867	0.00494	0.00558	0.00168	0.00688	0.00508	0.00273	0.00852
7	0.01378	0.01190	0.01252	0.01127	0.01440	0.01378	0.00877	0.02943	0.76081	0.02317	0.02254	0.02066	0.01691	0.00751	0.00564	0.00188	0.00438	0.00626	0.00564	0.00877
8	0.01157	0.01139	0.06143	0.00975	0.01492	0.00820	0.05974	0.01444	0.01161	0.01799	0.00995	0.01174	0.00814	0.00421	0.00435	0.00095	0.00473	0.00356	0.00319	0.72815
9	0.01418	0.01379	0.01949	0.10153	0.49733	0.08582	0.01470	0.05057	0.08213	0.01822	0.01169	0.01491	0.00968	0.03484	0.00629	0.00180	0.00671	0.00504	0.00314	0.00812
10	0.01046	0.00984	0.01661	0.79205	0.03814	0.01230	0.01538	0.01415	0.01107	0.01415	0.00984	0.01477	0.00738	0.00554	0.00554	0.00185	0.00738	0.00492	0.00246	0.00615
11	0.01189	0.01022	0.01074	0.00981	0.01258	0.01136	0.00758	0.02377	0.56062	0.02125	0.05859	0.02895	0.19091	0.00915	0.00588	0.00187	0.00395	0.00765	0.00554	0.00769
12	0.00791	0.00593	0.00890	0.00890	0.00989	0.00692	0.00692	0.00989	0.00890	0.01286	0.01483	0.02176	0.01385	0.04154	0.78341	0.00890	0.01483	0.00593	0.00297	0.00494
13	0.00821	0.00637	0.00947	0.00930	0.01022	0.00763	0.00729	0.01013	0.00887	0.01289	0.01430	0.02108	0.01338	0.03930	0.72964	0.00845	0.06968	0.00586	0.00293	0.00502
14	0.00683	0.00488	0.00652	0.00781	0.00816	0.00457	0.00529	0.00786	0.01069	0.01423	0.03048	0.77352	0.03645	0.01727	0.00709	0.00226	0.00329	0.04315	0.00514	0.00452
15	0.02018	0.00996	0.06534	0.00964	0.01355	0.00784	0.00837	0.02272	0.01552	0.55749	0.18358	0.02325	0.02164	0.00772	0.00576	0.00172	0.00450	0.00643	0.00637	0.00842
16	0.02445	0.00951	0.01284	0.00990	0.01415	0.00834	0.00816	0.02708	0.04235	0.74792	0.02187	0.01892	0.01382	0.00688	0.00557	0.00172	0.00470	0.00559	0.00681	0.00940
17	0.01332	0.48161	0.31741	0.01237	0.01846	0.01816	0.03829	0.01699	0.01148	0.01492	0.00868	0.01017	0.00711	0.00494	0.00431	0.00143	0.00691	0.00352	0.00237	0.00753
18	0.01782	0.01518	0.01431	0.01194	0.01549	0.12772	0.00950	0.35177	0.26880	0.02685	0.01602	0.01579	0.01192	0.00679	0.00537	0.00167	0.00585	0.00522	0.06354	0.00846
19	0.01184	0.06815	0.70815	0.01523	0.02308	0.01314	0.01941	0.01786	0.01183	0.04698	0.01029	0.01183	0.00728	0.00530	0.00519	0.00172	0.00793	0.00409	0.00252	0.00818
20	0.01637	0.03854	0.22320	0.03289	0.01816	0.06667	0.03934	0.07094	0.12489	0.21328	0.01595	0.04372	0.01186	0.00661	0.00545	0.00171	0.00628	0.01466	0.00444	0.04506
21	0.01331	0.51084	0.29392	0.01165	0.01752	0.01827	0.01327	0.01676	0.01152	0.01487	0.02827	0.01073	0.00825	0.00510	0.00424	0.00140	0.00664	0.00355	0.00246	0.00744
22	0.00879	0.00628	0.00877	0.01004	0.01126	0.00626	0.00869	0.01124	0.01261	0.01642	0.02940	0.10928	0.03217	0.01543	0.00761	0.00253	0.00498	0.68809	0.00510	0.00506
23	0.01558	0.02005	0.10449	0.22151	0.07917	0.36534	0.06032	0.01855	0.01355	0.01485	0.00993	0.01346	0.00806	0.00575	0.00537	0.00165	0.00867	0.02421	0.00274	0.00675
24	0.03484	0.13452	0.02037	0.03551	0.40229	0.09121	0.01318	0.08895	0.01380	0.03839	0.01141	0.04810	0.01000	0.02729	0.00578	0.00169	0.00650	0.00504	0.00321	0.00792
25	0.00962	0.00481	0.00722	0.00722	0.00722	0.00481	0.00481	0.00722	0.00722	0.00962	0.00962	0.01684	0.00962	0.01924	0.02165	0.83886	0.00481	0.00481	0.00241	0.00241
26	0.00821	0.00606	0.00773	0.00724	0.00866	0.00577	0.00545	0.01165	0.06286	0.02227	0.72070	0.04006	0.05002	0.01108	0.00648	0.00175	0.00272	0.00978	0.00607	0.00545
27	0.01516	0.35343	0.05586	0.06188	0.05004	0.19658	0.01092	0.01763	0.03440	0.02876	0.01061	0.04183	0.00966	0.00636	0.00551	0.00153	0.05807	0.03200	0.00290	0.00686
28	0.01466	0.00769	0.00856	0.00755	0.00979	0.04696	0.00588	0.01689	0.01313	0.24665	0.07607	0.02279	0.04495	0.02927	0.07270	0.00224	0.00475	0.00595	0.35710	0.00644
29	0.00713	0.00563	0.00642	0.00622	0.00784	0.00492	0.00467	0.00908	0.01400	0.01823	0.37744	0.04791	0.44519	0.01281	0.00654	0.00181	0.00272	0.01093	0.00557	0.00492
30	0.01032	0.00516	0.00516	0.00516	0.00645	0.00516	0.00387	0.01290	0.01161	0.02065	0.01807	0.02065	0.01420	0.00645	0.00387	0.00129	0.00258	0.00516	0.83611	0.00516
31	0.01289	0.06460	0.04807	0.09978	0.13124	0.01441	0.45373	0.01687	0.01232	0.01680	0.01041	0.01407	0.00815	0.00519	0.00693	0.00183	0.06688	0.00573	0.00269	0.00741
32	0.00778	0.00566	0.00732	0.00691	0.00824	0.00520	0.00518	0.01034	0.01554	0.02189	0.73638	0.04190	0.08397	0.01144	0.00653	0.00175	0.00262	0.01009	0.00605	0.00520
33	0.01032	0.00516	0.00516	0.00516	0.00645	0.00516	0.00387	0.01290	0.01161	0.02065	0.01807	0.02065	0.01420	0.00645	0.00387	0.00129	0.00258	0.00516	0.83611	0.00516
34	0.54089	0.01279	0.01082	0.00941	0.01241	0.09149	0.00764	0.09795	0.01205	0.02340	0.03939	0.01125	0.00852	0.00613	0.00562	0.00176	0.09470	0.00377	0.00360	0.00640
35	0.00701	0.00585	0.03795	0.00813	0.00881	0.00491	0.00591	0.00825	0.01073	0.01437	0.02964	0.74177	0.03524	0.01678	0.00702	0.00224	0.00349	0.04220	0.00503	0.00467
36	0.01272	0.01257	0.02225	0.10824	0.41291	0.01319	0.15975	0.01593	0.01189	0.01673	0.01088	0.01593	0.00938	0.03839	0.00811	0.00197	0.09656	0.02220	0.00277	0.00763
37	0.01852	0.14633	0.11944	0.01057	0.01525	0.04304	0.00992	0.07107	0.01469	0.34120	0.04861	0.01588	0.01237	0.00617	0.00503	0.00153	0.00549	0.00480	0.02934	0.08077
38	0.01170	0.01043	0.04288	0.01076	0.01331	0.01099	0.03291	0.06575	0.35826	0.01930	0.01898	0.06270	0.01612	0.06500	0.23081	0.00411	0.00781	0.00662	0.00447	0.00709
39	0.01475	0.07568	0.12090	0.01482	0.09012	0.13424	0.04583	0.11768	0.20099	0.01999	0.01543	0.09764	0.01320	0.00726	0.00549	0.00173	0.00644	0.00601	0.00403	0.00777
40	0.09732	0.16317	0.16077	0.01617	0.06046	0.04226	0.22560	0.04726	0.03034	0.01819	0.02805	0.01289	0.00888	0.00538	0.00566	0.00166	0.03811	0.00474	0.00296	0.03014
41	0.01376	0.31011	0.15897	0.01250	0.07207	0.04652	0.01132	0.08072	0.03312	0.03686	0.10373	0.01671	0.04704	0.00637	0.00486	0.00149	0.00591	0.00492	0.00348	0.02953
42	0.01278	0.17269	0.32224	0.01363	0.01937	0.02632	0.10355	0.04506	0.03286	0.04273	0.05820	0.04484	0.01183	0.00603	0.00518	0.00160	0.00679	0.00507	0.00318	0.06604
43	0.09929	0.23957	0.20918	0.04131	0.01800	0.06108	0.03661	0.08641	0.05321	0.07188	0.02803	0.01256	0.00925	0.00562	0.00473	0.00157	0.00651	0.00418	0.00338	0.00762
44	0.09273	0.04337	0.06855	0.03129	0.01693	0.05143	0.16555	0.09636	0.04155	0.06893	0.10273	0.07744	0.01660	0.00941	0.05405	0.00219	0.00659	0.00647	0.04094	0.00692

[dist]
# distance from previous block
# <min> <max>
5	199

[block]
# block no. 5 follows, 43 sequences, length 8
# corresponding to MSA columns:
# 487-494
name=unknown_F
#
# <colnr> <probs for GDERKNQSTAVLIFYWHMCP>
#	G	D	E	R	K	N	Q	S	T	A	V	L	I	F	Y	W	H	M	C	P
0	0.09118	0.12663	0.08999	0.01195	0.01552	0.10306	0.09919	0.03287	0.03226	0.09857	0.01627	0.14253	0.03505	0.03522	0.00656	0.00188	0.02948	0.02123	0.00383	0.00673
1	0.05261	0.04027	0.10835	0.04945	0.01768	0.16874	0.04053	0.13334	0.13110	0.10831	0.02981	0.01579	0.03481	0.00642	0.00530	0.00165	0.00657	0.00501	0.00424	0.04002
2	0.07037	0.05027	0.06301	0.01452	0.05190	0.19066	0.13525	0.01826	0.09632	0.03108	0.01516	0.06564	0.05730	0.00713	0.00651	0.00173	0.07332	0.00581	0.00348	0.04228
3	0.01530	0.08462	0.20906	0.01295	0.01753	0.14097	0.04917	0.11320	0.08728	0.06294	0.01258	0.01447	0.00980	0.04634	0.00672	0.00181	0.03352	0.00469	0.03961	0.03745
4	0.01456	0.05263	0.04214	0.01182	0.01487	0.05178	0.04665	0.27630	0.06718	0.02331	0.10470	0.09401	0.01862	0.01046	0.04569	0.00219	0.05978	0.05137	0.00466	0.00729
5	0.01461	0.01558	0.12398	0.01296	0.01795	0.08550	0.12434	0.13682	0.01497	0.05851	0.04909	0.01407	0.01065	0.00542	0.00516	0.00140	0.00633	0.00466	0.00372	0.29428
6	0.01337	0.10133	0.06629	0.00988	0.01468	0.01154	0.00865	0.11028	0.12141	0.02033	0.01188	0.01276	0.00941	0.00507	0.00452	0.00118	0.00488	0.00395	0.00374	0.46484
7	0.01405	0.11650	0.06612	0.01020	0.01388	0.05968	0.00886	0.23399	0.04006	0.02244	0.14039	0.05487	0.09898	0.00804	0.00543	0.00158	0.00516	0.00645	0.00456	0.08877

[dist]
# distance from previous block
# <min> <max>
2	4

[block]
# block no. 6 follows, 43 sequences, length 21
# corresponding to MSA columns:
# 499-519
name=unknown_G
#
# <colnr> <probs for GDERKNQSTAVLIFYWHMCP>
#	G	D	E	R	K	N	Q	S	T	A	V	L	I	F	Y	W	H	M	C	P
0	0.01336	0.04881	0.01305	0.06397	0.01517	0.01284	0.00875	0.12133	0.43102	0.02306	0.12390	0.02337	0.06149	0.00802	0.00569	0.00179	0.00456	0.00666	0.00529	0.00788
1	0.05466	0.01024	0.01135	0.00948	0.01259	0.01068	0.00763	0.26796	0.07189	0.12771	0.07838	0.02649	0.17137	0.01063	0.04879	0.00214	0.00507	0.02180	0.04375	0.00740
2	0.01901	0.01450	0.01547	0.01233	0.01640	0.01622	0.01003	0.54904	0.23268	0.03160	0.01590	0.01537	0.01152	0.00689	0.00557	0.00172	0.00561	0.00534	0.00557	0.00924
3	0.57828	0.01293	0.01082	0.00914	0.01280	0.06115	0.00747	0.20924	0.01416	0.02678	0.00923	0.01018	0.00696	0.00557	0.00408	0.00168	0.00511	0.00355	0.00394	0.00692
4	0.01206	0.00990	0.01173	0.00848	0.01321	0.00774	0.00681	0.01446	0.01156	0.04905	0.01025	0.01181	0.00840	0.00440	0.00464	0.00091	0.03082	0.00343	0.00340	0.77694
5	0.00791	0.00593	0.00890	0.00890	0.00989	0.00692	0.00692	0.00989	0.00890	0.01286	0.01483	0.02176	0.01385	0.04154	0.78341	0.00890	0.01483	0.00593	0.00297	0.00494
6	0.00655	0.00561	0.00561	0.00561	0.00748	0.00468	0.00421	0.00795	0.01262	0.01496	0.05610	0.05330	0.76857	0.01403	0.00655	0.00187	0.00281	0.01169	0.00514	0.00468
7	0.01212	0.00966	0.01159	0.00863	0.01299	0.00780	0.00689	0.01441	0.01155	0.06641	0.01163	0.05601	0.01009	0.00533	0.00514	0.00105	0.04792	0.00421	0.00357	0.69302
8	0.00664	0.00551	0.00582	0.00596	0.00760	0.00468	0.00438	0.00806	0.01253	0.01526	0.09246	0.14869	0.63474	0.01430	0.00661	0.00191	0.00285	0.01212	0.00520	0.00468
9	0.02103	0.01616	0.01657	0.01283	0.01717	0.06300	0.01054	0.70866	0.02542	0.03363	0.01301	0.01310	0.00928	0.00659	0.00551	0.00165	0.00633	0.00490	0.00538	0.00924
10	0.01157	0.12530	0.68403	0.01500	0.02276	0.01398	0.01910	0.01742	0.01164	0.01698	0.00966	0.01134	0.00703	0.00520	0.00505	0.00168	0.00790	0.00395	0.00234	0.00805
11	0.01032	0.00516	0.00516	0.00516	0.00645	0.00516	0.00387	0.01290	0.01161	0.02065	0.01807	0.02065	0.01420	0.00645	0.00387	0.00129	0.00258	0.00516	0.83611	0.00516
12	0.00712	0.00557	0.00603	0.00601	0.00728	0.00504	0.00420	0.00824	0.01130	0.01407	0.08234	0.04598	0.47610	0.23303	0.06101	0.00326	0.00425	0.01024	0.00457	0.00436
13	0.01892	0.01445	0.01542	0.01231	0.01636	0.01618	0.01001	0.54024	0.24163	0.03146	0.01601	0.01546	0.01162	0.00690	0.00557	0.00173	0.00559	0.00536	0.00557	0.00923
14	0.84448	0.01071	0.00814	0.00728	0.01071	0.01242	0.00600	0.01628	0.00943	0.02485	0.00771	0.00900	0.00600	0.00514	0.00343	0.00171	0.00428	0.00300	0.00343	0.00600
15	0.01394	0.01248	0.01755	0.20613	0.28549	0.03943	0.01333	0.15521	0.03319	0.02028	0.04785	0.01594	0.02767	0.00609	0.00586	0.00168	0.03008	0.00521	0.00352	0.05907
16	0.01292	0.01078	0.01345	0.19761	0.01969	0.01084	0.00955	0.14732	0.09617	0.02045	0.01309	0.06088	0.01088	0.00607	0.00505	0.00142	0.00522	0.00505	0.00386	0.34969
17	0.00978	0.00746	0.01008	0.01104	0.10432	0.00656	0.00709	0.01167	0.01196	0.05260	0.10590	0.35607	0.05185	0.01117	0.00597	0.00172	0.00385	0.00999	0.00456	0.21635
18	0.01232	0.01266	0.01143	0.01046	0.01238	0.21439	0.04248	0.04022	0.08285	0.01594	0.06712	0.16866	0.14649	0.09034	0.00883	0.00219	0.04276	0.00851	0.00423	0.00575
19	0.03722	0.22799	0.03220	0.00873	0.01137	0.01148	0.00724	0.06910	0.02549	0.06109	0.01721	0.18722	0.01792	0.17400	0.00995	0.00243	0.00501	0.03806	0.00393	0.05236
20	0.03108	0.08215	0.08561	0.03835	0.04202	0.12586	0.00967	0.01929	0.21720	0.01806	0.03312	0.06634	0.05640	0.00715	0.00517	0.00158	0.00559	0.00575	0.02721	0.12238

[dist]
# distance from previous block
# <min> <max>
4	98

[block]
# block no. 7 follows, 43 sequences, length 10
# corresponding to MSA columns:
# 645-654
name=unknown_H
#
# <colnr> <probs for GDERKNQSTAVLIFYWHMCP>
#	G	D	E	R	K	N	Q	S	T	A	V	L	I	F	Y	W	H	M	C	P
0	0.00770	0.00588	0.00839	0.00839	0.00952	0.00658	0.00650	0.00959	0.00948	0.01318	0.02122	0.02664	0.13065	0.03728	0.66319	0.00781	0.01297	0.00682	0.00330	0.00490
1	0.01367	0.56248	0.08686	0.00964	0.01420	0.01815	0.00965	0.06809	0.01256	0.01527	0.01578	0.01631	0.12511	0.00636	0.00430	0.00137	0.00564	0.00455	0.00302	0.00699
2	0.01813	0.01351	0.01285	0.01087	0.01416	0.15128	0.00857	0.17131	0.16538	0.20237	0.04449	0.04743	0.05511	0.00763	0.00552	0.00169	0.00555	0.00605	0.05016	0.00794
3	0.01192	0.01024	0.01168	0.00879	0.01337	0.00861	0.00698	0.01691	0.15491	0.01903	0.01227	0.01324	0.00987	0.00475	0.00440	0.00102	0.00416	0.00385	0.00373	0.68027
4	0.01046	0.00984	0.01661	0.79205	0.03814	0.01230	0.01538	0.01415	0.01107	0.01415	0.00984	0.01477	0.00738	0.00554	0.00554	0.00185	0.00738	0.00492	0.00246	0.00615
5	0.14281	0.01195	0.01635	0.24168	0.13456	0.01330	0.05407	0.21562	0.01538	0.02254	0.03866	0.04616	0.01078	0.00633	0.00536	0.00176	0.00620	0.00536	0.00375	0.00738
6	0.00882	0.00769	0.01046	0.01016	0.01055	0.00934	0.00779	0.00998	0.00987	0.01382	0.02295	0.38607	0.08783	0.01594	0.06684	0.00276	0.29943	0.01062	0.00397	0.00513
7	0.01525	0.01160	0.01615	0.06701	0.01770	0.07997	0.16342	0.04488	0.06402	0.20092	0.09610	0.06417	0.07416	0.02560	0.00688	0.00189	0.03134	0.00707	0.00469	0.00717
8	0.01282	0.01182	0.01307	0.01053	0.01420	0.11731	0.06072	0.01615	0.07002	0.04744	0.01306	0.05446	0.01129	0.01121	0.12534	0.00242	0.00697	0.00493	0.00356	0.39268
9	0.01479	0.05370	0.01474	0.01206	0.05537	0.08617	0.03637	0.20994	0.13195	0.02207	0.01988	0.01997	0.13009	0.00712	0.00533	0.00153	0.00545	0.00574	0.00440	0.16333

[dist]
# distance from previous block
# <min> <max>
34	98

[block]
# block no. 8 follows, 43 sequences, length 9
# corresponding to MSA columns:
# 791-799
name=unknown_I
#
# <colnr> <probs for GDERKNQSTAVLIFYWHMCP>
#	G	D	E	R	K	N	Q	S	T	A	V	L	I	F	Y	W	H	M	C	P
0	0.01578	0.07096	0.06329	0.07481	0.05285	0.04497	0.02528	0.12645	0.09208	0.18201	0.08341	0.11056	0.01747	0.00798	0.00565	0.00175	0.00546	0.00671	0.00484	0.00769
1	0.01383	0.01531	0.02652	0.11086	0.19990	0.10458	0.41136	0.01768	0.01305	0.01692	0.01056	0.01405	0.00822	0.00495	0.00600	0.00176	0.00856	0.00563	0.00276	0.00750
2	0.01193	0.01082	0.01773	0.48402	0.14715	0.01239	0.06849	0.06230	0.03696	0.01713	0.01128	0.01515	0.00862	0.00558	0.00548	0.00176	0.00687	0.00511	0.06435	0.00688
3	0.00846	0.00602	0.00710	0.00699	0.00769	0.00608	0.00463	0.05138	0.01036	0.01380	0.05657	0.11617	0.11035	0.44148	0.12496	0.00473	0.00606	0.00892	0.00395	0.00429
4	0.20231	0.01144	0.01104	0.00972	0.01290	0.06781	0.00783	0.10356	0.16411	0.04627	0.04582	0.02363	0.05851	0.00790	0.00526	0.00174	0.00489	0.10526	0.00459	0.10540
5	0.01429	0.01493	0.01980	0.20751	0.45473	0.16081	0.01541	0.01731	0.01284	0.01630	0.00993	0.01324	0.00813	0.00522	0.00540	0.00165	0.00742	0.00467	0.00270	0.00771
6	0.01019	0.00765	0.01009	0.01148	0.09991	0.00754	0.00755	0.05645	0.06783	0.04518	0.07076	0.31352	0.06969	0.07095	0.00808	0.00225	0.00428	0.09398	0.00483	0.03779
7	0.01385	0.09554	0.01443	0.15270	0.05713	0.04023	0.00925	0.07321	0.04497	0.12130	0.05822	0.07358	0.01510	0.10136	0.00799	0.00204	0.00550	0.00605	0.00406	0.10348
8	0.04451	0.11650	0.02978	0.01033	0.01383	0.02693	0.09521	0.06251	0.06134	0.10288	0.05861	0.02904	0.24015	0.00882	0.00568	0.00171	0.00498	0.03985	0.00453	0.04281

[dist]
# distance from previous block
# <min> <max>
5	35

[block]
# block no. 9 follows, 43 sequences, length 8
# corresponding to MSA columns:
# 835-842
name=unknown_J
#
# <colnr> <probs for GDERKNQSTAVLIFYWHMCP>
#	G	D	E	R	K	N	Q	S	T	A	V	L	I	F	Y	W	H	M	C	P
0	0.01356	0.01350	0.11287	0.01159	0.01666	0.01051	0.08217	0.07760	0.12253	0.06870	0.01289	0.01381	0.00979	0.00519	0.00492	0.00132	0.00538	0.00443	0.00387	0.40870
1	0.01497	0.01327	0.01321	0.01179	0.07154	0.15796	0.00851	0.04599	0.06650	0.09282	0.07316	0.01522	0.01280	0.00567	0.00488	0.00127	0.00546	0.00451	0.00399	0.37650
2	0.06856	0.01358	0.01995	0.02561	0.47718	0.07452	0.06582	0.01817	0.01292	0.09242	0.01123	0.01353	0.00888	0.00512	0.00529	0.00159	0.00653	0.00475	0.00324	0.07111
3	0.01514	0.09403	0.01514	0.08916	0.01699	0.27719	0.00935	0.04933	0.05457	0.01693	0.06729	0.01388	0.01150	0.00570	0.00483	0.00133	0.00663	0.00426	0.00340	0.24336
4	0.01575	0.01269	0.01761	0.01345	0.01748	0.01294	0.17700	0.32115	0.06370	0.05440	0.01700	0.05212	0.05698	0.06022	0.00728	0.00193	0.00613	0.00636	0.00459	0.08120
5	0.07808	0.01397	0.01484	0.03198	0.01519	0.13062	0.01025	0.13689	0.01334	0.05961	0.01077	0.05381	0.00948	0.00797	0.01033	0.00191	0.32219	0.00503	0.00353	0.07020
6	0.07336	0.10954	0.12340	0.01087	0.03053	0.01091	0.00972	0.01398	0.06833	0.01675	0.05218	0.20144	0.05131	0.01063	0.00708	0.00199	0.08253	0.11526	0.00401	0.00617
7	0.01230	0.01022	0.06817	0.09311	0.02856	0.05214	0.00834	0.02784	0.10815	0.08877	0.05159	0.11508	0.04363	0.02013	0.00562	0.00174	0.00463	0.00690	0.24666	0.00644

[dist]
# distance from previous block
# <min> <max>
33	133

[block]
# block no. 10 follows, 43 sequences, length 13
# corresponding to MSA columns:
# 1045-1057
name=unknown_K
#
# <colnr> <probs for GDERKNQSTAVLIFYWHMCP>
#	G	D	E	R	K	N	Q	S	T	A	V	L	I	F	Y	W	H	M	C	P
0	0.01340	0.01219	0.01683	0.13753	0.15393	0.05804	0.08751	0.14681	0.03570	0.01972	0.02963	0.11088	0.03452	0.00750	0.00596	0.00173	0.01975	0.02089	0.00380	0.08368
1	0.06048	0.03534	0.07653	0.12978	0.10621	0.08251	0.05213	0.09301	0.02616	0.01914	0.10946	0.12044	0.01743	0.00775	0.00561	0.00173	0.00601	0.00669	0.00382	0.03976
2	0.01249	0.01128	0.04347	0.26755	0.17702	0.01074	0.01237	0.04398	0.01241	0.05257	0.01138	0.01530	0.00919	0.00542	0.00515	0.00149	0.00596	0.03131	0.00319	0.26775
3	0.01363	0.01449	0.01743	0.10796	0.11748	0.15010	0.01289	0.01545	0.01059	0.01409	0.00821	0.01226	0.00746	0.00788	0.01272	0.00208	0.46160	0.00464	0.00255	0.00649
4	0.01035	0.00781	0.01090	0.10027	0.01356	0.03361	0.10395	0.01264	0.01099	0.01657	0.03209	0.02317	0.01468	0.20352	0.04077	0.00274	0.00544	0.00611	0.34567	0.00517
5	0.00788	0.00584	0.00858	0.00890	0.00983	0.00654	0.00692	0.00979	0.00958	0.01346	0.01860	0.12937	0.01896	0.03528	0.59034	0.00728	0.01216	0.09230	0.00350	0.00490
6	0.06699	0.01619	0.01430	0.01210	0.01560	0.19377	0.00955	0.28847	0.22378	0.05238	0.01530	0.04118	0.01182	0.00695	0.00537	0.00169	0.00628	0.00527	0.00485	0.00817
7	0.01889	0.02314	0.01726	0.01493	0.01815	0.59175	0.09696	0.02257	0.11364	0.01531	0.01071	0.01197	0.00857	0.00582	0.00526	0.00154	0.00917	0.00427	0.00321	0.00685
8	0.11933	0.00930	0.01199	0.00948	0.01340	0.00854	0.00779	0.02438	0.01455	0.62644	0.01964	0.01793	0.01282	0.00941	0.06714	0.00228	0.00547	0.00530	0.00615	0.00867
9	0.02247	0.01056	0.01332	0.01023	0.01445	0.00987	0.00842	0.17876	0.01774	0.53887	0.05403	0.01829	0.01427	0.00686	0.00552	0.00165	0.00487	0.00552	0.00633	0.05797
10	0.01119	0.00946	0.01103	0.00828	0.01259	0.00761	0.00656	0.01472	0.07159	0.01900	0.11081	0.01615	0.01470	0.00532	0.00454	0.00103	0.00393	0.00441	0.00384	0.66324
11	0.07291	0.01452	0.01436	0.05749	0.01647	0.11802	0.00972	0.35969	0.07900	0.05977	0.08631	0.01629	0.01371	0.00700	0.00587	0.00169	0.03511	0.00527	0.01885	0.00794
12	0.01525	0.01606	0.11596	0.06076	0.19501	0.07164	0.04959	0.17128	0.17540	0.03489	0.01457	0.01561	0.02636	0.00618	0.00554	0.00172	0.00654	0.00525	0.00400	0.00837

[dist]
# distance from previous block
# <min> <max>
0	7

[block]
# block no. 11 follows, 43 sequences, length 11
# corresponding to MSA columns:
# 1065-1075
name=unknown_L
#
# <colnr> <probs for GDERKNQSTAVLIFYWHMCP>
#	G	D	E	R	K	N	Q	S	T	A	V	L	I	F	Y	W	H	M	C	P
0	0.37168	0.06020	0.04794	0.17462	0.01885	0.05882	0.03610	0.01707	0.05473	0.03398	0.00966	0.01169	0.00749	0.00548	0.00483	0.00169	0.03037	0.00392	0.00321	0.04767
1	0.01665	0.04532	0.03432	0.14366	0.05047	0.24414	0.03822	0.17421	0.10709	0.01971	0.01156	0.01325	0.00897	0.00626	0.00623	0.00169	0.06251	0.00466	0.00363	0.00746
2	0.00735	0.00547	0.00684	0.00685	0.00806	0.00496	0.00500	0.00937	0.01400	0.01905	0.46969	0.20391	0.19278	0.01313	0.00665	0.00187	0.00278	0.01156	0.00570	0.00496
3	0.00778	0.00525	0.00612	0.00639	0.00646	0.00519	0.00373	0.00798	0.00859	0.01145	0.02020	0.19747	0.02361	0.63940	0.02374	0.00471	0.00492	0.00967	0.00373	0.00360
4	0.01273	0.01339	0.01588	0.53689	0.03074	0.17465	0.01360	0.01643	0.05219	0.01451	0.01156	0.01514	0.03070	0.00607	0.00588	0.00178	0.03386	0.00491	0.00279	0.00630
5	0.01151	0.00657	0.00921	0.00857	0.01007	0.00689	0.00652	0.01315	0.01021	0.17291	0.01679	0.02382	0.01498	0.17509	0.48032	0.00674	0.01096	0.00625	0.00386	0.00560
6	0.01389	0.64045	0.02641	0.17429	0.01925	0.01989	0.01072	0.01607	0.01122	0.01327	0.00815	0.01012	0.00717	0.00491	0.00397	0.00132	0.00623	0.00337	0.00239	0.00691
7	0.01042	0.00618	0.00709	0.00667	0.00772	0.00607	0.00456	0.04449	0.01128	0.07690	0.09059	0.03244	0.04808	0.40833	0.01675	0.00349	0.00440	0.03027	0.17950	0.00478
8	0.01365	0.04742	0.05247	0.01148	0.01489	0.02452	0.06119	0.11575	0.04084	0.08142	0.04441	0.05424	0.07609	0.00782	0.00753	0.00168	0.13628	0.02187	0.00408	0.18238
9	0.01253	0.09507	0.34630	0.01311	0.01871	0.05581	0.03937	0.05307	0.04216	0.01780	0.02636	0.04615	0.00999	0.00604	0.00573	0.00158	0.04784	0.00468	0.00304	0.15468
10	0.03946	0.14915	0.21712	0.01634	0.14695	0.01388	0.06210	0.06649	0.02830	0.04569	0.04725	0.01567	0.04774	0.00616	0.00579	0.00165	0.04505	0.00499	0.00327	0.03695

[dist]
# distance from previous block
# <min> <max>
2	59

[block]
# block no. 12 follows, 43 sequences, length 19
# corresponding to MSA columns:
# 1152-1170
name=unknown_M
#
# <colnr> <probs for GDERKNQSTAVLIFYWHMCP>
#	G	D	E	R	K	N	Q	S	T	A	V	L	I	F	Y	W	H	M	C	P
0	0.01289	0.00861	0.01049	0.00817	0.01197	0.00689	0.00643	0.01516	0.01259	0.14922	0.09296	0.09627	0.01688	0.00678	0.00490	0.00124	0.00389	0.00573	0.04397	0.48499
1	0.01148	0.00984	0.01148	0.00820	0.01312	0.00738	0.00656	0.01395	0.01148	0.01805	0.00984	0.01148	0.00820	0.00410	0.00410	0.00082	0.00410	0.00328	0.00328	0.83922
2	0.01453	0.00982	0.07620	0.00905	0.01261	0.00745	0.00784	0.01734	0.02848	0.26664	0.19312	0.04253	0.04376	0.04658	0.00671	0.00177	0.00435	0.03339	0.00524	0.17258
3	0.00776	0.00566	0.00729	0.00688	0.00822	0.00519	0.00516	0.01029	0.01548	0.02175	0.72236	0.04213	0.09808	0.01150	0.00653	0.00175	0.00263	0.01012	0.00604	0.00519
4	0.01659	0.12845	0.01563	0.01205	0.01465	0.46540	0.00944	0.01823	0.01336	0.01372	0.01018	0.01281	0.00886	0.01288	0.16116	0.00291	0.02604	0.00407	0.04745	0.00614
5	0.01046	0.00984	0.01661	0.79205	0.03814	0.01230	0.01538	0.01415	0.01107	0.01415	0.00984	0.01477	0.00738	0.00554	0.00554	0.00185	0.00738	0.00492	0.00246	0.00615
6	0.11111	0.05515	0.19935	0.06902	0.24260	0.03699	0.05311	0.01852	0.07648	0.05523	0.01153	0.01342	0.00882	0.00542	0.00513	0.00169	0.00662	0.00460	0.01733	0.00789
7	0.00686	0.00490	0.00656	0.00784	0.00822	0.00460	0.00534	0.00791	0.01072	0.01427	0.03046	0.76214	0.03638	0.01724	0.00710	0.00227	0.00331	0.05421	0.00514	0.00453
8	0.01371	0.01316	0.02248	0.03399	0.77081	0.01316	0.01700	0.01700	0.01261	0.01809	0.01042	0.01371	0.00877	0.00493	0.00548	0.00164	0.00658	0.00493	0.00274	0.00877
9	0.01148	0.00984	0.01148	0.00820	0.01312	0.00738	0.00656	0.01395	0.01148	0.01805	0.00984	0.01148	0.00820	0.00410	0.00410	0.00082	0.00410	0.00328	0.00328	0.83922
10	0.29573	0.01178	0.01675	0.16005	0.32259	0.01281	0.04821	0.01664	0.03304	0.01981	0.00978	0.01256	0.00780	0.00518	0.00485	0.00172	0.00601	0.00439	0.00301	0.00729
11	0.01073	0.00952	0.01458	0.42449	0.09066	0.01095	0.01228	0.06022	0.01227	0.01636	0.05082	0.12896	0.04453	0.00799	0.00639	0.00185	0.04426	0.00690	0.00338	0.04286
12	0.01630	0.01507	0.04555	0.10181	0.34084	0.08472	0.04656	0.20487	0.01630	0.05748	0.01148	0.01360	0.00880	0.00559	0.00550	0.00167	0.00694	0.00489	0.00362	0.00841
13	0.05506	0.00971	0.01035	0.01028	0.04193	0.04689	0.00736	0.04111	0.27696	0.05486	0.04441	0.19624	0.08442	0.07453	0.00775	0.00219	0.00446	0.01981	0.00499	0.00669
14	0.01706	0.10164	0.09661	0.05021	0.01783	0.04496	0.01143	0.39530	0.08453	0.02570	0.01260	0.01363	0.00952	0.00824	0.04621	0.00205	0.04504	0.00477	0.00434	0.00832
15	0.05913	0.40597	0.04256	0.00971	0.01399	0.04496	0.00895	0.08873	0.01374	0.13237	0.04420	0.01519	0.05883	0.00615	0.00448	0.00142	0.00549	0.00446	0.00379	0.03586
16	0.13274	0.10337	0.01520	0.01155	0.04290	0.03346	0.00911	0.25081	0.21929	0.06405	0.01668	0.01635	0.04763	0.00674	0.00508	0.00168	0.00524	0.00514	0.00479	0.00817
17	0.11211	0.04539	0.01341	0.04619	0.11772	0.02783	0.00936	0.08308	0.09143	0.13077	0.01893	0.15521	0.03482	0.00893	0.00600	0.00187	0.02801	0.05718	0.00458	0.00719
18	0.01685	0.01240	0.01442	0.01219	0.05391	0.01299	0.00935	0.39056	0.03762	0.07566	0.08874	0.05096	0.01499	0.00727	0.00609	0.00161	0.04344	0.00575	0.00501	0.14018

[dist]
# distance from previous block
# <min> <max>
20	194

[block]
# block no. 13 follows, 43 sequences, length 17
# corresponding to MSA columns:
# 1484-1500
name=unknown_N
#
# <colnr> <probs for GDERKNQSTAVLIFYWHMCP>
#	G	D	E	R	K	N	Q	S	T	A	V	L	I	F	Y	W	H	M	C	P
0	0.01375	0.09841	0.01426	0.01139	0.05244	0.10677	0.02435	0.04709	0.03516	0.10409	0.12503	0.03192	0.07866	0.03716	0.08546	0.00250	0.07392	0.00623	0.00414	0.04724
1	0.09696	0.08208	0.12214	0.08659	0.14291	0.01281	0.03074	0.10174	0.07516	0.04940	0.11091	0.01800	0.03435	0.00658	0.00530	0.00169	0.00574	0.00547	0.00391	0.00753
2	0.00955	0.00645	0.00783	0.00807	0.00959	0.00616	0.00601	0.01259	0.09825	0.09207	0.03486	0.37626	0.21034	0.01415	0.00668	0.00209	0.00359	0.08451	0.00537	0.00559
3	0.01353	0.01542	0.09185	0.02181	0.12001	0.01363	0.46705	0.10169	0.01436	0.01959	0.01380	0.01651	0.05190	0.00552	0.00618	0.00181	0.00814	0.00624	0.00320	0.00776
4	0.01001	0.00762	0.01007	0.00947	0.01109	0.00870	0.00743	0.09741	0.08684	0.01697	0.05848	0.02179	0.01584	0.03237	0.57122	0.00695	0.01208	0.00609	0.00371	0.00586
5	0.00694	0.00501	0.00626	0.00716	0.00763	0.00467	0.00472	0.00780	0.01044	0.01367	0.03164	0.57579	0.12882	0.14956	0.01056	0.00273	0.00352	0.01392	0.00484	0.00433
6	0.01516	0.59143	0.02557	0.01207	0.09016	0.01953	0.01003	0.10116	0.01311	0.01649	0.00921	0.01055	0.00795	0.00508	0.00399	0.00129	0.00582	0.00352	0.05043	0.00743
7	0.00880	0.00674	0.00866	0.00900	0.00970	0.00721	0.00649	0.08321	0.01191	0.01613	0.02611	0.63154	0.03051	0.01539	0.00819	0.00221	0.09473	0.01341	0.00487	0.00517
8	0.01455	0.75467	0.08080	0.00991	0.01489	0.02129	0.01024	0.01665	0.01128	0.01334	0.00785	0.00908	0.00710	0.00477	0.00367	0.00122	0.00608	0.00304	0.00237	0.00718
9	0.00895	0.00665	0.00836	0.00853	0.00939	0.00690	0.00610	0.09417	0.01263	0.01714	0.10810	0.52243	0.03220	0.06953	0.00901	0.00235	0.05474	0.01263	0.00499	0.00517
10	0.02432	0.16092	0.27094	0.01256	0.03562	0.03496	0.01271	0.05307	0.15316	0.06144	0.01724	0.01751	0.08597	0.00676	0.00553	0.00169	0.02896	0.00520	0.00369	0.00775
11	0.14260	0.01284	0.01311	0.01095	0.02678	0.11099	0.02782	0.18252	0.02476	0.20982	0.07588	0.03429	0.01387	0.00704	0.00554	0.01962	0.00551	0.00527	0.01974	0.05103
