[name]
unknown

[dist]
# distance from previous block
# <min> <max>
3	80

[block]
# block no. 0 follows, 52 sequences, length 23
# corresponding to MSA columns:
# 149-171
name=unknown_A
#
# <colnr> <probs for GDERKNQSTAVLIFYWHMCP>
#	G	D	E	R	K	N	Q	S	T	A	V	L	I	F	Y	W	H	M	C	P
0	0.09151	0.04386	0.00858	0.00785	0.04637	0.03383	0.00565	0.02623	0.04803	0.01604	0.24060	0.04662	0.18968	0.07716	0.04902	0.00211	0.02746	0.00706	0.00400	0.02834
1	0.01060	0.07336	0.33718	0.11576	0.04003	0.03741	0.10261	0.05047	0.03394	0.01572	0.07883	0.01384	0.02168	0.00531	0.00505	0.00151	0.02594	0.00450	0.00269	0.02359
2	0.03714	0.32403	0.06476	0.00970	0.01332	0.09907	0.02647	0.15291	0.07618	0.04290	0.09820	0.01315	0.01190	0.00547	0.00420	0.00131	0.00527	0.00410	0.00337	0.00655
3	0.01442	0.04254	0.18669	0.00948	0.01330	0.00853	0.00913	0.01842	0.10096	0.34002	0.08414	0.08454	0.01532	0.00754	0.02596	0.00170	0.00476	0.00563	0.00452	0.02241
4	0.00590	0.00422	0.00562	0.00675	0.00703	0.00394	0.00450	0.00675	0.00928	0.01237	0.02671	0.82653	0.03205	0.01518	0.00619	0.00197	0.00281	0.01378	0.00450	0.00394
5	0.01347	0.18309	0.20803	0.01143	0.05600	0.03564	0.01068	0.11082	0.15187	0.10928	0.05376	0.01346	0.01083	0.00545	0.00448	0.00142	0.00530	0.00426	0.00357	0.00716
6	0.01386	0.07901	0.27476	0.01129	0.01588	0.06440	0.01143	0.22928	0.11979	0.07090	0.05318	0.01318	0.01038	0.00557	0.00466	0.00147	0.00570	0.00431	0.00367	0.00729
7	0.00705	0.00470	0.00529	0.00529	0.00529	0.00470	0.00294	0.00705	0.00705	0.00940	0.01527	0.03171	0.01762	0.82969	0.02467	0.00470	0.00470	0.00705	0.00294	0.00294
8	0.00926	0.00872	0.01472	0.78902	0.06159	0.01079	0.01351	0.01247	0.00974	0.01251	0.00863	0.01289	0.00650	0.00483	0.00484	0.00161	0.00643	0.00431	0.00216	0.00547
9	0.01118	0.04903	0.44100	0.01403	0.06144	0.05113	0.10452	0.01603	0.05697	0.06274	0.04896	0.04053	0.01005	0.00535	0.00482	0.00153	0.00645	0.00460	0.00279	0.00686
10	0.01209	0.06450	0.15357	0.06622	0.19090	0.08199	0.27248	0.04501	0.03748	0.01554	0.00941	0.01177	0.00728	0.00450	0.00495	0.00150	0.00699	0.00450	0.00251	0.00682
11	0.00842	0.00421	0.00631	0.00631	0.00631	0.00421	0.00421	0.00631	0.00631	0.00842	0.00842	0.01473	0.00842	0.01684	0.01894	0.85901	0.00421	0.00421	0.00210	0.00210
12	0.01142	0.01259	0.02618	0.04451	0.14736	0.01221	0.60482	0.01516	0.01115	0.01531	0.00951	0.01279	0.00733	0.00434	0.00599	0.00162	0.04325	0.00539	0.00242	0.00663
13	0.01079	0.01047	0.01687	0.45580	0.23398	0.03878	0.06710	0.04247	0.01069	0.01415	0.00880	0.01238	0.00690	0.00487	0.00542	0.00158	0.04605	0.00437	0.00235	0.00618
14	0.00972	0.02507	0.80458	0.01381	0.02097	0.01125	0.01790	0.01535	0.01023	0.01535	0.00870	0.01023	0.00614	0.00460	0.00460	0.00153	0.00716	0.00358	0.00205	0.00716
15	0.00597	0.00437	0.00564	0.00662	0.00711	0.00404	0.00456	0.00693	0.00959	0.01257	0.02951	0.68945	0.12953	0.01472	0.00615	0.00194	0.00285	0.04996	0.00450	0.00398
16	0.01103	0.04724	0.33769	0.06443	0.21161	0.01182	0.13645	0.04434	0.04693	0.01604	0.02123	0.01198	0.00779	0.00466	0.00483	0.00152	0.00657	0.00430	0.00249	0.00708
17	0.01178	0.04493	0.03668	0.01261	0.12712	0.00973	0.09691	0.17990	0.03179	0.07249	0.04468	0.08609	0.20892	0.00780	0.00521	0.00155	0.00464	0.00682	0.00400	0.00635
18	0.03667	0.05410	0.04951	0.04392	0.08054	0.09625	0.08762	0.37872	0.06352	0.02226	0.01055	0.01157	0.00791	0.00536	0.00507	0.00147	0.02970	0.00427	0.00369	0.00731
19	0.05369	0.03732	0.01233	0.00889	0.01283	0.03620	0.06537	0.11002	0.03472	0.06230	0.01110	0.01205	0.02948	0.00453	0.00406	0.00105	0.00436	0.00369	0.02464	0.47137
20	0.07107	0.01243	0.08052	0.04710	0.29465	0.04893	0.04738	0.07563	0.08407	0.05719	0.01097	0.03930	0.00895	0.00595	0.01754	0.00163	0.06822	0.00459	0.00308	0.02078
21	0.03952	0.03211	0.04378	0.15352	0.09367	0.07024	0.01930	0.08026	0.07876	0.01589	0.02648	0.01207	0.00834	0.00563	0.00672	0.00150	0.16655	0.00408	0.00287	0.13871
22	0.05467	0.12064	0.07750	0.04564	0.08616	0.05993	0.06484	0.03747	0.07250	0.09045	0.09080	0.03905	0.01324	0.02497	0.00525	0.00150	0.01823	0.02249	0.00341	0.07126

[dist]
# distance from previous block
# <min> <max>
2	31

[block]
# block no. 1 follows, 52 sequences, length 58
# corresponding to MSA columns:
# 204-261
name=unknown_B
#
# <colnr> <probs for GDERKNQSTAVLIFYWHMCP>
#	G	D	E	R	K	N	Q	S	T	A	V	L	I	F	Y	W	H	M	C	P
0	0.02359	0.16294	0.07107	0.01129	0.08866	0.08814	0.02510	0.13556	0.02681	0.03057	0.04587	0.05999	0.05669	0.01966	0.01427	0.00144	0.00519	0.00480	0.00327	0.12511
1	0.03015	0.13002	0.36967	0.01239	0.03223	0.06522	0.06848	0.02645	0.07687	0.01521	0.03037	0.03086	0.02553	0.00585	0.01842	0.00157	0.02691	0.00427	0.00264	0.02690
2	0.06328	0.10254	0.19451	0.01104	0.04879	0.06250	0.02800	0.09028	0.03756	0.06798	0.02539	0.02323	0.00868	0.02357	0.00498	0.00138	0.02478	0.00389	0.00307	0.17455
3	0.02633	0.13225	0.13338	0.01029	0.02768	0.04948	0.06069	0.09858	0.04820	0.08480	0.10491	0.10882	0.05463	0.00703	0.00482	0.00147	0.00492	0.00591	0.00371	0.03211
4	0.01532	0.18130	0.03378	0.01008	0.01347	0.10497	0.00855	0.32108	0.09863	0.05762	0.01322	0.03103	0.04366	0.02093	0.00513	0.00146	0.02438	0.00449	0.00389	0.00700
5	0.02620	0.19056	0.08094	0.00990	0.04411	0.00986	0.09872	0.01224	0.04364	0.03808	0.07899	0.11627	0.21536	0.00813	0.00496	0.00151	0.00442	0.00700	0.00353	0.00557
6	0.01023	0.06897	0.62771	0.01416	0.03440	0.02766	0.08430	0.01518	0.01041	0.01508	0.02470	0.01088	0.00709	0.00473	0.00489	0.00152	0.02515	0.00384	0.00217	0.00694
7	0.01441	0.14751	0.12814	0.01216	0.05136	0.10409	0.08298	0.09508	0.09786	0.14194	0.01205	0.02842	0.00924	0.02033	0.00515	0.00150	0.02172	0.00438	0.01476	0.00692
8	0.01092	0.01103	0.03555	0.10342	0.35271	0.03668	0.15762	0.04033	0.02643	0.01531	0.01342	0.11686	0.04554	0.00618	0.00518	0.00157	0.00585	0.00601	0.00287	0.00653
9	0.02174	0.00825	0.01125	0.00862	0.01237	0.00712	0.00712	0.02362	0.01387	0.80282	0.01912	0.01649	0.01200	0.00600	0.00487	0.00150	0.00412	0.00487	0.00600	0.00825
10	0.01101	0.01254	0.11579	0.21686	0.49752	0.01132	0.03633	0.01435	0.01062	0.01493	0.00896	0.01203	0.00718	0.00447	0.00481	0.00150	0.00617	0.00426	0.00230	0.00703
11	0.04357	0.03537	0.04803	0.03758	0.08623	0.24490	0.09176	0.11943	0.06074	0.05320	0.04861	0.03317	0.06430	0.00598	0.00481	0.00145	0.00619	0.00490	0.00340	0.00637
12	0.00659	0.00458	0.00606	0.00685	0.00720	0.00446	0.00463	0.00741	0.00907	0.03249	0.02436	0.67720	0.02873	0.09675	0.03490	0.00243	0.02570	0.01233	0.00425	0.00400
13	0.00702	0.00479	0.00573	0.00573	0.00589	0.00494	0.00349	0.00733	0.00718	0.00973	0.01486	0.02945	0.01664	0.68800	0.16501	0.00525	0.00618	0.00672	0.00288	0.00318
14	0.00728	0.00609	0.00940	0.11842	0.03218	0.00636	0.05901	0.00887	0.00968	0.01291	0.03251	0.50045	0.05123	0.01208	0.00650	0.00190	0.05001	0.06673	0.00386	0.00453
15	0.01138	0.01120	0.04966	0.08601	0.39399	0.01089	0.10897	0.07241	0.06250	0.01659	0.01251	0.07502	0.02319	0.00579	0.00507	0.00155	0.00566	0.02442	0.01628	0.00690
16	0.68325	0.00913	0.00801	0.00686	0.01002	0.01007	0.00565	0.01626	0.00945	0.18930	0.00940	0.00972	0.00670	0.00482	0.00340	0.00150	0.00383	0.00311	0.00364	0.00589
17	0.00831	0.00604	0.00700	0.00643	0.00816	0.00572	0.00495	0.06336	0.06143	0.05579	0.36988	0.03660	0.31214	0.01016	0.00559	0.00158	0.00279	0.02407	0.00499	0.00502
18	0.03175	0.08638	0.66022	0.01410	0.05112	0.01191	0.04866	0.01524	0.01023	0.01523	0.00856	0.01017	0.00623	0.00453	0.00450	0.00150	0.00691	0.00360	0.00210	0.00703
19	0.00827	0.00776	0.02824	0.00852	0.00938	0.09201	0.00660	0.00960	0.00953	0.01230	0.01931	0.35146	0.02163	0.06459	0.13072	0.00299	0.08409	0.12499	0.00361	0.00441
20	0.00972	0.02507	0.80458	0.01381	0.02097	0.01125	0.01790	0.01535	0.01023	0.01535	0.00870	0.01023	0.00614	0.00460	0.00460	0.00153	0.00716	0.00358	0.00205	0.00716
21	0.01081	0.01272	0.09619	0.27094	0.17793	0.03157	0.28081	0.01440	0.01066	0.01440	0.00905	0.01237	0.00697	0.00454	0.00537	0.00158	0.02627	0.00470	0.00230	0.00641
22	0.06188	0.01152	0.01316	0.16379	0.10425	0.09741	0.00973	0.24010	0.03490	0.08445	0.04591	0.03566	0.01122	0.00613	0.00483	0.00152	0.00544	0.04324	0.01818	0.00666
23	0.74759	0.00927	0.00813	0.11684	0.01264	0.01086	0.00637	0.01399	0.00844	0.02047	0.00700	0.00856	0.00541	0.00455	0.00325	0.00152	0.00412	0.00285	0.00288	0.00527
24	0.01170	0.03097	0.06796	0.07075	0.66296	0.01166	0.04380	0.01478	0.01090	0.01550	0.00903	0.01188	0.00747	0.00435	0.00478	0.00145	0.00596	0.00429	0.00236	0.00744
25	0.00658	0.00483	0.00626	0.00657	0.00711	0.00475	0.00457	0.00779	0.01037	0.01423	0.27311	0.40693	0.05244	0.12324	0.00897	0.00219	0.04080	0.01072	0.00445	0.00407
26	0.00693	0.00514	0.00755	0.00755	0.00833	0.00593	0.00576	0.00850	0.00772	0.01107	0.01320	0.02026	0.01264	0.11258	0.73498	0.00749	0.01218	0.00537	0.00263	0.00419
27	0.01046	0.20920	0.62691	0.01255	0.01903	0.01306	0.01571	0.01516	0.01014	0.01445	0.00825	0.00967	0.00616	0.00450	0.00426	0.00142	0.00671	0.00336	0.00205	0.00695
28	0.02164	0.00841	0.01135	0.00870	0.01245	0.00736	0.00719	0.04663	0.01414	0.77943	0.01889	0.01635	0.01188	0.00599	0.00487	0.00150	0.00416	0.00486	0.00596	0.00825
29	0.00593	0.00489	0.00523	0.00539	0.00685	0.00420	0.00407	0.00723	0.01099	0.01335	0.07200	0.11705	0.64894	0.01253	0.00583	0.00170	0.00262	0.06255	0.00453	0.00412
30	0.01088	0.01159	0.02296	0.12349	0.04330	0.01093	0.51218	0.01445	0.01093	0.01517	0.00940	0.01244	0.00721	0.00410	0.00517	0.00145	0.00700	0.00495	0.00249	0.16991
31	0.00754	0.00559	0.00707	0.00687	0.00702	0.00630	0.00467	0.00799	0.00749	0.01048	0.01476	0.11451	0.01653	0.48514	0.10603	0.02587	0.13051	0.00702	0.02504	0.00358
32	0.00692	0.00519	0.00779	0.00779	0.00865	0.00606	0.00606	0.00865	0.00779	0.01125	0.01298	0.01904	0.01211	0.03634	0.81049	0.00779	0.01298	0.00519	0.00260	0.00433
33	0.01038	0.00987	0.01676	0.47673	0.36507	0.01109	0.01407	0.01346	0.01027	0.01388	0.00883	0.01252	0.00699	0.00462	0.00482	0.00154	0.00616	0.00431	0.00226	0.00638
34	0.03110	0.00921	0.01535	0.58304	0.21458	0.01079	0.01335	0.01290	0.00991	0.01340	0.00883	0.01278	0.00691	0.00575	0.03145	0.00177	0.00644	0.00430	0.00225	0.00589
35	0.02157	0.00853	0.01142	0.00876	0.01251	0.00754	0.00723	0.06406	0.01434	0.76171	0.01872	0.01624	0.01180	0.00599	0.00487	0.00150	0.00419	0.00485	0.00594	0.00825
36	0.00727	0.00543	0.00684	0.00664	0.00789	0.00524	0.00506	0.01040	0.08116	0.01828	0.57208	0.08907	0.08187	0.01039	0.00576	0.00163	0.00265	0.07245	0.00512	0.00477
37	0.01133	0.01263	0.02707	0.01949	0.02414	0.01190	0.72278	0.03448	0.01161	0.01574	0.01071	0.05443	0.00863	0.00469	0.00572	0.00165	0.00783	0.00609	0.00262	0.00645
38	0.00584	0.00448	0.00536	0.00606	0.00685	0.00399	0.00419	0.00682	0.00994	0.01264	0.03506	0.53549	0.31770	0.01410	0.00601	0.00184	0.00268	0.01245	0.00450	0.00399
39	0.00724	0.03521	0.07432	0.00685	0.00851	0.00557	0.00578	0.00961	0.01270	0.01793	0.59376	0.11876	0.04870	0.00978	0.00554	0.00155	0.00286	0.00859	0.02198	0.00477
40	0.01005	0.00861	0.01005	0.00718	0.01148	0.00646	0.00574	0.01220	0.01005	0.01579	0.00861	0.01005	0.00718	0.00359	0.00359	0.00072	0.00359	0.00287	0.00287	0.85932
41	0.01339	0.76431	0.02441	0.00865	0.01265	0.08592	0.00838	0.01492	0.01017	0.01144	0.00680	0.00786	0.00622	0.00422	0.00322	0.00105	0.00548	0.00264	0.00211	0.00617
42	0.00594	0.00492	0.00521	0.00513	0.00668	0.00418	0.00385	0.00737	0.01155	0.01429	0.19084	0.04466	0.65500	0.01182	0.00573	0.00162	0.00242	0.00995	0.00466	0.00418
43	0.00972	0.02507	0.80458	0.01381	0.02097	0.01125	0.01790	0.01535	0.01023	0.01535	0.00870	0.01023	0.00614	0.00460	0.00460	0.00153	0.00716	0.00358	0.00205	0.00716
44	0.00835	0.00610	0.00720	0.00722	0.03322	0.00643	0.00455	0.05938	0.06650	0.01258	0.05487	0.08569	0.01853	0.55974	0.01868	0.00371	0.03270	0.00714	0.00339	0.00402
45	0.01000	0.00944	0.01577	0.58368	0.23443	0.01101	0.01364	0.01348	0.03592	0.01355	0.00911	0.01285	0.00706	0.00476	0.00484	0.00157	0.00619	0.00435	0.00231	0.00606
46	0.00617	0.00455	0.00568	0.00624	0.00687	0.00429	0.00428	0.00716	0.00955	0.01256	0.08440	0.44797	0.18153	0.11677	0.07621	0.00270	0.00379	0.01115	0.00421	0.00392
47	0.00792	0.09562	0.05331	0.03027	0.01031	0.00808	0.00708	0.00974	0.00813	0.01140	0.01190	0.01779	0.01120	0.08494	0.57633	0.00615	0.03780	0.00490	0.00251	0.00465
48	0.01082	0.08931	0.50055	0.02981	0.06277	0.07601	0.06874	0.01516	0.01051	0.01459	0.00868	0.01055	0.00658	0.00560	0.03241	0.00165	0.00715	0.00369	0.00219	0.04321
49	0.02788	0.01201	0.07848	0.04125	0.08417	0.01147	0.12130	0.31103	0.01514	0.02070	0.01440	0.08799	0.04988	0.00764	0.02790	0.00176	0.02473	0.03863	0.00372	0.01990
50	0.03209	0.01205	0.03966	0.03175	0.06128	0.05034	0.17660	0.15558	0.24833	0.01935	0.01422	0.06392	0.01162	0.00613	0.00507	0.00157	0.00550	0.02465	0.00381	0.03648
51	0.01131	0.04195	0.07737	0.06487	0.44687	0.01112	0.03823	0.01492	0.06652	0.03678	0.01282	0.03264	0.04978	0.00568	0.00543	0.00154	0.04445	0.02794	0.00283	0.00696
52	0.02494	0.00817	0.01130	0.03057	0.04488	0.00835	0.06338	0.06110	0.06982	0.08310	0.07508	0.18578	0.03880	0.00936	0.03413	0.00182	0.08541	0.03473	0.00389	0.12539
53	0.03188	0.01125	0.04077	0.09317	0.39336	0.02383	0.06762	0.05341	0.02983	0.08016	0.02851	0.01338	0.02157	0.00494	0.00506	0.00145	0.02595	0.00451	0.00298	0.06638
54	0.02786	0.07076	0.01257	0.03113	0.08150	0.07102	0.02514	0.14550	0.07246	0.09922	0.04719	0.09268	0.09713	0.02048	0.00514	0.00149	0.00462	0.00585	0.00396	0.08431
55	0.01190	0.15539	0.09755	0.15247	0.10665	0.10735	0.04975	0.04115	0.09772	0.01460	0.01073	0.01330	0.02109	0.03708	0.00525	0.00152	0.00594	0.01311	0.00275	0.05470
56	0.01219	0.21342	0.20280	0.02933	0.03404	0.05843	0.05887	0.01652	0.10577	0.07655	0.06425	0.01303	0.01059	0.00510	0.00436	0.00134	0.00550	0.00411	0.00307	0.08072
57	0.01311	0.10478	0.12512	0.10334	0.09900	0.06402	0.05416	0.10323	0.04494	0.09145	0.01063	0.02748	0.00823	0.00496	0.00449	0.00135	0.00565	0.00411	0.00313	0.12681

[dist]
# distance from previous block
# <min> <max>
2	34

[block]
# block no. 2 follows, 52 sequences, length 19
# corresponding to MSA columns:
# 296-314
name=unknown_C
#
# <colnr> <probs for GDERKNQSTAVLIFYWHMCP>
#	G	D	E	R	K	N	Q	S	T	A	V	L	I	F	Y	W	H	M	C	P
0	0.05309	0.20776	0.15337	0.03444	0.03590	0.16709	0.02496	0.11589	0.03468	0.04492	0.01003	0.02721	0.01741	0.02473	0.00471	0.00142	0.00606	0.00385	0.00292	0.02954
1	0.04849	0.25282	0.18605	0.01107	0.05545	0.02703	0.04212	0.04392	0.01043	0.01442	0.04175	0.06319	0.04531	0.02876	0.02992	0.00172	0.06764	0.00473	0.01920	0.00600
2	0.06445	0.20941	0.24363	0.01089	0.01519	0.09205	0.04425	0.09337	0.04430	0.03218	0.01081	0.08735	0.00946	0.01682	0.00464	0.00147	0.00586	0.00453	0.00290	0.00643
3	0.03136	0.20324	0.35514	0.02995	0.01587	0.06852	0.01195	0.03141	0.01074	0.02987	0.04570	0.05187	0.03423	0.00570	0.00462	0.00142	0.02592	0.00434	0.03185	0.00629
4	0.05030	0.25278	0.34411	0.04148	0.01591	0.02904	0.01170	0.01448	0.02526	0.03656	0.05003	0.01288	0.01816	0.05546	0.00540	0.00157	0.00576	0.00388	0.00255	0.02271
5	0.01211	0.27534	0.17155	0.01020	0.01411	0.09609	0.03943	0.08537	0.03447	0.02438	0.07517	0.03569	0.03990	0.00680	0.02738	0.01210	0.00580	0.01345	0.00298	0.01768
6	0.02034	0.05300	0.27483	0.01063	0.02555	0.03385	0.06600	0.03484	0.03027	0.06064	0.03653	0.13579	0.15919	0.00776	0.00505	0.00156	0.00511	0.00662	0.00339	0.02906
7	0.00989	0.13475	0.31342	0.02983	0.01490	0.02711	0.01080	0.03954	0.03363	0.01509	0.05661	0.08183	0.09141	0.00645	0.00458	0.00140	0.00518	0.00522	0.00297	0.11538
8	0.14932	0.14774	0.19263	0.02522	0.06458	0.05058	0.00948	0.03440	0.01090	0.03909	0.07955	0.01674	0.11016	0.00601	0.00430	0.00141	0.00492	0.00465	0.02564	0.02268
9	0.18173	0.09885	0.17576	0.02137	0.03419	0.01126	0.00934	0.11759	0.08660	0.05563	0.07716	0.01561	0.03045	0.00590	0.00436	0.00148	0.00476	0.03041	0.03110	0.00645
10	0.01365	0.61249	0.08398	0.00975	0.02658	0.07694	0.02640	0.03410	0.01076	0.05558	0.00785	0.00879	0.00663	0.00439	0.00354	0.00115	0.00563	0.00297	0.00240	0.00644
11	0.00599	0.00433	0.00561	0.00653	0.00694	0.00401	0.00439	0.00692	0.00959	0.01274	0.07494	0.69491	0.08573	0.04429	0.00680	0.00202	0.00282	0.01298	0.00449	0.00395
12	0.02422	0.00509	0.00640	0.00662	0.00742	0.00510	0.00468	0.03069	0.00960	0.03220	0.07716	0.32528	0.10084	0.15126	0.17182	0.00348	0.00522	0.00935	0.01938	0.00418
13	0.02915	0.01210	0.18217	0.01014	0.01354	0.03935	0.06917	0.05273	0.09097	0.10258	0.09900	0.13380	0.03225	0.02326	0.00543	0.00162	0.00481	0.02135	0.03491	0.04168
14	0.01059	0.00989	0.01616	0.23155	0.41005	0.01095	0.01277	0.01339	0.03432	0.01412	0.01007	0.06218	0.00896	0.00612	0.00665	0.03465	0.09380	0.00492	0.00250	0.00637
15	0.00632	0.00459	0.00551	0.00599	0.00655	0.00429	0.00401	0.00714	0.00934	0.01217	0.07507	0.36157	0.18585	0.24818	0.01139	0.00267	0.00331	0.03820	0.00410	0.00374
16	0.01266	0.01212	0.02213	0.02829	0.02066	0.01200	0.48743	0.19753	0.02667	0.01914	0.01156	0.05127	0.00916	0.00517	0.00536	0.00157	0.00677	0.00567	0.05815	0.00669
17	0.03531	0.00962	0.01415	0.35411	0.21975	0.04452	0.01160	0.02833	0.02594	0.02934	0.01270	0.06315	0.05719	0.00692	0.02823	0.00177	0.04352	0.00519	0.00273	0.00593
18	0.00895	0.17649	0.06087	0.01080	0.14900	0.00900	0.00765	0.01086	0.01085	0.02925	0.07466	0.08059	0.33572	0.00866	0.00497	0.00149	0.00393	0.00725	0.00356	0.00545

[dist]
# distance from previous block
# <min> <max>
4	8

[block]
# block no. 3 follows, 52 sequences, length 6
# corresponding to MSA columns:
# 323-328
name=unknown_D
#
# <colnr> <probs for GDERKNQSTAVLIFYWHMCP>
#	G	D	E	R	K	N	Q	S	T	A	V	L	I	F	Y	W	H	M	C	P
0	0.43336	0.01050	0.01218	0.06414	0.06649	0.06120	0.11746	0.01404	0.00958	0.01797	0.00925	0.01111	0.03107	0.00581	0.03357	0.00167	0.00529	0.00368	0.00281	0.08883
1	0.01062	0.00878	0.01351	0.06939	0.20673	0.00909	0.07754	0.01438	0.10498	0.05109	0.03299	0.03067	0.01117	0.01026	0.12404	0.02186	0.03330	0.00494	0.09280	0.07187
2	0.00687	0.00496	0.00630	0.00670	0.00747	0.00473	0.00476	0.04264	0.01113	0.01506	0.23260	0.45892	0.07329	0.05705	0.00700	0.00197	0.00295	0.04667	0.00465	0.00428
3	0.00816	0.00463	0.00495	0.00503	0.00608	0.00450	0.00371	0.01007	0.01031	0.01660	0.08347	0.07010	0.09783	0.06574	0.00560	0.00155	0.00257	0.03412	0.56067	0.00433
4	0.01001	0.01120	0.17051	0.01056	0.01359	0.00849	0.11551	0.06301	0.03073	0.06794	0.06232	0.10989	0.08584	0.08898	0.04936	0.00227	0.04245	0.03211	0.01955	0.00567
5	0.01186	0.00959	0.01125	0.06858	0.01379	0.00898	0.00730	0.20250	0.04460	0.01916	0.01131	0.04454	0.00964	0.00526	0.00429	0.00112	0.00425	0.04020	0.00353	0.47824

[dist]
# distance from previous block
# <min> <max>
1	7

[block]
# block no. 4 follows, 52 sequences, length 69
# corresponding to MSA columns:
# 336-340,342-405
name=unknown_E
#
# <colnr> <probs for GDERKNQSTAVLIFYWHMCP>
#	G	D	E	R	K	N	Q	S	T	A	V	L	I	F	Y	W	H	M	C	P
0	0.00833	0.00716	0.00871	0.00799	0.00885	0.05826	0.04928	0.00990	0.03792	0.01277	0.14807	0.11498	0.03584	0.30996	0.08121	0.00331	0.08242	0.00734	0.00346	0.00424
1	0.00942	0.01463	0.32194	0.01047	0.01493	0.02291	0.05859	0.01343	0.05448	0.03421	0.04758	0.08903	0.12816	0.00682	0.00487	0.00145	0.00511	0.00580	0.00319	0.15298
2	0.01251	0.01131	0.01870	0.03772	0.01850	0.01159	0.33648	0.09086	0.24221	0.06451	0.05820	0.01581	0.01204	0.00552	0.00547	0.00159	0.02118	0.00551	0.00377	0.02652
3	0.01291	0.07557	0.05291	0.05613	0.13881	0.05328	0.00989	0.14072	0.32220	0.01929	0.04931	0.01491	0.01198	0.00581	0.00486	0.00151	0.01404	0.00476	0.00387	0.00723
4	0.26064	0.08024	0.14455	0.00949	0.01326	0.01211	0.00896	0.13334	0.18795	0.03801	0.01214	0.01410	0.00958	0.00572	0.00425	0.00154	0.00475	0.04906	0.00363	0.00667
5	0.06025	0.00878	0.00990	0.02700	0.01184	0.00954	0.00707	0.02077	0.43217	0.15315	0.06407	0.07395	0.04281	0.00764	0.00506	0.00166	0.00377	0.04882	0.00490	0.00687
6	0.01060	0.01060	0.01484	0.01272	0.01272	0.01484	0.01060	0.01166	0.00742	0.01166	0.00636	0.01060	0.00636	0.00848	0.01590	0.00212	0.82082	0.00424	0.00212	0.00530
7	0.00586	0.00486	0.00497	0.00502	0.00645	0.00414	0.00365	0.00695	0.01060	0.01271	0.04497	0.07830	0.69180	0.08916	0.00753	0.00194	0.00268	0.01008	0.00435	0.00398
8	0.01808	0.01317	0.01427	0.02947	0.01520	0.01456	0.00915	0.73489	0.02205	0.04477	0.01180	0.01189	0.00836	0.00579	0.00482	0.00145	0.00527	0.00437	0.02253	0.00810
9	0.01469	0.14309	0.08761	0.00927	0.01255	0.02764	0.04494	0.09608	0.01207	0.25358	0.02852	0.01390	0.00988	0.00789	0.02147	0.14762	0.00503	0.00428	0.05363	0.00627
10	0.00590	0.00422	0.00562	0.00675	0.00703	0.00394	0.00450	0.00675	0.00928	0.01237	0.02671	0.82653	0.03205	0.01518	0.00619	0.00197	0.00281	0.01378	0.00450	0.00394
11	0.01005	0.00861	0.01005	0.00718	0.01148	0.00646	0.00574	0.01220	0.01005	0.01579	0.00861	0.01005	0.00718	0.00359	0.00359	0.00072	0.00359	0.00287	0.00287	0.85932
12	0.00875	0.00675	0.00844	0.00805	0.00995	0.00666	0.00655	0.05620	0.07114	0.01547	0.05707	0.04359	0.07279	0.04589	0.14343	0.00284	0.00551	0.27289	0.00391	0.15412
13	0.00972	0.02507	0.80458	0.01381	0.02097	0.01125	0.01790	0.01535	0.01023	0.01535	0.00870	0.01023	0.00614	0.00460	0.00460	0.00153	0.00716	0.00358	0.00205	0.00716
14	0.00611	0.00488	0.00547	0.00548	0.00685	0.00425	0.00409	0.00763	0.01167	0.01488	0.26060	0.10634	0.50540	0.01185	0.00578	0.00164	0.00248	0.02565	0.00474	0.00422
15	0.00627	0.00477	0.00569	0.00591	0.00694	0.00430	0.00428	0.00769	0.01115	0.01460	0.25876	0.23514	0.30729	0.06272	0.00705	0.00190	0.00272	0.04403	0.00465	0.00414
16	0.00725	0.00570	0.00826	0.00815	0.00919	0.00545	0.07536	0.05313	0.01040	0.01376	0.02554	0.58233	0.08649	0.04356	0.00674	0.00199	0.00356	0.04445	0.00427	0.00442
17	0.00702	0.00586	0.02963	0.06070	0.01029	0.00619	0.00657	0.00879	0.00858	0.01209	0.05616	0.17835	0.01715	0.02729	0.51882	0.00562	0.02644	0.00695	0.00306	0.00443
18	0.00592	0.00489	0.00520	0.00517	0.00668	0.00417	0.00386	0.00731	0.01143	0.01412	0.17307	0.07198	0.64549	0.01198	0.00574	0.00163	0.00244	0.01011	0.00464	0.00417
19	0.00647	0.00440	0.00578	0.00668	0.00704	0.00414	0.00447	0.00728	0.00919	0.03225	0.02525	0.70279	0.02988	0.10379	0.00818	0.00226	0.00309	0.02877	0.00437	0.00395
20	0.00949	0.00896	0.01515	0.72394	0.12483	0.01086	0.01363	0.01268	0.00985	0.01279	0.00867	0.01281	0.00661	0.00478	0.00484	0.00159	0.00638	0.00431	0.00218	0.00566
21	0.00842	0.00421	0.00631	0.00631	0.00631	0.00421	0.00421	0.00631	0.00631	0.00842	0.00842	0.01473	0.00842	0.01684	0.01894	0.85901	0.00421	0.00421	0.00210	0.00210
22	0.00727	0.00503	0.00656	0.00617	0.00738	0.00462	0.00463	0.00947	0.01349	0.04424	0.72392	0.06517	0.06357	0.01004	0.00571	0.00154	0.00237	0.00886	0.00530	0.00465
23	0.00761	0.00514	0.00659	0.00612	0.00747	0.00467	0.00463	0.00976	0.01345	0.06458	0.67350	0.03613	0.12209	0.00992	0.00567	0.00153	0.00241	0.00869	0.00529	0.00474
24	0.11738	0.01308	0.01367	0.01059	0.01437	0.01454	0.00875	0.69329	0.02108	0.02951	0.01106	0.01119	0.00789	0.00566	0.00463	0.00146	0.00515	0.00416	0.00463	0.00789
25	0.01770	0.01188	0.03605	0.08072	0.03117	0.07100	0.00899	0.28910	0.04862	0.29691	0.01396	0.02275	0.00969	0.00574	0.00479	0.00146	0.00518	0.00453	0.00465	0.03511
26	0.01130	0.33777	0.34056	0.01264	0.01792	0.01468	0.13342	0.01487	0.01013	0.01366	0.00799	0.00973	0.00637	0.00453	0.00474	0.00138	0.04602	0.00356	0.00212	0.00661
27	0.00615	0.00428	0.00563	0.00669	0.00705	0.00403	0.00455	0.00713	0.00939	0.01278	0.02604	0.75244	0.03076	0.01456	0.00604	0.00193	0.00284	0.03939	0.05433	0.00399
28	0.01296	0.83261	0.02539	0.00829	0.01244	0.01917	0.00829	0.01451	0.00985	0.01140	0.00674	0.00777	0.00622	0.00415	0.00311	0.00104	0.00518	0.00259	0.00207	0.00622
29	0.02975	0.00549	0.00713	0.00727	0.00853	0.00515	0.00553	0.01086	0.01069	0.15380	0.07684	0.31889	0.07260	0.08711	0.00763	0.00213	0.00355	0.17762	0.00463	0.00481
30	0.03347	0.00866	0.01389	0.57938	0.08542	0.01024	0.01203	0.01347	0.01015	0.09260	0.03515	0.01426	0.00864	0.02772	0.00575	0.00169	0.03450	0.00454	0.00270	0.00574
31	0.03400	0.01293	0.01400	0.01080	0.01462	0.01417	0.00891	0.67869	0.04648	0.09727	0.01246	0.01220	0.00872	0.00583	0.00482	0.00147	0.00515	0.00441	0.00492	0.00817
32	0.00598	0.00427	0.00571	0.00683	0.00715	0.00400	0.00463	0.00688	0.00935	0.01245	0.02667	0.79613	0.03189	0.01511	0.00621	0.00198	0.00288	0.04343	0.00450	0.00396
33	0.00989	0.06635	0.76475	0.01353	0.02054	0.01166	0.01741	0.01530	0.01021	0.01515	0.00860	0.01011	0.00614	0.00458	0.00453	0.00151	0.00706	0.00353	0.00205	0.00711
34	0.01024	0.00906	0.01444	0.19920	0.03918	0.03233	0.16868	0.07149	0.01195	0.03660	0.05092	0.05537	0.06160	0.00808	0.00564	0.00176	0.00564	0.20873	0.00351	0.00558
35	0.00878	0.00500	0.00577	0.00555	0.00649	0.00480	0.00385	0.01007	0.00984	0.08141	0.12193	0.04629	0.06733	0.31548	0.01208	0.00263	0.00341	0.02605	0.25901	0.00421
36	0.05663	0.01120	0.01287	0.00990	0.01369	0.01160	0.00818	0.43805	0.01849	0.34707	0.01449	0.01346	0.00965	0.00583	0.00478	0.00147	0.00477	0.00450	0.00524	0.00811
37	0.11417	0.00939	0.01254	0.21915	0.03685	0.03134	0.04295	0.08546	0.02531	0.27841	0.01397	0.04693	0.01063	0.00611	0.00481	0.00158	0.00510	0.04463	0.00406	0.00662
38	0.00809	0.00536	0.00696	0.00640	0.00778	0.00500	0.00485	0.01071	0.03875	0.07534	0.71639	0.03421	0.04232	0.00952	0.00563	0.00153	0.00247	0.00838	0.00537	0.00493
39	0.01038	0.00582	0.00596	0.00547	0.00700	0.00603	0.00422	0.12230	0.01198	0.01986	0.01521	0.01714	0.01182	0.00567	0.00360	0.00118	0.00270	0.00449	0.73412	0.00505
40	0.00967	0.00914	0.01547	0.67423	0.17314	0.01090	0.01372	0.01284	0.00994	0.01301	0.00870	0.01275	0.00668	0.00475	0.00484	0.00158	0.00633	0.00431	0.00220	0.00580
41	0.83130	0.00953	0.00741	0.00656	0.00959	0.01103	0.00540	0.04391	0.00881	0.02208	0.00694	0.00802	0.00536	0.00455	0.00307	0.00150	0.00381	0.00269	0.00307	0.00536
42	0.00697	0.00460	0.00554	0.00580	0.00590	0.00454	0.00355	0.00705	0.00758	0.01010	0.01733	0.18613	0.02006	0.56880	0.01985	0.07693	0.00428	0.03863	0.00323	0.00312
43	0.00687	0.00510	0.00746	0.00752	0.00829	0.00582	0.00571	0.00841	0.00782	0.01116	0.01397	0.06729	0.01373	0.09951	0.69966	0.00720	0.01171	0.00584	0.00273	0.00419
44	0.00613	0.00462	0.00567	0.00604	0.00695	0.00416	0.00429	0.00749	0.01104	0.01459	0.25280	0.38097	0.25191	0.01286	0.00592	0.00175	0.00256	0.01134	0.00474	0.00416
45	0.01194	0.00672	0.00780	0.00696	0.00881	0.00682	0.00537	0.15047	0.01269	0.13965	0.03366	0.14680	0.01557	0.03066	0.05766	0.00191	0.00395	0.00622	0.34072	0.00561
46	0.02057	0.00866	0.01126	0.00873	0.01234	0.00791	0.00718	0.09321	0.04156	0.67167	0.01831	0.01617	0.01176	0.00599	0.00481	0.00148	0.00415	0.00483	0.04134	0.00807
47	0.00919	0.00869	0.01477	0.80478	0.03324	0.01079	0.02624	0.01243	0.00972	0.01243	0.00863	0.01292	0.00647	0.00483	0.00486	0.00162	0.00649	0.00433	0.00216	0.00540
48	0.01296	0.60939	0.17565	0.00945	0.01415	0.01684	0.01011	0.03227	0.01044	0.05887	0.00795	0.00885	0.00659	0.00438	0.00354	0.00117	0.00551	0.00296	0.00236	0.00657
49	0.01248	0.03619	0.17071	0.01007	0.02314	0.00965	0.03127	0.12098	0.07709	0.09493	0.03156	0.01282	0.00943	0.00489	0.00435	0.00122	0.00479	0.01249	0.00350	0.32845
50	0.01029	0.16170	0.62536	0.01248	0.01896	0.01232	0.01556	0.01502	0.01016	0.01470	0.00836	0.00980	0.00621	0.00447	0.00429	0.00140	0.00662	0.00337	0.00210	0.05683
51	0.00585	0.00467	0.00524	0.00561	0.00675	0.00406	0.00401	0.00700	0.01058	0.01319	0.08270	0.31559	0.49139	0.01315	0.00588	0.00174	0.00257	0.01137	0.00455	0.00406
52	0.00833	0.00427	0.00640	0.00640	0.00645	0.00432	0.00432	0.00645	0.00640	0.00858	0.00868	0.01498	0.00863	0.01798	0.06523	0.80923	0.00472	0.00427	0.00213	0.00223
53	0.00954	0.00901	0.01523	0.71114	0.13727	0.01087	0.01365	0.01272	0.00987	0.01285	0.00868	0.01279	0.00662	0.00477	0.00484	0.00159	0.00636	0.00431	0.00219	0.00569
54	0.00980	0.05530	0.00951	0.03995	0.01054	0.00807	0.00642	0.17270	0.04166	0.02952	0.02114	0.44910	0.04092	0.01120	0.00571	0.00176	0.01816	0.03861	0.02464	0.00531
55	0.01818	0.00739	0.01002	0.00822	0.01124	0.00645	0.00662	0.01988	0.01293	0.62201	0.02142	0.15417	0.03696	0.00796	0.00518	0.00161	0.00387	0.03297	0.00565	0.00728
56	0.00903	0.00452	0.00452	0.00452	0.00565	0.00452	0.00339	0.01129	0.01016	0.01807	0.01581	0.01807	0.01242	0.00565	0.00339	0.00113	0.00226	0.00452	0.85659	0.00452
57	0.00888	0.00653	0.02251	0.00748	0.00922	0.00601	0.03536	0.05786	0.04732	0.07694	0.39650	0.15699	0.11568	0.01004	0.00564	0.00162	0.00313	0.02217	0.00493	0.00518
58	0.01022	0.00993	0.01638	0.56211	0.23001	0.03284	0.04335	0.01333	0.01021	0.01338	0.00876	0.01257	0.00680	0.00468	0.00485	0.00156	0.00641	0.00433	0.00224	0.00603
59	0.00881	0.00656	0.00776	0.00724	0.00894	0.00667	0.00555	0.01399	0.22286	0.05333	0.41638	0.06333	0.11123	0.00942	0.00552	0.00161	0.00291	0.03730	0.00510	0.00549
60	0.00842	0.00421	0.00631	0.00631	0.00631	0.00421	0.00421	0.00631	0.00631	0.00842	0.00842	0.01473	0.00842	0.01684	0.01894	0.85901	0.00421	0.00421	0.00210	0.00210
61	0.83910	0.00943	0.00749	0.00705	0.03239	0.01089	0.00553	0.01426	0.00833	0.02157	0.00682	0.00799	0.00532	0.00449	0.00305	0.00150	0.00381	0.00267	0.00298	0.00532
62	0.00768	0.00588	0.00759	0.00707	0.00841	0.00573	0.02237	0.03683	0.01193	0.03078	0.33446	0.16201	0.17895	0.03457	0.00690	0.00175	0.05373	0.04239	0.00457	0.03639
63	0.01545	0.04198	0.17554	0.03376	0.09655	0.47464	0.01172	0.06797	0.01314	0.01420	0.00818	0.00964	0.00650	0.00487	0.00447	0.00134	0.00774	0.00343	0.00253	0.00632
64	0.00836	0.00460	0.00497	0.00496	0.00606	0.00449	0.00369	0.01052	0.01084	0.01792	0.17191	0.06498	0.03876	0.00715	0.00405	0.00126	0.00230	0.00598	0.62272	0.00449
65	0.79002	0.00972	0.00807	0.00707	0.01007	0.02995	0.03529	0.01424	0.00853	0.02104	0.00737	0.02785	0.00600	0.00475	0.00321	0.00151	0.00402	0.00302	0.00300	0.00528
66	0.06977	0.01151	0.01138	0.03291	0.01304	0.10811	0.01819	0.11168	0.35116	0.01936	0.06859	0.03514	0.01368	0.00641	0.00521	0.00152	0.04188	0.00504	0.02017	0.05523
67	0.02947	0.00677	0.00801	0.00720	0.00915	0.00638	0.00536	0.07694	0.02924	0.01553	0.03195	0.27548	0.01772	0.07241	0.07882	0.00221	0.01267	0.00732	0.06184	0.24552
68	0.09577	0.04193	0.18209	0.17483	0.08123	0.01069	0.04106	0.05515	0.06023	0.08525	0.01060	0.01272	0.00802	0.00496	0.00449	0.00145	0.00552	0.01982	0.00302	0.10117

[dist]
# distance from previous block
# <min> <max>
0	19

[block]
# block no. 5 follows, 52 sequences, length 11
# corresponding to MSA columns:
# 425-435
name=unknown_F
#
# <colnr> <probs for GDERKNQSTAVLIFYWHMCP>
#	G	D	E	R	K	N	Q	S	T	A	V	L	I	F	Y	W	H	M	C	P
0	0.10654	0.04831	0.01143	0.00903	0.02933	0.08061	0.00711	0.09409	0.04132	0.01701	0.01122	0.03024	0.03333	0.00626	0.02519	0.00139	0.06298	0.03284	0.00318	0.34859
1	0.17982	0.04385	0.06682	0.04937	0.24715	0.05445	0.02590	0.03478	0.04074	0.01699	0.07538	0.02974	0.02695	0.02477	0.00492	0.00152	0.00502	0.01782	0.00304	0.05098
2	0.00742	0.00571	0.00817	0.00792	0.00852	0.00681	0.00603	0.00867	0.00758	0.01091	0.01241	0.01991	0.01219	0.15816	0.56622	0.03550	0.10580	0.00534	0.00258	0.00414
3	0.06870	0.01180	0.01458	0.05810	0.07005	0.11530	0.13286	0.12324	0.08463	0.04608	0.01318	0.09758	0.02804	0.00700	0.02237	0.00166	0.03871	0.00545	0.00344	0.05724
4	0.01580	0.01208	0.01351	0.10500	0.01639	0.01360	0.00921	0.52147	0.16809	0.02602	0.01298	0.01324	0.00943	0.00584	0.00481	0.00150	0.00507	0.00458	0.03372	0.00767
5	0.00842	0.00421	0.00631	0.00631	0.00631	0.00421	0.00421	0.00631	0.00631	0.00842	0.00842	0.01473	0.00842	0.01684	0.01894	0.85901	0.00421	0.00421	0.00210	0.00210
6	0.00915	0.00861	0.01453	0.81804	0.03338	0.01077	0.01346	0.01238	0.00969	0.01238	0.00861	0.01292	0.00646	0.00484	0.00484	0.00161	0.00646	0.00431	0.00215	0.00538
7	0.01149	0.24409	0.19536	0.10760	0.01998	0.05200	0.19532	0.01506	0.03376	0.01367	0.00852	0.01073	0.00677	0.00472	0.00524	0.00146	0.06161	0.00398	0.00228	0.00636
8	0.00831	0.00614	0.00818	0.00903	0.01034	0.00633	0.00779	0.01188	0.10228	0.01518	0.02496	0.05039	0.02636	0.01259	0.00649	0.00216	0.00439	0.67785	0.00452	0.00484
9	0.00698	0.00496	0.00659	0.00659	0.00704	0.00541	0.00457	0.00789	0.00743	0.01036	0.01407	0.02510	0.01475	0.41568	0.43476	0.00631	0.00902	0.00608	0.00276	0.00366
10	0.00637	0.00514	0.00649	0.00641	0.00775	0.00458	0.03395	0.00792	0.01127	0.01446	0.19715	0.20225	0.40020	0.01214	0.00589	0.00172	0.00285	0.06460	0.00459	0.00428

[dist]
# distance from previous block
# <min> <max>
0	1

[block]
# block no. 6 follows, 52 sequences, length 72
# corresponding to MSA columns:
# 437-508
name=unknown_G
#
# <colnr> <probs for GDERKNQSTAVLIFYWHMCP>
#	G	D	E	R	K	N	Q	S	T	A	V	L	I	F	Y	W	H	M	C	P
0	0.05729	0.04617	0.26119	0.06287	0.06598	0.05901	0.18420	0.03181	0.04148	0.07008	0.01071	0.02422	0.00838	0.00522	0.00510	0.00156	0.02443	0.03085	0.00280	0.00666
1	0.00963	0.00887	0.01454	0.77624	0.03243	0.01099	0.01324	0.05233	0.01037	0.01332	0.00877	0.01285	0.00655	0.00490	0.00485	0.00161	0.00640	0.00431	0.00229	0.00553
2	0.02810	0.02548	0.11847	0.00824	0.01283	0.00760	0.00756	0.01375	0.02852	0.06532	0.00947	0.01058	0.00746	0.00398	0.00382	0.00092	0.00415	0.00314	0.00299	0.63762
3	0.00911	0.00848	0.01417	0.75823	0.04912	0.01047	0.01294	0.01216	0.00958	0.01230	0.00897	0.01387	0.00707	0.04757	0.00587	0.00177	0.00635	0.00445	0.00220	0.00531
4	0.00618	0.00455	0.00579	0.00627	0.00702	0.00416	0.00440	0.00753	0.01094	0.01471	0.27299	0.46136	0.15008	0.01309	0.00597	0.00178	0.00259	0.01167	0.00476	0.00416
5	0.00994	0.00984	0.01334	0.29016	0.06001	0.08408	0.03874	0.01199	0.00958	0.01257	0.01226	0.12953	0.03787	0.00818	0.02591	0.00188	0.21169	0.00582	0.02138	0.00525
6	0.00709	0.00506	0.00634	0.00646	0.00689	0.00534	0.00431	0.00842	0.04822	0.01096	0.01667	0.15385	0.01821	0.43323	0.24283	0.00498	0.00669	0.00751	0.00319	0.00373
7	0.03303	0.07926	0.03215	0.01195	0.01436	0.45128	0.00962	0.11882	0.01318	0.01454	0.00777	0.00944	0.00651	0.00573	0.00665	0.00145	0.17210	0.00347	0.00270	0.00597
8	0.86392	0.00937	0.00712	0.00637	0.00937	0.01087	0.00525	0.01425	0.00825	0.02174	0.00675	0.00787	0.00525	0.00450	0.00300	0.00150	0.00375	0.00262	0.00300	0.00525
9	0.00876	0.00457	0.00476	0.00472	0.00585	0.00452	0.00354	0.01102	0.01061	0.01824	0.11426	0.02035	0.01662	0.00618	0.00368	0.00118	0.00226	0.00505	0.74929	0.00452
10	0.00692	0.00519	0.00779	0.00779	0.00865	0.00606	0.00606	0.00865	0.00779	0.01125	0.01298	0.01904	0.01211	0.03634	0.81049	0.00779	0.01298	0.00519	0.00260	0.00433
11	0.00661	0.00509	0.00529	0.00514	0.00688	0.00427	0.00389	0.00791	0.01128	0.05531	0.06962	0.04472	0.73345	0.01187	0.00568	0.00163	0.00254	0.00990	0.00460	0.00433
12	0.03816	0.01404	0.01432	0.01112	0.01489	0.06243	0.00913	0.71970	0.02190	0.02922	0.01127	0.01137	0.00805	0.00574	0.00478	0.00144	0.00550	0.00425	0.00466	0.00801
13	0.01182	0.01134	0.01936	0.07677	0.75376	0.01147	0.01479	0.01472	0.01095	0.01563	0.00909	0.01205	0.00760	0.00435	0.00480	0.00145	0.00580	0.00432	0.00238	0.00754
14	0.01253	0.01053	0.01101	0.00986	0.01263	0.02451	0.00768	0.02557	0.74814	0.05062	0.01951	0.01787	0.01455	0.00653	0.00492	0.00163	0.00392	0.00542	0.00493	0.00766
15	0.01398	0.01137	0.01204	0.01025	0.01334	0.01295	0.00814	0.25527	0.55805	0.02338	0.01727	0.01613	0.01281	0.00635	0.00491	0.00159	0.00429	0.00514	0.00491	0.00784
16	0.00692	0.00519	0.00779	0.00779	0.00865	0.00606	0.00606	0.00865	0.00779	0.01125	0.01298	0.01904	0.01211	0.03634	0.81049	0.00779	0.01298	0.00519	0.00260	0.00433
17	0.00601	0.00469	0.00545	0.00574	0.00684	0.00413	0.00412	0.00731	0.01099	0.01409	0.18782	0.30025	0.39975	0.01276	0.00588	0.00172	0.00254	0.01110	0.00466	0.00413
18	0.00918	0.00865	0.01454	0.80226	0.03297	0.01085	0.01340	0.01237	0.00965	0.01237	0.00857	0.01287	0.00646	0.00492	0.00506	0.00162	0.02242	0.00431	0.00215	0.00538
19	0.01044	0.11780	0.01464	0.01088	0.01249	0.02894	0.04992	0.03046	0.00938	0.01314	0.01108	0.04930	0.01114	0.00957	0.05280	0.00209	0.35221	0.12165	0.00276	0.08929
20	0.86392	0.00937	0.00712	0.00637	0.00937	0.01087	0.00525	0.01425	0.00825	0.02174	0.00675	0.00787	0.00525	0.00450	0.00300	0.00150	0.00375	0.00262	0.00300	0.00525
21	0.00989	0.06818	0.76298	0.01352	0.02052	0.01168	0.01739	0.01530	0.01021	0.01514	0.00859	0.01010	0.00614	0.00458	0.00452	0.00151	0.00706	0.00353	0.00205	0.00711
22	0.01778	0.02226	0.01407	0.01338	0.05687	0.74973	0.00965	0.03627	0.01379	0.01249	0.00767	0.00898	0.00636	0.00498	0.00440	0.00126	0.00850	0.00321	0.00254	0.00579
23	0.01738	0.01365	0.01432	0.01116	0.01476	0.07756	0.03891	0.63489	0.02076	0.02757	0.02805	0.01232	0.00906	0.00576	0.00478	0.00143	0.00549	0.00442	0.05005	0.00769
24	0.00704	0.00473	0.00547	0.00547	0.00553	0.00480	0.00316	0.00716	0.00710	0.00953	0.01510	0.03079	0.01722	0.77193	0.08188	0.00492	0.00530	0.00691	0.00291	0.00304
25	0.01144	0.01307	0.02859	0.02042	0.02533	0.01225	0.78186	0.01552	0.01144	0.01552	0.00980	0.01307	0.00735	0.00408	0.00572	0.00163	0.00817	0.00572	0.00245	0.00654
26	0.01323	0.78939	0.02477	0.00852	0.01257	0.06141	0.00835	0.01477	0.01005	0.01143	0.00678	0.00783	0.00622	0.00419	0.00318	0.00105	0.00537	0.00262	0.00210	0.00619
27	0.01137	0.01327	0.07904	0.12413	0.02517	0.01221	0.56455	0.05585	0.01161	0.01578	0.00957	0.01271	0.00717	0.00444	0.00578	0.00163	0.03147	0.00527	0.00250	0.00648
28	0.00793	0.00538	0.00624	0.00602	0.00647	0.00559	0.00384	0.06277	0.00847	0.01165	0.01491	0.03996	0.01616	0.60972	0.12589	0.00464	0.00568	0.00658	0.04849	0.00360
29	0.00692	0.00519	0.00779	0.00779	0.00865	0.00606	0.00606	0.00865	0.00779	0.01125	0.01298	0.01904	0.01211	0.03634	0.81049	0.00779	0.01298	0.00519	0.00260	0.00433
30	0.00943	0.00901	0.01556	0.73270	0.07450	0.01089	0.05456	0.01268	0.00986	0.01274	0.00870	0.01288	0.00657	0.00478	0.00489	0.00161	0.00651	0.00438	0.00218	0.00557
31	0.01051	0.00891	0.01037	0.00748	0.01169	0.00706	0.00601	0.05336	0.01068	0.01651	0.00874	0.01014	0.00722	0.00379	0.00387	0.00078	0.01765	0.00297	0.00296	0.79928
32	0.00798	0.00438	0.00630	0.00624	0.00653	0.00428	0.00428	0.00693	0.00802	0.01090	0.17335	0.03674	0.03567	0.01525	0.01561	0.64272	0.00374	0.00550	0.00288	0.00270
33	0.01001	0.00996	0.01635	0.04467	0.01532	0.01224	0.18465	0.01184	0.00844	0.01235	0.00873	0.01388	0.00815	0.07169	0.11419	0.00290	0.44211	0.00491	0.00232	0.00529
34	0.00594	0.00430	0.00564	0.00667	0.00706	0.00399	0.00451	0.00686	0.00949	0.01257	0.04083	0.75299	0.07749	0.01489	0.00616	0.00195	0.00281	0.02739	0.00451	0.00397
35	0.00669	0.00495	0.00624	0.00592	0.00714	0.00450	0.00444	0.00881	0.01331	0.01848	0.68422	0.03777	0.15900	0.01026	0.00572	0.00154	0.00231	0.00898	0.00521	0.00450
36	0.01156	0.11829	0.43123	0.01119	0.01638	0.02755	0.01274	0.02951	0.06598	0.10458	0.06984	0.01464	0.04128	0.00606	0.01735	0.00157	0.00589	0.00441	0.00310	0.00684
37	0.00692	0.00519	0.00779	0.00779	0.00865	0.00606	0.00606	0.00865	0.00779	0.01125	0.01298	0.01904	0.01211	0.03634	0.81049	0.00779	0.01298	0.00519	0.00260	0.00433
38	0.00697	0.00502	0.00690	0.00690	0.00745	0.00557	0.00495	0.00808	0.00752	0.01059	0.01380	0.02355	0.01408	0.31904	0.53047	0.00669	0.01003	0.00585	0.00272	0.00383
39	0.00915	0.00861	0.01453	0.81804	0.03338	0.01077	0.01346	0.01238	0.00969	0.01238	0.00861	0.01292	0.00646	0.00484	0.00484	0.00161	0.00646	0.00431	0.00215	0.00538
40	0.00692	0.00519	0.00779	0.00779	0.00865	0.00606	0.00606	0.00865	0.00779	0.01125	0.01298	0.01904	0.01211	0.03634	0.81049	0.00779	0.01298	0.00519	0.00260	0.00433
41	0.00600	0.00438	0.00552	0.00634	0.00683	0.00404	0.00426	0.00688	0.00952	0.01249	0.05584	0.62214	0.14414	0.07820	0.00755	0.00212	0.00289	0.01255	0.00441	0.00390
42	0.00915	0.00861	0.01453	0.81804	0.03338	0.01077	0.01346	0.01238	0.00969	0.01238	0.00861	0.01292	0.00646	0.00484	0.00484	0.00161	0.00646	0.00431	0.00215	0.00538
43	0.00705	0.00470	0.00529	0.00529	0.00529	0.00470	0.00294	0.00705	0.00705	0.00940	0.01527	0.03171	0.01762	0.82969	0.02467	0.00470	0.00470	0.00705	0.00294	0.00294
44	0.00695	0.00468	0.00543	0.00560	0.00568	0.00465	0.00332	0.00714	0.00747	0.00994	0.01698	0.12138	0.01966	0.70435	0.02184	0.00429	0.00448	0.03985	0.00318	0.00311
45	0.08533	0.00863	0.00990	0.00737	0.01133	0.00713	0.00592	0.02931	0.02730	0.10581	0.04064	0.01181	0.00924	0.00429	0.00382	0.00094	0.00365	0.00339	0.00341	0.62076
46	0.11403	0.36331	0.38028	0.01059	0.01598	0.01454	0.01233	0.01486	0.00983	0.01446	0.00764	0.00891	0.00607	0.00440	0.00378	0.00132	0.00592	0.00305	0.00217	0.00653
47	0.86392	0.00937	0.00712	0.00637	0.00937	0.01087	0.00525	0.01425	0.00825	0.02174	0.00675	0.00787	0.00525	0.00450	0.00300	0.00150	0.00375	0.00262	0.00300	0.00525
