[name]
unknown

[dist]
# distance from previous block
# <min> <max>
0	254

[block]
# block no. 0 follows, 55 sequences, length 72
# corresponding to MSA columns:
# 254-325
name=unknown_A
#
# <colnr> <probs for GDERKNQSTAVLIFYWHMCP>
#	G	D	E	R	K	N	Q	S	T	A	V	L	I	F	Y	W	H	M	C	P
0	0.00791	0.00594	0.00867	0.01063	0.09207	0.00594	0.00820	0.01012	0.01070	0.01405	0.02299	0.04824	0.02477	0.01195	0.00624	0.00206	0.00441	0.69641	0.00408	0.00460
1	0.00734	0.00532	0.00674	0.00622	0.00747	0.00508	0.00470	0.06413	0.01365	0.01919	0.72349	0.05907	0.04092	0.00940	0.00544	0.00147	0.00242	0.00827	0.00506	0.00462
2	0.01276	0.75392	0.02374	0.00853	0.01252	0.01791	0.03349	0.06903	0.01038	0.01237	0.00690	0.00789	0.00614	0.00409	0.00318	0.00104	0.00508	0.00271	0.00219	0.00612
3	0.00698	0.00658	0.06509	0.00828	0.00967	0.00636	0.03216	0.00898	0.00776	0.01121	0.01207	0.01749	0.01108	0.03173	0.73404	0.00686	0.01192	0.00489	0.00245	0.00442
4	0.01689	0.01262	0.01406	0.01181	0.07031	0.01386	0.00908	0.71145	0.02079	0.02797	0.03683	0.01196	0.00904	0.00561	0.00468	0.00140	0.00505	0.00432	0.00450	0.00776
5	0.01104	0.01055	0.01779	0.04143	0.73661	0.01054	0.01349	0.01370	0.01057	0.01495	0.01146	0.01388	0.06384	0.00469	0.00467	0.00140	0.00531	0.00455	0.00244	0.00709
6	0.00791	0.00404	0.00601	0.00609	0.00611	0.00402	0.00406	0.00609	0.00626	0.00835	0.00932	0.07213	0.00969	0.01605	0.01732	0.80359	0.00395	0.00469	0.00218	0.00214
7	0.03143	0.01108	0.01820	0.02701	0.74600	0.02235	0.01370	0.01470	0.02618	0.03167	0.00907	0.01158	0.00752	0.00423	0.00456	0.00139	0.00545	0.00412	0.00244	0.00730
8	0.01467	0.47286	0.01940	0.00970	0.01304	0.33685	0.00841	0.05415	0.01155	0.01203	0.00699	0.00801	0.00607	0.00438	0.00355	0.00110	0.00634	0.00277	0.00228	0.00584
9	0.00636	0.00530	0.00537	0.00514	0.00686	0.00467	0.00391	0.06225	0.01140	0.01375	0.04458	0.04239	0.74914	0.01134	0.00544	0.00156	0.00255	0.00942	0.00434	0.00421
10	0.00907	0.02265	0.75529	0.01278	0.01919	0.01031	0.01628	0.01415	0.00976	0.01453	0.00957	0.06811	0.00765	0.00514	0.00453	0.00150	0.00658	0.00413	0.00213	0.00666
11	0.00559	0.00470	0.00484	0.00484	0.00635	0.00396	0.00362	0.00684	0.01077	0.01303	0.10603	0.05993	0.73030	0.01166	0.00551	0.00157	0.00235	0.00978	0.00438	0.00396
12	0.01768	0.01303	0.01396	0.01070	0.01443	0.01443	0.00884	0.79197	0.02187	0.02932	0.01117	0.01117	0.00791	0.00558	0.00465	0.00140	0.00512	0.00419	0.00465	0.00791
13	0.01244	0.83930	0.02438	0.00796	0.01194	0.01841	0.00796	0.01393	0.00945	0.01095	0.00647	0.00746	0.00597	0.00398	0.00299	0.00100	0.00498	0.00249	0.00199	0.00597
14	0.01244	0.83930	0.02438	0.00796	0.01194	0.01841	0.00796	0.01393	0.00945	0.01095	0.00647	0.00746	0.00597	0.00398	0.00299	0.00100	0.00498	0.00249	0.00199	0.00597
15	0.00933	0.02406	0.81240	0.01326	0.02014	0.01080	0.01719	0.01473	0.00982	0.01473	0.00835	0.00982	0.00589	0.00442	0.00442	0.00147	0.00688	0.00344	0.00196	0.00688
16	0.01244	0.83930	0.02438	0.00796	0.01194	0.01841	0.00796	0.01393	0.00945	0.01095	0.00647	0.00746	0.00597	0.00398	0.00299	0.00100	0.00498	0.00249	0.00199	0.00597
17	0.01118	0.50849	0.34415	0.01011	0.01527	0.01532	0.01170	0.01426	0.00960	0.01248	0.00723	0.00842	0.00594	0.00416	0.00357	0.00119	0.00575	0.00287	0.00198	0.00634
18	0.01143	0.00987	0.01039	0.00936	0.01197	0.01140	0.00728	0.02431	0.78131	0.01931	0.01957	0.01797	0.03204	0.00643	0.00475	0.00158	0.00365	0.00536	0.00472	0.00729
19	0.01018	0.01018	0.01425	0.01221	0.01221	0.01425	0.01018	0.01120	0.00712	0.01120	0.00611	0.01018	0.00611	0.00814	0.01527	0.00204	0.82799	0.00407	0.00204	0.00509
20	0.00965	0.00827	0.00965	0.00689	0.01102	0.00620	0.00551	0.01171	0.00965	0.01516	0.00827	0.00965	0.00689	0.00345	0.00345	0.00069	0.00345	0.00276	0.00276	0.86494
21	0.01738	0.02217	0.01318	0.01199	0.01438	0.81783	0.00899	0.01858	0.01318	0.01139	0.00719	0.00839	0.00599	0.00479	0.00419	0.00120	0.00839	0.00300	0.00240	0.00539
22	0.00550	0.00471	0.00471	0.00471	0.00628	0.00393	0.00353	0.00668	0.01060	0.01257	0.04713	0.04477	0.80560	0.01178	0.00550	0.00157	0.00236	0.00982	0.00432	0.00393
23	0.01244	0.83930	0.02438	0.00796	0.01194	0.01841	0.00796	0.01393	0.00945	0.01095	0.00647	0.00746	0.00597	0.00398	0.00299	0.00100	0.00498	0.00249	0.00199	0.00597
24	0.01157	0.00999	0.01052	0.00947	0.01210	0.01157	0.00736	0.02472	0.79908	0.01946	0.01893	0.01736	0.01420	0.00631	0.00473	0.00158	0.00368	0.00526	0.00473	0.00736
25	0.00965	0.00827	0.00965	0.00689	0.01102	0.00620	0.00551	0.01171	0.00965	0.01516	0.00827	0.00965	0.00689	0.00345	0.00345	0.00069	0.00345	0.00276	0.00276	0.86494
26	0.01768	0.01303	0.01396	0.01070	0.01443	0.01443	0.00884	0.79197	0.02187	0.02932	0.01117	0.01117	0.00791	0.00558	0.00465	0.00140	0.00512	0.00419	0.00465	0.00791
27	0.00567	0.00405	0.00540	0.00648	0.00675	0.00378	0.00432	0.00648	0.00891	0.01188	0.02564	0.83347	0.03077	0.01457	0.00594	0.00189	0.00270	0.01323	0.00432	0.00378
28	0.00677	0.00451	0.00507	0.00507	0.00507	0.00451	0.00282	0.00677	0.00677	0.00902	0.01466	0.03044	0.01691	0.83650	0.02368	0.00451	0.00451	0.00677	0.00282	0.00282
29	0.00879	0.00827	0.01395	0.82532	0.03204	0.01034	0.01292	0.01189	0.00930	0.01189	0.00827	0.01240	0.00620	0.00465	0.00465	0.00155	0.00620	0.00413	0.00207	0.00517
30	0.00808	0.00404	0.00606	0.00606	0.00606	0.00404	0.00404	0.00606	0.00606	0.00808	0.00808	0.01414	0.00808	0.01616	0.01818	0.86465	0.00404	0.00404	0.00202	0.00202
31	0.00886	0.00835	0.01409	0.80282	0.05394	0.01036	0.01296	0.01195	0.00934	0.01198	0.00828	0.01238	0.00623	0.00464	0.00465	0.00155	0.00618	0.00413	0.00207	0.00523
32	0.01018	0.01018	0.01425	0.01221	0.01221	0.01425	0.01018	0.01120	0.00712	0.01120	0.00611	0.01018	0.00611	0.00814	0.01527	0.00204	0.82799	0.00407	0.00204	0.00509
33	0.01098	0.01255	0.02745	0.01961	0.02431	0.01176	0.79059	0.01490	0.01098	0.01490	0.00941	0.01255	0.00706	0.00392	0.00549	0.00157	0.00784	0.00549	0.00235	0.00627
34	0.02087	0.00792	0.01080	0.00828	0.01188	0.00684	0.00684	0.02267	0.01332	0.81071	0.01835	0.01583	0.01152	0.00576	0.00468	0.00144	0.00396	0.00468	0.00576	0.00792
35	0.00879	0.00827	0.01395	0.82532	0.03204	0.01034	0.01292	0.01189	0.00930	0.01189	0.00827	0.01240	0.00620	0.00465	0.00465	0.00155	0.00620	0.00413	0.00207	0.00517
36	0.00622	0.00462	0.00580	0.00580	0.00683	0.00420	0.00426	0.00796	0.01184	0.01616	0.50356	0.18976	0.18298	0.01095	0.00559	0.00157	0.00235	0.02057	0.00481	0.00419
37	0.00946	0.02316	0.75058	0.01376	0.02046	0.01088	0.07810	0.01475	0.00991	0.01475	0.00843	0.01004	0.00598	0.00438	0.00450	0.00148	0.00695	0.00360	0.00199	0.00683
38	0.00879	0.00827	0.01395	0.82532	0.03204	0.01034	0.01292	0.01189	0.00930	0.01189	0.00827	0.01240	0.00620	0.00465	0.00465	0.00155	0.00620	0.00413	0.00207	0.00517
39	0.00750	0.00535	0.00750	0.00857	0.00964	0.00535	0.00750	0.00964	0.01071	0.01392	0.02463	0.05248	0.02677	0.01285	0.00643	0.00214	0.00428	0.77617	0.00428	0.00428
40	0.01074	0.02173	0.68790	0.01294	0.01935	0.01038	0.04706	0.01566	0.01027	0.10705	0.00955	0.01063	0.00659	0.00456	0.00449	0.00147	0.00658	0.00366	0.00242	0.00697
41	0.00943	0.04927	0.78803	0.01310	0.01988	0.01104	0.01690	0.01471	0.00981	0.01462	0.00829	0.00975	0.00590	0.00441	0.00438	0.00146	0.00682	0.00341	0.00197	0.00685
42	0.00913	0.00836	0.01488	0.33401	0.02179	0.00907	0.19537	0.01188	0.00998	0.03550	0.01424	0.06706	0.03687	0.02376	0.00607	0.00176	0.03590	0.15633	0.00288	0.00517
43	0.01070	0.05347	0.18228	0.17161	0.41921	0.02749	0.04142	0.01402	0.01020	0.01420	0.00846	0.01111	0.00674	0.00429	0.00452	0.00142	0.00604	0.00394	0.00218	0.00671
44	0.01070	0.00987	0.01658	0.35069	0.28779	0.01086	0.08835	0.06817	0.01077	0.02888	0.00945	0.04022	0.00773	0.00496	0.00514	0.00151	0.03503	0.00459	0.00250	0.00621
45	0.01038	0.04649	0.67710	0.01311	0.03663	0.01080	0.03148	0.01553	0.03123	0.07109	0.00931	0.01047	0.00657	0.00454	0.00443	0.00146	0.00652	0.00360	0.00232	0.00693
46	0.01060	0.01071	0.03353	0.17907	0.33887	0.02434	0.19877	0.01356	0.01044	0.02740	0.02683	0.02590	0.03211	0.00498	0.00522	0.00151	0.02997	0.01740	0.00249	0.00631
47	0.01000	0.12745	0.55194	0.03919	0.05055	0.01198	0.07685	0.01462	0.02460	0.01417	0.00833	0.01003	0.00623	0.00447	0.00466	0.00144	0.03121	0.00358	0.00207	0.00663
48	0.00952	0.06531	0.52738	0.02895	0.05795	0.01047	0.02987	0.01406	0.03886	0.02941	0.02564	0.02634	0.08049	0.00549	0.00486	0.00148	0.03062	0.00440	0.00247	0.00643
49	0.00772	0.00676	0.00966	0.00879	0.00937	0.00783	0.06148	0.00873	0.00831	0.01152	0.03507	0.25699	0.08064	0.18190	0.01247	0.00243	0.26214	0.02079	0.00317	0.00420
50	0.01072	0.05715	0.41441	0.01420	0.10857	0.08616	0.07432	0.02996	0.02693	0.03059	0.02377	0.04253	0.03234	0.00531	0.00460	0.00145	0.00627	0.02171	0.00252	0.00646
51	0.01041	0.01081	0.03113	0.28254	0.29911	0.04088	0.18842	0.01345	0.01035	0.01378	0.01050	0.01347	0.04476	0.00465	0.00484	0.00148	0.00625	0.00466	0.00233	0.00616
52	0.01188	0.01168	0.07240	0.13991	0.47885	0.04661	0.03651	0.01497	0.02876	0.08164	0.01042	0.01259	0.02366	0.00460	0.00463	0.00142	0.00568	0.00427	0.00264	0.00687
53	0.01060	0.01000	0.01679	0.09186	0.64090	0.01011	0.01288	0.01325	0.01062	0.01500	0.06660	0.03879	0.03193	0.00508	0.00474	0.00142	0.00518	0.00487	0.00260	0.00678
54	0.01269	0.01223	0.13684	0.03650	0.10232	0.03677	0.13989	0.06219	0.07337	0.16981	0.03693	0.04799	0.04058	0.00591	0.00561	0.00153	0.06363	0.00512	0.00348	0.00660
55	0.01096	0.09078	0.47509	0.01324	0.06527	0.01186	0.05163	0.11686	0.06607	0.01660	0.00985	0.03381	0.00759	0.00491	0.00445	0.00144	0.00611	0.00400	0.00262	0.00688
56	0.01274	0.01362	0.01092	0.00997	0.01196	0.31800	0.00759	0.01809	0.29443	0.01411	0.01406	0.02698	0.04712	0.03410	0.05920	0.03189	0.06154	0.00463	0.00334	0.00571
57	0.01000	0.02847	0.16604	0.03753	0.08776	0.00882	0.19017	0.04507	0.01064	0.07254	0.01549	0.23311	0.03739	0.01910	0.00542	0.00164	0.00532	0.01645	0.00322	0.00583
58	0.01183	0.01116	0.07491	0.15119	0.36495	0.01032	0.12943	0.03043	0.01090	0.10731	0.01062	0.03156	0.00845	0.00484	0.00481	0.00148	0.00580	0.02046	0.00278	0.00674
59	0.01082	0.01042	0.01712	0.15409	0.56462	0.02688	0.03094	0.01366	0.02374	0.01437	0.00976	0.04971	0.00858	0.00499	0.00502	0.00147	0.02879	0.01594	0.00242	0.00668
60	0.00596	0.00454	0.00610	0.00657	0.00731	0.00421	0.02541	0.00711	0.00961	0.01266	0.09324	0.54216	0.16825	0.01428	0.04416	0.00206	0.00324	0.03492	0.00425	0.00396
61	0.01154	0.01184	0.09942	0.04864	0.38598	0.04660	0.06444	0.03834	0.03900	0.07125	0.06195	0.02925	0.03750	0.00546	0.00480	0.00146	0.00539	0.02747	0.00300	0.00668
62	0.01077	0.27536	0.49238	0.01182	0.01752	0.02844	0.05066	0.03789	0.01019	0.01394	0.00788	0.00924	0.00603	0.00430	0.00403	0.00132	0.00631	0.00326	0.00208	0.00657
63	0.01143	0.00792	0.00905	0.00806	0.01029	0.00847	0.00626	0.01912	0.41747	0.14063	0.20693	0.03548	0.02133	0.02942	0.00540	0.00160	0.00333	0.01672	0.03468	0.00641
64	0.01105	0.01138	0.06410	0.14278	0.60769	0.01093	0.02689	0.02991	0.01060	0.01496	0.00896	0.01217	0.00741	0.00439	0.00464	0.00143	0.00571	0.01569	0.00233	0.00697
65	0.01082	0.03610	0.39440	0.05312	0.17708	0.03632	0.13523	0.05812	0.02685	0.01545	0.00888	0.01083	0.00667	0.00440	0.00461	0.00145	0.00657	0.00397	0.00232	0.00681
66	0.01105	0.01119	0.04267	0.13207	0.62519	0.01100	0.07053	0.01402	0.01043	0.01473	0.00872	0.01166	0.00715	0.00420	0.00467	0.00142	0.00582	0.00422	0.00227	0.00699
67	0.00569	0.00436	0.00520	0.00575	0.00656	0.00389	0.00400	0.00673	0.00982	0.01258	0.09069	0.46611	0.32112	0.02741	0.00605	0.00178	0.00257	0.01149	0.00435	0.00386
68	0.02722	0.01291	0.19724	0.01300	0.10568	0.00979	0.08806	0.11468	0.06570	0.21871	0.03861	0.05265	0.02287	0.00570	0.00476	0.00148	0.00518	0.00496	0.00379	0.00700
69	0.01106	0.02882	0.23706	0.06056	0.29958	0.02598	0.01286	0.03851	0.01085	0.07100	0.03250	0.03257	0.01053	0.00574	0.00500	0.00151	0.02442	0.08204	0.00282	0.00659
70	0.03798	0.00831	0.02595	0.01106	0.11950	0.02381	0.02485	0.06422	0.03399	0.31450	0.04451	0.22293	0.01659	0.00792	0.00500	0.00156	0.00409	0.02237	0.00448	0.00640
71	0.05409	0.09141	0.46608	0.01498	0.17286	0.01140	0.01418	0.04677	0.01039	0.02828	0.00844	0.00998	0.00636	0.00435	0.00422	0.00137	0.00601	0.00347	0.00229	0.04306

[dist]
# distance from previous block
# <min> <max>
3	11

[block]
# block no. 1 follows, 55 sequences, length 54
# corresponding to MSA columns:
# 337-390
name=unknown_B
#
# <colnr> <probs for GDERKNQSTAVLIFYWHMCP>
#	G	D	E	R	K	N	Q	S	T	A	V	L	I	F	Y	W	H	M	C	P
0	0.01298	0.08614	0.29587	0.01177	0.05691	0.01146	0.02482	0.15888	0.11981	0.12301	0.04445	0.01285	0.00981	0.00522	0.00449	0.00142	0.00533	0.00418	0.00349	0.00710
1	0.00580	0.00415	0.00553	0.00656	0.00692	0.00389	0.00450	0.00673	0.00914	0.01217	0.04410	0.75570	0.04229	0.01431	0.00595	0.00189	0.00278	0.05942	0.00434	0.00383
2	0.01257	0.03044	0.11817	0.04772	0.56505	0.01186	0.02714	0.03665	0.04992	0.01674	0.01093	0.02973	0.00923	0.00547	0.00519	0.00167	0.00603	0.00473	0.00295	0.00781
3	0.01240	0.05290	0.04157	0.02367	0.58017	0.01088	0.07394	0.01515	0.01082	0.10058	0.00985	0.01193	0.00778	0.00433	0.00457	0.00138	0.00548	0.00421	0.02121	0.00719
4	0.01352	0.01095	0.15202	0.03092	0.02613	0.00832	0.07142	0.10524	0.01312	0.27771	0.16295	0.01922	0.04474	0.00637	0.00489	0.00147	0.00459	0.02190	0.01792	0.00658
5	0.00593	0.00441	0.00582	0.00666	0.00696	0.00435	0.00455	0.00674	0.00882	0.01178	0.02519	0.73385	0.06127	0.03846	0.00693	0.00196	0.04590	0.01241	0.00415	0.00382
6	0.01264	0.03124	0.20216	0.01610	0.12134	0.01060	0.28225	0.05088	0.01153	0.15881	0.02360	0.01335	0.00863	0.00479	0.00502	0.00149	0.01533	0.02036	0.00305	0.00683
7	0.01168	0.21380	0.35685	0.01407	0.14779	0.01237	0.03223	0.04642	0.01068	0.07769	0.00932	0.01123	0.00725	0.00463	0.00422	0.00136	0.00585	0.02328	0.00251	0.00678
8	0.00668	0.00440	0.00568	0.00637	0.00704	0.00401	0.00439	0.00761	0.00943	0.06631	0.02795	0.67492	0.13058	0.01361	0.00579	0.00182	0.00274	0.01220	0.00442	0.00408
9	0.00968	0.02199	0.69094	0.01431	0.07928	0.01077	0.03385	0.03695	0.01023	0.01512	0.00893	0.03112	0.00673	0.00468	0.00450	0.00148	0.00664	0.00381	0.00214	0.00685
10	0.01138	0.02481	0.08381	0.02107	0.47835	0.05383	0.04127	0.03430	0.04333	0.03605	0.05713	0.05402	0.01127	0.00539	0.00474	0.00144	0.00538	0.02283	0.00284	0.00676
11	0.00968	0.03971	0.67626	0.01390	0.03838	0.01109	0.08335	0.01513	0.04226	0.01487	0.00884	0.01036	0.00637	0.00444	0.00450	0.00147	0.00676	0.00369	0.00212	0.00684
12	0.20271	0.02747	0.29023	0.01165	0.03544	0.01069	0.10129	0.06557	0.03409	0.12136	0.01009	0.01159	0.00741	0.00491	0.00462	0.00149	0.03091	0.01894	0.00302	0.00651
13	0.01113	0.01612	0.33919	0.04321	0.28092	0.03684	0.03641	0.04817	0.01102	0.05697	0.03343	0.02538	0.00890	0.00500	0.00465	0.00146	0.00598	0.02579	0.00261	0.00683
14	0.01145	0.08608	0.20377	0.09479	0.37353	0.03580	0.01334	0.03066	0.02362	0.05193	0.00939	0.02852	0.00757	0.00462	0.00445	0.00140	0.00577	0.00404	0.00247	0.00683
15	0.00566	0.00450	0.00509	0.00547	0.00655	0.00393	0.00394	0.00678	0.01014	0.01266	0.07662	0.31832	0.48136	0.01266	0.00567	0.00169	0.00251	0.02818	0.00436	0.00391
16	0.01071	0.10471	0.02982	0.11658	0.42188	0.03294	0.09093	0.01326	0.01022	0.01381	0.01037	0.10424	0.00963	0.00537	0.00465	0.00143	0.00556	0.00508	0.00247	0.00637
17	0.01197	0.01371	0.17312	0.11073	0.30251	0.05991	0.07394	0.04374	0.01104	0.08417	0.02656	0.01198	0.00795	0.00477	0.00514	0.00146	0.04377	0.00418	0.00266	0.00671
18	0.01091	0.02648	0.18028	0.11883	0.39288	0.01041	0.02660	0.01461	0.04734	0.05909	0.02449	0.01363	0.04414	0.00488	0.00463	0.00144	0.00555	0.00440	0.00264	0.00678
19	0.01018	0.10817	0.61002	0.01323	0.05979	0.01140	0.03042	0.03059	0.01016	0.03617	0.00903	0.03430	0.00693	0.00471	0.00436	0.00143	0.00638	0.00375	0.00222	0.00675
20	0.01099	0.22632	0.43737	0.01211	0.02884	0.06058	0.06537	0.02590	0.01027	0.03091	0.00889	0.02614	0.00718	0.00475	0.00421	0.00137	0.00630	0.02378	0.00225	0.00644
21	0.01017	0.14887	0.63224	0.01314	0.05987	0.01191	0.01539	0.01475	0.00988	0.03109	0.00829	0.00967	0.00610	0.00437	0.00421	0.00139	0.00645	0.00335	0.00207	0.00678
22	0.00626	0.00456	0.00595	0.00673	0.00730	0.00439	0.00492	0.00731	0.00933	0.01223	0.03932	0.48433	0.11588	0.06181	0.00748	0.02148	0.01933	0.17341	0.00414	0.00384
23	0.03688	0.01135	0.10700	0.10795	0.41178	0.02976	0.03862	0.01321	0.01037	0.03217	0.03779	0.07852	0.03946	0.00571	0.00476	0.00148	0.00534	0.01880	0.00270	0.00637
24	0.01150	0.01062	0.01800	0.05531	0.66174	0.01066	0.04494	0.03516	0.01097	0.03523	0.03251	0.03382	0.00910	0.00466	0.00471	0.00141	0.00543	0.00457	0.00258	0.00709
25	0.01144	0.01098	0.01875	0.04936	0.78724	0.01103	0.01424	0.01422	0.01056	0.01511	0.00874	0.01154	0.00734	0.00416	0.00461	0.00139	0.00554	0.00414	0.00230	0.00731
26	0.00978	0.14162	0.69877	0.01250	0.01895	0.01190	0.01586	0.01462	0.00977	0.01419	0.00808	0.00948	0.00590	0.00436	0.00421	0.00140	0.00660	0.00330	0.00197	0.00674
27	0.01111	0.01156	0.05978	0.13540	0.63371	0.02382	0.02879	0.01406	0.01043	0.01466	0.00865	0.01152	0.00711	0.00423	0.00461	0.00141	0.00578	0.00411	0.00226	0.00699
28	0.00773	0.00643	0.00969	0.01178	0.17602	0.00632	0.03694	0.02575	0.02084	0.01430	0.14354	0.39915	0.05622	0.01057	0.00573	0.00169	0.02125	0.03723	0.00391	0.00491
29	0.01232	0.00945	0.01171	0.01006	0.01284	0.01030	0.07573	0.02203	0.54470	0.12383	0.03079	0.02007	0.01478	0.00665	0.00495	0.00161	0.00411	0.07242	0.00463	0.00703
30	0.00965	0.00827	0.00965	0.00689	0.01102	0.00620	0.00551	0.01171	0.00965	0.01516	0.00827	0.00965	0.00689	0.00345	0.00345	0.00069	0.00345	0.00276	0.00276	0.86494
31	0.00808	0.00404	0.00606	0.00606	0.00606	0.00404	0.00404	0.00606	0.00606	0.00808	0.00808	0.01414	0.00808	0.01616	0.01818	0.86465	0.00404	0.00404	0.00202	0.00202
32	0.01738	0.02217	0.01318	0.01199	0.01438	0.81783	0.00899	0.01858	0.01318	0.01139	0.00719	0.00839	0.00599	0.00479	0.00419	0.00120	0.00839	0.00300	0.00240	0.00539
33	0.00656	0.00475	0.00618	0.00582	0.00693	0.00438	0.00437	0.00872	0.01310	0.01850	0.78518	0.03501	0.06385	0.00957	0.00549	0.00147	0.00220	0.00845	0.00510	0.00438
34	0.01244	0.83930	0.02438	0.00796	0.01194	0.01841	0.00796	0.01393	0.00945	0.01095	0.00647	0.00746	0.00597	0.00398	0.00299	0.00100	0.00498	0.00249	0.00199	0.00597
35	0.01157	0.00999	0.01052	0.00947	0.01210	0.01157	0.00736	0.02472	0.79908	0.01946	0.01893	0.01736	0.01420	0.00631	0.00473	0.00158	0.00368	0.00526	0.00473	0.00736
36	0.00551	0.00468	0.00475	0.00481	0.00631	0.00392	0.00358	0.00667	0.01052	0.01253	0.04600	0.08602	0.76508	0.01193	0.00552	0.00159	0.00237	0.01000	0.00432	0.00392
37	0.16910	0.01182	0.01239	0.00966	0.01322	0.01298	0.00797	0.57939	0.01857	0.10349	0.01103	0.01098	0.00775	0.00538	0.00434	0.00141	0.00474	0.00394	0.00445	0.00740
38	0.01134	0.01304	0.09893	0.02221	0.37376	0.03203	0.29152	0.01462	0.01058	0.02754	0.00892	0.01163	0.00708	0.00435	0.00548	0.00149	0.05185	0.00453	0.00233	0.00676
39	0.01098	0.15698	0.06218	0.00776	0.01199	0.00920	0.00692	0.06257	0.01052	0.03985	0.00845	0.00956	0.00687	0.00381	0.00354	0.00086	0.00405	0.00290	0.00279	0.57820
40	0.80697	0.00915	0.00771	0.00775	0.06707	0.01048	0.00571	0.01372	0.00811	0.02046	0.00664	0.00785	0.00521	0.00431	0.00300	0.00144	0.00374	0.00264	0.00284	0.00521
41	0.00677	0.00451	0.00507	0.00507	0.00507	0.00451	0.00282	0.00677	0.00677	0.00902	0.01466	0.03044	0.01691	0.83650	0.02368	0.00451	0.00451	0.00677	0.00282	0.00282
42	0.01375	0.03444	0.09405	0.01046	0.01398	0.02868	0.05514	0.12957	0.40362	0.14192	0.01553	0.01474	0.01124	0.00569	0.00467	0.00150	0.00463	0.00472	0.00433	0.00733
43	0.01151	0.01105	0.01888	0.02855	0.80748	0.01105	0.01428	0.01428	0.01059	0.01520	0.00875	0.01151	0.00737	0.00415	0.00461	0.00138	0.00553	0.00415	0.00230	0.00737
44	0.01157	0.00999	0.01052	0.00947	0.01210	0.01157	0.00736	0.02472	0.79908	0.01946	0.01893	0.01736	0.01420	0.00631	0.00473	0.00158	0.00368	0.00526	0.00473	0.00736
45	0.00648	0.00475	0.00609	0.00582	0.00694	0.00435	0.00438	0.00854	0.01277	0.01781	0.69736	0.05593	0.11461	0.00992	0.00552	0.00150	0.00227	0.02563	0.00501	0.00433
46	0.00563	0.00463	0.00491	0.00502	0.00636	0.00396	0.00368	0.00681	0.01050	0.01285	0.09878	0.13874	0.63960	0.03018	0.00595	0.00167	0.00243	0.01006	0.00434	0.00392
47	0.01738	0.02217	0.01318	0.01199	0.01438	0.81783	0.00899	0.01858	0.01318	0.01139	0.00719	0.00839	0.00599	0.00479	0.00419	0.00120	0.00839	0.00300	0.00240	0.00539
48	0.01194	0.01074	0.01463	0.01874	0.39987	0.03594	0.01072	0.03257	0.33475	0.03795	0.03478	0.01455	0.01124	0.00527	0.00467	0.00146	0.00472	0.00470	0.00351	0.00725
49	0.01205	0.01049	0.01649	0.06030	0.48771	0.02353	0.05023	0.04840	0.02512	0.07516	0.01006	0.03027	0.00820	0.00453	0.00453	0.00133	0.00522	0.00428	0.00280	0.11930
50	0.03402	0.00920	0.05227	0.00886	0.05914	0.00717	0.00695	0.02639	0.03398	0.17492	0.01166	0.02559	0.02343	0.00448	0.00394	0.00101	0.00386	0.00366	0.00344	0.50605
51	0.05284	0.00934	0.05275	0.03340	0.09753	0.03101	0.02356	0.02689	0.02086	0.21875	0.04668	0.04209	0.05938	0.00553	0.00433	0.00124	0.00416	0.00462	0.02310	0.24196
52	0.00919	0.00903	0.03074	0.56792	0.04625	0.04480	0.01126	0.01285	0.07527	0.01287	0.02689	0.04747	0.03244	0.00610	0.02198	0.00164	0.00580	0.00477	0.00256	0.03017
53	0.01095	0.01057	0.03292	0.11825	0.37602	0.04250	0.02243	0.05072	0.01959	0.01531	0.02505	0.03588	0.00854	0.00458	0.00439	0.00126	0.00511	0.00414	0.00263	0.20917

[dist]
# distance from previous block
# <min> <max>
2	6

[block]
# block no. 2 follows, 55 sequences, length 142
# corresponding to MSA columns:
# 397-538
name=unknown_C
#
# <colnr> <probs for GDERKNQSTAVLIFYWHMCP>
#	G	D	E	R	K	N	Q	S	T	A	V	L	I	F	Y	W	H	M	C	P
0	0.11804	0.07512	0.22731	0.01149	0.01544	0.33188	0.05263	0.05198	0.02622	0.02577	0.00815	0.00935	0.00630	0.00462	0.00411	0.00133	0.00676	0.00329	0.01422	0.00601
1	0.00612	0.00502	0.03082	0.02761	0.02502	0.00443	0.00536	0.00727	0.00914	0.01220	0.02459	0.69938	0.04094	0.01362	0.00586	0.00187	0.00309	0.06948	0.00414	0.00402
2	0.01441	0.01132	0.01214	0.00980	0.01314	0.01241	0.00790	0.40650	0.32481	0.02392	0.01389	0.01343	0.01026	0.00564	0.00455	0.00139	0.00437	0.00445	0.00448	0.10116
3	0.01055	0.34474	0.50243	0.01118	0.01691	0.01380	0.01356	0.01442	0.00968	0.01324	0.00761	0.00889	0.00592	0.00425	0.00386	0.00129	0.00613	0.00306	0.00197	0.00652
4	0.00952	0.05957	0.75391	0.01322	0.01990	0.01117	0.04027	0.01470	0.00984	0.01457	0.00830	0.00980	0.00593	0.00439	0.00439	0.00146	0.00682	0.00346	0.00198	0.00682
5	0.00967	0.02220	0.70042	0.01370	0.02018	0.01071	0.09792	0.01479	0.01007	0.02949	0.02331	0.01068	0.00682	0.00449	0.00456	0.00148	0.00684	0.00377	0.00213	0.00679
6	0.01047	0.00999	0.01700	0.33278	0.51140	0.01078	0.01376	0.01336	0.01010	0.01393	0.00857	0.01185	0.00692	0.00434	0.00462	0.00145	0.00578	0.00414	0.00221	0.00653
7	0.00987	0.02261	0.73797	0.01279	0.01929	0.01057	0.01621	0.03641	0.01038	0.04257	0.03323	0.01083	0.00731	0.00465	0.00447	0.00147	0.00658	0.00365	0.00227	0.00686
8	0.01245	0.01139	0.10155	0.06552	0.25175	0.01964	0.14752	0.04204	0.01142	0.16599	0.01385	0.02844	0.05091	0.00559	0.00493	0.00151	0.00556	0.05002	0.00325	0.00668
9	0.01017	0.03081	0.03235	0.42161	0.28087	0.05785	0.01261	0.01290	0.00991	0.01296	0.00937	0.03946	0.01827	0.00499	0.00489	0.00148	0.02694	0.00439	0.00226	0.00589
10	0.00723	0.00516	0.00715	0.00819	0.00912	0.00512	0.00694	0.00913	0.01035	0.01350	0.02446	0.15475	0.02700	0.03809	0.00689	0.00218	0.00408	0.65224	0.00424	0.00417
11	0.01121	0.01141	0.04638	0.08424	0.66768	0.01105	0.07122	0.01417	0.01050	0.01492	0.00875	0.01160	0.00721	0.00417	0.00467	0.00141	0.00579	0.00422	0.00228	0.00711
12	0.01172	0.07885	0.13896	0.03682	0.23487	0.05439	0.21049	0.01521	0.03787	0.07136	0.02902	0.02843	0.02104	0.00480	0.00472	0.00143	0.00609	0.00463	0.00270	0.00659
13	0.00677	0.00451	0.00507	0.00507	0.00507	0.00451	0.00282	0.00677	0.00677	0.00902	0.01466	0.03044	0.01691	0.83650	0.02368	0.00451	0.00451	0.00677	0.00282	0.00282
14	0.00631	0.00479	0.00552	0.00531	0.00666	0.00421	0.00397	0.00794	0.01173	0.02983	0.39361	0.03928	0.42136	0.03172	0.00594	0.00159	0.00237	0.00900	0.00468	0.00418
15	0.01188	0.01175	0.01852	0.02751	0.75752	0.06188	0.01394	0.01455	0.01076	0.01496	0.00865	0.01132	0.00728	0.00419	0.00458	0.00137	0.00571	0.00407	0.00231	0.00724
16	0.01096	0.08878	0.53992	0.02396	0.07906	0.02846	0.05868	0.01546	0.02176	0.07706	0.00920	0.01049	0.00665	0.00448	0.00440	0.00143	0.00642	0.00365	0.00236	0.00684
17	0.01639	0.02055	0.01309	0.01186	0.01399	0.72043	0.00899	0.01759	0.01246	0.01135	0.00727	0.00887	0.00619	0.00608	0.03200	0.00148	0.08055	0.00316	0.00237	0.00533
18	0.00952	0.02296	0.74490	0.01456	0.08711	0.01083	0.01694	0.01469	0.00989	0.01477	0.00838	0.00997	0.00602	0.00440	0.00444	0.00147	0.00676	0.00350	0.00199	0.00692
19	0.01238	0.01166	0.04273	0.02483	0.62469	0.01137	0.04828	0.10528	0.02262	0.03722	0.00943	0.01166	0.00757	0.00438	0.00465	0.00140	0.00556	0.00422	0.00269	0.00738
20	0.00953	0.08496	0.06234	0.01522	0.23879	0.03502	0.11021	0.02307	0.01990	0.01366	0.02920	0.27718	0.01572	0.03708	0.00567	0.00165	0.00491	0.00720	0.00305	0.00564
21	0.00610	0.00423	0.00528	0.00605	0.00663	0.00393	0.00420	0.00721	0.00940	0.01289	0.04929	0.58945	0.12244	0.01291	0.00556	0.00175	0.00263	0.03674	0.10940	0.00390
22	0.01147	0.01130	0.03251	0.02813	0.77975	0.01106	0.02857	0.01430	0.01059	0.01519	0.00876	0.01150	0.00734	0.00415	0.00462	0.00139	0.00559	0.00416	0.00230	0.00734
23	0.01059	0.04029	0.26209	0.04214	0.16220	0.01159	0.23482	0.04529	0.01061	0.01505	0.03590	0.01185	0.00791	0.00480	0.00579	0.00152	0.08429	0.00440	0.00236	0.00650
24	0.00673	0.00466	0.00582	0.00582	0.00607	0.00491	0.00374	0.00724	0.00698	0.00957	0.01398	0.02669	0.01528	0.58903	0.26893	0.00543	0.00696	0.00622	0.00272	0.00323
25	0.86937	0.00900	0.00684	0.00612	0.00900	0.01044	0.00504	0.01368	0.00792	0.02087	0.00648	0.00756	0.00504	0.00432	0.00288	0.00144	0.00360	0.00252	0.00288	0.00504
26	0.00742	0.00530	0.00741	0.00848	0.00951	0.00529	0.00736	0.00950	0.01063	0.01383	0.02468	0.08641	0.02695	0.01293	0.00640	0.00213	0.00421	0.74302	0.00429	0.00426
27	0.00580	0.00411	0.00540	0.00638	0.00663	0.00387	0.00422	0.00656	0.00873	0.01163	0.02456	0.74317	0.02936	0.09404	0.00766	0.00215	0.00290	0.02495	0.00417	0.00369
28	0.02499	0.00900	0.01555	0.63676	0.10120	0.01066	0.08597	0.01240	0.00949	0.01262	0.00832	0.01218	0.00636	0.00464	0.00502	0.00155	0.03147	0.00423	0.00213	0.00547
29	0.01070	0.01023	0.01742	0.26508	0.57729	0.01084	0.01387	0.01357	0.01021	0.01422	0.00861	0.01178	0.00702	0.00430	0.00462	0.00143	0.00573	0.00414	0.00223	0.00672
30	0.00672	0.00503	0.00733	0.00730	0.00802	0.00582	0.00556	0.00819	0.00739	0.01061	0.01259	0.01949	0.01212	0.12395	0.71454	0.00705	0.02659	0.00517	0.00252	0.00402
31	0.01159	0.59801	0.22996	0.01005	0.04137	0.01617	0.01059	0.01415	0.00959	0.01208	0.00704	0.00822	0.00600	0.00410	0.00342	0.00113	0.00549	0.00279	0.00199	0.00625
32	0.01256	0.82721	0.02418	0.00796	0.01194	0.01824	0.00794	0.01406	0.00951	0.02258	0.00664	0.00758	0.00605	0.00401	0.00301	0.00100	0.00496	0.00252	0.00204	0.00600
33	0.01768	0.01303	0.01396	0.01070	0.01443	0.01443	0.00884	0.79197	0.02187	0.02932	0.01117	0.01117	0.00791	0.00558	0.00465	0.00140	0.00512	0.00419	0.00465	0.00791
34	0.01114	0.01072	0.01837	0.13273	0.66377	0.01099	0.04060	0.01418	0.02513	0.01483	0.00890	0.01178	0.00733	0.00424	0.00464	0.00141	0.00566	0.00421	0.00232	0.00704
35	0.01220	0.01077	0.06092	0.17477	0.36242	0.02483	0.08549	0.01501	0.01076	0.14396	0.01097	0.04808	0.00870	0.00496	0.00475	0.00146	0.00562	0.00469	0.00290	0.00671
36	0.00673	0.00463	0.00569	0.00569	0.00590	0.00484	0.00358	0.00716	0.00695	0.00947	0.01410	0.02735	0.01557	0.63235	0.22600	0.00527	0.00654	0.00631	0.00274	0.00316
37	0.00567	0.00405	0.00540	0.00648	0.00675	0.00378	0.00432	0.00648	0.00891	0.01188	0.02564	0.83347	0.03077	0.01457	0.00594	0.00189	0.00270	0.01323	0.00432	0.00378
38	0.01084	0.01115	0.01990	0.05064	0.10730	0.04554	0.41220	0.05349	0.06639	0.01535	0.01293	0.08315	0.02316	0.00589	0.00531	0.00159	0.00636	0.05980	0.00295	0.00609
39	0.01130	0.30138	0.38626	0.01252	0.06097	0.03254	0.06564	0.03668	0.01031	0.03082	0.00806	0.00942	0.00626	0.00429	0.00402	0.00130	0.00614	0.00333	0.00219	0.00657
40	0.01272	0.01437	0.01403	0.01267	0.03919	0.29298	0.00990	0.01386	0.00934	0.01139	0.00657	0.00960	0.00611	0.00685	0.01107	0.00172	0.51647	0.00370	0.00217	0.00527
41	0.01068	0.02779	0.01055	0.00850	0.01124	0.12845	0.02104	0.06401	0.03645	0.01461	0.01189	0.16495	0.01162	0.00714	0.02750	0.00136	0.05280	0.00512	0.00311	0.38119
42	0.01078	0.11257	0.05622	0.01429	0.03692	0.06209	0.29070	0.01321	0.00945	0.01276	0.00858	0.03231	0.00752	0.00792	0.07226	0.00208	0.23781	0.00460	0.00226	0.00567
43	0.00566	0.00406	0.00539	0.00644	0.00674	0.00378	0.00430	0.00648	0.00894	0.01189	0.02604	0.81883	0.04515	0.01452	0.00593	0.00188	0.00269	0.01316	0.00432	0.00378
44	0.00804	0.00508	0.00670	0.00614	0.00749	0.00465	0.00468	0.01019	0.01315	0.09836	0.71380	0.03312	0.04037	0.00918	0.00542	0.00147	0.00240	0.01984	0.00517	0.00474
45	0.04199	0.00511	0.00519	0.00494	0.00620	0.00535	0.00379	0.05155	0.01025	0.01794	0.01440	0.01647	0.01130	0.00546	0.00362	0.00114	0.02350	0.00425	0.76299	0.00457
46	0.00958	0.08959	0.74906	0.01283	0.01948	0.01142	0.01645	0.01467	0.00979	0.01443	0.00820	0.00963	0.00590	0.00438	0.00430	0.00143	0.00672	0.00336	0.00197	0.00680
47	0.01372	0.29772	0.21533	0.01095	0.01499	0.34839	0.01068	0.01606	0.01109	0.01207	0.00723	0.00843	0.00596	0.00443	0.00384	0.00120	0.00686	0.00293	0.00215	0.00596
48	0.01177	0.00977	0.01043	0.00940	0.01201	0.01120	0.00735	0.02415	0.74498	0.04758	0.01910	0.01846	0.01452	0.00651	0.00479	0.00159	0.00371	0.03066	0.00476	0.00728
49	0.01986	0.00804	0.01073	0.00827	0.01181	0.00707	0.00680	0.04021	0.03522	0.72715	0.03468	0.01597	0.01204	0.00577	0.00466	0.00142	0.00392	0.00470	0.00559	0.03609
50	0.01738	0.02217	0.01318	0.01199	0.01438	0.81783	0.00899	0.01858	0.01318	0.01139	0.00719	0.00839	0.00599	0.00479	0.00419	0.00120	0.00839	0.00300	0.00240	0.00539
51	0.00665	0.00498	0.00748	0.00748	0.00831	0.00582	0.00582	0.00831	0.00748	0.01080	0.01246	0.01828	0.01163	0.03489	0.81807	0.00748	0.01246	0.00498	0.00249	0.00415
52	0.00567	0.00405	0.00540	0.00648	0.00675	0.00378	0.00432	0.00648	0.00891	0.01188	0.02564	0.83347	0.03077	0.01457	0.00594	0.00189	0.00270	0.01323	0.00432	0.00378
53	0.00658	0.00476	0.00622	0.00585	0.00695	0.00439	0.00439	0.00878	0.01317	0.01866	0.80503	0.03475	0.04390	0.00951	0.00549	0.00146	0.00219	0.00841	0.00512	0.00439
54	0.00556	0.00469	0.00478	0.00481	0.00629	0.00395	0.00357	0.00673	0.01055	0.01265	0.06740	0.06815	0.74457	0.02834	0.00588	0.00164	0.00241	0.00982	0.00431	0.00391
55	0.00808	0.00404	0.00606	0.00606	0.00606	0.00404	0.00404	0.00606	0.00606	0.00808	0.00808	0.01414	0.00808	0.01616	0.01818	0.86465	0.00404	0.00404	0.00202	0.00202
56	0.00978	0.00540	0.00551	0.00512	0.00652	0.00557	0.00394	0.10649	0.01124	0.01881	0.01469	0.01659	0.01143	0.00544	0.00342	0.00112	0.00253	0.00432	0.75731	0.00477
57	0.00550	0.00471	0.00471	0.00471	0.00628	0.00393	0.00353	0.00668	0.01060	0.01257	0.04713	0.04477	0.80560	0.01178	0.00550	0.00157	0.00236	0.00982	0.00432	0.00393
58	0.01635	0.09151	0.06086	0.01166	0.01446	0.68387	0.00934	0.01810	0.03091	0.01173	0.00747	0.00860	0.00618	0.00474	0.00412	0.00121	0.00790	0.00303	0.00239	0.00557
59	0.00567	0.00405	0.00540	0.00648	0.00675	0.00378	0.00432	0.00648	0.00891	0.01188	0.02564	0.83347	0.03077	0.01457	0.00594	0.00189	0.00270	0.01323	0.00432	0.00378
60	0.01005	0.02199	0.68507	0.01376	0.02024	0.01073	0.10577	0.01512	0.01012	0.05143	0.00893	0.01041	0.00629	0.00442	0.00456	0.00148	0.00685	0.00373	0.00218	0.00685
61	0.00737	0.00530	0.00732	0.00829	0.00938	0.00525	0.00720	0.00946	0.01078	0.01400	0.04974	0.05154	0.06713	0.01269	0.00635	0.00209	0.00412	0.71341	0.00431	0.00427
62	0.00962	0.07479	0.71676	0.01330	0.01986	0.01134	0.06188	0.01469	0.00987	0.01450	0.00829	0.00983	0.00597	0.00436	0.00439	0.00145	0.00681	0.00350	0.00199	0.00678
63	0.06569	0.10839	0.62831	0.01304	0.05540	0.01161	0.02656	0.01456	0.00971	0.01476	0.00806	0.00954	0.00593	0.00435	0.00419	0.00142	0.00641	0.00334	0.00205	0.00667
64	0.01151	0.01105	0.01888	0.02855	0.80748	0.01105	0.01428	0.01428	0.01059	0.01520	0.00875	0.01151	0.00737	0.00415	0.00461	0.00138	0.00553	0.00415	0.00230	0.00737
65	0.03663	0.01033	0.02964	0.01171	0.01247	0.01326	0.04281	0.06242	0.03036	0.01314	0.00755	0.01153	0.00706	0.04568	0.01344	0.00203	0.62175	0.00424	0.01866	0.00530
66	0.01185	0.46373	0.25126	0.01025	0.03021	0.03592	0.01084	0.07598	0.01072	0.01373	0.00823	0.01047	0.00702	0.00464	0.00374	0.00123	0.00561	0.03594	0.00231	0.00633
67	0.00567	0.00405	0.00540	0.00648	0.00675	0.00378	0.00432	0.00648	0.00891	0.01188	0.02564	0.83347	0.03077	0.01457	0.00594	0.00189	0.00270	0.01323	0.00432	0.00378
68	0.00793	0.00568	0.00777	0.00866	0.00984	0.00574	0.00755	0.04301	0.01119	0.01458	0.02406	0.05071	0.02597	0.01254	0.00635	0.00211	0.00432	0.74325	0.00430	0.00444
69	0.01314	0.05955	0.40969	0.01229	0.04282	0.01041	0.06431	0.04675	0.05411	0.22429	0.01164	0.01197	0.00803	0.00485	0.00452	0.00145	0.00579	0.00400	0.00325	0.00714
70	0.01018	0.01018	0.01425	0.01221	0.01221	0.01425	0.01018	0.01120	0.00712	0.01120	0.00611	0.01018	0.00611	0.00814	0.01527	0.00204	0.82799	0.00407	0.00204	0.00509
71	0.00656	0.00475	0.00619	0.00583	0.00694	0.00438	0.00437	0.00874	0.01312	0.01854	0.79096	0.03494	0.05804	0.00955	0.00549	0.00147	0.00220	0.00844	0.00511	0.00438
72	0.02076	0.00811	0.01091	0.00837	0.01197	0.00712	0.00691	0.05097	0.01363	0.78197	0.01809	0.01566	0.01138	0.00575	0.00468	0.00144	0.00400	0.00466	0.00572	0.00792
73	0.01018	0.01018	0.01425	0.01221	0.01221	0.01425	0.01018	0.01120	0.00712	0.01120	0.00611	0.01018	0.00611	0.00814	0.01527	0.00204	0.82799	0.00407	0.00204	0.00509
74	0.01098	0.01255	0.02745	0.01961	0.02431	0.01176	0.79059	0.01490	0.01098	0.01490	0.00941	0.01255	0.00706	0.00392	0.00549	0.00157	0.00784	0.00549	0.00235	0.00627
75	0.00935	0.00573	0.00588	0.00562	0.00708	0.00611	0.00428	0.01421	0.20339	0.01789	0.02931	0.01764	0.01302	0.00571	0.00365	0.00121	0.00254	0.00463	0.63767	0.00508
76	0.00556	0.00473	0.00480	0.00483	0.00639	0.00397	0.00365	0.00677	0.01061	0.01261	0.04645	0.04501	0.78195	0.01181	0.00553	0.00159	0.00241	0.03309	0.00432	0.00394
77	0.00876	0.00450	0.00451	0.00448	0.00561	0.00454	0.00337	0.01124	0.03240	0.01740	0.01528	0.01734	0.01199	0.00545	0.00329	0.00110	0.00221	0.00436	0.83772	0.00442
78	0.00741	0.00530	0.00738	0.00842	0.00948	0.00528	0.00731	0.00950	0.01070	0.01393	0.03700	0.07050	0.03919	0.01282	0.00639	0.00212	0.00418	0.73451	0.00430	0.00427
79	0.01098	0.01255	0.02745	0.01961	0.02431	0.01176	0.79059	0.01490	0.01098	0.01490	0.00941	0.01255	0.00706	0.00392	0.00549	0.00157	0.00784	0.00549	0.00235	0.00627
80	0.00665	0.00498	0.00748	0.00748	0.00831	0.00582	0.00582	0.00831	0.00748	0.01080	0.01246	0.01828	0.01163	0.03489	0.81807	0.00748	0.01246	0.00498	0.00249	0.00415
81	0.00562	0.00472	0.00490	0.00501	0.00649	0.00400	0.00379	0.00683	0.01053	0.01261	0.04489	0.08154	0.72685	0.01197	0.00557	0.00162	0.00248	0.05233	0.00432	0.00394
82	0.00569	0.00406	0.00539	0.00646	0.00672	0.00379	0.00429	0.00648	0.00887	0.01183	0.02547	0.82068	0.03055	0.02767	0.00622	0.00193	0.00273	0.01312	0.00429	0.00376
83	0.00960	0.09518	0.74366	0.01280	0.01942	0.01147	0.01638	0.01466	0.00979	0.01440	0.00818	0.00962	0.00590	0.00438	0.00429	0.00143	0.00671	0.00335	0.00197	0.00680
84	0.00565	0.00411	0.00534	0.00632	0.00671	0.00379	0.00425	0.00650	0.00905	0.01194	0.02752	0.76467	0.09836	0.01433	0.00590	0.00186	0.00267	0.01293	0.00432	0.00379
85	0.03870	0.01145	0.01287	0.00989	0.01356	0.01212	0.00817	0.54957	0.01905	0.25669	0.01315	0.01244	0.00889	0.00561	0.00462	0.00141	0.00475	0.00429	0.00493	0.00785
86	0.01118	0.01071	0.01828	0.12612	0.71253	0.01097	0.01411	0.01398	0.01043	0.01479	0.00869	0.01162	0.00723	0.00421	0.00461	0.00140	0.00561	0.00414	0.00227	0.00710
87	0.01128	0.01246	0.02619	0.01922	0.04524	0.01194	0.70930	0.05058	0.01135	0.01546	0.00937	0.01238	0.00708	0.00413	0.00572	0.00157	0.03256	0.00535	0.00245	0.00634
88	0.00567	0.00405	0.00540	0.00648	0.00675	0.00378	0.00432	0.00648	0.00891	0.01188	0.02564	0.83347	0.03077	0.01457	0.00594	0.00189	0.00270	0.01323	0.00432	0.00378
89	0.01265	0.64815	0.11638	0.00904	0.01319	0.09880	0.00917	0.02532	0.01005	0.01169	0.00683	0.00789	0.00599	0.00414	0.00330	0.00108	0.00555	0.00268	0.00207	0.00605
90	0.00655	0.00487	0.00624	0.00594	0.00710	0.00461	0.00448	0.00878	0.02679	0.01718	0.62268	0.03402	0.13119	0.01220	0.08476	0.00206	0.00324	0.00819	0.00476	0.00437
91	0.01244	0.83930	0.02438	0.00796	0.01194	0.01841	0.00796	0.01393	0.00945	0.01095	0.00647	0.00746	0.00597	0.00398	0.00299	0.00100	0.00498	0.00249	0.00199	0.00597
92	0.00965	0.00827	0.00965	0.00689	0.01102	0.00620	0.00551	0.01171	0.00965	0.01516	0.00827	0.00965	0.00689	0.00345	0.00345	0.00069	0.00345	0.00276	0.00276	0.86494
93	0.00879	0.00827	0.01395	0.82532	0.03204	0.01034	0.01292	0.01189	0.00930	0.01189	0.00827	0.01240	0.00620	0.00465	0.00465	0.00155	0.00620	0.00413	0.00207	0.00517
94	0.05129	0.00817	0.01108	0.00850	0.01210	0.00725	0.02357	0.04004	0.01327	0.74697	0.01757	0.01536	0.01110	0.00566	0.00463	0.00144	0.00406	0.00461	0.00556	0.00778
95	0.00867	0.00434	0.00434	0.00434	0.00542	0.00434	0.00325	0.01084	0.00976	0.01734	0.01518	0.01734	0.01192	0.00542	0.00325	0.00108	0.00217	0.00434	0.86233	0.00434
96	0.00638	0.00471	0.00594	0.00570	0.00681	0.00429	0.00423	0.00832	0.01247	0.01726	0.64156	0.07365	0.15551	0.02548	0.00585	0.00156	0.00229	0.00882	0.00492	0.00426
97	0.45264	0.10620	0.03126	0.00754	0.01097	0.01133	0.00652	0.14372	0.01110	0.09094	0.00853	0.00913	0.00639	0.00454	0.00344	0.00131	0.00411	0.00303	0.00329	0.08399
98	0.01748	0.01210	0.01356	0.01038	0.01410	0.01300	0.02387	0.62806	0.03810	0.12795	0.01211	0.01187	0.00846	0.00550	0.00462	0.00138	0.00492	0.00424	0.00467	0.04362
99	0.00677	0.00451	0.00507	0.00507	0.00507	0.00451	0.00282	0.00677	0.00677	0.00902	0.01466	0.03044	0.01691	0.83650	0.02368	0.00451	0.00451	0.00677	0.00282	0.00282
100	0.00676	0.00453	0.00519	0.00519	0.00523	0.00457	0.00296	0.00684	0.00680	0.00911	0.01455	0.02986	0.01666	0.79809	0.06175	0.00465	0.00489	0.00668	0.00280	0.00288
101	0.03954	0.01241	0.03419	0.01080	0.01440	0.01324	0.05434	0.55856	0.13413	0.03612	0.03647	0.01281	0.00980	0.00565	0.00469	0.00144	0.00497	0.00449	0.00444	0.00752
102	0.00999	0.00950	0.01613	0.47384	0.37411	0.01065	0.01352	0.01294	0.00987	0.01335	0.00848	0.01201	0.00672	0.00443	0.00463	0.00148	0.00590	0.00414	0.00217	0.00614
103	0.00550	0.00471	0.00471	0.00471	0.00628	0.00393	0.00353	0.00668	0.01060	0.01257	0.04713	0.04477	0.80560	0.01178	0.00550	0.00157	0.00236	0.00982	0.00432	0.00393
104	0.01085	0.01223	0.02642	0.01954	0.05532	0.01149	0.73426	0.01465	0.01098	0.01495	0.02467	0.02351	0.00808	0.00417	0.00546	0.00156	0.00758	0.00559	0.00243	0.00625
105	0.00834	0.00861	0.04758	0.00771	0.02929	0.11477	0.00599	0.02246	0.02655	0.01520	0.32337	0.06728	0.25484	0.00921	0.00561	0.00150	0.03520	0.00767	0.00412	0.00470
106	0.04460	0.00737	0.00966	0.00760	0.01077	0.00654	0.00622	0.02042	0.01264	0.65723	0.03436	0.01620	0.01207	0.00575	0.00444	0.00139	0.00366	0.00464	0.12719	0.00725
107	0.00955	0.14943	0.59048	0.01177	0.01743	0.01141	0.01440	0.01387	0.00981	0.01404	0.03106	0.04232	0.00870	0.00527	0.00456	0.00145	0.02126	0.03453	0.00224	0.00642
108	0.00966	0.00805	0.02556	0.00993	0.11140	0.03322	0.02128	0.01222	0.03416	0.06734	0.32047	0.03534	0.02229	0.00641	0.00463	0.00122	0.00356	0.00560	0.00386	0.26380
109	0.01023	0.14759	0.56125	0.01210	0.01790	0.01190	0.04098	0.01556	0.08328	0.02938	0.00955	0.02366	0.00722	0.00470	0.00429	0.00142	0.00620	0.00371	0.00235	0.00673
110	0.00671	0.00507	0.00755	0.00751	0.00831	0.00594	0.00583	0.00833	0.00746	0.01077	0.01239	0.01837	0.01164	0.05048	0.78749	0.00732	0.02718	0.00500	0.00249	0.00414
111	0.01103	0.01068	0.01845	0.14909	0.62641	0.01107	0.05438	0.01386	0.01032	0.01457	0.00864	0.01167	0.00714	0.00432	0.00495	0.00144	0.02859	0.00421	0.00226	0.00691
112	0.01387	0.15866	0.06721	0.04992	0.12340	0.21138	0.09542	0.01652	0.04261	0.11951	0.01009	0.03369	0.00805	0.00498	0.00461	0.00135	0.02554	0.00404	0.00285	0.00631
113	0.01665	0.01236	0.01620	0.01252	0.03623	0.01306	0.15026	0.55052	0.01871	0.10854	0.01155	0.01192	0.00812	0.00527	0.00481	0.00143	0.00550	0.00447	0.00429	0.00760
