[name]
unknown

[dist]
# distance from previous block
# <min> <max>
1	349

[block]
# block no. 0 follows, 57 sequences, length 11
# corresponding to MSA columns:
# 362-368,373-376
name=unknown_A
#
# <colnr> <probs for GDERKNQSTAVLIFYWHMCP>
#	G	D	E	R	K	N	Q	S	T	A	V	L	I	F	Y	W	H	M	C	P
0	0.08357	0.01098	0.14536	0.00990	0.04464	0.01925	0.04001	0.04503	0.12368	0.24064	0.01301	0.01413	0.00968	0.05841	0.06812	0.00201	0.00521	0.00427	0.00367	0.05841
1	0.01251	0.13065	0.09688	0.01077	0.06067	0.27612	0.00867	0.08506	0.07449	0.01409	0.01156	0.14250	0.01080	0.00622	0.00429	0.00133	0.00561	0.00489	0.03723	0.00568
2	0.01338	0.09781	0.01448	0.10038	0.14589	0.11717	0.00945	0.22319	0.16392	0.03040	0.01080	0.01174	0.00832	0.00576	0.02643	0.00150	0.00547	0.00397	0.00331	0.00662
3	0.04421	0.00897	0.06160	0.08002	0.21997	0.05746	0.00849	0.04193	0.00895	0.01221	0.01056	0.01440	0.05396	0.04521	0.00990	0.30610	0.00487	0.00426	0.00236	0.00457
4	0.00691	0.00589	0.00838	0.05826	0.05589	0.00578	0.05522	0.00874	0.01085	0.01452	0.32702	0.05319	0.27600	0.04534	0.00650	0.00163	0.04369	0.00780	0.00396	0.00441
5	0.00663	0.00462	0.00546	0.00550	0.00603	0.00445	0.00358	0.00723	0.00767	0.01048	0.01794	0.15375	0.06965	0.48621	0.06263	0.00350	0.00426	0.04244	0.04021	0.05776
6	0.00597	0.00432	0.00538	0.00580	0.00633	0.00412	0.00394	0.00687	0.00883	0.01174	0.11574	0.36473	0.13443	0.20957	0.07122	0.00277	0.00369	0.02715	0.00382	0.00359
7	0.00654	0.00472	0.00568	0.00597	0.00702	0.00438	0.00445	0.00822	0.03565	0.03372	0.13769	0.26371	0.27341	0.04770	0.00625	0.00178	0.00279	0.11364	0.03259	0.00407
8	0.01234	0.06141	0.01441	0.03178	0.33926	0.04289	0.00987	0.13892	0.01205	0.09843	0.01353	0.10415	0.05645	0.00615	0.00499	0.00142	0.03702	0.00524	0.00326	0.00645
9	0.23722	0.20336	0.12925	0.01337	0.19294	0.01199	0.07303	0.01363	0.00925	0.01521	0.00740	0.00903	0.00601	0.00402	0.00366	0.00126	0.00501	0.00318	0.00230	0.05889
10	0.02464	0.21718	0.22971	0.01088	0.04202	0.01296	0.03229	0.18196	0.09627	0.04806	0.00987	0.01095	0.00762	0.02771	0.00488	0.00141	0.02833	0.00369	0.00297	0.00660

[dist]
# distance from previous block
# <min> <max>
3	13

[block]
# block no. 1 follows, 57 sequences, length 23
# corresponding to MSA columns:
# 390-412
name=unknown_B
#
# <colnr> <probs for GDERKNQSTAVLIFYWHMCP>
#	G	D	E	R	K	N	Q	S	T	A	V	L	I	F	Y	W	H	M	C	P
0	0.17429	0.07404	0.08695	0.02218	0.09369	0.14549	0.07335	0.12580	0.02622	0.05596	0.02875	0.01190	0.04256	0.00495	0.00410	0.00134	0.00536	0.00387	0.01318	0.00603
1	0.04509	0.10041	0.06563	0.05861	0.07835	0.15639	0.07407	0.07779	0.11120	0.01501	0.03143	0.03318	0.02422	0.00530	0.00494	0.00135	0.05815	0.00418	0.00287	0.05181
2	0.00830	0.00601	0.00735	0.02976	0.00890	0.00534	0.00493	0.04339	0.00949	0.05764	0.01783	0.29208	0.05893	0.14307	0.00769	0.00184	0.00343	0.03116	0.00355	0.25930
3	0.01191	0.24791	0.10251	0.09518	0.07498	0.09473	0.04604	0.10465	0.07297	0.01500	0.03025	0.01112	0.00818	0.00467	0.00398	0.00126	0.00534	0.00366	0.05960	0.00607
4	0.00609	0.00454	0.00529	0.00550	0.00653	0.00407	0.00400	0.00726	0.00999	0.02731	0.14672	0.21314	0.37374	0.09891	0.00736	0.00192	0.00273	0.06684	0.00419	0.00384
5	0.00670	0.03550	0.13630	0.00657	0.00879	0.00559	0.00613	0.00900	0.01139	0.01543	0.41266	0.03216	0.27886	0.00899	0.00510	0.00144	0.00301	0.00766	0.00415	0.00457
6	0.01162	0.01056	0.03433	0.11966	0.24337	0.04612	0.05038	0.06681	0.23504	0.05791	0.01241	0.01431	0.00971	0.00641	0.04021	0.00171	0.00539	0.02421	0.00326	0.00660
7	0.00575	0.00404	0.00519	0.00601	0.00622	0.00384	0.00389	0.00637	0.00822	0.01096	0.02264	0.66138	0.02702	0.19463	0.00956	0.00240	0.00301	0.01151	0.00389	0.00348
8	0.00893	0.00794	0.01228	0.47585	0.08395	0.00910	0.01027	0.04555	0.00935	0.01266	0.00897	0.01318	0.00744	0.05126	0.10214	0.00223	0.02596	0.00410	0.00231	0.10653
9	0.01107	0.01183	0.01371	0.01186	0.01224	0.14672	0.00972	0.01209	0.00791	0.01094	0.00612	0.00963	0.00593	0.00740	0.01310	0.00185	0.69705	0.00379	0.00204	0.00501
10	0.00940	0.00805	0.00940	0.00671	0.01074	0.00604	0.00537	0.01141	0.00940	0.01477	0.00805	0.00940	0.00671	0.00336	0.00336	0.00067	0.00336	0.00268	0.00268	0.86845
11	0.21204	0.00994	0.01196	0.05583	0.02973	0.05189	0.07408	0.14381	0.01265	0.33599	0.01206	0.01193	0.00819	0.00497	0.00419	0.00140	0.00466	0.00394	0.00407	0.00665
12	0.02874	0.00999	0.01218	0.02776	0.14671	0.01128	0.00862	0.18556	0.31804	0.01876	0.01504	0.05717	0.04611	0.00639	0.00563	0.00152	0.08489	0.00512	0.00382	0.00666
13	0.41622	0.08719	0.05268	0.04173	0.01194	0.16979	0.00716	0.06955	0.01023	0.05213	0.00816	0.04039	0.00670	0.00482	0.00353	0.00134	0.00490	0.00326	0.00285	0.00543
14	0.03351	0.03916	0.09993	0.02063	0.40845	0.08059	0.15532	0.03965	0.03699	0.02947	0.00892	0.01100	0.00707	0.00422	0.00451	0.00137	0.00600	0.00407	0.00244	0.00670
15	0.04550	0.03681	0.04927	0.00805	0.01153	0.00808	0.01910	0.13040	0.03217	0.16470	0.01373	0.05309	0.04512	0.00560	0.00418	0.00119	0.00394	0.04488	0.00370	0.31897
16	0.03836	0.00929	0.01050	0.00854	0.01161	0.05116	0.00689	0.11395	0.19084	0.42735	0.05003	0.01545	0.01230	0.00577	0.00450	0.00141	0.00403	0.00463	0.02622	0.00716
17	0.00814	0.00710	0.01004	0.01336	0.25509	0.03779	0.00795	0.00995	0.01014	0.01352	0.08504	0.24540	0.08756	0.01014	0.02175	0.00176	0.00412	0.16260	0.00355	0.00498
18	0.00655	0.00455	0.00572	0.00572	0.00600	0.00482	0.00372	0.00709	0.00682	0.00937	0.01356	0.02569	0.01475	0.57097	0.29049	0.00536	0.00698	0.00601	0.00264	0.00318
19	0.00633	0.00435	0.00530	0.00560	0.00643	0.00405	0.00405	0.00779	0.01020	0.01432	0.23848	0.30358	0.14693	0.03817	0.00577	0.00165	0.00250	0.04712	0.14344	0.00394
20	0.00717	0.00538	0.00628	0.00630	0.00706	0.00563	0.00429	0.01014	0.16211	0.01224	0.06550	0.21254	0.05682	0.33749	0.07811	0.00318	0.00423	0.00784	0.00362	0.00406
21	0.05535	0.10941	0.04993	0.09325	0.08279	0.01302	0.00951	0.36490	0.03329	0.06205	0.00966	0.01068	0.00723	0.00517	0.00510	0.00139	0.07329	0.00381	0.00343	0.00675
22	0.07651	0.17952	0.05526	0.03379	0.03955	0.05966	0.00743	0.04999	0.02265	0.10448	0.02214	0.01015	0.00754	0.00420	0.00363	0.00104	0.00440	0.00315	0.00292	0.31196

[dist]
# distance from previous block
# <min> <max>
2	6

[block]
# block no. 2 follows, 57 sequences, length 10
# corresponding to MSA columns:
# 419-428
name=unknown_C
#
# <colnr> <probs for GDERKNQSTAVLIFYWHMCP>
#	G	D	E	R	K	N	Q	S	T	A	V	L	I	F	Y	W	H	M	C	P
0	0.01125	0.06160	0.04569	0.03720	0.15419	0.02940	0.03888	0.07310	0.30121	0.04249	0.03705	0.06539	0.02258	0.00621	0.00492	0.00148	0.02810	0.02915	0.00362	0.00649
1	0.00584	0.00446	0.00534	0.00559	0.00658	0.00401	0.00409	0.00717	0.01043	0.01360	0.24005	0.25806	0.32114	0.03785	0.00608	0.00171	0.00253	0.05723	0.00437	0.00389
2	0.01039	0.00834	0.01547	0.07418	0.01625	0.00818	0.30749	0.01292	0.00997	0.12933	0.01351	0.02091	0.01187	0.07413	0.14450	0.00278	0.00695	0.12436	0.00310	0.00536
3	0.00932	0.02181	0.70251	0.01381	0.02020	0.01066	0.12987	0.01437	0.00973	0.01437	0.00828	0.00995	0.00590	0.00423	0.00446	0.00145	0.00683	0.00364	0.00197	0.00661
4	0.00653	0.00465	0.00590	0.00606	0.00711	0.00426	0.00460	0.00816	0.01109	0.03766	0.34994	0.20929	0.19342	0.01114	0.00555	0.00163	0.00262	0.12170	0.00456	0.00414
5	0.00711	0.00598	0.00785	0.12672	0.03063	0.04045	0.02834	0.00865	0.00973	0.01275	0.12744	0.32218	0.10390	0.06575	0.00650	0.00182	0.00368	0.06113	0.02521	0.00418
6	0.01195	0.01106	0.09792	0.01040	0.03779	0.01038	0.06904	0.18395	0.29762	0.05104	0.03153	0.01613	0.04230	0.00581	0.00454	0.00143	0.00438	0.01635	0.08974	0.00665
7	0.00634	0.00435	0.00518	0.00538	0.00554	0.00434	0.00328	0.00665	0.00715	0.00956	0.01708	0.18288	0.04217	0.59407	0.08352	0.00405	0.00462	0.00774	0.00304	0.00306
8	0.01377	0.19790	0.04000	0.00913	0.02766	0.14749	0.00763	0.14243	0.06334	0.10317	0.02312	0.01099	0.00833	0.00471	0.00385	0.00114	0.00488	0.00348	0.05548	0.13148
9	0.00901	0.11133	0.56308	0.01176	0.01708	0.01041	0.06111	0.01311	0.00947	0.01355	0.01044	0.12970	0.00933	0.00566	0.00443	0.00145	0.00596	0.00475	0.00227	0.00613

[dist]
# distance from previous block
# <min> <max>
0	1

[block]
# block no. 3 follows, 57 sequences, length 36
# corresponding to MSA columns:
# 430-465
name=unknown_D
#
# <colnr> <probs for GDERKNQSTAVLIFYWHMCP>
#	G	D	E	R	K	N	Q	S	T	A	V	L	I	F	Y	W	H	M	C	P
0	0.00995	0.00974	0.01404	0.18830	0.23660	0.06410	0.03472	0.01210	0.00916	0.01261	0.00867	0.03665	0.00766	0.00810	0.08682	0.00203	0.16241	0.00421	0.00227	0.08987
1	0.00856	0.00805	0.01359	0.82986	0.03121	0.01007	0.01258	0.01158	0.00906	0.01158	0.00805	0.01208	0.00604	0.00453	0.00453	0.00151	0.00604	0.00403	0.00201	0.00503
2	0.03546	0.01191	0.01268	0.00982	0.01322	0.01316	0.00808	0.71557	0.02004	0.02742	0.01110	0.01129	0.00796	0.00540	0.00438	0.00134	0.00472	0.00406	0.07504	0.00736
3	0.00761	0.00401	0.00582	0.00586	0.00589	0.00402	0.00387	0.00605	0.00612	0.00818	0.00931	0.04738	0.00971	0.10129	0.03968	0.72216	0.00416	0.00458	0.00215	0.00217
4	0.00637	0.00431	0.00503	0.00524	0.00532	0.00425	0.00308	0.00658	0.00716	0.00958	0.03557	0.19388	0.01985	0.65291	0.01913	0.00380	0.00398	0.00791	0.00310	0.00297
5	0.00586	0.00501	0.00571	0.00631	0.05966	0.00438	0.00428	0.00719	0.01039	0.01276	0.09515	0.03983	0.67469	0.01166	0.03548	0.00172	0.00285	0.00893	0.00407	0.00409
6	0.20155	0.36084	0.06271	0.00887	0.01220	0.26308	0.00796	0.01495	0.01002	0.01312	0.00662	0.00770	0.00562	0.00422	0.00333	0.00115	0.00568	0.00264	0.00225	0.00550
7	0.01227	0.38062	0.25885	0.03237	0.01512	0.15011	0.01081	0.06796	0.01075	0.01308	0.00733	0.00849	0.00593	0.00426	0.00368	0.00118	0.00600	0.00294	0.00218	0.00609
8	0.03883	0.11093	0.13089	0.00977	0.01314	0.10593	0.03766	0.15707	0.20441	0.01738	0.01242	0.01307	0.03065	0.01918	0.01531	0.00146	0.00511	0.00410	0.06639	0.00629
9	0.00646	0.00479	0.00604	0.00570	0.00686	0.00445	0.00428	0.00882	0.03699	0.01760	0.70850	0.03431	0.11941	0.00939	0.00532	0.00144	0.00220	0.00824	0.00490	0.00432
10	0.01015	0.00916	0.03855	0.06285	0.42697	0.00884	0.04882	0.04281	0.01047	0.01547	0.01260	0.01477	0.06138	0.00491	0.00427	0.00131	0.00456	0.00449	0.21155	0.00608
11	0.04785	0.01205	0.01304	0.00998	0.01361	0.03061	0.02576	0.61908	0.01875	0.05014	0.01048	0.01069	0.00754	0.00511	0.00434	0.00128	0.00484	0.00388	0.00419	0.10680
12	0.01314	0.54824	0.01939	0.00876	0.01200	0.25166	0.00782	0.01456	0.01051	0.01128	0.05975	0.00929	0.00827	0.00446	0.00341	0.00106	0.00564	0.00295	0.00226	0.00555
13	0.78719	0.06404	0.00788	0.00610	0.00902	0.01054	0.00511	0.01327	0.00787	0.01951	0.00637	0.00742	0.00503	0.00416	0.00283	0.00135	0.00359	0.00246	0.00274	0.03353
14	0.01193	0.03659	0.01601	0.17283	0.37852	0.06797	0.01185	0.13294	0.02084	0.01559	0.00849	0.01094	0.00687	0.00478	0.00541	0.00142	0.08408	0.00392	0.00255	0.00647
15	0.00596	0.00453	0.00548	0.00600	0.00694	0.00415	0.00452	0.00719	0.00977	0.01243	0.07099	0.27575	0.32501	0.06085	0.00671	0.00191	0.00292	0.18093	0.00415	0.00382
16	0.00815	0.06244	0.01203	0.00948	0.01072	0.00872	0.11909	0.00964	0.00802	0.01124	0.03799	0.05821	0.02774	0.14978	0.26160	0.00383	0.18885	0.00545	0.00254	0.00443
17	0.00615	0.00446	0.00571	0.00639	0.00705	0.00422	0.00472	0.00732	0.00939	0.01232	0.08480	0.37635	0.12890	0.11382	0.00792	0.00214	0.00316	0.20734	0.00408	0.00376
18	0.01253	0.00948	0.01035	0.00874	0.01139	0.01035	0.00697	0.30506	0.28071	0.03520	0.08076	0.05513	0.01467	0.00657	0.00461	0.00142	0.00386	0.03497	0.06244	0.04478
19	0.01198	0.00965	0.01039	0.00923	0.01184	0.01097	0.00728	0.09083	0.65580	0.05567	0.01806	0.01821	0.01386	0.00641	0.00469	0.00155	0.00375	0.04812	0.00462	0.00708
20	0.00975	0.00819	0.01056	0.03573	0.03840	0.00668	0.04476	0.03286	0.00985	0.03688	0.00959	0.06477	0.00840	0.00428	0.00376	0.00088	0.00373	0.00367	0.00286	0.66441
21	0.00574	0.00455	0.00507	0.00511	0.00632	0.00399	0.00376	0.00702	0.01045	0.01322	0.20077	0.10637	0.50307	0.07064	0.00669	0.00176	0.00250	0.03487	0.00426	0.00384
22	0.01301	0.69110	0.02172	0.00848	0.01207	0.16711	0.00794	0.01441	0.00988	0.01074	0.00643	0.00744	0.00582	0.00402	0.00313	0.00101	0.00546	0.00251	0.00201	0.00571
23	0.00969	0.00770	0.00906	0.00664	0.01037	0.00588	0.00530	0.01165	0.00981	0.06176	0.04771	0.01263	0.04979	0.00418	0.00362	0.00079	0.00327	0.00340	0.00304	0.73370
24	0.00709	0.00571	0.00649	0.00664	0.00790	0.00579	0.00486	0.01125	0.21953	0.01413	0.07559	0.34833	0.23017	0.01103	0.00535	0.00166	0.00280	0.02663	0.00436	0.00469
25	0.00647	0.00438	0.00514	0.00525	0.00534	0.00441	0.00311	0.00666	0.00686	0.00920	0.01527	0.11503	0.01755	0.69613	0.07718	0.00432	0.00475	0.00714	0.00288	0.00294
26	0.00565	0.00400	0.00523	0.00612	0.00646	0.00372	0.00410	0.00631	0.00861	0.01136	0.02542	0.71504	0.08752	0.03685	0.00681	0.04442	0.00272	0.01202	0.00406	0.00358
27	0.05375	0.00591	0.00738	0.00634	0.00835	0.00535	0.00493	0.01316	0.01184	0.30007	0.32253	0.02718	0.14244	0.06313	0.00612	0.00163	0.00299	0.00672	0.00484	0.00536
28	0.00555	0.00402	0.00525	0.00616	0.00655	0.00372	0.00415	0.00643	0.00899	0.01192	0.06292	0.74239	0.08769	0.01377	0.00573	0.00180	0.00258	0.01242	0.00424	0.00372
29	0.00958	0.00836	0.01018	0.00774	0.01091	0.00760	0.00626	0.03512	0.00924	0.01432	0.00798	0.00994	0.00684	0.00570	0.04559	0.00124	0.14503	0.00305	0.00261	0.65272
30	0.00761	0.00648	0.00979	0.09258	0.05224	0.00800	0.00763	0.00930	0.00755	0.01092	0.01031	0.01533	0.00952	0.02432	0.53827	0.00535	0.17349	0.00455	0.00229	0.00449
31	0.00569	0.00405	0.00522	0.00605	0.00635	0.00380	0.00399	0.00643	0.00858	0.01143	0.05010	0.67892	0.05105	0.12586	0.00810	0.00216	0.00284	0.01178	0.00403	0.00358
32	0.00931	0.00906	0.07108	0.40292	0.17597	0.00899	0.02158	0.01212	0.00995	0.05318	0.11978	0.01563	0.01205	0.03346	0.02490	0.00169	0.00543	0.00470	0.00268	0.00551
33	0.01110	0.03696	0.09216	0.02181	0.54555	0.01044	0.02248	0.07396	0.01095	0.03025	0.01043	0.09389	0.00940	0.00521	0.00457	0.00140	0.00518	0.00484	0.00264	0.00678
34	0.01225	0.01071	0.04467	0.01104	0.01341	0.06371	0.12809	0.17405	0.01195	0.09058	0.03500	0.03835	0.00969	0.00882	0.08657	0.00209	0.18817	0.00467	0.06035	0.00584
35	0.03679	0.00844	0.03973	0.00882	0.04142	0.04728	0.11269	0.09041	0.02895	0.03637	0.01338	0.02156	0.03146	0.00516	0.00388	0.00122	0.00390	0.00440	0.43223	0.03190

[dist]
# distance from previous block
# <min> <max>
0	2

[block]
# block no. 4 follows, 57 sequences, length 10
# corresponding to MSA columns:
# 469,475-483
name=unknown_E
#
# <colnr> <probs for GDERKNQSTAVLIFYWHMCP>
#	G	D	E	R	K	N	Q	S	T	A	V	L	I	F	Y	W	H	M	C	P
0	0.00966	0.00895	0.01573	0.32032	0.18458	0.00982	0.14715	0.01234	0.00961	0.04021	0.01062	0.06370	0.00938	0.00634	0.02468	0.00170	0.06400	0.05311	0.00250	0.00559
1	0.01516	0.00659	0.00863	0.00711	0.00964	0.00599	0.00568	0.01728	0.03888	0.49652	0.11163	0.04227	0.03058	0.03181	0.04440	0.00175	0.00378	0.00537	0.11060	0.00635
2	0.00948	0.00802	0.04989	0.00947	0.01191	0.00712	0.15884	0.09085	0.01172	0.07600	0.10666	0.12472	0.14440	0.00847	0.00521	0.00157	0.00420	0.11343	0.05284	0.00519
3	0.01156	0.00851	0.00998	0.00727	0.01120	0.00698	0.00587	0.09717	0.01111	0.11340	0.00955	0.01029	0.00737	0.00385	0.00363	0.00083	0.00359	0.00306	0.00324	0.67153
4	0.00571	0.00410	0.00538	0.00629	0.00667	0.00384	0.00432	0.00660	0.00888	0.01178	0.04697	0.68924	0.06249	0.05356	0.00662	0.00196	0.00279	0.06496	0.00416	0.00369
5	0.01092	0.44984	0.33837	0.03295	0.03688	0.03666	0.01165	0.01396	0.00948	0.01228	0.00715	0.00844	0.00583	0.00409	0.00358	0.00118	0.00572	0.00289	0.00195	0.00617
6	0.01214	0.13363	0.02263	0.01522	0.01909	0.06029	0.46273	0.12647	0.01184	0.01549	0.00862	0.01090	0.00671	0.00442	0.00553	0.00144	0.06966	0.00449	0.00254	0.00616
7	0.00674	0.00497	0.00550	0.00563	0.00677	0.00474	0.00406	0.03430	0.06621	0.01374	0.05717	0.27467	0.31825	0.04966	0.00593	0.00168	0.00264	0.00914	0.12403	0.00417
8	0.05955	0.00514	0.00654	0.00679	0.00757	0.00525	0.00491	0.00859	0.00919	0.07828	0.07785	0.55253	0.06471	0.01187	0.00624	0.00175	0.07460	0.01030	0.00410	0.00424
9	0.00924	0.08027	0.03757	0.13222	0.05349	0.00906	0.03510	0.07765	0.04256	0.01456	0.18226	0.01899	0.06668	0.00851	0.02992	0.09920	0.07881	0.01577	0.00315	0.00498

[dist]
# distance from previous block
# <min> <max>
1	3

[block]
# block no. 5 follows, 57 sequences, length 8
# corresponding to MSA columns:
# 487-494
name=unknown_F
#
# <colnr> <probs for GDERKNQSTAVLIFYWHMCP>
#	G	D	E	R	K	N	Q	S	T	A	V	L	I	F	Y	W	H	M	C	P
0	0.00756	0.14334	0.05239	0.00637	0.00754	0.00717	0.00498	0.00845	0.00741	0.00987	0.01267	0.05750	0.01369	0.45934	0.17952	0.00414	0.00608	0.00565	0.00257	0.00377
1	0.01092	0.16296	0.04227	0.00822	0.03886	0.05865	0.00677	0.03128	0.01029	0.05746	0.05070	0.01154	0.03025	0.00429	0.00364	0.00093	0.00409	0.00333	0.00284	0.46071
2	0.02638	0.05150	0.24963	0.07397	0.11680	0.10411	0.06282	0.12672	0.06084	0.01608	0.00919	0.01074	0.00700	0.00470	0.00464	0.00138	0.03145	0.00377	0.03188	0.00640
3	0.00933	0.00723	0.00789	0.00724	0.00933	0.00759	0.00563	0.01610	0.38130	0.07162	0.10601	0.02851	0.27776	0.00840	0.00499	0.00154	0.00306	0.03617	0.00457	0.00571
4	0.01156	0.01040	0.09004	0.02472	0.01202	0.04435	0.02242	0.17305	0.13969	0.08785	0.08057	0.11185	0.04498	0.05875	0.00642	0.00167	0.04707	0.00587	0.00390	0.02280
5	0.01025	0.12261	0.01506	0.44276	0.07383	0.12021	0.03739	0.01259	0.00962	0.01167	0.00881	0.06683	0.00771	0.00519	0.00476	0.00142	0.03752	0.00431	0.00222	0.00525
6	0.00601	0.00441	0.00550	0.00612	0.00660	0.00429	0.00412	0.00731	0.04523	0.01145	0.02410	0.53817	0.10065	0.15074	0.06095	0.00257	0.00354	0.01065	0.00387	0.00373
7	0.00872	0.00564	0.00739	0.00695	0.00841	0.00534	0.03071	0.03648	0.06234	0.12857	0.19310	0.33991	0.12751	0.01042	0.00533	0.00160	0.00296	0.00923	0.00455	0.00484

[dist]
# distance from previous block
# <min> <max>
2	9

[block]
# block no. 6 follows, 57 sequences, length 10
# corresponding to MSA columns:
# 504-513
name=unknown_G
#
# <colnr> <probs for GDERKNQSTAVLIFYWHMCP>
#	G	D	E	R	K	N	Q	S	T	A	V	L	I	F	Y	W	H	M	C	P
0	0.00567	0.00414	0.00536	0.00619	0.00670	0.00383	0.00431	0.00667	0.00926	0.01222	0.08108	0.64160	0.12292	0.01344	0.00573	0.00179	0.00265	0.05842	0.00426	0.00377
1	0.05000	0.09888	0.05287	0.09741	0.09940	0.06403	0.03907	0.19586	0.09790	0.06877	0.02179	0.04940	0.00923	0.00543	0.00466	0.00140	0.02980	0.00436	0.00332	0.00642
2	0.00899	0.00755	0.01075	0.03614	0.05154	0.05338	0.13104	0.04774	0.01029	0.02882	0.02797	0.29944	0.01758	0.00867	0.00527	0.00156	0.02893	0.06431	0.15521	0.00482
3	0.00574	0.00461	0.00512	0.00499	0.00636	0.00399	0.00374	0.00724	0.01123	0.01439	0.32223	0.04008	0.53298	0.01068	0.00535	0.00149	0.00224	0.00907	0.00449	0.00399
4	0.07949	0.00819	0.01043	0.00811	0.01154	0.00757	0.00668	0.07079	0.04713	0.67568	0.01665	0.01463	0.01066	0.00552	0.00443	0.00141	0.00389	0.00440	0.00530	0.00749
5	0.01194	0.76054	0.05441	0.00805	0.01196	0.01723	0.00807	0.01423	0.05729	0.01131	0.00711	0.00794	0.00630	0.00403	0.00307	0.00102	0.00484	0.00262	0.00210	0.00593
6	0.00858	0.00856	0.05851	0.29707	0.13583	0.00845	0.07190	0.02828	0.01018	0.01392	0.12043	0.11416	0.03924	0.00661	0.00500	0.00151	0.01716	0.01901	0.03033	0.00525
7	0.01082	0.01031	0.01755	0.07508	0.72512	0.01047	0.01341	0.01347	0.01009	0.01439	0.00868	0.01160	0.00732	0.00557	0.04551	0.00165	0.00576	0.00408	0.00224	0.00689
8	0.58675	0.01006	0.05703	0.04107	0.03666	0.03493	0.00660	0.06335	0.03493	0.01948	0.06543	0.01028	0.00831	0.00474	0.00341	0.00140	0.00400	0.00324	0.00301	0.00531
9	0.01251	0.34422	0.06926	0.00875	0.03730	0.03027	0.00778	0.07426	0.03127	0.12305	0.09210	0.01223	0.01088	0.00482	0.00378	0.00113	0.00442	0.00366	0.00314	0.12516

[dist]
# distance from previous block
# <min> <max>
1	3

[block]
# block no. 7 follows, 57 sequences, length 30
# corresponding to MSA columns:
# 517-521,523-547
name=unknown_H
#
# <colnr> <probs for GDERKNQSTAVLIFYWHMCP>
#	G	D	E	R	K	N	Q	S	T	A	V	L	I	F	Y	W	H	M	C	P
0	0.00636	0.03390	0.03238	0.00690	0.00794	0.00492	0.02406	0.00778	0.00969	0.01287	0.12895	0.44441	0.10830	0.02278	0.01644	0.00184	0.00322	0.11913	0.00407	0.00406
1	0.01094	0.01139	0.01480	0.04152	0.19937	0.16512	0.16758	0.01400	0.07236	0.01389	0.03487	0.06696	0.05935	0.03197	0.00524	0.00147	0.00555	0.00523	0.04549	0.03291
2	0.06943	0.00683	0.00875	0.00727	0.00973	0.00634	0.00568	0.01699	0.03376	0.49767	0.03705	0.07748	0.01385	0.13235	0.05402	0.00222	0.00425	0.00546	0.00468	0.00619
3	0.00659	0.00458	0.00640	0.00647	0.00694	0.00502	0.00463	0.00735	0.00705	0.00986	0.01310	0.07505	0.01354	0.24007	0.47624	0.09669	0.00863	0.00574	0.00258	0.00347
4	0.01065	0.01020	0.01743	0.05079	0.68187	0.01019	0.04525	0.01329	0.01030	0.01451	0.01111	0.01453	0.05032	0.00476	0.00464	0.00140	0.00529	0.03429	0.00242	0.00677
5	0.00646	0.00472	0.00670	0.00674	0.00735	0.00531	0.00497	0.00770	0.00719	0.01018	0.01310	0.05190	0.01316	0.20825	0.61788	0.00645	0.01009	0.00554	0.00256	0.00375
6	0.01693	0.02160	0.01284	0.01167	0.01401	0.82256	0.00876	0.01809	0.01284	0.01109	0.00700	0.00817	0.00584	0.00467	0.00409	0.00117	0.00817	0.00292	0.00233	0.00525
7	0.00958	0.02061	0.65199	0.01270	0.01854	0.01051	0.05370	0.01417	0.00950	0.03784	0.00829	0.00989	0.00602	0.00456	0.00516	0.00145	0.07254	0.00350	0.00208	0.04735
8	0.01025	0.13667	0.56769	0.01245	0.03952	0.04514	0.03427	0.03415	0.05275	0.01431	0.00849	0.00973	0.00631	0.00437	0.00415	0.00136	0.00628	0.00338	0.00216	0.00656
9	0.01101	0.01055	0.01801	0.09103	0.75090	0.01071	0.01380	0.01372	0.01022	0.01455	0.00849	0.01128	0.00709	0.00408	0.00449	0.00136	0.00544	0.00404	0.00222	0.00701
10	0.01230	0.00874	0.00971	0.00858	0.01105	0.00959	0.00669	0.06200	0.51894	0.14544	0.04398	0.08446	0.01528	0.00676	0.00467	0.00151	0.00353	0.00569	0.03428	0.00680
11	0.00593	0.00424	0.00575	0.00677	0.00722	0.00406	0.00491	0.00702	0.00902	0.01197	0.02443	0.64786	0.02865	0.01435	0.02702	0.00203	0.00321	0.17763	0.00415	0.00380
12	0.02600	0.07702	0.07457	0.02319	0.12450	0.12224	0.00906	0.16043	0.04001	0.21267	0.02503	0.01402	0.04943	0.00543	0.00438	0.00135	0.00508	0.01521	0.00370	0.00668
13	0.00787	0.00394	0.00590	0.00590	0.00590	0.00394	0.00394	0.00590	0.00590	0.00787	0.00787	0.01377	0.00787	0.01574	0.01771	0.86816	0.00394	0.00394	0.00197	0.00197
14	0.00552	0.00394	0.00526	0.00631	0.00657	0.00368	0.00421	0.00631	0.00868	0.01157	0.02498	0.83779	0.02997	0.01420	0.00578	0.00184	0.00263	0.01288	0.00421	0.00368
15	0.03950	0.01257	0.15949	0.06653	0.18438	0.01053	0.12039	0.11521	0.06400	0.11774	0.03859	0.01262	0.00897	0.00488	0.00481	0.00144	0.02414	0.00433	0.00316	0.00672
16	0.03754	0.04148	0.04568	0.10043	0.28034	0.00931	0.03734	0.08454	0.02240	0.04590	0.01533	0.10658	0.10603	0.00630	0.00461	0.00142	0.00462	0.00557	0.00306	0.04150
17	0.01092	0.01047	0.01787	0.11557	0.72700	0.01069	0.01376	0.01365	0.01018	0.01445	0.00847	0.01131	0.00705	0.00409	0.00449	0.00136	0.00546	0.00404	0.00222	0.00694
18	0.00832	0.00632	0.00713	0.00660	0.00822	0.00660	0.00504	0.02712	0.26143	0.01794	0.37591	0.02658	0.09107	0.00785	0.00480	0.00142	0.00265	0.00672	0.12307	0.00520
19	0.02202	0.05949	0.32151	0.21988	0.09508	0.01061	0.01289	0.02438	0.03520	0.01356	0.01021	0.03012	0.02898	0.00535	0.00515	0.00150	0.06192	0.03393	0.00231	0.00592
20	0.00984	0.00988	0.01541	0.51850	0.19490	0.06968	0.07415	0.01268	0.00976	0.01247	0.00895	0.01227	0.02297	0.00452	0.00457	0.00145	0.00611	0.00417	0.00215	0.00557
21	0.00633	0.00463	0.00598	0.00603	0.00695	0.00436	0.00443	0.00842	0.03655	0.01614	0.53032	0.24504	0.05996	0.01063	0.00547	0.00156	0.00239	0.03590	0.00472	0.00419
22	0.01654	0.03051	0.05877	0.00879	0.01218	0.00824	0.03071	0.12658	0.04746	0.47681	0.09035	0.01717	0.02379	0.00602	0.00465	0.00142	0.00413	0.02392	0.00490	0.00707
23	0.02432	0.12165	0.24030	0.01557	0.23134	0.04629	0.05438	0.04617	0.02376	0.10655	0.01006	0.01127	0.02240	0.00460	0.00448	0.00135	0.02237	0.00382	0.00267	0.00667
24	0.00945	0.00598	0.00780	0.00780	0.06276	0.00561	0.00552	0.02333	0.05662	0.15748	0.39283	0.05863	0.15121	0.00864	0.00513	0.00147	0.00288	0.02696	0.00471	0.00520
25	0.00559	0.00400	0.00522	0.00617	0.00653	0.00371	0.00415	0.00645	0.00887	0.01186	0.04483	0.76337	0.06856	0.01377	0.00570	0.00180	0.00259	0.01244	0.02067	0.00371
26	0.09133	0.00980	0.01637	0.21932	0.44231	0.01034	0.08298	0.01312	0.00990	0.01465	0.04125	0.01209	0.00812	0.00437	0.00445	0.00141	0.00544	0.00418	0.00236	0.00623
27	0.03627	0.02710	0.19941	0.01496	0.10437	0.01052	0.26411	0.08328	0.03916	0.08875	0.03648	0.04404	0.00932	0.00498	0.00488	0.00146	0.01669	0.00479	0.00295	0.00647
28	0.01110	0.01171	0.09310	0.02293	0.55569	0.01051	0.08564	0.03178	0.01052	0.04227	0.01061	0.01278	0.04516	0.00460	0.00492	0.00140	0.03160	0.00437	0.00247	0.00684
29	0.32952	0.02518	0.05919	0.10760	0.04153	0.21306	0.10286	0.04598	0.01027	0.01596	0.00739	0.00910	0.00576	0.00436	0.00384	0.00136	0.00579	0.00327	0.00252	0.00546

[dist]
# distance from previous block
# <min> <max>
2	8

[block]
# block no. 8 follows, 57 sequences, length 11
# corresponding to MSA columns:
# 556-566
name=unknown_I
#
# <colnr> <probs for GDERKNQSTAVLIFYWHMCP>
#	G	D	E	R	K	N	Q	S	T	A	V	L	I	F	Y	W	H	M	C	P
0	0.01873	0.00783	0.01033	0.00806	0.01135	0.00707	0.00661	0.06318	0.04653	0.67899	0.07773	0.01664	0.01353	0.00590	0.00462	0.00141	0.00378	0.00483	0.00546	0.00743
1	0.00794	0.00608	0.00807	0.06527	0.02721	0.00598	0.03378	0.04320	0.06524	0.04852	0.33776	0.05898	0.21233	0.00898	0.00522	0.00151	0.00314	0.05164	0.00435	0.00480
2	0.01723	0.01269	0.01360	0.01043	0.01405	0.01405	0.00861	0.79738	0.02131	0.02856	0.01088	0.01088	0.00771	0.00544	0.00453	0.00136	0.00499	0.00408	0.00453	0.00771
3	0.01658	0.01069	0.04044	0.01089	0.03451	0.06425	0.10409	0.16504	0.01359	0.39375	0.01390	0.04783	0.00990	0.00569	0.00517	0.00144	0.04618	0.00472	0.00433	0.00699
4	0.01428	0.01519	0.01168	0.01040	0.01296	0.36623	0.00799	0.09083	0.38802	0.01638	0.01276	0.01255	0.00979	0.00544	0.00437	0.00136	0.00572	0.00407	0.00361	0.00638
5	0.00663	0.00451	0.00556	0.00556	0.00583	0.00474	0.00357	0.00716	0.00690	0.00958	0.01371	0.02588	0.01486	0.58495	0.24336	0.00506	0.00644	0.00602	0.03653	0.00316
6	0.00719	0.00532	0.00688	0.00713	0.05957	0.00495	0.00493	0.00954	0.04054	0.04569	0.54769	0.03305	0.19200	0.00912	0.00524	0.00144	0.00250	0.00796	0.00466	0.00460
7	0.01096	0.01015	0.04241	0.12717	0.44038	0.01005	0.03982	0.06042	0.06181	0.04715	0.06257	0.04584	0.01080	0.00512	0.00464	0.00142	0.00508	0.00477	0.00288	0.00657
8	0.06535	0.01165	0.06844	0.00943	0.01272	0.01175	0.00814	0.48337	0.06027	0.02379	0.06292	0.01269	0.01017	0.00555	0.00470	0.00135	0.03480	0.00420	0.06030	0.04842
9	0.01256	0.03691	0.29274	0.01259	0.08066	0.07269	0.03226	0.22165	0.11789	0.03703	0.01138	0.01197	0.02910	0.00505	0.00443	0.00139	0.00564	0.00402	0.00317	0.00686
10	0.01135	0.01100	0.08379	0.03335	0.37327	0.05454	0.01075	0.03502	0.09174	0.08551	0.04595	0.08665	0.03330	0.00593	0.00467	0.00143	0.00486	0.01723	0.00318	0.00649

[dist]
# distance from previous block
# <min> <max>
1	9

[block]
# block no. 9 follows, 57 sequences, length 36
# corresponding to MSA columns:
# 576-611
name=unknown_J
#
# <colnr> <probs for GDERKNQSTAVLIFYWHMCP>
#	G	D	E	R	K	N	Q	S	T	A	V	L	I	F	Y	W	H	M	C	P
0	0.01229	0.32186	0.06017	0.00943	0.03187	0.08678	0.00820	0.12269	0.17778	0.01568	0.05850	0.01282	0.03432	0.00531	0.00420	0.00126	0.02355	0.00394	0.00314	0.00622
1	0.01024	0.16051	0.40217	0.01303	0.11914	0.05274	0.02501	0.02389	0.01006	0.02159	0.03459	0.04062	0.02717	0.00488	0.00417	0.00132	0.00574	0.00393	0.00232	0.03689
2	0.11405	0.11849	0.27468	0.01011	0.04098	0.02747	0.01017	0.04470	0.05448	0.04328	0.05177	0.02834	0.02735	0.00625	0.00439	0.00148	0.00496	0.12819	0.00301	0.00584
3	0.01194	0.19430	0.24714	0.01037	0.04132	0.07065	0.03327	0.08189	0.01078	0.10092	0.01068	0.01339	0.02577	0.12091	0.00670	0.00172	0.00551	0.00398	0.00277	0.00598
4	0.00677	0.00512	0.00729	0.00729	0.00805	0.00589	0.00560	0.00860	0.03499	0.01086	0.01344	0.04536	0.01315	0.10862	0.62322	0.00619	0.03407	0.04878	0.00267	0.00405
5	0.00611	0.00455	0.00603	0.00711	0.03097	0.00438	0.00479	0.00770	0.04701	0.01255	0.07349	0.65822	0.05124	0.01303	0.00568	0.00179	0.00280	0.05432	0.00421	0.00402
6	0.01006	0.00959	0.01607	0.39385	0.30317	0.01079	0.06518	0.03672	0.03532	0.01362	0.00859	0.01178	0.00679	0.00459	0.00519	0.00148	0.05478	0.00415	0.00227	0.00600
7	0.00672	0.00505	0.00723	0.00732	0.00823	0.00569	0.00577	0.00874	0.03545	0.01139	0.03298	0.02347	0.03619	0.04815	0.62805	0.00605	0.01012	0.10642	0.00285	0.00414
8	0.07311	0.00778	0.01028	0.00793	0.01139	0.00688	0.00655	0.02154	0.01264	0.76638	0.01716	0.01492	0.01083	0.00552	0.00445	0.00140	0.00383	0.00443	0.00543	0.00754
9	0.00881	0.00721	0.00961	0.00863	0.00897	0.00922	0.00681	0.00988	0.00763	0.02881	0.01094	0.07904	0.01092	0.14072	0.05979	0.00248	0.42259	0.00518	0.15839	0.00438
10	0.62618	0.16056	0.04580	0.00686	0.01001	0.03580	0.00613	0.01390	0.03372	0.01800	0.00680	0.00777	0.00542	0.00423	0.00299	0.00132	0.00403	0.00259	0.00265	0.00523
11	0.00565	0.00462	0.00514	0.00523	0.00656	0.00410	0.00397	0.00694	0.01010	0.01249	0.08894	0.08790	0.59385	0.01374	0.08489	0.00213	0.00337	0.05241	0.00408	0.00389
12	0.00605	0.00456	0.00559	0.00545	0.00658	0.00410	0.00404	0.00780	0.01179	0.01598	0.53396	0.10607	0.25086	0.01029	0.00539	0.00149	0.00222	0.00897	0.00471	0.00410
13	0.17188	0.01173	0.01219	0.00950	0.01297	0.01297	0.00784	0.61637	0.01843	0.06708	0.01041	0.01047	0.00738	0.00523	0.00422	0.00137	0.00466	0.00381	0.00428	0.00720
14	0.06832	0.16634	0.50513	0.06682	0.01770	0.02916	0.01336	0.01457	0.05321	0.01410	0.00822	0.00955	0.00617	0.00435	0.00398	0.00136	0.00597	0.00326	0.00214	0.00630
15	0.00647	0.00485	0.00728	0.00728	0.00809	0.00566	0.00566	0.00809	0.00728	0.01052	0.01214	0.01780	0.01133	0.03398	0.82279	0.00728	0.01214	0.00485	0.00243	0.00405
16	0.00553	0.00406	0.00520	0.00605	0.00652	0.00372	0.00410	0.00642	0.00905	0.01190	0.05591	0.70098	0.13664	0.01365	0.00571	0.00178	0.00257	0.01226	0.00423	0.00372
17	0.01338	0.09837	0.05777	0.00973	0.01332	0.01012	0.08664	0.17561	0.07311	0.17141	0.03167	0.01583	0.01079	0.00554	0.00444	0.00132	0.00462	0.07402	0.00380	0.13852
18	0.00974	0.19630	0.29780	0.00950	0.01339	0.01001	0.03503	0.01293	0.03821	0.07328	0.04692	0.17192	0.05302	0.00683	0.00444	0.00142	0.00481	0.00571	0.00299	0.00575
19	0.01145	0.56270	0.19948	0.00918	0.01352	0.03308	0.02485	0.03589	0.00971	0.01224	0.00726	0.00848	0.00614	0.00468	0.01998	0.00123	0.00546	0.00284	0.02585	0.00598
20	0.00585	0.02265	0.00585	0.00626	0.00671	0.00437	0.00430	0.00665	0.00869	0.01144	0.02555	0.66313	0.10994	0.06158	0.00697	0.00194	0.02876	0.01166	0.00400	0.00373
21	0.04347	0.01060	0.01255	0.01048	0.03449	0.01196	0.03158	0.44321	0.05393	0.03208	0.08193	0.01460	0.01152	0.00762	0.04599	0.00177	0.11399	0.02770	0.00395	0.00657
22	0.05517	0.05382	0.19767	0.06293	0.23919	0.04994	0.12697	0.06134	0.03825	0.04488	0.00930	0.02395	0.00727	0.00450	0.00442	0.00140	0.00587	0.00406	0.00255	0.00651
23	0.01169	0.02971	0.09050	0.02161	0.50300	0.02980	0.07133	0.07394	0.01121	0.04969	0.00997	0.04318	0.00842	0.00479	0.00458	0.00139	0.00550	0.02020	0.00264	0.00685
24	0.00552	0.00394	0.00526	0.00631	0.00657	0.00368	0.00421	0.00631	0.00868	0.01157	0.02498	0.83779	0.02997	0.01420	0.00578	0.00184	0.00263	0.01288	0.00421	0.00368
25	0.01238	0.02735	0.12912	0.03982	0.06885	0.00885	0.03018	0.11805	0.08316	0.19818	0.01549	0.14157	0.03267	0.04134	0.01829	0.00170	0.01710	0.00578	0.00383	0.00628
26	0.03245	0.01141	0.07883	0.05536	0.31345	0.01073	0.17651	0.05383	0.10744	0.01580	0.03869	0.01367	0.03411	0.00491	0.00502	0.00145	0.03237	0.00467	0.00278	0.00651
27	0.00964	0.00808	0.01113	0.10403	0.07547	0.04673	0.02027	0.01125	0.00861	0.07576	0.03077	0.03561	0.02652	0.06568	0.21830	0.00326	0.22673	0.00483	0.01238	0.00494
28	0.00577	0.00411	0.00535	0.00621	0.00654	0.00387	0.00420	0.00659	0.00871	0.01158	0.04881	0.65483	0.04785	0.10930	0.00778	0.00213	0.00290	0.05580	0.00406	0.00362
29	0.26204	0.08504	0.06074	0.01120	0.08475	0.32191	0.00857	0.04388	0.01060	0.01488	0.00703	0.00842	0.00576	0.00461	0.00431	0.00131	0.05400	0.00297	0.00246	0.00553
30	0.00568	0.00428	0.00500	0.00544	0.00614	0.00388	0.00369	0.00652	0.00906	0.01159	0.06249	0.38570	0.30239	0.15656	0.00862	0.00216	0.00280	0.01043	0.00399	0.00359
31	0.01094	0.00984	0.06137	0.02935	0.09271	0.00808	0.01564	0.08192	0.07291	0.05674	0.00967	0.01070	0.00756	0.00403	0.00384	0.00098	0.00406	0.00333	0.00303	0.51329
32	0.01090	0.23152	0.21528	0.01009	0.05388	0.01147	0.00965	0.08782	0.04388	0.02629	0.03665	0.03302	0.00859	0.00467	0.00399	0.00116	0.01486	0.00360	0.00268	0.19001
33	0.00955	0.20434	0.45141	0.01146	0.06294	0.01128	0.01244	0.02983	0.00987	0.01366	0.03394	0.05994	0.06013	0.00539	0.00419	0.00135	0.00552	0.00429	0.00236	0.00612
34	0.01974	0.01051	0.08188	0.01131	0.12122	0.08995	0.03618	0.07564	0.11739	0.02373	0.09039	0.12536	0.13089	0.00752	0.00484	0.00147	0.00439	0.01926	0.00359	0.02474
35	0.01076	0.04995	0.18832	0.01098	0.01469	0.07220	0.14902	0.11020	0.04963	0.04018	0.08662	0.05726	0.09550	0.00615	0.00470	0.00141	0.00525	0.00538	0.00324	0.03856

[dist]
# distance from previous block
# <min> <max>
10	26

[block]
# block no. 10 follows, 57 sequences, length 9
# corresponding to MSA columns:
# 672-680
name=unknown_K
#
# <colnr> <probs for GDERKNQSTAVLIFYWHMCP>
#	G	D	E	R	K	N	Q	S	T	A	V	L	I	F	Y	W	H	M	C	P
0	0.08101	0.04183	0.09060	0.02893	0.11354	0.09939	0.05279	0.16043	0.08645	0.08591	0.04606	0.01206	0.00924	0.00491	0.00427	0.00132	0.00512	0.00398	0.00334	0.06882
1	0.07962	0.20922	0.16628	0.03311	0.03079	0.10720	0.04036	0.05068	0.05039	0.03748	0.08711	0.01273	0.03119	0.00503	0.00401	0.00127	0.00516	0.00388	0.00282	0.04168
2	0.03793	0.02949	0.16167	0.02876	0.01358	0.19433	0.00906	0.09282	0.05158	0.15645	0.04354	0.03455	0.06235	0.00582	0.00476	0.00137	0.03429	0.00443	0.00343	0.02979
3	0.01122	0.01077	0.01839	0.02781	0.81248	0.01077	0.01391	0.01391	0.01032	0.01480	0.00852	0.01122	0.00718	0.00404	0.00449	0.00135	0.00538	0.00404	0.00224	0.00718
4	0.01061	0.01015	0.01729	0.21127	0.63377	0.01061	0.01360	0.01337	0.01003	0.01407	0.00842	0.01141	0.00692	0.00415	0.00450	0.00138	0.00553	0.00404	0.00219	0.00669
5	0.00966	0.03147	0.01027	0.03214	0.01119	0.02962	0.07489	0.08775	0.06024	0.05713	0.10494	0.09328	0.17109	0.02195	0.00506	0.00140	0.00382	0.02668	0.00377	0.16364
6	0.01099	0.01054	0.01799	0.09465	0.74738	0.01071	0.01380	0.01371	0.01021	0.01453	0.00848	0.01129	0.00708	0.00408	0.00449	0.00136	0.00544	0.00404	0.00222	0.00700
7	0.00914	0.00804	0.01017	0.06508	0.16367	0.05671	0.00762	0.05357	0.07430	0.01449	0.07499	0.23005	0.06652	0.00885	0.02582	0.00166	0.04850	0.00700	0.05202	0.02180
8	0.03626	0.25409	0.41679	0.01165	0.04424	0.04627	0.03995	0.03302	0.03335	0.03338	0.00817	0.00933	0.00625	0.00428	0.00392	0.00129	0.00592	0.00323	0.00222	0.00639

[dist]
# distance from previous block
# <min> <max>
11	53

[block]
# block no. 11 follows, 57 sequences, length 27
# corresponding to MSA columns:
# 739-765
name=unknown_L
#
# <colnr> <probs for GDERKNQSTAVLIFYWHMCP>
#	G	D	E	R	K	N	Q	S	T	A	V	L	I	F	Y	W	H	M	C	P
0	0.01164	0.03347	0.22121	0.01472	0.19845	0.06304	0.05066	0.09709	0.05200	0.06043	0.01115	0.03359	0.02424	0.00507	0.00444	0.00135	0.00544	0.02699	0.00289	0.08211
1	0.01071	0.02299	0.01269	0.14883	0.16676	0.02248	0.03534	0.02366	0.15727	0.07420	0.07180	0.04165	0.01180	0.00536	0.00470	0.00133	0.02553	0.00465	0.00326	0.15500
2	0.04337	0.00886	0.01123	0.02802	0.14029	0.03162	0.04933	0.07620	0.18376	0.07719	0.07512	0.03256	0.16530	0.00665	0.00468	0.00142	0.00402	0.00570	0.00383	0.05084
3	0.00761	0.00618	0.02454	0.00747	0.00922	0.00540	0.06728	0.02691	0.02546	0.04349	0.19491	0.29960	0.11218	0.00982	0.00522	0.00153	0.00323	0.04206	0.00407	0.10383
4	0.13839	0.01158	0.01156	0.00939	0.01256	0.04846	0.00761	0.44407	0.19356	0.04004	0.01267	0.01242	0.02658	0.00552	0.00430	0.00140	0.00452	0.00416	0.00422	0.00699
5	0.01581	0.00906	0.01321	0.01504	0.28882	0.00872	0.00922	0.07200	0.05606	0.40404	0.02702	0.03821	0.01077	0.00539	0.00458	0.00140	0.00438	0.00468	0.00426	0.00732
6	0.01108	0.01062	0.01814	0.07006	0.77133	0.01073	0.01384	0.01378	0.01025	0.01463	0.00850	0.01126	0.00712	0.00406	0.00449	0.00135	0.00542	0.00404	0.00223	0.00706
7	0.01039	0.23335	0.52486	0.01104	0.01656	0.01218	0.01330	0.04179	0.01013	0.03894	0.04193	0.01023	0.00756	0.00448	0.00400	0.00131	0.00588	0.00338	0.00226	0.00643
8	0.00949	0.00879	0.01477	0.02090	0.53422	0.00867	0.04403	0.01168	0.00991	0.01386	0.01409	0.22691	0.03481	0.00701	0.00491	0.00150	0.00466	0.02083	0.00284	0.00608
9	0.01846	0.00957	0.04661	0.00968	0.01344	0.00841	0.08245	0.13955	0.01388	0.58528	0.01557	0.01418	0.01004	0.00536	0.00462	0.00141	0.00451	0.00451	0.00497	0.00752
10	0.00773	0.00677	0.01084	0.48136	0.06680	0.00786	0.00957	0.00989	0.00889	0.01161	0.01345	0.22901	0.01374	0.07120	0.00632	0.00182	0.00493	0.03088	0.00272	0.00460
11	0.01557	0.00959	0.01724	0.01294	0.02912	0.00876	0.33455	0.01846	0.03224	0.42922	0.01431	0.03509	0.00990	0.00507	0.00492	0.00147	0.00541	0.00510	0.00412	0.00692
12	0.01113	0.01087	0.01750	0.09580	0.69517	0.04487	0.01338	0.01377	0.01037	0.01444	0.02460	0.01162	0.00774	0.00421	0.00449	0.00135	0.00549	0.00407	0.00228	0.00685
13	0.13488	0.00824	0.01024	0.00796	0.01138	0.00771	0.00658	0.08152	0.01291	0.64698	0.01577	0.01398	0.01009	0.00541	0.00432	0.00140	0.00390	0.00424	0.00515	0.00733
14	0.02033	0.00771	0.01052	0.00806	0.01157	0.00666	0.00666	0.02208	0.01297	0.81562	0.01788	0.01542	0.01122	0.00561	0.00456	0.00140	0.00386	0.00456	0.00561	0.00771
15	0.01547	0.01000	0.01334	0.03437	0.19602	0.01021	0.02226	0.27159	0.04963	0.25720	0.03134	0.03488	0.02142	0.00554	0.00461	0.00140	0.00459	0.00467	0.00423	0.00723
16	0.87276	0.00876	0.00666	0.00596	0.00876	0.01017	0.00491	0.01332	0.00771	0.02033	0.00631	0.00736	0.00491	0.00421	0.00280	0.00140	0.00351	0.00245	0.00280	0.00491
17	0.01475	0.01130	0.01210	0.00983	0.01297	0.01265	0.00798	0.49936	0.28137	0.02466	0.01389	0.01427	0.01040	0.00589	0.00459	0.00144	0.00444	0.02890	0.02187	0.00735
18	0.01122	0.01077	0.01839	0.02781	0.81248	0.01077	0.01391	0.01391	0.01032	0.01480	0.00852	0.01122	0.00718	0.00404	0.00449	0.00135	0.00538	0.00404	0.00224	0.00718
19	0.01466	0.01217	0.01256	0.01116	0.07405	0.08803	0.00833	0.45473	0.15604	0.02271	0.01416	0.01406	0.06703	0.00578	0.00454	0.00137	0.00484	0.00452	0.00410	0.02516
20	0.00623	0.00513	0.00530	0.00515	0.00673	0.00456	0.00388	0.06409	0.01100	0.01338	0.04175	0.10195	0.69247	0.01124	0.00533	0.00154	0.00252	0.00942	0.00423	0.00410
21	0.03562	0.00979	0.01058	0.00904	0.01167	0.03110	0.00719	0.30041	0.24159	0.10212	0.01628	0.13832	0.01392	0.00726	0.00477	0.00152	0.00412	0.04356	0.00450	0.00665
22	0.01658	0.01278	0.01356	0.07017	0.01530	0.05223	0.00891	0.70307	0.02001	0.02649	0.01049	0.01084	0.00750	0.00534	0.00451	0.00136	0.00521	0.00402	0.00424	0.00739
23	0.00841	0.00525	0.00600	0.00558	0.00611	0.00527	0.00347	0.06537	0.00815	0.07192	0.01431	0.02720	0.01543	0.71606	0.02030	0.00394	0.00440	0.00625	0.00309	0.00349
24	0.00756	0.00593	0.00586	0.00557	0.00605	0.06411	0.00338	0.00780	0.00726	0.00941	0.01327	0.02654	0.01495	0.71583	0.02017	0.00387	0.00459	0.00602	0.00271	0.06912
25	0.01231	0.01049	0.01633	0.02133	0.51481	0.01071	0.04652	0.08772	0.11918	0.07491	0.01123	0.01342	0.00894	0.00479	0.00460	0.00141	0.00506	0.02603	0.00308	0.00713
26	0.01119	0.01151	0.07860	0.06260	0.65684	0.02248	0.01350	0.01403	0.01039	0.04087	0.02916	0.01180	0.00803	0.00427	0.00449	0.00136	0.00542	0.00409	0.00239	0.00696

[dist]
# distance from previous block
# <min> <max>
0	179

# created by:
# /st0/software/busco_prod/Augustus/scripts/msa2prfl.pl ./align_prep/103040.fa
