[name]
unknown

[dist]
# distance from previous block
# <min> <max>
0	99

[block]
# block no. 0 follows, 60 sequences, length 55
# corresponding to MSA columns:
# 102-156
name=unknown_A
#
# <colnr> <probs for GDERKNQSTAVLIFYWHMCP>
#	G	D	E	R	K	N	Q	S	T	A	V	L	I	F	Y	W	H	M	C	P
0	0.00829	0.00633	0.00894	0.05043	0.01129	0.00657	0.04714	0.08417	0.04185	0.01455	0.02023	0.04056	0.02110	0.01037	0.00568	0.00187	0.00432	0.60784	0.00387	0.00458
1	0.04213	0.04237	0.17080	0.00813	0.01168	0.00726	0.00782	0.01676	0.01114	0.46548	0.08030	0.01655	0.05262	0.04106	0.00507	0.00147	0.00409	0.00462	0.00424	0.00642
2	0.00999	0.16199	0.60802	0.01147	0.01704	0.09287	0.01389	0.01404	0.00946	0.01290	0.00742	0.00870	0.00555	0.00411	0.00390	0.00128	0.00629	0.00303	0.00189	0.00616
3	0.18777	0.00821	0.01001	0.00808	0.01106	0.00823	0.04623	0.06797	0.12701	0.40469	0.02493	0.05466	0.01082	0.00557	0.00416	0.00139	0.00378	0.00452	0.00442	0.00650
4	0.00792	0.00652	0.01032	0.03357	0.10208	0.00655	0.08711	0.01057	0.04091	0.01340	0.01976	0.03874	0.03449	0.00984	0.00562	0.00183	0.00447	0.55806	0.00359	0.00465
5	0.01001	0.00904	0.01426	0.36582	0.32411	0.01003	0.01152	0.09130	0.04151	0.01460	0.05814	0.01266	0.00884	0.00461	0.00440	0.00138	0.00515	0.00417	0.00253	0.00591
6	0.05357	0.01063	0.02190	0.03904	0.02042	0.01014	0.62882	0.01365	0.01017	0.04804	0.01043	0.01539	0.00852	0.00462	0.00506	0.00151	0.00663	0.08326	0.00254	0.00567
7	0.01101	0.01057	0.05331	0.01013	0.04308	0.04564	0.05157	0.07884	0.50922	0.01771	0.05764	0.01508	0.01259	0.00551	0.00439	0.00138	0.00409	0.00466	0.00390	0.05969
8	0.00573	0.00439	0.00524	0.00514	0.00627	0.00391	0.00381	0.00733	0.01113	0.01486	0.46653	0.10104	0.32866	0.01009	0.00518	0.00144	0.00215	0.00874	0.00446	0.00391
9	0.03142	0.05084	0.03510	0.00951	0.01301	0.03069	0.13480	0.02592	0.01171	0.51648	0.05174	0.01404	0.01070	0.00504	0.00437	0.00132	0.00444	0.00439	0.00433	0.04016
10	0.09851	0.07703	0.24228	0.01109	0.06671	0.02221	0.02881	0.22124	0.10984	0.02660	0.02523	0.01178	0.00828	0.00490	0.00410	0.00135	0.00499	0.02555	0.00309	0.00642
11	0.00707	0.00537	0.00762	0.00927	0.08335	0.00528	0.00704	0.00895	0.00990	0.01290	0.02385	0.10180	0.10109	0.01131	0.00575	0.00187	0.00384	0.58567	0.00385	0.00422
12	0.00535	0.00384	0.00508	0.00600	0.00632	0.00357	0.00403	0.00619	0.00859	0.01147	0.06443	0.78359	0.04862	0.01336	0.00554	0.00174	0.00250	0.01209	0.00409	0.00357
13	0.09679	0.01042	0.05008	0.05164	0.55420	0.01009	0.06127	0.03460	0.01957	0.01520	0.04853	0.01159	0.00837	0.00423	0.00425	0.00133	0.00503	0.00400	0.00241	0.00641
14	0.56809	0.00937	0.04203	0.00676	0.00961	0.01000	0.00579	0.17262	0.02193	0.02058	0.00802	0.00890	0.00607	0.00442	0.00316	0.00131	0.00366	0.00292	0.08945	0.00531
15	0.00541	0.00463	0.00467	0.00462	0.00613	0.00399	0.00348	0.00701	0.04376	0.01216	0.05675	0.04072	0.77010	0.01079	0.00512	0.00147	0.00226	0.00900	0.00408	0.00383
16	0.00906	0.08146	0.71297	0.01247	0.01858	0.01070	0.06814	0.01377	0.00926	0.01357	0.00777	0.00922	0.00560	0.00408	0.00411	0.00135	0.00638	0.00329	0.00187	0.00635
17	0.00818	0.00761	0.01278	0.79457	0.02898	0.00945	0.01186	0.01104	0.00879	0.01124	0.00852	0.01352	0.00678	0.00475	0.00444	0.00148	0.00572	0.04343	0.00204	0.00480
18	0.00623	0.00467	0.00701	0.00701	0.00779	0.00545	0.00545	0.00779	0.00701	0.01012	0.01168	0.01713	0.01090	0.03271	0.82944	0.00701	0.01168	0.00467	0.00234	0.00389
19	0.01629	0.02079	0.01236	0.01124	0.01348	0.82921	0.00843	0.01742	0.01236	0.01067	0.00674	0.00787	0.00562	0.00449	0.00393	0.00112	0.00787	0.00281	0.00225	0.00506
20	0.00904	0.00775	0.00904	0.00646	0.01034	0.00581	0.00517	0.01098	0.00904	0.01421	0.00775	0.00904	0.00646	0.00323	0.00323	0.00065	0.00323	0.00258	0.00258	0.87339
21	0.01143	0.33773	0.31405	0.01043	0.04542	0.02196	0.02796	0.05452	0.01004	0.09203	0.00867	0.03230	0.00689	0.00441	0.00373	0.00121	0.00529	0.00335	0.00241	0.00617
22	0.01378	0.01663	0.01271	0.05349	0.01370	0.53384	0.00896	0.01495	0.01041	0.01064	0.00648	0.00858	0.00566	0.00546	0.00718	0.00138	0.26589	0.00318	0.00213	0.00496
23	0.00540	0.00384	0.00510	0.00607	0.00634	0.00361	0.00407	0.00616	0.00832	0.01108	0.02362	0.79148	0.02825	0.04573	0.00622	0.00187	0.00264	0.03269	0.00399	0.00352
24	0.01129	0.05309	0.06061	0.01410	0.21926	0.00947	0.10931	0.08267	0.07278	0.08504	0.04408	0.02390	0.00927	0.00449	0.00418	0.00120	0.00464	0.00408	0.00300	0.18353
25	0.00988	0.00834	0.00924	0.00835	0.01040	0.00946	0.01780	0.03836	0.57203	0.01684	0.06707	0.02058	0.04743	0.07434	0.00630	0.00173	0.02612	0.04550	0.00418	0.00605
26	0.00541	0.00388	0.00502	0.00585	0.00618	0.00362	0.00390	0.00616	0.00839	0.01112	0.04408	0.71101	0.07644	0.07848	0.00683	0.00194	0.00263	0.01162	0.00396	0.00349
27	0.00884	0.02201	0.78992	0.01228	0.01856	0.01016	0.01573	0.01421	0.04291	0.01400	0.00824	0.00950	0.00585	0.00422	0.00416	0.00139	0.00632	0.00329	0.00195	0.00646
28	0.01162	0.01018	0.04862	0.23605	0.22105	0.05871	0.08708	0.04502	0.01040	0.14309	0.01029	0.05338	0.00816	0.00495	0.00477	0.00140	0.03203	0.00442	0.00279	0.00599
29	0.00623	0.00467	0.00701	0.00701	0.00779	0.00545	0.00545	0.00779	0.00701	0.01012	0.01168	0.01713	0.01090	0.03271	0.82944	0.00701	0.01168	0.00467	0.00234	0.00389
30	0.00615	0.00446	0.00580	0.00546	0.00650	0.00411	0.00410	0.00819	0.01229	0.01737	0.80048	0.03278	0.05796	0.00896	0.00514	0.00137	0.00206	0.00792	0.00478	0.00411
31	0.02059	0.06252	0.61420	0.05487	0.03567	0.01050	0.08387	0.01380	0.02913	0.01374	0.01730	0.00989	0.00626	0.00418	0.00418	0.00137	0.00621	0.00348	0.00200	0.00624
32	0.00716	0.09727	0.08353	0.02257	0.05044	0.00670	0.00644	0.00930	0.03361	0.01279	0.12325	0.09464	0.25977	0.03057	0.03743	0.00176	0.00378	0.11101	0.00348	0.00449
33	0.01029	0.01176	0.02574	0.01838	0.02279	0.01103	0.80368	0.01397	0.01029	0.01397	0.00882	0.01176	0.00662	0.00368	0.00515	0.00147	0.00735	0.00515	0.00221	0.00588
34	0.01517	0.00930	0.01059	0.00839	0.01136	0.00968	0.00684	0.39533	0.06911	0.24121	0.07931	0.01572	0.05306	0.00591	0.00441	0.00133	0.00392	0.00471	0.04790	0.00676
35	0.00982	0.00885	0.01533	0.38596	0.22595	0.00960	0.12255	0.02922	0.02372	0.05371	0.06467	0.01310	0.00906	0.00456	0.00452	0.00140	0.00544	0.00438	0.00250	0.00568
36	0.00981	0.11154	0.65691	0.01178	0.01751	0.09243	0.01442	0.01409	0.00948	0.01312	0.00753	0.00884	0.00554	0.00413	0.00398	0.00131	0.00639	0.00309	0.00188	0.00622
37	0.01629	0.02079	0.01236	0.01124	0.01348	0.82921	0.00843	0.01742	0.01236	0.01067	0.00674	0.00787	0.00562	0.00449	0.00393	0.00112	0.00787	0.00281	0.00225	0.00506
38	0.01403	0.00876	0.04474	0.00894	0.02899	0.00825	0.03848	0.08025	0.22802	0.34380	0.13172	0.01701	0.01513	0.00588	0.00453	0.00139	0.00378	0.00497	0.00463	0.00669
39	0.00623	0.00467	0.00701	0.00701	0.00779	0.00545	0.00545	0.00779	0.00701	0.01012	0.01168	0.01713	0.01090	0.03271	0.82944	0.00701	0.01168	0.00467	0.00234	0.00389
40	0.01154	0.80323	0.02233	0.00768	0.01121	0.01704	0.00758	0.01292	0.00874	0.01027	0.00604	0.00714	0.00560	0.00395	0.00343	0.00099	0.05047	0.00241	0.00187	0.00555
41	0.00537	0.00380	0.00508	0.00606	0.00631	0.00355	0.00404	0.00606	0.00828	0.01104	0.02362	0.82262	0.02830	0.01370	0.00586	0.02407	0.00256	0.01218	0.00399	0.00350
42	0.03133	0.12028	0.70815	0.01167	0.01770	0.01097	0.01480	0.01370	0.00912	0.01354	0.00757	0.00889	0.00551	0.00409	0.00395	0.00133	0.00616	0.00310	0.00187	0.00630
43	0.01938	0.00743	0.01010	0.00774	0.01112	0.00640	0.00639	0.02108	0.01242	0.80840	0.01704	0.01474	0.01072	0.00536	0.00437	0.00134	0.00370	0.00435	0.00535	0.02257
44	0.01629	0.02079	0.01236	0.01124	0.01348	0.82921	0.00843	0.01742	0.01236	0.01067	0.00674	0.00787	0.00562	0.00449	0.00393	0.00112	0.00787	0.00281	0.00225	0.00506
45	0.00531	0.00380	0.00506	0.00607	0.00633	0.00354	0.00405	0.00607	0.00835	0.01113	0.02404	0.84388	0.02885	0.01366	0.00557	0.00177	0.00253	0.01240	0.00405	0.00354
46	0.01868	0.00732	0.00990	0.00767	0.01091	0.00640	0.00631	0.02065	0.03188	0.76250	0.05747	0.01577	0.01238	0.00559	0.00443	0.00135	0.00362	0.00458	0.00534	0.00724
47	0.00628	0.00442	0.00571	0.00541	0.00642	0.00410	0.00405	0.00831	0.01207	0.01729	0.75309	0.04688	0.03908	0.00877	0.00502	0.00136	0.00206	0.00774	0.05782	0.00410
48	0.00531	0.00380	0.00506	0.00607	0.00633	0.00354	0.00405	0.00607	0.00835	0.01113	0.02404	0.84388	0.02885	0.01366	0.00557	0.00177	0.00253	0.01240	0.00405	0.00354
49	0.01077	0.01043	0.01811	0.02634	0.77877	0.01040	0.05380	0.01342	0.00995	0.01423	0.00824	0.01084	0.00689	0.00388	0.00436	0.00130	0.00529	0.00395	0.00216	0.00686
50	0.00543	0.00386	0.00501	0.00589	0.00614	0.00362	0.00387	0.00611	0.00816	0.01084	0.02331	0.73391	0.04446	0.10822	0.00745	0.00204	0.00272	0.01164	0.00389	0.00344
51	0.00624	0.00465	0.00691	0.00691	0.00766	0.00540	0.00533	0.00773	0.00698	0.01005	0.01177	0.01761	0.01111	0.06690	0.79553	0.00689	0.01137	0.00474	0.00235	0.00384
52	0.01019	0.01156	0.02509	0.06021	0.02316	0.01096	0.76320	0.01383	0.01021	0.01383	0.00877	0.01176	0.00658	0.00371	0.00511	0.00147	0.00727	0.00508	0.00219	0.00583
53	0.00603	0.00414	0.00480	0.00503	0.00519	0.00403	0.00301	0.00628	0.00705	0.00930	0.01822	0.21518	0.07492	0.59852	0.01722	0.00348	0.00370	0.00792	0.00306	0.00292
54	0.01553	0.02886	0.01224	0.01087	0.01300	0.70706	0.00822	0.05621	0.01222	0.01141	0.00717	0.00893	0.00614	0.04015	0.00518	0.00130	0.04504	0.00305	0.00235	0.00507

[dist]
# distance from previous block
# <min> <max>
0	1

[block]
# block no. 1 follows, 60 sequences, length 64
# corresponding to MSA columns:
# 158-191,199-228
name=unknown_B
#
# <colnr> <probs for GDERKNQSTAVLIFYWHMCP>
#	G	D	E	R	K	N	Q	S	T	A	V	L	I	F	Y	W	H	M	C	P
0	0.00992	0.02167	0.08222	0.01283	0.03646	0.04625	0.19848	0.02817	0.03029	0.02277	0.00871	0.05991	0.00795	0.02424	0.02911	0.00183	0.36698	0.00464	0.00231	0.00526
1	0.01047	0.04262	0.01323	0.14623	0.16394	0.09323	0.05678	0.10449	0.03702	0.01422	0.01218	0.08551	0.01160	0.00661	0.00521	0.00150	0.05010	0.13670	0.00291	0.00546
2	0.00636	0.00454	0.00597	0.00645	0.03145	0.00472	0.00423	0.00711	0.00715	0.00975	0.01497	0.13277	0.01653	0.43150	0.24083	0.00443	0.00608	0.05901	0.00282	0.00333
3	0.01499	0.11676	0.05571	0.01190	0.06812	0.62730	0.00904	0.02566	0.01172	0.01123	0.00686	0.00806	0.00572	0.00435	0.00384	0.00113	0.00720	0.00286	0.00220	0.00534
4	0.00812	0.03272	0.02474	0.03272	0.04711	0.02223	0.03439	0.02250	0.02729	0.05675	0.07624	0.14874	0.13608	0.10551	0.02005	0.00191	0.01831	0.12375	0.00351	0.05734
5	0.01131	0.57340	0.14940	0.00962	0.05905	0.06628	0.00919	0.01336	0.00917	0.01124	0.00657	0.00774	0.00570	0.00389	0.00335	0.00104	0.01700	0.00262	0.00193	0.03815
6	0.00529	0.00444	0.00460	0.00460	0.00602	0.00375	0.00347	0.00650	0.01015	0.01231	0.11129	0.04133	0.73072	0.01088	0.00517	0.00148	0.00224	0.02790	0.00411	0.00373
7	0.01082	0.00921	0.00972	0.00874	0.01119	0.01059	0.00680	0.02269	0.77884	0.02926	0.01846	0.01695	0.03504	0.00605	0.00446	0.00148	0.00342	0.00504	0.00444	0.00682
8	0.01955	0.00589	0.00723	0.00677	0.03417	0.00615	0.03449	0.11775	0.01058	0.03254	0.04430	0.01577	0.01141	0.00958	0.13585	0.00207	0.00430	0.00431	0.49256	0.00473
9	0.00968	0.01004	0.01919	0.01531	0.06707	0.00990	0.48002	0.01418	0.13413	0.01430	0.02399	0.07919	0.02335	0.00557	0.00532	0.00153	0.02839	0.05027	0.00285	0.00573
10	0.00515	0.00442	0.00442	0.00442	0.00589	0.00368	0.00331	0.00626	0.00994	0.01178	0.04418	0.04197	0.81775	0.01105	0.00515	0.00147	0.00221	0.00920	0.00405	0.00368
11	0.00538	0.00384	0.00514	0.00615	0.00643	0.00360	0.00417	0.00619	0.00842	0.01121	0.02400	0.81278	0.02870	0.01360	0.00558	0.00178	0.00259	0.04284	0.00405	0.00356
12	0.00535	0.00382	0.00510	0.00611	0.00638	0.00357	0.00411	0.00614	0.00839	0.01117	0.02402	0.82681	0.02877	0.01363	0.00558	0.00178	0.00256	0.02910	0.00405	0.00355
13	0.01079	0.01036	0.01770	0.02677	0.81952	0.01036	0.01339	0.01339	0.00993	0.01425	0.00820	0.01079	0.00691	0.00389	0.00432	0.00130	0.00518	0.00389	0.00216	0.00691
14	0.01864	0.00753	0.00994	0.00768	0.01091	0.00674	0.00632	0.07344	0.01281	0.71785	0.01656	0.01464	0.01059	0.00537	0.00430	0.00133	0.00368	0.00433	0.06012	0.00721
15	0.00530	0.00385	0.00500	0.00592	0.00629	0.00356	0.00398	0.00609	0.00850	0.01119	0.02592	0.76912	0.10239	0.01342	0.00553	0.00174	0.00250	0.01210	0.00405	0.00356
16	0.01113	0.00931	0.00987	0.00884	0.01133	0.01070	0.00689	0.02311	0.78550	0.04455	0.01773	0.01623	0.01323	0.00590	0.00444	0.00148	0.00346	0.00491	0.00447	0.00692
17	0.01630	0.02059	0.01238	0.01121	0.01348	0.81069	0.00842	0.03530	0.01254	0.01106	0.00683	0.00792	0.00566	0.00451	0.00394	0.00113	0.00780	0.00283	0.00230	0.00511
18	0.00579	0.00400	0.00496	0.00550	0.00565	0.00388	0.00344	0.00622	0.00743	0.00992	0.01924	0.46628	0.02275	0.38562	0.02680	0.00296	0.00344	0.00957	0.00339	0.00315
19	0.00904	0.00775	0.00904	0.00646	0.01034	0.00581	0.00517	0.01098	0.00904	0.01421	0.00775	0.00904	0.00646	0.00323	0.00323	0.00065	0.00323	0.00258	0.00258	0.87339
20	0.00978	0.00994	0.01298	0.01119	0.01131	0.05623	0.00923	0.01071	0.00697	0.01043	0.00608	0.01016	0.00610	0.03878	0.01406	0.00195	0.76359	0.00386	0.00195	0.00471
21	0.01146	0.00968	0.01021	0.00900	0.01158	0.01114	0.00705	0.10729	0.72652	0.01924	0.01697	0.01565	0.01268	0.00584	0.00443	0.00146	0.00360	0.00482	0.00443	0.00696
22	0.01175	0.83256	0.02264	0.00754	0.01124	0.03370	0.00748	0.01315	0.00893	0.01027	0.00608	0.00701	0.00560	0.00375	0.00282	0.00094	0.00473	0.00234	0.00187	0.00559
23	0.00631	0.00422	0.00477	0.00480	0.00480	0.00421	0.00268	0.00633	0.00640	0.00854	0.01405	0.05287	0.01624	0.82187	0.02170	0.00416	0.00418	0.00652	0.00268	0.00267
24	0.00629	0.00491	0.00576	0.00547	0.00677	0.00461	0.00412	0.00902	0.08737	0.01573	0.49354	0.03404	0.28752	0.00931	0.00508	0.00141	0.00224	0.00803	0.00453	0.00424
25	0.00551	0.00394	0.00529	0.00630	0.00664	0.00371	0.00439	0.00641	0.00855	0.01135	0.02393	0.75224	0.02841	0.01348	0.00562	0.00180	0.00270	0.10208	0.00404	0.00360
26	0.00945	0.00445	0.00476	0.00449	0.00578	0.00434	0.00344	0.01144	0.00953	0.10923	0.01457	0.01610	0.01113	0.00512	0.00320	0.00105	0.00223	0.00410	0.77113	0.00445
27	0.01074	0.01031	0.01761	0.04267	0.80401	0.01035	0.01336	0.01334	0.00991	0.01419	0.00819	0.01081	0.00689	0.00390	0.00432	0.00130	0.00519	0.00389	0.00215	0.00687
28	0.00801	0.00410	0.00425	0.00425	0.00526	0.00415	0.00320	0.01001	0.00901	0.01587	0.01406	0.01632	0.01116	0.00686	0.05624	0.00140	0.00265	0.00410	0.81502	0.00405
29	0.00531	0.00380	0.00506	0.00607	0.00633	0.00354	0.00405	0.00607	0.00835	0.01113	0.02404	0.84388	0.02885	0.01366	0.00557	0.00177	0.00253	0.01240	0.00405	0.00354
30	0.00531	0.00380	0.00506	0.00607	0.00633	0.00354	0.00405	0.00607	0.00835	0.01113	0.02404	0.84388	0.02885	0.01366	0.00557	0.00177	0.00253	0.01240	0.00405	0.00354
31	0.01252	0.01249	0.01010	0.00916	0.01113	0.30493	0.00693	0.20441	0.08642	0.01555	0.01377	0.25381	0.01362	0.00786	0.01569	0.00147	0.00521	0.00610	0.00349	0.00534
32	0.03030	0.01656	0.46431	0.01233	0.08968	0.00931	0.04982	0.05291	0.00992	0.01489	0.03446	0.01022	0.00713	0.00413	0.00404	0.00123	0.00544	0.00342	0.00228	0.17765
33	0.03279	0.04119	0.04126	0.11950	0.25531	0.05368	0.13220	0.13741	0.03366	0.06469	0.03938	0.01178	0.00828	0.00450	0.00438	0.00134	0.00540	0.00412	0.00284	0.00629
34	0.00757	0.03344	0.01288	0.02399	0.02443	0.01760	0.26527	0.00964	0.00996	0.01305	0.12329	0.19587	0.20325	0.00835	0.00528	0.00151	0.01762	0.01906	0.00335	0.00459
35	0.00700	0.00456	0.00588	0.00648	0.00736	0.00447	0.00519	0.00885	0.01894	0.02399	0.09651	0.22090	0.02409	0.01043	0.00514	0.00166	0.00304	0.34631	0.19519	0.00400
36	0.01156	0.01316	0.15606	0.04716	0.20327	0.06912	0.22720	0.08827	0.01128	0.07293	0.03376	0.01232	0.00819	0.00449	0.00456	0.00137	0.00595	0.02039	0.00267	0.00628
37	0.01128	0.28318	0.32710	0.01061	0.02566	0.14328	0.03859	0.01444	0.03149	0.03878	0.01995	0.02223	0.00690	0.00436	0.00377	0.00121	0.00582	0.00325	0.00220	0.00590
38	0.03783	0.17856	0.31221	0.01026	0.03814	0.01152	0.01058	0.14407	0.04214	0.04740	0.02109	0.00981	0.00702	0.00441	0.00404	0.00122	0.02302	0.00329	0.00266	0.09073
39	0.01061	0.07748	0.01115	0.03055	0.01173	0.07198	0.01915	0.06381	0.18968	0.01520	0.01028	0.02698	0.00834	0.00434	0.00370	0.00099	0.00397	0.00346	0.00303	0.43356
40	0.00541	0.00439	0.00479	0.00477	0.00607	0.00378	0.00355	0.00672	0.01042	0.01311	0.22791	0.08763	0.58484	0.01069	0.00518	0.00147	0.00219	0.00908	0.00423	0.00378
41	0.02767	0.07724	0.01597	0.01379	0.14484	0.15558	0.14138	0.22029	0.04970	0.07550	0.01006	0.01102	0.01973	0.00465	0.00437	0.00129	0.01351	0.00394	0.00311	0.00637
42	0.03402	0.02983	0.15769	0.03384	0.01820	0.05500	0.37339	0.01501	0.12713	0.01422	0.00962	0.01151	0.00732	0.00448	0.00527	0.00144	0.06585	0.00437	0.02590	0.00589
43	0.00521	0.00442	0.00450	0.00448	0.00593	0.00371	0.00336	0.00638	0.01008	0.01212	0.08959	0.04142	0.77213	0.01092	0.00515	0.00147	0.00220	0.00913	0.00409	0.00371
44	0.00625	0.00514	0.00646	0.00763	0.08391	0.00473	0.00527	0.00787	0.02176	0.01250	0.05459	0.11468	0.45035	0.01071	0.00530	0.00161	0.00295	0.19028	0.00389	0.00411
45	0.00746	0.13456	0.06842	0.02457	0.00956	0.00779	0.02784	0.00908	0.00752	0.01033	0.01120	0.01678	0.02613	0.14552	0.44877	0.00477	0.02862	0.00453	0.00229	0.00424
46	0.00537	0.00384	0.00504	0.00594	0.00628	0.00356	0.00399	0.00607	0.00838	0.01107	0.02494	0.76186	0.08343	0.01353	0.00590	0.02888	0.00255	0.01191	0.00398	0.00350
47	0.20208	0.00777	0.00941	0.00739	0.01062	0.00732	0.00610	0.04062	0.01162	0.63019	0.01466	0.01308	0.00941	0.00511	0.00403	0.00135	0.00367	0.00394	0.00480	0.00685
48	0.01239	0.69963	0.02100	0.00811	0.01157	0.12454	0.00765	0.03825	0.00965	0.01086	0.00628	0.00726	0.00566	0.00394	0.00319	0.00099	0.01898	0.00247	0.00199	0.00557
49	0.00537	0.00433	0.00481	0.00507	0.00620	0.00380	0.00374	0.00647	0.00953	0.01175	0.05628	0.20528	0.55430	0.02877	0.02817	0.00177	0.00267	0.05403	0.00399	0.00367
50	0.00531	0.00380	0.00506	0.00607	0.00633	0.00354	0.00405	0.00607	0.00835	0.01113	0.02404	0.84388	0.02885	0.01366	0.00557	0.00177	0.00253	0.01240	0.00405	0.00354
51	0.00875	0.02256	0.82413	0.01243	0.01888	0.01013	0.01611	0.01381	0.00921	0.01381	0.00783	0.00921	0.00552	0.00414	0.00414	0.00138	0.00645	0.00322	0.00184	0.00645
52	0.01030	0.01094	0.08197	0.22312	0.06447	0.04196	0.27424	0.09767	0.01081	0.01487	0.00924	0.01177	0.00698	0.00428	0.00441	0.00136	0.00582	0.00424	0.11595	0.00562
53	0.00891	0.00457	0.00475	0.00456	0.00579	0.00461	0.00347	0.01156	0.05931	0.05913	0.01461	0.01619	0.01129	0.00515	0.00321	0.00106	0.00221	0.00414	0.77107	0.00442
54	0.01169	0.55577	0.12605	0.03213	0.02536	0.11875	0.05186	0.01371	0.00944	0.01106	0.00661	0.00783	0.00567	0.00390	0.00331	0.00106	0.00549	0.00273	0.00194	0.00565
55	0.00632	0.00422	0.00476	0.00479	0.00479	0.00421	0.00267	0.00634	0.00639	0.00851	0.01396	0.04611	0.01614	0.82877	0.02184	0.00418	0.00419	0.00647	0.00267	0.00266
56	0.01076	0.01047	0.05201	0.01463	0.06814	0.00966	0.42351	0.02725	0.12443	0.09149	0.05645	0.05134	0.02825	0.00510	0.00489	0.00145	0.00562	0.00543	0.00310	0.00604
57	0.00812	0.00835	0.06629	0.05015	0.03501	0.00794	0.17756	0.01050	0.03298	0.02837	0.03634	0.22966	0.06680	0.00911	0.03214	0.00181	0.12488	0.06612	0.00305	0.00481
58	0.00757	0.00461	0.00532	0.00508	0.00541	0.00455	0.00303	0.01982	0.00706	0.07462	0.01397	0.02716	0.01532	0.76572	0.02048	0.00395	0.00420	0.00615	0.00289	0.00310
59	0.02234	0.00387	0.00569	0.00568	0.00573	0.00389	0.00380	0.00580	0.00571	0.00778	0.00755	0.01315	0.00753	0.01496	0.01680	0.85832	0.00378	0.00376	0.00191	0.00194
60	0.01225	0.13844	0.12054	0.01124	0.02786	0.14804	0.13022	0.12000	0.11395	0.04601	0.01061	0.01156	0.02937	0.00586	0.03667	0.00152	0.02306	0.00391	0.00286	0.00602
61	0.00918	0.00968	0.04062	0.55721	0.09411	0.05830	0.10018	0.01200	0.00917	0.01177	0.00835	0.01167	0.01872	0.00447	0.00480	0.00144	0.03710	0.00402	0.00203	0.00518
62	0.00792	0.00489	0.00624	0.00584	0.00726	0.00441	0.00453	0.00969	0.01156	0.13039	0.45882	0.06524	0.18240	0.00927	0.00513	0.00146	0.00250	0.07332	0.00465	0.00447
63	0.04792	0.02485	0.12684	0.08563	0.05484	0.03189	0.05111	0.02403	0.00877	0.06866	0.01114	0.13988	0.02156	0.00824	0.05178	0.00187	0.22036	0.00517	0.00265	0.01283

[dist]
# distance from previous block
# <min> <max>
4	8

[block]
# block no. 2 follows, 60 sequences, length 42
# corresponding to MSA columns:
# 239-280
name=unknown_C
#
# <colnr> <probs for GDERKNQSTAVLIFYWHMCP>
#	G	D	E	R	K	N	Q	S	T	A	V	L	I	F	Y	W	H	M	C	P
0	0.00775	0.00509	0.00558	0.00535	0.00633	0.00534	0.00386	0.02792	0.09789	0.01391	0.04307	0.02191	0.08652	0.21338	0.06454	0.00234	0.02229	0.00534	0.35752	0.00408
1	0.02543	0.12221	0.03574	0.12883	0.04964	0.14761	0.10150	0.15403	0.03112	0.03885	0.00943	0.06499	0.00800	0.00524	0.00486	0.00134	0.05848	0.00421	0.00276	0.00572
2	0.01020	0.01015	0.03350	0.35836	0.19817	0.04647	0.06731	0.07958	0.00998	0.01336	0.00783	0.01084	0.00622	0.00475	0.00580	0.00146	0.12429	0.00390	0.00222	0.00563
3	0.00527	0.00442	0.00458	0.00454	0.00596	0.00373	0.00341	0.00649	0.01022	0.01244	0.13362	0.04089	0.72790	0.01080	0.00515	0.00146	0.00219	0.00905	0.00414	0.00373
4	0.01116	0.00938	0.04526	0.00854	0.01108	0.03358	0.02827	0.15163	0.32758	0.07111	0.21803	0.01910	0.03323	0.00644	0.00460	0.00140	0.00369	0.00542	0.00433	0.00616
5	0.83989	0.00874	0.00669	0.00594	0.00866	0.02375	0.00488	0.03412	0.00786	0.01963	0.00620	0.00719	0.00481	0.00409	0.00276	0.00134	0.00349	0.00241	0.00274	0.00480
6	0.00634	0.00423	0.00476	0.00476	0.00476	0.00423	0.00264	0.00634	0.00634	0.00846	0.01374	0.02854	0.01586	0.84672	0.02220	0.00423	0.00423	0.00634	0.00264	0.00264
7	0.01020	0.01032	0.02611	0.01160	0.02769	0.10312	0.15282	0.05214	0.00936	0.03063	0.04402	0.11204	0.01084	0.03528	0.02992	0.00184	0.31919	0.00526	0.00262	0.00500
8	0.01158	0.82718	0.04433	0.00760	0.01140	0.01707	0.00769	0.01308	0.00887	0.01036	0.00611	0.00706	0.00560	0.00374	0.00283	0.00094	0.00471	0.00236	0.00187	0.00562
9	0.01636	0.01201	0.01291	0.00993	0.01334	0.01329	0.00818	0.78571	0.02015	0.02701	0.01040	0.01054	0.00742	0.00547	0.00467	0.02232	0.00477	0.00392	0.00430	0.00728
10	0.00524	0.00442	0.00454	0.00451	0.00594	0.00372	0.00338	0.00643	0.01015	0.01227	0.10994	0.04117	0.75168	0.01086	0.00515	0.00146	0.00220	0.00909	0.00411	0.00372
11	0.00824	0.00775	0.01308	0.83624	0.03004	0.00969	0.01211	0.01114	0.00872	0.01114	0.00775	0.01163	0.00581	0.00436	0.00436	0.00145	0.00581	0.00388	0.00194	0.00484
12	0.01079	0.01036	0.01770	0.02677	0.81952	0.01036	0.01339	0.01339	0.00993	0.01425	0.00820	0.01079	0.00691	0.00389	0.00432	0.00130	0.00518	0.00389	0.00216	0.00691
13	0.00634	0.00423	0.00476	0.00476	0.00476	0.00423	0.00264	0.00634	0.00634	0.00846	0.01374	0.02854	0.01586	0.84672	0.02220	0.00423	0.00423	0.00634	0.00264	0.00264
14	0.00610	0.00446	0.00573	0.00541	0.00647	0.00408	0.00406	0.00809	0.01217	0.01707	0.76050	0.03327	0.09813	0.00907	0.00514	0.00138	0.00207	0.00798	0.00475	0.00408
15	0.00848	0.00440	0.00444	0.00431	0.00543	0.00446	0.00327	0.04304	0.00962	0.01672	0.01407	0.01602	0.01102	0.00509	0.00310	0.00103	0.00215	0.00406	0.83508	0.00420
16	0.00954	0.00954	0.01336	0.01145	0.01145	0.01336	0.00954	0.01050	0.00668	0.01050	0.00573	0.00954	0.00573	0.00763	0.01431	0.00191	0.83874	0.00382	0.00191	0.00477
17	0.00614	0.00446	0.00578	0.00545	0.00650	0.00410	0.00409	0.00817	0.01227	0.01730	0.79190	0.03289	0.06659	0.00899	0.00514	0.00138	0.00206	0.00793	0.00478	0.00410
18	0.00610	0.00446	0.00574	0.00542	0.00647	0.00409	0.00406	0.00810	0.01218	0.01711	0.76551	0.03321	0.09310	0.00906	0.00514	0.00138	0.00207	0.00798	0.00475	0.00409
19	0.82140	0.00891	0.00683	0.00605	0.00877	0.03203	0.00496	0.04322	0.00806	0.01963	0.00626	0.00724	0.00485	0.00411	0.00280	0.00134	0.00355	0.00243	0.00275	0.00484
20	0.00553	0.00475	0.00478	0.00472	0.00625	0.00416	0.00355	0.00739	0.06347	0.01221	0.04242	0.04026	0.76403	0.01070	0.00511	0.00147	0.00229	0.00892	0.00408	0.00390
21	0.01102	0.00946	0.00996	0.00891	0.01141	0.01093	0.00695	0.04719	0.78733	0.01853	0.01753	0.01609	0.01313	0.00590	0.00444	0.00147	0.00349	0.00490	0.00444	0.00692
22	0.00632	0.00433	0.00525	0.00525	0.00542	0.00450	0.00326	0.00666	0.00649	0.00882	0.01329	0.02603	0.01477	0.66775	0.19968	0.00484	0.00587	0.00598	0.00258	0.00292
23	0.01029	0.01176	0.02574	0.01838	0.02279	0.01103	0.80368	0.01397	0.01029	0.01397	0.00882	0.01176	0.00662	0.00368	0.00515	0.00147	0.00735	0.00515	0.00221	0.00588
24	0.01186	0.00985	0.01039	0.02387	0.01200	0.02409	0.00719	0.12660	0.66011	0.03876	0.01642	0.01525	0.01221	0.00576	0.00442	0.00145	0.00375	0.00473	0.00437	0.00692
25	0.00525	0.00442	0.00455	0.00452	0.00595	0.00372	0.00339	0.00644	0.01017	0.01231	0.11635	0.04110	0.74524	0.01085	0.00515	0.00146	0.00219	0.00908	0.00412	0.00372
26	0.01101	0.32673	0.25017	0.06190	0.08139	0.09557	0.04748	0.01372	0.00945	0.02585	0.00722	0.00875	0.00584	0.00414	0.00405	0.00121	0.03459	0.00307	0.00200	0.00586
27	0.01051	0.00962	0.01629	0.22290	0.59662	0.01005	0.01281	0.01314	0.00973	0.04439	0.00844	0.01115	0.00679	0.00406	0.00433	0.00134	0.00528	0.00390	0.00223	0.00643
28	0.11110	0.12035	0.01359	0.02136	0.05665	0.19636	0.05904	0.16554	0.05111	0.03566	0.03758	0.01102	0.02191	0.00569	0.02949	0.00143	0.03034	0.00365	0.00295	0.02520
29	0.00773	0.00802	0.05863	0.02218	0.00938	0.10400	0.00644	0.00944	0.03370	0.01170	0.05511	0.38892	0.01974	0.01281	0.09979	0.00226	0.08886	0.05375	0.00330	0.00425
30	0.00531	0.00380	0.00506	0.00607	0.00633	0.00354	0.00405	0.00607	0.00835	0.01113	0.02404	0.84388	0.02885	0.01366	0.00557	0.00177	0.00253	0.01240	0.00405	0.00354
31	0.01497	0.00810	0.01110	0.01039	0.10787	0.00774	0.03189	0.13567	0.02474	0.40665	0.08266	0.01879	0.05399	0.00617	0.00461	0.00140	0.00397	0.05813	0.00453	0.00661
32	0.01001	0.03513	0.32070	0.07018	0.05328	0.08357	0.30977	0.01374	0.00986	0.01327	0.00858	0.03604	0.00674	0.00429	0.00454	0.00139	0.00666	0.00424	0.00210	0.00591
33	0.00543	0.00388	0.00519	0.00620	0.00650	0.00364	0.00424	0.00627	0.00846	0.01126	0.02398	0.79207	0.02860	0.01356	0.00560	0.00179	0.00263	0.06310	0.00405	0.00357
34	0.00531	0.00380	0.00506	0.00607	0.00633	0.00354	0.00405	0.00607	0.00835	0.01113	0.02404	0.84388	0.02885	0.01366	0.00557	0.00177	0.00253	0.01240	0.00405	0.00354
35	0.83984	0.04504	0.00713	0.00581	0.00855	0.01011	0.00484	0.01283	0.00749	0.01916	0.00607	0.00708	0.00476	0.00403	0.00270	0.00133	0.00343	0.00236	0.00266	0.00476
36	0.56162	0.15225	0.02127	0.00698	0.00991	0.09849	0.00596	0.05519	0.00903	0.03689	0.00667	0.00755	0.00527	0.00414	0.00300	0.00125	0.00420	0.00255	0.00265	0.00514
37	0.00604	0.00481	0.00602	0.02430	0.04787	0.00438	0.00443	0.00776	0.01117	0.01488	0.44572	0.03482	0.35299	0.00942	0.00509	0.00141	0.00236	0.00813	0.00430	0.00410
38	0.01101	0.60335	0.16312	0.00841	0.01244	0.02733	0.00885	0.03715	0.00927	0.01152	0.00709	0.02456	0.00629	0.00495	0.02874	0.00123	0.00518	0.00282	0.00202	0.02468
39	0.03827	0.60300	0.09938	0.00844	0.01224	0.04643	0.02567	0.03117	0.00930	0.02971	0.00671	0.00775	0.00577	0.00398	0.00346	0.00105	0.03044	0.00264	0.00207	0.03254
40	0.02744	0.00989	0.03684	0.01048	0.06517	0.07372	0.08796	0.17240	0.06627	0.08534	0.14338	0.05822	0.05436	0.00713	0.03030	0.00155	0.03615	0.00533	0.00366	0.02440
41	0.01109	0.01021	0.03546	0.00942	0.03000	0.06932	0.02740	0.04594	0.55687	0.04141	0.07581	0.01697	0.03870	0.00600	0.00448	0.00143	0.00391	0.00501	0.00413	0.00646

[dist]
# distance from previous block
# <min> <max>
0	6

[block]
# block no. 3 follows, 60 sequences, length 10
# corresponding to MSA columns:
# 296-305
name=unknown_D
#
# <colnr> <probs for GDERKNQSTAVLIFYWHMCP>
#	G	D	E	R	K	N	Q	S	T	A	V	L	I	F	Y	W	H	M	C	P
0	0.00737	0.00379	0.00563	0.00572	0.00574	0.00377	0.00381	0.00572	0.00593	0.00790	0.00908	0.08921	0.00952	0.01502	0.01600	0.79343	0.00367	0.00458	0.00209	0.00204
1	0.00614	0.00476	0.00573	0.00543	0.00683	0.00418	0.00415	0.00783	0.01098	0.01484	0.41338	0.06191	0.28559	0.00946	0.00505	0.00140	0.00237	0.06226	0.00428	0.08344
2	0.01045	0.01029	0.01649	0.05312	0.57255	0.05802	0.07950	0.01294	0.01002	0.01368	0.01005	0.04263	0.00918	0.00500	0.00457	0.00139	0.00535	0.07612	0.00239	0.00625
3	0.01041	0.01013	0.01778	0.13465	0.64484	0.01033	0.08141	0.01313	0.00980	0.01381	0.00820	0.01099	0.00674	0.00393	0.00440	0.00133	0.00545	0.00399	0.00213	0.00654
4	0.00841	0.00817	0.00817	0.00793	0.00902	0.18411	0.00610	0.00988	0.00817	0.01024	0.01061	0.01512	0.00976	0.02659	0.65040	0.00573	0.01085	0.00427	0.00232	0.00415
5	0.65874	0.01055	0.00835	0.00728	0.00990	0.13098	0.02710	0.04925	0.00879	0.01816	0.00643	0.00756	0.00506	0.00428	0.00342	0.00134	0.03261	0.00262	0.00267	0.00493
6	0.00758	0.00379	0.00568	0.00568	0.00568	0.00379	0.00379	0.00568	0.00568	0.00758	0.00758	0.01326	0.00758	0.01515	0.01705	0.87311	0.00379	0.00379	0.00189	0.00189
7	0.01072	0.01049	0.03788	0.09934	0.59556	0.01060	0.03457	0.05071	0.04902	0.01461	0.00864	0.01106	0.00705	0.00423	0.00472	0.00135	0.03654	0.00395	0.00234	0.00662
8	0.00926	0.11122	0.46789	0.05143	0.01608	0.06537	0.01245	0.01266	0.00900	0.01244	0.00909	0.09950	0.00810	0.00552	0.00519	0.00141	0.09138	0.00418	0.00212	0.00569
9	0.00993	0.15458	0.29994	0.05086	0.01740	0.01084	0.22103	0.01368	0.04113	0.05228	0.01078	0.05010	0.03852	0.00480	0.00432	0.00136	0.00576	0.00439	0.00241	0.00590

[dist]
# distance from previous block
# <min> <max>
1	3

[block]
# block no. 4 follows, 60 sequences, length 32
# corresponding to MSA columns:
# 309-340
name=unknown_E
#
# <colnr> <probs for GDERKNQSTAVLIFYWHMCP>
#	G	D	E	R	K	N	Q	S	T	A	V	L	I	F	Y	W	H	M	C	P
0	0.18530	0.09797	0.04114	0.05033	0.05301	0.28549	0.04778	0.10197	0.07166	0.01528	0.00804	0.00911	0.00633	0.00443	0.00377	0.00125	0.00568	0.00319	0.00266	0.00561
1	0.00595	0.00444	0.00576	0.00622	0.00695	0.00439	0.00455	0.01988	0.02108	0.01187	0.07076	0.39991	0.14275	0.03351	0.17394	0.00283	0.00453	0.07314	0.00372	0.00380
2	0.00554	0.00443	0.00496	0.00483	0.00613	0.00385	0.00362	0.00701	0.01086	0.01396	0.33853	0.03840	0.52204	0.01023	0.00515	0.00143	0.00215	0.00870	0.00434	0.00385
3	0.00666	0.00475	0.00546	0.00541	0.00583	0.00487	0.00345	0.00811	0.08086	0.01025	0.05612	0.05610	0.05685	0.58943	0.07049	0.00375	0.00437	0.02088	0.00304	0.00330
4	0.00544	0.00443	0.00481	0.00471	0.00606	0.00380	0.00354	0.00680	0.01061	0.01336	0.25765	0.03938	0.60329	0.01046	0.00515	0.00144	0.00217	0.00884	0.00426	0.00380
5	0.01883	0.00748	0.00999	0.00771	0.01100	0.00658	0.00635	0.05204	0.01270	0.75560	0.01810	0.01584	0.04555	0.00564	0.00442	0.00135	0.00369	0.00458	0.00530	0.00726
6	0.01475	0.01780	0.01243	0.01158	0.04802	0.62905	0.03577	0.04411	0.04508	0.01230	0.05329	0.01137	0.00874	0.00503	0.00417	0.00121	0.00699	0.03046	0.00261	0.00523
7	0.01029	0.01176	0.02574	0.01838	0.02279	0.01103	0.80368	0.01397	0.01029	0.01397	0.00882	0.01176	0.00662	0.00368	0.00515	0.00147	0.00735	0.00515	0.00221	0.00588
8	0.01103	0.67155	0.19516	0.00853	0.01285	0.01572	0.00932	0.01322	0.00894	0.01102	0.00644	0.00747	0.00558	0.00382	0.00309	0.00103	0.00505	0.00252	0.00186	0.00578
9	0.06247	0.11576	0.62950	0.01115	0.01686	0.01069	0.01380	0.01415	0.00927	0.06634	0.00813	0.00919	0.00583	0.00417	0.00392	0.00133	0.00588	0.00314	0.00213	0.00631
10	0.01465	0.01764	0.01218	0.01236	0.10756	0.62694	0.00849	0.01649	0.04637	0.01181	0.00864	0.00982	0.02305	0.00466	0.00397	0.00116	0.00686	0.00324	0.05885	0.00526
11	0.00518	0.00442	0.00446	0.00445	0.00591	0.00369	0.00333	0.00631	0.01000	0.01193	0.06454	0.04173	0.79729	0.01099	0.00515	0.00147	0.00221	0.00917	0.00407	0.00369
12	0.01079	0.01036	0.01770	0.02677	0.81952	0.01036	0.01339	0.01339	0.00993	0.01425	0.00820	0.01079	0.00691	0.00389	0.00432	0.00130	0.00518	0.00389	0.00216	0.00691
13	0.01085	0.00937	0.00986	0.00888	0.01134	0.01085	0.00690	0.02318	0.81164	0.01824	0.01775	0.01627	0.01331	0.00592	0.00444	0.00148	0.00345	0.00493	0.00444	0.00690
14	0.01079	0.01036	0.01770	0.02677	0.81952	0.01036	0.01339	0.01339	0.00993	0.01425	0.00820	0.01079	0.00691	0.00389	0.00432	0.00130	0.00518	0.00389	0.00216	0.00691
15	0.01544	0.01937	0.01249	0.01126	0.01323	0.72618	0.00857	0.01654	0.01164	0.01065	0.00661	0.00808	0.00563	0.00489	0.00524	0.00122	0.11279	0.00294	0.00220	0.00502
16	0.00515	0.00442	0.00442	0.00442	0.00589	0.00368	0.00331	0.00626	0.00994	0.01178	0.04418	0.04197	0.81775	0.01105	0.00515	0.00147	0.00221	0.00920	0.00405	0.00368
17	0.01206	0.01084	0.01049	0.00925	0.01181	0.09291	0.00722	0.11313	0.64018	0.01856	0.01581	0.01476	0.01186	0.00570	0.00438	0.00142	0.00405	0.00460	0.00421	0.00678
18	0.00875	0.02256	0.82413	0.01243	0.01888	0.01013	0.01611	0.01381	0.00921	0.01381	0.00783	0.00921	0.00552	0.00414	0.00414	0.00138	0.00645	0.00322	0.00184	0.00645
19	0.01125	0.01122	0.01726	0.02549	0.75332	0.07762	0.01298	0.01372	0.01013	0.01396	0.00808	0.01055	0.00680	0.00394	0.00429	0.00128	0.00540	0.00380	0.00217	0.00676
20	0.00515	0.00442	0.00442	0.00442	0.00589	0.00368	0.00331	0.00626	0.00994	0.01178	0.04418	0.04197	0.81775	0.01105	0.00515	0.00147	0.00221	0.00920	0.00405	0.00368
21	0.01126	0.53602	0.27263	0.00904	0.01359	0.01432	0.01010	0.01383	0.00921	0.06419	0.00734	0.00820	0.00591	0.00397	0.00332	0.00110	0.00516	0.00274	0.00209	0.00598
22	0.00634	0.00425	0.00487	0.00487	0.00491	0.00429	0.00278	0.00641	0.00638	0.00854	0.01364	0.02798	0.01561	0.80686	0.06173	0.00436	0.00459	0.00626	0.00263	0.00270
23	0.01001	0.38005	0.47767	0.01028	0.01555	0.01321	0.01237	0.01349	0.00906	0.01228	0.00706	0.00825	0.00556	0.00397	0.00356	0.00119	0.00568	0.00284	0.00185	0.00608
24	0.01544	0.01692	0.01262	0.01090	0.01320	0.49735	0.00850	0.22525	0.02973	0.01526	0.00782	0.00893	0.00626	0.00510	0.00532	0.00128	0.10836	0.00327	0.00281	0.00568
25	0.00703	0.00454	0.00586	0.00574	0.00681	0.00412	0.00422	0.00860	0.01103	0.08646	0.45507	0.25313	0.11052	0.01011	0.00519	0.00149	0.00235	0.00894	0.00458	0.00421
26	0.25060	0.00762	0.00876	0.00724	0.01008	0.00752	0.00595	0.07043	0.01129	0.43828	0.03398	0.05570	0.01147	0.00594	0.00411	0.00141	0.00362	0.05538	0.00442	0.00620
27	0.35142	0.02976	0.00886	0.00713	0.01008	0.09224	0.00580	0.01497	0.03317	0.19664	0.01010	0.01155	0.00774	0.00468	0.00351	0.00122	0.00395	0.04090	0.00333	0.16294
28	0.00529	0.00407	0.00485	0.00540	0.00617	0.00362	0.00377	0.00625	0.00916	0.01170	0.07070	0.49262	0.33593	0.01241	0.00539	0.00164	0.00238	0.01094	0.00409	0.00362
29	0.00695	0.00496	0.00693	0.00794	0.00891	0.00495	0.00688	0.00889	0.00996	0.01296	0.02314	0.08745	0.02528	0.01213	0.00600	0.00200	0.00394	0.75272	0.00402	0.00399
30	0.01821	0.00808	0.01097	0.00964	0.08305	0.00742	0.00717	0.07096	0.04843	0.66386	0.01600	0.01427	0.01035	0.00528	0.00438	0.00135	0.00390	0.00434	0.00500	0.00735
31	0.01461	0.01051	0.01247	0.00994	0.01287	0.11264	0.10833	0.23014	0.03928	0.24309	0.01387	0.07210	0.03217	0.00755	0.05817	0.00173	0.00538	0.00490	0.00395	0.00630

[dist]
# distance from previous block
# <min> <max>
1	6

# created by:
# /st0/software/busco_prod/Augustus/scripts/msa2prfl.pl ./align_prep/103070.fa
