[name]
unknown

[dist]
# distance from previous block
# <min> <max>
0	60

[block]
# block no. 0 follows, 53 sequences, length 9
# corresponding to MSA columns:
# 70-78
name=unknown_A
#
# <colnr> <probs for GDERKNQSTAVLIFYWHMCP>
#	G	D	E	R	K	N	Q	S	T	A	V	L	I	F	Y	W	H	M	C	P
0	0.00732	0.00522	0.00714	0.00799	0.00893	0.00513	0.00663	0.00924	0.01089	0.01441	0.12620	0.14123	0.02973	0.05833	0.00740	0.00221	0.00394	0.53934	0.00443	0.00427
1	0.01212	0.01529	0.09116	0.01780	0.02210	0.13918	0.54051	0.01562	0.01125	0.01445	0.00897	0.01180	0.00691	0.00453	0.00606	0.00158	0.06710	0.00495	0.00237	0.00627
2	0.01008	0.00996	0.01465	0.08122	0.01451	0.01347	0.04514	0.01149	0.00772	0.01170	0.00715	0.01144	0.00679	0.01012	0.07960	0.00249	0.65079	0.00433	0.00215	0.00521
3	0.01119	0.01248	0.02591	0.01950	0.05851	0.01241	0.64202	0.01475	0.01071	0.01479	0.00917	0.01251	0.00713	0.00464	0.00700	0.00167	0.12152	0.00537	0.00237	0.00633
4	0.00688	0.00492	0.00665	0.00665	0.00715	0.00542	0.00469	0.00788	0.00738	0.01033	0.01374	0.02398	0.01421	0.36731	0.48471	0.00641	0.00940	0.00588	0.00270	0.00370
5	0.00830	0.00415	0.00623	0.00623	0.00623	0.00415	0.00415	0.00623	0.00623	0.00830	0.00830	0.01453	0.00830	0.01660	0.01868	0.86094	0.00415	0.00415	0.00208	0.00208
6	0.00634	0.00474	0.00588	0.00586	0.00694	0.00429	0.00429	0.00810	0.01213	0.01647	0.48695	0.18079	0.21718	0.01125	0.00572	0.00161	0.00239	0.00987	0.00492	0.00429
7	0.01122	0.00974	0.01068	0.07577	0.01369	0.01123	0.00776	0.02302	0.67444	0.01886	0.02059	0.01939	0.06907	0.00674	0.00491	0.00162	0.00390	0.00564	0.00461	0.00713
8	0.01158	0.01110	0.01895	0.09927	0.73421	0.01129	0.01455	0.01445	0.01077	0.01531	0.00895	0.01191	0.00746	0.00430	0.00474	0.00143	0.00574	0.00426	0.00234	0.00737

[dist]
# distance from previous block
# <min> <max>
0	2

[block]
# block no. 1 follows, 53 sequences, length 52
# corresponding to MSA columns:
# 81-132
name=unknown_B
#
# <colnr> <probs for GDERKNQSTAVLIFYWHMCP>
#	G	D	E	R	K	N	Q	S	T	A	V	L	I	F	Y	W	H	M	C	P
0	0.01149	0.01268	0.06354	0.02470	0.43828	0.01165	0.33567	0.01496	0.01101	0.01546	0.00925	0.01218	0.00736	0.00418	0.00510	0.00150	0.00674	0.00480	0.00237	0.00708
1	0.01490	0.01057	0.01299	0.01206	0.09138	0.03947	0.05147	0.08090	0.37205	0.22083	0.03066	0.01607	0.01253	0.00593	0.00487	0.00153	0.00454	0.00504	0.00466	0.00756
2	0.00643	0.00463	0.00609	0.00624	0.00707	0.00429	0.00448	0.00817	0.01196	0.01668	0.52324	0.31925	0.04028	0.01163	0.00580	0.00166	0.00244	0.01041	0.00497	0.00429
3	0.01127	0.00971	0.01572	0.01223	0.01504	0.00974	0.28098	0.21156	0.01310	0.01785	0.01450	0.17726	0.01395	0.11783	0.00789	0.00201	0.00550	0.00698	0.05110	0.00579
4	0.00966	0.00922	0.01586	0.63475	0.18375	0.01082	0.04281	0.01281	0.00988	0.01300	0.00864	0.01257	0.00664	0.00465	0.00480	0.00156	0.00630	0.00430	0.00218	0.00580
5	0.01173	0.01126	0.01923	0.05636	0.77593	0.01133	0.01462	0.01458	0.01084	0.01550	0.00897	0.01186	0.00753	0.00428	0.00473	0.00143	0.00570	0.00426	0.00236	0.00749
6	0.00602	0.00427	0.00546	0.00634	0.00661	0.00402	0.00414	0.00671	0.00883	0.01171	0.02515	0.66049	0.05672	0.15858	0.00929	0.00240	0.00309	0.01229	0.00417	0.00371
7	0.78190	0.01058	0.00767	0.00688	0.00979	0.09008	0.00558	0.01455	0.00867	0.02048	0.00673	0.00785	0.00527	0.00449	0.00309	0.00145	0.00418	0.00264	0.00291	0.00521
8	0.10717	0.01070	0.01461	0.06961	0.33236	0.01139	0.01069	0.12443	0.15681	0.09700	0.01195	0.01294	0.00903	0.00509	0.00458	0.00148	0.00494	0.00435	0.00356	0.00729
9	0.01183	0.01136	0.01940	0.02934	0.80221	0.01136	0.01467	0.01467	0.01088	0.01562	0.00899	0.01183	0.00757	0.00426	0.00473	0.00142	0.00568	0.00426	0.00237	0.00757
10	0.00985	0.08226	0.73618	0.01336	0.02017	0.01168	0.03205	0.01508	0.01009	0.01486	0.00846	0.00997	0.00608	0.00450	0.00446	0.00148	0.00694	0.00350	0.00203	0.00699
11	0.01278	0.83490	0.02505	0.00818	0.01227	0.01891	0.00818	0.01431	0.00971	0.01125	0.00664	0.00767	0.00613	0.00409	0.00307	0.00102	0.00511	0.00256	0.00204	0.00613
12	0.01073	0.13565	0.59835	0.01327	0.05553	0.03571	0.01538	0.01529	0.01035	0.04083	0.02182	0.01042	0.00698	0.00461	0.00437	0.00143	0.00659	0.00354	0.00223	0.00691
13	0.01066	0.00872	0.00776	0.00720	0.00832	0.15157	0.00551	0.01239	0.01006	0.01523	0.01260	0.01574	0.01049	0.05185	0.00665	0.00149	0.13448	0.00430	0.52030	0.00469
14	0.00576	0.00485	0.00500	0.00496	0.00652	0.00408	0.00372	0.00708	0.01116	0.01354	0.12375	0.04497	0.72455	0.01187	0.00565	0.00160	0.00240	0.00994	0.00452	0.00408
15	0.00651	0.00488	0.00604	0.00575	0.00699	0.00440	0.00431	0.00853	0.01293	0.01775	0.62928	0.03804	0.21639	0.01030	0.00564	0.00153	0.00229	0.00897	0.00507	0.00440
16	0.01937	0.01033	0.01272	0.01019	0.03336	0.01049	0.00818	0.31128	0.01660	0.44958	0.01514	0.01403	0.01003	0.00594	0.00537	0.00149	0.04817	0.00457	0.00519	0.00796
17	0.01784	0.01307	0.01399	0.01076	0.01449	0.01445	0.00888	0.75843	0.02203	0.02968	0.01162	0.01170	0.00828	0.00573	0.00473	0.00142	0.00515	0.00431	0.03545	0.00800
18	0.01278	0.83490	0.02505	0.00818	0.01227	0.01891	0.00818	0.01431	0.00971	0.01125	0.00664	0.00767	0.00613	0.00409	0.00307	0.00102	0.00511	0.00256	0.00204	0.00613
19	0.07444	0.00886	0.01118	0.00873	0.01225	0.04410	0.03268	0.02137	0.01309	0.65033	0.01882	0.01684	0.05296	0.00604	0.00474	0.00148	0.00430	0.00489	0.00537	0.00755
20	0.00993	0.09288	0.70810	0.01344	0.02015	0.01180	0.04923	0.01507	0.01011	0.01481	0.00846	0.01000	0.00611	0.00448	0.00446	0.00148	0.00694	0.00354	0.00204	0.00696
21	0.00582	0.00416	0.00555	0.00666	0.00693	0.00388	0.00444	0.00666	0.00915	0.01220	0.02634	0.82891	0.03161	0.01497	0.00610	0.00194	0.00277	0.01359	0.00444	0.00388
22	0.01278	0.83490	0.02505	0.00818	0.01227	0.01891	0.00818	0.01431	0.00971	0.01125	0.00664	0.00767	0.00613	0.00409	0.00307	0.00102	0.00511	0.00256	0.00204	0.00613
23	0.02085	0.00866	0.01136	0.00876	0.01243	0.00786	0.00722	0.08888	0.04035	0.71283	0.01824	0.01591	0.01161	0.00592	0.00481	0.00148	0.00416	0.00478	0.00578	0.00811
24	0.01183	0.01136	0.01940	0.02934	0.80221	0.01136	0.01467	0.01467	0.01088	0.01562	0.00899	0.01183	0.00757	0.00426	0.00473	0.00142	0.00568	0.00426	0.00237	0.00757
25	0.00578	0.00432	0.00538	0.00622	0.00682	0.00392	0.00425	0.00670	0.00956	0.01237	0.03159	0.64299	0.21414	0.01429	0.00599	0.00186	0.00269	0.01276	0.00444	0.00392
26	0.00979	0.06771	0.75218	0.01344	0.02031	0.01153	0.03033	0.01510	0.01009	0.01493	0.00849	0.01001	0.00608	0.00451	0.00448	0.00149	0.00698	0.00352	0.00203	0.00700
27	0.00592	0.00426	0.00562	0.00653	0.00694	0.00396	0.00442	0.00692	0.00969	0.01299	0.11225	0.71826	0.05588	0.01432	0.00604	0.00188	0.00271	0.01294	0.00453	0.00396
28	0.00694	0.00466	0.00537	0.00537	0.00542	0.00472	0.00309	0.00705	0.00700	0.00938	0.01492	0.03049	0.01703	0.78164	0.07425	0.00483	0.00515	0.00683	0.00287	0.00298
29	0.01038	0.00999	0.01716	0.41814	0.36294	0.01113	0.04891	0.01339	0.01014	0.01379	0.00869	0.01228	0.00692	0.00463	0.00514	0.00153	0.03194	0.00431	0.00224	0.00633
30	0.01815	0.01399	0.01429	0.01108	0.01482	0.06629	0.00909	0.73680	0.02190	0.02893	0.01121	0.01129	0.00800	0.00569	0.00475	0.00142	0.00548	0.00422	0.00463	0.00796
31	0.00576	0.00485	0.00500	0.00496	0.00653	0.00408	0.00372	0.00708	0.01116	0.01355	0.12486	0.04495	0.72343	0.01187	0.00565	0.00160	0.00240	0.00994	0.00452	0.00408
32	0.01515	0.03752	0.01976	0.05945	0.01951	0.10646	0.32887	0.18920	0.01429	0.14503	0.01113	0.01245	0.00797	0.00486	0.00503	0.00149	0.00668	0.00474	0.00349	0.00691
33	0.05925	0.32329	0.35798	0.01105	0.02847	0.01434	0.01223	0.08119	0.04398	0.01554	0.00847	0.00953	0.00660	0.00455	0.00394	0.00133	0.00584	0.00327	0.00244	0.00673
34	0.01684	0.01297	0.01358	0.01076	0.01432	0.03441	0.00877	0.60673	0.18451	0.02752	0.01305	0.01274	0.00944	0.00587	0.00479	0.00147	0.00503	0.00450	0.00474	0.00794
35	0.01053	0.00638	0.00658	0.00599	0.00767	0.00678	0.00464	0.11723	0.10920	0.01975	0.01552	0.01697	0.01199	0.00571	0.00372	0.00122	0.00283	0.00455	0.63743	0.00534
36	0.01154	0.00803	0.01013	0.04567	0.01173	0.02716	0.04966	0.14811	0.07165	0.12595	0.06035	0.26858	0.03254	0.07502	0.00687	0.00189	0.00420	0.02116	0.01402	0.00571
37	0.01074	0.07289	0.12610	0.01387	0.05109	0.10317	0.21054	0.01341	0.01004	0.01327	0.02194	0.06507	0.00958	0.01032	0.12546	0.00249	0.12671	0.00504	0.00249	0.00576
38	0.00582	0.00419	0.00552	0.00658	0.00691	0.00389	0.00440	0.00666	0.00922	0.01223	0.02728	0.79586	0.06405	0.01485	0.00608	0.00193	0.00276	0.01344	0.00444	0.00389
39	0.09049	0.01089	0.02003	0.01500	0.01857	0.01092	0.45283	0.09000	0.01143	0.01675	0.01093	0.05723	0.00912	0.00816	0.08438	0.00219	0.03656	0.00550	0.04301	0.00601
40	0.01057	0.01068	0.01519	0.57932	0.17429	0.10372	0.01307	0.01347	0.01027	0.01279	0.00846	0.01209	0.00657	0.00470	0.00472	0.00152	0.00650	0.00411	0.00221	0.00576
41	0.00598	0.00485	0.00530	0.00519	0.00666	0.00417	0.00389	0.00749	0.01167	0.01475	0.26878	0.04298	0.57876	0.01142	0.00565	0.00158	0.00237	0.00966	0.00468	0.00417
42	0.00584	0.00478	0.00515	0.00521	0.00661	0.00409	0.00385	0.00717	0.01112	0.01381	0.16225	0.12459	0.60485	0.01204	0.00569	0.00163	0.00243	0.01022	0.00457	0.00409
43	0.01277	0.71662	0.09501	0.00890	0.01317	0.06235	0.00909	0.01465	0.00996	0.01162	0.00686	0.00794	0.00613	0.00418	0.00327	0.00108	0.00548	0.00267	0.00207	0.00618
44	0.01059	0.01053	0.01953	0.11776	0.34284	0.01051	0.25400	0.02639	0.01080	0.01488	0.01160	0.12611	0.01069	0.00577	0.00521	0.00157	0.00609	0.00599	0.00268	0.00644
45	0.00676	0.00506	0.00755	0.00762	0.00843	0.00584	0.00588	0.00842	0.00777	0.01117	0.01366	0.07005	0.01319	0.03453	0.76201	0.00732	0.01217	0.00566	0.00268	0.00424
46	0.01114	0.05816	0.02666	0.09866	0.02506	0.01232	0.66533	0.01495	0.01102	0.01478	0.00939	0.01259	0.00710	0.00411	0.00541	0.00158	0.00773	0.00533	0.00237	0.00632
47	0.00993	0.10467	0.71654	0.01320	0.01993	0.01189	0.02986	0.01506	0.01007	0.01475	0.00840	0.00990	0.00608	0.00449	0.00441	0.00147	0.00689	0.00347	0.00203	0.00696
48	0.06686	0.00888	0.01389	0.62750	0.07181	0.01057	0.01217	0.04597	0.01039	0.07367	0.00931	0.01258	0.00685	0.00485	0.00466	0.00156	0.00594	0.00418	0.00259	0.00576
49	0.00601	0.00443	0.00564	0.00633	0.00699	0.00406	0.00443	0.00718	0.01020	0.01351	0.15447	0.54863	0.15808	0.01361	0.00597	0.00183	0.00269	0.03736	0.00457	0.00403
50	0.00940	0.00535	0.00625	0.00570	0.00711	0.00544	0.03951	0.05244	0.01061	0.01799	0.01495	0.01731	0.01179	0.00719	0.04854	0.00152	0.00324	0.00454	0.72639	0.00473
51	0.01026	0.01944	0.00843	0.00768	0.00949	0.19168	0.00586	0.07165	0.03713	0.01493	0.08509	0.06255	0.26247	0.01157	0.09309	0.00212	0.00526	0.00673	0.08962	0.00493

[dist]
# distance from previous block
# <min> <max>
0	29

[block]
# block no. 2 follows, 53 sequences, length 20
# corresponding to MSA columns:
# 162-181
name=unknown_C
#
# <colnr> <probs for GDERKNQSTAVLIFYWHMCP>
#	G	D	E	R	K	N	Q	S	T	A	V	L	I	F	Y	W	H	M	C	P
0	0.00582	0.00416	0.00555	0.00666	0.00693	0.00388	0.00444	0.00666	0.00915	0.01220	0.02634	0.82891	0.03161	0.01497	0.00610	0.00194	0.00277	0.01359	0.00444	0.00388
1	0.02097	0.00889	0.01156	0.00886	0.01258	0.00814	0.00732	0.13273	0.01494	0.69430	0.01780	0.01558	0.01130	0.00589	0.00480	0.00147	0.00424	0.00473	0.00575	0.00813
2	0.01107	0.01328	0.07048	0.01781	0.02220	0.05899	0.60560	0.01478	0.01121	0.01498	0.04640	0.01393	0.00919	0.00650	0.05932	0.00198	0.00808	0.00547	0.00254	0.00619
3	0.00948	0.02393	0.77495	0.01338	0.02020	0.01089	0.01719	0.01487	0.00999	0.01497	0.00875	0.01044	0.00629	0.00581	0.03721	0.00176	0.00730	0.00360	0.00204	0.00695
4	0.01011	0.02143	0.62229	0.01300	0.01910	0.01129	0.03633	0.01725	0.17135	0.01614	0.01085	0.01176	0.00784	0.00493	0.00464	0.00154	0.00642	0.00397	0.00261	0.00715
5	0.01681	0.01952	0.01273	0.01138	0.01389	0.61271	0.00864	0.10221	0.06071	0.01469	0.00922	0.01023	0.00737	0.00516	0.00432	0.00127	0.00745	0.00346	0.07238	0.00585
6	0.03731	0.01143	0.04500	0.01024	0.01380	0.05802	0.05981	0.26270	0.04231	0.30203	0.09431	0.01565	0.01311	0.00600	0.00486	0.00147	0.00490	0.00491	0.00479	0.00736
7	0.00679	0.00481	0.00649	0.00748	0.00810	0.00469	0.00576	0.00815	0.00976	0.01285	0.02472	0.39686	0.02830	0.09765	0.00819	0.00233	0.00370	0.35507	0.00426	0.00402
8	0.86579	0.00924	0.00702	0.00629	0.00924	0.01072	0.00518	0.01405	0.00813	0.02144	0.00666	0.00776	0.00518	0.00444	0.00296	0.00148	0.00370	0.00259	0.00296	0.00518
9	0.01002	0.00981	0.01574	0.49292	0.21277	0.04772	0.05881	0.01293	0.01013	0.01318	0.00982	0.06675	0.00838	0.00530	0.00489	0.00156	0.00617	0.00490	0.00237	0.00583
10	0.00694	0.00468	0.00546	0.00546	0.00555	0.00477	0.00321	0.00711	0.00702	0.00945	0.01483	0.03001	0.01682	0.75106	0.10454	0.00494	0.00546	0.00676	0.00286	0.00304
11	0.00582	0.00416	0.00555	0.00666	0.00693	0.00388	0.00444	0.00666	0.00915	0.01220	0.02634	0.82891	0.03161	0.01497	0.00610	0.00194	0.00277	0.01359	0.00444	0.00388
12	0.01100	0.01051	0.01790	0.26356	0.57447	0.01114	0.01426	0.01394	0.01049	0.01461	0.00884	0.01210	0.00722	0.00441	0.00475	0.00147	0.00588	0.00426	0.00229	0.00690
13	0.01078	0.30264	0.43823	0.06645	0.06427	0.01378	0.01392	0.01463	0.00997	0.01363	0.00793	0.00953	0.00619	0.00438	0.00406	0.00134	0.00626	0.00328	0.00205	0.00666
14	0.01576	0.00893	0.01033	0.00850	0.01110	0.05756	0.00685	0.13701	0.01372	0.34225	0.09784	0.01716	0.01416	0.00860	0.06650	0.00192	0.05264	0.00497	0.11757	0.00664
15	0.71007	0.00980	0.00825	0.00706	0.01017	0.01118	0.00582	0.12682	0.01043	0.05272	0.00782	0.00863	0.00586	0.00468	0.00329	0.00147	0.00394	0.00292	0.00334	0.00572
16	0.01250	0.01277	0.06472	0.02642	0.67144	0.06459	0.01417	0.01535	0.01113	0.04792	0.00927	0.01170	0.00756	0.00439	0.00470	0.00141	0.00589	0.00416	0.00250	0.00743
17	0.03159	0.06375	0.12938	0.09640	0.07058	0.22775	0.13112	0.04662	0.03013	0.03891	0.01096	0.02885	0.04090	0.00531	0.00496	0.00145	0.02805	0.00439	0.00271	0.00616
18	0.04533	0.38583	0.09903	0.00957	0.01365	0.04606	0.00914	0.22833	0.04285	0.04314	0.00930	0.00992	0.00730	0.00482	0.00386	0.00125	0.00528	0.00339	0.02515	0.00680
19	0.01270	0.09327	0.04584	0.02159	0.46964	0.01155	0.07324	0.05103	0.01145	0.07887	0.00966	0.01162	0.00768	0.00437	0.00454	0.00134	0.00553	0.00410	0.00276	0.07922

[dist]
# distance from previous block
# <min> <max>
0	2

[block]
# block no. 3 follows, 53 sequences, length 38
# corresponding to MSA columns:
# 184-221
name=unknown_D
#
# <colnr> <probs for GDERKNQSTAVLIFYWHMCP>
#	G	D	E	R	K	N	Q	S	T	A	V	L	I	F	Y	W	H	M	C	P
0	0.05811	0.01050	0.01316	0.25105	0.08724	0.03044	0.00999	0.19036	0.17687	0.07877	0.01227	0.01338	0.00904	0.00537	0.00465	0.00150	0.00515	0.00441	0.01706	0.02068
1	0.01885	0.00978	0.01180	0.00932	0.01286	0.00979	0.00761	0.20359	0.16431	0.47306	0.01723	0.01544	0.01148	0.00598	0.00481	0.00150	0.00429	0.00480	0.00545	0.00802
2	0.69643	0.01049	0.07363	0.00720	0.01058	0.01047	0.00646	0.02943	0.00911	0.09805	0.00810	0.00886	0.00596	0.00461	0.00330	0.00148	0.00404	0.00292	0.00320	0.00568
3	0.01277	0.04996	0.12580	0.01949	0.29794	0.06745	0.15236	0.13917	0.01275	0.01727	0.02196	0.01166	0.00780	0.00478	0.00522	0.00147	0.03802	0.00433	0.00275	0.00705
4	0.00889	0.00647	0.00819	0.00806	0.00935	0.00676	0.00648	0.08981	0.01171	0.04953	0.09217	0.18448	0.13246	0.03524	0.00737	0.00196	0.07891	0.25297	0.00434	0.00484
5	0.00733	0.00534	0.00721	0.00817	0.00929	0.00522	0.00699	0.00933	0.01089	0.01401	0.02842	0.09301	0.13008	0.01315	0.00645	0.00211	0.00405	0.63019	0.00441	0.00433
6	0.01244	0.00999	0.01145	0.00962	0.01225	0.05097	0.06607	0.26589	0.12929	0.03184	0.06480	0.06127	0.10395	0.00769	0.00508	0.00155	0.00447	0.07015	0.07494	0.00629
7	0.01565	0.01258	0.01149	0.00978	0.01242	0.21669	0.00771	0.12167	0.12859	0.20718	0.06013	0.01686	0.07166	0.00657	0.00551	0.00148	0.06141	0.00495	0.02107	0.00659
8	0.01204	0.00768	0.00915	0.00806	0.01027	0.00787	0.00625	0.08506	0.22678	0.17939	0.25853	0.12666	0.02499	0.00840	0.00524	0.00158	0.00337	0.00723	0.00514	0.00632
9	0.80607	0.00916	0.00731	0.00644	0.00945	0.01046	0.00531	0.01470	0.00853	0.07690	0.00752	0.00837	0.00565	0.00454	0.00309	0.00148	0.00372	0.00275	0.00317	0.00539
10	0.01231	0.01151	0.01902	0.02794	0.74240	0.01162	0.01424	0.07328	0.01176	0.01672	0.00918	0.01180	0.00761	0.00437	0.00474	0.00142	0.00565	0.00426	0.00255	0.00761
11	0.01728	0.00926	0.01086	0.00865	0.01177	0.03202	0.00702	0.22069	0.03405	0.39244	0.12370	0.01761	0.01536	0.00636	0.00479	0.00144	0.00412	0.00514	0.07017	0.00727
12	0.00627	0.00467	0.00592	0.00656	0.00741	0.00431	0.00488	0.00765	0.01053	0.01377	0.14420	0.39292	0.20454	0.01324	0.00603	0.00185	0.00292	0.15367	0.00455	0.00411
13	0.01709	0.01088	0.01215	0.00950	0.01287	0.01152	0.00778	0.50357	0.01882	0.18512	0.04878	0.01537	0.04183	0.00618	0.00474	0.00143	0.00453	0.00483	0.07551	0.00751
14	0.00739	0.00599	0.00960	0.00874	0.00985	0.00666	0.08320	0.00909	0.00793	0.01129	0.01260	0.01959	0.01203	0.13651	0.60596	0.00651	0.03476	0.00539	0.00258	0.00433
15	0.01416	0.00950	0.01046	0.00871	0.01138	0.01017	0.00693	0.37185	0.09678	0.09555	0.01664	0.12692	0.03185	0.00722	0.00473	0.00147	0.00404	0.00590	0.15901	0.00673
16	0.76705	0.00929	0.00761	0.00663	0.00968	0.01056	0.00546	0.04144	0.00909	0.08629	0.00783	0.00859	0.00583	0.00460	0.00317	0.00148	0.00378	0.00283	0.00326	0.00552
17	0.01202	0.01219	0.02507	0.01822	0.02235	0.01199	0.62250	0.01549	0.01098	0.08007	0.01000	0.01286	0.00751	0.00473	0.00684	0.00166	0.11103	0.00539	0.00266	0.00643
18	0.01115	0.01379	0.08738	0.01965	0.02465	0.01201	0.72658	0.01530	0.01119	0.01530	0.00959	0.01268	0.00716	0.00407	0.00556	0.00160	0.00798	0.00548	0.00239	0.00649
19	0.00936	0.00909	0.01554	0.60505	0.02858	0.01113	0.09120	0.01227	0.00941	0.01243	0.00881	0.03542	0.00716	0.00548	0.00640	0.00167	0.11875	0.00464	0.00221	0.00537
20	0.00663	0.00504	0.00614	0.00676	0.00764	0.00486	0.00493	0.00875	0.07445	0.01316	0.02978	0.43152	0.19524	0.05826	0.00698	0.00203	0.00313	0.12608	0.00438	0.00424
21	0.07928	0.00961	0.01024	0.00865	0.01147	0.02583	0.00689	0.19364	0.24646	0.16673	0.01667	0.05072	0.02748	0.00638	0.00455	0.00148	0.00398	0.00510	0.11790	0.00694
22	0.05457	0.00507	0.00620	0.00633	0.00748	0.00471	0.00459	0.00911	0.01093	0.08021	0.23825	0.37910	0.15203	0.01179	0.00562	0.00171	0.00273	0.01037	0.00470	0.00450
23	0.00946	0.00872	0.01371	0.62910	0.02799	0.01084	0.01220	0.02593	0.07439	0.01321	0.01019	0.01522	0.00823	0.00569	0.00578	0.00167	0.07328	0.04640	0.00252	0.00549
24	0.04893	0.01046	0.07567	0.00881	0.01199	0.03234	0.00758	0.13378	0.16556	0.09966	0.18445	0.01916	0.01787	0.00650	0.00474	0.00141	0.00409	0.02840	0.00434	0.13425
25	0.01120	0.00926	0.01060	0.00769	0.01187	0.00769	0.00620	0.13255	0.01187	0.01784	0.00896	0.01015	0.00724	0.00388	0.00373	0.00082	0.00381	0.00306	0.00314	0.72845
26	0.00582	0.00416	0.00555	0.00666	0.00693	0.00388	0.00444	0.00666	0.00915	0.01220	0.02634	0.82891	0.03161	0.01497	0.00610	0.00194	0.00277	0.01359	0.00444	0.00388
27	0.07368	0.00757	0.02088	0.00757	0.00908	0.07248	0.00576	0.06229	0.01178	0.07604	0.19723	0.34769	0.03536	0.01059	0.00542	0.00168	0.00361	0.04194	0.00444	0.00494
28	0.00903	0.00850	0.01434	0.82054	0.03292	0.01062	0.01327	0.01221	0.00956	0.01221	0.00850	0.01274	0.00637	0.00478	0.00478	0.00159	0.00637	0.00425	0.00212	0.00531
29	0.00675	0.00504	0.00624	0.00696	0.00755	0.00504	0.00474	0.00926	0.11681	0.01303	0.02447	0.65174	0.02810	0.08106	0.00743	0.00212	0.00306	0.01192	0.00437	0.00431
30	0.00857	0.00766	0.01165	0.01025	0.01111	0.00925	0.08314	0.02497	0.00834	0.01202	0.01233	0.12769	0.01267	0.08580	0.27546	0.00405	0.28146	0.00616	0.00272	0.00471
31	0.01171	0.01225	0.02123	0.01613	0.01889	0.03650	0.38959	0.07755	0.01069	0.01491	0.00840	0.01168	0.00690	0.00593	0.00954	0.00178	0.33290	0.00487	0.00248	0.00607
32	0.00986	0.09454	0.73985	0.01315	0.01996	0.01177	0.01684	0.01507	0.01006	0.01480	0.00841	0.00988	0.00606	0.00450	0.00441	0.00147	0.00690	0.00345	0.00202	0.00698
33	0.00647	0.00472	0.00609	0.00607	0.00704	0.00434	0.00443	0.00834	0.01237	0.01716	0.57264	0.21083	0.09950	0.01109	0.00574	0.00161	0.00238	0.00984	0.00502	0.00434
34	0.01145	0.12671	0.53019	0.01293	0.01862	0.14562	0.04342	0.01562	0.01060	0.01400	0.00813	0.00965	0.00613	0.00461	0.00459	0.00142	0.02413	0.00342	0.00211	0.00663
35	0.01121	0.00955	0.01022	0.00923	0.01173	0.01091	0.00716	0.02323	0.69025	0.01988	0.12280	0.02020	0.01863	0.00692	0.00497	0.00161	0.00358	0.00583	0.00492	0.00716
36	0.00695	0.00465	0.00530	0.00530	0.00534	0.00468	0.00301	0.00701	0.00698	0.00934	0.01498	0.03081	0.01717	0.80243	0.05364	0.00475	0.00494	0.00688	0.00288	0.00295
37	0.00957	0.00875	0.01458	0.60386	0.18124	0.01030	0.01279	0.01261	0.00985	0.01330	0.00913	0.01295	0.00705	0.00474	0.00466	0.00152	0.00592	0.00427	0.06722	0.00569

[dist]
# distance from previous block
# <min> <max>
0	1

[block]
# block no. 4 follows, 53 sequences, length 37
# corresponding to MSA columns:
# 223-259
name=unknown_E
#
# <colnr> <probs for GDERKNQSTAVLIFYWHMCP>
#	G	D	E	R	K	N	Q	S	T	A	V	L	I	F	Y	W	H	M	C	P
0	0.00903	0.00850	0.01434	0.82054	0.03292	0.01062	0.01327	0.01221	0.00956	0.01221	0.00850	0.01274	0.00637	0.00478	0.00478	0.00159	0.00637	0.00425	0.00212	0.00531
1	0.02144	0.00813	0.01109	0.00850	0.01220	0.00702	0.00702	0.02329	0.01368	0.80552	0.01886	0.01627	0.01183	0.00592	0.00481	0.00148	0.00407	0.00481	0.00592	0.00813
2	0.00611	0.00486	0.00548	0.00532	0.00674	0.00423	0.00399	0.00774	0.01197	0.01547	0.35604	0.04178	0.49105	0.01115	0.00564	0.00157	0.00235	0.00950	0.00478	0.00423
3	0.05082	0.01670	0.32287	0.02863	0.07917	0.05399	0.01220	0.19180	0.04788	0.06148	0.04355	0.03447	0.00973	0.00549	0.00463	0.00148	0.00576	0.00437	0.01800	0.00699
4	0.01278	0.83490	0.02505	0.00818	0.01227	0.01891	0.00818	0.01431	0.00971	0.01125	0.00664	0.00767	0.00613	0.00409	0.00307	0.00102	0.00511	0.00256	0.00204	0.00613
5	0.01165	0.00975	0.01056	0.00967	0.01220	0.01112	0.00768	0.06958	0.63085	0.01977	0.01983	0.02278	0.01610	0.00743	0.00512	0.00170	0.00396	0.11831	0.00479	0.00713
6	0.03177	0.03333	0.04278	0.20853	0.12278	0.00919	0.10736	0.01124	0.00963	0.01331	0.01431	0.27674	0.01485	0.00859	0.01806	0.00179	0.06008	0.00734	0.00296	0.00536
7	0.06501	0.01231	0.11903	0.05888	0.03536	0.03736	0.23502	0.05904	0.02381	0.17365	0.05180	0.02769	0.02445	0.00594	0.01809	0.00164	0.02328	0.00504	0.01605	0.00656
8	0.01362	0.04725	0.01249	0.01116	0.04363	0.23984	0.00834	0.02274	0.50984	0.01711	0.01510	0.01457	0.01158	0.00586	0.00463	0.00148	0.00528	0.00458	0.00397	0.00693
9	0.00640	0.00477	0.00595	0.00587	0.00697	0.00432	0.00432	0.00822	0.01233	0.01684	0.52983	0.15787	0.19664	0.01103	0.00571	0.00159	0.00237	0.00969	0.00497	0.00432
10	0.01330	0.01226	0.03490	0.01588	0.07363	0.05073	0.36774	0.13213	0.06754	0.09764	0.02905	0.03752	0.03341	0.00538	0.00524	0.00155	0.00634	0.00549	0.00346	0.00681
11	0.03058	0.01089	0.10733	0.04255	0.01446	0.02180	0.04243	0.08970	0.02805	0.48027	0.03057	0.01603	0.03987	0.00587	0.00480	0.00149	0.00475	0.00483	0.01629	0.00745
12	0.00770	0.00550	0.00770	0.00880	0.00990	0.00550	0.00770	0.00990	0.01100	0.01430	0.02531	0.05391	0.02751	0.01320	0.00660	0.00220	0.00440	0.77004	0.00440	0.00440
13	0.00959	0.02472	0.80726	0.01362	0.02069	0.01110	0.01766	0.01514	0.01009	0.01514	0.00858	0.01009	0.00605	0.00454	0.00454	0.00151	0.00706	0.00353	0.00202	0.00706
14	0.01195	0.01169	0.01894	0.06312	0.73682	0.04377	0.01439	0.01474	0.01093	0.01531	0.00890	0.01174	0.00746	0.00431	0.00472	0.00142	0.00583	0.00421	0.00236	0.00739
15	0.01583	0.01293	0.24540	0.01020	0.01462	0.00836	0.03286	0.01935	0.04503	0.44017	0.07559	0.01596	0.01268	0.00638	0.02124	0.00163	0.00509	0.00478	0.00450	0.00739
16	0.00903	0.00850	0.01434	0.82054	0.03292	0.01062	0.01327	0.01221	0.00956	0.01221	0.00850	0.01274	0.00637	0.00478	0.00478	0.00159	0.00637	0.00425	0.00212	0.00531
17	0.01104	0.00950	0.01002	0.00912	0.01163	0.01081	0.00706	0.02287	0.68696	0.01901	0.02263	0.04886	0.09486	0.00735	0.00499	0.00163	0.00361	0.00616	0.00481	0.00708
18	0.00971	0.05660	0.73103	0.01367	0.04327	0.01125	0.01684	0.01493	0.01019	0.01510	0.02934	0.01072	0.00713	0.00465	0.00452	0.00149	0.00682	0.00365	0.00212	0.00697
19	0.00683	0.00512	0.00768	0.00768	0.00853	0.00597	0.00597	0.00853	0.00768	0.01110	0.01280	0.01878	0.01195	0.03585	0.81308	0.00768	0.01280	0.00512	0.00256	0.00427
20	0.00903	0.00850	0.01434	0.82054	0.03292	0.01062	0.01327	0.01221	0.00956	0.01221	0.00850	0.01274	0.00637	0.00478	0.00478	0.00159	0.00637	0.00425	0.00212	0.00531
21	0.04414	0.00844	0.01116	0.00858	0.01226	0.00754	0.00708	0.06378	0.01400	0.74287	0.01813	0.01578	0.01145	0.00587	0.00476	0.00148	0.00412	0.00472	0.00578	0.00805
22	0.02070	0.00868	0.01132	0.00870	0.01235	0.00792	0.00718	0.11712	0.01467	0.68876	0.01786	0.01572	0.01139	0.00588	0.00476	0.00146	0.00416	0.00474	0.02859	0.00803
23	0.00582	0.00416	0.00555	0.00666	0.00693	0.00388	0.00444	0.00666	0.00915	0.01220	0.02634	0.82891	0.03161	0.01497	0.00610	0.00194	0.00277	0.01359	0.00444	0.00388
24	0.01717	0.01324	0.03439	0.01094	0.02791	0.05857	0.00893	0.58270	0.06144	0.07455	0.01236	0.02381	0.00901	0.00581	0.00472	0.00143	0.00521	0.00444	0.03565	0.00772
25	0.00802	0.00415	0.00615	0.00628	0.00631	0.00412	0.00418	0.00628	0.00656	0.00875	0.01037	0.10775	0.01097	0.01642	0.01724	0.76261	0.00399	0.00523	0.00235	0.00228
26	0.00770	0.00550	0.00770	0.00880	0.00990	0.00550	0.00770	0.00990	0.01100	0.01430	0.02531	0.05391	0.02751	0.01320	0.00660	0.00220	0.00440	0.77004	0.00440	0.00440
27	0.01183	0.01136	0.01940	0.02934	0.80221	0.01136	0.01467	0.01467	0.01088	0.01562	0.00899	0.01183	0.00757	0.00426	0.00473	0.00142	0.00568	0.00426	0.00237	0.00757
28	0.01678	0.13305	0.01492	0.01061	0.01387	0.29758	0.00862	0.32595	0.01645	0.05711	0.01166	0.01199	0.04962	0.00556	0.00442	0.00132	0.00622	0.00395	0.00360	0.00671
29	0.01018	0.00604	0.00722	0.00646	0.00837	0.00568	0.00500	0.01333	0.09631	0.17136	0.30875	0.03020	0.19730	0.00870	0.00513	0.00149	0.00281	0.00738	0.10285	0.00544
30	0.06994	0.01313	0.01390	0.01071	0.01448	0.01457	0.00885	0.73911	0.02160	0.02959	0.01118	0.01125	0.00795	0.00566	0.00467	0.00144	0.00516	0.00420	0.00467	0.00795
31	0.06594	0.01117	0.01835	0.01377	0.01765	0.03231	0.35227	0.07591	0.10529	0.17576	0.01443	0.02827	0.04222	0.00538	0.00509	0.00155	0.00590	0.00536	0.00375	0.01964
32	0.01105	0.15564	0.38865	0.01477	0.02048	0.01262	0.27588	0.01530	0.01054	0.03809	0.00893	0.01082	0.00665	0.00433	0.00468	0.00146	0.00699	0.00412	0.00227	0.00673
33	0.00586	0.00424	0.00555	0.00651	0.00691	0.00393	0.00439	0.00679	0.00949	0.01262	0.06899	0.73873	0.07928	0.01452	0.00605	0.00190	0.00272	0.01311	0.00448	0.00393
34	0.01291	0.81417	0.02475	0.00828	0.01233	0.03917	0.00821	0.01443	0.00981	0.01126	0.00666	0.00769	0.00613	0.00411	0.00310	0.00103	0.00520	0.00257	0.00206	0.00612
35	0.00991	0.00850	0.00991	0.00708	0.01133	0.00637	0.00566	0.01203	0.00991	0.01557	0.00850	0.00991	0.00708	0.00354	0.00354	0.00071	0.00354	0.00283	0.00283	0.86124
36	0.01293	0.78770	0.04768	0.00835	0.01251	0.01835	0.00842	0.01459	0.00983	0.03379	0.00705	0.00798	0.00629	0.00415	0.00316	0.00105	0.00514	0.00265	0.00215	0.00622

[dist]
# distance from previous block
# <min> <max>
0	2

[block]
# block no. 5 follows, 53 sequences, length 73
# corresponding to MSA columns:
# 262-269,288-352
name=unknown_F
#
# <colnr> <probs for GDERKNQSTAVLIFYWHMCP>
#	G	D	E	R	K	N	Q	S	T	A	V	L	I	F	Y	W	H	M	C	P
0	0.01137	0.01058	0.01694	0.25864	0.41890	0.01181	0.01331	0.07766	0.01104	0.01534	0.00874	0.01191	0.00711	0.00501	0.00602	0.00155	0.10068	0.00425	0.00246	0.00668
1	0.46578	0.01090	0.01663	0.01260	0.01633	0.01142	0.35260	0.01455	0.00952	0.01849	0.00799	0.01011	0.00613	0.00434	0.00444	0.00155	0.02420	0.00398	0.00270	0.00574
2	0.00584	0.00417	0.00556	0.00664	0.00694	0.00389	0.00444	0.00670	0.00923	0.01233	0.04044	0.81444	0.03186	0.01488	0.00609	0.00193	0.00276	0.01350	0.00445	0.00389
3	0.01082	0.33801	0.50479	0.01152	0.01743	0.01412	0.01399	0.01482	0.00994	0.01363	0.00783	0.00915	0.00609	0.00437	0.00397	0.00132	0.00631	0.00315	0.00203	0.00670
4	0.01185	0.01195	0.01746	0.24113	0.47523	0.10235	0.02928	0.02756	0.01103	0.01449	0.00873	0.01173	0.00709	0.00450	0.00472	0.00145	0.00624	0.00415	0.00235	0.00671
5	0.00694	0.00466	0.00533	0.00533	0.00537	0.00470	0.00304	0.00703	0.00699	0.00935	0.01495	0.03068	0.01712	0.79420	0.06180	0.00478	0.00502	0.00686	0.00288	0.00296
6	0.00968	0.00917	0.01552	0.63493	0.21339	0.01079	0.01360	0.01279	0.00987	0.01301	0.00861	0.01253	0.00665	0.00466	0.00477	0.00155	0.00621	0.00425	0.00218	0.00584
7	0.01195	0.01148	0.01722	0.06891	0.57430	0.04611	0.01300	0.01677	0.16055	0.01609	0.01089	0.01289	0.00878	0.00474	0.00474	0.00146	0.00548	0.00443	0.00283	0.00736
8	0.01430	0.00702	0.00912	0.00751	0.01002	0.00645	0.00599	0.07583	0.01425	0.37711	0.37087	0.02517	0.04010	0.00775	0.00519	0.00149	0.00331	0.00659	0.00551	0.00643
9	0.01128	0.01289	0.02820	0.02015	0.02498	0.01209	0.78485	0.01531	0.01128	0.01531	0.00967	0.01289	0.00725	0.00403	0.00564	0.00161	0.00806	0.00564	0.00242	0.00645
10	0.07844	0.09852	0.02752	0.16344	0.07782	0.01211	0.00943	0.16421	0.17672	0.10317	0.02410	0.01376	0.00982	0.00548	0.00451	0.00148	0.00491	0.01392	0.00376	0.00688
11	0.00970	0.00951	0.01689	0.14361	0.08375	0.01074	0.22509	0.01226	0.00929	0.01313	0.00981	0.01448	0.00847	0.01214	0.17961	0.00299	0.18979	0.02112	0.02208	0.00553
12	0.00676	0.00489	0.00639	0.00601	0.00714	0.00451	0.00451	0.00902	0.01353	0.01917	0.79969	0.03570	0.04510	0.00977	0.00564	0.00150	0.00225	0.00864	0.00526	0.00451
13	0.01029	0.00979	0.01663	0.46288	0.38067	0.01095	0.01390	0.01332	0.01016	0.01375	0.00872	0.01233	0.00691	0.00454	0.00476	0.00151	0.00606	0.00425	0.00223	0.00633
14	0.01091	0.01127	0.11782	0.17937	0.06888	0.01006	0.11597	0.06087	0.13350	0.06599	0.03226	0.03517	0.04423	0.04091	0.03540	0.00193	0.00582	0.02008	0.00330	0.00628
15	0.24273	0.01099	0.01115	0.00903	0.01241	0.04318	0.00736	0.27168	0.10718	0.21871	0.01281	0.01232	0.00895	0.00549	0.00430	0.00147	0.00451	0.00406	0.00450	0.00718
16	0.01183	0.01136	0.01940	0.02934	0.80221	0.01136	0.01467	0.01467	0.01088	0.01562	0.00899	0.01183	0.00757	0.00426	0.00473	0.00142	0.00568	0.00426	0.00237	0.00757
17	0.01104	0.00942	0.01456	0.04818	0.15130	0.00974	0.14348	0.05499	0.14889	0.06569	0.06312	0.05281	0.08809	0.00723	0.00578	0.00164	0.04319	0.07079	0.00375	0.00631
18	0.01282	0.01157	0.01421	0.08413	0.21284	0.16045	0.07393	0.03530	0.03302	0.11141	0.07587	0.06148	0.06785	0.00630	0.00494	0.00147	0.00553	0.00552	0.01511	0.00625
19	0.00695	0.00463	0.00521	0.00521	0.00521	0.00463	0.00290	0.00695	0.00695	0.00927	0.01506	0.03128	0.01738	0.83203	0.02433	0.00463	0.00463	0.00695	0.00290	0.00290
20	0.01278	0.83490	0.02505	0.00818	0.01227	0.01891	0.00818	0.01431	0.00971	0.01125	0.00664	0.00767	0.00613	0.00409	0.00307	0.00102	0.00511	0.00256	0.00204	0.00613
21	0.05267	0.01305	0.01676	0.17175	0.32595	0.16220	0.06360	0.06458	0.01158	0.01520	0.00854	0.01118	0.00691	0.00480	0.00525	0.00147	0.05148	0.00405	0.00251	0.00648
22	0.00691	0.00533	0.00769	0.00779	0.00847	0.00555	0.04071	0.02544	0.00898	0.01226	0.02024	0.46832	0.02300	0.08491	0.19898	0.00350	0.04114	0.02293	0.00368	0.00417
23	0.04758	0.01032	0.01294	0.01349	0.17306	0.01092	0.00906	0.14829	0.27656	0.19027	0.01561	0.01626	0.01164	0.00597	0.00481	0.00154	0.00450	0.03513	0.00448	0.00757
24	0.00598	0.00428	0.00572	0.00677	0.00714	0.00401	0.00465	0.00696	0.00945	0.01262	0.05702	0.74644	0.03188	0.01465	0.00612	0.00194	0.00286	0.06311	0.00447	0.00394
25	0.01432	0.62287	0.02120	0.00810	0.01200	0.01574	0.00774	0.01590	0.01061	0.18049	0.01105	0.01116	0.04173	0.00483	0.00355	0.00115	0.00477	0.00336	0.00297	0.00647
26	0.00980	0.00576	0.00608	0.00561	0.00710	0.00593	0.00431	0.09941	0.04304	0.01948	0.11768	0.01944	0.01617	0.00617	0.00387	0.00122	0.00264	0.00502	0.61627	0.00500
27	0.00580	0.00424	0.00547	0.00645	0.00688	0.00390	0.00435	0.00668	0.00935	0.01228	0.02885	0.74004	0.11886	0.01465	0.00605	0.00190	0.00273	0.01319	0.00444	0.00390
28	0.01108	0.01428	0.11985	0.01938	0.02447	0.01197	0.69460	0.01529	0.01114	0.01529	0.00954	0.01256	0.00711	0.00409	0.00551	0.00160	0.00794	0.00539	0.00237	0.00652
29	0.01183	0.01136	0.01940	0.02934	0.80221	0.01136	0.01467	0.01467	0.01088	0.01562	0.00899	0.01183	0.00757	0.00426	0.00473	0.00142	0.00568	0.00426	0.00237	0.00757
30	0.00628	0.00487	0.00571	0.00550	0.00684	0.00430	0.00413	0.00808	0.01238	0.01644	0.47196	0.04019	0.37453	0.01079	0.00564	0.00155	0.00233	0.00927	0.00490	0.00430
31	0.01278	0.83490	0.02505	0.00818	0.01227	0.01891	0.00818	0.01431	0.00971	0.01125	0.00664	0.00767	0.00613	0.00409	0.00307	0.00102	0.00511	0.00256	0.00204	0.00613
32	0.00582	0.00416	0.00555	0.00666	0.00693	0.00388	0.00444	0.00666	0.00915	0.01220	0.02634	0.82891	0.03161	0.01497	0.00610	0.00194	0.00277	0.01359	0.00444	0.00388
33	0.00582	0.00416	0.00555	0.00666	0.00693	0.00388	0.00444	0.00666	0.00915	0.01220	0.02634	0.82891	0.03161	0.01497	0.00610	0.00194	0.00277	0.01359	0.00444	0.00388
34	0.02102	0.00851	0.01129	0.00869	0.01237	0.00762	0.00716	0.07021	0.03219	0.73979	0.01842	0.01601	0.01167	0.00592	0.00481	0.00148	0.00413	0.00479	0.00582	0.00812
35	0.02144	0.00813	0.01109	0.00850	0.01220	0.00702	0.00702	0.02329	0.01368	0.80552	0.01886	0.01627	0.01183	0.00592	0.00481	0.00148	0.00407	0.00481	0.00592	0.00813
36	0.02144	0.00813	0.01109	0.00850	0.01220	0.00702	0.00702	0.02329	0.01368	0.80552	0.01886	0.01627	0.01183	0.00592	0.00481	0.00148	0.00407	0.00481	0.00592	0.00813
37	0.00903	0.00850	0.01434	0.82054	0.03292	0.01062	0.01327	0.01221	0.00956	0.01221	0.00850	0.01274	0.00637	0.00478	0.00478	0.00159	0.00637	0.00425	0.00212	0.00531
38	0.00891	0.00445	0.00445	0.00445	0.00557	0.00445	0.00334	0.01114	0.01002	0.01782	0.01559	0.01782	0.01225	0.00557	0.00334	0.00111	0.00223	0.00445	0.85856	0.00445
39	0.01785	0.02278	0.01354	0.01231	0.01478	0.81284	0.00924	0.01909	0.01354	0.01170	0.00739	0.00862	0.00616	0.00493	0.00431	0.00123	0.00862	0.00308	0.00246	0.00554
40	0.00756	0.00540	0.00753	0.00864	0.00967	0.00538	0.00745	0.00965	0.01086	0.01414	0.02539	0.11410	0.02783	0.01334	0.00656	0.00218	0.00427	0.71129	0.00440	0.00436
41	0.00687	0.00465	0.00545	0.00553	0.00562	0.00470	0.00327	0.00707	0.00716	0.00962	0.01559	0.08214	0.01782	0.70817	0.09310	0.00473	0.00524	0.00722	0.00297	0.00308
42	0.01815	0.01400	0.01429	0.01108	0.01482	0.06682	0.00909	0.73628	0.02189	0.02892	0.01121	0.01129	0.00800	0.00568	0.00475	0.00142	0.00548	0.00422	0.00463	0.00796
43	0.01018	0.01004	0.01410	0.01217	0.01224	0.01397	0.01011	0.01127	0.00735	0.01147	0.00678	0.01110	0.00671	0.01050	0.07761	0.00253	0.76034	0.00426	0.00213	0.00515
44	0.01803	0.00817	0.01055	0.00835	0.01155	0.00756	0.00680	0.10043	0.04450	0.54944	0.16204	0.01941	0.01768	0.00663	0.00496	0.00148	0.00385	0.00548	0.00564	0.00744
45	0.00582	0.00416	0.00555	0.00666	0.00693	0.00388	0.00444	0.00666	0.00915	0.01220	0.02634	0.82891	0.03161	0.01497	0.00610	0.00194	0.00277	0.01359	0.00444	0.00388
46	0.00996	0.00690	0.00813	0.00711	0.00906	0.00685	0.00554	0.13705	0.07180	0.08112	0.43941	0.03052	0.14946	0.00893	0.00538	0.00152	0.00302	0.00762	0.00508	0.00553
47	0.06061	0.00913	0.00962	0.00853	0.01060	0.09955	0.03694	0.09515	0.05616	0.09505	0.01672	0.27532	0.01685	0.09792	0.00709	0.00188	0.00443	0.00735	0.00393	0.08719
48	0.00683	0.00512	0.00768	0.00768	0.00853	0.00597	0.00597	0.00853	0.00768	0.01110	0.01280	0.01878	0.01195	0.03585	0.81308	0.00768	0.01280	0.00512	0.00256	0.00427
49	0.01077	0.01177	0.02432	0.01788	0.02184	0.01150	0.61567	0.01454	0.02715	0.01520	0.04758	0.01660	0.01044	0.00532	0.00653	0.00169	0.07568	0.05667	0.00271	0.00614
50	0.04661	0.01618	0.01356	0.01141	0.01447	0.34188	0.04225	0.25131	0.10968	0.06887	0.01131	0.01235	0.00867	0.00557	0.00462	0.00140	0.00643	0.02296	0.00373	0.00673
51	0.01549	0.01433	0.10271	0.04176	0.01500	0.14527	0.00946	0.24969	0.17146	0.12924	0.04748	0.01388	0.01092	0.00578	0.00473	0.00146	0.00548	0.00449	0.00417	0.00720
52	0.00636	0.00446	0.00572	0.00640	0.00685	0.00425	0.00440	0.00703	0.00887	0.01165	0.02512	0.45604	0.11550	0.14402	0.04090	0.06928	0.00365	0.07192	0.00394	0.00366
53	0.00778	0.00641	0.02343	0.01005	0.09872	0.00599	0.03990	0.03973	0.01054	0.02996	0.09381	0.48468	0.08098	0.02212	0.00615	0.00180	0.01850	0.01050	0.00413	0.00480
54	0.01403	0.03757	0.04873	0.04796	0.04760	0.23895	0.13834	0.06211	0.15700	0.07841	0.02739	0.01416	0.04079	0.00555	0.00499	0.00146	0.02045	0.00464	0.00338	0.00649
55	0.00690	0.00463	0.00540	0.00547	0.00560	0.00465	0.00325	0.00718	0.00740	0.01006	0.03389	0.09220	0.01865	0.67891	0.07004	0.00444	0.00487	0.00733	0.02597	0.00314
56	0.04947	0.00968	0.01091	0.00901	0.01213	0.03880	0.00722	0.11979	0.23153	0.36520	0.03013	0.04919	0.01303	0.00639	0.00476	0.00151	0.00417	0.00517	0.02447	0.00745
57	0.01227	0.01430	0.18772	0.01699	0.20182	0.01173	0.14153	0.09402	0.20350	0.04902	0.01221	0.01324	0.00913	0.00504	0.00488	0.00153	0.00581	0.00464	0.00329	0.00735
58	0.04604	0.01139	0.01888	0.02743	0.72005	0.01150	0.03045	0.04806	0.01128	0.01647	0.00902	0.01168	0.00749	0.00432	0.00468	0.00143	0.00563	0.00422	0.00250	0.00748
59	0.01581	0.01141	0.01191	0.00970	0.01278	0.07342	0.00779	0.35515	0.14681	0.14884	0.13919	0.01693	0.01552	0.00647	0.00490	0.00147	0.00461	0.00516	0.00487	0.00726
60	0.04659	0.02530	0.01239	0.03914	0.01369	0.05066	0.03946	0.11937	0.05485	0.49379	0.02937	0.02983	0.01142	0.00590	0.00476	0.00148	0.00464	0.00481	0.00505	0.00752
61	0.01304	0.04791	0.21703	0.02817	0.09080	0.07446	0.27285	0.10018	0.01246	0.08205	0.00998	0.01169	0.00732	0.00460	0.00491	0.00149	0.00686	0.00444	0.00285	0.00693
62	0.01503	0.00925	0.01071	0.00907	0.01204	0.00978	0.00721	0.05634	0.43278	0.28913	0.07950	0.01841	0.01574	0.00651	0.00490	0.00156	0.00383	0.00540	0.00525	0.00755
63	0.00664	0.00485	0.00675	0.00693	0.00744	0.00506	0.02212	0.00763	0.00802	0.01102	0.01773	0.28235	0.01971	0.25652	0.30984	0.00483	0.00714	0.00838	0.00326	0.00380
64	0.02684	0.04557	0.16817	0.04466	0.04321	0.01147	0.09025	0.23477	0.09183	0.05262	0.04228	0.06909	0.01165	0.00615	0.00486	0.00152	0.00536	0.01993	0.02292	0.00686
65	0.01472	0.00974	0.01140	0.00958	0.01239	0.02526	0.02331	0.10221	0.33501	0.24377	0.03278	0.05173	0.04093	0.00690	0.00562	0.00159	0.05541	0.00557	0.00486	0.00724
66	0.01106	0.00712	0.00832	0.00732	0.00948	0.00710	0.00577	0.03028	0.14234	0.20050	0.05218	0.05000	0.36665	0.00930	0.00609	0.00162	0.06684	0.00754	0.00470	0.00577
67	0.01702	0.00855	0.01047	0.00856	0.01152	0.02594	0.00685	0.13933	0.04818	0.45486	0.08669	0.12837	0.01686	0.00747	0.00504	0.00154	0.00401	0.00625	0.00536	0.00715
68	0.01409	0.15615	0.06085	0.06626	0.22053	0.24769	0.03025	0.05052	0.05264	0.04420	0.00911	0.01063	0.00729	0.00471	0.00435	0.00133	0.00644	0.00370	0.00268	0.00658
69	0.03193	0.04702	0.01338	0.01215	0.11949	0.04270	0.00866	0.36702	0.09341	0.05937	0.06776	0.01691	0.08633	0.00636	0.00479	0.00145	0.00474	0.00511	0.00427	0.00712
70	0.00669	0.00464	0.00559	0.00603	0.00656	0.00445	0.00414	0.00758	0.00901	0.01210	0.05517	0.26126	0.11438	0.31485	0.01265	0.00286	0.00358	0.10877	0.05604	0.00366
71	0.02960	0.07324	0.11336	0.01781	0.31206	0.10852	0.03085	0.08805	0.04417	0.03108	0.02963	0.06191	0.01027	0.00560	0.00468	0.00145	0.00575	0.02223	0.00296	0.00678
72	0.26858	0.09155	0.07382	0.01231	0.10241	0.10956	0.09230	0.04215	0.02347	0.10668	0.00972	0.03067	0.00761	0.00491	0.00412	0.00143	0.00545	0.00386	0.00308	0.00630

[dist]
# distance from previous block
# <min> <max>
0	6

[block]
# block no. 6 follows, 53 sequences, length 9
# corresponding to MSA columns:
# 360-368
name=unknown_G
#
# <colnr> <probs for GDERKNQSTAVLIFYWHMCP>
#	G	D	E	R	K	N	Q	S	T	A	V	L	I	F	Y	W	H	M	C	P
0	0.01089	0.11101	0.01752	0.08027	0.18017	0.01174	0.11454	0.01321	0.00972	0.01392	0.00808	0.01078	0.00687	0.00491	0.00659	0.00137	0.17195	0.00386	0.00237	0.22023
1	0.00847	0.00642	0.00863	0.00808	0.00912	0.00746	0.00624	0.10350	0.00936	0.01320	0.01251	0.01901	0.01183	0.13789	0.55414	0.00613	0.06533	0.00521	0.00285	0.00462
2	0.08280	0.33956	0.28263	0.01089	0.01571	0.09295	0.04646	0.03308	0.03059	0.01427	0.00794	0.00916	0.00634	0.00445	0.00387	0.00130	0.00609	0.00319	0.00230	0.00640
3	0.00835	0.00640	0.00639	0.00622	0.00658	0.07184	0.00389	0.00894	0.05408	0.00996	0.01367	0.02609	0.01492	0.59202	0.02067	0.13291	0.00484	0.00612	0.00285	0.00327
4	0.06928	0.00974	0.01091	0.17552	0.03843	0.06768	0.00841	0.15551	0.12972	0.01839	0.01327	0.01715	0.01085	0.00738	0.04014	0.00177	0.00517	0.06788	0.14684	0.00597
