[name]
unknown

[dist]
# distance from previous block
# <min> <max>
0	135

[block]
# block no. 0 follows, 60 sequences, length 9
# corresponding to MSA columns:
# 147-155
name=unknown_A
#
# <colnr> <probs for GDERKNQSTAVLIFYWHMCP>
#	G	D	E	R	K	N	Q	S	T	A	V	L	I	F	Y	W	H	M	C	P
0	0.00754	0.00650	0.00693	0.00704	0.00830	0.08367	0.00563	0.04092	0.01027	0.01291	0.09506	0.08027	0.21225	0.01403	0.14141	0.00252	0.00499	0.25194	0.00366	0.00413
1	0.01535	0.01183	0.01202	0.00968	0.01281	0.07445	0.00782	0.49609	0.21531	0.07997	0.01247	0.01202	0.00898	0.00536	0.00435	0.00134	0.00462	0.00412	0.00429	0.00711
2	0.00643	0.00521	0.00669	0.14255	0.01045	0.00517	0.00534	0.03648	0.01063	0.01382	0.25335	0.11978	0.33046	0.00943	0.00506	0.00148	0.00293	0.02668	0.00392	0.00412
3	0.01048	0.14517	0.56972	0.01129	0.01684	0.01176	0.01352	0.14434	0.01102	0.01554	0.00800	0.00908	0.00585	0.00426	0.00398	0.00130	0.00591	0.00321	0.00226	0.00648
4	0.01131	0.14815	0.01700	0.16793	0.46628	0.01100	0.01151	0.01368	0.00978	0.09023	0.00863	0.01070	0.00687	0.00409	0.00408	0.00127	0.00507	0.00368	0.00238	0.00637
5	0.00909	0.00841	0.01315	0.09987	0.45729	0.00858	0.01013	0.01216	0.08091	0.01359	0.01646	0.09608	0.14336	0.00623	0.00459	0.00140	0.00435	0.00567	0.00283	0.00585
6	0.01084	0.01121	0.01527	0.29567	0.42165	0.14535	0.01214	0.01330	0.00993	0.01262	0.00781	0.01059	0.00633	0.00415	0.00427	0.00132	0.00584	0.00370	0.00210	0.00591
7	0.00820	0.00713	0.00919	0.00812	0.00963	0.06895	0.08164	0.05622	0.04305	0.01373	0.19965	0.02059	0.03341	0.05424	0.33026	0.00371	0.00714	0.01840	0.02223	0.00450
8	0.01123	0.31551	0.13406	0.00858	0.01236	0.01198	0.02669	0.15886	0.01148	0.03084	0.08527	0.01122	0.00970	0.00527	0.02481	0.00124	0.00472	0.00349	0.00279	0.12989

[dist]
# distance from previous block
# <min> <max>
33	206

[block]
# block no. 1 follows, 60 sequences, length 26
# corresponding to MSA columns:
# 405-430
name=unknown_B
#
# <colnr> <probs for GDERKNQSTAVLIFYWHMCP>
#	G	D	E	R	K	N	Q	S	T	A	V	L	I	F	Y	W	H	M	C	P
0	0.01533	0.01565	0.01255	0.01066	0.01339	0.41756	0.04418	0.19111	0.15451	0.06702	0.01025	0.01053	0.00774	0.00493	0.00420	0.00126	0.00613	0.00363	0.00329	0.00608
1	0.03888	0.82291	0.02234	0.00741	0.01111	0.01702	0.00738	0.01305	0.00882	0.01055	0.00606	0.00700	0.00557	0.00374	0.00280	0.00095	0.00462	0.00233	0.00189	0.00557
2	0.03376	0.00738	0.00949	0.00759	0.01051	0.00687	0.00616	0.04531	0.10117	0.57354	0.13358	0.01729	0.01527	0.00594	0.00447	0.00137	0.00347	0.00490	0.00512	0.00683
3	0.01638	0.01212	0.01298	0.00999	0.01345	0.01343	0.00824	0.77804	0.04776	0.02717	0.01072	0.01067	0.00762	0.00526	0.00437	0.00131	0.00475	0.00396	0.00437	0.00740
4	0.00531	0.00380	0.00506	0.00607	0.00633	0.00354	0.00405	0.00607	0.00835	0.01113	0.02404	0.84388	0.02885	0.01366	0.00557	0.00177	0.00253	0.01240	0.00405	0.00354
5	0.00604	0.00442	0.00567	0.00542	0.00645	0.00405	0.00404	0.00795	0.01195	0.01668	0.71123	0.07033	0.11082	0.00932	0.00516	0.00140	0.00209	0.00821	0.00470	0.00405
6	0.00981	0.00773	0.00912	0.00655	0.01039	0.00586	0.00526	0.01173	0.00929	0.07280	0.00844	0.00946	0.00677	0.00339	0.00331	0.00070	0.00326	0.00271	0.00279	0.81062
7	0.00904	0.00775	0.00904	0.00646	0.01034	0.00581	0.00517	0.01098	0.00904	0.01421	0.00775	0.00904	0.00646	0.00323	0.00323	0.00065	0.00323	0.00258	0.00258	0.87339
8	0.00515	0.00442	0.00442	0.00442	0.00589	0.00368	0.00331	0.00626	0.00994	0.01178	0.04418	0.04197	0.81775	0.01105	0.00515	0.00147	0.00221	0.00920	0.00405	0.00368
9	0.00824	0.00775	0.01308	0.83624	0.03004	0.00969	0.01211	0.01114	0.00872	0.01114	0.00775	0.01163	0.00581	0.00436	0.00436	0.00145	0.00581	0.00388	0.00194	0.00484
10	0.01029	0.01176	0.02574	0.01838	0.02279	0.01103	0.80368	0.01397	0.01029	0.01397	0.00882	0.01176	0.00662	0.00368	0.00515	0.00147	0.00735	0.00515	0.00221	0.00588
11	0.01085	0.00937	0.00986	0.00888	0.01134	0.01085	0.00690	0.02318	0.81164	0.01824	0.01775	0.01627	0.01331	0.00592	0.00444	0.00148	0.00345	0.00493	0.00444	0.00690
12	0.01957	0.00742	0.01012	0.00776	0.01113	0.00641	0.00641	0.02126	0.01248	0.82254	0.01721	0.01484	0.01080	0.00540	0.00439	0.00135	0.00371	0.00439	0.00540	0.00742
13	0.01658	0.01222	0.01309	0.01003	0.01353	0.01353	0.00829	0.80497	0.02051	0.02749	0.01047	0.01047	0.00742	0.00524	0.00436	0.00131	0.00480	0.00393	0.00436	0.00742
14	0.00515	0.00442	0.00442	0.00442	0.00589	0.00368	0.00331	0.00626	0.00994	0.01178	0.04418	0.04197	0.81775	0.01105	0.00515	0.00147	0.00221	0.00920	0.00405	0.00368
15	0.00634	0.00423	0.00476	0.00476	0.00476	0.00423	0.00264	0.00634	0.00634	0.00846	0.01374	0.02854	0.01586	0.84672	0.02220	0.00423	0.00423	0.00634	0.00264	0.00264
16	0.01079	0.01036	0.01770	0.02677	0.81952	0.01036	0.01339	0.01339	0.00993	0.01425	0.00820	0.01079	0.00691	0.00389	0.00432	0.00130	0.00518	0.00389	0.00216	0.00691
17	0.01029	0.01176	0.02574	0.01838	0.02279	0.01103	0.80368	0.01397	0.01029	0.01397	0.00882	0.01176	0.00662	0.00368	0.00515	0.00147	0.00735	0.00515	0.00221	0.00588
18	0.00904	0.00775	0.00904	0.00646	0.01034	0.00581	0.00517	0.01098	0.00904	0.01421	0.00775	0.00904	0.00646	0.00323	0.00323	0.00065	0.00323	0.00258	0.00258	0.87339
19	0.00617	0.00446	0.00583	0.00549	0.00652	0.00412	0.00412	0.00823	0.01235	0.01749	0.81722	0.03258	0.04115	0.00892	0.00514	0.00137	0.00206	0.00789	0.00480	0.00412
20	0.01085	0.00937	0.00986	0.00888	0.01134	0.01085	0.00690	0.02318	0.81164	0.01824	0.01775	0.01627	0.01331	0.00592	0.00444	0.00148	0.00345	0.00493	0.00444	0.00690
21	0.00641	0.00455	0.00555	0.00528	0.00652	0.00406	0.00396	0.00811	0.01147	0.05064	0.51498	0.06314	0.28003	0.00959	0.00513	0.00142	0.00219	0.00830	0.00457	0.00411
22	0.00633	0.00499	0.00690	0.00673	0.00758	0.00560	0.00524	0.00779	0.00811	0.01126	0.10528	0.02332	0.14883	0.04219	0.50139	0.00489	0.07398	0.02276	0.00290	0.00393
23	0.01009	0.00964	0.01642	0.25112	0.60071	0.01018	0.01303	0.01276	0.00960	0.01339	0.00808	0.01103	0.00661	0.00402	0.00433	0.00134	0.00536	0.00388	0.00210	0.00634
24	0.01224	0.01167	0.01040	0.00931	0.01172	0.18512	0.00729	0.11478	0.46089	0.01716	0.01578	0.01702	0.03826	0.00615	0.00446	0.00142	0.00456	0.06162	0.00392	0.00626
25	0.00996	0.01100	0.02223	0.01639	0.01966	0.01132	0.59600	0.01292	0.00940	0.01308	0.00862	0.03861	0.00714	0.00491	0.00725	0.00158	0.19710	0.00508	0.00220	0.00555

[dist]
# distance from previous block
# <min> <max>
12	30

[block]
# block no. 2 follows, 60 sequences, length 8
# corresponding to MSA columns:
# 465-472
name=unknown_C
#
# <colnr> <probs for GDERKNQSTAVLIFYWHMCP>
#	G	D	E	R	K	N	Q	S	T	A	V	L	I	F	Y	W	H	M	C	P
0	0.01021	0.01146	0.02459	0.06418	0.06736	0.01092	0.71599	0.01378	0.01019	0.01383	0.00873	0.01170	0.00659	0.00373	0.00506	0.00146	0.00715	0.00501	0.00219	0.00588
1	0.29117	0.21044	0.32989	0.00874	0.01306	0.01138	0.00979	0.01303	0.00871	0.01504	0.04792	0.00919	0.00709	0.00426	0.00341	0.00127	0.00481	0.00297	0.00228	0.00557
2	0.00896	0.00843	0.01339	0.01952	0.55554	0.00820	0.01012	0.01107	0.00993	0.01345	0.01988	0.02091	0.26998	0.00621	0.00459	0.00135	0.00422	0.00561	0.00277	0.00586
3	0.29082	0.00797	0.00819	0.00622	0.00972	0.00710	0.00502	0.01158	0.00852	0.01595	0.00721	0.00841	0.00590	0.00350	0.00306	0.00087	0.00328	0.00251	0.00262	0.59155
4	0.01258	0.01374	0.01597	0.02173	0.55800	0.27604	0.01178	0.01469	0.01072	0.01309	0.00773	0.00984	0.00649	0.00408	0.00419	0.00124	0.00605	0.00354	0.00219	0.00631
5	0.01224	0.01469	0.02140	0.01606	0.01977	0.27649	0.54566	0.01509	0.01096	0.01290	0.00815	0.01050	0.00629	0.00394	0.00475	0.00136	0.00752	0.00439	0.00222	0.00561
6	0.00906	0.00660	0.00777	0.00747	0.00881	0.00686	0.00559	0.26544	0.01239	0.01655	0.01958	0.52960	0.02169	0.01084	0.00520	0.00163	0.00335	0.05260	0.00415	0.00483
7	0.00632	0.00429	0.00489	0.00496	0.00512	0.00425	0.00298	0.00652	0.00682	0.00898	0.01627	0.03079	0.06607	0.73784	0.02004	0.00391	0.00409	0.06025	0.00282	0.00280

[dist]
# distance from previous block
# <min> <max>
0	3

[block]
# block no. 3 follows, 60 sequences, length 13
# corresponding to MSA columns:
# 476-488
name=unknown_D
#
# <colnr> <probs for GDERKNQSTAVLIFYWHMCP>
#	G	D	E	R	K	N	Q	S	T	A	V	L	I	F	Y	W	H	M	C	P
0	0.11497	0.00784	0.01226	0.73427	0.02739	0.00970	0.01121	0.01135	0.00856	0.01218	0.00755	0.01107	0.00568	0.00432	0.00416	0.00144	0.00551	0.00369	0.00203	0.00483
1	0.00599	0.00460	0.00661	0.00861	0.10617	0.00438	0.00519	0.00697	0.00854	0.01152	0.02209	0.74159	0.02615	0.01246	0.00541	0.00171	0.00286	0.01135	0.00382	0.00396
2	0.00967	0.02234	0.72445	0.01228	0.01821	0.11070	0.01517	0.01425	0.00960	0.01343	0.00769	0.00904	0.00554	0.00419	0.00412	0.00135	0.00662	0.00317	0.00189	0.00628
3	0.53245	0.01148	0.00863	0.07638	0.01158	0.21494	0.00634	0.04219	0.00929	0.01682	0.00678	0.00806	0.00533	0.00426	0.00322	0.00129	0.00471	0.00271	0.02864	0.00489
4	0.00556	0.00398	0.00526	0.00619	0.00657	0.00375	0.00432	0.00645	0.00853	0.01128	0.02427	0.68396	0.05809	0.04785	0.00629	0.00189	0.00277	0.10544	0.00399	0.00357
5	0.05173	0.00878	0.01210	0.51788	0.03667	0.03955	0.01028	0.04404	0.15957	0.01346	0.00953	0.01202	0.00726	0.00498	0.00490	0.01570	0.03972	0.00396	0.00255	0.00532
6	0.01957	0.00742	0.01012	0.00776	0.01113	0.00641	0.00641	0.02126	0.01248	0.82254	0.01721	0.01484	0.01080	0.00540	0.00439	0.00135	0.00371	0.00439	0.00540	0.00742
7	0.00986	0.00657	0.00588	0.00542	0.00684	0.08315	0.00415	0.10135	0.01074	0.01701	0.01309	0.01481	0.01022	0.00504	0.00328	0.00106	0.00290	0.00393	0.69014	0.00454
8	0.01201	0.60594	0.01994	0.00860	0.01156	0.13295	0.00791	0.01330	0.00904	0.01036	0.00611	0.00750	0.00562	0.00442	0.00467	0.00111	0.12903	0.00262	0.00193	0.00540
9	0.01246	0.05359	0.01084	0.00852	0.03141	0.00906	0.02038	0.21143	0.13916	0.14780	0.06788	0.06669	0.04931	0.00607	0.00432	0.00128	0.00376	0.01526	0.01559	0.12518
10	0.01191	0.33260	0.05936	0.00909	0.02322	0.18860	0.00790	0.04336	0.07037	0.02640	0.00845	0.01040	0.00732	0.04788	0.06092	0.00171	0.06535	0.00329	0.01646	0.00540
11	0.75420	0.01020	0.00726	0.00652	0.00916	0.12713	0.00525	0.01348	0.00813	0.01829	0.00617	0.00720	0.00485	0.00411	0.00288	0.00132	0.00402	0.00243	0.00263	0.00477
12	0.00841	0.02874	0.22887	0.00853	0.01125	0.02660	0.00831	0.03520	0.13874	0.01465	0.18720	0.05018	0.01693	0.06102	0.10611	0.00226	0.03129	0.00527	0.02522	0.00522

[dist]
# distance from previous block
# <min> <max>
0	1

[block]
# block no. 4 follows, 60 sequences, length 33
# corresponding to MSA columns:
# 490-507,509-523
name=unknown_E
#
# <colnr> <probs for GDERKNQSTAVLIFYWHMCP>
#	G	D	E	R	K	N	Q	S	T	A	V	L	I	F	Y	W	H	M	C	P
0	0.00597	0.00432	0.00514	0.00556	0.02384	0.00413	0.00345	0.00653	0.00783	0.01023	0.05402	0.21603	0.17384	0.42780	0.02998	0.00301	0.00354	0.00824	0.00330	0.00323
1	0.24303	0.32943	0.10058	0.02224	0.04118	0.05153	0.00806	0.08856	0.03133	0.02653	0.00727	0.00823	0.00586	0.00419	0.00342	0.00119	0.01641	0.00281	0.00247	0.00568
2	0.15092	0.12298	0.01168	0.02894	0.01144	0.00968	0.03811	0.06639	0.14843	0.23774	0.03403	0.03517	0.02604	0.00524	0.00394	0.00129	0.00388	0.00416	0.00380	0.05613
3	0.00706	0.00549	0.00670	0.00712	0.00845	0.00552	0.00589	0.01041	0.13722	0.01345	0.02782	0.08076	0.23128	0.01089	0.00552	0.00177	0.00338	0.42280	0.00409	0.00436
4	0.01063	0.25697	0.35296	0.00983	0.01434	0.01221	0.01086	0.12739	0.06446	0.01536	0.07706	0.01121	0.00936	0.00470	0.00389	0.00125	0.00512	0.00358	0.00263	0.00617
5	0.00531	0.00380	0.00506	0.00607	0.00633	0.00354	0.00405	0.00607	0.00835	0.01113	0.02404	0.84388	0.02885	0.01366	0.00557	0.00177	0.00253	0.01240	0.00405	0.00354
6	0.00904	0.00775	0.00904	0.00646	0.01034	0.00581	0.00517	0.01098	0.00904	0.01421	0.00775	0.00904	0.00646	0.00323	0.00323	0.00065	0.00323	0.00258	0.00258	0.87339
7	0.01043	0.00999	0.01705	0.14117	0.70794	0.01027	0.01321	0.01307	0.00976	0.01381	0.00814	0.01091	0.00675	0.00395	0.00432	0.00132	0.00527	0.00388	0.00213	0.00662
8	0.18358	0.00981	0.01066	0.07037	0.01271	0.08742	0.05991	0.17475	0.10746	0.04043	0.03166	0.01309	0.03261	0.00947	0.13512	0.00225	0.00581	0.00410	0.00323	0.00555
9	0.00549	0.00415	0.00505	0.00567	0.00631	0.00383	0.00390	0.00669	0.03244	0.01158	0.04869	0.56735	0.22921	0.04064	0.00598	0.00176	0.00252	0.01105	0.00403	0.00366
10	0.01026	0.00982	0.01674	0.19622	0.65425	0.01022	0.01312	0.01292	0.00968	0.01360	0.00811	0.01097	0.00668	0.00399	0.00433	0.00133	0.00531	0.00388	0.00211	0.00648
11	0.01119	0.00843	0.00972	0.00727	0.01090	0.00733	0.00585	0.10899	0.09431	0.09660	0.01006	0.01055	0.00772	0.00397	0.00361	0.00088	0.00349	0.00317	0.00327	0.59269
12	0.00617	0.00438	0.00558	0.00552	0.00650	0.00399	0.00405	0.00782	0.01118	0.03467	0.52463	0.20449	0.14449	0.01013	0.00522	0.00147	0.00222	0.00894	0.00455	0.00401
13	0.87753	0.00843	0.00641	0.00574	0.00843	0.00978	0.00472	0.01282	0.00742	0.01957	0.00607	0.00709	0.00472	0.00405	0.00270	0.00135	0.00337	0.00236	0.00270	0.00472
14	0.00904	0.00775	0.00904	0.00646	0.01034	0.00581	0.00517	0.01098	0.00904	0.01421	0.00775	0.00904	0.00646	0.00323	0.00323	0.00065	0.00323	0.00258	0.00258	0.87339
15	0.09572	0.01096	0.00971	0.00895	0.01023	0.26595	0.00698	0.01176	0.00866	0.01125	0.00856	0.01214	0.00782	0.03554	0.32405	0.00363	0.15760	0.00375	0.00227	0.00447
16	0.00672	0.00557	0.00605	0.00572	0.00706	0.03850	0.00431	0.00940	0.08552	0.01557	0.47852	0.03287	0.26968	0.00910	0.00503	0.00140	0.00247	0.00780	0.00444	0.00428
17	0.06903	0.01273	0.01180	0.05647	0.06696	0.22369	0.00830	0.18262	0.21536	0.03305	0.01090	0.01193	0.00847	0.00526	0.00471	0.00136	0.04860	0.01931	0.00333	0.00612
18	0.02914	0.33210	0.47858	0.01038	0.01559	0.04032	0.01236	0.01363	0.00915	0.01250	0.00709	0.00829	0.00554	0.00400	0.00360	0.00120	0.00576	0.00286	0.00188	0.00604
19	0.03362	0.05002	0.41295	0.01234	0.01737	0.03763	0.17308	0.03532	0.03092	0.14085	0.00967	0.01064	0.00681	0.00431	0.00430	0.00137	0.00598	0.00379	0.00264	0.00640
20	0.01062	0.00917	0.00965	0.00870	0.01112	0.01056	0.00676	0.02250	0.77973	0.01799	0.01880	0.01730	0.04533	0.00612	0.00447	0.00148	0.00340	0.00510	0.00442	0.00678
21	0.00627	0.00487	0.00580	0.00595	0.00697	0.00473	0.00431	0.00904	0.11923	0.01401	0.24828	0.34083	0.19177	0.01075	0.00521	0.00156	0.00246	0.00947	0.00431	0.00419
22	0.00543	0.00405	0.00498	0.00567	0.00625	0.00370	0.00392	0.00629	0.00871	0.01122	0.02840	0.54525	0.22749	0.06838	0.00659	0.00187	0.00264	0.05166	0.00395	0.00354
23	0.01029	0.01176	0.02574	0.01838	0.02279	0.01103	0.80368	0.01397	0.01029	0.01397	0.00882	0.01176	0.00662	0.00368	0.00515	0.00147	0.00735	0.00515	0.00221	0.00588
24	0.01658	0.01222	0.01309	0.01003	0.01353	0.01353	0.00829	0.80497	0.02051	0.02749	0.01047	0.01047	0.00742	0.00524	0.00436	0.00131	0.00480	0.00393	0.00436	0.00742
25	0.00589	0.00426	0.00557	0.00570	0.00650	0.00394	0.00414	0.00750	0.01095	0.01520	0.52372	0.29130	0.05973	0.01056	0.00530	0.00152	0.00226	0.02752	0.00452	0.00392
26	0.01957	0.00742	0.01012	0.00776	0.01113	0.00641	0.00641	0.02126	0.01248	0.82254	0.01721	0.01484	0.01080	0.00540	0.00439	0.00135	0.00371	0.00439	0.00540	0.00742
27	0.01085	0.00937	0.00986	0.00888	0.01134	0.01085	0.00690	0.02318	0.81164	0.01824	0.01775	0.01627	0.01331	0.00592	0.00444	0.00148	0.00345	0.00493	0.00444	0.00690
28	0.01957	0.00742	0.01012	0.00776	0.01113	0.00641	0.00641	0.02126	0.01248	0.82254	0.01721	0.01484	0.01080	0.00540	0.00439	0.00135	0.00371	0.00439	0.00540	0.00742
29	0.00531	0.00380	0.00506	0.00607	0.00633	0.00354	0.00405	0.00607	0.00835	0.01113	0.02404	0.84388	0.02885	0.01366	0.00557	0.00177	0.00253	0.01240	0.00405	0.00354
30	0.00954	0.00954	0.01336	0.01145	0.01145	0.01336	0.00954	0.01050	0.00668	0.01050	0.00573	0.00954	0.00573	0.00763	0.01431	0.00191	0.83874	0.00382	0.00191	0.00477
31	0.00717	0.00539	0.00695	0.00640	0.00751	0.00549	0.00498	0.06149	0.01232	0.01735	0.65202	0.03046	0.03524	0.00878	0.00583	0.00145	0.06463	0.05766	0.00451	0.00438
32	0.03609	0.01132	0.01119	0.00924	0.01191	0.09948	0.00734	0.53565	0.01680	0.02211	0.01274	0.18134	0.01156	0.00686	0.00452	0.00138	0.00463	0.00551	0.00403	0.00630

[dist]
# distance from previous block
# <min> <max>
0	1

[block]
# block no. 5 follows, 60 sequences, length 19
# corresponding to MSA columns:
# 526-544
name=unknown_F
#
# <colnr> <probs for GDERKNQSTAVLIFYWHMCP>
#	G	D	E	R	K	N	Q	S	T	A	V	L	I	F	Y	W	H	M	C	P
0	0.08406	0.01270	0.01151	0.00962	0.01245	0.20113	0.02250	0.30685	0.16848	0.06955	0.02560	0.01257	0.00924	0.00535	0.00422	0.00133	0.00505	0.02765	0.00377	0.00636
1	0.03480	0.01041	0.01941	0.01441	0.01787	0.02957	0.49795	0.01467	0.07499	0.09297	0.07577	0.03007	0.01067	0.00489	0.00542	0.00147	0.05071	0.00522	0.00294	0.00581
2	0.09410	0.00780	0.00886	0.00648	0.01020	0.00624	0.00521	0.01185	0.00912	0.06874	0.00822	0.00924	0.00658	0.00345	0.00326	0.00076	0.00328	0.00268	0.00278	0.73115
3	0.00583	0.00444	0.00536	0.00513	0.00631	0.00397	0.00385	0.00757	0.01154	0.01558	0.55891	0.03572	0.30065	0.00963	0.00515	0.00141	0.00211	0.00833	0.00455	0.00397
4	0.01074	0.00925	0.01017	0.00913	0.01131	0.01086	0.00723	0.05459	0.65189	0.01758	0.01659	0.01733	0.01303	0.00642	0.00549	0.00155	0.08468	0.05148	0.00416	0.00655
5	0.87753	0.00843	0.00641	0.00574	0.00843	0.00978	0.00472	0.01282	0.00742	0.01957	0.00607	0.00709	0.00472	0.00405	0.00270	0.00135	0.00337	0.00236	0.00270	0.00472
6	0.01029	0.01176	0.02574	0.01838	0.02279	0.01103	0.80368	0.01397	0.01029	0.01397	0.00882	0.01176	0.00662	0.00368	0.00515	0.00147	0.00735	0.00515	0.00221	0.00588
7	0.01166	0.00949	0.00980	0.00871	0.01115	0.04774	0.00685	0.09696	0.55681	0.06600	0.01760	0.03559	0.03623	0.00635	0.00450	0.00146	0.00375	0.04276	0.02005	0.00654
8	0.46358	0.00962	0.00876	0.00727	0.01020	0.05760	0.00594	0.17643	0.01141	0.17073	0.01028	0.01036	0.03163	0.00479	0.00350	0.00133	0.00395	0.00330	0.00356	0.00577
9	0.01368	0.01012	0.01107	0.00902	0.01198	0.01096	0.00732	0.43542	0.20586	0.06406	0.01453	0.03818	0.03564	0.00609	0.00447	0.00137	0.00414	0.05043	0.00428	0.06137
10	0.01045	0.01001	0.01708	0.13548	0.71349	0.01027	0.01321	0.01308	0.00977	0.01383	0.00814	0.01091	0.00676	0.00395	0.00432	0.00132	0.00527	0.00388	0.00213	0.00663
11	0.01374	0.01003	0.01256	0.01000	0.01316	0.03736	0.10974	0.15543	0.32469	0.19361	0.01428	0.01368	0.01023	0.00519	0.00442	0.00136	0.00438	0.00446	0.00416	0.05753
12	0.06476	0.04145	0.16473	0.00921	0.01293	0.00949	0.03040	0.17385	0.08797	0.28232	0.05808	0.02386	0.01065	0.00530	0.00426	0.00135	0.00443	0.00426	0.00401	0.00669
13	0.00674	0.00493	0.00600	0.00652	0.00725	0.00466	0.00461	0.05348	0.00966	0.01270	0.02584	0.54333	0.14327	0.06949	0.00682	0.00198	0.00306	0.08146	0.00414	0.00406
14	0.01146	0.15025	0.25977	0.01131	0.03798	0.08862	0.06440	0.11049	0.08924	0.01536	0.01191	0.04066	0.03661	0.00569	0.00444	0.00144	0.00559	0.04561	0.00292	0.00626
15	0.01144	0.03655	0.11323	0.04621	0.57044	0.03574	0.01296	0.04826	0.05263	0.01515	0.00917	0.01143	0.00749	0.00447	0.00448	0.00140	0.00548	0.00396	0.00251	0.00698
16	0.01664	0.04611	0.01305	0.01141	0.01378	0.77014	0.00860	0.04443	0.01285	0.01176	0.00739	0.00868	0.00619	0.00485	0.00414	0.00122	0.00781	0.00301	0.00249	0.00543
17	0.01276	0.00803	0.00974	0.00722	0.01097	0.00631	0.00578	0.01447	0.01043	0.25893	0.01115	0.01154	0.00828	0.00425	0.00382	0.00096	0.00356	0.00331	0.00362	0.60488
18	0.60740	0.00847	0.00758	0.00683	0.00946	0.00933	0.00555	0.01447	0.08818	0.08323	0.01037	0.01352	0.00861	0.00545	0.00359	0.00150	0.00365	0.07949	0.00339	0.02994

[dist]
# distance from previous block
# <min> <max>
0	4

[block]
# block no. 6 follows, 60 sequences, length 11
# corresponding to MSA columns:
# 549-559
name=unknown_G
#
# <colnr> <probs for GDERKNQSTAVLIFYWHMCP>
#	G	D	E	R	K	N	Q	S	T	A	V	L	I	F	Y	W	H	M	C	P
0	0.00840	0.00516	0.00665	0.00593	0.00740	0.00477	0.00456	0.03971	0.01257	0.13092	0.64321	0.02964	0.06710	0.00837	0.00501	0.00137	0.00240	0.00730	0.00484	0.00469
1	0.00632	0.00430	0.00511	0.00511	0.00523	0.00442	0.00308	0.00657	0.00645	0.00872	0.01342	0.02675	0.01508	0.71920	0.14866	0.00466	0.00540	0.00608	0.00259	0.00284
2	0.00583	0.00438	0.00546	0.00611	0.00679	0.00419	0.00433	0.00758	0.06360	0.01220	0.07270	0.57334	0.14326	0.01238	0.00543	0.00170	0.00261	0.06016	0.00412	0.00385
3	0.01529	0.11425	0.01334	0.01060	0.01304	0.66528	0.00818	0.01742	0.08167	0.01129	0.00762	0.00850	0.00629	0.00453	0.00385	0.00113	0.00712	0.00294	0.00239	0.00528
4	0.00897	0.00775	0.00940	0.07883	0.01205	0.00615	0.00577	0.01100	0.00902	0.01394	0.00775	0.00927	0.00640	0.00333	0.00333	0.00072	0.00346	0.00270	0.00253	0.79764
5	0.01043	0.41587	0.29363	0.01162	0.10597	0.01379	0.01122	0.01318	0.00895	0.01194	0.00688	0.00835	0.00573	0.00415	0.00421	0.00119	0.06210	0.00291	0.00189	0.00598
6	0.01029	0.01176	0.02574	0.01838	0.02279	0.01103	0.80368	0.01397	0.01029	0.01397	0.00882	0.01176	0.00662	0.00368	0.00515	0.00147	0.00735	0.00515	0.00221	0.00588
7	0.00904	0.00775	0.00904	0.00646	0.01034	0.00581	0.00517	0.01098	0.00904	0.01421	0.00775	0.00904	0.00646	0.00323	0.00323	0.00065	0.00323	0.00258	0.00258	0.87339
8	0.00531	0.00380	0.00506	0.00607	0.00633	0.00354	0.00405	0.00607	0.00835	0.01113	0.02404	0.84388	0.02885	0.01366	0.00557	0.00177	0.00253	0.01240	0.00405	0.00354
9	0.00656	0.00463	0.00593	0.00605	0.00716	0.00428	0.00476	0.00829	0.01094	0.04197	0.36995	0.11542	0.18326	0.01043	0.00538	0.00159	0.00267	0.20226	0.00441	0.00407
10	0.01164	0.01011	0.01908	0.01423	0.01750	0.01019	0.45168	0.01506	0.06454	0.15755	0.01067	0.01263	0.00795	0.00638	0.05449	0.00183	0.12085	0.00479	0.00289	0.00596

[dist]
# distance from previous block
# <min> <max>
0	11

[block]
# block no. 7 follows, 60 sequences, length 29
# corresponding to MSA columns:
# 571-599
name=unknown_H
#
# <colnr> <probs for GDERKNQSTAVLIFYWHMCP>
#	G	D	E	R	K	N	Q	S	T	A	V	L	I	F	Y	W	H	M	C	P
0	0.04657	0.00794	0.01010	0.00784	0.01111	0.02512	0.00644	0.06500	0.01277	0.71158	0.03809	0.01468	0.01112	0.00542	0.00434	0.00134	0.00381	0.00436	0.00517	0.00719
1	0.00660	0.00450	0.00577	0.00551	0.00655	0.00416	0.00412	0.00848	0.01167	0.03854	0.64714	0.06651	0.06249	0.03780	0.00565	0.00149	0.00225	0.02854	0.04810	0.00411
2	0.01345	0.01098	0.01093	0.00921	0.01187	0.11706	0.02375	0.27254	0.26521	0.08648	0.01526	0.07414	0.04523	0.00619	0.00445	0.00138	0.00443	0.00500	0.01605	0.00643
3	0.00533	0.00442	0.00466	0.00460	0.00600	0.00375	0.00345	0.00659	0.01035	0.01274	0.17453	0.04039	0.68679	0.01069	0.00515	0.00146	0.00218	0.00898	0.00418	0.00375
4	0.05162	0.00964	0.01093	0.00885	0.01187	0.01033	0.02078	0.28554	0.26811	0.21428	0.03453	0.01443	0.02773	0.00562	0.00437	0.00138	0.00397	0.00452	0.00453	0.00696
5	0.01073	0.47882	0.23416	0.01227	0.15923	0.01412	0.01082	0.01332	0.00915	0.01192	0.00692	0.00827	0.00581	0.00387	0.00343	0.00112	0.00523	0.00285	0.00191	0.00606
6	0.01017	0.42557	0.43356	0.01001	0.01513	0.01360	0.01190	0.01345	0.00904	0.01208	0.00697	0.00813	0.00556	0.00394	0.00349	0.00116	0.00558	0.00279	0.00185	0.00603
7	0.01166	0.84935	0.02285	0.00746	0.01119	0.01726	0.00746	0.01306	0.00886	0.01026	0.00606	0.00700	0.00560	0.00373	0.00280	0.00093	0.00466	0.00233	0.00187	0.00560
8	0.00532	0.00439	0.00468	0.00468	0.00601	0.00374	0.00348	0.00656	0.01022	0.01264	0.16409	0.08820	0.64917	0.01087	0.00518	0.00147	0.00220	0.00919	0.00417	0.00374
9	0.00965	0.00920	0.01564	0.38759	0.46761	0.01006	0.01282	0.01239	0.00939	0.01286	0.00800	0.01117	0.00642	0.00410	0.00434	0.00137	0.00546	0.00388	0.00206	0.00599
10	0.00877	0.00832	0.01398	0.65174	0.18167	0.00995	0.01227	0.01155	0.00888	0.01172	0.00777	0.01140	0.00602	0.00438	0.00469	0.00144	0.03434	0.00388	0.00198	0.00524
11	0.01029	0.01176	0.02574	0.01838	0.02279	0.01103	0.80368	0.01397	0.01029	0.01397	0.00882	0.01176	0.00662	0.00368	0.00515	0.00147	0.00735	0.00515	0.00221	0.00588
12	0.00875	0.02256	0.82413	0.01243	0.01888	0.01013	0.01611	0.01381	0.00921	0.01381	0.00783	0.00921	0.00552	0.00414	0.00414	0.00138	0.00645	0.00322	0.00184	0.00645
13	0.01024	0.44526	0.41447	0.00989	0.01495	0.01377	0.01169	0.01343	0.00903	0.01200	0.00693	0.00808	0.00556	0.00393	0.00346	0.00115	0.00553	0.00277	0.00185	0.00601
14	0.00837	0.00770	0.01285	0.74680	0.07221	0.00942	0.01169	0.01121	0.00881	0.01159	0.00813	0.01183	0.00616	0.00437	0.00429	0.00142	0.00558	0.00389	0.04876	0.00492
15	0.00617	0.00446	0.00583	0.00549	0.00652	0.00412	0.00412	0.00823	0.01235	0.01749	0.81722	0.03258	0.04115	0.00892	0.00514	0.00137	0.00206	0.00789	0.00480	0.00412
16	0.03878	0.01046	0.02850	0.04201	0.08851	0.12632	0.08034	0.07822	0.04896	0.26540	0.01430	0.05008	0.05774	0.02595	0.00508	0.00144	0.02341	0.00474	0.00366	0.00611
17	0.03975	0.00673	0.00852	0.15666	0.01238	0.01935	0.00646	0.12779	0.01126	0.09534	0.13257	0.21675	0.07798	0.02111	0.04587	0.00179	0.00407	0.00696	0.00378	0.00490
18	0.01906	0.00732	0.00992	0.00764	0.01095	0.00631	0.00630	0.02073	0.01239	0.79421	0.01815	0.01579	0.03899	0.00560	0.00441	0.00135	0.00366	0.00455	0.00535	0.00729
19	0.00824	0.00775	0.01308	0.83624	0.03004	0.00969	0.01211	0.01114	0.00872	0.01114	0.00775	0.01163	0.00581	0.00436	0.00436	0.00145	0.00581	0.00388	0.00194	0.00484
20	0.00958	0.00898	0.01567	0.17688	0.42390	0.00917	0.11086	0.01208	0.00962	0.03114	0.01161	0.11056	0.03978	0.00541	0.00461	0.00141	0.00512	0.00526	0.00249	0.00588
21	0.00992	0.00947	0.01613	0.30312	0.54999	0.01013	0.01295	0.01262	0.00952	0.01319	0.00805	0.01108	0.00653	0.00405	0.00433	0.00135	0.00540	0.00388	0.00208	0.00620
22	0.00531	0.00380	0.00506	0.00607	0.00633	0.00354	0.00405	0.00607	0.00835	0.01113	0.02404	0.84388	0.02885	0.01366	0.00557	0.00177	0.00253	0.01240	0.00405	0.00354
23	0.01007	0.01176	0.05374	0.08208	0.03894	0.01094	0.67609	0.01364	0.01003	0.01366	0.00861	0.01158	0.00650	0.00385	0.00527	0.00147	0.02887	0.00492	0.00216	0.00581
24	0.00999	0.27275	0.53468	0.01095	0.01642	0.01221	0.03509	0.01381	0.00923	0.03665	0.00760	0.00877	0.00573	0.00404	0.00377	0.00125	0.00585	0.00304	0.00196	0.00620
25	0.01886	0.00726	0.00989	0.00764	0.01089	0.00629	0.00629	0.02056	0.01248	0.77978	0.05969	0.01579	0.01241	0.00558	0.00443	0.00135	0.00362	0.00457	0.00537	0.00725
26	0.00539	0.00389	0.00511	0.00603	0.00640	0.00362	0.00412	0.00625	0.00861	0.01141	0.04625	0.74575	0.07585	0.01332	0.00555	0.00175	0.00255	0.04048	0.00407	0.00358
27	0.01112	0.00886	0.02942	0.31483	0.29468	0.00923	0.01096	0.05603	0.01044	0.13296	0.03387	0.02946	0.00865	0.00474	0.00436	0.00137	0.00498	0.00424	0.02378	0.00603
28	0.08806	0.04603	0.03949	0.02824	0.01102	0.08964	0.00672	0.04492	0.11675	0.26196	0.15579	0.01706	0.01521	0.00677	0.02984	0.00153	0.00426	0.02672	0.00408	0.00591

[dist]
# distance from previous block
# <min> <max>
0	189

# created by:
# /st0/software/busco_prod/Augustus/scripts/msa2prfl.pl ./align_prep/104265.fa
