[name]
unknown

[dist]
# distance from previous block
# <min> <max>
9	534

[block]
# block no. 0 follows, 62 sequences, length 55
# corresponding to MSA columns:
# 600-654
name=unknown_A
#
# <colnr> <probs for GDERKNQSTAVLIFYWHMCP>
#	G	D	E	R	K	N	Q	S	T	A	V	L	I	F	Y	W	H	M	C	P
0	0.09256	0.11641	0.26065	0.01022	0.04930	0.02865	0.03029	0.20019	0.02060	0.04713	0.02139	0.01154	0.05862	0.00481	0.00405	0.00127	0.01740	0.00368	0.00283	0.01840
1	0.01098	0.22915	0.29774	0.00968	0.03082	0.02206	0.02210	0.09527	0.02350	0.08667	0.00937	0.04920	0.00768	0.03197	0.00435	0.00129	0.00496	0.00364	0.00259	0.05696
2	0.06332	0.15088	0.29231	0.00970	0.03466	0.07099	0.00983	0.09546	0.05079	0.04246	0.02943	0.01025	0.01870	0.00438	0.00372	0.00118	0.00496	0.00329	0.01918	0.08451
3	0.02402	0.07439	0.27352	0.04523	0.02394	0.06127	0.03181	0.02865	0.02503	0.08899	0.08754	0.07581	0.03106	0.01995	0.05556	0.00173	0.03863	0.00467	0.00281	0.00539
4	0.25107	0.10073	0.20314	0.02438	0.07714	0.00944	0.01706	0.05096	0.00953	0.04165	0.10271	0.03479	0.05083	0.00516	0.00376	0.00130	0.00421	0.00402	0.00279	0.00534
5	0.01976	0.02582	0.02823	0.04034	0.08669	0.01820	0.09290	0.05086	0.08634	0.02993	0.10118	0.04670	0.10945	0.04448	0.04014	0.10081	0.03457	0.00537	0.01604	0.02218
6	0.01003	0.02688	0.14218	0.05813	0.08994	0.02800	0.04488	0.11166	0.01057	0.04146	0.05754	0.06832	0.00985	0.00505	0.00459	0.00119	0.05053	0.00418	0.00279	0.23224
7	0.00923	0.00581	0.00705	0.00590	0.00813	0.00492	0.00458	0.01109	0.02798	0.16993	0.20226	0.07681	0.15577	0.01889	0.00454	0.00121	0.00274	0.00593	0.03776	0.23945
8	0.02650	0.06970	0.03376	0.01000	0.06044	0.07454	0.06201	0.21935	0.08657	0.04400	0.00933	0.01004	0.00716	0.00420	0.00381	0.00107	0.00450	0.00339	0.00309	0.26653
9	0.00619	0.00413	0.00464	0.00464	0.00464	0.00413	0.00258	0.00619	0.00619	0.00825	0.01341	0.02785	0.01547	0.85046	0.02166	0.00413	0.00413	0.00619	0.00258	0.00258
10	0.01026	0.00893	0.02188	0.00839	0.05431	0.05290	0.03629	0.04796	0.03171	0.05773	0.00854	0.00962	0.00679	0.00358	0.00347	0.00082	0.00378	0.00294	0.01605	0.61404
11	0.00592	0.00435	0.00554	0.00524	0.00629	0.00397	0.00393	0.00783	0.01180	0.01648	0.74064	0.03274	0.12154	0.00892	0.00502	0.00135	0.00202	0.00783	0.00461	0.00397
12	0.07556	0.00771	0.00975	0.00758	0.01072	0.00718	0.00624	0.11406	0.01278	0.63250	0.05952	0.01442	0.01137	0.00535	0.00421	0.00131	0.00364	0.00428	0.00494	0.00689
13	0.00686	0.00490	0.00686	0.00784	0.00882	0.00490	0.00686	0.00882	0.00980	0.01273	0.02253	0.04800	0.02449	0.01175	0.00588	0.00196	0.00392	0.79528	0.00392	0.00392
14	0.00739	0.00370	0.00554	0.00554	0.00554	0.00370	0.00370	0.00554	0.00554	0.00739	0.00739	0.01293	0.00739	0.01478	0.01663	0.87620	0.00370	0.00370	0.00185	0.00185
15	0.01138	0.85302	0.02230	0.00728	0.01092	0.01684	0.00728	0.01274	0.00865	0.01001	0.00592	0.00683	0.00546	0.00364	0.00273	0.00091	0.00455	0.00228	0.00182	0.00546
16	0.00565	0.00403	0.00540	0.00622	0.00664	0.00390	0.00447	0.00664	0.00831	0.01107	0.03749	0.56476	0.02567	0.08300	0.05237	0.00224	0.00337	0.16151	0.00375	0.00350
17	0.11938	0.03606	0.29031	0.01264	0.12277	0.32329	0.01096	0.01462	0.01002	0.01299	0.00703	0.00839	0.00551	0.00412	0.00378	0.00123	0.00624	0.00295	0.00209	0.00561
18	0.00959	0.01013	0.01763	0.01375	0.01538	0.01217	0.31351	0.01153	0.00786	0.01153	0.00674	0.01013	0.00592	0.00598	0.01056	0.00170	0.52464	0.00422	0.00197	0.00507
19	0.00793	0.00397	0.00397	0.00397	0.00496	0.00397	0.00297	0.00991	0.00892	0.01586	0.01388	0.01586	0.01091	0.00496	0.00297	0.00099	0.00198	0.00397	0.87408	0.00397
20	0.01138	0.85302	0.02230	0.00728	0.01092	0.01684	0.00728	0.01274	0.00865	0.01001	0.00592	0.00683	0.00546	0.00364	0.00273	0.00091	0.00455	0.00228	0.00182	0.00546
21	0.00921	0.00780	0.00912	0.02320	0.01064	0.00616	0.00535	0.05464	0.00943	0.01452	0.00771	0.00895	0.00634	0.00328	0.00323	0.00068	0.00329	0.00262	0.00260	0.81123
22	0.01024	0.00981	0.01674	0.12231	0.73003	0.01003	0.01291	0.01280	0.00955	0.01354	0.00795	0.01063	0.00661	0.00385	0.00422	0.00128	0.00513	0.00379	0.00208	0.00650
23	0.01038	0.00995	0.01699	0.07653	0.77472	0.01007	0.01298	0.01292	0.00962	0.01371	0.00798	0.01058	0.00667	0.00382	0.00422	0.00127	0.00509	0.00379	0.00209	0.00662
24	0.00793	0.00397	0.00397	0.00397	0.00496	0.00397	0.00297	0.00991	0.00892	0.01586	0.01388	0.01586	0.01091	0.00496	0.00297	0.00099	0.00198	0.00397	0.87408	0.00397
25	0.01536	0.01151	0.01231	0.00962	0.01288	0.01281	0.00789	0.69451	0.13655	0.02550	0.01126	0.01104	0.00808	0.00521	0.00427	0.00130	0.00449	0.00397	0.00427	0.00716
26	0.88052	0.00823	0.00625	0.00560	0.00823	0.00955	0.00461	0.01251	0.00724	0.01909	0.00592	0.00691	0.00461	0.00395	0.00263	0.00132	0.00329	0.00230	0.00263	0.00461
27	0.00829	0.00782	0.01321	0.75853	0.10905	0.00952	0.01194	0.01109	0.00863	0.01118	0.00761	0.01126	0.00578	0.00421	0.00425	0.00140	0.00561	0.00378	0.00191	0.00493
28	0.01053	0.01011	0.01727	0.02612	0.82392	0.01011	0.01306	0.01306	0.00969	0.01390	0.00800	0.01053	0.00674	0.00379	0.00421	0.00126	0.00505	0.00379	0.00211	0.00674
29	0.00518	0.00370	0.00494	0.00592	0.00617	0.00346	0.00395	0.00592	0.00815	0.01086	0.02345	0.84768	0.02814	0.01333	0.00543	0.00173	0.00247	0.01210	0.00395	0.00346
30	0.04710	0.00785	0.02992	0.00771	0.01036	0.00737	0.00639	0.18984	0.01300	0.37827	0.09175	0.11490	0.01517	0.00682	0.00451	0.00140	0.00364	0.05328	0.00457	0.00617
31	0.00823	0.00776	0.01311	0.77792	0.09013	0.00950	0.01191	0.01104	0.00860	0.01110	0.00760	0.01128	0.00575	0.00422	0.00425	0.00141	0.00562	0.00378	0.00191	0.00488
32	0.00822	0.00775	0.01088	0.01026	0.04548	0.01018	0.00787	0.00913	0.00704	0.01047	0.01040	0.21533	0.01158	0.04517	0.01178	0.00190	0.56390	0.00588	0.00241	0.00436
33	0.59514	0.01137	0.04146	0.02730	0.02687	0.17945	0.00631	0.02398	0.00854	0.01665	0.00626	0.00744	0.00495	0.00415	0.00332	0.00129	0.02566	0.00255	0.00248	0.00483
34	0.00532	0.00380	0.00509	0.00608	0.00638	0.00357	0.00418	0.00616	0.00828	0.01101	0.02338	0.78357	0.02785	0.01320	0.00547	0.00175	0.00258	0.07488	0.00395	0.00349
35	0.00536	0.00435	0.00478	0.00475	0.00605	0.00376	0.00361	0.00671	0.01027	0.01291	0.23026	0.03910	0.59148	0.01033	0.00507	0.00144	0.00221	0.04971	0.00413	0.00371
36	0.02261	0.04515	0.08233	0.12468	0.51255	0.02044	0.06232	0.03357	0.02120	0.02315	0.00812	0.01045	0.00653	0.00394	0.00417	0.00129	0.00530	0.00374	0.00218	0.00630
37	0.01109	0.01138	0.00968	0.00919	0.04356	0.24929	0.00677	0.03394	0.32084	0.01453	0.07077	0.01754	0.11428	0.00615	0.00446	0.00131	0.01963	0.01449	0.02113	0.01995
38	0.00518	0.00370	0.00494	0.00592	0.00617	0.00346	0.00395	0.00592	0.00815	0.01086	0.02345	0.84768	0.02814	0.01333	0.00543	0.00173	0.00247	0.01210	0.00395	0.00346
39	0.04438	0.00852	0.01405	0.49024	0.31741	0.00961	0.01182	0.01173	0.00889	0.01238	0.00766	0.01081	0.00603	0.00405	0.00415	0.00134	0.00529	0.00370	0.00201	0.02595
40	0.00588	0.00432	0.00542	0.00603	0.00666	0.00411	0.00426	0.05035	0.00917	0.01206	0.04134	0.63539	0.12791	0.01237	0.00533	0.00167	0.00263	0.05741	0.00398	0.00372
41	0.62861	0.01062	0.00856	0.00813	0.05622	0.15059	0.02364	0.04569	0.00878	0.01750	0.00639	0.00748	0.00503	0.00405	0.00305	0.00128	0.00428	0.00259	0.00258	0.00492
42	0.01166	0.01019	0.03410	0.01376	0.01739	0.00965	0.46654	0.02886	0.11798	0.16618	0.05029	0.01348	0.00968	0.00456	0.00497	0.00141	0.02516	0.00490	0.00317	0.00608
43	0.00915	0.00891	0.01380	0.51897	0.23643	0.05477	0.02338	0.01196	0.02401	0.01189	0.00843	0.01250	0.00685	0.00446	0.00430	0.00138	0.00553	0.03589	0.00210	0.00529
44	0.00623	0.00412	0.00462	0.00462	0.00465	0.00412	0.00259	0.00629	0.00626	0.00845	0.01342	0.02753	0.01535	0.82831	0.02117	0.00404	0.00407	0.00613	0.02541	0.00261
45	0.06149	0.01108	0.01148	0.03770	0.05716	0.15235	0.04336	0.18441	0.02285	0.04761	0.00843	0.00943	0.00653	0.00404	0.00372	0.00102	0.00467	0.00315	0.00291	0.32661
46	0.88052	0.00823	0.00625	0.00560	0.00823	0.00955	0.00461	0.01251	0.00724	0.01909	0.00592	0.00691	0.00461	0.00395	0.00263	0.00132	0.00329	0.00230	0.00263	0.00461
47	0.00522	0.00389	0.00486	0.00551	0.00609	0.00353	0.00379	0.00614	0.00882	0.01152	0.09472	0.59721	0.20845	0.01237	0.00531	0.00163	0.00236	0.01102	0.00401	0.00353
48	0.00683	0.00472	0.00591	0.00551	0.00667	0.00453	0.00417	0.00954	0.06907	0.03604	0.67179	0.02879	0.03485	0.00807	0.00477	0.00131	0.00214	0.00707	0.08393	0.00428
49	0.00520	0.00372	0.00495	0.00591	0.00618	0.00347	0.00395	0.00597	0.00823	0.01099	0.03993	0.83085	0.02839	0.01324	0.00542	0.00172	0.00246	0.01201	0.00396	0.00347
50	0.01205	0.00983	0.01046	0.00885	0.01160	0.01104	0.00702	0.24147	0.54979	0.02010	0.01480	0.01391	0.01102	0.00544	0.00424	0.00135	0.00372	0.00441	0.00421	0.05468
51	0.00882	0.00756	0.00882	0.00630	0.01008	0.00567	0.00504	0.01071	0.00882	0.01387	0.00756	0.00882	0.00630	0.00315	0.00315	0.00063	0.00315	0.00252	0.00252	0.87647
52	0.00747	0.00530	0.00654	0.00608	0.00746	0.00515	0.00475	0.06366	0.05810	0.04829	0.52600	0.03137	0.11360	0.00869	0.00499	0.00141	0.00254	0.08962	0.00450	0.00446
53	0.70970	0.00805	0.00691	0.00592	0.00871	0.00886	0.00487	0.01358	0.00803	0.13405	0.00756	0.00810	0.00555	0.00409	0.00290	0.00128	0.00333	0.00260	0.00300	0.05291
54	0.00977	0.03435	0.19931	0.01177	0.07033	0.07607	0.14121	0.02722	0.21250	0.01485	0.11309	0.01522	0.04478	0.00527	0.00440	0.00135	0.00496	0.00467	0.00303	0.00583

[dist]
# distance from previous block
# <min> <max>
0	1

[block]
# block no. 1 follows, 62 sequences, length 31
# corresponding to MSA columns:
# 656-686
name=unknown_B
#
# <colnr> <probs for GDERKNQSTAVLIFYWHMCP>
#	G	D	E	R	K	N	Q	S	T	A	V	L	I	F	Y	W	H	M	C	P
0	0.01018	0.01134	0.08479	0.02015	0.48494	0.06621	0.10712	0.02455	0.00975	0.01337	0.00967	0.07316	0.02099	0.00516	0.01624	0.00141	0.02809	0.00452	0.00229	0.00607
1	0.00835	0.00469	0.00486	0.00463	0.00582	0.00481	0.00352	0.05047	0.05565	0.01661	0.07528	0.01679	0.01306	0.00530	0.00327	0.00106	0.00220	0.00429	0.71505	0.00429
2	0.00594	0.00427	0.00535	0.00518	0.00618	0.00391	0.00385	0.00772	0.01125	0.01577	0.61021	0.09776	0.13868	0.00913	0.00494	0.00136	0.00206	0.00800	0.05453	0.00391
3	0.01582	0.01195	0.01233	0.00963	0.01288	0.05763	0.00788	0.68537	0.06264	0.05141	0.01067	0.01061	0.00762	0.00511	0.00422	0.00127	0.00470	0.00384	0.01737	0.00703
4	0.00949	0.00757	0.00927	0.02468	0.04455	0.00595	0.00565	0.01141	0.00910	0.06637	0.00860	0.01041	0.00709	0.00358	0.00337	0.00075	0.00334	0.02481	0.00271	0.74131
5	0.01227	0.02780	0.09621	0.01049	0.04681	0.08330	0.10785	0.07229	0.12620	0.19993	0.03670	0.10537	0.01221	0.00605	0.00449	0.00139	0.00467	0.03638	0.00362	0.00598
6	0.01138	0.85302	0.02230	0.00728	0.01092	0.01684	0.00728	0.01274	0.00865	0.01001	0.00592	0.00683	0.00546	0.00364	0.00273	0.00091	0.00455	0.00228	0.00182	0.00546
7	0.00916	0.00884	0.01432	0.49954	0.28877	0.03417	0.02551	0.01179	0.00898	0.01195	0.00773	0.01098	0.00610	0.00419	0.00449	0.00136	0.02877	0.00378	0.01417	0.00540
8	0.02191	0.36895	0.24157	0.00964	0.01372	0.06669	0.03357	0.11360	0.02291	0.01351	0.00724	0.00831	0.00582	0.00417	0.00393	0.00115	0.04063	0.00293	0.00221	0.01755
9	0.00525	0.00434	0.00453	0.00456	0.00583	0.00374	0.00334	0.00646	0.02165	0.01171	0.08730	0.08889	0.66955	0.05660	0.00595	0.00160	0.00229	0.00888	0.00393	0.00360
10	0.00654	0.00451	0.00538	0.00517	0.00647	0.00397	0.00390	0.00802	0.01070	0.07557	0.35222	0.10416	0.36539	0.00976	0.00502	0.00142	0.00226	0.02117	0.00435	0.00403
11	0.03270	0.01242	0.20191	0.05170	0.06306	0.02068	0.18412	0.11590	0.03532	0.17869	0.02156	0.04383	0.00853	0.00479	0.00439	0.00136	0.00530	0.00437	0.00313	0.00625
12	0.02334	0.15533	0.21811	0.07848	0.12909	0.04081	0.05830	0.13548	0.04238	0.06646	0.00874	0.00990	0.00657	0.00425	0.00395	0.00125	0.00531	0.00347	0.00259	0.00621
13	0.02592	0.00856	0.01048	0.00980	0.06563	0.07138	0.05049	0.16376	0.01040	0.04975	0.01144	0.10710	0.01095	0.12432	0.15250	0.00275	0.11174	0.00515	0.00295	0.00492
14	0.88052	0.00823	0.00625	0.00560	0.00823	0.00955	0.00461	0.01251	0.00724	0.01909	0.00592	0.00691	0.00461	0.00395	0.00263	0.00132	0.00329	0.00230	0.00263	0.00461
15	0.00779	0.00448	0.00541	0.00525	0.00644	0.00409	0.00390	0.00932	0.01007	0.11664	0.22193	0.20324	0.15697	0.00870	0.00452	0.00135	0.00233	0.00752	0.21583	0.00422
16	0.01845	0.00767	0.01003	0.00772	0.01096	0.00697	0.00637	0.10882	0.01296	0.71463	0.01597	0.01404	0.01017	0.00524	0.00424	0.00130	0.00369	0.00422	0.02937	0.00715
17	0.00602	0.00435	0.00569	0.00535	0.00636	0.00401	0.00401	0.00803	0.01204	0.01706	0.82167	0.03178	0.04015	0.00870	0.00502	0.00134	0.00201	0.00770	0.00468	0.00401
18	0.00582	0.00434	0.00541	0.00514	0.00623	0.00393	0.00386	0.00764	0.01157	0.01593	0.66365	0.03364	0.19888	0.00912	0.00502	0.00136	0.00204	0.00796	0.00454	0.00393
19	0.01138	0.85302	0.02230	0.00728	0.01092	0.01684	0.00728	0.01274	0.00865	0.01001	0.00592	0.00683	0.00546	0.00364	0.00273	0.00091	0.00455	0.00228	0.00182	0.00546
20	0.00793	0.00397	0.00397	0.00397	0.00496	0.00397	0.00297	0.00991	0.00892	0.01586	0.01388	0.01586	0.01091	0.00496	0.00297	0.00099	0.00198	0.00397	0.87408	0.00397
21	0.01618	0.01192	0.01277	0.00979	0.01320	0.01320	0.00809	0.80973	0.02001	0.02682	0.01022	0.01022	0.00724	0.00511	0.00426	0.00128	0.00468	0.00383	0.00426	0.00724
22	0.00739	0.00370	0.00554	0.00554	0.00554	0.00370	0.00370	0.00554	0.00554	0.00739	0.00739	0.01293	0.00739	0.01478	0.01663	0.87620	0.00370	0.00370	0.00185	0.00185
23	0.01909	0.00724	0.00987	0.00757	0.01086	0.00625	0.00625	0.02074	0.01218	0.82687	0.01679	0.01448	0.01053	0.00527	0.00428	0.00132	0.00362	0.00428	0.00527	0.00724
24	0.00924	0.00855	0.01448	0.36827	0.42634	0.00935	0.01182	0.01157	0.00888	0.01213	0.00777	0.01106	0.00634	0.00482	0.00517	0.06772	0.00521	0.00378	0.00200	0.00552
25	0.00524	0.00400	0.00475	0.00521	0.00594	0.00359	0.00361	0.00617	0.00891	0.01142	0.09077	0.44143	0.32320	0.05776	0.00614	0.00172	0.00241	0.01028	0.00393	0.00350
26	0.01092	0.50709	0.23268	0.01023	0.07475	0.05570	0.01000	0.03382	0.00928	0.01167	0.00667	0.00780	0.00559	0.00383	0.00328	0.00107	0.00521	0.00268	0.00192	0.00579
27	0.01009	0.24806	0.49330	0.01070	0.01576	0.07436	0.02893	0.02780	0.03104	0.01265	0.00741	0.00855	0.00568	0.00401	0.00370	0.00121	0.00583	0.00297	0.00195	0.00598
28	0.00976	0.00833	0.00888	0.00804	0.01024	0.00945	0.00623	0.02004	0.68008	0.01737	0.11084	0.01907	0.06031	0.00638	0.00445	0.00143	0.00315	0.00537	0.00435	0.00625
29	0.00906	0.00912	0.07113	0.00691	0.01083	0.03591	0.00597	0.01115	0.00895	0.01371	0.00753	0.00879	0.00620	0.00326	0.00324	0.00070	0.00355	0.00258	0.00245	0.77894
30	0.00677	0.00530	0.00523	0.00527	0.00550	0.06695	0.00319	0.00697	0.00697	0.00882	0.01492	0.12738	0.03796	0.66085	0.01786	0.00353	0.00414	0.00673	0.00275	0.00289

[dist]
# distance from previous block
# <min> <max>
0	6

[block]
# block no. 2 follows, 62 sequences, length 42
# corresponding to MSA columns:
# 693-734
name=unknown_C
#
# <colnr> <probs for GDERKNQSTAVLIFYWHMCP>
#	G	D	E	R	K	N	Q	S	T	A	V	L	I	F	Y	W	H	M	C	P
0	0.22407	0.03622	0.08228	0.03927	0.04539	0.21874	0.00813	0.11807	0.05110	0.07464	0.00827	0.00916	0.00629	0.00462	0.00430	0.00129	0.05659	0.00315	0.00282	0.00559
1	0.00995	0.00856	0.01473	0.46206	0.20316	0.00954	0.09153	0.01260	0.00922	0.09367	0.00862	0.01142	0.00647	0.00430	0.00468	0.00139	0.03630	0.00396	0.00230	0.00553
2	0.00728	0.00509	0.00713	0.00825	0.04213	0.00499	0.00668	0.00911	0.00976	0.04556	0.02285	0.10461	0.06553	0.01123	0.00567	0.00186	0.00375	0.63050	0.00390	0.00412
3	0.00992	0.00898	0.01501	0.31542	0.47354	0.00954	0.01201	0.01250	0.00933	0.04632	0.00819	0.01092	0.00650	0.00399	0.00419	0.00130	0.00514	0.00376	0.00218	0.04127
4	0.05983	0.00971	0.01069	0.00925	0.04488	0.01058	0.00708	0.30632	0.30793	0.08478	0.01297	0.01302	0.00969	0.03626	0.00477	0.00141	0.00395	0.00415	0.00402	0.05872
5	0.01092	0.00944	0.01160	0.04339	0.07592	0.06089	0.06603	0.10465	0.05551	0.05503	0.00891	0.01001	0.00696	0.00383	0.00371	0.00095	0.00420	0.00323	0.00285	0.46196
6	0.01138	0.01276	0.01195	0.01055	0.01140	0.30765	0.00840	0.01240	0.00856	0.01031	0.00663	0.00977	0.00620	0.03095	0.05884	0.00193	0.45697	0.00349	0.01523	0.00464
7	0.04454	0.00770	0.00868	0.00643	0.00992	0.01837	0.00512	0.04029	0.00926	0.03012	0.00854	0.04360	0.00733	0.00377	0.00329	0.00075	0.00324	0.00302	0.02014	0.72588
8	0.00804	0.00756	0.01276	0.84023	0.02931	0.00945	0.01182	0.01087	0.00851	0.01087	0.00756	0.01134	0.00567	0.00425	0.00425	0.00142	0.00567	0.00378	0.00189	0.00473
9	0.00538	0.00391	0.00510	0.00600	0.00634	0.00372	0.00404	0.00654	0.03793	0.01113	0.02358	0.80244	0.04197	0.01301	0.00538	0.00171	0.00250	0.01177	0.00396	0.00358
10	0.00518	0.00370	0.00494	0.00592	0.00617	0.00346	0.00395	0.00592	0.00815	0.01086	0.02345	0.84768	0.02814	0.01333	0.00543	0.00173	0.00247	0.01210	0.00395	0.00346
11	0.00882	0.00756	0.00882	0.00630	0.01008	0.00567	0.00504	0.01071	0.00882	0.01387	0.00756	0.00882	0.00630	0.00315	0.00315	0.00063	0.00315	0.00252	0.00252	0.87647
12	0.00620	0.00417	0.00495	0.00495	0.00506	0.00428	0.00297	0.00636	0.00626	0.00845	0.01302	0.02605	0.01466	0.72393	0.13034	0.02208	0.00509	0.00592	0.00252	0.00273
13	0.00522	0.00372	0.00493	0.00588	0.00612	0.00348	0.00390	0.00593	0.00808	0.01077	0.02309	0.81783	0.02768	0.04381	0.00602	0.00182	0.00253	0.01188	0.00390	0.00342
14	0.00597	0.00435	0.00561	0.00530	0.00632	0.00399	0.00397	0.00792	0.01192	0.01676	0.77927	0.03228	0.08274	0.00881	0.00502	0.00134	0.00202	0.00777	0.00464	0.00399
15	0.01909	0.00724	0.00987	0.00757	0.01086	0.00625	0.00625	0.02074	0.01218	0.82687	0.01679	0.01448	0.01053	0.00527	0.00428	0.00132	0.00362	0.00428	0.00527	0.00724
16	0.04973	0.00728	0.00975	0.00750	0.01077	0.00637	0.00620	0.02044	0.01200	0.79813	0.01640	0.01421	0.01032	0.00522	0.00422	0.00132	0.00361	0.00421	0.00517	0.00715
17	0.01589	0.02028	0.01206	0.01096	0.01315	0.83338	0.00822	0.01699	0.01206	0.01041	0.00658	0.00767	0.00548	0.00438	0.00384	0.00110	0.00767	0.00274	0.00219	0.00493
18	0.00879	0.00756	0.00897	0.03747	0.01080	0.00581	0.00530	0.01072	0.00881	0.01375	0.00756	0.00892	0.00628	0.00319	0.00319	0.00066	0.00325	0.00257	0.00250	0.84390
19	0.00520	0.00432	0.00455	0.00449	0.00585	0.00366	0.00337	0.00644	0.01010	0.01245	0.17635	0.03938	0.68835	0.01042	0.00503	0.00142	0.00213	0.00876	0.00408	0.00366
20	0.01589	0.02028	0.01206	0.01096	0.01315	0.83338	0.00822	0.01699	0.01206	0.01041	0.00658	0.00767	0.00548	0.00438	0.00384	0.00110	0.00767	0.00274	0.00219	0.00493
21	0.00608	0.00456	0.00684	0.00684	0.00760	0.00532	0.00532	0.00760	0.00684	0.00988	0.01140	0.01672	0.01064	0.03191	0.83360	0.00684	0.01140	0.00456	0.00228	0.00380
22	0.88052	0.00823	0.00625	0.00560	0.00823	0.00955	0.00461	0.01251	0.00724	0.01909	0.00592	0.00691	0.00461	0.00395	0.00263	0.00132	0.00329	0.00230	0.00263	0.00461
23	0.00980	0.00940	0.01579	0.23262	0.55780	0.01017	0.01245	0.01228	0.00914	0.01284	0.00770	0.01064	0.00638	0.00419	0.00498	0.00135	0.07058	0.00378	0.00203	0.00606
24	0.00941	0.00763	0.00894	0.00642	0.01017	0.00583	0.00515	0.02556	0.00917	0.04988	0.00802	0.00910	0.00651	0.00328	0.00322	0.00067	0.00320	0.00262	0.00267	0.82256
25	0.00762	0.00442	0.00504	0.00500	0.00597	0.00456	0.00378	0.04194	0.00897	0.01452	0.03192	0.06846	0.02581	0.03897	0.13685	0.01462	0.00380	0.03293	0.54087	0.00396
26	0.01008	0.01166	0.07691	0.02008	0.29189	0.01056	0.46002	0.01332	0.00974	0.01360	0.00824	0.01092	0.00645	0.00381	0.00497	0.00139	0.03375	0.00444	0.00210	0.00608
27	0.00518	0.00370	0.00494	0.00592	0.00617	0.00346	0.00395	0.00592	0.00815	0.01086	0.02345	0.84768	0.02814	0.01333	0.00543	0.00173	0.00247	0.01210	0.00395	0.00346
28	0.01599	0.01182	0.01266	0.00975	0.01312	0.01311	0.00804	0.78307	0.04697	0.02651	0.01046	0.01041	0.00743	0.00513	0.00426	0.00128	0.00464	0.00386	0.00426	0.00722
29	0.00793	0.00397	0.00397	0.00397	0.00496	0.00397	0.00297	0.00991	0.00892	0.01586	0.01388	0.01586	0.01091	0.00496	0.00297	0.00099	0.00198	0.00397	0.87408	0.00397
30	0.00602	0.00435	0.00569	0.00535	0.00636	0.00401	0.00401	0.00803	0.01204	0.01706	0.82167	0.03178	0.04015	0.00870	0.00502	0.00134	0.00201	0.00770	0.00468	0.00401
31	0.00853	0.02201	0.82841	0.01213	0.01842	0.00988	0.01572	0.01348	0.00898	0.01348	0.00764	0.00898	0.00539	0.00404	0.00404	0.00135	0.00629	0.00314	0.00180	0.00629
32	0.01909	0.00724	0.00987	0.00757	0.01086	0.00625	0.00625	0.02074	0.01218	0.82687	0.01679	0.01448	0.01053	0.00527	0.00428	0.00132	0.00362	0.00428	0.00527	0.00724
33	0.00516	0.00408	0.00469	0.00508	0.00600	0.00362	0.00362	0.00614	0.00902	0.01131	0.05216	0.35928	0.45661	0.01260	0.03875	0.00177	0.00265	0.01001	0.00390	0.00356
34	0.01909	0.00724	0.00987	0.00757	0.01086	0.00625	0.00625	0.02074	0.01218	0.82687	0.01679	0.01448	0.01053	0.00527	0.00428	0.00132	0.00362	0.00428	0.00527	0.00724
35	0.05128	0.00728	0.00974	0.00750	0.01076	0.00638	0.00619	0.02043	0.01199	0.79668	0.01638	0.01420	0.01031	0.00522	0.00422	0.00132	0.00361	0.00421	0.00517	0.00714
36	0.01295	0.00776	0.00910	0.00783	0.01032	0.00806	0.00619	0.04674	0.37743	0.30108	0.04558	0.07924	0.04295	0.00651	0.00446	0.00142	0.00335	0.01795	0.00462	0.00644
37	0.00582	0.00409	0.00533	0.00608	0.00645	0.00396	0.00433	0.00668	0.00809	0.01070	0.02090	0.46637	0.02433	0.20689	0.00930	0.00234	0.00320	0.19816	0.00362	0.00336
38	0.00611	0.00472	0.00617	0.00615	0.00699	0.00507	0.00466	0.00764	0.03220	0.01063	0.04059	0.04737	0.19615	0.13366	0.40204	0.00441	0.03368	0.04510	0.00293	0.00371
39	0.00503	0.00429	0.00433	0.00435	0.00576	0.00359	0.00325	0.00610	0.00966	0.01148	0.04256	0.06315	0.80034	0.01085	0.00504	0.00144	0.00216	0.00907	0.00395	0.00359
40	0.01028	0.00792	0.00852	0.00775	0.00990	0.00887	0.00605	0.01940	0.58899	0.06443	0.01827	0.03193	0.04763	0.00622	0.00427	0.00141	0.00317	0.03699	0.11188	0.00612
41	0.88052	0.00823	0.00625	0.00560	0.00823	0.00955	0.00461	0.01251	0.00724	0.01909	0.00592	0.00691	0.00461	0.00395	0.00263	0.00132	0.00329	0.00230	0.00263	0.00461

[dist]
# distance from previous block
# <min> <max>
0	1

[block]
# block no. 3 follows, 62 sequences, length 33
# corresponding to MSA columns:
# 736-768
name=unknown_D
#
# <colnr> <probs for GDERKNQSTAVLIFYWHMCP>
#	G	D	E	R	K	N	Q	S	T	A	V	L	I	F	Y	W	H	M	C	P
0	0.00654	0.00511	0.02123	0.00592	0.00616	0.00542	0.00407	0.00700	0.00644	0.00892	0.01242	0.05079	0.01381	0.58204	0.14724	0.00416	0.10136	0.00579	0.00248	0.00311
1	0.00981	0.00952	0.02920	0.11202	0.33718	0.02504	0.09008	0.03852	0.05105	0.01402	0.03088	0.02809	0.01700	0.00430	0.00425	0.00120	0.01434	0.00401	0.00247	0.17700
2	0.01034	0.20648	0.35842	0.06236	0.11098	0.03865	0.04115	0.07268	0.00995	0.02486	0.00788	0.02366	0.00623	0.00419	0.00385	0.00124	0.00557	0.00334	0.00214	0.00603
3	0.00838	0.05020	0.64054	0.01092	0.02831	0.00912	0.01328	0.01256	0.00935	0.02781	0.07812	0.01333	0.07005	0.00494	0.00416	0.00134	0.00549	0.00396	0.00227	0.00589
4	0.06192	0.00747	0.00980	0.00756	0.01082	0.00668	0.00624	0.05054	0.01223	0.75596	0.01599	0.01394	0.01011	0.00519	0.00420	0.00132	0.00364	0.00416	0.00510	0.00711
5	0.01071	0.08023	0.15891	0.06827	0.17704	0.11993	0.10058	0.04647	0.02160	0.04062	0.00990	0.05605	0.00868	0.00517	0.00450	0.00135	0.02310	0.05872	0.00248	0.00570
6	0.00685	0.00485	0.00651	0.00708	0.05293	0.00513	0.00451	0.02096	0.00714	0.00979	0.01394	0.24505	0.01570	0.29145	0.03847	0.16905	0.07310	0.00686	0.01741	0.00323
7	0.00609	0.00452	0.00663	0.00663	0.00732	0.00521	0.00506	0.00747	0.00678	0.00972	0.01159	0.01776	0.01109	0.10902	0.75712	0.00658	0.01071	0.00471	0.00231	0.00368
8	0.00543	0.00388	0.00522	0.00621	0.00656	0.00367	0.00438	0.00635	0.00839	0.01114	0.02332	0.73015	0.02761	0.01310	0.00550	0.00176	0.00268	0.12720	0.00395	0.00352
9	0.31967	0.08929	0.01109	0.00804	0.01106	0.06938	0.00668	0.33947	0.04409	0.05130	0.00857	0.00894	0.00637	0.00454	0.00352	0.00125	0.00430	0.00313	0.00335	0.00597
10	0.01045	0.01005	0.01719	0.02512	0.76919	0.00996	0.03651	0.01299	0.00967	0.01389	0.00801	0.01049	0.00671	0.00376	0.00420	0.00124	0.00505	0.00378	0.00212	0.03961
11	0.00619	0.00413	0.00464	0.00464	0.00464	0.00413	0.00258	0.00619	0.00619	0.00825	0.01341	0.02785	0.01547	0.85046	0.02166	0.00413	0.00413	0.00619	0.00258	0.00258
12	0.03273	0.01161	0.01349	0.01341	0.19741	0.04182	0.00909	0.54822	0.05258	0.02272	0.00981	0.01038	0.00726	0.00479	0.00420	0.00128	0.00479	0.00379	0.00366	0.00696
13	0.00739	0.00370	0.00554	0.00554	0.00554	0.00370	0.00370	0.00554	0.00554	0.00739	0.00739	0.01293	0.00739	0.01478	0.01663	0.87620	0.00370	0.00370	0.00185	0.00185
14	0.88052	0.00823	0.00625	0.00560	0.00823	0.00955	0.00461	0.01251	0.00724	0.01909	0.00592	0.00691	0.00461	0.00395	0.00263	0.00132	0.00329	0.00230	0.00263	0.00461
15	0.02712	0.03437	0.01327	0.03133	0.11656	0.01207	0.00934	0.01115	0.03817	0.01133	0.00683	0.02592	0.00646	0.00661	0.01099	0.00167	0.59452	0.00382	0.00207	0.03638
16	0.01579	0.01092	0.01208	0.00943	0.01260	0.01199	0.00775	0.59805	0.09570	0.13441	0.01164	0.01131	0.00819	0.00528	0.00460	0.00132	0.03354	0.00398	0.00432	0.00710
17	0.00619	0.00413	0.00464	0.00464	0.00464	0.00413	0.00258	0.00619	0.00619	0.00825	0.01341	0.02785	0.01547	0.85046	0.02166	0.00413	0.00413	0.00619	0.00258	0.00258
18	0.00559	0.00434	0.00513	0.00557	0.00642	0.00405	0.00396	0.00731	0.06311	0.01202	0.08730	0.44926	0.29206	0.01161	0.00520	0.00159	0.00242	0.02527	0.00403	0.00377
19	0.00947	0.04067	0.52910	0.04256	0.08801	0.01045	0.02553	0.05804	0.10346	0.01447	0.00884	0.01006	0.00653	0.00437	0.00439	0.00135	0.03068	0.00348	0.00227	0.00630
20	0.00521	0.00372	0.00496	0.00591	0.00618	0.00347	0.00395	0.00599	0.00827	0.01105	0.04805	0.82254	0.02851	0.01319	0.00542	0.00172	0.00245	0.01196	0.00397	0.00347
21	0.01589	0.02028	0.01206	0.01096	0.01315	0.83338	0.00822	0.01699	0.01206	0.01041	0.00658	0.00767	0.00548	0.00438	0.00384	0.00110	0.00767	0.00274	0.00219	0.00493
22	0.06833	0.06970	0.21596	0.03605	0.09359	0.02442	0.19337	0.17722	0.01162	0.05691	0.00863	0.00999	0.00636	0.00417	0.00416	0.00131	0.00560	0.00373	0.00265	0.00622
23	0.00930	0.10921	0.62382	0.01187	0.05299	0.01062	0.01379	0.01425	0.07369	0.02964	0.00843	0.00948	0.00617	0.00415	0.00394	0.00130	0.00576	0.00324	0.00208	0.00627
24	0.00630	0.00408	0.00533	0.00591	0.00655	0.00374	0.00412	0.00722	0.00879	0.07381	0.05506	0.65767	0.10384	0.01226	0.00530	0.00166	0.00254	0.02794	0.00408	0.00379
25	0.00518	0.00370	0.00494	0.00592	0.00617	0.00346	0.00395	0.00592	0.00815	0.01086	0.02345	0.84768	0.02814	0.01333	0.00543	0.00173	0.00247	0.01210	0.00395	0.00346
26	0.01101	0.39383	0.27183	0.01108	0.09341	0.10491	0.01056	0.01373	0.02049	0.02361	0.00705	0.00820	0.00575	0.00392	0.00345	0.00112	0.00546	0.00281	0.00197	0.00583
27	0.06866	0.03162	0.04237	0.12658	0.18535	0.02312	0.00840	0.07904	0.01049	0.15561	0.01522	0.10185	0.09698	0.00623	0.00434	0.00138	0.00421	0.02969	0.00327	0.00560
28	0.00608	0.00456	0.00684	0.00684	0.00760	0.00532	0.00532	0.00760	0.00684	0.00988	0.01140	0.01672	0.01064	0.03191	0.83360	0.00684	0.01140	0.00456	0.00228	0.00380
29	0.03241	0.00845	0.02426	0.00844	0.02979	0.00781	0.00686	0.17866	0.01356	0.60380	0.03125	0.01367	0.01020	0.00523	0.00426	0.00131	0.00387	0.00419	0.00488	0.00710
30	0.05462	0.02616	0.10377	0.00977	0.06618	0.05116	0.04917	0.05130	0.02445	0.34625	0.02529	0.14856	0.01201	0.00616	0.00435	0.00137	0.00426	0.00525	0.00386	0.00607
31	0.00842	0.00444	0.00449	0.00431	0.00545	0.00451	0.00328	0.05737	0.00958	0.01651	0.01366	0.01553	0.01069	0.00497	0.00305	0.00101	0.00214	0.00396	0.82248	0.00416
32	0.02321	0.04549	0.03621	0.03028	0.33960	0.02776	0.02682	0.05012	0.21576	0.12718	0.02713	0.01256	0.00934	0.00467	0.00419	0.00131	0.00446	0.00410	0.00323	0.00659

[dist]
# distance from previous block
# <min> <max>
0	1

[block]
# block no. 4 follows, 62 sequences, length 20
# corresponding to MSA columns:
# 770-789
name=unknown_E
#
# <colnr> <probs for GDERKNQSTAVLIFYWHMCP>
#	G	D	E	R	K	N	Q	S	T	A	V	L	I	F	Y	W	H	M	C	P
0	0.03260	0.32145	0.01550	0.00908	0.01201	0.30685	0.00762	0.13197	0.10034	0.01367	0.00804	0.00862	0.00654	0.00436	0.00352	0.00110	0.00553	0.00295	0.00260	0.00565
1	0.10507	0.01038	0.01113	0.00881	0.01184	0.01133	0.00719	0.58547	0.01693	0.09442	0.01154	0.08599	0.00914	0.00575	0.00420	0.00133	0.00425	0.00446	0.00415	0.00662
2	0.01140	0.12748	0.22107	0.01452	0.22934	0.01074	0.06587	0.07337	0.07116	0.10487	0.02399	0.01090	0.00773	0.00432	0.00406	0.00127	0.00507	0.00371	0.00272	0.00643
3	0.01025	0.10721	0.58056	0.01113	0.01654	0.01122	0.01328	0.15648	0.02752	0.01559	0.00812	0.00912	0.00588	0.00423	0.00395	0.00129	0.00576	0.00321	0.00229	0.00638
4	0.00573	0.00438	0.00528	0.00519	0.00635	0.00394	0.00398	0.00739	0.01097	0.01461	0.46095	0.03665	0.32847	0.00974	0.00510	0.00143	0.00224	0.07941	0.00434	0.00385
5	0.00589	0.00467	0.00611	0.00710	0.08007	0.00428	0.00459	0.00730	0.01000	0.01332	0.28556	0.27326	0.26161	0.01023	0.00507	0.00148	0.00246	0.00902	0.00402	0.00397
6	0.01235	0.06834	0.20067	0.03225	0.10185	0.04530	0.17370	0.03738	0.02732	0.21468	0.02220	0.01212	0.00811	0.00450	0.00429	0.00132	0.00540	0.01898	0.00298	0.00627
7	0.01041	0.00632	0.04116	0.00688	0.02800	0.00539	0.00543	0.01279	0.05064	0.26446	0.40456	0.02464	0.07270	0.04090	0.00536	0.00145	0.00291	0.00624	0.00454	0.00521
8	0.00991	0.01243	0.09776	0.01741	0.02189	0.01068	0.73676	0.01362	0.00995	0.01362	0.00852	0.01125	0.00636	0.00363	0.00493	0.00143	0.00709	0.00485	0.00212	0.00579
9	0.04171	0.05189	0.20943	0.01159	0.04052	0.40748	0.05973	0.01582	0.05375	0.04327	0.00790	0.00898	0.00613	0.00435	0.00411	0.00122	0.02110	0.00317	0.00232	0.00556
10	0.01133	0.12425	0.11293	0.05181	0.33482	0.02709	0.09006	0.04541	0.06324	0.08497	0.00916	0.01061	0.00707	0.00412	0.00408	0.00126	0.00517	0.00372	0.00254	0.00636
11	0.00621	0.00451	0.00608	0.00603	0.00645	0.00503	0.00427	0.00708	0.00656	0.00920	0.01208	0.02120	0.01253	0.37585	0.46934	0.00556	0.03109	0.00522	0.00239	0.00331
12	0.00524	0.00384	0.00492	0.00566	0.00613	0.00352	0.00386	0.00614	0.00870	0.01151	0.09825	0.66720	0.13424	0.01257	0.00534	0.00165	0.00239	0.01129	0.00402	0.00352
13	0.00982	0.06862	0.49654	0.01209	0.06497	0.02912	0.07540	0.01386	0.03024	0.08090	0.04072	0.01180	0.03801	0.00455	0.00415	0.00132	0.00560	0.00380	0.00240	0.00609
14	0.01074	0.12610	0.31607	0.02693	0.18957	0.03901	0.06147	0.08388	0.05897	0.03529	0.00856	0.00984	0.00651	0.00415	0.00401	0.00127	0.00550	0.00347	0.00236	0.00631
15	0.03918	0.01001	0.18000	0.00828	0.01174	0.00701	0.02364	0.03667	0.02783	0.42891	0.08660	0.04830	0.02770	0.00566	0.00427	0.00134	0.00398	0.00469	0.03789	0.00629
16	0.02513	0.06074	0.14069	0.24784	0.05379	0.00997	0.27683	0.02622	0.00927	0.02448	0.00914	0.01191	0.03007	0.02099	0.00513	0.03024	0.00589	0.00419	0.00214	0.00534
17	0.02249	0.05290	0.11197	0.04648	0.25725	0.09839	0.17754	0.03150	0.03159	0.07379	0.02816	0.02263	0.00779	0.00433	0.00438	0.00130	0.01493	0.00404	0.00250	0.00604
18	0.00965	0.05129	0.57841	0.01210	0.08037	0.00946	0.01327	0.01391	0.03292	0.08891	0.02893	0.04478	0.00797	0.00466	0.00411	0.00134	0.00553	0.00379	0.00238	0.00622
19	0.00893	0.00868	0.01462	0.45843	0.21420	0.02461	0.09104	0.01174	0.02309	0.01192	0.00831	0.02718	0.00675	0.00549	0.03775	0.00161	0.03421	0.00409	0.00207	0.00528

[dist]
# distance from previous block
# <min> <max>
6	14

[block]
# block no. 5 follows, 62 sequences, length 8
# corresponding to MSA columns:
# 804-811
name=unknown_F
#
# <colnr> <probs for GDERKNQSTAVLIFYWHMCP>
#	G	D	E	R	K	N	Q	S	T	A	V	L	I	F	Y	W	H	M	C	P
0	0.01382	0.04996	0.06644	0.00939	0.01259	0.04022	0.00806	0.51457	0.13319	0.02206	0.02952	0.01182	0.00886	0.02416	0.03448	0.00155	0.00486	0.00399	0.00382	0.00664
1	0.01209	0.17826	0.32048	0.01064	0.01512	0.07525	0.04705	0.26149	0.01263	0.01673	0.00807	0.00896	0.00603	0.00430	0.00389	0.00123	0.00560	0.00324	0.00261	0.00630
2	0.01420	0.05230	0.05264	0.00945	0.01264	0.04706	0.00801	0.55766	0.10614	0.02259	0.01140	0.06623	0.00901	0.00557	0.00424	0.00130	0.00459	0.00433	0.00392	0.00670
3	0.01170	0.11457	0.33028	0.01010	0.01441	0.01159	0.01063	0.32331	0.04322	0.01825	0.00985	0.06527	0.00791	0.00509	0.00407	0.00130	0.00509	0.00397	0.00299	0.00639
4	0.01207	0.10271	0.31520	0.01018	0.01450	0.01183	0.01059	0.34682	0.07377	0.01893	0.00978	0.03741	0.00749	0.00488	0.00406	0.00129	0.00509	0.00376	0.00309	0.00654
5	0.02908	0.10706	0.46978	0.01029	0.01510	0.01066	0.01179	0.13960	0.04939	0.03908	0.01018	0.01100	0.04101	0.00549	0.03121	0.00148	0.00556	0.00355	0.00254	0.00617
6	0.04780	0.16550	0.42831	0.01026	0.01511	0.01174	0.01159	0.18764	0.03267	0.03906	0.00834	0.00912	0.00612	0.00428	0.00381	0.00126	0.00535	0.00318	0.00254	0.00632
7	0.03184	0.21116	0.35993	0.02883	0.03544	0.01177	0.01101	0.15080	0.03729	0.03189	0.00837	0.00941	0.00635	0.00497	0.02597	0.00138	0.00539	0.00320	0.01888	0.00612

[dist]
# distance from previous block
# <min> <max>
0	132

# created by:
# /st0/software/busco_prod/Augustus/scripts/msa2prfl.pl ./align_prep/104460.fa
