[name]
unknown

[dist]
# distance from previous block
# <min> <max>
0	125

[block]
# block no. 0 follows, 58 sequences, length 11
# corresponding to MSA columns:
# 125-135
name=unknown_A
#
# <colnr> <probs for GDERKNQSTAVLIFYWHMCP>
#	G	D	E	R	K	N	Q	S	T	A	V	L	I	F	Y	W	H	M	C	P
0	0.01618	0.01190	0.01290	0.01012	0.01348	0.01313	0.00839	0.73304	0.02012	0.02694	0.01184	0.01410	0.00914	0.00596	0.00462	0.00140	0.00485	0.07012	0.00444	0.00731
1	0.01501	0.11118	0.01330	0.00958	0.01233	0.15560	0.00782	0.28362	0.06457	0.13006	0.01074	0.01184	0.00829	0.04677	0.02647	0.00162	0.07736	0.00389	0.00359	0.00636
2	0.00575	0.00416	0.00531	0.00611	0.00657	0.00390	0.00425	0.00663	0.00872	0.01142	0.02577	0.56727	0.11857	0.10568	0.00761	0.00209	0.00292	0.09967	0.00399	0.00360
3	0.01059	0.01141	0.04301	0.18567	0.02325	0.01138	0.49683	0.08167	0.01087	0.01470	0.00874	0.01171	0.00660	0.00432	0.00561	0.00152	0.05909	0.00476	0.00237	0.00589
4	0.01055	0.01010	0.01722	0.18609	0.66030	0.01049	0.01347	0.01328	0.00994	0.01399	0.00832	0.01124	0.00686	0.00408	0.00444	0.00136	0.00544	0.00398	0.00217	0.00667
5	0.01301	0.01152	0.05929	0.00965	0.02911	0.09583	0.00780	0.28707	0.18185	0.05480	0.04560	0.01497	0.01120	0.08056	0.07552	0.00212	0.00545	0.00455	0.00380	0.00630
6	0.08126	0.00480	0.00552	0.00584	0.00689	0.00459	0.00438	0.00768	0.00968	0.01344	0.14361	0.25229	0.25143	0.06367	0.00642	0.00183	0.00284	0.12590	0.00405	0.00388
7	0.00598	0.00427	0.00559	0.00637	0.00687	0.00407	0.00458	0.00703	0.00901	0.01193	0.07140	0.49871	0.06578	0.10766	0.00770	0.00211	0.00306	0.17019	0.00403	0.00367
8	0.09933	0.01010	0.01482	0.06399	0.38193	0.01048	0.06004	0.07049	0.13977	0.01659	0.00992	0.01153	0.00784	0.00439	0.00424	0.00133	0.00481	0.00397	0.00284	0.08160
9	0.15856	0.01094	0.01139	0.09011	0.03534	0.06940	0.00790	0.40402	0.01498	0.03905	0.01033	0.03565	0.00835	0.03425	0.00520	0.02391	0.00485	0.02598	0.00361	0.00617
10	0.13144	0.01008	0.01430	0.18318	0.37190	0.03657	0.01097	0.06765	0.01018	0.01536	0.00797	0.01042	0.00645	0.00437	0.00464	0.00135	0.04685	0.00365	0.00242	0.06024

[dist]
# distance from previous block
# <min> <max>
4	28

[block]
# block no. 1 follows, 58 sequences, length 25
# corresponding to MSA columns:
# 167-191
name=unknown_B
#
# <colnr> <probs for GDERKNQSTAVLIFYWHMCP>
#	G	D	E	R	K	N	Q	S	T	A	V	L	I	F	Y	W	H	M	C	P
0	0.07907	0.00828	0.01076	0.06530	0.14263	0.04126	0.02209	0.03805	0.01849	0.20048	0.05419	0.04257	0.03358	0.11088	0.00708	0.00176	0.03373	0.02896	0.00350	0.05732
1	0.23029	0.00954	0.01355	0.12255	0.05271	0.01025	0.16742	0.12773	0.03527	0.05883	0.03068	0.04573	0.00889	0.00519	0.00460	0.00145	0.03055	0.01810	0.00309	0.02359
2	0.05128	0.02049	0.01329	0.46238	0.02281	0.04602	0.04359	0.12749	0.03144	0.02912	0.00872	0.01147	0.00664	0.00564	0.03020	0.00161	0.04677	0.00391	0.00258	0.03455
3	0.01016	0.00929	0.01493	0.14870	0.36139	0.03647	0.08903	0.01281	0.02337	0.05275	0.03491	0.01670	0.08485	0.00700	0.05307	0.00176	0.00561	0.02855	0.00271	0.00594
4	0.01010	0.01024	0.04847	0.36385	0.16072	0.04971	0.12241	0.01345	0.04895	0.03933	0.00909	0.01196	0.00703	0.00559	0.03772	0.00166	0.02077	0.00414	0.00236	0.03245
5	0.01199	0.69961	0.08014	0.00872	0.01268	0.06858	0.04059	0.01377	0.00940	0.01097	0.00651	0.00760	0.00578	0.00391	0.00314	0.00102	0.00524	0.00261	0.00195	0.00578
6	0.00638	0.00463	0.00649	0.00654	0.00710	0.00518	0.00477	0.00752	0.00706	0.00997	0.01306	0.05442	0.01329	0.24787	0.57818	0.00621	0.00956	0.00557	0.00255	0.00364
7	0.01267	0.10442	0.11611	0.01176	0.10994	0.08961	0.00928	0.14626	0.19817	0.07491	0.01253	0.07332	0.01021	0.00563	0.00433	0.00137	0.00490	0.00456	0.00345	0.00656
8	0.00928	0.00795	0.00928	0.00663	0.01060	0.00596	0.00530	0.01126	0.00928	0.01458	0.00795	0.00928	0.00663	0.00331	0.00331	0.00066	0.00331	0.00265	0.00265	0.87014
9	0.03742	0.00586	0.00682	0.00623	0.00782	0.00574	0.00477	0.08261	0.06407	0.05614	0.40786	0.09203	0.18723	0.00906	0.00507	0.00146	0.00266	0.00778	0.00460	0.00477
10	0.01215	0.01094	0.04783	0.03098	0.18648	0.01082	0.11922	0.16980	0.09788	0.03120	0.01362	0.06156	0.01210	0.00686	0.00578	0.00168	0.05248	0.10256	0.00359	0.02249
11	0.00777	0.00389	0.00583	0.00583	0.00583	0.00389	0.00389	0.00583	0.00583	0.00777	0.00777	0.01360	0.00777	0.01554	0.01748	0.86985	0.00389	0.00389	0.00194	0.00194
12	0.01375	0.11902	0.05578	0.01239	0.11119	0.19412	0.04129	0.23060	0.06743	0.03106	0.01128	0.01229	0.04828	0.00519	0.00441	0.00130	0.01820	0.01296	0.00313	0.00634
13	0.01057	0.10957	0.17749	0.06451	0.16168	0.06922	0.15518	0.01358	0.00991	0.01354	0.00798	0.00998	0.00634	0.00393	0.00413	0.00121	0.00578	0.00357	0.00220	0.16965
14	0.00651	0.00486	0.00696	0.00691	0.00754	0.00560	0.00519	0.00780	0.00706	0.01009	0.01218	0.01946	0.01195	0.17927	0.65590	0.00652	0.03490	0.00508	0.00244	0.00379
15	0.00650	0.00435	0.00496	0.00496	0.00498	0.00438	0.00281	0.00655	0.00653	0.00873	0.01402	0.02888	0.01609	0.81583	0.04950	0.00443	0.00459	0.00645	0.00270	0.00275
16	0.01237	0.37920	0.15833	0.03078	0.01385	0.01358	0.03370	0.08656	0.05915	0.10143	0.02748	0.01034	0.00784	0.00468	0.00425	0.00124	0.04275	0.00342	0.00278	0.00626
17	0.03754	0.08842	0.26698	0.04450	0.14852	0.01204	0.04089	0.11464	0.02508	0.01527	0.00814	0.01010	0.00644	0.00533	0.01704	0.00153	0.14521	0.00365	0.00239	0.00629
18	0.01073	0.01124	0.12686	0.08959	0.21939	0.02412	0.04157	0.16964	0.01158	0.01610	0.01028	0.01411	0.00864	0.05716	0.10541	0.00226	0.00619	0.02725	0.04189	0.00600
19	0.00956	0.04185	0.21681	0.11499	0.22687	0.05584	0.06440	0.01276	0.01958	0.01379	0.08629	0.02572	0.05300	0.00615	0.03208	0.00158	0.00571	0.00461	0.00252	0.00589
20	0.06652	0.58800	0.05403	0.00821	0.03324	0.01488	0.00763	0.03724	0.02408	0.01228	0.02823	0.00972	0.00753	0.03972	0.03744	0.00144	0.00496	0.00300	0.00225	0.01962
21	0.00603	0.00454	0.00558	0.00536	0.00651	0.00409	0.00401	0.00785	0.01189	0.01621	0.58878	0.06235	0.24065	0.00987	0.00529	0.00145	0.00217	0.00859	0.00470	0.00409
22	0.01058	0.10712	0.13387	0.01166	0.10953	0.01968	0.06866	0.05144	0.12892	0.06553	0.11173	0.03483	0.04148	0.02498	0.00508	0.00144	0.01985	0.01890	0.00330	0.03142
23	0.00699	0.00570	0.00633	0.00609	0.00760	0.00565	0.00458	0.01113	0.20222	0.01522	0.24661	0.10838	0.33711	0.00972	0.00515	0.00151	0.00256	0.00832	0.00446	0.00468
24	0.21164	0.23995	0.12600	0.02478	0.04603	0.16007	0.02058	0.01462	0.03404	0.03905	0.04034	0.00960	0.00749	0.00446	0.00358	0.00124	0.00524	0.00313	0.00251	0.00564

[dist]
# distance from previous block
# <min> <max>
1	2

[block]
# block no. 2 follows, 58 sequences, length 10
# corresponding to MSA columns:
# 194-203
name=unknown_C
#
# <colnr> <probs for GDERKNQSTAVLIFYWHMCP>
#	G	D	E	R	K	N	Q	S	T	A	V	L	I	F	Y	W	H	M	C	P
0	0.34533	0.11724	0.01182	0.10262	0.01349	0.25092	0.00748	0.07856	0.01053	0.01587	0.00699	0.00831	0.00558	0.00438	0.00349	0.00127	0.00539	0.00286	0.00258	0.00530
1	0.01039	0.00950	0.01135	0.07101	0.11371	0.07478	0.04450	0.07295	0.27068	0.01662	0.13794	0.03712	0.07149	0.00662	0.00476	0.00146	0.00428	0.03113	0.00379	0.00593
2	0.00674	0.00473	0.00552	0.00538	0.00538	0.00502	0.00322	0.00681	0.00653	0.00883	0.01350	0.02786	0.01551	0.78212	0.02218	0.00416	0.06467	0.00632	0.00266	0.00287
3	0.00950	0.00868	0.01254	0.35086	0.01912	0.03414	0.01013	0.01143	0.00824	0.03912	0.00801	0.01166	0.00671	0.00773	0.05959	0.00200	0.34417	0.00400	0.04746	0.00493
4	0.00706	0.00497	0.00601	0.00574	0.00703	0.00468	0.00431	0.00955	0.06609	0.05016	0.44009	0.09726	0.19875	0.00995	0.02269	0.00157	0.00256	0.00811	0.04899	0.00441
5	0.00640	0.00476	0.00700	0.00700	0.00774	0.00549	0.00536	0.00787	0.00713	0.01025	0.01215	0.01852	0.01159	0.09871	0.76047	0.00696	0.01137	0.00493	0.00242	0.00389
6	0.02607	0.00779	0.00956	0.11269	0.05561	0.00851	0.00707	0.16870	0.11737	0.03088	0.01987	0.16513	0.15508	0.03543	0.00582	0.00162	0.03931	0.00671	0.02138	0.00539
7	0.01168	0.01042	0.01451	0.05391	0.29828	0.03849	0.06816	0.17787	0.14255	0.01756	0.02688	0.08205	0.02598	0.00571	0.00465	0.00142	0.00489	0.00513	0.00331	0.00655
8	0.56771	0.04768	0.01003	0.01028	0.16134	0.01028	0.00685	0.03893	0.00885	0.04081	0.00721	0.00844	0.00568	0.00413	0.00322	0.00131	0.00392	0.00284	0.00275	0.05773
9	0.05229	0.12166	0.09918	0.03747	0.04644	0.18505	0.05079	0.05384	0.13179	0.01485	0.03575	0.01151	0.00875	0.00482	0.00419	0.00126	0.02133	0.00371	0.06564	0.04970

[dist]
# distance from previous block
# <min> <max>
0	4

[block]
# block no. 3 follows, 58 sequences, length 36
# corresponding to MSA columns:
# 216-238,300-304,323-330
name=unknown_D
#
# <colnr> <probs for GDERKNQSTAVLIFYWHMCP>
#	G	D	E	R	K	N	Q	S	T	A	V	L	I	F	Y	W	H	M	C	P
0	0.02556	0.08038	0.29015	0.01323	0.10847	0.03616	0.08459	0.14893	0.05459	0.01664	0.00897	0.01022	0.00679	0.00435	0.00419	0.00129	0.00561	0.00362	0.00265	0.09363
1	0.65378	0.00908	0.01964	0.08492	0.03022	0.01013	0.02312	0.05877	0.00890	0.05626	0.00731	0.00849	0.00550	0.00431	0.00322	0.00139	0.00397	0.00287	0.00289	0.00524
2	0.00896	0.00761	0.00894	0.00657	0.01024	0.00577	0.00520	0.01089	0.00937	0.01455	0.04069	0.05266	0.00921	0.00409	0.00351	0.00075	0.00323	0.00338	0.00282	0.79156
3	0.00797	0.00571	0.00734	0.10185	0.01044	0.00583	0.00565	0.01110	0.12824	0.08019	0.15102	0.31867	0.12858	0.00989	0.00517	0.00159	0.00310	0.00871	0.00420	0.00474
4	0.00547	0.00407	0.00507	0.00581	0.00637	0.00370	0.00396	0.00636	0.00903	0.01176	0.05836	0.62017	0.20107	0.02903	0.00593	0.00178	0.00254	0.01171	0.00415	0.00367
5	0.00640	0.00449	0.00577	0.00567	0.00659	0.00414	0.00411	0.00806	0.01136	0.03211	0.55338	0.18112	0.08287	0.06587	0.00651	0.00168	0.00239	0.00884	0.00460	0.00406
6	0.00717	0.00505	0.00617	0.00664	0.00746	0.00509	0.00478	0.03353	0.10616	0.02602	0.02198	0.53683	0.02423	0.03314	0.00573	0.00177	0.00291	0.07049	0.09053	0.00430
7	0.00543	0.00396	0.00512	0.00606	0.00644	0.00365	0.00408	0.00625	0.00873	0.01149	0.02674	0.75952	0.10859	0.01374	0.00567	0.00179	0.00256	0.01239	0.00415	0.00365
8	0.00979	0.00979	0.01370	0.01174	0.01174	0.01370	0.00979	0.01077	0.00685	0.01077	0.00587	0.00979	0.00587	0.00783	0.01468	0.00196	0.83461	0.00391	0.00196	0.00489
9	0.87439	0.00865	0.00657	0.00588	0.00865	0.01003	0.00484	0.01315	0.00761	0.02007	0.00623	0.00727	0.00484	0.00415	0.00277	0.00138	0.00346	0.00242	0.00277	0.00484
10	0.87439	0.00865	0.00657	0.00588	0.00865	0.01003	0.00484	0.01315	0.00761	0.02007	0.00623	0.00727	0.00484	0.00415	0.00277	0.00138	0.00346	0.00242	0.00277	0.00484
11	0.87439	0.00865	0.00657	0.00588	0.00865	0.01003	0.00484	0.01315	0.00761	0.02007	0.00623	0.00727	0.00484	0.00415	0.00277	0.00138	0.00346	0.00242	0.00277	0.00484
12	0.00638	0.00467	0.00665	0.00668	0.00730	0.00526	0.00495	0.00762	0.00710	0.01007	0.01288	0.05015	0.01289	0.19747	0.63175	0.00641	0.01008	0.00543	0.00252	0.00372
13	0.01698	0.01339	0.01335	0.01041	0.01387	0.09361	0.00852	0.72307	0.02021	0.02650	0.01036	0.01048	0.00743	0.00530	0.00443	0.00132	0.00523	0.00391	0.00426	0.00737
14	0.28620	0.00794	0.00920	0.00731	0.01056	0.00765	0.00604	0.01911	0.01119	0.56943	0.01409	0.01275	0.00913	0.00511	0.00396	0.00138	0.00370	0.00385	0.00467	0.00675
15	0.00545	0.00389	0.00519	0.00623	0.00649	0.00363	0.00415	0.00623	0.00856	0.01142	0.02465	0.83987	0.02959	0.01401	0.00571	0.00182	0.00260	0.01272	0.00415	0.00363
16	0.04437	0.01034	0.01085	0.00930	0.01211	0.01181	0.00737	0.22689	0.57143	0.02125	0.01581	0.01478	0.01175	0.00582	0.00447	0.00147	0.00390	0.00469	0.00447	0.00714
17	0.00777	0.00389	0.00583	0.00583	0.00583	0.00389	0.00389	0.00583	0.00583	0.00777	0.00777	0.01360	0.00777	0.01554	0.01748	0.86985	0.00389	0.00389	0.00194	0.00194
18	0.01900	0.00933	0.01145	0.00878	0.01228	0.00913	0.00725	0.29427	0.01568	0.54145	0.01523	0.01365	0.00986	0.00548	0.00449	0.00137	0.00420	0.00433	0.00516	0.00761
19	0.00728	0.00990	0.20386	0.00924	0.01125	0.00726	0.04636	0.00939	0.00886	0.01253	0.06715	0.41766	0.01979	0.00988	0.00672	0.00170	0.13484	0.00841	0.00322	0.00470
20	0.00636	0.00428	0.00492	0.00506	0.00509	0.00424	0.00290	0.00647	0.00678	0.00904	0.01550	0.13702	0.01803	0.73263	0.02050	0.00400	0.00411	0.00733	0.00290	0.00283
21	0.01402	0.00910	0.01018	0.00851	0.01128	0.00979	0.00680	0.18816	0.35496	0.20319	0.03798	0.01554	0.01233	0.00580	0.00440	0.00140	0.00371	0.00470	0.09121	0.00694
22	0.01157	0.04245	0.17098	0.03257	0.25526	0.00965	0.01075	0.09800	0.05082	0.11265	0.12514	0.01561	0.01310	0.00544	0.00452	0.00138	0.00476	0.02548	0.00333	0.00653
23	0.06411	0.06135	0.38804	0.01112	0.03311	0.01139	0.01185	0.22785	0.01247	0.03507	0.00935	0.01106	0.00705	0.00494	0.00458	0.00139	0.03834	0.02377	0.03665	0.00653
24	0.00556	0.00447	0.00497	0.00508	0.00632	0.00388	0.00377	0.00686	0.01044	0.01314	0.18739	0.15126	0.53609	0.01131	0.00537	0.00155	0.00234	0.03205	0.00430	0.00385
25	0.01028	0.03171	0.00926	0.00826	0.01023	0.06936	0.00649	0.04498	0.38687	0.02818	0.08313	0.03941	0.04142	0.04665	0.00591	0.02088	0.00388	0.12088	0.02651	0.00569
26	0.01250	0.01288	0.09971	0.06075	0.14109	0.12671	0.00988	0.13883	0.20503	0.05208	0.01141	0.01237	0.00874	0.00683	0.05453	0.00175	0.03109	0.00409	0.00325	0.00649
27	0.01187	0.00933	0.01119	0.03659	0.04673	0.04546	0.03968	0.02647	0.01288	0.02853	0.04297	0.13870	0.15211	0.01294	0.00722	0.00247	0.00538	0.35787	0.00511	0.00650
28	0.00593	0.00456	0.00525	0.00520	0.00646	0.00404	0.00395	0.00752	0.01108	0.01457	0.33607	0.05714	0.42027	0.01037	0.00526	0.00149	0.00232	0.05586	0.03866	0.00398
29	0.02012	0.06938	0.19373	0.01056	0.04178	0.02516	0.00970	0.03015	0.04753	0.02599	0.06230	0.06149	0.05842	0.00853	0.05745	0.00193	0.26286	0.00486	0.00268	0.00540
30	0.00838	0.00532	0.05368	0.00469	0.00607	0.00455	0.00394	0.01065	0.00938	0.01652	0.01419	0.01624	0.01111	0.00515	0.00320	0.00107	0.00236	0.00412	0.81506	0.00432
31	0.00998	0.01108	0.04565	0.16572	0.10678	0.01059	0.50302	0.01343	0.01018	0.01377	0.00964	0.01419	0.00779	0.00446	0.00507	0.00152	0.00679	0.05218	0.00231	0.00585
32	0.00688	0.00489	0.00666	0.00608	0.00731	0.00456	0.05215	0.00891	0.01133	0.01652	0.47419	0.08918	0.09101	0.00850	0.00484	0.00137	0.00248	0.00752	0.19138	0.00424
33	0.00684	0.00562	0.00661	0.00746	0.03688	0.05417	0.00532	0.00825	0.01015	0.01324	0.18097	0.38362	0.09016	0.01158	0.00553	0.00170	0.00320	0.16049	0.00412	0.00408
34	0.01898	0.00897	0.01068	0.00834	0.01165	0.05715	0.00682	0.12641	0.01377	0.62965	0.01594	0.01424	0.01030	0.00544	0.00441	0.00135	0.00415	0.00432	0.04011	0.00733
35	0.00563	0.00447	0.00510	0.00535	0.00651	0.00393	0.00401	0.00691	0.01021	0.01283	0.13810	0.19784	0.48753	0.01167	0.00545	0.00161	0.00248	0.08228	0.00425	0.00384

[dist]
# distance from previous block
# <min> <max>
0	1

[block]
# block no. 4 follows, 58 sequences, length 32
# corresponding to MSA columns:
# 353-384
name=unknown_E
#
# <colnr> <probs for GDERKNQSTAVLIFYWHMCP>
#	G	D	E	R	K	N	Q	S	T	A	V	L	I	F	Y	W	H	M	C	P
0	0.00592	0.00457	0.00593	0.00649	0.00690	0.00464	0.00457	0.00677	0.00863	0.01148	0.04010	0.60521	0.12344	0.04657	0.00718	0.00189	0.07942	0.02265	0.00391	0.00375
1	0.02951	0.00765	0.01243	0.73530	0.02798	0.00937	0.01140	0.01101	0.00903	0.01170	0.01136	0.01468	0.08042	0.00510	0.00451	0.00149	0.00556	0.00444	0.00221	0.00486
2	0.79420	0.00821	0.00645	0.00591	0.00845	0.00944	0.00478	0.01251	0.00770	0.01927	0.00793	0.08411	0.00713	0.00506	0.00304	0.00142	0.00338	0.00337	0.00290	0.00473
3	0.00979	0.00979	0.01370	0.01174	0.01174	0.01370	0.00979	0.01077	0.00685	0.01077	0.00587	0.00979	0.00587	0.00783	0.01468	0.00196	0.83461	0.00391	0.00196	0.00489
4	0.79428	0.00827	0.00652	0.00586	0.00847	0.00950	0.00479	0.01271	0.00808	0.01987	0.08064	0.00968	0.00829	0.00461	0.00300	0.00139	0.00334	0.00295	0.00297	0.00479
5	0.01184	0.38659	0.11452	0.01055	0.07366	0.12127	0.02256	0.08438	0.01073	0.01310	0.00929	0.10473	0.00879	0.00531	0.00382	0.00121	0.00529	0.00408	0.00248	0.00580
6	0.01195	0.01137	0.08540	0.00965	0.01273	0.01154	0.00820	0.15783	0.59661	0.01994	0.01597	0.01499	0.01187	0.00578	0.00451	0.00148	0.00406	0.00472	0.00429	0.00713
7	0.00907	0.00889	0.04490	0.03573	0.21614	0.02794	0.04055	0.02438	0.07305	0.01372	0.09365	0.01884	0.09721	0.06732	0.08485	0.00223	0.11590	0.00530	0.01498	0.00536
8	0.01200	0.01012	0.01005	0.00893	0.01139	0.08527	0.00694	0.04264	0.57412	0.07843	0.09514	0.01727	0.01538	0.00618	0.00457	0.00146	0.00387	0.00509	0.00445	0.00668
9	0.03516	0.18898	0.10786	0.01115	0.07726	0.04531	0.02233	0.07450	0.23607	0.03766	0.02374	0.01175	0.00896	0.00524	0.00519	0.00138	0.09413	0.00388	0.00307	0.00636
10	0.09327	0.32971	0.05888	0.01004	0.04274	0.31756	0.00843	0.02522	0.01055	0.03133	0.00724	0.01951	0.00619	0.00444	0.00371	0.00115	0.01921	0.00292	0.00230	0.00557
11	0.01080	0.44174	0.23932	0.08509	0.01529	0.01385	0.01032	0.04769	0.00971	0.01276	0.00742	0.00879	0.00604	0.00409	0.00349	0.00114	0.00525	0.00293	0.02958	0.04470
12	0.07784	0.32852	0.18451	0.01307	0.01715	0.09528	0.01160	0.05221	0.01373	0.03498	0.01413	0.01852	0.01257	0.02436	0.05446	0.00270	0.00775	0.02346	0.00438	0.00878
13	0.01260	0.67072	0.05933	0.00853	0.01224	0.15041	0.00824	0.01417	0.00970	0.01077	0.00642	0.00743	0.00574	0.00398	0.00313	0.00101	0.00541	0.00252	0.00198	0.00569
14	0.00545	0.00389	0.00519	0.00623	0.00649	0.00363	0.00415	0.00623	0.00856	0.01142	0.02465	0.83987	0.02959	0.01401	0.00571	0.00182	0.00260	0.01272	0.00415	0.00363
15	0.01697	0.01229	0.01324	0.01018	0.01374	0.01356	0.00840	0.75504	0.03942	0.05486	0.01115	0.01103	0.00787	0.00539	0.00448	0.00135	0.00485	0.00407	0.00451	0.00759
16	0.04463	0.00668	0.00811	0.00710	0.00937	0.00634	0.00558	0.05561	0.08496	0.32882	0.03795	0.16648	0.17414	0.00847	0.00488	0.00152	0.00329	0.03554	0.00471	0.00581
17	0.02505	0.34761	0.38695	0.01022	0.01519	0.03972	0.01168	0.03446	0.03902	0.04061	0.00801	0.00896	0.00621	0.00423	0.00370	0.00123	0.00563	0.00304	0.00221	0.00627
18	0.01014	0.00875	0.00962	0.02427	0.01129	0.00983	0.02379	0.03365	0.61467	0.01766	0.05351	0.02084	0.12884	0.00685	0.00470	0.00151	0.00346	0.00577	0.00441	0.00644
19	0.00566	0.00403	0.00537	0.00637	0.00669	0.00380	0.00439	0.00653	0.00865	0.01150	0.02418	0.73545	0.02873	0.04425	0.00638	0.00193	0.00280	0.08555	0.00410	0.00365
20	0.01771	0.00806	0.01031	0.00809	0.01126	0.00755	0.00661	0.12417	0.05843	0.58375	0.10040	0.01662	0.01403	0.00592	0.00458	0.00139	0.00376	0.00484	0.00528	0.00723
21	0.01218	0.01406	0.16920	0.04861	0.21633	0.11154	0.05416	0.15453	0.04739	0.03829	0.01021	0.04695	0.00833	0.00512	0.00463	0.00139	0.01926	0.01356	0.01782	0.00645
22	0.01196	0.84548	0.02344	0.00765	0.01148	0.01770	0.00765	0.01339	0.00909	0.01052	0.00622	0.00718	0.00574	0.00383	0.00287	0.00096	0.00478	0.00239	0.00191	0.00574
23	0.00676	0.00481	0.00600	0.00562	0.00687	0.00442	0.00424	0.00898	0.03394	0.04423	0.63627	0.03394	0.16848	0.00930	0.00523	0.00143	0.00223	0.00811	0.00481	0.00434
24	0.17569	0.02885	0.10635	0.00759	0.01079	0.00758	0.00692	0.03226	0.02192	0.34547	0.10254	0.03528	0.08782	0.00620	0.00429	0.00140	0.00377	0.00494	0.00423	0.00611
25	0.03818	0.22799	0.12777	0.01088	0.03127	0.04144	0.12235	0.05755	0.01096	0.21517	0.01051	0.01180	0.00787	0.00483	0.00457	0.00133	0.04114	0.02491	0.00311	0.00637
26	0.00599	0.00460	0.00550	0.00542	0.00657	0.00417	0.00401	0.00788	0.03142	0.01519	0.43816	0.13600	0.29794	0.01040	0.00531	0.00150	0.00226	0.00904	0.00456	0.00407
27	0.00691	0.00464	0.00561	0.00568	0.00689	0.00411	0.00419	0.00820	0.01039	0.08490	0.17494	0.27808	0.33854	0.01126	0.00537	0.00159	0.00254	0.03755	0.00442	0.00417
28	0.01116	0.06726	0.11584	0.13032	0.09397	0.15107	0.08451	0.06782	0.02881	0.01346	0.00949	0.08446	0.00846	0.00568	0.00570	0.00145	0.10787	0.00453	0.00249	0.00567
29	0.01254	0.01097	0.10923	0.03821	0.25682	0.00959	0.04593	0.08054	0.11598	0.17403	0.02912	0.01470	0.02418	0.00611	0.03095	0.00160	0.00509	0.02417	0.00346	0.00678
30	0.00743	0.00571	0.00657	0.00655	0.00788	0.00570	0.00488	0.06554	0.13182	0.02510	0.09682	0.31964	0.24146	0.01085	0.00530	0.00162	0.00286	0.04536	0.00432	0.00460
31	0.00927	0.02095	0.02287	0.00768	0.00933	0.00767	0.00604	0.08465	0.18651	0.05874	0.01492	0.04403	0.03369	0.11325	0.35505	0.00422	0.00737	0.00527	0.00336	0.00512

[dist]
# distance from previous block
# <min> <max>
1	5

[block]
# block no. 5 follows, 58 sequences, length 20
# corresponding to MSA columns:
# 392-411
name=unknown_F
#
# <colnr> <probs for GDERKNQSTAVLIFYWHMCP>
#	G	D	E	R	K	N	Q	S	T	A	V	L	I	F	Y	W	H	M	C	P
0	0.04806	0.10193	0.06670	0.00845	0.01097	0.12944	0.04620	0.03729	0.01090	0.06258	0.09043	0.06020	0.10583	0.00728	0.00456	0.00141	0.00451	0.12283	0.04214	0.03829
1	0.02883	0.02958	0.02417	0.06004	0.01289	0.03714	0.03191	0.08280	0.08884	0.04579	0.02089	0.01082	0.00793	0.00411	0.00376	0.00097	0.00404	0.00333	0.00304	0.49910
2	0.01049	0.00938	0.01142	0.00934	0.06808	0.04331	0.05281	0.08241	0.01062	0.01562	0.00825	0.00964	0.00672	0.00363	0.00364	0.00084	0.00405	0.00303	0.00274	0.64397
3	0.00580	0.00450	0.00529	0.00536	0.00652	0.00400	0.00402	0.00729	0.01088	0.01417	0.31479	0.13862	0.39376	0.01095	0.00539	0.00154	0.00236	0.05640	0.00443	0.00394
4	0.00592	0.00474	0.00536	0.00529	0.00656	0.00436	0.00393	0.00774	0.04525	0.01330	0.20164	0.08026	0.47207	0.04719	0.07436	0.00210	0.00320	0.00863	0.00413	0.00398
5	0.00560	0.00404	0.00526	0.00609	0.00651	0.00376	0.00416	0.00651	0.00894	0.01187	0.07849	0.67205	0.08454	0.04341	0.00628	0.00187	0.00266	0.04012	0.00415	0.00367
6	0.00618	0.00460	0.00580	0.00574	0.00684	0.00421	0.00440	0.00803	0.01171	0.01595	0.53344	0.07771	0.18971	0.01018	0.00540	0.00152	0.00239	0.09744	0.00464	0.00409
7	0.87439	0.00865	0.00657	0.00588	0.00865	0.01003	0.00484	0.01315	0.00761	0.02007	0.00623	0.00727	0.00484	0.00415	0.00277	0.00138	0.00346	0.00242	0.00277	0.00484
8	0.00979	0.00979	0.01370	0.01174	0.01174	0.01370	0.00979	0.01077	0.00685	0.01077	0.00587	0.00979	0.00587	0.00783	0.01468	0.00196	0.83461	0.00391	0.00196	0.00489
9	0.01700	0.01253	0.01342	0.01029	0.01387	0.01387	0.00850	0.79997	0.02103	0.02819	0.01074	0.01074	0.00761	0.00537	0.00447	0.00134	0.00492	0.00403	0.00447	0.00761
10	0.00680	0.00486	0.00674	0.00777	0.00863	0.00480	0.00650	0.00857	0.00990	0.01293	0.02391	0.23262	0.02663	0.01274	0.00607	0.00200	0.00377	0.60662	0.00413	0.00401
11	0.87439	0.00865	0.00657	0.00588	0.00865	0.01003	0.00484	0.01315	0.00761	0.02007	0.00623	0.00727	0.00484	0.00415	0.00277	0.00138	0.00346	0.00242	0.00277	0.00484
12	0.87439	0.00865	0.00657	0.00588	0.00865	0.01003	0.00484	0.01315	0.00761	0.02007	0.00623	0.00727	0.00484	0.00415	0.00277	0.00138	0.00346	0.00242	0.00277	0.00484
13	0.01970	0.00821	0.01075	0.00824	0.01172	0.00746	0.00681	0.11645	0.01380	0.72192	0.01681	0.01468	0.01065	0.00552	0.00450	0.00138	0.00394	0.00444	0.00541	0.00761
14	0.00573	0.00455	0.00515	0.00500	0.00632	0.00397	0.00375	0.00728	0.01125	0.01458	0.37257	0.03894	0.48426	0.01040	0.00528	0.00147	0.00220	0.00886	0.00448	0.00397
15	0.01878	0.00727	0.00980	0.00762	0.01083	0.00633	0.00626	0.02055	0.01256	0.73473	0.04582	0.01597	0.01221	0.00564	0.00443	0.00136	0.00363	0.00460	0.06436	0.00726
16	0.00624	0.00457	0.00585	0.00553	0.00663	0.00418	0.00415	0.00827	0.01245	0.01743	0.74571	0.03425	0.10934	0.00934	0.00528	0.00142	0.00212	0.00821	0.00486	0.00418
17	0.00975	0.01153	0.10762	0.27863	0.05884	0.05879	0.04008	0.01206	0.00846	0.01170	0.00710	0.01049	0.00596	0.00580	0.00870	0.00165	0.35169	0.00386	0.00200	0.00528
18	0.01337	0.00668	0.00831	0.00697	0.00925	0.00630	0.00543	0.03152	0.10985	0.37931	0.14605	0.02234	0.08354	0.11126	0.00693	0.00177	0.00340	0.00578	0.03600	0.00595
19	0.08832	0.00787	0.01018	0.00787	0.01128	0.00711	0.00650	0.04839	0.01268	0.72645	0.01649	0.01443	0.01045	0.00542	0.00436	0.00138	0.00382	0.00432	0.00528	0.00739

[dist]
# distance from previous block
# <min> <max>
3	7

[block]
# block no. 6 follows, 58 sequences, length 13
# corresponding to MSA columns:
# 438-450
name=unknown_G
#
# <colnr> <probs for GDERKNQSTAVLIFYWHMCP>
#	G	D	E	R	K	N	Q	S	T	A	V	L	I	F	Y	W	H	M	C	P
0	0.01503	0.03080	0.01227	0.01072	0.04127	0.36138	0.00809	0.21296	0.08629	0.05319	0.00999	0.01102	0.00782	0.02391	0.02607	0.00148	0.02730	0.00367	0.03423	0.02251
1	0.00690	0.00462	0.00574	0.00603	0.00700	0.00424	0.00430	0.00842	0.03820	0.07780	0.12224	0.47648	0.19739	0.01189	0.00543	0.00166	0.00260	0.01052	0.00437	0.00418
2	0.00878	0.00692	0.02927	0.00757	0.00954	0.02094	0.07681	0.03546	0.05487	0.09436	0.14049	0.08089	0.26027	0.01032	0.06591	0.00189	0.02549	0.00709	0.05821	0.00489
3	0.82325	0.00859	0.00680	0.00601	0.00882	0.00983	0.00495	0.01367	0.00792	0.06783	0.00691	0.00774	0.00522	0.00424	0.00287	0.00138	0.00348	0.00255	0.00293	0.00501
4	0.00606	0.00430	0.00533	0.00577	0.00659	0.00389	0.00410	0.00723	0.00980	0.03465	0.15569	0.45444	0.22084	0.01210	0.00545	0.00165	0.00250	0.03066	0.02506	0.00390
5	0.14113	0.00648	0.00713	0.00631	0.00834	0.00659	0.00495	0.01434	0.13533	0.17096	0.21499	0.02088	0.07115	0.00663	0.00423	0.00136	0.00287	0.00543	0.16551	0.00537
6	0.00626	0.00454	0.00589	0.00561	0.00665	0.00418	0.00419	0.00828	0.01241	0.01746	0.75286	0.06592	0.07010	0.00942	0.00529	0.00143	0.00214	0.00832	0.00487	0.00418
7	0.00529	0.00453	0.00453	0.00453	0.00604	0.00378	0.00340	0.00642	0.01020	0.01208	0.04532	0.04305	0.81307	0.01133	0.00529	0.00151	0.00227	0.00944	0.00415	0.00378
8	0.01196	0.84548	0.02344	0.00765	0.01148	0.01770	0.00765	0.01339	0.00909	0.01052	0.00622	0.00718	0.00574	0.00383	0.00287	0.00096	0.00478	0.00239	0.00191	0.00574
9	0.00633	0.00457	0.00598	0.00563	0.00668	0.00422	0.00422	0.00844	0.01266	0.01794	0.81253	0.03341	0.04221	0.00914	0.00528	0.00141	0.00211	0.00809	0.00492	0.00422
10	0.00633	0.00457	0.00598	0.00563	0.00668	0.00422	0.00422	0.00844	0.01266	0.01794	0.81253	0.03341	0.04221	0.00914	0.00528	0.00141	0.00211	0.00809	0.00492	0.00422
11	0.00897	0.02314	0.81962	0.01275	0.01936	0.01039	0.01653	0.01417	0.00944	0.01417	0.00803	0.00944	0.00567	0.00425	0.00425	0.00142	0.00661	0.00331	0.00189	0.00661
12	0.87439	0.00865	0.00657	0.00588	0.00865	0.01003	0.00484	0.01315	0.00761	0.02007	0.00623	0.00727	0.00484	0.00415	0.00277	0.00138	0.00346	0.00242	0.00277	0.00484

[dist]
# distance from previous block
# <min> <max>
0	27

[block]
# block no. 7 follows, 58 sequences, length 68
# corresponding to MSA columns:
# 478-513,517-548
name=unknown_H
#
# <colnr> <probs for GDERKNQSTAVLIFYWHMCP>
#	G	D	E	R	K	N	Q	S	T	A	V	L	I	F	Y	W	H	M	C	P
0	0.01164	0.00987	0.01041	0.00921	0.01183	0.01137	0.00721	0.09224	0.73750	0.01955	0.01755	0.01616	0.01312	0.00601	0.00454	0.00150	0.00366	0.00497	0.00454	0.00713
1	0.02007	0.00761	0.01038	0.00796	0.01142	0.00657	0.00657	0.02180	0.01280	0.81799	0.01765	0.01523	0.01107	0.00554	0.00450	0.00138	0.00381	0.00450	0.00554	0.00761
2	0.00646	0.00465	0.00633	0.00732	0.00808	0.00452	0.00589	0.00800	0.00965	0.01259	0.02505	0.34474	0.06378	0.01293	0.00596	0.00194	0.00346	0.46058	0.00413	0.00392
3	0.06494	0.46782	0.31526	0.00949	0.01427	0.01442	0.01077	0.03495	0.00945	0.01294	0.00701	0.00811	0.00571	0.00404	0.00342	0.00116	0.00538	0.00277	0.00203	0.00606
4	0.01944	0.00863	0.01101	0.00844	0.01192	0.00808	0.00697	0.18212	0.01450	0.65527	0.01622	0.01430	0.01036	0.00550	0.00449	0.00138	0.00404	0.00440	0.00532	0.00761
5	0.00545	0.00389	0.00519	0.00623	0.00649	0.00363	0.00415	0.00623	0.00856	0.01142	0.02465	0.83987	0.02959	0.01401	0.00571	0.00182	0.00260	0.01272	0.00415	0.00363
6	0.01667	0.00990	0.01201	0.06659	0.01395	0.01035	0.02119	0.32319	0.12549	0.33123	0.01422	0.01340	0.00966	0.00544	0.00451	0.00140	0.00442	0.00437	0.00469	0.00733
7	0.04757	0.01216	0.01304	0.01003	0.01357	0.01339	0.00828	0.73566	0.02017	0.06484	0.01090	0.01083	0.00767	0.00533	0.00442	0.00135	0.00482	0.00399	0.00446	0.00751
8	0.00721	0.00515	0.00721	0.00824	0.00927	0.00515	0.00721	0.00927	0.01030	0.01339	0.02368	0.05046	0.02574	0.01236	0.00618	0.00206	0.00412	0.78478	0.00412	0.00412
9	0.01056	0.01207	0.02640	0.01885	0.02338	0.01131	0.79864	0.01433	0.01056	0.01433	0.00905	0.01207	0.00679	0.00377	0.00528	0.00151	0.00754	0.00528	0.00226	0.00603
10	0.08989	0.01245	0.01276	0.00994	0.01339	0.04042	0.00817	0.69489	0.03190	0.02678	0.01035	0.01045	0.00741	0.00525	0.00432	0.00134	0.00488	0.00387	0.00426	0.00728
11	0.00616	0.00439	0.00478	0.00478	0.00521	0.00418	0.00291	0.00648	0.00756	0.00965	0.02306	0.03323	0.24499	0.60411	0.01775	0.00353	0.00374	0.00735	0.00312	0.00302
12	0.00545	0.00389	0.00519	0.00623	0.00649	0.00363	0.00415	0.00623	0.00856	0.01142	0.02465	0.83987	0.02959	0.01401	0.00571	0.00182	0.00260	0.01272	0.00415	0.00363
13	0.00845	0.00795	0.01342	0.83204	0.03081	0.00994	0.01242	0.01143	0.00894	0.01143	0.00795	0.01193	0.00596	0.00447	0.00447	0.00149	0.00596	0.00398	0.00199	0.00497
14	0.35362	0.01141	0.01070	0.00862	0.01182	0.04915	0.00707	0.45557	0.01538	0.02422	0.00879	0.00925	0.00644	0.00486	0.00378	0.00135	0.00449	0.00335	0.00371	0.00641
15	0.00845	0.00795	0.01342	0.83204	0.03081	0.00994	0.01242	0.01143	0.00894	0.01143	0.00795	0.01193	0.00596	0.00447	0.00447	0.00149	0.00596	0.00398	0.00199	0.00497
16	0.00928	0.00795	0.00928	0.00663	0.01060	0.00596	0.00530	0.01126	0.00928	0.01458	0.00795	0.00928	0.00663	0.00331	0.00331	0.00066	0.00331	0.00265	0.00265	0.87014
17	0.01373	0.01169	0.01488	0.01353	0.12373	0.05674	0.12401	0.28962	0.23524	0.05129	0.01230	0.01266	0.00913	0.00511	0.00458	0.00140	0.00510	0.00445	0.00379	0.00703
18	0.06420	0.01085	0.01233	0.01015	0.01240	0.04906	0.02883	0.35215	0.08456	0.01959	0.00997	0.01160	0.00792	0.00931	0.10775	0.00222	0.19345	0.00407	0.00340	0.00619
19	0.00651	0.00434	0.00488	0.00488	0.00488	0.00434	0.00271	0.00651	0.00651	0.00867	0.01409	0.02927	0.01626	0.84279	0.02277	0.00434	0.00434	0.00651	0.00271	0.00271
20	0.04695	0.03446	0.01617	0.03885	0.43040	0.08127	0.03823	0.20814	0.01291	0.01767	0.00871	0.01049	0.00693	0.00437	0.00430	0.00130	0.00541	0.00381	0.00280	0.02681
21	0.01605	0.01205	0.01289	0.01010	0.01351	0.01342	0.00827	0.67350	0.14907	0.02665	0.01196	0.01171	0.00859	0.00548	0.00449	0.00137	0.00470	0.00420	0.00449	0.00752
22	0.00544	0.00447	0.00481	0.00498	0.00626	0.00383	0.00370	0.00661	0.01010	0.01236	0.08340	0.15737	0.62846	0.01163	0.00538	0.00157	0.00238	0.03927	0.00419	0.00379
23	0.01149	0.05389	0.25210	0.01070	0.01535	0.01037	0.09191	0.18830	0.04620	0.03603	0.00929	0.01029	0.00694	0.00429	0.00411	0.00119	0.00517	0.00356	0.00290	0.23592
24	0.01122	0.09252	0.10338	0.01447	0.07193	0.13156	0.22586	0.01359	0.00943	0.01237	0.00733	0.00996	0.00616	0.00523	0.00762	0.00152	0.26416	0.00393	0.00210	0.00566
25	0.02007	0.00761	0.01038	0.00796	0.01142	0.00657	0.00657	0.02180	0.01280	0.81799	0.01765	0.01523	0.01107	0.00554	0.00450	0.00138	0.00381	0.00450	0.00554	0.00761
26	0.00545	0.00454	0.00476	0.00470	0.00614	0.00385	0.00353	0.00674	0.01058	0.01300	0.16530	0.04154	0.69252	0.01099	0.00529	0.00149	0.00224	0.00923	0.00427	0.00385
27	0.01002	0.01874	0.51989	0.06354	0.04371	0.01086	0.16992	0.08323	0.01068	0.01528	0.00847	0.01027	0.00612	0.00426	0.00449	0.00143	0.00657	0.00382	0.00221	0.00650
28	0.00774	0.00391	0.00586	0.00586	0.00588	0.00393	0.00393	0.00588	0.00586	0.00783	0.00787	0.01369	0.00785	0.01597	0.03671	0.84931	0.00408	0.00391	0.00195	0.00199
29	0.07793	0.00633	0.00636	0.00563	0.00736	0.00673	0.00443	0.18158	0.01177	0.01944	0.01310	0.01466	0.01011	0.00516	0.00339	0.00113	0.00281	0.00400	0.61313	0.00497
30	0.00624	0.00460	0.00587	0.00569	0.00670	0.00436	0.00426	0.00797	0.01106	0.01525	0.50827	0.03340	0.14902	0.08173	0.10045	0.00235	0.00353	0.04095	0.00430	0.00400
31	0.04592	0.00866	0.01483	0.63195	0.11880	0.01014	0.08270	0.01203	0.00917	0.01242	0.00803	0.01164	0.00612	0.00434	0.00447	0.00147	0.00592	0.00403	0.00207	0.00530
32	0.16460	0.01264	0.01218	0.00964	0.01297	0.08463	0.00788	0.59562	0.01799	0.02527	0.00963	0.00991	0.00697	0.00509	0.00414	0.00133	0.00495	0.00365	0.00399	0.00692
33	0.83517	0.00870	0.00690	0.00615	0.00879	0.01020	0.00507	0.01304	0.00758	0.01965	0.00621	0.00738	0.00489	0.00432	0.00331	0.00141	0.04116	0.00249	0.00273	0.00485
34	0.01073	0.01191	0.02497	0.01801	0.02216	0.01158	0.71073	0.04193	0.01065	0.01455	0.00887	0.01185	0.00675	0.00414	0.00596	0.00154	0.07023	0.00513	0.00232	0.00600
35	0.00664	0.00533	0.00589	0.00572	0.00717	0.00513	0.00429	0.00996	0.14558	0.01475	0.23125	0.10682	0.39080	0.00996	0.00514	0.00150	0.00247	0.00850	0.02865	0.00445
36	0.00909	0.00875	0.01455	0.56387	0.13121	0.01069	0.04007	0.01173	0.00883	0.01185	0.00771	0.01147	0.00613	0.00493	0.00615	0.00155	0.14014	0.00401	0.00202	0.00527
37	0.01671	0.02132	0.01268	0.01152	0.01383	0.82483	0.00864	0.01786	0.01268	0.01095	0.00691	0.00807	0.00576	0.00461	0.00403	0.00115	0.00807	0.00288	0.00230	0.00519
38	0.00611	0.00527	0.04017	0.00586	0.00711	0.00431	0.00455	0.00782	0.02272	0.02412	0.28816	0.27433	0.27107	0.01096	0.00534	0.00156	0.00254	0.00958	0.00433	0.00410
39	0.01019	0.23338	0.41646	0.01238	0.01753	0.03376	0.15673	0.01388	0.00957	0.01305	0.00797	0.02401	0.00632	0.00431	0.00431	0.00133	0.02305	0.00360	0.00202	0.00615
40	0.01761	0.01156	0.01282	0.00983	0.01339	0.01243	0.00812	0.64633	0.01941	0.18413	0.01210	0.01163	0.00829	0.00540	0.00448	0.00135	0.00470	0.00412	0.00468	0.00761
41	0.02007	0.00761	0.01038	0.00796	0.01142	0.00657	0.00657	0.02180	0.01280	0.81799	0.01765	0.01523	0.01107	0.00554	0.00450	0.00138	0.00381	0.00450	0.00554	0.00761
42	0.01016	0.00970	0.01652	0.30610	0.54334	0.01039	0.01328	0.01293	0.00976	0.01351	0.00825	0.01137	0.00670	0.00415	0.00444	0.00138	0.00554	0.00398	0.00214	0.00635
43	0.00619	0.00457	0.00579	0.00548	0.00660	0.00416	0.00411	0.00818	0.01234	0.01717	0.71232	0.03467	0.14289	0.00943	0.00528	0.00142	0.00213	0.00827	0.00482	0.00416
44	0.01700	0.01253	0.01342	0.01029	0.01387	0.01387	0.00850	0.79997	0.02103	0.02819	0.01074	0.01074	0.00761	0.00537	0.00447	0.00134	0.00492	0.00403	0.00447	0.00761
45	0.00683	0.00492	0.00665	0.00718	0.00821	0.00478	0.00600	0.00882	0.01097	0.01468	0.27589	0.04425	0.06441	0.02915	0.00621	0.00188	0.00340	0.48732	0.00435	0.00411
46	0.00928	0.00795	0.00928	0.00663	0.01060	0.00596	0.00530	0.01126	0.00928	0.01458	0.00795	0.00928	0.00663	0.00331	0.00331	0.00066	0.00331	0.00265	0.00265	0.87014
47	0.80409	0.00897	0.00714	0.00624	0.00908	0.01035	0.00514	0.07766	0.00871	0.02074	0.00660	0.00755	0.00507	0.00425	0.00291	0.00138	0.00358	0.00255	0.00291	0.00507
48	0.01056	0.01207	0.02640	0.01885	0.02338	0.01131	0.79864	0.01433	0.01056	0.01433	0.00905	0.01207	0.00679	0.00377	0.00528	0.00151	0.00754	0.00528	0.00226	0.00603
49	0.00532	0.00451	0.00458	0.00461	0.00607	0.00378	0.00344	0.00646	0.01020	0.01220	0.06226	0.06621	0.77245	0.01136	0.00530	0.00152	0.00227	0.00951	0.00417	0.00378
50	0.00868	0.00787	0.01224	0.01724	0.44183	0.00765	0.00924	0.01094	0.02060	0.01443	0.14162	0.05474	0.20465	0.00710	0.00485	0.00142	0.00395	0.02205	0.00323	0.00567
51	0.01672	0.02108	0.01270	0.01149	0.01383	0.80252	0.00864	0.03938	0.01291	0.01142	0.00702	0.00814	0.00581	0.00463	0.00405	0.00116	0.00798	0.00291	0.00236	0.00525
52	0.00853	0.00590	0.00645	0.00596	0.00757	0.01770	0.00461	0.06408	0.08928	0.05299	0.23126	0.02821	0.21873	0.00811	0.00464	0.00137	0.00271	0.03453	0.20257	0.00477
53	0.01181	0.02482	0.27106	0.01473	0.18226	0.06080	0.08164	0.04513	0.06649	0.12187	0.06646	0.01290	0.00997	0.00485	0.00448	0.00138	0.00553	0.00423	0.00300	0.00659
54	0.01221	0.01091	0.01068	0.00943	0.01205	0.08046	0.00736	0.10399	0.65770	0.01904	0.01647	0.01534	0.01236	0.00587	0.00450	0.00147	0.00407	0.00477	0.00435	0.00697
55	0.44147	0.04456	0.01079	0.01018	0.08891	0.27360	0.01741	0.04117	0.01004	0.01644	0.00685	0.00807	0.00551	0.00431	0.00343	0.00129	0.00528	0.00281	0.00258	0.00531
56	0.01033	0.01022	0.05316	0.03059	0.44341	0.03171	0.07703	0.01361	0.06585	0.03724	0.07988	0.08611	0.01287	0.00568	0.00471	0.00142	0.00495	0.02202	0.00290	0.00630
57	0.00685	0.00523	0.00609	0.00668	0.00737	0.04141	0.00466	0.03371	0.00937	0.03132	0.02312	0.69232	0.04241	0.01268	0.00550	0.00173	0.00301	0.03310	0.00407	0.02938
58	0.11484	0.00759	0.00965	0.00763	0.01079	0.00695	0.00624	0.04037	0.01224	0.64420	0.04289	0.05222	0.01215	0.00588	0.00438	0.00140	0.00369	0.00474	0.00511	0.00701
59	0.01253	0.00875	0.00965	0.00839	0.01102	0.00952	0.00661	0.05668	0.52435	0.17314	0.02007	0.01848	0.08387	0.00638	0.00456	0.00147	0.00350	0.00527	0.02893	0.00683
60	0.01319	0.21007	0.06656	0.01048	0.01308	0.25656	0.02886	0.02638	0.07718	0.06224	0.00832	0.00963	0.00682	0.00527	0.00620	0.00135	0.18620	0.00338	0.00253	0.00571
61	0.01061	0.33557	0.47973	0.01059	0.01600	0.01300	0.01270	0.01422	0.00946	0.04924	0.00778	0.00884	0.00594	0.00415	0.00374	0.00124	0.00579	0.00301	0.00206	0.00632
62	0.04559	0.00450	0.00515	0.00541	0.00638	0.00417	0.00385	0.00752	0.00943	0.03096	0.10271	0.32514	0.27594	0.04674	0.00621	0.02606	0.00258	0.00934	0.07850	0.00384
63	0.03038	0.26910	0.28587	0.00968	0.02589	0.04342	0.01022	0.04306	0.00991	0.02623	0.00806	0.00989	0.00659	0.00422	0.00366	0.00113	0.00518	0.02407	0.00231	0.18112
64	0.01106	0.06048	0.05924	0.00863	0.01093	0.07781	0.00714	0.22789	0.10854	0.01750	0.08922	0.21216	0.03461	0.02585	0.00539	0.00153	0.02599	0.00654	0.00385	0.00564
65	0.05805	0.08352	0.11731	0.00888	0.05627	0.03816	0.00741	0.04011	0.00964	0.06113	0.03546	0.13499	0.06334	0.04903	0.12547	0.00234	0.00540	0.01744	0.00305	0.08299
66	0.06145	0.08152	0.14722	0.01050	0.06618	0.02401	0.04386	0.15856	0.09875	0.02805	0.09233	0.05013	0.02926	0.00559	0.00428	0.00132	0.00455	0.00461	0.00333	0.08451
67	0.02305	0.07744	0.05364	0.00999	0.06376	0.04858	0.05978	0.13755	0.06234	0.07091	0.09740	0.07206	0.04768	0.00619	0.00452	0.00132	0.01367	0.01917	0.04423	0.08673

[dist]
# distance from previous block
# <min> <max>
20	104

[block]
# block no. 8 follows, 58 sequences, length 65
# corresponding to MSA columns:
# 798-862
name=unknown_I
#
# <colnr> <probs for GDERKNQSTAVLIFYWHMCP>
#	G	D	E	R	K	N	Q	S	T	A	V	L	I	F	Y	W	H	M	C	P
0	0.04806	0.14802	0.11010	0.02739	0.05711	0.02328	0.00842	0.11815	0.13584	0.10848	0.05542	0.03320	0.02269	0.02298	0.00466	0.00137	0.01508	0.00429	0.00344	0.05203
1	0.05146	0.09623	0.08452	0.02883	0.03724	0.12081	0.01862	0.12882	0.07077	0.19928	0.04816	0.03069	0.02696	0.00538	0.00422	0.00131	0.00485	0.00421	0.00366	0.03399
2	0.12382	0.01121	0.03783	0.04623	0.03899	0.14332	0.00753	0.13466	0.13157	0.13180	0.02422	0.09082	0.03427	0.00610	0.00432	0.00140	0.00464	0.00484	0.00373	0.01869
3	0.17085	0.03951	0.01238	0.10478	0.25750	0.04215	0.00922	0.05142	0.01014	0.03179	0.02531	0.03576	0.02555	0.00579	0.00447	0.00143	0.01856	0.10624	0.00286	0.04430
4	0.03960	0.01159	0.02984	0.06170	0.57678	0.09611	0.02454	0.03161	0.01052	0.01448	0.00922	0.01148	0.02897	0.00430	0.00434	0.00131	0.00548	0.00394	0.00234	0.03185
5	0.00639	0.00478	0.00713	0.00713	0.00790	0.00556	0.00551	0.00795	0.00717	0.01034	0.01204	0.01790	0.01132	0.05582	0.80299	0.00711	0.01177	0.00484	0.00241	0.00396
6	0.06073	0.00880	0.01045	0.04580	0.09857	0.00967	0.00746	0.08810	0.37947	0.05867	0.16589	0.01790	0.01685	0.00616	0.00456	0.00144	0.00370	0.00520	0.00420	0.00639
7	0.00777	0.00389	0.00583	0.00583	0.00583	0.00389	0.00389	0.00583	0.00583	0.00777	0.00777	0.01360	0.00777	0.01554	0.01748	0.86985	0.00389	0.00389	0.00194	0.00194
8	0.00845	0.00795	0.01342	0.83204	0.03081	0.00994	0.01242	0.01143	0.00894	0.01143	0.00795	0.01193	0.00596	0.00447	0.00447	0.00149	0.00596	0.00398	0.00199	0.00497
9	0.00533	0.00453	0.00459	0.00458	0.00607	0.00380	0.00343	0.00651	0.01030	0.01234	0.07854	0.04263	0.77969	0.01123	0.00529	0.00151	0.00226	0.00938	0.00419	0.00380
10	0.01234	0.71834	0.04834	0.00809	0.01189	0.07649	0.00794	0.01390	0.00946	0.02956	0.00664	0.00755	0.00588	0.00393	0.00305	0.00099	0.00503	0.00251	0.00204	0.02603
11	0.00545	0.00389	0.00519	0.00623	0.00649	0.00363	0.00415	0.00623	0.00856	0.01142	0.02465	0.83987	0.02959	0.01401	0.00571	0.00182	0.00260	0.01272	0.00415	0.00363
12	0.05503	0.01040	0.01198	0.10524	0.01465	0.01130	0.00812	0.46944	0.03191	0.17284	0.01185	0.01199	0.00826	0.00525	0.00433	0.00136	0.00459	0.00406	0.05041	0.00698
13	0.03157	0.00996	0.01628	0.17110	0.50826	0.01036	0.03936	0.04608	0.03558	0.07433	0.00939	0.01164	0.00734	0.00431	0.00444	0.00138	0.00528	0.00407	0.00260	0.00667
14	0.01246	0.01027	0.01087	0.00937	0.01214	0.01175	0.00740	0.19992	0.62848	0.02086	0.01651	0.01534	0.01228	0.00591	0.00453	0.00148	0.00385	0.00482	0.00453	0.00720
15	0.00897	0.02314	0.81962	0.01275	0.01936	0.01039	0.01653	0.01417	0.00944	0.01417	0.00803	0.00944	0.00567	0.00425	0.00425	0.00142	0.00661	0.00331	0.00189	0.00661
