[name]
unknown

[dist]
# distance from previous block
# <min> <max>
0	75

[block]
# block no. 0 follows, 63 sequences, length 92
# corresponding to MSA columns:
# 98-189
name=unknown_A
#
# <colnr> <probs for GDERKNQSTAVLIFYWHMCP>
#	G	D	E	R	K	N	Q	S	T	A	V	L	I	F	Y	W	H	M	C	P
0	0.07350	0.01873	0.04761	0.04134	0.27594	0.06121	0.04340	0.20643	0.02024	0.04633	0.02559	0.01172	0.00788	0.00470	0.00447	0.00129	0.03778	0.03223	0.00287	0.03675
1	0.06950	0.02298	0.20698	0.00946	0.02442	0.07789	0.03445	0.11650	0.15908	0.07376	0.03068	0.04495	0.03449	0.00513	0.00404	0.00127	0.00459	0.00413	0.00316	0.07251
2	0.02386	0.00864	0.02471	0.01661	0.37479	0.02789	0.09102	0.03648	0.03343	0.02816	0.03489	0.13792	0.02410	0.00651	0.00464	0.00143	0.00453	0.11199	0.00287	0.00554
3	0.01356	0.01104	0.01109	0.00916	0.01201	0.07813	0.00734	0.39029	0.32475	0.04092	0.01280	0.01276	0.00955	0.00531	0.00420	0.00131	0.00429	0.01815	0.00404	0.02928
4	0.01061	0.00571	0.00694	0.00602	0.00743	0.00550	0.00434	0.08009	0.01986	0.24671	0.08215	0.04047	0.04773	0.39227	0.01219	0.00259	0.00368	0.01745	0.00375	0.00451
5	0.01511	0.02379	0.04397	0.02075	0.10939	0.00806	0.08532	0.05941	0.04484	0.47082	0.03432	0.01368	0.00994	0.00501	0.00454	0.00133	0.02603	0.01295	0.00410	0.00665
6	0.00979	0.14517	0.49351	0.01128	0.02408	0.01071	0.08738	0.05362	0.02951	0.04299	0.00841	0.01000	0.00633	0.00416	0.00392	0.00126	0.00562	0.01739	0.01428	0.02059
7	0.01040	0.01010	0.01699	0.05177	0.77043	0.02373	0.02896	0.01291	0.00958	0.01357	0.00788	0.01040	0.00660	0.00377	0.00417	0.00125	0.00510	0.00375	0.00208	0.00654
8	0.00897	0.00942	0.01605	0.03304	0.03614	0.05740	0.33907	0.01108	0.00867	0.01175	0.01053	0.15419	0.01030	0.00780	0.05148	0.00184	0.20510	0.01994	0.00239	0.00485
9	0.02623	0.00771	0.02406	0.03479	0.07024	0.01654	0.02404	0.02916	0.01119	0.56687	0.02452	0.04957	0.03048	0.00573	0.00470	0.00136	0.03681	0.02514	0.00441	0.00647
10	0.03143	0.13015	0.70357	0.01119	0.01697	0.01065	0.01416	0.01319	0.00879	0.01301	0.00728	0.00854	0.00531	0.00394	0.00379	0.00127	0.00591	0.00297	0.00180	0.00606
11	0.00794	0.00736	0.01238	0.79394	0.03942	0.00912	0.01140	0.01060	0.00837	0.01073	0.00774	0.01188	0.00599	0.00460	0.00455	0.02412	0.00551	0.01784	0.00191	0.00461
12	0.00690	0.00534	0.00785	0.00998	0.13329	0.00527	0.00696	0.00863	0.00929	0.01230	0.02082	0.22533	0.04392	0.01074	0.00543	0.00176	0.00367	0.47474	0.00360	0.00418
13	0.01108	0.01142	0.10512	0.02142	0.58130	0.03205	0.05162	0.03236	0.02462	0.07555	0.00873	0.01059	0.00687	0.00395	0.00418	0.00127	0.00515	0.00376	0.00238	0.00656
14	0.00846	0.00801	0.01355	0.66910	0.19793	0.00948	0.01193	0.01120	0.00865	0.01138	0.00756	0.01104	0.00583	0.00411	0.00419	0.00137	0.00547	0.00374	0.00191	0.00509
15	0.00516	0.00369	0.00492	0.00590	0.00616	0.00345	0.00397	0.00592	0.00809	0.01077	0.02315	0.83091	0.02772	0.01313	0.00538	0.00171	0.00247	0.03018	0.00390	0.00343
16	0.00929	0.00890	0.01433	0.42936	0.33250	0.03517	0.03236	0.03330	0.00929	0.01237	0.00827	0.04109	0.00687	0.00436	0.00424	0.00134	0.00533	0.00404	0.00210	0.00549
17	0.03504	0.22735	0.24998	0.01115	0.06826	0.14386	0.05037	0.08016	0.05268	0.03239	0.00790	0.00889	0.00614	0.00411	0.00370	0.00118	0.00554	0.00311	0.00231	0.00587
18	0.00511	0.00369	0.00484	0.00576	0.00607	0.00342	0.00386	0.00586	0.00814	0.01077	0.02432	0.80147	0.07511	0.01302	0.00534	0.00169	0.00242	0.01177	0.00390	0.00342
19	0.00922	0.00923	0.01330	0.03315	0.03381	0.01265	0.03099	0.01030	0.00667	0.01032	0.00571	0.00934	0.00557	0.00708	0.01305	0.00180	0.77755	0.00372	0.00185	0.00468
20	0.02223	0.00767	0.00974	0.04812	0.12980	0.04184	0.02851	0.10335	0.10081	0.09513	0.03503	0.24132	0.08926	0.00772	0.00462	0.00143	0.00376	0.02076	0.00362	0.00527
21	0.01023	0.00852	0.01467	0.01852	0.45868	0.00827	0.11058	0.01241	0.00961	0.10630	0.01218	0.17190	0.01144	0.00585	0.00453	0.00138	0.00458	0.02162	0.00283	0.00592
22	0.00788	0.00739	0.01242	0.81955	0.02834	0.00919	0.01147	0.01066	0.00850	0.01091	0.02953	0.01175	0.00652	0.00432	0.00422	0.00140	0.00551	0.00384	0.00194	0.00465
23	0.01473	0.01820	0.01290	0.01122	0.01357	0.68582	0.08520	0.03772	0.03683	0.01120	0.00730	0.00880	0.00605	0.02719	0.00440	0.00121	0.00723	0.00311	0.00229	0.00500
24	0.00885	0.04365	0.77174	0.01179	0.01782	0.00985	0.02627	0.01352	0.00898	0.03856	0.00779	0.00902	0.00550	0.00401	0.00398	0.00132	0.00610	0.00314	0.00189	0.00621
25	0.01869	0.00743	0.00993	0.00761	0.01087	0.00659	0.00629	0.06750	0.01249	0.78129	0.01620	0.01406	0.01021	0.00519	0.00423	0.00130	0.00364	0.00420	0.00514	0.00715
26	0.00794	0.00747	0.01261	0.84216	0.02895	0.00934	0.01167	0.01074	0.00841	0.01074	0.00747	0.01121	0.00560	0.00420	0.00420	0.00140	0.00560	0.00374	0.00187	0.00467
27	0.01040	0.01003	0.01615	0.01322	0.06259	0.04655	0.34198	0.06592	0.21565	0.03243	0.07541	0.01611	0.01187	0.00519	0.00468	0.00141	0.00520	0.05622	0.00317	0.00582
28	0.00881	0.06245	0.04716	0.01111	0.01316	0.02963	0.24018	0.05612	0.00913	0.01239	0.01231	0.25223	0.01277	0.00746	0.00670	0.00155	0.18095	0.02838	0.00271	0.00482
29	0.01570	0.02004	0.01191	0.01083	0.01300	0.83539	0.00812	0.01679	0.01191	0.01029	0.00650	0.00758	0.00541	0.00433	0.00379	0.00108	0.00758	0.00271	0.00217	0.00487
30	0.00931	0.00939	0.01286	0.01103	0.01107	0.02774	0.00918	0.01024	0.00654	0.01012	0.00554	0.00917	0.00552	0.00730	0.01361	0.00183	0.82944	0.00366	0.00185	0.00460
31	0.01021	0.01024	0.01975	0.01916	0.30376	0.01006	0.40648	0.02774	0.00980	0.03885	0.00920	0.04436	0.00767	0.00438	0.00511	0.00139	0.04749	0.01611	0.00232	0.00592
32	0.00862	0.02148	0.81567	0.01190	0.01806	0.00970	0.01536	0.01344	0.00893	0.02804	0.00771	0.00897	0.00542	0.00402	0.00400	0.00133	0.00617	0.00313	0.00184	0.00623
33	0.00595	0.00430	0.00562	0.00529	0.00628	0.00397	0.00397	0.00793	0.01190	0.01686	0.82382	0.03140	0.03966	0.00859	0.00496	0.00132	0.00198	0.00760	0.00463	0.00397
34	0.00568	0.00424	0.00528	0.00511	0.00614	0.00384	0.00380	0.00738	0.01112	0.01524	0.59976	0.09445	0.20372	0.00937	0.00499	0.00137	0.00205	0.00819	0.00442	0.00384
35	0.01299	0.01504	0.44477	0.01026	0.01512	0.00825	0.04268	0.01641	0.01028	0.36525	0.01148	0.01132	0.00756	0.00450	0.00413	0.00132	0.00511	0.00366	0.00327	0.00660
36	0.00843	0.02174	0.83048	0.01198	0.01819	0.00976	0.01553	0.01331	0.00888	0.01331	0.00754	0.00888	0.00533	0.00399	0.00399	0.00133	0.00621	0.00311	0.00178	0.00621
37	0.01103	0.74957	0.09235	0.00776	0.01148	0.03041	0.00798	0.01267	0.00859	0.01020	0.00600	0.00700	0.00539	0.00372	0.00306	0.00096	0.02223	0.00236	0.00180	0.00544
38	0.01331	0.00945	0.06057	0.06664	0.42734	0.00851	0.01046	0.01564	0.01038	0.31867	0.01111	0.01183	0.00792	0.00433	0.00418	0.00128	0.00457	0.00389	0.00322	0.00670
39	0.00802	0.00764	0.01313	0.80701	0.02866	0.00939	0.04575	0.01086	0.00847	0.01086	0.00752	0.01121	0.00564	0.00417	0.00424	0.00140	0.00567	0.00379	0.00188	0.00471
40	0.01327	0.01512	0.01366	0.01586	0.29151	0.44724	0.02520	0.05426	0.01133	0.01247	0.00812	0.01108	0.00705	0.00458	0.00408	0.00120	0.00632	0.04977	0.00234	0.00555
41	0.01054	0.01038	0.01736	0.02486	0.75325	0.03544	0.06014	0.01305	0.00966	0.01361	0.00790	0.01037	0.00660	0.00375	0.00420	0.00125	0.00520	0.00379	0.00209	0.00655
42	0.00524	0.00375	0.00502	0.00599	0.00629	0.00352	0.00412	0.00607	0.00817	0.01087	0.02310	0.78967	0.02753	0.01305	0.00540	0.00172	0.00255	0.07059	0.00390	0.00345
43	0.00872	0.00747	0.00872	0.00623	0.00996	0.00560	0.00498	0.01058	0.00872	0.01370	0.00747	0.00872	0.00623	0.00311	0.00311	0.00062	0.00311	0.00249	0.00249	0.87796
44	0.01539	0.01050	0.01139	0.00933	0.03219	0.08891	0.02350	0.30706	0.12365	0.26493	0.01242	0.01184	0.00865	0.00494	0.00413	0.00124	0.00439	0.00389	0.00413	0.05750
45	0.01570	0.02004	0.01191	0.01083	0.01300	0.83539	0.00812	0.01679	0.01191	0.01029	0.00650	0.00758	0.00541	0.00433	0.00379	0.00108	0.00758	0.00271	0.00217	0.00487
46	0.00710	0.00394	0.00576	0.00571	0.00581	0.00413	0.00391	0.00590	0.00571	0.00774	0.00819	0.01425	0.00825	0.07991	0.11663	0.68178	0.02721	0.00394	0.00193	0.00219
47	0.00848	0.03649	0.81617	0.01190	0.01806	0.00988	0.01538	0.01330	0.00887	0.01325	0.00751	0.00884	0.00533	0.00399	0.00397	0.00132	0.00618	0.00309	0.00178	0.00620
48	0.01784	0.00917	0.01072	0.00830	0.01153	0.04839	0.00682	0.25858	0.01435	0.54775	0.01414	0.01271	0.00918	0.00511	0.00420	0.00128	0.00409	0.00402	0.00476	0.00704
49	0.00816	0.00768	0.01290	0.71629	0.11699	0.00931	0.01157	0.01084	0.00850	0.01107	0.00791	0.03362	0.00632	0.00444	0.00437	0.00140	0.01789	0.00396	0.00195	0.00486
50	0.01005	0.00981	0.01729	0.12668	0.64583	0.00997	0.09304	0.01269	0.00946	0.01333	0.00791	0.01060	0.00650	0.00378	0.00425	0.00128	0.00528	0.00387	0.00206	0.00631
51	0.00805	0.00809	0.04476	0.74962	0.06696	0.00928	0.01177	0.01090	0.00851	0.01103	0.00785	0.01195	0.00609	0.00435	0.00423	0.00140	0.00556	0.02286	0.00192	0.00481
52	0.00942	0.01005	0.02034	0.20494	0.14479	0.01005	0.48768	0.01256	0.00948	0.01282	0.00858	0.03378	0.00682	0.00398	0.00468	0.00140	0.00631	0.00469	0.00211	0.00553
53	0.01868	0.00716	0.00980	0.02130	0.01103	0.00623	0.00627	0.02033	0.01197	0.81540	0.01643	0.01426	0.01033	0.00519	0.00423	0.00130	0.00361	0.00422	0.00515	0.00711
54	0.00909	0.18353	0.61293	0.01147	0.01703	0.01117	0.07293	0.01318	0.00889	0.01266	0.00728	0.00864	0.00542	0.00388	0.00381	0.00125	0.00594	0.00308	0.00181	0.00601
55	0.00730	0.00365	0.00548	0.00548	0.00548	0.00365	0.00365	0.00548	0.00548	0.00730	0.00730	0.01278	0.00730	0.01460	0.01643	0.87769	0.00365	0.00365	0.00183	0.00183
56	0.00522	0.00410	0.00474	0.00512	0.00604	0.00366	0.00367	0.00639	0.02091	0.01158	0.08326	0.36505	0.42100	0.01149	0.00514	0.00154	0.00231	0.03125	0.00395	0.00358
57	0.00547	0.00400	0.00521	0.00595	0.00653	0.00373	0.00433	0.00657	0.00886	0.01168	0.09698	0.53796	0.12293	0.01218	0.00536	0.00168	0.00262	0.15043	0.00396	0.00356
58	0.03095	0.13378	0.09946	0.01248	0.08825	0.21559	0.16805	0.04908	0.01071	0.11667	0.00889	0.01061	0.00690	0.00431	0.00402	0.00123	0.00584	0.02482	0.00259	0.00576
59	0.01142	0.79394	0.03712	0.00748	0.01105	0.06039	0.00740	0.01283	0.00873	0.00998	0.00591	0.00683	0.00539	0.00364	0.00278	0.00092	0.00469	0.00229	0.00182	0.00538
60	0.00929	0.11269	0.51205	0.01251	0.01776	0.01072	0.19202	0.04211	0.00945	0.01339	0.00799	0.02677	0.00610	0.00408	0.00410	0.00131	0.00608	0.00363	0.00199	0.00597
61	0.01191	0.01190	0.15970	0.03271	0.41493	0.03763	0.04615	0.03101	0.02840	0.17004	0.00973	0.01095	0.00722	0.00416	0.00417	0.00128	0.00508	0.00376	0.00272	0.00655
62	0.04183	0.02571	0.05924	0.01214	0.16281	0.03132	0.08320	0.04155	0.01108	0.43383	0.01294	0.03335	0.00917	0.00490	0.00423	0.00131	0.00445	0.01656	0.00383	0.00655
63	0.00826	0.00780	0.01319	0.73519	0.13339	0.00942	0.01184	0.01102	0.00856	0.01113	0.00753	0.01110	0.00574	0.00414	0.00420	0.00138	0.00552	0.00374	0.00190	0.00493
64	0.01057	0.03677	0.29198	0.04130	0.30555	0.02475	0.07091	0.06032	0.04260	0.06234	0.00874	0.01025	0.00660	0.00408	0.00413	0.00129	0.00544	0.00363	0.00236	0.00637
65	0.00963	0.09016	0.59281	0.01243	0.07389	0.01016	0.05158	0.02511	0.00930	0.06577	0.00825	0.01806	0.00606	0.00411	0.00397	0.00129	0.00579	0.00334	0.00209	0.00619
66	0.01873	0.00718	0.00975	0.00750	0.01073	0.00624	0.00619	0.02052	0.02435	0.81655	0.01659	0.01433	0.01044	0.00521	0.00423	0.00130	0.00357	0.00424	0.00519	0.00715
67	0.01048	0.01380	0.31117	0.02097	0.09210	0.00935	0.18391	0.08441	0.03431	0.09891	0.02228	0.03336	0.02802	0.00486	0.00441	0.00137	0.00545	0.03203	0.00274	0.00607
68	0.02284	0.01421	0.34020	0.01286	0.13812	0.00933	0.05483	0.09917	0.03745	0.21415	0.01042	0.01089	0.00725	0.00439	0.00414	0.00131	0.00513	0.00369	0.00302	0.00657
69	0.01110	0.01189	0.09688	0.06174	0.41883	0.08814	0.10022	0.06068	0.01042	0.05132	0.00891	0.01183	0.00726	0.00430	0.00427	0.00130	0.00549	0.03685	0.00240	0.00617
70	0.86844	0.00832	0.00627	0.00561	0.00821	0.02232	0.00461	0.01243	0.00723	0.01873	0.00586	0.00684	0.00457	0.00391	0.00262	0.00130	0.00332	0.00228	0.00259	0.00456
71	0.00809	0.02640	0.40052	0.02756	0.13221	0.00839	0.08871	0.01142	0.00903	0.01290	0.04491	0.17718	0.02244	0.00601	0.00442	0.00140	0.00511	0.00539	0.00242	0.00550
72	0.01142	0.77130	0.05076	0.00760	0.01120	0.06858	0.00756	0.01288	0.00877	0.01004	0.00595	0.00687	0.00539	0.00366	0.00281	0.00093	0.00475	0.00231	0.00182	0.00539
73	0.00601	0.00450	0.00676	0.00676	0.00751	0.00525	0.00525	0.00751	0.00676	0.00976	0.01126	0.01651	0.01051	0.03153	0.83560	0.00676	0.01126	0.00450	0.00225	0.00375
74	0.01094	0.53255	0.24557	0.00892	0.01309	0.10375	0.00961	0.01325	0.00900	0.01088	0.00639	0.00743	0.00538	0.00379	0.00318	0.00104	0.00531	0.00254	0.00183	0.00557
75	0.00799	0.00758	0.01294	0.82000	0.02877	0.00937	0.03315	0.01081	0.00845	0.01081	0.00750	0.01121	0.00562	0.00419	0.00422	0.00140	0.00564	0.00377	0.00187	0.00470
76	0.00742	0.00637	0.02005	0.00878	0.10007	0.02502	0.03912	0.01049	0.10934	0.02575	0.38134	0.14532	0.07634	0.01941	0.00502	0.00142	0.00301	0.00718	0.00392	0.00464
77	0.01031	0.00989	0.01689	0.05782	0.79478	0.00996	0.01285	0.01282	0.00953	0.01362	0.00789	0.01044	0.00662	0.00376	0.00416	0.00125	0.00502	0.00375	0.00207	0.00658
78	0.00530	0.00379	0.00509	0.00606	0.00638	0.00357	0.00422	0.00617	0.00823	0.01093	0.02307	0.76164	0.02741	0.01300	0.00541	0.00173	0.00260	0.09804	0.00390	0.00346
79	0.00531	0.00387	0.00520	0.00608	0.00635	0.00376	0.00417	0.00609	0.00806	0.01078	0.02259	0.79429	0.02698	0.01293	0.00564	0.00172	0.02865	0.04022	0.00384	0.00347
80	0.02287	0.02722	0.12599	0.01163	0.04322	0.38127	0.04621	0.11855	0.01128	0.01315	0.00707	0.00863	0.00573	0.00484	0.00568	0.00130	0.15446	0.00320	0.00232	0.00541
81	0.00551	0.00432	0.00501	0.00501	0.00620	0.00382	0.00384	0.00698	0.01041	0.01347	0.32516	0.05424	0.44410	0.01004	0.00505	0.00144	0.00225	0.08526	0.00416	0.00373
82	0.04603	0.26021	0.04876	0.02333	0.01235	0.01321	0.00775	0.38790	0.09501	0.01908	0.00913	0.00946	0.00696	0.00451	0.00366	0.00115	0.00443	0.00329	0.00323	0.04055
83	0.01809	0.00698	0.00951	0.00735	0.01047	0.00605	0.00605	0.01974	0.01202	0.78072	0.06453	0.01532	0.01214	0.00540	0.00427	0.00130	0.00348	0.00443	0.00517	0.00696
84	0.03965	0.04269	0.00799	0.02833	0.00904	0.03934	0.00537	0.05337	0.17985	0.09028	0.14999	0.12887	0.17330	0.00789	0.00454	0.00140	0.00314	0.02602	0.00398	0.00497
85	0.00900	0.22491	0.59113	0.01057	0.01593	0.01121	0.02189	0.01285	0.00883	0.01240	0.00851	0.00962	0.03747	0.00415	0.00373	0.00123	0.00564	0.00314	0.00187	0.00590
86	0.01813	0.00709	0.00952	0.00738	0.01051	0.00624	0.00607	0.02013	0.04013	0.76866	0.01649	0.01441	0.01051	0.00521	0.00418	0.00129	0.00350	0.00423	0.03930	0.00701
87	0.02079	0.08344	0.70550	0.01148	0.01728	0.01015	0.03282	0.01355	0.00898	0.04731	0.00779	0.00897	0.00556	0.00400	0.00391	0.00130	0.00595	0.00312	0.00194	0.00616
88	0.00904	0.00830	0.01302	0.58259	0.17322	0.03491	0.01127	0.03308	0.00919	0.03189	0.00880	0.01266	0.01737	0.00452	0.00425	0.00138	0.00537	0.03187	0.00216	0.00513
89	0.00522	0.00397	0.00467	0.00510	0.00579	0.00362	0.00350	0.00601	0.00835	0.01061	0.02902	0.40177	0.33461	0.11973	0.03631	0.00207	0.00284	0.00975	0.00367	0.00337
90	0.01178	0.18998	0.42127	0.00998	0.01470	0.07418	0.01124	0.03636	0.00994	0.16945	0.00892	0.00941	0.00637	0.00420	0.00376	0.00122	0.00542	0.00313	0.00253	0.00615
91	0.00875	0.00822	0.01393	0.54920	0.29473	0.00942	0.01189	0.01134	0.00872	0.01166	0.00761	0.01098	0.00600	0.00430	0.00448	0.02248	0.00535	0.00374	0.00194	0.00527

[dist]
# distance from previous block
# <min> <max>
0	3

[block]
# block no. 1 follows, 63 sequences, length 20
# corresponding to MSA columns:
# 194-213
name=unknown_B
#
# <colnr> <probs for GDERKNQSTAVLIFYWHMCP>
#	G	D	E	R	K	N	Q	S	T	A	V	L	I	F	Y	W	H	M	C	P
0	0.01095	0.01075	0.01551	0.15380	0.55724	0.09520	0.01187	0.06935	0.01035	0.01380	0.00785	0.01022	0.00640	0.00397	0.00413	0.00126	0.00533	0.00364	0.00221	0.00619
1	0.01025	0.00983	0.01678	0.07759	0.77547	0.00995	0.01282	0.01276	0.00950	0.01354	0.00788	0.01046	0.00659	0.00377	0.00416	0.00126	0.00503	0.00374	0.00207	0.00653
2	0.01044	0.04308	0.01728	0.05655	0.57804	0.01014	0.11036	0.02559	0.03747	0.02721	0.00836	0.01059	0.00680	0.00382	0.00417	0.00125	0.00510	0.00383	0.00224	0.03768
3	0.01616	0.01819	0.01160	0.01035	0.01267	0.71676	0.00784	0.01732	0.01193	0.12741	0.00794	0.00854	0.00613	0.00446	0.00385	0.00111	0.00701	0.00292	0.00260	0.00520
4	0.00932	0.00745	0.00878	0.00630	0.01001	0.00564	0.00505	0.01117	0.00891	0.06226	0.00801	0.00905	0.00648	0.00324	0.00318	0.00066	0.00314	0.00259	0.00265	0.82609
5	0.01147	0.77236	0.04443	0.00759	0.01116	0.07393	0.00750	0.01290	0.00879	0.01002	0.00594	0.00686	0.00539	0.00366	0.00281	0.00092	0.00476	0.00230	0.00182	0.00538
6	0.02303	0.03844	0.05200	0.01013	0.02725	0.03793	0.19567	0.03393	0.05108	0.01342	0.02389	0.07571	0.06327	0.00518	0.00480	0.00118	0.06566	0.00458	0.00266	0.27021
7	0.88196	0.00813	0.00618	0.00553	0.00813	0.00943	0.00455	0.01236	0.00715	0.01886	0.00585	0.00683	0.00455	0.00390	0.00260	0.00130	0.00325	0.00228	0.00260	0.00455
8	0.00611	0.00408	0.00458	0.00458	0.00458	0.00408	0.00255	0.00611	0.00611	0.00815	0.01325	0.02751	0.01528	0.85226	0.02140	0.00408	0.00408	0.00611	0.00255	0.00255
9	0.01696	0.01020	0.01164	0.00892	0.01225	0.01069	0.00737	0.54164	0.01712	0.30061	0.01231	0.01153	0.00826	0.00510	0.00421	0.00127	0.00427	0.00394	0.00455	0.00715
10	0.01126	0.65207	0.01914	0.00756	0.01090	0.01525	0.00711	0.04516	0.17219	0.01208	0.00828	0.00867	0.00696	0.00408	0.00307	0.00102	0.00427	0.00281	0.00239	0.00572
11	0.00604	0.00438	0.00615	0.00615	0.00669	0.00492	0.00450	0.00712	0.00658	0.00931	0.01182	0.01959	0.01185	0.26120	0.60776	0.00601	0.00925	0.00495	0.00233	0.00342
12	0.00870	0.04188	0.70598	0.01260	0.01849	0.01005	0.11764	0.01331	0.00900	0.01324	0.00762	0.00914	0.00546	0.00393	0.00408	0.00133	0.00628	0.00332	0.00182	0.00612
13	0.01254	0.01034	0.04286	0.01436	0.01828	0.00932	0.53136	0.01549	0.01045	0.25721	0.01083	0.01211	0.00754	0.00413	0.00489	0.00139	0.02309	0.00466	0.00303	0.00611
14	0.01734	0.00795	0.01226	0.00919	0.01261	0.00707	0.13628	0.03964	0.01189	0.67657	0.01511	0.01372	0.00967	0.00493	0.00435	0.00132	0.00417	0.00433	0.00468	0.00691
15	0.01221	0.00860	0.00954	0.00828	0.01083	0.00948	0.00652	0.03837	0.61727	0.18528	0.03460	0.01563	0.01280	0.00565	0.00428	0.00139	0.00338	0.00469	0.00447	0.00671
16	0.00958	0.00565	0.02110	0.00605	0.01914	0.00486	0.00471	0.02241	0.01063	0.25160	0.16005	0.06016	0.35972	0.02703	0.00521	0.00144	0.01453	0.00704	0.00429	0.00480
17	0.00852	0.00779	0.01261	0.78152	0.02779	0.00961	0.01141	0.06911	0.00923	0.01189	0.00766	0.01113	0.00572	0.00426	0.00420	0.00139	0.00553	0.00374	0.00204	0.00485
18	0.01060	0.01175	0.02224	0.01643	0.03450	0.07078	0.65059	0.05459	0.01041	0.01382	0.00841	0.01099	0.00640	0.00385	0.00512	0.00139	0.03893	0.00465	0.01892	0.00563
19	0.00681	0.00515	0.00734	0.00707	0.00800	0.00601	0.00555	0.06618	0.00770	0.01099	0.01103	0.01586	0.01014	0.02900	0.75460	0.00623	0.03151	0.00443	0.00238	0.00402

[dist]
# distance from previous block
# <min> <max>
0	2

[block]
# block no. 2 follows, 63 sequences, length 7
# corresponding to MSA columns:
# 216-222
name=unknown_C
#
# <colnr> <probs for GDERKNQSTAVLIFYWHMCP>
#	G	D	E	R	K	N	Q	S	T	A	V	L	I	F	Y	W	H	M	C	P
0	0.00539	0.00387	0.00529	0.00614	0.00652	0.00378	0.00434	0.00633	0.00803	0.01078	0.02157	0.66976	0.02527	0.01536	0.11082	0.00237	0.00369	0.08350	0.00369	0.00350
1	0.00624	0.00501	0.00669	0.00760	0.11019	0.00461	0.00488	0.00802	0.01094	0.01490	0.49809	0.03131	0.25858	0.00856	0.00486	0.00134	0.00241	0.00747	0.00410	0.00419
2	0.01017	0.00942	0.01448	0.10421	0.53920	0.03654	0.01102	0.08564	0.01028	0.01411	0.00996	0.11690	0.00924	0.00513	0.00431	0.00132	0.00478	0.00476	0.00249	0.00603
3	0.09218	0.01711	0.03527	0.01035	0.01289	0.57225	0.03694	0.09315	0.04706	0.03401	0.00761	0.00845	0.00599	0.00441	0.00381	0.00116	0.00657	0.00299	0.00256	0.00527
4	0.00618	0.00472	0.00612	0.00667	0.00761	0.00466	0.00550	0.00769	0.00938	0.01208	0.05610	0.14628	0.22912	0.01126	0.00586	0.00175	0.04104	0.43040	0.00382	0.00377
5	0.05996	0.00973	0.06386	0.01723	0.45243	0.00849	0.00998	0.01277	0.00932	0.06819	0.00823	0.00990	0.00659	0.00369	0.00378	0.00109	0.00436	0.00331	0.00241	0.24468
6	0.00934	0.00703	0.00835	0.00641	0.00946	0.00582	0.00507	0.03872	0.05173	0.08333	0.13384	0.04730	0.01293	0.00473	0.00368	0.00089	0.00302	0.00396	0.00325	0.56113

[dist]
# distance from previous block
# <min> <max>
0	1

[block]
# block no. 3 follows, 63 sequences, length 14
# corresponding to MSA columns:
# 224-237
name=unknown_D
#
# <colnr> <probs for GDERKNQSTAVLIFYWHMCP>
#	G	D	E	R	K	N	Q	S	T	A	V	L	I	F	Y	W	H	M	C	P
0	0.01285	0.55427	0.01839	0.00850	0.01158	0.31140	0.00753	0.01410	0.00976	0.01003	0.00608	0.00704	0.00540	0.00386	0.00309	0.00097	0.00561	0.00241	0.00193	0.00521
1	0.00677	0.00483	0.00658	0.00741	0.00830	0.00483	0.00625	0.02939	0.00958	0.01251	0.02168	0.15212	0.02384	0.04738	0.00637	0.00198	0.00371	0.63881	0.00383	0.00384
2	0.03825	0.17205	0.45377	0.01083	0.03947	0.04876	0.04490	0.03457	0.00956	0.04344	0.06016	0.01019	0.00785	0.00428	0.00382	0.00124	0.00545	0.00335	0.00222	0.00585
3	0.01101	0.10164	0.02717	0.06640	0.20822	0.04061	0.09445	0.09210	0.05997	0.08160	0.02850	0.04843	0.03144	0.00537	0.00472	0.00134	0.04522	0.04314	0.00290	0.00580
4	0.00601	0.00450	0.00676	0.00676	0.00751	0.00525	0.00525	0.00751	0.00676	0.00976	0.01126	0.01651	0.01051	0.03153	0.83560	0.00676	0.01126	0.00450	0.00225	0.00375
5	0.02725	0.08210	0.54182	0.01099	0.01588	0.10925	0.04939	0.01323	0.00925	0.01290	0.03017	0.00971	0.00666	0.00488	0.02617	0.00140	0.00609	0.00325	0.03387	0.00572
6	0.00938	0.04400	0.29115	0.19331	0.21386	0.00999	0.05553	0.01279	0.02174	0.03889	0.00804	0.01020	0.00614	0.00420	0.00460	0.00134	0.04983	0.00357	0.01560	0.00585
7	0.01139	0.01110	0.08668	0.01517	0.06317	0.00957	0.49938	0.03043	0.02811	0.15705	0.01051	0.02671	0.00783	0.00426	0.00470	0.00139	0.00602	0.01773	0.00278	0.00601
8	0.00982	0.00939	0.01601	0.21835	0.63804	0.00984	0.01261	0.01239	0.00930	0.01303	0.00780	0.01059	0.00641	0.00385	0.00417	0.00128	0.00514	0.00374	0.00203	0.00619
9	0.00984	0.06936	0.49337	0.03638	0.05259	0.04082	0.14160	0.01398	0.03109	0.05972	0.00834	0.00972	0.00606	0.00402	0.00410	0.00131	0.00600	0.00349	0.00213	0.00607
10	0.00983	0.03653	0.12334	0.13252	0.53758	0.01010	0.03281	0.01302	0.03937	0.01330	0.00810	0.01042	0.00653	0.00390	0.00413	0.00128	0.00521	0.00368	0.00209	0.00627
11	0.00553	0.00414	0.00565	0.00618	0.00661	0.00426	0.00440	0.00653	0.00800	0.01090	0.07045	0.55252	0.05295	0.01653	0.18581	0.00277	0.04011	0.00960	0.00350	0.00358
12	0.88196	0.00813	0.00618	0.00553	0.00813	0.00943	0.00455	0.01236	0.00715	0.01886	0.00585	0.00683	0.00455	0.00390	0.00260	0.00130	0.00325	0.00228	0.00260	0.00455
13	0.04471	0.28698	0.28080	0.00918	0.03951	0.01106	0.00952	0.03533	0.00915	0.05340	0.00744	0.00843	0.00585	0.00377	0.00337	0.00104	0.00470	0.00277	0.00221	0.18078

[dist]
# distance from previous block
# <min> <max>
0	1

[block]
# block no. 4 follows, 63 sequences, length 85
# corresponding to MSA columns:
# 239-323
name=unknown_E
#
# <colnr> <probs for GDERKNQSTAVLIFYWHMCP>
#	G	D	E	R	K	N	Q	S	T	A	V	L	I	F	Y	W	H	M	C	P
0	0.01822	0.00701	0.00951	0.00736	0.01051	0.00605	0.00605	0.01982	0.01189	0.79118	0.01743	0.03025	0.03350	0.00550	0.00427	0.00131	0.00352	0.00450	0.00514	0.00699
1	0.00613	0.00410	0.00466	0.00469	0.00472	0.00410	0.00269	0.00620	0.00623	0.00830	0.01354	0.02816	0.01558	0.82472	0.02089	0.00401	0.00407	0.03205	0.00259	0.00259
2	0.00601	0.00450	0.00676	0.00676	0.00751	0.00525	0.00525	0.00751	0.00676	0.00976	0.01126	0.01651	0.01051	0.03153	0.83560	0.00676	0.01126	0.00450	0.00225	0.00375
3	0.68841	0.00831	0.00701	0.00605	0.00873	0.02897	0.00496	0.03981	0.00843	0.13815	0.00774	0.00823	0.00564	0.00416	0.00293	0.00129	0.00342	0.00266	0.02009	0.00502
4	0.53712	0.24723	0.06008	0.00680	0.00993	0.02769	0.02310	0.02462	0.00799	0.01584	0.00608	0.00709	0.00493	0.00384	0.00281	0.00119	0.00396	0.00241	0.00233	0.00496
5	0.00983	0.00825	0.02871	0.18023	0.08311	0.00738	0.05757	0.03715	0.00943	0.08617	0.00879	0.02712	0.00696	0.00389	0.00374	0.00100	0.00417	0.00341	0.00262	0.43047
6	0.01487	0.01830	0.01213	0.01104	0.02523	0.69536	0.00832	0.04615	0.01154	0.01094	0.00654	0.00791	0.00551	0.00470	0.00498	0.00118	0.10527	0.00288	0.00220	0.00496
7	0.00976	0.00809	0.00909	0.00801	0.01023	0.00895	0.02306	0.03790	0.57481	0.03275	0.18192	0.01843	0.01780	0.00614	0.00439	0.00137	0.00316	0.00523	0.00426	0.03465
8	0.00544	0.00461	0.00478	0.00470	0.00614	0.00412	0.00355	0.00733	0.06736	0.01199	0.07418	0.03745	0.70319	0.01093	0.03402	0.00160	0.00253	0.00837	0.00390	0.00380
9	0.00545	0.00403	0.00503	0.00565	0.00623	0.00374	0.00390	0.02857	0.00889	0.01167	0.07719	0.63388	0.16582	0.01221	0.00524	0.00162	0.00242	0.01091	0.00396	0.00358
10	0.00922	0.00948	0.01520	0.01232	0.01325	0.01208	0.18310	0.01070	0.00725	0.01086	0.00675	0.03719	0.00644	0.00672	0.01160	0.00174	0.63511	0.00423	0.00197	0.00479
11	0.78967	0.03794	0.00712	0.00583	0.00851	0.00977	0.00484	0.04939	0.00791	0.03945	0.00632	0.00717	0.00485	0.00398	0.00272	0.00128	0.00337	0.00239	0.00271	0.00477
12	0.00589	0.00459	0.00668	0.02923	0.03652	0.00443	0.04034	0.00724	0.02468	0.01134	0.02198	0.62214	0.05090	0.01176	0.00529	0.00168	0.00299	0.10480	0.00371	0.00378
13	0.00891	0.00858	0.01204	0.01026	0.01083	0.01126	0.04613	0.01119	0.09184	0.01180	0.10336	0.01303	0.01058	0.02761	0.01153	0.00177	0.59772	0.00437	0.00245	0.00474
14	0.00990	0.01402	0.27447	0.01943	0.43849	0.03290	0.08199	0.02551	0.02328	0.01380	0.02188	0.01036	0.00685	0.00396	0.00418	0.00129	0.00555	0.00370	0.00210	0.00634
15	0.01124	0.85479	0.02203	0.00719	0.01079	0.01663	0.00719	0.01259	0.00854	0.00989	0.00584	0.00674	0.00539	0.00360	0.00270	0.00090	0.00450	0.00225	0.00180	0.00539
16	0.01072	0.00943	0.01329	0.20697	0.28836	0.01049	0.01015	0.14178	0.22216	0.01602	0.01052	0.01190	0.00809	0.00462	0.00435	0.00134	0.01660	0.00401	0.00294	0.00625
17	0.00975	0.00978	0.05684	0.03068	0.50664	0.00863	0.01047	0.01235	0.02398	0.01373	0.00792	0.00991	0.00655	0.00361	0.00383	0.00107	0.00446	0.00334	0.00223	0.27423
18	0.06345	0.14570	0.41340	0.01091	0.03793	0.01069	0.07166	0.08190	0.01009	0.07466	0.03609	0.00993	0.00711	0.00422	0.00386	0.00126	0.00532	0.00338	0.00242	0.00603
19	0.20461	0.02197	0.00930	0.00714	0.01026	0.00732	0.00591	0.04879	0.01122	0.60984	0.01384	0.01241	0.00894	0.00489	0.00385	0.00129	0.00356	0.00376	0.00455	0.00656
20	0.00522	0.00427	0.00460	0.00452	0.00583	0.00365	0.00339	0.00651	0.01017	0.01275	0.24033	0.03816	0.62572	0.01013	0.00497	0.00139	0.00209	0.00855	0.00409	0.00365
21	0.01190	0.73067	0.02052	0.00773	0.01112	0.13838	0.00733	0.01321	0.00904	0.00995	0.00594	0.00687	0.00540	0.00371	0.00286	0.00093	0.00495	0.00232	0.00185	0.00532
22	0.01173	0.01267	0.01407	0.16821	0.36854	0.28625	0.01072	0.01376	0.01009	0.02528	0.00761	0.00987	0.00624	0.00496	0.03129	0.00140	0.00615	0.00343	0.00213	0.00561
23	0.00662	0.00473	0.00660	0.00757	0.00847	0.00471	0.00651	0.00845	0.00953	0.01241	0.02234	0.12098	0.02452	0.01176	0.00577	0.00191	0.00374	0.72568	0.00387	0.00383
24	0.00687	0.00450	0.00591	0.00544	0.00660	0.00412	0.00412	0.00882	0.01191	0.07444	0.76658	0.03019	0.03759	0.00835	0.00491	0.00132	0.00210	0.00736	0.00467	0.00419
25	0.03474	0.14509	0.23740	0.01534	0.27982	0.05416	0.04418	0.02732	0.09731	0.01360	0.00842	0.00978	0.00664	0.00405	0.00387	0.00124	0.00523	0.00340	0.00225	0.00616
26	0.01202	0.71240	0.02037	0.00772	0.01117	0.09039	0.00734	0.07641	0.00974	0.01124	0.00624	0.00708	0.00554	0.00378	0.00292	0.00094	0.00478	0.00241	0.00202	0.00549
27	0.00521	0.00377	0.00493	0.00569	0.00609	0.00349	0.00387	0.00612	0.00862	0.01152	0.12312	0.69955	0.07755	0.01245	0.00529	0.00164	0.00236	0.01123	0.00399	0.00349
28	0.00850	0.04288	0.80997	0.01186	0.01801	0.00994	0.01532	0.01329	0.00887	0.01323	0.00750	0.00882	0.00533	0.00398	0.00396	0.00132	0.00617	0.00308	0.00178	0.00619
29	0.09748	0.04280	0.04675	0.02037	0.49031	0.04138	0.17416	0.01311	0.00943	0.01390	0.00768	0.00994	0.00625	0.00375	0.00409	0.00127	0.00537	0.00373	0.00212	0.00612
30	0.00992	0.01134	0.02481	0.01772	0.02197	0.01063	0.81077	0.01347	0.00992	0.01347	0.00850	0.01134	0.00638	0.00354	0.00496	0.00142	0.00709	0.00496	0.00213	0.00567
31	0.00512	0.00425	0.00432	0.00430	0.00568	0.00358	0.00323	0.00626	0.00968	0.01180	0.08428	0.03912	0.75379	0.01034	0.00490	0.00140	0.00212	0.00863	0.03360	0.00358
32	0.01574	0.07690	0.11644	0.00844	0.01199	0.02607	0.00777	0.14594	0.02354	0.46747	0.01385	0.01350	0.02058	0.00514	0.00412	0.00128	0.00423	0.02610	0.00420	0.00670
33	0.01001	0.00959	0.01635	0.15589	0.69903	0.00988	0.01271	0.01256	0.00939	0.01326	0.00784	0.01053	0.00649	0.00382	0.00417	0.00127	0.00509	0.00374	0.00205	0.00634
34	0.00800	0.00753	0.01271	0.82266	0.04799	0.00936	0.01170	0.01079	0.00843	0.01081	0.00748	0.01119	0.00563	0.00419	0.00420	0.00140	0.00559	0.00374	0.00187	0.00472
35	0.02133	0.09738	0.36783	0.01433	0.20817	0.06618	0.02829	0.07087	0.02168	0.05362	0.00815	0.00942	0.00615	0.00407	0.00393	0.00125	0.00555	0.00330	0.00227	0.00624
36	0.01044	0.00992	0.01673	0.06408	0.76548	0.01004	0.01271	0.03516	0.00980	0.01395	0.00795	0.01043	0.00662	0.00380	0.00416	0.00126	0.00501	0.00375	0.00213	0.00658
37	0.00602	0.00444	0.00642	0.00642	0.00705	0.00507	0.00483	0.00729	0.00666	0.00951	0.01157	0.01823	0.01125	0.15921	0.70894	0.00634	0.01014	0.00475	0.00230	0.00357
38	0.01598	0.01177	0.01262	0.00967	0.01304	0.01304	0.00799	0.81202	0.01976	0.02649	0.01009	0.01009	0.00715	0.00505	0.00421	0.00126	0.00463	0.00378	0.00421	0.00715
39	0.00794	0.00747	0.01261	0.84216	0.02895	0.00934	0.01167	0.01074	0.00841	0.01074	0.00747	0.01121	0.00560	0.00420	0.00420	0.00140	0.00560	0.00374	0.00187	0.00467
40	0.00794	0.00747	0.01261	0.84216	0.02895	0.00934	0.01167	0.01074	0.00841	0.01074	0.00747	0.01121	0.00560	0.00420	0.00420	0.00140	0.00560	0.00374	0.00187	0.00467
41	0.00794	0.00747	0.01261	0.84216	0.02895	0.00934	0.01167	0.01074	0.00841	0.01074	0.00747	0.01121	0.00560	0.00420	0.00420	0.00140	0.00560	0.00374	0.00187	0.00467
42	0.00816	0.00672	0.00777	0.03590	0.00987	0.00730	0.00627	0.01445	0.37386	0.01456	0.02296	0.03069	0.15728	0.00853	0.00492	0.00160	0.00338	0.27671	0.00399	0.00510
43	0.00871	0.00847	0.01193	0.01038	0.01049	0.01170	0.00859	0.00971	0.00649	0.01006	0.00640	0.01032	0.00629	0.01108	0.14042	0.00260	0.71618	0.00381	0.00190	0.00447
44	0.01570	0.02004	0.01191	0.01083	0.01300	0.83539	0.00812	0.01679	0.01191	0.01029	0.00650	0.00758	0.00541	0.00433	0.00379	0.00108	0.00758	0.00271	0.00217	0.00487
45	0.01124	0.85479	0.02203	0.00719	0.01079	0.01663	0.00719	0.01259	0.00854	0.00989	0.00584	0.00674	0.00539	0.00360	0.00270	0.00090	0.00450	0.00225	0.00180	0.00539
46	0.01114	0.82560	0.05036	0.00736	0.01105	0.01639	0.00749	0.01261	0.00855	0.01001	0.00590	0.00682	0.00539	0.00361	0.00274	0.00091	0.00456	0.00228	0.00180	0.00542
47	0.01827	0.00799	0.05157	0.00775	0.01116	0.00650	0.00669	0.03599	0.01203	0.77136	0.01599	0.01395	0.01008	0.00514	0.00422	0.00130	0.00373	0.00416	0.00501	0.00711
48	0.01124	0.85479	0.02203	0.00719	0.01079	0.01663	0.00719	0.01259	0.00854	0.00989	0.00584	0.00674	0.00539	0.00360	0.00270	0.00090	0.00450	0.00225	0.00180	0.00539
49	0.00512	0.00426	0.00447	0.00442	0.00577	0.00361	0.00331	0.00633	0.00994	0.01220	0.16296	0.03906	0.70343	0.01033	0.00497	0.00140	0.00211	0.00868	0.00402	0.00361
50	0.01124	0.85479	0.02203	0.00719	0.01079	0.01663	0.00719	0.01259	0.00854	0.00989	0.00584	0.00674	0.00539	0.00360	0.00270	0.00090	0.00450	0.00225	0.00180	0.00539
51	0.00602	0.00444	0.00642	0.00642	0.00706	0.00507	0.00484	0.00729	0.00666	0.00951	0.01157	0.01821	0.01124	0.15798	0.71015	0.00634	0.01015	0.00475	0.00230	0.00357
52	0.00497	0.00426	0.00426	0.00426	0.00568	0.00355	0.00319	0.00603	0.00958	0.01136	0.04259	0.04046	0.82433	0.01065	0.00497	0.00142	0.00213	0.00887	0.00390	0.00355
53	0.01570	0.02004	0.01191	0.01083	0.01300	0.83539	0.00812	0.01679	0.01191	0.01029	0.00650	0.00758	0.00541	0.00433	0.00379	0.00108	0.00758	0.00271	0.00217	0.00487
54	0.00869	0.09859	0.75591	0.01154	0.01751	0.01040	0.01476	0.01325	0.00884	0.01300	0.00739	0.00868	0.00533	0.00396	0.00387	0.00129	0.00605	0.00303	0.00178	0.00614
55	0.00811	0.00765	0.01292	0.78449	0.08526	0.00939	0.01176	0.01089	0.00849	0.01095	0.00750	0.01115	0.00568	0.00417	0.00420	0.00139	0.00556	0.00374	0.00188	0.00481
56	0.01570	0.02004	0.01191	0.01083	0.01300	0.83539	0.00812	0.01679	0.01191	0.01029	0.00650	0.00758	0.00541	0.00433	0.00379	0.00108	0.00758	0.00271	0.00217	0.00487
57	0.01482	0.00718	0.00931	0.00790	0.01049	0.00684	0.00663	0.13894	0.01252	0.46248	0.01727	0.02351	0.01401	0.00709	0.00469	0.00148	0.00383	0.24019	0.00465	0.00618
58	0.01035	0.01011	0.01638	0.11254	0.70885	0.04233	0.01258	0.01282	0.00954	0.01328	0.00781	0.01038	0.00650	0.00382	0.00415	0.00126	0.00516	0.00370	0.00206	0.00638
59	0.00611	0.00408	0.00458	0.00458	0.00458	0.00408	0.00255	0.00611	0.00611	0.00815	0.01325	0.02751	0.01528	0.85226	0.02140	0.00408	0.00408	0.00611	0.00255	0.00255
60	0.01570	0.02004	0.01191	0.01083	0.01300	0.83539	0.00812	0.01679	0.01191	0.01029	0.00650	0.00758	0.00541	0.00433	0.00379	0.00108	0.00758	0.00271	0.00217	0.00487
61	0.01083	0.01044	0.04043	0.05012	0.56131	0.01984	0.14533	0.02913	0.01927	0.05961	0.00860	0.01078	0.00681	0.00387	0.00429	0.00129	0.00532	0.00396	0.00232	0.00643
62	0.01040	0.00999	0.01706	0.02580	0.82604	0.00999	0.01290	0.01290	0.00957	0.01373	0.00791	0.01040	0.00666	0.00375	0.00416	0.00125	0.00499	0.00375	0.00208	0.00666
63	0.00519	0.00371	0.00496	0.00594	0.00621	0.00348	0.00403	0.00598	0.00812	0.01081	0.02313	0.81411	0.02764	0.01310	0.00539	0.00172	0.00250	0.04664	0.00390	0.00343
64	0.00889	0.14740	0.67688	0.01122	0.01680	0.01092	0.01403	0.01308	0.00873	0.01267	0.00721	0.00856	0.00534	0.00406	0.00417	0.00129	0.03793	0.00300	0.00178	0.00603
65	0.00794	0.00747	0.01261	0.84216	0.02895	0.00934	0.01167	0.01074	0.00841	0.01074	0.00747	0.01121	0.00560	0.00420	0.00420	0.00140	0.00560	0.00374	0.00187	0.00467
66	0.00630	0.00424	0.00482	0.00476	0.00485	0.00429	0.00275	0.02194	0.00640	0.00857	0.01311	0.02678	0.01496	0.80692	0.04959	0.00411	0.00434	0.00601	0.00257	0.00268
67	0.00601	0.00450	0.00676	0.00676	0.00751	0.00525	0.00525	0.00751	0.00676	0.00976	0.01126	0.01651	0.01051	0.03153	0.83560	0.00676	0.01126	0.00450	0.00225	0.00375
68	0.85925	0.00823	0.00635	0.00564	0.00826	0.00952	0.00464	0.03332	0.00748	0.01906	0.00596	0.00691	0.00462	0.00393	0.00264	0.00130	0.00329	0.00232	0.00264	0.00462
69	0.00876	0.02058	0.74638	0.01239	0.01837	0.00977	0.08307	0.01346	0.00902	0.02872	0.00780	0.00919	0.00551	0.00398	0.00408	0.00134	0.00624	0.00329	0.00187	0.00618
70	0.00839	0.00805	0.01169	0.01015	0.01049	0.01082	0.03545	0.00955	0.00664	0.01014	0.00711	0.01117	0.00685	0.01352	0.22728	0.00310	0.59930	0.00394	0.00196	0.00442
71	0.01046	0.00903	0.00951	0.00855	0.01093	0.01046	0.00665	0.02234	0.81845	0.01759	0.01711	0.01568	0.01283	0.00570	0.00428	0.00143	0.00333	0.00475	0.00428	0.00665
72	0.01338	0.00790	0.01042	0.17696	0.04212	0.00830	0.00762	0.04002	0.24734	0.34975	0.02533	0.01458	0.02662	0.00525	0.00426	0.00136	0.00394	0.00439	0.00409	0.00638
73	0.00840	0.02079	0.77418	0.01195	0.01792	0.00960	0.04300	0.01314	0.00901	0.01344	0.03535	0.00973	0.00653	0.00413	0.00406	0.00133	0.00610	0.00332	0.00188	0.00612
74	0.00608	0.00522	0.00532	0.00513	0.00674	0.00494	0.00389	0.00933	0.17294	0.01261	0.03744	0.03545	0.66044	0.00965	0.00483	0.00142	0.00237	0.00804	0.00398	0.00418
75	0.01040	0.00999	0.01706	0.02580	0.82604	0.00999	0.01290	0.01290	0.00957	0.01373	0.00791	0.01040	0.00666	0.00375	0.00416	0.00125	0.00499	0.00375	0.00208	0.00666
76	0.00890	0.01014	0.04820	0.01513	0.01864	0.00914	0.62076	0.01192	0.00951	0.01291	0.01143	0.18053	0.01067	0.00550	0.00501	0.00147	0.00612	0.00631	0.00247	0.00523
77	0.01570	0.02004	0.01191	0.01083	0.01300	0.83539	0.00812	0.01679	0.01191	0.01029	0.00650	0.00758	0.00541	0.00433	0.00379	0.00108	0.00758	0.00271	0.00217	0.00487
78	0.00512	0.00366	0.00488	0.00585	0.00610	0.00341	0.00390	0.00585	0.00805	0.01073	0.02317	0.84952	0.02780	0.01317	0.00537	0.00171	0.00244	0.01195	0.00390	0.00341
79	0.00843	0.02174	0.83048	0.01198	0.01819	0.00976	0.01553	0.01331	0.00888	0.01331	0.00754	0.00888	0.00533	0.00399	0.00399	0.00133	0.00621	0.00311	0.00178	0.00621
80	0.00794	0.00747	0.01261	0.84216	0.02895	0.00934	0.01167	0.01074	0.00841	0.01074	0.00747	0.01121	0.00560	0.00420	0.00420	0.00140	0.00560	0.00374	0.00187	0.00467
81	0.88196	0.00813	0.00618	0.00553	0.00813	0.00943	0.00455	0.01236	0.00715	0.01886	0.00585	0.00683	0.00455	0.00390	0.00260	0.00130	0.00325	0.00228	0.00260	0.00455
82	0.01046	0.00903	0.00951	0.00855	0.01093	0.01046	0.00665	0.02234	0.81845	0.01759	0.01711	0.01568	0.01283	0.00570	0.00428	0.00143	0.00333	0.00475	0.00428	0.00665
83	0.01886	0.00715	0.00976	0.00748	0.01073	0.00618	0.00618	0.02049	0.01203	0.82895	0.01658	0.01431	0.01041	0.00520	0.00423	0.00130	0.00358	0.00423	0.00520	0.00715
84	0.00533	0.00427	0.00476	0.00464	0.00590	0.00370	0.00348	0.00673	0.01044	0.01339	0.33120	0.03711	0.53445	0.00989	0.00496	0.00138	0.00208	0.00840	0.00417	0.00370

[dist]
# distance from previous block
# <min> <max>
0	0

# created by:
# /st0/software/busco_prod/Augustus/scripts/msa2prfl.pl ./align_prep/104592.fa
