[name]
unknown

[dist]
# distance from previous block
# <min> <max>
0	23

[block]
# block no. 0 follows, 56 sequences, length 8
# corresponding to MSA columns:
# 23-30
name=unknown_A
#
# <colnr> <probs for GDERKNQSTAVLIFYWHMCP>
#	G	D	E	R	K	N	Q	S	T	A	V	L	I	F	Y	W	H	M	C	P
0	0.00722	0.00521	0.00739	0.00823	0.00924	0.00538	0.00705	0.00924	0.00991	0.01310	0.02181	0.04478	0.02332	0.01720	0.17533	0.00321	0.00590	0.61842	0.00386	0.00420
1	0.00628	0.00468	0.00583	0.00554	0.00672	0.00424	0.00416	0.00823	0.01247	0.01716	0.64962	0.03635	0.20208	0.00985	0.00542	0.00147	0.00220	0.00859	0.00489	0.00424
2	0.00657	0.00487	0.00714	0.00714	0.00788	0.00561	0.00544	0.00805	0.00731	0.01048	0.01251	0.01923	0.01200	0.11447	0.74114	0.00709	0.01152	0.00509	0.00249	0.00397
3	0.00566	0.00438	0.00520	0.00580	0.00669	0.00391	0.00418	0.00672	0.00965	0.01217	0.03435	0.43333	0.36486	0.01306	0.00571	0.00175	0.00264	0.07184	0.00426	0.00383
4	0.00950	0.00923	0.01192	0.01066	0.01101	0.04247	0.00858	0.01141	0.07011	0.01184	0.01106	0.18191	0.01170	0.00908	0.01192	0.00191	0.56211	0.00594	0.00270	0.00494
5	0.00652	0.00448	0.00496	0.00496	0.00515	0.00438	0.00287	0.00667	0.00714	0.00933	0.01837	0.03177	0.11311	0.73790	0.02118	0.00410	0.00419	0.00704	0.00296	0.00292
6	0.01268	0.00862	0.01021	0.00756	0.01143	0.00726	0.00611	0.09223	0.04170	0.18220	0.01091	0.01123	0.00812	0.00419	0.00382	0.00094	0.00368	0.00335	0.00360	0.57017
7	0.01507	0.18468	0.05819	0.00959	0.01328	0.04364	0.00845	0.38268	0.07530	0.08780	0.03513	0.01158	0.00904	0.00519	0.00421	0.00128	0.00488	0.00389	0.00385	0.04225

[dist]
# distance from previous block
# <min> <max>
6	17

[block]
# block no. 1 follows, 56 sequences, length 12
# corresponding to MSA columns:
# 48-59
name=unknown_B
#
# <colnr> <probs for GDERKNQSTAVLIFYWHMCP>
#	G	D	E	R	K	N	Q	S	T	A	V	L	I	F	Y	W	H	M	C	P
0	0.00762	0.00642	0.00974	0.00936	0.05031	0.00647	0.09401	0.03438	0.02612	0.01501	0.26190	0.29181	0.06372	0.01005	0.00622	0.00166	0.06497	0.03151	0.00404	0.00469
1	0.00720	0.00521	0.00706	0.00765	0.00873	0.00515	0.00641	0.00963	0.03655	0.01515	0.24460	0.07720	0.03094	0.01162	0.00601	0.00190	0.00357	0.50665	0.00448	0.00433
2	0.00893	0.00649	0.00771	0.00757	0.00879	0.00669	0.00552	0.22824	0.01239	0.01656	0.02128	0.60359	0.02402	0.01189	0.00550	0.00173	0.00334	0.01054	0.00435	0.00488
3	0.00901	0.00965	0.01905	0.01455	0.04024	0.00892	0.49395	0.01192	0.01070	0.01394	0.02168	0.02374	0.26515	0.00663	0.00542	0.00156	0.00583	0.02962	0.00300	0.00542
4	0.27983	0.02794	0.00949	0.00764	0.01068	0.02346	0.00629	0.01843	0.06932	0.41380	0.01459	0.03162	0.01064	0.00582	0.00415	0.00147	0.00388	0.04997	0.00447	0.00651
5	0.01004	0.00909	0.01480	0.02166	0.58348	0.00909	0.01091	0.01200	0.00939	0.01328	0.01028	0.01662	0.00992	0.23895	0.00984	0.00223	0.00517	0.00482	0.00242	0.00601
6	0.00660	0.00476	0.00659	0.00659	0.00713	0.00531	0.00475	0.00769	0.00714	0.01007	0.01302	0.02205	0.01322	0.30316	0.55412	0.00640	0.00968	0.00551	0.00257	0.00366
7	0.04069	0.01276	0.05446	0.01239	0.01581	0.13739	0.22533	0.04258	0.25007	0.11732	0.01324	0.03573	0.01003	0.00532	0.00474	0.00147	0.00570	0.00484	0.00358	0.00656
8	0.01138	0.01061	0.01631	0.02288	0.58543	0.01105	0.01217	0.01699	0.23313	0.01618	0.01146	0.01299	0.00917	0.00469	0.00458	0.00142	0.00494	0.00440	0.00295	0.00727
9	0.00685	0.00570	0.00779	0.00799	0.00818	0.00664	0.00589	0.00770	0.00829	0.01153	0.01988	0.60332	0.02352	0.01260	0.00845	0.00191	0.23556	0.01051	0.00363	0.00409
10	0.01146	0.24447	0.01988	0.06907	0.54000	0.01291	0.01226	0.01386	0.01006	0.01363	0.00797	0.01029	0.00682	0.00407	0.00410	0.00127	0.00534	0.00363	0.00217	0.00676
11	0.01044	0.00966	0.01462	0.30161	0.31403	0.01080	0.01170	0.01617	0.23268	0.01504	0.01130	0.01329	0.00877	0.00487	0.00460	0.00148	0.00517	0.00440	0.00287	0.00651

[dist]
# distance from previous block
# <min> <max>
1	16

[block]
# block no. 2 follows, 56 sequences, length 10
# corresponding to MSA columns:
# 81-90
name=unknown_C
#
# <colnr> <probs for GDERKNQSTAVLIFYWHMCP>
#	G	D	E	R	K	N	Q	S	T	A	V	L	I	F	Y	W	H	M	C	P
0	0.01136	0.01091	0.01863	0.02818	0.81002	0.01091	0.01409	0.01409	0.01045	0.01500	0.00864	0.01136	0.00727	0.00409	0.00455	0.00136	0.00545	0.00409	0.00227	0.00727
1	0.01136	0.01091	0.01863	0.02818	0.81002	0.01091	0.01409	0.01409	0.01045	0.01500	0.00864	0.01136	0.00727	0.00409	0.00455	0.00136	0.00545	0.00409	0.00227	0.00727
2	0.01905	0.00872	0.01314	0.00987	0.01359	0.00782	0.11819	0.06119	0.01325	0.65966	0.01650	0.01493	0.01056	0.00542	0.00473	0.00144	0.00451	0.00471	0.00515	0.00758
3	0.00572	0.00410	0.00544	0.00630	0.00669	0.00382	0.00427	0.00672	0.00940	0.01269	0.13853	0.71967	0.03224	0.01366	0.00580	0.00180	0.00259	0.01236	0.00438	0.00382
4	0.01057	0.01192	0.02581	0.01852	0.02295	0.01117	0.74525	0.01434	0.01097	0.01493	0.05795	0.01372	0.00918	0.00421	0.00542	0.00154	0.00740	0.00559	0.00249	0.00608
5	0.01661	0.17157	0.01346	0.00846	0.01177	0.03402	0.03127	0.04242	0.04591	0.46840	0.07093	0.04037	0.01284	0.00580	0.00440	0.00135	0.00422	0.00470	0.00458	0.00692
6	0.00640	0.00502	0.00760	0.00780	0.00844	0.00494	0.06700	0.00745	0.00890	0.01194	0.02257	0.65953	0.02648	0.01320	0.00664	0.02690	0.04200	0.05930	0.00394	0.00396
7	0.01117	0.01071	0.01829	0.08457	0.75511	0.01086	0.01400	0.01392	0.01036	0.01477	0.00860	0.01142	0.00719	0.00413	0.00455	0.00138	0.00550	0.00409	0.00226	0.00712
8	0.01729	0.00869	0.01071	0.00854	0.01173	0.00852	0.00694	0.14584	0.14632	0.48299	0.08778	0.01681	0.01410	0.00608	0.00469	0.00144	0.00389	0.00497	0.00528	0.00741
9	0.00978	0.00855	0.01081	0.00983	0.12399	0.00680	0.00666	0.01192	0.00965	0.01497	0.00823	0.00978	0.00687	0.00350	0.00356	0.00078	0.00369	0.00291	0.00266	0.74507

[dist]
# distance from previous block
# <min> <max>
12	19

[block]
# block no. 3 follows, 56 sequences, length 20
# corresponding to MSA columns:
# 111-130
name=unknown_D
#
# <colnr> <probs for GDERKNQSTAVLIFYWHMCP>
#	G	D	E	R	K	N	Q	S	T	A	V	L	I	F	Y	W	H	M	C	P
0	0.00971	0.14868	0.62513	0.01175	0.01787	0.01144	0.01459	0.01417	0.00962	0.01400	0.00795	0.00932	0.00591	0.00421	0.00406	0.00132	0.00621	0.00319	0.00201	0.07887
1	0.14001	0.00764	0.00965	0.00772	0.01089	0.00700	0.00629	0.01977	0.01202	0.63342	0.01705	0.08334	0.01205	0.00621	0.00447	0.00146	0.00375	0.00502	0.00516	0.00707
2	0.00862	0.00814	0.01396	0.68750	0.05427	0.00976	0.05582	0.01152	0.00928	0.01200	0.00968	0.08138	0.00824	0.00536	0.00474	0.00155	0.00590	0.00491	0.00225	0.00512
3	0.01255	0.79549	0.02344	0.00808	0.01192	0.06311	0.00791	0.01400	0.00953	0.01083	0.00642	0.00742	0.00589	0.00397	0.00301	0.00099	0.00510	0.00248	0.00199	0.00586
4	0.02060	0.00781	0.01065	0.00817	0.01172	0.00675	0.00675	0.02237	0.01314	0.81320	0.01811	0.01563	0.01136	0.00568	0.00462	0.00142	0.00391	0.00462	0.00568	0.00781
5	0.00924	0.00875	0.01481	0.65725	0.19751	0.01035	0.01304	0.01223	0.00945	0.01243	0.00826	0.01205	0.00637	0.00448	0.00458	0.00149	0.00598	0.00408	0.00209	0.00556
6	0.00921	0.02375	0.81487	0.01309	0.01987	0.01066	0.01696	0.01454	0.00969	0.01454	0.00824	0.00969	0.00582	0.00436	0.00436	0.00145	0.00678	0.00339	0.00194	0.00678
7	0.00644	0.00488	0.00630	0.04933	0.00812	0.00458	0.00470	0.00846	0.01226	0.01681	0.60223	0.03543	0.18416	0.00964	0.00540	0.00149	0.00246	0.02833	0.00472	0.00428
8	0.02060	0.00781	0.01065	0.00817	0.01172	0.00675	0.00675	0.02237	0.01314	0.81320	0.01811	0.01563	0.01136	0.00568	0.00462	0.00142	0.00391	0.00462	0.00568	0.00781
9	0.01022	0.00981	0.01689	0.36076	0.45947	0.01064	0.03974	0.01313	0.00994	0.01363	0.00846	0.01176	0.00678	0.00429	0.00459	0.00144	0.00581	0.00413	0.00218	0.00633
10	0.01136	0.01091	0.01863	0.02818	0.81002	0.01091	0.01409	0.01409	0.01045	0.01500	0.00864	0.01136	0.00727	0.00409	0.00455	0.00136	0.00545	0.00409	0.00227	0.00727
11	0.00559	0.00400	0.00533	0.00639	0.00666	0.00373	0.00426	0.00639	0.00879	0.01172	0.02530	0.83566	0.03036	0.01438	0.00586	0.00186	0.00266	0.01305	0.00426	0.00373
12	0.00561	0.00453	0.00499	0.00515	0.00638	0.00391	0.00376	0.00683	0.01048	0.01309	0.14673	0.19825	0.55052	0.01186	0.00551	0.00160	0.00237	0.01016	0.00437	0.00391
13	0.01136	0.01091	0.01863	0.02818	0.81002	0.01091	0.01409	0.01409	0.01045	0.01500	0.00864	0.01136	0.00727	0.00409	0.00455	0.00136	0.00545	0.00409	0.00227	0.00727
14	0.01745	0.01286	0.01378	0.01056	0.01424	0.01424	0.00873	0.79471	0.02159	0.02893	0.01102	0.01102	0.00781	0.00551	0.00459	0.00138	0.00505	0.00413	0.00459	0.00781
15	0.87108	0.00888	0.00675	0.00604	0.00888	0.01030	0.00497	0.01350	0.00781	0.02060	0.00639	0.00746	0.00497	0.00426	0.00284	0.00142	0.00355	0.00249	0.00284	0.00497
16	0.01602	0.00845	0.00957	0.00789	0.01059	0.09605	0.00631	0.01782	0.01297	0.48784	0.21786	0.02096	0.03685	0.00680	0.00482	0.00142	0.00392	0.02226	0.00509	0.00649
17	0.00543	0.00465	0.00465	0.00465	0.00620	0.00388	0.00349	0.00659	0.01046	0.01240	0.04651	0.04418	0.80815	0.01163	0.00543	0.00155	0.00233	0.00969	0.00426	0.00388
18	0.01306	0.01174	0.01325	0.01071	0.01395	0.12613	0.11755	0.07856	0.33460	0.08109	0.01347	0.01345	0.01008	0.00515	0.00450	0.00134	0.00497	0.00440	0.00379	0.13821
19	0.01766	0.00760	0.00990	0.00775	0.01106	0.00663	0.00632	0.01998	0.05452	0.62679	0.02059	0.01844	0.09935	0.00621	0.00462	0.00139	0.00368	0.00508	0.00527	0.06716

[dist]
# distance from previous block
# <min> <max>
8	11

[block]
# block no. 4 follows, 56 sequences, length 6
# corresponding to MSA columns:
# 144-149
name=unknown_E
#
# <colnr> <probs for GDERKNQSTAVLIFYWHMCP>
#	G	D	E	R	K	N	Q	S	T	A	V	L	I	F	Y	W	H	M	C	P
0	0.28770	0.01016	0.01092	0.00972	0.05574	0.01128	0.03574	0.23630	0.18460	0.04960	0.01148	0.01178	0.00853	0.00513	0.00400	0.00142	0.00418	0.00391	0.05133	0.00650
1	0.00668	0.00445	0.00501	0.00501	0.00501	0.00445	0.00278	0.00668	0.00668	0.00890	0.01447	0.03004	0.01669	0.83866	0.02337	0.00445	0.00445	0.00668	0.00278	0.00278
2	0.01136	0.01091	0.01863	0.02818	0.81002	0.01091	0.01409	0.01409	0.01045	0.01500	0.00864	0.01136	0.00727	0.00409	0.00455	0.00136	0.00545	0.00409	0.00227	0.00727
3	0.00867	0.00816	0.01377	0.82762	0.03162	0.01020	0.01275	0.01173	0.00918	0.01173	0.00816	0.01224	0.00612	0.00459	0.00459	0.00153	0.00612	0.00408	0.00204	0.00510
4	0.01063	0.00882	0.01012	0.00733	0.01135	0.00726	0.00590	0.12113	0.01121	0.01691	0.00856	0.00973	0.00694	0.00370	0.00357	0.00078	0.00363	0.00292	0.00298	0.74655
5	0.04828	0.00923	0.01382	0.49253	0.15117	0.05446	0.03706	0.01264	0.00983	0.03904	0.01111	0.01484	0.05138	0.00517	0.00461	0.00150	0.00573	0.02968	0.00245	0.00548

[dist]
# distance from previous block
# <min> <max>
1	5

[block]
# block no. 5 follows, 56 sequences, length 6
# corresponding to MSA columns:
# 155-160
name=unknown_F
#
# <colnr> <probs for GDERKNQSTAVLIFYWHMCP>
#	G	D	E	R	K	N	Q	S	T	A	V	L	I	F	Y	W	H	M	C	P
0	0.00769	0.00704	0.01252	0.22205	0.01713	0.00727	0.18328	0.00989	0.00967	0.01287	0.06416	0.35991	0.01947	0.00913	0.00542	0.00169	0.00473	0.03809	0.00330	0.00469
1	0.03832	0.01769	0.47139	0.01340	0.08984	0.01050	0.05282	0.01605	0.16432	0.01593	0.05695	0.01279	0.00977	0.00497	0.00450	0.00147	0.00572	0.00417	0.00273	0.00669
2	0.01038	0.00908	0.01377	0.66837	0.02823	0.01099	0.01197	0.16434	0.01160	0.01508	0.00872	0.01200	0.00645	0.00477	0.00459	0.00150	0.00591	0.00409	0.00254	0.00563
3	0.17981	0.01003	0.01520	0.06179	0.52715	0.01030	0.01144	0.01477	0.01017	0.10357	0.00922	0.01111	0.00722	0.00432	0.00422	0.00139	0.00495	0.00384	0.00275	0.00677
4	0.00692	0.00549	0.00807	0.07274	0.12645	0.00544	0.00629	0.00839	0.00976	0.01335	0.17339	0.44924	0.02685	0.05791	0.00648	0.00183	0.00334	0.00976	0.00387	0.00442
5	0.01241	0.01514	0.23625	0.10022	0.01660	0.11765	0.01065	0.17863	0.05119	0.05740	0.03830	0.01284	0.03839	0.00518	0.00442	0.00134	0.00559	0.00405	0.00315	0.09059

[dist]
# distance from previous block
# <min> <max>
3	9

[block]
# block no. 6 follows, 56 sequences, length 8
# corresponding to MSA columns:
# 170-177
name=unknown_G
#
# <colnr> <probs for GDERKNQSTAVLIFYWHMCP>
#	G	D	E	R	K	N	Q	S	T	A	V	L	I	F	Y	W	H	M	C	P
0	0.13622	0.00994	0.01086	0.00855	0.01187	0.01035	0.00700	0.34365	0.04995	0.21983	0.01334	0.01295	0.02872	0.00540	0.00422	0.00134	0.00416	0.00411	0.04674	0.07080
1	0.24491	0.01082	0.01394	0.01064	0.01426	0.01137	0.15978	0.29952	0.01434	0.16087	0.01069	0.01114	0.00751	0.00489	0.00429	0.00143	0.00497	0.00403	0.00387	0.00674
2	0.00696	0.00547	0.00799	0.00777	0.00845	0.00660	0.00605	0.00843	0.00730	0.01060	0.01172	0.01784	0.01117	0.07885	0.68232	0.00660	0.10441	0.00492	0.00243	0.00413
3	0.01066	0.01187	0.02424	0.01776	0.02139	0.01215	0.62225	0.01391	0.01000	0.01391	0.00858	0.01187	0.00676	0.00478	0.00753	0.00165	0.18740	0.00511	0.00225	0.00594
4	0.01106	0.00907	0.01035	0.00753	0.01153	0.00770	0.00608	0.16368	0.01186	0.01767	0.00872	0.00981	0.00700	0.00381	0.00363	0.00082	0.00372	0.00299	0.00308	0.69988
5	0.00863	0.00492	0.00580	0.00545	0.00595	0.00477	0.00334	0.00888	0.00758	0.12157	0.01498	0.02802	0.01594	0.72197	0.02074	0.00403	0.00437	0.00639	0.00319	0.00349
6	0.01577	0.01122	0.01279	0.00992	0.01310	0.01214	0.04235	0.59122	0.01841	0.07376	0.01193	0.01377	0.00916	0.09973	0.00670	0.00172	0.00491	0.00451	0.03985	0.00702
7	0.04089	0.01056	0.01108	0.00897	0.01223	0.10081	0.00720	0.12534	0.17275	0.36611	0.01484	0.01372	0.01023	0.00543	0.00442	0.00135	0.00445	0.00426	0.00462	0.08074

[dist]
# distance from previous block
# <min> <max>
4	23

[block]
# block no. 7 follows, 56 sequences, length 21
# corresponding to MSA columns:
# 214-234
name=unknown_H
#
# <colnr> <probs for GDERKNQSTAVLIFYWHMCP>
#	G	D	E	R	K	N	Q	S	T	A	V	L	I	F	Y	W	H	M	C	P
0	0.05675	0.03223	0.10493	0.01363	0.20715	0.02235	0.02939	0.10750	0.02623	0.10490	0.07603	0.02761	0.01109	0.02647	0.00483	0.00137	0.00469	0.00435	0.00330	0.13519
1	0.01049	0.06664	0.07165	0.28043	0.09969	0.05259	0.01053	0.02970	0.04797	0.04545	0.07542	0.01317	0.00995	0.00533	0.00560	0.00143	0.09846	0.00418	0.00269	0.06862
2	0.08245	0.00823	0.01057	0.14267	0.01443	0.00749	0.03442	0.03025	0.00986	0.09816	0.00951	0.01172	0.00759	0.05073	0.00489	0.00122	0.00416	0.00347	0.00296	0.46522
3	0.01018	0.00878	0.01282	0.39723	0.12526	0.01001	0.01047	0.13670	0.06993	0.01602	0.07806	0.06105	0.03219	0.00592	0.00475	0.00150	0.00506	0.00517	0.00310	0.00580
4	0.00879	0.07613	0.01031	0.03540	0.14429	0.00730	0.00687	0.03101	0.03178	0.05284	0.32512	0.03823	0.15414	0.00815	0.00502	0.00146	0.00341	0.05047	0.00405	0.00522
5	0.01231	0.01140	0.01775	0.02017	0.39876	0.02518	0.14296	0.15192	0.07843	0.01768	0.00994	0.01177	0.00782	0.00444	0.00462	0.00136	0.00551	0.00429	0.00292	0.07078
6	0.06465	0.21290	0.11842	0.01161	0.11571	0.20049	0.00912	0.01363	0.00980	0.01230	0.00856	0.01203	0.00778	0.10659	0.07640	0.00213	0.00651	0.00362	0.00229	0.00547
7	0.00566	0.00405	0.00539	0.00635	0.00667	0.00377	0.00427	0.00656	0.00910	0.01221	0.08283	0.77673	0.03132	0.01402	0.00583	0.00183	0.00263	0.01270	0.00432	0.00377
8	0.00656	0.00492	0.00738	0.00738	0.00820	0.00574	0.00574	0.00820	0.00738	0.01066	0.01230	0.01804	0.01148	0.03443	0.82046	0.00738	0.01230	0.00492	0.00246	0.00410
9	0.05963	0.38901	0.18387	0.01177	0.01631	0.05487	0.19778	0.01435	0.00986	0.01307	0.00749	0.00909	0.00608	0.00406	0.00388	0.00125	0.00606	0.00338	0.00211	0.00606
10	0.01388	0.01213	0.01528	0.07984	0.01661	0.07187	0.13993	0.36544	0.03749	0.02053	0.00978	0.01115	0.00737	0.00506	0.00531	0.00137	0.06524	0.00412	0.01372	0.10388
11	0.00631	0.00443	0.00498	0.00512	0.00544	0.00425	0.00310	0.00662	0.00763	0.00990	0.02166	0.13717	0.16131	0.58240	0.01786	0.00359	0.00384	0.00805	0.00324	0.00310
12	0.01008	0.00683	0.04960	0.00727	0.00928	0.00587	0.00610	0.01322	0.07834	0.18234	0.44278	0.02982	0.03028	0.00849	0.00524	0.00153	0.00314	0.09949	0.00489	0.00541
13	0.05624	0.06738	0.01285	0.01093	0.09085	0.06853	0.00801	0.22421	0.21170	0.01949	0.01133	0.01167	0.00871	0.00491	0.00414	0.00125	0.00455	0.00384	0.00359	0.17581
14	0.01585	0.01144	0.14875	0.00916	0.01289	0.04588	0.00849	0.09277	0.06623	0.41975	0.01764	0.04834	0.06934	0.00621	0.00466	0.00145	0.00453	0.00503	0.00455	0.00703
15	0.01092	0.06578	0.03362	0.32664	0.12815	0.01061	0.10028	0.04189	0.07646	0.07290	0.01069	0.01409	0.00842	0.00497	0.00461	0.00145	0.00555	0.04016	0.00280	0.04000
16	0.06915	0.31215	0.19767	0.21607	0.01865	0.04868	0.01104	0.05379	0.01006	0.01349	0.00752	0.00935	0.00597	0.00433	0.00381	0.00129	0.00570	0.00319	0.00219	0.00591
17	0.05511	0.10245	0.09712	0.27674	0.18486	0.03189	0.01982	0.01448	0.10149	0.01408	0.00916	0.01134	0.00719	0.00454	0.00435	0.00138	0.01384	0.00380	0.00246	0.04389
18	0.07035	0.24761	0.31986	0.01139	0.07880	0.01240	0.01134	0.03502	0.05416	0.01464	0.00827	0.00945	0.00651	0.00424	0.00379	0.00123	0.00534	0.00317	0.00234	0.10008
19	0.01126	0.27342	0.34972	0.05468	0.05867	0.08259	0.06532	0.01462	0.01002	0.02886	0.00785	0.00937	0.00613	0.00425	0.00400	0.00129	0.00624	0.00330	0.00211	0.00630
20	0.02723	0.07688	0.01503	0.38417	0.14834	0.02161	0.04826	0.06511	0.01021	0.01379	0.00863	0.01176	0.00691	0.00688	0.07240	0.00187	0.00622	0.00394	0.00236	0.06839

[dist]
# distance from previous block
# <min> <max>
2	54

[block]
# block no. 8 follows, 56 sequences, length 10
# corresponding to MSA columns:
# 289-298
name=unknown_I
#
# <colnr> <probs for GDERKNQSTAVLIFYWHMCP>
#	G	D	E	R	K	N	Q	S	T	A	V	L	I	F	Y	W	H	M	C	P
0	0.02717	0.02392	0.14952	0.02418	0.04083	0.02401	0.03180	0.10995	0.15071	0.18723	0.02489	0.01287	0.00949	0.00512	0.00466	0.00134	0.02760	0.00411	0.00375	0.13686
1	0.01120	0.10484	0.09214	0.08338	0.01409	0.08785	0.00840	0.07901	0.16243	0.02804	0.02314	0.02452	0.07330	0.00561	0.00440	0.00129	0.01542	0.01650	0.00322	0.16124
2	0.08217	0.04501	0.05359	0.01623	0.31829	0.07541	0.01007	0.09549	0.07299	0.01686	0.06813	0.01270	0.01016	0.00569	0.02794	0.00148	0.00518	0.00408	0.00297	0.07555
3	0.16672	0.00969	0.01049	0.01042	0.13142	0.07318	0.00700	0.01364	0.07245	0.01628	0.06750	0.01175	0.00973	0.00443	0.00378	0.00108	0.00406	0.00351	0.00297	0.37990
4	0.13306	0.00964	0.01160	0.29887	0.08086	0.06948	0.00923	0.07496	0.09916	0.06010	0.03599	0.01502	0.07225	0.00553	0.00441	0.00146	0.00496	0.00450	0.00315	0.00575
5	0.08962	0.00933	0.01317	0.19443	0.14022	0.01009	0.06143	0.08846	0.14669	0.11247	0.06545	0.01477	0.02313	0.00536	0.00457	0.00147	0.00478	0.00465	0.00353	0.00637
6	0.47085	0.01077	0.00952	0.00805	0.01106	0.05253	0.00653	0.23052	0.12439	0.02222	0.00945	0.00985	0.00708	0.00491	0.00365	0.00142	0.00422	0.00335	0.00356	0.00610
7	0.01415	0.01530	0.01111	0.01005	0.01224	0.43225	0.00764	0.11019	0.12488	0.01493	0.01160	0.07888	0.01006	0.00768	0.05414	0.00168	0.00657	0.00446	0.06656	0.00561
8	0.01030	0.00897	0.01099	0.00961	0.01200	0.01008	0.07121	0.02008	0.56311	0.01756	0.07828	0.01820	0.01535	0.01028	0.12041	0.00237	0.00508	0.00541	0.00420	0.00650
9	0.00570	0.00442	0.00519	0.00551	0.00650	0.00391	0.00394	0.00693	0.01036	0.01335	0.19023	0.33107	0.37209	0.01219	0.00558	0.00164	0.00242	0.01064	0.00442	0.00391

[dist]
# distance from previous block
# <min> <max>
0	2

[block]
# block no. 9 follows, 56 sequences, length 11
# corresponding to MSA columns:
# 301-303,306-313
name=unknown_J
#
# <colnr> <probs for GDERKNQSTAVLIFYWHMCP>
#	G	D	E	R	K	N	Q	S	T	A	V	L	I	F	Y	W	H	M	C	P
0	0.01160	0.00918	0.01300	0.04797	0.01384	0.00960	0.15707	0.23243	0.06427	0.04780	0.09092	0.04459	0.07661	0.00656	0.00516	0.00147	0.03213	0.02177	0.10809	0.00597
1	0.87108	0.00888	0.00675	0.00604	0.00888	0.01030	0.00497	0.01350	0.00781	0.02060	0.00639	0.00746	0.00497	0.00426	0.00284	0.00142	0.00355	0.00249	0.00284	0.00497
2	0.05964	0.02412	0.00985	0.00923	0.05656	0.09341	0.00675	0.05094	0.04374	0.09815	0.01197	0.04232	0.01050	0.06677	0.29840	0.00368	0.03258	0.00460	0.00308	0.07370
3	0.05932	0.05966	0.03279	0.07657	0.44883	0.12524	0.03835	0.06234	0.02689	0.01523	0.00850	0.01064	0.00692	0.00434	0.00434	0.00134	0.00581	0.00381	0.00247	0.00663
4	0.00560	0.00460	0.00493	0.00496	0.00634	0.00393	0.00368	0.00688	0.01071	0.01324	0.15846	0.10561	0.63214	0.01151	0.00546	0.00156	0.00233	0.00975	0.00438	0.00393
5	0.01399	0.04392	0.01228	0.00992	0.01291	0.08783	0.00792	0.27980	0.43829	0.02138	0.01458	0.01390	0.01088	0.00576	0.00453	0.00144	0.00459	0.00453	0.00433	0.00721
6	0.00965	0.05326	0.66490	0.01402	0.09011	0.01102	0.01578	0.01506	0.05693	0.01471	0.00883	0.01020	0.00644	0.00443	0.00434	0.00143	0.00641	0.00353	0.00213	0.00682
7	0.01103	0.39155	0.34344	0.01085	0.01586	0.03605	0.05833	0.01485	0.05461	0.01304	0.00802	0.00918	0.00639	0.00425	0.00380	0.00124	0.00586	0.00318	0.00214	0.00633
8	0.00654	0.00464	0.00571	0.00598	0.00643	0.00461	0.00401	0.00776	0.03786	0.01174	0.12130	0.25317	0.03912	0.36225	0.06202	0.00323	0.00405	0.05235	0.00365	0.00359
9	0.00576	0.00419	0.00546	0.00635	0.00685	0.00389	0.00443	0.00676	0.00928	0.01224	0.06094	0.65770	0.11050	0.01375	0.00583	0.00183	0.00273	0.07339	0.00429	0.00381
10	0.00992	0.01078	0.08794	0.39904	0.37657	0.01056	0.01372	0.01303	0.00979	0.01344	0.00838	0.01162	0.00660	0.00435	0.00455	0.00145	0.00588	0.00402	0.00213	0.00622

[dist]
# distance from previous block
# <min> <max>
0	32

[block]
# block no. 10 follows, 56 sequences, length 8
# corresponding to MSA columns:
# 346-353
name=unknown_K
#
# <colnr> <probs for GDERKNQSTAVLIFYWHMCP>
#	G	D	E	R	K	N	Q	S	T	A	V	L	I	F	Y	W	H	M	C	P
0	0.01066	0.01033	0.01799	0.22496	0.56616	0.01078	0.06501	0.01355	0.01016	0.01417	0.00856	0.01165	0.00697	0.00420	0.00461	0.00142	0.00577	0.00418	0.00222	0.00666
1	0.01113	0.00990	0.03674	0.21235	0.01698	0.03334	0.00989	0.01503	0.15070	0.09727	0.03195	0.01304	0.00904	0.00645	0.00864	0.00169	0.32273	0.00437	0.00297	0.00578
2	0.00641	0.00434	0.00509	0.00535	0.00541	0.00427	0.00315	0.00661	0.00720	0.00960	0.01714	0.22893	0.02007	0.63517	0.01905	0.00381	0.00401	0.00825	0.00315	0.00302
3	0.01498	0.01199	0.01557	0.01269	0.04998	0.10044	0.17969	0.24811	0.05657	0.16096	0.01318	0.01469	0.03255	0.00561	0.00515	0.00146	0.03130	0.03446	0.00384	0.00679
4	0.03810	0.09794	0.08891	0.05648	0.01432	0.04298	0.03887	0.17801	0.26596	0.03259	0.01459	0.01460	0.06179	0.00563	0.00441	0.00140	0.00475	0.00451	0.00367	0.03048
5	0.00687	0.00459	0.00557	0.00563	0.00607	0.00475	0.00379	0.00767	0.00757	0.01073	0.01590	0.02731	0.04979	0.46957	0.20564	0.00447	0.00589	0.04423	0.11058	0.00340
6	0.65831	0.01255	0.20625	0.00778	0.01159	0.01039	0.00793	0.01375	0.00828	0.01910	0.00685	0.00801	0.00518	0.00429	0.00322	0.00143	0.00435	0.00271	0.00262	0.00542
7	0.01312	0.01369	0.04743	0.01129	0.08728	0.25129	0.00833	0.06302	0.15751	0.04602	0.03204	0.01172	0.00909	0.00480	0.00418	0.00118	0.00533	0.00371	0.00318	0.22579

[dist]
# distance from previous block
# <min> <max>
0	1

[block]
# block no. 11 follows, 56 sequences, length 9
# corresponding to MSA columns:
# 355-363
name=unknown_L
#
# <colnr> <probs for GDERKNQSTAVLIFYWHMCP>
#	G	D	E	R	K	N	Q	S	T	A	V	L	I	F	Y	W	H	M	C	P
0	0.00631	0.00452	0.00524	0.00524	0.00598	0.00421	0.00354	0.00737	0.00969	0.01304	0.24953	0.10702	0.21194	0.29730	0.01158	0.00253	0.00304	0.00833	0.03995	0.00363
1	0.01483	0.01634	0.01272	0.01214	0.06978	0.42456	0.00878	0.08837	0.24962	0.01545	0.01099	0.01144	0.00861	0.00530	0.00470	0.00135	0.03167	0.00384	0.00324	0.00625
2	0.00606	0.00465	0.00539	0.00531	0.00633	0.00433	0.00380	0.00724	0.00976	0.01265	0.19189	0.03570	0.37595	0.19395	0.11426	0.00291	0.00404	0.00813	0.00387	0.00376
3	0.01444	0.01108	0.01189	0.00991	0.01284	0.03421	0.00803	0.36483	0.30514	0.06733	0.01491	0.01635	0.01151	0.00636	0.00509	0.00151	0.03251	0.06036	0.00451	0.00719
4	0.00846	0.00769	0.01404	0.01195	0.01427	0.00737	0.27920	0.01114	0.01075	0.01418	0.04921	0.03713	0.05752	0.00946	0.00594	0.00187	0.00528	0.44605	0.00360	0.00489
5	0.00921	0.02375	0.81487	0.01309	0.01987	0.01066	0.01696	0.01454	0.00969	0.01454	0.00824	0.00969	0.00582	0.00436	0.00436	0.00145	0.00678	0.00339	0.00194	0.00678
6	0.01069	0.00701	0.00825	0.00683	0.00942	0.00629	0.00537	0.09487	0.03644	0.15765	0.13509	0.08238	0.20687	0.00773	0.00473	0.00132	0.00319	0.00649	0.00432	0.20509
7	0.01048	0.36280	0.48695	0.01092	0.01652	0.01377	0.01319	0.01421	0.00954	0.01299	0.00747	0.00873	0.00585	0.00418	0.00377	0.00126	0.00601	0.00300	0.00195	0.00641
8	0.01119	0.16829	0.14639	0.02198	0.53495	0.01223	0.01338	0.01410	0.01012	0.01414	0.00815	0.01035	0.00678	0.00410	0.00422	0.00131	0.00556	0.00367	0.00216	0.00694

[dist]
# distance from previous block
# <min> <max>
0	1

[block]
# block no. 12 follows, 56 sequences, length 25
# corresponding to MSA columns:
# 365-389
name=unknown_M
#
# <colnr> <probs for GDERKNQSTAVLIFYWHMCP>
#	G	D	E	R	K	N	Q	S	T	A	V	L	I	F	Y	W	H	M	C	P
0	0.00966	0.00919	0.01542	0.51069	0.29168	0.01067	0.01304	0.01248	0.00948	0.01279	0.00819	0.01181	0.00650	0.00463	0.00520	0.00150	0.05505	0.00408	0.00212	0.00582
1	0.61125	0.00783	0.00673	0.00601	0.00854	0.00862	0.00486	0.01278	0.00913	0.07458	0.11530	0.01526	0.09249	0.00578	0.00356	0.00144	0.00327	0.00413	0.00347	0.00497
2	0.00663	0.00451	0.00537	0.00539	0.00552	0.00462	0.00326	0.00690	0.00683	0.00923	0.01440	0.04715	0.01624	0.70004	0.14119	0.00482	0.00557	0.00657	0.00277	0.00300
3	0.00598	0.00449	0.00554	0.00566	0.00664	0.00405	0.00410	0.00752	0.01121	0.01507	0.40208	0.25744	0.23078	0.01132	0.00554	0.00159	0.00234	0.00996	0.00464	0.00405
4	0.01249	0.01039	0.01099	0.00956	0.01235	0.01192	0.00753	0.16137	0.66300	0.02093	0.01732	0.01604	0.01291	0.00610	0.00466	0.00153	0.00389	0.00500	0.00466	0.00736
5	0.00667	0.00447	0.00510	0.00510	0.00514	0.00450	0.00290	0.00674	0.00670	0.00897	0.01438	0.02956	0.01648	0.80625	0.05549	0.00457	0.00477	0.00661	0.00277	0.00283
6	0.03907	0.35609	0.27739	0.01031	0.03459	0.01366	0.01084	0.09158	0.01105	0.10314	0.00880	0.00950	0.00667	0.00443	0.00379	0.00125	0.00539	0.00321	0.00266	0.00659
7	0.01234	0.07627	0.05961	0.01978	0.43975	0.05310	0.01174	0.10757	0.14305	0.01679	0.01031	0.01172	0.00820	0.00465	0.00442	0.00136	0.00528	0.00406	0.00291	0.00710
8	0.01112	0.00813	0.02947	0.00777	0.01085	0.00710	0.00644	0.03910	0.13692	0.13954	0.08338	0.02052	0.03544	0.00629	0.00448	0.00126	0.00363	0.10983	0.00397	0.33476
9	0.01014	0.16247	0.57491	0.01284	0.04895	0.01210	0.04453	0.03265	0.03431	0.01440	0.00836	0.00972	0.00623	0.00434	0.00418	0.00137	0.00631	0.00341	0.00212	0.00667
10	0.01494	0.00819	0.00981	0.00805	0.01085	0.00806	0.00660	0.23474	0.01471	0.31855	0.06774	0.02270	0.11501	0.00728	0.00485	0.00147	0.00385	0.08081	0.05527	0.00655
11	0.01917	0.00813	0.01054	0.00822	0.01159	0.00746	0.00674	0.07788	0.06364	0.66508	0.01747	0.01546	0.01130	0.00569	0.00455	0.00141	0.00388	0.00460	0.04961	0.00760
12	0.08455	0.26046	0.27978	0.00990	0.01452	0.01296	0.01058	0.11391	0.06333	0.09531	0.00955	0.01006	0.00711	0.00462	0.00389	0.00131	0.00525	0.00337	0.00291	0.00663
13	0.01076	0.02746	0.01505	0.37556	0.12525	0.01075	0.06888	0.01338	0.02188	0.09879	0.00957	0.03361	0.00763	0.00548	0.00654	0.00158	0.15504	0.00444	0.00258	0.00576
14	0.01982	0.00776	0.01049	0.00810	0.01152	0.00678	0.00667	0.03748	0.01331	0.75672	0.05813	0.01648	0.01292	0.00587	0.00466	0.00142	0.00384	0.00479	0.00563	0.00764
15	0.00621	0.00554	0.00725	0.00665	0.00814	0.00516	0.07014	0.00752	0.01000	0.01239	0.03726	0.17057	0.56023	0.01120	0.00612	0.00163	0.05639	0.00952	0.00395	0.00412
16	0.01638	0.01176	0.04263	0.03483	0.01363	0.09056	0.00821	0.27020	0.16497	0.25734	0.03247	0.01380	0.01055	0.00564	0.00458	0.00141	0.00479	0.00443	0.00454	0.00726
17	0.01214	0.09243	0.46015	0.04246	0.01716	0.01081	0.01290	0.05048	0.07705	0.16462	0.01091	0.01137	0.00765	0.00478	0.00433	0.00141	0.00571	0.00375	0.00299	0.00692
18	0.00653	0.00479	0.00631	0.00715	0.00799	0.00462	0.00563	0.00827	0.02743	0.01308	0.05340	0.35491	0.11635	0.01297	0.00598	0.00192	0.00332	0.35100	0.00428	0.00406
19	0.01213	0.43107	0.13561	0.01006	0.01339	0.13934	0.00977	0.01403	0.00949	0.01146	0.00669	0.00838	0.00591	0.00493	0.00575	0.00129	0.16993	0.00298	0.00203	0.00576
20	0.77160	0.00926	0.00757	0.00661	0.00944	0.01075	0.00545	0.08058	0.00897	0.02103	0.00678	0.00784	0.00525	0.00448	0.00336	0.00143	0.02874	0.00267	0.00297	0.00522
21	0.03911	0.01032	0.01219	0.01293	0.19027	0.03679	0.00841	0.33836	0.05199	0.02075	0.01316	0.04987	0.03937	0.04853	0.00540	0.00153	0.00456	0.00483	0.10514	0.00650
22	0.00924	0.01224	0.23078	0.01014	0.03265	0.06050	0.00980	0.06160	0.03872	0.01539	0.12031	0.04842	0.05614	0.00839	0.00556	0.00166	0.03262	0.23691	0.00350	0.00542
23	0.03025	0.04570	0.19477	0.00770	0.01045	0.00668	0.00755	0.01116	0.01163	0.07504	0.43031	0.05711	0.07773	0.00792	0.00496	0.00145	0.00355	0.00676	0.00411	0.00519
24	0.36171	0.01150	0.01097	0.00895	0.01199	0.08259	0.03342	0.30497	0.01372	0.05301	0.00893	0.00968	0.00664	0.00498	0.00424	0.00140	0.03630	0.00343	0.02537	0.00619

[dist]
# distance from previous block
# <min> <max>
0	3

[block]
# block no. 13 follows, 56 sequences, length 11
# corresponding to MSA columns:
# 399-409
name=unknown_N
#
# <colnr> <probs for GDERKNQSTAVLIFYWHMCP>
#	G	D	E	R	K	N	Q	S	T	A	V	L	I	F	Y	W	H	M	C	P
0	0.00667	0.00399	0.00562	0.00621	0.00635	0.00385	0.00414	0.00621	0.00752	0.01003	0.01748	0.46454	0.02025	0.01509	0.01132	0.39235	0.00326	0.00896	0.00324	0.00295
1	0.01036	0.01018	0.03420	0.38576	0.25177	0.01088	0.11309	0.05509	0.05623	0.01446	0.00920	0.01217	0.00710	0.00449	0.00468	0.00148	0.00595	0.00431	0.00243	0.00617
2	0.00620	0.00468	0.00572	0.00546	0.00667	0.00420	0.00410	0.00808	0.01229	0.01673	0.59430	0.03707	0.25767	0.01001	0.00542	0.00147	0.00221	0.00869	0.00483	0.00420
3	0.01514	0.01203	0.01444	0.01126	0.01477	0.01321	0.09870	0.50661	0.22116	0.02479	0.01280	0.01275	0.00931	0.00551	0.00471	0.00144	0.00500	0.00455	0.00435	0.00748
4	0.00625	0.00463	0.00593	0.00638	0.00705	0.00454	0.00447	0.00757	0.03292	0.01163	0.02282	0.44168	0.09671	0.12411	0.14801	0.00308	0.00462	0.03042	0.00372	0.03346
5	0.01739	0.00786	0.01012	0.00813	0.01124	0.00736	0.00659	0.02129	0.16033	0.58054	0.10209	0.01789	0.01525	0.00618	0.00471	0.00145	0.00367	0.00512	0.00543	0.00734
6	0.00896	0.00845	0.01429	0.74223	0.11476	0.01028	0.01289	0.01198	0.00932	0.01208	0.00821	0.01215	0.00624	0.00454	0.00459	0.00151	0.00605	0.00408	0.00206	0.00533
7	0.09012	0.00898	0.01445	0.53158	0.24288	0.01040	0.01239	0.01254	0.00940	0.01346	0.00812	0.01155	0.00633	0.00442	0.00441	0.00147	0.00570	0.00393	0.00218	0.00568
8	0.01006	0.01035	0.01938	0.09061	0.01985	0.00967	0.43821	0.01373	0.05300	0.01458	0.01024	0.05486	0.00845	0.00450	0.00481	0.00134	0.00601	0.00500	0.00262	0.22272
9	0.00903	0.00761	0.00895	0.00677	0.01026	0.00596	0.00532	0.01134	0.03556	0.01512	0.07369	0.07654	0.01180	0.00483	0.00380	0.00086	0.00325	0.00406	0.00309	0.70216
10	0.00911	0.00915	0.01692	0.03018	0.03445	0.00837	0.37607	0.01194	0.01061	0.01463	0.10760	0.01963	0.11239	0.00703	0.04217	0.00166	0.00569	0.02462	0.00300	0.15479

[dist]
# distance from previous block
# <min> <max>
0	14

[block]
# block no. 14 follows, 56 sequences, length 12
# corresponding to MSA columns:
# 424-435
name=unknown_O
#
# <colnr> <probs for GDERKNQSTAVLIFYWHMCP>
#	G	D	E	R	K	N	Q	S	T	A	V	L	I	F	Y	W	H	M	C	P
0	0.09214	0.01116	0.01311	0.01070	0.04889	0.01177	0.04422	0.45250	0.04081	0.17179	0.01185	0.01176	0.00830	0.00522	0.00443	0.00137	0.00473	0.00410	0.00435	0.04681
1	0.20723	0.01060	0.04685	0.01017	0.07606	0.01054	0.00787	0.25692	0.06585	0.17513	0.01233	0.02527	0.02406	0.00531	0.00418	0.00139	0.00434	0.00408	0.00401	0.04784
2	0.05305	0.00774	0.00919	0.00814	0.01036	0.00807	0.00655	0.12040	0.16374	0.17665	0.17435	0.07749	0.02074	0.00806	0.00524	0.00159	0.02016	0.11773	0.00471	0.00604
3	0.00797	0.00399	0.00598	0.00598	0.00598	0.00399	0.00399	0.00598	0.00598	0.00797	0.00797	0.01396	0.00797	0.01595	0.01794	0.86643	0.00399	0.00399	0.00199	0.00199
4	0.01572	0.01113	0.01348	0.01059	0.01403	0.01196	0.07713	0.38113	0.23642	0.15735	0.01420	0.01362	0.01006	0.00560	0.00469	0.00145	0.00470	0.00462	0.00460	0.00752
5	0.01388	0.01021	0.01093	0.00851	0.01207	0.06405	0.00683	0.16901	0.13375	0.16211	0.01205	0.01199	0.00886	0.00475	0.00410	0.00112	0.00418	0.00373	0.00389	0.35398
6	0.01211	0.00670	0.00804	0.00697	0.00922	0.00623	0.00544	0.12044	0.01265	0.27627	0.05411	0.17466	0.26963	0.00927	0.00513	0.00154	0.00327	0.00783	0.00480	0.00569
7	0.01860	0.00817	0.01063	0.00815	0.01173	0.00720	0.00669	0.05532	0.04800	0.63835	0.01652	0.01469	0.01072	0.00540	0.00446	0.00133	0.00388	0.00437	0.00520	0.12059
8	0.01700	0.01152	0.01132	0.00928	0.01234	0.15016	0.00742	0.20376	0.13771	0.31016	0.01440	0.01360	0.01002	0.00554	0.00444	0.00137	0.00477	0.00428	0.06386	0.00705
9	0.01495	0.01407	0.01253	0.07576	0.01472	0.27037	0.00843	0.27053	0.01459	0.05443	0.00924	0.01034	0.00709	0.00564	0.02467	0.00138	0.03472	0.00355	0.00327	0.14972
10	0.00919	0.02426	0.01421	0.30146	0.11710	0.01063	0.05984	0.01166	0.02351	0.01208	0.00872	0.01270	0.00744	0.01089	0.15939	0.00271	0.20242	0.00430	0.00221	0.00529
11	0.04982	0.01524	0.01335	0.01094	0.01402	0.28509	0.04294	0.40117	0.04991	0.02114	0.04486	0.01130	0.00884	0.00533	0.00445	0.00133	0.00601	0.00396	0.00370	0.00661

[dist]
# distance from previous block
# <min> <max>
6	8

[block]
# block no. 15 follows, 56 sequences, length 12
# corresponding to MSA columns:
# 444-455
name=unknown_P
#
# <colnr> <probs for GDERKNQSTAVLIFYWHMCP>
#	G	D	E	R	K	N	Q	S	T	A	V	L	I	F	Y	W	H	M	C	P
0	0.01259	0.59895	0.06509	0.00905	0.01296	0.06052	0.05268	0.03941	0.01019	0.04809	0.00793	0.03152	0.00696	0.00440	0.00345	0.00110	0.00522	0.00315	0.00234	0.02437
1	0.10156	0.01173	0.05996	0.19121	0.38622	0.07807	0.03211	0.01375	0.00989	0.01433	0.00802	0.01074	0.00651	0.00450	0.00495	0.00144	0.05271	0.00382	0.00226	0.00623
2	0.00867	0.00816	0.01377	0.82762	0.03162	0.01020	0.01275	0.01173	0.00918	0.01173	0.00816	0.01224	0.00612	0.00459	0.00459	0.00153	0.00612	0.00408	0.00204	0.00510
3	0.01084	0.20030	0.33285	0.01159	0.03826	0.08081	0.04843	0.01545	0.11032	0.01416	0.05810	0.01169	0.00928	0.00494	0.00456	0.00136	0.03440	0.00381	0.00255	0.00630
4	0.00729	0.00532	0.00718	0.00713	0.00841	0.00484	0.03230	0.02419	0.01001	0.04393	0.07916	0.45644	0.08227	0.01155	0.00550	0.00168	0.00315	0.10781	0.00414	0.09770
5	0.00706	0.00568	0.00819	0.02635	0.11577	0.00538	0.02392	0.00906	0.01167	0.01615	0.47406	0.14098	0.11921	0.00938	0.00534	0.00151	0.00291	0.00838	0.00436	0.00465
6	0.01000	0.00788	0.01055	0.00975	0.07367	0.00791	0.07188	0.13310	0.10766	0.04094	0.29117	0.02390	0.10778	0.00728	0.00494	0.00142	0.00362	0.00638	0.04527	0.03489
7	0.00656	0.00492	0.00738	0.00738	0.00820	0.00574	0.00574	0.00820	0.00738	0.01066	0.01230	0.01804	0.01148	0.03443	0.82046	0.00738	0.01230	0.00492	0.00246	0.00410
8	0.05191	0.50010	0.23392	0.00958	0.01393	0.05101	0.01033	0.01400	0.00939	0.01230	0.00689	0.00818	0.00584	0.00433	0.00406	0.00120	0.05219	0.00282	0.00202	0.00601
9	0.01136	0.35834	0.28638	0.01022	0.01454	0.10429	0.01093	0.01460	0.04389	0.01285	0.04737	0.01013	0.00808	0.00473	0.00433	0.00126	0.04505	0.00331	0.00227	0.00607
10	0.03387	0.39307	0.05230	0.00721	0.00989	0.01133	0.00665	0.01108	0.02154	0.01207	0.04792	0.08010	0.14253	0.05472	0.05133	0.00182	0.00460	0.05005	0.00290	0.00501
11	0.00714	0.09726	0.03818	0.00606	0.00697	0.00601	0.00447	0.00792	0.00805	0.01067	0.01804	0.23381	0.05774	0.40578	0.01374	0.00295	0.00394	0.03397	0.03363	0.00368

[dist]
# distance from previous block
# <min> <max>
0	19

# created by:
# /st0/software/busco_prod/Augustus/scripts/msa2prfl.pl ./align_prep/104832.fa
