[name]
unknown

[dist]
# distance from previous block
# <min> <max>
0	31

[block]
# block no. 0 follows, 67 sequences, length 83
# corresponding to MSA columns:
# 31-113
name=unknown_A
#
# <colnr> <probs for GDERKNQSTAVLIFYWHMCP>
#	G	D	E	R	K	N	Q	S	T	A	V	L	I	F	Y	W	H	M	C	P
0	0.00646	0.00462	0.00646	0.00739	0.00831	0.00462	0.00646	0.00831	0.00923	0.01200	0.02123	0.04524	0.02308	0.01108	0.00554	0.00185	0.00369	0.80704	0.00369	0.00369
1	0.00757	0.00713	0.01203	0.84942	0.02762	0.00891	0.01114	0.01025	0.00802	0.01025	0.00713	0.01069	0.00535	0.00401	0.00401	0.00134	0.00535	0.00356	0.00178	0.00446
2	0.00757	0.00713	0.01203	0.84942	0.02762	0.00891	0.01114	0.01025	0.00802	0.01025	0.00713	0.01069	0.00535	0.00401	0.00401	0.00134	0.00535	0.00356	0.00178	0.00446
3	0.02635	0.00775	0.01274	0.63544	0.18530	0.00918	0.01110	0.03373	0.00850	0.01139	0.00723	0.01040	0.00556	0.00398	0.00408	0.00131	0.01563	0.00354	0.00190	0.00489
4	0.01566	0.00669	0.00882	0.00689	0.00978	0.00587	0.00562	0.01778	0.05649	0.65332	0.07662	0.01507	0.02875	0.00519	0.00403	0.00120	0.00323	0.00427	0.00466	0.07007
5	0.88738	0.00776	0.00589	0.00527	0.00776	0.00900	0.00434	0.01179	0.00683	0.01799	0.00558	0.00651	0.00434	0.00372	0.00248	0.00124	0.00310	0.00217	0.00248	0.00434
6	0.00536	0.00400	0.00500	0.00506	0.00595	0.00364	0.00375	0.00684	0.01007	0.01364	0.46752	0.19218	0.20383	0.00960	0.00485	0.00138	0.00209	0.04756	0.00410	0.00359
7	0.86192	0.00773	0.00599	0.00533	0.00783	0.00891	0.00439	0.01202	0.00696	0.04198	0.00588	0.00672	0.00451	0.00376	0.00253	0.00124	0.00311	0.00223	0.00255	0.00442
8	0.04039	0.00685	0.00922	0.00709	0.01017	0.00597	0.00585	0.01935	0.01136	0.81572	0.01556	0.01347	0.00978	0.00493	0.00399	0.00124	0.00340	0.00399	0.00490	0.00676
9	0.00479	0.00406	0.00413	0.00411	0.00544	0.00340	0.00308	0.00584	0.00925	0.01109	0.07903	0.03818	0.79385	0.01006	0.00474	0.00135	0.00202	0.00841	0.00376	0.00340
10	0.00944	0.01053	0.02092	0.01562	0.03535	0.02682	0.61957	0.01224	0.00881	0.01213	0.00748	0.01031	0.00590	0.00415	0.00644	0.00143	0.18128	0.00441	0.00197	0.00520
11	0.00974	0.00955	0.01691	0.06954	0.69415	0.00957	0.10664	0.01226	0.00911	0.01291	0.00759	0.01007	0.00627	0.00358	0.00406	0.00122	0.00503	0.00371	0.00198	0.00614
12	0.00952	0.01092	0.03338	0.01640	0.04371	0.02740	0.70270	0.01264	0.00921	0.01253	0.00781	0.01052	0.00599	0.00370	0.00536	0.00137	0.07495	0.00453	0.00200	0.00535
13	0.00984	0.00970	0.01635	0.09408	0.67785	0.03394	0.07482	0.01228	0.00913	0.01274	0.00751	0.00998	0.00621	0.00361	0.00402	0.00121	0.00504	0.00363	0.00197	0.00607
14	0.00496	0.00361	0.00476	0.01833	0.00611	0.00341	0.00378	0.00571	0.00771	0.01020	0.02269	0.74719	0.08194	0.03442	0.02317	0.00176	0.00257	0.01078	0.00363	0.00327
15	0.00949	0.03706	0.66994	0.01104	0.01644	0.00905	0.05384	0.01360	0.00891	0.12133	0.00834	0.00922	0.00577	0.00393	0.00386	0.00126	0.00560	0.00318	0.00214	0.00600
16	0.01112	0.00971	0.01992	0.02448	0.01832	0.00902	0.61333	0.01402	0.00982	0.18741	0.01015	0.03629	0.00749	0.00399	0.00459	0.00134	0.00590	0.00477	0.00270	0.00563
17	0.02262	0.04556	0.80022	0.01119	0.01699	0.00950	0.01441	0.01267	0.00843	0.01269	0.00712	0.00837	0.00507	0.00380	0.00375	0.00126	0.00583	0.00293	0.00171	0.00588
18	0.00958	0.00918	0.01566	0.14468	0.71665	0.00944	0.01214	0.01201	0.00897	0.01269	0.00748	0.01004	0.00621	0.00364	0.00398	0.00121	0.00485	0.00357	0.00196	0.00608
19	0.00572	0.00425	0.00624	0.00626	0.00691	0.00488	0.00478	0.00702	0.00642	0.00921	0.01114	0.03491	0.01075	0.09685	0.75827	0.00613	0.01000	0.00458	0.00221	0.00348
20	0.00912	0.00885	0.01548	0.29331	0.50590	0.00938	0.07629	0.01168	0.00880	0.01215	0.00745	0.01025	0.00600	0.00370	0.00404	0.00125	0.00511	0.00366	0.00192	0.00566
21	0.01055	0.64374	0.14753	0.00774	0.01141	0.05488	0.00807	0.01236	0.00839	0.02997	0.00625	0.00723	0.00539	0.00432	0.02676	0.00110	0.00485	0.00240	0.00182	0.00524
22	0.00993	0.00953	0.01628	0.02462	0.83404	0.00953	0.01231	0.01231	0.00913	0.01310	0.00754	0.00993	0.00635	0.00357	0.00397	0.00119	0.00476	0.00357	0.00199	0.00635
23	0.81263	0.00784	0.00631	0.02947	0.00852	0.00910	0.00468	0.02996	0.03557	0.01789	0.00609	0.00700	0.00470	0.00381	0.00261	0.00125	0.00320	0.00233	0.00255	0.00447
24	0.01142	0.01053	0.00970	0.00854	0.01087	0.14388	0.00665	0.12610	0.56860	0.01674	0.01373	0.01301	0.01034	0.00513	0.00397	0.00128	0.00396	0.00408	0.02541	0.00607
25	0.00911	0.09286	0.62755	0.01082	0.01602	0.03444	0.03699	0.06322	0.02905	0.02304	0.01677	0.00885	0.00582	0.00394	0.00376	0.00123	0.00561	0.00307	0.00199	0.00586
26	0.00482	0.00390	0.00430	0.00460	0.00560	0.00337	0.00333	0.00576	0.00870	0.01068	0.03453	0.28922	0.56770	0.01091	0.00487	0.00145	0.00216	0.02702	0.00372	0.00335
27	0.00977	0.01079	0.02273	0.01631	0.02022	0.01032	0.75348	0.05765	0.00990	0.01345	0.00812	0.01070	0.00610	0.00355	0.00491	0.00135	0.02840	0.00464	0.00213	0.00546
28	0.00814	0.05134	0.80854	0.01126	0.01710	0.00955	0.01453	0.01268	0.00846	0.01258	0.00714	0.00839	0.00508	0.00380	0.00377	0.00126	0.00587	0.00293	0.00169	0.00590
29	0.01457	0.01618	0.01146	0.04453	0.01291	0.56615	0.00778	0.23462	0.01327	0.01416	0.02328	0.00847	0.00626	0.00439	0.00376	0.00110	0.00628	0.00299	0.00263	0.00522
30	0.00929	0.01105	0.05679	0.01640	0.02044	0.00994	0.76609	0.01266	0.00938	0.01278	0.00842	0.03166	0.00655	0.00363	0.00470	0.00136	0.00662	0.00483	0.00206	0.00538
31	0.00544	0.00375	0.00446	0.00479	0.00494	0.00364	0.00292	0.00574	0.00665	0.00880	0.01733	0.32477	0.05673	0.51596	0.01420	0.00296	0.00324	0.00795	0.00295	0.00277
32	0.03749	0.04624	0.71848	0.01152	0.01711	0.00958	0.07953	0.01266	0.00848	0.01278	0.00717	0.00853	0.00514	0.00376	0.00380	0.00126	0.00585	0.00305	0.00175	0.00581
33	0.00915	0.01077	0.05786	0.01562	0.01924	0.01001	0.67760	0.01225	0.00905	0.01245	0.00841	0.04605	0.00683	0.00411	0.00546	0.00140	0.08163	0.00483	0.00206	0.00525
34	0.00624	0.00446	0.00619	0.00705	0.00789	0.00441	0.00600	0.00796	0.00917	0.01203	0.06638	0.13753	0.02430	0.01109	0.00545	0.00179	0.00344	0.67125	0.00374	0.00365
35	0.01163	0.00920	0.00981	0.00826	0.01076	0.01038	0.00658	0.31638	0.46048	0.01983	0.05352	0.01372	0.01142	0.00532	0.00404	0.00128	0.00353	0.00430	0.03325	0.00631
36	0.00991	0.00944	0.01602	0.08801	0.72049	0.00960	0.03541	0.03905	0.00938	0.01328	0.00760	0.01000	0.00628	0.00364	0.00400	0.00121	0.00486	0.00361	0.00204	0.00619
37	0.00957	0.01086	0.02194	0.01595	0.01947	0.03809	0.69866	0.01258	0.00914	0.01238	0.00772	0.01046	0.00596	0.00383	0.00567	0.00139	0.10455	0.00452	0.00200	0.00527
38	0.00563	0.00401	0.00543	0.00626	0.00680	0.00388	0.00481	0.00681	0.00834	0.01102	0.04532	0.44174	0.02474	0.05884	0.00614	0.00184	0.00298	0.34834	0.00366	0.00341
39	0.03037	0.11836	0.67396	0.01088	0.01626	0.03421	0.03738	0.01270	0.00850	0.01237	0.00697	0.00822	0.00510	0.00376	0.00365	0.00122	0.00573	0.00289	0.00174	0.00574
40	0.00769	0.00514	0.00634	0.00580	0.00716	0.00506	0.00442	0.01105	0.15069	0.10282	0.52737	0.05057	0.05048	0.03180	0.00501	0.00137	0.00237	0.01606	0.00431	0.00448
41	0.00572	0.00384	0.00441	0.00452	0.00455	0.00381	0.00258	0.00580	0.00605	0.00807	0.01376	0.12467	0.01600	0.75870	0.01860	0.00362	0.00370	0.00649	0.00258	0.00253
42	0.00799	0.00788	0.03321	0.68741	0.16548	0.00903	0.01143	0.01066	0.00822	0.01080	0.00720	0.01051	0.00551	0.00393	0.00400	0.00131	0.00526	0.00355	0.00181	0.00482
43	0.02917	0.04443	0.25402	0.00785	0.01076	0.02052	0.00795	0.03279	0.12817	0.04209	0.21478	0.03189	0.06934	0.00631	0.00421	0.00131	0.00376	0.07021	0.01541	0.00501
44	0.03317	0.01668	0.01226	0.01310	0.17761	0.63621	0.00862	0.01502	0.01069	0.01065	0.00643	0.00780	0.00539	0.00408	0.00390	0.00109	0.02749	0.00280	0.00205	0.00498
45	0.00489	0.00349	0.00465	0.00558	0.00582	0.00326	0.00372	0.00558	0.00768	0.01024	0.02210	0.85644	0.02653	0.01256	0.00512	0.00163	0.00233	0.01140	0.00372	0.00326
46	0.00804	0.02074	0.83828	0.01143	0.01736	0.00931	0.01482	0.01270	0.00847	0.01270	0.00720	0.00847	0.00508	0.00381	0.00381	0.00127	0.00593	0.00296	0.00169	0.00593
47	0.00862	0.11656	0.69299	0.01073	0.01617	0.01018	0.01341	0.03628	0.03595	0.01283	0.00738	0.00848	0.00538	0.00385	0.00368	0.00122	0.00560	0.00294	0.00184	0.00588
48	0.00583	0.00389	0.00437	0.00437	0.00437	0.00389	0.00243	0.00583	0.00583	0.00778	0.01264	0.02624	0.01458	0.85906	0.02041	0.00389	0.00389	0.00583	0.00243	0.00243
49	0.01785	0.00705	0.00945	0.00724	0.01035	0.00623	0.00598	0.06084	0.01186	0.79499	0.01550	0.01344	0.00977	0.00496	0.00403	0.00124	0.00346	0.00401	0.00491	0.00682
50	0.02664	0.00902	0.03448	0.03273	0.01131	0.00931	0.00685	0.33623	0.18509	0.16699	0.04000	0.03195	0.04855	0.00566	0.00414	0.00129	0.00376	0.03584	0.00402	0.00614
51	0.00995	0.01036	0.06712	0.04359	0.73185	0.02336	0.01226	0.02994	0.00931	0.01322	0.00754	0.00980	0.00624	0.00364	0.00396	0.00120	0.00488	0.00352	0.00201	0.00626
52	0.00812	0.00781	0.01102	0.00965	0.00980	0.01072	0.00796	0.00911	0.00621	0.00958	0.00645	0.01028	0.00629	0.01199	0.19217	0.00277	0.67034	0.00368	0.00184	0.00421
53	0.00951	0.00916	0.01534	0.19362	0.65825	0.01993	0.01201	0.01193	0.00893	0.01248	0.00744	0.01005	0.00613	0.00367	0.00397	0.00122	0.00491	0.00356	0.00194	0.00594
54	0.01425	0.01524	0.04471	0.01067	0.03579	0.44142	0.05948	0.21809	0.03234	0.06435	0.00807	0.00878	0.00613	0.00436	0.00400	0.00114	0.01976	0.00317	0.00275	0.00551
55	0.00857	0.17138	0.67122	0.01094	0.03631	0.01050	0.01333	0.01257	0.00843	0.01212	0.00691	0.00814	0.00512	0.00374	0.00359	0.00119	0.00560	0.00283	0.00170	0.00580
56	0.00474	0.00406	0.00406	0.00406	0.00542	0.00339	0.00305	0.00576	0.00914	0.01083	0.04063	0.03860	0.83241	0.01016	0.00474	0.00135	0.00203	0.00846	0.00372	0.00339
57	0.00947	0.00906	0.01545	0.18497	0.67726	0.00941	0.01208	0.01191	0.00892	0.01255	0.00746	0.01007	0.00616	0.00366	0.00398	0.00122	0.00488	0.00357	0.00195	0.00598
58	0.01002	0.00952	0.01604	0.04542	0.78919	0.00960	0.01214	0.03594	0.00939	0.01339	0.00759	0.00994	0.00634	0.00362	0.00397	0.00120	0.00477	0.00357	0.00204	0.00632
59	0.01486	0.04348	0.01164	0.01023	0.01234	0.81903	0.00772	0.01590	0.01127	0.00980	0.00618	0.00721	0.00517	0.00411	0.00359	0.00103	0.00715	0.00257	0.00206	0.00466
60	0.06308	0.00791	0.00943	0.00717	0.01036	0.00737	0.00588	0.19569	0.01207	0.39130	0.02127	0.01119	0.00824	0.00439	0.00368	0.00107	0.00349	0.00345	0.00395	0.22902
61	0.00922	0.02447	0.16493	0.08274	0.03917	0.00971	0.46425	0.01299	0.05491	0.03512	0.03294	0.01113	0.00721	0.00392	0.00464	0.00133	0.02940	0.00427	0.00220	0.00546
62	0.00578	0.00387	0.00439	0.00444	0.00445	0.00385	0.00250	0.00582	0.00593	0.00791	0.01316	0.07237	0.01524	0.81202	0.01956	0.00376	0.00380	0.00614	0.00250	0.00248
63	0.00757	0.00713	0.01203	0.84942	0.02762	0.00891	0.01114	0.01025	0.00802	0.01025	0.00713	0.01069	0.00535	0.00401	0.00401	0.00134	0.00535	0.00356	0.00178	0.00446
64	0.00811	0.00759	0.01261	0.57808	0.22196	0.00881	0.01088	0.01091	0.03177	0.01145	0.05332	0.01170	0.00759	0.00418	0.00404	0.00130	0.00495	0.00380	0.00204	0.00493
65	0.00926	0.01035	0.02200	0.01598	0.01961	0.00997	0.72388	0.01240	0.00925	0.01260	0.00867	0.01260	0.00698	0.00403	0.00530	0.00140	0.05914	0.04923	0.00210	0.00525
66	0.00583	0.00389	0.00437	0.00437	0.00437	0.00389	0.00243	0.00583	0.00583	0.00778	0.01264	0.02624	0.01458	0.85906	0.02041	0.00389	0.00389	0.00583	0.00243	0.00243
67	0.00957	0.01035	0.02056	0.01504	0.01872	0.01011	0.64634	0.01465	0.18350	0.01368	0.00986	0.01170	0.00740	0.00382	0.00459	0.00135	0.00600	0.00469	0.00247	0.00561
68	0.00858	0.07529	0.70049	0.01126	0.01676	0.00973	0.05859	0.01302	0.02667	0.03251	0.00755	0.00873	0.00542	0.00383	0.00379	0.00125	0.00574	0.00307	0.00185	0.00588
69	0.00646	0.00462	0.00646	0.00739	0.00831	0.00462	0.00646	0.00831	0.00923	0.01200	0.02123	0.04524	0.02308	0.01108	0.00554	0.00185	0.00369	0.80704	0.00369	0.00369
70	0.00748	0.00374	0.00374	0.00374	0.00467	0.00374	0.00280	0.00934	0.00841	0.01495	0.01308	0.01495	0.01028	0.00467	0.00280	0.00093	0.00187	0.00374	0.88132	0.00374
71	0.01751	0.00699	0.00933	0.00722	0.01028	0.00621	0.00594	0.03107	0.05688	0.77968	0.01576	0.01367	0.01001	0.00499	0.00404	0.00125	0.00341	0.00405	0.00490	0.00680
72	0.01608	0.00941	0.01085	0.00836	0.01148	0.00978	0.00689	0.49151	0.02796	0.33525	0.01226	0.02257	0.00835	0.00498	0.00404	0.00123	0.00398	0.00389	0.00437	0.00677
73	0.00474	0.00405	0.00408	0.00411	0.00543	0.00338	0.00307	0.00575	0.00910	0.01082	0.04010	0.06186	0.80949	0.01023	0.00475	0.00136	0.00204	0.00855	0.00372	0.00338
74	0.88738	0.00776	0.00589	0.00527	0.00776	0.00900	0.00434	0.01179	0.00683	0.01799	0.00558	0.00651	0.00434	0.00372	0.00248	0.00124	0.00310	0.00217	0.00248	0.00434
75	0.00568	0.00410	0.00536	0.00505	0.00599	0.00378	0.00378	0.00757	0.01135	0.01608	0.83192	0.02996	0.03784	0.00820	0.00473	0.00126	0.00189	0.00725	0.00441	0.00378
76	0.01072	0.86147	0.02102	0.00686	0.01029	0.01587	0.00686	0.01201	0.00815	0.00944	0.00558	0.00643	0.00515	0.00343	0.00257	0.00086	0.00429	0.00214	0.00172	0.00515
77	0.00832	0.00713	0.00832	0.00594	0.00950	0.00535	0.00475	0.01010	0.00832	0.01307	0.00713	0.00832	0.00594	0.00297	0.00297	0.00059	0.00297	0.00238	0.00238	0.88357
78	0.00489	0.00349	0.00465	0.00558	0.00582	0.00326	0.00372	0.00558	0.00768	0.01024	0.02210	0.85644	0.02653	0.01256	0.00512	0.00163	0.00233	0.01140	0.00372	0.00326
79	0.01693	0.00759	0.00967	0.00751	0.01056	0.00715	0.00617	0.13085	0.08168	0.65463	0.01501	0.01320	0.00969	0.00498	0.00403	0.00125	0.00353	0.00402	0.00476	0.00678
80	0.01501	0.01102	0.01183	0.00913	0.01229	0.01219	0.00752	0.76409	0.06197	0.03879	0.01009	0.00998	0.00716	0.00485	0.00402	0.00121	0.00433	0.00367	0.00403	0.00680
81	0.59847	0.00860	0.00759	0.08067	0.03016	0.07284	0.00563	0.04801	0.00831	0.07247	0.03090	0.00833	0.00601	0.00404	0.00298	0.00123	0.00370	0.00270	0.00267	0.00469
82	0.00993	0.00953	0.01628	0.02462	0.83404	0.00953	0.01231	0.01231	0.00913	0.01310	0.00754	0.00993	0.00635	0.00357	0.00397	0.00119	0.00476	0.00357	0.00199	0.00635

[dist]
# distance from previous block
# <min> <max>
0	1

[block]
# block no. 1 follows, 67 sequences, length 49
# corresponding to MSA columns:
# 115-163
name=unknown_B
#
# <colnr> <probs for GDERKNQSTAVLIFYWHMCP>
#	G	D	E	R	K	N	Q	S	T	A	V	L	I	F	Y	W	H	M	C	P
0	0.83018	0.06347	0.00688	0.00538	0.00792	0.00945	0.00451	0.01180	0.00691	0.01744	0.00558	0.00651	0.00440	0.00370	0.00249	0.00122	0.00318	0.00217	0.00243	0.00440
1	0.00582	0.00391	0.00446	0.00443	0.00451	0.00388	0.00255	0.00598	0.00631	0.00849	0.08332	0.02657	0.01659	0.78565	0.01906	0.00366	0.00372	0.00595	0.00260	0.00255
2	0.00697	0.00348	0.00522	0.00522	0.00522	0.00348	0.00348	0.00522	0.00522	0.00697	0.00697	0.01219	0.00697	0.01393	0.01567	0.88332	0.00348	0.00348	0.00174	0.00174
3	0.01525	0.01123	0.01204	0.00923	0.01244	0.01244	0.00762	0.82067	0.01886	0.02528	0.00963	0.00963	0.00682	0.00481	0.00401	0.00120	0.00441	0.00361	0.00401	0.00682
4	0.00558	0.00409	0.00523	0.00500	0.00597	0.00375	0.00375	0.00735	0.01100	0.01534	0.71900	0.05171	0.11654	0.00855	0.00475	0.00129	0.00195	0.02110	0.00432	0.00373
5	0.00489	0.00349	0.00465	0.00558	0.00582	0.00326	0.00372	0.00558	0.00768	0.01024	0.02210	0.85644	0.02653	0.01256	0.00512	0.00163	0.00233	0.01140	0.00372	0.00326
6	0.80347	0.00885	0.00642	0.00576	0.00820	0.08921	0.00467	0.01220	0.00726	0.01721	0.00564	0.00658	0.00442	0.00376	0.00259	0.00122	0.00350	0.00221	0.00244	0.00437
7	0.00520	0.00416	0.00474	0.00506	0.00621	0.00370	0.00400	0.00641	0.00904	0.01109	0.03399	0.11018	0.55248	0.01060	0.00498	0.00151	0.00249	0.21701	0.00372	0.00345
8	0.88738	0.00776	0.00589	0.00527	0.00776	0.00900	0.00434	0.01179	0.00683	0.01799	0.00558	0.00651	0.00434	0.00372	0.00248	0.00124	0.00310	0.00217	0.00248	0.00434
9	0.01060	0.80582	0.02045	0.00710	0.01031	0.01563	0.00699	0.01186	0.00802	0.00945	0.00556	0.00659	0.00515	0.00367	0.00326	0.00092	0.05959	0.00223	0.00172	0.00510
10	0.00583	0.00390	0.00441	0.00441	0.00443	0.00391	0.00248	0.00586	0.00584	0.00780	0.01260	0.02605	0.01450	0.84358	0.03577	0.00394	0.00402	0.00580	0.00242	0.00245
11	0.00573	0.00429	0.00639	0.00639	0.00708	0.00498	0.00494	0.00712	0.00643	0.00927	0.01080	0.01606	0.01016	0.05406	0.81936	0.00637	0.01054	0.00434	0.00216	0.00355
12	0.00575	0.00421	0.00600	0.00600	0.00657	0.00477	0.00446	0.00688	0.00631	0.00898	0.01115	0.01800	0.01100	0.20746	0.66711	0.00590	0.00928	0.00463	0.00221	0.00333
13	0.00804	0.02074	0.83828	0.01143	0.01736	0.00931	0.01482	0.01270	0.00847	0.01270	0.00720	0.00847	0.00508	0.00381	0.00381	0.00127	0.00593	0.00296	0.00169	0.00593
14	0.00488	0.00352	0.00463	0.00551	0.00580	0.00326	0.00369	0.00559	0.00775	0.01027	0.02298	0.81769	0.06470	0.01245	0.00510	0.00162	0.00231	0.01126	0.00372	0.00326
15	0.21986	0.00886	0.00963	0.00756	0.01056	0.00931	0.00624	0.34769	0.01343	0.31138	0.01088	0.01033	0.00734	0.00461	0.00366	0.00123	0.00375	0.00342	0.00399	0.00624
16	0.00560	0.00410	0.00525	0.00496	0.00594	0.00375	0.00372	0.00741	0.01116	0.01563	0.76365	0.03070	0.10639	0.00837	0.00473	0.00127	0.00190	0.00736	0.00436	0.00375
17	0.00949	0.01076	0.02331	0.01728	0.06049	0.01011	0.78023	0.01282	0.00945	0.01286	0.00809	0.01077	0.00610	0.00339	0.00470	0.00134	0.00666	0.00468	0.00203	0.00545
18	0.00492	0.00407	0.00432	0.00426	0.00553	0.00346	0.00319	0.00611	0.00958	0.01187	0.19620	0.03690	0.67620	0.00977	0.00474	0.00134	0.00200	0.00823	0.00386	0.00346
19	0.00550	0.00409	0.00512	0.00486	0.00589	0.00371	0.00365	0.00723	0.01094	0.01511	0.68584	0.03155	0.18453	0.00856	0.00473	0.00128	0.00192	0.00748	0.00429	0.00371
20	0.00804	0.02074	0.83828	0.01143	0.01736	0.00931	0.01482	0.01270	0.00847	0.01270	0.00720	0.00847	0.00508	0.00381	0.00381	0.00127	0.00593	0.00296	0.00169	0.00593
21	0.00553	0.00409	0.00516	0.00490	0.00590	0.00372	0.00367	0.00729	0.01102	0.01529	0.71201	0.03127	0.15824	0.00850	0.00473	0.00128	0.00191	0.00744	0.00431	0.00372
22	0.00748	0.00374	0.00374	0.00374	0.00467	0.00374	0.00280	0.00934	0.00841	0.01495	0.01308	0.01495	0.01028	0.00467	0.00280	0.00093	0.00187	0.00374	0.88132	0.00374
23	0.00511	0.00366	0.00490	0.00580	0.00616	0.00345	0.00410	0.00598	0.00793	0.01050	0.02244	0.72119	0.04583	0.01229	0.00517	0.00165	0.00251	0.12428	0.00372	0.00332
24	0.01767	0.00735	0.00963	0.00738	0.01050	0.00667	0.00610	0.11415	0.01235	0.74098	0.01509	0.01318	0.00956	0.00495	0.00403	0.00124	0.00353	0.00398	0.00485	0.00682
25	0.01017	0.00776	0.00864	0.00779	0.00979	0.00869	0.00604	0.05918	0.54958	0.09471	0.01655	0.14226	0.01383	0.00656	0.00451	0.00140	0.02769	0.01497	0.00404	0.00586
26	0.01517	0.01672	0.01123	0.00986	0.01218	0.63642	0.00754	0.12947	0.02970	0.08349	0.00773	0.00829	0.00596	0.00433	0.00372	0.00108	0.00642	0.00289	0.00263	0.00518
27	0.00819	0.05000	0.11079	0.00838	0.00987	0.00850	0.00751	0.03762	0.00740	0.05774	0.00872	0.01216	0.00773	0.02792	0.36651	0.00364	0.25689	0.00378	0.00219	0.00446
28	0.01081	0.06529	0.01534	0.03269	0.59266	0.02226	0.01078	0.13782	0.01063	0.02627	0.00879	0.01051	0.03026	0.00398	0.00390	0.00118	0.00463	0.00362	0.00237	0.00621
29	0.01348	0.01597	0.01068	0.00968	0.01181	0.59328	0.00733	0.01760	0.25578	0.01190	0.00923	0.00955	0.00729	0.00452	0.00376	0.00113	0.00602	0.00317	0.00267	0.00516
30	0.88738	0.00776	0.00589	0.00527	0.00776	0.00900	0.00434	0.01179	0.00683	0.01799	0.00558	0.00651	0.00434	0.00372	0.00248	0.00124	0.00310	0.00217	0.00248	0.00434
31	0.88738	0.00776	0.00589	0.00527	0.00776	0.00900	0.00434	0.01179	0.00683	0.01799	0.00558	0.00651	0.00434	0.00372	0.00248	0.00124	0.00310	0.00217	0.00248	0.00434
32	0.00502	0.00360	0.00480	0.00571	0.00603	0.00338	0.00395	0.00582	0.00784	0.01040	0.02233	0.77310	0.03939	0.01240	0.00515	0.00164	0.00244	0.08000	0.00372	0.00330
33	0.00503	0.00410	0.00450	0.00473	0.00592	0.00357	0.00366	0.00615	0.00903	0.01097	0.03589	0.11023	0.63204	0.01051	0.00490	0.00146	0.00233	0.13782	0.00372	0.00342
34	0.08101	0.03654	0.20381	0.08031	0.01367	0.01025	0.00883	0.31837	0.10207	0.03061	0.00970	0.03121	0.00742	0.02274	0.00416	0.00130	0.00446	0.00365	0.02404	0.00586
35	0.00491	0.00360	0.00462	0.00542	0.00582	0.00331	0.00370	0.00567	0.00791	0.01036	0.02458	0.72619	0.13515	0.01220	0.00508	0.00160	0.00232	0.03055	0.00372	0.00329
36	0.02273	0.51848	0.18100	0.00961	0.08292	0.05609	0.00898	0.04212	0.00880	0.01112	0.00624	0.00734	0.00529	0.00368	0.00325	0.00101	0.02153	0.00253	0.00185	0.00541
37	0.00811	0.03485	0.76954	0.01099	0.01672	0.00917	0.01402	0.01252	0.00845	0.01267	0.00716	0.00842	0.00514	0.00375	0.00373	0.00122	0.00570	0.00291	0.00174	0.06319
38	0.00490	0.00350	0.00467	0.00557	0.00582	0.00327	0.00372	0.00562	0.00775	0.01036	0.03867	0.83953	0.02676	0.01248	0.00511	0.00162	0.00232	0.01132	0.00374	0.00327
39	0.00778	0.00734	0.01240	0.77826	0.09720	0.00896	0.01124	0.01042	0.00812	0.01049	0.00716	0.01063	0.00543	0.00397	0.00401	0.00132	0.00530	0.00356	0.00180	0.00462
40	0.01018	0.11523	0.15562	0.10476	0.03558	0.10106	0.12539	0.05440	0.22187	0.01339	0.00949	0.01046	0.00725	0.00426	0.00398	0.00124	0.01410	0.00360	0.00254	0.00560
41	0.00771	0.00728	0.01224	0.79335	0.06590	0.00901	0.01115	0.01033	0.00804	0.01037	0.00711	0.01062	0.00539	0.00405	0.00419	0.00134	0.02203	0.00356	0.00179	0.00454
42	0.00489	0.00349	0.00465	0.00558	0.00582	0.00326	0.00372	0.00558	0.00768	0.01024	0.02210	0.85644	0.02653	0.01256	0.00512	0.00163	0.00233	0.01140	0.00372	0.00326
43	0.00544	0.00439	0.00570	0.00545	0.00665	0.00394	0.04335	0.00689	0.00974	0.01268	0.29300	0.11757	0.38249	0.00951	0.00484	0.00139	0.00239	0.07708	0.00386	0.00363
44	0.01159	0.00889	0.01474	0.11507	0.25350	0.02795	0.18514	0.01452	0.06303	0.22074	0.01085	0.01195	0.02327	0.00424	0.00429	0.00127	0.01606	0.00407	0.00289	0.00592
45	0.01651	0.00774	0.00973	0.00752	0.01051	0.00738	0.00619	0.21738	0.01330	0.58206	0.06754	0.01372	0.01098	0.00514	0.00407	0.00123	0.00356	0.00414	0.00469	0.00663
46	0.00769	0.00724	0.01224	0.80931	0.06683	0.00894	0.01119	0.01035	0.00807	0.01039	0.00715	0.01066	0.00540	0.00399	0.00401	0.00133	0.00532	0.00356	0.00179	0.00455
47	0.74823	0.00795	0.00687	0.07839	0.00981	0.00924	0.00517	0.07031	0.00780	0.01785	0.00601	0.00710	0.00461	0.00383	0.00272	0.00125	0.00339	0.00240	0.00253	0.00453
48	0.05201	0.00894	0.01553	0.33266	0.19017	0.00961	0.22000	0.08575	0.00961	0.01335	0.01957	0.01054	0.00630	0.00388	0.00413	0.00129	0.00535	0.00386	0.00216	0.00530

[dist]
# distance from previous block
# <min> <max>
0	3

[block]
# block no. 2 follows, 67 sequences, length 31
# corresponding to MSA columns:
# 167-197
name=unknown_C
#
# <colnr> <probs for GDERKNQSTAVLIFYWHMCP>
#	G	D	E	R	K	N	Q	S	T	A	V	L	I	F	Y	W	H	M	C	P
0	0.00960	0.00879	0.01230	0.01028	0.01098	0.04536	0.07741	0.01070	0.00711	0.07996	0.00727	0.02883	0.00678	0.06039	0.01155	0.00178	0.60027	0.00394	0.00215	0.00454
1	0.00935	0.01058	0.02293	0.06953	0.02138	0.01006	0.76838	0.01268	0.00937	0.01268	0.00805	0.01081	0.00604	0.00342	0.00469	0.00135	0.00667	0.00466	0.00201	0.00535
2	0.00915	0.25875	0.57738	0.00998	0.01510	0.01105	0.01225	0.01274	0.00848	0.04067	0.00704	0.00807	0.00527	0.00374	0.00347	0.00115	0.00537	0.00277	0.00181	0.00574
3	0.00486	0.00404	0.00425	0.00425	0.00550	0.00343	0.00317	0.00597	0.00934	0.01144	0.13514	0.07379	0.70098	0.01003	0.00476	0.00136	0.00203	0.00845	0.00381	0.00343
4	0.01140	0.00942	0.00983	0.00842	0.01090	0.02660	0.00666	0.23909	0.56994	0.01894	0.03482	0.01373	0.01127	0.00531	0.00407	0.00131	0.00356	0.00431	0.00403	0.00638
5	0.01128	0.01228	0.03656	0.01004	0.07909	0.34888	0.05642	0.04191	0.07686	0.03537	0.08029	0.01411	0.07118	0.00512	0.00390	0.00116	0.00500	0.01440	0.09127	0.00488
6	0.00919	0.38187	0.48723	0.00947	0.01432	0.01213	0.01140	0.01240	0.00833	0.01130	0.00650	0.00759	0.00511	0.00365	0.00328	0.00109	0.00522	0.00261	0.00170	0.00559
7	0.01072	0.86147	0.02102	0.00686	0.01029	0.01587	0.00686	0.01201	0.00815	0.00944	0.00558	0.00643	0.00515	0.00343	0.00257	0.00086	0.00429	0.00214	0.00172	0.00515
8	0.00487	0.00373	0.00447	0.00500	0.00568	0.00333	0.00348	0.00575	0.00840	0.01075	0.06919	0.51517	0.32285	0.01146	0.00496	0.00151	0.00220	0.01012	0.00376	0.00333
9	0.00495	0.00370	0.00479	0.03199	0.00644	0.00346	0.00384	0.00576	0.00794	0.01034	0.02480	0.69000	0.16352	0.01188	0.00502	0.00157	0.00237	0.01065	0.00366	0.00332
10	0.01045	0.00581	0.00824	0.14576	0.01161	0.00581	0.03654	0.03305	0.00974	0.25232	0.03297	0.05439	0.02914	0.00622	0.00411	0.00131	0.00348	0.14278	0.20141	0.00486
11	0.01787	0.00702	0.00943	0.00723	0.01034	0.00619	0.00597	0.05555	0.01181	0.80034	0.01554	0.01347	0.00979	0.00496	0.00403	0.00124	0.00346	0.00401	0.00492	0.00682
12	0.01528	0.00672	0.00877	0.00699	0.00969	0.00617	0.00567	0.03845	0.09571	0.61062	0.13592	0.01608	0.01420	0.00549	0.00414	0.00126	0.00319	0.00455	0.00477	0.00633
13	0.03089	0.01025	0.02903	0.17978	0.52225	0.09338	0.05246	0.01231	0.00909	0.01232	0.00731	0.00974	0.00596	0.00371	0.00394	0.00121	0.00521	0.00349	0.00196	0.00572
14	0.00993	0.00953	0.01628	0.02462	0.83404	0.00953	0.01231	0.01231	0.00913	0.01310	0.00754	0.00993	0.00635	0.00357	0.00397	0.00119	0.00476	0.00357	0.00199	0.00635
15	0.00489	0.00349	0.00465	0.00558	0.00582	0.00326	0.00372	0.00558	0.00768	0.01024	0.02210	0.85644	0.02653	0.01256	0.00512	0.00163	0.00233	0.01140	0.00372	0.00326
16	0.01023	0.03933	0.01441	0.23402	0.42610	0.04739	0.01087	0.10179	0.00991	0.02483	0.00757	0.00986	0.00606	0.00399	0.00427	0.00123	0.03673	0.00348	0.00219	0.00573
17	0.00527	0.00435	0.00502	0.00538	0.04242	0.00382	0.00382	0.00659	0.00962	0.01212	0.20679	0.03588	0.57799	0.00950	0.00475	0.00136	0.00222	0.05569	0.00379	0.00362
18	0.00552	0.00376	0.00447	0.00478	0.00485	0.00368	0.00286	0.00575	0.00644	0.00859	0.01578	0.30166	0.01854	0.57823	0.01534	0.00314	0.00337	0.00768	0.00286	0.00270
19	0.88738	0.00776	0.00589	0.00527	0.00776	0.00900	0.00434	0.01179	0.00683	0.01799	0.00558	0.00651	0.00434	0.00372	0.00248	0.00124	0.00310	0.00217	0.00248	0.00434
20	0.01455	0.03038	0.01163	0.02355	0.02622	0.62408	0.00778	0.15567	0.04623	0.01284	0.00724	0.00805	0.00577	0.00428	0.00370	0.00108	0.00646	0.00287	0.00248	0.00513
21	0.85133	0.00790	0.00615	0.00544	0.00795	0.00914	0.00448	0.04523	0.00732	0.01829	0.00575	0.00664	0.00445	0.00377	0.00255	0.00124	0.00316	0.00223	0.00255	0.00445
22	0.00583	0.00389	0.00437	0.00437	0.00437	0.00389	0.00243	0.00583	0.00583	0.00778	0.01264	0.02624	0.01458	0.85906	0.02041	0.00389	0.00389	0.00583	0.00243	0.00243
23	0.01115	0.00964	0.01105	0.04191	0.09977	0.07010	0.04092	0.24051	0.28058	0.01767	0.09927	0.01412	0.01195	0.00521	0.00412	0.00127	0.00407	0.01676	0.01403	0.00590
24	0.00550	0.00413	0.00510	0.00495	0.00595	0.00379	0.00368	0.00730	0.02827	0.01444	0.57035	0.10648	0.20733	0.00896	0.00475	0.00132	0.00199	0.00783	0.00420	0.00371
25	0.00562	0.00454	0.00569	0.00556	0.00635	0.00465	0.00418	0.00683	0.00896	0.01204	0.27541	0.18055	0.27222	0.03215	0.05554	0.00179	0.10304	0.00773	0.00358	0.00359
26	0.01026	0.00905	0.01127	0.06269	0.08367	0.04469	0.05773	0.17524	0.04688	0.01524	0.00803	0.00929	0.00635	0.00380	0.00390	0.00096	0.03585	0.00310	0.00265	0.40933
27	0.00536	0.00405	0.00503	0.00523	0.00615	0.00372	0.00397	0.00675	0.00955	0.01264	0.30429	0.18875	0.26935	0.01070	0.03142	0.00160	0.00255	0.12142	0.00391	0.00355
28	0.77367	0.00818	0.00743	0.00627	0.00890	0.00930	0.05609	0.06585	0.00780	0.01815	0.00601	0.00699	0.00462	0.00377	0.00273	0.00125	0.00342	0.00243	0.00256	0.00458
29	0.03745	0.08453	0.01629	0.12892	0.52935	0.01015	0.08029	0.01194	0.00874	0.01241	0.00722	0.00964	0.00599	0.00374	0.00421	0.00122	0.03670	0.00350	0.00195	0.00578
30	0.79505	0.02848	0.00669	0.00561	0.00816	0.02385	0.00464	0.04786	0.00756	0.03444	0.00598	0.00681	0.00460	0.00380	0.00260	0.00123	0.00327	0.00228	0.00257	0.00453

[dist]
# distance from previous block
# <min> <max>
0	4

[block]
# block no. 3 follows, 67 sequences, length 22
# corresponding to MSA columns:
# 202-223
name=unknown_D
#
# <colnr> <probs for GDERKNQSTAVLIFYWHMCP>
#	G	D	E	R	K	N	Q	S	T	A	V	L	I	F	Y	W	H	M	C	P
0	0.00626	0.00475	0.00686	0.00664	0.00712	0.00568	0.00508	0.00715	0.00622	0.00896	0.00984	0.01556	0.00956	0.10968	0.56842	0.09471	0.11778	0.00427	0.00208	0.00338
1	0.00549	0.00401	0.00529	0.00604	0.00671	0.00381	0.00467	0.00672	0.00861	0.01124	0.06132	0.41209	0.12681	0.01151	0.00521	0.00166	0.00278	0.30883	0.00374	0.00346
2	0.00562	0.00410	0.00528	0.00498	0.00595	0.00376	0.00374	0.00745	0.01121	0.01574	0.78075	0.03052	0.08922	0.00833	0.00473	0.00127	0.00190	0.00733	0.00437	0.00376
3	0.00947	0.01082	0.02366	0.01690	0.02096	0.01014	0.81947	0.01285	0.00947	0.01285	0.00811	0.01082	0.00609	0.00338	0.00473	0.00135	0.00676	0.00473	0.00203	0.00541
4	0.01525	0.01123	0.01204	0.00923	0.01244	0.01244	0.00762	0.82067	0.01886	0.02528	0.00963	0.00963	0.00682	0.00481	0.00401	0.00120	0.00441	0.00361	0.00401	0.00682
5	0.00528	0.00408	0.00481	0.00463	0.00575	0.00362	0.00347	0.00680	0.01041	0.01386	0.49645	0.03362	0.37470	0.00903	0.00473	0.00130	0.00195	0.00777	0.00412	0.00362
6	0.00929	0.00710	0.00842	0.00606	0.00958	0.00540	0.00487	0.01104	0.00863	0.09553	0.00800	0.00885	0.00634	0.00317	0.00308	0.00066	0.00301	0.00254	0.00264	0.79581
7	0.79159	0.00790	0.00642	0.00560	0.00815	0.00902	0.00461	0.05730	0.00775	0.06283	0.00637	0.00708	0.00478	0.00385	0.00265	0.00124	0.00319	0.00235	0.00270	0.00462
8	0.00804	0.02074	0.83828	0.01143	0.01736	0.00931	0.01482	0.01270	0.00847	0.01270	0.00720	0.00847	0.00508	0.00381	0.00381	0.00127	0.00593	0.00296	0.00169	0.00593
9	0.00496	0.00354	0.00474	0.00567	0.00593	0.00332	0.00385	0.00571	0.00775	0.01032	0.02206	0.81916	0.02637	0.01250	0.00514	0.00164	0.00239	0.04797	0.00372	0.00328
10	0.01509	0.01206	0.01189	0.00933	0.01239	0.10617	0.00761	0.71105	0.03696	0.02333	0.00940	0.00948	0.00676	0.00475	0.00397	0.00119	0.00470	0.00352	0.00379	0.00656
11	0.00629	0.00471	0.00638	0.00698	0.00790	0.00471	0.02030	0.00854	0.07094	0.01187	0.02190	0.24958	0.06675	0.01084	0.00526	0.00172	0.00327	0.48456	0.00370	0.00380
12	0.01030	0.68436	0.11506	0.00834	0.01212	0.01457	0.08478	0.01217	0.00831	0.01013	0.00600	0.00708	0.00523	0.00347	0.00292	0.00095	0.00471	0.00248	0.00174	0.00526
13	0.00881	0.01181	0.18586	0.01246	0.01480	0.01108	0.23238	0.01116	0.00753	0.01116	0.00644	0.00927	0.00545	0.00536	0.00892	0.00154	0.44542	0.00373	0.00182	0.00499
14	0.01038	0.00867	0.00921	0.00816	0.01044	0.00992	0.00637	0.12533	0.67511	0.01753	0.01577	0.06117	0.01233	0.00576	0.00413	0.00135	0.00329	0.00480	0.00405	0.00624
15	0.01315	0.00754	0.00932	0.00851	0.06103	0.04309	0.01869	0.08741	0.11419	0.37613	0.05346	0.11295	0.01335	0.02171	0.00455	0.00136	0.00360	0.03997	0.00414	0.00585
16	0.00584	0.00416	0.00511	0.00487	0.00598	0.00373	0.00365	0.00742	0.01057	0.04552	0.54083	0.06966	0.26015	0.00883	0.00472	0.00130	0.00201	0.00766	0.00421	0.00376
17	0.00488	0.00352	0.00463	0.00552	0.00580	0.00326	0.00369	0.00559	0.00774	0.01026	0.02291	0.82084	0.06160	0.01246	0.00510	0.00162	0.00231	0.01127	0.00372	0.00326
18	0.01077	0.01168	0.06176	0.03743	0.03960	0.09294	0.37955	0.12784	0.14525	0.01478	0.00932	0.01077	0.00702	0.00414	0.00455	0.00130	0.02887	0.00413	0.00261	0.00569
19	0.00977	0.00813	0.03041	0.02692	0.08413	0.00767	0.28432	0.06087	0.03164	0.12223	0.06538	0.11267	0.02637	0.05308	0.00542	0.00147	0.01568	0.00542	0.04328	0.00513
20	0.01423	0.00638	0.00831	0.00677	0.00929	0.00583	0.00546	0.01685	0.09989	0.55789	0.13366	0.04204	0.05065	0.00602	0.00422	0.00128	0.00308	0.01743	0.00468	0.00604
21	0.06222	0.04957	0.03270	0.00857	0.01170	0.03527	0.00722	0.50288	0.07794	0.15573	0.01059	0.01028	0.00744	0.00472	0.00385	0.00120	0.00420	0.00356	0.00387	0.00649

[dist]
# distance from previous block
# <min> <max>
1	7

[block]
# block no. 4 follows, 67 sequences, length 39
# corresponding to MSA columns:
# 231-269
name=unknown_E
#
# <colnr> <probs for GDERKNQSTAVLIFYWHMCP>
#	G	D	E	R	K	N	Q	S	T	A	V	L	I	F	Y	W	H	M	C	P
0	0.07209	0.01248	0.06368	0.02976	0.14123	0.22074	0.19007	0.04566	0.12441	0.01346	0.00889	0.01074	0.00706	0.00421	0.00397	0.00123	0.00549	0.02239	0.01705	0.00542
1	0.35549	0.00747	0.00806	0.00649	0.00931	0.00755	0.00534	0.07998	0.01017	0.41011	0.03329	0.01086	0.00816	0.00451	0.00342	0.00122	0.00332	0.00332	0.00384	0.02807
2	0.03181	0.00601	0.00706	0.00653	0.00734	0.04128	0.00495	0.09270	0.00796	0.01145	0.01001	0.01556	0.00948	0.15608	0.23922	0.11683	0.10241	0.02183	0.10781	0.00367
3	0.00629	0.00453	0.00536	0.00503	0.00631	0.00416	0.00381	0.00847	0.06485	0.05895	0.44172	0.04540	0.31290	0.00860	0.00466	0.00131	0.00212	0.00739	0.00417	0.00397
4	0.01375	0.01065	0.01113	0.00889	0.01177	0.03421	0.00720	0.58718	0.21405	0.02241	0.01122	0.01122	0.00826	0.02384	0.00438	0.00130	0.00418	0.00386	0.00394	0.00655
5	0.00712	0.00617	0.03504	0.05054	0.12128	0.00574	0.04245	0.02513	0.03493	0.03184	0.29189	0.12701	0.11379	0.00758	0.00468	0.00135	0.01544	0.04739	0.02622	0.00441
6	0.04649	0.01080	0.01131	0.02874	0.02490	0.04923	0.00740	0.63517	0.04941	0.03810	0.01088	0.01126	0.03618	0.00501	0.00399	0.00122	0.00436	0.01538	0.00379	0.00638
7	0.00781	0.06181	0.07379	0.00803	0.02370	0.02318	0.08636	0.05848	0.02956	0.04264	0.06184	0.12049	0.17298	0.00961	0.07089	0.00180	0.00430	0.13511	0.00319	0.00445
8	0.00493	0.00355	0.00467	0.00548	0.00581	0.00329	0.00369	0.00571	0.00797	0.01061	0.07108	0.76811	0.06588	0.01219	0.00508	0.00159	0.00229	0.01101	0.00376	0.00329
9	0.02722	0.00773	0.06599	0.09350	0.07599	0.04095	0.08901	0.01077	0.07715	0.01295	0.05654	0.02108	0.14270	0.00645	0.01243	0.00136	0.00392	0.10533	0.14439	0.00454
10	0.05797	0.13248	0.11706	0.04460	0.19802	0.06705	0.02047	0.14766	0.11053	0.01494	0.02935	0.00998	0.00737	0.00426	0.00388	0.00119	0.02142	0.00338	0.00259	0.00579
11	0.01073	0.17551	0.23487	0.02484	0.09882	0.10711	0.12692	0.07720	0.00991	0.04923	0.02380	0.00922	0.00639	0.00399	0.00397	0.00117	0.02524	0.00329	0.00220	0.00561
12	0.00512	0.00386	0.00562	0.00616	0.00659	0.00361	0.04533	0.00595	0.00777	0.01037	0.02139	0.81331	0.02548	0.01210	0.00510	0.00161	0.00255	0.01106	0.00364	0.00337
13	0.35250	0.00954	0.01080	0.12023	0.19854	0.09888	0.03641	0.05418	0.00870	0.01472	0.00691	0.02508	0.00568	0.00412	0.00378	0.00125	0.03829	0.00311	0.00229	0.00499
14	0.00697	0.00348	0.00522	0.00522	0.00522	0.00348	0.00348	0.00522	0.00522	0.00697	0.00697	0.01219	0.00697	0.01393	0.01567	0.88332	0.00348	0.00348	0.00174	0.00174
15	0.03041	0.06993	0.44573	0.01002	0.01434	0.07749	0.01105	0.10102	0.11211	0.01416	0.00831	0.00914	0.00620	0.00420	0.00404	0.00122	0.03500	0.00313	0.00232	0.04019
16	0.01753	0.08922	0.32728	0.07201	0.07937	0.00940	0.04633	0.07244	0.03911	0.07419	0.01963	0.04832	0.00745	0.00445	0.00403	0.00122	0.02359	0.00366	0.00242	0.05836
17	0.02282	0.17146	0.23841	0.00877	0.01204	0.01861	0.04873	0.03298	0.11466	0.07067	0.01018	0.04399	0.01760	0.04990	0.06809	0.00175	0.04107	0.00382	0.00252	0.02195
18	0.00757	0.00713	0.01203	0.84942	0.02762	0.00891	0.01114	0.01025	0.00802	0.01025	0.00713	0.01069	0.00535	0.00401	0.00401	0.00134	0.00535	0.00356	0.00178	0.00446
19	0.01702	0.00723	0.00939	0.00730	0.01031	0.00665	0.00600	0.08448	0.06570	0.69931	0.01529	0.01344	0.00984	0.00498	0.00401	0.00124	0.00345	0.00403	0.02362	0.00673
20	0.00936	0.01153	0.13037	0.11120	0.17045	0.05197	0.34105	0.02989	0.03577	0.01288	0.03595	0.02494	0.00749	0.00400	0.00430	0.00129	0.00574	0.00420	0.00217	0.00548
21	0.00996	0.01038	0.01631	0.16098	0.41708	0.09913	0.17260	0.01257	0.02297	0.01221	0.00755	0.01001	0.00608	0.00377	0.00427	0.00124	0.02157	0.00371	0.00200	0.00562
22	0.03945	0.00785	0.00954	0.00743	0.01041	0.03635	0.00610	0.14233	0.01249	0.62636	0.04899	0.01331	0.01032	0.00502	0.00400	0.00123	0.00363	0.00401	0.00463	0.00655
23	0.00492	0.00357	0.00464	0.00543	0.00579	0.00330	0.00367	0.00571	0.00800	0.01061	0.06803	0.74480	0.09247	0.01213	0.00507	0.00159	0.00228	0.01094	0.00376	0.00330
24	0.01113	0.47777	0.14309	0.00900	0.03850	0.13959	0.02379	0.07441	0.00955	0.01140	0.00670	0.02610	0.00580	0.00391	0.00317	0.00101	0.00501	0.00275	0.00200	0.00532
25	0.04519	0.00861	0.01216	0.01249	0.17481	0.03672	0.05742	0.06742	0.00811	0.01188	0.00787	0.04671	0.00745	0.05437	0.08678	0.00208	0.34890	0.00405	0.00217	0.00479
26	0.00614	0.00448	0.00600	0.00670	0.00756	0.00443	0.00552	0.00809	0.04088	0.01213	0.09183	0.20384	0.06219	0.01086	0.00529	0.00171	0.00317	0.51169	0.00378	0.00370
27	0.00539	0.00397	0.00506	0.00517	0.00599	0.00364	0.00381	0.00686	0.01001	0.01366	0.47467	0.23880	0.14605	0.00972	0.00487	0.00140	0.00212	0.05113	0.00411	0.00359
28	0.11245	0.03503	0.01434	0.09572	0.31870	0.04716	0.12413	0.12070	0.02569	0.01470	0.00926	0.01092	0.04534	0.00414	0.00390	0.00123	0.00480	0.00374	0.00242	0.00561
29	0.00860	0.07182	0.62758	0.01132	0.01652	0.00971	0.09131	0.05360	0.00906	0.01306	0.00797	0.03529	0.00620	0.00417	0.00390	0.00127	0.00568	0.01525	0.00194	0.00576
30	0.88738	0.00776	0.00589	0.00527	0.00776	0.00900	0.00434	0.01179	0.00683	0.01799	0.00558	0.00651	0.00434	0.00372	0.00248	0.00124	0.00310	0.00217	0.00248	0.00434
31	0.00500	0.00361	0.00480	0.00565	0.00599	0.00341	0.00390	0.00580	0.00777	0.01032	0.02238	0.74318	0.05995	0.01310	0.03956	0.00183	0.00273	0.05406	0.00366	0.00330
32	0.01568	0.00620	0.00820	0.00647	0.00914	0.00544	0.00528	0.01727	0.01093	0.66652	0.03273	0.01505	0.03949	0.00517	0.00389	0.00120	0.00310	0.00421	0.13786	0.00617
33	0.00697	0.00348	0.00522	0.00522	0.00522	0.00348	0.00348	0.00522	0.00522	0.00697	0.00697	0.01219	0.00697	0.01393	0.01567	0.88332	0.00348	0.00348	0.00174	0.00174
34	0.00526	0.00411	0.00476	0.00481	0.00582	0.00371	0.00351	0.00681	0.03584	0.01253	0.29043	0.19018	0.37922	0.02838	0.00513	0.00143	0.00212	0.00845	0.00393	0.00356
35	0.01072	0.86147	0.02102	0.00686	0.01029	0.01587	0.00686	0.01201	0.00815	0.00944	0.00558	0.00643	0.00515	0.00343	0.00257	0.00086	0.00429	0.00214	0.00172	0.00515
36	0.01854	0.03516	0.15696	0.03927	0.14570	0.05436	0.03021	0.09150	0.19127	0.01429	0.03301	0.13943	0.01118	0.00571	0.00422	0.00131	0.01454	0.00489	0.00291	0.00553
37	0.00990	0.01061	0.02293	0.01641	0.02041	0.00993	0.77798	0.01319	0.00957	0.05487	0.00851	0.01096	0.00628	0.00346	0.00470	0.00135	0.00659	0.00470	0.00218	0.00548
38	0.16786	0.18148	0.08557	0.00866	0.01186	0.14475	0.06663	0.15635	0.01079	0.09687	0.00787	0.00851	0.00593	0.00404	0.00340	0.00112	0.00476	0.00295	0.01609	0.01451

[dist]
# distance from previous block
# <min> <max>
2	5

[block]
# block no. 5 follows, 67 sequences, length 7
# corresponding to MSA columns:
# 275-281
name=unknown_F
#
# <colnr> <probs for GDERKNQSTAVLIFYWHMCP>
#	G	D	E	R	K	N	Q	S	T	A	V	L	I	F	Y	W	H	M	C	P
0	0.00869	0.04013	0.02827	0.03515	0.31512	0.01995	0.00809	0.02315	0.09302	0.01303	0.09360	0.03159	0.02722	0.05891	0.03192	0.00149	0.02520	0.01581	0.00263	0.12702
1	0.01004	0.00731	0.00855	0.04570	0.01006	0.00787	0.00602	0.34374	0.05884	0.04048	0.03412	0.32354	0.01577	0.00876	0.03124	0.00157	0.00371	0.03381	0.00377	0.00510
2	0.00597	0.00465	0.00690	0.00677	0.00743	0.00559	0.00531	0.00736	0.00642	0.00934	0.01031	0.01521	0.00965	0.02826	0.77784	0.00608	0.07693	0.00423	0.00212	0.00364
3	0.00693	0.00362	0.00507	0.00507	0.00533	0.00370	0.00352	0.00624	0.00598	0.00877	0.00857	0.01312	0.00794	0.01392	0.10426	0.61586	0.00397	0.00362	0.17218	0.00233
4	0.00561	0.00382	0.00455	0.00476	0.00485	0.00380	0.00286	0.00585	0.00629	0.00842	0.01470	0.21500	0.01707	0.62254	0.06009	0.00351	0.00389	0.00702	0.00271	0.00268
5	0.00765	0.00642	0.00761	0.00587	0.00879	0.00494	0.00455	0.00922	0.00819	0.01252	0.01003	0.17262	0.00993	0.00483	0.00339	0.00079	0.00285	0.00412	0.00264	0.71303
6	0.01391	0.00951	0.01026	0.00803	0.01080	0.01034	0.00658	0.61351	0.01637	0.07391	0.01068	0.01091	0.00768	0.00480	0.00378	0.00115	0.00386	0.00366	0.17403	0.00622

[dist]
# distance from previous block
# <min> <max>
0	8

[block]
# block no. 6 follows, 67 sequences, length 6
# corresponding to MSA columns:
# 290-295
name=unknown_G
#
# <colnr> <probs for GDERKNQSTAVLIFYWHMCP>
#	G	D	E	R	K	N	Q	S	T	A	V	L	I	F	Y	W	H	M	C	P
0	0.00521	0.00368	0.00485	0.00566	0.00595	0.00351	0.00391	0.00596	0.00764	0.01015	0.02080	0.64898	0.02458	0.11901	0.00710	0.00194	0.00270	0.11161	0.00356	0.00321
1	0.00642	0.10726	0.00638	0.00467	0.00509	0.00533	0.00296	0.00658	0.00611	0.00798	0.01179	0.02386	0.01344	0.75592	0.01826	0.00352	0.00394	0.00539	0.00234	0.00276
2	0.04815	0.00869	0.05431	0.00732	0.00998	0.05376	0.02176	0.09757	0.18014	0.08950	0.12208	0.01534	0.06268	0.02272	0.00420	0.00118	0.00350	0.00428	0.00343	0.18941
