[name]
unknown

[dist]
# distance from previous block
# <min> <max>
6	29

[block]
# block no. 0 follows, 64 sequences, length 53
# corresponding to MSA columns:
# 41-47,53-59,62-100
name=unknown_A
#
# <colnr> <probs for GDERKNQSTAVLIFYWHMCP>
#	G	D	E	R	K	N	Q	S	T	A	V	L	I	F	Y	W	H	M	C	P
0	0.01475	0.01107	0.01258	0.00965	0.01285	0.01210	0.04941	0.71305	0.01845	0.02481	0.07021	0.01159	0.00940	0.00517	0.00425	0.00126	0.00450	0.00408	0.00408	0.00676
1	0.00662	0.00415	0.00482	0.00477	0.00496	0.00409	0.00280	0.00676	0.00649	0.05097	0.01398	0.08743	0.01577	0.74777	0.01909	0.00371	0.00388	0.00637	0.00275	0.00282
2	0.01470	0.01085	0.01168	0.00901	0.01211	0.01185	0.00734	0.71277	0.01797	0.02418	0.01007	0.01117	0.00761	0.06766	0.00536	0.00142	0.00445	0.00384	0.00395	0.05203
3	0.00545	0.00408	0.00571	0.00724	0.06680	0.00385	0.00451	0.00630	0.00806	0.01082	0.02178	0.78913	0.02593	0.01232	0.00521	0.00165	0.00260	0.01121	0.00372	0.00361
4	0.00971	0.00829	0.00885	0.00809	0.01021	0.00948	0.00624	0.02013	0.71853	0.01684	0.05936	0.07810	0.01515	0.00633	0.00434	0.00142	0.00315	0.00537	0.00422	0.00620
5	0.00973	0.00832	0.00876	0.00794	0.01007	0.00951	0.00610	0.02005	0.71827	0.01637	0.01793	0.01763	0.05511	0.06861	0.00551	0.00160	0.00328	0.00501	0.00408	0.00612
6	0.00599	0.00401	0.00455	0.00460	0.00461	0.00399	0.00259	0.00603	0.00614	0.00819	0.01360	0.06998	0.01574	0.81035	0.02032	0.00391	0.00394	0.00634	0.00259	0.00256
7	0.01579	0.01163	0.01247	0.00956	0.01288	0.01288	0.00789	0.81426	0.01953	0.02618	0.00997	0.00997	0.00706	0.00499	0.00416	0.00125	0.00457	0.00374	0.00416	0.00706
8	0.00861	0.00738	0.00861	0.00615	0.00984	0.00554	0.00492	0.01046	0.00861	0.01354	0.00738	0.00861	0.00615	0.00308	0.00308	0.00062	0.00308	0.00246	0.00246	0.87941
9	0.01579	0.01163	0.01247	0.00956	0.01288	0.01288	0.00789	0.81426	0.01953	0.02618	0.00997	0.00997	0.00706	0.00499	0.00416	0.00125	0.00457	0.00374	0.00416	0.00706
10	0.88336	0.00803	0.00611	0.00546	0.00803	0.00932	0.00450	0.01221	0.00707	0.01864	0.00578	0.00675	0.00450	0.00386	0.00257	0.00129	0.00321	0.00225	0.00257	0.00450
11	0.01021	0.00980	0.01673	0.04933	0.80483	0.00985	0.01271	0.01269	0.00942	0.01348	0.00780	0.01030	0.00655	0.00371	0.00411	0.00124	0.00495	0.00370	0.00205	0.00652
12	0.00506	0.00361	0.00482	0.00578	0.00602	0.00337	0.00386	0.00578	0.00795	0.01060	0.02289	0.85131	0.02747	0.01301	0.00530	0.00169	0.00241	0.01181	0.00386	0.00337
13	0.00588	0.00425	0.00555	0.00523	0.00621	0.00392	0.00392	0.00784	0.01176	0.01666	0.82592	0.03103	0.03919	0.00849	0.00490	0.00131	0.00196	0.00751	0.00457	0.00392
14	0.00980	0.01120	0.02451	0.01751	0.02171	0.01050	0.81303	0.01331	0.00980	0.01331	0.00840	0.01120	0.00630	0.00350	0.00490	0.00140	0.00700	0.00490	0.00210	0.00560
15	0.00493	0.00413	0.00429	0.00442	0.00567	0.00349	0.00325	0.00594	0.00926	0.01114	0.03950	0.14909	0.71898	0.01086	0.00496	0.00144	0.00215	0.00918	0.00386	0.00349
16	0.00833	0.02149	0.83250	0.01184	0.01798	0.00965	0.01535	0.01315	0.00877	0.01315	0.00745	0.00877	0.00526	0.00395	0.00395	0.00132	0.00614	0.00307	0.00175	0.00614
17	0.00593	0.00445	0.00668	0.00668	0.00742	0.00519	0.00519	0.00742	0.00668	0.00964	0.01113	0.01632	0.01038	0.03115	0.83756	0.00668	0.01113	0.00445	0.00223	0.00371
18	0.01864	0.00707	0.00964	0.00739	0.01060	0.00611	0.00611	0.02024	0.01189	0.83099	0.01639	0.01414	0.01028	0.00514	0.00418	0.00129	0.00353	0.00418	0.00514	0.00707
19	0.00506	0.00361	0.00482	0.00578	0.00602	0.00337	0.00386	0.00578	0.00795	0.01060	0.02289	0.85131	0.02747	0.01301	0.00530	0.00169	0.00241	0.01181	0.00386	0.00337
20	0.01855	0.00744	0.00970	0.00749	0.01067	0.03004	0.00616	0.02014	0.01189	0.80735	0.01610	0.01395	0.01014	0.00512	0.00416	0.00128	0.00365	0.00413	0.00505	0.00700
21	0.01864	0.00707	0.00964	0.00739	0.01060	0.00611	0.00611	0.02024	0.01189	0.83099	0.01639	0.01414	0.01028	0.00514	0.00418	0.00129	0.00353	0.00418	0.00514	0.00707
22	0.00588	0.00425	0.00555	0.00523	0.00621	0.00392	0.00392	0.00784	0.01176	0.01666	0.82592	0.03103	0.03919	0.00849	0.00490	0.00131	0.00196	0.00751	0.00457	0.00392
23	0.01677	0.00983	0.10349	0.00843	0.01200	0.00817	0.00759	0.21498	0.01342	0.54020	0.01380	0.01250	0.00892	0.00497	0.00415	0.00128	0.00408	0.00394	0.00451	0.00696
24	0.08580	0.00729	0.00945	0.00731	0.01047	0.00656	0.00604	0.04422	0.01175	0.74288	0.01536	0.01343	0.00973	0.00504	0.00405	0.00128	0.00354	0.00401	0.00491	0.00687
25	0.88336	0.00803	0.00611	0.00546	0.00803	0.00932	0.00450	0.01221	0.00707	0.01864	0.00578	0.00675	0.00450	0.00386	0.00257	0.00129	0.00321	0.00225	0.00257	0.00450
26	0.10930	0.00717	0.00927	0.00719	0.01033	0.00644	0.00594	0.01940	0.01138	0.74582	0.01528	0.01336	0.00968	0.00501	0.00401	0.00129	0.00350	0.00397	0.00487	0.00680
27	0.01015	0.00785	0.00922	0.03971	0.01098	0.00686	0.00570	0.06862	0.11510	0.08359	0.00956	0.01016	0.00739	0.00376	0.00344	0.00085	0.00334	0.00303	0.00301	0.59769
28	0.01557	0.01132	0.01219	0.00942	0.01268	0.01249	0.00776	0.74026	0.06565	0.05418	0.01060	0.01044	0.00750	0.00503	0.00416	0.00126	0.00446	0.00381	0.00419	0.00704
29	0.00582	0.00424	0.00548	0.00517	0.00617	0.00390	0.00388	0.00773	0.01163	0.01635	0.78128	0.03154	0.08403	0.00861	0.00490	0.00131	0.00197	0.00758	0.00453	0.00390
30	0.88336	0.00803	0.00611	0.00546	0.00803	0.00932	0.00450	0.01221	0.00707	0.01864	0.00578	0.00675	0.00450	0.00386	0.00257	0.00129	0.00321	0.00225	0.00257	0.00450
31	0.00491	0.00419	0.00422	0.00425	0.00562	0.00350	0.00317	0.00596	0.00943	0.01120	0.04158	0.06100	0.80572	0.01058	0.00492	0.00141	0.00211	0.00885	0.00386	0.00350
32	0.00944	0.00883	0.01478	0.05442	0.65712	0.00886	0.01136	0.01176	0.00948	0.01338	0.05120	0.04408	0.02760	0.00492	0.00431	0.00131	0.00459	0.05415	0.00239	0.00602
33	0.01864	0.00707	0.00964	0.00739	0.01060	0.00611	0.00611	0.02024	0.01189	0.83099	0.01639	0.01414	0.01028	0.00514	0.00418	0.00129	0.00353	0.00418	0.00514	0.00707
34	0.01454	0.01042	0.01134	0.00890	0.01186	0.01140	0.00727	0.66859	0.02898	0.05536	0.05258	0.05739	0.01010	0.00561	0.00423	0.00127	0.00420	0.00441	0.02493	0.00662
35	0.01535	0.05124	0.01215	0.01057	0.01276	0.80650	0.00799	0.01643	0.01165	0.01015	0.00640	0.00746	0.00535	0.00425	0.00370	0.00106	0.00738	0.00266	0.00213	0.00483
36	0.88336	0.00803	0.00611	0.00546	0.00803	0.00932	0.00450	0.01221	0.00707	0.01864	0.00578	0.00675	0.00450	0.00386	0.00257	0.00129	0.00321	0.00225	0.00257	0.00450
37	0.00566	0.00424	0.00525	0.00500	0.00607	0.00383	0.00375	0.00742	0.01125	0.01545	0.65195	0.03301	0.21391	0.00894	0.00490	0.00133	0.00199	0.00779	0.00441	0.00383
38	0.00588	0.00425	0.00555	0.00523	0.00621	0.00392	0.00392	0.00784	0.01176	0.01666	0.82592	0.03103	0.03919	0.00849	0.00490	0.00131	0.00196	0.00751	0.00457	0.00392
39	0.00507	0.00392	0.00455	0.00499	0.00576	0.00348	0.00347	0.00593	0.00861	0.01088	0.05118	0.42085	0.38353	0.06049	0.00603	0.00169	0.00236	0.01001	0.00380	0.00340
40	0.01864	0.00707	0.00964	0.00739	0.01060	0.00611	0.00611	0.02024	0.01189	0.83099	0.01639	0.01414	0.01028	0.00514	0.00418	0.00129	0.00353	0.00418	0.00514	0.00707
41	0.01052	0.00902	0.00950	0.00849	0.01087	0.01042	0.00662	0.05014	0.79223	0.01769	0.01666	0.01530	0.01248	0.00561	0.00422	0.00140	0.00333	0.00466	0.00422	0.00659
42	0.00833	0.02149	0.83250	0.01184	0.01798	0.00965	0.01535	0.01315	0.00877	0.01315	0.00745	0.00877	0.00526	0.00395	0.00395	0.00132	0.00614	0.00307	0.00175	0.00614
43	0.01470	0.01829	0.01238	0.01238	0.10507	0.71445	0.00860	0.01592	0.01132	0.01055	0.00654	0.00786	0.00549	0.00432	0.00414	0.00112	0.03692	0.00283	0.00212	0.00501
44	0.01011	0.00965	0.01642	0.02470	0.79582	0.00964	0.01240	0.01255	0.00955	0.01369	0.03995	0.01110	0.00786	0.00389	0.00414	0.00124	0.00482	0.00385	0.00215	0.00647
45	0.00891	0.00898	0.01419	0.03263	0.01298	0.01133	0.15410	0.01042	0.00715	0.01072	0.00658	0.01009	0.00604	0.00830	0.07881	0.00208	0.57184	0.00389	0.00193	0.03904
46	0.01028	0.00987	0.01686	0.02550	0.82811	0.00987	0.01275	0.01275	0.00946	0.01357	0.00781	0.01028	0.00658	0.00370	0.00411	0.00123	0.00493	0.00370	0.00206	0.00658
47	0.01524	0.01136	0.01216	0.00945	0.01267	0.01263	0.00776	0.73516	0.09951	0.02530	0.01066	0.01052	0.00762	0.00505	0.00416	0.00126	0.00444	0.00384	0.00416	0.00702
48	0.00561	0.00456	0.00482	0.00464	0.00616	0.00384	0.00348	0.01921	0.00951	0.02544	0.04928	0.10412	0.66079	0.00997	0.00478	0.00136	0.00226	0.00838	0.00379	0.06799
49	0.00506	0.00361	0.00482	0.00578	0.00602	0.00337	0.00386	0.00578	0.00795	0.01060	0.02289	0.85131	0.02747	0.01301	0.00530	0.00169	0.00241	0.01181	0.00386	0.00337
50	0.00594	0.00441	0.00647	0.00646	0.00716	0.00506	0.00494	0.00733	0.00683	0.00980	0.04328	0.01770	0.01186	0.09110	0.74449	0.00627	0.01024	0.00469	0.00234	0.00363
51	0.00982	0.47114	0.39594	0.00929	0.01404	0.01330	0.01091	0.01277	0.00859	0.01133	0.00655	0.00764	0.00530	0.00373	0.00326	0.00109	0.00523	0.00261	0.00177	0.00570
52	0.00862	0.08268	0.73442	0.01153	0.01734	0.01018	0.03163	0.01333	0.02929	0.01301	0.00759	0.00884	0.00548	0.00395	0.00388	0.00129	0.00596	0.00309	0.00183	0.00608

[dist]
# distance from previous block
# <min> <max>
0	1

[block]
# block no. 1 follows, 64 sequences, length 80
# corresponding to MSA columns:
# 102-148,155-187
name=unknown_B
#
# <colnr> <probs for GDERKNQSTAVLIFYWHMCP>
#	G	D	E	R	K	N	Q	S	T	A	V	L	I	F	Y	W	H	M	C	P
0	0.01495	0.01093	0.01178	0.00923	0.01235	0.01208	0.00758	0.67917	0.09989	0.04617	0.01117	0.01152	0.00814	0.00519	0.00417	0.00127	0.00434	0.02024	0.02295	0.00688
1	0.00576	0.00422	0.00539	0.00514	0.00614	0.00386	0.00384	0.00759	0.01142	0.01593	0.72271	0.05468	0.12017	0.00883	0.00491	0.00133	0.00199	0.00776	0.00448	0.00386
2	0.01180	0.01323	0.05433	0.02656	0.07772	0.25982	0.03259	0.10164	0.00998	0.01247	0.00677	0.00897	0.00578	0.00547	0.00779	0.00143	0.34021	0.00338	0.01488	0.00517
3	0.00984	0.00942	0.01607	0.17274	0.68430	0.00975	0.01253	0.01236	0.00925	0.01304	0.00774	0.01042	0.00639	0.00378	0.00412	0.00126	0.00504	0.00370	0.00202	0.00623
4	0.00580	0.00424	0.00544	0.00514	0.00616	0.00388	0.00386	0.00768	0.01157	0.01620	0.75999	0.03178	0.10541	0.00866	0.00490	0.00131	0.00197	0.00762	0.00451	0.00388
5	0.00841	0.02097	0.79171	0.01213	0.01817	0.00969	0.05562	0.01316	0.00882	0.01316	0.00750	0.00889	0.00531	0.00392	0.00399	0.00132	0.00618	0.00316	0.00177	0.00611
6	0.00796	0.00666	0.02682	0.00882	0.06636	0.04502	0.00695	0.01017	0.03408	0.03448	0.03583	0.05714	0.03310	0.00906	0.00505	0.00160	0.00391	0.49822	0.00348	0.10529
7	0.00504	0.00421	0.00438	0.00434	0.00569	0.00356	0.00326	0.00621	0.00977	0.01193	0.14502	0.03880	0.72304	0.01025	0.00491	0.00139	0.00208	0.00860	0.00395	0.00356
8	0.01058	0.00927	0.00951	0.00853	0.01087	0.03651	0.00664	0.04462	0.75817	0.01727	0.01628	0.01510	0.01225	0.00600	0.01813	0.00148	0.00359	0.00460	0.00412	0.00649
9	0.12547	0.20810	0.05305	0.04409	0.29800	0.10313	0.02109	0.01295	0.00908	0.02483	0.00699	0.00859	0.00580	0.00376	0.00347	0.00112	0.00485	0.00297	0.00212	0.06054
10	0.02847	0.00955	0.01225	0.01056	0.01092	0.07478	0.02418	0.01041	0.00688	0.01023	0.00604	0.00953	0.00583	0.00879	0.07788	0.00213	0.68153	0.00362	0.00190	0.00452
11	0.00491	0.00421	0.00421	0.00421	0.00561	0.00351	0.00316	0.00596	0.00947	0.01122	0.04208	0.03997	0.82643	0.01052	0.00491	0.00140	0.00210	0.00877	0.00386	0.00351
12	0.88336	0.00803	0.00611	0.00546	0.00803	0.00932	0.00450	0.01221	0.00707	0.01864	0.00578	0.00675	0.00450	0.00386	0.00257	0.00129	0.00321	0.00225	0.00257	0.00450
13	0.00669	0.00478	0.00669	0.00765	0.00861	0.00478	0.00669	0.00861	0.00956	0.01243	0.02199	0.04685	0.02391	0.01147	0.00574	0.00191	0.00382	0.80015	0.00382	0.00382
14	0.00578	0.00436	0.00535	0.00508	0.00619	0.00400	0.00381	0.00779	0.03314	0.01542	0.62276	0.03268	0.22050	0.00888	0.00488	0.00133	0.00203	0.00773	0.00440	0.00390
15	0.00593	0.00445	0.00668	0.00668	0.00742	0.00519	0.00519	0.00742	0.00668	0.00964	0.01113	0.01632	0.01038	0.03115	0.83756	0.00668	0.01113	0.00445	0.00223	0.00371
16	0.01579	0.01163	0.01247	0.00956	0.01288	0.01288	0.00789	0.81426	0.01953	0.02618	0.00997	0.00997	0.00706	0.00499	0.00416	0.00125	0.00457	0.00374	0.00416	0.00706
17	0.88336	0.00803	0.00611	0.00546	0.00803	0.00932	0.00450	0.01221	0.00707	0.01864	0.00578	0.00675	0.00450	0.00386	0.00257	0.00129	0.00321	0.00225	0.00257	0.00450
18	0.00659	0.00471	0.00658	0.00754	0.00845	0.00470	0.00652	0.00843	0.00946	0.01232	0.02205	0.09573	0.02412	0.01157	0.00571	0.00190	0.00374	0.75225	0.00383	0.00380
19	0.83005	0.00780	0.00607	0.00545	0.00792	0.00899	0.00446	0.01194	0.00735	0.01852	0.05562	0.00822	0.00661	0.00414	0.00271	0.00129	0.00314	0.00257	0.00269	0.00446
20	0.00861	0.00738	0.00861	0.00615	0.00984	0.00554	0.00492	0.01046	0.00861	0.01354	0.00738	0.00861	0.00615	0.00308	0.00308	0.00062	0.00308	0.00246	0.00246	0.87941
21	0.01111	0.85652	0.02177	0.00711	0.01066	0.01644	0.00711	0.01244	0.00844	0.00977	0.00577	0.00666	0.00533	0.00355	0.00267	0.00089	0.00444	0.00222	0.00178	0.00533
22	0.00593	0.00445	0.00668	0.00668	0.00742	0.00519	0.00519	0.00742	0.00668	0.00964	0.01113	0.01632	0.01038	0.03115	0.83756	0.00668	0.01113	0.00445	0.00223	0.00371
23	0.00784	0.00738	0.01246	0.84404	0.02861	0.00923	0.01154	0.01061	0.00831	0.01061	0.00738	0.01107	0.00554	0.00415	0.00415	0.00138	0.00554	0.00369	0.00185	0.00461
24	0.00528	0.00384	0.00505	0.00581	0.00626	0.00351	0.00392	0.00607	0.00799	0.01078	0.02195	0.80011	0.02618	0.01241	0.00517	0.00162	0.00245	0.01124	0.00377	0.05660
25	0.00506	0.00361	0.00482	0.00578	0.00602	0.00337	0.00386	0.00578	0.00795	0.01060	0.02289	0.85131	0.02747	0.01301	0.00530	0.00169	0.00241	0.01181	0.00386	0.00337
26	0.00581	0.00421	0.00549	0.00524	0.00619	0.00388	0.00390	0.00768	0.01149	0.01620	0.76480	0.08101	0.05086	0.00880	0.00492	0.00133	0.00199	0.00779	0.00452	0.00388
27	0.01008	0.00952	0.01565	0.11992	0.65414	0.00988	0.01202	0.02458	0.07757	0.01372	0.00856	0.01081	0.00698	0.00393	0.00413	0.00127	0.00486	0.00378	0.00224	0.00636
28	0.00944	0.01034	0.03799	0.21647	0.09658	0.01015	0.49959	0.02455	0.02810	0.01296	0.00830	0.01112	0.00628	0.00376	0.00460	0.00138	0.00632	0.00444	0.00211	0.00551
29	0.01864	0.00707	0.00964	0.00739	0.01060	0.00611	0.00611	0.02024	0.01189	0.83099	0.01639	0.01414	0.01028	0.00514	0.00418	0.00129	0.00353	0.00418	0.00514	0.00707
30	0.00784	0.00738	0.01246	0.84404	0.02861	0.00923	0.01154	0.01061	0.00831	0.01061	0.00738	0.01107	0.00554	0.00415	0.00415	0.00138	0.00554	0.00369	0.00185	0.00461
31	0.01023	0.00982	0.01676	0.04333	0.81069	0.00986	0.01272	0.01270	0.00943	0.01351	0.00780	0.01030	0.00656	0.00371	0.00411	0.00124	0.00495	0.00370	0.00205	0.00654
32	0.00640	0.00554	0.04801	0.00750	0.02710	0.00480	0.00640	0.00822	0.00937	0.01212	0.02462	0.10933	0.16727	0.01087	0.00542	0.00176	0.00354	0.53412	0.00369	0.00391
33	0.01864	0.00707	0.00964	0.00739	0.01060	0.00611	0.00611	0.02024	0.01189	0.83099	0.01639	0.01414	0.01028	0.00514	0.00418	0.00129	0.00353	0.00418	0.00514	0.00707
34	0.01021	0.01127	0.04524	0.01685	0.02105	0.01026	0.75108	0.01365	0.00988	0.05458	0.00878	0.01129	0.00648	0.00360	0.00484	0.00139	0.00680	0.00482	0.00225	0.00569
35	0.01069	0.01240	0.02159	0.01607	0.03082	0.14420	0.63511	0.01400	0.03585	0.01289	0.00854	0.02215	0.00664	0.00383	0.00469	0.00135	0.00687	0.00461	0.00220	0.00549
36	0.00593	0.00445	0.00668	0.00668	0.00742	0.00519	0.00519	0.00742	0.00668	0.00964	0.01113	0.01632	0.01038	0.03115	0.83756	0.00668	0.01113	0.00445	0.00223	0.00371
37	0.00692	0.00613	0.02816	0.01933	0.05439	0.00609	0.12134	0.00881	0.04095	0.01051	0.01247	0.11202	0.01260	0.22453	0.31263	0.00399	0.00695	0.00567	0.00252	0.00399
38	0.00514	0.00368	0.00490	0.00585	0.00614	0.00344	0.00398	0.00592	0.00806	0.01070	0.02316	0.79895	0.04041	0.01290	0.00532	0.00169	0.00247	0.05003	0.00385	0.00340
39	0.00691	0.00545	0.00682	0.00701	0.04876	0.00546	0.00509	0.01060	0.16038	0.01558	0.46199	0.02985	0.11338	0.00827	0.00483	0.00140	0.00258	0.09691	0.00422	0.00449
40	0.00594	0.00443	0.00657	0.00657	0.00727	0.00513	0.00506	0.00735	0.00664	0.00956	0.01122	0.01687	0.01062	0.07269	0.79635	0.00654	0.01077	0.00453	0.00224	0.00365
41	0.10732	0.01089	0.06716	0.15981	0.21466	0.06726	0.20207	0.01246	0.00887	0.01293	0.00729	0.00983	0.00582	0.00417	0.00508	0.00136	0.09185	0.00371	0.00205	0.00542
42	0.02428	0.02084	0.78769	0.01206	0.03097	0.00966	0.03152	0.01313	0.00877	0.01326	0.00745	0.00881	0.00529	0.00393	0.00394	0.00132	0.00608	0.00310	0.00178	0.00611
43	0.00930	0.00929	0.08249	0.03559	0.03324	0.02459	0.00657	0.07235	0.00954	0.01430	0.00758	0.00883	0.00612	0.00338	0.00331	0.00078	0.00369	0.00269	0.00249	0.66385
44	0.00502	0.00424	0.00436	0.00442	0.00579	0.00358	0.00337	0.00612	0.00947	0.01129	0.04086	0.04039	0.77766	0.01058	0.00496	0.00143	0.00221	0.05685	0.00386	0.00353
45	0.00861	0.00738	0.00861	0.00615	0.00984	0.00554	0.00492	0.01046	0.00861	0.01354	0.00738	0.00861	0.00615	0.00308	0.00308	0.00062	0.00308	0.00246	0.00246	0.87941
46	0.00954	0.00809	0.00871	0.00788	0.00998	0.00919	0.00610	0.01953	0.67601	0.01725	0.16153	0.01827	0.01742	0.00615	0.00435	0.00139	0.00305	0.00520	0.00429	0.00610
47	0.01587	0.00769	0.00991	0.00772	0.01070	0.00723	0.02348	0.16572	0.02643	0.52499	0.07772	0.03712	0.02557	0.00557	0.00425	0.00127	0.00361	0.00460	0.00469	0.03585
48	0.00956	0.01082	0.02352	0.01692	0.02092	0.01014	0.77218	0.01293	0.00971	0.01317	0.00913	0.05362	0.00737	0.00398	0.00492	0.00142	0.00677	0.00525	0.00219	0.00549
49	0.00506	0.00361	0.00482	0.00578	0.00602	0.00337	0.00386	0.00578	0.00795	0.01060	0.02289	0.85131	0.02747	0.01301	0.00530	0.00169	0.00241	0.01181	0.00386	0.00337
50	0.00588	0.00425	0.00555	0.00523	0.00621	0.00392	0.00392	0.00784	0.01176	0.01666	0.82592	0.03103	0.03919	0.00849	0.00490	0.00131	0.00196	0.00751	0.00457	0.00392
51	0.00977	0.01109	0.02399	0.01717	0.02129	0.01045	0.78310	0.01319	0.00972	0.01325	0.00833	0.01112	0.00628	0.00356	0.00502	0.00139	0.02182	0.00483	0.00210	0.02252
52	0.00822	0.00856	0.05500	0.67537	0.10231	0.00939	0.06054	0.01110	0.00853	0.01118	0.00749	0.01089	0.00567	0.00406	0.00418	0.00137	0.00560	0.00373	0.00188	0.00493
53	0.00582	0.00424	0.00548	0.00517	0.00617	0.00390	0.00388	0.00773	0.01163	0.01635	0.78189	0.03153	0.08341	0.00861	0.00490	0.00131	0.00197	0.00758	0.00453	0.00390
54	0.01864	0.00707	0.00964	0.00739	0.01060	0.00611	0.00611	0.02024	0.01189	0.83099	0.01639	0.01414	0.01028	0.00514	0.00418	0.00129	0.00353	0.00418	0.00514	0.00707
55	0.05221	0.00819	0.00859	0.00810	0.01006	0.08417	0.00665	0.07358	0.22638	0.11285	0.01717	0.02625	0.02696	0.00765	0.00469	0.00154	0.00399	0.31179	0.00390	0.00530
56	0.00557	0.00404	0.00526	0.00537	0.00612	0.00372	0.00387	0.00709	0.01041	0.01445	0.53029	0.30161	0.06655	0.01006	0.00503	0.00144	0.00211	0.00898	0.00431	0.00372
57	0.00669	0.00478	0.00669	0.00765	0.00861	0.00478	0.00669	0.00861	0.00956	0.01243	0.02199	0.04685	0.02391	0.01147	0.00574	0.00191	0.00382	0.80015	0.00382	0.00382
58	0.00980	0.01120	0.02451	0.01751	0.02171	0.01050	0.81303	0.01331	0.00980	0.01331	0.00840	0.01120	0.00630	0.00350	0.00490	0.00140	0.00700	0.00490	0.00210	0.00560
59	0.00833	0.02149	0.83250	0.01184	0.01798	0.00965	0.01535	0.01315	0.00877	0.01315	0.00745	0.00877	0.00526	0.00395	0.00395	0.00132	0.00614	0.00307	0.00175	0.00614
60	0.00593	0.00445	0.00668	0.00668	0.00742	0.00519	0.00519	0.00742	0.00668	0.00964	0.01113	0.01632	0.01038	0.03115	0.83756	0.00668	0.01113	0.00445	0.00223	0.00371
61	0.01033	0.00892	0.00939	0.00845	0.01080	0.01033	0.00657	0.02207	0.82061	0.01738	0.01691	0.01550	0.01268	0.00564	0.00423	0.00141	0.00329	0.00470	0.00423	0.00657
62	0.00980	0.01120	0.02451	0.01751	0.02171	0.01050	0.81303	0.01331	0.00980	0.01331	0.00840	0.01120	0.00630	0.00350	0.00490	0.00140	0.00700	0.00490	0.00210	0.00560
63	0.01561	0.01154	0.01236	0.00952	0.01281	0.01280	0.00785	0.78766	0.04643	0.02588	0.01021	0.01016	0.00725	0.00501	0.00416	0.00125	0.00453	0.00377	0.00416	0.00705
64	0.88336	0.00803	0.00611	0.00546	0.00803	0.00932	0.00450	0.01221	0.00707	0.01864	0.00578	0.00675	0.00450	0.00386	0.00257	0.00129	0.00321	0.00225	0.00257	0.00450
65	0.88336	0.00803	0.00611	0.00546	0.00803	0.00932	0.00450	0.01221	0.00707	0.01864	0.00578	0.00675	0.00450	0.00386	0.00257	0.00129	0.00321	0.00225	0.00257	0.00450
66	0.00588	0.00425	0.00555	0.00523	0.00621	0.00392	0.00392	0.00784	0.01176	0.01666	0.82592	0.03103	0.03919	0.00849	0.00490	0.00131	0.00196	0.00751	0.00457	0.00392
67	0.00784	0.00738	0.01246	0.84404	0.02861	0.00923	0.01154	0.01061	0.00831	0.01061	0.00738	0.01107	0.00554	0.00415	0.00415	0.00138	0.00554	0.00369	0.00185	0.00461
68	0.00861	0.00738	0.00861	0.00615	0.00984	0.00554	0.00492	0.01046	0.00861	0.01354	0.00738	0.00861	0.00615	0.00308	0.00308	0.00062	0.00308	0.00246	0.00246	0.87941
69	0.00604	0.00403	0.00453	0.00453	0.00453	0.00403	0.00252	0.00604	0.00604	0.00805	0.01309	0.02718	0.01510	0.85402	0.02114	0.00403	0.00403	0.00604	0.00252	0.00252
70	0.88336	0.00803	0.00611	0.00546	0.00803	0.00932	0.00450	0.01221	0.00707	0.01864	0.00578	0.00675	0.00450	0.00386	0.00257	0.00129	0.00321	0.00225	0.00257	0.00450
71	0.00588	0.00425	0.00555	0.00523	0.00621	0.00392	0.00392	0.00784	0.01176	0.01666	0.82592	0.03103	0.03919	0.00849	0.00490	0.00131	0.00196	0.00751	0.00457	0.00392
72	0.01579	0.01163	0.01247	0.00956	0.01288	0.01288	0.00789	0.81426	0.01953	0.02618	0.00997	0.00997	0.00706	0.00499	0.00416	0.00125	0.00457	0.00374	0.00416	0.00706
73	0.00506	0.00361	0.00482	0.00578	0.00602	0.00337	0.00386	0.00578	0.00795	0.01060	0.02289	0.85131	0.02747	0.01301	0.00530	0.00169	0.00241	0.01181	0.00386	0.00337
74	0.00506	0.00361	0.00482	0.00578	0.00602	0.00337	0.00386	0.00578	0.00795	0.01060	0.02289	0.85131	0.02747	0.01301	0.00530	0.00169	0.00241	0.01181	0.00386	0.00337
75	0.00503	0.00421	0.00438	0.00434	0.00568	0.00356	0.00325	0.00620	0.00975	0.01190	0.14002	0.03886	0.72806	0.01027	0.00491	0.00139	0.00209	0.00861	0.00395	0.00356
76	0.00834	0.00414	0.00426	0.00412	0.00522	0.00412	0.00312	0.02391	0.00903	0.04996	0.01361	0.01533	0.01057	0.00485	0.00298	0.00099	0.00205	0.00388	0.82546	0.00406
77	0.88336	0.00803	0.00611	0.00546	0.00803	0.00932	0.00450	0.01221	0.00707	0.01864	0.00578	0.00675	0.00450	0.00386	0.00257	0.00129	0.00321	0.00225	0.00257	0.00450
78	0.00719	0.00366	0.00547	0.00552	0.00556	0.00366	0.00375	0.00556	0.00561	0.00746	0.00792	0.01425	0.00801	0.01429	0.01573	0.83746	0.00362	0.04146	0.00190	0.00190
79	0.01104	0.76585	0.08313	0.00758	0.01129	0.04254	0.00776	0.01263	0.00857	0.01004	0.00592	0.00685	0.00533	0.00361	0.00280	0.00093	0.00467	0.00230	0.00179	0.00538

[dist]
# distance from previous block
# <min> <max>
0	7

[block]
# block no. 2 follows, 64 sequences, length 40
# corresponding to MSA columns:
# 195-234
name=unknown_C
#
# <colnr> <probs for GDERKNQSTAVLIFYWHMCP>
#	G	D	E	R	K	N	Q	S	T	A	V	L	I	F	Y	W	H	M	C	P
0	0.08747	0.09718	0.06578	0.01130	0.09664	0.41206	0.00855	0.10840	0.04008	0.01351	0.00729	0.00831	0.00586	0.00426	0.00379	0.00115	0.01759	0.00294	0.00241	0.00543
1	0.44028	0.25764	0.04956	0.00761	0.04989	0.05081	0.00640	0.01295	0.05073	0.01486	0.00672	0.00789	0.00556	0.02069	0.00325	0.00122	0.00402	0.00257	0.00234	0.00500
2	0.05496	0.00842	0.01378	0.38654	0.39411	0.00928	0.01135	0.01147	0.00882	0.01242	0.00902	0.01175	0.04210	0.00421	0.00408	0.00131	0.00499	0.00384	0.00207	0.00546
3	0.00861	0.00738	0.00861	0.00615	0.00984	0.00554	0.00492	0.01046	0.00861	0.01354	0.00738	0.00861	0.00615	0.00308	0.00308	0.00062	0.00308	0.00246	0.00246	0.87941
4	0.00676	0.00526	0.00754	0.00785	0.05092	0.00606	0.00573	0.02226	0.05187	0.01087	0.01161	0.05223	0.01079	0.02479	0.62208	0.00531	0.04836	0.00467	0.04093	0.00411
5	0.00506	0.00361	0.00482	0.00578	0.00602	0.00337	0.00386	0.00578	0.00795	0.01060	0.02289	0.85131	0.02747	0.01301	0.00530	0.00169	0.00241	0.01181	0.00386	0.00337
6	0.00602	0.00411	0.00497	0.00497	0.00513	0.00427	0.00307	0.00633	0.00617	0.00838	0.01268	0.02493	0.01413	0.68382	0.19001	0.00457	0.00550	0.00571	0.00246	0.00276
7	0.00980	0.01120	0.02451	0.01751	0.02171	0.01050	0.81303	0.01331	0.00980	0.01331	0.00840	0.01120	0.00630	0.00350	0.00490	0.00140	0.00700	0.00490	0.00210	0.00560
8	0.00815	0.00427	0.00431	0.00416	0.00525	0.00433	0.00316	0.05061	0.00926	0.01603	0.01337	0.01521	0.01046	0.00485	0.00297	0.00098	0.00207	0.00386	0.83267	0.00403
9	0.01111	0.85652	0.02177	0.00711	0.01066	0.01644	0.00711	0.01244	0.00844	0.00977	0.00577	0.00666	0.00533	0.00355	0.00267	0.00089	0.00444	0.00222	0.00178	0.00533
10	0.00861	0.00738	0.00861	0.00615	0.00984	0.00554	0.00492	0.01046	0.00861	0.01354	0.00738	0.00861	0.00615	0.00308	0.00308	0.00062	0.00308	0.00246	0.00246	0.87941
11	0.01523	0.01136	0.01215	0.00944	0.01267	0.01262	0.00776	0.73356	0.10113	0.02528	0.01068	0.01054	0.00764	0.00505	0.00416	0.00126	0.00444	0.00384	0.00416	0.00701
12	0.88336	0.00803	0.00611	0.00546	0.00803	0.00932	0.00450	0.01221	0.00707	0.01864	0.00578	0.00675	0.00450	0.00386	0.00257	0.00129	0.00321	0.00225	0.00257	0.00450
13	0.01788	0.00737	0.00972	0.00755	0.01070	0.00667	0.00620	0.04752	0.07621	0.73903	0.01621	0.01410	0.01036	0.00517	0.00418	0.00129	0.00355	0.00420	0.00503	0.00703
14	0.00595	0.00438	0.00631	0.00631	0.00692	0.00499	0.00473	0.00718	0.00657	0.00937	0.01146	0.01819	0.01120	0.17264	0.69718	0.00622	0.00991	0.00472	0.00228	0.00350
15	0.00604	0.00404	0.00458	0.00458	0.00460	0.00406	0.00258	0.00607	0.00606	0.00809	0.01304	0.02692	0.01499	0.83388	0.04113	0.00409	0.00420	0.00600	0.00251	0.00255
16	0.01810	0.00709	0.00958	0.00732	0.01056	0.00607	0.00604	0.01972	0.01171	0.78704	0.01590	0.01384	0.01006	0.00503	0.00412	0.00125	0.00351	0.00408	0.00500	0.05397
17	0.00722	0.00361	0.00541	0.00541	0.00541	0.00361	0.00361	0.00541	0.00541	0.00722	0.00722	0.01263	0.00722	0.01443	0.01623	0.87915	0.00361	0.00361	0.00180	0.00180
18	0.01020	0.00979	0.01672	0.05140	0.80281	0.00985	0.01271	0.01268	0.00942	0.01348	0.00780	0.01031	0.00655	0.00372	0.00411	0.00124	0.00495	0.00370	0.00205	0.00652
19	0.01857	0.00717	0.00970	0.00744	0.01066	0.00626	0.00615	0.03832	0.01206	0.81267	0.01624	0.01404	0.01021	0.00514	0.00418	0.00128	0.00356	0.00417	0.00512	0.00707
20	0.01033	0.00892	0.00939	0.00845	0.01080	0.01033	0.00657	0.02207	0.82061	0.01738	0.01691	0.01550	0.01268	0.00564	0.00423	0.00141	0.00329	0.00470	0.00423	0.00657
21	0.01864	0.00707	0.00964	0.00739	0.01060	0.00611	0.00611	0.02024	0.01189	0.83099	0.01639	0.01414	0.01028	0.00514	0.00418	0.00129	0.00353	0.00418	0.00514	0.00707
22	0.00644	0.00460	0.00640	0.00736	0.00821	0.00456	0.00625	0.00817	0.00931	0.01215	0.02213	0.17118	0.02446	0.01171	0.00567	0.00188	0.00361	0.67831	0.00383	0.00376
23	0.88336	0.00803	0.00611	0.00546	0.00803	0.00932	0.00450	0.01221	0.00707	0.01864	0.00578	0.00675	0.00450	0.00386	0.00257	0.00129	0.00321	0.00225	0.00257	0.00450
24	0.01022	0.00981	0.01675	0.04591	0.80817	0.00985	0.01272	0.01269	0.00943	0.01350	0.00780	0.01030	0.00655	0.00371	0.00411	0.00124	0.00495	0.00370	0.00205	0.00653
25	0.01552	0.01980	0.01177	0.01070	0.01284	0.83735	0.00803	0.01659	0.01177	0.01017	0.00642	0.00749	0.00535	0.00428	0.00375	0.00107	0.00749	0.00268	0.00214	0.00482
26	0.00949	0.00542	0.00682	0.00608	0.00710	0.00556	0.00434	0.05669	0.00823	0.19071	0.01298	0.02073	0.01238	0.44462	0.15233	0.00361	0.04057	0.00513	0.00311	0.00407
27	0.00700	0.00666	0.00770	0.00672	0.00831	0.09634	0.08653	0.00870	0.01076	0.01369	0.37706	0.02955	0.30852	0.00823	0.00478	0.00132	0.00313	0.00715	0.00380	0.00404
28	0.01545	0.01836	0.01172	0.01044	0.01273	0.71012	0.00793	0.09809	0.03776	0.02928	0.00732	0.00813	0.00586	0.00441	0.00381	0.00110	0.00698	0.00288	0.00247	0.00515
29	0.72799	0.00770	0.00616	0.00548	0.00789	0.00882	0.00448	0.05415	0.00793	0.01864	0.00698	0.00801	0.00540	0.00404	0.00270	0.00124	0.00312	0.00253	0.11218	0.00456
30	0.01020	0.00978	0.01671	0.05347	0.80079	0.00985	0.01271	0.01267	0.00942	0.01347	0.00780	0.01031	0.00654	0.00372	0.00411	0.00124	0.00496	0.00370	0.00205	0.00651
31	0.01000	0.00872	0.00992	0.00871	0.01106	0.00990	0.04888	0.02063	0.72202	0.01711	0.07234	0.01634	0.01417	0.00572	0.00431	0.00140	0.00339	0.00490	0.00414	0.00634
32	0.00603	0.00407	0.00475	0.00475	0.00482	0.00415	0.00279	0.00618	0.00611	0.00822	0.01289	0.02608	0.01462	0.77020	0.10431	0.00430	0.00475	0.00588	0.00249	0.00264
33	0.00523	0.00373	0.00501	0.00597	0.00629	0.00352	0.00414	0.00607	0.00812	0.01079	0.02280	0.76936	0.02711	0.01286	0.00535	0.00171	0.00255	0.09212	0.00385	0.00342
34	0.00833	0.02149	0.83250	0.01184	0.01798	0.00965	0.01535	0.01315	0.00877	0.01315	0.00745	0.00877	0.00526	0.00395	0.00395	0.00132	0.00614	0.00307	0.00175	0.00614
35	0.01021	0.00979	0.01673	0.05037	0.80381	0.00985	0.01271	0.01268	0.00942	0.01348	0.00780	0.01030	0.00655	0.00371	0.00411	0.00124	0.00495	0.00370	0.00205	0.00652
36	0.00784	0.00738	0.01246	0.84404	0.02861	0.00923	0.01154	0.01061	0.00831	0.01061	0.00738	0.01107	0.00554	0.00415	0.00415	0.00138	0.00554	0.00369	0.00185	0.00461
37	0.00595	0.00440	0.00641	0.00641	0.00705	0.00505	0.00485	0.00724	0.00660	0.00944	0.01137	0.01769	0.01098	0.13492	0.73460	0.00634	0.01023	0.00465	0.00226	0.00356
38	0.04536	0.01263	0.01208	0.01036	0.05547	0.15922	0.00794	0.53189	0.08794	0.02162	0.00969	0.00992	0.00714	0.00481	0.00403	0.00123	0.00495	0.00358	0.00364	0.00650
39	0.00829	0.03855	0.67261	0.01180	0.05841	0.02373	0.01372	0.01243	0.00877	0.01278	0.00899	0.09460	0.00760	0.00485	0.00406	0.00133	0.00568	0.00397	0.00199	0.00584

[dist]
# distance from previous block
# <min> <max>
0	6

[block]
# block no. 3 follows, 64 sequences, length 36
# corresponding to MSA columns:
# 241-261,263-277
name=unknown_D
#
# <colnr> <probs for GDERKNQSTAVLIFYWHMCP>
#	G	D	E	R	K	N	Q	S	T	A	V	L	I	F	Y	W	H	M	C	P
0	0.01159	0.58206	0.08488	0.00800	0.01157	0.04161	0.00783	0.12992	0.05242	0.01282	0.00723	0.00810	0.00610	0.01619	0.00337	0.00105	0.00463	0.00271	0.00227	0.00566
1	0.00570	0.00464	0.00748	0.00737	0.00814	0.00434	0.11311	0.00680	0.00820	0.01097	0.02094	0.73788	0.02461	0.01173	0.00525	0.00165	0.00303	0.01088	0.00362	0.00367
2	0.00934	0.02016	0.72178	0.01153	0.01729	0.01008	0.01434	0.12132	0.01022	0.01491	0.00779	0.00893	0.00551	0.00409	0.00397	0.00131	0.00593	0.00316	0.00208	0.00626
3	0.00506	0.00361	0.00482	0.00578	0.00602	0.00337	0.00386	0.00578	0.00795	0.01060	0.02289	0.85131	0.02747	0.01301	0.00530	0.00169	0.00241	0.01181	0.00386	0.00337
4	0.01085	0.77849	0.09752	0.00755	0.01134	0.01580	0.00788	0.01250	0.00847	0.01009	0.00593	0.00686	0.00532	0.00359	0.00278	0.00093	0.00460	0.00230	0.00177	0.00541
5	0.01111	0.85652	0.02177	0.00711	0.01066	0.01644	0.00711	0.01244	0.00844	0.00977	0.00577	0.00666	0.00533	0.00355	0.00267	0.00089	0.00444	0.00222	0.00178	0.00533
6	0.01864	0.00707	0.00964	0.00739	0.01060	0.00611	0.00611	0.02024	0.01189	0.83099	0.01639	0.01414	0.01028	0.00514	0.00418	0.00129	0.00353	0.00418	0.00514	0.00707
7	0.00580	0.00424	0.00544	0.00514	0.00616	0.00389	0.00386	0.00769	0.01157	0.01622	0.76303	0.03175	0.10235	0.00865	0.00490	0.00131	0.00197	0.00761	0.00452	0.00389
8	0.00865	0.00843	0.01175	0.01014	0.01027	0.01153	0.00839	0.00971	0.00709	0.01090	0.11623	0.01205	0.01001	0.00744	0.01245	0.00175	0.73240	0.00416	0.00219	0.00446
9	0.01026	0.12321	0.01089	0.00813	0.01061	0.01093	0.00653	0.02025	0.68447	0.01615	0.01622	0.01510	0.03825	0.00551	0.00404	0.00134	0.00340	0.00449	0.00388	0.00631
10	0.01864	0.00707	0.00964	0.00739	0.01060	0.00611	0.00611	0.02024	0.01189	0.83099	0.01639	0.01414	0.01028	0.00514	0.00418	0.00129	0.00353	0.00418	0.00514	0.00707
11	0.00515	0.00429	0.00454	0.00467	0.00601	0.00368	0.00363	0.00632	0.00948	0.01138	0.03937	0.04090	0.71807	0.01065	0.00502	0.00147	0.00234	0.11562	0.00385	0.00355
12	0.00544	0.00412	0.00585	0.11896	0.00907	0.00416	0.00489	0.00644	0.00800	0.01060	0.02080	0.73786	0.02451	0.01182	0.00515	0.00165	0.00283	0.01071	0.00358	0.00354
13	0.01067	0.00885	0.00940	0.00841	0.01079	0.01016	0.00656	0.02200	0.78739	0.05079	0.01688	0.01544	0.01258	0.00562	0.00422	0.00140	0.00330	0.00467	0.00426	0.00659
14	0.00506	0.00361	0.00482	0.00578	0.00602	0.00337	0.00386	0.00578	0.00795	0.01060	0.02289	0.85131	0.02747	0.01301	0.00530	0.00169	0.00241	0.01181	0.00386	0.00337
15	0.01028	0.00987	0.01686	0.02550	0.82811	0.00987	0.01275	0.01275	0.00946	0.01357	0.00781	0.01028	0.00658	0.00370	0.00411	0.00123	0.00493	0.00370	0.00206	0.00658
16	0.12648	0.01967	0.72092	0.01098	0.01663	0.00960	0.01388	0.01303	0.00854	0.01389	0.00723	0.00850	0.00516	0.00393	0.00376	0.00131	0.00574	0.00296	0.00186	0.00592
17	0.69409	0.00903	0.00747	0.00639	0.00909	0.03144	0.00524	0.16654	0.00959	0.01987	0.00661	0.00739	0.00501	0.00408	0.00291	0.00127	0.00358	0.00255	0.00286	0.00500
18	0.00604	0.00403	0.00453	0.00453	0.00453	0.00403	0.00252	0.00604	0.00604	0.00805	0.01309	0.02718	0.01510	0.85402	0.02114	0.00403	0.00403	0.00604	0.00252	0.00252
19	0.00833	0.02149	0.83250	0.01184	0.01798	0.00965	0.01535	0.01315	0.00877	0.01315	0.00745	0.00877	0.00526	0.00395	0.00395	0.00132	0.00614	0.00307	0.00175	0.00614
20	0.88336	0.00803	0.00611	0.00546	0.00803	0.00932	0.00450	0.01221	0.00707	0.01864	0.00578	0.00675	0.00450	0.00386	0.00257	0.00129	0.00321	0.00225	0.00257	0.00450
21	0.00932	0.01015	0.02128	0.01655	0.09059	0.00956	0.63334	0.01252	0.01004	0.01378	0.11873	0.01380	0.01077	0.00419	0.00483	0.00137	0.00614	0.00515	0.00243	0.00546
22	0.00660	0.00474	0.00656	0.00743	0.00841	0.00470	0.00646	0.00848	0.00963	0.01252	0.04898	0.04606	0.05637	0.01134	0.00568	0.00187	0.00370	0.74281	0.00385	0.00382
23	0.01089	0.00980	0.00967	0.00865	0.01102	0.07042	0.00673	0.04879	0.73451	0.01715	0.01591	0.01473	0.01196	0.00551	0.00419	0.00138	0.00364	0.00452	0.00407	0.00646
24	0.01624	0.00899	0.08318	0.01033	0.12175	0.00731	0.00790	0.06483	0.01167	0.58543	0.01389	0.01279	0.00907	0.00479	0.00412	0.00127	0.00400	0.00396	0.00432	0.02417
25	0.01115	0.78330	0.04014	0.00737	0.01091	0.04147	0.00731	0.01290	0.03506	0.01011	0.00620	0.00703	0.00557	0.00365	0.00278	0.00092	0.00454	0.00234	0.00187	0.00537
26	0.01539	0.01953	0.01171	0.01065	0.01279	0.81714	0.00799	0.01672	0.03153	0.01034	0.00668	0.00769	0.00553	0.00431	0.00376	0.00108	0.00739	0.00272	0.00219	0.00486
27	0.00491	0.00421	0.00421	0.00421	0.00561	0.00351	0.00316	0.00596	0.00947	0.01122	0.04208	0.03997	0.82643	0.01052	0.00491	0.00140	0.00210	0.00877	0.00386	0.00351
28	0.00837	0.02125	0.81362	0.01197	0.01806	0.00967	0.03399	0.01316	0.00879	0.01316	0.00748	0.00883	0.00529	0.00394	0.00397	0.00132	0.00616	0.00311	0.00176	0.00613
29	0.00580	0.00424	0.00544	0.00514	0.00616	0.00388	0.00385	0.00768	0.01156	0.01620	0.75989	0.03178	0.10551	0.00866	0.00490	0.00131	0.00197	0.00762	0.00451	0.00388
30	0.88336	0.00803	0.00611	0.00546	0.00803	0.00932	0.00450	0.01221	0.00707	0.01864	0.00578	0.00675	0.00450	0.00386	0.00257	0.00129	0.00321	0.00225	0.00257	0.00450
31	0.00505	0.00421	0.00440	0.00435	0.00570	0.00357	0.00326	0.00623	0.00979	0.01199	0.15361	0.03870	0.71442	0.01023	0.00491	0.00139	0.00208	0.00859	0.00396	0.00357
32	0.04494	0.00422	0.00429	0.00414	0.00530	0.00422	0.00315	0.01038	0.00882	0.06138	0.01338	0.01505	0.01037	0.00482	0.00296	0.00100	0.00208	0.00382	0.79161	0.00408
33	0.01094	0.69357	0.01955	0.04172	0.01145	0.02870	0.00723	0.01373	0.11815	0.01084	0.00735	0.00805	0.00633	0.00387	0.00295	0.00098	0.00438	0.00262	0.00212	0.00546
34	0.01399	0.01108	0.20594	0.04032	0.07396	0.00773	0.06445	0.03159	0.01067	0.43227	0.01216	0.01189	0.00809	0.00449	0.00411	0.00126	0.00456	0.00381	0.00362	0.05401
35	0.04283	0.01517	0.02318	0.01262	0.13800	0.42989	0.03820	0.15528	0.03424	0.05991	0.00816	0.00907	0.00632	0.00435	0.00392	0.00117	0.00608	0.00323	0.00271	0.00569

[dist]
# distance from previous block
# <min> <max>
4	11

[block]
# block no. 4 follows, 64 sequences, length 8
# corresponding to MSA columns:
# 289-296
name=unknown_E
#
# <colnr> <probs for GDERKNQSTAVLIFYWHMCP>
#	G	D	E	R	K	N	Q	S	T	A	V	L	I	F	Y	W	H	M	C	P
0	0.01045	0.00841	0.01052	0.00776	0.01122	0.00747	0.06722	0.19076	0.01145	0.04260	0.06094	0.01073	0.00862	0.00395	0.00361	0.00088	0.00365	0.00331	0.00303	0.53338
1	0.01324	0.00923	0.01095	0.00874	0.01125	0.05967	0.08098	0.26318	0.10204	0.19638	0.01242	0.01499	0.00986	0.17903	0.00770	0.00185	0.00449	0.00446	0.00373	0.00580
2	0.01226	0.05254	0.08156	0.01021	0.01300	0.11270	0.06969	0.21562	0.21884	0.04244	0.01038	0.01093	0.00788	0.00511	0.00536	0.00134	0.11710	0.00381	0.00317	0.00606
3	0.00627	0.00488	0.00594	0.00524	0.00685	0.00418	0.00399	0.00805	0.01071	0.01506	0.52056	0.02800	0.17051	0.00774	0.00453	0.00118	0.00221	0.00670	0.00401	0.18339
4	0.01042	0.08281	0.18398	0.07047	0.45390	0.01007	0.03950	0.01326	0.00936	0.07534	0.00822	0.01004	0.00641	0.00387	0.00399	0.00124	0.00514	0.00352	0.00219	0.00627
5	0.00983	0.68173	0.01817	0.00651	0.00963	0.01378	0.00630	0.01111	0.00865	0.01007	0.01322	0.01349	0.17372	0.00498	0.00313	0.00099	0.00396	0.00356	0.00220	0.00496
6	0.00620	0.00493	0.00714	0.00708	0.00762	0.00587	0.00546	0.00744	0.00689	0.00989	0.01275	0.18655	0.01320	0.02409	0.55165	0.00497	0.12616	0.00585	0.00250	0.00376
7	0.00506	0.00361	0.00482	0.00578	0.00602	0.00337	0.00386	0.00578	0.00795	0.01060	0.02289	0.85131	0.02747	0.01301	0.00530	0.00169	0.00241	0.01181	0.00386	0.00337

[dist]
# distance from previous block
# <min> <max>
0	54

# created by:
# /st0/software/busco_prod/Augustus/scripts/msa2prfl.pl ./align_prep/105548.fa
