[name]
unknown

[dist]
# distance from previous block
# <min> <max>
0	38

[block]
# block no. 0 follows, 50 sequences, length 27
# corresponding to MSA columns:
# 38-59,90-94
name=unknown_A
#
# <colnr> <probs for GDERKNQSTAVLIFYWHMCP>
#	G	D	E	R	K	N	Q	S	T	A	V	L	I	F	Y	W	H	M	C	P
0	0.01634	0.01072	0.01389	0.16101	0.01814	0.01136	0.03980	0.31382	0.03366	0.21015	0.01443	0.01722	0.01081	0.00635	0.00514	0.00159	0.00534	0.06697	0.00455	0.03872
1	0.02878	0.01170	0.01230	0.00999	0.01308	0.04140	0.00796	0.43306	0.12862	0.07340	0.03337	0.01749	0.04497	0.09053	0.02880	0.00205	0.00524	0.00528	0.00469	0.00731
2	0.07773	0.01438	0.01497	0.01217	0.01490	0.22164	0.09736	0.08238	0.02776	0.01597	0.00848	0.01063	0.00705	0.00572	0.00741	0.00150	0.20799	0.00388	0.00284	0.16524
3	0.00800	0.00659	0.00942	0.07708	0.13970	0.00657	0.00736	0.01054	0.04960	0.01574	0.22050	0.26520	0.11577	0.01066	0.00579	0.00174	0.00363	0.03660	0.00431	0.00520
4	0.04748	0.01213	0.01282	0.01008	0.01361	0.01319	0.00826	0.60475	0.02062	0.02772	0.01900	0.01857	0.15513	0.00718	0.00509	0.00153	0.00487	0.00555	0.00485	0.00756
5	0.01427	0.01029	0.01133	0.00990	0.01292	0.01145	0.00778	0.02608	0.64036	0.16632	0.02017	0.01829	0.01468	0.00665	0.00506	0.00166	0.00400	0.00552	0.00528	0.00800
6	0.09024	0.00968	0.01543	0.46192	0.26500	0.01105	0.01306	0.01366	0.01027	0.01498	0.00915	0.01273	0.00717	0.00482	0.00473	0.00157	0.00598	0.00428	0.03807	0.00621
7	0.01081	0.21001	0.59994	0.01309	0.01968	0.01348	0.03701	0.01559	0.01047	0.01486	0.00851	0.01002	0.00637	0.00461	0.00441	0.00146	0.00693	0.00351	0.00212	0.00713
8	0.00968	0.00878	0.01435	0.35649	0.26038	0.00962	0.01190	0.01260	0.01138	0.01550	0.18415	0.02010	0.03394	0.00635	0.00523	0.00160	0.00533	0.02348	0.00313	0.00602
9	0.00913	0.00511	0.00687	0.00730	0.00826	0.00466	0.00513	0.01019	0.01043	0.15972	0.02601	0.67080	0.02910	0.01385	0.00611	0.00193	0.00314	0.01245	0.00492	0.00488
10	0.00725	0.00574	0.00849	0.01137	0.15461	0.00551	0.00663	0.00851	0.00988	0.01339	0.02408	0.66994	0.02827	0.01352	0.00609	0.00192	0.00346	0.01235	0.00422	0.00477
11	0.05638	0.01067	0.01165	0.00943	0.01265	0.03249	0.00754	0.35596	0.01619	0.07563	0.01369	0.11802	0.01187	0.00949	0.07518	0.00200	0.00543	0.00545	0.00427	0.16600
12	0.00631	0.00465	0.00560	0.00616	0.00679	0.00428	0.00413	0.00721	0.00985	0.01280	0.08089	0.43790	0.21191	0.16618	0.00978	0.00244	0.00313	0.01166	0.00438	0.00394
13	0.16626	0.00586	0.00596	0.00582	0.00751	0.00563	0.00440	0.00912	0.01137	0.01675	0.23171	0.10830	0.38262	0.01077	0.00540	0.00166	0.00276	0.00900	0.00456	0.00454
14	0.01539	0.62027	0.02263	0.00883	0.01296	0.03854	0.00837	0.04697	0.01154	0.15970	0.00954	0.00986	0.00759	0.00471	0.00364	0.00118	0.00523	0.00319	0.00301	0.00685
15	0.01270	0.67754	0.17094	0.00959	0.01444	0.01820	0.01038	0.01509	0.01020	0.01249	0.00731	0.00847	0.00638	0.00435	0.00349	0.00116	0.00571	0.00286	0.00213	0.00658
16	0.00653	0.00520	0.00610	0.00627	0.00763	0.00486	0.00486	0.00801	0.01060	0.01327	0.05262	0.04292	0.47831	0.05750	0.15675	0.00311	0.00497	0.12202	0.00419	0.00426
17	0.16928	0.02276	0.65065	0.01277	0.01934	0.01150	0.01598	0.01557	0.01014	0.01702	0.00857	0.01007	0.00614	0.00472	0.00443	0.00157	0.00671	0.00350	0.00229	0.00700
18	0.00678	0.00471	0.00613	0.00679	0.00750	0.00434	0.00477	0.00804	0.01076	0.03682	0.17231	0.55639	0.10104	0.01400	0.00621	0.00190	0.00286	0.03948	0.00483	0.00433
19	0.00666	0.00573	0.00709	0.15662	0.01199	0.00553	0.00579	0.00839	0.01126	0.01388	0.10790	0.07871	0.54042	0.01112	0.00574	0.00169	0.00330	0.00942	0.00425	0.00449
20	0.01898	0.01086	0.01571	0.01184	0.01589	0.01057	0.15184	0.20464	0.06009	0.42147	0.01605	0.01519	0.01068	0.00579	0.00517	0.00157	0.00530	0.00508	0.00514	0.00812
21	0.01214	0.01164	0.01987	0.08415	0.74174	0.01179	0.01520	0.01512	0.01125	0.01604	0.00934	0.01240	0.00781	0.00448	0.00494	0.00149	0.00597	0.00444	0.00245	0.00773
22	0.01000	0.02578	0.79900	0.01421	0.02157	0.01158	0.01842	0.01579	0.01052	0.01579	0.00895	0.01052	0.00631	0.00474	0.00474	0.00158	0.00737	0.00368	0.00210	0.00737
23	0.00689	0.00506	0.00664	0.00761	0.00849	0.00481	0.00597	0.00844	0.01067	0.01379	0.03064	0.36729	0.15107	0.01434	0.00651	0.00209	0.00357	0.33718	0.00461	0.00431
24	0.00590	0.00500	0.00511	0.00519	0.00677	0.00420	0.00385	0.00714	0.01122	0.01341	0.04874	0.10707	0.73374	0.01285	0.00593	0.00171	0.00255	0.01080	0.00463	0.00420
25	0.01013	0.05740	0.76853	0.01398	0.02123	0.01190	0.01803	0.01575	0.01051	0.01563	0.00887	0.01042	0.00632	0.00472	0.00467	0.00156	0.00729	0.00364	0.00211	0.00733
26	0.01723	0.02149	0.01423	0.01310	0.03755	0.68699	0.03696	0.01876	0.01396	0.01310	0.07291	0.01159	0.00988	0.00550	0.00467	0.00133	0.00833	0.00382	0.00281	0.00578

[dist]
# distance from previous block
# <min> <max>
6	10

[block]
# block no. 1 follows, 50 sequences, length 15
# corresponding to MSA columns:
# 105-119
name=unknown_B
#
# <colnr> <probs for GDERKNQSTAVLIFYWHMCP>
#	G	D	E	R	K	N	Q	S	T	A	V	L	I	F	Y	W	H	M	C	P
0	0.17282	0.01172	0.01162	0.00957	0.01281	0.06832	0.00771	0.28939	0.13056	0.12906	0.09392	0.01532	0.01328	0.00625	0.00471	0.00153	0.00471	0.00478	0.00469	0.00724
1	0.01467	0.01189	0.07911	0.01116	0.01533	0.02651	0.11413	0.12680	0.10995	0.19250	0.03093	0.01531	0.02308	0.00556	0.00487	0.00141	0.00513	0.01546	0.00419	0.19199
2	0.01096	0.23233	0.51708	0.01262	0.01841	0.01407	0.01507	0.01517	0.01012	0.01434	0.00817	0.00991	0.00636	0.00503	0.00554	0.00151	0.09079	0.00349	0.00212	0.00692
3	0.00996	0.00975	0.01550	0.01293	0.01396	0.01219	0.13954	0.01166	0.00852	0.01258	0.00998	0.06699	0.00981	0.03421	0.15523	0.00320	0.46061	0.00552	0.00251	0.00533
4	0.04322	0.00961	0.07082	0.00919	0.01212	0.00857	0.00781	0.06101	0.12761	0.31749	0.04447	0.15013	0.02965	0.02611	0.00618	0.00176	0.03955	0.02281	0.00495	0.00695
5	0.01160	0.06531	0.02006	0.02833	0.01839	0.06716	0.38096	0.03107	0.01173	0.06052	0.01711	0.13670	0.09524	0.00714	0.00583	0.00166	0.02478	0.00707	0.00329	0.00606
6	0.00606	0.00438	0.00575	0.00684	0.00720	0.00406	0.00458	0.00695	0.00964	0.01276	0.02868	0.78093	0.07283	0.01546	0.00634	0.00201	0.00287	0.01398	0.00463	0.00406
7	0.01093	0.00928	0.00995	0.00914	0.01154	0.01043	0.00703	0.02196	0.59537	0.01964	0.09959	0.07584	0.08154	0.00816	0.00530	0.00170	0.00360	0.00692	0.00505	0.00703
8	0.01154	0.26722	0.53131	0.01226	0.01854	0.01385	0.01495	0.01590	0.01057	0.04860	0.00880	0.01004	0.00660	0.00466	0.00428	0.00142	0.00662	0.00343	0.00229	0.00712
9	0.00666	0.00528	0.00824	0.00840	0.00918	0.00494	0.08470	0.00788	0.00977	0.01306	0.02567	0.73764	0.03033	0.01443	0.00631	0.00199	0.00346	0.01331	0.00441	0.00433
10	0.00607	0.00434	0.00578	0.00694	0.00723	0.00405	0.00463	0.00694	0.00954	0.01272	0.02747	0.82157	0.03297	0.01562	0.00636	0.00202	0.00289	0.01417	0.00463	0.00405
11	0.00762	0.00642	0.00686	0.00667	0.00791	0.06602	0.00492	0.00952	0.01305	0.01735	0.50790	0.14275	0.16252	0.01093	0.00584	0.00163	0.00296	0.00951	0.00501	0.00462
12	0.01888	0.00949	0.01164	0.03148	0.01322	0.03257	0.00767	0.14667	0.04571	0.48999	0.08928	0.03460	0.01545	0.00682	0.00514	0.00156	0.00445	0.02201	0.00558	0.00777
13	0.01186	0.01115	0.01819	0.02665	0.65220	0.01130	0.01371	0.01582	0.09153	0.01648	0.01190	0.07518	0.01058	0.00554	0.00506	0.00154	0.00548	0.00531	0.00290	0.00760
14	0.01409	0.72045	0.02438	0.00880	0.01286	0.03912	0.00853	0.01569	0.01048	0.07211	0.00792	0.00879	0.00686	0.00456	0.00375	0.00114	0.02859	0.00291	0.00246	0.00651

[dist]
# distance from previous block
# <min> <max>
0	10

[block]
# block no. 2 follows, 50 sequences, length 115
# corresponding to MSA columns:
# 130-244
name=unknown_C
#
# <colnr> <probs for GDERKNQSTAVLIFYWHMCP>
#	G	D	E	R	K	N	Q	S	T	A	V	L	I	F	Y	W	H	M	C	P
0	0.03116	0.03014	0.12256	0.01474	0.13320	0.28927	0.03864	0.06334	0.04847	0.09517	0.04117	0.01283	0.00963	0.00676	0.03979	0.00173	0.00714	0.00423	0.00323	0.00679
1	0.01004	0.02549	0.78083	0.01437	0.02168	0.01160	0.03630	0.01579	0.01055	0.01579	0.00897	0.01059	0.00634	0.00472	0.00476	0.00158	0.00739	0.00374	0.00211	0.00735
2	0.00632	0.00456	0.00575	0.00659	0.00704	0.00426	0.00444	0.00717	0.00950	0.01245	0.02837	0.57561	0.12014	0.13726	0.00920	0.00242	0.00322	0.04737	0.00438	0.00394
3	0.01177	0.01129	0.01860	0.13631	0.62706	0.02537	0.01440	0.01487	0.02526	0.01565	0.01027	0.04793	0.00893	0.00506	0.00500	0.00153	0.00591	0.00487	0.00258	0.00737
4	0.02701	0.11521	0.13114	0.01594	0.22439	0.01245	0.01160	0.14823	0.04743	0.16196	0.02272	0.02392	0.00953	0.00546	0.00494	0.00149	0.02078	0.00444	0.00367	0.00766
5	0.03137	0.00989	0.04455	0.00952	0.01215	0.01028	0.00783	0.02122	0.50446	0.04725	0.06773	0.02574	0.05117	0.02394	0.00574	0.00181	0.00405	0.10953	0.00483	0.00693
6	0.00607	0.00434	0.00578	0.00694	0.00723	0.00405	0.00463	0.00694	0.00954	0.01272	0.02747	0.82157	0.03297	0.01562	0.00636	0.00202	0.00289	0.01417	0.00463	0.00405
7	0.01212	0.03103	0.21350	0.02024	0.33731	0.07186	0.07204	0.03694	0.02683	0.03763	0.03414	0.04866	0.02442	0.00549	0.00500	0.00153	0.00630	0.00495	0.00283	0.00719
8	0.00745	0.00685	0.04375	0.14262	0.06206	0.00636	0.03276	0.00929	0.01018	0.01373	0.07905	0.51646	0.02610	0.01190	0.00592	0.00187	0.00404	0.01083	0.00398	0.00482
9	0.04534	0.00862	0.01151	0.00885	0.01269	0.00758	0.00731	0.03801	0.01428	0.76165	0.01917	0.01663	0.01208	0.00612	0.00496	0.00154	0.00425	0.00494	0.00606	0.00840
10	0.01625	0.19929	0.16183	0.04718	0.05179	0.01199	0.01048	0.08355	0.01291	0.31421	0.01297	0.01299	0.00907	0.00617	0.02649	0.00162	0.00561	0.00414	0.00395	0.00753
11	0.01063	0.04031	0.69042	0.03577	0.02096	0.01172	0.01725	0.01588	0.01053	0.04963	0.00926	0.01085	0.00660	0.00498	0.00527	0.00160	0.04504	0.00377	0.00229	0.00726
12	0.01176	0.01345	0.02941	0.02101	0.02605	0.01261	0.77563	0.01597	0.01176	0.01597	0.01008	0.01345	0.00756	0.00420	0.00588	0.00168	0.00840	0.00588	0.00252	0.00672
13	0.04534	0.00851	0.01145	0.00880	0.01264	0.00743	0.00727	0.02403	0.01411	0.77593	0.01932	0.01672	0.01215	0.00613	0.00496	0.00154	0.00423	0.00495	0.00608	0.00840
14	0.03486	0.02643	0.12728	0.02430	0.47936	0.02656	0.12745	0.01512	0.01111	0.01596	0.01000	0.04596	0.00854	0.00501	0.00522	0.00155	0.02060	0.00486	0.00252	0.00731
15	0.00609	0.00502	0.00535	0.00535	0.00688	0.00428	0.00398	0.00751	0.01172	0.01450	0.17141	0.08555	0.63035	0.01237	0.00591	0.00168	0.00251	0.01046	0.00477	0.00428
16	0.01458	0.07664	0.25693	0.01446	0.03686	0.38682	0.11320	0.01768	0.01238	0.01386	0.00838	0.01006	0.00657	0.00482	0.00467	0.00142	0.00810	0.00370	0.00239	0.00648
17	0.01117	0.03023	0.03762	0.01822	0.19714	0.03658	0.28764	0.01394	0.01112	0.04906	0.01464	0.19361	0.02794	0.00727	0.00603	0.00170	0.03943	0.00717	0.00315	0.00635
18	0.01288	0.01191	0.01949	0.05496	0.71092	0.03320	0.01472	0.01576	0.01152	0.05256	0.00979	0.01249	0.00802	0.00456	0.00493	0.00148	0.00595	0.00443	0.00263	0.00779
19	0.00781	0.00574	0.00764	0.00851	0.00975	0.00567	0.00725	0.01033	0.03709	0.01510	0.06489	0.08006	0.11903	0.01330	0.00664	0.00216	0.00416	0.58557	0.00465	0.00464
20	0.01299	0.32569	0.29694	0.01128	0.01621	0.15604	0.01206	0.04911	0.01162	0.01419	0.01003	0.01110	0.04296	0.00505	0.00418	0.00133	0.00658	0.00357	0.00244	0.00662
21	0.01515	0.06360	0.13605	0.00996	0.03147	0.00870	0.02669	0.03034	0.04897	0.35904	0.07239	0.09195	0.06904	0.00734	0.00512	0.00158	0.00458	0.00617	0.00473	0.00713
22	0.00614	0.00444	0.00582	0.00686	0.00729	0.00412	0.00467	0.00711	0.00984	0.01303	0.04990	0.72830	0.08313	0.01522	0.00633	0.00200	0.00290	0.03415	0.00465	0.00409
23	0.01165	0.01121	0.01933	0.20928	0.59458	0.01169	0.04011	0.01473	0.01105	0.01546	0.00928	0.01259	0.00760	0.00456	0.00498	0.00153	0.00617	0.00449	0.00241	0.00732
24	0.05569	0.01009	0.08236	0.00925	0.01339	0.00787	0.00825	0.02313	0.01369	0.69490	0.01818	0.01602	0.01151	0.00598	0.00491	0.00155	0.00451	0.00480	0.00568	0.00826
25	0.01046	0.02166	0.57502	0.01744	0.16337	0.01147	0.07114	0.01550	0.01088	0.01603	0.03497	0.01195	0.00804	0.00482	0.00489	0.00157	0.00701	0.00415	0.00231	0.00733
26	0.00700	0.00509	0.00659	0.00621	0.00741	0.00468	0.00466	0.00930	0.01398	0.01968	0.75641	0.03774	0.08192	0.01030	0.00588	0.00157	0.00236	0.00908	0.00545	0.00468
27	0.02342	0.28253	0.46635	0.03393	0.01848	0.05112	0.01438	0.01553	0.01046	0.01425	0.00816	0.00969	0.00635	0.00469	0.00444	0.00141	0.02245	0.00335	0.00215	0.00687
28	0.01087	0.01019	0.01394	0.41520	0.09186	0.08457	0.03266	0.04280	0.04797	0.03043	0.11800	0.05393	0.01411	0.00628	0.00515	0.00161	0.00587	0.00551	0.00316	0.00589
29	0.01165	0.01278	0.02618	0.05832	0.12625	0.01269	0.56714	0.01535	0.01123	0.01548	0.00960	0.01305	0.00747	0.00470	0.00672	0.00170	0.08506	0.00548	0.00247	0.00670
30	0.01333	0.82783	0.02612	0.00853	0.01279	0.01972	0.00853	0.01493	0.01013	0.01173	0.00693	0.00800	0.00640	0.00426	0.00320	0.00107	0.00533	0.00267	0.00213	0.00640
31	0.01203	0.04005	0.04721	0.12848	0.02585	0.02684	0.57741	0.01592	0.01158	0.04949	0.01016	0.01324	0.00755	0.00443	0.00558	0.00164	0.00786	0.00543	0.00262	0.00663
32	0.01184	0.48781	0.21985	0.01066	0.01527	0.01609	0.04655	0.01457	0.01001	0.01291	0.00810	0.01019	0.00702	0.02564	0.04541	0.00172	0.04435	0.00340	0.00219	0.00643
33	0.00589	0.00505	0.00505	0.00505	0.00673	0.00421	0.00379	0.00715	0.01136	0.01347	0.05049	0.04797	0.79171	0.01262	0.00589	0.00168	0.00252	0.01052	0.00463	0.00421
34	0.01240	0.01361	0.02212	0.06341	0.05761	0.12607	0.42815	0.03685	0.04799	0.01531	0.01038	0.01366	0.00827	0.02244	0.06631	0.00216	0.03895	0.00522	0.00270	0.00639
35	0.01188	0.01276	0.02310	0.05704	0.14958	0.04882	0.41824	0.01585	0.05967	0.01543	0.01035	0.02963	0.00839	0.00529	0.00692	0.00170	0.11062	0.00542	0.00266	0.00667
36	0.00616	0.00440	0.00589	0.00705	0.00737	0.00413	0.00479	0.00710	0.00963	0.01283	0.02742	0.78572	0.03277	0.01553	0.00639	0.00204	0.00297	0.04912	0.00463	0.00407
37	0.01176	0.01345	0.02941	0.02101	0.02605	0.01261	0.77563	0.01597	0.01176	0.01597	0.01008	0.01345	0.00756	0.00420	0.00588	0.00168	0.00840	0.00588	0.00252	0.00672
38	0.01047	0.00997	0.01702	0.52784	0.29832	0.01137	0.02680	0.01368	0.01048	0.01402	0.00906	0.01296	0.00709	0.00478	0.00498	0.00160	0.00642	0.00446	0.00231	0.00638
39	0.01239	0.01281	0.02491	0.05544	0.02339	0.01284	0.55225	0.11976	0.01290	0.01753	0.01060	0.03977	0.00841	0.00520	0.00652	0.00170	0.06818	0.00578	0.00289	0.00672
40	0.00613	0.00436	0.00577	0.00687	0.00715	0.00409	0.00455	0.00695	0.00944	0.01258	0.02692	0.78461	0.03227	0.05352	0.00725	0.00216	0.00298	0.01385	0.00455	0.00400
41	0.01234	0.01184	0.02023	0.03059	0.79373	0.01184	0.01530	0.01530	0.01135	0.01628	0.00938	0.01234	0.00790	0.00444	0.00493	0.00148	0.00592	0.00444	0.00247	0.00790
42	0.01068	0.19088	0.63991	0.01304	0.01977	0.01325	0.01638	0.01561	0.01044	0.01495	0.00853	0.01000	0.00633	0.00464	0.00442	0.00147	0.00695	0.00347	0.00211	0.00717
43	0.04524	0.00877	0.01161	0.00893	0.01277	0.00781	0.00737	0.05902	0.01453	0.74028	0.01896	0.01649	0.01197	0.00612	0.00496	0.00154	0.00429	0.00492	0.00603	0.00840
44	0.01000	0.02578	0.79900	0.01421	0.02157	0.01158	0.01842	0.01579	0.01052	0.01579	0.00895	0.01052	0.00631	0.00474	0.00474	0.00158	0.00737	0.00368	0.00210	0.00737
45	0.01145	0.01353	0.06142	0.01853	0.02280	0.04912	0.58354	0.01508	0.01133	0.01522	0.01117	0.08281	0.00958	0.00558	0.00655	0.00172	0.06526	0.00626	0.00266	0.00639
46	0.00589	0.00505	0.00505	0.00505	0.00673	0.00421	0.00379	0.00715	0.01136	0.01347	0.05049	0.04797	0.79171	0.01262	0.00589	0.00168	0.00252	0.01052	0.00463	0.00421
47	0.00607	0.00434	0.00578	0.00694	0.00723	0.00405	0.00463	0.00694	0.00954	0.01272	0.02747	0.82157	0.03297	0.01562	0.00636	0.00202	0.00289	0.01417	0.00463	0.00405
48	0.02139	0.01005	0.01254	0.00961	0.01351	0.00965	0.00794	0.23971	0.01689	0.57807	0.01746	0.01554	0.01123	0.00612	0.00501	0.00153	0.00460	0.00486	0.00583	0.00848
49	0.01226	0.01062	0.01144	0.04745	0.01395	0.01234	0.00817	0.02585	0.74872	0.02047	0.01976	0.01835	0.01482	0.00668	0.00507	0.00169	0.00407	0.00558	0.00494	0.00778
50	0.02175	0.00946	0.01217	0.00933	0.01321	0.00878	0.00771	0.15853	0.01590	0.66064	0.01829	0.01607	0.01165	0.00614	0.00501	0.00153	0.00446	0.00492	0.00596	0.00848
51	0.00594	0.00487	0.00524	0.00554	0.00686	0.00417	0.00400	0.00710	0.01089	0.01327	0.04455	0.24758	0.59594	0.01340	0.00601	0.00177	0.00262	0.01146	0.00463	0.00417
52	0.00717	0.00514	0.00700	0.00700	0.00754	0.00568	0.00497	0.00825	0.00771	0.01082	0.01428	0.02470	0.01468	0.34651	0.49899	0.00676	0.01001	0.00609	0.00281	0.00389
53	0.01176	0.01345	0.02941	0.02101	0.02605	0.01261	0.77563	0.01597	0.01176	0.01597	0.01008	0.01345	0.00756	0.00420	0.00588	0.00168	0.00840	0.00588	0.00252	0.00672
54	0.02236	0.00848	0.01157	0.00887	0.01272	0.00733	0.00733	0.02429	0.01427	0.79719	0.01966	0.01697	0.01234	0.00617	0.00501	0.00154	0.00424	0.00501	0.00617	0.00848
55	0.01218	0.01248	0.01744	0.31132	0.40653	0.12587	0.01395	0.01503	0.01125	0.01441	0.00895	0.01220	0.00723	0.00474	0.00489	0.00152	0.00663	0.00426	0.00239	0.00674
56	0.01170	0.01332	0.02902	0.04262	0.02628	0.01256	0.75484	0.01588	0.01172	0.01588	0.01005	0.01344	0.00754	0.00422	0.00586	0.00168	0.00836	0.00584	0.00251	0.00669
57	0.01234	0.01184	0.02023	0.03059	0.79373	0.01184	0.01530	0.01530	0.01135	0.01628	0.00938	0.01234	0.00790	0.00444	0.00493	0.00148	0.00592	0.00444	0.00247	0.00790
58	0.00607	0.00434	0.00578	0.00694	0.00723	0.00405	0.00463	0.00694	0.00954	0.01272	0.02747	0.82157	0.03297	0.01562	0.00636	0.00202	0.00289	0.01417	0.00463	0.00405
59	0.01617	0.01135	0.02177	0.01625	0.04204	0.01040	0.43630	0.01939	0.01279	0.33935	0.01403	0.01487	0.00955	0.00502	0.00550	0.00162	0.00661	0.00548	0.00403	0.00748
60	0.01895	0.01396	0.01496	0.01147	0.01546	0.01546	0.00947	0.77711	0.02344	0.03141	0.01197	0.01197	0.00848	0.00598	0.00499	0.00150	0.00548	0.00449	0.00499	0.00848
61	0.00589	0.00505	0.00505	0.00505	0.00673	0.00421	0.00379	0.00715	0.01136	0.01347	0.05049	0.04797	0.79171	0.01262	0.00589	0.00168	0.00252	0.01052	0.00463	0.00421
62	0.01806	0.01138	0.01186	0.01012	0.03106	0.15313	0.00786	0.07276	0.04814	0.40418	0.11772	0.01765	0.01539	0.00723	0.02237	0.00166	0.03200	0.00517	0.00500	0.00727
63	0.01032	0.00999	0.01772	0.43476	0.23481	0.01100	0.11818	0.01355	0.01077	0.01447	0.04604	0.03634	0.00971	0.00526	0.00517	0.00162	0.00639	0.00511	0.00254	0.00625
64	0.02184	0.00932	0.01209	0.00927	0.01314	0.00857	0.00765	0.13935	0.01567	0.68015	0.01849	0.01620	0.01175	0.00614	0.00501	0.00154	0.00443	0.00493	0.00599	0.00848
65	0.01696	0.02016	0.01461	0.13372	0.05611	0.58398	0.01053	0.07912	0.01411	0.01401	0.00830	0.01004	0.00669	0.00515	0.00463	0.00137	0.00821	0.00356	0.00270	0.00606
66	0.01247	0.03499	0.02001	0.05692	0.71938	0.03826	0.01487	0.01535	0.01136	0.01590	0.00923	0.01214	0.00776	0.00448	0.00487	0.00147	0.00603	0.00435	0.00245	0.00770
67	0.01010	0.00973	0.01558	0.65805	0.12495	0.03360	0.01376	0.01321	0.01014	0.01312	0.00878	0.01294	0.00679	0.00510	0.00550	0.00165	0.04452	0.00439	0.00225	0.00583
68	0.01034	0.00886	0.01034	0.00738	0.01181	0.00664	0.00591	0.01255	0.01034	0.01624	0.00886	0.01034	0.00738	0.00369	0.00369	0.00074	0.00369	0.00295	0.00295	0.85530
69	0.00705	0.00510	0.00666	0.00627	0.00745	0.00470	0.00470	0.00941	0.01411	0.01999	0.79110	0.03723	0.04703	0.01019	0.00588	0.00157	0.00235	0.00901	0.00549	0.00470
70	0.01448	0.01090	0.01225	0.00919	0.01329	0.01038	0.00747	0.34051	0.01611	0.05988	0.01122	0.03366	0.00879	0.00512	0.00438	0.00114	0.00446	0.00402	0.00402	0.42872
71	0.01895	0.01396	0.01496	0.01147	0.01546	0.01546	0.00947	0.77711	0.02344	0.03141	0.01197	0.01197	0.00848	0.00598	0.00499	0.00150	0.00548	0.00449	0.00499	0.00848
72	0.01000	0.02578	0.79900	0.01421	0.02157	0.01158	0.01842	0.01579	0.01052	0.01579	0.00895	0.01052	0.00631	0.00474	0.00474	0.00158	0.00737	0.00368	0.00210	0.00737
73	0.01034	0.10912	0.71870	0.01362	0.02066	0.01242	0.01739	0.01570	0.01048	0.01536	0.00874	0.01026	0.00632	0.00469	0.00458	0.00153	0.00715	0.00358	0.00211	0.00727
74	0.00607	0.00434	0.00578	0.00694	0.00723	0.00405	0.00463	0.00694	0.00954	0.01272	0.02747	0.82157	0.03297	0.01562	0.00636	0.00202	0.00289	0.01417	0.00463	0.00405
75	0.00595	0.00505	0.00513	0.00511	0.00677	0.00423	0.00384	0.00727	0.01151	0.01381	0.08966	0.04740	0.75233	0.01249	0.00589	0.00168	0.00252	0.01044	0.00467	0.00423
76	0.01234	0.01184	0.02023	0.03059	0.79373	0.01184	0.01530	0.01530	0.01135	0.01628	0.00938	0.01234	0.00790	0.00444	0.00493	0.00148	0.00592	0.00444	0.00247	0.00790
77	0.00719	0.00506	0.00659	0.00659	0.00699	0.00546	0.00446	0.00799	0.00759	0.01052	0.01465	0.02677	0.01558	0.47147	0.37525	0.00626	0.00866	0.00639	0.00286	0.00366
78	0.02236	0.00848	0.01157	0.00887	0.01272	0.00733	0.00733	0.02429	0.01427	0.79719	0.01966	0.01697	0.01234	0.00617	0.00501	0.00154	0.00424	0.00501	0.00617	0.00848
79	0.01073	0.01065	0.01493	0.01285	0.01289	0.01485	0.01069	0.01185	0.00765	0.01198	0.00686	0.01131	0.00682	0.01006	0.05302	0.00245	0.77841	0.00441	0.00220	0.00541
80	0.00949	0.00894	0.01510	0.79093	0.05561	0.01110	0.01388	0.01281	0.01001	0.01283	0.00887	0.01326	0.00668	0.00497	0.00498	0.00166	0.00662	0.00443	0.00222	0.00560
81	0.00589	0.00505	0.00505	0.00505	0.00673	0.00421	0.00379	0.00715	0.01136	0.01347	0.05049	0.04797	0.79171	0.01262	0.00589	0.00168	0.00252	0.01052	0.00463	0.00421
82	0.01895	0.01396	0.01496	0.01147	0.01546	0.01546	0.00947	0.77711	0.02344	0.03141	0.01197	0.01197	0.00848	0.00598	0.00499	0.00150	0.00548	0.00449	0.00499	0.00848
83	0.02188	0.00926	0.01205	0.00924	0.01311	0.00848	0.00763	0.13072	0.01556	0.68893	0.01858	0.01626	0.01179	0.00614	0.00501	0.00154	0.00442	0.00494	0.00600	0.00848
84	0.01875	0.01274	0.01402	0.01091	0.01475	0.01385	0.00896	0.57580	0.10713	0.14964	0.01410	0.01349	0.00983	0.00610	0.00500	0.00152	0.00512	0.00470	0.00518	0.00841
85	0.01841	0.02341	0.01416	0.01285	0.01535	0.78332	0.00967	0.01969	0.01395	0.01219	0.00767	0.00904	0.00642	0.00523	0.00482	0.00131	0.03095	0.00324	0.00256	0.00577
86	0.02236	0.00848	0.01157	0.00887	0.01272	0.00733	0.00733	0.02429	0.01427	0.79719	0.01966	0.01697	0.01234	0.00617	0.00501	0.00154	0.00424	0.00501	0.00617	0.00848
87	0.00661	0.00508	0.00605	0.00581	0.00717	0.00451	0.00435	0.00855	0.01306	0.01751	0.50930	0.04132	0.33038	0.01112	0.00588	0.00161	0.00242	0.00959	0.00516	0.00451
88	0.01276	0.00799	0.00835	0.00710	0.00927	0.00853	0.00564	0.28659	0.01512	0.02319	0.01472	0.01621	0.01123	0.00587	0.00402	0.00128	0.00346	0.00459	0.54807	0.00602
89	0.02236	0.00848	0.01157	0.00887	0.01272	0.00733	0.00733	0.02429	0.01427	0.79719	0.01966	0.01697	0.01234	0.00617	0.00501	0.00154	0.00424	0.00501	0.00617	0.00848
90	0.01034	0.00886	0.01034	0.00738	0.01181	0.00664	0.00591	0.01255	0.01034	0.01624	0.00886	0.01034	0.00738	0.00369	0.00369	0.00074	0.00369	0.00295	0.00295	0.85530
91	0.00611	0.00440	0.00579	0.00683	0.00722	0.00408	0.00459	0.00706	0.00982	0.01307	0.06186	0.75439	0.06581	0.01525	0.00632	0.00199	0.00285	0.01379	0.00466	0.00408
92	0.01364	0.01132	0.01197	0.01039	0.01343	0.01298	0.00819	0.16859	0.64061	0.02285	0.01871	0.01734	0.01394	0.00662	0.00506	0.00165	0.00424	0.00542	0.00506	0.00800
93	0.00866	0.00433	0.00649	0.00649	0.00649	0.00433	0.00433	0.00649	0.00649	0.00866	0.00866	0.01515	0.00866	0.01732	0.01948	0.85498	0.00433	0.00433	0.00216	0.00216
94	0.01126	0.01190	0.02507	0.01824	0.02258	0.01121	0.63600	0.01512	0.01157	0.01628	0.01165	0.01602	0.00920	0.00484	0.00560	0.00164	0.00740	0.03871	0.11935	0.00634
95	0.01053	0.01092	0.02036	0.01474	0.01914	0.00967	0.43928	0.01373	0.01128	0.01571	0.01527	0.01726	0.11521	0.00521	0.00523	0.00140	0.00619	0.00564	0.00294	0.26031
96	0.86003	0.00964	0.00733	0.00655	0.00964	0.01118	0.00540	0.01465	0.00848	0.02236	0.00694	0.00810	0.00540	0.00463	0.00308	0.00154	0.00386	0.00270	0.00308	0.00540
97	0.01333	0.82783	0.02612	0.00853	0.01279	0.01972	0.00853	0.01493	0.01013	0.01173	0.00693	0.00800	0.00640	0.00426	0.00320	0.00107	0.00533	0.00267	0.00213	0.00640
98	0.01009	0.00796	0.00951	0.00730	0.01091	0.00619	0.00571	0.01214	0.01077	0.05274	0.08247	0.11080	0.01429	0.00583	0.00427	0.00101	0.00350	0.00495	0.00353	0.63603
99	0.00941	0.00886	0.01495	0.81285	0.03433	0.01107	0.01384	0.01274	0.00997	0.01274	0.00886	0.01329	0.00664	0.00498	0.00498	0.00166	0.00664	0.00443	0.00221	0.00554
100	0.00941	0.00886	0.01495	0.81285	0.03433	0.01107	0.01384	0.01274	0.00997	0.01274	0.00886	0.01329	0.00664	0.00498	0.00498	0.00166	0.00664	0.00443	0.00221	0.00554
101	0.01034	0.00886	0.01034	0.00738	0.01181	0.00664	0.00591	0.01255	0.01034	0.01624	0.00886	0.01034	0.00738	0.00369	0.00369	0.00074	0.00369	0.00295	0.00295	0.85530
102	0.00712	0.00534	0.00801	0.00801	0.00890	0.00623	0.00623	0.00890	0.00801	0.01157	0.01335	0.01958	0.01246	0.03738	0.80507	0.00801	0.01335	0.00534	0.00267	0.00445
103	0.01034	0.00886	0.01034	0.00738	0.01181	0.00664	0.00591	0.01255	0.01034	0.01624	0.00886	0.01034	0.00738	0.00369	0.00369	0.00074	0.00369	0.00295	0.00295	0.85530
104	0.01240	0.01071	0.01127	0.01014	0.01296	0.01240	0.00789	0.02649	0.78473	0.02085	0.02029	0.01860	0.01522	0.00676	0.00507	0.00169	0.00394	0.00564	0.00507	0.00789
105	0.01333	0.82783	0.02612	0.00853	0.01279	0.01972	0.00853	0.01493	0.01013	0.01173	0.00693	0.00800	0.00640	0.00426	0.00320	0.00107	0.00533	0.00267	0.00213	0.00640
106	0.00592	0.00495	0.00516	0.00532	0.00680	0.00418	0.00391	0.00712	0.01110	0.01336	0.04714	0.16064	0.68121	0.01306	0.00596	0.00173	0.00258	0.01105	0.00463	0.00418
107	0.01000	0.02578	0.79900	0.01421	0.02157	0.01158	0.01842	0.01579	0.01052	0.01579	0.00895	0.01052	0.00631	0.00474	0.00474	0.00158	0.00737	0.00368	0.00210	0.00737
108	0.00803	0.00574	0.00803	0.00918	0.01033	0.00574	0.00803	0.01033	0.01147	0.01492	0.02639	0.05622	0.02869	0.01377	0.00688	0.00229	0.00459	0.76018	0.00459	0.00459
109	0.00941	0.00886	0.01495	0.81285	0.03433	0.01107	0.01384	0.01274	0.00997	0.01274	0.00886	0.01329	0.00664	0.00498	0.00498	0.00166	0.00664	0.00443	0.00221	0.00554
110	0.00825	0.00748	0.00760	0.00816	0.00891	0.11472	0.00590	0.00941	0.01057	0.01326	0.06776	0.54174	0.04291	0.01333	0.00656	0.00192	0.03942	0.08338	0.00428	0.00444
111	0.86003	0.00964	0.00733	0.00655	0.00964	0.01118	0.00540	0.01465	0.00848	0.02236	0.00694	0.00810	0.00540	0.00463	0.00308	0.00154	0.00386	0.00270	0.00308	0.00540
112	0.00752	0.00517	0.00656	0.00681	0.00742	0.00540	0.00487	0.00901	0.03000	0.01250	0.03050	0.12133	0.01968	0.31585	0.21188	0.00448	0.00640	0.10641	0.08420	0.00402
113	0.00607	0.00434	0.00578	0.00694	0.00723	0.00405	0.00463	0.00694	0.00954	0.01272	0.02747	0.82157	0.03297	0.01562	0.00636	0.00202	0.00289	0.01417	0.00463	0.00405
114	0.82324	0.00983	0.00766	0.00677	0.00989	0.01137	0.00558	0.04801	0.00914	0.02276	0.00716	0.00827	0.00553	0.00469	0.00317	0.00154	0.00393	0.00278	0.00317	0.00553

[dist]
# distance from previous block
# <min> <max>
6	10

[block]
# block no. 3 follows, 50 sequences, length 7
# corresponding to MSA columns:
# 268-274
name=unknown_D
#
# <colnr> <probs for GDERKNQSTAVLIFYWHMCP>
#	G	D	E	R	K	N	Q	S	T	A	V	L	I	F	Y	W	H	M	C	P
0	0.01910	0.02181	0.01380	0.01233	0.01507	0.70304	0.00934	0.02046	0.01414	0.11238	0.00923	0.01001	0.00718	0.00527	0.00456	0.00132	0.00838	0.00344	0.00303	0.00612
1	0.64316	0.00989	0.00848	0.00731	0.01036	0.01124	0.00598	0.13599	0.01142	0.02358	0.08356	0.01153	0.00992	0.00538	0.00366	0.00154	0.00397	0.00360	0.00362	0.00582
2	0.16516	0.01114	0.01703	0.01341	0.01571	0.01300	0.20833	0.01356	0.00912	0.01532	0.00776	0.01100	0.00668	0.00632	0.01000	0.00180	0.37989	0.00432	0.00251	0.08794
3	0.09408	0.00794	0.00844	0.00808	0.00995	0.04587	0.00633	0.06534	0.10999	0.01819	0.19375	0.15906	0.06074	0.00998	0.00552	0.00173	0.00379	0.14054	0.00456	0.04611
4	0.00804	0.00602	0.00751	0.00739	0.00889	0.00560	0.00564	0.06191	0.01213	0.01661	0.20999	0.30272	0.07841	0.01167	0.00587	0.00174	0.00329	0.13104	0.00464	0.11089
5	0.27254	0.00998	0.01373	0.01102	0.01438	0.01022	0.17700	0.08569	0.03838	0.10074	0.04130	0.01968	0.01249	0.00649	0.00488	0.00166	0.00511	0.12391	0.00384	0.04697
6	0.01345	0.01259	0.01663	0.01295	0.01618	0.06731	0.16646	0.18071	0.11725	0.01896	0.01078	0.01246	0.00848	0.00581	0.00719	0.00155	0.16728	0.00455	0.00341	0.15602

[dist]
# distance from previous block
# <min> <max>
14	37

[block]
# block no. 4 follows, 50 sequences, length 9
# corresponding to MSA columns:
# 393-401
name=unknown_E
#
# <colnr> <probs for GDERKNQSTAVLIFYWHMCP>
#	G	D	E	R	K	N	Q	S	T	A	V	L	I	F	Y	W	H	M	C	P
0	0.01782	0.01270	0.01670	0.01263	0.01670	0.01333	0.14561	0.46048	0.07056	0.16103	0.01352	0.01354	0.00943	0.00575	0.00516	0.00155	0.00569	0.00490	0.00476	0.00813
1	0.01312	0.01004	0.01623	0.01247	0.01549	0.03525	0.26232	0.05977	0.03576	0.17343	0.12609	0.02049	0.01613	0.13761	0.00913	0.00214	0.03817	0.00614	0.00397	0.00625
2	0.13723	0.01148	0.01814	0.01349	0.01770	0.01126	0.30239	0.12290	0.05802	0.15715	0.01205	0.01308	0.00864	0.00496	0.00494	0.00152	0.00589	0.00477	0.00378	0.09061
3	0.14037	0.02060	0.01324	0.01178	0.01458	0.60055	0.00900	0.10496	0.01436	0.01585	0.00808	0.00920	0.00651	0.00516	0.00435	0.00135	0.00785	0.00328	0.00292	0.00603
4	0.01156	0.01278	0.02665	0.01904	0.02399	0.01174	0.66428	0.01547	0.01156	0.01601	0.00991	0.01300	0.00754	0.00413	0.00557	0.00154	0.00772	0.00546	0.00258	0.12947
5	0.00725	0.00483	0.00544	0.00544	0.00544	0.00483	0.00302	0.00725	0.00725	0.00966	0.01571	0.03262	0.01812	0.82483	0.02537	0.00483	0.00483	0.00725	0.00302	0.00302
6	0.01998	0.01173	0.01222	0.00992	0.01342	0.13681	0.00796	0.08768	0.13058	0.48986	0.01719	0.01551	0.01149	0.00608	0.00494	0.00152	0.00506	0.00477	0.00533	0.00796
7	0.00866	0.00433	0.00649	0.00649	0.00649	0.00433	0.00433	0.00649	0.00649	0.00866	0.00866	0.01515	0.00866	0.01732	0.01948	0.85498	0.00433	0.00433	0.00216	0.00216
8	0.01170	0.01210	0.01525	0.01308	0.01378	0.09500	0.04462	0.01376	0.05425	0.01283	0.00845	0.01314	0.00800	0.00825	0.01363	0.00204	0.61638	0.03557	0.00250	0.00565

[dist]
# distance from previous block
# <min> <max>
1	2

[block]
# block no. 5 follows, 50 sequences, length 8
# corresponding to MSA columns:
# 404-407,412-415
name=unknown_F
#
# <colnr> <probs for GDERKNQSTAVLIFYWHMCP>
#	G	D	E	R	K	N	Q	S	T	A	V	L	I	F	Y	W	H	M	C	P
0	0.86003	0.00964	0.00733	0.00655	0.00964	0.01118	0.00540	0.01465	0.00848	0.02236	0.00694	0.00810	0.00540	0.00463	0.00308	0.00154	0.00386	0.00270	0.00308	0.00540
1	0.01033	0.10667	0.72105	0.01363	0.02069	0.01240	0.01742	0.01570	0.01048	0.01538	0.00874	0.01027	0.00632	0.00469	0.00458	0.00153	0.00716	0.00358	0.00211	0.00727
2	0.00661	0.00508	0.00618	0.00685	0.00799	0.00465	0.00534	0.00809	0.01092	0.01373	0.03682	0.25544	0.35096	0.01378	0.00633	0.00197	0.00327	0.24710	0.00462	0.00429
3	0.01091	0.01091	0.01527	0.01309	0.01309	0.01527	0.01091	0.01200	0.00763	0.01200	0.00654	0.01091	0.00654	0.00872	0.01636	0.00218	0.81570	0.00436	0.00218	0.00545
4	0.00906	0.00576	0.00780	0.00838	0.00975	0.00551	0.00702	0.01105	0.01163	0.09679	0.06204	0.14666	0.09360	0.01295	0.00649	0.00210	0.00406	0.48961	0.00480	0.00490
5	0.12108	0.01176	0.01254	0.01010	0.01356	0.01289	0.00820	0.44765	0.12679	0.10789	0.01435	0.06661	0.01107	0.00658	0.00486	0.00157	0.00477	0.00513	0.00486	0.00772
6	0.00703	0.00515	0.00666	0.00666	0.00783	0.00478	0.00515	0.00916	0.01309	0.01799	0.53727	0.09347	0.12119	0.01139	0.00608	0.00173	0.00277	0.13282	0.00519	0.00459
7	0.55591	0.01035	0.00922	0.00777	0.01109	0.03526	0.00635	0.09416	0.04257	0.13855	0.00999	0.01036	0.00726	0.00506	0.00371	0.00150	0.00423	0.00337	0.00380	0.03949

[dist]
# distance from previous block
# <min> <max>
0	7

[block]
# block no. 6 follows, 50 sequences, length 8
# corresponding to MSA columns:
# 423-430
name=unknown_G
#
# <colnr> <probs for GDERKNQSTAVLIFYWHMCP>
#	G	D	E	R	K	N	Q	S	T	A	V	L	I	F	Y	W	H	M	C	P
0	0.01613	0.01229	0.01308	0.01047	0.01396	0.01356	0.00850	0.53658	0.17733	0.02722	0.01804	0.01741	0.09881	0.00690	0.00511	0.00156	0.00483	0.00541	0.00496	0.00787
1	0.05231	0.00571	0.00717	0.00652	0.00812	0.00531	0.00499	0.01125	0.01370	0.10804	0.62443	0.03401	0.08016	0.00958	0.00564	0.00157	0.00265	0.00832	0.00540	0.00514
2	0.01621	0.00887	0.01156	0.00894	0.01250	0.00802	0.03720	0.10031	0.04169	0.36616	0.14327	0.01831	0.01652	0.00624	0.00491	0.00139	0.00410	0.00524	0.00508	0.18350
3	0.00697	0.00523	0.00664	0.00730	0.00846	0.00490	0.00588	0.00873	0.01137	0.01461	0.10791	0.18174	0.25625	0.01340	0.00641	0.00200	0.00348	0.33964	0.00469	0.00440
4	0.01386	0.41694	0.21794	0.01108	0.01569	0.22134	0.01131	0.01643	0.01126	0.01287	0.00764	0.00889	0.00638	0.00461	0.00392	0.00125	0.00679	0.00306	0.00224	0.00648
5	0.13538	0.01104	0.01126	0.00983	0.01286	0.01268	0.00777	0.13760	0.55859	0.02266	0.01712	0.01609	0.01279	0.00634	0.00477	0.00164	0.00416	0.00504	0.00477	0.00762
6	0.05797	0.00943	0.01460	0.55971	0.02742	0.01217	0.01260	0.01265	0.00928	0.01309	0.00815	0.01238	0.00655	0.00593	0.00783	0.00179	0.21638	0.00431	0.00226	0.00551
7	0.18096	0.01556	0.01420	0.01571	0.21594	0.29859	0.01003	0.08117	0.01310	0.09609	0.00955	0.01074	0.00737	0.00503	0.00443	0.00143	0.00642	0.00372	0.00321	0.00675

[dist]
# distance from previous block
# <min> <max>
0	9

[block]
# block no. 7 follows, 50 sequences, length 16
# corresponding to MSA columns:
# 440-455
name=unknown_H
#
# <colnr> <probs for GDERKNQSTAVLIFYWHMCP>
#	G	D	E	R	K	N	Q	S	T	A	V	L	I	F	Y	W	H	M	C	P
0	0.01373	0.01366	0.01912	0.01483	0.01864	0.12980	0.31859	0.03987	0.27592	0.06080	0.01376	0.01462	0.01028	0.00535	0.00527	0.00159	0.00655	0.00524	0.00367	0.02870
1	0.01114	0.30184	0.53298	0.01225	0.01855	0.01438	0.01501	0.01549	0.01039	0.01439	0.00825	0.00965	0.00634	0.00457	0.00421	0.00140	0.00667	0.00333	0.00211	0.00703
2	0.01296	0.71653	0.10255	0.00916	0.01367	0.01863	0.00949	0.01546	0.03992	0.01248	0.00764	0.00865	0.00673	0.00441	0.00342	0.00114	0.00548	0.00288	0.00224	0.00655
3	0.00694	0.00509	0.00650	0.00615	0.00738	0.00465	0.00461	0.00918	0.01384	0.01934	0.71731	0.03830	0.12123	0.01043	0.00588	0.00158	0.00237	0.00916	0.00540	0.00465
4	0.01000	0.02578	0.79900	0.01421	0.02157	0.01158	0.01842	0.01579	0.01052	0.01579	0.00895	0.01052	0.00631	0.00474	0.00474	0.00158	0.00737	0.00368	0.00210	0.00737
5	0.00781	0.00526	0.00691	0.00640	0.00771	0.00483	0.00483	0.01014	0.01412	0.05843	0.75295	0.03623	0.04532	0.00999	0.00584	0.00157	0.00245	0.00882	0.00552	0.00489
6	0.00803	0.00574	0.00803	0.00918	0.01033	0.00574	0.00803	0.01033	0.01147	0.01492	0.02639	0.05622	0.02869	0.01377	0.00688	0.00229	0.00459	0.76018	0.00459	0.00459
7	0.01895	0.01396	0.01496	0.01147	0.01546	0.01546	0.00947	0.77711	0.02344	0.03141	0.01197	0.01197	0.00848	0.00598	0.00499	0.00150	0.00548	0.00449	0.00499	0.00848
8	0.01240	0.01071	0.01127	0.01014	0.01296	0.01240	0.00789	0.02649	0.78473	0.02085	0.02029	0.01860	0.01522	0.00676	0.00507	0.00169	0.00394	0.00564	0.00507	0.00789
9	0.01316	0.78883	0.06370	0.00880	0.01322	0.01933	0.00901	0.01497	0.01015	0.01192	0.00703	0.00812	0.00639	0.00429	0.00327	0.00109	0.00543	0.00271	0.00213	0.00644
10	0.01830	0.01364	0.01459	0.01134	0.01521	0.01515	0.00932	0.70232	0.09929	0.03036	0.01280	0.01263	0.00915	0.00606	0.00499	0.00152	0.00533	0.00460	0.00499	0.00842
11	0.01895	0.01396	0.01496	0.01147	0.01546	0.01546	0.00947	0.77711	0.02344	0.03141	0.01197	0.01197	0.00848	0.00598	0.00499	0.00150	0.00548	0.00449	0.00499	0.00848
12	0.01895	0.01396	0.01496	0.01147	0.01546	0.01546	0.00947	0.77711	0.02344	0.03141	0.01197	0.01197	0.00848	0.00598	0.00499	0.00150	0.00548	0.00449	0.00499	0.00848
13	0.01895	0.01396	0.01496	0.01147	0.01546	0.01546	0.00947	0.77711	0.02344	0.03141	0.01197	0.01197	0.00848	0.00598	0.00499	0.00150	0.00548	0.00449	0.00499	0.00848
14	0.01895	0.01396	0.01496	0.01147	0.01546	0.01546	0.00947	0.77711	0.02344	0.03141	0.01197	0.01197	0.00848	0.00598	0.00499	0.00150	0.00548	0.00449	0.00499	0.00848
15	0.01895	0.01396	0.01496	0.01147	0.01546	0.01546	0.00947	0.77711	0.02344	0.03141	0.01197	0.01197	0.00848	0.00598	0.00499	0.00150	0.00548	0.00449	0.00499	0.00848

[dist]
# distance from previous block
# <min> <max>
0	4

# created by:
# /st0/software/busco_prod/Augustus/scripts/msa2prfl.pl ./align_prep/105563.fa
