[name]
unknown

[dist]
# distance from previous block
# <min> <max>
0	41

[block]
# block no. 0 follows, 63 sequences, length 140
# corresponding to MSA columns:
# 43-182
name=unknown_A
#
# <colnr> <probs for GDERKNQSTAVLIFYWHMCP>
#	G	D	E	R	K	N	Q	S	T	A	V	L	I	F	Y	W	H	M	C	P
0	0.00677	0.00484	0.00677	0.00774	0.00871	0.00484	0.00677	0.00871	0.00968	0.01258	0.02226	0.04742	0.02419	0.01161	0.00581	0.00194	0.00387	0.79775	0.00387	0.00387
1	0.01595	0.01102	0.01208	0.00924	0.01261	0.01186	0.00763	0.67894	0.01830	0.11967	0.01072	0.01052	0.00748	0.00497	0.00415	0.00123	0.00443	0.00377	0.00424	0.05119
2	0.01007	0.00957	0.01626	0.02446	0.76958	0.00956	0.01233	0.01246	0.00949	0.01356	0.00894	0.05464	0.00805	0.00437	0.00425	0.00128	0.00484	0.01762	0.00221	0.00644
3	0.00497	0.00426	0.00426	0.00426	0.00568	0.00355	0.00319	0.00603	0.00958	0.01136	0.04259	0.04046	0.82433	0.01065	0.00497	0.00142	0.00213	0.00887	0.00390	0.00355
4	0.00611	0.00408	0.00458	0.00458	0.00458	0.00408	0.00255	0.00611	0.00611	0.00815	0.01325	0.02751	0.01528	0.85226	0.02140	0.00408	0.00408	0.00611	0.00255	0.00255
5	0.01046	0.00903	0.00951	0.00855	0.01093	0.01046	0.00665	0.02234	0.81845	0.01759	0.01711	0.01568	0.01283	0.00570	0.00428	0.00143	0.00333	0.00475	0.00428	0.00665
6	0.00872	0.00747	0.00872	0.00623	0.00996	0.00560	0.00498	0.01058	0.00872	0.01370	0.00747	0.00872	0.00623	0.00311	0.00311	0.00062	0.00311	0.00249	0.00249	0.87796
7	0.01010	0.00870	0.00918	0.00828	0.01058	0.00998	0.00643	0.02125	0.76191	0.01731	0.04176	0.01715	0.04665	0.00599	0.00433	0.00142	0.00324	0.00500	0.00427	0.00645
8	0.01570	0.02004	0.01191	0.01083	0.01300	0.83539	0.00812	0.01679	0.01191	0.01029	0.00650	0.00758	0.00541	0.00433	0.00379	0.00108	0.00758	0.00271	0.00217	0.00487
9	0.00992	0.01134	0.02481	0.01772	0.02197	0.01063	0.81077	0.01347	0.00992	0.01347	0.00850	0.01134	0.00638	0.00354	0.00496	0.00142	0.00709	0.00496	0.00213	0.00567
10	0.00497	0.00426	0.00426	0.00426	0.00568	0.00355	0.00319	0.00603	0.00958	0.01136	0.04259	0.04046	0.82433	0.01065	0.00497	0.00142	0.00213	0.00887	0.00390	0.00355
11	0.00800	0.00753	0.01272	0.82204	0.04859	0.00936	0.01170	0.01079	0.00843	0.01081	0.00748	0.01119	0.00563	0.00419	0.00420	0.00140	0.00559	0.00374	0.00187	0.00472
12	0.00512	0.00366	0.00488	0.00585	0.00610	0.00341	0.00390	0.00585	0.00805	0.01073	0.02317	0.84952	0.02780	0.01317	0.00537	0.00171	0.00244	0.01195	0.00390	0.00341
13	0.01046	0.00903	0.00951	0.00855	0.01093	0.01046	0.00665	0.02234	0.81845	0.01759	0.01711	0.01568	0.01283	0.00570	0.00428	0.00143	0.00333	0.00475	0.00428	0.00665
14	0.01570	0.02004	0.01191	0.01083	0.01300	0.83539	0.00812	0.01679	0.01191	0.01029	0.00650	0.00758	0.00541	0.00433	0.00379	0.00108	0.00758	0.00271	0.00217	0.00487
15	0.00591	0.00430	0.00557	0.00525	0.00626	0.00395	0.00394	0.00786	0.01181	0.01664	0.79317	0.03176	0.07046	0.00867	0.00496	0.00133	0.00199	0.00765	0.00460	0.00395
16	0.01886	0.00715	0.00976	0.00748	0.01073	0.00618	0.00618	0.02049	0.01203	0.82895	0.01658	0.01431	0.01041	0.00520	0.00423	0.00130	0.00358	0.00423	0.00520	0.00715
17	0.00570	0.00429	0.00527	0.00505	0.00615	0.00387	0.00380	0.00744	0.01125	0.01534	0.60587	0.03401	0.24792	0.00918	0.00497	0.00136	0.00205	0.01821	0.00443	0.00385
18	0.00595	0.00430	0.00562	0.00529	0.00628	0.00397	0.00397	0.00793	0.01190	0.01686	0.82382	0.03140	0.03966	0.00859	0.00496	0.00132	0.00198	0.00760	0.00463	0.00397
19	0.00794	0.00747	0.01261	0.84216	0.02895	0.00934	0.01167	0.01074	0.00841	0.01074	0.00747	0.01121	0.00560	0.00420	0.00420	0.00140	0.00560	0.00374	0.00187	0.00467
20	0.00615	0.00452	0.00596	0.00674	0.00761	0.00437	0.00548	0.00783	0.02379	0.01210	0.04065	0.25478	0.13471	0.01172	0.00553	0.00178	0.00321	0.45541	0.00391	0.00376
21	0.01040	0.00999	0.01706	0.02580	0.82604	0.00999	0.01290	0.01290	0.00957	0.01373	0.00791	0.01040	0.00666	0.00375	0.00416	0.00125	0.00499	0.00375	0.00208	0.00666
22	0.01040	0.00999	0.01706	0.02580	0.82604	0.00999	0.01290	0.01290	0.00957	0.01373	0.00791	0.01040	0.00666	0.00375	0.00416	0.00125	0.00499	0.00375	0.00208	0.00666
23	0.46105	0.00826	0.00819	0.00683	0.00953	0.02401	0.01710	0.06469	0.04759	0.24388	0.00998	0.01002	0.00704	0.00455	0.00360	0.00130	0.02578	0.00318	0.03790	0.00553
24	0.88196	0.00813	0.00618	0.00553	0.00813	0.00943	0.00455	0.01236	0.00715	0.01886	0.00585	0.00683	0.00455	0.00390	0.00260	0.00130	0.00325	0.00228	0.00260	0.00455
25	0.01019	0.00973	0.01651	0.02485	0.78646	0.00971	0.01253	0.01264	0.00957	0.01365	0.00905	0.01204	0.02501	0.00410	0.00422	0.00127	0.00490	0.02487	0.00217	0.00652
26	0.00794	0.00747	0.01261	0.84216	0.02895	0.00934	0.01167	0.01074	0.00841	0.01074	0.00747	0.01121	0.00560	0.00420	0.00420	0.00140	0.00560	0.00374	0.00187	0.00467
27	0.00611	0.00409	0.00465	0.00465	0.00468	0.00411	0.00263	0.00616	0.00613	0.00820	0.01318	0.02716	0.01513	0.82634	0.04712	0.00416	0.00430	0.00606	0.00254	0.00259
28	0.00843	0.02174	0.83048	0.01198	0.01819	0.00976	0.01553	0.01331	0.00888	0.01331	0.00754	0.00888	0.00533	0.00399	0.00399	0.00133	0.00621	0.00311	0.00178	0.00621
29	0.00497	0.00424	0.00427	0.00430	0.00569	0.00355	0.00321	0.00603	0.00955	0.01134	0.04214	0.05911	0.80597	0.01070	0.00498	0.00143	0.00214	0.00894	0.00390	0.00355
30	0.01886	0.00715	0.00976	0.00748	0.01073	0.00618	0.00618	0.02049	0.01203	0.82895	0.01658	0.01431	0.01041	0.00520	0.00423	0.00130	0.00358	0.00423	0.00520	0.00715
31	0.00784	0.00392	0.00392	0.00392	0.00490	0.00392	0.00294	0.00980	0.00882	0.01567	0.01371	0.01567	0.01077	0.00490	0.00294	0.00098	0.00196	0.00392	0.87560	0.00392
32	0.00601	0.00450	0.00676	0.00676	0.00751	0.00525	0.00525	0.00751	0.00676	0.00976	0.01126	0.01651	0.01051	0.03153	0.83560	0.00676	0.01126	0.00450	0.00225	0.00375
33	0.00930	0.00886	0.01507	0.39183	0.46865	0.00970	0.01235	0.01193	0.00905	0.01239	0.00771	0.01076	0.00619	0.00395	0.00418	0.00132	0.00527	0.00374	0.00199	0.00577
34	0.01570	0.02004	0.01191	0.01083	0.01300	0.83539	0.00812	0.01679	0.01191	0.01029	0.00650	0.00758	0.00541	0.00433	0.00379	0.00108	0.00758	0.00271	0.00217	0.00487
35	0.01040	0.00999	0.01706	0.02580	0.82604	0.00999	0.01290	0.01290	0.00957	0.01373	0.00791	0.01040	0.00666	0.00375	0.00416	0.00125	0.00499	0.00375	0.00208	0.00666
36	0.00619	0.00435	0.00570	0.00533	0.00636	0.00401	0.00401	0.00817	0.01190	0.03204	0.80873	0.03108	0.03912	0.00853	0.00494	0.00132	0.00201	0.00754	0.00464	0.00403
37	0.00573	0.00444	0.00611	0.00597	0.00696	0.00407	0.04291	0.00723	0.01009	0.01362	0.36430	0.29482	0.17105	0.01028	0.00512	0.00149	0.00246	0.03543	0.00412	0.00380
38	0.01610	0.01158	0.01250	0.00958	0.01294	0.01275	0.00791	0.77912	0.01944	0.05985	0.01036	0.01027	0.00728	0.00505	0.00421	0.00126	0.00458	0.00380	0.00425	0.00715
39	0.00730	0.00365	0.00548	0.00548	0.00548	0.00365	0.00365	0.00548	0.00548	0.00730	0.00730	0.01278	0.00730	0.01460	0.01643	0.87769	0.00365	0.00365	0.00183	0.00183
40	0.00794	0.00747	0.01261	0.84216	0.02895	0.00934	0.01167	0.01074	0.00841	0.01074	0.00747	0.01121	0.00560	0.00420	0.00420	0.00140	0.00560	0.00374	0.00187	0.00467
41	0.01532	0.03365	0.01210	0.01073	0.03636	0.59342	0.00804	0.12358	0.06346	0.05258	0.00816	0.00882	0.00639	0.00452	0.00389	0.00114	0.00659	0.00307	0.00271	0.00546
42	0.07273	0.02857	0.03275	0.01702	0.33993	0.34562	0.07748	0.01449	0.01035	0.01259	0.00720	0.00899	0.00593	0.00398	0.00394	0.00119	0.00612	0.00329	0.00214	0.00567
43	0.00730	0.00516	0.00622	0.00605	0.00725	0.00504	0.00447	0.07034	0.07533	0.05579	0.26394	0.31682	0.14030	0.00982	0.00495	0.00147	0.00255	0.00862	0.00424	0.00433
44	0.00843	0.02174	0.83048	0.01198	0.01819	0.00976	0.01553	0.01331	0.00888	0.01331	0.00754	0.00888	0.00533	0.00399	0.00399	0.00133	0.00621	0.00311	0.00178	0.00621
45	0.01042	0.01005	0.01653	0.04156	0.71347	0.02235	0.03415	0.01364	0.07048	0.01390	0.00859	0.01080	0.00707	0.00391	0.00419	0.00127	0.00498	0.00384	0.00224	0.00656
46	0.01134	0.83546	0.02179	0.00728	0.01084	0.03560	0.00721	0.01268	0.00862	0.00990	0.00586	0.00676	0.00540	0.00361	0.00272	0.00090	0.00457	0.00226	0.00181	0.00538
47	0.00499	0.00417	0.00435	0.00449	0.00574	0.00353	0.00330	0.00601	0.00936	0.01127	0.03978	0.15719	0.70941	0.01101	0.00503	0.00146	0.00217	0.00932	0.00390	0.00353
48	0.01153	0.80193	0.02143	0.00737	0.01093	0.02833	0.00724	0.05129	0.00913	0.01070	0.00606	0.00692	0.00548	0.00368	0.00279	0.00092	0.00455	0.00233	0.00192	0.00547
49	0.00843	0.02174	0.83048	0.01198	0.01819	0.00976	0.01553	0.01331	0.00888	0.01331	0.00754	0.00888	0.00533	0.00399	0.00399	0.00133	0.00621	0.00311	0.00178	0.00621
50	0.00595	0.00430	0.00562	0.00529	0.00628	0.00397	0.00397	0.00793	0.01190	0.01686	0.82382	0.03140	0.03966	0.00859	0.00496	0.00132	0.00198	0.00760	0.00463	0.00397
51	0.00512	0.00366	0.00488	0.00585	0.00610	0.00341	0.00390	0.00585	0.00805	0.01073	0.02317	0.84952	0.02780	0.01317	0.00537	0.00171	0.00244	0.01195	0.00390	0.00341
52	0.00990	0.01129	0.02451	0.01755	0.02170	0.01069	0.79102	0.01338	0.00984	0.01338	0.00843	0.01129	0.00636	0.00364	0.00518	0.00143	0.02772	0.00493	0.00212	0.00564
53	0.01062	0.00911	0.00960	0.00859	0.01099	0.01053	0.00669	0.04576	0.79476	0.01785	0.01690	0.01552	0.01266	0.00568	0.00428	0.00142	0.00337	0.00472	0.00428	0.00667
54	0.03742	0.00968	0.05203	0.01078	0.01119	0.01244	0.00924	0.01027	0.00664	0.01058	0.00630	0.00967	0.02030	0.00714	0.01280	0.00179	0.76147	0.00370	0.00190	0.00466
55	0.01139	0.00935	0.00994	0.00869	0.01121	0.01068	0.00685	0.14311	0.66816	0.03356	0.01611	0.01532	0.01210	0.00569	0.00429	0.00141	0.00354	0.01761	0.00428	0.00669
56	0.00587	0.00429	0.00551	0.00521	0.00623	0.00393	0.00391	0.00778	0.01172	0.01642	0.76166	0.03212	0.10210	0.00876	0.00496	0.00133	0.00199	0.00770	0.00457	0.00393
57	0.00611	0.00408	0.00458	0.00458	0.00458	0.00408	0.00255	0.00611	0.00611	0.00815	0.01325	0.02751	0.01528	0.85226	0.02140	0.00408	0.00408	0.00611	0.00255	0.00255
58	0.01064	0.00862	0.00897	0.00809	0.01033	0.04211	0.00630	0.03322	0.58344	0.08051	0.01892	0.05887	0.07561	0.00651	0.00440	0.00143	0.00342	0.02824	0.00421	0.00615
59	0.01570	0.02004	0.01191	0.01083	0.01300	0.83539	0.00812	0.01679	0.01191	0.01029	0.00650	0.00758	0.00541	0.00433	0.00379	0.00108	0.00758	0.00271	0.00217	0.00487
60	0.00595	0.00430	0.00562	0.00529	0.00628	0.00397	0.00397	0.00793	0.01190	0.01686	0.82382	0.03140	0.03966	0.00859	0.00496	0.00132	0.00198	0.00760	0.00463	0.00397
61	0.01598	0.01177	0.01262	0.00967	0.01304	0.01304	0.00799	0.81202	0.01976	0.02649	0.01009	0.01009	0.00715	0.00505	0.00421	0.00126	0.00463	0.00378	0.00421	0.00715
62	0.01040	0.00999	0.01706	0.02580	0.82604	0.00999	0.01290	0.01290	0.00957	0.01373	0.00791	0.01040	0.00666	0.00375	0.00416	0.00125	0.00499	0.00375	0.00208	0.00666
63	0.88196	0.00813	0.00618	0.00553	0.00813	0.00943	0.00455	0.01236	0.00715	0.01886	0.00585	0.00683	0.00455	0.00390	0.00260	0.00130	0.00325	0.00228	0.00260	0.00455
64	0.01001	0.01159	0.06472	0.01690	0.02114	0.01032	0.73138	0.01351	0.00989	0.03712	0.00898	0.02769	0.00686	0.00380	0.00490	0.00142	0.00685	0.00498	0.00223	0.00570
65	0.00775	0.00470	0.00618	0.00558	0.00690	0.00427	0.00426	0.00966	0.01187	0.13116	0.69482	0.02917	0.05089	0.00816	0.00486	0.00132	0.00221	0.00715	0.00469	0.00441
66	0.01881	0.00724	0.00981	0.00752	0.01077	0.00630	0.00621	0.03487	0.01217	0.81437	0.01647	0.01423	0.01035	0.00520	0.00423	0.00130	0.00360	0.00422	0.00518	0.00715
67	0.01040	0.00999	0.01706	0.02580	0.82604	0.00999	0.01290	0.01290	0.00957	0.01373	0.00791	0.01040	0.00666	0.00375	0.00416	0.00125	0.00499	0.00375	0.00208	0.00666
68	0.01026	0.00984	0.01680	0.07462	0.77837	0.00995	0.01283	0.01277	0.00950	0.01355	0.00788	0.01045	0.00660	0.00377	0.00416	0.00126	0.00503	0.00374	0.00207	0.00654
69	0.00871	0.10499	0.74969	0.01150	0.01745	0.01045	0.01470	0.01324	0.00884	0.01297	0.00737	0.00866	0.00533	0.00395	0.00386	0.00129	0.00604	0.00302	0.00178	0.00613
70	0.01079	0.72235	0.15057	0.00795	0.01197	0.01554	0.00852	0.01270	0.00859	0.01043	0.00611	0.00708	0.00538	0.00366	0.00290	0.00097	0.00477	0.00238	0.00179	0.00552
71	0.00512	0.00367	0.00487	0.00583	0.00609	0.00342	0.00389	0.00586	0.00807	0.01074	0.02350	0.83581	0.04130	0.01313	0.00536	0.00170	0.00243	0.01190	0.00390	0.00342
72	0.00597	0.00501	0.00715	0.00654	0.00795	0.00453	0.08978	0.00758	0.01003	0.01306	0.23654	0.13868	0.34563	0.00979	0.00511	0.00149	0.00285	0.09452	0.00390	0.00390
73	0.01064	0.01001	0.01708	0.02495	0.77331	0.01000	0.03590	0.02798	0.00982	0.02811	0.00812	0.01049	0.00672	0.00379	0.00419	0.00125	0.00502	0.00379	0.00218	0.00665
74	0.01624	0.00675	0.00888	0.00699	0.00987	0.00593	0.00571	0.04314	0.01193	0.64910	0.06545	0.01820	0.10611	0.00602	0.00433	0.00131	0.00333	0.00494	0.01927	0.00650
75	0.00611	0.00408	0.00458	0.00458	0.00458	0.00408	0.00255	0.00611	0.00611	0.00815	0.01325	0.02751	0.01528	0.85226	0.02140	0.00408	0.00408	0.00611	0.00255	0.00255
76	0.71954	0.02525	0.03336	0.00661	0.00939	0.06666	0.02875	0.03312	0.00803	0.02913	0.00628	0.00726	0.00485	0.00397	0.00286	0.00128	0.00382	0.00247	0.00259	0.00478
77	0.01035	0.00982	0.01401	0.01920	0.52025	0.05364	0.01047	0.02988	0.17458	0.01440	0.01232	0.01458	0.05497	0.00492	0.00428	0.00131	0.00458	0.03742	0.00275	0.00628
78	0.01094	0.58236	0.15849	0.00823	0.01211	0.02524	0.00856	0.05398	0.06927	0.01199	0.00732	0.00809	0.00611	0.00392	0.00313	0.00103	0.00471	0.00269	0.01611	0.00569
79	0.01206	0.64484	0.05342	0.00816	0.01156	0.18841	0.00773	0.01350	0.00926	0.01012	0.00605	0.00701	0.00540	0.00377	0.00298	0.00096	0.00522	0.00238	0.00187	0.00532
80	0.00934	0.01141	0.14890	0.01355	0.01724	0.00918	0.43622	0.02722	0.00989	0.04324	0.08565	0.05592	0.01103	0.00507	0.00518	0.00141	0.04641	0.02830	0.00259	0.03225
81	0.01034	0.00890	0.00940	0.00847	0.01081	0.01028	0.00658	0.02196	0.79710	0.01757	0.03846	0.01610	0.01354	0.00578	0.00430	0.00142	0.00329	0.00483	0.00429	0.00658
82	0.00863	0.06293	0.76640	0.01215	0.04144	0.01011	0.01504	0.01326	0.00888	0.01315	0.00747	0.00881	0.00537	0.00397	0.00393	0.00131	0.00609	0.00308	0.00179	0.00618
83	0.00508	0.00426	0.00442	0.00438	0.00575	0.00360	0.00328	0.00626	0.00985	0.01200	0.13461	0.03939	0.73190	0.01040	0.00497	0.00141	0.00211	0.00872	0.00399	0.00360
84	0.00784	0.00392	0.00392	0.00392	0.00490	0.00392	0.00294	0.00980	0.00882	0.01567	0.01371	0.01567	0.01077	0.00490	0.00294	0.00098	0.00196	0.00392	0.87560	0.00392
85	0.01035	0.00993	0.01696	0.04462	0.80767	0.00997	0.01287	0.01285	0.00955	0.01366	0.00790	0.01042	0.00663	0.00376	0.00416	0.00125	0.00501	0.00375	0.00208	0.00661
86	0.00851	0.06096	0.61923	0.02682	0.01747	0.00983	0.09851	0.01269	0.00888	0.01289	0.00883	0.05401	0.01797	0.00457	0.00430	0.00135	0.02150	0.00383	0.00196	0.00587
87	0.00497	0.00426	0.00426	0.00426	0.00568	0.00355	0.00319	0.00603	0.00958	0.01136	0.04259	0.04046	0.82433	0.01065	0.00497	0.00142	0.00213	0.00887	0.00390	0.00355
88	0.00512	0.00366	0.00488	0.00585	0.00610	0.00341	0.00390	0.00585	0.00805	0.01073	0.02317	0.84952	0.02780	0.01317	0.00537	0.00171	0.00244	0.01195	0.00390	0.00341
89	0.01387	0.01159	0.20711	0.00972	0.02389	0.00861	0.04941	0.13884	0.07983	0.33949	0.01333	0.02727	0.00957	0.00526	0.00430	0.00135	0.00454	0.04154	0.00387	0.00659
90	0.01050	0.01017	0.01697	0.02553	0.81142	0.02483	0.01282	0.01297	0.00961	0.01367	0.00788	0.01035	0.00664	0.00376	0.00416	0.00125	0.00504	0.00373	0.00208	0.00663
91	0.88196	0.00813	0.00618	0.00553	0.00813	0.00943	0.00455	0.01236	0.00715	0.01886	0.00585	0.00683	0.00455	0.00390	0.00260	0.00130	0.00325	0.00228	0.00260	0.00455
92	0.00843	0.02174	0.83048	0.01198	0.01819	0.00976	0.01553	0.01331	0.00888	0.01331	0.00754	0.00888	0.00533	0.00399	0.00399	0.00133	0.00621	0.00311	0.00178	0.00621
93	0.00512	0.00366	0.00488	0.00585	0.00610	0.00341	0.00390	0.00585	0.00805	0.01073	0.02317	0.84952	0.02780	0.01317	0.00537	0.00171	0.00244	0.01195	0.00390	0.00341
94	0.00992	0.01134	0.02481	0.01772	0.02197	0.01063	0.81077	0.01347	0.00992	0.01347	0.00850	0.01134	0.00638	0.00354	0.00496	0.00142	0.00709	0.00496	0.00213	0.00567
95	0.00586	0.00429	0.00550	0.00520	0.00623	0.00393	0.00390	0.00776	0.01169	0.01637	0.75439	0.03221	0.10940	0.00878	0.00496	0.00133	0.00200	0.00772	0.00456	0.00393
96	0.01598	0.01177	0.01262	0.00967	0.01304	0.01304	0.00799	0.81202	0.01976	0.02649	0.01009	0.01009	0.00715	0.00505	0.00421	0.00126	0.00463	0.00378	0.00421	0.00715
97	0.01048	0.63080	0.23941	0.00848	0.01278	0.01479	0.00944	0.01278	0.00863	0.01081	0.00630	0.00732	0.00538	0.00370	0.00305	0.00102	0.00496	0.00248	0.00179	0.00561
98	0.01035	0.00993	0.01697	0.04330	0.80895	0.00997	0.01288	0.01286	0.00955	0.01367	0.00790	0.01042	0.00664	0.00376	0.00416	0.00125	0.00501	0.00375	0.00208	0.00662
99	0.00843	0.02174	0.83048	0.01198	0.01819	0.00976	0.01553	0.01331	0.00888	0.01331	0.00754	0.00888	0.00533	0.00399	0.00399	0.00133	0.00621	0.00311	0.00178	0.00621
100	0.00794	0.00747	0.01261	0.84216	0.02895	0.00934	0.01167	0.01074	0.00841	0.01074	0.00747	0.01121	0.00560	0.00420	0.00420	0.00140	0.00560	0.00374	0.00187	0.00467
101	0.01002	0.01045	0.01687	0.01323	0.01491	0.04209	0.28080	0.05134	0.00848	0.01207	0.00679	0.00991	0.00589	0.00584	0.00996	0.00164	0.48847	0.00408	0.00207	0.00510
102	0.01430	0.05358	0.01168	0.00896	0.01180	0.08185	0.00728	0.48065	0.07592	0.09114	0.01218	0.09288	0.00999	0.00590	0.00425	0.00130	0.00446	0.02154	0.00396	0.00640
103	0.01249	0.00968	0.03931	0.01179	0.01486	0.04850	0.31570	0.01489	0.01048	0.27276	0.09298	0.01391	0.01093	0.00505	0.00551	0.00139	0.09114	0.00468	0.01814	0.00581
104	0.00563	0.00444	0.00532	0.00595	0.00645	0.02318	0.00414	0.00659	0.02015	0.01087	0.02479	0.62207	0.14908	0.03609	0.00601	0.00172	0.03141	0.02882	0.00376	0.00354
105	0.01075	0.61998	0.22563	0.00841	0.01266	0.01460	0.00927	0.01300	0.00873	0.03457	0.00659	0.00750	0.00552	0.00374	0.00307	0.00102	0.00490	0.00252	0.00189	0.00565
106	0.01520	0.01058	0.01269	0.00979	0.01306	0.01132	0.07239	0.52205	0.10482	0.15407	0.01196	0.02302	0.00852	0.00513	0.00429	0.00130	0.00448	0.00417	0.00420	0.00692
107	0.00715	0.00585	0.00895	0.00848	0.00983	0.00579	0.11891	0.03807	0.06847	0.01284	0.02025	0.34595	0.03727	0.01039	0.00533	0.00170	0.00373	0.28309	0.00368	0.00426
108	0.00596	0.00407	0.00483	0.00501	0.00516	0.00406	0.00308	0.00625	0.00663	0.00885	0.01548	0.15107	0.03225	0.63138	0.06692	0.00375	0.00422	0.03539	0.00281	0.00282
109	0.01115	0.01140	0.01634	0.02369	0.71149	0.12627	0.01223	0.01345	0.00990	0.01325	0.00771	0.01001	0.00648	0.00383	0.00411	0.00123	0.00536	0.00360	0.00209	0.00641
110	0.02775	0.65356	0.10055	0.00794	0.01175	0.01538	0.00807	0.11040	0.00992	0.01243	0.00653	0.00737	0.00559	0.00382	0.00301	0.00099	0.00466	0.00252	0.00211	0.00567
111	0.00499	0.00426	0.00428	0.00428	0.00569	0.00356	0.00321	0.00607	0.00963	0.01146	0.05766	0.04028	0.80920	0.01061	0.00497	0.00142	0.00213	0.00885	0.00392	0.00356
112	0.01695	0.00675	0.00905	0.00708	0.01005	0.00583	0.00580	0.01854	0.01180	0.71403	0.05851	0.01755	0.08664	0.00587	0.00433	0.00131	0.00337	0.00482	0.00506	0.00667
113	0.01129	0.01063	0.00990	0.00890	0.01126	0.12672	0.00688	0.03572	0.69049	0.01672	0.01549	0.01444	0.01169	0.00550	0.00421	0.00137	0.00395	0.00445	0.00398	0.00641
114	0.01135	0.00993	0.00965	0.00855	0.01092	0.09496	0.00672	0.13104	0.50288	0.03475	0.01727	0.01751	0.07549	0.00613	0.00434	0.00139	0.00389	0.04305	0.00402	0.00617
115	0.00590	0.00428	0.00556	0.00527	0.00626	0.00394	0.00394	0.00782	0.01174	0.01654	0.78024	0.05064	0.06454	0.00877	0.00497	0.00133	0.00200	0.00774	0.00459	0.00394
116	0.01843	0.00744	0.00988	0.00762	0.01085	0.00665	0.00628	0.05801	0.04089	0.76231	0.01630	0.01416	0.01034	0.00521	0.00423	0.00130	0.00362	0.00423	0.00512	0.00714
117	0.01255	0.51861	0.11189	0.00818	0.01192	0.02396	0.00814	0.10538	0.01036	0.12759	0.00804	0.00849	0.00630	0.00411	0.00343	0.00106	0.01868	0.00283	0.00256	0.00592
118	0.00941	0.00893	0.01471	0.06250	0.60071	0.02260	0.03080	0.01163	0.00935	0.01302	0.01114	0.13013	0.02887	0.00543	0.00440	0.00134	0.00467	0.02205	0.00241	0.00592
119	0.00784	0.00392	0.00392	0.00392	0.00490	0.00392	0.00294	0.00980	0.00882	0.01567	0.01371	0.01567	0.01077	0.00490	0.00294	0.00098	0.00196	0.00392	0.87560	0.00392
120	0.00566	0.00424	0.00525	0.00509	0.00613	0.00383	0.00378	0.00735	0.01110	0.01516	0.58707	0.08976	0.22135	0.00939	0.00499	0.00137	0.00205	0.00820	0.00441	0.00383
121	0.01557	0.04431	0.01221	0.01072	0.01293	0.81157	0.00810	0.01666	0.01181	0.01028	0.00648	0.00756	0.00541	0.00431	0.00376	0.00108	0.00749	0.00269	0.00216	0.00489
122	0.00869	0.00747	0.00883	0.03054	0.01051	0.00571	0.00518	0.01059	0.00871	0.01361	0.00747	0.00879	0.00621	0.00314	0.00314	0.00065	0.00319	0.00253	0.00247	0.85256
123	0.00870	0.10020	0.75435	0.01153	0.01750	0.01041	0.01475	0.01324	0.00884	0.01299	0.00738	0.00867	0.00533	0.00396	0.00387	0.00129	0.00605	0.00303	0.00178	0.00614
124	0.01049	0.00914	0.00933	0.00842	0.01065	0.04561	0.00651	0.07194	0.64808	0.01716	0.01716	0.08622	0.02797	0.00632	0.00436	0.00142	0.00350	0.00529	0.00414	0.00628
125	0.01045	0.01041	0.01595	0.15180	0.63631	0.07641	0.01233	0.01288	0.00958	0.01299	0.00773	0.01030	0.00639	0.00386	0.00414	0.00126	0.00530	0.00366	0.00205	0.00620
126	0.00803	0.00759	0.01263	0.78367	0.02769	0.00959	0.01150	0.01070	0.00827	0.01070	0.00733	0.01107	0.00560	0.00442	0.00488	0.00143	0.06464	0.00373	0.00187	0.00466
127	0.00895	0.00742	0.00871	0.00629	0.00996	0.00561	0.00504	0.01081	0.00882	0.03525	0.00797	0.00954	0.00665	0.00332	0.00319	0.00066	0.00314	0.01650	0.00259	0.83957
128	0.00601	0.00450	0.00676	0.00676	0.00751	0.00525	0.00525	0.00751	0.00676	0.00976	0.01126	0.01651	0.01051	0.03153	0.83560	0.00676	0.01126	0.00450	0.00225	0.00375
129	0.01003	0.00830	0.00941	0.00699	0.01054	0.00724	0.00562	0.13835	0.08782	0.01609	0.00881	0.00960	0.00700	0.00367	0.00340	0.00080	0.00337	0.00291	0.00293	0.65712
130	0.00744	0.00499	0.00633	0.00572	0.00703	0.00473	0.00437	0.05399	0.02660	0.07189	0.69554	0.02895	0.04966	0.00815	0.00485	0.00132	0.00226	0.00713	0.00462	0.00440
131	0.01384	0.01071	0.01141	0.00924	0.01222	0.01204	0.00747	0.50625	0.32902	0.02304	0.01281	0.01226	0.00935	0.00530	0.00423	0.00133	0.00412	0.00416	0.00423	0.00696
132	0.00585	0.00454	0.00547	0.00595	0.00710	0.00421	0.00484	0.00745	0.02400	0.01193	0.03182	0.11308	0.40120	0.01119	0.00535	0.00166	0.00292	0.34384	0.00390	0.00373
133	0.00497	0.00426	0.00426	0.00426	0.00568	0.00355	0.00319	0.00603	0.00958	0.01136	0.04259	0.04046	0.82433	0.01065	0.00497	0.00142	0.00213	0.00887	0.00390	0.00355
134	0.00843	0.02174	0.83048	0.01198	0.01819	0.00976	0.01553	0.01331	0.00888	0.01331	0.00754	0.00888	0.00533	0.00399	0.00399	0.00133	0.00621	0.00311	0.00178	0.00621
135	0.01090	0.01046	0.01674	0.02434	0.74455	0.04741	0.02593	0.03034	0.00994	0.02749	0.00805	0.01035	0.00667	0.00382	0.00416	0.00125	0.00512	0.00373	0.00218	0.00658
136	0.01809	0.00820	0.01038	0.00798	0.01124	0.00775	0.00658	0.19366	0.02733	0.63973	0.01517	0.01341	0.00973	0.00518	0.00422	0.00129	0.00380	0.00414	0.00497	0.00714
137	0.00650	0.00465	0.00645	0.00741	0.00827	0.00460	0.00629	0.00824	0.00943	0.01228	0.02268	0.16978	0.03577	0.01184	0.00573	0.00189	0.00363	0.66691	0.00388	0.00380
138	0.01014	0.00972	0.01658	0.11357	0.74035	0.00992	0.01277	0.01267	0.00945	0.01341	0.00786	0.01049	0.00655	0.00379	0.00417	0.00126	0.00506	0.00374	0.00206	0.00644
139	0.01099	0.78178	0.09289	0.00761	0.01144	0.01603	0.00792	0.01265	0.00857	0.01019	0.00599	0.00693	0.00539	0.00363	0.00281	0.00094	0.00465	0.00232	0.00180	0.00547

[dist]
# distance from previous block
# <min> <max>
0	1

[block]
# block no. 1 follows, 63 sequences, length 24
# corresponding to MSA columns:
# 184-207
name=unknown_B
#
# <colnr> <probs for GDERKNQSTAVLIFYWHMCP>
#	G	D	E	R	K	N	Q	S	T	A	V	L	I	F	Y	W	H	M	C	P
0	0.00976	0.00528	0.00641	0.00562	0.00752	0.00464	0.00439	0.01147	0.02980	0.27137	0.19862	0.04297	0.35036	0.00829	0.00468	0.00136	0.00259	0.00698	0.02305	0.00486
1	0.00920	0.00920	0.01288	0.01104	0.01104	0.01288	0.00920	0.01012	0.00644	0.01012	0.00552	0.00920	0.00552	0.00736	0.01380	0.00184	0.84457	0.00368	0.00184	0.00460
2	0.00599	0.00422	0.00523	0.00523	0.00558	0.00440	0.00344	0.00654	0.00659	0.00890	0.01495	0.02513	0.07791	0.53119	0.27246	0.00470	0.00615	0.00583	0.00256	0.00300
3	0.01598	0.01177	0.01262	0.00967	0.01304	0.01304	0.00799	0.81202	0.01976	0.02649	0.01009	0.01009	0.00715	0.00505	0.00421	0.00126	0.00463	0.00378	0.00421	0.00715
4	0.00571	0.00429	0.00528	0.00503	0.00613	0.00386	0.00378	0.00746	0.01133	0.01550	0.63100	0.03364	0.23333	0.00910	0.00496	0.00135	0.00202	0.00792	0.00445	0.00386
5	0.01140	0.01187	0.01610	0.02300	0.67393	0.16441	0.01201	0.01363	0.01001	0.01309	0.00764	0.00988	0.00643	0.00386	0.00409	0.00122	0.00548	0.00355	0.00210	0.00632
6	0.00812	0.00684	0.00849	0.00654	0.00961	0.00542	0.02856	0.01004	0.00928	0.01394	0.11543	0.01623	0.03212	0.00484	0.00371	0.00088	0.00313	0.07996	0.00292	0.63395
7	0.01521	0.01915	0.01189	0.01077	0.01283	0.76880	0.00813	0.01661	0.03590	0.01050	0.00677	0.00791	0.00564	0.00453	0.00431	0.00113	0.04996	0.00282	0.00221	0.00491
8	0.00899	0.00888	0.01593	0.45035	0.24362	0.00986	0.14988	0.01178	0.00892	0.01200	0.00770	0.01095	0.00602	0.00407	0.00464	0.00138	0.03374	0.00395	0.00197	0.00538
9	0.01533	0.01661	0.01148	0.01000	0.01244	0.56510	0.00769	0.18182	0.01342	0.06409	0.00996	0.01042	0.05353	0.00490	0.00397	0.00115	0.00640	0.00338	0.00288	0.00541
10	0.02690	0.00778	0.00942	0.00753	0.01042	0.01940	0.00610	0.09260	0.13765	0.46729	0.08723	0.01571	0.03117	0.00554	0.00422	0.00128	0.00349	0.00452	0.00465	0.05710
11	0.01010	0.00962	0.01636	0.02465	0.77853	0.00961	0.01238	0.01249	0.00948	0.01356	0.00879	0.05902	0.00788	0.00429	0.00423	0.00128	0.00485	0.00422	0.00219	0.00647
12	0.00978	0.01053	0.02189	0.01615	0.03399	0.00998	0.66378	0.04935	0.01047	0.01422	0.05953	0.01459	0.00950	0.00439	0.00496	0.00143	0.00644	0.05098	0.00248	0.00555
13	0.01030	0.01191	0.02395	0.01726	0.02138	0.06516	0.75771	0.01369	0.01005	0.01326	0.00837	0.01109	0.00631	0.00360	0.00488	0.00140	0.00712	0.00481	0.00213	0.00562
14	0.01691	0.00779	0.00986	0.00779	0.01085	0.00742	0.00636	0.08957	0.14441	0.60599	0.03637	0.01459	0.01125	0.00536	0.00425	0.00132	0.00359	0.00436	0.00495	0.00699
15	0.00532	0.00386	0.00526	0.03441	0.00704	0.00370	0.00434	0.00620	0.00816	0.01085	0.02258	0.77166	0.02683	0.01277	0.00535	0.00171	0.00263	0.06002	0.00383	0.00349
16	0.01075	0.47684	0.26065	0.00935	0.01366	0.01343	0.05781	0.01348	0.02338	0.06166	0.00736	0.00831	0.00588	0.00391	0.00351	0.00111	0.01824	0.00285	0.00207	0.00577
17	0.00850	0.00484	0.00640	0.00574	0.00716	0.00438	0.00440	0.01034	0.01170	0.18072	0.60842	0.06666	0.04766	0.00816	0.00483	0.00134	0.00233	0.00715	0.00470	0.00458
18	0.00506	0.00423	0.00437	0.00445	0.00574	0.00359	0.00330	0.00609	0.00937	0.01124	0.03990	0.08997	0.72834	0.03945	0.00557	0.00154	0.00226	0.02817	0.00386	0.00351
19	0.01003	0.00903	0.01383	0.04616	0.31735	0.00842	0.09088	0.03934	0.05295	0.03468	0.00857	0.01027	0.00687	0.00369	0.00386	0.00105	0.00439	0.00347	0.00250	0.33266
20	0.00664	0.00598	0.01051	0.00959	0.03775	0.00561	0.21215	0.00827	0.00882	0.01172	0.02036	0.48231	0.08467	0.01006	0.00522	0.00161	0.00380	0.06739	0.00338	0.00415
21	0.00511	0.00372	0.00482	0.00570	0.00606	0.00343	0.00383	0.00587	0.00820	0.01079	0.02508	0.76973	0.10636	0.01292	0.00533	0.00168	0.00241	0.01165	0.00390	0.00343
22	0.01018	0.00990	0.01732	0.08639	0.70526	0.00999	0.07336	0.01278	0.00951	0.01349	0.00792	0.01054	0.00656	0.00376	0.00423	0.00127	0.00520	0.00384	0.00207	0.00643
23	0.01148	0.10360	0.28573	0.01233	0.10861	0.04540	0.08407	0.05124	0.09696	0.13517	0.01934	0.01085	0.00762	0.00436	0.00404	0.00128	0.00521	0.00367	0.00278	0.00627

[dist]
# distance from previous block
# <min> <max>
0	2

[block]
# block no. 2 follows, 63 sequences, length 17
# corresponding to MSA columns:
# 210-226
name=unknown_C
#
# <colnr> <probs for GDERKNQSTAVLIFYWHMCP>
#	G	D	E	R	K	N	Q	S	T	A	V	L	I	F	Y	W	H	M	C	P
0	0.00936	0.00923	0.08609	0.00828	0.01028	0.06475	0.03606	0.08101	0.09480	0.05514	0.26129	0.02002	0.08020	0.03902	0.00649	0.00150	0.12251	0.00544	0.00353	0.00502
1	0.00576	0.00444	0.00541	0.00593	0.00703	0.00409	0.00481	0.00716	0.00945	0.01181	0.03166	0.13547	0.39076	0.01135	0.00537	0.00167	0.00291	0.34736	0.00389	0.00367
2	0.00909	0.00746	0.00876	0.00627	0.00999	0.00563	0.00503	0.01095	0.00884	0.04391	0.00781	0.00892	0.00638	0.00319	0.00315	0.00065	0.00313	0.00255	0.00259	0.84569
3	0.00507	0.00388	0.00465	0.00527	0.00594	0.00346	0.00364	0.00592	0.00861	0.01096	0.03033	0.55111	0.32159	0.01224	0.00522	0.00160	0.00232	0.01082	0.00390	0.00346
4	0.00868	0.07853	0.74431	0.01187	0.01783	0.01027	0.04524	0.01327	0.00889	0.01308	0.00746	0.00882	0.00537	0.00395	0.00394	0.00130	0.00613	0.00312	0.00179	0.00614
5	0.00810	0.00764	0.01290	0.78832	0.08152	0.00938	0.01176	0.01088	0.00848	0.01094	0.00750	0.01115	0.00567	0.00417	0.00420	0.00139	0.00556	0.00374	0.00188	0.00480
6	0.01803	0.00777	0.01006	0.00775	0.01095	0.00715	0.00639	0.14016	0.01320	0.68252	0.04017	0.01419	0.01080	0.00528	0.00425	0.00130	0.00369	0.00426	0.00503	0.00706
7	0.00949	0.01012	0.02036	0.16776	0.13933	0.01016	0.49139	0.01259	0.00947	0.01286	0.00866	0.01250	0.00694	0.00413	0.00504	0.00142	0.03496	0.03516	0.00213	0.00553
8	0.00677	0.00484	0.00677	0.00774	0.00871	0.00484	0.00677	0.00871	0.00968	0.01258	0.02226	0.04742	0.02419	0.01161	0.00581	0.00194	0.00387	0.79775	0.00387	0.00387
9	0.00840	0.00794	0.01343	0.69092	0.17662	0.00946	0.01190	0.01114	0.00862	0.01130	0.00755	0.01106	0.00580	0.00412	0.00420	0.00137	0.00549	0.00374	0.00191	0.00504
10	0.00526	0.00388	0.00492	0.00548	0.00606	0.00354	0.00380	0.00629	0.00905	0.01202	0.18135	0.55483	0.16439	0.01186	0.00522	0.00158	0.00230	0.01059	0.00404	0.00354
11	0.00907	0.00878	0.01537	0.45351	0.34056	0.00970	0.07895	0.01181	0.00899	0.01214	0.00773	0.01090	0.00608	0.00397	0.00425	0.00134	0.00549	0.00384	0.00197	0.00553
12	0.00588	0.00435	0.00520	0.00501	0.00620	0.00386	0.00378	0.00747	0.01087	0.03400	0.46789	0.05448	0.34096	0.00947	0.00497	0.00138	0.00213	0.02393	0.00433	0.00387
13	0.01006	0.00830	0.04065	0.00787	0.00998	0.04773	0.03622	0.16504	0.11696	0.07818	0.19843	0.11036	0.09416	0.00748	0.00482	0.00140	0.01946	0.03366	0.00400	0.00527
14	0.00690	0.00479	0.00564	0.00551	0.00647	0.00457	0.00390	0.07093	0.00977	0.04767	0.17228	0.24848	0.19323	0.19057	0.00850	0.00203	0.00286	0.00827	0.00383	0.00382
15	0.11335	0.03003	0.01128	0.02555	0.05572	0.02180	0.03209	0.23480	0.15800	0.14105	0.01107	0.01114	0.00808	0.00471	0.00410	0.00124	0.02226	0.00368	0.00362	0.10642
16	0.52193	0.02326	0.05429	0.02267	0.02255	0.09549	0.00629	0.09950	0.00959	0.07830	0.00752	0.00828	0.00562	0.00419	0.00316	0.00126	0.00410	0.00276	0.02406	0.00518

[dist]
# distance from previous block
# <min> <max>
2	4

[block]
# block no. 3 follows, 63 sequences, length 13
# corresponding to MSA columns:
# 231-243
name=unknown_D
#
# <colnr> <probs for GDERKNQSTAVLIFYWHMCP>
#	G	D	E	R	K	N	Q	S	T	A	V	L	I	F	Y	W	H	M	C	P
0	0.14562	0.00782	0.00988	0.00893	0.08294	0.00756	0.00659	0.05966	0.06152	0.51841	0.03877	0.01324	0.01008	0.00501	0.00400	0.00130	0.00364	0.00401	0.00441	0.00659
1	0.04483	0.00916	0.01434	0.31145	0.42297	0.03362	0.01147	0.01203	0.00901	0.01269	0.00755	0.01034	0.00611	0.00398	0.00428	0.00128	0.02566	0.00358	0.00205	0.05360
2	0.00960	0.00911	0.01529	0.11528	0.62758	0.00946	0.01180	0.01191	0.00917	0.01297	0.00911	0.08517	0.00837	0.00479	0.00470	0.00133	0.04163	0.00447	0.00221	0.00606
3	0.00621	0.00458	0.00617	0.08038	0.00866	0.00449	0.01651	0.00764	0.04037	0.03642	0.04867	0.48291	0.16316	0.01114	0.00561	0.04119	0.00287	0.02557	0.00368	0.00378
4	0.00866	0.00802	0.01325	0.35553	0.36730	0.00874	0.01080	0.01099	0.00889	0.01207	0.04391	0.01408	0.03382	0.07992	0.00577	0.00157	0.00494	0.00428	0.00220	0.00527
5	0.00961	0.33575	0.47196	0.01018	0.01520	0.01241	0.03208	0.01340	0.04105	0.01219	0.00731	0.00840	0.00568	0.00390	0.00354	0.00117	0.00547	0.00289	0.00189	0.00591
6	0.01114	0.01144	0.08872	0.05121	0.53705	0.03322	0.04394	0.11612	0.01086	0.03142	0.00826	0.01028	0.00658	0.00404	0.00432	0.00128	0.01751	0.00372	0.00238	0.00650
7	0.00622	0.00439	0.00525	0.00530	0.00638	0.00396	0.00391	0.00763	0.02215	0.05676	0.22740	0.21315	0.32328	0.04713	0.00576	0.00159	0.00243	0.04937	0.00410	0.00384
8	0.05282	0.00648	0.00758	0.00719	0.04398	0.03000	0.00524	0.06320	0.05691	0.10582	0.29982	0.12767	0.07435	0.00752	0.00450	0.00131	0.00296	0.01605	0.00402	0.08259
9	0.01061	0.00974	0.01646	0.02327	0.69914	0.00953	0.04456	0.01307	0.00963	0.04777	0.00826	0.01048	0.00677	0.00375	0.00412	0.00121	0.00488	0.00372	0.00224	0.07078
10	0.00563	0.00414	0.00557	0.00622	0.00673	0.00393	0.01971	0.02154	0.00848	0.01120	0.02317	0.64976	0.06967	0.04956	0.00607	0.00181	0.00278	0.09669	0.00381	0.00355
11	0.01255	0.00860	0.10584	0.00788	0.01073	0.00694	0.02851	0.06339	0.10401	0.33530	0.04252	0.09132	0.07005	0.00643	0.00436	0.00136	0.00367	0.02889	0.06171	0.00595
12	0.02773	0.02434	0.01143	0.01069	0.10710	0.04372	0.00771	0.24836	0.27678	0.11451	0.01308	0.01389	0.00993	0.00530	0.00420	0.00132	0.00414	0.04008	0.00388	0.03182

[dist]
# distance from previous block
# <min> <max>
1	2

[block]
# block no. 4 follows, 63 sequences, length 8
# corresponding to MSA columns:
# 246-253
name=unknown_E
#
# <colnr> <probs for GDERKNQSTAVLIFYWHMCP>
#	G	D	E	R	K	N	Q	S	T	A	V	L	I	F	Y	W	H	M	C	P
0	0.00646	0.00525	0.00624	0.00640	0.03967	0.02986	0.00461	0.00853	0.03935	0.01474	0.46082	0.06843	0.19950	0.00890	0.00491	0.00138	0.00254	0.06449	0.00415	0.02377
1	0.00862	0.07877	0.77514	0.01165	0.01769	0.01023	0.01496	0.01326	0.00885	0.01308	0.00743	0.00873	0.00533	0.00397	0.00391	0.00130	0.00610	0.00305	0.00178	0.00616
2	0.03829	0.03369	0.10547	0.01097	0.05236	0.11766	0.05781	0.19706	0.11630	0.04760	0.00970	0.02932	0.00766	0.00524	0.00561	0.00137	0.13677	0.00387	0.01735	0.00591
3	0.00871	0.10320	0.75144	0.01151	0.01747	0.01043	0.01472	0.01324	0.00884	0.01298	0.00738	0.00867	0.00533	0.00396	0.00387	0.00129	0.00604	0.00302	0.00178	0.00613
4	0.03331	0.21567	0.35422	0.01054	0.03647	0.16793	0.01094	0.05832	0.05204	0.01304	0.00755	0.00854	0.00587	0.00410	0.00365	0.00118	0.00572	0.00295	0.00215	0.00581
5	0.00759	0.00459	0.00740	0.09541	0.04068	0.00476	0.03476	0.00662	0.00611	0.00815	0.00739	0.01247	0.00706	0.01267	0.01423	0.71806	0.00404	0.00371	0.00185	0.00246
6	0.01045	0.37440	0.23959	0.00879	0.01262	0.08427	0.00922	0.04851	0.05294	0.01246	0.03409	0.01128	0.03837	0.00460	0.00354	0.00114	0.00495	0.02386	0.01938	0.00554
7	0.18798	0.09835	0.22980	0.00911	0.01286	0.11549	0.00902	0.17659	0.04702	0.04534	0.00893	0.00951	0.02392	0.00446	0.00364	0.00124	0.00498	0.00318	0.00277	0.00581

[dist]
# distance from previous block
# <min> <max>
0	1

[block]
# block no. 5 follows, 63 sequences, length 22
# corresponding to MSA columns:
# 255-276
name=unknown_F
#
# <colnr> <probs for GDERKNQSTAVLIFYWHMCP>
#	G	D	E	R	K	N	Q	S	T	A	V	L	I	F	Y	W	H	M	C	P
0	0.46713	0.17191	0.06046	0.00694	0.01010	0.02483	0.00630	0.08956	0.00936	0.10885	0.00758	0.00810	0.00568	0.00411	0.00306	0.00122	0.00391	0.00269	0.00284	0.00536
1	0.01109	0.01220	0.13596	0.03057	0.06220	0.06836	0.10049	0.10505	0.33198	0.03520	0.02377	0.01252	0.00935	0.00497	0.00463	0.00137	0.03661	0.00418	0.00325	0.00625
2	0.06845	0.00474	0.00573	0.00598	0.00700	0.00456	0.00431	0.00891	0.05011	0.10174	0.05228	0.51938	0.11448	0.01078	0.00494	0.00158	0.00264	0.02428	0.00400	0.00411
3	0.01146	0.03562	0.02440	0.00980	0.01202	0.27679	0.07999	0.04757	0.22113	0.01381	0.07021	0.01448	0.04176	0.00619	0.02470	0.00144	0.06068	0.02245	0.02017	0.00533
4	0.00548	0.00412	0.00505	0.00562	0.00638	0.00379	0.00415	0.00654	0.00883	0.01129	0.05102	0.35926	0.27902	0.06731	0.00637	0.00181	0.00272	0.16388	0.00383	0.00350
5	0.00669	0.00545	0.00607	0.00575	0.00722	0.00542	0.00436	0.01079	0.21323	0.01483	0.31031	0.05670	0.31961	0.00876	0.00480	0.00140	0.00239	0.00749	0.00425	0.00447
6	0.03250	0.00444	0.00482	0.00469	0.00567	0.00439	0.00336	0.02709	0.00867	0.07100	0.01533	0.11103	0.03431	0.16174	0.00676	0.00168	0.00261	0.00532	0.49064	0.00392
7	0.00549	0.00412	0.00513	0.00595	0.00630	0.01958	0.00401	0.00649	0.02520	0.01103	0.05277	0.76360	0.02718	0.03442	0.00571	0.00174	0.00258	0.01131	0.00387	0.00351
8	0.00554	0.00435	0.00466	0.00454	0.00593	0.00370	0.00342	0.00679	0.01008	0.03537	0.18527	0.03806	0.65739	0.01012	0.00495	0.00140	0.00214	0.00851	0.00407	0.00373
9	0.01134	0.77641	0.05727	0.00759	0.01123	0.05708	0.00761	0.01283	0.00872	0.01006	0.00595	0.00688	0.00539	0.00365	0.00281	0.00093	0.00473	0.00231	0.00182	0.00540
10	0.00872	0.00747	0.00872	0.00623	0.00996	0.00560	0.00498	0.01058	0.00872	0.01370	0.00747	0.00872	0.00623	0.00311	0.00311	0.00062	0.00311	0.00249	0.00249	0.87796
11	0.88196	0.00813	0.00618	0.00553	0.00813	0.00943	0.00455	0.01236	0.00715	0.01886	0.00585	0.00683	0.00455	0.00390	0.00260	0.00130	0.00325	0.00228	0.00260	0.00455
12	0.01068	0.01121	0.01456	0.03621	0.01422	0.17059	0.21519	0.08860	0.00983	0.01254	0.00857	0.05069	0.00768	0.03177	0.08452	0.00203	0.21941	0.00437	0.00236	0.00498
13	0.00603	0.00430	0.00576	0.00578	0.00619	0.00469	0.00403	0.00685	0.00651	0.00908	0.01243	0.04199	0.01303	0.39096	0.45800	0.00546	0.00789	0.00539	0.00242	0.00322
14	0.00871	0.00826	0.01401	0.58588	0.27919	0.00954	0.01206	0.01142	0.00877	0.01168	0.00761	0.01096	0.00593	0.00406	0.00419	0.00135	0.00541	0.00374	0.00193	0.00529
15	0.05787	0.04670	0.42018	0.00976	0.01395	0.04238	0.04881	0.02294	0.02957	0.06112	0.11051	0.04591	0.06177	0.00542	0.00416	0.00133	0.00492	0.00446	0.00271	0.00554
16	0.00532	0.00419	0.00482	0.00502	0.00610	0.00370	0.00374	0.00656	0.00973	0.01238	0.18729	0.19689	0.46030	0.01081	0.00510	0.00149	0.00229	0.06660	0.00404	0.00363
17	0.01140	0.66904	0.11338	0.00813	0.01188	0.10460	0.00825	0.01313	0.00895	0.01032	0.00611	0.00708	0.00539	0.00372	0.00296	0.00097	0.00503	0.00240	0.00184	0.00543
18	0.01087	0.10310	0.51850	0.01099	0.02674	0.01008	0.04364	0.04992	0.02795	0.14557	0.00920	0.00986	0.00646	0.00421	0.00396	0.00128	0.00549	0.00335	0.00251	0.00632
19	0.00564	0.00424	0.00532	0.00602	0.00673	0.00402	0.00444	0.00714	0.04230	0.01151	0.02665	0.49280	0.18693	0.01204	0.00533	0.00168	0.00270	0.16693	0.00391	0.00367
20	0.00603	0.00465	0.00570	0.00540	0.00648	0.00446	0.00411	0.00756	0.01057	0.02792	0.45323	0.06733	0.30310	0.00934	0.00559	0.00141	0.06118	0.00789	0.00416	0.00390
21	0.00963	0.00897	0.01365	0.47686	0.13630	0.02991	0.04984	0.09476	0.05699	0.01327	0.00826	0.01102	0.00636	0.00450	0.00487	0.00139	0.06192	0.00383	0.00230	0.00537

[dist]
# distance from previous block
# <min> <max>
1	7

[block]
# block no. 6 follows, 63 sequences, length 19
# corresponding to MSA columns:
# 284-302
name=unknown_G
#
# <colnr> <probs for GDERKNQSTAVLIFYWHMCP>
#	G	D	E	R	K	N	Q	S	T	A	V	L	I	F	Y	W	H	M	C	P
0	0.71858	0.00890	0.00699	0.01961	0.00899	0.06242	0.00506	0.05346	0.00834	0.03246	0.01923	0.00843	0.02534	0.00425	0.00291	0.00129	0.00360	0.00268	0.00275	0.00472
1	0.10133	0.01099	0.04500	0.01106	0.11047	0.09165	0.02669	0.17526	0.22201	0.08797	0.01115	0.01143	0.00833	0.00491	0.00444	0.00132	0.04356	0.00381	0.02241	0.00621
2	0.51538	0.00785	0.00754	0.00635	0.00903	0.00845	0.00520	0.06574	0.03386	0.22190	0.07340	0.01111	0.00919	0.00472	0.00335	0.00130	0.00332	0.00335	0.00357	0.00539
3	0.00738	0.00618	0.00894	0.02681	0.00974	0.01964	0.11666	0.02027	0.11059	0.02340	0.11868	0.24423	0.04912	0.11372	0.06038	0.00217	0.00417	0.05018	0.00347	0.00430
4	0.00548	0.00392	0.00503	0.00563	0.00605	0.00369	0.00387	0.00639	0.00851	0.01139	0.13702	0.51795	0.07002	0.13356	0.00763	0.00199	0.00269	0.06197	0.00381	0.00341
5	0.00843	0.02174	0.83048	0.01198	0.01819	0.00976	0.01553	0.01331	0.00888	0.01331	0.00754	0.00888	0.00533	0.00399	0.00399	0.00133	0.00621	0.00311	0.00178	0.00621
6	0.00537	0.00389	0.00507	0.00558	0.00613	0.00359	0.00388	0.00651	0.00933	0.01266	0.27177	0.54866	0.07874	0.01161	0.00522	0.00157	0.00228	0.01042	0.00413	0.00359
7	0.00533	0.00392	0.00502	0.00567	0.00624	0.00361	0.00400	0.00636	0.00892	0.01179	0.13620	0.56176	0.14770	0.01206	0.00528	0.00163	0.00243	0.06456	0.00400	0.00354
8	0.01426	0.13830	0.09519	0.00997	0.01319	0.31113	0.02317	0.28281	0.01367	0.03382	0.00809	0.00878	0.00620	0.00444	0.00381	0.00115	0.00581	0.00314	0.01718	0.00590
9	0.00532	0.00384	0.00529	0.00605	0.00641	0.00382	0.00420	0.00622	0.00776	0.01052	0.02054	0.66573	0.02399	0.01722	0.18854	0.00282	0.00439	0.01031	0.00354	0.00349
