[name]
unknown

[dist]
# distance from previous block
# <min> <max>
0	483

[block]
# block no. 0 follows, 65 sequences, length 38
# corresponding to MSA columns:
# 483-520
name=unknown_A
#
# <colnr> <probs for GDERKNQSTAVLIFYWHMCP>
#	G	D	E	R	K	N	Q	S	T	A	V	L	I	F	Y	W	H	M	C	P
0	0.00505	0.00361	0.00483	0.00577	0.00603	0.00339	0.00389	0.00580	0.00787	0.01050	0.02240	0.82254	0.02678	0.01316	0.02035	0.00176	0.00256	0.02660	0.00378	0.00335
1	0.01447	0.08092	0.01292	0.01182	0.09853	0.66681	0.00835	0.03865	0.01137	0.01083	0.00654	0.00770	0.00546	0.00414	0.00367	0.00107	0.00683	0.00275	0.00214	0.00504
2	0.00635	0.00466	0.00579	0.00613	0.00686	0.00464	0.00435	0.09168	0.03269	0.01265	0.07286	0.61809	0.05548	0.01225	0.04314	0.00180	0.00298	0.00991	0.00382	0.00386
3	0.01018	0.00855	0.01075	0.01050	0.11180	0.00925	0.05330	0.16454	0.35122	0.01751	0.12559	0.04838	0.03454	0.00597	0.00436	0.00135	0.00366	0.01881	0.00380	0.00593
4	0.00602	0.00425	0.00553	0.00518	0.00620	0.00390	0.00390	0.00793	0.01157	0.03169	0.79475	0.03055	0.05622	0.00838	0.00483	0.00129	0.00197	0.00739	0.00451	0.00392
5	0.00925	0.00873	0.01474	0.14910	0.62037	0.00898	0.01149	0.01155	0.00902	0.01265	0.00922	0.09895	0.00852	0.00469	0.00419	0.00129	0.00471	0.00450	0.00219	0.00587
6	0.00562	0.00412	0.00527	0.00513	0.00605	0.00377	0.00379	0.00733	0.01095	0.01523	0.65621	0.12916	0.11381	0.00912	0.00489	0.00134	0.00200	0.00805	0.00437	0.00377
7	0.00898	0.00898	0.01257	0.01078	0.01078	0.01257	0.00898	0.00988	0.00629	0.00988	0.00539	0.00898	0.00539	0.00718	0.01347	0.00180	0.84823	0.00359	0.00180	0.00449
8	0.00851	0.00730	0.00851	0.00608	0.00973	0.00547	0.00486	0.01034	0.00851	0.01338	0.00730	0.00851	0.00608	0.00304	0.00304	0.00061	0.00304	0.00243	0.00243	0.88083
9	0.03942	0.00426	0.00542	0.00524	0.00618	0.00401	0.00389	0.00766	0.01098	0.01579	0.69664	0.13165	0.03598	0.00877	0.00480	0.00134	0.00204	0.00775	0.00436	0.00383
10	0.00577	0.00419	0.00543	0.00512	0.00611	0.00385	0.00384	0.00766	0.01152	0.01622	0.79206	0.03107	0.07479	0.00848	0.00484	0.00130	0.00194	0.00748	0.00449	0.00385
11	0.00517	0.00377	0.00515	0.00634	0.03241	0.00354	0.00409	0.00594	0.00791	0.01057	0.02215	0.82600	0.02649	0.01256	0.00520	0.00165	0.00246	0.01141	0.00375	0.00344
12	0.00596	0.00400	0.00457	0.00457	0.00461	0.00403	0.00261	0.00603	0.00600	0.00803	0.01285	0.02637	0.01471	0.81807	0.05827	0.00410	0.00430	0.00590	0.00247	0.00254
13	0.00950	0.01081	0.02345	0.01680	0.02084	0.01012	0.78408	0.01287	0.00968	0.01307	0.00958	0.01216	0.03776	0.00373	0.00484	0.00138	0.00673	0.00499	0.00214	0.00546
14	0.00497	0.00416	0.00432	0.00428	0.00562	0.00351	0.00321	0.00611	0.00963	0.01173	0.13612	0.03844	0.73352	0.01015	0.00485	0.00137	0.00206	0.00851	0.00390	0.00351
15	0.00571	0.00419	0.00535	0.00506	0.00607	0.00383	0.00379	0.00755	0.01138	0.01590	0.74524	0.03159	0.12181	0.00860	0.00484	0.00130	0.00195	0.00755	0.00444	0.00383
16	0.01097	0.85821	0.02151	0.00702	0.01054	0.01624	0.00702	0.01229	0.00834	0.00966	0.00571	0.00658	0.00527	0.00351	0.00263	0.00088	0.00439	0.00219	0.00176	0.00527
17	0.01820	0.00734	0.00975	0.00747	0.01066	0.00656	0.00617	0.08277	0.01234	0.76937	0.01569	0.01365	0.00991	0.00507	0.00413	0.00127	0.00357	0.00409	0.00500	0.00699
18	0.00587	0.00436	0.00639	0.00639	0.00705	0.00502	0.00487	0.00719	0.00653	0.00937	0.01119	0.01719	0.01073	0.11278	0.75812	0.00634	0.01030	0.00455	0.00223	0.00355
19	0.00823	0.02123	0.83447	0.01170	0.01777	0.00953	0.01517	0.01300	0.00867	0.01300	0.00737	0.00867	0.00520	0.00390	0.00390	0.00130	0.00607	0.00303	0.00173	0.00607
20	0.00775	0.00730	0.01231	0.84587	0.02827	0.00912	0.01140	0.01049	0.00821	0.01049	0.00730	0.01094	0.00547	0.00410	0.00410	0.00137	0.00547	0.00365	0.00182	0.00456
21	0.00775	0.00730	0.01231	0.84587	0.02827	0.00912	0.01140	0.01049	0.00821	0.01049	0.00730	0.01094	0.00547	0.00410	0.00410	0.00137	0.00547	0.00365	0.00182	0.00456
22	0.06193	0.01596	0.01161	0.01157	0.11446	0.56149	0.00797	0.04081	0.02448	0.01191	0.00687	0.00803	0.00565	0.00405	0.00363	0.00105	0.00623	0.00279	0.00226	0.09722
23	0.01561	0.00779	0.04762	0.00925	0.09669	0.00655	0.00697	0.04062	0.01135	0.59357	0.05728	0.04481	0.01148	0.00528	0.00416	0.00127	0.00365	0.00443	0.00444	0.02718
24	0.01035	0.66615	0.20806	0.00810	0.01219	0.01470	0.00889	0.01245	0.00842	0.01042	0.00609	0.00706	0.00525	0.00360	0.00292	0.00097	0.00477	0.00239	0.00175	0.00545
25	0.01554	0.09907	0.01223	0.00843	0.01163	0.01097	0.00708	0.46958	0.03990	0.24603	0.01145	0.01094	0.00793	0.00484	0.00393	0.00120	0.00412	0.00369	0.02473	0.00671
26	0.00951	0.02865	0.03897	0.01084	0.01219	0.09332	0.11920	0.01206	0.09356	0.01145	0.03527	0.05495	0.00854	0.00666	0.01942	0.00162	0.43233	0.00429	0.00231	0.00485
27	0.00780	0.00876	0.09880	0.75812	0.02717	0.00916	0.01180	0.01075	0.00826	0.01075	0.00730	0.01070	0.00544	0.00408	0.00408	0.00136	0.00553	0.00358	0.00181	0.00472
28	0.00581	0.00420	0.00549	0.00516	0.00613	0.00387	0.00387	0.00775	0.01162	0.01646	0.82797	0.03066	0.03873	0.00839	0.00484	0.00129	0.00194	0.00742	0.00452	0.00387
29	0.00506	0.00422	0.00445	0.00454	0.00587	0.00361	0.00350	0.00621	0.00942	0.01133	0.05659	0.04003	0.72663	0.01045	0.00494	0.00144	0.00225	0.09215	0.00382	0.00351
30	0.88473	0.00794	0.00603	0.00540	0.00794	0.00921	0.00445	0.01207	0.00699	0.01842	0.00572	0.00667	0.00445	0.00381	0.00254	0.00127	0.00318	0.00222	0.00254	0.00445
31	0.01021	0.00882	0.00928	0.00835	0.01067	0.01021	0.00650	0.02181	0.82272	0.01717	0.01671	0.01532	0.01253	0.00557	0.00418	0.00139	0.00325	0.00464	0.00418	0.00650
32	0.00500	0.00357	0.00476	0.00572	0.00595	0.00333	0.00381	0.00572	0.00786	0.01048	0.02262	0.85306	0.02715	0.01286	0.00524	0.00167	0.00238	0.01167	0.00381	0.00333
33	0.00520	0.00371	0.00499	0.00594	0.00627	0.00351	0.00416	0.00606	0.00806	0.01070	0.02251	0.75354	0.02671	0.01267	0.00529	0.00169	0.00255	0.10923	0.00381	0.00339
34	0.88473	0.00794	0.00603	0.00540	0.00794	0.00921	0.00445	0.01207	0.00699	0.01842	0.00572	0.00667	0.00445	0.00381	0.00254	0.00127	0.00318	0.00222	0.00254	0.00445
35	0.01182	0.00970	0.01006	0.00856	0.01109	0.03164	0.00676	0.27228	0.50749	0.01934	0.01459	0.01418	0.02505	0.03271	0.00469	0.00142	0.00376	0.00440	0.00404	0.00642
36	0.00856	0.00546	0.00690	0.00602	0.00764	0.00517	0.01834	0.08612	0.02266	0.13162	0.48946	0.02697	0.12803	0.00773	0.00465	0.00130	0.00255	0.02030	0.01592	0.00462
37	0.01075	0.46058	0.31949	0.00877	0.01319	0.01270	0.00992	0.01336	0.00882	0.09750	0.00742	0.00813	0.00576	0.00382	0.00326	0.00107	0.00491	0.00271	0.00210	0.00574

[dist]
# distance from previous block
# <min> <max>
0	2

[block]
# block no. 1 follows, 65 sequences, length 14
# corresponding to MSA columns:
# 523-531,614-618
name=unknown_B
#
# <colnr> <probs for GDERKNQSTAVLIFYWHMCP>
#	G	D	E	R	K	N	Q	S	T	A	V	L	I	F	Y	W	H	M	C	P
0	0.01009	0.00954	0.01550	0.04936	0.69139	0.00980	0.01172	0.01380	0.12133	0.01383	0.00895	0.01089	0.00730	0.00394	0.00408	0.00125	0.00467	0.00379	0.00232	0.00644
1	0.82124	0.00879	0.00644	0.00578	0.00829	0.06983	0.00470	0.01238	0.00733	0.01781	0.00576	0.00672	0.00451	0.00384	0.00263	0.00125	0.00348	0.00225	0.00251	0.00447
2	0.00596	0.00465	0.00627	0.12093	0.00924	0.00458	0.00496	0.00784	0.01059	0.01439	0.51837	0.03061	0.17501	0.00836	0.00480	0.00136	0.00258	0.06164	0.00397	0.00389
3	0.00561	0.00419	0.00521	0.00496	0.00601	0.00379	0.00372	0.00736	0.01115	0.01535	0.66470	0.03250	0.20270	0.00881	0.00484	0.00131	0.00197	0.00768	0.00437	0.00379
4	0.00838	0.06497	0.79198	0.01146	0.01739	0.00988	0.01474	0.01296	0.00865	0.01283	0.00728	0.00856	0.00520	0.00388	0.00383	0.00128	0.00598	0.00299	0.00173	0.00602
5	0.00561	0.00419	0.00521	0.00496	0.00601	0.00379	0.00372	0.00737	0.01116	0.01536	0.66692	0.03247	0.20047	0.00880	0.00484	0.00131	0.00197	0.00768	0.00437	0.00379
6	0.01088	0.00909	0.00959	0.00839	0.01083	0.01038	0.00659	0.14690	0.66857	0.01834	0.01645	0.01526	0.03888	0.00563	0.00419	0.00137	0.00341	0.00463	0.00415	0.00647
7	0.01533	0.01956	0.01163	0.01058	0.01269	0.83926	0.00793	0.01639	0.01163	0.01005	0.00635	0.00740	0.00529	0.00423	0.00370	0.00106	0.00740	0.00264	0.00212	0.00476
8	0.00881	0.00494	0.00506	0.00464	0.00594	0.00512	0.00359	0.12714	0.01017	0.01684	0.01288	0.01451	0.01001	0.00480	0.00305	0.00100	0.00229	0.00381	0.75110	0.00429
9	0.00597	0.00398	0.00448	0.00448	0.00448	0.00398	0.00249	0.00597	0.00597	0.00796	0.01293	0.02686	0.01492	0.85574	0.02089	0.00398	0.00398	0.00597	0.00249	0.00249
10	0.04437	0.00505	0.00509	0.00466	0.00601	0.00527	0.00361	0.12079	0.01001	0.01689	0.01259	0.01420	0.00979	0.00476	0.00303	0.00101	0.00232	0.00374	0.72252	0.00429
11	0.00576	0.00416	0.00544	0.00520	0.00612	0.00384	0.00387	0.00762	0.01139	0.01610	0.77916	0.08050	0.03803	0.00866	0.00487	0.00131	0.00196	0.00768	0.00448	0.00384
12	0.00803	0.00678	0.00800	0.00603	0.00921	0.00518	0.00472	0.00970	0.00842	0.01298	0.00941	0.12483	0.00898	0.00439	0.00334	0.00075	0.00295	0.00370	0.00262	0.75998
13	0.00898	0.00898	0.01257	0.01078	0.01078	0.01257	0.00898	0.00988	0.00629	0.00988	0.00539	0.00898	0.00539	0.00718	0.01347	0.00180	0.84823	0.00359	0.00180	0.00449

[dist]
# distance from previous block
# <min> <max>
0	3

[block]
# block no. 2 follows, 65 sequences, length 56
# corresponding to MSA columns:
# 628-683
name=unknown_C
#
# <colnr> <probs for GDERKNQSTAVLIFYWHMCP>
#	G	D	E	R	K	N	Q	S	T	A	V	L	I	F	Y	W	H	M	C	P
0	0.15477	0.00909	0.01409	0.02056	0.64058	0.00926	0.01063	0.01208	0.00896	0.01409	0.00958	0.01148	0.05927	0.00412	0.00386	0.00124	0.00441	0.00374	0.00223	0.00597
1	0.00992	0.01887	0.69775	0.01097	0.01656	0.00895	0.01365	0.01416	0.00918	0.14890	0.00883	0.00955	0.00602	0.00410	0.00394	0.00130	0.00564	0.00321	0.00229	0.00622
2	0.00991	0.06418	0.01044	0.00855	0.00994	0.14685	0.00685	0.11429	0.05942	0.01224	0.00917	0.02564	0.00822	0.03417	0.28571	0.00317	0.18020	0.00388	0.00247	0.00469
3	0.01179	0.19774	0.30723	0.00929	0.01355	0.01949	0.00987	0.19879	0.02866	0.11032	0.02057	0.00954	0.00687	0.00426	0.00369	0.00116	0.00484	0.00320	0.00279	0.03633
4	0.01160	0.41921	0.19131	0.00867	0.01260	0.01354	0.00891	0.24226	0.01162	0.01515	0.02556	0.00850	0.00649	0.00411	0.00337	0.00108	0.00473	0.00292	0.00248	0.00590
5	0.00929	0.01003	0.03687	0.01490	0.06968	0.01008	0.46545	0.01274	0.07114	0.01284	0.00981	0.01463	0.00839	0.00509	0.00624	0.00149	0.14560	0.08807	0.00236	0.00533
6	0.00565	0.00419	0.00527	0.00500	0.00604	0.00381	0.00375	0.00744	0.01124	0.01557	0.69763	0.03213	0.16962	0.00872	0.00484	0.00131	0.00196	0.00763	0.00440	0.00381
7	0.00862	0.20134	0.60481	0.01030	0.01544	0.01059	0.01267	0.01238	0.00854	0.01211	0.00799	0.06278	0.00663	0.00439	0.00371	0.00123	0.00547	0.00341	0.00187	0.00572
8	0.01619	0.00642	0.00874	0.00704	0.00973	0.00559	0.00566	0.01764	0.01110	0.69666	0.01726	0.15304	0.01298	0.00637	0.00431	0.00134	0.00331	0.00538	0.00487	0.00638
9	0.00916	0.30548	0.55837	0.01011	0.01531	0.01181	0.01240	0.01276	0.00856	0.01186	0.00680	0.00796	0.00522	0.00377	0.00347	0.00116	0.00550	0.00275	0.00174	0.00580
10	0.00498	0.00364	0.00469	0.00552	0.00590	0.00335	0.00372	0.00574	0.00804	0.01055	0.02497	0.75248	0.12622	0.01256	0.00519	0.00163	0.00234	0.01130	0.00381	0.00335
11	0.05479	0.01198	0.01141	0.06567	0.14802	0.25172	0.00813	0.16211	0.12453	0.02593	0.05922	0.03916	0.00959	0.00497	0.00400	0.00123	0.00500	0.00394	0.00300	0.00560
12	0.00587	0.00438	0.00652	0.00652	0.00723	0.00509	0.00504	0.00728	0.00658	0.00947	0.01106	0.01650	0.01042	0.05923	0.81125	0.00651	0.01075	0.00445	0.00221	0.00362
13	0.13541	0.14820	0.01104	0.00700	0.01014	0.00816	0.00598	0.01764	0.01053	0.58536	0.01303	0.01175	0.00857	0.00465	0.00366	0.00121	0.00360	0.00355	0.00418	0.00635
14	0.01047	0.00886	0.00966	0.00967	0.07461	0.15335	0.04351	0.10444	0.01105	0.09363	0.02600	0.11335	0.06746	0.00784	0.00472	0.00147	0.00442	0.24717	0.00345	0.00486
15	0.01099	0.78313	0.07298	0.00733	0.01099	0.01555	0.00752	0.01253	0.00845	0.03094	0.00608	0.00691	0.00539	0.00358	0.00275	0.00091	0.00447	0.00230	0.00184	0.00536
16	0.00583	0.00417	0.00567	0.00636	0.00704	0.00401	0.00498	0.00727	0.00926	0.01242	0.18308	0.35713	0.02801	0.01134	0.00534	0.00168	0.00287	0.33598	0.00394	0.00363
17	0.02376	0.00429	0.00594	0.00612	0.00666	0.00474	0.00448	0.00689	0.00680	0.00971	0.01377	0.21018	0.01464	0.14596	0.49900	0.00490	0.01986	0.00625	0.00261	0.00345
18	0.00952	0.23881	0.52736	0.01102	0.05675	0.01150	0.01243	0.06471	0.00930	0.01298	0.00711	0.00827	0.00540	0.00385	0.00359	0.00118	0.00547	0.00289	0.00191	0.00594
19	0.00537	0.00382	0.00513	0.00604	0.00641	0.00364	0.00432	0.00629	0.00810	0.01074	0.02203	0.65397	0.02591	0.04894	0.00600	0.00181	0.00273	0.17162	0.00375	0.00339
20	0.01496	0.01613	0.01069	0.00959	0.01174	0.63000	0.00725	0.01608	0.01136	0.14649	0.00975	0.06379	0.02440	0.00506	0.00389	0.00114	0.00632	0.00360	0.00275	0.00501
21	0.00879	0.00888	0.01585	0.33242	0.07509	0.01003	0.25240	0.01195	0.06104	0.01182	0.00829	0.03107	0.00673	0.00468	0.00587	0.00144	0.14221	0.00426	0.00211	0.00507
22	0.00806	0.00765	0.01272	0.40746	0.27110	0.00836	0.04500	0.01043	0.00881	0.01160	0.01334	0.02564	0.14249	0.00509	0.00426	0.00133	0.00475	0.00463	0.00225	0.00500
23	0.00784	0.00466	0.00607	0.00545	0.00681	0.00420	0.00418	0.00966	0.01149	0.15144	0.64261	0.02847	0.08503	0.00797	0.00472	0.00129	0.00220	0.00696	0.00457	0.00436
24	0.01376	0.01705	0.01080	0.00992	0.01180	0.70101	0.00747	0.01489	0.01080	0.00996	0.00712	0.00885	0.00611	0.00863	0.14222	0.00198	0.00800	0.00293	0.00213	0.00458
25	0.01279	0.00846	0.01073	0.03744	0.11293	0.00800	0.00703	0.18793	0.04320	0.22540	0.01898	0.01097	0.00793	0.00423	0.00377	0.00105	0.00378	0.00347	0.00349	0.28840
26	0.01191	0.01175	0.01911	0.01411	0.01776	0.09089	0.48898	0.19696	0.04883	0.04419	0.00912	0.01073	0.00673	0.00402	0.00451	0.00131	0.00614	0.00434	0.00274	0.00588
27	0.00823	0.02123	0.83447	0.01170	0.01777	0.00953	0.01517	0.01300	0.00867	0.01300	0.00737	0.00867	0.00520	0.00390	0.00390	0.00130	0.00607	0.00303	0.00173	0.00607
28	0.01330	0.01309	0.02129	0.01329	0.20062	0.31208	0.03536	0.15151	0.04003	0.08565	0.00968	0.06784	0.00807	0.00490	0.00405	0.00121	0.00547	0.00396	0.00288	0.00573
29	0.00509	0.00417	0.00449	0.00441	0.00569	0.00357	0.00331	0.00636	0.00993	0.01244	0.23970	0.03728	0.62951	0.00989	0.00485	0.00136	0.00204	0.00835	0.00399	0.00357
30	0.00562	0.00407	0.00530	0.00524	0.00608	0.00375	0.00383	0.00728	0.01079	0.01508	0.63992	0.19562	0.06333	0.00935	0.00492	0.00137	0.00203	0.00832	0.00435	0.00375
31	0.88473	0.00794	0.00603	0.00540	0.00794	0.00921	0.00445	0.01207	0.00699	0.01842	0.00572	0.00667	0.00445	0.00381	0.00254	0.00127	0.00318	0.00222	0.00254	0.00445
32	0.00713	0.00357	0.00535	0.00535	0.00535	0.00357	0.00357	0.00535	0.00535	0.00713	0.00713	0.01248	0.00713	0.01426	0.01604	0.88057	0.00357	0.00357	0.00178	0.00178
33	0.00694	0.00363	0.00520	0.00520	0.00520	0.00363	0.00339	0.00545	0.00545	0.00727	0.00809	0.01486	0.00842	0.15373	0.01685	0.73529	0.00363	0.00396	0.00190	0.00190
34	0.01795	0.00773	0.00999	0.00766	0.01085	0.00714	0.00633	0.15201	0.01300	0.69921	0.01514	0.01329	0.00963	0.00506	0.00412	0.00126	0.00366	0.00406	0.00492	0.00698
35	0.01021	0.00882	0.00928	0.00835	0.01067	0.01021	0.00650	0.02181	0.82272	0.01717	0.01671	0.01532	0.01253	0.00557	0.00418	0.00139	0.00325	0.00464	0.00418	0.00650
36	0.88473	0.00794	0.00603	0.00540	0.00794	0.00921	0.00445	0.01207	0.00699	0.01842	0.00572	0.00667	0.00445	0.00381	0.00254	0.00127	0.00318	0.00222	0.00254	0.00445
37	0.01213	0.03116	0.03360	0.14959	0.04175	0.42847	0.03173	0.01376	0.01727	0.01837	0.00667	0.00873	0.00556	0.00500	0.01390	0.00133	0.17099	0.00314	0.00203	0.00482
38	0.00896	0.04967	0.64368	0.01084	0.01611	0.00979	0.01316	0.01464	0.14366	0.03743	0.00911	0.00985	0.00656	0.00420	0.00391	0.00130	0.00546	0.00330	0.00224	0.00614
39	0.00565	0.00419	0.00527	0.00500	0.00604	0.00381	0.00375	0.00744	0.01124	0.01557	0.69763	0.03213	0.16962	0.00872	0.00484	0.00131	0.00196	0.00763	0.00440	0.00381
40	0.01110	0.00926	0.00979	0.00853	0.01101	0.01063	0.00671	0.15351	0.68956	0.01861	0.01557	0.01441	0.01161	0.00546	0.00417	0.00137	0.00346	0.00448	0.00417	0.00658
41	0.01278	0.01281	0.01031	0.00901	0.01137	0.30609	0.00699	0.18675	0.29248	0.01603	0.01309	0.01290	0.06145	0.00525	0.00401	0.00123	0.00489	0.00397	0.02288	0.00572
42	0.01050	0.00864	0.01245	0.01040	0.01113	0.01121	0.04497	0.01164	0.00735	0.14644	0.00744	0.01007	0.00633	0.00723	0.03111	0.00180	0.65022	0.00376	0.00236	0.00493
43	0.01607	0.01075	0.01186	0.00909	0.01236	0.01162	0.00751	0.68445	0.01805	0.15964	0.01091	0.01054	0.00751	0.00495	0.00411	0.00124	0.00435	0.00377	0.00427	0.00698
44	0.01361	0.01041	0.01074	0.00854	0.01124	0.06419	0.00691	0.58423	0.01690	0.03299	0.14545	0.01369	0.01243	0.02348	0.00453	0.00128	0.00419	0.00430	0.02475	0.00615
45	0.00679	0.00728	0.14304	0.00635	0.00834	0.00507	0.00585	0.00940	0.03777	0.05053	0.53894	0.04007	0.10914	0.00768	0.00464	0.00131	0.00275	0.00665	0.00399	0.00441
46	0.00488	0.00406	0.00426	0.00442	0.00561	0.00344	0.00323	0.00586	0.00911	0.01099	0.03844	0.17434	0.69566	0.01080	0.00492	0.00143	0.00213	0.00916	0.00381	0.00344
47	0.00898	0.00898	0.01257	0.01078	0.01078	0.01257	0.00898	0.00988	0.00629	0.00988	0.00539	0.00898	0.00539	0.00718	0.01347	0.00180	0.84823	0.00359	0.00180	0.00449
48	0.00851	0.10452	0.75357	0.01123	0.01705	0.01020	0.01436	0.01293	0.00863	0.01267	0.00720	0.00846	0.00521	0.00386	0.00377	0.00126	0.00590	0.00295	0.00174	0.00599
49	0.00587	0.00438	0.00651	0.00651	0.00721	0.00508	0.00502	0.00727	0.00657	0.00946	0.01108	0.01659	0.01046	0.06640	0.80414	0.00648	0.01069	0.00447	0.00221	0.00361
50	0.00586	0.00440	0.00660	0.00660	0.00733	0.00513	0.00513	0.00733	0.00660	0.00953	0.01100	0.01613	0.01026	0.03079	0.83947	0.00660	0.01100	0.00440	0.00220	0.00367
51	0.01469	0.00788	0.00972	0.00811	0.03852	0.00773	0.00633	0.25990	0.01369	0.39596	0.10458	0.04369	0.05852	0.00590	0.00427	0.00128	0.00357	0.00485	0.00450	0.00631
52	0.00753	0.00691	0.01149	0.74901	0.02576	0.00851	0.01060	0.01010	0.00823	0.01063	0.00887	0.06661	0.00756	0.00492	0.00421	0.00140	0.00515	0.03068	0.01738	0.00444
53	0.00847	0.01955	0.70018	0.01263	0.01838	0.00967	0.14777	0.01302	0.00884	0.01302	0.00752	0.00907	0.00537	0.00383	0.00406	0.00131	0.00621	0.00333	0.00179	0.00598
54	0.00765	0.00383	0.00383	0.00383	0.00478	0.00383	0.00287	0.00956	0.00861	0.01530	0.01339	0.01530	0.01052	0.00478	0.00287	0.00096	0.00191	0.00383	0.87853	0.00383
55	0.01271	0.01408	0.01260	0.06962	0.06403	0.41845	0.06052	0.04302	0.03527	0.04700	0.03738	0.00978	0.00717	0.00488	0.00553	0.00127	0.14584	0.00341	0.00238	0.00505

[dist]
# distance from previous block
# <min> <max>
0	2

[block]
# block no. 3 follows, 65 sequences, length 13
# corresponding to MSA columns:
# 686-695,703-705
name=unknown_D
#
# <colnr> <probs for GDERKNQSTAVLIFYWHMCP>
#	G	D	E	R	K	N	Q	S	T	A	V	L	I	F	Y	W	H	M	C	P
0	0.01397	0.06437	0.08009	0.01111	0.01385	0.62501	0.08804	0.03539	0.01121	0.01096	0.00667	0.00788	0.00541	0.00411	0.00378	0.00110	0.00701	0.00289	0.00211	0.00502
1	0.00851	0.00730	0.00851	0.00608	0.00973	0.00547	0.00486	0.01034	0.00851	0.01338	0.00730	0.00851	0.00608	0.00304	0.00304	0.00061	0.00304	0.00243	0.00243	0.88083
2	0.00552	0.00413	0.00512	0.00499	0.00598	0.00373	0.00370	0.00713	0.01074	0.01467	0.57302	0.11370	0.21389	0.00928	0.00488	0.00135	0.00201	0.00812	0.00429	0.00373
3	0.00898	0.00898	0.01257	0.01078	0.01078	0.01257	0.00898	0.00988	0.00629	0.00988	0.00539	0.00898	0.00539	0.00718	0.01347	0.00180	0.84823	0.00359	0.00180	0.00449
4	0.00534	0.00385	0.00509	0.00571	0.00623	0.00360	0.00407	0.00647	0.00896	0.01211	0.21694	0.55435	0.05352	0.01157	0.00517	0.00159	0.00240	0.08554	0.00398	0.00351
5	0.00951	0.00812	0.00868	0.00800	0.01004	0.00929	0.00614	0.01966	0.71385	0.01628	0.01750	0.12724	0.01448	0.00654	0.00432	0.00143	0.00313	0.00558	0.00413	0.00607
6	0.00547	0.00392	0.00522	0.00569	0.00627	0.00368	0.00411	0.00677	0.00946	0.01295	0.33111	0.45843	0.03124	0.01100	0.00513	0.00154	0.00235	0.08800	0.00408	0.00358
7	0.01097	0.85821	0.02151	0.00702	0.01054	0.01624	0.00702	0.01229	0.00834	0.00966	0.00571	0.00658	0.00527	0.00351	0.00263	0.00088	0.00439	0.00219	0.00176	0.00527
8	0.01047	0.00895	0.00943	0.00841	0.01077	0.01033	0.00656	0.05959	0.78452	0.01758	0.01638	0.01506	0.01227	0.00554	0.00417	0.00138	0.00331	0.00460	0.00417	0.00652
9	0.04406	0.01070	0.01072	0.00889	0.01165	0.06327	0.00712	0.38885	0.37118	0.02079	0.01250	0.01199	0.00922	0.00513	0.00406	0.00129	0.00409	0.00399	0.00396	0.00654
10	0.00508	0.00363	0.00485	0.00580	0.00607	0.00340	0.00394	0.00585	0.00793	0.01056	0.02258	0.81499	0.02698	0.01279	0.00526	0.00168	0.00245	0.04898	0.00381	0.00336
11	0.01114	0.03091	0.05370	0.09526	0.07175	0.00896	0.32281	0.04226	0.05281	0.17892	0.02393	0.04081	0.02136	0.00470	0.00444	0.00135	0.00520	0.02096	0.00297	0.00575
12	0.50123	0.06773	0.00908	0.00722	0.00978	0.23438	0.00582	0.05508	0.00922	0.05859	0.00665	0.00741	0.00516	0.00403	0.00302	0.00118	0.00449	0.00251	0.00259	0.00485

[dist]
# distance from previous block
# <min> <max>
0	1

[block]
# block no. 4 follows, 65 sequences, length 49
# corresponding to MSA columns:
# 707-755
name=unknown_E
#
# <colnr> <probs for GDERKNQSTAVLIFYWHMCP>
#	G	D	E	R	K	N	Q	S	T	A	V	L	I	F	Y	W	H	M	C	P
0	0.27632	0.05504	0.11488	0.00771	0.01092	0.02014	0.00703	0.09828	0.17991	0.14170	0.01032	0.01025	0.00748	0.00446	0.00350	0.00125	0.00386	0.00329	0.00328	0.04039
1	0.00877	0.00883	0.01245	0.60011	0.05391	0.08905	0.01072	0.01103	0.00827	0.01046	0.00691	0.01026	0.00548	0.00460	0.00558	0.00140	0.14214	0.00354	0.00186	0.00464
2	0.00661	0.00472	0.00661	0.00756	0.00850	0.00472	0.00661	0.00850	0.00945	0.01228	0.02173	0.04630	0.02362	0.01134	0.00567	0.00189	0.00378	0.80250	0.00378	0.00378
3	0.67784	0.00894	0.00707	0.00617	0.00876	0.08994	0.00501	0.01361	0.00811	0.13218	0.00725	0.00777	0.00533	0.00403	0.00288	0.00125	0.00363	0.00253	0.00286	0.00483
4	0.00555	0.00441	0.00506	0.00539	0.00637	0.00414	0.00392	0.00756	0.08837	0.01166	0.05463	0.36523	0.36299	0.01090	0.00498	0.00152	0.00239	0.04732	0.00387	0.00374
5	0.00930	0.00882	0.01497	0.30204	0.54506	0.00944	0.01203	0.01183	0.00895	0.01246	0.00768	0.01051	0.00622	0.00383	0.00406	0.00126	0.00503	0.00366	0.01705	0.00580
6	0.11391	0.00686	0.00873	0.00698	0.00980	0.00627	0.00568	0.03532	0.01100	0.64362	0.01551	0.09513	0.01111	0.00570	0.00406	0.00131	0.00337	0.00464	0.00465	0.00634
7	0.00588	0.00434	0.00630	0.00630	0.00693	0.00497	0.00476	0.00714	0.00651	0.00931	0.01127	0.01763	0.01091	0.14605	0.72510	0.00623	0.01001	0.00462	0.00224	0.00350
8	0.00589	0.00411	0.00523	0.00514	0.00604	0.00382	0.00384	0.00765	0.01073	0.01531	0.59688	0.12363	0.06472	0.00873	0.00472	0.00133	0.00206	0.03651	0.08986	0.00379
9	0.01063	0.00764	0.00678	0.00609	0.00756	0.14856	0.00472	0.06538	0.01001	0.09477	0.01177	0.01310	0.00906	0.00486	0.00381	0.00107	0.05084	0.00363	0.53518	0.00454
10	0.00665	0.00454	0.00576	0.00533	0.00652	0.00421	0.00404	0.00886	0.04327	0.06473	0.67680	0.02986	0.10717	0.00826	0.00477	0.00130	0.00209	0.00723	0.00448	0.00413
11	0.01033	0.00892	0.01293	0.02697	0.03435	0.03698	0.19755	0.08307	0.01016	0.07656	0.02334	0.02463	0.00742	0.00381	0.00379	0.00097	0.00434	0.00356	0.00272	0.42760
12	0.00555	0.00422	0.00512	0.00565	0.00630	0.00407	0.00391	0.00740	0.08786	0.01136	0.05409	0.57587	0.15769	0.04353	0.00565	0.00167	0.00246	0.01012	0.00382	0.00365
13	0.88473	0.00794	0.00603	0.00540	0.00794	0.00921	0.00445	0.01207	0.00699	0.01842	0.00572	0.00667	0.00445	0.00381	0.00254	0.00127	0.00318	0.00222	0.00254	0.00445
14	0.00581	0.00420	0.00549	0.00516	0.00613	0.00387	0.00387	0.00775	0.01162	0.01646	0.82797	0.03066	0.03873	0.00839	0.00484	0.00129	0.00194	0.00742	0.00452	0.00387
15	0.00851	0.00730	0.00851	0.00608	0.00973	0.00547	0.00486	0.01034	0.00851	0.01338	0.00730	0.00851	0.00608	0.00304	0.00304	0.00061	0.00304	0.00243	0.00243	0.88083
16	0.44504	0.01154	0.00924	0.06440	0.06469	0.24457	0.00672	0.06016	0.02382	0.01549	0.00656	0.00776	0.00519	0.00408	0.00334	0.00122	0.01619	0.00268	0.00245	0.00486
17	0.83742	0.00798	0.00637	0.03603	0.00876	0.00927	0.00476	0.02629	0.00725	0.01826	0.00585	0.00688	0.00453	0.00384	0.00262	0.00127	0.00328	0.00230	0.00254	0.00449
18	0.01027	0.00982	0.01546	0.02240	0.69173	0.02682	0.01160	0.01404	0.13013	0.01390	0.00903	0.01087	0.00737	0.00395	0.00407	0.00124	0.00469	0.00378	0.00235	0.00647
19	0.01059	0.00968	0.01588	0.01360	0.11249	0.00983	0.30921	0.16190	0.15529	0.02739	0.05437	0.03261	0.01048	0.00494	0.00450	0.00135	0.00498	0.03814	0.00310	0.01967
20	0.88473	0.00794	0.00603	0.00540	0.00794	0.00921	0.00445	0.01207	0.00699	0.01842	0.00572	0.00667	0.00445	0.00381	0.00254	0.00127	0.00318	0.00222	0.00254	0.00445
21	0.00945	0.00629	0.00637	0.00572	0.00721	0.03872	0.00440	0.20530	0.01116	0.01662	0.01448	0.09684	0.05700	0.00630	0.00410	0.03800	0.00289	0.00478	0.45990	0.00448
22	0.00661	0.00472	0.00661	0.00756	0.00850	0.00472	0.00661	0.00850	0.00945	0.01228	0.02173	0.04630	0.02362	0.01134	0.00567	0.00189	0.00378	0.80250	0.00378	0.00378
23	0.00597	0.00398	0.00448	0.00448	0.00448	0.00398	0.00249	0.00597	0.00597	0.00796	0.01293	0.02686	0.01492	0.85574	0.02089	0.00398	0.00398	0.00597	0.00249	0.00249
24	0.01000	0.00863	0.00908	0.00819	0.01047	0.00995	0.00636	0.02119	0.79078	0.01693	0.01768	0.01626	0.04457	0.00576	0.00420	0.00139	0.00320	0.00480	0.00416	0.00638
25	0.00909	0.00808	0.01013	0.07314	0.01211	0.03931	0.06919	0.08139	0.00959	0.01382	0.00906	0.09157	0.00815	0.00433	0.00360	0.00090	0.00377	0.00374	0.00263	0.54638
26	0.00601	0.00440	0.00497	0.00483	0.00614	0.00388	0.00362	0.00755	0.03260	0.05982	0.21219	0.11496	0.50469	0.00975	0.00483	0.00139	0.00219	0.00831	0.00405	0.00383
27	0.01005	0.08815	0.04723	0.02083	0.20410	0.08360	0.03315	0.04526	0.00946	0.01321	0.00730	0.00879	0.00603	0.00348	0.00345	0.00090	0.00433	0.00288	0.00227	0.40553
28	0.00664	0.00445	0.00578	0.00549	0.00661	0.00414	0.00424	0.00863	0.02154	0.06175	0.63935	0.03122	0.07418	0.00849	0.00484	0.00135	0.00223	0.08496	0.02006	0.00405
29	0.04240	0.13743	0.45469	0.01164	0.01657	0.01065	0.17398	0.04096	0.02224	0.04085	0.00779	0.00910	0.00573	0.00385	0.00388	0.00125	0.00571	0.00333	0.00207	0.00585
30	0.00558	0.00433	0.00507	0.00504	0.00615	0.00394	0.00377	0.01976	0.02661	0.01349	0.34123	0.13766	0.36262	0.00978	0.00490	0.00140	0.00219	0.03864	0.00410	0.00373
31	0.00886	0.00763	0.00918	0.01679	0.02791	0.00840	0.05206	0.04655	0.47015	0.01533	0.05482	0.04242	0.12432	0.00882	0.08605	0.00189	0.00408	0.00543	0.00375	0.00554
32	0.00867	0.00496	0.00537	0.00496	0.00623	0.00519	0.00384	0.11525	0.00982	0.03043	0.01269	0.01466	0.01002	0.00793	0.10351	0.00168	0.00337	0.00388	0.64325	0.00428
33	0.09182	0.00474	0.00654	0.00648	0.00739	0.00553	0.00506	0.00779	0.00664	0.01040	0.01048	0.01520	0.00969	0.02815	0.75762	0.00608	0.01023	0.00419	0.00223	0.00374
34	0.01003	0.19905	0.44874	0.01071	0.01549	0.04616	0.07254	0.09195	0.04397	0.01360	0.00767	0.00874	0.00578	0.00397	0.00372	0.00120	0.00556	0.00311	0.00211	0.00591
35	0.00988	0.00750	0.00883	0.00639	0.00997	0.00594	0.00514	0.05667	0.00944	0.09424	0.00831	0.00912	0.00653	0.00335	0.00321	0.00071	0.00317	0.00267	0.00279	0.74617
36	0.00823	0.02123	0.83447	0.01170	0.01777	0.00953	0.01517	0.01300	0.00867	0.01300	0.00737	0.00867	0.00520	0.00390	0.00390	0.00130	0.00607	0.00303	0.00173	0.00607
37	0.00617	0.00499	0.00559	0.00530	0.00668	0.00481	0.00401	0.00942	0.15250	0.01431	0.35349	0.03172	0.36818	0.00875	0.00473	0.00135	0.00223	0.00746	0.00416	0.00416
38	0.00608	0.00448	0.00559	0.00528	0.00624	0.00431	0.00388	0.00839	0.06481	0.01518	0.63265	0.02931	0.06583	0.10770	0.02103	0.00171	0.00242	0.00707	0.00419	0.00387
39	0.66347	0.00770	0.00693	0.00588	0.00859	0.00840	0.00485	0.01409	0.00820	0.22647	0.00839	0.00853	0.00591	0.00413	0.00295	0.00127	0.00326	0.00271	0.00319	0.00509
40	0.00520	0.00379	0.00494	0.00574	0.00621	0.00353	0.00406	0.00614	0.00835	0.01099	0.05608	0.63865	0.11498	0.01224	0.00523	0.00165	0.00249	0.10248	0.00383	0.00342
41	0.00960	0.00999	0.01892	0.23145	0.12477	0.02279	0.42001	0.05192	0.00962	0.01294	0.00789	0.01072	0.00606	0.00389	0.00486	0.00136	0.04145	0.00424	0.00209	0.00542
42	0.00584	0.00457	0.00611	0.00655	0.00683	0.00493	0.00467	0.02391	0.00793	0.01082	0.03263	0.69492	0.02363	0.01176	0.00644	0.00167	0.12945	0.01022	0.00353	0.00360
43	0.00805	0.00432	0.00483	0.00483	0.00589	0.00429	0.00371	0.03883	0.00914	0.05766	0.01546	0.13011	0.01388	0.00652	0.00357	0.00117	0.00234	0.08300	0.59836	0.00404
44	0.01139	0.04670	0.03309	0.01414	0.01778	0.04403	0.50484	0.13704	0.01982	0.06996	0.00897	0.01102	0.00672	0.00410	0.00491	0.00134	0.04322	0.01253	0.00260	0.00577
45	0.01016	0.00975	0.01666	0.02520	0.83013	0.00975	0.01260	0.01260	0.00935	0.01341	0.00772	0.01016	0.00650	0.00366	0.00406	0.00122	0.00488	0.00366	0.00203	0.00650
46	0.01058	0.00906	0.00989	0.00865	0.01087	0.01059	0.00683	0.09846	0.64634	0.01723	0.01472	0.01401	0.01115	0.00561	0.00505	0.00140	0.08601	0.00440	0.00390	0.02526
47	0.00725	0.00564	0.00875	0.00755	0.00927	0.00524	0.14940	0.00926	0.02212	0.05652	0.15729	0.09077	0.22184	0.00826	0.00477	0.00143	0.00330	0.13789	0.08923	0.00421
48	0.25089	0.02118	0.00892	0.01814	0.07623	0.04216	0.00628	0.09543	0.12454	0.09701	0.01206	0.12896	0.01074	0.00635	0.01672	0.00143	0.02241	0.03799	0.00331	0.01926

[dist]
# distance from previous block
# <min> <max>
2	15

[block]
# block no. 5 follows, 65 sequences, length 35
# corresponding to MSA columns:
# 773-807
name=unknown_F
#
# <colnr> <probs for GDERKNQSTAVLIFYWHMCP>
#	G	D	E	R	K	N	Q	S	T	A	V	L	I	F	Y	W	H	M	C	P
0	0.24389	0.00910	0.01041	0.00854	0.01123	0.03734	0.10982	0.10575	0.28119	0.04535	0.02820	0.01194	0.01707	0.00471	0.00375	0.00129	0.00390	0.00385	0.03662	0.02605
1	0.08601	0.00477	0.00596	0.00546	0.00676	0.00451	0.03461	0.00791	0.01056	0.01526	0.54030	0.05480	0.19131	0.00832	0.00465	0.00132	0.00228	0.00723	0.00408	0.00389
2	0.01068	0.01469	0.33181	0.08815	0.04368	0.06738	0.12534	0.10318	0.02754	0.08071	0.00856	0.00989	0.00621	0.00420	0.00437	0.00128	0.03279	0.00354	0.00244	0.03358
3	0.00908	0.00698	0.00821	0.00602	0.00941	0.00534	0.00481	0.01081	0.00888	0.08792	0.01124	0.01184	0.08155	0.00390	0.00330	0.00074	0.00299	0.00316	0.00280	0.72101
4	0.06011	0.00515	0.02342	0.00681	0.00802	0.00483	0.00577	0.00899	0.00929	0.06456	0.06791	0.15855	0.06069	0.01014	0.00511	0.00168	0.00332	0.46095	0.03072	0.00400
5	0.00959	0.00675	0.00833	0.00766	0.00943	0.01494	0.02963	0.15456	0.11033	0.09213	0.03122	0.24035	0.01772	0.00857	0.00476	0.00150	0.00350	0.19732	0.01374	0.03797
6	0.01050	0.71274	0.16280	0.00784	0.01179	0.01508	0.00844	0.01241	0.00840	0.01024	0.00600	0.00695	0.00526	0.00358	0.00285	0.00095	0.00468	0.00234	0.00175	0.00541
7	0.00510	0.00363	0.00471	0.00553	0.00578	0.00341	0.00365	0.00575	0.00771	0.01023	0.02221	0.73849	0.05205	0.10252	0.00689	0.00190	0.00254	0.01096	0.00367	0.00325
8	0.06044	0.00729	0.00899	0.00721	0.01007	0.00694	0.00587	0.05503	0.13882	0.55611	0.02755	0.01569	0.07011	0.00551	0.00411	0.00130	0.00336	0.00446	0.00466	0.00648
9	0.00929	0.01040	0.02232	0.02954	0.02017	0.00988	0.72457	0.01248	0.00946	0.01284	0.00931	0.07439	0.00777	0.00426	0.00504	0.00141	0.02403	0.00531	0.00220	0.00533
10	0.00535	0.00418	0.00486	0.00469	0.00585	0.00368	0.00351	0.00687	0.01054	0.01391	0.45448	0.03486	0.41381	0.00934	0.00485	0.00134	0.00200	0.00801	0.00418	0.00368
11	0.03274	0.00848	0.05335	0.00781	0.01077	0.00771	0.00671	0.20904	0.03710	0.40920	0.08831	0.01600	0.01245	0.00562	0.00421	0.00129	0.00371	0.05245	0.01418	0.01886
12	0.00920	0.14284	0.62603	0.03993	0.01667	0.01065	0.01328	0.06144	0.00929	0.02387	0.00739	0.00858	0.00539	0.00393	0.00374	0.00124	0.00567	0.00299	0.00193	0.00596
13	0.01795	0.00750	0.01014	0.00774	0.01095	0.00675	0.02589	0.09257	0.01239	0.73932	0.01542	0.01353	0.00977	0.00503	0.00414	0.00127	0.00367	0.00411	0.00492	0.00695
14	0.11335	0.00924	0.00985	0.00792	0.01078	0.03835	0.00644	0.30903	0.12618	0.25612	0.01226	0.01168	0.00854	0.00490	0.00386	0.00125	0.00384	0.00376	0.05630	0.00636
15	0.10501	0.07347	0.05339	0.01072	0.09475	0.06119	0.04084	0.25118	0.06684	0.11402	0.00931	0.00993	0.00693	0.00468	0.00466	0.00127	0.07911	0.00348	0.00315	0.00605
16	0.09039	0.00958	0.01473	0.08332	0.58609	0.02333	0.01113	0.06108	0.00963	0.03134	0.00771	0.00988	0.00628	0.00394	0.00425	0.00125	0.03418	0.00352	0.00224	0.00611
17	0.00516	0.00380	0.00488	0.00568	0.00618	0.00351	0.00402	0.00606	0.00828	0.01078	0.02556	0.63090	0.15505	0.01229	0.00523	0.00165	0.00249	0.10128	0.00381	0.00341
18	0.05725	0.01085	0.06256	0.02282	0.01359	0.04676	0.15100	0.32419	0.11278	0.06151	0.02008	0.07778	0.00930	0.00526	0.00423	0.00132	0.00470	0.00455	0.00344	0.00602
19	0.11413	0.05525	0.06760	0.00976	0.05720	0.05708	0.08102	0.20673	0.06351	0.08069	0.09609	0.03971	0.02120	0.01320	0.00431	0.00130	0.01803	0.00426	0.00328	0.00564
20	0.00588	0.00437	0.00607	0.08297	0.00877	0.00441	0.00528	0.02421	0.00853	0.01125	0.02073	0.55906	0.02387	0.01152	0.00522	0.00169	0.00305	0.20586	0.00363	0.00363
21	0.00500	0.00365	0.00471	0.00553	0.00591	0.00336	0.00373	0.00577	0.00809	0.01064	0.03753	0.74876	0.11722	0.01251	0.00519	0.00163	0.00234	0.01126	0.00382	0.00336
22	0.02897	0.56196	0.25890	0.00848	0.01268	0.03139	0.00939	0.02715	0.00868	0.01113	0.00628	0.00727	0.00526	0.00367	0.00305	0.00102	0.00492	0.00248	0.00182	0.00550
23	0.03220	0.02517	0.06245	0.01309	0.06068	0.03383	0.38976	0.04128	0.02267	0.04006	0.04921	0.16916	0.01176	0.00574	0.00481	0.00140	0.02307	0.00580	0.00270	0.00517
24	0.00654	0.00439	0.00570	0.00544	0.00656	0.00403	0.00419	0.00835	0.01114	0.06481	0.61826	0.05186	0.10306	0.00874	0.00488	0.00136	0.00222	0.08004	0.00441	0.00400
25	0.00504	0.00360	0.00480	0.00569	0.00596	0.00336	0.00381	0.00582	0.00805	0.01079	0.06440	0.81040	0.02775	0.01263	0.00522	0.00165	0.00236	0.01145	0.00385	0.00336
26	0.02941	0.00975	0.03254	0.11428	0.08746	0.07366	0.15896	0.09371	0.04804	0.24979	0.02788	0.01271	0.03337	0.00465	0.00422	0.00129	0.00487	0.00417	0.00330	0.00594
27	0.00593	0.00449	0.00668	0.00664	0.00735	0.00526	0.00516	0.00736	0.00658	0.00951	0.01092	0.01619	0.01025	0.04655	0.80609	0.00645	0.02835	0.00441	0.00220	0.00366
28	0.00645	0.00436	0.00556	0.00516	0.00632	0.00395	0.00391	0.00825	0.01133	0.06510	0.67722	0.03080	0.13914	0.00845	0.00480	0.00130	0.00205	0.00738	0.00446	0.00401
29	0.01000	0.36122	0.42895	0.00970	0.01436	0.08803	0.01120	0.01302	0.00880	0.01137	0.00660	0.00771	0.00524	0.00377	0.00337	0.00111	0.00551	0.00266	0.00178	0.00562
30	0.09390	0.57192	0.11254	0.00851	0.04260	0.04290	0.03432	0.01243	0.00852	0.01130	0.02519	0.00770	0.00604	0.00373	0.00299	0.00101	0.00462	0.00257	0.00193	0.00529
31	0.00655	0.00436	0.00570	0.00527	0.00638	0.00399	0.00399	0.00844	0.01157	0.06567	0.76064	0.02986	0.05536	0.00824	0.00480	0.00129	0.00203	0.00725	0.00454	0.00405
32	0.00611	0.00390	0.00513	0.00573	0.00630	0.00357	0.00395	0.00694	0.00835	0.07797	0.04033	0.71408	0.07814	0.01197	0.00511	0.00161	0.00244	0.01077	0.00393	0.00365
33	0.03019	0.02033	0.01015	0.00801	0.01097	0.14795	0.00648	0.07094	0.04746	0.58302	0.01385	0.01245	0.00909	0.00491	0.00401	0.00123	0.00422	0.00382	0.00440	0.00653
34	0.35088	0.04980	0.12792	0.08466	0.01268	0.13324	0.00787	0.06985	0.03566	0.02748	0.00698	0.00822	0.00540	0.00427	0.00395	0.00127	0.05957	0.00283	0.00242	0.00506

[dist]
# distance from previous block
# <min> <max>
0	3

[block]
# block no. 6 follows, 65 sequences, length 6
# corresponding to MSA columns:
# 813-818
name=unknown_G
#
# <colnr> <probs for GDERKNQSTAVLIFYWHMCP>
#	G	D	E	R	K	N	Q	S	T	A	V	L	I	F	Y	W	H	M	C	P
0	0.01044	0.00749	0.01177	0.04509	0.01242	0.03376	0.21670	0.01313	0.05384	0.20251	0.16211	0.01916	0.09056	0.00582	0.00443	0.00131	0.00405	0.02308	0.07716	0.00518
1	0.00921	0.00938	0.10196	0.04594	0.03086	0.00735	0.20493	0.01213	0.04306	0.07906	0.05824	0.05498	0.02965	0.00455	0.00404	0.00112	0.00438	0.00431	0.00275	0.29211
2	0.08652	0.00814	0.03556	0.00682	0.01028	0.00681	0.00571	0.08072	0.03741	0.18629	0.00955	0.00984	0.00706	0.00380	0.00338	0.00090	0.00338	0.00297	0.00317	0.49168
3	0.01193	0.44824	0.05185	0.00973	0.06251	0.25944	0.00815	0.01335	0.00922	0.01017	0.00606	0.00734	0.00536	0.00407	0.00402	0.00105	0.07790	0.00257	0.00188	0.00516
4	0.01486	0.05730	0.01253	0.01163	0.10345	0.55852	0.00822	0.08335	0.01187	0.08968	0.00770	0.00850	0.00603	0.00427	0.00376	0.00110	0.00636	0.00296	0.00254	0.00538
5	0.01475	0.00898	0.06381	0.00908	0.01227	0.00804	0.10018	0.08485	0.12884	0.45621	0.01389	0.01337	0.00947	0.02829	0.00491	0.00139	0.02681	0.00422	0.00415	0.00650

[dist]
# distance from previous block
# <min> <max>
0	1

[block]
# block no. 7 follows, 65 sequences, length 40
# corresponding to MSA columns:
# 820-859
name=unknown_H
#
# <colnr> <probs for GDERKNQSTAVLIFYWHMCP>
#	G	D	E	R	K	N	Q	S	T	A	V	L	I	F	Y	W	H	M	C	P
0	0.00757	0.00460	0.00596	0.00539	0.00672	0.00415	0.00412	0.00937	0.01143	0.13572	0.63651	0.02903	0.10725	0.00809	0.00474	0.00130	0.00218	0.00705	0.00454	0.00429
1	0.88473	0.00794	0.00603	0.00540	0.00794	0.00921	0.00445	0.01207	0.00699	0.01842	0.00572	0.00667	0.00445	0.00381	0.00254	0.00127	0.00318	0.00222	0.00254	0.00445
2	0.00775	0.00730	0.01231	0.84587	0.02827	0.00912	0.01140	0.01049	0.00821	0.01049	0.00730	0.01094	0.00547	0.00410	0.00410	0.00137	0.00547	0.00365	0.00182	0.00456
3	0.01487	0.00922	0.05570	0.01045	0.01402	0.00801	0.23289	0.09353	0.01168	0.46536	0.01354	0.01310	0.02793	0.00468	0.00433	0.00130	0.00465	0.00434	0.00395	0.00645
4	0.00500	0.00357	0.00476	0.00572	0.00595	0.00333	0.00381	0.00572	0.00786	0.01048	0.02262	0.85306	0.02715	0.01286	0.00524	0.00167	0.00238	0.01167	0.00381	0.00333
5	0.00546	0.00414	0.00552	0.00618	0.00642	0.00427	0.00428	0.00635	0.02110	0.01048	0.02078	0.74560	0.02471	0.03207	0.00631	0.00173	0.07681	0.01071	0.00361	0.00347
6	0.01076	0.63848	0.15843	0.00824	0.01212	0.02832	0.03261	0.01273	0.00858	0.03715	0.00641	0.00736	0.00545	0.00369	0.00312	0.00099	0.01574	0.00250	0.00188	0.00545
7	0.00569	0.00407	0.00554	0.00638	0.00695	0.00392	0.00490	0.00697	0.00880	0.01170	0.09310	0.46953	0.02681	0.01188	0.00537	0.00172	0.00288	0.31636	0.00386	0.00355
8	0.00656	0.00437	0.00546	0.00520	0.00639	0.00392	0.00393	0.00814	0.01069	0.08171	0.47789	0.10415	0.22913	0.00907	0.00484	0.00136	0.00218	0.02671	0.00431	0.00398
9	0.01190	0.01278	0.01164	0.01020	0.01143	0.31873	0.00812	0.04349	0.08073	0.03797	0.00743	0.00937	0.00634	0.00652	0.03367	0.00160	0.37746	0.00338	0.00233	0.00491
10	0.01582	0.01116	0.01211	0.00928	0.01256	0.01223	0.00767	0.75643	0.01873	0.08669	0.01033	0.01017	0.00722	0.00494	0.00411	0.00123	0.00444	0.00373	0.00418	0.00698
11	0.00610	0.00422	0.00552	0.00526	0.00624	0.00388	0.00392	0.00790	0.01125	0.04029	0.71976	0.10383	0.04878	0.00872	0.00486	0.00133	0.00203	0.00772	0.00446	0.00391
12	0.00851	0.00730	0.00851	0.00608	0.00973	0.00547	0.00486	0.01034	0.00851	0.01338	0.00730	0.00851	0.00608	0.00304	0.00304	0.00061	0.00304	0.00243	0.00243	0.88083
13	0.01108	0.09542	0.01382	0.01359	0.21732	0.15812	0.02258	0.07064	0.03591	0.02627	0.00853	0.01243	0.00768	0.00546	0.00633	0.00137	0.21209	0.07362	0.00239	0.00536
14	0.00608	0.00438	0.00596	0.00673	0.00753	0.00426	0.00552	0.00767	0.00932	0.01228	0.11278	0.23117	0.05860	0.01132	0.00544	0.00175	0.00318	0.49848	0.00387	0.00367
15	0.01326	0.01146	0.08319	0.00929	0.02290	0.07596	0.00784	0.28962	0.30642	0.11738	0.01257	0.01203	0.00907	0.00502	0.00408	0.00129	0.00431	0.00395	0.00386	0.00654
16	0.02226	0.00935	0.01121	0.00919	0.03585	0.06763	0.03895	0.15857	0.02803	0.24218	0.01011	0.01061	0.00738	0.00486	0.00552	0.00122	0.15125	0.00354	0.01207	0.17022
17	0.00986	0.34265	0.42637	0.01005	0.01480	0.04301	0.04886	0.03903	0.00904	0.01203	0.00681	0.00797	0.00534	0.00378	0.00346	0.00113	0.00546	0.00280	0.00185	0.00572
18	0.00986	0.01127	0.11301	0.10669	0.01882	0.01008	0.40648	0.09790	0.11354	0.01469	0.00980	0.01231	0.00750	0.00426	0.00448	0.00136	0.00576	0.02796	0.01856	0.00568
19	0.00597	0.00398	0.00448	0.00448	0.00448	0.00398	0.00249	0.00597	0.00597	0.00796	0.01293	0.02686	0.01492	0.85574	0.02089	0.00398	0.00398	0.00597	0.00249	0.00249
20	0.01252	0.18929	0.16418	0.08236	0.01389	0.01056	0.02166	0.12151	0.11197	0.21618	0.01069	0.01076	0.00762	0.00446	0.00378	0.00121	0.00449	0.00350	0.00319	0.00616
21	0.01052	0.24649	0.23990	0.01125	0.04544	0.06800	0.12738	0.06370	0.03807	0.02651	0.00745	0.00884	0.00589	0.00417	0.00455	0.00122	0.07959	0.00323	0.00212	0.00565
