[name]
unknown

[dist]
# distance from previous block
# <min> <max>
0	2

[block]
# block no. 0 follows, 58 sequences, length 22
# corresponding to MSA columns:
# 2-23
name=unknown_A
#
# <colnr> <probs for GDERKNQSTAVLIFYWHMCP>
#	G	D	E	R	K	N	Q	S	T	A	V	L	I	F	Y	W	H	M	C	P
0	0.00721	0.00515	0.00721	0.00824	0.00927	0.00515	0.00721	0.00927	0.01030	0.01339	0.02368	0.05046	0.02574	0.01236	0.00618	0.00206	0.00412	0.78478	0.00412	0.00412
1	0.01700	0.01253	0.01342	0.01029	0.01387	0.01387	0.00850	0.79997	0.02103	0.02819	0.01074	0.01074	0.00761	0.00537	0.00447	0.00134	0.00492	0.00403	0.00447	0.00761
2	0.00651	0.00434	0.00488	0.00488	0.00488	0.00434	0.00271	0.00651	0.00651	0.00867	0.01409	0.02927	0.01626	0.84279	0.02277	0.00434	0.00434	0.00651	0.00271	0.00271
3	0.01308	0.12068	0.02296	0.07379	0.07019	0.19815	0.00804	0.07332	0.05490	0.13936	0.01297	0.10899	0.03240	0.00737	0.04278	0.00161	0.00550	0.00486	0.00328	0.00578
4	0.15935	0.02612	0.02563	0.12255	0.29939	0.07793	0.03683	0.08112	0.02646	0.05902	0.00959	0.01129	0.02394	0.00454	0.00412	0.00135	0.00513	0.00380	0.01566	0.00616
5	0.00940	0.00791	0.00840	0.00732	0.00936	0.07249	0.00559	0.06069	0.12193	0.02621	0.10980	0.03035	0.02823	0.09338	0.17073	0.00268	0.00546	0.00490	0.02871	0.19646
6	0.01128	0.01101	0.03747	0.04276	0.71659	0.01080	0.03218	0.05664	0.01074	0.01527	0.00854	0.01106	0.00705	0.00407	0.00445	0.00134	0.00539	0.00400	0.00233	0.00703
7	0.01106	0.22209	0.31025	0.06539	0.05856	0.06713	0.01151	0.03653	0.13430	0.02871	0.00936	0.01031	0.00718	0.00451	0.00398	0.00130	0.00557	0.00345	0.00250	0.00633
8	0.00756	0.00659	0.02358	0.00958	0.13249	0.00649	0.00620	0.01027	0.09010	0.01415	0.23180	0.05984	0.18709	0.11448	0.03295	0.00202	0.04941	0.00699	0.00370	0.00472
9	0.00540	0.00454	0.00469	0.00465	0.00611	0.00382	0.00349	0.00664	0.01046	0.01272	0.12850	0.04201	0.72949	0.01109	0.00529	0.00150	0.00225	0.00929	0.00424	0.00382
10	0.01037	0.13062	0.55826	0.03100	0.03697	0.02264	0.02576	0.01478	0.03304	0.06782	0.00870	0.00987	0.00634	0.00440	0.00431	0.00136	0.02165	0.00338	0.00224	0.00649
11	0.00945	0.07049	0.63628	0.01402	0.06863	0.01094	0.10052	0.01411	0.00959	0.01399	0.00805	0.00969	0.00588	0.00416	0.00429	0.00139	0.00652	0.00351	0.00195	0.00653
12	0.75983	0.04047	0.00780	0.00647	0.00926	0.07101	0.00531	0.03097	0.00834	0.01922	0.00638	0.00740	0.00501	0.00420	0.00290	0.00135	0.00388	0.00249	0.00274	0.00496
13	0.01196	0.84548	0.02344	0.00765	0.01148	0.01770	0.00765	0.01339	0.00909	0.01052	0.00622	0.00718	0.00574	0.00383	0.00287	0.00096	0.00478	0.00239	0.00191	0.00574
14	0.00953	0.00787	0.00889	0.00798	0.01010	0.00860	0.02271	0.01802	0.49789	0.03368	0.22440	0.02325	0.09351	0.00728	0.00482	0.00149	0.00315	0.00623	0.00458	0.00603
15	0.00757	0.00496	0.00639	0.00586	0.00718	0.00459	0.00445	0.00988	0.03428	0.08520	0.68342	0.03193	0.07926	0.00887	0.00519	0.00141	0.00230	0.00777	0.00493	0.00456
16	0.00560	0.00463	0.00493	0.00491	0.00631	0.00402	0.00366	0.00716	0.03098	0.01310	0.15948	0.08443	0.63318	0.01101	0.00529	0.00151	0.00229	0.00930	0.00428	0.00392
17	0.00544	0.00392	0.00516	0.00616	0.00647	0.00364	0.00412	0.00624	0.00863	0.01145	0.02548	0.80818	0.06075	0.01391	0.00569	0.00180	0.00258	0.01259	0.00415	0.00364
18	0.00640	0.00475	0.00699	0.00699	0.00772	0.00548	0.00534	0.00786	0.00713	0.01024	0.01216	0.01858	0.01162	0.10306	0.75615	0.00694	0.01133	0.00494	0.00242	0.00388
19	0.00556	0.00410	0.00518	0.00589	0.00644	0.00376	0.00405	0.00653	0.00920	0.01210	0.10134	0.59328	0.16347	0.03509	0.00606	0.00180	0.00257	0.02571	0.00419	0.00370
20	0.19057	0.01216	0.01095	0.00952	0.02833	0.14698	0.00741	0.24550	0.23717	0.05052	0.01149	0.01143	0.00855	0.00517	0.00407	0.00137	0.00472	0.00381	0.00378	0.00648
21	0.00888	0.00754	0.00808	0.00678	0.00910	0.07015	0.00529	0.01079	0.02536	0.05326	0.19364	0.02180	0.16718	0.00824	0.04967	0.00149	0.04298	0.00546	0.00354	0.30078

[dist]
# distance from previous block
# <min> <max>
0	1

[block]
# block no. 1 follows, 58 sequences, length 48
# corresponding to MSA columns:
# 25-60,66-77
name=unknown_B
#
# <colnr> <probs for GDERKNQSTAVLIFYWHMCP>
#	G	D	E	R	K	N	Q	S	T	A	V	L	I	F	Y	W	H	M	C	P
0	0.01535	0.01618	0.01494	0.01318	0.07386	0.40195	0.11695	0.20613	0.01408	0.04518	0.00892	0.02409	0.00705	0.00487	0.00454	0.00129	0.01857	0.00381	0.00296	0.00608
1	0.00676	0.00496	0.00650	0.00713	0.00818	0.00479	0.00589	0.02322	0.01053	0.01374	0.12017	0.15226	0.14792	0.01191	0.00584	0.00185	0.00341	0.45662	0.00423	0.00408
2	0.00836	0.00776	0.01094	0.00977	0.01013	0.01034	0.00798	0.00956	0.00714	0.01070	0.01008	0.01426	0.05001	0.01703	0.29847	0.00377	0.50244	0.00451	0.00223	0.00452
3	0.01664	0.00923	0.01128	0.00870	0.01206	0.00906	0.02451	0.27197	0.05277	0.38291	0.03551	0.01394	0.01049	0.01721	0.00465	0.00135	0.00412	0.00434	0.02305	0.08621
4	0.00544	0.00433	0.00480	0.00509	0.00613	0.00378	0.00361	0.00644	0.00958	0.01189	0.06453	0.27583	0.50816	0.06172	0.00646	0.00177	0.00248	0.01018	0.00409	0.00369
5	0.00976	0.08724	0.47672	0.03041	0.16734	0.01103	0.08932	0.01413	0.03065	0.01410	0.02347	0.01050	0.00695	0.00426	0.00430	0.00137	0.00613	0.00369	0.00212	0.00651
6	0.01129	0.00570	0.00743	0.00635	0.00836	0.00504	0.00499	0.01314	0.01240	0.31408	0.41835	0.02791	0.13033	0.00809	0.00499	0.00141	0.00276	0.00693	0.00505	0.00542
7	0.00986	0.01133	0.13800	0.07337	0.25967	0.00977	0.07509	0.02957	0.16712	0.01574	0.12702	0.02717	0.01346	0.00543	0.00479	0.00143	0.01689	0.00492	0.00307	0.00629
8	0.02823	0.01973	0.04756	0.00982	0.07340	0.02084	0.01758	0.15819	0.03169	0.11567	0.00981	0.01058	0.00743	0.00435	0.00431	0.00107	0.03777	0.00340	0.00328	0.39528
9	0.01025	0.01125	0.09872	0.06169	0.36753	0.01039	0.10529	0.02583	0.10760	0.01484	0.05076	0.02873	0.00995	0.01930	0.00555	0.00149	0.05718	0.00461	0.00266	0.00639
10	0.00657	0.00540	0.00577	0.00576	0.02082	0.00500	0.00426	0.00937	0.11982	0.02989	0.06941	0.05310	0.61412	0.01035	0.00518	0.00152	0.00256	0.02249	0.00423	0.00439
11	0.00923	0.00874	0.04135	0.07007	0.27165	0.02493	0.02980	0.04153	0.04690	0.01484	0.15143	0.08769	0.03163	0.04919	0.00583	0.00157	0.01802	0.03792	0.00318	0.05450
12	0.01674	0.02037	0.01276	0.01139	0.01383	0.73693	0.00863	0.10264	0.01358	0.01282	0.00733	0.00836	0.00596	0.00469	0.00408	0.00117	0.00773	0.00301	0.00254	0.00545
13	0.01082	0.01037	0.01769	0.10589	0.73846	0.01056	0.01360	0.01350	0.01006	0.01430	0.00837	0.01115	0.00698	0.00403	0.00443	0.00134	0.00538	0.00398	0.00219	0.00688
14	0.01208	0.01270	0.01664	0.02279	0.57895	0.17439	0.01234	0.01428	0.01037	0.01352	0.00788	0.01035	0.00671	0.00447	0.00531	0.00135	0.08341	0.00376	0.00221	0.00650
15	0.71538	0.05074	0.00819	0.00668	0.00946	0.10905	0.00547	0.01387	0.00838	0.03093	0.00649	0.00748	0.00510	0.00421	0.00295	0.00134	0.00409	0.00251	0.00271	0.00497
16	0.00971	0.06225	0.47829	0.01286	0.06237	0.06453	0.08950	0.02489	0.02597	0.01419	0.05959	0.02951	0.03679	0.00499	0.00441	0.00139	0.00603	0.00421	0.00237	0.00616
17	0.00766	0.00702	0.05900	0.00881	0.05907	0.00641	0.00669	0.02241	0.14886	0.01365	0.03652	0.27525	0.06494	0.04469	0.04914	0.01449	0.00407	0.16275	0.00379	0.00477
18	0.00614	0.00485	0.00605	0.00563	0.00697	0.00437	0.02447	0.00814	0.02699	0.01569	0.49168	0.03612	0.32692	0.00976	0.00527	0.00145	0.00234	0.00846	0.00456	0.00416
19	0.01043	0.32904	0.45043	0.01058	0.01591	0.01296	0.02528	0.02715	0.00957	0.02500	0.00755	0.00874	0.00586	0.00408	0.00372	0.00121	0.00574	0.00300	0.00203	0.04169
20	0.01495	0.01846	0.01213	0.01104	0.01298	0.66330	0.00838	0.01614	0.01156	0.01087	0.00742	0.00931	0.00640	0.00822	0.09995	0.00192	0.07648	0.00319	0.00229	0.00502
21	0.00626	0.00469	0.00582	0.00556	0.00673	0.00431	0.00420	0.00841	0.02969	0.01672	0.62883	0.03530	0.18925	0.00957	0.00528	0.00144	0.00222	0.02677	0.00475	0.00420
22	0.00670	0.00480	0.00576	0.00571	0.00591	0.00507	0.00372	0.00708	0.00704	0.00944	0.01575	0.02953	0.05769	0.63336	0.06912	0.00404	0.06010	0.06327	0.00282	0.00309
23	0.01071	0.01227	0.02572	0.01848	0.02284	0.03372	0.75816	0.01434	0.01053	0.01415	0.00892	0.01190	0.00674	0.00389	0.00547	0.00151	0.02724	0.00518	0.00226	0.00598
24	0.01113	0.00961	0.01011	0.00910	0.01163	0.01113	0.00708	0.02377	0.80681	0.01871	0.01821	0.01669	0.01365	0.00607	0.00455	0.00152	0.00354	0.00506	0.00455	0.00708
25	0.01154	0.00997	0.01171	0.01085	0.09472	0.05571	0.04881	0.13316	0.24914	0.03967	0.04987	0.01582	0.06272	0.00554	0.00439	0.00128	0.00422	0.01314	0.00370	0.17406
26	0.00655	0.00480	0.00681	0.00677	0.00742	0.00549	0.00509	0.00788	0.00714	0.01033	0.01232	0.01941	0.01196	0.17271	0.63810	0.00636	0.02775	0.00505	0.03425	0.00380
27	0.87439	0.00865	0.00657	0.00588	0.00865	0.01003	0.00484	0.01315	0.00761	0.02007	0.00623	0.00727	0.00484	0.00415	0.00277	0.00138	0.00346	0.00242	0.00277	0.00484
28	0.01896	0.00773	0.01028	0.00798	0.01129	0.00691	0.00655	0.05691	0.03499	0.71783	0.05898	0.01601	0.01262	0.00573	0.00454	0.00139	0.00376	0.00468	0.00543	0.00742
29	0.00545	0.00389	0.00519	0.00623	0.00649	0.00363	0.00415	0.00623	0.00856	0.01142	0.02465	0.83987	0.02959	0.01401	0.00571	0.00182	0.00260	0.01272	0.00415	0.00363
30	0.01119	0.01102	0.01751	0.08543	0.71348	0.05536	0.01335	0.01379	0.01023	0.01418	0.00830	0.01097	0.00693	0.00406	0.00441	0.00133	0.00551	0.00392	0.00220	0.00683
31	0.02941	0.00481	0.00584	0.00543	0.00672	0.00442	0.00410	0.00875	0.01177	0.01716	0.59302	0.03047	0.10424	0.00847	0.00487	0.00134	0.00222	0.00734	0.10007	0.04955
32	0.05810	0.02357	0.10349	0.16480	0.09884	0.00830	0.04847	0.04071	0.02366	0.08304	0.04265	0.01828	0.13293	0.06689	0.02032	0.00170	0.00477	0.00503	0.00302	0.05144
33	0.02898	0.11140	0.11738	0.01055	0.01432	0.12561	0.03005	0.41984	0.06410	0.02090	0.00967	0.01013	0.00719	0.00492	0.00420	0.00130	0.00552	0.00366	0.00347	0.00681
34	0.00543	0.00399	0.00509	0.00598	0.00642	0.00365	0.00404	0.00626	0.00881	0.01152	0.02771	0.72202	0.14546	0.01362	0.00565	0.00177	0.00255	0.01223	0.00415	0.00365
35	0.00557	0.00452	0.00488	0.00482	0.00615	0.00389	0.00357	0.00688	0.01059	0.01327	0.21708	0.05449	0.59615	0.04109	0.00593	0.00160	0.00231	0.00909	0.00428	0.00384
36	0.87439	0.00865	0.00657	0.00588	0.00865	0.01003	0.00484	0.01315	0.00761	0.02007	0.00623	0.00727	0.00484	0.00415	0.00277	0.00138	0.00346	0.00242	0.00277	0.00484
37	0.01030	0.00949	0.03121	0.09034	0.30661	0.00941	0.15104	0.02459	0.05017	0.05925	0.13218	0.03580	0.02494	0.00549	0.00517	0.00144	0.03828	0.00520	0.00300	0.00608
38	0.01053	0.05558	0.20660	0.07340	0.36720	0.02533	0.06214	0.03544	0.05074	0.01451	0.00881	0.01090	0.00698	0.00473	0.01937	0.00145	0.00578	0.00383	0.00231	0.03437
39	0.00641	0.00470	0.00672	0.00672	0.00736	0.00534	0.00501	0.00769	0.00705	0.01004	0.01241	0.01995	0.01221	0.19790	0.66212	0.00661	0.01043	0.00514	0.00246	0.00373
40	0.87439	0.00865	0.00657	0.00588	0.00865	0.01003	0.00484	0.01315	0.00761	0.02007	0.00623	0.00727	0.00484	0.00415	0.00277	0.00138	0.00346	0.00242	0.00277	0.00484
41	0.03401	0.01147	0.01184	0.00960	0.01270	0.04371	0.00775	0.47178	0.24934	0.04928	0.01304	0.01266	0.00949	0.00552	0.00439	0.00138	0.00447	0.00427	0.03615	0.00717
42	0.01067	0.01001	0.01676	0.21496	0.55181	0.01053	0.03214	0.05429	0.01047	0.01454	0.00878	0.01214	0.00725	0.00435	0.00450	0.00139	0.00547	0.02109	0.00232	0.00653
43	0.00676	0.00492	0.00626	0.00631	0.03910	0.00445	0.00448	0.00863	0.01194	0.04572	0.55491	0.03431	0.23673	0.00936	0.00522	0.00143	0.00234	0.00814	0.00464	0.00435
44	0.01120	0.04778	0.31556	0.03116	0.09107	0.03546	0.10248	0.13439	0.03971	0.03590	0.00952	0.03221	0.00736	0.00461	0.00434	0.00133	0.00572	0.00395	0.00268	0.08357
45	0.00545	0.00389	0.00519	0.00623	0.00649	0.00363	0.00415	0.00623	0.00856	0.01142	0.02465	0.83987	0.02959	0.01401	0.00571	0.00182	0.00260	0.01272	0.00415	0.00363
46	0.01573	0.01192	0.01314	0.01091	0.05545	0.01308	0.00849	0.64100	0.10705	0.02588	0.01133	0.01136	0.00821	0.00529	0.00443	0.00133	0.00472	0.00408	0.00429	0.04229
47	0.01035	0.01007	0.01629	0.31014	0.50974	0.03997	0.01308	0.01307	0.00984	0.01336	0.00820	0.01126	0.00664	0.00418	0.00443	0.00138	0.00564	0.00394	0.00214	0.00627

[dist]
# distance from previous block
# <min> <max>
0	1

[block]
# block no. 2 follows, 58 sequences, length 90
# corresponding to MSA columns:
# 79-168
name=unknown_C
#
# <colnr> <probs for GDERKNQSTAVLIFYWHMCP>
#	G	D	E	R	K	N	Q	S	T	A	V	L	I	F	Y	W	H	M	C	P
0	0.87439	0.00865	0.00657	0.00588	0.00865	0.01003	0.00484	0.01315	0.00761	0.02007	0.00623	0.00727	0.00484	0.00415	0.00277	0.00138	0.00346	0.00242	0.00277	0.00484
1	0.00755	0.00403	0.00604	0.00604	0.00617	0.00415	0.00415	0.00617	0.00604	0.00818	0.00843	0.01423	0.00831	0.01838	0.14498	0.73365	0.00516	0.00403	0.00201	0.00227
2	0.24398	0.00758	0.00893	0.00718	0.01021	0.00725	0.00588	0.01817	0.01142	0.52701	0.09467	0.01496	0.01257	0.00553	0.00412	0.00139	0.00354	0.00431	0.00474	0.00654
3	0.00725	0.00605	0.00833	0.00789	0.00848	0.01937	0.00615	0.00852	0.00723	0.01035	0.01195	0.01788	0.03754	0.11408	0.52488	0.00548	0.18721	0.00492	0.00239	0.00406
4	0.00623	0.00468	0.00582	0.00545	0.00669	0.00420	0.00410	0.00816	0.01208	0.01672	0.64079	0.03442	0.18632	0.00936	0.00521	0.00140	0.00218	0.00816	0.00470	0.03332
5	0.00548	0.00393	0.00522	0.00624	0.00653	0.00366	0.00420	0.00629	0.00862	0.01147	0.02497	0.81278	0.04218	0.01394	0.00571	0.00182	0.00262	0.02656	0.00415	0.00364
6	0.01007	0.01094	0.02225	0.01750	0.08339	0.01093	0.56254	0.01317	0.00979	0.01356	0.00929	0.03747	0.00769	0.00659	0.06138	0.00194	0.10823	0.00521	0.00229	0.00577
7	0.00919	0.00783	0.00919	0.00669	0.01055	0.00593	0.00538	0.01118	0.00932	0.01453	0.00861	0.01099	0.00742	0.00369	0.00343	0.00072	0.00335	0.03527	0.00271	0.83402
8	0.01268	0.01287	0.01083	0.00978	0.01224	0.23767	0.00752	0.02213	0.58571	0.01655	0.01506	0.01429	0.01146	0.00566	0.00441	0.00142	0.00480	0.00445	0.00393	0.00655
9	0.01035	0.00845	0.00966	0.00705	0.01085	0.00703	0.00567	0.12461	0.01097	0.01662	0.00863	0.00979	0.00697	0.00369	0.00347	0.00078	0.00349	0.00291	0.03898	0.71003
10	0.00995	0.03961	0.72230	0.01238	0.01864	0.01026	0.03090	0.01476	0.00973	0.07805	0.00877	0.00991	0.00612	0.00433	0.00426	0.00141	0.00637	0.00342	0.00219	0.00666
11	0.00549	0.00392	0.00524	0.00628	0.00656	0.00367	0.00423	0.00630	0.00861	0.01147	0.02463	0.82074	0.02949	0.01397	0.00572	0.00182	0.00263	0.03143	0.00415	0.00365
12	0.00777	0.00389	0.00583	0.00583	0.00583	0.00389	0.00389	0.00583	0.00583	0.00777	0.00777	0.01360	0.00777	0.01554	0.01748	0.86985	0.00389	0.00389	0.00194	0.00194
13	0.01169	0.00989	0.01043	0.00922	0.01185	0.01139	0.00722	0.09872	0.73093	0.01963	0.01749	0.01611	0.01307	0.00600	0.00454	0.00150	0.00367	0.00496	0.00454	0.00713
14	0.00726	0.00769	0.07446	0.03703	0.01174	0.02517	0.14455	0.00931	0.01933	0.01271	0.06324	0.43686	0.05570	0.01024	0.00554	0.00168	0.01650	0.05294	0.00354	0.00450
15	0.01220	0.00966	0.01017	0.00896	0.01159	0.02948	0.00702	0.05530	0.65477	0.09675	0.01837	0.01687	0.03637	0.00611	0.00455	0.00149	0.00369	0.00504	0.00458	0.00701
16	0.00554	0.00396	0.00527	0.00617	0.00651	0.00369	0.00416	0.00645	0.00898	0.01208	0.10452	0.75812	0.03087	0.01352	0.00567	0.00178	0.00255	0.01225	0.00423	0.00369
17	0.00918	0.00786	0.00926	0.02151	0.01088	0.00599	0.00540	0.01116	0.00925	0.01445	0.00830	0.02687	0.00710	0.00356	0.00338	0.00070	0.00335	0.00289	0.00267	0.83623
18	0.00979	0.00979	0.01370	0.01174	0.01174	0.01370	0.00979	0.01077	0.00685	0.01077	0.00587	0.00979	0.00587	0.00783	0.01468	0.00196	0.83461	0.00391	0.00196	0.00489
19	0.00845	0.00795	0.01342	0.83204	0.03081	0.00994	0.01242	0.01143	0.00894	0.01143	0.00795	0.01193	0.00596	0.00447	0.00447	0.00149	0.00596	0.00398	0.00199	0.00497
20	0.01113	0.00961	0.01011	0.00910	0.01163	0.01113	0.00708	0.02377	0.80681	0.01871	0.01821	0.01669	0.01365	0.00607	0.00455	0.00152	0.00354	0.00506	0.00455	0.00708
21	0.01056	0.01207	0.02640	0.01885	0.02338	0.01131	0.79864	0.01433	0.01056	0.01433	0.00905	0.01207	0.00679	0.00377	0.00528	0.00151	0.00754	0.00528	0.00226	0.00603
22	0.00529	0.00453	0.00453	0.00453	0.00604	0.00378	0.00340	0.00642	0.01020	0.01208	0.04532	0.04305	0.81307	0.01133	0.00529	0.00151	0.00227	0.00944	0.00415	0.00378
23	0.00531	0.00445	0.00461	0.00474	0.00610	0.00376	0.00349	0.00640	0.01000	0.01200	0.04282	0.13936	0.71838	0.01165	0.00534	0.00155	0.00231	0.00984	0.00415	0.00376
24	0.00639	0.00479	0.00719	0.00719	0.00799	0.00559	0.00559	0.00799	0.00719	0.01038	0.01198	0.01757	0.01118	0.03355	0.82507	0.00719	0.01198	0.00479	0.00240	0.00399
25	0.01220	0.01008	0.01073	0.00915	0.01201	0.01128	0.00723	0.18348	0.58066	0.02035	0.01584	0.01487	0.01184	0.00570	0.00444	0.00141	0.00381	0.00465	0.00438	0.07586
26	0.00945	0.00787	0.00922	0.00665	0.01054	0.00593	0.00531	0.01141	0.00934	0.03265	0.00849	0.02523	0.00716	0.00357	0.00339	0.00070	0.00331	0.00288	0.00274	0.83417
27	0.01196	0.84548	0.02344	0.00765	0.01148	0.01770	0.00765	0.01339	0.00909	0.01052	0.00622	0.00718	0.00574	0.00383	0.00287	0.00096	0.00478	0.00239	0.00191	0.00574
28	0.00554	0.00458	0.00465	0.00460	0.00614	0.00383	0.00346	0.00670	0.01028	0.02487	0.05749	0.04245	0.78778	0.01120	0.00527	0.00151	0.00229	0.00934	0.00419	0.00384
29	0.01700	0.01253	0.01342	0.01029	0.01387	0.01387	0.00850	0.79997	0.02103	0.02819	0.01074	0.01074	0.00761	0.00537	0.00447	0.00134	0.00492	0.00403	0.00447	0.00761
30	0.00666	0.00503	0.00638	0.00720	0.00806	0.02238	0.00577	0.00820	0.00987	0.01275	0.05884	0.28256	0.10290	0.02470	0.00611	0.00192	0.00349	0.41913	0.00411	0.00395
31	0.00534	0.00455	0.00460	0.00463	0.00613	0.00381	0.00350	0.00649	0.01020	0.01212	0.04476	0.04324	0.79276	0.01136	0.00531	0.00152	0.00231	0.02944	0.00415	0.00379
32	0.00583	0.00458	0.00531	0.00572	0.00670	0.00423	0.00410	0.00759	0.05932	0.01253	0.07284	0.39695	0.35455	0.01211	0.00545	0.00166	0.00253	0.02983	0.00422	0.00395
33	0.00700	0.00560	0.00773	0.00768	0.00810	0.00658	0.00588	0.00810	0.00768	0.01077	0.01517	0.19609	0.01656	0.14984	0.25931	0.00391	0.17622	0.10091	0.00294	0.00391
34	0.00909	0.01075	0.08250	0.01424	0.01755	0.03631	0.46263	0.01199	0.00996	0.01335	0.01373	0.24971	0.01366	0.00698	0.00530	0.00159	0.00598	0.02654	0.00282	0.00532
35	0.00590	0.00426	0.00567	0.00665	0.00711	0.00409	0.00476	0.00721	0.02946	0.01195	0.02432	0.68082	0.02850	0.01352	0.00576	0.00185	0.00289	0.14731	0.00416	0.00381
36	0.03235	0.24845	0.55578	0.01112	0.01675	0.02414	0.01355	0.02625	0.00953	0.01349	0.00751	0.00877	0.00570	0.00415	0.00383	0.00128	0.00602	0.00304	0.00196	0.00632
37	0.00600	0.00427	0.00542	0.00583	0.00658	0.00389	0.00411	0.00723	0.01005	0.03205	0.24383	0.47139	0.15869	0.01205	0.00549	0.00165	0.00244	0.01073	0.00440	0.00391
38	0.01041	0.01046	0.09488	0.15935	0.29732	0.04703	0.01075	0.04491	0.01109	0.06400	0.16778	0.01603	0.02404	0.00540	0.00457	0.00138	0.00487	0.00478	0.01498	0.00599
39	0.00960	0.00814	0.00945	0.00678	0.01074	0.00629	0.00543	0.04415	0.00977	0.01514	0.00807	0.00934	0.00667	0.00340	0.00336	0.00069	0.00338	0.00271	0.00273	0.83417
40	0.77066	0.00873	0.00716	0.00623	0.00909	0.00992	0.00513	0.04665	0.00859	0.08390	0.00733	0.00804	0.00546	0.00431	0.00298	0.00138	0.00355	0.00265	0.00306	0.00518
41	0.01561	0.02967	0.01317	0.01134	0.09196	0.02296	0.00846	0.59439	0.01822	0.05616	0.01113	0.02383	0.00824	0.00532	0.00435	0.00132	0.00471	0.00413	0.06785	0.00717
42	0.00623	0.00496	0.00561	0.00543	0.00680	0.00457	0.00411	0.00863	0.07274	0.01478	0.33266	0.03729	0.41389	0.02939	0.00566	0.00156	0.00242	0.03465	0.00444	0.00419
43	0.00620	0.00456	0.00581	0.00552	0.00661	0.00416	0.00413	0.00818	0.01232	0.01718	0.71490	0.04804	0.12677	0.00947	0.00528	0.00143	0.00214	0.00832	0.00483	0.00416
44	0.00551	0.00447	0.00488	0.00492	0.00621	0.00385	0.00364	0.00679	0.01051	0.01315	0.19216	0.12304	0.58291	0.01118	0.00533	0.00152	0.00227	0.00951	0.00430	0.00385
45	0.00897	0.02314	0.81962	0.01275	0.01936	0.01039	0.01653	0.01417	0.00944	0.01417	0.00803	0.00944	0.00567	0.00425	0.00425	0.00142	0.00661	0.00331	0.00189	0.00661
46	0.01619	0.01044	0.01172	0.00935	0.01261	0.01120	0.00761	0.38218	0.23527	0.23265	0.01461	0.01355	0.01018	0.00561	0.00450	0.00140	0.00425	0.00443	0.00477	0.00746
47	0.87439	0.00865	0.00657	0.00588	0.00865	0.01003	0.00484	0.01315	0.00761	0.02007	0.00623	0.00727	0.00484	0.00415	0.00277	0.00138	0.00346	0.00242	0.00277	0.00484
48	0.01113	0.00961	0.01011	0.00910	0.01163	0.01113	0.00708	0.02377	0.80681	0.01871	0.01821	0.01669	0.01365	0.00607	0.00455	0.00152	0.00354	0.00506	0.00455	0.00708
49	0.87439	0.00865	0.00657	0.00588	0.00865	0.01003	0.00484	0.01315	0.00761	0.02007	0.00623	0.00727	0.00484	0.00415	0.00277	0.00138	0.00346	0.00242	0.00277	0.00484
50	0.01700	0.01253	0.01342	0.01029	0.01387	0.01387	0.00850	0.79997	0.02103	0.02819	0.01074	0.01074	0.00761	0.00537	0.00447	0.00134	0.00492	0.00403	0.00447	0.00761
51	0.87439	0.00865	0.00657	0.00588	0.00865	0.01003	0.00484	0.01315	0.00761	0.02007	0.00623	0.00727	0.00484	0.00415	0.00277	0.00138	0.00346	0.00242	0.00277	0.00484
52	0.01725	0.01214	0.01318	0.01011	0.01368	0.01329	0.00835	0.73806	0.02038	0.09103	0.01129	0.01110	0.00788	0.00538	0.00448	0.00135	0.00483	0.00406	0.00456	0.00761
53	0.00545	0.00389	0.00519	0.00623	0.00649	0.00363	0.00415	0.00623	0.00856	0.01142	0.02465	0.83987	0.02959	0.01401	0.00571	0.00182	0.00260	0.01272	0.00415	0.00363
54	0.01580	0.01177	0.01262	0.00997	0.01332	0.01308	0.00814	0.61057	0.19224	0.04650	0.01255	0.01215	0.00902	0.00553	0.00449	0.00138	0.00459	0.00426	0.00452	0.00749
55	0.00979	0.00979	0.01370	0.01174	0.01174	0.01370	0.00979	0.01077	0.00685	0.01077	0.00587	0.00979	0.00587	0.00783	0.01468	0.00196	0.83461	0.00391	0.00196	0.00489
56	0.01659	0.00777	0.01011	0.00811	0.01100	0.00750	0.00660	0.13492	0.02422	0.51776	0.01547	0.01530	0.01072	0.02734	0.16244	0.00255	0.00555	0.00453	0.00471	0.00681
57	0.00585	0.00408	0.00519	0.00591	0.00613	0.00392	0.00386	0.00645	0.00802	0.01068	0.02142	0.55845	0.02538	0.26456	0.01089	0.00259	0.00319	0.04633	0.00371	0.00338
58	0.00743	0.03306	0.00617	0.00564	0.00706	0.00457	0.00421	0.00860	0.01012	0.11096	0.07876	0.28107	0.40375	0.01106	0.00524	0.00156	0.00263	0.00952	0.00429	0.00429
59	0.00881	0.00840	0.01357	0.71348	0.09181	0.02769	0.01215	0.01162	0.00902	0.01159	0.00808	0.01216	0.00630	0.02533	0.00511	0.00155	0.02219	0.00401	0.00203	0.00508
60	0.01470	0.00809	0.01029	0.12227	0.01363	0.00832	0.00726	0.09503	0.16823	0.36460	0.04915	0.01590	0.02366	0.00569	0.00444	0.00140	0.00393	0.00469	0.07205	0.00667
61	0.00578	0.00447	0.00527	0.00523	0.00639	0.00396	0.00386	0.00732	0.01113	0.01468	0.39312	0.13335	0.36804	0.01065	0.00533	0.00150	0.00223	0.00921	0.00451	0.00396
62	0.00988	0.00925	0.01568	0.33941	0.30572	0.01000	0.08946	0.05664	0.01054	0.01434	0.07267	0.01395	0.00976	0.00479	0.00463	0.00143	0.00549	0.01794	0.00251	0.00590
63	0.04535	0.00833	0.02799	0.00674	0.01072	0.00624	0.00554	0.01141	0.00921	0.01480	0.00788	0.00920	0.00653	0.00337	0.00331	0.00071	0.00340	0.00266	0.00264	0.81400
64	0.04178	0.01200	0.03190	0.01048	0.01245	0.12385	0.01886	0.24101	0.09723	0.01710	0.00992	0.04657	0.00846	0.01883	0.02935	0.00175	0.26510	0.00432	0.00315	0.00590
65	0.87439	0.00865	0.00657	0.00588	0.00865	0.01003	0.00484	0.01315	0.00761	0.02007	0.00623	0.00727	0.00484	0.00415	0.00277	0.00138	0.00346	0.00242	0.00277	0.00484
66	0.00968	0.00936	0.01298	0.06718	0.01268	0.01275	0.00940	0.02622	0.04384	0.01140	0.00717	0.01136	0.00686	0.04981	0.02506	0.00209	0.67095	0.00412	0.00217	0.00493
67	0.00560	0.00405	0.00529	0.00602	0.00650	0.00375	0.00412	0.00664	0.00939	0.01262	0.16665	0.64912	0.07772	0.01299	0.00561	0.00173	0.00249	0.01170	0.00429	0.00375
68	0.00756	0.00644	0.00916	0.02748	0.00934	0.00818	0.00674	0.00878	0.00703	0.01031	0.01017	0.01642	0.00999	0.12974	0.43713	0.00498	0.27941	0.00471	0.00228	0.00414
69	0.01154	0.00981	0.01035	0.00919	0.01179	0.01132	0.00718	0.07817	0.75173	0.01938	0.01768	0.01627	0.01323	0.00602	0.00455	0.00150	0.00364	0.00499	0.00455	0.00712
70	0.00650	0.00436	0.00498	0.00498	0.00502	0.00439	0.00284	0.00657	0.00654	0.00875	0.01400	0.02876	0.01604	0.80724	0.05802	0.00446	0.00467	0.00643	0.00270	0.00277
71	0.01172	0.78005	0.08679	0.00806	0.01211	0.01712	0.00836	0.01346	0.00912	0.01081	0.00636	0.00736	0.00573	0.00386	0.00298	0.00099	0.00493	0.00246	0.00191	0.00581
72	0.00642	0.00430	0.00490	0.00499	0.00501	0.00428	0.00283	0.00648	0.00667	0.00889	0.01493	0.09377	0.01732	0.77685	0.02141	0.00414	0.00420	0.00700	0.00283	0.00278
73	0.01034	0.01070	0.01362	0.01173	0.01191	0.07824	0.00970	0.01133	0.00731	0.01078	0.00595	0.00965	0.00586	0.00757	0.01383	0.00189	0.76884	0.00383	0.00198	0.00492
74	0.00970	0.03180	0.60513	0.01283	0.07311	0.01005	0.02521	0.05523	0.01029	0.04293	0.01149	0.01251	0.07032	0.00489	0.00436	0.00141	0.00597	0.00393	0.00236	0.00649
75	0.01173	0.01218	0.12771	0.01294	0.01645	0.03776	0.27831	0.08049	0.04050	0.11740	0.02496	0.04082	0.02758	0.00617	0.02681	0.00165	0.10832	0.00488	0.00303	0.02030
76	0.00845	0.00795	0.01342	0.83204	0.03081	0.00994	0.01242	0.01143	0.00894	0.01143	0.00795	0.01193	0.00596	0.00447	0.00447	0.00149	0.00596	0.00398	0.00199	0.00497
77	0.01063	0.00604	0.00776	0.00671	0.00853	0.00579	0.00524	0.07699	0.02424	0.21076	0.45014	0.02533	0.02794	0.02912	0.07062	0.00192	0.00361	0.00649	0.01683	0.00530
78	0.01325	0.14749	0.16076	0.01249	0.07659	0.15509	0.09353	0.15634	0.01240	0.07089	0.00944	0.03055	0.00753	0.00488	0.00439	0.00131	0.01848	0.01546	0.00284	0.00631
79	0.00835	0.00811	0.01101	0.00979	0.04351	0.07179	0.16094	0.01155	0.10614	0.01415	0.14722	0.14326	0.22881	0.00843	0.00512	0.00150	0.00406	0.00762	0.00373	0.00491
80	0.01836	0.00725	0.00974	0.00759	0.01081	0.00626	0.00623	0.02005	0.01259	0.72256	0.05095	0.01815	0.07610	0.00614	0.00459	0.00140	0.00362	0.00503	0.00540	0.00717
81	0.02099	0.02872	0.04984	0.36933	0.09717	0.04350	0.17534	0.03437	0.05921	0.02549	0.00901	0.01177	0.00687	0.00452	0.00487	0.00145	0.03257	0.00420	0.01509	0.00570
82	0.01181	0.15900	0.35166	0.01151	0.06201	0.09124	0.02572	0.01556	0.05435	0.11931	0.02088	0.01174	0.03658	0.00478	0.00412	0.00131	0.00563	0.00372	0.00271	0.00636
83	0.00910	0.02226	0.75650	0.01324	0.01968	0.01046	0.07876	0.01418	0.00953	0.01418	0.00811	0.00965	0.00576	0.00421	0.00433	0.00142	0.00668	0.00346	0.00192	0.00656
84	0.00651	0.00434	0.00488	0.00488	0.00488	0.00434	0.00271	0.00651	0.00651	0.00867	0.01409	0.02927	0.01626	0.84279	0.02277	0.00434	0.00434	0.00651	0.00271	0.00271
85	0.01043	0.07141	0.16150	0.05218	0.24021	0.02161	0.10402	0.03979	0.02044	0.04729	0.11215	0.01427	0.01165	0.00558	0.01793	0.00149	0.04437	0.01481	0.00273	0.00614
86	0.04305	0.12393	0.08899	0.17719	0.15519	0.03655	0.02445	0.11557	0.02153	0.06835	0.01015	0.07657	0.00860	0.00531	0.00452	0.00138	0.02542	0.00438	0.00282	0.00605
87	0.00979	0.00979	0.01370	0.01174	0.01174	0.01370	0.00979	0.01077	0.00685	0.01077	0.00587	0.00979	0.00587	0.00783	0.01468	0.00196	0.83461	0.00391	0.00196	0.00489
88	0.83400	0.02898	0.00724	0.00641	0.02692	0.01023	0.00511	0.01317	0.00771	0.01972	0.00628	0.00735	0.00492	0.00414	0.00281	0.00137	0.00353	0.00246	0.00274	0.00492
89	0.00556	0.00417	0.00520	0.00579	0.00643	0.00388	0.00402	0.00651	0.00894	0.01163	0.05722	0.50726	0.22859	0.04927	0.07149	0.00226	0.00331	0.01082	0.00398	0.00368

[dist]
# distance from previous block
# <min> <max>
0	5

[block]
# block no. 3 follows, 58 sequences, length 17
# corresponding to MSA columns:
# 174-190
name=unknown_D
#
# <colnr> <probs for GDERKNQSTAVLIFYWHMCP>
#	G	D	E	R	K	N	Q	S	T	A	V	L	I	F	Y	W	H	M	C	P
0	0.23226	0.08190	0.08678	0.00901	0.01268	0.01130	0.04422	0.27543	0.01330	0.12716	0.01038	0.01068	0.02290	0.00481	0.00390	0.00132	0.00455	0.00359	0.00355	0.04027
1	0.05192	0.34122	0.24760	0.03738	0.06627	0.02644	0.06418	0.05217	0.00994	0.02783	0.00773	0.00920	0.00619	0.00500	0.02828	0.00140	0.00576	0.00320	0.00220	0.00609
2	0.00705	0.00541	0.00622	0.00605	0.00661	0.03326	0.00413	0.00837	0.04557	0.01088	0.11028	0.02576	0.04134	0.44434	0.20665	0.00428	0.02109	0.00614	0.00301	0.00356
3	0.00625	0.00457	0.00587	0.00555	0.00663	0.00419	0.00416	0.00829	0.01248	0.01750	0.75521	0.03413	0.09979	0.00931	0.00528	0.00141	0.00212	0.00819	0.00487	0.00419
4	0.01175	0.00987	0.01096	0.01053	0.07446	0.01120	0.00765	0.11735	0.62349	0.01949	0.01642	0.01552	0.01233	0.00579	0.00449	0.00147	0.00380	0.00482	0.03155	0.00705
5	0.00881	0.00567	0.00706	0.00639	0.00793	0.00543	0.00488	0.07177	0.04381	0.11205	0.49162	0.11433	0.08452	0.00896	0.00514	0.00145	0.00265	0.00781	0.00481	0.00490
6	0.03919	0.06222	0.07231	0.07129	0.12207	0.05807	0.16272	0.07332	0.02948	0.04210	0.00998	0.01305	0.00819	0.01104	0.18925	0.00269	0.00731	0.01738	0.00261	0.00574
7	0.01003	0.01071	0.03822	0.04510	0.04334	0.06238	0.16383	0.01195	0.00873	0.01247	0.06662	0.01223	0.00896	0.00647	0.01002	0.00169	0.44540	0.00442	0.03223	0.00519
8	0.00888	0.00845	0.01449	0.69453	0.13915	0.01008	0.03783	0.01184	0.00917	0.01196	0.00805	0.01181	0.00614	0.00438	0.00449	0.00147	0.00592	0.00402	0.00203	0.00530
9	0.01196	0.84548	0.02344	0.00765	0.01148	0.01770	0.00765	0.01339	0.00909	0.01052	0.00622	0.00718	0.00574	0.00383	0.00287	0.00096	0.00478	0.00239	0.00191	0.00574
10	0.00623	0.00457	0.00584	0.00552	0.00662	0.00418	0.00414	0.00825	0.01243	0.01739	0.74058	0.03432	0.11450	0.00935	0.00528	0.00142	0.00212	0.00822	0.00485	0.00418
11	0.00801	0.00417	0.00425	0.00432	0.00533	0.00412	0.00321	0.00997	0.00936	0.01612	0.01662	0.07246	0.04828	0.00607	0.00339	0.00111	0.00213	0.00497	0.77198	0.00412
12	0.02430	0.01087	0.11509	0.04828	0.06092	0.05516	0.16562	0.03547	0.08458	0.10489	0.03044	0.12590	0.04600	0.00658	0.00481	0.00149	0.00503	0.03882	0.02995	0.00578
13	0.01092	0.27734	0.22766	0.02673	0.01411	0.12964	0.04258	0.03438	0.03439	0.01248	0.00966	0.09886	0.00896	0.03178	0.00479	0.00139	0.02204	0.00425	0.00240	0.00564
14	0.87439	0.00865	0.00657	0.00588	0.00865	0.01003	0.00484	0.01315	0.00761	0.02007	0.00623	0.00727	0.00484	0.00415	0.00277	0.00138	0.00346	0.00242	0.00277	0.00484
15	0.00651	0.00434	0.00488	0.00488	0.00488	0.00434	0.00271	0.00651	0.00651	0.00867	0.01409	0.02927	0.01626	0.84279	0.02277	0.00434	0.00434	0.00651	0.00271	0.00271
16	0.66039	0.03488	0.00821	0.00664	0.00960	0.01055	0.00549	0.10771	0.04335	0.02039	0.00737	0.00819	0.00568	0.00432	0.00308	0.00133	0.00367	0.00274	0.00302	0.05339

[dist]
# distance from previous block
# <min> <max>
1	3

[block]
# block no. 4 follows, 58 sequences, length 27
# corresponding to MSA columns:
# 222-248
name=unknown_E
#
# <colnr> <probs for GDERKNQSTAVLIFYWHMCP>
#	G	D	E	R	K	N	Q	S	T	A	V	L	I	F	Y	W	H	M	C	P
0	0.01221	0.16111	0.20424	0.05568	0.15523	0.21033	0.01123	0.05783	0.05333	0.01366	0.00875	0.01008	0.01851	0.00449	0.00404	0.00126	0.00607	0.00342	0.00237	0.00615
1	0.51899	0.04512	0.00966	0.00795	0.01029	0.11601	0.00650	0.05406	0.03320	0.01738	0.00685	0.00824	0.00557	0.00491	0.00500	0.00143	0.13813	0.00288	0.00268	0.00514
2	0.02312	0.00942	0.01542	0.07547	0.59240	0.00958	0.01183	0.01328	0.03401	0.02773	0.04886	0.03054	0.01032	0.00494	0.00449	0.00138	0.00485	0.03566	0.04025	0.00647
3	0.01535	0.00658	0.00881	0.00711	0.00978	0.00575	0.00573	0.01716	0.01263	0.54561	0.24977	0.02189	0.06005	0.00687	0.00476	0.00140	0.00324	0.00579	0.00529	0.00644
4	0.01217	0.80939	0.02297	0.00782	0.01158	0.05305	0.00770	0.01359	0.00925	0.01054	0.00625	0.00721	0.00574	0.00386	0.00292	0.00097	0.00493	0.00241	0.00193	0.00572
5	0.03457	0.00775	0.01033	0.00801	0.01140	0.00689	0.00662	0.04241	0.02834	0.75132	0.01739	0.01569	0.01121	0.00565	0.00450	0.00140	0.00383	0.01978	0.00541	0.00748
6	0.00611	0.00455	0.00568	0.00543	0.00656	0.00412	0.00406	0.00800	0.01209	0.01666	0.64607	0.05496	0.18981	0.00968	0.00529	0.00144	0.00215	0.00846	0.00476	0.00412
7	0.00644	0.00436	0.00491	0.00491	0.00501	0.00434	0.00281	0.00653	0.00671	0.00889	0.01564	0.02971	0.05678	0.78204	0.04007	0.00426	0.00440	0.00662	0.00278	0.00279
8	0.00545	0.00389	0.00519	0.00623	0.00649	0.00363	0.00415	0.00623	0.00856	0.01142	0.02465	0.83987	0.02959	0.01401	0.00571	0.00182	0.00260	0.01272	0.00415	0.00363
9	0.01196	0.84548	0.02344	0.00765	0.01148	0.01770	0.00765	0.01339	0.00909	0.01052	0.00622	0.00718	0.00574	0.00383	0.00287	0.00096	0.00478	0.00239	0.00191	0.00574
10	0.00545	0.00389	0.00519	0.00623	0.00649	0.00363	0.00415	0.00623	0.00856	0.01142	0.02465	0.83987	0.02959	0.01401	0.00571	0.00182	0.00260	0.01272	0.00415	0.00363
11	0.00928	0.00795	0.00928	0.00663	0.01060	0.00596	0.00530	0.01126	0.00928	0.01458	0.00795	0.00928	0.00663	0.00331	0.00331	0.00066	0.00331	0.00265	0.00265	0.87014
12	0.01206	0.00989	0.04774	0.02688	0.02709	0.01162	0.00917	0.08677	0.00956	0.15558	0.00944	0.04001	0.00792	0.00706	0.01051	0.00173	0.49476	0.00432	0.02220	0.00569
13	0.00928	0.00795	0.00928	0.00663	0.01060	0.00596	0.00530	0.01126	0.00928	0.01458	0.00795	0.00928	0.00663	0.00331	0.00331	0.00066	0.00331	0.00265	0.00265	0.87014
14	0.00833	0.04135	0.00940	0.00776	0.00846	0.00596	0.09289	0.00748	0.00661	0.00890	0.00789	0.01307	0.00759	0.01393	0.04548	0.65128	0.05480	0.00401	0.00199	0.00282
15	0.00708	0.05713	0.07848	0.00793	0.02470	0.00602	0.03686	0.00918	0.05233	0.02641	0.05557	0.53895	0.04608	0.01107	0.00526	0.00166	0.00339	0.02364	0.00379	0.00447
16	0.10073	0.00749	0.00924	0.00753	0.01039	0.00717	0.00609	0.01901	0.12393	0.49458	0.14812	0.01766	0.01597	0.00607	0.00446	0.00141	0.00345	0.00497	0.00502	0.00670
17	0.00575	0.00452	0.00520	0.00510	0.00635	0.00396	0.00380	0.00730	0.01120	0.01463	0.38200	0.07944	0.43377	0.01050	0.00530	0.00148	0.00221	0.00901	0.00449	0.00396
18	0.04281	0.15547	0.11173	0.00968	0.08205	0.02148	0.00806	0.03845	0.05044	0.02918	0.00841	0.00953	0.00679	0.00387	0.00356	0.00098	0.00429	0.00300	0.00260	0.40762
19	0.00914	0.00877	0.01213	0.01057	0.01061	0.01196	0.00860	0.01001	0.00687	0.01051	0.00766	0.03732	0.00805	0.11277	0.04249	0.00242	0.67890	0.00453	0.00213	0.00455
20	0.03359	0.00747	0.00987	0.00775	0.01089	0.00670	0.00634	0.04341	0.03434	0.66363	0.11136	0.01714	0.01461	0.00595	0.00456	0.00139	0.00363	0.00489	0.00536	0.00715
21	0.00787	0.00549	0.00668	0.00628	0.00769	0.00530	0.00469	0.01101	0.11858	0.06588	0.35740	0.15192	0.08369	0.04514	0.01630	0.00165	0.00280	0.01772	0.03510	0.04879
22	0.01189	0.05076	0.02766	0.05133	0.30110	0.08214	0.01947	0.05698	0.02890	0.10208	0.08406	0.01425	0.02554	0.01777	0.01527	0.00142	0.02814	0.00436	0.03308	0.04381
23	0.01506	0.00769	0.00943	0.00768	0.01040	0.00751	0.00618	0.12198	0.11701	0.39837	0.15633	0.01815	0.01646	0.00619	0.00452	0.00137	0.00347	0.00511	0.08045	0.00665
24	0.00585	0.00419	0.00519	0.00573	0.00613	0.00401	0.00381	0.00653	0.00816	0.01072	0.02355	0.43158	0.12538	0.25690	0.05244	0.00280	0.00359	0.03639	0.00364	0.00342
25	0.01084	0.01039	0.01774	0.09772	0.74641	0.01057	0.01361	0.01353	0.01008	0.01434	0.00837	0.01115	0.00699	0.00403	0.00443	0.00134	0.00537	0.00398	0.00219	0.00690
26	0.01079	0.09031	0.20845	0.01535	0.22018	0.06356	0.08915	0.06567	0.04551	0.01463	0.00992	0.07202	0.00859	0.01559	0.00458	0.00137	0.00555	0.00439	0.00254	0.05186

[dist]
# distance from previous block
# <min> <max>
4	13

[block]
# block no. 5 follows, 58 sequences, length 47
# corresponding to MSA columns:
# 263,264,271-315
name=unknown_F
#
# <colnr> <probs for GDERKNQSTAVLIFYWHMCP>
#	G	D	E	R	K	N	Q	S	T	A	V	L	I	F	Y	W	H	M	C	P
0	0.00586	0.00417	0.00496	0.00541	0.00575	0.00395	0.00344	0.00637	0.00796	0.01038	0.02342	0.38385	0.14278	0.35642	0.01270	0.00281	0.00327	0.00965	0.00356	0.00327
1	0.05678	0.00444	0.00439	0.00433	0.00547	0.00450	0.00327	0.01048	0.00944	0.01693	0.05167	0.01694	0.01254	0.00534	0.00321	0.00108	0.00216	0.00426	0.77857	0.00421
2	0.03892	0.01182	0.01266	0.00983	0.01318	0.01305	0.00804	0.69507	0.04903	0.04631	0.01122	0.01182	0.00824	0.04345	0.00527	0.00149	0.00478	0.00415	0.00438	0.00729
3	0.00651	0.00434	0.00488	0.00488	0.00488	0.00434	0.00271	0.00651	0.00651	0.00867	0.01409	0.02927	0.01626	0.84279	0.02277	0.00434	0.00434	0.00651	0.00271	0.00271
4	0.01700	0.01253	0.01342	0.01029	0.01387	0.01387	0.00850	0.79997	0.02103	0.02819	0.01074	0.01074	0.00761	0.00537	0.00447	0.00134	0.00492	0.00403	0.00447	0.00761
5	0.00928	0.00795	0.00928	0.00663	0.01060	0.00596	0.00530	0.01126	0.00928	0.01458	0.00795	0.00928	0.00663	0.00331	0.00331	0.00066	0.00331	0.00265	0.00265	0.87014
6	0.00834	0.00417	0.00417	0.00417	0.00521	0.00417	0.00313	0.01042	0.00938	0.01668	0.01459	0.01668	0.01147	0.00521	0.00313	0.00104	0.00208	0.00417	0.86763	0.00417
7	0.00540	0.00455	0.00468	0.00470	0.00617	0.00384	0.00355	0.00660	0.01032	0.01241	0.08206	0.04280	0.75189	0.01125	0.00531	0.00152	0.00231	0.03262	0.00419	0.00381
8	0.00897	0.02314	0.81962	0.01275	0.01936	0.01039	0.01653	0.01417	0.00944	0.01417	0.00803	0.00944	0.00567	0.00425	0.00425	0.00142	0.00661	0.00331	0.00189	0.00661
9	0.01056	0.01207	0.02640	0.01885	0.02338	0.01131	0.79864	0.01433	0.01056	0.01433	0.00905	0.01207	0.00679	0.00377	0.00528	0.00151	0.00754	0.00528	0.00226	0.00603
10	0.00850	0.00629	0.00755	0.00667	0.00826	0.00636	0.00515	0.14598	0.06847	0.01976	0.61989	0.02836	0.03429	0.00828	0.00509	0.00140	0.00269	0.00718	0.00482	0.00500
11	0.01012	0.01154	0.04215	0.01775	0.03860	0.01059	0.68411	0.01368	0.01043	0.01416	0.01053	0.04709	0.00884	0.00472	0.00531	0.00155	0.00707	0.05347	0.00244	0.00586
12	0.00966	0.00946	0.03502	0.54848	0.20496	0.03018	0.05225	0.01259	0.00951	0.03354	0.00834	0.01167	0.00638	0.00435	0.00449	0.00144	0.00591	0.00401	0.00215	0.00561
13	0.01092	0.00871	0.00927	0.00830	0.01062	0.00987	0.00646	0.06014	0.60200	0.03308	0.06813	0.01743	0.01485	0.00611	0.00441	0.00144	0.00334	0.00508	0.11327	0.00657
14	0.00892	0.00456	0.00477	0.00458	0.00582	0.00452	0.00349	0.02861	0.00979	0.05563	0.01594	0.01766	0.04672	0.00621	0.02398	0.00124	0.00249	0.00443	0.74623	0.00439
15	0.01010	0.01147	0.21996	0.01017	0.03284	0.00808	0.08506	0.08411	0.06393	0.10098	0.03793	0.19026	0.07665	0.00735	0.00479	0.00150	0.00452	0.00645	0.03807	0.00578
16	0.01332	0.01029	0.09837	0.01397	0.21361	0.00879	0.05099	0.01759	0.14298	0.27677	0.06372	0.01613	0.01221	0.00549	0.00462	0.00143	0.00454	0.03444	0.00389	0.00686
17	0.00554	0.00395	0.00529	0.00633	0.00662	0.00371	0.00430	0.00638	0.00865	0.01151	0.02461	0.80140	0.02940	0.01393	0.00573	0.00183	0.00267	0.05035	0.00415	0.00366
18	0.04855	0.01037	0.10907	0.07149	0.07341	0.00930	0.11055	0.09308	0.13721	0.02785	0.05160	0.09094	0.06917	0.00675	0.00501	0.00153	0.02236	0.05260	0.00338	0.00580
19	0.01208	0.10711	0.14463	0.02992	0.18914	0.03786	0.12431	0.14171	0.02246	0.06435	0.01004	0.03967	0.00799	0.00476	0.00433	0.00134	0.00546	0.00421	0.04215	0.00647
20	0.01079	0.01129	0.11435	0.01143	0.08752	0.10566	0.01962	0.03978	0.03264	0.08642	0.01230	0.16771	0.01167	0.00900	0.05993	0.00193	0.18291	0.00555	0.02403	0.00546
21	0.81301	0.00883	0.00737	0.00669	0.02387	0.01020	0.01859	0.02505	0.00790	0.01980	0.00638	0.00752	0.00498	0.00424	0.00311	0.00140	0.02080	0.00255	0.00276	0.00495
22	0.00645	0.00433	0.00499	0.00504	0.00509	0.00436	0.00290	0.00655	0.00663	0.00888	0.01452	0.06829	0.01670	0.76801	0.05602	0.00434	0.00458	0.00674	0.00277	0.00281
23	0.00827	0.00792	0.02316	0.02654	0.01154	0.04313	0.15373	0.01212	0.14005	0.01519	0.26241	0.06717	0.16062	0.02843	0.00567	0.00155	0.01659	0.00705	0.00387	0.00498
24	0.03409	0.21128	0.58428	0.01161	0.01740	0.01209	0.04323	0.01397	0.00935	0.01350	0.00760	0.00896	0.00570	0.00413	0.00393	0.00131	0.00614	0.00314	0.00193	0.00634
25	0.00542	0.00435	0.00485	0.00511	0.00623	0.00377	0.00369	0.00654	0.00994	0.01240	0.10578	0.27080	0.52160	0.01191	0.00541	0.00159	0.00235	0.01026	0.00422	0.00377
26	0.01141	0.01214	0.08053	0.07639	0.13394	0.10436	0.20918	0.09257	0.03990	0.04075	0.08104	0.03889	0.01099	0.00517	0.00480	0.00140	0.01630	0.00482	0.02942	0.00599
27	0.01222	0.01073	0.01070	0.00941	0.01205	0.06348	0.00736	0.12113	0.65711	0.01941	0.01654	0.01539	0.01239	0.00589	0.00451	0.00147	0.00400	0.00479	0.00440	0.00703
28	0.00659	0.00497	0.00684	0.00708	0.00801	0.00503	0.01992	0.00834	0.02193	0.01283	0.13577	0.16359	0.09942	0.05806	0.16860	0.00298	0.01838	0.24387	0.00377	0.00402
29	0.00897	0.02314	0.81962	0.01275	0.01936	0.01039	0.01653	0.01417	0.00944	0.01417	0.00803	0.00944	0.00567	0.00425	0.00425	0.00142	0.00661	0.00331	0.00189	0.00661
30	0.00718	0.00433	0.00480	0.00474	0.00582	0.00411	0.00353	0.00908	0.01044	0.01617	0.25662	0.05841	0.13839	0.00763	0.00418	0.00125	0.00214	0.00645	0.45062	0.00411
31	0.00545	0.00399	0.00512	0.00599	0.00643	0.00367	0.00405	0.00630	0.00887	0.01165	0.04504	0.71635	0.13356	0.01355	0.00564	0.00177	0.00254	0.01218	0.00417	0.00367
