[name]
unknown

[dist]
# distance from previous block
# <min> <max>
10	712

[block]
# block no. 0 follows, 55 sequences, length 10
# corresponding to MSA columns:
# 812-821
name=unknown_A
#
# <colnr> <probs for GDERKNQSTAVLIFYWHMCP>
#	G	D	E	R	K	N	Q	S	T	A	V	L	I	F	Y	W	H	M	C	P
0	0.04804	0.00595	0.00721	0.00675	0.00827	0.00582	0.00510	0.06449	0.03510	0.12399	0.23488	0.20081	0.08455	0.06306	0.03533	0.00198	0.00345	0.03454	0.02574	0.00495
1	0.04928	0.00563	0.00695	0.00671	0.00818	0.00531	0.00500	0.04113	0.01090	0.18003	0.10065	0.35207	0.09802	0.03582	0.00584	0.00174	0.00310	0.03638	0.04230	0.00494
2	0.00820	0.00491	0.00629	0.00658	0.00750	0.00462	0.00466	0.00967	0.03620	0.11813	0.05964	0.50315	0.05349	0.08037	0.00706	0.00198	0.00304	0.03639	0.04367	0.00444
3	0.00652	0.00577	0.04382	0.00609	0.00753	0.00479	0.00486	0.00864	0.04372	0.01453	0.23531	0.15596	0.31575	0.04603	0.00623	0.00173	0.00283	0.05164	0.03395	0.00430
4	0.05251	0.03614	0.00940	0.00772	0.01004	0.02374	0.00622	0.12676	0.14676	0.14685	0.14507	0.02009	0.01708	0.00669	0.00465	0.00142	0.01546	0.05066	0.16667	0.00606
5	0.02959	0.32971	0.05727	0.00981	0.01322	0.04489	0.07735	0.08129	0.07349	0.06740	0.05820	0.01289	0.01020	0.00624	0.03195	0.00151	0.04726	0.02045	0.00302	0.02427
6	0.07794	0.00709	0.00853	0.04315	0.01039	0.00716	0.00597	0.05824	0.12073	0.19530	0.29993	0.06209	0.06883	0.00777	0.00494	0.00150	0.00327	0.00657	0.00479	0.00581
7	0.01336	0.06881	0.04827	0.03556	0.03312	0.02370	0.05340	0.27552	0.07916	0.09377	0.01243	0.03948	0.01022	0.09949	0.04014	0.02341	0.00528	0.00477	0.00372	0.03638
8	0.09519	0.00807	0.00979	0.00794	0.01095	0.00772	0.00642	0.11455	0.03785	0.46785	0.04643	0.08497	0.06779	0.00690	0.00470	0.00149	0.00379	0.00563	0.00508	0.00690
9	0.01164	0.12511	0.39883	0.02829	0.05720	0.01124	0.08275	0.05751	0.01098	0.10937	0.02792	0.02461	0.00832	0.02049	0.00480	0.00147	0.00598	0.00406	0.00274	0.00669

[dist]
# distance from previous block
# <min> <max>
27	78

[block]
# block no. 1 follows, 55 sequences, length 9
# corresponding to MSA columns:
# 930-938
name=unknown_B
#
# <colnr> <probs for GDERKNQSTAVLIFYWHMCP>
#	G	D	E	R	K	N	Q	S	T	A	V	L	I	F	Y	W	H	M	C	P
0	0.05491	0.03406	0.12519	0.12140	0.03152	0.14139	0.05551	0.04512	0.02703	0.03240	0.07878	0.03597	0.02964	0.00595	0.00458	0.00140	0.00546	0.06352	0.00302	0.10313
1	0.00907	0.00815	0.05440	0.08398	0.01209	0.03093	0.02463	0.02833	0.11631	0.05309	0.26036	0.13790	0.05533	0.00800	0.00500	0.00146	0.00370	0.00697	0.00409	0.09620
2	0.00865	0.05912	0.03903	0.05893	0.04820	0.03369	0.00669	0.04028	0.01035	0.01404	0.10081	0.17495	0.07810	0.03805	0.03166	0.02568	0.00419	0.04819	0.00340	0.17599
3	0.00774	0.00875	0.10163	0.07434	0.03590	0.00718	0.14207	0.01009	0.00978	0.01320	0.04530	0.24928	0.12623	0.01095	0.06274	0.00207	0.02136	0.04335	0.00330	0.02474
4	0.03705	0.06403	0.07912	0.00891	0.01127	0.00769	0.08818	0.01144	0.04069	0.05875	0.11146	0.08795	0.13834	0.01177	0.10242	0.00231	0.02641	0.10349	0.00362	0.00510
5	0.01319	0.71781	0.02277	0.00848	0.01230	0.08697	0.00810	0.06250	0.01054	0.01212	0.00682	0.00777	0.00609	0.00415	0.00319	0.00104	0.00528	0.00264	0.00219	0.00604
6	0.00988	0.00791	0.00936	0.00693	0.01072	0.00604	0.00548	0.01183	0.00977	0.05407	0.01016	0.07621	0.00904	0.00445	0.00371	0.00082	0.00341	0.00369	0.00303	0.75347
7	0.00867	0.00434	0.00434	0.00434	0.00542	0.00434	0.00325	0.01084	0.00976	0.01734	0.01518	0.01734	0.01192	0.00542	0.00325	0.00108	0.00217	0.00434	0.86233	0.00434
8	0.04975	0.00883	0.09807	0.04157	0.04856	0.00743	0.06843	0.03750	0.05324	0.08188	0.04011	0.21930	0.02986	0.06089	0.02165	0.00198	0.00461	0.11733	0.00371	0.00531

[dist]
# distance from previous block
# <min> <max>
0	1

[block]
# block no. 2 follows, 55 sequences, length 12
# corresponding to MSA columns:
# 940-951
name=unknown_C
#
# <colnr> <probs for GDERKNQSTAVLIFYWHMCP>
#	G	D	E	R	K	N	Q	S	T	A	V	L	I	F	Y	W	H	M	C	P
0	0.11069	0.00793	0.01156	0.01551	0.33721	0.00794	0.00889	0.01157	0.01095	0.01636	0.21566	0.02517	0.08372	0.00732	0.00494	0.00153	0.00403	0.10986	0.00352	0.00564
1	0.01051	0.01024	0.01514	0.04850	0.14130	0.01304	0.03991	0.03940	0.00854	0.01276	0.00745	0.03037	0.00702	0.00715	0.01186	0.00183	0.56174	0.00433	0.00226	0.02665
2	0.00867	0.00434	0.00434	0.00434	0.00542	0.00434	0.00325	0.01084	0.00976	0.01734	0.01518	0.01734	0.01192	0.00542	0.00325	0.00108	0.00217	0.00434	0.86233	0.00434
3	0.51892	0.00974	0.01008	0.10451	0.01352	0.01094	0.04045	0.15561	0.01096	0.03936	0.00803	0.00929	0.00602	0.00457	0.00359	0.00142	0.00437	0.00320	0.00315	0.04229
4	0.02050	0.00852	0.01117	0.00856	0.01218	0.00774	0.00707	0.11366	0.01433	0.71829	0.01750	0.01528	0.01109	0.00574	0.00468	0.00143	0.00410	0.00462	0.00563	0.00792
5	0.86937	0.00900	0.00684	0.00612	0.00900	0.01044	0.00504	0.01368	0.00792	0.02087	0.00648	0.00756	0.00504	0.00432	0.00288	0.00144	0.00360	0.00252	0.00288	0.00504
6	0.00927	0.01057	0.10941	0.59901	0.02855	0.01046	0.08615	0.03537	0.00994	0.01310	0.00908	0.01358	0.00707	0.00489	0.00477	0.00156	0.00633	0.03313	0.00224	0.00552
7	0.00640	0.00495	0.00586	0.00559	0.00692	0.00452	0.00421	0.00868	0.04429	0.01652	0.50337	0.03761	0.31366	0.01019	0.00546	0.00151	0.00231	0.00878	0.00482	0.00435
8	0.00867	0.00434	0.00434	0.00434	0.00542	0.00434	0.00325	0.01084	0.00976	0.01734	0.01518	0.01734	0.01192	0.00542	0.00325	0.00108	0.00217	0.00434	0.86233	0.00434
9	0.01072	0.03614	0.24088	0.01841	0.18897	0.01113	0.31827	0.01455	0.01060	0.03534	0.04321	0.01242	0.00845	0.00450	0.00515	0.00149	0.02611	0.00463	0.00242	0.00660
10	0.00884	0.00628	0.00713	0.00672	0.00825	0.02694	0.00497	0.04576	0.06789	0.08555	0.12746	0.22170	0.16378	0.10781	0.00746	0.00192	0.00333	0.03556	0.00427	0.05838
11	0.04863	0.27193	0.07301	0.01159	0.10649	0.14084	0.00910	0.02847	0.12507	0.01399	0.02457	0.02996	0.04571	0.00543	0.00458	0.00132	0.04641	0.00402	0.00278	0.00609

[dist]
# distance from previous block
# <min> <max>
1	3

[block]
# block no. 3 follows, 55 sequences, length 51
# corresponding to MSA columns:
# 955-974,1001-1031
name=unknown_D
#
# <colnr> <probs for GDERKNQSTAVLIFYWHMCP>
#	G	D	E	R	K	N	Q	S	T	A	V	L	I	F	Y	W	H	M	C	P
0	0.48770	0.12325	0.09087	0.02115	0.01131	0.04284	0.00723	0.03035	0.04260	0.01785	0.03467	0.00988	0.00737	0.02223	0.00421	0.00147	0.03364	0.00315	0.00280	0.00546
1	0.05074	0.16214	0.28549	0.01168	0.08292	0.01184	0.01107	0.04329	0.17895	0.03034	0.06405	0.01346	0.02420	0.00525	0.00428	0.00140	0.00509	0.00416	0.00304	0.00661
2	0.01839	0.00810	0.01061	0.00803	0.01174	0.00685	0.00659	0.03586	0.01270	0.62369	0.01604	0.01441	0.01045	0.00526	0.00441	0.00128	0.00387	0.00425	0.00509	0.19238
3	0.00968	0.02954	0.30746	0.01548	0.17971	0.00967	0.11131	0.01329	0.01046	0.03102	0.09857	0.03540	0.01290	0.00695	0.03643	0.00175	0.02332	0.05808	0.00275	0.00624
4	0.00867	0.00434	0.00434	0.00434	0.00542	0.00434	0.00325	0.01084	0.00976	0.01734	0.01518	0.01734	0.01192	0.00542	0.00325	0.00108	0.00217	0.00434	0.86233	0.00434
5	0.00826	0.03291	0.00803	0.00748	0.03884	0.11125	0.00540	0.01022	0.01271	0.01674	0.57116	0.03056	0.11123	0.00874	0.00521	0.00142	0.00323	0.00750	0.00448	0.00464
6	0.00867	0.00434	0.00434	0.00434	0.00542	0.00434	0.00325	0.01084	0.00976	0.01734	0.01518	0.01734	0.01192	0.00542	0.00325	0.00108	0.00217	0.00434	0.86233	0.00434
7	0.00573	0.00472	0.00503	0.00496	0.00643	0.00403	0.00372	0.00713	0.01115	0.01387	0.20898	0.04263	0.64293	0.01130	0.00550	0.00155	0.00232	0.00952	0.00449	0.00403
8	0.01041	0.03718	0.23935	0.01209	0.12993	0.02179	0.01033	0.03635	0.01039	0.02989	0.02473	0.01055	0.00750	0.00409	0.00399	0.00108	0.00488	0.00334	0.00260	0.39954
9	0.01113	0.14981	0.31408	0.01125	0.02951	0.04654	0.05202	0.12426	0.05143	0.01644	0.08474	0.05403	0.01167	0.01743	0.00474	0.00144	0.00557	0.00459	0.00296	0.00637
10	0.00867	0.00434	0.00434	0.00434	0.00542	0.00434	0.00325	0.01084	0.00976	0.01734	0.01518	0.01734	0.01192	0.00542	0.00325	0.00108	0.00217	0.00434	0.86233	0.00434
11	0.05267	0.11899	0.02894	0.00758	0.01154	0.07976	0.00637	0.01277	0.00985	0.01454	0.00785	0.00915	0.00658	0.00370	0.00344	0.00083	0.00416	0.00275	0.00261	0.61590
12	0.00878	0.02923	0.40056	0.02663	0.04732	0.00913	0.07003	0.01270	0.02508	0.01458	0.12300	0.01653	0.03934	0.04033	0.08233	0.00215	0.02046	0.00484	0.00269	0.02429
13	0.00933	0.02406	0.81240	0.01326	0.02014	0.01080	0.01719	0.01473	0.00982	0.01473	0.00835	0.00982	0.00589	0.00442	0.00442	0.00147	0.00688	0.00344	0.00196	0.00688
14	0.01048	0.00890	0.04072	0.02745	0.01157	0.02298	0.03164	0.08293	0.26699	0.05671	0.23380	0.03992	0.04523	0.00784	0.02243	0.00161	0.00393	0.02421	0.00440	0.05628
15	0.01144	0.57811	0.27685	0.00966	0.01457	0.01597	0.01092	0.01419	0.00957	0.01216	0.00707	0.00822	0.00595	0.00412	0.00344	0.00115	0.00558	0.00279	0.00198	0.00626
16	0.01293	0.05248	0.02976	0.00830	0.01203	0.00930	0.00695	0.20691	0.04576	0.10928	0.02581	0.01279	0.04056	0.00494	0.00428	0.00109	0.01974	0.00384	0.00368	0.38957
17	0.00879	0.00827	0.01395	0.82532	0.03204	0.01034	0.01292	0.01189	0.00930	0.01189	0.00827	0.01240	0.00620	0.00465	0.00465	0.00155	0.00620	0.00413	0.00207	0.00517
18	0.00879	0.00827	0.01395	0.82532	0.03204	0.01034	0.01292	0.01189	0.00930	0.01189	0.00827	0.01240	0.00620	0.00465	0.00465	0.00155	0.00620	0.00413	0.00207	0.00517
19	0.01082	0.01035	0.01746	0.10161	0.60617	0.01083	0.03029	0.01341	0.01014	0.01441	0.00953	0.04629	0.00851	0.00510	0.00554	0.00149	0.06903	0.01988	0.00238	0.00675
20	0.00658	0.00476	0.00622	0.00585	0.00695	0.00439	0.00439	0.00878	0.01317	0.01866	0.80503	0.03475	0.04390	0.00951	0.00549	0.00146	0.00219	0.00841	0.00512	0.00439
21	0.00867	0.00434	0.00434	0.00434	0.00542	0.00434	0.00325	0.01084	0.00976	0.01734	0.01518	0.01734	0.01192	0.00542	0.00325	0.00108	0.00217	0.00434	0.86233	0.00434
22	0.01341	0.01091	0.01156	0.00984	0.01280	0.01243	0.00781	0.25582	0.56499	0.02243	0.01660	0.01549	0.01231	0.00609	0.00471	0.00152	0.00411	0.00494	0.00471	0.00753
23	0.01703	0.02159	0.01324	0.01200	0.01428	0.77861	0.00905	0.01822	0.01289	0.01138	0.00714	0.00848	0.00600	0.00496	0.00474	0.00124	0.04839	0.00305	0.00238	0.00538
24	0.00849	0.00760	0.01065	0.07150	0.05596	0.02306	0.00804	0.01041	0.04061	0.01167	0.01169	0.10884	0.01164	0.05052	0.28259	0.00384	0.26991	0.00558	0.00262	0.00477
25	0.01738	0.02217	0.01318	0.01199	0.01438	0.81783	0.00899	0.01858	0.01318	0.01139	0.00719	0.00839	0.00599	0.00479	0.00419	0.00120	0.00839	0.00300	0.00240	0.00539
26	0.00934	0.02255	0.73348	0.01305	0.01950	0.01061	0.03929	0.01482	0.03424	0.01503	0.03939	0.01109	0.00765	0.00466	0.00450	0.00148	0.00663	0.00375	0.00218	0.00678
27	0.01157	0.00999	0.01052	0.00947	0.01210	0.01157	0.00736	0.02472	0.79908	0.01946	0.01893	0.01736	0.01420	0.00631	0.00473	0.00158	0.00368	0.00526	0.00473	0.00736
28	0.00767	0.00417	0.00577	0.00579	0.00580	0.00417	0.00370	0.00627	0.00631	0.00842	0.01026	0.03429	0.01099	0.24594	0.01949	0.60728	0.00415	0.00498	0.00229	0.00228
29	0.32328	0.06225	0.03994	0.00826	0.01162	0.03553	0.02239	0.15078	0.07463	0.06726	0.01012	0.04092	0.00804	0.00504	0.00379	0.00133	0.00427	0.00370	0.00343	0.12342
30	0.01768	0.01303	0.01396	0.01070	0.01443	0.01443	0.00884	0.79197	0.02187	0.02932	0.01117	0.01117	0.00791	0.00558	0.00465	0.00140	0.00512	0.00419	0.00465	0.00791
31	0.01281	0.80229	0.02377	0.00797	0.01194	0.01789	0.00791	0.01432	0.00962	0.04655	0.00700	0.00784	0.00622	0.00406	0.00306	0.00101	0.00493	0.00259	0.00216	0.00606
32	0.00867	0.00434	0.00434	0.00434	0.00542	0.00434	0.00325	0.01084	0.00976	0.01734	0.01518	0.01734	0.01192	0.00542	0.00325	0.00108	0.00217	0.00434	0.86233	0.00434
33	0.01267	0.01883	0.50627	0.01264	0.03499	0.01061	0.05067	0.11872	0.01212	0.16230	0.01061	0.01126	0.00727	0.00479	0.00455	0.00146	0.00613	0.00388	0.00304	0.00718
34	0.00668	0.00476	0.00611	0.00584	0.00696	0.00435	0.00435	0.00868	0.01265	0.03180	0.66929	0.09061	0.11046	0.01000	0.00550	0.00150	0.00228	0.00881	0.00501	0.00437
35	0.00725	0.00587	0.00863	0.00828	0.00897	0.00725	0.00656	0.00880	0.00742	0.01087	0.01138	0.01690	0.01069	0.03033	0.68129	0.00655	0.15141	0.00483	0.00241	0.00431
36	0.01035	0.01131	0.02355	0.25222	0.02654	0.01135	0.56607	0.01403	0.01050	0.01403	0.00908	0.01251	0.00681	0.00413	0.00525	0.00156	0.00737	0.00510	0.00227	0.00596
37	0.01270	0.00987	0.01850	0.01411	0.01759	0.00944	0.39299	0.01597	0.03869	0.20733	0.01467	0.02102	0.01210	0.00632	0.00584	0.00167	0.03922	0.15205	0.00361	0.00628
38	0.00879	0.00827	0.01395	0.82532	0.03204	0.01034	0.01292	0.01189	0.00930	0.01189	0.00827	0.01240	0.00620	0.00465	0.00465	0.00155	0.00620	0.00413	0.00207	0.00517
39	0.00867	0.00434	0.00434	0.00434	0.00542	0.00434	0.00325	0.01084	0.00976	0.01734	0.01518	0.01734	0.01192	0.00542	0.00325	0.00108	0.00217	0.00434	0.86233	0.00434
40	0.00718	0.00525	0.02132	0.02515	0.00715	0.02851	0.00441	0.00718	0.00766	0.01004	0.01617	0.27862	0.01846	0.28679	0.01488	0.22498	0.00401	0.02600	0.00307	0.00316
41	0.00867	0.00434	0.00434	0.00434	0.00542	0.00434	0.00325	0.01084	0.00976	0.01734	0.01518	0.01734	0.01192	0.00542	0.00325	0.00108	0.00217	0.00434	0.86233	0.00434
42	0.01171	0.46329	0.06990	0.04974	0.06101	0.06060	0.00871	0.05369	0.01048	0.02792	0.02692	0.11695	0.01032	0.00572	0.00388	0.00124	0.00502	0.00442	0.00262	0.00586
43	0.01148	0.08950	0.08050	0.05158	0.11519	0.02645	0.00934	0.08984	0.34899	0.01744	0.02975	0.03200	0.04673	0.00599	0.00482	0.00148	0.02358	0.00490	0.00367	0.00677
44	0.36064	0.09451	0.08609	0.01157	0.11421	0.20483	0.02644	0.01521	0.01000	0.02831	0.00736	0.00870	0.00588	0.00440	0.00365	0.00134	0.00553	0.00302	0.00255	0.00575
45	0.01345	0.50672	0.06521	0.00895	0.01274	0.01562	0.00858	0.17680	0.01227	0.05899	0.00928	0.02576	0.00797	0.00508	0.00398	0.00122	0.02368	0.03440	0.00289	0.00641
46	0.01195	0.10156	0.16832	0.01064	0.07676	0.00959	0.02200	0.05789	0.03548	0.11412	0.00989	0.01073	0.00750	0.00425	0.00397	0.00110	0.00468	0.00341	0.00302	0.34314
47	0.15579	0.01028	0.06032	0.37526	0.07811	0.04951	0.09845	0.01269	0.00953	0.01413	0.00970	0.08797	0.00845	0.00540	0.00453	0.00153	0.00571	0.00477	0.00247	0.00541
48	0.00867	0.00434	0.00434	0.00434	0.00542	0.00434	0.00325	0.01084	0.00976	0.01734	0.01518	0.01734	0.01192	0.00542	0.00325	0.00108	0.00217	0.00434	0.86233	0.00434
49	0.00995	0.00934	0.01400	0.36299	0.25842	0.04099	0.01150	0.02965	0.07662	0.01386	0.01159	0.11898	0.01044	0.00595	0.00479	0.00153	0.00539	0.00537	0.00272	0.00590
50	0.57907	0.06312	0.02796	0.00815	0.02542	0.16720	0.00659	0.01486	0.02611	0.01794	0.00696	0.00811	0.00556	0.00452	0.00352	0.00138	0.02276	0.00275	0.00272	0.00530

[dist]
# distance from previous block
# <min> <max>
1	7

[block]
# block no. 4 follows, 55 sequences, length 53
# corresponding to MSA columns:
# 1039-1091
name=unknown_E
#
# <colnr> <probs for GDERKNQSTAVLIFYWHMCP>
#	G	D	E	R	K	N	Q	S	T	A	V	L	I	F	Y	W	H	M	C	P
0	0.01162	0.23696	0.22692	0.03076	0.18851	0.04470	0.12675	0.05527	0.01081	0.01443	0.00819	0.01002	0.00652	0.00425	0.00424	0.00133	0.00617	0.00367	0.00226	0.00662
1	0.00920	0.00906	0.00886	0.00845	0.00965	0.19540	0.02176	0.01065	0.00914	0.01127	0.04757	0.05256	0.01294	0.09232	0.47390	0.00513	0.00987	0.00519	0.00269	0.00437
2	0.01316	0.01147	0.01830	0.04361	0.24419	0.01215	0.19466	0.20000	0.03505	0.06502	0.01000	0.01196	0.00767	0.00509	0.00613	0.00152	0.10546	0.00453	0.00311	0.00693
3	0.01018	0.01018	0.01425	0.01221	0.01221	0.01425	0.01018	0.01120	0.00712	0.01120	0.00611	0.01018	0.00611	0.00814	0.01527	0.00204	0.82799	0.00407	0.00204	0.00509
4	0.00657	0.00488	0.00618	0.00614	0.00726	0.00455	0.00467	0.00877	0.03258	0.01666	0.51947	0.11565	0.14668	0.01060	0.00561	0.00159	0.00253	0.09046	0.00483	0.00433
5	0.01028	0.01047	0.01585	0.01311	0.01368	0.01395	0.10469	0.01164	0.00759	0.01164	0.00651	0.01047	0.00622	0.00763	0.01408	0.00198	0.72867	0.00424	0.00207	0.00523
6	0.00560	0.00472	0.00486	0.00482	0.00635	0.00397	0.00362	0.00688	0.01085	0.01316	0.12027	0.04380	0.73209	0.01156	0.00550	0.00156	0.00234	0.00968	0.00440	0.00397
7	0.01038	0.34258	0.42830	0.01086	0.02856	0.01330	0.01254	0.01395	0.00995	0.01355	0.06871	0.01083	0.00886	0.00463	0.00394	0.00128	0.00575	0.00346	0.00222	0.00634
8	0.00665	0.00498	0.00748	0.00748	0.00831	0.00582	0.00582	0.00831	0.00748	0.01080	0.01246	0.01828	0.01163	0.03489	0.81807	0.00748	0.01246	0.00498	0.00249	0.00415
9	0.00665	0.00496	0.00737	0.00737	0.00817	0.00576	0.00569	0.00824	0.00745	0.01072	0.01256	0.01880	0.01186	0.06945	0.78382	0.00735	0.01212	0.00506	0.00251	0.00410
10	0.86937	0.00900	0.00684	0.00612	0.00900	0.01044	0.00504	0.01368	0.00792	0.02087	0.00648	0.00756	0.00504	0.00432	0.00288	0.00144	0.00360	0.00252	0.00288	0.00504
11	0.04127	0.01671	0.41716	0.01174	0.01685	0.00991	0.08350	0.04721	0.07295	0.13578	0.06347	0.01318	0.01009	0.00507	0.00457	0.00145	0.00567	0.00426	0.00316	0.03600
12	0.00867	0.00434	0.00434	0.00434	0.00542	0.00434	0.00325	0.01084	0.00976	0.01734	0.01518	0.01734	0.01192	0.00542	0.00325	0.00108	0.00217	0.00434	0.86233	0.00434
13	0.00965	0.00927	0.01530	0.50216	0.19832	0.01117	0.02552	0.01234	0.00925	0.01255	0.00803	0.01184	0.00646	0.00511	0.00642	0.00159	0.14309	0.00415	0.00212	0.00565
14	0.01075	0.12463	0.39530	0.02891	0.02033	0.03760	0.27186	0.01491	0.01032	0.02990	0.00862	0.01054	0.00641	0.00424	0.00459	0.00144	0.00693	0.00402	0.00219	0.00650
15	0.00750	0.00565	0.00791	0.00860	0.02290	0.00552	0.02240	0.00942	0.01028	0.01358	0.02354	0.13456	0.05629	0.03344	0.00671	0.00204	0.01821	0.55225	0.00405	0.05513
16	0.01021	0.00992	0.05319	0.08819	0.07767	0.00813	0.08060	0.05030	0.01042	0.01549	0.00856	0.01041	0.00688	0.00381	0.00395	0.00098	0.00453	0.00335	0.00267	0.55074
17	0.01167	0.11527	0.25421	0.01073	0.04623	0.01008	0.02136	0.04520	0.09354	0.13840	0.02862	0.01948	0.05319	0.00640	0.00468	0.00150	0.00502	0.10970	0.00347	0.02125
18	0.00867	0.00434	0.00434	0.00434	0.00542	0.00434	0.00325	0.01084	0.00976	0.01734	0.01518	0.01734	0.01192	0.00542	0.00325	0.00108	0.00217	0.00434	0.86233	0.00434
19	0.01327	0.04260	0.03166	0.02907	0.25004	0.01232	0.01013	0.22387	0.28572	0.03336	0.01296	0.01334	0.00984	0.00531	0.00460	0.00144	0.00478	0.00447	0.00380	0.00742
20	0.06139	0.07132	0.47480	0.01540	0.18698	0.01119	0.01438	0.01530	0.04569	0.04813	0.00910	0.01049	0.00677	0.00447	0.00430	0.00142	0.00601	0.00361	0.00237	0.00688
21	0.07213	0.11267	0.47381	0.01159	0.01697	0.07340	0.01324	0.12068	0.02466	0.02724	0.00861	0.00968	0.00634	0.00460	0.00417	0.00139	0.00622	0.00338	0.00253	0.00669
22	0.01060	0.31601	0.45601	0.01195	0.01758	0.01363	0.08594	0.01446	0.00980	0.01339	0.00777	0.00923	0.00603	0.00422	0.00400	0.00131	0.00628	0.00329	0.00201	0.00649
23	0.00740	0.00538	0.00762	0.04700	0.01045	0.00545	0.00748	0.00947	0.01049	0.01365	0.02395	0.11777	0.02614	0.01261	0.00630	0.00209	0.00424	0.67403	0.00418	0.00428
24	0.01529	0.05150	0.01182	0.01094	0.12307	0.00835	0.00767	0.11349	0.01299	0.37665	0.01880	0.11122	0.07520	0.00716	0.00485	0.00149	0.00412	0.03397	0.00461	0.00682
25	0.01244	0.83930	0.02438	0.00796	0.01194	0.01841	0.00796	0.01393	0.00945	0.01095	0.00647	0.00746	0.00597	0.00398	0.00299	0.00100	0.00498	0.00249	0.00199	0.00597
26	0.00677	0.00451	0.00507	0.00507	0.00507	0.00451	0.00282	0.00677	0.00677	0.00902	0.01466	0.03044	0.01691	0.83650	0.02368	0.00451	0.00451	0.00677	0.00282	0.00282
27	0.00965	0.00827	0.00965	0.00689	0.01102	0.00620	0.00551	0.01171	0.00965	0.01516	0.00827	0.00965	0.00689	0.00345	0.00345	0.00069	0.00345	0.00276	0.00276	0.86494
28	0.00879	0.00827	0.01395	0.82532	0.03204	0.01034	0.01292	0.01189	0.00930	0.01189	0.00827	0.01240	0.00620	0.00465	0.00465	0.00155	0.00620	0.00413	0.00207	0.00517
29	0.00879	0.00827	0.01395	0.82532	0.03204	0.01034	0.01292	0.01189	0.00930	0.01189	0.00827	0.01240	0.00620	0.00465	0.00465	0.00155	0.00620	0.00413	0.00207	0.00517
30	0.00747	0.00534	0.00746	0.00849	0.00956	0.00533	0.00741	0.00961	0.01078	0.01405	0.04639	0.05198	0.02725	0.01276	0.00640	0.00212	0.00423	0.75477	0.00431	0.00429
31	0.00879	0.00827	0.01395	0.82532	0.03204	0.01034	0.01292	0.01189	0.00930	0.01189	0.00827	0.01240	0.00620	0.00465	0.00465	0.00155	0.00620	0.00413	0.00207	0.00517
32	0.01205	0.73743	0.12285	0.00862	0.01296	0.01746	0.00911	0.01403	0.00950	0.01142	0.00670	0.00776	0.00596	0.00404	0.00316	0.00105	0.00521	0.00261	0.00199	0.00608
33	0.00808	0.00404	0.00606	0.00606	0.00606	0.00404	0.00404	0.00606	0.00606	0.00808	0.00808	0.01414	0.00808	0.01616	0.01818	0.86465	0.00404	0.00404	0.00202	0.00202
34	0.00567	0.00405	0.00540	0.00648	0.00675	0.00378	0.00432	0.00648	0.00891	0.01188	0.02564	0.83347	0.03077	0.01457	0.00594	0.00189	0.00270	0.01323	0.00432	0.00378
35	0.00676	0.00453	0.00516	0.00516	0.00519	0.00456	0.00292	0.00682	0.00679	0.00908	0.01458	0.03002	0.01673	0.80890	0.05104	0.00461	0.00478	0.00670	0.00281	0.00286
36	0.01628	0.02025	0.01322	0.01193	0.01403	0.68965	0.00908	0.01787	0.03949	0.01164	0.00746	0.00892	0.00629	0.00526	0.00560	0.00132	0.11064	0.00321	0.00243	0.00542
37	0.00595	0.00473	0.00534	0.00519	0.00656	0.00412	0.00389	0.00755	0.01167	0.01510	0.36182	0.04061	0.48932	0.01084	0.00549	0.00153	0.00229	0.00923	0.00465	0.00412
38	0.00750	0.00535	0.00750	0.00857	0.00964	0.00535	0.00750	0.00964	0.01071	0.01392	0.02463	0.05248	0.02677	0.01285	0.00643	0.00214	0.00428	0.77617	0.00428	0.00428
39	0.00904	0.00862	0.01487	0.74403	0.07228	0.01044	0.05117	0.01216	0.00945	0.01221	0.00835	0.01236	0.00630	0.00459	0.00469	0.00154	0.00625	0.00420	0.00209	0.00534
40	0.01215	0.76356	0.09760	0.00845	0.01270	0.01770	0.00882	0.01400	0.00949	0.01130	0.00664	0.00768	0.00596	0.00402	0.00312	0.00104	0.00515	0.00258	0.00199	0.00605
41	0.00601	0.00434	0.00575	0.00677	0.00719	0.00415	0.00473	0.00728	0.02962	0.01229	0.02536	0.73022	0.02992	0.01418	0.00596	0.00191	0.00289	0.09317	0.00433	0.00392
42	0.02012	0.00775	0.01056	0.00815	0.01162	0.00671	0.00671	0.02194	0.01331	0.76922	0.05956	0.01683	0.01321	0.00595	0.00472	0.00144	0.00387	0.00487	0.00572	0.00773
43	0.08588	0.46324	0.27975	0.00949	0.01425	0.01466	0.01062	0.01426	0.00961	0.03142	0.02510	0.00904	0.00683	0.00432	0.00354	0.00121	0.00539	0.00298	0.00221	0.00619
44	0.00879	0.00827	0.01395	0.82532	0.03204	0.01034	0.01292	0.01189	0.00930	0.01189	0.00827	0.01240	0.00620	0.00465	0.00465	0.00155	0.00620	0.00413	0.00207	0.00517
45	0.01165	0.15129	0.07550	0.10113	0.05485	0.06882	0.38988	0.05080	0.01105	0.01429	0.00857	0.01107	0.00667	0.00426	0.00491	0.00143	0.02090	0.00440	0.00234	0.00619
46	0.00933	0.02406	0.81240	0.01326	0.02014	0.01080	0.01719	0.01473	0.00982	0.01473	0.00835	0.00982	0.00589	0.00442	0.00442	0.00147	0.00688	0.00344	0.00196	0.00688
47	0.00567	0.00405	0.00540	0.00648	0.00675	0.00378	0.00432	0.00648	0.00891	0.01188	0.02564	0.83347	0.03077	0.01457	0.00594	0.00189	0.00270	0.01323	0.00432	0.00378
48	0.01292	0.04467	0.01168	0.00908	0.01239	0.08217	0.00725	0.15531	0.31152	0.04204	0.01295	0.01282	0.00986	0.00512	0.00423	0.00123	0.00435	0.00402	0.00387	0.25252
49	0.01165	0.01368	0.20496	0.04481	0.09147	0.03101	0.01043	0.16087	0.01211	0.03010	0.00892	0.01036	0.00688	0.00450	0.00467	0.00120	0.04402	0.00348	0.00286	0.30204
50	0.01038	0.01044	0.05529	0.02709	0.04481	0.02806	0.01009	0.01185	0.00788	0.04748	0.00767	0.01140	0.00702	0.01060	0.10490	0.00255	0.59076	0.00415	0.00227	0.00530
51	0.00657	0.00484	0.00702	0.00712	0.00780	0.00548	0.00534	0.00797	0.00753	0.01070	0.01393	0.09537	0.01399	0.12193	0.65448	0.00663	0.01067	0.00595	0.00270	0.00397
52	0.00646	0.00477	0.00645	0.00752	0.03315	0.00455	0.00542	0.00786	0.00997	0.01324	0.11049	0.42407	0.09083	0.02752	0.02057	0.00201	0.00333	0.21339	0.00427	0.00410

[dist]
# distance from previous block
# <min> <max>
4	5

[block]
# block no. 5 follows, 55 sequences, length 23
# corresponding to MSA columns:
# 1097-1119
name=unknown_F
#
# <colnr> <probs for GDERKNQSTAVLIFYWHMCP>
#	G	D	E	R	K	N	Q	S	T	A	V	L	I	F	Y	W	H	M	C	P
0	0.01092	0.07811	0.50582	0.01385	0.06402	0.01136	0.08849	0.01510	0.01006	0.08443	0.00905	0.01057	0.00661	0.00472	0.00526	0.00148	0.06729	0.00376	0.00236	0.00674
1	0.01891	0.00751	0.01015	0.00797	0.01126	0.00656	0.00653	0.02066	0.01278	0.70551	0.02014	0.01812	0.07031	0.00788	0.05163	0.00180	0.00433	0.00508	0.00546	0.00740
2	0.01035	0.02264	0.74172	0.01282	0.01941	0.01045	0.01628	0.01543	0.01013	0.08492	0.00923	0.01035	0.00639	0.00454	0.00444	0.00147	0.00662	0.00355	0.00230	0.00697
3	0.01353	0.01222	0.01303	0.01089	0.01388	0.10699	0.07693	0.21113	0.41865	0.02030	0.01502	0.02903	0.01156	0.00600	0.00477	0.00150	0.00495	0.01834	0.00421	0.00705
4	0.01585	0.10015	0.11949	0.01177	0.01491	0.63552	0.00997	0.01763	0.01239	0.01178	0.00727	0.00849	0.00598	0.00467	0.00411	0.00122	0.00787	0.00301	0.00230	0.00564
5	0.00726	0.00602	0.00796	0.00803	0.00870	0.02178	0.02619	0.00846	0.00909	0.01207	0.02230	0.33262	0.09692	0.08529	0.02464	0.00225	0.13777	0.17484	0.00368	0.00413
6	0.01378	0.01206	0.01119	0.00986	0.01259	0.15090	0.00767	0.06381	0.54736	0.09384	0.01644	0.01533	0.01219	0.00596	0.00463	0.00149	0.00460	0.00476	0.00442	0.00710
7	0.00882	0.00809	0.01317	0.32233	0.28973	0.00875	0.01089	0.01120	0.00978	0.01308	0.01522	0.17388	0.08184	0.00703	0.00496	0.00156	0.00495	0.00640	0.00278	0.00554
8	0.00914	0.00860	0.01450	0.67441	0.15572	0.01027	0.01290	0.01212	0.00950	0.01242	0.00884	0.03542	0.00708	0.00485	0.00468	0.00153	0.00599	0.00439	0.00217	0.00548
9	0.00808	0.00404	0.00606	0.00606	0.00606	0.00404	0.00404	0.00606	0.00606	0.00808	0.00808	0.01414	0.00808	0.01616	0.01818	0.86465	0.00404	0.00404	0.00202	0.00202
10	0.01448	0.00981	0.01123	0.08118	0.01391	0.03343	0.00782	0.14920	0.33008	0.21806	0.03459	0.04952	0.01291	0.00628	0.00475	0.00151	0.00427	0.00518	0.00467	0.00713
11	0.01513	0.01862	0.01254	0.11856	0.01598	0.63407	0.00906	0.01654	0.01227	0.01150	0.00909	0.08740	0.00838	0.00571	0.00442	0.00131	0.00756	0.00412	0.00254	0.00521
12	0.02057	0.00840	0.01110	0.00851	0.01212	0.00756	0.00703	0.09585	0.01413	0.73638	0.01767	0.01539	0.01117	0.00574	0.00468	0.00144	0.00407	0.00463	0.00565	0.00792
13	0.01961	0.00764	0.01039	0.00806	0.01144	0.00662	0.00662	0.02145	0.01330	0.74087	0.08772	0.01750	0.01437	0.00609	0.00475	0.00144	0.00380	0.00501	0.00570	0.00761
14	0.00584	0.00470	0.00521	0.00514	0.00651	0.00407	0.00383	0.00733	0.01133	0.01444	0.28305	0.07437	0.53544	0.01119	0.00551	0.00155	0.00232	0.00952	0.00457	0.00407
15	0.00808	0.00404	0.00606	0.00606	0.00606	0.00404	0.00404	0.00606	0.00606	0.00808	0.00808	0.01414	0.00808	0.01616	0.01818	0.86465	0.00404	0.00404	0.00202	0.00202
16	0.01151	0.01105	0.01888	0.02855	0.80748	0.01105	0.01428	0.01428	0.01059	0.01520	0.00875	0.01151	0.00737	0.00415	0.00461	0.00138	0.00553	0.00415	0.00230	0.00737
17	0.00769	0.00418	0.00576	0.00576	0.00576	0.00418	0.00367	0.00627	0.00627	0.00836	0.01005	0.01903	0.01073	0.26219	0.01983	0.60668	0.00418	0.00486	0.00226	0.00226
18	0.00867	0.00434	0.00434	0.00434	0.00542	0.00434	0.00325	0.01084	0.00976	0.01734	0.01518	0.01734	0.01192	0.00542	0.00325	0.00108	0.00217	0.00434	0.86233	0.00434
19	0.01241	0.65496	0.12414	0.00888	0.01318	0.01698	0.00919	0.07188	0.02836	0.01298	0.00734	0.00826	0.00629	0.00421	0.00333	0.00110	0.00520	0.00280	0.00225	0.00626
20	0.00567	0.00405	0.00540	0.00648	0.00675	0.00378	0.00432	0.00648	0.00891	0.01188	0.02564	0.83347	0.03077	0.01457	0.00594	0.00189	0.00270	0.01323	0.00432	0.00378
21	0.01244	0.83930	0.02438	0.00796	0.01194	0.01841	0.00796	0.01393	0.00945	0.01095	0.00647	0.00746	0.00597	0.00398	0.00299	0.00100	0.00498	0.00249	0.00199	0.00597
22	0.52347	0.00938	0.01045	0.00989	0.08679	0.01013	0.06459	0.03784	0.04247	0.13240	0.00967	0.01103	0.00730	0.00479	0.00370	0.00146	0.00421	0.02117	0.00336	0.00592

[dist]
# distance from previous block
# <min> <max>
0	1

[block]
# block no. 6 follows, 55 sequences, length 57
# corresponding to MSA columns:
# 1121-1130,1132-1161,1168-1184
name=unknown_G
#
# <colnr> <probs for GDERKNQSTAVLIFYWHMCP>
#	G	D	E	R	K	N	Q	S	T	A	V	L	I	F	Y	W	H	M	C	P
0	0.01137	0.20453	0.01366	0.00781	0.01172	0.02742	0.00662	0.08683	0.07318	0.01576	0.00894	0.00986	0.00733	0.00403	0.00357	0.00091	0.00409	0.00303	0.00290	0.49645
1	0.01230	0.01280	0.01297	0.01119	0.01260	0.20548	0.00899	0.01517	0.11894	0.03199	0.00864	0.01083	0.00741	0.00660	0.00981	0.00163	0.42143	0.00387	0.00265	0.08469
2	0.01244	0.83930	0.02438	0.00796	0.01194	0.01841	0.00796	0.01393	0.00945	0.01095	0.00647	0.00746	0.00597	0.00398	0.00299	0.00100	0.00498	0.00249	0.00199	0.00597
3	0.00952	0.00924	0.01452	0.72336	0.04649	0.04825	0.04144	0.02936	0.00985	0.01242	0.00833	0.01218	0.00628	0.00464	0.00466	0.00153	0.00633	0.00413	0.00215	0.00532
4	0.03446	0.01017	0.01172	0.00994	0.04571	0.01079	0.00761	0.36462	0.11445	0.20263	0.02715	0.01542	0.01101	0.09100	0.02037	0.00185	0.00467	0.00474	0.00456	0.00712
5	0.00651	0.00475	0.00612	0.00578	0.00691	0.00436	0.00433	0.00864	0.01300	0.01827	0.75656	0.03539	0.09260	0.00966	0.00549	0.00147	0.00221	0.00850	0.00507	0.00436
6	0.01768	0.01303	0.01396	0.01070	0.01443	0.01443	0.00884	0.79197	0.02187	0.02932	0.01117	0.01117	0.00791	0.00558	0.00465	0.00140	0.00512	0.00419	0.00465	0.00791
7	0.00874	0.00820	0.01379	0.80828	0.03152	0.01021	0.01274	0.01182	0.00938	0.01203	0.02484	0.01287	0.00699	0.00475	0.00467	0.00155	0.00612	0.00422	0.00213	0.00515
8	0.01018	0.01018	0.01425	0.01221	0.01221	0.01425	0.01018	0.01120	0.00712	0.01120	0.00611	0.01018	0.00611	0.00814	0.01527	0.00204	0.82799	0.00407	0.00204	0.00509
9	0.00933	0.02406	0.81240	0.01326	0.02014	0.01080	0.01719	0.01473	0.00982	0.01473	0.00835	0.00982	0.00589	0.00442	0.00442	0.00147	0.00688	0.00344	0.00196	0.00688
10	0.00566	0.00407	0.00538	0.00643	0.00674	0.00378	0.00430	0.00648	0.00895	0.01189	0.02621	0.81257	0.05130	0.01450	0.00593	0.00188	0.00269	0.01314	0.00432	0.00378
11	0.00677	0.00451	0.00507	0.00507	0.00507	0.00451	0.00282	0.00677	0.00677	0.00902	0.01466	0.03044	0.01691	0.83650	0.02368	0.00451	0.00451	0.00677	0.00282	0.00282
12	0.00965	0.00827	0.00965	0.00689	0.01102	0.00620	0.00551	0.01171	0.00965	0.01516	0.00827	0.00965	0.00689	0.00345	0.00345	0.00069	0.00345	0.00276	0.00276	0.86494
13	0.00550	0.00471	0.00471	0.00471	0.00628	0.00393	0.00353	0.00668	0.01060	0.01257	0.04713	0.04477	0.80560	0.01178	0.00550	0.00157	0.00236	0.00982	0.00432	0.00393
14	0.00924	0.00937	0.04841	0.66566	0.15359	0.01047	0.01331	0.01238	0.00953	0.01253	0.00835	0.01215	0.00637	0.00456	0.00463	0.00152	0.00612	0.00411	0.00210	0.00559
15	0.05667	0.00796	0.01063	0.00819	0.01175	0.00699	0.00676	0.02229	0.01309	0.77739	0.01785	0.01549	0.01124	0.00570	0.00460	0.00144	0.00394	0.00459	0.00564	0.00780
16	0.00967	0.00835	0.00984	0.00712	0.01108	0.00654	0.00571	0.01169	0.00954	0.01499	0.00818	0.00967	0.00686	0.00364	0.00394	0.00075	0.03823	0.00281	0.00273	0.82867
17	0.00567	0.00405	0.00540	0.00648	0.00675	0.00378	0.00432	0.00648	0.00891	0.01188	0.02564	0.83347	0.03077	0.01457	0.00594	0.00189	0.00270	0.01323	0.00432	0.00378
18	0.00726	0.00521	0.00718	0.00802	0.00908	0.00513	0.00685	0.00934	0.01099	0.01449	0.13631	0.07867	0.04601	0.01242	0.00625	0.00202	0.00389	0.62221	0.00441	0.00427
19	0.01923	0.00933	0.01157	0.00897	0.01249	0.00910	0.00739	0.23773	0.04270	0.54035	0.01618	0.01465	0.01060	0.00661	0.02927	0.00161	0.00453	0.00457	0.00531	0.00778
20	0.00574	0.00410	0.00548	0.00656	0.00687	0.00384	0.00445	0.00661	0.00898	0.01196	0.02560	0.80143	0.03061	0.01450	0.00596	0.00190	0.00276	0.04452	0.00432	0.00380
21	0.00933	0.02406	0.81240	0.01326	0.02014	0.01080	0.01719	0.01473	0.00982	0.01473	0.00835	0.00982	0.00589	0.00442	0.00442	0.00147	0.00688	0.00344	0.00196	0.00688
22	0.01021	0.01026	0.01473	0.01248	0.01266	0.01416	0.03872	0.01133	0.00727	0.01133	0.00623	0.01026	0.00614	0.00799	0.01491	0.00202	0.79799	0.00412	0.00205	0.00513
23	0.00867	0.00434	0.00434	0.00434	0.00542	0.00434	0.00325	0.01084	0.00976	0.01734	0.01518	0.01734	0.01192	0.00542	0.00325	0.00108	0.00217	0.00434	0.86233	0.00434
24	0.00555	0.00473	0.00479	0.00482	0.00637	0.00397	0.00364	0.00676	0.01061	0.01260	0.04653	0.04498	0.78489	0.01181	0.00552	0.00159	0.00241	0.03019	0.00432	0.00394
25	0.05137	0.00825	0.01084	0.00834	0.01192	0.00741	0.00689	0.06679	0.01361	0.73701	0.01751	0.01527	0.01107	0.00570	0.00461	0.00144	0.00401	0.00457	0.00559	0.00781
26	0.00965	0.00827	0.00965	0.00689	0.01102	0.00620	0.00551	0.01171	0.00965	0.01516	0.00827	0.00965	0.00689	0.00345	0.00345	0.00069	0.00345	0.00276	0.00276	0.86494
27	0.00677	0.00451	0.00507	0.00507	0.00507	0.00451	0.00282	0.00677	0.00677	0.00902	0.01466	0.03044	0.01691	0.83650	0.02368	0.00451	0.00451	0.00677	0.00282	0.00282
28	0.00574	0.00408	0.00538	0.00639	0.00664	0.00382	0.00423	0.00650	0.00877	0.01170	0.02496	0.78349	0.02991	0.06573	0.00704	0.00205	0.00281	0.01282	0.00423	0.00372
29	0.01276	0.50685	0.18781	0.00987	0.01414	0.17441	0.01010	0.01502	0.01027	0.01183	0.00701	0.00814	0.00596	0.00423	0.00353	0.00114	0.00605	0.00279	0.00206	0.00605
30	0.10179	0.01110	0.01364	0.09512	0.14306	0.01215	0.02505	0.40053	0.04697	0.04623	0.01108	0.04215	0.00866	0.01601	0.00477	0.00148	0.00500	0.00446	0.00379	0.00698
31	0.00867	0.00434	0.00434	0.00434	0.00542	0.00434	0.00325	0.01084	0.00976	0.01734	0.01518	0.01734	0.01192	0.00542	0.00325	0.00108	0.00217	0.00434	0.86233	0.00434
32	0.01244	0.83930	0.02438	0.00796	0.01194	0.01841	0.00796	0.01393	0.00945	0.01095	0.00647	0.00746	0.00597	0.00398	0.00299	0.00100	0.00498	0.00249	0.00199	0.00597
33	0.01398	0.01003	0.08566	0.02264	0.05846	0.02381	0.00805	0.11407	0.08086	0.28154	0.07538	0.03993	0.09286	0.00666	0.00479	0.00145	0.00423	0.02116	0.00444	0.05001
34	0.01450	0.49860	0.01971	0.00964	0.01296	0.35173	0.00839	0.01587	0.01101	0.01113	0.00677	0.00785	0.00598	0.00432	0.00349	0.00108	0.00640	0.00270	0.00216	0.00573
35	0.05514	0.25494	0.01663	0.01186	0.08275	0.38911	0.00894	0.07337	0.02907	0.01352	0.00761	0.00878	0.00638	0.00463	0.00405	0.00120	0.02048	0.00308	0.00250	0.00594
36	0.01332	0.69385	0.02240	0.00865	0.01238	0.14314	0.00814	0.03149	0.01030	0.01141	0.00668	0.00769	0.00602	0.00414	0.00321	0.00104	0.00551	0.00260	0.00211	0.00592
37	0.01018	0.01018	0.01425	0.01221	0.01221	0.01425	0.01018	0.01120	0.00712	0.01120	0.00611	0.01018	0.00611	0.00814	0.01527	0.00204	0.82799	0.00407	0.00204	0.00509
38	0.00947	0.00899	0.03067	0.46643	0.23674	0.00988	0.01229	0.02858	0.00992	0.01323	0.01029	0.03363	0.00901	0.03946	0.00557	0.00167	0.00573	0.06035	0.00242	0.00566
39	0.00557	0.00472	0.00481	0.00479	0.00633	0.00396	0.00359	0.00681	0.01077	0.01297	0.09680	0.04412	0.75568	0.01163	0.00550	0.00156	0.00235	0.00973	0.00437	0.00396
40	0.01265	0.01090	0.01124	0.02258	0.01278	0.05496	0.00780	0.10501	0.61084	0.03865	0.01678	0.01581	0.01257	0.00619	0.00513	0.00155	0.03795	0.00494	0.00447	0.00720
41	0.00566	0.00409	0.00536	0.00637	0.00672	0.00379	0.00427	0.00649	0.00901	0.01192	0.02689	0.78744	0.07599	0.01441	0.00591	0.00187	0.00268	0.01303	0.00432	0.00379
42	0.01187	0.01043	0.05626	0.02848	0.25955	0.07175	0.03525	0.01503	0.07653	0.14199	0.07568	0.03021	0.13147	0.01744	0.00523	0.00150	0.01584	0.00556	0.00358	0.00633
43	0.00933	0.02406	0.81240	0.01326	0.02014	0.01080	0.01719	0.01473	0.00982	0.01473	0.00835	0.00982	0.00589	0.00442	0.00442	0.00147	0.00688	0.00344	0.00196	0.00688
44	0.00808	0.00404	0.00606	0.00606	0.00606	0.00404	0.00404	0.00606	0.00606	0.00808	0.00808	0.01414	0.00808	0.01616	0.01818	0.86465	0.00404	0.00404	0.00202	0.00202
45	0.63277	0.00869	0.00763	0.00660	0.00949	0.00963	0.00540	0.04351	0.02852	0.13019	0.03936	0.01159	0.04052	0.00511	0.00344	0.00145	0.00360	0.00346	0.00353	0.00553
46	0.01273	0.01098	0.01691	0.03698	0.57666	0.04789	0.02760	0.01605	0.06610	0.10900	0.02680	0.01280	0.00899	0.00463	0.00464	0.00140	0.00533	0.00435	0.00294	0.00722
47	0.00867	0.00434	0.00434	0.00434	0.00542	0.00434	0.00325	0.01084	0.00976	0.01734	0.01518	0.01734	0.01192	0.00542	0.00325	0.00108	0.00217	0.00434	0.86233	0.00434
48	0.00574	0.00410	0.00548	0.00656	0.00687	0.00384	0.00445	0.00661	0.00898	0.01196	0.02560	0.80143	0.03061	0.01450	0.00596	0.00190	0.00276	0.04452	0.00432	0.00380
49	0.10867	0.01847	0.43898	0.01451	0.02009	0.03254	0.27159	0.01477	0.01008	0.01540	0.00846	0.01043	0.00618	0.00425	0.00459	0.00149	0.00686	0.00400	0.00221	0.00643
50	0.00568	0.00418	0.00532	0.00618	0.00668	0.00382	0.00420	0.00659	0.00933	0.01224	0.05786	0.67946	0.15354	0.01395	0.00585	0.00182	0.00263	0.01251	0.00435	0.00382
51	0.01179	0.55692	0.21463	0.00971	0.01439	0.02833	0.03906	0.01434	0.00974	0.02770	0.00733	0.00847	0.00613	0.00412	0.00349	0.00113	0.00553	0.00289	0.00210	0.03221
52	0.01016	0.06961	0.65980	0.01283	0.04257	0.01081	0.01542	0.01490	0.00999	0.05365	0.00874	0.01002	0.00627	0.00440	0.00430	0.00140	0.00640	0.00343	0.00221	0.05309
53	0.07623	0.44396	0.11024	0.00868	0.01229	0.05982	0.00847	0.03911	0.05468	0.01355	0.04116	0.02749	0.00894	0.00721	0.06891	0.00170	0.00566	0.00351	0.00253	0.00586
54	0.01121	0.47828	0.23138	0.00942	0.01382	0.03014	0.01013	0.01475	0.07514	0.01322	0.06535	0.01089	0.00935	0.00470	0.00371	0.00121	0.00524	0.00340	0.00244	0.00620
55	0.00585	0.02226	0.00563	0.00596	0.00671	0.00420	0.00416	0.00678	0.00938	0.01198	0.03124	0.52564	0.26437	0.04923	0.00652	0.00189	0.00276	0.02741	0.00420	0.00384
56	0.01073	0.18023	0.50534	0.01222	0.04276	0.06768	0.01379	0.03164	0.03712	0.01413	0.00873	0.01072	0.00685	0.02077	0.00456	0.00143	0.00633	0.01623	0.00222	0.00653

[dist]
# distance from previous block
# <min> <max>
0	2

[block]
# block no. 7 follows, 55 sequences, length 9
# corresponding to MSA columns:
# 1187-1195
name=unknown_H
#
# <colnr> <probs for GDERKNQSTAVLIFYWHMCP>
#	G	D	E	R	K	N	Q	S	T	A	V	L	I	F	Y	W	H	M	C	P
0	0.01128	0.36260	0.21334	0.12278	0.01685	0.01366	0.03161	0.01403	0.00982	0.06324	0.04195	0.01072	0.00799	0.00479	0.00462	0.00132	0.05740	0.00352	0.00238	0.00609
1	0.00993	0.00981	0.04393	0.29250	0.30941	0.01009	0.05985	0.01354	0.05989	0.01414	0.01145	0.01785	0.01002	0.00565	0.00493	0.00157	0.00566	0.11102	0.00264	0.00611
2	0.00839	0.00443	0.00477	0.00477	0.00582	0.00454	0.00361	0.01049	0.00944	0.01644	0.01480	0.01747	0.01188	0.00950	0.11592	0.00197	0.00359	0.00443	0.74344	0.00431
3	0.04889	0.38694	0.21012	0.17374	0.01783	0.01387	0.01098	0.01426	0.00969	0.06327	0.00804	0.00956	0.00631	0.00435	0.00377	0.00127	0.00555	0.00319	0.00228	0.00611
4	0.01058	0.24792	0.27093	0.03122	0.11595	0.01233	0.04814	0.01370	0.00993	0.03030	0.01028	0.01560	0.00918	0.00561	0.00487	0.00145	0.04309	0.11027	0.00244	0.00620
5	0.00576	0.00442	0.00519	0.00562	0.00649	0.00394	0.00392	0.00682	0.00991	0.01270	0.11550	0.38667	0.34229	0.06039	0.00674	0.00187	0.00261	0.01098	0.00432	0.00385
6	0.01156	0.01291	0.19784	0.12565	0.01683	0.06945	0.05730	0.03119	0.07013	0.13064	0.06793	0.03667	0.03102	0.02073	0.00536	0.00152	0.03079	0.01887	0.00330	0.06030
7	0.06259	0.15289	0.22390	0.04995	0.16625	0.04339	0.03882	0.02618	0.01040	0.01442	0.04728	0.01568	0.11842	0.00555	0.00436	0.00138	0.00531	0.00455	0.00263	0.00605
8	0.03544	0.11682	0.14692	0.04399	0.01348	0.12315	0.00878	0.06294	0.03463	0.17174	0.01175	0.01501	0.00960	0.12062	0.02161	0.00189	0.00557	0.02466	0.00326	0.02814

[dist]
# distance from previous block
# <min> <max>
0	22

# created by:
# /st0/software/busco_prod/Augustus/scripts/msa2prfl.pl ./align_prep/105919.fa
