[name]
unknown

[dist]
# distance from previous block
# <min> <max>
5	18

[block]
# block no. 0 follows, 61 sequences, length 54
# corresponding to MSA columns:
# 18-71
name=unknown_A
#
# <colnr> <probs for GDERKNQSTAVLIFYWHMCP>
#	G	D	E	R	K	N	Q	S	T	A	V	L	I	F	Y	W	H	M	C	P
0	0.02022	0.00482	0.00581	0.00578	0.00681	0.00454	0.00414	0.04955	0.00980	0.05514	0.15741	0.34226	0.16967	0.09829	0.02358	0.00191	0.00293	0.00892	0.00398	0.02444
1	0.02684	0.00500	0.00607	0.00583	0.00697	0.00475	0.00420	0.02892	0.03399	0.10877	0.20325	0.23899	0.11390	0.14863	0.02036	0.00200	0.00301	0.00796	0.01548	0.01508
2	0.00664	0.00462	0.00562	0.00588	0.00652	0.00451	0.00401	0.04699	0.03749	0.03185	0.06661	0.45430	0.08557	0.19308	0.00907	0.01731	0.00301	0.00943	0.00376	0.00372
3	0.00774	0.00480	0.00591	0.00592	0.00686	0.00460	0.00422	0.04918	0.00959	0.09694	0.08928	0.39894	0.09634	0.10471	0.00698	0.00183	0.01338	0.00883	0.07983	0.00411
4	0.01983	0.00524	0.00615	0.00592	0.00721	0.00519	0.00446	0.06634	0.04752	0.08158	0.12501	0.21339	0.09907	0.03073	0.03638	0.00168	0.00304	0.03438	0.20241	0.00447
5	0.00709	0.00472	0.00571	0.00572	0.00675	0.00444	0.00413	0.03787	0.01981	0.07259	0.13303	0.30376	0.20555	0.10144	0.02620	0.00195	0.00296	0.02592	0.02634	0.00401
6	0.00634	0.00421	0.00513	0.00540	0.00611	0.00387	0.00370	0.00719	0.00878	0.05494	0.09727	0.38016	0.19074	0.15844	0.00830	0.01549	0.00275	0.00935	0.02821	0.00362
7	0.02542	0.14493	0.19884	0.01147	0.05556	0.09375	0.11682	0.05876	0.02172	0.02417	0.00818	0.02476	0.00664	0.00441	0.00459	0.00122	0.06292	0.00351	0.02263	0.10971
8	0.02956	0.00647	0.00733	0.00669	0.00804	0.02171	0.00499	0.15852	0.05379	0.04499	0.07875	0.12517	0.02518	0.17913	0.15137	0.00289	0.00494	0.00595	0.07996	0.00457
9	0.17867	0.00848	0.00892	0.00758	0.01010	0.00927	0.00606	0.16932	0.26201	0.11949	0.11664	0.01512	0.01351	0.00563	0.00405	0.00135	0.00343	0.00446	0.04984	0.00607
10	0.01266	0.02635	0.01174	0.00950	0.01194	0.10939	0.05284	0.30292	0.18818	0.01835	0.01139	0.01301	0.00907	0.06348	0.04098	0.02081	0.04957	0.00419	0.03768	0.00596
11	0.47222	0.00775	0.00773	0.00640	0.00926	0.00806	0.00526	0.02892	0.00954	0.31735	0.01066	0.01047	0.00735	0.00455	0.00334	0.00129	0.00340	0.00320	0.05435	0.02889
12	0.00525	0.00375	0.00500	0.00600	0.00625	0.00350	0.00400	0.00600	0.00825	0.01100	0.02374	0.84580	0.02849	0.01350	0.00550	0.00175	0.00250	0.01225	0.00400	0.00350
13	0.00615	0.00462	0.00692	0.00692	0.00769	0.00538	0.00538	0.00769	0.00692	0.01000	0.01154	0.01692	0.01077	0.03231	0.83154	0.00692	0.01154	0.00462	0.00231	0.00385
14	0.00626	0.00418	0.00470	0.00470	0.00470	0.00418	0.00261	0.00626	0.00626	0.00835	0.01357	0.02819	0.01566	0.84862	0.02192	0.00418	0.00418	0.00626	0.00261	0.00261
15	0.00942	0.00942	0.01319	0.01131	0.01131	0.01319	0.00942	0.01037	0.00660	0.01037	0.00565	0.00942	0.00565	0.00754	0.01414	0.00188	0.84073	0.00377	0.00188	0.00471
16	0.00509	0.00436	0.00436	0.00436	0.00582	0.00364	0.00327	0.00618	0.00982	0.01164	0.04364	0.04146	0.82000	0.01091	0.00509	0.00145	0.00218	0.00909	0.00400	0.00364
17	0.54771	0.00848	0.00807	0.00669	0.00962	0.00917	0.00552	0.10443	0.01015	0.23959	0.00948	0.00946	0.00660	0.00449	0.00330	0.00133	0.00358	0.00305	0.00358	0.00569
18	0.00864	0.02228	0.82630	0.01228	0.01864	0.01000	0.01592	0.01364	0.00909	0.01364	0.00773	0.00909	0.00546	0.00409	0.00409	0.00136	0.00637	0.00318	0.00182	0.00637
19	0.10699	0.00920	0.00942	0.00844	0.01092	0.01065	0.00661	0.03650	0.70971	0.01834	0.01612	0.01496	0.01210	0.00563	0.00419	0.00144	0.00343	0.00457	0.00419	0.00659
20	0.00864	0.02228	0.82630	0.01228	0.01864	0.01000	0.01592	0.01364	0.00909	0.01364	0.00773	0.00909	0.00546	0.00409	0.00409	0.00136	0.00637	0.00318	0.00182	0.00637
21	0.00828	0.00777	0.01289	0.79112	0.04422	0.00963	0.01179	0.01150	0.03922	0.01133	0.00804	0.01164	0.00604	0.00436	0.00431	0.00143	0.00564	0.00387	0.00201	0.00490
22	0.01066	0.01023	0.01748	0.02644	0.82174	0.01023	0.01322	0.01322	0.00981	0.01407	0.00810	0.01066	0.00682	0.00384	0.00426	0.00128	0.00512	0.00384	0.00213	0.00682
23	0.00803	0.00401	0.00401	0.00401	0.00502	0.00401	0.00301	0.01004	0.00903	0.01606	0.01405	0.01606	0.01104	0.00502	0.00301	0.00100	0.00201	0.00401	0.87253	0.00401
24	0.00626	0.00418	0.00470	0.00470	0.00470	0.00418	0.00261	0.00626	0.00626	0.00835	0.01357	0.02819	0.01566	0.84862	0.02192	0.00418	0.00418	0.00626	0.00261	0.00261
25	0.00510	0.00434	0.00439	0.00444	0.00584	0.00363	0.00330	0.00617	0.00975	0.01161	0.04276	0.07706	0.78496	0.01102	0.00511	0.00147	0.00220	0.00923	0.00400	0.00363
26	0.00864	0.02228	0.82630	0.01228	0.01864	0.01000	0.01592	0.01364	0.00909	0.01364	0.00773	0.00909	0.00546	0.00409	0.00409	0.00136	0.00637	0.00318	0.00182	0.00637
27	0.00871	0.04364	0.80559	0.01215	0.01845	0.01019	0.01570	0.01362	0.00909	0.01355	0.00769	0.00904	0.00546	0.00408	0.00406	0.00135	0.00632	0.00316	0.00182	0.00634
28	0.00524	0.00437	0.00458	0.00452	0.00591	0.00370	0.00339	0.00648	0.01018	0.01250	0.16212	0.04004	0.70098	0.01059	0.00509	0.00144	0.00216	0.00889	0.00411	0.00370
29	0.00893	0.00766	0.00893	0.00638	0.01021	0.00574	0.00510	0.01085	0.00893	0.01404	0.00766	0.00893	0.00638	0.00319	0.00319	0.00064	0.00319	0.00255	0.00255	0.87495
30	0.01140	0.81638	0.05634	0.00758	0.01137	0.01675	0.00773	0.01293	0.00877	0.01028	0.00606	0.00700	0.00552	0.00370	0.00282	0.00094	0.00468	0.00234	0.00184	0.00556
31	0.00937	0.23396	0.62105	0.01102	0.01671	0.01180	0.01373	0.01345	0.00901	0.01275	0.00729	0.00854	0.00547	0.00399	0.00375	0.00125	0.00592	0.00296	0.00182	0.00615
32	0.01071	0.00925	0.00974	0.00877	0.01120	0.01071	0.00682	0.02289	0.81396	0.01802	0.01753	0.01607	0.01315	0.00584	0.00438	0.00146	0.00341	0.00487	0.00438	0.00682
33	0.01132	0.04214	0.01128	0.00986	0.04209	0.08445	0.04073	0.03244	0.57301	0.03885	0.03680	0.01565	0.01251	0.00566	0.00435	0.00140	0.00408	0.02299	0.00394	0.00644
34	0.00610	0.00440	0.00576	0.00542	0.00644	0.00406	0.00406	0.00813	0.01219	0.01727	0.81947	0.03218	0.04064	0.00881	0.00508	0.00135	0.00203	0.00779	0.00474	0.00406
35	0.00530	0.00421	0.00478	0.00505	0.00610	0.00368	0.00367	0.00643	0.00964	0.01214	0.12716	0.27225	0.47997	0.01144	0.00523	0.00154	0.00230	0.03135	0.00408	0.00366
36	0.02702	0.00484	0.00605	0.00561	0.00682	0.00457	0.00428	0.03869	0.01219	0.02963	0.69314	0.03140	0.08630	0.00870	0.00500	0.00137	0.00224	0.02329	0.00462	0.00422
37	0.01444	0.01783	0.01185	0.01071	0.01258	0.65579	0.00816	0.01576	0.02734	0.01070	0.00828	0.00967	0.03678	0.00586	0.02736	0.00139	0.11508	0.00323	0.00229	0.00491
38	0.00615	0.00462	0.00692	0.00692	0.00769	0.00538	0.00538	0.00769	0.00692	0.01000	0.01154	0.01692	0.01077	0.03231	0.83154	0.00692	0.01154	0.00462	0.00231	0.00385
39	0.01060	0.01017	0.01737	0.04743	0.80127	0.01022	0.01319	0.01316	0.00978	0.01399	0.00809	0.01068	0.00680	0.00385	0.00427	0.00128	0.00513	0.00384	0.00213	0.00677
40	0.00679	0.00472	0.00609	0.00565	0.00681	0.00443	0.00427	0.00924	0.04588	0.04797	0.75531	0.03083	0.03835	0.00855	0.00502	0.00136	0.00215	0.00754	0.00475	0.00430
41	0.00871	0.02180	0.79014	0.01254	0.01882	0.01004	0.05159	0.01365	0.00914	0.01365	0.00777	0.00921	0.00551	0.00407	0.00414	0.00137	0.00641	0.00327	0.00184	0.00634
42	0.00526	0.00378	0.00500	0.00593	0.00624	0.00352	0.00398	0.00605	0.00839	0.01116	0.04309	0.80102	0.05402	0.01330	0.00548	0.00173	0.00248	0.01204	0.00402	0.00352
43	0.00630	0.00472	0.00668	0.00662	0.00718	0.00543	0.00494	0.00746	0.00680	0.00969	0.01204	0.04173	0.01207	0.20547	0.59780	0.00596	0.04796	0.00514	0.00240	0.00361
44	0.01169	0.81966	0.02218	0.00751	0.01114	0.04797	0.00741	0.01306	0.00888	0.01015	0.00601	0.00694	0.00553	0.00371	0.00281	0.00093	0.00473	0.00232	0.00186	0.00551
45	0.00890	0.00760	0.00885	0.00644	0.01011	0.00589	0.00514	0.01125	0.04288	0.01433	0.03891	0.01012	0.00797	0.00351	0.00331	0.00070	0.00316	0.00285	0.00271	0.80539
46	0.00838	0.00791	0.01337	0.75795	0.10803	0.00964	0.01209	0.01122	0.00873	0.01131	0.00770	0.01140	0.00585	0.00426	0.00430	0.00142	0.00568	0.00383	0.00194	0.00499
47	0.01460	0.01118	0.01193	0.00955	0.01268	0.01253	0.00776	0.56146	0.26906	0.02429	0.01260	0.01214	0.00915	0.00538	0.00433	0.00135	0.00432	0.00419	0.00433	0.00717
48	0.70946	0.02617	0.00836	0.00702	0.00974	0.11282	0.04654	0.01329	0.00812	0.01776	0.00622	0.00733	0.00489	0.00403	0.00295	0.00130	0.00412	0.00253	0.00257	0.00478
49	0.87904	0.00833	0.00633	0.00566	0.00833	0.00966	0.00467	0.01266	0.00733	0.01933	0.00600	0.00700	0.00467	0.00400	0.00267	0.00133	0.00333	0.00233	0.00267	0.00467
50	0.00622	0.00421	0.00485	0.00485	0.00495	0.00425	0.00283	0.00637	0.00641	0.00856	0.01425	0.02772	0.03736	0.76529	0.08132	0.00430	0.00467	0.00622	0.00263	0.00273
51	0.00783	0.00525	0.00721	0.00788	0.00907	0.00524	0.00682	0.01019	0.04067	0.06374	0.04351	0.04480	0.02389	0.01118	0.00577	0.00191	0.00387	0.69279	0.00409	0.00429
52	0.00915	0.00814	0.01077	0.00835	0.04782	0.00648	0.07535	0.01141	0.02238	0.01408	0.00793	0.00936	0.00653	0.00330	0.00342	0.00075	0.00364	0.00287	0.00253	0.74573
53	0.01597	0.01184	0.01271	0.00975	0.01319	0.01301	0.00804	0.76011	0.03704	0.02645	0.01040	0.01041	0.00742	0.00511	0.00427	0.00127	0.00465	0.00385	0.00424	0.04028

[dist]
# distance from previous block
# <min> <max>
0	2

[block]
# block no. 1 follows, 61 sequences, length 152
# corresponding to MSA columns:
# 74-81,84-120,125-134,183-279
name=unknown_B
#
# <colnr> <probs for GDERKNQSTAVLIFYWHMCP>
#	G	D	E	R	K	N	Q	S	T	A	V	L	I	F	Y	W	H	M	C	P
0	0.87904	0.00833	0.00633	0.00566	0.00833	0.00966	0.00467	0.01266	0.00733	0.01933	0.00600	0.00700	0.00467	0.00400	0.00267	0.00133	0.00333	0.00233	0.00267	0.00467
1	0.00529	0.00442	0.00464	0.00473	0.00613	0.00377	0.00364	0.00649	0.00990	0.01192	0.06444	0.04185	0.72312	0.01094	0.00517	0.00150	0.00234	0.08201	0.00402	0.00368
2	0.87904	0.00833	0.00633	0.00566	0.00833	0.00966	0.00467	0.01266	0.00733	0.01933	0.00600	0.00700	0.00467	0.00400	0.00267	0.00133	0.00333	0.00233	0.00267	0.00467
3	0.00694	0.00496	0.00694	0.00793	0.00892	0.00496	0.00694	0.00892	0.00992	0.01289	0.02281	0.04859	0.02479	0.01190	0.00595	0.00198	0.00397	0.79275	0.00397	0.00397
4	0.00958	0.00969	0.01317	0.01130	0.01136	0.03282	0.00940	0.01053	0.00673	0.01037	0.00568	0.00938	0.00565	0.00746	0.01389	0.00187	0.82075	0.00375	0.00189	0.00472
5	0.00602	0.00440	0.00565	0.00534	0.00639	0.00403	0.00400	0.00798	0.01201	0.01683	0.75880	0.03290	0.10159	0.00897	0.00508	0.00136	0.00204	0.00789	0.00468	0.00403
6	0.00877	0.04250	0.77347	0.01240	0.01861	0.01022	0.04807	0.01363	0.00913	0.01356	0.00773	0.00914	0.00550	0.00406	0.00410	0.00136	0.00636	0.00324	0.00183	0.00632
7	0.00627	0.00445	0.00575	0.00540	0.00648	0.00408	0.00406	0.00824	0.01206	0.03112	0.76038	0.03241	0.08533	0.00887	0.00507	0.00136	0.00207	0.00780	0.00471	0.00410
8	0.00918	0.00850	0.01401	0.51880	0.27073	0.00971	0.01186	0.04846	0.00951	0.01269	0.00854	0.04349	0.00703	0.00456	0.00434	0.00139	0.00538	0.00416	0.00217	0.00548
9	0.01191	0.78042	0.02170	0.00767	0.01125	0.07239	0.00745	0.02670	0.00918	0.01045	0.00611	0.00703	0.00556	0.00376	0.00287	0.00094	0.00482	0.00236	0.00191	0.00552
10	0.00964	0.00805	0.00929	0.00672	0.01047	0.00649	0.00540	0.09144	0.01013	0.01541	0.02021	0.00943	0.00699	0.00348	0.00333	0.00072	0.00333	0.00277	0.00276	0.77394
11	0.07961	0.61315	0.09526	0.00810	0.01181	0.09487	0.00806	0.02657	0.00920	0.01150	0.00629	0.00726	0.00549	0.00385	0.00301	0.00102	0.00498	0.00246	0.00198	0.00552
12	0.02475	0.65993	0.04498	0.00752	0.01091	0.01476	0.00735	0.03592	0.00922	0.04260	0.00836	0.04132	0.00790	0.01910	0.00352	0.00112	0.00449	0.04851	0.00228	0.00545
13	0.01072	0.01014	0.01693	0.07314	0.72310	0.01039	0.01285	0.04631	0.01010	0.01436	0.00812	0.01067	0.00675	0.00400	0.00449	0.00130	0.02390	0.00384	0.00221	0.00668
14	0.00703	0.00565	0.00653	0.00626	0.00783	0.00551	0.00484	0.01078	0.17712	0.01460	0.21926	0.10847	0.23268	0.00912	0.00494	0.00146	0.00272	0.10053	0.00415	0.07052
15	0.00530	0.00429	0.00472	0.00483	0.00603	0.00371	0.00356	0.00651	0.00997	0.01246	0.16383	0.15589	0.56899	0.01096	0.00516	0.00149	0.00223	0.02225	0.00412	0.00369
16	0.00531	0.00379	0.00506	0.00606	0.00634	0.00355	0.00410	0.00610	0.00830	0.01106	0.02371	0.81879	0.02836	0.01344	0.00551	0.00176	0.00255	0.03869	0.00400	0.00351
17	0.01637	0.01207	0.01293	0.00991	0.01336	0.01336	0.00819	0.80738	0.02025	0.02715	0.01034	0.01034	0.00733	0.00517	0.00431	0.00129	0.00474	0.00388	0.00431	0.00733
18	0.00818	0.00770	0.01300	0.82488	0.04272	0.00958	0.01198	0.01104	0.00863	0.01106	0.00766	0.01147	0.00576	0.00430	0.00431	0.00143	0.00573	0.00383	0.00192	0.00482
19	0.00605	0.00438	0.00570	0.00541	0.00641	0.00404	0.00404	0.00802	0.01202	0.01695	0.77681	0.05626	0.05971	0.00900	0.00509	0.00137	0.00205	0.00795	0.00470	0.00404
20	0.00615	0.00462	0.00692	0.00692	0.00769	0.00538	0.00538	0.00769	0.00692	0.01000	0.01154	0.01692	0.01077	0.03231	0.83154	0.00692	0.01154	0.00462	0.00231	0.00385
21	0.01573	0.01172	0.01293	0.07469	0.01463	0.01306	0.00848	0.74511	0.01934	0.02589	0.01013	0.01043	0.00720	0.00510	0.00431	0.00130	0.00482	0.00387	0.00412	0.00713
22	0.01551	0.01107	0.01208	0.00941	0.01255	0.01215	0.00769	0.68927	0.01854	0.06558	0.01107	0.02514	0.00830	0.03768	0.04208	0.00166	0.00493	0.00416	0.00420	0.00693
23	0.00873	0.03247	0.78763	0.01242	0.01868	0.01013	0.04385	0.01364	0.00913	0.01360	0.00774	0.00916	0.00550	0.00407	0.00411	0.00136	0.00638	0.00324	0.00183	0.00634
24	0.87904	0.00833	0.00633	0.00566	0.00833	0.00966	0.00467	0.01266	0.00733	0.01933	0.00600	0.00700	0.00467	0.00400	0.00267	0.00133	0.00333	0.00233	0.00267	0.00467
25	0.00865	0.00803	0.01362	0.48521	0.21888	0.00909	0.04209	0.01134	0.00916	0.01214	0.01007	0.01683	0.00888	0.00530	0.00457	0.00148	0.00538	0.12178	0.00228	0.00520
26	0.00518	0.00438	0.00449	0.00452	0.00593	0.00371	0.00341	0.00629	0.00973	0.01161	0.04205	0.04114	0.77065	0.02338	0.01749	0.00159	0.00241	0.03444	0.00395	0.00364
27	0.01526	0.01116	0.01204	0.00932	0.01249	0.01220	0.00758	0.69029	0.03008	0.03745	0.01070	0.01183	0.00808	0.07106	0.00564	0.00150	0.00460	0.00403	0.00413	0.04055
28	0.00618	0.00414	0.00472	0.00480	0.00482	0.00412	0.00272	0.00624	0.00642	0.00856	0.01437	0.09213	0.01666	0.78331	0.02064	0.00399	0.00404	0.00673	0.00272	0.00268
29	0.01071	0.00925	0.00974	0.00877	0.01120	0.01071	0.00682	0.02289	0.81396	0.01802	0.01753	0.01607	0.01315	0.00584	0.00438	0.00146	0.00341	0.00487	0.00438	0.00682
30	0.01637	0.01207	0.01293	0.00991	0.01336	0.01336	0.00819	0.80738	0.02025	0.02715	0.01034	0.01034	0.00733	0.00517	0.00431	0.00129	0.00474	0.00388	0.00431	0.00733
31	0.00983	0.00981	0.01317	0.01121	0.01170	0.03983	0.03684	0.02468	0.07181	0.01150	0.02137	0.01040	0.00693	0.00715	0.01238	0.00179	0.68850	0.00394	0.00220	0.00496
32	0.01007	0.04104	0.00933	0.00792	0.01021	0.02304	0.00627	0.06961	0.50898	0.02864	0.04703	0.02143	0.14919	0.00690	0.00452	0.00144	0.00339	0.04079	0.00419	0.00603
33	0.00894	0.00770	0.00903	0.00649	0.01023	0.00592	0.00520	0.01084	0.00888	0.01395	0.00761	0.00894	0.00636	0.00329	0.00344	0.00067	0.02268	0.00258	0.00254	0.85470
34	0.87904	0.00833	0.00633	0.00566	0.00833	0.00966	0.00467	0.01266	0.00733	0.01933	0.00600	0.00700	0.00467	0.00400	0.00267	0.00133	0.00333	0.00233	0.00267	0.00467
35	0.00864	0.02228	0.82630	0.01228	0.01864	0.01000	0.01592	0.01364	0.00909	0.01364	0.00773	0.00909	0.00546	0.00409	0.00409	0.00136	0.00637	0.00318	0.00182	0.00637
36	0.00942	0.00942	0.01319	0.01131	0.01131	0.01319	0.00942	0.01037	0.00660	0.01037	0.00565	0.00942	0.00565	0.00754	0.01414	0.00188	0.84073	0.00377	0.00188	0.00471
37	0.02019	0.00469	0.00586	0.00546	0.00668	0.00433	0.00413	0.02199	0.01187	0.04790	0.64605	0.04975	0.13705	0.00891	0.00501	0.00137	0.00219	0.00777	0.00461	0.00419
38	0.00510	0.00433	0.00440	0.00445	0.00584	0.00363	0.00331	0.00617	0.00974	0.01160	0.04260	0.08322	0.77890	0.01104	0.00511	0.00147	0.00220	0.00925	0.00400	0.00363
39	0.00799	0.00403	0.00408	0.00408	0.00508	0.00404	0.00306	0.00999	0.00899	0.01593	0.01400	0.01608	0.01103	0.00562	0.02117	0.00113	0.00222	0.00403	0.85345	0.00401
40	0.00616	0.00443	0.00602	0.00698	0.00763	0.00433	0.00547	0.00771	0.02345	0.01204	0.02318	0.44672	0.02643	0.01259	0.00570	0.00186	0.00322	0.38831	0.00399	0.00378
41	0.00665	0.00497	0.00718	0.00704	0.00792	0.00575	0.00548	0.04621	0.00756	0.01080	0.01151	0.01676	0.01067	0.04200	0.78077	0.00661	0.01111	0.00460	0.00241	0.00400
42	0.01661	0.01170	0.01270	0.00974	0.01317	0.01281	0.00804	0.74589	0.01963	0.08952	0.01086	0.01068	0.00759	0.00518	0.00431	0.00130	0.00466	0.00391	0.00439	0.00733
43	0.01609	0.02053	0.01221	0.01110	0.01332	0.83132	0.00832	0.01720	0.01221	0.01054	0.00666	0.00777	0.00555	0.00444	0.00388	0.00111	0.00777	0.00277	0.00222	0.00499
44	0.01570	0.01179	0.01287	0.00999	0.01315	0.01328	0.00825	0.72624	0.03822	0.02562	0.01015	0.01041	0.00733	0.00537	0.00508	0.00134	0.07008	0.00389	0.00412	0.00711
45	0.01192	0.00985	0.01042	0.00901	0.01166	0.01128	0.00711	0.19039	0.64449	0.01997	0.01600	0.01485	0.01191	0.00570	0.00437	0.00143	0.00369	0.00466	0.00437	0.00693
46	0.01635	0.00867	0.01141	0.01085	0.13556	0.02256	0.00760	0.16734	0.01343	0.47215	0.07694	0.01448	0.01170	0.00533	0.00437	0.00131	0.00404	0.00441	0.00455	0.00696
47	0.00748	0.00374	0.00561	0.00561	0.00561	0.00374	0.00374	0.00561	0.00561	0.00748	0.00748	0.01309	0.00748	0.01496	0.01684	0.87467	0.00374	0.00374	0.00187	0.00187
48	0.00599	0.00423	0.00465	0.00464	0.00500	0.00405	0.00280	0.00630	0.00725	0.00936	0.04403	0.03132	0.19924	0.63356	0.01760	0.00347	0.00366	0.00695	0.00299	0.00289
49	0.22718	0.01181	0.01126	0.00897	0.01213	0.07642	0.00734	0.55137	0.01647	0.02394	0.00899	0.00932	0.00654	0.00483	0.00387	0.00129	0.00463	0.00341	0.00374	0.00649
50	0.85384	0.00830	0.00644	0.00572	0.00841	0.00957	0.00471	0.01291	0.00748	0.04294	0.00632	0.00722	0.00484	0.00404	0.00271	0.00133	0.00334	0.00239	0.00274	0.00474
51	0.06060	0.01048	0.01130	0.00908	0.01218	0.01154	0.00738	0.44379	0.24678	0.12163	0.01299	0.01234	0.00927	0.00532	0.00425	0.00135	0.00415	0.00414	0.00437	0.00704
52	0.01017	0.01162	0.02542	0.01816	0.02251	0.01089	0.80610	0.01380	0.01017	0.01380	0.00871	0.01162	0.00654	0.00363	0.00508	0.00145	0.00726	0.00508	0.00218	0.00581
53	0.00525	0.00375	0.00500	0.00600	0.00625	0.00350	0.00400	0.00600	0.00825	0.01100	0.02374	0.84580	0.02849	0.01350	0.00550	0.00175	0.00250	0.01225	0.00400	0.00350
54	0.00813	0.00766	0.01292	0.83826	0.02967	0.00957	0.01196	0.01101	0.00861	0.01101	0.00766	0.01148	0.00574	0.00431	0.00431	0.00144	0.00574	0.00383	0.00191	0.00479
55	0.00608	0.00440	0.00574	0.00540	0.00643	0.00406	0.00405	0.00810	0.01216	0.01719	0.80743	0.03232	0.05274	0.00884	0.00508	0.00136	0.00203	0.00781	0.00473	0.00406
56	0.00942	0.00942	0.01319	0.01131	0.01131	0.01319	0.00942	0.01037	0.00660	0.01037	0.00565	0.00942	0.00565	0.00754	0.01414	0.00188	0.84073	0.00377	0.00188	0.00471
57	0.00525	0.00375	0.00500	0.00600	0.00625	0.00350	0.00400	0.00600	0.00825	0.01100	0.02374	0.84580	0.02849	0.01350	0.00550	0.00175	0.00250	0.01225	0.00400	0.00350
58	0.01212	0.74194	0.02121	0.00786	0.01135	0.12416	0.00750	0.01346	0.00921	0.01019	0.00608	0.00702	0.00553	0.00378	0.00291	0.00095	0.00502	0.00237	0.00189	0.00546
59	0.00509	0.00436	0.00436	0.00436	0.00582	0.00364	0.00327	0.00618	0.00982	0.01164	0.04364	0.04146	0.82000	0.01091	0.00509	0.00145	0.00218	0.00909	0.00400	0.00364
60	0.00980	0.01095	0.02351	0.01753	0.05220	0.01029	0.71267	0.01317	0.01000	0.01359	0.00987	0.07682	0.00826	0.00441	0.00508	0.00147	0.00681	0.00560	0.00232	0.00567
61	0.00656	0.00451	0.00586	0.00546	0.00658	0.00413	0.00412	0.00854	0.01209	0.04830	0.75376	0.03191	0.07427	0.00877	0.00505	0.00136	0.00210	0.00771	0.00473	0.00417
62	0.87904	0.00833	0.00633	0.00566	0.00833	0.00966	0.00467	0.01266	0.00733	0.01933	0.00600	0.00700	0.00467	0.00400	0.00267	0.00133	0.00333	0.00233	0.00267	0.00467
63	0.02594	0.06304	0.77034	0.01190	0.01806	0.01035	0.01527	0.01359	0.00904	0.01358	0.00761	0.00894	0.00544	0.00407	0.00400	0.00134	0.00622	0.00312	0.00184	0.00629
64	0.00952	0.00971	0.01478	0.01220	0.01276	0.01290	0.11277	0.01081	0.00706	0.01081	0.00605	0.00971	0.00577	0.00703	0.01296	0.00183	0.73262	0.00394	0.00192	0.00485
65	0.01729	0.00779	0.00994	0.00792	0.01104	0.00737	0.00645	0.02144	0.20208	0.63378	0.01712	0.01500	0.01125	0.00545	0.00434	0.00136	0.00360	0.00446	0.00511	0.00721
66	0.00533	0.00439	0.00469	0.00468	0.00604	0.00376	0.00355	0.00661	0.01022	0.01262	0.17144	0.04019	0.66001	0.01060	0.00512	0.00146	0.00223	0.03923	0.00412	0.00372
67	0.01234	0.70114	0.02070	0.00804	0.01146	0.16414	0.00754	0.01368	0.00938	0.01021	0.00611	0.00706	0.00553	0.00382	0.00297	0.00096	0.00518	0.00239	0.00191	0.00543
68	0.00615	0.00462	0.00692	0.00692	0.00769	0.00538	0.00538	0.00769	0.00692	0.01000	0.01154	0.01692	0.01077	0.03231	0.83154	0.00692	0.01154	0.00462	0.00231	0.00385
69	0.10672	0.07373	0.01066	0.00752	0.01078	0.02671	0.00629	0.01942	0.01153	0.65957	0.01477	0.01311	0.00953	0.00505	0.00403	0.00130	0.00380	0.00393	0.00471	0.00686
70	0.01460	0.04330	0.07097	0.01095	0.01363	0.50928	0.05114	0.05411	0.04000	0.07562	0.00824	0.00928	0.00647	0.00528	0.02269	0.00135	0.05178	0.00325	0.00258	0.00547
71	0.00627	0.00468	0.00586	0.00555	0.00667	0.00442	0.00416	0.00881	0.06102	0.01666	0.68122	0.05278	0.10776	0.00893	0.00505	0.00138	0.00214	0.00784	0.00464	0.00418
72	0.03524	0.00707	0.01005	0.00783	0.01079	0.00626	0.05263	0.01807	0.01207	0.61381	0.16124	0.01748	0.01571	0.00583	0.00447	0.00134	0.00357	0.00496	0.00498	0.00659
73	0.01011	0.01172	0.04270	0.01793	0.04347	0.01081	0.73978	0.01367	0.01005	0.01374	0.00860	0.01145	0.00650	0.00371	0.00517	0.00144	0.02201	0.00494	0.00217	0.02001
74	0.01066	0.01023	0.01748	0.02644	0.82174	0.01023	0.01322	0.01322	0.00981	0.01407	0.00810	0.01066	0.00682	0.00384	0.00426	0.00128	0.00512	0.00384	0.00213	0.00682
75	0.00927	0.20280	0.65127	0.01121	0.01699	0.01154	0.01405	0.01348	0.00902	0.01288	0.00735	0.00862	0.00547	0.00400	0.00380	0.00127	0.00598	0.00299	0.00182	0.00618
76	0.01065	0.01024	0.01751	0.02603	0.79580	0.01025	0.02704	0.01337	0.02164	0.01413	0.00825	0.01076	0.00691	0.00386	0.00428	0.00129	0.00513	0.00388	0.00217	0.00681
77	0.00534	0.00379	0.00497	0.00588	0.00610	0.00356	0.00387	0.00602	0.00806	0.01075	0.02280	0.76969	0.02730	0.09124	0.00703	0.00198	0.00266	0.01169	0.00387	0.00342
78	0.03119	0.01125	0.01136	0.00936	0.01231	0.06054	0.00750	0.40608	0.34767	0.02200	0.01296	0.01247	0.00956	0.00535	0.00426	0.00134	0.00431	0.00417	0.00415	0.02215
79	0.00939	0.07274	0.66407	0.01272	0.05261	0.04107	0.04544	0.02937	0.00948	0.01360	0.00769	0.00910	0.00560	0.00407	0.00405	0.00133	0.00626	0.00323	0.00191	0.00628
80	0.00538	0.00384	0.00515	0.00615	0.00646	0.00361	0.00423	0.00623	0.00838	0.01114	0.02367	0.78346	0.02820	0.01337	0.00553	0.00177	0.00261	0.07328	0.00400	0.00354
81	0.01017	0.01162	0.02542	0.01816	0.02251	0.01089	0.80610	0.01380	0.01017	0.01380	0.00871	0.01162	0.00654	0.00363	0.00508	0.00145	0.00726	0.00508	0.00218	0.00581
82	0.00539	0.00395	0.00549	0.00631	0.00666	0.00369	0.02206	0.00623	0.00832	0.01109	0.02339	0.81242	0.02793	0.01324	0.00550	0.00175	0.00263	0.02643	0.00396	0.00356
83	0.00817	0.00770	0.01299	0.82604	0.04160	0.00958	0.01198	0.01104	0.00863	0.01105	0.00766	0.01147	0.00576	0.00430	0.00431	0.00143	0.00573	0.00383	0.00192	0.00482
84	0.00542	0.00442	0.00483	0.00496	0.00627	0.00383	0.00382	0.00669	0.00999	0.01229	0.11243	0.07235	0.61986	0.01093	0.00521	0.00152	0.00240	0.10498	0.00406	0.00371
85	0.00837	0.00785	0.01304	0.76332	0.07072	0.00965	0.01183	0.01158	0.03987	0.01144	0.00806	0.01162	0.00609	0.00434	0.00431	0.00143	0.00562	0.00387	0.00202	0.00497
86	0.01017	0.01162	0.02542	0.01816	0.02251	0.01089	0.80610	0.01380	0.01017	0.01380	0.00871	0.01162	0.00654	0.00363	0.00508	0.00145	0.00726	0.00508	0.00218	0.00581
87	0.00525	0.00375	0.00500	0.00600	0.00625	0.00350	0.00400	0.00600	0.00825	0.01100	0.02374	0.84580	0.02849	0.01350	0.00550	0.00175	0.00250	0.01225	0.00400	0.00350
88	0.00531	0.00380	0.00506	0.00601	0.00631	0.00355	0.00406	0.00614	0.00843	0.01128	0.05520	0.79875	0.02890	0.01328	0.00549	0.00174	0.00251	0.02663	0.00403	0.00353
89	0.02670	0.67489	0.03992	0.00858	0.04278	0.09819	0.00781	0.02530	0.00935	0.01094	0.01887	0.00764	0.00614	0.00388	0.00302	0.00098	0.00493	0.00254	0.00199	0.00553
90	0.01015	0.01158	0.02519	0.01803	0.02231	0.01094	0.79145	0.01374	0.01010	0.01374	0.00866	0.01158	0.00652	0.00370	0.00525	0.00146	0.02258	0.00506	0.00217	0.00579
91	0.00637	0.00444	0.00577	0.00541	0.00647	0.00410	0.00407	0.00839	0.01210	0.03017	0.78301	0.03142	0.03930	0.00864	0.00501	0.00134	0.00206	0.00762	0.03019	0.00412
92	0.04822	0.20471	0.45994	0.01039	0.01488	0.01167	0.01202	0.01271	0.00878	0.01287	0.04980	0.00977	0.00732	0.00470	0.00510	0.00133	0.11473	0.00327	0.00202	0.00576
93	0.01082	0.01132	0.02432	0.01741	0.02170	0.01057	0.74941	0.01431	0.01032	0.07128	0.00930	0.01184	0.00683	0.00375	0.00503	0.00144	0.00701	0.00503	0.00240	0.00592
94	0.00509	0.00436	0.00436	0.00436	0.00582	0.00364	0.00327	0.00618	0.00982	0.01164	0.04364	0.04146	0.82000	0.01091	0.00509	0.00145	0.00218	0.00909	0.00400	0.00364
95	0.01078	0.00909	0.00962	0.00863	0.01107	0.01044	0.00672	0.02244	0.77602	0.03664	0.01815	0.01665	0.03244	0.00595	0.00440	0.00146	0.00339	0.00496	0.00440	0.00675
96	0.01066	0.01023	0.01748	0.02644	0.82174	0.01023	0.01322	0.01322	0.00981	0.01407	0.00810	0.01066	0.00682	0.00384	0.00426	0.00128	0.00512	0.00384	0.00213	0.00682
97	0.00864	0.02228	0.82630	0.01228	0.01864	0.01000	0.01592	0.01364	0.00909	0.01364	0.00773	0.00909	0.00546	0.00409	0.00409	0.00136	0.00637	0.00318	0.00182	0.00637
98	0.01017	0.01162	0.02542	0.01816	0.02251	0.01089	0.80610	0.01380	0.01017	0.01380	0.00871	0.01162	0.00654	0.00363	0.00508	0.00145	0.00726	0.00508	0.00218	0.00581
99	0.01613	0.03787	0.01252	0.01068	0.01320	0.63356	0.00822	0.16617	0.01365	0.03797	0.00765	0.00844	0.00604	0.00459	0.00395	0.00115	0.00700	0.00302	0.00270	0.00552
100	0.00615	0.00462	0.00692	0.00692	0.00769	0.00538	0.00538	0.00769	0.00692	0.01000	0.01154	0.01692	0.01077	0.03231	0.83154	0.00692	0.01154	0.00462	0.00231	0.00385
101	0.01017	0.01162	0.02542	0.01816	0.02251	0.01089	0.80610	0.01380	0.01017	0.01380	0.00871	0.01162	0.00654	0.00363	0.00508	0.00145	0.00726	0.00508	0.00218	0.00581
102	0.00813	0.00766	0.01292	0.83826	0.02967	0.00957	0.01196	0.01101	0.00861	0.01101	0.00766	0.01148	0.00574	0.00431	0.00431	0.00144	0.00574	0.00383	0.00191	0.00479
103	0.00660	0.00527	0.00807	0.02133	0.00868	0.00613	0.04116	0.00807	0.00701	0.01005	0.01113	0.01715	0.01061	0.10677	0.64678	0.00597	0.06830	0.00472	0.00229	0.00389
104	0.00813	0.00766	0.01292	0.83826	0.02967	0.00957	0.01196	0.01101	0.00861	0.01101	0.00766	0.01148	0.00574	0.00431	0.00431	0.00144	0.00574	0.00383	0.00191	0.00479
105	0.00864	0.02228	0.82630	0.01228	0.01864	0.01000	0.01592	0.01364	0.00909	0.01364	0.00773	0.00909	0.00546	0.00409	0.00409	0.00136	0.00637	0.00318	0.00182	0.00637
106	0.00871	0.04293	0.80627	0.01216	0.01845	0.01018	0.01570	0.01362	0.00909	0.01355	0.00769	0.00904	0.00546	0.00408	0.00406	0.00135	0.00632	0.00316	0.00182	0.00635
107	0.00878	0.00800	0.01292	0.77349	0.02839	0.00987	0.01167	0.07328	0.00952	0.01227	0.00787	0.01140	0.00587	0.00437	0.00431	0.00142	0.00566	0.00383	0.00210	0.00498
108	0.00626	0.00418	0.00470	0.00470	0.00470	0.00418	0.00261	0.00626	0.00626	0.00835	0.01357	0.02819	0.01566	0.84862	0.02192	0.00418	0.00418	0.00626	0.00261	0.00261
109	0.00813	0.00766	0.01292	0.83826	0.02967	0.00957	0.01196	0.01101	0.00861	0.01101	0.00766	0.01148	0.00574	0.00431	0.00431	0.00144	0.00574	0.00383	0.00191	0.00479
110	0.01057	0.01086	0.02254	0.01640	0.02016	0.01054	0.64997	0.01374	0.00995	0.06860	0.00954	0.02899	0.00749	0.00444	0.00587	0.00150	0.08214	0.01853	0.00243	0.00574
111	0.01071	0.00925	0.00974	0.00877	0.01120	0.01071	0.00682	0.02289	0.81396	0.01802	0.01753	0.01607	0.01315	0.00584	0.00438	0.00146	0.00341	0.00487	0.00438	0.00682
112	0.01637	0.01207	0.01293	0.00991	0.01336	0.01336	0.00819	0.80738	0.02025	0.02715	0.01034	0.01034	0.00733	0.00517	0.00431	0.00129	0.00474	0.00388	0.00431	0.00733
113	0.00874	0.05215	0.79734	0.01210	0.01837	0.01026	0.01561	0.01361	0.00908	0.01352	0.00767	0.00902	0.00546	0.00408	0.00404	0.00135	0.00630	0.00315	0.00182	0.00634
114	0.01637	0.01207	0.01293	0.00991	0.01336	0.01336	0.00819	0.80738	0.02025	0.02715	0.01034	0.01034	0.00733	0.00517	0.00431	0.00129	0.00474	0.00388	0.00431	0.00733
115	0.01071	0.00925	0.00974	0.00877	0.01120	0.01071	0.00682	0.02289	0.81396	0.01802	0.01753	0.01607	0.01315	0.00584	0.00438	0.00146	0.00341	0.00487	0.00438	0.00682
116	0.01470	0.01801	0.01243	0.01111	0.01290	0.64152	0.00855	0.03351	0.01121	0.01088	0.00653	0.00817	0.00561	0.00511	0.00604	0.00128	0.18224	0.00301	0.00220	0.00499
117	0.01218	0.01132	0.01793	0.16234	0.06838	0.04324	0.31319	0.28412	0.01339	0.01774	0.00896	0.01095	0.00664	0.00432	0.00458	0.00137	0.00602	0.00428	0.00286	0.00617
118	0.00845	0.00783	0.01292	0.80618	0.02904	0.00972	0.01182	0.04185	0.00906	0.01163	0.00776	0.01144	0.00580	0.00434	0.00431	0.00143	0.00570	0.00383	0.00201	0.00488
119	0.00602	0.00440	0.00565	0.00534	0.00639	0.00403	0.00400	0.00798	0.01201	0.01683	0.75880	0.03290	0.10159	0.00897	0.00508	0.00136	0.00204	0.00789	0.00468	0.00403
120	0.00564	0.00392	0.00491	0.00551	0.00569	0.00376	0.00349	0.00614	0.00761	0.01017	0.03791	0.52995	0.02409	0.31735	0.01147	0.00262	0.00310	0.00997	0.00351	0.00319
121	0.00746	0.00392	0.00594	0.03791	0.00661	0.00402	0.00411	0.00589	0.00577	0.00770	0.00762	0.01316	0.00752	0.01512	0.04289	0.81258	0.00407	0.00377	0.00189	0.00205
122	0.00748	0.00374	0.00561	0.00561	0.00561	0.00374	0.00374	0.00561	0.00561	0.00748	0.00748	0.01309	0.00748	0.01496	0.01684	0.87467	0.00374	0.00374	0.00187	0.00187
123	0.01637	0.01207	0.01293	0.00991	0.01336	0.01336	0.00819	0.80738	0.02025	0.02715	0.01034	0.01034	0.00733	0.00517	0.00431	0.00129	0.00474	0.00388	0.00431	0.00733
124	0.00567	0.00418	0.00528	0.00576	0.00637	0.00394	0.00399	0.00714	0.03890	0.01267	0.21012	0.51705	0.10655	0.04398	0.00595	0.00171	0.00246	0.01040	0.00413	0.00373
125	0.01371	0.00765	0.00917	0.00782	0.01037	0.00773	0.00619	0.05858	0.28967	0.36063	0.01897	0.11165	0.05172	0.00680	0.00454	0.00144	0.00343	0.01873	0.00471	0.00649
126	0.01017	0.01162	0.02542	0.01816	0.02251	0.01089	0.80610	0.01380	0.01017	0.01380	0.00871	0.01162	0.00654	0.00363	0.00508	0.00145	0.00726	0.00508	0.00218	0.00581
127	0.00965	0.00803	0.00863	0.00794	0.00998	0.00896	0.00609	0.07951	0.53204	0.01687	0.02055	0.16610	0.09190	0.00764	0.00464	0.00150	0.00323	0.00651	0.00427	0.00596
128	0.13870	0.00574	0.00659	0.00587	0.00764	0.00558	0.00454	0.01194	0.04172	0.18976	0.30800	0.05479	0.08768	0.04532	0.00517	0.00148	0.00275	0.00607	0.06582	0.00484
129	0.00573	0.00439	0.00526	0.00509	0.00626	0.00392	0.00383	0.00740	0.01122	0.01504	0.50857	0.04694	0.32557	0.00970	0.00511	0.00141	0.00213	0.02407	0.00444	0.00390
130	0.00530	0.00379	0.00504	0.00596	0.00626	0.00353	0.00400	0.00613	0.00849	0.01137	0.07171	0.79675	0.02922	0.01321	0.00547	0.00173	0.00247	0.01198	0.00404	0.00353
131	0.00552	0.00412	0.00513	0.00544	0.00622	0.00373	0.00386	0.00680	0.01000	0.01338	0.31208	0.38062	0.20482	0.01126	0.00526	0.00154	0.00226	0.00997	0.00426	0.00373
132	0.12720	0.00569	0.00616	0.00558	0.00737	0.00557	0.00434	0.02478	0.05976	0.12575	0.20855	0.04156	0.22857	0.00756	0.00432	0.00134	0.00261	0.00625	0.12235	0.00469
133	0.00667	0.00486	0.00657	0.00743	0.00847	0.00476	0.00641	0.00852	0.00987	0.01269	0.02555	0.06129	0.12886	0.01180	0.00583	0.00191	0.00371	0.67691	0.00397	0.00392
134	0.87904	0.00833	0.00633	0.00566	0.00833	0.00966	0.00467	0.01266	0.00733	0.01933	0.00600	0.00700	0.00467	0.00400	0.00267	0.00133	0.00333	0.00233	0.00267	0.00467
135	0.01242	0.00597	0.00778	0.00666	0.00858	0.00559	0.00511	0.03130	0.03174	0.38256	0.09770	0.07770	0.04477	0.16256	0.09733	0.00249	0.00433	0.00578	0.00426	0.00536
136	0.02375	0.00383	0.00563	0.00561	0.00566	0.00385	0.00376	0.00574	0.00564	0.00770	0.00745	0.01298	0.00743	0.01476	0.01657	0.85838	0.00373	0.00371	0.00189	0.00192
137	0.01017	0.01162	0.02542	0.01816	0.02251	0.01089	0.80610	0.01380	0.01017	0.01380	0.00871	0.01162	0.00654	0.00363	0.00508	0.00145	0.00726	0.00508	0.00218	0.00581
138	0.00698	0.00502	0.00695	0.00790	0.00892	0.00503	0.00689	0.00912	0.02324	0.01296	0.02302	0.04795	0.03595	0.01178	0.00591	0.00197	0.00393	0.76851	0.00397	0.00401
139	0.00888	0.00841	0.01384	0.48539	0.29660	0.02132	0.01171	0.01146	0.00904	0.01204	0.00905	0.07639	0.00789	0.00487	0.00438	0.00140	0.00531	0.00447	0.00216	0.00538
140	0.00936	0.01043	0.07678	0.01138	0.01188	0.01294	0.00993	0.01062	0.00679	0.01062	0.00582	0.00940	0.00564	0.00727	0.01335	0.00184	0.77548	0.00372	0.00188	0.00484
141	0.00568	0.00418	0.00537	0.00621	0.00664	0.00406	0.00422	0.00732	0.07125	0.01155	0.02326	0.78092	0.02729	0.01290	0.00541	0.00173	0.00257	0.01167	0.00403	0.00376
142	0.01046	0.00997	0.01670	0.04510	0.73855	0.00987	0.01255	0.01298	0.00971	0.01399	0.00806	0.01055	0.00676	0.00380	0.00418	0.00123	0.00498	0.00374	0.00216	0.07466
143	0.02818	0.01176	0.01334	0.04084	0.12560	0.03863	0.00892	0.62030	0.01775	0.02387	0.00977	0.01040	0.00716	0.00534	0.01714	0.00138	0.00501	0.00382	0.00380	0.00700
144	0.00661	0.00457	0.00509	0.00502	0.00521	0.00469	0.00294	0.00756	0.06943	0.00911	0.01388	0.02724	0.01546	0.78271	0.02055	0.00396	0.00412	0.00616	0.00275	0.00294
145	0.00625	0.00419	0.00478	0.00475	0.00483	0.00417	0.00272	0.00641	0.00673	0.00905	0.07659	0.02850	0.01761	0.78294	0.02061	0.00396	0.00401	0.00638	0.00278	0.00272
146	0.00864	0.02228	0.82630	0.01228	0.01864	0.01000	0.01592	0.01364	0.00909	0.01364	0.00773	0.00909	0.00546	0.00409	0.00409	0.00136	0.00637	0.00318	0.00182	0.00637
147	0.01849	0.00850	0.07383	0.00802	0.01159	0.00662	0.00708	0.02042	0.01208	0.76130	0.01627	0.01423	0.01026	0.00523	0.00431	0.00134	0.00388	0.00424	0.00506	0.00726
148	0.07857	0.01009	0.01661	0.02482	0.75814	0.01019	0.01255	0.01318	0.00961	0.01448	0.00794	0.01037	0.00665	0.00385	0.00414	0.00128	0.00498	0.00372	0.00217	0.00665
149	0.01066	0.01023	0.01748	0.02644	0.82174	0.01023	0.01322	0.01322	0.00981	0.01407	0.00810	0.01066	0.00682	0.00384	0.00426	0.00128	0.00512	0.00384	0.00213	0.00682
150	0.00567	0.00426	0.00597	0.00760	0.07002	0.00403	0.00472	0.00656	0.00837	0.01124	0.02252	0.78050	0.02680	0.01274	0.00540	0.00171	0.00270	0.01159	0.00385	0.00376
151	0.00630	0.00580	0.06992	0.00596	0.00739	0.00453	0.00499	0.00856	0.01195	0.01699	0.75599	0.03037	0.03789	0.00844	0.00500	0.00136	0.00237	0.00743	0.00451	0.00424

[dist]
# distance from previous block
# <min> <max>
0	31

# created by:
# /st0/software/busco_prod/Augustus/scripts/msa2prfl.pl ./align_prep/106025.fa
