[name]
unknown

[dist]
# distance from previous block
# <min> <max>
0	40

[block]
# block no. 0 follows, 48 sequences, length 14
# corresponding to MSA columns:
# 41-54
name=unknown_A
#
# <colnr> <probs for GDERKNQSTAVLIFYWHMCP>
#	G	D	E	R	K	N	Q	S	T	A	V	L	I	F	Y	W	H	M	C	P
0	0.11600	0.00853	0.01065	0.00885	0.01214	0.00809	0.00722	0.02160	0.08113	0.51524	0.01993	0.07856	0.01504	0.00756	0.00519	0.00170	0.00422	0.06506	0.00564	0.00766
1	0.01461	0.58966	0.11945	0.00981	0.01444	0.06469	0.00998	0.01681	0.01118	0.09544	0.00883	0.00960	0.00723	0.00471	0.00377	0.00123	0.00585	0.00316	0.00266	0.00690
2	0.01127	0.07958	0.01945	0.05249	0.01834	0.01034	0.32794	0.01399	0.01131	0.07648	0.01622	0.21216	0.03603	0.00774	0.00593	0.00170	0.02527	0.00762	0.00346	0.06268
3	0.02823	0.28849	0.25233	0.01103	0.01608	0.01386	0.03182	0.04540	0.05522	0.16092	0.04192	0.01284	0.00996	0.00536	0.00447	0.00145	0.00577	0.00410	0.00340	0.00737
4	0.01243	0.01461	0.05477	0.04601	0.02487	0.07060	0.59148	0.01675	0.03692	0.01610	0.01032	0.01339	0.00784	0.00463	0.00604	0.00168	0.02824	0.00557	0.00266	0.03507
5	0.00741	0.00495	0.00561	0.00566	0.00568	0.00494	0.00318	0.00745	0.00756	0.01009	0.01669	0.06741	0.01931	0.78495	0.02527	0.00485	0.00489	0.00777	0.00318	0.00315
6	0.01255	0.01322	0.02399	0.01787	0.02177	0.05340	0.48887	0.08720	0.01248	0.01679	0.01041	0.01387	0.00826	0.00886	0.09531	0.00247	0.09767	0.00554	0.00282	0.00664
7	0.01253	0.01412	0.04856	0.02135	0.06297	0.01308	0.66853	0.06076	0.01276	0.01738	0.01043	0.01362	0.00782	0.00446	0.00592	0.00171	0.00832	0.00584	0.00273	0.00710
8	0.00624	0.00470	0.00579	0.00659	0.00731	0.00424	0.00453	0.00731	0.01053	0.01362	0.06692	0.57751	0.23607	0.01501	0.00640	0.00197	0.00285	0.01335	0.00480	0.00424
9	0.00640	0.00457	0.00612	0.00731	0.00768	0.00430	0.00502	0.00740	0.00997	0.01326	0.02820	0.76050	0.03361	0.01594	0.00659	0.00210	0.00311	0.06894	0.00476	0.00421
10	0.07811	0.07424	0.03770	0.01154	0.02543	0.35271	0.00919	0.12529	0.05954	0.03679	0.06518	0.01390	0.03652	0.00622	0.00531	0.00148	0.04649	0.00437	0.00349	0.00649
11	0.01615	0.01270	0.01351	0.01113	0.01463	0.01434	0.00894	0.40043	0.39972	0.02692	0.01658	0.01572	0.01218	0.00656	0.00518	0.00164	0.00486	0.00521	0.00518	0.00843
12	0.00632	0.00453	0.00590	0.00696	0.00730	0.00423	0.00462	0.00717	0.00976	0.01293	0.02856	0.73193	0.06636	0.06759	0.00779	0.00225	0.00309	0.01396	0.00466	0.00411
13	0.00624	0.00450	0.00592	0.00705	0.00742	0.00418	0.00472	0.00716	0.00992	0.01314	0.02945	0.77838	0.07112	0.01592	0.00653	0.00207	0.00296	0.01440	0.00476	0.00418

[dist]
# distance from previous block
# <min> <max>
0	1

[block]
# block no. 1 follows, 48 sequences, length 164
# corresponding to MSA columns:
# 56-138,140-220
name=unknown_B
#
# <colnr> <probs for GDERKNQSTAVLIFYWHMCP>
#	G	D	E	R	K	N	Q	S	T	A	V	L	I	F	Y	W	H	M	C	P
0	0.04510	0.01424	0.01516	0.01165	0.01573	0.01578	0.00962	0.74744	0.02365	0.03205	0.01216	0.01220	0.00863	0.00612	0.00507	0.00154	0.00559	0.00456	0.00507	0.00863
1	0.01294	0.01032	0.01086	0.00946	0.01237	0.02771	0.00742	0.10975	0.44421	0.06863	0.05099	0.02342	0.14348	0.00781	0.00531	0.00166	0.00407	0.00643	0.00509	0.03806
2	0.01348	0.71207	0.11243	0.00955	0.01425	0.04029	0.00995	0.01560	0.01058	0.01255	0.00739	0.00855	0.00658	0.00447	0.00351	0.00116	0.00582	0.00288	0.00220	0.00668
3	0.01917	0.02445	0.01454	0.01322	0.01586	0.79907	0.00991	0.02049	0.01454	0.01256	0.00793	0.00925	0.00661	0.00529	0.00463	0.00132	0.00925	0.00330	0.00264	0.00595
4	0.01399	0.54224	0.19130	0.01033	0.01528	0.06289	0.01096	0.01658	0.01107	0.07163	0.00862	0.00955	0.00703	0.00469	0.00385	0.00126	0.00608	0.00319	0.00253	0.00693
5	0.00893	0.00584	0.00715	0.00656	0.00829	0.00529	0.00501	0.01142	0.04059	0.10726	0.46782	0.03831	0.24680	0.01058	0.00592	0.00165	0.00275	0.00911	0.00547	0.00526
6	0.00969	0.00912	0.01539	0.80734	0.03534	0.01140	0.01425	0.01311	0.01026	0.01311	0.00912	0.01368	0.00684	0.00513	0.00513	0.00171	0.00684	0.00456	0.00228	0.00570
7	0.01451	0.01227	0.01674	0.01346	0.02823	0.01319	0.17994	0.19312	0.38094	0.05620	0.01675	0.01659	0.02112	0.00619	0.00539	0.00168	0.00548	0.00560	0.00461	0.00797
8	0.01287	0.01327	0.02817	0.04472	0.04926	0.01250	0.66642	0.01695	0.01223	0.07418	0.01106	0.01407	0.00813	0.00451	0.00593	0.00171	0.00820	0.00590	0.00286	0.00706
9	0.06021	0.00879	0.01171	0.00902	0.01296	0.00772	0.00745	0.02456	0.01442	0.75692	0.01966	0.01706	0.01238	0.00628	0.00507	0.00159	0.00435	0.00505	0.00621	0.00859
10	0.01029	0.02654	0.79309	0.01462	0.02221	0.01192	0.01896	0.01625	0.01083	0.01625	0.00921	0.01083	0.00650	0.00487	0.00487	0.00162	0.00758	0.00379	0.00217	0.00758
11	0.01102	0.10190	0.59073	0.01684	0.14776	0.01278	0.01743	0.01608	0.01093	0.01593	0.00908	0.01089	0.00678	0.00478	0.00475	0.00156	0.00713	0.00382	0.00223	0.00758
12	0.01885	0.00917	0.01199	0.00962	0.01311	0.00876	0.03076	0.04270	0.17834	0.50843	0.07850	0.03553	0.01625	0.00693	0.00530	0.00164	0.00429	0.00582	0.00588	0.00815
13	0.00734	0.00548	0.00814	0.00814	0.00901	0.00635	0.00628	0.00909	0.00821	0.01183	0.01385	0.02072	0.01307	0.07116	0.76700	0.00811	0.01338	0.00558	0.00276	0.00452
14	0.09561	0.02073	0.01436	0.01432	0.09464	0.58933	0.01002	0.01885	0.01343	0.01419	0.03078	0.01046	0.00790	0.00547	0.00508	0.00141	0.04097	0.00361	0.00275	0.00609
15	0.01829	0.07570	0.09216	0.01263	0.01607	0.56153	0.01051	0.05630	0.01438	0.08302	0.00931	0.01022	0.00724	0.00532	0.00463	0.00137	0.00823	0.00354	0.00302	0.00653
16	0.00641	0.00483	0.00597	0.00673	0.00756	0.00439	0.00479	0.00762	0.01077	0.01389	0.07457	0.49492	0.25078	0.01475	0.00643	0.00198	0.00298	0.07155	0.00481	0.00429
17	0.01135	0.00964	0.01134	0.00827	0.01272	0.00785	0.01976	0.06250	0.05317	0.01798	0.00999	0.01127	0.00811	0.00413	0.00400	0.00088	0.00402	0.00334	0.00329	0.73639
18	0.00851	0.00674	0.00837	0.10756	0.01202	0.00707	0.00644	0.01309	0.16491	0.01774	0.27511	0.13216	0.14418	0.00991	0.00567	0.00170	0.00340	0.00861	0.06138	0.00543
19	0.04041	0.13020	0.61116	0.01435	0.04323	0.01306	0.04718	0.01608	0.01078	0.01596	0.00892	0.01058	0.00658	0.00478	0.00466	0.00156	0.00718	0.00373	0.00223	0.00737
20	0.03109	0.03988	0.01209	0.00996	0.01271	0.09896	0.01784	0.18747	0.22330	0.04124	0.14602	0.09964	0.01955	0.00784	0.00527	0.00161	0.00472	0.00648	0.00473	0.02961
21	0.01228	0.01176	0.02007	0.13993	0.68252	0.01208	0.01554	0.01538	0.01148	0.01625	0.00958	0.01284	0.00795	0.00465	0.00509	0.00155	0.00620	0.00457	0.00250	0.00779
22	0.00791	0.00540	0.00702	0.00653	0.00788	0.00494	0.00493	0.01028	0.01443	0.05429	0.72568	0.03779	0.07258	0.01039	0.00601	0.00162	0.00251	0.00915	0.00565	0.00500
23	0.01119	0.00919	0.01105	0.00977	0.01219	0.00999	0.04160	0.03954	0.40743	0.03771	0.20555	0.06513	0.02403	0.00838	0.00586	0.00173	0.02455	0.03748	0.00504	0.03260
24	0.00908	0.00788	0.01096	0.00991	0.01020	0.00981	0.03056	0.00996	0.00822	0.01190	0.01345	0.13968	0.01480	0.24040	0.07641	0.01957	0.35144	0.00697	0.01420	0.00458
25	0.00625	0.00447	0.00595	0.00714	0.00744	0.00417	0.00476	0.00714	0.00982	0.01310	0.02828	0.81633	0.03394	0.01608	0.00655	0.00208	0.00298	0.01459	0.00476	0.00417
26	0.00640	0.00458	0.00609	0.00704	0.00748	0.00427	0.00477	0.00752	0.01052	0.01420	0.13979	0.70167	0.03607	0.01525	0.00648	0.00201	0.00289	0.01380	0.00489	0.00427
27	0.26330	0.01357	0.01280	0.06936	0.01545	0.18360	0.06129	0.08614	0.11813	0.08253	0.01185	0.04012	0.00929	0.00583	0.00457	0.00158	0.00582	0.00444	0.00372	0.00660
28	0.01674	0.01061	0.01165	0.00968	0.01277	0.05601	0.00767	0.15735	0.20978	0.27518	0.11093	0.02923	0.01723	0.04379	0.00621	0.00176	0.00458	0.00583	0.00538	0.00763
29	0.00636	0.00505	0.00571	0.00588	0.00720	0.00441	0.00428	0.00781	0.01191	0.01514	0.20359	0.20860	0.46972	0.01311	0.00616	0.00178	0.00264	0.01129	0.00495	0.00441
30	0.01141	0.01036	0.01754	0.01355	0.01626	0.01109	0.28715	0.04090	0.04534	0.01707	0.01186	0.01482	0.00946	0.00601	0.00762	0.00165	0.18744	0.00515	0.24470	0.04062
31	0.01833	0.11315	0.01582	0.01263	0.01547	0.68463	0.00972	0.02015	0.04075	0.01281	0.00829	0.00948	0.00692	0.00525	0.00450	0.00131	0.00865	0.00333	0.00268	0.00610
32	0.26710	0.01069	0.03406	0.00911	0.01274	0.04430	0.04114	0.07044	0.03244	0.24828	0.07117	0.01521	0.02691	0.00588	0.00453	0.00151	0.00459	0.00455	0.00442	0.09093
33	0.06872	0.09780	0.03582	0.01298	0.01673	0.07934	0.18430	0.12031	0.17930	0.07320	0.02380	0.02500	0.01952	0.00591	0.00545	0.00161	0.03408	0.00506	0.00384	0.00722
34	0.00857	0.04331	0.01241	0.01037	0.01215	0.00707	0.16505	0.01051	0.01106	0.03512	0.09558	0.40771	0.04102	0.03666	0.00686	0.00202	0.00448	0.08073	0.00427	0.00506
35	0.15451	0.07039	0.01427	0.07486	0.03923	0.05344	0.03980	0.18681	0.06158	0.17971	0.02669	0.01444	0.01018	0.00586	0.00473	0.00155	0.00529	0.02337	0.00426	0.02904
36	0.01055	0.06047	0.71303	0.01480	0.02210	0.01235	0.06439	0.01622	0.01089	0.01608	0.00919	0.01090	0.00658	0.00482	0.00488	0.00161	0.00756	0.00388	0.00219	0.00750
37	0.01157	0.19092	0.59926	0.01317	0.01993	0.01346	0.01634	0.01646	0.01092	0.04998	0.00927	0.01059	0.00679	0.00484	0.00456	0.00151	0.00700	0.00364	0.00236	0.00743
38	0.10057	0.01018	0.10498	0.03246	0.04768	0.00831	0.00897	0.03934	0.02879	0.23665	0.03954	0.08534	0.05259	0.00861	0.00544	0.00179	0.00469	0.15574	0.02173	0.00661
39	0.00971	0.00910	0.01531	0.76422	0.05554	0.01125	0.01404	0.01309	0.01041	0.01341	0.02998	0.01431	0.00799	0.00526	0.00515	0.00170	0.00670	0.00469	0.00238	0.00574
40	0.05171	0.01174	0.05036	0.01447	0.01819	0.03083	0.30907	0.06027	0.02152	0.15188	0.04911	0.06816	0.01396	0.00702	0.00631	0.00177	0.04810	0.07486	0.00388	0.00676
41	0.00886	0.00667	0.00849	0.00907	0.01053	0.00687	0.00756	0.03201	0.12501	0.01662	0.06063	0.12551	0.06717	0.01287	0.00661	0.00216	0.00426	0.47899	0.00485	0.00526
42	0.02276	0.00915	0.01217	0.00933	0.01331	0.00817	0.00771	0.08059	0.01539	0.73465	0.01965	0.01708	0.01241	0.00634	0.00516	0.00158	0.00446	0.00512	0.00626	0.00873
43	0.02190	0.00912	0.01197	0.00933	0.01320	0.00829	0.00766	0.04599	0.09093	0.69351	0.02009	0.01749	0.01289	0.00641	0.00517	0.00160	0.00437	0.00521	0.00620	0.00867
44	0.00721	0.00524	0.00678	0.00640	0.00763	0.00482	0.00480	0.00958	0.01439	0.02026	0.75099	0.03884	0.08257	0.01061	0.00605	0.00162	0.00243	0.00935	0.00561	0.00482
45	0.00638	0.00455	0.00605	0.00716	0.00751	0.00426	0.00484	0.00735	0.01000	0.01336	0.05439	0.74821	0.03396	0.03404	0.00699	0.00214	0.00306	0.03684	0.00476	0.00418
46	0.00625	0.00447	0.00595	0.00714	0.00744	0.00417	0.00476	0.00714	0.00982	0.01310	0.02828	0.81633	0.03394	0.01608	0.00655	0.00208	0.00298	0.01459	0.00476	0.00417
47	0.00969	0.00912	0.01539	0.80734	0.03534	0.01140	0.01425	0.01311	0.01026	0.01311	0.00912	0.01368	0.00684	0.00513	0.00513	0.00171	0.00684	0.00456	0.00228	0.00570
48	0.00969	0.00912	0.01539	0.80734	0.03534	0.01140	0.01425	0.01311	0.01026	0.01311	0.00912	0.01368	0.00684	0.00513	0.00513	0.00171	0.00684	0.00456	0.00228	0.00570
49	0.00636	0.00462	0.00600	0.00689	0.00742	0.00426	0.00470	0.00747	0.01056	0.01407	0.12173	0.65438	0.10235	0.01513	0.00645	0.00200	0.00288	0.01361	0.00487	0.00426
50	0.00723	0.00488	0.00567	0.00590	0.00595	0.00482	0.00343	0.00740	0.00792	0.01056	0.01852	0.18563	0.02162	0.66357	0.02232	0.00441	0.00459	0.00885	0.00343	0.00331
51	0.01827	0.01320	0.01429	0.01130	0.01513	0.01458	0.00922	0.54919	0.19092	0.08722	0.01482	0.01422	0.01057	0.00635	0.00515	0.00159	0.00520	0.00492	0.00524	0.00859
52	0.01852	0.01255	0.01394	0.01095	0.01468	0.04485	0.02818	0.45054	0.06431	0.19148	0.03895	0.02748	0.04608	0.00674	0.00524	0.00158	0.00524	0.00534	0.00523	0.00816
53	0.01093	0.15600	0.63391	0.01398	0.02094	0.01333	0.05079	0.01611	0.01082	0.01558	0.00892	0.01054	0.00657	0.00477	0.00467	0.00154	0.00729	0.00372	0.00219	0.00739
54	0.00746	0.00497	0.00560	0.00560	0.00560	0.00497	0.00311	0.00746	0.00746	0.00995	0.01617	0.03358	0.01865	0.81967	0.02612	0.00497	0.00497	0.00746	0.00311	0.00311
55	0.03524	0.00838	0.01148	0.01023	0.01217	0.00884	0.09061	0.06406	0.13366	0.03741	0.02904	0.11234	0.02913	0.14513	0.00997	0.00245	0.04999	0.18528	0.00417	0.02042
56	0.01250	0.44967	0.35153	0.01146	0.01712	0.05105	0.01315	0.01597	0.01078	0.01387	0.00805	0.00938	0.00655	0.00464	0.00402	0.00133	0.00654	0.00321	0.00220	0.00698
57	0.00744	0.00500	0.00576	0.00586	0.00593	0.00500	0.00344	0.00760	0.00775	0.01034	0.01712	0.06887	0.01969	0.74070	0.03503	0.00479	0.00500	0.03822	0.00324	0.00324
58	0.00737	0.00535	0.00750	0.00750	0.00816	0.00601	0.00549	0.00868	0.00803	0.01136	0.01442	0.02393	0.01446	0.25791	0.58215	0.00733	0.01128	0.00605	0.00285	0.00417
59	0.01182	0.01051	0.03617	0.01152	0.12230	0.02448	0.00809	0.02469	0.03376	0.05109	0.01005	0.01148	0.00810	0.00421	0.00415	0.00098	0.00441	0.00348	0.00317	0.61554
60	0.02865	0.01338	0.11276	0.02457	0.51973	0.01166	0.02863	0.01652	0.08869	0.01716	0.01132	0.04101	0.00951	0.00521	0.00504	0.00154	0.00585	0.00487	0.00288	0.05101
61	0.00624	0.00474	0.00576	0.00655	0.00735	0.00426	0.00456	0.00730	0.01049	0.01340	0.03610	0.54510	0.28280	0.01501	0.00640	0.00197	0.00289	0.03009	0.00476	0.00423
62	0.01225	0.03094	0.01257	0.00883	0.01334	0.00865	0.04027	0.11177	0.01255	0.03838	0.00982	0.01111	0.00786	0.00421	0.00409	0.00093	0.00431	0.00342	0.00335	0.66132
63	0.01079	0.00998	0.06652	0.00912	0.01299	0.00761	0.07008	0.02682	0.02729	0.05141	0.06895	0.02676	0.01274	0.10853	0.00722	0.00159	0.00457	0.00470	0.00340	0.46895
64	0.01101	0.11447	0.65331	0.01375	0.02065	0.03314	0.01711	0.01675	0.04469	0.01592	0.00946	0.01087	0.00692	0.00492	0.00471	0.00156	0.00724	0.00375	0.00232	0.00745
65	0.09316	0.01228	0.01577	0.01213	0.01602	0.07802	0.14045	0.17189	0.01536	0.34275	0.01426	0.01408	0.00969	0.00582	0.00550	0.00160	0.03389	0.00482	0.00471	0.00779
66	0.01205	0.01366	0.02963	0.04579	0.04283	0.01291	0.73042	0.01632	0.01205	0.01634	0.01033	0.01381	0.00776	0.00435	0.00601	0.00173	0.00854	0.00598	0.00258	0.00691
67	0.04190	0.03662	0.04537	0.06518	0.03373	0.10156	0.09470	0.03616	0.07920	0.27102	0.08745	0.03802	0.03301	0.00655	0.00521	0.00160	0.00552	0.00559	0.00447	0.00714
68	0.01106	0.03584	0.18826	0.01747	0.02247	0.01176	0.45832	0.01555	0.03145	0.01624	0.03040	0.05159	0.02879	0.00593	0.00580	0.00174	0.00747	0.05024	0.00290	0.00673
69	0.00629	0.00448	0.00594	0.00710	0.00739	0.00419	0.00471	0.00715	0.00975	0.01300	0.02791	0.79238	0.03347	0.04066	0.00715	0.00217	0.00304	0.01437	0.00471	0.00414
70	0.01123	0.01053	0.01771	0.17273	0.53708	0.01091	0.01392	0.01404	0.01116	0.01556	0.01219	0.12648	0.01154	0.00630	0.00530	0.00164	0.00579	0.00599	0.00281	0.00712
71	0.01277	0.06950	0.29899	0.03684	0.04711	0.01305	0.27956	0.09246	0.03236	0.05233	0.01060	0.01251	0.00775	0.00490	0.00525	0.00162	0.00733	0.00476	0.00290	0.00744
72	0.01198	0.01277	0.02625	0.12874	0.04707	0.01250	0.58030	0.04658	0.01228	0.01676	0.01055	0.01396	0.00794	0.00459	0.00576	0.00169	0.00793	0.00570	0.03990	0.00676
73	0.00636	0.00502	0.00574	0.00597	0.00722	0.00439	0.00432	0.00778	0.01179	0.01504	0.19651	0.24790	0.43721	0.01329	0.00619	0.00180	0.00266	0.01149	0.00495	0.00439
74	0.00629	0.00449	0.00599	0.00712	0.00745	0.00419	0.00477	0.00723	0.00999	0.01336	0.05470	0.78916	0.03444	0.01588	0.00653	0.00207	0.00296	0.01440	0.00479	0.00419
75	0.00800	0.00577	0.00736	0.00779	0.00863	0.00580	0.00561	0.04786	0.03791	0.03777	0.07558	0.57245	0.06549	0.01408	0.00681	0.00200	0.03877	0.04271	0.00479	0.00481
76	0.01514	0.00912	0.01077	0.00930	0.01209	0.00937	0.00737	0.16037	0.18346	0.24214	0.02223	0.15968	0.05951	0.00931	0.01617	0.00183	0.00432	0.04333	0.01724	0.00726
77	0.00675	0.00495	0.00633	0.00658	0.00750	0.00453	0.00471	0.00847	0.01244	0.01701	0.41841	0.33301	0.12455	0.01287	0.00624	0.00180	0.00265	0.01145	0.00522	0.00453
78	0.01208	0.01376	0.02985	0.02139	0.02643	0.01306	0.74680	0.01632	0.01199	0.01632	0.01027	0.01376	0.00775	0.00446	0.00637	0.00175	0.03217	0.00601	0.00258	0.00688
79	0.01411	0.01479	0.01790	0.03591	0.01841	0.22849	0.24361	0.06282	0.11723	0.03644	0.01431	0.03673	0.01244	0.00683	0.00561	0.00170	0.00716	0.11539	0.00356	0.00655
80	0.01206	0.24788	0.50806	0.01287	0.01911	0.08689	0.01529	0.01639	0.01106	0.01475	0.00851	0.00996	0.00653	0.00478	0.00441	0.00145	0.00715	0.00346	0.00222	0.00715
81	0.00990	0.01212	0.13033	0.01415	0.01802	0.00950	0.32685	0.01390	0.03397	0.01784	0.27905	0.05731	0.02301	0.00712	0.00584	0.00167	0.00587	0.00715	0.00377	0.02264
82	0.01706	0.01329	0.01410	0.01167	0.02876	0.03054	0.00926	0.47199	0.28802	0.03729	0.01528	0.01472	0.01115	0.00640	0.00515	0.00161	0.00516	0.00501	0.00508	0.00845
83	0.06387	0.22281	0.13900	0.01145	0.02515	0.01251	0.12140	0.03448	0.01122	0.05154	0.01013	0.04625	0.00850	0.00498	0.00436	0.00130	0.00561	0.00417	0.00290	0.21838
84	0.03817	0.01562	0.04059	0.04989	0.03784	0.20364	0.15051	0.15426	0.17632	0.05104	0.01312	0.01393	0.02002	0.00571	0.00515	0.00158	0.00673	0.00484	0.00378	0.00726
85	0.00668	0.00502	0.00610	0.00677	0.00770	0.00464	0.00489	0.00828	0.03049	0.01424	0.06841	0.44602	0.25341	0.01425	0.00632	0.00195	0.00301	0.07992	0.02748	0.00441
86	0.01017	0.00942	0.01554	0.75324	0.05549	0.01161	0.01411	0.04413	0.01087	0.01400	0.00927	0.01360	0.00695	0.00516	0.00513	0.00170	0.00677	0.00456	0.00240	0.00589
87	0.01011	0.00964	0.01661	0.69290	0.11238	0.01155	0.04765	0.01353	0.01049	0.01363	0.00923	0.01359	0.00701	0.00504	0.00517	0.00169	0.00684	0.00463	0.00232	0.00600
88	0.01256	0.01205	0.02058	0.06649	0.75374	0.01216	0.01568	0.01563	0.01162	0.01660	0.00963	0.01274	0.00807	0.00460	0.00508	0.00153	0.00613	0.00457	0.00253	0.00802
89	0.02910	0.00567	0.00642	0.00621	0.00782	0.00515	0.00473	0.02840	0.01272	0.03936	0.26652	0.07457	0.41448	0.02908	0.00644	0.00180	0.00289	0.04889	0.00501	0.00475
90	0.00956	0.00478	0.00478	0.00478	0.00598	0.00478	0.00359	0.01196	0.01076	0.01913	0.01674	0.01913	0.01315	0.00598	0.00359	0.00120	0.00239	0.00478	0.84816	0.00478
91	0.01153	0.31427	0.51621	0.01251	0.01894	0.01495	0.01528	0.01593	0.01069	0.01474	0.00846	0.00989	0.00653	0.00470	0.00430	0.00143	0.00683	0.00341	0.00218	0.00722
92	0.00718	0.00522	0.00677	0.00653	0.00771	0.00481	0.00490	0.00946	0.01403	0.01967	0.68380	0.08601	0.07988	0.01105	0.00611	0.00167	0.00253	0.03235	0.00553	0.00477
93	0.01250	0.00662	0.00861	0.00743	0.00963	0.00604	0.00581	0.01527	0.04855	0.26734	0.47152	0.03130	0.06988	0.00912	0.00573	0.00162	0.00313	0.00788	0.00581	0.00621
94	0.02188	0.00994	0.01258	0.00971	0.01366	0.00941	0.00800	0.17094	0.05063	0.60841	0.01872	0.01653	0.01206	0.00634	0.00516	0.00159	0.00460	0.00508	0.00606	0.00870
95	0.01029	0.02654	0.79309	0.01462	0.02221	0.01192	0.01896	0.01625	0.01083	0.01625	0.00921	0.01083	0.00650	0.00487	0.00487	0.00162	0.00758	0.00379	0.00217	0.00758
96	0.00812	0.00528	0.00697	0.00692	0.00806	0.00485	0.00509	0.01002	0.01299	0.07463	0.46842	0.27596	0.05001	0.01202	0.00617	0.00178	0.00280	0.02959	0.00539	0.00491
97	0.02224	0.00888	0.01188	0.00918	0.01305	0.00787	0.00756	0.04748	0.03512	0.72794	0.03962	0.01789	0.01357	0.00647	0.00518	0.00159	0.00435	0.00527	0.00627	0.00862
98	0.00969	0.00912	0.01539	0.80734	0.03534	0.01140	0.01425	0.01311	0.01026	0.01311	0.00912	0.01368	0.00684	0.00513	0.00513	0.00171	0.00684	0.00456	0.00228	0.00570
99	0.01888	0.02354	0.01427	0.01292	0.01556	0.75071	0.00972	0.04335	0.01472	0.01337	0.00834	0.00965	0.00687	0.00534	0.00461	0.00132	0.00893	0.00339	0.02851	0.00600
100	0.00703	0.00536	0.00715	0.00781	0.00808	0.00569	0.00547	0.00794	0.00948	0.01300	0.02466	0.65587	0.02921	0.05368	0.00873	0.00222	0.10570	0.01271	0.02588	0.00432
101	0.00645	0.00537	0.00567	0.00567	0.00731	0.00467	0.00426	0.00829	0.03555	0.01481	0.12782	0.08140	0.63360	0.01270	0.00608	0.00175	0.00269	0.02653	0.00487	0.00450
102	0.01372	0.82276	0.02689	0.00878	0.01317	0.02030	0.00878	0.01536	0.01043	0.01207	0.00713	0.00823	0.00658	0.00439	0.00329	0.00110	0.00549	0.00274	0.00219	0.00658
103	0.01240	0.51547	0.32260	0.01104	0.01666	0.01707	0.01271	0.01571	0.01058	0.01368	0.00793	0.00924	0.00655	0.00458	0.00390	0.00130	0.00630	0.00315	0.00218	0.00697
104	0.01354	0.78145	0.06664	0.00908	0.01364	0.01987	0.00931	0.01541	0.01045	0.01229	0.00724	0.00837	0.00658	0.00441	0.00337	0.00112	0.00560	0.00280	0.00219	0.00664
105	0.83928	0.00982	0.00749	0.00671	0.00985	0.01138	0.00552	0.01502	0.00877	0.02294	0.00733	0.00855	0.00571	0.00479	0.00318	0.00158	0.00394	0.00282	0.01978	0.00554
106	0.01752	0.02173	0.01350	0.01230	0.01477	0.68149	0.00923	0.01926	0.03067	0.01377	0.10700	0.01316	0.01212	0.00598	0.00482	0.00137	0.00827	0.00412	0.00308	0.00585
107	0.01917	0.02445	0.01454	0.01322	0.01586	0.79907	0.00991	0.02049	0.01454	0.01256	0.00793	0.00925	0.00661	0.00529	0.00463	0.00132	0.00925	0.00330	0.00264	0.00595
108	0.04600	0.01273	0.04798	0.03842	0.02292	0.01187	0.54607	0.03500	0.05212	0.01691	0.01359	0.08598	0.03321	0.00586	0.00585	0.00175	0.00738	0.00666	0.00306	0.00664
109	0.00891	0.00446	0.00668	0.00668	0.00668	0.00446	0.00446	0.00668	0.00668	0.00891	0.00891	0.01560	0.00891	0.01783	0.02005	0.85071	0.00446	0.00446	0.00223	0.00223
110	0.01102	0.00954	0.01160	0.00844	0.01291	0.00765	0.03746	0.03013	0.05814	0.01733	0.00996	0.01133	0.00813	0.00407	0.00401	0.00088	0.00405	0.00337	0.00320	0.74679
111	0.01070	0.12209	0.70114	0.01392	0.02112	0.01292	0.01774	0.01614	0.01078	0.01575	0.00896	0.01052	0.00651	0.00482	0.00468	0.00156	0.00733	0.00367	0.00217	0.00746
112	0.00742	0.00517	0.00577	0.00572	0.00606	0.00510	0.00342	0.00808	0.02866	0.01124	0.05823	0.03532	0.11200	0.66188	0.02218	0.00434	0.00454	0.00791	0.00349	0.00347
113	0.00625	0.00447	0.00595	0.00714	0.00744	0.00417	0.00476	0.00714	0.00982	0.01310	0.02828	0.81633	0.03394	0.01608	0.00655	0.00208	0.00298	0.01459	0.00476	0.00417
114	0.01231	0.01401	0.04773	0.02023	0.02518	0.02770	0.66796	0.05214	0.01260	0.01698	0.01113	0.04639	0.00884	0.00493	0.00597	0.00173	0.00826	0.00623	0.00279	0.00689
115	0.00740	0.00495	0.00562	0.00568	0.00570	0.00493	0.00320	0.00744	0.00759	0.01012	0.01682	0.07602	0.01948	0.77610	0.02506	0.00482	0.00487	0.00785	0.00320	0.00317
116	0.00664	0.00474	0.00640	0.00759	0.00805	0.00450	0.00544	0.00781	0.01021	0.01353	0.02807	0.67069	0.03309	0.01571	0.00665	0.00214	0.00331	0.15640	0.00476	0.00427
117	0.00746	0.00499	0.00566	0.00566	0.00568	0.00501	0.00318	0.00750	0.00748	0.00999	0.01611	0.03327	0.01852	0.80181	0.04379	0.00505	0.00517	0.00742	0.00310	0.00314
118	0.01320	0.01567	0.06099	0.01943	0.02410	0.11456	0.56956	0.04756	0.01265	0.01638	0.00991	0.01292	0.00756	0.00478	0.00631	0.00169	0.04776	0.00546	0.00267	0.00683
119	0.01054	0.00582	0.00551	0.00534	0.00671	0.04036	0.00403	0.01287	0.01109	0.05038	0.01649	0.01862	0.01284	0.00596	0.00370	0.00122	0.00278	0.00473	0.77601	0.00500
120	0.02160	0.00868	0.01172	0.00914	0.01278	0.00779	0.00749	0.02384	0.03377	0.70807	0.03924	0.01826	0.01366	0.02748	0.00608	0.00170	0.02890	0.00532	0.00610	0.00838
121	0.03806	0.02242	0.01445	0.01280	0.01568	0.65759	0.00975	0.12371	0.01573	0.03127	0.00877	0.00982	0.00700	0.00542	0.00467	0.00136	0.00854	0.00351	0.00307	0.00638
122	0.12232	0.01270	0.01368	0.01066	0.01459	0.01377	0.00879	0.51910	0.04689	0.16619	0.01340	0.01299	0.00929	0.00605	0.00490	0.00156	0.00516	0.00453	0.00511	0.00832
123	0.01217	0.04690	0.04613	0.01034	0.01479	0.02947	0.10419	0.01646	0.11617	0.06144	0.01141	0.01247	0.00890	0.00455	0.00440	0.00113	0.00485	0.00395	0.00339	0.48689
124	0.01522	0.11843	0.01402	0.01029	0.01318	0.21603	0.00822	0.20269	0.07372	0.05404	0.12500	0.08552	0.02746	0.00735	0.00504	0.00150	0.00564	0.00577	0.00421	0.00667
125	0.01290	0.00940	0.01102	0.00830	0.01234	0.00804	0.00665	0.10213	0.04679	0.11049	0.07289	0.02455	0.01225	0.00520	0.00439	0.00108	0.00397	0.00424	0.00400	0.53938
126	0.03614	0.02692	0.02975	0.04476	0.01659	0.11144	0.18741	0.05625	0.04029	0.18481	0.09941	0.04045	0.07643	0.00679	0.00540	0.00160	0.00584	0.00609	0.00419	0.01947
127	0.00634	0.00463	0.00594	0.00695	0.00746	0.00428	0.00475	0.00732	0.01008	0.01320	0.03093	0.66717	0.12892	0.03681	0.00703	0.00213	0.00305	0.04410	0.00472	0.00418
128	0.01214	0.01231	0.02288	0.11316	0.44985	0.01246	0.24127	0.01555	0.01152	0.01611	0.00971	0.01310	0.00783	0.00471	0.00579	0.00163	0.03502	0.00501	0.00252	0.00741
129	0.01029	0.02654	0.79309	0.01462	0.02221	0.01192	0.01896	0.01625	0.01083	0.01625	0.00921	0.01083	0.00650	0.00487	0.00487	0.00162	0.00758	0.00379	0.00217	0.00758
130	0.02059	0.01290	0.01429	0.01101	0.01504	0.03466	0.00907	0.51885	0.02094	0.26720	0.01466	0.01383	0.00990	0.00620	0.00513	0.00155	0.00535	0.00475	0.00544	0.00865
131	0.14566	0.00907	0.01137	0.00886	0.01271	0.00837	0.00731	0.04542	0.01409	0.65575	0.01808	0.01597	0.01153	0.00611	0.00487	0.00159	0.00435	0.00479	0.00585	0.00826
132	0.00622	0.00457	0.00584	0.00686	0.00737	0.00419	0.00464	0.00718	0.01010	0.01321	0.03177	0.70330	0.14471	0.01562	0.00648	0.00203	0.00292	0.01403	0.00476	0.00419
133	0.00994	0.00956	0.01649	0.71442	0.03374	0.01171	0.06933	0.01332	0.01029	0.01332	0.00911	0.01358	0.00690	0.00524	0.00572	0.00174	0.04284	0.00467	0.00230	0.00579
134	0.00732	0.00560	0.00695	0.00762	0.00904	0.00523	0.00639	0.00923	0.01176	0.01471	0.03783	0.05423	0.35432	0.01367	0.00665	0.00209	0.00381	0.43424	0.00474	0.00456
135	0.00746	0.00497	0.00560	0.00560	0.00560	0.00497	0.00311	0.00746	0.00746	0.00995	0.01617	0.03358	0.01865	0.81967	0.02612	0.00497	0.00497	0.00746	0.00311	0.00311
136	0.01678	0.01024	0.01178	0.00991	0.01325	0.01082	0.00790	0.07162	0.43120	0.30521	0.02092	0.01889	0.03400	0.00684	0.00521	0.00167	0.00423	0.00562	0.00562	0.00829
137	0.04390	0.01322	0.01474	0.01142	0.01528	0.01448	0.04007	0.60828	0.05517	0.05225	0.01300	0.01319	0.00933	0.00607	0.00501	0.00153	0.00538	0.00470	0.06473	0.00825
138	0.00721	0.00524	0.00679	0.00640	0.00763	0.00482	0.00480	0.00958	0.01440	0.02028	0.75267	0.03881	0.08089	0.01060	0.00605	0.00162	0.00243	0.00935	0.00561	0.00482
139	0.01064	0.00912	0.01064	0.00760	0.01216	0.00684	0.00608	0.01292	0.01064	0.01672	0.00912	0.01064	0.00760	0.00380	0.00380	0.00076	0.00380	0.00304	0.00304	0.85104
140	0.69375	0.01100	0.00905	0.00776	0.01108	0.02909	0.00637	0.14553	0.01151	0.02440	0.00805	0.00904	0.00613	0.00502	0.00354	0.00157	0.00437	0.00311	0.00350	0.00611
141	0.00680	0.00523	0.00622	0.00598	0.00738	0.00465	0.00448	0.00880	0.01344	0.01801	0.50506	0.04255	0.32991	0.01145	0.00606	0.00166	0.00249	0.00987	0.00531	0.00465
142	0.00746	0.00497	0.00560	0.00560	0.00560	0.00497	0.00311	0.00746	0.00746	0.00995	0.01617	0.03358	0.01865	0.81967	0.02612	0.00497	0.00497	0.00746	0.00311	0.00311
143	0.85592	0.00992	0.00754	0.00675	0.00992	0.01151	0.00556	0.01508	0.00873	0.02302	0.00714	0.00834	0.00556	0.00476	0.00318	0.00159	0.00397	0.00278	0.00318	0.00556
144	0.01900	0.02397	0.01458	0.01320	0.01581	0.76659	0.00994	0.03459	0.01457	0.01293	0.00799	0.00936	0.00665	0.00539	0.00491	0.00135	0.02715	0.00336	0.00268	0.00599
145	0.01141	0.02536	0.02623	0.10207	0.02547	0.01240	0.58813	0.01521	0.01153	0.01559	0.01135	0.07260	0.00954	0.00548	0.00643	0.00177	0.04379	0.00640	0.00270	0.00653
146	0.01180	0.01602	0.16145	0.02042	0.02602	0.01279	0.64005	0.01640	0.01189	0.01640	0.01018	0.01332	0.00756	0.00442	0.00585	0.00171	0.00847	0.00567	0.00252	0.00703
147	0.01799	0.01309	0.01276	0.01055	0.01389	0.19603	0.02771	0.09345	0.10597	0.29956	0.07202	0.01728	0.01385	0.00645	0.00509	0.00151	0.00555	0.02403	0.00483	0.05838
148	0.01462	0.01894	0.11855	0.01585	0.01979	0.31109	0.26382	0.05199	0.01323	0.01557	0.04326	0.01254	0.00893	0.00544	0.00608	0.00158	0.06469	0.00469	0.00279	0.00654
149	0.01016	0.00993	0.01083	0.01016	0.01119	0.14549	0.00799	0.01176	0.00926	0.01211	0.01133	0.01648	0.01053	0.02682	0.50477	0.00584	0.17278	0.00492	0.00263	0.00502
150	0.00643	0.00463	0.00614	0.00729	0.00772	0.00434	0.00506	0.00748	0.01008	0.01334	0.02906	0.71725	0.06144	0.01578	0.00658	0.00210	0.00313	0.08319	0.00476	0.00423
151	0.01316	0.61239	0.09334	0.01021	0.01495	0.01787	0.06595	0.02971	0.01086	0.01352	0.00781	0.00915	0.00679	0.00441	0.00371	0.00117	0.00578	0.00314	0.00235	0.07371
152	0.00657	0.00473	0.00623	0.00695	0.00755	0.00439	0.00483	0.00792	0.01122	0.01524	0.23836	0.56429	0.05878	0.01441	0.00641	0.00195	0.00285	0.02795	0.00501	0.00437
153	0.00606	0.00520	0.00520	0.00520	0.00693	0.00433	0.00390	0.00736	0.01170	0.01386	0.05198	0.04938	0.78558	0.01299	0.00606	0.00173	0.00260	0.01083	0.00476	0.00433
154	0.01270	0.01219	0.02083	0.03149	0.78767	0.01219	0.01575	0.01575	0.01168	0.01676	0.00965	0.01270	0.00813	0.00457	0.00508	0.00152	0.00610	0.00457	0.00254	0.00813
155	0.01164	0.03469	0.04888	0.12205	0.02693	0.01271	0.61126	0.01574	0.01173	0.01580	0.01056	0.03405	0.00826	0.00475	0.00584	0.00172	0.00816	0.00593	0.00259	0.00670
156	0.00827	0.00591	0.00827	0.00945	0.01063	0.00591	0.00827	0.01063	0.01181	0.01536	0.02717	0.05788	0.02953	0.01417	0.00709	0.00236	0.00472	0.75313	0.00472	0.00472
157	0.00632	0.00453	0.00596	0.00709	0.00743	0.00423	0.00475	0.00722	0.00984	0.01306	0.02853	0.75865	0.05359	0.04047	0.00714	0.00217	0.00306	0.02711	0.00471	0.00415
158	0.01212	0.01078	0.01915	0.01476	0.01821	0.04185	0.37608	0.01557	0.05085	0.11282	0.01832	0.17840	0.05461	0.02430	0.00637	0.00185	0.00628	0.02751	0.00381	0.00635
159	0.01293	0.01249	0.02228	0.05700	0.26149	0.01249	0.31361	0.13021	0.03086	0.01887	0.03137	0.05019	0.01039	0.00546	0.00557	0.00165	0.00680	0.00577	0.00318	0.00737
160	0.01827	0.01241	0.01391	0.01093	0.01459	0.01348	0.00896	0.55865	0.03641	0.13064	0.03122	0.01456	0.01073	0.00971	0.08889	0.00226	0.00622	0.00491	0.00506	0.00819
161	0.00683	0.00493	0.00654	0.00731	0.00803	0.00464	0.00536	0.00836	0.01134	0.01526	0.20434	0.47158	0.06688	0.01432	0.00651	0.00201	0.00314	0.14323	0.00496	0.00443
162	0.01206	0.16322	0.12295	0.01160	0.01510	0.06764	0.10427	0.06092	0.06555	0.03388	0.04811	0.08882	0.02787	0.00749	0.00566	0.00164	0.04117	0.07766	0.03799	0.00638
163	0.01291	0.39941	0.03254	0.03652	0.01390	0.01415	0.00815	0.06476	0.01150	0.03062	0.00860	0.00984	0.00724	0.00435	0.00374	0.00104	0.00491	0.00311	0.00280	0.32990

[dist]
# distance from previous block
# <min> <max>
1	27

[block]
# block no. 2 follows, 48 sequences, length 22
# corresponding to MSA columns:
# 248-269
name=unknown_C
#
# <colnr> <probs for GDERKNQSTAVLIFYWHMCP>
#	G	D	E	R	K	N	Q	S	T	A	V	L	I	F	Y	W	H	M	C	P
0	0.00915	0.01048	0.15843	0.02642	0.01311	0.00799	0.03639	0.01249	0.04625	0.03972	0.07050	0.01911	0.01396	0.05927	0.38069	0.00484	0.00943	0.00535	0.00311	0.07329
1	0.01359	0.14206	0.45653	0.01275	0.01879	0.05941	0.03130	0.03983	0.01199	0.13389	0.01062	0.01147	0.00758	0.00505	0.00468	0.00150	0.00677	0.00387	0.00295	0.02538
2	0.00705	0.00511	0.00665	0.00653	0.00760	0.00471	0.00480	0.00916	0.01361	0.01905	0.62886	0.17363	0.07091	0.01154	0.00614	0.00170	0.00252	0.01025	0.00546	0.00471
3	0.01012	0.00996	0.01803	0.66795	0.03383	0.01168	0.14815	0.01370	0.01059	0.01370	0.00934	0.01371	0.00701	0.00499	0.00529	0.00171	0.00716	0.00483	0.00234	0.00592
4	0.00745	0.00518	0.00598	0.00603	0.00640	0.00512	0.00378	0.00821	0.02411	0.01169	0.07695	0.05827	0.08114	0.60033	0.03580	0.00425	0.00468	0.04747	0.00359	0.00358
5	0.01206	0.01368	0.02939	0.02113	0.02601	0.01314	0.72300	0.01619	0.01185	0.01619	0.01016	0.01368	0.00772	0.00461	0.00671	0.00176	0.05735	0.00596	0.00257	0.00684
6	0.02263	0.00882	0.01190	0.00918	0.01311	0.00774	0.00756	0.02509	0.04416	0.76151	0.02027	0.01753	0.01282	0.00637	0.00516	0.00159	0.00435	0.00518	0.00631	0.00871
7	0.00726	0.00524	0.00686	0.00646	0.00767	0.00484	0.00484	0.00968	0.01452	0.02058	0.78496	0.03833	0.04841	0.01049	0.00605	0.00161	0.00242	0.00928	0.00565	0.00484
8	0.01038	0.00962	0.01614	0.59030	0.20752	0.01127	0.01409	0.01366	0.01061	0.01424	0.00960	0.01371	0.00744	0.00504	0.00505	0.00164	0.00646	0.00457	0.04243	0.00622
9	0.05687	0.00878	0.01173	0.00903	0.01297	0.00770	0.00746	0.02460	0.01444	0.76000	0.01971	0.01709	0.01241	0.00629	0.00508	0.00159	0.00435	0.00506	0.00622	0.00860
10	0.00671	0.00515	0.00620	0.00613	0.00742	0.00464	0.00454	0.00853	0.01275	0.01697	0.40448	0.12438	0.31935	0.01303	0.03483	0.00195	0.00296	0.01028	0.00512	0.00457
11	0.57311	0.00965	0.00828	0.00723	0.01017	0.01094	0.00588	0.11811	0.02689	0.02362	0.03847	0.01174	0.00887	0.00538	0.00365	0.00153	0.00392	0.00362	0.12304	0.00591
12	0.02288	0.00896	0.01205	0.00924	0.01321	0.00788	0.00763	0.05519	0.01507	0.76050	0.01992	0.01726	0.01254	0.00634	0.00516	0.00159	0.00442	0.00514	0.00630	0.00873
13	0.00746	0.00497	0.00560	0.00560	0.00560	0.00497	0.00311	0.00746	0.00746	0.00995	0.01617	0.03358	0.01865	0.81967	0.02612	0.00497	0.00497	0.00746	0.00311	0.00311
14	0.00614	0.00520	0.00531	0.00528	0.00698	0.00437	0.00396	0.00752	0.01188	0.01430	0.10008	0.04866	0.73721	0.01283	0.00606	0.00172	0.00259	0.01073	0.00482	0.00437
15	0.00888	0.00712	0.00831	0.00849	0.00979	0.04379	0.02277	0.05621	0.07475	0.02723	0.03805	0.43408	0.09885	0.01315	0.00626	0.00198	0.00390	0.12660	0.00471	0.00509
16	0.00806	0.00599	0.00829	0.06815	0.01077	0.00623	0.01913	0.03963	0.01049	0.04023	0.02438	0.58551	0.04577	0.02846	0.02151	0.00217	0.05416	0.01195	0.00439	0.00475
17	0.01099	0.01088	0.01526	0.01315	0.01321	0.01515	0.01093	0.01215	0.00788	0.01232	0.00716	0.01177	0.00711	0.01077	0.06437	0.00261	0.76190	0.00455	0.00228	0.00555
18	0.01354	0.51389	0.24581	0.01058	0.01585	0.01690	0.01165	0.03980	0.01126	0.06633	0.00877	0.00973	0.00704	0.00472	0.00393	0.00130	0.00602	0.00327	0.00256	0.00708
19	0.01256	0.01305	0.06706	0.03048	0.74184	0.01217	0.01594	0.01578	0.01163	0.01673	0.00962	0.01259	0.00803	0.00459	0.00507	0.00153	0.00618	0.00453	0.00252	0.00810
20	0.01158	0.14886	0.62759	0.01339	0.02026	0.01295	0.01670	0.01664	0.01100	0.06200	0.00955	0.01083	0.00688	0.00489	0.00465	0.00154	0.00707	0.00371	0.00242	0.00750
21	0.03940	0.16281	0.08841	0.01216	0.07493	0.08915	0.05494	0.03076	0.07615	0.06606	0.04017	0.01456	0.01070	0.00676	0.03673	0.00164	0.00595	0.02955	0.00328	0.15587

[dist]
# distance from previous block
# <min> <max>
0	2

[block]
# block no. 3 follows, 48 sequences, length 64
# corresponding to MSA columns:
# 272-335
name=unknown_D
#
# <colnr> <probs for GDERKNQSTAVLIFYWHMCP>
#	G	D	E	R	K	N	Q	S	T	A	V	L	I	F	Y	W	H	M	C	P
0	0.01665	0.13003	0.05214	0.01134	0.01503	0.27527	0.06291	0.01918	0.03850	0.18820	0.05915	0.01358	0.01100	0.00556	0.00471	0.00138	0.00644	0.00429	0.00369	0.08097
1	0.00623	0.00519	0.00545	0.00542	0.00704	0.00440	0.00405	0.00768	0.01204	0.01477	0.15296	0.06550	0.66618	0.01272	0.00607	0.00172	0.00258	0.01070	0.00489	0.00440
2	0.01112	0.01192	0.02377	0.01778	0.02125	0.01226	0.50340	0.01434	0.01074	0.01493	0.01102	0.05208	0.00960	0.03526	0.07580	0.00250	0.15719	0.00616	0.00266	0.00623
3	0.01251	0.01209	0.02019	0.10788	0.70077	0.02489	0.01550	0.01556	0.01159	0.01633	0.00957	0.01274	0.00798	0.00464	0.00508	0.00154	0.00622	0.00455	0.00252	0.00785
4	0.01144	0.01090	0.01638	0.01352	0.01442	0.01400	0.10647	0.03657	0.00904	0.03110	0.00870	0.01395	0.00828	0.08176	0.03418	0.00253	0.57348	0.00500	0.00256	0.00570
5	0.00743	0.00496	0.00561	0.00564	0.00565	0.00495	0.00315	0.00745	0.00753	0.01003	0.01650	0.05477	0.01907	0.79791	0.02559	0.00490	0.00492	0.00765	0.00315	0.00314
6	0.05131	0.01279	0.01354	0.01120	0.03382	0.05951	0.00889	0.43973	0.06676	0.15183	0.01643	0.01693	0.05578	0.00676	0.00515	0.00159	0.00529	0.02969	0.00501	0.00800
7	0.01260	0.55123	0.26801	0.01095	0.01637	0.01747	0.03177	0.01567	0.01060	0.01350	0.00787	0.00920	0.00659	0.00454	0.00386	0.00128	0.00623	0.00316	0.00220	0.00691
8	0.00674	0.00488	0.00631	0.00727	0.00783	0.00461	0.00504	0.02808	0.01054	0.01396	0.04600	0.68706	0.07972	0.01539	0.00650	0.00205	0.00311	0.05578	0.00479	0.00435
9	0.00634	0.00454	0.00604	0.00708	0.00746	0.00423	0.00477	0.00738	0.01025	0.01378	0.09705	0.74562	0.03525	0.01557	0.00650	0.00204	0.00293	0.01410	0.00484	0.00423
10	0.02347	0.00851	0.01012	0.00773	0.01151	0.00684	0.00610	0.01280	0.01076	0.05937	0.02828	0.10156	0.02540	0.00577	0.00465	0.00104	0.02802	0.00474	0.00348	0.63983
11	0.01357	0.00923	0.01293	0.17131	0.01761	0.00886	0.04703	0.05030	0.01235	0.20375	0.05375	0.01630	0.04505	0.00581	0.00540	0.00139	0.04230	0.00482	0.00393	0.27430
12	0.00788	0.00539	0.00689	0.00720	0.00839	0.00505	0.00562	0.00974	0.01208	0.04522	0.23552	0.17499	0.15320	0.04515	0.00710	0.00204	0.00336	0.21838	0.04211	0.00469
13	0.00680	0.00528	0.00621	0.00637	0.00774	0.00474	0.00491	0.00851	0.01224	0.01574	0.23920	0.09448	0.39893	0.03306	0.00677	0.00191	0.00299	0.13468	0.00495	0.00449
14	0.01074	0.01019	0.01935	0.08225	0.05014	0.01016	0.34663	0.01384	0.01158	0.04113	0.06592	0.05365	0.01621	0.04808	0.00771	0.00203	0.04988	0.15113	0.00339	0.00600
15	0.00737	0.00599	0.00666	0.00635	0.00777	0.03621	0.00476	0.00942	0.01368	0.01824	0.53406	0.04049	0.26808	0.01104	0.00600	0.00164	0.00275	0.00951	0.00526	0.00473
16	0.00949	0.00788	0.00839	0.00782	0.00999	0.00832	0.00602	0.01707	0.36469	0.01849	0.13109	0.03283	0.29007	0.00960	0.00558	0.00171	0.00327	0.01931	0.04221	0.00617
17	0.08220	0.00895	0.04152	0.00888	0.01244	0.00759	0.00756	0.02129	0.01385	0.56964	0.09872	0.03207	0.01685	0.00717	0.00522	0.00164	0.00426	0.04663	0.00576	0.00776
18	0.01128	0.03968	0.42511	0.01720	0.02345	0.03325	0.32753	0.01625	0.01143	0.01607	0.00996	0.02698	0.00755	0.00486	0.00535	0.00166	0.00793	0.00489	0.00241	0.00718
19	0.01896	0.01410	0.01509	0.01169	0.01570	0.01566	0.00962	0.71011	0.08547	0.03145	0.01302	0.01287	0.00929	0.00622	0.00514	0.00156	0.00552	0.00472	0.00514	0.00868
20	0.00660	0.00521	0.00575	0.00566	0.00721	0.00454	0.00428	0.00830	0.01249	0.01605	0.26335	0.04525	0.52201	0.01203	0.00599	0.00169	0.00260	0.02980	0.03667	0.00451
21	0.01071	0.05052	0.66264	0.01636	0.09696	0.01226	0.04783	0.01618	0.01095	0.01617	0.00923	0.01105	0.00671	0.00481	0.00489	0.00160	0.00741	0.00392	0.00222	0.00758
22	0.01335	0.01275	0.09378	0.05867	0.45360	0.01117	0.09581	0.01658	0.01190	0.12190	0.01205	0.05409	0.00981	0.00542	0.00525	0.00160	0.00615	0.00524	0.00313	0.00772
23	0.09038	0.01481	0.10114	0.01652	0.02098	0.08440	0.40269	0.03040	0.03016	0.06861	0.01151	0.02436	0.00911	0.00547	0.00585	0.00171	0.03393	0.03811	0.00307	0.00678
24	0.02227	0.50706	0.19341	0.04197	0.01638	0.01696	0.03618	0.04626	0.02371	0.01455	0.03358	0.01053	0.00820	0.00484	0.00400	0.00131	0.00597	0.00349	0.00250	0.00682
25	0.01348	0.76325	0.04363	0.00885	0.01333	0.01943	0.00888	0.01526	0.01045	0.01240	0.00728	0.00841	0.00663	0.00437	0.00335	0.00109	0.00545	0.00278	0.00224	0.04943
26	0.01315	0.50625	0.08827	0.01299	0.01785	0.01743	0.22608	0.03728	0.01133	0.01422	0.00837	0.01015	0.00698	0.00446	0.00426	0.00133	0.00656	0.00382	0.00239	0.00682
27	0.01893	0.01160	0.01281	0.01035	0.01395	0.05129	0.00835	0.22699	0.21895	0.33097	0.01758	0.01634	0.01219	0.01875	0.00546	0.00165	0.00489	0.00512	0.00549	0.00834
28	0.00866	0.00525	0.00689	0.00742	0.00833	0.00486	0.00519	0.02632	0.01083	0.11222	0.02785	0.66680	0.06051	0.01450	0.00632	0.00199	0.00320	0.01302	0.00497	0.00485
29	0.00639	0.00469	0.00595	0.00688	0.00745	0.00433	0.00474	0.00741	0.01021	0.01333	0.04400	0.61096	0.15420	0.04702	0.00726	0.00215	0.00307	0.05107	0.00471	0.00419
30	0.01267	0.01228	0.02131	0.03099	0.74908	0.01223	0.05395	0.01578	0.01171	0.01675	0.00969	0.01276	0.00811	0.00456	0.00513	0.00153	0.00623	0.00465	0.00254	0.00807
31	0.04060	0.00549	0.00665	0.00661	0.00780	0.00530	0.00485	0.03184	0.01245	0.04740	0.33009	0.26556	0.03320	0.01080	0.00556	0.00167	0.00281	0.00948	0.16693	0.00491
32	0.00640	0.00455	0.00604	0.00718	0.00751	0.00428	0.00485	0.00732	0.00981	0.01306	0.02770	0.74715	0.03306	0.05136	0.00744	0.00222	0.00314	0.04808	0.00469	0.00415
33	0.00611	0.00520	0.00526	0.00525	0.00696	0.00435	0.00393	0.00745	0.01180	0.01411	0.07949	0.04897	0.75792	0.01290	0.00606	0.00173	0.00259	0.01077	0.00480	0.00435
34	0.01273	0.59239	0.24858	0.01047	0.01578	0.01788	0.01172	0.01562	0.01054	0.01328	0.00773	0.00898	0.00656	0.00453	0.00375	0.00125	0.00609	0.00305	0.00219	0.00687
35	0.00675	0.00485	0.00650	0.00765	0.00822	0.00461	0.00561	0.00803	0.01039	0.01369	0.02892	0.59664	0.06200	0.01548	0.00667	0.00214	0.00340	0.19938	0.00475	0.00431
36	0.03842	0.00914	0.01141	0.00916	0.01272	0.00877	0.00744	0.04387	0.17344	0.54771	0.01967	0.01758	0.01308	0.00642	0.00503	0.00159	0.00421	0.00520	0.05684	0.00830
37	0.06414	0.02548	0.74307	0.01412	0.02143	0.01189	0.01810	0.01618	0.01070	0.01668	0.00908	0.01067	0.00644	0.00487	0.00477	0.00162	0.00735	0.00373	0.00223	0.00745
