[name]
unknown

[dist]
# distance from previous block
# <min> <max>
0	3

[block]
# block no. 0 follows, 49 sequences, length 39
# corresponding to MSA columns:
# 588-626
name=unknown_A
#
# <colnr> <probs for GDERKNQSTAVLIFYWHMCP>
#	G	D	E	R	K	N	Q	S	T	A	V	L	I	F	Y	W	H	M	C	P
0	0.01820	0.00825	0.01074	0.04039	0.01257	0.02445	0.01891	0.04352	0.01344	0.50751	0.01809	0.01818	0.01249	0.00782	0.04347	0.00183	0.00470	0.02507	0.16299	0.00737
1	0.01279	0.18356	0.02066	0.10872	0.36176	0.04457	0.08073	0.01547	0.01120	0.05225	0.00966	0.01230	0.00794	0.00650	0.04948	0.00182	0.00665	0.00428	0.00260	0.00706
2	0.01423	0.01630	0.01422	0.15526	0.05871	0.39655	0.04476	0.02938	0.01252	0.01360	0.02349	0.01411	0.05384	0.00775	0.05309	0.00187	0.04069	0.00443	0.02541	0.01981
3	0.06437	0.01318	0.05770	0.23380	0.19833	0.12950	0.08569	0.01508	0.01115	0.02963	0.01057	0.03530	0.02535	0.00556	0.00563	0.00161	0.05272	0.00473	0.01374	0.00637
4	0.16657	0.01288	0.01149	0.00973	0.01292	0.14066	0.00772	0.19963	0.17846	0.03512	0.03288	0.01559	0.05415	0.00623	0.00463	0.00149	0.00507	0.01512	0.00414	0.08553
5	0.01168	0.01063	0.01512	0.16206	0.32492	0.03190	0.01159	0.06599	0.13335	0.01735	0.03616	0.03248	0.07580	0.00617	0.00510	0.00157	0.00531	0.00546	0.02038	0.02697
6	0.00706	0.00516	0.00662	0.00626	0.00749	0.00473	0.00469	0.00935	0.01408	0.01972	0.72583	0.03869	0.11031	0.01055	0.00597	0.00160	0.00240	0.00927	0.00549	0.00473
7	0.00824	0.00665	0.00939	0.00889	0.01009	0.02806	0.05282	0.04958	0.00963	0.01323	0.01621	0.18517	0.01656	0.06806	0.48626	0.00578	0.01007	0.00730	0.00325	0.00475
8	0.00616	0.00440	0.00587	0.00704	0.00733	0.00411	0.00469	0.00704	0.00968	0.01291	0.02787	0.81899	0.03344	0.01584	0.00645	0.00205	0.00293	0.01438	0.00469	0.00411
9	0.85801	0.00978	0.00743	0.00665	0.00978	0.01134	0.00548	0.01486	0.00861	0.02269	0.00704	0.00821	0.00548	0.00469	0.00313	0.00156	0.00391	0.00274	0.00313	0.00548
10	0.00726	0.00529	0.00748	0.00748	0.00817	0.00597	0.00552	0.00862	0.00794	0.01126	0.01413	0.02312	0.01405	0.23071	0.61140	0.00733	0.01142	0.00589	0.00280	0.00416
11	0.01061	0.13178	0.65210	0.01328	0.02018	0.01258	0.01668	0.01572	0.01061	0.01549	0.00880	0.01032	0.00647	0.00468	0.00454	0.00149	0.00700	0.00356	0.00218	0.05191
12	0.01300	0.70259	0.14470	0.00954	0.01435	0.01874	0.01019	0.01528	0.01034	0.01253	0.00734	0.00851	0.00648	0.00440	0.00348	0.00116	0.00572	0.00286	0.00216	0.00664
13	0.01041	0.08880	0.73576	0.01396	0.02119	0.01239	0.01790	0.01595	0.01064	0.01569	0.00891	0.01048	0.00641	0.00477	0.00468	0.00156	0.00731	0.00366	0.00214	0.00740
14	0.00844	0.00923	0.13197	0.05067	0.01203	0.00714	0.00792	0.01145	0.05448	0.03152	0.06240	0.11143	0.09778	0.08513	0.22871	0.00371	0.00702	0.00689	0.02150	0.05057
15	0.00645	0.00514	0.00579	0.00562	0.00712	0.00447	0.00422	0.00818	0.01266	0.01634	0.34988	0.04425	0.48836	0.01181	0.00597	0.00166	0.00249	0.01005	0.00505	0.00447
16	0.05339	0.01153	0.01182	0.01021	0.01330	0.04894	0.00809	0.15000	0.47709	0.07294	0.03434	0.01792	0.01410	0.00670	0.00504	0.00164	0.00449	0.02541	0.00494	0.02813
17	0.01277	0.45133	0.30330	0.01080	0.01618	0.01597	0.01217	0.04621	0.01117	0.04809	0.00945	0.01044	0.02301	0.00483	0.00402	0.00132	0.00605	0.00342	0.00250	0.00698
18	0.01234	0.01184	0.02022	0.07608	0.74704	0.01197	0.01543	0.01537	0.01143	0.01631	0.00948	0.01257	0.00794	0.00454	0.00501	0.00151	0.00605	0.00450	0.00249	0.00787
19	0.03632	0.01097	0.01393	0.01205	0.01309	0.09007	0.05809	0.03527	0.00931	0.01326	0.00942	0.03176	0.00887	0.01561	0.21527	0.00356	0.41028	0.00484	0.00257	0.00544
20	0.03077	0.01108	0.04825	0.28612	0.22519	0.01126	0.09793	0.07217	0.02714	0.05163	0.07860	0.01532	0.01130	0.00543	0.00517	0.00161	0.00608	0.00506	0.00310	0.00678
21	0.04858	0.06269	0.02773	0.01090	0.01465	0.05610	0.03917	0.38719	0.12287	0.07809	0.01298	0.01340	0.00962	0.02368	0.00524	0.00155	0.00535	0.00452	0.02247	0.05320
22	0.00953	0.00841	0.01225	0.01059	0.01256	0.03900	0.16031	0.08967	0.04260	0.01637	0.08244	0.39785	0.05503	0.03059	0.00649	0.00190	0.00461	0.01015	0.00427	0.00538
23	0.00653	0.00481	0.00612	0.00650	0.00735	0.00440	0.00461	0.00807	0.01179	0.01597	0.33570	0.39879	0.14427	0.01321	0.00619	0.00182	0.00266	0.01176	0.00504	0.00440
24	0.04416	0.11630	0.01558	0.01224	0.01515	0.64177	0.00950	0.06245	0.01422	0.01375	0.00795	0.00915	0.00660	0.00514	0.00439	0.00130	0.00832	0.00325	0.00271	0.00608
25	0.00919	0.00650	0.00775	0.00719	0.00808	0.00699	0.00499	0.12845	0.01015	0.01381	0.01468	0.02617	0.01527	0.47902	0.23514	0.00525	0.00737	0.00638	0.00328	0.00433
26	0.01286	0.01032	0.01159	0.01053	0.02713	0.02528	0.02473	0.09775	0.47708	0.05072	0.03330	0.02238	0.01604	0.02741	0.00627	0.02806	0.00444	0.08581	0.02107	0.00724
27	0.01055	0.00881	0.00954	0.00876	0.01105	0.00974	0.00673	0.02047	0.50946	0.01988	0.17357	0.05273	0.10177	0.00843	0.00540	0.00169	0.00347	0.00717	0.02400	0.00678
28	0.01868	0.05569	0.01481	0.01285	0.01553	0.77115	0.00973	0.01999	0.01417	0.01236	0.00779	0.00908	0.00651	0.00518	0.00451	0.00129	0.00897	0.00323	0.00259	0.00589
29	0.01252	0.01201	0.02053	0.03104	0.79074	0.01201	0.01552	0.01552	0.01151	0.01652	0.00951	0.01252	0.00801	0.00451	0.00501	0.00150	0.00601	0.00451	0.00250	0.00801
30	0.00610	0.00510	0.00524	0.00525	0.00683	0.00432	0.00388	0.00738	0.01146	0.01384	0.08843	0.06791	0.69885	0.04467	0.00677	0.00184	0.00265	0.01056	0.00468	0.00424
31	0.85801	0.00978	0.00743	0.00665	0.00978	0.01134	0.00548	0.01486	0.00861	0.02269	0.00704	0.00821	0.00548	0.00469	0.00313	0.00156	0.00391	0.00274	0.00313	0.00548
32	0.85801	0.00978	0.00743	0.00665	0.00978	0.01134	0.00548	0.01486	0.00861	0.02269	0.00704	0.00821	0.00548	0.00469	0.00313	0.00156	0.00391	0.00274	0.00313	0.00548
33	0.01167	0.02541	0.01481	0.03514	0.31759	0.02650	0.02414	0.05280	0.10118	0.03912	0.01400	0.11204	0.01327	0.11686	0.00888	0.00210	0.06838	0.00619	0.00336	0.00659
34	0.01098	0.00872	0.01032	0.00756	0.01179	0.00664	0.00601	0.01314	0.01068	0.06217	0.01063	0.05349	0.00915	0.00453	0.00397	0.00087	0.00374	0.00372	0.00328	0.75863
35	0.01428	0.58477	0.02231	0.00947	0.01319	0.19774	0.00862	0.01587	0.01144	0.01248	0.04913	0.01060	0.02214	0.00499	0.00374	0.00117	0.00605	0.00331	0.00249	0.00622
36	0.00862	0.00463	0.00626	0.00624	0.00656	0.00460	0.00419	0.00771	0.00755	0.01089	0.01165	0.04582	0.01152	0.11195	0.03803	0.54649	0.00431	0.00514	0.13666	0.02119
37	0.01025	0.05180	0.01173	0.00851	0.01180	0.00868	0.00694	0.01223	0.00972	0.01490	0.00920	0.01182	0.00806	0.00954	0.12252	0.00206	0.12594	0.00355	0.00279	0.55794
38	0.14008	0.01338	0.06406	0.07894	0.04248	0.16088	0.02240	0.06092	0.04276	0.01702	0.01239	0.01378	0.06584	0.00615	0.02163	0.00150	0.02089	0.00415	0.00311	0.20764

[dist]
# distance from previous block
# <min> <max>
2	5

[block]
# block no. 1 follows, 49 sequences, length 25
# corresponding to MSA columns:
# 632-656
name=unknown_B
#
# <colnr> <probs for GDERKNQSTAVLIFYWHMCP>
#	G	D	E	R	K	N	Q	S	T	A	V	L	I	F	Y	W	H	M	C	P
0	0.00856	0.02967	0.06148	0.04348	0.01363	0.02555	0.15023	0.01087	0.01121	0.01505	0.12752	0.28977	0.10908	0.00998	0.00575	0.00170	0.00458	0.00918	0.00391	0.06878
1	0.01296	0.02756	0.08217	0.01238	0.08188	0.03141	0.04098	0.22624	0.17643	0.02034	0.01574	0.07192	0.03581	0.08323	0.04226	0.00219	0.00564	0.00584	0.00402	0.02100
2	0.01459	0.01074	0.01159	0.00955	0.01240	0.05590	0.00762	0.28091	0.05717	0.11818	0.09065	0.07039	0.09550	0.02113	0.00627	0.00162	0.05531	0.00622	0.00469	0.06956
3	0.01066	0.00883	0.01012	0.00773	0.01149	0.00744	0.00610	0.07779	0.05583	0.01784	0.05862	0.04349	0.06056	0.02284	0.00477	0.00111	0.00376	0.00461	0.00361	0.58280
4	0.01335	0.01149	0.01805	0.05074	0.15574	0.03054	0.21638	0.08596	0.14787	0.09344	0.03952	0.03495	0.02719	0.02849	0.00593	0.00170	0.00591	0.00569	0.00378	0.02325
5	0.00943	0.00471	0.00471	0.00471	0.00589	0.00471	0.00353	0.01178	0.01060	0.01885	0.01650	0.01885	0.01296	0.00589	0.00353	0.00118	0.00236	0.00471	0.85036	0.00471
6	0.03465	0.00965	0.01334	0.21077	0.15458	0.00946	0.00980	0.07225	0.01154	0.01698	0.01004	0.03168	0.00829	0.00479	0.00443	0.00125	0.00495	0.00410	0.03817	0.34928
7	0.00627	0.00458	0.00616	0.03472	0.00827	0.00436	0.00499	0.00725	0.00976	0.01293	0.02798	0.76611	0.05708	0.01537	0.00639	0.00203	0.00305	0.01391	0.00461	0.00416
8	0.00943	0.00471	0.00471	0.00471	0.00589	0.00471	0.00353	0.01178	0.01060	0.01885	0.01650	0.01885	0.01296	0.00589	0.00353	0.00118	0.00236	0.00471	0.85036	0.00471
9	0.53018	0.01088	0.01227	0.06722	0.08458	0.01212	0.07802	0.11811	0.01134	0.02210	0.00839	0.01001	0.00642	0.00485	0.00396	0.00157	0.00495	0.00356	0.00322	0.00626
10	0.00737	0.00525	0.00663	0.00739	0.00805	0.00517	0.00509	0.00967	0.09104	0.03284	0.02613	0.64702	0.02998	0.06526	0.00751	0.00219	0.00325	0.03091	0.00468	0.00458
11	0.01189	0.01044	0.01214	0.02465	0.03158	0.10424	0.02759	0.04508	0.01112	0.07050	0.07507	0.01555	0.01213	0.01347	0.18713	0.00297	0.15663	0.00470	0.00323	0.17989
12	0.00997	0.00978	0.01842	0.35279	0.02585	0.01034	0.28319	0.01324	0.01075	0.01455	0.01240	0.12027	0.01101	0.00622	0.00544	0.00169	0.00653	0.00631	0.05596	0.02531
13	0.00810	0.00647	0.00830	0.05774	0.01094	0.00564	0.00596	0.00979	0.01034	0.01468	0.05588	0.39334	0.02282	0.01043	0.00540	0.00155	0.00354	0.05471	0.00397	0.31039
14	0.00638	0.00475	0.00678	0.00758	0.00806	0.00444	0.03391	0.00739	0.00977	0.01303	0.02720	0.78833	0.03246	0.01540	0.00644	0.00204	0.00315	0.01406	0.00461	0.00421
15	0.01018	0.00603	0.00735	0.00658	0.00858	0.00536	0.00509	0.01238	0.03265	0.18277	0.34233	0.03680	0.30374	0.01026	0.00576	0.00163	0.00290	0.00874	0.00539	0.00549
16	0.00661	0.00484	0.00621	0.00652	0.00739	0.00444	0.00464	0.00824	0.01204	0.01644	0.38656	0.37295	0.11849	0.01295	0.00617	0.00180	0.00264	0.01154	0.00510	0.00444
17	0.01194	0.01364	0.02984	0.02131	0.02643	0.01279	0.77238	0.01620	0.01194	0.01620	0.01023	0.01364	0.00767	0.00426	0.00597	0.00171	0.00853	0.00597	0.00256	0.00682
18	0.00687	0.00486	0.00560	0.00604	0.00712	0.00443	0.00442	0.00835	0.01094	0.01486	0.08294	0.29812	0.30243	0.01250	0.00577	0.00176	0.00278	0.06052	0.15534	0.00435
19	0.00722	0.00542	0.00813	0.00813	0.00903	0.00632	0.00632	0.00903	0.00813	0.01174	0.01354	0.01987	0.01264	0.03792	0.80225	0.00813	0.01354	0.00542	0.00271	0.00451
20	0.02061	0.00815	0.01107	0.00864	0.01219	0.00708	0.00708	0.02262	0.01445	0.69063	0.12279	0.01996	0.01723	0.00680	0.00520	0.00157	0.00405	0.00563	0.00617	0.00809
21	0.01049	0.00899	0.01049	0.00749	0.01198	0.00674	0.00599	0.01273	0.01049	0.01648	0.00899	0.01049	0.00749	0.00374	0.00374	0.00075	0.00374	0.00300	0.00300	0.85320
22	0.00615	0.00445	0.00582	0.00691	0.00730	0.00412	0.00464	0.00706	0.00980	0.01296	0.02941	0.76810	0.08334	0.01564	0.00642	0.00203	0.00291	0.01413	0.00469	0.00412
23	0.06478	0.34940	0.41485	0.01156	0.01730	0.01517	0.01359	0.01549	0.01031	0.01467	0.00806	0.00949	0.00639	0.00470	0.00435	0.00140	0.02610	0.00327	0.00221	0.00690
24	0.06657	0.01805	0.02880	0.06519	0.01605	0.45245	0.03445	0.10294	0.01406	0.03142	0.02333	0.02895	0.00936	0.02426	0.03475	0.00178	0.00778	0.03062	0.00313	0.00605

[dist]
# distance from previous block
# <min> <max>
0	1

[block]
# block no. 2 follows, 49 sequences, length 36
# corresponding to MSA columns:
# 658-693
name=unknown_C
#
# <colnr> <probs for GDERKNQSTAVLIFYWHMCP>
#	G	D	E	R	K	N	Q	S	T	A	V	L	I	F	Y	W	H	M	C	P
0	0.01261	0.01122	0.01668	0.03604	0.25361	0.03023	0.12351	0.11259	0.07694	0.04452	0.04664	0.03433	0.07429	0.00603	0.00517	0.00150	0.00545	0.00556	0.00358	0.09948
1	0.00783	0.03302	0.00815	0.00752	0.00832	0.03076	0.00554	0.00908	0.00816	0.01119	0.01386	0.02306	0.01395	0.26800	0.52142	0.00673	0.01058	0.00583	0.00279	0.00419
2	0.01106	0.01106	0.01549	0.01328	0.01328	0.01549	0.01106	0.01217	0.00774	0.01217	0.00664	0.01106	0.00664	0.00885	0.01659	0.00221	0.81303	0.00443	0.00221	0.00553
3	0.00955	0.00899	0.01517	0.81013	0.03483	0.01123	0.01404	0.01292	0.01011	0.01292	0.00899	0.01348	0.00674	0.00506	0.00506	0.00169	0.00674	0.00449	0.00225	0.00562
4	0.01367	0.01174	0.01198	0.01050	0.01350	0.04274	0.00823	0.13617	0.62701	0.02226	0.01942	0.01805	0.02823	0.00679	0.00513	0.00167	0.00440	0.00554	0.00503	0.00794
5	0.00616	0.00440	0.00587	0.00704	0.00733	0.00411	0.00469	0.00704	0.00968	0.01291	0.02787	0.81899	0.03344	0.01584	0.00645	0.00205	0.00293	0.01438	0.00469	0.00411
6	0.00722	0.00540	0.00805	0.00803	0.00895	0.00623	0.00623	0.00906	0.00848	0.01223	0.05786	0.02089	0.01465	0.03635	0.75669	0.00775	0.01291	0.00563	0.00287	0.00453
7	0.00650	0.00505	0.00591	0.00589	0.00720	0.00446	0.00434	0.00820	0.01247	0.01636	0.35974	0.13999	0.38148	0.01214	0.00603	0.00170	0.00253	0.01049	0.00506	0.00446
8	0.00735	0.00493	0.00566	0.00566	0.00572	0.00498	0.00325	0.00745	0.00740	0.00992	0.01580	0.03233	0.01806	0.77741	0.07016	0.00509	0.00540	0.00724	0.00304	0.00315
9	0.13284	0.00906	0.01120	0.00885	0.01256	0.00855	0.00726	0.03690	0.08153	0.60983	0.01815	0.01607	0.01177	0.00610	0.00483	0.00158	0.00425	0.00482	0.00572	0.00814
10	0.00943	0.00471	0.00471	0.00471	0.00589	0.00471	0.00353	0.01178	0.01060	0.01885	0.01650	0.01885	0.01296	0.00589	0.00353	0.00118	0.00236	0.00471	0.85036	0.00471
11	0.00625	0.00504	0.00558	0.00577	0.00716	0.00437	0.00429	0.00764	0.01157	0.01441	0.13607	0.17472	0.54048	0.01306	0.00610	0.00178	0.00269	0.04392	0.00480	0.00432
12	0.01894	0.02256	0.01446	0.01281	0.01564	0.68046	0.00975	0.13668	0.01579	0.01539	0.00848	0.00959	0.00684	0.00534	0.00464	0.00134	0.00857	0.00346	0.00298	0.00629
13	0.01126	0.00945	0.01090	0.00786	0.01231	0.00753	0.00631	0.08022	0.01166	0.01784	0.00927	0.01063	0.00759	0.00395	0.00386	0.00082	0.00391	0.00313	0.00318	0.77832
14	0.01757	0.01913	0.01477	0.01267	0.01553	0.51756	0.06919	0.05754	0.03988	0.09608	0.06049	0.01271	0.01031	0.00578	0.00520	0.00143	0.03023	0.00422	0.00337	0.00635
15	0.00943	0.00471	0.00471	0.00471	0.00589	0.00471	0.00353	0.01178	0.01060	0.01885	0.01650	0.01885	0.01296	0.00589	0.00353	0.00118	0.00236	0.00471	0.85036	0.00471
16	0.01078	0.00639	0.00850	0.03434	0.00925	0.00675	0.00570	0.15171	0.00995	0.01328	0.00942	0.01470	0.00868	0.01498	0.01650	0.66370	0.00469	0.00443	0.00274	0.00352
17	0.01665	0.02036	0.01592	0.01357	0.01652	0.57532	0.12445	0.03504	0.04304	0.01396	0.03018	0.01298	0.04847	0.00567	0.00491	0.00141	0.00826	0.00431	0.00293	0.00604
18	0.01319	0.03375	0.02383	0.01813	0.04718	0.14330	0.46960	0.05996	0.01258	0.01595	0.01058	0.05645	0.00886	0.00545	0.00628	0.00166	0.05821	0.00568	0.00279	0.00657
19	0.01786	0.01793	0.01505	0.01281	0.03415	0.35794	0.03843	0.32796	0.03289	0.02103	0.01018	0.01111	0.00780	0.00560	0.00507	0.00142	0.02577	0.00402	0.02358	0.02938
20	0.08439	0.07834	0.47325	0.01760	0.21792	0.01237	0.01601	0.01572	0.01068	0.01643	0.00886	0.01075	0.00674	0.00468	0.00460	0.00154	0.00664	0.00377	0.00232	0.00737
21	0.04704	0.01375	0.01462	0.01127	0.01521	0.01523	0.00930	0.72718	0.02290	0.03120	0.01209	0.01220	0.00862	0.00602	0.00495	0.00151	0.00542	0.00450	0.02859	0.00839
22	0.00878	0.00439	0.00659	0.00659	0.00659	0.00439	0.00439	0.00659	0.00659	0.00878	0.00878	0.01537	0.00878	0.01757	0.01976	0.85288	0.00439	0.00439	0.00220	0.00220
23	0.00992	0.02377	0.03594	0.00966	0.05507	0.00874	0.00712	0.04251	0.29028	0.01851	0.15659	0.18674	0.06809	0.00932	0.00546	0.00170	0.00364	0.00809	0.05264	0.00621
24	0.00943	0.00471	0.00471	0.00471	0.00589	0.00471	0.00353	0.01178	0.01060	0.01885	0.01650	0.01885	0.01296	0.00589	0.00353	0.00118	0.00236	0.00471	0.85036	0.00471
25	0.00651	0.00477	0.00612	0.00666	0.00744	0.00439	0.00472	0.00794	0.01139	0.01532	0.26159	0.45749	0.13465	0.01372	0.00626	0.00188	0.00278	0.03707	0.00496	0.00435
26	0.00955	0.00899	0.01517	0.81013	0.03483	0.01123	0.01404	0.01292	0.01011	0.01292	0.00899	0.01348	0.00674	0.00506	0.00506	0.00169	0.00674	0.00449	0.00225	0.00562
27	0.01175	0.00875	0.00995	0.00863	0.01100	0.00927	0.00681	0.21612	0.16096	0.04585	0.26326	0.04371	0.10264	0.01044	0.05113	0.00200	0.00431	0.02191	0.00509	0.00643
28	0.01190	0.01355	0.02932	0.02102	0.02595	0.01289	0.74489	0.01605	0.01178	0.01605	0.01010	0.01355	0.00764	0.00443	0.00635	0.00172	0.03757	0.00591	0.00255	0.00677
29	0.01081	0.00897	0.01079	0.00943	0.01100	0.01050	0.00752	0.13272	0.12160	0.01821	0.12891	0.04247	0.13753	0.02873	0.03428	0.00206	0.22651	0.00663	0.04546	0.00590
30	0.00850	0.00794	0.04276	0.02703	0.03379	0.00727	0.10013	0.03168	0.07439	0.01496	0.02272	0.45625	0.05931	0.01152	0.00618	0.00185	0.02158	0.02149	0.00413	0.04652
31	0.01204	0.38479	0.36551	0.01114	0.01663	0.04119	0.01283	0.01556	0.01069	0.02668	0.00944	0.01066	0.02313	0.00483	0.00408	0.00134	0.00626	0.00346	0.03291	0.00683
32	0.06896	0.18228	0.11884	0.01275	0.07121	0.07039	0.09343	0.05351	0.10032	0.01652	0.01221	0.03957	0.03835	0.00563	0.00486	0.00145	0.02669	0.00456	0.00306	0.07541
33	0.04352	0.01390	0.18891	0.02521	0.09274	0.05494	0.05035	0.05888	0.06140	0.04197	0.04060	0.06518	0.05301	0.00646	0.00494	0.00149	0.00541	0.03041	0.01954	0.14115
34	0.09457	0.04592	0.01210	0.01079	0.07619	0.03530	0.00787	0.21364	0.11606	0.05812	0.05823	0.01681	0.02590	0.04401	0.08150	0.01437	0.00553	0.00498	0.05611	0.02201
35	0.04407	0.12725	0.12512	0.04523	0.17018	0.03472	0.06765	0.14515	0.08774	0.04248	0.01227	0.01348	0.03614	0.00548	0.00501	0.00152	0.02134	0.00452	0.00330	0.00734

[dist]
# distance from previous block
# <min> <max>
3	33

[block]
# block no. 3 follows, 49 sequences, length 10
# corresponding to MSA columns:
# 729-738
name=unknown_D
#
# <colnr> <probs for GDERKNQSTAVLIFYWHMCP>
#	G	D	E	R	K	N	Q	S	T	A	V	L	I	F	Y	W	H	M	C	P
0	0.01324	0.06734	0.05964	0.02538	0.02846	0.13190	0.05073	0.13022	0.11723	0.04232	0.08328	0.06106	0.01488	0.04651	0.00613	0.00168	0.01597	0.01954	0.05262	0.03186
1	0.04128	0.01099	0.05066	0.01208	0.09081	0.06025	0.05628	0.10481	0.10355	0.05973	0.15816	0.07336	0.02946	0.00740	0.00540	0.00157	0.01754	0.02873	0.02496	0.06299
2	0.01258	0.08681	0.04878	0.01020	0.05003	0.11328	0.00787	0.04539	0.10118	0.08448	0.03136	0.16270	0.01487	0.05125	0.00598	0.00163	0.00492	0.00614	0.00379	0.15674
3	0.04194	0.03503	0.04506	0.01164	0.03584	0.09615	0.07701	0.21501	0.09187	0.06909	0.07473	0.07485	0.01440	0.00685	0.00511	0.00154	0.00541	0.02879	0.00418	0.06547
4	0.01416	0.05232	0.06393	0.01345	0.14107	0.09121	0.00968	0.11765	0.16217	0.10607	0.10139	0.01772	0.04503	0.00640	0.00501	0.00151	0.00513	0.00526	0.00418	0.03665
5	0.03205	0.01123	0.01052	0.01012	0.03076	0.14340	0.00761	0.04789	0.30621	0.03906	0.05234	0.11862	0.08341	0.00879	0.00542	0.00172	0.00473	0.07522	0.00451	0.00641
6	0.01579	0.26945	0.07785	0.01090	0.01497	0.08280	0.03852	0.23672	0.07914	0.08034	0.01106	0.01163	0.00844	0.00576	0.00498	0.03094	0.00581	0.00399	0.00362	0.00728
7	0.00878	0.00439	0.00659	0.00659	0.00659	0.00439	0.00439	0.00659	0.00659	0.00878	0.00878	0.01537	0.00878	0.01757	0.01976	0.85288	0.00439	0.00439	0.00220	0.00220
8	0.00849	0.00504	0.00578	0.00597	0.00676	0.00524	0.00432	0.01022	0.00998	0.01624	0.01908	0.24744	0.01869	0.05294	0.00640	0.00170	0.05458	0.00759	0.50904	0.00450
9	0.04930	0.01284	0.03805	0.01160	0.03774	0.08056	0.05292	0.30483	0.05150	0.11357	0.04430	0.01647	0.06052	0.02893	0.00624	0.00165	0.04898	0.00513	0.00433	0.03053

[dist]
# distance from previous block
# <min> <max>
0	1

[block]
# block no. 4 follows, 49 sequences, length 8
# corresponding to MSA columns:
# 740-747
name=unknown_E
#
# <colnr> <probs for GDERKNQSTAVLIFYWHMCP>
#	G	D	E	R	K	N	Q	S	T	A	V	L	I	F	Y	W	H	M	C	P
0	0.43201	0.24360	0.06254	0.00883	0.01235	0.01414	0.03006	0.01513	0.00942	0.04446	0.00766	0.00907	0.00624	0.00503	0.00469	0.00149	0.08132	0.00312	0.00280	0.00604
1	0.05775	0.00991	0.03425	0.00937	0.01323	0.00899	0.00790	0.13288	0.03994	0.57125	0.04839	0.01675	0.01295	0.00630	0.00502	0.00156	0.00447	0.00505	0.00576	0.00826
2	0.01356	0.69630	0.09856	0.00949	0.01400	0.07130	0.00968	0.01556	0.01058	0.01232	0.00728	0.00842	0.00648	0.00443	0.00348	0.00115	0.00585	0.00284	0.00219	0.00654
3	0.01406	0.61469	0.12458	0.00969	0.01429	0.06577	0.00994	0.01624	0.01087	0.06804	0.00826	0.00915	0.00691	0.00458	0.00366	0.00120	0.00582	0.00304	0.00248	0.00673
4	0.00878	0.00439	0.00659	0.00659	0.00659	0.00439	0.00439	0.00659	0.00659	0.00878	0.00878	0.01537	0.00878	0.01757	0.01976	0.85288	0.00439	0.00439	0.00220	0.00220
5	0.53629	0.20623	0.06818	0.00785	0.01163	0.01317	0.00731	0.01571	0.00957	0.07445	0.00810	0.00900	0.00629	0.00472	0.00341	0.00145	0.00455	0.00297	0.00305	0.00608
6	0.03883	0.49137	0.17859	0.01024	0.01505	0.05147	0.01066	0.08781	0.01195	0.05050	0.00855	0.00947	0.00692	0.00473	0.00387	0.00127	0.00591	0.00322	0.00267	0.00693
7	0.01485	0.24649	0.17996	0.01136	0.01560	0.23348	0.01089	0.09336	0.05470	0.04230	0.04484	0.01156	0.00925	0.00532	0.00440	0.00137	0.00663	0.00379	0.00302	0.00681

[dist]
# distance from previous block
# <min> <max>
25	93

[block]
# block no. 5 follows, 49 sequences, length 6
# corresponding to MSA columns:
# 1103-1108
name=unknown_F
#
# <colnr> <probs for GDERKNQSTAVLIFYWHMCP>
#	G	D	E	R	K	N	Q	S	T	A	V	L	I	F	Y	W	H	M	C	P
0	0.01414	0.38401	0.09634	0.01152	0.05710	0.09982	0.01011	0.09831	0.15199	0.01640	0.01045	0.01109	0.00841	0.00512	0.00417	0.00134	0.00580	0.00370	0.00307	0.00710
1	0.01431	0.27900	0.13921	0.01269	0.01745	0.01470	0.17195	0.15362	0.01367	0.08935	0.04019	0.01238	0.00925	0.00511	0.00466	0.00144	0.00619	0.00435	0.00327	0.00722
2	0.01066	0.00960	0.01432	0.24815	0.19119	0.01030	0.01098	0.01325	0.01022	0.01503	0.00939	0.01259	0.00772	0.00520	0.00622	0.00143	0.11995	0.00411	0.07261	0.22709
3	0.01674	0.10938	0.15726	0.01281	0.01648	0.57594	0.01127	0.01890	0.01324	0.01298	0.00796	0.00929	0.00649	0.00504	0.00446	0.00133	0.00843	0.00329	0.00247	0.00622
4	0.01934	0.01202	0.15381	0.01012	0.01456	0.00876	0.00953	0.02332	0.09508	0.57132	0.01805	0.01620	0.01172	0.00606	0.00504	0.00159	0.00485	0.00491	0.00539	0.00834
5	0.01889	0.02410	0.01433	0.01303	0.01563	0.80199	0.00977	0.02019	0.01433	0.01238	0.00782	0.00912	0.00651	0.00521	0.00456	0.00130	0.00912	0.00326	0.00261	0.00586

[dist]
# distance from previous block
# <min> <max>
9	40

[block]
# block no. 6 follows, 49 sequences, length 7
# corresponding to MSA columns:
# 1151-1157
name=unknown_G
#
# <colnr> <probs for GDERKNQSTAVLIFYWHMCP>
#	G	D	E	R	K	N	Q	S	T	A	V	L	I	F	Y	W	H	M	C	P
0	0.18257	0.00801	0.00850	0.00796	0.00987	0.06656	0.03418	0.01226	0.01082	0.10342	0.06574	0.27147	0.11898	0.01215	0.06284	0.00220	0.00465	0.00839	0.00422	0.00521
1	0.10065	0.20096	0.01490	0.00932	0.01215	0.02783	0.02866	0.05995	0.01175	0.18466	0.03375	0.04237	0.03073	0.00678	0.00617	0.00156	0.12112	0.03270	0.06753	0.00644
2	0.08045	0.01156	0.01261	0.01006	0.01351	0.01250	0.00819	0.43979	0.09971	0.12363	0.12022	0.01671	0.01494	0.00666	0.00505	0.00156	0.00468	0.00524	0.00514	0.00778
3	0.01340	0.00905	0.01085	0.00808	0.01220	0.00739	0.00648	0.06985	0.01222	0.17710	0.01243	0.05317	0.00992	0.00505	0.00425	0.00104	0.00395	0.00412	0.00390	0.57555
4	0.01212	0.01046	0.07224	0.01192	0.05371	0.00934	0.10849	0.03618	0.15159	0.12747	0.09699	0.03627	0.06873	0.00802	0.01866	0.00176	0.03050	0.07342	0.00427	0.06787
5	0.01662	0.00776	0.00978	0.00785	0.01115	0.00671	0.00634	0.01892	0.04453	0.48140	0.02774	0.02545	0.22763	0.00789	0.00522	0.00154	0.00376	0.00649	0.00551	0.07770
6	0.05544	0.01052	0.01167	0.00942	0.01274	0.01117	0.00764	0.30634	0.14688	0.21565	0.01596	0.01542	0.01128	0.00616	0.00475	0.00151	0.00440	0.00482	0.14049	0.00774

[dist]
# distance from previous block
# <min> <max>
5	21

[block]
# block no. 7 follows, 49 sequences, length 24
# corresponding to MSA columns:
# 1180-1203
name=unknown_H
#
# <colnr> <probs for GDERKNQSTAVLIFYWHMCP>
#	G	D	E	R	K	N	Q	S	T	A	V	L	I	F	Y	W	H	M	C	P
0	0.00719	0.02359	0.00704	0.00629	0.00761	0.00507	0.00477	0.00945	0.01395	0.01945	0.69934	0.03816	0.11837	0.01044	0.00590	0.00159	0.00247	0.00915	0.00541	0.00476
1	0.01098	0.00880	0.04620	0.00809	0.01037	0.00864	0.00657	0.14377	0.19588	0.01997	0.02192	0.14828	0.09912	0.00843	0.00497	0.00158	0.00365	0.00706	0.23957	0.00614
2	0.00806	0.00548	0.00641	0.00599	0.00771	0.00477	0.00456	0.00984	0.01291	0.09208	0.33762	0.04133	0.42224	0.01120	0.00588	0.00165	0.00266	0.00953	0.00519	0.00489
3	0.01260	0.60871	0.23510	0.01021	0.01539	0.01777	0.01137	0.01538	0.01038	0.01301	0.00758	0.00881	0.00647	0.00446	0.00367	0.00122	0.00597	0.00298	0.00216	0.00676
4	0.01344	0.01134	0.01226	0.01124	0.04253	0.01296	0.00849	0.12368	0.65419	0.02237	0.01907	0.01775	0.01427	0.00667	0.00513	0.00168	0.00428	0.00552	0.00504	0.00808
5	0.01049	0.00899	0.01049	0.00749	0.01198	0.00674	0.00599	0.01273	0.01049	0.01648	0.00899	0.01049	0.00749	0.00374	0.00374	0.00075	0.00374	0.00300	0.00300	0.85320
6	0.01142	0.01042	0.03250	0.01136	0.06587	0.01097	0.03485	0.02187	0.52573	0.01974	0.09426	0.02167	0.07256	0.00720	0.00524	0.00165	0.00412	0.00618	0.00473	0.03766
7	0.02968	0.01016	0.01641	0.09775	0.16010	0.01022	0.16995	0.04481	0.09589	0.12587	0.01831	0.02142	0.10017	0.02276	0.00585	0.00174	0.00560	0.05267	0.00381	0.00683
8	0.01158	0.00902	0.01062	0.00771	0.01210	0.00700	0.00618	0.01422	0.03751	0.08175	0.01031	0.01134	0.00819	0.00406	0.00391	0.00085	0.00380	0.00327	0.00334	0.75324
9	0.01246	0.01496	0.14538	0.08607	0.09732	0.06341	0.31102	0.06305	0.02542	0.04144	0.01152	0.01610	0.00930	0.00552	0.00564	0.00168	0.01818	0.06172	0.00293	0.00688
10	0.01104	0.04051	0.01175	0.20689	0.03092	0.13350	0.02315	0.03940	0.01176	0.01567	0.11166	0.03419	0.03564	0.00837	0.05014	0.00187	0.04345	0.00532	0.17934	0.00543
11	0.01550	0.52928	0.02200	0.01027	0.01396	0.30895	0.00907	0.01701	0.01177	0.01207	0.00732	0.00848	0.00650	0.00465	0.00373	0.00116	0.00678	0.00291	0.00233	0.00626
12	0.00644	0.00470	0.00611	0.00701	0.00764	0.00437	0.00498	0.00765	0.01050	0.01386	0.09408	0.58099	0.12105	0.01483	0.00642	0.00201	0.00303	0.09532	0.00476	0.00424
13	0.00882	0.00962	0.12688	0.00898	0.01170	0.00720	0.06045	0.04091	0.02467	0.04807	0.16192	0.09806	0.28764	0.01015	0.00614	0.00173	0.02961	0.04767	0.00432	0.00547
14	0.01790	0.05395	0.03661	0.00965	0.01318	0.02398	0.00812	0.23111	0.03502	0.35580	0.01875	0.09235	0.04505	0.00743	0.00518	0.00160	0.00470	0.02669	0.00523	0.00769
15	0.00629	0.00451	0.00593	0.00699	0.00736	0.00422	0.00472	0.00723	0.00981	0.01305	0.04501	0.72401	0.05375	0.04712	0.00720	0.00215	0.00305	0.03885	0.00465	0.00410
16	0.00632	0.00449	0.00580	0.00678	0.00707	0.00422	0.00444	0.00709	0.00941	0.01250	0.02686	0.68817	0.05229	0.12808	0.00913	0.00244	0.00320	0.01329	0.00447	0.00397
17	0.01248	0.01472	0.10455	0.04659	0.15917	0.07077	0.25160	0.05789	0.01152	0.01578	0.00902	0.01209	0.00729	0.00564	0.00798	0.00174	0.19705	0.00477	0.00255	0.00679
18	0.03688	0.01889	0.38166	0.01541	0.03897	0.04997	0.17773	0.01509	0.01055	0.01531	0.00988	0.05672	0.00825	0.00596	0.00697	0.00173	0.13600	0.00489	0.00244	0.00671
19	0.01193	0.05448	0.01079	0.00871	0.01116	0.00978	0.00690	0.04818	0.33126	0.10319	0.26827	0.02492	0.05483	0.00802	0.00558	0.00163	0.02175	0.00671	0.00515	0.00676
20	0.01565	0.01031	0.05407	0.05450	0.01426	0.00968	0.00836	0.07303	0.24461	0.28951	0.05433	0.01788	0.01402	0.00638	0.00499	0.00155	0.00440	0.01502	0.03812	0.06931
21	0.03559	0.01256	0.17071	0.05433	0.01517	0.00878	0.00924	0.01454	0.08090	0.01658	0.01113	0.02770	0.02341	0.00487	0.00452	0.00116	0.02228	0.00387	0.00303	0.47962
22	0.00831	0.00635	0.00768	0.00737	0.00885	0.02269	0.00532	0.00966	0.01036	0.03745	0.09895	0.40493	0.02558	0.08113	0.00769	0.00193	0.02824	0.02592	0.00418	0.19740
23	0.01219	0.05496	0.01159	0.00793	0.01217	0.00798	0.00645	0.04408	0.03176	0.09735	0.01100	0.03537	0.00898	0.00457	0.00402	0.00095	0.00395	0.00367	0.00347	0.63755

[dist]
# distance from previous block
# <min> <max>
4	15

[block]
# block no. 8 follows, 49 sequences, length 11
# corresponding to MSA columns:
# 1229-1239
name=unknown_I
#
# <colnr> <probs for GDERKNQSTAVLIFYWHMCP>
#	G	D	E	R	K	N	Q	S	T	A	V	L	I	F	Y	W	H	M	C	P
0	0.01350	0.14597	0.05092	0.04940	0.14660	0.18811	0.02709	0.06504	0.01237	0.02821	0.01100	0.08834	0.00996	0.00584	0.00458	0.00136	0.00601	0.00472	0.03391	0.10708
1	0.00776	0.00502	0.00647	0.00687	0.00769	0.00476	0.00486	0.00897	0.01032	0.06569	0.09387	0.41494	0.09565	0.10781	0.06807	0.00271	0.00402	0.04546	0.03460	0.00444
2	0.01320	0.01448	0.12553	0.01443	0.01873	0.03108	0.24740	0.16411	0.23456	0.02024	0.01357	0.01497	0.01026	0.02619	0.02634	0.00189	0.00657	0.00527	0.00374	0.00742
3	0.00713	0.00487	0.00552	0.00564	0.00579	0.00478	0.00329	0.00731	0.00788	0.01039	0.01963	0.11510	0.07371	0.68274	0.02237	0.00439	0.00454	0.00831	0.00335	0.00326
4	0.01136	0.02756	0.01220	0.01243	0.14566	0.00890	0.04120	0.06706	0.13658	0.08656	0.28992	0.02615	0.09718	0.00796	0.00547	0.00159	0.00401	0.00699	0.00470	0.00652
5	0.01203	0.01581	0.27836	0.01063	0.01605	0.01014	0.01099	0.15847	0.01308	0.01924	0.00962	0.01086	0.00733	0.00455	0.00435	0.00118	0.00536	0.00354	0.00310	0.40531
6	0.00847	0.00678	0.00918	0.01040	0.11352	0.00701	0.00680	0.05207	0.01062	0.01426	0.05903	0.03007	0.19679	0.14413	0.24176	0.00408	0.02528	0.05120	0.00357	0.00497
7	0.00733	0.00499	0.00594	0.00594	0.00609	0.00514	0.00360	0.00763	0.00748	0.01012	0.01554	0.03092	0.01744	0.69357	0.15317	0.00543	0.00632	0.00704	0.00301	0.00330
8	0.00644	0.00505	0.00588	0.00623	0.00748	0.00449	0.00468	0.00791	0.01151	0.01458	0.14391	0.21827	0.42809	0.01328	0.00620	0.00184	0.00287	0.10210	0.00481	0.00435
9	0.04444	0.01096	0.01214	0.04562	0.01376	0.04906	0.00808	0.34944	0.01674	0.16639	0.03200	0.03215	0.01153	0.05783	0.08334	0.02503	0.00600	0.00508	0.02332	0.00707
10	0.00718	0.00514	0.00664	0.00628	0.00737	0.00478	0.00461	0.00934	0.01367	0.01930	0.71633	0.03734	0.04499	0.08578	0.00780	0.00190	0.00262	0.00898	0.00533	0.00461

[dist]
# distance from previous block
# <min> <max>
7	17

[block]
# block no. 9 follows, 49 sequences, length 18
# corresponding to MSA columns:
# 1258-1275
name=unknown_J
#
# <colnr> <probs for GDERKNQSTAVLIFYWHMCP>
#	G	D	E	R	K	N	Q	S	T	A	V	L	I	F	Y	W	H	M	C	P
0	0.05077	0.12706	0.10477	0.00986	0.01336	0.08227	0.04796	0.01510	0.09276	0.03979	0.04584	0.10657	0.05717	0.00750	0.01837	0.00156	0.01364	0.01794	0.00346	0.14424
1	0.04781	0.03461	0.01280	0.01037	0.01304	0.16283	0.02865	0.28473	0.01661	0.02160	0.17991	0.04369	0.05782	0.00750	0.00585	0.00156	0.05408	0.00583	0.00427	0.00647
2	0.01546	0.22122	0.01604	0.00937	0.01339	0.04067	0.00805	0.20709	0.02794	0.13106	0.01172	0.01321	0.00920	0.00536	0.00432	0.00125	0.00494	0.03374	0.00386	0.22211
3	0.01346	0.24145	0.12849	0.05829	0.01910	0.04552	0.20600	0.04554	0.07322	0.08025	0.01061	0.01208	0.00810	0.00502	0.00510	0.00150	0.03195	0.00437	0.00297	0.00698
4	0.01126	0.08008	0.07950	0.05885	0.08410	0.01495	0.03233	0.01317	0.00876	0.01299	0.00734	0.01112	0.00676	0.00744	0.01260	0.00196	0.54425	0.00428	0.00224	0.00602
5	0.00806	0.00653	0.03485	0.00704	0.00879	0.00574	0.00570	0.01132	0.07728	0.04348	0.46373	0.03830	0.18928	0.01051	0.00591	0.00168	0.00298	0.06849	0.00519	0.00515
6	0.03616	0.07717	0.08109	0.38902	0.13853	0.05918	0.01292	0.01606	0.11229	0.01496	0.01032	0.01297	0.00798	0.00513	0.00481	0.00158	0.00628	0.00433	0.00270	0.00652
7	0.01152	0.31173	0.34391	0.01101	0.01609	0.07946	0.01230	0.01483	0.01088	0.01387	0.01318	0.04359	0.08623	0.00588	0.00440	0.00142	0.00620	0.00442	0.00254	0.00654
8	0.00891	0.00513	0.00687	0.00732	0.00825	0.00468	0.00514	0.01004	0.01070	0.14066	0.06570	0.64808	0.03077	0.01400	0.00621	0.00195	0.00313	0.01259	0.00499	0.00487
9	0.00715	0.00498	0.00691	0.00749	0.00818	0.00477	0.02080	0.00834	0.00997	0.04061	0.05282	0.57236	0.05192	0.05004	0.08486	0.00273	0.00428	0.05293	0.00447	0.00438
10	0.01184	0.03037	0.01572	0.04141	0.05541	0.12678	0.16907	0.04395	0.02524	0.04416	0.06711	0.14192	0.07662	0.00815	0.00707	0.00172	0.11710	0.00695	0.00348	0.00591
11	0.05893	0.11743	0.35184	0.01612	0.15568	0.09542	0.04117	0.07667	0.01213	0.01686	0.00895	0.01062	0.00688	0.00481	0.00460	0.00148	0.00683	0.00379	0.00256	0.00724
12	0.00820	0.00630	0.00888	0.00851	0.00944	0.00745	0.00661	0.05087	0.00889	0.01271	0.01312	0.01984	0.01242	0.09915	0.63143	0.00703	0.07618	0.00545	0.00283	0.00470
13	0.01257	0.01321	0.02631	0.04700	0.18016	0.01282	0.53375	0.07776	0.01276	0.01744	0.01020	0.01329	0.00779	0.00448	0.00567	0.00165	0.00772	0.00551	0.00274	0.00717
14	0.01054	0.00985	0.01525	0.20624	0.12673	0.02888	0.10253	0.04016	0.05033	0.01467	0.01361	0.04237	0.03646	0.07635	0.04832	0.00236	0.10587	0.06060	0.00299	0.00589
15	0.02270	0.18748	0.12750	0.13008	0.11518	0.05603	0.04971	0.05828	0.02001	0.09736	0.01071	0.04365	0.00868	0.00558	0.00525	0.00152	0.04595	0.00446	0.00300	0.00688
16	0.01476	0.27082	0.01770	0.01129	0.02719	0.35894	0.03726	0.02578	0.01246	0.01319	0.05321	0.04122	0.05005	0.00609	0.00494	0.00136	0.04062	0.00437	0.00282	0.00595
17	0.07728	0.09416	0.35709	0.01133	0.01691	0.01132	0.03678	0.05456	0.02717	0.04802	0.01967	0.01115	0.00771	0.00472	0.00436	0.00135	0.00581	0.00367	0.00285	0.20410

[dist]
# distance from previous block
# <min> <max>
2	25

[block]
# block no. 10 follows, 49 sequences, length 34
# corresponding to MSA columns:
# 1303-1311,1318-1342
name=unknown_K
#
# <colnr> <probs for GDERKNQSTAVLIFYWHMCP>
#	G	D	E	R	K	N	Q	S	T	A	V	L	I	F	Y	W	H	M	C	P
0	0.14401	0.31489	0.10046	0.00919	0.01309	0.04425	0.00877	0.07410	0.06488	0.06234	0.03718	0.01438	0.04826	0.00577	0.00414	0.00141	0.00508	0.02244	0.01881	0.00656
1	0.08400	0.03544	0.15109	0.01083	0.02677	0.02617	0.08025	0.07330	0.02395	0.08026	0.12201	0.07153	0.04445	0.02717	0.02046	0.00180	0.03360	0.02470	0.02352	0.03868
2	0.01031	0.06582	0.75790	0.01413	0.02144	0.01215	0.01819	0.01597	0.01066	0.01581	0.00897	0.01055	0.00641	0.00478	0.00473	0.00158	0.00737	0.00369	0.00214	0.00742
3	0.02850	0.01234	0.05166	0.02146	0.43096	0.03991	0.01252	0.11108	0.03681	0.06980	0.05932	0.01544	0.01145	0.00565	0.00533	0.00154	0.02537	0.02626	0.00341	0.03120
4	0.00739	0.00560	0.00824	0.00810	0.00918	0.00634	0.00630	0.00921	0.00824	0.01197	0.01332	0.01940	0.01239	0.03623	0.76262	0.00776	0.01306	0.00530	0.00272	0.04663
5	0.01014	0.02616	0.79609	0.01441	0.02189	0.01174	0.01868	0.01601	0.01068	0.01601	0.00907	0.01068	0.00641	0.00480	0.00480	0.00160	0.00747	0.00374	0.00214	0.00747
6	0.01191	0.03471	0.19570	0.04454	0.55152	0.01216	0.04539	0.01559	0.01128	0.01620	0.00937	0.01206	0.00757	0.00457	0.00496	0.00153	0.00644	0.00435	0.00241	0.00775
7	0.17613	0.07121	0.01267	0.00920	0.01281	0.01158	0.00765	0.22707	0.06991	0.28410	0.05728	0.01472	0.01184	0.00604	0.00463	0.00153	0.00453	0.00459	0.00492	0.00760
8	0.01067	0.03717	0.00861	0.00751	0.00945	0.05234	0.00572	0.04164	0.06143	0.13513	0.11799	0.23223	0.23850	0.01091	0.00569	0.00171	0.00359	0.00932	0.00487	0.00553
9	0.01049	0.00899	0.01049	0.00749	0.01198	0.00674	0.00599	0.01273	0.01049	0.01648	0.00899	0.01049	0.00749	0.00374	0.00374	0.00075	0.00374	0.00300	0.00300	0.85320
10	0.01415	0.00759	0.01099	0.07163	0.10911	0.00717	0.00812	0.01614	0.01238	0.33229	0.06438	0.19573	0.04770	0.00914	0.00561	0.00174	0.00426	0.07031	0.00492	0.00663
11	0.01106	0.01106	0.01549	0.01328	0.01328	0.01549	0.01106	0.01217	0.00774	0.01217	0.00664	0.01106	0.00664	0.00885	0.01659	0.00221	0.81303	0.00443	0.00221	0.00553
12	0.85801	0.00978	0.00743	0.00665	0.00978	0.01134	0.00548	0.01486	0.00861	0.02269	0.00704	0.00821	0.00548	0.00469	0.00313	0.00156	0.00391	0.00274	0.00313	0.00548
13	0.01352	0.82533	0.02650	0.00865	0.01298	0.02001	0.00865	0.01514	0.01027	0.01190	0.00703	0.00811	0.00649	0.00433	0.00324	0.00108	0.00541	0.00270	0.00216	0.00649
14	0.01057	0.03387	0.22257	0.12704	0.29915	0.01048	0.01368	0.01402	0.01115	0.03361	0.04350	0.05915	0.08708	0.00633	0.00513	0.00160	0.00581	0.00557	0.00289	0.00682
15	0.00747	0.00541	0.00732	0.00831	0.00932	0.00525	0.00684	0.00940	0.01134	0.01480	0.07160	0.22784	0.09024	0.01410	0.00673	0.00218	0.00398	0.48867	0.00472	0.00451
16	0.00735	0.00490	0.00552	0.00552	0.00552	0.00490	0.00306	0.00735	0.00735	0.00980	0.01593	0.03309	0.01838	0.82229	0.02574	0.00490	0.00490	0.00735	0.00306	0.00306
17	0.01057	0.01034	0.01454	0.01261	0.01273	0.01431	0.01045	0.01177	0.00779	0.01211	0.00752	0.01219	0.00741	0.01258	0.11742	0.00297	0.71043	0.00455	0.00228	0.00540
18	0.01561	0.04428	0.01589	0.07291	0.04632	0.26646	0.09406	0.01792	0.03007	0.15890	0.01107	0.01288	0.00855	0.00834	0.06988	0.00209	0.11064	0.00440	0.00325	0.00647
19	0.00732	0.00489	0.00553	0.00556	0.00557	0.00488	0.00311	0.00734	0.00742	0.00990	0.01629	0.05651	0.01883	0.79826	0.02516	0.00482	0.00484	0.00756	0.00311	0.00310
20	0.00725	0.02550	0.00720	0.00717	0.02498	0.00543	0.00513	0.03622	0.01193	0.01578	0.23078	0.29694	0.23522	0.01351	0.03639	0.00202	0.00335	0.02578	0.00475	0.00466
21	0.01489	0.01193	0.01282	0.01063	0.01380	0.04153	0.03777	0.30503	0.34307	0.02438	0.01603	0.01578	0.01193	0.00628	0.00492	0.00156	0.00475	0.00507	0.11013	0.00769
22	0.01049	0.00999	0.01649	0.46615	0.15338	0.01152	0.07657	0.01489	0.09308	0.01482	0.02881	0.01506	0.02432	0.00551	0.00562	0.00168	0.03757	0.00497	0.00275	0.00632
23	0.00621	0.00495	0.00559	0.00593	0.00717	0.00433	0.00433	0.00752	0.01126	0.01408	0.10764	0.26355	0.48421	0.01349	0.00615	0.00182	0.00273	0.04002	0.00477	0.00428
24	0.01161	0.01264	0.02592	0.13957	0.11668	0.01259	0.53653	0.01545	0.01143	0.01557	0.00980	0.01337	0.00753	0.00462	0.00620	0.00170	0.04409	0.00551	0.00249	0.00672
25	0.01373	0.02580	0.12606	0.09825	0.12297	0.06488	0.14811	0.06800	0.01261	0.13926	0.01296	0.01618	0.02228	0.00613	0.00572	0.03224	0.00636	0.04395	0.02763	0.00690
26	0.01882	0.02314	0.01426	0.01288	0.01546	0.74922	0.00972	0.02014	0.01415	0.04270	0.00825	0.00949	0.00675	0.00535	0.00492	0.00134	0.03136	0.00336	0.00274	0.00596
27	0.01086	0.00921	0.01069	0.00767	0.01214	0.00713	0.00615	0.04564	0.01106	0.01714	0.00912	0.01056	0.00754	0.00385	0.00380	0.00078	0.00382	0.00306	0.00309	0.81669
28	0.75266	0.01056	0.02908	0.00739	0.01061	0.01178	0.00628	0.06789	0.00970	0.02285	0.00744	0.00864	0.00575	0.00491	0.00369	0.00158	0.02730	0.00294	0.00321	0.00575
29	0.01187	0.01343	0.02869	0.02067	0.02538	0.01300	0.71155	0.01588	0.01160	0.01588	0.00994	0.01343	0.00759	0.00463	0.00682	0.00175	0.07280	0.00584	0.00253	0.00672
30	0.00613	0.00494	0.00546	0.00574	0.00703	0.00427	0.00415	0.00740	0.01128	0.01404	0.10979	0.25059	0.52470	0.01339	0.00610	0.00179	0.00264	0.01151	0.00477	0.00427
31	0.00621	0.00449	0.00587	0.00688	0.00732	0.00416	0.00464	0.00720	0.01007	0.01339	0.07447	0.72355	0.08242	0.01532	0.00639	0.00200	0.00288	0.01383	0.00475	0.00416
32	0.00955	0.00899	0.01517	0.81013	0.03483	0.01123	0.01404	0.01292	0.01011	0.01292	0.00899	0.01348	0.00674	0.00506	0.00506	0.00169	0.00674	0.00449	0.00225	0.00562
33	0.00722	0.00542	0.00813	0.00813	0.00903	0.00632	0.00632	0.00903	0.00813	0.01174	0.01354	0.01987	0.01264	0.03792	0.80225	0.00813	0.01354	0.00542	0.00271	0.00451

[dist]
# distance from previous block
# <min> <max>
3	6

[block]
# block no. 11 follows, 49 sequences, length 9
# corresponding to MSA columns:
# 1349-1357
name=unknown_L
#
# <colnr> <probs for GDERKNQSTAVLIFYWHMCP>
#	G	D	E	R	K	N	Q	S	T	A	V	L	I	F	Y	W	H	M	C	P
0	0.01085	0.00836	0.00984	0.00731	0.01130	0.00644	0.00582	0.01298	0.01110	0.08062	0.04894	0.01642	0.09508	0.00523	0.00420	0.00096	0.00360	0.00428	0.00356	0.65311
1	0.00619	0.00450	0.00584	0.00684	0.00730	0.00415	0.00462	0.00718	0.01007	0.01333	0.06648	0.71261	0.10163	0.01531	0.00639	0.00200	0.00287	0.01379	0.00474	0.00415
2	0.00689	0.00478	0.00632	0.00705	0.00758	0.00444	0.00483	0.00754	0.00935	0.01258	0.02385	0.58734	0.02801	0.06932	0.00908	0.09519	0.00337	0.05630	0.00421	0.05196
3	0.17554	0.00624	0.00694	0.00716	0.00867	0.00621	0.00543	0.01012	0.02778	0.01623	0.08413	0.35022	0.09259	0.01166	0.00558	0.00183	0.00337	0.11481	0.00435	0.06114
4	0.05419	0.00800	0.01216	0.01006	0.01266	0.00809	0.10881	0.03422	0.03389	0.24335	0.01498	0.01743	0.01159	0.01932	0.34266	0.00435	0.00869	0.00522	0.04406	0.00628
5	0.01213	0.01019	0.01246	0.00904	0.01349	0.00870	0.05164	0.14909	0.01295	0.01921	0.00962	0.01097	0.00770	0.00419	0.00411	0.00094	0.00435	0.00345	0.00334	0.65242
6	0.09988	0.00556	0.00659	0.00715	0.00827	0.00539	0.00534	0.00890	0.01030	0.01484	0.05838	0.41261	0.11561	0.03618	0.00656	0.00202	0.00339	0.15124	0.00444	0.03735
7	0.06131	0.03234	0.10183	0.01266	0.01693	0.04477	0.15462	0.19617	0.07463	0.08360	0.01183	0.01338	0.00891	0.00548	0.00536	0.00151	0.03727	0.01886	0.00371	0.11483
