[name]
unknown

[dist]
# distance from previous block
# <min> <max>
9	183

[block]
# block no. 0 follows, 60 sequences, length 77
# corresponding to MSA columns:
# 186-225,234-270
name=unknown_A
#
# <colnr> <probs for GDERKNQSTAVLIFYWHMCP>
#	G	D	E	R	K	N	Q	S	T	A	V	L	I	F	Y	W	H	M	C	P
0	0.00746	0.00528	0.00621	0.00616	0.00723	0.00522	0.00441	0.06161	0.08851	0.04735	0.11789	0.34092	0.14182	0.11094	0.00716	0.00188	0.00291	0.00885	0.02390	0.00428
1	0.01987	0.00473	0.00569	0.00579	0.00668	0.00453	0.00408	0.04843	0.00965	0.06238	0.11425	0.38695	0.09801	0.11363	0.00710	0.00187	0.00280	0.00894	0.09061	0.00401
2	0.20200	0.00621	0.00666	0.00607	0.00784	0.00637	0.00471	0.04884	0.00967	0.13628	0.04629	0.11460	0.18468	0.06942	0.02773	0.00179	0.02991	0.02278	0.06351	0.00465
3	0.01067	0.00821	0.00881	0.00791	0.00968	0.10231	0.03779	0.10944	0.06880	0.10253	0.01725	0.22489	0.05941	0.02507	0.02744	0.02157	0.01731	0.03540	0.08793	0.01760
4	0.16033	0.00598	0.00665	0.03118	0.00832	0.00617	0.00491	0.05203	0.02788	0.06934	0.13914	0.11851	0.16711	0.05327	0.03555	0.00181	0.01590	0.04899	0.04247	0.00447
5	0.03294	0.05240	0.02717	0.06689	0.02535	0.02315	0.10344	0.05020	0.00974	0.01346	0.09716	0.13367	0.11846	0.05997	0.04854	0.00188	0.05155	0.00632	0.05666	0.02105
6	0.02027	0.01448	0.03690	0.08151	0.00977	0.01921	0.00564	0.07718	0.03311	0.03177	0.07741	0.21888	0.05734	0.17379	0.04585	0.00228	0.01464	0.01879	0.05690	0.00429
7	0.06741	0.00784	0.00897	0.00741	0.00993	0.00802	0.00595	0.20921	0.09326	0.22337	0.17324	0.01949	0.09072	0.00700	0.01868	0.00145	0.00355	0.00532	0.03313	0.00604
8	0.14867	0.05466	0.03159	0.01245	0.17345	0.05676	0.08003	0.09689	0.03215	0.13907	0.03973	0.03361	0.00956	0.05534	0.01633	0.00157	0.00479	0.00423	0.00319	0.00593
9	0.37451	0.00968	0.00950	0.00768	0.01072	0.02242	0.00632	0.30319	0.01320	0.16085	0.00987	0.00997	0.00698	0.00475	0.00363	0.00132	0.00397	0.00334	0.03195	0.00616
10	0.02072	0.00522	0.00641	0.00599	0.00726	0.00519	0.00454	0.01036	0.12547	0.01724	0.64405	0.02960	0.05620	0.00925	0.03190	0.00157	0.00259	0.00731	0.00462	0.00450
11	0.00875	0.02256	0.82413	0.01243	0.01888	0.01013	0.01611	0.01381	0.00921	0.01381	0.00783	0.00921	0.00552	0.00414	0.00414	0.00138	0.00645	0.00322	0.00184	0.00645
12	0.00547	0.00386	0.00502	0.00588	0.00609	0.00364	0.00384	0.00611	0.00805	0.01074	0.02251	0.72285	0.02692	0.13732	0.00804	0.00214	0.00278	0.01150	0.00384	0.00341
13	0.01124	0.00979	0.01007	0.00899	0.01149	0.03221	0.00700	0.05679	0.75672	0.01845	0.01715	0.01580	0.01286	0.00585	0.00442	0.00146	0.00362	0.00483	0.00438	0.00688
14	0.00634	0.00423	0.00476	0.00476	0.00476	0.00423	0.00264	0.00634	0.00634	0.00846	0.01374	0.02854	0.01586	0.84672	0.02220	0.00423	0.00423	0.00634	0.00264	0.00264
15	0.00923	0.15920	0.69170	0.01161	0.01761	0.01131	0.01468	0.01369	0.00915	0.01323	0.00754	0.00884	0.00554	0.00408	0.00392	0.00131	0.00615	0.00308	0.00185	0.00631
16	0.00531	0.00380	0.00506	0.00607	0.00633	0.00354	0.00405	0.00607	0.00835	0.01113	0.02404	0.84388	0.02885	0.01366	0.00557	0.00177	0.00253	0.01240	0.00405	0.00354
17	0.02771	0.00757	0.00944	0.00706	0.01056	0.00608	0.02653	0.02207	0.00989	0.19314	0.01104	0.07002	0.00900	0.00451	0.00371	0.00092	0.00342	0.00376	0.00332	0.57026
18	0.01166	0.84935	0.02285	0.00746	0.01119	0.01726	0.00746	0.01306	0.00886	0.01026	0.00606	0.00700	0.00560	0.00373	0.00280	0.00093	0.00466	0.00233	0.00187	0.00560
19	0.05256	0.01776	0.01244	0.01110	0.03462	0.56057	0.00837	0.22218	0.01421	0.01552	0.00772	0.00859	0.00608	0.00465	0.00400	0.00119	0.00681	0.00311	0.00281	0.00571
20	0.01890	0.04070	0.01096	0.00827	0.02776	0.00735	0.00671	0.06862	0.01278	0.72575	0.01618	0.01419	0.01031	0.00529	0.00432	0.00133	0.00384	0.00427	0.00513	0.00734
21	0.00948	0.01155	0.16766	0.10634	0.46966	0.00936	0.01245	0.01250	0.01001	0.01430	0.12314	0.01368	0.01140	0.00470	0.00441	0.00134	0.00504	0.00433	0.00245	0.00621
22	0.00976	0.24940	0.49666	0.01185	0.01728	0.01222	0.11852	0.01363	0.00926	0.01285	0.00747	0.00894	0.00569	0.00397	0.00391	0.00127	0.00607	0.00323	0.00190	0.00614
23	0.00813	0.00407	0.00407	0.00407	0.00508	0.00407	0.00305	0.01016	0.00915	0.01626	0.01423	0.01626	0.01118	0.00508	0.00305	0.00102	0.00203	0.00407	0.87093	0.00407
24	0.00634	0.00425	0.00486	0.00486	0.00490	0.00429	0.00277	0.00641	0.00637	0.00853	0.01365	0.02801	0.01563	0.80878	0.05982	0.00436	0.00458	0.00626	0.00263	0.00270
25	0.00657	0.00507	0.00725	0.00706	0.00763	0.00601	0.00537	0.00781	0.00686	0.00988	0.01145	0.01833	0.01124	0.16825	0.61328	0.00604	0.09091	0.00487	0.00235	0.00377
26	0.00945	0.03815	0.46999	0.01468	0.02013	0.01072	0.33148	0.01380	0.00959	0.01373	0.00815	0.01019	0.00597	0.00401	0.00470	0.00142	0.02172	0.00398	0.00199	0.00617
27	0.00968	0.15900	0.52783	0.01104	0.02503	0.04825	0.01285	0.01374	0.03403	0.02450	0.04868	0.01055	0.00782	0.01647	0.00456	0.00135	0.03297	0.00343	0.00216	0.00605
28	0.00533	0.00444	0.00466	0.00465	0.00606	0.00377	0.00352	0.00657	0.01022	0.01247	0.13181	0.04112	0.70472	0.01083	0.00518	0.00148	0.00225	0.03304	0.00413	0.00374
29	0.02096	0.08587	0.29842	0.05275	0.23038	0.02120	0.11350	0.01332	0.00945	0.02439	0.00819	0.02364	0.00654	0.00423	0.00448	0.00132	0.03031	0.00374	0.00211	0.04519
30	0.01033	0.00970	0.02759	0.16822	0.55639	0.00978	0.04903	0.01296	0.00979	0.04290	0.00979	0.02466	0.02558	0.00448	0.00443	0.00136	0.00523	0.01912	0.00234	0.00633
31	0.03691	0.08786	0.01307	0.01080	0.01317	0.74322	0.00826	0.01695	0.01195	0.01086	0.00667	0.00778	0.00559	0.00442	0.00381	0.00111	0.00750	0.00276	0.00223	0.00509
32	0.00995	0.02909	0.01061	0.02265	0.02757	0.03874	0.07012	0.03290	0.41192	0.03698	0.18789	0.02017	0.06953	0.00651	0.00463	0.00142	0.00368	0.00564	0.00411	0.00591
33	0.01438	0.01121	0.01169	0.00954	0.01258	0.03885	0.00768	0.44339	0.33554	0.04768	0.01346	0.01283	0.00981	0.00549	0.00438	0.00137	0.00433	0.00430	0.00436	0.00714
34	0.04601	0.00723	0.00880	0.00713	0.00972	0.00698	0.00576	0.13529	0.03418	0.39351	0.15970	0.01734	0.01566	0.00593	0.00427	0.00130	0.00332	0.00484	0.12678	0.00624
35	0.02376	0.00884	0.03590	0.00841	0.01081	0.00941	0.00684	0.10987	0.43822	0.06214	0.03332	0.01781	0.05557	0.01019	0.12694	0.00228	0.00486	0.02459	0.00404	0.00620
36	0.00543	0.00387	0.00503	0.00590	0.00617	0.00362	0.00390	0.00615	0.00829	0.01104	0.04126	0.72936	0.04713	0.09203	0.00712	0.00199	0.00267	0.01165	0.00393	0.00347
37	0.00884	0.04953	0.79799	0.01227	0.01863	0.01036	0.01583	0.01379	0.00920	0.01370	0.00777	0.00914	0.00553	0.00413	0.00410	0.00137	0.00639	0.00319	0.00184	0.00642
38	0.00631	0.00437	0.00546	0.00546	0.00570	0.00461	0.00352	0.00679	0.00655	0.00898	0.01310	0.02499	0.01432	0.59348	0.27333	0.00509	0.00655	0.00582	0.00255	0.00303
39	0.01029	0.01176	0.02574	0.01838	0.02279	0.01103	0.80368	0.01397	0.01029	0.01397	0.00882	0.01176	0.00662	0.00368	0.00515	0.00147	0.00735	0.00515	0.00221	0.00588
40	0.00617	0.00446	0.00583	0.00549	0.00652	0.00412	0.00412	0.00823	0.01235	0.01749	0.81722	0.03258	0.04115	0.00892	0.00514	0.00137	0.00206	0.00789	0.00480	0.00412
41	0.00746	0.00560	0.00655	0.00589	0.00740	0.00540	0.00453	0.12599	0.01294	0.01751	0.49954	0.03170	0.23498	0.00892	0.00503	0.00139	0.00250	0.00764	0.00454	0.00449
42	0.01243	0.00922	0.01006	0.00877	0.01142	0.01032	0.00690	0.06173	0.65371	0.13809	0.01731	0.01577	0.01265	0.00581	0.00443	0.00145	0.00356	0.00480	0.00458	0.00701
43	0.87753	0.00843	0.00641	0.00574	0.00843	0.00978	0.00472	0.01282	0.00742	0.01957	0.00607	0.00709	0.00472	0.00405	0.00270	0.00135	0.00337	0.00236	0.00270	0.00472
44	0.87753	0.00843	0.00641	0.00574	0.00843	0.00978	0.00472	0.01282	0.00742	0.01957	0.00607	0.00709	0.00472	0.00405	0.00270	0.00135	0.00337	0.00236	0.00270	0.00472
45	0.01092	0.01158	0.02397	0.03290	0.02177	0.01113	0.69658	0.07341	0.01101	0.03291	0.00906	0.01169	0.00674	0.00392	0.00522	0.00146	0.02230	0.00499	0.00243	0.00599
46	0.00609	0.00454	0.00672	0.00687	0.00757	0.00517	0.00524	0.00753	0.00721	0.01027	0.01352	0.13985	0.01357	0.02988	0.70715	0.00623	0.01032	0.00582	0.00259	0.00384
47	0.01166	0.84935	0.02285	0.00746	0.01119	0.01726	0.00746	0.01306	0.00886	0.01026	0.00606	0.00700	0.00560	0.00373	0.00280	0.00093	0.00466	0.00233	0.00187	0.00560
48	0.00614	0.00446	0.00579	0.00546	0.00650	0.00410	0.00409	0.00818	0.01228	0.01733	0.79569	0.03284	0.06277	0.00898	0.00514	0.00137	0.00206	0.00792	0.00478	0.00410
49	0.01181	0.82363	0.02255	0.00754	0.01127	0.01714	0.00749	0.03739	0.00922	0.01079	0.00620	0.00710	0.00565	0.00378	0.00285	0.00094	0.00467	0.00238	0.00194	0.00565
50	0.00642	0.00452	0.00589	0.00551	0.00660	0.00415	0.00415	0.00845	0.01231	0.03316	0.78821	0.03239	0.05395	0.00888	0.00513	0.00137	0.00209	0.00784	0.00480	0.00417
51	0.01011	0.00914	0.04066	0.01143	0.14353	0.00927	0.03301	0.13006	0.27170	0.01720	0.08718	0.03413	0.13538	0.00669	0.00484	0.00144	0.02089	0.02351	0.00379	0.00604
52	0.00536	0.00398	0.00502	0.00576	0.00632	0.00363	0.00398	0.00628	0.00890	0.01160	0.06348	0.62374	0.18999	0.01288	0.00548	0.00170	0.00248	0.03174	0.00408	0.00361
53	0.00915	0.01802	0.54124	0.01487	0.15481	0.00994	0.07983	0.01380	0.04523	0.01406	0.02177	0.04091	0.00761	0.00456	0.00434	0.00139	0.00596	0.00398	0.00217	0.00636
54	0.17288	0.19811	0.01302	0.00802	0.01128	0.07690	0.00685	0.16091	0.01221	0.28405	0.01061	0.01032	0.00749	0.00468	0.00368	0.00123	0.00440	0.00335	0.00367	0.00633
55	0.00904	0.00775	0.00904	0.00646	0.01034	0.00581	0.00517	0.01098	0.00904	0.01421	0.00775	0.00904	0.00646	0.00323	0.00323	0.00065	0.00323	0.00258	0.00258	0.87339
56	0.01317	0.03010	0.01433	0.03810	0.13772	0.36083	0.08977	0.04179	0.16678	0.01355	0.00940	0.01059	0.00748	0.00474	0.00468	0.00130	0.04339	0.00373	0.00269	0.00585
57	0.23931	0.01036	0.01398	0.10586	0.41411	0.06314	0.03623	0.04218	0.00970	0.01556	0.00760	0.00974	0.00614	0.00406	0.00390	0.00132	0.00500	0.00346	0.00237	0.00598
58	0.00976	0.05064	0.44605	0.03405	0.12508	0.03675	0.18068	0.02440	0.00978	0.01377	0.00831	0.01068	0.00636	0.00418	0.00436	0.00138	0.00636	0.01911	0.00205	0.00624
59	0.00561	0.00465	0.00541	0.00537	0.02023	0.00404	0.01839	0.00702	0.01052	0.01330	0.23870	0.05932	0.57137	0.01032	0.00515	0.00145	0.00232	0.00879	0.00417	0.00388
60	0.00520	0.00425	0.00460	0.00488	0.00601	0.00364	0.00352	0.00621	0.00950	0.01160	0.03859	0.26458	0.59875	0.01177	0.00527	0.00156	0.00230	0.01009	0.00405	0.00364
61	0.00623	0.00467	0.00701	0.00701	0.00779	0.00545	0.00545	0.00779	0.00701	0.01012	0.01168	0.01713	0.01090	0.03271	0.82944	0.00701	0.01168	0.00467	0.00234	0.00389
62	0.01026	0.01175	0.10439	0.30626	0.15730	0.05231	0.19573	0.07256	0.01039	0.01381	0.00821	0.01095	0.00626	0.00422	0.00463	0.00140	0.01750	0.00405	0.00222	0.00581
63	0.01004	0.01186	0.06258	0.06964	0.05067	0.04016	0.60888	0.01346	0.01016	0.01362	0.02463	0.04546	0.00804	0.00428	0.00499	0.00146	0.00685	0.00518	0.00229	0.00572
64	0.00781	0.00833	0.06969	0.01006	0.02935	0.01896	0.21939	0.01085	0.05338	0.01484	0.29355	0.03722	0.15203	0.02063	0.00531	0.00149	0.00415	0.03450	0.00359	0.00487
65	0.01053	0.01009	0.01723	0.11021	0.73814	0.01029	0.01325	0.01315	0.00981	0.01393	0.00816	0.01088	0.00680	0.00393	0.00432	0.00131	0.00525	0.00388	0.00214	0.00670
66	0.01248	0.00854	0.01074	0.02391	0.05103	0.00900	0.03384	0.18357	0.21173	0.16163	0.01662	0.05180	0.01419	0.00715	0.00483	0.00154	0.00413	0.18277	0.00426	0.00626
67	0.01038	0.01141	0.02338	0.01697	0.02109	0.01100	0.68541	0.01534	0.12924	0.01461	0.01015	0.01243	0.00761	0.00401	0.00504	0.00147	0.00677	0.00511	0.00254	0.00603
68	0.00631	0.00435	0.00537	0.00537	0.00559	0.00456	0.00341	0.00674	0.00652	0.00891	0.01318	0.02542	0.01450	0.62404	0.24303	0.00499	0.00627	0.00589	0.00256	0.00299
69	0.01166	0.84935	0.02285	0.00746	0.01119	0.01726	0.00746	0.01306	0.00886	0.01026	0.00606	0.00700	0.00560	0.00373	0.00280	0.00093	0.00466	0.00233	0.00187	0.00560
70	0.01626	0.01197	0.01285	0.00993	0.01336	0.01326	0.00818	0.74523	0.06965	0.03814	0.01102	0.01089	0.00783	0.00528	0.00437	0.00132	0.00470	0.00400	0.00438	0.00739
71	0.00932	0.00922	0.01259	0.01089	0.01101	0.02801	0.00900	0.01034	0.00701	0.01070	0.03565	0.01104	0.00744	0.02069	0.05959	0.00219	0.73456	0.00403	0.00205	0.00467
72	0.01108	0.01098	0.01754	0.02485	0.03342	0.04063	0.36987	0.07769	0.30471	0.01649	0.02745	0.01351	0.00974	0.00475	0.00473	0.00143	0.00553	0.00487	0.00324	0.01749
73	0.00630	0.00424	0.00474	0.00474	0.00480	0.00421	0.00267	0.00634	0.00647	0.00858	0.01485	0.02903	0.04497	0.81639	0.02158	0.00413	0.00416	0.00645	0.00269	0.00268
74	0.00881	0.00794	0.03767	0.00756	0.00958	0.01933	0.00604	0.01634	0.43625	0.01722	0.29286	0.03615	0.07146	0.00729	0.00472	0.00144	0.00305	0.00623	0.00441	0.00566
75	0.01733	0.00783	0.01009	0.00776	0.01115	0.00697	0.00636	0.05662	0.06828	0.61496	0.01559	0.01392	0.01020	0.00512	0.00423	0.00126	0.00368	0.00415	0.00489	0.12962
76	0.01089	0.05700	0.18041	0.01235	0.08283	0.04112	0.15532	0.03621	0.12894	0.08056	0.02272	0.04967	0.00918	0.00482	0.00430	0.00130	0.00513	0.00435	0.00293	0.10998

[dist]
# distance from previous block
# <min> <max>
1	1

[block]
# block no. 1 follows, 60 sequences, length 28
# corresponding to MSA columns:
# 279-306
name=unknown_B
#
# <colnr> <probs for GDERKNQSTAVLIFYWHMCP>
#	G	D	E	R	K	N	Q	S	T	A	V	L	I	F	Y	W	H	M	C	P
0	0.01303	0.06398	0.03309	0.00960	0.03183	0.01185	0.00774	0.29095	0.39808	0.04569	0.01369	0.01310	0.01014	0.00535	0.00426	0.00135	0.00411	0.00426	0.00410	0.03378
1	0.87753	0.00843	0.00641	0.00574	0.00843	0.00978	0.00472	0.01282	0.00742	0.01957	0.00607	0.00709	0.00472	0.00405	0.00270	0.00135	0.00337	0.00236	0.00270	0.00472
2	0.00677	0.02086	0.07925	0.00612	0.00792	0.00513	0.00526	0.00930	0.04359	0.03045	0.51745	0.03055	0.18930	0.00854	0.00494	0.00138	0.00263	0.00737	0.00430	0.01890
3	0.00645	0.00500	0.00738	0.00727	0.00796	0.00595	0.00566	0.00791	0.00701	0.01015	0.01164	0.04066	0.01113	0.04520	0.73136	0.00643	0.07169	0.00486	0.00236	0.00393
4	0.03527	0.00922	0.04663	0.01454	0.27671	0.00872	0.04885	0.01621	0.16958	0.18542	0.10614	0.01603	0.03632	0.00540	0.00447	0.00137	0.00420	0.00481	0.00365	0.00647
5	0.01138	0.00560	0.00735	0.00631	0.00829	0.00495	0.00494	0.01311	0.01190	0.33930	0.36459	0.07376	0.11429	0.00802	0.00487	0.00140	0.00276	0.00689	0.00491	0.00536
6	0.00813	0.00407	0.00407	0.00407	0.00508	0.00407	0.00305	0.01016	0.00915	0.01626	0.01423	0.01626	0.01118	0.00508	0.00305	0.00102	0.00203	0.00407	0.87093	0.00407
7	0.00634	0.00423	0.00476	0.00476	0.00476	0.00423	0.00264	0.00634	0.00634	0.00846	0.01374	0.02854	0.01586	0.84672	0.02220	0.00423	0.00423	0.00634	0.00264	0.00264
8	0.07291	0.01197	0.01265	0.00975	0.01319	0.01328	0.00806	0.75315	0.01965	0.02697	0.01018	0.01025	0.00724	0.00516	0.00425	0.00131	0.00471	0.00382	0.00425	0.00724
9	0.01629	0.02079	0.01236	0.01124	0.01348	0.82921	0.00843	0.01742	0.01236	0.01067	0.00674	0.00787	0.00562	0.00449	0.00393	0.00112	0.00787	0.00281	0.00225	0.00506
10	0.00907	0.02044	0.67388	0.01411	0.07356	0.01025	0.11027	0.01380	0.00939	0.01386	0.00797	0.00962	0.00575	0.00407	0.00428	0.00139	0.00647	0.00350	0.00191	0.00641
11	0.00634	0.00423	0.00476	0.00476	0.00476	0.00423	0.00264	0.00634	0.00634	0.00846	0.01374	0.02854	0.01586	0.84672	0.02220	0.00423	0.00423	0.00634	0.00264	0.00264
12	0.01658	0.01222	0.01309	0.01003	0.01353	0.01353	0.00829	0.80497	0.02051	0.02749	0.01047	0.01047	0.00742	0.00524	0.00436	0.00131	0.00480	0.00393	0.00436	0.00742
13	0.01184	0.00945	0.01012	0.00889	0.01149	0.01076	0.00697	0.08110	0.70060	0.07155	0.01718	0.01575	0.01271	0.00583	0.00443	0.00146	0.00357	0.00482	0.00450	0.00698
14	0.00629	0.00428	0.00497	0.00497	0.00509	0.00433	0.00294	0.00648	0.00652	0.00873	0.01453	0.02786	0.04142	0.73958	0.10097	0.00441	0.00490	0.00627	0.00266	0.00280
15	0.01604	0.01189	0.01275	0.00987	0.01325	0.01317	0.00812	0.74440	0.06420	0.02676	0.02831	0.01127	0.00847	0.00535	0.00438	0.00132	0.00467	0.00407	0.00438	0.00732
16	0.00983	0.01002	0.01332	0.01144	0.01154	0.04812	0.00949	0.01079	0.00692	0.01050	0.00577	0.00947	0.00572	0.00750	0.01387	0.00187	0.80334	0.00377	0.00192	0.00478
17	0.01079	0.01036	0.01770	0.02677	0.81952	0.01036	0.01339	0.01339	0.00993	0.01425	0.00820	0.01079	0.00691	0.00389	0.00432	0.00130	0.00518	0.00389	0.00216	0.00691
18	0.00542	0.00400	0.00504	0.00579	0.00631	0.00367	0.00399	0.00631	0.00876	0.01142	0.05023	0.61015	0.17357	0.04267	0.00609	0.00180	0.00258	0.04461	0.00402	0.00357
19	0.00599	0.00445	0.00558	0.00529	0.00640	0.00404	0.00397	0.00787	0.01191	0.01646	0.67773	0.03427	0.18128	0.00930	0.00515	0.00139	0.00208	0.00813	0.00467	0.00404
20	0.00623	0.00467	0.00701	0.00701	0.00779	0.00545	0.00545	0.00779	0.00701	0.01012	0.01168	0.01713	0.01090	0.03271	0.82944	0.00701	0.01168	0.00467	0.00234	0.00389
21	0.00679	0.00486	0.00669	0.00746	0.00843	0.00479	0.00634	0.00870	0.01023	0.01351	0.13867	0.07952	0.04049	0.02714	0.00616	0.00194	0.00364	0.61656	0.00411	0.00398
22	0.01148	0.68843	0.13724	0.00837	0.01241	0.05772	0.00875	0.01339	0.00909	0.01079	0.00635	0.00736	0.00559	0.00383	0.00305	0.00101	0.00508	0.00248	0.00188	0.00569
23	0.00612	0.00413	0.00490	0.00517	0.00526	0.00406	0.00311	0.00632	0.00691	0.00921	0.01642	0.23511	0.01918	0.60338	0.01756	0.01972	0.00379	0.02375	0.00301	0.00288
24	0.01178	0.01351	0.04758	0.04205	0.05383	0.15889	0.52024	0.05696	0.01115	0.02804	0.00859	0.01092	0.00650	0.00398	0.00478	0.00139	0.00708	0.00449	0.00236	0.00587
25	0.00652	0.00510	0.00602	0.00573	0.00678	0.03858	0.00427	0.00845	0.01207	0.01671	0.71995	0.07524	0.06000	0.00904	0.00512	0.00139	0.00233	0.00795	0.00463	0.00411
26	0.83112	0.00848	0.00660	0.00590	0.00859	0.00984	0.00484	0.01337	0.05049	0.01950	0.00670	0.00758	0.00518	0.00415	0.00279	0.00136	0.00338	0.00250	0.00279	0.00484
27	0.01016	0.36907	0.34620	0.00940	0.01423	0.02716	0.01064	0.01312	0.00909	0.01232	0.00705	0.00823	0.00570	0.00384	0.00343	0.00107	0.00523	0.00274	0.00197	0.13935

[dist]
# distance from previous block
# <min> <max>
7	9

[block]
# block no. 2 follows, 60 sequences, length 79
# corresponding to MSA columns:
# 316-394
name=unknown_C
#
# <colnr> <probs for GDERKNQSTAVLIFYWHMCP>
#	G	D	E	R	K	N	Q	S	T	A	V	L	I	F	Y	W	H	M	C	P
0	0.00955	0.18772	0.63183	0.01146	0.01725	0.01166	0.02497	0.03404	0.00944	0.01346	0.00756	0.00883	0.00560	0.00408	0.00389	0.00129	0.00606	0.00309	0.00192	0.00629
1	0.00955	0.00960	0.01382	0.02395	0.01215	0.01322	0.03951	0.01064	0.00685	0.01064	0.00587	0.00966	0.00576	0.00744	0.01382	0.00189	0.79504	0.00387	0.00192	0.00481
2	0.01255	0.00616	0.00797	0.00668	0.00891	0.00558	0.00532	0.03894	0.03299	0.37848	0.32993	0.02463	0.09620	0.00739	0.00478	0.00138	0.00296	0.01844	0.00497	0.00573
3	0.01099	0.00944	0.00994	0.00890	0.01139	0.01091	0.00694	0.04189	0.79270	0.01847	0.01758	0.01613	0.01317	0.00590	0.00444	0.00148	0.00348	0.00491	0.00444	0.00692
4	0.00831	0.00493	0.00652	0.00585	0.00725	0.00448	0.00448	0.01031	0.01237	0.14618	0.68933	0.02974	0.03630	0.00835	0.00502	0.00137	0.00232	0.00733	0.00490	0.00464
5	0.00623	0.00445	0.00611	0.00712	0.00778	0.00433	0.00564	0.00766	0.00926	0.01216	0.02353	0.41821	0.02684	0.01280	0.00581	0.00190	0.00333	0.42900	0.00403	0.00380
6	0.01085	0.00937	0.00986	0.00888	0.01134	0.01085	0.00690	0.02318	0.81164	0.01824	0.01775	0.01627	0.01331	0.00592	0.00444	0.00148	0.00345	0.00493	0.00444	0.00690
7	0.01029	0.01176	0.02574	0.01838	0.02279	0.01103	0.80368	0.01397	0.01029	0.01397	0.00882	0.01176	0.00662	0.00368	0.00515	0.00147	0.00735	0.00515	0.00221	0.00588
8	0.00665	0.00475	0.00660	0.00760	0.00844	0.00470	0.00637	0.00839	0.00967	0.01263	0.02330	0.22374	0.02592	0.01240	0.00592	0.00196	0.00369	0.61934	0.00402	0.00391
9	0.00875	0.02256	0.82413	0.01243	0.01888	0.01013	0.01611	0.01381	0.00921	0.01381	0.00783	0.00921	0.00552	0.00414	0.00414	0.00138	0.00645	0.00322	0.00184	0.00645
10	0.01365	0.01046	0.01155	0.00942	0.01235	0.01164	0.02607	0.39123	0.35240	0.05214	0.02545	0.01400	0.01076	0.03236	0.00499	0.00148	0.00419	0.00453	0.00433	0.00697
11	0.01567	0.01163	0.01253	0.00975	0.01305	0.01289	0.00801	0.71409	0.06928	0.02623	0.03666	0.01168	0.00893	0.00597	0.02173	0.00144	0.00477	0.00413	0.00434	0.00721
12	0.03168	0.00865	0.01056	0.00828	0.01152	0.00847	0.00678	0.19362	0.10323	0.52688	0.01619	0.01451	0.02785	0.00552	0.00438	0.00136	0.00388	0.00442	0.00499	0.00724
13	0.02076	0.02526	0.16316	0.01572	0.03604	0.02439	0.51601	0.03911	0.02804	0.02330	0.05694	0.01243	0.00865	0.00421	0.00482	0.00142	0.00655	0.00478	0.00245	0.00595
14	0.01040	0.17030	0.47666	0.01082	0.03213	0.01113	0.01228	0.07929	0.03189	0.05812	0.02031	0.03056	0.02816	0.00474	0.00401	0.00130	0.00547	0.00367	0.00247	0.00627
15	0.00550	0.00446	0.00490	0.00488	0.00622	0.00386	0.00372	0.00688	0.01050	0.01317	0.22014	0.04025	0.59258	0.01062	0.00520	0.00148	0.00228	0.05535	0.00422	0.00380
16	0.00946	0.00940	0.01313	0.01127	0.01127	0.01311	0.00936	0.01038	0.00667	0.01044	0.00594	0.01005	0.00600	0.03020	0.01453	0.00197	0.81630	0.00388	0.00193	0.00471
17	0.01114	0.01130	0.06557	0.02380	0.65191	0.01066	0.05096	0.08041	0.02436	0.01539	0.00856	0.01081	0.00696	0.00404	0.00435	0.00131	0.00530	0.00393	0.00237	0.00687
18	0.06026	0.01198	0.01130	0.00937	0.02053	0.17452	0.00737	0.36243	0.01503	0.16529	0.01114	0.02916	0.00854	0.05597	0.02581	0.00161	0.01551	0.00404	0.00383	0.00632
19	0.00535	0.00382	0.00510	0.00611	0.00638	0.00357	0.00411	0.00613	0.00838	0.01117	0.02402	0.82757	0.02877	0.01363	0.00558	0.00178	0.00256	0.02836	0.00405	0.00355
20	0.01408	0.01660	0.01115	0.01050	0.04126	0.58549	0.00767	0.03361	0.04574	0.02910	0.08107	0.01367	0.08076	0.00553	0.00420	0.00121	0.00643	0.00400	0.00283	0.00510
21	0.01322	0.12492	0.01449	0.10259	0.10320	0.01178	0.04108	0.30909	0.08398	0.08574	0.05842	0.01240	0.00970	0.00501	0.00423	0.00130	0.00467	0.00411	0.00354	0.00652
22	0.00536	0.00453	0.00465	0.00463	0.00609	0.00388	0.00349	0.00676	0.02691	0.01223	0.08299	0.04107	0.74747	0.01085	0.00515	0.00148	0.00226	0.02231	0.00410	0.00378
23	0.00675	0.02247	0.00594	0.00584	0.00691	0.02409	0.00423	0.02809	0.00986	0.05305	0.10405	0.41417	0.27574	0.01133	0.00521	0.00157	0.00267	0.00991	0.00411	0.00401
24	0.01166	0.84935	0.02285	0.00746	0.01119	0.01726	0.00746	0.01306	0.00886	0.01026	0.00606	0.00700	0.00560	0.00373	0.00280	0.00093	0.00466	0.00233	0.00187	0.00560
25	0.00849	0.00578	0.00846	0.00769	0.00884	0.00644	0.03355	0.00994	0.00799	0.12145	0.01394	0.03090	0.05875	0.07604	0.48354	0.00489	0.10096	0.00505	0.00285	0.00444
26	0.01029	0.01176	0.02574	0.01838	0.02279	0.01103	0.80368	0.01397	0.01029	0.01397	0.00882	0.01176	0.00662	0.00368	0.00515	0.00147	0.00735	0.00515	0.00221	0.00588
27	0.01085	0.00937	0.00986	0.00888	0.01134	0.01085	0.00690	0.02318	0.81164	0.01824	0.01775	0.01627	0.01331	0.00592	0.00444	0.00148	0.00345	0.00493	0.00444	0.00690
28	0.00973	0.00954	0.01333	0.06045	0.01263	0.01315	0.00965	0.04024	0.00732	0.01117	0.00602	0.00970	0.00579	0.00735	0.01335	0.00186	0.75802	0.00382	0.00200	0.00487
29	0.00954	0.00954	0.01336	0.01145	0.01145	0.01336	0.00954	0.01050	0.00668	0.01050	0.00573	0.00954	0.00573	0.00763	0.01431	0.00191	0.83874	0.00382	0.00191	0.00477
30	0.00829	0.00781	0.01318	0.81955	0.04632	0.00970	0.01214	0.01119	0.00875	0.01121	0.00776	0.01161	0.00584	0.00435	0.00436	0.00145	0.00580	0.00388	0.00194	0.00489
31	0.00531	0.00380	0.00506	0.00607	0.00633	0.00354	0.00405	0.00607	0.00835	0.01113	0.02404	0.84388	0.02885	0.01366	0.00557	0.00177	0.00253	0.01240	0.00405	0.00354
32	0.00896	0.00834	0.01394	0.70804	0.06466	0.01002	0.05262	0.05875	0.00956	0.01241	0.00799	0.01153	0.00600	0.00436	0.00440	0.00144	0.00580	0.00394	0.00211	0.00515
33	0.00875	0.02256	0.82413	0.01243	0.01888	0.01013	0.01611	0.01381	0.00921	0.01381	0.00783	0.00921	0.00552	0.00414	0.00414	0.00138	0.00645	0.00322	0.00184	0.00645
34	0.01918	0.00775	0.01029	0.00792	0.01128	0.00694	0.00653	0.06805	0.03209	0.75586	0.01682	0.01462	0.01065	0.00540	0.00439	0.00135	0.00377	0.00437	0.00531	0.00741
35	0.01030	0.01149	0.02416	0.01885	0.10526	0.01110	0.67398	0.01370	0.01004	0.01379	0.00857	0.01153	0.00659	0.00393	0.00561	0.00148	0.05657	0.00494	0.00218	0.00592
36	0.78065	0.00886	0.00716	0.00622	0.00901	0.01021	0.00512	0.10195	0.00889	0.02046	0.00657	0.00747	0.00503	0.00418	0.00289	0.00134	0.00353	0.00254	0.00289	0.00503
37	0.00832	0.00784	0.01323	0.81044	0.05520	0.00971	0.01215	0.01121	0.00876	0.01124	0.00777	0.01160	0.00585	0.00435	0.00436	0.00145	0.00579	0.00388	0.00195	0.00491
38	0.01070	0.01026	0.01753	0.05783	0.78922	0.01034	0.01334	0.01330	0.00988	0.01413	0.00819	0.01083	0.00687	0.00390	0.00432	0.00130	0.00521	0.00389	0.00215	0.00683
39	0.00836	0.00799	0.01383	0.78760	0.02961	0.00977	0.05919	0.01131	0.00881	0.01131	0.00782	0.01164	0.00586	0.00432	0.00441	0.00145	0.00591	0.00395	0.00195	0.00491
40	0.03971	0.00745	0.01003	0.00771	0.01107	0.00649	0.00637	0.02106	0.01236	0.80368	0.01695	0.01466	0.01065	0.00537	0.00435	0.00135	0.00370	0.00434	0.00533	0.00736
41	0.00890	0.06703	0.78103	0.01216	0.01846	0.01051	0.01565	0.01377	0.00919	0.01362	0.00773	0.00909	0.00553	0.00412	0.00407	0.00136	0.00635	0.00317	0.00184	0.00640
42	0.01107	0.65377	0.16429	0.00899	0.01324	0.01563	0.05634	0.01325	0.00901	0.01111	0.00654	0.00767	0.00564	0.00380	0.00318	0.00104	0.00514	0.00266	0.00188	0.00576
43	0.00531	0.00380	0.00506	0.00607	0.00633	0.00354	0.00405	0.00607	0.00835	0.01113	0.02404	0.84388	0.02885	0.01366	0.00557	0.00177	0.00253	0.01240	0.00405	0.00354
44	0.01610	0.02048	0.01226	0.01116	0.01337	0.81356	0.00837	0.01723	0.01226	0.01066	0.00684	0.00804	0.00572	0.00503	0.01962	0.00124	0.00794	0.00284	0.00225	0.00503
45	0.00902	0.03392	0.64813	0.02836	0.04365	0.01038	0.04017	0.01403	0.05448	0.01387	0.01994	0.01010	0.00657	0.00445	0.00467	0.00141	0.04499	0.00349	0.00206	0.00631
46	0.02588	0.00816	0.01330	0.62496	0.09522	0.00979	0.02322	0.01229	0.02962	0.06017	0.00849	0.01168	0.00639	0.00457	0.00485	0.00146	0.04856	0.00392	0.00224	0.00524
47	0.00617	0.00446	0.00583	0.00549	0.00652	0.00412	0.00412	0.00823	0.01235	0.01749	0.81722	0.03258	0.04115	0.00892	0.00514	0.00137	0.00206	0.00789	0.00480	0.00412
48	0.00700	0.00538	0.00705	0.00716	0.00791	0.03623	0.05214	0.00806	0.00861	0.03114	0.01964	0.37488	0.02228	0.21076	0.00951	0.00236	0.00378	0.17883	0.00356	0.00372
49	0.03052	0.00420	0.00596	0.00626	0.02001	0.00423	0.00429	0.00650	0.00679	0.00936	0.03769	0.11540	0.03027	0.03103	0.06757	0.55867	0.00410	0.05204	0.00249	0.00263
50	0.00744	0.00384	0.00564	0.00564	0.00569	0.00383	0.00376	0.00576	0.00584	0.00776	0.00882	0.01464	0.02881	0.04661	0.03073	0.80328	0.00390	0.00404	0.00199	0.00200
51	0.01676	0.01193	0.01291	0.00990	0.01338	0.01310	0.00818	0.75836	0.02003	0.07477	0.01087	0.01073	0.00762	0.00525	0.00436	0.00131	0.00473	0.00395	0.00442	0.00742
52	0.02565	0.00523	0.00604	0.00598	0.00725	0.00505	0.00446	0.05049	0.06704	0.04411	0.16062	0.25184	0.25101	0.03180	0.00552	0.00161	0.00271	0.04513	0.02417	0.00430
53	0.11388	0.00588	0.00707	0.00700	0.00841	0.00600	0.02225	0.03394	0.07928	0.06423	0.05856	0.23972	0.08023	0.05958	0.00605	0.00181	0.00336	0.19435	0.00392	0.00448
54	0.00875	0.02256	0.82413	0.01243	0.01888	0.01013	0.01611	0.01381	0.00921	0.01381	0.00783	0.00921	0.00552	0.00414	0.00414	0.00138	0.00645	0.00322	0.00184	0.00645
55	0.01094	0.00894	0.00957	0.00861	0.01096	0.01020	0.00668	0.03223	0.70559	0.04999	0.01757	0.01766	0.01358	0.04981	0.00540	0.00163	0.00354	0.02609	0.00437	0.00663
56	0.02386	0.00568	0.00689	0.00631	0.00796	0.00536	0.00482	0.06126	0.03663	0.18868	0.17143	0.18505	0.17432	0.04781	0.00573	0.00161	0.00294	0.03592	0.02287	0.00487
57	0.01470	0.00677	0.00851	0.00698	0.00957	0.00625	0.00558	0.03459	0.08980	0.48539	0.05274	0.03657	0.10887	0.02649	0.00484	0.00142	0.00329	0.00533	0.08602	0.00628
58	0.00552	0.00448	0.00492	0.00496	0.00631	0.00389	0.00382	0.00688	0.01037	0.01290	0.17717	0.04105	0.60372	0.01077	0.00524	0.00151	0.00236	0.08615	0.00418	0.00379
59	0.00561	0.00408	0.00513	0.00571	0.00633	0.00377	0.00401	0.00667	0.00920	0.01223	0.13839	0.49779	0.16292	0.04926	0.00614	0.00177	0.00255	0.05179	0.02301	0.00364
60	0.00718	0.00512	0.00593	0.00574	0.00697	0.00500	0.00427	0.04723	0.07903	0.02740	0.27850	0.16271	0.18461	0.03746	0.00543	0.00152	0.00253	0.01663	0.11240	0.00432
61	0.00645	0.00499	0.00542	0.00514	0.00665	0.00455	0.00391	0.03491	0.05166	0.03046	0.22054	0.03611	0.52831	0.00980	0.00501	0.00143	0.00235	0.00825	0.02991	0.00416
62	0.17678	0.00892	0.00987	0.00800	0.01101	0.00934	0.00651	0.20772	0.14104	0.31857	0.01371	0.03239	0.00969	0.00538	0.00408	0.00136	0.00381	0.00417	0.02097	0.00668
63	0.05775	0.00471	0.00514	0.00508	0.00623	0.00439	0.00365	0.00760	0.02582	0.02302	0.20311	0.11505	0.37390	0.13647	0.00760	0.00189	0.00263	0.00825	0.00395	0.00378
64	0.51458	0.00803	0.00742	0.00653	0.00899	0.00892	0.00522	0.07168	0.08572	0.09631	0.06008	0.07063	0.01053	0.02382	0.00393	0.00145	0.00340	0.00406	0.00347	0.00522
65	0.01013	0.01200	0.06138	0.01748	0.02182	0.01082	0.71999	0.01414	0.04033	0.01406	0.00945	0.03005	0.00731	0.00400	0.00508	0.00147	0.00706	0.00521	0.00231	0.00590
66	0.00632	0.00481	0.00586	0.00553	0.00675	0.00452	0.00417	0.00894	0.06976	0.01648	0.61522	0.03315	0.18392	0.00910	0.00509	0.00140	0.00219	0.00792	0.00463	0.00424
67	0.00629	0.00450	0.00540	0.00567	0.00634	0.00439	0.00403	0.00767	0.03807	0.01171	0.09394	0.18852	0.14501	0.27076	0.03689	0.00261	0.00348	0.11735	0.04384	0.00356
68	0.00576	0.00449	0.00526	0.00519	0.00643	0.00398	0.00398	0.00736	0.01100	0.01439	0.38119	0.03846	0.41066	0.01020	0.00522	0.00147	0.00229	0.07439	0.00438	0.00390
69	0.00536	0.00386	0.00509	0.00599	0.00633	0.00358	0.00403	0.00622	0.00866	0.01157	0.07609	0.76754	0.05296	0.01328	0.00553	0.00174	0.00249	0.01201	0.00410	0.00358
70	0.01007	0.00962	0.01639	0.25703	0.59495	0.01017	0.01302	0.01275	0.00959	0.01337	0.00808	0.01103	0.00660	0.00402	0.00433	0.00134	0.00536	0.00388	0.00210	0.00632
71	0.01564	0.02937	0.01254	0.05098	0.01417	0.60623	0.00850	0.14727	0.05022	0.01381	0.00790	0.00885	0.00628	0.00467	0.00403	0.00118	0.00701	0.00314	0.00268	0.00553
72	0.00630	0.00421	0.00477	0.00481	0.00482	0.00420	0.00270	0.00633	0.00642	0.00856	0.01414	0.05983	0.01635	0.81475	0.02156	0.00413	0.00416	0.00657	0.00270	0.00268
73	0.00634	0.00423	0.00476	0.00476	0.00476	0.00423	0.00264	0.00634	0.00634	0.00846	0.01374	0.02854	0.01586	0.84672	0.02220	0.00423	0.00423	0.00634	0.00264	0.00264
74	0.01414	0.01096	0.01148	0.00944	0.01243	0.03610	0.00758	0.39330	0.37521	0.06063	0.01395	0.01321	0.01017	0.00553	0.00438	0.00138	0.00423	0.00437	0.00438	0.00712
75	0.01060	0.42177	0.38871	0.00996	0.01484	0.06243	0.01148	0.01366	0.00923	0.01191	0.00691	0.00806	0.00557	0.00397	0.00348	0.00115	0.00567	0.00277	0.00188	0.00595
76	0.00951	0.00903	0.01513	0.40234	0.40412	0.00994	0.01240	0.01219	0.00927	0.01272	0.00792	0.01109	0.00636	0.00416	0.00451	0.00136	0.02292	0.00383	0.00207	0.03915
77	0.03665	0.01008	0.01452	0.17755	0.40721	0.04704	0.01098	0.08997	0.02057	0.02708	0.00840	0.01060	0.00671	0.00411	0.00414	0.00125	0.00505	0.00366	0.00248	0.11198
78	0.01011	0.00817	0.00932	0.00717	0.01043	0.00736	0.00571	0.09236	0.12589	0.04275	0.01207	0.01297	0.05620	0.02941	0.00453	0.00105	0.02587	0.00366	0.00319	0.53179

[dist]
# distance from previous block
# <min> <max>
0	100

# created by:
# /st0/software/busco_prod/Augustus/scripts/msa2prfl.pl ./align_prep/106854.fa
