[name]
unknown

[dist]
# distance from previous block
# <min> <max>
4	319

[block]
# block no. 0 follows, 63 sequences, length 83
# corresponding to MSA columns:
# 328-410
name=unknown_A
#
# <colnr> <probs for GDERKNQSTAVLIFYWHMCP>
#	G	D	E	R	K	N	Q	S	T	A	V	L	I	F	Y	W	H	M	C	P
0	0.02681	0.00970	0.01309	0.02504	0.04301	0.03945	0.16697	0.13127	0.17374	0.04619	0.01046	0.02037	0.00806	0.00429	0.00401	0.00114	0.00446	0.00387	0.00311	0.26497
1	0.00924	0.19547	0.62571	0.01105	0.01658	0.03325	0.02752	0.01326	0.00890	0.01252	0.00718	0.00844	0.00536	0.00391	0.00373	0.00124	0.00591	0.00295	0.00180	0.00600
2	0.01559	0.04199	0.01221	0.01069	0.01294	0.78162	0.00809	0.04754	0.01213	0.01091	0.00662	0.00766	0.00548	0.00434	0.00378	0.00109	0.00738	0.00274	0.00224	0.00498
3	0.00868	0.00744	0.00906	0.00687	0.00999	0.00625	0.02077	0.04123	0.00895	0.01365	0.00908	0.09527	0.00844	0.00452	0.00414	0.00086	0.05964	0.00364	0.00265	0.67889
4	0.00512	0.00366	0.00488	0.00585	0.00610	0.00341	0.00390	0.00585	0.00805	0.01073	0.02317	0.84952	0.02780	0.01317	0.00537	0.00171	0.00244	0.01195	0.00390	0.00341
5	0.49853	0.00846	0.03969	0.06273	0.01035	0.00917	0.00601	0.10464	0.01938	0.03322	0.00707	0.00878	0.00561	0.00574	0.00543	0.12198	0.04304	0.00291	0.00264	0.00463
6	0.00532	0.00391	0.00498	0.00563	0.00614	0.00364	0.00386	0.00645	0.02385	0.01167	0.12619	0.62616	0.12227	0.02207	0.00544	0.00165	0.00238	0.01084	0.00398	0.00355
7	0.01577	0.01167	0.01250	0.00963	0.01295	0.01294	0.00794	0.78137	0.05077	0.02615	0.01037	0.01031	0.00737	0.00507	0.00421	0.00127	0.00458	0.00382	0.00421	0.00713
8	0.00730	0.00365	0.00548	0.00548	0.00548	0.00365	0.00365	0.00548	0.00548	0.00730	0.00730	0.01278	0.00730	0.01460	0.01643	0.87769	0.00365	0.00365	0.00183	0.00183
9	0.00937	0.00953	0.01332	0.01129	0.01151	0.03165	0.04029	0.01040	0.00670	0.01025	0.00566	0.00924	0.00555	0.00714	0.01322	0.00181	0.79287	0.00371	0.00186	0.00465
10	0.01124	0.85479	0.02203	0.00719	0.01079	0.01663	0.00719	0.01259	0.00854	0.00989	0.00584	0.00674	0.00539	0.00360	0.00270	0.00090	0.00450	0.00225	0.00180	0.00539
11	0.01481	0.01119	0.01196	0.00944	0.01259	0.01249	0.00771	0.64468	0.18902	0.02461	0.01158	0.01128	0.00835	0.00519	0.00422	0.00130	0.00435	0.00399	0.00422	0.00704
12	0.01607	0.00942	0.01249	0.00967	0.01288	0.09050	0.14016	0.03156	0.10237	0.50778	0.01419	0.01323	0.00946	0.00489	0.00431	0.00131	0.00455	0.00425	0.00427	0.00662
13	0.00702	0.00384	0.00557	0.00575	0.00594	0.00381	0.00405	0.00597	0.00632	0.00834	0.01134	0.06166	0.03397	0.03699	0.01421	0.66325	0.00359	0.11383	0.00229	0.00226
14	0.00530	0.00436	0.00472	0.00487	0.00620	0.00378	0.00382	0.00654	0.00968	0.01175	0.06596	0.04130	0.66450	0.01074	0.00511	0.00150	0.00241	0.13992	0.00392	0.00362
15	0.01062	0.00744	0.00892	0.00650	0.01012	0.00579	0.00523	0.01262	0.02344	0.16416	0.00932	0.00987	0.00711	0.00354	0.00334	0.00076	0.00320	0.00285	0.00302	0.70213
16	0.00773	0.00612	0.00673	0.00639	0.00785	0.02907	0.00499	0.12122	0.06553	0.01494	0.18233	0.09628	0.24937	0.04861	0.00571	0.00160	0.00308	0.13408	0.00400	0.00438
17	0.00512	0.00367	0.00487	0.00582	0.00609	0.00342	0.00389	0.00586	0.00808	0.01074	0.02356	0.83329	0.04378	0.01312	0.00536	0.00170	0.00243	0.01189	0.00390	0.00342
18	0.01555	0.04218	0.01227	0.01052	0.01291	0.67441	0.00806	0.13882	0.02438	0.01287	0.00718	0.00806	0.00578	0.00444	0.00383	0.00111	0.00698	0.00289	0.00250	0.00526
19	0.00965	0.00786	0.00944	0.00704	0.01055	0.00660	0.02914	0.03978	0.10662	0.05265	0.00941	0.01054	0.00753	0.00373	0.00344	0.00082	0.00334	0.01538	0.00290	0.66355
20	0.05106	0.02482	0.01313	0.01013	0.01331	0.10562	0.10008	0.39950	0.10121	0.12237	0.01082	0.01089	0.00774	0.00481	0.00417	0.00128	0.00492	0.00387	0.00376	0.00653
21	0.01516	0.01890	0.01166	0.01059	0.01278	0.74996	0.00797	0.01736	0.09544	0.01104	0.00760	0.00842	0.00618	0.00447	0.00384	0.00112	0.00714	0.00292	0.00238	0.00506
22	0.00547	0.00428	0.00496	0.00479	0.00599	0.00376	0.00359	0.00701	0.01078	0.01419	0.44541	0.03579	0.41974	0.00959	0.00496	0.00137	0.00205	0.00822	0.00428	0.00376
23	0.00652	0.00465	0.00648	0.00745	0.00830	0.00462	0.00633	0.00826	0.00942	0.01229	0.02240	0.17277	0.02476	0.01186	0.00574	0.00190	0.00365	0.67494	0.00388	0.00380
24	0.01101	0.78704	0.08778	0.00758	0.01139	0.01607	0.00787	0.01265	0.00857	0.01017	0.00598	0.00692	0.00539	0.00363	0.00280	0.00093	0.00464	0.00232	0.00180	0.00546
25	0.00601	0.00450	0.00676	0.00676	0.00751	0.00525	0.00525	0.00751	0.00676	0.00976	0.01126	0.01651	0.01051	0.03153	0.83560	0.00676	0.01126	0.00450	0.00225	0.00375
26	0.00611	0.00408	0.00458	0.00458	0.00458	0.00408	0.00255	0.00611	0.00611	0.00815	0.01325	0.02751	0.01528	0.85226	0.02140	0.00408	0.00408	0.00611	0.00255	0.00255
27	0.01417	0.01012	0.01082	0.00854	0.01139	0.01113	0.00700	0.63085	0.03432	0.02403	0.01114	0.01194	0.00826	0.00515	0.00400	0.00122	0.00409	0.01836	0.16700	0.00648
28	0.00856	0.05710	0.57508	0.15006	0.01972	0.00998	0.07972	0.01276	0.00892	0.01280	0.02280	0.00979	0.00610	0.00406	0.00407	0.00133	0.00602	0.00341	0.00187	0.00583
29	0.02136	0.00813	0.01356	0.55780	0.25091	0.00933	0.01160	0.01171	0.00890	0.04354	0.01913	0.01132	0.00654	0.00417	0.00418	0.00135	0.00527	0.00379	0.00211	0.00531
30	0.01569	0.01180	0.01244	0.00964	0.01293	0.02988	0.00792	0.75515	0.06052	0.02570	0.01038	0.01033	0.00740	0.00507	0.00420	0.00127	0.00462	0.00381	0.00417	0.00708
31	0.01570	0.02004	0.01191	0.01083	0.01300	0.83539	0.00812	0.01679	0.01191	0.01029	0.00650	0.00758	0.00541	0.00433	0.00379	0.00108	0.00758	0.00271	0.00217	0.00487
32	0.00934	0.00784	0.00905	0.00652	0.01023	0.00624	0.00524	0.07912	0.00966	0.01479	0.00770	0.00883	0.00631	0.00328	0.00321	0.00068	0.00324	0.00260	0.00264	0.80349
33	0.00611	0.00408	0.00458	0.00458	0.00458	0.00408	0.00255	0.00611	0.00611	0.00815	0.01325	0.02751	0.01528	0.85226	0.02140	0.00408	0.00408	0.00611	0.00255	0.00255
34	0.00604	0.00437	0.00606	0.00606	0.00657	0.00488	0.00439	0.00706	0.00655	0.00924	0.01190	0.02004	0.01204	0.29470	0.57453	0.00590	0.00896	0.00502	0.00235	0.00337
35	0.01124	0.85479	0.02203	0.00719	0.01079	0.01663	0.00719	0.01259	0.00854	0.00989	0.00584	0.00674	0.00539	0.00360	0.00270	0.00090	0.00450	0.00225	0.00180	0.00539
36	0.00833	0.00783	0.01281	0.71286	0.05783	0.00978	0.01140	0.02846	0.00851	0.01115	0.00736	0.01096	0.00567	0.00450	0.00512	0.00143	0.08554	0.00373	0.00193	0.00479
37	0.00996	0.00822	0.00893	0.00816	0.01028	0.00930	0.00637	0.05206	0.62162	0.02973	0.06348	0.07596	0.01582	0.00671	0.00448	0.00146	0.00328	0.05379	0.00426	0.00613
38	0.00807	0.00414	0.00416	0.00408	0.00513	0.00418	0.00308	0.03245	0.00912	0.01598	0.01361	0.01551	0.01067	0.00490	0.00297	0.00099	0.00203	0.00391	0.85099	0.00401
39	0.01570	0.02004	0.01191	0.01083	0.01300	0.83539	0.00812	0.01679	0.01191	0.01029	0.00650	0.00758	0.00541	0.00433	0.00379	0.00108	0.00758	0.00271	0.00217	0.00487
40	0.01570	0.02004	0.01191	0.01083	0.01300	0.83539	0.00812	0.01679	0.01191	0.01029	0.00650	0.00758	0.00541	0.00433	0.00379	0.00108	0.00758	0.00271	0.00217	0.00487
41	0.00866	0.02142	0.81236	0.01188	0.01803	0.00968	0.01533	0.01347	0.00894	0.03132	0.00774	0.00900	0.00544	0.00402	0.00400	0.00133	0.00615	0.00313	0.00185	0.00623
42	0.00690	0.00583	0.00636	0.00591	0.00753	0.03086	0.02639	0.02612	0.12528	0.02892	0.13141	0.06351	0.47594	0.00920	0.00484	0.00142	0.00273	0.03257	0.00397	0.00429
43	0.00559	0.00428	0.00512	0.00491	0.00606	0.00381	0.00368	0.00723	0.01105	0.01483	0.53584	0.03474	0.32891	0.00935	0.00496	0.00136	0.00204	0.00807	0.00436	0.00381
44	0.00999	0.00964	0.01609	0.18863	0.65411	0.02277	0.01258	0.01253	0.00938	0.01308	0.00780	0.01052	0.00643	0.00385	0.00416	0.00128	0.00516	0.00373	0.00204	0.00623
45	0.00677	0.00484	0.00677	0.00774	0.00871	0.00484	0.00677	0.00871	0.00968	0.01258	0.02226	0.04742	0.02419	0.01161	0.00581	0.00194	0.00387	0.79775	0.00387	0.00387
46	0.00992	0.01134	0.02481	0.01772	0.02197	0.01063	0.81077	0.01347	0.00992	0.01347	0.00850	0.01134	0.00638	0.00354	0.00496	0.00142	0.00709	0.00496	0.00213	0.00567
47	0.00794	0.00747	0.01261	0.84216	0.02895	0.00934	0.01167	0.01074	0.00841	0.01074	0.00747	0.01121	0.00560	0.00420	0.00420	0.00140	0.00560	0.00374	0.00187	0.00467
48	0.00577	0.00437	0.00666	0.00689	0.00753	0.00408	0.07276	0.00676	0.00828	0.02529	0.02180	0.76341	0.02567	0.01221	0.00531	0.00168	0.00286	0.01122	0.00377	0.00367
49	0.11516	0.01342	0.01152	0.00943	0.01235	0.23656	0.00755	0.46121	0.04225	0.03748	0.00899	0.00930	0.00663	0.00475	0.00391	0.00122	0.00521	0.00336	0.00349	0.00621
50	0.00749	0.00593	0.00721	0.00637	0.00854	0.00499	0.00494	0.00936	0.03810	0.02434	0.01564	0.24389	0.04059	0.02302	0.00458	0.00124	0.00305	0.12610	0.00323	0.42140
51	0.01022	0.55338	0.31455	0.00893	0.01347	0.01415	0.01021	0.01285	0.00866	0.01113	0.00646	0.00751	0.00537	0.00374	0.00317	0.00106	0.00512	0.00256	0.00179	0.00569
52	0.01022	0.01160	0.02118	0.01570	0.01895	0.08515	0.58360	0.01303	0.00946	0.01255	0.00811	0.02764	0.00658	0.00447	0.00639	0.00147	0.15176	0.00468	0.00212	0.00537
53	0.00512	0.00366	0.00488	0.00585	0.00610	0.00341	0.00390	0.00585	0.00805	0.01073	0.02317	0.84952	0.02780	0.01317	0.00537	0.00171	0.00244	0.01195	0.00390	0.00341
54	0.01149	0.01238	0.01556	0.03903	0.07054	0.20920	0.24594	0.04985	0.17651	0.01373	0.00997	0.01216	0.00799	0.00485	0.00520	0.00137	0.07677	0.02914	0.00269	0.00563
55	0.01523	0.01893	0.01180	0.01069	0.01281	0.75272	0.00809	0.04097	0.02891	0.01098	0.00714	0.00871	0.00602	0.00462	0.00413	0.00113	0.03029	0.01957	0.00230	0.00495
56	0.00674	0.00481	0.00673	0.00770	0.00865	0.00481	0.00671	0.00865	0.00964	0.01254	0.02228	0.06459	0.02427	0.01165	0.00580	0.00193	0.00384	0.78092	0.00387	0.00386
57	0.00910	0.00771	0.00828	0.00754	0.00958	0.00861	0.00583	0.01813	0.59384	0.01681	0.16070	0.02099	0.10148	0.00672	0.00447	0.00141	0.00297	0.00568	0.00430	0.00586
58	0.88196	0.00813	0.00618	0.00553	0.00813	0.00943	0.00455	0.01236	0.00715	0.01886	0.00585	0.00683	0.00455	0.00390	0.00260	0.00130	0.00325	0.00228	0.00260	0.00455
59	0.00585	0.00436	0.00546	0.00591	0.00660	0.00419	0.00413	0.01941	0.06474	0.01242	0.14270	0.58225	0.07366	0.02282	0.00536	0.00162	0.00248	0.01023	0.00399	0.02183
60	0.00843	0.02174	0.83048	0.01198	0.01819	0.00976	0.01553	0.01331	0.00888	0.01331	0.00754	0.00888	0.00533	0.00399	0.00399	0.00133	0.00621	0.00311	0.00178	0.00621
61	0.00601	0.00449	0.00671	0.00671	0.00744	0.00523	0.00519	0.00747	0.00674	0.00972	0.01131	0.01677	0.01062	0.05035	0.81693	0.00669	0.01110	0.00454	0.00226	0.00373
62	0.00624	0.00475	0.00542	0.00515	0.00668	0.00420	0.01995	0.00793	0.03847	0.05477	0.11342	0.03671	0.59722	0.00980	0.00492	0.00143	0.00243	0.05587	0.02070	0.00396
63	0.00522	0.00376	0.00498	0.00584	0.00618	0.00348	0.00393	0.00601	0.00818	0.01098	0.04764	0.80713	0.02773	0.01282	0.00531	0.00167	0.00244	0.01162	0.00390	0.02117
64	0.00512	0.00368	0.00485	0.00579	0.00608	0.00342	0.00387	0.00586	0.00811	0.01076	0.02393	0.81782	0.05901	0.01307	0.00535	0.00170	0.00243	0.01183	0.00390	0.00342
65	0.00920	0.00920	0.01288	0.01104	0.01104	0.01288	0.00920	0.01012	0.00644	0.01012	0.00552	0.00920	0.00552	0.00736	0.01380	0.00184	0.84457	0.00368	0.00184	0.00460
66	0.00595	0.00430	0.00562	0.00529	0.00628	0.00397	0.00397	0.00793	0.01190	0.01686	0.82382	0.03140	0.03966	0.00859	0.00496	0.00132	0.00198	0.00760	0.00463	0.00397
67	0.01082	0.01071	0.02214	0.01662	0.05767	0.01028	0.63999	0.01396	0.00991	0.09772	0.00913	0.01147	0.00675	0.00396	0.00540	0.00142	0.05907	0.00475	0.00242	0.00580
68	0.00919	0.12658	0.69651	0.01120	0.01697	0.01049	0.01412	0.01350	0.00895	0.04436	0.00768	0.00882	0.00553	0.00399	0.00384	0.00128	0.00589	0.00304	0.00191	0.00615
69	0.00872	0.00747	0.00872	0.00623	0.00996	0.00560	0.00498	0.01058	0.00872	0.01370	0.00747	0.00872	0.00623	0.00311	0.00311	0.00062	0.00311	0.00249	0.00249	0.87796
70	0.00497	0.00426	0.00426	0.00426	0.00568	0.00355	0.00319	0.00603	0.00958	0.01136	0.04259	0.04046	0.82433	0.01065	0.00497	0.00142	0.00213	0.00887	0.00390	0.00355
71	0.00512	0.00366	0.00488	0.00585	0.00610	0.00341	0.00390	0.00585	0.00805	0.01073	0.02317	0.84952	0.02780	0.01317	0.00537	0.00171	0.00244	0.01195	0.00390	0.00341
72	0.00601	0.00450	0.00676	0.00676	0.00751	0.00525	0.00525	0.00751	0.00676	0.00976	0.01126	0.01651	0.01051	0.03153	0.83560	0.00676	0.01126	0.00450	0.00225	0.00375
73	0.00595	0.00430	0.00562	0.00529	0.00628	0.00397	0.00397	0.00793	0.01190	0.01686	0.82382	0.03140	0.03966	0.00859	0.00496	0.00132	0.00198	0.00760	0.00463	0.00397
74	0.00502	0.00426	0.00432	0.00431	0.00571	0.00357	0.00323	0.00613	0.00969	0.01162	0.08048	0.04002	0.78628	0.01055	0.00497	0.00141	0.00212	0.00881	0.00394	0.00357
75	0.00794	0.00747	0.01261	0.84216	0.02895	0.00934	0.01167	0.01074	0.00841	0.01074	0.00747	0.01121	0.00560	0.00420	0.00420	0.00140	0.00560	0.00374	0.00187	0.00467
76	0.01040	0.00999	0.01706	0.02580	0.82604	0.00999	0.01290	0.01290	0.00957	0.01373	0.00791	0.01040	0.00666	0.00375	0.00416	0.00125	0.00499	0.00375	0.00208	0.00666
77	0.00992	0.01134	0.02481	0.01772	0.02197	0.01063	0.81077	0.01347	0.00992	0.01347	0.00850	0.01134	0.00638	0.00354	0.00496	0.00142	0.00709	0.00496	0.00213	0.00567
78	0.00948	0.00995	0.02558	0.01150	0.01202	0.04799	0.07174	0.01066	0.00700	0.01044	0.00603	0.01916	0.00584	0.00695	0.01243	0.00176	0.72104	0.00383	0.00190	0.00470
79	0.00794	0.00747	0.01261	0.84216	0.02895	0.00934	0.01167	0.01074	0.00841	0.01074	0.00747	0.01121	0.00560	0.00420	0.00420	0.00140	0.00560	0.00374	0.00187	0.00467
80	0.00885	0.00875	0.01255	0.01074	0.01097	0.01194	0.03467	0.00991	0.00664	0.01022	0.00689	0.01056	0.02319	0.00941	0.08482	0.00224	0.72726	0.00390	0.00193	0.00454
81	0.03960	0.01253	0.01228	0.00966	0.01284	0.10555	0.00788	0.67976	0.03943	0.02422	0.00975	0.00987	0.00703	0.00495	0.00412	0.00125	0.00489	0.00365	0.00393	0.00681
82	0.00883	0.00746	0.00897	0.00654	0.01013	0.00577	0.02203	0.01096	0.02746	0.02599	0.03079	0.01024	0.00765	0.00350	0.00329	0.00071	0.00319	0.01492	0.00264	0.78894

[dist]
# distance from previous block
# <min> <max>
0	2

[block]
# block no. 1 follows, 63 sequences, length 64
# corresponding to MSA columns:
# 413-476
name=unknown_B
#
# <colnr> <probs for GDERKNQSTAVLIFYWHMCP>
#	G	D	E	R	K	N	Q	S	T	A	V	L	I	F	Y	W	H	M	C	P
0	0.02246	0.03168	0.07395	0.02171	0.01326	0.04187	0.10650	0.10495	0.47603	0.01701	0.01376	0.02391	0.01054	0.00527	0.00429	0.00138	0.00437	0.01713	0.00361	0.00632
1	0.00953	0.06070	0.14217	0.01391	0.01749	0.01932	0.43489	0.01274	0.02788	0.02940	0.02003	0.07343	0.00832	0.00494	0.00572	0.00144	0.10545	0.00489	0.00230	0.00546
2	0.01522	0.00733	0.00925	0.00748	0.01023	0.00702	0.00604	0.06935	0.15357	0.51152	0.12413	0.03274	0.01487	0.00589	0.00435	0.00133	0.00337	0.00489	0.00488	0.00657
3	0.01048	0.00845	0.00903	0.00804	0.01037	0.00949	0.00627	0.04838	0.64767	0.06212	0.03794	0.01820	0.09258	0.00620	0.00436	0.00141	0.00324	0.00516	0.00430	0.00633
4	0.00940	0.00740	0.00875	0.00630	0.00996	0.00562	0.00505	0.01126	0.00900	0.07226	0.02036	0.00946	0.00703	0.00335	0.00322	0.00068	0.00313	0.00269	0.00272	0.80235
5	0.00526	0.00397	0.00489	0.00550	0.00619	0.00360	0.00392	0.00625	0.00885	0.01142	0.07524	0.50015	0.26286	0.01204	0.00526	0.00162	0.00243	0.07309	0.00394	0.00352
6	0.01846	0.00758	0.00985	0.00763	0.01083	0.02329	0.00627	0.03749	0.03864	0.76848	0.01626	0.01413	0.01031	0.00520	0.00422	0.00130	0.00367	0.00420	0.00509	0.00709
7	0.01155	0.79695	0.02133	0.00744	0.01094	0.07336	0.00726	0.01288	0.00878	0.00992	0.00589	0.00680	0.00540	0.00365	0.00277	0.00091	0.00471	0.00228	0.00182	0.00536
8	0.00601	0.00448	0.00662	0.00662	0.00732	0.00518	0.00508	0.00742	0.00671	0.00966	0.01139	0.01722	0.01081	0.08389	0.78366	0.00658	0.01080	0.00461	0.00227	0.00368
9	0.00610	0.00464	0.00694	0.00688	0.00761	0.00548	0.00537	0.00758	0.00675	0.00977	0.01109	0.01630	0.01036	0.03082	0.81153	0.00661	0.03567	0.00448	0.00224	0.00378
10	0.00499	0.00426	0.00428	0.00428	0.00569	0.00356	0.00321	0.00607	0.00962	0.01145	0.05603	0.04030	0.81083	0.01061	0.00497	0.00142	0.00213	0.00885	0.00392	0.00356
11	0.00505	0.00426	0.00437	0.00434	0.00573	0.00358	0.00326	0.00619	0.00977	0.01181	0.10636	0.03972	0.76028	0.01048	0.00497	0.00141	0.00212	0.00877	0.00396	0.00358
12	0.12865	0.00791	0.00941	0.00739	0.01051	0.04711	0.00607	0.01927	0.01140	0.68576	0.01472	0.01303	0.00942	0.00499	0.00400	0.00129	0.00373	0.00390	0.00472	0.00671
13	0.88196	0.00813	0.00618	0.00553	0.00813	0.00943	0.00455	0.01236	0.00715	0.01886	0.00585	0.00683	0.00455	0.00390	0.00260	0.00130	0.00325	0.00228	0.00260	0.00455
14	0.00689	0.00561	0.00687	0.05537	0.03436	0.00569	0.00518	0.01065	0.16948	0.01495	0.35498	0.02955	0.22752	0.00828	0.00480	0.00140	0.00269	0.04713	0.00410	0.00451
15	0.00578	0.00429	0.00539	0.00512	0.00618	0.00390	0.00384	0.00761	0.01151	0.01593	0.69234	0.03293	0.17173	0.00894	0.00496	0.00134	0.00201	0.00782	0.00451	0.00390
16	0.00612	0.00467	0.00698	0.00691	0.00763	0.00553	0.00540	0.00760	0.00674	0.00977	0.01105	0.01625	0.01033	0.03065	0.80577	0.00658	0.04151	0.00447	0.00224	0.00378
17	0.00991	0.01101	0.02337	0.01850	0.12407	0.01041	0.68931	0.01328	0.00987	0.01348	0.00877	0.01211	0.00685	0.00377	0.00488	0.00141	0.00674	0.02436	0.00216	0.00575
18	0.01886	0.00715	0.00976	0.00748	0.01073	0.00618	0.00618	0.02049	0.01203	0.82895	0.01658	0.01431	0.01041	0.00520	0.00423	0.00130	0.00358	0.00423	0.00520	0.00715
19	0.00872	0.00747	0.00872	0.00623	0.00996	0.00560	0.00498	0.01058	0.00872	0.01370	0.00747	0.00872	0.00623	0.00311	0.00311	0.00062	0.00311	0.00249	0.00249	0.87796
20	0.01124	0.85479	0.02203	0.00719	0.01079	0.01663	0.00719	0.01259	0.00854	0.00989	0.00584	0.00674	0.00539	0.00360	0.00270	0.00090	0.00450	0.00225	0.00180	0.00539
21	0.00514	0.00367	0.00489	0.00584	0.00610	0.00343	0.00390	0.00590	0.00813	0.01087	0.04072	0.83159	0.02806	0.01307	0.00536	0.00170	0.00243	0.01186	0.00392	0.00343
22	0.20128	0.00735	0.00856	0.00696	0.00978	0.02662	0.00567	0.01722	0.01064	0.55345	0.01519	0.06692	0.03045	0.00563	0.00398	0.00133	0.00350	0.01484	0.00444	0.00617
23	0.01595	0.01271	0.01254	0.00980	0.01303	0.10605	0.00801	0.72208	0.01888	0.02466	0.00969	0.00981	0.00695	0.00497	0.00416	0.00124	0.00496	0.00366	0.00397	0.00689
24	0.00577	0.00429	0.00536	0.00510	0.00617	0.00389	0.00382	0.00758	0.01147	0.01583	0.67767	0.03310	0.18646	0.00898	0.00496	0.00134	0.00201	0.00784	0.00449	0.00389
25	0.00539	0.00408	0.00482	0.00501	0.00583	0.00368	0.00352	0.00648	0.00936	0.01224	0.23466	0.26505	0.30844	0.10382	0.00689	0.00177	0.00239	0.00911	0.00394	0.00351
26	0.01576	0.01829	0.01206	0.01059	0.01300	0.66158	0.00809	0.18486	0.01357	0.01371	0.00726	0.00811	0.00578	0.00448	0.00388	0.00112	0.00696	0.00294	0.00260	0.00535
27	0.01608	0.01161	0.01251	0.00959	0.01295	0.01279	0.00792	0.78350	0.01949	0.05541	0.01033	0.01024	0.00727	0.00505	0.00421	0.00126	0.00459	0.00380	0.00424	0.00715
28	0.00807	0.00763	0.01271	0.77336	0.04322	0.00958	0.01154	0.01074	0.00830	0.01076	0.00736	0.01106	0.00562	0.00440	0.00481	0.00143	0.05911	0.00373	0.00187	0.00470
29	0.00525	0.00398	0.00487	0.00547	0.00619	0.00360	0.00392	0.00624	0.00885	0.01135	0.06349	0.48389	0.28597	0.01202	0.00526	0.00162	0.00244	0.07812	0.00393	0.00352
30	0.00530	0.00380	0.00504	0.00594	0.00629	0.00357	0.00411	0.00616	0.00826	0.01097	0.03801	0.72337	0.04710	0.03225	0.00576	0.00177	0.00259	0.08238	0.00388	0.00345
31	0.01543	0.01144	0.01186	0.00929	0.01242	0.05295	0.00760	0.65597	0.05864	0.06291	0.01075	0.01072	0.00768	0.00504	0.00413	0.00125	0.00453	0.00381	0.04673	0.00685
32	0.01301	0.00833	0.00941	0.00798	0.01057	0.00896	0.00634	0.09780	0.44837	0.23880	0.03166	0.01507	0.01199	0.00550	0.00418	0.00134	0.00340	0.00451	0.06619	0.00659
33	0.00669	0.00448	0.00577	0.00535	0.00652	0.00407	0.00405	0.00858	0.01172	0.06822	0.70922	0.03104	0.10118	0.00854	0.00491	0.00133	0.00210	0.00749	0.00461	0.00414
34	0.00940	0.00921	0.01170	0.01017	0.01069	0.05220	0.00833	0.02405	0.09734	0.01152	0.04790	0.01142	0.00836	0.00859	0.06408	0.00204	0.60187	0.00400	0.00233	0.00479
35	0.01046	0.01105	0.01271	0.01096	0.01142	0.14751	0.00899	0.03470	0.00772	0.01062	0.00581	0.00896	0.00555	0.00679	0.01188	0.00170	0.68297	0.00352	0.00196	0.00472
36	0.00519	0.00371	0.00495	0.00590	0.00618	0.00347	0.00399	0.00599	0.00818	0.01093	0.04162	0.80715	0.02797	0.01302	0.00537	0.00171	0.00247	0.03487	0.00392	0.00344
37	0.00977	0.01238	0.10545	0.01714	0.02159	0.01054	0.73117	0.01345	0.00982	0.01345	0.00841	0.01109	0.00627	0.00359	0.00486	0.00141	0.00700	0.00478	0.00209	0.00572
38	0.04024	0.01031	0.01177	0.00920	0.01222	0.01122	0.05407	0.55491	0.07671	0.05582	0.01129	0.02925	0.00838	0.00514	0.00411	0.00127	0.00428	0.00409	0.08916	0.00655
39	0.06047	0.00810	0.01014	0.00781	0.01105	0.00767	0.00645	0.17419	0.01330	0.63314	0.01480	0.01312	0.00949	0.00511	0.00414	0.00129	0.00377	0.00405	0.00488	0.00703
40	0.00608	0.00407	0.00459	0.00460	0.00463	0.00406	0.00258	0.00611	0.00619	0.00824	0.01380	0.04234	0.02592	0.82646	0.02090	0.00400	0.00402	0.00625	0.00259	0.00258
41	0.00917	0.24085	0.61785	0.01072	0.01625	0.01157	0.01334	0.01312	0.00879	0.01241	0.00710	0.00831	0.00534	0.00389	0.00365	0.00122	0.00576	0.00288	0.00178	0.00600
42	0.00860	0.07045	0.78321	0.01170	0.01776	0.01016	0.01504	0.01327	0.00886	0.01311	0.00744	0.00875	0.00533	0.00397	0.00392	0.00131	0.00611	0.00306	0.00178	0.00616
43	0.01541	0.00740	0.00934	0.00761	0.01037	0.00710	0.00615	0.07949	0.14836	0.51824	0.05984	0.06910	0.01352	0.00610	0.00438	0.00136	0.00346	0.02134	0.00483	0.00659
44	0.01331	0.01130	0.01062	0.00895	0.01145	0.16177	0.00720	0.44453	0.01558	0.02934	0.04787	0.05761	0.05970	0.00654	0.00444	0.00134	0.00470	0.09413	0.00379	0.00583
45	0.04182	0.01158	0.01208	0.00944	0.01266	0.04100	0.00775	0.68687	0.05780	0.04988	0.01054	0.01079	0.00761	0.00511	0.00417	0.00127	0.00458	0.01399	0.00412	0.00693
46	0.00673	0.00500	0.00596	0.00601	0.00669	0.04519	0.00441	0.00797	0.00741	0.01068	0.01304	0.10550	0.01290	0.15504	0.42839	0.00449	0.00734	0.00535	0.15829	0.00361
47	0.01664	0.01048	0.01179	0.00906	0.01238	0.01115	0.00748	0.58405	0.03419	0.24090	0.01197	0.01134	0.00814	0.00510	0.00421	0.00128	0.00432	0.00392	0.00447	0.00714
48	0.00839	0.00794	0.01343	0.69151	0.17604	0.00946	0.01190	0.01114	0.00862	0.01129	0.00755	0.01106	0.00580	0.00412	0.00420	0.00137	0.00549	0.00374	0.00191	0.00504
49	0.00602	0.00446	0.00654	0.00654	0.00721	0.00514	0.00498	0.00737	0.00669	0.00960	0.01146	0.01762	0.01099	0.11368	0.75411	0.00649	0.01054	0.00467	0.00228	0.00363
50	0.00960	0.00987	0.01282	0.01102	0.01116	0.06380	0.00913	0.01053	0.00678	0.01013	0.00558	0.00910	0.00551	0.00717	0.01318	0.00179	0.79275	0.00362	0.00186	0.00462
51	0.00890	0.00747	0.00874	0.00625	0.00998	0.00561	0.00500	0.01076	0.00878	0.02835	0.00764	0.00882	0.00630	0.00315	0.00313	0.00063	0.00312	0.00252	0.00254	0.86231
52	0.01552	0.01299	0.01216	0.00975	0.01280	0.16666	0.00786	0.57831	0.08614	0.04049	0.01016	0.01019	0.00738	0.00497	0.00413	0.00124	0.00505	0.00368	0.00385	0.00668
53	0.01040	0.00999	0.01706	0.02580	0.82604	0.00999	0.01290	0.01290	0.00957	0.01373	0.00791	0.01040	0.00666	0.00375	0.00416	0.00125	0.00499	0.00375	0.00208	0.00666
54	0.88196	0.00813	0.00618	0.00553	0.00813	0.00943	0.00455	0.01236	0.00715	0.01886	0.00585	0.00683	0.00455	0.00390	0.00260	0.00130	0.00325	0.00228	0.00260	0.00455
55	0.00601	0.00450	0.00676	0.00676	0.00751	0.00525	0.00525	0.00751	0.00676	0.00976	0.01126	0.01651	0.01051	0.03153	0.83560	0.00676	0.01126	0.00450	0.00225	0.00375
56	0.01220	0.00919	0.00997	0.00832	0.01058	0.02593	0.00654	0.39486	0.20485	0.01914	0.01154	0.01325	0.00920	0.06313	0.05303	0.13018	0.00456	0.00416	0.00362	0.00572
57	0.00730	0.00365	0.00548	0.00548	0.00548	0.00365	0.00365	0.00548	0.00548	0.00730	0.00730	0.01278	0.00730	0.01460	0.01643	0.87769	0.00365	0.00365	0.00183	0.00183
58	0.01111	0.70719	0.12484	0.00793	0.01185	0.01558	0.00830	0.05174	0.00913	0.01114	0.00627	0.00718	0.00547	0.00372	0.00294	0.00097	0.00472	0.00243	0.00191	0.00558
59	0.00727	0.00569	0.00585	0.00574	0.00619	0.05786	0.00372	0.04121	0.04709	0.01000	0.01435	0.14189	0.01600	0.57140	0.01600	0.00322	0.01749	0.02287	0.00289	0.00327
60	0.02872	0.05114	0.01543	0.07265	0.53014	0.01059	0.01106	0.13912	0.04713	0.01574	0.03237	0.01100	0.00781	0.00421	0.00410	0.00125	0.00475	0.00381	0.00257	0.00643
61	0.01290	0.03885	0.07677	0.06230	0.01308	0.22321	0.00807	0.20795	0.05243	0.08914	0.08851	0.01425	0.01111	0.00541	0.00418	0.00126	0.00508	0.05224	0.00332	0.02992
62	0.24452	0.01110	0.01135	0.05316	0.09099	0.18828	0.08538	0.03518	0.09479	0.02973	0.00887	0.04438	0.00732	0.00453	0.00373	0.00124	0.00486	0.00360	0.00268	0.07431
63	0.08412	0.06055	0.03083	0.08081	0.49528	0.02100	0.01080	0.07540	0.02298	0.03155	0.00803	0.00995	0.00648	0.00393	0.00390	0.00122	0.00476	0.00348	0.00237	0.04254

[dist]
# distance from previous block
# <min> <max>
4	18

[block]
# block no. 2 follows, 63 sequences, length 35
# corresponding to MSA columns:
# 495-529
name=unknown_C
#
# <colnr> <probs for GDERKNQSTAVLIFYWHMCP>
#	G	D	E	R	K	N	Q	S	T	A	V	L	I	F	Y	W	H	M	C	P
0	0.01080	0.05758	0.32573	0.01034	0.03936	0.02076	0.02914	0.11279	0.18149	0.08670	0.04253	0.01300	0.04118	0.00499	0.00413	0.00132	0.00477	0.00404	0.00311	0.00625
1	0.04178	0.00907	0.01023	0.03609	0.12003	0.06834	0.00702	0.07209	0.21733	0.04560	0.06137	0.03799	0.02712	0.00501	0.00395	0.00116	0.00384	0.00416	0.00328	0.22453
2	0.00991	0.03434	0.01055	0.00879	0.05582	0.04100	0.08091	0.06847	0.07422	0.09181	0.21520	0.03241	0.06576	0.00579	0.00424	0.00117	0.00363	0.00505	0.00356	0.18737
3	0.00925	0.05582	0.01508	0.36494	0.42216	0.00989	0.01177	0.01177	0.00903	0.01220	0.00870	0.01148	0.03173	0.00414	0.00412	0.00130	0.00513	0.00382	0.00203	0.00566
4	0.00879	0.11031	0.71974	0.01137	0.01719	0.01052	0.01438	0.01350	0.03293	0.01307	0.00765	0.00885	0.00556	0.00400	0.00386	0.00129	0.00594	0.00306	0.00185	0.00614
5	0.00913	0.08611	0.68022	0.01184	0.01752	0.05634	0.05550	0.01346	0.00907	0.01289	0.00740	0.00876	0.00539	0.00396	0.00393	0.00129	0.00620	0.00311	0.00182	0.00605
6	0.03041	0.00805	0.00931	0.00694	0.01044	0.00692	0.00562	0.12869	0.02793	0.10507	0.00939	0.01060	0.00737	0.00391	0.00347	0.00085	0.00341	0.02267	0.00311	0.59583
7	0.20136	0.01099	0.01124	0.00879	0.01199	0.01226	0.00725	0.64084	0.01707	0.02486	0.00919	0.00939	0.00659	0.00480	0.00386	0.00127	0.00433	0.00346	0.00386	0.00659
8	0.01421	0.01090	0.01162	0.00931	0.01236	0.01221	0.00756	0.55916	0.27551	0.02364	0.01234	0.01188	0.00897	0.00526	0.00423	0.00131	0.00421	0.00409	0.00423	0.00699
9	0.00568	0.00456	0.00688	0.00686	0.00770	0.00424	0.08222	0.00684	0.00862	0.01143	0.06934	0.59140	0.11417	0.01216	0.02771	0.00177	0.00310	0.02789	0.00373	0.00370
10	0.00611	0.00408	0.00458	0.00458	0.00458	0.00408	0.00255	0.00611	0.00611	0.00815	0.01325	0.02751	0.01528	0.85226	0.02140	0.00408	0.00408	0.00611	0.00255	0.00255
11	0.00992	0.01134	0.02481	0.01772	0.02197	0.01063	0.81077	0.01347	0.00992	0.01347	0.00850	0.01134	0.00638	0.00354	0.00496	0.00142	0.00709	0.00496	0.00213	0.00567
12	0.00811	0.00756	0.01270	0.71681	0.10360	0.00914	0.01151	0.01083	0.00859	0.01113	0.00836	0.01320	0.00677	0.00458	0.00429	0.00142	0.00545	0.04914	0.00200	0.00481
13	0.00958	0.01068	0.02237	0.01632	0.01987	0.01049	0.67643	0.01267	0.00943	0.01294	0.00897	0.05708	0.00746	0.00450	0.00598	0.00148	0.10095	0.00520	0.00219	0.00543
14	0.00794	0.00747	0.01261	0.84216	0.02895	0.00934	0.01167	0.01074	0.00841	0.01074	0.00747	0.01121	0.00560	0.00420	0.00420	0.00140	0.00560	0.00374	0.00187	0.00467
15	0.00595	0.00430	0.00562	0.00529	0.00628	0.00397	0.00397	0.00793	0.01190	0.01686	0.82382	0.03140	0.03966	0.00859	0.00496	0.00132	0.00198	0.00760	0.00463	0.00397
16	0.01113	0.81116	0.02156	0.00739	0.01080	0.01644	0.00730	0.01246	0.00843	0.00990	0.00583	0.00687	0.00540	0.00379	0.00327	0.00095	0.04784	0.00232	0.00180	0.00535
17	0.00682	0.00504	0.00741	0.00805	0.00912	0.00500	0.03954	0.00876	0.00960	0.01252	0.02174	0.08756	0.02365	0.01136	0.00575	0.00190	0.00393	0.72453	0.00380	0.00392
18	0.00512	0.00366	0.00488	0.00585	0.00610	0.00341	0.00390	0.00585	0.00805	0.01073	0.02317	0.84952	0.02780	0.01317	0.00537	0.00171	0.00244	0.01195	0.00390	0.00341
19	0.00512	0.00366	0.00488	0.00585	0.00610	0.00341	0.00390	0.00585	0.00805	0.01073	0.02317	0.84952	0.02780	0.01317	0.00537	0.00171	0.00244	0.01195	0.00390	0.00341
20	0.19196	0.00756	0.00857	0.00704	0.00968	0.03170	0.00572	0.07398	0.01968	0.41970	0.11127	0.02474	0.01280	0.00658	0.03804	0.00153	0.00382	0.01542	0.00428	0.00594
21	0.00863	0.06101	0.75898	0.01199	0.01800	0.01013	0.04769	0.01328	0.00890	0.01316	0.00750	0.00887	0.00537	0.00396	0.00397	0.00131	0.00617	0.00314	0.00179	0.00615
22	0.00512	0.00368	0.00486	0.00580	0.00608	0.00342	0.00388	0.00586	0.00810	0.01075	0.02381	0.82289	0.05402	0.01309	0.00535	0.00170	0.00243	0.01185	0.00390	0.00342
23	0.00835	0.00678	0.00756	0.00713	0.00877	0.00735	0.00541	0.05562	0.38997	0.01591	0.16032	0.19325	0.08554	0.00822	0.00470	0.00147	0.00289	0.02132	0.00422	0.00524
24	0.00859	0.00819	0.01350	0.63389	0.20613	0.02238	0.01182	0.01129	0.00874	0.01143	0.00779	0.01154	0.00613	0.00422	0.00421	0.00137	0.00547	0.01626	0.00195	0.00510
25	0.01007	0.00977	0.01707	0.04292	0.67038	0.00982	0.09324	0.01253	0.00935	0.01330	0.00816	0.01131	0.00699	0.04409	0.00525	0.00142	0.02199	0.00398	0.00210	0.00628
26	0.00606	0.00410	0.00480	0.00485	0.00493	0.00415	0.00286	0.00623	0.00626	0.00842	0.01353	0.06551	0.01543	0.73614	0.09631	0.00421	0.00467	0.00624	0.00258	0.00270
27	0.00882	0.00728	0.00856	0.00624	0.00980	0.00552	0.00496	0.01062	0.00877	0.03532	0.00846	0.04878	0.00736	0.00365	0.00325	0.00069	0.00309	0.00299	0.00263	0.81319
28	0.00640	0.00591	0.04922	0.00658	0.00828	0.00461	0.03774	0.00785	0.00874	0.01220	0.07974	0.44613	0.08366	0.00936	0.00468	0.00137	0.00293	0.00838	0.00344	0.21281
29	0.00885	0.00774	0.00952	0.00745	0.04231	0.00627	0.01910	0.01086	0.01985	0.01358	0.00755	0.00895	0.00630	0.00338	0.00371	0.00073	0.04321	0.00267	0.00246	0.77550
30	0.00840	0.00639	0.00813	0.03172	0.00937	0.00632	0.03835	0.04358	0.12099	0.07663	0.21968	0.07386	0.18073	0.00751	0.00501	0.00133	0.04292	0.01410	0.00386	0.10113
31	0.00831	0.00673	0.00822	0.00654	0.00931	0.00562	0.02211	0.02481	0.04424	0.03620	0.09405	0.10211	0.05457	0.00568	0.00398	0.00099	0.01155	0.03576	0.00315	0.51607
32	0.00921	0.00852	0.01330	0.06265	0.18488	0.00769	0.14456	0.03579	0.00958	0.01397	0.05246	0.03367	0.00873	0.00401	0.00391	0.00102	0.00430	0.00382	0.00251	0.39543
33	0.03522	0.00860	0.01086	0.00895	0.03311	0.07193	0.12218	0.02473	0.06869	0.02334	0.01257	0.03411	0.05924	0.03985	0.00474	0.00123	0.00418	0.08390	0.00285	0.34970
34	0.00870	0.00719	0.03108	0.05035	0.01065	0.00656	0.05066	0.06166	0.06352	0.06907	0.12385	0.10649	0.13749	0.00675	0.00472	0.00124	0.03776	0.00575	0.00345	0.21306

[dist]
# distance from previous block
# <min> <max>
15	62

[block]
# block no. 3 follows, 63 sequences, length 6
# corresponding to MSA columns:
# 604-609
name=unknown_D
#
# <colnr> <probs for GDERKNQSTAVLIFYWHMCP>
#	G	D	E	R	K	N	Q	S	T	A	V	L	I	F	Y	W	H	M	C	P
0	0.01060	0.07770	0.18964	0.14384	0.11036	0.08916	0.12327	0.06591	0.05773	0.04555	0.00916	0.04209	0.00730	0.00450	0.00415	0.00130	0.00558	0.00396	0.00244	0.00577
1	0.06493	0.10717	0.03457	0.01325	0.18386	0.09031	0.11242	0.10024	0.10563	0.08092	0.00980	0.01124	0.00765	0.00441	0.00398	0.00124	0.00494	0.02135	0.00288	0.03920
2	0.09970	0.04190	0.10795	0.05855	0.13311	0.00929	0.15597	0.08853	0.03143	0.01515	0.04621	0.01274	0.06181	0.00454	0.00404	0.00123	0.00471	0.00407	0.00263	0.11645
3	0.02882	0.18265	0.02745	0.07641	0.08268	0.16125	0.00751	0.05545	0.01022	0.01295	0.11911	0.01450	0.07545	0.00548	0.00460	0.00121	0.06888	0.00414	0.05628	0.00496
4	0.09131	0.00689	0.00806	0.07263	0.07486	0.07300	0.00697	0.00985	0.00947	0.01285	0.04901	0.03271	0.08813	0.03760	0.00551	0.00172	0.00412	0.40780	0.00330	0.00423
5	0.01071	0.07833	0.01704	0.07505	0.50345	0.01105	0.07487	0.08895	0.01017	0.01415	0.00778	0.01011	0.00642	0.00415	0.00485	0.00129	0.06944	0.00372	0.00223	0.00624

[dist]
# distance from previous block
# <min> <max>
0	1

[block]
# block no. 4 follows, 63 sequences, length 7
# corresponding to MSA columns:
# 611-617
name=unknown_E
#
# <colnr> <probs for GDERKNQSTAVLIFYWHMCP>
#	G	D	E	R	K	N	Q	S	T	A	V	L	I	F	Y	W	H	M	C	P
0	0.01024	0.01020	0.00941	0.00723	0.01062	0.18605	0.00566	0.01193	0.00941	0.01296	0.00726	0.00847	0.00605	0.00338	0.00326	0.00072	0.00408	0.00254	0.00242	0.68810
1	0.01087	0.00907	0.01298	0.00942	0.01317	0.00807	0.18082	0.15606	0.01116	0.06244	0.00869	0.00985	0.00666	0.00367	0.00378	0.00095	0.00428	0.00336	0.00287	0.48184
2	0.00842	0.09348	0.43094	0.01111	0.01560	0.00930	0.15541	0.01210	0.00969	0.01379	0.18507	0.01402	0.01299	0.00488	0.00426	0.00130	0.00529	0.00434	0.00246	0.00555
3	0.01179	0.00934	0.01550	0.06769	0.63514	0.00927	0.01162	0.01415	0.00995	0.16033	0.00945	0.01115	0.00728	0.00403	0.00418	0.00127	0.00477	0.00383	0.00263	0.00664
4	0.01018	0.00997	0.01715	0.06505	0.46137	0.01018	0.18522	0.01461	0.15521	0.01421	0.00967	0.01160	0.00765	0.00408	0.00436	0.00133	0.00518	0.00419	0.00247	0.00634
5	0.00997	0.19173	0.01209	0.00705	0.01043	0.00842	0.03453	0.03912	0.02438	0.06460	0.00969	0.02685	0.02745	0.02048	0.00374	0.00094	0.00365	0.02642	0.00269	0.47578
6	0.00962	0.00997	0.01167	0.30226	0.17840	0.18792	0.00939	0.01185	0.03201	0.01160	0.03319	0.16187	0.01092	0.00592	0.00434	0.00136	0.00518	0.00513	0.00249	0.00492

[dist]
# distance from previous block
# <min> <max>
0	295

# created by:
# /st0/software/busco_prod/Augustus/scripts/msa2prfl.pl ./align_prep/106926.fa
