[name]
unknown

[dist]
# distance from previous block
# <min> <max>
0	50

[block]
# block no. 0 follows, 57 sequences, length 6
# corresponding to MSA columns:
# 50-55
name=unknown_A
#
# <colnr> <probs for GDERKNQSTAVLIFYWHMCP>
#	G	D	E	R	K	N	Q	S	T	A	V	L	I	F	Y	W	H	M	C	P
0	0.00557	0.00439	0.00503	0.00531	0.00636	0.00385	0.00381	0.00676	0.01020	0.01296	0.15944	0.29234	0.44393	0.01199	0.00549	0.00161	0.00238	0.01039	0.00433	0.00385
1	0.00996	0.02171	0.63982	0.01368	0.01972	0.07780	0.12544	0.01468	0.01000	0.01410	0.00818	0.00982	0.00591	0.00427	0.00443	0.00143	0.00695	0.00359	0.00200	0.00650
2	0.00581	0.00453	0.00518	0.00516	0.00632	0.00400	0.00376	0.00719	0.01080	0.01401	0.30471	0.11596	0.42326	0.06123	0.00647	0.00170	0.00240	0.00923	0.00439	0.00390
3	0.00637	0.00576	0.05887	0.05177	0.00880	0.00488	0.00548	0.00789	0.00926	0.01268	0.13290	0.36209	0.09111	0.08186	0.08195	0.00240	0.00402	0.02981	0.03805	0.00404
4	0.03282	0.10486	0.01368	0.00988	0.01280	0.12278	0.03802	0.34622	0.11193	0.02010	0.06268	0.01302	0.01048	0.03174	0.02387	0.00157	0.02919	0.00424	0.00368	0.00644
5	0.04060	0.00782	0.00923	0.00773	0.01037	0.00788	0.00617	0.07848	0.21795	0.31535	0.14614	0.01962	0.05531	0.00655	0.00461	0.00143	0.00342	0.00541	0.04937	0.00656

[dist]
# distance from previous block
# <min> <max>
1	3

[block]
# block no. 1 follows, 57 sequences, length 7
# corresponding to MSA columns:
# 59-65
name=unknown_B
#
# <colnr> <probs for GDERKNQSTAVLIFYWHMCP>
#	G	D	E	R	K	N	Q	S	T	A	V	L	I	F	Y	W	H	M	C	P
0	0.13113	0.01205	0.01166	0.05094	0.01343	0.11377	0.00785	0.42989	0.05128	0.05083	0.01132	0.07523	0.00915	0.00585	0.00435	0.00140	0.00495	0.00446	0.00391	0.00655
1	0.01172	0.01177	0.01711	0.06321	0.64362	0.09967	0.01291	0.01482	0.05438	0.01447	0.00888	0.01124	0.00734	0.00425	0.00445	0.00134	0.00562	0.00397	0.00237	0.00686
2	0.01138	0.00956	0.03372	0.00978	0.06176	0.00961	0.00740	0.24936	0.08252	0.01845	0.05943	0.07870	0.01230	0.06997	0.00673	0.00155	0.07577	0.00496	0.00356	0.19347
3	0.00626	0.00454	0.00557	0.00572	0.00670	0.00422	0.00413	0.00748	0.00977	0.03714	0.16473	0.25288	0.28989	0.06738	0.11001	0.00250	0.00379	0.00929	0.00407	0.00394
4	0.45744	0.00774	0.00719	0.00633	0.00883	0.00848	0.00509	0.01519	0.10102	0.13817	0.04132	0.01239	0.00952	0.00502	0.00344	0.00136	0.00326	0.00361	0.15916	0.00544
5	0.01173	0.06181	0.07396	0.09131	0.31817	0.11424	0.01106	0.07662	0.10520	0.01557	0.06782	0.01284	0.01013	0.00491	0.00441	0.00135	0.00538	0.00418	0.00285	0.00645
6	0.00635	0.00445	0.00525	0.00537	0.00637	0.00409	0.00395	0.00791	0.01058	0.01473	0.28306	0.17975	0.23107	0.03900	0.00573	0.00160	0.00243	0.04139	0.14294	0.00399

[dist]
# distance from previous block
# <min> <max>
4	5

[block]
# block no. 2 follows, 57 sequences, length 12
# corresponding to MSA columns:
# 71-82
name=unknown_C
#
# <colnr> <probs for GDERKNQSTAVLIFYWHMCP>
#	G	D	E	R	K	N	Q	S	T	A	V	L	I	F	Y	W	H	M	C	P
0	0.04152	0.14694	0.08248	0.01058	0.04459	0.11279	0.00894	0.28733	0.14761	0.05753	0.01080	0.01099	0.00809	0.00503	0.00416	0.00131	0.00518	0.00375	0.00355	0.00682
1	0.01299	0.02877	0.02929	0.00912	0.01191	0.03446	0.00740	0.15118	0.44501	0.10866	0.05662	0.01662	0.01350	0.00640	0.00497	0.02588	0.00403	0.02189	0.00446	0.00686
2	0.01181	0.04748	0.01170	0.03931	0.05368	0.05150	0.00784	0.07147	0.58411	0.01820	0.01563	0.01495	0.01183	0.00567	0.00445	0.00144	0.00413	0.00465	0.00410	0.03607
3	0.00575	0.00457	0.00516	0.00510	0.00638	0.00398	0.00379	0.00723	0.01112	0.01433	0.31883	0.08933	0.48670	0.01085	0.00538	0.00151	0.00226	0.00928	0.00449	0.00398
4	0.21489	0.00958	0.02923	0.13478	0.21448	0.00985	0.07227	0.07973	0.01065	0.09571	0.01129	0.04923	0.03914	0.00516	0.00426	0.00144	0.00482	0.00442	0.00303	0.00604
5	0.01233	0.39788	0.22942	0.00982	0.01415	0.07682	0.02782	0.05626	0.01047	0.07599	0.00831	0.00936	0.00659	0.00561	0.04006	0.00146	0.00591	0.00313	0.00242	0.00618
6	0.00579	0.00436	0.00536	0.00563	0.00652	0.00393	0.00403	0.00716	0.01059	0.01409	0.30930	0.34040	0.24287	0.01172	0.00551	0.00161	0.00237	0.01033	0.00448	0.00393
7	0.01075	0.01029	0.01755	0.16776	0.67617	0.01064	0.01368	0.01350	0.01010	0.01424	0.00844	0.01137	0.00698	0.00412	0.00449	0.00137	0.00550	0.00404	0.00220	0.00680
8	0.01131	0.04942	0.15830	0.06157	0.18244	0.08348	0.12305	0.02771	0.04968	0.07301	0.04499	0.02564	0.00940	0.00653	0.04181	0.03238	0.00606	0.00438	0.00273	0.00612
9	0.05078	0.03983	0.20091	0.01536	0.20960	0.00949	0.14030	0.02865	0.01017	0.06738	0.01291	0.11960	0.04609	0.00645	0.02109	0.00158	0.00548	0.00541	0.00281	0.00612
10	0.00564	0.00447	0.00507	0.00519	0.00636	0.00390	0.00379	0.00694	0.01058	0.01349	0.21998	0.20012	0.47543	0.01150	0.00544	0.00157	0.00233	0.00991	0.00439	0.00390
11	0.01120	0.00991	0.03924	0.01069	0.01239	0.06670	0.09429	0.06682	0.00958	0.10480	0.01006	0.01384	0.00866	0.07406	0.17892	0.00303	0.27322	0.00448	0.00278	0.00531

[dist]
# distance from previous block
# <min> <max>
3	5

[block]
# block no. 3 follows, 57 sequences, length 12
# corresponding to MSA columns:
# 88-99
name=unknown_D
#
# <colnr> <probs for GDERKNQSTAVLIFYWHMCP>
#	G	D	E	R	K	N	Q	S	T	A	V	L	I	F	Y	W	H	M	C	P
0	0.04335	0.02499	0.01315	0.04892	0.16907	0.04953	0.00898	0.19641	0.07694	0.24883	0.02860	0.01291	0.00945	0.00532	0.00491	0.00140	0.04202	0.00423	0.00398	0.00701
1	0.00740	0.00565	0.00705	0.00653	0.00832	0.00483	0.00482	0.00874	0.00897	0.03019	0.01806	0.37716	0.04529	0.04064	0.06803	0.00192	0.00375	0.03557	0.00350	0.31358
2	0.04822	0.02499	0.01083	0.01067	0.09433	0.10055	0.02095	0.08897	0.03676	0.03217	0.04294	0.01532	0.01076	0.01730	0.34228	0.00382	0.05300	0.02201	0.00288	0.02125
3	0.00867	0.00652	0.00829	0.00662	0.00926	0.00537	0.03271	0.01066	0.01103	0.07392	0.29589	0.02297	0.12378	0.00667	0.00447	0.00113	0.00298	0.00574	0.00389	0.35944
4	0.06690	0.17288	0.29423	0.01160	0.01557	0.11995	0.07346	0.02957	0.00969	0.01332	0.00728	0.00910	0.00588	0.00487	0.00580	0.00141	0.14712	0.00334	0.00212	0.00590
5	0.00856	0.00805	0.01359	0.82986	0.03121	0.01007	0.01258	0.01158	0.00906	0.01158	0.00805	0.01208	0.00604	0.00453	0.00453	0.00151	0.00604	0.00403	0.00201	0.00503
6	0.01015	0.01138	0.02446	0.01769	0.02187	0.01065	0.71312	0.01366	0.01055	0.01423	0.01168	0.06592	0.04145	0.00479	0.00538	0.00155	0.00710	0.00600	0.00249	0.00586
7	0.01631	0.01134	0.06286	0.00936	0.01285	0.01113	0.00808	0.49370	0.01743	0.18901	0.01262	0.01245	0.00877	0.00538	0.00436	0.00134	0.00452	0.00415	0.10713	0.00723
8	0.00553	0.00419	0.00510	0.00573	0.00644	0.00376	0.00397	0.00651	0.00946	0.01220	0.08142	0.53531	0.27797	0.01302	0.00562	0.00172	0.00249	0.01153	0.00426	0.00376
9	0.00913	0.00864	0.01463	0.65616	0.20041	0.01022	0.01287	0.01208	0.00933	0.01228	0.00816	0.01189	0.00629	0.00442	0.00452	0.00147	0.00590	0.00403	0.00206	0.00550
10	0.00922	0.03451	0.00825	0.00754	0.00892	0.04202	0.01906	0.09839	0.03023	0.08422	0.03890	0.52152	0.02292	0.01096	0.00528	0.00165	0.00347	0.02720	0.00417	0.02158
11	0.04849	0.16257	0.55574	0.01130	0.01693	0.02984	0.01362	0.01500	0.03428	0.05997	0.00859	0.00961	0.00628	0.00437	0.00402	0.00135	0.00601	0.00326	0.00226	0.00651

[dist]
# distance from previous block
# <min> <max>
0	1

[block]
# block no. 4 follows, 57 sequences, length 13
# corresponding to MSA columns:
# 101-113
name=unknown_E
#
# <colnr> <probs for GDERKNQSTAVLIFYWHMCP>
#	G	D	E	R	K	N	Q	S	T	A	V	L	I	F	Y	W	H	M	C	P
0	0.01117	0.01121	0.01673	0.21203	0.55213	0.09127	0.01309	0.01378	0.01028	0.01369	0.00826	0.01111	0.00678	0.00421	0.00446	0.00137	0.00581	0.00392	0.00220	0.00649
1	0.87276	0.00876	0.00666	0.00596	0.00876	0.01017	0.00491	0.01332	0.00771	0.02033	0.00631	0.00736	0.00491	0.00421	0.00280	0.00140	0.00351	0.00245	0.00280	0.00491
2	0.01059	0.01018	0.01731	0.06771	0.68246	0.01020	0.03780	0.01322	0.01026	0.01442	0.01149	0.01387	0.07096	0.00465	0.00458	0.00137	0.00524	0.00452	0.00239	0.00677
3	0.03582	0.23005	0.01442	0.00852	0.01196	0.02603	0.00731	0.21233	0.09818	0.22543	0.01336	0.01282	0.03964	0.00525	0.00405	0.00126	0.00436	0.00397	0.00397	0.04126
4	0.00590	0.00541	0.05586	0.00653	0.00750	0.00423	0.00495	0.00709	0.00904	0.01210	0.04378	0.64581	0.11511	0.01273	0.00554	0.00172	0.00286	0.01140	0.00402	0.03843
5	0.02998	0.01097	0.01633	0.05855	0.55014	0.03696	0.01205	0.12642	0.01196	0.05717	0.00920	0.01117	0.00730	0.00434	0.00441	0.00133	0.00525	0.00395	0.00276	0.03975
6	0.01207	0.74084	0.08896	0.00835	0.01239	0.05136	0.00854	0.01382	0.00939	0.01098	0.00648	0.00750	0.00581	0.00395	0.00307	0.00102	0.00514	0.00252	0.00195	0.00586
7	0.01461	0.15633	0.14570	0.01024	0.01425	0.05422	0.00960	0.39928	0.08566	0.05132	0.01039	0.01062	0.00764	0.00502	0.00420	0.00131	0.00523	0.00373	0.00360	0.00705
8	0.01085	0.29152	0.30483	0.01094	0.03152	0.01288	0.05988	0.08953	0.05122	0.01453	0.00973	0.07533	0.00839	0.00512	0.00406	0.00131	0.00547	0.00410	0.00252	0.00626
9	0.01200	0.01074	0.06086	0.00983	0.02816	0.01119	0.00797	0.10533	0.60960	0.04904	0.03369	0.01600	0.01307	0.00596	0.00459	0.00150	0.00394	0.00492	0.00443	0.00716
10	0.00622	0.00471	0.00582	0.00627	0.00712	0.00451	0.00451	0.00836	0.07306	0.01363	0.17634	0.44519	0.15770	0.01208	0.00557	0.00170	0.00265	0.05605	0.00438	0.00412
11	0.06454	0.01154	0.10232	0.04279	0.31291	0.02175	0.15225	0.03460	0.01069	0.05387	0.07260	0.01281	0.00977	0.00454	0.00450	0.00135	0.00537	0.00433	0.00272	0.07477
12	0.06381	0.05472	0.01422	0.01154	0.06340	0.08700	0.07088	0.42482	0.07478	0.02187	0.01166	0.04216	0.02765	0.00552	0.00444	0.00137	0.00517	0.00443	0.00377	0.00678

[dist]
# distance from previous block
# <min> <max>
0	5

[block]
# block no. 5 follows, 57 sequences, length 45
# corresponding to MSA columns:
# 119-163
name=unknown_F
#
# <colnr> <probs for GDERKNQSTAVLIFYWHMCP>
#	G	D	E	R	K	N	Q	S	T	A	V	L	I	F	Y	W	H	M	C	P
0	0.55887	0.01074	0.00855	0.00749	0.01022	0.13386	0.01916	0.04631	0.05722	0.06148	0.00849	0.01944	0.00659	0.00467	0.00336	0.00137	0.00432	0.00310	0.02943	0.00534
1	0.23612	0.05516	0.02461	0.06044	0.11801	0.03976	0.00850	0.29460	0.02331	0.08440	0.00946	0.01022	0.00698	0.00478	0.00398	0.00136	0.00474	0.00356	0.00347	0.00655
2	0.01120	0.01061	0.01746	0.06080	0.66964	0.01086	0.02852	0.02925	0.08800	0.01532	0.00953	0.01182	0.00778	0.00429	0.00452	0.00138	0.00527	0.00417	0.00251	0.00707
3	0.00557	0.00422	0.00514	0.00572	0.00646	0.00379	0.00398	0.00662	0.00965	0.01252	0.11996	0.50487	0.26949	0.01281	0.00560	0.00170	0.00247	0.01134	0.00430	0.00379
4	0.00650	0.00474	0.00672	0.00672	0.00733	0.00536	0.00496	0.00773	0.00711	0.01010	0.01266	0.02067	0.01258	0.22950	0.62899	0.00658	0.01026	0.00528	0.00250	0.00373
5	0.00617	0.00449	0.00588	0.00592	0.00674	0.00431	0.00429	0.00774	0.01062	0.01473	0.43297	0.20716	0.08236	0.06807	0.11528	0.00249	0.00373	0.00875	0.00428	0.00399
6	0.01130	0.01063	0.01826	0.05984	0.74037	0.01067	0.03580	0.01401	0.01034	0.03262	0.00873	0.01137	0.00721	0.00409	0.00451	0.00136	0.00544	0.00409	0.00231	0.00707
7	0.01211	0.84348	0.02374	0.00775	0.01163	0.01793	0.00775	0.01357	0.00921	0.01066	0.00630	0.00727	0.00582	0.00388	0.00291	0.00097	0.00485	0.00242	0.00194	0.00582
8	0.00552	0.00394	0.00526	0.00631	0.00657	0.00368	0.00421	0.00631	0.00868	0.01157	0.02498	0.83779	0.02997	0.01420	0.00578	0.00184	0.00263	0.01288	0.00421	0.00368
9	0.87276	0.00876	0.00666	0.00596	0.00876	0.01017	0.00491	0.01332	0.00771	0.02033	0.00631	0.00736	0.00491	0.00421	0.00280	0.00140	0.00351	0.00245	0.00280	0.00491
10	0.00923	0.00787	0.00921	0.00669	0.01056	0.00594	0.00532	0.01119	0.00936	0.01462	0.00880	0.04588	0.00774	0.00383	0.00346	0.00072	0.00332	0.00313	0.00275	0.83037
11	0.01070	0.01222	0.02674	0.01910	0.02368	0.01146	0.79603	0.01451	0.01070	0.01451	0.00917	0.01222	0.00688	0.00382	0.00535	0.00153	0.00764	0.00535	0.00229	0.00611
12	0.00551	0.00460	0.00481	0.00476	0.00622	0.00389	0.00357	0.00681	0.01070	0.01312	0.15944	0.04216	0.69656	0.01115	0.00535	0.00151	0.00227	0.00936	0.00432	0.00389
13	0.54532	0.01001	0.00994	0.00994	0.11535	0.01122	0.00702	0.21008	0.01146	0.02167	0.00775	0.00875	0.00591	0.00449	0.00346	0.00138	0.00412	0.00307	0.00316	0.00591
14	0.00777	0.00412	0.00612	0.00625	0.00641	0.00414	0.00442	0.00641	0.00653	0.00868	0.01008	0.01875	0.01033	0.01573	0.03426	0.73544	0.00415	0.10585	0.00227	0.00230
15	0.01271	0.05582	0.01599	0.10992	0.37987	0.03820	0.01128	0.22397	0.06596	0.01810	0.01901	0.01156	0.00794	0.00468	0.00442	0.00136	0.00525	0.00405	0.00301	0.00691
16	0.06832	0.01087	0.01029	0.00925	0.01181	0.09563	0.00718	0.02272	0.65754	0.03055	0.01645	0.01535	0.01238	0.00586	0.00444	0.00149	0.00406	0.00471	0.00427	0.00683
17	0.00630	0.00454	0.00595	0.00578	0.00674	0.00420	0.00427	0.00826	0.01228	0.01731	0.70727	0.13914	0.04108	0.00991	0.00540	0.00148	0.00220	0.00881	0.00489	0.00420
18	0.00659	0.00439	0.00494	0.00494	0.00494	0.00439	0.00275	0.00659	0.00659	0.00879	0.01428	0.02965	0.01647	0.84075	0.02306	0.00439	0.00439	0.00659	0.00275	0.00275
19	0.00710	0.00636	0.00622	0.00678	0.00743	0.11100	0.00467	0.00798	0.00942	0.01170	0.05825	0.58858	0.08744	0.05682	0.00643	0.00185	0.00340	0.01077	0.00392	0.00387
20	0.01357	0.00615	0.00829	0.00713	0.00933	0.00562	0.00566	0.01528	0.01141	0.42276	0.13266	0.10715	0.02963	0.01101	0.11192	0.00222	0.00443	0.02645	0.06343	0.00592
21	0.00930	0.02197	0.71374	0.01373	0.02015	0.01065	0.11880	0.01437	0.00971	0.01437	0.00827	0.00991	0.00589	0.00424	0.00444	0.00145	0.00682	0.00361	0.00196	0.00662
22	0.00692	0.00552	0.00815	0.00789	0.00859	0.00674	0.00622	0.00846	0.00724	0.01057	0.01133	0.01677	0.01062	0.03057	0.71698	0.00659	0.11957	0.00474	0.00237	0.00417
23	0.03597	0.00748	0.01002	0.00779	0.01102	0.00656	0.00633	0.02076	0.01239	0.73990	0.01738	0.01633	0.01149	0.06787	0.00590	0.00163	0.00389	0.00467	0.00534	0.00729
24	0.87276	0.00876	0.00666	0.00596	0.00876	0.01017	0.00491	0.01332	0.00771	0.02033	0.00631	0.00736	0.00491	0.00421	0.00280	0.00140	0.00351	0.00245	0.00280	0.00491
25	0.01042	0.00866	0.00995	0.00720	0.01117	0.00709	0.00579	0.11434	0.01096	0.01657	0.00842	0.00959	0.00684	0.00363	0.00351	0.00076	0.00357	0.00287	0.00293	0.75572
26	0.00554	0.00402	0.00518	0.00609	0.00647	0.00372	0.00408	0.00634	0.00877	0.01154	0.02670	0.73292	0.10690	0.04070	0.00630	0.00189	0.00265	0.01235	0.00416	0.00366
27	0.03018	0.00486	0.00584	0.00561	0.00653	0.00471	0.00393	0.00836	0.00924	0.06222	0.20303	0.04762	0.15982	0.30710	0.11857	0.00327	0.00443	0.00715	0.00369	0.00384
28	0.00609	0.00461	0.00563	0.00560	0.00669	0.00420	0.00414	0.00794	0.02539	0.01552	0.46000	0.16003	0.24534	0.01061	0.00542	0.00153	0.00231	0.02020	0.00464	0.00411
29	0.00649	0.00479	0.00698	0.00698	0.00768	0.00550	0.00528	0.00789	0.00719	0.01029	0.01242	0.01935	0.01200	0.13964	0.71806	0.00690	0.01112	0.00508	0.00247	0.00388
30	0.05479	0.00517	0.00648	0.00665	0.00779	0.00490	0.00484	0.03354	0.00998	0.14037	0.04897	0.54036	0.06834	0.01166	0.00537	0.00171	0.00296	0.03719	0.00439	0.00455
31	0.00779	0.00427	0.00572	0.00583	0.00638	0.00412	0.00406	0.00761	0.00785	0.05370	0.01688	0.20629	0.08720	0.01379	0.04221	0.39689	0.00356	0.00661	0.11604	0.00321
32	0.00625	0.00448	0.00554	0.00563	0.00632	0.00421	0.00393	0.00749	0.01011	0.01376	0.35159	0.17154	0.10985	0.22865	0.01012	0.00232	0.00293	0.04741	0.00415	0.00372
33	0.00820	0.00518	0.00724	0.00691	0.00813	0.00549	0.00535	0.00969	0.00841	0.11899	0.01745	0.02150	0.11627	0.07046	0.56277	0.00558	0.00932	0.00552	0.00311	0.00444
34	0.02213	0.00892	0.01668	0.03221	0.04947	0.00859	0.37528	0.02748	0.04467	0.03373	0.01512	0.22546	0.03814	0.03156	0.03224	0.00184	0.00566	0.00720	0.00309	0.02052
35	0.00880	0.00821	0.01376	0.68060	0.13212	0.00985	0.01223	0.01162	0.00909	0.01185	0.00845	0.01291	0.00675	0.04929	0.00552	0.00164	0.00587	0.00417	0.00208	0.00519
36	0.00962	0.00805	0.00942	0.00674	0.01076	0.00605	0.00540	0.01163	0.00947	0.03149	0.00826	0.00952	0.00681	0.00340	0.00338	0.00069	0.00337	0.00272	0.00275	0.85047
37	0.01003	0.11666	0.06044	0.03051	0.00998	0.00806	0.03048	0.07387	0.00843	0.04638	0.00831	0.01220	0.00742	0.01110	0.01239	0.49487	0.04889	0.00379	0.00234	0.00386
38	0.00575	0.00429	0.00497	0.00543	0.00625	0.00386	0.00379	0.00675	0.00938	0.01217	0.05943	0.38467	0.33345	0.07347	0.00674	0.00185	0.00261	0.02109	0.05031	0.00372
39	0.00600	0.00439	0.00494	0.00511	0.00569	0.00408	0.00330	0.00660	0.00844	0.01082	0.06362	0.18031	0.27015	0.39116	0.01353	0.00289	0.00331	0.00874	0.00358	0.00333
40	0.00649	0.00478	0.00691	0.00691	0.00759	0.00546	0.00519	0.00785	0.00717	0.01024	0.01248	0.01971	0.01216	0.16376	0.69415	0.00682	0.01089	0.00513	0.00248	0.00384
41	0.68184	0.00905	0.00810	0.00704	0.00955	0.01068	0.00582	0.05040	0.00848	0.05451	0.00699	0.00822	0.00545	0.00481	0.00454	0.00148	0.11215	0.00282	0.00290	0.00517
42	0.05990	0.23625	0.09557	0.01070	0.05082	0.22971	0.02056	0.06122	0.04561	0.08184	0.02714	0.01005	0.00762	0.00479	0.00433	0.00125	0.04048	0.00336	0.00276	0.00603
43	0.06979	0.03223	0.06195	0.00973	0.05443	0.02028	0.06827	0.07442	0.04604	0.23689	0.12709	0.02841	0.02315	0.00721	0.00629	0.11492	0.00428	0.00490	0.00387	0.00585
44	0.07369	0.17352	0.01361	0.00902	0.02334	0.05492	0.03805	0.12147	0.14370	0.18107	0.05477	0.03612	0.02013	0.00552	0.00417	0.00132	0.00438	0.00438	0.00385	0.03298

[dist]
# distance from previous block
# <min> <max>
1	32

[block]
# block no. 6 follows, 57 sequences, length 109
# corresponding to MSA columns:
# 196-257,260-288,298-315
name=unknown_G
#
# <colnr> <probs for GDERKNQSTAVLIFYWHMCP>
#	G	D	E	R	K	N	Q	S	T	A	V	L	I	F	Y	W	H	M	C	P
0	0.01286	0.01232	0.09847	0.01307	0.17025	0.06416	0.02275	0.20422	0.02361	0.06866	0.00955	0.01058	0.00727	0.00437	0.00414	0.00116	0.00493	0.00357	0.00315	0.26091
1	0.00684	0.00510	0.00643	0.00634	0.00770	0.00469	0.00487	0.00834	0.00977	0.02871	0.13704	0.16756	0.18676	0.04984	0.12110	0.00248	0.00426	0.12812	0.00384	0.11021
2	0.12318	0.05827	0.04807	0.01044	0.01312	0.02285	0.05411	0.24237	0.12016	0.04641	0.00985	0.01095	0.00761	0.00575	0.00676	0.00153	0.20496	0.00394	0.00333	0.00634
3	0.00905	0.06162	0.01027	0.02398	0.01053	0.03938	0.05193	0.04389	0.16133	0.01411	0.02786	0.25419	0.01622	0.03698	0.07916	0.00210	0.03898	0.00686	0.03783	0.07373
4	0.05776	0.00814	0.00868	0.00766	0.00974	0.03327	0.00597	0.12157	0.26318	0.03305	0.34572	0.02312	0.04875	0.00735	0.00481	0.00145	0.00328	0.00617	0.00459	0.00577
5	0.01468	0.00718	0.00917	0.00758	0.01021	0.00679	0.00606	0.01850	0.15343	0.44235	0.24828	0.02104	0.02085	0.00677	0.00480	0.00143	0.00331	0.00571	0.00525	0.00662
6	0.01091	0.02511	0.01272	0.01191	0.07498	0.13102	0.02006	0.06181	0.05564	0.01288	0.01012	0.11185	0.00997	0.02979	0.03477	0.00193	0.37151	0.00507	0.00268	0.00527
7	0.00652	0.00459	0.00555	0.00545	0.00652	0.00423	0.00401	0.00767	0.02014	0.02401	0.25646	0.06386	0.32582	0.03224	0.04850	0.12916	0.00310	0.01734	0.03106	0.00377
8	0.02033	0.00771	0.01052	0.00806	0.01157	0.00666	0.00666	0.02208	0.01297	0.81562	0.01788	0.01542	0.01122	0.00561	0.00456	0.00140	0.00386	0.00456	0.00561	0.00771
9	0.04325	0.00700	0.00931	0.00763	0.01043	0.00622	0.00610	0.01858	0.02368	0.60975	0.04212	0.16535	0.01540	0.00724	0.00475	0.00148	0.00357	0.00612	0.00523	0.00678
10	0.12429	0.00609	0.00699	0.00612	0.00828	0.00565	0.00483	0.01278	0.01116	0.26308	0.16251	0.04785	0.25868	0.00813	0.00470	0.00145	0.00294	0.01696	0.04225	0.00527
11	0.02041	0.00445	0.00460	0.00451	0.00567	0.00441	0.00339	0.01097	0.00958	0.05549	0.01513	0.04207	0.01214	0.01755	0.00360	0.00115	0.00226	0.00452	0.77375	0.00436
12	0.00757	0.00413	0.00617	0.00617	0.00633	0.00429	0.00427	0.00636	0.00619	0.00842	0.00883	0.01484	0.00870	0.03246	0.18028	0.68077	0.00560	0.00416	0.00207	0.00240
13	0.02484	0.01062	0.01138	0.00936	0.01232	0.01180	0.00751	0.39817	0.31563	0.04723	0.05260	0.01561	0.03523	0.02058	0.00493	0.00149	0.00418	0.00486	0.00455	0.00711
14	0.03218	0.00471	0.00559	0.00562	0.00663	0.00436	0.00402	0.00801	0.01011	0.04992	0.24179	0.21299	0.22486	0.13916	0.00810	0.00202	0.00281	0.02895	0.00422	0.00397
15	0.00991	0.00991	0.01388	0.01190	0.01190	0.01388	0.00991	0.01091	0.00694	0.01091	0.00595	0.00991	0.00595	0.00793	0.01487	0.00198	0.83246	0.00397	0.00198	0.00496
16	0.00649	0.00480	0.00700	0.00700	0.00771	0.00551	0.00531	0.00791	0.00720	0.01031	0.01240	0.01925	0.01196	0.13230	0.72534	0.00693	0.01119	0.00507	0.00247	0.00389
17	0.05245	0.00636	0.00798	0.00674	0.00913	0.00569	0.00533	0.01508	0.02368	0.41165	0.13769	0.08837	0.17997	0.02248	0.00517	0.00152	0.00318	0.00670	0.00493	0.00589
18	0.01122	0.01077	0.01839	0.02781	0.81248	0.01077	0.01391	0.01391	0.01032	0.01480	0.00852	0.01122	0.00718	0.00404	0.00449	0.00135	0.00538	0.00404	0.00224	0.00718
19	0.00888	0.00838	0.01418	0.73212	0.12641	0.01015	0.01275	0.01186	0.00921	0.01197	0.00811	0.01198	0.00618	0.00447	0.00452	0.00149	0.00596	0.00403	0.00204	0.00529
20	0.00569	0.00428	0.00532	0.00607	0.00679	0.00391	0.00437	0.00674	0.00936	0.01200	0.03076	0.51796	0.24966	0.01322	0.00572	0.00178	0.00272	0.10567	0.00420	0.00378
21	0.00598	0.00406	0.00548	0.00622	0.00648	0.00394	0.00417	0.00644	0.00804	0.01078	0.02085	0.59632	0.02450	0.08857	0.07868	0.10810	0.00376	0.01055	0.00365	0.00342
22	0.00909	0.02344	0.81727	0.01292	0.01961	0.01052	0.01674	0.01435	0.00957	0.01435	0.00813	0.00957	0.00574	0.00431	0.00431	0.00144	0.00670	0.00335	0.00191	0.00670
23	0.01145	0.00982	0.01034	0.00926	0.01185	0.01135	0.00721	0.04682	0.78127	0.01924	0.01822	0.01673	0.01365	0.00613	0.00461	0.00153	0.00363	0.00509	0.00461	0.00719
24	0.00784	0.00478	0.00596	0.00602	0.00723	0.00424	0.00437	0.00903	0.01027	0.13517	0.11990	0.39526	0.24959	0.01155	0.00542	0.00164	0.00267	0.01013	0.00451	0.00440
25	0.00659	0.00439	0.00494	0.00494	0.00494	0.00439	0.00275	0.00659	0.00659	0.00879	0.01428	0.02965	0.01647	0.84075	0.02306	0.00439	0.00439	0.00659	0.00275	0.00275
26	0.00618	0.00454	0.00578	0.00564	0.00667	0.00415	0.00417	0.00803	0.01202	0.01666	0.62282	0.13299	0.13324	0.01013	0.00540	0.00149	0.00222	0.00893	0.00480	0.00415
27	0.00949	0.00930	0.01308	0.01133	0.01143	0.01288	0.00940	0.01056	0.00698	0.01086	0.00670	0.01087	0.00660	0.01111	0.11332	0.00263	0.73249	0.00407	0.00204	0.00485
28	0.00888	0.00838	0.01418	0.73212	0.12641	0.01015	0.01275	0.01186	0.00921	0.01197	0.00811	0.01198	0.00618	0.00447	0.00452	0.00149	0.00596	0.00403	0.00204	0.00529
29	0.00659	0.00439	0.00494	0.00494	0.00494	0.00439	0.00275	0.00659	0.00659	0.00879	0.01428	0.02965	0.01647	0.84075	0.02306	0.00439	0.00439	0.00659	0.00275	0.00275
30	0.01593	0.01168	0.01254	0.00976	0.01294	0.01288	0.00790	0.70101	0.01951	0.02615	0.01129	0.01317	0.00877	0.10723	0.00679	0.00173	0.00491	0.00439	0.00432	0.00710
31	0.01085	0.01028	0.01399	0.01221	0.03702	0.01380	0.00988	0.10684	0.00880	0.01318	0.00663	0.01007	0.00620	0.00751	0.01329	0.00189	0.70594	0.00398	0.00230	0.00536
32	0.19824	0.00880	0.01097	0.01026	0.10882	0.00863	0.00737	0.09612	0.01237	0.47269	0.01361	0.01276	0.00905	0.00511	0.00418	0.00139	0.00408	0.00400	0.00450	0.00706
33	0.01127	0.00973	0.01025	0.00922	0.01178	0.01127	0.00717	0.02408	0.80430	0.01896	0.01844	0.01691	0.01383	0.00615	0.00461	0.00154	0.00359	0.00512	0.00461	0.00717
34	0.00706	0.00514	0.00697	0.00789	0.00899	0.00505	0.00683	0.00904	0.01042	0.01340	0.02666	0.05020	0.12168	0.01239	0.00615	0.00202	0.00394	0.68786	0.00418	0.00413
35	0.00946	0.00828	0.00994	0.00734	0.01088	0.00700	0.00592	0.01135	0.00910	0.01430	0.00780	0.00946	0.00662	0.00391	0.00476	0.00083	0.10439	0.00284	0.00260	0.76323
36	0.00552	0.00419	0.00506	0.00573	0.00641	0.00377	0.00395	0.00643	0.00919	0.01174	0.03159	0.53823	0.28875	0.03809	0.00617	0.00182	0.00259	0.02290	0.00416	0.00371
37	0.02111	0.00801	0.01265	0.43619	0.13013	0.00917	0.02928	0.04162	0.02341	0.02523	0.01100	0.04111	0.00996	0.09917	0.00693	0.00187	0.01825	0.06719	0.00258	0.00516
38	0.01566	0.01929	0.01219	0.01110	0.01329	0.69924	0.00837	0.03979	0.01241	0.01153	0.00774	0.00942	0.00656	0.00826	0.10387	0.00192	0.00856	0.00319	0.00241	0.00518
39	0.00552	0.00394	0.00526	0.00631	0.00657	0.00368	0.00421	0.00631	0.00868	0.01157	0.02498	0.83779	0.02997	0.01420	0.00578	0.00184	0.00263	0.01288	0.00421	0.00368
40	0.00687	0.00446	0.00506	0.00501	0.00508	0.00444	0.00283	0.00690	0.00672	0.02518	0.01435	0.02936	0.01637	0.82378	0.02269	0.00433	0.00438	0.00655	0.00280	0.00285
41	0.01221	0.01027	0.01722	0.06111	0.68010	0.01023	0.01296	0.01480	0.01058	0.11225	0.00964	0.01177	0.00762	0.00425	0.00450	0.00136	0.00523	0.00410	0.00264	0.00715
42	0.01565	0.01956	0.01216	0.01114	0.01329	0.72301	0.00838	0.01688	0.01216	0.01102	0.00763	0.00935	0.00651	0.00824	0.10385	0.00191	0.00865	0.00315	0.00235	0.00511
43	0.00871	0.00448	0.00450	0.00441	0.00554	0.00452	0.00333	0.03416	0.00986	0.01724	0.01466	0.01671	0.01150	0.00528	0.00321	0.00106	0.00220	0.00422	0.84007	0.00433
44	0.03191	0.01113	0.01213	0.00947	0.01293	0.01188	0.00775	0.52090	0.10629	0.08266	0.01250	0.01268	0.02053	0.00544	0.00440	0.00131	0.00447	0.01489	0.00435	0.11238
45	0.00647	0.00485	0.00728	0.00728	0.00809	0.00566	0.00566	0.00809	0.00728	0.01052	0.01214	0.01780	0.01133	0.03398	0.82279	0.00728	0.01214	0.00485	0.00243	0.00405
46	0.00636	0.00474	0.00704	0.00716	0.00791	0.00542	0.00549	0.00787	0.00745	0.01065	0.01370	0.11772	0.01360	0.03157	0.72323	0.00662	0.01098	0.00583	0.00264	0.00400
47	0.00787	0.00394	0.00590	0.00590	0.00590	0.00394	0.00394	0.00590	0.00590	0.00787	0.00787	0.01377	0.00787	0.01574	0.01771	0.86816	0.00394	0.00394	0.00197	0.00197
48	0.23954	0.00550	0.00579	0.00612	0.00737	0.00560	0.00450	0.00882	0.00884	0.03782	0.02253	0.44824	0.12827	0.01081	0.00491	0.00168	0.00292	0.04270	0.00387	0.00417
49	0.00646	0.00434	0.00498	0.00511	0.00514	0.00431	0.00292	0.00656	0.00684	0.00913	0.01558	0.12813	0.01812	0.74003	0.02096	0.00408	0.00418	0.00736	0.00292	0.00286
50	0.01485	0.00882	0.01024	0.00866	0.01157	0.00929	0.00689	0.02302	0.47192	0.33821	0.01815	0.01631	0.01274	0.00591	0.00456	0.00147	0.00367	0.00488	0.02151	0.00733
51	0.03937	0.00590	0.00767	0.00717	0.00895	0.00546	0.00566	0.01319	0.01050	0.31187	0.02134	0.17588	0.06227	0.11085	0.00743	0.00202	0.00368	0.19108	0.00450	0.00523
52	0.00648	0.00483	0.00718	0.00718	0.00795	0.00561	0.00553	0.00802	0.00725	0.01044	0.01223	0.01833	0.01156	0.06990	0.78719	0.00715	0.01179	0.00493	0.00244	0.00399
53	0.00631	0.00461	0.00593	0.00564	0.00672	0.00422	0.00421	0.00834	0.01252	0.01754	0.73112	0.05922	0.09751	0.00957	0.00536	0.00145	0.00216	0.00844	0.00491	0.00422
54	0.03613	0.00843	0.01087	0.00835	0.01186	0.00776	0.00690	0.13047	0.01404	0.69027	0.01668	0.01463	0.01061	0.00556	0.00452	0.00140	0.00401	0.00445	0.00540	0.00766
55	0.00647	0.00484	0.00720	0.00719	0.00799	0.00560	0.00556	0.00807	0.00743	0.01071	0.03565	0.01851	0.01236	0.04965	0.78250	0.00705	0.01169	0.00499	0.00251	0.00403
56	0.00985	0.00981	0.01371	0.01177	0.01177	0.01370	0.00978	0.01082	0.00693	0.01087	0.00610	0.01028	0.00615	0.02353	0.01502	0.00203	0.81695	0.00401	0.00200	0.00492
57	0.00658	0.00509	0.00605	0.00573	0.00706	0.00480	0.00432	0.00944	0.08535	0.01665	0.53087	0.03491	0.24709	0.00957	0.00528	0.00146	0.00231	0.00828	0.00474	0.00442
58	0.01680	0.02018	0.01277	0.01138	0.01385	0.70859	0.00863	0.11291	0.01381	0.01333	0.00762	0.00867	0.00617	0.00477	0.00412	0.00119	0.00767	0.00308	0.01890	0.00553
59	0.00991	0.00991	0.01388	0.01190	0.01190	0.01388	0.00991	0.01091	0.00694	0.01091	0.00595	0.00991	0.00595	0.00793	0.01487	0.00198	0.83246	0.00397	0.00198	0.00496
60	0.00940	0.00805	0.00940	0.00671	0.01074	0.00604	0.00537	0.01141	0.00940	0.01477	0.00805	0.00940	0.00671	0.00336	0.00336	0.00067	0.00336	0.00268	0.00268	0.86845
61	0.00622	0.00479	0.00715	0.00811	0.05089	0.00465	0.03912	0.00729	0.00861	0.01165	0.02144	0.63431	0.02496	0.02721	0.10567	0.01512	0.00420	0.01088	0.00375	0.00398
62	0.00662	0.00485	0.00666	0.00660	0.00709	0.00547	0.00476	0.00765	0.00703	0.00992	0.01270	0.02175	0.01298	0.31862	0.51505	0.00610	0.03457	0.00544	0.00253	0.00361
63	0.01139	0.00979	0.01031	0.00924	0.01183	0.01132	0.00720	0.03910	0.78909	0.01914	0.01830	0.01679	0.01371	0.00613	0.00461	0.00153	0.00361	0.00510	0.00461	0.00718
64	0.01491	0.01042	0.08462	0.00887	0.01287	0.00853	0.02794	0.17730	0.02452	0.30133	0.01230	0.01203	0.00853	0.00472	0.00418	0.00118	0.00429	0.00380	0.00405	0.27360
65	0.00991	0.00813	0.00951	0.00683	0.01083	0.00621	0.00547	0.02674	0.00974	0.04196	0.00844	0.00963	0.00688	0.00347	0.00342	0.00071	0.00340	0.00277	0.00282	0.82311
66	0.07144	0.02405	0.00978	0.00777	0.01052	0.07455	0.00623	0.30883	0.01410	0.02042	0.01193	0.02838	0.02933	0.00523	0.00386	0.00117	0.00403	0.00398	0.22688	0.13751
67	0.04214	0.00890	0.01105	0.04514	0.07232	0.06905	0.07031	0.07905	0.07847	0.07148	0.11060	0.05943	0.02540	0.04623	0.02661	0.00169	0.00462	0.05858	0.03260	0.08633
68	0.03144	0.00553	0.00674	0.00681	0.02015	0.00538	0.00489	0.02402	0.07915	0.08817	0.07640	0.33551	0.05596	0.06041	0.00649	0.02833	0.00307	0.03915	0.08314	0.03926
69	0.00952	0.00897	0.01704	0.02378	0.04085	0.00866	0.39744	0.02596	0.04628	0.03072	0.13432	0.07752	0.01514	0.00747	0.04733	0.01542	0.00574	0.00609	0.07632	0.00544
70	0.00858	0.00653	0.00980	0.00823	0.00984	0.00637	0.12810	0.06937	0.01086	0.05087	0.24859	0.03962	0.04862	0.24539	0.04444	0.00257	0.00447	0.04951	0.00373	0.00450
71	0.00762	0.00522	0.00700	0.00691	0.00772	0.01624	0.00518	0.00862	0.00814	0.06220	0.02678	0.14122	0.07324	0.08893	0.35939	0.08345	0.04549	0.02746	0.01518	0.00398
72	0.11682	0.00599	0.00661	0.00609	0.00784	0.01643	0.00464	0.01111	0.04477	0.12891	0.24850	0.11522	0.21382	0.03334	0.00541	0.00157	0.00287	0.00746	0.00438	0.01823
73	0.77658	0.00893	0.00727	0.00633	0.00922	0.01019	0.00522	0.05844	0.00878	0.06509	0.00721	0.00801	0.00542	0.00435	0.00300	0.00140	0.00361	0.00266	0.00306	0.00522
74	0.00758	0.00487	0.00618	0.00650	0.00726	0.00468	0.00450	0.03224	0.04178	0.08282	0.06931	0.56113	0.02613	0.11328	0.00767	0.00206	0.00303	0.01053	0.00422	0.00422
75	0.08619	0.00684	0.00852	0.00725	0.00969	0.00641	0.00572	0.03210	0.04788	0.42388	0.08921	0.15099	0.05235	0.03321	0.00531	0.00159	0.00344	0.01846	0.00485	0.00612
76	0.24622	0.00669	0.00700	0.00654	0.00855	0.00690	0.00519	0.02458	0.08119	0.10811	0.11785	0.09775	0.17103	0.00832	0.00461	0.00155	0.00317	0.08562	0.00412	0.00500
77	0.00659	0.00439	0.00494	0.00494	0.00494	0.00439	0.00275	0.00659	0.00659	0.00879	0.01428	0.02965	0.01647	0.84075	0.02306	0.00439	0.00439	0.00659	0.00275	0.00275
78	0.03188	0.00558	0.00680	0.00636	0.00801	0.00516	0.00478	0.01171	0.05931	0.20381	0.14754	0.23931	0.20693	0.03450	0.00569	0.00165	0.00290	0.00849	0.00460	0.00498
79	0.00649	0.00490	0.00576	0.00605	0.00682	0.00483	0.00415	0.00875	0.10582	0.01256	0.09138	0.37521	0.15257	0.18263	0.00909	0.00224	0.00301	0.00971	0.00402	0.00399
80	0.13630	0.00664	0.00652	0.00576	0.00760	0.00712	0.00455	0.17372	0.01168	0.01981	0.01274	0.01426	0.00983	0.00516	0.00340	0.00117	0.00291	0.00394	0.56187	0.00504
81	0.00909	0.02344	0.81727	0.01292	0.01961	0.01052	0.01674	0.01435	0.00957	0.01435	0.00813	0.00957	0.00574	0.00431	0.00431	0.00144	0.00670	0.00335	0.00191	0.00670
82	0.00594	0.00419	0.00546	0.00606	0.00661	0.00388	0.00417	0.00703	0.00967	0.02375	0.19900	0.58142	0.07388	0.03880	0.00619	0.00181	0.00257	0.01136	0.00435	0.00384
83	0.87276	0.00876	0.00666	0.00596	0.00876	0.01017	0.00491	0.01332	0.00771	0.02033	0.00631	0.00736	0.00491	0.00421	0.00280	0.00140	0.00351	0.00245	0.00280	0.00491
84	0.01693	0.02160	0.01284	0.01167	0.01401	0.82256	0.00876	0.01809	0.01284	0.01109	0.00700	0.00817	0.00584	0.00467	0.00409	0.00117	0.00817	0.00292	0.00233	0.00525
85	0.00574	0.00405	0.00523	0.00606	0.00628	0.00385	0.00394	0.00639	0.00825	0.01101	0.02269	0.66729	0.02705	0.17638	0.02135	0.00242	0.00312	0.01153	0.00389	0.00350
86	0.01680	0.01236	0.01325	0.01021	0.01369	0.01367	0.00838	0.76589	0.02072	0.02777	0.01101	0.01163	0.00806	0.03870	0.00527	0.00148	0.00496	0.00418	0.00446	0.00751
87	0.00573	0.00486	0.00497	0.00490	0.00645	0.00424	0.00369	0.00754	0.05120	0.01297	0.09346	0.04161	0.72059	0.01106	0.00532	0.00152	0.00235	0.00925	0.00428	0.00403
88	0.00991	0.00991	0.01388	0.01190	0.01190	0.01388	0.00991	0.01091	0.00694	0.01091	0.00595	0.00991	0.00595	0.00793	0.01487	0.00198	0.83246	0.00397	0.00198	0.00496
89	0.00577	0.00433	0.00518	0.00557	0.00634	0.00394	0.00388	0.00680	0.00957	0.01242	0.14062	0.35491	0.27560	0.11332	0.00771	0.00200	0.00271	0.03147	0.00414	0.00371
90	0.01408	0.00687	0.00854	0.00755	0.00969	0.03953	0.00579	0.03406	0.01141	0.43558	0.02015	0.35022	0.01855	0.00907	0.00504	0.00157	0.00356	0.00787	0.00488	0.00597
91	0.00619	0.00497	0.00786	0.00782	0.00860	0.00465	0.10065	0.00732	0.00885	0.01183	0.02268	0.70962	0.02670	0.04113	0.00632	0.00189	0.00330	0.01175	0.00392	0.00394
92	0.00897	0.00848	0.01434	0.70479	0.15304	0.01018	0.01279	0.01194	0.00926	0.01208	0.00813	0.01195	0.00622	0.00445	0.00452	0.00148	0.00594	0.00403	0.00205	0.00537
93	0.01579	0.21566	0.01542	0.01075	0.01345	0.63256	0.00852	0.01703	0.01198	0.01099	0.00684	0.00796	0.00583	0.00448	0.00381	0.00112	0.00739	0.00280	0.00224	0.00539
94	0.00565	0.00400	0.00522	0.00614	0.00637	0.00377	0.00403	0.00634	0.00842	0.01123	0.02367	0.73931	0.02833	0.11492	0.00789	0.00215	0.00284	0.01212	0.00403	0.00357
95	0.00856	0.00805	0.01359	0.82986	0.03121	0.01007	0.01258	0.01158	0.00906	0.01158	0.00805	0.01208	0.00604	0.00453	0.00453	0.00151	0.00604	0.00403	0.00201	0.00503
96	0.00929	0.00805	0.00991	0.10702	0.01323	0.00653	0.00625	0.01143	0.00936	0.01438	0.00805	0.00972	0.00663	0.00350	0.00350	0.00077	0.00368	0.00285	0.00260	0.76324
97	0.01260	0.00909	0.03498	0.00767	0.01162	0.00738	0.00641	0.11979	0.01172	0.17475	0.01038	0.01079	0.00771	0.00411	0.00378	0.00093	0.00378	0.00326	0.00349	0.55576
98	0.75315	0.00889	0.00761	0.10645	0.01159	0.02372	0.00591	0.01319	0.00796	0.01911	0.00653	0.00795	0.00506	0.00425	0.00304	0.00141	0.00389	0.00265	0.00270	0.00493
99	0.01256	0.01050	0.01197	0.01175	0.10985	0.01181	0.00831	0.19105	0.53722	0.02054	0.01559	0.01490	0.01169	0.00574	0.00458	0.00148	0.00411	0.00476	0.00431	0.00729
100	0.01217	0.01212	0.01330	0.03100	0.26472	0.15898	0.00969	0.01931	0.38225	0.01599	0.01312	0.01397	0.01032	0.00528	0.00450	0.00142	0.00504	0.01668	0.00339	0.00674
101	0.00649	0.00584	0.04881	0.02790	0.00808	0.00483	0.00503	0.00886	0.03238	0.01642	0.54644	0.03384	0.21949	0.00932	0.00525	0.00146	0.00256	0.00807	0.00455	0.00439
102	0.00856	0.00805	0.01359	0.82986	0.03121	0.01007	0.01258	0.01158	0.00906	0.01158	0.00805	0.01208	0.00604	0.00453	0.00453	0.00151	0.00604	0.00403	0.00201	0.00503
103	0.01049	0.01172	0.11448	0.21559	0.50943	0.01066	0.01380	0.03431	0.01022	0.01435	0.00843	0.01121	0.00675	0.00422	0.00448	0.00140	0.00569	0.00395	0.00221	0.00663
104	0.00555	0.00460	0.00486	0.00480	0.00624	0.00391	0.00360	0.00688	0.01079	0.01334	0.18783	0.04180	0.66803	0.01107	0.00535	0.00151	0.00227	0.00931	0.00435	0.00391
105	0.00940	0.00805	0.00940	0.00671	0.01074	0.00604	0.00537	0.01141	0.00940	0.01477	0.00805	0.00940	0.00671	0.00336	0.00336	0.00067	0.00336	0.00268	0.00268	0.86845
106	0.00851	0.00841	0.04448	0.02080	0.07987	0.10536	0.02223	0.01071	0.01174	0.01566	0.43477	0.02809	0.02831	0.00936	0.04216	0.00175	0.01502	0.10404	0.00394	0.00479
107	0.02620	0.00800	0.00956	0.00695	0.01086	0.00623	0.00561	0.01346	0.01004	0.16631	0.00988	0.01050	0.00753	0.00380	0.00357	0.00082	0.00345	0.00303	0.00324	0.69094
108	0.01269	0.34382	0.01613	0.00907	0.01215	0.14898	0.00770	0.03743	0.33720	0.01457	0.01152	0.01147	0.00916	0.00498	0.00384	0.00125	0.00488	0.00366	0.00317	0.00633

[dist]
# distance from previous block
# <min> <max>
0	1

[block]
# block no. 7 follows, 57 sequences, length 75
# corresponding to MSA columns:
# 317-391
name=unknown_H
#
# <colnr> <probs for GDERKNQSTAVLIFYWHMCP>
#	G	D	E	R	K	N	Q	S	T	A	V	L	I	F	Y	W	H	M	C	P
0	0.01673	0.02108	0.01270	0.01152	0.01383	0.79063	0.00863	0.03294	0.01288	0.01138	0.00722	0.00865	0.00608	0.02133	0.00447	0.00124	0.00803	0.00301	0.00239	0.00525
1	0.00908	0.00769	0.00900	0.00667	0.01031	0.00591	0.00524	0.01111	0.02141	0.01444	0.00958	0.06901	0.00873	0.02622	0.00407	0.00087	0.00333	0.00355	0.00282	0.77095
2	0.00626	0.00424	0.00510	0.00545	0.00555	0.00417	0.00329	0.00651	0.00728	0.00972	0.01767	0.29600	0.02070	0.54126	0.02989	0.01812	0.00393	0.00859	0.00321	0.00306
3	0.01189	0.01004	0.01060	0.00935	0.01202	0.01156	0.00732	0.10466	0.72271	0.01996	0.01765	0.01628	0.01319	0.00607	0.00460	0.00152	0.00373	0.00501	0.00460	0.00723
4	0.02392	0.00839	0.01204	0.02890	0.25269	0.04403	0.04678	0.03855	0.01076	0.15824	0.03559	0.19660	0.03610	0.02677	0.00546	0.01316	0.00440	0.02883	0.02295	0.00582
5	0.00552	0.00394	0.00526	0.00631	0.00657	0.00368	0.00421	0.00631	0.00868	0.01157	0.02498	0.83779	0.02997	0.01420	0.00578	0.00184	0.00263	0.01288	0.00421	0.00368
6	0.00654	0.00442	0.00518	0.00522	0.00530	0.00449	0.00308	0.00672	0.00673	0.00905	0.01445	0.05707	0.01645	0.73379	0.09953	0.00458	0.00508	0.00664	0.00277	0.00290
7	0.01530	0.10833	0.02968	0.01139	0.02321	0.58898	0.00892	0.04037	0.01193	0.01167	0.00721	0.01912	0.00623	0.00506	0.00515	0.00125	0.09531	0.00316	0.00234	0.00539
8	0.00645	0.00462	0.00601	0.03435	0.00730	0.00472	0.00436	0.02057	0.00838	0.01138	0.09151	0.29925	0.02226	0.29864	0.14444	0.00354	0.00491	0.02028	0.00342	0.00360
9	0.00641	0.00463	0.00606	0.00570	0.00677	0.00428	0.00428	0.00855	0.01283	0.01817	0.81009	0.03385	0.04276	0.00926	0.00534	0.00143	0.00214	0.00819	0.00499	0.00428
10	0.01723	0.01269	0.01360	0.01043	0.01405	0.01405	0.00861	0.79738	0.02131	0.02856	0.01088	0.01088	0.00771	0.00544	0.00453	0.00136	0.00499	0.00408	0.00453	0.00771
11	0.00909	0.00485	0.00492	0.00468	0.00593	0.00495	0.00357	0.06861	0.01037	0.01775	0.01449	0.01645	0.01133	0.00529	0.00327	0.00108	0.00232	0.00421	0.80236	0.00448
12	0.00940	0.00805	0.00940	0.00671	0.01074	0.00604	0.00537	0.01141	0.00940	0.01477	0.00805	0.00940	0.00671	0.00336	0.00336	0.00067	0.00336	0.00268	0.00268	0.86845
13	0.01693	0.02160	0.01284	0.01167	0.01401	0.82256	0.00876	0.01809	0.01284	0.01109	0.00700	0.00817	0.00584	0.00467	0.00409	0.00117	0.00817	0.00292	0.00233	0.00525
14	0.00647	0.00485	0.00728	0.00728	0.00809	0.00566	0.00566	0.00809	0.00728	0.01052	0.01214	0.01780	0.01133	0.03398	0.82279	0.00728	0.01214	0.00485	0.00243	0.00405
15	0.01129	0.00968	0.01022	0.00919	0.01172	0.01117	0.00714	0.04303	0.76683	0.01903	0.01840	0.03519	0.01404	0.00631	0.00464	0.00154	0.00360	0.00527	0.00460	0.00711
16	0.00648	0.00484	0.00722	0.00722	0.00801	0.00563	0.00559	0.00805	0.00726	0.01047	0.01219	0.01812	0.01147	0.05557	0.80140	0.00721	0.01193	0.00490	0.00244	0.00401
17	0.00909	0.02344	0.81727	0.01292	0.01961	0.01052	0.01674	0.01435	0.00957	0.01435	0.00813	0.00957	0.00574	0.00431	0.00431	0.00144	0.00670	0.00335	0.00191	0.00670
18	0.00621	0.00450	0.00519	0.00514	0.00579	0.00427	0.00339	0.00703	0.00889	0.01171	0.18380	0.04966	0.22619	0.40660	0.05008	0.00313	0.00370	0.00773	0.00359	0.00341
19	0.61824	0.00761	0.00638	0.00595	0.00819	0.00857	0.00472	0.01176	0.02237	0.01778	0.01240	0.05959	0.08298	0.06175	0.03628	0.00188	0.00375	0.02216	0.00306	0.00459
20	0.01740	0.01149	0.01274	0.00987	0.01339	0.01238	0.00812	0.58638	0.07742	0.18413	0.01283	0.01223	0.00886	0.00553	0.00454	0.00138	0.00466	0.00425	0.00475	0.00767
21	0.00787	0.00394	0.00590	0.00590	0.00590	0.00394	0.00394	0.00590	0.00590	0.00787	0.00787	0.01377	0.00787	0.01574	0.01771	0.86816	0.00394	0.00394	0.00197	0.00197
22	0.00612	0.00445	0.00540	0.00564	0.00657	0.00401	0.00403	0.00736	0.01022	0.03135	0.22356	0.31392	0.27211	0.05815	0.00649	0.00178	0.00257	0.02799	0.00435	0.00392
23	0.42119	0.00900	0.00854	0.00716	0.00974	0.00997	0.00567	0.23047	0.01165	0.07512	0.00980	0.01289	0.00819	0.15480	0.00704	0.00193	0.00410	0.00379	0.00347	0.00549
24	0.00659	0.00441	0.00502	0.00502	0.00504	0.00443	0.00284	0.00664	0.00661	0.00884	0.01421	0.02928	0.01631	0.81531	0.04829	0.00448	0.00464	0.00653	0.00274	0.00279
25	0.01389	0.01043	0.01127	0.00947	0.01244	0.01167	0.00755	0.25424	0.49745	0.09592	0.01614	0.01497	0.01176	0.00589	0.00458	0.00147	0.00403	0.00476	0.00468	0.00738
26	0.00577	0.00451	0.00520	0.00523	0.00638	0.00397	0.00382	0.00718	0.01085	0.01408	0.30266	0.15527	0.41554	0.03187	0.00586	0.00161	0.00234	0.00950	0.00444	0.00393
27	0.00702	0.00501	0.00698	0.00802	0.00894	0.00497	0.00681	0.00890	0.01015	0.01324	0.02415	0.17672	0.02670	0.01279	0.00618	0.00205	0.00393	0.65918	0.00418	0.00409
28	0.01158	0.00966	0.01026	0.00918	0.01178	0.01111	0.00715	0.02401	0.77710	0.04633	0.01842	0.01686	0.01374	0.00613	0.00461	0.00153	0.00360	0.00510	0.00465	0.00719
