[name]
unknown

[dist]
# distance from previous block
# <min> <max>
0	54

[block]
# block no. 0 follows, 57 sequences, length 14
# corresponding to MSA columns:
# 54-58,61-69
name=unknown_A
#
# <colnr> <probs for GDERKNQSTAVLIFYWHMCP>
#	G	D	E	R	K	N	Q	S	T	A	V	L	I	F	Y	W	H	M	C	P
0	0.00793	0.00558	0.00745	0.00773	0.00908	0.00543	0.00654	0.04219	0.01146	0.03542	0.20710	0.04259	0.02797	0.01087	0.00580	0.00182	0.00368	0.51298	0.00435	0.04403
1	0.00636	0.00432	0.00508	0.00527	0.00546	0.00424	0.00320	0.00654	0.00724	0.00956	0.01833	0.17304	0.08138	0.56752	0.04113	0.04337	0.00411	0.00777	0.00308	0.00300
2	0.03578	0.00673	0.00617	0.00569	0.00724	0.06773	0.00437	0.07411	0.05416	0.03685	0.01391	0.01544	0.01078	0.00527	0.00345	0.00113	0.00296	0.00412	0.63926	0.00484
3	0.00845	0.00422	0.00422	0.00422	0.00528	0.00422	0.00317	0.01056	0.00950	0.01689	0.01478	0.01689	0.01161	0.00528	0.00317	0.00106	0.00211	0.00422	0.86591	0.00422
4	0.00589	0.00413	0.00512	0.00575	0.00598	0.00394	0.00366	0.00642	0.00802	0.01062	0.02219	0.51693	0.06163	0.30436	0.01183	0.00272	0.00323	0.01052	0.00369	0.00336
5	0.01027	0.00957	0.01583	0.41078	0.39487	0.01061	0.01298	0.05561	0.01032	0.01401	0.00843	0.01161	0.00666	0.00435	0.00451	0.00143	0.00568	0.00403	0.00226	0.00618
6	0.13771	0.01491	0.01090	0.03524	0.01265	0.40559	0.00760	0.08441	0.08538	0.04792	0.01013	0.01313	0.00857	0.06153	0.00541	0.00154	0.00610	0.04277	0.00305	0.00547
7	0.00817	0.00422	0.00436	0.00442	0.00542	0.00419	0.00328	0.01020	0.00957	0.01658	0.04593	0.07281	0.01404	0.00603	0.00343	0.00112	0.00215	0.00496	0.77491	0.00419
8	0.04991	0.00455	0.00536	0.00565	0.00601	0.00457	0.00365	0.00707	0.00764	0.01073	0.03668	0.26322	0.04048	0.44172	0.06956	0.00349	0.00425	0.02888	0.00328	0.00331
9	0.09945	0.29162	0.09310	0.00982	0.01317	0.22044	0.04823	0.01511	0.01020	0.07339	0.00793	0.00919	0.00644	0.00584	0.04166	0.00150	0.04164	0.00313	0.00244	0.00571
10	0.62741	0.03730	0.03495	0.00802	0.05363	0.04200	0.00627	0.07274	0.00924	0.01934	0.00780	0.04979	0.00660	0.00480	0.00328	0.00140	0.00401	0.00324	0.00290	0.00528
11	0.03442	0.00768	0.00856	0.04897	0.01016	0.06710	0.03540	0.07424	0.09209	0.04025	0.05715	0.18577	0.05453	0.21115	0.00931	0.00221	0.00419	0.01572	0.00358	0.03751
12	0.28953	0.00978	0.01135	0.02077	0.09670	0.05312	0.07615	0.11410	0.04907	0.07166	0.02317	0.04526	0.02835	0.04651	0.00525	0.00160	0.01896	0.02965	0.00331	0.00572
13	0.02245	0.00640	0.00817	0.03389	0.00906	0.00664	0.03495	0.06229	0.03520	0.04333	0.03158	0.13910	0.07268	0.30953	0.03768	0.00274	0.06738	0.00670	0.00328	0.06697

[dist]
# distance from previous block
# <min> <max>
0	8

[block]
# block no. 1 follows, 57 sequences, length 92
# corresponding to MSA columns:
# 83-157,161-177
name=unknown_B
#
# <colnr> <probs for GDERKNQSTAVLIFYWHMCP>
#	G	D	E	R	K	N	Q	S	T	A	V	L	I	F	Y	W	H	M	C	P
0	0.02874	0.00865	0.00984	0.02660	0.01088	0.04000	0.01915	0.15806	0.03649	0.02738	0.08844	0.05035	0.09461	0.05959	0.00666	0.00150	0.08782	0.01982	0.00349	0.22192
1	0.00987	0.00880	0.01430	0.38060	0.17052	0.02595	0.08473	0.01266	0.02602	0.06062	0.04399	0.02660	0.04448	0.03931	0.00576	0.00160	0.03120	0.00483	0.00263	0.00554
2	0.00930	0.00925	0.04979	0.23019	0.10139	0.06176	0.03344	0.02750	0.01026	0.02676	0.08592	0.09141	0.06577	0.00630	0.00481	0.00137	0.02149	0.01946	0.00294	0.14088
3	0.02398	0.07921	0.31500	0.15820	0.17378	0.04795	0.01292	0.02919	0.00990	0.01371	0.00946	0.04455	0.02354	0.00487	0.00443	0.00139	0.01603	0.00402	0.00224	0.02563
4	0.00882	0.03040	0.29077	0.05737	0.01478	0.03035	0.05539	0.03409	0.01008	0.01407	0.05986	0.07599	0.10726	0.02306	0.00514	0.00141	0.02592	0.00519	0.00279	0.14728
5	0.01500	0.05495	0.03451	0.01061	0.01342	0.58452	0.00833	0.03233	0.01202	0.01218	0.00725	0.00848	0.00603	0.00447	0.00413	0.00110	0.02342	0.00291	0.00241	0.16192
6	0.00995	0.07399	0.07797	0.02984	0.01224	0.02315	0.00689	0.04332	0.00989	0.01473	0.00810	0.00952	0.00666	0.00423	0.01985	0.00095	0.00415	0.00286	0.00261	0.63910
7	0.00557	0.00460	0.00488	0.00481	0.00625	0.00392	0.00361	0.00691	0.01083	0.01343	0.19909	0.04165	0.65671	0.01103	0.00535	0.00151	0.00226	0.00929	0.00436	0.00392
8	0.01114	0.00901	0.01393	0.01102	0.01344	0.02774	0.21936	0.02728	0.11103	0.12425	0.06279	0.03334	0.06655	0.03866	0.00707	0.00164	0.13137	0.00548	0.07922	0.00568
9	0.00552	0.00394	0.00526	0.00631	0.00657	0.00368	0.00421	0.00631	0.00868	0.01157	0.02498	0.83779	0.02997	0.01420	0.00578	0.00184	0.00263	0.01288	0.00421	0.00368
10	0.01231	0.80996	0.02330	0.00791	0.01173	0.05074	0.00779	0.01375	0.00936	0.01068	0.00633	0.00731	0.00582	0.00391	0.00296	0.00098	0.00498	0.00244	0.00195	0.00579
11	0.03582	0.00952	0.01011	0.00876	0.01149	0.02599	0.00689	0.07484	0.54090	0.11205	0.03186	0.01638	0.02779	0.00597	0.00448	0.00145	0.00371	0.00489	0.02288	0.04420
12	0.05922	0.01053	0.01091	0.03123	0.01232	0.08563	0.00729	0.30027	0.09912	0.18632	0.01437	0.11950	0.01179	0.02431	0.00497	0.00150	0.00453	0.00529	0.00432	0.00658
13	0.00936	0.00900	0.01156	0.05389	0.02651	0.06032	0.00833	0.01044	0.00751	0.01078	0.00835	0.01403	0.00832	0.13801	0.10824	0.00286	0.48386	0.00442	0.01967	0.00456
14	0.00804	0.00541	0.00735	0.00796	0.00921	0.00532	0.00683	0.02605	0.01093	0.05843	0.07949	0.05957	0.06642	0.01174	0.00601	0.00195	0.00391	0.61665	0.00432	0.00442
15	0.87276	0.00876	0.00666	0.00596	0.00876	0.01017	0.00491	0.01332	0.00771	0.02033	0.00631	0.00736	0.00491	0.00421	0.00280	0.00140	0.00351	0.00245	0.00280	0.00491
16	0.01081	0.01074	0.01318	0.01114	0.01236	0.11053	0.05585	0.02597	0.03935	0.03145	0.00800	0.01112	0.00713	0.00973	0.10367	0.00232	0.45595	0.00398	0.00238	0.07436
17	0.00952	0.14045	0.70404	0.01218	0.01847	0.01158	0.01546	0.01424	0.00952	0.01382	0.00787	0.00924	0.00575	0.00424	0.00411	0.00137	0.00643	0.00322	0.00192	0.00657
18	0.00643	0.00465	0.00608	0.00578	0.00686	0.00430	0.00438	0.00855	0.01270	0.01790	0.76801	0.03466	0.05447	0.00942	0.00538	0.00145	0.00222	0.03755	0.00494	0.00426
19	0.00624	0.00463	0.00582	0.00552	0.00667	0.00420	0.00414	0.00822	0.01243	0.01722	0.68776	0.03541	0.16568	0.00962	0.00535	0.00144	0.00216	0.00841	0.00486	0.00420
20	0.00555	0.00441	0.00498	0.00523	0.00634	0.00385	0.00377	0.00674	0.01021	0.01288	0.14693	0.26500	0.48426	0.01193	0.00547	0.00160	0.00237	0.01030	0.00432	0.00385
21	0.00610	0.00449	0.00570	0.00568	0.00664	0.00410	0.00415	0.00783	0.01167	0.01607	0.55233	0.19610	0.14124	0.01054	0.00543	0.00152	0.00226	0.00931	0.00473	0.00410
22	0.01201	0.01083	0.01714	0.02418	0.64972	0.01105	0.01277	0.13913	0.01208	0.01695	0.00957	0.01290	0.00808	0.00463	0.00457	0.00138	0.00527	0.03790	0.00269	0.00713
23	0.18955	0.05497	0.01224	0.05868	0.01373	0.47839	0.00821	0.06112	0.01155	0.01397	0.00705	0.00845	0.00577	0.00477	0.00445	0.00128	0.05498	0.00300	0.00250	0.00532
24	0.64089	0.00936	0.00911	0.02303	0.01083	0.04501	0.08223	0.03209	0.00862	0.01872	0.00766	0.03112	0.00629	0.00567	0.03498	0.00164	0.00447	0.00323	0.02002	0.00503
25	0.02540	0.00729	0.01223	0.01028	0.01215	0.00721	0.22931	0.04633	0.04238	0.01410	0.03969	0.40706	0.03561	0.00946	0.00567	0.00166	0.03382	0.00887	0.04666	0.00481
26	0.00856	0.00805	0.01359	0.82986	0.03121	0.01007	0.01258	0.01158	0.00906	0.01158	0.00805	0.01208	0.00604	0.00453	0.00453	0.00151	0.00604	0.00403	0.00201	0.00503
27	0.00708	0.00486	0.00580	0.00550	0.00694	0.00428	0.00419	0.00872	0.01158	0.07942	0.37582	0.06136	0.36726	0.01015	0.00532	0.00150	0.00241	0.02880	0.00466	0.00434
28	0.00890	0.00511	0.00519	0.00502	0.00632	0.00535	0.00381	0.01272	0.13673	0.01722	0.01537	0.01690	0.01197	0.00542	0.00340	0.00113	0.00235	0.00437	0.72803	0.00470
29	0.87276	0.00876	0.00666	0.00596	0.00876	0.01017	0.00491	0.01332	0.00771	0.02033	0.00631	0.00736	0.00491	0.00421	0.00280	0.00140	0.00351	0.00245	0.00280	0.00491
30	0.04113	0.01049	0.01256	0.11571	0.01545	0.01158	0.04256	0.36162	0.18766	0.10271	0.01280	0.01298	0.00920	0.00538	0.00448	0.00142	0.00467	0.00436	0.03629	0.00696
31	0.87276	0.00876	0.00666	0.00596	0.00876	0.01017	0.00491	0.01332	0.00771	0.02033	0.00631	0.00736	0.00491	0.00421	0.00280	0.00140	0.00351	0.00245	0.00280	0.00491
32	0.61508	0.00796	0.00695	0.00606	0.00873	0.00877	0.00495	0.01435	0.00881	0.14851	0.00935	0.00999	0.00686	0.00458	0.00314	0.00135	0.00337	0.00304	0.12288	0.00527
33	0.01626	0.00699	0.00924	0.00743	0.01024	0.00628	0.00601	0.01871	0.05561	0.56188	0.19024	0.01958	0.01824	0.00642	0.00467	0.00140	0.00339	0.00536	0.04529	0.00677
34	0.00571	0.00417	0.00540	0.00631	0.00672	0.00394	0.00427	0.00692	0.03358	0.01196	0.04161	0.76101	0.06409	0.01373	0.00572	0.00181	0.00263	0.01240	0.00423	0.00381
35	0.28443	0.00805	0.00835	0.00712	0.00983	0.00854	0.00573	0.03382	0.18259	0.25552	0.01375	0.01334	0.00979	0.00523	0.00381	0.00138	0.00345	0.00396	0.13513	0.00618
36	0.01506	0.01628	0.01207	0.01066	0.01326	0.42958	0.00820	0.13426	0.28193	0.01631	0.01144	0.01152	0.00882	0.00528	0.00433	0.00132	0.00615	0.00383	0.00343	0.00626
37	0.01912	0.00771	0.01030	0.00804	0.01137	0.00687	0.00659	0.02163	0.06611	0.72741	0.05239	0.01632	0.01276	0.00580	0.00459	0.00141	0.00376	0.00475	0.00551	0.00753
38	0.00940	0.00805	0.00940	0.00671	0.01074	0.00604	0.00537	0.01141	0.00940	0.01477	0.00805	0.00940	0.00671	0.00336	0.00336	0.00067	0.00336	0.00268	0.00268	0.86845
39	0.00551	0.00397	0.00523	0.00624	0.00655	0.00369	0.00418	0.00632	0.00874	0.01159	0.02583	0.80541	0.06181	0.01409	0.00577	0.00183	0.00262	0.01275	0.00421	0.00369
40	0.00766	0.00487	0.00642	0.00597	0.00721	0.00445	0.00450	0.00965	0.01251	0.09307	0.67293	0.09583	0.03876	0.00931	0.00530	0.00146	0.00234	0.00822	0.00498	0.00455
41	0.01070	0.01222	0.02674	0.01910	0.02368	0.01146	0.79603	0.01451	0.01070	0.01451	0.00917	0.01222	0.00688	0.00382	0.00535	0.00153	0.00764	0.00535	0.00229	0.00611
42	0.01716	0.01468	0.01343	0.01070	0.01404	0.19432	0.00864	0.62362	0.01942	0.02466	0.01002	0.01028	0.00729	0.00527	0.00443	0.00132	0.00570	0.00382	0.00404	0.00716
43	0.01122	0.01077	0.01839	0.02781	0.81248	0.01077	0.01391	0.01391	0.01032	0.01480	0.00852	0.01122	0.00718	0.00404	0.00449	0.00135	0.00538	0.00404	0.00224	0.00718
44	0.01732	0.01163	0.01277	0.00983	0.01334	0.01258	0.00811	0.65338	0.01962	0.14169	0.01205	0.01178	0.00837	0.00546	0.00448	0.00135	0.00471	0.00415	0.03982	0.00756
45	0.00647	0.00485	0.00728	0.00728	0.00809	0.00566	0.00566	0.00809	0.00728	0.01052	0.01214	0.01780	0.01133	0.03398	0.82279	0.00728	0.01214	0.00485	0.00243	0.00405
46	0.00659	0.00439	0.00494	0.00494	0.00494	0.00439	0.00275	0.00659	0.00659	0.00879	0.01428	0.02965	0.01647	0.84075	0.02306	0.00439	0.00439	0.00659	0.00275	0.00275
47	0.00909	0.02344	0.81727	0.01292	0.01961	0.01052	0.01674	0.01435	0.00957	0.01435	0.00813	0.00957	0.00574	0.00431	0.00431	0.00144	0.00670	0.00335	0.00191	0.00670
48	0.00668	0.00470	0.00607	0.00568	0.00684	0.00430	0.00428	0.00874	0.01266	0.03702	0.73934	0.03406	0.09388	0.00932	0.00533	0.00143	0.00219	0.00820	0.00495	0.00433
49	0.01122	0.01077	0.01839	0.02781	0.81248	0.01077	0.01391	0.01391	0.01032	0.01480	0.00852	0.01122	0.00718	0.00404	0.00449	0.00135	0.00538	0.00404	0.00224	0.00718
50	0.00561	0.00441	0.00507	0.00531	0.00638	0.00387	0.00383	0.00684	0.01032	0.01318	0.18614	0.27560	0.43366	0.01185	0.00548	0.00160	0.00236	0.01028	0.00436	0.00387
51	0.01060	0.01204	0.02617	0.05438	0.02401	0.01140	0.76193	0.01439	0.01062	0.01439	0.00912	0.01222	0.00684	0.00385	0.00531	0.00153	0.00757	0.00529	0.00228	0.00606
52	0.01068	0.01217	0.02647	0.01895	0.02343	0.01151	0.77948	0.01444	0.01062	0.01444	0.00910	0.01217	0.00686	0.00391	0.00555	0.00154	0.02500	0.00532	0.00229	0.00609
53	0.41573	0.06246	0.02676	0.02845	0.04246	0.04051	0.00705	0.23176	0.03010	0.03722	0.00854	0.00935	0.00645	0.00465	0.00356	0.00135	0.00433	0.00320	0.03010	0.00597
54	0.87276	0.00876	0.00666	0.00596	0.00876	0.01017	0.00491	0.01332	0.00771	0.02033	0.00631	0.00736	0.00491	0.00421	0.00280	0.00140	0.00351	0.00245	0.00280	0.00491
55	0.00891	0.00722	0.00853	0.00740	0.00925	0.02659	0.04015	0.17536	0.01329	0.01753	0.26746	0.07453	0.26320	0.00907	0.00552	0.00150	0.03166	0.02357	0.00431	0.00496
56	0.00787	0.00394	0.00590	0.00590	0.00590	0.00394	0.00394	0.00590	0.00590	0.00787	0.00787	0.01377	0.00787	0.01574	0.01771	0.86816	0.00394	0.00394	0.00197	0.00197
57	0.32563	0.00978	0.01017	0.00811	0.01140	0.01042	0.00669	0.28154	0.01390	0.26321	0.01135	0.01099	0.00776	0.00505	0.00392	0.00139	0.00411	0.00364	0.00424	0.00670
58	0.00603	0.00459	0.00541	0.00524	0.00647	0.00408	0.00392	0.00774	0.01166	0.01564	0.46943	0.05601	0.34472	0.01015	0.00530	0.00147	0.00221	0.00874	0.02710	0.00408
59	0.87276	0.00876	0.00666	0.00596	0.00876	0.01017	0.00491	0.01332	0.00771	0.02033	0.00631	0.00736	0.00491	0.00421	0.00280	0.00140	0.00351	0.00245	0.00280	0.00491
60	0.00559	0.00405	0.00528	0.00613	0.00656	0.00374	0.00416	0.00652	0.00916	0.01220	0.09566	0.71042	0.08665	0.01357	0.00571	0.00178	0.00256	0.01223	0.00428	0.00374
61	0.09099	0.00781	0.01014	0.00787	0.01127	0.00702	0.00649	0.03440	0.01267	0.71733	0.03513	0.01510	0.01136	0.00557	0.00443	0.00140	0.00381	0.00446	0.00534	0.00740
62	0.01103	0.00948	0.01032	0.05676	0.01276	0.01096	0.00740	0.04279	0.70529	0.01848	0.01791	0.04995	0.01388	0.00636	0.00465	0.00154	0.00373	0.00535	0.00444	0.00692
63	0.00912	0.00913	0.02946	0.60311	0.06086	0.04321	0.04635	0.01227	0.03390	0.01202	0.00858	0.01227	0.00668	0.00648	0.05571	0.00187	0.03752	0.00411	0.00215	0.00522
64	0.03240	0.11253	0.08055	0.03352	0.04945	0.11191	0.26551	0.18379	0.03101	0.02638	0.00935	0.02607	0.00730	0.00462	0.00452	0.00137	0.00627	0.00425	0.00284	0.00635
65	0.01390	0.00882	0.01002	0.00858	0.01138	0.00941	0.00679	0.03576	0.49301	0.26792	0.01917	0.01743	0.04535	0.00616	0.00459	0.00148	0.00361	0.00509	0.02437	0.00715
66	0.01262	0.70472	0.03413	0.00866	0.01241	0.11638	0.03253	0.01416	0.00970	0.01089	0.00650	0.00757	0.00585	0.00398	0.00315	0.00102	0.00537	0.00259	0.00200	0.00577
67	0.00555	0.00399	0.00528	0.00625	0.00657	0.00371	0.00419	0.00641	0.00888	0.01185	0.05775	0.78677	0.04814	0.01393	0.00576	0.00182	0.00260	0.01261	0.00424	0.00371
68	0.01603	0.07518	0.01330	0.01066	0.01339	0.49240	0.00834	0.21023	0.05475	0.01601	0.00881	0.00958	0.00694	0.00490	0.00410	0.00122	0.00667	0.00334	0.03818	0.00595
69	0.01031	0.00954	0.03356	0.15915	0.24274	0.04425	0.04613	0.04665	0.10732	0.04539	0.07051	0.10945	0.04275	0.00633	0.00477	0.00147	0.00480	0.00570	0.00321	0.00597
70	0.01506	0.00906	0.01175	0.01153	0.13970	0.00906	0.00795	0.15348	0.14169	0.31413	0.10119	0.01604	0.01369	0.00575	0.00460	0.00139	0.00405	0.00483	0.00458	0.03047
71	0.00930	0.00832	0.01142	0.01040	0.08288	0.02191	0.08056	0.03795	0.07014	0.01458	0.09270	0.06757	0.05832	0.04102	0.02168	0.01915	0.09429	0.00523	0.00313	0.24946
72	0.87276	0.00876	0.00666	0.00596	0.00876	0.01017	0.00491	0.01332	0.00771	0.02033	0.00631	0.00736	0.00491	0.00421	0.00280	0.00140	0.00351	0.00245	0.00280	0.00491
73	0.87276	0.00876	0.00666	0.00596	0.00876	0.01017	0.00491	0.01332	0.00771	0.02033	0.00631	0.00736	0.00491	0.00421	0.00280	0.00140	0.00351	0.00245	0.00280	0.00491
74	0.08045	0.01000	0.02611	0.00977	0.05691	0.14423	0.01730	0.04871	0.07174	0.03165	0.06061	0.07530	0.04914	0.05558	0.00679	0.00173	0.08576	0.12634	0.03681	0.00509
75	0.01211	0.84348	0.02374	0.00775	0.01163	0.01793	0.00775	0.01357	0.00921	0.01066	0.00630	0.00727	0.00582	0.00388	0.00291	0.00097	0.00485	0.00242	0.00194	0.00582
76	0.01291	0.01178	0.10673	0.09976	0.22157	0.02546	0.06966	0.15268	0.03770	0.13428	0.01131	0.02189	0.01678	0.00493	0.00455	0.00139	0.00530	0.01403	0.00324	0.04405
77	0.00890	0.07760	0.63611	0.01145	0.01696	0.01016	0.01411	0.01318	0.00912	0.01333	0.00884	0.01185	0.00712	0.08800	0.05279	0.00203	0.00665	0.00369	0.00203	0.00610
78	0.01707	0.01262	0.01351	0.01040	0.01399	0.01398	0.00858	0.77777	0.04115	0.02831	0.01107	0.01103	0.00786	0.00546	0.00453	0.00136	0.00495	0.00411	0.00453	0.00769
79	0.00787	0.00394	0.00590	0.00590	0.00590	0.00394	0.00394	0.00590	0.00590	0.00787	0.00787	0.01377	0.00787	0.01574	0.01771	0.86816	0.00394	0.00394	0.00197	0.00197
80	0.01135	0.00566	0.00684	0.00598	0.00784	0.00533	0.00468	0.02466	0.04443	0.23988	0.21816	0.02184	0.05393	0.00668	0.00428	0.00129	0.00271	0.00559	0.32351	0.00536
81	0.00562	0.00398	0.00523	0.00619	0.00643	0.00374	0.00408	0.00633	0.00849	0.01132	0.02402	0.76590	0.02877	0.08773	0.00732	0.00207	0.00279	0.01232	0.00408	0.00360
82	0.04860	0.03178	0.00855	0.00758	0.00940	0.30009	0.00578	0.02466	0.08008	0.01513	0.01169	0.01304	0.00925	0.00506	0.00362	0.00115	0.00458	0.00371	0.41127	0.00496
83	0.01581	0.01248	0.01321	0.01046	0.01337	0.06374	0.00855	0.61163	0.01824	0.02427	0.00997	0.01098	0.00751	0.01959	0.00653	0.02850	0.11022	0.00403	0.00396	0.00695
84	0.01202	0.80527	0.04195	0.00791	0.01182	0.01760	0.00795	0.01383	0.02741	0.01094	0.00662	0.00754	0.00600	0.00394	0.00298	0.00099	0.00486	0.00251	0.00200	0.00587
85	0.51716	0.01223	0.00915	0.00816	0.01055	0.22260	0.00648	0.04210	0.00949	0.01712	0.00711	0.02958	0.00600	0.00497	0.00438	0.00140	0.08069	0.00304	0.00270	0.00507
86	0.01012	0.00715	0.00763	0.02338	0.00915	0.05357	0.00534	0.04893	0.11477	0.14111	0.19118	0.04743	0.26592	0.00837	0.00491	0.00145	0.00322	0.00700	0.04409	0.00526
87	0.00702	0.00586	0.00735	0.00674	0.00834	0.00566	0.05276	0.01038	0.13773	0.01465	0.21070	0.08345	0.33836	0.05262	0.00621	0.00170	0.00299	0.03867	0.00426	0.00455
88	0.00853	0.00792	0.01325	0.71946	0.06282	0.00974	0.01201	0.01133	0.00895	0.01160	0.00854	0.02786	0.00680	0.00621	0.04091	0.01508	0.01767	0.00423	0.00208	0.00501
89	0.01099	0.01081	0.01427	0.01228	0.01250	0.03936	0.01010	0.02983	0.00792	0.01199	0.00681	0.01083	0.00665	0.00819	0.01448	0.00206	0.77907	0.00416	0.00229	0.00539
90	0.03367	0.10104	0.01420	0.01144	0.01408	0.64698	0.00879	0.06583	0.02418	0.02521	0.00818	0.00943	0.00678	0.00512	0.00429	0.00130	0.00763	0.00322	0.00276	0.00587
91	0.10072	0.09443	0.08741	0.01520	0.17145	0.22038	0.12910	0.02768	0.01141	0.08432	0.00929	0.01097	0.00731	0.00481	0.00448	0.00144	0.00640	0.00384	0.00284	0.00651

[dist]
# distance from previous block
# <min> <max>
5	76

[block]
# block no. 2 follows, 57 sequences, length 36
# corresponding to MSA columns:
# 259-266,274-280,287-305,334,335
name=unknown_C
#
# <colnr> <probs for GDERKNQSTAVLIFYWHMCP>
#	G	D	E	R	K	N	Q	S	T	A	V	L	I	F	Y	W	H	M	C	P
0	0.02999	0.00722	0.00870	0.00824	0.04543	0.02552	0.03593	0.04540	0.10136	0.03991	0.03191	0.10329	0.13642	0.09230	0.00660	0.00172	0.00373	0.09292	0.04079	0.14262
1	0.00945	0.00657	0.00786	0.00630	0.00910	0.00529	0.00493	0.01121	0.01056	0.12620	0.13991	0.06492	0.17516	0.00677	0.00436	0.00112	0.00299	0.00571	0.00383	0.39776
2	0.04010	0.10966	0.06345	0.01462	0.01858	0.06786	0.45817	0.01449	0.02858	0.04243	0.06175	0.02469	0.00988	0.00470	0.00481	0.00143	0.00644	0.01979	0.00266	0.00590
3	0.00925	0.06710	0.77502	0.01264	0.01919	0.01092	0.01626	0.01431	0.00955	0.01415	0.00803	0.00944	0.00574	0.00428	0.00423	0.00141	0.00660	0.00330	0.00191	0.00665
4	0.82721	0.00897	0.00703	0.00620	0.00904	0.01037	0.00510	0.05506	0.00844	0.02077	0.00655	0.00755	0.00506	0.00427	0.00290	0.00140	0.00358	0.00254	0.00290	0.00506
5	0.01211	0.84348	0.02374	0.00775	0.01163	0.01793	0.00775	0.01357	0.00921	0.01066	0.00630	0.00727	0.00582	0.00388	0.00291	0.00097	0.00485	0.00242	0.00194	0.00582
6	0.00640	0.00523	0.00573	0.00549	0.00701	0.00487	0.00415	0.00926	0.10753	0.01487	0.27617	0.03738	0.47913	0.01015	0.00526	0.00150	0.00240	0.00861	0.00450	0.00437
7	0.00561	0.00455	0.00498	0.00498	0.00630	0.00392	0.00369	0.00696	0.01077	0.01354	0.21905	0.10387	0.57358	0.01118	0.00539	0.00153	0.00229	0.00951	0.00439	0.00392
8	0.84571	0.00889	0.00688	0.00610	0.00893	0.01029	0.00502	0.03811	0.00814	0.02059	0.00645	0.00747	0.00500	0.00425	0.00286	0.00140	0.00355	0.00251	0.00286	0.00500
9	0.00608	0.00462	0.00559	0.00535	0.00656	0.00413	0.00401	0.00790	0.01203	0.01628	0.56672	0.03696	0.28731	0.00997	0.00535	0.00146	0.00219	0.00863	0.00474	0.00413
10	0.01726	0.01032	0.01193	0.00933	0.01264	0.01083	0.00764	0.44490	0.05913	0.28894	0.01358	0.01307	0.00935	0.00696	0.03785	0.02503	0.00479	0.00432	0.00474	0.00738
11	0.00651	0.00469	0.00645	0.00645	0.00698	0.00521	0.00463	0.00756	0.00704	0.00990	0.01290	0.02200	0.01315	0.32002	0.53926	0.00626	0.00939	0.00547	0.00254	0.00358
12	0.01224	0.82233	0.02346	0.00785	0.01169	0.03863	0.00778	0.01368	0.00930	0.01067	0.00632	0.00729	0.00582	0.00390	0.00294	0.00097	0.00493	0.00244	0.00195	0.00580
13	0.00991	0.00991	0.01388	0.01190	0.01190	0.01388	0.00991	0.01091	0.00694	0.01091	0.00595	0.00991	0.00595	0.00793	0.01487	0.00198	0.83246	0.00397	0.00198	0.00496
14	0.00582	0.00502	0.02396	0.00522	0.00667	0.00413	0.00406	0.00740	0.01114	0.01436	0.31322	0.06083	0.50085	0.01061	0.00534	0.00150	0.00235	0.00903	0.00443	0.00405
15	0.00963	0.09321	0.61196	0.01353	0.01961	0.01133	0.14995	0.01431	0.00973	0.01406	0.00815	0.00982	0.00594	0.00418	0.00436	0.00141	0.00670	0.00361	0.00198	0.00652
16	0.00565	0.00403	0.00540	0.00646	0.00677	0.00379	0.00443	0.00653	0.00880	0.01171	0.02490	0.78123	0.02969	0.01408	0.00582	0.00186	0.00274	0.06818	0.00420	0.00372
17	0.01594	0.01973	0.01380	0.01445	0.15130	0.68297	0.00964	0.01737	0.01241	0.01173	0.00727	0.00869	0.00607	0.00456	0.00415	0.00120	0.00769	0.00311	0.00232	0.00558
18	0.00658	0.00441	0.00504	0.00504	0.00507	0.00444	0.00286	0.00665	0.00662	0.00886	0.01419	0.02918	0.01627	0.80827	0.05526	0.00451	0.00470	0.00652	0.00273	0.00280
19	0.00744	0.00538	0.00707	0.00679	0.00758	0.00597	0.00497	0.07553	0.00826	0.01151	0.01272	0.02105	0.01269	0.29316	0.49303	0.00584	0.00901	0.00535	0.00271	0.00394
20	0.00600	0.00439	0.00544	0.00583	0.00650	0.00408	0.00403	0.01937	0.00989	0.01320	0.21093	0.43356	0.14998	0.09627	0.00735	0.00195	0.00268	0.01050	0.00425	0.00381
21	0.01693	0.02160	0.01284	0.01167	0.01401	0.82256	0.00876	0.01809	0.01284	0.01109	0.00700	0.00817	0.00584	0.00467	0.00409	0.00117	0.00817	0.00292	0.00233	0.00525
22	0.87276	0.00876	0.00666	0.00596	0.00876	0.01017	0.00491	0.01332	0.00771	0.02033	0.00631	0.00736	0.00491	0.00421	0.00280	0.00140	0.00351	0.00245	0.00280	0.00491
23	0.01116	0.01166	0.06244	0.05243	0.49888	0.03901	0.09863	0.03955	0.08191	0.01542	0.03782	0.01246	0.00885	0.00449	0.00460	0.00139	0.00554	0.00435	0.00261	0.00680
24	0.01350	0.01597	0.15073	0.01128	0.05580	0.25636	0.00956	0.19789	0.02588	0.01680	0.00896	0.02736	0.00715	0.00472	0.00415	0.00119	0.00586	0.00352	0.00292	0.18042
25	0.00609	0.00452	0.00577	0.00649	0.00725	0.00427	0.00482	0.00761	0.02912	0.01279	0.08751	0.45447	0.16002	0.01281	0.00575	0.00180	0.00289	0.17781	0.00427	0.00394
26	0.04242	0.23054	0.42118	0.01124	0.01622	0.16428	0.02736	0.01482	0.01004	0.01302	0.00741	0.00869	0.00577	0.00425	0.00388	0.00127	0.00641	0.00304	0.00204	0.00613
27	0.01043	0.00750	0.04144	0.00902	0.08236	0.02125	0.02107	0.04014	0.03003	0.15664	0.20420	0.02290	0.10260	0.07073	0.03777	0.00185	0.03703	0.00594	0.09177	0.00534
28	0.03125	0.00833	0.00962	0.00696	0.01092	0.00664	0.00560	0.05808	0.01019	0.04616	0.00855	0.00966	0.00690	0.00358	0.00346	0.00076	0.00347	0.00283	0.00291	0.76412
29	0.00623	0.00462	0.00565	0.00548	0.00653	0.00423	0.00404	0.00789	0.01141	0.01550	0.50497	0.03640	0.21554	0.10721	0.00746	0.00183	0.00253	0.04398	0.00451	0.00399
30	0.01040	0.00850	0.01056	0.16843	0.01496	0.00948	0.02315	0.17872	0.22401	0.01747	0.01855	0.09683	0.08961	0.00767	0.00497	0.00159	0.00430	0.10106	0.00392	0.00584
31	0.45375	0.01464	0.01000	0.00889	0.01154	0.37212	0.02372	0.03314	0.01037	0.01628	0.00678	0.00791	0.00543	0.00443	0.00347	0.00130	0.00571	0.00276	0.00262	0.00515
32	0.00571	0.00460	0.00508	0.00496	0.00634	0.00398	0.00372	0.00719	0.01116	0.01422	0.30147	0.04034	0.55384	0.01074	0.00535	0.00150	0.00224	0.00911	0.00447	0.00398
33	0.01042	0.00996	0.01696	0.26748	0.57903	0.01056	0.01351	0.01321	0.00994	0.01384	0.00838	0.01147	0.00684	0.00418	0.00450	0.00139	0.00558	0.00403	0.00217	0.00654
34	0.79673	0.00869	0.00696	0.00614	0.00895	0.00994	0.00505	0.02770	0.00832	0.05976	0.02418	0.00839	0.00608	0.00441	0.00298	0.00140	0.00352	0.00271	0.00302	0.00508
35	0.01247	0.01046	0.01193	0.05522	0.02601	0.04090	0.04977	0.11277	0.54430	0.06101	0.01590	0.01520	0.01179	0.00574	0.00461	0.00149	0.00431	0.00483	0.00427	0.00702

[dist]
# distance from previous block
# <min> <max>
0	1

[block]
# block no. 3 follows, 57 sequences, length 38
# corresponding to MSA columns:
# 337-362,372-383
name=unknown_D
#
# <colnr> <probs for GDERKNQSTAVLIFYWHMCP>
#	G	D	E	R	K	N	Q	S	T	A	V	L	I	F	Y	W	H	M	C	P
0	0.00660	0.00493	0.00617	0.00591	0.00705	0.00468	0.00441	0.00929	0.06753	0.01723	0.63192	0.09871	0.09916	0.00962	0.00533	0.00147	0.00229	0.00847	0.00484	0.00439
1	0.00650	0.00473	0.00665	0.00665	0.00724	0.00532	0.00488	0.00769	0.00710	0.01005	0.01271	0.02100	0.01272	0.25153	0.60715	0.00650	0.01005	0.00532	0.00251	0.00370
2	0.00940	0.00805	0.00940	0.00671	0.01074	0.00604	0.00537	0.01141	0.00940	0.01477	0.00805	0.00940	0.00671	0.00336	0.00336	0.00067	0.00336	0.00268	0.00268	0.86845
3	0.01335	0.00636	0.00825	0.00693	0.00924	0.00579	0.00549	0.01586	0.05976	0.39601	0.29789	0.04337	0.05376	0.00735	0.00483	0.00142	0.00306	0.00625	0.04901	0.00604
4	0.00549	0.00405	0.00515	0.00603	0.00650	0.00370	0.00408	0.00634	0.00894	0.01168	0.02835	0.70977	0.15581	0.01376	0.00571	0.00179	0.00258	0.01235	0.00421	0.00370
5	0.00651	0.00471	0.00653	0.00653	0.00708	0.00526	0.00473	0.00761	0.00706	0.00996	0.01283	0.02161	0.01298	0.29341	0.56563	0.00635	0.00965	0.00541	0.00253	0.00363
6	0.00641	0.00463	0.00606	0.00570	0.00677	0.00428	0.00428	0.00855	0.01283	0.01817	0.81009	0.03385	0.04276	0.00926	0.00534	0.00143	0.00214	0.00819	0.00499	0.00428
7	0.17795	0.68263	0.02045	0.00741	0.01108	0.01643	0.00721	0.01352	0.00892	0.01252	0.00630	0.00729	0.00564	0.00394	0.00289	0.00105	0.00459	0.00243	0.00211	0.00564
8	0.01245	0.56449	0.11593	0.00967	0.01368	0.14637	0.05602	0.01445	0.00992	0.01140	0.00680	0.00798	0.00587	0.00405	0.00341	0.00109	0.00577	0.00279	0.00202	0.00585
9	0.87276	0.00876	0.00666	0.00596	0.00876	0.01017	0.00491	0.01332	0.00771	0.02033	0.00631	0.00736	0.00491	0.00421	0.00280	0.00140	0.00351	0.00245	0.00280	0.00491
10	0.01997	0.00760	0.01032	0.00794	0.01138	0.00659	0.00655	0.02173	0.01286	0.79120	0.01778	0.01547	0.01123	0.00560	0.00451	0.00139	0.00380	0.00455	0.03192	0.00760
11	0.00544	0.00459	0.00471	0.00468	0.00617	0.00386	0.00351	0.00667	0.01054	0.01274	0.10971	0.04279	0.74653	0.01129	0.00535	0.00152	0.00228	0.00945	0.00427	0.00386
12	0.00555	0.00399	0.00527	0.00624	0.00657	0.00371	0.00419	0.00641	0.00890	0.01186	0.05861	0.78231	0.05176	0.01391	0.00575	0.00181	0.00260	0.01259	0.00424	0.00371
13	0.01211	0.84348	0.02374	0.00775	0.01163	0.01793	0.00775	0.01357	0.00921	0.01066	0.00630	0.00727	0.00582	0.00388	0.00291	0.00097	0.00485	0.00242	0.00194	0.00582
14	0.00559	0.00438	0.00489	0.00518	0.00614	0.00387	0.00362	0.00654	0.00951	0.01187	0.06606	0.27581	0.45824	0.10831	0.00753	0.00195	0.00263	0.01014	0.00407	0.00368
15	0.00588	0.00498	0.00512	0.00504	0.00648	0.01780	0.00376	0.00743	0.02826	0.01329	0.17137	0.05948	0.61942	0.02465	0.00562	0.00156	0.00244	0.00915	0.00429	0.00398
16	0.00616	0.00455	0.00583	0.00627	0.00701	0.00418	0.00433	0.00751	0.02880	0.01286	0.13641	0.60055	0.02895	0.04482	0.00617	0.00178	0.00271	0.01092	0.00414	0.07606
17	0.01136	0.56868	0.23328	0.00974	0.01436	0.03461	0.04694	0.01393	0.00946	0.01183	0.00693	0.00813	0.00585	0.00401	0.00342	0.00112	0.00554	0.00282	0.00196	0.00605
18	0.01566	0.15175	0.03384	0.04315	0.01444	0.60826	0.00893	0.05051	0.01240	0.01187	0.00713	0.00833	0.00592	0.00456	0.00394	0.00116	0.00739	0.00294	0.00234	0.00547
19	0.00659	0.00439	0.00494	0.00494	0.00494	0.00439	0.00275	0.00659	0.00659	0.00879	0.01428	0.02965	0.01647	0.84075	0.02306	0.00439	0.00439	0.00659	0.00275	0.00275
20	0.01139	0.00958	0.01043	0.04225	0.02158	0.10707	0.02185	0.10561	0.11925	0.08299	0.06601	0.14958	0.05439	0.02200	0.00661	0.00160	0.12689	0.00614	0.02925	0.00553
21	0.00794	0.00788	0.05800	0.02295	0.01036	0.00899	0.00781	0.00946	0.00733	0.01083	0.01019	0.01542	0.02201	0.07261	0.39413	0.00458	0.31816	0.00460	0.00227	0.00448
22	0.09899	0.01022	0.03371	0.00855	0.01217	0.03407	0.03271	0.16640	0.12502	0.07805	0.01064	0.01106	0.00802	0.00449	0.00391	0.00112	0.00414	0.00353	0.00350	0.34971
23	0.00938	0.00786	0.00998	0.00749	0.01103	0.00629	0.05252	0.02486	0.02105	0.03321	0.04067	0.06656	0.03201	0.00481	0.00387	0.00091	0.00355	0.01685	0.00304	0.64407
24	0.00999	0.00827	0.00961	0.00694	0.01091	0.00648	0.00557	0.04279	0.02746	0.03366	0.00862	0.00976	0.00701	0.00355	0.00346	0.00073	0.00344	0.00284	0.00287	0.79607
25	0.05786	0.01093	0.01082	0.00900	0.01194	0.15468	0.03243	0.14097	0.06269	0.12444	0.03256	0.01740	0.03903	0.00597	0.00441	0.00130	0.00474	0.09586	0.00371	0.17927
26	0.87276	0.00876	0.00666	0.00596	0.00876	0.01017	0.00491	0.01332	0.00771	0.02033	0.00631	0.00736	0.00491	0.00421	0.00280	0.00140	0.00351	0.00245	0.00280	0.00491
27	0.00657	0.00445	0.00524	0.00524	0.00534	0.00455	0.00312	0.00678	0.00668	0.00901	0.01400	0.02814	0.01582	0.73798	0.12494	0.00476	0.00538	0.00637	0.00271	0.00291
28	0.00980	0.20913	0.61444	0.01172	0.01758	0.01230	0.01451	0.01408	0.00941	0.01342	0.00765	0.00906	0.00576	0.00431	0.00429	0.00134	0.02968	0.00316	0.00192	0.00645
29	0.01082	0.01040	0.01623	0.23616	0.50329	0.04436	0.01268	0.03553	0.01035	0.01419	0.00838	0.01120	0.00681	0.00419	0.00441	0.00134	0.00554	0.00391	0.00228	0.05794
30	0.00536	0.00459	0.00459	0.00459	0.00612	0.00383	0.00344	0.00650	0.01033	0.01224	0.04590	0.04361	0.81065	0.01148	0.00536	0.00153	0.00230	0.00956	0.00421	0.00383
31	0.00711	0.00508	0.00709	0.00813	0.00909	0.00505	0.00698	0.00906	0.01025	0.01335	0.02410	0.13419	0.02649	0.01269	0.00621	0.00206	0.00401	0.70077	0.00418	0.00412
32	0.00562	0.00416	0.00526	0.00592	0.00652	0.00379	0.00408	0.00667	0.00956	0.01264	0.14182	0.58214	0.16922	0.01301	0.00565	0.00173	0.00250	0.01162	0.00432	0.00379
33	0.00909	0.02344	0.81727	0.01292	0.01961	0.01052	0.01674	0.01435	0.00957	0.01435	0.00813	0.00957	0.00574	0.00431	0.00431	0.00144	0.00670	0.00335	0.00191	0.00670
34	0.01073	0.01214	0.02624	0.01962	0.07075	0.01142	0.74936	0.01448	0.01067	0.01453	0.00913	0.01216	0.00689	0.00383	0.00530	0.00152	0.00750	0.00527	0.00229	0.00618
35	0.01723	0.01269	0.01360	0.01043	0.01405	0.01405	0.00861	0.79738	0.02131	0.02856	0.01088	0.01088	0.00771	0.00544	0.00453	0.00136	0.00499	0.00408	0.00453	0.00771
36	0.00551	0.00397	0.00523	0.00624	0.00655	0.00369	0.00418	0.00632	0.00874	0.01159	0.02580	0.80662	0.06062	0.01409	0.00577	0.00183	0.00262	0.01275	0.00421	0.00369
37	0.00552	0.00394	0.00526	0.00631	0.00657	0.00368	0.00421	0.00631	0.00868	0.01157	0.02498	0.83779	0.02997	0.01420	0.00578	0.00184	0.00263	0.01288	0.00421	0.00368

[dist]
# distance from previous block
# <min> <max>
0	0

# created by:
# /st0/software/busco_prod/Augustus/scripts/msa2prfl.pl ./align_prep/107013.fa
