[name]
unknown

[dist]
# distance from previous block
# <min> <max>
9	345

[block]
# block no. 0 follows, 63 sequences, length 11
# corresponding to MSA columns:
# 370-380
name=unknown_A
#
# <colnr> <probs for GDERKNQSTAVLIFYWHMCP>
#	G	D	E	R	K	N	Q	S	T	A	V	L	I	F	Y	W	H	M	C	P
0	0.52411	0.00885	0.00897	0.04035	0.10580	0.00996	0.00650	0.11844	0.08498	0.04494	0.00811	0.00891	0.00614	0.00426	0.00326	0.00130	0.00374	0.00300	0.00296	0.00542
1	0.01099	0.00997	0.01768	0.02314	0.63938	0.00979	0.13454	0.01358	0.00982	0.07724	0.00868	0.01085	0.00691	0.00383	0.00429	0.00128	0.00520	0.00397	0.00233	0.00655
2	0.01012	0.00970	0.01656	0.11872	0.73532	0.00991	0.01276	0.01266	0.00944	0.01339	0.00786	0.01050	0.00654	0.00380	0.00417	0.00127	0.00506	0.00374	0.00206	0.00643
3	0.00586	0.00432	0.00561	0.00535	0.00636	0.00407	0.00403	0.00769	0.01108	0.01548	0.65113	0.03064	0.11691	0.01141	0.09950	0.00195	0.00305	0.00738	0.00428	0.00390
4	0.01886	0.00715	0.00976	0.00748	0.01073	0.00618	0.00618	0.02049	0.01203	0.82895	0.01658	0.01431	0.01041	0.00520	0.00423	0.00130	0.00358	0.00423	0.00520	0.00715
5	0.01426	0.00730	0.00928	0.00691	0.01038	0.00592	0.00564	0.01600	0.01053	0.45928	0.01245	0.01177	0.00851	0.00426	0.00372	0.00099	0.00337	0.00344	0.00397	0.40201
6	0.01831	0.00717	0.00970	0.00741	0.01069	0.00615	0.00611	0.01994	0.01185	0.78428	0.01609	0.01400	0.01018	0.00509	0.00417	0.00126	0.00355	0.00413	0.00505	0.05487
7	0.00872	0.00747	0.00872	0.00623	0.00996	0.00560	0.00498	0.01058	0.00872	0.01370	0.00747	0.00872	0.00623	0.00311	0.00311	0.00062	0.00311	0.00249	0.00249	0.87796
8	0.00605	0.00435	0.00554	0.00618	0.00669	0.00424	0.00425	0.07471	0.00905	0.01208	0.02205	0.77783	0.02604	0.01248	0.00527	0.00167	0.00263	0.01125	0.00393	0.00373
9	0.01512	0.00690	0.02991	0.00716	0.00984	0.00588	0.00591	0.04312	0.01184	0.57283	0.15450	0.08828	0.01665	0.00643	0.00444	0.00134	0.00331	0.00542	0.00487	0.00627
10	0.08240	0.00835	0.12765	0.00824	0.06823	0.00667	0.00677	0.07268	0.04192	0.01706	0.48182	0.02224	0.02571	0.00678	0.00447	0.00132	0.00318	0.00581	0.00381	0.00489

[dist]
# distance from previous block
# <min> <max>
1	4

[block]
# block no. 1 follows, 63 sequences, length 22
# corresponding to MSA columns:
# 385-406
name=unknown_B
#
# <colnr> <probs for GDERKNQSTAVLIFYWHMCP>
#	G	D	E	R	K	N	Q	S	T	A	V	L	I	F	Y	W	H	M	C	P
0	0.01066	0.00945	0.01596	0.02253	0.66822	0.00937	0.04318	0.01330	0.02710	0.06844	0.06281	0.01221	0.00922	0.00420	0.00425	0.00127	0.00475	0.00410	0.00251	0.00647
1	0.00785	0.00583	0.00800	0.00727	0.04610	0.00530	0.04273	0.01040	0.05423	0.06909	0.50990	0.02408	0.04046	0.00692	0.00454	0.00122	0.00272	0.00614	0.00406	0.14316
2	0.00863	0.01723	0.57947	0.01181	0.05373	0.00878	0.06635	0.01271	0.00948	0.04590	0.11636	0.03066	0.01069	0.00481	0.00423	0.00134	0.00547	0.00409	0.00237	0.00588
3	0.00827	0.00712	0.02230	0.00934	0.11951	0.00613	0.04395	0.01049	0.02265	0.03334	0.27532	0.03906	0.01797	0.00546	0.00426	0.00106	0.01896	0.00481	0.00322	0.34680
4	0.01018	0.01053	0.05511	0.05869	0.69735	0.01000	0.07049	0.01287	0.00952	0.01357	0.00792	0.01043	0.00653	0.00376	0.00421	0.00127	0.00523	0.00380	0.00206	0.00648
5	0.01041	0.00992	0.01656	0.02465	0.77162	0.01002	0.01248	0.01353	0.06358	0.01399	0.00852	0.01076	0.00707	0.00388	0.00417	0.00126	0.00488	0.00381	0.00223	0.00666
6	0.00749	0.00660	0.06161	0.00807	0.04693	0.00542	0.08830	0.00971	0.01105	0.06962	0.48919	0.04708	0.10071	0.00768	0.00484	0.00136	0.00309	0.02266	0.00401	0.00457
7	0.00833	0.00647	0.00749	0.00670	0.00835	0.00682	0.00518	0.09751	0.24733	0.01809	0.50277	0.02457	0.02841	0.00738	0.00468	0.00135	0.00265	0.00637	0.00448	0.00509
8	0.01570	0.02004	0.01191	0.01083	0.01300	0.83539	0.00812	0.01679	0.01191	0.01029	0.00650	0.00758	0.00541	0.00433	0.00379	0.00108	0.00758	0.00271	0.00217	0.00487
9	0.00885	0.00791	0.01052	0.00752	0.01131	0.00617	0.09552	0.01091	0.00885	0.01367	0.00759	0.00901	0.00624	0.00316	0.00332	0.00071	0.00356	0.00277	0.00245	0.77995
10	0.00512	0.00366	0.00488	0.00585	0.00610	0.00341	0.00390	0.00585	0.00805	0.01073	0.02317	0.84952	0.02780	0.01317	0.00537	0.00171	0.00244	0.01195	0.00390	0.00341
11	0.00611	0.00408	0.00458	0.00458	0.00458	0.00408	0.00255	0.00611	0.00611	0.00815	0.01325	0.02751	0.01528	0.85226	0.02140	0.00408	0.00408	0.00611	0.00255	0.00255
12	0.00834	0.02112	0.80093	0.01174	0.01777	0.00956	0.01512	0.01312	0.00898	0.01344	0.03679	0.00968	0.00656	0.00416	0.00403	0.00133	0.00606	0.00327	0.00188	0.00613
13	0.01040	0.00999	0.01706	0.02580	0.82604	0.00999	0.01290	0.01290	0.00957	0.01373	0.00791	0.01040	0.00666	0.00375	0.00416	0.00125	0.00499	0.00375	0.00208	0.00666
14	0.00804	0.00757	0.01279	0.80908	0.06125	0.00937	0.01172	0.01083	0.00845	0.01086	0.00749	0.01118	0.00565	0.00418	0.00420	0.00139	0.00558	0.00374	0.00188	0.00475
15	0.01026	0.00825	0.00926	0.00733	0.01046	0.00784	0.00582	0.08653	0.27893	0.04929	0.04089	0.01220	0.00989	0.00443	0.00371	0.00100	0.00330	0.00361	0.00343	0.44359
16	0.00906	0.00861	0.01463	0.47247	0.38992	0.00963	0.01223	0.01172	0.00893	0.01210	0.00767	0.01084	0.00608	0.00400	0.00418	0.00133	0.00533	0.00374	0.00196	0.00557
17	0.01555	0.04835	0.01226	0.01071	0.01292	0.80762	0.00809	0.01664	0.01180	0.01027	0.00648	0.00755	0.00541	0.00431	0.00375	0.00108	0.00748	0.00269	0.00215	0.00489
18	0.00610	0.00414	0.00492	0.00492	0.00504	0.00426	0.00297	0.00633	0.00621	0.00840	0.01293	0.02579	0.01454	0.72389	0.14875	0.00449	0.00520	0.00586	0.00250	0.00274
19	0.74988	0.00798	0.00673	0.00583	0.00853	0.00893	0.00480	0.01360	0.00790	0.14283	0.00750	0.00797	0.00545	0.00410	0.00285	0.00130	0.00330	0.00257	0.00300	0.00495
20	0.00497	0.00426	0.00426	0.00426	0.00568	0.00355	0.00319	0.00603	0.00958	0.01136	0.04259	0.04046	0.82433	0.01065	0.00497	0.00142	0.00213	0.00887	0.00390	0.00355
21	0.88196	0.00813	0.00618	0.00553	0.00813	0.00943	0.00455	0.01236	0.00715	0.01886	0.00585	0.00683	0.00455	0.00390	0.00260	0.00130	0.00325	0.00228	0.00260	0.00455

[dist]
# distance from previous block
# <min> <max>
0	13

[block]
# block no. 2 follows, 63 sequences, length 82
# corresponding to MSA columns:
# 420-461,464-482,493-513
name=unknown_C
#
# <colnr> <probs for GDERKNQSTAVLIFYWHMCP>
#	G	D	E	R	K	N	Q	S	T	A	V	L	I	F	Y	W	H	M	C	P
0	0.00992	0.01134	0.02481	0.01772	0.02197	0.01063	0.81077	0.01347	0.00992	0.01347	0.00850	0.01134	0.00638	0.00354	0.00496	0.00142	0.00709	0.00496	0.00213	0.00567
1	0.03584	0.60706	0.01888	0.00813	0.01131	0.23711	0.00737	0.01371	0.00941	0.01024	0.00602	0.00697	0.00538	0.00380	0.00299	0.00096	0.00529	0.00237	0.00192	0.00523
2	0.00516	0.00427	0.00453	0.00446	0.00580	0.00363	0.00335	0.00641	0.01004	0.01244	0.19583	0.03868	0.67041	0.01024	0.00497	0.00140	0.00210	0.00862	0.00405	0.00363
3	0.00992	0.01134	0.02481	0.01772	0.02197	0.01063	0.81077	0.01347	0.00992	0.01347	0.00850	0.01134	0.00638	0.00354	0.00496	0.00142	0.00709	0.00496	0.00213	0.00567
4	0.00872	0.00747	0.00872	0.00623	0.00996	0.00560	0.00498	0.01058	0.00872	0.01370	0.00747	0.00872	0.00623	0.00311	0.00311	0.00062	0.00311	0.00249	0.00249	0.87796
5	0.01244	0.02907	0.04431	0.01554	0.34761	0.00904	0.02681	0.06755	0.10297	0.20769	0.04543	0.01259	0.00956	0.00457	0.00415	0.00125	0.00431	0.00405	0.00332	0.04774
6	0.00794	0.00747	0.01261	0.84216	0.02895	0.00934	0.01167	0.01074	0.00841	0.01074	0.00747	0.01121	0.00560	0.00420	0.00420	0.00140	0.00560	0.00374	0.00187	0.00467
7	0.01124	0.85479	0.02203	0.00719	0.01079	0.01663	0.00719	0.01259	0.00854	0.00989	0.00584	0.00674	0.00539	0.00360	0.00270	0.00090	0.00450	0.00225	0.00180	0.00539
8	0.00512	0.00366	0.00488	0.00585	0.00610	0.00341	0.00390	0.00585	0.00805	0.01073	0.02317	0.84952	0.02780	0.01317	0.00537	0.00171	0.00244	0.01195	0.00390	0.00341
9	0.01605	0.01167	0.01255	0.00962	0.01298	0.01288	0.00795	0.79389	0.01959	0.04488	0.01024	0.01019	0.00722	0.00505	0.00421	0.00126	0.00460	0.00379	0.00423	0.00715
10	0.00794	0.00747	0.01261	0.84216	0.02895	0.00934	0.01167	0.01074	0.00841	0.01074	0.00747	0.01121	0.00560	0.00420	0.00420	0.00140	0.00560	0.00374	0.00187	0.00467
11	0.00611	0.00408	0.00458	0.00458	0.00458	0.00408	0.00255	0.00611	0.00611	0.00815	0.01325	0.02751	0.01528	0.85226	0.02140	0.00408	0.00408	0.00611	0.00255	0.00255
12	0.00595	0.00430	0.00562	0.00529	0.00628	0.00397	0.00397	0.00793	0.01190	0.01686	0.82382	0.03140	0.03966	0.00859	0.00496	0.00132	0.00198	0.00760	0.00463	0.00397
13	0.00922	0.00878	0.01492	0.41894	0.44218	0.00968	0.01231	0.01186	0.00901	0.01229	0.00770	0.01079	0.00615	0.00397	0.00418	0.00132	0.00529	0.00374	0.00198	0.00570
14	0.00728	0.00366	0.00546	0.00546	0.00546	0.00366	0.00363	0.00549	0.00549	0.00732	0.00743	0.01310	0.00747	0.03267	0.01654	0.85885	0.00366	0.00370	0.00184	0.00184
15	0.00872	0.00747	0.00872	0.00623	0.00996	0.00560	0.00498	0.01058	0.00872	0.01370	0.00747	0.00872	0.00623	0.00311	0.00311	0.00062	0.00311	0.00249	0.00249	0.87796
16	0.01054	0.01035	0.01726	0.02499	0.76534	0.03454	0.04902	0.01304	0.00966	0.01362	0.00789	0.01036	0.00661	0.00375	0.00419	0.00125	0.00517	0.00377	0.00209	0.00656
17	0.00601	0.00450	0.00676	0.00676	0.00751	0.00525	0.00525	0.00751	0.00676	0.00976	0.01126	0.01651	0.01051	0.03153	0.83560	0.00676	0.01126	0.00450	0.00225	0.00375
18	0.00504	0.00426	0.00435	0.00433	0.00572	0.00358	0.00325	0.00616	0.00974	0.01174	0.09679	0.03983	0.76990	0.01050	0.00497	0.00141	0.00212	0.00878	0.00395	0.00358
19	0.00794	0.00747	0.01261	0.84216	0.02895	0.00934	0.01167	0.01074	0.00841	0.01074	0.00747	0.01121	0.00560	0.00420	0.00420	0.00140	0.00560	0.00374	0.00187	0.00467
20	0.00509	0.00426	0.00443	0.00438	0.00575	0.00360	0.00329	0.00627	0.00987	0.01203	0.13826	0.03935	0.72824	0.01040	0.00497	0.00141	0.00211	0.00872	0.00399	0.00360
21	0.00992	0.01134	0.02481	0.01772	0.02197	0.01063	0.81077	0.01347	0.00992	0.01347	0.00850	0.01134	0.00638	0.00354	0.00496	0.00142	0.00709	0.00496	0.00213	0.00567
22	0.00794	0.00747	0.01261	0.84216	0.02895	0.00934	0.01167	0.01074	0.00841	0.01074	0.00747	0.01121	0.00560	0.00420	0.00420	0.00140	0.00560	0.00374	0.00187	0.00467
23	0.00984	0.01110	0.02348	0.01698	0.02076	0.01088	0.72197	0.01309	0.00954	0.01309	0.00817	0.01110	0.00628	0.00397	0.00594	0.00146	0.09987	0.00482	0.00209	0.00555
24	0.00977	0.00934	0.01591	0.23717	0.61966	0.00982	0.01258	0.01234	0.00927	0.01296	0.00779	0.01061	0.00639	0.00386	0.00417	0.00129	0.00515	0.00374	0.00203	0.00614
25	0.01806	0.00776	0.01006	0.00775	0.01096	0.00715	0.00639	0.12937	0.02615	0.68834	0.03245	0.01410	0.01060	0.00526	0.00424	0.00130	0.00368	0.00424	0.00504	0.00708
26	0.00583	0.00429	0.00546	0.00517	0.00621	0.00392	0.00387	0.00771	0.01162	0.01620	0.73031	0.03249	0.13359	0.00884	0.00496	0.00133	0.00200	0.00775	0.00454	0.00392
27	0.00512	0.00366	0.00488	0.00585	0.00610	0.00341	0.00390	0.00585	0.00805	0.01073	0.02317	0.84952	0.02780	0.01317	0.00537	0.00171	0.00244	0.01195	0.00390	0.00341
28	0.00998	0.01103	0.02335	0.01728	0.05003	0.01049	0.72089	0.03544	0.02128	0.01376	0.00874	0.01151	0.00664	0.00459	0.03356	0.00159	0.00704	0.00487	0.00222	0.00569
29	0.01006	0.00971	0.01676	0.13289	0.69223	0.00993	0.04148	0.01264	0.00943	0.01333	0.00787	0.01054	0.00651	0.00380	0.00420	0.00127	0.00515	0.00379	0.00205	0.00636
30	0.00794	0.00747	0.01261	0.84216	0.02895	0.00934	0.01167	0.01074	0.00841	0.01074	0.00747	0.01121	0.00560	0.00420	0.00420	0.00140	0.00560	0.00374	0.00187	0.00467
31	0.00512	0.00366	0.00488	0.00585	0.00610	0.00341	0.00390	0.00585	0.00805	0.01073	0.02317	0.84952	0.02780	0.01317	0.00537	0.00171	0.00244	0.01195	0.00390	0.00341
32	0.01040	0.00999	0.01706	0.02580	0.82604	0.00999	0.01290	0.01290	0.00957	0.01373	0.00791	0.01040	0.00666	0.00375	0.00416	0.00125	0.00499	0.00375	0.00208	0.00666
33	0.00576	0.00429	0.00536	0.00509	0.00616	0.00389	0.00382	0.00757	0.01145	0.01580	0.67326	0.03315	0.19089	0.00899	0.00496	0.00134	0.00201	0.00785	0.00449	0.00389
34	0.00872	0.00747	0.00872	0.00623	0.00996	0.00560	0.00498	0.01058	0.00872	0.01370	0.00747	0.00872	0.00623	0.00311	0.00311	0.00062	0.00311	0.00249	0.00249	0.87796
35	0.00872	0.00747	0.00872	0.00623	0.00996	0.00560	0.00498	0.01058	0.00872	0.01370	0.00747	0.00872	0.00623	0.00311	0.00311	0.00062	0.00311	0.00249	0.00249	0.87796
36	0.00976	0.00813	0.00927	0.00682	0.01042	0.00688	0.00548	0.11349	0.06552	0.01559	0.00846	0.00937	0.00680	0.00354	0.00333	0.00076	0.00332	0.00281	0.00283	0.70742
37	0.00501	0.00426	0.00432	0.00430	0.00570	0.00357	0.00323	0.00611	0.00968	0.01159	0.07509	0.04008	0.79168	0.01056	0.00497	0.00142	0.00212	0.00882	0.00393	0.00357
38	0.01478	0.01850	0.01205	0.01086	0.01272	0.71900	0.00827	0.01584	0.01114	0.01026	0.00636	0.00781	0.00543	0.00476	0.00521	0.00119	0.12602	0.00284	0.00212	0.00483
39	0.00992	0.01134	0.02481	0.01772	0.02197	0.01063	0.81077	0.01347	0.00992	0.01347	0.00850	0.01134	0.00638	0.00354	0.00496	0.00142	0.00709	0.00496	0.00213	0.00567
40	0.00611	0.00408	0.00458	0.00458	0.00458	0.00408	0.00255	0.00611	0.00611	0.00815	0.01325	0.02751	0.01528	0.85226	0.02140	0.00408	0.00408	0.00611	0.00255	0.00255
41	0.01252	0.01029	0.01100	0.05071	0.01275	0.04604	0.01851	0.29156	0.43342	0.03338	0.01373	0.01361	0.01026	0.00540	0.00426	0.00136	0.00413	0.01644	0.00402	0.00660
42	0.01022	0.01163	0.03570	0.01675	0.02082	0.04026	0.71493	0.04405	0.01026	0.01374	0.00856	0.01127	0.00648	0.00447	0.02955	0.00156	0.00712	0.00479	0.00221	0.00565
43	0.01182	0.00879	0.00954	0.00830	0.01080	0.00984	0.00654	0.08598	0.61749	0.11781	0.01632	0.01506	0.01198	0.00555	0.00420	0.00138	0.00340	0.00457	0.04398	0.00663
44	0.00589	0.00388	0.00518	0.00591	0.00635	0.00359	0.00403	0.00674	0.00848	0.05414	0.06852	0.75888	0.02756	0.01249	0.00528	0.00166	0.00247	0.01130	0.00401	0.00364
45	0.01124	0.85479	0.02203	0.00719	0.01079	0.01663	0.00719	0.01259	0.00854	0.00989	0.00584	0.00674	0.00539	0.00360	0.00270	0.00090	0.00450	0.00225	0.00180	0.00539
46	0.01029	0.00987	0.01686	0.06290	0.78981	0.00996	0.01285	0.01280	0.00952	0.01360	0.00789	0.01044	0.00661	0.00377	0.00416	0.00126	0.00502	0.00375	0.00207	0.00657
47	0.01034	0.01069	0.01978	0.01468	0.01818	0.02801	0.53307	0.01526	0.17453	0.03825	0.01023	0.01203	0.00773	0.00429	0.00532	0.00142	0.06177	0.00470	0.00265	0.02707
48	0.01075	0.00966	0.00964	0.00868	0.01105	0.05740	0.00674	0.02202	0.77254	0.01717	0.01651	0.01522	0.01241	0.00563	0.00425	0.00141	0.00357	0.00464	0.00416	0.00655
49	0.01809	0.00709	0.00983	0.00757	0.01073	0.00617	0.01961	0.01976	0.01190	0.77625	0.04033	0.01481	0.01121	0.00575	0.01936	0.00140	0.00373	0.00435	0.00508	0.00697
50	0.01008	0.00851	0.01126	0.01093	0.11192	0.00913	0.08186	0.05108	0.42627	0.04619	0.16877	0.01734	0.01626	0.00577	0.00445	0.00137	0.00369	0.00513	0.00390	0.00609
51	0.09919	0.01110	0.05030	0.01653	0.10178	0.01029	0.57076	0.03053	0.00986	0.04561	0.00848	0.01078	0.00635	0.00371	0.00456	0.00138	0.00626	0.00444	0.00232	0.00576
52	0.00531	0.00383	0.00506	0.00593	0.00630	0.00361	0.00407	0.00632	0.01949	0.01121	0.05984	0.74886	0.03985	0.01274	0.00535	0.00169	0.00250	0.05060	0.00394	0.00351
53	0.00609	0.00408	0.00465	0.00471	0.00474	0.00407	0.00270	0.00617	0.00627	0.00835	0.01382	0.05760	0.01595	0.80157	0.02044	0.00394	0.00401	0.02560	0.00263	0.00261
54	0.01035	0.00993	0.01697	0.04359	0.80867	0.00997	0.01287	0.01285	0.00955	0.01367	0.00790	0.01042	0.00664	0.00376	0.00416	0.00125	0.00501	0.00375	0.00208	0.00662
55	0.00542	0.00411	0.00496	0.00535	0.00618	0.00373	0.00390	0.00654	0.00922	0.01191	0.14686	0.31698	0.30559	0.05736	0.00609	0.00170	0.00251	0.09413	0.00393	0.00354
56	0.00524	0.00374	0.00502	0.00599	0.00629	0.00352	0.00411	0.00606	0.00817	0.01087	0.02310	0.79089	0.02754	0.01306	0.00540	0.00172	0.00254	0.06939	0.00390	0.00345
57	0.00902	0.05699	0.71044	0.01137	0.01706	0.00978	0.01427	0.03030	0.00924	0.04279	0.00852	0.01075	0.00641	0.00439	0.00403	0.00134	0.00590	0.03924	0.00205	0.00612
58	0.01061	0.01041	0.01676	0.03757	0.77694	0.04749	0.01267	0.01304	0.00966	0.01353	0.00784	0.01029	0.00659	0.00378	0.00415	0.00124	0.00512	0.00370	0.00208	0.00655
59	0.00607	0.00460	0.00688	0.00685	0.00758	0.00541	0.00534	0.00756	0.00675	0.00977	0.01114	0.01636	0.01040	0.03102	0.81837	0.00665	0.02874	0.00449	0.00224	0.00377
60	0.00821	0.00766	0.01272	0.78650	0.05633	0.00945	0.01158	0.02554	0.02026	0.01123	0.00767	0.01122	0.00577	0.00422	0.00420	0.00139	0.00553	0.00375	0.00195	0.00481
61	0.02693	0.00749	0.00866	0.00621	0.00992	0.00568	0.00497	0.01062	0.00868	0.01381	0.00744	0.00868	0.00619	0.00313	0.00310	0.00064	0.00312	0.00249	0.00249	0.85975
62	0.00859	0.03969	0.77520	0.01172	0.01770	0.00995	0.01494	0.01371	0.04566	0.01343	0.00794	0.00914	0.00567	0.00406	0.00398	0.00133	0.00604	0.00316	0.00189	0.00621
63	0.01338	0.01157	0.04849	0.00939	0.01242	0.05688	0.00780	0.41212	0.34253	0.02140	0.01262	0.01217	0.00927	0.00523	0.00420	0.00132	0.00433	0.00409	0.00401	0.00678
64	0.01388	0.00995	0.14274	0.00991	0.09692	0.00724	0.00816	0.03617	0.02460	0.40313	0.01211	0.01182	0.00828	0.00463	0.00419	0.01755	0.00408	0.00364	0.00369	0.17731
65	0.00994	0.01845	0.06930	0.00676	0.00871	0.00533	0.00561	0.01185	0.04274	0.26211	0.05776	0.31602	0.11722	0.00978	0.03662	0.00167	0.00342	0.00763	0.00410	0.00499
66	0.01393	0.00704	0.01086	0.00879	0.01150	0.00640	0.11636	0.01606	0.02326	0.46750	0.07664	0.02238	0.01506	0.00663	0.00473	0.00146	0.00400	0.17698	0.00444	0.00599
67	0.01000	0.00958	0.01634	0.15822	0.69675	0.00988	0.01270	0.01255	0.00938	0.01325	0.00784	0.01053	0.00649	0.00382	0.00417	0.00127	0.00509	0.00374	0.00205	0.00634
68	0.01038	0.00988	0.01610	0.03397	0.73030	0.02398	0.01213	0.03906	0.00999	0.01406	0.02888	0.01178	0.03232	0.00413	0.00420	0.00125	0.00487	0.00398	0.00227	0.00646
69	0.01112	0.01031	0.09750	0.08652	0.07285	0.06430	0.22379	0.01366	0.01004	0.18427	0.01289	0.09046	0.02371	0.00574	0.00461	0.00142	0.00524	0.07297	0.00305	0.00557
70	0.00794	0.00741	0.01244	0.78609	0.04576	0.00915	0.01148	0.01070	0.00849	0.01089	0.00815	0.01284	0.00647	0.00453	0.00427	0.00142	0.00551	0.03982	0.00196	0.00468
71	0.00512	0.00366	0.00488	0.00585	0.00610	0.00341	0.00390	0.00585	0.00805	0.01073	0.02317	0.84952	0.02780	0.01317	0.00537	0.00171	0.00244	0.01195	0.00390	0.00341
72	0.00978	0.00941	0.01628	0.17609	0.61127	0.00972	0.05309	0.01235	0.00935	0.01310	0.00833	0.02348	0.00706	0.00409	0.00426	0.00130	0.00516	0.01762	0.00210	0.00614
73	0.01593	0.00844	0.03003	0.01258	0.22963	0.00763	0.00825	0.05412	0.02369	0.53249	0.02479	0.01320	0.00958	0.00483	0.00421	0.00129	0.00404	0.00411	0.00422	0.00695
74	0.00958	0.00786	0.02918	0.41445	0.18101	0.00827	0.02673	0.01198	0.00934	0.12494	0.01369	0.01547	0.11945	0.00512	0.00432	0.00136	0.00477	0.00453	0.00266	0.00531
75	0.01886	0.00715	0.00976	0.00748	0.01073	0.00618	0.00618	0.02049	0.01203	0.82895	0.01658	0.01431	0.01041	0.00520	0.00423	0.00130	0.00358	0.00423	0.00520	0.00715
76	0.00846	0.02152	0.81300	0.01211	0.01828	0.00978	0.03279	0.01332	0.00890	0.01332	0.00756	0.00893	0.00535	0.00398	0.00401	0.00133	0.00623	0.00315	0.00178	0.00620
77	0.06303	0.04713	0.10274	0.04861	0.05694	0.00880	0.14181	0.07513	0.01119	0.38426	0.01184	0.01182	0.00798	0.00452	0.00416	0.00130	0.00471	0.00395	0.00363	0.00644
78	0.01030	0.00989	0.01688	0.05921	0.79343	0.00996	0.01285	0.01281	0.00952	0.01361	0.00789	0.01044	0.00662	0.00376	0.00416	0.00125	0.00502	0.00375	0.00207	0.00658
79	0.00944	0.00521	0.00660	0.00578	0.00750	0.00466	0.00449	0.02768	0.01159	0.23514	0.42266	0.03961	0.18663	0.00808	0.00475	0.00134	0.00250	0.00692	0.00462	0.00480
80	0.02819	0.00867	0.06645	0.01145	0.17629	0.00724	0.00810	0.01805	0.02218	0.56805	0.01422	0.03163	0.00964	0.00499	0.00420	0.00130	0.00401	0.00421	0.00426	0.00686
81	0.21428	0.00980	0.01368	0.01846	0.50005	0.03956	0.02682	0.01391	0.07971	0.03290	0.00838	0.01003	0.00674	0.00400	0.00381	0.00127	0.00455	0.00349	0.00247	0.00609

[dist]
# distance from previous block
# <min> <max>
2	9

[block]
# block no. 3 follows, 63 sequences, length 79
# corresponding to MSA columns:
# 524-602
name=unknown_D
#
# <colnr> <probs for GDERKNQSTAVLIFYWHMCP>
#	G	D	E	R	K	N	Q	S	T	A	V	L	I	F	Y	W	H	M	C	P
0	0.01055	0.46975	0.17728	0.00785	0.01150	0.01220	0.00821	0.01272	0.00949	0.09008	0.14183	0.01195	0.01150	0.00465	0.00347	0.00109	0.00433	0.00349	0.00259	0.00549
1	0.01174	0.00874	0.04373	0.00955	0.05158	0.00800	0.08965	0.01692	0.25610	0.21505	0.06933	0.01414	0.01158	0.00490	0.00415	0.00122	0.00384	0.00430	0.00376	0.17173
2	0.00888	0.00752	0.00873	0.00641	0.00995	0.00593	0.00510	0.03711	0.03702	0.01414	0.00849	0.04092	0.00730	0.00365	0.00327	0.00071	0.00314	0.00297	0.00266	0.78609
3	0.01146	0.00906	0.01077	0.01038	0.10557	0.00967	0.01684	0.10542	0.45511	0.08394	0.02591	0.01371	0.01084	0.00508	0.00413	0.00128	0.00368	0.00427	0.00386	0.10901
4	0.01073	0.00988	0.01679	0.02511	0.79509	0.00984	0.01265	0.01319	0.00967	0.04468	0.00824	0.01055	0.00680	0.00380	0.00416	0.00125	0.00494	0.00376	0.00220	0.00668
5	0.00914	0.00870	0.01478	0.44385	0.41786	0.00966	0.01227	0.01179	0.00897	0.01220	0.00768	0.01082	0.00612	0.00398	0.00418	0.00133	0.00531	0.00374	0.00197	0.00564
6	0.00930	0.00766	0.00926	0.00747	0.05574	0.00607	0.00554	0.01159	0.04168	0.04712	0.00826	0.00932	0.00669	0.00334	0.00326	0.00072	0.00325	0.00272	0.00265	0.75836
7	0.01470	0.01775	0.01138	0.01015	0.01243	0.67537	0.00768	0.06580	0.03222	0.01192	0.03583	0.00934	0.01967	0.00459	0.00385	0.00109	0.00676	0.00308	0.00248	0.05391
8	0.00757	0.00624	0.00856	0.00743	0.00901	0.00638	0.08862	0.02414	0.20023	0.01542	0.38565	0.03946	0.03989	0.09155	0.03944	0.00186	0.00348	0.01648	0.00394	0.00466
9	0.00520	0.00399	0.00477	0.00516	0.00597	0.00356	0.00365	0.00626	0.00925	0.01197	0.16157	0.41190	0.32869	0.01147	0.00515	0.00154	0.00225	0.01008	0.00402	0.00356
10	0.00860	0.00790	0.01281	0.73342	0.06293	0.00969	0.01144	0.06270	0.00915	0.01188	0.00762	0.01105	0.00575	0.00431	0.00442	0.00139	0.02427	0.00374	0.00203	0.00492
11	0.01472	0.01024	0.01479	0.02796	0.01488	0.01045	0.20783	0.38014	0.01486	0.21755	0.01144	0.01217	0.00805	0.00514	0.01504	0.00139	0.00508	0.01776	0.00385	0.00663
12	0.88196	0.00813	0.00618	0.00553	0.00813	0.00943	0.00455	0.01236	0.00715	0.01886	0.00585	0.00683	0.00455	0.00390	0.00260	0.00130	0.00325	0.00228	0.00260	0.00455
13	0.01017	0.00765	0.00848	0.00757	0.00969	0.00836	0.00594	0.06164	0.47244	0.08353	0.15530	0.02039	0.05830	0.00657	0.00443	0.00139	0.00310	0.03542	0.03370	0.00591
14	0.01553	0.01933	0.01212	0.01130	0.04108	0.77107	0.00828	0.05128	0.01217	0.01111	0.00670	0.00779	0.00553	0.00434	0.00382	0.00110	0.00736	0.00279	0.00225	0.00503
15	0.01091	0.00904	0.00976	0.00893	0.02919	0.01034	0.00681	0.04067	0.75025	0.04919	0.01672	0.01538	0.01247	0.00562	0.00427	0.00141	0.00340	0.00469	0.00426	0.00669
16	0.00595	0.00430	0.00562	0.00529	0.00628	0.00397	0.00397	0.00793	0.01190	0.01686	0.82382	0.03140	0.03966	0.00859	0.00496	0.00132	0.00198	0.00760	0.00463	0.00397
17	0.00948	0.00801	0.00866	0.00785	0.00992	0.00905	0.00607	0.01922	0.64384	0.01743	0.19175	0.01909	0.01864	0.00633	0.00442	0.00140	0.00304	0.00537	0.00435	0.00607
18	0.01045	0.00976	0.01407	0.09812	0.45876	0.03244	0.01062	0.03356	0.25843	0.01482	0.01071	0.01202	0.00843	0.00444	0.00419	0.00131	0.00460	0.00403	0.00279	0.00643
19	0.00547	0.00416	0.00613	0.00663	0.00714	0.00390	0.05204	0.00641	0.00822	0.01096	0.02226	0.77028	0.02640	0.01254	0.00536	0.00170	0.00277	0.04028	0.00380	0.00357
20	0.00582	0.00429	0.00544	0.00515	0.00620	0.00391	0.00386	0.00768	0.01159	0.01613	0.72022	0.03260	0.14372	0.00887	0.00496	0.00134	0.00200	0.00777	0.00453	0.00391
21	0.00836	0.02123	0.80631	0.01179	0.01785	0.00959	0.01519	0.01316	0.00896	0.01342	0.03146	0.00954	0.00633	0.00413	0.00402	0.00133	0.00609	0.00324	0.00186	0.00615
22	0.00998	0.01128	0.03533	0.01890	0.14762	0.01052	0.67445	0.01338	0.00985	0.01351	0.00840	0.01116	0.00641	0.00358	0.00482	0.00139	0.00675	0.00474	0.00211	0.00583
23	0.01036	0.00994	0.01698	0.04013	0.81205	0.00998	0.01288	0.01286	0.00955	0.01368	0.00790	0.01042	0.00664	0.00375	0.00416	0.00125	0.00500	0.00375	0.00208	0.00662
24	0.01026	0.00984	0.01679	0.07504	0.77797	0.00995	0.01283	0.01277	0.00950	0.01355	0.00788	0.01045	0.00660	0.00377	0.00416	0.00126	0.00503	0.00374	0.00207	0.00654
25	0.01886	0.00715	0.00976	0.00748	0.01073	0.00618	0.00618	0.02049	0.01203	0.82895	0.01658	0.01431	0.01041	0.00520	0.00423	0.00130	0.00358	0.00423	0.00520	0.00715
26	0.01014	0.01113	0.02342	0.01733	0.05166	0.01056	0.72048	0.05406	0.01037	0.01408	0.00891	0.03098	0.00693	0.00385	0.00490	0.00141	0.00677	0.00502	0.00227	0.00573
27	0.00513	0.00370	0.00486	0.00575	0.00608	0.00343	0.00386	0.00590	0.00820	0.01087	0.03794	0.79040	0.07245	0.01295	0.00534	0.00168	0.00241	0.01170	0.00391	0.00343
28	0.00595	0.00430	0.00562	0.00529	0.00628	0.00397	0.00397	0.00793	0.01190	0.01686	0.82382	0.03140	0.03966	0.00859	0.00496	0.00132	0.00198	0.00760	0.00463	0.00397
29	0.00608	0.00434	0.00554	0.00521	0.00629	0.00396	0.00392	0.00795	0.01165	0.03101	0.72274	0.03209	0.12593	0.00876	0.00495	0.00133	0.00203	0.00768	0.00456	0.00398
30	0.00499	0.00426	0.00428	0.00428	0.00569	0.00356	0.00321	0.00607	0.00962	0.01146	0.05708	0.04029	0.80978	0.01061	0.00497	0.00142	0.00213	0.00885	0.00392	0.00356
31	0.01859	0.00758	0.01002	0.00768	0.01095	0.00682	0.00635	0.09416	0.01275	0.75427	0.01598	0.01392	0.01010	0.00519	0.00423	0.00130	0.00367	0.00419	0.00511	0.00715
32	0.00920	0.00920	0.01288	0.01104	0.01104	0.01288	0.00920	0.01012	0.00644	0.01012	0.00552	0.00920	0.00552	0.00736	0.01380	0.00184	0.84457	0.00368	0.00184	0.00460
33	0.01124	0.85479	0.02203	0.00719	0.01079	0.01663	0.00719	0.01259	0.00854	0.00989	0.00584	0.00674	0.00539	0.00360	0.00270	0.00090	0.00450	0.00225	0.00180	0.00539
34	0.00593	0.00430	0.00559	0.00527	0.00627	0.00396	0.00395	0.00790	0.01186	0.01676	0.80981	0.03156	0.05373	0.00863	0.00496	0.00132	0.00199	0.00763	0.00461	0.00396
35	0.01119	0.83980	0.03658	0.00728	0.01092	0.01651	0.00734	0.01260	0.00855	0.00995	0.00587	0.00678	0.00539	0.00360	0.00272	0.00091	0.00453	0.00226	0.00180	0.00541
36	0.00872	0.00747	0.00872	0.00623	0.00996	0.00560	0.00498	0.01058	0.00872	0.01370	0.00747	0.00872	0.00623	0.00311	0.00311	0.00062	0.00311	0.00249	0.00249	0.87796
37	0.00502	0.00414	0.00441	0.00459	0.00577	0.00353	0.00335	0.00604	0.00933	0.01135	0.05485	0.19969	0.65123	0.01110	0.00505	0.00147	0.00219	0.00945	0.00392	0.00353
38	0.00843	0.02174	0.83048	0.01198	0.01819	0.00976	0.01553	0.01331	0.00888	0.01331	0.00754	0.00888	0.00533	0.00399	0.00399	0.00133	0.00621	0.00311	0.00178	0.00621
39	0.00518	0.00384	0.00484	0.00550	0.00604	0.00350	0.00378	0.00610	0.00874	0.01149	0.11061	0.61398	0.17660	0.01222	0.00525	0.00161	0.00233	0.01093	0.00398	0.00350
40	0.00593	0.00430	0.00560	0.00527	0.00627	0.00396	0.00395	0.00790	0.01186	0.01676	0.81042	0.03156	0.05313	0.00863	0.00496	0.00132	0.00199	0.00762	0.00462	0.00396
41	0.00517	0.00375	0.00489	0.00569	0.00608	0.00347	0.00385	0.00603	0.00847	0.01126	0.08726	0.72350	0.08982	0.01262	0.00530	0.00166	0.00238	0.01137	0.00396	0.00347
42	0.00610	0.00411	0.00478	0.00478	0.00485	0.00418	0.00279	0.00624	0.00617	0.00830	0.01306	0.02651	0.01485	0.77753	0.09554	0.00432	0.00473	0.00597	0.00252	0.00266
43	0.00522	0.00373	0.00499	0.00596	0.00625	0.00350	0.00407	0.00602	0.00814	0.01084	0.02312	0.80256	0.02759	0.01308	0.00539	0.00172	0.00252	0.05796	0.00390	0.00344
44	0.00872	0.00747	0.00872	0.00623	0.00996	0.00560	0.00498	0.01058	0.00872	0.01370	0.00747	0.00872	0.00623	0.00311	0.00311	0.00062	0.00311	0.00249	0.00249	0.87796
45	0.01886	0.00715	0.00976	0.00748	0.01073	0.00618	0.00618	0.02049	0.01203	0.82895	0.01658	0.01431	0.01041	0.00520	0.00423	0.00130	0.00358	0.00423	0.00520	0.00715
46	0.00512	0.00366	0.00488	0.00585	0.00610	0.00341	0.00390	0.00585	0.00805	0.01073	0.02317	0.84952	0.02780	0.01317	0.00537	0.00171	0.00244	0.01195	0.00390	0.00341
47	0.00784	0.00392	0.00392	0.00392	0.00490	0.00392	0.00294	0.00980	0.00882	0.01567	0.01371	0.01567	0.01077	0.00490	0.00294	0.00098	0.00196	0.00392	0.87560	0.00392
48	0.00794	0.00747	0.01261	0.84216	0.02895	0.00934	0.01167	0.01074	0.00841	0.01074	0.00747	0.01121	0.00560	0.00420	0.00420	0.00140	0.00560	0.00374	0.00187	0.00467
49	0.01040	0.00999	0.01706	0.02580	0.82604	0.00999	0.01290	0.01290	0.00957	0.01373	0.00791	0.01040	0.00666	0.00375	0.00416	0.00125	0.00499	0.00375	0.00208	0.00666
50	0.00677	0.00484	0.00677	0.00774	0.00871	0.00484	0.00677	0.00871	0.00968	0.01258	0.02226	0.04742	0.02419	0.01161	0.00581	0.00194	0.00387	0.79775	0.00387	0.00387
51	0.86155	0.00841	0.00631	0.00565	0.00824	0.02889	0.00464	0.01246	0.00727	0.01866	0.00587	0.00685	0.00457	0.00391	0.00263	0.00130	0.00335	0.00229	0.00259	0.00456
52	0.00587	0.00429	0.00551	0.00520	0.00623	0.00393	0.00390	0.00778	0.01171	0.01640	0.75891	0.03215	0.10486	0.00876	0.00496	0.00133	0.00200	0.00771	0.00457	0.00393
53	0.00872	0.00747	0.00872	0.00623	0.00996	0.00560	0.00498	0.01058	0.00872	0.01370	0.00747	0.00872	0.00623	0.00311	0.00311	0.00062	0.00311	0.00249	0.00249	0.87796
54	0.00601	0.00450	0.00676	0.00676	0.00751	0.00525	0.00525	0.00751	0.00676	0.00976	0.01126	0.01651	0.01051	0.03153	0.83560	0.00676	0.01126	0.00450	0.00225	0.00375
55	0.00780	0.00393	0.00396	0.00395	0.00493	0.00392	0.00296	0.00975	0.00888	0.01570	0.03135	0.01601	0.01140	0.00498	0.00298	0.00099	0.00196	0.00400	0.85663	0.00392
56	0.00497	0.00426	0.00426	0.00426	0.00568	0.00355	0.00319	0.00603	0.00958	0.01136	0.04259	0.04046	0.82433	0.01065	0.00497	0.00142	0.00213	0.00887	0.00390	0.00355
57	0.00565	0.00429	0.00520	0.00497	0.00609	0.00384	0.00373	0.00735	0.01119	0.01516	0.58328	0.03419	0.28126	0.00923	0.00496	0.00135	0.00203	0.00799	0.00440	0.00384
58	0.01040	0.00999	0.01706	0.02580	0.82604	0.00999	0.01290	0.01290	0.00957	0.01373	0.00791	0.01040	0.00666	0.00375	0.00416	0.00125	0.00499	0.00375	0.00208	0.00666
59	0.79718	0.00862	0.00680	0.00595	0.00861	0.02335	0.00489	0.07752	0.00826	0.01934	0.00621	0.00711	0.00478	0.00400	0.00275	0.00129	0.00344	0.00241	0.00272	0.00477
60	0.01040	0.00999	0.01706	0.02580	0.82604	0.00999	0.01290	0.01290	0.00957	0.01373	0.00791	0.01040	0.00666	0.00375	0.00416	0.00125	0.00499	0.00375	0.00208	0.00666
61	0.03264	0.00832	0.01035	0.00798	0.01117	0.00802	0.00657	0.23376	0.01386	0.57602	0.01440	0.01300	0.00934	0.00539	0.00452	0.02497	0.00386	0.00406	0.00480	0.00696
62	0.00794	0.00747	0.01261	0.84216	0.02895	0.00934	0.01167	0.01074	0.00841	0.01074	0.00747	0.01121	0.00560	0.00420	0.00420	0.00140	0.00560	0.00374	0.00187	0.00467
63	0.00512	0.00366	0.00488	0.00585	0.00610	0.00341	0.00390	0.00585	0.00805	0.01073	0.02317	0.84952	0.02780	0.01317	0.00537	0.00171	0.00244	0.01195	0.00390	0.00341
64	0.88196	0.00813	0.00618	0.00553	0.00813	0.00943	0.00455	0.01236	0.00715	0.01886	0.00585	0.00683	0.00455	0.00390	0.00260	0.00130	0.00325	0.00228	0.00260	0.00455
65	0.00902	0.00694	0.00996	0.37716	0.01777	0.02973	0.02272	0.01194	0.09009	0.10800	0.03146	0.17949	0.02915	0.00695	0.00488	0.02714	0.00434	0.02542	0.00307	0.00480
66	0.00515	0.00368	0.00490	0.00583	0.00610	0.00343	0.00390	0.00593	0.00818	0.01094	0.05082	0.82126	0.02821	0.01301	0.00535	0.00169	0.00242	0.01180	0.00393	0.00343
67	0.00607	0.00441	0.00573	0.00543	0.00645	0.00412	0.00410	0.00825	0.02820	0.01675	0.78397	0.03155	0.03867	0.00862	0.00497	0.00134	0.00207	0.03070	0.00460	0.00402
68	0.00825	0.00794	0.01225	0.65054	0.02467	0.03767	0.01082	0.01066	0.00816	0.01058	0.00742	0.01116	0.00590	0.00637	0.05870	0.00179	0.11688	0.00374	0.00190	0.00461
69	0.00796	0.00745	0.01243	0.78930	0.04271	0.00923	0.01140	0.01089	0.02485	0.01093	0.00807	0.03223	0.00632	0.00445	0.00423	0.00141	0.00547	0.00396	0.00197	0.00472
70	0.01040	0.00999	0.01706	0.02580	0.82604	0.00999	0.01290	0.01290	0.00957	0.01373	0.00791	0.01040	0.00666	0.00375	0.00416	0.00125	0.00499	0.00375	0.00208	0.00666
71	0.01053	0.00929	0.00965	0.02945	0.01144	0.03271	0.00682	0.02190	0.77641	0.01722	0.01658	0.01535	0.01245	0.00563	0.00426	0.00142	0.00350	0.00467	0.00416	0.00656
72	0.00784	0.00392	0.00392	0.00392	0.00490	0.00392	0.00294	0.00980	0.00882	0.01567	0.01371	0.01567	0.01077	0.00490	0.00294	0.00098	0.00196	0.00392	0.87560	0.00392
73	0.01163	0.00952	0.01010	0.00875	0.01133	0.01088	0.00690	0.17205	0.65455	0.03180	0.01577	0.01460	0.01172	0.00557	0.00426	0.00139	0.00358	0.00456	0.00428	0.00676
74	0.01367	0.00716	0.00841	0.00696	0.00941	0.00721	0.00558	0.11055	0.17559	0.33977	0.02594	0.01469	0.01101	0.00525	0.00390	0.00124	0.00319	0.00424	0.24010	0.00613
75	0.00562	0.00410	0.00528	0.00537	0.00617	0.00376	0.00388	0.00714	0.01054	0.01454	0.51513	0.28031	0.10221	0.01015	0.00508	0.00145	0.00213	0.00903	0.00435	0.00376
76	0.01804	0.00691	0.00932	0.00721	0.01030	0.00601	0.00594	0.01969	0.01179	0.76837	0.01637	0.01441	0.01043	0.00518	0.00413	0.00128	0.00346	0.00420	0.07003	0.00691
77	0.00515	0.00373	0.00487	0.00572	0.00608	0.00345	0.00386	0.00596	0.00832	0.01104	0.05983	0.75854	0.08234	0.01280	0.00532	0.00167	0.00240	0.01155	0.00393	0.00345
78	0.01037	0.04097	0.01004	0.00848	0.01087	0.01041	0.01909	0.03308	0.72268	0.01731	0.04276	0.01571	0.01321	0.00566	0.00423	0.00139	0.00338	0.00473	0.01918	0.00646

[dist]
# distance from previous block
# <min> <max>
0	2

[block]
# block no. 4 follows, 63 sequences, length 60
# corresponding to MSA columns:
# 605-664
name=unknown_E
#
# <colnr> <probs for GDERKNQSTAVLIFYWHMCP>
#	G	D	E	R	K	N	Q	S	T	A	V	L	I	F	Y	W	H	M	C	P
0	0.01093	0.01217	0.02094	0.01643	0.07762	0.11530	0.54392	0.05071	0.02437	0.01352	0.00822	0.01066	0.00636	0.00403	0.00533	0.00139	0.06575	0.00444	0.00224	0.00565
1	0.00587	0.00429	0.00552	0.00527	0.00628	0.00394	0.00396	0.00775	0.01158	0.01619	0.72643	0.04852	0.10403	0.00892	0.00498	0.00135	0.00204	0.02461	0.00454	0.00392
2	0.01036	0.55363	0.23050	0.00948	0.04918	0.01435	0.00972	0.01265	0.00856	0.01096	0.00636	0.00760	0.00544	0.00392	0.00373	0.00108	0.05246	0.00262	0.00181	0.00562
3	0.06227	0.01241	0.05782	0.00934	0.01260	0.12394	0.00790	0.45365	0.05117	0.15132	0.01058	0.01043	0.00744	0.00488	0.00406	0.00126	0.00482	0.00363	0.00387	0.00662
4	0.50444	0.01127	0.04520	0.00747	0.01030	0.15804	0.00626	0.11795	0.01012	0.08386	0.00747	0.00809	0.00556	0.00424	0.00322	0.00126	0.00437	0.00275	0.00291	0.00523
5	0.01149	0.80760	0.02146	0.00740	0.01091	0.06292	0.00725	0.01283	0.00873	0.00991	0.00588	0.00679	0.00540	0.00364	0.00276	0.00091	0.00467	0.00227	0.00182	0.00537
6	0.00867	0.00822	0.01393	0.60068	0.26473	0.00953	0.01204	0.01138	0.00875	0.01163	0.00760	0.01097	0.00592	0.00407	0.00419	0.00136	0.00542	0.00374	0.00193	0.00526
7	0.03304	0.00779	0.00971	0.00758	0.01060	0.03130	0.01758	0.08761	0.02948	0.54499	0.09687	0.01490	0.01251	0.00531	0.00418	0.00125	0.00363	0.00434	0.00465	0.07267
8	0.01529	0.01566	0.01222	0.01041	0.01301	0.49398	0.05604	0.10512	0.09599	0.12762	0.00952	0.00986	0.00713	0.00463	0.00402	0.00119	0.00623	0.00339	0.00303	0.00567
9	0.00571	0.00391	0.00470	0.00510	0.00520	0.00381	0.00310	0.00601	0.00690	0.00920	0.01727	0.36059	0.02036	0.51226	0.01490	0.00312	0.00341	0.00848	0.00310	0.00290
10	0.09919	0.01046	0.01019	0.00842	0.01125	0.13595	0.00674	0.17417	0.17570	0.29187	0.02537	0.01227	0.00938	0.00507	0.00402	0.00129	0.00429	0.00388	0.00410	0.00640
11	0.01040	0.00999	0.01706	0.02580	0.82604	0.00999	0.01290	0.01290	0.00957	0.01373	0.00791	0.01040	0.00666	0.00375	0.00416	0.00125	0.00499	0.00375	0.00208	0.00666
12	0.00538	0.00399	0.00502	0.00536	0.00608	0.00363	0.00379	0.00661	0.00967	0.01296	0.30319	0.41453	0.18214	0.01111	0.00515	0.00152	0.00222	0.00987	0.00415	0.00363
13	0.00564	0.00422	0.00525	0.00528	0.00620	0.00386	0.00385	0.00732	0.02371	0.01438	0.47328	0.22643	0.18500	0.01002	0.00505	0.00143	0.00214	0.00883	0.00431	0.00380
14	0.00843	0.02174	0.83048	0.01198	0.01819	0.00976	0.01553	0.01331	0.00888	0.01331	0.00754	0.00888	0.00533	0.00399	0.00399	0.00133	0.00621	0.00311	0.00178	0.00621
15	0.01607	0.00765	0.00963	0.00765	0.01057	0.00733	0.00623	0.11142	0.12180	0.54283	0.09873	0.01576	0.01336	0.00560	0.00431	0.00132	0.00350	0.00459	0.00490	0.00676
16	0.00521	0.00427	0.00460	0.00451	0.00583	0.00365	0.00339	0.00650	0.01016	0.01272	0.23629	0.03821	0.62978	0.01014	0.00497	0.00140	0.00209	0.00856	0.00408	0.00365
17	0.01020	0.00978	0.01670	0.09186	0.76154	0.00994	0.01280	0.01273	0.00948	0.01349	0.00787	0.01047	0.00657	0.00378	0.00417	0.00126	0.00504	0.00374	0.00206	0.00650
18	0.01088	0.00936	0.00942	0.00844	0.01077	0.06117	0.00656	0.02105	0.68569	0.05329	0.05112	0.01616	0.02570	0.00579	0.00428	0.00139	0.00353	0.00479	0.00420	0.00640
19	0.01570	0.02004	0.01191	0.01083	0.01300	0.83539	0.00812	0.01679	0.01191	0.01029	0.00650	0.00758	0.00541	0.00433	0.00379	0.00108	0.00758	0.00271	0.00217	0.00487
20	0.00609	0.00417	0.00506	0.00506	0.00522	0.00433	0.00314	0.00642	0.00625	0.00850	0.01281	0.02511	0.01424	0.67311	0.19913	0.00466	0.00564	0.00576	0.00248	0.00281
21	0.01554	0.01969	0.01184	0.01076	0.01293	0.80948	0.00808	0.01696	0.03724	0.01052	0.00683	0.00784	0.00565	0.00438	0.00381	0.00109	0.00745	0.00277	0.00223	0.00493
22	0.01042	0.61284	0.25684	0.00858	0.01294	0.01464	0.00961	0.01280	0.00864	0.01088	0.00634	0.00736	0.00537	0.00371	0.00307	0.00102	0.00499	0.00250	0.00179	0.00563
23	0.00794	0.00747	0.01261	0.84216	0.02895	0.00934	0.01167	0.01074	0.00841	0.01074	0.00747	0.01121	0.00560	0.00420	0.00420	0.00140	0.00560	0.00374	0.00187	0.00467
24	0.07931	0.00592	0.00784	0.00717	0.00808	0.00692	0.01473	0.02556	0.00730	0.07207	0.01061	0.01637	0.01003	0.18841	0.37702	0.00437	0.14722	0.00448	0.00253	0.00406
25	0.01038	0.60126	0.26808	0.00865	0.01304	0.01454	0.00973	0.01281	0.00864	0.01093	0.00636	0.00739	0.00537	0.00372	0.00309	0.00103	0.00502	0.00251	0.00179	0.00564
26	0.00857	0.06197	0.79145	0.01175	0.01784	0.01009	0.01513	0.01328	0.00886	0.01315	0.00746	0.00877	0.00533	0.00397	0.00393	0.00131	0.00613	0.00306	0.00178	0.00617
27	0.00502	0.00417	0.00435	0.00448	0.00570	0.00355	0.00327	0.00601	0.00927	0.01118	0.03912	0.14798	0.69404	0.03600	0.00551	0.00154	0.00223	0.00920	0.00386	0.00350
28	0.00842	0.00796	0.01347	0.68377	0.18360	0.00947	0.01191	0.01116	0.00863	0.01132	0.00756	0.01105	0.00581	0.00411	0.00419	0.00137	0.00549	0.00374	0.00191	0.00506
29	0.00842	0.00797	0.01348	0.68183	0.18550	0.00947	0.01192	0.01116	0.00863	0.01133	0.00756	0.01105	0.00581	0.00411	0.00419	0.00137	0.00548	0.00374	0.00191	0.00506
30	0.00926	0.00939	0.01393	0.01162	0.01200	0.01268	0.07969	0.01041	0.00674	0.01041	0.00578	0.00939	0.00559	0.00702	0.01302	0.00180	0.77092	0.00379	0.00186	0.00469
31	0.00730	0.00365	0.00548	0.00548	0.00548	0.00365	0.00365	0.00548	0.00548	0.00730	0.00730	0.01278	0.00730	0.01460	0.01643	0.87769	0.00365	0.00365	0.00183	0.00183
32	0.88196	0.00813	0.00618	0.00553	0.00813	0.00943	0.00455	0.01236	0.00715	0.01886	0.00585	0.00683	0.00455	0.00390	0.00260	0.00130	0.00325	0.00228	0.00260	0.00455
33	0.88196	0.00813	0.00618	0.00553	0.00813	0.00943	0.00455	0.01236	0.00715	0.01886	0.00585	0.00683	0.00455	0.00390	0.00260	0.00130	0.00325	0.00228	0.00260	0.00455
34	0.83300	0.00834	0.00654	0.00576	0.00841	0.00963	0.00475	0.05757	0.00787	0.01929	0.00609	0.00701	0.00470	0.00397	0.00269	0.00130	0.00333	0.00236	0.00269	0.00470
35	0.00638	0.00441	0.00555	0.00574	0.00666	0.00409	0.00420	0.03259	0.00997	0.05046	0.23920	0.38809	0.15999	0.01083	0.00513	0.00154	0.00247	0.05465	0.00416	0.00390
36	0.00512	0.00366	0.00488	0.00585	0.00610	0.00341	0.00390	0.00585	0.00805	0.01073	0.02317	0.84952	0.02780	0.01317	0.00537	0.00171	0.00244	0.01195	0.00390	0.00341
37	0.88196	0.00813	0.00618	0.00553	0.00813	0.00943	0.00455	0.01236	0.00715	0.01886	0.00585	0.00683	0.00455	0.00390	0.00260	0.00130	0.00325	0.00228	0.00260	0.00455
38	0.01436	0.01150	0.01222	0.00948	0.01268	0.10045	0.05268	0.48497	0.03586	0.06654	0.00991	0.01065	0.00738	0.03214	0.00462	0.00126	0.00478	0.00369	0.00364	0.12119
39	0.01040	0.00999	0.01706	0.02580	0.82604	0.00999	0.01290	0.01290	0.00957	0.01373	0.00791	0.01040	0.00666	0.00375	0.00416	0.00125	0.00499	0.00375	0.00208	0.00666
40	0.01611	0.01157	0.01249	0.00957	0.01293	0.01273	0.00791	0.77663	0.01942	0.06238	0.01038	0.01028	0.00729	0.00505	0.00421	0.00126	0.00458	0.00380	0.00425	0.00715
41	0.01513	0.00779	0.00890	0.00756	0.01003	0.09562	0.00607	0.01660	0.01120	0.52873	0.01773	0.12234	0.03984	0.00693	0.00451	0.00140	0.00385	0.08525	0.00453	0.00599
42	0.01800	0.00740	0.00973	0.00755	0.01070	0.00669	0.00621	0.06500	0.04832	0.72324	0.01616	0.01417	0.01034	0.00521	0.00419	0.00129	0.00358	0.00422	0.03098	0.00704
