[name]
unknown

[dist]
# distance from previous block
# <min> <max>
0	7

[block]
# block no. 0 follows, 60 sequences, length 7
# corresponding to MSA columns:
# 211-217
name=unknown_A
#
# <colnr> <probs for GDERKNQSTAVLIFYWHMCP>
#	G	D	E	R	K	N	Q	S	T	A	V	L	I	F	Y	W	H	M	C	P
0	0.02883	0.02560	0.05653	0.02952	0.27385	0.08185	0.04574	0.07784	0.17725	0.02890	0.01034	0.01213	0.00828	0.00503	0.00531	0.00140	0.08900	0.01886	0.00287	0.02087
1	0.00832	0.14989	0.43321	0.00967	0.01392	0.00962	0.01112	0.01163	0.00870	0.01220	0.01159	0.01354	0.07719	0.01135	0.19682	0.00263	0.00702	0.00394	0.00215	0.00547
2	0.01453	0.02120	0.20200	0.01152	0.01474	0.63786	0.01022	0.01657	0.01162	0.01141	0.00700	0.00818	0.00560	0.00441	0.00398	0.00118	0.00753	0.00291	0.00215	0.00538
3	0.00578	0.00473	0.00563	0.00563	0.00660	0.00458	0.00419	0.00699	0.00978	0.01269	0.19485	0.22457	0.40363	0.01092	0.00604	0.00156	0.07476	0.00921	0.00402	0.00383
4	0.00631	0.00437	0.00546	0.00546	0.00571	0.00461	0.00352	0.00680	0.00655	0.00898	0.01310	0.02497	0.01430	0.59174	0.27506	0.00510	0.00656	0.00582	0.00255	0.00303
5	0.00545	0.00393	0.00511	0.00596	0.00634	0.00366	0.00405	0.00629	0.00857	0.01135	0.05219	0.69003	0.08262	0.05280	0.00633	0.00186	0.00263	0.04327	0.00401	0.00355
6	0.00709	0.00547	0.00677	0.00632	0.00632	0.00636	0.00425	0.00731	0.00642	0.00893	0.01187	0.02410	0.01349	0.65070	0.02036	0.00369	0.19919	0.00575	0.00247	0.00314

[dist]
# distance from previous block
# <min> <max>
4	17

[block]
# block no. 1 follows, 60 sequences, length 108
# corresponding to MSA columns:
# 239-250,257-276,288-363
name=unknown_B
#
# <colnr> <probs for GDERKNQSTAVLIFYWHMCP>
#	G	D	E	R	K	N	Q	S	T	A	V	L	I	F	Y	W	H	M	C	P
0	0.87753	0.00843	0.00641	0.00574	0.00843	0.00978	0.00472	0.01282	0.00742	0.01957	0.00607	0.00709	0.00472	0.00405	0.00270	0.00135	0.00337	0.00236	0.00270	0.00472
1	0.00623	0.00456	0.00641	0.00641	0.00702	0.00512	0.00473	0.00741	0.00691	0.00976	0.01288	0.02041	0.02940	0.22824	0.61740	0.00622	0.00968	0.00517	0.00245	0.00359
2	0.29535	0.00771	0.00866	0.00706	0.01001	0.00764	0.00580	0.04406	0.02419	0.46028	0.03095	0.02813	0.01004	0.00532	0.00389	0.00137	0.00355	0.01977	0.01995	0.00627
3	0.00824	0.00775	0.01308	0.83624	0.03004	0.00969	0.01211	0.01114	0.00872	0.01114	0.00775	0.01163	0.00581	0.00436	0.00436	0.00145	0.00581	0.00388	0.00194	0.00484
4	0.00563	0.00444	0.00508	0.00492	0.00618	0.00389	0.00369	0.00718	0.01107	0.01446	0.40665	0.03757	0.45361	0.01005	0.00515	0.00143	0.00214	0.00859	0.00440	0.00389
5	0.00566	0.00444	0.00489	0.00481	0.00611	0.00384	0.00357	0.00696	0.01042	0.02496	0.23401	0.07082	0.56107	0.03218	0.00560	0.00153	0.00226	0.00886	0.00422	0.00381
6	0.00531	0.00380	0.00506	0.00607	0.00633	0.00354	0.00405	0.00607	0.00835	0.01113	0.02404	0.84388	0.02885	0.01366	0.00557	0.00177	0.00253	0.01240	0.00405	0.00354
7	0.01888	0.00735	0.00994	0.00773	0.01098	0.00642	0.00634	0.02079	0.03153	0.77580	0.01745	0.04290	0.01147	0.00569	0.00443	0.00137	0.00367	0.00467	0.00533	0.00728
8	0.00533	0.00418	0.00482	0.00517	0.00613	0.00368	0.00368	0.00640	0.00959	0.01215	0.12024	0.34847	0.43105	0.01182	0.00531	0.00158	0.00232	0.01029	0.00413	0.00368
9	0.00579	0.00453	0.00481	0.00468	0.00616	0.00384	0.00353	0.00705	0.01037	0.04001	0.15432	0.03971	0.67890	0.01055	0.00513	0.00145	0.00224	0.00885	0.00420	0.00387
10	0.01727	0.01111	0.01240	0.00951	0.01297	0.01188	0.00786	0.62422	0.01866	0.21085	0.01202	0.01148	0.00820	0.00527	0.00437	0.00132	0.00455	0.00403	0.00460	0.00742
11	0.00631	0.00423	0.00475	0.00475	0.00479	0.00421	0.00266	0.00634	0.00644	0.00854	0.01454	0.02889	0.03686	0.82483	0.02175	0.00416	0.00418	0.00642	0.00268	0.00267
12	0.00640	0.00456	0.00684	0.00684	0.00752	0.00524	0.00524	0.00752	0.00684	0.00980	0.01115	0.01663	0.01047	0.03045	0.72465	0.11873	0.01066	0.00456	0.00228	0.00364
13	0.00635	0.00433	0.00529	0.00529	0.00549	0.00452	0.00333	0.00677	0.00656	0.00901	0.01325	0.02555	0.01457	0.63377	0.21665	0.00484	0.00598	0.00589	0.01958	0.00297
14	0.00703	0.00502	0.00703	0.00803	0.00904	0.00502	0.00703	0.00904	0.01004	0.01305	0.02309	0.04920	0.02510	0.01205	0.00602	0.00201	0.00402	0.79016	0.00402	0.00402
15	0.01024	0.00844	0.01004	0.01817	0.02310	0.00707	0.01906	0.11155	0.02144	0.03042	0.00842	0.00953	0.00675	0.00359	0.00347	0.00079	0.00357	0.00290	0.00286	0.69858
16	0.01090	0.00924	0.00981	0.01938	0.01138	0.01059	0.00683	0.07977	0.69213	0.01836	0.01815	0.01714	0.04780	0.02253	0.00481	0.00152	0.00354	0.00506	0.00435	0.00669
17	0.01454	0.05037	0.02758	0.01113	0.01306	0.58769	0.00876	0.03525	0.01115	0.01109	0.00661	0.00828	0.00568	0.00515	0.00613	0.00129	0.18589	0.00304	0.00220	0.00510
18	0.00709	0.00540	0.00760	0.00729	0.00792	0.00655	0.00571	0.00848	0.00724	0.01098	0.01126	0.03639	0.01053	0.04288	0.51608	0.02064	0.15641	0.00465	0.12289	0.00400
19	0.00742	0.00534	0.00636	0.00608	0.02836	0.01674	0.00445	0.02323	0.01142	0.07582	0.40192	0.04649	0.29179	0.00891	0.00496	0.00137	0.00251	0.00764	0.00437	0.04481
20	0.00638	0.00454	0.00530	0.00515	0.00646	0.00397	0.00384	0.00779	0.01071	0.06248	0.29454	0.12476	0.42763	0.01029	0.00515	0.00146	0.00228	0.00883	0.00438	0.00403
21	0.01902	0.00800	0.01045	0.00804	0.01141	0.00731	0.00663	0.10855	0.03321	0.71407	0.01647	0.01439	0.01048	0.00539	0.00438	0.00135	0.00383	0.00435	0.00526	0.00741
22	0.20264	0.00821	0.00832	0.00699	0.00939	0.00894	0.00562	0.26594	0.07178	0.05453	0.08693	0.01458	0.03464	0.00550	0.00380	0.00128	0.00339	0.00422	0.19765	0.00562
23	0.00857	0.00542	0.00688	0.00647	0.00726	0.00571	0.00464	0.06686	0.14216	0.01181	0.08309	0.01626	0.03263	0.02463	0.01272	0.55053	0.00362	0.00453	0.00283	0.00339
24	0.00803	0.00406	0.00410	0.00413	0.00512	0.00405	0.00308	0.01002	0.00912	0.01609	0.01456	0.04424	0.01178	0.00537	0.00313	0.00104	0.00205	0.00435	0.84163	0.00405
25	0.00623	0.00467	0.00701	0.00701	0.00779	0.00545	0.00545	0.00779	0.00701	0.01012	0.01168	0.01713	0.01090	0.03271	0.82944	0.00701	0.01168	0.00467	0.00234	0.00389
26	0.00651	0.00462	0.00546	0.00515	0.00651	0.00406	0.00389	0.00812	0.01129	0.06250	0.42654	0.03571	0.38437	0.00965	0.00510	0.00142	0.00222	0.00827	0.00450	0.00412
27	0.00655	0.00547	0.00583	0.00556	0.00716	0.00527	0.00422	0.01020	0.17937	0.01422	0.18387	0.03479	0.50227	0.00956	0.00500	0.00146	0.00244	0.00806	0.00427	0.00444
28	0.03725	0.01213	0.01293	0.00993	0.01340	0.01344	0.00820	0.78596	0.02019	0.02730	0.01037	0.01039	0.00735	0.00521	0.00432	0.00131	0.00477	0.00389	0.00432	0.00735
29	0.20011	0.00784	0.00922	0.00734	0.01035	0.00763	0.00602	0.09881	0.01222	0.49119	0.09272	0.01449	0.01214	0.00544	0.00410	0.00135	0.00359	0.00425	0.00466	0.00652
30	0.00540	0.00383	0.00505	0.00598	0.00622	0.00360	0.00396	0.00612	0.00828	0.01105	0.03557	0.77742	0.02818	0.06873	0.00666	0.00193	0.00264	0.01193	0.00397	0.00349
31	0.00531	0.00380	0.00506	0.00607	0.00633	0.00354	0.00405	0.00607	0.00835	0.01113	0.02404	0.84388	0.02885	0.01366	0.00557	0.00177	0.00253	0.01240	0.00405	0.00354
32	0.01166	0.84935	0.02285	0.00746	0.01119	0.01726	0.00746	0.01306	0.00886	0.01026	0.00606	0.00700	0.00560	0.00373	0.00280	0.00093	0.00466	0.00233	0.00187	0.00560
33	0.01929	0.00734	0.00997	0.00767	0.01099	0.00635	0.00633	0.02099	0.01240	0.80293	0.01713	0.01488	0.01081	0.00539	0.00435	0.00134	0.00367	0.00438	0.02645	0.00734
34	0.00594	0.00430	0.00518	0.00517	0.00588	0.00400	0.00355	0.00708	0.00970	0.01311	0.35374	0.13690	0.16308	0.25147	0.01012	0.00226	0.00277	0.00824	0.00396	0.00354
35	0.01166	0.84935	0.02285	0.00746	0.01119	0.01726	0.00746	0.01306	0.00886	0.01026	0.00606	0.00700	0.00560	0.00373	0.00280	0.00093	0.00466	0.00233	0.00187	0.00560
36	0.87753	0.00843	0.00641	0.00574	0.00843	0.00978	0.00472	0.01282	0.00742	0.01957	0.00607	0.00709	0.00472	0.00405	0.00270	0.00135	0.00337	0.00236	0.00270	0.00472
37	0.00944	0.00941	0.01316	0.01132	0.01133	0.01313	0.00941	0.01039	0.00672	0.01051	0.00616	0.02926	0.00627	0.00778	0.01411	0.00191	0.81897	0.00402	0.00196	0.00474
38	0.01932	0.00736	0.01002	0.00770	0.01102	0.00637	0.00634	0.02098	0.01237	0.80751	0.01714	0.01510	0.01089	0.02093	0.00471	0.00140	0.00372	0.00442	0.00535	0.00733
39	0.01957	0.00742	0.01012	0.00776	0.01113	0.00641	0.00641	0.02126	0.01248	0.82254	0.01721	0.01484	0.01080	0.00540	0.00439	0.00135	0.00371	0.00439	0.00540	0.00742
40	0.00824	0.00775	0.01308	0.83624	0.03004	0.00969	0.01211	0.01114	0.00872	0.01114	0.00775	0.01163	0.00581	0.00436	0.00436	0.00145	0.00581	0.00388	0.00194	0.00484
41	0.00921	0.00617	0.00904	0.00904	0.06704	0.00693	0.00664	0.01077	0.00820	0.14795	0.01269	0.01614	0.03720	0.02203	0.49684	0.00479	0.11703	0.00461	0.00284	0.00481
42	0.00628	0.00428	0.00515	0.00519	0.00533	0.00440	0.00317	0.00657	0.00654	0.00884	0.01382	0.06000	0.01556	0.67678	0.15625	0.00459	0.00540	0.00631	0.00265	0.00289
43	0.01596	0.08053	0.01312	0.01096	0.01332	0.77066	0.00836	0.01710	0.01211	0.01064	0.00669	0.00780	0.00562	0.00444	0.00385	0.00111	0.00763	0.00277	0.00222	0.00510
44	0.01029	0.01176	0.02574	0.01838	0.02279	0.01103	0.80368	0.01397	0.01029	0.01397	0.00882	0.01176	0.00662	0.00368	0.00515	0.00147	0.00735	0.00515	0.00221	0.00588
45	0.12454	0.01141	0.01188	0.00925	0.01254	0.01267	0.00763	0.67281	0.01840	0.02603	0.01007	0.01028	0.00723	0.00508	0.00410	0.00130	0.00451	0.00374	0.03961	0.00694
46	0.01085	0.00937	0.00986	0.00888	0.01134	0.01085	0.00690	0.02318	0.81164	0.01824	0.01775	0.01627	0.01331	0.00592	0.00444	0.00148	0.00345	0.00493	0.00444	0.00690
47	0.01050	0.01006	0.01716	0.12113	0.72749	0.01028	0.01324	0.01312	0.00979	0.01389	0.00815	0.01089	0.00678	0.00394	0.00432	0.00131	0.00526	0.00388	0.00213	0.00667
48	0.00634	0.00423	0.00476	0.00476	0.00476	0.00423	0.00264	0.00634	0.00634	0.00846	0.01374	0.02854	0.01586	0.84672	0.02220	0.00423	0.00423	0.00634	0.00264	0.00264
49	0.87753	0.00843	0.00641	0.00574	0.00843	0.00978	0.00472	0.01282	0.00742	0.01957	0.00607	0.00709	0.00472	0.00405	0.00270	0.00135	0.00337	0.00236	0.00270	0.00472
50	0.10744	0.00753	0.00974	0.00755	0.01086	0.00676	0.00624	0.02039	0.01196	0.74029	0.01607	0.01405	0.01017	0.00526	0.00421	0.00135	0.00368	0.00418	0.00512	0.00715
51	0.00657	0.00487	0.00639	0.00712	0.00824	0.00468	0.00609	0.00837	0.01007	0.01286	0.04734	0.04710	0.21097	0.01174	0.00580	0.00187	0.00355	0.58839	0.00404	0.00394
52	0.00531	0.00380	0.00506	0.00607	0.00633	0.00354	0.00405	0.00607	0.00835	0.01113	0.02404	0.84388	0.02885	0.01366	0.00557	0.00177	0.00253	0.01240	0.00405	0.00354
53	0.01166	0.84935	0.02285	0.00746	0.01119	0.01726	0.00746	0.01306	0.00886	0.01026	0.00606	0.00700	0.00560	0.00373	0.00280	0.00093	0.00466	0.00233	0.00187	0.00560
54	0.01029	0.01176	0.02574	0.01838	0.02279	0.01103	0.80368	0.01397	0.01029	0.01397	0.00882	0.01176	0.00662	0.00368	0.00515	0.00147	0.00735	0.00515	0.00221	0.00588
55	0.00531	0.00380	0.00506	0.00607	0.00633	0.00354	0.00405	0.00607	0.00835	0.01113	0.02404	0.84388	0.02885	0.01366	0.00557	0.00177	0.00253	0.01240	0.00405	0.00354
56	0.01085	0.00937	0.00986	0.00888	0.01134	0.01085	0.00690	0.02318	0.81164	0.01824	0.01775	0.01627	0.01331	0.00592	0.00444	0.00148	0.00345	0.00493	0.00444	0.00690
57	0.01166	0.84935	0.02285	0.00746	0.01119	0.01726	0.00746	0.01306	0.00886	0.01026	0.00606	0.00700	0.00560	0.00373	0.00280	0.00093	0.00466	0.00233	0.00187	0.00560
58	0.00824	0.00775	0.01308	0.83624	0.03004	0.00969	0.01211	0.01114	0.00872	0.01114	0.00775	0.01163	0.00581	0.00436	0.00436	0.00145	0.00581	0.00388	0.00194	0.00484
59	0.00944	0.00472	0.00546	0.00499	0.00643	0.00444	0.00384	0.01137	0.01041	0.14999	0.18373	0.02094	0.06490	0.00628	0.00383	0.00117	0.00233	0.00522	0.49588	0.00461
60	0.84843	0.00856	0.00664	0.00588	0.00861	0.00991	0.00484	0.03960	0.00786	0.01984	0.00622	0.00720	0.00481	0.00409	0.00276	0.00135	0.00342	0.00241	0.00276	0.00481
61	0.01085	0.00937	0.00986	0.00888	0.01134	0.01085	0.00690	0.02318	0.81164	0.01824	0.01775	0.01627	0.01331	0.00592	0.00444	0.00148	0.00345	0.00493	0.00444	0.00690
62	0.00953	0.00626	0.00801	0.00810	0.00970	0.00642	0.00684	0.05354	0.12880	0.11077	0.02086	0.06535	0.02068	0.00996	0.00545	0.00179	0.00386	0.50223	0.01684	0.00501
63	0.41888	0.00634	0.00541	0.00501	0.00689	0.00701	0.00398	0.03224	0.00863	0.01812	0.01028	0.01178	0.00803	0.00460	0.00292	0.00118	0.00274	0.00326	0.43825	0.00446
64	0.00535	0.00382	0.00510	0.00611	0.00638	0.00357	0.00410	0.00613	0.00838	0.01117	0.02402	0.82936	0.02878	0.01363	0.00558	0.00178	0.00256	0.02661	0.00405	0.00355
65	0.00616	0.00421	0.00530	0.00601	0.00668	0.00403	0.00443	0.00757	0.01975	0.01259	0.04051	0.46670	0.09262	0.01158	0.00520	0.00166	0.00271	0.15773	0.14079	0.00378
66	0.00889	0.00517	0.00678	0.00624	0.00774	0.00475	0.00489	0.01098	0.02637	0.17298	0.50479	0.05124	0.06823	0.00874	0.00509	0.00145	0.00264	0.09350	0.00477	0.00476
67	0.01046	0.00885	0.00927	0.00835	0.01061	0.03324	0.00647	0.02052	0.63846	0.03889	0.13526	0.01877	0.02892	0.00638	0.00454	0.00145	0.00336	0.00535	0.00445	0.00641
68	0.00531	0.00380	0.00506	0.00607	0.00633	0.00354	0.00405	0.00607	0.00835	0.01113	0.02404	0.84388	0.02885	0.01366	0.00557	0.00177	0.00253	0.01240	0.00405	0.00354
69	0.01615	0.00944	0.01073	0.00838	0.01144	0.00982	0.00687	0.43622	0.01622	0.27117	0.01315	0.01274	0.00906	0.00526	0.00416	0.00127	0.00402	0.00409	0.14291	0.00688
70	0.00822	0.00747	0.01026	0.00916	0.01049	0.04545	0.08549	0.01139	0.12247	0.01232	0.04847	0.07629	0.02408	0.01708	0.31711	0.00366	0.13469	0.04832	0.00290	0.00469
71	0.00622	0.00418	0.00479	0.00491	0.00494	0.00415	0.00281	0.00631	0.00658	0.00877	0.01495	0.12383	0.01737	0.74936	0.02025	0.00394	0.00403	0.00705	0.00281	0.00275
72	0.00623	0.00467	0.00701	0.00701	0.00779	0.00545	0.00545	0.00779	0.00701	0.01012	0.01168	0.01713	0.01090	0.03271	0.82944	0.00701	0.01168	0.00467	0.00234	0.00389
73	0.00922	0.00818	0.02662	0.00667	0.01060	0.00609	0.00548	0.03010	0.00932	0.01452	0.00782	0.00908	0.00646	0.00330	0.00328	0.00068	0.00334	0.00263	0.00261	0.83400
74	0.01177	0.06640	0.08425	0.10181	0.28343	0.02452	0.11037	0.10912	0.04455	0.07894	0.00940	0.01102	0.00715	0.00427	0.00428	0.00131	0.00534	0.00391	0.00273	0.03543
75	0.00632	0.00474	0.00707	0.00703	0.00777	0.00555	0.00545	0.00778	0.00697	0.01006	0.01154	0.01714	0.01084	0.04651	0.78720	0.02031	0.02685	0.00467	0.00233	0.00386
76	0.00933	0.00708	0.00878	0.00862	0.01039	0.00759	0.02162	0.07296	0.25699	0.03908	0.02008	0.03454	0.01942	0.00932	0.00535	0.00176	0.00395	0.45367	0.00418	0.00529
77	0.00634	0.00423	0.00476	0.00476	0.00476	0.00423	0.00264	0.00634	0.00634	0.00846	0.01374	0.02854	0.01586	0.84672	0.02220	0.00423	0.00423	0.00634	0.00264	0.00264
78	0.00700	0.00392	0.00552	0.00568	0.00582	0.00382	0.00375	0.00594	0.00639	0.00856	0.01173	0.19162	0.01295	0.10167	0.01485	0.57837	0.00355	0.00586	0.00245	0.02052
79	0.00627	0.00420	0.00478	0.00486	0.00487	0.00418	0.00275	0.00632	0.00649	0.00866	0.01452	0.08985	0.01683	0.78408	0.02095	0.00404	0.00410	0.00680	0.00275	0.00271
80	0.00971	0.01084	0.02322	0.03455	0.02116	0.01020	0.70073	0.01307	0.01011	0.01363	0.01111	0.07420	0.03555	0.00468	0.00516	0.00149	0.00679	0.00579	0.00240	0.00561
81	0.00565	0.00406	0.00520	0.00587	0.00647	0.00373	0.00411	0.00666	0.00912	0.02352	0.10273	0.59213	0.15346	0.01261	0.00547	0.00169	0.00252	0.04716	0.00414	0.00370
82	0.01658	0.01222	0.01309	0.01003	0.01353	0.01353	0.00829	0.80497	0.02051	0.02749	0.01047	0.01047	0.00742	0.00524	0.00436	0.00131	0.00480	0.00393	0.00436	0.00742
83	0.00697	0.00506	0.00661	0.00724	0.00837	0.00497	0.00613	0.03536	0.01035	0.01350	0.05605	0.08753	0.14560	0.01145	0.00570	0.00184	0.00356	0.55287	0.02678	0.00406
84	0.02711	0.00729	0.00917	0.00741	0.01021	0.00687	0.00597	0.04485	0.12234	0.52743	0.07052	0.01710	0.03426	0.02570	0.00477	0.00142	0.00346	0.00480	0.06267	0.00666
85	0.00521	0.00442	0.00449	0.00447	0.00592	0.00370	0.00336	0.00636	0.01007	0.01208	0.08520	0.04148	0.77654	0.01093	0.00515	0.00147	0.00220	0.00913	0.00409	0.00370
86	0.01166	0.84935	0.02285	0.00746	0.01119	0.01726	0.00746	0.01306	0.00886	0.01026	0.00606	0.00700	0.00560	0.00373	0.00280	0.00093	0.00466	0.00233	0.00187	0.00560
87	0.00539	0.00443	0.00474	0.00466	0.00603	0.00378	0.00350	0.00671	0.01049	0.01308	0.21991	0.03984	0.64121	0.01056	0.00515	0.00145	0.00217	0.00891	0.00422	0.00378
88	0.01668	0.00908	0.01079	0.00851	0.01164	0.00921	0.00694	0.28588	0.11403	0.40230	0.03756	0.01403	0.01077	0.00572	0.00466	0.02028	0.00398	0.00438	0.01647	0.00710
89	0.03064	0.00418	0.00413	0.00411	0.00517	0.00421	0.00309	0.01023	0.00910	0.01635	0.01402	0.01602	0.01101	0.00505	0.00304	0.00102	0.00207	0.00402	0.84845	0.00408
90	0.00954	0.00954	0.01336	0.01145	0.01145	0.01336	0.00954	0.01050	0.00668	0.01050	0.00573	0.00954	0.00573	0.00763	0.01431	0.00191	0.83874	0.00382	0.00191	0.00477
91	0.00758	0.00379	0.00568	0.00568	0.00568	0.00379	0.00379	0.00568	0.00568	0.00758	0.00758	0.01326	0.00758	0.01515	0.01705	0.87311	0.00379	0.00379	0.00189	0.00189
92	0.00529	0.00423	0.00462	0.00490	0.00593	0.00368	0.00347	0.00621	0.00923	0.01136	0.03632	0.26435	0.53875	0.07352	0.00653	0.00176	0.00245	0.00988	0.00395	0.00357
93	0.00635	0.00478	0.00696	0.00690	0.00757	0.00557	0.00528	0.00772	0.00693	0.00996	0.01172	0.01813	0.01128	0.12014	0.71649	0.00655	0.03671	0.00483	0.00236	0.00379
94	0.00567	0.00410	0.00540	0.00632	0.00674	0.00391	0.00444	0.00686	0.02809	0.01151	0.02402	0.69866	0.04371	0.02608	0.00584	0.00182	0.00275	0.10636	0.00403	0.00367
95	0.00963	0.00981	0.01486	0.01229	0.01283	0.01308	0.10583	0.01092	0.00712	0.01092	0.00610	0.00981	0.00583	0.00715	0.01320	0.00186	0.73794	0.00398	0.00194	0.00491
96	0.01261	0.00992	0.01061	0.00908	0.01183	0.01123	0.00720	0.20206	0.58964	0.06150	0.01606	0.01487	0.01183	0.00573	0.00442	0.00143	0.00377	0.00467	0.00447	0.00705
97	0.01364	0.01066	0.01197	0.00964	0.01264	0.01183	0.04187	0.44354	0.29506	0.02296	0.04774	0.01365	0.01099	0.00556	0.00442	0.00137	0.00425	0.00450	0.02675	0.00694
98	0.00660	0.00525	0.00684	0.00673	0.00788	0.00516	0.03908	0.00959	0.12644	0.01400	0.21588	0.34265	0.13878	0.01052	0.00525	0.00159	0.00278	0.04646	0.00421	0.00431
99	0.00543	0.00388	0.00518	0.00610	0.00644	0.00363	0.00416	0.00633	0.00868	0.01164	0.07794	0.75996	0.02955	0.01328	0.00555	0.00175	0.00255	0.04023	0.00410	0.00360
100	0.00977	0.01080	0.02291	0.05254	0.03869	0.01023	0.66861	0.01320	0.01039	0.01413	0.08018	0.01408	0.02346	0.00430	0.00509	0.00146	0.00669	0.00537	0.00245	0.00567
101	0.87753	0.00843	0.00641	0.00574	0.00843	0.00978	0.00472	0.01282	0.00742	0.01957	0.00607	0.00709	0.00472	0.00405	0.00270	0.00135	0.00337	0.00236	0.00270	0.00472
102	0.01050	0.01006	0.01717	0.12032	0.72828	0.01028	0.01324	0.01313	0.00979	0.01389	0.00815	0.01089	0.00678	0.00394	0.00432	0.00131	0.00525	0.00388	0.00213	0.00667
103	0.01222	0.00938	0.01053	0.00925	0.02361	0.01046	0.02365	0.08729	0.61536	0.11027	0.01712	0.01581	0.02344	0.00580	0.00445	0.00145	0.00368	0.00483	0.00446	0.00694
104	0.01658	0.01222	0.01309	0.01003	0.01353	0.01353	0.00829	0.80497	0.02051	0.02749	0.01047	0.01047	0.00742	0.00524	0.00436	0.00131	0.00480	0.00393	0.00436	0.00742
105	0.00954	0.00954	0.01336	0.01145	0.01145	0.01336	0.00954	0.01050	0.00668	0.01050	0.00573	0.00954	0.00573	0.00763	0.01431	0.00191	0.83874	0.00382	0.00191	0.00477
106	0.01079	0.01036	0.01770	0.02677	0.81952	0.01036	0.01339	0.01339	0.00993	0.01425	0.00820	0.01079	0.00691	0.00389	0.00432	0.00130	0.00518	0.00389	0.00216	0.00691
107	0.00714	0.00464	0.00533	0.00515	0.00545	0.00465	0.00312	0.03622	0.00734	0.03743	0.04109	0.04757	0.01646	0.72292	0.03500	0.00392	0.00426	0.00636	0.00290	0.00308

[dist]
# distance from previous block
# <min> <max>
0	3

[block]
# block no. 2 follows, 60 sequences, length 11
# corresponding to MSA columns:
# 367-377
name=unknown_C
#
# <colnr> <probs for GDERKNQSTAVLIFYWHMCP>
#	G	D	E	R	K	N	Q	S	T	A	V	L	I	F	Y	W	H	M	C	P
0	0.03711	0.01340	0.01286	0.01106	0.06168	0.16713	0.00843	0.53840	0.04888	0.04330	0.00998	0.01025	0.00730	0.00502	0.00424	0.00128	0.00529	0.00373	0.00382	0.00685
1	0.10223	0.14649	0.55983	0.01080	0.01623	0.01141	0.01305	0.06722	0.00973	0.01481	0.00755	0.00873	0.00558	0.00414	0.00380	0.00130	0.00574	0.00304	0.00211	0.00620
2	0.01598	0.01985	0.01244	0.01119	0.01339	0.75254	0.00848	0.05268	0.01245	0.01143	0.00686	0.00806	0.00570	0.00468	0.00446	0.00117	0.04826	0.00291	0.00233	0.00515
3	0.00919	0.00730	0.00919	0.02504	0.08005	0.00601	0.00580	0.01100	0.00926	0.06235	0.03878	0.01412	0.06506	0.05455	0.03483	0.00128	0.00374	0.00377	0.00287	0.55582
4	0.00529	0.00437	0.00464	0.00468	0.00600	0.00372	0.00347	0.00647	0.01009	0.01239	0.13174	0.10810	0.66197	0.01102	0.00519	0.00149	0.00222	0.00932	0.00414	0.00372
5	0.00703	0.00502	0.00703	0.00803	0.00904	0.00502	0.00703	0.00904	0.01004	0.01305	0.02309	0.04920	0.02510	0.01205	0.00602	0.00201	0.00402	0.79016	0.00402	0.00402
6	0.01140	0.00972	0.01291	0.44103	0.05679	0.08749	0.01046	0.09016	0.01044	0.10690	0.00878	0.01123	0.00657	0.00498	0.00559	0.00145	0.11216	0.00383	0.00261	0.00549
7	0.00625	0.00468	0.00573	0.03711	0.00746	0.00446	0.00432	0.00808	0.05788	0.02823	0.19265	0.29477	0.26072	0.03546	0.00604	0.02635	0.00263	0.00918	0.00407	0.00395
8	0.00623	0.00467	0.00701	0.00701	0.00779	0.00545	0.00545	0.00779	0.00701	0.01012	0.01168	0.01713	0.01090	0.03271	0.82944	0.00701	0.01168	0.00467	0.00234	0.00389
9	0.00623	0.00467	0.00701	0.00701	0.00779	0.00545	0.00545	0.00779	0.00701	0.01012	0.01168	0.01713	0.01090	0.03271	0.82944	0.00701	0.01168	0.00467	0.00234	0.00389
10	0.01111	0.01027	0.01341	0.01195	0.07192	0.03224	0.14785	0.05036	0.56167	0.01736	0.01493	0.01464	0.01125	0.00531	0.00454	0.00145	0.00443	0.00480	0.00382	0.00670

[dist]
# distance from previous block
# <min> <max>
2	3

[block]
# block no. 3 follows, 60 sequences, length 22
# corresponding to MSA columns:
# 381-402
name=unknown_D
#
# <colnr> <probs for GDERKNQSTAVLIFYWHMCP>
#	G	D	E	R	K	N	Q	S	T	A	V	L	I	F	Y	W	H	M	C	P
0	0.00657	0.00496	0.00618	0.00571	0.00703	0.00460	0.00431	0.00916	0.06148	0.01677	0.64134	0.05263	0.08727	0.00862	0.00498	0.00135	0.00225	0.00756	0.00456	0.06269
1	0.00531	0.00380	0.00506	0.00607	0.00633	0.00354	0.00405	0.00607	0.00835	0.01113	0.02404	0.84388	0.02885	0.01366	0.00557	0.00177	0.00253	0.01240	0.00405	0.00354
2	0.06887	0.00516	0.00553	0.00540	0.00591	0.00544	0.00338	0.00892	0.10838	0.01059	0.01409	0.05595	0.01523	0.64922	0.01794	0.00358	0.00401	0.00611	0.00293	0.00336
3	0.00734	0.00462	0.00544	0.00529	0.00577	0.00456	0.00336	0.01915	0.02404	0.06025	0.04113	0.08602	0.05961	0.56366	0.03922	0.04000	0.00404	0.00661	0.01658	0.00329
4	0.00703	0.00502	0.00703	0.00803	0.00904	0.00502	0.00703	0.00904	0.01004	0.01305	0.02309	0.04920	0.02510	0.01205	0.00602	0.00201	0.00402	0.79016	0.00402	0.00402
5	0.00813	0.00407	0.00407	0.00407	0.00508	0.00407	0.00305	0.01016	0.00915	0.01626	0.01423	0.01626	0.01118	0.00508	0.00305	0.00102	0.00203	0.00407	0.87093	0.00407
6	0.01508	0.00643	0.00843	0.00701	0.00944	0.00580	0.00558	0.01695	0.03572	0.53025	0.03387	0.07732	0.01399	0.07458	0.00588	0.00162	0.00347	0.04665	0.09580	0.00614
7	0.60892	0.00757	0.00655	0.00587	0.00821	0.00845	0.00468	0.01292	0.03822	0.08294	0.05287	0.03680	0.00921	0.05389	0.00427	0.00152	0.00329	0.00354	0.04545	0.00480
8	0.01629	0.02079	0.01236	0.01124	0.01348	0.82921	0.00843	0.01742	0.01236	0.01067	0.00674	0.00787	0.00562	0.00449	0.00393	0.00112	0.00787	0.00281	0.00225	0.00506
9	0.00875	0.02256	0.82413	0.01243	0.01888	0.01013	0.01611	0.01381	0.00921	0.01381	0.00783	0.00921	0.00552	0.00414	0.00414	0.00138	0.00645	0.00322	0.00184	0.00645
10	0.04056	0.00638	0.00855	0.00738	0.00977	0.00573	0.00594	0.01624	0.01115	0.52419	0.01907	0.19347	0.01624	0.00795	0.00479	0.00152	0.00349	0.10662	0.00486	0.00609
11	0.00634	0.00424	0.00483	0.00483	0.00486	0.00427	0.00273	0.00639	0.00636	0.00851	0.01367	0.02817	0.01569	0.81998	0.04872	0.00432	0.00447	0.00629	0.00263	0.00268
12	0.00624	0.00464	0.00683	0.00683	0.00755	0.00536	0.00523	0.00767	0.00696	0.00999	0.01184	0.01803	0.01129	0.09654	0.76614	0.00679	0.01110	0.00480	0.00236	0.00380
13	0.01715	0.00715	0.00946	0.00745	0.01045	0.00634	0.00608	0.05739	0.01259	0.65195	0.07543	0.04016	0.06559	0.00623	0.00452	0.00137	0.00352	0.00514	0.00518	0.00684
14	0.07052	0.00865	0.01014	0.00803	0.01109	0.00871	0.00656	0.24323	0.06751	0.41272	0.01450	0.02751	0.00996	0.00542	0.00419	0.00133	0.00383	0.00428	0.07495	0.00688
15	0.00542	0.00387	0.00518	0.00619	0.00649	0.00363	0.00423	0.00626	0.00846	0.01125	0.02398	0.79454	0.02861	0.01356	0.00560	0.00179	0.00262	0.06068	0.00405	0.00357
16	0.00623	0.00467	0.00701	0.00701	0.00779	0.00545	0.00545	0.00779	0.00701	0.01012	0.01168	0.01713	0.01090	0.03271	0.82944	0.00701	0.01168	0.00467	0.00234	0.00389
17	0.00608	0.00411	0.00546	0.00613	0.00667	0.00384	0.00433	0.00720	0.00924	0.03695	0.14558	0.61080	0.02943	0.01233	0.00543	0.00169	0.00259	0.07059	0.02775	0.00380
18	0.00597	0.00440	0.00589	0.00665	0.00707	0.00444	0.00487	0.00703	0.00866	0.01170	0.03587	0.60148	0.03945	0.01262	0.00610	0.00179	0.05467	0.14699	0.03064	0.00373
19	0.00838	0.00787	0.01069	0.00960	0.00999	0.03566	0.00781	0.00959	0.00699	0.01035	0.00823	0.01265	0.00788	0.01796	0.35296	0.00401	0.46875	0.00414	0.00210	0.00442
20	0.00634	0.00423	0.00476	0.00476	0.00476	0.00423	0.00264	0.00634	0.00634	0.00846	0.01374	0.02854	0.01586	0.84672	0.02220	0.00423	0.00423	0.00634	0.00264	0.00264
21	0.01099	0.00933	0.00936	0.00845	0.01064	0.08524	0.00654	0.01938	0.52316	0.07069	0.05296	0.01726	0.03828	0.02544	0.09041	0.00206	0.00465	0.00496	0.00405	0.00615

[dist]
# distance from previous block
# <min> <max>
0	1

[block]
# block no. 4 follows, 60 sequences, length 25
# corresponding to MSA columns:
# 404-413,416-418,537-548
name=unknown_E
#
# <colnr> <probs for GDERKNQSTAVLIFYWHMCP>
#	G	D	E	R	K	N	Q	S	T	A	V	L	I	F	Y	W	H	M	C	P
0	0.01012	0.01459	0.32704	0.01014	0.02433	0.03700	0.02243	0.09621	0.12979	0.01570	0.00974	0.01078	0.00743	0.00578	0.04692	0.00149	0.00536	0.00349	0.00272	0.21895
1	0.78475	0.00897	0.04503	0.00613	0.00892	0.00963	0.00529	0.01291	0.02915	0.01887	0.00652	0.00763	0.00509	0.00447	0.00328	0.02985	0.00353	0.00252	0.00268	0.00477
2	0.00887	0.00757	0.00886	0.00644	0.01015	0.00571	0.00512	0.01075	0.00901	0.01407	0.00852	0.04840	0.00752	0.00372	0.00334	0.00070	0.00320	0.00305	0.00265	0.83238
3	0.00687	0.00529	0.00606	0.00618	0.00741	0.00522	0.00453	0.01022	0.17365	0.03508	0.07173	0.33654	0.27583	0.01073	0.00516	0.00159	0.00266	0.02660	0.00421	0.00442
4	0.00688	0.00523	0.00592	0.00567	0.00694	0.00498	0.00417	0.10272	0.01115	0.01453	0.20325	0.18745	0.33633	0.07695	0.00649	0.00171	0.00271	0.00866	0.00414	0.00412
5	0.03868	0.00605	0.00819	0.00883	0.10545	0.00575	0.00579	0.02683	0.01004	0.21965	0.10254	0.20068	0.04558	0.14486	0.00767	0.00194	0.00352	0.04896	0.00398	0.00500
6	0.73606	0.04362	0.00718	0.00596	0.00847	0.00958	0.00493	0.01223	0.00743	0.01804	0.00675	0.00829	0.00550	0.00748	0.10213	0.00201	0.00443	0.00264	0.00262	0.00466
7	0.00642	0.00496	0.00609	0.00605	0.00727	0.00468	0.01978	0.00821	0.04384	0.03427	0.12754	0.17636	0.37251	0.03049	0.00594	0.00166	0.02594	0.10990	0.00406	0.00404
8	0.26277	0.01027	0.03155	0.00793	0.01098	0.02389	0.00664	0.39466	0.01418	0.02234	0.00934	0.01002	0.00695	0.00470	0.00364	0.00124	0.00405	0.00337	0.10788	0.06363
9	0.00709	0.00627	0.00623	0.00674	0.00745	0.10336	0.00468	0.02160	0.04399	0.01161	0.02234	0.61814	0.07239	0.03915	0.00582	0.00174	0.00329	0.01039	0.00381	0.00391
10	0.00750	0.00523	0.00605	0.00571	0.00631	0.00544	0.00377	0.10254	0.00836	0.01118	0.01484	0.04617	0.05702	0.56044	0.11800	0.02398	0.00505	0.00609	0.00291	0.00343
11	0.01052	0.02489	0.01474	0.32229	0.34604	0.02730	0.01156	0.12190	0.01090	0.01464	0.00903	0.05020	0.00756	0.00472	0.00436	0.00137	0.00528	0.00424	0.00247	0.00599
12	0.00749	0.00454	0.00583	0.00609	0.00711	0.00410	0.00443	0.00859	0.00957	0.12853	0.07380	0.48292	0.17168	0.01162	0.00532	0.00165	0.00270	0.05555	0.00429	0.00419
13	0.04277	0.00454	0.00521	0.00521	0.00639	0.00411	0.00384	0.00746	0.01039	0.02983	0.29678	0.18887	0.35810	0.01042	0.00511	0.00149	0.00230	0.00899	0.00427	0.00392
14	0.01220	0.00582	0.00753	0.00661	0.00864	0.00531	0.00526	0.01427	0.03833	0.35852	0.16410	0.09977	0.06587	0.00769	0.00466	0.00142	0.00303	0.07507	0.11037	0.00552
15	0.03566	0.00464	0.00607	0.00608	0.00682	0.00486	0.00448	0.00750	0.00836	0.01182	0.16845	0.10908	0.09410	0.13012	0.29479	0.05152	0.02118	0.02764	0.00320	0.00365
16	0.00609	0.00433	0.00525	0.00548	0.00644	0.00388	0.00394	0.00728	0.00988	0.04544	0.19914	0.33148	0.29113	0.03454	0.00577	0.00164	0.00245	0.02776	0.00422	0.00385
17	0.01333	0.00965	0.01056	0.00877	0.01144	0.01056	0.00703	0.43098	0.18515	0.06467	0.01518	0.11404	0.02880	0.00669	0.00453	0.00141	0.00399	0.02530	0.04138	0.00654
18	0.08503	0.00710	0.00871	0.00736	0.00986	0.00686	0.00587	0.03917	0.10739	0.44171	0.01686	0.09594	0.01338	0.06100	0.00558	0.00162	0.00358	0.05003	0.02678	0.00618
19	0.01031	0.00771	0.00917	0.00662	0.01043	0.00589	0.00532	0.01222	0.00946	0.11142	0.00889	0.00974	0.00698	0.00349	0.00337	0.00073	0.00329	0.00280	0.00292	0.76924
20	0.00608	0.00459	0.00551	0.00551	0.00656	0.00426	0.00413	0.00784	0.03193	0.01398	0.34533	0.07285	0.26471	0.10471	0.00718	0.00182	0.00264	0.10230	0.00420	0.00386
21	0.01814	0.00721	0.00974	0.00771	0.01082	0.00635	0.00640	0.03317	0.01232	0.71823	0.01749	0.01767	0.01194	0.00594	0.00448	0.00139	0.00371	0.06970	0.03055	0.00704
22	0.00587	0.00437	0.00505	0.00506	0.00610	0.00389	0.00363	0.00707	0.01001	0.02858	0.24969	0.15669	0.38140	0.10444	0.00711	0.00180	0.00247	0.00890	0.00412	0.00374
23	0.00748	0.00503	0.00691	0.10563	0.00971	0.00489	0.00524	0.00937	0.01120	0.09031	0.48674	0.14860	0.07420	0.00886	0.00504	0.00144	0.00274	0.00782	0.00436	0.00440
24	0.01012	0.00965	0.01611	0.02408	0.72167	0.00956	0.01217	0.01253	0.00993	0.01395	0.01253	0.01454	0.10442	0.00475	0.00442	0.00132	0.00482	0.00453	0.00239	0.00652

[dist]
# distance from previous block
# <min> <max>
0	1

[block]
# block no. 5 follows, 60 sequences, length 26
# corresponding to MSA columns:
# 550-575
name=unknown_F
#
# <colnr> <probs for GDERKNQSTAVLIFYWHMCP>
#	G	D	E	R	K	N	Q	S	T	A	V	L	I	F	Y	W	H	M	C	P
0	0.01503	0.00947	0.01075	0.00882	0.01182	0.01012	0.00710	0.21888	0.36161	0.27355	0.01575	0.01437	0.01104	0.00558	0.00440	0.00140	0.00387	0.00451	0.00472	0.00720
1	0.15384	0.00533	0.00593	0.00582	0.00717	0.00531	0.00429	0.02297	0.00911	0.13370	0.01778	0.34520	0.03452	0.04467	0.00508	0.00157	0.00284	0.00735	0.18308	0.00445
2	0.00596	0.00526	0.00598	0.00567	0.00681	0.00533	0.00437	0.00702	0.00930	0.01158	0.05391	0.05308	0.62110	0.03706	0.00725	0.00164	0.14294	0.00825	0.00366	0.00384
3	0.01512	0.01064	0.01141	0.00894	0.01199	0.01167	0.00732	0.63131	0.03564	0.04867	0.01146	0.01170	0.00828	0.00523	0.00414	0.00126	0.00427	0.00399	0.15011	0.00684
4	0.00573	0.00402	0.00507	0.00560	0.00621	0.00372	0.00390	0.00691	0.00942	0.01300	0.19213	0.51726	0.11053	0.01163	0.00521	0.00159	0.00235	0.01038	0.08160	0.00372
5	0.00578	0.00424	0.00552	0.00627	0.00694	0.00397	0.00468	0.00701	0.00934	0.01226	0.09788	0.46690	0.13843	0.01248	0.00558	0.00175	0.00280	0.20033	0.00411	0.00373
6	0.00961	0.00975	0.01451	0.01209	0.01250	0.01314	0.08319	0.01082	0.00701	0.01082	0.00601	0.00975	0.00581	0.00727	0.01346	0.00187	0.76163	0.00394	0.00194	0.00487
7	0.47063	0.00755	0.00790	0.14561	0.01214	0.00841	0.00608	0.01339	0.00868	0.15287	0.00985	0.05488	0.00774	0.00493	0.00344	0.00136	0.00369	0.00363	0.07213	0.00508
8	0.00794	0.00592	0.00762	0.02959	0.00878	0.00648	0.00552	0.14163	0.00999	0.01367	0.08076	0.03249	0.09266	0.08307	0.42890	0.02432	0.00778	0.00545	0.00307	0.00437
9	0.00611	0.00449	0.00593	0.00567	0.00669	0.00431	0.00428	0.00802	0.01128	0.01585	0.62742	0.03064	0.09066	0.01307	0.14375	0.00233	0.00369	0.00744	0.00433	0.00405
10	0.03695	0.00788	0.01077	0.14720	0.01444	0.00760	0.00748	0.08144	0.01237	0.60486	0.01483	0.01378	0.00955	0.00518	0.00434	0.00136	0.00414	0.00422	0.00467	0.00693
11	0.04474	0.00801	0.00901	0.00727	0.00985	0.00824	0.00589	0.29332	0.01408	0.23839	0.03536	0.01396	0.01034	0.00529	0.00392	0.00123	0.00351	0.00415	0.27726	0.00618
12	0.00793	0.00720	0.01000	0.02135	0.13908	0.02130	0.08611	0.01149	0.14479	0.01389	0.07808	0.10718	0.29558	0.00806	0.00485	0.00145	0.00357	0.00714	0.02592	0.00502
13	0.01445	0.12421	0.15017	0.01097	0.01411	0.59042	0.00960	0.01627	0.01139	0.01115	0.00684	0.00798	0.00560	0.00434	0.00383	0.00114	0.00723	0.00282	0.00213	0.00536
14	0.00722	0.00534	0.00635	0.00651	0.00753	0.00528	0.00471	0.14051	0.01069	0.01403	0.02503	0.55481	0.15398	0.01178	0.00531	0.00165	0.00289	0.02805	0.00410	0.00423
15	0.11811	0.00940	0.01163	0.01133	0.14725	0.00965	0.00785	0.25598	0.03781	0.28597	0.05227	0.01284	0.00999	0.00513	0.00421	0.00133	0.00416	0.00411	0.00416	0.00683
16	0.06551	0.00633	0.00664	0.00621	0.00797	0.03129	0.00473	0.03649	0.11575	0.10793	0.07487	0.16539	0.33582	0.00918	0.00482	0.00148	0.00293	0.00773	0.00417	0.00477
17	0.00535	0.00429	0.00479	0.00495	0.00609	0.00372	0.00360	0.00654	0.00998	0.01257	0.16538	0.21531	0.51956	0.01127	0.00524	0.00152	0.00225	0.00969	0.00417	0.00372
18	0.01097	0.70716	0.01997	0.00716	0.01027	0.01499	0.00684	0.01182	0.00833	0.00981	0.00632	0.00805	0.00593	0.00565	0.00519	0.14759	0.00452	0.00258	0.00187	0.00497
19	0.00966	0.00729	0.00950	0.03488	0.04226	0.02091	0.05521	0.14445	0.05885	0.07161	0.27073	0.09010	0.09714	0.00794	0.00494	0.00145	0.00356	0.06013	0.00417	0.00522
20	0.01086	0.01137	0.04028	0.14127	0.24048	0.19328	0.04354	0.02508	0.00996	0.03414	0.03510	0.03190	0.00957	0.14625	0.00733	0.00180	0.00566	0.00441	0.00246	0.00526
21	0.00918	0.04264	0.66560	0.01170	0.01740	0.01044	0.01433	0.01537	0.14413	0.01446	0.00945	0.01034	0.00684	0.00443	0.00416	0.00139	0.00589	0.00349	0.00228	0.00650
22	0.00789	0.00720	0.01186	0.69655	0.02608	0.00875	0.01077	0.01065	0.00933	0.01221	0.14386	0.01515	0.01176	0.00513	0.00449	0.00144	0.00518	0.00455	0.00242	0.00472
23	0.01099	0.01061	0.15331	0.02466	0.10954	0.00814	0.17790	0.02653	0.01041	0.17661	0.01418	0.10007	0.01261	0.00655	0.00489	0.00153	0.00511	0.13719	0.00330	0.00588
24	0.01320	0.03625	0.19373	0.00982	0.07756	0.02135	0.00866	0.03496	0.01110	0.35463	0.03084	0.01784	0.14522	0.01938	0.00470	0.00140	0.00430	0.00488	0.00387	0.00631
25	0.00854	0.00639	0.02102	0.06179	0.09069	0.00606	0.07634	0.01021	0.00956	0.11181	0.04670	0.34847	0.08545	0.00934	0.00530	0.00159	0.02259	0.05604	0.01734	0.00478

[dist]
# distance from previous block
# <min> <max>
0	19

# created by:
# /st0/software/busco_prod/Augustus/scripts/msa2prfl.pl ./align_prep/107326.fa
