[name]
unknown

[dist]
# distance from previous block
# <min> <max>
18	58

[block]
# block no. 0 follows, 49 sequences, length 9
# corresponding to MSA columns:
# 98-106
name=unknown_A
#
# <colnr> <probs for GDERKNQSTAVLIFYWHMCP>
#	G	D	E	R	K	N	Q	S	T	A	V	L	I	F	Y	W	H	M	C	P
0	0.03007	0.07441	0.09884	0.02455	0.10692	0.05589	0.00921	0.09649	0.03136	0.04698	0.01868	0.03596	0.15460	0.00735	0.01833	0.00154	0.00510	0.02659	0.00354	0.15357
1	0.06972	0.08851	0.14900	0.05688	0.11251	0.06538	0.07254	0.01548	0.09185	0.01586	0.01348	0.10059	0.03790	0.00638	0.00501	0.00154	0.01744	0.00541	0.00307	0.07144
2	0.01012	0.09492	0.24191	0.07333	0.07787	0.03791	0.06546	0.02675	0.01143	0.01562	0.12544	0.11856	0.01686	0.00844	0.03624	0.00187	0.00606	0.02185	0.00317	0.00620
3	0.01168	0.02529	0.01254	0.12165	0.09434	0.02603	0.00915	0.06898	0.36622	0.01842	0.01779	0.10051	0.03102	0.02214	0.00557	0.00172	0.00468	0.01846	0.00419	0.03961
4	0.65929	0.01019	0.01012	0.00842	0.01181	0.01130	0.08111	0.01577	0.06757	0.02156	0.00850	0.00969	0.00657	0.00476	0.00360	0.00154	0.00436	0.00330	0.00322	0.05733
5	0.00962	0.00620	0.00822	0.02869	0.03886	0.00627	0.00595	0.08370	0.01023	0.03535	0.01874	0.06731	0.11903	0.07496	0.04082	0.35215	0.00468	0.08171	0.00341	0.00409
6	0.06479	0.39857	0.16361	0.01087	0.04712	0.09247	0.01034	0.01583	0.01094	0.06638	0.01002	0.07001	0.00890	0.00552	0.00409	0.00135	0.00583	0.00406	0.00274	0.00658
7	0.12115	0.00891	0.01330	0.50217	0.08426	0.01031	0.01150	0.01377	0.01051	0.07797	0.01382	0.01648	0.08403	0.00583	0.00489	0.00165	0.00571	0.00492	0.00295	0.00589
8	0.00689	0.00544	0.00700	0.00800	0.06571	0.00496	0.00525	0.00852	0.01186	0.01572	0.27160	0.26743	0.27837	0.01230	0.00604	0.00176	0.00287	0.01082	0.00480	0.00466

[dist]
# distance from previous block
# <min> <max>
2	5

[block]
# block no. 1 follows, 49 sequences, length 6
# corresponding to MSA columns:
# 112-117
name=unknown_B
#
# <colnr> <probs for GDERKNQSTAVLIFYWHMCP>
#	G	D	E	R	K	N	Q	S	T	A	V	L	I	F	Y	W	H	M	C	P
0	0.01168	0.01064	0.06055	0.06619	0.07976	0.01073	0.03116	0.14099	0.19420	0.01815	0.01693	0.01991	0.07889	0.11017	0.00922	0.04855	0.05334	0.00568	0.02687	0.00637
1	0.04881	0.05715	0.01187	0.07917	0.09609	0.00905	0.02121	0.08470	0.03269	0.05241	0.07832	0.08499	0.06148	0.11740	0.05254	0.00232	0.00510	0.00622	0.00367	0.09481
2	0.05287	0.30798	0.05485	0.01042	0.01404	0.19051	0.00918	0.14508	0.08026	0.01685	0.00980	0.01090	0.00801	0.00742	0.05988	0.00180	0.00673	0.00364	0.00309	0.00670
3	0.01245	0.13145	0.47267	0.01444	0.06173	0.06856	0.04885	0.10200	0.01246	0.01703	0.00913	0.01062	0.00682	0.00487	0.00467	0.00150	0.00706	0.00380	0.00254	0.00736
4	0.04991	0.01028	0.10701	0.05707	0.03523	0.07568	0.00776	0.01175	0.04573	0.01299	0.01450	0.04953	0.03606	0.27668	0.18458	0.00408	0.00738	0.00592	0.00297	0.00489
5	0.58836	0.08903	0.11352	0.00820	0.01187	0.05233	0.00770	0.01499	0.00937	0.01986	0.00822	0.04249	0.00692	0.00517	0.00357	0.00153	0.00475	0.00338	0.00295	0.00580

[dist]
# distance from previous block
# <min> <max>
0	1

[block]
# block no. 2 follows, 49 sequences, length 92
# corresponding to MSA columns:
# 119-210
name=unknown_C
#
# <colnr> <probs for GDERKNQSTAVLIFYWHMCP>
#	G	D	E	R	K	N	Q	S	T	A	V	L	I	F	Y	W	H	M	C	P
0	0.00749	0.00568	0.00701	0.02114	0.00867	0.00534	0.00521	0.00957	0.04414	0.02556	0.16125	0.22749	0.19891	0.06361	0.06889	0.00242	0.00400	0.05583	0.00445	0.07335
1	0.04673	0.01332	0.01412	0.01118	0.01495	0.01488	0.00913	0.59063	0.18262	0.02930	0.01374	0.01342	0.00993	0.00619	0.00501	0.00156	0.00518	0.00474	0.00501	0.00837
2	0.01221	0.01168	0.02762	0.04883	0.27998	0.08141	0.03711	0.06170	0.01233	0.02575	0.07274	0.02517	0.01142	0.00606	0.02727	0.00149	0.00563	0.00456	0.00312	0.24393
3	0.01024	0.02497	0.73233	0.01450	0.02147	0.01199	0.03473	0.01579	0.01053	0.01579	0.00895	0.01076	0.00645	0.00504	0.00554	0.00164	0.05598	0.00383	0.00215	0.00734
4	0.00780	0.00499	0.00652	0.00702	0.00781	0.00465	0.00498	0.00907	0.01079	0.07028	0.14808	0.48749	0.05255	0.07483	0.00770	0.00215	0.00319	0.06408	0.02151	0.00451
5	0.01498	0.01477	0.01813	0.01432	0.01755	0.22695	0.24611	0.07557	0.04818	0.09826	0.05224	0.02923	0.01103	0.02016	0.01756	0.00175	0.07797	0.00522	0.00345	0.00657
6	0.01816	0.01339	0.01389	0.01102	0.01465	0.06419	0.00894	0.52547	0.10791	0.10510	0.04042	0.01448	0.01116	0.02081	0.00544	0.00159	0.00537	0.00486	0.00501	0.00813
7	0.00753	0.00534	0.00621	0.00598	0.00757	0.00467	0.00452	0.00923	0.01256	0.06776	0.29508	0.08508	0.43267	0.01173	0.00596	0.00169	0.00268	0.02393	0.00509	0.00472
8	0.00851	0.00655	0.00773	0.00760	0.00893	0.02121	0.00565	0.04097	0.09868	0.03833	0.16967	0.28092	0.15336	0.01455	0.08900	0.00246	0.02635	0.00975	0.00465	0.00512
9	0.01457	0.01612	0.02226	0.01696	0.02090	0.21864	0.40039	0.10477	0.05909	0.01708	0.01024	0.01246	0.00788	0.00512	0.00602	0.00161	0.05112	0.00500	0.00299	0.00678
10	0.04207	0.00869	0.01041	0.00869	0.01154	0.00865	0.00699	0.15482	0.08812	0.28690	0.18007	0.02493	0.06060	0.03237	0.00599	0.00173	0.00404	0.05095	0.00542	0.00702
11	0.26846	0.01036	0.01028	0.00905	0.01207	0.01172	0.00722	0.08098	0.39892	0.06946	0.01680	0.01691	0.03320	0.00647	0.00460	0.00166	0.00410	0.02604	0.00457	0.00713
12	0.05493	0.00662	0.00740	0.00716	0.00845	0.00691	0.00515	0.04954	0.12742	0.04832	0.04872	0.17431	0.03083	0.24551	0.01119	0.00264	0.00390	0.04787	0.10813	0.00501
13	0.03558	0.00749	0.00874	0.00807	0.01008	0.00758	0.00632	0.13460	0.06768	0.12179	0.05562	0.17777	0.10500	0.05087	0.00660	0.00192	0.00387	0.11258	0.07197	0.00586
14	0.57671	0.01028	0.00926	0.00786	0.01109	0.01151	0.00643	0.16709	0.01218	0.08822	0.01021	0.05164	0.00813	0.00568	0.00385	0.00158	0.00422	0.00390	0.00386	0.00629
15	0.08022	0.00732	0.00833	0.00742	0.00937	0.00730	0.00557	0.09294	0.05057	0.16461	0.08235	0.08394	0.12251	0.21427	0.01050	0.00249	0.00407	0.03605	0.00458	0.00557
16	0.00719	0.00492	0.00602	0.00630	0.00690	0.00464	0.00421	0.00812	0.00999	0.03290	0.14944	0.29514	0.10921	0.29699	0.01306	0.00294	0.00358	0.03016	0.00430	0.00399
17	0.04595	0.00633	0.00738	0.00703	0.00861	0.00624	0.00528	0.02880	0.09417	0.07977	0.23744	0.13644	0.14728	0.09145	0.00768	0.00203	0.00332	0.04731	0.03229	0.00520
18	0.81466	0.01001	0.00783	0.00691	0.01008	0.01157	0.00569	0.05409	0.00939	0.02316	0.00730	0.00842	0.00564	0.00477	0.00323	0.00156	0.00400	0.00283	0.00323	0.00564
19	0.11860	0.00738	0.00888	0.00777	0.01012	0.00712	0.00604	0.01665	0.05136	0.33190	0.05154	0.08058	0.04057	0.16376	0.00912	0.00232	0.00416	0.07108	0.00488	0.00619
20	0.06004	0.00584	0.00650	0.00623	0.00779	0.00567	0.00473	0.01168	0.05139	0.06979	0.19371	0.06054	0.17714	0.06362	0.00649	0.00179	0.00302	0.04632	0.21272	0.00498
21	0.00704	0.00523	0.00721	0.00748	0.00835	0.00557	0.00568	0.00857	0.00920	0.01255	0.04459	0.13746	0.10759	0.09516	0.43331	0.00551	0.00888	0.08276	0.00352	0.00433
22	0.85801	0.00978	0.00743	0.00665	0.00978	0.01134	0.00548	0.01486	0.00861	0.02269	0.00704	0.00821	0.00548	0.00469	0.00313	0.00156	0.00391	0.00274	0.00313	0.00548
23	0.71370	0.00940	0.00791	0.00692	0.01004	0.01053	0.00567	0.01576	0.00961	0.11525	0.04895	0.01082	0.00850	0.00517	0.00351	0.00157	0.00388	0.00335	0.00363	0.00582
24	0.00757	0.00571	0.00652	0.00642	0.00748	0.00559	0.00447	0.02341	0.08902	0.01497	0.19632	0.14722	0.20125	0.24802	0.01170	0.00266	0.00346	0.00928	0.00446	0.00446
25	0.03120	0.00749	0.01012	0.03615	0.07246	0.00782	0.03341	0.05200	0.09534	0.03913	0.15623	0.19472	0.09774	0.01269	0.08090	0.00236	0.03085	0.02943	0.00433	0.00561
26	0.05455	0.01257	0.01642	0.02750	0.18917	0.10465	0.10159	0.09833	0.06398	0.07876	0.01122	0.01360	0.00897	0.02216	0.07398	0.00223	0.10544	0.00470	0.00329	0.00689
27	0.07174	0.01212	0.01296	0.01052	0.01395	0.01340	0.00850	0.46790	0.18037	0.06544	0.01524	0.07896	0.01204	0.00695	0.00507	0.00161	0.00485	0.00550	0.00498	0.00791
28	0.01051	0.01012	0.01749	0.47157	0.27212	0.01129	0.06909	0.01373	0.01075	0.01433	0.01107	0.01471	0.04110	0.00516	0.00515	0.00163	0.00646	0.00487	0.00246	0.00640
29	0.06207	0.10040	0.16257	0.03796	0.05831	0.10091	0.03937	0.10982	0.08413	0.02818	0.07693	0.01603	0.01243	0.05501	0.01989	0.00183	0.00604	0.01809	0.00338	0.00663
30	0.05464	0.00851	0.01067	0.00871	0.01190	0.00810	0.00701	0.05092	0.11936	0.48015	0.12961	0.05454	0.01841	0.00727	0.00519	0.00161	0.00396	0.00603	0.00576	0.00764
31	0.00859	0.00595	0.00813	0.00756	0.00907	0.00604	0.00579	0.01021	0.00941	0.06164	0.08095	0.02233	0.05573	0.08266	0.46208	0.03529	0.00930	0.00579	0.00332	0.11017
32	0.00949	0.05766	0.06078	0.01050	0.03333	0.06979	0.08401	0.01239	0.06140	0.01473	0.08333	0.20102	0.06528	0.05582	0.04140	0.00224	0.00532	0.12229	0.00387	0.00534
33	0.01496	0.11422	0.10280	0.04892	0.15546	0.31972	0.03441	0.03693	0.02595	0.04162	0.00935	0.01120	0.00756	0.00674	0.04746	0.00176	0.00771	0.00386	0.00271	0.00665
34	0.00735	0.00492	0.00562	0.00562	0.00565	0.00496	0.00319	0.00742	0.00738	0.00988	0.01584	0.03257	0.01816	0.79151	0.05621	0.00503	0.00524	0.00728	0.00305	0.00312
35	0.00742	0.00596	0.00780	0.07431	0.04326	0.00576	0.00678	0.00934	0.01145	0.01448	0.07383	0.06889	0.34136	0.02992	0.00667	0.00199	0.00386	0.27785	0.00440	0.00467
36	0.01169	0.09012	0.36173	0.06233	0.11079	0.01257	0.05560	0.05629	0.03638	0.04159	0.03020	0.01344	0.00895	0.00555	0.00570	0.00161	0.06228	0.02327	0.00276	0.00714
37	0.01567	0.02021	0.13665	0.11402	0.01874	0.42937	0.01149	0.09159	0.06754	0.01550	0.00960	0.01112	0.00748	0.00604	0.02222	0.00160	0.00796	0.00383	0.00290	0.00647
38	0.01835	0.02324	0.01482	0.01327	0.01584	0.74561	0.03137	0.01973	0.01398	0.01247	0.00783	0.00933	0.00655	0.00534	0.00512	0.00135	0.04394	0.00338	0.00259	0.00587
39	0.01165	0.07313	0.23317	0.01810	0.02363	0.03514	0.48268	0.01602	0.01151	0.01568	0.00996	0.02739	0.00770	0.00465	0.00544	0.00163	0.00794	0.00523	0.00246	0.00689
40	0.02222	0.00850	0.01158	0.00892	0.01275	0.00735	0.00735	0.02419	0.01447	0.77081	0.04321	0.01783	0.01358	0.00638	0.00511	0.00157	0.00424	0.00521	0.00624	0.00849
41	0.01251	0.01061	0.01127	0.01010	0.01288	0.01217	0.00786	0.06419	0.68855	0.02144	0.05245	0.04191	0.01694	0.00722	0.00521	0.00171	0.00398	0.00604	0.00515	0.00779
42	0.01338	0.00927	0.01447	0.12777	0.23614	0.00912	0.05116	0.03935	0.01234	0.20703	0.04494	0.09426	0.07732	0.00699	0.00530	0.00160	0.00503	0.00629	0.00399	0.03424
43	0.00740	0.00493	0.00581	0.00581	0.00590	0.00502	0.00344	0.00748	0.00740	0.00995	0.01539	0.03104	0.01741	0.71150	0.10063	0.04196	0.00572	0.00704	0.00299	0.00317
44	0.01244	0.13310	0.07201	0.04042	0.22711	0.01201	0.05829	0.01629	0.09252	0.08934	0.02733	0.03577	0.05194	0.00700	0.02954	0.00174	0.05597	0.00510	0.00328	0.02878
45	0.01804	0.08643	0.01573	0.01179	0.01523	0.25162	0.00955	0.42183	0.05409	0.02313	0.01060	0.01116	0.00804	0.00580	0.00516	0.00145	0.03485	0.00405	0.00398	0.00746
46	0.01161	0.01041	0.01420	0.01334	0.07578	0.01314	0.01020	0.03592	0.08428	0.04833	0.02436	0.01671	0.04502	0.00843	0.01219	0.00199	0.49550	0.04377	0.00309	0.03175
47	0.02069	0.00508	0.00623	0.00665	0.00718	0.00498	0.00457	0.00825	0.00920	0.02479	0.04358	0.24460	0.06632	0.36877	0.04053	0.00349	0.00440	0.12289	0.00393	0.00387
48	0.01129	0.26920	0.38287	0.01204	0.01722	0.01404	0.04133	0.01502	0.01069	0.02724	0.07159	0.01233	0.00995	0.00548	0.00553	0.00150	0.07938	0.00402	0.00251	0.00677
49	0.02147	0.00836	0.01144	0.00897	0.01265	0.00732	0.00741	0.02343	0.01410	0.73094	0.01995	0.01889	0.01317	0.00789	0.03850	0.00187	0.00470	0.03459	0.00605	0.00828
50	0.01237	0.01211	0.02142	0.05121	0.68501	0.01208	0.09976	0.01552	0.01152	0.01639	0.00958	0.01267	0.00794	0.00449	0.00511	0.00153	0.00631	0.00467	0.00250	0.00781
51	0.01193	0.01124	0.01783	0.33167	0.36537	0.03740	0.04268	0.06913	0.01183	0.01587	0.00945	0.01287	0.00752	0.00519	0.00544	0.02420	0.00641	0.00452	0.00258	0.00685
52	0.01237	0.04398	0.03822	0.06576	0.36020	0.04500	0.08126	0.08142	0.03333	0.01687	0.01213	0.05426	0.01098	0.00634	0.00587	0.00165	0.04922	0.07104	0.00305	0.00704
53	0.00622	0.00444	0.00594	0.00711	0.00743	0.00416	0.00480	0.00715	0.00974	0.01298	0.02784	0.79561	0.03331	0.01578	0.00647	0.00206	0.00299	0.03715	0.00469	0.00412
54	0.01187	0.01345	0.02875	0.02070	0.02543	0.01299	0.71471	0.01589	0.01162	0.01589	0.00996	0.01345	0.00759	0.00461	0.00677	0.00174	0.06946	0.00585	0.00253	0.00672
55	0.01320	0.43409	0.05709	0.08723	0.06698	0.11703	0.05526	0.01558	0.02379	0.01296	0.00818	0.01016	0.00704	0.00586	0.03031	0.00154	0.04145	0.00351	0.00234	0.00641
56	0.01195	0.01148	0.07539	0.14884	0.29312	0.01095	0.07056	0.03524	0.07159	0.07245	0.01201	0.03464	0.00972	0.00907	0.09504	0.00235	0.02050	0.00505	0.00306	0.00701
57	0.00708	0.00514	0.00650	0.00617	0.00729	0.00474	0.00452	0.00913	0.01338	0.01866	0.64795	0.03823	0.10770	0.09209	0.00795	0.00193	0.00265	0.00909	0.00524	0.00456
58	0.01281	0.01127	0.07461	0.01015	0.01322	0.01113	0.00855	0.08186	0.47590	0.07909	0.05916	0.04681	0.01699	0.02937	0.00584	0.00180	0.00437	0.04473	0.00490	0.00745
59	0.00742	0.00639	0.03255	0.00771	0.02321	0.00568	0.00600	0.01026	0.07635	0.01563	0.16042	0.21078	0.25956	0.01235	0.00613	0.00187	0.00333	0.14473	0.00475	0.00487
60	0.22005	0.01353	0.04555	0.00984	0.01332	0.16342	0.00818	0.14564	0.04977	0.22927	0.04489	0.01330	0.01036	0.00579	0.00454	0.00152	0.00539	0.00422	0.00434	0.00709
61	0.00843	0.00556	0.00642	0.00627	0.00682	0.00562	0.00395	0.00986	0.07084	0.05170	0.01857	0.09055	0.04578	0.59772	0.04761	0.00426	0.00487	0.00768	0.00357	0.00392
62	0.16473	0.00718	0.00812	0.00704	0.00933	0.00694	0.00536	0.02531	0.01125	0.28578	0.04177	0.07144	0.11524	0.17841	0.00923	0.00230	0.00395	0.00651	0.03428	0.00582
63	0.01239	0.01180	0.01986	0.10442	0.65291	0.01219	0.02998	0.03975	0.01166	0.01653	0.00947	0.01257	0.00786	0.00474	0.00541	0.00155	0.03214	0.00453	0.00255	0.00770
64	0.66707	0.01044	0.00976	0.01035	0.11709	0.02700	0.00713	0.03691	0.00979	0.05417	0.00808	0.00931	0.00623	0.00478	0.00355	0.00155	0.00436	0.00314	0.00322	0.00605
65	0.41769	0.00894	0.00939	0.00778	0.01114	0.00911	0.00636	0.01910	0.01144	0.38823	0.01424	0.05438	0.01026	0.00601	0.00423	0.00159	0.00405	0.00445	0.00469	0.00689
66	0.07927	0.00613	0.00716	0.00697	0.00793	0.00648	0.00495	0.03025	0.04621	0.03430	0.02890	0.07444	0.06185	0.34481	0.14335	0.04066	0.01625	0.05229	0.00352	0.00428
67	0.07544	0.01144	0.05650	0.22916	0.26353	0.02308	0.04742	0.04391	0.01115	0.01628	0.03039	0.01370	0.00878	0.00574	0.01650	0.00166	0.05497	0.01828	0.00271	0.06936
68	0.00794	0.00462	0.00650	0.00672	0.00689	0.00467	0.00453	0.00714	0.00751	0.01010	0.01403	0.15070	0.01531	0.15054	0.09979	0.46539	0.00520	0.02660	0.00286	0.00296
69	0.61852	0.00990	0.00874	0.00743	0.01068	0.01103	0.00611	0.10069	0.01115	0.12434	0.00971	0.01029	0.00707	0.00510	0.00362	0.00154	0.00408	0.00333	0.04047	0.00620
70	0.03193	0.00542	0.00734	0.00750	0.02865	0.00532	0.00521	0.02295	0.00869	0.05508	0.01689	0.02445	0.10765	0.06301	0.01521	0.50373	0.00427	0.08009	0.00311	0.00347
71	0.01063	0.01009	0.01711	0.52700	0.30954	0.01152	0.01458	0.01386	0.01062	0.01423	0.00918	0.01313	0.00720	0.00486	0.00504	0.00162	0.00647	0.00450	0.00234	0.00649
72	0.00681	0.00513	0.00637	0.00696	0.00779	0.00490	0.00489	0.00903	0.06958	0.01486	0.15369	0.52344	0.13107	0.01385	0.00622	0.00191	0.00290	0.02119	0.00487	0.00454
73	0.49143	0.00982	0.00940	0.00792	0.01125	0.01070	0.00648	0.06984	0.09328	0.21370	0.01217	0.01201	0.00861	0.00542	0.00396	0.00157	0.00410	0.00379	0.01785	0.00672
74	0.03881	0.00606	0.00735	0.00751	0.00872	0.00599	0.00543	0.03831	0.07593	0.08898	0.04829	0.44800	0.06918	0.08004	0.00764	0.00216	0.00350	0.04835	0.00473	0.00504
75	0.00735	0.00490	0.00552	0.00552	0.00552	0.00490	0.00306	0.00735	0.00735	0.00980	0.01593	0.03309	0.01838	0.82229	0.02574	0.00490	0.00490	0.00735	0.00306	0.00306
76	0.01284	0.00905	0.00957	0.00840	0.01087	0.00999	0.00659	0.14284	0.34643	0.04869	0.01767	0.01771	0.01331	0.00635	0.00453	0.00148	0.00366	0.00513	0.31798	0.00690
77	0.16980	0.00863	0.00874	0.00795	0.00994	0.00966	0.00592	0.07105	0.28516	0.01840	0.01583	0.02140	0.01405	0.25287	0.02582	0.00274	0.00448	0.01938	0.04237	0.00581
78	0.01109	0.00825	0.00925	0.00838	0.01041	0.00859	0.00652	0.25765	0.05024	0.01991	0.05221	0.17111	0.16890	0.08443	0.00761	0.00206	0.00412	0.09683	0.01664	0.00578
79	0.00734	0.00514	0.00659	0.00664	0.00705	0.00544	0.00450	0.00816	0.00805	0.01107	0.03905	0.02990	0.01784	0.48505	0.29234	0.00578	0.00780	0.04546	0.00310	0.00370
80	0.01259	0.00996	0.03486	0.00965	0.01236	0.01003	0.04056	0.28871	0.08342	0.04397	0.14436	0.09929	0.08502	0.04528	0.03144	0.00201	0.00475	0.03046	0.00475	0.00653
81	0.18046	0.00917	0.00975	0.00856	0.01102	0.00988	0.00661	0.19732	0.11596	0.10473	0.01698	0.19501	0.01582	0.08766	0.00702	0.00201	0.00424	0.00687	0.00454	0.00636
82	0.05133	0.00607	0.00671	0.00673	0.00830	0.00589	0.00512	0.02347	0.09104	0.01610	0.14098	0.16227	0.35006	0.02332	0.00618	0.00184	0.00310	0.08187	0.00476	0.00486
83	0.01592	0.01174	0.01309	0.03458	0.01458	0.03990	0.03033	0.31971	0.22779	0.12082	0.06245	0.01802	0.05431	0.00680	0.00520	0.00159	0.00488	0.00552	0.00500	0.00775
84	0.01322	0.01120	0.01136	0.01008	0.01296	0.04968	0.00786	0.07263	0.61007	0.05120	0.02166	0.02009	0.07118	0.00714	0.00517	0.00168	0.00425	0.00586	0.00503	0.00769
85	0.02634	0.00706	0.00812	0.00768	0.00936	0.00732	0.00591	0.08497	0.12412	0.07163	0.08595	0.10687	0.03617	0.11490	0.00796	0.00211	0.00380	0.11900	0.16518	0.00555
86	0.00736	0.00583	0.00662	0.00665	0.00803	0.00562	0.00492	0.01053	0.11684	0.01557	0.17408	0.16689	0.31961	0.07354	0.00750	0.00202	0.00309	0.05571	0.00479	0.00478
87	0.04096	0.01134	0.01475	0.03966	0.01583	0.01215	0.10045	0.34800	0.08221	0.11353	0.01421	0.01669	0.01093	0.01024	0.10439	0.00243	0.00658	0.04380	0.00444	0.00743
88	0.01122	0.00688	0.00860	0.00759	0.00959	0.00668	0.00588	0.04879	0.10787	0.16513	0.49028	0.05741	0.03497	0.00915	0.00568	0.00161	0.00310	0.00794	0.00559	0.00603
89	0.00739	0.00556	0.00823	0.00816	0.00898	0.00652	0.00631	0.00901	0.00805	0.01161	0.01329	0.01993	0.01255	0.06398	0.73051	0.02853	0.03880	0.00543	0.00269	0.00444
90	0.01015	0.00935	0.01532	0.69513	0.03214	0.01141	0.03786	0.05265	0.03418	0.01422	0.00968	0.01377	0.00731	0.00612	0.02902	0.00187	0.00686	0.00461	0.00250	0.00585
91	0.66820	0.08361	0.02752	0.00762	0.01093	0.08128	0.00648	0.01564	0.00946	0.04144	0.00750	0.00858	0.00587	0.00475	0.00336	0.00150	0.00459	0.00287	0.00306	0.00573

[dist]
# distance from previous block
# <min> <max>
0	1

[block]
# block no. 3 follows, 49 sequences, length 63
# corresponding to MSA columns:
# 212-228,233-241,257-263,272-301
name=unknown_D
#
# <colnr> <probs for GDERKNQSTAVLIFYWHMCP>
#	G	D	E	R	K	N	Q	S	T	A	V	L	I	F	Y	W	H	M	C	P
0	0.01204	0.08554	0.15037	0.04198	0.47096	0.01290	0.03110	0.01597	0.05436	0.01595	0.00968	0.01214	0.00791	0.00493	0.00552	0.00154	0.05269	0.00431	0.00254	0.00756
1	0.01368	0.03259	0.01204	0.00978	0.01241	0.04431	0.00777	0.32009	0.10972	0.02135	0.01612	0.04647	0.04979	0.11048	0.05089	0.00236	0.04273	0.04314	0.00423	0.05005
2	0.24667	0.06421	0.03370	0.01068	0.03835	0.04218	0.00872	0.37108	0.03495	0.06919	0.01063	0.01111	0.00781	0.00557	0.00466	0.00152	0.02354	0.00393	0.00411	0.00739
3	0.00646	0.00511	0.00588	0.00602	0.00736	0.00445	0.00441	0.00791	0.01157	0.01489	0.18569	0.23650	0.41343	0.01278	0.00603	0.00175	0.00271	0.02750	0.00480	0.03475
4	0.02626	0.00775	0.08572	0.02133	0.02854	0.00627	0.00679	0.03676	0.01069	0.02846	0.06947	0.27594	0.16120	0.07595	0.10808	0.00285	0.00511	0.03391	0.00403	0.00489
5	0.01227	0.09739	0.47710	0.01393	0.01951	0.16155	0.05804	0.01645	0.01118	0.01468	0.00853	0.01034	0.00652	0.00511	0.00556	0.00155	0.06743	0.00373	0.00226	0.00690
6	0.00841	0.00655	0.00909	0.00857	0.00958	0.00765	0.00666	0.05241	0.00897	0.01288	0.01285	0.01954	0.01220	0.10946	0.57514	0.00660	0.09308	0.00538	0.00284	0.03215
7	0.04456	0.00647	0.00767	0.00743	0.00905	0.00649	0.00574	0.01292	0.14172	0.05302	0.31977	0.10930	0.12362	0.02649	0.00623	0.00183	0.00322	0.10405	0.00507	0.00535
8	0.04677	0.00720	0.00835	0.00759	0.00973	0.00707	0.00581	0.03319	0.14707	0.18540	0.10974	0.13885	0.19269	0.05455	0.00667	0.00189	0.00352	0.02287	0.00506	0.00599
9	0.16099	0.00915	0.01124	0.00877	0.01256	0.00860	0.00725	0.07023	0.01409	0.61827	0.01732	0.01540	0.01110	0.00599	0.00476	0.00156	0.00432	0.00466	0.00566	0.00809
10	0.79633	0.00969	0.00775	0.00682	0.01001	0.01106	0.00562	0.01559	0.00904	0.07966	0.00799	0.00888	0.00600	0.00481	0.00327	0.00156	0.00394	0.00291	0.00336	0.00571
11	0.14357	0.00877	0.01002	0.00836	0.01138	0.00874	0.00667	0.11276	0.07686	0.33563	0.02117	0.09483	0.09925	0.03213	0.00564	0.00173	0.00407	0.00628	0.00513	0.00701
12	0.02507	0.00571	0.00642	0.00636	0.00782	0.00541	0.00473	0.01015	0.08864	0.01648	0.25618	0.14673	0.33776	0.02349	0.00615	0.00177	0.00280	0.02206	0.02148	0.00479
13	0.01518	0.01035	0.01154	0.00990	0.01297	0.01132	0.00779	0.08366	0.51529	0.19755	0.01958	0.01857	0.01436	0.04107	0.00599	0.00180	0.00423	0.00555	0.00530	0.00798
14	0.85801	0.00978	0.00743	0.00665	0.00978	0.01134	0.00548	0.01486	0.00861	0.02269	0.00704	0.00821	0.00548	0.00469	0.00313	0.00156	0.00391	0.00274	0.00313	0.00548
15	0.15935	0.00882	0.00988	0.00833	0.01103	0.00902	0.00652	0.16388	0.03503	0.25795	0.01736	0.09491	0.03460	0.13388	0.00815	0.00215	0.00440	0.02343	0.00474	0.00656
16	0.02653	0.00547	0.00682	0.00729	0.00833	0.00525	0.00538	0.02959	0.02961	0.04723	0.09552	0.43903	0.12733	0.03059	0.00663	0.00201	0.00329	0.11465	0.00478	0.00467
17	0.00754	0.00573	0.00755	0.00752	0.00821	0.02528	0.00549	0.00883	0.00806	0.01121	0.01407	0.02330	0.01410	0.25630	0.56587	0.00706	0.01102	0.00591	0.00281	0.00414
18	0.01202	0.01157	0.01989	0.15664	0.64963	0.01191	0.03411	0.01512	0.01130	0.01593	0.00944	0.01270	0.00780	0.00459	0.00504	0.00154	0.00619	0.00454	0.00246	0.00759
19	0.01028	0.00610	0.00784	0.00776	0.00910	0.00590	0.00601	0.03847	0.02435	0.13089	0.07855	0.13412	0.06007	0.15899	0.01049	0.05086	0.00414	0.23352	0.01764	0.00494
20	0.01714	0.03911	0.01504	0.01338	0.04796	0.53536	0.02876	0.10234	0.01433	0.01487	0.00887	0.01124	0.00753	0.02517	0.00604	0.00150	0.06623	0.01640	0.00289	0.02586
21	0.00777	0.00568	0.00774	0.04645	0.01025	0.00580	0.00671	0.00984	0.03824	0.03076	0.04494	0.40573	0.04661	0.01372	0.00679	0.00209	0.02944	0.27221	0.00456	0.00467
22	0.85801	0.00978	0.00743	0.00665	0.00978	0.01134	0.00548	0.01486	0.00861	0.02269	0.00704	0.00821	0.00548	0.00469	0.00313	0.00156	0.00391	0.00274	0.00313	0.00548
23	0.00824	0.00633	0.00761	0.00705	0.00899	0.00548	0.00512	0.01026	0.04679	0.03155	0.06253	0.35125	0.10265	0.05882	0.00661	0.00174	0.00331	0.00924	0.00418	0.26225
24	0.01225	0.00982	0.01608	0.46532	0.24009	0.01096	0.01339	0.01559	0.02954	0.12186	0.01092	0.01386	0.00810	0.00511	0.00505	0.00162	0.00614	0.00461	0.00294	0.00675
25	0.55360	0.00935	0.00900	0.00751	0.01092	0.00992	0.00619	0.01843	0.01074	0.30386	0.01175	0.01149	0.00804	0.00526	0.00384	0.00156	0.00405	0.00359	0.00427	0.00662
26	0.01078	0.00699	0.00883	0.00860	0.01021	0.00715	0.00689	0.07585	0.10529	0.08850	0.07575	0.07820	0.03965	0.04563	0.00897	0.12796	0.00429	0.28064	0.00453	0.00529
27	0.00933	0.00572	0.00699	0.00697	0.00834	0.00534	0.00510	0.01134	0.05475	0.13003	0.06906	0.30497	0.18681	0.09110	0.00785	0.00213	0.00336	0.05083	0.03496	0.00502
28	0.01287	0.00703	0.00896	0.00759	0.00988	0.00656	0.00598	0.08519	0.01513	0.25207	0.45718	0.02968	0.06309	0.00882	0.00562	0.00158	0.00326	0.00757	0.00569	0.00625
29	0.85801	0.00978	0.00743	0.00665	0.00978	0.01134	0.00548	0.01486	0.00861	0.02269	0.00704	0.00821	0.00548	0.00469	0.00313	0.00156	0.00391	0.00274	0.00313	0.00548
30	0.39064	0.00971	0.00965	0.00826	0.01143	0.01053	0.00670	0.08402	0.14127	0.19512	0.01475	0.04035	0.02775	0.00628	0.00433	0.00162	0.00411	0.02223	0.00446	0.00678
31	0.23382	0.00732	0.00746	0.00694	0.00904	0.00758	0.00532	0.03139	0.08786	0.08290	0.11783	0.13453	0.17464	0.03826	0.00574	0.00178	0.00339	0.00748	0.03132	0.00543
32	0.00725	0.00497	0.00633	0.00659	0.00755	0.00453	0.00469	0.00874	0.01172	0.05062	0.29447	0.38551	0.14471	0.03006	0.00656	0.00188	0.00279	0.01147	0.00503	0.00454
33	0.85801	0.00978	0.00743	0.00665	0.00978	0.01134	0.00548	0.01486	0.00861	0.02269	0.00704	0.00821	0.00548	0.00469	0.00313	0.00156	0.00391	0.00274	0.00313	0.00548
34	0.29240	0.00983	0.01004	0.00859	0.01162	0.01070	0.00693	0.14851	0.15649	0.15130	0.03403	0.05313	0.01247	0.00660	0.00453	0.00162	0.00415	0.02857	0.04165	0.00686
35	0.02852	0.00644	0.00761	0.00699	0.00865	0.00626	0.00522	0.03356	0.08997	0.11012	0.28622	0.06649	0.15116	0.14061	0.00892	0.00219	0.00341	0.02743	0.00494	0.00529
36	0.00629	0.00447	0.00588	0.00690	0.00721	0.00419	0.00458	0.00717	0.00970	0.01298	0.05852	0.72814	0.03292	0.07557	0.00787	0.00225	0.00306	0.01364	0.00461	0.00406
37	0.72228	0.01049	0.00869	0.00746	0.01073	0.01205	0.00615	0.13768	0.01106	0.02417	0.00787	0.00885	0.00598	0.00492	0.00344	0.00156	0.00418	0.00303	0.00344	0.00598
38	0.19530	0.00901	0.00963	0.00858	0.01114	0.00970	0.00668	0.10450	0.20254	0.14547	0.01791	0.17074	0.01593	0.04689	0.00596	0.00187	0.00406	0.02282	0.00469	0.00657
39	0.00676	0.00509	0.00598	0.00610	0.00711	0.00469	0.00431	0.00833	0.02631	0.01491	0.24773	0.18740	0.27383	0.15049	0.00944	0.00230	0.00306	0.02723	0.00467	0.00426
40	0.25217	0.00822	0.00914	0.00776	0.01060	0.00847	0.00628	0.04463	0.04363	0.29457	0.03047	0.01617	0.02726	0.01034	0.11328	0.00243	0.00520	0.00463	0.09822	0.00655
41	0.85801	0.00978	0.00743	0.00665	0.00978	0.01134	0.00548	0.01486	0.00861	0.02269	0.00704	0.00821	0.00548	0.00469	0.00313	0.00156	0.00391	0.00274	0.00313	0.00548
42	0.17101	0.00832	0.00882	0.00769	0.01011	0.00864	0.00602	0.17223	0.03243	0.11215	0.09202	0.11701	0.12387	0.04220	0.00583	0.00175	0.00379	0.00687	0.06322	0.00601
43	0.03026	0.00688	0.00817	0.00751	0.00928	0.00683	0.00563	0.07735	0.08608	0.13327	0.18180	0.19426	0.07779	0.09139	0.00759	0.00202	0.00354	0.01843	0.04627	0.00564
44	0.01407	0.01073	0.01146	0.00962	0.01262	0.01175	0.00763	0.30051	0.30240	0.05112	0.02211	0.02172	0.13799	0.04132	0.00607	0.00176	0.00437	0.00611	0.01926	0.00738
45	0.00850	0.04055	0.00956	0.00951	0.05343	0.03973	0.04167	0.01001	0.01065	0.04174	0.07767	0.43575	0.05715	0.02881	0.06358	0.00237	0.00463	0.05558	0.00422	0.00488
46	0.21890	0.00785	0.00819	0.00757	0.00965	0.02331	0.00574	0.07042	0.04434	0.13773	0.03772	0.25774	0.05778	0.06057	0.00633	0.00192	0.00382	0.00776	0.02702	0.00565
47	0.00635	0.00504	0.00572	0.00611	0.00728	0.00454	0.00441	0.00782	0.02832	0.01357	0.05149	0.29666	0.44627	0.03915	0.02797	0.00211	0.00314	0.03514	0.00461	0.00429
48	0.00636	0.00456	0.00601	0.00709	0.00749	0.00428	0.00487	0.00733	0.00980	0.01298	0.02804	0.70202	0.05666	0.04906	0.00728	0.00218	0.00314	0.07213	0.00462	0.00411
49	0.01142	0.01011	0.01614	0.06792	0.40210	0.02021	0.04777	0.06341	0.02522	0.01557	0.01069	0.01486	0.00927	0.03803	0.14236	0.08361	0.00723	0.00482	0.00273	0.00652
50	0.00945	0.00583	0.00729	0.00720	0.00873	0.00539	0.00543	0.02789	0.02982	0.13685	0.12971	0.29928	0.20525	0.01282	0.02295	0.00197	0.00344	0.07051	0.00503	0.00518
51	0.01468	0.01132	0.01215	0.01030	0.01336	0.01272	0.00811	0.24711	0.46626	0.06099	0.01773	0.01777	0.01347	0.06274	0.00653	0.00187	0.00454	0.00545	0.00503	0.00787
52	0.82238	0.04419	0.00824	0.00673	0.00991	0.01171	0.00561	0.01488	0.00868	0.02223	0.00704	0.00821	0.00552	0.00468	0.00313	0.00154	0.00397	0.00274	0.00309	0.00552
53	0.01035	0.00789	0.00951	0.00878	0.01080	0.00831	0.02496	0.05689	0.26247	0.05152	0.19336	0.07460	0.08008	0.04279	0.02192	0.00203	0.00400	0.11867	0.00496	0.00607
54	0.01552	0.03394	0.11142	0.03060	0.01601	0.03908	0.01030	0.37241	0.27186	0.02481	0.01422	0.01402	0.01043	0.00608	0.00500	0.00158	0.00542	0.00475	0.00451	0.00805
55	0.00778	0.00584	0.00824	0.00883	0.01013	0.00570	0.03162	0.00993	0.01152	0.01496	0.06409	0.10290	0.12685	0.01422	0.03195	0.00236	0.00457	0.52929	0.00458	0.00464
56	0.03931	0.31803	0.36427	0.01227	0.01793	0.01488	0.07791	0.05305	0.01124	0.01546	0.00950	0.01087	0.02512	0.00483	0.00431	0.00142	0.00648	0.00372	0.00242	0.00697
57	0.01219	0.34798	0.41272	0.01208	0.01794	0.03950	0.03000	0.04724	0.01120	0.01490	0.00836	0.00972	0.00656	0.00466	0.00420	0.00138	0.00663	0.00339	0.00229	0.00706
58	0.00849	0.00580	0.00687	0.00661	0.00816	0.00538	0.00491	0.01111	0.07468	0.08829	0.25984	0.17039	0.28083	0.03741	0.00654	0.00182	0.00293	0.00982	0.00508	0.00506
59	0.00894	0.00898	0.05350	0.47880	0.04399	0.00956	0.04324	0.01195	0.01023	0.01351	0.04115	0.07805	0.04451	0.01050	0.10127	0.00249	0.00698	0.02410	0.00278	0.00546
60	0.04027	0.02668	0.17031	0.08187	0.10487	0.00954	0.06310	0.01344	0.04229	0.03899	0.01191	0.01654	0.01023	0.08341	0.26030	0.00395	0.00862	0.00495	0.00277	0.00599
61	0.01398	0.00682	0.00913	0.02350	0.01019	0.00657	0.00608	0.04475	0.05780	0.28280	0.05024	0.01906	0.05723	0.01217	0.02882	0.35155	0.00444	0.00531	0.00420	0.00537
62	0.03835	0.01301	0.02160	0.01642	0.02007	0.10618	0.44406	0.04238	0.01206	0.04093	0.01291	0.14318	0.01178	0.00662	0.00624	0.00172	0.04632	0.00675	0.00312	0.00628

[dist]
# distance from previous block
# <min> <max>
0	3

[block]
# block no. 4 follows, 49 sequences, length 11
# corresponding to MSA columns:
# 305-315
name=unknown_E
#
# <colnr> <probs for GDERKNQSTAVLIFYWHMCP>
#	G	D	E	R	K	N	Q	S	T	A	V	L	I	F	Y	W	H	M	C	P
0	0.00982	0.00828	0.01169	0.04033	0.05895	0.05136	0.06637	0.05473	0.01012	0.03604	0.01292	0.03752	0.01171	0.04438	0.49650	0.00570	0.02987	0.00544	0.00294	0.00535
1	0.02811	0.05935	0.07120	0.06044	0.29558	0.05604	0.11964	0.03682	0.02949	0.01585	0.03929	0.01346	0.00941	0.00726	0.05237	0.00198	0.08944	0.00471	0.00271	0.00687
2	0.00838	0.00557	0.00702	0.05338	0.00867	0.03342	0.00507	0.00778	0.00831	0.01054	0.01799	0.09429	0.12709	0.09747	0.01536	0.45920	0.00436	0.02997	0.00297	0.00317
3	0.04327	0.01018	0.01490	0.11366	0.30952	0.03652	0.04014	0.04389	0.03523	0.01631	0.05275	0.02199	0.11948	0.00775	0.02363	0.00180	0.04073	0.05852	0.00327	0.00644
4	0.01227	0.04527	0.14858	0.03395	0.06955	0.10627	0.15161	0.06514	0.03980	0.05248	0.05763	0.08886	0.04452	0.00798	0.03727	0.00187	0.02114	0.00595	0.00335	0.00651
5	0.06866	0.05924	0.05227	0.03886	0.16892	0.08473	0.03545	0.14435	0.03008	0.12224	0.01437	0.03375	0.05224	0.00680	0.02154	0.00166	0.00576	0.02641	0.00375	0.02892
6	0.01027	0.00945	0.01545	0.72269	0.07347	0.01153	0.01386	0.05734	0.01098	0.01421	0.00920	0.01335	0.00692	0.00509	0.00505	0.00167	0.00663	0.00450	0.00242	0.00592
7	0.04644	0.16112	0.17537	0.09194	0.04657	0.15725	0.07987	0.03225	0.06536	0.01531	0.03969	0.03307	0.00966	0.00598	0.01806	0.00159	0.00674	0.00439	0.00281	0.00652
8	0.01316	0.18728	0.25935	0.04217	0.05945	0.09625	0.07504	0.05848	0.07663	0.04701	0.01070	0.01276	0.00840	0.00525	0.00468	0.00149	0.00659	0.02533	0.00290	0.00708
9	0.01219	0.08913	0.01507	0.02717	0.11949	0.04185	0.10353	0.01502	0.05509	0.12635	0.06894	0.05814	0.06630	0.01109	0.09877	0.03066	0.02001	0.03124	0.00370	0.00626
10	0.03871	0.00596	0.00699	0.00732	0.03518	0.00587	0.00507	0.02877	0.04336	0.01400	0.06344	0.07768	0.28400	0.19165	0.07033	0.04770	0.00446	0.06112	0.00399	0.00440

[dist]
# distance from previous block
# <min> <max>
0	1

[block]
# block no. 5 follows, 49 sequences, length 6
# corresponding to MSA columns:
# 317-322
name=unknown_F
#
# <colnr> <probs for GDERKNQSTAVLIFYWHMCP>
#	G	D	E	R	K	N	Q	S	T	A	V	L	I	F	Y	W	H	M	C	P
0	0.01250	0.08564	0.30786	0.06282	0.14628	0.01256	0.14791	0.05546	0.03510	0.07071	0.01043	0.01222	0.00772	0.00486	0.00497	0.00156	0.00678	0.00441	0.00281	0.00741
1	0.09587	0.01137	0.04389	0.10802	0.06398	0.04058	0.06433	0.16450	0.04901	0.18962	0.03762	0.03925	0.01163	0.00713	0.02738	0.00180	0.00567	0.02704	0.00419	0.00713
2	0.05774	0.00630	0.00775	0.03135	0.00984	0.00632	0.00613	0.01184	0.06541	0.08798	0.06969	0.14542	0.16059	0.07431	0.06667	0.00258	0.00453	0.17600	0.00448	0.00507
3	0.05626	0.10761	0.06563	0.08031	0.31763	0.01176	0.03216	0.05428	0.01194	0.09364	0.01331	0.01482	0.06635	0.00539	0.00474	0.00147	0.00548	0.00464	0.00315	0.04943
4	0.01257	0.09237	0.11829	0.10294	0.24982	0.03830	0.05691	0.09321	0.03908	0.04204	0.01161	0.06638	0.01001	0.03780	0.00578	0.00168	0.00605	0.00510	0.00305	0.00702
5	0.04356	0.01065	0.04171	0.01215	0.04118	0.05503	0.13335	0.08738	0.05093	0.10127	0.07674	0.03680	0.01538	0.04218	0.09551	0.01744	0.04475	0.08393	0.00385	0.00622

[dist]
# distance from previous block
# <min> <max>
5	10

[block]
# block no. 6 follows, 49 sequences, length 6
# corresponding to MSA columns:
# 336-341
name=unknown_G
#
# <colnr> <probs for GDERKNQSTAVLIFYWHMCP>
#	G	D	E	R	K	N	Q	S	T	A	V	L	I	F	Y	W	H	M	C	P
0	0.00899	0.00835	0.03420	0.06038	0.06712	0.00802	0.12774	0.01270	0.11097	0.01527	0.09336	0.20708	0.06515	0.11604	0.00845	0.00220	0.00478	0.03983	0.00391	0.00546
1	0.01152	0.07382	0.07628	0.06668	0.25397	0.03268	0.08203	0.01527	0.07612	0.04120	0.01553	0.05965	0.06784	0.00684	0.00583	0.00166	0.04786	0.05529	0.00319	0.00673
2	0.04960	0.03158	0.14293	0.01111	0.04399	0.02584	0.03123	0.03269	0.01105	0.08426	0.06033	0.19002	0.03501	0.00956	0.00731	0.01603	0.11565	0.09221	0.00375	0.00585
3	0.00985	0.00920	0.01325	0.05286	0.08015	0.01183	0.00984	0.01136	0.00859	0.01258	0.01193	0.01774	0.05323	0.05411	0.15538	0.00329	0.44472	0.03214	0.00260	0.00534
4	0.01204	0.35757	0.14530	0.01009	0.01377	0.09867	0.00992	0.01479	0.03529	0.01409	0.09406	0.01700	0.04246	0.00646	0.00524	0.00144	0.06063	0.05207	0.00292	0.00618
5	0.01296	0.06409	0.28236	0.01634	0.18580	0.04098	0.04591	0.05257	0.06264	0.10363	0.03550	0.05246	0.01075	0.00576	0.00498	0.00156	0.00610	0.00492	0.00327	0.00741

[dist]
# distance from previous block
# <min> <max>
1	8

[block]
# block no. 7 follows, 49 sequences, length 6
# corresponding to MSA columns:
# 351-356
name=unknown_H
#
# <colnr> <probs for GDERKNQSTAVLIFYWHMCP>
#	G	D	E	R	K	N	Q	S	T	A	V	L	I	F	Y	W	H	M	C	P
0	0.01019	0.00968	0.03110	0.07049	0.19640	0.00925	0.14631	0.05242	0.02725	0.01642	0.07766	0.13849	0.08254	0.00879	0.03278	0.00187	0.00554	0.02393	0.00351	0.05538
1	0.03366	0.13015	0.07988	0.04663	0.16556	0.12154	0.04624	0.09353	0.05885	0.06934	0.03281	0.03472	0.02482	0.00563	0.00474	0.00145	0.00596	0.00461	0.00332	0.03656
2	0.00992	0.00808	0.03671	0.00870	0.01061	0.04023	0.04633	0.09048	0.01259	0.07553	0.07251	0.34282	0.15605	0.01168	0.00596	0.00182	0.00404	0.05596	0.00461	0.00536
3	0.01216	0.22299	0.20175	0.11361	0.09811	0.05140	0.08016	0.03236	0.03096	0.03198	0.00994	0.04535	0.00832	0.00538	0.00506	0.00151	0.03520	0.00439	0.00260	0.00676
4	0.04253	0.07678	0.18443	0.01238	0.05361	0.12029	0.05607	0.07913	0.11244	0.05310	0.06275	0.04409	0.04552	0.00627	0.00491	0.00152	0.00586	0.00511	0.00354	0.02966
5	0.04161	0.04951	0.00852	0.00780	0.02724	0.03809	0.00583	0.01123	0.05329	0.05247	0.15991	0.16811	0.21809	0.01199	0.02888	0.02996	0.00385	0.07412	0.00447	0.00502

[dist]
# distance from previous block
# <min> <max>
0	46

# created by:
# /st0/software/busco_prod/Augustus/scripts/msa2prfl.pl ./align_prep/107380.fa
