[name]
unknown

[dist]
# distance from previous block
# <min> <max>
1	436

[block]
# block no. 0 follows, 29 sequences, length 23
# corresponding to MSA columns:
# 446-468
name=unknown_A
#
# <colnr> <probs for GDERKNQSTAVLIFYWHMCP>
#	G	D	E	R	K	N	Q	S	T	A	V	L	I	F	Y	W	H	M	C	P
0	0.01644	0.03366	0.08682	0.17584	0.03084	0.01581	0.20980	0.04106	0.05685	0.07216	0.01955	0.02266	0.06280	0.00865	0.00910	0.02567	0.05657	0.00749	0.00435	0.04386
1	0.06527	0.03301	0.05153	0.24242	0.02776	0.01595	0.01438	0.06348	0.15862	0.08233	0.01900	0.02446	0.01532	0.06386	0.01037	0.00274	0.06123	0.03417	0.00504	0.00905
2	0.15094	0.06724	0.08332	0.08357	0.02560	0.01867	0.11475	0.24835	0.02134	0.07252	0.01475	0.01647	0.01075	0.00730	0.00661	0.00215	0.00826	0.00598	0.00515	0.03626
3	0.18701	0.07679	0.27297	0.01420	0.02157	0.01497	0.01533	0.02211	0.01479	0.08868	0.01335	0.01481	0.00993	0.00651	0.00576	0.00189	0.00751	0.00477	0.00416	0.20292
4	0.12457	0.17591	0.08612	0.01278	0.01723	0.01708	0.01160	0.14022	0.01672	0.04136	0.01538	0.02047	0.01337	0.08593	0.18703	0.00478	0.01040	0.00606	0.00443	0.00857
5	0.02647	0.07443	0.02255	0.01607	0.02180	0.02253	0.01343	0.63258	0.03207	0.04279	0.01656	0.01667	0.01189	0.00837	0.00693	0.00209	0.00782	0.00622	0.00682	0.01189
6	0.00886	0.00633	0.00847	0.01013	0.01062	0.00594	0.00693	0.01023	0.01381	0.01838	0.03914	0.70131	0.04669	0.02213	0.00914	0.00292	0.00429	0.06222	0.00661	0.00583
7	0.01462	0.01514	0.02966	0.37329	0.04124	0.01613	0.31160	0.01970	0.01534	0.02024	0.01518	0.06692	0.01255	0.00762	0.00782	0.00242	0.01025	0.00817	0.00359	0.00852
8	0.24290	0.01607	0.01682	0.01331	0.01857	0.01720	0.01095	0.30721	0.04776	0.18098	0.01766	0.01731	0.01233	0.00796	0.00630	0.00213	0.00662	0.00582	0.00660	0.04551
9	0.03195	0.01212	0.01652	0.01267	0.01818	0.01047	0.01047	0.03470	0.02038	0.71026	0.02809	0.02424	0.01763	0.00881	0.00716	0.00220	0.00606	0.00716	0.00881	0.01212
10	0.00915	0.00656	0.00869	0.00959	0.01043	0.00610	0.00665	0.01111	0.01585	0.02171	0.26450	0.50979	0.05393	0.01967	0.00885	0.00267	0.00387	0.01774	0.00703	0.00610
11	0.02052	0.30998	0.17598	0.01784	0.06374	0.23142	0.01633	0.05150	0.01720	0.01977	0.01136	0.01323	0.00938	0.00673	0.00585	0.00183	0.00986	0.00461	0.00342	0.00943
12	0.02724	0.01870	0.20211	0.01470	0.02155	0.01208	0.01469	0.03146	0.01896	0.52698	0.02401	0.02178	0.01533	0.00827	0.00706	0.00222	0.00725	0.00665	0.00727	0.01169
13	0.00895	0.00659	0.00839	0.00930	0.01029	0.00603	0.00646	0.01075	0.01548	0.02066	0.19242	0.49044	0.14818	0.01994	0.00883	0.00267	0.00388	0.01782	0.00689	0.00603
14	0.01870	0.13956	0.02691	0.01867	0.02239	0.06332	0.13674	0.06076	0.11764	0.05075	0.01466	0.01750	0.01194	0.00911	0.01244	0.00244	0.25635	0.00646	0.00432	0.00933
15	0.01394	0.01325	0.02184	0.60736	0.08225	0.01661	0.01938	0.01827	0.01395	0.01835	0.01230	0.01849	0.00958	0.00772	0.00909	0.00245	0.09760	0.00632	0.00318	0.00808
16	0.01429	0.01372	0.02401	0.48859	0.17218	0.01564	0.08275	0.01884	0.01483	0.01961	0.01457	0.06260	0.01223	0.00778	0.00735	0.00236	0.00921	0.00737	0.00348	0.00859
17	0.01617	0.05911	0.23822	0.02632	0.03445	0.01806	0.45667	0.02266	0.01618	0.02245	0.01372	0.01762	0.01020	0.00623	0.00774	0.00232	0.01136	0.00727	0.00340	0.00985
18	0.01698	0.01244	0.02040	0.40632	0.07659	0.01383	0.05342	0.02102	0.01554	0.15481	0.01926	0.02315	0.04484	0.01231	0.07588	0.00320	0.00954	0.00715	0.00455	0.00880
19	0.20291	0.14745	0.07321	0.01435	0.02026	0.04083	0.06103	0.15036	0.01874	0.11264	0.01438	0.01534	0.01068	0.00703	0.00592	0.00197	0.00746	0.00524	0.00503	0.08518
20	0.01106	0.00929	0.01413	0.14917	0.13590	0.00956	0.01155	0.01350	0.01438	0.01913	0.03236	0.43656	0.08268	0.01646	0.00833	0.00263	0.00582	0.01491	0.00545	0.00713
21	0.06363	0.06546	0.03871	0.01463	0.03784	0.12961	0.01172	0.13014	0.05125	0.09782	0.07064	0.02700	0.03658	0.01713	0.12877	0.00375	0.00970	0.05106	0.00553	0.00901
22	0.01818	0.12689	0.11316	0.03220	0.02013	0.01721	0.01373	0.06921	0.03558	0.10498	0.01539	0.03900	0.01288	0.04159	0.01142	0.00235	0.17242	0.00617	0.00454	0.14297

[dist]
# distance from previous block
# <min> <max>
54	129

[block]
# block no. 1 follows, 29 sequences, length 10
# corresponding to MSA columns:
# 748-757
name=unknown_B
#
# <colnr> <probs for GDERKNQSTAVLIFYWHMCP>
#	G	D	E	R	K	N	Q	S	T	A	V	L	I	F	Y	W	H	M	C	P
0	0.01857	0.29749	0.09692	0.12798	0.12156	0.08448	0.07093	0.06559	0.01669	0.02086	0.01202	0.01491	0.00981	0.00661	0.00616	0.00194	0.00914	0.00530	0.00350	0.00954
1	0.06715	0.10642	0.01922	0.01598	0.06328	0.08485	0.07866	0.05819	0.01647	0.02172	0.02652	0.25177	0.05819	0.01362	0.00767	0.00244	0.00712	0.08765	0.00523	0.00783
2	0.01056	0.05644	0.01002	0.00874	0.00952	0.00814	0.00580	0.01129	0.01206	0.01568	0.02944	0.16776	0.08299	0.46910	0.02552	0.00526	0.00619	0.05536	0.00496	0.00517
3	0.01158	0.00924	0.05658	0.01166	0.01347	0.00761	0.00949	0.01396	0.01475	0.07226	0.03504	0.44198	0.03908	0.02153	0.05266	0.00341	0.00619	0.16636	0.00636	0.00680
4	0.05210	0.13065	0.17528	0.15130	0.05640	0.17083	0.01715	0.07870	0.01740	0.02216	0.01222	0.01489	0.00956	0.00689	0.00629	0.00199	0.00956	0.00512	0.00369	0.05780
5	0.01686	0.05656	0.23068	0.09444	0.10769	0.16231	0.04525	0.02132	0.01580	0.02003	0.01482	0.06633	0.01319	0.05707	0.00878	0.00243	0.00967	0.00672	0.00364	0.04641
6	0.04371	0.09435	0.01458	0.01149	0.01442	0.14722	0.00896	0.01839	0.04750	0.06269	0.07340	0.17361	0.20927	0.01400	0.00752	0.00230	0.00634	0.03698	0.00581	0.00748
7	0.01797	0.18678	0.24798	0.04430	0.05454	0.09713	0.09884	0.05457	0.06135	0.02194	0.01331	0.01564	0.01039	0.00709	0.00720	0.00211	0.03978	0.00561	0.00367	0.00981
8	0.05231	0.10077	0.12938	0.13305	0.05429	0.17584	0.01591	0.13396	0.01932	0.04881	0.01707	0.01889	0.05473	0.00796	0.00661	0.00208	0.00922	0.00601	0.00440	0.00939
9	0.01765	0.08885	0.22752	0.15501	0.02842	0.05943	0.04526	0.07929	0.01704	0.09000	0.01650	0.06634	0.01342	0.01106	0.05111	0.00279	0.00969	0.00686	0.00433	0.00944

[dist]
# distance from previous block
# <min> <max>
1	18

[block]
# block no. 2 follows, 29 sequences, length 7
# corresponding to MSA columns:
# 779,780,783-787
name=unknown_C
#
# <colnr> <probs for GDERKNQSTAVLIFYWHMCP>
#	G	D	E	R	K	N	Q	S	T	A	V	L	I	F	Y	W	H	M	C	P
0	0.08223	0.09877	0.01502	0.01179	0.01406	0.07664	0.00939	0.01577	0.01260	0.01785	0.01662	0.02415	0.01552	0.07530	0.47324	0.00835	0.01533	0.00671	0.00379	0.00687
1	0.04450	0.03505	0.04426	0.10157	0.14917	0.01301	0.05438	0.05000	0.01645	0.12789	0.02139	0.18468	0.01991	0.01044	0.00726	0.00223	0.00700	0.00935	0.00524	0.09622
2	0.08168	0.09572	0.26125	0.09347	0.02596	0.13363	0.04716	0.02119	0.01574	0.02134	0.04513	0.07632	0.01562	0.00875	0.00676	0.00221	0.00923	0.02617	0.00389	0.00879
3	0.01767	0.05310	0.01469	0.01232	0.01538	0.06970	0.02680	0.02171	0.08899	0.18179	0.03358	0.22163	0.09903	0.04241	0.00898	0.00264	0.00614	0.06847	0.00658	0.00838
4	0.01039	0.00764	0.00923	0.00977	0.01101	0.00733	0.00682	0.06629	0.01592	0.02095	0.08650	0.47051	0.15391	0.07554	0.01084	0.00301	0.00451	0.01696	0.00656	0.00630
5	0.05859	0.06458	0.06235	0.33833	0.05067	0.03217	0.01566	0.05269	0.01576	0.02190	0.07127	0.05723	0.01635	0.00850	0.00742	0.00219	0.03588	0.00699	0.00410	0.07735
6	0.01812	0.08096	0.25330	0.03940	0.02740	0.09038	0.15803	0.08061	0.01782	0.06143	0.01669	0.05348	0.01389	0.00839	0.00727	0.00227	0.00981	0.04681	0.00428	0.00968

[dist]
# distance from previous block
# <min> <max>
34	125

[block]
# block no. 3 follows, 29 sequences, length 16
# corresponding to MSA columns:
# 1065-1073,1076-1082
name=unknown_D
#
# <colnr> <probs for GDERKNQSTAVLIFYWHMCP>
#	G	D	E	R	K	N	Q	S	T	A	V	L	I	F	Y	W	H	M	C	P
0	0.01291	0.01077	0.01687	0.15530	0.10805	0.01088	0.05966	0.01639	0.01629	0.04575	0.14534	0.09415	0.12242	0.01411	0.03578	0.00277	0.00703	0.08432	0.00543	0.03578
1	0.01848	0.02107	0.16942	0.10205	0.22166	0.08238	0.01848	0.06386	0.04374	0.08785	0.01819	0.02197	0.03594	0.00946	0.02955	0.00251	0.00916	0.02965	0.00447	0.01009
2	0.01762	0.01692	0.02890	0.04371	0.70533	0.01692	0.02185	0.02185	0.01621	0.02326	0.01339	0.01762	0.01128	0.00634	0.00705	0.00211	0.00846	0.00634	0.00352	0.01128
3	0.01345	0.01266	0.02136	0.73264	0.04904	0.01582	0.01978	0.01819	0.01424	0.01819	0.01266	0.01898	0.00949	0.00712	0.00712	0.00237	0.00949	0.00633	0.00316	0.00791
4	0.01019	0.00687	0.00799	0.00815	0.00825	0.00689	0.00475	0.01043	0.01072	0.01435	0.02387	0.11201	0.02751	0.64740	0.06644	0.00674	0.00722	0.01116	0.00451	0.00455
5	0.01433	0.01238	0.01486	0.01214	0.05582	0.00959	0.00892	0.01742	0.01499	0.02283	0.01834	0.02003	0.07627	0.00655	0.00567	0.00124	0.00530	0.00537	0.00441	0.67354
6	0.00998	0.00727	0.00939	0.00886	0.01058	0.00668	0.00664	0.01325	0.01993	0.02803	0.66583	0.05406	0.10327	0.01475	0.00840	0.00225	0.00337	0.01300	0.00777	0.00668
7	0.02442	0.01767	0.08386	0.01501	0.02059	0.01660	0.01309	0.21726	0.23469	0.24328	0.02381	0.02208	0.01654	0.00881	0.00714	0.00226	0.00685	0.00705	0.00729	0.01170
8	0.01762	0.01692	0.02890	0.04371	0.70533	0.01692	0.02185	0.02185	0.01621	0.02326	0.01339	0.01762	0.01128	0.00634	0.00705	0.00211	0.00846	0.00634	0.00352	0.01128
9	0.01345	0.01266	0.02136	0.73264	0.04904	0.01582	0.01978	0.01819	0.01424	0.01819	0.01266	0.01898	0.00949	0.00712	0.00712	0.00237	0.00949	0.00633	0.00316	0.00791
10	0.02754	0.01918	0.02090	0.01602	0.02170	0.02095	0.01324	0.61875	0.03221	0.10952	0.01816	0.01779	0.01265	0.00857	0.00713	0.00214	0.00766	0.00648	0.00729	0.01211
11	0.02256	0.01749	0.01763	0.01421	0.01918	0.08329	0.01140	0.29203	0.13777	0.10448	0.02445	0.02373	0.08090	0.00915	0.00697	0.00205	0.00701	0.00715	0.00657	0.11198
12	0.20645	0.04488	0.01990	0.02088	0.19203	0.06396	0.01350	0.13685	0.11814	0.04987	0.01560	0.01690	0.01204	0.00734	0.00623	0.00208	0.00724	0.00571	0.00509	0.05533
13	0.04193	0.01707	0.05832	0.01632	0.05444	0.05497	0.01309	0.15849	0.05091	0.07173	0.01535	0.01797	0.01223	0.01313	0.08588	0.00310	0.13976	0.00596	0.00490	0.16445
14	0.01469	0.05190	0.07731	0.01547	0.08139	0.04429	0.01200	0.07596	0.01669	0.04855	0.04732	0.07841	0.10892	0.06204	0.14051	0.00432	0.00924	0.09780	0.00519	0.00801
15	0.04588	0.03740	0.03927	0.02122	0.14033	0.14426	0.09709	0.08332	0.01855	0.11091	0.01877	0.02219	0.04286	0.01041	0.04471	0.00256	0.00929	0.03095	0.00489	0.07514

[dist]
# distance from previous block
# <min> <max>
1	25

[block]
# block no. 4 follows, 29 sequences, length 21
# corresponding to MSA columns:
# 1121-1141
name=unknown_E
#
# <colnr> <probs for GDERKNQSTAVLIFYWHMCP>
#	G	D	E	R	K	N	Q	S	T	A	V	L	I	F	Y	W	H	M	C	P
0	0.01811	0.06800	0.01837	0.08405	0.08352	0.05541	0.01219	0.16055	0.01970	0.07708	0.06181	0.18015	0.02357	0.01146	0.00734	0.00222	0.00687	0.03211	0.00572	0.07178
1	0.16253	0.01651	0.05662	0.01916	0.13142	0.01590	0.05790	0.15964	0.06655	0.10653	0.06756	0.02018	0.01620	0.00789	0.00666	0.00212	0.00707	0.00653	0.00562	0.06743
2	0.28183	0.01543	0.02243	0.04857	0.29535	0.01612	0.09491	0.02238	0.03890	0.05550	0.03557	0.01755	0.01239	0.00690	0.00638	0.00221	0.00756	0.00606	0.00431	0.00966
3	0.01705	0.01463	0.01553	0.01416	0.01792	0.01684	0.01093	0.03580	0.64296	0.02894	0.02973	0.07897	0.02359	0.01058	0.00738	0.00245	0.00553	0.00894	0.00720	0.01087
4	0.01904	0.75404	0.03731	0.01218	0.01828	0.02818	0.01218	0.02132	0.01447	0.01675	0.00990	0.01142	0.00914	0.00609	0.00457	0.00152	0.00761	0.00381	0.00305	0.00914
5	0.01679	0.04461	0.20991	0.01356	0.02095	0.01220	0.01377	0.02130	0.01549	0.10328	0.01440	0.01584	0.01090	0.00613	0.00589	0.00154	0.00691	0.00484	0.00438	0.45730
6	0.01738	0.01768	0.02747	0.14204	0.44106	0.08289	0.09059	0.02152	0.01625	0.02169	0.01426	0.04838	0.01228	0.00719	0.00723	0.00219	0.00922	0.00699	0.00362	0.01007
7	0.00973	0.00723	0.00906	0.00869	0.01045	0.00656	0.00648	0.01274	0.01921	0.02652	0.56540	0.08257	0.17807	0.01547	0.00843	0.00229	0.00343	0.01354	0.00758	0.00656
8	0.02073	0.01630	0.17453	0.01309	0.01868	0.01058	0.01285	0.02456	0.01793	0.33695	0.06031	0.05629	0.16045	0.01127	0.00753	0.00232	0.00644	0.03247	0.00683	0.00989
9	0.04305	0.01836	0.08740	0.16123	0.31041	0.01698	0.21499	0.02150	0.01579	0.02245	0.01339	0.01792	0.01051	0.00643	0.00735	0.00226	0.00976	0.00677	0.00347	0.00999
10	0.01775	0.55958	0.22047	0.01438	0.02168	0.02502	0.01601	0.02166	0.01462	0.01832	0.01068	0.01240	0.00911	0.00627	0.00516	0.00172	0.00840	0.00420	0.00304	0.00951
11	0.00868	0.00620	0.00826	0.00991	0.01033	0.00578	0.00661	0.00991	0.01363	0.01818	0.03925	0.74510	0.04710	0.02231	0.00909	0.00289	0.00413	0.02024	0.00661	0.00578
12	0.21496	0.01776	0.01918	0.06282	0.02221	0.01989	0.03400	0.43206	0.04898	0.03870	0.01536	0.01626	0.01114	0.00793	0.00650	0.00219	0.00744	0.00590	0.00608	0.01064
13	0.07362	0.02462	0.19294	0.05570	0.17994	0.13830	0.01833	0.14220	0.01959	0.06810	0.01412	0.01612	0.01057	0.00722	0.00672	0.00213	0.00931	0.00567	0.00443	0.01038
14	0.00861	0.00675	0.00780	0.00853	0.00999	0.00594	0.00602	0.01023	0.01522	0.01918	0.08568	0.37678	0.37436	0.01983	0.00872	0.00262	0.00384	0.01731	0.00667	0.00594
15	0.01036	0.00690	0.00777	0.00777	0.00777	0.00690	0.00431	0.01036	0.01036	0.01381	0.02244	0.04660	0.02589	0.74975	0.03624	0.00690	0.00690	0.01036	0.00431	0.00431
16	0.65813	0.01491	0.01178	0.01032	0.01473	0.04531	0.00842	0.08479	0.01470	0.03204	0.01341	0.01467	0.03891	0.00733	0.00493	0.00219	0.00595	0.00463	0.00474	0.00809
17	0.10068	0.11064	0.17095	0.01870	0.09992	0.06234	0.01596	0.16862	0.08033	0.05217	0.01503	0.01620	0.01135	0.00732	0.00634	0.00206	0.00816	0.00555	0.00479	0.04288
18	0.02018	0.04258	0.06828	0.03993	0.06239	0.06594	0.05479	0.08778	0.10235	0.14130	0.05371	0.02041	0.01601	0.00766	0.00670	0.00193	0.00735	0.00640	0.00555	0.18874
19	0.10066	0.08692	0.21288	0.01681	0.02266	0.08934	0.04426	0.08310	0.07236	0.07359	0.03291	0.01718	0.01251	0.00815	0.00850	0.00225	0.09584	0.00584	0.00452	0.00973
20	0.04362	0.10759	0.13849	0.01930	0.12442	0.06144	0.01540	0.13775	0.09742	0.02672	0.06901	0.02281	0.06173	0.00882	0.00740	0.00216	0.03408	0.00693	0.00498	0.00993

[dist]
# distance from previous block
# <min> <max>
32	168

[block]
# block no. 5 follows, 29 sequences, length 13
# corresponding to MSA columns:
# 1340-1352
name=unknown_F
#
# <colnr> <probs for GDERKNQSTAVLIFYWHMCP>
#	G	D	E	R	K	N	Q	S	T	A	V	L	I	F	Y	W	H	M	C	P
0	0.04383	0.04905	0.09566	0.05943	0.13016	0.03704	0.07148	0.07770	0.10873	0.14606	0.01862	0.04383	0.01431	0.00848	0.00827	0.00230	0.06241	0.00701	0.00526	0.01036
1	0.01767	0.12752	0.08038	0.01521	0.04210	0.05496	0.01293	0.06074	0.12922	0.06803	0.09333	0.02424	0.05686	0.00963	0.00925	0.00219	0.11821	0.00713	0.00521	0.06520
2	0.01648	0.16612	0.09262	0.01554	0.06183	0.05610	0.03490	0.05539	0.05426	0.05462	0.07557	0.14170	0.05554	0.01074	0.00735	0.00213	0.02541	0.00892	0.00507	0.05972
3	0.01760	0.08767	0.06271	0.09513	0.06818	0.01550	0.10238	0.02220	0.05806	0.12484	0.01889	0.10580	0.01634	0.00940	0.00873	0.00225	0.08192	0.00798	0.00485	0.08957
4	0.05388	0.07324	0.03891	0.10175	0.14865	0.05646	0.01342	0.06349	0.06091	0.09128	0.06092	0.02634	0.08422	0.04864	0.00842	0.00236	0.00723	0.00743	0.00510	0.04735
5	0.05524	0.05952	0.05466	0.01466	0.03777	0.03633	0.05485	0.09833	0.08834	0.02519	0.03974	0.06597	0.10682	0.00980	0.00786	0.00206	0.05390	0.00792	0.00515	0.17588
6	0.01858	0.03597	0.04125	0.11214	0.11402	0.03089	0.03702	0.15526	0.11247	0.06422	0.05876	0.02525	0.03514	0.00884	0.00714	0.00216	0.00738	0.04042	0.00552	0.08757
7	0.13624	0.11804	0.25771	0.01597	0.02252	0.06105	0.05293	0.05951	0.01679	0.06159	0.07168	0.02214	0.01647	0.00834	0.00657	0.00219	0.00837	0.04808	0.00448	0.00933
8	0.08152	0.17411	0.07090	0.18270	0.25126	0.01918	0.01765	0.02163	0.05231	0.02158	0.01289	0.01636	0.01050	0.00690	0.00686	0.00211	0.03274	0.00561	0.00357	0.00961
9	0.01477	0.01376	0.05828	0.01198	0.01662	0.01160	0.01005	0.09674	0.01655	0.02387	0.02253	0.09753	0.08913	0.04775	0.00941	0.00207	0.06628	0.00784	0.00491	0.37834
10	0.05440	0.01152	0.01150	0.01250	0.05621	0.08572	0.00865	0.04980	0.01662	0.02117	0.04371	0.25165	0.27553	0.01637	0.00812	0.00250	0.00559	0.05547	0.00600	0.00697
11	0.06667	0.05422	0.10413	0.02088	0.10516	0.13631	0.11610	0.02321	0.09182	0.02254	0.03910	0.02580	0.05093	0.00917	0.00810	0.00231	0.04928	0.06070	0.00446	0.00911
12	0.00968	0.00843	0.04093	0.01000	0.01179	0.00697	0.00797	0.01202	0.01572	0.02063	0.15087	0.27137	0.21464	0.05753	0.01028	0.00292	0.00475	0.13072	0.00651	0.00627

[dist]
# distance from previous block
# <min> <max>
0	1

[block]
# block no. 6 follows, 29 sequences, length 20
# corresponding to MSA columns:
# 1354-1373
name=unknown_G
#
# <colnr> <probs for GDERKNQSTAVLIFYWHMCP>
#	G	D	E	R	K	N	Q	S	T	A	V	L	I	F	Y	W	H	M	C	P
0	0.01936	0.01643	0.06410	0.20970	0.25437	0.01571	0.10661	0.04729	0.01715	0.15482	0.01627	0.01929	0.01188	0.00707	0.00726	0.00224	0.00883	0.00671	0.00456	0.01034
1	0.01762	0.01692	0.02890	0.04371	0.70533	0.01692	0.02185	0.02185	0.01621	0.02326	0.01339	0.01762	0.01128	0.00634	0.00705	0.00211	0.00846	0.00634	0.00352	0.01128
2	0.01762	0.01692	0.02890	0.04371	0.70533	0.01692	0.02185	0.02185	0.01621	0.02326	0.01339	0.01762	0.01128	0.00634	0.00705	0.00211	0.00846	0.00634	0.00352	0.01128
3	0.02707	0.01995	0.02137	0.01638	0.02208	0.02208	0.01353	0.68159	0.03348	0.04488	0.01710	0.01710	0.01211	0.00855	0.00712	0.00214	0.00784	0.00641	0.00712	0.01211
4	0.00876	0.00723	0.00769	0.00758	0.00983	0.00616	0.00568	0.01089	0.01704	0.02117	0.20264	0.06535	0.57074	0.01731	0.00841	0.00237	0.00356	0.01458	0.00687	0.00616
5	0.01949	0.61344	0.03625	0.01457	0.02056	0.08965	0.08100	0.02212	0.01522	0.01744	0.01046	0.01235	0.00931	0.00620	0.00513	0.00164	0.00854	0.00435	0.00316	0.00911
6	0.01237	0.00618	0.00928	0.00928	0.00928	0.00618	0.00618	0.00928	0.00928	0.01237	0.01237	0.02165	0.01237	0.02474	0.02783	0.79283	0.00618	0.00618	0.00309	0.00309
7	0.02704	0.02090	0.02129	0.01652	0.02208	0.06965	0.01355	0.63714	0.03257	0.04301	0.01668	0.01681	0.01191	0.00847	0.00708	0.00212	0.00818	0.00629	0.00689	0.01185
8	0.01833	0.35992	0.05796	0.02320	0.16039	0.04974	0.16950	0.02264	0.03805	0.02011	0.01241	0.01514	0.01037	0.00631	0.00619	0.00191	0.00904	0.00560	0.00343	0.00976
9	0.01448	0.01073	0.01433	0.01415	0.01576	0.01130	0.01059	0.01572	0.01409	0.02041	0.02270	0.03275	0.02118	0.05300	0.67512	0.01156	0.01956	0.00879	0.00522	0.00854
10	0.01036	0.00690	0.00777	0.00777	0.00777	0.00690	0.00431	0.01036	0.01036	0.01381	0.02244	0.04660	0.02589	0.74975	0.03624	0.00690	0.00690	0.01036	0.00431	0.00431
11	0.80005	0.01377	0.01047	0.00936	0.01377	0.01597	0.00771	0.02093	0.01212	0.03195	0.00991	0.01157	0.00771	0.00661	0.00441	0.00220	0.00551	0.00386	0.00441	0.00771
12	0.00858	0.00687	0.00767	0.00821	0.00990	0.00596	0.00587	0.01026	0.01552	0.01928	0.08843	0.29754	0.45225	0.01933	0.00864	0.00256	0.00377	0.01670	0.00667	0.00596
13	0.01904	0.75404	0.03731	0.01218	0.01828	0.02818	0.01218	0.02132	0.01447	0.01675	0.00990	0.01142	0.00914	0.00609	0.00457	0.00152	0.00761	0.00381	0.00305	0.00914
14	0.01449	0.01361	0.02293	0.45979	0.26000	0.01550	0.01957	0.01883	0.01484	0.01984	0.01469	0.06743	0.01261	0.00789	0.00723	0.00232	0.00880	0.00727	0.00351	0.00886
15	0.01502	0.06379	0.02459	0.48683	0.23493	0.01697	0.01986	0.01945	0.01482	0.01955	0.01268	0.01809	0.00998	0.00683	0.00693	0.00224	0.00907	0.00616	0.00326	0.00896
16	0.01621	0.01545	0.02449	0.08319	0.51918	0.03834	0.01862	0.01982	0.01565	0.02159	0.01794	0.06265	0.04443	0.06101	0.00930	0.00252	0.00811	0.00773	0.00387	0.00992
17	0.01814	0.01797	0.02746	0.03994	0.61528	0.06987	0.02049	0.02213	0.01643	0.02282	0.01317	0.01710	0.01108	0.00636	0.00690	0.00203	0.00861	0.00609	0.00357	0.05453
18	0.02296	0.06796	0.02511	0.02782	0.32534	0.04193	0.01674	0.23363	0.02228	0.12261	0.01625	0.01777	0.01219	0.00740	0.00690	0.00208	0.00802	0.00625	0.00536	0.01141
19	0.10070	0.06078	0.07253	0.01648	0.06564	0.01591	0.04210	0.16636	0.08314	0.12892	0.04325	0.06729	0.01958	0.01007	0.00716	0.00233	0.00706	0.07462	0.00608	0.01000

[dist]
# distance from previous block
# <min> <max>
16	70

[block]
# block no. 7 follows, 29 sequences, length 32
# corresponding to MSA columns:
# 1471-1502
name=unknown_H
#
# <colnr> <probs for GDERKNQSTAVLIFYWHMCP>
#	G	D	E	R	K	N	Q	S	T	A	V	L	I	F	Y	W	H	M	C	P
0	0.06284	0.01965	0.13830	0.13099	0.09248	0.03996	0.08305	0.12960	0.06771	0.11305	0.01689	0.01945	0.01250	0.03277	0.00802	0.00240	0.00865	0.00654	0.00498	0.01016
1	0.06074	0.18038	0.04973	0.07369	0.18772	0.04153	0.03172	0.16868	0.04818	0.05313	0.01494	0.03252	0.01201	0.00747	0.00645	0.00205	0.00804	0.00604	0.00465	0.01031
2	0.01494	0.13777	0.11170	0.06532	0.06034	0.01508	0.01318	0.08825	0.06159	0.02310	0.05394	0.19562	0.04469	0.02636	0.00781	0.00237	0.00681	0.03065	0.00514	0.03534
3	0.07534	0.17068	0.13456	0.02128	0.15523	0.14715	0.01645	0.12550	0.04656	0.02501	0.01313	0.01497	0.01042	0.00704	0.00623	0.00199	0.00899	0.00525	0.00414	0.01006
4	0.01882	0.11141	0.13549	0.15532	0.02703	0.09004	0.04093	0.02443	0.07766	0.12083	0.01800	0.01948	0.03567	0.00758	0.00659	0.00204	0.00840	0.00610	0.00461	0.08957
5	0.01853	0.20881	0.15247	0.01797	0.06777	0.05291	0.07702	0.09290	0.07748	0.06008	0.02003	0.04452	0.06274	0.00841	0.00666	0.00208	0.00823	0.00690	0.00464	0.00986
6	0.01834	0.01958	0.05141	0.03713	0.51200	0.10922	0.06657	0.02247	0.01674	0.02234	0.01430	0.02004	0.01232	0.00711	0.00719	0.00216	0.00926	0.03763	0.00368	0.01051
7	0.00859	0.00654	0.00791	0.00900	0.01009	0.00586	0.00620	0.01002	0.01451	0.01854	0.05037	0.51635	0.26867	0.02086	0.00886	0.00273	0.00395	0.01848	0.00661	0.00586
8	0.01834	0.39261	0.11783	0.01879	0.04782	0.05215	0.15692	0.04391	0.01578	0.01996	0.01159	0.01420	0.00966	0.00663	0.00687	0.00194	0.04691	0.00530	0.00334	0.00947
9	0.02100	0.07529	0.12028	0.02288	0.07634	0.27389	0.19238	0.07275	0.03727	0.02224	0.01318	0.01576	0.01029	0.00690	0.00699	0.00208	0.01109	0.00599	0.00386	0.00955
10	0.01039	0.00773	0.00998	0.01078	0.01258	0.00731	0.00894	0.01328	0.01705	0.02222	0.18129	0.08802	0.20459	0.01830	0.00919	0.00285	0.00514	0.35709	0.00683	0.00644
11	0.06555	0.64644	0.05652	0.01263	0.01862	0.06621	0.01246	0.02174	0.01467	0.01788	0.01006	0.01163	0.00905	0.00621	0.00473	0.00160	0.00788	0.00390	0.00316	0.00905
12	0.02029	0.04110	0.02377	0.13480	0.26103	0.01771	0.03294	0.15830	0.11951	0.09263	0.01763	0.01950	0.01323	0.00761	0.00706	0.00220	0.00791	0.00665	0.00523	0.01090
13	0.01702	0.07118	0.07663	0.11834	0.53346	0.01758	0.02123	0.02145	0.01578	0.02216	0.01301	0.01715	0.01076	0.00644	0.00686	0.00211	0.00866	0.00608	0.00341	0.01069
14	0.00868	0.00620	0.00826	0.00991	0.01033	0.00578	0.00661	0.00991	0.01363	0.01818	0.03925	0.74510	0.04710	0.02231	0.00909	0.00289	0.00413	0.02024	0.00661	0.00578
15	0.01619	0.01759	0.07068	0.21012	0.34142	0.01689	0.18006	0.02122	0.01580	0.02185	0.01342	0.01819	0.01059	0.00648	0.00738	0.00226	0.00969	0.00677	0.00342	0.00999
16	0.02371	0.12852	0.02222	0.01755	0.06088	0.30673	0.01331	0.15800	0.06576	0.06328	0.01618	0.04111	0.01349	0.00848	0.00663	0.00201	0.00948	0.02805	0.00498	0.00961
17	0.01002	0.00754	0.00955	0.01052	0.01223	0.00707	0.00855	0.01256	0.01622	0.02074	0.09672	0.16874	0.25024	0.01916	0.00918	0.00288	0.00506	0.32007	0.00667	0.00629
18	0.01501	0.03251	0.56447	0.02537	0.17716	0.01662	0.02534	0.02240	0.01529	0.02271	0.01291	0.01560	0.00951	0.00667	0.00683	0.00222	0.01008	0.00550	0.00312	0.01069
19	0.16847	0.42449	0.07751	0.01311	0.01864	0.12595	0.01245	0.02203	0.01478	0.02016	0.01065	0.01260	0.00922	0.00837	0.03443	0.00216	0.00866	0.00419	0.00343	0.00872
20	0.01355	0.05357	0.01345	0.01299	0.05839	0.01076	0.00877	0.06415	0.08523	0.04919	0.02911	0.32928	0.03148	0.16930	0.01397	0.00348	0.00578	0.03428	0.00591	0.00735
21	0.00910	0.00735	0.00821	0.00869	0.01078	0.00647	0.00681	0.01118	0.01608	0.01961	0.06228	0.12006	0.51150	0.01870	0.00877	0.00263	0.00428	0.15477	0.00660	0.00611
22	0.00915	0.00720	0.00830	0.00842	0.01035	0.00635	0.00635	0.01147	0.01715	0.02205	0.25403	0.13235	0.40128	0.01754	0.00858	0.00247	0.00379	0.05997	0.00697	0.00624
23	0.08165	0.53799	0.14317	0.01361	0.02015	0.06445	0.01419	0.02189	0.01469	0.01895	0.01043	0.01210	0.00901	0.00631	0.00501	0.00171	0.00821	0.00409	0.00318	0.00920
24	0.04072	0.15846	0.50687	0.02030	0.06828	0.01861	0.04818	0.02225	0.01498	0.02190	0.01229	0.01461	0.00920	0.00659	0.00639	0.00212	0.00979	0.00515	0.00311	0.01020
25	0.02576	0.01334	0.01628	0.01325	0.01824	0.01315	0.01067	0.03507	0.27301	0.42106	0.02768	0.02466	0.01883	0.00896	0.00710	0.00223	0.00586	0.00735	0.00800	0.04948
26	0.01027	0.00697	0.00873	0.00930	0.01069	0.00627	0.00658	0.01207	0.01570	0.06252	0.15253	0.43203	0.20140	0.01924	0.00870	0.00263	0.00400	0.01704	0.00694	0.00638
27	0.01711	0.01727	0.02954	0.08508	0.42097	0.03540	0.14110	0.02126	0.01552	0.02180	0.01288	0.01759	0.01074	0.00724	0.00964	0.00232	0.11426	0.00666	0.00346	0.01016
28	0.01007	0.00749	0.01058	0.01051	0.01177	0.00825	0.00795	0.01241	0.01269	0.01788	0.10589	0.03543	0.06662	0.11737	0.52112	0.00931	0.01497	0.00900	0.00453	0.00617
29	0.10838	0.01621	0.01669	0.01435	0.01881	0.01854	0.01140	0.18633	0.46156	0.03356	0.02405	0.02266	0.01790	0.00906	0.00690	0.00233	0.00614	0.00719	0.00690	0.01106
30	0.51029	0.01789	0.01403	0.01214	0.01656	0.12841	0.00977	0.14291	0.01729	0.03152	0.01170	0.01332	0.00908	0.00861	0.02863	0.00243	0.00754	0.00456	0.00477	0.00856
31	0.04120	0.04130	0.01872	0.06525	0.05595	0.01269	0.05222	0.08044	0.01975	0.37181	0.07511	0.02825	0.08617	0.00953	0.00727	0.00221	0.00655	0.00805	0.00708	0.01043

[dist]
# distance from previous block
# <min> <max>
0	6

[block]
# block no. 8 follows, 29 sequences, length 44
# corresponding to MSA columns:
# 1513-1556
name=unknown_I
#
# <colnr> <probs for GDERKNQSTAVLIFYWHMCP>
#	G	D	E	R	K	N	Q	S	T	A	V	L	I	F	Y	W	H	M	C	P
0	0.02039	0.47600	0.06848	0.01395	0.01981	0.16233	0.01306	0.05904	0.01670	0.01925	0.01088	0.01247	0.00941	0.00645	0.00525	0.00162	0.00864	0.00422	0.00348	0.06859
1	0.02139	0.10862	0.02115	0.03699	0.05821	0.07860	0.01215	0.22338	0.02137	0.07589	0.01464	0.01584	0.01123	0.00692	0.00614	0.00169	0.00737	0.00525	0.00516	0.26804
2	0.01516	0.09541	0.15331	0.04430	0.28005	0.01568	0.03317	0.02025	0.04683	0.02177	0.02183	0.08118	0.06422	0.00977	0.00728	0.00229	0.00790	0.06576	0.00426	0.00958
3	0.05384	0.29631	0.38917	0.01744	0.02584	0.02085	0.06263	0.02204	0.01480	0.02090	0.01170	0.01382	0.00912	0.00646	0.00596	0.00199	0.00932	0.00487	0.00313	0.00982
4	0.01230	0.05311	0.21184	0.01230	0.01727	0.04040	0.01256	0.04617	0.01679	0.02152	0.07278	0.08233	0.34658	0.01344	0.00765	0.00230	0.00637	0.01106	0.00537	0.00784
5	0.01633	0.01828	0.03911	0.12897	0.03888	0.01770	0.58656	0.02216	0.01644	0.02216	0.01416	0.01918	0.01062	0.00616	0.00822	0.00240	0.01165	0.00811	0.00354	0.00937
6	0.01704	0.04698	0.28451	0.15407	0.15471	0.04731	0.09580	0.02280	0.01591	0.07359	0.01404	0.01718	0.01038	0.00683	0.00701	0.00222	0.00980	0.00607	0.00367	0.01006
7	0.01008	0.00767	0.01019	0.06450	0.01418	0.00743	0.00846	0.01287	0.01705	0.02274	0.27991	0.18335	0.16557	0.01707	0.00873	0.00261	0.00468	0.14963	0.00678	0.00648
8	0.01762	0.01692	0.02890	0.04371	0.70533	0.01692	0.02185	0.02185	0.01621	0.02326	0.01339	0.01762	0.01128	0.00634	0.00705	0.00211	0.00846	0.00634	0.00352	0.01128
9	0.01784	0.57357	0.20730	0.01423	0.02143	0.02525	0.01574	0.02163	0.01461	0.01821	0.01062	0.01233	0.00911	0.00626	0.00512	0.00171	0.00835	0.00417	0.00304	0.00949
10	0.01723	0.02162	0.13865	0.15357	0.27087	0.11176	0.04011	0.02158	0.01548	0.02060	0.01231	0.01656	0.01003	0.00753	0.00926	0.00229	0.11164	0.00597	0.00334	0.00962
11	0.00917	0.00703	0.00840	0.00851	0.01019	0.00626	0.00621	0.01150	0.01733	0.02292	0.32878	0.20439	0.29863	0.01748	0.00855	0.00244	0.00361	0.01522	0.00713	0.00626
12	0.00926	0.00692	0.00873	0.00985	0.01108	0.00638	0.00732	0.01117	0.01520	0.01965	0.08343	0.40462	0.20817	0.02029	0.00904	0.00282	0.00446	0.14892	0.00667	0.00605
13	0.02638	0.02018	0.07302	0.01619	0.02219	0.02019	0.01408	0.53786	0.05023	0.11949	0.01839	0.01805	0.01280	0.00848	0.00710	0.00216	0.00777	0.00646	0.00701	0.01197
14	0.01392	0.01345	0.02369	0.64036	0.06760	0.01608	0.08700	0.01877	0.01456	0.01882	0.01286	0.01897	0.00968	0.00698	0.00725	0.00237	0.00972	0.00654	0.00322	0.00818
15	0.01050	0.00676	0.00908	0.01035	0.01121	0.00629	0.00724	0.01200	0.01431	0.06628	0.03836	0.64491	0.04459	0.02118	0.00901	0.00287	0.00445	0.06759	0.00676	0.00628
16	0.03195	0.01212	0.01652	0.01267	0.01818	0.01047	0.01047	0.03470	0.02038	0.71026	0.02809	0.02424	0.01763	0.00881	0.00716	0.00220	0.00606	0.00716	0.00881	0.01212
17	0.02409	0.01475	0.03946	0.01484	0.01995	0.01436	0.05470	0.03495	0.31885	0.34188	0.02713	0.02466	0.01875	0.00894	0.00727	0.00231	0.00639	0.00758	0.00760	0.01153
18	0.03161	0.01266	0.01686	0.01293	0.01845	0.01127	0.01068	0.07944	0.02129	0.66425	0.02733	0.02374	0.01724	0.00879	0.00716	0.00220	0.00618	0.00711	0.00870	0.01212
19	0.01017	0.00763	0.01144	0.01144	0.01272	0.00890	0.00890	0.01272	0.01144	0.01653	0.01907	0.02797	0.01780	0.05340	0.72153	0.01144	0.01907	0.00763	0.00381	0.00636
20	0.02702	0.02146	0.02124	0.01660	0.02207	0.09795	0.01356	0.61071	0.03204	0.04190	0.01644	0.01663	0.01179	0.00842	0.00705	0.00210	0.00838	0.00621	0.00675	0.01169
21	0.00864	0.00632	0.00814	0.00959	0.01024	0.00581	0.00647	0.00995	0.01394	0.01830	0.04319	0.66403	0.12562	0.02180	0.00901	0.00283	0.00407	0.01962	0.00661	0.00581
22	0.01428	0.03683	0.71286	0.02030	0.03082	0.01654	0.02631	0.02255	0.01503	0.02255	0.01278	0.01503	0.00902	0.00677	0.00677	0.00226	0.01052	0.00526	0.00301	0.01052
23	0.01762	0.01692	0.02890	0.04371	0.70533	0.01692	0.02185	0.02185	0.01621	0.02326	0.01339	0.01762	0.01128	0.00634	0.00705	0.00211	0.00846	0.00634	0.00352	0.01128
24	0.01101	0.00787	0.01094	0.01259	0.01402	0.00780	0.01067	0.01395	0.01594	0.02079	0.03796	0.18999	0.04199	0.02011	0.00971	0.00321	0.00616	0.55229	0.00657	0.00643
25	0.01321	0.01240	0.02070	0.69913	0.04722	0.01537	0.01911	0.01782	0.01433	0.01824	0.01540	0.02127	0.04150	0.00762	0.00718	0.00237	0.00922	0.00673	0.00332	0.00782
26	0.01635	0.01677	0.02396	0.39601	0.20022	0.10232	0.04803	0.02044	0.01529	0.01944	0.01246	0.01766	0.00993	0.00732	0.00830	0.00230	0.06483	0.00620	0.00333	0.00882
27	0.03018	0.01251	0.01647	0.01290	0.01822	0.01137	0.01057	0.03509	0.10380	0.62580	0.02820	0.02453	0.01814	0.00892	0.00717	0.00223	0.00601	0.00727	0.00862	0.01201
28	0.00868	0.00620	0.00826	0.00991	0.01033	0.00578	0.00661	0.00991	0.01363	0.01818	0.03925	0.74510	0.04710	0.02231	0.00909	0.00289	0.00413	0.02024	0.00661	0.00578
29	0.11337	0.12727	0.18810	0.02209	0.16632	0.12593	0.03561	0.06811	0.01681	0.02354	0.01249	0.01511	0.01000	0.00868	0.03579	0.00243	0.00964	0.00528	0.00373	0.00971
30	0.01561	0.10256	0.44491	0.04656	0.20775	0.01778	0.02353	0.02212	0.01526	0.02203	0.01265	0.01547	0.00964	0.00660	0.00663	0.00215	0.00966	0.00543	0.00315	0.01051
31	0.00947	0.00670	0.00881	0.00965	0.01013	0.00677	0.00646	0.01064	0.01224	0.01660	0.03018	0.39453	0.03482	0.23234	0.17103	0.00587	0.00814	0.01475	0.00536	0.00550
32	0.01821	0.01567	0.02587	0.25065	0.34351	0.01663	0.06509	0.08064	0.01750	0.07562	0.01468	0.01861	0.01125	0.00694	0.00718	0.00222	0.00879	0.00655	0.00414	0.01026
33	0.07671	0.04130	0.06473	0.07224	0.06725	0.12811	0.25296	0.05285	0.01711	0.02261	0.01898	0.07809	0.05792	0.00861	0.00741	0.00227	0.00968	0.00816	0.00419	0.00884
34	0.02427	0.10786	0.06732	0.01606	0.02162	0.10227	0.01392	0.44910	0.02736	0.03544	0.01589	0.03462	0.01228	0.00970	0.02820	0.00234	0.00880	0.00621	0.00587	0.01088
35	0.01276	0.00846	0.01042	0.00986	0.01204	0.00793	0.00744	0.06466	0.01901	0.08659	0.32022	0.19685	0.16652	0.01598	0.00838	0.00242	0.00423	0.03156	0.00736	0.00728
36	0.06237	0.15251	0.15952	0.01756	0.02402	0.01743	0.15429	0.05346	0.06393	0.14315	0.04898	0.03999	0.01562	0.00791	0.00684	0.00217	0.00829	0.00693	0.00502	0.01001
37	0.07350	0.05706	0.02127	0.02111	0.16791	0.08590	0.06375	0.04421	0.16029	0.10241	0.02373	0.02646	0.06870	0.00909	0.00708	0.00224	0.00755	0.04233	0.00547	0.00994
38	0.01733	0.10810	0.22967	0.02299	0.03055	0.01836	0.32182	0.02389	0.04847	0.06680	0.01486	0.01769	0.01103	0.00677	0.00778	0.00227	0.03090	0.00682	0.00387	0.01000
39	0.01899	0.03949	0.02399	0.21670	0.22026	0.12080	0.06719	0.04180	0.01703	0.09179	0.01611	0.06506	0.01339	0.00802	0.00715	0.00221	0.00909	0.00715	0.00429	0.00949
40	0.01746	0.01988	0.13924	0.06575	0.02580	0.05591	0.14392	0.04178	0.09033	0.07330	0.01631	0.03742	0.01329	0.04138	0.01247	0.00270	0.18226	0.00720	0.00436	0.00926
41	0.01556	0.03822	0.08610	0.07458	0.08832	0.01470	0.12503	0.10239	0.08082	0.02453	0.02290	0.19247	0.03835	0.01101	0.00763	0.00234	0.00763	0.01009	0.00510	0.05225
42	0.03581	0.01310	0.02121	0.01743	0.02135	0.03057	0.20723	0.05458	0.03675	0.10607	0.07031	0.17029	0.02841	0.01299	0.00842	0.00260	0.00762	0.14079	0.00597	0.00849
43	0.01899	0.01677	0.06728	0.14116	0.22633	0.05135	0.03669	0.03874	0.01657	0.13937	0.03601	0.03901	0.01483	0.00874	0.00925	0.00235	0.09821	0.02386	0.00466	0.00982

[dist]
# distance from previous block
# <min> <max>
33	123

[block]
# block no. 9 follows, 29 sequences, length 10
# corresponding to MSA columns:
# 1712-1721
name=unknown_J
#
# <colnr> <probs for GDERKNQSTAVLIFYWHMCP>
#	G	D	E	R	K	N	Q	S	T	A	V	L	I	F	Y	W	H	M	C	P
0	0.32715	0.04437	0.09061	0.01233	0.01743	0.01543	0.01111	0.11337	0.05485	0.09897	0.04588	0.06974	0.01582	0.00867	0.00603	0.00218	0.00632	0.00651	0.00548	0.04773
1	0.02052	0.07278	0.04991	0.06607	0.02087	0.06374	0.01244	0.23103	0.11767	0.08758	0.02263	0.06494	0.04418	0.06521	0.00930	0.00258	0.00745	0.02530	0.00600	0.00981
2	0.21805	0.02070	0.09945	0.07001	0.10759	0.14776	0.01447	0.08178	0.06913	0.02591	0.01470	0.04470	0.01212	0.00955	0.03320	0.00253	0.00880	0.00599	0.00443	0.00915
3	0.08720	0.02259	0.18570	0.01908	0.04375	0.06788	0.12522	0.16937	0.04688	0.07564	0.01570	0.01761	0.01160	0.00987	0.04677	0.00270	0.00968	0.00624	0.00485	0.03169
4	0.01327	0.00664	0.00664	0.00664	0.00830	0.00664	0.00498	0.01659	0.01493	0.02655	0.02323	0.02655	0.01825	0.00830	0.00498	0.00166	0.00332	0.00664	0.78928	0.00664
5	0.01586	0.01330	0.01535	0.01107	0.01734	0.01061	0.00889	0.07697	0.01643	0.02513	0.01305	0.01497	0.01069	0.00556	0.00544	0.00115	0.00550	0.00441	0.00448	0.72378
6	0.01365	0.01442	0.09616	0.02037	0.14772	0.01160	0.12518	0.01775	0.01721	0.05087	0.22278	0.11544	0.09312	0.01168	0.00800	0.00233	0.00678	0.01086	0.00557	0.00852
7	0.00911	0.00701	0.00839	0.00889	0.01049	0.00628	0.00657	0.01121	0.01633	0.02111	0.19532	0.26511	0.31588	0.01868	0.00873	0.00259	0.00396	0.07132	0.00687	0.00614
8	0.01831	0.09910	0.25312	0.01996	0.02724	0.01675	0.19425	0.04446	0.04407	0.12311	0.01807	0.02325	0.01411	0.00807	0.00733	0.00230	0.00935	0.06243	0.00462	0.01010
9	0.01781	0.01440	0.01845	0.13276	0.18163	0.07579	0.01396	0.07863	0.01838	0.10976	0.07494	0.09116	0.10307	0.01080	0.00754	0.00229	0.00728	0.02676	0.00550	0.00909

[dist]
# distance from previous block
# <min> <max>
0	17

[block]
# block no. 10 follows, 29 sequences, length 7
# corresponding to MSA columns:
# 1739-1745
name=unknown_K
#
# <colnr> <probs for GDERKNQSTAVLIFYWHMCP>
#	G	D	E	R	K	N	Q	S	T	A	V	L	I	F	Y	W	H	M	C	P
0	0.01641	0.01168	0.01853	0.46908	0.03682	0.01334	0.01618	0.02053	0.01606	0.14746	0.07145	0.02893	0.01871	0.00930	0.00751	0.00242	0.00808	0.07414	0.00492	0.00846
1	0.01327	0.00664	0.00664	0.00664	0.00830	0.00664	0.00498	0.01659	0.01493	0.02655	0.02323	0.02655	0.01825	0.00830	0.00498	0.00166	0.00332	0.00664	0.78928	0.00664
2	0.01881	0.01872	0.02319	0.31849	0.21904	0.14754	0.01840	0.10857	0.01841	0.02295	0.01314	0.01723	0.01026	0.00714	0.00697	0.00217	0.00961	0.00602	0.00388	0.00944
3	0.25310	0.13489	0.21722	0.01379	0.02050	0.01659	0.01445	0.02506	0.01548	0.20424	0.01548	0.01585	0.01090	0.00715	0.00583	0.00211	0.00741	0.00511	0.00495	0.00989
4	0.01213	0.01060	0.01378	0.01208	0.01461	0.04747	0.07679	0.01692	0.07997	0.02600	0.43552	0.09687	0.10143	0.01367	0.00824	0.00231	0.00505	0.01223	0.00694	0.00739
5	0.02213	0.27220	0.18626	0.01408	0.02074	0.01775	0.01455	0.02605	0.01709	0.27242	0.05669	0.01934	0.01553	0.00773	0.00625	0.00198	0.00748	0.00589	0.00542	0.01041
6	0.01592	0.01098	0.01308	0.01198	0.01466	0.01150	0.00917	0.12666	0.13801	0.08888	0.14758	0.19373	0.03430	0.05702	0.06177	0.00337	0.00638	0.03961	0.00689	0.00851

[dist]
# distance from previous block
# <min> <max>
0	1

[block]
# block no. 11 follows, 29 sequences, length 24
# corresponding to MSA columns:
# 1747-1749,1752,1769-1788
name=unknown_L
#
# <colnr> <probs for GDERKNQSTAVLIFYWHMCP>
#	G	D	E	R	K	N	Q	S	T	A	V	L	I	F	Y	W	H	M	C	P
0	0.01046	0.00680	0.00881	0.00949	0.01041	0.00632	0.00648	0.01175	0.01450	0.05533	0.13225	0.45268	0.08455	0.09864	0.01277	0.04545	0.00450	0.01636	0.00647	0.00596
1	0.01750	0.01148	0.01325	0.01142	0.01476	0.01144	0.00893	0.21102	0.02216	0.12442	0.15920	0.15451	0.18244	0.01403	0.00797	0.00235	0.00523	0.01186	0.00729	0.00874
2	0.73607	0.07441	0.01266	0.00960	0.01414	0.01697	0.00808	0.02096	0.01231	0.03070	0.00991	0.01156	0.00783	0.00657	0.00442	0.00215	0.00568	0.00385	0.00430	0.00783
3	0.08168	0.43124	0.06147	0.01387	0.01893	0.06032	0.04738	0.02031	0.01438	0.01882	0.01478	0.01695	0.05538	0.00959	0.03663	0.00230	0.07859	0.00530	0.00349	0.00861
4	0.01092	0.00872	0.01239	0.17894	0.01978	0.00975	0.00994	0.01385	0.03380	0.01771	0.05809	0.09386	0.08417	0.18046	0.23023	0.00612	0.01046	0.00988	0.00455	0.00638
5	0.27594	0.01849	0.01877	0.11674	0.07238	0.16801	0.06038	0.05091	0.01650	0.09575	0.01356	0.01589	0.01026	0.00850	0.02784	0.00243	0.00889	0.00542	0.00450	0.00884
6	0.01615	0.02059	0.12748	0.06256	0.06526	0.01824	0.42573	0.02163	0.01550	0.02169	0.01327	0.01800	0.01030	0.00717	0.01036	0.00248	0.12330	0.00745	0.00342	0.00944
7	0.01277	0.01480	0.16534	0.01200	0.01585	0.03083	0.01136	0.01646	0.01713	0.07923	0.24443	0.18547	0.13770	0.01424	0.00802	0.00239	0.00565	0.01230	0.00629	0.00775
8	0.00940	0.00650	0.00805	0.00899	0.00923	0.00626	0.00562	0.01010	0.01222	0.01630	0.03202	0.44498	0.03798	0.33487	0.02076	0.00462	0.00532	0.01599	0.00562	0.00515
9	0.01217	0.01355	0.10986	0.01607	0.08372	0.01169	0.01226	0.01590	0.05816	0.01933	0.02521	0.30579	0.02739	0.10020	0.05164	0.00364	0.10876	0.01225	0.00495	0.00749
10	0.11328	0.01314	0.01412	0.01109	0.01616	0.01226	0.00887	0.12095	0.06844	0.02794	0.06114	0.02445	0.09986	0.00838	0.00617	0.00170	0.00541	0.00663	0.00542	0.37459
11	0.01787	0.01066	0.01331	0.01126	0.01504	0.00950	0.00872	0.06339	0.01741	0.20673	0.05826	0.23182	0.06597	0.01266	0.00777	0.00214	0.02339	0.01081	0.00660	0.20670
12	0.01327	0.00664	0.00664	0.00664	0.00830	0.00664	0.00498	0.01659	0.01493	0.02655	0.02323	0.02655	0.01825	0.00830	0.00498	0.00166	0.00332	0.00664	0.78928	0.00664
13	0.18111	0.01610	0.04495	0.01273	0.01662	0.08653	0.01054	0.14371	0.06467	0.06181	0.19142	0.02818	0.06239	0.01021	0.00754	0.00223	0.03649	0.00787	0.00610	0.00881
14	0.01083	0.00756	0.01015	0.01099	0.01250	0.00729	0.00875	0.01345	0.01618	0.04225	0.15744	0.22755	0.10112	0.02115	0.05632	0.00344	0.00597	0.27384	0.00669	0.00651
15	0.01444	0.01390	0.01962	0.01717	0.01743	0.01909	0.01417	0.01620	0.01102	0.01701	0.01140	0.01819	0.01113	0.02110	0.17061	0.00487	0.58536	0.00653	0.00326	0.00749
16	0.01640	0.02049	0.10603	0.02759	0.03419	0.01835	0.52897	0.02205	0.01587	0.02205	0.01359	0.01833	0.01044	0.00691	0.01017	0.00248	0.10534	0.00781	0.00348	0.00946
17	0.00990	0.00787	0.00910	0.00953	0.01158	0.00733	0.00747	0.01332	0.06103	0.02097	0.10240	0.14446	0.38056	0.01811	0.00875	0.00266	0.00448	0.16726	0.00673	0.00651
18	0.01327	0.00664	0.00664	0.00664	0.00830	0.00664	0.00498	0.01659	0.01493	0.02655	0.02323	0.02655	0.01825	0.00830	0.00498	0.00166	0.00332	0.00664	0.78928	0.00664
19	0.01356	0.01127	0.01343	0.08064	0.01741	0.06140	0.01023	0.10673	0.01607	0.02120	0.02373	0.24197	0.02448	0.03003	0.28695	0.00600	0.01162	0.01094	0.00505	0.00727
20	0.01503	0.00925	0.01149	0.01121	0.01330	0.00901	0.00821	0.11677	0.01782	0.12780	0.03559	0.49391	0.06593	0.01795	0.00846	0.00265	0.00497	0.01590	0.00702	0.00773
21	0.01327	0.00664	0.00664	0.00664	0.00830	0.00664	0.00498	0.01659	0.01493	0.02655	0.02323	0.02655	0.01825	0.00830	0.00498	0.00166	0.00332	0.00664	0.78928	0.00664
22	0.32494	0.06143	0.12244	0.01316	0.01850	0.06326	0.01225	0.11536	0.05124	0.06170	0.07890	0.01824	0.01552	0.00793	0.00594	0.00215	0.00704	0.00570	0.00512	0.00917
