[name]
unknown

[dist]
# distance from previous block
# <min> <max>
0	243

[block]
# block no. 0 follows, 63 sequences, length 8
# corresponding to MSA columns:
# 296-303
name=unknown_A
#
# <colnr> <probs for GDERKNQSTAVLIFYWHMCP>
#	G	D	E	R	K	N	Q	S	T	A	V	L	I	F	Y	W	H	M	C	P
0	0.00937	0.00817	0.01249	0.44455	0.17428	0.00929	0.01028	0.13416	0.01086	0.01457	0.12001	0.01366	0.01072	0.00485	0.00430	0.00134	0.00484	0.00428	0.00265	0.00533
1	0.00556	0.00421	0.00458	0.00464	0.00583	0.00383	0.00348	0.00680	0.00899	0.01177	0.03272	0.08007	0.54135	0.01277	0.11870	0.00210	0.00337	0.00769	0.13791	0.00363
2	0.00638	0.00505	0.00572	0.00560	0.00686	0.00492	0.00425	0.00931	0.13434	0.01343	0.22076	0.03387	0.33270	0.09992	0.00672	0.00174	0.00269	0.09771	0.00399	0.00406
3	0.04833	0.01310	0.01142	0.03371	0.06036	0.34217	0.00779	0.04541	0.01048	0.11434	0.00798	0.00918	0.00629	0.00468	0.00526	0.00119	0.13280	0.00313	0.00263	0.13974
4	0.62816	0.00921	0.00705	0.00644	0.00870	0.12216	0.00515	0.01222	0.00775	0.01628	0.00677	0.00842	0.00559	0.00822	0.13104	0.00211	0.00508	0.00268	0.00249	0.00447
5	0.01161	0.00783	0.01153	0.09104	0.25381	0.00804	0.00845	0.07016	0.06342	0.21166	0.04955	0.01437	0.01038	0.04804	0.11916	0.00218	0.00525	0.00433	0.00328	0.00591
6	0.00962	0.01017	0.14640	0.02142	0.02430	0.00802	0.04775	0.14431	0.04121	0.03243	0.01086	0.01378	0.04087	0.12204	0.04390	0.00177	0.03008	0.00398	0.00278	0.24432
7	0.01341	0.01050	0.01117	0.00915	0.01206	0.01184	0.00737	0.44496	0.39101	0.02235	0.01335	0.01269	0.00979	0.00535	0.00424	0.00134	0.00402	0.00423	0.00424	0.00692

[dist]
# distance from previous block
# <min> <max>
0	1

[block]
# block no. 1 follows, 63 sequences, length 10
# corresponding to MSA columns:
# 305-314
name=unknown_B
#
# <colnr> <probs for GDERKNQSTAVLIFYWHMCP>
#	G	D	E	R	K	N	Q	S	T	A	V	L	I	F	Y	W	H	M	C	P
0	0.00976	0.00904	0.01316	0.14581	0.36888	0.04449	0.02757	0.03135	0.12858	0.02545	0.05212	0.05899	0.03814	0.00515	0.00430	0.00132	0.00455	0.00467	0.00276	0.02388
1	0.00761	0.09219	0.11375	0.21999	0.07549	0.00791	0.03104	0.02612	0.00870	0.01160	0.01370	0.34523	0.01455	0.00766	0.00451	0.00145	0.00428	0.00683	0.00273	0.00466
2	0.53398	0.00707	0.00685	0.00612	0.00835	0.00790	0.00497	0.01233	0.00777	0.13554	0.00879	0.01037	0.00692	0.01107	0.21321	0.00268	0.00532	0.00313	0.00290	0.00473
3	0.01109	0.00809	0.07688	0.00871	0.01112	0.00682	0.12145	0.09610	0.01041	0.23437	0.01518	0.22586	0.01418	0.13127	0.00712	0.00183	0.00419	0.00642	0.00366	0.00524
4	0.00973	0.13293	0.00950	0.00704	0.00818	0.21579	0.00526	0.00963	0.00774	0.00875	0.00807	0.01306	0.00798	0.13636	0.07408	0.33145	0.00541	0.00364	0.00205	0.00337
5	0.06123	0.00813	0.00890	0.00677	0.01000	0.00740	0.00545	0.21241	0.01154	0.01689	0.01320	0.01362	0.12652	0.00475	0.00363	0.00094	0.00336	0.00374	0.00314	0.47838
6	0.00680	0.00393	0.00567	0.00567	0.00586	0.00412	0.00389	0.00608	0.00589	0.00805	0.00917	0.01589	0.00928	0.14191	0.22403	0.52944	0.00563	0.00423	0.00204	0.00242
7	0.00940	0.00947	0.01953	0.01423	0.01766	0.00894	0.60676	0.01254	0.00964	0.01402	0.00982	0.01243	0.00749	0.00389	0.00445	0.00131	0.00579	0.00470	0.22271	0.00523
8	0.00824	0.00485	0.00607	0.00544	0.00700	0.00429	0.00419	0.00990	0.01129	0.17651	0.44872	0.03050	0.24969	0.00849	0.00482	0.00134	0.00234	0.00728	0.00454	0.00448
9	0.01457	0.01132	0.01374	0.01375	0.21835	0.01227	0.00923	0.61021	0.01719	0.02327	0.00954	0.01017	0.00703	0.00472	0.00419	0.00126	0.00472	0.00377	0.00367	0.00703

[dist]
# distance from previous block
# <min> <max>
0	1

[block]
# block no. 2 follows, 63 sequences, length 15
# corresponding to MSA columns:
# 316-330
name=unknown_C
#
# <colnr> <probs for GDERKNQSTAVLIFYWHMCP>
#	G	D	E	R	K	N	Q	S	T	A	V	L	I	F	Y	W	H	M	C	P
0	0.00825	0.01111	0.15784	0.01288	0.01666	0.00845	0.44257	0.01131	0.00964	0.01284	0.01809	0.01925	0.24026	0.00565	0.00480	0.00140	0.00552	0.00576	0.00257	0.00516
1	0.00677	0.00557	0.00849	0.01147	0.24076	0.00539	0.00649	0.00821	0.00912	0.01260	0.15011	0.47523	0.02370	0.00972	0.00495	0.00151	0.00310	0.00889	0.00350	0.00443
2	0.00517	0.00389	0.00477	0.00544	0.00605	0.00353	0.00379	0.00603	0.00851	0.01092	0.02845	0.56472	0.25528	0.03289	0.00566	0.00169	0.00245	0.04344	0.00387	0.00345
3	0.00831	0.00773	0.01050	0.00919	0.00919	0.01036	0.00729	0.00897	0.00635	0.00955	0.00773	0.01444	0.00831	0.24913	0.01597	0.00248	0.60406	0.00438	0.00204	0.00401
4	0.01080	0.00870	0.00983	0.00721	0.01084	0.00773	0.00584	0.23992	0.01188	0.01736	0.00822	0.00911	0.00649	0.00367	0.00343	0.00081	0.00355	0.00286	0.00298	0.62877
5	0.01179	0.01098	0.02737	0.07117	0.45043	0.08235	0.05750	0.13490	0.03301	0.05115	0.02331	0.01088	0.00744	0.00422	0.00420	0.00127	0.00518	0.00384	0.00264	0.00636
6	0.00598	0.00424	0.00543	0.00566	0.00592	0.00443	0.00382	0.00658	0.00690	0.00937	0.01546	0.21884	0.01749	0.42214	0.17984	0.00388	0.02756	0.05046	0.00286	0.00312
7	0.63407	0.01154	0.00782	0.00705	0.00952	0.24578	0.00557	0.01362	0.00852	0.01641	0.00604	0.00704	0.00480	0.00403	0.00294	0.00124	0.00449	0.00240	0.00248	0.00464
8	0.00585	0.00396	0.00466	0.00493	0.00499	0.00390	0.00291	0.00604	0.00663	0.00884	0.01591	0.24826	0.01865	0.62692	0.01709	0.00344	0.00364	0.00768	0.00291	0.00278
9	0.00515	0.00401	0.00470	0.00514	0.00600	0.00356	0.00367	0.00615	0.00904	0.01144	0.07917	0.39820	0.39893	0.01168	0.00517	0.00156	0.00232	0.03663	0.00394	0.00352
10	0.50072	0.00882	0.01002	0.02791	0.24303	0.00956	0.00735	0.06242	0.00883	0.03270	0.00702	0.00838	0.00553	0.00392	0.00324	0.00125	0.00388	0.00287	0.00258	0.04997
11	0.00921	0.01317	0.24681	0.01130	0.01315	0.04109	0.01097	0.01127	0.00733	0.01104	0.00613	0.00905	0.00546	0.00629	0.01064	0.00167	0.57505	0.00348	0.00183	0.00507
12	0.00668	0.00365	0.00531	0.00558	0.00565	0.00358	0.00372	0.00558	0.00621	0.00828	0.01184	0.25222	0.01317	0.01419	0.01326	0.62702	0.00330	0.00603	0.00242	0.00228
13	0.01017	0.00617	0.00641	0.00556	0.00723	0.00653	0.00438	0.23936	0.01195	0.01877	0.01268	0.01408	0.00974	0.00494	0.00330	0.00106	0.00272	0.00388	0.62624	0.00484
14	0.59388	0.00688	0.00569	0.00515	0.00732	0.00771	0.00416	0.01198	0.00784	0.05356	0.00857	0.00969	0.00659	0.00424	0.00277	0.00121	0.00290	0.00283	0.25253	0.00449

[dist]
# distance from previous block
# <min> <max>
0	3

[block]
# block no. 3 follows, 63 sequences, length 17
# corresponding to MSA columns:
# 334-343,352-358
name=unknown_D
#
# <colnr> <probs for GDERKNQSTAVLIFYWHMCP>
#	G	D	E	R	K	N	Q	S	T	A	V	L	I	F	Y	W	H	M	C	P
0	0.58174	0.00700	0.00630	0.00583	0.00797	0.00768	0.00460	0.01183	0.00793	0.11203	0.01104	0.19894	0.01052	0.00616	0.00342	0.00139	0.00311	0.00470	0.00320	0.00460
1	0.00721	0.00579	0.00837	0.01004	0.19248	0.00557	0.00608	0.03093	0.01152	0.01626	0.59571	0.02630	0.05215	0.00745	0.00476	0.00131	0.00274	0.00666	0.00402	0.00465
2	0.00524	0.00374	0.00501	0.00599	0.00628	0.00351	0.00410	0.00605	0.00816	0.01086	0.02311	0.79334	0.02755	0.01306	0.00540	0.00172	0.00254	0.06698	0.00390	0.00345
3	0.00514	0.00427	0.00450	0.00444	0.00579	0.00362	0.00333	0.00637	0.01000	0.01234	0.18198	0.03884	0.68432	0.01028	0.00497	0.00140	0.00210	0.00865	0.00403	0.00362
4	0.01033	0.19485	0.06918	0.23277	0.01679	0.04746	0.02543	0.10446	0.00943	0.01242	0.00688	0.00926	0.00570	0.00500	0.00644	0.00138	0.23152	0.00334	0.00213	0.00523
5	0.00907	0.03778	0.02919	0.04176	0.03975	0.02522	0.08339	0.02983	0.00920	0.01409	0.00899	0.01065	0.00722	0.00374	0.00338	0.00089	0.00366	0.00319	0.20054	0.43847
6	0.03208	0.00958	0.09748	0.04008	0.09408	0.06810	0.03753	0.09346	0.06744	0.01378	0.01802	0.06176	0.19440	0.00965	0.09999	0.00200	0.02263	0.02990	0.00301	0.00503
7	0.00677	0.00379	0.00520	0.00520	0.00552	0.00363	0.00355	0.00560	0.00641	0.00822	0.01531	0.01906	0.19271	0.01371	0.01383	0.67884	0.00331	0.00484	0.00230	0.00222
8	0.00561	0.00410	0.00495	0.00505	0.00574	0.00379	0.00348	0.00669	0.00929	0.01246	0.31106	0.21015	0.18701	0.20145	0.00878	0.00205	0.00259	0.00846	0.00385	0.00344
9	0.00534	0.00392	0.00501	0.00549	0.00609	0.00359	0.00383	0.00647	0.00934	0.01255	0.25268	0.51264	0.13447	0.01155	0.00520	0.00156	0.00227	0.01032	0.00411	0.00359
10	0.01138	0.00971	0.01175	0.01266	0.19626	0.01079	0.00830	0.15463	0.49892	0.01823	0.01383	0.01353	0.01046	0.00515	0.00424	0.00136	0.00393	0.00436	0.00377	0.00674
11	0.01448	0.00665	0.00863	0.00725	0.00968	0.00619	0.00573	0.04487	0.09523	0.51266	0.03589	0.20422	0.01514	0.00713	0.00451	0.00141	0.00329	0.00609	0.00476	0.00618
12	0.01694	0.00780	0.01141	0.01164	0.19575	0.00704	0.00770	0.01877	0.01147	0.64395	0.01462	0.01342	0.00956	0.00487	0.00421	0.00129	0.00390	0.00412	0.00449	0.00704
13	0.00947	0.00938	0.01383	0.01439	0.19599	0.01222	0.01004	0.01075	0.00715	0.01094	0.00606	0.00947	0.00578	0.00654	0.01161	0.00171	0.65404	0.00369	0.00189	0.00507
14	0.00742	0.00405	0.00456	0.00456	0.00549	0.00422	0.00346	0.00928	0.00835	0.01433	0.01316	0.01586	0.01071	0.01094	0.19190	0.00229	0.00407	0.00405	0.67741	0.00388
15	0.00542	0.00428	0.00488	0.00473	0.00595	0.00374	0.00355	0.00690	0.01064	0.01388	0.40069	0.03631	0.46466	0.00971	0.00496	0.00137	0.00206	0.00829	0.00424	0.00374
16	0.00939	0.02707	0.01155	0.02549	0.01083	0.10908	0.00816	0.02472	0.00748	0.01036	0.00706	0.01067	0.00667	0.01230	0.19852	0.00283	0.50758	0.00372	0.00201	0.00450

[dist]
# distance from previous block
# <min> <max>
0	4

[block]
# block no. 4 follows, 63 sequences, length 22
# corresponding to MSA columns:
# 363-384
name=unknown_E
#
# <colnr> <probs for GDERKNQSTAVLIFYWHMCP>
#	G	D	E	R	K	N	Q	S	T	A	V	L	I	F	Y	W	H	M	C	P
0	0.01547	0.01933	0.01199	0.01107	0.03066	0.77483	0.00819	0.03954	0.03076	0.01100	0.00688	0.00790	0.00566	0.00437	0.00382	0.00110	0.00734	0.00281	0.00227	0.00502
1	0.01169	0.56535	0.28669	0.00973	0.01424	0.01500	0.01050	0.01380	0.00957	0.01241	0.00786	0.00945	0.00674	0.00468	0.00376	0.00131	0.00553	0.00302	0.00229	0.00639
2	0.00530	0.00396	0.00509	0.00597	0.02495	0.00364	0.00395	0.00618	0.00853	0.01121	0.07506	0.61578	0.16638	0.03597	0.00570	0.00169	0.00246	0.01079	0.00387	0.00352
3	0.00611	0.00408	0.00458	0.00458	0.00458	0.00408	0.00255	0.00611	0.00611	0.00815	0.01325	0.02751	0.01528	0.85226	0.02140	0.00408	0.00408	0.00611	0.00255	0.00255
4	0.01546	0.04039	0.01227	0.01062	0.01290	0.70552	0.00811	0.10254	0.01254	0.01203	0.00685	0.00787	0.00560	0.00446	0.00405	0.00112	0.02733	0.00284	0.00237	0.00513
5	0.00512	0.00366	0.00488	0.00585	0.00610	0.00341	0.00390	0.00585	0.00805	0.01073	0.02317	0.84952	0.02780	0.01317	0.00537	0.00171	0.00244	0.01195	0.00390	0.00341
6	0.00872	0.00747	0.00872	0.00623	0.00996	0.00560	0.00498	0.01058	0.00872	0.01370	0.00747	0.00872	0.00623	0.00311	0.00311	0.00062	0.00311	0.00249	0.00249	0.87796
7	0.00516	0.00395	0.00474	0.00521	0.00597	0.00353	0.00365	0.00616	0.00906	0.01168	0.12519	0.46118	0.31594	0.01172	0.00517	0.00156	0.00227	0.01033	0.00399	0.00353
8	0.21897	0.00755	0.00836	0.00636	0.00971	0.00665	0.00517	0.01341	0.00915	0.21257	0.00930	0.00962	0.00684	0.00381	0.00326	0.00095	0.00326	0.00286	0.00317	0.45901
9	0.01593	0.00752	0.03993	0.00733	0.01052	0.00614	0.00618	0.01794	0.03409	0.61572	0.01668	0.04936	0.04648	0.00551	0.00418	0.00125	0.00351	0.00454	0.00464	0.10256
10	0.00512	0.00366	0.00488	0.00585	0.00610	0.00341	0.00390	0.00585	0.00805	0.01073	0.02317	0.84952	0.02780	0.01317	0.00537	0.00171	0.00244	0.01195	0.00390	0.00341
11	0.00730	0.00365	0.00548	0.00548	0.00548	0.00365	0.00365	0.00548	0.00548	0.00730	0.00730	0.01278	0.00730	0.01460	0.01643	0.87769	0.00365	0.00365	0.00183	0.00183
12	0.01046	0.00903	0.00951	0.00855	0.01093	0.01046	0.00665	0.02234	0.81845	0.01759	0.01711	0.01568	0.01283	0.00570	0.00428	0.00143	0.00333	0.00475	0.00428	0.00665
13	0.01506	0.00640	0.00856	0.00687	0.00948	0.00565	0.00555	0.01699	0.02983	0.58553	0.21771	0.01934	0.04146	0.00621	0.00443	0.00131	0.00313	0.00521	0.00500	0.00625
14	0.00592	0.00427	0.00559	0.00531	0.00627	0.00395	0.00396	0.00786	0.01176	0.01664	0.79523	0.06062	0.03924	0.00876	0.00497	0.00134	0.00200	0.00776	0.00460	0.00395
15	0.00565	0.00388	0.00516	0.00578	0.00626	0.00360	0.00397	0.00667	0.00897	0.03322	0.19315	0.65403	0.02987	0.01199	0.00525	0.00161	0.00237	0.01083	0.00409	0.00363
16	0.88196	0.00813	0.00618	0.00553	0.00813	0.00943	0.00455	0.01236	0.00715	0.01886	0.00585	0.00683	0.00455	0.00390	0.00260	0.00130	0.00325	0.00228	0.00260	0.00455
17	0.00923	0.25904	0.60019	0.01062	0.01609	0.01172	0.01316	0.01311	0.00878	0.01234	0.00706	0.00827	0.00534	0.00388	0.00362	0.00121	0.00572	0.00286	0.00178	0.00598
18	0.00766	0.00502	0.00659	0.00638	0.00660	0.04435	0.00457	0.00671	0.00606	0.00806	0.00773	0.01282	0.00756	0.01615	0.14272	0.62934	0.07355	0.00374	0.00191	0.00250
19	0.01162	0.47548	0.20287	0.00911	0.01297	0.20201	0.00929	0.01371	0.00939	0.01076	0.00638	0.00742	0.00538	0.00385	0.00324	0.00104	0.00559	0.00255	0.00188	0.00546
20	0.00742	0.00679	0.01129	0.58019	0.03972	0.00806	0.03758	0.00971	0.00836	0.01088	0.01121	0.21064	0.01093	0.00637	0.00470	0.00148	0.02213	0.00573	0.00236	0.00445
21	0.02542	0.34531	0.12575	0.06062	0.05202	0.07692	0.02347	0.02708	0.03990	0.13696	0.00898	0.02688	0.00711	0.00488	0.02083	0.00126	0.00501	0.00328	0.00257	0.00574

[dist]
# distance from previous block
# <min> <max>
1	3

[block]
# block no. 5 follows, 63 sequences, length 20
# corresponding to MSA columns:
# 388-392,402-416
name=unknown_F
#
# <colnr> <probs for GDERKNQSTAVLIFYWHMCP>
#	G	D	E	R	K	N	Q	S	T	A	V	L	I	F	Y	W	H	M	C	P
0	0.22259	0.01027	0.05229	0.22897	0.09823	0.09453	0.12151	0.01221	0.00869	0.01343	0.00777	0.02911	0.00647	0.01586	0.01704	0.00147	0.03838	0.01397	0.00222	0.00499
1	0.23240	0.00864	0.00953	0.07036	0.06563	0.03141	0.00698	0.10549	0.20848	0.01627	0.01026	0.01183	0.00821	0.02300	0.12298	0.00218	0.05423	0.00374	0.00300	0.00538
2	0.13305	0.01697	0.49573	0.01037	0.01529	0.01034	0.01189	0.18723	0.02821	0.04074	0.00833	0.00915	0.00592	0.00428	0.00386	0.00131	0.00531	0.00320	0.00257	0.00622
3	0.01199	0.00918	0.07656	0.04845	0.01416	0.00795	0.20501	0.08839	0.03795	0.25423	0.09726	0.07001	0.04775	0.00576	0.00457	0.00137	0.00453	0.00532	0.00370	0.00586
4	0.00767	0.00703	0.01165	0.72474	0.02576	0.00869	0.01060	0.01020	0.00813	0.01050	0.00813	0.01264	0.00659	0.05921	0.07016	0.00199	0.00595	0.00394	0.00194	0.00447
5	0.00524	0.00411	0.00474	0.00491	0.00593	0.00361	0.00356	0.00643	0.00972	0.01248	0.21955	0.24893	0.43419	0.01083	0.00507	0.00147	0.00218	0.00938	0.00407	0.00361
6	0.00943	0.00772	0.00946	0.00680	0.01052	0.00602	0.03473	0.03310	0.00922	0.05148	0.00800	0.00911	0.00645	0.00328	0.00326	0.00070	0.00332	0.00270	0.00265	0.78206
7	0.00550	0.00428	0.00499	0.00481	0.00600	0.00377	0.00361	0.00706	0.01083	0.01432	0.46355	0.03558	0.40152	0.00954	0.00496	0.00137	0.00205	0.00819	0.00429	0.00377
8	0.00906	0.20700	0.65070	0.01092	0.01655	0.01129	0.01368	0.01315	0.00880	0.01255	0.00717	0.00840	0.00534	0.00391	0.00371	0.00124	0.00583	0.00292	0.00178	0.00603
9	0.00949	0.04396	0.14827	0.26913	0.40428	0.01008	0.01263	0.02974	0.00929	0.01289	0.00768	0.01025	0.00608	0.00395	0.00409	0.00129	0.00535	0.00358	0.00200	0.00595
10	0.00525	0.00427	0.00465	0.00455	0.00585	0.00367	0.00341	0.00657	0.01024	0.01292	0.26486	0.03788	0.60109	0.01006	0.00497	0.00139	0.00209	0.00851	0.00411	0.00367
11	0.00547	0.00428	0.00503	0.02617	0.00647	0.00386	0.00372	0.00681	0.01001	0.01303	0.31249	0.12262	0.39827	0.05586	0.00588	0.00156	0.00231	0.00848	0.00403	0.00366
12	0.00567	0.00435	0.00556	0.00596	0.00677	0.00409	0.01752	0.00728	0.04620	0.01206	0.11219	0.45646	0.19849	0.01148	0.00522	0.00161	0.00258	0.08880	0.00396	0.00373
13	0.00920	0.00920	0.01288	0.01104	0.01104	0.01288	0.00920	0.01012	0.00644	0.01012	0.00552	0.00920	0.00552	0.00736	0.01380	0.00184	0.84457	0.00368	0.00184	0.00460
14	0.00947	0.04258	0.45242	0.05646	0.08273	0.07876	0.06473	0.01293	0.00884	0.01238	0.00718	0.00916	0.00556	0.00449	0.00552	0.00138	0.13445	0.00334	0.00187	0.00575
15	0.00998	0.03381	0.03466	0.42138	0.17279	0.03886	0.02756	0.05032	0.00934	0.05999	0.00795	0.01066	0.00614	0.00452	0.00516	0.00138	0.09421	0.00369	0.00222	0.00539
16	0.00660	0.00458	0.00553	0.00538	0.00573	0.00483	0.00349	0.04801	0.00697	0.00949	0.01260	0.02393	0.01370	0.60820	0.21930	0.00458	0.00586	0.00560	0.00256	0.00308
17	0.01143	0.04326	0.05321	0.06823	0.04368	0.20141	0.04563	0.09080	0.03789	0.01249	0.00706	0.00931	0.00598	0.00556	0.00794	0.00147	0.34371	0.00349	0.00225	0.00522
18	0.03075	0.01818	0.05431	0.01088	0.01308	0.64338	0.02574	0.01594	0.03914	0.01091	0.00685	0.00817	0.00568	0.00466	0.00488	0.00120	0.09613	0.00294	0.00219	0.00499
19	0.00614	0.00450	0.00626	0.04904	0.00755	0.00503	0.00460	0.00716	0.00661	0.00922	0.01179	0.02026	0.01200	0.32997	0.49527	0.00550	0.00834	0.00505	0.00234	0.00336

[dist]
# distance from previous block
# <min> <max>
26	279

[block]
# block no. 6 follows, 63 sequences, length 16
# corresponding to MSA columns:
# 742-757
name=unknown_G
#
# <colnr> <probs for GDERKNQSTAVLIFYWHMCP>
#	G	D	E	R	K	N	Q	S	T	A	V	L	I	F	Y	W	H	M	C	P
0	0.00933	0.17890	0.01153	0.02441	0.04430	0.11467	0.03610	0.06924	0.01001	0.01245	0.05614	0.22077	0.06820	0.03004	0.00471	0.00136	0.00412	0.03844	0.00300	0.06229
1	0.04074	0.11842	0.04665	0.00828	0.01118	0.02393	0.09098	0.07763	0.07823	0.12703	0.03696	0.06094	0.05171	0.06466	0.00523	0.00141	0.00410	0.01997	0.00324	0.12872
2	0.08025	0.07191	0.06346	0.02730	0.15317	0.06197	0.02292	0.06094	0.10466	0.01374	0.00956	0.01200	0.00806	0.04250	0.17756	0.00245	0.00601	0.00370	0.00256	0.07528
3	0.13485	0.13932	0.04765	0.11188	0.04358	0.00921	0.05561	0.04834	0.05689	0.05544	0.11152	0.03146	0.04805	0.04882	0.00481	0.00141	0.00408	0.01706	0.00295	0.02707
4	0.00934	0.15159	0.19822	0.03791	0.03318	0.04859	0.10129	0.05974	0.00947	0.01263	0.02386	0.10301	0.03083	0.02887	0.00548	0.00143	0.07727	0.04382	0.00247	0.02098
5	0.00784	0.00392	0.00392	0.00392	0.00490	0.00392	0.00294	0.00980	0.00882	0.01567	0.01371	0.01567	0.01077	0.00490	0.00294	0.00098	0.00196	0.00392	0.87560	0.00392
6	0.00610	0.00465	0.00577	0.00559	0.00668	0.00454	0.00422	0.00849	0.07127	0.01440	0.43862	0.06538	0.18378	0.03060	0.10900	0.00212	0.00338	0.02733	0.00407	0.00400
7	0.01692	0.00764	0.00975	0.00772	0.01077	0.00722	0.00630	0.06113	0.15244	0.62585	0.03723	0.01477	0.01142	0.00537	0.00425	0.00132	0.00355	0.00438	0.00498	0.00698
8	0.01151	0.00935	0.00999	0.00858	0.01110	0.01059	0.00678	0.22459	0.54709	0.01982	0.08094	0.01552	0.01355	0.00577	0.00431	0.00138	0.00355	0.00474	0.00429	0.00656
9	0.88196	0.00813	0.00618	0.00553	0.00813	0.00943	0.00455	0.01236	0.00715	0.01886	0.00585	0.00683	0.00455	0.00390	0.00260	0.00130	0.00325	0.00228	0.00260	0.00455
10	0.00730	0.00365	0.00548	0.00548	0.00548	0.00365	0.00365	0.00548	0.00548	0.00730	0.00730	0.01278	0.00730	0.01460	0.01643	0.87769	0.00365	0.00365	0.00183	0.00183
11	0.88196	0.00813	0.00618	0.00553	0.00813	0.00943	0.00455	0.01236	0.00715	0.01886	0.00585	0.00683	0.00455	0.00390	0.00260	0.00130	0.00325	0.00228	0.00260	0.00455
12	0.00867	0.00825	0.01381	0.57460	0.24005	0.00973	0.01185	0.01128	0.00860	0.01150	0.00747	0.01087	0.00588	0.00427	0.00477	0.00139	0.05616	0.00374	0.00192	0.00519
13	0.01207	0.10662	0.05227	0.00840	0.01104	0.03007	0.05518	0.16086	0.04128	0.19110	0.05075	0.01357	0.01009	0.03071	0.15993	0.04734	0.00568	0.00412	0.00334	0.00556
14	0.22650	0.02622	0.01179	0.03530	0.06692	0.09688	0.10942	0.10321	0.11081	0.05514	0.03112	0.02613	0.00919	0.00512	0.00413	0.00135	0.01795	0.05425	0.00307	0.00549
15	0.00929	0.01007	0.13294	0.03451	0.03929	0.03236	0.03506	0.02649	0.12987	0.05014	0.04221	0.02705	0.08826	0.00507	0.00424	0.00113	0.02876	0.00417	0.00296	0.29613

[dist]
# distance from previous block
# <min> <max>
0	5

[block]
# block no. 7 follows, 63 sequences, length 33
# corresponding to MSA columns:
# 763-795
name=unknown_H
#
# <colnr> <probs for GDERKNQSTAVLIFYWHMCP>
#	G	D	E	R	K	N	Q	S	T	A	V	L	I	F	Y	W	H	M	C	P
0	0.01398	0.16744	0.01429	0.04586	0.04618	0.17281	0.02627	0.32861	0.08289	0.04819	0.00922	0.00971	0.00699	0.00458	0.00387	0.00118	0.00514	0.00342	0.00318	0.00618
1	0.51460	0.07651	0.04671	0.00699	0.01017	0.00968	0.04626	0.07070	0.00868	0.01729	0.00665	0.00771	0.00523	0.00381	0.00300	0.00116	0.00376	0.00259	0.00257	0.15592
2	0.07248	0.17088	0.06660	0.00964	0.07231	0.03473	0.01991	0.19899	0.06784	0.07660	0.01039	0.03737	0.01827	0.01524	0.00420	0.00124	0.02086	0.02562	0.00309	0.07374
3	0.00524	0.00439	0.03658	0.00600	0.00654	0.00367	0.00431	0.00615	0.00816	0.01086	0.02361	0.77376	0.06971	0.01268	0.00529	0.00168	0.00257	0.01145	0.00382	0.00353
4	0.01409	0.01021	0.01110	0.00897	0.01193	0.01128	0.00726	0.44156	0.29936	0.09943	0.03127	0.01293	0.01018	0.00537	0.00425	0.00132	0.00401	0.00425	0.00433	0.00690
5	0.13990	0.28124	0.01370	0.00816	0.02752	0.04684	0.00686	0.15189	0.15422	0.07623	0.02323	0.01124	0.00843	0.00475	0.00354	0.00120	0.00414	0.02790	0.00315	0.00586
6	0.01019	0.00721	0.01042	0.07072	0.14324	0.00719	0.05347	0.04791	0.10287	0.16143	0.20612	0.04997	0.09823	0.00648	0.00455	0.00135	0.00361	0.00573	0.00382	0.00551
7	0.00512	0.00366	0.00488	0.00585	0.00610	0.00341	0.00390	0.00585	0.00805	0.01073	0.02317	0.84952	0.02780	0.01317	0.00537	0.00171	0.00244	0.01195	0.00390	0.00341
8	0.00575	0.00458	0.00678	0.15637	0.01061	0.00468	0.02703	0.00695	0.00823	0.01084	0.02083	0.63955	0.05940	0.01118	0.00513	0.00163	0.00312	0.01015	0.00349	0.00371
9	0.00927	0.01629	0.42712	0.01640	0.17493	0.01007	0.25853	0.01328	0.00933	0.01344	0.00791	0.00992	0.00590	0.00381	0.00432	0.00134	0.00625	0.00380	0.00194	0.00613
10	0.01351	0.00704	0.00859	0.00712	0.00968	0.00680	0.00570	0.04633	0.19532	0.41348	0.10895	0.01994	0.12592	0.00643	0.00442	0.00135	0.00318	0.00534	0.00471	0.00619
11	0.01113	0.03122	0.12466	0.19151	0.18471	0.05005	0.06095	0.15559	0.06103	0.04649	0.00890	0.01059	0.00672	0.00442	0.00449	0.00132	0.03382	0.00373	0.00262	0.00603
12	0.00664	0.00446	0.00569	0.00531	0.00649	0.00404	0.00401	0.00844	0.01148	0.06903	0.64253	0.05684	0.14155	0.00879	0.00492	0.00135	0.00212	0.00769	0.00455	0.00410
13	0.00855	0.00730	0.00854	0.00621	0.00979	0.00550	0.00493	0.01037	0.00869	0.01356	0.00818	0.04689	0.00721	0.00357	0.00322	0.00067	0.00308	0.00292	0.00255	0.83826
14	0.00526	0.00395	0.00487	0.00532	0.00603	0.00357	0.00373	0.00634	0.00926	0.01219	0.19730	0.46441	0.23940	0.01154	0.00518	0.00155	0.00226	0.01022	0.00406	0.00357
15	0.00756	0.00707	0.01056	0.00945	0.00991	0.00874	0.07533	0.00863	0.00741	0.01066	0.01312	0.35936	0.01487	0.00945	0.00953	0.00175	0.42243	0.00723	0.00272	0.00420
16	0.01257	0.31892	0.04686	0.00941	0.04135	0.23214	0.03051	0.07678	0.02373	0.04380	0.00738	0.00828	0.00603	0.00396	0.00341	0.00101	0.00525	0.00280	0.00237	0.12343
17	0.01057	0.01141	0.00857	0.00815	0.00970	0.35098	0.00601	0.06626	0.04307	0.01204	0.01655	0.30688	0.09322	0.00812	0.00449	0.00135	0.00475	0.00670	0.00318	0.02801
18	0.03670	0.01282	0.22355	0.07777	0.14043	0.03115	0.05820	0.12814	0.09070	0.14369	0.01030	0.01104	0.00739	0.00446	0.00414	0.00132	0.00506	0.00376	0.00301	0.00637
19	0.00749	0.04620	0.11431	0.16993	0.10741	0.00707	0.00812	0.00993	0.03003	0.02566	0.16799	0.18740	0.07446	0.01967	0.00479	0.00144	0.00388	0.00642	0.00308	0.00472
20	0.00784	0.00392	0.00392	0.00392	0.00490	0.00392	0.00294	0.00980	0.00882	0.01567	0.01371	0.01567	0.01077	0.00490	0.00294	0.00098	0.00196	0.00392	0.87560	0.00392
21	0.04226	0.01007	0.11473	0.29849	0.18061	0.00929	0.12860	0.01196	0.03955	0.01263	0.00943	0.07879	0.00815	0.00492	0.00453	0.00140	0.02257	0.01441	0.00224	0.00536
22	0.01069	0.22367	0.24382	0.02613	0.23017	0.01146	0.05367	0.05034	0.00970	0.06399	0.00843	0.00977	0.01808	0.00408	0.00397	0.00121	0.01910	0.00336	0.00224	0.00611
23	0.01232	0.00774	0.01208	0.14885	0.28863	0.00765	0.00902	0.01448	0.01059	0.30039	0.13162	0.01501	0.01269	0.00505	0.00431	0.00130	0.00415	0.00448	0.00352	0.00611
24	0.00601	0.00450	0.00676	0.00676	0.00751	0.00525	0.00525	0.00751	0.00676	0.00976	0.01126	0.01651	0.01051	0.03153	0.83560	0.00676	0.01126	0.00450	0.00225	0.00375
25	0.67538	0.00903	0.03475	0.00645	0.00931	0.00976	0.00550	0.11968	0.02284	0.06402	0.00725	0.00789	0.00538	0.00416	0.00298	0.00130	0.00355	0.00265	0.00296	0.00513
26	0.04387	0.13736	0.05013	0.01028	0.08555	0.06579	0.04802	0.09444	0.05491	0.02291	0.01000	0.12278	0.00933	0.00563	0.00502	0.00125	0.10075	0.00442	0.00270	0.12485
27	0.06504	0.00888	0.00979	0.00804	0.01032	0.00978	0.00633	0.36486	0.11575	0.10105	0.01199	0.02644	0.00988	0.16645	0.02702	0.00198	0.04242	0.00443	0.00375	0.00581
28	0.00571	0.00417	0.00537	0.00531	0.00620	0.00383	0.00389	0.00738	0.01098	0.01525	0.60812	0.18573	0.10314	0.00962	0.00504	0.00140	0.00208	0.00852	0.00443	0.00383
29	0.01038	0.01044	0.05473	0.06245	0.11392	0.11413	0.02426	0.08071	0.01014	0.02624	0.00862	0.05681	0.00744	0.00436	0.00404	0.00102	0.02918	0.00354	0.00256	0.37502
30	0.00502	0.00404	0.00449	0.00484	0.00583	0.00350	0.00345	0.00597	0.00902	0.01113	0.03546	0.33758	0.53181	0.01157	0.00511	0.00153	0.00224	0.01000	0.00390	0.00350
31	0.05618	0.01113	0.03039	0.29236	0.03397	0.18355	0.04848	0.01227	0.02277	0.01127	0.00713	0.02358	0.00603	0.00521	0.00673	0.00145	0.23698	0.00363	0.00205	0.00482
32	0.08870	0.20631	0.09087	0.13134	0.06862	0.07488	0.05581	0.16692	0.02948	0.03800	0.00795	0.00923	0.00613	0.00418	0.00371	0.00121	0.00510	0.00325	0.00256	0.00577

[dist]
# distance from previous block
# <min> <max>
0	1

[block]
# block no. 8 follows, 63 sequences, length 11
# corresponding to MSA columns:
# 797-807
name=unknown_I
#
# <colnr> <probs for GDERKNQSTAVLIFYWHMCP>
#	G	D	E	R	K	N	Q	S	T	A	V	L	I	F	Y	W	H	M	C	P
0	0.79347	0.00847	0.00759	0.00645	0.00918	0.00965	0.05470	0.04419	0.00783	0.01883	0.00619	0.00724	0.00477	0.00393	0.00281	0.00131	0.00354	0.00250	0.00264	0.00473
1	0.00920	0.00920	0.01288	0.01104	0.01104	0.01288	0.00920	0.01012	0.00644	0.01012	0.00552	0.00920	0.00552	0.00736	0.01380	0.00184	0.84457	0.00368	0.00184	0.00460
2	0.00518	0.00373	0.00493	0.00586	0.00618	0.00348	0.00399	0.00597	0.00817	0.01083	0.02391	0.78583	0.05930	0.01301	0.00537	0.00170	0.00248	0.04274	0.00390	0.00344
3	0.00784	0.00392	0.00392	0.00392	0.00490	0.00392	0.00294	0.00980	0.00882	0.01567	0.01371	0.01567	0.01077	0.00490	0.00294	0.00098	0.00196	0.00392	0.87560	0.00392
4	0.15376	0.00731	0.00920	0.00717	0.01032	0.00669	0.00592	0.01922	0.01127	0.70234	0.01491	0.01314	0.00949	0.00500	0.00397	0.00130	0.00353	0.00392	0.00480	0.00675
5	0.88196	0.00813	0.00618	0.00553	0.00813	0.00943	0.00455	0.01236	0.00715	0.01886	0.00585	0.00683	0.00455	0.00390	0.00260	0.00130	0.00325	0.00228	0.00260	0.00455
6	0.01143	0.01105	0.01466	0.07999	0.26622	0.11828	0.06200	0.09638	0.01010	0.04314	0.00761	0.00994	0.00627	0.00503	0.00684	0.00142	0.23789	0.00369	0.00235	0.00571
7	0.00654	0.00510	0.00611	0.00650	0.00741	0.00525	0.00470	0.01014	0.20645	0.01280	0.05600	0.51629	0.07345	0.01091	0.00508	0.00162	0.00270	0.05465	0.00402	0.00426
8	0.01187	0.67565	0.02059	0.00836	0.01177	0.14531	0.05270	0.01330	0.00915	0.01015	0.00610	0.00713	0.00545	0.00371	0.00300	0.00096	0.00513	0.00247	0.00187	0.00533
9	0.88196	0.00813	0.00618	0.00553	0.00813	0.00943	0.00455	0.01236	0.00715	0.01886	0.00585	0.00683	0.00455	0.00390	0.00260	0.00130	0.00325	0.00228	0.00260	0.00455
10	0.01340	0.01083	0.04342	0.01210	0.15599	0.01129	0.00860	0.48242	0.05932	0.04002	0.01027	0.01198	0.00803	0.07823	0.00600	0.00153	0.03250	0.00401	0.00354	0.00652

[dist]
# distance from previous block
# <min> <max>
5	31

[block]
# block no. 9 follows, 63 sequences, length 11
# corresponding to MSA columns:
# 840-850
name=unknown_J
#
# <colnr> <probs for GDERKNQSTAVLIFYWHMCP>
#	G	D	E	R	K	N	Q	S	T	A	V	L	I	F	Y	W	H	M	C	P
0	0.88196	0.00813	0.00618	0.00553	0.00813	0.00943	0.00455	0.01236	0.00715	0.01886	0.00585	0.00683	0.00455	0.00390	0.00260	0.00130	0.00325	0.00228	0.00260	0.00455
1	0.01124	0.85479	0.02203	0.00719	0.01079	0.01663	0.00719	0.01259	0.00854	0.00989	0.00584	0.00674	0.00539	0.00360	0.00270	0.00090	0.00450	0.00225	0.00180	0.00539
2	0.01598	0.01177	0.01262	0.00967	0.01304	0.01304	0.00799	0.81202	0.01976	0.02649	0.01009	0.01009	0.00715	0.00505	0.00421	0.00126	0.00463	0.00378	0.00421	0.00715
3	0.88196	0.00813	0.00618	0.00553	0.00813	0.00943	0.00455	0.01236	0.00715	0.01886	0.00585	0.00683	0.00455	0.00390	0.00260	0.00130	0.00325	0.00228	0.00260	0.00455
4	0.88196	0.00813	0.00618	0.00553	0.00813	0.00943	0.00455	0.01236	0.00715	0.01886	0.00585	0.00683	0.00455	0.00390	0.00260	0.00130	0.00325	0.00228	0.00260	0.00455
5	0.08034	0.00753	0.00851	0.00617	0.00981	0.00592	0.00495	0.01073	0.00859	0.01412	0.00734	0.00856	0.00609	0.00318	0.00307	0.00068	0.00312	0.00247	0.00250	0.80632
6	0.00512	0.00366	0.00488	0.00585	0.00610	0.00341	0.00390	0.00585	0.00805	0.01073	0.02317	0.84952	0.02780	0.01317	0.00537	0.00171	0.00244	0.01195	0.00390	0.00341
7	0.01025	0.01184	0.02407	0.01732	0.02146	0.05775	0.76492	0.01366	0.01004	0.01328	0.00839	0.01112	0.00632	0.00359	0.00489	0.00140	0.00712	0.00483	0.00213	0.00562
8	0.00784	0.00392	0.00392	0.00392	0.00490	0.00392	0.00294	0.00980	0.00882	0.01567	0.01371	0.01567	0.01077	0.00490	0.00294	0.00098	0.00196	0.00392	0.87560	0.00392
9	0.01040	0.00794	0.01188	0.49586	0.06944	0.00907	0.00985	0.13332	0.01077	0.11167	0.03655	0.03651	0.02873	0.00498	0.00428	0.00137	0.00488	0.00429	0.00283	0.00538
10	0.04774	0.00670	0.00920	0.20900	0.04006	0.00733	0.02363	0.10284	0.04359	0.04024	0.04195	0.24790	0.05075	0.00805	0.00489	0.00152	0.02136	0.08525	0.00333	0.00470

[dist]
# distance from previous block
# <min> <max>
0	9

[block]
# block no. 10 follows, 63 sequences, length 20
# corresponding to MSA columns:
# 860-879
name=unknown_K
#
# <colnr> <probs for GDERKNQSTAVLIFYWHMCP>
#	G	D	E	R	K	N	Q	S	T	A	V	L	I	F	Y	W	H	M	C	P
0	0.15467	0.44412	0.01612	0.03243	0.01133	0.15311	0.00713	0.03091	0.03532	0.02819	0.00666	0.00767	0.00565	0.00411	0.00359	0.00109	0.04788	0.00260	0.00220	0.00522
1	0.88196	0.00813	0.00618	0.00553	0.00813	0.00943	0.00455	0.01236	0.00715	0.01886	0.00585	0.00683	0.00455	0.00390	0.00260	0.00130	0.00325	0.00228	0.00260	0.00455
2	0.00846	0.04520	0.01105	0.32878	0.05832	0.00770	0.02177	0.02483	0.00947	0.02764	0.15154	0.01384	0.01196	0.00463	0.00396	0.00113	0.00413	0.00402	0.00265	0.25891
3	0.00730	0.00365	0.00548	0.00548	0.00548	0.00365	0.00365	0.00548	0.00548	0.00730	0.00730	0.01278	0.00730	0.01460	0.01643	0.87769	0.00365	0.00365	0.00183	0.00183
4	0.00711	0.00873	0.14195	0.00910	0.01161	0.00653	0.18759	0.00956	0.02496	0.01236	0.10874	0.06652	0.19109	0.11081	0.06972	0.00214	0.00488	0.01917	0.00296	0.00445
5	0.00512	0.00366	0.00488	0.00585	0.00610	0.00341	0.00390	0.00585	0.00805	0.01073	0.02317	0.84952	0.02780	0.01317	0.00537	0.00171	0.00244	0.01195	0.00390	0.00341
6	0.01314	0.00637	0.00901	0.12604	0.02945	0.00601	0.00641	0.01500	0.01125	0.44689	0.21991	0.04605	0.03342	0.00625	0.00446	0.00133	0.00343	0.00534	0.00445	0.00579
7	0.88196	0.00813	0.00618	0.00553	0.00813	0.00943	0.00455	0.01236	0.00715	0.01886	0.00585	0.00683	0.00455	0.00390	0.00260	0.00130	0.00325	0.00228	0.00260	0.00455
8	0.00525	0.00416	0.00472	0.00481	0.00591	0.00363	0.00352	0.00650	0.00991	0.01268	0.24260	0.18094	0.47936	0.01056	0.00504	0.00144	0.00215	0.00908	0.00409	0.00363
9	0.01026	0.00886	0.00932	0.00840	0.01074	0.01021	0.00653	0.02175	0.78912	0.01736	0.01803	0.01658	0.04226	0.00588	0.00430	0.00143	0.00328	0.00490	0.00426	0.00654
10	0.01598	0.01177	0.01262	0.00967	0.01304	0.01304	0.00799	0.81202	0.01976	0.02649	0.01009	0.01009	0.00715	0.00505	0.00421	0.00126	0.00463	0.00378	0.00421	0.00715
11	0.00611	0.00408	0.00458	0.00458	0.00458	0.00408	0.00255	0.00611	0.00611	0.00815	0.01325	0.02751	0.01528	0.85226	0.02140	0.00408	0.00408	0.00611	0.00255	0.00255
12	0.88196	0.00813	0.00618	0.00553	0.00813	0.00943	0.00455	0.01236	0.00715	0.01886	0.00585	0.00683	0.00455	0.00390	0.00260	0.00130	0.00325	0.00228	0.00260	0.00455
13	0.01598	0.01177	0.01262	0.00967	0.01304	0.01304	0.00799	0.81202	0.01976	0.02649	0.01009	0.01009	0.00715	0.00505	0.00421	0.00126	0.00463	0.00378	0.00421	0.00715
14	0.88196	0.00813	0.00618	0.00553	0.00813	0.00943	0.00455	0.01236	0.00715	0.01886	0.00585	0.00683	0.00455	0.00390	0.00260	0.00130	0.00325	0.00228	0.00260	0.00455
15	0.00784	0.00392	0.00392	0.00392	0.00490	0.00392	0.00294	0.00980	0.00882	0.01567	0.01371	0.01567	0.01077	0.00490	0.00294	0.00098	0.00196	0.00392	0.87560	0.00392
16	0.01867	0.00746	0.00995	0.00763	0.01089	0.00664	0.00630	0.07361	0.01255	0.77510	0.01615	0.01403	0.01019	0.00519	0.00423	0.00130	0.00365	0.00420	0.00514	0.00715
17	0.00842	0.00762	0.01236	0.35995	0.24146	0.00837	0.03459	0.03822	0.00912	0.01219	0.02522	0.06636	0.04791	0.07377	0.00578	0.00161	0.00484	0.03480	0.00241	0.00499
18	0.00920	0.03945	0.14791	0.08558	0.07896	0.00754	0.00815	0.02510	0.02525	0.04223	0.00895	0.02530	0.02162	0.00391	0.00359	0.00096	0.00408	0.00322	0.00247	0.45655
19	0.81201	0.00909	0.00664	0.00596	0.00852	0.07612	0.00484	0.01271	0.00754	0.01817	0.00591	0.00689	0.00462	0.00394	0.00270	0.00128	0.00360	0.00231	0.00257	0.00458

[dist]
# distance from previous block
# <min> <max>
0	2

[block]
# block no. 11 follows, 63 sequences, length 19
# corresponding to MSA columns:
# 882-900
name=unknown_L
#
# <colnr> <probs for GDERKNQSTAVLIFYWHMCP>
#	G	D	E	R	K	N	Q	S	T	A	V	L	I	F	Y	W	H	M	C	P
0	0.00650	0.00513	0.00630	0.00620	0.00687	0.04569	0.00453	0.00768	0.00761	0.01043	0.13101	0.02099	0.01573	0.23070	0.47019	0.00501	0.00793	0.00527	0.00267	0.00354
1	0.00926	0.00745	0.00877	0.00629	0.01000	0.00563	0.00505	0.01111	0.00889	0.05721	0.00796	0.00902	0.00645	0.00322	0.00317	0.00066	0.00314	0.00258	0.00264	0.83149
2	0.01124	0.85479	0.02203	0.00719	0.01079	0.01663	0.00719	0.01259	0.00854	0.00989	0.00584	0.00674	0.00539	0.00360	0.00270	0.00090	0.00450	0.00225	0.00180	0.00539
3	0.00591	0.00430	0.00556	0.00524	0.00625	0.00395	0.00393	0.00785	0.01180	0.01662	0.79016	0.03179	0.07347	0.00868	0.00496	0.00133	0.00199	0.00766	0.00460	0.00395
4	0.00602	0.00444	0.00646	0.00646	0.00710	0.00509	0.00488	0.00731	0.00667	0.00954	0.01153	0.01804	0.01117	0.14514	0.72290	0.00638	0.01027	0.00473	0.00229	0.00359
5	0.00995	0.00854	0.00904	0.00817	0.01042	0.00977	0.00634	0.02077	0.73564	0.01724	0.06131	0.01774	0.05426	0.00610	0.00435	0.00142	0.00320	0.00511	0.00428	0.00636
6	0.01011	0.01092	0.03177	0.45771	0.22014	0.17507	0.01135	0.01254	0.00940	0.01144	0.00738	0.01023	0.00582	0.00411	0.00411	0.00130	0.00586	0.00352	0.00198	0.00523
7	0.00557	0.00432	0.00511	0.00525	0.00624	0.00397	0.00380	0.00734	0.04895	0.01313	0.27051	0.27639	0.31300	0.01054	0.00505	0.00148	0.00224	0.00920	0.00414	0.00378
8	0.01475	0.01069	0.01471	0.04789	0.03406	0.01117	0.17080	0.46437	0.01574	0.15658	0.01069	0.01110	0.00746	0.00470	0.00436	0.00131	0.00500	0.00409	0.00380	0.00673
9	0.00736	0.00631	0.00888	0.02813	0.00884	0.00808	0.00644	0.00830	0.00652	0.00957	0.00912	0.01523	0.00912	0.15760	0.32963	0.03541	0.33513	0.00440	0.00212	0.00384
10	0.00610	0.00462	0.00687	0.00682	0.00753	0.00544	0.00529	0.00754	0.00673	0.00973	0.01115	0.01660	0.01050	0.05266	0.79106	0.00655	0.03430	0.00452	0.00225	0.00374
11	0.00635	0.00492	0.00658	0.11470	0.00973	0.00500	0.00540	0.03139	0.03416	0.01314	0.21066	0.30250	0.12228	0.00997	0.00506	0.00155	0.00297	0.10582	0.00382	0.00399
12	0.01208	0.03510	0.03561	0.01268	0.18856	0.14023	0.04123	0.15478	0.03032	0.05113	0.00845	0.00962	0.00663	0.00409	0.00405	0.00108	0.02404	0.00329	0.00275	0.23427
13	0.00730	0.00365	0.00548	0.00548	0.00548	0.00365	0.00365	0.00548	0.00548	0.00730	0.00730	0.01278	0.00730	0.01460	0.01643	0.87769	0.00365	0.00365	0.00183	0.00183
14	0.00500	0.00426	0.00431	0.00430	0.00570	0.00356	0.00322	0.00610	0.00967	0.01156	0.07130	0.04012	0.79550	0.01057	0.00497	0.00142	0.00212	0.00883	0.00393	0.00356
15	0.00902	0.08492	0.05860	0.17136	0.13321	0.09382	0.08017	0.01119	0.00908	0.01178	0.06986	0.07710	0.01090	0.00862	0.10643	0.00200	0.03740	0.01722	0.00238	0.00494
16	0.03671	0.22737	0.06286	0.04723	0.13841	0.15751	0.00873	0.06425	0.03946	0.11797	0.02385	0.01035	0.00749	0.00447	0.00396	0.00118	0.02567	0.01402	0.00269	0.00581
17	0.01048	0.00978	0.01285	0.01212	0.11101	0.06555	0.11956	0.01666	0.34858	0.04386	0.05602	0.01465	0.02355	0.00559	0.00567	0.00143	0.11734	0.01610	0.00328	0.00591
18	0.00553	0.00449	0.00497	0.00510	0.00637	0.00404	0.00391	0.00723	0.04529	0.01220	0.10432	0.10725	0.55675	0.01058	0.00507	0.00150	0.00241	0.10527	0.00398	0.00375

[dist]
# distance from previous block
# <min> <max>
0	103

# created by:
# /st0/software/busco_prod/Augustus/scripts/msa2prfl.pl ./align_prep/107413.fa
