[name]
unknown

[dist]
# distance from previous block
# <min> <max>
0	60

[block]
# block no. 0 follows, 52 sequences, length 14
# corresponding to MSA columns:
# 389-391,395-405
name=unknown_A
#
# <colnr> <probs for GDERKNQSTAVLIFYWHMCP>
#	G	D	E	R	K	N	Q	S	T	A	V	L	I	F	Y	W	H	M	C	P
0	0.01058	0.01011	0.01617	0.37841	0.36455	0.03793	0.01346	0.01351	0.01054	0.01405	0.01024	0.01592	0.00880	0.00535	0.00496	0.00158	0.00606	0.06900	0.00247	0.00631
1	0.05295	0.00954	0.02994	0.09031	0.13779	0.05976	0.00851	0.09638	0.08303	0.01643	0.01820	0.20350	0.08142	0.01868	0.00549	0.00166	0.01675	0.02384	0.04004	0.00579
2	0.01009	0.00839	0.02906	0.07849	0.04656	0.04295	0.05056	0.03657	0.04622	0.08439	0.06465	0.09531	0.10608	0.06587	0.13357	0.00283	0.05595	0.03349	0.00362	0.00536
3	0.00596	0.00471	0.00537	0.00565	0.00680	0.00412	0.00407	0.00723	0.01092	0.01385	0.15778	0.28146	0.44935	0.01279	0.00586	0.00172	0.00254	0.01108	0.00463	0.00412
4	0.08981	0.00795	0.00998	0.09692	0.04607	0.00852	0.02012	0.14572	0.01225	0.07885	0.05749	0.14253	0.07342	0.04448	0.05117	0.00206	0.02843	0.00654	0.07209	0.00561
5	0.03580	0.09097	0.13540	0.15949	0.27990	0.05901	0.03968	0.06109	0.01131	0.01539	0.00984	0.04249	0.00840	0.00521	0.00468	0.00149	0.00607	0.02455	0.00258	0.00664
6	0.01238	0.01141	0.05141	0.12334	0.57078	0.01106	0.01385	0.01580	0.04522	0.08239	0.01035	0.01268	0.00814	0.00464	0.00481	0.00148	0.00568	0.00438	0.00277	0.00742
7	0.00606	0.00487	0.00541	0.00539	0.00678	0.00422	0.00400	0.00757	0.01168	0.01485	0.26119	0.10285	0.52447	0.01182	0.00576	0.00163	0.00243	0.01008	0.00474	0.00422
8	0.00971	0.00707	0.00770	0.02594	0.00927	0.04367	0.00549	0.07402	0.08589	0.06999	0.08381	0.23300	0.13704	0.06902	0.02699	0.00199	0.00380	0.00833	0.09214	0.00512
9	0.07904	0.19282	0.21028	0.03673	0.11549	0.04756	0.07929	0.02980	0.01049	0.01515	0.00837	0.01021	0.00671	0.00449	0.00446	0.00133	0.02827	0.00356	0.02329	0.09267
10	0.01301	0.03285	0.01309	0.03567	0.01346	0.02484	0.08097	0.18859	0.01369	0.13202	0.11362	0.07211	0.03854	0.00921	0.06194	0.00199	0.09204	0.00583	0.00405	0.05246
11	0.00921	0.00640	0.00787	0.00807	0.03364	0.00642	0.00567	0.08074	0.09034	0.07367	0.06164	0.38020	0.09366	0.07839	0.02579	0.00215	0.00369	0.02283	0.00449	0.00512
12	0.09295	0.07037	0.05182	0.08487	0.10198	0.04959	0.13497	0.05707	0.01119	0.04493	0.01349	0.06045	0.07610	0.00584	0.00492	0.00144	0.02517	0.00506	0.00303	0.10472
13	0.01240	0.07085	0.05778	0.07109	0.12873	0.15600	0.04821	0.07482	0.05151	0.03426	0.04478	0.05634	0.05503	0.00639	0.00542	0.01982	0.03406	0.00502	0.02400	0.04350

[dist]
# distance from previous block
# <min> <max>
39	79

[block]
# block no. 1 follows, 52 sequences, length 23
# corresponding to MSA columns:
# 498-520
name=unknown_B
#
# <colnr> <probs for GDERKNQSTAVLIFYWHMCP>
#	G	D	E	R	K	N	Q	S	T	A	V	L	I	F	Y	W	H	M	C	P
0	0.05572	0.07433	0.10451	0.04140	0.14214	0.16564	0.02813	0.15342	0.02784	0.09751	0.02327	0.01303	0.04129	0.00538	0.00458	0.00142	0.00597	0.00423	0.00336	0.00686
1	0.03537	0.05128	0.13086	0.05845	0.09919	0.18811	0.02741	0.05627	0.04110	0.05497	0.01023	0.02817	0.00843	0.03121	0.04092	0.00179	0.04966	0.00414	0.02267	0.05978
2	0.04066	0.14258	0.09874	0.11325	0.10683	0.10040	0.03031	0.06789	0.02263	0.12108	0.02179	0.02906	0.00876	0.00610	0.02840	0.00159	0.01626	0.00415	0.00310	0.03641
3	0.01183	0.02480	0.08883	0.09535	0.18787	0.06301	0.06663	0.08125	0.07192	0.04856	0.06255	0.04950	0.02362	0.03440	0.00627	0.00168	0.05026	0.02195	0.00325	0.00646
4	0.00708	0.00518	0.00617	0.00613	0.00739	0.00477	0.00455	0.00880	0.02651	0.04845	0.25054	0.18434	0.33525	0.03588	0.00656	0.00178	0.01991	0.03158	0.00471	0.00445
5	0.01212	0.01213	0.13251	0.02779	0.01359	0.04381	0.04378	0.21226	0.04657	0.04751	0.08149	0.01856	0.07724	0.04976	0.03188	0.00188	0.05822	0.00534	0.07732	0.00624
6	0.00677	0.00471	0.00527	0.00533	0.00563	0.00456	0.00318	0.00706	0.00795	0.01037	0.03895	0.08057	0.14060	0.63616	0.02021	0.00399	0.00418	0.00797	0.00333	0.00321
7	0.02890	0.07907	0.09742	0.03016	0.10076	0.12532	0.09540	0.15817	0.02760	0.04542	0.02582	0.03302	0.00873	0.00576	0.00623	0.00153	0.11652	0.00444	0.00307	0.00665
8	0.00623	0.00468	0.00575	0.00609	0.00702	0.00424	0.00438	0.00763	0.01110	0.01467	0.26098	0.33512	0.24526	0.03021	0.00633	0.00181	0.00265	0.03695	0.00471	0.00416
9	0.01336	0.16446	0.06617	0.06917	0.06510	0.24119	0.06332	0.05830	0.02849	0.01423	0.00914	0.03225	0.00774	0.00559	0.01732	0.00143	0.04028	0.00390	0.02705	0.07151
10	0.01060	0.01070	0.05691	0.41182	0.21341	0.02917	0.04928	0.01404	0.03346	0.03237	0.00970	0.01337	0.00765	0.00484	0.00480	0.00151	0.00608	0.02027	0.00250	0.06752
11	0.02556	0.16143	0.13810	0.03613	0.01674	0.21281	0.10559	0.12052	0.04826	0.01589	0.00960	0.01185	0.00777	0.00595	0.02550	0.00158	0.02220	0.02525	0.00283	0.00644
12	0.01087	0.04448	0.10680	0.05589	0.12261	0.04302	0.06102	0.06817	0.06724	0.04390	0.06183	0.03193	0.12135	0.02310	0.02400	0.00176	0.04133	0.04376	0.00342	0.02350
13	0.00708	0.00475	0.00566	0.00571	0.00604	0.00483	0.00363	0.00770	0.00788	0.01100	0.03998	0.07419	0.04280	0.53869	0.14436	0.00454	0.00555	0.00708	0.07510	0.00343
14	0.00705	0.00511	0.00606	0.00593	0.00736	0.00457	0.00453	0.00873	0.01188	0.05016	0.30376	0.06368	0.38269	0.02885	0.02931	0.00189	0.00298	0.06625	0.00477	0.00445
15	0.01179	0.01397	0.14726	0.06295	0.53820	0.03217	0.04866	0.03550	0.03366	0.01599	0.00938	0.01188	0.00754	0.00450	0.00480	0.00147	0.00614	0.00426	0.00247	0.00739
16	0.03238	0.14589	0.19477	0.01241	0.03040	0.12513	0.08151	0.15774	0.12404	0.01781	0.01034	0.01126	0.00791	0.00511	0.00473	0.00144	0.02311	0.00398	0.00310	0.00694
17	0.00745	0.00511	0.00614	0.00610	0.00737	0.00468	0.00449	0.00946	0.03830	0.05974	0.28671	0.22884	0.24564	0.01127	0.00562	0.00164	0.00262	0.00981	0.05442	0.00459
18	0.00605	0.00435	0.00566	0.00661	0.00701	0.00406	0.00447	0.00697	0.00950	0.01261	0.05785	0.68690	0.07618	0.05575	0.00709	0.00208	0.00291	0.03557	0.00445	0.00394
19	0.01128	0.09800	0.36819	0.04501	0.08344	0.02862	0.11545	0.08224	0.03472	0.01614	0.00986	0.02384	0.00777	0.03110	0.00529	0.00158	0.00649	0.00425	0.01992	0.00680
20	0.03266	0.08479	0.08307	0.01209	0.04967	0.21950	0.04161	0.14116	0.06048	0.01656	0.00956	0.01138	0.00777	0.02430	0.01594	0.00157	0.10061	0.00389	0.03218	0.05120
21	0.06340	0.07047	0.01242	0.03627	0.05586	0.23464	0.03226	0.08484	0.02953	0.03361	0.01693	0.01822	0.15401	0.04237	0.00564	0.00153	0.02134	0.00500	0.03902	0.04264
22	0.02802	0.02306	0.10351	0.03830	0.05595	0.04304	0.06935	0.06759	0.07830	0.04219	0.04298	0.10156	0.07371	0.05840	0.03654	0.00196	0.00514	0.02748	0.05864	0.04427

[dist]
# distance from previous block
# <min> <max>
4	32

[block]
# block no. 2 follows, 52 sequences, length 39
# corresponding to MSA columns:
# 554-591,593
name=unknown_C
#
# <colnr> <probs for GDERKNQSTAVLIFYWHMCP>
#	G	D	E	R	K	N	Q	S	T	A	V	L	I	F	Y	W	H	M	C	P
0	0.01187	0.05539	0.11674	0.10222	0.03712	0.14406	0.06116	0.05108	0.02293	0.06442	0.02490	0.05729	0.07328	0.06265	0.01852	0.00177	0.02088	0.00522	0.02054	0.04796
1	0.04997	0.08162	0.03605	0.03006	0.14780	0.14836	0.02369	0.10803	0.07693	0.03937	0.02872	0.03112	0.05142	0.02386	0.03788	0.00178	0.00584	0.04867	0.00336	0.02546
2	0.11370	0.04585	0.04138	0.07023	0.18587	0.07250	0.03110	0.08107	0.03951	0.07415	0.02216	0.01162	0.00817	0.00480	0.00454	0.00133	0.02223	0.00386	0.00312	0.16283
3	0.01168	0.01460	0.17432	0.09041	0.39513	0.06036	0.06490	0.04090	0.01125	0.01557	0.00928	0.01234	0.00754	0.00473	0.00500	0.00148	0.02130	0.01936	0.00245	0.03741
4	0.01337	0.01476	0.01532	0.07480	0.26363	0.29173	0.01123	0.01553	0.02433	0.01377	0.05372	0.01215	0.00917	0.00564	0.00655	0.00149	0.14341	0.00413	0.00259	0.02269
5	0.00684	0.00538	0.00636	0.00615	0.00768	0.00486	0.00472	0.00905	0.03961	0.01592	0.32149	0.06763	0.32927	0.01150	0.02621	0.00176	0.00296	0.07411	0.00468	0.05383
6	0.00632	0.00477	0.00583	0.00590	0.00699	0.00429	0.00430	0.00797	0.01194	0.01601	0.40702	0.21875	0.25867	0.01179	0.00583	0.00166	0.00245	0.01032	0.00490	0.00429
7	0.00665	0.00504	0.00601	0.00579	0.00703	0.00460	0.00429	0.00865	0.02801	0.01657	0.47075	0.03905	0.27530	0.07778	0.00727	0.00183	0.00261	0.02356	0.00485	0.00435
8	0.01100	0.21731	0.57282	0.01234	0.01859	0.01336	0.01511	0.05950	0.01086	0.01528	0.00840	0.00973	0.00628	0.00456	0.00426	0.00141	0.00658	0.00339	0.00221	0.00700
9	0.00786	0.00505	0.00637	0.00621	0.00669	0.00524	0.00410	0.00848	0.00766	0.05577	0.01482	0.02710	0.01567	0.54867	0.25475	0.00542	0.00710	0.00638	0.00301	0.00365
10	0.01840	0.01412	0.01450	0.01123	0.01503	0.06096	0.00922	0.73918	0.02226	0.02946	0.01140	0.01147	0.00813	0.00577	0.00482	0.00144	0.00553	0.00429	0.00471	0.00809
11	0.01842	0.01357	0.01454	0.01115	0.01503	0.01503	0.00921	0.78330	0.02278	0.03054	0.01163	0.01163	0.00824	0.00582	0.00485	0.00145	0.00533	0.00436	0.00485	0.00824
12	0.01005	0.00861	0.01005	0.00718	0.01148	0.00646	0.00574	0.01220	0.01005	0.01579	0.00861	0.01005	0.00718	0.00359	0.00359	0.00072	0.00359	0.00287	0.00287	0.85932
13	0.01810	0.02310	0.01373	0.01248	0.01498	0.81024	0.00936	0.01935	0.01373	0.01186	0.00749	0.00874	0.00624	0.00499	0.00437	0.00125	0.00874	0.00312	0.00250	0.00562
14	0.00584	0.00491	0.00506	0.00502	0.00661	0.00414	0.00377	0.00716	0.01130	0.01369	0.12026	0.04564	0.72595	0.01205	0.00573	0.00163	0.00244	0.01009	0.00458	0.00414
15	0.02174	0.00825	0.01125	0.00862	0.01237	0.00712	0.00712	0.02362	0.01387	0.80282	0.01912	0.01649	0.01200	0.00600	0.00487	0.00150	0.00412	0.00487	0.00600	0.00825
16	0.01199	0.01151	0.01967	0.02974	0.79946	0.01151	0.01487	0.01487	0.01103	0.01583	0.00912	0.01199	0.00768	0.00432	0.00480	0.00144	0.00576	0.00432	0.00240	0.00768
17	0.01005	0.00861	0.01005	0.00718	0.01148	0.00646	0.00574	0.01220	0.01005	0.01579	0.00861	0.01005	0.00718	0.00359	0.00359	0.00072	0.00359	0.00287	0.00287	0.85932
18	0.00701	0.00470	0.00527	0.00527	0.00532	0.00468	0.00296	0.00704	0.00716	0.00950	0.01624	0.03214	0.03989	0.80634	0.02412	0.00461	0.00463	0.00714	0.00298	0.00297
19	0.01060	0.01060	0.01484	0.01272	0.01272	0.01484	0.01060	0.01166	0.00742	0.01166	0.00636	0.01060	0.00636	0.00848	0.01590	0.00212	0.82082	0.00424	0.00212	0.00530
20	0.00815	0.00521	0.00677	0.00662	0.00785	0.00483	0.00501	0.00994	0.01204	0.09058	0.39858	0.14823	0.09984	0.06467	0.02349	0.00201	0.00317	0.09344	0.00490	0.00467
21	0.86392	0.00937	0.00712	0.00637	0.00937	0.01087	0.00525	0.01425	0.00825	0.02174	0.00675	0.00787	0.00525	0.00450	0.00300	0.00150	0.00375	0.00262	0.00300	0.00525
22	0.01086	0.01103	0.01480	0.01271	0.01280	0.04232	0.01056	0.01193	0.00764	0.01167	0.00640	0.01054	0.00636	0.00836	0.01550	0.00209	0.79277	0.00420	0.00213	0.00531
23	0.00596	0.00426	0.00558	0.00661	0.00692	0.00398	0.00439	0.00677	0.00920	0.01222	0.02666	0.76012	0.05197	0.06150	0.00723	0.00211	0.00291	0.01330	0.00441	0.00388
24	0.00915	0.00861	0.01453	0.81804	0.03338	0.01077	0.01346	0.01238	0.00969	0.01238	0.00861	0.01292	0.00646	0.00484	0.00484	0.00161	0.00646	0.00431	0.00215	0.00538
25	0.01842	0.01357	0.01454	0.01115	0.01503	0.01503	0.00921	0.78330	0.02278	0.03054	0.01163	0.01163	0.00824	0.00582	0.00485	0.00145	0.00533	0.00436	0.00485	0.00824
26	0.01240	0.01033	0.01097	0.00982	0.01259	0.01188	0.00765	0.02567	0.76305	0.04813	0.01970	0.01802	0.01469	0.00655	0.00493	0.00164	0.00385	0.00546	0.00497	0.00769
27	0.00584	0.00494	0.00506	0.00509	0.00670	0.00416	0.00386	0.00713	0.01111	0.01330	0.06595	0.04670	0.74969	0.01226	0.00576	0.00166	0.00253	0.03962	0.00452	0.00412
28	0.00595	0.00501	0.00517	0.00514	0.00673	0.00428	0.00385	0.00750	0.02672	0.01373	0.10786	0.05979	0.70758	0.01202	0.00572	0.00163	0.00248	0.01008	0.00458	0.00420
29	0.86392	0.00937	0.00712	0.00637	0.00937	0.01087	0.00525	0.01425	0.00825	0.02174	0.00675	0.00787	0.00525	0.00450	0.00300	0.00150	0.00375	0.00262	0.00300	0.00525
30	0.01785	0.02268	0.01377	0.01249	0.01491	0.78359	0.00940	0.01909	0.01352	0.01185	0.00745	0.00880	0.00625	0.00511	0.00476	0.00128	0.03594	0.00316	0.00248	0.00561
31	0.00739	0.00501	0.00609	0.00596	0.00647	0.00514	0.00396	0.02454	0.00881	0.01245	0.13713	0.02850	0.02036	0.46813	0.16985	0.00445	0.00573	0.00671	0.06964	0.00369
32	0.00629	0.00478	0.00550	0.00572	0.00692	0.00419	0.00414	0.00759	0.01102	0.03005	0.16341	0.27392	0.43394	0.01262	0.00584	0.00171	0.00257	0.01093	0.00467	0.00421
33	0.08388	0.00976	0.01182	0.00913	0.01286	0.00952	0.00754	0.22670	0.01584	0.53720	0.01618	0.01455	0.01048	0.00584	0.00473	0.00149	0.00442	0.00457	0.00546	0.00802
34	0.01810	0.02310	0.01373	0.01248	0.01498	0.81024	0.00936	0.01935	0.01373	0.01186	0.00749	0.00874	0.00624	0.00499	0.00437	0.00125	0.00874	0.00312	0.00250	0.00562
35	0.00601	0.00463	0.00530	0.00570	0.00673	0.00410	0.00404	0.00717	0.01045	0.01335	0.09688	0.34215	0.40524	0.03388	0.00632	0.00182	0.00263	0.01123	0.02832	0.00405
36	0.01333	0.01441	0.01258	0.01155	0.02930	0.33221	0.00883	0.02616	0.02589	0.03460	0.02425	0.05230	0.00964	0.03070	0.08381	0.00227	0.25634	0.00456	0.02188	0.00540
37	0.01375	0.10975	0.15366	0.04099	0.08348	0.05943	0.09404	0.18065	0.09575	0.06696	0.01124	0.02628	0.00861	0.00535	0.00501	0.00148	0.02871	0.00440	0.00334	0.00712
38	0.00828	0.00697	0.02144	0.03625	0.04839	0.00775	0.02263	0.00992	0.04906	0.01153	0.01353	0.08292	0.01415	0.31793	0.16542	0.02851	0.14184	0.00628	0.00286	0.00435

[dist]
# distance from previous block
# <min> <max>
2	4

[block]
# block no. 3 follows, 52 sequences, length 27
# corresponding to MSA columns:
# 598-621,623-625
name=unknown_D
#
# <colnr> <probs for GDERKNQSTAVLIFYWHMCP>
#	G	D	E	R	K	N	Q	S	T	A	V	L	I	F	Y	W	H	M	C	P
0	0.01358	0.14669	0.06342	0.12002	0.21439	0.19193	0.04499	0.08558	0.04676	0.01527	0.00901	0.01089	0.00723	0.00475	0.00448	0.00138	0.00649	0.00384	0.00265	0.00666
1	0.00714	0.00531	0.00669	0.00629	0.00756	0.00504	0.00473	0.01013	0.06501	0.01916	0.70719	0.03553	0.08215	0.00981	0.00566	0.00154	0.00240	0.00862	0.00527	0.00475
2	0.01056	0.00944	0.02490	0.03700	0.14890	0.02426	0.00839	0.03565	0.35041	0.01825	0.16990	0.04028	0.05257	0.02747	0.00562	0.00166	0.00408	0.01982	0.00430	0.00656
3	0.01025	0.00973	0.01651	0.51424	0.32862	0.01105	0.01400	0.01334	0.01021	0.01371	0.00881	0.01256	0.00693	0.00464	0.00483	0.00155	0.00619	0.00431	0.00225	0.00627
4	0.00608	0.00468	0.00560	0.00620	0.00716	0.00421	0.00452	0.00730	0.01041	0.01322	0.07063	0.38656	0.34738	0.01355	0.00603	0.00184	0.00282	0.09320	0.00453	0.00409
5	0.01785	0.02257	0.01362	0.01237	0.01488	0.77691	0.00929	0.01962	0.04618	0.01221	0.00800	0.00913	0.00660	0.00506	0.00439	0.00126	0.00853	0.00322	0.00260	0.00570
6	0.00692	0.00519	0.00779	0.00779	0.00865	0.00606	0.00606	0.00865	0.00779	0.01125	0.01298	0.01904	0.01211	0.03634	0.81049	0.00779	0.01298	0.00519	0.00260	0.00433
7	0.00590	0.00422	0.00562	0.00675	0.00703	0.00394	0.00450	0.00675	0.00928	0.01237	0.02671	0.82653	0.03205	0.01518	0.00619	0.00197	0.00281	0.01378	0.00450	0.00394
8	0.86392	0.00937	0.00712	0.00637	0.00937	0.01087	0.00525	0.01425	0.00825	0.02174	0.00675	0.00787	0.00525	0.00450	0.00300	0.00150	0.00375	0.00262	0.00300	0.00525
9	0.01296	0.83261	0.02539	0.00829	0.01244	0.01917	0.00829	0.01451	0.00985	0.01140	0.00674	0.00777	0.00622	0.00415	0.00311	0.00104	0.00518	0.00259	0.00207	0.00622
10	0.00835	0.00425	0.00638	0.00638	0.00641	0.00429	0.00429	0.00641	0.00638	0.00854	0.00861	0.01491	0.00857	0.01766	0.05231	0.82312	0.00458	0.00425	0.00213	0.00220
11	0.86392	0.00937	0.00712	0.00637	0.00937	0.01087	0.00525	0.01425	0.00825	0.02174	0.00675	0.00787	0.00525	0.00450	0.00300	0.00150	0.00375	0.00262	0.00300	0.00525
12	0.01228	0.01033	0.01130	0.01057	0.04542	0.01171	0.00789	0.02480	0.71003	0.04350	0.01891	0.01752	0.01417	0.00637	0.00488	0.00160	0.00392	0.00533	0.00479	0.03467
13	0.01144	0.01307	0.02859	0.02042	0.02533	0.01225	0.78186	0.01552	0.01144	0.01552	0.00980	0.01307	0.00735	0.00408	0.00572	0.00163	0.00817	0.00572	0.00245	0.00654
14	0.00684	0.00475	0.00554	0.00558	0.00587	0.00473	0.00343	0.00724	0.00782	0.01039	0.04248	0.07085	0.09577	0.60890	0.09618	0.00446	0.00510	0.00756	0.00321	0.00328
15	0.86392	0.00937	0.00712	0.00637	0.00937	0.01087	0.00525	0.01425	0.00825	0.02174	0.00675	0.00787	0.00525	0.00450	0.00300	0.00150	0.00375	0.00262	0.00300	0.00525
16	0.00644	0.00457	0.00594	0.00660	0.00696	0.00452	0.00448	0.00728	0.00866	0.01160	0.02243	0.44891	0.04423	0.22768	0.11766	0.00345	0.00474	0.05623	0.00384	0.00377
17	0.00648	0.00493	0.00601	0.00635	0.00733	0.00460	0.00457	0.00850	0.05138	0.01489	0.23703	0.36889	0.21687	0.01259	0.00590	0.00176	0.00268	0.03013	0.00474	0.00435
18	0.01137	0.01102	0.02112	0.03837	0.19243	0.01077	0.38800	0.03380	0.01140	0.05259	0.02758	0.06002	0.02971	0.00638	0.02193	0.00176	0.03438	0.03794	0.00295	0.00647
19	0.00640	0.00469	0.00607	0.00641	0.00723	0.00440	0.00462	0.00791	0.01106	0.01503	0.31541	0.34697	0.12348	0.03109	0.05731	0.00220	0.00332	0.03755	0.00466	0.00421
20	0.86392	0.00937	0.00712	0.00637	0.00937	0.01087	0.00525	0.01425	0.00825	0.02174	0.00675	0.00787	0.00525	0.00450	0.00300	0.00150	0.00375	0.00262	0.00300	0.00525
21	0.00657	0.00484	0.00623	0.00665	0.00760	0.00449	0.00503	0.00824	0.01146	0.01536	0.29937	0.28482	0.15249	0.01255	0.00605	0.00181	0.00289	0.15447	0.00478	0.00428
22	0.01188	0.22263	0.28246	0.03329	0.14552	0.05738	0.11199	0.03891	0.02555	0.01476	0.00864	0.01043	0.00680	0.00448	0.00441	0.00139	0.00652	0.00378	0.00233	0.00685
23	0.00902	0.09185	0.04632	0.00993	0.04086	0.00831	0.05557	0.04811	0.01082	0.02642	0.04021	0.25208	0.06122	0.03023	0.00674	0.00189	0.05237	0.19913	0.00381	0.00510
24	0.02658	0.05090	0.06327	0.01007	0.06316	0.06686	0.00768	0.09808	0.05183	0.07549	0.03213	0.32876	0.01943	0.00962	0.00527	0.00167	0.00437	0.05046	0.02867	0.00571
25	0.15167	0.09264	0.03412	0.05225	0.09762	0.42406	0.05233	0.01698	0.01181	0.01413	0.00768	0.00933	0.00630	0.00470	0.00418	0.00134	0.00712	0.00333	0.00250	0.00591
26	0.00746	0.00579	0.00717	0.00715	0.02769	0.00559	0.00523	0.00972	0.05281	0.03328	0.21368	0.12475	0.26653	0.02986	0.09254	0.00235	0.03022	0.02686	0.00431	0.04700

[dist]
# distance from previous block
# <min> <max>
1	27

[block]
# block no. 4 follows, 52 sequences, length 19
# corresponding to MSA columns:
# 653-671
name=unknown_E
#
# <colnr> <probs for GDERKNQSTAVLIFYWHMCP>
#	G	D	E	R	K	N	Q	S	T	A	V	L	I	F	Y	W	H	M	C	P
0	0.01241	0.22299	0.21081	0.01272	0.06235	0.05160	0.09681	0.09859	0.05755	0.03720	0.01094	0.05731	0.00919	0.00547	0.00450	0.00142	0.00591	0.01636	0.01915	0.00671
1	0.00713	0.00595	0.00633	0.00682	0.00785	0.05321	0.00511	0.00835	0.01035	0.01277	0.03179	0.25870	0.28849	0.09357	0.00786	0.00214	0.00361	0.18164	0.00422	0.00411
2	0.01216	0.01290	0.05651	0.11052	0.32081	0.09426	0.14019	0.07480	0.03724	0.01599	0.01081	0.07157	0.00932	0.00541	0.00501	0.00152	0.00630	0.00512	0.00280	0.00676
3	0.01336	0.07810	0.11856	0.07018	0.15557	0.19515	0.09407	0.06359	0.04003	0.05239	0.01158	0.03803	0.03732	0.00539	0.00474	0.00144	0.00650	0.00455	0.00290	0.00656
4	0.01549	0.19682	0.03501	0.03812	0.04958	0.37785	0.02404	0.07715	0.01293	0.04885	0.00942	0.01231	0.00805	0.00544	0.00461	0.00134	0.02446	0.04956	0.00283	0.00613
5	0.01076	0.00887	0.01028	0.00751	0.01169	0.00709	0.00601	0.03842	0.05779	0.03779	0.00967	0.01076	0.00780	0.00391	0.00375	0.00082	0.00367	0.00313	0.00314	0.75713
6	0.00602	0.00490	0.00537	0.00558	0.00699	0.00425	0.00423	0.00736	0.01101	0.01352	0.08731	0.13372	0.59247	0.01257	0.00587	0.00173	0.00268	0.08573	0.00454	0.00414
7	0.03999	0.01558	0.19331	0.10437	0.29604	0.09421	0.10036	0.05631	0.01162	0.02958	0.00911	0.01141	0.00705	0.00460	0.00476	0.00148	0.00661	0.00414	0.00252	0.00694
8	0.01310	0.03699	0.05718	0.02378	0.05648	0.02275	0.02132	0.14923	0.18814	0.14336	0.03373	0.15922	0.05788	0.00782	0.00510	0.00160	0.00439	0.00665	0.00447	0.00678
9	0.00602	0.00430	0.00576	0.00688	0.00721	0.00404	0.00470	0.00695	0.00939	0.01250	0.02664	0.77882	0.03179	0.01507	0.00622	0.00198	0.00291	0.06032	0.00450	0.00397
10	0.00711	0.00546	0.00800	0.00792	0.00866	0.00644	0.00611	0.00868	0.00778	0.01122	0.01321	0.04898	0.01279	0.07515	0.69186	0.00707	0.06104	0.00555	0.00266	0.00430
11	0.01229	0.12407	0.19361	0.04297	0.26758	0.09395	0.06500	0.05609	0.04774	0.01551	0.01025	0.01199	0.02818	0.00482	0.00459	0.00142	0.00628	0.00411	0.00259	0.00695
12	0.01935	0.00860	0.01102	0.00863	0.01207	0.00797	0.00706	0.11683	0.03999	0.59208	0.07052	0.01797	0.03158	0.00639	0.00491	0.00149	0.00406	0.00520	0.02648	0.00780
13	0.00692	0.00519	0.00779	0.00779	0.00865	0.00606	0.00606	0.00865	0.00779	0.01125	0.01298	0.01904	0.01211	0.03634	0.81049	0.00779	0.01298	0.00519	0.00260	0.00433
14	0.00720	0.00531	0.00662	0.00616	0.00748	0.00495	0.00465	0.04156	0.01375	0.01908	0.66678	0.03651	0.14161	0.01004	0.00568	0.00154	0.00244	0.00877	0.00521	0.00467
15	0.01071	0.01041	0.08096	0.02263	0.10418	0.03754	0.00945	0.02435	0.11488	0.06669	0.01454	0.14743	0.01383	0.02526	0.07648	0.00235	0.18944	0.03955	0.00338	0.00592
16	0.07566	0.00832	0.01098	0.00848	0.01218	0.00736	0.00700	0.02302	0.01351	0.75281	0.01833	0.01594	0.01156	0.00590	0.00475	0.00150	0.00410	0.00473	0.00581	0.00806
17	0.01635	0.02000	0.01287	0.01172	0.01386	0.65701	0.00888	0.01767	0.01272	0.01219	0.00826	0.01007	0.00699	0.00720	0.05457	0.00170	0.06380	0.00341	0.05527	0.00545
18	0.01333	0.01262	0.03333	0.02223	0.44601	0.07285	0.09911	0.06157	0.10895	0.06515	0.01114	0.01284	0.00868	0.00482	0.00489	0.00148	0.00592	0.00455	0.00308	0.00745

[dist]
# distance from previous block
# <min> <max>
0	4

[block]
# block no. 5 follows, 52 sequences, length 19
# corresponding to MSA columns:
# 676-694
name=unknown_F
#
# <colnr> <probs for GDERKNQSTAVLIFYWHMCP>
#	G	D	E	R	K	N	Q	S	T	A	V	L	I	F	Y	W	H	M	C	P
0	0.01355	0.57771	0.05306	0.03043	0.04605	0.11441	0.03785	0.05377	0.01109	0.01293	0.00741	0.00867	0.00643	0.00437	0.00362	0.00116	0.00587	0.00301	0.00229	0.00633
1	0.04683	0.06222	0.08693	0.00972	0.01379	0.02408	0.05591	0.15308	0.02868	0.04989	0.01087	0.03441	0.02278	0.00503	0.00463	0.00120	0.03336	0.00399	0.00329	0.34932
2	0.05712	0.13158	0.08030	0.01075	0.01433	0.14899	0.04174	0.23425	0.08677	0.05957	0.03373	0.04070	0.01037	0.00589	0.00456	0.00143	0.00569	0.02173	0.00369	0.00681
3	0.00803	0.00623	0.00664	0.00623	0.00788	0.03486	0.00471	0.05735	0.01268	0.05052	0.26590	0.09415	0.40521	0.01083	0.00561	0.00159	0.00292	0.00918	0.00476	0.00472
4	0.05660	0.00921	0.01256	0.01105	0.04446	0.04935	0.11124	0.06472	0.06030	0.20607	0.01675	0.19787	0.01517	0.01007	0.06352	0.00210	0.03460	0.02396	0.00415	0.00623
5	0.04645	0.19402	0.29423	0.03116	0.07248	0.05936	0.09087	0.03146	0.03283	0.05239	0.01040	0.02937	0.02455	0.00500	0.00442	0.00143	0.00620	0.00409	0.00262	0.00667
6	0.01093	0.03349	0.08593	0.22855	0.37603	0.01136	0.10214	0.03146	0.01083	0.01494	0.00973	0.04498	0.00815	0.00492	0.00491	0.00153	0.00619	0.00475	0.00244	0.00673
7	0.02174	0.00825	0.01125	0.00862	0.01237	0.00712	0.00712	0.02362	0.01387	0.80282	0.01912	0.01649	0.01200	0.00600	0.00487	0.00150	0.00412	0.00487	0.00600	0.00825
8	0.01044	0.01012	0.01624	0.52194	0.29188	0.04021	0.01379	0.01348	0.01029	0.01353	0.00874	0.01245	0.00686	0.00467	0.00481	0.00154	0.00631	0.00427	0.00225	0.00617
9	0.01099	0.09435	0.38181	0.03809	0.15192	0.01179	0.09156	0.05303	0.02325	0.02906	0.01111	0.03668	0.03469	0.00516	0.00472	0.00150	0.00633	0.00447	0.00256	0.00693
10	0.00777	0.00833	0.10126	0.00702	0.00913	0.04076	0.00610	0.02692	0.01079	0.03308	0.06720	0.09931	0.39043	0.06800	0.08087	0.00238	0.00453	0.00828	0.02315	0.00468
11	0.00705	0.00470	0.00529	0.00529	0.00529	0.00470	0.00294	0.00705	0.00705	0.00940	0.01527	0.03171	0.01762	0.82969	0.02467	0.00470	0.00470	0.00705	0.00294	0.00294
12	0.01396	0.01187	0.04138	0.08722	0.08964	0.07238	0.06924	0.18383	0.11186	0.11088	0.01311	0.06239	0.01049	0.00753	0.04086	0.00185	0.05573	0.00513	0.00377	0.00687
13	0.01263	0.17073	0.09566	0.09436	0.17678	0.08558	0.09372	0.06462	0.01166	0.05678	0.01053	0.06565	0.00897	0.00535	0.00458	0.00142	0.00599	0.00462	0.02382	0.00655
14	0.00611	0.00447	0.00580	0.00678	0.00733	0.00416	0.00480	0.00718	0.00973	0.01272	0.02946	0.63236	0.12983	0.01459	0.00619	0.00196	0.00297	0.10506	0.00449	0.00402
15	0.00972	0.02507	0.80458	0.01381	0.02097	0.01125	0.01790	0.01535	0.01023	0.01535	0.00870	0.01023	0.00614	0.00460	0.00460	0.00153	0.00716	0.00358	0.00205	0.00716
16	0.03368	0.04291	0.05333	0.09316	0.10850	0.10473	0.12249	0.11964	0.08183	0.03923	0.01250	0.06610	0.02452	0.02846	0.00572	0.00161	0.02841	0.00516	0.02162	0.00643
17	0.68303	0.06936	0.04086	0.00775	0.01107	0.04396	0.04016	0.02869	0.00907	0.02025	0.00708	0.00829	0.00554	0.00450	0.00328	0.00146	0.00441	0.00285	0.00289	0.00552
18	0.01378	0.16876	0.06609	0.12241	0.08675	0.10603	0.02616	0.14327	0.09298	0.06930	0.03226	0.01317	0.02773	0.00538	0.00451	0.00141	0.00569	0.00425	0.00332	0.00675

[dist]
# distance from previous block
# <min> <max>
1	14

[block]
# block no. 6 follows, 52 sequences, length 50
# corresponding to MSA columns:
# 709-758
name=unknown_G
#
# <colnr> <probs for GDERKNQSTAVLIFYWHMCP>
#	G	D	E	R	K	N	Q	S	T	A	V	L	I	F	Y	W	H	M	C	P
0	0.06142	0.15787	0.08648	0.00917	0.01207	0.10072	0.03483	0.05090	0.05301	0.05034	0.06511	0.08825	0.09475	0.00848	0.02174	0.03380	0.00509	0.05687	0.00348	0.00563
1	0.02175	0.00724	0.00802	0.03590	0.00985	0.06292	0.00602	0.04110	0.04007	0.07983	0.03769	0.24657	0.14744	0.05299	0.07299	0.00238	0.02791	0.06936	0.02506	0.00491
2	0.02438	0.08519	0.28937	0.06158	0.14917	0.07505	0.08759	0.08880	0.02326	0.05666	0.00956	0.01116	0.00716	0.00473	0.00463	0.00146	0.00652	0.00399	0.00271	0.00703
3	0.01207	0.07116	0.13915	0.07521	0.07867	0.11619	0.22084	0.06084	0.01151	0.02994	0.01024	0.05141	0.00869	0.03490	0.02846	0.00181	0.03508	0.00489	0.00266	0.00627
4	0.00842	0.00421	0.00631	0.00631	0.00631	0.00421	0.00421	0.00631	0.00631	0.00842	0.00842	0.01473	0.00842	0.01684	0.01894	0.85901	0.00421	0.00421	0.00210	0.00210
5	0.03189	0.03882	0.19220	0.07115	0.28314	0.03613	0.14915	0.02635	0.01099	0.05006	0.01023	0.01247	0.02529	0.00483	0.00525	0.00152	0.03663	0.00443	0.00255	0.00691
6	0.01087	0.02448	0.07914	0.04164	0.13576	0.03541	0.06939	0.06853	0.16640	0.02744	0.03842	0.07036	0.05670	0.02736	0.04783	0.00203	0.02478	0.06356	0.00359	0.00632
7	0.00667	0.00495	0.00622	0.00630	0.00711	0.00499	0.00454	0.00782	0.00898	0.01191	0.07287	0.06379	0.20924	0.24920	0.26977	0.00451	0.00657	0.04717	0.00350	0.00389
8	0.00957	0.00891	0.01480	0.50558	0.22986	0.01017	0.01281	0.01250	0.01019	0.01345	0.01219	0.03261	0.04845	0.00581	0.00502	0.00162	0.00588	0.05221	0.00252	0.00583
9	0.03954	0.13446	0.06875	0.04861	0.23067	0.10089	0.13581	0.06625	0.01162	0.01536	0.00994	0.04290	0.00866	0.00595	0.02341	0.00161	0.01944	0.02694	0.00266	0.00654
10	0.00739	0.00642	0.04894	0.00767	0.00884	0.00623	0.00620	0.02457	0.00898	0.01256	0.08328	0.04992	0.06775	0.11757	0.43688	0.03060	0.03400	0.03472	0.00311	0.00436
11	0.01274	0.01039	0.01107	0.00983	0.01266	0.01188	0.00768	0.04676	0.72884	0.06132	0.01947	0.01782	0.01446	0.00652	0.00493	0.00163	0.00389	0.00542	0.00498	0.00772
12	0.00724	0.00642	0.04438	0.00751	0.03706	0.00527	0.02715	0.00931	0.01215	0.03311	0.35346	0.06123	0.31352	0.01043	0.00569	0.00162	0.00304	0.05204	0.00463	0.00474
13	0.01213	0.20271	0.23099	0.01439	0.12083	0.09450	0.07765	0.04222	0.02378	0.02591	0.02626	0.04084	0.00860	0.00528	0.00512	0.00144	0.05402	0.00419	0.00255	0.00658
14	0.01042	0.07094	0.64770	0.01332	0.01943	0.05297	0.01625	0.01517	0.01014	0.01461	0.00831	0.01004	0.00617	0.00494	0.00552	0.00154	0.08002	0.00356	0.00208	0.00686
15	0.00590	0.00422	0.00562	0.00675	0.00703	0.00394	0.00450	0.00675	0.00928	0.01237	0.02671	0.82653	0.03205	0.01518	0.00619	0.00197	0.00281	0.01378	0.00450	0.00394
16	0.02466	0.04718	0.19956	0.03590	0.20771	0.05398	0.14807	0.07755	0.03430	0.06528	0.05106	0.01308	0.00956	0.00497	0.00486	0.00149	0.00626	0.00454	0.00297	0.00702
17	0.05215	0.05212	0.12555	0.12331	0.24891	0.03471	0.04863	0.02842	0.02517	0.09245	0.04589	0.01398	0.02407	0.01969	0.00558	0.00157	0.04371	0.00451	0.00294	0.00667
18	0.00934	0.00756	0.00830	0.00771	0.00975	0.00802	0.00592	0.01667	0.37757	0.03570	0.19282	0.05972	0.20986	0.00908	0.00537	0.00164	0.00315	0.02093	0.00491	0.00597
19	0.00693	0.00518	0.00773	0.00773	0.00857	0.00603	0.00598	0.00862	0.00777	0.01121	0.01303	0.01934	0.01224	0.05509	0.79192	0.00772	0.01278	0.00524	0.00260	0.00429
20	0.06074	0.05378	0.09823	0.03960	0.21272	0.11058	0.14027	0.12114	0.01281	0.05986	0.01023	0.03981	0.00821	0.00508	0.00476	0.00147	0.00630	0.00452	0.00300	0.00689
21	0.00978	0.03765	0.01473	0.71743	0.03088	0.01129	0.01282	0.04207	0.05086	0.01344	0.00924	0.01296	0.00695	0.00495	0.00479	0.00159	0.00624	0.00431	0.00240	0.00564
22	0.00591	0.00436	0.00548	0.00636	0.00688	0.00399	0.00429	0.00680	0.00952	0.01239	0.03037	0.65429	0.17130	0.04520	0.00679	0.00201	0.00282	0.01288	0.00444	0.00393
23	0.80253	0.01037	0.00760	0.00682	0.00978	0.06889	0.00555	0.01462	0.00865	0.02103	0.00680	0.00794	0.00532	0.00453	0.00310	0.00148	0.00411	0.00266	0.00296	0.00528
24	0.00631	0.00493	0.00572	0.00552	0.00690	0.00434	0.00414	0.00809	0.01243	0.01637	0.43545	0.04124	0.40909	0.01105	0.00572	0.00158	0.00237	0.00947	0.00493	0.00434
25	0.01134	0.01108	0.06349	0.10586	0.09446	0.03296	0.06001	0.09924	0.22328	0.01832	0.12670	0.01785	0.03130	0.00643	0.00568	0.00158	0.05505	0.00541	0.02341	0.00657
26	0.00705	0.00470	0.00529	0.00529	0.00529	0.00470	0.00294	0.00705	0.00705	0.00940	0.01527	0.03171	0.01762	0.82969	0.02467	0.00470	0.00470	0.00705	0.00294	0.00294
27	0.01290	0.81272	0.02514	0.00840	0.01244	0.01907	0.00835	0.01444	0.00979	0.01141	0.00673	0.00784	0.00622	0.00425	0.00342	0.00106	0.02492	0.00263	0.00207	0.00620
28	0.01084	0.06353	0.45133	0.02631	0.05158	0.01130	0.07866	0.07104	0.02356	0.03900	0.05494	0.01450	0.03507	0.00552	0.00506	0.00154	0.02493	0.02168	0.00278	0.00682
29	0.00693	0.00515	0.00758	0.00758	0.00838	0.00595	0.00580	0.00852	0.00773	0.01110	0.01317	0.02007	0.01256	0.10108	0.74637	0.00754	0.01230	0.00534	0.00262	0.00421
30	0.01309	0.14491	0.12763	0.01158	0.03199	0.16562	0.01024	0.09841	0.01144	0.03313	0.00920	0.04154	0.00815	0.03498	0.00800	0.00166	0.21594	0.00416	0.02225	0.00607
31	0.00812	0.00442	0.00643	0.00643	0.00664	0.00458	0.00443	0.00702	0.00681	0.00947	0.00995	0.01651	0.00974	0.06027	0.15797	0.62160	0.00568	0.00454	0.04674	0.00266
32	0.00972	0.02507	0.80458	0.01381	0.02097	0.01125	0.01790	0.01535	0.01023	0.01535	0.00870	0.01023	0.00614	0.00460	0.00460	0.00153	0.00716	0.00358	0.00205	0.00716
33	0.01842	0.01357	0.01454	0.01115	0.01503	0.01503	0.00921	0.78330	0.02278	0.03054	0.01163	0.01163	0.00824	0.00582	0.00485	0.00145	0.00533	0.00436	0.00485	0.00824
34	0.01113	0.26137	0.05408	0.01118	0.02849	0.05647	0.11619	0.04368	0.04134	0.01438	0.01484	0.05673	0.01472	0.00774	0.00504	0.00162	0.00553	0.24647	0.00323	0.00579
35	0.00692	0.00519	0.00779	0.00779	0.00865	0.00606	0.00606	0.00865	0.00779	0.01125	0.01298	0.01904	0.01211	0.03634	0.81049	0.00779	0.01298	0.00519	0.00260	0.00433
36	0.08445	0.01429	0.01372	0.13163	0.08858	0.22128	0.00981	0.23958	0.07110	0.04111	0.01018	0.01135	0.00771	0.00521	0.00454	0.00142	0.00611	0.00394	0.00344	0.03054
37	0.08715	0.00930	0.01373	0.03573	0.08634	0.00893	0.11663	0.06382	0.03129	0.37281	0.05642	0.01731	0.05074	0.02127	0.00528	0.00158	0.00478	0.00523	0.00455	0.00711
38	0.06228	0.04084	0.05374	0.07632	0.34723	0.03977	0.05176	0.12970	0.02537	0.06381	0.01031	0.01256	0.00812	0.02760	0.00519	0.00154	0.00565	0.00429	0.02686	0.00706
39	0.01406	0.09949	0.10021	0.04277	0.13753	0.13130	0.07091	0.07831	0.04507	0.10739	0.01028	0.01174	0.00789	0.00534	0.00584	0.00149	0.09694	0.00410	0.02258	0.00677
40	0.00724	0.00541	0.00590	0.00570	0.00740	0.00478	0.00434	0.02331	0.03369	0.05959	0.11733	0.08212	0.58126	0.01158	0.00569	0.00165	0.00270	0.03107	0.00469	0.00456
41	0.08657	0.06644	0.07052	0.03131	0.20805	0.09409	0.09249	0.12627	0.04127	0.05246	0.01051	0.03083	0.00858	0.00539	0.00508	0.00150	0.03638	0.02234	0.00311	0.00682
42	0.05489	0.10356	0.12761	0.02496	0.11437	0.14821	0.04216	0.07052	0.03226	0.04251	0.00879	0.01054	0.00706	0.00527	0.00608	0.00145	0.12968	0.00374	0.00271	0.06362
43	0.00644	0.00495	0.00608	0.00612	0.00720	0.00460	0.00453	0.00806	0.01173	0.01568	0.36706	0.20888	0.26811	0.01179	0.00613	0.00169	0.02534	0.02652	0.00479	0.00431
44	0.00601	0.00460	0.00545	0.00598	0.00685	0.00413	0.00420	0.00709	0.01019	0.01300	0.08315	0.40811	0.33066	0.05608	0.00695	0.00196	0.00279	0.03432	0.00447	0.00400
45	0.01364	0.17994	0.13498	0.03124	0.09712	0.13416	0.03723	0.13333	0.06795	0.04301	0.02850	0.01268	0.03600	0.00537	0.00473	0.00140	0.02471	0.00414	0.00310	0.00676
46	0.00987	0.02066	0.04575	0.04792	0.12312	0.02039	0.06470	0.05144	0.06188	0.04437	0.04297	0.26295	0.05299	0.02907	0.00677	0.00181	0.06964	0.03437	0.00368	0.00566
47	0.00653	0.00468	0.00634	0.00743	0.00802	0.00449	0.00558	0.00785	0.00994	0.01309	0.02683	0.55356	0.04658	0.01452	0.00634	0.00205	0.00335	0.26421	0.00449	0.00411
48	0.05724	0.01759	0.39616	0.10145	0.10058	0.03782	0.07194	0.03567	0.01058	0.01540	0.01072	0.05431	0.02968	0.00550	0.00515	0.00157	0.03505	0.00459	0.00247	0.00653
49	0.01327	0.05658	0.19435	0.05609	0.17839	0.12683	0.07667	0.10725	0.03871	0.05250	0.01012	0.02615	0.00790	0.00498	0.00469	0.00144	0.00641	0.00421	0.00290	0.03056

[dist]
# distance from previous block
# <min> <max>
9	13

[block]
# block no. 7 follows, 52 sequences, length 6
# corresponding to MSA columns:
# 779-784
name=unknown_H
#
# <colnr> <probs for GDERKNQSTAVLIFYWHMCP>
#	G	D	E	R	K	N	Q	S	T	A	V	L	I	F	Y	W	H	M	C	P
0	0.01055	0.01067	0.07132	0.05477	0.35257	0.00981	0.06914	0.06416	0.04788	0.01651	0.08323	0.15863	0.01557	0.00697	0.00519	0.00158	0.00512	0.00650	0.00328	0.00655
1	0.05537	0.00592	0.00711	0.00662	0.00816	0.00573	0.00502	0.04465	0.04506	0.06935	0.47479	0.12853	0.10530	0.00990	0.00550	0.00159	0.00276	0.00859	0.00503	0.00502
2	0.01048	0.00574	0.00728	0.00671	0.00845	0.00524	0.00527	0.01234	0.01219	0.19865	0.26620	0.03395	0.14469	0.06758	0.00680	0.00183	0.00322	0.11709	0.08107	0.00521
3	0.01135	0.06824	0.14561	0.03512	0.05687	0.10361	0.04209	0.05096	0.06582	0.01607	0.11138	0.01542	0.01295	0.00574	0.00520	0.00136	0.05010	0.02643	0.00313	0.17253
4	0.00749	0.00555	0.00671	0.00668	0.00784	0.00537	0.00494	0.07709	0.01197	0.01597	0.23970	0.24846	0.18368	0.06829	0.03677	0.00215	0.00343	0.05882	0.00458	0.00451
5	0.08868	0.20822	0.04432	0.01218	0.06663	0.20889	0.04527	0.17015	0.04332	0.01722	0.00875	0.00993	0.00703	0.00504	0.00472	0.00136	0.04521	0.00356	0.00296	0.00655

[dist]
# distance from previous block
# <min> <max>
1	3

[block]
# block no. 8 follows, 52 sequences, length 29
# corresponding to MSA columns:
# 789-817
name=unknown_I
#
# <colnr> <probs for GDERKNQSTAVLIFYWHMCP>
#	G	D	E	R	K	N	Q	S	T	A	V	L	I	F	Y	W	H	M	C	P
0	0.01002	0.00945	0.01635	0.39630	0.28691	0.01038	0.07138	0.01292	0.01036	0.01400	0.04162	0.04676	0.00991	0.00564	0.00535	0.02189	0.00596	0.01624	0.00251	0.00606
1	0.01170	0.08207	0.11747	0.15710	0.13703	0.09652	0.01085	0.09699	0.04412	0.01610	0.07746	0.02647	0.02186	0.04109	0.00552	0.00157	0.00567	0.00467	0.01735	0.02838
2	0.00671	0.00500	0.00589	0.00566	0.00706	0.00441	0.00425	0.00848	0.01243	0.03608	0.42977	0.06314	0.37157	0.01099	0.00571	0.00159	0.00242	0.00945	0.00496	0.00444
3	0.01153	0.00927	0.01055	0.00808	0.01197	0.00823	0.00644	0.05543	0.19232	0.05681	0.01187	0.01232	0.00924	0.00452	0.00403	0.00101	0.00376	0.00365	0.00361	0.57537
4	0.00623	0.00471	0.00575	0.00595	0.00697	0.00423	0.00429	0.00776	0.01157	0.01539	0.33949	0.28170	0.26388	0.01222	0.00586	0.00169	0.00250	0.01073	0.00483	0.00423
5	0.00626	0.00477	0.00572	0.00611	0.00714	0.00431	0.00450	0.00761	0.01084	0.01399	0.16934	0.27773	0.32351	0.04554	0.00672	0.00190	0.00284	0.09247	0.00458	0.00412
6	0.01176	0.01127	0.01924	0.09552	0.73554	0.01145	0.01475	0.01466	0.01092	0.01554	0.00907	0.01207	0.00757	0.00436	0.00480	0.00145	0.00582	0.00432	0.00238	0.00748
7	0.01776	0.01433	0.04697	0.01170	0.01571	0.04097	0.04289	0.69406	0.02149	0.02867	0.01130	0.01154	0.00805	0.00567	0.00486	0.00146	0.00564	0.00435	0.00455	0.00804
8	0.01330	0.77871	0.02462	0.00857	0.01261	0.07185	0.00836	0.01483	0.01011	0.01143	0.00679	0.00784	0.00622	0.00420	0.00319	0.00105	0.00542	0.00263	0.00210	0.00618
9	0.64854	0.03268	0.00922	0.00814	0.02504	0.16502	0.00639	0.01520	0.00938	0.01929	0.00693	0.00816	0.00553	0.00465	0.00354	0.00145	0.01983	0.00278	0.00285	0.00539
10	0.04336	0.01231	0.01302	0.01054	0.01398	0.01383	0.00853	0.48809	0.29648	0.02659	0.01437	0.01381	0.01048	0.00605	0.00482	0.00152	0.00475	0.00471	0.00482	0.00794
11	0.01324	0.01100	0.01163	0.01010	0.01305	0.01261	0.00796	0.16676	0.64777	0.02218	0.01822	0.01688	0.01357	0.00643	0.00492	0.00161	0.00411	0.00527	0.00492	0.00778
12	0.00589	0.00426	0.00558	0.00664	0.00700	0.00394	0.00445	0.00676	0.00938	0.01241	0.02798	0.78229	0.07547	0.01502	0.00616	0.00195	0.00279	0.01358	0.00450	0.00394
13	0.00692	0.00519	0.00779	0.00779	0.00865	0.00606	0.00606	0.00865	0.00779	0.01125	0.01298	0.01904	0.01211	0.03634	0.81049	0.00779	0.01298	0.00519	0.00260	0.00433
14	0.00589	0.00444	0.00547	0.00629	0.00696	0.00401	0.00434	0.00687	0.00980	0.01261	0.03285	0.59575	0.24280	0.01434	0.00607	0.00188	0.00275	0.02838	0.00450	0.00399
15	0.01424	0.01012	0.01115	0.00954	0.01244	0.01113	0.00760	0.19965	0.40827	0.12339	0.01799	0.04385	0.01384	0.00682	0.00492	0.00158	0.00412	0.03580	0.05609	0.00744
16	0.00915	0.00861	0.01453	0.81804	0.03338	0.01077	0.01346	0.01238	0.00969	0.01238	0.00861	0.01292	0.00646	0.00484	0.00484	0.00161	0.00646	0.00431	0.00215	0.00538
17	0.01296	0.83261	0.02539	0.00829	0.01244	0.01917	0.00829	0.01451	0.00985	0.01140	0.00674	0.00777	0.00622	0.00415	0.00311	0.00104	0.00518	0.00259	0.00207	0.00622
18	0.00593	0.00488	0.00521	0.00520	0.00669	0.00417	0.00387	0.00732	0.01142	0.01414	0.17632	0.08174	0.63232	0.01200	0.00575	0.00163	0.00244	0.01014	0.00464	0.00417
19	0.03667	0.00787	0.01051	0.00831	0.01173	0.00688	0.00685	0.02145	0.01346	0.68401	0.04179	0.02037	0.05807	0.00678	0.00499	0.00154	0.00399	0.04128	0.00576	0.00767
20	0.02128	0.00836	0.01120	0.00862	0.01230	0.00737	0.00711	0.05368	0.01413	0.75158	0.01873	0.01634	0.01186	0.00598	0.00483	0.00149	0.00412	0.00484	0.02801	0.00815
21	0.01655	0.00702	0.00951	0.00795	0.01067	0.00622	0.00631	0.01823	0.01259	0.53838	0.07004	0.16629	0.04411	0.00985	0.05089	0.00195	0.00422	0.00694	0.00544	0.00687
22	0.00617	0.00579	0.05070	0.00632	0.00763	0.00452	0.00493	0.00751	0.01022	0.01303	0.06081	0.35680	0.36734	0.04591	0.00664	0.00190	0.00301	0.03227	0.00432	0.00418
23	0.01321	0.66088	0.05497	0.03569	0.01390	0.01774	0.02323	0.07148	0.03190	0.02732	0.00786	0.00886	0.00673	0.00441	0.00348	0.00114	0.00532	0.00299	0.00243	0.00646
24	0.00915	0.00861	0.01453	0.81804	0.03338	0.01077	0.01346	0.01238	0.00969	0.01238	0.00861	0.01292	0.00646	0.00484	0.00484	0.00161	0.00646	0.00431	0.00215	0.00538
25	0.00813	0.00593	0.00817	0.07534	0.02484	0.00661	0.00597	0.00913	0.00825	0.04518	0.01589	0.10651	0.05187	0.28093	0.21442	0.03529	0.08364	0.00669	0.00304	0.00416
26	0.03719	0.04838	0.26178	0.06112	0.22989	0.12174	0.05728	0.08268	0.01194	0.01615	0.00879	0.01078	0.00682	0.00472	0.00482	0.00146	0.02113	0.00389	0.00251	0.00693
27	0.01062	0.00980	0.01606	0.30737	0.39930	0.01078	0.01298	0.01401	0.04720	0.01469	0.00988	0.01316	0.00796	0.00584	0.03156	0.00172	0.02527	0.00441	0.05088	0.00651
28	0.03379	0.00848	0.00916	0.00873	0.00968	0.12361	0.00669	0.01050	0.00859	0.01153	0.01189	0.04377	0.01159	0.11044	0.46455	0.00545	0.10924	0.00518	0.00263	0.00450

[dist]
# distance from previous block
# <min> <max>
0	1

[block]
# block no. 9 follows, 52 sequences, length 28
# corresponding to MSA columns:
# 819-846
name=unknown_J
#
# <colnr> <probs for GDERKNQSTAVLIFYWHMCP>
#	G	D	E	R	K	N	Q	S	T	A	V	L	I	F	Y	W	H	M	C	P
0	0.08109	0.11700	0.12066	0.04412	0.18588	0.23500	0.07974	0.03060	0.03549	0.01485	0.00854	0.01032	0.00686	0.00463	0.00439	0.00138	0.00671	0.00370	0.00251	0.00649
1	0.00772	0.00503	0.00560	0.00546	0.00578	0.00508	0.00330	0.03803	0.00828	0.01162	0.04476	0.02950	0.01771	0.66997	0.02068	0.00403	0.00435	0.00671	0.10300	0.00339
2	0.01331	0.60875	0.10326	0.00938	0.01367	0.03165	0.00943	0.10660	0.02534	0.01426	0.00776	0.00874	0.00661	0.00453	0.00375	0.00117	0.01979	0.00299	0.00246	0.00656
