[name]
unknown

[dist]
# distance from previous block
# <min> <max>
0	84

[block]
# block no. 0 follows, 68 sequences, length 24
# corresponding to MSA columns:
# 105-128
name=unknown_A
#
# <colnr> <probs for GDERKNQSTAVLIFYWHMCP>
#	G	D	E	R	K	N	Q	S	T	A	V	L	I	F	Y	W	H	M	C	P
0	0.00732	0.01948	0.02294	0.03014	0.25052	0.00627	0.02608	0.02290	0.00899	0.01227	0.09089	0.13939	0.15788	0.02148	0.00473	0.00133	0.01521	0.07546	0.00293	0.08378
1	0.00904	0.00809	0.01263	0.11052	0.42213	0.00849	0.03141	0.01291	0.16270	0.02370	0.08820	0.01374	0.01072	0.00490	0.00444	0.03012	0.00414	0.02301	0.01355	0.00557
2	0.00469	0.00399	0.00404	0.00408	0.00537	0.00334	0.00304	0.00568	0.00897	0.01068	0.03934	0.07525	0.79775	0.01015	0.00470	0.00135	0.00202	0.00850	0.00368	0.00334
3	0.83047	0.00749	0.00585	0.00521	0.00762	0.00861	0.00428	0.01179	0.00694	0.04147	0.00609	0.00696	0.00467	0.00375	0.00251	0.00122	0.00303	0.00226	0.03544	0.00434
4	0.00986	0.00852	0.00897	0.00807	0.01031	0.00986	0.00628	0.02107	0.82876	0.01659	0.01614	0.01479	0.01210	0.00538	0.00403	0.00134	0.00314	0.00448	0.00403	0.00628
5	0.00867	0.00867	0.01214	0.01041	0.01041	0.01214	0.00867	0.00954	0.00607	0.00954	0.00520	0.00867	0.00520	0.00694	0.01301	0.00173	0.85340	0.00347	0.00173	0.00434
6	0.02897	0.35472	0.01516	0.00843	0.01135	0.25440	0.00721	0.24970	0.01204	0.01416	0.00686	0.00751	0.00556	0.00400	0.00326	0.00100	0.00510	0.00267	0.00247	0.00541
7	0.86341	0.00777	0.00600	0.00533	0.00780	0.00899	0.00439	0.03510	0.00709	0.01800	0.00564	0.00653	0.00436	0.00371	0.00250	0.00123	0.00310	0.00219	0.00250	0.00436
8	0.00750	0.00596	0.00690	0.00678	0.03901	0.00630	0.00497	0.01290	0.32516	0.01535	0.31734	0.02313	0.09739	0.00685	0.00426	0.00128	0.00253	0.03096	0.08068	0.00477
9	0.00577	0.00384	0.00432	0.00432	0.00432	0.00384	0.00240	0.00577	0.00577	0.00769	0.01249	0.02595	0.01441	0.86066	0.02018	0.00384	0.00384	0.00577	0.00240	0.00240
10	0.00867	0.00867	0.01214	0.01041	0.01041	0.01214	0.00867	0.00954	0.00607	0.00954	0.00520	0.00867	0.00520	0.00694	0.01301	0.00173	0.85340	0.00347	0.00173	0.00434
11	0.00779	0.00381	0.00390	0.00382	0.00483	0.00378	0.00289	0.00962	0.00843	0.04604	0.01304	0.01473	0.01015	0.00463	0.00282	0.00094	0.00191	0.00371	0.84936	0.00381
12	0.01060	0.86304	0.02078	0.00678	0.01018	0.01569	0.00678	0.01187	0.00806	0.00933	0.00551	0.00636	0.00509	0.00339	0.00254	0.00085	0.00424	0.00212	0.00170	0.00509
13	0.00804	0.04979	0.81163	0.01114	0.01692	0.00943	0.01438	0.01253	0.00836	0.01244	0.00706	0.00830	0.00502	0.00375	0.00372	0.00124	0.00580	0.00290	0.00167	0.00583
14	0.00996	0.00505	0.00666	0.00574	0.00744	0.00455	0.00449	0.01180	0.02369	0.30649	0.47436	0.05259	0.04337	0.00707	0.00441	0.00125	0.00244	0.00612	0.01770	0.00482
15	0.00495	0.00351	0.00461	0.00540	0.00564	0.00330	0.00358	0.00564	0.00763	0.01021	0.06159	0.74965	0.02583	0.08061	0.00626	0.00177	0.00240	0.01062	0.00361	0.00318
16	0.22029	0.00696	0.00842	0.00663	0.00955	0.00654	0.00547	0.01754	0.01028	0.64779	0.01329	0.01185	0.00853	0.00462	0.00363	0.00123	0.00330	0.00356	0.00434	0.00618
17	0.00762	0.00416	0.00423	0.00408	0.00515	0.00421	0.00309	0.04609	0.02720	0.01509	0.02787	0.01600	0.05302	0.00498	0.00298	0.00097	0.00200	0.00401	0.76337	0.00387
18	0.00729	0.00484	0.00603	0.00564	0.00639	0.00514	0.00400	0.08503	0.00765	0.05489	0.02794	0.02001	0.01226	0.41489	0.30372	0.00423	0.00615	0.00493	0.01546	0.00349
19	0.00596	0.00428	0.00588	0.00676	0.00753	0.00421	0.00563	0.00749	0.00877	0.01142	0.02191	0.23397	0.05395	0.01126	0.00535	0.00176	0.00327	0.59338	0.00366	0.00354
20	0.00483	0.00347	0.00458	0.00548	0.00574	0.00322	0.00366	0.00553	0.00763	0.01014	0.02239	0.83406	0.04989	0.01235	0.00505	0.00160	0.00229	0.01119	0.00368	0.00322
21	0.00981	0.00956	0.01687	0.05533	0.66134	0.00957	0.13016	0.03552	0.00931	0.01315	0.00758	0.00996	0.00622	0.00356	0.00404	0.00121	0.00501	0.00370	0.00202	0.00608
22	0.00747	0.00718	0.01287	0.06767	0.03004	0.01679	0.31437	0.02562	0.04495	0.01192	0.01521	0.31470	0.05048	0.00733	0.00468	0.00143	0.00437	0.03497	0.02352	0.00442
23	0.00496	0.00366	0.00481	0.00554	0.00587	0.00351	0.00378	0.00572	0.00778	0.01037	0.05384	0.74643	0.08055	0.01194	0.00525	0.00158	0.02678	0.01069	0.00365	0.00328

[dist]
# distance from previous block
# <min> <max>
1	3

[block]
# block no. 1 follows, 68 sequences, length 14
# corresponding to MSA columns:
# 146-158,166
name=unknown_B
#
# <colnr> <probs for GDERKNQSTAVLIFYWHMCP>
#	G	D	E	R	K	N	Q	S	T	A	V	L	I	F	Y	W	H	M	C	P
0	0.01029	0.01019	0.10811	0.05754	0.37133	0.00868	0.06360	0.08459	0.00982	0.07887	0.00820	0.00974	0.00632	0.00369	0.00380	0.00111	0.00457	0.00338	0.00240	0.15379
1	0.03015	0.46897	0.06133	0.00809	0.01107	0.25581	0.00735	0.03230	0.04459	0.01047	0.00649	0.00743	0.00557	0.00458	0.02985	0.00113	0.00531	0.00249	0.00198	0.00501
2	0.04450	0.00707	0.00928	0.00726	0.01009	0.00662	0.00597	0.06178	0.02861	0.69239	0.01462	0.03098	0.00965	0.00513	0.00441	0.00126	0.04530	0.00405	0.00458	0.00646
3	0.03461	0.04236	0.38801	0.01169	0.11318	0.00934	0.06072	0.10653	0.07992	0.01469	0.07788	0.01154	0.02319	0.00442	0.00390	0.00124	0.00483	0.00372	0.00248	0.00572
4	0.00478	0.00402	0.00415	0.00412	0.00541	0.00339	0.00309	0.00587	0.00926	0.01124	0.12103	0.03729	0.75312	0.00984	0.00469	0.00133	0.00199	0.00825	0.00375	0.00339
5	0.00557	0.00440	0.00530	0.00544	0.03075	0.00414	0.00381	0.00725	0.04234	0.01266	0.33383	0.10423	0.32296	0.07608	0.00605	0.00153	0.01871	0.00757	0.00376	0.00364
6	0.00749	0.00705	0.01189	0.85113	0.02731	0.00881	0.01101	0.01013	0.00793	0.01013	0.00705	0.01057	0.00529	0.00396	0.00396	0.00132	0.00529	0.00352	0.00176	0.00440
7	0.01237	0.00976	0.01038	0.00858	0.01127	0.01103	0.00688	0.40744	0.43830	0.02064	0.01295	0.01225	0.00952	0.00508	0.00400	0.00127	0.00373	0.00404	0.00400	0.00650
8	0.00749	0.00705	0.01189	0.85113	0.02731	0.00881	0.01101	0.01013	0.00793	0.01013	0.00705	0.01057	0.00529	0.00396	0.00396	0.00132	0.00529	0.00352	0.00176	0.00440
9	0.01135	0.59320	0.03819	0.00791	0.02600	0.16299	0.00717	0.05624	0.02380	0.01055	0.00696	0.00772	0.02589	0.00380	0.00294	0.00093	0.00474	0.00252	0.00198	0.00511
10	0.04456	0.11207	0.13842	0.01039	0.03656	0.04321	0.20212	0.04590	0.03838	0.02581	0.00959	0.06025	0.00849	0.00471	0.00390	0.00118	0.00475	0.07080	0.00242	0.13649
11	0.01178	0.10079	0.14590	0.01138	0.12318	0.13935	0.06188	0.14283	0.05400	0.09649	0.02958	0.01000	0.00733	0.00418	0.00374	0.00114	0.00491	0.00338	0.01843	0.02973
12	0.00639	0.00631	0.08262	0.00788	0.11197	0.00494	0.00566	0.00828	0.02660	0.03835	0.21567	0.14709	0.30647	0.00827	0.00452	0.00133	0.00278	0.00718	0.00349	0.00419
13	0.00482	0.00348	0.00457	0.00545	0.00573	0.00323	0.00365	0.00553	0.00766	0.01015	0.02267	0.82155	0.06222	0.01232	0.00504	0.00160	0.00229	0.01114	0.00368	0.00323

[dist]
# distance from previous block
# <min> <max>
0	1

[block]
# block no. 2 follows, 68 sequences, length 36
# corresponding to MSA columns:
# 168-203
name=unknown_C
#
# <colnr> <probs for GDERKNQSTAVLIFYWHMCP>
#	G	D	E	R	K	N	Q	S	T	A	V	L	I	F	Y	W	H	M	C	P
0	0.02826	0.35255	0.16443	0.01039	0.10535	0.15802	0.02294	0.03081	0.00926	0.07406	0.00703	0.00794	0.00561	0.00375	0.00328	0.00104	0.00505	0.00272	0.00210	0.00543
1	0.03483	0.04205	0.12796	0.01279	0.18621	0.04701	0.08551	0.05044	0.31832	0.02700	0.01073	0.01126	0.00818	0.00438	0.00403	0.00126	0.01543	0.00379	0.00284	0.00596
2	0.00730	0.00369	0.00373	0.00376	0.00466	0.00368	0.00280	0.00910	0.00829	0.01461	0.01326	0.04512	0.01074	0.00490	0.00285	0.00095	0.00186	0.00397	0.85104	0.00368
3	0.01072	0.76274	0.03554	0.00710	0.01038	0.05270	0.00697	0.02920	0.00846	0.00986	0.01998	0.00694	0.00568	0.00360	0.00284	0.00089	0.01724	0.00229	0.00181	0.00508
4	0.00482	0.00399	0.00423	0.00424	0.00546	0.00340	0.00315	0.00593	0.00926	0.01141	0.15105	0.08372	0.67584	0.00990	0.00471	0.00134	0.00201	0.00836	0.00378	0.00340
5	0.00545	0.00403	0.00509	0.00486	0.00583	0.00367	0.00363	0.00716	0.01079	0.01496	0.69260	0.05473	0.15543	0.00852	0.00469	0.00127	0.00190	0.00747	0.00424	0.00367
6	0.00540	0.00401	0.00503	0.00485	0.00581	0.00364	0.00361	0.00705	0.01063	0.01466	0.64772	0.07838	0.17714	0.00869	0.00470	0.00128	0.00192	0.00762	0.00421	0.00364
7	0.01060	0.86304	0.02078	0.00678	0.01018	0.01569	0.00678	0.01187	0.00806	0.00933	0.00551	0.00636	0.00509	0.00339	0.00254	0.00085	0.00424	0.00212	0.00170	0.00509
8	0.00559	0.00404	0.00528	0.00500	0.00592	0.00373	0.00374	0.00743	0.01113	0.01575	0.81240	0.05148	0.03712	0.00822	0.00469	0.00126	0.00188	0.00728	0.00435	0.00373
9	0.88866	0.00767	0.00583	0.00521	0.00767	0.00889	0.00429	0.01166	0.00675	0.01779	0.00552	0.00644	0.00429	0.00368	0.00245	0.00123	0.00307	0.00215	0.00245	0.00429
10	0.57828	0.02149	0.00785	0.01650	0.00921	0.02684	0.01681	0.10884	0.02223	0.13182	0.00763	0.00808	0.00556	0.00407	0.00315	0.00123	0.01977	0.00269	0.00295	0.00499
11	0.00698	0.02222	0.28872	0.00932	0.10306	0.00655	0.00842	0.01004	0.03687	0.01381	0.33798	0.02032	0.10724	0.00618	0.00424	0.00125	0.00363	0.00530	0.00306	0.00480
12	0.00578	0.00424	0.00584	0.00579	0.00624	0.00478	0.00420	0.00671	0.00616	0.00870	0.01110	0.01889	0.01130	0.31002	0.54270	0.00539	0.03203	0.00474	0.00221	0.00318
13	0.01166	0.65138	0.01838	0.00764	0.01070	0.22356	0.00700	0.01287	0.00885	0.00942	0.00567	0.00656	0.00509	0.00357	0.00280	0.00089	0.00497	0.00223	0.00178	0.00496
14	0.00889	0.00755	0.00986	0.03446	0.02449	0.00806	0.00656	0.02249	0.00790	0.06070	0.04581	0.02198	0.00763	0.00499	0.00693	0.00114	0.31983	0.00329	0.00238	0.39507
15	0.01185	0.08195	0.18871	0.01147	0.12097	0.03882	0.05671	0.22891	0.04790	0.11739	0.02274	0.01019	0.00723	0.00475	0.01895	0.00129	0.01771	0.00350	0.00291	0.00604
16	0.00910	0.00863	0.01326	0.09653	0.43942	0.02813	0.05604	0.03587	0.10693	0.01299	0.01255	0.04016	0.09916	0.00489	0.00425	0.00126	0.01829	0.00447	0.00249	0.00557
17	0.00862	0.00833	0.01233	0.05805	0.29892	0.04116	0.02645	0.01015	0.00770	0.01095	0.00868	0.11631	0.00861	0.02115	0.03275	0.00163	0.30252	0.00453	0.01633	0.00484
18	0.00709	0.00630	0.01050	0.64789	0.02233	0.00760	0.02301	0.00911	0.00768	0.00991	0.00915	0.13065	0.00839	0.00596	0.00508	0.07392	0.00474	0.00463	0.00203	0.00403
19	0.00569	0.00413	0.00575	0.00575	0.00625	0.00462	0.00418	0.00668	0.00619	0.00875	0.01119	0.01871	0.01127	0.28080	0.59575	0.00561	0.00857	0.00471	0.00221	0.00320
20	0.01060	0.86304	0.02078	0.00678	0.01018	0.01569	0.00678	0.01187	0.00806	0.00933	0.00551	0.00636	0.00509	0.00339	0.00254	0.00085	0.00424	0.00212	0.00170	0.00509
21	0.00867	0.00867	0.01214	0.01041	0.01041	0.01214	0.00867	0.00954	0.00607	0.00954	0.00520	0.00867	0.00520	0.00694	0.01301	0.00173	0.85340	0.00347	0.00173	0.00434
22	0.00867	0.00867	0.01214	0.01041	0.01041	0.01214	0.00867	0.00954	0.00607	0.00954	0.00520	0.00867	0.00520	0.00694	0.01301	0.00173	0.85340	0.00347	0.00173	0.00434
23	0.00867	0.00927	0.01945	0.01453	0.01782	0.00876	0.63232	0.01166	0.00930	0.01251	0.01103	0.01859	0.00992	0.00511	0.00486	0.00145	0.00598	0.19143	0.00239	0.00495
24	0.00881	0.00786	0.03225	0.57610	0.14959	0.00868	0.02425	0.03492	0.00871	0.06912	0.00825	0.01090	0.01693	0.00403	0.00395	0.00127	0.00498	0.00360	0.00212	0.02369
25	0.14180	0.21527	0.20070	0.00828	0.01186	0.02704	0.00825	0.17526	0.13214	0.01560	0.00830	0.00876	0.00634	0.00409	0.00334	0.00114	0.00432	0.00296	0.00262	0.02192
26	0.00577	0.00384	0.00432	0.00432	0.00432	0.00384	0.00240	0.00577	0.00577	0.00769	0.01249	0.02595	0.01441	0.86066	0.02018	0.00384	0.00384	0.00577	0.00240	0.00240
27	0.01142	0.04978	0.09592	0.01325	0.16244	0.28511	0.13188	0.02990	0.11743	0.02559	0.00837	0.00956	0.00656	0.00406	0.00396	0.00117	0.01679	0.00340	0.01799	0.00544
28	0.00810	0.05891	0.62949	0.01076	0.01539	0.00975	0.02506	0.01184	0.00811	0.01200	0.02803	0.00935	0.01888	0.00443	0.00515	0.00131	0.13299	0.00319	0.00179	0.00549
29	0.01120	0.00918	0.00972	0.00834	0.01082	0.01049	0.00660	0.22751	0.62014	0.01875	0.01443	0.01343	0.01072	0.00522	0.00402	0.00130	0.00345	0.00425	0.00402	0.00640
30	0.02063	0.00415	0.00531	0.00562	0.00633	0.00394	0.00409	0.00751	0.00823	0.08267	0.08775	0.36415	0.06868	0.16169	0.00763	0.00196	0.00287	0.14964	0.00359	0.00353
31	0.07136	0.02407	0.01176	0.04640	0.02733	0.11230	0.02320	0.55045	0.01550	0.05032	0.00876	0.00919	0.00636	0.00455	0.00398	0.00119	0.02037	0.00336	0.00342	0.00612
32	0.01284	0.00994	0.01063	0.00867	0.01143	0.01116	0.00702	0.49182	0.33304	0.02141	0.01237	0.01241	0.00921	0.00515	0.00403	0.00127	0.00387	0.02326	0.00399	0.00649
33	0.00517	0.00378	0.00483	0.00510	0.00575	0.00347	0.00360	0.00638	0.00925	0.01259	0.37053	0.39488	0.11777	0.03161	0.00524	0.00148	0.00212	0.00907	0.00394	0.00344
34	0.00702	0.00625	0.00876	0.35209	0.03580	0.02885	0.00753	0.02970	0.03166	0.01112	0.03544	0.12771	0.15984	0.00755	0.01927	0.00150	0.03609	0.08697	0.00274	0.00412
35	0.04579	0.00804	0.02289	0.02314	0.24160	0.01831	0.00707	0.01094	0.02900	0.01306	0.00774	0.03324	0.00663	0.00351	0.00332	0.00085	0.00356	0.00301	0.00230	0.51601

[dist]
# distance from previous block
# <min> <max>
4	13

[block]
# block no. 3 follows, 68 sequences, length 23
# corresponding to MSA columns:
# 219-241
name=unknown_D
#
# <colnr> <probs for GDERKNQSTAVLIFYWHMCP>
#	G	D	E	R	K	N	Q	S	T	A	V	L	I	F	Y	W	H	M	C	P
0	0.00572	0.00502	0.00499	0.00487	0.00626	0.03503	0.00370	0.00785	0.09108	0.01181	0.11603	0.04772	0.60237	0.00923	0.00461	0.00134	0.00235	0.03256	0.00372	0.00373
1	0.00916	0.00861	0.01450	0.17947	0.61712	0.00897	0.01133	0.01159	0.02670	0.01222	0.00784	0.02744	0.00665	0.00421	0.00438	0.03372	0.00469	0.00371	0.00200	0.00569
2	0.00483	0.00345	0.00460	0.00552	0.00575	0.00322	0.00368	0.00552	0.00759	0.01012	0.02185	0.85807	0.02622	0.01242	0.00506	0.00161	0.00230	0.01127	0.00368	0.00322
3	0.01507	0.01111	0.01190	0.00912	0.01230	0.01230	0.00754	0.82270	0.01864	0.02499	0.00952	0.00952	0.00674	0.00476	0.00397	0.00119	0.00436	0.00357	0.00397	0.00674
4	0.01507	0.01111	0.01190	0.00912	0.01230	0.01230	0.00754	0.82270	0.01864	0.02499	0.00952	0.00952	0.00674	0.00476	0.00397	0.00119	0.00436	0.00357	0.00397	0.00674
5	0.01779	0.00675	0.00920	0.00705	0.01012	0.00583	0.00583	0.01932	0.01135	0.83867	0.01564	0.01350	0.00981	0.00491	0.00399	0.00123	0.00337	0.00399	0.00491	0.00675
6	0.88866	0.00767	0.00583	0.00521	0.00767	0.00889	0.00429	0.01166	0.00675	0.01779	0.00552	0.00644	0.00429	0.00368	0.00245	0.00123	0.00307	0.00215	0.00245	0.00429
7	0.00483	0.00345	0.00460	0.00552	0.00575	0.00322	0.00368	0.00552	0.00759	0.01012	0.02185	0.85807	0.02622	0.01242	0.00506	0.00161	0.00230	0.01127	0.00368	0.00322
8	0.00514	0.00403	0.00464	0.00449	0.00563	0.00354	0.00337	0.00657	0.01011	0.01325	0.42876	0.03398	0.44414	0.00909	0.00468	0.00129	0.00194	0.00778	0.00402	0.00354
9	0.00572	0.00420	0.00621	0.00621	0.00685	0.00484	0.00476	0.00693	0.00629	0.00903	0.01058	0.01602	0.01005	0.07529	0.76761	0.03961	0.00997	0.00430	0.00212	0.00341
10	0.01055	0.00573	0.00655	0.00573	0.00739	0.02371	0.00449	0.03573	0.09676	0.23220	0.08452	0.03018	0.01264	0.02261	0.01741	0.00126	0.02715	0.00430	0.36623	0.00487
11	0.00795	0.00757	0.01059	0.00928	0.00939	0.01031	0.00758	0.00885	0.00610	0.00935	0.00666	0.01113	0.00669	0.07442	0.15385	0.00267	0.64795	0.00377	0.00185	0.00406
12	0.00572	0.00402	0.00522	0.00522	0.00553	0.00433	0.00352	0.00634	0.00603	0.00835	0.01167	0.02140	0.01244	0.49667	0.38147	0.00495	0.00681	0.00510	0.00228	0.00290
13	0.88866	0.00767	0.00583	0.00521	0.00767	0.00889	0.00429	0.01166	0.00675	0.01779	0.00552	0.00644	0.00429	0.00368	0.00245	0.00123	0.00307	0.00215	0.00245	0.00429
14	0.00815	0.03803	0.33561	0.02505	0.12965	0.00931	0.03136	0.01100	0.02055	0.01162	0.00934	0.06734	0.02157	0.00565	0.00612	0.00141	0.19927	0.06174	0.00208	0.00515
15	0.04232	0.18677	0.35356	0.15877	0.10861	0.01044	0.03462	0.01217	0.02205	0.02559	0.00708	0.00870	0.00542	0.00373	0.00356	0.00118	0.00513	0.00300	0.00186	0.00544
16	0.00515	0.00402	0.00467	0.00454	0.00565	0.00354	0.00339	0.00657	0.01007	0.01325	0.43057	0.05760	0.41848	0.00916	0.00469	0.00130	0.00195	0.00786	0.00402	0.00354
17	0.00473	0.00386	0.00418	0.00443	0.00547	0.00331	0.00320	0.00564	0.00864	0.01055	0.03508	0.26577	0.60998	0.01070	0.00479	0.00141	0.00209	0.00917	0.00368	0.00331
18	0.01007	0.05503	0.05941	0.18099	0.31300	0.00972	0.10841	0.07962	0.02280	0.06561	0.00830	0.02337	0.00655	0.00408	0.00430	0.00125	0.03580	0.00373	0.00230	0.00566
19	0.06809	0.01063	0.12686	0.03328	0.07066	0.06074	0.12949	0.10926	0.08694	0.08121	0.03691	0.04676	0.02031	0.00488	0.00445	0.00127	0.05166	0.00411	0.04709	0.00540
20	0.00511	0.00405	0.00492	0.00556	0.03626	0.00363	0.00383	0.00619	0.00876	0.01117	0.11073	0.31762	0.40325	0.01047	0.00483	0.00144	0.00228	0.05273	0.00368	0.00347
21	0.00721	0.00474	0.00624	0.00623	0.01949	0.00456	0.02141	0.05984	0.00929	0.09314	0.13216	0.43481	0.08429	0.04121	0.00539	0.00153	0.01482	0.02060	0.02907	0.00397
22	0.12050	0.02666	0.07611	0.02495	0.21086	0.03219	0.04948	0.09800	0.00954	0.03969	0.00744	0.00880	0.00587	0.00365	0.00365	0.00104	0.02198	0.00300	0.00241	0.25420

[dist]
# distance from previous block
# <min> <max>
3	9

[block]
# block no. 4 follows, 68 sequences, length 28
# corresponding to MSA columns:
# 251-278
name=unknown_E
#
# <colnr> <probs for GDERKNQSTAVLIFYWHMCP>
#	G	D	E	R	K	N	Q	S	T	A	V	L	I	F	Y	W	H	M	C	P
0	0.04798	0.21079	0.20156	0.04798	0.10663	0.08074	0.04157	0.07600	0.06469	0.02886	0.00775	0.00900	0.00612	0.00500	0.03876	0.00136	0.01446	0.00308	0.00221	0.00547
1	0.01043	0.19846	0.06810	0.00806	0.03651	0.14085	0.02678	0.03244	0.07317	0.08788	0.05684	0.06203	0.02060	0.03743	0.00436	0.00123	0.01631	0.01821	0.09541	0.00490
2	0.00546	0.00407	0.00517	0.03043	0.02665	0.00374	0.00397	0.00659	0.00886	0.03205	0.18263	0.38591	0.26942	0.01022	0.00479	0.00143	0.00230	0.00901	0.00374	0.00356
3	0.00994	0.10675	0.22970	0.10636	0.18100	0.06992	0.10168	0.05939	0.00935	0.03685	0.00736	0.00908	0.00569	0.00385	0.00406	0.00119	0.03089	0.00327	0.00205	0.02163
4	0.03829	0.00769	0.04752	0.03138	0.07686	0.04988	0.03703	0.08098	0.07789	0.08233	0.08387	0.15063	0.10212	0.00721	0.02481	0.00141	0.01918	0.00564	0.05805	0.01724
5	0.00601	0.00444	0.00507	0.00498	0.00616	0.00408	0.00369	0.02704	0.05059	0.04689	0.19146	0.17491	0.40198	0.03633	0.00517	0.00145	0.00228	0.01985	0.00385	0.00375
6	0.00573	0.00397	0.00499	0.00499	0.00522	0.00420	0.00323	0.00619	0.00596	0.00818	0.01189	0.02259	0.01296	0.59157	0.28727	0.00466	0.00604	0.00527	0.00231	0.00277
7	0.00895	0.05663	0.04226	0.03597	0.29988	0.10442	0.00814	0.03614	0.01917	0.01243	0.09681	0.08619	0.07705	0.02397	0.00463	0.00128	0.02929	0.01639	0.03546	0.00494
8	0.02954	0.00892	0.01448	0.14133	0.34825	0.04315	0.13432	0.01168	0.00857	0.05104	0.00812	0.01140	0.00681	0.04068	0.03521	0.00157	0.08045	0.01706	0.00213	0.00529
9	0.00538	0.00409	0.00497	0.00491	0.00591	0.00373	0.00366	0.00707	0.02761	0.01367	0.47517	0.12113	0.26404	0.00916	0.00473	0.00133	0.00204	0.03371	0.00407	0.00362
10	0.00566	0.00425	0.00637	0.00637	0.00708	0.00496	0.00496	0.00708	0.00637	0.00920	0.01062	0.01558	0.00991	0.02974	0.84494	0.00637	0.01062	0.00425	0.00212	0.00354
11	0.00928	0.21042	0.44527	0.07549	0.04095	0.07157	0.03968	0.01247	0.00854	0.02742	0.00697	0.00850	0.00538	0.01747	0.00379	0.00119	0.00545	0.00291	0.00181	0.00544
12	0.20267	0.02686	0.00943	0.02947	0.05122	0.17279	0.00648	0.11744	0.19829	0.01533	0.04026	0.02665	0.00878	0.02750	0.02743	0.00143	0.02633	0.00359	0.00294	0.00513
13	0.00547	0.00372	0.00441	0.00471	0.00478	0.00364	0.00281	0.00569	0.00635	0.00847	0.01548	0.29176	0.01819	0.58970	0.01535	0.00313	0.00335	0.00752	0.00281	0.00266
14	0.00493	0.00404	0.00436	0.00432	0.00556	0.00347	0.00326	0.00614	0.00950	0.01183	0.20581	0.03656	0.64347	0.00966	0.00471	0.00133	0.00203	0.03176	0.00382	0.00344
15	0.00924	0.01155	0.18988	0.02848	0.16733	0.02076	0.27375	0.07542	0.00992	0.02824	0.05846	0.02687	0.02241	0.00463	0.00431	0.00130	0.00527	0.05426	0.00242	0.00547
16	0.00795	0.02051	0.84011	0.01130	0.01716	0.00921	0.01465	0.01256	0.00837	0.01256	0.00712	0.00837	0.00502	0.00377	0.00377	0.00126	0.00586	0.00293	0.00167	0.00586
17	0.00496	0.00396	0.00445	0.00457	0.00564	0.00345	0.00339	0.00611	0.00924	0.01168	0.19171	0.16553	0.51990	0.01007	0.00477	0.00138	0.00209	0.03987	0.00381	0.00342
18	0.01060	0.86304	0.02078	0.00678	0.01018	0.01569	0.00678	0.01187	0.00806	0.00933	0.00551	0.00636	0.00509	0.00339	0.00254	0.00085	0.00424	0.00212	0.00170	0.00509
19	0.28693	0.00697	0.00804	0.00642	0.00925	0.00673	0.00529	0.01674	0.00986	0.56768	0.01246	0.01134	0.00811	0.00452	0.00349	0.00122	0.00325	0.00341	0.02236	0.00593
20	0.00492	0.00421	0.00454	0.00485	0.03639	0.00359	0.00340	0.00601	0.00910	0.01101	0.07310	0.05436	0.75134	0.00977	0.00467	0.00133	0.00211	0.00820	0.00365	0.00347
21	0.01060	0.86304	0.02078	0.00678	0.01018	0.01569	0.00678	0.01187	0.00806	0.00933	0.00551	0.00636	0.00509	0.00339	0.00254	0.00085	0.00424	0.00212	0.00170	0.00509
22	0.01481	0.01890	0.01124	0.01021	0.01226	0.84474	0.00766	0.01583	0.01124	0.00970	0.00613	0.00715	0.00511	0.00409	0.00358	0.00102	0.00715	0.00255	0.00204	0.00460
23	0.88866	0.00767	0.00583	0.00521	0.00767	0.00889	0.00429	0.01166	0.00675	0.01779	0.00552	0.00644	0.00429	0.00368	0.00245	0.00123	0.00307	0.00215	0.00245	0.00429
24	0.00547	0.00424	0.00550	0.00510	0.00621	0.00383	0.02931	0.00710	0.01041	0.01416	0.56671	0.04727	0.24594	0.02516	0.00499	0.00133	0.00211	0.00746	0.00406	0.00365
25	0.00883	0.00852	0.05502	0.00685	0.01023	0.04589	0.02485	0.06649	0.00917	0.01353	0.02323	0.03732	0.00735	0.00369	0.00326	0.00077	0.00346	0.01408	0.00250	0.65498
26	0.00673	0.00531	0.03316	0.00734	0.00866	0.00480	0.04098	0.00856	0.00915	0.04259	0.02240	0.05861	0.13015	0.01009	0.00522	0.00169	0.00359	0.59356	0.00357	0.00386
27	0.00732	0.00504	0.00587	0.00550	0.00634	0.00539	0.00389	0.08182	0.08296	0.02427	0.03141	0.02000	0.02479	0.38260	0.18509	0.00340	0.00490	0.00493	0.11081	0.00365

[dist]
# distance from previous block
# <min> <max>
0	5

[block]
# block no. 5 follows, 68 sequences, length 25
# corresponding to MSA columns:
# 284-308
name=unknown_F
#
# <colnr> <probs for GDERKNQSTAVLIFYWHMCP>
#	G	D	E	R	K	N	Q	S	T	A	V	L	I	F	Y	W	H	M	C	P
0	0.54279	0.05553	0.10198	0.00689	0.02178	0.00894	0.03186	0.04582	0.00807	0.05897	0.02978	0.00819	0.00598	0.00388	0.00293	0.00118	0.00360	0.00266	0.01657	0.04261
1	0.00820	0.03944	0.61157	0.01159	0.06733	0.00902	0.04795	0.02781	0.00864	0.01263	0.00849	0.01983	0.02374	0.00423	0.00399	0.00125	0.01849	0.03046	0.00191	0.04344
2	0.00874	0.00746	0.03670	0.00636	0.00977	0.00560	0.02391	0.01075	0.02583	0.06202	0.00801	0.00950	0.00658	0.03999	0.00383	0.00082	0.00319	0.00271	0.00251	0.72572
3	0.00818	0.00741	0.01000	0.24136	0.18111	0.06654	0.00797	0.05148	0.02517	0.02321	0.04457	0.23811	0.04666	0.00661	0.00426	0.00132	0.00407	0.00586	0.00273	0.02338
4	0.00566	0.00425	0.00637	0.00637	0.00708	0.00496	0.00496	0.00708	0.00637	0.00920	0.01062	0.01558	0.00991	0.02974	0.84494	0.00637	0.01062	0.00425	0.00212	0.00354
5	0.02540	0.01962	0.01205	0.36534	0.17386	0.03718	0.03155	0.04830	0.10970	0.01216	0.00863	0.01141	0.00695	0.03477	0.05473	0.00167	0.03570	0.00372	0.00225	0.00501
6	0.00472	0.00402	0.00406	0.00405	0.00537	0.00336	0.00304	0.00575	0.00911	0.01088	0.06613	0.03788	0.80824	0.00998	0.00469	0.00134	0.00200	0.00833	0.00370	0.00336
7	0.03944	0.01028	0.01040	0.06757	0.01185	0.14922	0.02665	0.29162	0.08354	0.01694	0.11092	0.01226	0.01056	0.00520	0.00480	0.00124	0.08893	0.00390	0.04940	0.00530
8	0.01018	0.00867	0.00914	0.00813	0.01043	0.01001	0.00635	0.06951	0.77981	0.01709	0.01574	0.01447	0.01178	0.00534	0.00403	0.00134	0.00321	0.00443	0.00403	0.00630
9	0.10245	0.24547	0.01369	0.00883	0.01040	0.16643	0.00751	0.01157	0.00764	0.01038	0.00549	0.00752	0.00506	0.00510	0.00729	0.00131	0.37463	0.00279	0.00186	0.00459
10	0.00487	0.00351	0.00461	0.00541	0.00574	0.00326	0.00365	0.00564	0.00786	0.01047	0.06691	0.77105	0.06823	0.01207	0.00502	0.00158	0.00226	0.01090	0.00372	0.00326
11	0.05933	0.01068	0.01136	0.00876	0.01185	0.01181	0.00723	0.74870	0.01767	0.03877	0.00950	0.00955	0.00675	0.00470	0.00386	0.00119	0.00422	0.00351	0.02400	0.00655
12	0.03496	0.00942	0.01084	0.02988	0.05633	0.05156	0.00710	0.36551	0.01418	0.36161	0.01163	0.01103	0.00782	0.00468	0.00392	0.00120	0.00411	0.00366	0.00406	0.00650
13	0.00749	0.00705	0.01189	0.85113	0.02731	0.00881	0.01101	0.01013	0.00793	0.01013	0.00705	0.01057	0.00529	0.00396	0.00396	0.00132	0.00529	0.00352	0.00176	0.00440
14	0.00554	0.00405	0.00520	0.00491	0.00588	0.00371	0.00368	0.00734	0.01105	0.01549	0.77186	0.03028	0.09964	0.00826	0.00468	0.00125	0.00188	0.00726	0.00431	0.00371
15	0.28540	0.03463	0.01136	0.01116	0.16875	0.04821	0.04164	0.13870	0.00964	0.07799	0.00737	0.00864	0.00574	0.00439	0.00479	0.00127	0.12929	0.00309	0.00261	0.00533
16	0.02596	0.00850	0.01170	0.49519	0.09511	0.09994	0.03075	0.01949	0.00831	0.02875	0.00755	0.01111	0.00618	0.05785	0.03157	0.00161	0.05034	0.00359	0.00197	0.00454
17	0.00514	0.00375	0.00500	0.00549	0.00582	0.00354	0.02470	0.00577	0.00731	0.00969	0.02031	0.61976	0.05977	0.19462	0.00829	0.00207	0.00273	0.00978	0.00336	0.00311
18	0.01481	0.01890	0.01124	0.01021	0.01226	0.84474	0.00766	0.01583	0.01124	0.00970	0.00613	0.00715	0.00511	0.00409	0.00358	0.00102	0.00715	0.00255	0.00204	0.00460
19	0.00872	0.00722	0.00931	0.03683	0.10061	0.00604	0.01817	0.03918	0.00885	0.04377	0.02448	0.04505	0.02646	0.00383	0.00334	0.00081	0.00327	0.00326	0.00256	0.60827
20	0.01149	0.09395	0.13432	0.05114	0.09679	0.03089	0.10625	0.19779	0.03128	0.11574	0.00938	0.01043	0.01581	0.01816	0.01685	0.00129	0.00484	0.00355	0.00281	0.04724
21	0.04486	0.02615	0.00560	0.00521	0.00540	0.00400	0.00357	0.00562	0.00531	0.00742	0.00679	0.01166	0.00673	0.01307	0.01460	0.82353	0.00345	0.00335	0.00175	0.00192
22	0.01308	0.08071	0.08199	0.01004	0.01258	0.60497	0.04550	0.01503	0.05014	0.01042	0.00789	0.00878	0.03361	0.00424	0.00363	0.00107	0.00643	0.00294	0.00214	0.00481
23	0.02495	0.16249	0.13254	0.04508	0.01294	0.01097	0.04968	0.29190	0.06229	0.09511	0.03712	0.01028	0.00773	0.00447	0.00392	0.00118	0.02408	0.00347	0.01391	0.00589
24	0.00938	0.03878	0.11765	0.02026	0.18896	0.04268	0.04204	0.07705	0.12975	0.02516	0.05461	0.06146	0.03685	0.00485	0.00388	0.00115	0.00411	0.00419	0.00276	0.13441

[dist]
# distance from previous block
# <min> <max>
1	5

[block]
# block no. 6 follows, 68 sequences, length 24
# corresponding to MSA columns:
# 314-337
name=unknown_G
#
# <colnr> <probs for GDERKNQSTAVLIFYWHMCP>
#	G	D	E	R	K	N	Q	S	T	A	V	L	I	F	Y	W	H	M	C	P
0	0.02987	0.43747	0.04603	0.00847	0.03551	0.23744	0.02014	0.04878	0.02317	0.01092	0.00749	0.00834	0.03189	0.00393	0.00311	0.00097	0.00496	0.00269	0.02267	0.01617
1	0.00820	0.04909	0.26216	0.00788	0.01107	0.00727	0.03719	0.08138	0.04238	0.04552	0.14318	0.04035	0.14528	0.00590	0.00404	0.00121	0.00381	0.01405	0.03006	0.05995
2	0.00937	0.32282	0.18965	0.02936	0.01257	0.08927	0.06889	0.01200	0.04367	0.01104	0.00993	0.03178	0.02575	0.00507	0.00369	0.00119	0.00484	0.12190	0.00222	0.00497
3	0.00883	0.08546	0.44419	0.01284	0.16275	0.03077	0.05476	0.02698	0.00895	0.02325	0.05392	0.01972	0.00774	0.00419	0.00393	0.00122	0.01590	0.01284	0.01616	0.00561
4	0.04214	0.00732	0.01265	0.19846	0.04018	0.00748	0.23014	0.02320	0.00894	0.12375	0.03464	0.13276	0.05545	0.02676	0.00492	0.00141	0.02524	0.00536	0.01443	0.00476
5	0.00577	0.00384	0.00432	0.00432	0.00432	0.00384	0.00240	0.00577	0.00577	0.00769	0.01249	0.02595	0.01441	0.86066	0.02018	0.00384	0.00384	0.00577	0.00240	0.00240
6	0.01732	0.03210	0.18908	0.05241	0.15574	0.08438	0.05256	0.04442	0.05065	0.02453	0.03338	0.06882	0.00927	0.01573	0.05952	0.00164	0.05252	0.03369	0.00238	0.01986
7	0.00973	0.02699	0.10669	0.05067	0.49053	0.02923	0.10756	0.01272	0.04504	0.04210	0.00883	0.02397	0.01994	0.00394	0.00400	0.00122	0.00494	0.00381	0.00218	0.00591
8	0.04315	0.00677	0.00910	0.00700	0.01005	0.00592	0.00578	0.01910	0.01121	0.81476	0.01535	0.01329	0.00965	0.00487	0.00394	0.00123	0.00336	0.00393	0.00484	0.00668
9	0.00646	0.00496	0.00727	0.00836	0.07886	0.00488	0.02562	0.00827	0.00929	0.01242	0.15399	0.07704	0.05430	0.01037	0.03511	0.00180	0.00364	0.48995	0.00353	0.00390
10	0.01113	0.12328	0.24706	0.00977	0.05642	0.06558	0.05383	0.04607	0.04872	0.18006	0.05398	0.01136	0.01721	0.00443	0.00385	0.00117	0.01513	0.00357	0.04172	0.00565
11	0.00529	0.00384	0.00514	0.00582	0.00630	0.00375	0.00422	0.00643	0.02033	0.01060	0.05673	0.54786	0.05011	0.03356	0.09616	0.00218	0.00342	0.13136	0.00351	0.00337
12	0.00869	0.00529	0.00656	0.00582	0.00739	0.00513	0.00451	0.01200	0.14491	0.17439	0.49339	0.02380	0.04784	0.00697	0.00437	0.00125	0.00237	0.00603	0.03456	0.00472
13	0.64564	0.00778	0.00702	0.02894	0.03028	0.00895	0.00512	0.09544	0.01997	0.01742	0.00728	0.05978	0.00620	0.00447	0.00320	0.00126	0.02903	0.00303	0.01464	0.00456
14	0.06372	0.02876	0.28161	0.07480	0.16898	0.04911	0.06006	0.10075	0.03301	0.03687	0.00847	0.03846	0.00668	0.00422	0.00381	0.00123	0.00498	0.00356	0.02531	0.00561
15	0.00803	0.06769	0.76843	0.01085	0.01642	0.00941	0.01387	0.01236	0.00844	0.01248	0.03210	0.00890	0.00601	0.00388	0.00373	0.00123	0.00565	0.00301	0.00176	0.00575
16	0.00571	0.00382	0.00434	0.00440	0.00441	0.00381	0.00248	0.00575	0.00588	0.00784	0.01307	0.07756	0.01515	0.80805	0.01924	0.00371	0.00375	0.00611	0.00248	0.00245
17	0.00723	0.00780	0.11928	0.00844	0.07494	0.02190	0.02666	0.02996	0.10375	0.02421	0.18145	0.16897	0.11904	0.00778	0.00452	0.00138	0.00334	0.08142	0.00340	0.00454
18	0.02599	0.30783	0.21710	0.00901	0.01237	0.01083	0.09549	0.03070	0.00818	0.03505	0.00754	0.00968	0.00635	0.03081	0.13729	0.00202	0.04356	0.00317	0.00197	0.00503
19	0.00929	0.00905	0.03065	0.14553	0.18660	0.10009	0.03483	0.03639	0.08604	0.02782	0.06218	0.01385	0.00976	0.10232	0.00680	0.00158	0.09533	0.01787	0.01915	0.00487
20	0.00554	0.00412	0.00517	0.00496	0.00594	0.00381	0.00370	0.00746	0.03088	0.01487	0.65739	0.07648	0.14778	0.00855	0.00468	0.00128	0.00194	0.00750	0.00422	0.00372
21	0.00946	0.03188	0.05194	0.07949	0.11553	0.18603	0.04490	0.06131	0.02683	0.03211	0.04558	0.21731	0.04429	0.02228	0.00457	0.00133	0.01214	0.00559	0.00277	0.00467
22	0.00759	0.05637	0.13050	0.04781	0.01024	0.05167	0.01749	0.04673	0.00786	0.02286	0.02519	0.01377	0.00901	0.07196	0.43296	0.00399	0.01740	0.00391	0.01845	0.00423
23	0.00958	0.00582	0.00720	0.00646	0.00803	0.00598	0.00500	0.07110	0.13725	0.18733	0.09004	0.06157	0.04661	0.10369	0.16284	0.02091	0.00455	0.04095	0.02037	0.00472

[dist]
# distance from previous block
# <min> <max>
0	3

[block]
# block no. 7 follows, 68 sequences, length 20
# corresponding to MSA columns:
# 341-360
name=unknown_H
#
# <colnr> <probs for GDERKNQSTAVLIFYWHMCP>
#	G	D	E	R	K	N	Q	S	T	A	V	L	I	F	Y	W	H	M	C	P
0	0.10778	0.00663	0.03676	0.00705	0.04084	0.00610	0.00555	0.04411	0.04759	0.30297	0.11275	0.04815	0.08073	0.00761	0.05650	0.01627	0.00358	0.02559	0.03830	0.00516
1	0.07998	0.01989	0.03043	0.06822	0.12473	0.19417	0.04269	0.13037	0.11435	0.02900	0.00945	0.03461	0.00770	0.00519	0.02269	0.00132	0.01809	0.01694	0.04488	0.00529
2	0.00847	0.01639	0.02856	0.02063	0.01774	0.01813	0.01576	0.20914	0.06449	0.01673	0.34156	0.02279	0.15009	0.02673	0.00470	0.00130	0.00298	0.00583	0.02331	0.00469
3	0.00685	0.00346	0.00514	0.00514	0.00514	0.00346	0.00341	0.00519	0.00519	0.00692	0.00709	0.01255	0.00716	0.04413	0.01566	0.85307	0.00346	0.00353	0.00175	0.00175
4	0.00569	0.00353	0.00476	0.00515	0.00543	0.00334	0.00347	0.00540	0.00672	0.00879	0.01774	0.38198	0.12126	0.03037	0.00969	0.37096	0.00277	0.00751	0.00283	0.00259
5	0.00865	0.00721	0.00891	0.02729	0.06955	0.00569	0.00543	0.01047	0.00838	0.04162	0.00738	0.00858	0.00603	0.00307	0.00307	0.00067	0.00314	0.00252	0.00240	0.76997
6	0.04047	0.00681	0.00909	0.00701	0.01002	0.00601	0.00578	0.03681	0.01139	0.78219	0.03180	0.01355	0.01016	0.00494	0.00396	0.00123	0.00336	0.00399	0.00481	0.00662
7	0.00784	0.00759	0.03072	0.76454	0.05027	0.00901	0.01097	0.03775	0.00830	0.01076	0.00711	0.01043	0.00536	0.00403	0.00412	0.00132	0.01995	0.00351	0.00184	0.00457
8	0.01004	0.20457	0.18325	0.01067	0.11066	0.04495	0.04346	0.10973	0.08577	0.02599	0.03187	0.01143	0.04833	0.02528	0.00441	0.00123	0.03679	0.00359	0.00248	0.00550
9	0.00557	0.00429	0.00507	0.00506	0.00607	0.00414	0.00379	0.01743	0.00847	0.02770	0.06336	0.16908	0.44003	0.02431	0.13108	0.00217	0.03906	0.00764	0.03216	0.00353
10	0.00557	0.00407	0.00525	0.00500	0.00596	0.00374	0.00378	0.00738	0.01100	0.01539	0.74998	0.03073	0.09348	0.00834	0.00470	0.00127	0.00194	0.03442	0.00429	0.00371
11	0.02292	0.00985	0.15269	0.25501	0.18547	0.00843	0.07645	0.05781	0.00902	0.03309	0.01023	0.07112	0.04042	0.00564	0.03185	0.00147	0.00505	0.01607	0.00228	0.00514
12	0.01074	0.12443	0.26053	0.05791	0.11886	0.11490	0.05542	0.08862	0.05252	0.05777	0.00801	0.00911	0.00606	0.00399	0.00382	0.00117	0.01497	0.00319	0.00229	0.00568
13	0.05103	0.00709	0.00921	0.00711	0.01011	0.00644	0.00586	0.08582	0.01178	0.72000	0.03356	0.01326	0.00998	0.00492	0.00394	0.00122	0.00341	0.00395	0.00472	0.00658
14	0.00493	0.00385	0.00448	0.00474	0.00564	0.00340	0.00343	0.00601	0.00896	0.01146	0.17367	0.29937	0.41787	0.01048	0.00482	0.00142	0.00211	0.02617	0.00380	0.00338
15	0.01003	0.08403	0.28532	0.04920	0.12645	0.11127	0.06390	0.04225	0.00946	0.07443	0.03390	0.07490	0.00832	0.00464	0.00388	0.00121	0.00512	0.00391	0.00235	0.00543
16	0.02602	0.10298	0.07675	0.06725	0.19079	0.33850	0.04615	0.03305	0.04657	0.01154	0.00707	0.00853	0.00574	0.00394	0.00380	0.00112	0.01984	0.00303	0.00208	0.00524
17	0.00918	0.00712	0.01151	0.70583	0.02441	0.00848	0.01017	0.03449	0.00872	0.12975	0.00835	0.01096	0.00598	0.00412	0.00397	0.00130	0.00498	0.00359	0.00228	0.00481
18	0.00764	0.00615	0.00783	0.00915	0.15607	0.04909	0.00547	0.00862	0.01749	0.04307	0.01165	0.06632	0.01225	0.40655	0.09025	0.00298	0.05696	0.03622	0.00248	0.00376
19	0.01985	0.09167	0.25885	0.02259	0.12903	0.07403	0.08619	0.14462	0.04478	0.04130	0.01976	0.01041	0.01816	0.00421	0.00384	0.00120	0.00511	0.01619	0.00246	0.00576

[dist]
# distance from previous block
# <min> <max>
0	4

[block]
# block no. 8 follows, 68 sequences, length 12
# corresponding to MSA columns:
# 365-376
name=unknown_I
#
# <colnr> <probs for GDERKNQSTAVLIFYWHMCP>
#	G	D	E	R	K	N	Q	S	T	A	V	L	I	F	Y	W	H	M	C	P
0	0.00683	0.00555	0.02301	0.00573	0.00715	0.00533	0.00447	0.09075	0.10322	0.01476	0.34769	0.08537	0.21493	0.02814	0.03778	0.00156	0.00280	0.00684	0.00389	0.00421
1	0.00887	0.23480	0.09749	0.00922	0.01076	0.01221	0.00848	0.01026	0.00685	0.00976	0.00591	0.00858	0.00553	0.00750	0.07577	0.00182	0.47667	0.00312	0.00175	0.00463
2	0.00949	0.01184	0.24087	0.01148	0.14557	0.02359	0.05672	0.08663	0.04167	0.04465	0.00875	0.04792	0.00709	0.00408	0.00371	0.00107	0.00445	0.00350	0.00244	0.24446
3	0.12636	0.01041	0.01083	0.00852	0.01151	0.01162	0.00700	0.64041	0.09645	0.02324	0.00966	0.00964	0.00695	0.00468	0.00378	0.00121	0.00408	0.00348	0.00378	0.00638
4	0.80053	0.00801	0.00644	0.00561	0.00813	0.00924	0.00462	0.09348	0.00795	0.01852	0.00592	0.00675	0.00454	0.00379	0.00261	0.00122	0.00320	0.00229	0.00261	0.00454
5	0.00901	0.01629	0.51516	0.03030	0.04935	0.02522	0.17197	0.04114	0.00906	0.04139	0.00782	0.00933	0.00567	0.00384	0.00410	0.00126	0.02034	0.00340	0.02969	0.00569
6	0.00478	0.00402	0.00415	0.00412	0.00542	0.00339	0.00309	0.00588	0.00927	0.01126	0.12354	0.03726	0.75060	0.00984	0.00469	0.00133	0.00199	0.00824	0.00375	0.00339
7	0.00494	0.00394	0.00440	0.00458	0.00561	0.00345	0.00338	0.00599	0.00892	0.01114	0.12091	0.18347	0.53550	0.03541	0.00525	0.00148	0.00219	0.05237	0.00372	0.00336
8	0.01002	0.01413	0.37113	0.01235	0.10503	0.00904	0.04870	0.01338	0.09269	0.03527	0.06907	0.11629	0.03974	0.00693	0.00518	0.00168	0.02271	0.01707	0.00325	0.00634
9	0.00507	0.00359	0.00461	0.00532	0.00557	0.00340	0.00353	0.00569	0.00734	0.00974	0.02055	0.63654	0.04821	0.17765	0.00801	0.00205	0.00265	0.04398	0.00343	0.00308
10	0.01138	0.05433	0.19917	0.01090	0.09228	0.15523	0.02284	0.19171	0.07794	0.03043	0.00848	0.02078	0.00658	0.00430	0.00400	0.00115	0.03005	0.00329	0.00261	0.07254
11	0.02222	0.09409	0.12470	0.13233	0.11172	0.05114	0.16498	0.03860	0.16035	0.01304	0.00894	0.01040	0.00689	0.00406	0.00402	0.00123	0.01818	0.00364	0.02401	0.00547

[dist]
# distance from previous block
# <min> <max>
0	2

[block]
# block no. 9 follows, 68 sequences, length 17
# corresponding to MSA columns:
# 379-395
name=unknown_J
#
# <colnr> <probs for GDERKNQSTAVLIFYWHMCP>
#	G	D	E	R	K	N	Q	S	T	A	V	L	I	F	Y	W	H	M	C	P
0	0.12043	0.00651	0.00766	0.16538	0.01112	0.02900	0.00554	0.06760	0.01578	0.09450	0.03347	0.04016	0.01034	0.26243	0.00873	0.00199	0.01464	0.01312	0.01490	0.07667
1	0.00733	0.00428	0.00516	0.00480	0.00591	0.00409	0.01922	0.00920	0.02680	0.07231	0.26939	0.05228	0.06208	0.05599	0.00471	0.00128	0.00222	0.00547	0.38359	0.00390
2	0.00862	0.00760	0.02685	0.00622	0.00975	0.00587	0.00511	0.05301	0.03121	0.01365	0.00743	0.00847	0.00607	0.00312	0.00304	0.00065	0.00308	0.00248	0.00247	0.79531
3	0.00683	0.00348	0.00522	0.00522	0.00526	0.00351	0.00351	0.00526	0.00522	0.00700	0.00706	0.01222	0.00703	0.01453	0.05467	0.84316	0.00378	0.00348	0.00174	0.00181
4	0.02131	0.00940	0.01518	0.01895	0.51723	0.03075	0.12261	0.05354	0.04213	0.03055	0.01001	0.01169	0.05545	0.00405	0.00401	0.00119	0.00469	0.00394	0.00234	0.04098
5	0.03141	0.11324	0.40786	0.01044	0.02596	0.03574	0.07485	0.13278	0.05221	0.03397	0.00821	0.00949	0.00618	0.00471	0.02567	0.00134	0.00537	0.01251	0.00231	0.00575
6	0.00834	0.00819	0.01131	0.00978	0.00996	0.01123	0.00810	0.00954	0.03019	0.00980	0.00784	0.01091	0.05466	0.00812	0.05038	0.00191	0.73969	0.00382	0.00193	0.00430
7	0.00511	0.00362	0.00474	0.00545	0.00571	0.00349	0.00367	0.00578	0.00729	0.00974	0.01959	0.62992	0.02313	0.15625	0.05579	0.00227	0.00310	0.04884	0.00337	0.00312
8	0.00690	0.00471	0.00588	0.03708	0.00672	0.00491	0.01258	0.03452	0.03979	0.05218	0.03015	0.08864	0.02678	0.51007	0.10637	0.00338	0.01755	0.00576	0.00274	0.00329
9	0.02908	0.17312	0.21949	0.03217	0.01293	0.02974	0.09452	0.05455	0.00925	0.12499	0.03770	0.02974	0.00846	0.04503	0.00493	0.00133	0.04357	0.02456	0.01956	0.00526
10	0.00487	0.00364	0.00454	0.00524	0.00577	0.00331	0.00364	0.00569	0.00801	0.01034	0.02627	0.62109	0.22290	0.01177	0.00499	0.00155	0.00229	0.04713	0.00368	0.00327
11	0.00831	0.02001	0.80985	0.01115	0.01690	0.00908	0.01433	0.01280	0.00848	0.04265	0.00743	0.00856	0.00520	0.00381	0.00377	0.00125	0.00577	0.00297	0.00179	0.00589
12	0.00968	0.01198	0.20127	0.08351	0.45489	0.04416	0.03653	0.01267	0.02554	0.04550	0.00780	0.00966	0.00611	0.00371	0.00388	0.00119	0.00504	0.00339	0.00206	0.03143
13	0.00851	0.03845	0.66758	0.01142	0.04135	0.00915	0.05526	0.03687	0.00885	0.03608	0.02047	0.03371	0.00641	0.00411	0.00385	0.00126	0.00555	0.00338	0.00196	0.00577
14	0.00617	0.00465	0.00661	0.00734	0.04046	0.00460	0.03121	0.03384	0.00857	0.01141	0.01974	0.36883	0.04871	0.02828	0.05742	0.00197	0.00362	0.29725	0.01563	0.00370
15	0.29570	0.06243	0.06609	0.00970	0.08090	0.27553	0.04566	0.03035	0.00907	0.02988	0.00743	0.00851	0.03011	0.00410	0.00357	0.00116	0.02985	0.00286	0.00226	0.00483
16	0.02102	0.01819	0.00506	0.00487	0.00602	0.00397	0.00364	0.00711	0.02564	0.03357	0.20396	0.20033	0.38109	0.00948	0.00461	0.00136	0.00221	0.03056	0.02264	0.01470

[dist]
# distance from previous block
# <min> <max>
1	6

[block]
# block no. 10 follows, 68 sequences, length 9
# corresponding to MSA columns:
# 405-413
name=unknown_K
#
# <colnr> <probs for GDERKNQSTAVLIFYWHMCP>
#	G	D	E	R	K	N	Q	S	T	A	V	L	I	F	Y	W	H	M	C	P
0	0.02040	0.03495	0.16261	0.04463	0.05422	0.03104	0.13654	0.10293	0.09587	0.02955	0.08725	0.05967	0.03948	0.00502	0.00404	0.00122	0.00442	0.00447	0.00282	0.07889
1	0.00617	0.00473	0.00528	0.00488	0.00646	0.00409	0.00369	0.02907	0.02619	0.04556	0.11487	0.13017	0.47471	0.00877	0.00445	0.00126	0.00229	0.00744	0.00365	0.11628
2	0.00945	0.02847	0.01476	0.04283	0.67714	0.03125	0.01099	0.01179	0.02571	0.01249	0.00862	0.06770	0.00778	0.00495	0.02796	0.00135	0.00475	0.00404	0.00212	0.00587
3	0.00569	0.00417	0.00570	0.00576	0.00616	0.00463	0.00412	0.00655	0.00633	0.00886	0.01249	0.12930	0.01330	0.28679	0.44700	0.00479	0.03716	0.00562	0.00240	0.00317
4	0.00725	0.00437	0.00553	0.00510	0.00634	0.00398	0.00392	0.00898	0.01064	0.11902	0.53431	0.02760	0.11902	0.00767	0.00443	0.00124	0.00213	0.03423	0.09015	0.00407
