[name]
unknown

[dist]
# distance from previous block
# <min> <max>
0	56

[block]
# block no. 0 follows, 58 sequences, length 18
# corresponding to MSA columns:
# 56-59,61-74
name=unknown_A
#
# <colnr> <probs for GDERKNQSTAVLIFYWHMCP>
#	G	D	E	R	K	N	Q	S	T	A	V	L	I	F	Y	W	H	M	C	P
0	0.00873	0.00668	0.00876	0.08836	0.01208	0.00720	0.00781	0.08194	0.11842	0.01523	0.02027	0.03863	0.02058	0.01012	0.00564	0.00187	0.00429	0.53447	0.00400	0.00491
1	0.00889	0.00901	0.08098	0.00713	0.01087	0.00656	0.00622	0.01208	0.08669	0.01460	0.01398	0.01456	0.11586	0.00474	0.00378	0.00093	0.00349	0.00386	0.00297	0.59280
2	0.01120	0.00909	0.01484	0.18438	0.47064	0.00928	0.01150	0.01365	0.01029	0.12195	0.01314	0.01490	0.08549	0.00500	0.00453	0.00139	0.00495	0.00458	0.00280	0.00641
3	0.01554	0.01128	0.01212	0.00943	0.01273	0.01225	0.00775	0.66510	0.01928	0.05442	0.01565	0.01525	0.11624	0.00618	0.00459	0.00137	0.00452	0.00477	0.00447	0.00709
4	0.01102	0.01008	0.01632	0.06228	0.62779	0.01029	0.01231	0.08913	0.01103	0.01549	0.01007	0.08499	0.00909	0.00504	0.00455	0.00138	0.00506	0.00477	0.00260	0.00673
5	0.01025	0.00805	0.01271	0.64764	0.02649	0.00959	0.01116	0.01393	0.08062	0.12073	0.01017	0.01280	0.00734	0.00476	0.00448	0.00148	0.00546	0.00414	0.00269	0.00551
6	0.01147	0.54682	0.01904	0.00965	0.08890	0.01447	0.00781	0.01449	0.11674	0.04113	0.01010	0.08338	0.00926	0.00511	0.00356	0.00116	0.00444	0.00390	0.00263	0.00593
7	0.01104	0.00936	0.01576	0.09394	0.51777	0.00935	0.05177	0.01362	0.01068	0.09260	0.11762	0.01461	0.01209	0.00486	0.00460	0.00137	0.00491	0.00465	0.00288	0.00651
8	0.00990	0.00917	0.01488	0.02182	0.61101	0.00913	0.01111	0.01225	0.02595	0.01365	0.01295	0.01674	0.08655	0.11774	0.00698	0.00176	0.00485	0.00488	0.00252	0.00618
9	0.00588	0.00451	0.00519	0.00507	0.00616	0.00403	0.00366	0.00726	0.01068	0.01402	0.35644	0.05556	0.37040	0.12250	0.00765	0.00186	0.00249	0.00856	0.00428	0.00381
10	0.01609	0.01200	0.01290	0.01008	0.01346	0.01334	0.00827	0.69883	0.09727	0.02670	0.01151	0.01154	0.00831	0.00634	0.03079	0.00155	0.00501	0.00415	0.00442	0.00744
11	0.00545	0.00389	0.00519	0.00623	0.00649	0.00363	0.00415	0.00623	0.00856	0.01142	0.02465	0.83987	0.02959	0.01401	0.00571	0.00182	0.00260	0.01272	0.00415	0.00363
12	0.01163	0.00986	0.01040	0.00920	0.01182	0.01136	0.00720	0.08973	0.74003	0.01952	0.01757	0.01618	0.01314	0.00601	0.00455	0.00150	0.00366	0.00497	0.00455	0.00713
13	0.01119	0.01096	0.01810	0.04369	0.75100	0.03731	0.03446	0.01383	0.01025	0.01442	0.00837	0.01102	0.00701	0.00401	0.00444	0.00133	0.00548	0.00398	0.00221	0.00695
14	0.01090	0.00937	0.00992	0.00894	0.01140	0.01080	0.00694	0.02304	0.76893	0.01868	0.05609	0.01749	0.01502	0.00622	0.00459	0.00151	0.00347	0.00520	0.00457	0.00694
15	0.04138	0.25265	0.01525	0.00988	0.05194	0.14591	0.00789	0.24034	0.06351	0.03296	0.07726	0.01155	0.01003	0.00504	0.00394	0.00121	0.00500	0.00372	0.00326	0.01728
16	0.01044	0.00998	0.01701	0.22161	0.62568	0.01046	0.01341	0.01317	0.00989	0.01385	0.00830	0.01128	0.00681	0.00410	0.00444	0.00137	0.00547	0.00398	0.00216	0.00657
17	0.01092	0.01048	0.01789	0.07255	0.77094	0.01059	0.01366	0.01360	0.01012	0.01444	0.00839	0.01112	0.00702	0.00401	0.00443	0.00134	0.00535	0.00399	0.00220	0.00697

[dist]
# distance from previous block
# <min> <max>
0	1

[block]
# block no. 1 follows, 58 sequences, length 43
# corresponding to MSA columns:
# 76-84,105-138
name=unknown_B
#
# <colnr> <probs for GDERKNQSTAVLIFYWHMCP>
#	G	D	E	R	K	N	Q	S	T	A	V	L	I	F	Y	W	H	M	C	P
0	0.85452	0.02793	0.00696	0.00592	0.00872	0.01021	0.00491	0.01315	0.00765	0.01985	0.00623	0.00726	0.00487	0.00414	0.00277	0.00137	0.00349	0.00242	0.00275	0.00487
1	0.00628	0.00491	0.00698	0.00866	0.08880	0.00490	0.00543	0.00730	0.00876	0.01190	0.04473	0.68806	0.02640	0.01253	0.00605	0.00176	0.04742	0.01123	0.00386	0.00407
2	0.02384	0.01097	0.17338	0.01052	0.01401	0.00808	0.16119	0.07489	0.01168	0.18914	0.13914	0.11330	0.03647	0.00661	0.00486	0.00147	0.00472	0.00600	0.00376	0.00597
3	0.00752	0.00525	0.00642	0.04171	0.00807	0.03883	0.00479	0.01806	0.00868	0.06266	0.01960	0.53178	0.02231	0.09726	0.00851	0.08902	0.01236	0.00968	0.00368	0.00381
4	0.01107	0.01063	0.01816	0.02746	0.81489	0.01063	0.01373	0.01373	0.01019	0.01461	0.00841	0.01107	0.00709	0.00399	0.00443	0.00133	0.00531	0.00399	0.00221	0.00709
5	0.01080	0.03474	0.08514	0.01780	0.04482	0.05501	0.63625	0.01438	0.01045	0.01397	0.00869	0.01145	0.00661	0.00395	0.00526	0.00147	0.02609	0.00486	0.00222	0.00603
6	0.01070	0.01105	0.01803	0.16829	0.26335	0.06717	0.21266	0.03098	0.00995	0.01339	0.00834	0.02520	0.00693	0.00483	0.00617	0.00149	0.12894	0.00438	0.00224	0.00593
7	0.00588	0.00474	0.00516	0.00529	0.00651	0.00428	0.00384	0.02097	0.04454	0.01266	0.07573	0.22442	0.51594	0.04205	0.00598	0.00168	0.00251	0.00974	0.00416	0.00394
8	0.00595	0.00464	0.00568	0.04057	0.00750	0.00425	0.00432	0.00758	0.01107	0.01461	0.38076	0.12163	0.33625	0.01038	0.00531	0.00151	0.00243	0.02716	0.00440	0.00402
9	0.01063	0.19847	0.54446	0.01144	0.01705	0.02903	0.02851	0.05644	0.01020	0.04288	0.00813	0.00925	0.00600	0.00426	0.00399	0.00131	0.00608	0.00322	0.00218	0.00647
10	0.01139	0.56501	0.19326	0.01036	0.05677	0.01519	0.04842	0.01382	0.00938	0.03029	0.00712	0.00829	0.00597	0.00396	0.00340	0.00111	0.00531	0.00286	0.00202	0.00606
11	0.00610	0.00480	0.00554	0.00537	0.00666	0.00437	0.00402	0.00830	0.05395	0.01518	0.40545	0.07106	0.37266	0.01013	0.00526	0.00147	0.00227	0.00871	0.00454	0.00416
12	0.00885	0.00842	0.01439	0.63052	0.15834	0.00986	0.04514	0.01176	0.00932	0.01223	0.02618	0.01291	0.02400	0.00461	0.00453	0.00146	0.00576	0.00424	0.00215	0.00532
13	0.01280	0.07421	0.08739	0.05999	0.18632	0.25063	0.02020	0.07075	0.02653	0.05396	0.02995	0.03723	0.00871	0.03426	0.01323	0.00147	0.01976	0.00402	0.00269	0.00592
14	0.01062	0.00636	0.00656	0.00588	0.00749	0.03536	0.00457	0.12264	0.03181	0.07269	0.01378	0.01541	0.01065	0.00702	0.04784	0.02200	0.00343	0.00418	0.56677	0.00494
15	0.00723	0.00488	0.00638	0.04043	0.00799	0.00460	0.00470	0.00921	0.02033	0.06811	0.51768	0.13026	0.10538	0.00945	0.00521	0.00147	0.00251	0.02473	0.02506	0.00439
16	0.06040	0.08565	0.46689	0.01236	0.05835	0.03003	0.04711	0.07892	0.07562	0.03051	0.00905	0.01011	0.00666	0.00445	0.00415	0.00137	0.00585	0.00352	0.00248	0.00654
17	0.01149	0.03774	0.09894	0.05101	0.54169	0.09980	0.03891	0.02793	0.02408	0.01423	0.00836	0.01062	0.00683	0.00415	0.00435	0.00132	0.00579	0.00381	0.00225	0.00669
18	0.00646	0.00468	0.00665	0.00665	0.00729	0.00530	0.00495	0.00775	0.00711	0.01020	0.01248	0.01991	0.01221	0.19575	0.64206	0.00645	0.01018	0.00512	0.02506	0.00374
19	0.01243	0.11998	0.17074	0.01297	0.13544	0.11403	0.04612	0.14635	0.03376	0.03756	0.01685	0.01014	0.00713	0.00438	0.00407	0.00121	0.00551	0.00350	0.00274	0.11510
20	0.01313	0.01348	0.01322	0.20372	0.02845	0.26274	0.00977	0.17440	0.03515	0.01481	0.00806	0.01017	0.00645	0.00544	0.00649	0.00145	0.18107	0.00367	0.00266	0.00565
21	0.00554	0.00452	0.00489	0.00485	0.00621	0.00388	0.00362	0.00689	0.01072	0.01343	0.22437	0.06935	0.60434	0.01091	0.00530	0.00150	0.00224	0.00924	0.00433	0.00388
22	0.00642	0.00446	0.00544	0.00542	0.00571	0.00459	0.00346	0.00693	0.00713	0.00968	0.05680	0.02744	0.04852	0.58545	0.19975	0.00470	0.00584	0.00633	0.00281	0.00312
23	0.00596	0.00429	0.00566	0.00596	0.00666	0.00398	0.00426	0.00749	0.01080	0.01496	0.44678	0.38874	0.03626	0.01137	0.00549	0.00160	0.00237	0.02884	0.00457	0.00396
24	0.00634	0.00434	0.00488	0.00492	0.00509	0.00425	0.00287	0.00651	0.00705	0.00927	0.02985	0.06799	0.09358	0.71218	0.02004	0.00390	0.00402	0.00710	0.00295	0.00288
25	0.03197	0.03271	0.01381	0.05532	0.05633	0.01216	0.07704	0.37510	0.21158	0.03826	0.01214	0.01258	0.00901	0.00623	0.03389	0.00161	0.00508	0.00435	0.00390	0.00694
26	0.00651	0.00485	0.00631	0.00604	0.00711	0.00482	0.00456	0.00887	0.04865	0.01562	0.52195	0.02963	0.08421	0.04077	0.18715	0.00279	0.00444	0.00726	0.00423	0.00423
27	0.01070	0.13619	0.12608	0.09810	0.10589	0.03119	0.29569	0.01374	0.00977	0.03379	0.00821	0.01062	0.00644	0.00433	0.00530	0.00140	0.07435	0.00408	0.00220	0.02194
28	0.01646	0.06424	0.01324	0.01132	0.01371	0.78280	0.00859	0.01763	0.01249	0.01093	0.00688	0.00802	0.00576	0.00457	0.00397	0.00114	0.00790	0.00286	0.00228	0.00521
29	0.00753	0.00551	0.00736	0.00814	0.00932	0.00557	0.00703	0.02838	0.04901	0.01392	0.02424	0.04751	0.06573	0.01184	0.00601	0.00199	0.00401	0.68842	0.00415	0.00433
30	0.00845	0.00795	0.01342	0.83204	0.03081	0.00994	0.01242	0.01143	0.00894	0.01143	0.00795	0.01193	0.00596	0.00447	0.00447	0.00149	0.00596	0.00398	0.00199	0.00497
31	0.01655	0.02050	0.01264	0.01138	0.01376	0.75721	0.00859	0.05877	0.03790	0.01209	0.00747	0.00848	0.00610	0.00469	0.00407	0.00117	0.00776	0.00301	0.00249	0.00537
32	0.05827	0.06286	0.12812	0.01008	0.01340	0.26246	0.00890	0.14046	0.15953	0.06600	0.01172	0.01188	0.03671	0.00518	0.00417	0.00132	0.00563	0.00381	0.00327	0.00623
33	0.01099	0.00989	0.01626	0.02224	0.57726	0.01006	0.04444	0.05515	0.01054	0.04357	0.01088	0.09383	0.02047	0.00540	0.00514	0.00142	0.04820	0.00500	0.00266	0.00659
34	0.00565	0.00408	0.00540	0.00638	0.00680	0.00382	0.00448	0.00661	0.00886	0.01169	0.02561	0.70260	0.06992	0.01367	0.00574	0.00183	0.00276	0.10622	0.00415	0.00370
35	0.01063	0.01025	0.01782	0.02531	0.69946	0.01018	0.06997	0.01323	0.01010	0.01436	0.00963	0.07063	0.00868	0.00469	0.00458	0.00138	0.00528	0.00471	0.00236	0.00676
36	0.01198	0.55416	0.14933	0.00993	0.05602	0.06144	0.00949	0.06780	0.01020	0.01256	0.00705	0.00818	0.00600	0.00444	0.01391	0.00117	0.00539	0.00279	0.00213	0.00603
37	0.00562	0.00411	0.00528	0.00590	0.00648	0.00377	0.00408	0.00672	0.00962	0.01288	0.19410	0.57589	0.12371	0.01267	0.00557	0.00169	0.00245	0.01135	0.00432	0.00377
38	0.00845	0.00795	0.01342	0.83204	0.03081	0.00994	0.01242	0.01143	0.00894	0.01143	0.00795	0.01193	0.00596	0.00447	0.00447	0.00149	0.00596	0.00398	0.00199	0.00497
39	0.10374	0.04877	0.22364	0.01140	0.02881	0.12367	0.12048	0.05587	0.06831	0.11898	0.02611	0.01199	0.02893	0.00483	0.00427	0.00137	0.00565	0.00397	0.00301	0.00621
40	0.01005	0.13051	0.50216	0.01338	0.05344	0.01157	0.12406	0.01412	0.00955	0.03683	0.00811	0.00976	0.00606	0.00433	0.00475	0.00139	0.04793	0.00355	0.00207	0.00638
41	0.00760	0.00391	0.00582	0.00591	0.00595	0.00390	0.00398	0.00593	0.00611	0.00813	0.00924	0.06912	0.00961	0.01537	0.01646	0.79336	0.00380	0.02158	0.00214	0.00210
42	0.01141	0.01119	0.01679	0.10512	0.62208	0.07790	0.01277	0.04475	0.01075	0.01460	0.02512	0.01136	0.00762	0.00425	0.00442	0.00133	0.00552	0.00398	0.00234	0.00668

[dist]
# distance from previous block
# <min> <max>
0	1

[block]
# block no. 2 follows, 58 sequences, length 21
# corresponding to MSA columns:
# 140-160
name=unknown_C
#
# <colnr> <probs for GDERKNQSTAVLIFYWHMCP>
#	G	D	E	R	K	N	Q	S	T	A	V	L	I	F	Y	W	H	M	C	P
0	0.08385	0.37554	0.06023	0.00889	0.01210	0.18340	0.00804	0.01424	0.03531	0.01230	0.00700	0.00824	0.00602	0.00441	0.00430	0.00113	0.07689	0.00279	0.00223	0.09311
1	0.01700	0.01253	0.01342	0.01029	0.01387	0.01387	0.00850	0.79997	0.02103	0.02819	0.01074	0.01074	0.00761	0.00537	0.00447	0.00134	0.00492	0.00403	0.00447	0.00761
2	0.00860	0.00811	0.01369	0.78554	0.07612	0.00998	0.01250	0.01156	0.00902	0.01161	0.00798	0.01188	0.00603	0.00444	0.00447	0.00148	0.00593	0.00398	0.00200	0.00509
3	0.00631	0.00433	0.00496	0.00510	0.00529	0.00424	0.00307	0.00656	0.00716	0.00941	0.01821	0.11558	0.08689	0.65773	0.01894	0.00376	0.00397	0.03253	0.00303	0.00294
4	0.00634	0.00435	0.00499	0.00503	0.00524	0.00428	0.00300	0.00664	0.00730	0.00970	0.06643	0.07423	0.07947	0.66358	0.03832	0.00387	0.00413	0.00712	0.00303	0.00297
5	0.00651	0.00434	0.00488	0.00488	0.00488	0.00434	0.00271	0.00651	0.00651	0.00867	0.01409	0.02927	0.01626	0.84279	0.02277	0.00434	0.00434	0.00651	0.00271	0.00271
6	0.87439	0.00865	0.00657	0.00588	0.00865	0.01003	0.00484	0.01315	0.00761	0.02007	0.00623	0.00727	0.00484	0.00415	0.00277	0.00138	0.00346	0.00242	0.00277	0.00484
7	0.01107	0.01063	0.01816	0.02746	0.81489	0.01063	0.01373	0.01373	0.01019	0.01461	0.00841	0.01107	0.00709	0.00399	0.00443	0.00133	0.00531	0.00399	0.00221	0.00709
8	0.01527	0.01877	0.01171	0.01070	0.01286	0.68724	0.00802	0.04732	0.01257	0.01173	0.01054	0.06906	0.05412	0.00569	0.00424	0.00123	0.00722	0.00400	0.00263	0.00509
9	0.01055	0.01034	0.01618	0.27954	0.50602	0.05454	0.01289	0.01346	0.02833	0.01351	0.00841	0.01131	0.00681	0.00422	0.00442	0.00137	0.00563	0.00395	0.00220	0.00632
10	0.00587	0.00453	0.00536	0.00520	0.00641	0.00402	0.00388	0.00753	0.01149	0.01529	0.46805	0.06926	0.35651	0.01023	0.00530	0.00147	0.00219	0.00882	0.00458	0.00402
11	0.00645	0.00487	0.00616	0.00676	0.00794	0.00458	0.00565	0.00815	0.01033	0.01311	0.07118	0.07005	0.30001	0.01189	0.00581	0.00183	0.00333	0.45376	0.00417	0.00399
12	0.08490	0.00935	0.01512	0.01208	0.05821	0.00884	0.23319	0.03473	0.05758	0.41833	0.01366	0.01345	0.00921	0.00486	0.00458	0.00142	0.00494	0.00455	0.00412	0.00688
13	0.00567	0.00429	0.00541	0.00593	0.00656	0.00406	0.00416	0.00670	0.00928	0.01223	0.12049	0.51291	0.19903	0.02791	0.03122	0.00192	0.02346	0.01089	0.00411	0.00376
14	0.51929	0.00822	0.00816	0.00675	0.00980	0.00860	0.00556	0.01675	0.00977	0.35173	0.01097	0.01057	0.00743	0.00473	0.00349	0.00138	0.00360	0.00329	0.00392	0.00600
15	0.00562	0.00398	0.00521	0.00613	0.00637	0.00375	0.00407	0.00634	0.00837	0.01115	0.02342	0.72667	0.02796	0.10903	0.00768	0.00211	0.00283	0.03179	0.00399	0.00354
16	0.77514	0.03268	0.00783	0.00716	0.04638	0.04355	0.00549	0.01338	0.00798	0.01918	0.00636	0.00747	0.00501	0.00415	0.00290	0.00136	0.00377	0.00251	0.00270	0.00499
17	0.00971	0.00987	0.04722	0.27551	0.37514	0.04162	0.01170	0.01257	0.03542	0.01306	0.01065	0.05399	0.03142	0.04690	0.00543	0.00156	0.00535	0.00466	0.00238	0.00584
18	0.04106	0.01125	0.01161	0.01072	0.07133	0.10378	0.02063	0.22621	0.30475	0.05232	0.05416	0.02909	0.03138	0.00586	0.00449	0.00140	0.00451	0.00474	0.00405	0.00665
19	0.01127	0.01163	0.11612	0.04693	0.29270	0.00979	0.06532	0.09715	0.05238	0.04886	0.00942	0.01099	0.00730	0.00419	0.00423	0.00122	0.00502	0.00377	0.00276	0.19895
20	0.01123	0.16267	0.46865	0.01196	0.05995	0.01183	0.01298	0.09775	0.04416	0.06503	0.00904	0.00994	0.00663	0.00444	0.00407	0.00133	0.00574	0.00341	0.00252	0.00667

[dist]
# distance from previous block
# <min> <max>
0	8

[block]
# block no. 3 follows, 58 sequences, length 13
# corresponding to MSA columns:
# 169-181
name=unknown_D
#
# <colnr> <probs for GDERKNQSTAVLIFYWHMCP>
#	G	D	E	R	K	N	Q	S	T	A	V	L	I	F	Y	W	H	M	C	P
0	0.01152	0.25759	0.20774	0.01072	0.05184	0.05616	0.03090	0.08478	0.15573	0.01505	0.00957	0.01028	0.00749	0.00448	0.00388	0.00122	0.00517	0.00344	0.00271	0.06973
1	0.00927	0.02137	0.70638	0.01483	0.13175	0.01042	0.01613	0.01410	0.00955	0.01423	0.00808	0.00967	0.00587	0.00421	0.00428	0.00140	0.00643	0.00340	0.00193	0.00668
2	0.00716	0.00513	0.00642	0.00600	0.00749	0.00461	0.02682	0.00907	0.03401	0.06468	0.26616	0.14780	0.29901	0.00984	0.00514	0.00148	0.00262	0.02522	0.03645	0.03488
3	0.08477	0.01519	0.36237	0.01114	0.03236	0.03105	0.05982	0.03296	0.03966	0.18864	0.04066	0.03267	0.00917	0.00514	0.00470	0.00143	0.03460	0.00413	0.00312	0.00643
4	0.01099	0.36162	0.14471	0.01175	0.10809	0.04703	0.07693	0.01375	0.03800	0.02999	0.02341	0.03985	0.02984	0.00469	0.00385	0.00120	0.00519	0.00380	0.00239	0.04291
5	0.32620	0.25720	0.03408	0.00941	0.03540	0.15779	0.07363	0.03642	0.00969	0.01509	0.00682	0.00805	0.00560	0.00414	0.00337	0.00123	0.00518	0.00285	0.00240	0.00545
6	0.00595	0.00448	0.00548	0.00605	0.00682	0.00420	0.00430	0.02444	0.03075	0.01258	0.07124	0.52706	0.21746	0.01263	0.00555	0.00171	0.00264	0.04854	0.00421	0.00390
7	0.01084	0.01249	0.11134	0.01159	0.01294	0.08120	0.01028	0.08460	0.00897	0.01279	0.00684	0.00990	0.00614	0.00760	0.03362	0.00191	0.56558	0.00379	0.00222	0.00535
8	0.01001	0.01072	0.07526	0.04964	0.49452	0.03122	0.06207	0.01262	0.01009	0.01410	0.05504	0.07956	0.02890	0.00551	0.00495	0.00142	0.02859	0.01698	0.00256	0.00624
9	0.00561	0.00408	0.00531	0.00614	0.00662	0.00378	0.00427	0.00661	0.00916	0.01215	0.09398	0.65444	0.10054	0.01326	0.00566	0.00177	0.00261	0.05606	0.00422	0.00372
10	0.01561	0.01089	0.01255	0.10966	0.01528	0.01199	0.00852	0.49002	0.12383	0.13651	0.01238	0.01232	0.00871	0.00538	0.00449	0.00139	0.00471	0.00423	0.00433	0.00722
11	0.02507	0.06160	0.09270	0.03658	0.35876	0.06919	0.01121	0.12278	0.02590	0.07350	0.01012	0.03780	0.00837	0.00501	0.00456	0.00136	0.02117	0.02482	0.00287	0.00662
12	0.02299	0.00966	0.05430	0.17174	0.09387	0.02739	0.15199	0.02400	0.05657	0.15465	0.03540	0.01414	0.00951	0.04378	0.02032	0.00167	0.04599	0.00455	0.05159	0.00587

[dist]
# distance from previous block
# <min> <max>
0	5

[block]
# block no. 4 follows, 58 sequences, length 131
# corresponding to MSA columns:
# 187-202,219-251,253-262,264-335
name=unknown_E
#
# <colnr> <probs for GDERKNQSTAVLIFYWHMCP>
#	G	D	E	R	K	N	Q	S	T	A	V	L	I	F	Y	W	H	M	C	P
0	0.00569	0.00413	0.00543	0.00636	0.00684	0.00386	0.00451	0.00670	0.00900	0.01186	0.04146	0.65627	0.08904	0.01349	0.00573	0.00182	0.00277	0.11715	0.00416	0.00372
1	0.00996	0.00943	0.01466	0.11803	0.43472	0.02055	0.03700	0.01368	0.10987	0.01441	0.04584	0.01619	0.09635	0.00544	0.00495	0.00142	0.03360	0.00490	0.00279	0.00622
2	0.85972	0.02289	0.00686	0.00591	0.00870	0.01017	0.00489	0.01315	0.00764	0.01991	0.00623	0.00727	0.00486	0.00415	0.00277	0.00138	0.00348	0.00242	0.00275	0.00486
3	0.01066	0.01191	0.02534	0.01816	0.02261	0.01123	0.74559	0.02838	0.03124	0.01469	0.00929	0.01210	0.00698	0.00385	0.00520	0.00149	0.00729	0.00519	0.00237	0.02644
4	0.00815	0.00442	0.00485	0.05000	0.00677	0.00449	0.00375	0.01029	0.00967	0.01651	0.09099	0.01803	0.01412	0.00555	0.00341	0.00110	0.00230	0.00454	0.73686	0.00422
5	0.81418	0.00849	0.00668	0.00593	0.00868	0.00973	0.00488	0.01346	0.00789	0.05536	0.00695	0.00786	0.00529	0.00424	0.00285	0.00138	0.00344	0.00256	0.02518	0.00495
6	0.00549	0.00392	0.00523	0.00620	0.00650	0.00366	0.00416	0.00633	0.00875	0.01171	0.05992	0.80378	0.03015	0.01380	0.00569	0.00180	0.00257	0.01251	0.00419	0.00366
7	0.00551	0.00392	0.00517	0.00615	0.00640	0.00367	0.00407	0.00624	0.00845	0.01126	0.02405	0.79308	0.02882	0.06186	0.00669	0.00196	0.00270	0.01236	0.00407	0.00358
8	0.00658	0.00443	0.00513	0.00525	0.00536	0.00443	0.00320	0.00681	0.00692	0.00919	0.01514	0.03159	0.01730	0.75194	0.02095	0.00409	0.00431	0.09165	0.00286	0.00286
9	0.01113	0.00961	0.01011	0.00910	0.01163	0.01113	0.00708	0.02377	0.80681	0.01871	0.01821	0.01669	0.01365	0.00607	0.00455	0.00152	0.00354	0.00506	0.00455	0.00708
10	0.01506	0.15175	0.08404	0.01164	0.04978	0.53495	0.00938	0.06951	0.01228	0.01249	0.00722	0.00836	0.00593	0.00448	0.00391	0.00116	0.00708	0.00297	0.00235	0.00565
11	0.00998	0.01126	0.13589	0.31488	0.29119	0.01025	0.01262	0.06233	0.01017	0.01427	0.00863	0.01141	0.00672	0.00446	0.00461	0.00140	0.02689	0.00389	0.05309	0.00605
12	0.03104	0.09146	0.04677	0.01168	0.11923	0.02320	0.00874	0.36504	0.09973	0.02071	0.01039	0.02305	0.00804	0.00489	0.00414	0.00124	0.00465	0.00385	0.00353	0.11861
13	0.01015	0.00993	0.03527	0.03904	0.54270	0.02520	0.03703	0.01299	0.02951	0.01514	0.15095	0.01504	0.01335	0.00494	0.00455	0.00133	0.00480	0.00469	0.00276	0.04064
14	0.02298	0.11993	0.18344	0.01726	0.33824	0.02778	0.03782	0.06284	0.02362	0.03275	0.01860	0.01074	0.00731	0.01616	0.00452	0.00132	0.01448	0.00368	0.00243	0.05409
15	0.00986	0.17693	0.48610	0.01312	0.08584	0.01174	0.06881	0.01428	0.04526	0.01382	0.02897	0.01028	0.00718	0.00432	0.00411	0.00133	0.00596	0.00353	0.00215	0.00640
16	0.00661	0.00464	0.00602	0.00563	0.00677	0.00426	0.00424	0.00867	0.01256	0.03666	0.75933	0.03341	0.07597	0.00916	0.00526	0.00141	0.00216	0.00807	0.00490	0.00428
17	0.00591	0.00447	0.00563	0.02490	0.00726	0.00426	0.00438	0.00758	0.04969	0.01283	0.14050	0.53504	0.15638	0.01226	0.00549	0.00169	0.00260	0.01094	0.00423	0.00395
18	0.02578	0.12408	0.32729	0.01558	0.19852	0.02322	0.10427	0.06131	0.01041	0.01463	0.00890	0.03268	0.00731	0.00459	0.00430	0.00136	0.00589	0.02117	0.00230	0.00641
19	0.00768	0.00411	0.00597	0.00595	0.00607	0.00420	0.00402	0.00644	0.02497	0.00826	0.00865	0.01479	0.00861	0.06115	0.07404	0.74217	0.00447	0.00412	0.00208	0.00225
20	0.00883	0.00503	0.00620	0.00599	0.00679	0.00484	0.00419	0.00952	0.00832	0.14260	0.01718	0.03118	0.03606	0.53304	0.01631	0.00337	0.00416	0.14913	0.00347	0.00380
21	0.02838	0.20943	0.30102	0.06412	0.19582	0.05927	0.03589	0.03243	0.00995	0.01353	0.00768	0.00942	0.00609	0.00414	0.00398	0.00128	0.00587	0.00332	0.00209	0.00630
22	0.04410	0.12519	0.16411	0.01101	0.04400	0.18368	0.03626	0.13471	0.14236	0.01629	0.04869	0.01147	0.00913	0.00494	0.00414	0.00130	0.00557	0.00378	0.00301	0.00624
23	0.00659	0.00474	0.00648	0.00645	0.00698	0.00533	0.00468	0.00769	0.00708	0.01016	0.01276	0.03194	0.01287	0.28203	0.50740	0.00582	0.03077	0.00538	0.04123	0.00362
24	0.08690	0.01291	0.22293	0.06563	0.01480	0.01037	0.03362	0.23619	0.05811	0.03128	0.02547	0.02773	0.00832	0.00714	0.03364	0.08517	0.02671	0.00406	0.00306	0.00597
25	0.01249	0.08277	0.31980	0.01042	0.04131	0.00936	0.02514	0.06795	0.01113	0.23208	0.04342	0.01369	0.02837	0.02683	0.03727	0.00166	0.00535	0.00415	0.02033	0.00647
26	0.02595	0.09704	0.20564	0.01020	0.05602	0.02915	0.04700	0.03795	0.05228	0.06849	0.09499	0.08213	0.07759	0.00649	0.00469	0.00139	0.02075	0.02853	0.00319	0.05052
27	0.03178	0.42908	0.40621	0.01006	0.01520	0.01399	0.01186	0.01376	0.00922	0.01251	0.00709	0.00827	0.00568	0.00404	0.00353	0.00119	0.00563	0.00283	0.00192	0.00614
28	0.00647	0.00475	0.00671	0.00668	0.00727	0.00540	0.00494	0.00766	0.00701	0.00996	0.01242	0.02036	0.01237	0.23430	0.61351	0.00640	0.02241	0.00521	0.00247	0.00369
29	0.01951	0.00774	0.01040	0.00795	0.01144	0.00671	0.00656	0.03912	0.01283	0.76355	0.01705	0.01485	0.01079	0.00543	0.00444	0.00135	0.00381	0.00440	0.00538	0.04666
30	0.00858	0.00808	0.01365	0.79295	0.06890	0.00997	0.01249	0.01154	0.00900	0.01158	0.00797	0.01188	0.00602	0.00445	0.00447	0.00148	0.00593	0.00398	0.00200	0.00507
31	0.03115	0.01128	0.01255	0.00966	0.01318	0.01209	0.00797	0.59264	0.03648	0.20805	0.01241	0.01184	0.00849	0.00540	0.00445	0.00136	0.00461	0.00413	0.00469	0.00755
32	0.87439	0.00865	0.00657	0.00588	0.00865	0.01003	0.00484	0.01315	0.00761	0.02007	0.00623	0.00727	0.00484	0.00415	0.00277	0.00138	0.00346	0.00242	0.00277	0.00484
33	0.02319	0.00503	0.00543	0.00528	0.00550	0.01908	0.00319	0.02529	0.00713	0.00985	0.01356	0.02690	0.01515	0.72746	0.02040	0.00392	0.02566	0.00612	0.04882	0.00304
34	0.00770	0.00689	0.02585	0.04728	0.15677	0.00653	0.03357	0.01079	0.08207	0.01566	0.35181	0.03968	0.18169	0.00794	0.00501	0.00144	0.00331	0.00703	0.00395	0.00505
35	0.01530	0.00740	0.00940	0.00755	0.01039	0.00686	0.00609	0.07956	0.07199	0.46728	0.18072	0.01973	0.05309	0.00648	0.00465	0.00137	0.00344	0.00539	0.00509	0.03821
36	0.01194	0.07805	0.03406	0.01115	0.07488	0.06523	0.05382	0.10215	0.41325	0.01752	0.01331	0.01323	0.01017	0.00515	0.00430	0.00134	0.00451	0.00428	0.00365	0.07801
37	0.00963	0.09652	0.46562	0.05107	0.16644	0.01097	0.04202	0.01385	0.03012	0.01388	0.02722	0.01064	0.00716	0.00491	0.01976	0.00148	0.01654	0.00364	0.00212	0.00641
38	0.01211	0.14220	0.02728	0.00935	0.02525	0.01233	0.00760	0.10860	0.54493	0.03892	0.01512	0.01426	0.01141	0.00556	0.00427	0.00140	0.00398	0.00446	0.00407	0.00693
39	0.00589	0.00456	0.00536	0.00516	0.00641	0.00403	0.00387	0.00758	0.01161	0.01545	0.48659	0.03751	0.36970	0.01007	0.00528	0.00145	0.00218	0.00866	0.00460	0.00403
40	0.00853	0.02503	0.16487	0.00994	0.07657	0.00840	0.00839	0.01347	0.19615	0.01549	0.20773	0.04433	0.12622	0.00730	0.00551	0.00149	0.06533	0.00603	0.00363	0.00558
41	0.00546	0.00392	0.00519	0.00617	0.00648	0.00365	0.00413	0.00628	0.00869	0.01157	0.04061	0.80129	0.05231	0.01384	0.00569	0.00180	0.00258	0.01253	0.00417	0.00365
42	0.01045	0.01004	0.02923	0.04285	0.08729	0.08301	0.02328	0.04634	0.01014	0.01463	0.00811	0.00971	0.00665	0.00381	0.00393	0.00091	0.02542	0.00304	0.01787	0.56332
43	0.02504	0.01690	0.47828	0.01175	0.02805	0.00919	0.07601	0.01600	0.01051	0.23079	0.03380	0.01189	0.00829	0.00468	0.00439	0.00140	0.00568	0.00391	0.00302	0.02042
44	0.87439	0.00865	0.00657	0.00588	0.00865	0.01003	0.00484	0.01315	0.00761	0.02007	0.00623	0.00727	0.00484	0.00415	0.00277	0.00138	0.00346	0.00242	0.00277	0.00484
45	0.02879	0.00836	0.03064	0.00680	0.01080	0.00618	0.00561	0.01159	0.00931	0.03051	0.00811	0.00935	0.00665	0.00340	0.00335	0.00071	0.00341	0.00270	0.00269	0.81103
46	0.00569	0.00402	0.00535	0.00636	0.00671	0.00379	0.00441	0.00662	0.00874	0.01174	0.02431	0.74613	0.02877	0.01364	0.00569	0.00182	0.00272	0.08344	0.02639	0.00369
47	0.01012	0.01211	0.19013	0.02768	0.12855	0.00870	0.01947	0.08064	0.06353	0.01576	0.00954	0.03840	0.00780	0.00437	0.00399	0.00111	0.00456	0.00366	0.00274	0.36715
48	0.02273	0.30164	0.28759	0.01263	0.01752	0.01308	0.24359	0.01385	0.00964	0.01303	0.00794	0.01009	0.00634	0.00410	0.00409	0.00130	0.00617	0.01654	0.00206	0.00608
49	0.00651	0.00434	0.00488	0.00488	0.00488	0.00434	0.00271	0.00651	0.00651	0.00867	0.01409	0.02927	0.01626	0.84279	0.02277	0.00434	0.00434	0.00651	0.00271	0.00271
50	0.01326	0.01006	0.01272	0.00954	0.01320	0.00979	0.09617	0.32157	0.04198	0.09092	0.01226	0.01265	0.04836	0.00487	0.00424	0.00116	0.00442	0.00408	0.00372	0.28503
51	0.03937	0.01026	0.01341	0.01154	0.01173	0.04988	0.00957	0.01116	0.00714	0.01109	0.00593	0.00962	0.00583	0.00756	0.01380	0.00190	0.76947	0.00382	0.00200	0.00490
52	0.01695	0.01144	0.01261	0.00979	0.01325	0.01241	0.00805	0.59788	0.09448	0.15740	0.01259	0.01205	0.00875	0.00546	0.00449	0.00137	0.00461	0.00420	0.00466	0.00756
53	0.00596	0.00474	0.00547	0.00584	0.00711	0.00429	0.00463	0.00755	0.02555	0.01252	0.03656	0.12548	0.49472	0.01179	0.00557	0.00170	0.00285	0.22961	0.00415	0.00392
54	0.00897	0.02314	0.81962	0.01275	0.01936	0.01039	0.01653	0.01417	0.00944	0.01417	0.00803	0.00944	0.00567	0.00425	0.00425	0.00142	0.00661	0.00331	0.00189	0.00661
55	0.00930	0.00803	0.00961	0.00686	0.01085	0.00607	0.02077	0.01132	0.00930	0.01457	0.00797	0.00933	0.00663	0.00332	0.00335	0.00068	0.00340	0.00270	0.00264	0.85329
56	0.00945	0.00956	0.01474	0.01215	0.01326	0.03900	0.16082	0.01111	0.00783	0.01138	0.00781	0.01181	0.00716	0.01236	0.18331	0.00295	0.47392	0.00433	0.00212	0.00493
57	0.00547	0.00390	0.00519	0.00621	0.00646	0.00365	0.00413	0.00623	0.00853	0.01137	0.02448	0.82636	0.02936	0.02783	0.00599	0.00186	0.00262	0.01261	0.00413	0.00362
58	0.00845	0.00795	0.01342	0.83204	0.03081	0.00994	0.01242	0.01143	0.00894	0.01143	0.00795	0.01193	0.00596	0.00447	0.00447	0.00149	0.00596	0.00398	0.00199	0.00497
59	0.01137	0.01201	0.05742	0.09464	0.08065	0.01141	0.47870	0.15204	0.01214	0.01646	0.00941	0.02537	0.00720	0.00433	0.00496	0.00147	0.00664	0.00487	0.00264	0.00627
60	0.00707	0.00507	0.00635	0.00730	0.00770	0.00460	0.00486	0.00743	0.00956	0.01290	0.02579	0.82242	0.03049	0.01480	0.00633	0.00209	0.00315	0.01300	0.00463	0.00446
61	0.85554	0.00971	0.00770	0.00696	0.00981	0.01085	0.00553	0.01419	0.00863	0.02134	0.00780	0.00943	0.00633	0.00517	0.00346	0.00166	0.00400	0.00295	0.00328	0.00564
62	0.00791	0.00566	0.00731	0.00826	0.00903	0.00532	0.00632	0.00888	0.01039	0.01384	0.02533	0.44554	0.02866	0.01401	0.00656	0.00220	0.00388	0.38161	0.00462	0.00469
63	0.01087	0.00923	0.01117	0.00828	0.01234	0.00713	0.04452	0.01250	0.01032	0.01597	0.00954	0.01152	0.00808	0.00437	0.00409	0.00100	0.00406	0.00330	0.00315	0.80858
64	0.01261	0.01065	0.01116	0.01011	0.01272	0.01191	0.00772	0.02456	0.78900	0.02002	0.01950	0.01863	0.01493	0.00704	0.00520	0.00179	0.00407	0.00553	0.00502	0.00783
65	0.01653	0.01170	0.01439	0.01521	0.23608	0.05075	0.00980	0.28733	0.02684	0.20010	0.04111	0.02550	0.02908	0.00635	0.00516	0.00163	0.00523	0.00494	0.00446	0.00782
66	0.00544	0.00393	0.00515	0.00613	0.00646	0.00364	0.00411	0.00624	0.00866	0.01146	0.02584	0.79412	0.07457	0.01386	0.00569	0.00180	0.00258	0.01253	0.00415	0.00364
67	0.01054	0.09608	0.23332	0.01697	0.16000	0.05091	0.31914	0.01407	0.01015	0.01375	0.00914	0.01126	0.02538	0.00416	0.00456	0.00138	0.00654	0.00423	0.00217	0.00625
68	0.01089	0.01073	0.01623	0.26018	0.50464	0.07451	0.01283	0.03190	0.01028	0.01372	0.00822	0.01108	0.00667	0.00421	0.00441	0.00136	0.00571	0.00390	0.00221	0.00633
69	0.87439	0.00865	0.00657	0.00588	0.00865	0.01003	0.00484	0.01315	0.00761	0.02007	0.00623	0.00727	0.00484	0.00415	0.00277	0.00138	0.00346	0.00242	0.00277	0.00484
70	0.00642	0.00510	0.00695	0.00669	0.03464	0.00465	0.03989	0.00839	0.01188	0.01622	0.56032	0.03408	0.22935	0.00927	0.00525	0.00143	0.00250	0.00816	0.00452	0.00429
71	0.00610	0.00456	0.00566	0.00539	0.00654	0.00412	0.00404	0.00800	0.01212	0.01666	0.64471	0.03552	0.21082	0.00962	0.00528	0.00143	0.00214	0.00839	0.00476	0.00412
72	0.01116	0.01057	0.04676	0.00955	0.01204	0.03400	0.00779	0.04182	0.64761	0.01782	0.02651	0.01558	0.01261	0.00612	0.00543	0.00154	0.07734	0.00483	0.00414	0.00679
73	0.00549	0.00394	0.00522	0.00621	0.00653	0.00367	0.00419	0.00632	0.00869	0.01156	0.03661	0.79464	0.04924	0.01385	0.00570	0.00181	0.00261	0.02591	0.00416	0.00365
74	0.00620	0.00497	0.00603	0.03384	0.00772	0.00495	0.00458	0.00814	0.06014	0.01239	0.09451	0.20395	0.33386	0.05466	0.12410	0.00253	0.02095	0.00864	0.00380	0.00404
75	0.01162	0.01130	0.03112	0.03543	0.57673	0.02899	0.08637	0.09137	0.02674	0.01574	0.00876	0.01112	0.00713	0.00430	0.00485	0.00137	0.03362	0.00409	0.00247	0.00688
76	0.01058	0.44615	0.33457	0.01005	0.03357	0.01387	0.01112	0.01356	0.00927	0.01233	0.00710	0.00830	0.00580	0.00396	0.00348	0.00113	0.00541	0.00281	0.00196	0.06499
77	0.00699	0.00555	0.00784	0.00751	0.00802	0.00672	0.00574	0.00817	0.00700	0.01012	0.01136	0.01853	0.01127	0.18666	0.53196	0.00575	0.14956	0.00498	0.00238	0.00390
78	0.01018	0.01230	0.16908	0.05766	0.09422	0.02093	0.09622	0.01783	0.36608	0.01609	0.03488	0.01516	0.04166	0.00538	0.00457	0.00145	0.00485	0.00475	0.00334	0.02336
79	0.00626	0.00457	0.00589	0.00556	0.00664	0.00419	0.00417	0.00831	0.01250	0.01756	0.76327	0.03403	0.09170	0.00929	0.00528	0.00141	0.00212	0.00818	0.00487	0.00419
80	0.00834	0.00417	0.00417	0.00417	0.00521	0.00417	0.00313	0.01042	0.00938	0.01668	0.01459	0.01668	0.01147	0.00521	0.00313	0.00104	0.00208	0.00417	0.86763	0.00417
81	0.01141	0.01358	0.15097	0.05293	0.47423	0.07289	0.05135	0.06487	0.03731	0.01513	0.00872	0.01082	0.00694	0.00424	0.00442	0.00135	0.00579	0.00389	0.00238	0.00676
82	0.01139	0.01529	0.32839	0.01817	0.35225	0.01036	0.01357	0.08486	0.01113	0.07887	0.02759	0.01125	0.00770	0.00445	0.00439	0.00137	0.00559	0.00386	0.00261	0.00692
83	0.73322	0.05119	0.00812	0.00660	0.00939	0.08893	0.00542	0.02838	0.00842	0.01887	0.00638	0.00740	0.00503	0.00420	0.00293	0.00134	0.00400	0.00250	0.00271	0.00497
84	0.02900	0.22947	0.05255	0.01387	0.15619	0.03023	0.16771	0.11422	0.03738	0.05086	0.03323	0.01243	0.04406	0.00472	0.00422	0.00129	0.00530	0.00417	0.00282	0.00628
85	0.00913	0.00638	0.00792	0.00740	0.04456	0.00598	0.00539	0.02824	0.10955	0.10681	0.36385	0.04389	0.11743	0.00767	0.00481	0.00134	0.00286	0.00661	0.00442	0.11577
86	0.00545	0.00391	0.00518	0.00619	0.00648	0.00364	0.00414	0.00623	0.00860	0.01143	0.02511	0.82238	0.04679	0.01396	0.00570	0.00181	0.00259	0.01264	0.00415	0.00364
87	0.01162	0.01053	0.01064	0.00995	0.04060	0.06906	0.00745	0.03580	0.70880	0.01817	0.01693	0.01578	0.01276	0.00588	0.00451	0.00148	0.00395	0.00485	0.00431	0.00695
88	0.00994	0.00834	0.00963	0.00694	0.01088	0.00664	0.00558	0.07897	0.01029	0.01575	0.00819	0.00940	0.00671	0.00349	0.00341	0.00072	0.00345	0.00277	0.00281	0.79610
89	0.00985	0.05832	0.70826	0.01241	0.01857	0.04704	0.02828	0.01456	0.00971	0.04108	0.00824	0.00952	0.00588	0.00428	0.00421	0.00139	0.00652	0.00332	0.00204	0.00653
90	0.01056	0.01207	0.02640	0.01885	0.02338	0.01131	0.79864	0.01433	0.01056	0.01433	0.00905	0.01207	0.00679	0.00377	0.00528	0.00151	0.00754	0.00528	0.00226	0.00603
91	0.01959	0.00771	0.01034	0.00797	0.01137	0.00681	0.00657	0.04217	0.02785	0.76655	0.01742	0.01516	0.01104	0.00554	0.00447	0.00138	0.00380	0.00449	0.02225	0.00754
92	0.01044	0.00956	0.01561	0.47668	0.17159	0.01080	0.09224	0.13168	0.01117	0.01485	0.00857	0.01160	0.00650	0.00445	0.00455	0.00144	0.00585	0.00412	0.00243	0.00587
93	0.00541	0.00460	0.00468	0.00471	0.00619	0.00390	0.00354	0.00672	0.02171	0.01219	0.04399	0.06334	0.76669	0.01134	0.00530	0.00153	0.00233	0.02383	0.00416	0.00383
94	0.00545	0.00389	0.00519	0.00623	0.00649	0.00363	0.00415	0.00623	0.00856	0.01142	0.02465	0.83987	0.02959	0.01401	0.00571	0.00182	0.00260	0.01272	0.00415	0.00363
95	0.01080	0.01220	0.11694	0.02544	0.69838	0.01062	0.03256	0.01380	0.01010	0.01455	0.00838	0.01089	0.00690	0.00401	0.00443	0.00134	0.00553	0.00393	0.00218	0.00700
96	0.00552	0.00392	0.00517	0.00614	0.00638	0.00368	0.00406	0.00625	0.00843	0.01124	0.02397	0.78763	0.02873	0.06743	0.00681	0.00198	0.00271	0.01232	0.00406	0.00357
97	0.00568	0.00406	0.00511	0.00586	0.00633	0.00377	0.00398	0.00656	0.00882	0.01176	0.05305	0.61246	0.12266	0.07276	0.00678	0.00192	0.00267	0.02527	0.03688	0.00363
98	0.50741	0.17816	0.05582	0.00823	0.04959	0.04530	0.01854	0.01406	0.00873	0.06932	0.00725	0.00818	0.00565	0.00419	0.00315	0.00129	0.00426	0.00274	0.00268	0.00544
99	0.01030	0.02088	0.05555	0.07916	0.30663	0.11647	0.03534	0.01267	0.02160	0.01283	0.01199	0.01539	0.07354	0.00822	0.08186	0.00198	0.09177	0.03568	0.00245	0.00570
100	0.01000	0.00972	0.03045	0.06723	0.20843	0.00874	0.18890	0.02302	0.02193	0.01468	0.02025	0.01124	0.00750	0.00389	0.00418	0.00113	0.00495	0.00385	0.03177	0.32815
101	0.00622	0.00446	0.00607	0.00707	0.00770	0.00431	0.00548	0.00758	0.00937	0.01231	0.02476	0.47052	0.04807	0.01321	0.00591	0.00192	0.00326	0.35380	0.00414	0.00385
102	0.01985	0.00796	0.01060	0.00812	0.01159	0.00709	0.00671	0.07706	0.01339	0.76190	0.01716	0.01491	0.01083	0.00552	0.00450	0.00138	0.00389	0.00446	0.00546	0.00761
103	0.01021	0.05558	0.08916	0.02591	0.28423	0.01034	0.06272	0.01608	0.25684	0.01563	0.06790	0.02900	0.04579	0.00547	0.00454	0.00141	0.00462	0.00491	0.00319	0.00648
104	0.00651	0.00434	0.00488	0.00488	0.00488	0.00434	0.00271	0.00651	0.00651	0.00867	0.01409	0.02927	0.01626	0.84279	0.02277	0.00434	0.00434	0.00651	0.00271	0.00271
105	0.01076	0.01049	0.01834	0.10459	0.63797	0.01064	0.09342	0.01381	0.02974	0.01438	0.00868	0.01139	0.00711	0.00406	0.00452	0.00137	0.00556	0.00414	0.00225	0.00677
106	0.00573	0.00417	0.00539	0.00600	0.00659	0.00386	0.00421	0.00689	0.00968	0.01298	0.20125	0.53199	0.10893	0.02641	0.00588	0.00175	0.00256	0.04766	0.00430	0.00379
107	0.00869	0.04518	0.05758	0.00918	0.08162	0.00800	0.00679	0.04196	0.24769	0.01564	0.12241	0.14938	0.15733	0.00817	0.00482	0.00149	0.00341	0.00702	0.01814	0.00549
108	0.00663	0.00521	0.00638	0.00628	0.00783	0.00446	0.00472	0.00796	0.00930	0.01262	0.02428	0.36681	0.17387	0.01057	0.00509	0.00150	0.00293	0.11764	0.00377	0.22215
109	0.00833	0.00793	0.02875	0.09578	0.28648	0.04366	0.00875	0.01021	0.00960	0.01286	0.05412	0.28438	0.07281	0.00953	0.04480	0.00180	0.00460	0.00738	0.00309	0.00514
110	0.26023	0.00644	0.00639	0.00571	0.00769	0.00675	0.00451	0.06075	0.01015	0.12498	0.04855	0.05414	0.01152	0.00556	0.00351	0.00126	0.00291	0.00429	0.36965	0.00501
111	0.03017	0.00634	0.00800	0.01827	0.00889	0.00688	0.00593	0.08563	0.01090	0.06001	0.19516	0.06251	0.08535	0.03332	0.06538	0.02131	0.11094	0.11652	0.06383	0.00466
112	0.00727	0.00417	0.00609	0.00609	0.00630	0.00438	0.00422	0.00647	0.00626	0.00856	0.00954	0.01628	0.00956	0.10619	0.23197	0.55147	0.00608	0.00440	0.00214	0.00257
113	0.01339	0.04442	0.01169	0.00937	0.01221	0.06568	0.00755	0.33914	0.31453	0.02116	0.02676	0.02941	0.04599	0.00621	0.00454	0.00142	0.00438	0.03115	0.00423	0.00678
114	0.01115	0.01107	0.03348	0.02641	0.76403	0.02719	0.01352	0.01406	0.02912	0.01463	0.00861	0.01111	0.00719	0.00405	0.00442	0.00133	0.00535	0.00398	0.00227	0.00704
115	0.22770	0.17623	0.06094	0.01388	0.25339	0.06055	0.00929	0.05368	0.04799	0.02448	0.00799	0.00933	0.00647	0.00422	0.00365	0.00126	0.00481	0.00320	0.00255	0.02840
116	0.19395	0.07956	0.15075	0.01427	0.22677	0.04710	0.01048	0.04823	0.01944	0.03598	0.00783	0.00964	0.00631	0.00515	0.01755	0.00149	0.11362	0.00339	0.00244	0.00604
117	0.70164	0.00868	0.00753	0.00717	0.04081	0.00999	0.00549	0.03981	0.03922	0.01922	0.00760	0.00974	0.00629	0.04005	0.00418	0.00154	0.02506	0.01811	0.00288	0.00501
118	0.00668	0.00482	0.00599	0.00634	0.03884	0.00495	0.00391	0.00751	0.02492	0.00990	0.03132	0.02699	0.07203	0.55426	0.17896	0.00446	0.00568	0.00627	0.00281	0.00335
119	0.01001	0.01455	0.30917	0.03513	0.22464	0.01046	0.04247	0.03792	0.07106	0.02527	0.01012	0.01290	0.02217	0.04573	0.00646	0.00162	0.09632	0.01527	0.00244	0.00629
120	0.00927	0.01986	0.12096	0.05217	0.26547	0.00908	0.10053	0.01239	0.04423	0.01412	0.08684	0.09344	0.01279	0.02546	0.02153	0.00160	0.04417	0.00529	0.00274	0.05806
121	0.02740	0.09766	0.00892	0.00765	0.03808	0.02520	0.00549	0.02932	0.00900	0.01209	0.06281	0.36589	0.07760	0.10320	0.02811	0.00205	0.08355	0.00835	0.00340	0.00423
122	0.02573	0.03778	0.06059	0.01030	0.10464	0.06519	0.00754	0.11829	0.04019	0.10156	0.16887	0.12338	0.05358	0.02273	0.01873	0.00158	0.02378	0.00610	0.00380	0.00564
123	0.04508	0.17840	0.11337	0.02699	0.14360	0.02907	0.00917	0.13295	0.06034	0.02640	0.06478	0.07142	0.01102	0.00540	0.00411	0.00128	0.00463	0.00440	0.00302	0.06457
124	0.01099	0.20781	0.11203	0.06048	0.17597	0.06531	0.04225	0.08631	0.01108	0.01452	0.07154	0.02887	0.04241	0.00503	0.00413	0.00125	0.00510	0.00416	0.00266	0.04811
125	0.02249	0.25922	0.13830	0.05074	0.09394	0.03761	0.02413	0.07666	0.01042	0.03230	0.00992	0.04921	0.03473	0.00486	0.00403	0.00119	0.01874	0.00380	0.00255	0.12516
126	0.01141	0.12440	0.19608	0.01128	0.09218	0.12185	0.00973	0.11376	0.07570	0.02561	0.05447	0.02472	0.08325	0.01810	0.00454	0.00135	0.00518	0.00441	0.00299	0.01901
127	0.05761	0.16548	0.11623	0.03493	0.17944	0.07969	0.03244	0.02689	0.10843	0.05810	0.04191	0.02766	0.00923	0.00491	0.00434	0.00131	0.02552	0.00394	0.00280	0.01915
128	0.01139	0.17961	0.15328	0.04910	0.14531	0.09549	0.02070	0.05788	0.03862	0.05606	0.03473	0.02611	0.05591	0.02733	0.00466	0.00137	0.00523	0.01742	0.00275	0.01703
129	0.04320	0.16382	0.29188	0.01191	0.08517	0.08636	0.03051	0.07049	0.06191	0.04536	0.02753	0.02656	0.00799	0.00470	0.00405	0.00129	0.00554	0.00367	0.00262	0.02546
130	0.07926	0.10267	0.18652	0.01234	0.10475	0.10887	0.07139	0.05494	0.08394	0.08085	0.01156	0.01287	0.04372	0.00500	0.00421	0.00135	0.00543	0.02121	0.00290	0.00621

[dist]
# distance from previous block
# <min> <max>
0	97

# created by:
# /st0/software/busco_prod/Augustus/scripts/msa2prfl.pl ./align_prep/108107.fa
