[name]
unknown

[dist]
# distance from previous block
# <min> <max>
0	62

[block]
# block no. 0 follows, 50 sequences, length 17
# corresponding to MSA columns:
# 349-363,366,367
name=unknown_A
#
# <colnr> <probs for GDERKNQSTAVLIFYWHMCP>
#	G	D	E	R	K	N	Q	S	T	A	V	L	I	F	Y	W	H	M	C	P
0	0.03049	0.14705	0.02688	0.00897	0.01179	0.18413	0.00738	0.04369	0.03486	0.12747	0.17181	0.05484	0.06303	0.00720	0.00481	0.00142	0.00499	0.01924	0.00403	0.04592
1	0.01350	0.07876	0.15768	0.03841	0.01566	0.01152	0.02389	0.19943	0.08220	0.07507	0.01144	0.01228	0.00858	0.00622	0.03401	0.00156	0.00553	0.00401	0.00359	0.21667
2	0.01205	0.05272	0.22100	0.13925	0.17847	0.03515	0.04809	0.08410	0.03891	0.05026	0.03804	0.04389	0.00997	0.00551	0.00492	0.00154	0.00613	0.00476	0.00300	0.02225
3	0.02754	0.07228	0.15346	0.01397	0.10120	0.07456	0.08481	0.08572	0.08108	0.14962	0.03519	0.01377	0.01004	0.01901	0.00566	0.00158	0.03982	0.00456	0.00358	0.02257
4	0.01149	0.01191	0.01485	0.01285	0.01313	0.09115	0.01058	0.01263	0.00828	0.01200	0.00694	0.01109	0.00678	0.00959	0.04869	0.00234	0.70373	0.00429	0.00224	0.00544
5	0.01459	0.20541	0.05486	0.08753	0.16455	0.04420	0.03645	0.19892	0.04687	0.07032	0.01056	0.01204	0.00820	0.01858	0.00490	0.00147	0.00580	0.00413	0.00332	0.00728
6	0.01195	0.01391	0.11530	0.12603	0.46797	0.05309	0.08599	0.01565	0.03304	0.01566	0.00954	0.01234	0.00764	0.00463	0.00499	0.00153	0.00653	0.00445	0.00247	0.00731
7	0.00667	0.00510	0.00714	0.00912	0.08317	0.00481	0.00561	0.00776	0.00982	0.01311	0.02705	0.69901	0.07409	0.01436	0.00620	0.00195	0.00316	0.01302	0.00442	0.00443
8	0.00777	0.00497	0.00628	0.00664	0.00761	0.00450	0.00467	0.00893	0.01071	0.08926	0.11087	0.48147	0.17221	0.05110	0.00698	0.00200	0.00299	0.01175	0.00479	0.00453
9	0.04010	0.07648	0.20983	0.01464	0.09149	0.07945	0.12613	0.11125	0.02866	0.15728	0.01136	0.01223	0.00816	0.00507	0.00483	0.00151	0.00641	0.00431	0.00341	0.00740
10	0.09830	0.03907	0.08357	0.01188	0.10072	0.04744	0.00926	0.07204	0.05809	0.36342	0.02876	0.01424	0.01053	0.00560	0.00468	0.00149	0.00495	0.00445	0.00452	0.03698
11	0.00794	0.00611	0.00781	0.00847	0.08359	0.00567	0.00565	0.01051	0.04865	0.04430	0.40066	0.03692	0.29450	0.01017	0.00572	0.00160	0.00289	0.00879	0.00491	0.00512
12	0.03028	0.01402	0.08857	0.04233	0.03535	0.12600	0.00954	0.29164	0.07680	0.08474	0.01511	0.11541	0.03392	0.00712	0.00506	0.00157	0.00557	0.00571	0.00420	0.00707
13	0.05382	0.05990	0.06244	0.01876	0.22509	0.11029	0.19897	0.15742	0.01386	0.03768	0.00980	0.01171	0.00756	0.00481	0.00493	0.00149	0.00673	0.00445	0.00304	0.00724
14	0.00651	0.00491	0.00669	0.02760	0.03694	0.00477	0.00529	0.00752	0.00962	0.01280	0.02688	0.69152	0.07253	0.03582	0.00695	0.00205	0.01997	0.01299	0.00440	0.00424
15	0.09567	0.35169	0.01826	0.01133	0.08801	0.13600	0.02506	0.03010	0.05881	0.01502	0.07767	0.01254	0.01092	0.00671	0.04164	0.00162	0.00590	0.00389	0.00289	0.00625
16	0.04829	0.06300	0.01932	0.05758	0.47672	0.03162	0.08662	0.04742	0.01176	0.03332	0.03227	0.01345	0.02533	0.00500	0.00518	0.00151	0.02695	0.00463	0.00278	0.00723

[dist]
# distance from previous block
# <min> <max>
0	2

[block]
# block no. 1 follows, 50 sequences, length 24
# corresponding to MSA columns:
# 370-379,381-394
name=unknown_B
#
# <colnr> <probs for GDERKNQSTAVLIFYWHMCP>
#	G	D	E	R	K	N	Q	S	T	A	V	L	I	F	Y	W	H	M	C	P
0	0.01100	0.01189	0.02442	0.11607	0.08365	0.01172	0.53177	0.01461	0.01118	0.01518	0.01125	0.08271	0.00962	0.00546	0.00612	0.00171	0.03634	0.00625	0.00265	0.00639
1	0.01042	0.05176	0.01558	0.38117	0.07583	0.04407	0.02718	0.01278	0.00952	0.01272	0.00908	0.04697	0.00803	0.00757	0.03672	0.00199	0.23584	0.00475	0.00236	0.00565
2	0.00687	0.00562	0.00696	0.00776	0.07475	0.00503	0.00514	0.00865	0.01226	0.01600	0.30954	0.07383	0.42713	0.01118	0.00582	0.00164	0.00277	0.00962	0.00475	0.00469
3	0.01137	0.01339	0.13168	0.16549	0.32003	0.02334	0.12621	0.03564	0.05409	0.01597	0.01126	0.03476	0.02382	0.00518	0.00511	0.00158	0.00640	0.00497	0.00269	0.00703
4	0.01182	0.01234	0.10393	0.05569	0.46923	0.01050	0.04207	0.01495	0.01138	0.05623	0.04576	0.01439	0.03235	0.00499	0.00490	0.00144	0.00563	0.00467	0.00286	0.09485
5	0.01504	0.00942	0.01144	0.00877	0.01246	0.00867	0.00712	0.11310	0.05587	0.25460	0.05256	0.01439	0.01141	0.00551	0.00516	0.00125	0.05023	0.00430	0.00438	0.35431
6	0.01221	0.02485	0.21197	0.02917	0.04178	0.01234	0.06205	0.09774	0.38908	0.01987	0.03661	0.01562	0.01214	0.00596	0.00503	0.00162	0.00535	0.00504	0.00398	0.00758
7	0.00966	0.00912	0.01540	0.74552	0.09969	0.01114	0.01397	0.01296	0.01009	0.01304	0.00890	0.01321	0.00675	0.00494	0.00498	0.00165	0.00658	0.00443	0.00224	0.00574
8	0.01458	0.09474	0.01488	0.05967	0.09784	0.14182	0.00946	0.22976	0.17585	0.01988	0.01536	0.01568	0.07658	0.00619	0.00482	0.00148	0.00558	0.00485	0.00387	0.00711
9	0.01000	0.02578	0.79900	0.01421	0.02157	0.01158	0.01842	0.01579	0.01052	0.01579	0.00895	0.01052	0.00631	0.00474	0.00474	0.00158	0.00737	0.00368	0.00210	0.00737
10	0.01051	0.00859	0.01027	0.04329	0.01248	0.00707	0.00634	0.04274	0.03059	0.03538	0.03526	0.08146	0.01113	0.00520	0.00416	0.00099	0.00380	0.00435	0.00335	0.64303
11	0.01501	0.01099	0.01307	0.01142	0.05682	0.01174	0.04230	0.26796	0.26737	0.12289	0.02004	0.01916	0.10471	0.00689	0.00516	0.00159	0.00462	0.00571	0.00487	0.00767
12	0.00997	0.00830	0.00938	0.05576	0.01153	0.07746	0.03126	0.06798	0.05774	0.05495	0.04770	0.34616	0.12076	0.03059	0.00641	0.00183	0.02326	0.00938	0.00426	0.02531
13	0.00997	0.01405	0.22428	0.05380	0.08743	0.02399	0.20269	0.01403	0.04060	0.01607	0.13154	0.08601	0.04143	0.00677	0.00567	0.00165	0.02417	0.00634	0.00318	0.00632
14	0.01089	0.05603	0.01287	0.07527	0.03282	0.10452	0.10926	0.01320	0.01274	0.08321	0.28006	0.02640	0.14644	0.00792	0.00539	0.00154	0.00476	0.00694	0.00413	0.00559
15	0.01685	0.15374	0.01603	0.01041	0.01425	0.01523	0.00882	0.57922	0.02010	0.02647	0.01441	0.01438	0.07553	0.00626	0.00476	0.00144	0.00520	0.00469	0.00446	0.00775
16	0.01013	0.02499	0.75470	0.01514	0.06550	0.01159	0.01824	0.01576	0.01057	0.01581	0.00897	0.01063	0.00640	0.00472	0.00475	0.00157	0.00728	0.00373	0.00213	0.00740
17	0.00818	0.00651	0.00650	0.00642	0.00676	0.07383	0.00402	0.00853	0.00800	0.01020	0.01507	0.05166	0.01687	0.63764	0.11555	0.00482	0.00615	0.00687	0.00299	0.00346
18	0.04408	0.05232	0.01696	0.01337	0.01545	0.19032	0.11190	0.09940	0.03549	0.01534	0.00833	0.01094	0.00708	0.00661	0.00964	0.00175	0.34790	0.00422	0.00274	0.00614
19	0.00607	0.00434	0.00578	0.00694	0.00723	0.00405	0.00463	0.00694	0.00954	0.01272	0.02747	0.82157	0.03297	0.01562	0.00636	0.00202	0.00289	0.01417	0.00463	0.00405
20	0.05206	0.00760	0.00916	0.00776	0.01007	0.00742	0.02944	0.10096	0.07790	0.04379	0.38399	0.02755	0.08621	0.03001	0.00581	0.00157	0.00340	0.00705	0.00478	0.10347
21	0.01249	0.01191	0.01899	0.12955	0.59965	0.03470	0.02558	0.05650	0.03202	0.01664	0.00970	0.01252	0.00791	0.00467	0.00495	0.00151	0.00606	0.00446	0.00264	0.00754
22	0.08584	0.03608	0.03423	0.06482	0.03055	0.03851	0.00910	0.35752	0.10410	0.07490	0.03035	0.01310	0.00972	0.00598	0.00522	0.01388	0.02567	0.00440	0.00424	0.05178
23	0.25609	0.02992	0.01217	0.05157	0.09592	0.03186	0.04394	0.12728	0.03299	0.07445	0.07436	0.05225	0.06745	0.00655	0.00486	0.00157	0.02142	0.00523	0.00381	0.00631

[dist]
# distance from previous block
# <min> <max>
2	17

[block]
# block no. 2 follows, 50 sequences, length 14
# corresponding to MSA columns:
# 412-424,426
name=unknown_C
#
# <colnr> <probs for GDERKNQSTAVLIFYWHMCP>
#	G	D	E	R	K	N	Q	S	T	A	V	L	I	F	Y	W	H	M	C	P
0	0.00788	0.00607	0.00775	0.00811	0.05520	0.00586	0.00559	0.04182	0.05729	0.01840	0.46294	0.14927	0.13350	0.01057	0.00581	0.00165	0.00289	0.00930	0.00503	0.00507
1	0.09859	0.04416	0.03478	0.11478	0.09504	0.13383	0.01931	0.04695	0.02797	0.04239	0.01127	0.03725	0.04068	0.02814	0.02364	0.00187	0.18584	0.00466	0.00289	0.00597
2	0.00755	0.00512	0.00647	0.00649	0.00768	0.00460	0.00471	0.00915	0.01192	0.06508	0.32318	0.31802	0.16671	0.01214	0.00595	0.00173	0.00273	0.01072	0.00501	0.02505
3	0.05793	0.06967	0.05288	0.08627	0.17026	0.17577	0.07930	0.07775	0.05292	0.01626	0.03066	0.03174	0.00929	0.00639	0.02783	0.00169	0.03936	0.00451	0.00293	0.00656
4	0.01437	0.40230	0.10677	0.01265	0.07821	0.14290	0.05631	0.08773	0.01235	0.03220	0.00842	0.00968	0.00691	0.00467	0.00408	0.00128	0.00636	0.00342	0.00261	0.00679
5	0.00647	0.00479	0.00607	0.00678	0.00745	0.00451	0.00469	0.00814	0.04202	0.01427	0.14902	0.59070	0.10831	0.01411	0.00619	0.00191	0.00281	0.01266	0.00478	0.00432
6	0.01315	0.00712	0.00899	0.00797	0.01024	0.00677	0.00625	0.04750	0.09409	0.28398	0.19282	0.15588	0.07996	0.00955	0.00560	0.00169	0.00353	0.05317	0.00540	0.00634
7	0.11384	0.04097	0.03581	0.08198	0.37194	0.12228	0.08389	0.01553	0.01104	0.01572	0.00862	0.01127	0.00710	0.00484	0.00537	0.00152	0.05487	0.00411	0.00250	0.00681
8	0.03274	0.05766	0.01061	0.00826	0.01086	0.00960	0.00659	0.17965	0.15001	0.09964	0.17885	0.04093	0.15067	0.03443	0.00587	0.00167	0.00383	0.00680	0.00488	0.00643
9	0.00658	0.00498	0.00722	0.00761	0.00821	0.00467	0.05079	0.00766	0.00974	0.01307	0.07089	0.65372	0.03092	0.08900	0.00805	0.00223	0.00337	0.01273	0.00440	0.00415
10	0.20426	0.02913	0.10173	0.08465	0.25103	0.01210	0.07721	0.05978	0.03586	0.01805	0.02639	0.01191	0.00805	0.00509	0.00526	0.00158	0.05418	0.00419	0.00283	0.00676
11	0.08582	0.10255	0.08610	0.05461	0.30080	0.04851	0.08543	0.07997	0.06325	0.01741	0.01009	0.02577	0.00819	0.00497	0.00468	0.00149	0.00599	0.00437	0.00287	0.00714
12	0.01314	0.07768	0.01702	0.07486	0.30960	0.08206	0.03110	0.06214	0.24625	0.01755	0.01247	0.01367	0.00980	0.00531	0.00483	0.00151	0.00563	0.00459	0.00336	0.00743
13	0.14099	0.02738	0.03538	0.01449	0.17061	0.05721	0.07787	0.06556	0.09309	0.17991	0.01343	0.06146	0.01055	0.00584	0.00477	0.00154	0.00523	0.00498	0.00389	0.02581

[dist]
# distance from previous block
# <min> <max>
9	15

[block]
# block no. 3 follows, 50 sequences, length 52
# corresponding to MSA columns:
# 444-495
name=unknown_D
#
# <colnr> <probs for GDERKNQSTAVLIFYWHMCP>
#	G	D	E	R	K	N	Q	S	T	A	V	L	I	F	Y	W	H	M	C	P
0	0.03719	0.02658	0.03926	0.03772	0.18030	0.07146	0.01008	0.24184	0.06410	0.13915	0.06376	0.01526	0.02698	0.00594	0.00491	0.00150	0.00530	0.00484	0.01631	0.00749
1	0.01301	0.01375	0.05560	0.10753	0.47310	0.10828	0.03159	0.06243	0.02442	0.01621	0.00933	0.01199	0.00760	0.00490	0.00537	0.00152	0.03916	0.00431	0.00262	0.00728
2	0.00873	0.00701	0.00841	0.04529	0.01045	0.00720	0.00604	0.01426	0.22887	0.01891	0.41000	0.07205	0.07626	0.00905	0.00551	0.00159	0.00311	0.00787	0.00498	0.05441
3	0.00610	0.00441	0.00572	0.00674	0.00713	0.00409	0.00451	0.00697	0.00961	0.01269	0.02891	0.73579	0.09209	0.04105	0.00693	0.00209	0.00292	0.01366	0.00458	0.00403
4	0.01183	0.07057	0.04594	0.05013	0.08917	0.02235	0.08112	0.09037	0.01199	0.02642	0.02524	0.01176	0.00836	0.00507	0.02087	0.00126	0.00520	0.00380	0.00302	0.41553
5	0.01244	0.01160	0.01961	0.04955	0.73346	0.01157	0.01480	0.01537	0.01135	0.03466	0.00959	0.01241	0.00795	0.00447	0.00490	0.00147	0.00584	0.00441	0.00256	0.03198
6	0.01023	0.00874	0.01022	0.00735	0.01167	0.00658	0.00587	0.01245	0.01046	0.01636	0.03367	0.01119	0.00864	0.00390	0.00376	0.00076	0.00365	0.00315	0.00303	0.82831
7	0.00704	0.00475	0.00621	0.00708	0.00766	0.00447	0.00484	0.00838	0.03374	0.05039	0.02744	0.73948	0.05002	0.01482	0.00625	0.00198	0.00298	0.01338	0.00471	0.00438
8	0.01017	0.05187	0.75387	0.01443	0.04078	0.01185	0.01801	0.01574	0.01053	0.01566	0.00889	0.01049	0.00636	0.00471	0.00469	0.00156	0.00726	0.00367	0.00211	0.00735
9	0.01228	0.01175	0.01992	0.04679	0.75993	0.01184	0.01510	0.01550	0.02878	0.01631	0.00961	0.01250	0.00803	0.00451	0.00494	0.00149	0.00589	0.00447	0.00252	0.00785
10	0.00988	0.00851	0.00959	0.00738	0.01099	0.02530	0.00576	0.01249	0.04892	0.01612	0.06624	0.05821	0.04952	0.02876	0.00479	0.00109	0.00367	0.00459	0.00339	0.62479
11	0.01450	0.01257	0.15571	0.01223	0.01626	0.00983	0.15691	0.06533	0.04633	0.26575	0.10925	0.04091	0.01477	0.00646	0.00588	0.00163	0.04857	0.00566	0.00428	0.00716
12	0.02006	0.00954	0.06280	0.00911	0.01296	0.00771	0.00790	0.04575	0.02601	0.64968	0.04785	0.03511	0.02878	0.00656	0.00507	0.00156	0.00435	0.00537	0.00576	0.00808
13	0.01258	0.38042	0.36901	0.01139	0.01689	0.07276	0.01297	0.01603	0.01075	0.04382	0.00837	0.00954	0.00659	0.00461	0.00405	0.00133	0.00646	0.00325	0.00231	0.00686
14	0.01019	0.00970	0.01656	0.60144	0.22424	0.01130	0.02923	0.01344	0.01035	0.01369	0.00901	0.01305	0.00698	0.00483	0.00499	0.00162	0.00650	0.00446	0.00228	0.00615
15	0.00664	0.00540	0.00575	0.00567	0.00727	0.00477	0.00423	0.04404	0.01200	0.01485	0.11517	0.12786	0.60401	0.01240	0.00590	0.00170	0.00269	0.01048	0.00473	0.00444
16	0.01149	0.01330	0.12268	0.10728	0.49701	0.01182	0.07504	0.01484	0.01087	0.01551	0.00928	0.01239	0.00757	0.00550	0.02439	0.00172	0.04516	0.00447	0.00239	0.00729
17	0.00941	0.00886	0.01495	0.81285	0.03433	0.01107	0.01384	0.01274	0.00997	0.01274	0.00886	0.01329	0.00664	0.00498	0.00498	0.00166	0.00664	0.00443	0.00221	0.00554
18	0.04382	0.05150	0.06716	0.04892	0.06923	0.01035	0.00869	0.11930	0.16889	0.14700	0.12028	0.02050	0.08913	0.00697	0.00503	0.00156	0.00443	0.00575	0.00450	0.00698
19	0.00812	0.00614	0.00720	0.00679	0.00840	0.00600	0.00513	0.01221	0.15040	0.04071	0.41603	0.08027	0.21276	0.01034	0.00574	0.00164	0.00276	0.00894	0.00518	0.00523
20	0.61581	0.00960	0.00820	0.00718	0.01020	0.04101	0.00582	0.01611	0.00983	0.15859	0.01047	0.05075	0.00822	0.00550	0.00365	0.00155	0.00404	0.00375	0.02384	0.00587
21	0.00717	0.00515	0.00703	0.00703	0.00758	0.00570	0.00501	0.00827	0.00772	0.01085	0.01425	0.02454	0.01462	0.33717	0.50824	0.00680	0.01011	0.00607	0.00280	0.00391
22	0.05356	0.15679	0.46847	0.01462	0.10877	0.01290	0.03355	0.01591	0.04828	0.01569	0.00944	0.02394	0.00737	0.00488	0.00449	0.00149	0.00647	0.00387	0.00240	0.00712
23	0.04381	0.01900	0.05271	0.04006	0.18589	0.44678	0.05618	0.05428	0.01336	0.03004	0.00871	0.01044	0.00699	0.00495	0.00468	0.00140	0.00772	0.00377	0.00271	0.00653
24	0.01214	0.00892	0.00965	0.00856	0.01082	0.05097	0.00660	0.05947	0.27990	0.12275	0.26977	0.05632	0.03900	0.03508	0.00602	0.00172	0.00378	0.00694	0.00512	0.00648
25	0.01218	0.01172	0.02025	0.12608	0.56819	0.01199	0.10069	0.04613	0.02401	0.01649	0.00967	0.01267	0.00784	0.00458	0.00505	0.00153	0.00624	0.00462	0.00259	0.00749
26	0.01228	0.02335	0.10078	0.02281	0.44518	0.05663	0.08924	0.03473	0.01166	0.04007	0.02308	0.07606	0.01029	0.00565	0.00537	0.00156	0.02597	0.00526	0.00282	0.00721
27	0.03312	0.09320	0.26343	0.01836	0.23605	0.04089	0.11051	0.01606	0.02787	0.05273	0.00971	0.01176	0.00754	0.00557	0.02413	0.00168	0.03343	0.00420	0.00258	0.00717
28	0.00626	0.00454	0.00587	0.00663	0.00717	0.00420	0.00453	0.00739	0.01040	0.01394	0.16011	0.60252	0.09469	0.03844	0.00681	0.00200	0.00283	0.01279	0.00473	0.00414
29	0.20619	0.19334	0.01693	0.01273	0.10789	0.13116	0.06684	0.09517	0.05009	0.06249	0.00948	0.01054	0.00743	0.00490	0.00416	0.00140	0.00573	0.00368	0.00315	0.00669
30	0.01059	0.01006	0.01718	0.40758	0.36776	0.01110	0.03304	0.01366	0.01060	0.01438	0.01005	0.05341	0.00854	0.00526	0.00505	0.00160	0.00618	0.00496	0.00245	0.00653
31	0.00866	0.00433	0.00649	0.00649	0.00649	0.00433	0.00433	0.00649	0.00649	0.00866	0.00866	0.01515	0.00866	0.01732	0.01948	0.85498	0.00433	0.00433	0.00216	0.00216
32	0.01467	0.38602	0.15275	0.01091	0.01514	0.24778	0.01052	0.04221	0.03581	0.03062	0.00836	0.00937	0.00686	0.00478	0.00400	0.00126	0.00669	0.00320	0.00253	0.00654
33	0.11041	0.00903	0.01093	0.00838	0.01228	0.00808	0.00685	0.05688	0.03119	0.44871	0.01503	0.01402	0.01014	0.00535	0.00445	0.00133	0.00411	0.00420	0.00489	0.23373
34	0.00688	0.00529	0.00636	0.00611	0.00748	0.00488	0.00458	0.00930	0.04342	0.01755	0.48656	0.05790	0.27865	0.01175	0.02956	0.00181	0.00281	0.00937	0.00510	0.00465
35	0.00679	0.00508	0.00630	0.00600	0.00729	0.00459	0.00450	0.00890	0.01349	0.01853	0.62509	0.03964	0.21396	0.01074	0.00588	0.00159	0.00239	0.00935	0.00529	0.00459
36	0.01556	0.03373	0.05626	0.00986	0.01315	0.01038	0.00837	0.07327	0.30853	0.28376	0.01852	0.03875	0.01393	0.00775	0.02594	0.00182	0.02214	0.04562	0.00503	0.00765
37	0.01312	0.01088	0.01655	0.31423	0.16155	0.02577	0.06678	0.11980	0.02207	0.09803	0.01047	0.01307	0.00787	0.00551	0.00624	0.00164	0.09193	0.00459	0.00311	0.00678
38	0.01743	0.02082	0.01553	0.01338	0.01629	0.60302	0.09002	0.09623	0.01470	0.01468	0.00928	0.01201	0.00781	0.00554	0.00480	0.00140	0.00836	0.03970	0.00291	0.00610
39	0.00995	0.05045	0.01689	0.66881	0.07569	0.01167	0.07075	0.01323	0.01019	0.01313	0.00888	0.01298	0.00677	0.00486	0.00496	0.00162	0.00667	0.00445	0.00225	0.00580
40	0.01338	0.00971	0.01060	0.00914	0.01172	0.03845	0.00717	0.13221	0.29625	0.13171	0.17024	0.04108	0.05471	0.02711	0.00597	0.00169	0.02046	0.00638	0.00507	0.00694
41	0.01994	0.00855	0.02352	0.00921	0.03082	0.00738	0.00741	0.04088	0.01435	0.65036	0.11533	0.01916	0.01637	0.00660	0.00511	0.00154	0.00413	0.00546	0.00590	0.00798
42	0.02181	0.22710	0.28378	0.01041	0.01553	0.03184	0.01117	0.05292	0.03090	0.05345	0.02712	0.01161	0.02220	0.00485	0.00418	0.00127	0.00557	0.00364	0.00284	0.17781
43	0.01279	0.03257	0.01829	0.05667	0.05564	0.06916	0.24257	0.10749	0.13095	0.03117	0.01188	0.01461	0.00950	0.04388	0.04659	0.00210	0.08443	0.00511	0.01800	0.00663
44	0.00743	0.00600	0.00895	0.00858	0.00978	0.00579	0.08646	0.01005	0.07213	0.01533	0.19099	0.48637	0.03185	0.01249	0.00612	0.00187	0.00348	0.02693	0.00463	0.00479
45	0.01259	0.00992	0.01174	0.04662	0.04192	0.02932	0.02160	0.24685	0.10109	0.04518	0.18800	0.02228	0.07825	0.04741	0.01916	0.00186	0.05903	0.00622	0.00448	0.00647
46	0.00722	0.00485	0.00559	0.00561	0.00567	0.00490	0.00324	0.00734	0.00734	0.00984	0.01581	0.04794	0.01810	0.76313	0.06976	0.00496	0.00528	0.00728	0.00303	0.00312
47	0.01034	0.00886	0.01034	0.00738	0.01181	0.00664	0.00591	0.01255	0.01034	0.01624	0.00886	0.01034	0.00738	0.00369	0.00369	0.00074	0.00369	0.00295	0.00295	0.85530
48	0.00606	0.00438	0.00574	0.00683	0.00720	0.00406	0.00458	0.00695	0.00965	0.01277	0.02885	0.77512	0.07852	0.01544	0.00633	0.00200	0.00287	0.01395	0.00463	0.00406
49	0.01263	0.04952	0.01680	0.09458	0.25566	0.12753	0.08936	0.06716	0.01238	0.03240	0.02774	0.03950	0.08074	0.00593	0.00518	0.00148	0.02050	0.00519	0.00304	0.05267
50	0.02176	0.05161	0.05930	0.08422	0.09296	0.04500	0.22682	0.15527	0.02368	0.01763	0.01029	0.01324	0.00823	0.02467	0.08173	0.00223	0.04274	0.00478	0.00297	0.03085
51	0.08465	0.09688	0.11325	0.01150	0.05473	0.02933	0.04593	0.17789	0.07927	0.05871	0.05946	0.06303	0.01224	0.01758	0.00535	0.00155	0.03018	0.00503	0.00373	0.04969

[dist]
# distance from previous block
# <min> <max>
5	11

[block]
# block no. 4 follows, 50 sequences, length 11
# corresponding to MSA columns:
# 511-521
name=unknown_E
#
# <colnr> <probs for GDERKNQSTAVLIFYWHMCP>
#	G	D	E	R	K	N	Q	S	T	A	V	L	I	F	Y	W	H	M	C	P
0	0.01363	0.08966	0.10375	0.03235	0.08460	0.11425	0.02418	0.12363	0.08738	0.06119	0.05373	0.01350	0.01059	0.00665	0.03423	0.00164	0.02912	0.00431	0.00344	0.10817
1	0.04222	0.11427	0.22383	0.09250	0.08362	0.05795	0.04681	0.06250	0.02873	0.06908	0.01204	0.04978	0.03471	0.00654	0.02322	0.00169	0.03619	0.00469	0.00297	0.00669
2	0.00856	0.03777	0.04585	0.05795	0.15154	0.00735	0.00717	0.00990	0.00903	0.01221	0.04151	0.04408	0.05686	0.42050	0.04964	0.00349	0.00538	0.02356	0.00302	0.00461
3	0.00847	0.00625	0.00760	0.00710	0.00885	0.00571	0.00525	0.01122	0.08218	0.04610	0.20616	0.25097	0.07068	0.06582	0.00685	0.00180	0.00323	0.03344	0.00450	0.16782
4	0.05303	0.03893	0.03733	0.07597	0.12392	0.06021	0.05748	0.22177	0.08803	0.01975	0.01413	0.16045	0.01292	0.00721	0.00511	0.00161	0.00538	0.00620	0.00379	0.00678
5	0.07714	0.01224	0.08950	0.20086	0.18941	0.04462	0.12435	0.01508	0.05597	0.01581	0.01038	0.01374	0.00831	0.00611	0.03308	0.00177	0.00646	0.02078	0.02739	0.04699
6	0.00820	0.00643	0.00808	0.03689	0.00900	0.03429	0.03618	0.00919	0.03723	0.01127	0.01695	0.13440	0.05211	0.37267	0.07451	0.09413	0.04404	0.00740	0.00317	0.00387
7	0.01155	0.01087	0.03331	0.41808	0.13016	0.02782	0.07668	0.12065	0.04115	0.01685	0.04025	0.01407	0.00914	0.00527	0.00504	0.00159	0.00624	0.00475	0.02008	0.00645
8	0.04897	0.00661	0.00793	0.00808	0.03715	0.00680	0.00575	0.04024	0.10168	0.02902	0.19615	0.21665	0.15839	0.04210	0.04322	0.00214	0.03045	0.00901	0.00453	0.00514
9	0.01261	0.01158	0.02049	0.04522	0.47337	0.01115	0.17944	0.01571	0.01150	0.06938	0.01017	0.01271	0.00804	0.00444	0.00502	0.00146	0.00614	0.00464	0.00277	0.09413
10	0.01681	0.01290	0.01376	0.01104	0.01464	0.01446	0.00896	0.53256	0.27147	0.02797	0.01468	0.01413	0.01067	0.00624	0.00501	0.00156	0.00498	0.00486	0.00501	0.00829

[dist]
# distance from previous block
# <min> <max>
0	2

[block]
# block no. 5 follows, 50 sequences, length 16
# corresponding to MSA columns:
# 524-539
name=unknown_F
#
# <colnr> <probs for GDERKNQSTAVLIFYWHMCP>
#	G	D	E	R	K	N	Q	S	T	A	V	L	I	F	Y	W	H	M	C	P
0	0.01225	0.35645	0.21059	0.01203	0.06944	0.04242	0.04617	0.03359	0.01108	0.03090	0.03634	0.03031	0.00886	0.00494	0.00416	0.00129	0.00582	0.00382	0.00258	0.07695
1	0.00614	0.00445	0.00582	0.00689	0.00732	0.00413	0.00471	0.00710	0.00977	0.01288	0.02923	0.72833	0.09222	0.01530	0.00635	0.00201	0.00294	0.04570	0.00463	0.00408
2	0.01114	0.01564	0.34469	0.01300	0.01766	0.00940	0.12512	0.01515	0.01145	0.11018	0.01583	0.02594	0.01418	0.00764	0.00561	0.00181	0.00628	0.23930	0.00343	0.00654
3	0.01116	0.01042	0.03812	0.08794	0.38273	0.00996	0.11485	0.01401	0.01136	0.05655	0.03482	0.08254	0.06246	0.00670	0.00539	0.00164	0.00563	0.05384	0.00316	0.00673
4	0.01195	0.05559	0.38218	0.03483	0.18473	0.01190	0.12567	0.01620	0.01108	0.08071	0.00993	0.01182	0.00735	0.00481	0.00524	0.00157	0.03026	0.00426	0.00259	0.00734
5	0.00696	0.00536	0.00652	0.00736	0.00812	0.02658	0.00546	0.00826	0.01038	0.01340	0.04946	0.45192	0.12631	0.04265	0.02332	0.00223	0.00369	0.19332	0.00449	0.00424
6	0.01396	0.13841	0.45640	0.01192	0.01781	0.01183	0.01382	0.04622	0.01190	0.21439	0.01149	0.01184	0.00794	0.00508	0.00459	0.00149	0.00620	0.00390	0.00325	0.00755
7	0.01463	0.01761	0.36051	0.01450	0.10021	0.03647	0.05691	0.07712	0.01287	0.22900	0.02446	0.01311	0.00900	0.00526	0.00493	0.00155	0.00625	0.00438	0.00356	0.00768
8	0.00744	0.00705	0.05222	0.00715	0.00865	0.03367	0.00563	0.03052	0.03222	0.01541	0.19987	0.33216	0.22498	0.01215	0.00590	0.00176	0.00325	0.01061	0.00462	0.00471
9	0.01099	0.20503	0.25704	0.01280	0.05068	0.06293	0.08256	0.01397	0.01039	0.01379	0.01152	0.15072	0.01116	0.00683	0.00579	0.00158	0.07779	0.00553	0.00264	0.00626
10	0.01352	0.01242	0.01410	0.05302	0.07758	0.15159	0.07678	0.05630	0.01223	0.08085	0.00986	0.01132	0.00770	0.00445	0.00438	0.00113	0.00553	0.00371	0.00314	0.40039
11	0.01227	0.02898	0.11553	0.10601	0.19336	0.03004	0.08750	0.07328	0.04630	0.06994	0.05741	0.01510	0.03589	0.00538	0.00492	0.00146	0.00569	0.00481	0.00325	0.10286
12	0.01046	0.04459	0.05568	0.01120	0.11101	0.00857	0.02413	0.12422	0.01259	0.03325	0.09674	0.16526	0.06301	0.01116	0.08455	0.00218	0.00512	0.00699	0.07898	0.05030
13	0.01079	0.07361	0.23166	0.10388	0.11408	0.03074	0.05864	0.02748	0.01065	0.03938	0.01179	0.06074	0.02384	0.09270	0.00696	0.00183	0.00597	0.00500	0.00275	0.08750
14	0.01153	0.04149	0.16597	0.01154	0.06497	0.05654	0.05451	0.07099	0.02811	0.07074	0.11559	0.03760	0.05784	0.04737	0.03350	0.00185	0.00553	0.01786	0.00358	0.10289
15	0.03096	0.00958	0.10521	0.01069	0.08065	0.00768	0.03567	0.03218	0.01140	0.05503	0.15325	0.09390	0.10821	0.03671	0.05613	0.00209	0.03753	0.03901	0.00381	0.09031

[dist]
# distance from previous block
# <min> <max>
1	19

[block]
# block no. 6 follows, 50 sequences, length 142
# corresponding to MSA columns:
# 559-700
name=unknown_G
#
# <colnr> <probs for GDERKNQSTAVLIFYWHMCP>
#	G	D	E	R	K	N	Q	S	T	A	V	L	I	F	Y	W	H	M	C	P
0	0.03797	0.11069	0.29196	0.03164	0.27511	0.01224	0.04339	0.02834	0.02656	0.05124	0.01026	0.04052	0.00832	0.00508	0.00470	0.00151	0.00617	0.00437	0.00266	0.00727
1	0.02784	0.18994	0.23181	0.01348	0.11172	0.02181	0.05730	0.02499	0.05822	0.01509	0.01211	0.13497	0.01130	0.00638	0.00486	0.00150	0.01774	0.00537	0.00286	0.05070
2	0.01238	0.26368	0.13351	0.01134	0.01530	0.12357	0.10492	0.05909	0.01181	0.01477	0.03854	0.11424	0.01154	0.00617	0.00457	0.00139	0.00601	0.00511	0.00289	0.05919
3	0.01153	0.07102	0.19878	0.01701	0.22431	0.06830	0.08468	0.03894	0.04830	0.01596	0.05306	0.05510	0.02416	0.03465	0.00566	0.00162	0.00606	0.00514	0.00291	0.03283
4	0.00860	0.00767	0.06061	0.01028	0.10864	0.00692	0.00697	0.02640	0.00907	0.02563	0.03165	0.02360	0.03797	0.31775	0.26208	0.00474	0.00763	0.00595	0.00298	0.03485
5	0.01269	0.01036	0.01501	0.01492	0.19997	0.00954	0.08724	0.09511	0.03361	0.07898	0.01137	0.01422	0.00927	0.03376	0.00535	0.00137	0.00501	0.02702	0.00337	0.33184
6	0.00702	0.02396	0.00695	0.00761	0.00828	0.00492	0.00568	0.00831	0.01015	0.02551	0.02658	0.58417	0.03087	0.01471	0.00641	0.00207	0.00343	0.21448	0.00458	0.00432
7	0.01377	0.01133	0.01198	0.01033	0.01340	0.01292	0.00816	0.20083	0.58943	0.02314	0.01905	0.01774	0.03174	0.00672	0.00507	0.00165	0.00427	0.00548	0.00504	0.00794
8	0.00742	0.00593	0.00867	0.11124	0.07824	0.00613	0.00721	0.00925	0.02269	0.01332	0.02320	0.44227	0.06445	0.01490	0.08214	0.00251	0.00479	0.08695	0.00395	0.00473
9	0.02538	0.07963	0.48957	0.01576	0.10819	0.02669	0.09061	0.01618	0.02891	0.04559	0.00988	0.02420	0.00748	0.00490	0.00477	0.00154	0.00686	0.00415	0.00248	0.00723
10	0.01007	0.02529	0.76829	0.01448	0.02175	0.01162	0.04864	0.01579	0.01057	0.01579	0.00899	0.01064	0.00636	0.00471	0.00478	0.00158	0.00741	0.00377	0.00212	0.00734
11	0.00748	0.00547	0.00727	0.00776	0.00902	0.00514	0.02134	0.00926	0.01127	0.03401	0.06983	0.20265	0.22514	0.01328	0.00641	0.00202	0.00368	0.34977	0.00465	0.00453
12	0.00738	0.00589	0.00803	0.07291	0.05235	0.00561	0.02912	0.00902	0.01089	0.02779	0.08863	0.23903	0.30602	0.04038	0.00658	0.00189	0.00355	0.06051	0.01979	0.00465
13	0.01128	0.05613	0.44607	0.01314	0.01862	0.01053	0.10909	0.01561	0.01128	0.10072	0.03948	0.03374	0.02426	0.00624	0.00514	0.00165	0.00644	0.08065	0.00306	0.00688
14	0.01094	0.01061	0.01826	0.39291	0.25373	0.01194	0.10819	0.03141	0.02209	0.01466	0.00922	0.01289	0.00728	0.00507	0.00597	0.00165	0.06964	0.00463	0.00243	0.00647
15	0.01021	0.00929	0.01567	0.71959	0.03264	0.01122	0.05606	0.04029	0.01065	0.03373	0.00932	0.01335	0.00691	0.00501	0.00503	0.00165	0.00664	0.00453	0.00243	0.00578
16	0.01249	0.01185	0.01985	0.10874	0.47539	0.03716	0.13258	0.04688	0.01185	0.04015	0.01020	0.01358	0.00831	0.00577	0.02972	0.00174	0.00662	0.01715	0.00271	0.00728
17	0.01028	0.02324	0.66380	0.01383	0.02019	0.02453	0.02981	0.03411	0.01074	0.01577	0.00981	0.03648	0.00770	0.00554	0.00557	0.00164	0.05720	0.02035	0.00233	0.00708
18	0.01304	0.00715	0.00901	0.03299	0.01103	0.02686	0.00662	0.01559	0.07172	0.29446	0.02398	0.29863	0.05755	0.01059	0.00573	0.00181	0.00391	0.09814	0.00508	0.00610
19	0.02169	0.00913	0.01187	0.03755	0.01365	0.03179	0.00769	0.04690	0.01439	0.72214	0.01868	0.01644	0.01184	0.00609	0.00500	0.00154	0.00451	0.00492	0.00588	0.00830
20	0.01103	0.01001	0.01602	0.28708	0.35813	0.03028	0.01290	0.01380	0.01051	0.04189	0.01037	0.03171	0.00871	0.00924	0.10715	0.00240	0.02493	0.00476	0.00258	0.00650
21	0.00706	0.00557	0.00791	0.00789	0.00886	0.00529	0.06679	0.00866	0.03358	0.01307	0.02706	0.43546	0.13045	0.13802	0.00918	0.00240	0.00377	0.08045	0.00422	0.00430
22	0.01034	0.00980	0.01662	0.56500	0.27493	0.01132	0.01430	0.01355	0.01040	0.01386	0.00902	0.01299	0.00704	0.00481	0.00497	0.00160	0.00642	0.00443	0.00229	0.00628
23	0.01721	0.00741	0.01000	0.00848	0.01141	0.00656	0.00699	0.01912	0.01329	0.53098	0.04767	0.06746	0.07262	0.00865	0.00552	0.00172	0.00406	0.14808	0.00566	0.00711
24	0.01076	0.01123	0.02195	0.23066	0.13759	0.01154	0.37793	0.01421	0.01093	0.01477	0.01109	0.05053	0.02238	0.00577	0.01824	0.00178	0.03407	0.00569	0.00256	0.00634
25	0.01069	0.01813	0.35711	0.04170	0.02346	0.01170	0.38628	0.01540	0.01112	0.01568	0.01047	0.03224	0.00825	0.00502	0.00541	0.00166	0.00766	0.02872	0.00245	0.00683
26	0.05795	0.01321	0.01444	0.05581	0.01611	0.01462	0.00942	0.66232	0.02154	0.06704	0.01193	0.01210	0.00842	0.00587	0.00490	0.00151	0.00541	0.00443	0.00480	0.00817
27	0.00852	0.00769	0.01249	0.01077	0.01249	0.03588	0.15491	0.01070	0.00893	0.01242	0.01239	0.01803	0.01125	0.04274	0.58926	0.00635	0.03223	0.00538	0.00263	0.00494
28	0.01162	0.01126	0.04303	0.22062	0.48873	0.01128	0.05386	0.01474	0.01106	0.03930	0.01026	0.02970	0.00854	0.00502	0.00506	0.00157	0.00614	0.01852	0.00259	0.00712
29	0.01324	0.01562	0.32036	0.01107	0.01575	0.01001	0.02617	0.13972	0.01354	0.17577	0.04527	0.04343	0.11404	0.00689	0.00539	0.00160	0.02554	0.00556	0.00394	0.00710
30	0.01971	0.00877	0.03124	0.00882	0.01240	0.00755	0.00736	0.05102	0.03788	0.63103	0.05603	0.04882	0.04211	0.00691	0.00513	0.00157	0.00416	0.00570	0.00584	0.00794
31	0.01226	0.01176	0.02009	0.05208	0.77287	0.01182	0.01526	0.01523	0.01131	0.01619	0.00936	0.01236	0.00786	0.00446	0.00494	0.00149	0.00594	0.00444	0.00246	0.00783
32	0.06315	0.00966	0.01215	0.01044	0.06395	0.04662	0.00793	0.04487	0.01405	0.64722	0.01755	0.01569	0.01130	0.00592	0.00489	0.00152	0.00460	0.00476	0.00556	0.00816
33	0.01107	0.00989	0.01563	0.37372	0.13525	0.01203	0.03009	0.02740	0.01008	0.05483	0.02586	0.01348	0.00820	0.01888	0.00848	0.00182	0.23003	0.00462	0.00259	0.00603
34	0.00918	0.00843	0.01388	0.63008	0.05801	0.01027	0.01258	0.01213	0.01000	0.01298	0.01162	0.08873	0.01050	0.00663	0.00563	0.00175	0.03481	0.05477	0.00260	0.00543
35	0.01114	0.01273	0.05103	0.03947	0.02393	0.01167	0.63018	0.01528	0.02700	0.01574	0.01210	0.05931	0.01025	0.00546	0.00589	0.00173	0.00772	0.05013	0.00278	0.00647
36	0.08894	0.01862	0.01462	0.07083	0.13482	0.47426	0.01041	0.10114	0.01395	0.01583	0.00844	0.01005	0.00680	0.00507	0.00453	0.00139	0.00754	0.00358	0.00284	0.00635
37	0.01227	0.01178	0.02012	0.04786	0.77697	0.01183	0.01527	0.01524	0.01132	0.01621	0.00936	0.01236	0.00787	0.00445	0.00494	0.00148	0.00594	0.00444	0.00246	0.00784
38	0.00589	0.00505	0.00505	0.00505	0.00673	0.00421	0.00379	0.00715	0.01136	0.01347	0.05049	0.04797	0.79171	0.01262	0.00589	0.00168	0.00252	0.01052	0.00463	0.00421
39	0.01234	0.01184	0.02023	0.03059	0.79373	0.01184	0.01530	0.01530	0.01135	0.01628	0.00938	0.01234	0.00790	0.00444	0.00493	0.00148	0.00592	0.00444	0.00247	0.00790
40	0.01895	0.01396	0.01496	0.01147	0.01546	0.01546	0.00947	0.77711	0.02344	0.03141	0.01197	0.01197	0.00848	0.00598	0.00499	0.00150	0.00548	0.00449	0.00499	0.00848
41	0.01234	0.01184	0.02023	0.03059	0.79373	0.01184	0.01530	0.01530	0.01135	0.01628	0.00938	0.01234	0.00790	0.00444	0.00493	0.00148	0.00592	0.00444	0.00247	0.00790
42	0.01248	0.01185	0.01984	0.02953	0.75222	0.01194	0.01494	0.03234	0.03584	0.01676	0.00977	0.01252	0.00814	0.00455	0.00494	0.00149	0.00585	0.00448	0.00260	0.00791
43	0.00719	0.00508	0.00671	0.00671	0.00716	0.00553	0.00461	0.00807	0.00763	0.01061	0.01454	0.02615	0.01531	0.43399	0.41236	0.00641	0.00906	0.00630	0.00285	0.00373
44	0.01091	0.01091	0.01527	0.01309	0.01309	0.01527	0.01091	0.01200	0.00763	0.01200	0.00654	0.01091	0.00654	0.00872	0.01636	0.00218	0.81570	0.00436	0.00218	0.00545
45	0.01009	0.00955	0.01618	0.63052	0.21133	0.01125	0.01418	0.01333	0.01029	0.01356	0.00898	0.01307	0.00694	0.00486	0.00497	0.00162	0.00648	0.00443	0.00227	0.00609
46	0.00621	0.00499	0.00556	0.00579	0.00708	0.00440	0.00420	0.00777	0.02814	0.01416	0.12640	0.24954	0.49212	0.01301	0.00600	0.00176	0.00263	0.01120	0.00473	0.00430
47	0.01000	0.00975	0.05033	0.01476	0.06751	0.00864	0.31856	0.01272	0.01100	0.05824	0.01795	0.30991	0.01847	0.00915	0.00597	0.00182	0.00570	0.06013	0.00361	0.00581
48	0.01102	0.01049	0.01785	0.38406	0.45059	0.01150	0.01464	0.01414	0.01072	0.01468	0.00914	0.01277	0.00733	0.00469	0.00496	0.00156	0.00625	0.00444	0.00235	0.00683
49	0.01135	0.01084	0.01845	0.29429	0.53774	0.01158	0.01481	0.01443	0.01088	0.01509	0.00920	0.01266	0.00747	0.00462	0.00495	0.00154	0.00617	0.00444	0.00238	0.00710
50	0.01169	0.14419	0.49387	0.01410	0.02035	0.01277	0.14173	0.02704	0.01109	0.06406	0.00954	0.01105	0.00694	0.00468	0.00471	0.00151	0.00701	0.00399	0.00247	0.00720
51	0.01154	0.01214	0.07027	0.19787	0.56678	0.01167	0.02784	0.01479	0.01100	0.01548	0.00925	0.01244	0.00752	0.00457	0.00495	0.00153	0.00621	0.00441	0.00239	0.00733
52	0.00680	0.00539	0.00624	0.00664	0.00797	0.00500	0.00511	0.00900	0.05855	0.01421	0.05600	0.21423	0.40698	0.01309	0.00615	0.00188	0.00311	0.16451	0.00467	0.00449
53	0.01170	0.01136	0.01992	0.12482	0.60214	0.01154	0.08479	0.01475	0.01115	0.01569	0.01002	0.04109	0.00860	0.00488	0.00508	0.00154	0.00613	0.00492	0.00252	0.00736
54	0.01152	0.01492	0.19390	0.01954	0.17306	0.01141	0.34899	0.03618	0.01162	0.04011	0.01154	0.08244	0.00972	0.00546	0.00543	0.00164	0.00701	0.00577	0.00278	0.00697
55	0.01220	0.01393	0.08150	0.02076	0.08958	0.01222	0.62217	0.01630	0.01176	0.05335	0.01040	0.01332	0.00773	0.00435	0.00568	0.00165	0.00792	0.00557	0.00266	0.00695
56	0.00635	0.00478	0.00585	0.00657	0.00742	0.00437	0.00475	0.00752	0.01035	0.01324	0.04651	0.42952	0.26967	0.04938	0.00710	0.00207	0.00308	0.11277	0.00457	0.00414
57	0.01214	0.01259	0.06018	0.04096	0.70307	0.01186	0.05515	0.01532	0.01131	0.01619	0.00938	0.01232	0.00778	0.00445	0.00497	0.00150	0.00614	0.00448	0.00245	0.00777
58	0.01093	0.12648	0.54978	0.01492	0.04469	0.02982	0.12434	0.01577	0.01075	0.01523	0.00883	0.01064	0.00655	0.00460	0.00470	0.00152	0.00724	0.00388	0.00219	0.00713
59	0.00725	0.00483	0.00544	0.00544	0.00544	0.00483	0.00302	0.00725	0.00725	0.00966	0.01571	0.03262	0.01812	0.82483	0.02537	0.00483	0.00483	0.00725	0.00302	0.00302
60	0.01021	0.07613	0.75048	0.01385	0.02102	0.01209	0.01780	0.01573	0.01050	0.01553	0.00882	0.01036	0.00632	0.00471	0.00464	0.00155	0.00724	0.00362	0.00211	0.00731
61	0.00985	0.04725	0.37266	0.01536	0.16243	0.02750	0.04823	0.01360	0.01078	0.01508	0.02941	0.13901	0.07359	0.00704	0.00512	0.00162	0.00594	0.00613	0.00285	0.00656
62	0.00607	0.00434	0.00578	0.00694	0.00723	0.00405	0.00463	0.00694	0.00954	0.01272	0.02747	0.82157	0.03297	0.01562	0.00636	0.00202	0.00289	0.01417	0.00463	0.00405
63	0.01188	0.01312	0.02753	0.02297	0.18307	0.01245	0.62011	0.01583	0.01168	0.01603	0.00994	0.01322	0.00763	0.00425	0.00569	0.00164	0.00790	0.00559	0.00251	0.00696
64	0.01265	0.06067	0.06317	0.02571	0.59972	0.02511	0.02868	0.04078	0.01178	0.03990	0.01104	0.01333	0.03553	0.00485	0.00487	0.00147	0.00588	0.00453	0.00270	0.00763
65	0.01278	0.03238	0.04935	0.01219	0.09379	0.01210	0.00905	0.08673	0.51369	0.04394	0.03668	0.01825	0.04366	0.00658	0.00504	0.00162	0.00439	0.00549	0.00461	0.00768
66	0.01564	0.47577	0.02087	0.01042	0.01394	0.36347	0.00901	0.01711	0.01188	0.01193	0.00727	0.00843	0.00641	0.00465	0.00377	0.00116	0.00693	0.00290	0.00232	0.00613
67	0.01061	0.00902	0.01048	0.00751	0.01193	0.00692	0.00602	0.03650	0.01075	0.01672	0.00896	0.01039	0.00742	0.00376	0.00373	0.00076	0.00375	0.00300	0.00302	0.82877
68	0.02368	0.03656	0.65197	0.01423	0.02088	0.01161	0.08236	0.01572	0.01070	0.03395	0.02857	0.01152	0.00756	0.00494	0.00508	0.00159	0.02555	0.00402	0.00234	0.00718
69	0.01762	0.01298	0.22099	0.01065	0.03282	0.00848	0.01029	0.02081	0.02997	0.50613	0.01765	0.04440	0.03144	0.00626	0.00501	0.00157	0.00501	0.00512	0.00488	0.00789
70	0.02236	0.00848	0.01157	0.00887	0.01272	0.00733	0.00733	0.02429	0.01427	0.79719	0.01966	0.01697	0.01234	0.00617	0.00501	0.00154	0.00424	0.00501	0.00617	0.00848
71	0.00611	0.00437	0.00583	0.00699	0.00729	0.00408	0.00470	0.00701	0.00958	0.01277	0.02745	0.80552	0.03288	0.01558	0.00637	0.00203	0.00293	0.02982	0.00463	0.00406
72	0.01183	0.01708	0.34124	0.07236	0.28392	0.01124	0.06006	0.01622	0.02924	0.07744	0.02584	0.01272	0.00844	0.00489	0.00494	0.00156	0.00646	0.00438	0.00272	0.00743
73	0.01208	0.01284	0.07198	0.04362	0.65952	0.01188	0.08391	0.01534	0.01131	0.01616	0.00940	0.01234	0.00774	0.00445	0.00501	0.00151	0.00625	0.00452	0.00244	0.00771
74	0.00607	0.00436	0.00576	0.00687	0.00721	0.00405	0.00460	0.00695	0.00961	0.01275	0.02829	0.79417	0.05985	0.01551	0.00635	0.00201	0.00288	0.01404	0.00463	0.00405
75	0.01218	0.13582	0.51901	0.01330	0.01936	0.10485	0.04514	0.05075	0.01159	0.03108	0.00892	0.01030	0.00660	0.00478	0.00456	0.00147	0.00716	0.00364	0.00239	0.00709
76	0.01200	0.03999	0.16334	0.01483	0.06865	0.01024	0.25012	0.02820	0.02485	0.12058	0.03315	0.12676	0.01297	0.00706	0.00611	0.02791	0.02451	0.01877	0.00339	0.00657
77	0.00601	0.00460	0.00552	0.00625	0.00705	0.00411	0.00432	0.00702	0.01021	0.01300	0.03589	0.53871	0.31040	0.01452	0.00619	0.00190	0.00276	0.01284	0.00463	0.00411
78	0.01119	0.31296	0.52226	0.01217	0.01843	0.01449	0.01488	0.01548	0.01038	0.01433	0.00822	0.00962	0.00634	0.00457	0.00419	0.00140	0.00664	0.00332	0.00211	0.00702
79	0.01180	0.01146	0.01896	0.21479	0.58393	0.03157	0.02560	0.01482	0.01110	0.01534	0.00922	0.01249	0.00756	0.00458	0.00495	0.00152	0.00620	0.00443	0.00241	0.00727
80	0.01651	0.01249	0.05738	0.01166	0.01554	0.02599	0.09383	0.27530	0.19622	0.19245	0.03954	0.01542	0.01184	0.00606	0.00512	0.00157	0.00524	0.00510	0.00481	0.00792
81	0.00941	0.00886	0.01495	0.81285	0.03433	0.01107	0.01384	0.01274	0.00997	0.01274	0.00886	0.01329	0.00664	0.00498	0.00498	0.00166	0.00664	0.00443	0.00221	0.00554
82	0.01694	0.00749	0.00988	0.00800	0.01094	0.00669	0.00643	0.04212	0.01397	0.50676	0.18841	0.02397	0.07909	0.02667	0.02770	0.00181	0.00400	0.00634	0.00570	0.00711
83	0.00951	0.01573	0.33431	0.04323	0.08666	0.00989	0.15790	0.01328	0.01050	0.01488	0.01398	0.22301	0.01366	0.00754	0.00564	0.00172	0.02241	0.00694	0.00288	0.00632
84	0.01000	0.02578	0.79900	0.01421	0.02157	0.01158	0.01842	0.01579	0.01052	0.01579	0.00895	0.01052	0.00631	0.00474	0.00474	0.00158	0.00737	0.00368	0.00210	0.00737
85	0.00941	0.00886	0.01495	0.81285	0.03433	0.01107	0.01384	0.01274	0.00997	0.01274	0.00886	0.01329	0.00664	0.00498	0.00498	0.00166	0.00664	0.00443	0.00221	0.00554
86	0.01313	0.00718	0.00960	0.00877	0.01077	0.00716	0.00724	0.01537	0.03544	0.28537	0.09131	0.03382	0.07078	0.04950	0.00783	0.00202	0.08138	0.25237	0.00493	0.00603
87	0.01682	0.01345	0.01372	0.01112	0.01465	0.05812	0.00897	0.49328	0.26833	0.02695	0.01441	0.01394	0.01054	0.00619	0.00499	0.00155	0.00518	0.00479	0.00488	0.00814
88	0.00607	0.00434	0.00578	0.00694	0.00723	0.00405	0.00463	0.00694	0.00954	0.01272	0.02747	0.82157	0.03297	0.01562	0.00636	0.00202	0.00289	0.01417	0.00463	0.00405
89	0.00949	0.00894	0.01509	0.79275	0.05383	0.01109	0.01388	0.01280	0.01000	0.01283	0.00887	0.01326	0.00668	0.00497	0.00498	0.00166	0.00663	0.00443	0.00222	0.00560
90	0.01091	0.01091	0.01527	0.01309	0.01309	0.01527	0.01091	0.01200	0.00763	0.01200	0.00654	0.01091	0.00654	0.00872	0.01636	0.00218	0.81570	0.00436	0.00218	0.00545
91	0.01185	0.01134	0.01935	0.16164	0.66652	0.01171	0.01505	0.01487	0.01112	0.01569	0.00929	0.01250	0.00769	0.00453	0.00494	0.00151	0.00604	0.00444	0.00243	0.00750
92	0.04640	0.02070	0.01400	0.01224	0.01515	0.57811	0.00940	0.18883	0.03966	0.01709	0.00902	0.00992	0.00712	0.00536	0.00458	0.00135	0.00788	0.00355	0.00320	0.00643
93	0.01240	0.01071	0.01127	0.01014	0.01296	0.01240	0.00789	0.02649	0.78473	0.02085	0.02029	0.01860	0.01522	0.00676	0.00507	0.00169	0.00394	0.00564	0.00507	0.00789
94	0.86003	0.00964	0.00733	0.00655	0.00964	0.01118	0.00540	0.01465	0.00848	0.02236	0.00694	0.00810	0.00540	0.00463	0.00308	0.00154	0.00386	0.00270	0.00308	0.00540
95	0.01285	0.01206	0.02018	0.03067	0.24634	0.01242	0.25800	0.07033	0.19839	0.04260	0.01264	0.01429	0.00967	0.00522	0.00563	0.00162	0.03102	0.00521	0.00339	0.00747
96	0.00866	0.00433	0.00649	0.00649	0.00649	0.00433	0.00433	0.00649	0.00649	0.00866	0.00866	0.01515	0.00866	0.01732	0.01948	0.85498	0.00433	0.00433	0.00216	0.00216
97	0.02236	0.00848	0.01157	0.00887	0.01272	0.00733	0.00733	0.02429	0.01427	0.79719	0.01966	0.01697	0.01234	0.00617	0.00501	0.00154	0.00424	0.00501	0.00617	0.00848
98	0.01172	0.01133	0.01966	0.18800	0.59887	0.01173	0.05616	0.01482	0.01109	0.01555	0.00931	0.01259	0.00762	0.00454	0.00500	0.00153	0.00620	0.00452	0.00242	0.00736
99	0.01870	0.02124	0.01434	0.01249	0.01542	0.60180	0.00959	0.21465	0.01652	0.01714	0.00880	0.00975	0.00695	0.00535	0.00462	0.00134	0.00809	0.00354	0.00319	0.00647
