[name]
unknown

[dist]
# distance from previous block
# <min> <max>
6	62

[block]
# block no. 0 follows, 59 sequences, length 12
# corresponding to MSA columns:
# 116-127
name=unknown_A
#
# <colnr> <probs for GDERKNQSTAVLIFYWHMCP>
#	G	D	E	R	K	N	Q	S	T	A	V	L	I	F	Y	W	H	M	C	P
0	0.04128	0.04441	0.11390	0.01021	0.06104	0.09403	0.02666	0.17081	0.11741	0.04429	0.12352	0.01495	0.02721	0.02656	0.00475	0.00137	0.00465	0.00445	0.00347	0.06503
1	0.04894	0.10906	0.07969	0.01241	0.14267	0.13613	0.05695	0.10937	0.05296	0.03845	0.01160	0.02411	0.06043	0.00677	0.05596	0.00163	0.00568	0.00409	0.00283	0.04025
2	0.03702	0.06642	0.05603	0.03048	0.10939	0.10165	0.05328	0.09139	0.09304	0.08026	0.02368	0.01327	0.05384	0.02237	0.00450	0.00128	0.00477	0.00405	0.00312	0.15016
3	0.02454	0.15284	0.07931	0.03855	0.08058	0.04639	0.01979	0.11545	0.07013	0.06399	0.04738	0.05727	0.02349	0.01686	0.00428	0.00124	0.00447	0.00424	0.00310	0.14610
4	0.05824	0.08860	0.09601	0.01082	0.09836	0.08113	0.05463	0.10034	0.06125	0.01522	0.04190	0.01557	0.10124	0.04618	0.00528	0.00142	0.02408	0.00447	0.02496	0.07028
5	0.04339	0.16104	0.08021	0.01115	0.11114	0.13851	0.01948	0.07836	0.04272	0.07338	0.04113	0.01331	0.04595	0.00584	0.02536	0.00139	0.02030	0.02351	0.00292	0.06092
6	0.13960	0.12275	0.08034	0.00867	0.03104	0.07349	0.02845	0.09007	0.02952	0.08956	0.04827	0.05319	0.03783	0.02817	0.04194	0.00159	0.00479	0.00424	0.00312	0.08338
7	0.02909	0.10843	0.26152	0.05478	0.18692	0.04911	0.02828	0.09397	0.04924	0.02776	0.03278	0.01077	0.00767	0.00460	0.00453	0.00134	0.03666	0.00368	0.00252	0.00634
8	0.03025	0.11034	0.18764	0.01183	0.09216	0.11659	0.07886	0.03507	0.05855	0.05766	0.04075	0.08648	0.01046	0.02974	0.00479	0.00141	0.00532	0.00459	0.00279	0.03472
9	0.00792	0.00465	0.00636	0.00615	0.00662	0.00477	0.00432	0.06709	0.00767	0.01031	0.05004	0.05637	0.03894	0.04725	0.09461	0.57223	0.00452	0.00485	0.00251	0.00283
10	0.64990	0.08636	0.06883	0.00652	0.00957	0.01014	0.00588	0.01266	0.00791	0.01785	0.00724	0.04795	0.00619	0.00451	0.00302	0.00132	0.00372	0.00296	0.00265	0.04482
11	0.04104	0.00594	0.00777	0.00723	0.00842	0.00663	0.00557	0.08880	0.00871	0.04271	0.01200	0.04219	0.01128	0.12253	0.50870	0.00522	0.03805	0.00490	0.00279	0.02951

[dist]
# distance from previous block
# <min> <max>
0	1

[block]
# block no. 1 follows, 59 sequences, length 10
# corresponding to MSA columns:
# 129-138
name=unknown_B
#
# <colnr> <probs for GDERKNQSTAVLIFYWHMCP>
#	G	D	E	R	K	N	Q	S	T	A	V	L	I	F	Y	W	H	M	C	P
0	0.01198	0.65097	0.02273	0.00958	0.01334	0.08234	0.13041	0.01373	0.00949	0.01101	0.00663	0.00790	0.00583	0.00383	0.00330	0.00104	0.00541	0.00284	0.00197	0.00567
1	0.00579	0.00417	0.00573	0.00660	0.00705	0.00411	0.00478	0.00688	0.00851	0.01141	0.02226	0.59347	0.02582	0.01657	0.13282	0.00265	0.00423	0.12960	0.00383	0.00372
2	0.00632	0.00469	0.00690	0.00690	0.00762	0.00541	0.00527	0.00776	0.00704	0.01011	0.01201	0.01835	0.01147	0.10324	0.75775	0.00685	0.01118	0.00488	0.00239	0.00383
3	0.00857	0.00723	0.00853	0.00648	0.00984	0.00553	0.00506	0.01035	0.00905	0.01391	0.01040	0.13799	0.01005	0.00491	0.00364	0.00083	0.00316	0.00415	0.00285	0.73747
4	0.07269	0.07634	0.61923	0.01211	0.01791	0.01092	0.07251	0.04361	0.00968	0.01470	0.00785	0.00926	0.00569	0.00417	0.00408	0.00137	0.00618	0.00331	0.00205	0.00634
5	0.00834	0.00785	0.01325	0.83417	0.03042	0.00981	0.01227	0.01128	0.00883	0.01128	0.00785	0.01178	0.00589	0.00442	0.00442	0.00147	0.00589	0.00393	0.00196	0.00491
6	0.14317	0.00842	0.01301	0.47209	0.21815	0.00973	0.01105	0.01186	0.00879	0.01321	0.00769	0.01093	0.00607	0.00473	0.00471	0.04003	0.00526	0.00369	0.00213	0.00527
7	0.40247	0.01206	0.01114	0.04822	0.11138	0.18637	0.03984	0.11290	0.01074	0.01760	0.00731	0.00864	0.00572	0.00433	0.00359	0.00132	0.00508	0.00306	0.00272	0.00552
8	0.02386	0.04271	0.18213	0.02612	0.09779	0.04130	0.03498	0.06067	0.09673	0.09153	0.15552	0.02884	0.01420	0.00548	0.00437	0.00131	0.00453	0.00463	0.00335	0.07995
9	0.02435	0.02345	0.05615	0.17559	0.15623	0.00846	0.02083	0.06602	0.04943	0.05025	0.04340	0.03730	0.01071	0.13237	0.04821	0.01823	0.00507	0.00465	0.00281	0.06646

[dist]
# distance from previous block
# <min> <max>
8	15

[block]
# block no. 2 follows, 59 sequences, length 71
# corresponding to MSA columns:
# 179-212,218-254
name=unknown_C
#
# <colnr> <probs for GDERKNQSTAVLIFYWHMCP>
#	G	D	E	R	K	N	Q	S	T	A	V	L	I	F	Y	W	H	M	C	P
0	0.04346	0.08021	0.47450	0.03446	0.08910	0.05898	0.03373	0.02534	0.00974	0.03826	0.00840	0.01048	0.00646	0.00443	0.00426	0.00134	0.01871	0.02308	0.00219	0.03285
1	0.69483	0.00893	0.02254	0.09764	0.04182	0.02072	0.00624	0.01316	0.00801	0.04306	0.00681	0.00811	0.00520	0.00418	0.00308	0.00137	0.00388	0.00270	0.00269	0.00500
2	0.00964	0.02288	0.01367	0.32657	0.20385	0.07674	0.04448	0.01273	0.06606	0.01259	0.02952	0.04511	0.00906	0.02790	0.05520	0.00184	0.02982	0.00449	0.00243	0.00542
3	0.00907	0.07328	0.67563	0.01305	0.06919	0.01049	0.02799	0.01361	0.00933	0.01369	0.00848	0.04129	0.00661	0.00452	0.00419	0.00138	0.00619	0.00364	0.00198	0.00638
4	0.06498	0.09382	0.14142	0.01058	0.01390	0.36074	0.02501	0.13124	0.01227	0.04624	0.00800	0.00904	0.00623	0.00516	0.02055	0.00135	0.02746	0.00318	0.00264	0.01619
5	0.00667	0.00516	0.00627	0.03150	0.00794	0.00512	0.00481	0.02040	0.04025	0.03945	0.05281	0.19870	0.38096	0.01312	0.09024	0.00217	0.04198	0.04449	0.00384	0.00415
6	0.01094	0.39138	0.25459	0.02711	0.02521	0.05152	0.05036	0.01430	0.05755	0.02755	0.00820	0.00932	0.00655	0.00418	0.00360	0.00118	0.00536	0.00312	0.04202	0.00595
7	0.01053	0.00999	0.01623	0.26514	0.53273	0.02514	0.01285	0.04922	0.01023	0.01405	0.00825	0.01111	0.00667	0.00415	0.00438	0.00136	0.00547	0.00391	0.00222	0.00637
8	0.00703	0.00570	0.00659	0.00707	0.04448	0.03455	0.00501	0.00900	0.05632	0.02436	0.12156	0.11578	0.27397	0.09946	0.06633	0.00225	0.00383	0.10873	0.00380	0.00416
9	0.01085	0.02724	0.01590	0.17571	0.51015	0.02499	0.01207	0.05003	0.01043	0.03911	0.04553	0.01204	0.00843	0.00451	0.00474	0.00136	0.03401	0.00408	0.00246	0.00638
10	0.00823	0.00412	0.00412	0.00412	0.00515	0.00412	0.00309	0.01029	0.00926	0.01647	0.01441	0.01647	0.01132	0.00515	0.00309	0.00103	0.00206	0.00412	0.86930	0.00412
11	0.00886	0.02285	0.82190	0.01259	0.01912	0.01026	0.01632	0.01399	0.00932	0.01399	0.00793	0.00932	0.00559	0.00420	0.00420	0.00140	0.00653	0.00326	0.00186	0.00653
12	0.05696	0.02797	0.05857	0.36913	0.19965	0.01008	0.08575	0.02333	0.02967	0.03948	0.00949	0.02832	0.02148	0.00464	0.00453	0.00143	0.01727	0.00421	0.00236	0.00569
13	0.01417	0.01677	0.01263	0.08483	0.07482	0.54007	0.00909	0.03258	0.06296	0.01203	0.00850	0.02574	0.00727	0.00515	0.00480	0.00129	0.05667	0.02280	0.00249	0.00534
14	0.00701	0.00475	0.00618	0.00578	0.00694	0.00442	0.00435	0.00926	0.03077	0.05854	0.71859	0.06956	0.03886	0.00900	0.00517	0.00141	0.00222	0.00795	0.00485	0.00438
15	0.00665	0.00473	0.00694	0.00692	0.00771	0.00535	0.00530	0.00807	0.00732	0.03158	0.02336	0.05591	0.01248	0.07095	0.70470	0.01977	0.01057	0.00520	0.00257	0.00393
16	0.01156	0.07194	0.05125	0.08024	0.28028	0.09957	0.00995	0.12668	0.01088	0.02315	0.00837	0.01092	0.00696	0.00716	0.03895	0.12972	0.02057	0.00370	0.00246	0.00568
17	0.00910	0.00468	0.00485	0.00471	0.00590	0.01957	0.00354	0.01101	0.00953	0.08090	0.01528	0.08022	0.01257	0.00583	0.00341	0.00112	0.00234	0.00477	0.71628	0.00437
18	0.00589	0.00446	0.00523	0.00525	0.00634	0.00400	0.00386	0.00725	0.01039	0.02211	0.28498	0.12919	0.37295	0.06740	0.02217	0.00181	0.00263	0.03603	0.00423	0.00384
19	0.01085	0.01091	0.01598	0.07923	0.58414	0.09922	0.02692	0.01323	0.01024	0.01370	0.03042	0.04754	0.02858	0.00476	0.00445	0.00133	0.00536	0.00444	0.00238	0.00633
20	0.01359	0.06466	0.06839	0.03131	0.12820	0.37106	0.04719	0.06600	0.14029	0.01397	0.00922	0.01023	0.00729	0.00463	0.00416	0.00126	0.00631	0.00355	0.00269	0.00600
21	0.05753	0.01336	0.05073	0.01030	0.01353	0.09705	0.00870	0.58585	0.01767	0.02373	0.00951	0.01003	0.00697	0.00530	0.00505	0.00136	0.06890	0.00374	0.00381	0.00688
22	0.00969	0.00832	0.01002	0.03976	0.06085	0.01866	0.00616	0.03137	0.00959	0.02629	0.00807	0.00947	0.00662	0.00346	0.00344	0.00076	0.00361	0.00281	0.00265	0.73841
23	0.00572	0.00416	0.00516	0.00580	0.00651	0.00377	0.00408	0.00670	0.00916	0.02776	0.05003	0.55035	0.24375	0.01275	0.00551	0.00170	0.00255	0.04664	0.00415	0.00374
24	0.00606	0.00451	0.00563	0.00535	0.00648	0.00408	0.00401	0.00796	0.01204	0.01662	0.66941	0.03479	0.18784	0.00944	0.00521	0.00141	0.00211	0.00824	0.00472	0.00408
25	0.01088	0.01070	0.01810	0.07384	0.69421	0.03067	0.06954	0.01356	0.01007	0.01413	0.00829	0.01098	0.00688	0.00396	0.00443	0.00133	0.00551	0.00400	0.00218	0.00675
26	0.00545	0.00399	0.00513	0.00592	0.00641	0.00367	0.00406	0.00639	0.00900	0.01189	0.08946	0.66575	0.12909	0.01310	0.00556	0.00173	0.00251	0.02306	0.00416	0.00366
27	0.00686	0.00490	0.00682	0.00783	0.00874	0.00486	0.00666	0.00870	0.00991	0.01292	0.02353	0.16924	0.02599	0.01245	0.00603	0.00200	0.00384	0.67066	0.00407	0.00399
28	0.00694	0.00491	0.00663	0.00731	0.00829	0.00481	0.00603	0.00897	0.02996	0.02770	0.13246	0.18754	0.05529	0.01175	0.00580	0.00186	0.00344	0.48196	0.00422	0.00412
29	0.49971	0.00878	0.02439	0.01636	0.01019	0.02284	0.00587	0.04622	0.00996	0.29202	0.01970	0.01039	0.00746	0.00468	0.00348	0.00136	0.00374	0.00326	0.00372	0.00585
30	0.01968	0.00774	0.01039	0.00796	0.01138	0.00682	0.00658	0.05708	0.01301	0.78421	0.01711	0.01483	0.01078	0.00546	0.00444	0.00136	0.00381	0.00442	0.00542	0.00752
31	0.00538	0.00384	0.00512	0.00615	0.00641	0.00359	0.00410	0.00615	0.00846	0.01127	0.02434	0.84190	0.02921	0.01384	0.00564	0.00179	0.00256	0.01256	0.00410	0.00359
32	0.01137	0.01160	0.01661	0.12479	0.61100	0.12109	0.01271	0.01383	0.01024	0.01355	0.00805	0.01063	0.00668	0.00408	0.00432	0.00131	0.00569	0.00379	0.00217	0.00648
33	0.03517	0.01160	0.01307	0.04584	0.05103	0.01269	0.00856	0.64922	0.01879	0.09330	0.01086	0.01097	0.00765	0.00519	0.00438	0.00134	0.00480	0.00398	0.00426	0.00732
34	0.01725	0.01183	0.01277	0.00983	0.01332	0.03345	0.00810	0.66027	0.01928	0.15128	0.01157	0.01123	0.00800	0.00531	0.00441	0.00133	0.00477	0.00402	0.00453	0.00745
35	0.87598	0.00854	0.00649	0.00581	0.00854	0.00991	0.00478	0.01298	0.00752	0.01982	0.00615	0.00717	0.00478	0.00410	0.00273	0.00137	0.00342	0.00239	0.00273	0.00478
36	0.00823	0.00412	0.00412	0.00412	0.00515	0.00412	0.00309	0.01029	0.00926	0.01647	0.01441	0.01647	0.01132	0.00515	0.00309	0.00103	0.00206	0.00412	0.86930	0.00412
37	0.01040	0.03442	0.29555	0.00940	0.03236	0.00809	0.00959	0.02704	0.02111	0.09664	0.00901	0.00993	0.00676	0.00392	0.00377	0.00103	0.00458	0.00311	0.00267	0.41060
38	0.00572	0.00445	0.00497	0.00491	0.00601	0.00395	0.00354	0.00693	0.01012	0.01297	0.24716	0.05161	0.45480	0.14218	0.00796	0.00192	0.00255	0.02049	0.00408	0.00368
39	0.01215	0.78771	0.02238	0.00783	0.01150	0.07599	0.00763	0.01354	0.00923	0.01042	0.00619	0.00715	0.00567	0.00383	0.00292	0.00096	0.00496	0.00240	0.00192	0.00563
40	0.00561	0.00443	0.00500	0.00528	0.00635	0.00390	0.00383	0.00664	0.00932	0.01164	0.03416	0.25264	0.45873	0.08170	0.00679	0.00182	0.00266	0.06910	0.00394	0.02646
41	0.05483	0.00825	0.01272	0.68834	0.02707	0.01007	0.01131	0.06747	0.03755	0.02861	0.00849	0.01168	0.00630	0.00454	0.00433	0.00145	0.00556	0.00390	0.00233	0.00520
42	0.00834	0.00785	0.01325	0.83417	0.03042	0.00981	0.01227	0.01128	0.00883	0.01128	0.00785	0.01178	0.00589	0.00442	0.00442	0.00147	0.00589	0.00393	0.00196	0.00491
43	0.00998	0.01020	0.01348	0.01159	0.01169	0.05162	0.00961	0.01096	0.00703	0.01064	0.00585	0.00958	0.00579	0.00758	0.01400	0.00190	0.79790	0.00382	0.00195	0.00484
44	0.00536	0.00445	0.00460	0.00459	0.00595	0.00378	0.00338	0.00646	0.00998	0.01209	0.09066	0.05597	0.70671	0.05892	0.00622	0.00165	0.00235	0.00913	0.00407	0.00369
45	0.01591	0.01056	0.01181	0.00920	0.01239	0.01130	0.00754	0.56371	0.03110	0.15766	0.11003	0.01416	0.01234	0.00580	0.00452	0.00134	0.00432	0.00456	0.00465	0.00710
46	0.00823	0.00412	0.00412	0.00412	0.00515	0.00412	0.00309	0.01029	0.00926	0.01647	0.01441	0.01647	0.01132	0.00515	0.00309	0.00103	0.00206	0.00412	0.86930	0.00412
47	0.00886	0.02285	0.82190	0.01259	0.01912	0.01026	0.01632	0.01399	0.00932	0.01399	0.00793	0.00932	0.00559	0.00420	0.00420	0.00140	0.00653	0.00326	0.00186	0.00653
48	0.00713	0.02356	0.13969	0.00713	0.00928	0.00588	0.00656	0.01019	0.05754	0.01607	0.47520	0.07421	0.05486	0.00827	0.00496	0.00142	0.00313	0.05280	0.00410	0.03800
49	0.00823	0.00412	0.00412	0.00412	0.00515	0.00412	0.00309	0.01029	0.00926	0.01647	0.01441	0.01647	0.01132	0.00515	0.00309	0.00103	0.00206	0.00412	0.86930	0.00412
50	0.01295	0.55240	0.01884	0.00815	0.01146	0.10080	0.00747	0.09824	0.01075	0.05774	0.00783	0.00871	0.00655	0.00492	0.02250	0.00119	0.01782	0.00286	0.04302	0.00578
51	0.03043	0.04903	0.02657	0.00887	0.04934	0.10361	0.00680	0.06890	0.12518	0.01502	0.06612	0.01410	0.04658	0.00803	0.09033	0.00175	0.02636	0.00406	0.00308	0.25584
52	0.05380	0.01072	0.02889	0.06549	0.11565	0.04073	0.00857	0.37629	0.06168	0.05700	0.01318	0.07594	0.04999	0.00599	0.00458	0.00139	0.01504	0.00484	0.00374	0.00649
53	0.00649	0.00458	0.00591	0.00554	0.00666	0.00419	0.00417	0.00850	0.01236	0.03488	0.75125	0.03317	0.08746	0.00908	0.00519	0.00139	0.00213	0.00799	0.00483	0.00421
54	0.01333	0.01036	0.01144	0.00974	0.02514	0.01173	0.00767	0.34070	0.36248	0.04938	0.01439	0.05219	0.01114	0.00612	0.00508	0.00146	0.05158	0.00483	0.00430	0.00694
55	0.87598	0.00854	0.00649	0.00581	0.00854	0.00991	0.00478	0.01298	0.00752	0.01982	0.00615	0.00717	0.00478	0.00410	0.00273	0.00137	0.00342	0.00239	0.00273	0.00478
56	0.87598	0.00854	0.00649	0.00581	0.00854	0.00991	0.00478	0.01298	0.00752	0.01982	0.00615	0.00717	0.00478	0.00410	0.00273	0.00137	0.00342	0.00239	0.00273	0.00478
57	0.00632	0.00470	0.00693	0.00693	0.00766	0.00543	0.00531	0.00778	0.00705	0.01013	0.01199	0.01822	0.01142	0.09387	0.76704	0.00689	0.01127	0.00486	0.00239	0.00385
58	0.01181	0.84744	0.02314	0.00756	0.01134	0.01748	0.00756	0.01323	0.00897	0.01039	0.00614	0.00708	0.00567	0.00378	0.00283	0.00094	0.00472	0.00236	0.00189	0.00567
59	0.01060	0.00838	0.01030	0.00750	0.01126	0.00693	0.04215	0.09394	0.01056	0.06632	0.00897	0.01041	0.00722	0.02951	0.00414	0.00092	0.00369	0.00311	0.00297	0.66113
60	0.00815	0.04058	0.39553	0.01013	0.03015	0.03321	0.04524	0.01164	0.01867	0.01417	0.17350	0.06353	0.11203	0.00663	0.00463	0.00142	0.00485	0.01756	0.00295	0.00545
61	0.00652	0.00485	0.00602	0.00662	0.00728	0.00490	0.00473	0.00896	0.11596	0.01219	0.02236	0.49193	0.03969	0.12153	0.00775	0.00211	0.00313	0.12550	0.00396	0.00400
62	0.01600	0.02030	0.01301	0.01162	0.01396	0.77327	0.04556	0.01726	0.01234	0.01097	0.00726	0.02393	0.00618	0.00469	0.00407	0.00117	0.00784	0.00314	0.00231	0.00513
63	0.01042	0.01191	0.02606	0.01862	0.02308	0.01117	0.80119	0.01415	0.01042	0.01415	0.00894	0.01191	0.00670	0.00372	0.00521	0.00149	0.00745	0.00521	0.00223	0.00596
64	0.00565	0.00449	0.00507	0.00493	0.00623	0.00391	0.00370	0.00717	0.01109	0.01435	0.36713	0.03852	0.49154	0.01028	0.00522	0.00145	0.00217	0.00876	0.00442	0.00391
65	0.00616	0.00451	0.00578	0.00546	0.00654	0.00413	0.00409	0.00816	0.01228	0.01719	0.74585	0.03384	0.11105	0.00922	0.00521	0.00140	0.00210	0.00811	0.00479	0.00413
66	0.00575	0.00447	0.00522	0.00510	0.00630	0.00394	0.00380	0.00734	0.01122	0.01481	0.43171	0.07446	0.38957	0.01022	0.00523	0.00145	0.00217	0.00880	0.00448	0.00394
67	0.00823	0.00412	0.00412	0.00412	0.00515	0.00412	0.00309	0.01029	0.00926	0.01647	0.01441	0.01647	0.01132	0.00515	0.00309	0.00103	0.00206	0.00412	0.86930	0.00412
68	0.01061	0.01212	0.02475	0.01789	0.02199	0.04264	0.72065	0.01406	0.01027	0.01380	0.00866	0.01162	0.00661	0.00401	0.00575	0.00150	0.05997	0.00504	0.00222	0.00585
69	0.01627	0.02070	0.01304	0.01166	0.01402	0.79573	0.03896	0.01750	0.01244	0.01094	0.00691	0.00812	0.00573	0.00452	0.00403	0.00115	0.00794	0.00294	0.00227	0.00515
70	0.02306	0.00905	0.00892	0.00815	0.01015	0.09894	0.00641	0.09186	0.30353	0.01743	0.21490	0.02408	0.05866	0.00747	0.00480	0.00148	0.00378	0.09749	0.00424	0.00560

[dist]
# distance from previous block
# <min> <max>
0	2

[block]
# block no. 3 follows, 59 sequences, length 61
# corresponding to MSA columns:
# 257-283,289-322
name=unknown_D
#
# <colnr> <probs for GDERKNQSTAVLIFYWHMCP>
#	G	D	E	R	K	N	Q	S	T	A	V	L	I	F	Y	W	H	M	C	P
0	0.04865	0.04376	0.01308	0.17028	0.09087	0.11928	0.00914	0.31818	0.07467	0.01878	0.01099	0.01201	0.04086	0.00509	0.00427	0.00133	0.00523	0.00399	0.00328	0.00627
1	0.01033	0.02625	0.38473	0.09004	0.25325	0.01051	0.04295	0.07180	0.01044	0.03174	0.00844	0.01029	0.00634	0.00421	0.00429	0.00136	0.00587	0.00365	0.00226	0.02125
2	0.59051	0.02326	0.02360	0.04151	0.03309	0.06665	0.00639	0.12680	0.01003	0.03317	0.00719	0.00818	0.00548	0.00433	0.00323	0.00134	0.00417	0.00281	0.00291	0.00536
3	0.00742	0.00598	0.00829	0.06763	0.06928	0.00615	0.02260	0.01000	0.07395	0.02152	0.02336	0.11246	0.17799	0.04289	0.05792	0.00215	0.01840	0.26388	0.00361	0.00449
4	0.00626	0.00469	0.00589	0.00561	0.00684	0.00423	0.00429	0.00818	0.01179	0.01629	0.59664	0.03482	0.16684	0.00938	0.00520	0.00142	0.00230	0.06512	0.00459	0.03962
5	0.06438	0.01184	0.05421	0.07470	0.02076	0.04601	0.53646	0.01421	0.01012	0.05841	0.00887	0.01136	0.00663	0.00411	0.00523	0.00146	0.04232	0.00462	0.00240	0.02190
6	0.63685	0.00897	0.00780	0.00669	0.00949	0.01020	0.00548	0.13273	0.05405	0.04541	0.04094	0.00950	0.00737	0.00463	0.00324	0.00137	0.00359	0.00307	0.00326	0.00537
7	0.00711	0.00532	0.00636	0.00590	0.00730	0.00514	0.00448	0.02740	0.10614	0.03225	0.54339	0.03200	0.18243	0.00893	0.00509	0.00142	0.00237	0.00773	0.00468	0.00455
8	0.00545	0.00389	0.00520	0.00622	0.00651	0.00364	0.00421	0.00626	0.00852	0.01135	0.02431	0.81231	0.02907	0.01378	0.00565	0.00180	0.00262	0.04150	0.00410	0.00361
9	0.01193	0.00821	0.00931	0.00812	0.01048	0.00880	0.00635	0.11200	0.38265	0.15718	0.11105	0.10091	0.03928	0.00710	0.00469	0.00147	0.00341	0.00600	0.00465	0.00638
10	0.00966	0.00966	0.01353	0.01160	0.01160	0.01353	0.00966	0.01063	0.00676	0.01063	0.00580	0.00966	0.00580	0.00773	0.01449	0.00193	0.83670	0.00387	0.00193	0.00483
11	0.00886	0.02285	0.82190	0.01259	0.01912	0.01026	0.01632	0.01399	0.00932	0.01399	0.00793	0.00932	0.00559	0.00420	0.00420	0.00140	0.00653	0.00326	0.00186	0.00653
12	0.00655	0.00466	0.00638	0.00735	0.00808	0.00458	0.00595	0.00809	0.00944	0.01237	0.02316	0.29039	0.02607	0.05807	0.00685	0.00208	0.00362	0.50846	0.00400	0.00384
13	0.00526	0.00446	0.00453	0.00455	0.00600	0.00374	0.00340	0.00640	0.01011	0.01210	0.06840	0.06022	0.77349	0.01118	0.00523	0.00150	0.00224	0.00935	0.00413	0.00374
14	0.00966	0.00966	0.01353	0.01160	0.01160	0.01353	0.00966	0.01063	0.00676	0.01063	0.00580	0.00966	0.00580	0.00773	0.01449	0.00193	0.83670	0.00387	0.00193	0.00483
15	0.00712	0.00508	0.00712	0.00813	0.00915	0.00508	0.00712	0.00915	0.01017	0.01322	0.02338	0.04982	0.02542	0.01220	0.00610	0.00203	0.00407	0.78750	0.00407	0.00407
16	0.00641	0.00432	0.00501	0.00501	0.00508	0.00439	0.00292	0.00655	0.00648	0.00871	0.01374	0.02793	0.01563	0.77642	0.09027	0.00452	0.00492	0.00628	0.00265	0.00278
17	0.01181	0.84744	0.02314	0.00756	0.01134	0.01748	0.00756	0.01323	0.00897	0.01039	0.00614	0.00708	0.00567	0.00378	0.00283	0.00094	0.00472	0.00236	0.00189	0.00567
18	0.00759	0.00573	0.00782	0.00747	0.00822	0.02634	0.00577	0.00880	0.00731	0.04510	0.01128	0.01706	0.01064	0.10354	0.56912	0.04322	0.10382	0.00469	0.00246	0.00402
19	0.00823	0.00412	0.00412	0.00412	0.00515	0.00412	0.00309	0.01029	0.00926	0.01647	0.01441	0.01647	0.01132	0.00515	0.00309	0.00103	0.00206	0.00412	0.86930	0.00412
20	0.01025	0.01066	0.01263	0.40923	0.03699	0.18041	0.05299	0.01381	0.09925	0.01298	0.10670	0.01406	0.01110	0.00513	0.00447	0.00139	0.00567	0.00438	0.00268	0.00519
21	0.01480	0.01818	0.01270	0.03228	0.06510	0.63811	0.00890	0.01608	0.01146	0.01101	0.00710	0.00888	0.00606	0.00624	0.04650	0.00153	0.08456	0.00313	0.00224	0.00515
22	0.01209	0.20725	0.12054	0.01573	0.25569	0.20833	0.05909	0.01455	0.02019	0.01249	0.00758	0.00934	0.00631	0.00459	0.01663	0.00131	0.01679	0.00333	0.00213	0.00604
23	0.00592	0.00433	0.00560	0.00641	0.00691	0.00418	0.00450	0.00751	0.05292	0.01212	0.06263	0.64865	0.04188	0.03221	0.00598	0.00183	0.00277	0.08569	0.00412	0.00383
24	0.01223	0.77258	0.02218	0.00790	0.01155	0.09082	0.00765	0.01362	0.00929	0.01043	0.00620	0.00716	0.00567	0.00385	0.00294	0.00096	0.00502	0.00241	0.00192	0.00562
25	0.00627	0.00425	0.00499	0.00517	0.00529	0.00419	0.00311	0.00656	0.00716	0.00959	0.05483	0.15981	0.01970	0.64553	0.01844	0.00367	0.00389	0.03157	0.00305	0.00294
26	0.01069	0.01061	0.01666	0.20780	0.53686	0.06314	0.04442	0.01356	0.02846	0.01357	0.00836	0.01110	0.00680	0.00412	0.00439	0.00135	0.00562	0.00394	0.00220	0.00636
27	0.01606	0.04416	0.01312	0.01214	0.05786	0.75885	0.00878	0.01728	0.01228	0.01100	0.00689	0.00810	0.00576	0.00450	0.00397	0.00114	0.00772	0.00289	0.00226	0.00524
28	0.00576	0.00458	0.00527	0.00540	0.00666	0.00399	0.00405	0.00703	0.00995	0.01268	0.12189	0.21429	0.44334	0.01118	0.00528	0.00155	0.00251	0.07889	0.00410	0.05161
29	0.01096	0.55824	0.21757	0.03178	0.01377	0.03836	0.00988	0.01331	0.00906	0.01131	0.00675	0.00806	0.00577	0.00461	0.01980	0.00123	0.02914	0.00273	0.00191	0.00578
30	0.00966	0.00966	0.01353	0.01160	0.01160	0.01353	0.00966	0.01063	0.00676	0.01063	0.00580	0.00966	0.00580	0.00773	0.01449	0.00193	0.83670	0.00387	0.00193	0.00483
31	0.00543	0.00390	0.00516	0.00608	0.00641	0.00363	0.00409	0.00629	0.00874	0.01169	0.07365	0.77516	0.04643	0.01348	0.00560	0.00176	0.00253	0.01221	0.00415	0.00363
32	0.01982	0.00752	0.01025	0.00786	0.01127	0.00649	0.00649	0.02152	0.01264	0.82029	0.01742	0.01503	0.01093	0.00547	0.00444	0.00137	0.00376	0.00444	0.00547	0.00752
33	0.00823	0.00412	0.00412	0.00412	0.00515	0.00412	0.00309	0.01029	0.00926	0.01647	0.01441	0.01647	0.01132	0.00515	0.00309	0.00103	0.00206	0.00412	0.86930	0.00412
34	0.01137	0.00968	0.01020	0.00907	0.01163	0.01116	0.00708	0.07505	0.75704	0.01910	0.01749	0.01609	0.01309	0.00595	0.00449	0.00149	0.00359	0.00493	0.00449	0.00703
35	0.00886	0.02285	0.82190	0.01259	0.01912	0.01026	0.01632	0.01399	0.00932	0.01399	0.00793	0.00932	0.00559	0.00420	0.00420	0.00140	0.00653	0.00326	0.00186	0.00653
36	0.00534	0.00448	0.00464	0.00460	0.00604	0.00378	0.00345	0.00657	0.01035	0.01261	0.13528	0.04139	0.72448	0.01093	0.00522	0.00148	0.00222	0.00916	0.00419	0.00378
37	0.00834	0.00785	0.01325	0.83417	0.03042	0.00981	0.01227	0.01128	0.00883	0.01128	0.00785	0.01178	0.00589	0.00442	0.00442	0.00147	0.00589	0.00393	0.00196	0.00491
38	0.01982	0.00752	0.01025	0.00786	0.01127	0.00649	0.00649	0.02152	0.01264	0.82029	0.01742	0.01503	0.01093	0.00547	0.00444	0.00137	0.00376	0.00444	0.00547	0.00752
39	0.01901	0.00735	0.00993	0.00767	0.01098	0.00634	0.00632	0.02069	0.01250	0.77575	0.01893	0.01655	0.05526	0.00578	0.00448	0.00137	0.00367	0.00471	0.00539	0.00731
40	0.01650	0.02105	0.01252	0.01138	0.01365	0.82705	0.00853	0.01764	0.01252	0.01081	0.00683	0.00796	0.00569	0.00455	0.00398	0.00114	0.00796	0.00284	0.00228	0.00512
41	0.00555	0.00411	0.00560	0.00637	0.00684	0.00382	0.02080	0.00646	0.00869	0.01147	0.02552	0.73009	0.08780	0.01336	0.00562	0.00177	0.00270	0.04570	0.00406	0.00367
42	0.05704	0.00793	0.00910	0.00773	0.01039	0.00823	0.00615	0.02021	0.35100	0.32355	0.03034	0.01621	0.02690	0.00575	0.00426	0.00139	0.00339	0.00469	0.09910	0.00666
43	0.00992	0.00961	0.01324	0.01133	0.01156	0.01320	0.00942	0.05415	0.00755	0.01156	0.00631	0.01004	0.00611	0.00865	0.04782	0.00211	0.75648	0.00391	0.00209	0.00494
44	0.00823	0.00412	0.00412	0.00412	0.00515	0.00412	0.00309	0.01029	0.00926	0.01647	0.01441	0.01647	0.01132	0.00515	0.00309	0.00103	0.00206	0.00412	0.86930	0.00412
45	0.05336	0.01221	0.01297	0.00998	0.01348	0.01354	0.00824	0.76890	0.02020	0.02749	0.01041	0.01046	0.00739	0.00525	0.00435	0.00133	0.00480	0.00391	0.00435	0.00739
46	0.00633	0.00424	0.00494	0.00505	0.00514	0.00421	0.00297	0.00641	0.00672	0.00894	0.01550	0.11124	0.03892	0.67799	0.04300	0.04157	0.00425	0.00697	0.00282	0.00280
47	0.00649	0.00462	0.00596	0.00655	0.00740	0.00442	0.00497	0.00824	0.04130	0.03354	0.10515	0.40605	0.12383	0.01209	0.00559	0.00176	0.00293	0.21087	0.00422	0.00402
48	0.13309	0.05786	0.01288	0.00943	0.01287	0.01339	0.00786	0.65189	0.01832	0.02579	0.00975	0.00994	0.00704	0.00505	0.00410	0.00131	0.00466	0.00367	0.00405	0.00704
49	0.05607	0.00885	0.01088	0.00838	0.01180	0.00855	0.00692	0.22790	0.01457	0.57587	0.01513	0.01352	0.00976	0.00536	0.00436	0.00136	0.00404	0.00423	0.00507	0.00740
50	0.00696	0.00422	0.00562	0.00583	0.00620	0.00416	0.00411	0.00683	0.00751	0.01011	0.05575	0.07983	0.06535	0.17884	0.03237	0.35778	0.00380	0.12338	0.03850	0.00286
51	0.00809	0.00595	0.00693	0.00666	0.00798	0.00609	0.00505	0.08970	0.10715	0.03314	0.11917	0.16226	0.15946	0.11314	0.02453	0.00202	0.01376	0.09562	0.02872	0.00456
52	0.02959	0.04669	0.07068	0.09092	0.02005	0.04160	0.45273	0.08760	0.01090	0.01470	0.00944	0.04541	0.00764	0.00584	0.04456	0.00171	0.00683	0.00486	0.00247	0.00578
53	0.79406	0.00897	0.00690	0.02977	0.00933	0.04513	0.00513	0.01298	0.00783	0.01900	0.00711	0.00815	0.02333	0.00429	0.00289	0.00136	0.00366	0.00261	0.00272	0.00478
54	0.04677	0.49876	0.03611	0.00826	0.01131	0.04993	0.02180	0.03002	0.11843	0.01228	0.00853	0.01039	0.00753	0.06679	0.00538	0.00138	0.05511	0.00324	0.00241	0.00558
55	0.01601	0.00757	0.00955	0.00760	0.01043	0.00713	0.00614	0.13452	0.03405	0.49496	0.12675	0.01830	0.03788	0.04243	0.00532	0.00149	0.00363	0.00509	0.02451	0.00665
56	0.01633	0.03111	0.01339	0.01046	0.03563	0.01340	0.00841	0.70955	0.05523	0.04534	0.01093	0.01090	0.00780	0.00526	0.00438	0.00133	0.00478	0.00399	0.00433	0.00743
57	0.00777	0.00610	0.00727	0.00599	0.00822	0.00499	0.00441	0.00890	0.00849	0.01243	0.04527	0.10820	0.05711	0.15067	0.01896	0.07374	0.00342	0.00509	0.00290	0.46006
58	0.01918	0.00505	0.00573	0.02180	0.00651	0.00522	0.00368	0.00876	0.11144	0.01049	0.01735	0.07690	0.09060	0.52553	0.01652	0.05826	0.00387	0.00662	0.00307	0.00342
59	0.01370	0.13962	0.01513	0.07515	0.14300	0.40876	0.00957	0.04736	0.01114	0.01204	0.00710	0.00886	0.00599	0.00464	0.00486	0.00124	0.08086	0.00317	0.00224	0.00556
60	0.00551	0.00440	0.00478	0.00489	0.00602	0.00385	0.00353	0.00657	0.00970	0.01203	0.10773	0.13342	0.54666	0.10408	0.00721	0.00184	0.00253	0.02761	0.00401	0.00364

[dist]
# distance from previous block
# <min> <max>
0	5

[block]
# block no. 4 follows, 59 sequences, length 20
# corresponding to MSA columns:
# 328-347
name=unknown_E
#
# <colnr> <probs for GDERKNQSTAVLIFYWHMCP>
#	G	D	E	R	K	N	Q	S	T	A	V	L	I	F	Y	W	H	M	C	P
0	0.05677	0.01011	0.01677	0.13282	0.63293	0.01046	0.03047	0.03159	0.01002	0.01460	0.00820	0.01086	0.00674	0.00403	0.00431	0.00134	0.00528	0.00388	0.00224	0.00659
1	0.03161	0.04758	0.20128	0.02922	0.21135	0.02693	0.24367	0.01498	0.02102	0.11551	0.00951	0.01115	0.00703	0.00417	0.00448	0.00138	0.00597	0.00411	0.00257	0.00648
2	0.01382	0.00869	0.01218	0.06415	0.14150	0.00882	0.04456	0.07978	0.16899	0.29377	0.01523	0.03324	0.01171	0.00595	0.00465	0.00146	0.00434	0.07633	0.00414	0.00670
3	0.00966	0.00966	0.01353	0.01160	0.01160	0.01353	0.00966	0.01063	0.00676	0.01063	0.00580	0.00966	0.00580	0.00773	0.01449	0.00193	0.83670	0.00387	0.00193	0.00483
4	0.04410	0.01122	0.04143	0.07938	0.09853	0.01052	0.54656	0.01447	0.01033	0.08499	0.00941	0.01184	0.00694	0.00397	0.00488	0.00145	0.00662	0.00477	0.00250	0.00608
5	0.01154	0.30130	0.17050	0.01023	0.05473	0.20822	0.00928	0.01365	0.00998	0.02700	0.02171	0.05464	0.03511	0.00647	0.04655	0.00150	0.00599	0.00376	0.00232	0.00552
6	0.00823	0.00412	0.00412	0.00412	0.00515	0.00412	0.00309	0.01029	0.00926	0.01647	0.01441	0.01647	0.01132	0.00515	0.00309	0.00103	0.00206	0.00412	0.86930	0.00412
7	0.00625	0.00451	0.00590	0.00556	0.00660	0.00417	0.00417	0.00833	0.01250	0.01771	0.81490	0.03299	0.04167	0.00903	0.00521	0.00139	0.00208	0.00799	0.00486	0.00417
8	0.01099	0.01009	0.01722	0.06865	0.69584	0.01013	0.03334	0.01360	0.01010	0.04513	0.00917	0.01250	0.00772	0.00430	0.00446	0.00135	0.00524	0.03104	0.00237	0.00678
9	0.01222	0.10529	0.05758	0.06683	0.07257	0.11723	0.06973	0.14562	0.17803	0.02756	0.01130	0.02871	0.02485	0.00529	0.00492	0.00137	0.05744	0.00419	0.00309	0.00618
10	0.01053	0.01005	0.01712	0.09970	0.72140	0.01022	0.01315	0.01313	0.00990	0.01405	0.00875	0.03605	0.00756	0.00428	0.00441	0.00134	0.00522	0.00419	0.00222	0.00670
11	0.01982	0.00752	0.01025	0.00786	0.01127	0.00649	0.00649	0.02152	0.01264	0.82029	0.01742	0.01503	0.01093	0.00547	0.00444	0.00137	0.00376	0.00444	0.00547	0.00752
12	0.00721	0.00528	0.00730	0.03572	0.07472	0.00522	0.00585	0.00919	0.05293	0.04563	0.07988	0.41388	0.05277	0.03754	0.01780	0.00186	0.00338	0.13556	0.00393	0.00436
13	0.01082	0.00912	0.03245	0.09240	0.03621	0.03222	0.17050	0.10347	0.08131	0.09897	0.01414	0.12947	0.02500	0.00880	0.07347	0.00197	0.02173	0.03763	0.01468	0.00565
14	0.01679	0.01237	0.01325	0.01016	0.01370	0.01370	0.00839	0.80251	0.02077	0.02783	0.01060	0.01060	0.00751	0.00530	0.00442	0.00133	0.00486	0.00398	0.00442	0.00751
15	0.00599	0.00445	0.00559	0.00550	0.00654	0.00405	0.00410	0.00776	0.01155	0.01581	0.56327	0.12058	0.18400	0.01004	0.00528	0.00147	0.00222	0.03314	0.00461	0.00402
16	0.00597	0.00434	0.00574	0.00659	0.00726	0.00411	0.00500	0.00725	0.00938	0.01229	0.06599	0.46225	0.11048	0.01279	0.00572	0.00182	0.00299	0.26212	0.00413	0.00379
17	0.01866	0.00807	0.01027	0.00806	0.01129	0.02694	0.00658	0.06971	0.03974	0.69110	0.01704	0.04835	0.01142	0.00579	0.00448	0.00138	0.00387	0.00472	0.00523	0.00728
18	0.00916	0.00572	0.00715	0.00633	0.00797	0.00544	0.00489	0.06978	0.04363	0.13788	0.53684	0.05123	0.07951	0.00837	0.00502	0.00140	0.00262	0.00725	0.00484	0.00498
19	0.00934	0.00876	0.01440	0.57837	0.13545	0.01048	0.04228	0.05378	0.00952	0.01265	0.00793	0.01142	0.00615	0.00465	0.00530	0.00148	0.07656	0.00397	0.00213	0.00537

[dist]
# distance from previous block
# <min> <max>
0	1

[block]
# block no. 5 follows, 59 sequences, length 43
# corresponding to MSA columns:
# 349-391
name=unknown_F
#
# <colnr> <probs for GDERKNQSTAVLIFYWHMCP>
#	G	D	E	R	K	N	Q	S	T	A	V	L	I	F	Y	W	H	M	C	P
0	0.05883	0.09504	0.01539	0.02725	0.20328	0.37617	0.08132	0.01532	0.03149	0.01262	0.00822	0.03993	0.00711	0.00461	0.00409	0.00124	0.00638	0.00368	0.00236	0.00566
1	0.00598	0.00442	0.00537	0.00525	0.00634	0.00399	0.00389	0.00768	0.01133	0.01550	0.49828	0.10957	0.24802	0.00988	0.00516	0.00144	0.00217	0.00860	0.04312	0.00399
2	0.05651	0.04452	0.02369	0.00967	0.02592	0.01244	0.00782	0.40985	0.30747	0.02268	0.01278	0.01241	0.00943	0.00536	0.00428	0.00137	0.00429	0.00417	0.00416	0.02119
3	0.00974	0.02237	0.17062	0.04463	0.32170	0.00934	0.05383	0.01290	0.03873	0.03961	0.03196	0.02655	0.05958	0.02705	0.02518	0.00159	0.04231	0.01589	0.00257	0.04386
4	0.03716	0.14760	0.40867	0.02538	0.05948	0.04412	0.03135	0.02349	0.01830	0.10138	0.00950	0.04706	0.00745	0.00471	0.00405	0.00132	0.00558	0.00374	0.00250	0.01716
5	0.00909	0.09117	0.56807	0.01174	0.01711	0.01015	0.08348	0.01334	0.00984	0.02585	0.10882	0.01240	0.01028	0.00474	0.00430	0.00137	0.00586	0.00397	0.00233	0.00612
6	0.07416	0.00758	0.01001	0.00773	0.01110	0.00671	0.00638	0.02098	0.01232	0.76948	0.01671	0.01453	0.01054	0.00538	0.00433	0.00137	0.00374	0.00431	0.00529	0.00734
7	0.00742	0.00658	0.03011	0.04797	0.09032	0.02614	0.00637	0.01962	0.03909	0.02539	0.15632	0.16460	0.23491	0.00954	0.00539	0.00156	0.02426	0.09602	0.00381	0.00456
8	0.01421	0.14445	0.17821	0.04104	0.07208	0.03006	0.03120	0.01674	0.01086	0.35269	0.01252	0.01386	0.00910	0.00509	0.00423	0.00134	0.00488	0.04727	0.00355	0.00659
9	0.01591	0.00688	0.00900	0.00718	0.01002	0.00607	0.00583	0.04644	0.01258	0.57392	0.13086	0.02097	0.12097	0.00671	0.00465	0.00138	0.00337	0.00556	0.00516	0.00656
10	0.00569	0.00449	0.00513	0.00497	0.00626	0.00393	0.00373	0.00726	0.01119	0.01459	0.39856	0.03813	0.45997	0.01019	0.00521	0.00144	0.00217	0.00871	0.00445	0.00393
11	0.00971	0.21243	0.52843	0.02439	0.01647	0.04174	0.01312	0.01373	0.02541	0.01299	0.00862	0.03137	0.00706	0.00467	0.00398	0.00132	0.00591	0.03047	0.00207	0.00610
12	0.00895	0.00920	0.05642	0.56208	0.23056	0.00984	0.01258	0.01187	0.00916	0.01223	0.00842	0.03413	0.00679	0.00454	0.00443	0.00144	0.00567	0.00413	0.00207	0.00549
13	0.00622	0.00451	0.00586	0.00552	0.00658	0.00415	0.00414	0.00827	0.01243	0.01754	0.79160	0.03328	0.06508	0.00909	0.00521	0.00139	0.00209	0.00803	0.00484	0.00415
14	0.00642	0.00428	0.00482	0.00482	0.00482	0.00428	0.00268	0.00642	0.00642	0.00856	0.01392	0.02890	0.01606	0.84478	0.02248	0.00428	0.00428	0.00642	0.00268	0.00268
15	0.01060	0.17380	0.01289	0.00783	0.01141	0.03145	0.02805	0.05990	0.11302	0.01474	0.00894	0.00983	0.00729	0.00398	0.00371	0.00092	0.02064	0.00305	0.00279	0.47515
16	0.01031	0.00984	0.01683	0.12189	0.61211	0.01006	0.05379	0.01310	0.02442	0.01386	0.00913	0.01302	0.00786	0.03528	0.00514	0.00148	0.00534	0.02782	0.00228	0.00644
17	0.00823	0.00412	0.00412	0.00412	0.00515	0.00412	0.00309	0.01029	0.00926	0.01647	0.01441	0.01647	0.01132	0.00515	0.00309	0.00103	0.00206	0.00412	0.86930	0.00412
18	0.00631	0.00473	0.00710	0.00710	0.00789	0.00552	0.00552	0.00789	0.00710	0.01025	0.01183	0.01735	0.01104	0.03312	0.82728	0.00710	0.01183	0.00473	0.00237	0.00394
19	0.01603	0.04593	0.05406	0.03338	0.04204	0.39284	0.02001	0.04524	0.01212	0.24666	0.01038	0.01100	0.00763	0.02772	0.00464	0.00132	0.00612	0.00355	0.00324	0.01607
20	0.01181	0.84744	0.02314	0.00756	0.01134	0.01748	0.00756	0.01323	0.00897	0.01039	0.00614	0.00708	0.00567	0.00378	0.00283	0.00094	0.00472	0.00236	0.00189	0.00567
21	0.00547	0.00391	0.00523	0.00625	0.00655	0.00367	0.00426	0.00631	0.00855	0.01138	0.02429	0.80013	0.02901	0.01375	0.00566	0.00181	0.00264	0.05342	0.00410	0.00361
22	0.00886	0.02285	0.82190	0.01259	0.01912	0.01026	0.01632	0.01399	0.00932	0.01399	0.00793	0.00932	0.00559	0.00420	0.00420	0.00140	0.00653	0.00326	0.00186	0.00653
23	0.00916	0.00785	0.00916	0.00654	0.01047	0.00589	0.00523	0.01112	0.00916	0.01439	0.00785	0.00916	0.00654	0.00327	0.00327	0.00065	0.00327	0.00262	0.00262	0.87178
24	0.00534	0.00447	0.00462	0.00458	0.00600	0.00378	0.00342	0.00653	0.01022	0.01241	0.11650	0.04135	0.72714	0.02725	0.00556	0.00154	0.00226	0.00914	0.00414	0.00375
25	0.87598	0.00854	0.00649	0.00581	0.00854	0.00991	0.00478	0.01298	0.00752	0.01982	0.00615	0.00717	0.00478	0.00410	0.00273	0.00137	0.00342	0.00239	0.00273	0.00478
26	0.00834	0.00785	0.01325	0.83417	0.03042	0.00981	0.01227	0.01128	0.00883	0.01128	0.00785	0.01178	0.00589	0.00442	0.00442	0.00147	0.00589	0.00393	0.00196	0.00491
27	0.00845	0.00806	0.01392	0.79161	0.03004	0.00988	0.05344	0.01143	0.00891	0.01143	0.00791	0.01178	0.00593	0.00438	0.00446	0.00147	0.00597	0.00399	0.00198	0.00496
28	0.00593	0.00445	0.00488	0.00495	0.00619	0.00388	0.00362	0.00721	0.00976	0.01298	0.09381	0.20433	0.44349	0.01039	0.00492	0.00145	0.00231	0.00888	0.12407	0.04249
29	0.00879	0.00831	0.01406	0.69367	0.16740	0.00993	0.01249	0.01168	0.00904	0.01183	0.00793	0.01163	0.00608	0.00433	0.00441	0.00144	0.00578	0.00393	0.00200	0.00527
30	0.08319	0.00815	0.01269	0.66136	0.04727	0.00995	0.01126	0.03170	0.00911	0.04182	0.00806	0.01137	0.00604	0.00456	0.00464	0.00147	0.03620	0.00381	0.00222	0.00511
31	0.05532	0.01856	0.01264	0.01226	0.08250	0.64536	0.00869	0.05224	0.01245	0.04970	0.00758	0.00863	0.00608	0.00455	0.00400	0.00118	0.00719	0.00304	0.00253	0.00548
32	0.01608	0.01191	0.01310	0.01076	0.04926	0.01314	0.00845	0.67869	0.09076	0.04550	0.01133	0.01125	0.00811	0.00531	0.00442	0.00134	0.00473	0.00408	0.00435	0.00744
33	0.00943	0.10805	0.11575	0.02218	0.03298	0.07182	0.00772	0.01313	0.13370	0.02902	0.11094	0.11070	0.03787	0.02707	0.00518	0.00146	0.02735	0.06117	0.00329	0.07117
34	0.01159	0.78602	0.08264	0.00793	0.01192	0.01694	0.00821	0.01328	0.00900	0.01066	0.00627	0.00725	0.00566	0.00381	0.00294	0.00098	0.00486	0.00243	0.00189	0.00573
35	0.04035	0.00619	0.00875	0.00813	0.01004	0.00578	0.07346	0.01038	0.00996	0.07133	0.02131	0.03575	0.11328	0.04812	0.00609	0.00179	0.00400	0.41181	0.00373	0.10973
36	0.01000	0.09078	0.15581	0.01108	0.04245	0.10932	0.10513	0.02830	0.03078	0.01235	0.00957	0.03495	0.00867	0.08507	0.10538	0.00232	0.09125	0.01723	0.00237	0.04721
37	0.00881	0.00818	0.01321	0.37098	0.29434	0.02204	0.01105	0.01120	0.00930	0.01243	0.01142	0.15448	0.01101	0.00617	0.00467	0.00149	0.00506	0.03632	0.00249	0.00537
38	0.01876	0.00752	0.01061	0.00813	0.01147	0.00654	0.03565	0.02056	0.01255	0.74871	0.05873	0.01586	0.01238	0.00559	0.00451	0.00137	0.00381	0.00465	0.00532	0.00728
39	0.00658	0.00527	0.03645	0.00668	0.00744	0.00532	0.00515	0.00775	0.00717	0.01029	0.01281	0.08076	0.01291	0.18489	0.48429	0.05068	0.02523	0.00550	0.04116	0.00369
40	0.01047	0.02021	0.12757	0.05849	0.06179	0.02809	0.00850	0.03290	0.05039	0.16400	0.01594	0.13361	0.02726	0.01038	0.09212	0.00215	0.01724	0.12987	0.00352	0.00551
41	0.00895	0.06650	0.74897	0.01215	0.01833	0.01045	0.01551	0.01377	0.00934	0.01377	0.00840	0.01070	0.00633	0.00447	0.00419	0.00140	0.00634	0.03211	0.00195	0.00639
42	0.41767	0.00790	0.00831	0.00686	0.00983	0.00806	0.00562	0.01702	0.02511	0.40275	0.01244	0.04186	0.00879	0.00515	0.00369	0.00138	0.00355	0.00380	0.00413	0.00609

[dist]
# distance from previous block
# <min> <max>
0	2

[block]
# block no. 6 follows, 59 sequences, length 6
# corresponding to MSA columns:
# 394-399
name=unknown_G
#
# <colnr> <probs for GDERKNQSTAVLIFYWHMCP>
#	G	D	E	R	K	N	Q	S	T	A	V	L	I	F	Y	W	H	M	C	P
0	0.00918	0.00710	0.00930	0.00829	0.05718	0.00644	0.03838	0.04201	0.00940	0.06431	0.01420	0.01947	0.08311	0.16183	0.04980	0.00201	0.03433	0.05412	0.00303	0.32651
1	0.00773	0.00651	0.00730	0.00720	0.00826	0.05784	0.00549	0.07973	0.00988	0.01274	0.02211	0.26521	0.17260	0.03912	0.14642	0.00266	0.06375	0.07769	0.00352	0.00423
2	0.00658	0.00447	0.00610	0.00630	0.00702	0.00487	0.00475	0.00806	0.00781	0.01164	0.01480	0.14569	0.01469	0.06507	0.46907	0.00477	0.00783	0.03595	0.17066	0.00386
3	0.70733	0.00763	0.00623	0.00587	0.00813	0.00868	0.00465	0.01166	0.00770	0.01816	0.00967	0.16888	0.00952	0.00599	0.00330	0.00145	0.00325	0.00436	0.00300	0.00455
4	0.00644	0.00482	0.00692	0.05616	0.00857	0.00535	0.00528	0.00798	0.00816	0.01153	0.16745	0.02162	0.01735	0.13762	0.50865	0.00527	0.00855	0.00555	0.00287	0.00387
5	0.02622	0.24819	0.06042	0.05741	0.01169	0.03567	0.02390	0.03826	0.16478	0.01420	0.06196	0.07707	0.07305	0.00610	0.00402	0.00129	0.00405	0.00493	0.08137	0.00543

[dist]
# distance from previous block
# <min> <max>
0	21

# created by:
# /st0/software/busco_prod/Augustus/scripts/msa2prfl.pl ./align_prep/108302.fa
