[name]
unknown

[dist]
# distance from previous block
# <min> <max>
7	84

[block]
# block no. 0 follows, 57 sequences, length 7
# corresponding to MSA columns:
# 84-90
name=unknown_A
#
# <colnr> <probs for GDERKNQSTAVLIFYWHMCP>
#	G	D	E	R	K	N	Q	S	T	A	V	L	I	F	Y	W	H	M	C	P
0	0.00765	0.00711	0.07051	0.00889	0.03375	0.00589	0.09768	0.00937	0.00954	0.05459	0.06270	0.41077	0.09851	0.03485	0.00616	0.00173	0.03034	0.00922	0.03616	0.00459
1	0.09241	0.09076	0.33770	0.04784	0.09759	0.04803	0.04519	0.09497	0.03096	0.01581	0.00925	0.05292	0.00755	0.00491	0.00421	0.00139	0.00571	0.00396	0.00253	0.00630
2	0.04827	0.07301	0.02896	0.01118	0.06451	0.12491	0.10057	0.14960	0.04604	0.08320	0.01214	0.03949	0.03098	0.09430	0.00681	0.00171	0.03817	0.01720	0.02311	0.00584
3	0.01236	0.02789	0.02440	0.04424	0.01237	0.06524	0.04459	0.21388	0.09496	0.10927	0.01721	0.15633	0.07015	0.02646	0.00539	0.00156	0.01707	0.02962	0.02106	0.00594
4	0.04614	0.01078	0.12985	0.03699	0.08299	0.05755	0.06330	0.06693	0.03229	0.06281	0.01277	0.08608	0.02427	0.02874	0.00499	0.00143	0.02301	0.00488	0.18159	0.04260
5	0.04392	0.06726	0.02644	0.03726	0.08089	0.05229	0.04832	0.03671	0.08544	0.06253	0.09292	0.13842	0.14947	0.05117	0.00573	0.00162	0.00405	0.00670	0.00363	0.00523
6	0.07100	0.15315	0.04271	0.08537	0.05735	0.05254	0.00768	0.08642	0.07862	0.04981	0.06705	0.06735	0.08757	0.00613	0.00423	0.00132	0.00433	0.00494	0.00329	0.06913

[dist]
# distance from previous block
# <min> <max>
11	62

[block]
# block no. 1 follows, 57 sequences, length 89
# corresponding to MSA columns:
# 243-254,257-297,300-319,321-336
name=unknown_B
#
# <colnr> <probs for GDERKNQSTAVLIFYWHMCP>
#	G	D	E	R	K	N	Q	S	T	A	V	L	I	F	Y	W	H	M	C	P
0	0.01243	0.12485	0.19687	0.01168	0.07831	0.08934	0.04776	0.13569	0.05289	0.07258	0.05549	0.01253	0.02570	0.00499	0.00425	0.00129	0.00534	0.00400	0.01470	0.04931
1	0.04409	0.09998	0.15696	0.01111	0.07124	0.07677	0.07076	0.07029	0.02261	0.06729	0.03537	0.09126	0.01105	0.04752	0.00542	0.00151	0.01652	0.01925	0.01926	0.06174
2	0.04068	0.13875	0.10975	0.01188	0.10021	0.04090	0.07229	0.06362	0.03745	0.11786	0.05883	0.04255	0.02464	0.00553	0.00520	0.00137	0.07616	0.00443	0.00311	0.04481
3	0.03798	0.16361	0.13448	0.01185	0.12849	0.05595	0.02105	0.07348	0.09187	0.05507	0.05483	0.02829	0.00988	0.00490	0.00407	0.00124	0.00484	0.00394	0.00299	0.11121
4	0.01108	0.09673	0.21227	0.01149	0.08272	0.07652	0.04777	0.08185	0.05221	0.03797	0.02468	0.03570	0.05597	0.00528	0.00444	0.00130	0.02157	0.00426	0.04602	0.09018
5	0.02451	0.10305	0.14536	0.03009	0.05193	0.04189	0.03683	0.08202	0.03845	0.01489	0.07770	0.09821	0.01335	0.04846	0.03390	0.00170	0.02052	0.03072	0.00302	0.10342
6	0.00983	0.21310	0.10482	0.02046	0.01136	0.04384	0.00725	0.03683	0.04941	0.01321	0.02834	0.08120	0.04959	0.07270	0.00573	0.02024	0.00437	0.00452	0.00278	0.22041
7	0.01193	0.31993	0.15676	0.02233	0.04256	0.05923	0.03051	0.09351	0.05886	0.03663	0.00944	0.01049	0.02222	0.00524	0.02044	0.00134	0.03406	0.00344	0.01832	0.04275
8	0.01189	0.60780	0.09232	0.00829	0.01199	0.05486	0.00824	0.02963	0.01989	0.02735	0.00751	0.00903	0.00661	0.02689	0.02048	0.02512	0.00520	0.00287	0.01831	0.00571
9	0.00902	0.16618	0.11039	0.00759	0.00978	0.02047	0.00676	0.05672	0.02509	0.03292	0.05002	0.09978	0.03115	0.20069	0.13820	0.01630	0.00572	0.00557	0.00292	0.00474
10	0.00632	0.01678	0.00568	0.00527	0.00664	0.00443	0.00396	0.02241	0.01127	0.02665	0.31375	0.07006	0.44407	0.03547	0.00584	0.00158	0.00243	0.00884	0.00444	0.00411
11	0.01221	0.77732	0.02271	0.00789	0.01166	0.03795	0.00772	0.02845	0.02580	0.01120	0.00725	0.00811	0.01819	0.00409	0.00304	0.00100	0.00487	0.00263	0.00209	0.00583
12	0.00909	0.11150	0.65372	0.01162	0.01748	0.01071	0.01453	0.01356	0.00961	0.01384	0.02427	0.02721	0.05382	0.00495	0.00426	0.00140	0.00608	0.00387	0.00215	0.00633
13	0.02029	0.11360	0.51726	0.01147	0.03043	0.02611	0.02435	0.03771	0.05391	0.01481	0.06720	0.02370	0.02986	0.00506	0.00429	0.00139	0.00575	0.00402	0.00248	0.00632
14	0.03967	0.01108	0.12964	0.04237	0.04180	0.03352	0.05911	0.15066	0.02196	0.18498	0.04773	0.10276	0.01242	0.06490	0.00633	0.00168	0.03419	0.00537	0.00370	0.00614
15	0.00618	0.00488	0.00751	0.00805	0.03234	0.00459	0.07103	0.00734	0.00903	0.01212	0.04367	0.70871	0.02761	0.01286	0.00570	0.00179	0.00315	0.02539	0.00401	0.00401
16	0.01112	0.01062	0.01745	0.15731	0.63185	0.03504	0.02764	0.01382	0.01025	0.02924	0.00859	0.01136	0.00702	0.00416	0.00450	0.00137	0.00559	0.00404	0.00227	0.00676
17	0.01134	0.39456	0.22980	0.01078	0.05412	0.09032	0.03786	0.01406	0.02191	0.02549	0.00914	0.05009	0.02328	0.00479	0.00379	0.00122	0.00558	0.00363	0.00225	0.00598
18	0.00952	0.02268	0.01243	0.33408	0.09150	0.00823	0.06986	0.01189	0.02252	0.09638	0.01388	0.17929	0.02442	0.03100	0.02008	0.01580	0.00506	0.02314	0.00302	0.00520
19	0.00977	0.19959	0.63163	0.01192	0.01797	0.01213	0.02958	0.01419	0.00951	0.01356	0.00776	0.00912	0.00578	0.00420	0.00402	0.00134	0.00632	0.00319	0.00193	0.00650
20	0.00945	0.02913	0.06610	0.01184	0.18401	0.02840	0.00791	0.08953	0.02527	0.04489	0.11922	0.20068	0.12106	0.00831	0.00494	0.00149	0.00391	0.01942	0.01895	0.00547
21	0.09506	0.18056	0.04623	0.01089	0.09349	0.06752	0.00842	0.17207	0.16589	0.07813	0.01126	0.03244	0.00882	0.00514	0.00404	0.00132	0.00472	0.00394	0.00344	0.00659
22	0.00652	0.00492	0.00704	0.00738	0.00812	0.00482	0.04440	0.04171	0.00935	0.01253	0.02238	0.62421	0.02591	0.01486	0.07632	0.00229	0.00393	0.07527	0.00397	0.00405
23	0.01403	0.01141	0.02538	0.00967	0.01282	0.02751	0.00788	0.41284	0.32570	0.02317	0.01522	0.01459	0.04608	0.00590	0.00456	0.00142	0.00437	0.00466	0.00442	0.02837
24	0.00983	0.21103	0.43416	0.03169	0.03341	0.01139	0.01219	0.02759	0.00980	0.01383	0.04882	0.01073	0.00802	0.01909	0.00427	0.00129	0.00554	0.00341	0.00223	0.10168
25	0.02374	0.24883	0.46199	0.01105	0.01638	0.02463	0.02605	0.05384	0.04491	0.03676	0.00846	0.00947	0.00637	0.00436	0.00394	0.00130	0.00587	0.00325	0.00230	0.00649
26	0.00978	0.11448	0.52908	0.01402	0.05443	0.01145	0.16104	0.01417	0.00983	0.01404	0.02196	0.01029	0.00666	0.00424	0.00437	0.00139	0.00652	0.00373	0.00205	0.00647
27	0.00918	0.00829	0.01394	0.14748	0.37341	0.00845	0.06088	0.01139	0.00970	0.02836	0.01417	0.23285	0.03537	0.01977	0.00520	0.00157	0.00477	0.00668	0.00286	0.00569
28	0.01067	0.02883	0.41046	0.03347	0.08007	0.03213	0.11314	0.01485	0.03821	0.09658	0.05324	0.02616	0.00952	0.02674	0.00504	0.00151	0.00594	0.00434	0.00270	0.00640
29	0.01349	0.03558	0.19470	0.06262	0.10349	0.03562	0.05108	0.06868	0.07138	0.24811	0.03684	0.02745	0.01981	0.00526	0.00453	0.00141	0.00512	0.00445	0.00360	0.00678
30	0.00958	0.00867	0.00959	0.20015	0.03034	0.15353	0.02100	0.01119	0.00992	0.06511	0.01656	0.35145	0.02876	0.00935	0.01924	0.00168	0.00483	0.02230	0.02208	0.00469
31	0.01023	0.00990	0.01629	0.18232	0.47401	0.02831	0.04921	0.01275	0.00969	0.01345	0.00913	0.04694	0.00800	0.00631	0.04539	0.00174	0.06336	0.00449	0.00228	0.00620
32	0.01101	0.08884	0.19738	0.02739	0.16844	0.03312	0.02957	0.06630	0.03604	0.08548	0.06627	0.03385	0.08882	0.00579	0.00461	0.00138	0.01706	0.00483	0.02763	0.00619
33	0.00944	0.05980	0.41689	0.01577	0.20771	0.01018	0.07448	0.01323	0.00983	0.01399	0.01163	0.05731	0.05530	0.00528	0.00453	0.00144	0.00583	0.01869	0.00232	0.00634
34	0.04173	0.00839	0.01082	0.00832	0.01182	0.00772	0.00687	0.12346	0.01393	0.69213	0.01666	0.01462	0.01060	0.00555	0.00451	0.00140	0.00399	0.00444	0.00540	0.00764
35	0.00907	0.16816	0.41407	0.00985	0.01422	0.02319	0.01120	0.01234	0.00973	0.03103	0.05974	0.14433	0.06175	0.00657	0.00441	0.00141	0.00513	0.00538	0.00269	0.00574
36	0.03444	0.01453	0.25631	0.06977	0.21560	0.05374	0.03386	0.07907	0.04686	0.07969	0.03706	0.01243	0.00866	0.00490	0.00467	0.00142	0.02213	0.01544	0.00283	0.00660
37	0.00600	0.00448	0.00587	0.00689	0.03106	0.00428	0.00470	0.00703	0.00901	0.01190	0.02639	0.54942	0.14451	0.04346	0.02659	0.00202	0.01452	0.07888	0.01915	0.00385
38	0.01122	0.01077	0.01839	0.02781	0.81248	0.01077	0.01391	0.01391	0.01032	0.01480	0.00852	0.01122	0.00718	0.00404	0.00449	0.00135	0.00538	0.00404	0.00224	0.00718
39	0.02513	0.07023	0.06657	0.02457	0.07282	0.20902	0.09543	0.06515	0.02330	0.08638	0.05653	0.14740	0.02498	0.00651	0.00462	0.00140	0.00548	0.00555	0.00322	0.00569
40	0.01109	0.01432	0.28079	0.08124	0.21433	0.02188	0.09052	0.03040	0.04017	0.10008	0.03318	0.01282	0.02356	0.00526	0.01940	0.00153	0.00587	0.00426	0.00273	0.00658
41	0.78106	0.00865	0.00707	0.00619	0.00906	0.00979	0.00510	0.01426	0.00828	0.10588	0.00755	0.00823	0.00559	0.00436	0.00299	0.00140	0.00354	0.00268	0.00311	0.00521
42	0.01693	0.02160	0.01284	0.01167	0.01401	0.82256	0.00876	0.01809	0.01284	0.01109	0.00700	0.00817	0.00584	0.00467	0.00409	0.00117	0.00817	0.00292	0.00233	0.00525
43	0.01096	0.20287	0.41459	0.01143	0.03685	0.04904	0.02696	0.07552	0.05751	0.02503	0.00985	0.02418	0.02666	0.00476	0.00410	0.00133	0.00581	0.00366	0.00246	0.00644
44	0.00853	0.00881	0.12874	0.01027	0.05920	0.00667	0.09851	0.03607	0.00985	0.06958	0.03515	0.39861	0.01955	0.05435	0.01749	0.00188	0.00438	0.02382	0.00355	0.00501
45	0.00658	0.00443	0.00514	0.00514	0.00521	0.00450	0.00299	0.00672	0.00665	0.00893	0.01410	0.02864	0.01604	0.77200	0.09122	0.00464	0.00505	0.00644	0.00272	0.00286
46	0.01100	0.01066	0.01851	0.08336	0.71559	0.01075	0.05579	0.01378	0.01025	0.01456	0.00853	0.01133	0.00708	0.00406	0.00454	0.00137	0.00555	0.00411	0.00223	0.00697
47	0.01428	0.07647	0.04550	0.02080	0.02190	0.31980	0.06014	0.11046	0.10948	0.07898	0.02436	0.04135	0.03014	0.00548	0.00435	0.00132	0.00594	0.00426	0.01898	0.00602
48	0.46697	0.10245	0.11111	0.00869	0.03762	0.02629	0.04034	0.05689	0.02285	0.02994	0.00800	0.00955	0.00630	0.00447	0.00341	0.00135	0.00441	0.01571	0.03807	0.00555
49	0.01089	0.19543	0.38064	0.02809	0.13760	0.09753	0.04516	0.01432	0.00993	0.01314	0.00784	0.00971	0.00624	0.01978	0.00441	0.00135	0.00624	0.00336	0.00205	0.00630
50	0.00840	0.00562	0.00759	0.00711	0.00805	0.00617	0.00532	0.03560	0.00816	0.08603	0.01307	0.04231	0.01261	0.23544	0.42419	0.00518	0.05962	0.00537	0.00290	0.02127
51	0.00881	0.02505	0.21503	0.04279	0.10502	0.03248	0.10488	0.02577	0.02958	0.01447	0.11801	0.13026	0.06460	0.00724	0.00497	0.00153	0.00498	0.05590	0.00312	0.00553
52	0.04314	0.06723	0.36238	0.12568	0.13562	0.02745	0.10073	0.05929	0.01039	0.01482	0.00825	0.01027	0.00620	0.00429	0.00434	0.00140	0.00622	0.00371	0.00221	0.00638
53	0.01915	0.00961	0.01169	0.00896	0.01251	0.00947	0.00740	0.31710	0.01614	0.51612	0.01521	0.01369	0.00988	0.00554	0.00455	0.00139	0.00429	0.00438	0.00520	0.00771
54	0.00922	0.00573	0.00675	0.00615	0.00801	0.00522	0.00479	0.04187	0.04490	0.16732	0.18320	0.07228	0.37155	0.00965	0.00520	0.00152	0.00283	0.04421	0.00465	0.00495
55	0.02742	0.08333	0.21480	0.01199	0.08243	0.03914	0.08112	0.15469	0.04315	0.03762	0.06459	0.05343	0.04345	0.03673	0.00520	0.00151	0.00524	0.00486	0.00312	0.00619
56	0.01037	0.00842	0.01075	0.02227	0.14117	0.03560	0.04087	0.05941	0.18864	0.07924	0.07517	0.06442	0.17508	0.00767	0.00497	0.00152	0.00398	0.06061	0.00398	0.00586
57	0.00647	0.00485	0.00728	0.00728	0.00809	0.00566	0.00566	0.00809	0.00728	0.01052	0.01214	0.01780	0.01133	0.03398	0.82279	0.00728	0.01214	0.00485	0.00243	0.00405
58	0.01153	0.00987	0.01039	0.00927	0.01188	0.01139	0.00724	0.05838	0.76957	0.01938	0.01811	0.01664	0.01356	0.00612	0.00461	0.00153	0.00365	0.00508	0.00461	0.00720
59	0.01041	0.06122	0.31126	0.05592	0.07576	0.07983	0.16217	0.03870	0.01036	0.02696	0.01029	0.10459	0.00901	0.00545	0.00477	0.00145	0.01847	0.00487	0.00246	0.00604
60	0.34964	0.00812	0.00903	0.00725	0.01048	0.00801	0.00598	0.01870	0.01094	0.50838	0.01341	0.01231	0.00878	0.00507	0.00388	0.00140	0.00372	0.00374	0.00453	0.00663
61	0.00551	0.00399	0.00520	0.00617	0.00654	0.00369	0.00415	0.00632	0.00881	0.01162	0.02664	0.77459	0.09210	0.01398	0.00575	0.00182	0.00260	0.01262	0.00421	0.00369
62	0.02394	0.02789	0.01766	0.39938	0.07463	0.09278	0.24379	0.01322	0.00997	0.01272	0.00883	0.01198	0.01958	0.00446	0.00486	0.00147	0.02080	0.00434	0.00219	0.00550
63	0.00849	0.00720	0.00791	0.00779	0.03168	0.00767	0.00571	0.01539	0.39877	0.01582	0.06893	0.13323	0.25532	0.00890	0.00502	0.00156	0.00305	0.00760	0.00439	0.00556
64	0.00845	0.00422	0.00422	0.00422	0.00528	0.00422	0.00317	0.01056	0.00950	0.01689	0.01478	0.01689	0.01161	0.00528	0.00317	0.00106	0.00211	0.00422	0.86591	0.00422
65	0.00954	0.00814	0.00947	0.00678	0.01080	0.00618	0.00543	0.02548	0.00961	0.01501	0.00810	0.00942	0.00673	0.00339	0.00338	0.00068	0.00339	0.00271	0.00272	0.85304
66	0.00671	0.00495	0.00621	0.00675	0.00747	0.00492	0.00476	0.05433	0.06449	0.01346	0.06318	0.64023	0.04473	0.01312	0.01984	0.00186	0.00301	0.03150	0.00426	0.00421
67	0.01348	0.05697	0.06195	0.02617	0.18012	0.02458	0.10236	0.04726	0.08000	0.24539	0.01442	0.03758	0.04525	0.00539	0.00454	0.00139	0.00481	0.00479	0.03686	0.00669
68	0.02457	0.00529	0.00679	0.02101	0.00768	0.00577	0.00480	0.05330	0.00819	0.02672	0.01364	0.03548	0.02686	0.29575	0.39570	0.00515	0.00789	0.00551	0.04598	0.00393
69	0.01316	0.10124	0.05631	0.01030	0.04209	0.07234	0.02887	0.26125	0.16744	0.03059	0.03210	0.01254	0.02504	0.00521	0.00442	0.00128	0.01900	0.00406	0.00358	0.10916
70	0.01214	0.01272	0.06233	0.04214	0.45092	0.11232	0.06915	0.07820	0.02393	0.02820	0.00920	0.01194	0.00756	0.00512	0.01998	0.00149	0.02243	0.02103	0.00255	0.00666
71	0.01027	0.31906	0.38705	0.01077	0.01572	0.01270	0.06695	0.01365	0.00961	0.02718	0.04460	0.01070	0.00797	0.02026	0.02434	0.00147	0.00592	0.00349	0.00218	0.00611
72	0.00856	0.00805	0.01359	0.82986	0.03121	0.01007	0.01258	0.01158	0.00906	0.01158	0.00805	0.01208	0.00604	0.00453	0.00453	0.00151	0.00604	0.00403	0.00201	0.00503
73	0.01891	0.00999	0.01193	0.00915	0.01271	0.01005	0.00756	0.37747	0.01679	0.45484	0.01467	0.01334	0.00961	0.00553	0.00455	0.00138	0.00437	0.00434	0.00512	0.00771
74	0.00575	0.00475	0.00526	0.00541	0.02386	0.00410	0.00393	0.00716	0.01086	0.01359	0.20703	0.04100	0.61258	0.01087	0.00535	0.00152	0.00237	0.02627	0.00433	0.00400
75	0.00566	0.00407	0.00521	0.00606	0.00641	0.00380	0.00404	0.00641	0.00861	0.01135	0.02547	0.67234	0.09101	0.10393	0.00764	0.00210	0.00282	0.02544	0.00405	0.00360
76	0.00649	0.00479	0.00696	0.00696	0.00766	0.00549	0.00527	0.00789	0.00719	0.01028	0.01243	0.01942	0.01203	0.14400	0.71374	0.00689	0.01108	0.00509	0.00247	0.00387
77	0.17256	0.00805	0.00939	0.00748	0.01056	0.00786	0.00613	0.11101	0.01257	0.47780	0.01457	0.01361	0.00971	0.00529	0.00406	0.00135	0.00371	0.00408	0.11343	0.00676
78	0.01693	0.02160	0.01284	0.01167	0.01401	0.82256	0.00876	0.01809	0.01284	0.01109	0.00700	0.00817	0.00584	0.00467	0.00409	0.00117	0.00817	0.00292	0.00233	0.00525
79	0.00856	0.00805	0.01359	0.82986	0.03121	0.01007	0.01258	0.01158	0.00906	0.01158	0.00805	0.01208	0.00604	0.00453	0.00453	0.00151	0.00604	0.00403	0.00201	0.00503
80	0.05205	0.00819	0.01064	0.00819	0.01168	0.00745	0.00677	0.09036	0.01351	0.71613	0.01682	0.01472	0.01067	0.00554	0.00449	0.00140	0.00394	0.00444	0.00541	0.00761
81	0.01991	0.00761	0.01037	0.00801	0.01143	0.00658	0.00659	0.02164	0.01285	0.79300	0.01808	0.03857	0.01174	0.00585	0.00459	0.00141	0.00382	0.00479	0.00557	0.00760
82	0.01947	0.00872	0.01109	0.00855	0.01205	0.00821	0.00705	0.16967	0.03839	0.64186	0.01656	0.01460	0.01063	0.00559	0.00455	0.00140	0.00406	0.00448	0.00537	0.00769
83	0.01082	0.01033	0.01759	0.10035	0.71907	0.01051	0.01352	0.01349	0.01016	0.01442	0.00893	0.03404	0.00770	0.00436	0.00453	0.00137	0.00537	0.00428	0.00228	0.00689
84	0.04855	0.00657	0.00792	0.00723	0.00923	0.00640	0.02289	0.08746	0.05721	0.14082	0.07494	0.10215	0.25260	0.00947	0.00519	0.00161	0.00340	0.14676	0.00442	0.00518
85	0.01212	0.01166	0.01769	0.02440	0.64006	0.07285	0.04613	0.06742	0.01132	0.02921	0.00922	0.01148	0.01712	0.00429	0.00451	0.00134	0.00560	0.00409	0.00249	0.00699
86	0.00691	0.01640	0.00653	0.00693	0.02932	0.02557	0.01897	0.01951	0.00951	0.01310	0.06015	0.44244	0.09842	0.02854	0.03559	0.00188	0.00331	0.03824	0.13460	0.00409
87	0.15964	0.18538	0.15689	0.01107	0.06051	0.10712	0.08886	0.01358	0.02279	0.01405	0.01006	0.08783	0.00935	0.00559	0.00410	0.00138	0.00539	0.04827	0.00256	0.00559
88	0.00985	0.05399	0.11552	0.16022	0.08846	0.02188	0.02986	0.08327	0.05467	0.04669	0.02921	0.19802	0.03288	0.02057	0.00501	0.00153	0.00471	0.00615	0.00318	0.03432

[dist]
# distance from previous block
# <min> <max>
0	2

[block]
# block no. 2 follows, 57 sequences, length 66
# corresponding to MSA columns:
# 339-371,373-405
name=unknown_C
#
# <colnr> <probs for GDERKNQSTAVLIFYWHMCP>
#	G	D	E	R	K	N	Q	S	T	A	V	L	I	F	Y	W	H	M	C	P
0	0.01071	0.08538	0.25844	0.01708	0.29326	0.01084	0.06535	0.04705	0.04071	0.03480	0.01026	0.04193	0.02285	0.00476	0.00439	0.00136	0.00553	0.00422	0.00252	0.03857
1	0.01482	0.02416	0.04221	0.02255	0.05249	0.01189	0.05758	0.48493	0.04933	0.08081	0.01323	0.04567	0.03236	0.00597	0.00467	0.00142	0.00489	0.03157	0.00414	0.01531
2	0.02018	0.00795	0.01066	0.00818	0.01169	0.00702	0.00675	0.05939	0.01337	0.77775	0.01754	0.01520	0.01105	0.00560	0.00456	0.00140	0.00391	0.00453	0.00556	0.00771
3	0.00569	0.00458	0.00483	0.00487	0.00629	0.00388	0.00361	0.00685	0.01031	0.02734	0.07312	0.12350	0.68636	0.01156	0.00538	0.00156	0.00235	0.00975	0.00426	0.00390
4	0.02182	0.22640	0.18750	0.01375	0.18715	0.01213	0.04132	0.08961	0.02884	0.08220	0.00969	0.02648	0.00765	0.00461	0.00404	0.00128	0.00519	0.00376	0.04000	0.00656
5	0.01211	0.84348	0.02374	0.00775	0.01163	0.01793	0.00775	0.01357	0.00921	0.01066	0.00630	0.00727	0.00582	0.00388	0.00291	0.00097	0.00485	0.00242	0.00194	0.00582
6	0.00863	0.00440	0.00442	0.00436	0.00547	0.00443	0.00328	0.02731	0.00975	0.01714	0.01470	0.01677	0.01153	0.00528	0.00320	0.00106	0.00217	0.00422	0.84757	0.00430
7	0.01343	0.04680	0.01202	0.00959	0.01258	0.01255	0.00771	0.29910	0.49102	0.02202	0.01522	0.01434	0.01130	0.00580	0.00451	0.00145	0.00414	0.00463	0.00447	0.00730
8	0.01093	0.01098	0.04112	0.08729	0.69891	0.01074	0.04591	0.01377	0.01022	0.01454	0.00850	0.01127	0.00704	0.00407	0.00452	0.00137	0.00556	0.00407	0.00222	0.00696
9	0.02013	0.00803	0.01071	0.00821	0.01173	0.00713	0.00678	0.07150	0.01350	0.76545	0.01743	0.01513	0.01099	0.00560	0.00456	0.00140	0.00393	0.00453	0.00554	0.00771
10	0.00546	0.00450	0.00480	0.00493	0.00624	0.00384	0.00362	0.00663	0.01027	0.01258	0.09986	0.16028	0.63792	0.01171	0.00542	0.00157	0.00233	0.00995	0.00427	0.00384
11	0.00930	0.04772	0.74729	0.01308	0.04172	0.01078	0.01611	0.01459	0.03223	0.01438	0.00838	0.00975	0.00601	0.00434	0.00428	0.00142	0.00651	0.00339	0.00200	0.00670
12	0.00585	0.00429	0.00563	0.00649	0.00683	0.00420	0.00440	0.00706	0.03607	0.01171	0.02381	0.75322	0.02818	0.03925	0.02212	0.00201	0.01887	0.01210	0.00410	0.00380
13	0.01383	0.30864	0.05451	0.00955	0.01241	0.36312	0.00816	0.03574	0.01079	0.02658	0.00723	0.00881	0.00623	0.00576	0.00536	0.10661	0.00625	0.00295	0.00225	0.00523
14	0.02500	0.16152	0.04406	0.00797	0.01195	0.02373	0.02226	0.10818	0.02867	0.01580	0.00829	0.00937	0.00675	0.00385	0.00353	0.00090	0.00413	0.00294	0.00278	0.50835
15	0.02979	0.14192	0.06939	0.01340	0.15147	0.11672	0.05345	0.13760	0.12748	0.05573	0.02513	0.01144	0.00851	0.00493	0.00459	0.00134	0.03353	0.00390	0.00311	0.00656
16	0.00648	0.00484	0.00722	0.00722	0.00801	0.00563	0.00559	0.00805	0.00726	0.01047	0.01219	0.01812	0.01147	0.05555	0.80142	0.00721	0.01193	0.00490	0.00244	0.00401
17	0.00627	0.00466	0.00587	0.00593	0.00687	0.00437	0.00431	0.00840	0.04647	0.01574	0.47631	0.26639	0.10989	0.01076	0.00544	0.00156	0.00236	0.00954	0.00467	0.00419
18	0.01051	0.01005	0.01712	0.24094	0.60488	0.01058	0.01356	0.01329	0.00998	0.01395	0.00840	0.01145	0.00688	0.00417	0.00450	0.00139	0.00556	0.00403	0.00218	0.00661
19	0.01839	0.00736	0.00996	0.00775	0.01098	0.00636	0.00634	0.02019	0.01286	0.69957	0.11157	0.01745	0.01484	0.00598	0.00462	0.00139	0.00364	0.00494	0.00546	0.03039
20	0.00647	0.00482	0.00669	0.00691	0.00769	0.00521	0.00516	0.03472	0.00841	0.01159	0.01834	0.27850	0.06895	0.02528	0.48314	0.00498	0.00825	0.00767	0.00318	0.00404
21	0.00696	0.00504	0.00621	0.00643	0.00738	0.00488	0.00468	0.07464	0.01046	0.02127	0.11119	0.41032	0.16675	0.02958	0.04406	0.02517	0.00333	0.05337	0.00416	0.00413
22	0.00856	0.00805	0.01359	0.82986	0.03121	0.01007	0.01258	0.01158	0.00906	0.01158	0.00805	0.01208	0.00604	0.00453	0.00453	0.00151	0.00604	0.00403	0.00201	0.00503
23	0.00856	0.00805	0.01359	0.82986	0.03121	0.01007	0.01258	0.01158	0.00906	0.01158	0.00805	0.01208	0.00604	0.00453	0.00453	0.00151	0.00604	0.00403	0.00201	0.00503
24	0.08373	0.00798	0.01035	0.00800	0.01146	0.00721	0.00661	0.05157	0.01290	0.72576	0.01674	0.01465	0.01061	0.00550	0.00443	0.00140	0.00387	0.00438	0.00536	0.00750
25	0.01136	0.01110	0.01968	0.11877	0.28716	0.02664	0.29772	0.05246	0.06048	0.03938	0.00964	0.01207	0.00744	0.00435	0.00500	0.00145	0.02164	0.00458	0.00259	0.00649
26	0.00737	0.00516	0.00652	0.00687	0.00766	0.00514	0.00486	0.10156	0.01024	0.03281	0.03715	0.63692	0.02567	0.02957	0.05744	0.00216	0.00356	0.01092	0.00415	0.00428
27	0.00735	0.00602	0.00821	0.00840	0.04318	0.04517	0.02475	0.00896	0.00784	0.01100	0.01214	0.03377	0.01144	0.07295	0.63656	0.00608	0.01054	0.00497	0.03644	0.00422
28	0.00918	0.02288	0.78187	0.01358	0.05475	0.01053	0.01662	0.01433	0.00960	0.01437	0.00815	0.00964	0.00580	0.00429	0.00431	0.00143	0.00664	0.00338	0.00193	0.00672
29	0.02513	0.06854	0.37109	0.04409	0.03726	0.04200	0.09090	0.08519	0.02784	0.07249	0.01023	0.06318	0.00819	0.00521	0.00474	0.00144	0.02907	0.00432	0.00270	0.00638
30	0.01191	0.03395	0.09458	0.00967	0.02526	0.04198	0.00820	0.13313	0.37523	0.06247	0.03768	0.07553	0.01377	0.00660	0.00465	0.00150	0.00427	0.03877	0.01423	0.00662
31	0.01100	0.49142	0.31968	0.01059	0.04923	0.02453	0.01139	0.01393	0.00943	0.01222	0.00709	0.00831	0.00585	0.00405	0.00351	0.00116	0.00560	0.00284	0.00195	0.00620
32	0.01118	0.01089	0.01848	0.05874	0.73496	0.02368	0.04756	0.01391	0.01032	0.01461	0.00851	0.01124	0.00710	0.00406	0.00452	0.00136	0.00555	0.00408	0.00224	0.00702
33	0.00575	0.00416	0.00551	0.00633	0.00675	0.00389	0.00427	0.00660	0.00857	0.01155	0.02335	0.74002	0.02773	0.04154	0.04557	0.00214	0.00317	0.01190	0.00401	0.03718
34	0.01188	0.75705	0.06881	0.00859	0.01266	0.01720	0.04620	0.01366	0.00930	0.01106	0.00654	0.00764	0.00586	0.00390	0.00310	0.00102	0.00509	0.00262	0.00195	0.00588
35	0.00981	0.11826	0.67703	0.01236	0.01850	0.04739	0.02774	0.01443	0.00969	0.01378	0.00789	0.00928	0.00577	0.00426	0.00415	0.00137	0.00656	0.00325	0.00194	0.00652
36	0.01898	0.00884	0.01102	0.00850	0.01192	0.00846	0.00700	0.22226	0.01497	0.57489	0.01592	0.01431	0.01033	0.00555	0.00449	0.00138	0.00407	0.00442	0.04516	0.00755
37	0.00558	0.00398	0.00529	0.00632	0.00659	0.00373	0.00423	0.00638	0.00866	0.01154	0.02470	0.80336	0.02957	0.03390	0.00621	0.00191	0.00270	0.02753	0.00417	0.00367
38	0.01461	0.04750	0.35762	0.01099	0.04122	0.00956	0.01144	0.08839	0.01203	0.34337	0.01231	0.01205	0.00821	0.00492	0.00438	0.00139	0.00526	0.00390	0.00367	0.00718
39	0.01211	0.84348	0.02374	0.00775	0.01163	0.01793	0.00775	0.01357	0.00921	0.01066	0.00630	0.00727	0.00582	0.00388	0.00291	0.00097	0.00485	0.00242	0.00194	0.00582
40	0.00691	0.00503	0.00663	0.00660	0.00711	0.01979	0.00475	0.00775	0.00718	0.01006	0.01272	0.05230	0.01300	0.25691	0.44536	0.07260	0.03061	0.00551	0.02562	0.00356
41	0.01121	0.01208	0.07028	0.06356	0.64048	0.05104	0.05723	0.01407	0.01036	0.01442	0.00844	0.01105	0.00695	0.00410	0.00450	0.00136	0.00576	0.00401	0.00222	0.00689
42	0.01081	0.01018	0.01681	0.10105	0.64397	0.01047	0.01288	0.02489	0.05887	0.01481	0.00983	0.04734	0.00847	0.00467	0.00455	0.00139	0.00521	0.00449	0.00248	0.00683
43	0.00724	0.00488	0.00579	0.00545	0.00693	0.00428	0.00413	0.00883	0.01152	0.09238	0.35164	0.07213	0.38778	0.01013	0.00529	0.00149	0.00240	0.00867	0.00466	0.00438
44	0.00647	0.00521	0.00647	0.00690	0.00758	0.04053	0.03183	0.00767	0.01982	0.01188	0.02330	0.60937	0.07242	0.02591	0.06611	0.00218	0.00375	0.01085	0.03782	0.00393
45	0.01010	0.04805	0.56337	0.01172	0.01720	0.01105	0.01379	0.06598	0.16954	0.01611	0.02384	0.01145	0.00811	0.00482	0.00435	0.00143	0.00582	0.00380	0.00267	0.00678
46	0.00584	0.00430	0.00523	0.00580	0.00632	0.00406	0.00388	0.00681	0.02417	0.01127	0.02638	0.48582	0.17632	0.17558	0.03448	0.00244	0.00322	0.01061	0.00387	0.00361
47	0.01210	0.74721	0.08207	0.00831	0.01232	0.05214	0.00846	0.01382	0.00939	0.01095	0.00647	0.00748	0.00581	0.00394	0.00306	0.00101	0.00513	0.00251	0.00195	0.00586
48	0.01017	0.00840	0.00999	0.03931	0.02296	0.00688	0.00603	0.07294	0.01044	0.03111	0.01987	0.01010	0.00737	0.00370	0.00356	0.00079	0.00361	0.00298	0.00289	0.72691
49	0.25901	0.01076	0.04839	0.03081	0.01238	0.05812	0.03255	0.21762	0.05953	0.11113	0.04676	0.04564	0.01046	0.00573	0.00418	0.00144	0.00449	0.03110	0.00377	0.00613
50	0.01176	0.02379	0.01445	0.01210	0.01353	0.26272	0.10953	0.01321	0.00938	0.01143	0.00804	0.05003	0.00757	0.00848	0.06661	0.00203	0.36370	0.00429	0.00227	0.00508
51	0.04180	0.00994	0.05167	0.16035	0.19621	0.02113	0.02070	0.06018	0.10847	0.09359	0.06550	0.01419	0.02566	0.00535	0.00513	0.00142	0.05738	0.00444	0.00319	0.05369
52	0.00965	0.15672	0.65368	0.01234	0.01849	0.01177	0.04894	0.01423	0.00956	0.01376	0.00788	0.00931	0.00580	0.00421	0.00412	0.00136	0.00644	0.00328	0.00193	0.00653
53	0.01802	0.00783	0.01018	0.00801	0.01116	0.00719	0.00652	0.08519	0.05134	0.61692	0.04865	0.01673	0.03977	0.00641	0.00520	0.03983	0.00382	0.00483	0.00524	0.00716
54	0.00986	0.00965	0.01125	0.23156	0.05194	0.16426	0.05677	0.01179	0.01016	0.04329	0.02578	0.15180	0.10784	0.00859	0.04269	0.00177	0.01702	0.02268	0.01640	0.00489
55	0.02167	0.01158	0.15311	0.03021	0.09164	0.04630	0.04178	0.06103	0.01058	0.16754	0.02429	0.03848	0.03087	0.00897	0.09327	0.00213	0.12741	0.01382	0.01930	0.00603
56	0.03203	0.00975	0.06194	0.00860	0.01222	0.06689	0.00743	0.02117	0.01267	0.69374	0.01629	0.01440	0.01038	0.00544	0.00448	0.00139	0.00435	0.00433	0.00509	0.00742
57	0.00973	0.00718	0.00954	0.00833	0.02391	0.02837	0.08740	0.06509	0.06595	0.10339	0.23726	0.05689	0.16889	0.00817	0.00505	0.00148	0.00357	0.05143	0.05313	0.00523
58	0.00860	0.00764	0.01073	0.26059	0.09500	0.03587	0.02722	0.04167	0.02411	0.01429	0.16353	0.02295	0.11942	0.02010	0.02831	0.00168	0.01486	0.05541	0.01987	0.02814
59	0.00885	0.00828	0.01379	0.68540	0.12144	0.00995	0.01230	0.01201	0.02716	0.01238	0.03952	0.01293	0.00778	0.00469	0.00456	0.00149	0.00576	0.00421	0.00221	0.00530
60	0.00552	0.00394	0.00526	0.00631	0.00657	0.00368	0.00421	0.00631	0.00868	0.01157	0.02498	0.83779	0.02997	0.01420	0.00578	0.00184	0.00263	0.01288	0.00421	0.00368
61	0.00979	0.01035	0.10058	0.00944	0.05128	0.00756	0.05915	0.02832	0.05288	0.01521	0.00878	0.01013	0.00704	0.00372	0.00374	0.00091	0.00415	0.00316	0.00269	0.61115
62	0.01017	0.05502	0.11566	0.02422	0.01291	0.00797	0.04234	0.05587	0.01031	0.04187	0.03634	0.01081	0.00809	0.00468	0.02330	0.00109	0.00438	0.00328	0.00279	0.52890
63	0.00746	0.00698	0.05917	0.01009	0.10600	0.00588	0.05333	0.02447	0.00988	0.03098	0.02429	0.37422	0.16568	0.01070	0.00543	0.00169	0.00369	0.09164	0.00375	0.00468
64	0.00544	0.00459	0.00470	0.00468	0.00617	0.00386	0.00351	0.00666	0.01052	0.01270	0.10444	0.04286	0.75183	0.01131	0.00535	0.00152	0.00228	0.00946	0.00427	0.00386
65	0.01325	0.04788	0.25111	0.01260	0.01648	0.36407	0.10586	0.01645	0.04493	0.03581	0.00832	0.00970	0.00643	0.00467	0.00479	0.00134	0.04450	0.00351	0.00237	0.00594

[dist]
# distance from previous block
# <min> <max>
0	3

[block]
# block no. 3 follows, 57 sequences, length 9
# corresponding to MSA columns:
# 409-417
name=unknown_D
#
# <colnr> <probs for GDERKNQSTAVLIFYWHMCP>
#	G	D	E	R	K	N	Q	S	T	A	V	L	I	F	Y	W	H	M	C	P
0	0.00935	0.02165	0.69091	0.01390	0.02026	0.01067	0.14131	0.01438	0.00975	0.01438	0.00830	0.00999	0.00592	0.00423	0.00447	0.00145	0.00685	0.00367	0.00197	0.00660
1	0.01073	0.01110	0.06101	0.11968	0.63961	0.01082	0.01371	0.01351	0.00997	0.01421	0.00832	0.01116	0.00691	0.00430	0.00498	0.00140	0.04560	0.00400	0.00219	0.00679
2	0.00669	0.00551	0.00908	0.00874	0.00985	0.00522	0.13137	0.00821	0.00934	0.01242	0.02226	0.55472	0.02553	0.01222	0.00581	0.00184	0.00373	0.15941	0.00389	0.00416
3	0.01059	0.00988	0.01662	0.02470	0.68411	0.00988	0.01285	0.01318	0.01034	0.01461	0.01100	0.01759	0.01020	0.00539	0.00477	0.00146	0.00519	0.12839	0.00255	0.00670
4	0.04126	0.01185	0.14165	0.01069	0.05741	0.04583	0.02580	0.02021	0.29635	0.25991	0.01508	0.01489	0.01083	0.00553	0.00451	0.00146	0.00457	0.02103	0.00413	0.00702
5	0.00909	0.02344	0.81727	0.01292	0.01961	0.01052	0.01674	0.01435	0.00957	0.01435	0.00813	0.00957	0.00574	0.00431	0.00431	0.00144	0.00670	0.00335	0.00191	0.00670
6	0.00725	0.00518	0.00722	0.00818	0.00922	0.00516	0.00711	0.00933	0.01058	0.01385	0.07399	0.05002	0.02714	0.01231	0.00620	0.00204	0.00404	0.73277	0.00422	0.00418
7	0.00597	0.00429	0.00564	0.00655	0.00704	0.00407	0.00472	0.00701	0.00900	0.01184	0.02525	0.56132	0.07536	0.07341	0.00711	0.00206	0.00307	0.17847	0.00409	0.00373
8	0.46108	0.17784	0.06926	0.00745	0.01084	0.01179	0.00684	0.10211	0.01016	0.07177	0.02974	0.00916	0.00692	0.00452	0.00331	0.00131	0.00416	0.00299	0.00301	0.00570

[dist]
# distance from previous block
# <min> <max>
0	25

[block]
# block no. 4 follows, 57 sequences, length 25
# corresponding to MSA columns:
# 443-467
name=unknown_E
#
# <colnr> <probs for GDERKNQSTAVLIFYWHMCP>
#	G	D	E	R	K	N	Q	S	T	A	V	L	I	F	Y	W	H	M	C	P
0	0.01167	0.01115	0.01820	0.02624	0.72923	0.02899	0.03302	0.05899	0.01101	0.01550	0.00864	0.01115	0.00717	0.00413	0.00450	0.00135	0.00548	0.00405	0.00238	0.00714
1	0.00559	0.00397	0.00524	0.00622	0.00647	0.00373	0.00411	0.00633	0.00854	0.01139	0.02429	0.78641	0.02911	0.06675	0.00688	0.00200	0.00274	0.01248	0.00411	0.00362
2	0.01122	0.01077	0.01839	0.02781	0.81248	0.01077	0.01391	0.01391	0.01032	0.01480	0.00852	0.01122	0.00718	0.00404	0.00449	0.00135	0.00538	0.00404	0.00224	0.00718
3	0.01231	0.68823	0.09722	0.00849	0.01261	0.01687	0.00868	0.08754	0.01038	0.01269	0.00690	0.00782	0.00599	0.00406	0.00319	0.00105	0.00503	0.00267	0.00218	0.00608
4	0.00556	0.00396	0.00525	0.00626	0.00651	0.00371	0.00415	0.00632	0.00860	0.01146	0.02458	0.80799	0.02947	0.04468	0.00642	0.00193	0.00269	0.01265	0.00415	0.00365
5	0.87276	0.00876	0.00666	0.00596	0.00876	0.01017	0.00491	0.01332	0.00771	0.02033	0.00631	0.00736	0.00491	0.00421	0.00280	0.00140	0.00351	0.00245	0.00280	0.00491
6	0.01671	0.05885	0.01334	0.01150	0.01390	0.78608	0.00871	0.01789	0.01268	0.01107	0.00697	0.00813	0.00584	0.00463	0.00403	0.00116	0.00802	0.00290	0.00232	0.00528
7	0.00691	0.00510	0.00698	0.00809	0.03120	0.00496	0.00650	0.00872	0.01025	0.01334	0.05588	0.16166	0.11312	0.01228	0.00601	0.00194	0.00370	0.53504	0.00416	0.00415
8	0.00605	0.00457	0.00527	0.00530	0.00643	0.00411	0.00393	0.00750	0.01067	0.01406	0.27609	0.09047	0.37374	0.07550	0.00672	0.00176	0.00254	0.05799	0.04340	0.00391
9	0.00552	0.00394	0.00526	0.00631	0.00657	0.00368	0.00421	0.00631	0.00868	0.01157	0.02498	0.83779	0.02997	0.01420	0.00578	0.00184	0.00263	0.01288	0.00421	0.00368
10	0.01047	0.01001	0.01705	0.25242	0.59370	0.01057	0.01354	0.01325	0.00997	0.01390	0.00839	0.01146	0.00686	0.00418	0.00450	0.00139	0.00557	0.00403	0.00218	0.00658
11	0.00940	0.00805	0.00940	0.00671	0.01074	0.00604	0.00537	0.01141	0.00940	0.01477	0.00805	0.00940	0.00671	0.00336	0.00336	0.00067	0.00336	0.00268	0.00268	0.86845
12	0.00652	0.00436	0.00496	0.00503	0.00505	0.00435	0.00284	0.00657	0.00672	0.00896	0.01496	0.08103	0.01733	0.78820	0.02196	0.00423	0.00428	0.00699	0.00284	0.00281
13	0.84494	0.00918	0.00686	0.00614	0.00893	0.03657	0.00503	0.01348	0.00788	0.02003	0.00633	0.00739	0.00494	0.00422	0.00285	0.00139	0.00366	0.00247	0.00279	0.00492
14	0.00558	0.00399	0.00533	0.00638	0.00667	0.00373	0.00431	0.00642	0.00874	0.01164	0.02494	0.81062	0.02984	0.01414	0.00580	0.00185	0.00268	0.03945	0.00421	0.00370
15	0.01723	0.01269	0.01360	0.01043	0.01405	0.01405	0.00861	0.79738	0.02131	0.02856	0.01088	0.01088	0.00771	0.00544	0.00453	0.00136	0.00499	0.00408	0.00453	0.00771
16	0.01110	0.00953	0.01012	0.00918	0.01168	0.01100	0.00718	0.02343	0.76917	0.01872	0.01869	0.01842	0.01437	0.00643	0.00468	0.00156	0.00361	0.03950	0.00459	0.00704
17	0.01388	0.20146	0.15622	0.02583	0.03038	0.31541	0.08020	0.05919	0.01164	0.05411	0.00805	0.00922	0.00632	0.00443	0.00404	0.00123	0.00665	0.00329	0.00245	0.00600
18	0.01693	0.02160	0.01284	0.01167	0.01401	0.82256	0.00876	0.01809	0.01284	0.01109	0.00700	0.00817	0.00584	0.00467	0.00409	0.00117	0.00817	0.00292	0.00233	0.00525
19	0.00659	0.00439	0.00494	0.00494	0.00494	0.00439	0.00275	0.00659	0.00659	0.00879	0.01428	0.02965	0.01647	0.84075	0.02306	0.00439	0.00439	0.00659	0.00275	0.00275
20	0.01082	0.01617	0.26849	0.01834	0.18185	0.07800	0.33104	0.01464	0.01045	0.01424	0.00854	0.01086	0.00650	0.00408	0.00475	0.00143	0.00693	0.00426	0.00217	0.00644
21	0.00617	0.00441	0.00599	0.00695	0.00752	0.00423	0.00524	0.00748	0.00953	0.01266	0.07548	0.52426	0.02950	0.01332	0.00591	0.00190	0.00311	0.26822	0.00425	0.00388
22	0.01055	0.02838	0.20424	0.01626	0.09454	0.07442	0.37385	0.01452	0.03854	0.01463	0.07629	0.01310	0.00980	0.00456	0.00486	0.00144	0.00660	0.00476	0.00251	0.00616
23	0.01108	0.01198	0.02264	0.02100	0.27592	0.04688	0.47351	0.01433	0.01061	0.01447	0.00881	0.01159	0.00692	0.00391	0.00492	0.00141	0.00674	0.00470	0.00230	0.04629
24	0.01298	0.69632	0.02179	0.00846	0.01206	0.16200	0.00793	0.01438	0.00986	0.01074	0.00643	0.00743	0.00582	0.00402	0.00312	0.00100	0.00544	0.00251	0.00201	0.00571

[dist]
# distance from previous block
# <min> <max>
0	1

[block]
# block no. 5 follows, 57 sequences, length 10
# corresponding to MSA columns:
# 469-478
name=unknown_F
#
# <colnr> <probs for GDERKNQSTAVLIFYWHMCP>
#	G	D	E	R	K	N	Q	S	T	A	V	L	I	F	Y	W	H	M	C	P
0	0.08580	0.08733	0.11762	0.01070	0.01400	0.38230	0.02755	0.12498	0.04088	0.03159	0.03124	0.00987	0.00748	0.00481	0.00406	0.00127	0.00644	0.00337	0.00281	0.00591
1	0.06496	0.01236	0.06676	0.00992	0.01328	0.03590	0.00842	0.38881	0.30940	0.02304	0.01311	0.01274	0.00962	0.00553	0.00443	0.00143	0.00459	0.00429	0.00422	0.00720
2	0.67634	0.04640	0.05672	0.00918	0.11008	0.01060	0.00686	0.01347	0.00821	0.01886	0.00669	0.00797	0.00528	0.00418	0.00311	0.00138	0.00399	0.00270	0.00264	0.00534
3	0.70213	0.00955	0.00804	0.00685	0.00982	0.01094	0.00565	0.16970	0.01042	0.02197	0.00722	0.00806	0.00547	0.00445	0.00315	0.00139	0.00380	0.00278	0.00315	0.00547
4	0.00647	0.00485	0.00728	0.00728	0.00809	0.00566	0.00566	0.00809	0.00728	0.01052	0.01214	0.01780	0.01133	0.03398	0.82279	0.00728	0.01214	0.00485	0.00243	0.00405
5	0.01622	0.01232	0.01405	0.01255	0.11384	0.01352	0.00921	0.66584	0.05387	0.02642	0.01091	0.01118	0.00791	0.00529	0.00453	0.00137	0.00498	0.00412	0.00425	0.00762
6	0.00606	0.00463	0.00552	0.00536	0.00656	0.00415	0.00402	0.00775	0.01157	0.01543	0.46524	0.03800	0.32846	0.04055	0.00603	0.00160	0.00236	0.03809	0.00458	0.00405
7	0.01461	0.01696	0.01567	0.01751	0.28090	0.46118	0.06418	0.05054	0.01222	0.01333	0.00783	0.00958	0.00644	0.00443	0.00432	0.00126	0.00707	0.00351	0.00240	0.00606
8	0.00659	0.00439	0.00494	0.00494	0.00494	0.00439	0.00275	0.00659	0.00659	0.00879	0.01428	0.02965	0.01647	0.84075	0.02306	0.00439	0.00439	0.00659	0.00275	0.00275
9	0.01276	0.01481	0.07149	0.03760	0.22302	0.24765	0.14502	0.03101	0.05246	0.02949	0.00866	0.01066	0.00693	0.00475	0.00549	0.00141	0.08423	0.00395	0.00246	0.00616

[dist]
# distance from previous block
# <min> <max>
0	24

# created by:
# /st0/software/busco_prod/Augustus/scripts/msa2prfl.pl ./align_prep/108301.fa
