[name]
unknown

[dist]
# distance from previous block
# <min> <max>
0	190

[block]
# block no. 0 follows, 51 sequences, length 22
# corresponding to MSA columns:
# 219-221,236-244,248-256,265
name=unknown_A
#
# <colnr> <probs for GDERKNQSTAVLIFYWHMCP>
#	G	D	E	R	K	N	Q	S	T	A	V	L	I	F	Y	W	H	M	C	P
0	0.00693	0.00504	0.00653	0.00621	0.00739	0.00464	0.00469	0.00920	0.01371	0.01927	0.73795	0.03773	0.08014	0.01026	0.00583	0.00157	0.00239	0.03056	0.00535	0.00461
1	0.01836	0.02342	0.01393	0.01266	0.01519	0.80756	0.00950	0.01962	0.01393	0.01203	0.00760	0.00886	0.00633	0.00506	0.00443	0.00127	0.00886	0.00317	0.00253	0.00570
2	0.01868	0.01376	0.01475	0.01131	0.01524	0.01524	0.00934	0.78025	0.02311	0.03097	0.01180	0.01180	0.00836	0.00590	0.00492	0.00147	0.00541	0.00442	0.00492	0.00836
3	0.01020	0.02324	0.68575	0.01342	0.02002	0.01153	0.01663	0.01711	0.12450	0.01630	0.01046	0.01154	0.00751	0.00496	0.00472	0.00157	0.00677	0.00391	0.00250	0.00734
4	0.02205	0.00836	0.01140	0.00874	0.01254	0.00722	0.00722	0.02395	0.01407	0.80004	0.01939	0.01673	0.01216	0.00608	0.00494	0.00152	0.00418	0.00494	0.00608	0.00836
5	0.01836	0.02342	0.01393	0.01266	0.01519	0.80756	0.00950	0.01962	0.01393	0.01203	0.00760	0.00886	0.00633	0.00506	0.00443	0.00127	0.00886	0.00317	0.00253	0.00570
6	0.01757	0.00924	0.01086	0.00885	0.01187	0.03417	0.00698	0.09310	0.15967	0.43935	0.01784	0.01858	0.01299	0.12670	0.00788	0.00201	0.00448	0.00528	0.00520	0.00738
7	0.01061	0.01089	0.01462	0.69762	0.03111	0.12787	0.01304	0.01359	0.01043	0.01248	0.00857	0.01248	0.00652	0.00494	0.00484	0.00158	0.00689	0.00419	0.00223	0.00549
8	0.00928	0.00873	0.01474	0.81548	0.03385	0.01092	0.01365	0.01256	0.00983	0.01256	0.00873	0.01310	0.00655	0.00491	0.00491	0.00164	0.00655	0.00437	0.00218	0.00546
9	0.00581	0.00498	0.00498	0.00498	0.00664	0.00415	0.00373	0.00705	0.01120	0.01328	0.04978	0.04729	0.79464	0.01245	0.00581	0.00166	0.00249	0.01037	0.00456	0.00415
10	0.01812	0.00970	0.01439	0.01325	0.12895	0.00916	0.08396	0.06958	0.07095	0.47652	0.01678	0.04136	0.01168	0.00597	0.00506	0.00155	0.00484	0.00524	0.00499	0.00792
11	0.00853	0.00656	0.00906	0.12721	0.01362	0.00696	0.00840	0.04035	0.05013	0.01513	0.02431	0.07333	0.07632	0.01166	0.00627	0.00206	0.00462	0.50635	0.00422	0.00493
12	0.00679	0.00502	0.00634	0.00601	0.00724	0.00457	0.00450	0.00895	0.01351	0.01876	0.68478	0.03826	0.15622	0.01040	0.00580	0.00156	0.00234	0.00911	0.00529	0.00457
13	0.00986	0.02542	0.80183	0.01401	0.02127	0.01141	0.01816	0.01556	0.01038	0.01556	0.00882	0.01038	0.00623	0.00467	0.00467	0.00156	0.00726	0.00363	0.00208	0.00726
14	0.06629	0.01934	0.12951	0.01200	0.01577	0.35162	0.01047	0.29976	0.01647	0.02013	0.00928	0.01012	0.00701	0.00529	0.00456	0.00140	0.00706	0.00367	0.00338	0.00689
15	0.04299	0.00478	0.00469	0.00465	0.00588	0.00484	0.00351	0.01157	0.01023	0.01847	0.01567	0.01791	0.01231	0.00568	0.00342	0.00116	0.00235	0.00450	0.82079	0.00461
16	0.00715	0.00476	0.00536	0.00536	0.00536	0.00476	0.00298	0.00715	0.00715	0.00953	0.01548	0.03216	0.01787	0.82729	0.02501	0.00476	0.00476	0.00715	0.00298	0.00298
17	0.86201	0.00950	0.00722	0.00646	0.00950	0.01102	0.00532	0.01445	0.00836	0.02205	0.00684	0.00798	0.00532	0.00456	0.00304	0.00152	0.00380	0.00266	0.00304	0.00532
18	0.07461	0.01277	0.01330	0.01033	0.01415	0.03435	0.00845	0.54385	0.07198	0.02696	0.01146	0.01167	0.00839	0.00551	0.00459	0.00138	0.00503	0.00413	0.00444	0.13267
19	0.01716	0.01183	0.01308	0.01039	0.01378	0.01278	0.00843	0.59069	0.02019	0.10558	0.01481	0.13154	0.01228	0.00731	0.00512	0.00156	0.00491	0.00588	0.00498	0.00772
20	0.86201	0.00950	0.00722	0.00646	0.00950	0.01102	0.00532	0.01445	0.00836	0.02205	0.00684	0.00798	0.00532	0.00456	0.00304	0.00152	0.00380	0.00266	0.00304	0.00532
21	0.01125	0.01297	0.07905	0.01973	0.13619	0.01146	0.50400	0.03733	0.01205	0.01667	0.09759	0.01548	0.01180	0.00493	0.00556	0.00160	0.00710	0.00574	0.00285	0.00667

[dist]
# distance from previous block
# <min> <max>
0	6

[block]
# block no. 1 follows, 51 sequences, length 67
# corresponding to MSA columns:
# 272-297,300-331,336-343,349
name=unknown_B
#
# <colnr> <probs for GDERKNQSTAVLIFYWHMCP>
#	G	D	E	R	K	N	Q	S	T	A	V	L	I	F	Y	W	H	M	C	P
0	0.01059	0.00914	0.01122	0.00805	0.01242	0.00716	0.04086	0.04299	0.01077	0.01659	0.00891	0.01039	0.00733	0.00375	0.00379	0.00080	0.00392	0.00310	0.00297	0.78525
1	0.00599	0.00428	0.00570	0.00684	0.00713	0.00399	0.00456	0.00684	0.00941	0.01254	0.02709	0.82409	0.03250	0.01540	0.00627	0.00200	0.00285	0.01397	0.00456	0.00399
2	0.09067	0.00855	0.02676	0.00848	0.01171	0.02176	0.02378	0.01929	0.01255	0.52179	0.02075	0.05555	0.09337	0.02582	0.02260	0.00177	0.01680	0.00572	0.00517	0.00711
3	0.00700	0.00712	0.09213	0.00704	0.00879	0.00524	0.00604	0.00934	0.01248	0.01730	0.48729	0.15057	0.13323	0.01062	0.00577	0.00164	0.00300	0.02584	0.00480	0.00476
4	0.01136	0.00994	0.01332	0.00989	0.02811	0.00838	0.10683	0.09916	0.01184	0.01766	0.00925	0.01081	0.00743	0.00397	0.00409	0.00095	0.00448	0.00348	0.00307	0.63597
5	0.86201	0.00950	0.00722	0.00646	0.00950	0.01102	0.00532	0.01445	0.00836	0.02205	0.00684	0.00798	0.00532	0.00456	0.00304	0.00152	0.00380	0.00266	0.00304	0.00532
6	0.00928	0.00873	0.01474	0.81548	0.03385	0.01092	0.01365	0.01256	0.00983	0.01256	0.00873	0.01310	0.00655	0.00491	0.00491	0.00164	0.00655	0.00437	0.00218	0.00546
7	0.00696	0.00502	0.00657	0.00618	0.00734	0.00464	0.00464	0.00927	0.01391	0.01971	0.79405	0.03671	0.04637	0.01005	0.00580	0.00155	0.00232	0.00889	0.00541	0.00464
8	0.00599	0.00428	0.00570	0.00684	0.00713	0.00399	0.00456	0.00684	0.00941	0.01254	0.02709	0.82409	0.03250	0.01540	0.00627	0.00200	0.00285	0.01397	0.00456	0.00399
9	0.00696	0.00502	0.00657	0.00618	0.00734	0.00464	0.00464	0.00927	0.01391	0.01971	0.79405	0.03671	0.04637	0.01005	0.00580	0.00155	0.00232	0.00889	0.00541	0.00464
10	0.86201	0.00950	0.00722	0.00646	0.00950	0.01102	0.00532	0.01445	0.00836	0.02205	0.00684	0.00798	0.00532	0.00456	0.00304	0.00152	0.00380	0.00266	0.00304	0.00532
11	0.00986	0.02542	0.80183	0.01401	0.02127	0.01141	0.01816	0.01556	0.01038	0.01556	0.00882	0.01038	0.00623	0.00467	0.00467	0.00156	0.00726	0.00363	0.00208	0.00726
12	0.86201	0.00950	0.00722	0.00646	0.00950	0.01102	0.00532	0.01445	0.00836	0.02205	0.00684	0.00798	0.00532	0.00456	0.00304	0.00152	0.00380	0.00266	0.00304	0.00532
13	0.00750	0.00560	0.00704	0.00658	0.00791	0.00542	0.00496	0.01102	0.09419	0.01979	0.71375	0.03480	0.04311	0.00970	0.00571	0.00156	0.00248	0.00854	0.00537	0.00496
14	0.00599	0.00428	0.00570	0.00684	0.00713	0.00399	0.00456	0.00684	0.00941	0.01254	0.02709	0.82409	0.03250	0.01540	0.00627	0.00200	0.00285	0.01397	0.00456	0.00399
15	0.01190	0.01059	0.01273	0.01092	0.01386	0.01190	0.08760	0.02424	0.67302	0.01987	0.03568	0.01887	0.03315	0.00661	0.00512	0.00166	0.00428	0.00576	0.00474	0.00751
16	0.01216	0.01168	0.01995	0.03016	0.79664	0.01168	0.01508	0.01508	0.01119	0.01605	0.00924	0.01216	0.00778	0.00438	0.00487	0.00146	0.00584	0.00438	0.00243	0.00778
17	0.00781	0.00562	0.00776	0.00883	0.00999	0.00558	0.00769	0.01001	0.01131	0.01463	0.02730	0.05499	0.06955	0.01351	0.00673	0.00223	0.00442	0.72300	0.00453	0.00450
18	0.00916	0.00458	0.00458	0.00458	0.00573	0.00458	0.00344	0.01145	0.01031	0.01832	0.01603	0.01832	0.01260	0.00573	0.00344	0.00115	0.00229	0.00458	0.85457	0.00458
19	0.00928	0.00873	0.01474	0.81548	0.03385	0.01092	0.01365	0.01256	0.00983	0.01256	0.00873	0.01310	0.00655	0.00491	0.00491	0.00164	0.00655	0.00437	0.00218	0.00546
20	0.01216	0.01168	0.01995	0.03016	0.79664	0.01168	0.01508	0.01508	0.01119	0.01605	0.00924	0.01216	0.00778	0.00438	0.00487	0.00146	0.00584	0.00438	0.00243	0.00778
21	0.09957	0.01069	0.01728	0.23113	0.51740	0.01141	0.01370	0.01436	0.01054	0.01577	0.00886	0.01197	0.00721	0.00454	0.00469	0.00151	0.00581	0.00420	0.00243	0.00693
22	0.01068	0.00837	0.01000	0.02297	0.01175	0.00662	0.00601	0.03054	0.01065	0.06517	0.01138	0.09512	0.01021	0.00509	0.00405	0.00094	0.00369	0.00425	0.00331	0.67920
23	0.01216	0.01168	0.01995	0.03016	0.79664	0.01168	0.01508	0.01508	0.01119	0.01605	0.00924	0.01216	0.00778	0.00438	0.00487	0.00146	0.00584	0.00438	0.00243	0.00778
24	0.01499	0.09470	0.01284	0.00855	0.01258	0.00972	0.00710	0.12618	0.06931	0.22546	0.01261	0.01250	0.00918	0.00489	0.00421	0.00115	0.00422	0.00383	0.00410	0.36187
25	0.00928	0.00873	0.01474	0.81548	0.03385	0.01092	0.01365	0.01256	0.00983	0.01256	0.00873	0.01310	0.00655	0.00491	0.00491	0.00164	0.00655	0.00437	0.00218	0.00546
26	0.01100	0.01240	0.02651	0.01908	0.02371	0.01157	0.69839	0.01484	0.01156	0.01549	0.01407	0.01679	0.08911	0.00500	0.00580	0.00166	0.00768	0.00627	0.00270	0.00637
27	0.00715	0.00476	0.00536	0.00536	0.00536	0.00476	0.00298	0.00715	0.00715	0.00953	0.01548	0.03216	0.01787	0.82729	0.02501	0.00476	0.00476	0.00715	0.00298	0.00298
28	0.00714	0.00478	0.00545	0.00545	0.00549	0.00482	0.00310	0.00721	0.00717	0.00960	0.01540	0.03168	0.01766	0.79797	0.05406	0.00488	0.00508	0.00708	0.00296	0.00303
29	0.00599	0.00428	0.00570	0.00684	0.00713	0.00399	0.00456	0.00684	0.00941	0.01254	0.02709	0.82409	0.03250	0.01540	0.00627	0.00200	0.00285	0.01397	0.00456	0.00399
30	0.00715	0.00476	0.00536	0.00536	0.00536	0.00476	0.00298	0.00715	0.00715	0.00953	0.01548	0.03216	0.01787	0.82729	0.02501	0.00476	0.00476	0.00715	0.00298	0.00298
31	0.01836	0.02342	0.01393	0.01266	0.01519	0.80756	0.00950	0.01962	0.01393	0.01203	0.00760	0.00886	0.00633	0.00506	0.00443	0.00127	0.00886	0.00317	0.00253	0.00570
32	0.01314	0.83025	0.02575	0.00841	0.01261	0.01945	0.00841	0.01472	0.00999	0.01156	0.00683	0.00788	0.00631	0.00420	0.00315	0.00105	0.00526	0.00263	0.00210	0.00631
33	0.00581	0.00498	0.00498	0.00498	0.00664	0.00415	0.00373	0.00705	0.01120	0.01328	0.04978	0.04729	0.79464	0.01245	0.00581	0.00166	0.00249	0.01037	0.00456	0.00415
34	0.00602	0.00429	0.00569	0.00681	0.00709	0.00401	0.00452	0.00685	0.00935	0.01247	0.02681	0.80510	0.03215	0.03486	0.00672	0.00206	0.00290	0.01381	0.00452	0.00397
35	0.00696	0.00502	0.00657	0.00618	0.00734	0.00464	0.00464	0.00927	0.01391	0.01971	0.79405	0.03671	0.04637	0.01005	0.00580	0.00155	0.00232	0.00889	0.00541	0.00464
36	0.00702	0.00527	0.00790	0.00790	0.00878	0.00614	0.00614	0.00878	0.00790	0.01141	0.01316	0.01931	0.01229	0.03686	0.80782	0.00790	0.01316	0.00527	0.00263	0.00439
37	0.86201	0.00950	0.00722	0.00646	0.00950	0.01102	0.00532	0.01445	0.00836	0.02205	0.00684	0.00798	0.00532	0.00456	0.00304	0.00152	0.00380	0.00266	0.00304	0.00532
38	0.01772	0.02209	0.01363	0.01238	0.01494	0.72506	0.00932	0.02030	0.09420	0.01291	0.00888	0.00984	0.00723	0.00523	0.00449	0.00131	0.00835	0.00341	0.00279	0.00591
39	0.00595	0.00498	0.00517	0.00513	0.00672	0.00421	0.00384	0.00733	0.01153	0.01407	0.14120	0.04599	0.70273	0.01215	0.00581	0.00165	0.00247	0.01019	0.00467	0.00421
40	0.00654	0.00490	0.00607	0.00600	0.00715	0.00443	0.00441	0.00839	0.01260	0.01713	0.50490	0.15780	0.21881	0.01141	0.00587	0.00164	0.00244	0.01000	0.00508	0.00443
41	0.00606	0.00502	0.00532	0.00535	0.00693	0.00429	0.00408	0.00747	0.01149	0.01403	0.12554	0.04669	0.67027	0.01227	0.00587	0.00168	0.00260	0.05616	0.00465	0.00422
42	0.21271	0.01899	0.01300	0.01304	0.09494	0.54090	0.00911	0.01796	0.01236	0.01476	0.00759	0.00900	0.00625	0.00488	0.00415	0.00134	0.00738	0.00317	0.00264	0.00583
43	0.01208	0.01159	0.01980	0.05208	0.77536	0.01166	0.01504	0.01501	0.01115	0.01596	0.00923	0.01219	0.00775	0.00439	0.00487	0.00146	0.00586	0.00438	0.00243	0.00772
44	0.01216	0.01168	0.01995	0.03016	0.79664	0.01168	0.01508	0.01508	0.01119	0.01605	0.00924	0.01216	0.00778	0.00438	0.00487	0.00146	0.00584	0.00438	0.00243	0.00778
45	0.01163	0.01101	0.01870	0.02785	0.71491	0.01110	0.01415	0.01443	0.01085	0.01557	0.00965	0.01290	0.00825	0.00775	0.08816	0.00213	0.00660	0.00447	0.00245	0.00743
46	0.00702	0.00527	0.00790	0.00790	0.00878	0.00614	0.00614	0.00878	0.00790	0.01141	0.01316	0.01931	0.01229	0.03686	0.80782	0.00790	0.01316	0.00527	0.00263	0.00439
47	0.01772	0.02209	0.01363	0.01238	0.01494	0.72506	0.00932	0.02030	0.09420	0.01291	0.00888	0.00984	0.00723	0.00523	0.00449	0.00131	0.00835	0.00341	0.00279	0.00591
48	0.01216	0.01168	0.01995	0.03016	0.79664	0.01168	0.01508	0.01508	0.01119	0.01605	0.00924	0.01216	0.00778	0.00438	0.00487	0.00146	0.00584	0.00438	0.00243	0.00778
49	0.01160	0.01326	0.02900	0.02071	0.02568	0.01243	0.77879	0.01574	0.01160	0.01574	0.00994	0.01326	0.00746	0.00414	0.00580	0.00166	0.00829	0.00580	0.00249	0.00663
50	0.01075	0.01075	0.01505	0.01290	0.01290	0.01505	0.01075	0.01183	0.00753	0.01183	0.00645	0.01075	0.00645	0.00860	0.01613	0.00215	0.81830	0.00430	0.00215	0.00538
51	0.00601	0.00496	0.00527	0.00526	0.00678	0.00422	0.00392	0.00741	0.01157	0.01431	0.17218	0.07924	0.63753	0.01218	0.00583	0.00166	0.00248	0.01028	0.00470	0.00422
52	0.00607	0.00506	0.00534	0.00548	0.00707	0.00433	0.00425	0.00744	0.01121	0.01345	0.04687	0.04829	0.70079	0.01258	0.00593	0.00173	0.00274	0.10262	0.00456	0.00419
53	0.01019	0.00873	0.01019	0.00728	0.01165	0.00655	0.00582	0.01237	0.01019	0.01601	0.00873	0.01019	0.00728	0.00364	0.00364	0.00073	0.00364	0.00291	0.00291	0.85734
54	0.00599	0.00428	0.00570	0.00684	0.00713	0.00399	0.00456	0.00684	0.00941	0.01254	0.02709	0.82409	0.03250	0.01540	0.00627	0.00200	0.00285	0.01397	0.00456	0.00399
55	0.00986	0.02542	0.80183	0.01401	0.02127	0.01141	0.01816	0.01556	0.01038	0.01556	0.00882	0.01038	0.00623	0.00467	0.00467	0.00156	0.00726	0.00363	0.00208	0.00726
56	0.01052	0.02416	0.73639	0.01397	0.02098	0.01124	0.04318	0.01599	0.01060	0.05474	0.00938	0.01079	0.00656	0.00472	0.00472	0.00156	0.00714	0.00377	0.00229	0.00730
57	0.00701	0.00509	0.00664	0.00643	0.00761	0.00472	0.00494	0.00928	0.01353	0.01892	0.68342	0.03909	0.07562	0.01051	0.00590	0.00162	0.00255	0.08723	0.00528	0.00460
58	0.01290	0.01210	0.02029	0.02683	0.61717	0.01219	0.09736	0.10887	0.01269	0.01785	0.00963	0.01224	0.00782	0.00454	0.00497	0.00148	0.00605	0.00454	0.00274	0.00773
59	0.00597	0.00435	0.00563	0.00665	0.00708	0.00401	0.00448	0.00686	0.00959	0.01262	0.02944	0.74351	0.11156	0.01509	0.00622	0.00196	0.00281	0.01360	0.00456	0.00401
60	0.01028	0.02382	0.68443	0.01483	0.02169	0.03030	0.11523	0.01568	0.01062	0.01550	0.00893	0.01071	0.00639	0.00461	0.00481	0.00156	0.00743	0.00390	0.00214	0.00714
61	0.05436	0.03135	0.01419	0.01088	0.01463	0.07884	0.00892	0.58596	0.05267	0.06212	0.01175	0.01177	0.00844	0.00572	0.00473	0.00144	0.00546	0.00424	0.00459	0.02795
62	0.00596	0.00438	0.00560	0.00657	0.00706	0.00401	0.00444	0.00687	0.00967	0.01265	0.03035	0.71221	0.14226	0.01497	0.00621	0.00195	0.00280	0.01345	0.00456	0.00401
63	0.01411	0.09845	0.33362	0.01398	0.11615	0.01100	0.03999	0.01802	0.03018	0.24087	0.01202	0.01247	0.00842	0.00500	0.00465	0.00147	0.00587	0.00411	0.00338	0.02626
64	0.01368	0.74655	0.02452	0.00885	0.01288	0.10120	0.00852	0.01522	0.01039	0.01161	0.00691	0.00798	0.00631	0.00429	0.00329	0.00107	0.00563	0.00268	0.00215	0.00624
65	0.01187	0.31511	0.25298	0.01021	0.01455	0.11140	0.01073	0.01532	0.04613	0.01449	0.09035	0.01287	0.01123	0.00526	0.00414	0.00131	0.00575	0.00390	0.05609	0.00630
66	0.58539	0.01080	0.00943	0.00795	0.01117	0.08345	0.03882	0.03215	0.00997	0.06937	0.02495	0.00973	0.00705	0.00475	0.00356	0.00143	0.00447	0.00318	0.00324	0.07913

[dist]
# distance from previous block
# <min> <max>
0	1

[block]
# block no. 2 follows, 51 sequences, length 103
# corresponding to MSA columns:
# 351-392,488-548
name=unknown_C
#
# <colnr> <probs for GDERKNQSTAVLIFYWHMCP>
#	G	D	E	R	K	N	Q	S	T	A	V	L	I	F	Y	W	H	M	C	P
0	0.03729	0.01424	0.12083	0.01825	0.02302	0.01226	0.56557	0.01575	0.02951	0.02979	0.00986	0.01271	0.00743	0.00462	0.00623	0.00166	0.06409	0.00527	0.00256	0.01907
1	0.00767	0.00598	0.00760	0.00750	0.00853	0.02056	0.00566	0.02978	0.04649	0.01271	0.01929	0.09842	0.11014	0.09909	0.45698	0.00545	0.02336	0.00679	0.02349	0.00451
2	0.01007	0.10957	0.01731	0.59360	0.05878	0.01196	0.08203	0.01318	0.01007	0.01301	0.00882	0.01258	0.00681	0.00476	0.00474	0.00155	0.00641	0.00429	0.02474	0.00573
3	0.01813	0.02304	0.01396	0.01267	0.01512	0.78354	0.00953	0.01939	0.01373	0.01202	0.00756	0.00892	0.00633	0.00517	0.00479	0.00129	0.03340	0.00320	0.00252	0.00569
4	0.86201	0.00950	0.00722	0.00646	0.00950	0.01102	0.00532	0.01445	0.00836	0.02205	0.00684	0.00798	0.00532	0.00456	0.00304	0.00152	0.00380	0.00266	0.00304	0.00532
5	0.00854	0.00427	0.00640	0.00640	0.00640	0.00427	0.00427	0.00640	0.00640	0.00854	0.00854	0.01494	0.00854	0.01707	0.01921	0.85702	0.00427	0.00427	0.00213	0.00213
6	0.00606	0.00443	0.00573	0.00662	0.00711	0.00414	0.00450	0.00702	0.00961	0.01267	0.04537	0.65910	0.12474	0.03207	0.04388	0.00227	0.00331	0.01288	0.00446	0.00402
7	0.00585	0.00499	0.00504	0.00507	0.00671	0.00418	0.00382	0.00712	0.01120	0.01331	0.04927	0.04747	0.77815	0.01247	0.00583	0.00167	0.00253	0.02658	0.00456	0.00416
8	0.01067	0.00998	0.01683	0.40031	0.40209	0.01101	0.01390	0.01373	0.01051	0.01450	0.00929	0.01287	0.00741	0.00469	0.00483	0.00153	0.00602	0.00438	0.03889	0.00655
9	0.01222	0.01056	0.01111	0.01000	0.01278	0.01222	0.00778	0.02611	0.78776	0.02056	0.02000	0.01833	0.01500	0.00667	0.00500	0.00167	0.00389	0.00556	0.00500	0.00778
10	0.01430	0.00813	0.00998	0.00824	0.01117	0.00776	0.00654	0.03529	0.19025	0.30437	0.21063	0.03308	0.02093	0.00704	0.00503	0.00147	0.00359	0.00594	0.00523	0.11102
11	0.01604	0.01137	0.01249	0.01030	0.01364	0.01253	0.00830	0.31454	0.36756	0.13766	0.01688	0.01630	0.01230	0.00642	0.00499	0.00158	0.00453	0.01943	0.00512	0.00802
12	0.01216	0.01168	0.01995	0.03016	0.79664	0.01168	0.01508	0.01508	0.01119	0.01605	0.00924	0.01216	0.00778	0.00438	0.00487	0.00146	0.00584	0.00438	0.00243	0.00778
13	0.01868	0.01376	0.01475	0.01131	0.01524	0.01524	0.00934	0.78025	0.02311	0.03097	0.01180	0.01180	0.00836	0.00590	0.00492	0.00147	0.00541	0.00442	0.00492	0.00836
14	0.00715	0.00476	0.00536	0.00536	0.00536	0.00476	0.00298	0.00715	0.00715	0.00953	0.01548	0.03216	0.01787	0.82729	0.02501	0.00476	0.00476	0.00715	0.00298	0.00298
15	0.01879	0.00824	0.01073	0.00854	0.01192	0.00750	0.00693	0.02219	0.10849	0.59628	0.09507	0.01943	0.03355	0.00664	0.00503	0.00153	0.00392	0.00548	0.00579	0.02396
16	0.00696	0.00502	0.00657	0.00618	0.00734	0.00464	0.00464	0.00927	0.01391	0.01971	0.79405	0.03671	0.04637	0.01005	0.00580	0.00155	0.00232	0.00889	0.00541	0.00464
17	0.00711	0.00520	0.00758	0.00758	0.00841	0.00598	0.00581	0.00876	0.00794	0.01155	0.01344	0.02020	0.01270	0.09294	0.71922	0.00740	0.01212	0.00537	0.03637	0.00429
18	0.02164	0.00902	0.01181	0.00906	0.01287	0.00820	0.00748	0.11640	0.01517	0.70603	0.01846	0.01612	0.01170	0.00606	0.00494	0.00151	0.00433	0.00488	0.00594	0.00836
19	0.02205	0.00836	0.01140	0.00874	0.01254	0.00722	0.00722	0.02395	0.01407	0.80004	0.01939	0.01673	0.01216	0.00608	0.00494	0.00152	0.00418	0.00494	0.00608	0.00836
20	0.01222	0.01056	0.01111	0.01000	0.01278	0.01222	0.00778	0.02611	0.78776	0.02056	0.02000	0.01833	0.01500	0.00667	0.00500	0.00167	0.00389	0.00556	0.00500	0.00778
21	0.03355	0.01101	0.03064	0.00975	0.01376	0.03097	0.03263	0.23890	0.02951	0.31402	0.01379	0.01327	0.00948	0.00536	0.00462	0.00134	0.00473	0.00427	0.00467	0.19372
22	0.01076	0.00908	0.00983	0.00910	0.01138	0.01024	0.00696	0.02155	0.59387	0.01930	0.09988	0.11946	0.04092	0.00823	0.00526	0.00169	0.00357	0.00705	0.00498	0.00690
23	0.00986	0.02542	0.80183	0.01401	0.02127	0.01141	0.01816	0.01556	0.01038	0.01556	0.00882	0.01038	0.00623	0.00467	0.00467	0.00156	0.00726	0.00363	0.00208	0.00726
24	0.01216	0.01168	0.01995	0.03016	0.79664	0.01168	0.01508	0.01508	0.01119	0.01605	0.00924	0.01216	0.00778	0.00438	0.00487	0.00146	0.00584	0.00438	0.00243	0.00778
25	0.06944	0.01591	0.20823	0.01830	0.06098	0.02647	0.47732	0.01556	0.01102	0.01599	0.00931	0.01203	0.00699	0.00443	0.00552	0.00162	0.02687	0.00492	0.00242	0.00670
26	0.00986	0.02542	0.80183	0.01401	0.02127	0.01141	0.01816	0.01556	0.01038	0.01556	0.00882	0.01038	0.00623	0.00467	0.00467	0.00156	0.00726	0.00363	0.00208	0.00726
27	0.00854	0.00427	0.00640	0.00640	0.00640	0.00427	0.00427	0.00640	0.00640	0.00854	0.00854	0.01494	0.00854	0.01707	0.01921	0.85702	0.00427	0.00427	0.00213	0.00213
28	0.00792	0.00566	0.00792	0.00905	0.01018	0.00566	0.00792	0.01018	0.01131	0.01471	0.02602	0.05543	0.02828	0.01358	0.00679	0.00226	0.00453	0.76356	0.00453	0.00453
29	0.02164	0.00902	0.01181	0.00906	0.01287	0.00820	0.00748	0.11640	0.01517	0.70603	0.01846	0.01612	0.01170	0.00606	0.00494	0.00151	0.00433	0.00488	0.00594	0.00836
30	0.01031	0.01002	0.01387	0.01198	0.01198	0.01379	0.00980	0.01125	0.00748	0.01155	0.00756	0.01337	0.00785	0.10868	0.01721	0.00247	0.71885	0.00465	0.00225	0.00508
31	0.00581	0.00498	0.00498	0.00498	0.00664	0.00415	0.00373	0.00705	0.01120	0.01328	0.04978	0.04729	0.79464	0.01245	0.00581	0.00166	0.00249	0.01037	0.00456	0.00415
32	0.01472	0.03256	0.09038	0.01293	0.01627	0.37635	0.10387	0.02042	0.23726	0.01528	0.01156	0.01230	0.00897	0.00542	0.00497	0.00147	0.02128	0.00423	0.00318	0.00657
33	0.01181	0.01132	0.01931	0.12617	0.70339	0.01158	0.01491	0.01477	0.01102	0.01563	0.00918	0.01228	0.00763	0.00444	0.00487	0.00148	0.00593	0.00438	0.00240	0.00750
34	0.00891	0.00460	0.00468	0.00468	0.00568	0.00460	0.00338	0.01092	0.00992	0.01725	0.01596	0.02001	0.01324	0.10616	0.00607	0.00159	0.00259	0.00489	0.75047	0.00438
35	0.00595	0.00498	0.00517	0.00512	0.00672	0.00421	0.00384	0.00732	0.01153	0.01405	0.13890	0.04603	0.70505	0.01216	0.00581	0.00165	0.00247	0.01019	0.00466	0.00421
36	0.01124	0.10949	0.62421	0.01326	0.01962	0.10958	0.01608	0.01597	0.01077	0.01471	0.00846	0.00993	0.00625	0.00467	0.00448	0.00147	0.00725	0.00347	0.00213	0.00697
37	0.01378	0.73162	0.02431	0.00893	0.01293	0.11579	0.00854	0.01532	0.01047	0.01162	0.00693	0.00800	0.00631	0.00431	0.00331	0.00108	0.00570	0.00269	0.00215	0.00623
38	0.00597	0.00436	0.00561	0.00661	0.00707	0.00401	0.00446	0.00687	0.00963	0.01263	0.02986	0.72913	0.12567	0.01504	0.00622	0.00195	0.00281	0.01353	0.00456	0.00401
39	0.00639	0.00482	0.00681	0.10570	0.01039	0.00484	0.00567	0.00754	0.00946	0.01255	0.02484	0.72495	0.02933	0.01411	0.00611	0.00195	0.00330	0.01280	0.00427	0.00417
40	0.00968	0.00941	0.01670	0.68540	0.06483	0.01113	0.10724	0.01305	0.01010	0.01309	0.00890	0.01308	0.00671	0.00480	0.00502	0.00163	0.00673	0.00454	0.00223	0.00570
41	0.01216	0.01168	0.01995	0.03016	0.79664	0.01168	0.01508	0.01508	0.01119	0.01605	0.00924	0.01216	0.00778	0.00438	0.00487	0.00146	0.00584	0.00438	0.00243	0.00778
42	0.01864	0.01495	0.01465	0.01147	0.01523	0.11210	0.00936	0.68727	0.02198	0.02866	0.01128	0.01144	0.00811	0.00580	0.00486	0.00145	0.00583	0.00427	0.00462	0.00803
43	0.86201	0.00950	0.00722	0.00646	0.00950	0.01102	0.00532	0.01445	0.00836	0.02205	0.00684	0.00798	0.00532	0.00456	0.00304	0.00152	0.00380	0.00266	0.00304	0.00532
44	0.01216	0.01168	0.01995	0.03016	0.79664	0.01168	0.01508	0.01508	0.01119	0.01605	0.00924	0.01216	0.00778	0.00438	0.00487	0.00146	0.00584	0.00438	0.00243	0.00778
45	0.01210	0.01185	0.02097	0.02910	0.70955	0.01176	0.10135	0.01516	0.01124	0.01602	0.00932	0.01229	0.00775	0.00435	0.00497	0.00148	0.00611	0.00454	0.00244	0.00765
46	0.01467	0.01042	0.01123	0.04729	0.01342	0.10488	0.00706	0.01671	0.01178	0.24826	0.01176	0.01211	0.00858	0.00460	0.00418	0.00107	0.00458	0.00362	0.00377	0.46001
47	0.00842	0.00600	0.00738	0.00654	0.00836	0.00541	0.00500	0.04711	0.01352	0.05489	0.52626	0.04798	0.12975	0.00934	0.00548	0.00147	0.00273	0.00809	0.00502	0.10123
48	0.01144	0.06136	0.60676	0.01295	0.01928	0.01193	0.01569	0.11757	0.01222	0.04123	0.02431	0.02538	0.00790	0.00514	0.00469	0.00153	0.00666	0.00401	0.00268	0.00729
49	0.01166	0.01449	0.23564	0.01098	0.03207	0.11794	0.04711	0.01516	0.03743	0.11213	0.22671	0.02173	0.06402	0.00705	0.00516	0.00154	0.00533	0.02378	0.00386	0.00622
50	0.01031	0.01002	0.01387	0.01198	0.01198	0.01379	0.00980	0.01125	0.00748	0.01155	0.00756	0.01337	0.00785	0.10868	0.01721	0.00247	0.71885	0.00465	0.00225	0.00508
51	0.02205	0.00836	0.01140	0.00874	0.01254	0.00722	0.00722	0.02395	0.01407	0.80004	0.01939	0.01673	0.01216	0.00608	0.00494	0.00152	0.00418	0.00494	0.00608	0.00836
52	0.02205	0.00836	0.01140	0.00874	0.01254	0.00722	0.00722	0.02395	0.01407	0.80004	0.01939	0.01673	0.01216	0.00608	0.00494	0.00152	0.00418	0.00494	0.00608	0.00836
53	0.00696	0.00502	0.00657	0.00618	0.00734	0.00464	0.00464	0.00927	0.01391	0.01971	0.79405	0.03671	0.04637	0.01005	0.00580	0.00155	0.00232	0.00889	0.00541	0.00464
54	0.00854	0.00427	0.00640	0.00640	0.00640	0.00427	0.00427	0.00640	0.00640	0.00854	0.00854	0.01494	0.00854	0.01707	0.01921	0.85702	0.00427	0.00427	0.00213	0.00213
55	0.00696	0.00502	0.00657	0.00618	0.00734	0.00464	0.00464	0.00927	0.01391	0.01971	0.79405	0.03671	0.04637	0.01005	0.00580	0.00155	0.00232	0.00889	0.00541	0.00464
56	0.01019	0.00873	0.01019	0.00728	0.01165	0.00655	0.00582	0.01237	0.01019	0.01601	0.00873	0.01019	0.00728	0.00364	0.00364	0.00073	0.00364	0.00291	0.00291	0.85734
57	0.01314	0.83025	0.02575	0.00841	0.01261	0.01945	0.00841	0.01472	0.00999	0.01156	0.00683	0.00788	0.00631	0.00420	0.00315	0.00105	0.00526	0.00263	0.00210	0.00631
58	0.14070	0.01594	0.01230	0.01061	0.01364	0.34398	0.00829	0.13260	0.12745	0.13059	0.01161	0.01168	0.00859	0.00549	0.00446	0.00143	0.00622	0.00388	0.00383	0.00672
59	0.01039	0.13790	0.66927	0.01371	0.04356	0.01255	0.01670	0.01543	0.01035	0.01502	0.00855	0.01008	0.00628	0.00459	0.00446	0.00148	0.00694	0.00351	0.00209	0.00714
60	0.02205	0.00836	0.01140	0.00874	0.01254	0.00722	0.00722	0.02395	0.01407	0.80004	0.01939	0.01673	0.01216	0.00608	0.00494	0.00152	0.00418	0.00494	0.00608	0.00836
61	0.01414	0.01403	0.10907	0.01089	0.01452	0.10028	0.02361	0.17973	0.26267	0.06832	0.04319	0.01449	0.01150	0.00592	0.00514	0.00149	0.02988	0.00464	0.00412	0.08238
62	0.00686	0.00542	0.00622	0.00596	0.00723	0.00513	0.00439	0.00895	0.04909	0.01548	0.31578	0.03902	0.36300	0.11078	0.00843	0.00201	0.02821	0.00901	0.00463	0.00440
63	0.00916	0.00458	0.00458	0.00458	0.00573	0.00458	0.00344	0.01145	0.01031	0.01832	0.01603	0.01832	0.01260	0.00573	0.00344	0.00115	0.00229	0.00458	0.85457	0.00458
64	0.00792	0.00566	0.00792	0.00905	0.01018	0.00566	0.00792	0.01018	0.01131	0.01471	0.02602	0.05543	0.02828	0.01358	0.00679	0.00226	0.00453	0.76356	0.00453	0.00453
65	0.01045	0.00957	0.01304	0.01130	0.01152	0.01304	0.00934	0.01175	0.00806	0.01308	0.00829	0.01221	0.00763	0.00805	0.01369	0.00196	0.66141	0.00435	0.16604	0.00522
66	0.00916	0.00458	0.00458	0.00458	0.00573	0.00458	0.00344	0.01145	0.01031	0.01832	0.01603	0.01832	0.01260	0.00573	0.00344	0.00115	0.00229	0.00458	0.85457	0.00458
67	0.01285	0.01394	0.04159	0.14263	0.48950	0.16755	0.01377	0.01554	0.01142	0.01464	0.00877	0.01157	0.00724	0.00469	0.00503	0.00147	0.02434	0.00411	0.00240	0.00696
68	0.01142	0.01098	0.01790	0.04436	0.67043	0.02355	0.01357	0.01412	0.01120	0.01557	0.01416	0.01643	0.10392	0.00539	0.00497	0.00148	0.00549	0.00509	0.00269	0.00725
69	0.01403	0.01198	0.01200	0.01040	0.01340	0.06464	0.00818	0.17043	0.57771	0.03484	0.01761	0.01644	0.01311	0.00641	0.00495	0.00160	0.00451	0.00517	0.00484	0.00776
70	0.01135	0.01464	0.12292	0.01958	0.02463	0.01241	0.65505	0.01556	0.01129	0.01556	0.00966	0.01280	0.00727	0.00439	0.00607	0.00166	0.04060	0.00547	0.00242	0.00666
71	0.00715	0.00476	0.00536	0.00536	0.00536	0.00476	0.00298	0.00715	0.00715	0.00953	0.01548	0.03216	0.01787	0.82729	0.02501	0.00476	0.00476	0.00715	0.00298	0.00298
72	0.01301	0.01095	0.01156	0.01016	0.01308	0.01259	0.00797	0.11830	0.69428	0.02183	0.01900	0.01754	0.01419	0.00657	0.00499	0.00164	0.00407	0.00542	0.00499	0.00785
73	0.00702	0.00502	0.00661	0.00669	0.00766	0.00474	0.00507	0.00899	0.01243	0.01725	0.51386	0.13326	0.03953	0.07092	0.00743	0.00196	0.00294	0.13921	0.00498	0.00442
74	0.00596	0.00459	0.00546	0.00608	0.00695	0.00409	0.00424	0.00705	0.01034	0.01319	0.07379	0.47956	0.33318	0.01397	0.00607	0.00184	0.00268	0.01230	0.00460	0.00409
75	0.01575	0.01939	0.01321	0.01179	0.01417	0.61019	0.04438	0.01724	0.01344	0.01301	0.08344	0.01496	0.07777	0.00619	0.00500	0.00136	0.02578	0.00446	0.00296	0.00550
76	0.00928	0.00873	0.01474	0.81548	0.03385	0.01092	0.01365	0.01256	0.00983	0.01256	0.00873	0.01310	0.00655	0.00491	0.00491	0.00164	0.00655	0.00437	0.00218	0.00546
77	0.00928	0.00873	0.01474	0.81548	0.03385	0.01092	0.01365	0.01256	0.00983	0.01256	0.00873	0.01310	0.00655	0.00491	0.00491	0.00164	0.00655	0.00437	0.00218	0.00546
78	0.01075	0.01075	0.01505	0.01290	0.01290	0.01505	0.01075	0.01183	0.00753	0.01183	0.00645	0.01075	0.00645	0.00860	0.01613	0.00215	0.81830	0.00430	0.00215	0.00538
79	0.01075	0.01075	0.01505	0.01290	0.01290	0.01505	0.01075	0.01183	0.00753	0.01183	0.00645	0.01075	0.00645	0.00860	0.01613	0.00215	0.81830	0.00430	0.00215	0.00538
80	0.00916	0.00458	0.00458	0.00458	0.00573	0.00458	0.00344	0.01145	0.01031	0.01832	0.01603	0.01832	0.01260	0.00573	0.00344	0.00115	0.00229	0.00458	0.85457	0.00458
81	0.00928	0.00873	0.01474	0.81548	0.03385	0.01092	0.01365	0.01256	0.00983	0.01256	0.00873	0.01310	0.00655	0.00491	0.00491	0.00164	0.00655	0.00437	0.00218	0.00546
82	0.01409	0.01588	0.02055	0.02154	0.31209	0.26321	0.23343	0.03193	0.01241	0.01499	0.00898	0.01143	0.00724	0.00456	0.00500	0.00146	0.00749	0.00441	0.00253	0.00680
83	0.00916	0.00458	0.00458	0.00458	0.00573	0.00458	0.00344	0.01145	0.01031	0.01832	0.01603	0.01832	0.01260	0.00573	0.00344	0.00115	0.00229	0.00458	0.85457	0.00458
84	0.86201	0.00950	0.00722	0.00646	0.00950	0.01102	0.00532	0.01445	0.00836	0.02205	0.00684	0.00798	0.00532	0.00456	0.00304	0.00152	0.00380	0.00266	0.00304	0.00532
85	0.02068	0.01078	0.01198	0.00948	0.01306	0.10601	0.00769	0.10857	0.03046	0.58389	0.03442	0.01569	0.01184	0.00604	0.00490	0.00149	0.00484	0.00477	0.00548	0.00794
86	0.00696	0.00502	0.00657	0.00618	0.00734	0.00464	0.00464	0.00927	0.01391	0.01971	0.79405	0.03671	0.04637	0.01005	0.00580	0.00155	0.00232	0.00889	0.00541	0.00464
87	0.00696	0.00502	0.00657	0.00618	0.00734	0.00464	0.00464	0.00927	0.01391	0.01971	0.79405	0.03671	0.04637	0.01005	0.00580	0.00155	0.00232	0.00889	0.00541	0.00464
88	0.00916	0.00458	0.00458	0.00458	0.00573	0.00458	0.00344	0.01145	0.01031	0.01832	0.01603	0.01832	0.01260	0.00573	0.00344	0.00115	0.00229	0.00458	0.85457	0.00458
89	0.70065	0.00965	0.00848	0.10560	0.01274	0.02785	0.00652	0.01477	0.00893	0.05688	0.00767	0.00903	0.00581	0.00469	0.00339	0.00153	0.00426	0.00299	0.00307	0.00549
90	0.06590	0.00940	0.01056	0.00772	0.01195	0.00790	0.00622	0.10638	0.01165	0.01823	0.00899	0.01025	0.00729	0.00397	0.00376	0.00087	0.00387	0.00308	0.00316	0.69886
91	0.00916	0.00458	0.00458	0.00458	0.00573	0.00458	0.00344	0.01145	0.01031	0.01832	0.01603	0.01832	0.01260	0.00573	0.00344	0.00115	0.00229	0.00458	0.85457	0.00458
92	0.01868	0.01376	0.01475	0.01131	0.01524	0.01524	0.00934	0.78025	0.02311	0.03097	0.01180	0.01180	0.00836	0.00590	0.00492	0.00147	0.00541	0.00442	0.00492	0.00836
93	0.01696	0.01725	0.01391	0.10994	0.01715	0.39478	0.00965	0.23541	0.03351	0.05034	0.00976	0.01082	0.00742	0.00529	0.00462	0.00136	0.00704	0.00379	0.00339	0.04760
94	0.01292	0.01311	0.01921	0.02802	0.70111	0.10897	0.01440	0.01564	0.01152	0.01556	0.00904	0.01176	0.00761	0.00446	0.00481	0.00144	0.00621	0.00423	0.00244	0.00753
95	0.01120	0.01070	0.01822	0.29114	0.54315	0.01142	0.01461	0.01424	0.01074	0.01489	0.00907	0.01247	0.00737	0.00456	0.00488	0.00152	0.00608	0.00437	0.00235	0.00701
96	0.00688	0.00473	0.00586	0.00616	0.00643	0.00474	0.00397	0.00734	0.00802	0.01073	0.01929	0.21715	0.05037	0.45425	0.11896	0.03300	0.00527	0.03000	0.00338	0.00346
97	0.00628	0.00457	0.00589	0.00656	0.00719	0.00423	0.00458	0.00751	0.01054	0.01413	0.19124	0.52878	0.11018	0.03742	0.00669	0.00196	0.00282	0.04061	0.00469	0.00413
98	0.00599	0.00428	0.00570	0.00684	0.00713	0.00399	0.00456	0.00684	0.00941	0.01254	0.02709	0.82409	0.03250	0.01540	0.00627	0.00200	0.00285	0.01397	0.00456	0.00399
99	0.01175	0.01051	0.01123	0.09931	0.01464	0.10500	0.00723	0.01393	0.01082	0.05925	0.00919	0.01072	0.00736	0.00409	0.00395	0.00094	0.00464	0.00322	0.00296	0.60924
100	0.34229	0.01296	0.01339	0.01100	0.01383	0.13318	0.10014	0.13647	0.02883	0.01950	0.00834	0.01003	0.00661	0.00550	0.00604	0.00160	0.13742	0.00372	0.00309	0.00608
101	0.03086	0.01215	0.02515	0.01843	0.02285	0.01151	0.63051	0.03419	0.01175	0.01615	0.01186	0.01819	0.00997	0.00534	0.00579	0.00170	0.00755	0.09826	0.00282	0.02498
102	0.24074	0.01251	0.01268	0.00997	0.01366	0.01393	0.00823	0.55966	0.01900	0.04797	0.01069	0.01092	0.00765	0.00555	0.00442	0.00149	0.00495	0.00397	0.00445	0.00756

[dist]
# distance from previous block
# <min> <max>
0	2

[block]
# block no. 3 follows, 51 sequences, length 23
# corresponding to MSA columns:
# 551-573
name=unknown_D
#
# <colnr> <probs for GDERKNQSTAVLIFYWHMCP>
#	G	D	E	R	K	N	Q	S	T	A	V	L	I	F	Y	W	H	M	C	P
0	0.01216	0.01168	0.01995	0.03016	0.79664	0.01168	0.01508	0.01508	0.01119	0.01605	0.00924	0.01216	0.00778	0.00438	0.00487	0.00146	0.00584	0.00438	0.00243	0.00778
1	0.01386	0.00876	0.01113	0.00813	0.01235	0.00693	0.02973	0.01601	0.01142	0.25566	0.01203	0.01228	0.00878	0.00440	0.00410	0.00100	0.00395	0.00362	0.00387	0.57199
2	0.00680	0.00530	0.00798	0.00779	0.00878	0.00493	0.07040	0.00845	0.01117	0.01532	0.29324	0.48043	0.03521	0.01257	0.00607	0.00181	0.00313	0.01150	0.00468	0.00444
3	0.00928	0.00873	0.01474	0.81548	0.03385	0.01092	0.01365	0.01256	0.00983	0.01256	0.00873	0.01310	0.00655	0.00491	0.00491	0.00164	0.00655	0.00437	0.00218	0.00546
4	0.00696	0.00502	0.00657	0.00618	0.00734	0.00464	0.00464	0.00927	0.01391	0.01971	0.79405	0.03671	0.04637	0.01005	0.00580	0.00155	0.00232	0.00889	0.00541	0.00464
5	0.00916	0.00458	0.00458	0.00458	0.00573	0.00458	0.00344	0.01145	0.01031	0.01832	0.01603	0.01832	0.01260	0.00573	0.00344	0.00115	0.00229	0.00458	0.85457	0.00458
6	0.00748	0.07407	0.00837	0.04491	0.00940	0.00644	0.00562	0.02988	0.06018	0.01350	0.02436	0.62079	0.05034	0.01306	0.00582	0.00185	0.00335	0.01167	0.00428	0.00462
7	0.05679	0.10285	0.02039	0.03267	0.01825	0.09614	0.30692	0.05046	0.04681	0.05561	0.00987	0.01221	0.00779	0.00669	0.04332	0.00188	0.11754	0.00464	0.00284	0.00635
8	0.04220	0.00477	0.00468	0.00465	0.00587	0.00483	0.00351	0.01157	0.01023	0.01847	0.01568	0.01792	0.01231	0.00568	0.00342	0.00116	0.00235	0.00451	0.82159	0.00461
9	0.00723	0.00548	0.00793	0.00782	0.00853	0.00642	0.00596	0.00872	0.00778	0.01118	0.01313	0.02058	0.01273	0.14090	0.66256	0.00718	0.05351	0.00547	0.00265	0.00425
10	0.05098	0.55806	0.21298	0.00952	0.01430	0.01639	0.01042	0.01455	0.01006	0.01310	0.00932	0.01033	0.04297	0.00472	0.00364	0.00122	0.00555	0.00323	0.00225	0.00639
11	0.02766	0.04018	0.10772	0.15246	0.08906	0.02842	0.01025	0.10467	0.05100	0.17919	0.09228	0.03411	0.04908	0.00633	0.00494	0.00154	0.00509	0.00527	0.00395	0.00680
12	0.00982	0.00525	0.00706	0.00730	0.00842	0.00476	0.00520	0.01092	0.01052	0.20043	0.02525	0.63147	0.02765	0.01317	0.00596	0.00188	0.00317	0.01182	0.00492	0.00503
13	0.01664	0.01349	0.01430	0.01267	0.07986	0.06569	0.00947	0.49504	0.19592	0.02612	0.01318	0.01313	0.00969	0.00589	0.00490	0.00150	0.00532	0.00460	0.00457	0.00800
14	0.03251	0.01153	0.01634	0.20041	0.32227	0.04507	0.01244	0.14209	0.03315	0.05348	0.00995	0.01234	0.00776	0.00528	0.00577	0.00156	0.07365	0.00434	0.00302	0.00704
15	0.01345	0.04855	0.10506	0.01074	0.08457	0.00830	0.00870	0.03352	0.05287	0.26700	0.19900	0.02394	0.04903	0.00744	0.00520	0.00157	0.00429	0.06537	0.00466	0.00672
16	0.01145	0.04810	0.01604	0.09683	0.38566	0.04205	0.02568	0.02922	0.03175	0.03045	0.06151	0.07326	0.01207	0.00565	0.00481	0.00142	0.00524	0.00514	0.00299	0.11071
17	0.01616	0.04931	0.01352	0.07457	0.11548	0.10256	0.00904	0.09372	0.09863	0.27925	0.04180	0.02859	0.02456	0.02429	0.00530	0.00156	0.00516	0.00494	0.00434	0.00721
18	0.10776	0.03022	0.04175	0.15824	0.03948	0.04429	0.17186	0.11140	0.05067	0.04558	0.03491	0.03094	0.07487	0.00601	0.00529	0.00159	0.03031	0.00525	0.00331	0.00626
19	0.03290	0.07736	0.07817	0.01104	0.01486	0.10035	0.09722	0.13016	0.06299	0.06062	0.02468	0.05235	0.00982	0.00553	0.00494	0.00135	0.03223	0.00451	0.00340	0.19553
20	0.04132	0.05025	0.01237	0.04738	0.01368	0.15620	0.00796	0.09332	0.15000	0.11257	0.03650	0.05362	0.01143	0.00608	0.00510	0.00140	0.04247	0.00466	0.00385	0.14985
21	0.09118	0.01162	0.01261	0.01195	0.09829	0.10071	0.03154	0.18279	0.09910	0.10251	0.02583	0.02946	0.01129	0.04424	0.00565	0.00162	0.00512	0.03945	0.02292	0.07213
22	0.09468	0.07503	0.03657	0.01091	0.08412	0.03678	0.02024	0.10154	0.07363	0.17519	0.02547	0.06336	0.03697	0.00685	0.01527	0.00155	0.00473	0.03979	0.00405	0.09326

[dist]
# distance from previous block
# <min> <max>
3	27

[block]
# block no. 4 follows, 51 sequences, length 18
# corresponding to MSA columns:
# 602-619
name=unknown_E
#
# <colnr> <probs for GDERKNQSTAVLIFYWHMCP>
#	G	D	E	R	K	N	Q	S	T	A	V	L	I	F	Y	W	H	M	C	P
0	0.16981	0.01241	0.01295	0.19837	0.06271	0.13483	0.00962	0.19033	0.03797	0.09233	0.02685	0.01216	0.00840	0.00534	0.00452	0.00150	0.00571	0.00407	0.00355	0.00659
1	0.10448	0.05795	0.07791	0.01206	0.07733	0.22981	0.02326	0.13334	0.05376	0.03891	0.02259	0.04419	0.03194	0.02109	0.02072	0.00161	0.00616	0.00445	0.00331	0.03515
2	0.12416	0.01224	0.01205	0.03354	0.01366	0.11674	0.00798	0.26348	0.04617	0.17300	0.01345	0.02796	0.03434	0.00592	0.00483	0.00144	0.02364	0.00442	0.00427	0.07671
3	0.16812	0.10698	0.01259	0.02500	0.02643	0.05388	0.03111	0.04030	0.07116	0.25855	0.02493	0.08018	0.03078	0.00632	0.00447	0.00147	0.00452	0.00503	0.00419	0.04401
4	0.01384	0.57023	0.14113	0.00960	0.01415	0.05563	0.00988	0.04524	0.01108	0.07747	0.00839	0.00918	0.00685	0.00454	0.00366	0.00119	0.00565	0.00306	0.00255	0.00667
5	0.01748	0.01293	0.01394	0.01084	0.01450	0.01426	0.00890	0.68846	0.05145	0.02965	0.07613	0.01409	0.01172	0.00627	0.00499	0.00149	0.00510	0.00483	0.00496	0.00803
6	0.01749	0.07799	0.01460	0.01049	0.01413	0.01396	0.00869	0.58950	0.02014	0.09508	0.01331	0.07840	0.01050	0.00656	0.00489	0.00149	0.00508	0.00511	0.00476	0.00784
7	0.63780	0.04169	0.00878	0.00709	0.01024	0.06228	0.00581	0.01507	0.00930	0.06323	0.00796	0.00895	0.00614	0.00462	0.00330	0.00141	0.00416	0.00289	0.02403	0.07526
8	0.15743	0.32246	0.27429	0.01028	0.01525	0.01485	0.01118	0.11380	0.01153	0.01716	0.00812	0.00922	0.00638	0.00464	0.00386	0.00135	0.00568	0.00319	0.00262	0.00672
9	0.01159	0.44949	0.39291	0.01106	0.01671	0.01565	0.01302	0.01512	0.01017	0.01345	0.00777	0.00906	0.00627	0.00442	0.00387	0.00129	0.00621	0.00310	0.00209	0.00676
10	0.01441	0.64304	0.02323	0.00907	0.01322	0.01848	0.00862	0.19025	0.01299	0.01601	0.00797	0.00878	0.00678	0.00459	0.00356	0.00115	0.00529	0.00304	0.00275	0.00678
11	0.01777	0.07901	0.01537	0.01098	0.01485	0.01536	0.00915	0.66470	0.07697	0.02867	0.01199	0.01195	0.00867	0.00582	0.00478	0.00145	0.00529	0.00436	0.00470	0.00815
12	0.17611	0.55968	0.13072	0.00882	0.01322	0.01670	0.00918	0.01478	0.00973	0.01414	0.00711	0.00825	0.00611	0.00434	0.00334	0.00121	0.00526	0.00277	0.00228	0.00625
13	0.01240	0.64796	0.20153	0.00968	0.01457	0.01763	0.01062	0.01491	0.01007	0.01247	0.00728	0.00845	0.00629	0.00431	0.00350	0.00117	0.00571	0.00286	0.00210	0.00652
14	0.01208	0.53431	0.24820	0.01100	0.01614	0.01658	0.07298	0.01504	0.01023	0.01304	0.00765	0.00903	0.00638	0.00433	0.00380	0.00124	0.00607	0.00317	0.00213	0.00661
15	0.06271	0.42558	0.25260	0.01012	0.01490	0.01536	0.01098	0.01607	0.09826	0.01439	0.00910	0.01014	0.00738	0.00558	0.02701	0.00150	0.00584	0.00334	0.00249	0.00664
16	0.01321	0.20266	0.26613	0.01093	0.01554	0.07406	0.04859	0.01667	0.03311	0.15404	0.09337	0.01456	0.02533	0.00557	0.00455	0.00142	0.00574	0.00442	0.00332	0.00677
17	0.16052	0.05193	0.01251	0.08549	0.01463	0.13171	0.03956	0.13964	0.07745	0.09090	0.02549	0.01551	0.07327	0.03021	0.00512	0.00157	0.00528	0.00462	0.00371	0.03086

[dist]
# distance from previous block
# <min> <max>
7	408

# created by:
# /st0/software/busco_prod/Augustus/scripts/msa2prfl.pl ./align_prep/108452.fa
