[name]
unknown

[dist]
# distance from previous block
# <min> <max>
0	126

[block]
# block no. 0 follows, 53 sequences, length 19
# corresponding to MSA columns:
# 141-158,169
name=unknown_A
#
# <colnr> <probs for GDERKNQSTAVLIFYWHMCP>
#	G	D	E	R	K	N	Q	S	T	A	V	L	I	F	Y	W	H	M	C	P
0	0.01179	0.02428	0.01271	0.07657	0.02702	0.10425	0.10193	0.10891	0.08955	0.05272	0.07382	0.02983	0.01340	0.10243	0.06635	0.03628	0.00595	0.01994	0.01921	0.02306
1	0.01107	0.02740	0.01221	0.06547	0.08069	0.07265	0.05938	0.12326	0.08486	0.03065	0.16779	0.04005	0.08289	0.06410	0.00687	0.00175	0.03910	0.02018	0.00383	0.00579
2	0.02771	0.01233	0.07606	0.04662	0.09013	0.06651	0.04476	0.20447	0.17762	0.05784	0.02597	0.03154	0.05882	0.03745	0.00577	0.00164	0.01898	0.00513	0.00385	0.00682
3	0.06690	0.07838	0.01349	0.07877	0.12646	0.04354	0.02309	0.06661	0.14698	0.19030	0.02869	0.05960	0.01145	0.00588	0.00457	0.00146	0.00469	0.00489	0.01816	0.02610
4	0.01362	0.06077	0.06231	0.03532	0.13792	0.09458	0.00940	0.20383	0.06969	0.07504	0.04996	0.03041	0.03990	0.01632	0.01418	0.00153	0.00524	0.01884	0.03519	0.02596
5	0.01343	0.09521	0.04191	0.04366	0.15608	0.10494	0.04875	0.16227	0.12467	0.04189	0.02337	0.02796	0.01019	0.00611	0.01844	0.00153	0.00565	0.03472	0.00343	0.03577
6	0.03505	0.11409	0.07241	0.10196	0.15765	0.12279	0.04930	0.11910	0.03149	0.01653	0.07615	0.01420	0.04177	0.00541	0.00456	0.00139	0.00570	0.00446	0.00303	0.02297
7	0.06119	0.01181	0.09738	0.05651	0.07187	0.03711	0.24355	0.04491	0.05833	0.03960	0.05209	0.07525	0.05054	0.00616	0.00527	0.00156	0.02185	0.01903	0.00317	0.04282
8	0.01513	0.02596	0.01177	0.00962	0.01242	0.09572	0.00757	0.29039	0.18617	0.12440	0.01455	0.04008	0.01161	0.09479	0.03626	0.00203	0.00526	0.00504	0.00436	0.00687
9	0.11826	0.01079	0.01108	0.00874	0.01235	0.06726	0.00704	0.18322	0.09711	0.16030	0.01185	0.01187	0.00866	0.00496	0.00416	0.00123	0.00441	0.00376	0.00401	0.26891
10	0.04743	0.00913	0.03263	0.07656	0.01406	0.02477	0.05889	0.09429	0.04286	0.34784	0.06763	0.07910	0.05283	0.02331	0.00535	0.00160	0.00451	0.00585	0.00464	0.00671
11	0.01189	0.12231	0.24840	0.03805	0.20392	0.11223	0.08517	0.03706	0.02511	0.01469	0.01865	0.02793	0.00778	0.00485	0.00476	0.00142	0.02259	0.00408	0.00242	0.00668
12	0.00713	0.00525	0.00763	0.00754	0.00839	0.00612	0.00588	0.00887	0.00804	0.01191	0.03627	0.01890	0.01276	0.03156	0.69275	0.00675	0.04111	0.00514	0.07368	0.00433
13	0.00891	0.00445	0.00445	0.00445	0.00557	0.00445	0.00334	0.01114	0.01002	0.01782	0.01559	0.01782	0.01225	0.00557	0.00334	0.00111	0.00223	0.00445	0.85856	0.00445
14	0.00926	0.00616	0.00895	0.00838	0.00996	0.00581	0.07029	0.04188	0.01135	0.11687	0.10626	0.31984	0.08057	0.02686	0.00620	0.00187	0.00375	0.15624	0.00453	0.00497
15	0.06667	0.19669	0.12075	0.01128	0.01509	0.25736	0.06585	0.08293	0.01240	0.09740	0.00903	0.00995	0.00692	0.00485	0.00442	0.00133	0.02431	0.00349	0.00289	0.00640
16	0.00800	0.00760	0.07326	0.00775	0.00915	0.04204	0.00613	0.07229	0.01082	0.02930	0.04176	0.57443	0.07402	0.01242	0.00572	0.00179	0.00359	0.01102	0.00422	0.00468
17	0.00661	0.00482	0.00621	0.00599	0.00708	0.00443	0.00444	0.00868	0.01299	0.01816	0.68410	0.10225	0.09564	0.01036	0.00568	0.00155	0.00231	0.00915	0.00514	0.00443
18	0.00936	0.01131	0.13990	0.47416	0.13776	0.01031	0.05131	0.01271	0.00988	0.01331	0.01012	0.07995	0.00863	0.00548	0.00489	0.00159	0.00617	0.00498	0.00235	0.00584

[dist]
# distance from previous block
# <min> <max>
0	12

[block]
# block no. 1 follows, 53 sequences, length 15
# corresponding to MSA columns:
# 182-194,251,252
name=unknown_B
#
# <colnr> <probs for GDERKNQSTAVLIFYWHMCP>
#	G	D	E	R	K	N	Q	S	T	A	V	L	I	F	Y	W	H	M	C	P
0	0.01181	0.01187	0.01985	0.07938	0.52832	0.04640	0.15157	0.01547	0.05904	0.01543	0.00965	0.01231	0.00780	0.00442	0.00489	0.00147	0.00616	0.00452	0.00252	0.00713
1	0.01245	0.01231	0.01206	0.01065	0.01215	0.20417	0.00842	0.13753	0.03883	0.01472	0.01026	0.04233	0.00931	0.03389	0.19132	0.00309	0.23346	0.00460	0.00292	0.00553
2	0.01261	0.79262	0.06587	0.00846	0.01271	0.01850	0.00867	0.01436	0.00973	0.01145	0.00675	0.00779	0.00613	0.00411	0.00314	0.00105	0.00521	0.00261	0.00204	0.00618
3	0.00789	0.00655	0.00865	0.00863	0.03361	0.03431	0.00627	0.00913	0.00776	0.01089	0.01211	0.01995	0.01208	0.21478	0.46567	0.00578	0.12381	0.00532	0.00256	0.00423
4	0.01023	0.18752	0.65008	0.01253	0.01899	0.01267	0.01575	0.01497	0.01001	0.01435	0.00819	0.00960	0.00607	0.00445	0.00424	0.00141	0.00667	0.00334	0.00202	0.00688
5	0.03454	0.01982	0.01302	0.01156	0.01425	0.63576	0.00880	0.04485	0.04097	0.11870	0.00946	0.01004	0.00725	0.00513	0.00438	0.00129	0.00764	0.00342	0.00309	0.00604
6	0.00837	0.00718	0.00695	0.00679	0.00733	0.11281	0.00452	0.00897	0.00802	0.01006	0.01346	0.02507	0.01450	0.51913	0.22230	0.00496	0.00724	0.00597	0.00275	0.00360
7	0.00617	0.00451	0.00586	0.00676	0.00729	0.00428	0.00471	0.00759	0.03427	0.01296	0.06457	0.67013	0.07417	0.01418	0.00605	0.00191	0.00287	0.06317	0.00449	0.00407
8	0.00986	0.00531	0.00556	0.00518	0.00670	0.00522	0.00398	0.06026	0.01116	0.06834	0.01992	0.02108	0.11711	0.00647	0.00383	0.00122	0.00256	0.00522	0.63616	0.00487
9	0.01247	0.01031	0.01167	0.11801	0.01542	0.01189	0.00848	0.10640	0.58193	0.04333	0.01711	0.01642	0.01271	0.00616	0.00484	0.00159	0.00430	0.00511	0.00452	0.00734
10	0.00628	0.00479	0.00673	0.11516	0.01039	0.00481	0.00559	0.00750	0.00945	0.01251	0.05634	0.65919	0.05670	0.01330	0.00589	0.00186	0.00322	0.01201	0.00416	0.00410
11	0.00645	0.00455	0.00577	0.00652	0.00685	0.00439	0.00429	0.03221	0.00916	0.01221	0.02365	0.64647	0.02807	0.17418	0.00962	0.00245	0.00322	0.01199	0.00415	0.00383
12	0.00603	0.00441	0.00569	0.00646	0.00706	0.00407	0.00452	0.00716	0.01004	0.01333	0.13212	0.58884	0.12535	0.01384	0.00601	0.00186	0.00275	0.05191	0.00455	0.00401
13	0.01107	0.02378	0.02363	0.07413	0.12970	0.02691	0.02332	0.06259	0.07751	0.01638	0.00962	0.01119	0.00774	0.00427	0.00426	0.00107	0.01754	0.00355	0.00295	0.46879
14	0.07256	0.03508	0.07093	0.07125	0.21153	0.23090	0.02370	0.04799	0.01146	0.01498	0.00842	0.01998	0.00698	0.00475	0.00473	0.00132	0.03679	0.00367	0.00256	0.12040

[dist]
# distance from previous block
# <min> <max>
0	2

[block]
# block no. 2 follows, 53 sequences, length 23
# corresponding to MSA columns:
# 255-277
name=unknown_C
#
# <colnr> <probs for GDERKNQSTAVLIFYWHMCP>
#	G	D	E	R	K	N	Q	S	T	A	V	L	I	F	Y	W	H	M	C	P
0	0.03382	0.02603	0.04669	0.00852	0.01101	0.02058	0.05167	0.05981	0.06058	0.13039	0.06447	0.16885	0.16116	0.02181	0.00593	0.00161	0.04356	0.00730	0.00413	0.07207
1	0.00948	0.00924	0.01655	0.62391	0.07783	0.01071	0.13244	0.01274	0.01002	0.01311	0.03258	0.01340	0.00775	0.00478	0.00493	0.00158	0.00647	0.00460	0.00228	0.00560
2	0.01459	0.08224	0.03097	0.23521	0.01889	0.06505	0.00972	0.23053	0.05390	0.14620	0.01181	0.03442	0.00882	0.00550	0.00460	0.00144	0.00543	0.00438	0.00371	0.03258
3	0.03042	0.00942	0.03205	0.00868	0.01167	0.02379	0.00721	0.11563	0.08353	0.27309	0.03546	0.01649	0.06221	0.00626	0.00560	0.00142	0.08311	0.00479	0.07342	0.11575
4	0.06571	0.00786	0.01025	0.00817	0.01144	0.00719	0.00668	0.02076	0.04447	0.62160	0.01918	0.01758	0.05151	0.00875	0.07436	0.00203	0.00470	0.00500	0.00535	0.00741
5	0.00664	0.00464	0.00543	0.00558	0.00596	0.00446	0.00353	0.00723	0.00861	0.01144	0.11692	0.15255	0.10762	0.50016	0.01685	0.00346	0.00382	0.02806	0.00362	0.00340
6	0.01936	0.00805	0.01070	0.00832	0.01175	0.00712	0.00682	0.06006	0.01402	0.65924	0.10532	0.01804	0.01524	0.00628	0.00487	0.00146	0.00391	0.00516	0.00571	0.02858
7	0.00604	0.00466	0.00552	0.00573	0.00681	0.00414	0.00414	0.00746	0.01119	0.01462	0.27247	0.27149	0.34409	0.01223	0.00578	0.00168	0.00247	0.01067	0.00469	0.00414
8	0.00920	0.00869	0.01459	0.76033	0.06970	0.01076	0.01327	0.01231	0.00956	0.01236	0.00846	0.01264	0.00643	0.00485	0.00507	0.00160	0.02839	0.00425	0.00213	0.00542
9	0.05466	0.00829	0.01076	0.00838	0.01184	0.00754	0.00689	0.07870	0.01410	0.64760	0.08505	0.01723	0.01415	0.00617	0.00480	0.00148	0.00398	0.00501	0.00565	0.00770
10	0.00676	0.00462	0.00520	0.00528	0.00544	0.00453	0.00307	0.00692	0.00745	0.00979	0.01873	0.08895	0.08581	0.70364	0.02143	0.00418	0.00431	0.00769	0.00314	0.00306
11	0.01785	0.02278	0.01354	0.01231	0.01478	0.81284	0.00924	0.01909	0.01354	0.01170	0.00739	0.00862	0.00616	0.00493	0.00431	0.00123	0.00862	0.00308	0.00246	0.00554
12	0.00701	0.00528	0.00645	0.00616	0.00744	0.00498	0.00461	0.02811	0.05073	0.01776	0.54209	0.10440	0.17626	0.01038	0.00562	0.00156	0.00248	0.00906	0.00501	0.00461
13	0.00959	0.02472	0.80726	0.01362	0.02069	0.01110	0.01766	0.01514	0.01009	0.01514	0.00858	0.01009	0.00605	0.00454	0.00454	0.00151	0.00706	0.00353	0.00202	0.00706
14	0.00637	0.00477	0.00591	0.00584	0.00695	0.00431	0.00430	0.00817	0.01226	0.01668	0.51070	0.15846	0.21554	0.01109	0.00571	0.00160	0.00237	0.00972	0.00495	0.00431
15	0.01939	0.00912	0.01147	0.00889	0.01240	0.00869	0.00730	0.20580	0.01578	0.55107	0.08433	0.01679	0.01380	0.00620	0.00487	0.00147	0.00420	0.00502	0.00559	0.00782
16	0.01048	0.01068	0.01720	0.33733	0.17871	0.07103	0.17196	0.01367	0.03139	0.01369	0.01077	0.09127	0.00943	0.00556	0.00504	0.00157	0.00634	0.00538	0.00255	0.00593
17	0.00826	0.00538	0.00643	0.00596	0.00736	0.00500	0.00445	0.04075	0.01235	0.07504	0.39511	0.05463	0.19216	0.08038	0.00696	0.00177	0.00276	0.00809	0.08248	0.00466
18	0.06466	0.03224	0.13989	0.04722	0.05123	0.00995	0.16602	0.07798	0.02473	0.14262	0.06097	0.03009	0.01067	0.00518	0.00469	0.00141	0.00540	0.00467	0.00343	0.11695
19	0.09717	0.34545	0.22779	0.00958	0.01411	0.01392	0.01014	0.07579	0.04446	0.06363	0.01095	0.01152	0.04709	0.00499	0.00390	0.00131	0.00524	0.00360	0.00282	0.00652
20	0.06497	0.01059	0.01873	0.04424	0.06621	0.03414	0.37517	0.02848	0.03441	0.05582	0.08044	0.09549	0.01372	0.00625	0.00561	0.00162	0.02812	0.02678	0.00322	0.00601
21	0.00962	0.00701	0.00847	0.00752	0.00925	0.00732	0.00586	0.07306	0.14479	0.06997	0.45595	0.02867	0.08372	0.00873	0.00602	0.00156	0.05469	0.00733	0.00494	0.00555
22	0.03504	0.01233	0.01502	0.10934	0.09612	0.02407	0.04113	0.48841	0.06523	0.02432	0.01096	0.01195	0.00807	0.00549	0.00510	0.00149	0.03015	0.00435	0.00398	0.00745

[dist]
# distance from previous block
# <min> <max>
1	4

[block]
# block no. 3 follows, 53 sequences, length 21
# corresponding to MSA columns:
# 282-290,293-297,302-308
name=unknown_D
#
# <colnr> <probs for GDERKNQSTAVLIFYWHMCP>
#	G	D	E	R	K	N	Q	S	T	A	V	L	I	F	Y	W	H	M	C	P
0	0.07361	0.08735	0.07911	0.03166	0.05704	0.07645	0.06602	0.12377	0.04346	0.02821	0.02759	0.03680	0.00967	0.00712	0.05313	0.00170	0.00572	0.02661	0.00313	0.16188
1	0.01268	0.03000	0.01822	0.04856	0.21466	0.10334	0.19607	0.02736	0.08139	0.07026	0.01070	0.01336	0.00856	0.00628	0.03257	0.00176	0.09610	0.01866	0.00290	0.00658
2	0.00642	0.00532	0.00569	0.00568	0.00720	0.00487	0.00422	0.00896	0.09169	0.01417	0.11604	0.13672	0.55264	0.01164	0.00562	0.00164	0.00259	0.00989	0.00456	0.00443
3	0.46239	0.00954	0.00907	0.00754	0.01072	0.03487	0.00617	0.09426	0.01152	0.25407	0.01278	0.01252	0.04561	0.00539	0.00386	0.00147	0.00406	0.00379	0.00407	0.00631
4	0.03766	0.03105	0.08458	0.03100	0.16164	0.03227	0.07238	0.05147	0.01187	0.19727	0.06601	0.14615	0.02692	0.00711	0.00503	0.00155	0.00487	0.02081	0.00387	0.00647
5	0.00791	0.00538	0.00739	0.00825	0.00927	0.00531	0.00693	0.00980	0.01067	0.04040	0.04406	0.12263	0.02703	0.07589	0.00783	0.00232	0.00420	0.59599	0.00436	0.00437
6	0.00923	0.00866	0.01439	0.73361	0.07545	0.01044	0.01296	0.01234	0.00965	0.01258	0.00852	0.01254	0.00648	0.00469	0.00471	0.00154	0.00619	0.00418	0.00217	0.04967
7	0.00611	0.00439	0.00581	0.00670	0.00712	0.00419	0.00464	0.00710	0.00926	0.01236	0.05081	0.62661	0.05467	0.06607	0.05433	0.00244	0.00356	0.06569	0.00426	0.00391
8	0.03224	0.01180	0.02038	0.04533	0.48063	0.03475	0.20962	0.01565	0.04607	0.04218	0.00985	0.01235	0.00782	0.00439	0.00492	0.00148	0.00620	0.00461	0.00262	0.00713
9	0.00695	0.00463	0.00521	0.00521	0.00521	0.00463	0.00290	0.00695	0.00695	0.00927	0.01506	0.03128	0.01738	0.83203	0.02433	0.00463	0.00463	0.00695	0.00290	0.00290
10	0.00830	0.00415	0.00623	0.00623	0.00623	0.00415	0.00415	0.00623	0.00623	0.00830	0.00830	0.01453	0.00830	0.01660	0.01868	0.86094	0.00415	0.00415	0.00208	0.00208
11	0.01084	0.01657	0.34247	0.01269	0.04495	0.07134	0.06686	0.06605	0.07262	0.02890	0.01170	0.03447	0.01959	0.02203	0.10185	0.00234	0.04156	0.02396	0.00280	0.00639
12	0.01219	0.51236	0.27177	0.01020	0.01514	0.05735	0.01126	0.03746	0.01040	0.01305	0.00744	0.00860	0.00617	0.00432	0.00365	0.00120	0.00592	0.00294	0.00214	0.00646
13	0.01640	0.01098	0.01222	0.00994	0.01329	0.01193	0.00802	0.31472	0.32729	0.19770	0.01628	0.01507	0.01152	0.00607	0.00482	0.00152	0.00441	0.00485	0.00507	0.00791
14	0.00595	0.00452	0.00548	0.00595	0.00682	0.00405	0.00419	0.00717	0.01054	0.01375	0.17957	0.42695	0.28165	0.01307	0.00587	0.00175	0.00256	0.01153	0.00459	0.00405
15	0.03720	0.30495	0.06141	0.01172	0.07749	0.25197	0.02213	0.03185	0.07497	0.05543	0.02376	0.01038	0.00800	0.00481	0.00401	0.00126	0.00611	0.00345	0.00277	0.00633
16	0.05307	0.01340	0.08372	0.05224	0.41598	0.09945	0.07658	0.03190	0.06315	0.03053	0.01004	0.03067	0.00822	0.00482	0.00470	0.00146	0.00602	0.00441	0.00270	0.00695
17	0.00721	0.00520	0.00557	0.00565	0.00702	0.00495	0.00421	0.00990	0.08788	0.01499	0.05783	0.15467	0.35989	0.01029	0.00508	0.00155	0.00261	0.03041	0.22059	0.00449
18	0.00687	0.00496	0.00684	0.00684	0.00741	0.00552	0.00493	0.00800	0.00743	0.01047	0.01357	0.02303	0.01379	0.30657	0.54489	0.00665	0.01002	0.00574	0.00267	0.00380
19	0.03114	0.18129	0.07492	0.06987	0.15003	0.11842	0.03840	0.14003	0.05670	0.05512	0.02298	0.02223	0.00847	0.00504	0.00438	0.00137	0.00580	0.00401	0.00306	0.00675
20	0.17699	0.21682	0.01624	0.01339	0.18666	0.14345	0.02944	0.02851	0.01053	0.01510	0.00811	0.02420	0.00701	0.00522	0.02209	0.00139	0.00561	0.00342	0.00254	0.08327

[dist]
# distance from previous block
# <min> <max>
1	8

[block]
# block no. 4 follows, 53 sequences, length 15
# corresponding to MSA columns:
# 317-331
name=unknown_E
#
# <colnr> <probs for GDERKNQSTAVLIFYWHMCP>
#	G	D	E	R	K	N	Q	S	T	A	V	L	I	F	Y	W	H	M	C	P
0	0.00858	0.00653	0.00793	0.00649	0.00907	0.00535	0.00503	0.01063	0.01163	0.04897	0.34205	0.05150	0.08967	0.00733	0.00473	0.00119	0.00291	0.00629	0.00416	0.36999
1	0.01145	0.00917	0.03090	0.00849	0.04582	0.00708	0.00662	0.04172	0.01080	0.09561	0.00967	0.01070	0.00759	0.00392	0.00379	0.00086	0.00384	0.00316	0.00317	0.68564
2	0.01234	0.19645	0.11446	0.14207	0.20277	0.03173	0.09931	0.03380	0.01086	0.08003	0.00920	0.01121	0.00715	0.00459	0.00470	0.00141	0.02472	0.00396	0.00257	0.00667
3	0.01286	0.01375	0.06485	0.01355	0.01583	0.12777	0.15001	0.09690	0.03602	0.04242	0.00860	0.01116	0.00708	0.00643	0.00968	0.00174	0.36823	0.00432	0.00271	0.00609
4	0.00991	0.00850	0.00991	0.00708	0.01133	0.00637	0.00566	0.01203	0.00991	0.01557	0.00850	0.00991	0.00708	0.00354	0.00354	0.00071	0.00354	0.00283	0.00283	0.86124
5	0.00792	0.00569	0.00702	0.00642	0.00788	0.00544	0.00489	0.05708	0.04414	0.03850	0.63603	0.03397	0.10757	0.00951	0.00554	0.00151	0.00256	0.00829	0.00516	0.00490
6	0.01319	0.00668	0.00848	0.00749	0.00971	0.00619	0.00587	0.03724	0.03855	0.32941	0.02314	0.20915	0.10506	0.00905	0.00536	0.00160	0.02088	0.04933	0.07772	0.03589
7	0.00793	0.00778	0.04433	0.18060	0.03187	0.00735	0.12376	0.02596	0.01051	0.01386	0.07842	0.24320	0.15396	0.00999	0.02623	0.00184	0.00479	0.01915	0.00353	0.00495
8	0.00980	0.02214	0.67835	0.01356	0.01995	0.01063	0.07493	0.01485	0.01022	0.03572	0.01001	0.06026	0.00785	0.00517	0.00473	0.00155	0.00680	0.00434	0.00230	0.00685
9	0.00588	0.00428	0.00556	0.00655	0.00700	0.00396	0.00448	0.00680	0.00940	0.01235	0.02855	0.72027	0.10950	0.01462	0.00607	0.00192	0.00280	0.04168	0.00444	0.00392
10	0.01110	0.01022	0.04012	0.01393	0.15651	0.04876	0.02883	0.04249	0.00948	0.06439	0.01001	0.01469	0.00908	0.10096	0.14077	0.00301	0.28266	0.00466	0.00268	0.00566
11	0.01016	0.01003	0.03148	0.30620	0.28172	0.02797	0.01238	0.01296	0.02855	0.01345	0.00996	0.07154	0.00890	0.00659	0.02367	0.00176	0.12930	0.00493	0.00245	0.00602
12	0.06359	0.00720	0.00827	0.00721	0.00956	0.00709	0.00567	0.03678	0.16336	0.20849	0.21467	0.02760	0.20441	0.00832	0.00510	0.00154	0.00320	0.00694	0.00500	0.00600
13	0.00710	0.00537	0.00616	0.00648	0.00742	0.02486	0.00462	0.02717	0.04497	0.01490	0.18021	0.42305	0.13495	0.01193	0.00559	0.00170	0.00283	0.01053	0.07578	0.00438
14	0.08422	0.12617	0.03537	0.11408	0.14422	0.05353	0.14365	0.06984	0.03129	0.01568	0.01133	0.04598	0.02639	0.00562	0.00482	0.00149	0.01887	0.04470	0.01660	0.00614

[dist]
# distance from previous block
# <min> <max>
0	10

[block]
# block no. 5 follows, 53 sequences, length 17
# corresponding to MSA columns:
# 342-358
name=unknown_F
#
# <colnr> <probs for GDERKNQSTAVLIFYWHMCP>
#	G	D	E	R	K	N	Q	S	T	A	V	L	I	F	Y	W	H	M	C	P
0	0.01108	0.01134	0.03297	0.07030	0.03969	0.11040	0.10006	0.04389	0.05762	0.01388	0.02913	0.01400	0.00935	0.04679	0.09041	0.00241	0.25755	0.00463	0.04897	0.00553
1	0.07927	0.03557	0.02912	0.06727	0.46779	0.05449	0.09432	0.05311	0.01142	0.01637	0.03998	0.01228	0.00865	0.00460	0.00466	0.00144	0.00582	0.00433	0.00263	0.00689
2	0.00673	0.00490	0.00616	0.00682	0.00747	0.00470	0.00472	0.06295	0.01039	0.01379	0.05383	0.68673	0.08494	0.01392	0.00596	0.00187	0.00291	0.01250	0.00449	0.00422
3	0.01414	0.01226	0.01290	0.01141	0.06357	0.09906	0.02709	0.31796	0.16851	0.02130	0.01508	0.03863	0.06676	0.00627	0.00506	0.00143	0.02773	0.00497	0.00405	0.08182
4	0.01124	0.01074	0.01821	0.13475	0.67104	0.01100	0.01410	0.01407	0.01071	0.01506	0.01030	0.01315	0.03515	0.00460	0.00477	0.00145	0.00566	0.00446	0.00241	0.00714
5	0.00867	0.00791	0.01222	0.43368	0.04362	0.00952	0.02316	0.01118	0.02823	0.01250	0.04485	0.06564	0.07350	0.08474	0.00831	0.00196	0.11687	0.00573	0.00271	0.00499
6	0.00918	0.00826	0.01029	0.00943	0.01045	0.08170	0.02984	0.02781	0.03327	0.01185	0.01082	0.01559	0.00993	0.02385	0.46224	0.06702	0.16659	0.00469	0.00254	0.00466
7	0.00646	0.00447	0.00555	0.00617	0.00639	0.00433	0.00399	0.00702	0.00831	0.01106	0.02128	0.42045	0.02502	0.37603	0.01419	0.00315	0.00371	0.06518	0.00375	0.00348
8	0.01209	0.03064	0.11500	0.08147	0.34170	0.05838	0.07987	0.11387	0.01219	0.01655	0.01022	0.04481	0.00871	0.00532	0.00512	0.00150	0.02631	0.02662	0.00275	0.00687
9	0.01062	0.01032	0.01501	0.58489	0.09780	0.08465	0.04301	0.01410	0.04811	0.03261	0.00927	0.01262	0.00703	0.00483	0.00477	0.00154	0.00640	0.00427	0.00241	0.00576
10	0.00582	0.00416	0.00555	0.00666	0.00693	0.00388	0.00444	0.00666	0.00915	0.01220	0.02634	0.82891	0.03161	0.01497	0.00610	0.00194	0.00277	0.01359	0.00444	0.00388
11	0.00607	0.00480	0.00546	0.00542	0.00674	0.00420	0.00402	0.00763	0.01172	0.01515	0.32174	0.10506	0.46206	0.01148	0.00568	0.00160	0.00239	0.00984	0.00474	0.00420
12	0.01383	0.11374	0.06055	0.01331	0.12965	0.07103	0.03677	0.20614	0.18115	0.04730	0.02335	0.01437	0.02875	0.00570	0.00479	0.00145	0.01668	0.02063	0.00369	0.00711
13	0.01810	0.00928	0.01122	0.00886	0.01223	0.00915	0.00723	0.21500	0.08926	0.44594	0.04548	0.01709	0.04272	0.00628	0.00481	0.00147	0.00414	0.00506	0.03902	0.00765
14	0.00903	0.00850	0.01434	0.82054	0.03292	0.01062	0.01327	0.01221	0.00956	0.01221	0.00850	0.01274	0.00637	0.00478	0.00478	0.00159	0.00637	0.00425	0.00212	0.00531
15	0.02287	0.06076	0.11344	0.02588	0.11359	0.02667	0.09208	0.09803	0.04240	0.07386	0.02841	0.13796	0.03195	0.05843	0.01634	0.03660	0.00526	0.00606	0.00338	0.00604
16	0.01245	0.11683	0.14128	0.12058	0.11034	0.19466	0.04175	0.05365	0.04572	0.01454	0.05054	0.01262	0.02552	0.00526	0.00490	0.00141	0.03494	0.00412	0.00268	0.00622

[dist]
# distance from previous block
# <min> <max>
1	3

[block]
# block no. 6 follows, 53 sequences, length 58
# corresponding to MSA columns:
# 365-408,411-424
name=unknown_G
#
# <colnr> <probs for GDERKNQSTAVLIFYWHMCP>
#	G	D	E	R	K	N	Q	S	T	A	V	L	I	F	Y	W	H	M	C	P
0	0.05021	0.07166	0.04368	0.01120	0.03837	0.32249	0.02654	0.12010	0.07897	0.04804	0.03227	0.08921	0.01142	0.00639	0.00462	0.00143	0.00613	0.02777	0.00340	0.00612
1	0.01308	0.02343	0.02500	0.03568	0.10088	0.04228	0.07450	0.23388	0.02552	0.07846	0.01323	0.10419	0.01166	0.02103	0.05633	0.00192	0.02108	0.03052	0.00371	0.08362
2	0.03850	0.02591	0.00989	0.02487	0.01106	0.06489	0.00667	0.11658	0.09089	0.05823	0.05514	0.06175	0.11630	0.00997	0.07865	0.00200	0.04189	0.03075	0.03662	0.11943
3	0.00690	0.00461	0.00523	0.00528	0.00530	0.00460	0.00297	0.00694	0.00706	0.00941	0.01560	0.06980	0.01806	0.79257	0.02345	0.00450	0.00454	0.00727	0.00297	0.00294
4	0.01063	0.01205	0.10699	0.02758	0.10655	0.11042	0.09516	0.01378	0.05176	0.03731	0.10414	0.08562	0.06509	0.00684	0.00514	0.00147	0.01807	0.03335	0.00332	0.10472
5	0.01500	0.22075	0.01580	0.01002	0.01338	0.11684	0.00840	0.26166	0.21452	0.03914	0.01228	0.01290	0.00958	0.00559	0.00435	0.00137	0.00523	0.02229	0.00383	0.00706
6	0.00653	0.00490	0.00615	0.00676	0.00758	0.00469	0.00490	0.00859	0.06255	0.01395	0.12928	0.48199	0.13563	0.01315	0.00595	0.00185	0.00290	0.09378	0.00457	0.00429
7	0.01237	0.12902	0.34405	0.04273	0.15012	0.02494	0.05883	0.05243	0.02408	0.10271	0.00988	0.01116	0.00728	0.00466	0.00449	0.00143	0.00615	0.00387	0.00272	0.00708
8	0.01427	0.23109	0.12131	0.01158	0.01571	0.04459	0.11533	0.22131	0.01384	0.08922	0.02354	0.02370	0.00838	0.00522	0.00489	0.00139	0.04032	0.00413	0.00328	0.00689
9	0.00646	0.00468	0.00620	0.00701	0.00774	0.00443	0.00528	0.00789	0.01041	0.01382	0.13703	0.44393	0.09199	0.01353	0.00614	0.00192	0.00312	0.21975	0.00454	0.00412
10	0.00959	0.02472	0.80726	0.01362	0.02069	0.01110	0.01766	0.01514	0.01009	0.01514	0.00858	0.01009	0.00605	0.00454	0.00454	0.00151	0.00706	0.00353	0.00202	0.00706
11	0.01238	0.08684	0.10226	0.10088	0.35059	0.08718	0.05547	0.04644	0.06685	0.03186	0.00962	0.01163	0.00762	0.00463	0.00459	0.00142	0.00607	0.00409	0.00263	0.00694
12	0.00683	0.00512	0.00768	0.00768	0.00853	0.00597	0.00597	0.00853	0.00768	0.01110	0.01280	0.01878	0.01195	0.03585	0.81308	0.00768	0.01280	0.00512	0.00256	0.00427
13	0.04059	0.00896	0.01104	0.00865	0.01207	0.00864	0.00709	0.16960	0.05530	0.52299	0.03292	0.01571	0.01180	0.00593	0.00467	0.00145	0.00411	0.00474	0.06605	0.00769
14	0.01018	0.17655	0.66067	0.01260	0.01911	0.01256	0.01588	0.01498	0.01002	0.01441	0.00822	0.00964	0.00607	0.00446	0.00426	0.00142	0.00670	0.00335	0.00202	0.00689
15	0.01199	0.08313	0.13069	0.02844	0.07856	0.17734	0.20353	0.02864	0.03666	0.01387	0.00944	0.01203	0.00769	0.00922	0.12353	0.00236	0.03006	0.00428	0.00246	0.00610
16	0.01377	0.01070	0.01150	0.00977	0.01275	0.01200	0.00776	0.22994	0.50073	0.06351	0.04413	0.01727	0.03136	0.00649	0.00488	0.00156	0.00411	0.00529	0.00490	0.00757
17	0.00887	0.00613	0.00741	0.00686	0.00828	0.01907	0.00520	0.02413	0.09940	0.07202	0.42932	0.02898	0.03040	0.08217	0.08717	0.00239	0.00400	0.02473	0.04846	0.00501
18	0.01804	0.01310	0.01408	0.01081	0.01458	0.01446	0.00893	0.75532	0.02204	0.04518	0.01171	0.01170	0.00829	0.00574	0.00475	0.00143	0.00517	0.00432	0.02230	0.00805
19	0.01578	0.01233	0.01293	0.01000	0.01376	0.04896	0.00814	0.49421	0.08569	0.03919	0.01143	0.01162	0.00842	0.00526	0.00448	0.00128	0.00487	0.00401	0.00426	0.20337
20	0.00632	0.00492	0.00577	0.00584	0.00708	0.00444	0.00436	0.00818	0.03025	0.01522	0.30369	0.15713	0.36686	0.01164	0.00574	0.00165	0.00255	0.04935	0.00473	0.00428
21	0.00699	0.00542	0.00711	0.00732	0.00800	0.02534	0.00543	0.00828	0.00831	0.01133	0.01756	0.18530	0.04738	0.13429	0.43629	0.00533	0.02633	0.04680	0.00314	0.00406
22	0.00708	0.00546	0.00805	0.00796	0.00873	0.00647	0.00622	0.00870	0.00775	0.01119	0.01299	0.03471	0.01246	0.05090	0.70577	0.00699	0.06662	0.02503	0.00262	0.00430
23	0.00706	0.00454	0.00610	0.00690	0.00750	0.00422	0.00483	0.00809	0.00973	0.06747	0.05117	0.69674	0.03042	0.01406	0.00603	0.00191	0.00295	0.06148	0.00456	0.00423
24	0.00670	0.00506	0.00610	0.00660	0.00748	0.00485	0.00468	0.03777	0.05085	0.01371	0.05982	0.51096	0.19482	0.03325	0.00633	0.00189	0.00293	0.03743	0.00447	0.00429
25	0.00592	0.00425	0.00558	0.00651	0.00689	0.00396	0.00438	0.00686	0.00951	0.01272	0.08968	0.71988	0.05803	0.03333	0.00647	0.00196	0.00276	0.01292	0.00447	0.00392
26	0.02401	0.02080	0.56447	0.01393	0.04523	0.03190	0.08489	0.05287	0.03098	0.05701	0.00970	0.01105	0.00693	0.00469	0.00463	0.00150	0.00669	0.00389	0.01782	0.00703
27	0.10400	0.00728	0.00875	0.00733	0.00993	0.00685	0.00580	0.06502	0.01254	0.37364	0.10578	0.08799	0.12556	0.05055	0.00593	0.00170	0.00361	0.00651	0.00498	0.00625
28	0.04161	0.01003	0.01203	0.02688	0.02481	0.08579	0.07956	0.12226	0.03536	0.10023	0.01442	0.05999	0.03217	0.05202	0.00732	0.00175	0.11450	0.06035	0.11308	0.00581
29	0.65445	0.07073	0.00931	0.00718	0.01026	0.09070	0.00592	0.03349	0.00923	0.01965	0.00694	0.00804	0.00551	0.00445	0.00317	0.00138	0.00432	0.00269	0.00288	0.04970
30	0.00702	0.00548	0.00621	0.00599	0.00745	0.00521	0.00449	0.01020	0.10870	0.01646	0.33958	0.07769	0.32774	0.01033	0.00546	0.00156	0.00253	0.00886	0.04436	0.00467
31	0.01202	0.03846	0.04858	0.18361	0.37078	0.03804	0.07790	0.01567	0.06426	0.07613	0.01086	0.01305	0.01967	0.00477	0.00477	0.00148	0.00585	0.00446	0.00278	0.00687
32	0.01565	0.33401	0.03204	0.01056	0.01387	0.36036	0.00898	0.12844	0.01317	0.01426	0.00769	0.00873	0.00643	0.00479	0.00414	0.00120	0.02380	0.00309	0.00262	0.00617
33	0.00642	0.00487	0.00596	0.00606	0.00725	0.00441	0.00462	0.00817	0.01187	0.01575	0.37135	0.12764	0.28792	0.01154	0.00581	0.00168	0.00264	0.10699	0.00479	0.00427
34	0.01349	0.09997	0.03786	0.03077	0.05662	0.30931	0.11583	0.01533	0.01072	0.01238	0.00755	0.01009	0.00652	0.00618	0.02241	0.00164	0.23146	0.00381	0.00229	0.00576
35	0.01585	0.00706	0.00920	0.00751	0.01030	0.00631	0.00603	0.01827	0.04821	0.49304	0.19233	0.02326	0.08801	0.00731	0.00500	0.00149	0.00343	0.00612	0.04446	0.00679
36	0.01278	0.83490	0.02505	0.00818	0.01227	0.01891	0.00818	0.01431	0.00971	0.01125	0.00664	0.00767	0.00613	0.00409	0.00307	0.00102	0.00511	0.00256	0.00204	0.00613
37	0.01046	0.01046	0.01464	0.01255	0.01255	0.01464	0.01046	0.01150	0.00732	0.01150	0.00627	0.01046	0.00627	0.00837	0.01569	0.00209	0.82328	0.00418	0.00209	0.00523
38	0.01831	0.00742	0.00999	0.00797	0.01107	0.00647	0.00643	0.02005	0.01302	0.64183	0.07026	0.06148	0.05167	0.03293	0.01678	0.00169	0.00395	0.00582	0.00559	0.00728
39	0.01871	0.00752	0.01018	0.00802	0.01121	0.00656	0.00651	0.02057	0.01348	0.65841	0.14474	0.01979	0.01734	0.02753	0.00544	0.00156	0.00379	0.00548	0.00573	0.00742
40	0.01817	0.01339	0.01434	0.01100	0.01482	0.01482	0.00908	0.78627	0.02247	0.03012	0.01148	0.01148	0.00813	0.00574	0.00478	0.00143	0.00526	0.00430	0.00478	0.00813
41	0.01046	0.01046	0.01464	0.01255	0.01255	0.01464	0.01046	0.01150	0.00732	0.01150	0.00627	0.01046	0.00627	0.00837	0.01569	0.00209	0.82328	0.00418	0.00209	0.00523
42	0.00606	0.00441	0.00563	0.00644	0.00697	0.00410	0.00446	0.00705	0.00958	0.01261	0.06993	0.58176	0.12762	0.06913	0.00728	0.00208	0.00294	0.06369	0.00438	0.00390
43	0.86579	0.00924	0.00702	0.00629	0.00924	0.01072	0.00518	0.01405	0.00813	0.02144	0.00666	0.00776	0.00518	0.00444	0.00296	0.00148	0.00370	0.00259	0.00296	0.00518
44	0.01177	0.01129	0.01929	0.04643	0.78559	0.01134	0.01464	0.01462	0.01085	0.01554	0.00898	0.01185	0.00755	0.00427	0.00473	0.00142	0.00569	0.00426	0.00236	0.00752
45	0.05344	0.00819	0.01084	0.00837	0.01198	0.00726	0.00691	0.03827	0.01356	0.74035	0.01816	0.01588	0.01151	0.00585	0.00470	0.00147	0.00403	0.00470	0.02659	0.00793
46	0.01083	0.01184	0.02349	0.01746	0.02078	0.01246	0.53620	0.01394	0.01003	0.01407	0.00892	0.01254	0.00723	0.00684	0.05017	0.00206	0.22759	0.00522	0.00234	0.00601
47	0.86579	0.00924	0.00702	0.00629	0.00924	0.01072	0.00518	0.01405	0.00813	0.02144	0.00666	0.00776	0.00518	0.00444	0.00296	0.00148	0.00370	0.00259	0.00296	0.00518
48	0.00573	0.00472	0.00504	0.00524	0.00658	0.00403	0.00382	0.00692	0.01068	0.01305	0.07715	0.19316	0.62228	0.01254	0.00573	0.00167	0.00248	0.01068	0.00447	0.00403
49	0.00980	0.00664	0.00793	0.00716	0.00899	0.00664	0.00554	0.05260	0.15839	0.10055	0.39655	0.04424	0.09620	0.02317	0.00567	0.00160	0.00301	0.03252	0.02725	0.00555
50	0.01502	0.01631	0.01414	0.01214	0.01498	0.39653	0.10290	0.02043	0.25295	0.05591	0.01266	0.01410	0.00999	0.00566	0.00476	0.00145	0.00667	0.03360	0.00345	0.00636
51	0.00701	0.00562	0.00836	0.00811	0.00925	0.00530	0.08656	0.03708	0.01049	0.01393	0.08643	0.52756	0.10878	0.01268	0.00595	0.00183	0.00343	0.05291	0.00430	0.00440
52	0.00575	0.00443	0.00527	0.00594	0.00674	0.00394	0.00412	0.00674	0.00984	0.01248	0.03506	0.51970	0.33519	0.01384	0.00592	0.00181	0.00263	0.01221	0.00444	0.00394
53	0.00903	0.00850	0.01434	0.82054	0.03292	0.01062	0.01327	0.01221	0.00956	0.01221	0.00850	0.01274	0.00637	0.00478	0.00478	0.00159	0.00637	0.00425	0.00212	0.00531
54	0.10950	0.01155	0.01235	0.00971	0.01323	0.01252	0.00797	0.51400	0.05729	0.13214	0.01461	0.01416	0.05730	0.00605	0.00464	0.00147	0.00468	0.00459	0.00472	0.00753
55	0.00739	0.00514	0.00598	0.00577	0.00728	0.00453	0.00432	0.00912	0.02453	0.07972	0.26407	0.12607	0.41626	0.01113	0.00561	0.00161	0.00257	0.00954	0.00481	0.00455
56	0.00962	0.00837	0.01063	0.03896	0.01233	0.00698	0.03324	0.01176	0.00983	0.01509	0.03501	0.02854	0.00901	0.00577	0.04182	0.00121	0.04204	0.00357	0.00286	0.67337
57	0.00879	0.00677	0.00884	0.00823	0.00925	0.02485	0.00642	0.03961	0.00936	0.05822	0.06558	0.07819	0.08026	0.06579	0.36419	0.00453	0.14695	0.00620	0.00324	0.00472

[dist]
# distance from previous block
# <min> <max>
3	22

[block]
# block no. 7 follows, 53 sequences, length 24
# corresponding to MSA columns:
# 447-470
name=unknown_H
#
# <colnr> <probs for GDERKNQSTAVLIFYWHMCP>
#	G	D	E	R	K	N	Q	S	T	A	V	L	I	F	Y	W	H	M	C	P
0	0.01104	0.00804	0.00996	0.02568	0.02930	0.02480	0.04181	0.10946	0.11061	0.10765	0.14373	0.07180	0.12665	0.09032	0.01934	0.00199	0.02308	0.03468	0.00437	0.00570
1	0.00756	0.00595	0.00664	0.00664	0.00778	0.04851	0.00489	0.02319	0.01095	0.01441	0.22440	0.23107	0.16795	0.01177	0.00699	0.09315	0.00323	0.06288	0.01958	0.04246
2	0.01092	0.00850	0.00918	0.00790	0.01032	0.05394	0.00620	0.15826	0.03349	0.04629	0.12263	0.10648	0.06449	0.02492	0.03057	0.00165	0.00418	0.06515	0.04838	0.18654
3	0.00587	0.00447	0.00540	0.00598	0.00679	0.00400	0.00417	0.00698	0.01021	0.01319	0.11704	0.48014	0.29163	0.01345	0.00590	0.00178	0.00260	0.01188	0.00453	0.00400
4	0.00991	0.00850	0.00991	0.00708	0.01133	0.00637	0.00566	0.01203	0.00991	0.01557	0.00850	0.00991	0.00708	0.00354	0.00354	0.00071	0.00354	0.00283	0.00283	0.86124
5	0.00989	0.01070	0.03716	0.14780	0.02260	0.01023	0.47649	0.01327	0.01076	0.01437	0.01364	0.08601	0.03676	0.00624	0.00561	0.00169	0.00678	0.08143	0.00279	0.00578
6	0.01226	0.54978	0.21686	0.00979	0.01450	0.03723	0.01055	0.04011	0.04585	0.01322	0.00788	0.00887	0.00656	0.00438	0.00360	0.00119	0.00563	0.00300	0.00227	0.00648
7	0.00654	0.00596	0.04214	0.00635	0.00781	0.00498	0.00496	0.00895	0.06935	0.01445	0.17198	0.27085	0.34455	0.01177	0.00567	0.00169	0.00281	0.01021	0.00451	0.00448
8	0.00594	0.00424	0.00568	0.00679	0.00712	0.00398	0.00464	0.00686	0.00927	0.01233	0.02628	0.78106	0.03136	0.01486	0.00613	0.00196	0.00287	0.06029	0.00443	0.00391
9	0.00776	0.00745	0.09209	0.00794	0.00978	0.00581	0.00704	0.01050	0.05175	0.03982	0.13811	0.18078	0.15015	0.01135	0.00586	0.00183	0.00373	0.25905	0.00436	0.00483
10	0.01273	0.01199	0.04322	0.07245	0.51540	0.02868	0.06224	0.12190	0.01252	0.04122	0.00994	0.02811	0.00808	0.00477	0.00481	0.00146	0.00581	0.00451	0.00283	0.00732
11	0.01073	0.01110	0.01236	0.01096	0.01166	0.15214	0.00883	0.01205	0.00914	0.01228	0.09210	0.01427	0.01138	0.01271	0.15173	0.00285	0.45148	0.00463	0.00258	0.00504
12	0.39435	0.03009	0.01198	0.03340	0.07033	0.20621	0.03570	0.10678	0.01150	0.01864	0.00772	0.00913	0.00611	0.00483	0.00425	0.00143	0.03555	0.00325	0.00292	0.00586
13	0.00662	0.00478	0.00596	0.00581	0.00680	0.00441	0.00420	0.00838	0.01203	0.01671	0.53827	0.10942	0.12725	0.09798	0.00761	0.00188	0.00257	0.00898	0.02610	0.00422
14	0.01652	0.10052	0.01509	0.01092	0.03898	0.03854	0.00882	0.58671	0.01949	0.02592	0.04054	0.01183	0.00919	0.00553	0.00455	0.00135	0.00516	0.00417	0.00426	0.05191
15	0.01136	0.01251	0.10291	0.01433	0.01814	0.01135	0.33417	0.11602	0.12305	0.01791	0.09527	0.01568	0.01247	0.00694	0.04268	0.00187	0.04805	0.00543	0.00332	0.00652
16	0.01085	0.02296	0.72247	0.01308	0.01978	0.01067	0.01653	0.01601	0.01047	0.09931	0.00967	0.01075	0.00667	0.00469	0.00457	0.00151	0.00674	0.00367	0.00243	0.00718
17	0.01384	0.08039	0.06421	0.17664	0.10286	0.11012	0.07040	0.16860	0.07737	0.07375	0.01058	0.01200	0.00791	0.00502	0.00464	0.00144	0.00604	0.00418	0.00322	0.00678
18	0.09789	0.00531	0.00590	0.00574	0.00711	0.00503	0.00430	0.00867	0.01147	0.01639	0.37281	0.07227	0.27925	0.05641	0.00645	0.00175	0.00268	0.03170	0.00456	0.00431
19	0.00622	0.00445	0.00561	0.00626	0.00670	0.00422	0.00422	0.00707	0.00914	0.01211	0.07140	0.48474	0.09728	0.19241	0.02866	0.00262	0.00342	0.04563	0.00411	0.00375
20	0.00895	0.00855	0.01502	0.64058	0.02923	0.01007	0.10226	0.01198	0.00971	0.01257	0.01053	0.09968	0.00916	0.00578	0.00502	0.00163	0.00618	0.00540	0.00240	0.00529
21	0.31725	0.03558	0.01208	0.02129	0.01296	0.12446	0.07846	0.10699	0.01167	0.08461	0.00920	0.01026	0.00696	0.00476	0.00411	0.00135	0.01995	0.00348	0.03745	0.09711
22	0.09100	0.02375	0.04691	0.10753	0.28024	0.03318	0.08761	0.03074	0.07111	0.02977	0.01172	0.01380	0.05333	0.00546	0.00585	0.00156	0.09263	0.00458	0.00278	0.00646
23	0.02675	0.11280	0.04762	0.02219	0.03175	0.04729	0.00805	0.29063	0.01504	0.06818	0.05968	0.03942	0.02854	0.00607	0.00446	0.00134	0.00468	0.03085	0.06374	0.09094

[dist]
# distance from previous block
# <min> <max>
0	2

[block]
# block no. 8 follows, 53 sequences, length 23
# corresponding to MSA columns:
# 473-495
name=unknown_I
#
# <colnr> <probs for GDERKNQSTAVLIFYWHMCP>
#	G	D	E	R	K	N	Q	S	T	A	V	L	I	F	Y	W	H	M	C	P
0	0.03041	0.07660	0.12894	0.01945	0.35929	0.03196	0.08659	0.05504	0.01165	0.08519	0.04068	0.01246	0.00899	0.00470	0.00463	0.00141	0.00574	0.00428	0.00287	0.02911
1	0.28916	0.05098	0.09571	0.02534	0.05247	0.16809	0.03111	0.09522	0.01180	0.09499	0.00899	0.00990	0.00672	0.00476	0.00398	0.00138	0.00554	0.00338	0.00313	0.03734
2	0.00656	0.00480	0.00610	0.00659	0.00733	0.00458	0.00473	0.00834	0.04040	0.01428	0.22131	0.39919	0.08628	0.07957	0.00744	0.00204	0.00298	0.08878	0.00453	0.00416
3	0.02709	0.01436	0.16903	0.17133	0.20822	0.07291	0.13291	0.08283	0.01183	0.01606	0.04136	0.01246	0.00844	0.00479	0.00482	0.00149	0.00646	0.00439	0.00261	0.00659
4	0.01268	0.42426	0.23731	0.01110	0.01578	0.15209	0.05830	0.01541	0.01057	0.01264	0.00749	0.00881	0.00618	0.00435	0.00384	0.00123	0.00643	0.00310	0.00213	0.00631
5	0.01100	0.00606	0.00746	0.00659	0.00844	0.00575	0.00511	0.04492	0.04661	0.19026	0.35226	0.05688	0.05462	0.00807	0.00495	0.00144	0.00286	0.00690	0.17427	0.00553
6	0.00727	0.00550	0.00621	0.00592	0.00747	0.00515	0.00447	0.01025	0.09685	0.03600	0.31811	0.05450	0.36917	0.01028	0.00545	0.00156	0.00255	0.00876	0.03980	0.00471
7	0.00683	0.00468	0.00570	0.00581	0.00599	0.00482	0.00361	0.00722	0.00729	0.00988	0.01567	0.10154	0.01766	0.60903	0.16992	0.00496	0.00599	0.00721	0.00297	0.00324
8	0.01162	0.33279	0.38478	0.01256	0.06724	0.01395	0.04544	0.01521	0.01023	0.05327	0.00842	0.00970	0.00652	0.00440	0.00405	0.00132	0.00612	0.00336	0.00226	0.00677
9	0.00624	0.00476	0.00574	0.00572	0.00688	0.00425	0.00420	0.00793	0.01196	0.01598	0.42688	0.16182	0.29757	0.01136	0.00571	0.00161	0.00239	0.00989	0.00486	0.00425
10	0.02083	0.00868	0.01137	0.00877	0.01244	0.00789	0.00723	0.09177	0.04061	0.70968	0.01821	0.01589	0.01159	0.00592	0.00481	0.00148	0.00416	0.00478	0.00578	0.00811
11	0.03774	0.01204	0.01285	0.01020	0.01364	0.01335	0.00832	0.56049	0.16088	0.05204	0.01327	0.01305	0.00958	0.00584	0.00467	0.00145	0.00474	0.00448	0.05364	0.00774
12	0.00980	0.00762	0.01192	0.38490	0.04843	0.00856	0.04696	0.03238	0.02694	0.06516	0.08420	0.06360	0.01315	0.00757	0.04523	0.00183	0.00534	0.00540	0.12559	0.00541
13	0.10800	0.00825	0.01068	0.00828	0.01190	0.00740	0.00684	0.02235	0.01311	0.72515	0.01761	0.01540	0.01115	0.00576	0.00462	0.00148	0.00403	0.00458	0.00561	0.00783
14	0.01315	0.01442	0.01565	0.01859	0.31738	0.26716	0.01133	0.01492	0.01067	0.01306	0.00812	0.01130	0.00724	0.03535	0.02425	0.00176	0.20318	0.00398	0.00235	0.00613
15	0.01132	0.03257	0.05099	0.04260	0.01814	0.03876	0.35115	0.09528	0.04108	0.04621	0.01484	0.15714	0.04588	0.00681	0.00560	0.00162	0.02392	0.00671	0.00329	0.00610
16	0.01046	0.01046	0.01464	0.01255	0.01255	0.01464	0.01046	0.01150	0.00732	0.01150	0.00627	0.01046	0.00627	0.00837	0.01569	0.00209	0.82328	0.00418	0.00209	0.00523
17	0.00585	0.00422	0.00549	0.00649	0.00685	0.00392	0.00434	0.00668	0.00919	0.01215	0.02740	0.75369	0.08039	0.04049	0.00664	0.00200	0.00281	0.01315	0.00439	0.00386
18	0.01114	0.24968	0.22750	0.01319	0.12035	0.07464	0.05346	0.01438	0.02794	0.01429	0.09303	0.01488	0.02608	0.00544	0.00441	0.00137	0.00573	0.03350	0.00267	0.00630
19	0.01128	0.00987	0.03102	0.02122	0.49733	0.00963	0.01163	0.01446	0.05885	0.07018	0.07100	0.09307	0.01429	0.00645	0.00521	0.00154	0.01802	0.04486	0.00326	0.00683
20	0.02045	0.00856	0.01123	0.00869	0.01229	0.00778	0.00715	0.08971	0.03770	0.69176	0.04055	0.01645	0.01254	0.00603	0.00483	0.00148	0.00411	0.00489	0.00577	0.00801
21	0.00941	0.00828	0.01276	0.43193	0.09536	0.00939	0.02999	0.03982	0.06740	0.02878	0.01655	0.07710	0.10713	0.00688	0.00508	0.00163	0.00525	0.03864	0.00306	0.00557
22	0.04685	0.08157	0.01523	0.01183	0.05757	0.10218	0.03778	0.46311	0.03465	0.06947	0.01115	0.02744	0.00840	0.00553	0.00458	0.00140	0.00554	0.00425	0.00407	0.00738

[dist]
# distance from previous block
# <min> <max>
6	37

[block]
# block no. 9 follows, 53 sequences, length 47
# corresponding to MSA columns:
# 534-545,548-574,576-583
name=unknown_J
#
# <colnr> <probs for GDERKNQSTAVLIFYWHMCP>
#	G	D	E	R	K	N	Q	S	T	A	V	L	I	F	Y	W	H	M	C	P
0	0.16124	0.00774	0.00887	0.00793	0.02592	0.00783	0.00607	0.09544	0.06268	0.22185	0.16490	0.12054	0.04716	0.01751	0.00504	0.00158	0.00355	0.00642	0.02167	0.00608
1	0.01151	0.04759	0.01419	0.25881	0.16346	0.10732	0.01054	0.09705	0.02532	0.01443	0.01002	0.03153	0.00880	0.09041	0.04358	0.00209	0.05027	0.00457	0.00269	0.00581
2	0.06236	0.03050	0.01280	0.04523	0.09856	0.02789	0.08079	0.13431	0.03190	0.05634	0.09549	0.10153	0.04855	0.00736	0.02000	0.00156	0.00472	0.02221	0.00371	0.11420
3	0.00815	0.00561	0.00661	0.00612	0.00794	0.00499	0.02115	0.01004	0.04227	0.11297	0.09591	0.08955	0.51251	0.02366	0.02916	0.00183	0.00315	0.00907	0.00458	0.00476
4	0.00664	0.00448	0.00530	0.00565	0.00576	0.00439	0.00339	0.00695	0.00771	0.01037	0.01861	0.28105	0.02173	0.55783	0.01815	0.00371	0.00400	0.00898	0.02206	0.00324
5	0.00582	0.00416	0.00555	0.00666	0.00693	0.00388	0.00444	0.00666	0.00915	0.01220	0.02634	0.82891	0.03161	0.01497	0.00610	0.00194	0.00277	0.01359	0.00444	0.00388
6	0.01029	0.00965	0.05757	0.00765	0.01197	0.00710	0.00653	0.04802	0.02241	0.01632	0.00892	0.01024	0.00726	0.00378	0.00367	0.00081	0.00381	0.00301	0.01634	0.74466
7	0.03491	0.00811	0.01035	0.02561	0.01180	0.00764	0.00679	0.07407	0.05486	0.52932	0.03693	0.03140	0.08024	0.02470	0.00546	0.00158	0.01794	0.00544	0.02563	0.00724
8	0.00702	0.00538	0.00645	0.00611	0.00746	0.00512	0.00458	0.01007	0.08890	0.01755	0.53093	0.04786	0.20327	0.03082	0.00604	0.00162	0.00251	0.00867	0.00497	0.00466
9	0.01358	0.00851	0.00963	0.02501	0.01120	0.03887	0.00617	0.06659	0.06697	0.23594	0.01606	0.01650	0.06197	0.03537	0.00499	0.00133	0.00387	0.00453	0.11367	0.25926
10	0.00798	0.00566	0.00687	0.00657	0.00802	0.00544	0.00495	0.01125	0.10991	0.06404	0.40702	0.14190	0.16502	0.01030	0.00558	0.00161	0.00270	0.02525	0.00498	0.00494
11	0.09277	0.17841	0.27697	0.05216	0.03305	0.03673	0.03216	0.06663	0.01063	0.05646	0.00891	0.01081	0.00700	0.02028	0.04431	0.00179	0.05834	0.00364	0.00258	0.00637
12	0.05680	0.01297	0.02582	0.17530	0.05188	0.23420	0.00933	0.09592	0.03234	0.05713	0.01289	0.05133	0.05553	0.01811	0.00560	0.00155	0.05468	0.02132	0.02149	0.00579
13	0.00713	0.00546	0.00728	0.00725	0.00795	0.02608	0.00537	0.00845	0.00767	0.01070	0.01317	0.02132	0.01302	0.21327	0.61609	0.00684	0.01087	0.00548	0.00263	0.00399
