[name]
unknown

[dist]
# distance from previous block
# <min> <max>
1	122

[block]
# block no. 0 follows, 64 sequences, length 54
# corresponding to MSA columns:
# 187-240
name=unknown_A
#
# <colnr> <probs for GDERKNQSTAVLIFYWHMCP>
#	G	D	E	R	K	N	Q	S	T	A	V	L	I	F	Y	W	H	M	C	P
0	0.15596	0.17694	0.05099	0.00863	0.01160	0.21492	0.00738	0.18668	0.10654	0.03104	0.00841	0.00886	0.00652	0.00438	0.00351	0.00116	0.00494	0.00303	0.00285	0.00565
1	0.06722	0.00695	0.00850	0.07656	0.05815	0.05255	0.04337	0.04221	0.04575	0.06870	0.02808	0.02101	0.02047	0.04286	0.00483	0.00146	0.00380	0.17378	0.22911	0.00465
2	0.00808	0.00428	0.00447	0.00434	0.00536	0.00434	0.00325	0.05395	0.00909	0.01543	0.01324	0.03955	0.01073	0.00567	0.00385	0.05428	0.00220	0.00408	0.74991	0.00391
3	0.01098	0.17954	0.10102	0.04853	0.14574	0.19877	0.18363	0.01336	0.00987	0.01200	0.05256	0.01017	0.00763	0.00407	0.00394	0.00118	0.00585	0.00358	0.00213	0.00545
4	0.03926	0.29041	0.07806	0.02160	0.04870	0.01236	0.00807	0.28147	0.01276	0.15562	0.00923	0.00943	0.00678	0.00436	0.00360	0.00114	0.00446	0.00321	0.00318	0.00629
5	0.00762	0.00389	0.00394	0.00393	0.00489	0.00387	0.00293	0.00951	0.00877	0.01534	0.03783	0.01650	0.02389	0.01865	0.00328	0.00103	0.00197	0.00409	0.82424	0.00385
6	0.00637	0.00467	0.00622	0.00701	0.00788	0.00465	0.00574	0.00848	0.05417	0.01224	0.03649	0.25831	0.05776	0.01147	0.00549	0.00179	0.00332	0.50022	0.00387	0.00385
7	0.03988	0.00853	0.00947	0.00809	0.01071	0.00929	0.00642	0.07773	0.51958	0.22177	0.01642	0.01496	0.02718	0.00550	0.00417	0.00136	0.00342	0.00450	0.00439	0.00661
8	0.00784	0.00738	0.01246	0.84404	0.02861	0.00923	0.01154	0.01061	0.00831	0.01061	0.00738	0.01107	0.00554	0.00415	0.00415	0.00138	0.00554	0.00369	0.00185	0.00461
9	0.00540	0.00426	0.00488	0.00481	0.00603	0.00374	0.00367	0.00685	0.01036	0.01341	0.34523	0.03692	0.47156	0.00979	0.00496	0.00140	0.00215	0.05675	0.00413	0.00369
10	0.00861	0.00738	0.00861	0.00615	0.00984	0.00554	0.00492	0.01046	0.00861	0.01354	0.00738	0.00861	0.00615	0.00308	0.00308	0.00062	0.00308	0.00246	0.00246	0.87941
11	0.00626	0.00489	0.00715	0.00697	0.00759	0.00588	0.00542	0.00759	0.00660	0.00958	0.01067	0.01627	0.01018	0.08067	0.70239	0.00602	0.09547	0.00447	0.00220	0.00372
12	0.01864	0.00707	0.00964	0.00739	0.01060	0.00611	0.00611	0.02024	0.01189	0.83099	0.01639	0.01414	0.01028	0.00514	0.00418	0.00129	0.00353	0.00418	0.00514	0.00707
13	0.01043	0.00897	0.00945	0.00847	0.01084	0.01038	0.00660	0.03599	0.80653	0.01753	0.01678	0.01540	0.01258	0.00562	0.00423	0.00141	0.00331	0.00468	0.00423	0.00658
14	0.00513	0.00366	0.00489	0.00584	0.00611	0.00343	0.00395	0.00591	0.00806	0.01076	0.03553	0.81228	0.02754	0.01289	0.00531	0.00169	0.00245	0.03731	0.00387	0.00340
15	0.00501	0.00421	0.00435	0.00440	0.00574	0.00356	0.00332	0.00611	0.00950	0.01143	0.06790	0.06437	0.74870	0.01056	0.00495	0.00142	0.00216	0.03489	0.00388	0.00353
16	0.01864	0.00707	0.00964	0.00739	0.01060	0.00611	0.00611	0.02024	0.01189	0.83099	0.01639	0.01414	0.01028	0.00514	0.00418	0.00129	0.00353	0.00418	0.00514	0.00707
17	0.01079	0.00882	0.00941	0.00839	0.01079	0.01010	0.00655	0.02197	0.77574	0.06252	0.01688	0.01542	0.01255	0.00561	0.00422	0.00140	0.00330	0.00467	0.00428	0.00660
18	0.00503	0.00413	0.00443	0.00453	0.00573	0.00353	0.00333	0.00612	0.00948	0.01167	0.11688	0.15352	0.63589	0.01067	0.00496	0.00143	0.00213	0.00907	0.00393	0.00353
19	0.00658	0.00481	0.00682	0.00758	0.00858	0.00476	0.02171	0.00842	0.00947	0.01229	0.02268	0.09050	0.05951	0.01137	0.00566	0.00187	0.00373	0.70604	0.00380	0.00382
20	0.00763	0.00389	0.00399	0.00405	0.00500	0.00389	0.00306	0.00953	0.00872	0.01524	0.01411	0.04174	0.01159	0.00530	0.00307	0.00102	0.00201	0.03035	0.82195	0.00385
21	0.00803	0.00442	0.00517	0.00509	0.00618	0.00421	0.00376	0.03286	0.00939	0.10053	0.07798	0.25196	0.07889	0.00799	0.00423	0.01359	0.00235	0.00675	0.37250	0.00411
22	0.00573	0.00442	0.00524	0.00561	0.00646	0.00421	0.00398	0.02228	0.07696	0.01211	0.09197	0.48353	0.23963	0.01122	0.00505	0.00155	0.00241	0.00991	0.00395	0.00379
23	0.88336	0.00803	0.00611	0.00546	0.00803	0.00932	0.00450	0.01221	0.00707	0.01864	0.00578	0.00675	0.00450	0.00386	0.00257	0.00129	0.00321	0.00225	0.00257	0.00450
24	0.00583	0.00424	0.00548	0.00517	0.00617	0.00390	0.00388	0.00773	0.01163	0.01636	0.78243	0.03152	0.08287	0.00860	0.00490	0.00131	0.00197	0.00758	0.00453	0.00390
25	0.70491	0.00758	0.00636	0.00568	0.00806	0.00857	0.00464	0.03541	0.00820	0.04443	0.10142	0.01098	0.00930	0.00467	0.00302	0.00130	0.00314	0.02479	0.00296	0.00457
26	0.00570	0.00430	0.00493	0.00473	0.00600	0.00375	0.00356	0.00715	0.01051	0.03596	0.37619	0.03545	0.46784	0.00951	0.00488	0.00136	0.00208	0.00811	0.00420	0.00378
27	0.00604	0.00404	0.00459	0.00459	0.00461	0.00406	0.00259	0.00608	0.00606	0.00810	0.01303	0.02687	0.01497	0.83049	0.04449	0.00410	0.00423	0.00600	0.00251	0.00255
28	0.00774	0.00387	0.00387	0.00387	0.00484	0.00387	0.00290	0.00968	0.00871	0.01549	0.01355	0.01549	0.01065	0.00484	0.00290	0.00097	0.00194	0.00387	0.87708	0.00387
29	0.62695	0.00715	0.00609	0.00549	0.00762	0.00804	0.00436	0.03425	0.00789	0.04269	0.06006	0.03596	0.00870	0.05589	0.00436	0.02230	0.00315	0.00333	0.05136	0.00436
30	0.01074	0.00913	0.00962	0.00854	0.01096	0.01052	0.00667	0.08202	0.75999	0.01804	0.01638	0.01508	0.01225	0.00559	0.00422	0.00140	0.00338	0.00462	0.00422	0.00661
31	0.00653	0.00473	0.00647	0.00734	0.00833	0.00467	0.00637	0.00837	0.00955	0.01232	0.02381	0.04623	0.09649	0.01139	0.00566	0.00187	0.00367	0.72857	0.00383	0.00380
32	0.00648	0.00527	0.00698	0.00687	0.00760	0.04245	0.00529	0.00783	0.00685	0.00958	0.01084	0.01636	0.01028	0.08174	0.71837	0.00608	0.04075	0.00444	0.00223	0.00371
33	0.00790	0.00744	0.01257	0.82411	0.04807	0.00924	0.01157	0.01066	0.00833	0.01068	0.00739	0.01105	0.00556	0.00414	0.00415	0.00138	0.00552	0.00369	0.00185	0.00466
34	0.86765	0.00802	0.00617	0.00550	0.00808	0.00926	0.00453	0.01236	0.00716	0.03339	0.00598	0.00688	0.00460	0.00388	0.00260	0.00129	0.00322	0.00228	0.00262	0.00455
35	0.01495	0.00737	0.00923	0.00743	0.01012	0.00708	0.00600	0.13817	0.08850	0.47691	0.13463	0.05340	0.01503	0.00601	0.00433	0.00131	0.00339	0.00499	0.00477	0.00639
36	0.01230	0.00984	0.02570	0.00875	0.01150	0.01081	0.00708	0.26402	0.51056	0.05957	0.01490	0.01393	0.02103	0.00544	0.00421	0.00135	0.00373	0.00440	0.00420	0.00670
37	0.00507	0.00365	0.00479	0.00570	0.00598	0.00339	0.00380	0.00580	0.00798	0.01059	0.02353	0.80368	0.06045	0.02713	0.00555	0.00171	0.00242	0.01158	0.00383	0.00336
38	0.06095	0.00954	0.01041	0.00836	0.01124	0.01036	0.00679	0.40989	0.19011	0.15692	0.03038	0.01243	0.00956	0.00516	0.00404	0.00128	0.00386	0.00403	0.04808	0.00659
39	0.04095	0.00618	0.00720	0.00621	0.00814	0.00604	0.00485	0.09999	0.07653	0.19612	0.20743	0.02435	0.21010	0.05682	0.02902	0.00163	0.00316	0.00607	0.00420	0.00501
40	0.00526	0.00405	0.00542	0.01903	0.00679	0.00374	0.02678	0.00621	0.00846	0.01099	0.04541	0.60559	0.19821	0.01193	0.00519	0.00161	0.00254	0.02550	0.00379	0.00351
41	0.00662	0.00473	0.00661	0.00757	0.00849	0.00472	0.00657	0.00848	0.00949	0.01235	0.02203	0.08268	0.02406	0.01154	0.00572	0.00190	0.00376	0.76504	0.00383	0.00380
42	0.00593	0.00414	0.00525	0.00571	0.00611	0.00407	0.00406	0.00675	0.00778	0.01033	0.05965	0.23683	0.03926	0.34997	0.03449	0.00279	0.00362	0.20677	0.00330	0.00318
43	0.01146	0.58940	0.08543	0.00797	0.01149	0.07438	0.00780	0.09355	0.03215	0.01218	0.03568	0.00833	0.00690	0.00401	0.00312	0.00100	0.00470	0.00273	0.00221	0.00552
44	0.03018	0.09807	0.28563	0.01413	0.01872	0.01086	0.42868	0.01304	0.00915	0.01292	0.00768	0.00979	0.00580	0.00378	0.00460	0.00133	0.03404	0.00394	0.00196	0.00569
45	0.00588	0.00425	0.00555	0.00523	0.00621	0.00392	0.00392	0.00784	0.01176	0.01666	0.82592	0.03103	0.03919	0.00849	0.00490	0.00131	0.00196	0.00751	0.00457	0.00392
46	0.00604	0.00403	0.00453	0.00453	0.00453	0.00403	0.00252	0.00604	0.00604	0.00805	0.01309	0.02718	0.01510	0.85402	0.02114	0.00403	0.00403	0.00604	0.00252	0.00252
47	0.03474	0.00992	0.01184	0.06918	0.02751	0.11500	0.00859	0.03568	0.00768	0.01081	0.00649	0.00996	0.00607	0.02825	0.06982	0.00205	0.53621	0.00360	0.00200	0.00459
48	0.00562	0.00419	0.00570	0.00612	0.00672	0.00397	0.03054	0.00659	0.00823	0.01082	0.04188	0.46812	0.10997	0.12587	0.02221	0.00208	0.00311	0.13123	0.00360	0.00343
49	0.00828	0.00810	0.01437	0.55779	0.06891	0.00950	0.14226	0.01095	0.00838	0.01112	0.00764	0.01120	0.00598	0.00574	0.05119	0.00170	0.06620	0.00393	0.00192	0.00483
50	0.00545	0.00399	0.00520	0.02416	0.00670	0.00380	0.00410	0.02887	0.00854	0.01135	0.05909	0.72746	0.07127	0.01225	0.00520	0.00164	0.00250	0.01104	0.00385	0.00354
51	0.23094	0.00722	0.04068	0.01790	0.00827	0.03245	0.00502	0.06429	0.04467	0.03882	0.02998	0.11142	0.16798	0.12447	0.00642	0.00175	0.00342	0.04183	0.00324	0.01922
52	0.00723	0.00362	0.00536	0.00536	0.00539	0.00362	0.00359	0.00554	0.00551	0.00747	0.00741	0.01272	0.00732	0.01413	0.01582	0.85181	0.00356	0.00362	0.02905	0.00187
53	0.00510	0.00391	0.00468	0.00513	0.00589	0.00349	0.00360	0.00608	0.00895	0.01152	0.12167	0.45606	0.32584	0.01157	0.00511	0.00154	0.00224	0.01019	0.00394	0.00349

[dist]
# distance from previous block
# <min> <max>
0	8

[block]
# block no. 1 follows, 64 sequences, length 52
# corresponding to MSA columns:
# 249-255,257-301
name=unknown_B
#
# <colnr> <probs for GDERKNQSTAVLIFYWHMCP>
#	G	D	E	R	K	N	Q	S	T	A	V	L	I	F	Y	W	H	M	C	P
0	0.00876	0.10660	0.71646	0.03213	0.01738	0.01028	0.01427	0.01312	0.00877	0.02499	0.00741	0.00869	0.00535	0.00393	0.00382	0.00127	0.00591	0.00301	0.00181	0.00603
1	0.01605	0.00740	0.00960	0.00749	0.01054	0.00678	0.00613	0.01886	0.10735	0.60232	0.01492	0.01343	0.00987	0.00502	0.00440	0.00124	0.03495	0.00401	0.00458	0.11505
2	0.00553	0.00408	0.00518	0.00530	0.00613	0.00373	0.00386	0.00701	0.01030	0.01406	0.46573	0.26089	0.15109	0.01013	0.00504	0.00144	0.00216	0.03038	0.00425	0.00370
3	0.00982	0.01104	0.04109	0.04277	0.19668	0.01031	0.59819	0.01310	0.00966	0.01328	0.00822	0.01094	0.00632	0.00357	0.00469	0.00136	0.00649	0.00456	0.00208	0.00580
4	0.00639	0.00480	0.00615	0.00681	0.00774	0.00480	0.00545	0.00888	0.09384	0.01226	0.02375	0.29194	0.10409	0.01124	0.00536	0.00174	0.00316	0.39379	0.00388	0.00394
5	0.00720	0.00548	0.00607	0.00567	0.00725	0.00534	0.00432	0.03750	0.16677	0.05336	0.19911	0.08010	0.38824	0.00885	0.00474	0.00139	0.00247	0.00751	0.00415	0.00447
6	0.00596	0.00398	0.00458	0.00469	0.00478	0.00394	0.00274	0.00617	0.00654	0.00886	0.04182	0.12831	0.01732	0.69893	0.01815	0.00356	0.00370	0.00674	0.02651	0.00271
7	0.00863	0.00500	0.00635	0.00571	0.00726	0.00453	0.00442	0.02105	0.02295	0.18996	0.44794	0.06118	0.16188	0.00828	0.00476	0.00135	0.00244	0.02720	0.00452	0.00458
8	0.05882	0.00540	0.00595	0.00563	0.00707	0.00538	0.00426	0.05303	0.11313	0.02623	0.25447	0.13096	0.26238	0.00864	0.00460	0.00138	0.00246	0.00736	0.03855	0.00431
9	0.11431	0.00464	0.00468	0.00473	0.00611	0.00429	0.00358	0.00693	0.00913	0.01243	0.08012	0.12753	0.55798	0.00989	0.00469	0.00143	0.00233	0.03781	0.00374	0.00365
10	0.57330	0.00837	0.00779	0.00648	0.00929	0.00918	0.00534	0.13399	0.00994	0.18900	0.00862	0.00877	0.00609	0.00429	0.00314	0.00128	0.00348	0.00287	0.00334	0.00542
11	0.10843	0.00710	0.00914	0.00711	0.01021	0.00637	0.00586	0.01905	0.01133	0.72578	0.01593	0.01401	0.03012	0.00514	0.00403	0.00129	0.00347	0.00409	0.00484	0.00671
12	0.11165	0.00792	0.00812	0.00676	0.00897	0.00866	0.00541	0.34396	0.06371	0.03055	0.01141	0.01248	0.00869	0.02639	0.00395	0.00123	0.00333	0.00374	0.32762	0.00544
13	0.00669	0.00478	0.00669	0.00765	0.00861	0.00478	0.00669	0.00861	0.00956	0.01243	0.02199	0.04685	0.02391	0.01147	0.00574	0.00191	0.00382	0.80015	0.00382	0.00382
14	0.33979	0.00750	0.00837	0.00671	0.00969	0.00741	0.00554	0.03025	0.01022	0.51608	0.01234	0.01132	0.00808	0.00466	0.00358	0.00128	0.00343	0.00345	0.00417	0.00611
15	0.01840	0.00712	0.00963	0.00742	0.01061	0.00623	0.00612	0.02030	0.03504	0.80769	0.01640	0.01418	0.01035	0.00516	0.00418	0.00129	0.00353	0.00419	0.00511	0.00705
16	0.00514	0.00369	0.00489	0.00579	0.00611	0.00344	0.00394	0.00595	0.00815	0.01084	0.04379	0.77711	0.05059	0.01277	0.00530	0.00168	0.00244	0.04108	0.00387	0.00341
17	0.83958	0.00808	0.00627	0.00561	0.00817	0.00937	0.00460	0.01270	0.04787	0.01857	0.00634	0.00719	0.00491	0.00395	0.00265	0.00129	0.00322	0.00237	0.00265	0.00460
18	0.00558	0.00385	0.00469	0.00512	0.00528	0.00372	0.00318	0.00599	0.00716	0.00957	0.04828	0.39906	0.03258	0.43181	0.01317	0.00283	0.00319	0.00873	0.00322	0.00297
19	0.00669	0.00478	0.00669	0.00765	0.00861	0.00478	0.00669	0.00861	0.00956	0.01243	0.02199	0.04685	0.02391	0.01147	0.00574	0.00191	0.00382	0.80015	0.00382	0.00382
20	0.00571	0.00429	0.00462	0.00461	0.00595	0.00365	0.00343	0.00678	0.00949	0.05592	0.06483	0.13917	0.65602	0.01047	0.00492	0.00143	0.00221	0.00885	0.00395	0.00370
21	0.00508	0.00367	0.00482	0.00568	0.00601	0.00340	0.00382	0.00587	0.00817	0.01086	0.05387	0.77997	0.06798	0.01272	0.00527	0.00166	0.00238	0.01150	0.00388	0.00340
22	0.00728	0.00443	0.00486	0.00472	0.00536	0.00449	0.00315	0.02119	0.04882	0.02908	0.04117	0.02247	0.01418	0.43502	0.01238	0.00258	0.00318	0.02172	0.31050	0.00344
23	0.00575	0.00417	0.00542	0.00526	0.00616	0.00384	0.00389	0.00752	0.01121	0.01573	0.70045	0.13334	0.06344	0.00912	0.00495	0.00136	0.00202	0.00809	0.00446	0.00384
24	0.88336	0.00803	0.00611	0.00546	0.00803	0.00932	0.00450	0.01221	0.00707	0.01864	0.00578	0.00675	0.00450	0.00386	0.00257	0.00129	0.00321	0.00225	0.00257	0.00450
25	0.00715	0.00393	0.00410	0.00410	0.00473	0.00393	0.00277	0.00842	0.00778	0.01291	0.01339	0.01954	0.01219	0.29954	0.00923	0.00203	0.00266	0.00462	0.57357	0.00340
26	0.00506	0.00361	0.00482	0.00578	0.00602	0.00337	0.00386	0.00578	0.00795	0.01060	0.02289	0.85131	0.02747	0.01301	0.00530	0.00169	0.00241	0.01181	0.00386	0.00337
27	0.01772	0.00727	0.00961	0.00751	0.01063	0.00657	0.00616	0.02044	0.10082	0.74151	0.01644	0.01429	0.01055	0.00520	0.00418	0.00130	0.00351	0.00423	0.00504	0.00701
28	0.01033	0.00892	0.00939	0.00845	0.01080	0.01033	0.00657	0.02207	0.82061	0.01738	0.01691	0.01550	0.01268	0.00564	0.00423	0.00141	0.00329	0.00470	0.00423	0.00657
29	0.88336	0.00803	0.00611	0.00546	0.00803	0.00932	0.00450	0.01221	0.00707	0.01864	0.00578	0.00675	0.00450	0.00386	0.00257	0.00129	0.00321	0.00225	0.00257	0.00450
30	0.01827	0.00730	0.01000	0.00766	0.01088	0.00643	0.02207	0.04078	0.02330	0.78261	0.01607	0.01399	0.01015	0.00511	0.00419	0.00129	0.00363	0.00419	0.00504	0.00703
31	0.01033	0.00892	0.00939	0.00845	0.01080	0.01033	0.00657	0.02207	0.82061	0.01738	0.01691	0.01550	0.01268	0.00564	0.00423	0.00141	0.00329	0.00470	0.00423	0.00657
32	0.00784	0.00738	0.01246	0.84404	0.02861	0.00923	0.01154	0.01061	0.00831	0.01061	0.00738	0.01107	0.00554	0.00415	0.00415	0.00138	0.00554	0.00369	0.00185	0.00461
33	0.00867	0.00852	0.01326	0.05282	0.01281	0.01081	0.12880	0.01076	0.05244	0.01087	0.00759	0.01109	0.00682	0.01050	0.15084	0.00253	0.49008	0.00402	0.00206	0.00468
34	0.00995	0.00953	0.01626	0.13738	0.71883	0.00978	0.01258	0.01246	0.00930	0.01317	0.00775	0.01039	0.00644	0.00376	0.00412	0.00125	0.00502	0.00370	0.00203	0.00631
35	0.00583	0.00424	0.00548	0.00517	0.00618	0.00390	0.00388	0.00774	0.01164	0.01638	0.78661	0.03148	0.07867	0.00859	0.00490	0.00131	0.00197	0.00757	0.00454	0.00390
36	0.00593	0.00445	0.00668	0.00668	0.00742	0.00519	0.00519	0.00742	0.00668	0.00964	0.01113	0.01632	0.01038	0.03115	0.83756	0.00668	0.01113	0.00445	0.00223	0.00371
37	0.00820	0.00775	0.01310	0.72403	0.14582	0.00932	0.01171	0.01093	0.00847	0.01105	0.00745	0.01096	0.00569	0.00409	0.00415	0.00136	0.00545	0.00369	0.00188	0.00490
38	0.13027	0.00741	0.00929	0.00725	0.01036	0.00687	0.00598	0.05059	0.02727	0.67828	0.01477	0.01304	0.00945	0.00498	0.00397	0.00129	0.00353	0.00392	0.00475	0.00673
39	0.00768	0.00404	0.00579	0.00564	0.00582	0.00411	0.00384	0.04941	0.00618	0.00825	0.00736	0.01248	0.00721	0.01392	0.01558	0.83140	0.00366	0.00361	0.00193	0.00209
40	0.24598	0.00813	0.01064	0.54631	0.02165	0.03741	0.00929	0.03339	0.02708	0.01335	0.00721	0.00985	0.00545	0.00413	0.00371	0.00134	0.00489	0.00329	0.00217	0.00470
41	0.03325	0.00984	0.01085	0.00854	0.01165	0.05113	0.00697	0.35593	0.09394	0.35425	0.01302	0.01203	0.00880	0.00506	0.00412	0.00127	0.00414	0.00393	0.00443	0.00686
42	0.00784	0.00738	0.01246	0.84404	0.02861	0.00923	0.01154	0.01061	0.00831	0.01061	0.00738	0.01107	0.00554	0.00415	0.00415	0.00138	0.00554	0.00369	0.00185	0.00461
43	0.00576	0.00422	0.00540	0.00516	0.00615	0.00386	0.00385	0.00759	0.01141	0.01594	0.72504	0.06421	0.10820	0.00885	0.00492	0.00133	0.00199	0.00779	0.00448	0.00386
44	0.75528	0.00816	0.00664	0.00585	0.00839	0.00938	0.00479	0.06508	0.04209	0.01900	0.03891	0.00828	0.00638	0.00419	0.00284	0.00129	0.00326	0.00266	0.00282	0.00473
45	0.88336	0.00803	0.00611	0.00546	0.00803	0.00932	0.00450	0.01221	0.00707	0.01864	0.00578	0.00675	0.00450	0.00386	0.00257	0.00129	0.00321	0.00225	0.00257	0.00450
46	0.00784	0.00738	0.01246	0.84404	0.02861	0.00923	0.01154	0.01061	0.00831	0.01061	0.00738	0.01107	0.00554	0.00415	0.00415	0.00138	0.00554	0.00369	0.00185	0.00461
47	0.00500	0.00418	0.00436	0.00439	0.00569	0.00353	0.00326	0.00612	0.00958	0.01166	0.10987	0.08737	0.70975	0.01049	0.00493	0.00141	0.00211	0.00884	0.00392	0.00353
48	0.01531	0.01130	0.01214	0.00937	0.01258	0.01249	0.00772	0.76999	0.03179	0.02566	0.04230	0.01089	0.00842	0.00513	0.00419	0.00125	0.00445	0.00390	0.00417	0.00693
49	0.00774	0.00387	0.00387	0.00387	0.00484	0.00387	0.00290	0.00968	0.00871	0.01549	0.01355	0.01549	0.01065	0.00484	0.00290	0.00097	0.00194	0.00387	0.87708	0.00387
50	0.01845	0.00711	0.00963	0.00741	0.01061	0.00620	0.00612	0.02028	0.02989	0.81287	0.01640	0.01417	0.01034	0.00515	0.00418	0.00129	0.00353	0.00419	0.00512	0.00706
51	0.00605	0.00449	0.00565	0.00531	0.00638	0.00424	0.00398	0.00844	0.05520	0.01616	0.71212	0.03078	0.09505	0.02166	0.00512	0.00136	0.00207	0.00743	0.00447	0.00401

[dist]
# distance from previous block
# <min> <max>
0	22

[block]
# block no. 2 follows, 64 sequences, length 38
# corresponding to MSA columns:
# 324-361
name=unknown_C
#
# <colnr> <probs for GDERKNQSTAVLIFYWHMCP>
#	G	D	E	R	K	N	Q	S	T	A	V	L	I	F	Y	W	H	M	C	P
0	0.00593	0.00398	0.00456	0.00467	0.00469	0.00396	0.00266	0.00601	0.00625	0.00833	0.01416	0.11737	0.01645	0.76199	0.01941	0.00377	0.00385	0.00667	0.00266	0.00261
1	0.00665	0.00475	0.00664	0.00760	0.00853	0.00474	0.00661	0.00853	0.00952	0.01238	0.02202	0.06910	0.02400	0.01152	0.00573	0.00191	0.00379	0.77835	0.00383	0.00381
2	0.30367	0.00747	0.00728	0.00641	0.00862	0.00821	0.00508	0.09053	0.20566	0.06005	0.08916	0.01598	0.09125	0.02019	0.00399	0.00135	0.00308	0.00438	0.06249	0.00515
3	0.00492	0.00417	0.00425	0.00431	0.00564	0.00350	0.00320	0.00595	0.00937	0.01118	0.04080	0.09406	0.77317	0.01069	0.00494	0.00142	0.00212	0.00897	0.00386	0.00350
4	0.01059	0.00834	0.00894	0.00792	0.01027	0.00931	0.00620	0.05231	0.63035	0.08159	0.01948	0.01799	0.10604	0.00613	0.00430	0.00139	0.00322	0.00509	0.00425	0.00628
5	0.00593	0.00445	0.00668	0.00668	0.00742	0.00519	0.00519	0.00742	0.00668	0.00964	0.01113	0.01632	0.01038	0.03115	0.83756	0.00668	0.01113	0.00445	0.00223	0.00371
6	0.00529	0.00424	0.00473	0.00473	0.00591	0.00373	0.00350	0.00675	0.02462	0.01276	0.25467	0.12219	0.51189	0.01014	0.00494	0.00141	0.00212	0.00867	0.00406	0.00366
7	0.00540	0.00386	0.00512	0.00600	0.00636	0.00367	0.00416	0.02193	0.00831	0.01105	0.02257	0.77163	0.02679	0.01273	0.00531	0.00170	0.00256	0.07350	0.00386	0.00348
8	0.01071	0.01198	0.01871	0.01489	0.06497	0.15644	0.46433	0.01446	0.10645	0.01290	0.00914	0.01165	0.00728	0.04234	0.00559	0.00147	0.03443	0.00442	0.00237	0.00546
9	0.00535	0.00397	0.00454	0.00483	0.00541	0.00365	0.00319	0.00599	0.00797	0.01018	0.05175	0.28641	0.29285	0.28310	0.01026	0.00233	0.00281	0.00879	0.00345	0.00316
10	0.09053	0.00542	0.00644	0.00587	0.00739	0.00526	0.00442	0.01128	0.07019	0.18402	0.27118	0.13576	0.08010	0.09615	0.00623	0.00165	0.00279	0.00664	0.00412	0.00458
11	0.00722	0.00361	0.00541	0.00541	0.00541	0.00361	0.00361	0.00541	0.00541	0.00722	0.00722	0.01263	0.00722	0.01443	0.01623	0.87915	0.00361	0.00361	0.00180	0.00180
12	0.00626	0.00486	0.00558	0.00571	0.00678	0.00470	0.00414	0.06624	0.07427	0.01285	0.07658	0.40400	0.29097	0.01074	0.00498	0.00152	0.00251	0.00938	0.00395	0.00398
13	0.00635	0.00408	0.00525	0.00561	0.00633	0.00375	0.00396	0.00740	0.00901	0.07344	0.15619	0.50405	0.10404	0.04281	0.00566	0.00164	0.00247	0.02793	0.02628	0.00375
14	0.00544	0.00432	0.00503	0.00548	0.01975	0.00387	0.00408	0.00662	0.00920	0.01146	0.06317	0.15458	0.48266	0.04962	0.00585	0.00165	0.00260	0.15726	0.00379	0.00357
15	0.00584	0.00413	0.00524	0.00605	0.04232	0.00403	0.00361	0.00628	0.00705	0.00944	0.01708	0.36974	0.02002	0.45116	0.01352	0.00289	0.00339	0.02206	0.00308	0.00308
16	0.15645	0.00542	0.00590	0.00519	0.00700	0.00534	0.00410	0.01242	0.00963	0.21945	0.11448	0.01622	0.03301	0.00534	0.00346	0.00115	0.00255	0.00425	0.38387	0.00477
17	0.00656	0.00414	0.00475	0.00471	0.00494	0.00406	0.00279	0.00677	0.00662	0.04561	0.01490	0.07705	0.04486	0.70950	0.01830	0.00358	0.00378	0.00634	0.02791	0.00285
18	0.00506	0.00361	0.00482	0.00578	0.00602	0.00337	0.00386	0.00578	0.00795	0.01060	0.02289	0.85131	0.02747	0.01301	0.00530	0.00169	0.00241	0.01181	0.00386	0.00337
19	0.00751	0.00524	0.00629	0.00568	0.00709	0.00505	0.00436	0.09516	0.02998	0.05351	0.51962	0.05121	0.15046	0.00822	0.00472	0.00132	0.00237	0.00709	0.03075	0.00438
20	0.00571	0.00433	0.00471	0.00457	0.00595	0.00370	0.00344	0.00694	0.00995	0.04983	0.17863	0.05625	0.63139	0.00997	0.00488	0.00139	0.00215	0.00841	0.00404	0.00374
21	0.00756	0.00558	0.00635	0.00581	0.00737	0.00555	0.00446	0.04121	0.17625	0.05187	0.35109	0.02791	0.23540	0.00798	0.00461	0.00133	0.00244	0.00680	0.04582	0.00461
22	0.01034	0.00867	0.00923	0.00828	0.01059	0.00994	0.00644	0.02139	0.76427	0.03736	0.05334	0.01616	0.01381	0.00575	0.00426	0.00140	0.00323	0.00481	0.00426	0.00647
23	0.00606	0.00400	0.00485	0.00501	0.00531	0.00385	0.00316	0.00642	0.00736	0.02697	0.10258	0.23044	0.05742	0.45086	0.01412	0.05461	0.00329	0.00756	0.00314	0.00298
24	0.00582	0.00456	0.00521	0.00523	0.00628	0.00431	0.00380	0.00798	0.08772	0.01275	0.22205	0.18423	0.32650	0.08500	0.00637	0.00167	0.00244	0.02034	0.00395	0.00379
25	0.00596	0.00416	0.00529	0.00532	0.00561	0.00438	0.00351	0.00657	0.00658	0.00907	0.05016	0.05476	0.01512	0.51258	0.28865	0.00469	0.00621	0.00580	0.00257	0.00301
26	0.01100	0.00928	0.00990	0.00868	0.01108	0.01074	0.00683	0.12512	0.68987	0.01829	0.01563	0.01457	0.01171	0.00560	0.00452	0.00140	0.03052	0.00454	0.00414	0.00657
27	0.00603	0.00505	0.00542	0.00548	0.00676	0.03094	0.00426	0.00796	0.05532	0.01263	0.16845	0.07448	0.44817	0.00998	0.00499	0.00148	0.00262	0.14221	0.00394	0.00384
28	0.00604	0.00403	0.00453	0.00453	0.00453	0.00403	0.00252	0.00604	0.00604	0.00805	0.01309	0.02718	0.01510	0.85402	0.02114	0.00403	0.00403	0.00604	0.00252	0.00252
29	0.00716	0.00364	0.00534	0.00533	0.00539	0.00364	0.00356	0.00563	0.00569	0.00774	0.02761	0.01361	0.00834	0.03931	0.01568	0.80309	0.00353	0.00378	0.02999	0.00194
30	0.20815	0.01126	0.05043	0.01395	0.24964	0.13953	0.07565	0.04324	0.00976	0.10042	0.00830	0.01892	0.00650	0.00463	0.01612	0.00134	0.03047	0.00344	0.00259	0.00566
31	0.00579	0.00413	0.00561	0.00654	0.00708	0.00400	0.00503	0.00700	0.00858	0.01130	0.02218	0.47944	0.02553	0.04045	0.00602	0.00186	0.00307	0.34906	0.00380	0.00354
32	0.00774	0.00387	0.00387	0.00387	0.00484	0.00387	0.00290	0.00968	0.00871	0.01549	0.01355	0.01549	0.01065	0.00484	0.00290	0.00097	0.00194	0.00387	0.87708	0.00387
33	0.02304	0.05079	0.06904	0.00918	0.01243	0.03508	0.01913	0.51841	0.05203	0.05402	0.04118	0.02431	0.00919	0.00524	0.00412	0.00125	0.00448	0.03048	0.00377	0.03283
34	0.01464	0.01451	0.01294	0.01275	0.15181	0.33769	0.00879	0.35039	0.01455	0.01746	0.00813	0.00903	0.00628	0.00452	0.00413	0.00118	0.01884	0.00331	0.00297	0.00606
35	0.00915	0.04480	0.05350	0.00790	0.03942	0.06043	0.00635	0.02200	0.09866	0.01394	0.11498	0.01225	0.01104	0.00447	0.00411	0.00096	0.04748	0.00352	0.00282	0.44221
36	0.05811	0.04921	0.16207	0.43117	0.06770	0.07067	0.04122	0.01170	0.00872	0.01174	0.00832	0.03024	0.02325	0.00437	0.00400	0.00132	0.00549	0.00370	0.00200	0.00503
37	0.00763	0.03246	0.00782	0.04539	0.00879	0.10104	0.02056	0.02712	0.02297	0.01474	0.50817	0.02557	0.11021	0.00760	0.00501	0.00130	0.03914	0.00641	0.00383	0.00422

[dist]
# distance from previous block
# <min> <max>
0	8

[block]
# block no. 3 follows, 64 sequences, length 15
# corresponding to MSA columns:
# 370-375,379-387
name=unknown_D
#
# <colnr> <probs for GDERKNQSTAVLIFYWHMCP>
#	G	D	E	R	K	N	Q	S	T	A	V	L	I	F	Y	W	H	M	C	P
0	0.01065	0.25742	0.09660	0.02460	0.05797	0.03860	0.18937	0.07767	0.11945	0.01372	0.00886	0.01010	0.00699	0.00417	0.00406	0.00120	0.02723	0.00359	0.04203	0.00573
1	0.00808	0.03195	0.00564	0.00482	0.00605	0.00483	0.03717	0.03634	0.00907	0.01534	0.01339	0.05268	0.01094	0.00512	0.00313	0.00103	0.00234	0.00422	0.74379	0.00407
2	0.00492	0.00417	0.00425	0.00432	0.00564	0.00350	0.00321	0.00595	0.00936	0.01118	0.04072	0.09736	0.76991	0.01070	0.00494	0.00142	0.00213	0.00898	0.00386	0.00350
3	0.01184	0.72062	0.02020	0.00761	0.01102	0.09088	0.00725	0.06953	0.00953	0.01097	0.00613	0.00697	0.00545	0.00372	0.00287	0.00093	0.00473	0.00237	0.00198	0.00541
4	0.00561	0.00385	0.00466	0.00508	0.00518	0.00374	0.00310	0.00593	0.00687	0.00916	0.01735	0.38549	0.02048	0.48837	0.01425	0.00301	0.00332	0.00855	0.00310	0.00289
5	0.01046	0.03366	0.01208	0.11493	0.12646	0.02555	0.05130	0.01823	0.47567	0.05216	0.01328	0.01343	0.01003	0.00499	0.00434	0.00136	0.01817	0.00429	0.00341	0.00620
6	0.00970	0.01088	0.02314	0.01653	0.02069	0.01008	0.74337	0.01306	0.00970	0.01333	0.00832	0.01098	0.00629	0.00346	0.00474	0.00133	0.00666	0.00469	0.00213	0.08092
7	0.00603	0.00406	0.00472	0.00472	0.00478	0.00413	0.00275	0.00616	0.00610	0.00819	0.01292	0.02625	0.01469	0.78309	0.09152	0.00426	0.00464	0.00590	0.00249	0.00262
8	0.03392	0.29538	0.03124	0.03339	0.01230	0.09263	0.07696	0.10870	0.00969	0.01253	0.00729	0.00926	0.00626	0.00766	0.10556	0.00185	0.12175	0.00321	0.00223	0.02820
9	0.00604	0.00403	0.00453	0.00453	0.00453	0.00403	0.00252	0.00604	0.00604	0.00805	0.01309	0.02718	0.01510	0.85402	0.02114	0.00403	0.00403	0.00604	0.00252	0.00252
10	0.00612	0.00441	0.00571	0.00635	0.00705	0.00429	0.00490	0.02909	0.00891	0.01165	0.03749	0.32905	0.09485	0.10356	0.00713	0.00199	0.00318	0.32697	0.00372	0.00358
11	0.00599	0.00401	0.00454	0.00459	0.00460	0.00400	0.00258	0.00603	0.00613	0.00818	0.01356	0.06711	0.01570	0.81327	0.02037	0.00391	0.00395	0.00632	0.00258	0.00256
12	0.00861	0.00738	0.00861	0.00615	0.00984	0.00554	0.00492	0.01046	0.00861	0.01354	0.00738	0.00861	0.00615	0.00308	0.00308	0.00062	0.00308	0.00246	0.00246	0.87941
13	0.09182	0.16847	0.09662	0.01014	0.07069	0.18236	0.02776	0.12835	0.01110	0.10857	0.00819	0.00889	0.00623	0.00420	0.00373	0.00114	0.01728	0.00305	0.00271	0.04869
14	0.19725	0.03699	0.04692	0.03150	0.03089	0.30758	0.00700	0.06525	0.03437	0.01382	0.05726	0.01161	0.04243	0.00755	0.09104	0.00177	0.00583	0.00350	0.00261	0.00484

[dist]
# distance from previous block
# <min> <max>
1	2

[block]
# block no. 4 follows, 64 sequences, length 9
# corresponding to MSA columns:
# 390-398
name=unknown_E
#
# <colnr> <probs for GDERKNQSTAVLIFYWHMCP>
#	G	D	E	R	K	N	Q	S	T	A	V	L	I	F	Y	W	H	M	C	P
0	0.00894	0.03278	0.07123	0.09098	0.01512	0.02756	0.24424	0.01183	0.04092	0.04574	0.12218	0.03821	0.04880	0.00511	0.00467	0.00125	0.03701	0.00478	0.00276	0.14587
1	0.00967	0.18831	0.49576	0.01155	0.01670	0.01097	0.14036	0.01341	0.00903	0.05585	0.00774	0.00902	0.00571	0.00386	0.00385	0.00124	0.00579	0.00325	0.00199	0.00594
2	0.01004	0.57132	0.05094	0.00795	0.01064	0.01422	0.00759	0.01145	0.00787	0.00993	0.00638	0.00828	0.00592	0.00734	0.09817	0.00172	0.16059	0.00277	0.00183	0.00504
3	0.00622	0.00445	0.00619	0.00710	0.00785	0.00442	0.00586	0.00779	0.00900	0.01181	0.02174	0.26271	0.02425	0.01279	0.04356	0.00207	0.00378	0.55096	0.00376	0.00370
4	0.01023	0.01269	0.15101	0.05306	0.45831	0.09805	0.09730	0.01304	0.00959	0.01295	0.00819	0.01127	0.00682	0.00410	0.00419	0.00128	0.00561	0.03419	0.00208	0.00603
5	0.00541	0.00423	0.00490	0.00474	0.00592	0.00372	0.00355	0.00693	0.01065	0.01404	0.44830	0.03534	0.41845	0.00947	0.00490	0.00135	0.00203	0.00812	0.00423	0.00372
6	0.00881	0.00626	0.03159	0.00536	0.00680	0.06855	0.03016	0.04919	0.00950	0.01545	0.01247	0.01426	0.00976	0.00473	0.00313	0.00101	0.00278	0.00378	0.71218	0.00422
7	0.39261	0.08182	0.27622	0.00805	0.01192	0.00999	0.00851	0.03562	0.07048	0.01599	0.00738	0.00825	0.00560	0.00399	0.00322	0.00124	0.00430	0.00275	0.00241	0.04967
8	0.01140	0.15830	0.14207	0.00967	0.06482	0.03476	0.03959	0.06449	0.06189	0.14643	0.01089	0.01186	0.03636	0.00455	0.00398	0.00114	0.02296	0.02115	0.00290	0.15077

[dist]
# distance from previous block
# <min> <max>
0	1

[block]
# block no. 5 follows, 64 sequences, length 65
# corresponding to MSA columns:
# 400-437,440-460,462-467
name=unknown_F
#
# <colnr> <probs for GDERKNQSTAVLIFYWHMCP>
#	G	D	E	R	K	N	Q	S	T	A	V	L	I	F	Y	W	H	M	C	P
0	0.00938	0.01856	0.56386	0.03542	0.16455	0.08586	0.03853	0.01334	0.00919	0.01290	0.00745	0.00906	0.00555	0.00392	0.00399	0.00128	0.00606	0.00322	0.00186	0.00604
1	0.00595	0.00470	0.00577	0.00600	0.04068	0.00438	0.00422	0.00812	0.05773	0.01429	0.41917	0.09189	0.29402	0.00915	0.00487	0.00138	0.00226	0.01726	0.00415	0.00401
2	0.01028	0.00987	0.01686	0.02550	0.82811	0.00987	0.01275	0.01275	0.00946	0.01357	0.00781	0.01028	0.00658	0.00370	0.00411	0.00123	0.00493	0.00370	0.00206	0.00658
3	0.00901	0.01482	0.03940	0.00723	0.03314	0.00484	0.02232	0.01024	0.00909	0.21841	0.03959	0.49887	0.02071	0.04486	0.00554	0.00163	0.00309	0.00869	0.00395	0.00456
4	0.00604	0.00403	0.00453	0.00453	0.00453	0.00403	0.00252	0.00604	0.00604	0.00805	0.01309	0.02718	0.01510	0.85402	0.02114	0.00403	0.00403	0.00604	0.00252	0.00252
5	0.00774	0.00387	0.00387	0.00387	0.00484	0.00387	0.00290	0.00968	0.00871	0.01549	0.01355	0.01549	0.01065	0.00484	0.00290	0.00097	0.00194	0.00387	0.87708	0.00387
6	0.01008	0.00967	0.01651	0.09133	0.76381	0.00982	0.01265	0.01258	0.00937	0.01333	0.00778	0.01034	0.00650	0.00374	0.00412	0.00125	0.00498	0.00370	0.00204	0.00642
7	0.01104	0.83739	0.04034	0.00722	0.01083	0.01628	0.00730	0.01245	0.00845	0.00985	0.00581	0.00671	0.00533	0.00356	0.00269	0.00090	0.00448	0.00224	0.00178	0.00535
8	0.17890	0.00506	0.00605	0.00593	0.00687	0.00573	0.00443	0.00809	0.00664	0.01114	0.01054	0.01683	0.01027	0.20764	0.48142	0.00495	0.00788	0.00436	0.01368	0.00360
9	0.00627	0.00457	0.00585	0.00543	0.00651	0.00434	0.00410	0.03115	0.03243	0.01695	0.78224	0.03004	0.03761	0.00832	0.00486	0.00131	0.00207	0.00733	0.00455	0.00408
10	0.00837	0.02123	0.81266	0.01198	0.01807	0.00967	0.03494	0.01316	0.00880	0.01316	0.00748	0.00883	0.00529	0.00394	0.00397	0.00132	0.00616	0.00311	0.00176	0.00613
11	0.01046	0.01051	0.01533	0.12527	0.59658	0.09999	0.01167	0.01278	0.00952	0.01283	0.00758	0.00999	0.00629	0.00379	0.00402	0.00120	0.00519	0.00352	0.00206	0.05138
12	0.01645	0.00678	0.00894	0.00701	0.00989	0.00600	0.00574	0.05113	0.01193	0.66346	0.07146	0.01659	0.05771	0.00565	0.00421	0.00128	0.00333	0.00463	0.04131	0.00653
13	0.00818	0.02001	0.75601	0.01130	0.01700	0.00927	0.01434	0.01296	0.03172	0.01320	0.01930	0.02982	0.02978	0.00445	0.00403	0.00133	0.00580	0.00354	0.00197	0.00598
14	0.05284	0.00452	0.00526	0.00513	0.00610	0.00431	0.00373	0.02396	0.00983	0.01375	0.37471	0.10078	0.18685	0.15480	0.00762	0.00184	0.00257	0.03387	0.00387	0.00364
15	0.00678	0.00491	0.00676	0.00762	0.00861	0.00498	0.00659	0.00904	0.04104	0.01252	0.02156	0.06203	0.02323	0.01173	0.02472	0.00200	0.00394	0.73421	0.00380	0.00392
16	0.00625	0.00421	0.00475	0.00468	0.00479	0.00422	0.00270	0.02498	0.00652	0.00873	0.03369	0.03734	0.01568	0.80211	0.02013	0.00386	0.00397	0.00610	0.00262	0.00267
17	0.00535	0.00430	0.00451	0.00448	0.00588	0.00364	0.00341	0.00650	0.00964	0.03071	0.07986	0.03921	0.73466	0.01033	0.00493	0.00142	0.00220	0.04144	0.00392	0.00362
18	0.00520	0.00371	0.00486	0.00572	0.00601	0.00349	0.00385	0.00593	0.00792	0.01050	0.02270	0.73063	0.05084	0.07661	0.00651	0.00186	0.00258	0.04399	0.00375	0.00333
19	0.01842	0.00742	0.00985	0.00755	0.01078	0.00662	0.00624	0.08057	0.01247	0.76984	0.01590	0.01382	0.01004	0.00513	0.00418	0.00128	0.00361	0.00414	0.00507	0.00707
20	0.01007	0.00822	0.00893	0.00816	0.01031	0.00928	0.00642	0.05299	0.62603	0.03984	0.03033	0.05166	0.03001	0.00658	0.00443	0.00146	0.00332	0.08164	0.00419	0.00612
21	0.00675	0.00439	0.00546	0.00520	0.00625	0.00399	0.00378	0.00814	0.01025	0.08437	0.43192	0.11131	0.17391	0.11745	0.00696	0.00171	0.00243	0.00768	0.00416	0.00388
22	0.06394	0.00844	0.01027	0.00791	0.01113	0.00824	0.00654	0.24963	0.01384	0.55471	0.01396	0.01254	0.00904	0.00503	0.00409	0.00127	0.00382	0.00395	0.00472	0.00693
23	0.04375	0.00684	0.00752	0.00636	0.00844	0.00714	0.00507	0.18705	0.10440	0.15483	0.06766	0.01478	0.01172	0.00522	0.00366	0.00117	0.00298	0.00417	0.35181	0.00543
24	0.00560	0.00412	0.00519	0.00565	0.00638	0.00385	0.00420	0.00679	0.00908	0.01194	0.16648	0.30675	0.18422	0.08744	0.00668	0.00182	0.00271	0.17374	0.00385	0.00351
25	0.00520	0.00375	0.00484	0.00562	0.00598	0.00349	0.00380	0.00598	0.00813	0.01077	0.05489	0.68003	0.08596	0.06858	0.00632	0.00181	0.00252	0.03517	0.00379	0.00336
26	0.00591	0.00430	0.00527	0.00499	0.00614	0.00385	0.00375	0.00760	0.01110	0.03509	0.58080	0.03318	0.26469	0.00899	0.00488	0.00133	0.00204	0.00779	0.00438	0.00388
27	0.00505	0.00415	0.00445	0.00451	0.00573	0.00355	0.00333	0.00619	0.00961	0.01187	0.14306	0.12354	0.63954	0.01051	0.00495	0.00142	0.00212	0.00892	0.00395	0.00355
28	0.00505	0.00365	0.00478	0.00568	0.00600	0.00338	0.00381	0.00580	0.00805	0.01064	0.02412	0.79931	0.07868	0.01285	0.00528	0.00167	0.00239	0.01161	0.00386	0.00338
29	0.01579	0.01163	0.01247	0.00956	0.01288	0.01288	0.00789	0.81426	0.01953	0.02618	0.00997	0.00997	0.00706	0.00499	0.00416	0.00125	0.00457	0.00374	0.00416	0.00706
30	0.00508	0.00362	0.00481	0.00576	0.00600	0.00339	0.00383	0.00579	0.00792	0.01056	0.02271	0.83571	0.02724	0.02894	0.00560	0.00173	0.00244	0.01170	0.00383	0.00336
31	0.00564	0.00435	0.00517	0.00501	0.00616	0.00394	0.00378	0.00749	0.03066	0.01446	0.48255	0.04744	0.32785	0.00932	0.00492	0.00137	0.00210	0.02971	0.00427	0.00382
32	0.00912	0.00917	0.01318	0.01116	0.01133	0.01264	0.04039	0.01013	0.00650	0.01013	0.00557	0.00917	0.00549	0.00712	0.01329	0.00180	0.81374	0.00368	0.00183	0.00459
33	0.00594	0.00443	0.00658	0.00658	0.00729	0.00514	0.00507	0.00736	0.00665	0.00957	0.01121	0.01680	0.01059	0.06768	0.80132	0.00656	0.01081	0.00452	0.00224	0.00366
34	0.00512	0.00366	0.00489	0.00585	0.00612	0.00343	0.00396	0.00589	0.00801	0.01067	0.02286	0.82167	0.02734	0.01296	0.00532	0.00170	0.00246	0.04086	0.00385	0.00339
35	0.00662	0.00476	0.00660	0.00752	0.00849	0.00473	0.00656	0.00850	0.00956	0.01238	0.02277	0.04659	0.05515	0.01144	0.00570	0.00189	0.00376	0.76934	0.00383	0.00381
36	0.00804	0.00416	0.00419	0.00408	0.00514	0.00420	0.00309	0.03933	0.00911	0.01588	0.01342	0.01528	0.01051	0.00484	0.00295	0.00098	0.00203	0.00387	0.84491	0.00399
37	0.00506	0.00361	0.00482	0.00578	0.00602	0.00337	0.00386	0.00578	0.00795	0.01060	0.02289	0.85131	0.02747	0.01301	0.00530	0.00169	0.00241	0.01181	0.00386	0.00337
38	0.01635	0.01074	0.01191	0.00913	0.01243	0.01155	0.00754	0.65837	0.01803	0.18419	0.01123	0.01079	0.00770	0.00502	0.00416	0.00125	0.00437	0.00383	0.00435	0.00706
39	0.01864	0.00707	0.00964	0.00739	0.01060	0.00611	0.00611	0.02024	0.01189	0.83099	0.01639	0.01414	0.01028	0.00514	0.00418	0.00129	0.00353	0.00418	0.00514	0.00707
40	0.01552	0.01980	0.01177	0.01070	0.01284	0.83735	0.00803	0.01659	0.01177	0.01017	0.00642	0.00749	0.00535	0.00428	0.00375	0.00107	0.00749	0.00268	0.00214	0.00482
41	0.00593	0.00445	0.00668	0.00668	0.00742	0.00519	0.00519	0.00742	0.00668	0.00964	0.01113	0.01632	0.01038	0.03115	0.83756	0.00668	0.01113	0.00445	0.00223	0.00371
42	0.01864	0.00707	0.00964	0.00739	0.01060	0.00611	0.00611	0.02024	0.01189	0.83099	0.01639	0.01414	0.01028	0.00514	0.00418	0.00129	0.00353	0.00418	0.00514	0.00707
43	0.00909	0.00909	0.01272	0.01091	0.01091	0.01272	0.00909	0.01000	0.00636	0.01000	0.00545	0.00909	0.00545	0.00727	0.01363	0.00182	0.84642	0.00364	0.00182	0.00454
44	0.00491	0.00421	0.00421	0.00421	0.00561	0.00351	0.00316	0.00596	0.00947	0.01122	0.04208	0.03997	0.82643	0.01052	0.00491	0.00140	0.00210	0.00877	0.00386	0.00351
45	0.00784	0.00738	0.01246	0.84404	0.02861	0.00923	0.01154	0.01061	0.00831	0.01061	0.00738	0.01107	0.00554	0.00415	0.00415	0.00138	0.00554	0.00369	0.00185	0.00461
46	0.04338	0.80163	0.02091	0.00715	0.01063	0.03934	0.00704	0.01255	0.00848	0.01011	0.00579	0.00669	0.00530	0.00359	0.00269	0.00091	0.00448	0.00223	0.00182	0.00529
47	0.00919	0.00938	0.01435	0.01182	0.01240	0.01242	0.12027	0.01045	0.00684	0.01045	0.00586	0.00938	0.00557	0.00675	0.01242	0.00176	0.73033	0.00381	0.00186	0.00469
48	0.00850	0.05778	0.77800	0.01195	0.03653	0.00995	0.01493	0.01311	0.00877	0.01302	0.00739	0.00871	0.00530	0.00392	0.00389	0.00129	0.00604	0.00305	0.00176	0.00611
49	0.01028	0.00987	0.01686	0.02550	0.82811	0.00987	0.01275	0.01275	0.00946	0.01357	0.00781	0.01028	0.00658	0.00370	0.00411	0.00123	0.00493	0.00370	0.00206	0.00658
50	0.00594	0.00399	0.00456	0.00465	0.00468	0.00396	0.00265	0.00602	0.00623	0.00830	0.01405	0.10768	0.01631	0.77187	0.01959	0.00380	0.00387	0.00660	0.00265	0.00260
51	0.00928	0.01089	0.05612	0.01613	0.02003	0.00977	0.70116	0.01257	0.00958	0.01304	0.00977	0.09288	0.00832	0.00445	0.00490	0.00142	0.00652	0.00550	0.00226	0.00541
52	0.00858	0.05316	0.72213	0.01221	0.01805	0.01000	0.09267	0.01314	0.00886	0.01304	0.00748	0.00892	0.00537	0.00389	0.00399	0.00131	0.00616	0.00321	0.00179	0.00605
53	0.00514	0.00365	0.00479	0.00568	0.00590	0.00343	0.00374	0.00581	0.00779	0.01038	0.02205	0.78055	0.02641	0.08522	0.00666	0.00189	0.00255	0.01131	0.00374	0.00330
54	0.00964	0.01138	0.05202	0.01704	0.02121	0.01031	0.76657	0.01312	0.00973	0.01324	0.00871	0.03069	0.00676	0.00374	0.00488	0.00140	0.00687	0.00500	0.00213	0.00557
55	0.00884	0.17535	0.68311	0.01097	0.01663	0.01090	0.01383	0.01302	0.00871	0.01253	0.00714	0.00838	0.00527	0.00387	0.00371	0.00124	0.00583	0.00291	0.00176	0.00599
56	0.00512	0.00380	0.00479	0.00556	0.00608	0.00348	0.00386	0.00597	0.00835	0.01083	0.02682	0.64016	0.19299	0.01241	0.00524	0.00164	0.00242	0.05319	0.00385	0.00343
57	0.00981	0.01111	0.02396	0.01768	0.05303	0.01053	0.76463	0.01321	0.00972	0.01325	0.00832	0.01112	0.00630	0.00359	0.00506	0.00140	0.02476	0.00483	0.00209	0.00562
58	0.00836	0.00796	0.00788	0.00768	0.00885	0.17340	0.00595	0.02228	0.06571	0.01082	0.01211	0.05206	0.01153	0.03160	0.47450	0.00440	0.00860	0.07954	0.00260	0.00417
59	0.00506	0.00363	0.00480	0.00574	0.00601	0.00338	0.00384	0.00579	0.00799	0.01062	0.02342	0.82906	0.04938	0.01294	0.00529	0.00168	0.00240	0.01172	0.00386	0.00338
60	0.01176	0.01249	0.01697	0.01306	0.01626	0.19782	0.36887	0.06545	0.15876	0.03663	0.00972	0.01103	0.00738	0.00429	0.00462	0.00130	0.02704	0.00417	0.00271	0.02967
61	0.04505	0.55836	0.19921	0.00843	0.01238	0.09371	0.00891	0.01299	0.00878	0.01090	0.00621	0.00721	0.00528	0.00372	0.00305	0.00102	0.00506	0.00245	0.00184	0.00543
62	0.01000	0.00831	0.00844	0.00724	0.00968	0.11879	0.00572	0.04317	0.04363	0.08913	0.03546	0.11928	0.02223	0.00629	0.00409	0.00115	0.00377	0.12065	0.00325	0.33971
63	0.12700	0.36274	0.27925	0.00839	0.01249	0.01201	0.00921	0.01321	0.03910	0.05642	0.03106	0.00916	0.01606	0.00410	0.00329	0.00114	0.00464	0.00292	0.00225	0.00556
64	0.09622	0.16526	0.03611	0.00649	0.00835	0.00741	0.00550	0.00977	0.00834	0.06939	0.04775	0.15196	0.05323	0.05592	0.15104	0.00240	0.00481	0.07850	0.00297	0.03857

[dist]
# distance from previous block
# <min> <max>
1	15

[block]
# block no. 6 follows, 64 sequences, length 6
# corresponding to MSA columns:
# 507-512
name=unknown_G
#
# <colnr> <probs for GDERKNQSTAVLIFYWHMCP>
#	G	D	E	R	K	N	Q	S	T	A	V	L	I	F	Y	W	H	M	C	P
0	0.04620	0.00829	0.01063	0.18649	0.01438	0.02867	0.00782	0.11747	0.08073	0.22604	0.04274	0.05053	0.00982	0.00572	0.00575	0.00141	0.14390	0.00434	0.00343	0.00564
