[name]
unknown

[dist]
# distance from previous block
# <min> <max>
0	0

[block]
# block no. 0 follows, 52 sequences, length 98
# corresponding to MSA columns:
# 144-186,190-231,235-247
name=unknown_A
#
# <colnr> <probs for GDERKNQSTAVLIFYWHMCP>
#	G	D	E	R	K	N	Q	S	T	A	V	L	I	F	Y	W	H	M	C	P
0	0.00781	0.00558	0.00781	0.00892	0.01004	0.00558	0.00781	0.01004	0.01116	0.01450	0.02566	0.05466	0.02789	0.01339	0.00669	0.00223	0.00446	0.76685	0.00446	0.00446
1	0.86392	0.00937	0.00712	0.00637	0.00937	0.01087	0.00525	0.01425	0.00825	0.02174	0.00675	0.00787	0.00525	0.00450	0.00300	0.00150	0.00375	0.00262	0.00300	0.00525
2	0.00590	0.00424	0.00560	0.00668	0.00701	0.00394	0.00447	0.00676	0.00934	0.01240	0.02751	0.79850	0.05956	0.01508	0.00617	0.00196	0.00280	0.01365	0.00450	0.00394
3	0.00903	0.00452	0.00452	0.00452	0.00565	0.00452	0.00339	0.01129	0.01016	0.01807	0.01581	0.01807	0.01242	0.00565	0.00339	0.00113	0.00226	0.00452	0.85659	0.00452
4	0.01199	0.01151	0.01967	0.02974	0.79946	0.01151	0.01487	0.01487	0.01103	0.01583	0.00912	0.01199	0.00768	0.00432	0.00480	0.00144	0.00576	0.00432	0.00240	0.00768
5	0.00903	0.00452	0.00452	0.00452	0.00565	0.00452	0.00339	0.01129	0.01016	0.01807	0.01581	0.01807	0.01242	0.00565	0.00339	0.00113	0.00226	0.00452	0.85659	0.00452
6	0.01005	0.00861	0.01005	0.00718	0.01148	0.00646	0.00574	0.01220	0.01005	0.01579	0.00861	0.01005	0.00718	0.00359	0.00359	0.00072	0.00359	0.00287	0.00287	0.85932
7	0.01199	0.01151	0.01967	0.02974	0.79946	0.01151	0.01487	0.01487	0.01103	0.01583	0.00912	0.01199	0.00768	0.00432	0.00480	0.00144	0.00576	0.00432	0.00240	0.00768
8	0.00932	0.00879	0.01485	0.77023	0.07984	0.01081	0.01354	0.01253	0.00977	0.01259	0.00864	0.01286	0.00653	0.00481	0.00484	0.00160	0.00642	0.00431	0.00217	0.00552
9	0.01020	0.00974	0.01698	0.45015	0.20734	0.01082	0.11384	0.03756	0.01070	0.01430	0.02390	0.05385	0.00889	0.00526	0.00503	0.00159	0.00623	0.00505	0.00251	0.00607
10	0.00686	0.00495	0.00648	0.00610	0.00724	0.00457	0.00457	0.00914	0.01372	0.01943	0.79691	0.03620	0.04572	0.00991	0.00572	0.00152	0.00229	0.00876	0.00533	0.00457
11	0.01205	0.01041	0.01096	0.00986	0.01260	0.01205	0.00767	0.02575	0.79071	0.02027	0.01972	0.01808	0.01479	0.00657	0.00493	0.00164	0.00384	0.00548	0.00493	0.00767
12	0.01764	0.02212	0.01352	0.01228	0.01480	0.74903	0.00923	0.01984	0.07331	0.01251	0.00843	0.00946	0.00690	0.00511	0.00441	0.00128	0.00836	0.00330	0.00268	0.00578
13	0.01076	0.01192	0.02554	0.01864	0.02295	0.01118	0.67578	0.01446	0.01122	0.01518	0.01207	0.09323	0.01056	0.00553	0.00580	0.00169	0.00750	0.03705	0.00273	0.00620
14	0.00705	0.00470	0.00529	0.00529	0.00529	0.00470	0.00294	0.00705	0.00705	0.00940	0.01527	0.03171	0.01762	0.82969	0.02467	0.00470	0.00470	0.00705	0.00294	0.00294
15	0.00903	0.00452	0.00452	0.00452	0.00565	0.00452	0.00339	0.01129	0.01016	0.01807	0.01581	0.01807	0.01242	0.00565	0.00339	0.00113	0.00226	0.00452	0.85659	0.00452
16	0.00704	0.00474	0.00549	0.00549	0.00556	0.00481	0.00319	0.00718	0.00711	0.00955	0.01508	0.03067	0.01716	0.76437	0.08937	0.00495	0.00538	0.00689	0.00291	0.00305
17	0.00979	0.04372	0.78659	0.01368	0.02078	0.01144	0.01768	0.01533	0.01022	0.01526	0.00865	0.01017	0.00614	0.00459	0.00457	0.00152	0.00712	0.00356	0.00205	0.00714
18	0.01060	0.01060	0.01484	0.01272	0.01272	0.01484	0.01060	0.01166	0.00742	0.01166	0.00636	0.01060	0.00636	0.00848	0.01590	0.00212	0.82082	0.00424	0.00212	0.00530
19	0.02353	0.00845	0.01389	0.74634	0.03113	0.01052	0.01274	0.01234	0.00965	0.01282	0.00891	0.01306	0.00675	0.00495	0.00495	0.00160	0.02198	0.00429	0.04676	0.00533
20	0.00686	0.00495	0.00648	0.00610	0.00724	0.00457	0.00457	0.00914	0.01372	0.01943	0.79691	0.03620	0.04572	0.00991	0.00572	0.00152	0.00229	0.00876	0.00533	0.00457
21	0.01734	0.02154	0.01296	0.01182	0.01420	0.74273	0.00886	0.01868	0.01343	0.01238	0.00819	0.00952	0.00676	0.00505	0.00429	0.00124	0.00820	0.00324	0.07405	0.00553
22	0.00683	0.00495	0.00644	0.00606	0.00722	0.00456	0.00455	0.00909	0.01365	0.01926	0.77678	0.03648	0.06596	0.00997	0.00572	0.00153	0.00229	0.00880	0.00531	0.00456
23	0.00903	0.00452	0.00452	0.00452	0.00565	0.00452	0.00339	0.01129	0.01016	0.01807	0.01581	0.01807	0.01242	0.00565	0.00339	0.00113	0.00226	0.00452	0.85659	0.00452
24	0.00972	0.02507	0.80458	0.01381	0.02097	0.01125	0.01790	0.01535	0.01023	0.01535	0.00870	0.01023	0.00614	0.00460	0.00460	0.00153	0.00716	0.00358	0.00205	0.00716
25	0.01275	0.04338	0.01380	0.01171	0.01293	0.26184	0.00940	0.02844	0.04125	0.01235	0.00822	0.01133	0.00744	0.01072	0.11410	0.00251	0.38590	0.00401	0.00246	0.00546
26	0.00903	0.00452	0.00452	0.00452	0.00565	0.00452	0.00339	0.01129	0.01016	0.01807	0.01581	0.01807	0.01242	0.00565	0.00339	0.00113	0.00226	0.00452	0.85659	0.00452
27	0.00784	0.00566	0.00778	0.00883	0.00995	0.00570	0.00761	0.01037	0.03730	0.01457	0.02552	0.09984	0.02770	0.01327	0.00660	0.00220	0.00434	0.69592	0.00448	0.00454
28	0.00688	0.00497	0.00651	0.00616	0.00730	0.00459	0.00464	0.00916	0.01366	0.01933	0.78046	0.03659	0.04534	0.00998	0.00574	0.00154	0.00233	0.02493	0.00532	0.00457
29	0.01179	0.01014	0.01267	0.01078	0.01366	0.01118	0.10082	0.03741	0.57286	0.04058	0.06491	0.02020	0.03114	0.00679	0.00515	0.00165	0.00430	0.03214	0.00466	0.00720
30	0.03228	0.02082	0.01396	0.01273	0.04132	0.63140	0.00945	0.15207	0.01512	0.01541	0.00825	0.00934	0.00662	0.00511	0.00444	0.00129	0.00796	0.00337	0.00291	0.00614
31	0.01060	0.01060	0.01484	0.01272	0.01272	0.01484	0.01060	0.01166	0.00742	0.01166	0.00636	0.01060	0.00636	0.00848	0.01590	0.00212	0.82082	0.00424	0.00212	0.00530
32	0.01081	0.00897	0.01034	0.00759	0.01175	0.00728	0.00607	0.04794	0.07040	0.03221	0.00980	0.01086	0.00790	0.00396	0.00377	0.00084	0.00370	0.00318	0.00318	0.73947
33	0.01124	0.01073	0.01802	0.09047	0.67200	0.01083	0.01382	0.01401	0.01093	0.01533	0.01242	0.01497	0.07375	0.00503	0.00488	0.00147	0.00554	0.00481	0.00256	0.00719
34	0.00903	0.00452	0.00452	0.00452	0.00565	0.00452	0.00339	0.01129	0.01016	0.01807	0.01581	0.01807	0.01242	0.00565	0.00339	0.00113	0.00226	0.00452	0.85659	0.00452
35	0.00640	0.00525	0.00568	0.00552	0.00709	0.00469	0.00415	0.00865	0.05769	0.01521	0.24694	0.04217	0.55076	0.01131	0.00568	0.00161	0.00249	0.00956	0.00475	0.00443
36	0.00655	0.00494	0.00606	0.00578	0.00705	0.00444	0.00433	0.00856	0.01300	0.01773	0.59567	0.03901	0.24803	0.01054	0.00572	0.00155	0.00233	0.00916	0.00511	0.00444
37	0.01134	0.01288	0.02798	0.05531	0.02568	0.01219	0.74826	0.01539	0.01136	0.01539	0.00975	0.01307	0.00731	0.00412	0.00568	0.00163	0.00810	0.00566	0.00244	0.00649
38	0.01842	0.01357	0.01454	0.01115	0.01503	0.01503	0.00921	0.78330	0.02278	0.03054	0.01163	0.01163	0.00824	0.00582	0.00485	0.00145	0.00533	0.00436	0.00485	0.00824
39	0.00692	0.00519	0.00779	0.00779	0.00865	0.00606	0.00606	0.00865	0.00779	0.01125	0.01298	0.01904	0.01211	0.03634	0.81049	0.00779	0.01298	0.00519	0.00260	0.00433
40	0.00587	0.00434	0.00549	0.00641	0.00694	0.00396	0.00435	0.00679	0.00960	0.01250	0.03079	0.68435	0.17160	0.01465	0.00610	0.00191	0.00275	0.01313	0.00450	0.00396
41	0.01057	0.01137	0.02344	0.01795	0.05253	0.01092	0.57172	0.02576	0.01106	0.01506	0.01262	0.15513	0.01166	0.00624	0.00616	0.00170	0.04018	0.00699	0.00283	0.00610
42	0.00842	0.00421	0.00631	0.00631	0.00631	0.00421	0.00421	0.00631	0.00631	0.00842	0.00842	0.01473	0.00842	0.01684	0.01894	0.85901	0.00421	0.00421	0.00210	0.00210
43	0.00590	0.00422	0.00562	0.00675	0.00703	0.00394	0.00450	0.00675	0.00928	0.01237	0.02671	0.82653	0.03205	0.01518	0.00619	0.00197	0.00281	0.01378	0.00450	0.00394
44	0.01101	0.01186	0.02333	0.12931	0.08600	0.01248	0.46802	0.01430	0.01040	0.01438	0.00893	0.01249	0.00707	0.00505	0.00746	0.00171	0.16248	0.00513	0.00234	0.00623
45	0.01296	0.83261	0.02539	0.00829	0.01244	0.01917	0.00829	0.01451	0.00985	0.01140	0.00674	0.00777	0.00622	0.00415	0.00311	0.00104	0.00518	0.00259	0.00207	0.00622
46	0.01665	0.01282	0.01414	0.01116	0.01422	0.02796	0.00920	0.60274	0.01941	0.02640	0.01083	0.01169	0.00806	0.00626	0.00669	0.00155	0.14676	0.00433	0.04159	0.00752
47	0.01296	0.83261	0.02539	0.00829	0.01244	0.01917	0.00829	0.01451	0.00985	0.01140	0.00674	0.00777	0.00622	0.00415	0.00311	0.00104	0.00518	0.00259	0.00207	0.00622
48	0.00727	0.00505	0.00707	0.00707	0.00791	0.00571	0.00539	0.00895	0.00811	0.01220	0.01361	0.01985	0.01259	0.09215	0.62105	0.00648	0.01063	0.00523	0.13943	0.00425
49	0.01551	0.11651	0.04623	0.01181	0.04599	0.49192	0.00917	0.07653	0.01359	0.01416	0.06560	0.01288	0.04887	0.00562	0.00445	0.00130	0.00709	0.00398	0.00291	0.00589
50	0.01278	0.00981	0.01122	0.00824	0.01240	0.00860	0.00667	0.20193	0.01339	0.06526	0.00997	0.01081	0.00772	0.00428	0.00397	0.00094	0.00405	0.00335	0.00354	0.60105
51	0.00857	0.00799	0.00702	0.00659	0.00835	0.12693	0.00498	0.03125	0.01248	0.03159	0.21953	0.03679	0.45953	0.01029	0.00548	0.00154	0.00348	0.00852	0.00444	0.00464
52	0.00903	0.00452	0.00452	0.00452	0.00565	0.00452	0.00339	0.01129	0.01016	0.01807	0.01581	0.01807	0.01242	0.00565	0.00339	0.00113	0.00226	0.00452	0.85659	0.00452
53	0.01127	0.04458	0.26918	0.01116	0.01535	0.02529	0.03169	0.03164	0.38648	0.03290	0.03190	0.01567	0.02564	0.00710	0.03714	0.00182	0.00550	0.00484	0.00371	0.00714
54	0.00606	0.00442	0.00550	0.00625	0.00674	0.00408	0.00418	0.00691	0.00945	0.01239	0.05970	0.57224	0.15091	0.11715	0.00842	0.00224	0.00297	0.01217	0.00434	0.00386
55	0.00903	0.00452	0.00452	0.00452	0.00565	0.00452	0.00339	0.01129	0.01016	0.01807	0.01581	0.01807	0.01242	0.00565	0.00339	0.00113	0.00226	0.00452	0.85659	0.00452
56	0.08382	0.01282	0.04743	0.03309	0.01454	0.07648	0.03482	0.36213	0.14571	0.02290	0.01332	0.04725	0.01080	0.00721	0.02652	0.00172	0.00550	0.04276	0.00415	0.00704
57	0.09419	0.04918	0.11276	0.06773	0.29414	0.02373	0.01134	0.05276	0.08945	0.02812	0.07426	0.01529	0.01169	0.03501	0.00536	0.00161	0.00522	0.01836	0.00310	0.00669
58	0.04356	0.09659	0.18361	0.01274	0.08306	0.13414	0.02393	0.17290	0.07958	0.04745	0.01022	0.01105	0.00774	0.00497	0.00441	0.00137	0.00596	0.00380	0.00321	0.06972
59	0.00601	0.00435	0.00590	0.03203	0.00785	0.00415	0.00478	0.00692	0.00929	0.01237	0.02615	0.80118	0.03125	0.01486	0.00614	0.00196	0.00293	0.01348	0.00443	0.00398
60	0.01564	0.03813	0.13459	0.01332	0.09997	0.11536	0.01083	0.32077	0.04637	0.08727	0.03213	0.01226	0.00906	0.00557	0.00514	0.00147	0.03672	0.00423	0.00379	0.00739
61	0.01233	0.16183	0.21932	0.01233	0.04420	0.07319	0.09504	0.15590	0.01309	0.01729	0.06368	0.06051	0.02400	0.00579	0.00466	0.00143	0.00593	0.00482	0.00308	0.02159
62	0.45554	0.05423	0.25242	0.09666	0.01571	0.01132	0.01018	0.01454	0.00918	0.03074	0.00774	0.00927	0.00581	0.00457	0.00372	0.00150	0.00516	0.00313	0.00262	0.00594
63	0.01204	0.60312	0.24682	0.00986	0.01486	0.01692	0.01102	0.01475	0.00996	0.01252	0.00729	0.00847	0.00620	0.00428	0.00353	0.00118	0.00574	0.00287	0.00207	0.00649
64	0.01023	0.00567	0.00580	0.00536	0.00684	0.00586	0.00413	0.10974	0.01177	0.01966	0.01528	0.01725	0.01189	0.00567	0.00357	0.00117	0.00265	0.00450	0.74798	0.00499
65	0.00670	0.00489	0.00572	0.00551	0.00683	0.00440	0.00413	0.00862	0.01240	0.01708	0.45208	0.03787	0.30375	0.01027	0.00547	0.00152	0.00234	0.00881	0.09721	0.00440
66	0.00915	0.00861	0.01453	0.81804	0.03338	0.01077	0.01346	0.01238	0.00969	0.01238	0.00861	0.01292	0.00646	0.00484	0.00484	0.00161	0.00646	0.00431	0.00215	0.00538
67	0.00590	0.00422	0.00562	0.00675	0.00703	0.00394	0.00450	0.00675	0.00928	0.01237	0.02671	0.82653	0.03205	0.01518	0.00619	0.00197	0.00281	0.01378	0.00450	0.00394
68	0.01068	0.00886	0.00956	0.00863	0.01097	0.00979	0.00668	0.07557	0.48547	0.01968	0.14291	0.05644	0.11797	0.00809	0.00520	0.00162	0.00349	0.00683	0.00492	0.00664
69	0.00903	0.00452	0.00452	0.00452	0.00565	0.00452	0.00339	0.01129	0.01016	0.01807	0.01581	0.01807	0.01242	0.00565	0.00339	0.00113	0.00226	0.00452	0.85659	0.00452
70	0.00692	0.00519	0.00779	0.00779	0.00865	0.00606	0.00606	0.00865	0.00779	0.01125	0.01298	0.01904	0.01211	0.03634	0.81049	0.00779	0.01298	0.00519	0.00260	0.00433
71	0.01065	0.02601	0.01504	0.01264	0.01272	0.01492	0.01056	0.01172	0.00747	0.01166	0.00637	0.01055	0.00636	0.00840	0.01566	0.00210	0.80554	0.00421	0.00212	0.00532
72	0.00697	0.00507	0.00664	0.00656	0.00773	0.00473	0.00513	0.00918	0.01307	0.01811	0.60422	0.04035	0.08840	0.01071	0.00590	0.00167	0.00271	0.15320	0.00512	0.00452
73	0.00700	0.00488	0.00622	0.00620	0.00655	0.00517	0.00410	0.00770	0.00758	0.01045	0.04584	0.02741	0.01680	0.51651	0.30151	0.00566	0.00753	0.00646	0.00291	0.00349
74	0.01060	0.01060	0.01484	0.01272	0.01272	0.01484	0.01060	0.01166	0.00742	0.01166	0.00636	0.01060	0.00636	0.00848	0.01590	0.00212	0.82082	0.00424	0.00212	0.00530
75	0.00842	0.00421	0.00631	0.00631	0.00631	0.00421	0.00421	0.00631	0.00631	0.00842	0.00842	0.01473	0.00842	0.01684	0.01894	0.85901	0.00421	0.00421	0.00210	0.00210
76	0.01715	0.10921	0.03841	0.01156	0.11178	0.01030	0.00866	0.14185	0.01423	0.38418	0.06470	0.01556	0.02535	0.00581	0.00469	0.00142	0.00459	0.00471	0.00465	0.02119
77	0.00903	0.00452	0.00452	0.00452	0.00565	0.00452	0.00339	0.01129	0.01016	0.01807	0.01581	0.01807	0.01242	0.00565	0.00339	0.00113	0.00226	0.00452	0.85659	0.00452
78	0.00760	0.00472	0.00617	0.00676	0.00753	0.00431	0.00469	0.00859	0.00995	0.09568	0.04372	0.65026	0.08910	0.02833	0.00633	0.00193	0.00294	0.01234	0.00465	0.00440
79	0.01354	0.60232	0.10527	0.00963	0.01379	0.16036	0.00950	0.01547	0.01058	0.01190	0.00708	0.00821	0.00621	0.00435	0.00349	0.00113	0.00603	0.00279	0.00215	0.00621
80	0.01550	0.06633	0.04886	0.05282	0.10715	0.03945	0.11133	0.07858	0.07197	0.27001	0.01295	0.01348	0.00923	0.00552	0.00575	0.00154	0.07381	0.00458	0.00388	0.00725
81	0.00895	0.00727	0.01093	0.19438	0.05947	0.00869	0.00865	0.01077	0.00861	0.04348	0.01172	0.01879	0.01096	0.12844	0.28608	0.00424	0.13863	0.03240	0.00266	0.00489
82	0.06291	0.00899	0.01325	0.01026	0.01353	0.00871	0.14571	0.10760	0.01304	0.34370	0.01485	0.01551	0.01050	0.02147	0.07683	0.00208	0.00553	0.00486	0.11380	0.00686
83	0.01071	0.00928	0.01565	0.64490	0.03022	0.01090	0.08568	0.05505	0.01084	0.06633	0.00959	0.01310	0.00701	0.00490	0.00493	0.00160	0.00641	0.00448	0.00258	0.00584
84	0.01532	0.07628	0.10783	0.02780	0.05929	0.07439	0.17281	0.17425	0.01408	0.18574	0.01209	0.03773	0.00898	0.00535	0.00488	0.00148	0.00610	0.00473	0.00368	0.00719
85	0.00590	0.00424	0.00560	0.00668	0.00701	0.00394	0.00447	0.00676	0.00934	0.01240	0.02751	0.79850	0.05956	0.01508	0.00617	0.00196	0.00280	0.01365	0.00450	0.00394
86	0.01042	0.00883	0.01025	0.00735	0.01164	0.00683	0.00589	0.04593	0.01061	0.01644	0.00875	0.01012	0.00722	0.00369	0.00364	0.00075	0.00367	0.00294	0.00296	0.82209
87	0.01619	0.01168	0.10964	0.08165	0.01617	0.03780	0.05318	0.08950	0.02728	0.36212	0.02519	0.01395	0.00987	0.00531	0.00471	0.00141	0.00511	0.00441	0.00430	0.12055
88	0.01367	0.01292	0.01181	0.01044	0.01317	0.15558	0.00813	0.10592	0.53440	0.01953	0.01693	0.01610	0.02800	0.00637	0.00509	0.00156	0.02372	0.00500	0.00441	0.00724
89	0.01203	0.01053	0.01180	0.01086	0.03950	0.01204	0.03180	0.02507	0.74040	0.01998	0.01906	0.01772	0.01432	0.00642	0.00495	0.00164	0.00403	0.00545	0.00477	0.00764
90	0.02099	0.00965	0.04613	0.00906	0.01292	0.03460	0.00773	0.04655	0.01398	0.71791	0.01804	0.01581	0.01143	0.00590	0.00484	0.00149	0.00445	0.00474	0.00567	0.00811
91	0.01066	0.00940	0.01035	0.00753	0.01175	0.04188	0.00601	0.03631	0.01060	0.01607	0.00866	0.01004	0.00717	0.00372	0.00366	0.00076	0.00387	0.00293	0.00292	0.79572
92	0.06873	0.00883	0.01190	0.15951	0.01633	0.00869	0.00837	0.08545	0.01352	0.54399	0.01580	0.01491	0.01025	0.00568	0.00476	0.00152	0.00464	0.00459	0.00501	0.00754
93	0.77235	0.01054	0.00787	0.00699	0.00998	0.07064	0.00569	0.04053	0.00915	0.02130	0.00697	0.00806	0.00542	0.00458	0.00316	0.00148	0.00417	0.00272	0.00302	0.00538
94	0.00759	0.00614	0.00895	0.00856	0.00924	0.00758	0.00674	0.00912	0.00769	0.01124	0.01189	0.01808	0.01132	0.06604	0.63347	0.00664	0.15765	0.00510	0.00253	0.00444
95	0.01125	0.01034	0.01521	0.02903	0.06998	0.01093	0.19272	0.05730	0.36815	0.01856	0.08483	0.03087	0.05471	0.00654	0.00525	0.00162	0.00492	0.01683	0.00410	0.00684
96	0.00903	0.00452	0.00452	0.00452	0.00565	0.00452	0.00339	0.01129	0.01016	0.01807	0.01581	0.01807	0.01242	0.00565	0.00339	0.00113	0.00226	0.00452	0.85659	0.00452
97	0.01005	0.00861	0.01005	0.00718	0.01148	0.00646	0.00574	0.01220	0.01005	0.01579	0.00861	0.01005	0.00718	0.00359	0.00359	0.00072	0.00359	0.00287	0.00287	0.85932

[dist]
# distance from previous block
# <min> <max>
0	2

[block]
# block no. 1 follows, 52 sequences, length 51
# corresponding to MSA columns:
# 250-285,287-301
name=unknown_B
#
# <colnr> <probs for GDERKNQSTAVLIFYWHMCP>
#	G	D	E	R	K	N	Q	S	T	A	V	L	I	F	Y	W	H	M	C	P
0	0.04014	0.01113	0.04414	0.00964	0.01280	0.03357	0.02968	0.26881	0.21810	0.07790	0.06604	0.01974	0.11855	0.00698	0.00496	0.00153	0.00444	0.00566	0.01921	0.00699
1	0.00903	0.00452	0.00452	0.00452	0.00565	0.00452	0.00339	0.01129	0.01016	0.01807	0.01581	0.01807	0.01242	0.00565	0.00339	0.00113	0.00226	0.00452	0.85659	0.00452
2	0.04164	0.10974	0.01718	0.09831	0.27420	0.05061	0.04301	0.12669	0.04279	0.07394	0.01023	0.01209	0.00803	0.00625	0.03814	0.00171	0.03122	0.00418	0.00307	0.00696
3	0.01151	0.04404	0.11371	0.00995	0.02613	0.03982	0.03166	0.10796	0.22404	0.04785	0.18368	0.02041	0.03006	0.03068	0.02032	0.00172	0.00465	0.01501	0.03031	0.00647
4	0.08795	0.01292	0.23470	0.08950	0.03982	0.00875	0.01000	0.03697	0.01041	0.03797	0.01042	0.04373	0.00841	0.00494	0.00414	0.00127	0.00485	0.00396	0.10219	0.24710
5	0.00599	0.00478	0.00535	0.00564	0.00686	0.00418	0.00413	0.00724	0.01079	0.01346	0.10626	0.22837	0.50322	0.02810	0.00623	0.00179	0.00266	0.04632	0.00454	0.00409
6	0.00693	0.00472	0.00525	0.00525	0.00540	0.00464	0.00301	0.00704	0.00742	0.00974	0.01839	0.03309	0.08963	0.75421	0.02292	0.00442	0.00449	0.00734	0.00308	0.00304
7	0.01005	0.00861	0.01005	0.00718	0.01148	0.00646	0.00574	0.01220	0.01005	0.01579	0.00861	0.01005	0.00718	0.00359	0.00359	0.00072	0.00359	0.00287	0.00287	0.85932
8	0.01330	0.07932	0.02971	0.01114	0.02574	0.09468	0.14392	0.04006	0.08071	0.11412	0.01095	0.01185	0.00833	0.00453	0.00436	0.00119	0.00531	0.00394	0.00330	0.31355
9	0.04015	0.01042	0.01152	0.00903	0.01251	0.03250	0.01726	0.28337	0.05438	0.07378	0.04334	0.03752	0.01133	0.03317	0.00516	0.00137	0.00445	0.02556	0.00405	0.28913
10	0.01681	0.02072	0.01470	0.01516	0.13587	0.64951	0.01027	0.01830	0.01302	0.01246	0.00769	0.00933	0.00647	0.00505	0.00498	0.00132	0.04661	0.00336	0.00246	0.00592
11	0.00597	0.00426	0.00569	0.00677	0.00709	0.00399	0.00456	0.00688	0.00945	0.01263	0.05027	0.78814	0.03239	0.01499	0.00618	0.00196	0.00283	0.02747	0.00452	0.00397
12	0.00678	0.00495	0.00637	0.00601	0.00719	0.00454	0.00451	0.00899	0.01353	0.01899	0.74448	0.03693	0.09843	0.01007	0.00572	0.00153	0.00230	0.00887	0.00528	0.00454
13	0.01842	0.01357	0.01454	0.01115	0.01503	0.01503	0.00921	0.78330	0.02278	0.03054	0.01163	0.01163	0.00824	0.00582	0.00485	0.00145	0.00533	0.00436	0.00485	0.00824
14	0.00994	0.00850	0.00993	0.00717	0.01136	0.00639	0.00571	0.01206	0.01003	0.01570	0.00910	0.03197	0.00785	0.00390	0.00366	0.00075	0.00357	0.00316	0.00291	0.83635
15	0.00686	0.00495	0.00648	0.00610	0.00724	0.00457	0.00457	0.00914	0.01372	0.01943	0.79691	0.03620	0.04572	0.00991	0.00572	0.00152	0.00229	0.00876	0.00533	0.00457
16	0.08081	0.00823	0.01081	0.00839	0.01200	0.00731	0.00691	0.02251	0.01347	0.72364	0.04205	0.01649	0.01255	0.00601	0.00477	0.00150	0.00404	0.00483	0.00577	0.00792
17	0.01280	0.79449	0.06217	0.00855	0.01284	0.01880	0.00875	0.01455	0.00986	0.01159	0.00683	0.00789	0.00622	0.00417	0.00318	0.00106	0.00528	0.00264	0.00207	0.00626
18	0.01055	0.00664	0.04307	0.00702	0.00907	0.00547	0.00576	0.01286	0.01352	0.20845	0.55264	0.03058	0.05712	0.00879	0.00546	0.00152	0.00295	0.00763	0.00533	0.00556
19	0.00590	0.00422	0.00562	0.00675	0.00703	0.00394	0.00450	0.00675	0.00928	0.01237	0.02671	0.82653	0.03205	0.01518	0.00619	0.00197	0.00281	0.01378	0.00450	0.00394
20	0.01021	0.00959	0.01619	0.50091	0.31960	0.01088	0.01372	0.01329	0.01021	0.01383	0.00899	0.01271	0.00708	0.00467	0.00479	0.00154	0.00608	0.00432	0.02518	0.00622
21	0.01122	0.02039	0.52140	0.01383	0.01972	0.04408	0.12761	0.03496	0.04221	0.06410	0.04689	0.01253	0.00893	0.00499	0.00485	0.00154	0.00678	0.00429	0.00270	0.00700
22	0.01091	0.01033	0.01774	0.11657	0.55772	0.01062	0.05262	0.01369	0.01052	0.01485	0.02313	0.01377	0.00887	0.02795	0.08797	0.00220	0.00662	0.00462	0.00246	0.00684
23	0.00590	0.00422	0.00562	0.00675	0.00703	0.00394	0.00450	0.00675	0.00928	0.01237	0.02671	0.82653	0.03205	0.01518	0.00619	0.00197	0.00281	0.01378	0.00450	0.00394
24	0.10467	0.00888	0.01094	0.00860	0.01210	0.00848	0.00706	0.10991	0.04635	0.55912	0.06035	0.01623	0.01288	0.00607	0.00473	0.00150	0.00411	0.00483	0.00548	0.00772
25	0.45429	0.01094	0.01443	0.01126	0.01474	0.01190	0.22428	0.09008	0.05878	0.02034	0.00887	0.01044	0.00677	0.00480	0.00459	0.00157	0.03883	0.00391	0.00311	0.00605
26	0.00786	0.00518	0.00680	0.00627	0.00759	0.00474	0.00474	0.01012	0.01373	0.07233	0.74439	0.03487	0.04345	0.00964	0.00566	0.00152	0.00241	0.00850	0.00538	0.00482
27	0.01810	0.02310	0.01373	0.01248	0.01498	0.81024	0.00936	0.01935	0.01373	0.01186	0.00749	0.00874	0.00624	0.00499	0.00437	0.00125	0.00874	0.00312	0.00250	0.00562
28	0.00842	0.00421	0.00631	0.00631	0.00631	0.00421	0.00421	0.00631	0.00631	0.00842	0.00842	0.01473	0.00842	0.01684	0.01894	0.85901	0.00421	0.00421	0.00210	0.00210
29	0.24765	0.00855	0.01014	0.00802	0.01157	0.00813	0.00662	0.02110	0.01236	0.59331	0.01580	0.01418	0.01019	0.00560	0.00437	0.00150	0.00402	0.00427	0.00519	0.00744
30	0.00915	0.00861	0.01453	0.81804	0.03338	0.01077	0.01346	0.01238	0.00969	0.01238	0.00861	0.01292	0.00646	0.00484	0.00484	0.00161	0.00646	0.00431	0.00215	0.00538
31	0.01919	0.01265	0.01181	0.00973	0.01296	0.23339	0.00773	0.06947	0.04633	0.45290	0.03838	0.01557	0.03554	0.00603	0.00478	0.00144	0.00538	0.00465	0.00483	0.00725
32	0.71152	0.00969	0.04465	0.00681	0.00990	0.01019	0.00588	0.01436	0.00907	0.06118	0.07139	0.01072	0.00891	0.00502	0.00339	0.00150	0.00381	0.00328	0.00330	0.00544
33	0.00619	0.00467	0.00680	0.00745	0.00796	0.00436	0.04423	0.00720	0.00939	0.01253	0.02585	0.78495	0.03079	0.01461	0.00616	0.00195	0.00309	0.01336	0.00439	0.00407
34	0.83003	0.00999	0.03876	0.00667	0.00983	0.01089	0.00575	0.01429	0.00833	0.02149	0.00682	0.00797	0.00528	0.00450	0.00306	0.00150	0.00388	0.00266	0.00296	0.00532
35	0.00590	0.00422	0.00562	0.00675	0.00703	0.00394	0.00450	0.00675	0.00928	0.01237	0.02671	0.82653	0.03205	0.01518	0.00619	0.00197	0.00281	0.01378	0.00450	0.00394
36	0.01183	0.00893	0.01047	0.00765	0.01183	0.00722	0.00615	0.06090	0.03480	0.09808	0.01022	0.01105	0.00797	0.00406	0.00384	0.00087	0.00376	0.00325	0.00338	0.69373
37	0.00598	0.00429	0.00569	0.00678	0.00714	0.00401	0.00461	0.00689	0.00941	0.01248	0.02736	0.77055	0.05559	0.01502	0.00619	0.00197	0.00287	0.04471	0.00450	0.00396
38	0.00590	0.00425	0.00559	0.00666	0.00701	0.00394	0.00446	0.00676	0.00936	0.01240	0.02776	0.78999	0.06792	0.01505	0.00616	0.00195	0.00279	0.01361	0.00450	0.00394
39	0.02947	0.01272	0.01325	0.01038	0.01395	0.04308	0.00846	0.62306	0.02026	0.02714	0.01370	0.05121	0.04642	0.00637	0.00483	0.00143	0.00508	0.00492	0.00458	0.05969
40	0.01094	0.16628	0.51008	0.01247	0.04371	0.05965	0.01419	0.01502	0.01045	0.03602	0.01073	0.01229	0.04537	0.02698	0.00493	0.00151	0.00648	0.00386	0.00234	0.00669
41	0.01183	0.53948	0.27030	0.01024	0.01514	0.01648	0.01143	0.01464	0.00985	0.01266	0.00734	0.00868	0.00620	0.00449	0.00418	0.00124	0.04430	0.00298	0.00207	0.00647
42	0.01118	0.01170	0.05056	0.34723	0.14876	0.04920	0.17407	0.07283	0.01146	0.01508	0.01021	0.01329	0.02937	0.00499	0.00533	0.00157	0.02968	0.00469	0.00254	0.00625
43	0.01140	0.08974	0.47812	0.01307	0.05468	0.01229	0.01425	0.14267	0.01243	0.01767	0.06215	0.01211	0.00925	0.00529	0.00513	0.00150	0.04441	0.00404	0.00276	0.00702
44	0.01077	0.04887	0.05715	0.02552	0.04045	0.00960	0.26511	0.07796	0.01245	0.04809	0.13967	0.05130	0.06593	0.00675	0.00530	0.00153	0.00539	0.05247	0.00357	0.07210
45	0.01237	0.01159	0.04283	0.05609	0.49447	0.04075	0.01254	0.07308	0.07005	0.04788	0.01192	0.08304	0.01038	0.00566	0.00491	0.00151	0.00545	0.00518	0.00308	0.00723
46	0.08546	0.00893	0.01109	0.00880	0.02865	0.00792	0.04301	0.07206	0.02600	0.13395	0.01171	0.04881	0.00954	0.00623	0.03614	0.00139	0.00443	0.01358	0.00359	0.43872
47	0.08049	0.01336	0.21204	0.01227	0.10237	0.04217	0.03890	0.05068	0.02330	0.13259	0.11715	0.01651	0.04169	0.00703	0.03669	0.00171	0.00545	0.00486	0.00355	0.05721
48	0.03763	0.01106	0.02821	0.01168	0.04748	0.10474	0.12045	0.05589	0.05540	0.17292	0.06673	0.05453	0.02373	0.00857	0.06761	0.00198	0.05131	0.00529	0.00378	0.07103
49	0.04486	0.05273	0.24893	0.06592	0.01634	0.10396	0.01103	0.14647	0.08054	0.05882	0.04307	0.02586	0.06878	0.00601	0.00470	0.00149	0.00573	0.00469	0.00341	0.00666
50	0.04837	0.01039	0.01412	0.26682	0.17524	0.06073	0.01100	0.07764	0.01123	0.06305	0.03436	0.03828	0.00949	0.03331	0.00683	0.00169	0.10844	0.00469	0.00292	0.02140

[dist]
# distance from previous block
# <min> <max>
4	50

[block]
# block no. 2 follows, 52 sequences, length 16
# corresponding to MSA columns:
# 372,373,377-390
name=unknown_C
#
# <colnr> <probs for GDERKNQSTAVLIFYWHMCP>
#	G	D	E	R	K	N	Q	S	T	A	V	L	I	F	Y	W	H	M	C	P
0	0.06357	0.01265	0.06268	0.21725	0.03918	0.12520	0.01004	0.16024	0.10334	0.04335	0.03026	0.01531	0.06881	0.00598	0.00496	0.00152	0.02113	0.00470	0.00345	0.00636
1	0.04556	0.01289	0.09112	0.06096	0.02980	0.09655	0.14034	0.14820	0.03882	0.09760	0.06160	0.04043	0.02321	0.00648	0.00537	0.00159	0.02595	0.06336	0.00368	0.00649
2	0.01373	0.06311	0.01580	0.07794	0.15302	0.09317	0.08325	0.12105	0.07552	0.09353	0.01234	0.01469	0.02255	0.00540	0.00473	0.00141	0.00559	0.03781	0.00344	0.10192
3	0.06017	0.05256	0.01188	0.00905	0.01211	0.08069	0.04108	0.12501	0.06919	0.08524	0.04186	0.06841	0.09268	0.00660	0.00501	0.00136	0.03561	0.00528	0.00381	0.19237
4	0.26646	0.08767	0.05997	0.00879	0.01224	0.10091	0.00767	0.13193	0.01235	0.08513	0.03036	0.01375	0.02571	0.00556	0.00409	0.00139	0.00488	0.04616	0.00349	0.09149
5	0.01293	0.01177	0.01314	0.01030	0.01384	0.08887	0.06663	0.16103	0.15706	0.01873	0.01108	0.01197	0.00866	0.00505	0.00509	0.00124	0.05651	0.00396	0.00351	0.33864
6	0.01122	0.00963	0.01093	0.00819	0.01207	0.05204	0.03138	0.07621	0.01166	0.03660	0.05940	0.03154	0.01037	0.00460	0.00403	0.00094	0.00408	0.00378	0.00327	0.61805
7	0.01025	0.10763	0.01362	0.01045	0.01144	0.07308	0.00865	0.01164	0.00872	0.01207	0.06224	0.01405	0.01051	0.01498	0.21759	0.00334	0.39760	0.00451	0.00249	0.00513
8	0.01694	0.01225	0.01363	0.01069	0.01399	0.01361	0.00878	0.61176	0.02017	0.07099	0.06174	0.03575	0.01133	0.00655	0.00578	0.00153	0.06722	0.00492	0.00473	0.00767
9	0.00648	0.00484	0.00603	0.00594	0.00706	0.00438	0.00438	0.00834	0.01252	0.01709	0.52974	0.15270	0.20033	0.01116	0.00579	0.00161	0.00240	0.00979	0.00504	0.00438
10	0.00856	0.00645	0.00718	0.00683	0.00813	0.06611	0.00508	0.01048	0.01297	0.07114	0.54425	0.15614	0.05766	0.01015	0.00563	0.00157	0.00299	0.00889	0.00501	0.00479
11	0.01325	0.03341	0.01508	0.01249	0.01448	0.26759	0.10692	0.07648	0.04718	0.01421	0.01083	0.11629	0.01031	0.00727	0.00798	0.00166	0.23056	0.00533	0.00294	0.00575
12	0.00695	0.00545	0.00681	0.00692	0.00808	0.00536	0.00551	0.00866	0.01134	0.01489	0.23128	0.07994	0.28867	0.03118	0.00715	0.00189	0.05896	0.21210	0.00451	0.00436
13	0.01188	0.26574	0.28742	0.01115	0.01631	0.01346	0.06021	0.09742	0.04125	0.01604	0.00889	0.01009	0.00695	0.00449	0.00411	0.00127	0.00578	0.00347	0.00261	0.13147
14	0.03561	0.32052	0.12272	0.00960	0.01388	0.01406	0.00928	0.14335	0.09407	0.13049	0.01104	0.01119	0.00830	0.00498	0.00406	0.00130	0.00506	0.00366	0.00346	0.05337
15	0.01255	0.05903	0.11705	0.01058	0.01380	0.09729	0.06359	0.18371	0.04165	0.03531	0.01348	0.01652	0.06305	0.11375	0.04081	0.00213	0.05377	0.00487	0.00330	0.05374

[dist]
# distance from previous block
# <min> <max>
5	23

[block]
# block no. 3 follows, 52 sequences, length 6
# corresponding to MSA columns:
# 415-420
name=unknown_D
#
# <colnr> <probs for GDERKNQSTAVLIFYWHMCP>
#	G	D	E	R	K	N	Q	S	T	A	V	L	I	F	Y	W	H	M	C	P
0	0.07514	0.01021	0.01633	0.32162	0.41108	0.01122	0.01323	0.01448	0.05236	0.01523	0.00932	0.01236	0.00742	0.00465	0.00469	0.00152	0.00576	0.00425	0.00249	0.00664
1	0.06856	0.00784	0.00861	0.00767	0.00985	0.00816	0.00595	0.08775	0.20105	0.01855	0.18202	0.10212	0.15259	0.00861	0.00541	0.00155	0.02758	0.00717	0.00448	0.08448
2	0.00781	0.00553	0.00660	0.00653	0.00710	0.00581	0.00445	0.05921	0.00920	0.01271	0.01918	0.22077	0.06496	0.36212	0.06704	0.00340	0.05049	0.00820	0.07494	0.00396
3	0.03594	0.01202	0.13838	0.01700	0.19800	0.00980	0.20719	0.01351	0.01051	0.05609	0.01365	0.20156	0.01312	0.00711	0.00578	0.00166	0.04259	0.00674	0.00304	0.00629
4	0.01489	0.14920	0.06555	0.00918	0.01283	0.05585	0.00805	0.11269	0.09985	0.21995	0.06547	0.04108	0.01250	0.00586	0.00448	0.00135	0.00465	0.00463	0.00416	0.10779
5	0.00943	0.00902	0.04575	0.14364	0.01422	0.05533	0.00793	0.06970	0.06284	0.01506	0.08722	0.11460	0.10461	0.03141	0.10711	0.00243	0.04837	0.00654	0.00350	0.06129

[dist]
# distance from previous block
# <min> <max>
4	12

[block]
# block no. 4 follows, 52 sequences, length 16
# corresponding to MSA columns:
# 440-453,455,456
name=unknown_E
#
# <colnr> <probs for GDERKNQSTAVLIFYWHMCP>
#	G	D	E	R	K	N	Q	S	T	A	V	L	I	F	Y	W	H	M	C	P
0	0.18423	0.03842	0.00894	0.00766	0.00985	0.02614	0.00616	0.08663	0.07701	0.03503	0.12623	0.07847	0.12112	0.02136	0.00549	0.00167	0.02378	0.10189	0.00413	0.03577
1	0.17700	0.01116	0.01056	0.00897	0.01175	0.09612	0.00707	0.25279	0.08676	0.06033	0.04667	0.08751	0.02878	0.03277	0.02494	0.00174	0.00488	0.00523	0.00410	0.04087
2	0.00879	0.00628	0.00726	0.00670	0.00790	0.00645	0.00469	0.05297	0.10212	0.03731	0.03685	0.02648	0.07831	0.39615	0.13237	0.00389	0.00548	0.00639	0.02187	0.05173
3	0.01296	0.83261	0.02539	0.00829	0.01244	0.01917	0.00829	0.01451	0.00985	0.01140	0.00674	0.00777	0.00622	0.00415	0.00311	0.00104	0.00518	0.00259	0.00207	0.00622
4	0.01009	0.00980	0.01422	0.17678	0.01673	0.01328	0.01096	0.01168	0.00818	0.01203	0.00835	0.01456	0.00808	0.00813	0.01292	0.00203	0.59009	0.06454	0.00231	0.00525
5	0.01296	0.83261	0.02539	0.00829	0.01244	0.01917	0.00829	0.01451	0.00985	0.01140	0.00674	0.00777	0.00622	0.00415	0.00311	0.00104	0.00518	0.00259	0.00207	0.00622
6	0.01050	0.22036	0.61615	0.01248	0.01891	0.01317	0.01558	0.01514	0.01014	0.01439	0.00822	0.00964	0.00616	0.00449	0.00424	0.00141	0.00668	0.00334	0.00205	0.00693
7	0.01634	0.15829	0.01586	0.01287	0.07621	0.58373	0.00938	0.01773	0.01262	0.01201	0.00778	0.00968	0.00677	0.03520	0.00494	0.00135	0.00775	0.00327	0.00243	0.00578
8	0.01199	0.01151	0.01967	0.02974	0.79946	0.01151	0.01487	0.01487	0.01103	0.01583	0.00912	0.01199	0.00768	0.00432	0.00480	0.00144	0.00576	0.00432	0.00240	0.00768
9	0.00692	0.00519	0.00779	0.00779	0.00865	0.00606	0.00606	0.00865	0.00779	0.01125	0.01298	0.01904	0.01211	0.03634	0.81049	0.00779	0.01298	0.00519	0.00260	0.00433
10	0.01213	0.01162	0.02173	0.08518	0.44556	0.01146	0.26468	0.01538	0.01122	0.05873	0.00985	0.01266	0.00772	0.00437	0.00511	0.00152	0.00651	0.00480	0.00260	0.00716
11	0.00967	0.00942	0.01675	0.65320	0.09290	0.01102	0.11234	0.01298	0.01002	0.01306	0.00881	0.01287	0.00667	0.00471	0.00495	0.00160	0.00662	0.00449	0.00221	0.00571
12	0.01035	0.00984	0.01670	0.48505	0.35699	0.01108	0.01406	0.01343	0.01026	0.01384	0.00883	0.01253	0.00697	0.00462	0.00482	0.00154	0.00616	0.00431	0.00226	0.00635
13	0.01559	0.01203	0.01298	0.01019	0.01389	0.01292	0.00828	0.48395	0.19184	0.02576	0.01293	0.01280	0.00952	0.00561	0.00465	0.00137	0.00470	0.00436	0.00453	0.15210
14	0.01509	0.00792	0.00985	0.00789	0.01109	0.00707	0.00629	0.01843	0.11238	0.38716	0.06628	0.04036	0.07619	0.03195	0.00538	0.00148	0.00372	0.00550	0.00493	0.18104
15	0.03261	0.00713	0.00866	0.00801	0.03009	0.00706	0.02773	0.11022	0.05462	0.09140	0.11682	0.07349	0.20965	0.14494	0.00861	0.00214	0.00383	0.05332	0.00440	0.00529

[dist]
# distance from previous block
# <min> <max>
0	3

[block]
# block no. 5 follows, 52 sequences, length 7
# corresponding to MSA columns:
# 460-466
name=unknown_F
#
# <colnr> <probs for GDERKNQSTAVLIFYWHMCP>
#	G	D	E	R	K	N	Q	S	T	A	V	L	I	F	Y	W	H	M	C	P
0	0.07521	0.01090	0.04936	0.06136	0.17990	0.03402	0.00944	0.25142	0.01382	0.01935	0.01337	0.14760	0.01274	0.07672	0.00661	0.00184	0.00507	0.02130	0.00361	0.00637
1	0.01043	0.00977	0.01387	0.57760	0.02724	0.05302	0.01197	0.07039	0.06055	0.01416	0.01019	0.05058	0.00829	0.00574	0.00556	0.00163	0.05591	0.00476	0.00266	0.00568
2	0.00933	0.00610	0.00717	0.00698	0.00739	0.07000	0.00483	0.03346	0.00805	0.01028	0.05742	0.05078	0.01154	0.01501	0.01592	0.67112	0.00444	0.00482	0.00253	0.00282
3	0.00996	0.00609	0.00794	0.00740	0.00824	0.00646	0.00534	0.13115	0.04997	0.01296	0.01075	0.05454	0.01015	0.01591	0.07397	0.57291	0.00495	0.00484	0.00284	0.00362
4	0.01021	0.00953	0.01589	0.26989	0.43500	0.01014	0.01288	0.01295	0.01048	0.01433	0.01255	0.08152	0.03838	0.00605	0.00504	0.00158	0.00556	0.03898	0.00266	0.00639
5	0.01116	0.01034	0.01042	0.11392	0.01378	0.14048	0.00756	0.13851	0.04073	0.01655	0.09256	0.18355	0.09055	0.00839	0.00544	0.00154	0.02895	0.00696	0.00381	0.07479
6	0.01093	0.00793	0.00926	0.00818	0.00994	0.00856	0.00631	0.14906	0.11267	0.07949	0.09405	0.09903	0.14076	0.12891	0.00929	0.00213	0.08854	0.02502	0.00434	0.00561

[dist]
# distance from previous block
# <min> <max>
3	12

[block]
# block no. 6 follows, 52 sequences, length 24
# corresponding to MSA columns:
# 479-502
name=unknown_G
#
# <colnr> <probs for GDERKNQSTAVLIFYWHMCP>
#	G	D	E	R	K	N	Q	S	T	A	V	L	I	F	Y	W	H	M	C	P
0	0.12339	0.01062	0.01257	0.14326	0.08421	0.01187	0.00914	0.23902	0.19627	0.04205	0.03590	0.01446	0.02718	0.00575	0.00464	0.00152	0.00478	0.00462	0.00397	0.02476
1	0.17336	0.01093	0.01217	0.01008	0.03550	0.04504	0.03565	0.21273	0.06130	0.16982	0.01198	0.02841	0.00891	0.00552	0.00489	0.00142	0.04212	0.00418	0.00407	0.12193
2	0.47444	0.01005	0.02925	0.21621	0.05289	0.01118	0.00851	0.09232	0.01033	0.01965	0.00793	0.00986	0.00605	0.00469	0.00380	0.00150	0.00477	0.00334	0.00292	0.03029
3	0.13102	0.01067	0.01173	0.04256	0.01328	0.01142	0.00769	0.35508	0.01512	0.02233	0.01084	0.05888	0.00912	0.03502	0.00585	0.00150	0.05991	0.00444	0.00378	0.18977
4	0.00752	0.00573	0.00743	0.00748	0.02781	0.00526	0.01953	0.00925	0.03052	0.03641	0.06099	0.31455	0.17926	0.04348	0.08628	0.00237	0.00419	0.03618	0.00405	0.11172
5	0.00839	0.00617	0.00898	0.02951	0.00994	0.00683	0.03355	0.05982	0.00883	0.01254	0.01182	0.01748	0.01089	0.05841	0.48607	0.13695	0.02848	0.00493	0.02511	0.03529
6	0.01052	0.01007	0.01690	0.40955	0.31715	0.01140	0.04527	0.01397	0.04324	0.01409	0.00919	0.01266	0.00730	0.00490	0.00551	0.00158	0.05353	0.00441	0.00237	0.00638
7	0.00957	0.00913	0.01561	0.69349	0.08547	0.01094	0.05809	0.01313	0.03254	0.01303	0.00904	0.01301	0.00684	0.00481	0.00490	0.00160	0.00643	0.00442	0.00227	0.00568
8	0.00801	0.00657	0.00865	0.04162	0.01036	0.03453	0.00667	0.01121	0.10141	0.01239	0.01342	0.01832	0.01200	0.03042	0.65360	0.00658	0.01148	0.00512	0.00285	0.00481
9	0.01138	0.00551	0.00715	0.00653	0.00788	0.00523	0.00482	0.01230	0.03431	0.19788	0.08395	0.06566	0.03220	0.04161	0.01009	0.28198	0.00351	0.00565	0.17776	0.00460
10	0.00715	0.00531	0.00652	0.00688	0.00794	0.00512	0.00537	0.00912	0.04022	0.01404	0.13553	0.07124	0.20520	0.16665	0.00965	0.00243	0.00366	0.28943	0.00432	0.00421
11	0.00750	0.00508	0.00675	0.05395	0.00918	0.00482	0.00543	0.00885	0.01048	0.06776	0.10552	0.42530	0.14890	0.01281	0.00619	0.01797	0.00321	0.09138	0.00450	0.00443
12	0.18258	0.00683	0.00751	0.00677	0.00888	0.00679	0.00525	0.02404	0.06073	0.16167	0.22281	0.10235	0.15296	0.02327	0.00533	0.00164	0.00318	0.00724	0.00469	0.00546
13	0.07655	0.00572	0.00629	0.00613	0.00750	0.00559	0.00447	0.01007	0.07521	0.03601	0.20220	0.12296	0.26092	0.13755	0.00842	0.00212	0.00310	0.02029	0.00440	0.00451
14	0.00951	0.00587	0.00721	0.00688	0.00835	0.00557	0.00518	0.05431	0.02889	0.12640	0.18293	0.20642	0.14062	0.08999	0.00747	0.00198	0.00330	0.07019	0.03396	0.00498
15	0.30982	0.00676	0.00678	0.00647	0.00827	0.00707	0.00492	0.03208	0.01036	0.05394	0.15872	0.17502	0.09979	0.07066	0.00624	0.00187	0.00333	0.02905	0.00408	0.00479
16	0.00679	0.00493	0.00565	0.00565	0.00692	0.00437	0.00413	0.00818	0.01115	0.04132	0.20456	0.14478	0.40287	0.07732	0.00723	0.00190	0.00274	0.02724	0.02802	0.00425
17	0.00885	0.00519	0.00661	0.00657	0.00764	0.00477	0.00467	0.01003	0.01058	0.13830	0.16133	0.31105	0.09473	0.16912	0.00943	0.00232	0.00332	0.03635	0.00458	0.00457
18	0.20165	0.00820	0.00919	0.00785	0.01055	0.00834	0.00626	0.07915	0.08434	0.28530	0.08270	0.08009	0.03820	0.04325	0.00559	0.00172	0.00385	0.03262	0.00475	0.00641
19	0.00657	0.00467	0.00555	0.00581	0.00628	0.00448	0.00377	0.00727	0.00890	0.01175	0.09602	0.22287	0.14118	0.39386	0.04381	0.00336	0.00398	0.02250	0.00378	0.00358
20	0.00705	0.00537	0.00622	0.00613	0.00745	0.00510	0.00456	0.00990	0.08875	0.01629	0.31794	0.13241	0.27262	0.02874	0.00600	0.00169	0.00265	0.02456	0.05195	0.00461
21	0.17864	0.00643	0.00696	0.00660	0.00836	0.00654	0.00509	0.01218	0.06479	0.08471	0.19668	0.08892	0.11920	0.06495	0.00630	0.00182	0.00324	0.06935	0.06425	0.00500
22	0.00618	0.00464	0.00547	0.00594	0.00672	0.00423	0.00411	0.00715	0.00984	0.01262	0.07707	0.34932	0.28792	0.15127	0.00915	0.00230	0.00305	0.04484	0.00428	0.00388
23	0.00631	0.00492	0.00564	0.00595	0.00702	0.00449	0.00427	0.00791	0.03867	0.01345	0.10333	0.27560	0.37631	0.08041	0.00744	0.00201	0.00287	0.04479	0.00446	0.00414

[dist]
# distance from previous block
# <min> <max>
0	4

[block]
# block no. 7 follows, 52 sequences, length 7
# corresponding to MSA columns:
# 507-513
name=unknown_H
#
# <colnr> <probs for GDERKNQSTAVLIFYWHMCP>
#	G	D	E	R	K	N	Q	S	T	A	V	L	I	F	Y	W	H	M	C	P
0	0.00940	0.00665	0.00962	0.10922	0.09062	0.00714	0.00725	0.02820	0.07623	0.04044	0.04370	0.17631	0.01481	0.01168	0.01061	0.30843	0.03559	0.00644	0.00318	0.00448
1	0.00671	0.00454	0.00587	0.00666	0.00716	0.00424	0.00455	0.00759	0.00939	0.04063	0.02632	0.61354	0.07414	0.11147	0.00834	0.00227	0.00316	0.05507	0.00436	0.00401
2	0.62873	0.01054	0.00919	0.00770	0.01095	0.01203	0.00635	0.22817	0.01229	0.02419	0.00811	0.00892	0.00608	0.00487	0.00351	0.00149	0.00419	0.00311	0.00351	0.00608
3	0.01042	0.01005	0.01575	0.52848	0.08691	0.03504	0.05647	0.04963	0.01029	0.01357	0.00849	0.01232	0.00667	0.00536	0.00655	0.00166	0.12991	0.00435	0.00232	0.00575
4	0.18937	0.00767	0.00958	0.18523	0.01481	0.00882	0.00799	0.05468	0.01017	0.01569	0.01716	0.05683	0.10147	0.01128	0.09185	0.00241	0.06142	0.14526	0.00332	0.00502
5	0.21662	0.19521	0.01349	0.00824	0.01158	0.01196	0.00707	0.14475	0.03631	0.19308	0.07285	0.01336	0.01120	0.00674	0.03654	0.00165	0.00468	0.00408	0.00399	0.00661
6	0.05287	0.10912	0.01200	0.00881	0.01158	0.01165	0.00714	0.13727	0.36878	0.02031	0.14473	0.01992	0.06179	0.00693	0.00478	0.00151	0.00389	0.00563	0.00452	0.00676

[dist]
# distance from previous block
# <min> <max>
5	8

[block]
# block no. 8 follows, 52 sequences, length 10
# corresponding to MSA columns:
# 522-531
name=unknown_I
#
# <colnr> <probs for GDERKNQSTAVLIFYWHMCP>
#	G	D	E	R	K	N	Q	S	T	A	V	L	I	F	Y	W	H	M	C	P
0	0.05685	0.00685	0.02126	0.00682	0.00885	0.00622	0.00526	0.06402	0.02804	0.03408	0.22591	0.13045	0.12902	0.07882	0.02907	0.00190	0.00355	0.00746	0.00420	0.15140
1	0.04749	0.02004	0.04187	0.05560	0.02521	0.04919	0.00661	0.00945	0.00976	0.01293	0.05610	0.15370	0.22034	0.01133	0.00835	0.13241	0.06957	0.06222	0.00348	0.00435
2	0.04072	0.04694	0.03066	0.04062	0.01589	0.23715	0.13206	0.07878	0.01251	0.13680	0.01066	0.02939	0.00836	0.00709	0.04764	0.00179	0.07311	0.00434	0.00323	0.04226
3	0.01599	0.20813	0.06413	0.01162	0.01463	0.53528	0.00970	0.01756	0.01227	0.01195	0.00733	0.00871	0.00624	0.00498	0.00475	0.00127	0.05420	0.00309	0.00235	0.00583
4	0.01143	0.12407	0.05154	0.06572	0.01466	0.03815	0.04334	0.07851	0.01128	0.01603	0.00863	0.01017	0.00701	0.00406	0.00389	0.00099	0.00472	0.00323	0.00281	0.49976
5	0.04561	0.12207	0.01406	0.01082	0.01303	0.41717	0.04226	0.01535	0.01143	0.01225	0.01036	0.06710	0.01019	0.08635	0.00719	0.00174	0.06080	0.04423	0.00271	0.00527
