[name]
unknown

[dist]
# distance from previous block
# <min> <max>
0	556

[block]
# block no. 0 follows, 57 sequences, length 9
# corresponding to MSA columns:
# 573-581
name=unknown_A
#
# <colnr> <probs for GDERKNQSTAVLIFYWHMCP>
#	G	D	E	R	K	N	Q	S	T	A	V	L	I	F	Y	W	H	M	C	P
0	0.15901	0.15735	0.05037	0.00822	0.01096	0.10693	0.02943	0.01424	0.09871	0.06022	0.01355	0.01761	0.06227	0.08162	0.00576	0.00163	0.00465	0.07360	0.00311	0.04077
1	0.09324	0.31948	0.18813	0.00994	0.01403	0.10542	0.06418	0.02727	0.02466	0.01359	0.02767	0.00931	0.00696	0.00432	0.00385	0.00120	0.01910	0.00315	0.00230	0.06220
2	0.03324	0.00906	0.01114	0.00932	0.01169	0.01010	0.02875	0.08869	0.29158	0.20957	0.09637	0.01625	0.01393	0.00646	0.00633	0.00155	0.14003	0.00496	0.00434	0.00661
3	0.01071	0.00997	0.01448	0.16816	0.40042	0.05418	0.01116	0.01470	0.15135	0.01404	0.01006	0.01249	0.00815	0.00574	0.00585	0.09045	0.00519	0.00416	0.00260	0.00614
4	0.00765	0.05933	0.00711	0.00633	0.00725	0.00518	0.00454	0.00866	0.00918	0.08795	0.09816	0.43941	0.04432	0.13146	0.05982	0.00240	0.00369	0.00946	0.00395	0.00415
5	0.01164	0.37630	0.20409	0.00944	0.01344	0.09686	0.00963	0.06565	0.06615	0.01402	0.08416	0.01132	0.00998	0.00483	0.00381	0.00121	0.00528	0.00353	0.00262	0.00603
6	0.00683	0.00490	0.00657	0.00722	0.00806	0.00490	0.00585	0.00840	0.00952	0.01251	0.05650	0.09569	0.07545	0.14286	0.08616	0.00286	0.00465	0.45335	0.00383	0.00389
7	0.00803	0.02275	0.00835	0.00857	0.07656	0.00667	0.00584	0.08929	0.00930	0.01263	0.01603	0.04051	0.08849	0.21768	0.33425	0.00449	0.00738	0.03585	0.00297	0.00439
8	0.10024	0.46926	0.08140	0.00779	0.01152	0.01343	0.00761	0.02990	0.00992	0.06937	0.07617	0.01057	0.00937	0.00451	0.00341	0.00110	0.00442	0.00320	0.00266	0.08414

[dist]
# distance from previous block
# <min> <max>
3	10

[block]
# block no. 1 follows, 57 sequences, length 11
# corresponding to MSA columns:
# 592-602
name=unknown_B
#
# <colnr> <probs for GDERKNQSTAVLIFYWHMCP>
#	G	D	E	R	K	N	Q	S	T	A	V	L	I	F	Y	W	H	M	C	P
0	0.00717	0.00473	0.00620	0.00625	0.00730	0.00436	0.00471	0.00885	0.01131	0.07079	0.40928	0.24822	0.08546	0.01083	0.00551	0.00161	0.00262	0.09581	0.00468	0.00432
1	0.01005	0.09131	0.60863	0.01273	0.01859	0.01158	0.07335	0.06724	0.01033	0.01489	0.00816	0.00967	0.00597	0.00443	0.00464	0.00142	0.03480	0.00349	0.00212	0.00659
2	0.87276	0.00876	0.00666	0.00596	0.00876	0.01017	0.00491	0.01332	0.00771	0.02033	0.00631	0.00736	0.00491	0.00421	0.00280	0.00140	0.00351	0.00245	0.00280	0.00491
3	0.01049	0.18877	0.43841	0.03298	0.01721	0.01250	0.05898	0.06068	0.07787	0.01461	0.00877	0.01003	0.00664	0.00456	0.00455	0.00137	0.03927	0.00351	0.00233	0.00647
4	0.00687	0.00499	0.00675	0.00767	0.00868	0.00487	0.00649	0.00869	0.01021	0.01317	0.02658	0.14587	0.11492	0.01260	0.00610	0.00199	0.00377	0.60152	0.00418	0.00407
5	0.01342	0.01172	0.01140	0.03565	0.01300	0.11634	0.00777	0.27590	0.35160	0.02053	0.05028	0.04723	0.01249	0.00614	0.00459	0.00144	0.00461	0.00491	0.00421	0.00676
6	0.07996	0.00494	0.00571	0.00548	0.00677	0.00464	0.00412	0.00835	0.01159	0.01660	0.51853	0.07041	0.22734	0.00960	0.00515	0.00147	0.00232	0.00825	0.00458	0.00419
7	0.23520	0.00957	0.00997	0.00769	0.01125	0.04194	0.03276	0.10963	0.04098	0.01791	0.00834	0.00938	0.00661	0.00401	0.00350	0.00103	0.00395	0.00299	0.00299	0.44029
8	0.26017	0.00943	0.00980	0.00889	0.04369	0.03992	0.01903	0.16031	0.11989	0.05268	0.01216	0.08306	0.01048	0.00707	0.03683	0.00164	0.00441	0.03576	0.00359	0.08121
9	0.07841	0.01041	0.01263	0.07075	0.15811	0.07240	0.02616	0.15222	0.02909	0.12017	0.02297	0.01327	0.04102	0.00524	0.00485	0.00133	0.04831	0.01468	0.00335	0.11463
10	0.12331	0.01015	0.01514	0.12927	0.10159	0.04301	0.19665	0.08909	0.02677	0.04588	0.01045	0.06174	0.00887	0.00530	0.00482	0.00145	0.02808	0.03124	0.00290	0.06431

[dist]
# distance from previous block
# <min> <max>
0	6

[block]
# block no. 2 follows, 57 sequences, length 38
# corresponding to MSA columns:
# 610-647
name=unknown_C
#
# <colnr> <probs for GDERKNQSTAVLIFYWHMCP>
#	G	D	E	R	K	N	Q	S	T	A	V	L	I	F	Y	W	H	M	C	P
0	0.01371	0.09351	0.03088	0.01302	0.11045	0.23550	0.08771	0.09102	0.15096	0.06119	0.02788	0.01170	0.00881	0.00493	0.00449	0.00131	0.01887	0.00397	0.00313	0.02695
1	0.10821	0.00701	0.00732	0.00683	0.00867	0.05581	0.02073	0.02509	0.03951	0.01393	0.02122	0.34075	0.15005	0.00931	0.00473	0.00145	0.00333	0.00800	0.00363	0.16440
2	0.67900	0.07617	0.04411	0.03202	0.01053	0.01107	0.00615	0.06919	0.00892	0.01962	0.00677	0.00785	0.00525	0.00428	0.00305	0.00137	0.00393	0.00265	0.00280	0.00526
3	0.01162	0.06784	0.36457	0.02978	0.03941	0.02325	0.07871	0.13692	0.01188	0.07852	0.05363	0.01174	0.00871	0.00491	0.00480	0.00140	0.03694	0.00397	0.00285	0.02856
4	0.00948	0.03188	0.00950	0.00693	0.01051	0.00634	0.00563	0.02349	0.00976	0.03364	0.01097	0.03524	0.02535	0.00476	0.00377	0.00089	0.00347	0.07667	0.00297	0.68875
5	0.06872	0.39218	0.34168	0.00989	0.01474	0.04009	0.01119	0.01446	0.03247	0.02651	0.00761	0.00865	0.00605	0.00419	0.00358	0.00122	0.00556	0.00293	0.00214	0.00616
6	0.00658	0.00444	0.00516	0.00516	0.00524	0.00451	0.00302	0.00673	0.00665	0.00895	0.01408	0.02855	0.01599	0.76564	0.09752	0.00466	0.00511	0.00643	0.00272	0.00287
7	0.01685	0.03761	0.01310	0.01152	0.01396	0.76011	0.00873	0.06261	0.01325	0.01208	0.00721	0.00831	0.00594	0.00470	0.00409	0.00117	0.00792	0.00297	0.00245	0.00540
8	0.01166	0.00993	0.01047	0.00930	0.01193	0.01145	0.00727	0.07494	0.75280	0.01959	0.01795	0.01651	0.01343	0.00610	0.00461	0.00153	0.00368	0.00505	0.00461	0.00721
9	0.00552	0.00394	0.00526	0.00631	0.00657	0.00368	0.00421	0.00631	0.00868	0.01157	0.02498	0.83779	0.02997	0.01420	0.00578	0.00184	0.00263	0.01288	0.00421	0.00368
10	0.01224	0.82266	0.02347	0.00785	0.01169	0.03831	0.00778	0.01368	0.00930	0.01067	0.00632	0.00729	0.00582	0.00390	0.00294	0.00097	0.00493	0.00244	0.00195	0.00580
11	0.00909	0.02344	0.81727	0.01292	0.01961	0.01052	0.01674	0.01435	0.00957	0.01435	0.00813	0.00957	0.00574	0.00431	0.00431	0.00144	0.00670	0.00335	0.00191	0.00670
12	0.00940	0.00805	0.00940	0.00671	0.01074	0.00604	0.00537	0.01141	0.00940	0.01477	0.00805	0.00940	0.00671	0.00336	0.00336	0.00067	0.00336	0.00268	0.00268	0.86845
13	0.00540	0.00459	0.00465	0.00464	0.00615	0.00384	0.00348	0.00659	0.01044	0.01250	0.07907	0.04319	0.77732	0.01138	0.00535	0.00153	0.00229	0.00950	0.00424	0.00384
14	0.01096	0.00995	0.01586	0.34266	0.39735	0.01093	0.01268	0.11718	0.01128	0.01536	0.00865	0.01151	0.00680	0.00442	0.00451	0.00141	0.00559	0.00404	0.00246	0.00640
15	0.01039	0.37339	0.34382	0.01014	0.01490	0.01334	0.03532	0.01422	0.05939	0.01333	0.06497	0.01084	0.00894	0.00457	0.00383	0.00124	0.00541	0.00347	0.00232	0.00616
16	0.01127	0.00973	0.01025	0.00922	0.01178	0.01127	0.00717	0.02408	0.80430	0.01896	0.01844	0.01691	0.01383	0.00615	0.00461	0.00154	0.00359	0.00512	0.00461	0.00717
17	0.00577	0.00456	0.00491	0.00485	0.00601	0.00401	0.00346	0.00687	0.01006	0.01262	0.17184	0.03931	0.52939	0.16643	0.00867	0.00205	0.00266	0.00877	0.00407	0.00370
18	0.00637	0.00472	0.00650	0.00791	0.05113	0.00454	0.00539	0.02062	0.00934	0.01243	0.02401	0.61354	0.04103	0.01313	0.00578	0.00185	0.00311	0.16048	0.00410	0.00404
19	0.00856	0.00805	0.01359	0.82986	0.03121	0.01007	0.01258	0.01158	0.00906	0.01158	0.00805	0.01208	0.00604	0.00453	0.00453	0.00151	0.00604	0.00403	0.00201	0.00503
20	0.01211	0.84348	0.02374	0.00775	0.01163	0.01793	0.00775	0.01357	0.00921	0.01066	0.00630	0.00727	0.00582	0.00388	0.00291	0.00097	0.00485	0.00242	0.00194	0.00582
21	0.00596	0.00434	0.00562	0.00594	0.00669	0.00400	0.00425	0.00743	0.01077	0.01472	0.38932	0.38518	0.09778	0.01166	0.00556	0.00163	0.00241	0.02819	0.00457	0.00398
22	0.02977	0.00923	0.01517	0.48916	0.31332	0.01047	0.01274	0.04208	0.00995	0.01359	0.00829	0.01161	0.00649	0.00438	0.00447	0.00144	0.00570	0.00400	0.00221	0.00591
23	0.01925	0.00768	0.01025	0.00797	0.01135	0.00677	0.00655	0.02153	0.05232	0.74213	0.01908	0.01668	0.04494	0.00588	0.00459	0.00141	0.00378	0.00480	0.00550	0.00752
24	0.00637	0.00463	0.00600	0.00565	0.00674	0.00426	0.00424	0.00847	0.01272	0.01792	0.77798	0.03426	0.07502	0.00936	0.00534	0.00143	0.00214	0.00825	0.00496	0.00426
25	0.84549	0.00873	0.00678	0.00603	0.00885	0.01005	0.00496	0.01360	0.00788	0.04577	0.00668	0.00762	0.00511	0.00425	0.00286	0.00140	0.00352	0.00252	0.00289	0.00500
26	0.00931	0.00858	0.01019	0.06941	0.14480	0.08425	0.02072	0.05679	0.08689	0.01571	0.22842	0.02530	0.18696	0.00756	0.00493	0.00144	0.00400	0.02565	0.00378	0.00531
27	0.01122	0.01077	0.01839	0.02781	0.81248	0.01077	0.01391	0.01391	0.01032	0.01480	0.00852	0.01122	0.00718	0.00404	0.00449	0.00135	0.00538	0.00404	0.00224	0.00718
28	0.00659	0.00439	0.00494	0.00494	0.00494	0.00439	0.00275	0.00659	0.00659	0.00879	0.01428	0.02965	0.01647	0.84075	0.02306	0.00439	0.00439	0.00659	0.00275	0.00275
29	0.00885	0.00655	0.00945	0.04147	0.14254	0.00701	0.00694	0.04658	0.03428	0.06242	0.01297	0.02881	0.02398	0.17379	0.36899	0.00456	0.00795	0.00514	0.00286	0.00485
30	0.00913	0.00879	0.01236	0.01086	0.01100	0.01202	0.00893	0.01020	0.00709	0.01089	0.00802	0.05992	0.00819	0.01228	0.13780	0.00278	0.65818	0.00463	0.00218	0.00474
31	0.00641	0.00463	0.00606	0.00570	0.00677	0.00428	0.00428	0.00855	0.01283	0.01817	0.81009	0.03385	0.04276	0.00926	0.00534	0.00143	0.00214	0.00819	0.00499	0.00428
32	0.00561	0.00401	0.00525	0.00620	0.00651	0.00375	0.00414	0.00638	0.00864	0.01146	0.02506	0.74958	0.05628	0.06279	0.00680	0.00198	0.00275	0.02504	0.00412	0.00364
33	0.00728	0.00513	0.00725	0.00685	0.00788	0.00533	0.03452	0.00855	0.00809	0.05804	0.01818	0.05313	0.12894	0.19838	0.42609	0.00508	0.00807	0.00620	0.00300	0.00402
34	0.00907	0.00771	0.00905	0.00668	0.01039	0.00584	0.00527	0.01098	0.00934	0.01450	0.00947	0.07881	0.00866	0.00426	0.00356	0.00077	0.00329	0.00354	0.00281	0.79599
35	0.01074	0.01064	0.01686	0.21835	0.48506	0.05831	0.06089	0.01373	0.03050	0.01399	0.03184	0.01211	0.00801	0.00439	0.00455	0.00139	0.00570	0.00420	0.00234	0.00640
36	0.00936	0.09695	0.74613	0.01245	0.01890	0.01119	0.01594	0.01428	0.00953	0.01402	0.00797	0.00936	0.00575	0.00427	0.00418	0.00139	0.00653	0.00327	0.00192	0.00662
37	0.01122	0.01071	0.01791	0.02672	0.76529	0.01080	0.01351	0.01451	0.05712	0.01505	0.00911	0.01155	0.00757	0.00416	0.00449	0.00136	0.00528	0.00410	0.00238	0.00718

[dist]
# distance from previous block
# <min> <max>
0	2

[block]
# block no. 3 follows, 57 sequences, length 27
# corresponding to MSA columns:
# 650-676
name=unknown_D
#
# <colnr> <probs for GDERKNQSTAVLIFYWHMCP>
#	G	D	E	R	K	N	Q	S	T	A	V	L	I	F	Y	W	H	M	C	P
0	0.02971	0.01217	0.01549	0.01964	0.44293	0.10700	0.01119	0.15993	0.10953	0.03294	0.01013	0.01150	0.00796	0.00466	0.00443	0.00135	0.00535	0.00403	0.00304	0.00701
1	0.03493	0.01123	0.01185	0.00969	0.01280	0.02735	0.00784	0.44153	0.28051	0.05559	0.01392	0.01412	0.01035	0.00583	0.00453	0.00143	0.00443	0.02534	0.01947	0.00726
2	0.00552	0.00394	0.00526	0.00631	0.00657	0.00368	0.00421	0.00631	0.00868	0.01157	0.02498	0.83779	0.02997	0.01420	0.00578	0.00184	0.00263	0.01288	0.00421	0.00368
3	0.00552	0.00394	0.00526	0.00631	0.00657	0.00368	0.00421	0.00631	0.00868	0.01157	0.02498	0.83779	0.02997	0.01420	0.00578	0.00184	0.00263	0.01288	0.00421	0.00368
4	0.01078	0.01032	0.01761	0.15846	0.68522	0.01065	0.01369	0.01353	0.01011	0.01428	0.00845	0.01136	0.00699	0.00412	0.00449	0.00137	0.00549	0.00404	0.00221	0.00683
5	0.00978	0.21199	0.63482	0.01173	0.01778	0.01223	0.01468	0.01417	0.00948	0.01350	0.00771	0.00904	0.00576	0.00421	0.00398	0.00133	0.00627	0.00314	0.00192	0.00649
6	0.00787	0.00394	0.00590	0.00590	0.00590	0.00394	0.00394	0.00590	0.00590	0.00787	0.00787	0.01377	0.00787	0.01574	0.01771	0.86816	0.00394	0.00394	0.00197	0.00197
7	0.01211	0.84348	0.02374	0.00775	0.01163	0.01793	0.00775	0.01357	0.00921	0.01066	0.00630	0.00727	0.00582	0.00388	0.00291	0.00097	0.00485	0.00242	0.00194	0.00582
8	0.00552	0.00394	0.00526	0.00631	0.00657	0.00368	0.00421	0.00631	0.00868	0.01157	0.02498	0.83779	0.02997	0.01420	0.00578	0.00184	0.00263	0.01288	0.00421	0.00368
9	0.00787	0.00394	0.00590	0.00590	0.00590	0.00394	0.00394	0.00590	0.00590	0.00787	0.00787	0.01377	0.00787	0.01574	0.01771	0.86816	0.00394	0.00394	0.00197	0.00197
10	0.87276	0.00876	0.00666	0.00596	0.00876	0.01017	0.00491	0.01332	0.00771	0.02033	0.00631	0.00736	0.00491	0.00421	0.00280	0.00140	0.00351	0.00245	0.00280	0.00491
11	0.00940	0.00805	0.00940	0.00671	0.01074	0.00604	0.00537	0.01141	0.00940	0.01477	0.00805	0.00940	0.00671	0.00336	0.00336	0.00067	0.00336	0.00268	0.00268	0.86845
12	0.00552	0.00394	0.00526	0.00631	0.00657	0.00368	0.00421	0.00631	0.00868	0.01157	0.02498	0.83779	0.02997	0.01420	0.00578	0.00184	0.00263	0.01288	0.00421	0.00368
13	0.00607	0.00449	0.00569	0.00586	0.00679	0.00411	0.00433	0.00768	0.01116	0.01513	0.42239	0.24783	0.16534	0.01115	0.00553	0.00160	0.00244	0.06379	0.00460	0.00404
14	0.00552	0.00396	0.00524	0.00625	0.00656	0.00369	0.00418	0.00632	0.00873	0.01159	0.02566	0.81170	0.05562	0.01411	0.00577	0.00183	0.00262	0.01277	0.00421	0.00369
15	0.00845	0.00422	0.00422	0.00422	0.00528	0.00422	0.00317	0.01056	0.00950	0.01689	0.01478	0.01689	0.01161	0.00528	0.00317	0.00106	0.00211	0.00422	0.86591	0.00422
16	0.01127	0.00973	0.01025	0.00922	0.01178	0.01127	0.00717	0.02408	0.80430	0.01896	0.01844	0.01691	0.01383	0.00615	0.00461	0.00154	0.00359	0.00512	0.00461	0.00717
17	0.00647	0.00434	0.00498	0.00510	0.00513	0.00431	0.00291	0.00656	0.00683	0.00910	0.01549	0.12120	0.01800	0.74712	0.02111	0.00410	0.00419	0.00730	0.00291	0.00285
18	0.00722	0.00515	0.00720	0.00825	0.00925	0.00514	0.00715	0.00924	0.01035	0.01346	0.02404	0.08922	0.02627	0.01260	0.00624	0.00207	0.00410	0.74473	0.00417	0.00415
19	0.02033	0.00771	0.01052	0.00806	0.01157	0.00666	0.00666	0.02208	0.01297	0.81562	0.01788	0.01542	0.01122	0.00561	0.00456	0.00140	0.00386	0.00456	0.00561	0.00771
20	0.00881	0.00697	0.00837	0.00854	0.01019	0.00756	0.00709	0.01511	0.32451	0.01579	0.04344	0.03695	0.03878	0.00989	0.00556	0.00184	0.00384	0.43703	0.00437	0.00535
21	0.00616	0.00468	0.00529	0.00520	0.00652	0.00411	0.00390	0.00756	0.01082	0.03246	0.24865	0.05472	0.48568	0.05972	0.00643	0.00170	0.00251	0.04554	0.00436	0.00399
22	0.00552	0.00394	0.00526	0.00631	0.00657	0.00368	0.00421	0.00631	0.00868	0.01157	0.02498	0.83779	0.02997	0.01420	0.00578	0.00184	0.00263	0.01288	0.00421	0.00368
23	0.01067	0.01214	0.02629	0.01885	0.02327	0.01154	0.76850	0.01439	0.01056	0.01439	0.00905	0.01214	0.00684	0.00396	0.00568	0.00154	0.03652	0.00530	0.00228	0.00607
24	0.82344	0.03164	0.00725	0.00607	0.00893	0.01027	0.00504	0.01359	0.00791	0.04405	0.00666	0.00760	0.00512	0.00424	0.00286	0.00139	0.00355	0.00252	0.00287	0.00502
25	0.03773	0.01235	0.01328	0.03068	0.01425	0.01373	0.00856	0.72378	0.05588	0.02750	0.01104	0.01109	0.00787	0.00542	0.00449	0.00137	0.00491	0.00409	0.00443	0.00755
26	0.03576	0.05105	0.08366	0.04913	0.04116	0.02422	0.00893	0.35675	0.08117	0.15041	0.01170	0.01184	0.00835	0.00569	0.02033	0.00146	0.00498	0.00399	0.00397	0.04547

[dist]
# distance from previous block
# <min> <max>
1	4

[block]
# block no. 4 follows, 57 sequences, length 123
# corresponding to MSA columns:
# 681-731,733-743,745-747,756-788,797-821
name=unknown_E
#
# <colnr> <probs for GDERKNQSTAVLIFYWHMCP>
#	G	D	E	R	K	N	Q	S	T	A	V	L	I	F	Y	W	H	M	C	P
0	0.09078	0.10653	0.05421	0.02576	0.03690	0.29487	0.05521	0.17804	0.03019	0.03105	0.00843	0.00960	0.00662	0.00535	0.02067	0.00141	0.03205	0.00343	0.00286	0.00602
1	0.03662	0.02239	0.06509	0.00964	0.02263	0.01094	0.02262	0.39906	0.10929	0.02168	0.03903	0.05111	0.06252	0.02737	0.00517	0.00154	0.00449	0.06538	0.00409	0.01932
2	0.04226	0.01805	0.01235	0.01135	0.02875	0.60429	0.00853	0.04065	0.01192	0.02572	0.00767	0.00938	0.00646	0.00746	0.07493	0.00178	0.07748	0.00324	0.00245	0.00527
3	0.01193	0.80682	0.04323	0.00784	0.01174	0.01748	0.00791	0.01349	0.00929	0.01090	0.02184	0.00784	0.00653	0.00399	0.00299	0.00099	0.00484	0.00256	0.00200	0.00581
4	0.83154	0.00938	0.00696	0.00623	0.00902	0.04930	0.00509	0.01355	0.00796	0.01989	0.00634	0.00740	0.00495	0.00423	0.00287	0.00139	0.00373	0.00248	0.00278	0.00492
5	0.87276	0.00876	0.00666	0.00596	0.00876	0.01017	0.00491	0.01332	0.00771	0.02033	0.00631	0.00736	0.00491	0.00421	0.00280	0.00140	0.00351	0.00245	0.00280	0.00491
6	0.00940	0.00805	0.00940	0.00671	0.01074	0.00604	0.00537	0.01141	0.00940	0.01477	0.00805	0.00940	0.00671	0.00336	0.00336	0.00067	0.00336	0.00268	0.00268	0.86845
7	0.00923	0.02242	0.74520	0.01348	0.01998	0.01061	0.08779	0.01437	0.00967	0.01437	0.00823	0.00981	0.00584	0.00426	0.00440	0.00144	0.00678	0.00353	0.00195	0.00664
8	0.00659	0.00439	0.00494	0.00494	0.00494	0.00439	0.00275	0.00659	0.00659	0.00879	0.01428	0.02965	0.01647	0.84075	0.02306	0.00439	0.00439	0.00659	0.00275	0.00275
9	0.02021	0.00791	0.01064	0.00815	0.01166	0.00695	0.00674	0.05220	0.01329	0.78504	0.01760	0.01525	0.01108	0.00560	0.00456	0.00140	0.00390	0.00454	0.00557	0.00771
10	0.00968	0.02042	0.61012	0.01433	0.02046	0.01068	0.20629	0.01453	0.00990	0.02898	0.00856	0.01032	0.00612	0.00421	0.00456	0.00146	0.00687	0.00386	0.00207	0.00657
11	0.00642	0.00463	0.00604	0.00569	0.00673	0.00428	0.00425	0.00851	0.01270	0.01799	0.79451	0.03377	0.04224	0.02554	0.00569	0.00148	0.00218	0.00816	0.00494	0.00425
12	0.00659	0.00439	0.00494	0.00494	0.00494	0.00439	0.00275	0.00659	0.00659	0.00879	0.01428	0.02965	0.01647	0.84075	0.02306	0.00439	0.00439	0.00659	0.00275	0.00275
13	0.00638	0.00463	0.00602	0.00567	0.00675	0.00426	0.00425	0.00849	0.01276	0.01800	0.78833	0.03413	0.06462	0.00933	0.00534	0.00143	0.00214	0.00823	0.00497	0.00426
14	0.00538	0.00450	0.00468	0.00483	0.00618	0.00380	0.00355	0.00648	0.01010	0.01215	0.04296	0.15546	0.70070	0.01186	0.00542	0.00157	0.00234	0.01003	0.00421	0.00380
15	0.00638	0.00463	0.00601	0.00567	0.00675	0.00426	0.00425	0.00849	0.01275	0.01799	0.78611	0.03415	0.06685	0.00933	0.00534	0.00143	0.00214	0.00824	0.00496	0.00426
16	0.00787	0.00394	0.00590	0.00590	0.00590	0.00394	0.00394	0.00590	0.00590	0.00787	0.00787	0.01377	0.00787	0.01574	0.01771	0.86816	0.00394	0.00394	0.00197	0.00197
17	0.00548	0.00458	0.00477	0.00476	0.00621	0.00387	0.00356	0.00674	0.01058	0.01291	0.13399	0.05924	0.70520	0.01128	0.00536	0.00152	0.00228	0.00947	0.00430	0.00387
18	0.87276	0.00876	0.00666	0.00596	0.00876	0.01017	0.00491	0.01332	0.00771	0.02033	0.00631	0.00736	0.00491	0.00421	0.00280	0.00140	0.00351	0.00245	0.00280	0.00491
19	0.01875	0.01025	0.01209	0.00927	0.01284	0.01043	0.00766	0.41774	0.01722	0.41396	0.01431	0.01310	0.00943	0.00552	0.00454	0.00138	0.00443	0.00431	0.00506	0.00771
20	0.02799	0.00579	0.00784	0.00789	0.00954	0.00551	0.00670	0.01228	0.01109	0.20543	0.07941	0.06626	0.03999	0.01050	0.00568	0.00184	0.00385	0.48285	0.00455	0.00502
21	0.00618	0.00469	0.00536	0.00514	0.00653	0.00409	0.00387	0.00776	0.01144	0.03513	0.36541	0.03880	0.46857	0.01040	0.00533	0.00148	0.00227	0.00886	0.00457	0.00411
22	0.00638	0.00463	0.00601	0.00567	0.00675	0.00426	0.00425	0.00849	0.01275	0.01799	0.78611	0.03415	0.06685	0.00933	0.00534	0.00143	0.00214	0.00824	0.00496	0.00426
23	0.01127	0.00973	0.01025	0.00922	0.01178	0.01127	0.00717	0.02408	0.80430	0.01896	0.01844	0.01691	0.01383	0.00615	0.00461	0.00154	0.00359	0.00512	0.00461	0.00717
24	0.00581	0.00408	0.00539	0.00628	0.00669	0.00379	0.00427	0.00672	0.00903	0.02406	0.06359	0.74496	0.05759	0.01370	0.00574	0.00181	0.00264	0.02581	0.00426	0.00378
25	0.01693	0.02160	0.01284	0.01167	0.01401	0.82256	0.00876	0.01809	0.01284	0.01109	0.00700	0.00817	0.00584	0.00467	0.00409	0.00117	0.00817	0.00292	0.00233	0.00525
26	0.01691	0.01238	0.01326	0.01020	0.01373	0.01369	0.00841	0.76870	0.02087	0.02813	0.01102	0.01110	0.00785	0.00543	0.00448	0.00135	0.00488	0.00408	0.03593	0.00758
27	0.01122	0.01077	0.01839	0.02781	0.81248	0.01077	0.01391	0.01391	0.01032	0.01480	0.00852	0.01122	0.00718	0.00404	0.00449	0.00135	0.00538	0.00404	0.00224	0.00718
28	0.00552	0.00394	0.00526	0.00631	0.00657	0.00368	0.00421	0.00631	0.00868	0.01157	0.02498	0.83779	0.02997	0.01420	0.00578	0.00184	0.00263	0.01288	0.00421	0.00368
29	0.00552	0.00394	0.00526	0.00631	0.00657	0.00368	0.00421	0.00631	0.00868	0.01157	0.02498	0.83779	0.02997	0.01420	0.00578	0.00184	0.00263	0.01288	0.00421	0.00368
30	0.87276	0.00876	0.00666	0.00596	0.00876	0.01017	0.00491	0.01332	0.00771	0.02033	0.00631	0.00736	0.00491	0.00421	0.00280	0.00140	0.00351	0.00245	0.00280	0.00491
31	0.87276	0.00876	0.00666	0.00596	0.00876	0.01017	0.00491	0.01332	0.00771	0.02033	0.00631	0.00736	0.00491	0.00421	0.00280	0.00140	0.00351	0.00245	0.00280	0.00491
32	0.01596	0.01990	0.01342	0.03315	0.04072	0.70166	0.03350	0.01766	0.03726	0.01157	0.00748	0.00882	0.00617	0.00476	0.00447	0.00123	0.03134	0.00316	0.00238	0.00539
33	0.00546	0.00462	0.00474	0.00479	0.00630	0.00390	0.00365	0.00666	0.01033	0.01231	0.04473	0.04401	0.76846	0.01153	0.00540	0.00156	0.00240	0.05110	0.00421	0.00384
34	0.01723	0.01269	0.01360	0.01043	0.01405	0.01405	0.00861	0.79738	0.02131	0.02856	0.01088	0.01088	0.00771	0.00544	0.00453	0.00136	0.00499	0.00408	0.00453	0.00771
35	0.00653	0.00438	0.00495	0.00498	0.00502	0.00436	0.00281	0.00658	0.00674	0.00895	0.01529	0.05662	0.03345	0.79621	0.02212	0.00425	0.00429	0.00686	0.00282	0.00280
36	0.00659	0.00439	0.00494	0.00494	0.00494	0.00439	0.00275	0.00659	0.00659	0.00879	0.01428	0.02965	0.01647	0.84075	0.02306	0.00439	0.00439	0.00659	0.00275	0.00275
37	0.01070	0.01222	0.02674	0.01910	0.02368	0.01146	0.79603	0.01451	0.01070	0.01451	0.00917	0.01222	0.00688	0.00382	0.00535	0.00153	0.00764	0.00535	0.00229	0.00611
38	0.01723	0.01269	0.01360	0.01043	0.01405	0.01405	0.00861	0.79738	0.02131	0.02856	0.01088	0.01088	0.00771	0.00544	0.00453	0.00136	0.00499	0.00408	0.00453	0.00771
39	0.00628	0.00463	0.00588	0.00556	0.00669	0.00422	0.00417	0.00830	0.01252	0.01744	0.71638	0.03505	0.13693	0.00954	0.00535	0.00144	0.00216	0.00836	0.00489	0.00422
40	0.00845	0.00422	0.00422	0.00422	0.00528	0.00422	0.00317	0.01056	0.00950	0.01689	0.01478	0.01689	0.01161	0.00528	0.00317	0.00106	0.00211	0.00422	0.86591	0.00422
41	0.00666	0.00469	0.00614	0.00574	0.00685	0.00432	0.00432	0.00879	0.01283	0.03232	0.79604	0.03352	0.04220	0.00920	0.00533	0.00142	0.00217	0.00813	0.00500	0.00434
42	0.00552	0.00394	0.00526	0.00631	0.00657	0.00368	0.00421	0.00631	0.00868	0.01157	0.02498	0.83779	0.02997	0.01420	0.00578	0.00184	0.00263	0.01288	0.00421	0.00368
43	0.87276	0.00876	0.00666	0.00596	0.00876	0.01017	0.00491	0.01332	0.00771	0.02033	0.00631	0.00736	0.00491	0.00421	0.00280	0.00140	0.00351	0.00245	0.00280	0.00491
44	0.00647	0.00485	0.00728	0.00728	0.00809	0.00566	0.00566	0.00809	0.00728	0.01052	0.01214	0.01780	0.01133	0.03398	0.82279	0.00728	0.01214	0.00485	0.00243	0.00405
45	0.00845	0.00422	0.00422	0.00422	0.00528	0.00422	0.00317	0.01056	0.00950	0.01689	0.01478	0.01689	0.01161	0.00528	0.00317	0.00106	0.00211	0.00422	0.86591	0.00422
46	0.00555	0.00397	0.00529	0.00634	0.00662	0.00371	0.00426	0.00636	0.00871	0.01160	0.02496	0.82408	0.02990	0.01417	0.00579	0.00184	0.00266	0.02629	0.00421	0.00369
47	0.00726	0.00528	0.00641	0.00685	0.00768	0.00538	0.00482	0.01046	0.16644	0.03515	0.02243	0.54942	0.02474	0.07753	0.00685	0.00196	0.00303	0.03439	0.01948	0.00444
48	0.00982	0.00830	0.00962	0.00691	0.01092	0.00647	0.00554	0.05368	0.01004	0.01551	0.00821	0.00948	0.00677	0.00347	0.00342	0.00071	0.00344	0.00276	0.00278	0.82217
49	0.00883	0.00723	0.00791	0.00728	0.00924	0.00768	0.00556	0.01593	0.39845	0.01695	0.16901	0.08230	0.13848	0.00790	0.00480	0.00147	0.00297	0.00673	0.04923	0.05205
50	0.03070	0.00803	0.01016	0.00815	0.01128	0.00763	0.00661	0.04106	0.16685	0.57129	0.07448	0.01679	0.01380	0.00595	0.00460	0.00143	0.00370	0.00488	0.00530	0.00732
51	0.02978	0.00463	0.00521	0.00552	0.00670	0.00414	0.00410	0.00721	0.00995	0.02565	0.07062	0.26572	0.45898	0.01193	0.00546	0.00165	0.00259	0.07202	0.00422	0.00393
52	0.01963	0.00883	0.01121	0.00859	0.01213	0.00832	0.00710	0.19644	0.01484	0.63862	0.01630	0.01440	0.01043	0.00557	0.00455	0.00139	0.00411	0.00445	0.00537	0.00771
53	0.00552	0.00394	0.00526	0.00631	0.00657	0.00368	0.00421	0.00631	0.00868	0.01157	0.02498	0.83779	0.02997	0.01420	0.00578	0.00184	0.00263	0.01288	0.00421	0.00368
54	0.00557	0.00457	0.00482	0.00481	0.00621	0.00389	0.00358	0.00687	0.01061	0.01316	0.15402	0.07107	0.65584	0.01114	0.00533	0.00152	0.00228	0.00938	0.02145	0.00389
55	0.00666	0.00471	0.00576	0.00574	0.00691	0.00427	0.00425	0.00839	0.02519	0.05207	0.34745	0.21314	0.26019	0.01084	0.00541	0.00156	0.00244	0.02618	0.00459	0.00422
56	0.00845	0.00422	0.00422	0.00422	0.00528	0.00422	0.00317	0.01056	0.00950	0.01689	0.01478	0.01689	0.01161	0.00528	0.00317	0.00106	0.00211	0.00422	0.86591	0.00422
57	0.00903	0.00841	0.01396	0.74219	0.09124	0.01025	0.01256	0.03620	0.00954	0.01236	0.00818	0.01198	0.00618	0.00452	0.00453	0.00149	0.00596	0.00403	0.00211	0.00528
58	0.00689	0.00477	0.00560	0.00543	0.00676	0.00421	0.00404	0.00831	0.01095	0.07302	0.27318	0.11507	0.39010	0.05025	0.00620	0.00167	0.00253	0.02235	0.00448	0.00419
59	0.00542	0.00455	0.00472	0.00477	0.00619	0.00384	0.00354	0.00660	0.01035	0.01251	0.08553	0.09894	0.71445	0.01155	0.00538	0.00155	0.00231	0.00972	0.00425	0.00384
60	0.00558	0.00399	0.00533	0.00638	0.00667	0.00373	0.00431	0.00641	0.00873	0.01163	0.02494	0.81183	0.02984	0.01414	0.00580	0.00185	0.00268	0.03827	0.00421	0.00370
61	0.00605	0.00447	0.00560	0.03157	0.00729	0.00426	0.00443	0.00701	0.00889	0.01151	0.03915	0.37659	0.18025	0.17971	0.00920	0.00231	0.00322	0.11101	0.00385	0.00364
62	0.01316	0.00704	0.00882	0.00760	0.00981	0.00687	0.00600	0.08721	0.09304	0.31572	0.15384	0.06364	0.01941	0.09330	0.02106	0.00191	0.00380	0.07704	0.00475	0.00597
63	0.08390	0.03529	0.31386	0.01316	0.07580	0.01075	0.13855	0.01667	0.18342	0.05345	0.01084	0.01175	0.00800	0.00464	0.00439	0.00144	0.00556	0.00406	0.00285	0.02163
64	0.01079	0.01193	0.02508	0.06211	0.02335	0.01151	0.70008	0.04030	0.02449	0.01483	0.00926	0.01221	0.00696	0.00403	0.00544	0.00153	0.02241	0.00521	0.00238	0.00610
65	0.01311	0.01211	0.03790	0.00987	0.01278	0.09900	0.00797	0.19220	0.52184	0.02006	0.01522	0.01441	0.01137	0.00577	0.00453	0.00146	0.00449	0.00460	0.00426	0.00707
66	0.01162	0.01116	0.01162	0.07326	0.07696	0.17848	0.02350	0.05050	0.20182	0.04039	0.03170	0.03843	0.01152	0.01989	0.08955	0.00211	0.06022	0.04638	0.00326	0.01764
67	0.00674	0.02572	0.00621	0.00604	0.00667	0.00500	0.00406	0.01966	0.05129	0.01185	0.08444	0.36494	0.03371	0.30203	0.02490	0.00271	0.00352	0.00903	0.00366	0.02784
68	0.00642	0.00451	0.00577	0.00646	0.00698	0.00436	0.00441	0.03325	0.03572	0.02387	0.02384	0.69563	0.04878	0.03920	0.00662	0.03166	0.00285	0.01162	0.00413	0.00391
69	0.00655	0.00438	0.00495	0.00499	0.00500	0.00437	0.00279	0.00658	0.00666	0.00888	0.01463	0.05633	0.01692	0.81347	0.02249	0.00431	0.00433	0.00680	0.00279	0.00278
70	0.00755	0.00524	0.00581	0.00549	0.00631	0.00515	0.00362	0.05535	0.03578	0.03822	0.06986	0.03098	0.19359	0.50011	0.01571	0.00320	0.00378	0.00708	0.00347	0.00369
71	0.00552	0.00410	0.00510	0.00590	0.00643	0.00373	0.00400	0.00636	0.00897	0.01163	0.02921	0.64246	0.19898	0.03714	0.00618	0.00185	0.00261	0.01198	0.00417	0.00369
72	0.00856	0.00805	0.01359	0.82986	0.03121	0.01007	0.01258	0.01158	0.00906	0.01158	0.00805	0.01208	0.00604	0.00453	0.00453	0.00151	0.00604	0.00403	0.00201	0.00503
73	0.00609	0.00419	0.00512	0.00560	0.00576	0.00406	0.00347	0.00653	0.00776	0.01038	0.04548	0.40285	0.02357	0.43175	0.01450	0.00312	0.00350	0.00955	0.00349	0.00323
74	0.02674	0.00553	0.00657	0.00618	0.00765	0.00532	0.00465	0.03470	0.07421	0.08294	0.31918	0.13692	0.20641	0.03476	0.02615	0.00174	0.00293	0.00819	0.00454	0.00468
75	0.00689	0.00556	0.00617	0.00582	0.00739	0.00534	0.00442	0.02568	0.13375	0.01575	0.31828	0.03530	0.39331	0.00973	0.00522	0.00149	0.00249	0.00827	0.00456	0.00458
76	0.01445	0.01059	0.01151	0.00951	0.01256	0.01176	0.00763	0.32455	0.40453	0.10537	0.02837	0.01468	0.01165	0.00587	0.00459	0.00145	0.00414	0.00471	0.00469	0.00739
77	0.04031	0.00620	0.00768	0.00804	0.01889	0.00640	0.00652	0.03306	0.13618	0.04007	0.07739	0.11268	0.07981	0.01055	0.00558	0.00182	0.00366	0.39603	0.00428	0.00485
78	0.08818	0.00607	0.00649	0.00604	0.00774	0.00601	0.00461	0.07864	0.06232	0.04557	0.15240	0.10215	0.31501	0.04072	0.00559	0.00161	0.00289	0.02003	0.04327	0.00467
79	0.80007	0.00883	0.00709	0.00621	0.00908	0.01010	0.00512	0.03839	0.00842	0.06336	0.00707	0.00790	0.00533	0.00432	0.00295	0.00140	0.00357	0.00262	0.00301	0.00515
80	0.00659	0.00441	0.00501	0.00501	0.00503	0.00443	0.00283	0.00663	0.00661	0.00884	0.01422	0.02932	0.01633	0.81778	0.04583	0.00448	0.00461	0.00654	0.00274	0.00278
81	0.12873	0.00634	0.00748	0.00674	0.00873	0.00610	0.00523	0.05382	0.01130	0.24185	0.14331	0.21116	0.11217	0.00883	0.00486	0.00154	0.00315	0.02880	0.00455	0.00532
82	0.00787	0.00394	0.00590	0.00590	0.00590	0.00394	0.00394	0.00590	0.00590	0.00787	0.00787	0.01377	0.00787	0.01574	0.01771	0.86816	0.00394	0.00394	0.00197	0.00197
83	0.02007	0.00814	0.01078	0.00826	0.01178	0.00729	0.00683	0.08810	0.01368	0.74860	0.01728	0.01504	0.01092	0.00559	0.00455	0.00140	0.00395	0.00452	0.00552	0.00771
84	0.01152	0.00962	0.01023	0.00913	0.01170	0.01103	0.00712	0.04492	0.74039	0.03911	0.04076	0.01719	0.01442	0.00620	0.00463	0.00153	0.00359	0.00517	0.00464	0.00712
85	0.00742	0.00505	0.00710	0.00694	0.00779	0.00560	0.00521	0.02374	0.00777	0.05387	0.01313	0.04051	0.01266	0.17722	0.59773	0.00619	0.00991	0.00534	0.00274	0.00407
86	0.02016	0.00798	0.01068	0.00819	0.01170	0.00706	0.00677	0.06377	0.01342	0.77330	0.01750	0.01518	0.01103	0.00560	0.00456	0.00140	0.00392	0.00453	0.00555	0.00771
87	0.01727	0.01141	0.01259	0.00970	0.01317	0.01230	0.00800	0.62691	0.01929	0.15803	0.01225	0.01195	0.00850	0.00546	0.00446	0.00135	0.00464	0.00417	0.05103	0.00752
88	0.00752	0.00569	0.00704	0.00725	0.00845	0.00583	0.00581	0.01101	0.14028	0.01440	0.15367	0.03834	0.09584	0.11616	0.03041	0.00227	0.00382	0.33759	0.00415	0.00447
89	0.01028	0.00646	0.00872	0.00953	0.13579	0.00590	0.00618	0.02801	0.01170	0.20209	0.21168	0.05513	0.27346	0.00837	0.00503	0.00145	0.00318	0.00719	0.00441	0.00545
90	0.00659	0.00439	0.00494	0.00494	0.00494	0.00439	0.00275	0.00659	0.00659	0.00879	0.01428	0.02965	0.01647	0.84075	0.02306	0.00439	0.00439	0.00659	0.00275	0.00275
91	0.00561	0.00401	0.00536	0.00641	0.00672	0.00376	0.00436	0.00647	0.00877	0.01167	0.02492	0.79768	0.02977	0.01411	0.00581	0.00185	0.00271	0.05210	0.00420	0.00371
92	0.85125	0.02962	0.00709	0.00600	0.00883	0.01036	0.00498	0.01333	0.00775	0.02009	0.00631	0.00736	0.00493	0.00420	0.00281	0.00139	0.00354	0.00245	0.00278	0.00493
93	0.01188	0.69361	0.07210	0.00930	0.01339	0.03176	0.08868	0.01380	0.00945	0.01129	0.00672	0.00793	0.00592	0.00391	0.00326	0.00106	0.00530	0.00279	0.00198	0.00589
94	0.01710	0.01263	0.01353	0.01040	0.01400	0.01399	0.00858	0.78060	0.03829	0.02835	0.01104	0.01101	0.00784	0.00545	0.00453	0.00136	0.00496	0.00410	0.00453	0.00769
95	0.01070	0.01222	0.02674	0.01910	0.02368	0.01146	0.79603	0.01451	0.01070	0.01451	0.00917	0.01222	0.00688	0.00382	0.00535	0.00153	0.00764	0.00535	0.00229	0.00611
96	0.01027	0.00847	0.01089	0.01016	0.13888	0.00683	0.00680	0.01238	0.00974	0.05784	0.00866	0.01001	0.00703	0.00359	0.00360	0.00082	0.00371	0.00300	0.00277	0.68455
97	0.01082	0.02407	0.07642	0.00832	0.01194	0.00740	0.05598	0.06663	0.02887	0.11102	0.12289	0.01473	0.02557	0.00567	0.02459	0.00123	0.00413	0.00421	0.00344	0.39208
98	0.57235	0.01184	0.00899	0.02912	0.03291	0.19998	0.00650	0.01426	0.00900	0.01726	0.00659	0.00793	0.00529	0.00448	0.00378	0.00137	0.04464	0.00272	0.00262	0.01836
99	0.00897	0.00847	0.01433	0.70661	0.15127	0.01017	0.01279	0.01194	0.00925	0.01207	0.00813	0.01195	0.00622	0.00445	0.00452	0.00148	0.00594	0.00403	0.00205	0.00536
100	0.01113	0.01068	0.01824	0.05276	0.78818	0.01074	0.01387	0.01383	0.01028	0.01470	0.00851	0.01124	0.00714	0.00405	0.00449	0.00135	0.00540	0.00404	0.00224	0.00711
101	0.08860	0.00724	0.00905	0.00722	0.01027	0.00635	0.00581	0.01682	0.01145	0.46938	0.05758	0.08005	0.05598	0.00628	0.00439	0.00132	0.00348	0.00517	0.00467	0.14890
102	0.00552	0.00394	0.00526	0.00631	0.00657	0.00368	0.00421	0.00631	0.00868	0.01157	0.02498	0.83779	0.02997	0.01420	0.00578	0.00184	0.00263	0.01288	0.00421	0.00368
103	0.02033	0.00771	0.01052	0.00806	0.01157	0.00666	0.00666	0.02208	0.01297	0.81562	0.01788	0.01542	0.01122	0.00561	0.00456	0.00140	0.00386	0.00456	0.00561	0.00771
104	0.05306	0.00489	0.00617	0.00588	0.00704	0.00465	0.00449	0.00886	0.01241	0.01801	0.71905	0.03347	0.03971	0.00919	0.00526	0.00146	0.00234	0.05496	0.00482	0.00430
105	0.00648	0.00484	0.00720	0.00720	0.00798	0.00562	0.00556	0.00804	0.00726	0.01046	0.01221	0.01822	0.01151	0.06227	0.79476	0.00718	0.01187	0.00492	0.00244	0.00400
106	0.00940	0.00805	0.00940	0.00671	0.01074	0.00604	0.00537	0.01141	0.00940	0.01477	0.00805	0.00940	0.00671	0.00336	0.00336	0.00067	0.00336	0.00268	0.00268	0.86845
107	0.00557	0.00464	0.00489	0.00495	0.00642	0.00396	0.00380	0.00685	0.01047	0.01267	0.08523	0.04369	0.70620	0.01144	0.00543	0.00157	0.00244	0.07166	0.00425	0.00388
108	0.07556	0.00469	0.00489	0.00483	0.00533	0.00480	0.00303	0.00818	0.00745	0.01185	0.01378	0.02450	0.01427	0.55271	0.01618	0.00327	0.00372	0.00563	0.23201	0.00331
109	0.00555	0.00396	0.00525	0.00627	0.00653	0.00370	0.00417	0.00632	0.00862	0.01149	0.02468	0.81550	0.02960	0.03700	0.00626	0.00191	0.00268	0.01271	0.00417	0.00365
110	0.00659	0.00439	0.00494	0.00494	0.00494	0.00439	0.00275	0.00659	0.00659	0.00879	0.01428	0.02965	0.01647	0.84075	0.02306	0.00439	0.00439	0.00659	0.00275	0.00275
111	0.00649	0.00480	0.00699	0.00699	0.00769	0.00550	0.00530	0.00790	0.00719	0.01030	0.01241	0.01930	0.01198	0.13599	0.72168	0.00692	0.01116	0.00507	0.00247	0.00388
112	0.00729	0.00456	0.00525	0.00516	0.00535	0.00449	0.00300	0.00741	0.00700	0.05227	0.01483	0.05578	0.01664	0.76833	0.02149	0.00415	0.00431	0.00669	0.00295	0.00304
113	0.00574	0.00461	0.00513	0.00500	0.00636	0.00399	0.00375	0.00726	0.01125	0.01442	0.32649	0.04003	0.52870	0.01066	0.00535	0.00149	0.00224	0.00906	0.00449	0.00399
114	0.00547	0.00452	0.00482	0.00498	0.00631	0.00386	0.00370	0.00663	0.01018	0.01238	0.06671	0.15464	0.65227	0.01182	0.00544	0.00159	0.00240	0.03422	0.00423	0.00383
115	0.01716	0.01253	0.01346	0.01035	0.01395	0.01384	0.00854	0.76471	0.03812	0.04449	0.01119	0.01110	0.00791	0.00546	0.00454	0.00136	0.00493	0.00411	0.00456	0.00769
116	0.00787	0.00394	0.00590	0.00590	0.00590	0.00394	0.00394	0.00590	0.00590	0.00787	0.00787	0.01377	0.00787	0.01574	0.01771	0.86816	0.00394	0.00394	0.00197	0.00197
117	0.00557	0.00398	0.00531	0.00636	0.00664	0.00372	0.00428	0.00639	0.00872	0.01162	0.02495	0.81781	0.02987	0.01415	0.00580	0.00185	0.00267	0.03242	0.00421	0.00369
118	0.00636	0.00463	0.00598	0.00565	0.00674	0.00425	0.00423	0.00845	0.01270	0.01788	0.77245	0.03433	0.08058	0.00937	0.00534	0.00143	0.00215	0.00826	0.00495	0.00425
119	0.00565	0.00447	0.00508	0.00521	0.00637	0.00391	0.00380	0.00696	0.01060	0.01354	0.22719	0.20370	0.46449	0.01150	0.00544	0.00157	0.00233	0.00991	0.00440	0.00391
120	0.01729	0.01259	0.01353	0.01038	0.01400	0.01390	0.00857	0.78124	0.02113	0.04494	0.01102	0.01097	0.00778	0.00544	0.00453	0.00136	0.00496	0.00409	0.00456	0.00771
121	0.00999	0.01005	0.01385	0.04572	0.01273	0.02873	0.01000	0.01107	0.00714	0.01094	0.00605	0.00997	0.00595	0.00773	0.01424	0.00195	0.78298	0.00395	0.00199	0.00497
122	0.01392	0.01245	0.01165	0.00996	0.01280	0.13787	0.00785	0.25373	0.44814	0.02060	0.01441	0.01376	0.01077	0.00571	0.00451	0.00143	0.00471	0.00447	0.00423	0.00703

[dist]
# distance from previous block
# <min> <max>
0	3

# created by:
# /st0/software/busco_prod/Augustus/scripts/msa2prfl.pl ./align_prep/108889.fa
