[name]
unknown

[dist]
# distance from previous block
# <min> <max>
11	216

[block]
# block no. 0 follows, 51 sequences, length 23
# corresponding to MSA columns:
# 216-238
name=unknown_A
#
# <colnr> <probs for GDERKNQSTAVLIFYWHMCP>
#	G	D	E	R	K	N	Q	S	T	A	V	L	I	F	Y	W	H	M	C	P
0	0.08641	0.23580	0.22305	0.01062	0.01473	0.02946	0.08662	0.04817	0.01061	0.01504	0.04674	0.05291	0.01090	0.10126	0.00674	0.00181	0.00573	0.00467	0.00273	0.00600
1	0.01261	0.01067	0.02726	0.02566	0.01704	0.01055	0.29558	0.07917	0.15254	0.11453	0.05168	0.01879	0.06695	0.04640	0.00694	0.01829	0.02892	0.00594	0.00386	0.00662
2	0.03894	0.00991	0.01060	0.02935	0.01189	0.01086	0.00708	0.42393	0.03648	0.02498	0.01335	0.01441	0.01001	0.00639	0.01982	0.00149	0.00436	0.00447	0.31494	0.00672
3	0.00802	0.00631	0.00683	0.00622	0.00810	0.00593	0.00479	0.12382	0.01364	0.01747	0.22112	0.03944	0.49844	0.01089	0.00567	0.00160	0.00289	0.00912	0.00482	0.00490
4	0.01054	0.00894	0.01195	0.01049	0.01155	0.01129	0.00854	0.14400	0.01039	0.01497	0.01024	0.01458	0.00927	0.02018	0.35163	0.00448	0.33392	0.00473	0.00284	0.00547
5	0.01660	0.28503	0.01747	0.00979	0.01361	0.03857	0.00851	0.34439	0.05841	0.11858	0.01154	0.01157	0.00858	0.00537	0.00428	0.00133	0.00513	0.00392	0.02989	0.00745
6	0.00701	0.00503	0.00625	0.00654	0.00754	0.00469	0.00467	0.00901	0.04873	0.03899	0.24361	0.40626	0.16785	0.01269	0.00596	0.00178	0.00273	0.01125	0.00487	0.00451
7	0.01059	0.00596	0.00611	0.00559	0.00716	0.00618	0.00432	0.12702	0.01223	0.02022	0.01539	0.01734	0.01196	0.00575	0.00366	0.00119	0.00276	0.00456	0.72685	0.00515
8	0.00692	0.00489	0.00575	0.00575	0.00616	0.00492	0.00365	0.00742	0.00789	0.01043	0.02023	0.03215	0.13365	0.56439	0.16118	0.00485	0.00591	0.00730	0.00315	0.00340
9	0.01600	0.01650	0.01375	0.01191	0.01421	0.35413	0.00938	0.13625	0.13028	0.05438	0.01043	0.01153	0.00826	0.00626	0.00717	0.00156	0.18410	0.00405	0.00336	0.00648
10	0.01127	0.00932	0.01064	0.00778	0.01196	0.00775	0.00626	0.12757	0.01218	0.01814	0.01107	0.01213	0.04344	0.00438	0.00393	0.00088	0.00385	0.00348	0.00329	0.69070
11	0.01216	0.52011	0.29937	0.01048	0.01575	0.01648	0.01188	0.03942	0.01054	0.01359	0.00769	0.00889	0.00634	0.00442	0.00374	0.00124	0.00597	0.00304	0.00218	0.00671
12	0.82141	0.00945	0.00742	0.00657	0.00965	0.01084	0.00541	0.01490	0.00864	0.05965	0.00745	0.00841	0.00565	0.00464	0.00313	0.00152	0.00382	0.00277	0.00319	0.00547
13	0.01327	0.01067	0.01183	0.01086	0.04838	0.01192	0.00812	0.24965	0.41039	0.02233	0.01806	0.13208	0.01519	0.00759	0.00515	0.00165	0.00429	0.00637	0.00480	0.00741
14	0.01061	0.01173	0.02414	0.03947	0.02225	0.01130	0.59415	0.01411	0.01124	0.01504	0.01568	0.01821	0.12571	0.00569	0.00641	0.00169	0.05728	0.00636	0.00277	0.00615
15	0.00711	0.12848	0.00876	0.00705	0.00796	0.00635	0.00514	0.00814	0.00972	0.01275	0.06147	0.66296	0.02924	0.01345	0.00578	0.00183	0.00319	0.01202	0.00423	0.00437
16	0.00728	0.00580	0.00664	0.00637	0.00790	0.00557	0.00478	0.01087	0.12902	0.01713	0.36821	0.08366	0.30698	0.01070	0.00571	0.00163	0.00265	0.00921	0.00500	0.00490
17	0.13794	0.00623	0.00740	0.00663	0.00850	0.00599	0.00514	0.01235	0.01291	0.14881	0.50660	0.05077	0.05435	0.00878	0.00525	0.00155	0.00287	0.00748	0.00512	0.00533
18	0.22081	0.00907	0.01035	0.00844	0.01186	0.00911	0.00688	0.02210	0.16439	0.46134	0.01651	0.01495	0.01109	0.00583	0.00450	0.00155	0.00403	0.00452	0.00514	0.00752
19	0.05710	0.00955	0.01176	0.00913	0.01284	0.00917	0.00752	0.18762	0.03504	0.55700	0.01808	0.01619	0.03346	0.00617	0.00488	0.00152	0.00438	0.00490	0.00563	0.00809
20	0.62439	0.00959	0.00965	0.05204	0.12914	0.01075	0.00726	0.01482	0.00920	0.05852	0.00818	0.00960	0.00630	0.00466	0.00352	0.00151	0.00423	0.00317	0.02765	0.00583
21	0.01168	0.16789	0.30835	0.01388	0.01872	0.09067	0.18023	0.02515	0.01080	0.01429	0.00905	0.03386	0.00743	0.00573	0.02077	0.00163	0.06676	0.00426	0.00234	0.00652
22	0.01116	0.04869	0.02107	0.20088	0.26435	0.01226	0.24632	0.01428	0.01062	0.01455	0.00937	0.01339	0.00770	0.00502	0.00616	0.00162	0.08115	0.02247	0.00240	0.00654

[dist]
# distance from previous block
# <min> <max>
0	4

[block]
# block no. 1 follows, 51 sequences, length 6
# corresponding to MSA columns:
# 243-248
name=unknown_B
#
# <colnr> <probs for GDERKNQSTAVLIFYWHMCP>
#	G	D	E	R	K	N	Q	S	T	A	V	L	I	F	Y	W	H	M	C	P
0	0.00789	0.00615	0.00731	0.00693	0.00842	0.00617	0.00521	0.01248	0.17984	0.01866	0.49029	0.09410	0.11747	0.00998	0.00566	0.00162	0.00272	0.00872	0.00517	0.00521
1	0.00972	0.00538	0.00733	0.00749	0.00868	0.00504	0.00554	0.01105	0.01060	0.18239	0.05496	0.48617	0.02649	0.01503	0.08041	0.00244	0.00420	0.06730	0.00474	0.00504
2	0.01133	0.00604	0.00767	0.00668	0.00877	0.00532	0.00521	0.01326	0.01330	0.25854	0.37527	0.03312	0.21694	0.00941	0.00554	0.00157	0.00293	0.00803	0.00541	0.00567
3	0.00680	0.00505	0.00743	0.00767	0.00842	0.00568	0.00580	0.00836	0.00822	0.01165	0.01616	0.19252	0.01664	0.03224	0.63530	0.00663	0.01094	0.00714	0.00305	0.00430
4	0.01257	0.56187	0.17049	0.07164	0.01605	0.06962	0.01072	0.01504	0.01031	0.01242	0.00740	0.00882	0.00631	0.00440	0.00366	0.00121	0.00597	0.00299	0.00213	0.00638
5	0.01132	0.00859	0.00960	0.00789	0.01094	0.00824	0.00624	0.11288	0.18054	0.07473	0.09405	0.02307	0.18253	0.00725	0.00486	0.00136	0.00359	0.00598	0.00443	0.24193

[dist]
# distance from previous block
# <min> <max>
0	1

[block]
# block no. 2 follows, 51 sequences, length 9
# corresponding to MSA columns:
# 250-258
name=unknown_C
#
# <colnr> <probs for GDERKNQSTAVLIFYWHMCP>
#	G	D	E	R	K	N	Q	S	T	A	V	L	I	F	Y	W	H	M	C	P
0	0.03749	0.46959	0.23779	0.01114	0.04718	0.05229	0.01138	0.05712	0.01099	0.01424	0.00779	0.00901	0.00643	0.00448	0.00379	0.00125	0.00596	0.00310	0.00231	0.00669
1	0.74181	0.00887	0.00691	0.00625	0.00910	0.01006	0.00510	0.01341	0.00876	0.02082	0.01287	0.01350	0.11613	0.00567	0.00343	0.00154	0.00362	0.00374	0.00325	0.00516
2	0.03551	0.01292	0.01365	0.03287	0.01483	0.13489	0.05068	0.27049	0.11110	0.18926	0.05503	0.01454	0.01149	0.00603	0.00516	0.00151	0.02340	0.00475	0.00452	0.00737
3	0.00671	0.00527	0.00703	0.00755	0.00793	0.00559	0.00539	0.00771	0.00953	0.01294	0.07453	0.61831	0.07012	0.01394	0.00760	0.00197	0.11727	0.01210	0.00428	0.00424
4	0.00788	0.00605	0.00684	0.00655	0.00810	0.00576	0.00490	0.11598	0.01297	0.01684	0.18455	0.22820	0.35347	0.01177	0.00579	0.00169	0.00295	0.01012	0.00478	0.00480
5	0.01397	0.01616	0.12528	0.01648	0.02120	0.10466	0.39196	0.21298	0.01467	0.01921	0.01000	0.01200	0.00740	0.00477	0.00527	0.00155	0.00748	0.00486	0.00306	0.00705
6	0.01244	0.00921	0.01053	0.00860	0.01187	0.00888	0.00676	0.12145	0.20938	0.09634	0.01569	0.12941	0.01347	0.00664	0.00466	0.00133	0.00389	0.00557	0.00427	0.31960
7	0.00599	0.00428	0.00570	0.00684	0.00713	0.00399	0.00456	0.00684	0.00941	0.01254	0.02709	0.82409	0.03250	0.01540	0.00627	0.00200	0.00285	0.01397	0.00456	0.00399
8	0.01169	0.01119	0.01850	0.14258	0.47689	0.01173	0.08498	0.01666	0.14409	0.01628	0.01108	0.01346	0.00881	0.00483	0.00498	0.00154	0.00584	0.00471	0.00284	0.00733

[dist]
# distance from previous block
# <min> <max>
0	7

[block]
# block no. 3 follows, 51 sequences, length 27
# corresponding to MSA columns:
# 276-294,349-353,355-357
name=unknown_D
#
# <colnr> <probs for GDERKNQSTAVLIFYWHMCP>
#	G	D	E	R	K	N	Q	S	T	A	V	L	I	F	Y	W	H	M	C	P
0	0.49886	0.00901	0.00903	0.00745	0.01082	0.00938	0.00614	0.01855	0.01083	0.35840	0.01227	0.01176	0.00828	0.00522	0.00386	0.00152	0.00397	0.00365	0.00436	0.00664
1	0.01108	0.01071	0.01416	0.01225	0.01287	0.01441	0.01008	0.01505	0.18343	0.01380	0.00951	0.01246	0.00838	0.00817	0.01362	0.00204	0.63469	0.00458	0.00279	0.00592
2	0.01156	0.01528	0.22524	0.02592	0.59305	0.01161	0.01589	0.01521	0.01098	0.01593	0.00913	0.01169	0.00737	0.00445	0.00481	0.00148	0.00621	0.00418	0.00234	0.00765
3	0.09993	0.45371	0.09428	0.19150	0.04699	0.01560	0.01044	0.01429	0.00986	0.01342	0.00754	0.00946	0.00631	0.00445	0.00374	0.00129	0.00561	0.00318	0.00223	0.00616
4	0.01487	0.01038	0.01185	0.01110	0.07687	0.09267	0.03077	0.02012	0.22350	0.26163	0.08885	0.02037	0.06861	0.00682	0.00507	0.00154	0.00456	0.02062	0.00475	0.02505
5	0.00666	0.00485	0.00627	0.00625	0.00725	0.00446	0.00456	0.00858	0.01272	0.01768	0.57388	0.21490	0.09075	0.01140	0.00590	0.00165	0.00245	0.01013	0.00516	0.00446
6	0.01038	0.19440	0.01407	0.00953	0.01116	0.09384	0.00796	0.01186	0.00907	0.01170	0.01139	0.01503	0.04727	0.01842	0.31932	0.00402	0.19844	0.00448	0.00248	0.00517
7	0.01243	0.00808	0.01222	0.00970	0.01240	0.00793	0.17952	0.03494	0.10169	0.14763	0.01557	0.01676	0.01154	0.00554	0.00444	0.00139	0.00422	0.00502	0.40286	0.00613
8	0.00686	0.00497	0.00647	0.00619	0.00731	0.00458	0.00461	0.00905	0.01354	0.01906	0.72349	0.08901	0.06545	0.01046	0.00583	0.00158	0.00236	0.00926	0.00533	0.00458
9	0.01384	0.05897	0.00976	0.00771	0.01003	0.02720	0.00608	0.09343	0.05066	0.24876	0.01850	0.19797	0.01610	0.00796	0.00475	0.00150	0.00372	0.00668	0.21014	0.00624
10	0.00734	0.00593	0.00770	0.00789	0.00872	0.04490	0.00595	0.00887	0.00853	0.01169	0.01603	0.20024	0.01655	0.03046	0.58776	0.00624	0.01063	0.00713	0.00306	0.00436
11	0.04867	0.00765	0.00931	0.00752	0.01043	0.00723	0.00610	0.08852	0.01344	0.44368	0.01712	0.01648	0.01171	0.00589	0.00437	0.00139	0.00366	0.00469	0.28513	0.00700
12	0.06499	0.02767	0.01494	0.24565	0.25245	0.03080	0.01118	0.05948	0.01121	0.03288	0.00911	0.01163	0.00722	0.00452	0.00445	0.00134	0.00542	0.00388	0.00273	0.19846
13	0.01537	0.49389	0.02104	0.00986	0.01369	0.16725	0.00882	0.18824	0.01369	0.01603	0.00810	0.00895	0.00677	0.00475	0.00379	0.00119	0.00597	0.00313	0.00282	0.00665
14	0.86201	0.00950	0.00722	0.00646	0.00950	0.01102	0.00532	0.01445	0.00836	0.02205	0.00684	0.00798	0.00532	0.00456	0.00304	0.00152	0.00380	0.00266	0.00304	0.00532
15	0.01194	0.19733	0.09447	0.04943	0.48574	0.01326	0.03476	0.01483	0.01077	0.01481	0.00899	0.02590	0.00770	0.00458	0.00451	0.00140	0.00588	0.00413	0.00236	0.00722
16	0.00988	0.00905	0.01498	0.18323	0.42509	0.00941	0.01190	0.01231	0.01042	0.01438	0.01404	0.23517	0.01432	0.00751	0.00526	0.00164	0.00516	0.00701	0.00297	0.00627
17	0.00712	0.00488	0.00593	0.00593	0.00613	0.00508	0.00369	0.00751	0.00732	0.00995	0.01496	0.02926	0.01661	0.64909	0.20150	0.00547	0.00666	0.00672	0.00290	0.00330
18	0.02205	0.00836	0.01140	0.00874	0.01254	0.00722	0.00722	0.02395	0.01407	0.80004	0.01939	0.01673	0.01216	0.00608	0.00494	0.00152	0.00418	0.00494	0.00608	0.00836
19	0.01718	0.19772	0.01708	0.01060	0.01455	0.01607	0.00907	0.57779	0.05043	0.02618	0.01100	0.01117	0.00816	0.00555	0.00452	0.00139	0.00531	0.00406	0.00428	0.00787
20	0.67040	0.00999	0.01009	0.01181	0.18697	0.01117	0.00752	0.01459	0.00900	0.02070	0.00738	0.00893	0.00588	0.00452	0.00345	0.00151	0.00426	0.00305	0.00290	0.00588
21	0.12718	0.01051	0.01137	0.00940	0.01238	0.01132	0.00752	0.42702	0.01714	0.10502	0.01538	0.19494	0.01379	0.00788	0.00498	0.00160	0.00449	0.00640	0.00471	0.00697
22	0.03902	0.00802	0.01033	0.00832	0.01139	0.00742	0.00676	0.08327	0.02804	0.49638	0.20434	0.02183	0.02031	0.00717	0.00514	0.00154	0.00383	0.02392	0.00569	0.00729
23	0.20452	0.64521	0.02157	0.00797	0.01191	0.01755	0.00771	0.01465	0.00962	0.01393	0.00683	0.00791	0.00608	0.00428	0.00313	0.00116	0.00493	0.00264	0.00231	0.00608
24	0.01082	0.01000	0.01662	0.07166	0.57313	0.01004	0.01264	0.01362	0.01172	0.01667	0.18615	0.01775	0.01641	0.00569	0.00508	0.00149	0.00509	0.00539	0.00309	0.00694
25	0.01265	0.01132	0.01053	0.00964	0.01186	0.14241	0.00740	0.15796	0.26406	0.01885	0.01811	0.19903	0.01680	0.00851	0.00518	0.00164	0.00471	0.04374	0.04924	0.00636
26	0.01032	0.00577	0.00761	0.00672	0.00849	0.00521	0.00519	0.01252	0.01386	0.19545	0.59721	0.03252	0.06097	0.00922	0.00560	0.00154	0.00274	0.00804	0.00554	0.00546

[dist]
# distance from previous block
# <min> <max>
0	1

[block]
# block no. 4 follows, 51 sequences, length 7
# corresponding to MSA columns:
# 359-365
name=unknown_E
#
# <colnr> <probs for GDERKNQSTAVLIFYWHMCP>
#	G	D	E	R	K	N	Q	S	T	A	V	L	I	F	Y	W	H	M	C	P
0	0.00581	0.00498	0.00498	0.00498	0.00664	0.00415	0.00373	0.00705	0.01120	0.01328	0.04978	0.04729	0.79464	0.01245	0.00581	0.00166	0.00249	0.01037	0.00456	0.00415
1	0.00609	0.00479	0.00550	0.00574	0.00692	0.00420	0.00414	0.00744	0.01125	0.01437	0.19392	0.25919	0.43345	0.01277	0.00593	0.00173	0.00255	0.01106	0.00473	0.00420
2	0.00867	0.00510	0.00796	0.15732	0.01152	0.00551	0.00602	0.00755	0.00704	0.00929	0.00857	0.01460	0.00817	0.01480	0.01654	0.69747	0.00469	0.00429	0.00214	0.00275
3	0.01430	0.01219	0.01314	0.01108	0.01370	0.04837	0.00891	0.26601	0.36227	0.02191	0.01429	0.01440	0.01089	0.00671	0.00702	0.00168	0.15651	0.00485	0.00433	0.00743
4	0.01472	0.01274	0.01323	0.01017	0.01404	0.10820	0.04212	0.34362	0.01631	0.02184	0.01167	0.01239	0.04022	0.00517	0.00447	0.00119	0.00520	0.00403	0.00378	0.31488
5	0.01153	0.01227	0.06307	0.07302	0.46841	0.01234	0.10589	0.01443	0.01043	0.01499	0.00875	0.01199	0.00733	0.00519	0.00707	0.00163	0.15780	0.00449	0.00235	0.00703
6	0.00765	0.03595	0.00760	0.00755	0.00849	0.00628	0.00545	0.01101	0.15460	0.01395	0.02409	0.52652	0.02688	0.07221	0.00732	0.00212	0.00340	0.06973	0.00444	0.00475

[dist]
# distance from previous block
# <min> <max>
0	20

[block]
# block no. 5 follows, 51 sequences, length 25
# corresponding to MSA columns:
# 446-452,485-502
name=unknown_F
#
# <colnr> <probs for GDERKNQSTAVLIFYWHMCP>
#	G	D	E	R	K	N	Q	S	T	A	V	L	I	F	Y	W	H	M	C	P
0	0.01238	0.02084	0.58134	0.01286	0.01886	0.01085	0.01538	0.01696	0.01090	0.17309	0.01076	0.01168	0.00744	0.00526	0.00562	0.00160	0.07001	0.00395	0.00289	0.00734
1	0.57236	0.00938	0.00830	0.00695	0.01032	0.00995	0.00565	0.01481	0.06974	0.02035	0.00837	0.00937	0.00659	0.00448	0.00335	0.00132	0.00377	0.00295	0.00316	0.22882
2	0.00647	0.00495	0.00599	0.00639	0.00736	0.00459	0.00457	0.00839	0.04841	0.01466	0.19355	0.40065	0.23775	0.01304	0.00600	0.00180	0.00272	0.02359	0.00476	0.00436
3	0.05816	0.00469	0.00578	0.00664	0.00724	0.00446	0.00455	0.00744	0.00970	0.01353	0.06463	0.67570	0.09107	0.01425	0.00602	0.00192	0.00286	0.01276	0.00451	0.00412
4	0.01289	0.01141	0.01760	0.05246	0.55063	0.01177	0.01305	0.16829	0.01340	0.01866	0.01113	0.07556	0.00979	0.00556	0.00499	0.00151	0.00554	0.00514	0.00309	0.00752
5	0.00931	0.00888	0.00891	0.00866	0.00980	0.16727	0.00657	0.01083	0.00905	0.01139	0.01222	0.01821	0.01152	0.09222	0.58503	0.00632	0.01164	0.00499	0.00264	0.00454
6	0.01561	0.01638	0.17271	0.07471	0.01770	0.09031	0.01134	0.43071	0.08184	0.02374	0.01123	0.01187	0.00814	0.00556	0.00483	0.00150	0.00608	0.00423	0.00391	0.00761
7	0.01057	0.01370	0.17334	0.01312	0.01459	0.01432	0.01224	0.01258	0.00810	0.01258	0.00693	0.01068	0.00641	0.00781	0.01382	0.00203	0.65513	0.00417	0.00214	0.00576
8	0.13198	0.01606	0.01163	0.01033	0.01265	0.40504	0.00785	0.14281	0.01318	0.01585	0.00838	0.01045	0.00697	0.00755	0.00729	0.17350	0.00667	0.00353	0.00292	0.00537
9	0.01133	0.41147	0.26798	0.17254	0.01961	0.01520	0.01253	0.01455	0.01008	0.01302	0.00784	0.00972	0.00633	0.00449	0.00398	0.00133	0.00615	0.00329	0.00211	0.00644
10	0.03557	0.00927	0.01135	0.00939	0.01263	0.00917	0.00781	0.20003	0.06253	0.37069	0.01835	0.02305	0.01438	0.00747	0.00523	0.00164	0.00450	0.15736	0.00526	0.03431
11	0.00666	0.00501	0.00616	0.00587	0.00716	0.00451	0.00441	0.00870	0.01322	0.01806	0.60329	0.03942	0.23816	0.01066	0.00580	0.00157	0.00236	0.00927	0.00519	0.00451
12	0.01066	0.01160	0.02449	0.01779	0.02199	0.01086	0.62304	0.01444	0.01206	0.01654	0.16769	0.01797	0.01528	0.00533	0.00580	0.00163	0.00708	0.00642	0.00307	0.00623
13	0.01163	0.00576	0.00625	0.00564	0.00735	0.00570	0.00438	0.06745	0.01173	0.12828	0.01620	0.01764	0.01224	0.00579	0.00375	0.00122	0.00277	0.00462	0.67624	0.00537
14	0.00694	0.00503	0.00698	0.00779	0.00858	0.00507	0.00610	0.00857	0.01003	0.01341	0.05394	0.32576	0.04882	0.01875	0.16769	0.00326	0.00551	0.28928	0.00419	0.00430
15	0.01399	0.05985	0.04271	0.02583	0.02848	0.01010	0.12423	0.11897	0.01277	0.22317	0.01588	0.18860	0.01408	0.00778	0.00622	0.00166	0.07791	0.00668	0.01446	0.00662
16	0.00689	0.00478	0.00599	0.00622	0.00647	0.00491	0.00400	0.00745	0.00777	0.01055	0.01731	0.18864	0.01958	0.48930	0.19421	0.00490	0.00624	0.00810	0.00322	0.00349
17	0.01588	0.01935	0.01229	0.01146	0.01357	0.62789	0.00850	0.03434	0.01323	0.01256	0.01161	0.17294	0.01164	0.00716	0.00481	0.00142	0.00757	0.00537	0.00299	0.00541
18	0.01071	0.00904	0.01047	0.00752	0.01186	0.00708	0.00604	0.05914	0.01098	0.01692	0.00892	0.01029	0.00734	0.00378	0.00372	0.00077	0.00375	0.00300	0.00303	0.80563
19	0.00739	0.00570	0.00703	0.00631	0.00811	0.00491	0.00476	0.00942	0.01245	0.01758	0.48151	0.09968	0.12706	0.00950	0.00540	0.00143	0.00265	0.00830	0.00473	0.17607
20	0.01701	0.01278	0.01367	0.01079	0.01434	0.01421	0.00876	0.61249	0.15462	0.02814	0.01340	0.01391	0.00997	0.04566	0.00590	0.00167	0.00511	0.00475	0.00484	0.00800
21	0.01204	0.01085	0.01402	0.01182	0.01299	0.02477	0.02040	0.16645	0.02503	0.01606	0.00937	0.03980	0.00869	0.02175	0.04958	0.00224	0.49831	0.01669	0.00295	0.03618
22	0.01039	0.01078	0.01998	0.17699	0.02190	0.01199	0.33959	0.01319	0.00992	0.01373	0.02631	0.04279	0.00923	0.04572	0.00931	0.00194	0.22246	0.00553	0.00250	0.00575
23	0.00724	0.00554	0.00679	0.00748	0.00826	0.00565	0.00521	0.01072	0.16600	0.01416	0.02566	0.66198	0.02898	0.01364	0.00602	0.00193	0.00306	0.01228	0.00465	0.00475
24	0.01774	0.00739	0.00993	0.00822	0.01112	0.00652	0.00651	0.01964	0.02962	0.58063	0.03247	0.18740	0.02878	0.02299	0.00561	0.00168	0.00385	0.00703	0.00565	0.00722

[dist]
# distance from previous block
# <min> <max>
0	1

[block]
# block no. 6 follows, 51 sequences, length 13
# corresponding to MSA columns:
# 504-516
name=unknown_G
#
# <colnr> <probs for GDERKNQSTAVLIFYWHMCP>
#	G	D	E	R	K	N	Q	S	T	A	V	L	I	F	Y	W	H	M	C	P
0	0.01712	0.01299	0.01387	0.01099	0.01464	0.01451	0.00896	0.59785	0.20805	0.02845	0.01378	0.01338	0.00996	0.00609	0.00494	0.00152	0.00504	0.00470	0.00494	0.00822
1	0.00919	0.00559	0.00704	0.20071	0.01253	0.00611	0.00591	0.01172	0.01019	0.01693	0.01427	0.01706	0.01113	0.00553	0.00379	0.00126	0.00332	0.00453	0.64841	0.00479
2	0.12449	0.00909	0.01041	0.00874	0.01160	0.00932	0.00694	0.22848	0.04054	0.27054	0.01756	0.20957	0.01525	0.00811	0.00502	0.00163	0.00414	0.00671	0.00497	0.00690
3	0.05284	0.00665	0.00816	0.00781	0.00925	0.00675	0.03126	0.11517	0.03058	0.01665	0.09451	0.40297	0.14376	0.01182	0.00599	0.00180	0.02230	0.02226	0.00449	0.00496
4	0.04335	0.01201	0.01293	0.01036	0.01388	0.05332	0.00851	0.42940	0.06694	0.21385	0.01486	0.01645	0.01101	0.00649	0.00499	0.00155	0.00508	0.06222	0.00499	0.00780
5	0.01161	0.48675	0.16272	0.20462	0.01931	0.01594	0.01143	0.01435	0.01002	0.01252	0.00765	0.00959	0.00635	0.00446	0.00385	0.00128	0.00593	0.00323	0.00212	0.00627
6	0.00792	0.00679	0.01107	0.00920	0.01064	0.00645	0.19090	0.00918	0.00899	0.01185	0.01976	0.12270	0.11334	0.43163	0.01578	0.00330	0.00511	0.00802	0.00324	0.00413
7	0.16003	0.00945	0.01041	0.00817	0.01178	0.04934	0.00662	0.04661	0.01248	0.36894	0.05413	0.01412	0.01116	0.00538	0.00432	0.00132	0.00418	0.00416	0.00454	0.21285
8	0.21364	0.00580	0.00589	0.00597	0.00678	0.00610	0.00392	0.00884	0.00797	0.01326	0.01611	0.21201	0.01826	0.43792	0.01530	0.00333	0.00408	0.00766	0.00336	0.00378
9	0.00826	0.00434	0.00647	0.00654	0.00663	0.00439	0.00443	0.00661	0.00671	0.00901	0.01007	0.06679	0.01035	0.01847	0.07834	0.73802	0.00485	0.00496	0.00233	0.00242
10	0.01614	0.01216	0.01400	0.01114	0.01397	0.01401	0.00920	0.50050	0.01805	0.07063	0.01337	0.01410	0.05819	0.00698	0.00769	0.00165	0.20176	0.00480	0.00429	0.00737
11	0.03802	0.00990	0.06194	0.20408	0.01770	0.00926	0.00924	0.12125	0.03700	0.17664	0.04799	0.07715	0.01267	0.00644	0.00488	0.00150	0.00485	0.02963	0.00396	0.12592
12	0.00973	0.21785	0.41879	0.01090	0.01572	0.01159	0.01248	0.01325	0.01005	0.01385	0.01275	0.20657	0.01260	0.00715	0.00468	0.00154	0.00570	0.00589	0.00268	0.00624

[dist]
# distance from previous block
# <min> <max>
0	1

[block]
# block no. 7 follows, 51 sequences, length 10
# corresponding to MSA columns:
# 518-527
name=unknown_H
#
# <colnr> <probs for GDERKNQSTAVLIFYWHMCP>
#	G	D	E	R	K	N	Q	S	T	A	V	L	I	F	Y	W	H	M	C	P
0	0.01321	0.01201	0.01911	0.02715	0.67158	0.01225	0.01416	0.13755	0.01310	0.01844	0.00965	0.01210	0.00788	0.00462	0.00487	0.00146	0.00577	0.00439	0.00283	0.00788
1	0.02123	0.01016	0.01216	0.00942	0.01318	0.05111	0.00773	0.16334	0.01573	0.61631	0.01736	0.01540	0.01115	0.00599	0.00491	0.00150	0.00466	0.00475	0.00568	0.00822
2	0.00703	0.00496	0.00620	0.00591	0.00691	0.00463	0.00427	0.00892	0.01251	0.01768	0.59295	0.03563	0.07888	0.14076	0.00876	0.00205	0.00272	0.00848	0.04642	0.00434
3	0.06244	0.14296	0.02464	0.01632	0.02064	0.01275	0.51700	0.01515	0.02984	0.01581	0.06387	0.01493	0.01055	0.00489	0.00522	0.00156	0.00692	0.02539	0.00277	0.00633
4	0.01153	0.01103	0.01880	0.20294	0.62881	0.01151	0.01477	0.01453	0.01089	0.01529	0.00913	0.01237	0.00751	0.00450	0.00488	0.00150	0.00599	0.00438	0.00238	0.00727
5	0.00846	0.00735	0.01043	0.00963	0.01007	0.00946	0.00765	0.00978	0.00775	0.01147	0.01123	0.04767	0.01119	0.08616	0.40493	0.00517	0.32903	0.00536	0.00254	0.00465
6	0.14794	0.01108	0.01747	0.09233	0.60659	0.01151	0.01340	0.01477	0.01062	0.01672	0.00882	0.01157	0.00729	0.00445	0.00458	0.00148	0.00557	0.00410	0.00251	0.00719
7	0.01270	0.00969	0.01054	0.00871	0.01156	0.01015	0.00701	0.36468	0.08140	0.02307	0.12821	0.02560	0.20327	0.00824	0.00526	0.00153	0.00405	0.03145	0.00479	0.04810
8	0.17264	0.01081	0.01121	0.06524	0.03375	0.07864	0.00773	0.19160	0.02941	0.07988	0.14564	0.01554	0.01429	0.00607	0.00489	0.00144	0.02978	0.00466	0.00399	0.09278
9	0.30759	0.01001	0.01032	0.00845	0.01172	0.01075	0.00690	0.20890	0.08111	0.20867	0.05520	0.01376	0.01098	0.00577	0.00429	0.00151	0.00418	0.00429	0.02865	0.00696

[dist]
# distance from previous block
# <min> <max>
2	3

[block]
# block no. 8 follows, 51 sequences, length 17
# corresponding to MSA columns:
# 531-547
name=unknown_I
#
# <colnr> <probs for GDERKNQSTAVLIFYWHMCP>
#	G	D	E	R	K	N	Q	S	T	A	V	L	I	F	Y	W	H	M	C	P
0	0.01448	0.02031	0.19097	0.01208	0.01555	0.43658	0.01079	0.01877	0.13805	0.01425	0.01139	0.07387	0.00974	0.00603	0.00472	0.00145	0.00723	0.00449	0.00299	0.00626
1	0.04999	0.00925	0.01127	0.19086	0.01636	0.01017	0.00832	0.23812	0.05848	0.12379	0.03555	0.01512	0.01073	0.00577	0.00454	0.00146	0.00457	0.00463	0.19444	0.00659
2	0.00871	0.00462	0.00476	0.00476	0.00564	0.00462	0.00333	0.01048	0.00959	0.01633	0.01591	0.02145	0.01379	0.19148	0.00831	0.00196	0.00285	0.00516	0.66204	0.00422
3	0.03539	0.02761	0.19099	0.01047	0.01498	0.01068	0.01015	0.23969	0.01552	0.34236	0.01421	0.01359	0.00949	0.00563	0.00475	0.00149	0.00517	0.00440	0.03557	0.00788
4	0.01159	0.00519	0.00753	0.00693	0.00779	0.00494	0.00494	0.01037	0.00813	0.18749	0.01099	0.01534	0.00936	0.01459	0.01598	0.66360	0.00425	0.00442	0.00303	0.00354
5	0.01372	0.01076	0.01174	0.00962	0.01307	0.01137	0.00766	0.19313	0.40014	0.06139	0.01557	0.01494	0.01161	0.00578	0.00467	0.00140	0.00419	0.00467	0.00456	0.20002
6	0.01438	0.01555	0.04998	0.03053	0.09074	0.25213	0.18375	0.06529	0.06990	0.05829	0.01067	0.02974	0.00846	0.00519	0.00513	0.00144	0.02470	0.00451	0.00308	0.07656
7	0.01285	0.53016	0.19935	0.01016	0.01482	0.09207	0.01068	0.01595	0.04987	0.01297	0.00802	0.00907	0.00673	0.00452	0.00371	0.00122	0.00598	0.00305	0.00228	0.00654
8	0.67008	0.19507	0.01141	0.00690	0.01021	0.01293	0.00602	0.01451	0.00873	0.01968	0.00684	0.00796	0.00554	0.00448	0.00307	0.00141	0.00413	0.00265	0.00283	0.00554
9	0.20359	0.01192	0.02253	0.01659	0.02074	0.01183	0.54180	0.01491	0.01062	0.01688	0.00988	0.04824	0.00806	0.00490	0.00557	0.00166	0.03601	0.00540	0.00269	0.00617
10	0.00784	0.00594	0.00748	0.00734	0.00810	0.02782	0.00532	0.04239	0.00856	0.01175	0.01426	0.05623	0.01454	0.28056	0.47284	0.00621	0.00965	0.00612	0.00292	0.00414
11	0.00629	0.00454	0.00590	0.00656	0.00715	0.00422	0.00454	0.00752	0.01058	0.01428	0.21562	0.54537	0.08000	0.04060	0.00676	0.00196	0.00279	0.02646	0.00472	0.00414
12	0.01927	0.00916	0.01140	0.00888	0.01243	0.00866	0.00729	0.19287	0.01583	0.52681	0.04389	0.01916	0.08781	0.00677	0.00505	0.00152	0.00424	0.00547	0.00565	0.00784
13	0.00603	0.00450	0.00563	0.00650	0.00714	0.00410	0.00451	0.00704	0.00991	0.01281	0.03236	0.60899	0.21085	0.01463	0.00619	0.00193	0.00284	0.04544	0.00456	0.00405
14	0.62406	0.19501	0.01164	0.00703	0.01037	0.01272	0.00612	0.01503	0.00904	0.06230	0.00753	0.00844	0.00592	0.00456	0.00317	0.00141	0.00415	0.00278	0.00300	0.00571
15	0.00696	0.00444	0.00553	0.00637	0.00694	0.00425	0.00446	0.00829	0.00977	0.01424	0.02404	0.55964	0.02687	0.01267	0.00554	0.00178	0.00280	0.05713	0.23410	0.00418
16	0.06739	0.04739	0.01278	0.00958	0.01319	0.07992	0.00787	0.25611	0.01623	0.38170	0.01601	0.01490	0.04243	0.00603	0.00474	0.00147	0.00492	0.00462	0.00500	0.00769

[dist]
# distance from previous block
# <min> <max>
0	9

[block]
# block no. 9 follows, 51 sequences, length 21
# corresponding to MSA columns:
# 557-577
name=unknown_J
#
# <colnr> <probs for GDERKNQSTAVLIFYWHMCP>
#	G	D	E	R	K	N	Q	S	T	A	V	L	I	F	Y	W	H	M	C	P
0	0.01540	0.01518	0.01183	0.01052	0.01306	0.34611	0.00805	0.14799	0.12165	0.07465	0.01613	0.12255	0.06105	0.00734	0.00496	0.00150	0.00604	0.00573	0.00394	0.00631
1	0.76161	0.00889	0.00704	0.00651	0.00923	0.01020	0.00523	0.01355	0.00849	0.02093	0.00922	0.10370	0.00851	0.00583	0.00342	0.00158	0.00369	0.00399	0.00322	0.00517
2	0.01244	0.00892	0.01073	0.01090	0.10266	0.05381	0.00754	0.10066	0.08245	0.13395	0.10731	0.02003	0.05099	0.03536	0.15973	0.00281	0.01862	0.00557	0.06931	0.00621
3	0.00647	0.00492	0.00596	0.00587	0.00709	0.00440	0.00434	0.00827	0.01251	0.01680	0.46467	0.13246	0.28546	0.01145	0.00586	0.00164	0.00244	0.00996	0.00504	0.00440
4	0.01688	0.01270	0.01375	0.01064	0.01446	0.01375	0.00872	0.61168	0.08001	0.02790	0.01211	0.01231	0.00885	0.00652	0.02612	0.00157	0.00529	0.00436	0.00463	0.10778
5	0.00642	0.00729	0.09860	0.00631	0.00837	0.00504	0.00551	0.00813	0.01082	0.01356	0.07440	0.12316	0.54734	0.05485	0.00674	0.00184	0.00320	0.00972	0.00423	0.00446
6	0.00889	0.00821	0.01368	0.72064	0.03071	0.01011	0.01258	0.01189	0.00978	0.01255	0.01089	0.10821	0.00959	0.00614	0.00507	0.00168	0.00612	0.00549	0.00246	0.00529
7	0.03642	0.11377	0.01585	0.01392	0.10637	0.52402	0.00988	0.08108	0.02906	0.01440	0.00827	0.00954	0.00681	0.00497	0.00435	0.00129	0.00759	0.00338	0.00273	0.00626
8	0.01257	0.01165	0.01914	0.11826	0.58204	0.01204	0.04873	0.10456	0.01245	0.01739	0.00952	0.01228	0.00769	0.00461	0.00492	0.00149	0.00598	0.00445	0.00270	0.00753
9	0.01431	0.01341	0.01100	0.00998	0.01223	0.29603	0.00770	0.13098	0.04024	0.08903	0.09002	0.14180	0.03869	0.00834	0.00523	0.00157	0.00565	0.07379	0.00412	0.00591
10	0.83134	0.00946	0.00738	0.00655	0.00961	0.01089	0.00539	0.01479	0.00857	0.05045	0.00730	0.00830	0.00557	0.00462	0.00311	0.00152	0.00382	0.00274	0.00315	0.00543
11	0.01096	0.18616	0.60505	0.01282	0.01922	0.05514	0.01575	0.01561	0.01049	0.01458	0.00836	0.00980	0.00625	0.00460	0.00435	0.00144	0.00695	0.00341	0.00210	0.00699
12	0.00986	0.02542	0.80183	0.01401	0.02127	0.01141	0.01816	0.01556	0.01038	0.01556	0.00882	0.01038	0.00623	0.00467	0.00467	0.00156	0.00726	0.00363	0.00208	0.00726
13	0.01068	0.01009	0.01659	0.07112	0.45617	0.01043	0.05734	0.01372	0.03757	0.01595	0.11721	0.01832	0.07235	0.00614	0.00593	0.00157	0.06353	0.00555	0.00305	0.00670
14	0.25682	0.00927	0.01130	0.00939	0.01224	0.02023	0.11590	0.07741	0.10184	0.06289	0.04273	0.04168	0.10853	0.00790	0.03192	0.00181	0.00471	0.03519	0.04232	0.00592
15	0.01001	0.00965	0.01501	0.54617	0.17797	0.04578	0.01296	0.01289	0.01019	0.01319	0.01017	0.07645	0.00882	0.00573	0.00525	0.00163	0.02483	0.00507	0.00243	0.00580
16	0.00588	0.00497	0.00500	0.00500	0.00657	0.00418	0.00369	0.00706	0.01099	0.01308	0.04799	0.04650	0.75397	0.05511	0.00681	0.00182	0.00261	0.01020	0.00448	0.00409
17	0.03392	0.21415	0.41993	0.01209	0.03500	0.01276	0.03890	0.03699	0.02826	0.04174	0.01112	0.05435	0.02965	0.00544	0.00444	0.00146	0.00609	0.00430	0.00261	0.00679
18	0.00915	0.00887	0.03510	0.73715	0.03160	0.01046	0.01310	0.01236	0.00984	0.01279	0.00974	0.04896	0.00785	0.00539	0.00493	0.00164	0.00630	0.00478	0.02460	0.00542
19	0.02872	0.10390	0.08443	0.01112	0.01565	0.01084	0.15403	0.09608	0.03217	0.02997	0.00948	0.01098	0.00746	0.00434	0.00445	0.00117	0.01759	0.00377	0.00298	0.37087
20	0.36931	0.04799	0.02110	0.00896	0.02708	0.13985	0.00711	0.06624	0.03818	0.15308	0.02796	0.05335	0.00958	0.00573	0.00407	0.00149	0.00486	0.00411	0.00373	0.00622

[dist]
# distance from previous block
# <min> <max>
0	4

[block]
# block no. 10 follows, 51 sequences, length 8
# corresponding to MSA columns:
# 583-590
name=unknown_K
#
# <colnr> <probs for GDERKNQSTAVLIFYWHMCP>
#	G	D	E	R	K	N	Q	S	T	A	V	L	I	F	Y	W	H	M	C	P
0	0.04817	0.01138	0.01166	0.00904	0.01289	0.09788	0.00726	0.16537	0.04754	0.17735	0.01177	0.01194	0.00863	0.00490	0.00427	0.00116	0.00469	0.00375	0.00400	0.35634
1	0.00631	0.00500	0.00568	0.00551	0.00695	0.00436	0.00413	0.00803	0.01239	0.01610	0.37698	0.04264	0.46569	0.01139	0.00580	0.00161	0.00241	0.00972	0.00494	0.00436
2	0.00792	0.00457	0.00641	0.00641	0.00656	0.00472	0.00428	0.00701	0.00685	0.00929	0.01110	0.02003	0.01154	0.22395	0.16041	0.49263	0.00597	0.00517	0.00243	0.00275
3	0.18582	0.01077	0.01193	0.00933	0.01304	0.01121	0.00771	0.32800	0.01660	0.33601	0.01385	0.01301	0.00928	0.00571	0.00456	0.00150	0.00460	0.00428	0.00501	0.00776
4	0.00634	0.00466	0.00594	0.00634	0.00715	0.00426	0.00448	0.00781	0.01138	0.01540	0.32551	0.41871	0.13799	0.01295	0.00603	0.00178	0.00260	0.01154	0.00489	0.00426
5	0.01722	0.01056	0.01590	0.01287	0.05647	0.01028	0.17039	0.17395	0.05862	0.35125	0.01579	0.05915	0.01145	0.00609	0.00519	0.00157	0.00529	0.00552	0.00475	0.00769
6	0.00835	0.00442	0.00578	0.00583	0.00612	0.00440	0.00389	0.00773	0.00758	0.01120	0.01225	0.05643	0.01205	0.13790	0.01574	0.48375	0.00381	0.00524	0.20460	0.00293
7	0.03778	0.01248	0.01071	0.00928	0.01163	0.21545	0.00725	0.22266	0.01462	0.05905	0.01282	0.05898	0.01051	0.00730	0.03241	0.00161	0.03343	0.00468	0.23123	0.00609

[dist]
# distance from previous block
# <min> <max>
0	13

[block]
# block no. 11 follows, 51 sequences, length 22
# corresponding to MSA columns:
# 604-625
name=unknown_L
#
# <colnr> <probs for GDERKNQSTAVLIFYWHMCP>
#	G	D	E	R	K	N	Q	S	T	A	V	L	I	F	Y	W	H	M	C	P
0	0.01187	0.03917	0.01200	0.01172	0.11267	0.02953	0.01792	0.07375	0.22861	0.08000	0.14842	0.05089	0.03476	0.02229	0.03322	0.00187	0.03229	0.03648	0.01600	0.00655
1	0.01349	0.66089	0.06613	0.00914	0.01334	0.04394	0.00905	0.08558	0.01139	0.01368	0.00798	0.00978	0.00712	0.00468	0.00354	0.00116	0.00548	0.02472	0.00244	0.00648
2	0.00809	0.00665	0.00733	0.00691	0.00873	0.00671	0.00529	0.01341	0.24102	0.01740	0.26601	0.03571	0.32234	0.01004	0.00559	0.00164	0.00289	0.02392	0.00495	0.00537
3	0.00596	0.00440	0.00558	0.00652	0.00704	0.00402	0.00442	0.00688	0.00972	0.01267	0.03107	0.68758	0.16644	0.01488	0.00619	0.00194	0.00279	0.01334	0.00456	0.00402
4	0.08075	0.00527	0.00556	0.00541	0.00682	0.00526	0.00408	0.01208	0.01043	0.08210	0.03729	0.12069	0.01538	0.00701	0.00395	0.00133	0.00264	0.00576	0.58331	0.00488
5	0.00653	0.00501	0.00598	0.00574	0.00708	0.00446	0.00431	0.00846	0.01292	0.01734	0.52070	0.04060	0.32119	0.01093	0.00580	0.00159	0.00238	0.00943	0.00510	0.00446
6	0.04894	0.00886	0.01038	0.00876	0.01178	0.00907	0.00698	0.02236	0.33517	0.33920	0.08485	0.02033	0.05741	0.00693	0.00501	0.00159	0.00380	0.00572	0.00538	0.00747
7	0.01236	0.63931	0.20987	0.00974	0.01467	0.01754	0.01072	0.01492	0.01008	0.01251	0.00730	0.00847	0.00629	0.00431	0.00351	0.00117	0.00573	0.00287	0.00210	0.00653
8	0.03501	0.00444	0.00640	0.00638	0.00647	0.00449	0.00427	0.00667	0.00648	0.00898	0.00866	0.01515	0.00867	0.03691	0.01885	0.80918	0.00427	0.00429	0.00218	0.00225
9	0.23238	0.01644	0.01217	0.01044	0.01348	0.34997	0.00820	0.22797	0.01496	0.03761	0.00903	0.00985	0.00691	0.00521	0.00420	0.00139	0.00636	0.00346	0.02360	0.00637
10	0.25879	0.11438	0.04253	0.01635	0.15632	0.01280	0.28206	0.01502	0.01026	0.01701	0.00842	0.01072	0.00669	0.00443	0.00471	0.00151	0.02490	0.00414	0.00257	0.00640
11	0.04118	0.01030	0.01075	0.01011	0.04050	0.04565	0.00755	0.05010	0.53824	0.01993	0.10923	0.02034	0.04678	0.00752	0.01834	0.00172	0.00415	0.00583	0.00472	0.00707
12	0.00612	0.00448	0.00578	0.00676	0.00730	0.00415	0.00471	0.00714	0.00981	0.01282	0.03015	0.65508	0.13790	0.01484	0.00625	0.00197	0.00293	0.07319	0.00456	0.00406
13	0.01856	0.01335	0.01437	0.01105	0.01491	0.01469	0.00912	0.73464	0.02247	0.05717	0.01217	0.01213	0.00860	0.00590	0.00488	0.00147	0.00529	0.00445	0.02654	0.00826
14	0.00715	0.00476	0.00536	0.00536	0.00536	0.00476	0.00298	0.00715	0.00715	0.00953	0.01548	0.03216	0.01787	0.82729	0.02501	0.00476	0.00476	0.00715	0.00298	0.00298
15	0.00768	0.00610	0.00890	0.00856	0.00931	0.00748	0.00677	0.00935	0.00793	0.01173	0.01222	0.01793	0.01138	0.03129	0.65430	0.00675	0.13900	0.00509	0.03369	0.00455
16	0.01422	0.05823	0.01292	0.01051	0.01352	0.12596	0.00832	0.14963	0.50817	0.02058	0.01615	0.01533	0.01219	0.00618	0.00480	0.00154	0.00492	0.00487	0.00448	0.00750
17	0.00716	0.00560	0.00690	0.00766	0.03667	0.00533	0.00534	0.02697	0.06176	0.01448	0.07685	0.39611	0.23007	0.01275	0.00595	0.00183	0.00311	0.07112	0.00454	0.01979
18	0.30384	0.04167	0.01325	0.01026	0.01362	0.07271	0.10070	0.19216	0.05730	0.07324	0.02583	0.01332	0.00918	0.02228	0.00478	0.00159	0.00520	0.02884	0.00374	0.00650
19	0.86201	0.00950	0.00722	0.00646	0.00950	0.01102	0.00532	0.01445	0.00836	0.02205	0.00684	0.00798	0.00532	0.00456	0.00304	0.00152	0.00380	0.00266	0.00304	0.00532
20	0.01239	0.01355	0.07985	0.02313	0.33547	0.01232	0.34120	0.08939	0.01246	0.01733	0.00976	0.01247	0.00759	0.00445	0.00526	0.00155	0.00695	0.00494	0.00267	0.00731
21	0.00980	0.00905	0.05944	0.01058	0.01342	0.00769	0.14291	0.06089	0.02539	0.04197	0.04549	0.20746	0.03117	0.00909	0.00557	0.00167	0.00474	0.15824	0.00387	0.15158

[dist]
# distance from previous block
# <min> <max>
4	5

[block]
# block no. 12 follows, 51 sequences, length 13
# corresponding to MSA columns:
# 632-644
name=unknown_M
#
# <colnr> <probs for GDERKNQSTAVLIFYWHMCP>
#	G	D	E	R	K	N	Q	S	T	A	V	L	I	F	Y	W	H	M	C	P
0	0.00940	0.00879	0.01474	0.73294	0.08406	0.01074	0.01335	0.01253	0.00982	0.01268	0.00902	0.01374	0.00705	0.03510	0.00565	0.00174	0.00644	0.00447	0.00223	0.00552
1	0.01616	0.03769	0.01329	0.01106	0.01389	0.36020	0.02879	0.18394	0.08047	0.06930	0.03014	0.03239	0.04792	0.02387	0.02769	0.00167	0.00672	0.00467	0.00370	0.00644
2	0.00610	0.00460	0.00554	0.00609	0.00688	0.00415	0.00420	0.00717	0.01027	0.01328	0.10887	0.44957	0.27409	0.06658	0.00729	0.00202	0.00281	0.01189	0.00454	0.00404
3	0.49061	0.03856	0.04043	0.00877	0.01171	0.17532	0.00733	0.04001	0.01019	0.03457	0.00766	0.00907	0.00612	0.00583	0.02536	0.00165	0.06006	0.00309	0.00292	0.02073
4	0.00694	0.00485	0.00585	0.00604	0.00648	0.00485	0.00399	0.00762	0.00828	0.01110	0.02086	0.12593	0.10601	0.45601	0.13922	0.00435	0.00549	0.04499	0.02757	0.00357
5	0.01238	0.22105	0.21082	0.00970	0.01390	0.02808	0.00991	0.09767	0.04766	0.09724	0.04147	0.01892	0.13823	0.00660	0.00463	0.00145	0.00511	0.02507	0.00352	0.00658
6	0.01549	0.00888	0.01095	0.00811	0.01222	0.00733	0.00660	0.06215	0.01252	0.33410	0.01322	0.01293	0.00932	0.00476	0.00424	0.00109	0.00396	0.00382	0.00431	0.46399
7	0.00616	0.00443	0.00587	0.00684	0.00729	0.00414	0.00471	0.00723	0.00995	0.01330	0.09451	0.69431	0.05533	0.01475	0.00624	0.00196	0.00288	0.05137	0.00463	0.00408
8	0.01234	0.00987	0.01250	0.11285	0.18639	0.03916	0.00924	0.17609	0.06541	0.01927	0.02546	0.01512	0.01038	0.03110	0.00546	0.00153	0.02788	0.00463	0.22888	0.00642
9	0.00797	0.00530	0.00661	0.00658	0.00801	0.00479	0.00509	0.00971	0.01206	0.08605	0.27017	0.15056	0.26785	0.01172	0.00594	0.00175	0.00296	0.12720	0.00496	0.00471
10	0.01371	0.01112	0.01320	0.05447	0.09245	0.05614	0.04599	0.22458	0.19671	0.05386	0.05397	0.01809	0.02756	0.00644	0.00498	0.00155	0.00494	0.04222	0.07099	0.00703
11	0.00863	0.00744	0.00890	0.00852	0.00955	0.05630	0.00659	0.02411	0.06159	0.01305	0.05585	0.06226	0.06700	0.08677	0.36294	0.00473	0.10699	0.04078	0.00324	0.00476
12	0.00680	0.00466	0.00563	0.00600	0.00620	0.00454	0.00374	0.00728	0.00840	0.01126	0.06523	0.28356	0.02452	0.49488	0.01734	0.00361	0.00401	0.03522	0.00367	0.00345

[dist]
# distance from previous block
# <min> <max>
0	2

[block]
# block no. 13 follows, 51 sequences, length 11
# corresponding to MSA columns:
# 647-657
name=unknown_N
#
# <colnr> <probs for GDERKNQSTAVLIFYWHMCP>
#	G	D	E	R	K	N	Q	S	T	A	V	L	I	F	Y	W	H	M	C	P
0	0.73125	0.13592	0.01008	0.00676	0.00998	0.01232	0.00580	0.01449	0.00861	0.02043	0.00684	0.00797	0.00547	0.00451	0.00306	0.00145	0.00403	0.00266	0.00290	0.00547
1	0.01268	0.06292	0.37450	0.01418	0.01971	0.03258	0.19538	0.07387	0.01211	0.11118	0.01104	0.03843	0.00826	0.00514	0.00495	0.00155	0.00678	0.00464	0.00297	0.00713
2	0.00730	0.00531	0.00727	0.00732	0.00803	0.00584	0.00534	0.03548	0.00851	0.01188	0.01573	0.14484	0.01642	0.19969	0.49118	0.00610	0.00953	0.00696	0.00308	0.00417
3	0.00654	0.00470	0.00546	0.00585	0.00687	0.00426	0.00421	0.00796	0.01078	0.01456	0.12870	0.31817	0.30019	0.01228	0.00567	0.00171	0.00262	0.03125	0.12401	0.00422
4	0.00638	0.00473	0.00598	0.00671	0.00736	0.00447	0.00463	0.00805	0.04589	0.01388	0.12493	0.60783	0.11282	0.01402	0.00611	0.00189	0.00279	0.01257	0.00469	0.00426
5	0.00655	0.00498	0.00603	0.00583	0.00711	0.00446	0.00435	0.00847	0.01286	0.01738	0.52704	0.07409	0.28086	0.01103	0.00582	0.00160	0.00240	0.00957	0.00511	0.00446
6	0.32460	0.01036	0.01042	0.00848	0.01175	0.01128	0.00695	0.28486	0.03633	0.14277	0.04760	0.01287	0.01002	0.00564	0.00419	0.00149	0.00427	0.00411	0.05517	0.00684
7	0.86201	0.00950	0.00722	0.00646	0.00950	0.01102	0.00532	0.01445	0.00836	0.02205	0.00684	0.00798	0.00532	0.00456	0.00304	0.00152	0.00380	0.00266	0.00304	0.00532
8	0.01141	0.00778	0.00841	0.00738	0.00943	0.00822	0.00575	0.23534	0.07660	0.02146	0.10370	0.09301	0.07196	0.00767	0.00467	0.00144	0.00339	0.00634	0.31019	0.00586
9	0.19327	0.01823	0.01260	0.01180	0.04748	0.48344	0.00870	0.07027	0.08182	0.01632	0.00889	0.00986	0.00709	0.00513	0.00424	0.00138	0.00700	0.00341	0.00301	0.00607
10	0.28795	0.07036	0.01568	0.06843	0.40746	0.04297	0.01113	0.01487	0.01021	0.01730	0.00820	0.01043	0.00675	0.00448	0.00414	0.00145	0.00530	0.00365	0.00259	0.00665

[dist]
# distance from previous block
# <min> <max>
0	1

[block]
# block no. 14 follows, 51 sequences, length 16
# corresponding to MSA columns:
# 659-674
name=unknown_O
#
# <colnr> <probs for GDERKNQSTAVLIFYWHMCP>
#	G	D	E	R	K	N	Q	S	T	A	V	L	I	F	Y	W	H	M	C	P
0	0.00863	0.00473	0.00556	0.00564	0.00648	0.00470	0.00408	0.02649	0.00990	0.01574	0.07057	0.12722	0.01701	0.00994	0.00749	0.18573	0.00291	0.02308	0.46006	0.00406
1	0.01322	0.00975	0.01248	0.01064	0.02505	0.06469	0.08980	0.06244	0.11035	0.18838	0.05945	0.13849	0.06711	0.02938	0.00703	0.00177	0.09249	0.00684	0.00432	0.00632
2	0.00647	0.00465	0.00588	0.00654	0.00723	0.00433	0.00465	0.00773	0.01037	0.01390	0.13584	0.45862	0.13575	0.05982	0.00715	0.00204	0.00298	0.08495	0.03697	0.00412
3	0.00720	0.00527	0.00705	0.00751	0.00812	0.00557	0.00560	0.00871	0.02679	0.01224	0.02012	0.24139	0.02223	0.19793	0.20731	0.00411	0.03028	0.17478	0.00367	0.00411
4	0.01356	0.01190	0.01182	0.01037	0.01329	0.06773	0.00812	0.13250	0.62584	0.02144	0.01798	0.01675	0.01346	0.00645	0.00495	0.00161	0.00445	0.00523	0.00482	0.00772
5	0.01153	0.00985	0.01441	0.24271	0.18346	0.01136	0.01119	0.11072	0.05231	0.04438	0.01221	0.01519	0.04405	0.02274	0.07235	0.00222	0.12510	0.00484	0.00302	0.00634
6	0.01148	0.42452	0.41699	0.01123	0.01698	0.01540	0.01332	0.01514	0.01018	0.01358	0.00783	0.00914	0.00627	0.00444	0.00392	0.00131	0.00627	0.00313	0.00209	0.00679
7	0.86201	0.00950	0.00722	0.00646	0.00950	0.01102	0.00532	0.01445	0.00836	0.02205	0.00684	0.00798	0.00532	0.00456	0.00304	0.00152	0.00380	0.00266	0.00304	0.00532
8	0.00630	0.00500	0.00566	0.00550	0.00694	0.00436	0.00412	0.00801	0.01237	0.01605	0.37040	0.04273	0.47230	0.01141	0.00580	0.00161	0.00242	0.00973	0.00493	0.00436
9	0.01112	0.01074	0.01857	0.18914	0.26698	0.01094	0.18228	0.04445	0.01136	0.01588	0.05043	0.01359	0.00939	0.00486	0.00538	0.00148	0.03460	0.00475	0.00270	0.11138
