[name]
unknown

[dist]
# distance from previous block
# <min> <max>
13	110

[block]
# block no. 0 follows, 57 sequences, length 26
# corresponding to MSA columns:
# 144-169
name=unknown_A
#
# <colnr> <probs for GDERKNQSTAVLIFYWHMCP>
#	G	D	E	R	K	N	Q	S	T	A	V	L	I	F	Y	W	H	M	C	P
0	0.01084	0.00890	0.01214	0.03850	0.04878	0.03900	0.11331	0.14524	0.01190	0.05596	0.12201	0.02620	0.03916	0.09093	0.02646	0.00182	0.07235	0.00520	0.04779	0.08351
1	0.00962	0.00844	0.01096	0.08681	0.05663	0.04920	0.07089	0.08599	0.12230	0.01487	0.07539	0.05207	0.09251	0.04637	0.08127	0.05160	0.02424	0.01758	0.00332	0.03994
2	0.03045	0.03749	0.07705	0.06066	0.05506	0.04894	0.21124	0.09902	0.08653	0.05035	0.02171	0.08556	0.01041	0.00621	0.02433	0.00156	0.00554	0.00513	0.05157	0.03120
3	0.02439	0.01218	0.06179	0.03620	0.08400	0.14997	0.04013	0.11915	0.16872	0.08214	0.01269	0.01529	0.01016	0.03212	0.00516	0.00149	0.01407	0.05118	0.05273	0.02643
4	0.03399	0.05827	0.02494	0.08968	0.10005	0.07047	0.01993	0.20646	0.06859	0.08249	0.01316	0.05176	0.05822	0.00580	0.00483	0.00137	0.03903	0.00462	0.00345	0.06290
5	0.06370	0.00828	0.00973	0.00903	0.07207	0.03346	0.02217	0.11474	0.03130	0.08253	0.07318	0.08535	0.15034	0.00726	0.01580	0.00139	0.02428	0.00569	0.00370	0.18600
6	0.00855	0.00728	0.00796	0.00800	0.02784	0.08984	0.00570	0.01033	0.05926	0.04065	0.02468	0.28600	0.02940	0.13457	0.12671	0.00284	0.06804	0.01796	0.00335	0.04104
7	0.01173	0.45432	0.09873	0.05583	0.07721	0.07042	0.00934	0.04987	0.05552	0.01280	0.00938	0.01045	0.04065	0.00463	0.00387	0.00118	0.02238	0.00333	0.00236	0.00599
8	0.00783	0.00522	0.00632	0.00582	0.00727	0.00479	0.00439	0.04501	0.01213	0.08728	0.43303	0.06579	0.24267	0.04486	0.00601	0.00159	0.00258	0.00817	0.00469	0.00453
9	0.01537	0.03830	0.01362	0.02620	0.11582	0.54424	0.00922	0.08076	0.05812	0.01356	0.00820	0.00936	0.00665	0.00467	0.00415	0.00121	0.00700	0.00328	0.00263	0.03763
10	0.01131	0.00934	0.01100	0.01002	0.04589	0.01027	0.04311	0.02142	0.59952	0.06372	0.05929	0.01746	0.02957	0.00607	0.00464	0.00148	0.00375	0.00520	0.00439	0.04255
11	0.03441	0.01686	0.01323	0.01355	0.14147	0.49372	0.00919	0.08019	0.01266	0.05928	0.00973	0.01082	0.03977	0.00509	0.00470	0.00128	0.04187	0.00359	0.00276	0.00582
12	0.00693	0.00515	0.00643	0.00598	0.00731	0.00474	0.00448	0.04431	0.01230	0.01719	0.56839	0.12881	0.09225	0.00943	0.00522	0.00143	0.00242	0.00829	0.00466	0.06428
13	0.01221	0.00915	0.04598	0.04007	0.08816	0.02796	0.07851	0.07954	0.05663	0.20054	0.14715	0.03893	0.07455	0.00627	0.00472	0.00138	0.00425	0.00549	0.00401	0.07448
14	0.01329	0.01446	0.01607	0.05897	0.46998	0.29214	0.01186	0.04412	0.01154	0.01387	0.00806	0.01019	0.00668	0.00433	0.00435	0.00129	0.00637	0.00365	0.00235	0.00643
15	0.01353	0.60177	0.02054	0.00891	0.01233	0.25457	0.00805	0.01490	0.01028	0.01079	0.00651	0.00753	0.00582	0.00411	0.00325	0.00103	0.00582	0.00257	0.00205	0.00565
16	0.00684	0.00473	0.00612	0.00574	0.00690	0.00432	0.00431	0.00888	0.01259	0.04706	0.71823	0.05169	0.08668	0.00937	0.00533	0.00144	0.00222	0.00825	0.00495	0.00436
17	0.00570	0.00457	0.00512	0.00529	0.00656	0.00399	0.00399	0.00703	0.01049	0.01312	0.14943	0.13845	0.53857	0.01158	0.00549	0.00160	0.00248	0.07833	0.00431	0.00390
18	0.00555	0.00406	0.00524	0.00614	0.00658	0.00374	0.00419	0.00644	0.00898	0.01180	0.03990	0.71405	0.12203	0.01376	0.00574	0.00180	0.00262	0.02945	0.00422	0.00372
19	0.00656	0.00466	0.00641	0.00641	0.00691	0.00516	0.00458	0.00749	0.00699	0.00982	0.01276	0.02186	0.01304	0.31849	0.51473	0.03350	0.00914	0.00544	0.00253	0.00352
20	0.01078	0.01097	0.04704	0.12642	0.64184	0.01071	0.05850	0.01367	0.01016	0.01437	0.00849	0.01132	0.00697	0.00410	0.00453	0.00138	0.00564	0.00409	0.00221	0.00683
21	0.00845	0.00764	0.00849	0.00862	0.04199	0.11848	0.00622	0.02939	0.00847	0.01105	0.01167	0.03676	0.01125	0.12475	0.52044	0.00544	0.02916	0.00492	0.00253	0.00429
22	0.01027	0.13825	0.53404	0.01227	0.05004	0.04092	0.01381	0.03459	0.06539	0.01436	0.00860	0.00980	0.00645	0.00444	0.00427	0.00135	0.01883	0.00337	0.00222	0.02673
23	0.03206	0.03734	0.01335	0.03343	0.12213	0.53845	0.00921	0.04702	0.01198	0.01252	0.00775	0.00951	0.00649	0.00641	0.05234	0.00159	0.03366	0.00329	0.01595	0.00552
24	0.00973	0.12202	0.02399	0.08529	0.03824	0.00865	0.02194	0.04340	0.04492	0.01428	0.02982	0.04968	0.02303	0.03919	0.00460	0.00115	0.00404	0.00392	0.00280	0.42931
25	0.01959	0.00935	0.01444	0.33430	0.33731	0.03575	0.01174	0.02070	0.04351	0.01340	0.01075	0.03361	0.04042	0.00615	0.03727	0.00168	0.01721	0.00450	0.00242	0.00589

[dist]
# distance from previous block
# <min> <max>
0	1

[block]
# block no. 1 follows, 57 sequences, length 25
# corresponding to MSA columns:
# 171-190,193,199-202
name=unknown_B
#
# <colnr> <probs for GDERKNQSTAVLIFYWHMCP>
#	G	D	E	R	K	N	Q	S	T	A	V	L	I	F	Y	W	H	M	C	P
0	0.00752	0.00558	0.00679	0.00641	0.00703	0.00611	0.00448	0.05720	0.03285	0.01136	0.03752	0.02514	0.06758	0.44815	0.19596	0.00431	0.06323	0.00606	0.00295	0.00375
1	0.00965	0.00895	0.01340	0.31381	0.27265	0.05295	0.01879	0.01229	0.02393	0.03088	0.05954	0.07496	0.04602	0.00602	0.00475	0.00148	0.00516	0.03644	0.00275	0.00561
2	0.06971	0.00713	0.00740	0.04739	0.00946	0.08595	0.00566	0.01057	0.04893	0.04560	0.10020	0.11970	0.15741	0.06570	0.11506	0.00251	0.00493	0.08860	0.00364	0.00445
3	0.00776	0.00507	0.00630	0.00644	0.00758	0.00474	0.00484	0.03801	0.01039	0.08806	0.09623	0.29589	0.19316	0.07732	0.00694	0.00192	0.00311	0.13765	0.00430	0.00430
4	0.02998	0.01403	0.01275	0.04835	0.14921	0.32947	0.00911	0.06438	0.08373	0.04640	0.03511	0.06995	0.00998	0.00585	0.00526	0.00139	0.07181	0.00444	0.00298	0.00582
5	0.00800	0.00497	0.00602	0.00593	0.00725	0.00447	0.00433	0.00942	0.02835	0.13534	0.09605	0.29432	0.29939	0.05630	0.01685	0.00183	0.00290	0.00944	0.00439	0.00443
6	0.00651	0.00435	0.00494	0.00504	0.00513	0.00431	0.00291	0.00668	0.00696	0.00937	0.01611	0.10349	0.03865	0.71870	0.02043	0.00399	0.00411	0.00717	0.02824	0.00290
7	0.39970	0.00870	0.00823	0.00694	0.00967	0.04843	0.00557	0.06609	0.01046	0.24968	0.01235	0.01324	0.03744	0.06281	0.00500	0.00158	0.00389	0.00381	0.04071	0.00570
8	0.04619	0.00505	0.00588	0.00576	0.00703	0.00474	0.00421	0.00901	0.03118	0.08283	0.16220	0.19368	0.28461	0.09307	0.04220	0.00209	0.00319	0.00863	0.00419	0.00425
9	0.13367	0.00717	0.00767	0.00672	0.00875	0.00754	0.00528	0.14946	0.08152	0.07208	0.21685	0.05293	0.05299	0.00689	0.00432	0.00137	0.00309	0.00563	0.17069	0.00539
10	0.01137	0.01126	0.02142	0.01580	0.01944	0.05117	0.55123	0.01452	0.04229	0.07054	0.00979	0.01252	0.00749	0.00557	0.00693	0.09849	0.03691	0.00495	0.00258	0.00572
11	0.05322	0.00512	0.00588	0.00596	0.00680	0.00520	0.00415	0.00904	0.06893	0.03444	0.02074	0.19866	0.11898	0.29437	0.08253	0.00306	0.00421	0.03653	0.03829	0.00390
12	0.12299	0.00574	0.00635	0.00615	0.00744	0.00579	0.00454	0.02450	0.05429	0.06633	0.12332	0.11457	0.12854	0.22268	0.00958	0.00231	0.00342	0.08331	0.00386	0.00428
13	0.23925	0.00572	0.00565	0.00536	0.00645	0.00600	0.00365	0.00944	0.00775	0.05340	0.03162	0.04150	0.05273	0.44740	0.01388	0.00298	0.00380	0.00557	0.05408	0.00377
14	0.00871	0.00521	0.00637	0.00626	0.00676	0.03979	0.00447	0.04128	0.00774	0.01069	0.01018	0.01658	0.00966	0.01299	0.01350	0.59834	0.00390	0.05999	0.13472	0.00286
15	0.07503	0.00845	0.00900	0.00826	0.01026	0.03868	0.00645	0.16853	0.20574	0.05337	0.03861	0.19598	0.01740	0.04105	0.00564	0.00171	0.00390	0.10203	0.00422	0.00569
16	0.00734	0.00529	0.00700	0.00693	0.00795	0.00568	0.00527	0.00982	0.08278	0.03943	0.09279	0.07560	0.06165	0.11963	0.38816	0.00460	0.00745	0.06497	0.00336	0.00430
17	0.00715	0.00490	0.00626	0.00677	0.00766	0.00472	0.00502	0.02317	0.05100	0.05231	0.05226	0.47126	0.10607	0.01250	0.00600	0.02604	0.00304	0.14540	0.00426	0.00421
18	0.16577	0.00922	0.01035	0.00820	0.01145	0.00942	0.00674	0.24443	0.04594	0.36703	0.01524	0.01421	0.04945	0.00563	0.00427	0.00140	0.00401	0.00432	0.01597	0.00696
19	0.00918	0.12910	0.01084	0.00797	0.00924	0.06484	0.00645	0.01082	0.03010	0.02302	0.07762	0.06461	0.06361	0.06277	0.12767	0.00251	0.19218	0.01414	0.08869	0.00465
20	0.00883	0.00652	0.00731	0.00679	0.00795	0.03397	0.00491	0.06686	0.11767	0.04244	0.06901	0.02297	0.05041	0.30145	0.18398	0.02677	0.00575	0.00575	0.02626	0.00441
21	0.01306	0.00711	0.00861	0.00732	0.00973	0.00693	0.00580	0.07174	0.13997	0.31342	0.11227	0.06283	0.12502	0.00828	0.03263	0.00164	0.00360	0.00612	0.05776	0.00616
22	0.00723	0.00519	0.00646	0.00647	0.00708	0.03282	0.00461	0.00815	0.00757	0.02720	0.01380	0.09627	0.01418	0.25891	0.39285	0.04761	0.00783	0.00594	0.04618	0.00367
23	0.01083	0.04531	0.01185	0.05221	0.08897	0.05172	0.03103	0.07320	0.35535	0.01666	0.04269	0.07766	0.02878	0.00732	0.02660	0.00164	0.01581	0.03428	0.00377	0.02431
24	0.01110	0.11057	0.01175	0.01761	0.02009	0.03907	0.02418	0.15851	0.17017	0.01722	0.07540	0.05905	0.04013	0.04702	0.00521	0.00141	0.00407	0.01245	0.02256	0.15242

[dist]
# distance from previous block
# <min> <max>
6	14

[block]
# block no. 2 follows, 57 sequences, length 7
# corresponding to MSA columns:
# 217-223
name=unknown_C
#
# <colnr> <probs for GDERKNQSTAVLIFYWHMCP>
#	G	D	E	R	K	N	Q	S	T	A	V	L	I	F	Y	W	H	M	C	P
0	0.01184	0.29153	0.19030	0.01160	0.09573	0.11684	0.01023	0.04929	0.09469	0.01399	0.03222	0.01033	0.00800	0.00453	0.00386	0.00121	0.00546	0.00339	0.00253	0.04243
1	0.00888	0.02512	0.05170	0.00995	0.10280	0.00727	0.02944	0.07489	0.09079	0.04068	0.13875	0.20924	0.13567	0.00881	0.00506	0.00153	0.00361	0.02880	0.00395	0.02306
2	0.04548	0.04825	0.01220	0.03233	0.09998	0.06888	0.02188	0.12145	0.07607	0.08517	0.04712	0.01191	0.00934	0.00460	0.00402	0.00112	0.00438	0.00372	0.00332	0.29879
3	0.00731	0.00411	0.00576	0.00597	0.00608	0.00408	0.00401	0.00634	0.00671	0.00892	0.01234	0.12148	0.01351	0.16245	0.01633	0.54188	0.00387	0.06384	0.00255	0.00248
4	0.00875	0.00654	0.00919	0.01021	0.13367	0.04306	0.04083	0.00916	0.00828	0.03929	0.04626	0.04771	0.06100	0.12269	0.10291	0.29330	0.00527	0.00529	0.00267	0.00393
5	0.01051	0.15208	0.24421	0.18859	0.08876	0.06389	0.09369	0.01466	0.07590	0.01338	0.00874	0.01067	0.00674	0.00439	0.00426	0.00137	0.00607	0.00373	0.00226	0.00612
6	0.00923	0.00814	0.01301	0.21560	0.28837	0.00910	0.01023	0.03160	0.00896	0.01245	0.00930	0.01400	0.00828	0.07177	0.15249	0.05828	0.06726	0.00436	0.00228	0.00529

[dist]
# distance from previous block
# <min> <max>
0	2

[block]
# block no. 3 follows, 57 sequences, length 18
# corresponding to MSA columns:
# 226-230,234-246
name=unknown_D
#
# <colnr> <probs for GDERKNQSTAVLIFYWHMCP>
#	G	D	E	R	K	N	Q	S	T	A	V	L	I	F	Y	W	H	M	C	P
0	0.00743	0.00498	0.00620	0.00649	0.00728	0.00485	0.00454	0.04441	0.04357	0.06000	0.06861	0.49716	0.05423	0.13373	0.00811	0.00213	0.00312	0.03484	0.00415	0.00417
1	0.41373	0.00905	0.01136	0.08404	0.24111	0.00994	0.02983	0.03590	0.00907	0.01711	0.00839	0.04140	0.00716	0.00652	0.05670	0.00179	0.00494	0.00372	0.00264	0.00558
2	0.05048	0.10987	0.31417	0.01306	0.09915	0.10298	0.07454	0.01474	0.04249	0.04838	0.01048	0.03471	0.03653	0.00498	0.00450	0.00138	0.02484	0.00402	0.00249	0.00619
3	0.01352	0.01495	0.03097	0.01241	0.08569	0.38399	0.03162	0.01531	0.02316	0.05930	0.00903	0.01199	0.00774	0.00739	0.06169	0.00177	0.12950	0.03681	0.00260	0.06057
4	0.10068	0.00848	0.03396	0.01562	0.34909	0.00812	0.00909	0.01193	0.00987	0.05339	0.07021	0.04231	0.09040	0.00913	0.09025	0.01413	0.00509	0.03463	0.00301	0.04062
5	0.00812	0.00543	0.00708	0.00680	0.00795	0.00558	0.00503	0.01034	0.08537	0.07806	0.07754	0.15286	0.03457	0.12000	0.28155	0.05353	0.00628	0.00658	0.00345	0.04388
6	0.01053	0.00986	0.01343	0.37921	0.17232	0.06609	0.01075	0.08761	0.04715	0.01448	0.01055	0.01291	0.04364	0.00480	0.00441	0.00135	0.00539	0.00412	0.00261	0.09880
7	0.00940	0.04504	0.00868	0.04903	0.00996	0.21897	0.00587	0.01092	0.03952	0.01191	0.09058	0.26908	0.05540	0.12785	0.02587	0.00203	0.00478	0.00744	0.00335	0.00432
8	0.17761	0.00809	0.00846	0.00767	0.03153	0.03196	0.00584	0.08899	0.11141	0.13034	0.05056	0.04182	0.09081	0.04015	0.00498	0.00151	0.00363	0.03325	0.07623	0.05514
9	0.04378	0.00472	0.00552	0.00582	0.00684	0.00446	0.00426	0.00780	0.00924	0.03977	0.02852	0.28284	0.28193	0.08815	0.05988	0.00228	0.00349	0.07768	0.03909	0.00392
10	0.12934	0.00687	0.00739	0.00652	0.00835	0.00704	0.00484	0.07335	0.10459	0.11980	0.04363	0.05391	0.07231	0.24213	0.00955	0.00223	0.00367	0.00560	0.05448	0.04441
11	0.03669	0.00606	0.00719	0.00663	0.00831	0.00594	0.00506	0.04568	0.09132	0.14613	0.16337	0.11906	0.18146	0.07781	0.04151	0.00202	0.00352	0.04286	0.00439	0.00500
12	0.00859	0.00527	0.00639	0.00605	0.00719	0.00515	0.00439	0.04140	0.02311	0.10657	0.09837	0.10612	0.12378	0.24091	0.09626	0.00290	0.00429	0.03154	0.07743	0.00429
13	0.10663	0.00862	0.00928	0.00766	0.01031	0.00917	0.00618	0.25367	0.11399	0.16219	0.04613	0.01447	0.01118	0.00554	0.00406	0.00132	0.00363	0.00432	0.21528	0.00635
14	0.03306	0.00564	0.00637	0.00598	0.00732	0.00552	0.00433	0.04592	0.07878	0.07296	0.15965	0.11144	0.21269	0.19359	0.00902	0.00214	0.00314	0.00764	0.03035	0.00444
15	0.01649	0.00473	0.00551	0.00566	0.00663	0.00441	0.00405	0.00821	0.02406	0.05236	0.07020	0.21719	0.26071	0.18137	0.00896	0.00219	0.00305	0.06957	0.05074	0.00391
16	0.00882	0.00534	0.00650	0.00616	0.00773	0.00491	0.00478	0.01077	0.04113	0.15103	0.17803	0.07840	0.26573	0.06432	0.00640	0.00175	0.00297	0.10890	0.04165	0.00469
17	0.79695	0.00867	0.00700	0.00615	0.00901	0.00985	0.00506	0.01410	0.00818	0.09106	0.00734	0.00808	0.00547	0.00433	0.00296	0.00140	0.00354	0.00264	0.00305	0.00516

[dist]
# distance from previous block
# <min> <max>
0	2

[block]
# block no. 4 follows, 57 sequences, length 36
# corresponding to MSA columns:
# 249-283,285
name=unknown_E
#
# <colnr> <probs for GDERKNQSTAVLIFYWHMCP>
#	G	D	E	R	K	N	Q	S	T	A	V	L	I	F	Y	W	H	M	C	P
0	0.01022	0.00678	0.00787	0.00718	0.00905	0.00674	0.00565	0.15571	0.05476	0.11684	0.04829	0.10440	0.22709	0.08578	0.00687	0.00186	0.00358	0.13183	0.00435	0.00517
1	0.03007	0.00508	0.00625	0.00628	0.00719	0.00502	0.00446	0.04988	0.00940	0.07141	0.05376	0.32928	0.08484	0.16896	0.08495	0.02543	0.00408	0.02185	0.02772	0.00409
2	0.06906	0.00620	0.00730	0.00663	0.00827	0.00615	0.00492	0.04470	0.08030	0.19913	0.07845	0.17423	0.05190	0.16985	0.02322	0.00217	0.00359	0.00687	0.05199	0.00507
3	0.03077	0.00625	0.00749	0.00686	0.00855	0.00617	0.00524	0.07157	0.08375	0.15202	0.17279	0.13939	0.12050	0.09171	0.02955	0.00199	0.00352	0.05236	0.00443	0.00510
4	0.01169	0.00766	0.00867	0.00744	0.00972	0.00782	0.00584	0.18865	0.13977	0.14952	0.10397	0.08849	0.17755	0.02844	0.00530	0.00154	0.00341	0.00663	0.04199	0.00589
5	0.00788	0.00501	0.00702	0.00678	0.00726	0.00552	0.00497	0.04151	0.00762	0.01074	0.04725	0.05020	0.01150	0.03099	0.23183	0.41301	0.06048	0.00481	0.04236	0.00327
6	0.00888	0.00549	0.00696	0.00693	0.00807	0.00539	0.00530	0.02939	0.04635	0.11733	0.06840	0.13081	0.04878	0.23366	0.02520	0.00258	0.00395	0.23809	0.00403	0.00441
7	0.00686	0.00486	0.00649	0.00658	0.00726	0.00519	0.00475	0.00823	0.02988	0.03599	0.01751	0.19408	0.06280	0.19827	0.37158	0.00476	0.02073	0.00717	0.00313	0.00390
8	0.01183	0.01011	0.01007	0.00893	0.01129	0.09941	0.02612	0.07360	0.44763	0.05451	0.01752	0.07645	0.04144	0.00655	0.00454	0.00146	0.00405	0.00543	0.08270	0.00635
9	0.00932	0.00666	0.00876	0.06503	0.05029	0.00709	0.00660	0.06576	0.09674	0.08982	0.05086	0.35355	0.03917	0.00975	0.00585	0.00166	0.05984	0.04186	0.02625	0.00513
10	0.00906	0.00857	0.01450	0.67796	0.17918	0.01020	0.01283	0.01202	0.00930	0.01219	0.00814	0.01192	0.00626	0.00444	0.00452	0.00148	0.00592	0.00403	0.00206	0.00544
11	0.01473	0.01093	0.01172	0.00940	0.01236	0.01210	0.00754	0.55964	0.13461	0.02450	0.01288	0.03870	0.01017	0.07267	0.00600	0.00163	0.00453	0.00471	0.04422	0.00695
12	0.00618	0.00459	0.00575	0.00553	0.00664	0.00416	0.00412	0.00807	0.01216	0.01676	0.63200	0.07612	0.18132	0.00991	0.00537	0.00147	0.00219	0.00868	0.00481	0.00416
13	0.01109	0.01077	0.01561	0.34897	0.36823	0.08217	0.01253	0.07075	0.01084	0.01418	0.00837	0.01127	0.00664	0.00439	0.00447	0.00140	0.00586	0.00394	0.00233	0.00618
14	0.00779	0.00595	0.00863	0.00854	0.04585	0.00649	0.04121	0.06636	0.00869	0.01224	0.01271	0.02022	0.01222	0.16781	0.48873	0.00540	0.00910	0.03877	0.02896	0.00434
15	0.00555	0.00426	0.00510	0.00561	0.00643	0.00380	0.00393	0.00662	0.00972	0.01251	0.11533	0.45944	0.32008	0.01267	0.00558	0.00168	0.00245	0.01116	0.00429	0.00380
16	0.00612	0.00507	0.00588	0.06556	0.00837	0.00471	0.00449	0.00815	0.04406	0.01405	0.24543	0.03758	0.51397	0.01016	0.00526	0.00150	0.00258	0.00861	0.00427	0.00417
17	0.00607	0.00408	0.00545	0.00637	0.00676	0.00379	0.00430	0.00690	0.00884	0.04153	0.02471	0.80715	0.02927	0.01388	0.00574	0.00182	0.00267	0.01257	0.00426	0.00383
18	0.01114	0.07258	0.01364	0.24809	0.06443	0.19262	0.00987	0.01297	0.00947	0.01184	0.00799	0.02477	0.00687	0.00559	0.00691	0.00148	0.22059	0.00381	0.07019	0.00516
19	0.01095	0.01050	0.01787	0.08846	0.71544	0.01058	0.02546	0.01366	0.01020	0.01455	0.00848	0.01124	0.00707	0.00405	0.00447	0.00134	0.00540	0.00401	0.00224	0.03404
20	0.77816	0.00953	0.00740	0.00650	0.00935	0.04072	0.00532	0.07096	0.00890	0.02059	0.00667	0.00765	0.00515	0.00431	0.00298	0.00139	0.00379	0.00259	0.00291	0.00513
21	0.87276	0.00876	0.00666	0.00596	0.00876	0.01017	0.00491	0.01332	0.00771	0.02033	0.00631	0.00736	0.00491	0.00421	0.00280	0.00140	0.00351	0.00245	0.00280	0.00491
22	0.02335	0.06523	0.11938	0.07819	0.35394	0.06814	0.08855	0.01471	0.06294	0.02266	0.00884	0.01100	0.00709	0.00450	0.00499	0.00140	0.05229	0.00395	0.00236	0.00649
23	0.01236	0.12973	0.04361	0.04734	0.07905	0.06783	0.05770	0.16638	0.16661	0.02825	0.01124	0.01264	0.02018	0.00661	0.03955	0.00166	0.08728	0.01244	0.00317	0.00635
24	0.00638	0.00454	0.00547	0.00552	0.00659	0.00407	0.00400	0.00776	0.01071	0.04278	0.29521	0.23541	0.29067	0.04049	0.00603	0.00166	0.00245	0.00957	0.01664	0.00405
25	0.01320	0.01032	0.01149	0.06966	0.01378	0.01164	0.00800	0.32929	0.35495	0.03659	0.01516	0.05330	0.01196	0.00634	0.00469	0.00150	0.00430	0.03250	0.00437	0.00697
26	0.00579	0.00440	0.00492	0.00513	0.00593	0.00398	0.00346	0.00660	0.00907	0.01147	0.07573	0.21204	0.37635	0.24268	0.01038	0.00239	0.00294	0.00938	0.00384	0.00352
27	0.00803	0.00660	0.04092	0.00677	0.00844	0.00605	0.00546	0.06156	0.08192	0.04542	0.43188	0.08884	0.14693	0.00905	0.00548	0.00149	0.02797	0.00774	0.00455	0.00489
28	0.01103	0.00901	0.00967	0.00864	0.01104	0.01020	0.00673	0.05521	0.63012	0.03531	0.11259	0.01864	0.01689	0.00645	0.00464	0.00150	0.00342	0.00540	0.03677	0.00675
29	0.00872	0.00687	0.00845	0.00797	0.00899	0.07107	0.00622	0.01020	0.00813	0.06971	0.01169	0.01655	0.01057	0.06114	0.55879	0.00553	0.09426	0.00465	0.02605	0.00445
30	0.18882	0.01104	0.07039	0.01054	0.04538	0.03381	0.00866	0.05379	0.21237	0.03979	0.01010	0.01137	0.00802	0.00600	0.00746	0.00161	0.26790	0.00390	0.00307	0.00596
31	0.00887	0.06830	0.00944	0.00678	0.00972	0.00659	0.00541	0.03416	0.00972	0.01413	0.04578	0.10661	0.03436	0.04231	0.00509	0.01748	0.00347	0.05874	0.00308	0.50995
32	0.00705	0.00519	0.00687	0.08183	0.00882	0.00525	0.02635	0.00792	0.03018	0.01033	0.01655	0.11459	0.07998	0.40825	0.03644	0.09301	0.00436	0.01463	0.00292	0.03949
33	0.39258	0.00980	0.01088	0.03536	0.25736	0.07677	0.00811	0.01297	0.00902	0.01631	0.03205	0.01114	0.00764	0.02178	0.00510	0.06496	0.00456	0.01565	0.00260	0.00535
34	0.13902	0.00936	0.01255	0.22628	0.18320	0.06360	0.04484	0.03633	0.03633	0.01430	0.01795	0.05926	0.02136	0.00616	0.00551	0.06498	0.01830	0.02015	0.00261	0.01790
35	0.01367	0.01672	0.07835	0.03925	0.15564	0.40806	0.03483	0.03678	0.08924	0.01329	0.00891	0.01068	0.00727	0.02184	0.02329	0.00151	0.02859	0.00365	0.00255	0.00590

[dist]
# distance from previous block
# <min> <max>
0	2

[block]
# block no. 5 follows, 57 sequences, length 17
# corresponding to MSA columns:
# 288-304
name=unknown_F
#
# <colnr> <probs for GDERKNQSTAVLIFYWHMCP>
#	G	D	E	R	K	N	Q	S	T	A	V	L	I	F	Y	W	H	M	C	P
0	0.00935	0.00882	0.02657	0.03406	0.09079	0.09051	0.00724	0.06664	0.11917	0.01501	0.06754	0.04835	0.23584	0.00867	0.00511	0.00157	0.00412	0.15161	0.00382	0.00521
1	0.00732	0.00579	0.00729	0.03723	0.05895	0.02478	0.00588	0.00918	0.04243	0.01242	0.04657	0.12527	0.13284	0.18096	0.04205	0.00251	0.00421	0.23198	0.01816	0.00415
2	0.01207	0.06788	0.02393	0.03604	0.11280	0.10153	0.02652	0.04033	0.41468	0.04882	0.04031	0.01511	0.02887	0.00561	0.00447	0.00142	0.00459	0.00465	0.00375	0.00664
3	0.00648	0.00489	0.00630	0.03919	0.00794	0.00473	0.00470	0.00886	0.05583	0.01595	0.49220	0.22567	0.08961	0.01024	0.00538	0.00154	0.00250	0.00907	0.00461	0.00429
4	0.05346	0.03611	0.01047	0.00820	0.05761	0.03892	0.00612	0.02704	0.00972	0.01503	0.00795	0.00931	0.00660	0.00355	0.00343	0.00079	0.00375	0.00278	0.00266	0.69650
5	0.00566	0.00422	0.00527	0.00582	0.00651	0.00383	0.00406	0.00680	0.00986	0.01303	0.18563	0.50705	0.20045	0.01263	0.00560	0.00169	0.00246	0.01124	0.00436	0.00383
6	0.06232	0.07811	0.26615	0.06407	0.11409	0.13653	0.03297	0.10655	0.03035	0.03061	0.00847	0.00993	0.00647	0.00460	0.00450	0.00136	0.03051	0.00351	0.00253	0.00634
7	0.01180	0.11651	0.06508	0.01226	0.12204	0.20574	0.04460	0.06538	0.02832	0.01402	0.03764	0.01614	0.01066	0.02447	0.05063	0.00174	0.02208	0.08677	0.05857	0.00558
8	0.00662	0.00467	0.00583	0.00565	0.00682	0.00424	0.00425	0.00844	0.01184	0.03980	0.52226	0.09586	0.19770	0.01000	0.00534	0.00149	0.00233	0.03679	0.02584	0.00423
9	0.01415	0.02733	0.01246	0.03879	0.09156	0.06080	0.00830	0.44598	0.05989	0.02222	0.01160	0.03861	0.00908	0.00633	0.02839	0.00151	0.00496	0.00435	0.10698	0.00670
10	0.01261	0.00716	0.00772	0.00662	0.00872	0.03421	0.00522	0.13784	0.04696	0.19327	0.03270	0.04169	0.03776	0.00595	0.00398	0.00125	0.00324	0.00479	0.40263	0.00567
11	0.01056	0.03015	0.03874	0.05205	0.22431	0.02252	0.11516	0.06772	0.10800	0.04229	0.12610	0.04202	0.04303	0.00604	0.00480	0.00144	0.00476	0.03273	0.00337	0.02422
12	0.02644	0.04309	0.26394	0.01067	0.03292	0.00955	0.06543	0.10417	0.06015	0.06821	0.10778	0.04448	0.03125	0.00772	0.05740	0.00182	0.02974	0.00493	0.02426	0.00607
13	0.08129	0.08663	0.01340	0.02296	0.01310	0.05454	0.02285	0.35742	0.06647	0.12324	0.01102	0.01179	0.00821	0.00546	0.00505	0.00139	0.06788	0.01802	0.00387	0.02542
14	0.00856	0.00805	0.01359	0.82986	0.03121	0.01007	0.01258	0.01158	0.00906	0.01158	0.00805	0.01208	0.00604	0.00453	0.00453	0.00151	0.00604	0.00403	0.00201	0.00503
15	0.01298	0.03534	0.08538	0.03265	0.05998	0.12533	0.14104	0.13483	0.20534	0.06531	0.02395	0.01383	0.00977	0.00527	0.00462	0.00143	0.00560	0.02733	0.00344	0.00658
16	0.03752	0.13057	0.12243	0.02960	0.02340	0.13991	0.02701	0.06230	0.08514	0.09382	0.05689	0.07272	0.04684	0.00635	0.00443	0.00140	0.00504	0.04543	0.00334	0.00585

[dist]
# distance from previous block
# <min> <max>
1	3

[block]
# block no. 6 follows, 57 sequences, length 19
# corresponding to MSA columns:
# 308-326
name=unknown_G
#
# <colnr> <probs for GDERKNQSTAVLIFYWHMCP>
#	G	D	E	R	K	N	Q	S	T	A	V	L	I	F	Y	W	H	M	C	P
0	0.12348	0.03107	0.01025	0.02547	0.01096	0.07707	0.02102	0.18755	0.08547	0.01906	0.25932	0.01790	0.01847	0.00687	0.00558	0.02854	0.05740	0.00512	0.00387	0.00553
1	0.00861	0.00772	0.01285	0.01056	0.01247	0.00825	0.20694	0.04982	0.05391	0.01342	0.04693	0.05596	0.03560	0.05772	0.30599	0.00380	0.07697	0.00561	0.02193	0.00493
2	0.00686	0.00486	0.00580	0.00608	0.00713	0.00453	0.00438	0.00873	0.06500	0.05819	0.06760	0.39336	0.26653	0.04275	0.00614	0.00178	0.00276	0.03900	0.00430	0.00421
3	0.04273	0.00828	0.00966	0.00730	0.01098	0.00697	0.00592	0.07400	0.03056	0.11569	0.01059	0.01274	0.00856	0.00442	0.00377	0.00094	0.00360	0.04729	0.00333	0.59266
4	0.00562	0.00428	0.00509	0.00566	0.00643	0.00385	0.00396	0.00658	0.00934	0.01189	0.05078	0.44212	0.32039	0.06200	0.00666	0.00188	0.00266	0.04296	0.00414	0.00371
5	0.01099	0.01068	0.01867	0.08485	0.69775	0.01077	0.07186	0.01378	0.01026	0.01455	0.00854	0.01135	0.00707	0.00406	0.00455	0.00137	0.00560	0.00413	0.00223	0.00694
6	0.00596	0.00451	0.00550	0.00547	0.00655	0.00405	0.00402	0.00759	0.01142	0.01536	0.45855	0.16490	0.26819	0.01071	0.00542	0.00152	0.00226	0.00935	0.00463	0.00405
7	0.01069	0.01094	0.04879	0.14352	0.60121	0.01076	0.06633	0.01357	0.01007	0.01423	0.00844	0.01132	0.00692	0.00417	0.00472	0.00140	0.01989	0.00410	0.00220	0.00674
8	0.41581	0.11147	0.06555	0.00846	0.01152	0.24934	0.00728	0.04482	0.01007	0.01634	0.00695	0.00803	0.00556	0.00437	0.00337	0.00128	0.00528	0.00274	0.01645	0.00533
9	0.01037	0.02007	0.01456	0.21924	0.28040	0.04105	0.02005	0.03095	0.10573	0.01391	0.02863	0.01265	0.00853	0.00666	0.04707	0.00179	0.12552	0.00425	0.00256	0.00601
10	0.05345	0.00833	0.01080	0.12909	0.09536	0.01785	0.00807	0.18155	0.03862	0.04244	0.01972	0.02979	0.01052	0.03392	0.10405	0.08791	0.00557	0.07118	0.00318	0.04860
11	0.00627	0.00441	0.00561	0.00618	0.00657	0.00433	0.00430	0.00708	0.00824	0.01091	0.02105	0.33216	0.05245	0.30840	0.05834	0.00309	0.00406	0.14952	0.00358	0.00346
12	0.00787	0.00686	0.01040	0.03945	0.03500	0.00833	0.05175	0.00931	0.00745	0.01078	0.01035	0.01659	0.01002	0.13365	0.39612	0.00475	0.22981	0.00483	0.00232	0.00436
13	0.00667	0.00500	0.00708	0.00699	0.00757	0.00578	0.00522	0.00789	0.00711	0.01015	0.01231	0.02007	0.01222	0.21365	0.60352	0.00637	0.05091	0.00520	0.00248	0.00380
14	0.00679	0.00510	0.00619	0.00655	0.00753	0.00498	0.00490	0.03711	0.06139	0.01355	0.09602	0.31894	0.17907	0.07354	0.00692	0.00194	0.00310	0.15802	0.00420	0.00416
15	0.00571	0.00427	0.00532	0.00583	0.00657	0.00388	0.00412	0.00690	0.00998	0.01318	0.19774	0.46651	0.21111	0.01248	0.00560	0.00169	0.00248	0.02839	0.00437	0.00385
16	0.01211	0.76681	0.06899	0.00819	0.01217	0.04640	0.00831	0.01378	0.00936	0.01089	0.00643	0.00743	0.00581	0.00393	0.00303	0.00100	0.00507	0.00249	0.00195	0.00585
17	0.04604	0.00871	0.01227	0.04500	0.30378	0.03398	0.00973	0.08905	0.01131	0.03622	0.01514	0.08562	0.01505	0.00780	0.00509	0.00163	0.00474	0.25972	0.00335	0.00577
18	0.01098	0.06563	0.08312	0.26630	0.17049	0.08185	0.07984	0.06540	0.07830	0.01451	0.03420	0.01208	0.00819	0.00467	0.00446	0.00140	0.00582	0.00411	0.00257	0.00607

[dist]
# distance from previous block
# <min> <max>
0	1

[block]
# block no. 7 follows, 57 sequences, length 14
# corresponding to MSA columns:
# 328,367-379
name=unknown_H
#
# <colnr> <probs for GDERKNQSTAVLIFYWHMCP>
#	G	D	E	R	K	N	Q	S	T	A	V	L	I	F	Y	W	H	M	C	P
0	0.81294	0.00978	0.06280	0.00644	0.00951	0.01019	0.00573	0.01339	0.00784	0.01992	0.00644	0.00751	0.00497	0.00421	0.00291	0.00140	0.00373	0.00252	0.00274	0.00503
1	0.01049	0.01561	0.32122	0.02507	0.08613	0.09048	0.01130	0.01599	0.17872	0.03145	0.05938	0.01392	0.03807	0.00527	0.00456	0.00138	0.01765	0.00425	0.00295	0.06611
2	0.00646	0.00448	0.00525	0.00525	0.00551	0.00452	0.00323	0.00680	0.00705	0.00936	0.01698	0.02927	0.09129	0.64573	0.13649	0.00454	0.00531	0.00662	0.00284	0.00304
3	0.00875	0.00766	0.01005	0.06631	0.13510	0.03428	0.02263	0.01264	0.14641	0.01553	0.24741	0.09692	0.03636	0.03032	0.02647	0.00163	0.00395	0.00632	0.00372	0.08755
4	0.01600	0.02007	0.01296	0.04571	0.01455	0.72184	0.00901	0.01723	0.01220	0.01109	0.00696	0.00848	0.00585	0.00493	0.00500	0.00125	0.07632	0.00305	0.00229	0.00522
5	0.04730	0.00929	0.03582	0.00991	0.10972	0.02952	0.00708	0.05995	0.04678	0.04892	0.08213	0.01241	0.01049	0.00442	0.00388	0.00100	0.00386	0.00364	0.00313	0.47075
6	0.01120	0.10997	0.07619	0.06132	0.20306	0.01058	0.05305	0.02606	0.16820	0.08830	0.02590	0.06811	0.03126	0.00584	0.00476	0.00144	0.02324	0.02191	0.00324	0.00638
7	0.00552	0.00394	0.00526	0.00631	0.00657	0.00368	0.00421	0.00631	0.00868	0.01157	0.02498	0.83779	0.02997	0.01420	0.00578	0.00184	0.00263	0.01288	0.00421	0.00368
8	0.00657	0.00447	0.00532	0.00532	0.00545	0.00460	0.00322	0.00683	0.00670	0.00907	0.01393	0.02774	0.01564	0.71043	0.15225	0.00486	0.00564	0.00631	0.00269	0.00296
9	0.01186	0.77559	0.08943	0.00818	0.01229	0.01732	0.00850	0.01363	0.00924	0.01097	0.00645	0.00746	0.00581	0.00391	0.00302	0.00101	0.00500	0.00250	0.00194	0.00589
10	0.00915	0.00687	0.04199	0.00790	0.00922	0.00704	0.02233	0.04925	0.00923	0.08301	0.07916	0.05847	0.01359	0.04493	0.26051	0.07514	0.11783	0.00522	0.09453	0.00462
11	0.01150	0.00907	0.00985	0.00878	0.01127	0.01022	0.00685	0.02238	0.66397	0.08123	0.09680	0.01847	0.01649	0.00641	0.00468	0.00152	0.00346	0.00538	0.00473	0.00693
12	0.01302	0.00625	0.00827	0.00711	0.00933	0.00565	0.00567	0.01524	0.04020	0.38740	0.28630	0.06802	0.05463	0.00804	0.00504	0.00149	0.00317	0.06411	0.00513	0.00592
13	0.71800	0.00822	0.00688	0.02832	0.00931	0.00935	0.00520	0.01290	0.00819	0.04693	0.00977	0.03838	0.04027	0.00525	0.00326	0.00145	0.00354	0.03684	0.00304	0.00489

[dist]
# distance from previous block
# <min> <max>
0	17

# created by:
# /st0/software/busco_prod/Augustus/scripts/msa2prfl.pl ./align_prep/109266.fa
