[name]
unknown

[dist]
# distance from previous block
# <min> <max>
0	26

[block]
# block no. 0 follows, 58 sequences, length 18
# corresponding to MSA columns:
# 26-43
name=unknown_A
#
# <colnr> <probs for GDERKNQSTAVLIFYWHMCP>
#	G	D	E	R	K	N	Q	S	T	A	V	L	I	F	Y	W	H	M	C	P
0	0.00698	0.00533	0.00782	0.15708	0.01246	0.00563	0.00737	0.00888	0.00961	0.01253	0.02108	0.24585	0.02314	0.01135	0.00575	0.00189	0.00406	0.44529	0.00374	0.00415
1	0.01236	0.39867	0.24474	0.01010	0.01431	0.22653	0.01041	0.01478	0.01013	0.01166	0.00691	0.00805	0.00573	0.00415	0.00356	0.00114	0.00616	0.00278	0.00201	0.00584
2	0.00668	0.00534	0.00716	0.00690	0.00780	0.00610	0.00542	0.00811	0.00806	0.01129	0.01990	0.02302	0.21608	0.02259	0.45377	0.00464	0.11686	0.00583	0.06039	0.00407
3	0.01257	0.01102	0.02752	0.04835	0.31259	0.04703	0.05683	0.22354	0.02491	0.04757	0.02112	0.03282	0.00948	0.00552	0.00514	0.00144	0.04652	0.05627	0.00316	0.00659
4	0.00942	0.13492	0.36290	0.00921	0.01299	0.00937	0.01004	0.03119	0.00894	0.06016	0.01027	0.01522	0.00920	0.22159	0.07404	0.00255	0.00598	0.00420	0.00242	0.00536
5	0.01028	0.38305	0.47116	0.01052	0.01591	0.01359	0.01264	0.01383	0.00929	0.01257	0.00724	0.00845	0.00570	0.00406	0.00365	0.00122	0.00581	0.00291	0.00190	0.00623
6	0.00999	0.01004	0.02070	0.01509	0.01872	0.00948	0.59470	0.01333	0.01026	0.01493	0.01047	0.01325	0.00799	0.00414	0.00473	0.00139	0.00614	0.00499	0.22411	0.00556
7	0.01157	0.02275	0.03347	0.25708	0.09226	0.16027	0.04338	0.04377	0.09068	0.06054	0.02998	0.01303	0.03084	0.00521	0.00508	0.00141	0.06032	0.00419	0.02847	0.00569
8	0.04652	0.03208	0.03231	0.01093	0.01289	0.38123	0.00885	0.12535	0.01186	0.01391	0.00829	0.01169	0.00734	0.00602	0.00690	0.00146	0.21898	0.05534	0.00264	0.00541
9	0.00951	0.01993	0.61415	0.01652	0.22331	0.01045	0.01581	0.01405	0.00963	0.01428	0.00813	0.00986	0.00603	0.00418	0.00430	0.00139	0.00628	0.00348	0.00197	0.00673
10	0.00559	0.00434	0.00506	0.00536	0.00635	0.00385	0.00386	0.00678	0.01003	0.01285	0.17017	0.29795	0.39408	0.02743	0.00577	0.00166	0.00243	0.02839	0.00426	0.00380
11	0.23092	0.04248	0.58886	0.01085	0.01639	0.01050	0.01328	0.01388	0.00896	0.01558	0.00752	0.00882	0.00546	0.00421	0.00383	0.00140	0.00575	0.00305	0.00211	0.00613
12	0.01541	0.00646	0.00876	0.00736	0.00984	0.00566	0.00580	0.01692	0.01171	0.55795	0.07236	0.22785	0.01789	0.00795	0.00486	0.00150	0.00338	0.00684	0.00514	0.00637
13	0.22822	0.00511	0.00555	0.00614	0.00704	0.00527	0.00433	0.00800	0.00832	0.01364	0.01993	0.62642	0.02324	0.01149	0.00496	0.00171	0.00282	0.01008	0.00380	0.00394
14	0.01028	0.32713	0.26027	0.00967	0.01443	0.01206	0.06238	0.01314	0.00934	0.01292	0.00740	0.00872	0.00601	0.00382	0.00356	0.00106	0.00514	0.00293	0.00212	0.22762
15	0.01548	0.01204	0.01464	0.01469	0.21923	0.01304	0.00984	0.59841	0.01825	0.02471	0.01014	0.01082	0.00747	0.00501	0.00446	0.00134	0.00502	0.00402	0.00390	0.00747
16	0.00529	0.00453	0.00453	0.00453	0.00604	0.00378	0.00340	0.00642	0.01020	0.01208	0.04532	0.04305	0.81307	0.01133	0.00529	0.00151	0.00227	0.00944	0.00415	0.00378
17	0.00611	0.00473	0.00651	0.00651	0.00749	0.00513	0.00503	0.00759	0.00796	0.01082	0.02053	0.02410	0.21676	0.02785	0.61490	0.00573	0.00949	0.00598	0.00285	0.00394

[dist]
# distance from previous block
# <min> <max>
5	17

[block]
# block no. 1 follows, 58 sequences, length 6
# corresponding to MSA columns:
# 70-75
name=unknown_B
#
# <colnr> <probs for GDERKNQSTAVLIFYWHMCP>
#	G	D	E	R	K	N	Q	S	T	A	V	L	I	F	Y	W	H	M	C	P
0	0.00564	0.00451	0.00506	0.00514	0.00640	0.00394	0.00386	0.00701	0.01061	0.01342	0.21653	0.11725	0.52200	0.01114	0.00537	0.00154	0.00236	0.05002	0.00433	0.00388
1	0.00612	0.00452	0.00554	0.00612	0.00682	0.00427	0.00430	0.04461	0.00948	0.01232	0.02754	0.55852	0.18467	0.05483	0.00645	0.00187	0.00281	0.05129	0.00409	0.00383
2	0.12373	0.09308	0.15574	0.01007	0.01405	0.03184	0.06029	0.24942	0.06350	0.14012	0.01056	0.01080	0.00754	0.00482	0.00411	0.00135	0.00501	0.00373	0.00352	0.00671
3	0.01210	0.01048	0.09364	0.08298	0.06668	0.00988	0.00873	0.14739	0.26829	0.11826	0.09968	0.01644	0.03374	0.00588	0.00458	0.00143	0.00426	0.00491	0.00404	0.00661
4	0.01036	0.15583	0.50437	0.01261	0.05978	0.04562	0.04678	0.04153	0.05657	0.01421	0.00844	0.00968	0.00634	0.00431	0.00409	0.00133	0.00610	0.00338	0.00219	0.00647
5	0.00989	0.00836	0.00997	0.07193	0.01248	0.00697	0.00614	0.08098	0.01029	0.01553	0.00820	0.00961	0.00666	0.00359	0.00351	0.00079	0.00366	0.00288	0.00276	0.72580

[dist]
# distance from previous block
# <min> <max>
0	1

[block]
# block no. 2 follows, 58 sequences, length 14
# corresponding to MSA columns:
# 77-90
name=unknown_C
#
# <colnr> <probs for GDERKNQSTAVLIFYWHMCP>
#	G	D	E	R	K	N	Q	S	T	A	V	L	I	F	Y	W	H	M	C	P
0	0.00858	0.00793	0.01150	0.01109	0.06825	0.01034	0.00842	0.00994	0.00741	0.01116	0.03595	0.01340	0.00905	0.01652	0.29482	0.00371	0.46061	0.00437	0.00223	0.00472
1	0.01032	0.00964	0.01558	0.13736	0.48849	0.01006	0.04074	0.02767	0.10496	0.01508	0.07204	0.01416	0.02434	0.00484	0.00456	0.00139	0.00497	0.00457	0.00274	0.00648
2	0.00651	0.00434	0.00488	0.00488	0.00488	0.00434	0.00271	0.00651	0.00651	0.00867	0.01409	0.02927	0.01626	0.84279	0.02277	0.00434	0.00434	0.00651	0.00271	0.00271
3	0.03409	0.02289	0.04334	0.04158	0.13200	0.01024	0.08587	0.22997	0.09000	0.13700	0.04489	0.03505	0.06133	0.00571	0.00460	0.00141	0.00467	0.00493	0.00381	0.00663
4	0.00536	0.00446	0.00468	0.00479	0.00613	0.00378	0.00353	0.00650	0.01013	0.01231	0.08295	0.13662	0.68031	0.01153	0.00534	0.00154	0.00230	0.00976	0.00419	0.00378
5	0.03113	0.00891	0.02609	0.00770	0.01157	0.00734	0.03995	0.09150	0.04039	0.01628	0.02240	0.01019	0.00754	0.00378	0.00360	0.00084	0.00371	0.00309	0.00292	0.66107
6	0.00545	0.00454	0.00476	0.00471	0.00614	0.00385	0.00353	0.00674	0.01059	0.01302	0.16815	0.04151	0.68966	0.01098	0.00529	0.00149	0.00224	0.00922	0.00428	0.00385
7	0.03227	0.00989	0.01582	0.02054	0.50741	0.02322	0.06103	0.03332	0.01089	0.16278	0.01076	0.01282	0.00834	0.00453	0.00442	0.00135	0.00498	0.01931	0.04951	0.00683
8	0.01412	0.01110	0.01180	0.00971	0.01277	0.01252	0.00780	0.41874	0.40696	0.02354	0.01441	0.01366	0.01058	0.00571	0.00451	0.00143	0.00424	0.00453	0.00451	0.00735
9	0.00982	0.20922	0.57697	0.01131	0.01698	0.01211	0.01379	0.01472	0.06993	0.01368	0.00839	0.00948	0.00629	0.00429	0.00396	0.00132	0.00596	0.00323	0.00210	0.00645
10	0.05802	0.07543	0.60698	0.01135	0.01691	0.03884	0.01382	0.01419	0.02806	0.02992	0.05915	0.01092	0.00823	0.00461	0.00414	0.00138	0.00595	0.00355	0.00228	0.00628
11	0.00649	0.00488	0.00678	0.00669	0.00733	0.00554	0.00498	0.00767	0.00721	0.01012	0.01431	0.02148	0.06289	0.21263	0.55886	0.00597	0.04442	0.00543	0.00256	0.00373
12	0.09389	0.29227	0.31666	0.01098	0.05774	0.10934	0.01116	0.03715	0.00991	0.01358	0.00723	0.00845	0.00576	0.00416	0.00364	0.00122	0.00576	0.00293	0.00212	0.00604
13	0.01167	0.08631	0.11945	0.00883	0.04224	0.00871	0.00773	0.11365	0.02378	0.12055	0.01107	0.06264	0.00899	0.00489	0.00390	0.00111	0.00411	0.00394	0.05799	0.29843

[dist]
# distance from previous block
# <min> <max>
0	9

[block]
# block no. 3 follows, 58 sequences, length 29
# corresponding to MSA columns:
# 100-128
name=unknown_D
#
# <colnr> <probs for GDERKNQSTAVLIFYWHMCP>
#	G	D	E	R	K	N	Q	S	T	A	V	L	I	F	Y	W	H	M	C	P
0	0.20449	0.11670	0.18629	0.02662	0.01362	0.10598	0.04675	0.04297	0.05472	0.09609	0.02709	0.01169	0.02658	0.00487	0.00391	0.00134	0.00513	0.01636	0.00292	0.00589
1	0.04794	0.08327	0.17593	0.01074	0.02902	0.34860	0.00957	0.05148	0.08565	0.04946	0.01033	0.04342	0.02542	0.00518	0.00412	0.00129	0.00618	0.00379	0.00277	0.00584
2	0.87439	0.00865	0.00657	0.00588	0.00865	0.01003	0.00484	0.01315	0.00761	0.02007	0.00623	0.00727	0.00484	0.00415	0.00277	0.00138	0.00346	0.00242	0.00277	0.00484
3	0.00563	0.00402	0.00528	0.00618	0.00650	0.00380	0.00418	0.00643	0.00850	0.01129	0.02416	0.69750	0.05317	0.07941	0.02552	0.00214	0.00300	0.04571	0.00400	0.00359
4	0.04747	0.00893	0.01102	0.02187	0.08774	0.00912	0.00745	0.27911	0.01421	0.27055	0.01429	0.06841	0.01137	0.04985	0.00547	0.00156	0.00423	0.04015	0.04062	0.00660
5	0.00886	0.00432	0.00445	0.00434	0.00549	0.00428	0.00328	0.01093	0.00953	0.05235	0.01473	0.01661	0.01145	0.00523	0.00319	0.00106	0.00216	0.00418	0.82925	0.00432
6	0.01166	0.10843	0.03433	0.25251	0.14510	0.12938	0.07120	0.09996	0.03918	0.01423	0.00860	0.01083	0.00678	0.00487	0.01499	0.00141	0.01549	0.00378	0.02142	0.00587
7	0.00548	0.00400	0.00517	0.00609	0.00651	0.00369	0.00415	0.00633	0.00880	0.01155	0.02698	0.72794	0.11881	0.01366	0.00567	0.00179	0.00260	0.03296	0.00415	0.00366
8	0.00795	0.01051	0.20928	0.03809	0.15658	0.00736	0.00937	0.01112	0.03613	0.01492	0.26455	0.05061	0.08400	0.00902	0.06924	0.00188	0.00477	0.00595	0.00329	0.00537
9	0.00646	0.00435	0.00490	0.00489	0.00497	0.00432	0.00278	0.00657	0.00682	0.00908	0.04107	0.02983	0.04131	0.79036	0.02167	0.00416	0.00420	0.00665	0.00283	0.00279
10	0.02678	0.01262	0.18618	0.01006	0.01355	0.01093	0.02936	0.05934	0.54117	0.01809	0.03373	0.01492	0.01195	0.00562	0.00448	0.00148	0.00434	0.00465	0.00389	0.00687
11	0.00632	0.00470	0.00691	0.00699	0.00770	0.00537	0.00532	0.00777	0.00726	0.01037	0.01309	0.08281	0.01291	0.07610	0.71699	0.00661	0.01083	0.00551	0.00255	0.00390
12	0.01062	0.00910	0.00975	0.00869	0.01122	0.01020	0.00678	0.02161	0.68200	0.01823	0.06308	0.01777	0.01499	0.00616	0.00453	0.00146	0.00345	0.02129	0.00441	0.07466
13	0.01286	0.04020	0.11312	0.00888	0.03297	0.00849	0.00781	0.10398	0.07410	0.19976	0.01125	0.01137	0.00816	0.00442	0.00394	0.00109	0.00414	0.00352	0.00353	0.34639
14	0.01116	0.01271	0.10761	0.06197	0.46461	0.07858	0.04572	0.01553	0.12938	0.01470	0.00971	0.01156	0.00773	0.00439	0.00443	0.00137	0.00555	0.00403	0.00252	0.00672
15	0.00639	0.00479	0.00719	0.00719	0.00799	0.00559	0.00559	0.00799	0.00719	0.01038	0.01198	0.01757	0.01118	0.03355	0.82507	0.00719	0.01198	0.00479	0.00240	0.00399
16	0.00928	0.00795	0.00928	0.00663	0.01060	0.00596	0.00530	0.01126	0.00928	0.01458	0.00795	0.00928	0.00663	0.00331	0.00331	0.00066	0.00331	0.00265	0.00265	0.87014
17	0.01130	0.49578	0.29848	0.00972	0.01440	0.07858	0.01081	0.01401	0.00949	0.01182	0.00690	0.00803	0.00572	0.00404	0.00344	0.00113	0.00567	0.00275	0.00194	0.00600
18	0.03563	0.08811	0.54249	0.01211	0.05663	0.01092	0.01352	0.01544	0.12466	0.02750	0.02594	0.01090	0.00771	0.00458	0.00417	0.00139	0.00572	0.00361	0.00244	0.00654
19	0.01214	0.00747	0.02486	0.00727	0.01019	0.00635	0.00589	0.03663	0.07357	0.26920	0.06336	0.11254	0.06292	0.00658	0.00441	0.00125	0.00340	0.02242	0.00418	0.26537
20	0.00830	0.00690	0.00823	0.00650	0.00952	0.00537	0.00500	0.01002	0.00925	0.01400	0.04307	0.19733	0.01318	0.00595	0.00393	0.00095	0.00310	0.00513	0.00308	0.64119
21	0.07529	0.02151	0.11958	0.00731	0.00940	0.02533	0.02348	0.02781	0.04552	0.01433	0.13977	0.26824	0.18652	0.00945	0.00495	0.00154	0.00345	0.00814	0.00375	0.00462
22	0.00572	0.00451	0.00510	0.00501	0.00625	0.00395	0.00370	0.00715	0.01088	0.01405	0.32259	0.07196	0.46824	0.04374	0.00600	0.00160	0.00231	0.00897	0.00438	0.00389
23	0.01115	0.05377	0.50492	0.02283	0.03165	0.01113	0.01321	0.16438	0.06397	0.04623	0.00963	0.01081	0.00704	0.02420	0.00470	0.00146	0.00582	0.00366	0.00272	0.00673
24	0.00549	0.00445	0.00482	0.00490	0.00614	0.00384	0.00357	0.00667	0.01018	0.01265	0.14432	0.13696	0.58399	0.04446	0.00603	0.00165	0.00237	0.00954	0.00420	0.00378
25	0.01046	0.16585	0.46555	0.01174	0.01692	0.06263	0.08608	0.01482	0.05269	0.03012	0.00871	0.00996	0.00653	0.00431	0.00407	0.00132	0.00608	0.00345	0.03242	0.00627
26	0.05020	0.34486	0.28665	0.01004	0.01444	0.14991	0.01066	0.02930	0.04297	0.01290	0.00752	0.00855	0.00604	0.00424	0.00362	0.00119	0.00584	0.00292	0.00217	0.00599
27	0.02262	0.02759	0.20464	0.02727	0.01443	0.00915	0.09631	0.09373	0.08125	0.08684	0.05693	0.01410	0.01037	0.03194	0.00503	0.00139	0.01490	0.02175	0.02626	0.15351
28	0.00946	0.06734	0.50558	0.01100	0.01589	0.08723	0.03272	0.02472	0.01039	0.01420	0.11382	0.01456	0.06347	0.00536	0.00438	0.00137	0.00578	0.00429	0.00252	0.00593

[dist]
# distance from previous block
# <min> <max>
4	8

[block]
# block no. 4 follows, 58 sequences, length 88
# corresponding to MSA columns:
# 137-146,156-233
name=unknown_E
#
# <colnr> <probs for GDERKNQSTAVLIFYWHMCP>
#	G	D	E	R	K	N	Q	S	T	A	V	L	I	F	Y	W	H	M	C	P
0	0.01128	0.11771	0.30760	0.05073	0.08100	0.08546	0.07532	0.05949	0.06020	0.05166	0.05053	0.01152	0.00864	0.00467	0.00427	0.00134	0.00581	0.00385	0.00263	0.00630
1	0.05901	0.01302	0.22930	0.20835	0.21895	0.03067	0.04424	0.01336	0.04847	0.01403	0.02345	0.05123	0.01687	0.00494	0.00441	0.00143	0.00556	0.00433	0.00238	0.00599
2	0.00550	0.00396	0.00518	0.00613	0.00646	0.00369	0.00412	0.00630	0.00861	0.01140	0.02537	0.76171	0.06896	0.03934	0.00622	0.00188	0.00266	0.02479	0.00411	0.00362
3	0.00727	0.00598	0.00890	0.01186	0.21513	0.00586	0.00694	0.00911	0.03425	0.01302	0.07068	0.44654	0.05036	0.01113	0.02485	0.00179	0.00361	0.06432	0.00367	0.00472
4	0.03253	0.17014	0.40088	0.01336	0.11879	0.04763	0.05176	0.01487	0.02910	0.06841	0.00860	0.00982	0.00646	0.00426	0.00405	0.00131	0.00588	0.00341	0.00231	0.00646
5	0.00926	0.00888	0.01191	0.01042	0.01064	0.02711	0.00846	0.01064	0.03737	0.01080	0.00789	0.01294	0.00785	0.10073	0.10001	0.00273	0.61120	0.00431	0.00219	0.00465
6	0.00549	0.00406	0.00514	0.00592	0.00646	0.00371	0.00407	0.00641	0.00908	0.01187	0.06339	0.64217	0.17621	0.01327	0.00562	0.00175	0.00254	0.02497	0.00419	0.00369
7	0.01003	0.05398	0.06402	0.04172	0.18247	0.02315	0.09658	0.03247	0.01054	0.08654	0.05277	0.07944	0.12963	0.00713	0.00518	0.00150	0.03101	0.08297	0.00326	0.00560
8	0.00965	0.01812	0.49185	0.01576	0.13217	0.01048	0.17639	0.02671	0.02310	0.01449	0.00942	0.01995	0.02241	0.00441	0.00453	0.00143	0.00641	0.00407	0.00217	0.00650
9	0.01067	0.01245	0.09540	0.01571	0.01991	0.01115	0.51868	0.04188	0.18033	0.01576	0.02456	0.01313	0.00877	0.00445	0.00500	0.00149	0.00643	0.00506	0.00283	0.00633
10	0.07807	0.00592	0.00711	0.00641	0.00850	0.00540	0.00518	0.01244	0.01113	0.26566	0.12472	0.03150	0.28473	0.00885	0.00498	0.00153	0.00310	0.12505	0.00457	0.00517
11	0.01142	0.09148	0.31195	0.01558	0.17572	0.13021	0.11362	0.02407	0.02541	0.03420	0.00835	0.01000	0.00643	0.00429	0.00444	0.00134	0.01925	0.00363	0.00224	0.00636
12	0.00924	0.11819	0.64492	0.01245	0.05658	0.01092	0.01467	0.01365	0.00948	0.01365	0.00976	0.01099	0.04738	0.00455	0.00415	0.00136	0.00611	0.00355	0.00202	0.00639
13	0.01520	0.01869	0.01192	0.01090	0.01299	0.68227	0.00827	0.02878	0.01236	0.01168	0.04948	0.01184	0.00883	0.00626	0.03129	0.00143	0.02875	0.04142	0.00256	0.00508
14	0.00556	0.00411	0.00521	0.00599	0.00656	0.00377	0.00417	0.00653	0.00917	0.01198	0.06874	0.61015	0.17532	0.01318	0.00563	0.00175	0.00259	0.05169	0.00419	0.00371
15	0.87439	0.00865	0.00657	0.00588	0.00865	0.01003	0.00484	0.01315	0.00761	0.02007	0.00623	0.00727	0.00484	0.00415	0.00277	0.00138	0.00346	0.00242	0.00277	0.00484
16	0.00793	0.00691	0.04948	0.00837	0.01002	0.00650	0.00739	0.01217	0.16736	0.01438	0.02337	0.04115	0.07942	0.01062	0.00569	0.00188	0.00400	0.53445	0.00409	0.00481
17	0.00763	0.00958	0.21971	0.00760	0.01022	0.00594	0.00755	0.01054	0.01182	0.05239	0.56618	0.02632	0.03124	0.00770	0.00497	0.00141	0.00337	0.00668	0.00415	0.00500
18	0.00719	0.00514	0.00719	0.00819	0.00922	0.00513	0.00715	0.00925	0.01034	0.01347	0.03851	0.05014	0.02605	0.01230	0.00616	0.00205	0.00408	0.77018	0.00413	0.00412
19	0.00578	0.00455	0.00522	0.00505	0.00635	0.00399	0.00379	0.00738	0.01136	0.01486	0.40895	0.03848	0.44771	0.01029	0.00528	0.00146	0.00219	0.00880	0.00452	0.00399
20	0.00651	0.00434	0.00488	0.00488	0.00488	0.00434	0.00271	0.00651	0.00651	0.00867	0.01409	0.02927	0.01626	0.84279	0.02277	0.00434	0.00434	0.00651	0.00271	0.00271
21	0.01260	0.01034	0.01095	0.00940	0.01220	0.01182	0.00744	0.21888	0.60929	0.02110	0.01633	0.01519	0.01213	0.00589	0.00453	0.00147	0.00389	0.00480	0.00453	0.00721
22	0.00544	0.00391	0.00517	0.00617	0.00647	0.00364	0.00413	0.00623	0.00862	0.01144	0.02531	0.81455	0.05449	0.01393	0.00570	0.00181	0.00258	0.01261	0.00415	0.00364
23	0.00633	0.00457	0.00598	0.00563	0.00668	0.00422	0.00422	0.00844	0.01266	0.01794	0.81253	0.03341	0.04221	0.00914	0.00528	0.00141	0.00211	0.00809	0.00492	0.00422
24	0.04960	0.01238	0.01316	0.01012	0.01367	0.01373	0.00836	0.77006	0.02052	0.02788	0.01057	0.01061	0.00750	0.00532	0.00441	0.00134	0.00487	0.00397	0.00441	0.00750
25	0.01714	0.01013	0.05066	0.00896	0.01243	0.00963	0.00764	0.28861	0.09393	0.39776	0.01474	0.01360	0.00989	0.00546	0.00443	0.00137	0.00423	0.00432	0.03767	0.00738
26	0.10719	0.00769	0.00978	0.00770	0.01093	0.00707	0.00632	0.02042	0.05496	0.65718	0.05171	0.01529	0.01195	0.00558	0.00436	0.00139	0.00368	0.00447	0.00517	0.00715
27	0.01057	0.01204	0.02627	0.01898	0.03529	0.01130	0.78683	0.01432	0.01055	0.01433	0.00904	0.01205	0.00679	0.00377	0.00527	0.00151	0.00751	0.00526	0.00226	0.00605
28	0.00912	0.06328	0.78076	0.01250	0.01898	0.01075	0.01609	0.01413	0.00943	0.01399	0.00794	0.00933	0.00567	0.00423	0.00418	0.00139	0.00652	0.00326	0.00189	0.00657
29	0.00768	0.00389	0.00580	0.00584	0.00585	0.00388	0.00390	0.00584	0.00593	0.00791	0.00841	0.04501	0.00860	0.01548	0.01703	0.83685	0.00384	0.00422	0.00203	0.00201
30	0.00553	0.00398	0.00526	0.00625	0.00660	0.00371	0.00426	0.00638	0.00872	0.01154	0.02552	0.76748	0.06411	0.01382	0.00571	0.00181	0.00265	0.04885	0.00415	0.00366
31	0.01657	0.02061	0.01274	0.01147	0.01379	0.76533	0.00866	0.05804	0.01298	0.01183	0.00709	0.00824	0.00586	0.00472	0.00429	0.00118	0.02592	0.00296	0.00241	0.00530
32	0.00867	0.01035	0.16670	0.04901	0.01249	0.03629	0.05634	0.03020	0.14549	0.01625	0.28670	0.07666	0.02164	0.00698	0.00476	0.00143	0.00405	0.00609	0.05454	0.00538
33	0.00996	0.01029	0.02976	0.16635	0.29503	0.05171	0.20527	0.01282	0.01994	0.01348	0.03063	0.08412	0.00980	0.00612	0.03358	0.00165	0.00604	0.00514	0.00246	0.00586
34	0.00836	0.00499	0.00651	0.00630	0.00671	0.02572	0.00441	0.05394	0.00726	0.00982	0.00898	0.01450	0.00861	0.04785	0.11481	0.61887	0.00498	0.00409	0.04053	0.00274
35	0.01159	0.74481	0.12091	0.00828	0.01245	0.01680	0.00874	0.01349	0.00913	0.01097	0.00644	0.00745	0.00573	0.00388	0.00304	0.00101	0.00501	0.00250	0.00191	0.00585
36	0.02145	0.14369	0.25727	0.04325	0.14588	0.06614	0.06562	0.07102	0.03549	0.04591	0.01029	0.01155	0.04236	0.00469	0.00434	0.00133	0.01705	0.00383	0.00253	0.00632
37	0.00795	0.02562	0.07602	0.04417	0.02955	0.00670	0.00660	0.01012	0.04198	0.06317	0.12220	0.10692	0.24827	0.04957	0.01698	0.00177	0.08705	0.04702	0.00366	0.00469
38	0.01110	0.01000	0.01675	0.11851	0.65228	0.01021	0.01286	0.01393	0.02581	0.04997	0.00912	0.01161	0.00737	0.00418	0.00441	0.00135	0.00520	0.00403	0.02452	0.00679
39	0.00939	0.00966	0.04948	0.12362	0.26992	0.05511	0.09616	0.02670	0.02572	0.01348	0.03702	0.16689	0.05184	0.03025	0.00534	0.00156	0.00503	0.01446	0.00283	0.00554
40	0.01239	0.08016	0.17612	0.06916	0.10919	0.04899	0.11537	0.06495	0.03177	0.14560	0.00991	0.01130	0.00735	0.00534	0.02076	0.00152	0.07693	0.00397	0.00285	0.00638
41	0.01069	0.01061	0.07312	0.33412	0.13412	0.04579	0.17222	0.01365	0.01010	0.09414	0.02490	0.03860	0.00821	0.00475	0.00465	0.00145	0.00594	0.00456	0.00256	0.00582
42	0.00938	0.11204	0.55850	0.01288	0.05318	0.01092	0.08812	0.01381	0.02205	0.01389	0.02998	0.01142	0.03526	0.00455	0.00427	0.00137	0.00612	0.00378	0.00214	0.00633
43	0.00991	0.06248	0.62217	0.01162	0.01722	0.02604	0.01410	0.04318	0.02471	0.05356	0.00983	0.06775	0.00783	0.00505	0.00430	0.00141	0.00601	0.00402	0.00238	0.00643
44	0.01144	0.04396	0.26737	0.13562	0.06246	0.06774	0.07089	0.10564	0.04791	0.06887	0.00978	0.02216	0.00743	0.01369	0.01877	0.00153	0.02155	0.00398	0.01297	0.00624
45	0.01277	0.03976	0.14013	0.19679	0.12359	0.00871	0.02394	0.01546	0.01072	0.28821	0.04415	0.02677	0.03865	0.00527	0.00448	0.00140	0.00489	0.00450	0.00344	0.00637
46	0.01253	0.08396	0.23460	0.02498	0.01320	0.00834	0.02213	0.02495	0.02425	0.29297	0.05153	0.11795	0.02665	0.00696	0.02003	0.00154	0.00468	0.01876	0.00375	0.00624
47	0.00984	0.00845	0.04257	0.32046	0.16095	0.00848	0.07657	0.01232	0.00979	0.10624	0.02677	0.16001	0.02562	0.00634	0.00478	0.00151	0.00503	0.00584	0.00293	0.00553
48	0.01110	0.01006	0.01656	0.20498	0.58012	0.02529	0.01294	0.01375	0.01010	0.05943	0.00881	0.01144	0.00704	0.00419	0.00443	0.00136	0.00542	0.00399	0.00235	0.00661
49	0.00727	0.00771	0.08271	0.04816	0.13538	0.00637	0.08210	0.00921	0.00943	0.01276	0.05096	0.40733	0.10304	0.00972	0.00522	0.00161	0.00394	0.00890	0.00340	0.00476
50	0.00926	0.00927	0.04318	0.23796	0.38569	0.00924	0.05797	0.01186	0.00970	0.01329	0.02446	0.10874	0.04866	0.00570	0.00469	0.00145	0.00515	0.00537	0.00250	0.00584
51	0.01101	0.01874	0.56829	0.02792	0.07340	0.00988	0.04738	0.01528	0.01003	0.14557	0.00963	0.01066	0.00671	0.00450	0.00455	0.00142	0.02215	0.00365	0.00253	0.00672
52	0.01034	0.08261	0.48280	0.01143	0.04485	0.00971	0.03489	0.02520	0.01026	0.10866	0.08205	0.03114	0.02102	0.02015	0.00468	0.00144	0.00550	0.00424	0.00274	0.00629
53	0.00891	0.02251	0.79108	0.01259	0.01901	0.01020	0.01620	0.01399	0.00947	0.01414	0.00858	0.01088	0.00637	0.00453	0.00432	0.00144	0.00652	0.03075	0.00197	0.00652
54	0.00913	0.06554	0.77856	0.01249	0.01895	0.01077	0.01607	0.01413	0.00943	0.01398	0.00793	0.00933	0.00567	0.00423	0.00418	0.00139	0.00652	0.00326	0.00189	0.00657
55	0.01747	0.00971	0.13172	0.00857	0.01230	0.00696	0.00792	0.01966	0.01203	0.64587	0.01665	0.06676	0.01144	0.00588	0.00454	0.00142	0.00415	0.00484	0.00490	0.00721
56	0.00897	0.02314	0.81962	0.01275	0.01936	0.01039	0.01653	0.01417	0.00944	0.01417	0.00803	0.00944	0.00567	0.00425	0.00425	0.00142	0.00661	0.00331	0.00189	0.00661
57	0.00835	0.00786	0.01379	0.53147	0.04422	0.00898	0.11801	0.01110	0.00928	0.01209	0.01147	0.10787	0.01061	0.00618	0.00488	0.00158	0.00561	0.07925	0.00247	0.00494
58	0.01100	0.01060	0.01821	0.04539	0.78231	0.01063	0.02852	0.01369	0.01016	0.01454	0.00842	0.01111	0.00705	0.00399	0.00445	0.00134	0.00537	0.00401	0.00221	0.00702
59	0.00939	0.00892	0.01513	0.54166	0.31379	0.01019	0.01289	0.01226	0.00939	0.01258	0.00812	0.01162	0.00637	0.00430	0.00446	0.00143	0.00573	0.00398	0.00207	0.00573
60	0.00651	0.00434	0.00488	0.00488	0.00488	0.00434	0.00271	0.00651	0.00651	0.00867	0.01409	0.02927	0.01626	0.84279	0.02277	0.00434	0.00434	0.00651	0.00271	0.00271
61	0.00908	0.02248	0.78010	0.01257	0.01898	0.01042	0.01607	0.01464	0.04836	0.01439	0.00852	0.00980	0.00606	0.00434	0.00426	0.00142	0.00646	0.00339	0.00202	0.00663
62	0.87439	0.00865	0.00657	0.00588	0.00865	0.01003	0.00484	0.01315	0.00761	0.02007	0.00623	0.00727	0.00484	0.00415	0.00277	0.00138	0.00346	0.00242	0.00277	0.00484
63	0.01113	0.00961	0.01011	0.00910	0.01163	0.01113	0.00708	0.02377	0.80681	0.01871	0.01821	0.01669	0.01365	0.00607	0.00455	0.00152	0.00354	0.00506	0.00455	0.00708
64	0.00824	0.00757	0.01240	0.66320	0.05441	0.00902	0.01112	0.01093	0.00906	0.01186	0.03015	0.09169	0.00923	0.00543	0.00455	0.00147	0.00539	0.00485	0.00231	0.04712
65	0.00633	0.00457	0.00598	0.00563	0.00668	0.00422	0.00422	0.00844	0.01266	0.01794	0.81253	0.03341	0.04221	0.00914	0.00528	0.00141	0.00211	0.00809	0.00492	0.00422
66	0.01175	0.01038	0.01044	0.00930	0.01187	0.05325	0.00724	0.06825	0.72052	0.01886	0.01719	0.01590	0.01290	0.00595	0.00452	0.00149	0.00385	0.00489	0.00443	0.00701
67	0.00643	0.00474	0.00608	0.00563	0.00686	0.00429	0.00424	0.00849	0.01237	0.01749	0.73555	0.03262	0.07603	0.00895	0.00518	0.00137	0.00218	0.00787	0.00477	0.04885
68	0.00897	0.02314	0.81962	0.01275	0.01936	0.01039	0.01653	0.01417	0.00944	0.01417	0.00803	0.00944	0.00567	0.00425	0.00425	0.00142	0.00661	0.00331	0.00189	0.00661
69	0.01441	0.01151	0.01181	0.00976	0.01279	0.05203	0.00782	0.39109	0.37558	0.04323	0.01410	0.01341	0.01034	0.00565	0.00449	0.00141	0.00442	0.00445	0.00443	0.00725
70	0.00651	0.00434	0.00488	0.00488	0.00488	0.00434	0.00271	0.00651	0.00651	0.00867	0.01409	0.02927	0.01626	0.84279	0.02277	0.00434	0.00434	0.00651	0.00271	0.00271
71	0.00608	0.00439	0.00600	0.00718	0.02687	0.00422	0.00508	0.00719	0.00893	0.01185	0.02347	0.58072	0.02739	0.05609	0.00667	0.00200	0.00313	0.20493	0.00402	0.00379
72	0.01358	0.00974	0.01393	0.09805	0.27764	0.04322	0.04468	0.10748	0.03572	0.21646	0.03945	0.03345	0.01005	0.00512	0.00450	0.00137	0.00484	0.00452	0.02953	0.00667
73	0.00777	0.00389	0.00583	0.00583	0.00583	0.00389	0.00389	0.00583	0.00583	0.00777	0.00777	0.01360	0.00777	0.01554	0.01748	0.86985	0.00389	0.00389	0.00194	0.00194
74	0.01062	0.01017	0.01734	0.16559	0.68027	0.01051	0.01350	0.01333	0.00997	0.01407	0.00833	0.01122	0.00689	0.00407	0.00444	0.00136	0.00543	0.00398	0.00218	0.00672
75	0.01149	0.01282	0.19935	0.02453	0.13065	0.05466	0.15034	0.01512	0.06341	0.14254	0.01296	0.05305	0.02590	0.03495	0.00535	0.00156	0.00553	0.04649	0.00308	0.00620
76	0.01153	0.05464	0.11600	0.05820	0.28903	0.06486	0.12670	0.01454	0.03074	0.09932	0.01125	0.05311	0.02363	0.00506	0.00455	0.00140	0.00557	0.02080	0.00274	0.00633
77	0.00651	0.00434	0.00488	0.00488	0.00488	0.00434	0.00271	0.00651	0.00651	0.00867	0.01409	0.02927	0.01626	0.84279	0.02277	0.00434	0.00434	0.00651	0.00271	0.00271
78	0.01019	0.29267	0.46700	0.01070	0.01583	0.05022	0.01261	0.01374	0.00948	0.01272	0.00821	0.01077	0.00677	0.00501	0.01739	0.00138	0.00604	0.04115	0.00203	0.00609
79	0.00982	0.10056	0.35571	0.04031	0.01439	0.01959	0.02502	0.01288	0.00989	0.11447	0.02937	0.13587	0.10025	0.00667	0.00451	0.00143	0.00493	0.00556	0.00300	0.00576
80	0.01054	0.19205	0.52665	0.01145	0.01699	0.01232	0.03030	0.09708	0.03602	0.01504	0.00828	0.00940	0.00616	0.00433	0.00402	0.00132	0.00598	0.00329	0.00226	0.00654
81	0.00782	0.00664	0.04699	0.00808	0.00949	0.00627	0.00694	0.01154	0.14491	0.01381	0.04093	0.05329	0.02200	0.11631	0.00788	0.00220	0.00409	0.48232	0.00393	0.00456
82	0.72357	0.00896	0.00777	0.00671	0.00948	0.03650	0.03820	0.01357	0.00842	0.06057	0.04631	0.00918	0.00710	0.00447	0.00313	0.00138	0.00373	0.00294	0.00298	0.00502
83	0.02192	0.00598	0.00768	0.00696	0.00839	0.00618	0.04373	0.04263	0.00996	0.01307	0.08445	0.03145	0.41633	0.02191	0.12911	0.00245	0.09818	0.04178	0.00358	0.00427
84	0.01190	0.04108	0.01027	0.00927	0.06288	0.04603	0.01744	0.01698	0.26535	0.18205	0.03584	0.14079	0.01467	0.04379	0.00534	0.00154	0.00383	0.00580	0.02619	0.05896
85	0.01265	0.04850	0.11971	0.05338	0.45264	0.01003	0.03228	0.01542	0.01056	0.18622	0.01024	0.01164	0.00764	0.00436	0.00438	0.00135	0.00522	0.00397	0.00286	0.00696
86	0.00990	0.03069	0.01583	0.25616	0.49963	0.01005	0.01235	0.01254	0.00993	0.01368	0.05096	0.01347	0.03623	0.00464	0.00447	0.00138	0.00522	0.00434	0.00235	0.00618
87	0.00920	0.00862	0.01446	0.53783	0.21138	0.00984	0.03908	0.03108	0.00957	0.01274	0.00903	0.05435	0.00752	0.00483	0.00453	0.00145	0.00562	0.00445	0.00224	0.02217

[dist]
# distance from previous block
# <min> <max>
3	14

[block]
# block no. 5 follows, 58 sequences, length 10
# corresponding to MSA columns:
# 248-257
name=unknown_F
#
# <colnr> <probs for GDERKNQSTAVLIFYWHMCP>
#	G	D	E	R	K	N	Q	S	T	A	V	L	I	F	Y	W	H	M	C	P
0	0.01070	0.33546	0.33400	0.01142	0.07036	0.03141	0.03619	0.01412	0.03266	0.03268	0.04610	0.01023	0.00793	0.00438	0.00382	0.00123	0.00551	0.00336	0.00225	0.00618
1	0.24842	0.01098	0.02615	0.01071	0.11984	0.11043	0.00753	0.13145	0.13879	0.04292	0.02682	0.01227	0.03048	0.00508	0.00391	0.00135	0.00443	0.00384	0.05862	0.00599
2	0.15964	0.01081	0.01479	0.12022	0.47149	0.07374	0.01130	0.03661	0.03336	0.01539	0.00822	0.01044	0.00667	0.00422	0.00412	0.00135	0.00523	0.00366	0.00242	0.00631
3	0.01107	0.01063	0.01816	0.02746	0.81489	0.01063	0.01373	0.01373	0.01019	0.01461	0.00841	0.01107	0.00709	0.00399	0.00443	0.00133	0.00531	0.00399	0.00221	0.00709
4	0.00579	0.00435	0.00630	0.00688	0.00740	0.00407	0.04200	0.00681	0.00888	0.01187	0.05356	0.74193	0.02884	0.01329	0.00569	0.00180	0.00287	0.03981	0.00409	0.00379
5	0.01113	0.00961	0.01011	0.00910	0.01163	0.01113	0.00708	0.02377	0.80681	0.01871	0.01821	0.01669	0.01365	0.00607	0.00455	0.00152	0.00354	0.00506	0.00455	0.00708
6	0.87439	0.00865	0.00657	0.00588	0.00865	0.01003	0.00484	0.01315	0.00761	0.02007	0.00623	0.00727	0.00484	0.00415	0.00277	0.00138	0.00346	0.00242	0.00277	0.00484
7	0.00919	0.00871	0.01476	0.60379	0.25324	0.01013	0.01279	0.01208	0.00930	0.01233	0.00808	0.01168	0.00628	0.00433	0.00446	0.00144	0.00578	0.00398	0.00205	0.00557
8	0.00916	0.02186	0.72785	0.01346	0.01983	0.01050	0.10701	0.01419	0.00957	0.01419	0.00815	0.00975	0.00580	0.00419	0.00437	0.00143	0.00672	0.00353	0.00193	0.00654
9	0.00565	0.00404	0.00542	0.00646	0.00681	0.00381	0.00451	0.00658	0.00876	0.01165	0.02454	0.74855	0.02914	0.01382	0.00576	0.00184	0.00277	0.10203	0.00415	0.00369

[dist]
# distance from previous block
# <min> <max>
0	1

[block]
# block no. 6 follows, 58 sequences, length 16
# corresponding to MSA columns:
# 259-274
name=unknown_G
#
# <colnr> <probs for GDERKNQSTAVLIFYWHMCP>
#	G	D	E	R	K	N	Q	S	T	A	V	L	I	F	Y	W	H	M	C	P
0	0.00655	0.00472	0.00644	0.00742	0.00823	0.00460	0.00605	0.00816	0.00974	0.01269	0.02498	0.30412	0.06292	0.01284	0.00599	0.00196	0.00354	0.50097	0.00413	0.00395
1	0.01157	0.01039	0.01394	0.27647	0.04484	0.04183	0.09963	0.05927	0.30561	0.01672	0.01340	0.01513	0.01032	0.00575	0.00494	0.00164	0.00536	0.00483	0.05179	0.00658
2	0.01196	0.84548	0.02344	0.00765	0.01148	0.01770	0.00765	0.01339	0.00909	0.01052	0.00622	0.00718	0.00574	0.00383	0.00287	0.00096	0.00478	0.00239	0.00191	0.00574
3	0.01229	0.01283	0.01565	0.01884	0.38725	0.19783	0.07491	0.04550	0.11840	0.01480	0.02580	0.01263	0.03358	0.00477	0.00447	0.00134	0.00572	0.00423	0.00275	0.00642
4	0.01161	0.00985	0.01039	0.00920	0.01182	0.01135	0.00720	0.08803	0.74175	0.01950	0.01759	0.01620	0.01315	0.00601	0.00455	0.00150	0.00365	0.00497	0.00455	0.00712
5	0.00554	0.00396	0.00530	0.00633	0.00663	0.00371	0.00431	0.00639	0.00865	0.01152	0.02460	0.79896	0.02939	0.01393	0.00573	0.00183	0.00267	0.05273	0.00415	0.00366
6	0.01406	0.18150	0.01359	0.00978	0.01215	0.53369	0.00768	0.01530	0.01154	0.01133	0.03986	0.06523	0.03519	0.00548	0.00398	0.00118	0.00650	0.00388	0.02299	0.00509
7	0.01020	0.17095	0.43906	0.01364	0.04352	0.03852	0.19515	0.01417	0.00976	0.01344	0.00791	0.00964	0.00599	0.00407	0.00423	0.00134	0.00650	0.00360	0.00200	0.00629
8	0.01700	0.01253	0.01342	0.01029	0.01387	0.01387	0.00850	0.79997	0.02103	0.02819	0.01074	0.01074	0.00761	0.00537	0.00447	0.00134	0.00492	0.00403	0.00447	0.00761
9	0.01196	0.84548	0.02344	0.00765	0.01148	0.01770	0.00765	0.01339	0.00909	0.01052	0.00622	0.00718	0.00574	0.00383	0.00287	0.00096	0.00478	0.00239	0.00191	0.00574
10	0.00541	0.00403	0.00504	0.00585	0.00639	0.00367	0.00399	0.00627	0.00893	0.01157	0.02924	0.66293	0.20357	0.01342	0.00562	0.00175	0.00252	0.01199	0.00415	0.00367
11	0.01090	0.01045	0.01784	0.08069	0.76301	0.01058	0.01364	0.01358	0.01010	0.01440	0.00838	0.01113	0.00701	0.00402	0.00443	0.00134	0.00536	0.00398	0.00220	0.00695
12	0.00650	0.00437	0.00505	0.00505	0.00510	0.00443	0.00292	0.00661	0.00655	0.00880	0.01394	0.02842	0.01589	0.78403	0.08102	0.00454	0.00489	0.00638	0.00269	0.00280
13	0.00545	0.00389	0.00519	0.00623	0.00649	0.00363	0.00415	0.00623	0.00856	0.01142	0.02465	0.83987	0.02959	0.01401	0.00571	0.00182	0.00260	0.01272	0.00415	0.00363
14	0.00986	0.27236	0.32580	0.00975	0.01377	0.07851	0.01057	0.01265	0.00951	0.01229	0.01103	0.14460	0.01080	0.00622	0.00416	0.00136	0.00537	0.05337	0.00243	0.00559
15	0.05013	0.39574	0.39861	0.00999	0.01507	0.01359	0.01169	0.01398	0.00929	0.03473	0.00739	0.00847	0.00581	0.00409	0.00356	0.00121	0.00556	0.00288	0.00204	0.00616

[dist]
# distance from previous block
# <min> <max>
1	12

[block]
# block no. 7 follows, 58 sequences, length 9
# corresponding to MSA columns:
# 287-295
name=unknown_H
#
# <colnr> <probs for GDERKNQSTAVLIFYWHMCP>
#	G	D	E	R	K	N	Q	S	T	A	V	L	I	F	Y	W	H	M	C	P
0	0.02467	0.02168	0.02202	0.02222	0.09002	0.11848	0.00706	0.10474	0.02843	0.15035	0.03472	0.29851	0.01642	0.02058	0.00506	0.00152	0.00429	0.00702	0.00384	0.01838
1	0.00631	0.00446	0.00550	0.00534	0.00602	0.00422	0.00366	0.00759	0.01026	0.01420	0.46925	0.06423	0.06921	0.29754	0.01134	0.00244	0.00291	0.00779	0.00409	0.00365
2	0.00923	0.00905	0.06106	0.06258	0.44488	0.00840	0.01002	0.01113	0.00880	0.01236	0.01033	0.01731	0.01011	0.29391	0.01076	0.00238	0.00509	0.00482	0.00235	0.00543
3	0.00581	0.00433	0.00541	0.00561	0.00649	0.00393	0.00403	0.00727	0.01075	0.01450	0.38465	0.31407	0.19419	0.01127	0.00543	0.00157	0.00231	0.00996	0.00450	0.00393
4	0.00971	0.55464	0.01713	0.00716	0.00976	0.01284	0.00644	0.01092	0.00891	0.01083	0.01259	0.29494	0.01398	0.00735	0.00385	0.00125	0.00403	0.00596	0.00269	0.00501
5	0.00875	0.01658	0.53781	0.00978	0.01447	0.00824	0.01190	0.01287	0.00942	0.01503	0.01030	0.01194	0.00767	0.00458	0.00386	0.00129	0.00505	0.00360	0.30107	0.00577
6	0.01222	0.05874	0.01076	0.00855	0.01089	0.01008	0.00675	0.38029	0.09311	0.04287	0.01621	0.29778	0.01579	0.00834	0.00481	0.00150	0.00394	0.00705	0.00425	0.00607
7	0.00741	0.00587	0.00689	0.00722	0.00827	0.00622	0.00516	0.01229	0.28442	0.01394	0.02243	0.55539	0.02408	0.01127	0.00531	0.00171	0.00292	0.01007	0.00429	0.00482
8	0.00791	0.00701	0.01231	0.00971	0.01127	0.00675	0.27777	0.00921	0.00791	0.01063	0.01235	0.02333	0.01299	0.55284	0.01672	0.00336	0.00544	0.00608	0.00256	0.00386

[dist]
# distance from previous block
# <min> <max>
4	24

[block]
# block no. 8 follows, 58 sequences, length 6
# corresponding to MSA columns:
# 321-326
name=unknown_I
#
# <colnr> <probs for GDERKNQSTAVLIFYWHMCP>
#	G	D	E	R	K	N	Q	S	T	A	V	L	I	F	Y	W	H	M	C	P
0	0.01100	0.58197	0.27857	0.00929	0.01401	0.01536	0.01050	0.01364	0.00920	0.01169	0.00680	0.00790	0.00572	0.00396	0.00331	0.00110	0.00537	0.00268	0.00191	0.00602
1	0.00574	0.00565	0.07617	0.00659	0.00756	0.00424	0.00514	0.00694	0.00884	0.01174	0.02576	0.66887	0.12440	0.01283	0.00553	0.00174	0.00290	0.01149	0.00396	0.00391
2	0.01185	0.57083	0.12922	0.00923	0.01327	0.06600	0.04994	0.05326	0.01015	0.01237	0.03298	0.00882	0.00706	0.00418	0.00341	0.00109	0.00530	0.00296	0.00218	0.00588
3	0.00603	0.00439	0.00545	0.00603	0.00659	0.00415	0.00411	0.03809	0.00928	0.01224	0.06451	0.59529	0.12475	0.08820	0.00713	0.00197	0.00278	0.01117	0.00407	0.00376
4	0.06731	0.38004	0.10211	0.00956	0.05273	0.07322	0.00857	0.05979	0.07092	0.01389	0.00866	0.01069	0.00740	0.00455	0.00358	0.00115	0.00492	0.03703	0.00252	0.08136
5	0.03609	0.45965	0.12079	0.00860	0.01248	0.01423	0.00855	0.14735	0.01128	0.03999	0.03322	0.00967	0.00760	0.00565	0.03930	0.00138	0.00516	0.00315	0.00262	0.03324

[dist]
# distance from previous block
# <min> <max>
3	243

# created by:
# /st0/software/busco_prod/Augustus/scripts/msa2prfl.pl ./align_prep/109593.fa
