[name]
unknown

[dist]
# distance from previous block
# <min> <max>
0	27

[block]
# block no. 0 follows, 63 sequences, length 32
# corresponding to MSA columns:
# 27-58
name=unknown_A
#
# <colnr> <probs for GDERKNQSTAVLIFYWHMCP>
#	G	D	E	R	K	N	Q	S	T	A	V	L	I	F	Y	W	H	M	C	P
0	0.00599	0.00433	0.00568	0.00542	0.00641	0.00401	0.00411	0.00797	0.01178	0.01664	0.78232	0.03223	0.03886	0.00875	0.00500	0.00135	0.00208	0.04851	0.00459	0.00396
1	0.00899	0.18804	0.66910	0.01103	0.01672	0.01113	0.01387	0.01317	0.00881	0.01263	0.00720	0.00845	0.00534	0.00391	0.00374	0.00125	0.00587	0.00293	0.00178	0.00605
2	0.00876	0.00742	0.00865	0.00626	0.00985	0.00571	0.00500	0.03061	0.00916	0.01418	0.04980	0.00993	0.00798	0.00345	0.00324	0.00067	0.00309	0.00279	0.00264	0.81080
3	0.00574	0.00439	0.00464	0.00461	0.00604	0.00371	0.00348	0.00684	0.00962	0.05368	0.03957	0.08777	0.71439	0.01054	0.00497	0.00144	0.00227	0.02859	0.00397	0.00374
4	0.00611	0.00408	0.00458	0.00458	0.00458	0.00408	0.00255	0.00611	0.00611	0.00815	0.01325	0.02751	0.01528	0.85226	0.02140	0.00408	0.00408	0.00611	0.00255	0.00255
5	0.01108	0.80644	0.06895	0.00747	0.01122	0.01623	0.00768	0.01263	0.00856	0.01009	0.00594	0.00687	0.00539	0.00362	0.00277	0.00092	0.00460	0.00230	0.00180	0.00544
6	0.00601	0.00450	0.00676	0.00676	0.00751	0.00525	0.00525	0.00751	0.00676	0.00976	0.01126	0.01651	0.01051	0.03153	0.83560	0.00676	0.01126	0.00450	0.00225	0.00375
7	0.00992	0.01134	0.02481	0.01772	0.02197	0.01063	0.81077	0.01347	0.00992	0.01347	0.00850	0.01134	0.00638	0.00354	0.00496	0.00142	0.00709	0.00496	0.00213	0.00567
8	0.00611	0.00408	0.00458	0.00458	0.00458	0.00408	0.00255	0.00611	0.00611	0.00815	0.01325	0.02751	0.01528	0.85226	0.02140	0.00408	0.00408	0.00611	0.00255	0.00255
9	0.00794	0.00747	0.01261	0.84216	0.02895	0.00934	0.01167	0.01074	0.00841	0.01074	0.00747	0.01121	0.00560	0.00420	0.00420	0.00140	0.00560	0.00374	0.00187	0.00467
10	0.00538	0.00400	0.00538	0.00618	0.00641	0.00400	0.00423	0.00612	0.00795	0.01069	0.02207	0.79715	0.02641	0.01281	0.00589	0.00172	0.05493	0.01144	0.00377	0.00349
11	0.00497	0.00426	0.00426	0.00426	0.00568	0.00355	0.00319	0.00603	0.00958	0.01136	0.04259	0.04046	0.82433	0.01065	0.00497	0.00142	0.00213	0.00887	0.00390	0.00355
12	0.00512	0.00366	0.00488	0.00585	0.00610	0.00341	0.00390	0.00585	0.00805	0.01073	0.02317	0.84952	0.02780	0.01317	0.00537	0.00171	0.00244	0.01195	0.00390	0.00341
13	0.00497	0.00426	0.00426	0.00426	0.00568	0.00355	0.00319	0.00603	0.00958	0.01136	0.04259	0.04046	0.82433	0.01065	0.00497	0.00142	0.00213	0.00887	0.00390	0.00355
14	0.88196	0.00813	0.00618	0.00553	0.00813	0.00943	0.00455	0.01236	0.00715	0.01886	0.00585	0.00683	0.00455	0.00390	0.00260	0.00130	0.00325	0.00228	0.00260	0.00455
15	0.01128	0.81695	0.04014	0.00738	0.01101	0.03506	0.00740	0.01270	0.00863	0.00998	0.00590	0.00681	0.00539	0.00362	0.00275	0.00091	0.00460	0.00228	0.00181	0.00540
16	0.01583	0.01170	0.01253	0.00964	0.01298	0.01296	0.00795	0.79006	0.04198	0.02625	0.01029	0.01025	0.00731	0.00506	0.00421	0.00127	0.00459	0.00381	0.00421	0.00714
17	0.01046	0.00903	0.00951	0.00855	0.01093	0.01046	0.00665	0.02234	0.81845	0.01759	0.01711	0.01568	0.01283	0.00570	0.00428	0.00143	0.00333	0.00475	0.00428	0.00665
18	0.00595	0.00430	0.00562	0.00529	0.00628	0.00397	0.00397	0.00793	0.01190	0.01686	0.82382	0.03140	0.03966	0.00859	0.00496	0.00132	0.00198	0.00760	0.00463	0.00397
19	0.88196	0.00813	0.00618	0.00553	0.00813	0.00943	0.00455	0.01236	0.00715	0.01886	0.00585	0.00683	0.00455	0.00390	0.00260	0.00130	0.00325	0.00228	0.00260	0.00455
20	0.01040	0.00999	0.01706	0.02580	0.82604	0.00999	0.01290	0.01290	0.00957	0.01373	0.00791	0.01040	0.00666	0.00375	0.00416	0.00125	0.00499	0.00375	0.00208	0.00666
21	0.01598	0.01177	0.01262	0.00967	0.01304	0.01304	0.00799	0.81202	0.01976	0.02649	0.01009	0.01009	0.00715	0.00505	0.00421	0.00126	0.00463	0.00378	0.00421	0.00715
22	0.01598	0.01177	0.01262	0.00967	0.01304	0.01304	0.00799	0.81202	0.01976	0.02649	0.01009	0.01009	0.00715	0.00505	0.00421	0.00126	0.00463	0.00378	0.00421	0.00715
23	0.00512	0.00366	0.00488	0.00585	0.00610	0.00341	0.00390	0.00585	0.00805	0.01073	0.02317	0.84952	0.02780	0.01317	0.00537	0.00171	0.00244	0.01195	0.00390	0.00341
24	0.00512	0.00366	0.00488	0.00585	0.00610	0.00341	0.00390	0.00585	0.00805	0.01073	0.02317	0.84952	0.02780	0.01317	0.00537	0.00171	0.00244	0.01195	0.00390	0.00341
25	0.01031	0.00989	0.01688	0.05846	0.79415	0.00996	0.01285	0.01281	0.00953	0.01361	0.00789	0.01044	0.00662	0.00376	0.00416	0.00125	0.00502	0.00375	0.00207	0.00658
26	0.00602	0.00445	0.00650	0.00650	0.00717	0.00512	0.00494	0.00735	0.00668	0.00957	0.01149	0.01779	0.01106	0.12643	0.74146	0.00645	0.01043	0.00469	0.00229	0.00361
27	0.00611	0.00408	0.00458	0.00458	0.00458	0.00408	0.00255	0.00611	0.00611	0.00815	0.01325	0.02751	0.01528	0.85226	0.02140	0.00408	0.00408	0.00611	0.00255	0.00255
28	0.01046	0.00903	0.00951	0.00855	0.01093	0.01046	0.00665	0.02234	0.81845	0.01759	0.01711	0.01568	0.01283	0.00570	0.00428	0.00143	0.00333	0.00475	0.00428	0.00665
29	0.05776	0.80955	0.02118	0.00710	0.01065	0.01625	0.00705	0.01258	0.00847	0.01037	0.00584	0.00675	0.00535	0.00361	0.00269	0.00092	0.00443	0.00225	0.00184	0.00535
30	0.83568	0.00832	0.00652	0.00575	0.00839	0.00962	0.00474	0.05509	0.00783	0.01927	0.00608	0.00700	0.00469	0.00396	0.00269	0.00130	0.00333	0.00236	0.00269	0.00469
31	0.01053	0.00991	0.01652	0.08147	0.72740	0.01011	0.01255	0.05545	0.01004	0.01421	0.00799	0.01044	0.00661	0.00385	0.00417	0.00126	0.00502	0.00375	0.00218	0.00655

[dist]
# distance from previous block
# <min> <max>
0	10

[block]
# block no. 1 follows, 63 sequences, length 40
# corresponding to MSA columns:
# 69-108
name=unknown_B
#
# <colnr> <probs for GDERKNQSTAVLIFYWHMCP>
#	G	D	E	R	K	N	Q	S	T	A	V	L	I	F	Y	W	H	M	C	P
0	0.00636	0.00438	0.00492	0.00485	0.00504	0.00444	0.00286	0.00715	0.05406	0.00913	0.05280	0.02700	0.01632	0.76166	0.01959	0.00379	0.00393	0.00611	0.00275	0.00286
1	0.01854	0.00805	0.01003	0.00777	0.01098	0.04681	0.00638	0.06675	0.01248	0.74215	0.01571	0.01373	0.00997	0.00515	0.00420	0.00129	0.00383	0.00413	0.00500	0.00704
2	0.00923	0.02108	0.74278	0.01179	0.01764	0.05001	0.01473	0.06034	0.00966	0.01394	0.00764	0.00888	0.00544	0.00407	0.00400	0.00132	0.00619	0.00313	0.00194	0.00620
3	0.00523	0.00383	0.00491	0.00558	0.00607	0.00351	0.00383	0.00618	0.00880	0.01171	0.14370	0.63001	0.12680	0.01219	0.00526	0.00162	0.00233	0.01093	0.00401	0.00351
4	0.01598	0.01177	0.01262	0.00967	0.01304	0.01304	0.00799	0.81202	0.01976	0.02649	0.01009	0.01009	0.00715	0.00505	0.00421	0.00126	0.00463	0.00378	0.00421	0.00715
5	0.01124	0.85479	0.02203	0.00719	0.01079	0.01663	0.00719	0.01259	0.00854	0.00989	0.00584	0.00674	0.00539	0.00360	0.00270	0.00090	0.00450	0.00225	0.00180	0.00539
6	0.00872	0.00747	0.00872	0.00623	0.00996	0.00560	0.00498	0.01058	0.00872	0.01370	0.00747	0.00872	0.00623	0.00311	0.00311	0.00062	0.00311	0.00249	0.00249	0.87796
7	0.01046	0.00903	0.00951	0.00855	0.01093	0.01046	0.00665	0.02234	0.81845	0.01759	0.01711	0.01568	0.01283	0.00570	0.00428	0.00143	0.00333	0.00475	0.00428	0.00665
8	0.00591	0.00430	0.00557	0.00525	0.00626	0.00395	0.00394	0.00786	0.01181	0.01664	0.79323	0.03176	0.07039	0.00867	0.00496	0.00133	0.00199	0.00765	0.00460	0.00395
9	0.88196	0.00813	0.00618	0.00553	0.00813	0.00943	0.00455	0.01236	0.00715	0.01886	0.00585	0.00683	0.00455	0.00390	0.00260	0.00130	0.00325	0.00228	0.00260	0.00455
10	0.00595	0.00430	0.00562	0.00529	0.00628	0.00397	0.00397	0.00793	0.01190	0.01686	0.82382	0.03140	0.03966	0.00859	0.00496	0.00132	0.00198	0.00760	0.00463	0.00397
11	0.01124	0.85479	0.02203	0.00719	0.01079	0.01663	0.00719	0.01259	0.00854	0.00989	0.00584	0.00674	0.00539	0.00360	0.00270	0.00090	0.00450	0.00225	0.00180	0.00539
12	0.00611	0.00408	0.00458	0.00458	0.00458	0.00408	0.00255	0.00611	0.00611	0.00815	0.01325	0.02751	0.01528	0.85226	0.02140	0.00408	0.00408	0.00611	0.00255	0.00255
13	0.00611	0.00408	0.00458	0.00458	0.00458	0.00408	0.00255	0.00611	0.00611	0.00815	0.01325	0.02751	0.01528	0.85226	0.02140	0.00408	0.00408	0.00611	0.00255	0.00255
14	0.01886	0.00715	0.00976	0.00748	0.01073	0.00618	0.00618	0.02049	0.01203	0.82895	0.01658	0.01431	0.01041	0.00520	0.00423	0.00130	0.00358	0.00423	0.00520	0.00715
15	0.00805	0.00762	0.01263	0.77082	0.02742	0.00964	0.01146	0.01069	0.00824	0.01069	0.00730	0.01104	0.00560	0.00447	0.00503	0.00144	0.07762	0.00373	0.00187	0.00466
16	0.00516	0.00379	0.00486	0.00570	0.00614	0.00349	0.00391	0.00599	0.00833	0.01089	0.02593	0.70165	0.14232	0.01275	0.00533	0.00167	0.00245	0.04227	0.00390	0.00345
17	0.00513	0.00430	0.00448	0.00454	0.00591	0.00365	0.00347	0.00628	0.00966	0.01161	0.06506	0.04068	0.74324	0.01065	0.00503	0.00145	0.00225	0.06510	0.00392	0.00358
18	0.00858	0.08204	0.68576	0.01185	0.05301	0.00994	0.01412	0.01293	0.00906	0.01329	0.05533	0.01011	0.00740	0.00422	0.00396	0.00129	0.00578	0.00333	0.00196	0.00604
19	0.00596	0.00431	0.00567	0.00555	0.00650	0.00401	0.00423	0.00785	0.01141	0.01597	0.68255	0.08116	0.05212	0.00920	0.00507	0.00141	0.00220	0.08642	0.00450	0.00392
20	0.02438	0.08427	0.03199	0.03588	0.54105	0.07388	0.10705	0.01313	0.00963	0.01310	0.00790	0.01056	0.00665	0.00391	0.00410	0.00124	0.00538	0.01762	0.00210	0.00617
21	0.01167	0.77437	0.02105	0.00754	0.01100	0.09552	0.00728	0.01299	0.00887	0.00993	0.00591	0.00682	0.00540	0.00367	0.00280	0.00092	0.00479	0.00229	0.00183	0.00534
22	0.83967	0.00822	0.00671	0.00651	0.04781	0.00946	0.00496	0.01238	0.00727	0.01861	0.00595	0.00700	0.00465	0.00389	0.00268	0.00130	0.00334	0.00235	0.00258	0.00465
23	0.01056	0.00895	0.00960	0.03212	0.01144	0.01033	0.00679	0.02197	0.77833	0.03470	0.01683	0.01553	0.01258	0.00565	0.00427	0.00142	0.00340	0.00471	0.00423	0.00661
24	0.00828	0.00800	0.01408	0.71231	0.07503	0.00951	0.09117	0.01114	0.00862	0.01119	0.00760	0.01117	0.00574	0.00411	0.00428	0.00139	0.00572	0.00386	0.00191	0.00489
25	0.00499	0.00426	0.00429	0.00428	0.00569	0.00356	0.00321	0.00608	0.00964	0.01149	0.06181	0.04023	0.80503	0.01060	0.00497	0.00142	0.00213	0.00884	0.00392	0.00356
26	0.01040	0.00999	0.01706	0.02580	0.82604	0.00999	0.01290	0.01290	0.00957	0.01373	0.00791	0.01040	0.00666	0.00375	0.00416	0.00125	0.00499	0.00375	0.00208	0.00666
27	0.00512	0.00366	0.00488	0.00585	0.00610	0.00341	0.00390	0.00585	0.00805	0.01073	0.02317	0.84952	0.02780	0.01317	0.00537	0.00171	0.00244	0.01195	0.00390	0.00341
28	0.00992	0.01134	0.02481	0.01772	0.02197	0.01063	0.81077	0.01347	0.00992	0.01347	0.00850	0.01134	0.00638	0.00354	0.00496	0.00142	0.00709	0.00496	0.00213	0.00567
29	0.00512	0.00366	0.00488	0.00585	0.00610	0.00341	0.00390	0.00585	0.00805	0.01073	0.02317	0.84952	0.02780	0.01317	0.00537	0.00171	0.00244	0.01195	0.00390	0.00341
30	0.00730	0.00365	0.00548	0.00548	0.00548	0.00365	0.00365	0.00548	0.00548	0.00730	0.00730	0.01278	0.00730	0.01460	0.01643	0.87769	0.00365	0.00365	0.00183	0.00183
31	0.01124	0.85479	0.02203	0.00719	0.01079	0.01663	0.00719	0.01259	0.00854	0.00989	0.00584	0.00674	0.00539	0.00360	0.00270	0.00090	0.00450	0.00225	0.00180	0.00539
32	0.01046	0.00903	0.00951	0.00855	0.01093	0.01046	0.00665	0.02234	0.81845	0.01759	0.01711	0.01568	0.01283	0.00570	0.00428	0.00143	0.00333	0.00475	0.00428	0.00665
33	0.04211	0.00718	0.00966	0.00743	0.01066	0.00627	0.00613	0.02027	0.01190	0.80713	0.01630	0.01411	0.01025	0.00517	0.00418	0.00130	0.00357	0.00417	0.00513	0.00708
34	0.88196	0.00813	0.00618	0.00553	0.00813	0.00943	0.00455	0.01236	0.00715	0.01886	0.00585	0.00683	0.00455	0.00390	0.00260	0.00130	0.00325	0.00228	0.00260	0.00455
35	0.00992	0.01134	0.02481	0.01772	0.02197	0.01063	0.81077	0.01347	0.00992	0.01347	0.00850	0.01134	0.00638	0.00354	0.00496	0.00142	0.00709	0.00496	0.00213	0.00567
36	0.00843	0.02174	0.83048	0.01198	0.01819	0.00976	0.01553	0.01331	0.00888	0.01331	0.00754	0.00888	0.00533	0.00399	0.00399	0.00133	0.00621	0.00311	0.00178	0.00621
37	0.00808	0.00762	0.01287	0.79406	0.07592	0.00938	0.01175	0.01087	0.00847	0.01092	0.00750	0.01116	0.00567	0.00418	0.00420	0.00139	0.00557	0.00374	0.00188	0.00479
38	0.00611	0.00408	0.00458	0.00458	0.00458	0.00408	0.00255	0.00611	0.00611	0.00815	0.01325	0.02751	0.01528	0.85226	0.02140	0.00408	0.00408	0.00611	0.00255	0.00255
39	0.00794	0.00747	0.01261	0.84216	0.02895	0.00934	0.01167	0.01074	0.00841	0.01074	0.00747	0.01121	0.00560	0.00420	0.00420	0.00140	0.00560	0.00374	0.00187	0.00467

[dist]
# distance from previous block
# <min> <max>
0	8

[block]
# block no. 2 follows, 63 sequences, length 57
# corresponding to MSA columns:
# 117-173
name=unknown_C
#
# <colnr> <probs for GDERKNQSTAVLIFYWHMCP>
#	G	D	E	R	K	N	Q	S	T	A	V	L	I	F	Y	W	H	M	C	P
0	0.01610	0.01159	0.01250	0.00958	0.01294	0.01276	0.00792	0.77989	0.01945	0.05907	0.01036	0.01026	0.00728	0.00505	0.00421	0.00126	0.00458	0.00380	0.00425	0.00715
1	0.00497	0.00426	0.00426	0.00426	0.00568	0.00355	0.00319	0.00603	0.00958	0.01136	0.04259	0.04046	0.82433	0.01065	0.00497	0.00142	0.00213	0.00887	0.00390	0.00355
2	0.01046	0.00903	0.00951	0.00855	0.01093	0.01046	0.00665	0.02234	0.81845	0.01759	0.01711	0.01568	0.01283	0.00570	0.00428	0.00143	0.00333	0.00475	0.00428	0.00665
3	0.01040	0.00999	0.01706	0.02580	0.82604	0.00999	0.01290	0.01290	0.00957	0.01373	0.00791	0.01040	0.00666	0.00375	0.00416	0.00125	0.00499	0.00375	0.00208	0.00666
4	0.01598	0.01177	0.01262	0.00967	0.01304	0.01304	0.00799	0.81202	0.01976	0.02649	0.01009	0.01009	0.00715	0.00505	0.00421	0.00126	0.00463	0.00378	0.00421	0.00715
5	0.00601	0.00450	0.00676	0.00676	0.00751	0.00525	0.00525	0.00751	0.00676	0.00976	0.01126	0.01651	0.01051	0.03153	0.83560	0.00676	0.01126	0.00450	0.00225	0.00375
6	0.00601	0.00450	0.00676	0.00676	0.00751	0.00525	0.00525	0.00751	0.00676	0.00976	0.01126	0.01651	0.01051	0.03153	0.83560	0.00676	0.01126	0.00450	0.00225	0.00375
7	0.00794	0.00747	0.01261	0.84216	0.02895	0.00934	0.01167	0.01074	0.00841	0.01074	0.00747	0.01121	0.00560	0.00420	0.00420	0.00140	0.00560	0.00374	0.00187	0.00467
8	0.01570	0.02004	0.01191	0.01083	0.01300	0.83539	0.00812	0.01679	0.01191	0.01029	0.00650	0.00758	0.00541	0.00433	0.00379	0.00108	0.00758	0.00271	0.00217	0.00487
9	0.01598	0.01177	0.01262	0.00967	0.01304	0.01304	0.00799	0.81202	0.01976	0.02649	0.01009	0.01009	0.00715	0.00505	0.00421	0.00126	0.00463	0.00378	0.00421	0.00715
10	0.00595	0.00430	0.00562	0.00529	0.00628	0.00397	0.00397	0.00793	0.01190	0.01686	0.82382	0.03140	0.03966	0.00859	0.00496	0.00132	0.00198	0.00760	0.00463	0.00397
11	0.88196	0.00813	0.00618	0.00553	0.00813	0.00943	0.00455	0.01236	0.00715	0.01886	0.00585	0.00683	0.00455	0.00390	0.00260	0.00130	0.00325	0.00228	0.00260	0.00455
12	0.01641	0.00661	0.00897	0.00706	0.00989	0.00576	0.00576	0.01811	0.01201	0.67498	0.16963	0.01755	0.01595	0.00585	0.00437	0.00130	0.00327	0.00487	0.00509	0.00655
13	0.00512	0.00366	0.00488	0.00585	0.00610	0.00341	0.00390	0.00585	0.00805	0.01073	0.02317	0.84952	0.02780	0.01317	0.00537	0.00171	0.00244	0.01195	0.00390	0.00341
14	0.00512	0.00366	0.00488	0.00585	0.00610	0.00341	0.00390	0.00585	0.00805	0.01073	0.02317	0.84952	0.02780	0.01317	0.00537	0.00171	0.00244	0.01195	0.00390	0.00341
15	0.00588	0.00429	0.00553	0.00522	0.00624	0.00394	0.00391	0.00780	0.01174	0.01648	0.77055	0.03202	0.09317	0.00873	0.00496	0.00133	0.00199	0.00769	0.00458	0.00394
16	0.00601	0.00450	0.00676	0.00676	0.00751	0.00525	0.00525	0.00751	0.00676	0.00976	0.01126	0.01651	0.01051	0.03153	0.83560	0.00676	0.01126	0.00450	0.00225	0.00375
17	0.01124	0.85479	0.02203	0.00719	0.01079	0.01663	0.00719	0.01259	0.00854	0.00989	0.00584	0.00674	0.00539	0.00360	0.00270	0.00090	0.00450	0.00225	0.00180	0.00539
18	0.00541	0.00428	0.00487	0.00472	0.00595	0.00374	0.00354	0.00689	0.01062	0.01383	0.39327	0.03639	0.47211	0.00973	0.00496	0.00138	0.00206	0.00830	0.00423	0.00374
19	0.00910	0.00559	0.00576	0.00530	0.00677	0.00597	0.00409	0.09029	0.15399	0.01707	0.01396	0.01513	0.01079	0.00506	0.00330	0.00109	0.00246	0.00405	0.63550	0.00472
20	0.01554	0.01973	0.01207	0.01128	0.03761	0.81040	0.00827	0.01667	0.01184	0.01039	0.00654	0.00767	0.00545	0.00431	0.00380	0.00109	0.00750	0.00274	0.00216	0.00493
21	0.00829	0.00783	0.01275	0.58737	0.09885	0.00974	0.01108	0.01070	0.00818	0.01094	0.00768	0.01189	0.00630	0.00563	0.02927	0.00162	0.14103	0.02411	0.00195	0.00480
22	0.01644	0.05618	0.01119	0.00860	0.04015	0.00866	0.00683	0.20326	0.06113	0.48638	0.04696	0.01354	0.01056	0.00519	0.00417	0.00128	0.00384	0.00416	0.00459	0.00688
23	0.01584	0.01170	0.01253	0.00964	0.01298	0.01297	0.00796	0.79134	0.04068	0.02626	0.01028	0.01024	0.00730	0.00506	0.00421	0.00127	0.00459	0.00381	0.00421	0.00714
24	0.00611	0.00409	0.00463	0.00463	0.00465	0.00410	0.00261	0.00614	0.00613	0.00819	0.01320	0.02726	0.01517	0.83362	0.03989	0.00414	0.00424	0.00608	0.00254	0.00257
25	0.00872	0.10752	0.74724	0.01149	0.01743	0.01047	0.01467	0.01324	0.00884	0.01296	0.00737	0.00866	0.00533	0.00395	0.00386	0.00129	0.00604	0.00302	0.00178	0.00613
26	0.00969	0.00984	0.01281	0.02786	0.01156	0.06029	0.00916	0.02741	0.00707	0.01048	0.00571	0.00916	0.00555	0.00707	0.01282	0.00177	0.76153	0.00363	0.00191	0.00467
27	0.00499	0.00426	0.00429	0.00428	0.00569	0.00356	0.00321	0.00608	0.00964	0.01150	0.06262	0.04022	0.80421	0.01059	0.00497	0.00142	0.00213	0.00884	0.00392	0.00356
28	0.00872	0.00747	0.00872	0.00623	0.00996	0.00560	0.00498	0.01058	0.00872	0.01370	0.00747	0.00872	0.00623	0.00311	0.00311	0.00062	0.00311	0.00249	0.00249	0.87796
29	0.00731	0.00698	0.04438	0.05786	0.01227	0.00635	0.20979	0.00920	0.00905	0.03954	0.08019	0.37716	0.07248	0.00882	0.00536	0.00154	0.03580	0.00823	0.00327	0.00440
30	0.00730	0.00365	0.00548	0.00548	0.00548	0.00365	0.00365	0.00548	0.00548	0.00730	0.00730	0.01278	0.00730	0.01460	0.01643	0.87769	0.00365	0.00365	0.00183	0.00183
31	0.00671	0.00479	0.00670	0.00767	0.00861	0.00478	0.00666	0.00860	0.00961	0.01251	0.02229	0.07860	0.02433	0.01167	0.00579	0.00193	0.00382	0.76720	0.00387	0.00385
32	0.00867	0.00666	0.00778	0.00795	0.00935	0.05206	0.00667	0.09594	0.06228	0.03570	0.05220	0.08482	0.02109	0.00993	0.00532	0.00173	0.00395	0.51946	0.00391	0.00452
33	0.00852	0.04906	0.80398	0.01182	0.01795	0.00999	0.01526	0.01329	0.00886	0.01320	0.00749	0.00881	0.00533	0.00398	0.00395	0.00132	0.00616	0.00308	0.00178	0.00619
34	0.01886	0.00715	0.00976	0.00748	0.01073	0.00618	0.00618	0.02049	0.01203	0.82895	0.01658	0.01431	0.01041	0.00520	0.00423	0.00130	0.00358	0.00423	0.00520	0.00715
35	0.00915	0.00944	0.04878	0.39847	0.35132	0.00974	0.08861	0.01198	0.00904	0.01232	0.00775	0.01080	0.00609	0.00395	0.00425	0.00134	0.00552	0.00383	0.00198	0.00564
36	0.00804	0.00754	0.01248	0.80832	0.02822	0.00939	0.01147	0.01121	0.04129	0.01102	0.00786	0.01139	0.00590	0.00426	0.00421	0.00140	0.00551	0.00378	0.00197	0.00475
37	0.00922	0.00928	0.01332	0.01128	0.01144	0.01279	0.03892	0.01024	0.00657	0.01024	0.00563	0.00928	0.00555	0.00722	0.01347	0.00182	0.81351	0.00373	0.00185	0.00464
38	0.00497	0.00426	0.00426	0.00426	0.00568	0.00355	0.00319	0.00603	0.00958	0.01136	0.04259	0.04046	0.82433	0.01065	0.00497	0.00142	0.00213	0.00887	0.00390	0.00355
39	0.00868	0.07229	0.75084	0.01220	0.04770	0.01019	0.01492	0.01325	0.00888	0.01312	0.00745	0.00880	0.00538	0.00396	0.00392	0.00130	0.00606	0.00308	0.00179	0.00618
40	0.00872	0.00747	0.00872	0.00623	0.00996	0.00560	0.00498	0.01058	0.00872	0.01370	0.00747	0.00872	0.00623	0.00311	0.00311	0.00062	0.00311	0.00249	0.00249	0.87796
41	0.00907	0.00901	0.01264	0.01087	0.01090	0.01258	0.00904	0.01002	0.00645	0.01010	0.00574	0.00948	0.00571	0.00830	0.04574	0.00203	0.81218	0.00371	0.00186	0.00457
42	0.00827	0.00793	0.02934	0.73048	0.02646	0.02583	0.01107	0.02506	0.02502	0.01116	0.00780	0.01129	0.00592	0.00464	0.00462	0.03388	0.00546	0.00372	0.01736	0.00467
43	0.00872	0.00747	0.00872	0.00623	0.00996	0.00560	0.00498	0.01058	0.00872	0.01370	0.00747	0.00872	0.00623	0.00311	0.00311	0.00062	0.00311	0.00249	0.00249	0.87796
44	0.00647	0.00441	0.00579	0.00538	0.00646	0.00406	0.00406	0.00844	0.01190	0.04945	0.79142	0.03072	0.03849	0.00846	0.00493	0.00132	0.00205	0.00747	0.00465	0.00409
45	0.00608	0.00406	0.00460	0.00463	0.00464	0.00405	0.00260	0.00610	0.00619	0.00825	0.01361	0.05799	0.01575	0.82115	0.02080	0.00399	0.00401	0.00633	0.00260	0.00258
46	0.03102	0.00692	0.00929	0.00721	0.01026	0.00604	0.00593	0.01940	0.01181	0.74918	0.04870	0.01494	0.01151	0.00531	0.00418	0.00129	0.00344	0.00432	0.04242	0.00685
47	0.00512	0.00366	0.00488	0.00585	0.00610	0.00341	0.00390	0.00585	0.00805	0.01073	0.02317	0.84952	0.02780	0.01317	0.00537	0.00171	0.00244	0.01195	0.00390	0.00341
48	0.00599	0.00438	0.00564	0.00531	0.00634	0.00407	0.00398	0.00812	0.02671	0.01665	0.77738	0.03148	0.07084	0.00862	0.00495	0.00133	0.00201	0.00760	0.00459	0.00400
49	0.88196	0.00813	0.00618	0.00553	0.00813	0.00943	0.00455	0.01236	0.00715	0.01886	0.00585	0.00683	0.00455	0.00390	0.00260	0.00130	0.00325	0.00228	0.00260	0.00455
50	0.00794	0.00412	0.00414	0.00410	0.00513	0.00417	0.00308	0.01028	0.04028	0.01575	0.01385	0.01567	0.01085	0.00493	0.00299	0.00100	0.00201	0.00395	0.84173	0.00402
51	0.01040	0.00999	0.01706	0.02580	0.82604	0.00999	0.01290	0.01290	0.00957	0.01373	0.00791	0.01040	0.00666	0.00375	0.00416	0.00125	0.00499	0.00375	0.00208	0.00666
52	0.00603	0.00400	0.00532	0.00590	0.00647	0.00371	0.00413	0.00707	0.00897	0.05421	0.15255	0.62869	0.04155	0.01191	0.00525	0.00163	0.00248	0.04234	0.00409	0.00372
53	0.01124	0.85479	0.02203	0.00719	0.01079	0.01663	0.00719	0.01259	0.00854	0.00989	0.00584	0.00674	0.00539	0.00360	0.00270	0.00090	0.00450	0.00225	0.00180	0.00539
54	0.00528	0.00385	0.00525	0.00646	0.03092	0.00361	0.00417	0.00607	0.00809	0.01082	0.02271	0.82412	0.02716	0.01288	0.00533	0.00169	0.00252	0.01170	0.00385	0.00351
55	0.00652	0.00443	0.00569	0.00531	0.00645	0.00403	0.00400	0.00837	0.01161	0.05938	0.68863	0.04445	0.11779	0.00870	0.00493	0.00134	0.00209	0.00762	0.00457	0.00408
56	0.11273	0.01160	0.01069	0.02669	0.07614	0.19453	0.00743	0.15503	0.25174	0.05914	0.02253	0.03413	0.00926	0.00511	0.00399	0.00129	0.00464	0.00395	0.00342	0.00596

[dist]
# distance from previous block
# <min> <max>
0	5

[block]
# block no. 3 follows, 63 sequences, length 70
# corresponding to MSA columns:
# 284-304,306-331,346-364,366,368,369,380
name=unknown_D
#
# <colnr> <probs for GDERKNQSTAVLIFYWHMCP>
#	G	D	E	R	K	N	Q	S	T	A	V	L	I	F	Y	W	H	M	C	P
0	0.70641	0.00826	0.01723	0.00619	0.02043	0.00909	0.00501	0.02391	0.04963	0.03321	0.03002	0.00836	0.00626	0.00412	0.00288	0.00126	0.00330	0.00266	0.00279	0.05897
1	0.47605	0.00841	0.03330	0.03622	0.02301	0.02037	0.04322	0.03875	0.00914	0.14228	0.07625	0.01142	0.02705	0.00465	0.00342	0.00129	0.00365	0.00345	0.00316	0.03492
2	0.02078	0.00958	0.07291	0.35397	0.04884	0.03413	0.15613	0.01221	0.00900	0.06263	0.00840	0.01097	0.00635	0.00425	0.00471	0.00132	0.05551	0.00380	0.04734	0.07717
3	0.00794	0.00747	0.01261	0.84216	0.02895	0.00934	0.01167	0.01074	0.00841	0.01074	0.00747	0.01121	0.00560	0.00420	0.00420	0.00140	0.00560	0.00374	0.00187	0.00467
4	0.00923	0.02035	0.74449	0.01186	0.01779	0.00954	0.04200	0.01383	0.00914	0.07145	0.00822	0.00935	0.00572	0.00406	0.00404	0.00133	0.00605	0.00325	0.00203	0.00626
5	0.00589	0.00429	0.00554	0.00522	0.00624	0.00394	0.00392	0.00782	0.01176	0.01652	0.77555	0.03196	0.08815	0.00872	0.00496	0.00133	0.00199	0.00768	0.00458	0.00394
6	0.01459	0.05474	0.01247	0.00925	0.01248	0.01255	0.00763	0.61550	0.14871	0.02376	0.01093	0.01078	0.00795	0.00501	0.00410	0.00125	0.00436	0.00382	0.00404	0.03607
7	0.00874	0.00962	0.12313	0.10273	0.28148	0.00825	0.04817	0.01232	0.09380	0.01373	0.05919	0.07773	0.02613	0.02431	0.00461	0.00138	0.00440	0.00484	0.08994	0.00551
8	0.00888	0.04391	0.76658	0.01179	0.01773	0.05261	0.01493	0.01347	0.00902	0.01307	0.00744	0.00875	0.00533	0.00400	0.00395	0.00131	0.00624	0.00306	0.00180	0.00612
9	0.00897	0.02101	0.78278	0.01177	0.01782	0.00972	0.01503	0.03335	0.00925	0.04089	0.00791	0.00909	0.00554	0.00406	0.00401	0.00133	0.00609	0.00316	0.00195	0.00627
10	0.01816	0.00700	0.00953	0.00736	0.01049	0.00606	0.00606	0.01981	0.01202	0.78493	0.06035	0.01523	0.01199	0.00539	0.00427	0.00130	0.00349	0.00441	0.00517	0.00698
11	0.01028	0.00888	0.01515	0.36155	0.25711	0.00959	0.11502	0.03968	0.02972	0.08892	0.00889	0.01133	0.00669	0.00418	0.00441	0.00135	0.01512	0.00397	0.00241	0.00574
12	0.04373	0.04095	0.03061	0.05219	0.02473	0.02418	0.00701	0.10653	0.08195	0.41460	0.02521	0.04588	0.01139	0.00582	0.00427	0.00136	0.00393	0.06510	0.00427	0.00632
13	0.00611	0.00408	0.00458	0.00458	0.00458	0.00408	0.00255	0.00611	0.00611	0.00815	0.01325	0.02751	0.01528	0.85226	0.02140	0.00408	0.00408	0.00611	0.00255	0.00255
14	0.01886	0.00715	0.00976	0.00748	0.01073	0.00618	0.00618	0.02049	0.01203	0.82895	0.01658	0.01431	0.01041	0.00520	0.00423	0.00130	0.00358	0.00423	0.00520	0.00715
15	0.01018	0.36653	0.19453	0.04066	0.12242	0.03931	0.11712	0.01275	0.00902	0.01168	0.00749	0.03664	0.00644	0.00406	0.00365	0.00116	0.00535	0.00338	0.00196	0.00567
16	0.00954	0.01196	0.15645	0.08316	0.05908	0.02021	0.41521	0.02372	0.03772	0.02934	0.00954	0.05441	0.00769	0.00447	0.00482	0.00140	0.02888	0.00471	0.03210	0.00560
17	0.01080	0.01194	0.01246	0.01083	0.01160	0.24192	0.02807	0.01187	0.00807	0.01022	0.00628	0.00932	0.00587	0.00815	0.06975	0.00197	0.53078	0.00350	0.00197	0.00464
18	0.72859	0.05322	0.00775	0.00622	0.00888	0.07493	0.00513	0.04966	0.00818	0.01807	0.00610	0.00703	0.00478	0.00397	0.00277	0.00126	0.00372	0.00238	0.00260	0.00474
19	0.00545	0.00412	0.00506	0.00549	0.00626	0.00379	0.00393	0.00684	0.02928	0.01233	0.18243	0.42941	0.23154	0.01139	0.00518	0.00156	0.00236	0.04585	0.00405	0.00366
20	0.00763	0.00678	0.00887	0.00780	0.00833	0.00827	0.00607	0.00846	0.00702	0.01017	0.03213	0.01829	0.09353	0.23900	0.05658	0.00254	0.39183	0.00491	0.00239	0.07940
21	0.00875	0.00824	0.01076	0.00939	0.00957	0.03247	0.00750	0.03093	0.00688	0.01011	0.00761	0.01355	0.00793	0.19778	0.04436	0.00248	0.58119	0.00423	0.00209	0.00418
22	0.00555	0.00429	0.00506	0.00490	0.00608	0.00381	0.00370	0.00713	0.01084	0.01437	0.46611	0.03571	0.37894	0.00956	0.00498	0.00138	0.00209	0.02742	0.00430	0.00378
23	0.00843	0.02174	0.83048	0.01198	0.01819	0.00976	0.01553	0.01331	0.00888	0.01331	0.00754	0.00888	0.00533	0.00399	0.00399	0.00133	0.00621	0.00311	0.00178	0.00621
24	0.01046	0.00903	0.00951	0.00855	0.01093	0.01046	0.00665	0.02234	0.81845	0.01759	0.01711	0.01568	0.01283	0.00570	0.00428	0.00143	0.00333	0.00475	0.00428	0.00665
25	0.01598	0.01177	0.01262	0.00967	0.01304	0.01304	0.00799	0.81202	0.01976	0.02649	0.01009	0.01009	0.00715	0.00505	0.00421	0.00126	0.00463	0.00378	0.00421	0.00715
26	0.01876	0.00731	0.00985	0.00755	0.01081	0.00641	0.00624	0.04750	0.01230	0.80157	0.01636	0.01416	0.01029	0.00520	0.00423	0.00130	0.00361	0.00421	0.00517	0.00715
27	0.00960	0.00916	0.01560	0.29333	0.56483	0.00978	0.01250	0.01219	0.00919	0.01275	0.00776	0.01067	0.00631	0.00390	0.00418	0.00130	0.00519	0.00374	0.00201	0.00601
28	0.01132	0.01035	0.00985	0.00875	0.01113	0.10755	0.00680	0.08884	0.61809	0.01735	0.03659	0.01514	0.02811	0.00566	0.00425	0.00137	0.00388	0.00458	0.00402	0.00636
29	0.88196	0.00813	0.00618	0.00553	0.00813	0.00943	0.00455	0.01236	0.00715	0.01886	0.00585	0.00683	0.00455	0.00390	0.00260	0.00130	0.00325	0.00228	0.00260	0.00455
30	0.00805	0.00573	0.00719	0.01877	0.00818	0.00596	0.00524	0.07376	0.05239	0.07445	0.25364	0.18605	0.10990	0.02956	0.00611	0.00157	0.07533	0.06965	0.00401	0.00447
31	0.04568	0.01933	0.01174	0.01065	0.01277	0.78423	0.00803	0.01645	0.01160	0.01058	0.00645	0.00760	0.00539	0.00440	0.00402	0.00111	0.03023	0.00272	0.00217	0.00485
32	0.00595	0.00430	0.00562	0.00529	0.00628	0.00397	0.00397	0.00793	0.01190	0.01686	0.82382	0.03140	0.03966	0.00859	0.00496	0.00132	0.00198	0.00760	0.00463	0.00397
33	0.00849	0.01998	0.72019	0.07601	0.01898	0.00978	0.04216	0.01334	0.02842	0.01322	0.00780	0.00930	0.00556	0.00404	0.00405	0.00134	0.00613	0.00326	0.00185	0.00609
34	0.00922	0.03636	0.64559	0.01240	0.04514	0.00960	0.07751	0.01355	0.00919	0.06072	0.00864	0.01074	0.00641	0.00428	0.00413	0.00135	0.00597	0.03099	0.00209	0.00614
35	0.01826	0.00735	0.00980	0.00755	0.01074	0.00655	0.00622	0.06350	0.02225	0.75347	0.03780	0.01455	0.01104	0.00529	0.00425	0.00130	0.00359	0.00430	0.00512	0.00706
36	0.00611	0.00408	0.00458	0.00458	0.00458	0.00408	0.00255	0.00611	0.00611	0.00815	0.01325	0.02751	0.01528	0.85226	0.02140	0.00408	0.00408	0.00611	0.00255	0.00255
37	0.00988	0.00828	0.01216	0.37086	0.14431	0.03152	0.02179	0.03567	0.09117	0.08760	0.06622	0.01389	0.03522	0.00506	0.00477	0.00138	0.04773	0.00430	0.00278	0.00541
38	0.01263	0.00728	0.00877	0.00764	0.00989	0.00741	0.00607	0.12056	0.20320	0.28933	0.02794	0.16489	0.01516	0.00727	0.00455	0.00144	0.00342	0.07084	0.02573	0.00598
39	0.00585	0.00429	0.00548	0.00518	0.00622	0.00392	0.00388	0.00773	0.01165	0.01628	0.74110	0.03236	0.12275	0.00881	0.00496	0.00133	0.00200	0.00774	0.00455	0.00392
40	0.01130	0.00884	0.00953	0.00845	0.01091	0.01003	0.00661	0.02215	0.73779	0.09873	0.01706	0.01555	0.01259	0.00565	0.00427	0.00141	0.00335	0.00470	0.00437	0.00670
41	0.00988	0.01162	0.04633	0.01756	0.02187	0.01061	0.78952	0.01346	0.00989	0.01346	0.00848	0.01127	0.00635	0.00356	0.00494	0.00142	0.00706	0.00491	0.00212	0.00568
42	0.00854	0.04302	0.79155	0.01199	0.01809	0.00996	0.03314	0.01330	0.00889	0.01323	0.00752	0.00888	0.00535	0.00397	0.00398	0.00132	0.00619	0.00313	0.00178	0.00618
43	0.00589	0.00429	0.00554	0.00523	0.00625	0.00394	0.00392	0.00783	0.01177	0.01655	0.77994	0.03191	0.08374	0.00871	0.00496	0.00133	0.00199	0.00767	0.00459	0.00394
44	0.00601	0.00449	0.00670	0.00670	0.00744	0.00523	0.00519	0.00747	0.00674	0.00972	0.01131	0.01678	0.01063	0.05154	0.81575	0.00669	0.01108	0.00454	0.00226	0.00372
45	0.01545	0.08772	0.01248	0.01009	0.01252	0.63499	0.00780	0.03813	0.04173	0.08970	0.00790	0.00853	0.00621	0.00442	0.00377	0.00111	0.00670	0.00292	0.00256	0.00526
46	0.00794	0.00747	0.01261	0.84216	0.02895	0.00934	0.01167	0.01074	0.00841	0.01074	0.00747	0.01121	0.00560	0.00420	0.00420	0.00140	0.00560	0.00374	0.00187	0.00467
47	0.00502	0.00426	0.00433	0.00431	0.00571	0.00357	0.00323	0.00613	0.00970	0.01164	0.08295	0.03999	0.78379	0.01054	0.00497	0.00141	0.00212	0.00881	0.00394	0.00357
48	0.00907	0.00959	0.01949	0.09399	0.12020	0.00929	0.50430	0.01199	0.00949	0.01286	0.01071	0.12091	0.00973	0.00516	0.00487	0.00145	0.00597	0.03320	0.00239	0.00534
49	0.01367	0.01089	0.01130	0.00924	0.01216	0.03822	0.00744	0.45717	0.35273	0.02226	0.01291	0.01235	0.00946	0.00530	0.00422	0.00132	0.00418	0.00415	0.00417	0.00687
50	0.88196	0.00813	0.00618	0.00553	0.00813	0.00943	0.00455	0.01236	0.00715	0.01886	0.00585	0.00683	0.00455	0.00390	0.00260	0.00130	0.00325	0.00228	0.00260	0.00455
51	0.00850	0.04196	0.81086	0.01187	0.01801	0.00993	0.01533	0.01330	0.00887	0.01323	0.00750	0.00882	0.00533	0.00398	0.00396	0.00132	0.00617	0.00309	0.00178	0.00619
52	0.00601	0.00450	0.00676	0.00676	0.00751	0.00525	0.00525	0.00751	0.00676	0.00976	0.01126	0.01651	0.01051	0.03153	0.83560	0.00676	0.01126	0.00450	0.00225	0.00375
53	0.01060	0.01007	0.01629	0.05140	0.71671	0.02256	0.01229	0.04119	0.05172	0.01422	0.00842	0.01065	0.00694	0.00392	0.00416	0.00126	0.00495	0.00378	0.00226	0.00658
54	0.00630	0.00439	0.00548	0.00519	0.00635	0.00395	0.00390	0.00800	0.01121	0.05354	0.57442	0.07229	0.21106	0.00911	0.00495	0.00136	0.00211	0.00794	0.00446	0.00400
55	0.00847	0.02149	0.81057	0.01212	0.01829	0.00978	0.03518	0.01332	0.00890	0.01332	0.00757	0.00894	0.00535	0.00398	0.00402	0.00133	0.00623	0.00315	0.00178	0.00620
56	0.01106	0.73632	0.11211	0.00784	0.01168	0.04071	0.00815	0.01280	0.00868	0.01029	0.00605	0.00701	0.00539	0.00366	0.00288	0.00095	0.00478	0.00236	0.00181	0.00547
57	0.88196	0.00813	0.00618	0.00553	0.00813	0.00943	0.00455	0.01236	0.00715	0.01886	0.00585	0.00683	0.00455	0.00390	0.00260	0.00130	0.00325	0.00228	0.00260	0.00455
58	0.00730	0.00365	0.00548	0.00548	0.00548	0.00365	0.00365	0.00548	0.00548	0.00730	0.00730	0.01278	0.00730	0.01460	0.01643	0.87769	0.00365	0.00365	0.00183	0.00183
59	0.01111	0.81695	0.05875	0.00741	0.01113	0.01632	0.00757	0.01262	0.00856	0.01005	0.00592	0.00684	0.00539	0.00361	0.00276	0.00092	0.00457	0.00229	0.00180	0.00543
60	0.88196	0.00813	0.00618	0.00553	0.00813	0.00943	0.00455	0.01236	0.00715	0.01886	0.00585	0.00683	0.00455	0.00390	0.00260	0.00130	0.00325	0.00228	0.00260	0.00455
61	0.00497	0.00426	0.00426	0.00426	0.00568	0.00355	0.00319	0.00603	0.00958	0.01136	0.04259	0.04046	0.82433	0.01065	0.00497	0.00142	0.00213	0.00887	0.00390	0.00355
62	0.01040	0.00999	0.01706	0.02580	0.82604	0.00999	0.01290	0.01290	0.00957	0.01373	0.00791	0.01040	0.00666	0.00375	0.00416	0.00125	0.00499	0.00375	0.00208	0.00666
63	0.01145	0.00916	0.01001	0.00933	0.04903	0.02296	0.00697	0.04494	0.67278	0.08983	0.01626	0.01502	0.01205	0.00553	0.00426	0.00140	0.00353	0.00460	0.00422	0.00669
64	0.88196	0.00813	0.00618	0.00553	0.00813	0.00943	0.00455	0.01236	0.00715	0.01886	0.00585	0.00683	0.00455	0.00390	0.00260	0.00130	0.00325	0.00228	0.00260	0.00455
65	0.00611	0.00409	0.00466	0.00466	0.00469	0.00412	0.00264	0.00616	0.00614	0.00821	0.01318	0.02713	0.01512	0.82383	0.04960	0.00417	0.00432	0.00606	0.00254	0.00259
66	0.03304	0.00919	0.01074	0.00846	0.01155	0.09026	0.04762	0.10590	0.05407	0.46657	0.03374	0.01358	0.01004	0.00507	0.00416	0.00125	0.00419	0.01854	0.00430	0.06773
67	0.05314	0.00753	0.01222	0.78432	0.02756	0.00936	0.01122	0.01103	0.02254	0.01128	0.00756	0.01106	0.00568	0.00421	0.00412	0.00140	0.00544	0.00368	0.00195	0.00470
68	0.00914	0.00760	0.00886	0.00636	0.01007	0.00584	0.00510	0.03510	0.00912	0.03011	0.00773	0.00887	0.00634	0.00321	0.00317	0.00066	0.00317	0.00256	0.00260	0.83442
69	0.32045	0.05718	0.01097	0.00879	0.01148	0.32531	0.03361	0.15927	0.01142	0.01634	0.00696	0.00785	0.00546	0.00425	0.00343	0.00119	0.00534	0.00280	0.00267	0.00523

[dist]
# distance from previous block
# <min> <max>
0	3

[block]
# block no. 4 follows, 63 sequences, length 14
# corresponding to MSA columns:
# 384-397
name=unknown_E
#
# <colnr> <probs for GDERKNQSTAVLIFYWHMCP>
#	G	D	E	R	K	N	Q	S	T	A	V	L	I	F	Y	W	H	M	C	P
0	0.00600	0.00411	0.00473	0.00476	0.00492	0.00411	0.00283	0.00620	0.00645	0.00856	0.01535	0.05284	0.06910	0.70947	0.08036	0.00403	0.00443	0.00636	0.00266	0.00273
1	0.01537	0.01890	0.01201	0.01076	0.01289	0.73611	0.00817	0.06929	0.01214	0.01136	0.00668	0.00784	0.00554	0.00454	0.00436	0.00114	0.05278	0.00283	0.00228	0.00501
2	0.00523	0.00376	0.00495	0.00577	0.00607	0.00358	0.00387	0.00598	0.00791	0.01053	0.02256	0.71372	0.05721	0.06783	0.05770	0.00216	0.00308	0.01100	0.00371	0.00339
3	0.00700	0.00562	0.06046	0.00582	0.00734	0.00439	0.00478	0.00877	0.01067	0.09054	0.41846	0.15368	0.18821	0.00907	0.00489	0.00140	0.00251	0.00790	0.00424	0.00425
4	0.00800	0.01832	0.66668	0.01083	0.01600	0.00867	0.01344	0.01230	0.00931	0.01371	0.11145	0.01452	0.01102	0.00513	0.00425	0.00137	0.00551	0.06145	0.00229	0.00576
5	0.07222	0.00721	0.00953	0.00736	0.01057	0.00638	0.00608	0.01998	0.01173	0.77887	0.01592	0.01385	0.01004	0.00512	0.00413	0.00130	0.00356	0.00411	0.00504	0.00699
6	0.00861	0.07498	0.77881	0.01168	0.01772	0.01020	0.01500	0.01327	0.00885	0.01309	0.00744	0.00874	0.00533	0.00397	0.00391	0.00130	0.00610	0.00305	0.00178	0.00616
7	0.01042	0.00807	0.00926	0.00701	0.01044	0.00710	0.00561	0.07903	0.15102	0.08005	0.01009	0.01049	0.00778	0.00389	0.00349	0.00087	0.00331	0.00313	0.00316	0.58577
8	0.01568	0.00837	0.09806	0.00768	0.01091	0.00636	0.00689	0.01797	0.03173	0.60466	0.13068	0.01619	0.01409	0.00557	0.00431	0.00131	0.00363	0.00460	0.00473	0.00659
9	0.01010	0.01001	0.01796	0.08501	0.59795	0.01015	0.15380	0.01275	0.00945	0.01335	0.00790	0.01059	0.00649	0.00386	0.00462	0.00131	0.03240	0.00396	0.00207	0.00627
10	0.01552	0.01090	0.01188	0.00928	0.01250	0.01194	0.00761	0.61717	0.13014	0.11132	0.01177	0.01132	0.00829	0.00515	0.00422	0.00129	0.00433	0.00397	0.00432	0.00708
11	0.01369	0.01061	0.01133	0.00913	0.01215	0.01181	0.00739	0.49360	0.31050	0.02276	0.01255	0.01208	0.00919	0.00521	0.00419	0.00130	0.00409	0.00409	0.00417	0.04016
12	0.00784	0.00392	0.00392	0.00392	0.00490	0.00392	0.00294	0.00980	0.00882	0.01567	0.01371	0.01567	0.01077	0.00490	0.00294	0.00098	0.00196	0.00392	0.87560	0.00392
13	0.00784	0.00392	0.00392	0.00392	0.00490	0.00392	0.00294	0.00980	0.00882	0.01567	0.01371	0.01567	0.01077	0.00490	0.00294	0.00098	0.00196	0.00392	0.87560	0.00392

[dist]
# distance from previous block
# <min> <max>
0	0

# created by:
# /st0/software/busco_prod/Augustus/scripts/msa2prfl.pl ./align_prep/109573.fa
