[name]
unknown

[dist]
# distance from previous block
# <min> <max>
3	80

[block]
# block no. 0 follows, 59 sequences, length 43
# corresponding to MSA columns:
# 132-174
name=unknown_A
#
# <colnr> <probs for GDERKNQSTAVLIFYWHMCP>
#	G	D	E	R	K	N	Q	S	T	A	V	L	I	F	Y	W	H	M	C	P
0	0.00994	0.00988	0.04010	0.28392	0.43012	0.01022	0.04578	0.01350	0.06866	0.01367	0.00921	0.01244	0.00746	0.00442	0.00446	0.00140	0.00543	0.02089	0.00232	0.00620
1	0.01082	0.01057	0.01382	0.12532	0.31124	0.09976	0.03003	0.02938	0.17619	0.01448	0.02792	0.02377	0.03360	0.00525	0.00493	0.00140	0.04503	0.01361	0.01676	0.00611
2	0.00988	0.00942	0.01603	0.35392	0.49862	0.01022	0.01303	0.01264	0.00956	0.01316	0.00812	0.01127	0.00655	0.00413	0.00439	0.00138	0.00551	0.00393	0.00210	0.00615
3	0.04450	0.02964	0.60153	0.03297	0.05299	0.00953	0.02553	0.01287	0.00913	0.01373	0.02202	0.04572	0.02188	0.00573	0.01962	0.03460	0.00599	0.00391	0.00212	0.00598
4	0.00642	0.00483	0.00703	0.00697	0.00764	0.00562	0.00532	0.00780	0.00701	0.01007	0.01189	0.01845	0.01146	0.12582	0.71020	0.00662	0.03574	0.00490	0.00239	0.00382
5	0.01020	0.01227	0.20832	0.07257	0.04553	0.05294	0.04591	0.07178	0.08976	0.05116	0.06912	0.01533	0.04465	0.04590	0.01950	0.00165	0.07219	0.00456	0.06099	0.00568
6	0.49653	0.02635	0.04468	0.02527	0.13573	0.00978	0.05376	0.02512	0.00907	0.10140	0.03038	0.00979	0.00701	0.00435	0.00350	0.00136	0.00416	0.00325	0.00292	0.00559
7	0.00921	0.00874	0.01481	0.56390	0.29391	0.01004	0.01270	0.01204	0.00924	0.01234	0.00800	0.01149	0.00626	0.00425	0.00440	0.00142	0.00567	0.00393	0.00204	0.00561
8	0.01048	0.01289	0.15825	0.02301	0.53022	0.01058	0.16203	0.01374	0.01000	0.01430	0.00836	0.01084	0.00670	0.00394	0.00450	0.00136	0.00588	0.00406	0.00214	0.00672
9	0.00539	0.00390	0.00510	0.00604	0.00638	0.00361	0.00406	0.00621	0.00864	0.01146	0.04334	0.77743	0.07497	0.01358	0.00560	0.00177	0.00253	0.01227	0.00412	0.00361
10	0.00679	0.00466	0.00582	0.00547	0.00673	0.00419	0.00412	0.00860	0.01187	0.06289	0.57837	0.05428	0.21082	0.00942	0.00518	0.00142	0.00223	0.00819	0.00471	0.00425
11	0.87598	0.00854	0.00649	0.00581	0.00854	0.00991	0.00478	0.01298	0.00752	0.01982	0.00615	0.00717	0.00478	0.00410	0.00273	0.00137	0.00342	0.00239	0.00273	0.00478
12	0.00654	0.00479	0.00641	0.00631	0.00670	0.00538	0.00446	0.00737	0.00678	0.00951	0.01245	0.02214	0.01302	0.39648	0.42295	0.00556	0.05180	0.00545	0.00248	0.00342
13	0.01592	0.01194	0.01276	0.00999	0.01336	0.01329	0.00818	0.68552	0.13917	0.02643	0.01171	0.01149	0.00841	0.00541	0.00443	0.00135	0.00466	0.00413	0.00443	0.00743
14	0.02616	0.00648	0.00797	0.02435	0.01011	0.04083	0.00711	0.03264	0.02638	0.05574	0.02028	0.04032	0.02111	0.01033	0.00557	0.00182	0.00420	0.59564	0.00392	0.05902
15	0.00999	0.16961	0.48875	0.01265	0.03138	0.02919	0.12262	0.02943	0.00962	0.01344	0.00770	0.00931	0.00583	0.00422	0.00450	0.00134	0.03880	0.00341	0.00199	0.00622
16	0.01019	0.06733	0.20847	0.01720	0.08458	0.01131	0.50748	0.01400	0.01005	0.01389	0.00848	0.01093	0.00640	0.00385	0.00476	0.00142	0.00689	0.00448	0.00212	0.00615
17	0.00676	0.00493	0.00665	0.00753	0.00856	0.00481	0.00644	0.00860	0.01005	0.01293	0.02629	0.09533	0.13112	0.01216	0.00596	0.00195	0.00373	0.63813	0.00407	0.00399
18	0.00635	0.00456	0.00624	0.00624	0.00674	0.00506	0.00445	0.00734	0.00684	0.00962	0.01261	0.02168	0.01292	0.33739	0.52559	0.00604	0.00900	0.00537	0.00248	0.00347
19	0.01165	0.22428	0.17066	0.01057	0.04257	0.02323	0.05658	0.17080	0.11421	0.03132	0.01020	0.02877	0.00817	0.00704	0.06949	0.00174	0.00566	0.00387	0.00291	0.00628
20	0.00625	0.00451	0.00590	0.00556	0.00660	0.00417	0.00417	0.00833	0.01250	0.01771	0.81490	0.03299	0.04167	0.00903	0.00521	0.00139	0.00208	0.00799	0.00486	0.00417
21	0.00618	0.00451	0.00580	0.00548	0.00655	0.00414	0.00411	0.00820	0.01233	0.01731	0.76114	0.03366	0.09569	0.00918	0.00521	0.00140	0.00209	0.00808	0.00481	0.00414
22	0.01736	0.01034	0.01301	0.00989	0.01343	0.01057	0.07070	0.41221	0.03393	0.34165	0.01334	0.01260	0.00894	0.00526	0.00449	0.00136	0.00460	0.00428	0.00466	0.00738
23	0.01181	0.84744	0.02314	0.00756	0.01134	0.01748	0.00756	0.01323	0.00897	0.01039	0.00614	0.00708	0.00567	0.00378	0.00283	0.00094	0.00472	0.00236	0.00189	0.00567
24	0.00641	0.00472	0.00601	0.00565	0.00678	0.00444	0.00425	0.00889	0.04596	0.01750	0.74835	0.03270	0.07363	0.00899	0.00518	0.00140	0.00215	0.00792	0.00481	0.00427
25	0.09826	0.04663	0.32214	0.04818	0.17311	0.01032	0.05442	0.05463	0.03018	0.08635	0.00903	0.01032	0.00665	0.00429	0.00411	0.00135	0.00543	0.00357	0.00257	0.02845
26	0.03198	0.02868	0.01297	0.02977	0.08330	0.57229	0.00891	0.08044	0.01229	0.01281	0.00736	0.00879	0.00607	0.00477	0.00472	0.00123	0.06372	0.00314	0.02134	0.00543
27	0.00631	0.00473	0.00710	0.00710	0.00789	0.00552	0.00552	0.00789	0.00710	0.01025	0.01183	0.01735	0.01104	0.03312	0.82728	0.00710	0.01183	0.00473	0.00237	0.00394
28	0.01011	0.00984	0.01461	0.05436	0.42910	0.07039	0.04239	0.01267	0.03896	0.01294	0.00923	0.01262	0.00802	0.03141	0.16684	0.00257	0.06161	0.00416	0.00230	0.00587
29	0.01180	0.08398	0.05919	0.01731	0.31568	0.11480	0.10512	0.07572	0.08439	0.01489	0.01865	0.01116	0.00776	0.00487	0.01587	0.00139	0.02808	0.00394	0.01906	0.00635
30	0.00642	0.00428	0.00482	0.00482	0.00482	0.00428	0.00268	0.00642	0.00642	0.00856	0.01392	0.02890	0.01606	0.84478	0.02248	0.00428	0.00428	0.00642	0.00268	0.00268
31	0.00596	0.00433	0.00562	0.00566	0.00651	0.00399	0.00411	0.00763	0.01127	0.01565	0.55824	0.25515	0.07847	0.01046	0.00533	0.00151	0.00222	0.00931	0.00461	0.00399
32	0.00916	0.00785	0.00916	0.00654	0.01047	0.00589	0.00523	0.01112	0.00916	0.01439	0.00785	0.00916	0.00654	0.00327	0.00327	0.00065	0.00327	0.00262	0.00262	0.87178
33	0.00655	0.00431	0.00536	0.00536	0.00551	0.00446	0.00336	0.00662	0.00647	0.00878	0.01277	0.02485	0.01410	0.59108	0.17454	0.10907	0.00566	0.00579	0.00253	0.00283
34	0.00793	0.00418	0.00439	0.00434	0.00537	0.00412	0.00325	0.00999	0.00976	0.01666	0.13828	0.01902	0.01602	0.00575	0.00342	0.00108	0.00206	0.00472	0.73554	0.00412
35	0.01061	0.01006	0.01638	0.08639	0.62006	0.01038	0.02576	0.01455	0.11524	0.01466	0.01031	0.01240	0.02453	0.00439	0.00442	0.00136	0.00504	0.00421	0.00251	0.00675
36	0.03641	0.01061	0.05106	0.14836	0.60840	0.01039	0.04412	0.01323	0.00978	0.01408	0.00818	0.01092	0.00669	0.00402	0.00436	0.00135	0.00543	0.00391	0.00216	0.00655
37	0.01679	0.01237	0.01325	0.01016	0.01370	0.01370	0.00839	0.80251	0.02077	0.02783	0.01060	0.01060	0.00751	0.00530	0.00442	0.00133	0.00486	0.00398	0.00442	0.00751
38	0.00881	0.17997	0.07086	0.02213	0.01041	0.03057	0.00712	0.01193	0.12255	0.01277	0.07612	0.12103	0.13323	0.02464	0.00629	0.00153	0.12594	0.02592	0.00317	0.00501
39	0.00594	0.00450	0.00547	0.00523	0.00641	0.00404	0.00392	0.00773	0.01177	0.01597	0.58352	0.03585	0.27414	0.00968	0.00521	0.00142	0.00213	0.00839	0.00463	0.00404
40	0.00762	0.00663	0.00858	0.03199	0.04573	0.00761	0.00640	0.01059	0.13366	0.01251	0.03391	0.18800	0.17531	0.03008	0.09144	0.00228	0.17997	0.01969	0.00336	0.00464
41	0.01060	0.04062	0.04423	0.02193	0.07371	0.02951	0.02329	0.17242	0.07288	0.05549	0.09421	0.09571	0.02898	0.06649	0.04328	0.01508	0.02179	0.05469	0.02962	0.00547
42	0.00999	0.01110	0.10885	0.26058	0.37623	0.01040	0.04342	0.04201	0.02081	0.01392	0.02441	0.01149	0.00725	0.00442	0.00479	0.00140	0.03652	0.00400	0.00224	0.00617

[dist]
# distance from previous block
# <min> <max>
2	4

[block]
# block no. 1 follows, 59 sequences, length 55
# corresponding to MSA columns:
# 179-192,194-231,236-238
name=unknown_B
#
# <colnr> <probs for GDERKNQSTAVLIFYWHMCP>
#	G	D	E	R	K	N	Q	S	T	A	V	L	I	F	Y	W	H	M	C	P
0	0.15387	0.27982	0.10299	0.03642	0.05942	0.11204	0.04254	0.05457	0.02340	0.04986	0.00775	0.00912	0.00626	0.01698	0.00414	0.00127	0.02825	0.00311	0.00245	0.00574
1	0.12396	0.00899	0.03565	0.02896	0.06901	0.06993	0.06623	0.06143	0.01777	0.02876	0.04092	0.06035	0.02233	0.20848	0.04187	0.00237	0.09081	0.01464	0.00283	0.00472
2	0.00678	0.00435	0.00565	0.00621	0.00684	0.00407	0.00438	0.00770	0.00887	0.07165	0.03855	0.53280	0.07405	0.11517	0.00764	0.00207	0.00299	0.09236	0.00404	0.00384
3	0.01060	0.00999	0.01599	0.08476	0.50835	0.02544	0.06153	0.05848	0.04283	0.01485	0.02966	0.02739	0.03469	0.00502	0.00477	0.00139	0.02273	0.03251	0.00261	0.00639
4	0.15078	0.00776	0.00966	0.00759	0.01086	0.00721	0.00625	0.02030	0.04673	0.66238	0.01572	0.01389	0.01010	0.00528	0.00418	0.00137	0.00369	0.00415	0.00500	0.00707
5	0.01273	0.38577	0.08160	0.01034	0.06353	0.23930	0.00877	0.06399	0.01082	0.01236	0.03087	0.00918	0.00716	0.00557	0.03962	0.00136	0.00604	0.00304	0.00228	0.00567
6	0.00538	0.00384	0.00512	0.00615	0.00641	0.00359	0.00410	0.00615	0.00846	0.01127	0.02434	0.84190	0.02921	0.01384	0.00564	0.00179	0.00256	0.01256	0.00410	0.00359
7	0.00754	0.00956	0.18075	0.00855	0.04569	0.00677	0.02946	0.04215	0.04655	0.01496	0.23053	0.02743	0.28108	0.00806	0.00518	0.00145	0.02806	0.01759	0.00365	0.00498
8	0.00552	0.00449	0.00489	0.00479	0.00615	0.00386	0.00359	0.00692	0.01077	0.01361	0.26824	0.03974	0.59089	0.01056	0.00522	0.00146	0.00219	0.00893	0.00432	0.00386
9	0.87598	0.00854	0.00649	0.00581	0.00854	0.00991	0.00478	0.01298	0.00752	0.01982	0.00615	0.00717	0.00478	0.00410	0.00273	0.00137	0.00342	0.00239	0.00273	0.00478
10	0.00642	0.00428	0.00482	0.00482	0.00482	0.00428	0.00268	0.00642	0.00642	0.00856	0.01392	0.02890	0.01606	0.84478	0.02248	0.00428	0.00428	0.00642	0.00268	0.00268
11	0.00918	0.00795	0.00939	0.00681	0.01053	0.00629	0.00547	0.01110	0.00903	0.01419	0.00774	0.00918	0.00650	0.00351	0.00386	0.00072	0.04712	0.00268	0.00258	0.82616
12	0.00916	0.00785	0.00916	0.00654	0.01047	0.00589	0.00523	0.01112	0.00916	0.01439	0.00785	0.00916	0.00654	0.00327	0.00327	0.00065	0.00327	0.00262	0.00262	0.87178
13	0.00543	0.00430	0.00486	0.00511	0.00616	0.00376	0.00367	0.00656	0.00987	0.01247	0.14394	0.26906	0.46951	0.02776	0.00567	0.00162	0.00235	0.01001	0.00418	0.00373
14	0.01109	0.01186	0.01018	0.00949	0.03857	0.29788	0.02517	0.05492	0.05201	0.01362	0.15849	0.03353	0.12957	0.03225	0.02848	0.00161	0.07777	0.00537	0.00324	0.00490
15	0.00886	0.02285	0.82190	0.01259	0.01912	0.01026	0.01632	0.01399	0.00932	0.01399	0.00793	0.00932	0.00559	0.00420	0.00420	0.00140	0.00653	0.00326	0.00186	0.00653
16	0.01544	0.01216	0.01259	0.04857	0.04283	0.09707	0.00833	0.55725	0.01788	0.06039	0.05161	0.01262	0.03190	0.00549	0.00443	0.00132	0.00498	0.00423	0.00406	0.00685
17	0.00631	0.00473	0.00710	0.00710	0.00789	0.00552	0.00552	0.00789	0.00710	0.01025	0.01183	0.01735	0.01104	0.03312	0.82728	0.00710	0.01183	0.00473	0.00237	0.00394
18	0.01050	0.00885	0.00950	0.00851	0.01083	0.01006	0.00662	0.05375	0.65438	0.01875	0.13958	0.01876	0.01754	0.00643	0.00460	0.00147	0.00334	0.00541	0.00455	0.00658
19	0.01679	0.01237	0.01325	0.01016	0.01370	0.01370	0.00839	0.80251	0.02077	0.02783	0.01060	0.01060	0.00751	0.00530	0.00442	0.00133	0.00486	0.00398	0.00442	0.00751
20	0.01157	0.03752	0.06589	0.08995	0.13551	0.20294	0.02335	0.05197	0.07766	0.01331	0.03113	0.03419	0.00860	0.00569	0.00645	0.00146	0.17953	0.01510	0.00256	0.00563
21	0.00612	0.00449	0.00574	0.00547	0.00653	0.00411	0.00408	0.00807	0.01213	0.01694	0.71365	0.05886	0.11854	0.00939	0.00522	0.00141	0.00211	0.00826	0.00476	0.00411
22	0.01197	0.00995	0.01072	0.00926	0.01192	0.01136	0.01848	0.16932	0.63276	0.01996	0.01638	0.01557	0.01232	0.02358	0.00487	0.00152	0.00382	0.00484	0.00441	0.00698
23	0.00606	0.00441	0.00579	0.00675	0.01772	0.00428	0.00474	0.00745	0.03807	0.01171	0.02310	0.57980	0.03667	0.08371	0.00709	0.00203	0.00304	0.14986	0.00396	0.00377
24	0.00879	0.08936	0.03748	0.03170	0.07022	0.08059	0.03111	0.04547	0.01127	0.01478	0.28889	0.06883	0.10902	0.00769	0.00492	0.00139	0.01949	0.05054	0.02360	0.00484
25	0.01095	0.01011	0.07209	0.18564	0.30462	0.00975	0.02621	0.08218	0.01048	0.08176	0.00936	0.01177	0.00733	0.00703	0.07862	0.00187	0.03761	0.00396	0.00261	0.04604
26	0.00938	0.00798	0.00928	0.00665	0.01056	0.00611	0.00533	0.03416	0.00950	0.01478	0.00793	0.00920	0.00657	0.00333	0.00330	0.00067	0.00332	0.00266	0.00267	0.84662
27	0.01082	0.01117	0.03599	0.21959	0.07383	0.13316	0.07967	0.08973	0.03585	0.01354	0.03059	0.01216	0.00797	0.02661	0.06573	0.00194	0.13966	0.00412	0.00249	0.00539
28	0.00618	0.00445	0.00575	0.00644	0.00700	0.00430	0.00456	0.04545	0.00932	0.01241	0.05111	0.63543	0.04958	0.03914	0.01943	0.00193	0.00300	0.08661	0.00407	0.00383
29	0.00611	0.00451	0.00571	0.00541	0.00651	0.00411	0.00406	0.00806	0.01217	0.01693	0.71021	0.03428	0.14685	0.00932	0.00521	0.00140	0.00210	0.00817	0.00476	0.00411
30	0.01084	0.01046	0.01711	0.12919	0.59832	0.02929	0.04795	0.03534	0.03275	0.01432	0.00852	0.01113	0.00698	0.00419	0.00465	0.00136	0.02474	0.00400	0.00228	0.00660
31	0.01935	0.00826	0.01071	0.00821	0.01165	0.00760	0.00678	0.14182	0.01389	0.69823	0.01637	0.01435	0.01041	0.00544	0.00444	0.00136	0.00393	0.00437	0.00530	0.00752
32	0.00836	0.05991	0.47136	0.02880	0.01476	0.03465	0.01161	0.01207	0.01021	0.01435	0.19924	0.01793	0.06620	0.00598	0.00447	0.00139	0.00509	0.02524	0.00278	0.00561
33	0.02862	0.00478	0.00453	0.00443	0.00557	0.02593	0.00335	0.02217	0.00948	0.01656	0.01396	0.01594	0.01097	0.00511	0.00312	0.00104	0.00229	0.00404	0.81390	0.00421
34	0.01007	0.00924	0.01163	0.11405	0.18616	0.06316	0.00880	0.04285	0.21928	0.01485	0.07823	0.01843	0.03201	0.05867	0.00638	0.00165	0.05889	0.05666	0.00325	0.00572
35	0.01147	0.75155	0.11602	0.00814	0.01224	0.01664	0.00858	0.01331	0.00901	0.01081	0.00635	0.00735	0.00566	0.00383	0.00299	0.00100	0.00493	0.00247	0.00189	0.00577
36	0.83369	0.00849	0.00668	0.00591	0.00868	0.00974	0.00487	0.01340	0.00777	0.05936	0.00671	0.00756	0.00509	0.00417	0.00282	0.00137	0.00343	0.00249	0.00287	0.00492
37	0.00959	0.00934	0.01456	0.45448	0.26374	0.04579	0.03258	0.01272	0.04629	0.01262	0.00947	0.01242	0.03015	0.00460	0.00465	0.00142	0.02359	0.00412	0.00223	0.00563
38	0.00537	0.00388	0.00509	0.00605	0.00638	0.00360	0.00406	0.00616	0.00855	0.01131	0.02556	0.79433	0.07600	0.01368	0.00561	0.00178	0.00254	0.01236	0.00410	0.00360
39	0.00642	0.00428	0.00482	0.00482	0.00482	0.00428	0.00268	0.00642	0.00642	0.00856	0.01392	0.02890	0.01606	0.84478	0.02248	0.00428	0.00428	0.00642	0.00268	0.00268
40	0.01374	0.25523	0.03459	0.01127	0.06356	0.37544	0.00889	0.05531	0.01093	0.01184	0.00681	0.00829	0.00587	0.00474	0.00510	0.00121	0.11648	0.00298	0.00221	0.00551
41	0.00808	0.00727	0.01025	0.00922	0.00954	0.00958	0.00742	0.00922	0.00702	0.01052	0.03098	0.01471	0.00955	0.08670	0.31131	0.00400	0.44359	0.00451	0.00223	0.00431
42	0.00546	0.00390	0.00522	0.00624	0.00653	0.00366	0.00424	0.00629	0.00853	0.01136	0.02430	0.80562	0.02904	0.01376	0.00566	0.00180	0.00263	0.04805	0.00410	0.00361
43	0.00883	0.05494	0.12649	0.00973	0.05554	0.11753	0.04530	0.01172	0.08054	0.01310	0.08715	0.30117	0.05324	0.00841	0.00481	0.00149	0.00438	0.00734	0.00332	0.00499
44	0.01203	0.01169	0.01047	0.00944	0.01190	0.16618	0.00728	0.02236	0.65773	0.01702	0.01586	0.01486	0.01200	0.00572	0.00440	0.00143	0.00435	0.00458	0.00407	0.00664
45	0.00908	0.03442	0.12894	0.00868	0.01107	0.04206	0.04202	0.04340	0.15842	0.05337	0.01857	0.26590	0.08310	0.00992	0.05447	0.00187	0.01875	0.00713	0.00356	0.00528
46	0.00767	0.00384	0.00575	0.00575	0.00575	0.00384	0.00384	0.00575	0.00575	0.00767	0.00767	0.01343	0.00767	0.01534	0.01726	0.87150	0.00384	0.00384	0.00192	0.00192
47	0.03606	0.00893	0.01347	0.24032	0.28348	0.04475	0.05488	0.03749	0.00994	0.01341	0.02348	0.10308	0.08802	0.00601	0.00474	0.00144	0.01697	0.00541	0.00264	0.00548
48	0.00647	0.00426	0.00479	0.00482	0.00487	0.00426	0.00273	0.00658	0.00660	0.00898	0.01422	0.05060	0.01621	0.78529	0.02117	0.00407	0.00414	0.00649	0.04066	0.00276
49	0.01534	0.04889	0.02669	0.01018	0.02673	0.05886	0.00832	0.56372	0.08720	0.04247	0.01171	0.01175	0.03020	0.00546	0.00467	0.00134	0.03132	0.00407	0.00405	0.00704
50	0.01006	0.00869	0.03372	0.03031	0.03720	0.00685	0.00628	0.06847	0.01012	0.04009	0.00836	0.00958	0.00672	0.00356	0.00348	0.00079	0.00363	0.00287	0.00278	0.70643
51	0.87598	0.00854	0.00649	0.00581	0.00854	0.00991	0.00478	0.01298	0.00752	0.01982	0.00615	0.00717	0.00478	0.00410	0.00273	0.00137	0.00342	0.00239	0.00273	0.00478
52	0.00541	0.00389	0.00513	0.00608	0.00640	0.00361	0.00408	0.00623	0.00865	0.01153	0.05352	0.78920	0.05273	0.01359	0.00561	0.00177	0.00254	0.01230	0.00413	0.00361
53	0.01089	0.01184	0.10156	0.04677	0.64751	0.01062	0.04225	0.04896	0.01044	0.01489	0.00838	0.01081	0.00683	0.00403	0.00439	0.00133	0.00546	0.00391	0.00225	0.00687
54	0.04766	0.27118	0.03834	0.08028	0.01442	0.25919	0.02221	0.16118	0.02949	0.01455	0.00767	0.00879	0.00619	0.00448	0.00389	0.00118	0.01784	0.00309	0.00258	0.00579

[dist]
# distance from previous block
# <min> <max>
0	1

[block]
# block no. 2 follows, 59 sequences, length 56
# corresponding to MSA columns:
# 240-294,296
name=unknown_C
#
# <colnr> <probs for GDERKNQSTAVLIFYWHMCP>
#	G	D	E	R	K	N	Q	S	T	A	V	L	I	F	Y	W	H	M	C	P
0	0.02552	0.00892	0.03903	0.02510	0.03637	0.00724	0.07953	0.04337	0.03265	0.06950	0.00944	0.03331	0.00766	0.00400	0.00375	0.00093	0.00396	0.00346	0.00289	0.56339
1	0.01096	0.02660	0.08577	0.05799	0.08048	0.13339	0.47549	0.01413	0.01044	0.01333	0.00902	0.04465	0.00734	0.00435	0.00482	0.00142	0.00697	0.00479	0.00226	0.00580
2	0.01488	0.01142	0.01218	0.00978	0.01297	0.01280	0.00793	0.54605	0.28033	0.02475	0.01303	0.01254	0.00948	0.00553	0.00444	0.00138	0.00441	0.00431	0.00444	0.00734
3	0.00869	0.00456	0.00461	0.00444	0.00560	0.00463	0.00337	0.05284	0.00988	0.01708	0.01420	0.01615	0.01112	0.00515	0.00316	0.00105	0.00221	0.00411	0.82285	0.00430
4	0.00614	0.00468	0.00578	0.00552	0.00665	0.00437	0.00415	0.00814	0.02784	0.01599	0.57281	0.06701	0.21813	0.00963	0.00540	0.00144	0.01927	0.00833	0.00459	0.00411
5	0.00556	0.00453	0.00493	0.00491	0.00624	0.00395	0.00365	0.00707	0.02624	0.01319	0.20041	0.10103	0.58111	0.01084	0.00524	0.00149	0.00226	0.00921	0.00426	0.00387
6	0.01179	0.76430	0.03843	0.00788	0.01156	0.03619	0.00778	0.01365	0.03736	0.01077	0.00660	0.00754	0.00595	0.00396	0.00319	0.00100	0.02184	0.00252	0.00199	0.00570
7	0.00642	0.00428	0.00482	0.00482	0.00482	0.00428	0.00268	0.00642	0.00642	0.00856	0.01392	0.02890	0.01606	0.84478	0.02248	0.00428	0.00428	0.00642	0.00268	0.00268
8	0.01125	0.00936	0.02630	0.04319	0.09953	0.00978	0.12065	0.26666	0.01264	0.03247	0.01118	0.02824	0.00949	0.04160	0.19911	0.00286	0.02122	0.03370	0.01494	0.00583
9	0.00576	0.00435	0.00532	0.00539	0.00637	0.00391	0.00392	0.00726	0.01088	0.01458	0.41322	0.22229	0.25915	0.01075	0.00531	0.00151	0.00224	0.00942	0.00447	0.00391
10	0.01555	0.04158	0.01301	0.02900	0.02788	0.05517	0.03000	0.43790	0.11768	0.13884	0.01200	0.01188	0.00857	0.00527	0.00453	0.00134	0.01955	0.00409	0.01914	0.00703
11	0.00642	0.00430	0.00490	0.00490	0.00493	0.00433	0.00278	0.00647	0.00645	0.00862	0.01384	0.02849	0.01588	0.81604	0.05098	0.00438	0.00455	0.00636	0.00267	0.00272
12	0.00934	0.02082	0.66989	0.04299	0.03076	0.02918	0.09331	0.02808	0.00970	0.01409	0.00805	0.00968	0.00577	0.00418	0.00431	0.00140	0.00658	0.00349	0.00196	0.00640
13	0.00642	0.00428	0.00482	0.00482	0.00482	0.00428	0.00268	0.00642	0.00642	0.00856	0.01392	0.02890	0.01606	0.84478	0.02248	0.00428	0.00428	0.00642	0.00268	0.00268
14	0.01052	0.01007	0.01719	0.15504	0.69251	0.01039	0.01335	0.01319	0.00986	0.01393	0.00824	0.01106	0.00682	0.00401	0.00438	0.00134	0.00535	0.00393	0.00215	0.00666
15	0.01679	0.01237	0.01325	0.01016	0.01370	0.01370	0.00839	0.80251	0.02077	0.02783	0.01060	0.01060	0.00751	0.00530	0.00442	0.00133	0.00486	0.00398	0.00442	0.00751
16	0.01095	0.00602	0.00819	0.01946	0.00938	0.00566	0.03348	0.02891	0.06288	0.26659	0.10927	0.27367	0.07503	0.00934	0.00556	0.03891	0.00328	0.02373	0.00445	0.00524
17	0.00552	0.00410	0.00488	0.00543	0.00599	0.00375	0.00363	0.00625	0.00855	0.01097	0.02830	0.46466	0.25236	0.16426	0.00858	0.00216	0.00278	0.01051	0.00384	0.00346
18	0.00926	0.00907	0.01275	0.01105	0.01115	0.01256	0.00916	0.01030	0.00680	0.01058	0.00653	0.01059	0.00643	0.01081	0.11293	0.00256	0.73680	0.00397	0.00199	0.00472
19	0.01638	0.01206	0.01296	0.01002	0.01343	0.01333	0.00824	0.77374	0.02032	0.02724	0.01110	0.04063	0.00829	0.00561	0.00446	0.00134	0.00478	0.00429	0.00441	0.00737
20	0.01156	0.01234	0.01745	0.01495	0.08725	0.15476	0.25088	0.01357	0.00939	0.04074	0.00757	0.01035	0.00634	0.00553	0.00857	0.00158	0.33529	0.00412	0.00223	0.00551
21	0.00552	0.00401	0.00520	0.00596	0.00643	0.00371	0.00409	0.00649	0.00907	0.01206	0.11540	0.64665	0.10107	0.02636	0.00583	0.00177	0.00254	0.03000	0.00416	0.00366
22	0.01863	0.00942	0.01143	0.00876	0.01223	0.00932	0.00724	0.32840	0.01583	0.50891	0.01474	0.01329	0.00959	0.00540	0.00443	0.00135	0.00419	0.00426	0.00505	0.00751
23	0.04170	0.01702	0.01224	0.01093	0.01271	0.55000	0.00844	0.05132	0.01133	0.01187	0.00797	0.02829	0.02362	0.00562	0.00632	0.00135	0.18831	0.00347	0.00239	0.00509
24	0.00605	0.00446	0.00561	0.00622	0.00690	0.00426	0.00453	0.00754	0.03745	0.01219	0.08448	0.41456	0.13310	0.09592	0.00729	0.00201	0.00297	0.15668	0.00402	0.00377
25	0.00642	0.00429	0.00485	0.00484	0.00487	0.00428	0.00272	0.00648	0.00660	0.00883	0.03721	0.02902	0.01680	0.82047	0.02198	0.00420	0.00422	0.00647	0.00274	0.00272
26	0.00642	0.00428	0.00482	0.00482	0.00482	0.00428	0.00268	0.00642	0.00642	0.00856	0.01392	0.02890	0.01606	0.84478	0.02248	0.00428	0.00428	0.00642	0.00268	0.00268
27	0.01385	0.42046	0.05866	0.00956	0.01281	0.37503	0.00845	0.03391	0.01084	0.01117	0.00664	0.00767	0.00572	0.00418	0.00345	0.00106	0.00625	0.00266	0.00212	0.00551
28	0.00952	0.01568	0.40837	0.05092	0.05035	0.00951	0.18264	0.01328	0.00958	0.06189	0.01064	0.11101	0.00908	0.00545	0.00495	0.00148	0.03225	0.00495	0.00245	0.00600
29	0.00547	0.00419	0.00502	0.00544	0.00628	0.00374	0.00384	0.00659	0.00973	0.01260	0.16485	0.41282	0.31945	0.01206	0.00541	0.00161	0.00236	0.01060	0.00423	0.00374
30	0.00820	0.00482	0.00616	0.00562	0.00695	0.00444	0.00429	0.01024	0.01202	0.11515	0.59586	0.02829	0.03331	0.00800	0.00479	0.00133	0.00228	0.00697	0.13672	0.00457
31	0.04089	0.09653	0.01478	0.45089	0.15246	0.04900	0.03291	0.01229	0.02241	0.01217	0.00866	0.02696	0.01961	0.00469	0.00462	0.00140	0.03826	0.00396	0.00216	0.00535
32	0.01042	0.01191	0.02606	0.01862	0.02308	0.01117	0.80119	0.01415	0.01042	0.01415	0.00894	0.01191	0.00670	0.00372	0.00521	0.00149	0.00745	0.00521	0.00223	0.00596
33	0.00712	0.00508	0.00712	0.00813	0.00915	0.00508	0.00712	0.00915	0.01017	0.01322	0.02338	0.04982	0.02542	0.01220	0.00610	0.00203	0.00407	0.78750	0.00407	0.00407
34	0.00886	0.02285	0.82190	0.01259	0.01912	0.01026	0.01632	0.01399	0.00932	0.01399	0.00793	0.00932	0.00559	0.00420	0.00420	0.00140	0.00653	0.00326	0.00186	0.00653
35	0.12581	0.04452	0.01265	0.05457	0.06644	0.25613	0.05024	0.16475	0.04086	0.01578	0.00871	0.02983	0.00720	0.00641	0.03553	0.03931	0.02918	0.00369	0.00281	0.00555
36	0.01982	0.00752	0.01025	0.00786	0.01127	0.00649	0.00649	0.02152	0.01264	0.82029	0.01742	0.01503	0.01093	0.00547	0.00444	0.00137	0.00376	0.00444	0.00547	0.00752
37	0.00642	0.00428	0.00482	0.00482	0.00482	0.00428	0.00268	0.00642	0.00642	0.00856	0.01392	0.02890	0.01606	0.84478	0.02248	0.00428	0.00428	0.00642	0.00268	0.00268
38	0.00559	0.00431	0.00493	0.00514	0.00603	0.00390	0.00359	0.00655	0.00919	0.01168	0.10292	0.23040	0.39382	0.14625	0.04366	0.00224	0.00304	0.00931	0.00387	0.00357
39	0.01173	0.14258	0.10149	0.10527	0.14781	0.06230	0.09778	0.03132	0.09913	0.09886	0.03846	0.01198	0.00876	0.00467	0.00441	0.00133	0.01910	0.00400	0.00283	0.00620
40	0.00886	0.02285	0.82190	0.01259	0.01912	0.01026	0.01632	0.01399	0.00932	0.01399	0.00793	0.00932	0.00559	0.00420	0.00420	0.00140	0.00653	0.00326	0.00186	0.00653
41	0.01738	0.00698	0.00947	0.00745	0.01044	0.00607	0.00607	0.01916	0.01262	0.67642	0.16038	0.01825	0.01644	0.00611	0.00458	0.00137	0.00346	0.00508	0.00536	0.00692
42	0.15447	0.01194	0.17729	0.11902	0.21834	0.02095	0.04600	0.01378	0.04871	0.05438	0.04802	0.01171	0.00841	0.00512	0.01892	0.00150	0.02902	0.00387	0.00259	0.00597
43	0.00946	0.00949	0.02999	0.47852	0.26460	0.04332	0.03487	0.01224	0.00951	0.01257	0.03706	0.01206	0.00752	0.00446	0.00456	0.00141	0.01656	0.00405	0.00215	0.00558
44	0.00834	0.00785	0.01325	0.83417	0.03042	0.00981	0.01227	0.01128	0.00883	0.01128	0.00785	0.01178	0.00589	0.00442	0.00442	0.00147	0.00589	0.00393	0.00196	0.00491
45	0.00719	0.00583	0.00710	0.00695	0.00767	0.05525	0.00515	0.02150	0.00749	0.01019	0.01189	0.01927	0.01175	0.22257	0.55894	0.00588	0.02414	0.00499	0.00246	0.00379
46	0.87598	0.00854	0.00649	0.00581	0.00854	0.00991	0.00478	0.01298	0.00752	0.01982	0.00615	0.00717	0.00478	0.00410	0.00273	0.00137	0.00342	0.00239	0.00273	0.00478
47	0.01055	0.02149	0.04007	0.12099	0.23749	0.03162	0.10003	0.02821	0.03884	0.05524	0.01012	0.01189	0.03261	0.00422	0.00417	0.00118	0.00491	0.00389	0.00262	0.23986
48	0.01179	0.03271	0.09037	0.00790	0.01197	0.00706	0.03189	0.02568	0.01018	0.19857	0.01007	0.01057	0.00745	0.00392	0.00370	0.00093	0.00390	0.00319	0.00319	0.52494
49	0.01377	0.00961	0.01049	0.00879	0.03035	0.01047	0.00691	0.43681	0.12716	0.06103	0.03127	0.01351	0.01016	0.00542	0.00414	0.00128	0.00392	0.00426	0.20408	0.00657
50	0.00567	0.00440	0.00506	0.00538	0.00649	0.00392	0.00405	0.00694	0.00990	0.01257	0.10048	0.21920	0.45226	0.01153	0.00535	0.00160	0.00252	0.10736	0.03152	0.00379
51	0.01014	0.01020	0.05061	0.09252	0.39089	0.00939	0.08352	0.02551	0.02137	0.01428	0.00856	0.01126	0.00707	0.00406	0.00439	0.00121	0.01990	0.01594	0.00235	0.21684
52	0.01184	0.00900	0.01004	0.00865	0.03023	0.00945	0.00675	0.25717	0.23840	0.06063	0.06209	0.01951	0.11607	0.00654	0.00454	0.00136	0.00373	0.04163	0.00422	0.09816
53	0.00831	0.00766	0.01144	0.07159	0.04244	0.00904	0.07708	0.01053	0.04876	0.01328	0.20731	0.03892	0.08039	0.00861	0.03461	0.02141	0.29509	0.00572	0.00305	0.00475
54	0.00936	0.01027	0.07831	0.18488	0.18323	0.09559	0.04010	0.01219	0.04661	0.01357	0.14030	0.03671	0.07222	0.00614	0.00497	0.02889	0.00490	0.00508	0.00284	0.02384
55	0.00550	0.00399	0.00521	0.00615	0.00650	0.00376	0.00414	0.00655	0.02657	0.01146	0.02494	0.79423	0.05744	0.01356	0.00560	0.00178	0.00257	0.01227	0.00411	0.00367

[dist]
# distance from previous block
# <min> <max>
0	12

# created by:
# /st0/software/busco_prod/Augustus/scripts/msa2prfl.pl ./align_prep/109586.fa
