[name]
unknown

[dist]
# distance from previous block
# <min> <max>
0	216

[block]
# block no. 0 follows, 53 sequences, length 38
# corresponding to MSA columns:
# 226-263
name=unknown_A
#
# <colnr> <probs for GDERKNQSTAVLIFYWHMCP>
#	G	D	E	R	K	N	Q	S	T	A	V	L	I	F	Y	W	H	M	C	P
0	0.01239	0.27631	0.25442	0.01057	0.01492	0.08008	0.01104	0.11655	0.01206	0.03495	0.01093	0.03787	0.00969	0.00591	0.00437	0.00141	0.00584	0.09140	0.00287	0.00641
1	0.03432	0.56731	0.11629	0.00902	0.01301	0.05821	0.00909	0.03211	0.01001	0.01243	0.00767	0.00926	0.00675	0.00754	0.08762	0.00181	0.00630	0.00301	0.00220	0.00604
2	0.01169	0.55563	0.18666	0.01001	0.01455	0.01605	0.05446	0.01451	0.02891	0.01249	0.00786	0.00930	0.00669	0.00591	0.04612	0.00152	0.00606	0.00314	0.00216	0.00628
3	0.00589	0.00421	0.00550	0.00650	0.00681	0.00393	0.00431	0.00668	0.00908	0.01205	0.02648	0.74987	0.05980	0.06550	0.00721	0.00210	0.00288	0.01304	0.00434	0.00383
4	0.00991	0.00850	0.00991	0.00708	0.01133	0.00637	0.00566	0.01203	0.00991	0.01557	0.00850	0.00991	0.00708	0.00354	0.00354	0.00071	0.00354	0.00283	0.00283	0.86124
5	0.01337	0.04187	0.07592	0.04420	0.10659	0.07575	0.00984	0.18515	0.34425	0.02000	0.02523	0.01414	0.01088	0.00569	0.00471	0.00149	0.00509	0.00461	0.00394	0.00731
6	0.01248	0.13626	0.38592	0.01338	0.06232	0.09907	0.05443	0.10066	0.04241	0.03614	0.00926	0.01044	0.00693	0.00472	0.00442	0.00141	0.00653	0.00369	0.00262	0.00693
7	0.00690	0.00484	0.00628	0.00628	0.00664	0.00521	0.00422	0.00763	0.00727	0.01006	0.01409	0.02589	0.01504	0.48890	0.36426	0.00595	0.00815	0.00616	0.00275	0.00349
8	0.01256	0.73286	0.04249	0.00952	0.01376	0.01804	0.08804	0.01443	0.00988	0.01175	0.00700	0.00826	0.00625	0.00409	0.00336	0.00109	0.00546	0.00289	0.00208	0.00619
9	0.00693	0.00476	0.00616	0.00624	0.00721	0.00436	0.00452	0.00860	0.01183	0.04685	0.44607	0.30880	0.09649	0.01159	0.00577	0.00166	0.00252	0.01031	0.00494	0.00440
10	0.00596	0.00485	0.00527	0.00516	0.00664	0.00417	0.00387	0.00745	0.01162	0.01463	0.25490	0.04317	0.59272	0.01146	0.00565	0.00158	0.00238	0.00969	0.00466	0.00417
11	0.00653	0.00488	0.00607	0.00577	0.00700	0.00441	0.00433	0.00857	0.01298	0.01786	0.64323	0.03785	0.20237	0.01026	0.00564	0.00153	0.00229	0.00894	0.00509	0.00441
12	0.00638	0.00483	0.00583	0.00573	0.00691	0.00435	0.00425	0.00812	0.01207	0.01621	0.46010	0.09625	0.27764	0.04291	0.00643	0.00171	0.00249	0.02870	0.00483	0.00425
13	0.86579	0.00924	0.00702	0.00629	0.00924	0.01072	0.00518	0.01405	0.00813	0.02144	0.00666	0.00776	0.00518	0.00444	0.00296	0.00148	0.00370	0.00259	0.00296	0.00518
14	0.01189	0.01027	0.01081	0.00973	0.01243	0.01189	0.00757	0.02540	0.79357	0.01999	0.01945	0.01783	0.01459	0.00648	0.00486	0.00162	0.00378	0.00540	0.00486	0.00757
15	0.86579	0.00924	0.00702	0.00629	0.00924	0.01072	0.00518	0.01405	0.00813	0.02144	0.00666	0.00776	0.00518	0.00444	0.00296	0.00148	0.00370	0.00259	0.00296	0.00518
16	0.00734	0.00518	0.00694	0.00767	0.00851	0.00512	0.00622	0.00903	0.01036	0.01370	0.10500	0.09820	0.02767	0.17151	0.00990	0.00258	0.00411	0.49265	0.00420	0.00409
17	0.00956	0.00807	0.00939	0.00823	0.01058	0.00843	0.03053	0.01716	0.38742	0.01846	0.24626	0.02490	0.10186	0.00763	0.00506	0.00150	0.00331	0.00657	0.00466	0.09041
18	0.00959	0.02472	0.80726	0.01362	0.02069	0.01110	0.01766	0.01514	0.01009	0.01514	0.00858	0.01009	0.00605	0.00454	0.00454	0.00151	0.00706	0.00353	0.00202	0.00706
19	0.01817	0.01339	0.01434	0.01100	0.01482	0.01482	0.00908	0.78627	0.02247	0.03012	0.01148	0.01148	0.00813	0.00574	0.00478	0.00143	0.00526	0.00430	0.00478	0.00813
20	0.00688	0.00494	0.00518	0.00509	0.00669	0.00428	0.00387	0.00832	0.01097	0.04727	0.06540	0.04057	0.60772	0.01086	0.00531	0.00155	0.00251	0.03038	0.12791	0.00429
21	0.00637	0.00480	0.00589	0.00576	0.00693	0.00432	0.00426	0.00820	0.01239	0.01679	0.52069	0.11611	0.24816	0.01091	0.00569	0.00158	0.00235	0.00952	0.00496	0.00432
22	0.02077	0.00921	0.01176	0.00902	0.01274	0.00863	0.00745	0.18010	0.01549	0.64616	0.01734	0.01528	0.01107	0.00588	0.00480	0.00147	0.00431	0.00470	0.00568	0.00813
23	0.02144	0.00813	0.01109	0.00850	0.01220	0.00702	0.00702	0.02329	0.01368	0.80552	0.01886	0.01627	0.01183	0.00592	0.00481	0.00148	0.00407	0.00481	0.00592	0.00813
24	0.02136	0.00827	0.01118	0.00857	0.01227	0.00723	0.00708	0.04348	0.01391	0.78501	0.01866	0.01614	0.01173	0.00591	0.00481	0.00148	0.00410	0.00479	0.00589	0.00813
25	0.04224	0.00734	0.00965	0.00773	0.01077	0.00651	0.00626	0.01983	0.01296	0.59943	0.09011	0.04955	0.01551	0.00654	0.00473	0.00146	0.00365	0.00540	0.09316	0.00717
26	0.01840	0.01301	0.01411	0.01082	0.01463	0.01426	0.00894	0.73140	0.02184	0.08589	0.01201	0.01182	0.00839	0.00575	0.00478	0.00144	0.00517	0.00434	0.00486	0.00813
27	0.00903	0.00850	0.01434	0.82054	0.03292	0.01062	0.01327	0.01221	0.00956	0.01221	0.00850	0.01274	0.00637	0.00478	0.00478	0.00159	0.00637	0.00425	0.00212	0.00531
28	0.00629	0.00524	0.00553	0.00539	0.00700	0.00468	0.00406	0.00856	0.06764	0.01448	0.17388	0.04222	0.61556	0.01130	0.00559	0.00160	0.00249	0.00951	0.00461	0.00437
29	0.86579	0.00924	0.00702	0.00629	0.00924	0.01072	0.00518	0.01405	0.00813	0.02144	0.00666	0.00776	0.00518	0.00444	0.00296	0.00148	0.00370	0.00259	0.00296	0.00518
30	0.01181	0.01141	0.01973	0.02899	0.77282	0.01138	0.04380	0.01469	0.01090	0.01560	0.00902	0.01187	0.00756	0.00425	0.00477	0.00143	0.00577	0.00431	0.00237	0.00753
31	0.01209	0.02860	0.01539	0.18760	0.26978	0.09826	0.02946	0.03970	0.23741	0.01606	0.01178	0.01334	0.00917	0.00512	0.00472	0.00149	0.00563	0.00446	0.00311	0.00683
32	0.00672	0.00488	0.00632	0.00596	0.00711	0.00449	0.00447	0.00893	0.01342	0.01890	0.76782	0.03614	0.07713	0.00987	0.00564	0.00151	0.00226	0.00871	0.00523	0.00449
33	0.00582	0.00416	0.00555	0.00666	0.00693	0.00388	0.00444	0.00666	0.00915	0.01220	0.02634	0.82891	0.03161	0.01497	0.00610	0.00194	0.00277	0.01359	0.00444	0.00388
34	0.01051	0.01061	0.01552	0.01304	0.01335	0.01447	0.06049	0.01175	0.00758	0.01175	0.00649	0.01061	0.00634	0.00809	0.01504	0.00206	0.77061	0.00428	0.00211	0.00531
35	0.00622	0.00452	0.00551	0.00616	0.00699	0.00406	0.00432	0.00724	0.00989	0.03309	0.03335	0.53177	0.28261	0.01375	0.00593	0.00183	0.00273	0.03149	0.00447	0.00406
36	0.01278	0.83490	0.02505	0.00818	0.01227	0.01891	0.00818	0.01431	0.00971	0.01125	0.00664	0.00767	0.00613	0.00409	0.00307	0.00102	0.00511	0.00256	0.00204	0.00613
37	0.01439	0.01122	0.01360	0.09870	0.06450	0.01188	0.03325	0.44495	0.01697	0.02323	0.01163	0.01294	0.02764	0.02219	0.00498	0.00140	0.00503	0.00431	0.03710	0.14010

[dist]
# distance from previous block
# <min> <max>
5	16

[block]
# block no. 1 follows, 53 sequences, length 18
# corresponding to MSA columns:
# 281-298
name=unknown_B
#
# <colnr> <probs for GDERKNQSTAVLIFYWHMCP>
#	G	D	E	R	K	N	Q	S	T	A	V	L	I	F	Y	W	H	M	C	P
0	0.57793	0.11417	0.03866	0.00864	0.01202	0.07508	0.08482	0.01464	0.00914	0.01858	0.00708	0.00841	0.00561	0.00439	0.00340	0.00142	0.00481	0.00296	0.00272	0.00552
1	0.00902	0.03098	0.00920	0.00820	0.00963	0.03378	0.04690	0.13831	0.01221	0.01621	0.13372	0.42063	0.02589	0.05678	0.00666	0.00188	0.00380	0.02703	0.00429	0.00490
2	0.00823	0.00418	0.00618	0.00618	0.00618	0.00418	0.00409	0.00626	0.00626	0.00835	0.00864	0.01536	0.00875	0.05717	0.01896	0.81833	0.00418	0.00429	0.00212	0.00212
3	0.14719	0.00889	0.01085	0.00845	0.01205	0.00845	0.00698	0.10725	0.01384	0.60168	0.01621	0.01446	0.01042	0.00567	0.00453	0.00147	0.00415	0.00442	0.00535	0.00769
4	0.01629	0.01245	0.01329	0.01062	0.01411	0.01394	0.00863	0.55874	0.25306	0.02709	0.01386	0.01338	0.01006	0.00596	0.00481	0.00149	0.00482	0.00463	0.00481	0.00796
5	0.00683	0.00464	0.00549	0.00556	0.00573	0.00465	0.00335	0.00719	0.00770	0.01042	0.07768	0.09887	0.02042	0.64612	0.07225	0.00435	0.00482	0.00753	0.00319	0.00320
6	0.11075	0.01891	0.01281	0.01127	0.01404	0.53713	0.00867	0.15529	0.05902	0.01652	0.00872	0.00956	0.00688	0.00511	0.00428	0.00132	0.00721	0.00337	0.00307	0.00608
7	0.00637	0.00450	0.00567	0.00629	0.00668	0.00429	0.00424	0.00721	0.00910	0.01212	0.08498	0.43754	0.06404	0.24743	0.01129	0.00268	0.00338	0.07444	0.00406	0.00370
8	0.01102	0.36798	0.44734	0.01187	0.04495	0.01442	0.01353	0.01477	0.00996	0.01350	0.00777	0.00912	0.00614	0.00434	0.00392	0.00130	0.00619	0.00314	0.00204	0.00669
9	0.23392	0.07625	0.01234	0.00909	0.01236	0.07757	0.00753	0.21405	0.03645	0.22054	0.01139	0.01135	0.00810	0.00540	0.00466	0.00144	0.04285	0.00378	0.00408	0.00686
10	0.00609	0.00446	0.00541	0.00596	0.00650	0.00418	0.00397	0.00685	0.00896	0.01163	0.02804	0.43435	0.19832	0.20406	0.04628	0.00275	0.00357	0.01090	0.00400	0.00371
11	0.01006	0.01303	0.17686	0.03236	0.01656	0.06207	0.23285	0.03984	0.03551	0.01519	0.01758	0.05710	0.13683	0.00668	0.00533	0.00156	0.02453	0.02950	0.08077	0.00580
12	0.01307	0.01295	0.06926	0.08262	0.33110	0.11138	0.06858	0.05845	0.05402	0.08517	0.01134	0.03601	0.00926	0.00532	0.00485	0.00149	0.00598	0.02920	0.00304	0.00690
13	0.00713	0.00468	0.00639	0.03400	0.00758	0.00476	0.00465	0.00706	0.00805	0.01070	0.04219	0.26882	0.08689	0.11304	0.05123	0.29890	0.02936	0.00807	0.00322	0.00328
14	0.03710	0.00633	0.00777	0.00757	0.02622	0.00599	0.00559	0.07633	0.01175	0.17648	0.05011	0.28936	0.18718	0.03559	0.00607	0.00179	0.00340	0.05543	0.00465	0.00528
15	0.04242	0.17371	0.24890	0.02920	0.11338	0.05441	0.05071	0.08904	0.02628	0.09485	0.00968	0.01076	0.00725	0.00468	0.00431	0.00137	0.00591	0.00372	0.00287	0.02656
16	0.04000	0.13932	0.12163	0.10161	0.09495	0.10479	0.06684	0.09495	0.05440	0.04041	0.02582	0.01391	0.03335	0.00588	0.01890	0.00154	0.00603	0.02632	0.00295	0.00640
17	0.08532	0.07621	0.09535	0.03528	0.01269	0.08968	0.05231	0.08916	0.03821	0.01614	0.05308	0.12189	0.02407	0.07071	0.00604	0.00167	0.00490	0.00557	0.06177	0.05995

[dist]
# distance from previous block
# <min> <max>
2	32

[block]
# block no. 2 follows, 53 sequences, length 16
# corresponding to MSA columns:
# 331-346
name=unknown_C
#
# <colnr> <probs for GDERKNQSTAVLIFYWHMCP>
#	G	D	E	R	K	N	Q	S	T	A	V	L	I	F	Y	W	H	M	C	P
0	0.01311	0.05229	0.01255	0.01051	0.05677	0.05129	0.03942	0.32755	0.05724	0.02001	0.01348	0.09869	0.01228	0.13275	0.02698	0.00208	0.00515	0.00562	0.04236	0.01988
1	0.01238	0.07011	0.09098	0.01148	0.05564	0.10582	0.07121	0.03718	0.15915	0.09096	0.07531	0.04892	0.02332	0.02871	0.00594	0.00157	0.05549	0.00516	0.02742	0.02325
2	0.00616	0.00476	0.00561	0.00561	0.00682	0.00422	0.00413	0.00777	0.01179	0.01552	0.37078	0.15283	0.36381	0.01150	0.00571	0.00161	0.00240	0.00996	0.00479	0.00422
3	0.04026	0.01370	0.22200	0.14103	0.12270	0.03221	0.01177	0.11096	0.08003	0.01657	0.01242	0.04808	0.03728	0.01845	0.07004	0.00206	0.00627	0.00478	0.00296	0.00641
4	0.01670	0.11677	0.01497	0.01185	0.01431	0.65965	0.00920	0.01795	0.01263	0.01163	0.00722	0.00865	0.00616	0.00509	0.00503	0.00127	0.06984	0.00310	0.00239	0.00559
5	0.07144	0.00559	0.00628	0.00601	0.00751	0.00523	0.00440	0.01015	0.03327	0.10842	0.13230	0.15367	0.30095	0.12399	0.00797	0.00204	0.00309	0.00867	0.00441	0.00459
6	0.03693	0.04443	0.28447	0.04029	0.15353	0.02416	0.04428	0.10907	0.06441	0.07150	0.04301	0.01385	0.03832	0.00532	0.00468	0.00148	0.00570	0.00445	0.00314	0.00698
7	0.00937	0.01415	0.29590	0.01267	0.04886	0.00953	0.13350	0.03962	0.04524	0.01439	0.01247	0.03782	0.03562	0.08080	0.16630	0.00303	0.02705	0.00511	0.00265	0.00592
8	0.01217	0.03665	0.22099	0.04886	0.19353	0.10591	0.04415	0.03013	0.18042	0.04404	0.01217	0.01318	0.02619	0.00516	0.00468	0.00148	0.00595	0.00434	0.00302	0.00697
9	0.00830	0.00503	0.03980	0.00650	0.00679	0.00446	0.00467	0.00663	0.00642	0.00863	0.00859	0.01503	0.00858	0.04944	0.01832	0.78986	0.00429	0.00424	0.00211	0.00232
10	0.00962	0.00922	0.01066	0.04604	0.01099	0.10190	0.00757	0.01062	0.00810	0.01088	0.01009	0.01752	0.01032	0.23464	0.16601	0.00370	0.32025	0.00498	0.00244	0.00446
11	0.00724	0.02815	0.03033	0.00605	0.00800	0.02814	0.00486	0.03360	0.03816	0.01498	0.18819	0.03785	0.51326	0.01039	0.00540	0.00153	0.00294	0.00868	0.00439	0.02787
12	0.01134	0.02346	0.10264	0.00865	0.01203	0.04483	0.00764	0.17131	0.01302	0.03832	0.10132	0.04639	0.03797	0.05354	0.01870	0.00155	0.00458	0.02921	0.01551	0.25799
13	0.01275	0.08441	0.32669	0.02507	0.10104	0.12910	0.01258	0.06404	0.03486	0.08618	0.01076	0.06044	0.00870	0.00548	0.00471	0.00145	0.01781	0.00431	0.00288	0.00675
14	0.03499	0.18899	0.26547	0.01562	0.20720	0.04869	0.03510	0.01622	0.05714	0.07322	0.00960	0.01087	0.00739	0.00459	0.00430	0.00138	0.00591	0.00372	0.00262	0.00696
15	0.05232	0.03953	0.10066	0.00864	0.01150	0.02998	0.00760	0.10857	0.06048	0.18183	0.07121	0.13122	0.10701	0.03311	0.00591	0.00166	0.03183	0.00653	0.00426	0.00614

[dist]
# distance from previous block
# <min> <max>
1	129

[block]
# block no. 3 follows, 53 sequences, length 57
# corresponding to MSA columns:
# 483-488,495-545
name=unknown_D
#
# <colnr> <probs for GDERKNQSTAVLIFYWHMCP>
#	G	D	E	R	K	N	Q	S	T	A	V	L	I	F	Y	W	H	M	C	P
0	0.01280	0.07471	0.14481	0.02825	0.03266	0.16137	0.06520	0.07825	0.05393	0.08495	0.07838	0.06088	0.04804	0.00623	0.00484	0.00143	0.01433	0.00510	0.00341	0.04045
1	0.11589	0.04208	0.06743	0.02545	0.13119	0.11575	0.00835	0.04430	0.04113	0.04153	0.23660	0.01830	0.01836	0.02878	0.00513	0.00149	0.00467	0.00511	0.00358	0.04490
2	0.01237	0.04968	0.07121	0.01868	0.33050	0.06554	0.07659	0.07257	0.11341	0.03924	0.03536	0.03020	0.02920	0.00543	0.00510	0.00148	0.02856	0.00479	0.00311	0.00698
3	0.06988	0.07740	0.07144	0.04981	0.03346	0.03722	0.12661	0.05974	0.01154	0.04910	0.16382	0.06259	0.02722	0.00656	0.00549	0.00149	0.06034	0.00557	0.05159	0.02913
4	0.00817	0.00551	0.05161	0.00691	0.00738	0.00488	0.00519	0.00703	0.00674	0.00918	0.00961	0.05975	0.00969	0.01707	0.07532	0.68418	0.02214	0.00471	0.00224	0.00268
5	0.01553	0.01240	0.01241	0.01016	0.01322	0.07840	0.00811	0.48090	0.16162	0.02453	0.01374	0.05939	0.01096	0.03363	0.00542	0.00157	0.00497	0.00502	0.04078	0.00724
6	0.00910	0.00945	0.05886	0.14625	0.12093	0.00857	0.19949	0.01177	0.01067	0.03197	0.05316	0.02399	0.23377	0.05343	0.00635	0.00174	0.00530	0.00655	0.00314	0.00552
7	0.01223	0.22617	0.39541	0.01340	0.09799	0.04223	0.02593	0.03467	0.01085	0.08566	0.00910	0.01024	0.00683	0.00456	0.00423	0.00137	0.00619	0.00351	0.00250	0.00694
8	0.01234	0.06663	0.01619	0.18519	0.31107	0.04119	0.01165	0.11270	0.08255	0.03910	0.01077	0.04295	0.00886	0.00535	0.00505	0.00149	0.03254	0.00457	0.00300	0.00680
9	0.00608	0.00468	0.00540	0.00571	0.00670	0.00420	0.00408	0.00722	0.01025	0.01303	0.11701	0.24919	0.38084	0.11104	0.00806	0.00208	0.00287	0.05330	0.00434	0.00393
10	0.00957	0.00753	0.01159	0.10486	0.25091	0.00765	0.00919	0.03052	0.02148	0.06396	0.01806	0.32362	0.01903	0.00949	0.00546	0.00173	0.00439	0.09169	0.00366	0.00564
11	0.01367	0.04344	0.06967	0.03413	0.38953	0.02027	0.10870	0.07037	0.04238	0.14410	0.01110	0.01259	0.00834	0.00472	0.00479	0.00145	0.00573	0.00444	0.00317	0.00741
12	0.00951	0.03628	0.37096	0.01384	0.06427	0.03357	0.15366	0.01332	0.01050	0.01463	0.04312	0.13636	0.02942	0.00675	0.00511	0.00160	0.00612	0.04206	0.00277	0.00615
13	0.05543	0.01103	0.01152	0.00962	0.01224	0.07085	0.00769	0.41732	0.02921	0.02168	0.01162	0.01422	0.00948	0.05253	0.23989	0.00338	0.00757	0.00451	0.00379	0.00642
14	0.00918	0.00866	0.01462	0.77596	0.07626	0.01066	0.01335	0.01235	0.00963	0.01240	0.00852	0.01269	0.00644	0.00475	0.00478	0.00158	0.00633	0.00425	0.00214	0.00544
15	0.01078	0.01029	0.01751	0.32514	0.51460	0.01108	0.01415	0.01375	0.01039	0.01434	0.00881	0.01217	0.00712	0.00445	0.00475	0.00148	0.00594	0.00425	0.00228	0.00673
16	0.00695	0.00465	0.00529	0.00529	0.00531	0.00467	0.00299	0.00700	0.00697	0.00932	0.01499	0.03091	0.01722	0.80836	0.04777	0.00472	0.00488	0.00690	0.00289	0.00294
17	0.01740	0.02163	0.01320	0.01196	0.01440	0.74981	0.00900	0.04235	0.01361	0.01243	0.00785	0.00916	0.00650	0.00557	0.02000	0.00136	0.00842	0.00319	0.02659	0.00557
18	0.00574	0.00459	0.00513	0.00553	0.00664	0.00399	0.00394	0.00683	0.01032	0.01279	0.05680	0.33129	0.50343	0.01310	0.00581	0.00173	0.00255	0.01133	0.00446	0.00399
19	0.01278	0.83490	0.02505	0.00818	0.01227	0.01891	0.00818	0.01431	0.00971	0.01125	0.00664	0.00767	0.00613	0.00409	0.00307	0.00102	0.00511	0.00256	0.00204	0.00613
20	0.00605	0.00441	0.00574	0.00673	0.00721	0.00415	0.00467	0.00723	0.02287	0.01254	0.02777	0.70077	0.08754	0.01449	0.00608	0.00193	0.00288	0.06848	0.00444	0.00399
21	0.01540	0.00850	0.00966	0.00809	0.01082	0.03461	0.00644	0.08067	0.18080	0.33226	0.05683	0.03128	0.01405	0.00627	0.00456	0.00143	0.00376	0.00511	0.18255	0.00691
22	0.00991	0.00850	0.00991	0.00708	0.01133	0.00637	0.00566	0.01203	0.00991	0.01557	0.00850	0.00991	0.00708	0.00354	0.00354	0.00071	0.00354	0.00283	0.00283	0.86124
23	0.01158	0.01111	0.01896	0.09870	0.73477	0.01129	0.01455	0.01445	0.01077	0.01532	0.00895	0.01191	0.00747	0.00430	0.00474	0.00143	0.00574	0.00426	0.00234	0.00737
24	0.00593	0.00437	0.00555	0.00627	0.00689	0.00400	0.00432	0.00703	0.01007	0.01332	0.14181	0.58811	0.15728	0.01376	0.00596	0.00183	0.00264	0.01231	0.00456	0.00400
25	0.00707	0.00619	0.00912	0.00870	0.00977	0.02915	0.10994	0.00839	0.00966	0.01265	0.02483	0.59051	0.09824	0.01268	0.00631	0.00185	0.03506	0.01152	0.00402	0.00434
26	0.00684	0.00480	0.00620	0.00626	0.00661	0.00512	0.00419	0.00756	0.00736	0.01015	0.01480	0.07068	0.01604	0.47385	0.33319	0.00568	0.00774	0.00660	0.00285	0.00349
27	0.01964	0.01033	0.01232	0.00948	0.01316	0.01037	0.00782	0.35739	0.01743	0.44252	0.01553	0.01421	0.01022	0.00583	0.00475	0.00145	0.00454	0.00458	0.03043	0.00802
28	0.04428	0.00982	0.01472	0.44233	0.19304	0.03413	0.01210	0.06374	0.01125	0.11430	0.00999	0.01260	0.00738	0.00486	0.00469	0.00152	0.00583	0.00423	0.00286	0.00633
29	0.86579	0.00924	0.00702	0.00629	0.00924	0.01072	0.00518	0.01405	0.00813	0.02144	0.00666	0.00776	0.00518	0.00444	0.00296	0.00148	0.00370	0.00259	0.00296	0.00518
30	0.01158	0.10332	0.24964	0.02814	0.08325	0.03751	0.01100	0.12495	0.02725	0.01716	0.05354	0.01173	0.00911	0.00475	0.00426	0.00124	0.00534	0.00376	0.00290	0.20957
31	0.00648	0.00457	0.00602	0.00693	0.00736	0.00441	0.00497	0.00750	0.00922	0.01221	0.02414	0.50120	0.02814	0.15600	0.00938	0.00247	0.00349	0.19752	0.00416	0.00384
32	0.00673	0.00488	0.00634	0.00597	0.00712	0.00449	0.00448	0.00895	0.01344	0.01896	0.77485	0.03604	0.07006	0.00985	0.00564	0.00151	0.00226	0.00869	0.00523	0.00449
33	0.01033	0.08576	0.53165	0.01554	0.08532	0.01199	0.14316	0.01497	0.01026	0.01481	0.00858	0.01051	0.00639	0.00449	0.00489	0.00150	0.02697	0.00388	0.00212	0.00688
34	0.00585	0.00421	0.00555	0.00656	0.00692	0.00391	0.00441	0.00675	0.00937	0.01247	0.05439	0.77118	0.06136	0.01468	0.00607	0.00191	0.00274	0.01328	0.00447	0.00391
35	0.00582	0.00416	0.00555	0.00666	0.00693	0.00388	0.00444	0.00666	0.00915	0.01220	0.02634	0.82891	0.03161	0.01497	0.00610	0.00194	0.00277	0.01359	0.00444	0.00388
36	0.00574	0.00478	0.00501	0.00509	0.00655	0.00405	0.00376	0.00698	0.01090	0.01326	0.09564	0.11828	0.67910	0.01222	0.00569	0.00164	0.00244	0.01032	0.00449	0.00405
37	0.01609	0.01335	0.05898	0.06723	0.12042	0.01381	0.01054	0.57154	0.03816	0.02594	0.01098	0.01168	0.00798	0.00543	0.00476	0.00145	0.00545	0.00428	0.00413	0.00779
38	0.01817	0.01339	0.01434	0.01100	0.01482	0.01482	0.00908	0.78627	0.02247	0.03012	0.01148	0.01148	0.00813	0.00574	0.00478	0.00143	0.00526	0.00430	0.00478	0.00813
39	0.01658	0.02147	0.05837	0.01266	0.01551	0.67921	0.06631	0.01829	0.01305	0.01238	0.00793	0.00936	0.00646	0.00486	0.00438	0.00127	0.00825	0.00334	0.03465	0.00565
40	0.00586	0.00485	0.00514	0.00506	0.00659	0.00413	0.00380	0.00727	0.01139	0.01410	0.19090	0.04405	0.65705	0.01166	0.00565	0.00159	0.00239	0.00981	0.00459	0.00413
41	0.04237	0.00855	0.01024	0.00818	0.01112	0.00856	0.00668	0.19191	0.01438	0.38755	0.01557	0.01509	0.01069	0.00584	0.00480	0.00140	0.03471	0.00452	0.21078	0.00705
42	0.00939	0.00887	0.01499	0.71799	0.13263	0.01071	0.01345	0.01253	0.00973	0.01265	0.00856	0.01262	0.00653	0.00471	0.00477	0.00157	0.00628	0.00425	0.00216	0.00560
43	0.00683	0.00512	0.00768	0.00768	0.00853	0.00597	0.00597	0.00853	0.00768	0.01110	0.01280	0.01878	0.01195	0.03585	0.81308	0.00768	0.01280	0.00512	0.00256	0.00427
44	0.01744	0.00861	0.01067	0.00855	0.01177	0.00829	0.00694	0.11650	0.12510	0.48062	0.09203	0.01935	0.05865	0.00668	0.00494	0.00150	0.00392	0.00548	0.00548	0.00749
45	0.00959	0.02472	0.80726	0.01362	0.02069	0.01110	0.01766	0.01514	0.01009	0.01514	0.00858	0.01009	0.00605	0.00454	0.00454	0.00151	0.00706	0.00353	0.00202	0.00706
46	0.00693	0.00471	0.00560	0.00560	0.00573	0.00484	0.00338	0.00720	0.00706	0.00955	0.01471	0.02933	0.01653	0.70791	0.14729	0.00511	0.00591	0.00667	0.00284	0.00311
47	0.00879	0.00820	0.01376	0.60503	0.07155	0.00974	0.04094	0.01159	0.00964	0.01253	0.01192	0.11871	0.03144	0.00630	0.00519	0.00164	0.01962	0.00566	0.00251	0.00526
48	0.01812	0.01095	0.01104	0.00895	0.01205	0.13861	0.00719	0.17428	0.01482	0.39018	0.01497	0.01432	0.01024	0.00566	0.00448	0.00137	0.00474	0.00437	0.14655	0.00710
49	0.00663	0.00484	0.00623	0.00596	0.00708	0.00444	0.00444	0.00873	0.01309	0.01831	0.70003	0.08116	0.10071	0.01024	0.00566	0.00154	0.00230	0.00903	0.00515	0.00444
50	0.03885	0.23147	0.01650	0.01101	0.05788	0.11499	0.00875	0.27410	0.12197	0.06344	0.01091	0.01116	0.00833	0.00519	0.00423	0.00133	0.00535	0.00382	0.00365	0.00709
51	0.01094	0.01130	0.01502	0.52186	0.14915	0.13686	0.01269	0.01363	0.01026	0.01262	0.00827	0.01182	0.00652	0.00493	0.00535	0.00154	0.05528	0.00406	0.00221	0.00569
52	0.00643	0.00487	0.00593	0.00566	0.00694	0.00437	0.00425	0.00837	0.01274	0.01729	0.57445	0.03879	0.27151	0.01047	0.00564	0.00154	0.00230	0.00908	0.00501	0.00437
53	0.00952	0.00511	0.00651	0.00662	0.00776	0.00474	0.00475	0.02002	0.01032	0.16608	0.02321	0.49000	0.04267	0.03009	0.00578	0.00176	0.00299	0.01002	0.14721	0.00483
54	0.01063	0.00903	0.00971	0.00897	0.01134	0.01016	0.00703	0.02134	0.60613	0.01877	0.06611	0.02471	0.09321	0.00780	0.00513	0.00166	0.00362	0.07307	0.00480	0.00678
55	0.00820	0.00600	0.00869	0.04938	0.02402	0.02889	0.05777	0.00867	0.00809	0.01098	0.03574	0.01941	0.04806	0.11548	0.21952	0.29589	0.00674	0.00523	0.03958	0.00366
56	0.00733	0.00601	0.00810	0.05367	0.01017	0.02873	0.04279	0.00873	0.00967	0.01250	0.02405	0.30673	0.12193	0.07695	0.04650	0.02117	0.02970	0.17724	0.00381	0.00421

[dist]
# distance from previous block
# <min> <max>
1	3

[block]
# block no. 4 follows, 53 sequences, length 37
# corresponding to MSA columns:
# 551-587
name=unknown_E
#
# <colnr> <probs for GDERKNQSTAVLIFYWHMCP>
#	G	D	E	R	K	N	Q	S	T	A	V	L	I	F	Y	W	H	M	C	P
0	0.49885	0.17577	0.01216	0.00801	0.01114	0.16352	0.00671	0.04977	0.01011	0.01798	0.00701	0.00807	0.00568	0.00452	0.00332	0.00134	0.00497	0.00275	0.00277	0.00557
1	0.01135	0.01236	0.10607	0.09548	0.35627	0.02641	0.15805	0.01445	0.01069	0.05579	0.01067	0.07114	0.00912	0.00532	0.00537	0.00154	0.03542	0.00511	0.00264	0.00673
2	0.00585	0.00436	0.00546	0.00632	0.00693	0.00397	0.00437	0.00682	0.00962	0.01244	0.03137	0.62179	0.20772	0.01425	0.00601	0.00188	0.00275	0.03972	0.00444	0.00394
3	0.00976	0.04477	0.30981	0.01116	0.04255	0.03282	0.02882	0.01517	0.15779	0.02940	0.07032	0.08014	0.08309	0.00726	0.00500	0.00159	0.00512	0.05576	0.00342	0.00625
4	0.01101	0.01112	0.07141	0.05319	0.01559	0.06490	0.17068	0.04759	0.07546	0.05337	0.13716	0.04956	0.02747	0.00591	0.00486	0.00137	0.00511	0.00540	0.00349	0.18536
5	0.00676	0.00489	0.00639	0.00601	0.00714	0.00451	0.00451	0.00902	0.01353	0.01917	0.79969	0.03570	0.04510	0.00977	0.00564	0.00150	0.00225	0.00864	0.00526	0.00451
6	0.00991	0.00850	0.00991	0.00708	0.01133	0.00637	0.00566	0.01203	0.00991	0.01557	0.00850	0.00991	0.00708	0.00354	0.00354	0.00071	0.00354	0.00283	0.00283	0.86124
7	0.04025	0.00466	0.00469	0.00467	0.00584	0.00475	0.00353	0.01113	0.00985	0.01765	0.01514	0.01749	0.01198	0.00689	0.03973	0.00142	0.00276	0.00442	0.78868	0.00447
8	0.01771	0.01316	0.01409	0.01091	0.01465	0.01461	0.00897	0.73124	0.07825	0.02939	0.01205	0.01194	0.00860	0.00579	0.00479	0.00145	0.00515	0.00438	0.00479	0.00809
9	0.00950	0.00898	0.01519	0.68660	0.16315	0.01074	0.01351	0.01263	0.00978	0.01279	0.00858	0.01259	0.00657	0.00469	0.00477	0.00156	0.00625	0.00425	0.00216	0.00569
10	0.01945	0.01092	0.01276	0.00983	0.01356	0.01121	0.00811	0.41760	0.04313	0.37978	0.01506	0.01384	0.01001	0.00584	0.00480	0.00146	0.00467	0.00457	0.00530	0.00811
11	0.01286	0.74496	0.02484	0.00920	0.01328	0.04821	0.06440	0.01456	0.00997	0.01156	0.00689	0.00808	0.00622	0.00412	0.00330	0.00107	0.00546	0.00280	0.00209	0.00613
12	0.00661	0.00488	0.00618	0.00585	0.00705	0.00444	0.00439	0.00872	0.01317	0.01830	0.69595	0.03712	0.14938	0.01009	0.00564	0.00152	0.00228	0.00884	0.00515	0.00444
13	0.00695	0.00463	0.00521	0.00521	0.00521	0.00463	0.00290	0.00695	0.00695	0.00927	0.01506	0.03128	0.01738	0.83203	0.02433	0.00463	0.00463	0.00695	0.00290	0.00290
14	0.01907	0.01209	0.01235	0.00991	0.01335	0.13617	0.00799	0.23450	0.08990	0.39144	0.01506	0.01389	0.01017	0.00576	0.00473	0.00144	0.00509	0.00445	0.00496	0.00767
15	0.01502	0.01496	0.01232	0.01124	0.04221	0.29840	0.00841	0.16837	0.28053	0.01866	0.01294	0.01309	0.00990	0.00563	0.00453	0.00140	0.00575	0.00425	0.06565	0.00672
16	0.01208	0.01336	0.08544	0.08993	0.49769	0.09742	0.01339	0.02806	0.05633	0.01536	0.00937	0.01168	0.00758	0.00452	0.00464	0.00141	0.00598	0.00408	0.00253	0.03917
17	0.01424	0.12020	0.01450	0.01213	0.10148	0.11695	0.00886	0.08077	0.24519	0.12026	0.01391	0.01401	0.03133	0.00590	0.00551	0.00148	0.07812	0.00445	0.00377	0.00693
18	0.00663	0.00475	0.00617	0.00606	0.00697	0.00442	0.00438	0.00850	0.01237	0.01736	0.62151	0.15992	0.04098	0.07006	0.00706	0.00180	0.00251	0.00930	0.00496	0.00429
19	0.06726	0.01460	0.01314	0.01078	0.01408	0.18301	0.00863	0.44941	0.15016	0.02399	0.01167	0.01173	0.00863	0.00561	0.00459	0.00143	0.00563	0.00413	0.00420	0.00731
20	0.00638	0.00485	0.00588	0.00574	0.00698	0.00435	0.00431	0.00822	0.01239	0.01666	0.49625	0.07861	0.28952	0.01088	0.00569	0.00158	0.00239	0.03006	0.00493	0.00432
21	0.00633	0.00483	0.00579	0.00563	0.00686	0.00431	0.00418	0.00812	0.01229	0.01649	0.48769	0.08124	0.30442	0.02331	0.00595	0.00161	0.00238	0.00938	0.00490	0.00429
22	0.01005	0.12497	0.67835	0.01321	0.01981	0.01211	0.04765	0.01504	0.01009	0.01466	0.00838	0.00990	0.00611	0.00446	0.00440	0.00146	0.00686	0.00350	0.00204	0.00692
23	0.01183	0.01136	0.01940	0.02934	0.80221	0.01136	0.01467	0.01467	0.01088	0.01562	0.00899	0.01183	0.00757	0.00426	0.00473	0.00142	0.00568	0.00426	0.00237	0.00757
24	0.00903	0.00850	0.01434	0.82054	0.03292	0.01062	0.01327	0.01221	0.00956	0.01221	0.00850	0.01274	0.00637	0.00478	0.00478	0.00159	0.00637	0.00425	0.00212	0.00531
25	0.00683	0.00516	0.00718	0.00777	0.00877	0.00490	0.03239	0.00846	0.01042	0.01357	0.05735	0.33132	0.13410	0.01325	0.00622	0.00198	0.00359	0.33810	0.00438	0.00424
26	0.00589	0.00421	0.00562	0.00673	0.00704	0.00394	0.00455	0.00677	0.00922	0.01228	0.02631	0.80112	0.03147	0.01491	0.00612	0.00195	0.00283	0.04071	0.00444	0.00390
27	0.00766	0.00548	0.00765	0.00869	0.00979	0.00546	0.00757	0.00987	0.01111	0.01450	0.05677	0.05317	0.02822	0.01306	0.00656	0.00217	0.00431	0.73910	0.00444	0.00441
28	0.01159	0.01147	0.02059	0.06310	0.62415	0.01150	0.14489	0.01462	0.01084	0.01535	0.00904	0.01203	0.00744	0.00431	0.00505	0.00147	0.01847	0.00449	0.00236	0.00724
29	0.00751	0.00483	0.00612	0.00652	0.00723	0.00455	0.00459	0.00848	0.00953	0.06953	0.06482	0.36649	0.08870	0.21940	0.01060	0.00257	0.00349	0.10679	0.00419	0.00405
30	0.00589	0.00428	0.00552	0.00648	0.00692	0.00396	0.00440	0.00678	0.00934	0.01226	0.02843	0.70144	0.11493	0.03551	0.00653	0.00198	0.00283	0.03422	0.00440	0.00389
31	0.01255	0.01158	0.01140	0.01016	0.01281	0.10644	0.02509	0.06648	0.58028	0.01898	0.01811	0.03873	0.02371	0.00674	0.00492	0.00159	0.00452	0.03434	0.00449	0.00707
32	0.01501	0.01100	0.01342	0.01072	0.01386	0.03971	0.08630	0.36697	0.07911	0.12320	0.02912	0.08977	0.02484	0.00883	0.06348	0.00197	0.00561	0.00564	0.00442	0.00702
33	0.00772	0.00449	0.00474	0.00491	0.00592	0.00430	0.00353	0.00941	0.00985	0.01552	0.02321	0.14694	0.15995	0.06083	0.00552	0.00156	0.00250	0.00703	0.51788	0.00419
34	0.00991	0.05792	0.03972	0.00956	0.01166	0.07951	0.08254	0.01240	0.02972	0.06480	0.18472	0.10866	0.02443	0.00954	0.00561	0.00173	0.00462	0.25366	0.00410	0.00518
35	0.08665	0.20458	0.23568	0.02506	0.01541	0.09954	0.02856	0.10404	0.07234	0.04451	0.03466	0.01108	0.00839	0.00496	0.00417	0.00137	0.00579	0.00368	0.00294	0.00659
36	0.05990	0.02426	0.01370	0.01104	0.01314	0.06694	0.16989	0.07303	0.02278	0.02898	0.01104	0.01612	0.00992	0.12121	0.25034	0.00381	0.09089	0.00497	0.00281	0.00525

[dist]
# distance from previous block
# <min> <max>
0	12

[block]
# block no. 5 follows, 53 sequences, length 17
# corresponding to MSA columns:
# 657-673
name=unknown_F
#
# <colnr> <probs for GDERKNQSTAVLIFYWHMCP>
#	G	D	E	R	K	N	Q	S	T	A	V	L	I	F	Y	W	H	M	C	P
0	0.03634	0.05134	0.30570	0.01144	0.02873	0.11092	0.04660	0.03812	0.01083	0.03792	0.00958	0.05337	0.00795	0.00506	0.00467	0.00131	0.03130	0.00397	0.00264	0.20221
1	0.01225	0.25362	0.34103	0.03717	0.03708	0.07181	0.05608	0.01583	0.02379	0.08117	0.00918	0.01059	0.00703	0.01848	0.00454	0.00141	0.00627	0.00358	0.00249	0.00664
2	0.00885	0.00579	0.00692	0.00660	0.00744	0.00595	0.00450	0.06042	0.05382	0.06791	0.03476	0.12045	0.01821	0.45882	0.09758	0.00390	0.00514	0.02518	0.00358	0.00420
3	0.01192	0.30026	0.07590	0.03449	0.22534	0.02532	0.03833	0.06094	0.01106	0.03544	0.03557	0.08158	0.01030	0.00559	0.00462	0.00136	0.02817	0.00460	0.00273	0.00647
4	0.18008	0.23715	0.21591	0.00957	0.01373	0.03470	0.04066	0.03663	0.01000	0.05575	0.00919	0.02695	0.00780	0.07532	0.00558	0.00162	0.00537	0.00371	0.00266	0.02762
5	0.00746	0.04894	0.00751	0.00646	0.00737	0.00583	0.00459	0.00817	0.00780	0.01072	0.01467	0.08202	0.03888	0.32150	0.25943	0.07603	0.00681	0.00616	0.00284	0.07681
6	0.01090	0.12279	0.23451	0.25363	0.13976	0.05052	0.04344	0.02886	0.04495	0.01416	0.00888	0.01122	0.00685	0.00462	0.00450	0.00145	0.00633	0.00388	0.00232	0.00644
7	0.19322	0.41321	0.01737	0.00856	0.01203	0.15447	0.00755	0.01581	0.06932	0.01436	0.00784	0.00874	0.00663	0.00446	0.00342	0.00118	0.00524	0.00288	0.00256	0.05114
8	0.08478	0.05457	0.01855	0.06509	0.61762	0.01162	0.03828	0.01462	0.01057	0.02730	0.00881	0.01141	0.00728	0.00431	0.00453	0.00142	0.00557	0.00408	0.00244	0.00715
9	0.01222	0.01033	0.01156	0.01114	0.07972	0.01151	0.00804	0.12563	0.54343	0.02035	0.01931	0.01831	0.07060	0.00653	0.00486	0.00155	0.00404	0.00543	0.00455	0.03090
10	0.00689	0.00464	0.00537	0.00543	0.00549	0.00467	0.00315	0.00703	0.00710	0.00952	0.01550	0.07083	0.01779	0.74586	0.06792	0.00467	0.00500	0.00718	0.00295	0.00302
11	0.00800	0.00652	0.00959	0.08714	0.17510	0.00657	0.00739	0.00964	0.01014	0.03017	0.10897	0.29008	0.12395	0.07458	0.00724	0.00191	0.02555	0.00881	0.00373	0.00492
12	0.01210	0.18057	0.44434	0.01232	0.01799	0.01253	0.07690	0.05959	0.03013	0.09579	0.00976	0.01074	0.00708	0.00466	0.00439	0.00142	0.00627	0.00373	0.00268	0.00701
13	0.00677	0.00490	0.00677	0.00684	0.00744	0.00534	0.00495	0.00800	0.00805	0.01131	0.07231	0.09240	0.01745	0.23652	0.48244	0.00596	0.00907	0.00657	0.00301	0.00390
14	0.00612	0.00437	0.00589	0.00700	0.00740	0.00414	0.00496	0.00717	0.00945	0.01254	0.02618	0.70583	0.03096	0.01469	0.00618	0.00198	0.00303	0.13372	0.00443	0.00396
15	0.01296	0.03237	0.05624	0.05548	0.29691	0.11824	0.16389	0.07775	0.08688	0.02870	0.01014	0.01208	0.00793	0.00473	0.00494	0.00146	0.01509	0.00442	0.00284	0.00695
16	0.01348	0.19981	0.06429	0.01135	0.03960	0.01294	0.07534	0.10315	0.13223	0.12727	0.01265	0.01530	0.01018	0.00608	0.00584	0.00153	0.09823	0.06042	0.00355	0.00676

[dist]
# distance from previous block
# <min> <max>
0	1

[block]
# block no. 6 follows, 53 sequences, length 82
# corresponding to MSA columns:
# 675-735,751-771
name=unknown_G
#
# <colnr> <probs for GDERKNQSTAVLIFYWHMCP>
#	G	D	E	R	K	N	Q	S	T	A	V	L	I	F	Y	W	H	M	C	P
0	0.11639	0.01342	0.01591	0.10606	0.36900	0.18079	0.03124	0.08284	0.01200	0.01639	0.00855	0.01076	0.00690	0.00460	0.00446	0.00141	0.00616	0.00385	0.00264	0.00663
1	0.00593	0.00433	0.00558	0.00636	0.00690	0.00398	0.00435	0.00699	0.00992	0.01319	0.12978	0.63538	0.12177	0.01397	0.00599	0.00185	0.00266	0.01254	0.00454	0.00398
2	0.01185	0.01005	0.01084	0.00917	0.01233	0.01074	0.00721	0.07693	0.54464	0.01963	0.01617	0.01542	0.01227	0.00570	0.00453	0.00138	0.00383	0.00469	0.00436	0.21825
3	0.01059	0.05623	0.28583	0.01037	0.04362	0.03178	0.01037	0.01386	0.01040	0.04748	0.04045	0.01118	0.00838	0.00432	0.00406	0.00111	0.00503	0.00343	0.00271	0.39880
4	0.01296	0.03231	0.04178	0.01534	0.21843	0.33921	0.01000	0.01478	0.01166	0.01309	0.01535	0.01722	0.14597	0.00643	0.00554	0.00144	0.06728	0.02262	0.00278	0.00582
5	0.00608	0.00449	0.00558	0.00606	0.00677	0.00410	0.00420	0.00725	0.01035	0.01373	0.20588	0.44344	0.18422	0.06624	0.00709	0.00195	0.00271	0.01135	0.00452	0.00399
6	0.00983	0.00810	0.01079	0.03366	0.06703	0.04032	0.09617	0.05883	0.04335	0.08180	0.09597	0.04665	0.34221	0.00928	0.01975	0.00168	0.00425	0.02079	0.00411	0.00544
7	0.01159	0.01171	0.01441	0.07664	0.04103	0.09767	0.01044	0.06142	0.02248	0.01306	0.00792	0.01128	0.02008	0.00745	0.01222	0.00188	0.56656	0.00420	0.00240	0.00555
8	0.00734	0.00528	0.00775	0.00743	0.00839	0.00585	0.03637	0.00905	0.00812	0.01213	0.01334	0.01965	0.01236	0.11018	0.57510	0.00611	0.01014	0.00522	0.13595	0.00425
9	0.00634	0.00485	0.00581	0.00561	0.00689	0.00432	0.00419	0.00819	0.01248	0.01676	0.51168	0.05938	0.31466	0.01074	0.00565	0.00155	0.00233	0.00928	0.00495	0.00432
10	0.00643	0.00460	0.00621	0.00712	0.00772	0.00438	0.00529	0.00780	0.01021	0.01366	0.12846	0.52467	0.03234	0.01383	0.00617	0.00195	0.00312	0.20740	0.00454	0.00410
11	0.00869	0.00845	0.02533	0.01234	0.01454	0.00880	0.27233	0.01113	0.00889	0.01257	0.01121	0.01634	0.00996	0.04576	0.43838	0.00498	0.07749	0.00525	0.00248	0.00509
12	0.02051	0.00931	0.01178	0.00907	0.01277	0.00881	0.00748	0.18589	0.03522	0.62053	0.01730	0.01529	0.01111	0.00589	0.00480	0.00147	0.00431	0.00471	0.00565	0.00812
13	0.00589	0.00490	0.00517	0.00525	0.00679	0.00419	0.00403	0.00724	0.01105	0.01337	0.08674	0.04613	0.69284	0.01207	0.00573	0.00166	0.00258	0.07580	0.00448	0.00409
14	0.04037	0.00839	0.01092	0.00845	0.01201	0.00760	0.00696	0.08342	0.01407	0.68533	0.01782	0.01576	0.01140	0.00585	0.00469	0.00146	0.00406	0.00470	0.04887	0.00788
15	0.07840	0.00667	0.00824	0.03786	0.01090	0.03580	0.00760	0.01141	0.01092	0.06597	0.02215	0.07198	0.02328	0.01148	0.00602	0.00203	0.00449	0.57580	0.00423	0.00476
16	0.31395	0.00905	0.00921	0.00762	0.01055	0.00966	0.00620	0.19034	0.02714	0.18352	0.07064	0.01387	0.01124	0.00561	0.00403	0.00143	0.00384	0.00417	0.11157	0.00635
17	0.06748	0.16444	0.01401	0.00978	0.01283	0.14626	0.00796	0.09998	0.39095	0.01814	0.01347	0.01314	0.01038	0.00558	0.00431	0.00142	0.00498	0.00420	0.00382	0.00687
18	0.01208	0.34431	0.14135	0.04363	0.06214	0.08009	0.06021	0.05335	0.01096	0.01408	0.00948	0.01091	0.02996	0.00462	0.00394	0.00122	0.00565	0.00355	0.04835	0.06011
19	0.01278	0.09665	0.21203	0.05139	0.21591	0.15273	0.04154	0.05637	0.02509	0.03442	0.00880	0.01064	0.00693	0.00482	0.00508	0.00143	0.05038	0.00379	0.00250	0.00673
20	0.01164	0.00992	0.01059	0.00965	0.01223	0.01140	0.00756	0.03870	0.71541	0.01970	0.01979	0.03183	0.01557	0.00704	0.00500	0.00166	0.00384	0.05633	0.00482	0.00731
21	0.01377	0.01068	0.01177	0.00923	0.01275	0.01085	0.00742	0.38951	0.10050	0.02282	0.01273	0.08494	0.01060	0.00595	0.00452	0.00127	0.00433	0.00479	0.00414	0.27742
22	0.00831	0.00462	0.00493	0.00501	0.00585	0.00463	0.00356	0.01010	0.01912	0.01545	0.01642	0.05212	0.01500	0.20046	0.00856	0.00204	0.00295	0.04647	0.57030	0.00410
23	0.00877	0.04056	0.17788	0.24838	0.04104	0.00879	0.01062	0.03864	0.01013	0.01381	0.01458	0.21759	0.03019	0.00835	0.02307	0.00173	0.00531	0.03572	0.00297	0.06186
24	0.01104	0.24550	0.40599	0.01118	0.01635	0.03133	0.04240	0.01474	0.01071	0.05687	0.10035	0.01279	0.01096	0.00509	0.00431	0.00137	0.00588	0.00399	0.00264	0.00651
25	0.79582	0.00915	0.00736	0.00647	0.00949	0.01042	0.00533	0.01482	0.00859	0.08641	0.00767	0.00847	0.00573	0.00456	0.00311	0.00148	0.00373	0.00277	0.00320	0.00542
26	0.00676	0.00487	0.00617	0.00622	0.00732	0.00451	0.00476	0.00871	0.01217	0.01683	0.46527	0.12144	0.14403	0.01089	0.00570	0.00164	0.00263	0.11498	0.05074	0.00436
27	0.02708	0.02456	0.20404	0.04031	0.19353	0.15407	0.11678	0.10666	0.02577	0.01639	0.00998	0.03290	0.01626	0.00501	0.00474	0.00146	0.00664	0.00435	0.00271	0.00675
28	0.03400	0.01382	0.07839	0.40547	0.07495	0.20358	0.01206	0.07631	0.01174	0.03302	0.00871	0.01134	0.00661	0.00486	0.00460	0.00147	0.00671	0.00389	0.00254	0.00594
29	0.01162	0.00819	0.00904	0.00803	0.01041	0.00877	0.00626	0.04119	0.40489	0.11899	0.11068	0.02297	0.11482	0.00737	0.00488	0.00153	0.00336	0.00615	0.09433	0.00654
30	0.01158	0.01152	0.02094	0.06748	0.60511	0.01147	0.17136	0.01468	0.01090	0.01538	0.00910	0.01209	0.00745	0.00424	0.00492	0.00147	0.00620	0.00454	0.00236	0.00723
31	0.01041	0.04241	0.01551	0.24795	0.20022	0.01122	0.05108	0.01341	0.04938	0.03237	0.01106	0.03932	0.00990	0.00678	0.01609	0.00176	0.15867	0.07381	0.00269	0.00595
32	0.00694	0.00466	0.00534	0.00534	0.00538	0.00470	0.00305	0.00703	0.00699	0.00936	0.01495	0.03065	0.01710	0.79176	0.06422	0.00479	0.00505	0.00686	0.00288	0.00297
33	0.00591	0.00421	0.00555	0.00656	0.00685	0.00394	0.00436	0.00674	0.00916	0.01225	0.04832	0.76294	0.03124	0.05867	0.00707	0.00207	0.00286	0.01309	0.00438	0.00385
34	0.07463	0.02840	0.03222	0.05242	0.05789	0.29415	0.04111	0.14779	0.07601	0.04491	0.01158	0.03498	0.00980	0.00601	0.00467	0.00147	0.00628	0.06607	0.00337	0.00626
35	0.01755	0.01331	0.01366	0.01064	0.01422	0.05698	0.00872	0.69481	0.02119	0.02834	0.01152	0.01173	0.00829	0.00568	0.00466	0.00140	0.00524	0.00425	0.06005	0.00775
36	0.00588	0.00427	0.00556	0.00647	0.00691	0.00394	0.00438	0.00686	0.00962	0.01280	0.08904	0.70915	0.08873	0.01435	0.00603	0.00188	0.00271	0.01294	0.00450	0.00394
37	0.86579	0.00924	0.00702	0.00629	0.00924	0.01072	0.00518	0.01405	0.00813	0.02144	0.00666	0.00776	0.00518	0.00444	0.00296	0.00148	0.00370	0.00259	0.00296	0.00518
38	0.00868	0.00799	0.01320	0.70640	0.02930	0.00985	0.01204	0.01157	0.00938	0.01205	0.01045	0.01505	0.03523	0.04010	0.05803	0.00211	0.00658	0.00462	0.00226	0.00510
39	0.00681	0.00503	0.00718	0.00718	0.00793	0.00569	0.00539	0.00822	0.00768	0.01086	0.01443	0.02176	0.04068	0.16351	0.65725	0.00698	0.01112	0.00559	0.00268	0.00404
40	0.84161	0.00936	0.00723	0.00642	0.00940	0.01084	0.00529	0.03608	0.00854	0.02169	0.00679	0.00787	0.00526	0.00447	0.00301	0.00148	0.00374	0.00264	0.00301	0.00526
41	0.01614	0.01948	0.01520	0.01566	0.15780	0.57799	0.03769	0.03541	0.01285	0.01295	0.00779	0.00952	0.00650	0.00498	0.00505	0.00133	0.05171	0.00347	0.00248	0.00598
42	0.01322	0.01093	0.01156	0.01000	0.01294	0.01251	0.00789	0.18689	0.62992	0.02214	0.01776	0.01648	0.01322	0.00633	0.00485	0.00158	0.00410	0.00517	0.00485	0.00768
43	0.01020	0.00867	0.01007	0.00722	0.01145	0.00667	0.00578	0.03936	0.01035	0.01609	0.00860	0.00997	0.00712	0.00362	0.00358	0.00073	0.00360	0.00288	0.00290	0.83114
44	0.00694	0.00466	0.00534	0.00534	0.00538	0.00470	0.00305	0.00703	0.00699	0.00936	0.01495	0.03065	0.01710	0.79176	0.06422	0.00479	0.00505	0.00686	0.00288	0.00297
45	0.00580	0.00424	0.00546	0.00644	0.00688	0.00390	0.00434	0.00668	0.00936	0.01229	0.02895	0.73647	0.12236	0.01464	0.00605	0.00190	0.00273	0.01317	0.00444	0.00390
46	0.00761	0.00446	0.00609	0.00609	0.00621	0.00459	0.00398	0.00682	0.00669	0.00905	0.01132	0.02098	0.01200	0.30310	0.13788	0.43714	0.00560	0.00527	0.00243	0.00268
47	0.01201	0.00977	0.01103	0.00815	0.01223	0.00866	0.00658	0.20241	0.04430	0.01932	0.00966	0.01061	0.00764	0.00420	0.00390	0.00092	0.00397	0.00330	0.00339	0.61796
48	0.00743	0.00531	0.00740	0.00850	0.00948	0.00527	0.00724	0.00944	0.01074	0.01400	0.02545	0.16416	0.02809	0.01346	0.00653	0.00216	0.00417	0.66243	0.00441	0.00433
49	0.00684	0.00508	0.00747	0.00747	0.00824	0.00586	0.00571	0.00840	0.00762	0.01094	0.01300	0.01987	0.01242	0.10535	0.74423	0.00742	0.01209	0.00528	0.00259	0.00415
50	0.86579	0.00924	0.00702	0.00629	0.00924	0.01072	0.00518	0.01405	0.00813	0.02144	0.00666	0.00776	0.00518	0.00444	0.00296	0.00148	0.00370	0.00259	0.00296	0.00518
