[name]
unknown

[dist]
# distance from previous block
# <min> <max>
3	422

[block]
# block no. 0 follows, 61 sequences, length 61
# corresponding to MSA columns:
# 432-492
name=unknown_A
#
# <colnr> <probs for GDERKNQSTAVLIFYWHMCP>
#	G	D	E	R	K	N	Q	S	T	A	V	L	I	F	Y	W	H	M	C	P
0	0.08390	0.04396	0.05176	0.01945	0.06643	0.09418	0.02751	0.09808	0.10180	0.13456	0.03952	0.02262	0.05099	0.02033	0.00500	0.00135	0.05605	0.00417	0.00334	0.07500
1	0.09894	0.06272	0.09157	0.08192	0.07758	0.08063	0.07227	0.11269	0.04801	0.02384	0.03965	0.04713	0.02582	0.00498	0.00419	0.00126	0.01899	0.00408	0.01143	0.09230
2	0.07693	0.02608	0.08695	0.10070	0.11944	0.09765	0.05268	0.17069	0.06620	0.03219	0.00898	0.01036	0.00689	0.00487	0.01644	0.00135	0.02533	0.00358	0.01153	0.08118
3	0.03770	0.12309	0.05227	0.06893	0.05015	0.09559	0.00784	0.12887	0.06059	0.05607	0.04169	0.08825	0.02676	0.01563	0.00482	0.00136	0.04293	0.04270	0.00311	0.05164
4	0.19084	0.03550	0.02908	0.08163	0.05153	0.15036	0.05826	0.18725	0.01177	0.04666	0.01020	0.04256	0.04191	0.00517	0.00438	0.00133	0.03910	0.00394	0.00296	0.00556
5	0.09854	0.06575	0.04998	0.04256	0.07925	0.23527	0.00864	0.13706	0.03185	0.07723	0.00840	0.00964	0.00657	0.00556	0.02582	0.00145	0.10458	0.00336	0.00278	0.00572
6	0.00763	0.00500	0.00606	0.00590	0.00692	0.00480	0.00420	0.00940	0.07740	0.08238	0.10943	0.18889	0.10589	0.23454	0.01011	0.04525	0.00321	0.05221	0.00370	0.03709
7	0.05421	0.00889	0.01448	0.16513	0.50040	0.00925	0.02807	0.01212	0.02380	0.01376	0.04527	0.04859	0.04772	0.00492	0.00434	0.00135	0.00477	0.00458	0.00244	0.00592
8	0.01255	0.29662	0.07769	0.00891	0.01213	0.11226	0.02210	0.15966	0.08453	0.06601	0.01119	0.04281	0.04516	0.00518	0.00406	0.00121	0.02519	0.00385	0.00298	0.00591
9	0.65927	0.00854	0.00770	0.04139	0.00995	0.00976	0.00555	0.07050	0.00863	0.06346	0.00704	0.00804	0.00535	0.00430	0.00349	0.00133	0.04199	0.00269	0.00286	0.03815
10	0.00765	0.00469	0.00581	0.00576	0.00683	0.00432	0.00416	0.00904	0.02882	0.12338	0.15914	0.28638	0.16787	0.11721	0.00723	0.00187	0.00279	0.03224	0.02067	0.00413
11	0.00576	0.00476	0.00493	0.00474	0.00626	0.00417	0.00360	0.04759	0.01056	0.01293	0.11021	0.03904	0.70957	0.01043	0.00505	0.00144	0.00230	0.00871	0.00408	0.00386
12	0.01163	0.70451	0.05479	0.00792	0.01146	0.09433	0.00775	0.01314	0.00903	0.01032	0.00634	0.00747	0.00573	0.00486	0.03449	0.00119	0.00525	0.00247	0.00190	0.00545
13	0.00616	0.00413	0.00473	0.00483	0.00485	0.00411	0.00275	0.00624	0.00646	0.00862	0.01460	0.11082	0.01696	0.76422	0.02026	0.00393	0.00401	0.00687	0.00275	0.00270
14	0.00854	0.00674	0.00754	0.00709	0.00876	0.00720	0.00537	0.04472	0.35702	0.03618	0.16015	0.17835	0.11769	0.01981	0.00505	0.00153	0.00293	0.01574	0.00432	0.00528
15	0.06309	0.00759	0.00974	0.00757	0.01070	0.00695	0.00620	0.08387	0.01243	0.67250	0.01570	0.01445	0.01028	0.03736	0.00489	0.00143	0.00373	0.00426	0.02032	0.00695
16	0.84580	0.00819	0.00635	0.00571	0.00831	0.00950	0.00469	0.01247	0.00732	0.01897	0.00621	0.00738	0.00490	0.00508	0.03423	0.00155	0.00364	0.00242	0.00265	0.00463
17	0.01471	0.01083	0.01163	0.00918	0.01216	0.01195	0.00744	0.65136	0.07053	0.02450	0.01164	0.04370	0.00910	0.04955	0.00523	0.00146	0.00443	0.00439	0.03945	0.00677
18	0.00525	0.00379	0.00498	0.00591	0.00623	0.00351	0.00397	0.00604	0.00838	0.01112	0.03656	0.79671	0.06501	0.01331	0.00547	0.00173	0.00248	0.01203	0.00401	0.00351
19	0.81884	0.00826	0.00659	0.00580	0.00852	0.00943	0.00478	0.01325	0.00768	0.07572	0.00677	0.00753	0.00509	0.00409	0.00278	0.00133	0.00336	0.00247	0.00285	0.00485
20	0.85846	0.00831	0.00642	0.00571	0.00839	0.00958	0.00470	0.01286	0.00745	0.03861	0.00626	0.00718	0.00481	0.00403	0.00271	0.00133	0.00334	0.00238	0.00273	0.00473
21	0.02677	0.00519	0.00652	0.00593	0.00751	0.00477	0.00461	0.01079	0.03401	0.17119	0.44284	0.04964	0.15512	0.00856	0.00492	0.00141	0.00255	0.04833	0.00463	0.00470
22	0.04675	0.00730	0.00966	0.00753	0.01072	0.00647	0.00618	0.02019	0.03792	0.73982	0.01733	0.03084	0.02770	0.00558	0.00432	0.00135	0.00359	0.00453	0.00516	0.00708
23	0.02817	0.00575	0.00875	0.00797	0.00928	0.00560	0.12341	0.03855	0.04676	0.01388	0.17253	0.44196	0.02507	0.01004	0.00516	0.00158	0.00329	0.02797	0.01998	0.00429
24	0.00607	0.00440	0.00572	0.00539	0.00642	0.00405	0.00404	0.00808	0.01213	0.01712	0.79881	0.03242	0.06140	0.00886	0.00508	0.00136	0.00204	0.00782	0.00472	0.00405
25	0.00602	0.00448	0.00663	0.00678	0.00747	0.00510	0.00517	0.00744	0.00712	0.01015	0.01338	0.14217	0.01345	0.02946	0.70672	0.00614	0.01017	0.00577	0.00256	0.00379
26	0.00638	0.00446	0.00582	0.00547	0.00653	0.00410	0.00411	0.00836	0.01207	0.03670	0.76951	0.05132	0.05110	0.00886	0.00507	0.00137	0.00209	0.00783	0.00473	0.00412
27	0.65157	0.00907	0.00788	0.00665	0.00948	0.01031	0.00548	0.18953	0.01041	0.04064	0.02093	0.00835	0.00601	0.00437	0.00311	0.00132	0.00363	0.00282	0.00313	0.00531
28	0.01017	0.01162	0.02542	0.01816	0.02251	0.01089	0.80610	0.01380	0.01017	0.01380	0.00871	0.01162	0.00654	0.00363	0.00508	0.00145	0.00726	0.00508	0.00218	0.00581
29	0.00893	0.00766	0.00893	0.00638	0.01021	0.00574	0.00510	0.01085	0.00893	0.01404	0.00766	0.00893	0.00638	0.00319	0.00319	0.00064	0.00319	0.00255	0.00255	0.87495
30	0.00535	0.00382	0.00512	0.00611	0.00641	0.00359	0.00418	0.00617	0.00835	0.01111	0.02369	0.79788	0.02827	0.01340	0.00553	0.00176	0.00259	0.05917	0.00400	0.00353
31	0.01152	0.85121	0.02257	0.00737	0.01106	0.01704	0.00737	0.01290	0.00875	0.01013	0.00599	0.00691	0.00553	0.00369	0.00276	0.00092	0.00461	0.00230	0.00184	0.00553
32	0.01071	0.00925	0.00974	0.00877	0.01120	0.01071	0.00682	0.02289	0.81396	0.01802	0.01753	0.01607	0.01315	0.00584	0.00438	0.00146	0.00341	0.00487	0.00438	0.00682
33	0.00600	0.00439	0.00554	0.00526	0.00633	0.00401	0.00394	0.00790	0.01183	0.01651	0.70347	0.03314	0.14329	0.00902	0.00505	0.00136	0.00205	0.00790	0.01900	0.00401
34	0.01066	0.01023	0.01748	0.02644	0.82174	0.01023	0.01322	0.01322	0.00981	0.01407	0.00810	0.01066	0.00682	0.00384	0.00426	0.00128	0.00512	0.00384	0.00213	0.00682
35	0.00633	0.00465	0.00596	0.00559	0.00668	0.00441	0.00421	0.00889	0.05346	0.01731	0.77820	0.03135	0.03923	0.00865	0.00504	0.00136	0.00210	0.00764	0.00472	0.00421
36	0.01066	0.01023	0.01748	0.02644	0.82174	0.01023	0.01322	0.01322	0.00981	0.01407	0.00810	0.01066	0.00682	0.00384	0.00426	0.00128	0.00512	0.00384	0.00213	0.00682
37	0.00703	0.00548	0.00861	0.00873	0.00997	0.00537	0.09083	0.00901	0.00970	0.01271	0.02146	0.16149	0.02341	0.01126	0.00579	0.00189	0.00410	0.59530	0.00378	0.00409
38	0.01017	0.01162	0.02542	0.01816	0.02251	0.01089	0.80610	0.01380	0.01017	0.01380	0.00871	0.01162	0.00654	0.00363	0.00508	0.00145	0.00726	0.00508	0.00218	0.00581
39	0.01144	0.00920	0.00984	0.00872	0.01124	0.01049	0.00682	0.04366	0.73934	0.07208	0.01730	0.01582	0.01283	0.00579	0.00438	0.00145	0.00346	0.00481	0.00444	0.00687
40	0.00692	0.00471	0.00534	0.00514	0.00540	0.00483	0.00310	0.05877	0.00721	0.00966	0.01327	0.02650	0.01489	0.75550	0.05836	0.00411	0.00455	0.00603	0.00271	0.00298
41	0.00902	0.00790	0.00920	0.04928	0.01127	0.02127	0.00552	0.01097	0.00898	0.01382	0.00764	0.00904	0.00633	0.00327	0.00326	0.00069	0.00341	0.00262	0.00251	0.81400
42	0.09241	0.02895	0.06340	0.01133	0.05421	0.02658	0.11493	0.17491	0.12839	0.01648	0.00983	0.02795	0.00813	0.04999	0.00712	0.00161	0.17083	0.00421	0.00295	0.00579
43	0.00638	0.00526	0.04375	0.00694	0.00789	0.00447	0.02328	0.01987	0.00901	0.03415	0.02311	0.56613	0.06532	0.01207	0.00544	0.00173	0.00310	0.15428	0.00389	0.00394
44	0.00624	0.00472	0.00698	0.00693	0.00765	0.00552	0.00536	0.00769	0.00688	0.00993	0.01148	0.01725	0.01087	0.06916	0.77389	0.00667	0.03198	0.00467	0.00231	0.00381
45	0.02640	0.01118	0.01568	0.05697	0.52713	0.08059	0.02632	0.12287	0.06251	0.01576	0.00884	0.01071	0.00710	0.00422	0.00424	0.00129	0.00522	0.00382	0.00258	0.00659
46	0.56775	0.01190	0.00844	0.00749	0.01008	0.23152	0.00594	0.06845	0.02773	0.01746	0.00673	0.00764	0.00528	0.00424	0.00315	0.00127	0.00463	0.00261	0.00270	0.00498
47	0.00738	0.00523	0.00715	0.00775	0.00903	0.00503	0.00671	0.00932	0.00985	0.03235	0.02136	0.05985	0.02291	0.01101	0.00566	0.00185	0.00386	0.68938	0.00388	0.08043
48	0.02393	0.00508	0.00622	0.00584	0.00709	0.00495	0.00434	0.00982	0.07330	0.09789	0.23691	0.06101	0.18237	0.09825	0.09620	0.06829	0.00376	0.00674	0.00386	0.00419
49	0.01201	0.47982	0.03536	0.00922	0.02997	0.17198	0.00808	0.02854	0.04648	0.01108	0.00687	0.00818	0.00605	0.00494	0.01853	0.00123	0.11131	0.00282	0.00210	0.00543
50	0.00803	0.00401	0.00401	0.00401	0.00502	0.00401	0.00301	0.01004	0.00903	0.01606	0.01405	0.01606	0.01104	0.00502	0.00301	0.00100	0.00201	0.00401	0.87253	0.00401
51	0.00621	0.00424	0.00494	0.00519	0.00542	0.00421	0.00321	0.00696	0.03407	0.00985	0.01707	0.24396	0.03254	0.53443	0.01561	0.00322	0.00357	0.02002	0.04217	0.00309
52	0.00868	0.00708	0.01091	0.04529	0.28376	0.00707	0.02669	0.01118	0.04835	0.05582	0.18183	0.13781	0.05402	0.00755	0.00498	0.00147	0.01565	0.08315	0.00345	0.00527
53	0.01064	0.03252	0.06023	0.08298	0.29734	0.04448	0.23443	0.05187	0.04515	0.01398	0.00842	0.01082	0.00670	0.00432	0.00528	0.00139	0.07696	0.00411	0.00229	0.00609
54	0.01031	0.00888	0.00938	0.00844	0.01082	0.01014	0.00656	0.02154	0.74314	0.01764	0.03893	0.01753	0.05078	0.00611	0.00441	0.00144	0.00331	0.00510	0.00434	0.02122
55	0.00579	0.00412	0.00552	0.00596	0.00637	0.00418	0.00414	0.00663	0.00768	0.01045	0.05068	0.38792	0.03972	0.17331	0.22800	0.02572	0.00524	0.02187	0.00327	0.00342
56	0.02275	0.00831	0.01363	0.47242	0.22206	0.00940	0.03753	0.03045	0.03207	0.03097	0.00995	0.04305	0.02469	0.00487	0.00439	0.00141	0.00524	0.01904	0.00235	0.00541
57	0.01142	0.03218	0.01326	0.08157	0.21575	0.13940	0.05661	0.04138	0.21387	0.04874	0.02967	0.02825	0.01002	0.04373	0.00512	0.00147	0.00502	0.01353	0.00303	0.00596
58	0.01107	0.60717	0.21681	0.00869	0.01301	0.01515	0.00948	0.05397	0.00943	0.01186	0.00663	0.00762	0.00560	0.00386	0.00317	0.00105	0.00504	0.00260	0.00196	0.00582
59	0.87904	0.00833	0.00633	0.00566	0.00833	0.00966	0.00467	0.01266	0.00733	0.01933	0.00600	0.00700	0.00467	0.00400	0.00267	0.00133	0.00333	0.00233	0.00267	0.00467
60	0.00539	0.00426	0.00480	0.00490	0.00599	0.00373	0.00355	0.00659	0.00994	0.01266	0.21405	0.17685	0.47560	0.04496	0.00584	0.00159	0.00228	0.00922	0.00411	0.00367

[dist]
# distance from previous block
# <min> <max>
0	1

[block]
# block no. 1 follows, 61 sequences, length 26
# corresponding to MSA columns:
# 494-519
name=unknown_B
#
# <colnr> <probs for GDERKNQSTAVLIFYWHMCP>
#	G	D	E	R	K	N	Q	S	T	A	V	L	I	F	Y	W	H	M	C	P
0	0.00873	0.00827	0.01331	0.71533	0.09735	0.02633	0.01186	0.02913	0.00901	0.01161	0.00769	0.01127	0.00587	0.00436	0.00450	0.00142	0.02315	0.00381	0.00199	0.00502
1	0.87904	0.00833	0.00633	0.00566	0.00833	0.00966	0.00467	0.01266	0.00733	0.01933	0.00600	0.00700	0.00467	0.00400	0.00267	0.00133	0.00333	0.00233	0.00267	0.00467
2	0.00525	0.00375	0.00500	0.00600	0.00625	0.00350	0.00400	0.00600	0.00825	0.01100	0.02374	0.84580	0.02849	0.01350	0.00550	0.00175	0.00250	0.01225	0.00400	0.00350
3	0.00615	0.00462	0.00692	0.00692	0.00769	0.00538	0.00538	0.00769	0.00692	0.01000	0.01154	0.01692	0.01077	0.03231	0.83154	0.00692	0.01154	0.00462	0.00231	0.00385
4	0.01933	0.00733	0.01000	0.00766	0.01100	0.00633	0.00633	0.02099	0.01233	0.82473	0.01699	0.01466	0.01066	0.00533	0.00433	0.00133	0.00367	0.00433	0.00533	0.00733
5	0.87904	0.00833	0.00633	0.00566	0.00833	0.00966	0.00467	0.01266	0.00733	0.01933	0.00600	0.00700	0.00467	0.00400	0.00267	0.00133	0.00333	0.00233	0.00267	0.00467
6	0.01203	0.00991	0.01048	0.00903	0.01170	0.01133	0.00714	0.20479	0.62992	0.02014	0.01587	0.01474	0.01180	0.00569	0.00437	0.00142	0.00372	0.00464	0.00437	0.00694
7	0.00747	0.00560	0.00661	0.00633	0.00777	0.00557	0.00491	0.04080	0.14718	0.03943	0.31057	0.10007	0.19428	0.00925	0.00505	0.00149	0.00270	0.09594	0.00438	0.00460
8	0.00893	0.00766	0.00893	0.00638	0.01021	0.00574	0.00510	0.01085	0.00893	0.01404	0.00766	0.00893	0.00638	0.00319	0.00319	0.00064	0.00319	0.00255	0.00255	0.87495
9	0.01913	0.00764	0.01019	0.00781	0.01115	0.00680	0.00645	0.07308	0.01285	0.77190	0.01655	0.01438	0.01044	0.00532	0.00433	0.00133	0.00374	0.00430	0.00526	0.00733
10	0.00565	0.00423	0.00525	0.00542	0.00633	0.00384	0.00396	0.00709	0.01044	0.01399	0.37947	0.25990	0.22747	0.01073	0.00523	0.00151	0.00227	0.03909	0.00433	0.00380
11	0.00889	0.00514	0.00663	0.00605	0.00758	0.00470	0.00471	0.01088	0.02844	0.18334	0.44600	0.04542	0.11345	0.03415	0.00551	0.00151	0.00266	0.07562	0.00463	0.00469
12	0.01841	0.00754	0.00997	0.00778	0.01102	0.00680	0.00638	0.02120	0.09791	0.73860	0.01705	0.01481	0.01093	0.00539	0.00434	0.00135	0.00364	0.00439	0.00523	0.00728
13	0.04860	0.01925	0.01205	0.01083	0.01307	0.72976	0.00821	0.05954	0.01228	0.01177	0.00680	0.00793	0.00561	0.00456	0.00419	0.00115	0.03410	0.00285	0.00234	0.00510
14	0.00596	0.00440	0.00558	0.00528	0.00635	0.00401	0.00396	0.00787	0.01188	0.01653	0.71778	0.03339	0.14280	0.00908	0.00508	0.00137	0.00205	0.00796	0.00464	0.00401
15	0.04041	0.00741	0.00978	0.00770	0.01087	0.00668	0.00634	0.02051	0.06868	0.71974	0.01695	0.01571	0.01116	0.00555	0.00435	0.00136	0.00365	0.03088	0.00515	0.00711
16	0.00864	0.02228	0.82630	0.01228	0.01864	0.01000	0.01592	0.01364	0.00909	0.01364	0.00773	0.00909	0.00546	0.00409	0.00409	0.00136	0.00637	0.00318	0.00182	0.00637
17	0.01609	0.02053	0.01221	0.01110	0.01332	0.83132	0.00832	0.01720	0.01221	0.01054	0.00666	0.00777	0.00555	0.00444	0.00388	0.00111	0.00777	0.00277	0.00222	0.00499
18	0.01637	0.01207	0.01293	0.00991	0.01336	0.01336	0.00819	0.80738	0.02025	0.02715	0.01034	0.01034	0.00733	0.00517	0.00431	0.00129	0.00474	0.00388	0.00431	0.00733
19	0.00602	0.00440	0.00565	0.00534	0.00639	0.00403	0.00400	0.00798	0.01201	0.01685	0.76102	0.03288	0.09936	0.00896	0.00508	0.00136	0.00204	0.00789	0.00469	0.00403
20	0.00525	0.00375	0.00500	0.00600	0.00625	0.00350	0.00400	0.00600	0.00825	0.01100	0.02374	0.84580	0.02849	0.01350	0.00550	0.00175	0.00250	0.01225	0.00400	0.00350
21	0.00626	0.00418	0.00470	0.00470	0.00470	0.00418	0.00261	0.00626	0.00626	0.00835	0.01357	0.02819	0.01566	0.84862	0.02192	0.00418	0.00418	0.00626	0.00261	0.00261
22	0.01595	0.00657	0.00887	0.00732	0.00994	0.00580	0.00582	0.01767	0.03116	0.62216	0.01852	0.20130	0.01473	0.00718	0.00459	0.00143	0.00340	0.00612	0.00501	0.00646
23	0.13416	0.00679	0.00827	0.00664	0.00941	0.00631	0.00542	0.01761	0.01097	0.54900	0.01489	0.01390	0.00992	0.00509	0.00383	0.00127	0.00328	0.00399	0.18295	0.00629
24	0.00616	0.00460	0.00684	0.00684	0.00758	0.00534	0.00528	0.00764	0.00690	0.00994	0.01161	0.01733	0.01095	0.06184	0.80225	0.00682	0.01127	0.00467	0.00232	0.00380
25	0.87904	0.00833	0.00633	0.00566	0.00833	0.00966	0.00467	0.01266	0.00733	0.01933	0.00600	0.00700	0.00467	0.00400	0.00267	0.00133	0.00333	0.00233	0.00267	0.00467

[dist]
# distance from previous block
# <min> <max>
0	1

[block]
# block no. 2 follows, 61 sequences, length 8
# corresponding to MSA columns:
# 521-528
name=unknown_C
#
# <colnr> <probs for GDERKNQSTAVLIFYWHMCP>
#	G	D	E	R	K	N	Q	S	T	A	V	L	I	F	Y	W	H	M	C	P
0	0.00784	0.00405	0.00418	0.00415	0.00515	0.00402	0.00311	0.00985	0.00934	0.01618	0.09141	0.01761	0.01388	0.00538	0.00321	0.00104	0.00201	0.00438	0.78918	0.00402
1	0.01017	0.01162	0.02542	0.01816	0.02251	0.01089	0.80610	0.01380	0.01017	0.01380	0.00871	0.01162	0.00654	0.00363	0.00508	0.00145	0.00726	0.00508	0.00218	0.00581
2	0.01117	0.01113	0.01648	0.11791	0.53067	0.09381	0.06373	0.05368	0.03388	0.01411	0.00833	0.01067	0.00676	0.00407	0.00429	0.00130	0.00553	0.00384	0.00229	0.00636
3	0.02876	0.00584	0.00694	0.00616	0.00762	0.00571	0.00451	0.08730	0.03527	0.18359	0.13780	0.10331	0.07027	0.26317	0.00988	0.00224	0.00341	0.00643	0.02716	0.00463
4	0.00584	0.00445	0.00540	0.00533	0.00650	0.00401	0.00411	0.00753	0.01110	0.01479	0.45562	0.03731	0.31404	0.00990	0.00518	0.00146	0.00230	0.09684	0.00439	0.00390
5	0.04280	0.00794	0.01111	0.00913	0.03863	0.00756	0.08259	0.09935	0.04114	0.45139	0.03281	0.01582	0.01111	0.00546	0.00433	0.00135	0.00398	0.04402	0.08296	0.00652
6	0.00995	0.00920	0.01070	0.12394	0.10128	0.13960	0.00808	0.03207	0.02798	0.05115	0.01039	0.04471	0.00955	0.07715	0.18779	0.00286	0.11782	0.02839	0.00255	0.00482
7	0.02469	0.00482	0.00573	0.00572	0.00676	0.00466	0.00419	0.04518	0.02925	0.04716	0.20518	0.28170	0.11467	0.05722	0.00580	0.00162	0.00262	0.03286	0.11608	0.00411

[dist]
# distance from previous block
# <min> <max>
3	5

[block]
# block no. 3 follows, 61 sequences, length 12
# corresponding to MSA columns:
# 549-560
name=unknown_D
#
# <colnr> <probs for GDERKNQSTAVLIFYWHMCP>
#	G	D	E	R	K	N	Q	S	T	A	V	L	I	F	Y	W	H	M	C	P
0	0.01343	0.16885	0.01503	0.03923	0.17234	0.12094	0.00895	0.21958	0.09590	0.06571	0.00952	0.01029	0.00736	0.00466	0.00425	0.00124	0.02973	0.00356	0.00306	0.00637
1	0.00853	0.00647	0.00747	0.00696	0.02620	0.03341	0.00521	0.05005	0.12562	0.07000	0.44453	0.02688	0.12980	0.00796	0.00512	0.00138	0.02839	0.00675	0.00439	0.00489
2	0.03495	0.07275	0.35360	0.01500	0.23670	0.02652	0.01248	0.08762	0.05454	0.05280	0.00885	0.01005	0.00665	0.00425	0.00405	0.00130	0.00541	0.00348	0.00247	0.00652
3	0.01112	0.35477	0.21691	0.01161	0.03375	0.08380	0.17186	0.04616	0.00991	0.01255	0.00725	0.00870	0.00582	0.00390	0.00375	0.00118	0.00586	0.00322	0.00204	0.00585
4	0.00544	0.00392	0.00519	0.00615	0.00654	0.00368	0.00431	0.00635	0.00852	0.01125	0.02457	0.71490	0.06540	0.01319	0.00553	0.00176	0.00266	0.10311	0.00399	0.00356
5	0.09268	0.04428	0.01199	0.00922	0.01236	0.10138	0.00751	0.47234	0.12267	0.02207	0.01019	0.01031	0.00755	0.00491	0.00401	0.00125	0.00468	0.00362	0.00375	0.05325
6	0.01089	0.00731	0.00845	0.00747	0.00960	0.00753	0.00589	0.14091	0.20918	0.14559	0.08041	0.12175	0.11393	0.02117	0.00501	0.00151	0.00335	0.07028	0.00435	0.02542
7	0.00615	0.00454	0.00544	0.00572	0.00636	0.00445	0.00393	0.00794	0.07703	0.01190	0.13050	0.32843	0.10977	0.23212	0.00966	0.00229	0.00299	0.04337	0.00376	0.00366
8	0.44883	0.04461	0.09468	0.00890	0.01237	0.01073	0.11037	0.16279	0.01055	0.04878	0.00775	0.00872	0.00574	0.00422	0.00350	0.00133	0.00448	0.00314	0.00289	0.00562
9	0.01505	0.01884	0.01192	0.01084	0.01283	0.72911	0.00820	0.01618	0.01153	0.01050	0.00692	0.00846	0.00589	0.00644	0.05834	0.00153	0.05736	0.00295	0.00221	0.00490
10	0.06537	0.00719	0.00952	0.00741	0.01055	0.00637	0.00609	0.01970	0.01205	0.72826	0.06860	0.01538	0.01229	0.00548	0.00429	0.00133	0.00354	0.00445	0.00515	0.00697
11	0.00979	0.00704	0.00776	0.00699	0.00860	0.00768	0.00532	0.14885	0.25313	0.01648	0.05628	0.01924	0.01370	0.13319	0.00804	0.08353	0.00349	0.04779	0.15809	0.00501

[dist]
# distance from previous block
# <min> <max>
0	26

[block]
# block no. 4 follows, 61 sequences, length 10
# corresponding to MSA columns:
# 587-596
name=unknown_E
#
# <colnr> <probs for GDERKNQSTAVLIFYWHMCP>
#	G	D	E	R	K	N	Q	S	T	A	V	L	I	F	Y	W	H	M	C	P
0	0.01837	0.00887	0.01095	0.00839	0.01176	0.00861	0.00693	0.27624	0.01490	0.56585	0.01483	0.01326	0.00958	0.00528	0.00432	0.00132	0.00401	0.00418	0.00500	0.00733
1	0.87904	0.00833	0.00633	0.00566	0.00833	0.00966	0.00467	0.01266	0.00733	0.01933	0.00600	0.00700	0.00467	0.00400	0.00267	0.00133	0.00333	0.00233	0.00267	0.00467
2	0.00717	0.00473	0.00541	0.00543	0.00598	0.00478	0.00358	0.07865	0.00856	0.01210	0.01630	0.26075	0.01784	0.38962	0.01241	0.00268	0.00338	0.00740	0.14972	0.00353
3	0.00750	0.00524	0.00645	0.00599	0.00745	0.00452	0.00426	0.00852	0.00833	0.06434	0.01642	0.34849	0.01805	0.19124	0.00834	0.00194	0.00318	0.03106	0.00337	0.25532
4	0.26769	0.00762	0.00894	0.00709	0.01023	0.00729	0.00585	0.01859	0.01089	0.59205	0.01382	0.01245	0.00893	0.00495	0.00385	0.00133	0.00357	0.00375	0.00456	0.00656
5	0.26716	0.00847	0.00946	0.00749	0.01065	0.00855	0.00618	0.15963	0.01231	0.44900	0.01262	0.01167	0.00833	0.00492	0.00385	0.00133	0.00376	0.00367	0.00438	0.00656
6	0.00641	0.00418	0.00471	0.00468	0.00484	0.00415	0.00274	0.00672	0.00690	0.00962	0.06609	0.02736	0.01687	0.71830	0.01913	0.00371	0.00384	0.00616	0.08074	0.00283
7	0.00597	0.00405	0.00478	0.00507	0.00515	0.00398	0.00301	0.00619	0.00684	0.00912	0.01651	0.26439	0.01937	0.60736	0.01718	0.00348	0.00369	0.00799	0.00301	0.00287
8	0.01316	0.00966	0.01064	0.00878	0.01130	0.01051	0.00698	0.57587	0.01678	0.02248	0.01421	0.25170	0.01344	0.00758	0.00465	0.00142	0.00409	0.00630	0.00422	0.00622
9	0.01214	0.00936	0.00991	0.00811	0.01081	0.01010	0.00653	0.44109	0.15365	0.02110	0.02120	0.02031	0.24310	0.00694	0.00455	0.00137	0.00377	0.00555	0.00423	0.00617

[dist]
# distance from previous block
# <min> <max>
0	1

[block]
# block no. 5 follows, 61 sequences, length 22
# corresponding to MSA columns:
# 598-604,611-625
name=unknown_F
#
# <colnr> <probs for GDERKNQSTAVLIFYWHMCP>
#	G	D	E	R	K	N	Q	S	T	A	V	L	I	F	Y	W	H	M	C	P
0	0.00635	0.00490	0.00624	0.00625	0.00649	0.00537	0.00434	0.00697	0.00763	0.01043	0.07864	0.30820	0.06028	0.31889	0.01288	0.00262	0.13872	0.00818	0.00320	0.00342
1	0.01316	0.00833	0.00959	0.00815	0.01081	0.00882	0.00646	0.04469	0.46386	0.26821	0.08047	0.01661	0.01426	0.00585	0.00440	0.00139	0.00342	0.00486	0.00467	0.02199
2	0.00523	0.00382	0.00493	0.00581	0.00620	0.00351	0.00392	0.00602	0.00843	0.01107	0.02602	0.75383	0.11899	0.01320	0.00545	0.00172	0.00246	0.01189	0.00400	0.00351
3	0.00831	0.00486	0.00509	0.00463	0.00617	0.00463	0.00354	0.01081	0.04895	0.01583	0.01319	0.01491	0.01039	0.00476	0.00311	0.00097	0.00227	0.00382	0.68866	0.14510
4	0.00893	0.00766	0.00893	0.00638	0.01021	0.00574	0.00510	0.01085	0.00893	0.01404	0.00766	0.00893	0.00638	0.00319	0.00319	0.00064	0.00319	0.00255	0.00255	0.87495
5	0.01023	0.00827	0.00898	0.00827	0.01039	0.00934	0.00634	0.02007	0.64668	0.05400	0.01851	0.15028	0.01552	0.00706	0.00456	0.00150	0.00327	0.00604	0.00436	0.00630
6	0.00985	0.02200	0.69455	0.01209	0.01778	0.14292	0.01469	0.01422	0.00960	0.01314	0.00756	0.00888	0.00547	0.00415	0.00406	0.00132	0.00659	0.00312	0.00188	0.00614
7	0.00561	0.00375	0.00510	0.00594	0.00614	0.00354	0.00396	0.00594	0.00782	0.01043	0.02111	0.71104	0.02509	0.01373	0.00733	0.14302	0.00270	0.01087	0.00365	0.00324
8	0.00713	0.00558	0.00606	0.00557	0.00719	0.00529	0.00427	0.13622	0.01189	0.01523	0.19185	0.08130	0.48703	0.00971	0.00499	0.00143	0.00258	0.00817	0.00420	0.00431
9	0.01159	0.01053	0.01675	0.02376	0.69092	0.01074	0.01241	0.14174	0.01150	0.01619	0.00846	0.01061	0.00690	0.00405	0.00427	0.00128	0.00506	0.00384	0.00248	0.00690
10	0.00951	0.00460	0.00513	0.00473	0.00614	0.00437	0.00364	0.01139	0.00984	0.14669	0.07229	0.01882	0.07289	0.00577	0.00352	0.00111	0.00229	0.00470	0.60803	0.00453
11	0.01116	0.01190	0.01776	0.11265	0.43789	0.14318	0.17580	0.01374	0.01014	0.01310	0.00795	0.01048	0.00644	0.00394	0.00438	0.00130	0.00606	0.00392	0.00213	0.00609
12	0.00561	0.00409	0.00561	0.00621	0.00656	0.00387	0.02735	0.00637	0.00804	0.01071	0.02163	0.66285	0.02565	0.14830	0.00816	0.00214	0.00296	0.03673	0.00372	0.00344
13	0.01017	0.01162	0.02542	0.01816	0.02251	0.01089	0.80610	0.01380	0.01017	0.01380	0.00871	0.01162	0.00654	0.00363	0.00508	0.00145	0.00726	0.00508	0.00218	0.00581
14	0.01933	0.00733	0.01000	0.00766	0.01100	0.00633	0.00633	0.02099	0.01233	0.82473	0.01699	0.01466	0.01066	0.00533	0.00433	0.00133	0.00367	0.00433	0.00533	0.00733
15	0.04792	0.00497	0.00650	0.00693	0.00808	0.00479	0.00556	0.00946	0.00959	0.11137	0.03537	0.29478	0.07105	0.01114	0.00539	0.00176	0.00330	0.35372	0.00410	0.00424
16	0.00847	0.00810	0.01292	0.59948	0.06344	0.02552	0.02840	0.01092	0.00837	0.01100	0.00778	0.01186	0.00632	0.03133	0.04251	0.00180	0.11108	0.00394	0.00197	0.00479
17	0.00864	0.02228	0.82630	0.01228	0.01864	0.01000	0.01592	0.01364	0.00909	0.01364	0.00773	0.00909	0.00546	0.00409	0.00409	0.00136	0.00637	0.00318	0.00182	0.00637
18	0.00714	0.00615	0.04962	0.00699	0.00843	0.00551	0.00586	0.03601	0.09003	0.01546	0.34755	0.12299	0.04510	0.00956	0.00522	0.00158	0.00307	0.22502	0.00423	0.00446
19	0.02421	0.01265	0.13376	0.02772	0.11749	0.10065	0.19674	0.02553	0.00984	0.10720	0.00979	0.02699	0.02689	0.00511	0.00618	0.00144	0.15522	0.00423	0.00255	0.00580
20	0.03461	0.01187	0.08375	0.01254	0.13366	0.16968	0.09951	0.06450	0.05589	0.04743	0.05476	0.07266	0.05564	0.00642	0.01382	0.00145	0.01615	0.05713	0.00302	0.00551
21	0.03432	0.01151	0.10564	0.03381	0.03981	0.01914	0.36321	0.10348	0.07691	0.04290	0.01055	0.03040	0.00837	0.02495	0.01509	0.00155	0.01956	0.02164	0.03128	0.00587

[dist]
# distance from previous block
# <min> <max>
1	83

[block]
# block no. 6 follows, 61 sequences, length 15
# corresponding to MSA columns:
# 709-723
name=unknown_G
#
# <colnr> <probs for GDERKNQSTAVLIFYWHMCP>
#	G	D	E	R	K	N	Q	S	T	A	V	L	I	F	Y	W	H	M	C	P
0	0.00966	0.00947	0.02904	0.21155	0.19162	0.07173	0.08605	0.01235	0.05038	0.03584	0.01088	0.06162	0.03365	0.05162	0.02492	0.00167	0.06225	0.00468	0.00249	0.03854
1	0.07033	0.00498	0.00562	0.04304	0.00767	0.00477	0.00439	0.00805	0.03777	0.01361	0.19614	0.10173	0.40781	0.00978	0.00495	0.00149	0.00260	0.06733	0.00397	0.00398
2	0.43797	0.01024	0.00875	0.00762	0.01029	0.08601	0.00609	0.12856	0.23204	0.01927	0.00986	0.01004	0.00746	0.00471	0.00348	0.00134	0.00396	0.00329	0.00333	0.00567
3	0.08921	0.00773	0.00867	0.00651	0.00990	0.00652	0.00520	0.07368	0.00990	0.01572	0.06809	0.03233	0.00940	0.00410	0.00343	0.00084	0.00322	0.00328	0.00290	0.63936
4	0.02853	0.00435	0.00579	0.00581	0.00620	0.00448	0.00402	0.02522	0.00723	0.01006	0.07366	0.10545	0.01484	0.18847	0.13119	0.34364	0.00471	0.03078	0.00267	0.00291
5	0.06376	0.03262	0.03616	0.12740	0.18761	0.03935	0.17637	0.09727	0.11732	0.05520	0.00982	0.01138	0.00744	0.00441	0.00443	0.00136	0.01507	0.00408	0.00281	0.00615
6	0.00539	0.00385	0.00514	0.00604	0.00638	0.00361	0.00414	0.00629	0.00861	0.01155	0.08247	0.74921	0.02922	0.01308	0.00549	0.00173	0.00253	0.04766	0.00405	0.00356
7	0.01091	0.00902	0.00963	0.00859	0.01101	0.01030	0.00670	0.04482	0.72341	0.04404	0.05921	0.01670	0.01434	0.00596	0.00442	0.00145	0.00338	0.00498	0.00443	0.00671
8	0.05040	0.00987	0.01568	0.22237	0.32403	0.03746	0.11658	0.05978	0.02155	0.08747	0.00899	0.01115	0.00684	0.00419	0.00431	0.00135	0.00539	0.00396	0.00256	0.00610
9	0.01011	0.10075	0.05833	0.03401	0.09656	0.04329	0.41464	0.03082	0.00991	0.01314	0.00997	0.01348	0.03190	0.00579	0.04244	0.00164	0.03475	0.04056	0.00230	0.00561
10	0.00515	0.00437	0.00444	0.00442	0.00585	0.00366	0.00332	0.00629	0.00995	0.01195	0.08621	0.04095	0.77723	0.01079	0.00509	0.00145	0.00217	0.00902	0.00404	0.00366
11	0.00577	0.00409	0.00513	0.00558	0.00612	0.00387	0.00387	0.00659	0.00849	0.01130	0.10111	0.37610	0.14502	0.14438	0.04796	0.04186	0.00323	0.05259	0.02352	0.00342
12	0.00990	0.00928	0.03428	0.41484	0.30601	0.02826	0.03021	0.01254	0.00934	0.05890	0.00880	0.01160	0.01772	0.00435	0.00455	0.00138	0.02618	0.00392	0.00223	0.00570
13	0.01030	0.01366	0.25750	0.05634	0.02798	0.02996	0.14272	0.03419	0.24031	0.04752	0.01125	0.01267	0.00852	0.00501	0.00514	0.00145	0.06708	0.01933	0.00288	0.00618
14	0.00982	0.08446	0.38463	0.01178	0.01607	0.04728	0.13407	0.04506	0.00946	0.03620	0.00837	0.01043	0.00652	0.00778	0.10588	0.00204	0.06853	0.00366	0.00216	0.00579

[dist]
# distance from previous block
# <min> <max>
0	49

[block]
# block no. 7 follows, 61 sequences, length 79
# corresponding to MSA columns:
# 773-806,810-830,834-857
name=unknown_H
#
# <colnr> <probs for GDERKNQSTAVLIFYWHMCP>
#	G	D	E	R	K	N	Q	S	T	A	V	L	I	F	Y	W	H	M	C	P
0	0.87904	0.00833	0.00633	0.00566	0.00833	0.00966	0.00467	0.01266	0.00733	0.01933	0.00600	0.00700	0.00467	0.00400	0.00267	0.00133	0.00333	0.00233	0.00267	0.00467
1	0.00566	0.00445	0.00502	0.00496	0.00613	0.00389	0.00360	0.00685	0.00973	0.01254	0.20186	0.11965	0.42943	0.10417	0.00695	0.00174	0.00249	0.02500	0.00394	0.04196
2	0.05184	0.00883	0.01413	0.24649	0.19298	0.00910	0.12562	0.03240	0.05644	0.01393	0.02398	0.04112	0.00808	0.00442	0.00420	0.00127	0.00493	0.00416	0.00248	0.15361
3	0.87904	0.00833	0.00633	0.00566	0.00833	0.00966	0.00467	0.01266	0.00733	0.01933	0.00600	0.00700	0.00467	0.00400	0.00267	0.00133	0.00333	0.00233	0.00267	0.00467
4	0.00575	0.00405	0.00531	0.00612	0.00646	0.00389	0.00429	0.00659	0.00820	0.01087	0.02172	0.54861	0.02547	0.16507	0.00857	0.00223	0.00308	0.15656	0.00374	0.00342
5	0.00626	0.00421	0.00486	0.00486	0.00492	0.00426	0.00281	0.00637	0.00631	0.00847	0.01342	0.02736	0.01530	0.78876	0.08129	0.00438	0.00472	0.00614	0.00259	0.00270
6	0.00886	0.00838	0.01287	0.62763	0.06113	0.03150	0.02760	0.02292	0.09279	0.01226	0.02755	0.01225	0.00740	0.00463	0.00456	0.00143	0.02479	0.00403	0.00229	0.00513
7	0.87904	0.00833	0.00633	0.00566	0.00833	0.00966	0.00467	0.01266	0.00733	0.01933	0.00600	0.00700	0.00467	0.00400	0.00267	0.00133	0.00333	0.00233	0.00267	0.00467
8	0.00527	0.00378	0.00497	0.00590	0.00619	0.00352	0.00393	0.00601	0.00825	0.01095	0.02423	0.79316	0.05847	0.03570	0.00592	0.00180	0.00253	0.01197	0.00396	0.00348
9	0.14420	0.00952	0.04877	0.00787	0.01040	0.04288	0.00653	0.19933	0.20549	0.03249	0.16979	0.03441	0.05806	0.00625	0.00426	0.00137	0.00368	0.00501	0.00395	0.00575
10	0.01376	0.01018	0.01128	0.00867	0.01208	0.01039	0.00713	0.48691	0.03469	0.05615	0.01062	0.01212	0.00818	0.00495	0.00407	0.00114	0.00418	0.04204	0.00383	0.25762
11	0.01071	0.00925	0.00974	0.00877	0.01120	0.01071	0.00682	0.02289	0.81396	0.01802	0.01753	0.01607	0.01315	0.00584	0.00438	0.00146	0.00341	0.00487	0.00438	0.00682
12	0.00546	0.00422	0.00465	0.00479	0.00568	0.00377	0.00330	0.00632	0.00892	0.01120	0.09207	0.16894	0.44710	0.20375	0.00903	0.00212	0.00268	0.00886	0.00374	0.00341
13	0.03290	0.00645	0.00870	0.00737	0.00988	0.00580	0.00610	0.01655	0.01165	0.53102	0.11640	0.03762	0.01737	0.00720	0.00474	0.00147	0.00350	0.16424	0.00491	0.00613
14	0.00813	0.00766	0.01292	0.83826	0.02967	0.00957	0.01196	0.01101	0.00861	0.01101	0.00766	0.01148	0.00574	0.00431	0.00431	0.00144	0.00574	0.00383	0.00191	0.00479
15	0.00864	0.02228	0.82630	0.01228	0.01864	0.01000	0.01592	0.01364	0.00909	0.01364	0.00773	0.00909	0.00546	0.00409	0.00409	0.00136	0.00637	0.00318	0.00182	0.00637
16	0.00694	0.00496	0.00694	0.00793	0.00892	0.00496	0.00694	0.00892	0.00992	0.01289	0.02281	0.04859	0.02479	0.01190	0.00595	0.00198	0.00397	0.79275	0.00397	0.00397
17	0.00893	0.00766	0.00893	0.00638	0.01021	0.00574	0.00510	0.01085	0.00893	0.01404	0.00766	0.00893	0.00638	0.00319	0.00319	0.00064	0.00319	0.00255	0.00255	0.87495
18	0.83694	0.00851	0.00665	0.00587	0.00858	0.00984	0.00484	0.05145	0.00796	0.01971	0.00621	0.00716	0.00479	0.00406	0.00275	0.00133	0.00340	0.00241	0.00275	0.00479
19	0.00615	0.00462	0.00692	0.00692	0.00769	0.00538	0.00538	0.00769	0.00692	0.01000	0.01154	0.01692	0.01077	0.03231	0.83154	0.00692	0.01154	0.00462	0.00231	0.00385
20	0.00626	0.00418	0.00470	0.00470	0.00470	0.00418	0.00261	0.00626	0.00626	0.00835	0.01357	0.02819	0.01566	0.84862	0.02192	0.00418	0.00418	0.00626	0.00261	0.00261
21	0.00643	0.00418	0.00480	0.00477	0.00507	0.00412	0.00294	0.00703	0.00764	0.01085	0.14937	0.04650	0.01960	0.58588	0.01642	0.00326	0.00351	0.00639	0.10820	0.00305
22	0.00626	0.00418	0.00470	0.00470	0.00470	0.00418	0.00261	0.00626	0.00626	0.00835	0.01357	0.02819	0.01566	0.84862	0.02192	0.00418	0.00418	0.00626	0.00261	0.00261
23	0.00626	0.00418	0.00470	0.00470	0.00470	0.00418	0.00261	0.00626	0.00626	0.00835	0.01357	0.02819	0.01566	0.84862	0.02192	0.00418	0.00418	0.00626	0.00261	0.00261
24	0.84611	0.00829	0.00647	0.00574	0.00843	0.00954	0.00473	0.01298	0.00752	0.05018	0.00642	0.00729	0.00489	0.00405	0.00273	0.00133	0.00334	0.00241	0.00277	0.00477
25	0.67446	0.00846	0.00727	0.00627	0.00897	0.00955	0.00514	0.09071	0.02784	0.07408	0.04713	0.00928	0.00728	0.00448	0.00310	0.00133	0.00343	0.00294	0.00315	0.00512
26	0.00615	0.00462	0.00692	0.00692	0.00769	0.00538	0.00538	0.00769	0.00692	0.01000	0.01154	0.01692	0.01077	0.03231	0.83154	0.00692	0.01154	0.00462	0.00231	0.00385
27	0.00864	0.02228	0.82630	0.01228	0.01864	0.01000	0.01592	0.01364	0.00909	0.01364	0.00773	0.00909	0.00546	0.00409	0.00409	0.00136	0.00637	0.00318	0.00182	0.00637
28	0.42740	0.00710	0.00728	0.00638	0.00872	0.00744	0.01676	0.01341	0.02582	0.21384	0.04982	0.12365	0.04348	0.00637	0.00406	0.02169	0.00327	0.00478	0.00365	0.00509
29	0.01130	0.00906	0.00974	0.00860	0.01108	0.01028	0.00673	0.06561	0.68423	0.06532	0.05624	0.01646	0.01402	0.00592	0.00441	0.00144	0.00343	0.00493	0.00445	0.00674
30	0.00829	0.00782	0.01320	0.78812	0.07859	0.00961	0.01204	0.01114	0.00869	0.01120	0.00768	0.01143	0.00581	0.00428	0.00430	0.00143	0.00570	0.00383	0.00193	0.00491
31	0.02020	0.05792	0.49182	0.01106	0.01583	0.00955	0.07087	0.01402	0.08619	0.05094	0.04353	0.04458	0.00960	0.00567	0.02148	0.00151	0.00560	0.03109	0.00255	0.00601
32	0.00638	0.00411	0.00543	0.00612	0.00660	0.00385	0.00423	0.00721	0.00845	0.06401	0.02229	0.65996	0.02588	0.09018	0.00697	0.00196	0.00283	0.06588	0.00395	0.00370
33	0.00535	0.00383	0.00501	0.00590	0.00621	0.00359	0.00396	0.00610	0.00823	0.01091	0.02389	0.73977	0.06002	0.06580	0.00653	0.00190	0.00263	0.03300	0.00391	0.00346
34	0.01418	0.00793	0.01072	0.13818	0.07688	0.00809	0.00771	0.03597	0.18402	0.39098	0.04763	0.01482	0.01130	0.00530	0.00433	0.00136	0.00396	0.00445	0.02562	0.00657
35	0.01079	0.00948	0.02553	0.10421	0.36582	0.02891	0.04360	0.03073	0.01976	0.08094	0.01885	0.01129	0.01693	0.00406	0.00406	0.00116	0.00468	0.00371	0.00260	0.21288
36	0.01019	0.02383	0.07499	0.00892	0.08171	0.03952	0.00694	0.02172	0.00962	0.07525	0.02734	0.01001	0.00743	0.00369	0.00352	0.00085	0.00384	0.00299	0.00271	0.58492
37	0.65471	0.08762	0.02681	0.00672	0.00943	0.08789	0.00571	0.01322	0.02095	0.01720	0.00627	0.00734	0.00502	0.00416	0.00324	0.00130	0.03256	0.00248	0.00253	0.00485
38	0.04600	0.01161	0.09856	0.08848	0.09191	0.01018	0.51024	0.01314	0.00984	0.01398	0.04168	0.01201	0.00779	0.00400	0.00471	0.00141	0.00638	0.00466	0.01771	0.00571
39	0.01351	0.01098	0.01206	0.01110	0.10246	0.05955	0.00803	0.35043	0.21811	0.04919	0.01159	0.01167	0.00864	0.00498	0.00431	0.00126	0.01550	0.00393	0.00378	0.09893
40	0.01003	0.00959	0.01634	0.23022	0.62293	0.01007	0.01290	0.01266	0.00951	0.01330	0.00799	0.01087	0.00655	0.00396	0.00428	0.00132	0.00527	0.00384	0.00208	0.00631
41	0.01123	0.48514	0.27903	0.00929	0.01377	0.04386	0.02077	0.03039	0.00942	0.05144	0.00724	0.00815	0.00581	0.00395	0.00337	0.00111	0.00528	0.00277	0.00208	0.00591
42	0.01100	0.62801	0.18641	0.00924	0.04588	0.03424	0.00938	0.01316	0.00895	0.01102	0.00645	0.00753	0.00557	0.00379	0.00312	0.00103	0.00506	0.00256	0.00186	0.00574
43	0.00561	0.00428	0.00433	0.00436	0.00570	0.00370	0.00325	0.00684	0.00962	0.01238	0.03776	0.06718	0.65008	0.00998	0.00475	0.00139	0.00216	0.00833	0.15459	0.00370
44	0.87904	0.00833	0.00633	0.00566	0.00833	0.00966	0.00467	0.01266	0.00733	0.01933	0.00600	0.00700	0.00467	0.00400	0.00267	0.00133	0.00333	0.00233	0.00267	0.00467
45	0.00886	0.00553	0.00705	0.00609	0.00785	0.00473	0.00447	0.00950	0.00840	0.11370	0.05581	0.16085	0.01374	0.08418	0.00869	0.20408	0.00328	0.00537	0.00312	0.28469
46	0.03831	0.00593	0.00947	0.00837	0.00974	0.00570	0.16400	0.04083	0.00928	0.01281	0.08384	0.45235	0.04852	0.07182	0.00656	0.01205	0.00366	0.00911	0.00353	0.00412
47	0.09840	0.00918	0.01403	0.23484	0.40378	0.02660	0.01098	0.01373	0.00964	0.12502	0.00896	0.01100	0.00682	0.00419	0.00412	0.00133	0.00496	0.00373	0.00257	0.00610
48	0.01048	0.00905	0.00952	0.00859	0.01098	0.01042	0.00667	0.02220	0.78101	0.01776	0.01860	0.01711	0.04622	0.00605	0.00441	0.00146	0.00336	0.00504	0.00437	0.00669
49	0.00705	0.00514	0.00698	0.00784	0.00892	0.00519	0.00679	0.00950	0.04916	0.01309	0.02335	0.04673	0.05469	0.01157	0.00584	0.00194	0.00387	0.72427	0.00399	0.00409
50	0.00757	0.00483	0.00587	0.00551	0.00686	0.00437	0.00415	0.00923	0.02563	0.11682	0.33359	0.06591	0.27032	0.08012	0.00645	0.00166	0.00259	0.03992	0.00434	0.00425
51	0.01919	0.00755	0.01013	0.00777	0.01110	0.00665	0.00642	0.05689	0.01269	0.78832	0.01669	0.01446	0.01051	0.00532	0.00433	0.00133	0.00371	0.00431	0.00528	0.00733
52	0.87904	0.00833	0.00633	0.00566	0.00833	0.00966	0.00467	0.01266	0.00733	0.01933	0.00600	0.00700	0.00467	0.00400	0.00267	0.00133	0.00333	0.00233	0.00267	0.00467
53	0.08121	0.00772	0.00993	0.00767	0.01096	0.00704	0.00633	0.07271	0.01250	0.71351	0.01576	0.01382	0.01001	0.00522	0.00421	0.00133	0.00371	0.00416	0.00507	0.00714
54	0.00754	0.00482	0.00613	0.00561	0.00691	0.00442	0.00424	0.02381	0.01182	0.10000	0.59598	0.04964	0.11709	0.03610	0.00555	0.00146	0.00235	0.00755	0.00463	0.00436
55	0.86086	0.00841	0.00647	0.00575	0.00844	0.00974	0.00474	0.02941	0.00760	0.01949	0.00609	0.00707	0.00472	0.00402	0.00270	0.00133	0.00336	0.00237	0.00270	0.00472
56	0.87904	0.00833	0.00633	0.00566	0.00833	0.00966	0.00467	0.01266	0.00733	0.01933	0.00600	0.00700	0.00467	0.00400	0.00267	0.00133	0.00333	0.00233	0.00267	0.00467
57	0.02490	0.00570	0.00675	0.00637	0.00788	0.00561	0.00490	0.06657	0.09458	0.08914	0.24527	0.17252	0.16863	0.00921	0.00495	0.00149	0.00279	0.06348	0.01457	0.00470
58	0.00929	0.00594	0.00717	0.00642	0.00812	0.00578	0.00505	0.11985	0.03351	0.11938	0.35124	0.06785	0.12710	0.00833	0.00485	0.00141	0.00283	0.06458	0.04641	0.00491
59	0.00559	0.00389	0.00490	0.00556	0.00573	0.00372	0.00354	0.00609	0.00759	0.01012	0.02035	0.57335	0.02421	0.29178	0.01097	0.00256	0.00306	0.01025	0.00354	0.00320
60	0.00748	0.00374	0.00561	0.00561	0.00561	0.00374	0.00374	0.00561	0.00561	0.00748	0.00748	0.01309	0.00748	0.01496	0.01684	0.87467	0.00374	0.00374	0.00187	0.00187
61	0.02573	0.00702	0.00764	0.00734	0.00901	0.00772	0.00551	0.01581	0.46153	0.01549	0.04711	0.24627	0.08792	0.00842	0.00471	0.00152	0.00297	0.00728	0.02557	0.00543
62	0.00838	0.00560	0.00694	0.00628	0.00775	0.00548	0.00484	0.08473	0.05846	0.08360	0.53984	0.08183	0.04140	0.00838	0.00493	0.00139	0.00258	0.02677	0.01605	0.00475
63	0.00679	0.00574	0.00600	0.00570	0.00736	0.00568	0.00432	0.01106	0.23701	0.01383	0.09909	0.03323	0.51060	0.02783	0.00526	0.00151	0.00256	0.00773	0.00414	0.00455
64	0.00624	0.00426	0.00513	0.00513	0.00528	0.00441	0.00315	0.00654	0.00639	0.00867	0.01317	0.02598	0.01470	0.68883	0.18040	0.00471	0.00562	0.00594	0.00255	0.00285
65	0.00893	0.00766	0.00893	0.00638	0.01021	0.00574	0.00510	0.01085	0.00893	0.01404	0.00766	0.00893	0.00638	0.00319	0.00319	0.00064	0.00319	0.00255	0.00255	0.87495
66	0.01556	0.00695	0.00903	0.00725	0.00993	0.00637	0.00581	0.06250	0.04808	0.54809	0.13376	0.03417	0.03161	0.05389	0.00548	0.00151	0.00345	0.00519	0.00494	0.00642
67	0.01152	0.85121	0.02257	0.00737	0.01106	0.01704	0.00737	0.01290	0.00875	0.01013	0.00599	0.00691	0.00553	0.00369	0.00276	0.00092	0.00461	0.00230	0.00184	0.00553
68	0.00603	0.00435	0.00570	0.00546	0.00642	0.00402	0.00406	0.00796	0.01189	0.01679	0.75813	0.09490	0.03971	0.00917	0.00511	0.00139	0.00207	0.00813	0.00468	0.00402
69	0.00684	0.00464	0.00558	0.00521	0.00659	0.00409	0.00395	0.00848	0.01129	0.08391	0.45358	0.03424	0.33695	0.00932	0.00502	0.00139	0.00223	0.00799	0.00451	0.00418
70	0.01066	0.01023	0.01748	0.02644	0.82174	0.01023	0.01322	0.01322	0.00981	0.01407	0.00810	0.01066	0.00682	0.00384	0.00426	0.00128	0.00512	0.00384	0.00213	0.00682
71	0.01637	0.01207	0.01293	0.00991	0.01336	0.01336	0.00819	0.80738	0.02025	0.02715	0.01034	0.01034	0.00733	0.00517	0.00431	0.00129	0.00474	0.00388	0.00431	0.00733
72	0.00813	0.00766	0.01292	0.83826	0.02967	0.00957	0.01196	0.01101	0.00861	0.01101	0.00766	0.01148	0.00574	0.00431	0.00431	0.00144	0.00574	0.00383	0.00191	0.00479
73	0.00548	0.00452	0.00484	0.00481	0.00615	0.00397	0.00358	0.00713	0.04093	0.01278	0.17035	0.08684	0.61247	0.01052	0.00509	0.00146	0.00222	0.00890	0.00414	0.00382
74	0.01017	0.01162	0.02542	0.01816	0.02251	0.01089	0.80610	0.01380	0.01017	0.01380	0.00871	0.01162	0.00654	0.00363	0.00508	0.00145	0.00726	0.00508	0.00218	0.00581
75	0.00626	0.00444	0.00563	0.00536	0.00646	0.00404	0.00401	0.00809	0.01166	0.03772	0.64788	0.07275	0.15108	0.00924	0.00508	0.00139	0.00212	0.00810	0.00461	0.00406
76	0.02990	0.06822	0.01658	0.01380	0.12123	0.10112	0.21738	0.23047	0.06434	0.03058	0.00978	0.01164	0.00763	0.00498	0.01655	0.00139	0.00567	0.02146	0.02107	0.00621
77	0.06507	0.05767	0.02766	0.02992	0.02755	0.49410	0.00832	0.16083	0.04362	0.01448	0.00772	0.00867	0.00614	0.00462	0.00413	0.00119	0.02700	0.00308	0.00267	0.00554
78	0.00789	0.00602	0.00863	0.01981	0.11026	0.00590	0.04491	0.06120	0.04075	0.05300	0.06798	0.45494	0.06969	0.01000	0.00509	0.00157	0.00331	0.02060	0.00379	0.00466
