[name]
unknown

[dist]
# distance from previous block
# <min> <max>
4	90

[block]
# block no. 0 follows, 61 sequences, length 42
# corresponding to MSA columns:
# 118-145,147-160
name=unknown_A
#
# <colnr> <probs for GDERKNQSTAVLIFYWHMCP>
#	G	D	E	R	K	N	Q	S	T	A	V	L	I	F	Y	W	H	M	C	P
0	0.14087	0.07160	0.03837	0.02403	0.01403	0.13187	0.15909	0.14889	0.12521	0.01670	0.00920	0.01014	0.00705	0.00437	0.00395	0.00125	0.00519	0.00361	0.00292	0.08169
1	0.03804	0.07688	0.06720	0.05364	0.01530	0.08189	0.17473	0.19158	0.09185	0.04847	0.02036	0.02785	0.00807	0.00464	0.00420	0.00127	0.00524	0.00404	0.00305	0.08169
2	0.04773	0.05544	0.05543	0.03938	0.01385	0.07208	0.13365	0.10197	0.10607	0.05756	0.04166	0.01140	0.00864	0.00437	0.00398	0.00115	0.00470	0.00375	0.00301	0.23419
3	0.08712	0.01055	0.04992	0.02636	0.01467	0.05401	0.23699	0.06703	0.14495	0.06850	0.06702	0.01283	0.01003	0.00475	0.00458	0.00132	0.02882	0.00432	0.00313	0.10310
4	0.00985	0.00845	0.01127	0.14153	0.03155	0.03883	0.08189	0.07777	0.09430	0.04544	0.09554	0.02493	0.03024	0.00590	0.02448	0.00135	0.00444	0.03313	0.00316	0.23596
5	0.12033	0.03271	0.21728	0.01017	0.01436	0.02834	0.15086	0.03849	0.00983	0.07686	0.04572	0.01068	0.00785	0.00412	0.00390	0.00118	0.00491	0.00355	0.00266	0.21618
6	0.01066	0.03148	0.03051	0.14906	0.29646	0.14867	0.00999	0.04957	0.05069	0.01345	0.02909	0.07187	0.02778	0.00526	0.00428	0.00130	0.00515	0.01897	0.00260	0.04316
7	0.59288	0.00952	0.00732	0.00651	0.00899	0.12011	0.00519	0.01306	0.02474	0.03330	0.09540	0.01027	0.00908	0.00461	0.00318	0.00128	0.00379	0.00309	0.00291	0.04476
8	0.00699	0.00468	0.00587	0.00568	0.00654	0.00447	0.00404	0.00766	0.05002	0.01060	0.05446	0.06696	0.13649	0.13606	0.04145	0.30317	0.00362	0.04948	0.01895	0.08279
9	0.05883	0.07594	0.25628	0.00951	0.03274	0.05255	0.03617	0.02254	0.02199	0.13423	0.03753	0.03880	0.00903	0.04843	0.00495	0.00136	0.01332	0.00385	0.00282	0.13911
10	0.01680	0.00812	0.01149	0.04933	0.15950	0.02082	0.00786	0.03537	0.01186	0.59000	0.03396	0.01400	0.01030	0.00508	0.00433	0.00132	0.00408	0.00427	0.00450	0.00700
11	0.00552	0.00395	0.00518	0.00598	0.00638	0.00372	0.00415	0.00643	0.00859	0.01142	0.07465	0.63383	0.06055	0.06820	0.00658	0.00189	0.00270	0.08279	0.00395	0.00352
12	0.00941	0.00887	0.01490	0.07670	0.56815	0.00889	0.04108	0.01174	0.00964	0.01336	0.01315	0.07412	0.08405	0.00556	0.00454	0.00138	0.00473	0.04124	0.00251	0.00599
13	0.01250	0.06360	0.12383	0.01407	0.07411	0.06120	0.32625	0.03644	0.01072	0.18736	0.02187	0.01156	0.00768	0.00433	0.00471	0.00135	0.02507	0.00425	0.00287	0.00620
14	0.00935	0.00982	0.04072	0.01146	0.01185	0.01278	0.04171	0.01052	0.00682	0.01057	0.00604	0.00995	0.00592	0.02752	0.01362	0.00191	0.75891	0.00386	0.00191	0.00476
15	0.00583	0.00433	0.00503	0.00498	0.00600	0.00392	0.00364	0.00722	0.01023	0.01369	0.33762	0.07258	0.32473	0.10363	0.00691	0.00173	0.00241	0.03198	0.04984	0.00371
16	0.00744	0.00616	0.00820	0.05073	0.06922	0.01379	0.05153	0.06635	0.02080	0.02969	0.08179	0.15848	0.34563	0.02041	0.00523	0.00153	0.00332	0.05150	0.00372	0.00446
17	0.03327	0.11896	0.10657	0.03040	0.01332	0.00986	0.09407	0.09076	0.13693	0.21866	0.01323	0.09314	0.01050	0.00560	0.00426	0.00136	0.00448	0.00477	0.00361	0.00624
18	0.01290	0.09832	0.01364	0.01120	0.03773	0.41800	0.00871	0.01403	0.00969	0.01054	0.00638	0.00855	0.00573	0.00601	0.02417	0.00149	0.30271	0.00315	0.00206	0.00498
19	0.01052	0.01009	0.01722	0.07316	0.77616	0.01020	0.01315	0.01309	0.00974	0.01390	0.00808	0.01071	0.00676	0.00387	0.00427	0.00129	0.00515	0.00384	0.00212	0.00671
20	0.00548	0.00447	0.00487	0.00485	0.00614	0.00393	0.00360	0.00707	0.03418	0.01296	0.20384	0.10480	0.56758	0.01053	0.00510	0.00146	0.00221	0.00895	0.00417	0.00381
21	0.01113	0.47327	0.13664	0.01229	0.15964	0.04747	0.04934	0.02652	0.02573	0.01199	0.00709	0.00841	0.00599	0.00387	0.00345	0.00110	0.00519	0.00294	0.00202	0.00593
22	0.03059	0.00549	0.00659	0.00605	0.00748	0.00542	0.00468	0.06026	0.05847	0.08160	0.42142	0.02731	0.04766	0.05678	0.00569	0.00153	0.00272	0.06600	0.09966	0.00460
23	0.27384	0.00776	0.00862	0.00707	0.00991	0.00783	0.00573	0.05700	0.07283	0.41994	0.01349	0.03887	0.00962	0.03037	0.00438	0.00143	0.00355	0.00406	0.01752	0.00618
24	0.00591	0.00465	0.00707	0.00728	0.00805	0.00437	0.07703	0.00710	0.00871	0.01153	0.02317	0.62854	0.06241	0.01227	0.00550	0.00174	0.00311	0.11395	0.00383	0.00378
25	0.00740	0.00375	0.00553	0.00558	0.00562	0.00374	0.00373	0.00578	0.00585	0.00793	0.00845	0.05149	0.00857	0.01456	0.01585	0.80527	0.00363	0.00414	0.03113	0.00202
26	0.05593	0.00613	0.00754	0.00647	0.00848	0.00582	0.00498	0.01472	0.07804	0.35472	0.13079	0.07763	0.03319	0.11737	0.00666	0.00173	0.00321	0.00565	0.07550	0.00545
27	0.00882	0.00731	0.00785	0.00728	0.00920	0.00791	0.00560	0.07658	0.40792	0.01601	0.03575	0.13358	0.22411	0.00830	0.00475	0.00150	0.00307	0.02476	0.00422	0.00549
28	0.00813	0.00766	0.01292	0.83826	0.02967	0.00957	0.01196	0.01101	0.00861	0.01101	0.00766	0.01148	0.00574	0.00431	0.00431	0.00144	0.00574	0.00383	0.00191	0.00479
29	0.00598	0.00418	0.00520	0.00548	0.00628	0.00383	0.00392	0.00726	0.00979	0.02978	0.26157	0.36191	0.16568	0.03732	0.00568	0.00162	0.00239	0.02869	0.04966	0.00378
30	0.00601	0.00403	0.00507	0.00561	0.00606	0.00377	0.00374	0.00678	0.00834	0.03805	0.05847	0.54897	0.08326	0.16374	0.00831	0.00211	0.00278	0.01021	0.03118	0.00352
31	0.03383	0.00929	0.00978	0.00856	0.01107	0.02683	0.00672	0.09595	0.59603	0.07614	0.06504	0.01601	0.01372	0.00585	0.00436	0.00142	0.00356	0.00481	0.00438	0.00664
32	0.00540	0.00438	0.00479	0.00487	0.00615	0.00380	0.00370	0.00666	0.01002	0.01242	0.14520	0.07855	0.60161	0.02364	0.00544	0.00154	0.00235	0.07171	0.00408	0.00370
33	0.00613	0.00443	0.00531	0.00556	0.00635	0.00418	0.00391	0.00754	0.04203	0.03020	0.11856	0.30842	0.21530	0.16226	0.02201	0.00215	0.00295	0.04518	0.00385	0.00369
34	0.00629	0.00413	0.00468	0.00477	0.00486	0.00411	0.00276	0.00648	0.00662	0.00908	0.01450	0.09974	0.01650	0.72081	0.01926	0.00376	0.00389	0.00665	0.05835	0.00278
35	0.03235	0.00882	0.00970	0.00844	0.01105	0.00976	0.00665	0.03977	0.60494	0.17571	0.03305	0.01578	0.01289	0.00575	0.00435	0.00143	0.00346	0.00474	0.00453	0.00683
36	0.00574	0.00442	0.00536	0.00531	0.00625	0.00402	0.02372	0.00681	0.00923	0.01195	0.16282	0.16866	0.34213	0.18303	0.00861	0.00205	0.00279	0.02863	0.01493	0.00354
37	0.44312	0.02518	0.00775	0.00661	0.00893	0.02614	0.00529	0.12616	0.02109	0.06953	0.03839	0.09629	0.03120	0.04720	0.00453	0.00152	0.00358	0.02916	0.00334	0.00499
38	0.00623	0.00470	0.00697	0.00693	0.00765	0.00550	0.00536	0.00769	0.00689	0.00994	0.01149	0.01720	0.01085	0.06319	0.78306	0.00671	0.02884	0.00466	0.00231	0.00382
39	0.00566	0.00419	0.00497	0.00518	0.00589	0.00385	0.00358	0.00665	0.00915	0.01202	0.20317	0.24102	0.24626	0.19853	0.00898	0.00213	0.00272	0.02873	0.00385	0.00347
40	0.00549	0.00431	0.00480	0.00505	0.00598	0.00389	0.00353	0.00670	0.03297	0.01140	0.05872	0.27387	0.43504	0.11952	0.00736	0.00189	0.00256	0.00948	0.00386	0.00357
41	0.00911	0.00776	0.00903	0.00647	0.01029	0.00593	0.00518	0.03029	0.00921	0.01436	0.00772	0.00897	0.00640	0.00324	0.00322	0.00065	0.00323	0.00258	0.00259	0.85377

[dist]
# distance from previous block
# <min> <max>
0	3

[block]
# block no. 1 follows, 61 sequences, length 30
# corresponding to MSA columns:
# 167-196
name=unknown_B
#
# <colnr> <probs for GDERKNQSTAVLIFYWHMCP>
#	G	D	E	R	K	N	Q	S	T	A	V	L	I	F	Y	W	H	M	C	P
0	0.00618	0.00421	0.00486	0.00486	0.00503	0.00417	0.00289	0.00646	0.00698	0.00937	0.08474	0.05151	0.04474	0.69638	0.04732	0.00387	0.00413	0.00660	0.00287	0.00284
1	0.61129	0.00887	0.00712	0.00640	0.00872	0.07276	0.00508	0.03912	0.06158	0.01733	0.00777	0.00906	0.01967	0.00557	0.00459	0.10114	0.00375	0.00286	0.00273	0.00458
2	0.01570	0.01811	0.01242	0.01086	0.01336	0.61469	0.02260	0.16271	0.06397	0.01412	0.00805	0.00883	0.00637	0.00465	0.00402	0.00117	0.00693	0.00315	0.00274	0.00555
3	0.01138	0.00860	0.01163	0.00885	0.02505	0.00768	0.10805	0.14731	0.01142	0.11539	0.02869	0.02504	0.02010	0.03547	0.00458	0.00112	0.00405	0.00384	0.00323	0.41853
4	0.00830	0.00826	0.04239	0.01003	0.01207	0.06115	0.20595	0.01065	0.02581	0.02844	0.08992	0.01699	0.02674	0.05888	0.35514	0.00387	0.02314	0.00501	0.00263	0.00461
5	0.03275	0.05672	0.04411	0.01038	0.01323	0.37464	0.00849	0.33472	0.01479	0.01750	0.00809	0.00888	0.00625	0.00483	0.00448	0.00123	0.04665	0.00325	0.00302	0.00599
6	0.01541	0.00775	0.00934	0.00754	0.01034	0.02098	0.00609	0.14515	0.05181	0.46765	0.01939	0.05084	0.11376	0.02159	0.00478	0.00142	0.00365	0.01647	0.01959	0.00646
7	0.00618	0.00449	0.00631	0.00631	0.00686	0.00505	0.00462	0.00730	0.00674	0.00954	0.01210	0.02003	0.01212	0.25782	0.60788	0.00616	0.00950	0.00507	0.00239	0.00350
8	0.00776	0.00670	0.00796	0.00763	0.00867	0.08295	0.00595	0.04711	0.02315	0.01103	0.01094	0.01549	0.00999	0.02710	0.67237	0.00584	0.03833	0.00439	0.00242	0.00420
9	0.01053	0.01011	0.01726	0.06704	0.78213	0.01020	0.01316	0.01311	0.00975	0.01392	0.00808	0.01070	0.00677	0.00386	0.00427	0.00129	0.00515	0.00384	0.00212	0.00672
10	0.01076	0.00562	0.00718	0.00617	0.00813	0.00505	0.00484	0.01291	0.04347	0.30009	0.37996	0.02689	0.15554	0.00781	0.00479	0.00137	0.00268	0.00667	0.00481	0.00525
11	0.00530	0.00379	0.00506	0.00606	0.00633	0.00354	0.00409	0.00609	0.00830	0.01106	0.02371	0.82081	0.02837	0.01345	0.00551	0.00176	0.00255	0.03672	0.00400	0.00351
12	0.00603	0.00428	0.00552	0.00625	0.00697	0.00400	0.00469	0.00717	0.00900	0.02997	0.02642	0.45032	0.16098	0.03630	0.00599	0.00182	0.00292	0.22368	0.00398	0.00371
13	0.01770	0.00999	0.01128	0.00875	0.01204	0.05044	0.00718	0.36188	0.01571	0.42466	0.01354	0.01247	0.00897	0.00521	0.00428	0.00130	0.00431	0.00405	0.01910	0.00716
14	0.01525	0.01851	0.01155	0.01044	0.01255	0.70907	0.00788	0.04730	0.01212	0.01167	0.00742	0.00863	0.00610	0.00459	0.00406	0.00113	0.02594	0.00295	0.07786	0.00499
15	0.08484	0.00757	0.00969	0.00761	0.01081	0.00697	0.00624	0.02052	0.08155	0.69261	0.01619	0.01419	0.01042	0.00527	0.00421	0.00134	0.00362	0.00422	0.00504	0.00708
16	0.01921	0.00752	0.01011	0.00775	0.01109	0.00661	0.00640	0.05200	0.01264	0.79328	0.01673	0.01449	0.01053	0.00533	0.00433	0.00133	0.00371	0.00431	0.00529	0.00733
17	0.01003	0.00849	0.00894	0.00801	0.01031	0.00952	0.00624	0.07545	0.59880	0.01757	0.04400	0.02041	0.15011	0.00674	0.00452	0.00144	0.00326	0.00560	0.00432	0.00624
18	0.01615	0.01303	0.01272	0.01001	0.01325	0.11978	0.00815	0.68944	0.01895	0.02466	0.00988	0.01013	0.00716	0.00558	0.01976	0.00137	0.00526	0.00375	0.00400	0.00696
19	0.01810	0.00705	0.00953	0.00744	0.01056	0.00609	0.00609	0.01970	0.01205	0.75411	0.01855	0.04779	0.05062	0.00591	0.00441	0.00135	0.00355	0.00487	0.00522	0.00700
20	0.00524	0.00378	0.00497	0.00592	0.00623	0.00351	0.00396	0.00601	0.00832	0.01103	0.02471	0.80677	0.06690	0.01337	0.00548	0.00174	0.00248	0.01209	0.00400	0.00351
21	0.00813	0.00766	0.01292	0.83826	0.02967	0.00957	0.01196	0.01101	0.00861	0.01101	0.00766	0.01148	0.00574	0.00431	0.00431	0.00144	0.00574	0.00383	0.00191	0.00479
22	0.00525	0.00375	0.00500	0.00600	0.00625	0.00350	0.00400	0.00600	0.00825	0.01100	0.02374	0.84580	0.02849	0.01350	0.00550	0.00175	0.00250	0.01225	0.00400	0.00350
23	0.00927	0.00919	0.01289	0.01110	0.01113	0.01282	0.00923	0.01024	0.00661	0.01035	0.00594	0.00979	0.00590	0.00874	0.05378	0.00213	0.80052	0.00381	0.00191	0.00467
24	0.01017	0.01162	0.02542	0.01816	0.02251	0.01089	0.80610	0.01380	0.01017	0.01380	0.00871	0.01162	0.00654	0.00363	0.00508	0.00145	0.00726	0.00508	0.00218	0.00581
25	0.00813	0.00766	0.01292	0.83826	0.02967	0.00957	0.01196	0.01101	0.00861	0.01101	0.00766	0.01148	0.00574	0.00431	0.00431	0.00144	0.00574	0.00383	0.00191	0.00479
26	0.00606	0.00461	0.00610	0.00627	0.00705	0.00447	0.01874	0.02524	0.00988	0.01333	0.24536	0.41124	0.12238	0.01121	0.00564	0.00161	0.03256	0.06028	0.00410	0.00387
27	0.11149	0.00777	0.00871	0.00639	0.01001	0.00635	0.00514	0.01105	0.00870	0.01459	0.00742	0.00871	0.00616	0.00337	0.00335	0.00074	0.01996	0.00255	0.00255	0.75497
28	0.03589	0.00833	0.01190	0.39882	0.02015	0.02744	0.04057	0.06436	0.05638	0.16353	0.02106	0.01280	0.00807	0.00479	0.00442	0.00135	0.02081	0.01741	0.01431	0.06760
29	0.00635	0.00473	0.00605	0.06976	0.00798	0.00464	0.00443	0.02144	0.01023	0.01391	0.41127	0.05590	0.12954	0.19504	0.00879	0.00203	0.00295	0.03729	0.00390	0.00378

[dist]
# distance from previous block
# <min> <max>
1	3

[block]
# block no. 2 follows, 61 sequences, length 139
# corresponding to MSA columns:
# 231-236,242-250,252-286,289-336,347-362,391-415
name=unknown_C
#
# <colnr> <probs for GDERKNQSTAVLIFYWHMCP>
#	G	D	E	R	K	N	Q	S	T	A	V	L	I	F	Y	W	H	M	C	P
0	0.00575	0.00408	0.00500	0.00542	0.00576	0.00390	0.00349	0.00629	0.00755	0.01004	0.02043	0.41578	0.08155	0.33792	0.04656	0.00286	0.00352	0.00916	0.00336	0.02158
1	0.01485	0.01284	0.01190	0.00977	0.01271	0.16377	0.00781	0.46187	0.20865	0.02173	0.01144	0.01132	0.00845	0.00519	0.00423	0.00129	0.00494	0.00391	0.01661	0.00672
2	0.00874	0.00736	0.01190	0.60933	0.06169	0.00872	0.01057	0.01163	0.03671	0.05800	0.04392	0.03626	0.00942	0.00542	0.00469	0.01744	0.00514	0.04564	0.00248	0.00493
3	0.00944	0.08571	0.53545	0.02615	0.01859	0.01075	0.17922	0.01383	0.02483	0.02907	0.00812	0.00973	0.00594	0.00409	0.00439	0.00136	0.02157	0.00358	0.00202	0.00615
4	0.00624	0.00420	0.00487	0.00489	0.00495	0.00425	0.00284	0.00636	0.00635	0.00852	0.01361	0.04263	0.01554	0.77312	0.08102	0.00433	0.00468	0.00625	0.00261	0.00272
5	0.00552	0.00392	0.00507	0.00583	0.00618	0.00368	0.00395	0.00627	0.00831	0.01104	0.05931	0.61895	0.06951	0.10463	0.00753	0.02153	0.00274	0.04878	0.00383	0.00342
6	0.03343	0.01150	0.14776	0.04354	0.04841	0.04618	0.09641	0.07901	0.11415	0.26517	0.01256	0.01342	0.00905	0.02327	0.02068	0.00154	0.00505	0.01887	0.00359	0.00642
7	0.01003	0.02406	0.05150	0.20762	0.06093	0.02648	0.11572	0.02463	0.10922	0.09395	0.01255	0.11589	0.01106	0.00624	0.00536	0.00150	0.06958	0.04520	0.00300	0.00546
8	0.00554	0.00397	0.00515	0.00585	0.00623	0.00376	0.00393	0.00660	0.02415	0.01164	0.11543	0.65598	0.03750	0.08436	0.00683	0.00190	0.00260	0.01104	0.00397	0.00355
9	0.00589	0.00406	0.00505	0.00556	0.00580	0.00393	0.00364	0.00640	0.00761	0.01011	0.03720	0.38050	0.03783	0.36686	0.01272	0.02204	0.00334	0.07495	0.00338	0.00314
10	0.00752	0.00558	0.00702	0.04236	0.04445	0.02340	0.00540	0.04038	0.05369	0.05772	0.09274	0.44403	0.09189	0.01056	0.00514	0.00160	0.00309	0.05511	0.00396	0.00437
11	0.00864	0.02228	0.82630	0.01228	0.01864	0.01000	0.01592	0.01364	0.00909	0.01364	0.00773	0.00909	0.00546	0.00409	0.00409	0.00136	0.00637	0.00318	0.00182	0.00637
12	0.01152	0.85121	0.02257	0.00737	0.01106	0.01704	0.00737	0.01290	0.00875	0.01013	0.00599	0.00691	0.00553	0.00369	0.00276	0.00092	0.00461	0.00230	0.00184	0.00553
13	0.01637	0.01207	0.01293	0.00991	0.01336	0.01336	0.00819	0.80738	0.02025	0.02715	0.01034	0.01034	0.00733	0.00517	0.00431	0.00129	0.00474	0.00388	0.00431	0.00733
14	0.02601	0.00458	0.00505	0.00471	0.00585	0.00447	0.00343	0.01074	0.00883	0.12482	0.01407	0.01808	0.01173	0.17549	0.00727	0.01867	0.00273	0.00447	0.54484	0.00416
15	0.00942	0.00942	0.01319	0.01131	0.01131	0.01319	0.00942	0.01037	0.00660	0.01037	0.00565	0.00942	0.00565	0.00754	0.01414	0.00188	0.84073	0.00377	0.00188	0.00471
16	0.00638	0.00497	0.00704	0.00702	0.00782	0.02387	0.00545	0.00790	0.00704	0.01001	0.01143	0.01672	0.01065	0.03168	0.81302	0.00679	0.01145	0.00457	0.00231	0.00387
17	0.00539	0.00388	0.00505	0.00593	0.00628	0.00362	0.00404	0.00619	0.00832	0.01099	0.02433	0.70823	0.07540	0.05925	0.00640	0.00188	0.00265	0.05476	0.00392	0.00348
18	0.00666	0.00435	0.00525	0.00544	0.00585	0.00422	0.00361	0.00720	0.00763	0.04407	0.03269	0.16693	0.06738	0.50411	0.01514	0.00316	0.00369	0.10616	0.00325	0.00321
19	0.00617	0.00453	0.00651	0.00651	0.00714	0.00516	0.00487	0.00743	0.00680	0.00969	0.01192	0.01901	0.01168	0.18363	0.68146	0.00641	0.01017	0.00492	0.00236	0.00362
20	0.01596	0.01174	0.01261	0.00977	0.01313	0.01301	0.00804	0.72747	0.08609	0.04129	0.01106	0.01090	0.00787	0.00523	0.00432	0.00131	0.00461	0.00397	0.00433	0.00728
21	0.00573	0.00413	0.00526	0.00599	0.00649	0.00393	0.00417	0.01676	0.02238	0.01163	0.04473	0.61985	0.08490	0.05780	0.00629	0.00184	0.00270	0.06949	0.02231	0.00363
22	0.00513	0.00437	0.00442	0.00441	0.00585	0.00366	0.00331	0.00627	0.00992	0.01188	0.07743	0.04105	0.78605	0.01082	0.00509	0.00145	0.00218	0.00903	0.00403	0.00366
23	0.00626	0.00418	0.00474	0.00474	0.00475	0.00420	0.00266	0.00629	0.00628	0.00838	0.01354	0.02798	0.01557	0.83363	0.03679	0.00423	0.00431	0.00623	0.00260	0.00263
24	0.00622	0.00468	0.00645	0.00673	0.00743	0.00449	0.04322	0.03823	0.00887	0.01173	0.02237	0.54783	0.06856	0.10320	0.00725	0.00199	0.00315	0.10010	0.00377	0.00373
25	0.00849	0.00833	0.00802	0.00782	0.00889	0.20039	0.00596	0.00985	0.00826	0.01017	0.01117	0.04837	0.01070	0.05282	0.55808	0.00515	0.00988	0.02120	0.00240	0.00406
26	0.00855	0.00535	0.00673	0.00601	0.00756	0.00504	0.00463	0.02858	0.06830	0.13810	0.56853	0.02862	0.09051	0.00815	0.00490	0.00136	0.00244	0.00708	0.00474	0.00479
27	0.01442	0.00858	0.02551	0.05476	0.01317	0.00825	0.08297	0.12945	0.08793	0.36678	0.03485	0.01395	0.01023	0.00729	0.07187	0.00178	0.00487	0.00436	0.00413	0.05483
28	0.00893	0.00766	0.00893	0.00638	0.01021	0.00574	0.00510	0.01085	0.00893	0.01404	0.00766	0.00893	0.00638	0.00319	0.00319	0.00064	0.00319	0.00255	0.00255	0.87495
29	0.00899	0.00768	0.00746	0.00681	0.00819	0.12153	0.00505	0.08202	0.06531	0.03373	0.39929	0.06608	0.04032	0.12023	0.00705	0.00172	0.00352	0.00651	0.00400	0.00451
30	0.00948	0.00707	0.00792	0.00743	0.00922	0.00758	0.00561	0.04707	0.39213	0.08377	0.02147	0.25449	0.09651	0.02334	0.00507	0.00157	0.00312	0.00732	0.00428	0.00555
31	0.03970	0.00401	0.00513	0.00598	0.00639	0.00383	0.00410	0.00642	0.00831	0.01143	0.03842	0.71994	0.04542	0.02512	0.00584	0.01807	0.00262	0.04185	0.00390	0.00353
32	0.00794	0.00491	0.00609	0.00553	0.00704	0.00439	0.00424	0.00980	0.02279	0.14096	0.47383	0.03175	0.24656	0.00880	0.00496	0.00138	0.00235	0.00757	0.00463	0.00449
33	0.00524	0.00385	0.00491	0.00574	0.00619	0.00353	0.00389	0.00606	0.00856	0.01121	0.04086	0.70798	0.15018	0.01302	0.00543	0.00170	0.00244	0.01168	0.00401	0.00353
34	0.00755	0.00548	0.00664	0.00642	0.00770	0.00545	0.01899	0.02035	0.16387	0.05837	0.16636	0.28976	0.14502	0.04089	0.00559	0.00161	0.00276	0.00839	0.03427	0.00454
35	0.00893	0.00766	0.00893	0.00638	0.01021	0.00574	0.00510	0.01085	0.00893	0.01404	0.00766	0.00893	0.00638	0.00319	0.00319	0.00064	0.00319	0.00255	0.00255	0.87495
36	0.00565	0.00439	0.00514	0.00495	0.00616	0.00388	0.00371	0.00727	0.01114	0.01478	0.47643	0.03628	0.38524	0.00974	0.00509	0.00140	0.00210	0.00837	0.00441	0.00388
37	0.00644	0.00437	0.00520	0.00516	0.00559	0.00426	0.00330	0.00736	0.02671	0.02641	0.21761	0.11645	0.03872	0.49714	0.01488	0.00304	0.00339	0.00727	0.00341	0.00327
38	0.00528	0.00376	0.00499	0.00595	0.00619	0.00352	0.00395	0.00601	0.00818	0.01090	0.02339	0.81749	0.02805	0.04241	0.00607	0.00183	0.00256	0.01204	0.00395	0.00347
39	0.00626	0.00420	0.00482	0.00482	0.00486	0.00424	0.00276	0.00634	0.00630	0.00844	0.01346	0.02757	0.01539	0.80361	0.06656	0.00433	0.00458	0.00617	0.00259	0.00268
40	0.01840	0.00845	0.01062	0.00816	0.01148	0.00804	0.00673	0.21596	0.01424	0.61286	0.01529	0.01361	0.00984	0.00529	0.00430	0.00132	0.00390	0.00421	0.02003	0.00727
41	0.00579	0.00436	0.00544	0.00577	0.00660	0.00411	0.00419	0.00751	0.04211	0.01322	0.24745	0.36654	0.18122	0.01185	0.02905	0.00173	0.00269	0.05236	0.00417	0.00385
42	0.00538	0.00398	0.00506	0.00583	0.00639	0.00366	0.00410	0.00633	0.00879	0.01144	0.04815	0.60303	0.18180	0.01274	0.00545	0.00170	0.00255	0.07603	0.00402	0.00358
43	0.00947	0.00956	0.01392	0.01172	0.01198	0.01306	0.05703	0.01057	0.00681	0.01057	0.00584	0.00956	0.00571	0.00731	0.01360	0.00186	0.79092	0.00385	0.00190	0.00478
44	0.01376	0.00755	0.00895	0.00732	0.00957	0.00758	0.00570	0.24448	0.01281	0.29302	0.02853	0.03380	0.01222	0.21183	0.00863	0.00202	0.00396	0.02784	0.05466	0.00575
45	0.01829	0.00820	0.01043	0.00805	0.01131	0.00771	0.00661	0.17148	0.02922	0.63725	0.01565	0.01417	0.01019	0.02486	0.00474	0.00139	0.00388	0.00430	0.00505	0.00721
46	0.01637	0.01207	0.01293	0.00991	0.01336	0.01336	0.00819	0.80738	0.02025	0.02715	0.01034	0.01034	0.00733	0.00517	0.00431	0.00129	0.00474	0.00388	0.00431	0.00733
47	0.02559	0.00469	0.00686	0.00684	0.00764	0.00545	0.00530	0.00777	0.00692	0.01017	0.01146	0.01696	0.01075	0.05060	0.79432	0.00673	0.01118	0.00460	0.00232	0.00384
48	0.01629	0.01177	0.01268	0.00974	0.01312	0.01296	0.00803	0.76725	0.01974	0.05264	0.01062	0.01081	0.00759	0.02062	0.00463	0.00135	0.00469	0.00394	0.00431	0.00724
49	0.00525	0.00375	0.00500	0.00600	0.00625	0.00350	0.00400	0.00600	0.00825	0.01100	0.02374	0.84580	0.02849	0.01350	0.00550	0.00175	0.00250	0.01225	0.00400	0.00350
50	0.01070	0.00892	0.01081	0.01120	0.13274	0.00982	0.02241	0.01981	0.56706	0.05864	0.05292	0.01689	0.04713	0.00582	0.00444	0.00142	0.00364	0.00500	0.00405	0.00657
51	0.00525	0.00385	0.00494	0.00581	0.00623	0.00354	0.00395	0.00606	0.00847	0.01111	0.02629	0.73092	0.13034	0.01314	0.00545	0.00171	0.00248	0.02293	0.00400	0.00352
52	0.00525	0.00376	0.00499	0.00597	0.00624	0.00350	0.00399	0.00600	0.00827	0.01101	0.02404	0.83369	0.04041	0.01346	0.00549	0.00174	0.00249	0.01220	0.00400	0.00350
53	0.01152	0.85121	0.02257	0.00737	0.01106	0.01704	0.00737	0.01290	0.00875	0.01013	0.00599	0.00691	0.00553	0.00369	0.00276	0.00092	0.00461	0.00230	0.00184	0.00553
54	0.00908	0.00658	0.00721	0.03180	0.00896	0.00713	0.00525	0.01533	0.35967	0.04881	0.03386	0.08234	0.10320	0.00683	0.00420	0.00136	0.00288	0.01690	0.24332	0.00531
55	0.00527	0.00386	0.00496	0.00581	0.00624	0.00355	0.00396	0.00610	0.00853	0.01120	0.03708	0.71611	0.13096	0.01307	0.00545	0.00171	0.00248	0.02611	0.00401	0.00353
56	0.87904	0.00833	0.00633	0.00566	0.00833	0.00966	0.00467	0.01266	0.00733	0.01933	0.00600	0.00700	0.00467	0.00400	0.00267	0.00133	0.00333	0.00233	0.00267	0.00467
57	0.01008	0.01141	0.02447	0.03509	0.02204	0.01099	0.74488	0.01355	0.00994	0.01355	0.00852	0.01149	0.00647	0.00386	0.00557	0.00148	0.05374	0.00498	0.00216	0.00573
58	0.01609	0.02053	0.01221	0.01110	0.01332	0.83132	0.00832	0.01720	0.01221	0.01054	0.00666	0.00777	0.00555	0.00444	0.00388	0.00111	0.00777	0.00277	0.00222	0.00499
59	0.01603	0.01153	0.01255	0.02483	0.01332	0.01271	0.00804	0.73434	0.01931	0.05799	0.01064	0.01074	0.00755	0.00558	0.01712	0.00138	0.00477	0.00391	0.02049	0.00716
60	0.00734	0.00386	0.00561	0.00569	0.00586	0.00383	0.00394	0.00604	0.00628	0.00845	0.02304	0.02957	0.03303	0.01421	0.01496	0.73475	0.00361	0.05963	0.02809	0.00219
61	0.00755	0.00387	0.00564	0.00557	0.00572	0.00381	0.00375	0.00595	0.00585	0.00803	0.00776	0.01310	0.00760	0.01421	0.01586	0.81276	0.00365	0.00372	0.03853	0.02708
62	0.70926	0.00788	0.00671	0.00587	0.00845	0.00878	0.01744	0.01211	0.00801	0.02821	0.07707	0.01041	0.03139	0.00458	0.00303	0.00130	0.00325	0.00307	0.00290	0.05027
63	0.01781	0.00699	0.00951	0.00755	0.01058	0.00610	0.00623	0.01947	0.01197	0.72796	0.01755	0.04568	0.01221	0.00604	0.00445	0.00138	0.00361	0.05606	0.02193	0.00691
64	0.00813	0.00766	0.01292	0.83826	0.02967	0.00957	0.01196	0.01101	0.00861	0.01101	0.00766	0.01148	0.00574	0.00431	0.00431	0.00144	0.00574	0.00383	0.00191	0.00479
65	0.00544	0.00384	0.00493	0.00571	0.00594	0.00363	0.00372	0.00605	0.00791	0.01051	0.02225	0.67276	0.04352	0.17206	0.00861	0.00220	0.00281	0.01104	0.00373	0.00333
66	0.03600	0.00413	0.00522	0.00597	0.00651	0.00392	0.00418	0.00688	0.00850	0.02679	0.03185	0.63976	0.06993	0.03876	0.00583	0.00178	0.00268	0.06971	0.02795	0.00365
67	0.00509	0.00436	0.00436	0.00436	0.00582	0.00364	0.00327	0.00618	0.00982	0.01164	0.04364	0.04146	0.82000	0.01091	0.00509	0.00145	0.00218	0.00909	0.00400	0.00364
68	0.01646	0.01204	0.01283	0.00986	0.01329	0.02393	0.00814	0.77435	0.01992	0.04987	0.01048	0.01043	0.00740	0.00517	0.00430	0.00129	0.00475	0.00388	0.00431	0.00729
69	0.00534	0.00392	0.00495	0.00564	0.00613	0.00360	0.00383	0.00622	0.00875	0.01153	0.09513	0.61634	0.15179	0.04784	0.00609	0.00177	0.00248	0.01112	0.00400	0.00353
70	0.00602	0.00438	0.00567	0.00539	0.00640	0.00403	0.00403	0.00797	0.01196	0.01682	0.75881	0.06075	0.07348	0.00906	0.00510	0.00137	0.00205	0.00800	0.00468	0.00403
71	0.00864	0.02228	0.82630	0.01228	0.01864	0.01000	0.01592	0.01364	0.00909	0.01364	0.00773	0.00909	0.00546	0.00409	0.00409	0.00136	0.00637	0.00318	0.00182	0.00637
72	0.00660	0.00423	0.00492	0.00496	0.00510	0.00417	0.00290	0.00674	0.00671	0.03694	0.01491	0.12545	0.01702	0.71960	0.01935	0.00379	0.00396	0.00691	0.00287	0.00288
73	0.01035	0.01183	0.02454	0.03087	0.04530	0.03926	0.74335	0.01386	0.01020	0.01365	0.00861	0.01146	0.00650	0.00368	0.00501	0.00144	0.00719	0.00495	0.00217	0.00579
74	0.01594	0.01117	0.01258	0.00975	0.01309	0.01214	0.03053	0.60280	0.10624	0.12288	0.01190	0.01153	0.00835	0.00522	0.00434	0.00132	0.00453	0.00408	0.00438	0.00723
75	0.02109	0.00778	0.01182	0.57416	0.02352	0.00918	0.01016	0.10642	0.01023	0.08071	0.01010	0.07791	0.00825	0.00587	0.02356	0.00156	0.00530	0.00454	0.00267	0.00517
76	0.01510	0.04246	0.01239	0.03028	0.03893	0.66600	0.00830	0.06591	0.02519	0.01186	0.00856	0.00954	0.03781	0.00472	0.00396	0.00115	0.00707	0.00317	0.00243	0.00518
77	0.00510	0.00434	0.00438	0.00442	0.00583	0.00363	0.00330	0.00618	0.00977	0.01162	0.04297	0.06844	0.79345	0.01100	0.00510	0.00146	0.00219	0.00920	0.00400	0.00363
78	0.00525	0.00375	0.00500	0.00600	0.00625	0.00350	0.00400	0.00600	0.00825	0.01100	0.02374	0.84580	0.02849	0.01350	0.00550	0.00175	0.00250	0.01225	0.00400	0.00350
79	0.04318	0.00865	0.01315	0.59356	0.15952	0.04418	0.01140	0.02838	0.00919	0.01218	0.00872	0.01185	0.02933	0.00443	0.00424	0.00139	0.00550	0.00388	0.00210	0.00515
80	0.00844	0.00463	0.00614	0.00624	0.00726	0.00423	0.00446	0.00944	0.00924	0.19037	0.04994	0.53793	0.06329	0.04554	0.02963	0.00188	0.00305	0.00973	0.00421	0.00434
81	0.01029	0.00535	0.00619	0.00547	0.00734	0.00491	0.00428	0.01249	0.05475	0.23792	0.07356	0.02430	0.25609	0.00715	0.00420	0.00128	0.00260	0.00591	0.27095	0.00497
82	0.07426	0.00810	0.01020	0.00787	0.01118	0.00759	0.00650	0.13718	0.01318	0.65447	0.01530	0.01353	0.00978	0.00522	0.00422	0.00133	0.00380	0.00414	0.00501	0.00716
83	0.00629	0.00429	0.00511	0.00543	0.00577	0.00421	0.00349	0.03784	0.00795	0.01082	0.01869	0.39196	0.03878	0.37217	0.01236	0.00272	0.00327	0.00877	0.05678	0.00330
84	0.01339	0.00833	0.00944	0.00777	0.01027	0.00878	0.00622	0.28466	0.14970	0.18467	0.07946	0.02982	0.01266	0.00608	0.00464	0.03154	0.00358	0.00462	0.13818	0.00621
85	0.00864	0.02228	0.82630	0.01228	0.01864	0.01000	0.01592	0.01364	0.00909	0.01364	0.00773	0.00909	0.00546	0.00409	0.00409	0.00136	0.00637	0.00318	0.00182	0.00637
86	0.00543	0.00440	0.00454	0.00453	0.00596	0.00370	0.00339	0.00654	0.00984	0.02990	0.05451	0.07596	0.75479	0.01086	0.00509	0.00146	0.00223	0.00910	0.00404	0.00372
87	0.00574	0.00422	0.00494	0.00522	0.00592	0.00391	0.00364	0.00665	0.00874	0.01136	0.10699	0.22128	0.26588	0.23539	0.00972	0.00228	0.00292	0.07312	0.01867	0.00341
88	0.00554	0.00444	0.00505	0.00556	0.00637	0.02233	0.00395	0.00653	0.00910	0.01151	0.06114	0.45538	0.32221	0.01244	0.02043	0.00171	0.00270	0.03601	0.00396	0.00363
89	0.00637	0.00452	0.00611	0.00698	0.00765	0.00444	0.00557	0.00777	0.00904	0.01187	0.03036	0.27484	0.02497	0.10812	0.00764	0.00216	0.00355	0.47053	0.00383	0.00368
90	0.00893	0.00766	0.00893	0.00638	0.01021	0.00574	0.00510	0.01085	0.00893	0.01404	0.00766	0.00893	0.00638	0.00319	0.00319	0.00064	0.00319	0.00255	0.00255	0.87495
91	0.00613	0.00421	0.00523	0.00550	0.00602	0.00408	0.00371	0.00688	0.00791	0.03379	0.04482	0.31296	0.12870	0.27508	0.11995	0.00312	0.00419	0.00847	0.01583	0.00342
92	0.01147	0.00783	0.00884	0.00775	0.01001	0.00844	0.00606	0.06215	0.43356	0.15776	0.13165	0.05040	0.01679	0.00639	0.00443	0.00140	0.00320	0.00537	0.06027	0.00623
93	0.00601	0.00443	0.00532	0.00511	0.00631	0.00394	0.00383	0.00764	0.01118	0.03364	0.48863	0.06869	0.32018	0.00968	0.00508	0.00141	0.00214	0.00836	0.00446	0.00396
94	0.00570	0.00429	0.00509	0.00528	0.00612	0.00392	0.00373	0.01848	0.00965	0.01264	0.21575	0.27944	0.28255	0.10744	0.00715	0.00184	0.00254	0.02076	0.00402	0.00364
95	0.00607	0.00433	0.00561	0.00635	0.00684	0.00421	0.00450	0.04291	0.00888	0.01180	0.02224	0.63379	0.02605	0.07482	0.00673	0.00194	0.00293	0.12239	0.00391	0.00367
96	0.00859	0.00568	0.00676	0.00618	0.00785	0.00546	0.00479	0.04713	0.10629	0.12276	0.30749	0.07975	0.22590	0.00877	0.00493	0.00144	0.00268	0.03824	0.00450	0.00482
97	0.00602	0.00406	0.00488	0.00524	0.00542	0.00393	0.00322	0.00636	0.00720	0.02085	0.01827	0.34899	0.03837	0.49080	0.01486	0.00312	0.00347	0.00865	0.00322	0.00305
98	0.02016	0.00678	0.00777	0.02871	0.00942	0.02537	0.00593	0.06599	0.22078	0.04248	0.03926	0.16813	0.02778	0.11554	0.00716	0.00195	0.00369	0.19436	0.00389	0.00486
99	0.74461	0.02435	0.00770	0.00695	0.04082	0.02485	0.00540	0.07631	0.00857	0.01942	0.00644	0.00742	0.00499	0.00409	0.00288	0.00132	0.00362	0.00252	0.00275	0.00498
100	0.00849	0.00791	0.01276	0.50796	0.13508	0.00960	0.01090	0.01133	0.04000	0.01152	0.00835	0.01197	0.00676	0.00792	0.10227	0.00210	0.09400	0.00396	0.00208	0.00503
101	0.02896	0.00713	0.00923	0.00729	0.01024	0.00648	0.00595	0.03982	0.05637	0.63714	0.03497	0.01509	0.01137	0.00538	0.00418	0.00130	0.00345	0.00437	0.10448	0.00681
102	0.75285	0.00898	0.00723	0.00629	0.00903	0.02491	0.00516	0.10105	0.02276	0.02001	0.00669	0.00754	0.00512	0.00417	0.00290	0.00133	0.00357	0.00256	0.00287	0.00500
103	0.00530	0.00384	0.00502	0.00590	0.00627	0.00355	0.00400	0.00614	0.00853	0.01132	0.05629	0.74708	0.08124	0.01311	0.00546	0.00172	0.00248	0.02516	0.00403	0.00354
104	0.00581	0.00416	0.00550	0.00638	0.00687	0.00398	0.00470	0.00687	0.00862	0.01134	0.02340	0.51676	0.05743	0.08360	0.00700	0.00201	0.00305	0.23511	0.00387	0.00356
105	0.01087	0.00930	0.00979	0.00875	0.01121	0.01072	0.00682	0.05502	0.76971	0.01830	0.01761	0.01620	0.02445	0.00589	0.00439	0.00145	0.00345	0.00489	0.00437	0.00679
106	0.00915	0.00776	0.00898	0.00648	0.01023	0.00601	0.00519	0.04425	0.00943	0.01453	0.00870	0.00983	0.02751	0.00347	0.00329	0.00069	0.00323	0.00278	0.00266	0.81584
107	0.00588	0.00420	0.00470	0.00476	0.00521	0.00398	0.00298	0.00634	0.00769	0.00995	0.07185	0.09785	0.22113	0.51785	0.01531	0.00312	0.00340	0.00756	0.00320	0.00303
108	0.00562	0.00439	0.00497	0.00492	0.00606	0.00390	0.00365	0.00694	0.01018	0.01309	0.27747	0.03761	0.45324	0.09774	0.00689	0.00174	0.00244	0.05139	0.00408	0.00368
109	0.00615	0.00462	0.00692	0.00692	0.00769	0.00538	0.00538	0.00769	0.00692	0.01000	0.01154	0.01692	0.01077	0.03231	0.83154	0.00692	0.01154	0.00462	0.00231	0.00385
110	0.00629	0.00478	0.00705	0.00698	0.00768	0.00563	0.00540	0.00772	0.00688	0.00993	0.01141	0.01722	0.01083	0.07447	0.75666	0.00658	0.04372	0.00467	0.00231	0.00381
111	0.00934	0.00980	0.01823	0.06734	0.03293	0.01094	0.38025	0.01175	0.00849	0.01204	0.00793	0.01146	0.00668	0.00828	0.10268	0.00222	0.28793	0.00448	0.00208	0.00517
112	0.00626	0.00420	0.00482	0.00482	0.00486	0.00424	0.00276	0.00634	0.00630	0.00844	0.01346	0.02757	0.01539	0.80361	0.06656	0.00433	0.00458	0.00617	0.00259	0.00268
113	0.00537	0.00385	0.00507	0.00588	0.00624	0.00358	0.00397	0.00626	0.00872	0.01172	0.12032	0.71984	0.04232	0.02776	0.00573	0.00174	0.00247	0.01155	0.00406	0.00355
114	0.00966	0.00761	0.01049	0.01106	0.15046	0.00792	0.04575	0.06590	0.17930	0.06589	0.21867	0.05479	0.05028	0.00740	0.02114	0.01549	0.03270	0.02046	0.01948	0.00556
115	0.00684	0.00529	0.00854	0.02648	0.00962	0.00515	0.10944	0.00808	0.00865	0.01145	0.01868	0.30806	0.02075	0.05915	0.00780	0.10186	0.00392	0.27311	0.00338	0.00375
116	0.00813	0.00766	0.01292	0.83826	0.02967	0.00957	0.01196	0.01101	0.00861	0.01101	0.00766	0.01148	0.00574	0.00431	0.00431	0.00144	0.00574	0.00383	0.00191	0.00479
117	0.00595	0.00432	0.00621	0.00652	0.00714	0.00475	0.00486	0.00727	0.00742	0.01056	0.01539	0.27123	0.01622	0.02539	0.54320	0.00509	0.00836	0.00693	0.03945	0.00375
118	0.02586	0.02234	0.01167	0.02615	0.10621	0.02427	0.00778	0.29152	0.15386	0.18855	0.07394	0.01425	0.02299	0.00546	0.00434	0.00133	0.00414	0.00445	0.00417	0.00673
119	0.01637	0.01207	0.01293	0.00991	0.01336	0.01336	0.00819	0.80738	0.02025	0.02715	0.01034	0.01034	0.00733	0.00517	0.00431	0.00129	0.00474	0.00388	0.00431	0.00733
120	0.00859	0.00850	0.01532	0.59508	0.02647	0.00992	0.17466	0.01148	0.00885	0.01160	0.00821	0.01250	0.00647	0.00459	0.00511	0.00148	0.05643	0.02774	0.00203	0.00497
121	0.00813	0.00766	0.01292	0.83826	0.02967	0.00957	0.01196	0.01101	0.00861	0.01101	0.00766	0.01148	0.00574	0.00431	0.00431	0.00144	0.00574	0.00383	0.00191	0.00479
122	0.01609	0.02053	0.01221	0.01110	0.01332	0.83132	0.00832	0.01720	0.01221	0.01054	0.00666	0.00777	0.00555	0.00444	0.00388	0.00111	0.00777	0.00277	0.00222	0.00499
123	0.00958	0.00786	0.00949	0.00685	0.01059	0.00619	0.02224	0.02979	0.00932	0.04839	0.00810	0.00927	0.00657	0.00341	0.00350	0.00072	0.01825	0.00273	0.00269	0.78445
124	0.00719	0.00549	0.00729	0.00697	0.00779	0.00634	0.00525	0.04667	0.06931	0.01110	0.01206	0.01855	0.01156	0.20247	0.51095	0.00537	0.05412	0.00491	0.00260	0.00402
125	0.01078	0.00951	0.00977	0.00871	0.01121	0.03587	0.00677	0.02205	0.74473	0.01757	0.01665	0.01542	0.01254	0.00565	0.00430	0.00140	0.00353	0.00468	0.00422	0.05462
126	0.00823	0.00776	0.01310	0.80621	0.06094	0.00960	0.01201	0.01109	0.00866	0.01113	0.00767	0.01145	0.00578	0.00429	0.00430	0.00143	0.00572	0.00383	0.00192	0.00487
127	0.01515	0.01905	0.01194	0.01080	0.01299	0.74406	0.02485	0.01652	0.02755	0.01081	0.00881	0.03106	0.03830	0.00494	0.00401	0.00115	0.00732	0.00336	0.00238	0.00495
128	0.00857	0.00567	0.00745	0.00772	0.04033	0.00557	0.00591	0.01157	0.10272	0.11332	0.23271	0.10032	0.06506	0.00935	0.00520	0.00160	0.00319	0.26463	0.00432	0.00479
129	0.00634	0.00417	0.00467	0.00467	0.00471	0.00417	0.00263	0.00642	0.00638	0.00867	0.01359	0.02768	0.01547	0.81337	0.02113	0.00404	0.00409	0.00617	0.03896	0.00267
130	0.00967	0.00758	0.01093	0.23785	0.01541	0.00929	0.00852	0.03229	0.04243	0.11047	0.01139	0.02938	0.04745	0.01072	0.14760	0.00249	0.25440	0.00446	0.00269	0.00499
131	0.00870	0.05203	0.73039	0.01210	0.01805	0.01011	0.04619	0.01337	0.00903	0.01336	0.00786	0.00944	0.00573	0.00525	0.03891	0.00159	0.00655	0.00329	0.00185	0.00621
132	0.00537	0.00391	0.00484	0.00554	0.00600	0.00360	0.00371	0.00612	0.00834	0.01093	0.02613	0.60611	0.16877	0.09701	0.00704	0.00193	0.00260	0.01095	0.01767	0.00344
133	0.00836	0.00770	0.01250	0.73287	0.03872	0.00946	0.01131	0.02923	0.04794	0.01175	0.00888	0.04678	0.00711	0.00478	0.00436	0.00144	0.00546	0.00423	0.00218	0.00492
134	0.00914	0.02423	0.00807	0.03606	0.00944	0.18635	0.00579	0.04302	0.01114	0.03843	0.24993	0.14324	0.09832	0.00941	0.03729	0.00163	0.00425	0.07613	0.00370	0.00441
135	0.12572	0.00676	0.00805	0.00774	0.04524	0.00694	0.00564	0.06443	0.11168	0.18708	0.07072	0.19515	0.04480	0.03088	0.05202	0.01787	0.00377	0.00625	0.00397	0.00529
136	0.00969	0.00553	0.00686	0.00654	0.00786	0.00538	0.00476	0.02564	0.10773	0.20400	0.03457	0.33711	0.03650	0.14690	0.00770	0.00198	0.00320	0.02238	0.02091	0.00476
137	0.01138	0.09792	0.47745	0.01097	0.01598	0.01150	0.01248	0.21811	0.01198	0.05080	0.00855	0.00945	0.00617	0.00450	0.00438	0.00132	0.03456	0.00335	0.00261	0.00652
138	0.03646	0.02882	0.01157	0.07328	0.04818	0.14355	0.00783	0.26773	0.06574	0.14926	0.04156	0.04560	0.02186	0.00563	0.00447	0.00133	0.02040	0.01685	0.00372	0.00617

[dist]
# distance from previous block
# <min> <max>
4	6

[block]
# block no. 3 follows, 61 sequences, length 23
# corresponding to MSA columns:
# 422-444
name=unknown_D
#
# <colnr> <probs for GDERKNQSTAVLIFYWHMCP>
#	G	D	E	R	K	N	Q	S	T	A	V	L	I	F	Y	W	H	M	C	P
0	0.00913	0.00680	0.00794	0.00743	0.00914	0.00720	0.00584	0.09919	0.25104	0.05038	0.21367	0.12899	0.04665	0.00852	0.00495	0.00153	0.00317	0.12880	0.00438	0.00527
1	0.00932	0.00789	0.00914	0.00656	0.01037	0.00614	0.00526	0.05236	0.00952	0.01472	0.00780	0.00901	0.00643	0.00329	0.00325	0.00067	0.00327	0.00262	0.00264	0.82973
2	0.07640	0.11605	0.05887	0.04512	0.01207	0.00897	0.03914	0.11320	0.01104	0.20971	0.04829	0.01264	0.02926	0.00612	0.03347	0.03486	0.00439	0.00382	0.00337	0.13322
3	0.00696	0.00475	0.00553	0.00528	0.00641	0.00426	0.00375	0.00792	0.00890	0.06814	0.10195	0.09150	0.26439	0.28051	0.01041	0.00231	0.00311	0.05207	0.00361	0.06824
4	0.02365	0.00430	0.00530	0.00547	0.00633	0.00396	0.00390	0.00735	0.00994	0.03519	0.31207	0.32990	0.17252	0.05266	0.00601	0.00166	0.00241	0.00937	0.00421	0.00381
5	0.08847	0.00840	0.01280	0.48689	0.16576	0.00963	0.01073	0.04955	0.03229	0.08207	0.00878	0.01128	0.00654	0.00437	0.00416	0.00138	0.00513	0.00377	0.00249	0.00553
6	0.02416	0.01017	0.01427	0.24071	0.25350	0.08045	0.06604	0.10866	0.04963	0.03307	0.00955	0.01299	0.00777	0.00496	0.00465	0.02059	0.00539	0.04499	0.00262	0.00582
7	0.07305	0.00525	0.00609	0.00580	0.00739	0.00486	0.00447	0.01006	0.02302	0.16316	0.08756	0.14565	0.31539	0.04882	0.00568	0.00163	0.00285	0.08066	0.00414	0.00444
8	0.00529	0.00418	0.00478	0.00509	0.00609	0.00367	0.00368	0.00640	0.00957	0.01207	0.12159	0.30161	0.46039	0.01154	0.00524	0.00155	0.00231	0.02723	0.00408	0.00365
9	0.04876	0.04444	0.08152	0.13669	0.05478	0.09768	0.02698	0.01176	0.06835	0.02432	0.01270	0.22902	0.01279	0.02431	0.00584	0.00155	0.09091	0.01990	0.00281	0.00488
10	0.26689	0.03114	0.00968	0.02341	0.01058	0.01003	0.00623	0.26567	0.05037	0.13873	0.01049	0.01234	0.00820	0.10686	0.00621	0.00168	0.02834	0.00378	0.00360	0.00578
11	0.15268	0.00602	0.00670	0.00614	0.00783	0.00598	0.00462	0.06006	0.03116	0.16575	0.08331	0.20566	0.13763	0.09957	0.00640	0.00176	0.00311	0.00695	0.00397	0.00470
12	0.00548	0.00426	0.00498	0.00505	0.00612	0.00376	0.00369	0.00683	0.01035	0.01350	0.31281	0.19389	0.39252	0.01067	0.00517	0.00148	0.00219	0.00924	0.00426	0.00376
13	0.11311	0.07150	0.04991	0.10817	0.04501	0.08570	0.05466	0.19409	0.03930	0.13990	0.01046	0.02406	0.00802	0.00498	0.00408	0.00133	0.00493	0.03148	0.00329	0.00603
14	0.03931	0.00428	0.00510	0.00547	0.00589	0.00419	0.00360	0.00687	0.02031	0.01102	0.08358	0.36980	0.06095	0.32471	0.01147	0.00260	0.00316	0.03085	0.00349	0.00333
15	0.00823	0.00619	0.00715	0.00670	0.00835	0.00639	0.00518	0.01344	0.28133	0.06052	0.28938	0.07074	0.14992	0.00840	0.00489	0.00147	0.00276	0.05943	0.00445	0.00507
16	0.01101	0.00905	0.01255	0.04190	0.01306	0.05074	0.20349	0.21300	0.03292	0.01777	0.03664	0.03664	0.00997	0.00503	0.00412	0.00125	0.00449	0.00454	0.28639	0.00543
17	0.00968	0.00923	0.01546	0.46872	0.18616	0.03817	0.12300	0.01241	0.00926	0.04316	0.00814	0.01125	0.00625	0.00428	0.00476	0.00141	0.03708	0.00399	0.00214	0.00544
18	0.00634	0.00443	0.00584	0.00663	0.00735	0.00427	0.00506	0.00788	0.03058	0.03056	0.02401	0.47154	0.07018	0.01224	0.00552	0.00178	0.00302	0.27622	0.02270	0.00385
19	0.01639	0.00751	0.00951	0.00756	0.01043	0.00709	0.00611	0.09730	0.08379	0.55387	0.06236	0.01613	0.01256	0.04950	0.00524	0.00148	0.00362	0.00462	0.03821	0.00672
20	0.00897	0.00771	0.00910	0.03508	0.01091	0.00605	0.00540	0.01128	0.03722	0.01407	0.00800	0.00927	0.00660	0.00332	0.00327	0.00069	0.00329	0.00268	0.00259	0.81450
21	0.00909	0.00765	0.02411	0.00761	0.01038	0.03914	0.08267	0.01113	0.01039	0.07991	0.23270	0.01897	0.07620	0.00578	0.00438	0.00110	0.01688	0.01720	0.00343	0.34125
22	0.02128	0.04094	0.03519	0.11530	0.01402	0.04965	0.09601	0.01271	0.04696	0.10496	0.08513	0.03072	0.03866	0.00591	0.00503	0.00133	0.06022	0.07968	0.00312	0.15317

[dist]
# distance from previous block
# <min> <max>
0	52

# created by:
# /st0/software/busco_prod/Augustus/scripts/msa2prfl.pl ./align_prep/109616.fa
