[name]
unknown

[dist]
# distance from previous block
# <min> <max>
0	833

[block]
# block no. 0 follows, 57 sequences, length 6
# corresponding to MSA columns:
# 891-896
name=unknown_A
#
# <colnr> <probs for GDERKNQSTAVLIFYWHMCP>
#	G	D	E	R	K	N	Q	S	T	A	V	L	I	F	Y	W	H	M	C	P
0	0.06413	0.05339	0.11813	0.03234	0.19818	0.07946	0.10226	0.06063	0.02371	0.01483	0.03953	0.04485	0.00997	0.04813	0.04600	0.00182	0.00584	0.02022	0.00267	0.03390
1	0.06669	0.04710	0.14418	0.07060	0.06559	0.10525	0.09680	0.15707	0.09590	0.04345	0.01052	0.01247	0.00813	0.00500	0.00439	0.00140	0.00564	0.02893	0.02456	0.00635
2	0.00910	0.03234	0.00834	0.00743	0.03649	0.02791	0.00547	0.08779	0.08554	0.04229	0.12286	0.11658	0.20021	0.02834	0.02653	0.00159	0.00350	0.00682	0.04752	0.10333
3	0.08886	0.04039	0.07381	0.06819	0.13241	0.03630	0.07571	0.06315	0.01034	0.08103	0.03142	0.06436	0.03053	0.00588	0.00596	0.00148	0.12939	0.00466	0.02047	0.03566
4	0.36469	0.11004	0.09281	0.00952	0.06055	0.07447	0.02773	0.06725	0.00973	0.01697	0.00818	0.04049	0.00689	0.00490	0.00409	0.00136	0.04574	0.00342	0.04565	0.00551
5	0.00641	0.00446	0.00562	0.00574	0.00603	0.00461	0.00374	0.00703	0.00737	0.01008	0.05679	0.13553	0.01839	0.48697	0.21732	0.00461	0.00595	0.00709	0.00298	0.00327

[dist]
# distance from previous block
# <min> <max>
0	10

[block]
# block no. 1 follows, 57 sequences, length 10
# corresponding to MSA columns:
# 907-916
name=unknown_B
#
# <colnr> <probs for GDERKNQSTAVLIFYWHMCP>
#	G	D	E	R	K	N	Q	S	T	A	V	L	I	F	Y	W	H	M	C	P
0	0.01106	0.01097	0.04576	0.04913	0.50450	0.04019	0.02384	0.05170	0.09644	0.01554	0.03708	0.01378	0.03397	0.02269	0.00492	0.00143	0.00512	0.00444	0.00276	0.02470
1	0.01162	0.00722	0.00899	0.00790	0.03462	0.00699	0.00599	0.10074	0.09928	0.19658	0.37081	0.02272	0.02475	0.00706	0.00481	0.00136	0.00319	0.00603	0.00477	0.07457
2	0.00647	0.00479	0.00590	0.00609	0.00704	0.00450	0.00445	0.04504	0.01090	0.01456	0.26799	0.33181	0.17531	0.03723	0.00608	0.00173	0.00268	0.05895	0.00441	0.00408
3	0.04135	0.05351	0.09211	0.06496	0.04836	0.00792	0.04364	0.02421	0.05312	0.03694	0.00885	0.01134	0.00732	0.00702	0.00737	0.21963	0.00445	0.00353	0.00253	0.26186
4	0.00613	0.00462	0.00559	0.00593	0.00686	0.00423	0.00422	0.00765	0.03499	0.01298	0.11990	0.41944	0.20522	0.04300	0.00608	0.00174	0.00267	0.03752	0.02600	0.04521
5	0.00995	0.00978	0.03920	0.27057	0.40868	0.01017	0.03687	0.02712	0.00985	0.01368	0.00956	0.02872	0.02127	0.00582	0.03564	0.00166	0.03398	0.00436	0.01702	0.00611
6	0.00665	0.00469	0.00597	0.00605	0.00667	0.00486	0.00426	0.00811	0.03428	0.01185	0.11634	0.12799	0.04161	0.28511	0.23477	0.00405	0.00579	0.03374	0.05348	0.00372
7	0.03220	0.26109	0.08242	0.03008	0.07107	0.11940	0.00884	0.14395	0.06741	0.03228	0.00961	0.03437	0.00794	0.00566	0.02614	0.00139	0.00540	0.00366	0.03042	0.02666
8	0.01247	0.10116	0.21306	0.02880	0.07759	0.03796	0.03316	0.12641	0.01207	0.13205	0.05253	0.01304	0.02270	0.00499	0.00427	0.00129	0.00509	0.01607	0.00320	0.10210
9	0.01344	0.22158	0.15872	0.01159	0.06856	0.14751	0.03433	0.12854	0.04912	0.07245	0.00907	0.00991	0.00699	0.00464	0.00427	0.00126	0.02588	0.00343	0.00281	0.02590

[dist]
# distance from previous block
# <min> <max>
0	3

[block]
# block no. 2 follows, 57 sequences, length 7
# corresponding to MSA columns:
# 920-926
name=unknown_C
#
# <colnr> <probs for GDERKNQSTAVLIFYWHMCP>
#	G	D	E	R	K	N	Q	S	T	A	V	L	I	F	Y	W	H	M	C	P
0	0.03893	0.01264	0.17423	0.01118	0.07254	0.03085	0.03445	0.20100	0.14799	0.04237	0.10205	0.03584	0.03758	0.00589	0.00457	0.00141	0.00470	0.00489	0.00367	0.03322
1	0.01344	0.15968	0.02921	0.00872	0.01134	0.03829	0.00741	0.11234	0.09499	0.20639	0.08744	0.03873	0.01269	0.00716	0.03488	0.00161	0.10343	0.00461	0.02140	0.00623
2	0.04441	0.00854	0.05578	0.04627	0.08005	0.00764	0.05344	0.07900	0.01058	0.03572	0.04084	0.08224	0.06170	0.00681	0.03041	0.00145	0.03012	0.00501	0.12973	0.19026
3	0.01016	0.07803	0.01428	0.05751	0.01295	0.01372	0.00960	0.01257	0.09229	0.01178	0.00743	0.01057	0.00678	0.00722	0.01221	0.00183	0.62959	0.00397	0.00226	0.00527
4	0.01013	0.03843	0.05445	0.01159	0.01417	0.02524	0.20579	0.06963	0.14760	0.01476	0.03425	0.01605	0.04853	0.00993	0.10723	0.04391	0.11584	0.02389	0.00299	0.00560
5	0.00681	0.00619	0.00592	0.00610	0.00722	0.09117	0.00440	0.00799	0.01041	0.01279	0.15115	0.31074	0.33990	0.01135	0.00537	0.00158	0.00301	0.00978	0.00413	0.00400
6	0.09901	0.00529	0.00670	0.07352	0.00876	0.00588	0.00494	0.00823	0.00732	0.01108	0.01296	0.08305	0.01356	0.33046	0.30529	0.00468	0.00708	0.00579	0.00269	0.00370

[dist]
# distance from previous block
# <min> <max>
0	1

[block]
# block no. 3 follows, 57 sequences, length 8
# corresponding to MSA columns:
# 928-935
name=unknown_D
#
# <colnr> <probs for GDERKNQSTAVLIFYWHMCP>
#	G	D	E	R	K	N	Q	S	T	A	V	L	I	F	Y	W	H	M	C	P
0	0.00738	0.00572	0.00868	0.00778	0.00927	0.00529	0.11856	0.00886	0.00976	0.05089	0.07786	0.21542	0.22938	0.09278	0.02403	0.02205	0.00382	0.08033	0.01792	0.00423
1	0.01070	0.01251	0.13393	0.07857	0.59282	0.01073	0.06690	0.01386	0.01015	0.01450	0.00848	0.01110	0.00687	0.00409	0.00452	0.00138	0.00577	0.00403	0.00218	0.00689
2	0.00983	0.01676	0.43682	0.01485	0.16684	0.00960	0.06333	0.01379	0.00989	0.03502	0.00935	0.01237	0.00744	0.00455	0.00438	0.00135	0.00582	0.04468	0.00232	0.13102
3	0.01198	0.01059	0.01270	0.01092	0.01178	0.11095	0.00894	0.01316	0.00856	0.12704	0.00833	0.01117	0.00716	0.00943	0.08145	0.00225	0.54170	0.00400	0.00259	0.00531
4	0.01277	0.00992	0.01080	0.07933	0.02554	0.07282	0.00735	0.28439	0.02568	0.07449	0.04189	0.01712	0.04946	0.07466	0.00634	0.02313	0.00465	0.04555	0.00369	0.13045
5	0.00910	0.00697	0.00883	0.00766	0.00958	0.00694	0.05849	0.16690	0.05491	0.03876	0.22485	0.17039	0.19978	0.00923	0.00520	0.00152	0.00332	0.00805	0.00440	0.00512
6	0.00977	0.08057	0.01491	0.48554	0.17797	0.01105	0.01164	0.01400	0.12409	0.01319	0.00949	0.01220	0.00737	0.00461	0.00439	0.00144	0.00546	0.00405	0.00243	0.00582
7	0.01218	0.03504	0.20884	0.02968	0.16318	0.20083	0.01101	0.07521	0.02408	0.05284	0.04892	0.07923	0.01037	0.00564	0.00469	0.00138	0.02336	0.00454	0.00284	0.00613

[dist]
# distance from previous block
# <min> <max>
0	1

[block]
# block no. 4 follows, 57 sequences, length 20
# corresponding to MSA columns:
# 937-956
name=unknown_E
#
# <colnr> <probs for GDERKNQSTAVLIFYWHMCP>
#	G	D	E	R	K	N	Q	S	T	A	V	L	I	F	Y	W	H	M	C	P
0	0.01171	0.14156	0.19871	0.00917	0.01266	0.04703	0.01915	0.13500	0.08156	0.04916	0.01099	0.01199	0.00838	0.00502	0.00434	0.00128	0.03898	0.00376	0.20346	0.00608
1	0.01176	0.10898	0.07692	0.01018	0.07950	0.02446	0.02958	0.11991	0.02060	0.10178	0.03147	0.08542	0.02090	0.00561	0.00421	0.00121	0.00437	0.02654	0.00332	0.23327
2	0.03275	0.23635	0.27261	0.01254	0.07738	0.06137	0.09128	0.06425	0.02053	0.04595	0.00883	0.01011	0.01760	0.00448	0.00431	0.00131	0.02608	0.00353	0.00241	0.00634
3	0.01023	0.00965	0.01601	0.03710	0.53225	0.01015	0.04354	0.01301	0.04098	0.01385	0.00960	0.02855	0.00843	0.01934	0.11616	0.00227	0.07569	0.00444	0.00238	0.00636
4	0.00940	0.00805	0.00940	0.00671	0.01074	0.00604	0.00537	0.01141	0.00940	0.01477	0.00805	0.00940	0.00671	0.00336	0.00336	0.00067	0.00336	0.00268	0.00268	0.86845
5	0.01181	0.01015	0.06079	0.07738	0.23170	0.00925	0.02455	0.13965	0.02801	0.09368	0.03451	0.02706	0.04168	0.02363	0.00480	0.00134	0.00465	0.00439	0.00323	0.16776
6	0.55919	0.17973	0.01103	0.00750	0.03328	0.07871	0.00611	0.01353	0.00850	0.01696	0.00671	0.00803	0.00555	0.00563	0.04298	0.00158	0.00464	0.00265	0.00255	0.00515
7	0.00923	0.00893	0.01554	0.59700	0.16097	0.01044	0.08013	0.01220	0.00934	0.01235	0.00816	0.01187	0.00630	0.00451	0.00495	0.00150	0.03490	0.00414	0.00207	0.00548
8	0.01127	0.00973	0.01025	0.00922	0.01178	0.01127	0.00717	0.02408	0.80430	0.01896	0.01844	0.01691	0.01383	0.00615	0.00461	0.00154	0.00359	0.00512	0.00461	0.00717
9	0.00559	0.00401	0.00532	0.00629	0.00663	0.00374	0.00426	0.00647	0.00892	0.01189	0.05712	0.77046	0.04766	0.01390	0.00577	0.00182	0.00264	0.02954	0.00424	0.00372
10	0.00668	0.00454	0.00518	0.00519	0.00530	0.00460	0.00302	0.00712	0.02931	0.00923	0.01473	0.05942	0.01675	0.76039	0.04716	0.00431	0.00455	0.00673	0.00284	0.00295
11	0.00599	0.00454	0.00551	0.00549	0.00658	0.00408	0.00406	0.00760	0.01131	0.01514	0.43059	0.14530	0.27999	0.02517	0.00574	0.00158	0.00235	0.03037	0.00458	0.00403
12	0.00598	0.00463	0.00631	0.01975	0.00763	0.00428	0.03561	0.00726	0.00987	0.01308	0.18036	0.45600	0.17399	0.02957	0.00596	0.00174	0.00280	0.02705	0.00422	0.00393
13	0.21678	0.04119	0.01170	0.01023	0.01272	0.61060	0.00783	0.01685	0.01154	0.01324	0.00682	0.00796	0.00562	0.00454	0.00375	0.00122	0.00699	0.00280	0.00243	0.00519
14	0.00636	0.00494	0.00583	0.00562	0.00690	0.00459	0.00420	0.00885	0.06693	0.01596	0.46600	0.07908	0.28794	0.01003	0.00532	0.00149	0.00232	0.00867	0.00467	0.00430
15	0.00964	0.00825	0.00966	0.00699	0.01087	0.00653	0.00561	0.03453	0.00967	0.01505	0.00807	0.00946	0.00672	0.00356	0.00376	0.00073	0.02975	0.00277	0.00272	0.81568
16	0.00978	0.00904	0.04902	0.00720	0.01134	0.00667	0.00609	0.05188	0.01002	0.01545	0.00820	0.00948	0.00672	0.00351	0.00346	0.00074	0.00360	0.00279	0.00274	0.78225
17	0.00655	0.00474	0.00683	0.00683	0.00747	0.00538	0.00510	0.00775	0.00711	0.01012	0.01233	0.01964	0.01206	0.16973	0.65487	0.04169	0.01049	0.00511	0.00246	0.00374
18	0.01217	0.03978	0.00812	0.00645	0.00860	0.00596	0.00511	0.01431	0.04286	0.31280	0.18315	0.02356	0.12224	0.04781	0.02544	0.00165	0.00331	0.00595	0.12512	0.00558
19	0.03140	0.13803	0.03431	0.00934	0.01224	0.10105	0.00770	0.05336	0.52559	0.01714	0.01449	0.01383	0.01107	0.00552	0.00424	0.00140	0.00442	0.00432	0.00384	0.00672

[dist]
# distance from previous block
# <min> <max>
0	3

[block]
# block no. 5 follows, 57 sequences, length 6
# corresponding to MSA columns:
# 960-965
name=unknown_F
#
# <colnr> <probs for GDERKNQSTAVLIFYWHMCP>
#	G	D	E	R	K	N	Q	S	T	A	V	L	I	F	Y	W	H	M	C	P
0	0.00576	0.00419	0.00544	0.00620	0.00670	0.00396	0.00432	0.00674	0.00898	0.01188	0.06346	0.58112	0.11129	0.05941	0.04717	0.00221	0.00323	0.06015	0.00407	0.00372
1	0.03903	0.01106	0.04370	0.08813	0.33542	0.03725	0.09618	0.11844	0.06807	0.04065	0.01159	0.03095	0.03518	0.00509	0.00462	0.00143	0.00535	0.01835	0.00295	0.00657
2	0.03038	0.03696	0.03858	0.11750	0.09377	0.17396	0.03424	0.05736	0.08552	0.05018	0.05058	0.01288	0.00958	0.00826	0.08977	0.00201	0.07847	0.00414	0.00287	0.02301
3	0.03496	0.00646	0.00822	0.00706	0.00926	0.00594	0.00549	0.03510	0.03417	0.39781	0.09314	0.13416	0.08453	0.09047	0.00671	0.00179	0.00348	0.03063	0.00479	0.00583
4	0.00661	0.00433	0.00503	0.00509	0.00511	0.00432	0.00292	0.00653	0.00667	0.00890	0.01452	0.07922	0.01675	0.73416	0.02163	0.06163	0.00425	0.00681	0.00279	0.00275
5	0.08958	0.01237	0.09621	0.12396	0.06090	0.09650	0.03119	0.20982	0.03004	0.12404	0.01122	0.03048	0.02213	0.00527	0.00454	0.00140	0.02073	0.00414	0.01910	0.00637

[dist]
# distance from previous block
# <min> <max>
1	2

[block]
# block no. 6 follows, 57 sequences, length 11
# corresponding to MSA columns:
# 968,969,972-980
name=unknown_G
#
# <colnr> <probs for GDERKNQSTAVLIFYWHMCP>
#	G	D	E	R	K	N	Q	S	T	A	V	L	I	F	Y	W	H	M	C	P
0	0.01122	0.00664	0.00786	0.00678	0.00862	0.03488	0.03363	0.01401	0.08946	0.19179	0.10298	0.01970	0.01540	0.13306	0.02248	0.00186	0.00363	0.00515	0.26065	0.03019
1	0.69716	0.07667	0.00840	0.00631	0.00921	0.01048	0.00529	0.03616	0.00862	0.06540	0.00855	0.00924	0.03482	0.00456	0.00306	0.00137	0.00363	0.00288	0.00300	0.00518
2	0.02371	0.07605	0.04110	0.03542	0.18417	0.04644	0.02716	0.08657	0.08191	0.04723	0.05095	0.01385	0.04321	0.00671	0.05034	0.00160	0.03086	0.00423	0.00306	0.14542
3	0.00641	0.00490	0.00598	0.00552	0.00694	0.00431	0.00417	0.00830	0.01196	0.01649	0.56405	0.03416	0.22139	0.00931	0.00519	0.00139	0.00227	0.00807	0.00462	0.07458
4	0.01126	0.05986	0.16175	0.04251	0.09863	0.07711	0.10315	0.08385	0.13086	0.02855	0.07299	0.03565	0.01109	0.00551	0.00521	0.00144	0.05670	0.00462	0.00303	0.00625
5	0.01392	0.01159	0.02786	0.06672	0.13885	0.09160	0.02296	0.30842	0.07845	0.08052	0.01223	0.07796	0.01008	0.03186	0.00518	0.00150	0.00511	0.00486	0.00371	0.00664
6	0.00626	0.00459	0.00587	0.00563	0.00670	0.00420	0.00419	0.00823	0.01235	0.01723	0.69254	0.07975	0.11604	0.00975	0.00537	0.00146	0.00218	0.00859	0.00487	0.00420
7	0.00920	0.00789	0.02544	0.02605	0.08126	0.00803	0.04815	0.12585	0.12223	0.01552	0.04717	0.04306	0.17722	0.07988	0.15973	0.00280	0.00560	0.00612	0.00352	0.00532
8	0.00627	0.00436	0.00511	0.00541	0.00568	0.00422	0.00341	0.00668	0.00765	0.01003	0.02038	0.21368	0.09883	0.52514	0.01646	0.00340	0.00378	0.05307	0.00330	0.00314
9	0.01262	0.00970	0.06421	0.01006	0.01284	0.02411	0.10700	0.06473	0.05772	0.21777	0.07708	0.01661	0.03446	0.00663	0.01923	0.00157	0.12986	0.02902	0.04887	0.05591
10	0.01165	0.05038	0.20148	0.01280	0.12447	0.04289	0.05582	0.12496	0.09830	0.05656	0.01174	0.04912	0.02532	0.00517	0.00437	0.00133	0.00513	0.00436	0.01487	0.09930

[dist]
# distance from previous block
# <min> <max>
0	26

[block]
# block no. 7 follows, 57 sequences, length 24
# corresponding to MSA columns:
# 1010-1033
name=unknown_H
#
# <colnr> <probs for GDERKNQSTAVLIFYWHMCP>
#	G	D	E	R	K	N	Q	S	T	A	V	L	I	F	Y	W	H	M	C	P
0	0.00955	0.05735	0.05922	0.03434	0.11860	0.05831	0.02620	0.04333	0.04100	0.02899	0.09502	0.05368	0.17951	0.00670	0.00473	0.00130	0.02138	0.00561	0.00328	0.15190
1	0.04801	0.06949	0.02730	0.05306	0.23268	0.15121	0.00864	0.01335	0.04548	0.02778	0.01924	0.03487	0.00957	0.14642	0.00732	0.00177	0.00522	0.00428	0.00262	0.09168
2	0.55913	0.00918	0.00867	0.05815	0.06098	0.02219	0.00639	0.10136	0.03851	0.01978	0.02264	0.01060	0.03479	0.00480	0.00343	0.00140	0.00391	0.00333	0.02538	0.00539
3	0.00658	0.00441	0.00504	0.00504	0.00507	0.00445	0.00287	0.00665	0.00662	0.00886	0.01419	0.02916	0.01626	0.80715	0.05637	0.00451	0.00472	0.00652	0.00273	0.00280
4	0.01093	0.01053	0.01811	0.10861	0.71429	0.01071	0.03289	0.01369	0.01020	0.01447	0.00849	0.01133	0.00706	0.00408	0.00451	0.00137	0.00550	0.00407	0.00222	0.00694
5	0.00855	0.00685	0.00792	0.02912	0.03241	0.03850	0.00565	0.03146	0.17090	0.03877	0.47811	0.04147	0.07573	0.00821	0.00507	0.00145	0.00299	0.00711	0.00460	0.00514
6	0.12238	0.00777	0.00978	0.00766	0.01094	0.00714	0.00630	0.04080	0.01236	0.65419	0.01612	0.01441	0.01039	0.00542	0.00427	0.00138	0.00375	0.00427	0.05349	0.00718
7	0.00664	0.00501	0.00726	0.00717	0.00784	0.00585	0.00546	0.00801	0.00717	0.01030	0.01215	0.01904	0.01178	0.14094	0.68036	0.00666	0.04692	0.00505	0.00245	0.00391
8	0.00583	0.00456	0.00529	0.00521	0.00644	0.00401	0.00387	0.00739	0.01129	0.01479	0.37924	0.10179	0.41264	0.01072	0.00538	0.00151	0.00225	0.00922	0.00455	0.00401
9	0.00641	0.00463	0.00606	0.00570	0.00677	0.00428	0.00428	0.00855	0.01283	0.01817	0.81009	0.03385	0.04276	0.00926	0.00534	0.00143	0.00214	0.00819	0.00499	0.00428
10	0.00657	0.00443	0.00514	0.00513	0.00522	0.00447	0.00300	0.00677	0.00688	0.00927	0.04547	0.02904	0.01717	0.75481	0.07510	0.00447	0.00481	0.00654	0.00281	0.00289
11	0.01200	0.08179	0.29569	0.01552	0.19477	0.04674	0.07797	0.07023	0.03559	0.09052	0.00948	0.01079	0.00708	0.00454	0.00464	0.00138	0.02803	0.00381	0.00266	0.00676
12	0.01232	0.07516	0.03944	0.03227	0.45912	0.13734	0.01163	0.06824	0.05927	0.01490	0.00925	0.03207	0.00782	0.00468	0.00449	0.00133	0.01744	0.00402	0.00257	0.00664
13	0.05882	0.02815	0.21679	0.08327	0.02946	0.06898	0.00960	0.07346	0.08151	0.03000	0.13616	0.01422	0.01272	0.00525	0.00428	0.00130	0.00484	0.00423	0.00311	0.13383
14	0.05253	0.05483	0.08675	0.02427	0.09201	0.03239	0.02673	0.37106	0.03899	0.09678	0.03524	0.02346	0.00914	0.01511	0.00460	0.00139	0.00496	0.00418	0.00378	0.02179
15	0.18633	0.04673	0.09839	0.00933	0.01295	0.01173	0.02464	0.38627	0.01500	0.09135	0.01024	0.01075	0.00741	0.00581	0.02787	0.00153	0.00492	0.00370	0.03837	0.00668
16	0.00586	0.00426	0.00566	0.02129	0.00717	0.00401	0.00448	0.00708	0.00981	0.01326	0.21450	0.57071	0.05867	0.01267	0.00566	0.00173	0.00262	0.04233	0.00435	0.00387
17	0.05142	0.22052	0.15504	0.04807	0.10107	0.02789	0.06883	0.08694	0.01071	0.02930	0.04112	0.08488	0.00990	0.00551	0.00463	0.00136	0.03964	0.00448	0.00268	0.00597
18	0.01151	0.01137	0.05090	0.15049	0.52176	0.07061	0.01270	0.01430	0.02092	0.05925	0.00982	0.01209	0.02519	0.00446	0.00448	0.00137	0.00557	0.00409	0.00247	0.00663
19	0.01704	0.00696	0.00938	0.00752	0.01043	0.00606	0.00608	0.01876	0.01256	0.63244	0.11671	0.07307	0.04843	0.00686	0.00477	0.00144	0.00350	0.00575	0.00538	0.00687
20	0.00594	0.00443	0.00636	0.00703	0.00757	0.00417	0.03634	0.00702	0.00904	0.01205	0.04173	0.70175	0.02891	0.01349	0.00581	0.00185	0.00299	0.09555	0.00414	0.00384
21	0.02632	0.01200	0.09948	0.07889	0.34677	0.04418	0.07981	0.10658	0.01169	0.08480	0.01016	0.03617	0.00804	0.00475	0.00451	0.00139	0.00549	0.00433	0.02796	0.00668
22	0.00643	0.00472	0.00595	0.00653	0.00715	0.00463	0.00459	0.04173	0.02995	0.01258	0.03938	0.60014	0.10172	0.03317	0.00659	0.02660	0.01793	0.04217	0.00410	0.00394
23	0.02579	0.18360	0.06067	0.04460	0.11614	0.07983	0.02328	0.16592	0.10519	0.01672	0.00951	0.01049	0.00750	0.00454	0.00397	0.00120	0.00502	0.00353	0.01409	0.11839

[dist]
# distance from previous block
# <min> <max>
5	13

[block]
# block no. 8 follows, 57 sequences, length 17
# corresponding to MSA columns:
# 1048-1064
name=unknown_I
#
# <colnr> <probs for GDERKNQSTAVLIFYWHMCP>
#	G	D	E	R	K	N	Q	S	T	A	V	L	I	F	Y	W	H	M	C	P
0	0.02951	0.03334	0.08264	0.04294	0.07508	0.08862	0.00846	0.12469	0.04986	0.11092	0.04072	0.01320	0.00973	0.00697	0.05048	0.00168	0.07537	0.00410	0.12535	0.02635
1	0.00976	0.06045	0.04180	0.03657	0.05282	0.03857	0.08704	0.05429	0.07397	0.02736	0.12557	0.03531	0.08738	0.00680	0.02794	0.00143	0.00445	0.01636	0.01692	0.19521
2	0.00800	0.00554	0.00653	0.00620	0.00761	0.02408	0.02150	0.02318	0.01055	0.07976	0.13312	0.17893	0.26244	0.02198	0.02332	0.00167	0.01495	0.03448	0.11958	0.01658
3	0.00924	0.05824	0.05003	0.01180	0.18500	0.03094	0.00770	0.04256	0.07699	0.01446	0.06209	0.21496	0.03253	0.04827	0.00550	0.00153	0.00400	0.00646	0.03612	0.10158
4	0.01033	0.00833	0.00867	0.00785	0.00982	0.04246	0.00598	0.11443	0.32626	0.03471	0.10127	0.11383	0.09419	0.06017	0.00596	0.00168	0.00357	0.00657	0.03814	0.00576
5	0.79894	0.00854	0.00674	0.00599	0.00878	0.00975	0.00492	0.01342	0.00805	0.05500	0.00848	0.00923	0.03890	0.00457	0.00299	0.00141	0.00347	0.00284	0.00299	0.00499
6	0.00663	0.00468	0.00596	0.00639	0.00740	0.00434	0.00491	0.00808	0.01026	0.04377	0.14601	0.28295	0.22024	0.01250	0.02358	0.00187	0.00311	0.19893	0.00433	0.00409
7	0.01135	0.13349	0.19228	0.04889	0.10323	0.09364	0.15154	0.06552	0.02317	0.03117	0.04025	0.03165	0.02285	0.00492	0.00442	0.00135	0.00594	0.01200	0.00260	0.01973
8	0.01023	0.00962	0.01634	0.10899	0.53682	0.00978	0.06238	0.03470	0.01028	0.01435	0.01102	0.13371	0.01043	0.00562	0.00474	0.00145	0.00518	0.00543	0.00258	0.00638
9	0.00774	0.00397	0.00593	0.00597	0.00600	0.00398	0.00400	0.00599	0.00605	0.00810	0.00866	0.04474	0.00882	0.01630	0.04466	0.80646	0.00417	0.00430	0.00207	0.00210
10	0.00902	0.00644	0.00802	0.00827	0.07301	0.00694	0.00588	0.03451	0.05401	0.05260	0.05068	0.04130	0.17605	0.00786	0.01608	0.00151	0.12577	0.03159	0.28554	0.00491
11	0.01109	0.03162	0.22954	0.06044	0.23969	0.05788	0.07117	0.03173	0.03834	0.07437	0.01104	0.06227	0.02059	0.02248	0.00508	0.00149	0.01751	0.00460	0.00269	0.00638
12	0.01105	0.03853	0.51123	0.01380	0.04678	0.10203	0.12691	0.03556	0.01057	0.04923	0.00862	0.01009	0.00626	0.00434	0.00442	0.00140	0.00674	0.00366	0.00226	0.00652
13	0.00661	0.00504	0.00747	0.00739	0.00814	0.00595	0.00574	0.00815	0.00725	0.01048	0.01196	0.01788	0.01128	0.05940	0.76474	0.00698	0.04421	0.00488	0.00242	0.00404
14	0.01524	0.07424	0.07236	0.01184	0.01463	0.62385	0.05716	0.01687	0.01200	0.01151	0.00756	0.02752	0.00645	0.00484	0.00440	0.00123	0.02728	0.00332	0.00231	0.00540
15	0.01399	0.16812	0.09384	0.05857	0.11519	0.16370	0.02623	0.16142	0.01273	0.09815	0.00958	0.02364	0.00744	0.00479	0.00413	0.00127	0.00567	0.00370	0.02144	0.00641
16	0.03148	0.01207	0.05956	0.19195	0.08031	0.06304	0.05823	0.30040	0.04995	0.06606	0.01007	0.01144	0.00739	0.00502	0.00485	0.00143	0.03279	0.00407	0.00333	0.00660

[dist]
# distance from previous block
# <min> <max>
1	2

[block]
# block no. 9 follows, 57 sequences, length 24
# corresponding to MSA columns:
# 1068-1091
name=unknown_J
#
# <colnr> <probs for GDERKNQSTAVLIFYWHMCP>
#	G	D	E	R	K	N	Q	S	T	A	V	L	I	F	Y	W	H	M	C	P
0	0.00809	0.00744	0.03782	0.03808	0.01034	0.05098	0.05728	0.00999	0.00968	0.01367	0.09354	0.17205	0.07342	0.01899	0.08650	0.00195	0.01699	0.01485	0.11178	0.16657
1	0.05040	0.36879	0.01730	0.00947	0.01245	0.23688	0.05142	0.05507	0.02644	0.01289	0.00820	0.03595	0.00721	0.00481	0.00406	0.00118	0.03834	0.00336	0.05022	0.00557
2	0.02322	0.01284	0.26176	0.05524	0.01490	0.00864	0.05465	0.04704	0.04618	0.05152	0.10693	0.01511	0.05272	0.00539	0.00480	0.00131	0.03867	0.00443	0.00301	0.19166
3	0.02630	0.11045	0.16788	0.01659	0.27758	0.05360	0.07395	0.06802	0.05910	0.05030	0.04632	0.01185	0.00887	0.00462	0.00434	0.00134	0.00551	0.00402	0.00274	0.00663
4	0.02435	0.05311	0.27156	0.01209	0.12354	0.02343	0.01059	0.07268	0.03906	0.10631	0.08093	0.09723	0.04147	0.00634	0.00459	0.00144	0.00486	0.01691	0.00330	0.00623
5	0.00685	0.00504	0.00632	0.00693	0.00780	0.00500	0.00512	0.00948	0.11080	0.02789	0.04170	0.50255	0.08507	0.01241	0.00565	0.00181	0.00301	0.14796	0.00429	0.00431
6	0.01120	0.01079	0.01886	0.03582	0.39780	0.03201	0.24714	0.04769	0.01098	0.04461	0.01186	0.04734	0.05264	0.00495	0.00484	0.00143	0.00579	0.00509	0.00267	0.00648
7	0.01217	0.01355	0.20218	0.04482	0.29855	0.05166	0.04368	0.06159	0.03169	0.12045	0.01060	0.02621	0.00824	0.00540	0.02131	0.00152	0.00571	0.01724	0.00288	0.02053
8	0.01047	0.09841	0.39313	0.10087	0.13325	0.07922	0.05975	0.02855	0.01009	0.01367	0.00811	0.01010	0.00623	0.00496	0.02320	0.00150	0.00653	0.00356	0.00209	0.00631
9	0.00607	0.00470	0.00518	0.00515	0.00658	0.00405	0.00392	0.00744	0.01077	0.03571	0.17333	0.07106	0.58509	0.01109	0.00540	0.00155	0.00243	0.05209	0.00438	0.00402
10	0.01185	0.25189	0.30751	0.01070	0.02661	0.14217	0.01110	0.03976	0.08316	0.03027	0.00887	0.00984	0.00693	0.00506	0.01972	0.00137	0.00602	0.00328	0.01768	0.00623
11	0.01229	0.10601	0.24259	0.01224	0.10028	0.09983	0.03029	0.05762	0.10236	0.10823	0.01196	0.03404	0.03007	0.02678	0.00480	0.00144	0.00547	0.00421	0.00303	0.00645
12	0.00655	0.00469	0.00643	0.00641	0.00699	0.00516	0.00464	0.00771	0.00743	0.01055	0.05705	0.02231	0.01466	0.27998	0.51376	0.00593	0.00898	0.00556	0.02157	0.00366
13	0.00682	0.00497	0.00667	0.00746	0.00849	0.00482	0.00627	0.00868	0.01049	0.01368	0.10508	0.12211	0.11861	0.01223	0.00602	0.00193	0.00361	0.54371	0.00426	0.00410
14	0.03462	0.01164	0.10286	0.03672	0.21414	0.04046	0.09221	0.05197	0.12844	0.17984	0.01249	0.04331	0.00952	0.00521	0.00471	0.00144	0.01558	0.00461	0.00343	0.00680
15	0.05157	0.06499	0.04831	0.05958	0.13899	0.16600	0.06306	0.08294	0.02298	0.13452	0.02330	0.06791	0.00972	0.00558	0.00471	0.00139	0.02691	0.01822	0.00318	0.00614
16	0.00682	0.00526	0.00762	0.00746	0.00807	0.00625	0.00572	0.00812	0.00722	0.01039	0.01218	0.05356	0.01200	0.10478	0.61593	0.02339	0.09353	0.00526	0.00248	0.00396
17	0.01178	0.75201	0.11225	0.00833	0.01252	0.01710	0.00876	0.01366	0.00925	0.01107	0.00650	0.00753	0.00581	0.00392	0.00306	0.00102	0.00505	0.00253	0.00194	0.00591
18	0.01108	0.04972	0.12181	0.05450	0.42241	0.03313	0.09758	0.02507	0.01029	0.04767	0.00951	0.01308	0.00798	0.05072	0.00555	0.00155	0.00573	0.02368	0.00243	0.00650
19	0.01065	0.03867	0.15110	0.18216	0.22147	0.02610	0.06944	0.10048	0.05339	0.01552	0.03080	0.04831	0.00924	0.00515	0.00459	0.00144	0.00558	0.01691	0.00270	0.00629
20	0.00929	0.01128	0.21622	0.00971	0.04878	0.00794	0.03792	0.06853	0.09918	0.05457	0.16811	0.03604	0.16811	0.00723	0.00484	0.00146	0.00418	0.01944	0.02143	0.00573
21	0.01367	0.01169	0.12120	0.08640	0.15070	0.05491	0.05466	0.05204	0.08198	0.25240	0.01349	0.02629	0.03364	0.00531	0.00477	0.00143	0.02059	0.00451	0.00358	0.00674
22	0.01218	0.12147	0.23517	0.04559	0.14936	0.05953	0.07903	0.06235	0.01108	0.11692	0.01075	0.02645	0.02308	0.00492	0.00438	0.00137	0.00571	0.02137	0.00280	0.00649
23	0.01236	0.03605	0.22859	0.16692	0.15068	0.06586	0.06768	0.05524	0.01106	0.14762	0.00989	0.01138	0.00713	0.00456	0.00445	0.00140	0.00592	0.00391	0.00279	0.00652

[dist]
# distance from previous block
# <min> <max>
3	10

[block]
# block no. 10 follows, 57 sequences, length 14
# corresponding to MSA columns:
# 1102-1115
name=unknown_K
#
# <colnr> <probs for GDERKNQSTAVLIFYWHMCP>
#	G	D	E	R	K	N	Q	S	T	A	V	L	I	F	Y	W	H	M	C	P
0	0.02697	0.09842	0.38143	0.05385	0.05962	0.04522	0.13811	0.01439	0.01013	0.06703	0.03363	0.03359	0.00816	0.00470	0.00441	0.00140	0.00613	0.00410	0.00243	0.00627
1	0.05405	0.03724	0.30047	0.01007	0.04277	0.00834	0.02627	0.01445	0.01064	0.17211	0.12837	0.01421	0.01247	0.00510	0.00427	0.00129	0.00469	0.00419	0.00328	0.14572
2	0.09483	0.63272	0.08650	0.00831	0.01219	0.07849	0.00830	0.01396	0.00937	0.01193	0.00651	0.00754	0.00572	0.00400	0.00310	0.00106	0.00513	0.00254	0.00205	0.00576
3	0.03734	0.35268	0.21662	0.00953	0.01385	0.11555	0.00981	0.03576	0.01047	0.10517	0.00838	0.00910	0.00649	0.00431	0.00366	0.00117	0.00550	0.00302	0.00253	0.04906
4	0.01097	0.53283	0.32435	0.00971	0.01465	0.01512	0.01116	0.01386	0.00934	0.01206	0.00699	0.00814	0.00579	0.00404	0.00344	0.00115	0.00555	0.00277	0.00193	0.00615
5	0.82415	0.00959	0.05228	0.00635	0.00937	0.01019	0.00557	0.01338	0.00782	0.01999	0.00641	0.00749	0.00495	0.00421	0.00289	0.00140	0.00368	0.00250	0.00275	0.00501
6	0.00787	0.00394	0.00590	0.00590	0.00590	0.00394	0.00394	0.00590	0.00590	0.00787	0.00787	0.01377	0.00787	0.01574	0.01771	0.86816	0.00394	0.00394	0.00197	0.00197
7	0.00748	0.00663	0.03920	0.00714	0.03067	0.00611	0.00549	0.01185	0.18152	0.01692	0.43548	0.03056	0.18586	0.00869	0.00512	0.00147	0.00275	0.00750	0.00455	0.00498
8	0.01025	0.00871	0.00972	0.00929	0.04560	0.00978	0.00686	0.02037	0.60346	0.01861	0.18430	0.02022	0.01962	0.00671	0.00476	0.00151	0.00336	0.00572	0.00459	0.00656
9	0.00634	0.00463	0.00595	0.00562	0.00672	0.00424	0.00421	0.00840	0.01264	0.01774	0.75400	0.03456	0.09912	0.00943	0.00535	0.00143	0.00215	0.00830	0.00493	0.00424
10	0.13388	0.00982	0.01031	0.00937	0.03516	0.01117	0.00717	0.09532	0.56155	0.05294	0.01570	0.01476	0.01169	0.00572	0.00434	0.00149	0.00377	0.00459	0.00432	0.00693
11	0.23827	0.01005	0.01422	0.12840	0.42340	0.01081	0.01088	0.08440	0.01046	0.01707	0.00809	0.01029	0.00647	0.00428	0.00405	0.00138	0.00494	0.00362	0.00257	0.00634
12	0.11536	0.01029	0.04528	0.22918	0.30149	0.01066	0.06995	0.04069	0.06206	0.03826	0.00910	0.01144	0.00707	0.00451	0.00462	0.00144	0.02583	0.00400	0.00257	0.00623
13	0.45230	0.00982	0.01183	0.01498	0.32737	0.01067	0.00876	0.05989	0.03655	0.01858	0.00787	0.00942	0.00627	0.00428	0.00363	0.00138	0.00434	0.00327	0.00274	0.00605

[dist]
# distance from previous block
# <min> <max>
1	5

[block]
# block no. 11 follows, 57 sequences, length 17
# corresponding to MSA columns:
# 1121-1131,1137-1142
name=unknown_L
#
# <colnr> <probs for GDERKNQSTAVLIFYWHMCP>
#	G	D	E	R	K	N	Q	S	T	A	V	L	I	F	Y	W	H	M	C	P
0	0.49253	0.00866	0.00832	0.00701	0.00990	0.00941	0.00572	0.09169	0.05590	0.19082	0.07100	0.01198	0.00991	0.00512	0.00364	0.00141	0.00362	0.00365	0.00384	0.00586
1	0.00667	0.00484	0.00557	0.00544	0.00616	0.00455	0.00355	0.00755	0.02580	0.01098	0.06809	0.12010	0.11936	0.47892	0.01524	0.00312	0.00368	0.03064	0.00331	0.07643
2	0.01507	0.01110	0.12277	0.01129	0.09061	0.00914	0.03521	0.16159	0.05639	0.32513	0.05902	0.03154	0.01147	0.00553	0.00457	0.00139	0.00457	0.00463	0.00425	0.03472
3	0.00941	0.00960	0.01685	0.59625	0.02868	0.04083	0.20858	0.01256	0.00961	0.01229	0.00829	0.01197	0.00624	0.00436	0.00472	0.00150	0.00652	0.00432	0.00210	0.00531
4	0.01158	0.01063	0.01657	0.06939	0.58760	0.01108	0.01244	0.08213	0.12244	0.01638	0.01009	0.01203	0.00809	0.00448	0.00451	0.00138	0.00513	0.00419	0.00276	0.00710
5	0.00997	0.07107	0.68342	0.01267	0.01891	0.01081	0.05729	0.01474	0.00979	0.05796	0.00861	0.00989	0.00610	0.00432	0.00429	0.00141	0.00648	0.00347	0.00214	0.00667
6	0.06493	0.01177	0.01300	0.03610	0.09138	0.04555	0.00869	0.50381	0.06398	0.06941	0.03870	0.01204	0.00914	0.00536	0.00444	0.00137	0.00486	0.00416	0.00413	0.00716
7	0.00906	0.00675	0.00771	0.00695	0.00867	0.02653	0.00534	0.04540	0.19585	0.06818	0.48961	0.02767	0.06763	0.00815	0.00506	0.00145	0.00285	0.00702	0.00482	0.00530
8	0.02749	0.01095	0.17427	0.01005	0.09301	0.07794	0.02884	0.01058	0.01053	0.01376	0.12180	0.05317	0.31725	0.00803	0.00509	0.00146	0.02070	0.00670	0.00334	0.00504
9	0.15350	0.02847	0.07796	0.01338	0.15932	0.28336	0.03015	0.09665	0.01168	0.01549	0.00953	0.02516	0.03677	0.00540	0.01579	0.00141	0.02372	0.00373	0.00268	0.00585
10	0.01112	0.01049	0.01714	0.20061	0.56510	0.03865	0.03625	0.01384	0.01023	0.04065	0.00870	0.01147	0.00701	0.00421	0.00451	0.00138	0.00564	0.00405	0.00231	0.00663
11	0.00564	0.00437	0.00514	0.00544	0.00642	0.00387	0.00389	0.00686	0.01025	0.01323	0.19769	0.32770	0.36929	0.01199	0.00551	0.00162	0.00238	0.01047	0.00437	0.00387
12	0.00936	0.01167	0.21452	0.08167	0.08170	0.00850	0.12652	0.01242	0.01007	0.06474	0.03166	0.09603	0.03495	0.00728	0.00542	0.00163	0.03184	0.16136	0.00303	0.00561
13	0.10621	0.06061	0.18635	0.02398	0.15751	0.03114	0.08790	0.07365	0.05104	0.12284	0.02156	0.01136	0.00786	0.00473	0.00464	0.00141	0.03376	0.00391	0.00299	0.00656
14	0.01179	0.01198	0.01810	0.02503	0.65552	0.09674	0.06266	0.01467	0.03297	0.01451	0.00868	0.01112	0.00720	0.00415	0.00450	0.00134	0.00577	0.00403	0.00232	0.00691
15	0.02664	0.03331	0.43870	0.02353	0.01520	0.02149	0.05270	0.01189	0.00978	0.01375	0.03458	0.10343	0.12644	0.00703	0.00477	0.00153	0.00531	0.06155	0.00276	0.00560
16	0.01099	0.07257	0.27732	0.04506	0.10709	0.00980	0.05027	0.08429	0.01149	0.10186	0.12222	0.01512	0.03325	0.00632	0.03138	0.00158	0.00540	0.00457	0.00311	0.00629

[dist]
# distance from previous block
# <min> <max>
4	8

[block]
# block no. 12 follows, 57 sequences, length 26
# corresponding to MSA columns:
# 1159-1177,1181-1187
name=unknown_M
#
# <colnr> <probs for GDERKNQSTAVLIFYWHMCP>
#	G	D	E	R	K	N	Q	S	T	A	V	L	I	F	Y	W	H	M	C	P
0	0.00557	0.00396	0.00524	0.00625	0.00650	0.00371	0.00414	0.00632	0.00858	0.01144	0.02448	0.80040	0.02935	0.05244	0.00658	0.00196	0.00271	0.01259	0.00414	0.00364
1	0.00909	0.00826	0.03616	0.02889	0.34412	0.00782	0.02929	0.04192	0.02856	0.02736	0.07472	0.27655	0.04062	0.01926	0.00526	0.00157	0.00419	0.00739	0.00332	0.00565
2	0.01693	0.02160	0.01284	0.01167	0.01401	0.82256	0.00876	0.01809	0.01284	0.01109	0.00700	0.00817	0.00584	0.00467	0.00409	0.00117	0.00817	0.00292	0.00233	0.00525
3	0.00659	0.00439	0.00494	0.00494	0.00494	0.00439	0.00275	0.00659	0.00659	0.00879	0.01428	0.02965	0.01647	0.84075	0.02306	0.00439	0.00439	0.00659	0.00275	0.00275
4	0.00647	0.00485	0.00728	0.00728	0.00809	0.00566	0.00566	0.00809	0.00728	0.01052	0.01214	0.01780	0.01133	0.03398	0.82279	0.00728	0.01214	0.00485	0.00243	0.00405
5	0.01145	0.00932	0.01183	0.26002	0.01808	0.01077	0.02424	0.07085	0.43948	0.07258	0.01455	0.01484	0.01073	0.00552	0.00459	0.00151	0.00453	0.00468	0.00384	0.00657
6	0.06153	0.00491	0.00545	0.00532	0.00549	0.00518	0.00320	0.00721	0.00668	0.00961	0.01340	0.02737	0.01528	0.75087	0.02142	0.00410	0.04108	0.00621	0.00272	0.00298
7	0.01049	0.01363	0.12613	0.01832	0.02317	0.01134	0.69805	0.01449	0.01055	0.01449	0.00904	0.01189	0.00673	0.00388	0.00522	0.00152	0.00752	0.00510	0.00224	0.00619
8	0.00540	0.00454	0.00469	0.00476	0.00618	0.00383	0.00353	0.00655	0.01027	0.01236	0.06640	0.10605	0.72673	0.01163	0.00539	0.00155	0.00232	0.00979	0.00423	0.00383
9	0.00901	0.00851	0.01440	0.69468	0.16288	0.01019	0.01281	0.01197	0.00927	0.01212	0.00813	0.01194	0.00623	0.00445	0.00452	0.00148	0.00593	0.00403	0.00205	0.00540
10	0.00948	0.07381	0.66835	0.01336	0.01962	0.01111	0.11359	0.01432	0.00969	0.01414	0.00815	0.00975	0.00589	0.00422	0.00435	0.00142	0.00670	0.00354	0.00196	0.00657
11	0.03389	0.01217	0.04917	0.06235	0.01530	0.01266	0.04016	0.55174	0.06702	0.09236	0.01148	0.01164	0.00810	0.00530	0.00453	0.00139	0.00502	0.00417	0.00423	0.00734
12	0.01122	0.01077	0.01839	0.02781	0.81248	0.01077	0.01391	0.01391	0.01032	0.01480	0.00852	0.01122	0.00718	0.00404	0.00449	0.00135	0.00538	0.00404	0.00224	0.00718
13	0.00885	0.00761	0.01230	0.02883	0.30720	0.00758	0.04618	0.01122	0.01038	0.01398	0.01816	0.03367	0.04747	0.00881	0.00550	0.00176	0.00474	0.41705	0.00334	0.00537
14	0.01240	0.06536	0.03742	0.01799	0.26631	0.22821	0.20482	0.03254	0.01115	0.01358	0.00922	0.06265	0.00808	0.00482	0.00457	0.00135	0.00650	0.00451	0.00243	0.00609
15	0.01242	0.04935	0.06636	0.01254	0.01483	0.29938	0.14441	0.02932	0.01033	0.01219	0.00842	0.06581	0.00771	0.00605	0.00743	0.00152	0.23987	0.00434	0.00235	0.00537
16	0.00623	0.00538	0.00553	0.00604	0.00691	0.05935	0.00423	0.00718	0.00957	0.01178	0.03144	0.48987	0.31495	0.01255	0.00551	0.00168	0.00288	0.01099	0.00408	0.00384
17	0.01114	0.00790	0.08822	0.00751	0.00998	0.00621	0.00661	0.06613	0.01241	0.23616	0.26345	0.07030	0.11557	0.00829	0.00507	0.00150	0.00347	0.06987	0.00462	0.00560
18	0.01147	0.02598	0.35203	0.01150	0.06302	0.02248	0.01139	0.10809	0.08264	0.10522	0.01213	0.08491	0.00986	0.00565	0.00447	0.00141	0.00520	0.01418	0.00319	0.06520
19	0.00560	0.00400	0.00535	0.00640	0.00669	0.00375	0.00434	0.00644	0.00875	0.01165	0.02493	0.80408	0.02980	0.01412	0.00580	0.00185	0.00270	0.04584	0.00420	0.00370
20	0.00953	0.00820	0.01369	0.72331	0.07930	0.00988	0.01227	0.01244	0.00941	0.06639	0.00875	0.01225	0.00646	0.00457	0.00453	0.00149	0.00585	0.00406	0.00227	0.00535
21	0.01108	0.01227	0.07979	0.02347	0.54245	0.04173	0.12222	0.01392	0.01011	0.01425	0.00830	0.01100	0.00687	0.00439	0.00548	0.00143	0.07818	0.00412	0.00221	0.00673
22	0.01166	0.01123	0.01729	0.06196	0.63237	0.05063	0.01299	0.06360	0.01085	0.01508	0.00840	0.01100	0.00701	0.00444	0.00518	0.00139	0.06170	0.00398	0.00236	0.00687
23	0.00646	0.00439	0.00518	0.00528	0.00541	0.00440	0.00317	0.00675	0.00714	0.00962	0.05060	0.11567	0.01874	0.66086	0.07434	0.00418	0.00463	0.00722	0.00298	0.00300
24	0.00965	0.15668	0.65652	0.01232	0.01847	0.01177	0.04622	0.01423	0.00955	0.01376	0.00787	0.00930	0.00580	0.00422	0.00412	0.00136	0.00643	0.00328	0.00193	0.00653
25	0.00881	0.07984	0.44671	0.10031	0.01724	0.04017	0.02310	0.01238	0.00945	0.01305	0.01170	0.18377	0.01115	0.00649	0.00457	0.00149	0.00567	0.01595	0.00246	0.00572

[dist]
# distance from previous block
# <min> <max>
0	31

[block]
# block no. 13 follows, 57 sequences, length 17
# corresponding to MSA columns:
# 1219-1235
name=unknown_N
#
# <colnr> <probs for GDERKNQSTAVLIFYWHMCP>
#	G	D	E	R	K	N	Q	S	T	A	V	L	I	F	Y	W	H	M	C	P
0	0.01212	0.59856	0.03829	0.00782	0.01122	0.01462	0.00742	0.04543	0.00999	0.08638	0.01014	0.12100	0.00967	0.00551	0.00355	0.00115	0.00450	0.00413	0.00269	0.00580
1	0.01067	0.01011	0.01711	0.04344	0.72066	0.01012	0.01298	0.01326	0.01033	0.01474	0.04654	0.05041	0.00986	0.00476	0.00459	0.00138	0.00512	0.00464	0.00246	0.00683
2	0.01066	0.01119	0.06343	0.19438	0.38954	0.02908	0.12905	0.05226	0.01063	0.01454	0.00930	0.03292	0.00775	0.00463	0.00467	0.00144	0.00588	0.01989	0.00239	0.00637
3	0.01201	0.00990	0.01652	0.15986	0.57249	0.01009	0.01270	0.01463	0.01047	0.12300	0.00971	0.01193	0.00754	0.00433	0.00450	0.00138	0.00529	0.00411	0.00266	0.00689
4	0.00571	0.00443	0.00523	0.00565	0.00665	0.00395	0.00415	0.00693	0.01005	0.01279	0.12153	0.31479	0.38581	0.01226	0.00558	0.00168	0.00257	0.08209	0.00429	0.00386
5	0.03246	0.13595	0.18388	0.01183	0.01588	0.08819	0.19845	0.02484	0.02659	0.13006	0.02453	0.04622	0.03105	0.00528	0.00449	0.00139	0.00580	0.02404	0.00295	0.00611
6	0.01059	0.05158	0.05876	0.01288	0.01618	0.00926	0.36054	0.04254	0.04261	0.09736	0.05066	0.19799	0.01434	0.00676	0.00513	0.00154	0.00543	0.00678	0.00333	0.00577
7	0.00582	0.00432	0.00550	0.00633	0.00701	0.00400	0.00463	0.00693	0.00936	0.01209	0.02926	0.51986	0.19582	0.01330	0.00578	0.00182	0.00285	0.15732	0.00420	0.00380
8	0.01077	0.01232	0.12658	0.07442	0.65745	0.01069	0.01421	0.01383	0.01014	0.01455	0.00844	0.01104	0.00691	0.00410	0.00446	0.00137	0.00560	0.00394	0.00218	0.00698
9	0.12897	0.01142	0.02878	0.01648	0.19908	0.04601	0.27570	0.11381	0.03724	0.04003	0.01044	0.04055	0.02104	0.00479	0.00460	0.00144	0.00573	0.00466	0.00290	0.00632
10	0.01327	0.00950	0.01249	0.06443	0.14124	0.02251	0.03150	0.19330	0.12780	0.15362	0.02742	0.02011	0.01274	0.00654	0.00487	0.00153	0.00466	0.14181	0.00405	0.00661
11	0.00880	0.00831	0.01404	0.75558	0.10357	0.01013	0.01271	0.01179	0.00918	0.01188	0.00810	0.01200	0.00615	0.00448	0.00453	0.00149	0.00598	0.00403	0.00203	0.00523
12	0.01065	0.00959	0.01331	0.32436	0.20041	0.04346	0.01069	0.01621	0.23625	0.04660	0.01256	0.01414	0.03184	0.00513	0.00455	0.00146	0.00508	0.00448	0.00303	0.00621
13	0.00684	0.00437	0.00484	0.00484	0.00499	0.00437	0.00280	0.00713	0.00699	0.00989	0.01435	0.02792	0.01581	0.72731	0.02036	0.00394	0.00408	0.00627	0.11995	0.00295
14	0.01061	0.01003	0.01653	0.13249	0.59886	0.01003	0.01257	0.01326	0.01002	0.01437	0.00840	0.01108	0.00696	0.00401	0.00434	0.00128	0.00520	0.00385	0.00227	0.12384
15	0.00928	0.00792	0.00927	0.00667	0.01058	0.00597	0.00533	0.01130	0.00953	0.01490	0.03956	0.01036	0.00813	0.00359	0.00343	0.00070	0.00331	0.00290	0.00278	0.83451
16	0.00640	0.00453	0.00544	0.00544	0.00583	0.00461	0.00352	0.00693	0.00726	0.00966	0.01808	0.02881	0.12312	0.54160	0.20558	0.00467	0.00590	0.00659	0.00287	0.00319

[dist]
# distance from previous block
# <min> <max>
0	151

# created by:
# /st0/software/busco_prod/Augustus/scripts/msa2prfl.pl ./align_prep/109614.fa
