[name]
unknown

[dist]
# distance from previous block
# <min> <max>
0	20

[block]
# block no. 0 follows, 53 sequences, length 22
# corresponding to MSA columns:
# 41-62
name=unknown_A
#
# <colnr> <probs for GDERKNQSTAVLIFYWHMCP>
#	G	D	E	R	K	N	Q	S	T	A	V	L	I	F	Y	W	H	M	C	P
0	0.01427	0.38191	0.01822	0.00928	0.01297	0.07359	0.00823	0.26303	0.01426	0.01806	0.02597	0.01188	0.00866	0.00517	0.00397	0.00121	0.00518	0.03857	0.00320	0.08236
1	0.00988	0.04261	0.43142	0.01220	0.01724	0.01028	0.10067	0.01542	0.11633	0.03518	0.05519	0.05466	0.06581	0.00606	0.00488	0.00155	0.00582	0.00523	0.00300	0.00656
2	0.00589	0.00422	0.00549	0.00647	0.00679	0.00394	0.00430	0.00668	0.00908	0.01204	0.02659	0.73890	0.06597	0.07019	0.00731	0.00211	0.00288	0.01298	0.00433	0.00382
3	0.00678	0.00466	0.00516	0.00516	0.00538	0.00456	0.00299	0.00694	0.00747	0.00975	0.01944	0.03321	0.12018	0.72436	0.02187	0.00424	0.00434	0.00736	0.00310	0.00305
4	0.06957	0.51381	0.08004	0.00859	0.01215	0.04892	0.00832	0.03343	0.00983	0.01276	0.00861	0.04418	0.00798	0.00898	0.11282	0.00205	0.00626	0.00351	0.00236	0.00582
5	0.00929	0.00548	0.00696	0.00624	0.00795	0.00488	0.00480	0.01125	0.01303	0.16508	0.50174	0.03415	0.19146	0.00952	0.00548	0.00152	0.00263	0.00822	0.00522	0.00509
6	0.01124	0.01103	0.05071	0.32484	0.40952	0.01137	0.01378	0.08211	0.01138	0.01560	0.00901	0.01207	0.00710	0.00460	0.00475	0.00149	0.00596	0.00423	0.00247	0.00675
7	0.01751	0.07779	0.01432	0.01203	0.01461	0.75906	0.00916	0.01876	0.01329	0.01167	0.00734	0.00855	0.00616	0.00487	0.00423	0.00122	0.00838	0.00304	0.00243	0.00558
8	0.01498	0.03624	0.16148	0.01091	0.01420	0.16572	0.00999	0.12456	0.01263	0.19064	0.01115	0.01281	0.00850	0.05170	0.03474	0.00189	0.12374	0.00414	0.00343	0.00655
9	0.00692	0.00477	0.00592	0.00592	0.00617	0.00502	0.00378	0.00741	0.00716	0.00979	0.01441	0.02768	0.01582	0.60316	0.25106	0.00551	0.00698	0.00642	0.00280	0.00329
10	0.00672	0.00497	0.00724	0.00736	0.00808	0.00563	0.00555	0.00819	0.00779	0.01107	0.01453	0.11190	0.01463	0.09860	0.65682	0.00678	0.01099	0.00623	0.00280	0.00411
11	0.00631	0.00530	0.00553	0.00545	0.00706	0.00477	0.00409	0.00868	0.08037	0.01405	0.10995	0.07568	0.63285	0.01153	0.00560	0.00162	0.00254	0.00970	0.00455	0.00438
12	0.83765	0.00928	0.00728	0.00649	0.00935	0.01085	0.00535	0.01397	0.00811	0.02112	0.00664	0.00785	0.00521	0.00457	0.00338	0.00150	0.03066	0.00264	0.00293	0.00518
13	0.01785	0.02278	0.01354	0.01231	0.01478	0.81284	0.00924	0.01909	0.01354	0.01170	0.00739	0.00862	0.00616	0.00493	0.00431	0.00123	0.00862	0.00308	0.00246	0.00554
14	0.00686	0.00499	0.00703	0.00703	0.00766	0.00562	0.00517	0.00812	0.00749	0.01062	0.01339	0.02206	0.01337	0.24468	0.60619	0.00688	0.01066	0.00560	0.00265	0.00391
15	0.01056	0.01139	0.02382	0.01767	0.02171	0.01079	0.61853	0.01445	0.03204	0.01517	0.01290	0.04898	0.01139	0.00588	0.00578	0.00171	0.00720	0.12111	0.00286	0.00607
16	0.17093	0.01379	0.14412	0.01561	0.02005	0.01183	0.43773	0.01524	0.04369	0.01639	0.00914	0.01156	0.00693	0.00456	0.00556	0.00160	0.05780	0.00464	0.00254	0.00628
17	0.01207	0.00670	0.00719	0.00623	0.00816	0.00690	0.00491	0.17658	0.01301	0.09578	0.01503	0.01633	0.01134	0.00564	0.00379	0.00122	0.00305	0.00446	0.59605	0.00559
18	0.00575	0.00483	0.00500	0.00500	0.00653	0.00407	0.00373	0.00705	0.01109	0.01346	0.11584	0.06595	0.71140	0.01197	0.00566	0.00161	0.00242	0.01005	0.00451	0.00407
19	0.01662	0.02041	0.01450	0.01523	0.15327	0.64877	0.01014	0.01849	0.03551	0.01263	0.00802	0.00945	0.00665	0.00485	0.00440	0.00128	0.00796	0.00335	0.00251	0.00596
20	0.00889	0.03242	0.53992	0.01161	0.01661	0.00943	0.04597	0.01285	0.00946	0.01372	0.01138	0.08666	0.01049	0.16032	0.00840	0.00213	0.00624	0.00513	0.00241	0.00596
21	0.03814	0.00754	0.00978	0.00784	0.01081	0.00688	0.00635	0.05593	0.02599	0.52252	0.19720	0.02038	0.01918	0.00675	0.00489	0.00147	0.00362	0.00560	0.04206	0.00706

[dist]
# distance from previous block
# <min> <max>
3	9

[block]
# block no. 1 follows, 53 sequences, length 30
# corresponding to MSA columns:
# 73-102
name=unknown_B
#
# <colnr> <probs for GDERKNQSTAVLIFYWHMCP>
#	G	D	E	R	K	N	Q	S	T	A	V	L	I	F	Y	W	H	M	C	P
0	0.01082	0.06160	0.33325	0.01446	0.15041	0.01103	0.02806	0.03141	0.17306	0.03963	0.01287	0.08988	0.01075	0.00592	0.00474	0.00153	0.00553	0.00504	0.00308	0.00694
1	0.01204	0.00682	0.00842	0.00717	0.00952	0.00624	0.00562	0.07493	0.02918	0.24711	0.23104	0.08698	0.15387	0.02037	0.00548	0.00154	0.00328	0.01750	0.00498	0.06793
2	0.11008	0.00969	0.02943	0.02722	0.01354	0.00950	0.09177	0.11159	0.13622	0.27622	0.03356	0.01819	0.09129	0.00634	0.00481	0.00154	0.00448	0.01306	0.00456	0.00692
3	0.00816	0.00606	0.00770	0.07178	0.01040	0.00610	0.00603	0.05406	0.06495	0.03724	0.13910	0.27751	0.10941	0.04507	0.00644	0.00186	0.00351	0.11244	0.00435	0.02784
4	0.07790	0.04781	0.59094	0.01371	0.01992	0.01136	0.12902	0.01491	0.01008	0.01549	0.00880	0.02318	0.00657	0.00461	0.00455	0.00152	0.00681	0.00389	0.00219	0.00674
5	0.00872	0.00920	0.07606	0.49344	0.11542	0.00932	0.01192	0.01156	0.00967	0.01284	0.01232	0.18442	0.01180	0.00685	0.00503	0.00164	0.00559	0.00616	0.00263	0.00541
6	0.07894	0.53622	0.01836	0.00776	0.01075	0.03749	0.00703	0.01250	0.00956	0.01231	0.01164	0.21484	0.01248	0.00689	0.00386	0.00130	0.00451	0.00536	0.00273	0.00547
7	0.05450	0.00755	0.00859	0.00741	0.00966	0.00765	0.00585	0.18425	0.04072	0.10922	0.20348	0.04358	0.21385	0.01080	0.06935	0.00202	0.00415	0.00700	0.00466	0.00572
8	0.00687	0.00478	0.00601	0.00601	0.00635	0.00498	0.00393	0.00755	0.00774	0.01065	0.07711	0.05245	0.01850	0.51942	0.24259	0.00515	0.00667	0.00678	0.00304	0.00344
9	0.00686	0.00499	0.00664	0.00754	0.00829	0.00490	0.00578	0.00890	0.04765	0.01382	0.07918	0.45278	0.03024	0.01356	0.00619	0.00199	0.00338	0.28851	0.00450	0.00429
10	0.00684	0.00509	0.00751	0.00751	0.00830	0.00588	0.00576	0.00843	0.00763	0.01097	0.01296	0.01964	0.01232	0.09097	0.75847	0.00747	0.01224	0.00525	0.00258	0.00417
11	0.00835	0.00758	0.01248	0.64902	0.02744	0.00920	0.01141	0.01104	0.00947	0.01221	0.01226	0.18474	0.01169	0.00693	0.00506	0.00167	0.00561	0.00622	0.00261	0.00501
12	0.01912	0.01138	0.01306	0.01003	0.01376	0.01189	0.00828	0.50343	0.01921	0.30332	0.02810	0.01360	0.01009	0.00587	0.00481	0.00145	0.00479	0.00456	0.00519	0.00807
13	0.00684	0.00508	0.00746	0.00746	0.00824	0.00585	0.00570	0.00839	0.00762	0.01093	0.01300	0.01989	0.01243	0.10684	0.74275	0.00741	0.01207	0.00528	0.00259	0.00415
14	0.00587	0.00465	0.00532	0.00577	0.00687	0.00409	0.00421	0.00704	0.01035	0.01290	0.05662	0.31991	0.46242	0.01313	0.00587	0.00176	0.00267	0.06208	0.00445	0.00402
15	0.08846	0.00833	0.01083	0.00838	0.01202	0.00748	0.00692	0.03807	0.01342	0.72747	0.01774	0.01550	0.01123	0.00579	0.00466	0.00148	0.00406	0.00462	0.00566	0.00790
16	0.01012	0.01107	0.02242	0.01641	0.02046	0.01038	0.58180	0.01403	0.04987	0.01504	0.01832	0.02011	0.17473	0.00585	0.00560	0.00161	0.00666	0.00657	0.00296	0.00599
17	0.09318	0.18534	0.01710	0.22978	0.21827	0.11026	0.01112	0.02899	0.01044	0.01400	0.00790	0.01036	0.00652	0.00463	0.00455	0.00139	0.03410	0.00359	0.00234	0.00612
18	0.01368	0.01308	0.01811	0.06190	0.44605	0.10418	0.07399	0.17771	0.01360	0.01803	0.00936	0.01152	0.00744	0.00465	0.00477	0.00142	0.00615	0.00424	0.00288	0.00725
19	0.18787	0.00579	0.00661	0.00647	0.00745	0.00645	0.00466	0.00908	0.00754	0.01264	0.01260	0.03726	0.01288	0.31755	0.34010	0.00515	0.00772	0.00542	0.00280	0.00395
20	0.07745	0.00852	0.01299	0.62917	0.02753	0.01033	0.01157	0.06547	0.01030	0.01418	0.01010	0.08308	0.00859	0.00570	0.00475	0.00160	0.00577	0.00493	0.00257	0.00537
21	0.00621	0.00476	0.00569	0.00568	0.00686	0.00424	0.00417	0.00785	0.01187	0.01577	0.40123	0.16398	0.32152	0.01145	0.00571	0.00161	0.00240	0.00995	0.00483	0.00424
22	0.00760	0.00510	0.00646	0.00599	0.00738	0.00461	0.00454	0.00966	0.01311	0.07259	0.62296	0.03604	0.16610	0.00989	0.00558	0.00152	0.00241	0.00861	0.00517	0.00468
23	0.00926	0.00524	0.00721	0.00729	0.00847	0.00476	0.02158	0.01042	0.01027	0.17953	0.02539	0.58855	0.06165	0.01267	0.00581	0.00183	0.00318	0.02735	0.00470	0.00485
24	0.01390	0.51102	0.02225	0.01039	0.01437	0.07215	0.09762	0.15423	0.03636	0.01541	0.00831	0.00933	0.00688	0.00451	0.00381	0.00120	0.00568	0.00335	0.00270	0.00653
25	0.01004	0.16549	0.64179	0.01246	0.01878	0.01228	0.01558	0.01475	0.00994	0.01431	0.00839	0.00998	0.00628	0.00559	0.03348	0.00165	0.00693	0.00342	0.00204	0.00680
26	0.00585	0.00477	0.00518	0.00524	0.00662	0.00410	0.00387	0.00719	0.01113	0.01386	0.16935	0.13424	0.58786	0.01205	0.00570	0.00163	0.00243	0.01025	0.00457	0.00410
27	0.04047	0.02857	0.01688	0.02154	0.46254	0.20514	0.01215	0.05680	0.01180	0.01531	0.00845	0.01070	0.00707	0.00473	0.00517	0.00139	0.05482	0.00385	0.00253	0.03011
28	0.07587	0.09202	0.18791	0.01128	0.01534	0.21170	0.02586	0.10281	0.07578	0.01737	0.03916	0.01219	0.00928	0.00548	0.00458	0.00146	0.00627	0.00392	0.00323	0.09847
29	0.05997	0.01472	0.01335	0.01099	0.01433	0.21086	0.00870	0.35882	0.05359	0.16783	0.01301	0.02880	0.00968	0.00624	0.00495	0.00156	0.00594	0.00450	0.00457	0.00761

[dist]
# distance from previous block
# <min> <max>
3	5

[block]
# block no. 2 follows, 53 sequences, length 14
# corresponding to MSA columns:
# 109-122
name=unknown_C
#
# <colnr> <probs for GDERKNQSTAVLIFYWHMCP>
#	G	D	E	R	K	N	Q	S	T	A	V	L	I	F	Y	W	H	M	C	P
0	0.00926	0.00945	0.01888	0.03438	0.07127	0.00901	0.42239	0.01202	0.01036	0.01405	0.01533	0.28801	0.01564	0.00894	0.03600	0.00194	0.00625	0.00817	0.00309	0.00555
1	0.01399	0.00897	0.01075	0.00792	0.01197	0.00753	0.00643	0.10523	0.01239	0.23076	0.01164	0.01181	0.00849	0.00444	0.00403	0.00100	0.00388	0.00354	0.00389	0.53135
2	0.00595	0.00433	0.00550	0.00628	0.00677	0.00400	0.00423	0.00688	0.00954	0.01260	0.08640	0.61647	0.12608	0.07219	0.00730	0.00206	0.00282	0.01231	0.00439	0.00388
3	0.01048	0.01007	0.01736	0.40274	0.40783	0.01104	0.04470	0.01353	0.01027	0.01400	0.00878	0.01230	0.00699	0.00450	0.00479	0.00151	0.00610	0.00431	0.00225	0.00646
4	0.00787	0.00611	0.00763	0.00776	0.00884	0.00658	0.00584	0.04386	0.13587	0.01410	0.02198	0.31922	0.06973	0.04487	0.18170	0.00321	0.02905	0.07699	0.00399	0.00480
5	0.00608	0.00440	0.00564	0.00641	0.00692	0.00409	0.00441	0.00709	0.00969	0.01287	0.10762	0.57798	0.10281	0.07574	0.00741	0.00208	0.00290	0.04756	0.00440	0.00391
6	0.01809	0.00948	0.01111	0.00899	0.01186	0.09154	0.00728	0.01984	0.01300	0.54213	0.11613	0.01737	0.01493	0.00655	0.00596	0.00152	0.08698	0.00505	0.00509	0.00711
7	0.01070	0.28224	0.51513	0.01225	0.01824	0.01364	0.05686	0.01488	0.01004	0.01391	0.00802	0.00947	0.00615	0.00437	0.00413	0.00136	0.00650	0.00334	0.00205	0.00673
8	0.00983	0.00574	0.00838	0.00785	0.00929	0.00619	0.00619	0.01156	0.00891	0.17414	0.01404	0.01826	0.01192	0.02970	0.64719	0.00641	0.01101	0.00506	0.00325	0.00506
9	0.00665	0.00456	0.00555	0.00601	0.00620	0.00447	0.00383	0.00712	0.00803	0.01068	0.01966	0.29366	0.02293	0.49182	0.01679	0.00354	0.00401	0.07763	0.00353	0.00335
10	0.03848	0.01307	0.17506	0.01027	0.01427	0.01055	0.00970	0.28705	0.01529	0.25400	0.01430	0.09400	0.01102	0.00649	0.00506	0.00153	0.02295	0.00517	0.00441	0.00735
11	0.03023	0.01591	0.01695	0.01341	0.01685	0.32738	0.22632	0.09115	0.04888	0.01554	0.00918	0.01087	0.00724	0.00522	0.01847	0.00144	0.02268	0.00404	0.00284	0.11541
12	0.06536	0.06259	0.01405	0.03632	0.18647	0.00939	0.04911	0.04114	0.02658	0.01618	0.00876	0.01051	0.00719	0.00399	0.00395	0.00105	0.00451	0.00341	0.00276	0.44669
13	0.03656	0.08432	0.10018	0.01208	0.02824	0.15255	0.08975	0.24113	0.01477	0.13984	0.01059	0.01126	0.00771	0.00525	0.00509	0.00143	0.04464	0.00403	0.00357	0.00701

[dist]
# distance from previous block
# <min> <max>
0	1

[block]
# block no. 3 follows, 53 sequences, length 12
# corresponding to MSA columns:
# 126-136,147
name=unknown_D
#
# <colnr> <probs for GDERKNQSTAVLIFYWHMCP>
#	G	D	E	R	K	N	Q	S	T	A	V	L	I	F	Y	W	H	M	C	P
0	0.01327	0.01334	0.04019	0.30818	0.27023	0.13357	0.01311	0.08432	0.01238	0.01595	0.00978	0.01304	0.00793	0.00559	0.00557	0.00169	0.03765	0.00441	0.00287	0.00694
1	0.01005	0.00876	0.01433	0.42137	0.20666	0.00972	0.04035	0.01301	0.02818	0.05143	0.01307	0.01655	0.07045	0.04970	0.00589	0.00170	0.00560	0.00497	0.02240	0.00582
2	0.01218	0.15052	0.34367	0.01155	0.03000	0.01178	0.04909	0.09616	0.04089	0.09060	0.01140	0.02601	0.02963	0.00508	0.00440	0.00138	0.00570	0.00406	0.00298	0.07293
3	0.06073	0.08849	0.11865	0.01061	0.05997	0.02685	0.00908	0.11310	0.10095	0.25155	0.02894	0.01319	0.00992	0.00527	0.00440	0.00137	0.00476	0.00415	0.00405	0.08396
4	0.00599	0.00467	0.00519	0.00535	0.00656	0.00405	0.00387	0.00692	0.01037	0.01282	0.09416	0.17126	0.54951	0.01282	0.00689	0.07876	0.00262	0.01003	0.00428	0.00387
5	0.00747	0.07947	0.00796	0.00654	0.00787	0.00598	0.00497	0.00964	0.04898	0.03309	0.33585	0.26998	0.12933	0.01092	0.00551	0.00162	0.00284	0.02275	0.00460	0.00463
6	0.01513	0.04940	0.23505	0.01198	0.03838	0.05957	0.06367	0.13327	0.05508	0.24328	0.01303	0.01401	0.00933	0.00547	0.00474	0.00149	0.00571	0.03023	0.00384	0.00731
7	0.01181	0.08966	0.17918	0.01715	0.23031	0.05521	0.14298	0.05171	0.01145	0.05521	0.01276	0.04798	0.06242	0.00544	0.00480	0.00146	0.00603	0.00494	0.00280	0.00669
8	0.00592	0.00438	0.00540	0.00610	0.00669	0.00401	0.00413	0.00682	0.00953	0.01239	0.06158	0.55511	0.20099	0.08426	0.00755	0.00208	0.00283	0.01204	0.00434	0.00386
9	0.01182	0.45992	0.15925	0.01202	0.08544	0.01537	0.06394	0.01556	0.08882	0.01355	0.00914	0.01097	0.00770	0.00464	0.00392	0.00127	0.00556	0.02212	0.00244	0.00655
10	0.08898	0.18770	0.13768	0.03368	0.16125	0.01270	0.18695	0.01541	0.01050	0.08759	0.00921	0.01096	0.00709	0.00450	0.00468	0.00142	0.02642	0.00400	0.00263	0.00666
11	0.03071	0.02435	0.04677	0.12155	0.26320	0.02336	0.09716	0.01643	0.09821	0.13312	0.01283	0.01551	0.02030	0.00655	0.03761	0.00178	0.00583	0.03467	0.00326	0.00680

[dist]
# distance from previous block
# <min> <max>
1	7

[block]
# block no. 4 follows, 53 sequences, length 29
# corresponding to MSA columns:
# 155-183
name=unknown_E
#
# <colnr> <probs for GDERKNQSTAVLIFYWHMCP>
#	G	D	E	R	K	N	Q	S	T	A	V	L	I	F	Y	W	H	M	C	P
0	0.05039	0.13518	0.09241	0.00877	0.01183	0.05083	0.00783	0.15627	0.01985	0.06831	0.06883	0.09791	0.05701	0.02233	0.08692	0.00209	0.00548	0.00547	0.00359	0.04869
1	0.04875	0.18030	0.17152	0.01136	0.09432	0.02030	0.00984	0.10151	0.03827	0.01638	0.05316	0.07069	0.04074	0.00728	0.02246	0.00160	0.00512	0.06777	0.03247	0.00615
2	0.08916	0.15169	0.01473	0.01109	0.03078	0.37970	0.00869	0.04240	0.12508	0.01433	0.00901	0.01005	0.00739	0.00530	0.00514	0.00136	0.08181	0.00345	0.00282	0.00600
3	0.01093	0.08808	0.10272	0.01006	0.01214	0.11163	0.00891	0.01279	0.01001	0.04738	0.08849	0.08155	0.03989	0.00799	0.02268	0.00171	0.26153	0.00523	0.03324	0.04304
4	0.01174	0.01074	0.00923	0.00845	0.01060	0.19644	0.00647	0.04857	0.16681	0.08042	0.08570	0.07889	0.22837	0.00856	0.00513	0.00154	0.00447	0.02795	0.00426	0.00564
5	0.05424	0.00510	0.00623	0.00627	0.00672	0.00521	0.00415	0.04655	0.00811	0.01143	0.01494	0.20480	0.01665	0.29509	0.04341	0.25315	0.00433	0.00721	0.00309	0.00332
6	0.00798	0.00680	0.00828	0.07092	0.03924	0.04179	0.00645	0.00944	0.01033	0.03823	0.06863	0.21343	0.28842	0.01091	0.00680	0.00175	0.09911	0.06295	0.00391	0.00461
7	0.00620	0.00508	0.00638	0.00618	0.00756	0.00448	0.03837	0.00769	0.01112	0.01421	0.20044	0.19831	0.44211	0.01184	0.00575	0.00166	0.00273	0.02114	0.00452	0.00422
8	0.01071	0.00633	0.00797	0.00695	0.00888	0.00598	0.00541	0.05334	0.05877	0.18694	0.50180	0.02990	0.08014	0.00869	0.00537	0.00151	0.00290	0.00750	0.00530	0.00562
9	0.07589	0.00862	0.01089	0.00858	0.01212	0.00808	0.00703	0.04725	0.10455	0.63750	0.01789	0.01574	0.01160	0.00588	0.00469	0.00149	0.00405	0.00471	0.00556	0.00787
10	0.09077	0.00840	0.01087	0.00841	0.01205	0.00760	0.00694	0.04860	0.01352	0.71455	0.01760	0.01541	0.01116	0.00579	0.00465	0.00148	0.00408	0.00461	0.00563	0.00789
11	0.01050	0.00892	0.00939	0.00855	0.01095	0.00990	0.00661	0.05523	0.54755	0.01852	0.02593	0.05886	0.19262	0.00809	0.00509	0.00162	0.00350	0.00676	0.00475	0.00663
12	0.00590	0.00487	0.00520	0.00526	0.00675	0.00417	0.00400	0.00727	0.01114	0.01366	0.12834	0.06679	0.64999	0.01200	0.00572	0.00165	0.00253	0.05613	0.00453	0.00410
13	0.00683	0.00510	0.00756	0.00756	0.00837	0.00591	0.00582	0.00845	0.00764	0.01100	0.01292	0.01941	0.01222	0.07613	0.77317	0.00753	0.01239	0.00521	0.00258	0.00420
14	0.00813	0.00599	0.02653	0.00705	0.00837	0.00601	0.02682	0.04877	0.00965	0.01444	0.04105	0.02196	0.06132	0.08689	0.34467	0.00427	0.00736	0.02653	0.23967	0.00453
15	0.01132	0.01275	0.04157	0.03578	0.01582	0.15298	0.17675	0.01332	0.00951	0.01246	0.00861	0.03147	0.00776	0.01009	0.10704	0.00248	0.33787	0.00462	0.00234	0.00546
16	0.01067	0.09586	0.65593	0.01308	0.01954	0.03360	0.04053	0.01554	0.01035	0.04944	0.00886	0.01020	0.00636	0.00456	0.00445	0.00146	0.00683	0.00356	0.00222	0.00697
17	0.27275	0.09456	0.11063	0.04071	0.14793	0.20184	0.03914	0.01549	0.01044	0.01585	0.00763	0.00929	0.00613	0.00450	0.00394	0.00138	0.00600	0.00327	0.00249	0.00604
18	0.01497	0.01817	0.01605	0.01346	0.01630	0.51103	0.18548	0.01762	0.06409	0.01311	0.01026	0.07765	0.00906	0.00565	0.00480	0.00140	0.00769	0.00468	0.00277	0.00574
19	0.00688	0.00508	0.00665	0.00688	0.00750	0.01732	0.00487	0.00783	0.00810	0.01113	0.01698	0.27053	0.01864	0.17948	0.33699	0.04248	0.00737	0.00793	0.00319	0.03416
20	0.00990	0.10502	0.72974	0.01308	0.01985	0.01187	0.01672	0.01505	0.01005	0.01475	0.00839	0.00985	0.00606	0.00450	0.00439	0.00146	0.00687	0.00344	0.00202	0.00697
21	0.03277	0.04984	0.10129	0.01041	0.01411	0.17044	0.00913	0.19912	0.07777	0.24731	0.01318	0.03211	0.00952	0.00568	0.00460	0.00143	0.00557	0.00432	0.00419	0.00721
22	0.02041	0.00783	0.01055	0.00817	0.01166	0.00681	0.00672	0.02229	0.01338	0.74075	0.01859	0.01640	0.01187	0.00589	0.00469	0.00145	0.00392	0.00478	0.07603	0.00783
23	0.00616	0.00454	0.00618	0.00705	0.00741	0.00456	0.00493	0.00714	0.00898	0.01212	0.02407	0.68458	0.02837	0.01700	0.09614	0.00259	0.03392	0.03612	0.00414	0.00399
24	0.01050	0.00957	0.01537	0.49031	0.24386	0.01095	0.01290	0.07659	0.02550	0.01477	0.00971	0.04138	0.00790	0.00511	0.00481	0.00154	0.00591	0.00461	0.00254	0.00616
25	0.00702	0.00501	0.00590	0.00574	0.00718	0.00441	0.00434	0.00864	0.01185	0.05997	0.30865	0.10222	0.40232	0.01120	0.00567	0.00161	0.00255	0.03647	0.00481	0.00444
26	0.00710	0.00452	0.00596	0.00671	0.00734	0.00415	0.00461	0.00803	0.00962	0.07748	0.02693	0.71932	0.07196	0.01407	0.00597	0.00189	0.00286	0.01267	0.00456	0.00424
27	0.08146	0.01079	0.01317	0.07554	0.04167	0.08905	0.02978	0.05149	0.00942	0.01390	0.03266	0.01192	0.00806	0.00825	0.03742	0.03899	0.40317	0.00418	0.03376	0.00530
28	0.25725	0.08394	0.11674	0.01161	0.07017	0.11653	0.08458	0.03427	0.04273	0.06623	0.00990	0.05159	0.00812	0.00516	0.00415	0.00143	0.00548	0.00405	0.00298	0.02309

[dist]
# distance from previous block
# <min> <max>
0	2

[block]
# block no. 5 follows, 53 sequences, length 28
# corresponding to MSA columns:
# 190-217
name=unknown_F
#
# <colnr> <probs for GDERKNQSTAVLIFYWHMCP>
#	G	D	E	R	K	N	Q	S	T	A	V	L	I	F	Y	W	H	M	C	P
0	0.01509	0.12807	0.01590	0.01172	0.01407	0.30973	0.02664	0.17276	0.01312	0.01542	0.00787	0.00966	0.00661	0.00588	0.00732	0.00148	0.22617	0.00361	0.00278	0.00609
1	0.00580	0.00425	0.00545	0.00642	0.00687	0.00390	0.00433	0.00668	0.00938	0.01229	0.02924	0.72604	0.13261	0.01460	0.00604	0.00190	0.00273	0.01313	0.00444	0.00390
2	0.00959	0.02472	0.80726	0.01362	0.02069	0.01110	0.01766	0.01514	0.01009	0.01514	0.00858	0.01009	0.00605	0.00454	0.00454	0.00151	0.00706	0.00353	0.00202	0.00706
3	0.01238	0.00772	0.00810	0.00713	0.00910	0.04318	0.00555	0.19094	0.01328	0.10657	0.01593	0.11914	0.01344	0.00766	0.02694	0.00152	0.00378	0.00558	0.39636	0.00568
4	0.00895	0.00742	0.00984	0.09480	0.01282	0.04681	0.05598	0.07234	0.01102	0.01434	0.01921	0.26357	0.02072	0.03886	0.00686	0.03322	0.00461	0.23624	0.00378	0.03860
5	0.02104	0.00879	0.01150	0.00882	0.01253	0.00800	0.00728	0.11861	0.01478	0.70866	0.01793	0.01567	0.01137	0.00589	0.00480	0.00147	0.00422	0.00474	0.00577	0.00813
6	0.00621	0.00445	0.00560	0.00636	0.00681	0.00420	0.00434	0.00704	0.00906	0.01187	0.02631	0.50948	0.11092	0.18168	0.00983	0.00248	0.00327	0.08222	0.00412	0.00375
7	0.01317	0.01158	0.01341	0.01165	0.05162	0.08754	0.09014	0.21221	0.21441	0.03893	0.04586	0.01851	0.09878	0.00667	0.00541	0.00154	0.03737	0.01688	0.01761	0.00672
8	0.00633	0.00468	0.00595	0.00640	0.00720	0.00436	0.00457	0.00803	0.02995	0.01480	0.27786	0.43131	0.12534	0.01269	0.00589	0.00176	0.00265	0.04132	0.00471	0.00421
9	0.01151	0.10259	0.02396	0.01639	0.02038	0.01211	0.53177	0.01475	0.01068	0.05248	0.00996	0.01286	0.00776	0.00647	0.05664	0.00194	0.06274	0.00508	0.03372	0.00620
10	0.00724	0.00500	0.00509	0.00502	0.00648	0.00457	0.00377	0.03724	0.01095	0.01520	0.03482	0.07001	0.46658	0.00976	0.00485	0.00145	0.00248	0.00810	0.29709	0.00432
11	0.00637	0.00461	0.00640	0.00692	0.00740	0.00484	0.00490	0.00747	0.00828	0.01140	0.01940	0.39916	0.02177	0.11827	0.34430	0.00464	0.00717	0.00929	0.00348	0.00393
12	0.00591	0.00416	0.00557	0.00664	0.00691	0.00389	0.00443	0.00664	0.00904	0.01206	0.02569	0.79919	0.03076	0.01503	0.00656	0.03328	0.00282	0.01324	0.00435	0.00382
13	0.01279	0.01074	0.01654	0.23905	0.43122	0.04514	0.01288	0.04340	0.01142	0.11570	0.01014	0.01249	0.00775	0.00469	0.00474	0.00147	0.00577	0.00428	0.00284	0.00696
14	0.00719	0.00521	0.00706	0.00806	0.00907	0.00509	0.00676	0.00906	0.01068	0.01381	0.02770	0.18486	0.10244	0.01340	0.00643	0.00210	0.00393	0.56848	0.00441	0.00428
15	0.01517	0.31516	0.01802	0.01066	0.01377	0.34393	0.03367	0.10166	0.01265	0.01389	0.00787	0.00913	0.00662	0.00487	0.00447	0.00123	0.04596	0.00321	0.03203	0.00602
16	0.00903	0.00850	0.01434	0.82054	0.03292	0.01062	0.01327	0.01221	0.00956	0.01221	0.00850	0.01274	0.00637	0.00478	0.00478	0.00159	0.00637	0.00425	0.00212	0.00531
17	0.00736	0.00573	0.00754	0.00731	0.03045	0.00516	0.02186	0.02761	0.01179	0.01646	0.37486	0.23775	0.09439	0.01011	0.00543	0.00152	0.00287	0.00898	0.00450	0.11831
18	0.01278	0.83490	0.02505	0.00818	0.01227	0.01891	0.00818	0.01431	0.00971	0.01125	0.00664	0.00767	0.00613	0.00409	0.00307	0.00102	0.00511	0.00256	0.00204	0.00613
19	0.00652	0.00436	0.00577	0.00669	0.00715	0.00403	0.00453	0.00740	0.00940	0.04763	0.02663	0.77074	0.05223	0.01449	0.00603	0.00191	0.00282	0.01310	0.00450	0.00408
20	0.02144	0.00813	0.01109	0.00850	0.01220	0.00702	0.00702	0.02329	0.01368	0.80552	0.01886	0.01627	0.01183	0.00592	0.00481	0.00148	0.00407	0.00481	0.00592	0.00813
21	0.01087	0.01031	0.01668	0.26071	0.42937	0.03780	0.04307	0.01374	0.02202	0.02556	0.01026	0.06686	0.00894	0.00537	0.00506	0.01365	0.00581	0.00492	0.00252	0.00647
22	0.01202	0.01218	0.04501	0.02602	0.58272	0.01169	0.16282	0.05963	0.01161	0.01638	0.00925	0.01196	0.00750	0.00431	0.00490	0.00146	0.00615	0.00451	0.00251	0.00737
23	0.00917	0.01466	0.31960	0.01398	0.10332	0.00922	0.13859	0.01325	0.03985	0.01548	0.11982	0.10679	0.06174	0.00680	0.00514	0.00157	0.00556	0.00621	0.00307	0.00616
24	0.00667	0.00452	0.00601	0.00664	0.00728	0.00423	0.00465	0.00785	0.01011	0.04478	0.15583	0.59119	0.05875	0.01438	0.03591	0.00206	0.00313	0.02727	0.00456	0.00419
25	0.04323	0.01098	0.04599	0.02220	0.51686	0.01045	0.03040	0.01658	0.06882	0.14023	0.02201	0.03095	0.00963	0.00500	0.00475	0.00147	0.00521	0.00464	0.00320	0.00741
26	0.01262	0.01172	0.10016	0.01249	0.11305	0.05409	0.03747	0.10496	0.20311	0.10554	0.03371	0.09959	0.03538	0.00722	0.00549	0.03291	0.00485	0.01497	0.00397	0.00670
27	0.00746	0.00533	0.00743	0.00853	0.00952	0.00530	0.00729	0.00949	0.01077	0.01404	0.02544	0.15265	0.02803	0.01343	0.00654	0.00217	0.00419	0.67366	0.00441	0.00434

[dist]
# distance from previous block
# <min> <max>
0	3

[block]
# block no. 6 follows, 53 sequences, length 17
# corresponding to MSA columns:
# 221-237
name=unknown_G
#
# <colnr> <probs for GDERKNQSTAVLIFYWHMCP>
#	G	D	E	R	K	N	Q	S	T	A	V	L	I	F	Y	W	H	M	C	P
0	0.01323	0.59196	0.12729	0.00944	0.01381	0.06092	0.00960	0.09988	0.01138	0.01387	0.00748	0.00846	0.00634	0.00438	0.00352	0.00114	0.00558	0.00291	0.00237	0.00645
1	0.01203	0.64399	0.20937	0.00946	0.01425	0.01707	0.01041	0.01451	0.00980	0.01216	0.00710	0.00824	0.00612	0.00420	0.00341	0.00114	0.00557	0.00279	0.00204	0.00635
2	0.01278	0.83490	0.02505	0.00818	0.01227	0.01891	0.00818	0.01431	0.00971	0.01125	0.00664	0.00767	0.00613	0.00409	0.00307	0.00102	0.00511	0.00256	0.00204	0.00613
3	0.08206	0.07738	0.01247	0.00890	0.01232	0.03812	0.00743	0.08520	0.03777	0.52353	0.01529	0.01401	0.01016	0.00575	0.00507	0.00146	0.04631	0.00434	0.00493	0.00749
4	0.01189	0.01027	0.01081	0.00973	0.01243	0.01189	0.00757	0.02540	0.79357	0.01999	0.01945	0.01783	0.01459	0.00648	0.00486	0.00162	0.00378	0.00540	0.00486	0.00757
5	0.00598	0.00420	0.00562	0.00660	0.00691	0.00393	0.00443	0.00677	0.00928	0.01243	0.06914	0.75018	0.03140	0.01475	0.00660	0.03784	0.00280	0.01291	0.00438	0.00384
6	0.01189	0.01027	0.01081	0.00973	0.01243	0.01189	0.00757	0.02540	0.79357	0.01999	0.01945	0.01783	0.01459	0.00648	0.00486	0.00162	0.00378	0.00540	0.00486	0.00757
7	0.01128	0.01289	0.02820	0.02015	0.02498	0.01209	0.78485	0.01531	0.01128	0.01531	0.00967	0.01289	0.00725	0.00403	0.00564	0.00161	0.00806	0.00564	0.00242	0.00645
8	0.00582	0.00416	0.00555	0.00666	0.00693	0.00388	0.00444	0.00666	0.00915	0.01220	0.02634	0.82891	0.03161	0.01497	0.00610	0.00194	0.00277	0.01359	0.00444	0.00388
9	0.02078	0.00880	0.01146	0.00883	0.01251	0.00807	0.00728	0.11126	0.03811	0.69260	0.01802	0.01576	0.01149	0.00591	0.00481	0.00148	0.00420	0.00477	0.00575	0.00812
10	0.01061	0.01165	0.02448	0.01793	0.02208	0.01102	0.64847	0.01467	0.04734	0.01513	0.01227	0.11798	0.01072	0.00555	0.00566	0.00165	0.00718	0.00665	0.00279	0.00617
11	0.02119	0.00854	0.01135	0.00870	0.01241	0.00763	0.00719	0.08275	0.01437	0.74509	0.01828	0.01589	0.01154	0.00590	0.00480	0.00148	0.00416	0.00477	0.00583	0.00813
12	0.00841	0.00448	0.00666	0.00656	0.00656	0.00470	0.00448	0.00650	0.00628	0.00847	0.00820	0.01432	0.00820	0.01618	0.01852	0.81628	0.04674	0.00415	0.00208	0.00224
13	0.00630	0.00456	0.00575	0.00605	0.00686	0.00419	0.00428	0.00776	0.01108	0.01513	0.33729	0.36086	0.13751	0.03936	0.00639	0.00179	0.00257	0.01069	0.02746	0.00414
14	0.01740	0.01974	0.01295	0.01158	0.01395	0.64829	0.00876	0.01863	0.01296	0.09919	0.00895	0.01058	0.00730	0.04270	0.00583	0.00145	0.04771	0.00350	0.00285	0.00569
15	0.00626	0.00497	0.00545	0.00586	0.00694	0.02052	0.00424	0.00747	0.01040	0.01320	0.06942	0.32539	0.40154	0.01262	0.00571	0.00172	0.00275	0.04532	0.04613	0.00407
16	0.01672	0.01213	0.09239	0.01043	0.01429	0.03407	0.04675	0.25915	0.09705	0.29352	0.01593	0.01522	0.04297	0.00645	0.01919	0.00160	0.00512	0.00480	0.00467	0.00757

[dist]
# distance from previous block
# <min> <max>
0	17

[block]
# block no. 7 follows, 53 sequences, length 25
# corresponding to MSA columns:
# 255-279
name=unknown_H
#
# <colnr> <probs for GDERKNQSTAVLIFYWHMCP>
#	G	D	E	R	K	N	Q	S	T	A	V	L	I	F	Y	W	H	M	C	P
0	0.86579	0.00924	0.00702	0.00629	0.00924	0.01072	0.00518	0.01405	0.00813	0.02144	0.00666	0.00776	0.00518	0.00444	0.00296	0.00148	0.00370	0.00259	0.00296	0.00518
1	0.59966	0.01006	0.03094	0.02419	0.04925	0.02578	0.00665	0.01625	0.10430	0.08020	0.00936	0.01001	0.00701	0.00481	0.00352	0.00149	0.00407	0.00325	0.00333	0.00587
2	0.01123	0.32995	0.29554	0.01060	0.03711	0.04209	0.01121	0.01432	0.01006	0.01363	0.00779	0.00913	0.00634	0.00417	0.00377	0.00115	0.00562	0.00302	0.00222	0.18105
3	0.18608	0.05085	0.01742	0.05010	0.45768	0.01155	0.08967	0.03035	0.01050	0.01670	0.00896	0.01210	0.00750	0.00456	0.00444	0.00146	0.00547	0.02530	0.00257	0.00674
4	0.00636	0.00462	0.00608	0.00679	0.00742	0.00442	0.00489	0.00783	0.02319	0.01364	0.15156	0.51102	0.06433	0.03241	0.03744	0.00216	0.00332	0.10393	0.00447	0.00411
5	0.01111	0.01249	0.02650	0.05843	0.02442	0.01221	0.68837	0.01487	0.01090	0.01487	0.00935	0.01270	0.00713	0.00440	0.00636	0.00165	0.07010	0.00546	0.00238	0.00630
6	0.01238	0.63120	0.18308	0.00948	0.01410	0.05588	0.01015	0.01471	0.00997	0.01206	0.00707	0.00820	0.00612	0.00422	0.00343	0.00113	0.00568	0.00278	0.00206	0.00629
7	0.05173	0.00817	0.01095	0.00842	0.01210	0.00716	0.00696	0.02296	0.01348	0.77740	0.01842	0.01596	0.01159	0.00586	0.00474	0.00148	0.00405	0.00473	0.00581	0.00803
8	0.00781	0.00634	0.00867	0.00813	0.00849	0.00778	0.00613	0.00878	0.00735	0.01060	0.01185	0.02072	0.01226	0.28949	0.34839	0.00524	0.21988	0.00548	0.00255	0.00407
9	0.00728	0.00573	0.00831	0.00805	0.00873	0.00691	0.00625	0.00876	0.00757	0.01098	0.01221	0.01887	0.01174	0.10291	0.64646	0.00673	0.11054	0.00517	0.00253	0.00426
10	0.00820	0.00659	0.00678	0.00610	0.00816	0.00624	0.00474	0.16598	0.01326	0.01643	0.04088	0.03895	0.63855	0.01080	0.00547	0.00158	0.00300	0.00891	0.00451	0.00487
11	0.00659	0.00471	0.00566	0.00576	0.00624	0.00468	0.00377	0.00726	0.00822	0.01089	0.05431	0.11502	0.14595	0.44278	0.15375	0.00425	0.00538	0.00791	0.00335	0.00349
12	0.01063	0.05630	0.02385	0.01718	0.02121	0.01112	0.58375	0.01415	0.01114	0.01488	0.01270	0.02098	0.01133	0.00591	0.00570	0.00170	0.00715	0.16153	0.00280	0.00601
13	0.01019	0.17701	0.66023	0.01260	0.01910	0.01257	0.01588	0.01498	0.01002	0.01441	0.00821	0.00964	0.00607	0.00446	0.00426	0.00142	0.00670	0.00335	0.00202	0.00689
14	0.00680	0.00478	0.00630	0.00715	0.00768	0.00467	0.00534	0.00797	0.00936	0.01234	0.02337	0.35001	0.02679	0.20079	0.01045	0.00266	0.00382	0.30181	0.00407	0.00386
15	0.01067	0.00808	0.00861	0.00829	0.05249	0.04491	0.00603	0.15427	0.07301	0.04642	0.10771	0.02654	0.24254	0.00805	0.00487	0.00145	0.00355	0.02039	0.16652	0.00560
16	0.01164	0.54525	0.30470	0.01012	0.01528	0.01612	0.01157	0.01461	0.00985	0.01264	0.00734	0.00853	0.00611	0.00425	0.00359	0.00120	0.00581	0.00290	0.00204	0.00647
17	0.01134	0.01085	0.01851	0.16859	0.66682	0.01123	0.01442	0.01424	0.01065	0.01502	0.00890	0.01199	0.00736	0.00435	0.00474	0.00145	0.00580	0.00426	0.00232	0.00717
18	0.00738	0.00594	0.00830	0.00810	0.00854	0.00711	0.00613	0.00853	0.00780	0.01114	0.01457	0.18428	0.01559	0.14061	0.37289	0.00494	0.17414	0.00692	0.00290	0.00419
19	0.36778	0.01122	0.01116	0.01038	0.08102	0.03917	0.00766	0.28130	0.06310	0.04615	0.02138	0.01085	0.00790	0.00515	0.00401	0.00145	0.00455	0.00370	0.01544	0.00663
20	0.01541	0.01072	0.01247	0.07115	0.01468	0.01084	0.00807	0.38936	0.01662	0.13562	0.03378	0.01253	0.00929	0.00522	0.00448	0.00126	0.00463	0.00410	0.00423	0.23555
21	0.01162	0.00950	0.01028	0.00930	0.01168	0.01071	0.00716	0.13965	0.51377	0.01997	0.01962	0.18243	0.01706	0.00810	0.00510	0.00166	0.00381	0.00690	0.00476	0.00690
22	0.18674	0.00982	0.00991	0.00808	0.01120	0.03972	0.00645	0.19860	0.07145	0.03424	0.08053	0.05694	0.01236	0.00578	0.00418	0.00129	0.00401	0.00450	0.02799	0.22622
23	0.00929	0.00610	0.00847	0.00813	0.00980	0.00563	0.03969	0.01139	0.04076	0.12003	0.04956	0.35780	0.02417	0.01115	0.00569	0.00177	0.00366	0.18694	0.00441	0.09555
24	0.18153	0.00530	0.00601	0.00674	0.00763	0.00540	0.00484	0.00841	0.00908	0.01425	0.02225	0.60221	0.02590	0.01269	0.00550	0.00187	0.00309	0.06899	0.00413	0.00419

[dist]
# distance from previous block
# <min> <max>
0	1

[block]
# block no. 8 follows, 53 sequences, length 17
# corresponding to MSA columns:
# 281-297
name=unknown_I
#
# <colnr> <probs for GDERKNQSTAVLIFYWHMCP>
#	G	D	E	R	K	N	Q	S	T	A	V	L	I	F	Y	W	H	M	C	P
0	0.00955	0.00545	0.00712	0.00726	0.00840	0.00511	0.00520	0.05375	0.01078	0.16725	0.02405	0.62512	0.02645	0.01270	0.00578	0.00182	0.00316	0.01136	0.00474	0.00495
1	0.01795	0.01846	0.01274	0.01117	0.01388	0.56759	0.00855	0.06594	0.01411	0.16380	0.05286	0.01172	0.00947	0.00543	0.00450	0.00131	0.00721	0.00378	0.00341	0.00613
2	0.57189	0.00951	0.00762	0.00692	0.00943	0.08426	0.00549	0.01370	0.00973	0.05185	0.12626	0.06223	0.01308	0.00598	0.00375	0.00149	0.00390	0.00429	0.00347	0.00515
3	0.22482	0.01103	0.02001	0.01621	0.08698	0.01091	0.44958	0.01413	0.01026	0.01658	0.01042	0.08784	0.00904	0.00517	0.00493	0.00159	0.00626	0.00550	0.00274	0.00599
4	0.02089	0.00801	0.01092	0.00841	0.01201	0.00693	0.00693	0.02276	0.01367	0.77607	0.04810	0.01700	0.01308	0.00606	0.00484	0.00148	0.00400	0.00495	0.00589	0.00800
5	0.06464	0.00792	0.00900	0.00776	0.01012	0.03751	0.00610	0.03077	0.16409	0.23785	0.34001	0.02370	0.02541	0.00749	0.00503	0.00151	0.00343	0.00630	0.00511	0.00625
6	0.01322	0.00697	0.00804	0.00688	0.00911	0.00696	0.00544	0.09257	0.09695	0.22497	0.09094	0.01849	0.01510	0.00617	0.00425	0.00133	0.00318	0.00503	0.37829	0.00612
7	0.05549	0.00688	0.00939	0.00808	0.00967	0.00702	0.04782	0.01307	0.00954	0.24411	0.01565	0.10668	0.01464	0.27865	0.07213	0.00308	0.08278	0.00634	0.00382	0.00517
8	0.01036	0.00570	0.00694	0.00641	0.00835	0.00494	0.00493	0.01178	0.01154	0.24140	0.07614	0.17208	0.37362	0.01073	0.00552	0.00165	0.00301	0.03479	0.00491	0.00523
9	0.51588	0.00909	0.00837	0.00722	0.01006	0.01006	0.00584	0.14019	0.01125	0.10412	0.01094	0.08128	0.00905	0.00578	0.00374	0.00149	0.00383	0.00416	0.05184	0.00582
10	0.00978	0.01026	0.02072	0.21822	0.02380	0.01029	0.45204	0.01305	0.01051	0.01402	0.01234	0.14236	0.01130	0.00614	0.00552	0.00167	0.00672	0.02283	0.00270	0.00571
11	0.37730	0.01087	0.09418	0.01006	0.02831	0.01019	0.10723	0.01502	0.00966	0.13100	0.01017	0.03931	0.00794	0.00538	0.00502	0.00155	0.07717	0.00405	0.04967	0.00593
12	0.01030	0.00935	0.01549	0.14195	0.47350	0.00967	0.01258	0.01302	0.01072	0.01475	0.01332	0.02332	0.01277	0.00675	0.00524	0.00166	0.00544	0.21093	0.00288	0.00638
13	0.00730	0.00475	0.00687	0.00687	0.00734	0.00522	0.00496	0.00760	0.00713	0.00997	0.01177	0.01934	0.01164	0.14823	0.45383	0.26727	0.00895	0.00510	0.00246	0.00340
14	0.01045	0.21718	0.57752	0.01288	0.03561	0.01300	0.04127	0.01494	0.01006	0.01423	0.00816	0.00965	0.00615	0.00441	0.00423	0.00140	0.00660	0.00339	0.00205	0.00683
15	0.00986	0.09427	0.74011	0.01316	0.01996	0.01177	0.01685	0.01507	0.01006	0.01480	0.00841	0.00988	0.00606	0.00450	0.00441	0.00147	0.00690	0.00345	0.00202	0.00698
16	0.02063	0.08547	0.01240	0.00847	0.01221	0.00814	0.00713	0.02245	0.01331	0.73123	0.01771	0.01546	0.01130	0.00574	0.00464	0.00144	0.00416	0.00460	0.00555	0.00795

[dist]
# distance from previous block
# <min> <max>
0	1

[block]
# block no. 9 follows, 53 sequences, length 31
# corresponding to MSA columns:
# 299-326,330-332
name=unknown_J
#
# <colnr> <probs for GDERKNQSTAVLIFYWHMCP>
#	G	D	E	R	K	N	Q	S	T	A	V	L	I	F	Y	W	H	M	C	P
0	0.01069	0.12104	0.60644	0.01325	0.01952	0.04621	0.06446	0.03831	0.01064	0.01498	0.00845	0.00996	0.00621	0.00451	0.00443	0.00145	0.00690	0.00355	0.00215	0.00688
1	0.05120	0.02027	0.06352	0.01228	0.01615	0.04596	0.19103	0.22260	0.10292	0.15957	0.03645	0.01417	0.01030	0.00546	0.00489	0.00150	0.00558	0.01157	0.01745	0.00715
2	0.01190	0.00660	0.00919	0.00820	0.01026	0.00629	0.03759	0.02210	0.05225	0.25371	0.19656	0.09800	0.02376	0.01113	0.06874	0.00214	0.00439	0.13996	0.03147	0.00578
3	0.00582	0.00418	0.00552	0.00660	0.00692	0.00389	0.00441	0.00666	0.00921	0.01222	0.02703	0.80451	0.05556	0.01488	0.00609	0.00193	0.00276	0.01348	0.00444	0.00389
4	0.01064	0.01055	0.01828	0.29510	0.02373	0.01180	0.26708	0.03898	0.13157	0.01495	0.01074	0.01408	0.00839	0.00541	0.00639	0.00167	0.10191	0.01988	0.00277	0.00609
5	0.05446	0.25257	0.54540	0.01171	0.01772	0.01329	0.01434	0.01485	0.00988	0.01436	0.00793	0.00929	0.00603	0.00441	0.00404	0.00137	0.00634	0.00321	0.00207	0.00670
6	0.08626	0.00886	0.01089	0.00849	0.01198	0.00844	0.00699	0.14827	0.01447	0.56558	0.01647	0.01491	0.01072	0.00575	0.00456	0.00145	0.00412	0.00453	0.05959	0.00767
7	0.00796	0.00666	0.01178	0.01035	0.01199	0.00622	0.20860	0.00973	0.00997	0.04512	0.02164	0.55001	0.02427	0.01167	0.00595	0.00185	0.00428	0.04325	0.00397	0.00475
8	0.01292	0.32590	0.16057	0.00992	0.01386	0.10574	0.00966	0.07598	0.10839	0.04894	0.03498	0.05299	0.01007	0.00550	0.00414	0.00132	0.00546	0.00413	0.00304	0.00649
9	0.01096	0.01065	0.01868	0.26104	0.50860	0.01120	0.08119	0.01400	0.01053	0.01459	0.00890	0.01219	0.00719	0.00439	0.00482	0.00149	0.00609	0.00438	0.00230	0.00681
10	0.01352	0.50279	0.08260	0.01112	0.10064	0.04938	0.00939	0.01551	0.01054	0.11746	0.00948	0.04165	0.00804	0.00485	0.00377	0.00121	0.00525	0.00357	0.00270	0.00652
11	0.01404	0.01188	0.01240	0.00969	0.01305	0.09150	0.00783	0.29881	0.01471	0.03916	0.00977	0.02340	0.00778	0.00526	0.00550	0.00122	0.09582	0.00377	0.00353	0.33088
12	0.01672	0.01928	0.01590	0.01334	0.01621	0.57096	0.14235	0.01848	0.01290	0.08130	0.00873	0.01010	0.00684	0.00501	0.00507	0.00136	0.04311	0.00372	0.00274	0.00591
13	0.01466	0.17964	0.01742	0.01214	0.01498	0.40231	0.11532	0.01637	0.01156	0.03374	0.00818	0.01012	0.00689	0.00721	0.06476	0.00179	0.07111	0.00361	0.00245	0.00574
14	0.01061	0.00742	0.00940	0.00746	0.01060	0.00634	0.00595	0.01256	0.00977	0.12602	0.01127	0.01351	0.00923	0.01371	0.25009	0.00294	0.00643	0.00381	0.00319	0.47968
15	0.01245	0.69436	0.10742	0.00883	0.01311	0.03671	0.00912	0.02398	0.01012	0.01214	0.03029	0.00882	0.00730	0.00435	0.00335	0.00110	0.00532	0.00287	0.00218	0.00620
16	0.01139	0.00819	0.00930	0.00866	0.01079	0.00889	0.00658	0.01962	0.45958	0.12255	0.02139	0.25534	0.01921	0.00890	0.00522	0.00170	0.00352	0.00772	0.00488	0.00656
17	0.00718	0.00450	0.00603	0.00682	0.00739	0.00416	0.00466	0.00810	0.00954	0.08115	0.02569	0.75828	0.02989	0.01419	0.00599	0.00190	0.00289	0.01282	0.00457	0.00425
18	0.00585	0.00468	0.00523	0.00545	0.00667	0.00406	0.00395	0.00711	0.01084	0.01362	0.14869	0.23455	0.50755	0.01247	0.00576	0.00168	0.00248	0.01073	0.00455	0.00406
19	0.19994	0.01987	0.01214	0.01102	0.01359	0.64059	0.00836	0.01800	0.01238	0.01379	0.00723	0.00844	0.00595	0.00482	0.00402	0.00128	0.00756	0.00297	0.00257	0.00546
20	0.00812	0.00515	0.00699	0.00763	0.00855	0.00499	0.00596	0.00958	0.01007	0.08173	0.02371	0.32478	0.02611	0.09079	0.03692	0.00247	0.00411	0.33361	0.00434	0.00439
21	0.04280	0.00584	0.00696	0.00673	0.00856	0.00538	0.00539	0.01134	0.03278	0.15335	0.09184	0.08909	0.33695	0.01080	0.00561	0.00172	0.00323	0.17190	0.00471	0.00500
22	0.00873	0.00528	0.00682	0.00641	0.00771	0.00485	0.00473	0.01062	0.02226	0.12876	0.45782	0.16316	0.06801	0.07456	0.00705	0.00182	0.00281	0.00880	0.00499	0.00481
23	0.00775	0.00564	0.00706	0.00735	0.00831	0.00579	0.00528	0.01106	0.14749	0.04540	0.11587	0.50961	0.02811	0.01326	0.04018	0.00206	0.01975	0.01067	0.00454	0.00481
24	0.01868	0.01206	0.01319	0.01034	0.01385	0.08113	0.02273	0.40090	0.01773	0.29857	0.01390	0.03258	0.00976	0.00598	0.00506	0.00146	0.02491	0.00462	0.00486	0.00770
25	0.02547	0.01099	0.01958	0.03022	0.03722	0.01170	0.34081	0.01615	0.03958	0.17389	0.01087	0.01298	0.00814	0.00572	0.00814	0.00171	0.23226	0.00496	0.00312	0.00648
26	0.00997	0.00994	0.01595	0.01309	0.01418	0.01237	0.17009	0.01166	0.00844	0.01255	0.00967	0.10241	0.00963	0.00887	0.03396	0.00210	0.51621	0.00556	0.02808	0.00528
27	0.01018	0.00819	0.01046	0.02651	0.04558	0.00875	0.04705	0.11867	0.22048	0.01739	0.04964	0.17236	0.01967	0.08073	0.00714	0.00200	0.00427	0.14090	0.00425	0.00579
28	0.57116	0.09344	0.08533	0.00791	0.01138	0.08126	0.00719	0.03734	0.00957	0.04831	0.00749	0.00847	0.00577	0.00455	0.00336	0.00141	0.00464	0.00285	0.00290	0.00568
29	0.01183	0.01130	0.01896	0.02833	0.76164	0.01138	0.01430	0.01522	0.05109	0.01584	0.00953	0.01214	0.00793	0.00437	0.00474	0.00143	0.00558	0.00432	0.00249	0.00757
30	0.05650	0.01075	0.03446	0.00847	0.01213	0.08749	0.01805	0.09240	0.06410	0.10183	0.01392	0.01422	0.07691	0.00518	0.00418	0.00113	0.00437	0.00407	0.00357	0.38628

[dist]
# distance from previous block
# <min> <max>
3	5

[block]
# block no. 10 follows, 53 sequences, length 7
# corresponding to MSA columns:
# 338-344
name=unknown_K
#
# <colnr> <probs for GDERKNQSTAVLIFYWHMCP>
#	G	D	E	R	K	N	Q	S	T	A	V	L	I	F	Y	W	H	M	C	P
0	0.04267	0.01409	0.01280	0.01143	0.03094	0.30962	0.07262	0.08762	0.08050	0.06486	0.01350	0.17563	0.01264	0.00726	0.00536	0.00152	0.04167	0.00589	0.00349	0.00588
1	0.01080	0.01137	0.01418	0.65798	0.02927	0.17197	0.01246	0.01359	0.01036	0.01211	0.00827	0.01191	0.00633	0.00481	0.00468	0.00152	0.00682	0.00401	0.00219	0.00536
2	0.01025	0.00644	0.00851	0.00798	0.00944	0.03881	0.00626	0.01192	0.00922	0.17095	0.01436	0.01968	0.01249	0.05958	0.55602	0.00585	0.01023	0.03366	0.00331	0.00505
