[name]
unknown

[dist]
# distance from previous block
# <min> <max>
0	208

[block]
# block no. 0 follows, 53 sequences, length 98
# corresponding to MSA columns:
# 209-306
name=unknown_A
#
# <colnr> <probs for GDERKNQSTAVLIFYWHMCP>
#	G	D	E	R	K	N	Q	S	T	A	V	L	I	F	Y	W	H	M	C	P
0	0.02244	0.05844	0.00937	0.00910	0.02910	0.00708	0.00766	0.03118	0.02836	0.01484	0.03887	0.04444	0.05324	0.01142	0.00621	0.00198	0.01995	0.57045	0.00413	0.03174
1	0.01294	0.55817	0.07849	0.02713	0.02967	0.01611	0.00894	0.09035	0.02355	0.04014	0.00852	0.02863	0.00734	0.00463	0.00360	0.00115	0.00512	0.00327	0.00259	0.04967
2	0.06253	0.01043	0.01713	0.24408	0.45717	0.01112	0.04944	0.04325	0.01079	0.01562	0.00900	0.01202	0.00721	0.00449	0.00465	0.00147	0.00576	0.00423	0.02293	0.00670
3	0.00949	0.00927	0.01405	0.74894	0.03111	0.06016	0.01279	0.01249	0.00979	0.01218	0.00890	0.03405	0.00703	0.00506	0.00478	0.00158	0.00642	0.00442	0.00221	0.00529
4	0.01185	0.04228	0.01878	0.07056	0.69025	0.01133	0.01386	0.01456	0.01075	0.03598	0.00928	0.01230	0.00780	0.02414	0.00514	0.00149	0.00563	0.00427	0.00245	0.00730
5	0.00677	0.00510	0.00648	0.00745	0.00805	0.02584	0.00556	0.00803	0.00971	0.01270	0.02475	0.52545	0.02862	0.03453	0.03734	0.00228	0.00384	0.23915	0.00427	0.00407
6	0.01750	0.01296	0.01411	0.04168	0.01530	0.01437	0.00912	0.73622	0.02163	0.02897	0.01175	0.03312	0.00868	0.00595	0.00482	0.00145	0.00524	0.00455	0.00467	0.00791
7	0.01189	0.01031	0.01113	0.01047	0.04247	0.01187	0.00784	0.02499	0.76380	0.01983	0.01906	0.01760	0.01432	0.00640	0.00486	0.00161	0.00385	0.00536	0.00477	0.00757
8	0.01796	0.01134	0.01492	0.01133	0.01511	0.01169	0.10965	0.37768	0.04698	0.29164	0.01393	0.01351	0.00948	0.00567	0.00517	0.00150	0.02514	0.00469	0.00480	0.00782
9	0.86579	0.00924	0.00702	0.00629	0.00924	0.01072	0.00518	0.01405	0.00813	0.02144	0.00666	0.00776	0.00518	0.00444	0.00296	0.00148	0.00370	0.00259	0.00296	0.00518
10	0.01271	0.81705	0.04228	0.00830	0.01245	0.01874	0.00839	0.01433	0.00972	0.01133	0.00669	0.00772	0.00613	0.00410	0.00310	0.00103	0.00515	0.00258	0.00204	0.00615
11	0.01763	0.01312	0.01404	0.01089	0.01462	0.01457	0.00895	0.72056	0.08907	0.02925	0.01216	0.01202	0.00869	0.00580	0.00479	0.00145	0.00513	0.00440	0.00479	0.00808
12	0.00582	0.00416	0.00555	0.00666	0.00693	0.00388	0.00444	0.00666	0.00915	0.01220	0.02634	0.82891	0.03161	0.01497	0.00610	0.00194	0.00277	0.01359	0.00444	0.00388
13	0.00683	0.00512	0.00768	0.00768	0.00853	0.00597	0.00597	0.00853	0.00768	0.01110	0.01280	0.01878	0.01195	0.03585	0.81308	0.00768	0.01280	0.00512	0.00256	0.00427
14	0.01043	0.01427	0.21018	0.01604	0.02074	0.01047	0.45457	0.01439	0.01118	0.04004	0.09135	0.05985	0.01233	0.00540	0.00538	0.00159	0.00681	0.00586	0.00283	0.00631
15	0.00631	0.00538	0.00549	0.00537	0.00707	0.00483	0.00405	0.00878	0.08881	0.01383	0.07170	0.04284	0.69586	0.01146	0.00557	0.00161	0.00255	0.00957	0.00451	0.00440
16	0.00582	0.00416	0.00555	0.00666	0.00693	0.00388	0.00444	0.00666	0.00915	0.01220	0.02634	0.82891	0.03161	0.01497	0.00610	0.00194	0.00277	0.01359	0.00444	0.00388
17	0.23462	0.04669	0.32949	0.01169	0.01671	0.01118	0.11765	0.05927	0.01083	0.10562	0.00946	0.01055	0.00675	0.00465	0.00427	0.00149	0.00582	0.00372	0.00291	0.00663
18	0.00590	0.00448	0.00544	0.00598	0.00681	0.00402	0.00419	0.00705	0.01032	0.01339	0.14049	0.46666	0.28136	0.01333	0.00589	0.00178	0.00259	0.01177	0.00455	0.00402
19	0.01140	0.00930	0.02764	0.00824	0.01251	0.00729	0.04763	0.05595	0.01100	0.08292	0.00960	0.01070	0.00753	0.00391	0.00385	0.00088	0.00399	0.00324	0.00316	0.67925
20	0.01197	0.01140	0.01929	0.02894	0.78508	0.01143	0.01455	0.03145	0.01114	0.01593	0.00904	0.01182	0.00758	0.00429	0.00473	0.00142	0.00567	0.00426	0.00242	0.00758
21	0.01165	0.01006	0.01058	0.00954	0.01220	0.01159	0.00742	0.02469	0.76380	0.01972	0.02056	0.01890	0.04448	0.00670	0.00489	0.00162	0.00373	0.00558	0.00485	0.00743
22	0.02139	0.00823	0.01115	0.00855	0.01225	0.00716	0.00706	0.03685	0.01384	0.79174	0.01873	0.01618	0.01177	0.00591	0.00481	0.00148	0.00409	0.00480	0.00590	0.00813
23	0.01215	0.01117	0.04175	0.00997	0.01288	0.02624	0.00804	0.05484	0.71907	0.02006	0.01850	0.01712	0.01386	0.00635	0.00484	0.00160	0.00405	0.00525	0.00471	0.00753
24	0.07354	0.00935	0.01243	0.02257	0.01356	0.00850	0.09217	0.05791	0.08199	0.23303	0.01247	0.01267	0.00898	0.00471	0.00428	0.00121	0.00435	0.00400	0.00391	0.33837
25	0.01097	0.37522	0.46887	0.01127	0.01704	0.01448	0.01356	0.01478	0.00993	0.01345	0.00774	0.00904	0.00609	0.00435	0.00390	0.00130	0.00622	0.00311	0.00203	0.00666
26	0.01105	0.39505	0.44972	0.01113	0.01684	0.01467	0.01333	0.01476	0.00992	0.01336	0.00769	0.00898	0.00609	0.00433	0.00387	0.00129	0.00617	0.00309	0.00203	0.00664
27	0.00584	0.00485	0.00511	0.00505	0.00658	0.00412	0.00378	0.00724	0.01135	0.01400	0.17926	0.04421	0.66875	0.01170	0.00565	0.00159	0.00239	0.00984	0.00458	0.00412
28	0.01171	0.01123	0.01918	0.06321	0.76928	0.01132	0.01461	0.01456	0.01083	0.01547	0.00897	0.01187	0.00752	0.00428	0.00473	0.00143	0.00571	0.00426	0.00236	0.00747
29	0.01153	0.01105	0.01886	0.11403	0.71986	0.01128	0.01452	0.01441	0.01074	0.01525	0.00894	0.01193	0.00744	0.00431	0.00474	0.00144	0.00575	0.00426	0.00234	0.00733
30	0.01276	0.01057	0.01171	0.01015	0.01305	0.01199	0.03220	0.11458	0.64201	0.04045	0.01831	0.01765	0.01380	0.00645	0.00491	0.00161	0.00411	0.02136	0.00479	0.00754
31	0.00683	0.00511	0.00762	0.00762	0.00845	0.00594	0.00590	0.00850	0.00766	0.01105	0.01286	0.01908	0.01208	0.05529	0.79382	0.00761	0.01260	0.00517	0.00257	0.00423
32	0.00903	0.00850	0.01434	0.82054	0.03292	0.01062	0.01327	0.01221	0.00956	0.01221	0.00850	0.01274	0.00637	0.00478	0.00478	0.00159	0.00637	0.00425	0.00212	0.00531
33	0.01128	0.01080	0.01842	0.18319	0.65261	0.01121	0.01440	0.01419	0.01063	0.01495	0.00889	0.01201	0.00734	0.00436	0.00474	0.00145	0.00581	0.00426	0.00232	0.00713
34	0.00588	0.00420	0.00561	0.00672	0.00703	0.00393	0.00454	0.00676	0.00921	0.01227	0.02631	0.80451	0.03148	0.01492	0.00612	0.00195	0.00282	0.03740	0.00444	0.00390
35	0.02144	0.00813	0.01109	0.00850	0.01220	0.00702	0.00702	0.02329	0.01368	0.80552	0.01886	0.01627	0.01183	0.00592	0.00481	0.00148	0.00407	0.00481	0.00592	0.00813
36	0.00582	0.00416	0.00555	0.00666	0.00693	0.00388	0.00444	0.00666	0.00915	0.01220	0.02634	0.82891	0.03161	0.01497	0.00610	0.00194	0.00277	0.01359	0.00444	0.00388
37	0.01173	0.01125	0.01922	0.05829	0.77406	0.01133	0.01462	0.01458	0.01083	0.01549	0.00897	0.01186	0.00753	0.00428	0.00473	0.00143	0.00570	0.00426	0.00236	0.00749
38	0.00684	0.00507	0.00744	0.00744	0.00821	0.00584	0.00568	0.00838	0.00761	0.01092	0.01302	0.01999	0.01248	0.11327	0.73638	0.00739	0.01201	0.00530	0.00259	0.00413
39	0.01046	0.01046	0.01464	0.01255	0.01255	0.01464	0.01046	0.01150	0.00732	0.01150	0.00627	0.01046	0.00627	0.00837	0.01569	0.00209	0.82328	0.00418	0.00209	0.00523
40	0.00991	0.00850	0.00991	0.00708	0.01133	0.00637	0.00566	0.01203	0.00991	0.01557	0.00850	0.00991	0.00708	0.00354	0.00354	0.00071	0.00354	0.00283	0.00283	0.86124
41	0.01278	0.83490	0.02505	0.00818	0.01227	0.01891	0.00818	0.01431	0.00971	0.01125	0.00664	0.00767	0.00613	0.00409	0.00307	0.00102	0.00511	0.00256	0.00204	0.00613
42	0.01183	0.01136	0.01940	0.02934	0.80221	0.01136	0.01467	0.01467	0.01088	0.01562	0.00899	0.01183	0.00757	0.00426	0.00473	0.00142	0.00568	0.00426	0.00237	0.00757
43	0.01785	0.02278	0.01354	0.01231	0.01478	0.81284	0.00924	0.01909	0.01354	0.01170	0.00739	0.00862	0.00616	0.00493	0.00431	0.00123	0.00862	0.00308	0.00246	0.00554
44	0.00993	0.00854	0.00998	0.00729	0.01133	0.00672	0.00582	0.01246	0.04011	0.01561	0.00915	0.02310	0.00774	0.00393	0.00389	0.00079	0.02071	0.00313	0.00292	0.79687
45	0.04980	0.14965	0.01510	0.01143	0.01417	0.65732	0.00891	0.01814	0.01273	0.01200	0.00724	0.00844	0.00612	0.00478	0.00406	0.00121	0.00788	0.00298	0.00242	0.00562
46	0.01786	0.02258	0.01356	0.01229	0.01478	0.79612	0.00923	0.03516	0.01373	0.01208	0.00747	0.00868	0.00620	0.00494	0.00432	0.00124	0.00855	0.00310	0.00251	0.00560
47	0.00980	0.00815	0.00958	0.00703	0.01093	0.00628	0.00560	0.01212	0.02306	0.02830	0.09010	0.01279	0.01118	0.00426	0.00380	0.00082	0.00342	0.00350	0.00316	0.74613
48	0.01022	0.18462	0.65288	0.01255	0.01903	0.01264	0.01579	0.01497	0.01002	0.01437	0.00820	0.00961	0.00607	0.00445	0.00425	0.00142	0.00668	0.00334	0.00202	0.00688
49	0.02144	0.00813	0.01109	0.00850	0.01220	0.00702	0.00702	0.02329	0.01368	0.80552	0.01886	0.01627	0.01183	0.00592	0.00481	0.00148	0.00407	0.00481	0.00592	0.00813
50	0.02004	0.00937	0.04210	0.00899	0.01274	0.00816	0.00764	0.11358	0.03272	0.64756	0.01775	0.03260	0.01165	0.00605	0.00482	0.00149	0.00429	0.00490	0.00557	0.00799
51	0.01045	0.24304	0.59648	0.01216	0.01842	0.01321	0.01510	0.01491	0.00999	0.01409	0.00806	0.00944	0.00608	0.00442	0.00414	0.00138	0.00654	0.00327	0.00203	0.00681
52	0.01165	0.01114	0.01899	0.05271	0.76158	0.01121	0.01447	0.01449	0.01085	0.01548	0.00934	0.01278	0.00797	0.00447	0.00477	0.00144	0.00567	0.02113	0.00240	0.00743
53	0.00695	0.00463	0.00521	0.00521	0.00521	0.00463	0.00290	0.00695	0.00695	0.00927	0.01506	0.03128	0.01738	0.83203	0.02433	0.00463	0.00463	0.00695	0.00290	0.00290
54	0.01183	0.01136	0.01940	0.02934	0.80221	0.01136	0.01467	0.01467	0.01088	0.01562	0.00899	0.01183	0.00757	0.00426	0.00473	0.00142	0.00568	0.00426	0.00237	0.00757
55	0.00981	0.08055	0.75336	0.01325	0.02011	0.01164	0.01701	0.01508	0.01006	0.01487	0.00844	0.00992	0.00606	0.00451	0.00444	0.00148	0.00693	0.00346	0.00202	0.00700
56	0.00612	0.00484	0.00551	0.00539	0.00676	0.00423	0.00403	0.00775	0.01193	0.01549	0.36021	0.06982	0.45847	0.01124	0.00566	0.00158	0.00236	0.00961	0.00478	0.00423
57	0.01785	0.02278	0.01354	0.01231	0.01478	0.81284	0.00924	0.01909	0.01354	0.01170	0.00739	0.00862	0.00616	0.00493	0.00431	0.00123	0.00862	0.00308	0.00246	0.00554
58	0.00927	0.00874	0.01477	0.75236	0.09921	0.01068	0.01339	0.01242	0.00967	0.01251	0.00854	0.01266	0.00647	0.00473	0.00477	0.00158	0.00631	0.00425	0.00214	0.00550
59	0.02144	0.00813	0.01109	0.00850	0.01220	0.00702	0.00702	0.02329	0.01368	0.80552	0.01886	0.01627	0.01183	0.00592	0.00481	0.00148	0.00407	0.00481	0.00592	0.00813
60	0.01044	0.01050	0.01410	0.05394	0.01342	0.04701	0.01024	0.01165	0.00772	0.01152	0.00688	0.01107	0.00666	0.00993	0.06946	0.00241	0.69151	0.00420	0.00214	0.00518
61	0.01671	0.01017	0.01185	0.04077	0.01359	0.01069	0.00787	0.26262	0.21230	0.29239	0.01781	0.01655	0.05187	0.00628	0.00486	0.00151	0.00437	0.00505	0.00507	0.00767
62	0.00600	0.00515	0.00518	0.00512	0.00679	0.00448	0.00385	0.00790	0.05498	0.01331	0.04679	0.04441	0.75601	0.01179	0.00560	0.00161	0.00250	0.00982	0.00446	0.00423
63	0.00582	0.00416	0.00555	0.00666	0.00693	0.00388	0.00444	0.00666	0.00915	0.01220	0.02634	0.82891	0.03161	0.01497	0.00610	0.00194	0.00277	0.01359	0.00444	0.00388
64	0.01531	0.01210	0.01267	0.01038	0.01367	0.02862	0.00835	0.43929	0.34424	0.02522	0.01542	0.01472	0.02550	0.00615	0.00482	0.00151	0.00465	0.00485	0.00477	0.00777
65	0.01278	0.83490	0.02505	0.00818	0.01227	0.01891	0.00818	0.01431	0.00971	0.01125	0.00664	0.00767	0.00613	0.00409	0.00307	0.00102	0.00511	0.00256	0.00204	0.00613
66	0.02191	0.00683	0.01020	0.00896	0.01096	0.00633	0.11075	0.02401	0.04527	0.12560	0.02138	0.42484	0.04918	0.01038	0.00550	0.00169	0.00386	0.02619	0.00423	0.08195
67	0.01213	0.01039	0.01094	0.00978	0.01252	0.01200	0.00762	0.05478	0.76380	0.02039	0.01915	0.01759	0.01434	0.00646	0.00486	0.00161	0.00384	0.00536	0.00486	0.00759
68	0.01183	0.01136	0.01940	0.02934	0.80221	0.01136	0.01467	0.01467	0.01088	0.01562	0.00899	0.01183	0.00757	0.00426	0.00473	0.00142	0.00568	0.00426	0.00237	0.00757
69	0.00903	0.00850	0.01434	0.82054	0.03292	0.01062	0.01327	0.01221	0.00956	0.01221	0.00850	0.01274	0.00637	0.00478	0.00478	0.00159	0.00637	0.00425	0.00212	0.00531
70	0.01785	0.02278	0.01354	0.01231	0.01478	0.81284	0.00924	0.01909	0.01354	0.01170	0.00739	0.00862	0.00616	0.00493	0.00431	0.00123	0.00862	0.00308	0.00246	0.00554
71	0.00568	0.00484	0.00489	0.00488	0.00648	0.00405	0.00366	0.00692	0.01097	0.01310	0.07105	0.04569	0.77753	0.01203	0.00565	0.00161	0.00242	0.01004	0.00446	0.00405
72	0.00683	0.00512	0.00768	0.00768	0.00853	0.00597	0.00597	0.00853	0.00768	0.01110	0.01280	0.01878	0.01195	0.03585	0.81308	0.00768	0.01280	0.00512	0.00256	0.00427
73	0.01278	0.83490	0.02505	0.00818	0.01227	0.01891	0.00818	0.01431	0.00971	0.01125	0.00664	0.00767	0.00613	0.00409	0.00307	0.00102	0.00511	0.00256	0.00204	0.00613
74	0.01767	0.02239	0.01346	0.01223	0.01470	0.78763	0.00918	0.01928	0.03810	0.01196	0.00777	0.00891	0.00642	0.00497	0.00433	0.00124	0.00847	0.00315	0.00254	0.00560
75	0.00683	0.00512	0.00768	0.00768	0.00853	0.00597	0.00597	0.00853	0.00768	0.01110	0.01280	0.01878	0.01195	0.03585	0.81308	0.00768	0.01280	0.00512	0.00256	0.00427
76	0.86579	0.00924	0.00702	0.00629	0.00924	0.01072	0.00518	0.01405	0.00813	0.02144	0.00666	0.00776	0.00518	0.00444	0.00296	0.00148	0.00370	0.00259	0.00296	0.00518
77	0.01817	0.01339	0.01434	0.01100	0.01482	0.01482	0.00908	0.78627	0.02247	0.03012	0.01148	0.01148	0.00813	0.00574	0.00478	0.00143	0.00526	0.00430	0.00478	0.00813
78	0.00585	0.00417	0.00554	0.00662	0.00689	0.00390	0.00440	0.00666	0.00910	0.01213	0.02608	0.81046	0.03128	0.03387	0.00652	0.00200	0.00282	0.01343	0.00440	0.00386
79	0.86579	0.00924	0.00702	0.00629	0.00924	0.01072	0.00518	0.01405	0.00813	0.02144	0.00666	0.00776	0.00518	0.00444	0.00296	0.00148	0.00370	0.00259	0.00296	0.00518
80	0.00582	0.00418	0.00553	0.00661	0.00692	0.00389	0.00442	0.00666	0.00919	0.01222	0.02689	0.80945	0.05072	0.01490	0.00609	0.00193	0.00276	0.01350	0.00444	0.00389
81	0.00683	0.00512	0.00768	0.00768	0.00853	0.00597	0.00597	0.00853	0.00768	0.01110	0.01280	0.01878	0.01195	0.03585	0.81308	0.00768	0.01280	0.00512	0.00256	0.00427
82	0.00608	0.00486	0.00545	0.00530	0.00672	0.00422	0.00397	0.00770	0.01192	0.01535	0.34145	0.04198	0.50572	0.01119	0.00564	0.00157	0.00236	0.00952	0.00476	0.00422
83	0.07385	0.00841	0.01096	0.00846	0.01212	0.00756	0.00699	0.05221	0.01367	0.72676	0.01781	0.01555	0.01127	0.00582	0.00469	0.00148	0.00409	0.00465	0.00569	0.00795
84	0.00959	0.02472	0.80726	0.01362	0.02069	0.01110	0.01766	0.01514	0.01009	0.01514	0.00858	0.01009	0.00605	0.00454	0.00454	0.00151	0.00706	0.00353	0.00202	0.00706
85	0.01128	0.01289	0.02820	0.02015	0.02498	0.01209	0.78485	0.01531	0.01128	0.01531	0.00967	0.01289	0.00725	0.00403	0.00564	0.00161	0.00806	0.00564	0.00242	0.00645
86	0.00690	0.00464	0.00520	0.00520	0.00526	0.00461	0.00293	0.00695	0.00711	0.00942	0.01643	0.03188	0.04961	0.79826	0.02356	0.00451	0.00454	0.00708	0.00296	0.00294
87	0.83042	0.00905	0.00695	0.00624	0.00908	0.01047	0.00508	0.01376	0.00809	0.02094	0.00700	0.00873	0.00568	0.03851	0.00384	0.00161	0.00374	0.00277	0.00296	0.00508
88	0.00968	0.02417	0.77482	0.01427	0.05287	0.01111	0.01754	0.01512	0.01012	0.01516	0.00859	0.01016	0.00612	0.00453	0.00455	0.00151	0.00701	0.00356	0.00203	0.00708
89	0.00974	0.06084	0.73892	0.01311	0.01992	0.01126	0.01673	0.01497	0.01007	0.01498	0.00849	0.00997	0.00610	0.00448	0.00443	0.00146	0.00683	0.00346	0.00205	0.04219
90	0.05277	0.02204	0.01329	0.01204	0.01455	0.76413	0.00906	0.03395	0.01350	0.01246	0.00744	0.00864	0.00616	0.00492	0.00426	0.00125	0.00835	0.00308	0.00253	0.00558
91	0.00676	0.00489	0.00639	0.00601	0.00714	0.00451	0.00451	0.00902	0.01353	0.01917	0.79969	0.03570	0.04510	0.00977	0.00564	0.00150	0.00225	0.00864	0.00526	0.00451
92	0.01785	0.02278	0.01354	0.01231	0.01478	0.81284	0.00924	0.01909	0.01354	0.01170	0.00739	0.00862	0.00616	0.00493	0.00431	0.00123	0.00862	0.00308	0.00246	0.00554
93	0.01974	0.00845	0.01102	0.00863	0.01221	0.00770	0.00706	0.02325	0.12427	0.67022	0.01863	0.01630	0.01208	0.00592	0.00478	0.00148	0.00401	0.00483	0.00567	0.03375
94	0.00698	0.00534	0.00797	0.00788	0.00870	0.00633	0.00616	0.00866	0.00767	0.01111	0.01253	0.01843	0.01172	0.03472	0.78025	0.00745	0.04617	0.00508	0.00254	0.00431
95	0.00700	0.00463	0.00520	0.00520	0.00522	0.00463	0.00291	0.00705	0.00702	0.00947	0.01507	0.03096	0.01726	0.81272	0.02384	0.00455	0.00458	0.00689	0.02289	0.00293
96	0.00655	0.00477	0.00611	0.00608	0.00706	0.00440	0.00446	0.00838	0.01222	0.01691	0.54861	0.17283	0.10545	0.04272	0.00647	0.00173	0.00252	0.03351	0.00493	0.00430
97	0.00695	0.00528	0.00652	0.00627	0.00738	0.02340	0.00470	0.00905	0.01297	0.01805	0.67171	0.08531	0.06557	0.01079	0.02573	0.00170	0.00275	0.02639	0.00503	0.00447

[dist]
# distance from previous block
# <min> <max>
0	1

[block]
# block no. 1 follows, 53 sequences, length 20
# corresponding to MSA columns:
# 310-321,323-330
name=unknown_B
#
# <colnr> <probs for GDERKNQSTAVLIFYWHMCP>
#	G	D	E	R	K	N	Q	S	T	A	V	L	I	F	Y	W	H	M	C	P
0	0.01760	0.01283	0.01373	0.01059	0.01425	0.01418	0.00873	0.73823	0.02170	0.02936	0.01173	0.01187	0.00838	0.00573	0.00469	0.00141	0.00507	0.00431	0.05770	0.00790
1	0.29153	0.01006	0.01106	0.06131	0.12583	0.02804	0.00792	0.04613	0.19218	0.01880	0.01060	0.01153	0.00825	0.00481	0.00397	0.00137	0.00431	0.00370	0.00330	0.15530
2	0.01032	0.00491	0.00707	0.00666	0.00727	0.00479	0.00467	0.00926	0.02963	0.12489	0.01016	0.01488	0.00900	0.01476	0.01627	0.71125	0.00413	0.00428	0.00271	0.00311
3	0.00891	0.00512	0.00544	0.00527	0.00646	0.00521	0.00391	0.03687	0.05426	0.01775	0.10185	0.05161	0.01690	0.05767	0.00513	0.00145	0.00259	0.00547	0.60353	0.00464
4	0.01212	0.01206	0.01927	0.04486	0.70704	0.06104	0.04394	0.01491	0.01104	0.01529	0.00891	0.01169	0.00745	0.00430	0.00474	0.00142	0.00597	0.00424	0.00237	0.00735
5	0.01842	0.00764	0.01021	0.00818	0.01131	0.00678	0.00664	0.04494	0.01341	0.62517	0.07064	0.06195	0.03297	0.02640	0.00546	0.00160	0.00391	0.03141	0.00561	0.00734
6	0.00639	0.00435	0.00563	0.00644	0.00685	0.00407	0.00431	0.00725	0.00926	0.03090	0.05327	0.66594	0.05041	0.09539	0.00780	0.00216	0.00295	0.01228	0.02044	0.00392
7	0.00669	0.00466	0.00526	0.00529	0.00576	0.00446	0.00331	0.00727	0.00860	0.01144	0.10282	0.08254	0.16514	0.51778	0.01712	0.00347	0.00378	0.00802	0.03320	0.00339
8	0.03049	0.00508	0.00616	0.00617	0.00742	0.00464	0.00455	0.00909	0.01107	0.08344	0.22440	0.25753	0.24122	0.04775	0.00649	0.00182	0.00283	0.04072	0.00466	0.00446
9	0.03742	0.00480	0.00540	0.00543	0.00611	0.00465	0.00360	0.00805	0.00934	0.01337	0.16768	0.12146	0.12079	0.35446	0.01315	0.00283	0.00338	0.00795	0.10642	0.00372
10	0.00950	0.00502	0.00508	0.00487	0.00615	0.00511	0.00370	0.06020	0.01081	0.01860	0.01533	0.01742	0.01199	0.00558	0.00343	0.00113	0.00242	0.00445	0.80452	0.00469
11	0.48143	0.00901	0.00839	0.00718	0.01011	0.00991	0.00584	0.08813	0.08118	0.14170	0.01229	0.01245	0.03538	0.00533	0.00371	0.00146	0.00374	0.00375	0.07299	0.00602
12	0.00600	0.00465	0.00541	0.00564	0.00671	0.00412	0.00404	0.00730	0.01087	0.01402	0.21363	0.26584	0.38100	0.04073	0.00642	0.00179	0.00256	0.01064	0.00457	0.00406
13	0.00652	0.00485	0.00554	0.00566	0.00699	0.00423	0.00419	0.00785	0.01098	0.04489	0.13994	0.21262	0.47912	0.01221	0.00574	0.00168	0.00261	0.03554	0.00460	0.00424
14	0.01213	0.01039	0.01095	0.00978	0.01252	0.01200	0.00762	0.05517	0.76340	0.02039	0.01914	0.01758	0.01434	0.00646	0.00486	0.00161	0.00384	0.00536	0.00486	0.00759
15	0.56515	0.00842	0.00776	0.00667	0.00957	0.00910	0.00545	0.01566	0.00988	0.20054	0.06346	0.01218	0.00980	0.00520	0.00358	0.00146	0.00360	0.00361	0.05315	0.00577
16	0.00891	0.00445	0.00445	0.00445	0.00557	0.00445	0.00334	0.01114	0.01002	0.01782	0.01559	0.01782	0.01225	0.00557	0.00334	0.00111	0.00223	0.00445	0.85856	0.00445
17	0.00724	0.00499	0.00704	0.00704	0.00794	0.00567	0.00545	0.00905	0.00815	0.01244	0.01336	0.01859	0.01201	0.02981	0.65162	0.00637	0.01069	0.00499	0.17325	0.00430
18	0.00861	0.00446	0.00457	0.00460	0.00558	0.00445	0.00333	0.01056	0.00968	0.01675	0.01588	0.04541	0.01341	0.09129	0.00560	0.00150	0.00249	0.00501	0.74253	0.00428
19	0.05351	0.00470	0.00459	0.00455	0.00576	0.00478	0.00344	0.01129	0.00993	0.01801	0.01513	0.01730	0.01188	0.00551	0.00332	0.00113	0.00230	0.00436	0.81402	0.00449

[dist]
# distance from previous block
# <min> <max>
3	4

[block]
# block no. 2 follows, 53 sequences, length 16
# corresponding to MSA columns:
# 335-350
name=unknown_C
#
# <colnr> <probs for GDERKNQSTAVLIFYWHMCP>
#	G	D	E	R	K	N	Q	S	T	A	V	L	I	F	Y	W	H	M	C	P
0	0.00891	0.00445	0.00445	0.00445	0.00557	0.00445	0.00334	0.01114	0.01002	0.01782	0.01559	0.01782	0.01225	0.00557	0.00334	0.00111	0.00223	0.00445	0.85856	0.00445
1	0.00891	0.00445	0.00445	0.00445	0.00557	0.00445	0.00334	0.01114	0.01002	0.01782	0.01559	0.01782	0.01225	0.00557	0.00334	0.00111	0.00223	0.00445	0.85856	0.00445
2	0.00876	0.00447	0.00451	0.00451	0.00554	0.00447	0.00331	0.01081	0.00978	0.01714	0.01555	0.01888	0.01266	0.07079	0.00500	0.00139	0.00242	0.00465	0.79103	0.00433
3	0.00876	0.00447	0.00451	0.00451	0.00554	0.00447	0.00331	0.01081	0.00979	0.01716	0.01555	0.01886	0.01265	0.06948	0.00496	0.00139	0.00241	0.00465	0.79239	0.00433
4	0.01737	0.02200	0.01329	0.01211	0.01450	0.77719	0.00909	0.01862	0.01329	0.01167	0.00763	0.00907	0.00641	0.00629	0.04004	0.00152	0.00880	0.00317	0.00247	0.00548
5	0.00734	0.00460	0.00506	0.00506	0.00528	0.00460	0.00298	0.00778	0.00756	0.01095	0.01516	0.02863	0.01637	0.66928	0.02019	0.00394	0.00416	0.00646	0.17139	0.00320
6	0.00877	0.00447	0.00451	0.00451	0.00554	0.00447	0.00331	0.01084	0.00980	0.01721	0.01555	0.01879	0.01262	0.06492	0.00485	0.00137	0.00240	0.00463	0.79711	0.00434
7	0.00873	0.00447	0.00452	0.00452	0.00554	0.00447	0.00330	0.01076	0.00975	0.01705	0.01554	0.01903	0.01271	0.07966	0.00522	0.00143	0.00244	0.00468	0.78185	0.00432
8	0.86579	0.00924	0.00702	0.00629	0.00924	0.01072	0.00518	0.01405	0.00813	0.02144	0.00666	0.00776	0.00518	0.00444	0.00296	0.00148	0.00370	0.00259	0.00296	0.00518
9	0.01163	0.01115	0.01904	0.08616	0.74696	0.01130	0.01457	0.01449	0.01079	0.01537	0.00895	0.01190	0.00748	0.00430	0.00474	0.00143	0.00573	0.00426	0.00235	0.00741
10	0.00820	0.00459	0.00521	0.00521	0.00606	0.00474	0.00376	0.00981	0.00896	0.01487	0.01473	0.02006	0.01288	0.14663	0.14919	0.03605	0.00455	0.00497	0.53545	0.00407
11	0.01237	0.01117	0.01893	0.02816	0.75752	0.01111	0.01424	0.01516	0.01104	0.06030	0.00955	0.01208	0.00781	0.00435	0.00474	0.00142	0.00559	0.00429	0.00257	0.00760
12	0.00997	0.00869	0.01071	0.00765	0.01192	0.00662	0.03961	0.01218	0.00997	0.01556	0.00855	0.01004	0.00709	0.00356	0.00363	0.00075	0.00374	0.00295	0.00281	0.82400
13	0.01115	0.00945	0.01273	0.31205	0.06466	0.03363	0.02554	0.01693	0.23219	0.07061	0.04353	0.01563	0.01115	0.00552	0.00474	0.00148	0.00503	0.01930	0.00344	0.10126
14	0.01091	0.00982	0.05612	0.00858	0.01251	0.02269	0.04754	0.02670	0.03369	0.07202	0.06972	0.01274	0.01045	0.00458	0.00444	0.00101	0.03185	0.00375	0.00323	0.55762
15	0.01084	0.01039	0.03042	0.00800	0.01200	0.08122	0.00654	0.03022	0.01044	0.01539	0.00839	0.00985	0.00696	0.00391	0.00409	0.00084	0.03258	0.00295	0.00280	0.71217

[dist]
# distance from previous block
# <min> <max>
1	5

[block]
# block no. 3 follows, 53 sequences, length 9
# corresponding to MSA columns:
# 357-365
name=unknown_D
#
# <colnr> <probs for GDERKNQSTAVLIFYWHMCP>
#	G	D	E	R	K	N	Q	S	T	A	V	L	I	F	Y	W	H	M	C	P
0	0.57755	0.16542	0.01150	0.00791	0.04219	0.01220	0.00641	0.04544	0.00950	0.07441	0.00779	0.00865	0.00604	0.00452	0.00325	0.00139	0.00413	0.00287	0.00304	0.00578
1	0.01437	0.32329	0.05192	0.01097	0.01478	0.14264	0.13905	0.01652	0.01154	0.15827	0.04524	0.01256	0.02890	0.00502	0.00426	0.00130	0.00587	0.00407	0.00308	0.00637
2	0.00683	0.00512	0.00768	0.00768	0.00853	0.00597	0.00597	0.00853	0.00768	0.01110	0.01280	0.01878	0.01195	0.03585	0.81308	0.00768	0.01280	0.00512	0.00256	0.00427
3	0.01198	0.01065	0.01567	0.01279	0.01421	0.01329	0.11218	0.07272	0.06443	0.07440	0.00919	0.01206	0.00772	0.00809	0.03574	0.00207	0.50946	0.00455	0.00284	0.00597
4	0.01407	0.01556	0.01281	0.01144	0.01344	0.34852	0.00891	0.01965	0.29078	0.01462	0.01145	0.01232	0.00920	0.00625	0.00705	0.00156	0.18879	0.00416	0.00324	0.00619
5	0.00582	0.00416	0.00555	0.00666	0.00693	0.00388	0.00444	0.00666	0.00915	0.01220	0.02634	0.82891	0.03161	0.01497	0.00610	0.00194	0.00277	0.01359	0.00444	0.00388
6	0.01290	0.01644	0.09660	0.01482	0.01786	0.27088	0.25483	0.01541	0.01086	0.01311	0.00814	0.01086	0.00670	0.00639	0.03332	0.00178	0.19663	0.00425	0.00232	0.00586
7	0.00985	0.04507	0.05515	0.55300	0.02712	0.06672	0.06015	0.01322	0.03881	0.01276	0.01006	0.06879	0.00843	0.00547	0.00481	0.00157	0.00627	0.00483	0.00242	0.00550
8	0.07488	0.34059	0.18667	0.00994	0.01422	0.14665	0.00998	0.04737	0.01090	0.01413	0.00810	0.01010	0.00686	0.00465	0.00380	0.00122	0.00586	0.02641	0.00243	0.07522

[dist]
# distance from previous block
# <min> <max>
17	75

[block]
# block no. 4 follows, 53 sequences, length 12
# corresponding to MSA columns:
# 461-472
name=unknown_E
#
# <colnr> <probs for GDERKNQSTAVLIFYWHMCP>
#	G	D	E	R	K	N	Q	S	T	A	V	L	I	F	Y	W	H	M	C	P
0	0.38104	0.01053	0.02841	0.02150	0.03616	0.04979	0.04347	0.09254	0.06049	0.07584	0.01092	0.01431	0.00896	0.00568	0.00443	0.00152	0.02850	0.07345	0.00347	0.04897
1	0.08760	0.03458	0.13192	0.01116	0.03843	0.17959	0.04920	0.12299	0.05204	0.06612	0.02260	0.01187	0.02635	0.00501	0.00433	0.00131	0.00572	0.00386	0.00323	0.14209
2	0.13723	0.01127	0.01449	0.01154	0.01479	0.08161	0.17021	0.13298	0.05841	0.17857	0.01336	0.03183	0.01062	0.00615	0.00525	0.00158	0.03515	0.07445	0.00392	0.00656
3	0.03792	0.01119	0.01735	0.03114	0.01735	0.06525	0.29399	0.05688	0.04051	0.21537	0.01276	0.02795	0.00955	0.00517	0.00494	0.00145	0.00587	0.02761	0.00367	0.11408
4	0.01132	0.01059	0.01100	0.00884	0.01220	0.13771	0.04501	0.03078	0.03303	0.03822	0.02789	0.04389	0.03273	0.00562	0.00434	0.00112	0.00464	0.07387	0.00323	0.46397
5	0.01016	0.00702	0.00825	0.00687	0.00922	0.00639	0.00526	0.08568	0.03850	0.09879	0.23686	0.02557	0.12312	0.11158	0.00732	0.00172	0.00340	0.00635	0.00430	0.20364
6	0.00810	0.00708	0.00657	0.00651	0.00734	0.10674	0.00449	0.00883	0.00908	0.01096	0.02230	0.03296	0.19063	0.41987	0.06620	0.00350	0.00514	0.07668	0.00330	0.00371
7	0.02039	0.00817	0.01098	0.00837	0.01212	0.00697	0.00690	0.02227	0.01334	0.73343	0.01791	0.01569	0.01140	0.00570	0.00469	0.00141	0.00402	0.00463	0.00563	0.08599
8	0.00805	0.00597	0.00789	0.00871	0.00994	0.00615	0.00737	0.01155	0.10966	0.01482	0.02467	0.12362	0.02627	0.01252	0.00633	0.00210	0.00417	0.60099	0.00446	0.00475
9	0.00998	0.00874	0.01051	0.00777	0.01148	0.00742	0.00627	0.01197	0.00958	0.01506	0.00821	0.00998	0.00698	0.00415	0.00507	0.00088	0.10707	0.00300	0.00274	0.75314
10	0.01349	0.01000	0.11070	0.00864	0.01261	0.00707	0.00793	0.01596	0.01137	0.28478	0.01442	0.01834	0.01147	0.00585	0.00453	0.00128	0.00429	0.11232	0.00400	0.34095
11	0.01070	0.00896	0.01034	0.00745	0.01166	0.00718	0.00599	0.08622	0.01111	0.01697	0.00878	0.01006	0.00718	0.00375	0.00366	0.00078	0.00370	0.00297	0.00302	0.77950

[dist]
# distance from previous block
# <min> <max>
0	20

[block]
# block no. 5 follows, 53 sequences, length 9
# corresponding to MSA columns:
# 493-501
name=unknown_F
#
# <colnr> <probs for GDERKNQSTAVLIFYWHMCP>
#	G	D	E	R	K	N	Q	S	T	A	V	L	I	F	Y	W	H	M	C	P
0	0.10161	0.11386	0.01402	0.01042	0.01334	0.24070	0.00843	0.20296	0.16074	0.01860	0.01040	0.01096	0.00812	0.00549	0.00500	0.00141	0.06018	0.00377	0.00345	0.00656
1	0.00959	0.02472	0.80726	0.01362	0.02069	0.01110	0.01766	0.01514	0.01009	0.01514	0.00858	0.01009	0.00605	0.00454	0.00454	0.00151	0.00706	0.00353	0.00202	0.00706
2	0.01721	0.01677	0.01419	0.01178	0.01487	0.35597	0.04391	0.29997	0.07540	0.06361	0.01050	0.01103	0.00788	0.00546	0.00495	0.00139	0.03068	0.00395	0.00367	0.00682
3	0.01397	0.01035	0.01128	0.00971	0.01269	0.01158	0.00768	0.11773	0.59239	0.12932	0.01840	0.01684	0.01342	0.00632	0.00485	0.00158	0.00400	0.00519	0.00500	0.00771
4	0.12964	0.01348	0.01226	0.01006	0.01335	0.17525	0.00807	0.31092	0.09743	0.16451	0.01217	0.01193	0.00868	0.00551	0.00446	0.00143	0.00537	0.00403	0.00428	0.00715
5	0.00582	0.00416	0.00555	0.00666	0.00693	0.00388	0.00444	0.00666	0.00915	0.01220	0.02634	0.82891	0.03161	0.01497	0.00610	0.00194	0.00277	0.01359	0.00444	0.00388
6	0.01655	0.02042	0.01394	0.06731	0.07764	0.66394	0.00986	0.01854	0.04489	0.01238	0.00808	0.00952	0.00663	0.00493	0.00440	0.00129	0.00804	0.00334	0.00253	0.00577
7	0.01337	0.01120	0.01466	0.03513	0.01563	0.01193	0.13981	0.20971	0.34895	0.04590	0.01445	0.01448	0.01071	0.00554	0.00485	0.00148	0.00493	0.00488	0.00419	0.08821
8	0.56419	0.04575	0.01025	0.00805	0.01124	0.01155	0.04598	0.09497	0.10036	0.05465	0.00929	0.00992	0.00699	0.00483	0.00358	0.00148	0.00417	0.00334	0.00342	0.00599

[dist]
# distance from previous block
# <min> <max>
0	53

# created by:
# /st0/software/busco_prod/Augustus/scripts/msa2prfl.pl ./align_prep/109756.fa
