[name]
unknown

[dist]
# distance from previous block
# <min> <max>
3	163

[block]
# block no. 0 follows, 71 sequences, length 19
# corresponding to MSA columns:
# 170-188
name=unknown_A
#
# <colnr> <probs for GDERKNQSTAVLIFYWHMCP>
#	G	D	E	R	K	N	Q	S	T	A	V	L	I	F	Y	W	H	M	C	P
0	0.01292	0.00953	0.01086	0.02905	0.09808	0.03515	0.00727	0.48041	0.09762	0.10107	0.02383	0.03932	0.02725	0.00493	0.00389	0.00118	0.00399	0.00395	0.00362	0.00608
1	0.34786	0.00857	0.02853	0.00816	0.04238	0.06133	0.09708	0.06713	0.00914	0.21758	0.02249	0.01901	0.00689	0.00480	0.02830	0.00132	0.00407	0.00321	0.00297	0.01918
2	0.00499	0.00369	0.00466	0.00518	0.00571	0.00347	0.00361	0.00621	0.03514	0.01086	0.14264	0.56383	0.12569	0.03507	0.00519	0.00153	0.00224	0.03334	0.00363	0.00329
3	0.00935	0.00898	0.01541	0.10814	0.69672	0.00914	0.05309	0.03056	0.00885	0.01250	0.00725	0.00960	0.00597	0.00348	0.00384	0.00116	0.00470	0.00347	0.00193	0.00585
4	0.00917	0.01035	0.06639	0.06441	0.11430	0.03682	0.47059	0.05057	0.00922	0.01261	0.00768	0.02128	0.00601	0.00348	0.00410	0.00118	0.00558	0.00396	0.00205	0.10026
5	0.00837	0.00837	0.01216	0.06432	0.03482	0.01140	0.03303	0.00943	0.00616	0.00945	0.00529	0.00859	0.00509	0.00633	0.01154	0.00163	0.75465	0.00340	0.00169	0.00428
6	0.00551	0.00384	0.00502	0.00511	0.00564	0.00405	0.00365	0.00649	0.00674	0.00958	0.05348	0.12135	0.06789	0.22831	0.36496	0.00393	0.00591	0.00563	0.08980	0.00313
7	0.00797	0.05366	0.73457	0.01045	0.01568	0.00883	0.02722	0.01205	0.00825	0.03576	0.03129	0.02337	0.00626	0.00392	0.00366	0.00120	0.00538	0.00311	0.00182	0.00555
8	0.00910	0.00785	0.00849	0.00764	0.00959	0.00910	0.00595	0.01864	0.71940	0.01565	0.09076	0.01534	0.01364	0.00552	0.00437	0.00131	0.04355	0.00453	0.00383	0.00575
9	0.05860	0.00685	0.00892	0.00687	0.00981	0.00619	0.00567	0.07198	0.01123	0.75041	0.01427	0.01247	0.00904	0.00468	0.00378	0.00118	0.00331	0.00374	0.00457	0.00641
10	0.00993	0.01161	0.17569	0.04369	0.28164	0.00963	0.20810	0.15020	0.03461	0.02566	0.00796	0.00959	0.00603	0.00370	0.00395	0.00120	0.00513	0.00361	0.00227	0.00580
11	0.00921	0.00883	0.01506	0.12634	0.74070	0.00904	0.01163	0.01152	0.00860	0.01219	0.00716	0.00958	0.00595	0.00347	0.00380	0.00116	0.00462	0.00342	0.00187	0.00585
12	0.00954	0.00824	0.00867	0.00780	0.00997	0.00954	0.00607	0.02037	0.83441	0.01604	0.01561	0.01431	0.01170	0.00520	0.00390	0.00130	0.00303	0.00433	0.00390	0.00607
13	0.80667	0.00807	0.00608	0.00541	0.00778	0.06189	0.00441	0.01178	0.00695	0.04499	0.00571	0.00651	0.00438	0.00362	0.00249	0.00117	0.00323	0.00216	0.00243	0.00425
14	0.00702	0.00490	0.00592	0.00541	0.00675	0.00479	0.00414	0.01032	0.15750	0.08282	0.53250	0.02576	0.12235	0.00733	0.00436	0.00123	0.00216	0.00635	0.00413	0.00425
15	0.00472	0.00343	0.00443	0.00520	0.00554	0.00317	0.00352	0.00542	0.00746	0.00981	0.02255	0.73901	0.10334	0.03731	0.00531	0.00160	0.00227	0.02928	0.00352	0.00311
16	0.01132	0.01299	0.01392	0.09612	0.31419	0.37306	0.09960	0.01317	0.00959	0.01088	0.00668	0.00854	0.00546	0.00367	0.00373	0.00110	0.00584	0.00313	0.00192	0.00510
17	0.00472	0.00360	0.00433	0.00476	0.00545	0.00322	0.00334	0.00563	0.00828	0.01068	0.12885	0.46430	0.31770	0.01067	0.00472	0.00142	0.00207	0.00941	0.00364	0.00322
18	0.01468	0.01057	0.01140	0.00874	0.01181	0.01164	0.00722	0.79650	0.01775	0.05661	0.00944	0.00936	0.00664	0.00461	0.00384	0.00115	0.00418	0.00347	0.00387	0.00652

[dist]
# distance from previous block
# <min> <max>
1	2

[block]
# block no. 1 follows, 71 sequences, length 13
# corresponding to MSA columns:
# 191-203
name=unknown_B
#
# <colnr> <probs for GDERKNQSTAVLIFYWHMCP>
#	G	D	E	R	K	N	Q	S	T	A	V	L	I	F	Y	W	H	M	C	P
0	0.06643	0.00892	0.01388	0.17845	0.49808	0.03966	0.03965	0.02676	0.00845	0.01217	0.00687	0.00927	0.00565	0.00378	0.00435	0.00121	0.06579	0.00333	0.00192	0.00539
1	0.00483	0.00344	0.00458	0.00543	0.00570	0.00325	0.00372	0.00556	0.00739	0.00982	0.02067	0.75909	0.02459	0.04921	0.00557	0.00167	0.00240	0.07647	0.00350	0.00311
2	0.02893	0.22721	0.04748	0.01266	0.23395	0.14816	0.07067	0.06106	0.04038	0.01194	0.02036	0.03667	0.00736	0.00420	0.00353	0.00109	0.00475	0.03222	0.00218	0.00520
3	0.02786	0.08744	0.60499	0.01157	0.07496	0.00956	0.06428	0.01220	0.02998	0.01207	0.00699	0.00831	0.00518	0.00368	0.00380	0.00119	0.02569	0.00295	0.00174	0.00554
4	0.00533	0.00374	0.00430	0.00436	0.00465	0.00364	0.00270	0.00568	0.00647	0.00851	0.05486	0.09601	0.14051	0.58449	0.05630	0.00318	0.00356	0.00639	0.00269	0.00264
5	0.00831	0.00703	0.00815	0.00585	0.00924	0.00548	0.00469	0.05459	0.00850	0.01313	0.00695	0.00802	0.00573	0.00294	0.00289	0.00060	0.00292	0.00234	0.00236	0.84029
6	0.00951	0.12741	0.04635	0.06900	0.02746	0.01968	0.09380	0.07229	0.03377	0.08596	0.03977	0.02963	0.02891	0.00424	0.00360	0.00100	0.01243	0.02496	0.00261	0.26762
7	0.09466	0.08955	0.19471	0.02639	0.07280	0.15274	0.11328	0.08025	0.00954	0.05092	0.02827	0.00881	0.00621	0.00383	0.00364	0.00112	0.01593	0.00308	0.00224	0.04205
8	0.00530	0.00370	0.00475	0.00523	0.00575	0.00346	0.00371	0.00622	0.00801	0.02852	0.13684	0.46935	0.09912	0.10458	0.00644	0.00174	0.00247	0.09805	0.00354	0.00323
9	0.00853	0.05016	0.01161	0.09318	0.26709	0.06279	0.04522	0.02045	0.00808	0.03532	0.01009	0.13053	0.01975	0.06933	0.04079	0.00165	0.09458	0.01518	0.01101	0.00463
10	0.06254	0.11090	0.06638	0.03174	0.02592	0.12545	0.18582	0.05355	0.07222	0.12437	0.05843	0.01168	0.00870	0.00437	0.00388	0.00118	0.01586	0.02915	0.00271	0.00516
11	0.00498	0.00359	0.00467	0.00534	0.00569	0.00345	0.00362	0.02263	0.00745	0.00992	0.02039	0.70824	0.05681	0.06042	0.06153	0.00196	0.00287	0.00988	0.00340	0.00317
12	0.01139	0.04498	0.13658	0.01001	0.12083	0.00792	0.04025	0.09910	0.01922	0.23719	0.02204	0.01051	0.00745	0.00417	0.00402	0.00110	0.04604	0.00337	0.06052	0.11333

[dist]
# distance from previous block
# <min> <max>
0	1

[block]
# block no. 2 follows, 71 sequences, length 15
# corresponding to MSA columns:
# 205-219
name=unknown_C
#
# <colnr> <probs for GDERKNQSTAVLIFYWHMCP>
#	G	D	E	R	K	N	Q	S	T	A	V	L	I	F	Y	W	H	M	C	P
0	0.00733	0.00656	0.00737	0.00687	0.02028	0.09284	0.03481	0.04127	0.06625	0.01311	0.34515	0.15048	0.04994	0.03684	0.00555	0.00137	0.07437	0.01623	0.01941	0.00399
1	0.00466	0.00338	0.00441	0.00523	0.00553	0.00312	0.00351	0.00535	0.00744	0.00983	0.02242	0.80268	0.08460	0.01184	0.00487	0.00154	0.00220	0.01070	0.00356	0.00312
2	0.00754	0.00712	0.01204	0.74626	0.13387	0.00860	0.01080	0.01006	0.00781	0.01016	0.00687	0.01013	0.00524	0.00378	0.00383	0.00126	0.00504	0.00341	0.00173	0.00450
3	0.01058	0.01059	0.00892	0.00799	0.01000	0.24332	0.00615	0.06861	0.43676	0.01442	0.09842	0.01424	0.04283	0.00525	0.00386	0.00119	0.00403	0.00417	0.00338	0.00529
4	0.00466	0.00336	0.00442	0.00527	0.00554	0.00312	0.00353	0.00535	0.00741	0.00982	0.02201	0.82170	0.06584	0.01190	0.00488	0.00154	0.00221	0.01076	0.00356	0.00312
5	0.01008	0.81259	0.07361	0.00684	0.01028	0.01477	0.00705	0.01152	0.00781	0.00922	0.00543	0.00628	0.00492	0.00330	0.00254	0.00085	0.00420	0.00210	0.00164	0.00497
6	0.00476	0.00347	0.00443	0.00513	0.00552	0.00321	0.00349	0.00550	0.00756	0.00993	0.04325	0.67034	0.12745	0.05554	0.00560	0.00163	0.00229	0.03425	0.00351	0.00311
7	0.01471	0.01052	0.01137	0.00872	0.01178	0.01157	0.00720	0.78644	0.01766	0.06679	0.00951	0.00941	0.00667	0.00461	0.00384	0.00115	0.00417	0.00347	0.00388	0.00652
8	0.07086	0.11942	0.33464	0.01275	0.16056	0.05283	0.11964	0.04322	0.00865	0.01245	0.00675	0.00826	0.00523	0.00362	0.00377	0.00116	0.02589	0.00303	0.00187	0.00541
9	0.01432	0.01827	0.01087	0.00988	0.01185	0.84986	0.00741	0.01531	0.01087	0.00938	0.00593	0.00691	0.00494	0.00395	0.00346	0.00099	0.00691	0.00247	0.00198	0.00444
10	0.02676	0.00834	0.01306	0.17109	0.42619	0.03689	0.05041	0.04249	0.00888	0.01232	0.06211	0.01208	0.02833	0.00520	0.03716	0.00140	0.03436	0.01558	0.00217	0.00519
11	0.00529	0.00371	0.00421	0.00431	0.00458	0.00359	0.00262	0.00557	0.00634	0.00824	0.01773	0.11844	0.16019	0.60034	0.03648	0.00312	0.00341	0.00656	0.00267	0.00260
12	0.02100	0.00935	0.08582	0.02270	0.06202	0.03656	0.03474	0.19366	0.24251	0.05133	0.15766	0.01426	0.01311	0.01541	0.00412	0.00123	0.00370	0.00426	0.00341	0.02314
13	0.00945	0.00825	0.02815	0.10660	0.12019	0.05210	0.02391	0.13658	0.15272	0.04446	0.09512	0.03119	0.04802	0.03202	0.02168	0.00141	0.05035	0.00435	0.02841	0.00506
14	0.00472	0.00361	0.00430	0.00476	0.00543	0.00324	0.00333	0.00556	0.00801	0.01023	0.06837	0.45949	0.33353	0.04222	0.00528	0.00152	0.00218	0.02749	0.00355	0.00317

[dist]
# distance from previous block
# <min> <max>
0	1

[block]
# block no. 3 follows, 71 sequences, length 28
# corresponding to MSA columns:
# 221-248
name=unknown_D
#
# <colnr> <probs for GDERKNQSTAVLIFYWHMCP>
#	G	D	E	R	K	N	Q	S	T	A	V	L	I	F	Y	W	H	M	C	P
0	0.02323	0.28424	0.14913	0.00918	0.05445	0.17747	0.03611	0.04081	0.06702	0.02354	0.00744	0.03234	0.00623	0.00390	0.00326	0.00101	0.00477	0.00292	0.00212	0.07084
1	0.02427	0.28525	0.43074	0.00890	0.01314	0.03210	0.01023	0.06477	0.00864	0.02856	0.00699	0.02250	0.00557	0.00455	0.02549	0.01325	0.00504	0.00280	0.00190	0.00529
2	0.00462	0.00382	0.00406	0.00420	0.00532	0.00326	0.00311	0.00560	0.00862	0.01048	0.06326	0.15005	0.67987	0.00998	0.00460	0.00134	0.00202	0.02896	0.00358	0.00324
3	0.39862	0.00874	0.03003	0.02994	0.03905	0.04799	0.00593	0.19181	0.02610	0.10828	0.00789	0.00852	0.00581	0.00430	0.00360	0.02178	0.02312	0.00284	0.03062	0.00502
4	0.02732	0.05540	0.06887	0.17093	0.20858	0.11234	0.02993	0.11065	0.05771	0.03160	0.00902	0.03235	0.02583	0.00441	0.00395	0.00119	0.02339	0.01895	0.00237	0.00522
5	0.00542	0.00368	0.00438	0.00453	0.00462	0.00370	0.00272	0.00563	0.00592	0.00794	0.01347	0.16547	0.01553	0.65678	0.08128	0.00354	0.00397	0.00636	0.00251	0.00254
6	0.00932	0.00846	0.02946	0.01286	0.27184	0.02028	0.04427	0.08100	0.29165	0.02648	0.03664	0.04591	0.05776	0.00527	0.00403	0.00126	0.00377	0.04109	0.00307	0.00559
7	0.00717	0.00664	0.02961	0.00819	0.04574	0.05846	0.06959	0.03795	0.00815	0.03241	0.03213	0.42969	0.05731	0.02496	0.00602	0.00149	0.13018	0.00744	0.00296	0.00393
8	0.00469	0.00338	0.00445	0.00526	0.00555	0.00314	0.00353	0.00541	0.00752	0.01001	0.05054	0.79832	0.06048	0.01177	0.00487	0.00153	0.00220	0.01064	0.00358	0.00314
9	0.00937	0.00899	0.01535	0.06674	0.79903	0.00908	0.01171	0.01166	0.00868	0.01238	0.00719	0.00953	0.00602	0.00344	0.00380	0.00115	0.00458	0.00342	0.00189	0.00598
10	0.00911	0.00903	0.01432	0.03027	0.01338	0.03304	0.26878	0.08830	0.04799	0.01227	0.02724	0.02631	0.02820	0.00533	0.00754	0.00142	0.34336	0.00411	0.02527	0.00475
11	0.00477	0.00340	0.00440	0.00515	0.00539	0.00319	0.00339	0.00537	0.00719	0.00954	0.02076	0.73464	0.05487	0.11057	0.00657	0.00180	0.00239	0.01018	0.00342	0.00303
12	0.01326	0.03420	0.01067	0.00958	0.02952	0.66141	0.00714	0.05796	0.07009	0.01085	0.02289	0.00915	0.03832	0.00434	0.00356	0.00103	0.00610	0.00296	0.00230	0.00466
13	0.00525	0.00368	0.00463	0.00501	0.00558	0.00341	0.00352	0.00620	0.00817	0.02513	0.17625	0.43009	0.13338	0.09671	0.00620	0.00166	0.00234	0.05423	0.02531	0.00324
14	0.04681	0.16792	0.04535	0.00873	0.01170	0.18893	0.02815	0.41416	0.01351	0.02835	0.00762	0.00809	0.00576	0.00412	0.00346	0.00106	0.00482	0.00295	0.00287	0.00563
15	0.23952	0.01812	0.01087	0.05308	0.10632	0.09867	0.06634	0.07735	0.07409	0.03130	0.00729	0.00884	0.00585	0.00513	0.03065	0.00141	0.15480	0.00313	0.00236	0.00487
16	0.01432	0.01827	0.01087	0.00988	0.01185	0.84986	0.00741	0.01531	0.01087	0.00938	0.00593	0.00691	0.00494	0.00395	0.00346	0.00099	0.00691	0.00247	0.00198	0.00444
17	0.00882	0.00841	0.01257	0.25955	0.40278	0.07215	0.02111	0.01097	0.00863	0.02520	0.02746	0.03410	0.01830	0.00442	0.00391	0.00121	0.00463	0.04993	0.02080	0.00506
18	0.00463	0.00349	0.00429	0.00493	0.00545	0.00315	0.00338	0.00539	0.00774	0.00995	0.02614	0.62944	0.25544	0.01136	0.00479	0.00148	0.00214	0.01011	0.00356	0.00315
19	0.04990	0.06481	0.11939	0.03103	0.02997	0.00889	0.06008	0.08637	0.26861	0.04947	0.08883	0.01450	0.05584	0.00516	0.00416	0.00124	0.03390	0.01941	0.00311	0.00531
20	0.04901	0.05132	0.10276	0.03163	0.08116	0.06752	0.03313	0.22175	0.12462	0.06034	0.06434	0.03076	0.02627	0.00534	0.02178	0.00129	0.00429	0.01419	0.00305	0.00547
21	0.00470	0.00345	0.00441	0.00510	0.00552	0.00316	0.00347	0.00548	0.00776	0.01021	0.07260	0.69198	0.14527	0.01143	0.00482	0.00150	0.00216	0.01025	0.00360	0.00316
22	0.00834	0.00752	0.00813	0.00594	0.00926	0.05693	0.00472	0.01000	0.00813	0.01230	0.00676	0.00789	0.00563	0.00291	0.00288	0.00059	0.00309	0.00228	0.00225	0.83445
23	0.07183	0.33066	0.26419	0.00865	0.02989	0.05294	0.03613	0.04441	0.02144	0.03618	0.02762	0.02030	0.00666	0.01706	0.00346	0.00111	0.00459	0.01572	0.00206	0.00511
24	0.01048	0.05426	0.17133	0.02438	0.01075	0.00797	0.01904	0.19999	0.06004	0.13974	0.10239	0.01382	0.04273	0.02125	0.00401	0.00120	0.00369	0.00400	0.10361	0.00532
25	0.00467	0.00369	0.00417	0.00446	0.00532	0.00323	0.00317	0.00556	0.00829	0.01040	0.08523	0.32463	0.47592	0.03690	0.00512	0.00146	0.00209	0.00892	0.00357	0.00319
26	0.71232	0.00814	0.03868	0.00554	0.00791	0.04636	0.00468	0.01159	0.03164	0.03191	0.02184	0.00805	0.01588	0.02203	0.00298	0.00123	0.00322	0.00249	0.01926	0.00426
27	0.01160	0.05078	0.15048	0.03745	0.02582	0.23073	0.04430	0.06387	0.02787	0.16749	0.03551	0.04525	0.02404	0.00480	0.00395	0.00116	0.02358	0.02093	0.02527	0.00513

[dist]
# distance from previous block
# <min> <max>
0	1

[block]
# block no. 4 follows, 71 sequences, length 19
# corresponding to MSA columns:
# 250-268
name=unknown_E
#
# <colnr> <probs for GDERKNQSTAVLIFYWHMCP>
#	G	D	E	R	K	N	Q	S	T	A	V	L	I	F	Y	W	H	M	C	P
0	0.00487	0.00343	0.00452	0.00533	0.00561	0.00323	0.00363	0.00564	0.00747	0.01008	0.04001	0.74905	0.02462	0.03673	0.00527	0.00160	0.00231	0.05213	0.03132	0.00314
1	0.02024	0.00907	0.09308	0.01077	0.16668	0.02947	0.03096	0.09588	0.22039	0.04663	0.12844	0.02612	0.05938	0.00536	0.00422	0.00124	0.02578	0.01777	0.00316	0.00537
2	0.00940	0.00902	0.01541	0.05532	0.81022	0.00909	0.01172	0.01169	0.00869	0.01242	0.00720	0.00952	0.00604	0.00343	0.00380	0.00114	0.00458	0.00342	0.00189	0.00600
3	0.00467	0.00336	0.00443	0.00528	0.00555	0.00312	0.00353	0.00535	0.00740	0.00981	0.02186	0.82864	0.05900	0.01192	0.00488	0.00155	0.00221	0.01078	0.00356	0.00312
4	0.00777	0.04742	0.81853	0.01079	0.01638	0.00911	0.01392	0.01212	0.00809	0.01204	0.00683	0.00803	0.00486	0.00363	0.00360	0.00120	0.00562	0.00281	0.00162	0.00564
5	0.08662	0.00731	0.00720	0.00658	0.00827	0.07099	0.00510	0.11147	0.24332	0.01525	0.15946	0.10537	0.06199	0.00650	0.00396	0.00126	0.00306	0.03954	0.05206	0.00469
6	0.00482	0.00342	0.00441	0.00512	0.00536	0.00322	0.00337	0.00543	0.00721	0.00960	0.04093	0.70014	0.04360	0.13573	0.00700	0.00186	0.00242	0.00996	0.00340	0.00302
7	0.01289	0.01431	0.01070	0.00932	0.01144	0.50980	0.04078	0.18229	0.05191	0.01292	0.00893	0.07444	0.02102	0.00519	0.01608	0.00117	0.00576	0.00361	0.00260	0.00485
8	0.05572	0.00513	0.00652	0.00570	0.00751	0.00468	0.00451	0.01211	0.00974	0.36778	0.16862	0.12813	0.08514	0.00689	0.00408	0.00126	0.00264	0.04946	0.06959	0.00478
9	0.01227	0.02383	0.02277	0.02961	0.01063	0.13189	0.00656	0.35658	0.06265	0.08591	0.01097	0.01349	0.00873	0.00507	0.00375	0.00116	0.00411	0.08353	0.12107	0.00540
10	0.02288	0.11279	0.07570	0.00778	0.00990	0.21619	0.00661	0.13849	0.03874	0.04024	0.00881	0.01181	0.00763	0.11142	0.02205	0.00152	0.05974	0.02472	0.07833	0.00464
11	0.01432	0.01827	0.01087	0.00988	0.01185	0.84986	0.00741	0.01531	0.01087	0.00938	0.00593	0.00691	0.00494	0.00395	0.00346	0.00099	0.00691	0.00247	0.00198	0.00444
12	0.00820	0.00774	0.02556	0.07920	0.11033	0.05636	0.15863	0.04997	0.04032	0.03157	0.03882	0.18738	0.01264	0.02398	0.05067	0.00166	0.04054	0.06924	0.00268	0.00451
13	0.00467	0.00366	0.00424	0.00464	0.00544	0.00323	0.00331	0.00556	0.00821	0.01033	0.06092	0.39773	0.43181	0.01067	0.00471	0.00142	0.00210	0.03057	0.00358	0.00321
14	0.02859	0.00872	0.03391	0.12823	0.16522	0.03494	0.05819	0.09543	0.26964	0.03635	0.04921	0.01291	0.03201	0.01518	0.00407	0.00126	0.00403	0.00403	0.01263	0.00546
15	0.02649	0.00985	0.06137	0.07838	0.06827	0.03276	0.02094	0.38994	0.09317	0.04140	0.03803	0.01128	0.00816	0.04806	0.01890	0.00141	0.03909	0.00371	0.00314	0.00564
16	0.00471	0.00354	0.00438	0.00492	0.00548	0.00320	0.00340	0.00558	0.00806	0.01052	0.11106	0.56579	0.23345	0.01099	0.00476	0.00145	0.00211	0.00977	0.00363	0.00320
17	0.00832	0.00687	0.00803	0.00584	0.00914	0.00538	0.00468	0.02651	0.03253	0.03425	0.00741	0.00844	0.00605	0.00353	0.02045	0.00073	0.00304	0.00243	0.00241	0.80394
18	0.02358	0.07752	0.02669	0.11910	0.07574	0.00831	0.06838	0.14501	0.04997	0.02245	0.04125	0.08919	0.00935	0.01398	0.00461	0.04065	0.02518	0.01581	0.00262	0.14062

[dist]
# distance from previous block
# <min> <max>
0	1

[block]
# block no. 5 follows, 71 sequences, length 46
# corresponding to MSA columns:
# 271-316
name=unknown_F
#
# <colnr> <probs for GDERKNQSTAVLIFYWHMCP>
#	G	D	E	R	K	N	Q	S	T	A	V	L	I	F	Y	W	H	M	C	P
0	0.00506	0.00375	0.00458	0.00503	0.00558	0.00355	0.00351	0.00608	0.02882	0.01000	0.05218	0.42680	0.19756	0.14263	0.03097	0.00196	0.00271	0.06272	0.00336	0.00315
1	0.07976	0.00991	0.02433	0.02991	0.02657	0.05986	0.02536	0.45728	0.04785	0.15224	0.04177	0.01046	0.00799	0.00457	0.00375	0.00116	0.00409	0.00354	0.00361	0.00598
2	0.01247	0.01357	0.02975	0.03783	0.20538	0.41014	0.08625	0.04365	0.03397	0.07969	0.00759	0.00876	0.00591	0.00387	0.00371	0.00110	0.00574	0.00312	0.00229	0.00520
3	0.00493	0.00336	0.00436	0.00515	0.00545	0.00316	0.00347	0.00571	0.00741	0.01026	0.02023	0.77422	0.02374	0.01122	0.00466	0.00149	0.00218	0.01014	0.09569	0.00316
4	0.00982	0.00852	0.02940	0.02526	0.11608	0.04945	0.01394	0.21304	0.18081	0.03089	0.04322	0.04305	0.12981	0.00589	0.00430	0.00125	0.03051	0.03842	0.02107	0.00526
5	0.01205	0.01389	0.01068	0.05253	0.01168	0.50628	0.00751	0.03750	0.00945	0.02655	0.00654	0.00885	0.00572	0.03357	0.00627	0.00128	0.21446	0.01359	0.01721	0.00438
6	0.00467	0.00335	0.00443	0.00530	0.00555	0.00312	0.00354	0.00534	0.00738	0.00980	0.02159	0.84123	0.04658	0.01195	0.00488	0.00155	0.00222	0.01083	0.00356	0.00312
7	0.00949	0.00911	0.01556	0.02353	0.84133	0.00911	0.01177	0.01177	0.00873	0.01253	0.00721	0.00949	0.00607	0.00342	0.00380	0.00114	0.00456	0.00342	0.00190	0.00607
8	0.00907	0.01013	0.06211	0.07472	0.09020	0.03056	0.46747	0.03737	0.07519	0.01254	0.00840	0.01086	0.00654	0.01768	0.00481	0.00131	0.04169	0.01100	0.02318	0.00517
9	0.00586	0.00401	0.00512	0.00484	0.00585	0.00364	0.00363	0.00748	0.01038	0.05587	0.64812	0.07905	0.13535	0.00817	0.00451	0.00124	0.00192	0.00716	0.00412	0.00369
10	0.00989	0.03516	0.04302	0.02878	0.02104	0.29476	0.02457	0.08036	0.00907	0.01069	0.00859	0.01111	0.02951	0.02273	0.27662	0.00279	0.08145	0.00343	0.00215	0.00431
11	0.00521	0.00350	0.00458	0.00526	0.00559	0.00326	0.00351	0.00585	0.00735	0.04022	0.02051	0.74103	0.04140	0.08572	0.00612	0.00173	0.00239	0.01012	0.00350	0.00317
12	0.05671	0.01167	0.03240	0.00909	0.01194	0.15022	0.05628	0.51050	0.06602	0.01957	0.00882	0.00918	0.00647	0.00437	0.00371	0.00114	0.00463	0.00333	0.02810	0.00585
13	0.09265	0.28269	0.08188	0.02488	0.01193	0.25812	0.06738	0.05410	0.00907	0.01118	0.00601	0.00725	0.00501	0.00387	0.00385	0.00106	0.06971	0.00262	0.00194	0.00480
14	0.01432	0.01827	0.01087	0.00988	0.01185	0.84986	0.00741	0.01531	0.01087	0.00938	0.00593	0.00691	0.00494	0.00395	0.00346	0.00099	0.00691	0.00247	0.00198	0.00444
15	0.00854	0.00898	0.03159	0.11846	0.16242	0.02373	0.32781	0.02785	0.00842	0.01154	0.00861	0.08518	0.00774	0.00483	0.00546	0.00134	0.12673	0.02380	0.00208	0.00488
16	0.00472	0.00364	0.00415	0.00452	0.00520	0.00325	0.00310	0.00545	0.00776	0.00974	0.02813	0.37177	0.40019	0.12236	0.00664	0.00172	0.00229	0.00891	0.00340	0.00307
17	0.01943	0.00917	0.01986	0.04168	0.28358	0.05754	0.05191	0.10396	0.25385	0.04206	0.03547	0.01889	0.01917	0.00446	0.00386	0.00120	0.00409	0.00392	0.02018	0.00573
18	0.02346	0.15561	0.39181	0.00978	0.06003	0.00929	0.04004	0.02689	0.07100	0.06121	0.04380	0.01097	0.03529	0.01976	0.02399	0.00131	0.00475	0.00340	0.00226	0.00534
19	0.00555	0.00373	0.00420	0.00419	0.00425	0.00370	0.00237	0.00562	0.00580	0.00773	0.03597	0.02547	0.03431	0.82070	0.01874	0.00359	0.00362	0.00567	0.00241	0.00238
20	0.00795	0.00681	0.00795	0.00568	0.00909	0.00511	0.00454	0.00965	0.00795	0.01249	0.00681	0.00795	0.00568	0.00284	0.00284	0.00057	0.00284	0.00227	0.00227	0.88869
21	0.01903	0.00640	0.05217	0.01783	0.08426	0.00590	0.00577	0.04693	0.15216	0.04803	0.15272	0.27904	0.04690	0.00771	0.00431	0.00133	0.00292	0.03743	0.00346	0.02568
22	0.00686	0.00631	0.07040	0.00791	0.00959	0.00534	0.11447	0.00889	0.00909	0.04337	0.17017	0.04437	0.05440	0.03691	0.00540	0.00158	0.01421	0.38346	0.00329	0.00398
23	0.00515	0.00357	0.00431	0.00467	0.00484	0.00344	0.00290	0.00551	0.00659	0.00875	0.03791	0.37784	0.05514	0.44780	0.01234	0.00264	0.00296	0.00796	0.00294	0.00273
24	0.00714	0.00409	0.00466	0.00466	0.01620	0.00405	0.01788	0.04235	0.00835	0.02724	0.01447	0.15890	0.03617	0.03294	0.00375	0.00113	0.00217	0.00502	0.60514	0.00368
25	0.58419	0.07267	0.06283	0.00697	0.04447	0.09858	0.00574	0.03458	0.00761	0.01518	0.00609	0.02527	0.00501	0.00408	0.01251	0.00120	0.00382	0.00248	0.00227	0.00446
26	0.00476	0.00340	0.00455	0.00543	0.00569	0.00319	0.00371	0.00548	0.00742	0.00988	0.02109	0.81710	0.02518	0.01193	0.00492	0.00157	0.00230	0.05572	0.00356	0.00314
27	0.00945	0.00942	0.02353	0.13161	0.50819	0.05328	0.07769	0.03820	0.01863	0.01226	0.00720	0.00945	0.00588	0.00365	0.00414	0.00116	0.03759	0.00341	0.00197	0.04330
28	0.00948	0.00989	0.01189	0.01017	0.02119	0.14509	0.07044	0.04603	0.02286	0.01019	0.00628	0.00954	0.00587	0.05601	0.02346	0.00169	0.53017	0.00347	0.00193	0.00435
29	0.00467	0.00335	0.00443	0.00530	0.00555	0.00312	0.00354	0.00534	0.00738	0.00980	0.02164	0.83902	0.04876	0.01195	0.00488	0.00155	0.00222	0.01082	0.00356	0.00312
30	0.00966	0.64108	0.20938	0.00760	0.01137	0.03034	0.00828	0.01164	0.00797	0.00985	0.01970	0.00699	0.00543	0.00345	0.00279	0.00092	0.00448	0.00232	0.00169	0.00506
31	0.00576	0.00397	0.00516	0.00508	0.00594	0.00371	0.00381	0.00724	0.00968	0.04112	0.52052	0.12565	0.07938	0.06520	0.02691	0.00159	0.00241	0.07945	0.00388	0.00354
32	0.00481	0.00345	0.00456	0.00522	0.00558	0.00321	0.00356	0.00569	0.00801	0.01082	0.17076	0.69405	0.04362	0.01120	0.00482	0.00149	0.00214	0.01012	0.00368	0.00321
33	0.01001	0.78748	0.09805	0.00697	0.01048	0.01458	0.00728	0.01154	0.00782	0.00932	0.00548	0.00633	0.00491	0.00331	0.00257	0.00086	0.00425	0.00212	0.00164	0.00499
34	0.00475	0.00340	0.00453	0.00535	0.00563	0.00318	0.00363	0.00551	0.00758	0.01015	0.06823	0.79365	0.02590	0.01174	0.00488	0.00154	0.00223	0.03135	0.00360	0.00315
35	0.01455	0.01061	0.01141	0.00876	0.01182	0.01172	0.00723	0.79890	0.03073	0.04117	0.00943	0.00937	0.00666	0.00462	0.00384	0.00115	0.00418	0.00347	0.00386	0.00651
36	0.02388	0.00949	0.01220	0.25398	0.27027	0.15496	0.02782	0.01109	0.00828	0.01068	0.00721	0.02696	0.00623	0.03175	0.02089	0.00139	0.09611	0.00348	0.01861	0.00475
37	0.01432	0.01827	0.01087	0.00988	0.01185	0.84986	0.00741	0.01531	0.01087	0.00938	0.00593	0.00691	0.00494	0.00395	0.00346	0.00099	0.00691	0.00247	0.00198	0.00444
38	0.00942	0.04736	0.07041	0.13495	0.50468	0.05105	0.02529	0.02517	0.00877	0.03284	0.00776	0.02392	0.00654	0.00396	0.00388	0.00897	0.00473	0.02275	0.00201	0.00552
39	0.00460	0.00381	0.00403	0.00420	0.00531	0.00325	0.00310	0.00554	0.00851	0.01029	0.03550	0.17121	0.68682	0.01011	0.00461	0.00135	0.00203	0.02895	0.00356	0.00322
40	0.02846	0.02354	0.05053	0.01884	0.04874	0.02247	0.02027	0.04524	0.60289	0.01551	0.05900	0.01415	0.02321	0.00509	0.00387	0.00126	0.00335	0.00426	0.00355	0.00577
41	0.01032	0.04419	0.22750	0.03372	0.03656	0.00910	0.03591	0.25486	0.09569	0.06617	0.06450	0.02373	0.04817	0.00486	0.00384	0.00120	0.00418	0.01042	0.01947	0.00560
42	0.00489	0.00385	0.00441	0.00437	0.00542	0.00337	0.00324	0.00616	0.00944	0.01225	0.34744	0.10238	0.46077	0.00918	0.00456	0.00128	0.00191	0.00788	0.00382	0.00337
43	0.00829	0.00720	0.00812	0.00587	0.00923	0.02550	0.00469	0.03280	0.00830	0.01275	0.00686	0.00796	0.00569	0.00292	0.00288	0.00059	0.00298	0.00231	0.00231	0.84275
44	0.04624	0.27075	0.08933	0.00871	0.07014	0.05082	0.00739	0.17210	0.03676	0.09127	0.00809	0.02192	0.00639	0.00442	0.01869	0.00111	0.01267	0.00296	0.00258	0.07764
45	0.35868	0.09215	0.27534	0.00734	0.01080	0.01903	0.00774	0.01224	0.00777	0.11814	0.00773	0.03672	0.00604	0.02140	0.00342	0.00122	0.00401	0.00291	0.00240	0.00494

[dist]
# distance from previous block
# <min> <max>
0	2

[block]
# block no. 6 follows, 71 sequences, length 40
# corresponding to MSA columns:
# 319-344,346-359
name=unknown_G
#
# <colnr> <probs for GDERKNQSTAVLIFYWHMCP>
#	G	D	E	R	K	N	Q	S	T	A	V	L	I	F	Y	W	H	M	C	P
0	0.00695	0.00433	0.00555	0.00530	0.00654	0.00394	0.00419	0.00851	0.01001	0.12575	0.40562	0.05298	0.19076	0.00838	0.00458	0.00133	0.00234	0.14502	0.00402	0.00391
1	0.15920	0.01009	0.06662	0.02468	0.06952	0.06787	0.02133	0.31399	0.03153	0.13507	0.01830	0.00989	0.00694	0.02249	0.02473	0.00134	0.00432	0.00330	0.00316	0.00562
2	0.13630	0.10936	0.07996	0.01036	0.11325	0.10953	0.07031	0.11940	0.12166	0.06262	0.00874	0.02712	0.00684	0.00414	0.00349	0.00114	0.00442	0.00331	0.00265	0.00539
3	0.00514	0.00368	0.00472	0.00538	0.00573	0.00352	0.00365	0.03414	0.00765	0.01016	0.02039	0.71049	0.04563	0.08523	0.00612	0.00173	0.00246	0.03755	0.00346	0.00318
4	0.00811	0.00784	0.01040	0.06476	0.05583	0.09062	0.07531	0.02796	0.02180	0.01014	0.00815	0.02487	0.00747	0.04977	0.25383	0.00288	0.24598	0.00383	0.02631	0.00415
5	0.02375	0.00447	0.00576	0.00527	0.00652	0.00417	0.00407	0.00940	0.02923	0.14230	0.58158	0.05467	0.02891	0.00736	0.00434	0.00123	0.00217	0.04254	0.03814	0.00411
6	0.00865	0.00650	0.00723	0.00651	0.00831	0.00693	0.00507	0.06328	0.38517	0.08013	0.16394	0.03591	0.14479	0.02381	0.00448	0.00134	0.00276	0.03622	0.00392	0.00504
7	0.00769	0.01983	0.84538	0.01093	0.01659	0.00890	0.01417	0.01214	0.00810	0.01214	0.00688	0.00810	0.00486	0.00364	0.00364	0.00121	0.00567	0.00283	0.00162	0.00567
8	0.00472	0.00337	0.00451	0.00540	0.00564	0.00316	0.00365	0.00543	0.00739	0.00985	0.02110	0.83480	0.02525	0.01196	0.00491	0.00156	0.00227	0.03834	0.00356	0.00313
9	0.01349	0.01700	0.01029	0.00938	0.01128	0.77494	0.00703	0.01450	0.01075	0.00964	0.03590	0.00929	0.05166	0.00440	0.00355	0.00101	0.00647	0.00293	0.00214	0.00435
10	0.00476	0.00341	0.00453	0.00528	0.00558	0.00318	0.00357	0.00557	0.00777	0.01047	0.12105	0.76089	0.02668	0.01150	0.00485	0.00151	0.00217	0.01042	0.00364	0.00318
11	0.01437	0.01699	0.01098	0.00970	0.01186	0.70667	0.00739	0.15427	0.01209	0.01191	0.00649	0.00731	0.00521	0.00406	0.00352	0.00102	0.00645	0.00264	0.00229	0.00480
12	0.00916	0.01037	0.02161	0.03717	0.07302	0.02978	0.73498	0.01226	0.00904	0.01217	0.00765	0.01020	0.00580	0.00328	0.00444	0.00128	0.00632	0.00438	0.00193	0.00519
13	0.01432	0.01827	0.01087	0.00988	0.01185	0.84986	0.00741	0.01531	0.01087	0.00938	0.00593	0.00691	0.00494	0.00395	0.00346	0.00099	0.00691	0.00247	0.00198	0.00444
14	0.00876	0.01204	0.17633	0.03322	0.01953	0.00952	0.65771	0.01220	0.00884	0.01220	0.00757	0.00992	0.00562	0.00332	0.00434	0.00128	0.00629	0.00418	0.00187	0.00524
15	0.00463	0.00387	0.00403	0.00403	0.00525	0.00327	0.00301	0.00568	0.00891	0.01087	0.12267	0.06447	0.72696	0.00959	0.00454	0.00129	0.00194	0.00807	0.00363	0.00327
16	0.01383	0.00950	0.01060	0.05159	0.01186	0.01038	0.00694	0.60374	0.05587	0.11955	0.01029	0.01026	0.00724	0.00460	0.00377	0.00115	0.00395	0.00355	0.05511	0.00621
17	0.00938	0.03463	0.10582	0.00907	0.05194	0.02153	0.04308	0.18322	0.19193	0.01503	0.08038	0.02876	0.05390	0.03343	0.02556	0.00147	0.08413	0.01849	0.00304	0.00522
18	0.00474	0.00367	0.00430	0.00464	0.00541	0.00326	0.00329	0.00567	0.00833	0.01064	0.12155	0.37236	0.38461	0.03152	0.00506	0.00146	0.00211	0.02058	0.00360	0.00321
19	0.06084	0.00984	0.01076	0.00831	0.01124	0.01071	0.00686	0.63214	0.01582	0.12289	0.00951	0.00945	0.00668	0.00457	0.00400	0.00115	0.03103	0.00338	0.00375	0.03706
20	0.01892	0.15269	0.44238	0.00903	0.01340	0.03651	0.02312	0.06330	0.00869	0.01233	0.00703	0.02203	0.00554	0.00412	0.01902	0.00113	0.00491	0.00282	0.00194	0.15109
21	0.06798	0.28708	0.22599	0.03470	0.10761	0.08214	0.07467	0.02604	0.00835	0.01133	0.00628	0.00768	0.00510	0.00363	0.00360	0.00108	0.03702	0.00275	0.00181	0.00515
22	0.00471	0.00367	0.00430	0.00472	0.00550	0.00325	0.00338	0.00562	0.00822	0.01039	0.06824	0.40238	0.40386	0.01068	0.00473	0.00143	0.00213	0.04598	0.00359	0.00321
23	0.01523	0.00730	0.00942	0.00743	0.00989	0.02128	0.00612	0.09777	0.01090	0.59865	0.02817	0.01222	0.00899	0.00505	0.00506	0.00124	0.12365	0.00377	0.02180	0.00605
24	0.01014	0.21910	0.15489	0.01087	0.08968	0.12841	0.13331	0.04946	0.00915	0.05067	0.02571	0.05518	0.00731	0.00467	0.01942	0.00121	0.02001	0.00354	0.00217	0.00511
25	0.00887	0.00408	0.00448	0.00413	0.00538	0.00393	0.00319	0.01060	0.00854	0.15607	0.01296	0.01408	0.00977	0.00451	0.00288	0.00094	0.00204	0.00362	0.73586	0.00408
26	0.02042	0.00701	0.00836	0.01754	0.02475	0.00578	0.01339	0.07672	0.00897	0.02428	0.05247	0.02204	0.00772	0.00345	0.00310	0.00071	0.00299	0.00283	0.00254	0.69494
27	0.00770	0.00729	0.01233	0.68498	0.19385	0.00864	0.01088	0.01020	0.00789	0.01036	0.00690	0.01007	0.00531	0.00375	0.00383	0.00125	0.00500	0.00341	0.00174	0.00463
28	0.00467	0.00334	0.00445	0.00534	0.00556	0.00311	0.00356	0.00534	0.00734	0.00979	0.02113	0.86275	0.02536	0.01201	0.00489	0.00156	0.00222	0.01090	0.00356	0.00311
29	0.00943	0.00905	0.01545	0.04579	0.81954	0.00909	0.01174	0.01171	0.00870	0.01245	0.00720	0.00951	0.00605	0.00343	0.00380	0.00114	0.00457	0.00342	0.00189	0.00602
30	0.00807	0.00693	0.00729	0.00667	0.00856	0.00767	0.00515	0.01599	0.58726	0.01454	0.05440	0.02074	0.22769	0.00648	0.00409	0.00130	0.00270	0.00541	0.00383	0.00524
31	0.00469	0.00335	0.00444	0.00531	0.00553	0.00313	0.00353	0.00534	0.00730	0.00973	0.02091	0.84239	0.02508	0.03275	0.00525	0.00161	0.00226	0.01077	0.00353	0.00310
32	0.00733	0.00691	0.01167	0.82195	0.05977	0.00854	0.01069	0.00988	0.00771	0.00991	0.00683	0.01019	0.00515	0.00382	0.00383	0.00127	0.00509	0.00341	0.00171	0.00433
33	0.00471	0.00343	0.00445	0.00521	0.00558	0.00317	0.00355	0.00547	0.00763	0.01007	0.05134	0.73843	0.10436	0.01162	0.00485	0.00152	0.00221	0.02567	0.00358	0.00315
34	0.00801	0.08469	0.70791	0.01106	0.01638	0.00946	0.08623	0.01210	0.00816	0.01191	0.00684	0.00815	0.00495	0.00358	0.00363	0.00119	0.00562	0.00292	0.00165	0.00556
35	0.00769	0.01983	0.84538	0.01093	0.01659	0.00890	0.01417	0.01214	0.00810	0.01214	0.00688	0.00810	0.00486	0.00364	0.00364	0.00121	0.00567	0.00283	0.00162	0.00567
36	0.01432	0.01827	0.01087	0.00988	0.01185	0.84986	0.00741	0.01531	0.01087	0.00938	0.00593	0.00691	0.00494	0.00395	0.00346	0.00099	0.00691	0.00247	0.00198	0.00444
37	0.00715	0.00357	0.00357	0.00357	0.00447	0.00357	0.00268	0.00893	0.00804	0.01429	0.01251	0.01429	0.00983	0.00447	0.00268	0.00089	0.00179	0.00357	0.88654	0.00357
38	0.00467	0.00334	0.00445	0.00534	0.00556	0.00311	0.00356	0.00534	0.00734	0.00979	0.02113	0.86275	0.02536	0.01201	0.00489	0.00156	0.00222	0.01090	0.00356	0.00311
39	0.02858	0.01008	0.05524	0.01335	0.06682	0.00930	0.45397	0.12864	0.04682	0.08801	0.00879	0.01023	0.00643	0.00366	0.00412	0.00121	0.00529	0.00399	0.00255	0.05293

[dist]
# distance from previous block
# <min> <max>
4	6

[block]
# block no. 7 follows, 71 sequences, length 44
# corresponding to MSA columns:
# 378-405,411-422,433-436
name=unknown_H
#
# <colnr> <probs for GDERKNQSTAVLIFYWHMCP>
#	G	D	E	R	K	N	Q	S	T	A	V	L	I	F	Y	W	H	M	C	P
0	0.00972	0.00961	0.08292	0.28770	0.19661	0.05482	0.03613	0.14582	0.02236	0.03510	0.00800	0.00990	0.00607	0.00391	0.00372	0.00117	0.00470	0.00337	0.05913	0.01925
1	0.00466	0.00374	0.00417	0.00445	0.00540	0.00325	0.00324	0.00559	0.00840	0.01039	0.05808	0.27995	0.54680	0.01036	0.00466	0.00139	0.00208	0.03659	0.00358	0.00322
2	0.00478	0.00339	0.00447	0.00529	0.00551	0.00319	0.00352	0.00542	0.00723	0.00964	0.02039	0.77703	0.02437	0.08009	0.00607	0.00173	0.00237	0.02898	0.00346	0.00306
3	0.00926	0.02480	0.04104	0.17303	0.27646	0.02298	0.03028	0.02543	0.18367	0.06337	0.01069	0.02204	0.03764	0.00512	0.02727	0.00137	0.03370	0.00388	0.00255	0.00540
4	0.01027	0.48175	0.15955	0.00808	0.01140	0.04969	0.01929	0.11935	0.00921	0.01165	0.00658	0.03052	0.00570	0.00400	0.00362	0.00102	0.05841	0.00275	0.00200	0.00515
5	0.01458	0.01074	0.01151	0.00882	0.01189	0.01189	0.00729	0.82855	0.01803	0.02416	0.00921	0.00921	0.00652	0.00460	0.00384	0.00115	0.00422	0.00345	0.00384	0.00652
6	0.02676	0.01032	0.01430	0.01813	0.50666	0.14534	0.09547	0.02234	0.03764	0.01247	0.05384	0.01075	0.02091	0.00391	0.00385	0.00114	0.00486	0.00365	0.00217	0.00550
7	0.00492	0.00388	0.00437	0.00430	0.00542	0.00339	0.00323	0.00620	0.00943	0.01219	0.31869	0.05837	0.50587	0.00905	0.00452	0.00127	0.00193	0.02102	0.01857	0.00338
8	0.01197	0.00889	0.00991	0.00797	0.01010	0.01018	0.00653	0.51089	0.04293	0.01959	0.00940	0.01024	0.00710	0.00493	0.00501	0.00119	0.14013	0.00349	0.17398	0.00556
9	0.00984	0.01021	0.00824	0.00772	0.00933	0.29712	0.00589	0.03872	0.23057	0.01274	0.13399	0.10597	0.03085	0.00641	0.00407	0.00124	0.00417	0.07513	0.00321	0.00458
10	0.00474	0.00353	0.00441	0.00504	0.00555	0.00322	0.00350	0.00555	0.00781	0.01013	0.05132	0.59904	0.21189	0.02572	0.00506	0.00153	0.00223	0.04303	0.00356	0.00316
11	0.01329	0.00826	0.00862	0.00712	0.00938	0.10332	0.00564	0.18452	0.06874	0.32960	0.01281	0.05078	0.01807	0.04979	0.00468	0.00129	0.01597	0.00406	0.09858	0.00550
12	0.00569	0.00380	0.00494	0.00510	0.00584	0.00348	0.00365	0.00690	0.00913	0.05923	0.36689	0.40287	0.08863	0.00968	0.00465	0.00137	0.00209	0.00863	0.00390	0.00353
13	0.00886	0.39036	0.45713	0.00907	0.01362	0.01167	0.02629	0.01197	0.01929	0.01083	0.00634	0.00737	0.00500	0.00350	0.00315	0.00104	0.00496	0.00254	0.00167	0.00534
14	0.89233	0.00741	0.00564	0.00504	0.00741	0.00860	0.00415	0.01127	0.00653	0.01720	0.00534	0.00623	0.00415	0.00356	0.00237	0.00119	0.00297	0.00208	0.00237	0.00415
15	0.01432	0.01827	0.01087	0.00988	0.01185	0.84986	0.00741	0.01531	0.01087	0.00938	0.00593	0.00691	0.00494	0.00395	0.00346	0.00099	0.00691	0.00247	0.00198	0.00444
16	0.00467	0.00334	0.00445	0.00534	0.00556	0.00311	0.00356	0.00534	0.00734	0.00979	0.02113	0.86275	0.02536	0.01201	0.00489	0.00156	0.00222	0.01090	0.00356	0.00311
17	0.00558	0.00372	0.00418	0.00418	0.00418	0.00372	0.00232	0.00558	0.00558	0.00743	0.01208	0.02509	0.01394	0.86525	0.01952	0.00372	0.00372	0.00558	0.00232	0.00232
18	0.00983	0.18200	0.47686	0.00968	0.01409	0.11527	0.01949	0.06519	0.02298	0.04062	0.00705	0.00794	0.00527	0.00373	0.00342	0.00111	0.00531	0.00275	0.00196	0.00546
19	0.00906	0.00708	0.00804	0.00748	0.00923	0.06554	0.01965	0.18065	0.02538	0.04560	0.02797	0.07411	0.02938	0.00780	0.00451	0.00142	0.00376	0.39063	0.00342	0.07929
20	0.00949	0.00911	0.01556	0.02353	0.84133	0.00911	0.01177	0.01177	0.00873	0.01253	0.00721	0.00949	0.00607	0.00342	0.00380	0.00114	0.00456	0.00342	0.00190	0.00607
21	0.01079	0.05098	0.07132	0.02256	0.03018	0.03145	0.47968	0.11477	0.01029	0.11631	0.00876	0.01971	0.00645	0.00375	0.00416	0.00123	0.00554	0.00407	0.00250	0.00549
22	0.00516	0.00356	0.00429	0.00467	0.00480	0.00345	0.00287	0.00547	0.00642	0.00852	0.01673	0.38264	0.04301	0.47633	0.01284	0.00273	0.00303	0.00792	0.00289	0.00269
23	0.01222	0.00742	0.00895	0.00756	0.00986	0.06018	0.04303	0.07199	0.13853	0.34209	0.05002	0.04650	0.02678	0.00601	0.00414	0.00129	0.00359	0.13055	0.00392	0.02535
24	0.01094	0.25706	0.17211	0.00883	0.01201	0.14787	0.04787	0.14431	0.01012	0.04859	0.00832	0.03798	0.02846	0.00437	0.00385	0.00109	0.04550	0.00322	0.00231	0.00518
25	0.00540	0.00381	0.00519	0.00547	0.00610	0.00352	0.02565	0.00639	0.00824	0.03976	0.17023	0.55656	0.09116	0.03347	0.00515	0.00151	0.00234	0.02304	0.00364	0.00337
26	0.00883	0.31791	0.45585	0.00908	0.01358	0.01091	0.02675	0.01196	0.01895	0.02514	0.00658	0.00761	0.00512	0.00354	0.00331	0.00105	0.01482	0.00260	0.00175	0.05468
27	0.83755	0.00772	0.03365	0.00521	0.00763	0.00847	0.00444	0.01118	0.00658	0.01685	0.00559	0.00669	0.00440	0.01682	0.00268	0.00122	0.00305	0.00217	0.01393	0.00417
28	0.00548	0.00411	0.00616	0.00616	0.00685	0.00479	0.00479	0.00685	0.00616	0.00890	0.01027	0.01506	0.00959	0.02876	0.85006	0.00616	0.01027	0.00411	0.00205	0.00342
29	0.01041	0.43484	0.24157	0.00887	0.03443	0.16203	0.00894	0.03965	0.00879	0.01053	0.00604	0.00701	0.00499	0.00355	0.00304	0.00098	0.00504	0.00242	0.00177	0.00512
30	0.01096	0.05229	0.17307	0.00998	0.07887	0.07738	0.06458	0.11807	0.08244	0.15503	0.07635	0.01272	0.03984	0.00472	0.00399	0.00119	0.01829	0.01171	0.00300	0.00552
31	0.00545	0.00408	0.00611	0.00614	0.00681	0.00474	0.00475	0.00680	0.00620	0.00893	0.01061	0.04124	0.01007	0.02824	0.82396	0.00602	0.01002	0.00432	0.00210	0.00341
32	0.00669	0.00538	0.02924	0.00734	0.00856	0.00521	0.01791	0.02128	0.09218	0.01213	0.01946	0.03832	0.03450	0.00966	0.00507	0.00168	0.00356	0.67445	0.00350	0.00391
33	0.00819	0.06904	0.72408	0.01060	0.01588	0.00923	0.03506	0.01256	0.03579	0.03435	0.00732	0.00838	0.00524	0.00369	0.00361	0.00120	0.00544	0.00291	0.00179	0.00565
34	0.00724	0.00681	0.01150	0.85604	0.02641	0.00852	0.01065	0.00980	0.00767	0.00980	0.00681	0.01022	0.00511	0.00383	0.00383	0.00128	0.00511	0.00341	0.00170	0.00426
35	0.00547	0.00404	0.00588	0.00591	0.00650	0.00462	0.00447	0.00666	0.00613	0.00875	0.01077	0.03892	0.01052	0.12607	0.73037	0.00575	0.00929	0.00446	0.00213	0.00329
36	0.00954	0.00824	0.00867	0.00780	0.00997	0.00954	0.00607	0.02037	0.83441	0.01604	0.01561	0.01431	0.01170	0.00520	0.00390	0.00130	0.00303	0.00433	0.00390	0.00607
37	0.01658	0.00730	0.03725	0.00725	0.01033	0.00620	0.02056	0.06863	0.01128	0.75059	0.01435	0.01260	0.00909	0.00467	0.00386	0.00119	0.00346	0.00381	0.00453	0.00647
38	0.00622	0.00425	0.00554	0.00534	0.00638	0.00403	0.00418	0.00830	0.03870	0.05057	0.61249	0.02974	0.04378	0.00803	0.00456	0.00130	0.00220	0.13986	0.02071	0.00381
39	0.00932	0.00894	0.01526	0.08469	0.78146	0.00907	0.01168	0.01162	0.00865	0.01233	0.00718	0.00954	0.00600	0.00345	0.00380	0.00115	0.00460	0.00342	0.00188	0.00594
40	0.00951	0.00920	0.01511	0.02260	0.79007	0.03192	0.01146	0.01173	0.00879	0.01240	0.00763	0.01058	0.00659	0.00368	0.00384	0.00116	0.00458	0.03126	0.00196	0.00594
41	0.00949	0.00911	0.01556	0.02353	0.84133	0.00911	0.01177	0.01177	0.00873	0.01253	0.00721	0.00949	0.00607	0.00342	0.00380	0.00114	0.00456	0.00342	0.00190	0.00607
42	0.00565	0.00408	0.00554	0.00635	0.00709	0.00397	0.00522	0.00706	0.00842	0.01094	0.02196	0.26193	0.08633	0.01090	0.00513	0.00167	0.00306	0.53775	0.00354	0.00340
43	0.00621	0.00423	0.00484	0.00471	0.00501	0.00433	0.00294	0.06427	0.00676	0.00913	0.02424	0.06248	0.01413	0.68114	0.05415	0.00341	0.00391	0.02082	0.02051	0.00277

[dist]
# distance from previous block
# <min> <max>
0	106

# created by:
# /st0/software/busco_prod/Augustus/scripts/msa2prfl.pl ./align_prep/109776.fa
