[name]
unknown

[dist]
# distance from previous block
# <min> <max>
0	157

[block]
# block no. 0 follows, 52 sequences, length 68
# corresponding to MSA columns:
# 479-546
name=unknown_A
#
# <colnr> <probs for GDERKNQSTAVLIFYWHMCP>
#	G	D	E	R	K	N	Q	S	T	A	V	L	I	F	Y	W	H	M	C	P
0	0.04780	0.22434	0.06759	0.00929	0.01280	0.05588	0.00834	0.11520	0.03661	0.01609	0.00952	0.01252	0.00830	0.03364	0.00574	0.00137	0.07932	0.03673	0.00292	0.21598
1	0.01138	0.06779	0.30183	0.04459	0.25660	0.01112	0.04024	0.04280	0.01104	0.05049	0.01003	0.04446	0.00814	0.00493	0.00462	0.00143	0.00595	0.00429	0.00262	0.07564
2	0.01002	0.07693	0.71385	0.01380	0.02064	0.01182	0.05675	0.01530	0.01027	0.01510	0.00863	0.01022	0.00621	0.00455	0.00456	0.00151	0.00709	0.00363	0.00207	0.00707
3	0.01119	0.07684	0.01565	0.01232	0.01282	0.03421	0.01035	0.03357	0.00819	0.01217	0.00657	0.01036	0.00640	0.00798	0.01429	0.00199	0.71335	0.00409	0.00220	0.00546
4	0.01005	0.00861	0.01005	0.00718	0.01148	0.00646	0.00574	0.01220	0.01005	0.01579	0.00861	0.01005	0.00718	0.00359	0.00359	0.00072	0.00359	0.00287	0.00287	0.85932
5	0.00940	0.00914	0.03142	0.69550	0.09918	0.01069	0.01333	0.01280	0.02329	0.01308	0.03081	0.01352	0.00780	0.00496	0.00486	0.00160	0.00625	0.00444	0.00231	0.00564
6	0.01414	0.03517	0.03377	0.08444	0.13472	0.41120	0.05008	0.02742	0.01245	0.01354	0.05485	0.01369	0.05477	0.00563	0.00508	0.00140	0.03472	0.00432	0.00273	0.00589
7	0.00590	0.00422	0.00562	0.00675	0.00703	0.00394	0.00450	0.00675	0.00928	0.01237	0.02671	0.82653	0.03205	0.01518	0.00619	0.00197	0.00281	0.01378	0.00450	0.00394
8	0.00573	0.00491	0.00491	0.00491	0.00655	0.00409	0.00368	0.00695	0.01105	0.01309	0.04909	0.04664	0.79750	0.01227	0.00573	0.00164	0.00245	0.01023	0.00450	0.00409
9	0.01005	0.00861	0.01005	0.00718	0.01148	0.00646	0.00574	0.01220	0.01005	0.01579	0.00861	0.01005	0.00718	0.00359	0.00359	0.00072	0.00359	0.00287	0.00287	0.85932
10	0.01144	0.03779	0.60186	0.01396	0.03184	0.01124	0.08705	0.04220	0.01113	0.09206	0.00988	0.01113	0.00691	0.00472	0.00471	0.00153	0.00684	0.00392	0.00257	0.00723
11	0.00590	0.00424	0.00560	0.00670	0.00702	0.00394	0.00448	0.00675	0.00933	0.01239	0.02735	0.80434	0.05383	0.01510	0.00617	0.00196	0.00280	0.01368	0.00450	0.00394
12	0.00914	0.00474	0.00482	0.00479	0.00595	0.00476	0.00359	0.03108	0.01045	0.01814	0.01618	0.05331	0.01317	0.00607	0.00355	0.00117	0.00236	0.00492	0.79722	0.00459
13	0.01025	0.00984	0.01704	0.50558	0.29534	0.01110	0.05485	0.01340	0.01024	0.01373	0.00885	0.01261	0.00692	0.00462	0.00488	0.00156	0.00631	0.00439	0.00225	0.00623
14	0.01078	0.01203	0.02588	0.01881	0.02317	0.01127	0.69014	0.01449	0.01118	0.01515	0.01180	0.10905	0.01027	0.00539	0.00577	0.00167	0.00754	0.00667	0.00269	0.00623
15	0.00707	0.00472	0.00536	0.00539	0.00542	0.00472	0.00308	0.00713	0.00717	0.00954	0.01557	0.03238	0.01792	0.80603	0.02414	0.00463	0.00469	0.02907	0.00298	0.00298
16	0.00692	0.00519	0.00779	0.00779	0.00865	0.00606	0.00606	0.00865	0.00779	0.01125	0.01298	0.01904	0.01211	0.03634	0.81049	0.00779	0.01298	0.00519	0.00260	0.00433
17	0.05664	0.13131	0.01658	0.01217	0.01384	0.18687	0.06603	0.01409	0.00948	0.01246	0.00706	0.01000	0.00645	0.00713	0.02604	0.00182	0.41037	0.00381	0.00227	0.00557
18	0.00616	0.00454	0.00640	0.00726	0.00772	0.00426	0.02720	0.00717	0.00944	0.01257	0.02616	0.76285	0.03112	0.01477	0.00620	0.00197	0.00305	0.05266	0.00444	0.00404
19	0.82460	0.00985	0.02783	0.00685	0.01000	0.01091	0.02162	0.01430	0.00836	0.02145	0.00686	0.00804	0.00531	0.00449	0.00310	0.00150	0.00393	0.00271	0.00296	0.00532
20	0.00842	0.00421	0.00631	0.00631	0.00631	0.00421	0.00421	0.00631	0.00631	0.00842	0.00842	0.01473	0.00842	0.01684	0.01894	0.85901	0.00421	0.00421	0.00210	0.00210
21	0.00720	0.00503	0.00659	0.00616	0.00736	0.00463	0.00463	0.00948	0.01372	0.03762	0.77884	0.03574	0.04494	0.00982	0.00570	0.00152	0.00233	0.00867	0.00535	0.00466
22	0.01227	0.01052	0.01108	0.00991	0.01268	0.01216	0.00772	0.05185	0.76425	0.02063	0.01945	0.01786	0.01457	0.00655	0.00493	0.00164	0.00389	0.00544	0.00493	0.00769
23	0.86392	0.00937	0.00712	0.00637	0.00937	0.01087	0.00525	0.01425	0.00825	0.02174	0.00675	0.00787	0.00525	0.00450	0.00300	0.00150	0.00375	0.00262	0.00300	0.00525
24	0.01238	0.01057	0.01114	0.00993	0.01273	0.01221	0.00775	0.06489	0.75103	0.02080	0.01931	0.01775	0.01445	0.00654	0.00493	0.00163	0.00391	0.00542	0.00493	0.00770
25	0.86392	0.00937	0.00712	0.00637	0.00937	0.01087	0.00525	0.01425	0.00825	0.02174	0.00675	0.00787	0.00525	0.00450	0.00300	0.00150	0.00375	0.00262	0.00300	0.00525
26	0.86392	0.00937	0.00712	0.00637	0.00937	0.01087	0.00525	0.01425	0.00825	0.02174	0.00675	0.00787	0.00525	0.00450	0.00300	0.00150	0.00375	0.00262	0.00300	0.00525
27	0.86392	0.00937	0.00712	0.00637	0.00937	0.01087	0.00525	0.01425	0.00825	0.02174	0.00675	0.00787	0.00525	0.00450	0.00300	0.00150	0.00375	0.00262	0.00300	0.00525
28	0.00617	0.00504	0.00552	0.00574	0.00726	0.00440	0.00453	0.00762	0.01111	0.01349	0.05739	0.04808	0.62907	0.01246	0.00592	0.00175	0.00286	0.16291	0.00451	0.00417
29	0.01811	0.01342	0.01437	0.01109	0.01491	0.01488	0.00913	0.74599	0.06061	0.03004	0.01203	0.01195	0.00856	0.00585	0.00485	0.00146	0.00526	0.00442	0.00485	0.00821
30	0.00577	0.00492	0.00497	0.00500	0.00662	0.00412	0.00377	0.00702	0.01105	0.01312	0.04857	0.04682	0.78040	0.01230	0.00575	0.00165	0.00250	0.02703	0.00450	0.00410
31	0.01154	0.01105	0.01885	0.15587	0.67689	0.01139	0.01465	0.01447	0.01082	0.01528	0.00904	0.01214	0.00748	0.00440	0.00481	0.00147	0.00587	0.00432	0.00236	0.00731
32	0.00948	0.10321	0.06973	0.01112	0.03465	0.02423	0.06407	0.02386	0.00915	0.01271	0.01290	0.20815	0.01352	0.01299	0.12959	0.00269	0.24331	0.00654	0.00284	0.00527
33	0.39075	0.12215	0.17770	0.01043	0.05542	0.14298	0.00948	0.01538	0.00992	0.01713	0.00740	0.00871	0.00585	0.00455	0.00367	0.00140	0.00557	0.00299	0.00257	0.00596
34	0.01419	0.47158	0.10265	0.01013	0.01411	0.24432	0.00957	0.03983	0.01141	0.01264	0.00735	0.00848	0.00630	0.00448	0.00369	0.00115	0.00637	0.00291	0.00230	0.02653
35	0.01115	0.01777	0.35173	0.05124	0.32839	0.05283	0.05143	0.01510	0.01064	0.01509	0.00874	0.01110	0.00683	0.00467	0.00524	0.00152	0.04320	0.00401	0.00224	0.00710
36	0.00573	0.00491	0.00491	0.00491	0.00655	0.00409	0.00368	0.00695	0.01105	0.01309	0.04909	0.04664	0.79750	0.01227	0.00573	0.00164	0.00245	0.01023	0.00450	0.00409
37	0.00693	0.00517	0.00766	0.00766	0.00848	0.00599	0.00590	0.00857	0.00775	0.01115	0.01310	0.01969	0.01240	0.07734	0.76989	0.00763	0.01255	0.00529	0.00261	0.00425
38	0.00573	0.00491	0.00491	0.00491	0.00655	0.00409	0.00368	0.00695	0.01105	0.01309	0.04909	0.04664	0.79750	0.01227	0.00573	0.00164	0.00245	0.01023	0.00450	0.00409
39	0.02174	0.00825	0.01125	0.00862	0.01237	0.00712	0.00712	0.02362	0.01387	0.80282	0.01912	0.01649	0.01200	0.00600	0.00487	0.00150	0.00412	0.00487	0.00600	0.00825
40	0.01005	0.00861	0.01005	0.00718	0.01148	0.00646	0.00574	0.01220	0.01005	0.01579	0.00861	0.01005	0.00718	0.00359	0.00359	0.00072	0.00359	0.00287	0.00287	0.85932
41	0.01842	0.01357	0.01454	0.01115	0.01503	0.01503	0.00921	0.78330	0.02278	0.03054	0.01163	0.01163	0.00824	0.00582	0.00485	0.00145	0.00533	0.00436	0.00485	0.00824
42	0.81977	0.00961	0.00739	0.00657	0.00958	0.02676	0.00539	0.01465	0.00854	0.04679	0.00716	0.00817	0.00549	0.00456	0.00309	0.00149	0.00386	0.00271	0.00309	0.00535
43	0.00686	0.00495	0.00648	0.00610	0.00724	0.00457	0.00457	0.00914	0.01372	0.01943	0.79691	0.03620	0.04572	0.00991	0.00572	0.00152	0.00229	0.00876	0.00533	0.00457
44	0.01144	0.01307	0.02859	0.02042	0.02533	0.01225	0.78186	0.01552	0.01144	0.01552	0.00980	0.01307	0.00735	0.00408	0.00572	0.00163	0.00817	0.00572	0.00245	0.00654
45	0.01199	0.01151	0.01967	0.02974	0.79946	0.01151	0.01487	0.01487	0.01103	0.01583	0.00912	0.01199	0.00768	0.00432	0.00480	0.00144	0.00576	0.00432	0.00240	0.00768
46	0.00972	0.02507	0.80458	0.01381	0.02097	0.01125	0.01790	0.01535	0.01023	0.01535	0.00870	0.01023	0.00614	0.00460	0.00460	0.00153	0.00716	0.00358	0.00205	0.00716
47	0.00903	0.00825	0.01371	0.74806	0.03104	0.01021	0.01263	0.01213	0.00970	0.01267	0.00961	0.04122	0.00765	0.00524	0.00482	0.00160	0.00612	0.00464	0.04638	0.00529
48	0.00615	0.00495	0.00555	0.00591	0.00727	0.00435	0.00457	0.00751	0.01084	0.01327	0.04175	0.14891	0.55251	0.01286	0.00597	0.00179	0.00288	0.15433	0.00449	0.00414
49	0.01101	0.00995	0.04855	0.01438	0.11849	0.00933	0.21361	0.07761	0.04167	0.06207	0.05744	0.16722	0.01588	0.00752	0.00566	0.00164	0.02841	0.04183	0.06158	0.00614
50	0.01170	0.00919	0.01071	0.00819	0.02847	0.00772	0.00641	0.12352	0.01215	0.05953	0.01159	0.01245	0.04622	0.00448	0.00397	0.00093	0.00386	0.00358	0.00339	0.63193
51	0.01244	0.31781	0.34033	0.03237	0.03529	0.15792	0.01269	0.01568	0.01073	0.01322	0.00777	0.00918	0.00623	0.00451	0.00403	0.00130	0.00667	0.00317	0.00215	0.00651
52	0.01247	0.71158	0.14217	0.00912	0.01372	0.01799	0.00973	0.01464	0.00990	0.01199	0.00703	0.00814	0.00621	0.00421	0.00333	0.00111	0.00548	0.00274	0.00207	0.00636
53	0.00651	0.00466	0.00631	0.00741	0.00798	0.00446	0.00554	0.00780	0.00991	0.01306	0.02678	0.56618	0.04468	0.01456	0.00634	0.00205	0.00333	0.25385	0.00449	0.00411
54	0.00705	0.00470	0.00529	0.00529	0.00529	0.00470	0.00294	0.00705	0.00705	0.00940	0.01527	0.03171	0.01762	0.82969	0.02467	0.00470	0.00470	0.00705	0.00294	0.00294
55	0.00675	0.00493	0.00618	0.00587	0.00709	0.00450	0.00440	0.00887	0.01321	0.01843	0.66117	0.03728	0.15938	0.01015	0.00565	0.00153	0.00231	0.00887	0.02892	0.00450
56	0.01110	0.01253	0.02688	0.01937	0.02391	0.01189	0.71500	0.01493	0.01125	0.01525	0.01139	0.03051	0.03504	0.00473	0.00605	0.00166	0.03359	0.00599	0.00255	0.00636
57	0.01368	0.59397	0.02164	0.00915	0.01287	0.13220	0.00838	0.03126	0.11171	0.01298	0.00862	0.00932	0.00737	0.00461	0.00356	0.00115	0.00552	0.00307	0.00256	0.00636
58	0.00644	0.02044	0.03122	0.00570	0.00744	0.00471	0.00456	0.00785	0.01095	0.02915	0.06012	0.11856	0.61976	0.01203	0.00571	0.00167	0.00280	0.04212	0.00443	0.00432
59	0.01268	0.18262	0.23997	0.03881	0.08726	0.15884	0.02739	0.06648	0.02421	0.01446	0.00864	0.01093	0.00713	0.04007	0.00593	0.00155	0.06043	0.00370	0.00245	0.00645
60	0.86392	0.00937	0.00712	0.00637	0.00937	0.01087	0.00525	0.01425	0.00825	0.02174	0.00675	0.00787	0.00525	0.00450	0.00300	0.00150	0.00375	0.00262	0.00300	0.00525
61	0.03033	0.06711	0.10592	0.03275	0.27547	0.19020	0.04142	0.01663	0.09636	0.01540	0.05950	0.01306	0.01026	0.00512	0.00462	0.00142	0.00613	0.00429	0.01735	0.00668
62	0.01276	0.80641	0.02480	0.00822	0.01227	0.01871	0.00817	0.01434	0.00997	0.01166	0.03175	0.00867	0.00747	0.00433	0.00319	0.00105	0.00509	0.00279	0.00218	0.00617
63	0.00605	0.00464	0.00587	0.00698	0.03198	0.00422	0.00461	0.00706	0.00981	0.01268	0.03223	0.58902	0.23909	0.01405	0.00602	0.00186	0.00281	0.01251	0.00443	0.00410
64	0.01135	0.01822	0.42232	0.01554	0.07970	0.01104	0.17544	0.04566	0.01134	0.07293	0.02619	0.01395	0.00877	0.00521	0.00529	0.00159	0.02783	0.03795	0.00273	0.00697
65	0.00738	0.00538	0.00711	0.00743	0.00834	0.00522	0.02476	0.04410	0.04675	0.03070	0.09243	0.58750	0.05931	0.01325	0.00599	0.00187	0.00314	0.04021	0.00458	0.00454
66	0.01005	0.00861	0.01005	0.00718	0.01148	0.00646	0.00574	0.01220	0.01005	0.01579	0.00861	0.01005	0.00718	0.00359	0.00359	0.00072	0.00359	0.00287	0.00287	0.85932
67	0.01101	0.00938	0.04916	0.05488	0.01330	0.00700	0.00691	0.01337	0.01037	0.08456	0.00954	0.01079	0.00751	0.00392	0.00382	0.00088	0.00398	0.00316	0.00306	0.69339

[dist]
# distance from previous block
# <min> <max>
0	1

[block]
# block no. 1 follows, 52 sequences, length 147
# corresponding to MSA columns:
# 548-694
name=unknown_B
#
# <colnr> <probs for GDERKNQSTAVLIFYWHMCP>
#	G	D	E	R	K	N	Q	S	T	A	V	L	I	F	Y	W	H	M	C	P
0	0.00980	0.10182	0.43542	0.01192	0.04294	0.02667	0.01302	0.01356	0.00986	0.02929	0.01214	0.01423	0.06193	0.01095	0.14913	0.00262	0.04169	0.00429	0.00242	0.00628
1	0.01182	0.01134	0.01936	0.07804	0.75253	0.01147	0.01479	0.01472	0.01095	0.01562	0.00908	0.01205	0.00760	0.00435	0.00480	0.00145	0.00580	0.00432	0.00238	0.00754
2	0.04367	0.01181	0.02799	0.07207	0.52876	0.05515	0.02591	0.03687	0.03380	0.05728	0.01005	0.01293	0.00822	0.00492	0.00516	0.00150	0.03427	0.01968	0.00277	0.00721
3	0.00594	0.00423	0.00561	0.00670	0.00697	0.00396	0.00444	0.00676	0.00920	0.01227	0.02631	0.79910	0.03155	0.04329	0.00682	0.00206	0.00288	0.01354	0.00444	0.00390
4	0.01236	0.01174	0.01863	0.02705	0.68885	0.02901	0.01395	0.04275	0.07706	0.01663	0.01006	0.01242	0.00826	0.00457	0.00480	0.00145	0.00565	0.00439	0.00270	0.00765
5	0.01182	0.01133	0.01927	0.06788	0.74957	0.01140	0.01466	0.01471	0.01095	0.01566	0.00908	0.01201	0.00761	0.00433	0.00478	0.00144	0.00576	0.00429	0.00239	0.02106
6	0.01842	0.01357	0.01454	0.01115	0.01503	0.01503	0.00921	0.78330	0.02278	0.03054	0.01163	0.01163	0.00824	0.00582	0.00485	0.00145	0.00533	0.00436	0.00485	0.00824
7	0.01144	0.01307	0.02859	0.02042	0.02533	0.01225	0.78186	0.01552	0.01144	0.01552	0.00980	0.01307	0.00735	0.00408	0.00572	0.00163	0.00817	0.00572	0.00245	0.00654
8	0.00903	0.00452	0.00452	0.00452	0.00565	0.00452	0.00339	0.01129	0.01016	0.01807	0.01581	0.01807	0.01242	0.00565	0.00339	0.00113	0.00226	0.00452	0.85659	0.00452
9	0.01188	0.01023	0.01080	0.00977	0.01244	0.01182	0.00758	0.02520	0.76826	0.02004	0.01992	0.04131	0.01529	0.00682	0.00497	0.00165	0.00381	0.00572	0.00492	0.00756
10	0.01005	0.00861	0.01005	0.00718	0.01148	0.00646	0.00574	0.01220	0.01005	0.01579	0.00861	0.01005	0.00718	0.00359	0.00359	0.00072	0.00359	0.00287	0.00287	0.85932
11	0.00594	0.00424	0.00565	0.00673	0.00704	0.00396	0.00450	0.00683	0.00942	0.01260	0.05177	0.80082	0.03250	0.01501	0.00617	0.00195	0.00279	0.01361	0.00453	0.00396
12	0.00705	0.00470	0.00529	0.00529	0.00529	0.00470	0.00294	0.00705	0.00705	0.00940	0.01527	0.03171	0.01762	0.82969	0.02467	0.00470	0.00470	0.00705	0.00294	0.00294
13	0.00781	0.00558	0.00781	0.00892	0.01004	0.00558	0.00781	0.01004	0.01116	0.01450	0.02566	0.05466	0.02789	0.01339	0.00669	0.00223	0.00446	0.76685	0.00446	0.00446
14	0.00861	0.00489	0.00504	0.00523	0.00625	0.02085	0.00386	0.01062	0.01021	0.01692	0.03715	0.15203	0.01684	0.00755	0.00403	0.00131	0.00255	0.03091	0.65068	0.00444
15	0.02062	0.00826	0.01105	0.00851	0.01217	0.00720	0.00701	0.04446	0.01395	0.72288	0.03622	0.01734	0.03157	0.00616	0.00488	0.00148	0.00406	0.00502	0.00583	0.03134
16	0.00693	0.00518	0.00773	0.00773	0.00858	0.00603	0.00599	0.00862	0.00777	0.01121	0.01303	0.01932	0.01224	0.05401	0.79299	0.00772	0.01280	0.00523	0.00260	0.00430
17	0.00996	0.00905	0.01201	0.25931	0.08849	0.02927	0.02293	0.01629	0.27957	0.01566	0.03356	0.10413	0.08490	0.00725	0.00511	0.00164	0.00474	0.00634	0.00367	0.00612
18	0.03435	0.02677	0.06667	0.14941	0.03124	0.03264	0.06725	0.02658	0.02068	0.17520	0.01428	0.12813	0.01278	0.01892	0.00697	0.00176	0.12283	0.05398	0.00354	0.00601
19	0.00915	0.00861	0.01453	0.81804	0.03338	0.01077	0.01346	0.01238	0.00969	0.01238	0.00861	0.01292	0.00646	0.00484	0.00484	0.00161	0.00646	0.00431	0.00215	0.00538
20	0.08233	0.03699	0.01455	0.01292	0.04280	0.56705	0.05931	0.03680	0.01280	0.01353	0.00819	0.01054	0.00697	0.00530	0.00501	0.00137	0.04987	0.02531	0.00262	0.00575
21	0.02174	0.00825	0.01125	0.00862	0.01237	0.00712	0.00712	0.02362	0.01387	0.80282	0.01912	0.01649	0.01200	0.00600	0.00487	0.00150	0.00412	0.00487	0.00600	0.00825
22	0.80087	0.00989	0.02430	0.00728	0.01046	0.01095	0.04731	0.01434	0.00846	0.02128	0.00695	0.00820	0.00538	0.00448	0.00318	0.00151	0.00406	0.00281	0.00295	0.00536
23	0.02165	0.00839	0.01133	0.00869	0.01244	0.00733	0.00718	0.04373	0.01411	0.78237	0.01892	0.01637	0.01190	0.00599	0.00487	0.00150	0.00416	0.00486	0.00597	0.00825
24	0.00691	0.00494	0.00643	0.00606	0.00720	0.00457	0.00454	0.00920	0.01363	0.01940	0.77750	0.03575	0.04490	0.00980	0.00566	0.00151	0.00229	0.00866	0.02648	0.00457
25	0.00573	0.00491	0.00491	0.00491	0.00655	0.00409	0.00368	0.00695	0.01105	0.01309	0.04909	0.04664	0.79750	0.01227	0.00573	0.00164	0.00245	0.01023	0.00450	0.00409
26	0.01060	0.01060	0.01484	0.01272	0.01272	0.01484	0.01060	0.01166	0.00742	0.01166	0.00636	0.01060	0.00636	0.00848	0.01590	0.00212	0.82082	0.00424	0.00212	0.00530
27	0.01254	0.01065	0.01123	0.00996	0.01279	0.01228	0.00779	0.08320	0.73247	0.02105	0.01911	0.01759	0.01430	0.00652	0.00492	0.00163	0.00395	0.00539	0.00492	0.00771
28	0.01060	0.01060	0.01484	0.01272	0.01272	0.01484	0.01060	0.01166	0.00742	0.01166	0.00636	0.01060	0.00636	0.00848	0.01590	0.00212	0.82082	0.00424	0.00212	0.00530
29	0.01842	0.01357	0.01454	0.01115	0.01503	0.01503	0.00921	0.78330	0.02278	0.03054	0.01163	0.01163	0.00824	0.00582	0.00485	0.00145	0.00533	0.00436	0.00485	0.00824
30	0.01202	0.01146	0.02020	0.02589	0.58855	0.01113	0.14210	0.01502	0.01110	0.03730	0.00947	0.01215	0.00770	0.00427	0.00486	0.00142	0.00595	0.00446	0.00254	0.07241
31	0.01505	0.00961	0.01065	0.00893	0.01095	0.09102	0.00691	0.09270	0.01190	0.29415	0.02575	0.01870	0.01219	0.22324	0.02764	0.00252	0.12278	0.00519	0.00408	0.00602
32	0.02174	0.00825	0.01125	0.00862	0.01237	0.00712	0.00712	0.02362	0.01387	0.80282	0.01912	0.01649	0.01200	0.00600	0.00487	0.00150	0.00412	0.00487	0.00600	0.00825
33	0.00683	0.00493	0.00646	0.00619	0.00728	0.00456	0.00463	0.00904	0.01344	0.01897	0.74162	0.07776	0.04466	0.01025	0.00576	0.00156	0.00236	0.02391	0.00527	0.00454
34	0.00737	0.00527	0.00731	0.00843	0.00935	0.00520	0.00705	0.00929	0.01073	0.01402	0.02590	0.23110	0.02884	0.01380	0.00658	0.00217	0.00408	0.59470	0.00447	0.00434
35	0.01633	0.00717	0.00951	0.00771	0.01057	0.00634	0.00621	0.01857	0.03299	0.51448	0.23922	0.02393	0.07032	0.00750	0.00516	0.00152	0.00350	0.00631	0.00569	0.00694
36	0.01228	0.01052	0.01108	0.00991	0.01269	0.01216	0.00772	0.05219	0.76391	0.02063	0.01944	0.01786	0.01456	0.00655	0.00493	0.00164	0.00389	0.00544	0.00493	0.00769
37	0.00625	0.00445	0.00597	0.00707	0.00748	0.00422	0.00500	0.00729	0.00953	0.01264	0.02624	0.67963	0.03100	0.03604	0.00675	0.00208	0.00313	0.13679	0.00445	0.00400
38	0.00668	0.00488	0.00659	0.00737	0.00772	0.00498	0.00519	0.00761	0.00928	0.02791	0.02480	0.71362	0.02934	0.01437	0.00700	0.00198	0.07194	0.04025	0.00433	0.00416
39	0.00788	0.00453	0.00653	0.00653	0.00679	0.00476	0.00452	0.00715	0.00690	0.00955	0.01065	0.01800	0.01061	0.11947	0.22698	0.50892	0.00652	0.00482	0.02607	0.00285
40	0.01020	0.00866	0.01009	0.00728	0.01149	0.00665	0.00581	0.03351	0.01039	0.01613	0.00906	0.02633	0.00770	0.00388	0.00368	0.00076	0.00362	0.00313	0.00296	0.81867
41	0.74770	0.02406	0.08475	0.00713	0.01049	0.01088	0.00651	0.01418	0.00849	0.02074	0.00739	0.02682	0.00596	0.00475	0.00323	0.00151	0.00408	0.00297	0.00293	0.00542
42	0.01203	0.01312	0.07654	0.06850	0.51154	0.08910	0.01334	0.01554	0.05689	0.01535	0.00959	0.01203	0.00786	0.00536	0.02560	0.00158	0.00615	0.00416	0.00255	0.05317
43	0.00982	0.02069	0.58731	0.01287	0.04063	0.03159	0.01494	0.01548	0.07636	0.01623	0.11541	0.01439	0.01223	0.00548	0.00478	0.00153	0.00623	0.00445	0.00275	0.00683
44	0.00703	0.00472	0.00541	0.00537	0.00549	0.00469	0.00310	0.00726	0.00773	0.01042	0.09510	0.03217	0.02049	0.74597	0.02273	0.00437	0.00445	0.00722	0.00318	0.00310
45	0.01043	0.00941	0.01480	0.53798	0.10741	0.01101	0.03726	0.08566	0.05872	0.01525	0.04188	0.01432	0.00909	0.02048	0.00528	0.00164	0.00598	0.00466	0.00275	0.00599
46	0.00737	0.00467	0.00518	0.00524	0.00639	0.00435	0.00386	0.00921	0.01105	0.01646	0.19740	0.13110	0.20994	0.00938	0.00481	0.00144	0.00238	0.00799	0.35742	0.00435
47	0.01320	0.01058	0.01145	0.03203	0.01342	0.01206	0.00796	0.10617	0.64338	0.06542	0.01852	0.01716	0.01371	0.00641	0.00492	0.00161	0.00408	0.00529	0.00491	0.00770
48	0.01032	0.01019	0.01431	0.01235	0.01241	0.01417	0.01026	0.01143	0.00745	0.01163	0.00687	0.01124	0.00680	0.01060	0.07644	0.00255	0.75928	0.00431	0.00216	0.00523
49	0.00678	0.00566	0.00926	0.00886	0.00993	0.00527	0.12852	0.00816	0.00969	0.01290	0.02488	0.66652	0.05774	0.01330	0.00609	0.00190	0.00365	0.01235	0.00417	0.00436
50	0.00972	0.02507	0.80458	0.01381	0.02097	0.01125	0.01790	0.01535	0.01023	0.01535	0.00870	0.01023	0.00614	0.00460	0.00460	0.00153	0.00716	0.00358	0.00205	0.00716
51	0.00781	0.00558	0.00781	0.00892	0.01004	0.00558	0.00781	0.01004	0.01116	0.01450	0.02566	0.05466	0.02789	0.01339	0.00669	0.00223	0.00446	0.76685	0.00446	0.00446
52	0.00573	0.00491	0.00491	0.00491	0.00655	0.00409	0.00368	0.00695	0.01105	0.01309	0.04909	0.04664	0.79750	0.01227	0.00573	0.00164	0.00245	0.01023	0.00450	0.00409
53	0.01199	0.01151	0.01967	0.02974	0.79946	0.01151	0.01487	0.01487	0.01103	0.01583	0.00912	0.01199	0.00768	0.00432	0.00480	0.00144	0.00576	0.00432	0.00240	0.00768
54	0.86392	0.00937	0.00712	0.00637	0.00937	0.01087	0.00525	0.01425	0.00825	0.02174	0.00675	0.00787	0.00525	0.00450	0.00300	0.00150	0.00375	0.00262	0.00300	0.00525
55	0.00623	0.00523	0.00545	0.00534	0.00698	0.00460	0.00402	0.00829	0.05549	0.01430	0.14183	0.04370	0.65832	0.01165	0.00568	0.00162	0.00251	0.00977	0.00463	0.00435
56	0.00886	0.00732	0.01187	0.27143	0.17009	0.00823	0.00968	0.01057	0.00878	0.01198	0.01043	0.03055	0.00944	0.05166	0.21516	0.14438	0.00748	0.00482	0.00239	0.00488
57	0.01658	0.26307	0.01719	0.01124	0.01423	0.57574	0.00905	0.01792	0.01258	0.01172	0.00727	0.00845	0.00624	0.00474	0.00400	0.00119	0.00768	0.00296	0.00237	0.00580
58	0.01158	0.07712	0.12818	0.01625	0.02063	0.03551	0.43123	0.05821	0.01130	0.01538	0.00930	0.01211	0.00728	0.00631	0.04745	0.00189	0.07754	0.00482	0.00249	0.02543
59	0.02501	0.07566	0.12925	0.02127	0.44151	0.01186	0.03231	0.06746	0.03434	0.09978	0.01039	0.01202	0.00801	0.00468	0.00466	0.00144	0.00569	0.00419	0.00295	0.00753
60	0.00773	0.03772	0.09241	0.00913	0.04837	0.00666	0.00707	0.02418	0.08287	0.01396	0.02225	0.55133	0.02497	0.01209	0.00572	0.00183	0.00371	0.03891	0.00409	0.00499
61	0.41778	0.03154	0.05557	0.04502	0.15803	0.18999	0.00904	0.01549	0.01019	0.01749	0.00753	0.00916	0.00604	0.00459	0.00380	0.00143	0.00556	0.00317	0.00267	0.00591
62	0.00940	0.00876	0.01472	0.70830	0.10999	0.01061	0.01325	0.01256	0.00990	0.01296	0.02175	0.01331	0.00735	0.00489	0.00482	0.00159	0.00623	0.00439	0.01962	0.00558
63	0.01433	0.01144	0.01065	0.00939	0.01161	0.22389	0.00735	0.05848	0.02504	0.19353	0.01284	0.01479	0.01010	0.01552	0.26488	0.00344	0.03050	0.00441	0.05493	0.02288
64	0.00721	0.00585	0.00721	0.00754	0.00827	0.05071	0.00554	0.00852	0.00870	0.01166	0.01827	0.29906	0.03103	0.06613	0.42308	0.00507	0.00852	0.02012	0.00332	0.00419
65	0.01007	0.00991	0.01384	0.63179	0.02849	0.09144	0.01231	0.01291	0.01006	0.01257	0.00936	0.01436	0.00756	0.00545	0.00541	0.00161	0.04917	0.03733	0.03100	0.00533
66	0.00693	0.00518	0.00774	0.00774	0.00859	0.00603	0.00600	0.00862	0.00777	0.01122	0.01302	0.01926	0.01221	0.05055	0.79642	0.00773	0.01283	0.00523	0.00260	0.00430
67	0.01339	0.76420	0.02441	0.00865	0.01265	0.08603	0.00838	0.01492	0.01018	0.01144	0.00680	0.00786	0.00622	0.00422	0.00322	0.00105	0.00548	0.00264	0.00211	0.00617
68	0.00982	0.05081	0.77975	0.01364	0.02070	0.01151	0.01760	0.01532	0.01022	0.01522	0.00863	0.01015	0.00614	0.00459	0.00456	0.00152	0.00710	0.00355	0.00205	0.00713
69	0.01072	0.06183	0.49645	0.01606	0.14455	0.03287	0.06187	0.01603	0.06957	0.01550	0.00985	0.01194	0.00752	0.00483	0.00468	0.00151	0.00664	0.01808	0.00240	0.00711
70	0.00590	0.00422	0.00562	0.00675	0.00703	0.00394	0.00450	0.00675	0.00928	0.01237	0.02671	0.82653	0.03205	0.01518	0.00619	0.00197	0.00281	0.01378	0.00450	0.00394
71	0.00669	0.00495	0.00624	0.00592	0.00714	0.00450	0.00444	0.00882	0.01332	0.01848	0.68483	0.03776	0.15840	0.01026	0.00572	0.00154	0.00231	0.00898	0.00521	0.00450
72	0.00674	0.00495	0.00632	0.00598	0.00717	0.00452	0.00448	0.00892	0.01344	0.01879	0.72053	0.03726	0.12250	0.01015	0.00572	0.00154	0.00230	0.00891	0.00525	0.00452
73	0.01005	0.00861	0.01005	0.00718	0.01148	0.00646	0.00574	0.01220	0.01005	0.01579	0.00861	0.01005	0.00718	0.00359	0.00359	0.00072	0.00359	0.00287	0.00287	0.85932
74	0.00573	0.00491	0.00491	0.00491	0.00655	0.00409	0.00368	0.00695	0.01105	0.01309	0.04909	0.04664	0.79750	0.01227	0.00573	0.00164	0.00245	0.01023	0.00450	0.00409
75	0.00577	0.00491	0.00496	0.00495	0.00657	0.00411	0.00371	0.00703	0.01114	0.01330	0.07423	0.04629	0.77223	0.01219	0.00573	0.00163	0.00245	0.01018	0.00453	0.00411
76	0.00972	0.02507	0.80458	0.01381	0.02097	0.01125	0.01790	0.01535	0.01023	0.01535	0.00870	0.01023	0.00614	0.00460	0.00460	0.00153	0.00716	0.00358	0.00205	0.00716
77	0.01810	0.02310	0.01373	0.01248	0.01498	0.81024	0.00936	0.01935	0.01373	0.01186	0.00749	0.00874	0.00624	0.00499	0.00437	0.00125	0.00874	0.00312	0.00250	0.00562
78	0.01205	0.01041	0.01096	0.00986	0.01260	0.01205	0.00767	0.02575	0.79071	0.02027	0.01972	0.01808	0.01479	0.00657	0.00493	0.00164	0.00384	0.00548	0.00493	0.00767
79	0.00981	0.00836	0.00979	0.00715	0.01123	0.00632	0.00567	0.01189	0.01000	0.01559	0.00965	0.05694	0.00861	0.00425	0.00374	0.00079	0.00354	0.00350	0.00296	0.81019
80	0.00751	0.00618	0.04710	0.02770	0.00785	0.00563	0.02688	0.00791	0.00752	0.01017	0.01459	0.08844	0.01638	0.58193	0.02038	0.07927	0.03133	0.00694	0.00288	0.00340
81	0.00979	0.02463	0.77905	0.01433	0.04630	0.01126	0.01781	0.01533	0.01026	0.01536	0.00871	0.01029	0.00619	0.00459	0.00461	0.00153	0.00712	0.00360	0.00206	0.00718
82	0.01089	0.01724	0.40466	0.21377	0.17021	0.01088	0.01545	0.01513	0.01052	0.07232	0.00952	0.01168	0.00694	0.00471	0.00472	0.00153	0.00650	0.00399	0.00243	0.00690
83	0.01296	0.83261	0.02539	0.00829	0.01244	0.01917	0.00829	0.01451	0.00985	0.01140	0.00674	0.00777	0.00622	0.00415	0.00311	0.00104	0.00518	0.00259	0.00207	0.00622
84	0.00590	0.00422	0.00562	0.00675	0.00703	0.00394	0.00450	0.00675	0.00928	0.01237	0.02671	0.82653	0.03205	0.01518	0.00619	0.00197	0.00281	0.01378	0.00450	0.00394
85	0.01268	0.01243	0.13866	0.17244	0.28124	0.01070	0.03279	0.01731	0.11099	0.14457	0.01197	0.01344	0.00881	0.00502	0.00483	0.00153	0.00566	0.00448	0.00321	0.00722
86	0.01251	0.54280	0.22222	0.00975	0.01453	0.01620	0.01060	0.04778	0.01056	0.03977	0.00808	0.00948	0.00678	0.02583	0.00418	0.00129	0.00564	0.00311	0.00234	0.00653
87	0.01379	0.06999	0.08100	0.26934	0.02119	0.02918	0.02266	0.34959	0.03624	0.02075	0.01035	0.01249	0.00777	0.00543	0.00489	0.00151	0.01679	0.01670	0.00344	0.00690
88	0.00690	0.00493	0.00676	0.00788	0.00860	0.00479	0.00622	0.00846	0.01026	0.01348	0.02616	0.42470	0.02988	0.01425	0.00645	0.00211	0.00367	0.40582	0.00448	0.00421
89	0.01503	0.14204	0.11247	0.03170	0.03447	0.03234	0.03130	0.04936	0.05742	0.30201	0.01357	0.01407	0.00983	0.00978	0.12073	0.00234	0.00633	0.00436	0.00389	0.00698
90	0.01295	0.02943	0.24929	0.06587	0.20425	0.04378	0.15711	0.01662	0.01136	0.14666	0.01066	0.01228	0.00773	0.00470	0.00488	0.00151	0.00650	0.00438	0.00289	0.00716
91	0.01512	0.00785	0.00972	0.00813	0.01092	0.00761	0.00647	0.02000	0.20750	0.38754	0.18167	0.02272	0.06478	0.00730	0.00509	0.00154	0.00355	0.00613	0.01931	0.00704
92	0.00631	0.00498	0.00578	0.00621	0.00751	0.00446	0.00486	0.00776	0.01089	0.01350	0.05855	0.16041	0.47496	0.01291	0.00604	0.00183	0.00301	0.20136	0.00451	0.00417
93	0.01084	0.01104	0.11307	0.03336	0.12757	0.04170	0.08338	0.03278	0.06110	0.08270	0.11517	0.08968	0.06207	0.00780	0.00562	0.00165	0.02528	0.08532	0.00375	0.00612
94	0.01177	0.16189	0.28933	0.08822	0.13623	0.01255	0.12746	0.01545	0.01064	0.07448	0.00932	0.01120	0.00704	0.00460	0.00477	0.00146	0.02023	0.00401	0.00248	0.00687
95	0.00735	0.00581	0.00803	0.00793	0.00876	0.02756	0.00612	0.00894	0.00789	0.01117	0.01275	0.01921	0.01208	0.07949	0.71884	0.00726	0.03868	0.00521	0.00260	0.00431
96	0.01005	0.00861	0.01005	0.00718	0.01148	0.00646	0.00574	0.01220	0.01005	0.01579	0.00861	0.01005	0.00718	0.00359	0.00359	0.00072	0.00359	0.00287	0.00287	0.85932
97	0.24940	0.01720	0.38897	0.01146	0.03170	0.01123	0.02513	0.06801	0.01076	0.08911	0.00921	0.01034	0.00663	0.00496	0.00478	0.00155	0.04641	0.00357	0.00288	0.00671
98	0.01196	0.00939	0.00992	0.00891	0.01142	0.01066	0.00694	0.04384	0.60934	0.04190	0.01879	0.01786	0.01411	0.00637	0.00465	0.00154	0.00360	0.00526	0.15639	0.00714
99	0.01278	0.00893	0.00985	0.00827	0.01073	0.00972	0.02856	0.27198	0.16447	0.02247	0.01495	0.01579	0.01133	0.00635	0.01764	0.00146	0.00394	0.00470	0.36965	0.00642
100	0.02174	0.00825	0.01125	0.00862	0.01237	0.00712	0.00712	0.02362	0.01387	0.80282	0.01912	0.01649	0.01200	0.00600	0.00487	0.00150	0.00412	0.00487	0.00600	0.00825
101	0.00657	0.00494	0.00608	0.00579	0.00706	0.00445	0.00435	0.00859	0.01304	0.01782	0.60671	0.03885	0.23693	0.01051	0.00572	0.00155	0.00233	0.00914	0.00512	0.00445
102	0.00590	0.00422	0.00562	0.00675	0.00703	0.00394	0.00450	0.00675	0.00928	0.01237	0.02671	0.82653	0.03205	0.01518	0.00619	0.00197	0.00281	0.01378	0.00450	0.00394
103	0.00686	0.00495	0.00648	0.00610	0.00724	0.00457	0.00457	0.00914	0.01372	0.01943	0.79691	0.03620	0.04572	0.00991	0.00572	0.00152	0.00229	0.00876	0.00533	0.00457
104	0.00915	0.00861	0.01453	0.81804	0.03338	0.01077	0.01346	0.01238	0.00969	0.01238	0.00861	0.01292	0.00646	0.00484	0.00484	0.00161	0.00646	0.00431	0.00215	0.00538
105	0.00915	0.00861	0.01453	0.81804	0.03338	0.01077	0.01346	0.01238	0.00969	0.01238	0.00861	0.01292	0.00646	0.00484	0.00484	0.00161	0.00646	0.00431	0.00215	0.00538
106	0.01060	0.01060	0.01484	0.01272	0.01272	0.01484	0.01060	0.01166	0.00742	0.01166	0.00636	0.01060	0.00636	0.00848	0.01590	0.00212	0.82082	0.00424	0.00212	0.00530
107	0.86392	0.00937	0.00712	0.00637	0.00937	0.01087	0.00525	0.01425	0.00825	0.02174	0.00675	0.00787	0.00525	0.00450	0.00300	0.00150	0.00375	0.00262	0.00300	0.00525
108	0.00655	0.00490	0.00602	0.00581	0.00700	0.00443	0.00430	0.00844	0.01265	0.01725	0.55561	0.07302	0.22660	0.03826	0.00638	0.00168	0.00243	0.00928	0.00502	0.00437
109	0.00692	0.00519	0.00779	0.00779	0.00865	0.00606	0.00606	0.00865	0.00779	0.01125	0.01298	0.01904	0.01211	0.03634	0.81049	0.00779	0.01298	0.00519	0.00260	0.00433
110	0.00686	0.00495	0.00648	0.00610	0.00724	0.00457	0.00457	0.00914	0.01372	0.01943	0.79691	0.03620	0.04572	0.00991	0.00572	0.00152	0.00229	0.00876	0.00533	0.00457
111	0.00842	0.00421	0.00631	0.00631	0.00631	0.00421	0.00421	0.00631	0.00631	0.00842	0.00842	0.01473	0.00842	0.01684	0.01894	0.85901	0.00421	0.00421	0.00210	0.00210
112	0.86392	0.00937	0.00712	0.00637	0.00937	0.01087	0.00525	0.01425	0.00825	0.02174	0.00675	0.00787	0.00525	0.00450	0.00300	0.00150	0.00375	0.00262	0.00300	0.00525
113	0.03774	0.49876	0.04409	0.01257	0.11099	0.06910	0.07589	0.04091	0.01080	0.02760	0.00778	0.00924	0.00664	0.00444	0.00407	0.00123	0.02605	0.00328	0.00236	0.00647
114	0.01491	0.03654	0.01290	0.01054	0.01368	0.09952	0.00840	0.28368	0.42179	0.02262	0.01526	0.01457	0.01138	0.00608	0.00479	0.00152	0.00492	0.00476	0.00456	0.00760
115	0.00842	0.00421	0.00631	0.00631	0.00631	0.00421	0.00421	0.00631	0.00631	0.00842	0.00842	0.01473	0.00842	0.01684	0.01894	0.85901	0.00421	0.00421	0.00210	0.00210
116	0.01108	0.01468	0.15368	0.06153	0.07973	0.01196	0.56319	0.01528	0.01112	0.01535	0.00951	0.01252	0.00713	0.00423	0.00543	0.00160	0.00775	0.00520	0.00237	0.00666
117	0.01266	0.01304	0.04393	0.02049	0.19435	0.01262	0.43586	0.14389	0.01308	0.01797	0.00981	0.01243	0.00751	0.00459	0.00570	0.00158	0.03556	0.00507	0.00282	0.00705
118	0.02081	0.00846	0.01122	0.00874	0.01239	0.00760	0.00718	0.02382	0.08894	0.72720	0.01918	0.01665	0.01227	0.00605	0.00488	0.00151	0.00410	0.00493	0.00589	0.00819
119	0.01199	0.01151	0.01967	0.02974	0.79946	0.01151	0.01487	0.01487	0.01103	0.01583	0.00912	0.01199	0.00768	0.00432	0.00480	0.00144	0.00576	0.00432	0.00240	0.00768
120	0.01283	0.00959	0.01046	0.00925	0.01199	0.01066	0.00724	0.02382	0.61290	0.12364	0.04695	0.01970	0.04894	0.00684	0.00495	0.00161	0.00373	0.00569	0.02177	0.00743
121	0.00861	0.00736	0.01271	0.01156	0.01360	0.00713	0.19352	0.01126	0.01122	0.01470	0.02261	0.04442	0.04800	0.01112	0.00643	0.00207	0.00529	0.55949	0.00398	0.00495
122	0.01367	0.00920	0.00987	0.00852	0.01114	0.02302	0.00672	0.11924	0.36169	0.13971	0.01739	0.01685	0.01278	0.00613	0.00451	0.00146	0.00375	0.00496	0.22242	0.00699
123	0.00972	0.02507	0.80458	0.01381	0.02097	0.01125	0.01790	0.01535	0.01023	0.01535	0.00870	0.01023	0.00614	0.00460	0.00460	0.00153	0.00716	0.00358	0.00205	0.00716
124	0.02878	0.00482	0.00479	0.00470	0.00593	0.00489	0.00356	0.02796	0.01039	0.01842	0.01551	0.01770	0.01217	0.00562	0.00341	0.00114	0.00236	0.00447	0.81876	0.00461
125	0.00693	0.00517	0.00769	0.00769	0.00852	0.00600	0.00594	0.00859	0.00776	0.01118	0.01307	0.01953	0.01233	0.06724	0.77989	0.00767	0.01266	0.00526	0.00261	0.00427
126	0.01296	0.83261	0.02539	0.00829	0.01244	0.01917	0.00829	0.01451	0.00985	0.01140	0.00674	0.00777	0.00622	0.00415	0.00311	0.00104	0.00518	0.00259	0.00207	0.00622
127	0.00692	0.00519	0.00779	0.00779	0.00865	0.00606	0.00606	0.00865	0.00779	0.01125	0.01298	0.01904	0.01211	0.03634	0.81049	0.00779	0.01298	0.00519	0.00260	0.00433
128	0.00590	0.00422	0.00562	0.00675	0.00703	0.00394	0.00450	0.00675	0.00928	0.01237	0.02671	0.82653	0.03205	0.01518	0.00619	0.00197	0.00281	0.01378	0.00450	0.00394
129	0.00693	0.00465	0.00532	0.00543	0.00546	0.00462	0.00310	0.00702	0.00728	0.00970	0.01644	0.11289	0.01909	0.74651	0.02278	0.00442	0.00451	0.00773	0.00310	0.00304
130	0.03688	0.57213	0.09481	0.00956	0.01385	0.05815	0.02387	0.11479	0.01175	0.01464	0.00765	0.00865	0.00647	0.00446	0.00358	0.00117	0.00558	0.00300	0.00249	0.00652
131	0.00597	0.00482	0.00531	0.00539	0.00675	0.00416	0.00397	0.00735	0.01132	0.01422	0.19024	0.15209	0.54703	0.01222	0.00579	0.00166	0.00247	0.01043	0.00466	0.00416
132	0.05851	0.00771	0.01014	0.00801	0.01127	0.00685	0.00654	0.02074	0.01344	0.62979	0.12263	0.01880	0.01622	0.00644	0.00484	0.00149	0.00378	0.00528	0.04006	0.00746
133	0.00689	0.00490	0.00625	0.00610	0.00723	0.00447	0.00450	0.00880	0.01269	0.03437	0.56520	0.16067	0.13791	0.01095	0.00577	0.00161	0.00243	0.00965	0.00511	0.00449
134	0.01129	0.01584	0.21920	0.01982	0.13206	0.01198	0.46323	0.03750	0.01141	0.01595	0.00949	0.01218	0.00712	0.00430	0.00529	0.00158	0.00750	0.00495	0.00241	0.00690
135	0.00759	0.00543	0.00747	0.00850	0.00953	0.00539	0.00725	0.00960	0.01086	0.01410	0.02608	0.10290	0.05359	0.04765	0.00738	0.00230	0.00430	0.66133	0.00440	0.00435
136	0.01179	0.01138	0.01952	0.07140	0.71756	0.01158	0.03567	0.01468	0.01088	0.01553	0.00904	0.01204	0.00757	0.00444	0.00510	0.00147	0.02615	0.00435	0.00238	0.00746
137	0.01121	0.02186	0.01930	0.05811	0.22536	0.01043	0.29371	0.06024	0.02199	0.04398	0.01341	0.17203	0.01253	0.00656	0.00539	0.00162	0.00598	0.00670	0.00312	0.00645
138	0.01210	0.02115	0.01057	0.00912	0.01062	0.05461	0.00718	0.13559	0.01182	0.10754	0.03413	0.15541	0.01476	0.07028	0.03969	0.00215	0.19027	0.02124	0.08619	0.00559
139	0.81875	0.00979	0.00749	0.02418	0.01007	0.03603	0.00556	0.01437	0.00845	0.02123	0.00681	0.00801	0.00531	0.00452	0.00308	0.00149	0.00396	0.00268	0.00296	0.00526
140	0.00591	0.00435	0.00550	0.00640	0.00689	0.00399	0.00431	0.00679	0.00949	0.01239	0.02998	0.67253	0.15650	0.04208	0.00673	0.00201	0.00282	0.01297	0.00445	0.00393
141	0.01397	0.62297	0.03861	0.00982	0.03227	0.18814	0.00888	0.01557	0.01072	0.01169	0.00700	0.00813	0.00626	0.00434	0.00345	0.00110	0.00600	0.00277	0.00217	0.00614
142	0.01093	0.00872	0.01022	0.00740	0.01163	0.00679	0.00593	0.02689	0.02946	0.06221	0.00955	0.01065	0.00766	0.00384	0.00372	0.00080	0.00366	0.00308	0.00314	0.77373
143	0.01245	0.01202	0.12565	0.02370	0.01361	0.06341	0.04177	0.16773	0.07326	0.09804	0.01698	0.21161	0.03736	0.00825	0.00565	0.00164	0.04019	0.01735	0.02301	0.00632
144	0.01230	0.00921	0.08594	0.01007	0.05436	0.00783	0.02232	0.06889	0.06989	0.20817	0.10326	0.18967	0.03148	0.00873	0.00561	0.00167	0.02533	0.05549	0.02353	0.00628
145	0.02669	0.00911	0.02895	0.00906	0.03572	0.02327	0.00682	0.03724	0.33927	0.04435	0.09392	0.04336	0.05981	0.11167	0.00765	0.00192	0.02213	0.00598	0.00422	0.08886
146	0.01045	0.00997	0.05403	0.00824	0.02789	0.03847	0.00674	0.01298	0.02608	0.02973	0.03500	0.02747	0.00908	0.00425	0.00387	0.00088	0.00399	0.00345	0.00301	0.68441

[dist]
# distance from previous block
# <min> <max>
0	27

# created by:
# /st0/software/busco_prod/Augustus/scripts/msa2prfl.pl ./align_prep/109763.fa
