[name]
unknown

[dist]
# distance from previous block
# <min> <max>
9	370

[block]
# block no. 0 follows, 48 sequences, length 17
# corresponding to MSA columns:
# 565-581
name=unknown_A
#
# <colnr> <probs for GDERKNQSTAVLIFYWHMCP>
#	G	D	E	R	K	N	Q	S	T	A	V	L	I	F	Y	W	H	M	C	P
0	0.01165	0.01027	0.01559	0.41686	0.15325	0.01220	0.01278	0.11132	0.01202	0.01653	0.00986	0.01341	0.00773	0.00572	0.00651	0.00169	0.10903	0.00458	0.06259	0.00642
1	0.01866	0.01379	0.01493	0.01157	0.01535	0.01540	0.00954	0.70040	0.02275	0.03080	0.01225	0.01258	0.00883	0.00628	0.00562	0.00156	0.04354	0.00462	0.04313	0.00840
2	0.00895	0.00603	0.00735	0.00748	0.04502	0.00532	0.00540	0.01073	0.01271	0.11502	0.20609	0.04165	0.44059	0.01127	0.00596	0.00172	0.00308	0.05536	0.00505	0.00521
3	0.01951	0.01437	0.01540	0.01181	0.01591	0.01591	0.00975	0.77056	0.02412	0.03234	0.01232	0.01232	0.00873	0.00616	0.00513	0.00154	0.00565	0.00462	0.00513	0.00873
4	0.00692	0.00497	0.00643	0.00738	0.00787	0.00476	0.00502	0.04588	0.01055	0.01407	0.02747	0.77553	0.03266	0.01557	0.00648	0.00206	0.00311	0.01408	0.00478	0.00440
5	0.01924	0.01461	0.01523	0.01181	0.01582	0.04366	0.00970	0.71650	0.05155	0.03123	0.01248	0.01246	0.00891	0.00616	0.00512	0.00154	0.00572	0.00462	0.00505	0.00860
6	0.01951	0.01437	0.01540	0.01181	0.01591	0.01591	0.00975	0.77056	0.02412	0.03234	0.01232	0.01232	0.00873	0.00616	0.00513	0.00154	0.00565	0.00462	0.00513	0.00873
7	0.00698	0.00499	0.00679	0.00798	0.00860	0.00480	0.00604	0.00841	0.01055	0.01392	0.02788	0.54081	0.03234	0.01538	0.00674	0.00219	0.00361	0.28288	0.00475	0.00437
8	0.01207	0.43931	0.39588	0.01159	0.01752	0.01626	0.01368	0.01579	0.01062	0.01408	0.00813	0.00948	0.00654	0.00462	0.00405	0.00135	0.00650	0.00325	0.00218	0.00707
9	0.01951	0.01437	0.01540	0.01181	0.01591	0.01591	0.00975	0.77056	0.02412	0.03234	0.01232	0.01232	0.00873	0.00616	0.00513	0.00154	0.00565	0.00462	0.00513	0.00873
10	0.01089	0.16668	0.65823	0.01360	0.02062	0.01339	0.01717	0.01609	0.01076	0.01551	0.00884	0.01038	0.00651	0.00479	0.00460	0.00153	0.00721	0.00361	0.00217	0.00741
11	0.08221	0.01419	0.20622	0.01075	0.01434	0.09828	0.01050	0.04922	0.01228	0.10301	0.01687	0.09702	0.01602	0.00864	0.00547	0.00179	0.00570	0.20868	0.00387	0.03495
12	0.01220	0.37619	0.26132	0.01318	0.01872	0.01564	0.16957	0.01575	0.01091	0.01446	0.00853	0.01030	0.00685	0.00450	0.00437	0.00138	0.00671	0.00376	0.00231	0.04334
13	0.00919	0.13489	0.32105	0.01026	0.01431	0.00987	0.01112	0.01251	0.01104	0.01523	0.11527	0.17342	0.06662	0.00977	0.03504	0.00191	0.00554	0.03352	0.00339	0.00601
14	0.01341	0.03341	0.22176	0.01100	0.01586	0.01156	0.01081	0.21658	0.10927	0.04268	0.01243	0.04252	0.00971	0.00565	0.00475	0.00140	0.00536	0.00449	0.00377	0.22361
15	0.00887	0.00684	0.00846	0.10968	0.01206	0.00707	0.00642	0.12879	0.01231	0.01600	0.02721	0.34513	0.18655	0.09093	0.00795	0.00216	0.00401	0.01022	0.00434	0.00502
16	0.04231	0.16551	0.04187	0.17440	0.01652	0.01103	0.02233	0.04690	0.01094	0.01540	0.01374	0.09063	0.03784	0.02202	0.00557	0.00156	0.04065	0.04315	0.08378	0.11385

[dist]
# distance from previous block
# <min> <max>
0	38

[block]
# block no. 1 follows, 48 sequences, length 13
# corresponding to MSA columns:
# 631-643
name=unknown_B
#
# <colnr> <probs for GDERKNQSTAVLIFYWHMCP>
#	G	D	E	R	K	N	Q	S	T	A	V	L	I	F	Y	W	H	M	C	P
0	0.35535	0.01035	0.01025	0.00846	0.01164	0.01126	0.00688	0.25394	0.01511	0.06983	0.15752	0.01590	0.01519	0.00636	0.00448	0.00155	0.00422	0.00474	0.00445	0.03251
1	0.27486	0.01228	0.01779	0.16490	0.02133	0.07343	0.27303	0.01643	0.04509	0.04015	0.00970	0.01208	0.00731	0.00487	0.00481	0.00165	0.00657	0.00450	0.00294	0.00629
2	0.01508	0.01004	0.01198	0.00994	0.01257	0.01102	0.00807	0.17604	0.13280	0.20988	0.02243	0.02181	0.16516	0.00823	0.00756	0.00176	0.15749	0.00615	0.00482	0.00717
3	0.01951	0.01437	0.01540	0.01181	0.01591	0.01591	0.00975	0.77056	0.02412	0.03234	0.01232	0.01232	0.00873	0.00616	0.00513	0.00154	0.00565	0.00462	0.00513	0.00873
4	0.01276	0.01102	0.01160	0.01044	0.01334	0.01276	0.00812	0.02727	0.77840	0.02146	0.02088	0.01914	0.01566	0.00696	0.00522	0.00174	0.00406	0.00580	0.00522	0.00812
5	0.01123	0.01123	0.01572	0.01347	0.01347	0.01572	0.01123	0.01235	0.00786	0.01235	0.00674	0.01123	0.00674	0.00898	0.01684	0.00225	0.81028	0.00449	0.00225	0.00561
6	0.01951	0.01437	0.01540	0.01181	0.01591	0.01591	0.00975	0.77056	0.02412	0.03234	0.01232	0.01232	0.00873	0.00616	0.00513	0.00154	0.00565	0.00462	0.00513	0.00873
7	0.00625	0.00447	0.00595	0.00714	0.00744	0.00417	0.00476	0.00714	0.00982	0.01310	0.02828	0.81633	0.03394	0.01608	0.00655	0.00208	0.00298	0.01459	0.00476	0.00417
8	0.01917	0.02445	0.01454	0.01322	0.01586	0.79907	0.00991	0.02049	0.01454	0.01256	0.00793	0.00925	0.00661	0.00529	0.00463	0.00132	0.00925	0.00330	0.00264	0.00595
9	0.01094	0.17795	0.64738	0.01351	0.02049	0.01351	0.01702	0.01608	0.01076	0.01546	0.00881	0.01034	0.00652	0.00478	0.00457	0.00152	0.00718	0.00359	0.00217	0.00739
10	0.02229	0.01172	0.01241	0.00991	0.01362	0.15806	0.00799	0.02415	0.01466	0.64315	0.01790	0.01590	0.01154	0.00615	0.00506	0.00154	0.00530	0.00481	0.00565	0.00820
11	0.01284	0.61800	0.22392	0.01028	0.01549	0.01815	0.01140	0.01559	0.01053	0.01315	0.00767	0.00890	0.00656	0.00451	0.00370	0.00123	0.00603	0.00301	0.00219	0.00684
12	0.00639	0.00453	0.00591	0.00696	0.00723	0.00426	0.00457	0.00718	0.00955	0.01273	0.02686	0.72441	0.03214	0.11044	0.00885	0.00242	0.00321	0.01375	0.00457	0.00404

[dist]
# distance from previous block
# <min> <max>
19	37

[block]
# block no. 2 follows, 48 sequences, length 19
# corresponding to MSA columns:
# 695-713
name=unknown_C
#
# <colnr> <probs for GDERKNQSTAVLIFYWHMCP>
#	G	D	E	R	K	N	Q	S	T	A	V	L	I	F	Y	W	H	M	C	P
0	0.01064	0.00912	0.01064	0.00760	0.01216	0.00684	0.00608	0.01292	0.01064	0.01672	0.00912	0.01064	0.00760	0.00380	0.00380	0.00076	0.00380	0.00304	0.00304	0.85104
1	0.00625	0.00447	0.00595	0.00714	0.00744	0.00417	0.00476	0.00714	0.00982	0.01310	0.02828	0.81633	0.03394	0.01608	0.00655	0.00208	0.00298	0.01459	0.00476	0.00417
2	0.01211	0.01384	0.03028	0.02163	0.02682	0.01298	0.76903	0.01644	0.01211	0.01644	0.01038	0.01384	0.00779	0.00433	0.00606	0.00173	0.00865	0.00606	0.00260	0.00692
3	0.01270	0.01219	0.02083	0.03149	0.78767	0.01219	0.01575	0.01575	0.01168	0.01676	0.00965	0.01270	0.00813	0.00457	0.00508	0.00152	0.00610	0.00457	0.00254	0.00813
4	0.01951	0.01437	0.01540	0.01181	0.01591	0.01591	0.00975	0.77056	0.02412	0.03234	0.01232	0.01232	0.00873	0.00616	0.00513	0.00154	0.00565	0.00462	0.00513	0.00873
5	0.00650	0.00521	0.00580	0.00565	0.00720	0.00452	0.00424	0.00820	0.01272	0.01629	0.31671	0.04539	0.51934	0.01209	0.00606	0.00169	0.00253	0.01027	0.00508	0.00452
6	0.01951	0.01437	0.01540	0.01181	0.01591	0.01591	0.00975	0.77056	0.02412	0.03234	0.01232	0.01232	0.00873	0.00616	0.00513	0.00154	0.00565	0.00462	0.00513	0.00873
7	0.01276	0.01102	0.01160	0.01044	0.01334	0.01276	0.00812	0.02727	0.77840	0.02146	0.02088	0.01914	0.01566	0.00696	0.00522	0.00174	0.00406	0.00580	0.00522	0.00812
8	0.01218	0.01003	0.01147	0.00833	0.01281	0.00842	0.00672	0.14480	0.01299	0.01944	0.00968	0.01093	0.00780	0.00421	0.00403	0.00090	0.00412	0.00331	0.00340	0.70443
9	0.01951	0.01437	0.01540	0.01181	0.01591	0.01591	0.00975	0.77056	0.02412	0.03234	0.01232	0.01232	0.00873	0.00616	0.00513	0.00154	0.00565	0.00462	0.00513	0.00873
10	0.00606	0.00520	0.00520	0.00520	0.00693	0.00433	0.00390	0.00736	0.01170	0.01386	0.05198	0.04938	0.78558	0.01299	0.00606	0.00173	0.00260	0.01083	0.00476	0.00433
11	0.00833	0.00551	0.00677	0.00638	0.00795	0.00489	0.00481	0.01026	0.01333	0.09156	0.43391	0.09767	0.26684	0.01127	0.00601	0.00168	0.00270	0.00975	0.00538	0.00501
12	0.06448	0.00914	0.01097	0.00888	0.01243	0.00874	0.00716	0.02254	0.20155	0.42724	0.02097	0.01910	0.07015	0.00666	0.00500	0.00156	0.00408	0.00541	0.00546	0.08849
13	0.01206	0.00848	0.01154	0.01168	0.14602	0.00732	0.00765	0.01447	0.01260	0.14489	0.23270	0.02003	0.02019	0.00626	0.00489	0.00127	0.00390	0.00544	0.00424	0.32437
14	0.01014	0.03499	0.12968	0.25423	0.02276	0.01019	0.15235	0.01366	0.01130	0.01573	0.10000	0.01641	0.03403	0.00551	0.00509	0.00149	0.00603	0.00511	0.00292	0.16836
15	0.09870	0.23793	0.12790	0.01092	0.01471	0.10196	0.08366	0.01520	0.01168	0.04186	0.13932	0.01566	0.03091	0.00608	0.00513	0.00148	0.04276	0.00472	0.00316	0.00627
16	0.03789	0.00929	0.01217	0.01028	0.01241	0.06404	0.11555	0.01145	0.01079	0.01469	0.04906	0.19977	0.16610	0.00959	0.00732	0.00171	0.12948	0.00803	0.00364	0.12675
17	0.04158	0.01064	0.01471	0.01479	0.17616	0.03387	0.05647	0.04574	0.10517	0.31758	0.05762	0.01641	0.01283	0.00602	0.00543	0.00157	0.02670	0.00513	0.00463	0.04692
18	0.04118	0.01101	0.04307	0.01217	0.01513	0.01115	0.13855	0.07382	0.04109	0.10413	0.07331	0.05267	0.01277	0.00695	0.00805	0.00167	0.20467	0.00544	0.00365	0.13954

[dist]
# distance from previous block
# <min> <max>
13	85

[block]
# block no. 3 follows, 48 sequences, length 19
# corresponding to MSA columns:
# 824-842
name=unknown_D
#
# <colnr> <probs for GDERKNQSTAVLIFYWHMCP>
#	G	D	E	R	K	N	Q	S	T	A	V	L	I	F	Y	W	H	M	C	P
0	0.04180	0.01452	0.01542	0.01272	0.01503	0.13913	0.03205	0.29753	0.04524	0.02065	0.00968	0.01162	0.00780	0.00700	0.00935	0.00178	0.30378	0.00439	0.00354	0.00696
1	0.01228	0.01568	0.30327	0.01130	0.01590	0.01027	0.02716	0.12006	0.06237	0.09236	0.16470	0.04092	0.01712	0.00676	0.00544	0.00159	0.02191	0.00557	0.00399	0.06137
2	0.01130	0.04760	0.47931	0.02073	0.30773	0.01230	0.01742	0.01603	0.01114	0.01630	0.00930	0.01144	0.00711	0.00475	0.00490	0.00157	0.00696	0.00405	0.00231	0.00775
3	0.01272	0.01175	0.01738	0.02363	0.49853	0.01240	0.01290	0.02005	0.29797	0.01852	0.01385	0.01511	0.01094	0.00546	0.00513	0.00160	0.00534	0.00503	0.00354	0.00813
4	0.01004	0.00948	0.01602	0.71710	0.12285	0.01149	0.01442	0.01342	0.01043	0.01353	0.00918	0.01357	0.00699	0.00507	0.00512	0.00169	0.00675	0.00456	0.00231	0.00598
5	0.00978	0.00912	0.01492	0.72831	0.03305	0.01095	0.01344	0.01309	0.01030	0.01347	0.00912	0.01338	0.00692	0.00500	0.00500	0.00162	0.00654	0.00441	0.00236	0.08923
6	0.01270	0.01219	0.02083	0.03149	0.78767	0.01219	0.01575	0.01575	0.01168	0.01676	0.00965	0.01270	0.00813	0.00457	0.00508	0.00152	0.00610	0.00457	0.00254	0.00813
7	0.00969	0.00912	0.01539	0.80734	0.03534	0.01140	0.01425	0.01311	0.01026	0.01311	0.00912	0.01368	0.00684	0.00513	0.00513	0.00171	0.00684	0.00456	0.00228	0.00570
8	0.85592	0.00992	0.00754	0.00675	0.00992	0.01151	0.00556	0.01508	0.00873	0.02302	0.00714	0.00834	0.00556	0.00476	0.00318	0.00159	0.00397	0.00278	0.00318	0.00556
9	0.01951	0.01437	0.01540	0.01181	0.01591	0.01591	0.00975	0.77056	0.02412	0.03234	0.01232	0.01232	0.00873	0.00616	0.00513	0.00154	0.00565	0.00462	0.00513	0.00873
10	0.00621	0.00462	0.00579	0.00672	0.00733	0.00420	0.00458	0.00719	0.01023	0.01326	0.03340	0.65061	0.19634	0.01541	0.00644	0.00201	0.00290	0.01377	0.00476	0.00420
11	0.00746	0.00497	0.00560	0.00560	0.00560	0.00497	0.00311	0.00746	0.00746	0.00995	0.01617	0.03358	0.01865	0.81967	0.02612	0.00497	0.00497	0.00746	0.00311	0.00311
12	0.00924	0.00636	0.00704	0.00651	0.00712	0.00659	0.00409	0.11984	0.00992	0.01325	0.01560	0.03045	0.01719	0.69987	0.02303	0.00447	0.00507	0.00704	0.00341	0.00394
13	0.00969	0.00912	0.01539	0.80734	0.03534	0.01140	0.01425	0.01311	0.01026	0.01311	0.00912	0.01368	0.00684	0.00513	0.00513	0.00171	0.00684	0.00456	0.00228	0.00570
14	0.01253	0.01202	0.02052	0.07490	0.74558	0.01215	0.01566	0.01560	0.01160	0.01656	0.00962	0.01275	0.00806	0.00460	0.00508	0.00153	0.00614	0.00457	0.00253	0.00799
15	0.01270	0.01219	0.02083	0.03149	0.78767	0.01219	0.01575	0.01575	0.01168	0.01676	0.00965	0.01270	0.00813	0.00457	0.00508	0.00152	0.00610	0.00457	0.00254	0.00813
16	0.01270	0.01219	0.02083	0.03149	0.78767	0.01219	0.01575	0.01575	0.01168	0.01676	0.00965	0.01270	0.00813	0.00457	0.00508	0.00152	0.00610	0.00457	0.00254	0.00813
17	0.01378	0.69108	0.02455	0.00886	0.01324	0.01869	0.00857	0.06303	0.01132	0.01382	0.00766	0.00873	0.00682	0.00444	0.00346	0.00109	0.00533	0.00289	0.00246	0.09017
18	0.01236	0.01177	0.02003	0.03002	0.73828	0.01182	0.01516	0.01533	0.01147	0.01646	0.00991	0.01317	0.00843	0.00672	0.05547	0.00195	0.00658	0.00463	0.00255	0.00790

[dist]
# distance from previous block
# <min> <max>
48	170

[block]
# block no. 4 follows, 48 sequences, length 8
# corresponding to MSA columns:
# 1049-1056
name=unknown_E
#
# <colnr> <probs for GDERKNQSTAVLIFYWHMCP>
#	G	D	E	R	K	N	Q	S	T	A	V	L	I	F	Y	W	H	M	C	P
0	0.01077	0.01027	0.01747	0.03513	0.01744	0.00949	0.28177	0.04148	0.01118	0.01602	0.01149	0.06129	0.01015	0.03688	0.09033	0.00222	0.02853	0.00536	0.00299	0.29972
1	0.00665	0.00490	0.00569	0.00604	0.00674	0.00452	0.00400	0.00751	0.01002	0.01295	0.09271	0.28493	0.25095	0.26455	0.01245	0.00284	0.00344	0.01084	0.00432	0.00394
2	0.08482	0.01402	0.11637	0.01101	0.01475	0.04004	0.00969	0.14789	0.45963	0.02240	0.01630	0.01565	0.01213	0.00631	0.00497	0.00166	0.00496	0.00500	0.00454	0.00786
3	0.01409	0.00714	0.00923	0.00771	0.01047	0.00612	0.00605	0.01600	0.01318	0.34076	0.19135	0.12778	0.09300	0.00877	0.00543	0.00156	0.00352	0.00751	0.00538	0.12495
4	0.13342	0.11710	0.16332	0.01178	0.01585	0.06242	0.07201	0.10009	0.03459	0.11143	0.03528	0.01242	0.00911	0.00578	0.00592	0.00160	0.09323	0.00423	0.00342	0.00699
5	0.01277	0.54080	0.18923	0.01182	0.01700	0.01750	0.11783	0.01570	0.01075	0.01357	0.00803	0.00957	0.00674	0.00448	0.00402	0.00130	0.00637	0.00343	0.00225	0.00684
6	0.00639	0.00460	0.00584	0.00676	0.00715	0.00429	0.00447	0.00721	0.00969	0.01276	0.02896	0.64174	0.10341	0.12016	0.00904	0.00243	0.00320	0.01330	0.00455	0.00405
7	0.25441	0.17490	0.25008	0.01053	0.04776	0.01266	0.01059	0.04203	0.01065	0.01835	0.00934	0.01084	0.00728	0.00493	0.00392	0.00145	0.00531	0.00349	0.11500	0.00650

[dist]
# distance from previous block
# <min> <max>
0	1

[block]
# block no. 5 follows, 48 sequences, length 23
# corresponding to MSA columns:
# 1058-1064,1066-1081
name=unknown_F
#
# <colnr> <probs for GDERKNQSTAVLIFYWHMCP>
#	G	D	E	R	K	N	Q	S	T	A	V	L	I	F	Y	W	H	M	C	P
0	0.01370	0.01103	0.10567	0.01044	0.01387	0.00915	0.06651	0.08655	0.13457	0.20830	0.02071	0.17180	0.06560	0.02469	0.00591	0.00177	0.00476	0.00727	0.00470	0.03300
1	0.01451	0.58383	0.08328	0.04599	0.01488	0.01730	0.00972	0.01660	0.01097	0.12262	0.00923	0.01008	0.00746	0.00488	0.00418	0.00127	0.03022	0.00330	0.00279	0.00690
2	0.00995	0.00802	0.00957	0.02874	0.01150	0.00655	0.00596	0.01234	0.03440	0.03979	0.05033	0.09883	0.07176	0.03259	0.01914	0.00135	0.00388	0.00547	0.00361	0.54620
3	0.01187	0.04308	0.23650	0.03384	0.01618	0.01041	0.07970	0.14602	0.01364	0.06780	0.09838	0.07238	0.06983	0.05197	0.02392	0.00196	0.00582	0.00625	0.00379	0.00665
4	0.00625	0.00447	0.00595	0.00714	0.00744	0.00417	0.00476	0.00714	0.00982	0.01310	0.02828	0.81633	0.03394	0.01608	0.00655	0.00208	0.00298	0.01459	0.00476	0.00417
5	0.68974	0.00993	0.00885	0.04531	0.03708	0.01132	0.00656	0.01630	0.04811	0.07429	0.00890	0.00989	0.00669	0.00499	0.00357	0.00160	0.00420	0.00323	0.00343	0.00599
6	0.00628	0.00462	0.00589	0.00681	0.00738	0.00423	0.00464	0.00733	0.01039	0.01366	0.07718	0.65481	0.14740	0.01528	0.00645	0.00200	0.00289	0.01371	0.00482	0.00423
7	0.35880	0.03214	0.02891	0.01051	0.01347	0.01155	0.11473	0.01578	0.01041	0.12689	0.06240	0.01319	0.01018	0.00607	0.00649	0.00170	0.14564	0.00437	0.02056	0.00621
8	0.04036	0.05767	0.21790	0.08435	0.16222	0.01033	0.01217	0.03381	0.01176	0.14898	0.01592	0.11097	0.05790	0.00692	0.00512	0.00164	0.00556	0.00588	0.00354	0.00702
9	0.03860	0.15024	0.34983	0.01380	0.08893	0.04106	0.01355	0.10770	0.07054	0.01823	0.03056	0.01221	0.00888	0.00527	0.00463	0.00150	0.00627	0.00407	0.02673	0.00738
10	0.01051	0.07814	0.74343	0.01425	0.02162	0.01246	0.01830	0.01619	0.01081	0.01598	0.00907	0.01066	0.00651	0.00484	0.00477	0.00159	0.00745	0.00372	0.00217	0.00752
11	0.01134	0.00990	0.01201	0.00910	0.01268	0.00928	0.00739	0.06190	0.01093	0.01682	0.00883	0.01087	0.00749	0.00503	0.00661	0.00112	0.17226	0.00345	0.00301	0.61998
12	0.01356	0.78557	0.06268	0.00905	0.01359	0.01991	0.00926	0.01541	0.01044	0.01227	0.00723	0.00835	0.00658	0.00441	0.00337	0.00112	0.00559	0.00279	0.00219	0.00663
13	0.01824	0.01374	0.01468	0.01155	0.01543	0.01532	0.00945	0.63074	0.16601	0.03029	0.01393	0.01360	0.01003	0.00631	0.00515	0.00158	0.00535	0.00484	0.00515	0.00861
14	0.00891	0.00446	0.00668	0.00668	0.00668	0.00446	0.00446	0.00668	0.00668	0.00891	0.00891	0.01560	0.00891	0.01783	0.02005	0.85071	0.00446	0.00446	0.00223	0.00223
15	0.01748	0.01213	0.01343	0.01091	0.01449	0.01324	0.00891	0.41810	0.22271	0.13564	0.01668	0.01782	0.01248	0.00692	0.00529	0.00165	0.00498	0.05352	0.00530	0.00831
16	0.01632	0.00953	0.01162	0.00867	0.01292	0.00814	0.00705	0.09271	0.03046	0.31608	0.01397	0.01362	0.00985	0.00508	0.00449	0.00118	0.00421	0.00407	0.00457	0.42549
17	0.21854	0.01039	0.01125	0.00942	0.01234	0.02734	0.00764	0.13469	0.12111	0.21190	0.01375	0.01410	0.01003	0.00808	0.04506	0.02094	0.08148	0.00448	0.03041	0.00706
18	0.00971	0.00585	0.00725	0.00655	0.00841	0.00517	0.00503	0.01171	0.01368	0.15631	0.42223	0.03800	0.26930	0.01052	0.00590	0.00165	0.00282	0.00902	0.00550	0.00538
19	0.45386	0.01006	0.00946	0.00763	0.01135	0.01029	0.00620	0.07847	0.04247	0.02153	0.00884	0.00993	0.00696	0.00463	0.00364	0.00130	0.00405	0.00315	0.00338	0.30280
20	0.01167	0.01122	0.01909	0.27529	0.50045	0.01211	0.03101	0.01478	0.01108	0.01541	0.00937	0.01297	0.00765	0.00493	0.00563	0.00162	0.04145	0.00460	0.00245	0.00723
21	0.13282	0.16599	0.28442	0.01368	0.09273	0.14115	0.01277	0.07136	0.01211	0.01707	0.00860	0.01004	0.00672	0.00490	0.00435	0.00146	0.00668	0.00352	0.00264	0.00699
22	0.00769	0.02561	0.03264	0.00659	0.00824	0.00525	0.00517	0.00943	0.01221	0.05773	0.25425	0.20646	0.32568	0.01210	0.00601	0.00175	0.00296	0.01045	0.00496	0.00484

[dist]
# distance from previous block
# <min> <max>
4	8

[block]
# block no. 6 follows, 48 sequences, length 43
# corresponding to MSA columns:
# 1090-1132
name=unknown_G
#
# <colnr> <probs for GDERKNQSTAVLIFYWHMCP>
#	G	D	E	R	K	N	Q	S	T	A	V	L	I	F	Y	W	H	M	C	P
0	0.17185	0.01179	0.01391	0.01842	0.36282	0.11756	0.01034	0.01543	0.01131	0.01789	0.01051	0.01283	0.00855	0.00502	0.00433	0.00144	0.00530	0.00411	0.18998	0.00661
1	0.01117	0.25219	0.55139	0.01277	0.01924	0.01413	0.01568	0.01578	0.01064	0.01493	0.00876	0.01038	0.00672	0.00576	0.02866	0.00168	0.00718	0.00355	0.00219	0.00721
2	0.01072	0.01019	0.01739	0.42904	0.29230	0.01135	0.05429	0.01418	0.02984	0.01475	0.01083	0.06252	0.00921	0.00561	0.00525	0.00167	0.00637	0.00529	0.00261	0.00657
3	0.01086	0.02250	0.56087	0.01717	0.07443	0.01227	0.17325	0.01614	0.01107	0.01621	0.00941	0.01159	0.00688	0.00486	0.00548	0.00166	0.03132	0.00433	0.00228	0.00743
4	0.00793	0.00632	0.00724	0.00682	0.00851	0.00618	0.00517	0.01228	0.15766	0.01868	0.41563	0.03811	0.26882	0.01059	0.00590	0.00167	0.00278	0.00910	0.00530	0.00530
5	0.01270	0.01219	0.02083	0.03149	0.78767	0.01219	0.01575	0.01575	0.01168	0.01676	0.00965	0.01270	0.00813	0.00457	0.00508	0.00152	0.00610	0.00457	0.00254	0.00813
6	0.00969	0.00912	0.01539	0.80734	0.03534	0.01140	0.01425	0.01311	0.01026	0.01311	0.00912	0.01368	0.00684	0.00513	0.00513	0.00171	0.00684	0.00456	0.00228	0.00570
7	0.01211	0.01384	0.03028	0.02163	0.02682	0.01298	0.76903	0.01644	0.01211	0.01644	0.01038	0.01384	0.00779	0.00433	0.00606	0.00173	0.00865	0.00606	0.00260	0.00692
8	0.01029	0.02654	0.79309	0.01462	0.02221	0.01192	0.01896	0.01625	0.01083	0.01625	0.00921	0.01083	0.00650	0.00487	0.00487	0.00162	0.00758	0.00379	0.00217	0.00758
9	0.01123	0.01123	0.01572	0.01347	0.01347	0.01572	0.01123	0.01235	0.00786	0.01235	0.00674	0.01123	0.00674	0.00898	0.01684	0.00225	0.81028	0.00449	0.00225	0.00561
10	0.00610	0.00516	0.00527	0.00532	0.00697	0.00434	0.00396	0.00741	0.01167	0.01397	0.06726	0.08670	0.73223	0.01309	0.00609	0.00175	0.00261	0.01098	0.00478	0.00434
11	0.00733	0.00550	0.00825	0.00825	0.00916	0.00641	0.00641	0.00916	0.00825	0.01191	0.01374	0.02016	0.01283	0.03848	0.79934	0.00825	0.01374	0.00550	0.00275	0.00458
12	0.01029	0.02654	0.79309	0.01462	0.02221	0.01192	0.01896	0.01625	0.01083	0.01625	0.00921	0.01083	0.00650	0.00487	0.00487	0.00162	0.00758	0.00379	0.00217	0.00758
13	0.00723	0.00488	0.00566	0.00589	0.00594	0.00482	0.00342	0.00740	0.00791	0.01054	0.01845	0.18114	0.02154	0.66818	0.02243	0.00443	0.00460	0.00880	0.00342	0.00331
14	0.00641	0.00521	0.00568	0.00556	0.00715	0.00448	0.00417	0.00804	0.01252	0.01582	0.26584	0.04616	0.57050	0.01226	0.00606	0.00170	0.00255	0.01038	0.00502	0.00448
15	0.00676	0.00483	0.00653	0.00767	0.00820	0.00460	0.00559	0.00805	0.01045	0.01388	0.05278	0.61209	0.03337	0.01544	0.00666	0.00213	0.00337	0.18850	0.00478	0.00432
16	0.01276	0.01102	0.01160	0.01044	0.01334	0.01276	0.00812	0.02727	0.77840	0.02146	0.02088	0.01914	0.01566	0.00696	0.00522	0.00174	0.00406	0.00580	0.00522	0.00812
17	0.01029	0.02654	0.79309	0.01462	0.02221	0.01192	0.01896	0.01625	0.01083	0.01625	0.00921	0.01083	0.00650	0.00487	0.00487	0.00162	0.00758	0.00379	0.00217	0.00758
18	0.01270	0.01219	0.02083	0.03149	0.78767	0.01219	0.01575	0.01575	0.01168	0.01676	0.00965	0.01270	0.00813	0.00457	0.00508	0.00152	0.00610	0.00457	0.00254	0.00813
19	0.01123	0.01123	0.01572	0.01347	0.01347	0.01572	0.01123	0.01235	0.00786	0.01235	0.00674	0.01123	0.00674	0.00898	0.01684	0.00225	0.81028	0.00449	0.00225	0.00561
20	0.01123	0.01123	0.01572	0.01347	0.01347	0.01572	0.01123	0.01235	0.00786	0.01235	0.00674	0.01123	0.00674	0.00898	0.01684	0.00225	0.81028	0.00449	0.00225	0.00561
21	0.00950	0.00480	0.00484	0.00483	0.00603	0.00478	0.00362	0.01189	0.01087	0.01917	0.03893	0.01968	0.01417	0.00611	0.00366	0.00121	0.00239	0.00491	0.82382	0.00478
22	0.00785	0.00685	0.01193	0.01077	0.01235	0.00644	0.18528	0.00972	0.01062	0.01415	0.02443	0.52806	0.04277	0.01303	0.00648	0.00202	0.00450	0.09362	0.00425	0.00488
23	0.01096	0.00913	0.01005	0.00914	0.01149	0.01017	0.00705	0.02151	0.52850	0.02117	0.27085	0.02542	0.02638	0.00812	0.00549	0.00170	0.00352	0.00694	0.00536	0.00705
24	0.00625	0.00460	0.00586	0.00682	0.00737	0.00421	0.00463	0.00726	0.01027	0.01346	0.05618	0.67139	0.15207	0.01541	0.00646	0.00201	0.00290	0.01383	0.00479	0.00421
25	0.00737	0.00598	0.00871	0.23396	0.01546	0.00643	0.00748	0.00932	0.02788	0.01334	0.02412	0.52343	0.07175	0.01257	0.00609	0.00195	0.00407	0.01131	0.00407	0.00470
26	0.01223	0.00624	0.00834	0.00746	0.00940	0.00560	0.00571	0.01422	0.01369	0.27128	0.39213	0.17817	0.03400	0.01019	0.00585	0.00169	0.00316	0.00893	0.00571	0.00599
27	0.00827	0.00591	0.00827	0.00945	0.01063	0.00591	0.00827	0.01063	0.01181	0.01536	0.02717	0.05788	0.02953	0.01417	0.00709	0.00236	0.00472	0.75313	0.00472	0.00472
28	0.01177	0.04770	0.19799	0.01959	0.02528	0.01302	0.57479	0.01635	0.01176	0.01623	0.01000	0.01296	0.00746	0.00445	0.00569	0.00168	0.00829	0.00543	0.00249	0.00705
29	0.01192	0.01139	0.01941	0.23303	0.59225	0.01199	0.01536	0.01506	0.01131	0.01581	0.00951	0.01295	0.00779	0.00472	0.00509	0.00157	0.00629	0.00457	0.00247	0.00750
30	0.00737	0.00544	0.00661	0.00661	0.00808	0.00491	0.00519	0.00935	0.01294	0.03547	0.34521	0.04572	0.32420	0.01204	0.00623	0.00180	0.00297	0.15000	0.00516	0.00472
31	0.00746	0.00497	0.00560	0.00560	0.00560	0.00497	0.00311	0.00746	0.00746	0.00995	0.01617	0.03358	0.01865	0.81967	0.02612	0.00497	0.00497	0.00746	0.00311	0.00311
32	0.01372	0.00669	0.00896	0.00764	0.00997	0.00598	0.00605	0.01596	0.01451	0.33485	0.44939	0.03042	0.03326	0.00892	0.00572	0.00163	0.00329	0.03072	0.00591	0.00643
33	0.01174	0.25031	0.54743	0.01277	0.01931	0.01411	0.01566	0.01633	0.01086	0.04451	0.00904	0.01035	0.00676	0.00479	0.00444	0.00147	0.00687	0.00355	0.00233	0.00735
34	0.63138	0.01145	0.00962	0.00815	0.01153	0.03832	0.00669	0.19334	0.01255	0.02487	0.00839	0.00930	0.00634	0.00511	0.00368	0.00157	0.00454	0.00323	0.00362	0.00632
35	0.00660	0.00478	0.00632	0.00742	0.00798	0.00449	0.00534	0.00779	0.01032	0.01356	0.02977	0.62421	0.08665	0.01551	0.00661	0.00211	0.00327	0.14823	0.00476	0.00428
36	0.01163	0.01423	0.16469	0.20862	0.02460	0.02523	0.26532	0.06131	0.01228	0.04020	0.05636	0.01621	0.01069	0.00570	0.00588	0.00172	0.03211	0.03362	0.00296	0.00665
37	0.01063	0.01008	0.01710	0.56384	0.27145	0.01165	0.01472	0.01394	0.01071	0.01426	0.00929	0.01337	0.00724	0.00495	0.00511	0.00165	0.00661	0.00456	0.00236	0.00646
38	0.03602	0.00831	0.01147	0.01044	0.01087	0.01080	0.00833	0.01063	0.00835	0.01272	0.03415	0.09258	0.01303	0.07089	0.24033	0.00409	0.40317	0.00602	0.00281	0.00499
39	0.08353	0.00606	0.00653	0.00624	0.00690	0.00626	0.00392	0.03827	0.03202	0.03714	0.01587	0.05347	0.01731	0.64170	0.02139	0.00425	0.00480	0.00703	0.00341	0.00390
40	0.13910	0.01193	0.01556	0.20284	0.04432	0.07614	0.11720	0.08372	0.02486	0.01759	0.00923	0.01177	0.00725	0.00515	0.00559	0.00152	0.06763	0.00416	0.00293	0.15151
41	0.00909	0.00657	0.00820	0.00803	0.00908	0.00684	0.00586	0.10447	0.03129	0.03374	0.16595	0.41364	0.02926	0.05587	0.00834	0.02846	0.05500	0.01057	0.00469	0.00504
42	0.41053	0.00978	0.00904	0.00810	0.01080	0.02524	0.00638	0.14770	0.07168	0.02191	0.01486	0.17784	0.03576	0.00775	0.00450	0.00168	0.00412	0.00603	0.00404	0.02226

[dist]
# distance from previous block
# <min> <max>
0	2

[block]
# block no. 7 follows, 48 sequences, length 33
# corresponding to MSA columns:
# 1135-1164,1170-1172
name=unknown_H
#
# <colnr> <probs for GDERKNQSTAVLIFYWHMCP>
#	G	D	E	R	K	N	Q	S	T	A	V	L	I	F	Y	W	H	M	C	P
0	0.01516	0.19090	0.01891	0.03031	0.01647	0.29571	0.13565	0.07940	0.01370	0.03278	0.08006	0.01342	0.01118	0.00683	0.03649	0.00168	0.00743	0.00445	0.00310	0.00638
1	0.00669	0.00480	0.00597	0.00649	0.00732	0.00440	0.00456	0.00813	0.01137	0.01548	0.21951	0.44160	0.16246	0.01350	0.00615	0.00185	0.00274	0.01199	0.06057	0.00440
2	0.04816	0.12452	0.33596	0.01329	0.04187	0.15288	0.03462	0.09643	0.01311	0.07871	0.00988	0.01094	0.00731	0.00511	0.00465	0.00149	0.00699	0.00381	0.00296	0.00729
3	0.01083	0.01018	0.01597	0.61911	0.12731	0.02981	0.01392	0.04808	0.02973	0.01461	0.00954	0.01347	0.00729	0.00524	0.00538	0.00168	0.02456	0.00456	0.00252	0.00620
4	0.00827	0.00591	0.00827	0.00945	0.01063	0.00591	0.00827	0.01063	0.01181	0.01536	0.02717	0.05788	0.02953	0.01417	0.00709	0.00236	0.00472	0.75313	0.00472	0.00472
5	0.00746	0.00497	0.00560	0.00560	0.00560	0.00497	0.00311	0.00746	0.00746	0.00995	0.01617	0.03358	0.01865	0.81967	0.02612	0.00497	0.00497	0.00746	0.00311	0.00311
6	0.01064	0.00912	0.01064	0.00760	0.01216	0.00684	0.00608	0.01292	0.01064	0.01672	0.00912	0.01064	0.00760	0.00380	0.00380	0.00076	0.00380	0.00304	0.00304	0.85104
7	0.00988	0.00932	0.01574	0.75715	0.08401	0.01145	0.01435	0.01328	0.01035	0.01335	0.00915	0.01362	0.00692	0.00509	0.00513	0.00170	0.00679	0.00456	0.00230	0.00586
8	0.00635	0.00454	0.00604	0.00708	0.00746	0.00423	0.00477	0.00738	0.01026	0.01379	0.09848	0.74415	0.03528	0.01556	0.00650	0.00204	0.00293	0.01409	0.00485	0.00423
9	0.01316	0.10269	0.01807	0.20246	0.04970	0.04276	0.16020	0.08407	0.03128	0.10273	0.04661	0.06235	0.01207	0.00711	0.02709	0.00180	0.00639	0.01934	0.00349	0.00664
10	0.01323	0.46151	0.25234	0.01158	0.01688	0.04332	0.06094	0.03631	0.01129	0.03806	0.00852	0.00979	0.00688	0.00467	0.00409	0.00133	0.00641	0.00341	0.00243	0.00700
11	0.00625	0.00447	0.00595	0.00714	0.00744	0.00417	0.00476	0.00714	0.00982	0.01310	0.02828	0.81633	0.03394	0.01608	0.00655	0.00208	0.00298	0.01459	0.00476	0.00417
12	0.01004	0.00801	0.00888	0.00842	0.01039	0.00865	0.00647	0.01735	0.38861	0.01692	0.02721	0.02963	0.20770	0.01094	0.00807	0.14332	0.00382	0.07511	0.00456	0.00588
13	0.01392	0.32802	0.32646	0.01163	0.01712	0.05970	0.01285	0.08256	0.01235	0.07752	0.00949	0.01041	0.00723	0.00494	0.00430	0.00140	0.00645	0.00354	0.00280	0.00730
14	0.00621	0.00485	0.00565	0.00628	0.00728	0.00429	0.00444	0.00734	0.01076	0.01352	0.03949	0.43322	0.39039	0.01457	0.00633	0.00192	0.00284	0.03158	0.00476	0.00426
15	0.01123	0.01123	0.01572	0.01347	0.01347	0.01572	0.01123	0.01235	0.00786	0.01235	0.00674	0.01123	0.00674	0.00898	0.01684	0.00225	0.81028	0.00449	0.00225	0.00561
16	0.01013	0.00612	0.00757	0.00759	0.00894	0.00593	0.00550	0.01289	0.10205	0.14391	0.02597	0.40525	0.07472	0.08610	0.00781	0.00217	0.00354	0.03827	0.04018	0.00536
17	0.15630	0.08352	0.08354	0.15568	0.09349	0.01171	0.01033	0.08850	0.03077	0.13872	0.01144	0.01288	0.00845	0.00560	0.00497	0.01686	0.01813	0.00417	0.05807	0.00686
18	0.00710	0.00482	0.00570	0.00606	0.00615	0.00473	0.00360	0.00737	0.00817	0.01089	0.01980	0.26826	0.02324	0.57874	0.02025	0.00411	0.00438	0.00960	0.00360	0.00343
19	0.00625	0.00447	0.00595	0.00714	0.00744	0.00417	0.00476	0.00714	0.00982	0.01310	0.02828	0.81633	0.03394	0.01608	0.00655	0.00208	0.00298	0.01459	0.00476	0.00417
20	0.04575	0.01094	0.01633	0.12128	0.13038	0.01163	0.10526	0.16509	0.01400	0.16974	0.01345	0.07939	0.01082	0.00660	0.00629	0.00170	0.07452	0.00563	0.00395	0.00725
21	0.01203	0.01116	0.01929	0.22182	0.44995	0.01178	0.07995	0.01509	0.01127	0.04448	0.01044	0.03804	0.00869	0.00529	0.00570	0.00164	0.03847	0.00503	0.00268	0.00722
22	0.00625	0.00447	0.00595	0.00714	0.00744	0.00417	0.00476	0.00714	0.00982	0.01310	0.02828	0.81633	0.03394	0.01608	0.00655	0.00208	0.00298	0.01459	0.00476	0.00417
23	0.00988	0.00938	0.01605	0.75402	0.06319	0.01148	0.03767	0.01331	0.01037	0.01335	0.00918	0.01365	0.00692	0.00508	0.00516	0.00170	0.00687	0.00461	0.00230	0.00583
24	0.01270	0.01160	0.04925	0.10963	0.16259	0.03950	0.20506	0.01596	0.03316	0.11546	0.01371	0.11482	0.01185	0.00665	0.00617	0.00171	0.05404	0.00624	0.02311	0.00679
25	0.01048	0.00983	0.01659	0.58541	0.23269	0.01146	0.01441	0.01378	0.01065	0.01420	0.00943	0.01354	0.00732	0.00500	0.00508	0.00165	0.00655	0.00457	0.02105	0.00632
26	0.01211	0.01384	0.03028	0.02163	0.02682	0.01298	0.76903	0.01644	0.01211	0.01644	0.01038	0.01384	0.00779	0.00433	0.00606	0.00173	0.00865	0.00606	0.00260	0.00692
27	0.01337	0.01229	0.01643	0.40745	0.17641	0.11198	0.02790	0.09475	0.01284	0.06305	0.01011	0.01302	0.00763	0.00521	0.00508	0.00160	0.00676	0.00447	0.00293	0.00673
28	0.01384	0.01886	0.44198	0.01338	0.04908	0.01070	0.02750	0.04339	0.03387	0.21222	0.03193	0.03672	0.01030	0.00589	0.00538	0.00164	0.02725	0.00475	0.00359	0.00772
29	0.07232	0.01575	0.01579	0.03229	0.03066	0.26591	0.09432	0.14540	0.01462	0.15519	0.01100	0.01207	0.00816	0.00588	0.00627	0.00159	0.09779	0.00432	0.00369	0.00699
30	0.01187	0.00912	0.01094	0.00841	0.01204	0.00808	0.00670	0.05914	0.03936	0.07963	0.01141	0.02692	0.00957	0.04116	0.05765	0.00169	0.05676	0.00404	0.00347	0.54204
31	0.00875	0.00644	0.00787	0.04522	0.00981	0.02633	0.00571	0.01149	0.04181	0.06244	0.54385	0.03554	0.11804	0.00994	0.00587	0.00163	0.00309	0.02691	0.00526	0.02402
32	0.00718	0.00524	0.00675	0.00637	0.00762	0.00481	0.00478	0.00953	0.01433	0.02012	0.73510	0.03908	0.09856	0.01066	0.00605	0.00162	0.00243	0.00938	0.00559	0.00481

[dist]
# distance from previous block
# <min> <max>
0	1

[block]
# block no. 8 follows, 48 sequences, length 15
# corresponding to MSA columns:
# 1174-1188
name=unknown_I
#
# <colnr> <probs for GDERKNQSTAVLIFYWHMCP>
#	G	D	E	R	K	N	Q	S	T	A	V	L	I	F	Y	W	H	M	C	P
0	0.01367	0.20403	0.08353	0.00946	0.01348	0.03725	0.00857	0.11652	0.11247	0.06973	0.01230	0.02671	0.00980	0.01851	0.00464	0.00134	0.00492	0.00415	0.06367	0.18524
1	0.07593	0.01243	0.01310	0.01079	0.01424	0.01403	0.00870	0.39908	0.31769	0.02670	0.01535	0.01498	0.01136	0.00751	0.03300	0.00186	0.00519	0.00498	0.00494	0.00812
2	0.00613	0.00520	0.00529	0.00526	0.00697	0.00436	0.00395	0.00749	0.01185	0.01422	0.09091	0.04879	0.74643	0.01286	0.00606	0.00173	0.00259	0.01075	0.00481	0.00436
3	0.15468	0.00915	0.01127	0.00883	0.01260	0.00859	0.00728	0.06747	0.01430	0.60106	0.04033	0.01632	0.01239	0.00621	0.00487	0.00159	0.00432	0.00487	0.00575	0.00811
4	0.01396	0.78750	0.02634	0.00898	0.01329	0.05470	0.00883	0.01559	0.01061	0.01209	0.00717	0.00828	0.00659	0.00443	0.00335	0.00111	0.00565	0.00277	0.00221	0.00656
5	0.00658	0.00586	0.00561	0.00554	0.00728	0.03151	0.00415	0.00794	0.01194	0.01418	0.08991	0.04742	0.71932	0.01260	0.00601	0.00171	0.00282	0.01049	0.00474	0.00441
6	0.00625	0.00447	0.00595	0.00714	0.00744	0.00417	0.00476	0.00714	0.00982	0.01310	0.02828	0.81633	0.03394	0.01608	0.00655	0.00208	0.00298	0.01459	0.00476	0.00417
7	0.00932	0.00688	0.06290	0.00760	0.00927	0.00539	0.00609	0.01113	0.01172	0.12949	0.17754	0.39955	0.08519	0.01211	0.00597	0.00182	0.00335	0.01071	0.03872	0.00525
8	0.01266	0.42338	0.35506	0.01150	0.01725	0.01639	0.01322	0.06946	0.01158	0.01531	0.00839	0.00964	0.00670	0.00472	0.00410	0.00136	0.00640	0.00333	0.00239	0.00717
9	0.01182	0.01147	0.04576	0.01577	0.04052	0.01066	0.40183	0.01628	0.10308	0.06972	0.03145	0.01928	0.01225	0.17498	0.01001	0.00239	0.00679	0.00622	0.00333	0.00640
10	0.00746	0.00497	0.00560	0.00560	0.00560	0.00497	0.00311	0.00746	0.00746	0.00995	0.01617	0.03358	0.01865	0.81967	0.02612	0.00497	0.00497	0.00746	0.00311	0.00311
11	0.01978	0.01303	0.01444	0.01111	0.01506	0.01401	0.00913	0.60773	0.02184	0.17278	0.01391	0.01395	0.00978	0.03195	0.00580	0.00166	0.00539	0.00481	0.00530	0.00855
12	0.36624	0.05016	0.01024	0.00859	0.02426	0.08141	0.00667	0.04695	0.01065	0.04804	0.01188	0.14328	0.01133	0.00774	0.02686	0.00173	0.03017	0.00514	0.00348	0.10519
13	0.02680	0.08551	0.29845	0.01153	0.01627	0.01083	0.04653	0.01555	0.03533	0.09249	0.01357	0.06012	0.03566	0.00644	0.00571	0.00156	0.06271	0.03714	0.00320	0.13460
14	0.06102	0.01589	0.03736	0.04050	0.09833	0.25367	0.05523	0.12000	0.03552	0.12922	0.01089	0.01212	0.00822	0.00583	0.00619	0.00158	0.09356	0.00427	0.00353	0.00705

[dist]
# distance from previous block
# <min> <max>
0	1

[block]
# block no. 9 follows, 48 sequences, length 25
# corresponding to MSA columns:
# 1190-1197,1199-1215
name=unknown_J
#
# <colnr> <probs for GDERKNQSTAVLIFYWHMCP>
#	G	D	E	R	K	N	Q	S	T	A	V	L	I	F	Y	W	H	M	C	P
0	0.01226	0.01240	0.08369	0.01495	0.01874	0.01141	0.31587	0.04835	0.10004	0.07978	0.04018	0.03965	0.02528	0.00905	0.07703	0.00232	0.07802	0.00591	0.00347	0.02161
1	0.03472	0.01049	0.01592	0.37126	0.19017	0.03452	0.03485	0.04338	0.01127	0.05714	0.01017	0.01347	0.00789	0.00551	0.00610	0.00166	0.08295	0.00456	0.05749	0.00647
2	0.00696	0.00497	0.00676	0.00795	0.00856	0.00477	0.00599	0.00836	0.01052	0.01389	0.02789	0.55158	0.03240	0.01541	0.00674	0.00218	0.00359	0.27239	0.00475	0.00436
3	0.01208	0.01153	0.01946	0.19095	0.61177	0.01204	0.01523	0.01551	0.03191	0.01614	0.00984	0.01307	0.00806	0.00475	0.00509	0.00157	0.00619	0.00460	0.00256	0.00763
4	0.01620	0.03547	0.01335	0.05330	0.01481	0.03537	0.00870	0.44231	0.03852	0.09379	0.01609	0.17864	0.01424	0.00811	0.00536	0.00165	0.00510	0.00666	0.00486	0.00746
5	0.02172	0.00844	0.01149	0.00891	0.01265	0.00732	0.00732	0.02374	0.01467	0.72736	0.08361	0.01919	0.01566	0.00669	0.00523	0.00159	0.00420	0.00550	0.00629	0.00841
6	0.00733	0.00550	0.00825	0.00825	0.00916	0.00641	0.00641	0.00916	0.00825	0.01191	0.01374	0.02016	0.01283	0.03848	0.79934	0.00825	0.01374	0.00550	0.00275	0.00458
7	0.85592	0.00992	0.00754	0.00675	0.00992	0.01151	0.00556	0.01508	0.00873	0.02302	0.00714	0.00834	0.00556	0.00476	0.00318	0.00159	0.00397	0.00278	0.00318	0.00556
8	0.01061	0.09968	0.72271	0.01409	0.02138	0.01269	0.01802	0.01617	0.01080	0.01587	0.00902	0.01059	0.00651	0.00483	0.00473	0.00158	0.00739	0.00370	0.00217	0.00749
9	0.00746	0.00497	0.00560	0.00560	0.00560	0.00497	0.00311	0.00746	0.00746	0.00995	0.01617	0.03358	0.01865	0.81967	0.02612	0.00497	0.00497	0.00746	0.00311	0.00311
10	0.00956	0.00478	0.00478	0.00478	0.00598	0.00478	0.00359	0.01196	0.01076	0.01913	0.01674	0.01913	0.01315	0.00598	0.00359	0.00120	0.00239	0.00478	0.84816	0.00478
11	0.02029	0.01311	0.01462	0.01121	0.01528	0.01404	0.00926	0.60355	0.02201	0.20234	0.01409	0.01347	0.00962	0.00620	0.00514	0.00155	0.00536	0.00474	0.00541	0.00873
12	0.01315	0.01477	0.01589	0.48571	0.02803	0.28860	0.05331	0.01588	0.01187	0.01309	0.00877	0.01213	0.00681	0.00514	0.00500	0.00157	0.00779	0.00420	0.00242	0.00585
13	0.01105	0.01096	0.01537	0.01323	0.01327	0.01529	0.01100	0.01220	0.00788	0.01233	0.00706	0.01164	0.00702	0.01034	0.05286	0.00252	0.77362	0.00454	0.00227	0.00557
14	0.00969	0.00912	0.01539	0.80734	0.03534	0.01140	0.01425	0.01311	0.01026	0.01311	0.00912	0.01368	0.00684	0.00513	0.00513	0.00171	0.00684	0.00456	0.00228	0.00570
15	0.01429	0.48164	0.07637	0.01002	0.01422	0.04747	0.00954	0.14491	0.08883	0.01675	0.00985	0.01076	0.00812	0.00653	0.03939	0.00160	0.00603	0.00358	0.00303	0.00706
16	0.02302	0.00873	0.01191	0.00913	0.01310	0.00754	0.00754	0.02501	0.01469	0.79122	0.02024	0.01746	0.01270	0.00635	0.00516	0.00159	0.00437	0.00516	0.00635	0.00873
17	0.00689	0.00503	0.00648	0.00654	0.00754	0.00462	0.00474	0.00881	0.01303	0.01801	0.52071	0.24848	0.10561	0.01220	0.00619	0.00175	0.00259	0.01084	0.00534	0.00462
18	0.01236	0.31895	0.44104	0.01231	0.01831	0.06555	0.01439	0.03592	0.01127	0.01490	0.00844	0.00981	0.00660	0.00476	0.00428	0.00141	0.00687	0.00340	0.00229	0.00714
19	0.01104	0.00791	0.01106	0.00941	0.01164	0.00791	0.08800	0.02807	0.12178	0.12931	0.20077	0.08860	0.14507	0.04290	0.00726	0.00189	0.04665	0.02991	0.00483	0.00600
20	0.00737	0.00532	0.00737	0.00737	0.00798	0.00594	0.00532	0.00860	0.00799	0.01126	0.01455	0.02461	0.01476	0.29750	0.54297	0.00716	0.01084	0.00615	0.00287	0.00409
21	0.01270	0.01219	0.02083	0.03149	0.78767	0.01219	0.01575	0.01575	0.01168	0.01676	0.00965	0.01270	0.00813	0.00457	0.00508	0.00152	0.00610	0.00457	0.00254	0.00813
22	0.01053	0.08658	0.12187	0.01026	0.01299	0.01010	0.05142	0.07964	0.03119	0.03595	0.01335	0.06801	0.01201	0.04204	0.29241	0.00410	0.05179	0.00550	0.05436	0.00589
23	0.00898	0.00654	0.00962	0.00867	0.01014	0.00715	0.06912	0.04451	0.01008	0.01536	0.03055	0.01915	0.01291	0.02396	0.44339	0.00518	0.03109	0.00536	0.23316	0.00505
24	0.00853	0.00727	0.04585	0.00957	0.01122	0.00643	0.10041	0.01083	0.02570	0.02896	0.02202	0.31135	0.02361	0.06830	0.03769	0.00240	0.00481	0.17425	0.09585	0.00496

[dist]
# distance from previous block
# <min> <max>
1	3

[block]
# block no. 10 follows, 48 sequences, length 50
# corresponding to MSA columns:
# 1227-1276
name=unknown_K
#
# <colnr> <probs for GDERKNQSTAVLIFYWHMCP>
#	G	D	E	R	K	N	Q	S	T	A	V	L	I	F	Y	W	H	M	C	P
0	0.01324	0.61468	0.19054	0.01024	0.01523	0.05500	0.01101	0.01579	0.01071	0.01299	0.00762	0.00884	0.00657	0.00454	0.00369	0.00122	0.00611	0.00299	0.00221	0.00677
1	0.04359	0.01076	0.01413	0.03982	0.01557	0.04208	0.11512	0.04411	0.08542	0.15173	0.01234	0.01312	0.00918	0.00485	0.00460	0.00125	0.00502	0.00421	0.00379	0.37931
2	0.01090	0.04787	0.01572	0.57331	0.05044	0.01215	0.02731	0.05916	0.10390	0.01552	0.02777	0.01452	0.00897	0.00546	0.00509	0.00167	0.00629	0.00476	0.00288	0.00628
3	0.00730	0.00492	0.00568	0.00582	0.00589	0.00487	0.00337	0.00749	0.00798	0.01067	0.04122	0.13311	0.02150	0.69289	0.02302	0.00450	0.00464	0.00842	0.00340	0.00330
4	0.13917	0.00941	0.01139	0.00901	0.01265	0.00906	0.00738	0.12747	0.01494	0.52125	0.03543	0.05337	0.01296	0.00665	0.00496	0.00160	0.00438	0.00528	0.00564	0.00798
5	0.01072	0.01570	0.29469	0.42529	0.02894	0.01153	0.07418	0.01505	0.01082	0.05095	0.00977	0.01285	0.00707	0.00503	0.00511	0.00168	0.00713	0.00443	0.00245	0.00661
6	0.00782	0.00485	0.00587	0.00587	0.00587	0.00485	0.00344	0.00727	0.00727	0.00969	0.01437	0.02912	0.01624	0.62094	0.02461	0.21459	0.00485	0.00672	0.00289	0.00289
7	0.00707	0.00530	0.00691	0.00668	0.00791	0.00514	0.00507	0.00915	0.01247	0.01725	0.46551	0.03576	0.16864	0.01787	0.20267	0.00328	0.00526	0.00861	0.00478	0.00469
8	0.01105	0.01044	0.01766	0.49746	0.29596	0.01183	0.03381	0.03356	0.01116	0.01496	0.00942	0.01331	0.00736	0.00494	0.00514	0.00164	0.00660	0.00460	0.00245	0.00665
9	0.01125	0.01119	0.01723	0.03681	0.13681	0.01426	0.07351	0.01302	0.00892	0.01339	0.00823	0.02770	0.00780	0.00905	0.04281	0.00230	0.55241	0.00487	0.00239	0.00605
10	0.00956	0.00478	0.00478	0.00478	0.00598	0.00478	0.00359	0.01196	0.01076	0.01913	0.01674	0.01913	0.01315	0.00598	0.00359	0.00120	0.00239	0.00478	0.84816	0.00478
11	0.01090	0.01191	0.02526	0.01864	0.02282	0.01116	0.61148	0.01452	0.01164	0.01575	0.01407	0.17927	0.01318	0.00675	0.00616	0.00180	0.00748	0.00781	0.00304	0.00635
12	0.03049	0.01244	0.01752	0.01376	0.01752	0.05497	0.23581	0.08419	0.32009	0.11811	0.01612	0.03025	0.01200	0.00606	0.00541	0.00168	0.00586	0.00566	0.00439	0.00765
