[name]
unknown

[dist]
# distance from previous block
# <min> <max>
2	130

[block]
# block no. 0 follows, 68 sequences, length 13
# corresponding to MSA columns:
# 144-156
name=unknown_A
#
# <colnr> <probs for GDERKNQSTAVLIFYWHMCP>
#	G	D	E	R	K	N	Q	S	T	A	V	L	I	F	Y	W	H	M	C	P
0	0.02149	0.03411	0.11867	0.02995	0.07683	0.05440	0.00735	0.06022	0.09320	0.15467	0.07536	0.04964	0.05008	0.00524	0.00415	0.00118	0.03120	0.00426	0.04352	0.08448
1	0.07532	0.00937	0.03557	0.00930	0.08041	0.11302	0.06233	0.04521	0.07698	0.04574	0.00939	0.02713	0.01931	0.00587	0.05799	0.00138	0.02804	0.01531	0.02126	0.26105
2	0.00968	0.00993	0.16307	0.02626	0.08469	0.03745	0.01704	0.13073	0.07622	0.07246	0.16312	0.01459	0.01312	0.02361	0.01948	0.00132	0.00399	0.00421	0.08336	0.04565
3	0.01155	0.00650	0.00826	0.00680	0.00924	0.00598	0.02275	0.01479	0.15667	0.33626	0.07407	0.12544	0.03765	0.00598	0.00404	0.00119	0.00304	0.00511	0.00400	0.16068
4	0.00792	0.00748	0.01267	0.69864	0.17644	0.00892	0.01122	0.01051	0.00813	0.01065	0.00712	0.01043	0.00547	0.00388	0.00396	0.00129	0.00518	0.00353	0.00180	0.00475
5	0.00579	0.00392	0.00508	0.00558	0.00611	0.00374	0.00384	0.00711	0.04581	0.04889	0.11534	0.64141	0.02552	0.05492	0.00570	0.00165	0.00242	0.00987	0.00377	0.00354
6	0.00739	0.00370	0.00370	0.00370	0.00462	0.00370	0.00277	0.00924	0.00831	0.01478	0.01293	0.01478	0.01016	0.00462	0.00277	0.00092	0.00185	0.00370	0.88267	0.00370
7	0.00828	0.00873	0.04963	0.01007	0.01056	0.01095	0.03736	0.00948	0.00675	0.01030	0.06918	0.04345	0.00850	0.00697	0.01135	0.00166	0.68635	0.00407	0.00202	0.00435
8	0.00496	0.00399	0.00443	0.00450	0.00563	0.00347	0.00337	0.00613	0.00932	0.01170	0.18953	0.11501	0.56742	0.00994	0.00476	0.00137	0.00209	0.04515	0.00381	0.00342
9	0.00665	0.00529	0.00738	0.13707	0.03621	0.00549	0.02244	0.02076	0.03004	0.03270	0.36691	0.04928	0.14849	0.05722	0.00581	0.00147	0.04184	0.01747	0.00346	0.00401
10	0.00978	0.00947	0.01628	0.02289	0.72971	0.00949	0.07428	0.01268	0.05209	0.01312	0.00796	0.01014	0.00657	0.00361	0.00399	0.00120	0.00478	0.00367	0.00207	0.00621
11	0.00741	0.00514	0.00764	0.26626	0.01260	0.00578	0.00614	0.03296	0.05192	0.00993	0.05733	0.01375	0.00907	0.00927	0.00958	0.42757	0.00388	0.02703	0.03355	0.00320
12	0.01074	0.26153	0.17418	0.00902	0.07654	0.00992	0.00816	0.03649	0.04538	0.13964	0.00844	0.00897	0.00642	0.00374	0.00330	0.00099	0.00414	0.00287	0.00251	0.18701

[dist]
# distance from previous block
# <min> <max>
0	1

[block]
# block no. 1 follows, 68 sequences, length 15
# corresponding to MSA columns:
# 158-172
name=unknown_B
#
# <colnr> <probs for GDERKNQSTAVLIFYWHMCP>
#	G	D	E	R	K	N	Q	S	T	A	V	L	I	F	Y	W	H	M	C	P
0	0.01117	0.59611	0.01792	0.00784	0.01060	0.13966	0.00718	0.04363	0.00870	0.01002	0.00572	0.00689	0.00517	0.00399	0.00407	0.00100	0.11111	0.00241	0.00184	0.00498
1	0.00576	0.00388	0.00449	0.00449	0.00455	0.00393	0.00261	0.00587	0.00582	0.00781	0.01234	0.02510	0.01405	0.79290	0.08743	0.00405	0.00440	0.00564	0.00238	0.00250
2	0.01020	0.64982	0.15614	0.00762	0.01138	0.04534	0.00803	0.01204	0.00824	0.01005	0.00588	0.00681	0.00512	0.00346	0.00281	0.00091	0.00456	0.00228	0.00174	0.04758
3	0.88866	0.00767	0.00583	0.00521	0.00767	0.00889	0.00429	0.01166	0.00675	0.01779	0.00552	0.00644	0.00429	0.00368	0.00245	0.00123	0.00307	0.00215	0.00245	0.00429
4	0.00567	0.00422	0.00622	0.00622	0.00687	0.00487	0.00476	0.00698	0.00633	0.00909	0.01076	0.01637	0.01026	0.09321	0.78195	0.00618	0.01010	0.00436	0.00215	0.00345
5	0.88866	0.00767	0.00583	0.00521	0.00767	0.00889	0.00429	0.01166	0.00675	0.01779	0.00552	0.00644	0.00429	0.00368	0.00245	0.00123	0.00307	0.00215	0.00245	0.00429
6	0.00577	0.00384	0.00432	0.00432	0.00432	0.00384	0.00240	0.00577	0.00577	0.00769	0.01249	0.02595	0.01441	0.86066	0.02018	0.00384	0.00384	0.00577	0.00240	0.00240
7	0.01447	0.04749	0.01159	0.01010	0.01213	0.78913	0.00766	0.01549	0.01096	0.00969	0.00608	0.00717	0.00511	0.00416	0.00385	0.00104	0.03469	0.00257	0.00202	0.00460
8	0.00483	0.00345	0.00460	0.00552	0.00575	0.00322	0.00368	0.00552	0.00759	0.01012	0.02185	0.85807	0.02622	0.01242	0.00506	0.00161	0.00230	0.01127	0.00368	0.00322
9	0.00852	0.00845	0.01185	0.01020	0.01024	0.01178	0.00849	0.00942	0.00609	0.00952	0.00548	0.00902	0.00544	0.00810	0.05525	0.00197	0.81061	0.00351	0.00175	0.00430
10	0.03785	0.00743	0.00943	0.00734	0.01034	0.00699	0.00603	0.11657	0.07456	0.65754	0.01469	0.01294	0.00948	0.00490	0.00395	0.00123	0.00347	0.00393	0.00467	0.00665
11	0.00846	0.01829	0.63873	0.01130	0.01630	0.07708	0.08260	0.01242	0.00854	0.01208	0.00738	0.00902	0.00549	0.00574	0.06808	0.00163	0.00640	0.00315	0.00177	0.00554
12	0.00938	0.00892	0.01524	0.07197	0.69897	0.00900	0.03280	0.01174	0.00898	0.01269	0.00855	0.01273	0.00756	0.00416	0.00407	0.00124	0.00471	0.06926	0.00209	0.00593
13	0.62627	0.00851	0.00682	0.00605	0.00840	0.07680	0.00489	0.05931	0.04994	0.03935	0.03799	0.00971	0.02710	0.00436	0.00295	0.00123	0.00343	0.01952	0.00278	0.00457
14	0.00983	0.00957	0.01570	0.07275	0.76282	0.03507	0.01196	0.01216	0.00903	0.01269	0.00739	0.00978	0.00619	0.00358	0.00392	0.00118	0.00482	0.00350	0.00195	0.00612

[dist]
# distance from previous block
# <min> <max>
1	14

[block]
# block no. 2 follows, 68 sequences, length 48
# corresponding to MSA columns:
# 187-234
name=unknown_C
#
# <colnr> <probs for GDERKNQSTAVLIFYWHMCP>
#	G	D	E	R	K	N	Q	S	T	A	V	L	I	F	Y	W	H	M	C	P
0	0.86784	0.00757	0.00581	0.00521	0.00761	0.00877	0.00427	0.01150	0.00671	0.01753	0.00555	0.00657	0.00436	0.00392	0.00276	0.02209	0.00308	0.00218	0.00244	0.00423
1	0.00930	0.01052	0.02242	0.01616	0.01983	0.01021	0.75087	0.01243	0.00907	0.01243	0.00778	0.01052	0.00595	0.00365	0.00540	0.00137	0.08028	0.00457	0.00198	0.00526
2	0.00576	0.00415	0.00560	0.00557	0.00596	0.00460	0.00393	0.00656	0.00611	0.00856	0.01133	0.01988	0.01175	0.38351	0.47936	0.00522	0.02196	0.00488	0.00224	0.00307
3	0.00482	0.00402	0.00421	0.00416	0.00544	0.00341	0.00312	0.00596	0.00936	0.01148	0.15760	0.03689	0.71640	0.00976	0.00468	0.00133	0.00199	0.00819	0.00378	0.00341
4	0.88866	0.00767	0.00583	0.00521	0.00767	0.00889	0.00429	0.01166	0.00675	0.01779	0.00552	0.00644	0.00429	0.00368	0.00245	0.00123	0.00307	0.00215	0.00245	0.00429
5	0.00992	0.00964	0.01561	0.02311	0.77464	0.03719	0.01171	0.01220	0.00907	0.01284	0.00740	0.00966	0.00622	0.00353	0.00387	0.00115	0.00472	0.00345	0.00198	0.04209
6	0.00561	0.00405	0.00530	0.00499	0.00592	0.00374	0.00374	0.00748	0.01122	0.01590	0.83383	0.02962	0.03741	0.00811	0.00468	0.00125	0.00187	0.00717	0.00436	0.00374
7	0.01051	0.83487	0.04818	0.00694	0.01041	0.01547	0.00705	0.01190	0.00807	0.00944	0.00557	0.00643	0.00509	0.00340	0.00258	0.00086	0.00429	0.00215	0.00170	0.00511
8	0.00923	0.19189	0.44833	0.05018	0.02959	0.00981	0.01088	0.02436	0.00881	0.07252	0.05286	0.00964	0.00728	0.00398	0.00355	0.00113	0.00488	0.00309	0.00214	0.05587
9	0.60553	0.06349	0.00855	0.00724	0.03912	0.18343	0.01881	0.01257	0.00789	0.01532	0.00576	0.00678	0.00461	0.00374	0.00278	0.00116	0.00411	0.00232	0.00230	0.00450
10	0.01507	0.01111	0.01190	0.00912	0.01230	0.01230	0.00754	0.82270	0.01864	0.02499	0.00952	0.00952	0.00674	0.00476	0.00397	0.00119	0.00436	0.00357	0.00397	0.00674
11	0.00822	0.00705	0.00822	0.00587	0.00940	0.00529	0.00470	0.00998	0.00822	0.01292	0.00705	0.00822	0.00587	0.00294	0.00294	0.00059	0.00294	0.00235	0.00235	0.88490
12	0.01719	0.00771	0.00979	0.00751	0.01060	0.00725	0.00620	0.19607	0.01295	0.65966	0.01430	0.01262	0.00914	0.00487	0.00398	0.00122	0.00359	0.00390	0.00470	0.00675
13	0.00827	0.05285	0.64511	0.01201	0.01734	0.00953	0.16081	0.01244	0.00853	0.01241	0.00745	0.02206	0.00554	0.00381	0.00390	0.00126	0.00589	0.00335	0.00177	0.00569
14	0.01579	0.00771	0.02033	0.00783	0.01080	0.00720	0.03948	0.13777	0.05413	0.57930	0.04321	0.01378	0.01038	0.00506	0.00417	0.00125	0.01454	0.01631	0.00449	0.00647
15	0.01760	0.00705	0.00939	0.00720	0.01027	0.00627	0.00595	0.07464	0.01185	0.78265	0.01522	0.01322	0.00960	0.00490	0.00399	0.00122	0.00344	0.00396	0.00484	0.00675
16	0.88866	0.00767	0.00583	0.00521	0.00767	0.00889	0.00429	0.01166	0.00675	0.01779	0.00552	0.00644	0.00429	0.00368	0.00245	0.00123	0.00307	0.00215	0.00245	0.00429
17	0.00483	0.00345	0.00460	0.00552	0.00575	0.00322	0.00368	0.00552	0.00759	0.01012	0.02185	0.85807	0.02622	0.01242	0.00506	0.00161	0.00230	0.01127	0.00368	0.00322
18	0.00858	0.00811	0.01373	0.44749	0.40753	0.00901	0.01142	0.01107	0.00845	0.01154	0.00734	0.01029	0.00584	0.00377	0.00393	0.00125	0.00496	0.00353	0.01690	0.00528
19	0.00888	0.01390	0.33178	0.09424	0.03169	0.00954	0.36346	0.02315	0.04677	0.02598	0.00809	0.01000	0.00592	0.00370	0.00420	0.00130	0.00596	0.00385	0.00202	0.00555
20	0.79207	0.00891	0.00643	0.00577	0.00818	0.10129	0.00467	0.01212	0.00724	0.01690	0.00559	0.00652	0.00438	0.00373	0.00258	0.00120	0.00352	0.00219	0.00241	0.00433
21	0.01043	0.83268	0.02027	0.00677	0.01007	0.01531	0.00672	0.01170	0.00800	0.00932	0.00569	0.00669	0.00526	0.00432	0.03233	0.00104	0.00447	0.00220	0.00171	0.00503
22	0.00751	0.00708	0.01190	0.83213	0.02693	0.00888	0.01096	0.01012	0.00789	0.01012	0.00701	0.01053	0.00528	0.00403	0.00417	0.00133	0.02445	0.00352	0.00176	0.00440
23	0.00469	0.00402	0.00402	0.00402	0.00536	0.00335	0.00301	0.00569	0.00904	0.01071	0.04017	0.03816	0.83432	0.01004	0.00469	0.00134	0.00201	0.00837	0.00368	0.00335
24	0.00486	0.00386	0.00436	0.00458	0.00555	0.00337	0.00330	0.00589	0.00894	0.01127	0.14637	0.26782	0.49497	0.01044	0.00479	0.00140	0.00207	0.00902	0.00378	0.00337
25	0.00802	0.02003	0.80066	0.01156	0.01733	0.00925	0.05363	0.01256	0.00842	0.01256	0.00716	0.00848	0.00507	0.00375	0.00381	0.00126	0.00590	0.00301	0.00169	0.00583
26	0.00561	0.00405	0.00530	0.00499	0.00592	0.00374	0.00374	0.00748	0.01122	0.01590	0.83383	0.02962	0.03741	0.00811	0.00468	0.00125	0.00187	0.00717	0.00436	0.00374
27	0.01461	0.05968	0.01170	0.01005	0.01216	0.80468	0.00762	0.01564	0.01108	0.00969	0.00610	0.00711	0.00511	0.00405	0.00353	0.00101	0.00701	0.00253	0.00203	0.00462
28	0.63600	0.03641	0.16619	0.00668	0.00986	0.00939	0.00656	0.06524	0.00788	0.01700	0.00609	0.00701	0.00462	0.00376	0.00281	0.00122	0.00372	0.00239	0.00238	0.00478
29	0.00687	0.00683	0.08533	0.00725	0.02791	0.00592	0.04223	0.00915	0.04227	0.04109	0.37470	0.02463	0.17858	0.00745	0.00553	0.00134	0.10365	0.02150	0.00350	0.00427
30	0.01411	0.12668	0.01245	0.00923	0.01181	0.47916	0.00734	0.20624	0.01244	0.03566	0.00715	0.00783	0.00565	0.00413	0.00352	0.00102	0.00582	0.00277	0.00254	0.04446
31	0.00473	0.00402	0.00408	0.00406	0.00538	0.00337	0.00305	0.00577	0.00914	0.01095	0.07676	0.03776	0.79758	0.00995	0.00469	0.00133	0.00200	0.00831	0.00371	0.00337
32	0.11057	0.05024	0.04343	0.00742	0.01018	0.07987	0.00625	0.09974	0.07413	0.38746	0.01193	0.01185	0.00840	0.04408	0.00455	0.00132	0.01557	0.00359	0.02361	0.00584
33	0.18264	0.09791	0.01168	0.00890	0.01144	0.37868	0.06063	0.06347	0.06402	0.07440	0.00764	0.00829	0.00592	0.00408	0.00341	0.00111	0.00533	0.00287	0.00254	0.00504
34	0.00830	0.06415	0.70424	0.01252	0.10843	0.00958	0.01395	0.01248	0.00843	0.01243	0.00707	0.00843	0.00517	0.00372	0.00372	0.00123	0.00564	0.00295	0.00171	0.00587
35	0.01141	0.01052	0.00968	0.00846	0.01077	0.15329	0.00660	0.16160	0.50180	0.01686	0.05624	0.01333	0.01128	0.00519	0.00398	0.00126	0.00398	0.00413	0.00370	0.00594
36	0.00867	0.00867	0.01214	0.01041	0.01041	0.01214	0.00867	0.00954	0.00607	0.00954	0.00520	0.00867	0.00520	0.00694	0.01301	0.00173	0.85340	0.00347	0.00173	0.00434
37	0.01049	0.01034	0.01558	0.02228	0.71368	0.08155	0.02295	0.05165	0.00969	0.01325	0.00745	0.00958	0.00620	0.00364	0.00391	0.00117	0.00493	0.00347	0.00207	0.00614
38	0.00934	0.01074	0.04154	0.01702	0.09112	0.01003	0.70351	0.01254	0.00919	0.01261	0.00785	0.01049	0.00599	0.00350	0.00489	0.00134	0.03643	0.00450	0.00198	0.00540
39	0.00561	0.00405	0.00530	0.00499	0.00592	0.00374	0.00374	0.00748	0.01122	0.01590	0.83383	0.02962	0.03741	0.00811	0.00468	0.00125	0.00187	0.00717	0.00436	0.00374
40	0.00561	0.00405	0.00530	0.00499	0.00592	0.00374	0.00374	0.00748	0.01122	0.01590	0.83383	0.02962	0.03741	0.00811	0.00468	0.00125	0.00187	0.00717	0.00436	0.00374
41	0.01037	0.03924	0.31307	0.01171	0.01596	0.00888	0.28082	0.04938	0.00962	0.15149	0.00949	0.03021	0.00694	0.00409	0.00407	0.00126	0.00535	0.00392	0.03844	0.00570
42	0.00762	0.00671	0.01112	0.69190	0.05552	0.00808	0.01003	0.00999	0.00805	0.03874	0.00908	0.10904	0.00791	0.00496	0.00409	0.00135	0.00485	0.00444	0.00210	0.00442
43	0.00469	0.00402	0.00402	0.00402	0.00536	0.00335	0.00301	0.00569	0.00904	0.01071	0.04017	0.03816	0.83432	0.01004	0.00469	0.00134	0.00201	0.00837	0.00368	0.00335
44	0.00973	0.00993	0.05408	0.02374	0.79818	0.00941	0.01228	0.01219	0.00900	0.01294	0.00744	0.00975	0.00622	0.00354	0.00392	0.00118	0.00476	0.00350	0.00195	0.00626
45	0.02740	0.00870	0.09950	0.00868	0.05103	0.00696	0.03580	0.06386	0.03917	0.55537	0.01471	0.01352	0.04683	0.00489	0.00400	0.00124	0.00381	0.00404	0.00414	0.00637
46	0.04889	0.00590	0.03293	0.08686	0.00880	0.04575	0.02500	0.00778	0.00852	0.01142	0.17175	0.10613	0.19974	0.17099	0.00757	0.00183	0.01489	0.03857	0.00311	0.00359
47	0.02266	0.00811	0.00972	0.00740	0.02250	0.01841	0.03136	0.16728	0.02221	0.16724	0.00923	0.00959	0.00683	0.00373	0.00341	0.00088	0.00349	0.00300	0.00313	0.47981

[dist]
# distance from previous block
# <min> <max>
0	16

[block]
# block no. 3 follows, 68 sequences, length 21
# corresponding to MSA columns:
# 251-271
name=unknown_D
#
# <colnr> <probs for GDERKNQSTAVLIFYWHMCP>
#	G	D	E	R	K	N	Q	S	T	A	V	L	I	F	Y	W	H	M	C	P
0	0.10171	0.17324	0.08411	0.00861	0.01131	0.35599	0.00745	0.09321	0.02920	0.02493	0.00708	0.00798	0.00568	0.00409	0.00351	0.00107	0.02399	0.00271	0.04914	0.00499
1	0.00817	0.11312	0.61348	0.04738	0.01591	0.00969	0.02296	0.01223	0.03022	0.01218	0.03673	0.00939	0.00653	0.00466	0.02591	0.00136	0.01956	0.00312	0.00186	0.00555
2	0.00947	0.00704	0.00786	0.00702	0.00896	0.00770	0.00546	0.01705	0.51380	0.09498	0.21663	0.01831	0.01801	0.00597	0.00413	0.00129	0.00279	0.00506	0.04288	0.00559
3	0.00913	0.01021	0.12081	0.26056	0.43062	0.00936	0.01174	0.04763	0.03829	0.01274	0.00770	0.01001	0.00606	0.00381	0.00392	0.00124	0.00495	0.00349	0.00203	0.00570
4	0.00483	0.00345	0.00460	0.00552	0.00575	0.00322	0.00368	0.00552	0.00759	0.01012	0.02185	0.85807	0.02622	0.01242	0.00506	0.00161	0.00230	0.01127	0.00368	0.00322
5	0.00483	0.00345	0.00460	0.00552	0.00575	0.00322	0.00368	0.00552	0.00759	0.01012	0.02185	0.85807	0.02622	0.01242	0.00506	0.00161	0.00230	0.01127	0.00368	0.00322
6	0.00542	0.00397	0.00508	0.00496	0.00584	0.00364	0.00366	0.00705	0.01055	0.01465	0.65146	0.13457	0.11669	0.00884	0.00473	0.00130	0.00194	0.00781	0.00421	0.00364
7	0.00594	0.00417	0.00511	0.00482	0.00597	0.00372	0.00363	0.00752	0.01054	0.05528	0.55028	0.04520	0.26594	0.00858	0.00465	0.00128	0.00199	0.00743	0.00418	0.00377
8	0.01111	0.67985	0.01844	0.00705	0.01025	0.01371	0.02657	0.01277	0.03641	0.10306	0.00777	0.04392	0.00678	0.00401	0.00292	0.00095	0.00408	0.00286	0.00223	0.00524
9	0.00951	0.03539	0.01087	0.05268	0.02733	0.04253	0.11493	0.04988	0.02319	0.09383	0.11282	0.05427	0.01131	0.00456	0.00375	0.00100	0.00377	0.00405	0.00290	0.34142
10	0.01034	0.15732	0.25934	0.07910	0.08431	0.03453	0.05054	0.01300	0.00912	0.15251	0.06179	0.01066	0.00816	0.00419	0.00385	0.00116	0.01866	0.00341	0.00249	0.03553
11	0.17561	0.13354	0.03322	0.04273	0.01047	0.00843	0.00602	0.07370	0.02122	0.27644	0.04659	0.01054	0.00823	0.00423	0.00336	0.00108	0.00353	0.00320	0.00327	0.13458
12	0.10893	0.38513	0.06752	0.01024	0.14947	0.04978	0.03446	0.02754	0.04328	0.01209	0.03319	0.00987	0.04544	0.00407	0.00322	0.00106	0.00428	0.00309	0.00217	0.00519
13	0.11413	0.18668	0.17497	0.00891	0.05860	0.03239	0.03468	0.06464	0.04547	0.12494	0.01065	0.01100	0.06466	0.00435	0.00347	0.00113	0.00423	0.00336	0.00267	0.04908
14	0.00792	0.09873	0.03659	0.02434	0.03755	0.04068	0.04437	0.00954	0.00809	0.05061	0.06170	0.03401	0.08356	0.02106	0.27225	0.00281	0.04124	0.00432	0.00250	0.11814
15	0.04780	0.03960	0.07798	0.03400	0.00901	0.05059	0.03231	0.04899	0.04061	0.01182	0.09994	0.05678	0.05667	0.22245	0.08553	0.00237	0.00451	0.03936	0.00276	0.03692
16	0.00938	0.06938	0.01171	0.12434	0.19970	0.05633	0.02326	0.01180	0.05819	0.05908	0.02771	0.07766	0.00870	0.00455	0.00394	0.00109	0.02671	0.00389	0.00249	0.22008
17	0.04185	0.12207	0.08185	0.03790	0.09893	0.05756	0.06385	0.09201	0.07298	0.19318	0.02650	0.02109	0.00829	0.00447	0.00376	0.00117	0.00436	0.02183	0.00303	0.04331
18	0.01024	0.02799	0.08421	0.01087	0.10017	0.24164	0.09571	0.01295	0.08749	0.04266	0.01118	0.12270	0.03223	0.02527	0.02377	0.00138	0.00512	0.00456	0.00258	0.05728
19	0.04992	0.11155	0.07513	0.00930	0.05404	0.25221	0.04365	0.05766	0.02568	0.07777	0.06485	0.06607	0.03267	0.00513	0.00378	0.00115	0.00481	0.02540	0.00272	0.03652
20	0.04925	0.03359	0.03914	0.00711	0.05110	0.01722	0.00550	0.09767	0.07714	0.11683	0.11236	0.04603	0.27015	0.00699	0.00420	0.00126	0.00306	0.02863	0.00363	0.02913

[dist]
# distance from previous block
# <min> <max>
11	161

[block]
# block no. 4 follows, 68 sequences, length 8
# corresponding to MSA columns:
# 473-480
name=unknown_E
#
# <colnr> <probs for GDERKNQSTAVLIFYWHMCP>
#	G	D	E	R	K	N	Q	S	T	A	V	L	I	F	Y	W	H	M	C	P
0	0.09856	0.03477	0.12396	0.07949	0.07661	0.09132	0.04448	0.17879	0.10293	0.01553	0.02703	0.00984	0.00706	0.00431	0.00404	0.00120	0.03608	0.00335	0.00267	0.05799
1	0.06341	0.02365	0.10681	0.01034	0.10686	0.07868	0.03723	0.16548	0.11167	0.07797	0.02988	0.01211	0.05292	0.00551	0.03093	0.00136	0.02494	0.00378	0.00299	0.05348
2	0.03162	0.03461	0.15258	0.08199	0.07111	0.04062	0.06852	0.14839	0.09677	0.05264	0.00903	0.03198	0.00708	0.00458	0.00469	0.00124	0.08389	0.00364	0.00265	0.07237
3	0.05892	0.03935	0.01160	0.03691	0.03833	0.17488	0.08846	0.14723	0.05301	0.11564	0.03411	0.01105	0.02234	0.00601	0.05588	0.00147	0.02600	0.00359	0.00293	0.07229
4	0.24853	0.02781	0.03793	0.02874	0.04505	0.10674	0.06952	0.08034	0.04280	0.04652	0.00872	0.07839	0.00748	0.00450	0.00345	0.00113	0.00411	0.00358	0.00266	0.15201
5	0.21609	0.00895	0.01062	0.06092	0.13748	0.04009	0.04068	0.16559	0.10201	0.10601	0.03375	0.01044	0.00773	0.00430	0.00361	0.00120	0.00400	0.00344	0.00308	0.04001
6	0.00598	0.00441	0.00545	0.00592	0.00656	0.00438	0.00413	0.07372	0.05920	0.01177	0.02119	0.70472	0.05482	0.01127	0.00489	0.00155	0.00251	0.01011	0.00373	0.00370
7	0.01351	0.03510	0.03068	0.01020	0.01250	0.58089	0.06224	0.08178	0.06176	0.01178	0.00732	0.00833	0.00588	0.00425	0.00397	0.00110	0.03345	0.00296	0.02738	0.00493

[dist]
# distance from previous block
# <min> <max>
0	1

[block]
# block no. 5 follows, 68 sequences, length 23
# corresponding to MSA columns:
# 482-504
name=unknown_F
#
# <colnr> <probs for GDERKNQSTAVLIFYWHMCP>
#	G	D	E	R	K	N	Q	S	T	A	V	L	I	F	Y	W	H	M	C	P
0	0.00512	0.00375	0.00490	0.00555	0.00606	0.00339	0.00377	0.00590	0.00764	0.01036	0.02061	0.78677	0.02452	0.01163	0.00488	0.00152	0.00235	0.01052	0.00357	0.07719
1	0.04199	0.04845	0.08215	0.01162	0.12579	0.28366	0.07480	0.07656	0.04493	0.02424	0.00744	0.00862	0.00591	0.00387	0.00374	0.00106	0.01663	0.00302	0.00231	0.13321
2	0.00651	0.00473	0.00633	0.00685	0.00802	0.00453	0.00589	0.00828	0.00898	0.01201	0.02009	0.05377	0.05307	0.00990	0.00508	0.00165	0.00342	0.65209	0.03982	0.08898
3	0.01124	0.00918	0.01010	0.07912	0.01234	0.01051	0.00706	0.26334	0.51413	0.01859	0.01337	0.01284	0.00991	0.00507	0.00401	0.00130	0.00369	0.00413	0.00382	0.00626
4	0.01475	0.00656	0.00965	0.00747	0.01021	0.00578	0.07386	0.01650	0.01116	0.61188	0.17162	0.01635	0.01478	0.00539	0.00418	0.00124	0.00336	0.00465	0.00456	0.00605
5	0.01410	0.00871	0.01165	0.02664	0.28302	0.07128	0.00818	0.01670	0.07910	0.42085	0.01212	0.01186	0.00841	0.00442	0.00394	0.00121	0.00411	0.00376	0.00359	0.00635
6	0.00795	0.02051	0.84011	0.01130	0.01716	0.00921	0.01465	0.01256	0.00837	0.01256	0.00712	0.00837	0.00502	0.00377	0.00377	0.00126	0.00586	0.00293	0.00167	0.00586
7	0.00535	0.00386	0.00521	0.00606	0.00657	0.00372	0.00457	0.00645	0.00810	0.01067	0.02194	0.53409	0.05792	0.01246	0.03446	0.00183	0.00301	0.26673	0.00362	0.00337
8	0.00749	0.00705	0.01189	0.85113	0.02731	0.00881	0.01101	0.01013	0.00793	0.01013	0.00705	0.01057	0.00529	0.00396	0.00396	0.00132	0.00529	0.00352	0.00176	0.00440
9	0.01631	0.00802	0.07574	0.05687	0.01176	0.00650	0.00689	0.04626	0.01116	0.69589	0.01425	0.01278	0.00906	0.00476	0.00397	0.00123	0.00372	0.00386	0.00443	0.00654
10	0.00926	0.00954	0.01799	0.07638	0.33302	0.00974	0.33976	0.01200	0.02102	0.01235	0.00798	0.01125	0.00659	0.00406	0.00515	0.00133	0.08652	0.02852	0.00203	0.00551
11	0.00483	0.00345	0.00460	0.00552	0.00575	0.00322	0.00368	0.00552	0.00759	0.01012	0.02185	0.85807	0.02622	0.01242	0.00506	0.00161	0.00230	0.01127	0.00368	0.00322
12	0.01624	0.00684	0.00966	0.00874	0.09298	0.00606	0.00640	0.01783	0.01092	0.70594	0.01517	0.04605	0.01037	0.00519	0.00405	0.00125	0.00347	0.02179	0.00454	0.00650
13	0.01479	0.01031	0.10692	0.00889	0.02556	0.07836	0.04113	0.17553	0.01218	0.42327	0.01247	0.02481	0.00874	0.00491	0.00402	0.00124	0.00433	0.03243	0.00387	0.00624
14	0.00834	0.00792	0.01343	0.54872	0.32307	0.00903	0.01143	0.01088	0.00833	0.01116	0.00720	0.01029	0.00565	0.00381	0.00395	0.00127	0.00508	0.00353	0.00184	0.00509
15	0.00972	0.00959	0.03413	0.02345	0.79104	0.00928	0.01198	0.01211	0.00899	0.01294	0.00744	0.00973	0.00624	0.00352	0.00389	0.00116	0.00468	0.00348	0.00197	0.03466
16	0.00954	0.00914	0.01560	0.12075	0.74163	0.00935	0.01203	0.01193	0.00890	0.01262	0.00741	0.00990	0.00616	0.00358	0.00393	0.00119	0.00478	0.00353	0.00194	0.00606
17	0.00617	0.00490	0.00736	0.04415	0.00847	0.00531	0.05260	0.00780	0.02636	0.00982	0.03878	0.01757	0.02301	0.15217	0.52544	0.00480	0.00811	0.01613	0.00232	0.03872
18	0.01060	0.86304	0.02078	0.00678	0.01018	0.01569	0.00678	0.01187	0.00806	0.00933	0.00551	0.00636	0.00509	0.00339	0.00254	0.00085	0.00424	0.00212	0.00170	0.00509
19	0.00851	0.00715	0.00831	0.00602	0.00941	0.00563	0.00482	0.05745	0.00897	0.01376	0.04392	0.00925	0.00732	0.00327	0.00307	0.00065	0.00297	0.00263	0.00253	0.79434
20	0.00948	0.00908	0.01550	0.14210	0.72075	0.00933	0.01200	0.01188	0.00887	0.01255	0.00740	0.00992	0.00614	0.00359	0.00393	0.00120	0.00479	0.00353	0.00193	0.00601
21	0.01053	0.01033	0.01408	0.08173	0.53408	0.11319	0.01056	0.07176	0.06906	0.01341	0.00838	0.03002	0.00699	0.00407	0.00392	0.00119	0.00486	0.00367	0.00229	0.00589
22	0.00937	0.14393	0.52082	0.00944	0.01405	0.00926	0.01120	0.01294	0.02232	0.11453	0.08701	0.01083	0.00883	0.00429	0.00370	0.00119	0.00488	0.00337	0.00237	0.00566

[dist]
# distance from previous block
# <min> <max>
0	6

[block]
# block no. 6 follows, 68 sequences, length 14
# corresponding to MSA columns:
# 511-524
name=unknown_G
#
# <colnr> <probs for GDERKNQSTAVLIFYWHMCP>
#	G	D	E	R	K	N	Q	S	T	A	V	L	I	F	Y	W	H	M	C	P
0	0.07293	0.00886	0.00988	0.00775	0.01059	0.03327	0.03409	0.33637	0.05997	0.09926	0.07436	0.01229	0.03468	0.00529	0.02195	0.00122	0.00388	0.00379	0.00352	0.16604
1	0.00555	0.00407	0.00497	0.00537	0.00631	0.00377	0.00422	0.00692	0.00903	0.01191	0.12571	0.17852	0.28760	0.01007	0.00484	0.00149	0.00253	0.25187	0.07177	0.00349
2	0.14405	0.70609	0.01820	0.00666	0.00986	0.04126	0.00643	0.01197	0.00796	0.01063	0.00553	0.00640	0.00497	0.00346	0.00256	0.00091	0.00416	0.00214	0.00182	0.00495
3	0.00535	0.00374	0.00452	0.00480	0.00509	0.00358	0.00305	0.00589	0.00728	0.00974	0.11837	0.31776	0.07402	0.40517	0.01200	0.00258	0.00294	0.00803	0.00317	0.00291
4	0.00901	0.00860	0.01465	0.30915	0.55737	0.00921	0.01177	0.01147	0.00865	0.01198	0.00732	0.01007	0.00594	0.00368	0.00394	0.00123	0.00491	0.00353	0.00189	0.00563
5	0.01021	0.16657	0.01706	0.01748	0.43415	0.01097	0.11645	0.08535	0.00955	0.01307	0.00749	0.02531	0.00638	0.00398	0.00437	0.00118	0.05894	0.00357	0.00212	0.00580
6	0.00981	0.00942	0.01609	0.02434	0.83592	0.00942	0.01217	0.01217	0.00903	0.01295	0.00746	0.00981	0.00628	0.00353	0.00393	0.00118	0.00471	0.00353	0.00196	0.00628
7	0.00592	0.00433	0.00565	0.00553	0.00581	0.00484	0.00382	0.00653	0.00602	0.00840	0.01127	0.02075	0.01204	0.48024	0.33984	0.00468	0.06408	0.00502	0.00225	0.00298
8	0.01003	0.50313	0.30236	0.00862	0.01275	0.08176	0.00957	0.01243	0.00843	0.01047	0.00612	0.00712	0.00507	0.00358	0.00305	0.00100	0.00504	0.00243	0.00172	0.00531
9	0.00469	0.00402	0.00402	0.00402	0.00536	0.00335	0.00301	0.00569	0.00904	0.01071	0.04017	0.03816	0.83432	0.01004	0.00469	0.00134	0.00201	0.00837	0.00368	0.00335
10	0.00544	0.00410	0.00506	0.00498	0.00603	0.00372	0.00384	0.00705	0.01035	0.01394	0.51125	0.03383	0.26426	0.00899	0.00477	0.00134	0.00212	0.10121	0.00409	0.00362
11	0.00938	0.06345	0.08961	0.01661	0.12173	0.01023	0.60402	0.01257	0.00916	0.01251	0.00772	0.01013	0.00591	0.00340	0.00438	0.00128	0.00622	0.00424	0.00195	0.00549
12	0.01021	0.01018	0.01541	0.02148	0.66398	0.07831	0.04602	0.01324	0.07785	0.01298	0.00810	0.01005	0.00666	0.00372	0.00394	0.00119	0.00486	0.00358	0.00214	0.00610
13	0.00506	0.00361	0.00486	0.00578	0.00611	0.00342	0.00408	0.00592	0.00782	0.01038	0.02173	0.73872	0.02572	0.01221	0.00512	0.00164	0.00250	0.12836	0.00368	0.00328

[dist]
# distance from previous block
# <min> <max>
0	0

# created by:
# /st0/software/busco_prod/Augustus/scripts/msa2prfl.pl ./align_prep/110125.fa
