[name]
unknown

[dist]
# distance from previous block
# <min> <max>
0	19

[block]
# block no. 0 follows, 51 sequences, length 50
# corresponding to MSA columns:
# 19-63,65-69
name=unknown_A
#
# <colnr> <probs for GDERKNQSTAVLIFYWHMCP>
#	G	D	E	R	K	N	Q	S	T	A	V	L	I	F	Y	W	H	M	C	P
0	0.07032	0.06017	0.06467	0.01120	0.08795	0.07232	0.00864	0.06190	0.12209	0.13135	0.04052	0.04618	0.07074	0.02399	0.00542	0.00168	0.00483	0.10552	0.00407	0.00645
1	0.04539	0.11771	0.15807	0.01095	0.04823	0.05636	0.03135	0.12759	0.12310	0.03557	0.09414	0.01609	0.04181	0.00599	0.00460	0.00144	0.00508	0.00479	0.05463	0.01709
2	0.05997	0.04329	0.18428	0.01020	0.02380	0.07183	0.03391	0.10546	0.04113	0.05107	0.10573	0.08167	0.01520	0.06823	0.03008	0.00193	0.00545	0.00557	0.02108	0.04012
3	0.02303	0.06937	0.15305	0.05742	0.09961	0.10656	0.04313	0.10430	0.08835	0.04879	0.06487	0.01644	0.07622	0.00602	0.00482	0.00148	0.00568	0.00493	0.00342	0.02250
4	0.03049	0.24281	0.26658	0.01254	0.05969	0.09748	0.04044	0.12246	0.01265	0.01662	0.04804	0.01121	0.00869	0.00499	0.00434	0.00137	0.00626	0.00378	0.00275	0.00682
5	0.02226	0.07906	0.02354	0.00822	0.01015	0.04846	0.05001	0.08661	0.07042	0.01651	0.10707	0.09963	0.03621	0.14334	0.01724	0.00209	0.01912	0.00642	0.14841	0.00525
6	0.01289	0.01261	0.01399	0.04231	0.26390	0.18073	0.01016	0.08250	0.06389	0.03284	0.10274	0.02613	0.06464	0.00690	0.01838	0.00159	0.02497	0.01540	0.00344	0.02000
7	0.05837	0.00517	0.00627	0.00683	0.00771	0.00499	0.00482	0.00901	0.03867	0.04809	0.05523	0.54309	0.10185	0.04982	0.00677	0.00202	0.00310	0.03927	0.00451	0.00442
8	0.01012	0.00993	0.01514	0.63716	0.06901	0.05843	0.04127	0.01321	0.01023	0.01308	0.00874	0.01259	0.00669	0.00477	0.00482	0.00154	0.00650	0.00424	0.00228	0.07025
9	0.01207	0.02853	0.12064	0.04425	0.01482	0.00919	0.03770	0.08669	0.05778	0.08674	0.03962	0.01261	0.00951	0.00480	0.00453	0.00117	0.01983	0.00390	0.00340	0.40219
10	0.00727	0.00544	0.00728	0.00839	0.03783	0.00522	0.00644	0.00907	0.01103	0.01437	0.09347	0.18486	0.15919	0.04112	0.00701	0.00211	0.00376	0.38722	0.00448	0.00444
11	0.01363	0.01382	0.01553	0.06193	0.24807	0.23450	0.04835	0.01619	0.04185	0.06571	0.04470	0.01425	0.03256	0.01914	0.02093	0.00169	0.09316	0.00461	0.00296	0.00642
12	0.00982	0.00507	0.00527	0.00505	0.00630	0.00509	0.00375	0.03978	0.01065	0.04706	0.01595	0.01918	0.01287	0.07445	0.00535	0.00147	0.00268	0.00480	0.72068	0.00473
13	0.01023	0.02410	0.72720	0.03810	0.04335	0.01155	0.01761	0.04384	0.01085	0.01606	0.00894	0.01056	0.00636	0.00471	0.00469	0.00155	0.00713	0.00370	0.00219	0.00726
14	0.00654	0.00476	0.00586	0.00658	0.00714	0.00456	0.00447	0.00795	0.04287	0.01270	0.02746	0.53367	0.11899	0.13815	0.00899	0.00236	0.00320	0.04062	0.01908	0.00405
15	0.08222	0.02213	0.01354	0.01254	0.03044	0.73118	0.00929	0.01914	0.01345	0.01287	0.00757	0.00886	0.00628	0.00501	0.00433	0.00129	0.00842	0.00315	0.00257	0.00571
16	0.00884	0.00676	0.00989	0.00860	0.02277	0.00623	0.08644	0.01081	0.01109	0.06742	0.20894	0.09434	0.12199	0.07094	0.09621	0.00246	0.01625	0.02294	0.00403	0.12304
17	0.00621	0.00459	0.00644	0.00721	0.00769	0.00428	0.02749	0.00725	0.00975	0.01307	0.07309	0.75233	0.03260	0.01474	0.00623	0.00196	0.00298	0.01342	0.00455	0.00411
18	0.01655	0.01329	0.01372	0.01134	0.03251	0.06156	0.00895	0.49576	0.21735	0.02628	0.01347	0.01324	0.00988	0.00593	0.00486	0.00148	0.00517	0.00458	0.00466	0.03941
19	0.01012	0.00968	0.01503	0.45942	0.17087	0.05156	0.04234	0.01309	0.01069	0.01382	0.03484	0.01933	0.01104	0.00615	0.00520	0.00167	0.00620	0.11049	0.00268	0.00580
20	0.01585	0.01075	0.01210	0.00922	0.01304	0.01063	0.00753	0.36929	0.03121	0.14005	0.01246	0.01263	0.00902	0.00525	0.00443	0.00124	0.00445	0.00408	0.06441	0.26235
21	0.01285	0.75019	0.07186	0.00892	0.01314	0.01879	0.00908	0.01465	0.00991	0.01181	0.00694	0.00814	0.00631	0.00440	0.00375	0.00112	0.03694	0.00275	0.00210	0.00633
22	0.80837	0.00927	0.00719	0.00643	0.00940	0.01067	0.00528	0.01451	0.00856	0.03756	0.00749	0.00860	0.00577	0.00464	0.00310	0.00150	0.00374	0.00279	0.03976	0.00535
23	0.01868	0.01376	0.01475	0.01131	0.01524	0.01524	0.00934	0.78025	0.02311	0.03097	0.01180	0.01180	0.00836	0.00590	0.00492	0.00147	0.00541	0.00442	0.00492	0.00836
24	0.01862	0.00844	0.01089	0.00864	0.01196	0.00785	0.00703	0.08189	0.07642	0.55397	0.14079	0.01961	0.01747	0.00674	0.00508	0.00153	0.00396	0.00557	0.00580	0.00773
25	0.00731	0.00525	0.00640	0.00684	0.00816	0.00480	0.00544	0.00884	0.01099	0.04743	0.03594	0.16015	0.36174	0.03649	0.00673	0.00200	0.00339	0.27314	0.00457	0.00440
26	0.00653	0.00461	0.00581	0.00632	0.00666	0.00450	0.00413	0.00727	0.00880	0.01182	0.06628	0.40128	0.05432	0.30006	0.08577	0.00346	0.00441	0.01038	0.00388	0.00372
27	0.01429	0.01043	0.01191	0.01066	0.03555	0.01138	0.00850	0.32588	0.20760	0.06753	0.01765	0.02418	0.01501	0.00786	0.00534	0.00170	0.00468	0.18379	0.02888	0.00719
28	0.01156	0.01363	0.05579	0.01947	0.02420	0.04137	0.67600	0.01555	0.01162	0.01554	0.01078	0.01552	0.00862	0.00476	0.00577	0.00168	0.00804	0.05104	0.00259	0.00649
29	0.86201	0.00950	0.00722	0.00646	0.00950	0.01102	0.00532	0.01445	0.00836	0.02205	0.00684	0.00798	0.00532	0.00456	0.00304	0.00152	0.00380	0.00266	0.00304	0.00532
30	0.08559	0.30097	0.19332	0.01175	0.06185	0.10520	0.02420	0.03047	0.01102	0.08900	0.00883	0.00993	0.00692	0.00483	0.00448	0.00136	0.03755	0.00339	0.00268	0.00666
31	0.01331	0.01168	0.01168	0.01030	0.01320	0.06023	0.00805	0.10919	0.65674	0.02120	0.01835	0.01704	0.01375	0.00649	0.00496	0.00162	0.00436	0.00529	0.00484	0.00772
32	0.03256	0.00716	0.00928	0.00785	0.01017	0.00695	0.03898	0.02697	0.11459	0.22754	0.31884	0.02448	0.02545	0.00753	0.00507	0.00150	0.00335	0.00648	0.11905	0.00619
33	0.00877	0.00564	0.00700	0.00642	0.00797	0.00523	0.00487	0.02345	0.03761	0.09901	0.50806	0.05300	0.14404	0.02864	0.00604	0.00163	0.00270	0.00843	0.03643	0.00506
34	0.00686	0.00507	0.00627	0.00669	0.00776	0.00470	0.00501	0.00871	0.03360	0.02750	0.17994	0.31289	0.23499	0.01290	0.00608	0.00184	0.00296	0.12703	0.00476	0.00442
35	0.03779	0.00831	0.01052	0.00850	0.01170	0.00785	0.00687	0.04295	0.13106	0.51123	0.13485	0.02017	0.03200	0.00684	0.00505	0.00155	0.00385	0.00565	0.00569	0.00757
36	0.30943	0.01073	0.01119	0.00890	0.01249	0.01147	0.00735	0.29784	0.01542	0.25088	0.01230	0.01192	0.00842	0.00549	0.00428	0.00150	0.00450	0.00397	0.00461	0.00732
37	0.00748	0.00511	0.00646	0.00625	0.00752	0.00467	0.00472	0.00950	0.01288	0.05144	0.51915	0.10112	0.15518	0.01068	0.00576	0.00162	0.00258	0.04650	0.03671	0.00466
38	0.01106	0.01179	0.00966	0.00935	0.01071	0.30094	0.00697	0.01241	0.01028	0.01168	0.01318	0.12774	0.01323	0.06935	0.35413	0.00445	0.00965	0.00581	0.00288	0.00473
39	0.86201	0.00950	0.00722	0.00646	0.00950	0.01102	0.00532	0.01445	0.00836	0.02205	0.00684	0.00798	0.00532	0.00456	0.00304	0.00152	0.00380	0.00266	0.00304	0.00532
40	0.01019	0.00873	0.01019	0.00728	0.01165	0.00655	0.00582	0.01237	0.01019	0.01601	0.00873	0.01019	0.00728	0.00364	0.00364	0.00073	0.00364	0.00291	0.00291	0.85734
41	0.00767	0.00541	0.00708	0.03795	0.00892	0.00504	0.01696	0.00944	0.01178	0.06781	0.29663	0.17206	0.24407	0.01277	0.05389	0.00206	0.00354	0.02755	0.00472	0.00468
42	0.01032	0.12704	0.68121	0.01349	0.02030	0.01246	0.03885	0.01546	0.01036	0.01506	0.00860	0.01014	0.00627	0.00459	0.00451	0.00150	0.00704	0.00357	0.00209	0.00712
43	0.06466	0.00658	0.00785	0.00696	0.00897	0.02224	0.00538	0.01333	0.02530	0.20803	0.40085	0.07703	0.10382	0.00905	0.00538	0.00156	0.00309	0.00773	0.00519	0.01702
44	0.01214	0.01144	0.01895	0.10098	0.66875	0.01176	0.01447	0.04335	0.04025	0.01645	0.00969	0.01246	0.00796	0.00457	0.00488	0.00148	0.00582	0.00442	0.00260	0.00759
45	0.01040	0.00819	0.01039	0.00911	0.01122	0.00841	0.04127	0.10283	0.10814	0.03960	0.04335	0.16344	0.03598	0.07452	0.00781	0.00191	0.06972	0.10893	0.00405	0.14072
46	0.02539	0.01246	0.02234	0.01724	0.05413	0.05535	0.47745	0.03445	0.06951	0.05763	0.01191	0.06183	0.00967	0.00533	0.00577	0.00161	0.03102	0.00579	0.00306	0.03807
47	0.01409	0.01463	0.01693	0.12913	0.37811	0.22578	0.01265	0.09704	0.01290	0.01596	0.00892	0.01132	0.00725	0.00492	0.00509	0.00145	0.03018	0.00405	0.00268	0.00690
48	0.00853	0.00646	0.00937	0.00871	0.01036	0.00615	0.08774	0.04786	0.01159	0.04880	0.08927	0.20180	0.17099	0.06061	0.00723	0.00205	0.00406	0.20921	0.00439	0.00484
49	0.01182	0.05809	0.04828	0.06940	0.05608	0.08478	0.11132	0.12684	0.01291	0.04478	0.04558	0.10606	0.07532	0.03244	0.00611	0.00173	0.02026	0.07865	0.00361	0.00597

[dist]
# distance from previous block
# <min> <max>
0	1

[block]
# block no. 1 follows, 51 sequences, length 14
# corresponding to MSA columns:
# 71-84
name=unknown_B
#
# <colnr> <probs for GDERKNQSTAVLIFYWHMCP>
#	G	D	E	R	K	N	Q	S	T	A	V	L	I	F	Y	W	H	M	C	P
0	0.01271	0.51761	0.20677	0.01008	0.01465	0.10464	0.01061	0.01516	0.01040	0.01248	0.00773	0.00955	0.00675	0.03726	0.00453	0.00134	0.00611	0.00310	0.00218	0.00633
1	0.04899	0.07346	0.01808	0.15823	0.47120	0.04673	0.01307	0.04577	0.01148	0.05364	0.00939	0.01188	0.00753	0.00464	0.00465	0.00146	0.00586	0.00415	0.00267	0.00713
2	0.01715	0.00823	0.01028	0.00835	0.01136	0.00776	0.00671	0.14949	0.01466	0.44520	0.05367	0.11035	0.06459	0.00765	0.00508	0.00155	0.00393	0.00636	0.06041	0.00720
3	0.01334	0.02342	0.01169	0.00978	0.01218	0.07077	0.00781	0.15889	0.18976	0.09100	0.05479	0.01615	0.01260	0.02274	0.12608	0.00254	0.09810	0.00492	0.02575	0.04768
4	0.00662	0.00484	0.00610	0.00612	0.00706	0.00445	0.00439	0.00832	0.01211	0.01663	0.48110	0.20673	0.13104	0.07332	0.00735	0.00190	0.00264	0.01003	0.00494	0.00431
5	0.01042	0.13765	0.55127	0.01367	0.01985	0.01237	0.11582	0.01506	0.01032	0.01472	0.00900	0.01145	0.00696	0.04424	0.00558	0.00165	0.00699	0.00394	0.00218	0.00684
6	0.02647	0.00580	0.00728	0.00653	0.00825	0.00539	0.00503	0.01246	0.03579	0.15377	0.51091	0.03112	0.07786	0.00891	0.00536	0.00151	0.00272	0.00769	0.08179	0.00535
7	0.01092	0.00990	0.01043	0.00936	0.01142	0.10316	0.04045	0.10253	0.18999	0.01758	0.12347	0.13326	0.10753	0.01055	0.05161	0.00201	0.02646	0.02922	0.00431	0.00585
8	0.00701	0.00505	0.00695	0.00701	0.00757	0.00558	0.00502	0.00814	0.00773	0.01085	0.01466	0.06592	0.01518	0.29515	0.50867	0.00656	0.00986	0.00634	0.00285	0.00390
9	0.04444	0.01092	0.05708	0.32755	0.05653	0.02434	0.01102	0.14016	0.12215	0.03109	0.03122	0.01399	0.00945	0.00566	0.00537	0.00159	0.04832	0.00455	0.04816	0.00644
10	0.01217	0.01035	0.01119	0.00866	0.01255	0.03362	0.00690	0.13081	0.18628	0.01915	0.01168	0.01221	0.00914	0.00470	0.00416	0.00107	0.00412	0.00374	0.00367	0.51383
11	0.01071	0.01018	0.01545	0.06679	0.49434	0.04438	0.01175	0.01344	0.02784	0.01558	0.08732	0.07992	0.08807	0.00662	0.00514	0.00153	0.00510	0.00607	0.00312	0.00663
12	0.07110	0.01153	0.01371	0.03500	0.20408	0.07926	0.00957	0.19014	0.03777	0.20363	0.02955	0.01523	0.05112	0.00583	0.00479	0.00148	0.00513	0.00475	0.01898	0.00734
13	0.75011	0.00999	0.05128	0.00688	0.00992	0.01053	0.00595	0.01390	0.00833	0.02067	0.00708	0.00864	0.00562	0.00551	0.00435	0.06626	0.00403	0.00284	0.00292	0.00519

[dist]
# distance from previous block
# <min> <max>
0	2

[block]
# block no. 2 follows, 51 sequences, length 76
# corresponding to MSA columns:
# 87-129,148-180
name=unknown_C
#
# <colnr> <probs for GDERKNQSTAVLIFYWHMCP>
#	G	D	E	R	K	N	Q	S	T	A	V	L	I	F	Y	W	H	M	C	P
0	0.00967	0.00805	0.01102	0.02230	0.12084	0.00749	0.04143	0.09380	0.01189	0.01657	0.06229	0.24546	0.07570	0.00868	0.00519	0.00149	0.00403	0.03278	0.00381	0.21750
1	0.04108	0.01016	0.04756	0.00939	0.01375	0.00815	0.08470	0.04743	0.03432	0.14589	0.01101	0.01182	0.00826	0.00435	0.00419	0.00107	0.00444	0.00370	0.00350	0.50521
2	0.18887	0.04732	0.01372	0.01259	0.12742	0.01222	0.05861	0.24174	0.11075	0.02230	0.01159	0.01257	0.00883	0.00529	0.00434	0.00146	0.00476	0.00422	0.10449	0.00692
3	0.00775	0.04153	0.00750	0.00643	0.00800	0.05852	0.00492	0.00992	0.03131	0.01691	0.46346	0.03642	0.26899	0.01012	0.00558	0.00154	0.00297	0.00861	0.00481	0.00470
4	0.06094	0.17987	0.09208	0.05259	0.08205	0.16548	0.08317	0.03195	0.04255	0.07363	0.03077	0.01185	0.00862	0.00610	0.03231	0.00162	0.01942	0.00398	0.00289	0.01814
5	0.07688	0.55294	0.12770	0.00909	0.01313	0.03064	0.00926	0.01427	0.00969	0.01279	0.00767	0.00998	0.00699	0.05906	0.00540	0.00145	0.04156	0.00315	0.00224	0.00609
6	0.00995	0.00951	0.01638	0.62585	0.18479	0.01113	0.04654	0.01319	0.01017	0.01339	0.00889	0.01292	0.00683	0.00477	0.00494	0.00160	0.00648	0.00443	0.00225	0.00597
7	0.00824	0.00603	0.00753	0.00774	0.00896	0.00614	0.00596	0.07858	0.04874	0.02614	0.03876	0.29487	0.11916	0.04392	0.10993	0.00279	0.00485	0.17253	0.00434	0.00479
8	0.00900	0.00798	0.01177	0.20884	0.19297	0.00852	0.00955	0.01233	0.07734	0.01477	0.06220	0.06671	0.19014	0.00876	0.02443	0.00180	0.01769	0.04886	0.02070	0.00567
9	0.00983	0.02471	0.76828	0.04817	0.02181	0.01139	0.01796	0.01543	0.01035	0.01543	0.00882	0.01049	0.00624	0.00468	0.00468	0.00156	0.00723	0.00366	0.00208	0.00719
10	0.05010	0.06585	0.01314	0.01077	0.03643	0.11977	0.03753	0.15619	0.11406	0.12774	0.02957	0.11233	0.01401	0.00744	0.00535	0.00160	0.03017	0.05714	0.00419	0.00663
11	0.00781	0.00554	0.00707	0.00696	0.00821	0.00551	0.00522	0.04148	0.02680	0.05045	0.18112	0.21335	0.17594	0.01846	0.21913	0.00336	0.00560	0.00895	0.00431	0.00472
12	0.00594	0.00493	0.00519	0.00523	0.00674	0.00419	0.00388	0.00726	0.01135	0.01387	0.12296	0.10097	0.66576	0.01241	0.00584	0.00167	0.00250	0.01048	0.00465	0.00419
13	0.01131	0.01040	0.01804	0.36299	0.38082	0.01122	0.07114	0.01443	0.01076	0.04796	0.00951	0.01284	0.00742	0.00466	0.00496	0.00155	0.00625	0.00450	0.00249	0.00673
14	0.01332	0.14278	0.21586	0.08355	0.05296	0.15069	0.13841	0.11588	0.01278	0.01615	0.00889	0.01070	0.00683	0.00475	0.00464	0.00144	0.00703	0.00395	0.00262	0.00675
15	0.01247	0.00968	0.01055	0.00929	0.01195	0.01073	0.00726	0.10263	0.50903	0.07261	0.10192	0.04518	0.06004	0.00747	0.00515	0.00163	0.00380	0.00626	0.00507	0.00724
16	0.00891	0.00475	0.00498	0.00500	0.00605	0.00478	0.00367	0.02365	0.01018	0.01736	0.01655	0.07170	0.01415	0.06051	0.03185	0.00167	0.00290	0.00538	0.70146	0.00450
17	0.00980	0.04170	0.74994	0.01354	0.02047	0.01128	0.01735	0.01527	0.01052	0.01566	0.04365	0.01149	0.00801	0.00490	0.00469	0.00155	0.00700	0.00384	0.00222	0.00713
18	0.03712	0.01029	0.01190	0.04545	0.01364	0.01112	0.00804	0.28454	0.16193	0.18815	0.03582	0.06934	0.05189	0.00716	0.00551	0.00160	0.03857	0.00572	0.00487	0.00734
19	0.04810	0.00801	0.01018	0.00818	0.01138	0.00735	0.00663	0.05415	0.04803	0.54340	0.06611	0.04739	0.06647	0.00701	0.00496	0.00154	0.00386	0.00575	0.04412	0.00741
20	0.00620	0.00478	0.00557	0.00588	0.00691	0.00426	0.00419	0.00746	0.01086	0.01396	0.16991	0.28037	0.36310	0.06696	0.00724	0.00196	0.00277	0.02889	0.00460	0.00412
21	0.00783	0.00538	0.00713	0.00789	0.04094	0.00515	0.00546	0.00910	0.01025	0.07376	0.05939	0.40542	0.16919	0.04262	0.06005	0.00236	0.02322	0.05590	0.00438	0.00460
22	0.13023	0.00906	0.00965	0.00838	0.01110	0.00969	0.00659	0.09340	0.30386	0.08207	0.12059	0.05377	0.07064	0.00726	0.00484	0.00155	0.00369	0.00594	0.00467	0.06303
23	0.02973	0.01189	0.06444	0.06438	0.04228	0.02506	0.03224	0.29207	0.12008	0.11166	0.04761	0.01532	0.01149	0.00594	0.00483	0.00149	0.00499	0.01818	0.05121	0.04511
24	0.00878	0.00588	0.00791	0.00769	0.00895	0.00555	0.03148	0.05133	0.01053	0.08437	0.03388	0.49749	0.02483	0.08602	0.04117	0.00232	0.00397	0.02231	0.00433	0.06122
25	0.00877	0.00773	0.01084	0.00985	0.01019	0.01007	0.00782	0.00995	0.00762	0.01133	0.01039	0.01721	0.01039	0.13855	0.32759	0.00478	0.38473	0.00509	0.00246	0.00464
26	0.01067	0.00874	0.01005	0.00733	0.01142	0.00697	0.00587	0.06320	0.01106	0.01719	0.00951	0.01094	0.00777	0.00395	0.00371	0.00081	0.00365	0.00314	0.07025	0.73376
27	0.07748	0.00966	0.01376	0.58053	0.02768	0.04277	0.01185	0.06305	0.01119	0.10147	0.00991	0.01285	0.00718	0.00508	0.00475	0.00159	0.00610	0.00425	0.00287	0.00596
28	0.01370	0.01166	0.01231	0.01063	0.01334	0.04629	0.00846	0.17458	0.50224	0.03234	0.01656	0.01637	0.01260	0.00673	0.00611	0.00167	0.08650	0.01580	0.00460	0.00753
29	0.10283	0.01106	0.09130	0.01110	0.06436	0.02060	0.03197	0.10543	0.09459	0.24032	0.01721	0.03620	0.04522	0.00725	0.01358	0.00170	0.00489	0.08895	0.00442	0.00702
30	0.00708	0.00562	0.00620	0.00596	0.00761	0.00510	0.00460	0.05905	0.01266	0.01611	0.22673	0.04290	0.51055	0.01150	0.00581	0.00166	0.00277	0.05874	0.00479	0.00457
31	0.01334	0.01031	0.01153	0.00972	0.01236	0.03766	0.04022	0.30193	0.16853	0.02198	0.01526	0.04389	0.01256	0.03139	0.07472	0.00216	0.00538	0.04110	0.13928	0.00667
32	0.00621	0.00488	0.00561	0.00567	0.00694	0.00428	0.00416	0.00774	0.01179	0.01524	0.28749	0.16814	0.43008	0.01214	0.00588	0.00168	0.00249	0.01047	0.00484	0.00428
33	0.01314	0.01435	0.01496	0.01247	0.01528	0.28474	0.17582	0.06437	0.10526	0.01543	0.03423	0.07122	0.07965	0.00825	0.04086	0.00183	0.00686	0.03191	0.00342	0.00594
34	0.00675	0.00510	0.00582	0.00577	0.00719	0.00451	0.00427	0.00850	0.02643	0.03866	0.24855	0.14810	0.44888	0.01189	0.00583	0.00167	0.00257	0.01020	0.00485	0.00446
35	0.01150	0.01371	0.06156	0.02022	0.02515	0.01245	0.72569	0.01563	0.01144	0.01563	0.00980	0.01307	0.00738	0.00429	0.00603	0.00167	0.03005	0.00567	0.00246	0.00662
36	0.00986	0.02542	0.80183	0.01401	0.02127	0.01141	0.01816	0.01556	0.01038	0.01556	0.00882	0.01038	0.00623	0.00467	0.00467	0.00156	0.00726	0.00363	0.00208	0.00726
37	0.00673	0.00486	0.00651	0.00751	0.00822	0.00464	0.00574	0.00819	0.01043	0.01372	0.06498	0.45949	0.07671	0.01430	0.00641	0.00205	0.00342	0.28728	0.00459	0.00423
38	0.01126	0.09326	0.30603	0.01654	0.02212	0.02723	0.38523	0.01611	0.04552	0.01544	0.00965	0.01187	0.00722	0.00447	0.00509	0.00156	0.00745	0.00467	0.00241	0.00686
39	0.01359	0.73272	0.04083	0.00895	0.01305	0.09807	0.00872	0.01522	0.01039	0.01169	0.00695	0.00803	0.00631	0.00430	0.00331	0.00108	0.00566	0.00270	0.00214	0.00627
40	0.01331	0.11500	0.01438	0.18750	0.01726	0.07848	0.02261	0.21651	0.01358	0.05021	0.01086	0.01357	0.00869	0.03990	0.08784	0.00222	0.03084	0.00432	0.06669	0.00622
41	0.77663	0.01026	0.00758	0.00681	0.00975	0.06360	0.00553	0.01469	0.00880	0.02126	0.00721	0.00840	0.00564	0.00464	0.00315	0.00149	0.00408	0.00276	0.03241	0.00532
42	0.65827	0.01052	0.00950	0.00794	0.01123	0.01195	0.03143	0.17427	0.01154	0.02370	0.00798	0.00895	0.00603	0.00483	0.00352	0.00152	0.00428	0.00313	0.00341	0.00600
43	0.02023	0.00499	0.00607	0.00670	0.00744	0.00475	0.00468	0.04015	0.01022	0.01349	0.02921	0.54571	0.16364	0.07311	0.00747	0.00212	0.00313	0.04829	0.00444	0.00418
44	0.00724	0.08246	0.03543	0.00732	0.00850	0.00625	0.00560	0.00923	0.05583	0.01354	0.07163	0.56798	0.07177	0.01295	0.00581	0.00183	0.00327	0.02446	0.00432	0.00460
45	0.03163	0.00862	0.01107	0.00863	0.01216	0.00794	0.00708	0.09981	0.03037	0.62049	0.03142	0.01660	0.01236	0.00609	0.00481	0.00149	0.00412	0.00491	0.07244	0.00795
46	0.01020	0.00498	0.00522	0.00500	0.00637	0.00492	0.00380	0.01267	0.02458	0.07811	0.01636	0.01820	0.01261	0.00577	0.00358	0.00118	0.00246	0.00463	0.77443	0.00493
47	0.01846	0.00886	0.01091	0.00868	0.01205	0.00850	0.00707	0.13009	0.09835	0.49556	0.02017	0.01837	0.06463	0.00652	0.00489	0.00151	0.00407	0.00527	0.06825	0.00774
48	0.00615	0.00491	0.00543	0.00545	0.00679	0.00427	0.00399	0.00755	0.01148	0.01453	0.21809	0.11951	0.51475	0.04691	0.00667	0.00180	0.00258	0.01024	0.00469	0.00420
49	0.01836	0.02342	0.01393	0.01266	0.01519	0.80756	0.00950	0.01962	0.01393	0.01203	0.00760	0.00886	0.00633	0.00506	0.00443	0.00127	0.00886	0.00317	0.00253	0.00570
50	0.04895	0.00880	0.01096	0.00857	0.01204	0.00831	0.00703	0.14256	0.01485	0.55577	0.01734	0.01583	0.01137	0.00596	0.00469	0.00147	0.00413	0.00474	0.10881	0.00780
51	0.03475	0.00946	0.01134	0.00900	0.01227	0.00944	0.00732	0.24809	0.05162	0.36881	0.14849	0.01857	0.01684	0.00669	0.00501	0.00151	0.00417	0.00543	0.02363	0.00756
52	0.00988	0.00572	0.00533	0.00516	0.00646	0.04074	0.00390	0.03694	0.01089	0.01845	0.01552	0.01769	0.01218	0.00570	0.00353	0.00116	0.00269	0.00451	0.78881	0.00475
53	0.00639	0.00441	0.00586	0.00689	0.00729	0.00410	0.00466	0.00730	0.00958	0.03117	0.02732	0.77835	0.04633	0.01509	0.00624	0.00198	0.00290	0.02542	0.00460	0.00411
54	0.02205	0.00836	0.01140	0.00874	0.01254	0.00722	0.00722	0.02395	0.01407	0.80004	0.01939	0.01673	0.01216	0.00608	0.00494	0.00152	0.00418	0.00494	0.00608	0.00836
55	0.00623	0.00447	0.00577	0.00671	0.00724	0.00416	0.00467	0.00732	0.00989	0.01319	0.05530	0.64567	0.10543	0.01449	0.00615	0.00194	0.00289	0.06204	0.03236	0.00408
56	0.00640	0.00492	0.00594	0.00652	0.00762	0.00447	0.00497	0.00782	0.01084	0.01373	0.07801	0.28065	0.35340	0.01345	0.00617	0.00189	0.00305	0.18133	0.00460	0.00421
57	0.01588	0.07671	0.01331	0.01090	0.01343	0.50261	0.00844	0.02986	0.04756	0.06519	0.02809	0.01512	0.10567	0.00631	0.00509	0.00138	0.04105	0.00441	0.00317	0.00583
58	0.12623	0.01230	0.01307	0.01027	0.01397	0.01348	0.00844	0.52627	0.08685	0.12083	0.01279	0.01247	0.00900	0.00582	0.00469	0.00150	0.00492	0.00436	0.00482	0.00792
59	0.78989	0.00998	0.00781	0.00687	0.00996	0.02623	0.00564	0.05613	0.00934	0.03210	0.00728	0.00832	0.00559	0.00466	0.00319	0.00151	0.00399	0.00279	0.00317	0.00553
60	0.00631	0.00478	0.00585	0.00624	0.00723	0.00432	0.00455	0.00775	0.01124	0.01474	0.22987	0.33071	0.27263	0.01299	0.00604	0.00179	0.00271	0.06124	0.00478	0.00424
61	0.01505	0.05984	0.17800	0.01111	0.04776	0.01102	0.01017	0.21594	0.03071	0.18030	0.01188	0.01211	0.00847	0.00507	0.00451	0.00133	0.00515	0.00397	0.00389	0.18370
62	0.00771	0.00551	0.00768	0.00881	0.00986	0.00548	0.00756	0.00982	0.01111	0.01448	0.02613	0.13756	0.02873	0.01377	0.00673	0.00223	0.00435	0.68347	0.00453	0.00447
63	0.01249	0.01255	0.01951	0.12826	0.52410	0.08050	0.09325	0.04162	0.01170	0.01574	0.00920	0.01210	0.00749	0.00453	0.00493	0.00149	0.00643	0.00442	0.00250	0.00720
64	0.00818	0.00608	0.00739	0.00705	0.00754	0.02083	0.00497	0.02950	0.00822	0.01168	0.01373	0.02426	0.01424	0.41844	0.23302	0.00487	0.09130	0.00597	0.07880	0.00394
65	0.00976	0.00761	0.00885	0.00848	0.01012	0.00826	0.00640	0.06526	0.29499	0.03417	0.12600	0.30701	0.02508	0.01042	0.00594	0.00178	0.02785	0.03130	0.00482	0.00589
66	0.00681	0.00495	0.00594	0.00590	0.00671	0.00470	0.00411	0.00802	0.01040	0.01392	0.26730	0.05838	0.18689	0.29842	0.05837	0.00310	0.00395	0.04406	0.00416	0.00392
67	0.09997	0.00862	0.01099	0.00861	0.01228	0.00791	0.00708	0.02320	0.06482	0.67559	0.01825	0.01602	0.01171	0.00598	0.00477	0.00153	0.00413	0.00477	0.00573	0.00804
68	0.07612	0.00844	0.01114	0.00860	0.01235	0.00747	0.00710	0.02334	0.01370	0.74996	0.01858	0.01616	0.01172	0.00598	0.00482	0.00152	0.00416	0.00480	0.00589	0.00817
69	0.06355	0.00530	0.00651	0.00615	0.00744	0.00502	0.00463	0.00945	0.01330	0.01936	0.68540	0.05142	0.08443	0.00992	0.00562	0.00156	0.00244	0.00866	0.00519	0.00464
70	0.05621	0.01258	0.01271	0.01077	0.01283	0.14440	0.02385	0.20976	0.06838	0.01896	0.01081	0.01304	0.00877	0.00655	0.00763	0.00161	0.22690	0.01693	0.13105	0.00625
71	0.00964	0.00500	0.00510	0.00492	0.00624	0.00499	0.00373	0.03776	0.01086	0.03627	0.01738	0.01928	0.04523	0.00602	0.00362	0.00119	0.00245	0.00483	0.77073	0.00478
72	0.05128	0.00625	0.00770	0.00756	0.00935	0.00599	0.00618	0.03054	0.02012	0.15715	0.05235	0.08907	0.15836	0.03740	0.00634	0.00193	0.00376	0.28234	0.06108	0.00524
73	0.00615	0.00495	0.00550	0.00558	0.00699	0.00430	0.00418	0.00762	0.01158	0.01457	0.19754	0.12007	0.53564	0.01229	0.00589	0.00170	0.00258	0.04387	0.00473	0.00425
74	0.01372	0.37692	0.13714	0.02506	0.02940	0.14784	0.02800	0.06743	0.06719	0.03123	0.00943	0.02931	0.00786	0.00503	0.00408	0.00130	0.00609	0.00365	0.00272	0.00660
75	0.01183	0.07653	0.37914	0.04257	0.18181	0.07375	0.03998	0.07035	0.01171	0.01607	0.00931	0.02812	0.00736	0.00489	0.00466	0.00147	0.00664	0.00404	0.00248	0.02732

[dist]
# distance from previous block
# <min> <max>
0	1

[block]
# block no. 3 follows, 51 sequences, length 11
# corresponding to MSA columns:
# 182-192
name=unknown_D
#
# <colnr> <probs for GDERKNQSTAVLIFYWHMCP>
#	G	D	E	R	K	N	Q	S	T	A	V	L	I	F	Y	W	H	M	C	P
0	0.03606	0.24740	0.05369	0.03622	0.04744	0.10234	0.03273	0.15509	0.16244	0.01768	0.01129	0.03577	0.00921	0.00558	0.00467	0.00142	0.02655	0.00423	0.00334	0.00686
1	0.52469	0.10901	0.09028	0.00929	0.03627	0.11333	0.02589	0.01530	0.00962	0.01857	0.00728	0.00857	0.00578	0.00458	0.00351	0.00144	0.00513	0.00294	0.00274	0.00578
2	0.03570	0.08000	0.24565	0.01444	0.12634	0.21742	0.02884	0.03566	0.07015	0.03823	0.01188	0.01291	0.05111	0.00533	0.00460	0.00144	0.00660	0.00414	0.00282	0.00672
3	0.00642	0.00503	0.00580	0.00605	0.00719	0.00463	0.00439	0.00808	0.03762	0.01366	0.10626	0.23324	0.39128	0.07063	0.04286	0.00225	0.00333	0.04259	0.00446	0.00423
4	0.00829	0.00701	0.00810	0.00793	0.04380	0.03128	0.02537	0.06865	0.05375	0.01692	0.24871	0.07746	0.36340	0.01032	0.00563	0.00161	0.00326	0.00883	0.00464	0.00506
5	0.00632	0.00451	0.00561	0.00637	0.00705	0.00416	0.00444	0.00748	0.01012	0.01360	0.07420	0.55340	0.16751	0.01376	0.00596	0.00185	0.00277	0.03729	0.06947	0.00412
6	0.01221	0.67649	0.11170	0.00878	0.01313	0.01737	0.00915	0.01423	0.01012	0.01214	0.01033	0.01117	0.06645	0.00489	0.00353	0.00115	0.00527	0.00333	0.00229	0.00625
7	0.01027	0.00900	0.01129	0.00806	0.01247	0.00689	0.05105	0.01257	0.01027	0.01600	0.00881	0.01037	0.00729	0.00367	0.00377	0.00078	0.00391	0.00308	0.00289	0.80755
8	0.03624	0.45593	0.05776	0.00948	0.01351	0.05784	0.00883	0.14860	0.10174	0.01664	0.00942	0.01004	0.00767	0.00483	0.00383	0.00123	0.00530	0.00336	0.00300	0.04473
9	0.05049	0.02741	0.05860	0.03641	0.03504	0.13654	0.06925	0.11220	0.06235	0.09861	0.01432	0.03039	0.06892	0.00846	0.06043	0.00198	0.08973	0.00494	0.00350	0.03043
10	0.02565	0.01061	0.03221	0.05961	0.10443	0.09335	0.03806	0.05576	0.17515	0.06535	0.05206	0.11656	0.06393	0.00826	0.02260	0.00174	0.00503	0.02897	0.03438	0.00628

[dist]
# distance from previous block
# <min> <max>
2	17

[block]
# block no. 4 follows, 51 sequences, length 45
# corresponding to MSA columns:
# 211-220,222-256
name=unknown_E
#
# <colnr> <probs for GDERKNQSTAVLIFYWHMCP>
#	G	D	E	R	K	N	Q	S	T	A	V	L	I	F	Y	W	H	M	C	P
0	0.04050	0.23499	0.09106	0.01366	0.12480	0.16763	0.03857	0.01716	0.12814	0.01455	0.01016	0.03391	0.00858	0.00538	0.00496	0.00142	0.05115	0.00404	0.00278	0.00657
1	0.01811	0.00941	0.01230	0.01005	0.03800	0.02266	0.05016	0.16235	0.01504	0.44154	0.06158	0.01694	0.01309	0.02242	0.00529	0.00155	0.00451	0.00508	0.08237	0.00753
2	0.01057	0.00995	0.01677	0.33521	0.35877	0.01080	0.05118	0.01403	0.04138	0.01495	0.04349	0.03472	0.00993	0.00522	0.00498	0.00156	0.00587	0.00493	0.01916	0.00652
3	0.09829	0.00832	0.01051	0.00827	0.01169	0.00761	0.00674	0.05212	0.01346	0.61190	0.03262	0.01810	0.04601	0.04459	0.00575	0.00168	0.00412	0.00512	0.00553	0.00758
4	0.03182	0.03333	0.10458	0.04165	0.04735	0.05144	0.02917	0.21789	0.11710	0.03027	0.13770	0.06195	0.01667	0.00709	0.00534	0.00158	0.02402	0.03025	0.00409	0.00669
5	0.00710	0.00493	0.00607	0.00655	0.00696	0.00485	0.00456	0.00789	0.00877	0.01153	0.02158	0.16612	0.05646	0.44922	0.01641	0.00353	0.00430	0.20590	0.00370	0.00360
6	0.01152	0.01010	0.01037	0.00948	0.01195	0.04533	0.00737	0.03555	0.58912	0.01927	0.05954	0.04032	0.06777	0.00814	0.01946	0.00178	0.00413	0.03695	0.00481	0.00703
7	0.00782	0.00495	0.00584	0.00576	0.00604	0.00495	0.00349	0.00812	0.00768	0.04683	0.01600	0.06440	0.01772	0.67951	0.08241	0.00467	0.00525	0.00715	0.01803	0.00341
8	0.06996	0.00655	0.00823	0.00710	0.00927	0.00611	0.00557	0.01469	0.03829	0.26295	0.45986	0.02815	0.04646	0.00838	0.00532	0.00154	0.00305	0.00716	0.00543	0.00594
9	0.00710	0.00476	0.00545	0.00550	0.00553	0.00478	0.00314	0.00719	0.00725	0.00970	0.01584	0.06080	0.01822	0.77221	0.04937	0.00476	0.00496	0.00734	0.00302	0.00306
10	0.01267	0.64643	0.17735	0.00964	0.01439	0.04347	0.01035	0.01504	0.01019	0.01236	0.00725	0.00840	0.00629	0.00432	0.00349	0.00116	0.00577	0.00284	0.00211	0.00647
11	0.04646	0.01511	0.01386	0.01110	0.01459	0.17191	0.00896	0.56769	0.02019	0.02632	0.01100	0.01139	0.00805	0.00568	0.00469	0.00142	0.00589	0.00412	0.04402	0.00755
12	0.00784	0.00652	0.02136	0.10224	0.01136	0.00642	0.00628	0.02590	0.09788	0.01622	0.23938	0.12277	0.20716	0.02860	0.00605	0.00175	0.00343	0.05448	0.02939	0.00497
13	0.03702	0.14019	0.16041	0.05653	0.22593	0.13858	0.02716	0.05474	0.05960	0.01553	0.00916	0.01094	0.00734	0.00489	0.00484	0.00143	0.03236	0.00384	0.00261	0.00688
14	0.10488	0.01007	0.01523	0.14912	0.42809	0.03079	0.01186	0.01346	0.01020	0.01522	0.01032	0.05343	0.00928	0.03816	0.07758	0.00222	0.00628	0.00481	0.00261	0.00642
15	0.04325	0.24913	0.06008	0.04113	0.03521	0.39034	0.00978	0.07710	0.02646	0.01417	0.00805	0.00927	0.00664	0.00485	0.00411	0.00127	0.00707	0.00324	0.00262	0.00623
16	0.00678	0.00526	0.00618	0.00642	0.00752	0.00499	0.00460	0.00928	0.08621	0.01492	0.19133	0.33189	0.25480	0.03856	0.00652	0.00186	0.00280	0.01084	0.00473	0.00451
17	0.00637	0.00494	0.00579	0.00570	0.00701	0.00437	0.00423	0.00809	0.01235	0.01628	0.40221	0.10533	0.37658	0.01154	0.00584	0.00163	0.00244	0.00996	0.00497	0.00437
18	0.07309	0.00895	0.00986	0.00853	0.01119	0.00956	0.00680	0.14705	0.24090	0.16475	0.01754	0.06268	0.01384	0.00692	0.00471	0.00155	0.00387	0.04070	0.16063	0.00686
19	0.05177	0.00755	0.00814	0.00705	0.00920	0.00778	0.00555	0.21374	0.01431	0.06982	0.11064	0.06168	0.11107	0.00754	0.00461	0.00142	0.00336	0.00615	0.29286	0.00577
20	0.01090	0.02217	0.01453	0.01198	0.01358	0.09934	0.13243	0.02825	0.06826	0.01351	0.03938	0.02744	0.01115	0.09651	0.12779	0.00299	0.26631	0.00523	0.00282	0.00543
21	0.01317	0.01067	0.01142	0.00993	0.01281	0.01209	0.00781	0.15463	0.58444	0.03889	0.07386	0.01849	0.01604	0.00676	0.00504	0.00162	0.00404	0.00559	0.00504	0.00767
22	0.03257	0.08219	0.16123	0.01285	0.08680	0.04418	0.02450	0.14504	0.13360	0.03654	0.05723	0.01566	0.02141	0.00631	0.00596	0.00159	0.08797	0.03396	0.00351	0.00691
23	0.86201	0.00950	0.00722	0.00646	0.00950	0.01102	0.00532	0.01445	0.00836	0.02205	0.00684	0.00798	0.00532	0.00456	0.00304	0.00152	0.00380	0.00266	0.00304	0.00532
24	0.01242	0.01117	0.04768	0.21567	0.10846	0.05258	0.03447	0.18580	0.04705	0.03279	0.04151	0.01695	0.03118	0.00609	0.00511	0.00155	0.01943	0.04240	0.08122	0.00646
25	0.00726	0.00477	0.00533	0.00533	0.00553	0.00475	0.00312	0.00756	0.00765	0.01054	0.01719	0.03139	0.05581	0.69609	0.03895	0.00435	0.00461	0.00704	0.07953	0.00321
26	0.01542	0.01249	0.01416	0.03911	0.11121	0.03053	0.00967	0.39469	0.27497	0.02468	0.01402	0.01399	0.01039	0.00592	0.00493	0.00154	0.00507	0.00477	0.00450	0.00794
27	0.00981	0.05569	0.29730	0.01181	0.01616	0.03519	0.12520	0.03224	0.03381	0.01519	0.03471	0.07564	0.11140	0.03028	0.00571	0.00168	0.00579	0.05350	0.00309	0.04580
28	0.06642	0.08057	0.21415	0.01299	0.09380	0.10039	0.02652	0.08111	0.09180	0.14404	0.01241	0.02317	0.02038	0.00542	0.00460	0.00148	0.00582	0.00427	0.00348	0.00717
29	0.01161	0.06099	0.29869	0.01578	0.03892	0.01189	0.31238	0.03552	0.03880	0.06070	0.01196	0.01369	0.04148	0.00502	0.00531	0.00158	0.02110	0.00491	0.00276	0.00692
30	0.00723	0.00537	0.00720	0.00717	0.00757	0.00603	0.00508	0.00815	0.00776	0.01085	0.01520	0.11899	0.01640	0.33708	0.35140	0.00556	0.06920	0.00695	0.00296	0.00387
31	0.01100	0.01382	0.13319	0.03754	0.10271	0.17197	0.07798	0.01378	0.03462	0.01397	0.03123	0.17771	0.02664	0.02866	0.01743	0.00183	0.04990	0.04715	0.00311	0.00575
32	0.02483	0.17485	0.35068	0.05582	0.06256	0.01222	0.03453	0.01619	0.06472	0.08740	0.01215	0.01317	0.04336	0.00581	0.02012	0.00159	0.00611	0.00416	0.00283	0.00690
33	0.03855	0.00875	0.01083	0.00853	0.01189	0.00831	0.00698	0.15265	0.02570	0.50465	0.05455	0.01790	0.04228	0.00641	0.00484	0.00149	0.00407	0.00516	0.07885	0.00763
34	0.00792	0.00750	0.07713	0.00815	0.00975	0.00631	0.02191	0.03849	0.06376	0.01553	0.12952	0.35609	0.05798	0.02772	0.01698	0.00195	0.01794	0.08390	0.04654	0.00494
35	0.01137	0.15965	0.16923	0.07159	0.09791	0.03529	0.01047	0.08675	0.02662	0.03591	0.02767	0.11286	0.04057	0.00672	0.00482	0.00149	0.01577	0.01661	0.06240	0.00630
36	0.00972	0.00882	0.01467	0.15171	0.28966	0.00908	0.07369	0.01261	0.02846	0.01490	0.03866	0.10403	0.04949	0.00802	0.00556	0.00174	0.00530	0.16461	0.00328	0.00600
37	0.01093	0.00603	0.00626	0.00568	0.00731	0.00621	0.00441	0.12407	0.01228	0.04307	0.01551	0.01732	0.01196	0.00576	0.00370	0.00120	0.00280	0.00457	0.70566	0.00524
38	0.01035	0.01118	0.08476	0.43091	0.30181	0.01112	0.01421	0.01393	0.02948	0.01425	0.00958	0.02966	0.00771	0.00497	0.00491	0.00158	0.00622	0.00454	0.00238	0.00647
39	0.01413	0.14356	0.10882	0.03356	0.06375	0.02408	0.12655	0.13269	0.02813	0.15310	0.01363	0.03739	0.04794	0.00586	0.00535	0.00151	0.04445	0.00491	0.00356	0.00700
40	0.05847	0.00840	0.03599	0.00831	0.01175	0.00711	0.00700	0.02093	0.01348	0.60991	0.10721	0.01849	0.01560	0.00640	0.00487	0.00151	0.00396	0.00523	0.04783	0.00757
41	0.01693	0.01162	0.01285	0.01006	0.01347	0.01252	0.00823	0.56607	0.02042	0.10289	0.12751	0.01617	0.01446	0.00652	0.00499	0.00148	0.00472	0.00514	0.03627	0.00767
42	0.08823	0.11163	0.11662	0.07882	0.13122	0.04639	0.22286	0.01621	0.05082	0.05912	0.00983	0.01183	0.00753	0.00472	0.00497	0.00152	0.02389	0.00435	0.00273	0.00671
43	0.01063	0.01188	0.09523	0.06932	0.11239	0.12845	0.04767	0.02251	0.01071	0.03155	0.03830	0.12584	0.05330	0.03885	0.10307	0.00247	0.05680	0.00615	0.02928	0.00560
44	0.00637	0.00500	0.00593	0.00622	0.01849	0.00445	0.00451	0.00794	0.01170	0.01518	0.26644	0.17936	0.39123	0.01218	0.00592	0.00171	0.00264	0.04561	0.00478	0.00434

[dist]
# distance from previous block
# <min> <max>
0	7

[block]
# block no. 5 follows, 51 sequences, length 14
# corresponding to MSA columns:
# 264-277
name=unknown_F
#
# <colnr> <probs for GDERKNQSTAVLIFYWHMCP>
#	G	D	E	R	K	N	Q	S	T	A	V	L	I	F	Y	W	H	M	C	P
0	0.00713	0.00478	0.00545	0.00542	0.00551	0.00475	0.00311	0.00731	0.00767	0.01032	0.07583	0.03251	0.02008	0.76395	0.02352	0.00451	0.00457	0.00728	0.00317	0.00311
1	0.02695	0.30647	0.05030	0.01576	0.21122	0.05977	0.08196	0.06191	0.03981	0.04414	0.02797	0.01132	0.00839	0.00484	0.00464	0.00136	0.02961	0.00393	0.00276	0.00688
2	0.00703	0.00479	0.00579	0.00587	0.00617	0.00481	0.00371	0.00729	0.00773	0.01028	0.01865	0.08210	0.09152	0.51987	0.13418	0.07079	0.00559	0.00741	0.00312	0.00329
3	0.00744	0.00567	0.00756	0.00746	0.00843	0.00634	0.00559	0.01003	0.08255	0.01212	0.01703	0.02348	0.07394	0.16151	0.54093	0.00631	0.01008	0.00600	0.00306	0.00446
4	0.04942	0.00958	0.01552	0.53599	0.19140	0.01148	0.01329	0.01311	0.00983	0.01366	0.00854	0.01244	0.00674	0.00514	0.00589	0.00164	0.08385	0.00428	0.00227	0.00593
5	0.01303	0.28129	0.13423	0.03835	0.06540	0.07217	0.00986	0.03939	0.08773	0.09840	0.01512	0.01539	0.09839	0.00581	0.00438	0.00138	0.00534	0.00447	0.00323	0.00665
6	0.00979	0.00721	0.00840	0.00823	0.04587	0.03347	0.01934	0.07040	0.03504	0.09186	0.11275	0.08654	0.30593	0.08825	0.00746	0.00195	0.00374	0.05408	0.00448	0.00521
7	0.00740	0.00560	0.00680	0.00661	0.00797	0.00534	0.00503	0.03701	0.05573	0.01771	0.43278	0.11780	0.19599	0.01102	0.00585	0.00167	0.00277	0.06709	0.00504	0.00477
8	0.05143	0.01158	0.10428	0.10323	0.25622	0.01031	0.04759	0.06286	0.05902	0.09642	0.01359	0.07885	0.01177	0.00644	0.00508	0.00163	0.00545	0.06399	0.00340	0.00686
9	0.01402	0.01354	0.05489	0.05096	0.48066	0.10105	0.04318	0.08936	0.01279	0.07747	0.01008	0.01210	0.00789	0.00476	0.00486	0.00146	0.00620	0.00431	0.00294	0.00750
10	0.01016	0.00763	0.01009	0.00894	0.01064	0.04479	0.05804	0.08451	0.01047	0.07464	0.01464	0.01967	0.03969	0.10056	0.45323	0.00536	0.00973	0.00544	0.02664	0.00515
11	0.01468	0.07251	0.01281	0.04662	0.01310	0.01036	0.02392	0.13480	0.06713	0.24436	0.15450	0.01887	0.01679	0.00700	0.00626	0.00158	0.09806	0.02031	0.02957	0.00679
12	0.03972	0.01312	0.07124	0.01529	0.21432	0.16031	0.01021	0.06978	0.08401	0.01614	0.01394	0.11617	0.02647	0.00816	0.03597	0.00181	0.02501	0.04101	0.01738	0.01993
13	0.00992	0.00809	0.01062	0.11089	0.08296	0.03037	0.00804	0.01384	0.12985	0.05779	0.25729	0.09416	0.04453	0.00844	0.00641	0.00167	0.08175	0.02111	0.01656	0.00572

[dist]
# distance from previous block
# <min> <max>
0	25

# created by:
# /st0/software/busco_prod/Augustus/scripts/msa2prfl.pl ./align_prep/110270.fa
