[name]
unknown

[dist]
# distance from previous block
# <min> <max>
2	44

[block]
# block no. 0 follows, 64 sequences, length 49
# corresponding to MSA columns:
# 49-63,70-100,113-115
name=unknown_A
#
# <colnr> <probs for GDERKNQSTAVLIFYWHMCP>
#	G	D	E	R	K	N	Q	S	T	A	V	L	I	F	Y	W	H	M	C	P
0	0.07382	0.05322	0.04041	0.01114	0.15462	0.08492	0.02850	0.13228	0.05855	0.12915	0.02002	0.03304	0.00851	0.02322	0.02919	0.00141	0.00458	0.00381	0.03934	0.07028
1	0.03300	0.02911	0.03488	0.04370	0.06946	0.08643	0.01652	0.03289	0.06580	0.13615	0.07926	0.07798	0.06096	0.03589	0.00473	0.00132	0.01378	0.00489	0.10265	0.07061
2	0.09222	0.01898	0.05406	0.00850	0.05280	0.09597	0.05450	0.10436	0.01030	0.04394	0.05792	0.05204	0.02066	0.04221	0.00509	0.02526	0.01760	0.04165	0.19718	0.00477
3	0.01171	0.02338	0.01151	0.01168	0.16639	0.04117	0.00790	0.24819	0.21933	0.04134	0.01265	0.07186	0.01061	0.00563	0.00422	0.00130	0.00411	0.04400	0.00355	0.05948
4	0.00887	0.04257	0.00816	0.00786	0.08150	0.00625	0.00551	0.11668	0.01077	0.10455	0.05138	0.20125	0.26191	0.00859	0.00463	0.00139	0.00310	0.04276	0.01326	0.01899
5	0.03751	0.00448	0.00521	0.01877	0.00647	0.00444	0.00387	0.00883	0.04533	0.03974	0.15247	0.20347	0.10810	0.04859	0.04642	0.00170	0.00283	0.00686	0.25096	0.00392
6	0.14101	0.10782	0.04703	0.01098	0.11102	0.12929	0.10356	0.08511	0.04446	0.05979	0.01056	0.01179	0.05495	0.02731	0.00422	0.00129	0.00480	0.00372	0.03586	0.00542
7	0.03403	0.01001	0.05785	0.07975	0.46974	0.04943	0.02194	0.05030	0.03117	0.01370	0.00937	0.07405	0.00828	0.00529	0.02234	0.00140	0.01827	0.00426	0.03299	0.00584
8	0.00617	0.00484	0.00618	0.00668	0.04612	0.02223	0.02522	0.00734	0.00896	0.02473	0.14162	0.32309	0.20225	0.08104	0.03579	0.00188	0.00312	0.02938	0.01962	0.00375
9	0.50476	0.00896	0.05794	0.09188	0.07931	0.00925	0.00685	0.06431	0.04424	0.04054	0.00870	0.03117	0.02816	0.00448	0.00329	0.00131	0.00381	0.00325	0.00272	0.00506
10	0.00597	0.00402	0.00512	0.00561	0.00628	0.00365	0.00387	0.00686	0.00841	0.05179	0.04754	0.62361	0.11039	0.03592	0.00551	0.00164	0.00248	0.01027	0.02647	0.03460
11	0.00952	0.00912	0.01538	0.18512	0.49282	0.00917	0.07071	0.01204	0.00913	0.01296	0.00771	0.01027	0.00629	0.00369	0.00403	0.00119	0.00494	0.00361	0.00208	0.13022
12	0.00885	0.00737	0.00874	0.02813	0.01035	0.00565	0.00512	0.01071	0.00869	0.03402	0.00761	0.00882	0.00624	0.00316	0.00313	0.00065	0.00315	0.00254	0.00251	0.83456
13	0.00552	0.00395	0.00482	0.00509	0.00557	0.00371	0.00339	0.00635	0.00845	0.01131	0.20545	0.31943	0.12789	0.25861	0.00981	0.00225	0.00274	0.00875	0.00363	0.00326
14	0.01148	0.01132	0.00992	0.00895	0.01125	0.19293	0.00690	0.02086	0.64202	0.01578	0.01459	0.01373	0.01106	0.00534	0.00412	0.00133	0.00422	0.00425	0.00377	0.00619
15	0.01993	0.00922	0.01511	0.16635	0.42980	0.00966	0.08906	0.03320	0.10856	0.02319	0.00940	0.01212	0.00762	0.01444	0.00442	0.00134	0.00494	0.02122	0.00243	0.01800
16	0.00983	0.15044	0.18623	0.01950	0.02777	0.08988	0.10834	0.03835	0.02032	0.01283	0.00857	0.01042	0.00687	0.00536	0.03377	0.00140	0.08546	0.00344	0.17607	0.00515
17	0.01523	0.01773	0.01173	0.01037	0.01272	0.64638	0.00791	0.15027	0.06505	0.01331	0.00769	0.00842	0.00611	0.00449	0.00384	0.00112	0.00673	0.00298	0.00261	0.00530
18	0.00579	0.00417	0.00506	0.00511	0.00611	0.00372	0.00372	0.00711	0.01000	0.04210	0.32537	0.24654	0.29952	0.01023	0.00498	0.00144	0.00218	0.00893	0.00417	0.00375
19	0.00781	0.00444	0.00583	0.00587	0.00680	0.00415	0.00422	0.00887	0.00885	0.15529	0.09817	0.40945	0.05080	0.09495	0.06513	0.00213	0.00334	0.02536	0.03449	0.00405
20	0.00778	0.00650	0.00830	0.00972	0.15558	0.06391	0.00594	0.00912	0.02198	0.02783	0.01104	0.01803	0.01090	0.28727	0.33355	0.00424	0.00717	0.00470	0.00238	0.00405
21	0.00650	0.00515	0.00719	0.00688	0.00731	0.00620	0.00520	0.00752	0.00646	0.00931	0.01063	0.01776	0.01070	0.23059	0.49335	0.00518	0.15358	0.00470	0.00223	0.00356
22	0.00593	0.00445	0.00668	0.00668	0.00742	0.00519	0.00519	0.00742	0.00668	0.00964	0.01113	0.01632	0.01038	0.03115	0.83756	0.00668	0.01113	0.00445	0.00223	0.00371
23	0.01154	0.00566	0.00726	0.00632	0.00833	0.00510	0.00498	0.01344	0.04725	0.37675	0.14291	0.11027	0.16261	0.02996	0.00506	0.00146	0.00294	0.04837	0.00451	0.00527
24	0.00861	0.00738	0.00861	0.00615	0.00984	0.00554	0.00492	0.01046	0.00861	0.01354	0.00738	0.00861	0.00615	0.00308	0.00308	0.00062	0.00308	0.00246	0.00246	0.87941
25	0.01769	0.00484	0.00613	0.00599	0.00731	0.00442	0.00452	0.02723	0.00985	0.18717	0.11240	0.34751	0.17123	0.00999	0.00492	0.00151	0.00270	0.06601	0.00420	0.00437
26	0.00871	0.00773	0.01277	0.01031	0.02329	0.02130	0.25938	0.03882	0.04900	0.04309	0.04109	0.06734	0.01181	0.22519	0.06644	0.00246	0.08305	0.00541	0.01830	0.00451
27	0.79254	0.00841	0.00677	0.00589	0.00854	0.00969	0.00485	0.09617	0.00837	0.01943	0.00622	0.00709	0.00477	0.00397	0.00274	0.00128	0.00336	0.00241	0.00274	0.00477
28	0.01091	0.00579	0.00744	0.00666	0.00845	0.00545	0.00521	0.06965	0.03991	0.29109	0.19989	0.21309	0.04378	0.00832	0.00473	0.00143	0.00297	0.06557	0.00448	0.00516
29	0.02882	0.00552	0.00691	0.00624	0.00788	0.00529	0.00478	0.01244	0.11357	0.21946	0.34341	0.15914	0.05348	0.00800	0.00465	0.00138	0.00263	0.00695	0.00448	0.00495
30	0.03928	0.01269	0.01195	0.00952	0.01258	0.15729	0.00771	0.59278	0.04559	0.05503	0.00973	0.00981	0.00702	0.00486	0.00404	0.00122	0.00496	0.00356	0.00380	0.00658
31	0.00609	0.00466	0.00689	0.00680	0.00748	0.00552	0.00528	0.00749	0.00664	0.00960	0.01092	0.01638	0.01032	0.06184	0.76498	0.00633	0.05237	0.00447	0.00222	0.00370
32	0.12226	0.00820	0.00912	0.00773	0.01038	0.00875	0.00620	0.06688	0.37763	0.28081	0.02949	0.01460	0.01127	0.00539	0.00404	0.00135	0.00342	0.02176	0.00431	0.00640
33	0.09058	0.00711	0.00843	0.00707	0.00951	0.00708	0.00560	0.05164	0.17955	0.38916	0.05650	0.07591	0.03496	0.05160	0.00509	0.00149	0.00333	0.00503	0.00438	0.00598
34	0.00516	0.00369	0.00493	0.00590	0.00618	0.00346	0.00403	0.00596	0.00805	0.01072	0.02284	0.80219	0.02725	0.01292	0.00533	0.00170	0.00250	0.05994	0.00385	0.00340
35	0.01562	0.01121	0.01207	0.00929	0.01252	0.01233	0.00766	0.75854	0.01889	0.05435	0.01032	0.01031	0.00730	0.00499	0.00411	0.00124	0.00444	0.00376	0.03410	0.00695
36	0.00560	0.00420	0.00519	0.00501	0.00605	0.00379	0.00373	0.00728	0.01101	0.01504	0.59595	0.07490	0.22855	0.00921	0.00492	0.00135	0.00202	0.00803	0.00436	0.00379
37	0.04114	0.01805	0.01188	0.01114	0.05319	0.68526	0.00812	0.08685	0.02524	0.01212	0.00695	0.00796	0.00566	0.00432	0.00377	0.00111	0.00691	0.00284	0.00236	0.00512
38	0.00607	0.00442	0.00565	0.00530	0.00635	0.00412	0.00398	0.02881	0.01174	0.01647	0.74340	0.05358	0.07716	0.00863	0.00489	0.00132	0.00205	0.00759	0.00451	0.00397
39	0.00685	0.00490	0.00674	0.00756	0.00855	0.00492	0.00653	0.03071	0.00980	0.01280	0.03787	0.08555	0.02392	0.01131	0.00565	0.00187	0.00374	0.72298	0.00385	0.00389
40	0.01508	0.01886	0.01185	0.01069	0.01271	0.76029	0.00810	0.03577	0.01159	0.01055	0.00644	0.00766	0.00540	0.00450	0.00444	0.00113	0.06517	0.00277	0.00217	0.00485
41	0.00861	0.00738	0.00861	0.00615	0.00984	0.00554	0.00492	0.01046	0.00861	0.01354	0.00738	0.00861	0.00615	0.00308	0.00308	0.00062	0.00308	0.00246	0.00246	0.87941
42	0.13372	0.03425	0.01240	0.02081	0.01263	0.12505	0.06629	0.35977	0.03120	0.07250	0.00880	0.00952	0.00654	0.00481	0.00478	0.00129	0.08295	0.00347	0.00327	0.00597
43	0.00526	0.00383	0.00484	0.00551	0.00596	0.00356	0.00378	0.00608	0.00824	0.01083	0.06442	0.57407	0.13650	0.09692	0.00684	0.00188	0.00258	0.05178	0.00376	0.00336
44	0.02878	0.00453	0.00574	0.00574	0.00684	0.00423	0.00442	0.00837	0.01019	0.07482	0.34464	0.16210	0.14307	0.03266	0.00544	0.00156	0.00258	0.14615	0.00416	0.00397
45	0.03320	0.00585	0.00743	0.02970	0.00872	0.00584	0.03354	0.07480	0.06448	0.06520	0.19197	0.10683	0.15038	0.05195	0.07042	0.00193	0.00371	0.05572	0.00374	0.03459
46	0.03389	0.00794	0.01301	0.55328	0.22422	0.00921	0.01114	0.03249	0.00871	0.01182	0.00750	0.01080	0.00589	0.00457	0.00470	0.04497	0.00520	0.00365	0.00198	0.00502
47	0.00580	0.00409	0.00508	0.00531	0.00607	0.00375	0.00378	0.00693	0.00930	0.03457	0.25041	0.31953	0.18734	0.09763	0.00673	0.00176	0.00248	0.04191	0.00395	0.00358
48	0.00614	0.00419	0.00501	0.00514	0.00540	0.00420	0.00329	0.00656	0.00706	0.02442	0.03464	0.22023	0.06398	0.50694	0.01481	0.00302	0.03294	0.02337	0.02565	0.00302

[dist]
# distance from previous block
# <min> <max>
0	1

[block]
# block no. 1 follows, 64 sequences, length 31
# corresponding to MSA columns:
# 117-147
name=unknown_B
#
# <colnr> <probs for GDERKNQSTAVLIFYWHMCP>
#	G	D	E	R	K	N	Q	S	T	A	V	L	I	F	Y	W	H	M	C	P
0	0.03957	0.00741	0.00852	0.00613	0.00978	0.00567	0.00491	0.01052	0.00856	0.01372	0.00733	0.00855	0.00609	0.00310	0.00306	0.00064	0.00308	0.00245	0.00246	0.84845
1	0.01049	0.00998	0.01575	0.15853	0.53216	0.04580	0.05677	0.05453	0.03826	0.02558	0.00827	0.01057	0.00663	0.00394	0.00415	0.00127	0.00516	0.00377	0.00226	0.00615
2	0.00882	0.00822	0.01315	0.49248	0.22078	0.00951	0.01101	0.02996	0.05002	0.01219	0.02020	0.01118	0.00671	0.00434	0.00466	0.00134	0.05298	0.00376	0.00213	0.03657
3	0.01111	0.85652	0.02177	0.00711	0.01066	0.01644	0.00711	0.01244	0.00844	0.00977	0.00577	0.00666	0.00533	0.00355	0.00267	0.00089	0.00444	0.00222	0.00178	0.00533
4	0.00585	0.00423	0.00504	0.00504	0.00613	0.00375	0.00374	0.00710	0.00991	0.04176	0.28438	0.16394	0.37154	0.01024	0.00533	0.02923	0.00226	0.03280	0.00406	0.00370
5	0.01080	0.00882	0.00941	0.00839	0.01079	0.01009	0.00655	0.02197	0.77457	0.06370	0.01688	0.01542	0.01254	0.00561	0.00422	0.00140	0.00330	0.00467	0.00428	0.00660
6	0.03041	0.15289	0.01328	0.01001	0.01241	0.67269	0.00781	0.03404	0.01133	0.01062	0.00639	0.00740	0.00537	0.00417	0.00356	0.00105	0.00686	0.00262	0.00214	0.00494
7	0.00617	0.00431	0.00529	0.00521	0.00614	0.00401	0.00382	0.00745	0.00961	0.04275	0.32785	0.07793	0.21317	0.16738	0.03814	0.00210	0.00294	0.06825	0.00386	0.00363
8	0.00520	0.00368	0.00478	0.00560	0.00580	0.00347	0.00366	0.00582	0.00767	0.01023	0.02145	0.73006	0.02565	0.13675	0.00763	0.00203	0.00265	0.01096	0.00366	0.00325
9	0.00522	0.00368	0.00477	0.00558	0.00579	0.00348	0.00364	0.00582	0.00765	0.01020	0.02133	0.71982	0.02550	0.14719	0.00783	0.00206	0.00267	0.01089	0.00364	0.00324
10	0.09922	0.00476	0.00554	0.00557	0.00654	0.00467	0.00394	0.00865	0.02969	0.09210	0.09646	0.34110	0.08535	0.15797	0.02521	0.00204	0.00302	0.00793	0.01636	0.00386
11	0.07102	0.01250	0.01134	0.00946	0.01190	0.20495	0.00756	0.36409	0.12554	0.01862	0.00929	0.00990	0.00710	0.00528	0.00522	0.01992	0.09360	0.00351	0.00329	0.00593
12	0.01546	0.00941	0.01075	0.00855	0.01160	0.00994	0.00696	0.35047	0.20972	0.30089	0.01385	0.01274	0.00952	0.00520	0.00418	0.00130	0.00391	0.00412	0.00451	0.00695
13	0.14585	0.00467	0.00527	0.00549	0.00644	0.00465	0.00401	0.00783	0.00876	0.02778	0.18156	0.33202	0.08688	0.07098	0.00583	0.00168	0.00263	0.05895	0.03500	0.00372
14	0.10980	0.00544	0.00615	0.00573	0.00717	0.00539	0.00430	0.05323	0.04810	0.09156	0.25508	0.16495	0.14804	0.06968	0.00573	0.00158	0.00271	0.00706	0.00397	0.00432
15	0.88336	0.00803	0.00611	0.00546	0.00803	0.00932	0.00450	0.01221	0.00707	0.01864	0.00578	0.00675	0.00450	0.00386	0.00257	0.00129	0.00321	0.00225	0.00257	0.00450
16	0.05965	0.00912	0.01001	0.00824	0.01102	0.00990	0.00663	0.27086	0.32203	0.18116	0.03876	0.01402	0.02881	0.00543	0.00414	0.00132	0.00367	0.00434	0.00430	0.00657
17	0.59153	0.00792	0.00721	0.00618	0.00879	0.00876	0.00502	0.04682	0.06935	0.16855	0.00901	0.00963	0.00666	0.03473	0.00372	0.00139	0.00336	0.00299	0.00323	0.00516
18	0.00699	0.00503	0.00611	0.00628	0.00705	0.00508	0.00445	0.12777	0.02232	0.01309	0.05878	0.53363	0.02301	0.12001	0.00716	0.00191	0.00299	0.04068	0.00377	0.00391
19	0.00634	0.00451	0.00662	0.00653	0.00704	0.00522	0.00493	0.00709	0.00638	0.00911	0.01023	0.01595	0.00984	0.07907	0.59057	0.16801	0.05275	0.00435	0.00214	0.00332
20	0.00580	0.00420	0.00483	0.00496	0.00604	0.00369	0.00360	0.00687	0.00931	0.05159	0.11980	0.24934	0.44652	0.04374	0.00562	0.00157	0.00234	0.02259	0.00394	0.00366
21	0.04952	0.00509	0.00736	0.00696	0.00786	0.00580	0.02988	0.03651	0.00706	0.01044	0.01008	0.01491	0.00935	0.03584	0.59696	0.12503	0.03120	0.00422	0.00224	0.00367
22	0.27014	0.03456	0.01001	0.00851	0.02864	0.18386	0.00664	0.13906	0.14914	0.09476	0.00951	0.00973	0.00711	0.00462	0.00382	0.00126	0.02655	0.00324	0.00320	0.00563
23	0.00791	0.00750	0.01284	0.81786	0.02839	0.00927	0.03692	0.01070	0.00835	0.01070	0.00742	0.01108	0.00556	0.00413	0.00418	0.00138	0.00558	0.00373	0.00185	0.00465
24	0.00945	0.06122	0.10782	0.00912	0.09283	0.00735	0.02033	0.01196	0.03018	0.05329	0.00804	0.00917	0.00642	0.00345	0.00337	0.00084	0.00380	0.00282	0.00247	0.55608
25	0.00977	0.00877	0.01223	0.01043	0.01069	0.01193	0.00865	0.01071	0.00680	0.07654	0.00657	0.01004	0.00613	0.03241	0.01309	0.00184	0.75286	0.00375	0.00211	0.00469
26	0.00571	0.00417	0.00552	0.00624	0.00692	0.00389	0.00467	0.00686	0.00860	0.01144	0.04347	0.52906	0.06020	0.01187	0.00529	0.00168	0.00281	0.23150	0.00380	0.04631
27	0.01216	0.00977	0.03285	0.12354	0.24949	0.01923	0.13681	0.13487	0.05097	0.16046	0.02208	0.01166	0.00786	0.00435	0.00427	0.00130	0.00497	0.00406	0.00304	0.00626
28	0.10825	0.09792	0.04090	0.00921	0.06590	0.08979	0.00724	0.12001	0.03862	0.26198	0.05025	0.03033	0.00944	0.00506	0.00432	0.00126	0.04627	0.00381	0.00351	0.00595
29	0.01371	0.00616	0.00817	0.00669	0.00912	0.00542	0.00533	0.01557	0.03220	0.50557	0.19091	0.09370	0.03322	0.00659	0.00440	0.00130	0.00304	0.00560	0.00472	0.04858
30	0.01121	0.02477	0.05467	0.00886	0.04556	0.00755	0.07402	0.07794	0.07352	0.16119	0.04307	0.01141	0.00877	0.00413	0.00376	0.00101	0.00384	0.00353	0.00320	0.37797

[dist]
# distance from previous block
# <min> <max>
0	1

[block]
# block no. 2 follows, 64 sequences, length 8
# corresponding to MSA columns:
# 149-156
name=unknown_C
#
# <colnr> <probs for GDERKNQSTAVLIFYWHMCP>
#	G	D	E	R	K	N	Q	S	T	A	V	L	I	F	Y	W	H	M	C	P
0	0.02510	0.00925	0.02853	0.01079	0.10205	0.06627	0.12449	0.03140	0.10134	0.04627	0.02815	0.02602	0.00900	0.00534	0.02524	0.02098	0.00452	0.03720	0.00278	0.29529
1	0.10437	0.03107	0.01358	0.04147	0.11904	0.07327	0.16775	0.08429	0.05478	0.17326	0.02716	0.01209	0.02168	0.02034	0.00437	0.00132	0.00477	0.00400	0.01726	0.02412
2	0.09386	0.00841	0.04643	0.13753	0.09029	0.02933	0.08849	0.06914	0.03919	0.08463	0.07019	0.12144	0.01280	0.02940	0.00495	0.00147	0.01744	0.04680	0.00307	0.00511
3	0.00823	0.00781	0.01348	0.53175	0.19769	0.00889	0.06507	0.01079	0.00862	0.01143	0.00904	0.09188	0.00793	0.00487	0.00431	0.00138	0.00521	0.00456	0.00210	0.00498
4	0.06895	0.00451	0.00515	0.00514	0.00609	0.00430	0.00367	0.00766	0.00875	0.05356	0.16278	0.16654	0.20863	0.20798	0.00858	0.00205	0.00282	0.04694	0.02231	0.00360
5	0.03197	0.00645	0.00770	0.00703	0.00880	0.00645	0.00547	0.17365	0.04768	0.13922	0.05343	0.30951	0.04914	0.00875	0.00470	0.00146	0.00322	0.08845	0.00406	0.04286
6	0.09066	0.00465	0.00625	0.00619	0.00694	0.00527	0.00466	0.00749	0.00649	0.01004	0.01030	0.01598	0.00987	0.10688	0.57128	0.11842	0.00870	0.00429	0.00223	0.00342
7	0.04018	0.00977	0.01084	0.00836	0.01150	0.01024	0.00687	0.51874	0.01613	0.15733	0.04612	0.01154	0.00895	0.00494	0.00400	0.00119	0.00401	0.00381	0.03467	0.09080

[dist]
# distance from previous block
# <min> <max>
0	19

[block]
# block no. 3 follows, 64 sequences, length 22
# corresponding to MSA columns:
# 176-197
name=unknown_D
#
# <colnr> <probs for GDERKNQSTAVLIFYWHMCP>
#	G	D	E	R	K	N	Q	S	T	A	V	L	I	F	Y	W	H	M	C	P
0	0.07886	0.00587	0.00693	0.00610	0.00788	0.00569	0.00469	0.03898	0.06477	0.25051	0.14017	0.05783	0.11033	0.13892	0.00697	0.00177	0.00312	0.03897	0.02677	0.00487
1	0.00731	0.00480	0.00609	0.00605	0.00690	0.00494	0.00436	0.00932	0.08826	0.08064	0.05189	0.21899	0.03321	0.21290	0.20019	0.00329	0.00498	0.02929	0.02265	0.00393
2	0.75626	0.03049	0.00710	0.00591	0.00856	0.03063	0.00488	0.04406	0.00798	0.06394	0.00656	0.00730	0.00497	0.00397	0.00275	0.00127	0.00343	0.00243	0.00274	0.00477
3	0.19658	0.00844	0.00957	0.00753	0.01057	0.00857	0.00620	0.23628	0.01299	0.41921	0.03483	0.01193	0.00900	0.00493	0.00386	0.00128	0.00371	0.00375	0.00432	0.00645
4	0.11419	0.00544	0.00603	0.00578	0.00709	0.00558	0.00433	0.06210	0.07810	0.02815	0.26670	0.21958	0.06750	0.01927	0.00461	0.00141	0.00256	0.00705	0.09025	0.00429
5	0.00597	0.00440	0.00558	0.00611	0.00682	0.00428	0.00446	0.03339	0.04878	0.01243	0.11673	0.52356	0.08317	0.01149	0.00520	0.00162	0.00264	0.11564	0.00396	0.00378
6	0.00603	0.00386	0.00483	0.00506	0.00514	0.00382	0.00313	0.00590	0.00639	0.00854	0.01422	0.21988	0.01637	0.46644	0.04025	0.17417	0.00377	0.00689	0.00269	0.00262
7	0.03908	0.01177	0.01122	0.00891	0.01196	0.14673	0.00718	0.46256	0.04235	0.06817	0.03336	0.01034	0.00791	0.00473	0.00393	0.00115	0.00464	0.00353	0.00364	0.11684
8	0.00587	0.00405	0.00506	0.00556	0.00583	0.00398	0.00379	0.00648	0.00735	0.00974	0.01796	0.28745	0.02075	0.42036	0.01307	0.00287	0.00348	0.17010	0.00320	0.00305
9	0.83683	0.00823	0.00645	0.00568	0.00829	0.00951	0.00468	0.05522	0.00774	0.01904	0.00601	0.00692	0.00464	0.00392	0.00266	0.00128	0.00329	0.00233	0.00266	0.00464
10	0.01579	0.01163	0.01247	0.00956	0.01288	0.01288	0.00789	0.81426	0.01953	0.02618	0.00997	0.00997	0.00706	0.00499	0.00416	0.00125	0.00457	0.00374	0.00416	0.00706
11	0.00562	0.00419	0.00523	0.00506	0.00607	0.00380	0.00376	0.00731	0.01101	0.01511	0.60797	0.09520	0.19586	0.00924	0.00493	0.00135	0.00202	0.00809	0.00437	0.00380
12	0.00518	0.00367	0.00478	0.00563	0.00584	0.00346	0.00369	0.00582	0.00771	0.01028	0.02165	0.74708	0.02591	0.11938	0.00731	0.00198	0.00261	0.01108	0.00369	0.00327
13	0.05776	0.00456	0.00542	0.00553	0.00656	0.00432	0.00403	0.02053	0.02173	0.05867	0.19125	0.35538	0.18789	0.03127	0.00529	0.00156	0.00249	0.02788	0.00398	0.00388
14	0.00716	0.00363	0.00537	0.00537	0.00537	0.00363	0.00356	0.00544	0.00544	0.00726	0.00750	0.01332	0.00759	0.05460	0.01647	0.83728	0.00363	0.00372	0.00184	0.00184
15	0.01843	0.00740	0.00984	0.00755	0.01077	0.00659	0.00623	0.07757	0.01244	0.77288	0.01592	0.01384	0.01005	0.00513	0.00418	0.00128	0.00361	0.00415	0.00507	0.00707
16	0.00548	0.00420	0.00499	0.00495	0.00601	0.00376	0.00369	0.00694	0.01035	0.01370	0.40953	0.09325	0.34303	0.03357	0.00542	0.00147	0.00218	0.03964	0.00416	0.00368
17	0.00600	0.00403	0.00515	0.00566	0.00638	0.00367	0.00402	0.00697	0.00877	0.06183	0.07164	0.56377	0.17201	0.01174	0.00516	0.00160	0.00247	0.05147	0.00397	0.00368
18	0.00855	0.00800	0.01327	0.65335	0.17408	0.00952	0.01160	0.03478	0.00881	0.01160	0.00750	0.01086	0.00577	0.00416	0.00433	0.00136	0.02176	0.00369	0.00195	0.00504
19	0.01419	0.01079	0.01186	0.04833	0.03166	0.02686	0.00786	0.60061	0.10794	0.03435	0.01067	0.01101	0.00781	0.00638	0.04885	0.00156	0.00487	0.00387	0.00388	0.00666
20	0.00885	0.00571	0.00695	0.00624	0.00778	0.00563	0.00479	0.13592	0.01138	0.11901	0.24823	0.12156	0.14342	0.05333	0.09006	0.00204	0.00370	0.01677	0.00404	0.00460
21	0.00632	0.00453	0.00545	0.00541	0.00644	0.00425	0.00394	0.04331	0.02678	0.03459	0.29110	0.27203	0.21327	0.03493	0.00539	0.00151	0.00237	0.00862	0.02586	0.00390

[dist]
# distance from previous block
# <min> <max>
3	5

[block]
# block no. 4 follows, 64 sequences, length 28
# corresponding to MSA columns:
# 203-230
name=unknown_E
#
# <colnr> <probs for GDERKNQSTAVLIFYWHMCP>
#	G	D	E	R	K	N	Q	S	T	A	V	L	I	F	Y	W	H	M	C	P
0	0.06909	0.00589	0.00692	0.00609	0.00791	0.00576	0.00471	0.04058	0.08903	0.22004	0.16609	0.09149	0.04310	0.05734	0.00515	0.00145	0.00288	0.01746	0.13069	0.02834
1	0.00569	0.00400	0.00492	0.00527	0.00606	0.00361	0.00373	0.00679	0.00918	0.03866	0.17249	0.43988	0.23643	0.01105	0.00502	0.00151	0.00227	0.00976	0.03004	0.00364
2	0.16093	0.00679	0.00787	0.01653	0.00898	0.00693	0.02347	0.08462	0.02744	0.29055	0.01253	0.01274	0.00891	0.00483	0.00377	0.00120	0.02612	0.00372	0.28662	0.00545
3	0.01070	0.00901	0.00955	0.00843	0.01083	0.01033	0.00660	0.10193	0.70640	0.01824	0.04908	0.01557	0.01319	0.00569	0.00425	0.00139	0.00336	0.00471	0.00423	0.00652
4	0.00694	0.00441	0.00536	0.00532	0.00650	0.00393	0.00395	0.00818	0.00972	0.11001	0.18026	0.24755	0.30382	0.02378	0.00516	0.00149	0.00242	0.03806	0.02917	0.00398
5	0.00991	0.00513	0.00659	0.00618	0.00769	0.00478	0.00476	0.01187	0.05037	0.25486	0.12798	0.25446	0.04684	0.00848	0.00458	0.00142	0.00277	0.07274	0.11378	0.00480
6	0.88336	0.00803	0.00611	0.00546	0.00803	0.00932	0.00450	0.01221	0.00707	0.01864	0.00578	0.00675	0.00450	0.00386	0.00257	0.00129	0.00321	0.00225	0.00257	0.00450
7	0.00517	0.00394	0.00476	0.00515	0.00592	0.00353	0.00364	0.00625	0.00921	0.01202	0.19015	0.41945	0.29322	0.01129	0.00509	0.00152	0.00222	0.00994	0.00400	0.00353
8	0.29821	0.00778	0.00808	0.00695	0.00935	0.00836	0.00560	0.14870	0.11000	0.16259	0.08521	0.07605	0.01256	0.00590	0.00386	0.00135	0.00336	0.03679	0.00382	0.00548
9	0.01376	0.01003	0.01087	0.00883	0.01173	0.01109	0.00713	0.42255	0.32353	0.09760	0.01385	0.01306	0.02584	0.00536	0.00420	0.00132	0.00394	0.00424	0.00427	0.00681
10	0.67726	0.00851	0.00723	0.00621	0.00887	0.00972	0.00510	0.13617	0.04222	0.03525	0.00727	0.00795	0.00548	0.00415	0.00292	0.00128	0.00340	0.00265	0.02335	0.00501
11	0.04544	0.00510	0.00655	0.00604	0.00752	0.00472	0.00454	0.01121	0.00971	0.27397	0.15084	0.27084	0.05339	0.05985	0.04344	0.00181	0.00319	0.00724	0.02993	0.00467
12	0.19894	0.00708	0.00817	0.00696	0.00945	0.00709	0.00568	0.05161	0.08982	0.36463	0.06986	0.04478	0.02645	0.00612	0.00409	0.00138	0.00335	0.08456	0.00423	0.00575
13	0.00559	0.00397	0.00501	0.00561	0.00615	0.00370	0.00395	0.00647	0.00834	0.02286	0.05739	0.48531	0.14445	0.11884	0.00727	0.00195	0.00273	0.10326	0.00373	0.00341
14	0.00779	0.00556	0.00636	0.00599	0.00756	0.00549	0.00456	0.01161	0.20523	0.09398	0.17936	0.13232	0.28793	0.00876	0.00473	0.00142	0.00257	0.01992	0.00421	0.00466
15	0.03566	0.00999	0.01288	0.04860	0.43029	0.13238	0.00959	0.03411	0.00992	0.04871	0.04350	0.04658	0.04037	0.00636	0.05259	0.00156	0.00518	0.00425	0.02185	0.00563
16	0.00696	0.00473	0.00554	0.00539	0.00663	0.00441	0.00401	0.03168	0.05192	0.07306	0.21881	0.21454	0.27885	0.00941	0.00475	0.00140	0.00236	0.00813	0.06330	0.00412
17	0.59213	0.00819	0.00751	0.00635	0.00910	0.00903	0.00521	0.08103	0.05311	0.18062	0.00884	0.00896	0.00630	0.00430	0.00311	0.00129	0.00339	0.00289	0.00330	0.00533
18	0.00916	0.00792	0.01123	0.04800	0.14492	0.00858	0.07534	0.10134	0.18986	0.01469	0.03603	0.11696	0.04591	0.00910	0.09490	0.00198	0.04525	0.01800	0.01543	0.00538
19	0.04066	0.32332	0.10824	0.01005	0.08124	0.07747	0.00861	0.20556	0.01146	0.03704	0.00770	0.00864	0.00613	0.00467	0.01870	0.00122	0.02392	0.00299	0.01655	0.00585
20	0.00614	0.00438	0.00636	0.00636	0.00712	0.00504	0.00493	0.00767	0.00691	0.01031	0.01140	0.01622	0.01041	0.02816	0.74268	0.00603	0.01008	0.00438	0.10167	0.00373
21	0.00573	0.00403	0.00504	0.00554	0.00598	0.00385	0.00375	0.00673	0.02799	0.02159	0.07635	0.47952	0.07395	0.20838	0.00893	0.00219	0.00285	0.05063	0.00362	0.00337
22	0.02714	0.27833	0.15716	0.03770	0.06102	0.13022	0.07004	0.07566	0.03381	0.03390	0.00743	0.00868	0.00594	0.00418	0.00415	0.00117	0.05251	0.00309	0.00223	0.00562
23	0.00745	0.06931	0.03851	0.00689	0.00780	0.02248	0.00543	0.04242	0.00729	0.01000	0.01064	0.03675	0.01097	0.31410	0.27313	0.00400	0.12192	0.00479	0.00234	0.00377
24	0.00672	0.00553	0.00582	0.00561	0.00676	0.06650	0.00417	0.00865	0.04070	0.02669	0.44848	0.12566	0.18977	0.00884	0.00477	0.00135	0.00253	0.00764	0.02981	0.00398
25	0.01075	0.74918	0.12598	0.00772	0.01160	0.01556	0.00817	0.01253	0.00848	0.01021	0.00599	0.00693	0.00532	0.00360	0.00283	0.00094	0.00466	0.00233	0.00177	0.00543
26	0.06603	0.05375	0.03539	0.01219	0.18678	0.03336	0.01911	0.32462	0.03113	0.06980	0.01105	0.10632	0.00950	0.00553	0.00412	0.00129	0.00437	0.01618	0.00336	0.00613
27	0.00817	0.03204	0.02439	0.07967	0.09160	0.02670	0.23962	0.01029	0.00915	0.03416	0.02678	0.26234	0.03309	0.00756	0.00485	0.00150	0.00463	0.09582	0.00293	0.00471

[dist]
# distance from previous block
# <min> <max>
0	26

# created by:
# /st0/software/busco_prod/Augustus/scripts/msa2prfl.pl ./align_prep/110393.fa
