[name]
unknown

[dist]
# distance from previous block
# <min> <max>
1	57

[block]
# block no. 0 follows, 52 sequences, length 17
# corresponding to MSA columns:
# 59-61,66-79
name=unknown_A
#
# <colnr> <probs for GDERKNQSTAVLIFYWHMCP>
#	G	D	E	R	K	N	Q	S	T	A	V	L	I	F	Y	W	H	M	C	P
0	0.17390	0.05171	0.01386	0.06988	0.08453	0.36246	0.03900	0.01635	0.02238	0.02722	0.00861	0.03913	0.00739	0.00539	0.00501	0.00144	0.05947	0.00381	0.00268	0.00577
1	0.41689	0.03752	0.02790	0.01025	0.02983	0.24762	0.06478	0.05644	0.01121	0.04641	0.00798	0.00915	0.00619	0.00473	0.00384	0.00142	0.00580	0.00323	0.00296	0.00583
2	0.04240	0.04658	0.04164	0.09704	0.15332	0.12646	0.00936	0.07547	0.10808	0.01703	0.14318	0.03500	0.05450	0.00646	0.00482	0.00147	0.00508	0.00536	0.02057	0.00618
3	0.24919	0.00771	0.00785	0.00679	0.00928	0.03590	0.00537	0.01355	0.01160	0.16469	0.24592	0.02318	0.12546	0.00736	0.00460	0.00146	0.00338	0.00590	0.00442	0.06639
4	0.00699	0.00493	0.00637	0.00652	0.00695	0.00518	0.00450	0.00791	0.00826	0.01146	0.06283	0.14710	0.02008	0.36957	0.22958	0.00466	0.02262	0.04407	0.02669	0.00372
5	0.00766	0.00605	0.00790	0.00703	0.00870	0.00572	0.05055	0.04693	0.04818	0.01791	0.44316	0.05988	0.22975	0.00987	0.00560	0.00156	0.00291	0.00864	0.02714	0.00486
6	0.00769	0.00453	0.00613	0.00613	0.00626	0.00465	0.00399	0.00692	0.00680	0.00918	0.01163	0.02172	0.01239	0.32490	0.13256	0.41825	0.00563	0.00541	0.00249	0.00273
7	0.01559	0.10541	0.05648	0.01400	0.12459	0.41028	0.01016	0.12729	0.01380	0.01527	0.00943	0.05786	0.00825	0.00551	0.00448	0.00134	0.00702	0.00406	0.00287	0.00633
8	0.01492	0.00751	0.00971	0.00848	0.03853	0.00696	0.00644	0.09613	0.01371	0.37434	0.16396	0.04633	0.12463	0.00839	0.00601	0.05214	0.00371	0.00645	0.00515	0.00650
9	0.01202	0.23640	0.36078	0.01271	0.06475	0.11203	0.01294	0.01679	0.10061	0.01447	0.00933	0.01041	0.00727	0.00474	0.00423	0.00137	0.00636	0.00353	0.00246	0.00681
10	0.01245	0.69228	0.11690	0.00919	0.01346	0.01800	0.00955	0.01445	0.00976	0.01188	0.00695	0.00822	0.00622	0.00444	0.00398	0.00115	0.04996	0.00280	0.00207	0.00628
11	0.00789	0.00454	0.00677	0.00677	0.00705	0.00483	0.00478	0.00710	0.00682	0.00937	0.01011	0.01663	0.00989	0.04675	0.27769	0.55619	0.00709	0.00461	0.00229	0.00285
12	0.00789	0.00694	0.06838	0.00785	0.00937	0.00574	0.01941	0.04139	0.01039	0.04549	0.02504	0.33325	0.12890	0.07302	0.07366	0.00256	0.00458	0.12742	0.00408	0.00465
13	0.01118	0.01213	0.13228	0.03009	0.34991	0.02117	0.01168	0.01589	0.14053	0.05769	0.03094	0.03577	0.09820	0.02480	0.00539	0.00160	0.00509	0.00543	0.00330	0.00692
14	0.00588	0.00431	0.00552	0.00649	0.00696	0.00396	0.00438	0.00678	0.00953	0.01247	0.02985	0.71699	0.13956	0.01477	0.00612	0.00192	0.00276	0.01328	0.00450	0.00396
15	0.00939	0.00895	0.01540	0.74512	0.06987	0.01087	0.04726	0.01264	0.00983	0.01269	0.00869	0.01288	0.00656	0.00479	0.00488	0.00161	0.00650	0.00437	0.00218	0.00554
16	0.01178	0.01191	0.08018	0.13381	0.28803	0.01141	0.09314	0.07653	0.15041	0.03071	0.01192	0.01484	0.00951	0.02990	0.00556	0.00165	0.00576	0.02282	0.00311	0.00702

[dist]
# distance from previous block
# <min> <max>
0	1

[block]
# block no. 1 follows, 52 sequences, length 12
# corresponding to MSA columns:
# 81-92
name=unknown_B
#
# <colnr> <probs for GDERKNQSTAVLIFYWHMCP>
#	G	D	E	R	K	N	Q	S	T	A	V	L	I	F	Y	W	H	M	C	P
0	0.01004	0.00972	0.01317	0.01149	0.01186	0.03994	0.02674	0.01128	0.00791	0.01185	0.00856	0.03124	0.00840	0.03706	0.14048	0.00302	0.57725	0.00469	0.03025	0.00506
1	0.04520	0.00884	0.01425	0.70659	0.03038	0.01116	0.01284	0.01239	0.00941	0.01271	0.00832	0.01249	0.00640	0.00518	0.00583	0.00166	0.08457	0.00423	0.00219	0.00537
2	0.00585	0.00489	0.00512	0.00523	0.00674	0.00415	0.00393	0.00712	0.01100	0.01327	0.06727	0.10115	0.69227	0.01246	0.00580	0.00168	0.00256	0.04087	0.00452	0.00411
3	0.00751	0.00541	0.00635	0.00622	0.00752	0.00517	0.00471	0.03982	0.01173	0.03299	0.21971	0.16278	0.29691	0.01095	0.00588	0.00164	0.03090	0.04103	0.09823	0.00455
4	0.79157	0.00951	0.00762	0.00668	0.00975	0.01090	0.00550	0.04905	0.00913	0.05414	0.00747	0.00839	0.00566	0.00462	0.00316	0.00150	0.00383	0.00279	0.00320	0.00551
5	0.01528	0.03473	0.17092	0.01377	0.12095	0.17260	0.01116	0.08877	0.05356	0.18452	0.02879	0.01258	0.00915	0.00550	0.00536	0.00148	0.05610	0.00417	0.00352	0.00708
6	0.00677	0.00494	0.00600	0.00638	0.00732	0.00449	0.00440	0.00812	0.02676	0.01319	0.02546	0.51710	0.11059	0.07417	0.00702	0.00194	0.00297	0.01087	0.07004	0.09148
7	0.00677	0.00501	0.00569	0.00555	0.00704	0.00435	0.00415	0.00829	0.01178	0.04963	0.25690	0.10403	0.49034	0.01156	0.00572	0.00162	0.00251	0.00986	0.00480	0.00440
8	0.86392	0.00937	0.00712	0.00637	0.00937	0.01087	0.00525	0.01425	0.00825	0.02174	0.00675	0.00787	0.00525	0.00450	0.00300	0.00150	0.00375	0.00262	0.00300	0.00525
9	0.01306	0.01005	0.00999	0.00853	0.01110	0.06586	0.00672	0.22628	0.21407	0.03857	0.05430	0.01753	0.04827	0.00633	0.00451	0.00139	0.00405	0.00504	0.21988	0.03445
10	0.01032	0.00753	0.00821	0.00728	0.00940	0.03899	0.00553	0.06948	0.09516	0.08571	0.14596	0.14030	0.13056	0.04110	0.00581	0.00159	0.00347	0.00728	0.06539	0.12094
11	0.01374	0.01059	0.01109	0.00888	0.01210	0.11857	0.03044	0.11058	0.03086	0.16233	0.07402	0.05179	0.04821	0.02996	0.00517	0.00135	0.00461	0.00499	0.00401	0.26672

[dist]
# distance from previous block
# <min> <max>
1	9

[block]
# block no. 2 follows, 52 sequences, length 28
# corresponding to MSA columns:
# 102-129
name=unknown_C
#
# <colnr> <probs for GDERKNQSTAVLIFYWHMCP>
#	G	D	E	R	K	N	Q	S	T	A	V	L	I	F	Y	W	H	M	C	P
0	0.00830	0.06475	0.05963	0.00762	0.00940	0.00686	0.04895	0.03424	0.01042	0.03847	0.11657	0.16636	0.16907	0.20237	0.01011	0.00236	0.01640	0.01968	0.00381	0.00462
1	0.04144	0.01015	0.01174	0.00991	0.02444	0.10257	0.09276	0.12101	0.01237	0.07134	0.01547	0.14543	0.04578	0.05491	0.00615	0.00163	0.01830	0.01949	0.06697	0.12813
2	0.50173	0.00990	0.00937	0.00797	0.01100	0.01119	0.00651	0.10448	0.12164	0.12370	0.01074	0.01098	0.00787	0.00530	0.00427	0.00154	0.03805	0.00359	0.00384	0.00632
3	0.00608	0.00434	0.00583	0.00695	0.00731	0.00409	0.00481	0.00706	0.00945	0.01257	0.02661	0.75443	0.03166	0.01501	0.00623	0.00199	0.00297	0.08412	0.00450	0.00399
4	0.01005	0.00861	0.01005	0.00718	0.01148	0.00646	0.00574	0.01220	0.01005	0.01579	0.00861	0.01005	0.00718	0.00359	0.00359	0.00072	0.00359	0.00287	0.00287	0.85932
5	0.03895	0.00579	0.00766	0.00740	0.00890	0.00545	0.02079	0.01161	0.03278	0.15602	0.20942	0.32218	0.05942	0.01117	0.00572	0.00176	0.00323	0.08176	0.00488	0.00511
6	0.01108	0.00962	0.11063	0.01152	0.10323	0.00754	0.06242	0.04984	0.01178	0.15159	0.07748	0.19805	0.09150	0.00859	0.00530	0.00163	0.00437	0.03047	0.04735	0.00601
7	0.00612	0.00438	0.00575	0.00660	0.00696	0.00419	0.00443	0.00700	0.00914	0.01224	0.05123	0.64018	0.05039	0.10056	0.06419	0.00263	0.00369	0.01222	0.00423	0.00389
8	0.01122	0.00921	0.01084	0.00979	0.01186	0.04958	0.05614	0.20814	0.12793	0.01861	0.01967	0.29892	0.02002	0.01007	0.00561	0.00177	0.00448	0.11582	0.00441	0.00590
9	0.01245	0.01094	0.04504	0.01032	0.07607	0.04905	0.01844	0.11294	0.01223	0.06805	0.00968	0.01081	0.00758	0.00421	0.00404	0.00099	0.00450	0.00339	0.00323	0.53604
10	0.00862	0.01731	0.49945	0.01107	0.01574	0.00886	0.01288	0.01250	0.00954	0.01397	0.01288	0.08596	0.03742	0.05354	0.13342	0.02208	0.00721	0.00518	0.02648	0.00592
11	0.00972	0.02507	0.80458	0.01381	0.02097	0.01125	0.01790	0.01535	0.01023	0.01535	0.00870	0.01023	0.00614	0.00460	0.00460	0.00153	0.00716	0.00358	0.00205	0.00716
12	0.01233	0.00746	0.00903	0.00792	0.01019	0.00747	0.00616	0.03678	0.22524	0.22281	0.28008	0.08651	0.05060	0.00836	0.00530	0.00159	0.00331	0.00718	0.00529	0.00640
13	0.01216	0.01049	0.01362	0.14527	0.10386	0.07340	0.07066	0.07026	0.18808	0.07592	0.03558	0.08332	0.01284	0.03524	0.03129	0.00189	0.02037	0.00567	0.00366	0.00642
14	0.00605	0.00433	0.00563	0.00652	0.00688	0.00405	0.00435	0.00693	0.00944	0.01261	0.07656	0.68415	0.05665	0.08200	0.00767	0.00215	0.00292	0.01278	0.00442	0.00390
15	0.00692	0.00457	0.00603	0.00687	0.00747	0.00422	0.00478	0.00792	0.00975	0.05842	0.02752	0.69208	0.07524	0.01438	0.00611	0.00194	0.00296	0.05403	0.00458	0.00422
16	0.00638	0.00477	0.00616	0.00696	0.03268	0.00441	0.00463	0.00766	0.01058	0.01417	0.22083	0.43498	0.15103	0.06288	0.00708	0.00196	0.00284	0.01126	0.00454	0.00418
17	0.01078	0.14123	0.48992	0.08078	0.05340	0.04750	0.05556	0.01547	0.03497	0.01455	0.00877	0.01050	0.00658	0.00460	0.00447	0.00146	0.00677	0.00368	0.00221	0.00681
18	0.01133	0.01452	0.18089	0.10292	0.40706	0.06076	0.06834	0.01491	0.02374	0.01508	0.00992	0.03135	0.00831	0.00497	0.00488	0.00151	0.00634	0.02374	0.00245	0.00696
19	0.35605	0.02751	0.07003	0.03817	0.11731	0.26441	0.00958	0.03026	0.01153	0.01798	0.00869	0.01061	0.00711	0.00539	0.00437	0.00161	0.00635	0.00353	0.00305	0.00646
20	0.00670	0.00613	0.02397	0.00614	0.00747	0.04520	0.00460	0.00797	0.01072	0.01322	0.09807	0.23048	0.43275	0.06078	0.00689	0.00188	0.00313	0.02542	0.00432	0.00418
21	0.08361	0.00698	0.00866	0.00716	0.00986	0.00636	0.00575	0.01711	0.01273	0.42738	0.17538	0.02279	0.09393	0.00722	0.00482	0.00148	0.00338	0.00595	0.09297	0.00649
22	0.01115	0.01270	0.12124	0.14150	0.12899	0.08964	0.11092	0.05225	0.02935	0.03593	0.04850	0.04705	0.08316	0.00616	0.00514	0.00153	0.01812	0.00543	0.04510	0.00614
23	0.00602	0.00439	0.00568	0.00648	0.00701	0.00404	0.00443	0.00711	0.01008	0.01344	0.13822	0.64016	0.10675	0.01416	0.00608	0.00187	0.00270	0.01273	0.00462	0.00404
24	0.00790	0.00643	0.04076	0.00716	0.00875	0.00567	0.03210	0.00982	0.01158	0.05571	0.35658	0.05867	0.18867	0.04201	0.06630	0.02154	0.03934	0.00797	0.02834	0.00471
25	0.02366	0.17072	0.19316	0.04934	0.06520	0.04694	0.06557	0.15208	0.06271	0.05808	0.01105	0.01212	0.02762	0.00524	0.00492	0.00145	0.03601	0.00411	0.00309	0.00693
26	0.01074	0.03824	0.01228	0.03531	0.24490	0.02637	0.00880	0.02303	0.01062	0.10123	0.05006	0.11681	0.05285	0.02352	0.16053	0.00279	0.02235	0.01997	0.03370	0.00590
27	0.01269	0.03368	0.01351	0.08325	0.12137	0.03607	0.02642	0.17382	0.08529	0.03531	0.01980	0.01246	0.00885	0.00492	0.00456	0.00125	0.01853	0.00403	0.04776	0.25643

[dist]
# distance from previous block
# <min> <max>
3	9

[block]
# block no. 3 follows, 52 sequences, length 17
# corresponding to MSA columns:
# 139-155
name=unknown_D
#
# <colnr> <probs for GDERKNQSTAVLIFYWHMCP>
#	G	D	E	R	K	N	Q	S	T	A	V	L	I	F	Y	W	H	M	C	P
0	0.01271	0.13776	0.38509	0.01184	0.03516	0.08181	0.01267	0.06851	0.01178	0.09716	0.02624	0.02663	0.00833	0.00504	0.00440	0.00138	0.00613	0.00386	0.00287	0.06063
1	0.04477	0.06242	0.21419	0.03343	0.12071	0.07908	0.06170	0.14271	0.02613	0.03524	0.04154	0.07606	0.01108	0.00604	0.00481	0.00151	0.00590	0.02282	0.00318	0.00669
2	0.00989	0.08860	0.19928	0.01052	0.03508	0.00889	0.06832	0.03034	0.04118	0.06762	0.06488	0.20906	0.05406	0.01965	0.00545	0.00167	0.00480	0.05123	0.02365	0.00582
3	0.01036	0.00962	0.04577	0.13668	0.30990	0.02242	0.01070	0.05646	0.01134	0.03802	0.05527	0.18555	0.04863	0.00744	0.00514	0.00157	0.00490	0.00671	0.00329	0.03023
4	0.01137	0.05744	0.25797	0.04123	0.12544	0.05674	0.15394	0.01568	0.06693	0.05038	0.01211	0.06138	0.02567	0.00568	0.00522	0.00156	0.02685	0.01493	0.00281	0.00667
5	0.01145	0.08677	0.17367	0.04844	0.18371	0.02709	0.10895	0.01475	0.02422	0.08736	0.05076	0.04341	0.04000	0.00712	0.04577	0.00179	0.00611	0.00501	0.00299	0.03063
6	0.00784	0.00534	0.00697	0.00681	0.00758	0.00567	0.00495	0.00895	0.00851	0.05226	0.03648	0.04526	0.08596	0.29542	0.30955	0.00496	0.03873	0.03776	0.02691	0.00409
7	0.03380	0.01545	0.22871	0.08175	0.20892	0.05360	0.11402	0.06882	0.01185	0.09927	0.01006	0.01188	0.00745	0.00484	0.00512	0.00152	0.02877	0.00426	0.00285	0.00707
8	0.03620	0.13508	0.25127	0.03155	0.13420	0.05393	0.05948	0.06240	0.04944	0.07984	0.03547	0.03054	0.00931	0.00518	0.00456	0.00145	0.00593	0.00428	0.00297	0.00691
9	0.02986	0.04611	0.04000	0.00852	0.00974	0.02977	0.02016	0.02903	0.00906	0.01267	0.03650	0.16658	0.01640	0.11517	0.27645	0.00413	0.09901	0.04313	0.00311	0.00461
10	0.00944	0.03038	0.14798	0.21050	0.08646	0.03125	0.03378	0.04371	0.02359	0.01449	0.06109	0.13479	0.03593	0.08066	0.00677	0.00186	0.00533	0.00624	0.03019	0.00556
11	0.03969	0.21787	0.25451	0.04873	0.05278	0.14936	0.09722	0.01576	0.01101	0.03789	0.02747	0.01063	0.00750	0.00467	0.00433	0.00137	0.00665	0.00370	0.00242	0.00645
12	0.03288	0.03299	0.09029	0.07434	0.25978	0.04378	0.08731	0.07668	0.08098	0.06691	0.05132	0.04570	0.01140	0.00566	0.00492	0.00152	0.00562	0.01773	0.00327	0.00690
13	0.03030	0.00817	0.01027	0.13121	0.01380	0.08202	0.07183	0.05270	0.01134	0.01481	0.12415	0.34841	0.06142	0.01010	0.00553	0.00170	0.00444	0.00902	0.00388	0.00489
14	0.00741	0.00613	0.00794	0.00876	0.07032	0.02997	0.02671	0.00854	0.00935	0.01230	0.05366	0.28283	0.13946	0.19807	0.09027	0.00302	0.02823	0.00911	0.00364	0.00426
15	0.01182	0.07454	0.15869	0.05152	0.13418	0.04143	0.08073	0.07050	0.04756	0.07869	0.04334	0.09405	0.04111	0.00658	0.00528	0.00156	0.02910	0.01948	0.00331	0.00653
16	0.07179	0.04835	0.43868	0.01374	0.04149	0.01125	0.12944	0.01652	0.03230	0.11727	0.01026	0.01149	0.00731	0.00482	0.00491	0.00154	0.02500	0.00405	0.00278	0.00703

[dist]
# distance from previous block
# <min> <max>
0	2

[block]
# block no. 4 follows, 52 sequences, length 27
# corresponding to MSA columns:
# 158-184
name=unknown_E
#
# <colnr> <probs for GDERKNQSTAVLIFYWHMCP>
#	G	D	E	R	K	N	Q	S	T	A	V	L	I	F	Y	W	H	M	C	P
0	0.01191	0.09203	0.28479	0.04331	0.11561	0.05853	0.07232	0.03057	0.02935	0.09188	0.04338	0.01571	0.05784	0.00563	0.00478	0.00149	0.00599	0.02516	0.00300	0.00671
1	0.01124	0.00911	0.10813	0.00787	0.01079	0.00710	0.00713	0.03345	0.09093	0.14852	0.05323	0.02246	0.10465	0.00813	0.03592	0.00167	0.00414	0.05621	0.19066	0.08866
2	0.00657	0.00472	0.00656	0.00706	0.00766	0.00493	0.00512	0.00790	0.00892	0.01245	0.06696	0.37338	0.02346	0.05597	0.33497	0.00441	0.00703	0.02776	0.03005	0.00412
3	0.01004	0.02386	0.03629	0.22140	0.34751	0.02471	0.01161	0.01302	0.02993	0.01498	0.08940	0.01878	0.10521	0.00604	0.00493	0.00150	0.00516	0.00540	0.02402	0.00622
4	0.01247	0.14514	0.25271	0.04281	0.21587	0.08722	0.04640	0.03486	0.03579	0.04909	0.00924	0.01093	0.00720	0.00473	0.00475	0.00143	0.02602	0.00384	0.00254	0.00696
5	0.02408	0.01377	0.19186	0.06630	0.18611	0.09063	0.08463	0.01327	0.01101	0.01464	0.04756	0.08486	0.11041	0.00690	0.00511	0.00157	0.00578	0.03252	0.00295	0.00607
6	0.01013	0.00946	0.01592	0.51400	0.29710	0.01078	0.01356	0.01320	0.01017	0.01379	0.00907	0.01280	0.00711	0.00469	0.00477	0.00154	0.00605	0.00432	0.03540	0.00614
7	0.00857	0.00804	0.03038	0.14707	0.25246	0.00784	0.03272	0.01075	0.01037	0.01390	0.03962	0.25511	0.13057	0.00903	0.00543	0.00168	0.00453	0.02304	0.00338	0.00551
8	0.01144	0.02678	0.16373	0.15139	0.30815	0.01082	0.02308	0.05421	0.03732	0.06201	0.01287	0.03627	0.05660	0.00555	0.00503	0.00153	0.01859	0.00486	0.00289	0.00687
9	0.01161	0.05502	0.17626	0.01730	0.02237	0.01218	0.50564	0.03961	0.03881	0.03716	0.01048	0.01351	0.00798	0.00461	0.00532	0.00159	0.00739	0.02376	0.00266	0.00673
10	0.00752	0.00581	0.00677	0.00673	0.00797	0.00575	0.00489	0.03708	0.12548	0.01597	0.23084	0.26765	0.18557	0.06099	0.00686	0.00189	0.00295	0.00980	0.00470	0.00477
11	0.01045	0.01496	0.30320	0.06744	0.10187	0.01021	0.03917	0.11141	0.06432	0.01725	0.06020	0.10643	0.04953	0.00681	0.00505	0.00159	0.00552	0.01477	0.00326	0.00656
12	0.11618	0.02117	0.04471	0.09641	0.05665	0.06942	0.11329	0.16614	0.03030	0.01822	0.01343	0.08246	0.05620	0.00645	0.00539	0.00156	0.05050	0.00535	0.04005	0.00612
13	0.01013	0.00998	0.01080	0.04289	0.09418	0.17032	0.02725	0.01206	0.01112	0.01365	0.06825	0.08298	0.06621	0.01277	0.10752	0.00251	0.02839	0.22045	0.00347	0.00507
14	0.00645	0.00504	0.00598	0.00650	0.00778	0.00457	0.00518	0.00796	0.01084	0.01347	0.03821	0.15477	0.43615	0.01304	0.00611	0.00188	0.00318	0.26421	0.00449	0.00419
15	0.04996	0.53328	0.08662	0.00964	0.04006	0.04498	0.00903	0.06024	0.01087	0.03331	0.00776	0.00880	0.00656	0.00433	0.00352	0.00113	0.00528	0.00294	0.00247	0.07922
16	0.01135	0.03767	0.01684	0.14156	0.43536	0.04540	0.03565	0.05397	0.01136	0.01526	0.01317	0.04650	0.07807	0.00574	0.00524	0.00151	0.03081	0.00514	0.00274	0.00666
17	0.00573	0.00489	0.00493	0.00497	0.00656	0.00409	0.00371	0.00695	0.01099	0.01307	0.04833	0.07327	0.77136	0.01237	0.00574	0.00165	0.00247	0.01035	0.00450	0.00409
18	0.00644	0.00491	0.00595	0.00598	0.00720	0.00442	0.00451	0.00821	0.01213	0.01612	0.39870	0.12686	0.29887	0.01156	0.00585	0.00167	0.00257	0.06884	0.00489	0.00433
19	0.01379	0.03311	0.40401	0.01339	0.09699	0.01002	0.01329	0.03620	0.02402	0.25393	0.01283	0.02766	0.00924	0.00545	0.00477	0.00153	0.00582	0.02302	0.00349	0.00744
20	0.74429	0.00999	0.00840	0.00834	0.06625	0.04019	0.00615	0.01478	0.00883	0.04647	0.00735	0.00848	0.00568	0.00455	0.00324	0.00149	0.00409	0.00284	0.00304	0.00553
21	0.01169	0.01120	0.01911	0.11519	0.71643	0.01143	0.01472	0.01460	0.01089	0.01546	0.00906	0.01209	0.00754	0.00437	0.00480	0.00146	0.00583	0.00432	0.00237	0.00743
22	0.01014	0.00967	0.01668	0.44088	0.25491	0.01087	0.07793	0.01321	0.01031	0.01404	0.03758	0.01356	0.00847	0.00496	0.00529	0.00157	0.03464	0.00459	0.02461	0.00610
23	0.01158	0.01171	0.03064	0.30345	0.35462	0.08387	0.04563	0.04728	0.01126	0.01476	0.00945	0.03673	0.00784	0.00495	0.00485	0.00151	0.00629	0.00454	0.00249	0.00654
24	0.01164	0.01117	0.01841	0.05254	0.64997	0.02669	0.03709	0.01479	0.03342	0.01583	0.03908	0.01489	0.01007	0.00500	0.00494	0.00149	0.00567	0.03736	0.00266	0.00727
25	0.15695	0.02846	0.00805	0.06162	0.01039	0.03649	0.00600	0.04046	0.02018	0.04640	0.02118	0.34317	0.08489	0.04030	0.00595	0.00186	0.00384	0.07503	0.00396	0.00479
26	0.00877	0.18091	0.05507	0.00893	0.04841	0.03761	0.00693	0.03380	0.01017	0.01308	0.01996	0.45409	0.04977	0.01147	0.02501	0.00182	0.00425	0.02132	0.00364	0.00499

[dist]
# distance from previous block
# <min> <max>
0	115

[block]
# block no. 5 follows, 52 sequences, length 16
# corresponding to MSA columns:
# 300-315
name=unknown_F
#
# <colnr> <probs for GDERKNQSTAVLIFYWHMCP>
#	G	D	E	R	K	N	Q	S	T	A	V	L	I	F	Y	W	H	M	C	P
0	0.01274	0.11238	0.22868	0.01218	0.05858	0.12244	0.03326	0.06022	0.03306	0.07943	0.03241	0.02954	0.04605	0.00578	0.00544	0.00145	0.07009	0.00438	0.00301	0.04888
1	0.00678	0.00546	0.00691	0.08700	0.01004	0.00542	0.00559	0.02923	0.01052	0.01341	0.04910	0.33776	0.31934	0.01237	0.00615	0.00180	0.02741	0.05713	0.00422	0.00434
2	0.01473	0.33164	0.01750	0.00983	0.01314	0.21509	0.00836	0.15025	0.10702	0.01642	0.04203	0.01138	0.00940	0.00522	0.00406	0.00126	0.00574	0.00369	0.02677	0.00648
3	0.04634	0.04411	0.09296	0.17319	0.18681	0.00972	0.01069	0.01457	0.03926	0.08986	0.02925	0.03648	0.00942	0.00581	0.02483	0.00152	0.00530	0.00432	0.00299	0.17257
4	0.01181	0.15942	0.37911	0.01490	0.07425	0.02971	0.15921	0.07084	0.01150	0.03211	0.00900	0.01067	0.00677	0.00453	0.00459	0.00145	0.00675	0.00394	0.00245	0.00699
5	0.01300	0.15524	0.26694	0.01332	0.08116	0.02246	0.09786	0.03430	0.05919	0.14974	0.05196	0.01318	0.01005	0.00511	0.00462	0.00145	0.00583	0.00433	0.00321	0.00706
6	0.00607	0.00469	0.00559	0.00598	0.00699	0.00421	0.00431	0.00737	0.01074	0.01385	0.16179	0.33392	0.34754	0.01365	0.02769	0.00192	0.00290	0.03208	0.00458	0.00413
7	0.00609	0.00437	0.00567	0.00659	0.00698	0.00409	0.00445	0.00699	0.00942	0.01252	0.05694	0.66532	0.06928	0.08089	0.00766	0.00217	0.00298	0.03928	0.00440	0.00391
8	0.01231	0.03921	0.20529	0.03568	0.21219	0.08355	0.15249	0.03516	0.02990	0.07214	0.01118	0.06871	0.00925	0.00538	0.00494	0.00152	0.00642	0.00497	0.00285	0.00686
9	0.01080	0.05120	0.62167	0.01365	0.02005	0.03157	0.07679	0.03695	0.02340	0.04211	0.00994	0.01129	0.01932	0.00479	0.00467	0.00152	0.00693	0.00391	0.00239	0.00707
10	0.00930	0.01972	0.56613	0.01247	0.01812	0.01001	0.05146	0.01446	0.04792	0.01550	0.04648	0.01836	0.07986	0.00623	0.00497	0.00161	0.00623	0.06185	0.00274	0.00658
11	0.01003	0.00703	0.00911	0.08768	0.03482	0.02850	0.02410	0.04310	0.03436	0.12702	0.06770	0.23646	0.16895	0.01035	0.00562	0.00173	0.00394	0.08981	0.00439	0.00531
12	0.03300	0.17688	0.19832	0.03512	0.06981	0.07507	0.02795	0.06088	0.02416	0.15633	0.06540	0.01298	0.01036	0.00534	0.00475	0.00142	0.02799	0.00413	0.00329	0.00681
13	0.03343	0.04099	0.01800	0.11508	0.53188	0.11528	0.01330	0.04706	0.01161	0.01553	0.00881	0.01142	0.00727	0.00453	0.00465	0.00142	0.00614	0.00406	0.00249	0.00706
14	0.00870	0.00677	0.00758	0.00758	0.02820	0.02459	0.00531	0.12655	0.03810	0.01561	0.07570	0.26673	0.18848	0.15367	0.00896	0.00223	0.00369	0.02254	0.00425	0.00476
15	0.03712	0.01064	0.05184	0.01276	0.15806	0.02560	0.03007	0.13173	0.04944	0.04034	0.09666	0.01558	0.01275	0.00542	0.00453	0.00127	0.00454	0.02660	0.02714	0.25791

[dist]
# distance from previous block
# <min> <max>
2	4

[block]
# block no. 6 follows, 52 sequences, length 12
# corresponding to MSA columns:
# 320-331
name=unknown_G
#
# <colnr> <probs for GDERKNQSTAVLIFYWHMCP>
#	G	D	E	R	K	N	Q	S	T	A	V	L	I	F	Y	W	H	M	C	P
0	0.01071	0.01102	0.10399	0.17175	0.19344	0.00945	0.02088	0.05572	0.03418	0.04164	0.04153	0.03203	0.04645	0.00562	0.00474	0.00140	0.00514	0.03164	0.00305	0.17561
1	0.01291	0.13821	0.11761	0.01434	0.16667	0.06831	0.05523	0.09727	0.04246	0.07174	0.02640	0.01419	0.04262	0.04356	0.00588	0.00156	0.03449	0.00445	0.00311	0.03898
2	0.01445	0.14252	0.08223	0.01209	0.03985	0.36248	0.02640	0.05159	0.04030	0.01362	0.00956	0.01097	0.03413	0.00549	0.00566	0.00137	0.10266	0.00368	0.00263	0.03832
3	0.01312	0.00775	0.01012	0.03797	0.01195	0.03060	0.03766	0.03390	0.07472	0.27684	0.10862	0.06726	0.08072	0.00973	0.03465	0.00191	0.00449	0.14698	0.00483	0.00616
4	0.00658	0.00522	0.00733	0.00749	0.00825	0.00512	0.04727	0.00769	0.00942	0.01242	0.02691	0.50775	0.14790	0.07142	0.04481	0.00237	0.04146	0.03238	0.00408	0.00413
5	0.00791	0.04345	0.00757	0.00657	0.00782	0.00592	0.00491	0.03743	0.06473	0.01564	0.32340	0.12564	0.14955	0.01155	0.00801	0.16004	0.00308	0.00809	0.00431	0.00439
6	0.01081	0.03907	0.13423	0.01499	0.01934	0.01139	0.36331	0.01473	0.04640	0.01510	0.00948	0.01203	0.00746	0.00544	0.02531	0.00163	0.09806	0.00460	0.00254	0.16407
7	0.00758	0.00628	0.00682	0.00661	0.00830	0.00624	0.00496	0.01221	0.21636	0.01586	0.15290	0.12794	0.38812	0.01075	0.00557	0.00166	0.00283	0.00917	0.00474	0.00509
8	0.00963	0.00784	0.00969	0.00796	0.01021	0.00763	0.00619	0.01143	0.02862	0.03750	0.02983	0.06971	0.01226	0.14136	0.00973	0.00183	0.15727	0.02569	0.01948	0.39615
9	0.04098	0.00857	0.00984	0.00886	0.01109	0.00944	0.04027	0.06904	0.39245	0.01922	0.05466	0.11496	0.01738	0.00768	0.00491	0.00160	0.00371	0.04088	0.13809	0.00635
10	0.01364	0.01400	0.23975	0.01320	0.10529	0.02825	0.05674	0.06896	0.03959	0.22176	0.10327	0.01590	0.01316	0.00691	0.03623	0.00175	0.00573	0.00490	0.00384	0.00711
11	0.01066	0.07139	0.06868	0.01060	0.01238	0.04288	0.00921	0.07000	0.00960	0.01364	0.00922	0.01363	0.00851	0.03165	0.16930	0.00298	0.33779	0.02406	0.00257	0.08125

[dist]
# distance from previous block
# <min> <max>
14	21

[block]
# block no. 7 follows, 52 sequences, length 14
# corresponding to MSA columns:
# 358-366,372-376
name=unknown_H
#
# <colnr> <probs for GDERKNQSTAVLIFYWHMCP>
#	G	D	E	R	K	N	Q	S	T	A	V	L	I	F	Y	W	H	M	C	P
0	0.01181	0.11056	0.18658	0.03975	0.17028	0.05854	0.05793	0.03277	0.14899	0.03291	0.03426	0.01377	0.02784	0.00536	0.00495	0.00148	0.02929	0.00445	0.02161	0.00685
1	0.08348	0.09770	0.24209	0.01228	0.01663	0.12503	0.09038	0.10374	0.11440	0.01721	0.00996	0.01108	0.00760	0.00512	0.00499	0.00148	0.04322	0.00393	0.00293	0.00673
2	0.03282	0.04477	0.05961	0.10176	0.08610	0.09077	0.10534	0.15726	0.03371	0.06344	0.03830	0.04984	0.03003	0.00574	0.00478	0.00145	0.00565	0.00495	0.03538	0.04830
3	0.00717	0.00600	0.03282	0.00852	0.06340	0.00538	0.00580	0.00893	0.03855	0.02843	0.08544	0.49147	0.12864	0.04067	0.00671	0.00192	0.02026	0.01104	0.00428	0.00458
4	0.01176	0.01136	0.01739	0.20701	0.49804	0.04995	0.01357	0.03279	0.06577	0.01542	0.00967	0.01244	0.00782	0.00474	0.00502	0.00150	0.02184	0.00434	0.00258	0.00702
5	0.00842	0.00681	0.00827	0.02518	0.00958	0.06276	0.00628	0.04684	0.00926	0.01288	0.01353	0.06840	0.01267	0.02816	0.58125	0.00598	0.01066	0.00547	0.07300	0.00462
6	0.01112	0.00985	0.01357	0.17795	0.25460	0.06808	0.02434	0.04194	0.03974	0.04459	0.03454	0.09430	0.04952	0.00650	0.00519	0.00153	0.02838	0.00565	0.08252	0.00611
7	0.00752	0.00588	0.00692	0.00650	0.00802	0.00576	0.00492	0.01155	0.14687	0.01827	0.50847	0.03524	0.19592	0.00982	0.00558	0.00157	0.00259	0.00850	0.00509	0.00501
8	0.00702	0.00482	0.00593	0.00593	0.00615	0.00505	0.00374	0.00746	0.00724	0.00987	0.01468	0.02846	0.01621	0.62626	0.22617	0.00549	0.00682	0.00657	0.00285	0.00329
9	0.01137	0.03865	0.08335	0.19233	0.41325	0.06695	0.01312	0.01434	0.01075	0.01485	0.00943	0.01226	0.00760	0.00462	0.00457	0.00143	0.00588	0.00413	0.08447	0.00665
10	0.01354	0.74206	0.02413	0.00871	0.01272	0.07586	0.00841	0.04525	0.01064	0.01219	0.00698	0.00800	0.00630	0.00427	0.00327	0.00107	0.00544	0.00270	0.00221	0.00626
11	0.00604	0.00433	0.00569	0.00667	0.00702	0.00408	0.00449	0.00690	0.00920	0.01223	0.02638	0.71319	0.05637	0.06453	0.02950	0.00229	0.00323	0.02961	0.00435	0.00390
12	0.00904	0.00574	0.00704	0.00690	0.00714	0.06108	0.00476	0.00743	0.00703	0.00893	0.00956	0.01521	0.03088	0.01607	0.03399	0.73465	0.02548	0.00433	0.00221	0.00254
13	0.01143	0.04261	0.34343	0.09345	0.03697	0.07458	0.11875	0.06622	0.02849	0.03803	0.01067	0.07032	0.00876	0.00561	0.00519	0.00156	0.02985	0.00478	0.00270	0.00659

[dist]
# distance from previous block
# <min> <max>
1	2

[block]
# block no. 8 follows, 52 sequences, length 35
# corresponding to MSA columns:
# 379-413
name=unknown_I
#
# <colnr> <probs for GDERKNQSTAVLIFYWHMCP>
#	G	D	E	R	K	N	Q	S	T	A	V	L	I	F	Y	W	H	M	C	P
0	0.68853	0.01068	0.02710	0.00887	0.06470	0.05349	0.01895	0.01450	0.00885	0.02020	0.00708	0.00845	0.00559	0.00458	0.00359	0.00148	0.02340	0.00288	0.00288	0.02421
1	0.03058	0.00698	0.00942	0.01064	0.11444	0.03331	0.00693	0.00978	0.00868	0.01234	0.04779	0.09847	0.01506	0.16338	0.33938	0.00472	0.07435	0.00618	0.00290	0.00465
2	0.00761	0.00552	0.00759	0.00740	0.00818	0.00625	0.00552	0.04200	0.00829	0.01178	0.01320	0.02103	0.01287	0.19747	0.55601	0.03106	0.02648	0.00548	0.02210	0.00417
3	0.00607	0.00483	0.00544	0.00547	0.00680	0.00421	0.00403	0.00754	0.01157	0.01477	0.25520	0.14148	0.49153	0.01198	0.00578	0.00165	0.00245	0.01026	0.00473	0.00421
4	0.01257	0.01066	0.01125	0.00997	0.01280	0.01229	0.00779	0.08670	0.72892	0.02110	0.01907	0.01756	0.01427	0.00651	0.00492	0.00163	0.00396	0.00539	0.00492	0.00772
5	0.08028	0.05151	0.04547	0.01039	0.01408	0.08558	0.03555	0.39464	0.05190	0.04766	0.02879	0.01198	0.00894	0.00539	0.00447	0.00137	0.00526	0.00410	0.03330	0.07933
6	0.82682	0.00916	0.00701	0.00629	0.00921	0.01060	0.00517	0.01412	0.00833	0.02158	0.00714	0.00831	0.00556	0.00455	0.00302	0.00148	0.00368	0.00271	0.04005	0.00522
7	0.01306	0.24576	0.24015	0.01139	0.01590	0.05216	0.06453	0.13454	0.01236	0.06379	0.01050	0.02621	0.02525	0.02082	0.00525	0.00147	0.04318	0.00406	0.00290	0.00672
8	0.01415	0.01137	0.01718	0.04598	0.52365	0.02998	0.01262	0.09442	0.05186	0.13388	0.01133	0.01288	0.00866	0.00486	0.00481	0.00146	0.00547	0.00443	0.00330	0.00770
9	0.00705	0.00470	0.00529	0.00529	0.00529	0.00470	0.00294	0.00705	0.00705	0.00940	0.01527	0.03171	0.01762	0.82969	0.02467	0.00470	0.00470	0.00705	0.00294	0.00294
10	0.86392	0.00937	0.00712	0.00637	0.00937	0.01087	0.00525	0.01425	0.00825	0.02174	0.00675	0.00787	0.00525	0.00450	0.00300	0.00150	0.00375	0.00262	0.00300	0.00525
11	0.47565	0.00821	0.00772	0.00663	0.00943	0.00879	0.00540	0.03347	0.01033	0.19650	0.02884	0.01244	0.00908	0.00520	0.00360	0.00143	0.00356	0.00366	0.16425	0.00584
12	0.01282	0.79197	0.04501	0.00854	0.01266	0.01887	0.00859	0.01446	0.00980	0.01151	0.00678	0.00791	0.00622	0.00426	0.00346	0.00108	0.02512	0.00266	0.00207	0.00622
13	0.00703	0.00478	0.00568	0.00568	0.00581	0.00491	0.00343	0.00730	0.00716	0.00969	0.01491	0.02972	0.01675	0.70498	0.14820	0.00518	0.00600	0.00676	0.00288	0.00315
14	0.00590	0.00422	0.00562	0.00675	0.00703	0.00394	0.00450	0.00675	0.00928	0.01237	0.02671	0.82653	0.03205	0.01518	0.00619	0.00197	0.00281	0.01378	0.00450	0.00394
15	0.00971	0.00571	0.00724	0.00664	0.00832	0.00520	0.00505	0.01199	0.04148	0.17262	0.40526	0.13137	0.15021	0.01002	0.00558	0.00160	0.00280	0.00872	0.00522	0.00526
16	0.00692	0.00519	0.00779	0.00779	0.00865	0.00606	0.00606	0.00865	0.00779	0.01125	0.01298	0.01904	0.01211	0.03634	0.81049	0.00779	0.01298	0.00519	0.00260	0.00433
17	0.01038	0.00879	0.02781	0.00749	0.01129	0.00690	0.00603	0.06473	0.01077	0.03118	0.01063	0.06633	0.00961	0.05365	0.00515	0.00112	0.00381	0.00401	0.00316	0.65716
18	0.80516	0.00966	0.00764	0.00670	0.00976	0.01116	0.00552	0.06769	0.00926	0.02235	0.00709	0.00813	0.00546	0.00459	0.00313	0.00150	0.00386	0.00274	0.00313	0.00546
19	0.01260	0.74422	0.11068	0.00890	0.01337	0.01831	0.00934	0.01460	0.00989	0.01183	0.00695	0.00804	0.00621	0.00420	0.00327	0.00109	0.00540	0.00270	0.00207	0.00632
20	0.01005	0.00861	0.01005	0.00718	0.01148	0.00646	0.00574	0.01220	0.01005	0.01579	0.00861	0.01005	0.00718	0.00359	0.00359	0.00072	0.00359	0.00287	0.00287	0.85932
21	0.00701	0.00515	0.00642	0.00683	0.02598	0.00478	0.00484	0.00881	0.03987	0.03227	0.22786	0.26452	0.25221	0.01222	0.00640	0.03894	0.00285	0.04402	0.00461	0.00441
22	0.00924	0.00726	0.01125	0.02856	0.17634	0.00719	0.05817	0.01169	0.02965	0.04947	0.02083	0.14874	0.07852	0.01160	0.06415	0.00222	0.00507	0.21872	0.05591	0.00542
23	0.00722	0.00517	0.00649	0.00636	0.00661	0.00561	0.00420	0.00778	0.00747	0.01031	0.03965	0.02752	0.01653	0.56027	0.21701	0.00521	0.05377	0.00648	0.00288	0.00347
24	0.01060	0.01060	0.01484	0.01272	0.01272	0.01484	0.01060	0.01166	0.00742	0.01166	0.00636	0.01060	0.00636	0.00848	0.01590	0.00212	0.82082	0.00424	0.00212	0.00530
25	0.02084	0.00969	0.01214	0.00931	0.01309	0.00926	0.00769	0.22913	0.01628	0.59390	0.01709	0.01518	0.01098	0.00595	0.00487	0.00149	0.00445	0.00474	0.00569	0.00825
26	0.01258	0.01086	0.01633	0.03057	0.01632	0.01132	0.23427	0.27708	0.06347	0.02052	0.07073	0.01950	0.07391	0.02709	0.04101	0.00194	0.02508	0.03702	0.00388	0.00654
27	0.00825	0.00693	0.00981	0.00884	0.00929	0.00823	0.04922	0.00916	0.00774	0.01097	0.01289	0.06606	0.01392	0.35434	0.14965	0.00410	0.24018	0.02354	0.00274	0.00413
28	0.00640	0.00513	0.00581	0.00599	0.00741	0.00460	0.00465	0.00824	0.03168	0.01431	0.14138	0.09517	0.49998	0.01218	0.00590	0.00174	0.00283	0.13768	0.00461	0.00430
29	0.00655	0.00493	0.00607	0.00582	0.00706	0.00444	0.00435	0.00854	0.01295	0.01769	0.59273	0.05703	0.23281	0.01062	0.00573	0.00156	0.00234	0.00924	0.00511	0.00444
30	0.00891	0.00834	0.01304	0.10594	0.10136	0.00931	0.09467	0.01125	0.02795	0.01408	0.11135	0.08656	0.14498	0.00949	0.03731	0.00197	0.18690	0.01799	0.00328	0.00532
31	0.00816	0.00458	0.00498	0.00503	0.00610	0.00444	0.00371	0.01021	0.01072	0.01742	0.14866	0.10493	0.06677	0.00772	0.00420	0.00131	0.00233	0.00650	0.57778	0.00444
32	0.00785	0.00657	0.00994	0.10013	0.12833	0.00665	0.03171	0.01009	0.02540	0.01549	0.27736	0.26544	0.06070	0.00993	0.00580	0.00168	0.01887	0.00893	0.00410	0.00504
33	0.07564	0.30690	0.13929	0.05013	0.03996	0.06586	0.00954	0.04433	0.03320	0.06992	0.00999	0.02993	0.00816	0.00621	0.03539	0.00156	0.00565	0.00372	0.05832	0.00628
34	0.01228	0.10002	0.06896	0.14605	0.08800	0.14186	0.07098	0.08768	0.03618	0.01490	0.01040	0.01359	0.02248	0.04242	0.04270	0.00187	0.04016	0.01548	0.00274	0.04125

[dist]
# distance from previous block
# <min> <max>
1	4

[block]
# block no. 9 follows, 52 sequences, length 28
# corresponding to MSA columns:
# 418-445
name=unknown_J
#
# <colnr> <probs for GDERKNQSTAVLIFYWHMCP>
#	G	D	E	R	K	N	Q	S	T	A	V	L	I	F	Y	W	H	M	C	P
0	0.07379	0.04850	0.26028	0.06153	0.08144	0.02456	0.01097	0.04368	0.10630	0.01654	0.06746	0.06458	0.08175	0.00649	0.00473	0.00152	0.00510	0.00535	0.00323	0.03219
1	0.00651	0.00491	0.00588	0.02726	0.00755	0.00460	0.00452	0.00764	0.00997	0.01277	0.09337	0.19574	0.28947	0.20021	0.01026	0.00247	0.00338	0.10541	0.00414	0.00392
2	0.01313	0.12643	0.02876	0.07604	0.05942	0.05611	0.04489	0.17649	0.03820	0.05144	0.01024	0.02722	0.00832	0.00696	0.04876	0.00169	0.06739	0.00411	0.00320	0.15120
3	0.01035	0.00747	0.00912	0.00754	0.01027	0.00672	0.03157	0.06068	0.07422	0.09624	0.10482	0.10616	0.16111	0.00780	0.00486	0.00135	0.00344	0.00666	0.04053	0.24912
4	0.01143	0.03062	0.01230	0.05214	0.11305	0.00979	0.04101	0.12842	0.19023	0.05309	0.04561	0.16163	0.05115	0.00872	0.03215	0.00179	0.00464	0.00674	0.01797	0.02752
5	0.01182	0.20416	0.32608	0.01173	0.01645	0.11163	0.05053	0.05179	0.05973	0.01469	0.00987	0.03815	0.00812	0.00711	0.05637	0.00181	0.00689	0.00401	0.00256	0.00652
6	0.00621	0.00443	0.00572	0.00653	0.00695	0.00421	0.00444	0.00701	0.00911	0.01202	0.02623	0.57485	0.09709	0.11177	0.04292	0.02593	0.00354	0.04306	0.00417	0.00382
7	0.00818	0.00637	0.00710	0.00644	0.00825	0.00614	0.00496	0.11314	0.05291	0.01818	0.32325	0.03657	0.36975	0.01023	0.00556	0.00157	0.00285	0.00865	0.00488	0.00501
8	0.09079	0.00954	0.01130	0.06110	0.01361	0.03593	0.00764	0.12299	0.07220	0.44619	0.01608	0.01633	0.01121	0.03548	0.00545	0.00164	0.00457	0.02559	0.00499	0.00738
9	0.00987	0.03894	0.04863	0.04684	0.11330	0.04448	0.11813	0.03750	0.00993	0.01369	0.01291	0.06233	0.02615	0.18010	0.09321	0.00284	0.05226	0.00567	0.07797	0.00525
10	0.27099	0.00799	0.00760	0.00677	0.00900	0.04144	0.00539	0.07897	0.01178	0.09026	0.14611	0.01829	0.01582	0.00632	0.00408	0.00141	0.00350	0.03192	0.23691	0.00544
11	0.00915	0.00861	0.01453	0.81804	0.03338	0.01077	0.01346	0.01238	0.00969	0.01238	0.00861	0.01292	0.00646	0.00484	0.00484	0.00161	0.00646	0.00431	0.00215	0.00538
12	0.03677	0.00466	0.00572	0.00647	0.00715	0.00439	0.00446	0.00754	0.02319	0.01343	0.08218	0.61416	0.14442	0.01386	0.00595	0.00187	0.00277	0.01237	0.00451	0.00411
13	0.27398	0.01120	0.01143	0.00908	0.01256	0.01225	0.00748	0.41489	0.01665	0.13268	0.01135	0.01143	0.00802	0.00544	0.00423	0.00146	0.00456	0.00391	0.04020	0.00718
14	0.00995	0.00772	0.00806	0.00728	0.00904	0.05558	0.00558	0.09882	0.12776	0.01965	0.36688	0.02606	0.05974	0.00814	0.00524	0.01588	0.00328	0.00669	0.15320	0.00543
15	0.04891	0.01042	0.01129	0.00963	0.01173	0.07326	0.00777	0.18341	0.06543	0.10229	0.06766	0.02068	0.11642	0.02953	0.00792	0.00175	0.18157	0.04016	0.00404	0.00614
16	0.00824	0.00660	0.00748	0.00689	0.00833	0.04574	0.00522	0.03861	0.07512	0.01952	0.66837	0.03253	0.03998	0.00925	0.00556	0.00152	0.00284	0.00807	0.00514	0.00500
17	0.01310	0.01457	0.01556	0.32687	0.22226	0.29876	0.01234	0.01553	0.01149	0.01307	0.00834	0.01118	0.00669	0.00476	0.00466	0.00144	0.00710	0.00388	0.00234	0.00605
18	0.01199	0.01151	0.01967	0.02974	0.79946	0.01151	0.01487	0.01487	0.01103	0.01583	0.00912	0.01199	0.00768	0.00432	0.00480	0.00144	0.00576	0.00432	0.00240	0.00768
19	0.01096	0.00947	0.01128	0.07837	0.09771	0.03119	0.00831	0.09023	0.32945	0.01786	0.03801	0.13991	0.06919	0.00849	0.02220	0.00177	0.01823	0.00671	0.00418	0.00649
20	0.01155	0.00712	0.02400	0.03127	0.01065	0.00672	0.07268	0.03331	0.06590	0.16976	0.01858	0.10734	0.05332	0.05907	0.00586	0.00165	0.00376	0.00619	0.30565	0.00562
21	0.00665	0.00490	0.00623	0.00607	0.00720	0.00448	0.00453	0.00866	0.01290	0.01782	0.60706	0.10623	0.14702	0.01078	0.00578	0.00160	0.00241	0.03010	0.00512	0.00445
22	0.00652	0.00466	0.00580	0.00614	0.00658	0.00461	0.00407	0.00728	0.00855	0.01140	0.05172	0.28178	0.10530	0.32887	0.14121	0.00388	0.00509	0.00927	0.00363	0.00366
23	0.02094	0.00837	0.01121	0.00864	0.01228	0.00741	0.00712	0.06092	0.01431	0.73094	0.05185	0.01709	0.01324	0.00616	0.00491	0.00150	0.00411	0.00501	0.00591	0.00809
24	0.01038	0.00795	0.00935	0.00845	0.01021	0.00891	0.00649	0.16594	0.18749	0.01688	0.01549	0.02069	0.02679	0.16237	0.30225	0.00440	0.00761	0.01905	0.00370	0.00561
25	0.00823	0.00857	0.13607	0.02538	0.03823	0.00628	0.00716	0.02573	0.01015	0.04295	0.11706	0.22642	0.05170	0.15259	0.06408	0.00259	0.00470	0.00795	0.05933	0.00485
26	0.07710	0.13115	0.04422	0.01148	0.06996	0.12891	0.04139	0.17865	0.06875	0.03314	0.04496	0.01377	0.01029	0.00666	0.03482	0.00162	0.00574	0.02703	0.03335	0.03700
27	0.03415	0.07821	0.20316	0.05483	0.16237	0.10950	0.04730	0.09121	0.03415	0.09199	0.01007	0.01134	0.00754	0.00482	0.00454	0.00141	0.00617	0.00392	0.00298	0.04032

[dist]
# distance from previous block
# <min> <max>
0	10

[block]
# block no. 10 follows, 52 sequences, length 10
# corresponding to MSA columns:
# 456-465
name=unknown_K
#
# <colnr> <probs for GDERKNQSTAVLIFYWHMCP>
#	G	D	E	R	K	N	Q	S	T	A	V	L	I	F	Y	W	H	M	C	P
0	0.15655	0.20082	0.11776	0.05701	0.05864	0.16690	0.03590	0.04172	0.03804	0.03641	0.00850	0.00981	0.00674	0.00464	0.00400	0.00133	0.00595	0.00336	0.00267	0.04326
1	0.03878	0.06629	0.23230	0.04793	0.19349	0.04567	0.11805	0.04075	0.06781	0.01607	0.04151	0.03405	0.02539	0.00528	0.00479	0.00150	0.00609	0.00471	0.00278	0.00676
2	0.00687	0.00502	0.00585	0.00567	0.00710	0.00440	0.00424	0.00851	0.01208	0.04922	0.33811	0.09941	0.41341	0.01130	0.00572	0.00161	0.00249	0.00969	0.00489	0.00444
3	0.03033	0.01201	0.11491	0.05749	0.11324	0.04996	0.01001	0.10919	0.09835	0.03869	0.08884	0.01694	0.03901	0.00650	0.00615	0.00157	0.10620	0.01890	0.07535	0.00637
4	0.00693	0.00516	0.00763	0.00763	0.00844	0.00597	0.00586	0.00855	0.00774	0.01113	0.01313	0.01984	0.01247	0.08684	0.76047	0.00759	0.01245	0.00531	0.00262	0.00424
5	0.01076	0.01274	0.08593	0.01631	0.03983	0.05592	0.46350	0.02900	0.01125	0.01493	0.02923	0.04913	0.04170	0.06026	0.02315	0.00196	0.00716	0.03845	0.00281	0.00599
6	0.01449	0.01162	0.01233	0.01036	0.01353	0.01319	0.00826	0.31596	0.49653	0.02421	0.01662	0.01561	0.01228	0.00628	0.00490	0.00157	0.00441	0.00505	0.00490	0.00789
7	0.00778	0.00548	0.00644	0.00643	0.00744	0.00529	0.00451	0.05824	0.03110	0.04032	0.10838	0.27550	0.18123	0.20982	0.01036	0.00246	0.00341	0.02717	0.00429	0.00432
8	0.01265	0.01506	0.12180	0.06787	0.02031	0.13683	0.31825	0.06980	0.05775	0.04090	0.02678	0.01325	0.00870	0.02257	0.02387	0.00175	0.02769	0.00485	0.00288	0.00644
9	0.00838	0.00427	0.00629	0.00629	0.00638	0.00431	0.00425	0.00666	0.00657	0.00902	0.00898	0.01508	0.00878	0.01714	0.05305	0.77921	0.00450	0.00427	0.04424	0.00232

[dist]
# distance from previous block
# <min> <max>
0	36

# created by:
# /st0/software/busco_prod/Augustus/scripts/msa2prfl.pl ./align_prep/110423.fa
