[name]
unknown

[dist]
# distance from previous block
# <min> <max>
9	76

[block]
# block no. 0 follows, 59 sequences, length 24
# corresponding to MSA columns:
# 89-107,109-113
name=unknown_A
#
# <colnr> <probs for GDERKNQSTAVLIFYWHMCP>
#	G	D	E	R	K	N	Q	S	T	A	V	L	I	F	Y	W	H	M	C	P
0	0.01072	0.01014	0.01178	0.01007	0.01133	0.09863	0.00818	0.06211	0.05170	0.03606	0.00821	0.01098	0.00721	0.00980	0.11451	0.00228	0.42345	0.00380	0.00250	0.10653
1	0.00577	0.00426	0.00601	0.00658	0.00701	0.00405	0.03439	0.00664	0.00835	0.01115	0.02233	0.67509	0.02641	0.10126	0.02636	0.00218	0.00320	0.04150	0.00384	0.00361
2	0.02895	0.12058	0.03163	0.01012	0.03211	0.20203	0.00815	0.29043	0.17974	0.01869	0.01058	0.01081	0.00807	0.00499	0.00407	0.00126	0.00524	0.00368	0.02239	0.00646
3	0.01456	0.01488	0.01136	0.00988	0.01228	0.40237	0.00764	0.19752	0.07692	0.05035	0.07199	0.03258	0.04857	0.00581	0.00456	0.00129	0.02400	0.00429	0.00340	0.00574
4	0.01224	0.52734	0.18552	0.00897	0.01324	0.02987	0.00942	0.10280	0.01062	0.05286	0.00758	0.00835	0.00612	0.00413	0.00339	0.00111	0.00512	0.00284	0.00235	0.00613
5	0.04550	0.11699	0.64476	0.01187	0.01776	0.01121	0.04212	0.03622	0.00957	0.01421	0.00776	0.00910	0.00566	0.00416	0.00402	0.00135	0.00617	0.00321	0.00199	0.00636
6	0.00538	0.00384	0.00512	0.00615	0.00641	0.00359	0.00410	0.00615	0.00846	0.01127	0.02434	0.84190	0.02921	0.01384	0.00564	0.00179	0.00256	0.01256	0.00410	0.00359
7	0.03251	0.20216	0.01817	0.10477	0.51228	0.01202	0.01167	0.01346	0.02829	0.01341	0.00794	0.01017	0.00667	0.00400	0.00399	0.00125	0.00511	0.00356	0.00216	0.00642
8	0.03447	0.11684	0.53489	0.01192	0.03448	0.01083	0.05366	0.01377	0.00936	0.04930	0.00886	0.02293	0.00698	0.00475	0.00458	0.00140	0.04028	0.03230	0.00219	0.00620
9	0.00551	0.00421	0.00506	0.00559	0.00638	0.00381	0.00397	0.00653	0.00921	0.01179	0.06621	0.42348	0.31641	0.04244	0.02454	0.00189	0.00277	0.05248	0.00404	0.00367
10	0.00573	0.00409	0.00542	0.00625	0.00668	0.00387	0.00440	0.00674	0.00895	0.01196	0.09432	0.61404	0.04232	0.05622	0.00652	0.00191	0.00279	0.11002	0.00409	0.00365
11	0.03532	0.01984	0.05630	0.01156	0.01419	0.67539	0.04164	0.05704	0.01246	0.01219	0.00713	0.00835	0.00580	0.00458	0.00422	0.00119	0.02206	0.00303	0.00237	0.00534
12	0.01314	0.53792	0.04892	0.00888	0.01234	0.21151	0.00816	0.06815	0.03333	0.01204	0.00701	0.00788	0.00602	0.00415	0.00331	0.00105	0.00554	0.00270	0.00223	0.00573
13	0.04350	0.63249	0.14067	0.00853	0.01256	0.07620	0.00883	0.01366	0.00924	0.01130	0.00646	0.00749	0.00563	0.00391	0.00312	0.00104	0.00518	0.00253	0.00195	0.00572
14	0.07209	0.20978	0.34537	0.03089	0.01520	0.03283	0.01113	0.12611	0.04592	0.05892	0.00869	0.00948	0.00647	0.00441	0.00384	0.00128	0.00539	0.00324	0.00261	0.00634
15	0.01113	0.01015	0.01692	0.07899	0.69337	0.01031	0.01286	0.01420	0.04795	0.04789	0.00911	0.01142	0.00739	0.00413	0.00438	0.00133	0.00514	0.00401	0.00242	0.00688
16	0.00605	0.00437	0.00506	0.00531	0.00577	0.00420	0.00341	0.00697	0.03431	0.01065	0.05587	0.26439	0.16489	0.39382	0.01323	0.00285	0.00330	0.00872	0.00349	0.00333
17	0.01029	0.31140	0.42312	0.01060	0.01556	0.05136	0.03452	0.01407	0.04242	0.01268	0.00816	0.03252	0.00665	0.00440	0.00379	0.00124	0.00575	0.00332	0.00208	0.00608
18	0.01193	0.20605	0.33700	0.01084	0.03786	0.07815	0.02459	0.08680	0.03926	0.08812	0.01003	0.01068	0.03079	0.00460	0.00398	0.00127	0.00557	0.00349	0.00264	0.00633
19	0.00656	0.00539	0.00739	0.08190	0.10338	0.00527	0.00583	0.00803	0.00951	0.01240	0.10922	0.19329	0.26864	0.07979	0.03116	0.00195	0.00354	0.05899	0.00359	0.00418
20	0.00648	0.00470	0.00578	0.00587	0.00696	0.00438	0.00438	0.00848	0.04849	0.03839	0.31511	0.23936	0.21692	0.01073	0.00533	0.00157	0.00250	0.06598	0.00443	0.00414
21	0.09324	0.12981	0.01651	0.01894	0.46008	0.08779	0.01083	0.06395	0.01051	0.02953	0.00789	0.00977	0.00654	0.00423	0.00430	0.00127	0.03254	0.00348	0.00240	0.00640
22	0.03069	0.41786	0.17773	0.00963	0.01364	0.09062	0.04993	0.05773	0.05719	0.02359	0.01846	0.01984	0.00709	0.00437	0.00360	0.00117	0.00536	0.00321	0.00236	0.00594
23	0.00840	0.00610	0.00710	0.00660	0.00801	0.06175	0.03284	0.01005	0.01105	0.09951	0.31135	0.18251	0.13609	0.00918	0.00500	0.00146	0.00303	0.03010	0.06539	0.00447

[dist]
# distance from previous block
# <min> <max>
2	7

[block]
# block no. 1 follows, 59 sequences, length 92
# corresponding to MSA columns:
# 121-182,184-213
name=unknown_B
#
# <colnr> <probs for GDERKNQSTAVLIFYWHMCP>
#	G	D	E	R	K	N	Q	S	T	A	V	L	I	F	Y	W	H	M	C	P
0	0.05247	0.28352	0.25849	0.00972	0.01390	0.11050	0.01009	0.09523	0.05656	0.03057	0.02383	0.00991	0.01842	0.00453	0.00374	0.00122	0.00543	0.00325	0.00253	0.00606
1	0.00602	0.00438	0.00573	0.00611	0.00677	0.00408	0.02121	0.02644	0.00891	0.01162	0.04434	0.52837	0.18027	0.02661	0.00698	0.09147	0.00281	0.01044	0.00384	0.00359
2	0.01030	0.10848	0.52813	0.02921	0.12558	0.06610	0.01408	0.03125	0.00989	0.02627	0.00792	0.00937	0.00593	0.00419	0.00407	0.00132	0.00617	0.00328	0.00205	0.00641
3	0.01324	0.02920	0.04864	0.01017	0.02676	0.08980	0.05895	0.11659	0.35076	0.14127	0.01474	0.03272	0.01123	0.00574	0.00450	0.00142	0.00459	0.02896	0.00404	0.00667
4	0.00971	0.05505	0.60665	0.01329	0.01919	0.01072	0.15682	0.03345	0.00986	0.03259	0.00831	0.00986	0.00597	0.00415	0.00433	0.00139	0.00651	0.00362	0.00208	0.00643
5	0.01077	0.01033	0.01764	0.07652	0.76906	0.01045	0.01348	0.01342	0.00998	0.01424	0.00828	0.01098	0.00693	0.00396	0.00438	0.00132	0.00529	0.00393	0.00217	0.00687
6	0.00963	0.16551	0.62433	0.01177	0.02907	0.02789	0.01425	0.01428	0.03958	0.01347	0.00798	0.00920	0.00593	0.00419	0.00397	0.00132	0.00611	0.00317	0.00198	0.00637
7	0.02068	0.02661	0.05566	0.06097	0.04450	0.05778	0.00749	0.03694	0.06444	0.01433	0.13434	0.10136	0.05559	0.00912	0.00519	0.00165	0.00411	0.29078	0.00371	0.00476
8	0.00596	0.00436	0.00531	0.00581	0.00661	0.00401	0.00409	0.00732	0.03557	0.03051	0.07472	0.49740	0.24528	0.02696	0.00574	0.00172	0.00257	0.02805	0.00416	0.00386
9	0.00602	0.00459	0.00550	0.00598	0.00695	0.00428	0.00457	0.00745	0.02631	0.01196	0.03082	0.21536	0.33074	0.09336	0.00723	0.00198	0.00304	0.22612	0.00396	0.00376
10	0.04818	0.00966	0.12706	0.00829	0.01176	0.00740	0.00760	0.02862	0.09216	0.48373	0.06608	0.03057	0.04700	0.00589	0.00445	0.00140	0.00394	0.00481	0.00461	0.00678
11	0.02581	0.06205	0.15755	0.05891	0.06695	0.01268	0.05684	0.46519	0.01591	0.02167	0.00941	0.01029	0.00686	0.00477	0.00431	0.00133	0.00536	0.00380	0.00339	0.00692
12	0.01616	0.02055	0.01227	0.01117	0.01342	0.80221	0.00838	0.01730	0.01244	0.01084	0.00797	0.00901	0.03013	0.00475	0.00402	0.00115	0.00779	0.00304	0.00233	0.00508
13	0.00951	0.00951	0.01405	0.61942	0.13329	0.08347	0.03045	0.01243	0.02304	0.01185	0.00802	0.01140	0.00617	0.00437	0.00439	0.00142	0.00598	0.00388	0.00207	0.00526
14	0.01554	0.01249	0.05202	0.00998	0.01341	0.03904	0.00845	0.64559	0.05573	0.03662	0.04379	0.02606	0.00945	0.00556	0.00445	0.00134	0.00481	0.00427	0.00426	0.00716
15	0.00630	0.00492	0.00719	0.05652	0.10183	0.00483	0.00581	0.00751	0.00887	0.01193	0.04610	0.63650	0.02551	0.01192	0.00543	0.00172	0.00312	0.04612	0.00378	0.00410
16	0.01972	0.00766	0.01034	0.00793	0.01135	0.00671	0.00655	0.04509	0.01289	0.79638	0.01722	0.01490	0.01083	0.00546	0.00444	0.00137	0.00379	0.00443	0.00543	0.00752
17	0.00895	0.04773	0.79779	0.01244	0.01888	0.01047	0.01605	0.01396	0.00931	0.01388	0.00787	0.00926	0.00560	0.00418	0.00415	0.00138	0.00647	0.00324	0.00187	0.00650
18	0.04482	0.00720	0.05940	0.06149	0.00970	0.00677	0.02066	0.09376	0.02855	0.04948	0.02375	0.03875	0.01298	0.42294	0.09840	0.00342	0.00529	0.00546	0.00296	0.00423
19	0.01650	0.02105	0.01252	0.01138	0.01365	0.82705	0.00853	0.01764	0.01252	0.01081	0.00683	0.00796	0.00569	0.00455	0.00398	0.00114	0.00796	0.00284	0.00228	0.00512
20	0.00539	0.00395	0.00506	0.00589	0.00635	0.00363	0.00400	0.00625	0.00881	0.01158	0.05278	0.70322	0.14029	0.01331	0.00556	0.00174	0.00250	0.01195	0.00412	0.00363
21	0.07410	0.01373	0.16783	0.01000	0.01387	0.05781	0.00931	0.38109	0.08591	0.12611	0.01111	0.01107	0.00783	0.00505	0.00424	0.00135	0.00499	0.00382	0.00383	0.00695
22	0.01042	0.01010	0.01695	0.10799	0.61518	0.02764	0.06001	0.01298	0.00987	0.01375	0.00910	0.03784	0.00799	0.02498	0.00492	0.00143	0.00538	0.01474	0.00226	0.00643
23	0.00956	0.01989	0.61824	0.01397	0.03689	0.01033	0.17478	0.01424	0.00967	0.03913	0.00843	0.01006	0.00602	0.00413	0.00441	0.00141	0.00660	0.00371	0.00206	0.00645
24	0.04585	0.00835	0.02970	0.02561	0.01113	0.00642	0.00572	0.02803	0.00933	0.01482	0.00784	0.00917	0.00645	0.00340	0.00332	0.00074	0.00345	0.00268	0.00263	0.77534
25	0.00993	0.03990	0.38646	0.01513	0.15019	0.04463	0.14211	0.01359	0.00975	0.03389	0.00998	0.03768	0.02641	0.00491	0.00485	0.00142	0.03667	0.02405	0.00227	0.00617
26	0.00552	0.00405	0.00518	0.00598	0.00650	0.00374	0.00416	0.00646	0.00891	0.01166	0.05303	0.62368	0.15023	0.02939	0.00592	0.00180	0.00263	0.06344	0.00409	0.00364
27	0.00832	0.03121	0.23564	0.00867	0.01180	0.04046	0.05290	0.02456	0.04231	0.04273	0.16005	0.07909	0.21074	0.00768	0.00480	0.00145	0.00421	0.02479	0.00345	0.00514
28	0.02229	0.06863	0.63794	0.02773	0.08532	0.01087	0.01491	0.05682	0.00995	0.01461	0.00797	0.00941	0.00581	0.00421	0.00413	0.00136	0.00617	0.00331	0.00205	0.00652
29	0.35208	0.01583	0.00750	0.03896	0.02964	0.03293	0.00557	0.06154	0.02045	0.03834	0.01475	0.26976	0.04011	0.00786	0.00419	0.00152	0.00353	0.03984	0.01089	0.00470
30	0.00991	0.00945	0.01608	0.34485	0.50746	0.01023	0.01305	0.01266	0.00957	0.01319	0.00813	0.01126	0.00656	0.00412	0.00439	0.00137	0.00550	0.00393	0.00210	0.00617
31	0.14844	0.01256	0.14845	0.08701	0.06399	0.02131	0.21638	0.16253	0.01167	0.05319	0.00898	0.01061	0.00659	0.00435	0.00428	0.00139	0.00562	0.00393	0.02255	0.00614
32	0.00990	0.00964	0.07846	0.14905	0.28125	0.00870	0.10843	0.01257	0.01002	0.08030	0.03276	0.02775	0.10803	0.00613	0.02248	0.00154	0.00518	0.02490	0.01705	0.00584
33	0.00554	0.00417	0.00513	0.00557	0.00633	0.00376	0.00392	0.00671	0.00982	0.01294	0.21274	0.44238	0.24090	0.01202	0.00543	0.00162	0.00237	0.01064	0.00428	0.00376
34	0.01111	0.01146	0.05719	0.05201	0.15435	0.11862	0.19833	0.06948	0.01102	0.05206	0.02193	0.08729	0.05070	0.00587	0.00507	0.00144	0.03546	0.02780	0.02310	0.00571
35	0.01011	0.08726	0.55698	0.01292	0.04602	0.02650	0.09252	0.06293	0.01031	0.02816	0.02149	0.01000	0.00656	0.00428	0.00422	0.00136	0.00623	0.00354	0.00219	0.00643
36	0.00635	0.00466	0.00641	0.00786	0.06627	0.00446	0.00502	0.01784	0.02414	0.02567	0.04075	0.70347	0.02689	0.01256	0.00549	0.00174	0.00285	0.02953	0.00401	0.00404
37	0.03736	0.01154	0.01204	0.00964	0.01270	0.05366	0.00786	0.59082	0.05648	0.04370	0.01149	0.02947	0.00884	0.00772	0.06696	0.00179	0.00535	0.02161	0.00412	0.00686
38	0.00993	0.08307	0.61536	0.01248	0.03276	0.01051	0.07466	0.01433	0.00968	0.06819	0.02383	0.01022	0.00676	0.00430	0.00421	0.00137	0.00617	0.00353	0.00220	0.00645
39	0.00994	0.04943	0.37323	0.02690	0.16204	0.01037	0.10943	0.03881	0.07325	0.02813	0.01024	0.04500	0.00834	0.00492	0.00445	0.00142	0.00575	0.02951	0.00248	0.00637
40	0.65473	0.00786	0.00681	0.00600	0.00856	0.00872	0.00486	0.01343	0.00848	0.12217	0.05103	0.03136	0.00858	0.02616	0.00367	0.00144	0.00336	0.00335	0.02444	0.00500
41	0.02233	0.01581	0.32075	0.12427	0.12476	0.08326	0.06295	0.09870	0.03835	0.04209	0.00895	0.01055	0.00662	0.00443	0.00430	0.00137	0.00598	0.00370	0.01452	0.00631
42	0.01100	0.01380	0.20188	0.10099	0.11451	0.05948	0.23232	0.02898	0.09907	0.06313	0.00988	0.01158	0.00734	0.00444	0.00476	0.00142	0.02233	0.00422	0.00260	0.00627
43	0.00623	0.00468	0.00654	0.05183	0.00845	0.00468	0.02952	0.02478	0.00885	0.01203	0.02205	0.63986	0.05056	0.01254	0.02484	0.00183	0.02050	0.01069	0.05565	0.00389
44	0.03127	0.00626	0.00680	0.00611	0.00771	0.00666	0.00473	0.16648	0.05406	0.03899	0.01373	0.05157	0.01126	0.02462	0.07264	0.02883	0.00369	0.00456	0.45511	0.00491
45	0.01174	0.01306	0.16072	0.04843	0.15500	0.06623	0.07014	0.14696	0.16383	0.04574	0.01228	0.03864	0.02964	0.00527	0.00449	0.00140	0.00524	0.01152	0.00318	0.00650
46	0.03375	0.01152	0.01229	0.11499	0.02679	0.10473	0.00848	0.37777	0.06371	0.14337	0.01130	0.02717	0.00828	0.00536	0.00466	0.00137	0.02985	0.00410	0.00388	0.00665
47	0.00602	0.00455	0.00557	0.00533	0.00649	0.00412	0.00399	0.00795	0.02099	0.01610	0.59064	0.05264	0.24007	0.00965	0.00521	0.00143	0.00215	0.00839	0.00465	0.00407
48	0.01005	0.03186	0.22026	0.05245	0.22066	0.01072	0.32332	0.01393	0.02862	0.01406	0.00895	0.01184	0.00701	0.00416	0.00467	0.00142	0.00638	0.02116	0.00220	0.00629
49	0.01064	0.08231	0.54320	0.01244	0.05648	0.04944	0.03801	0.05267	0.01028	0.06938	0.00899	0.03085	0.00677	0.00454	0.00419	0.00135	0.00605	0.00362	0.00234	0.00644
50	0.01007	0.00950	0.01593	0.02381	0.69287	0.00944	0.01207	0.01243	0.00989	0.01398	0.01176	0.09963	0.04850	0.00533	0.00455	0.00137	0.00482	0.00510	0.00248	0.00648
51	0.00731	0.00542	0.00722	0.02464	0.00862	0.00546	0.02985	0.06453	0.06138	0.03200	0.08429	0.48261	0.05100	0.01278	0.06081	0.00204	0.00368	0.04795	0.00402	0.00437
52	0.04989	0.16508	0.13118	0.01094	0.07318	0.13993	0.02259	0.11078	0.11101	0.11706	0.01066	0.01098	0.01837	0.00475	0.00399	0.00127	0.00523	0.00361	0.00312	0.00637
53	0.00981	0.12442	0.37847	0.01371	0.06089	0.01105	0.21793	0.01396	0.04185	0.02504	0.00943	0.05657	0.00768	0.00463	0.00439	0.00138	0.00608	0.00429	0.00226	0.00616
54	0.00581	0.00448	0.00564	0.01695	0.00709	0.00430	0.00447	0.00713	0.01638	0.01231	0.11805	0.34493	0.26224	0.01382	0.07976	0.00215	0.01715	0.06954	0.00397	0.00383
55	0.01135	0.01085	0.01592	0.21249	0.48484	0.09605	0.02563	0.01399	0.02050	0.05369	0.00864	0.01111	0.00688	0.00421	0.00436	0.00134	0.00562	0.00388	0.00234	0.00632
56	0.01313	0.10874	0.17913	0.01260	0.06551	0.15822	0.11194	0.20304	0.05921	0.03342	0.00910	0.01010	0.00687	0.00453	0.00422	0.00130	0.00599	0.00367	0.00284	0.00642
57	0.01110	0.01092	0.01764	0.06182	0.60565	0.04526	0.07217	0.03802	0.01023	0.01426	0.00817	0.01082	0.00680	0.00427	0.00513	0.00137	0.06353	0.00398	0.00223	0.00661
58	0.09785	0.01115	0.01248	0.01112	0.09476	0.02568	0.00824	0.49904	0.04788	0.11981	0.01117	0.02209	0.00810	0.00520	0.00427	0.00134	0.00460	0.00401	0.00412	0.00709
59	0.62366	0.01007	0.04863	0.00698	0.01004	0.04776	0.00601	0.08273	0.00949	0.09193	0.00771	0.00837	0.00569	0.00434	0.00318	0.00134	0.00394	0.00278	0.00306	0.02230
60	0.21079	0.15391	0.07731	0.00891	0.03141	0.08772	0.01443	0.12405	0.12833	0.03683	0.00982	0.01072	0.01673	0.02998	0.00423	0.00135	0.00462	0.00342	0.00303	0.04243
61	0.00827	0.00688	0.00798	0.02710	0.00969	0.05280	0.02169	0.05490	0.11037	0.01518	0.18421	0.08350	0.10947	0.00961	0.00533	0.00165	0.00368	0.27888	0.00412	0.00469
62	0.04846	0.03410	0.01224	0.00980	0.01283	0.15146	0.00787	0.40690	0.22170	0.03229	0.01167	0.01150	0.00863	0.00527	0.00426	0.00133	0.00496	0.00395	0.00396	0.00682
63	0.03624	0.00678	0.00989	0.00818	0.01048	0.00616	0.11581	0.01177	0.05452	0.12072	0.16493	0.22400	0.04042	0.00771	0.00475	0.00138	0.00351	0.00700	0.00387	0.16190
64	0.01015	0.38525	0.47085	0.01038	0.01570	0.01343	0.01247	0.01365	0.00917	0.01241	0.00714	0.00834	0.00563	0.00401	0.00360	0.00120	0.00573	0.00287	0.00188	0.00615
65	0.01133	0.04478	0.01058	0.00889	0.01145	0.01111	0.00700	0.06163	0.69865	0.03368	0.01727	0.03853	0.01324	0.00607	0.00445	0.00147	0.00359	0.00503	0.00439	0.00688
66	0.01540	0.00718	0.00918	0.00746	0.01024	0.00666	0.00601	0.02965	0.12370	0.51500	0.14768	0.01987	0.06892	0.00649	0.00462	0.00140	0.00337	0.00540	0.00513	0.00666
67	0.00568	0.00424	0.00596	0.00665	0.00704	0.00405	0.02875	0.00656	0.00848	0.01134	0.02327	0.76233	0.02770	0.03289	0.00619	0.00185	0.01746	0.03191	0.00397	0.00367
68	0.01790	0.15076	0.05338	0.00805	0.01168	0.00854	0.00717	0.01974	0.01185	0.64224	0.01503	0.01340	0.00977	0.00512	0.00416	0.00130	0.00406	0.00403	0.00468	0.00715
69	0.00547	0.00396	0.00535	0.02717	0.00702	0.00376	0.00431	0.00632	0.00854	0.01139	0.03848	0.80592	0.02885	0.01351	0.00560	0.00178	0.00264	0.01225	0.00406	0.00363
70	0.00538	0.00386	0.00511	0.00611	0.00640	0.00359	0.00408	0.00615	0.00849	0.01129	0.02480	0.82412	0.04670	0.01378	0.00563	0.00179	0.00256	0.01248	0.00410	0.00359
71	0.01034	0.01253	0.07124	0.01827	0.02286	0.01112	0.75663	0.01414	0.01036	0.01414	0.00888	0.01177	0.00664	0.00375	0.00515	0.00148	0.00739	0.00510	0.00221	0.00599
72	0.01281	0.00906	0.01006	0.00877	0.01144	0.01002	0.00693	0.04273	0.61086	0.17903	0.01780	0.01682	0.01310	0.00601	0.00452	0.00148	0.00360	0.02323	0.00468	0.00704
73	0.01932	0.00795	0.01071	0.00864	0.03751	0.00713	0.00685	0.07596	0.01313	0.73873	0.01665	0.01459	0.01057	0.00541	0.00444	0.00136	0.00388	0.00439	0.00529	0.00750
74	0.01917	0.00750	0.01014	0.00781	0.01113	0.00656	0.00644	0.03922	0.01283	0.76792	0.05090	0.01569	0.01215	0.00561	0.00447	0.00137	0.00371	0.00458	0.00542	0.00737
75	0.01860	0.00905	0.01115	0.00859	0.01201	0.00882	0.00708	0.25707	0.04267	0.55359	0.01539	0.01375	0.00999	0.00544	0.00444	0.00136	0.00408	0.00432	0.00512	0.00750
76	0.00895	0.02228	0.78766	0.01244	0.01879	0.01029	0.01592	0.01439	0.04306	0.01418	0.00835	0.00963	0.00593	0.00427	0.00421	0.00140	0.00640	0.00334	0.00198	0.00655
77	0.01068	0.00786	0.00871	0.00763	0.00989	0.00813	0.00622	0.30063	0.05839	0.04862	0.02543	0.04696	0.28545	0.00876	0.00502	0.00153	0.00366	0.14663	0.00428	0.00550
78	0.00886	0.02285	0.82190	0.01259	0.01912	0.01026	0.01632	0.01399	0.00932	0.01399	0.00793	0.00932	0.00559	0.00420	0.00420	0.00140	0.00653	0.00326	0.00186	0.00653
79	0.00895	0.04951	0.79607	0.01243	0.01886	0.01049	0.01603	0.01396	0.00931	0.01387	0.00787	0.00925	0.00560	0.00418	0.00415	0.00138	0.00647	0.00323	0.00187	0.00650
80	0.01057	0.07168	0.49110	0.01403	0.08817	0.04853	0.12893	0.01461	0.00990	0.06920	0.00860	0.01003	0.00626	0.00418	0.00428	0.00136	0.00631	0.00361	0.00222	0.00643
81	0.01620	0.01208	0.01292	0.01004	0.01347	0.01342	0.00825	0.72391	0.10032	0.02689	0.01135	0.01120	0.00811	0.00537	0.00443	0.00134	0.00472	0.00408	0.00443	0.00746
82	0.00961	0.23191	0.61938	0.01131	0.01714	0.01209	0.01410	0.01379	0.00924	0.01308	0.00747	0.00876	0.00561	0.00409	0.00385	0.00128	0.00607	0.00303	0.00187	0.00631
83	0.06986	0.06431	0.11941	0.01621	0.30084	0.10390	0.03853	0.07991	0.06145	0.08181	0.01713	0.01081	0.00754	0.00445	0.00416	0.00131	0.00535	0.00372	0.00280	0.00651
84	0.00641	0.00486	0.00576	0.00584	0.00696	0.00461	0.00438	0.02441	0.03548	0.02616	0.18137	0.24270	0.32116	0.01093	0.00552	0.00158	0.02393	0.06104	0.02283	0.00408
85	0.01551	0.00686	0.00934	0.00742	0.01025	0.00604	0.02296	0.01756	0.02963	0.55211	0.19534	0.02002	0.05227	0.00642	0.00463	0.00136	0.00338	0.00542	0.00511	0.02834
86	0.04180	0.06178	0.25700	0.03278	0.33362	0.03013	0.10846	0.03080	0.03584	0.01450	0.00839	0.01034	0.00656	0.00410	0.00427	0.00135	0.00581	0.00375	0.00222	0.00651
87	0.01123	0.10799	0.03838	0.08019	0.38635	0.05135	0.12492	0.07332	0.02120	0.01470	0.04235	0.01148	0.00820	0.00430	0.00434	0.00131	0.00553	0.00405	0.00245	0.00635
88	0.00632	0.00424	0.00485	0.00495	0.00497	0.00421	0.00282	0.00640	0.00662	0.00883	0.01495	0.10924	0.01736	0.76267	0.02082	0.00404	0.00411	0.00703	0.00282	0.00277
89	0.00685	0.00571	0.00685	0.00725	0.00802	0.05226	0.03063	0.00882	0.07522	0.01200	0.02157	0.58673	0.02461	0.03389	0.03148	0.00197	0.00357	0.07465	0.00387	0.00406
90	0.01410	0.29679	0.13582	0.00976	0.03023	0.14215	0.00905	0.11898	0.03687	0.15258	0.00945	0.00976	0.00708	0.00452	0.00379	0.00119	0.00533	0.00326	0.00298	0.00634
91	0.47131	0.01234	0.02731	0.00947	0.07261	0.19109	0.00708	0.13335	0.01086	0.01850	0.00718	0.00820	0.00558	0.00437	0.00342	0.00131	0.00485	0.00287	0.00283	0.00548

[dist]
# distance from previous block
# <min> <max>
0	1

[block]
# block no. 2 follows, 59 sequences, length 35
# corresponding to MSA columns:
# 215-249
name=unknown_C
#
# <colnr> <probs for GDERKNQSTAVLIFYWHMCP>
#	G	D	E	R	K	N	Q	S	T	A	V	L	I	F	Y	W	H	M	C	P
0	0.01082	0.24876	0.36476	0.01253	0.11556	0.06114	0.01208	0.05859	0.02918	0.01384	0.02915	0.00969	0.00705	0.00430	0.00387	0.00124	0.00567	0.00328	0.00222	0.00627
1	0.00694	0.00552	0.00641	0.00666	0.02533	0.00540	0.00492	0.04516	0.10711	0.01378	0.07679	0.19707	0.33465	0.03484	0.00578	0.00169	0.00293	0.11053	0.00412	0.00438
2	0.06506	0.31662	0.31573	0.00970	0.01427	0.04902	0.01061	0.05871	0.05171	0.04484	0.00816	0.00899	0.00631	0.00424	0.00363	0.00121	0.00534	0.00303	0.00238	0.02043
3	0.00604	0.00450	0.00564	0.00565	0.00663	0.00416	0.00417	0.00794	0.02885	0.01540	0.49566	0.19638	0.16127	0.01035	0.00530	0.00151	0.00229	0.02967	0.00456	0.00404
4	0.01099	0.61796	0.24543	0.00896	0.01350	0.01547	0.01000	0.01344	0.00907	0.01139	0.00664	0.00771	0.00565	0.00389	0.00321	0.00107	0.00523	0.00261	0.00188	0.00591
5	0.04577	0.08641	0.30614	0.01303	0.13442	0.05435	0.03462	0.09543	0.03184	0.12117	0.02950	0.01094	0.00781	0.00457	0.00416	0.00133	0.00545	0.00368	0.00286	0.00655
6	0.00641	0.00433	0.00507	0.00507	0.00516	0.00442	0.00299	0.00658	0.00650	0.00875	0.01369	0.02763	0.01550	0.75506	0.11144	0.00459	0.00512	0.00624	0.00264	0.00282
7	0.00542	0.00389	0.00512	0.00607	0.00637	0.00362	0.00406	0.00622	0.00856	0.01141	0.04508	0.78491	0.04947	0.02956	0.00594	0.00182	0.00257	0.01224	0.00409	0.00359
8	0.01001	0.32683	0.50378	0.01115	0.03939	0.01293	0.01300	0.01369	0.00922	0.01267	0.00728	0.00854	0.00566	0.00403	0.00370	0.00123	0.00582	0.00295	0.00188	0.00622
9	0.01050	0.15204	0.15394	0.01429	0.03807	0.01155	0.39464	0.01459	0.07532	0.03667	0.02739	0.03299	0.00838	0.00443	0.00456	0.00138	0.00612	0.00460	0.00250	0.00606
10	0.00642	0.00428	0.00482	0.00482	0.00482	0.00428	0.00268	0.00642	0.00642	0.00856	0.01392	0.02890	0.01606	0.84478	0.02248	0.00428	0.00428	0.00642	0.00268	0.00268
11	0.00766	0.01988	0.09556	0.00968	0.06049	0.00634	0.07877	0.02345	0.04503	0.03626	0.01953	0.45294	0.03605	0.01020	0.00525	0.00166	0.00387	0.07903	0.00360	0.00474
12	0.01263	0.01017	0.03193	0.00949	0.04476	0.03097	0.02135	0.26760	0.18035	0.07426	0.06830	0.01453	0.04136	0.00542	0.00430	0.00125	0.00410	0.00441	0.00394	0.16888
13	0.01024	0.00877	0.03400	0.26082	0.22526	0.00891	0.01891	0.06982	0.04651	0.08091	0.01516	0.03460	0.12523	0.00565	0.00452	0.00139	0.00470	0.00495	0.00298	0.03665
14	0.00834	0.00785	0.01325	0.83417	0.03042	0.00981	0.01227	0.01128	0.00883	0.01128	0.00785	0.01178	0.00589	0.00442	0.00442	0.00147	0.00589	0.00393	0.00196	0.00491
15	0.01053	0.01073	0.05173	0.10398	0.63706	0.02190	0.01293	0.01370	0.04727	0.01418	0.00954	0.01191	0.02625	0.00427	0.00439	0.00134	0.00525	0.00407	0.00230	0.00667
16	0.00756	0.02553	0.06845	0.00845	0.03256	0.03073	0.06322	0.01022	0.08797	0.03014	0.06491	0.41699	0.09570	0.01884	0.00534	0.00163	0.00359	0.01980	0.00374	0.00462
17	0.00710	0.00511	0.00705	0.00796	0.00898	0.00511	0.00687	0.00932	0.02692	0.01351	0.06490	0.07141	0.02613	0.01195	0.00601	0.00198	0.00391	0.70753	0.00412	0.00412
18	0.00966	0.00966	0.01353	0.01160	0.01160	0.01353	0.00966	0.01063	0.00676	0.01063	0.00580	0.00966	0.00580	0.00773	0.01449	0.00193	0.83670	0.00387	0.00193	0.00483
19	0.00649	0.00471	0.00600	0.00667	0.00731	0.00462	0.00477	0.06410	0.02454	0.01282	0.02359	0.66391	0.04440	0.01284	0.00557	0.00177	0.00290	0.09487	0.00413	0.00399
20	0.00840	0.00797	0.01361	0.81094	0.03021	0.00985	0.03474	0.01137	0.00888	0.01137	0.00788	0.01178	0.00591	0.00440	0.00444	0.00147	0.00593	0.00396	0.00197	0.00494
21	0.00945	0.00887	0.01503	0.17630	0.50259	0.00917	0.03469	0.01184	0.00955	0.01327	0.01105	0.15679	0.01067	0.00576	0.00463	0.00143	0.00496	0.00548	0.00248	0.00597
22	0.00626	0.00438	0.00560	0.00564	0.00645	0.00408	0.00402	0.00769	0.01052	0.03185	0.43363	0.24280	0.09312	0.09680	0.02533	0.00193	0.00270	0.00897	0.00434	0.00390
23	0.01093	0.01049	0.01793	0.02711	0.81723	0.01049	0.01355	0.01355	0.01006	0.01443	0.00831	0.01093	0.00700	0.00394	0.00437	0.00131	0.00525	0.00394	0.00219	0.00700
24	0.01613	0.00701	0.00924	0.00737	0.01020	0.00628	0.00597	0.04617	0.03335	0.57501	0.18382	0.01965	0.04675	0.00642	0.00463	0.00138	0.00339	0.00535	0.00523	0.00667
25	0.01034	0.43626	0.42144	0.01007	0.01522	0.01388	0.01193	0.01360	0.00915	0.01218	0.00703	0.00820	0.00563	0.00399	0.00351	0.00117	0.00562	0.00281	0.00188	0.00610
26	0.01091	0.01054	0.01821	0.02682	0.78995	0.01052	0.04061	0.01357	0.01007	0.01442	0.00833	0.01096	0.00699	0.00393	0.00440	0.00132	0.00532	0.00398	0.00219	0.00696
27	0.00665	0.00477	0.00658	0.00758	0.00842	0.00469	0.00630	0.00836	0.00974	0.01271	0.02400	0.24540	0.04046	0.01259	0.00597	0.00196	0.00366	0.58212	0.00408	0.00394
28	0.03142	0.00932	0.01331	0.15395	0.08119	0.00987	0.10945	0.18938	0.10449	0.12539	0.03114	0.01568	0.06214	0.00552	0.00457	0.00142	0.00476	0.02095	0.01980	0.00625
29	0.00957	0.10027	0.58000	0.01507	0.18162	0.01101	0.01490	0.01382	0.00944	0.01373	0.00783	0.00944	0.00589	0.00410	0.00410	0.00134	0.00609	0.00331	0.00193	0.00654
30	0.00555	0.00412	0.00522	0.00603	0.00663	0.00379	0.00429	0.00653	0.00898	0.01163	0.02841	0.58709	0.18995	0.01311	0.00560	0.00176	0.00267	0.10086	0.00410	0.00367
31	0.00600	0.00456	0.00587	0.02279	0.01774	0.00432	0.00490	0.00749	0.02481	0.01245	0.08396	0.40331	0.19998	0.01212	0.00555	0.00173	0.00289	0.17154	0.00409	0.00389
32	0.01070	0.00923	0.01395	0.45927	0.05865	0.01061	0.07494	0.15447	0.10206	0.03683	0.01006	0.02250	0.00758	0.00482	0.00450	0.00144	0.00543	0.00428	0.00284	0.00584
33	0.02892	0.01063	0.01484	0.31363	0.27953	0.09072	0.04222	0.08664	0.03731	0.01434	0.00873	0.01170	0.00697	0.00456	0.00453	0.00139	0.01776	0.01721	0.00244	0.00594
34	0.27571	0.10453	0.01403	0.13462	0.04922	0.03227	0.12361	0.12251	0.01051	0.01687	0.00767	0.00936	0.00596	0.00416	0.00374	0.00128	0.00491	0.00335	0.00264	0.07304

[dist]
# distance from previous block
# <min> <max>
12	49

[block]
# block no. 3 follows, 59 sequences, length 8
# corresponding to MSA columns:
# 313-320
name=unknown_D
#
# <colnr> <probs for GDERKNQSTAVLIFYWHMCP>
#	G	D	E	R	K	N	Q	S	T	A	V	L	I	F	Y	W	H	M	C	P
0	0.13934	0.00958	0.01061	0.00853	0.01165	0.07807	0.07097	0.08565	0.07108	0.04998	0.01086	0.03891	0.00933	0.00511	0.00397	0.00118	0.00426	0.07091	0.00317	0.31683
1	0.20011	0.01126	0.01139	0.00913	0.01225	0.09840	0.04288	0.34436	0.01452	0.13129	0.01062	0.04717	0.00810	0.00523	0.00407	0.00133	0.00469	0.00397	0.00380	0.03543
2	0.00860	0.00605	0.00836	0.00717	0.00911	0.00556	0.06486	0.01132	0.06825	0.10820	0.37239	0.06905	0.11377	0.00815	0.00497	0.00140	0.00302	0.04610	0.00435	0.07932
3	0.08370	0.00822	0.01020	0.00739	0.01125	0.00663	0.06519	0.01151	0.00911	0.01484	0.00779	0.00920	0.00640	0.00338	0.00337	0.00078	0.00360	0.00279	0.00260	0.73206
4	0.00631	0.00473	0.00710	0.00710	0.00789	0.00552	0.00552	0.00789	0.00710	0.01025	0.01183	0.01735	0.01104	0.03312	0.82728	0.00710	0.01183	0.00473	0.00237	0.00394
5	0.00916	0.00785	0.00916	0.00654	0.01047	0.00589	0.00523	0.01112	0.00916	0.01439	0.00785	0.00916	0.00654	0.00327	0.00327	0.00065	0.00327	0.00262	0.00262	0.87178
6	0.00965	0.00792	0.00850	0.00766	0.00971	0.04848	0.00598	0.08458	0.24856	0.03455	0.18184	0.09915	0.06134	0.00774	0.00477	0.00143	0.00343	0.07550	0.00418	0.09506
7	0.54947	0.00910	0.04432	0.00694	0.00966	0.00957	0.00597	0.11969	0.03298	0.01992	0.08490	0.01358	0.01044	0.00538	0.00356	0.00142	0.00368	0.06097	0.00327	0.00518

[dist]
# distance from previous block
# <min> <max>
1	3

[block]
# block no. 4 follows, 59 sequences, length 7
# corresponding to MSA columns:
# 327-333
name=unknown_E
#
# <colnr> <probs for GDERKNQSTAVLIFYWHMCP>
#	G	D	E	R	K	N	Q	S	T	A	V	L	I	F	Y	W	H	M	C	P
0	0.20280	0.01227	0.01010	0.03922	0.01194	0.26247	0.00708	0.13812	0.01179	0.07810	0.00996	0.04123	0.00840	0.00735	0.06357	0.00172	0.00577	0.04163	0.00312	0.04334
1	0.00697	0.00496	0.00685	0.00781	0.00872	0.00494	0.00666	0.00880	0.00983	0.01281	0.02287	0.09757	0.02508	0.06289	0.00707	0.00216	0.00399	0.69208	0.00398	0.00395
2	0.00916	0.00785	0.00916	0.00654	0.01047	0.00589	0.00523	0.01112	0.00916	0.01439	0.00785	0.00916	0.00654	0.00327	0.00327	0.00065	0.00327	0.00262	0.00262	0.87178
3	0.00671	0.00486	0.00673	0.00758	0.00850	0.00488	0.00637	0.00849	0.00960	0.01257	0.02325	0.14616	0.06327	0.01473	0.09892	0.00255	0.00466	0.56231	0.00388	0.00398
4	0.00884	0.00750	0.00893	0.00660	0.01017	0.00585	0.00527	0.01075	0.00893	0.01392	0.00830	0.01009	0.00705	0.00665	0.09651	0.00138	0.00424	0.00286	0.00259	0.77358
5	0.19552	0.02447	0.00874	0.03776	0.01038	0.09165	0.00600	0.01192	0.02855	0.03577	0.09698	0.06545	0.02831	0.00611	0.00446	0.00127	0.04164	0.07065	0.00314	0.23125
6	0.04026	0.00697	0.00824	0.00734	0.00964	0.02719	0.02410	0.04613	0.02622	0.03369	0.03368	0.05424	0.11241	0.02952	0.00516	0.00146	0.00369	0.25389	0.00352	0.27263

[dist]
# distance from previous block
# <min> <max>
2	281

# created by:
# /st0/software/busco_prod/Augustus/scripts/msa2prfl.pl ./align_prep/110431.fa
