[name]
unknown

[dist]
# distance from previous block
# <min> <max>
6	76

[block]
# block no. 0 follows, 56 sequences, length 7
# corresponding to MSA columns:
# 96-102
name=unknown_A
#
# <colnr> <probs for GDERKNQSTAVLIFYWHMCP>
#	G	D	E	R	K	N	Q	S	T	A	V	L	I	F	Y	W	H	M	C	P
0	0.00830	0.00683	0.06706	0.00689	0.00872	0.00559	0.00567	0.01132	0.09519	0.09910	0.26444	0.21337	0.16980	0.00983	0.00528	0.00157	0.00299	0.00855	0.00452	0.00497
1	0.07643	0.00834	0.01037	0.00812	0.01135	0.00790	0.00662	0.13864	0.01377	0.56075	0.05719	0.01601	0.01230	0.04421	0.00540	0.00156	0.00399	0.00469	0.00516	0.00721
2	0.00814	0.00495	0.00621	0.00608	0.00729	0.00447	0.00445	0.00946	0.01064	0.13065	0.21769	0.25486	0.18733	0.09159	0.00720	0.00189	0.00288	0.03525	0.00452	0.00443
3	0.03287	0.00500	0.00587	0.00572	0.00698	0.00456	0.00412	0.00920	0.01004	0.11827	0.11797	0.21600	0.26881	0.13797	0.00803	0.00202	0.00295	0.00879	0.03053	0.00429
4	0.00994	0.00594	0.00736	0.00651	0.00836	0.00544	0.00494	0.01245	0.07269	0.18630	0.30490	0.09693	0.11379	0.07188	0.00645	0.00167	0.00298	0.00730	0.00465	0.06954
5	0.13340	0.00535	0.00581	0.00575	0.00712	0.00522	0.00428	0.00892	0.03945	0.01577	0.29516	0.19043	0.24669	0.01012	0.00510	0.00156	0.00257	0.00865	0.00434	0.00429
6	0.00736	0.00470	0.00569	0.00577	0.00670	0.00428	0.00399	0.00829	0.00953	0.09191	0.09276	0.30911	0.22336	0.19405	0.00945	0.00228	0.00305	0.00956	0.00414	0.00402

[dist]
# distance from previous block
# <min> <max>
2	4

[block]
# block no. 1 follows, 56 sequences, length 8
# corresponding to MSA columns:
# 107-114
name=unknown_B
#
# <colnr> <probs for GDERKNQSTAVLIFYWHMCP>
#	G	D	E	R	K	N	Q	S	T	A	V	L	I	F	Y	W	H	M	C	P
0	0.03255	0.00531	0.00664	0.00617	0.00763	0.00495	0.00467	0.01066	0.04017	0.12001	0.48665	0.12282	0.11507	0.00945	0.00526	0.00150	0.00256	0.00824	0.00489	0.00479
1	0.00663	0.00458	0.00558	0.00575	0.00656	0.00422	0.00402	0.00772	0.00981	0.04348	0.19180	0.26295	0.19189	0.19074	0.00944	0.00226	0.00299	0.04156	0.00416	0.00386
2	0.00658	0.00442	0.00532	0.00539	0.00574	0.00431	0.00344	0.00672	0.00764	0.01005	0.05532	0.09339	0.13468	0.44102	0.06711	0.13121	0.00431	0.00720	0.00309	0.00306
3	0.00922	0.00536	0.00718	0.00729	0.04213	0.00510	0.00498	0.01032	0.02848	0.14893	0.13435	0.17772	0.08634	0.12215	0.06072	0.13010	0.00396	0.00737	0.00390	0.00441
4	0.00649	0.00478	0.00554	0.00597	0.02938	0.00446	0.00402	0.00803	0.03424	0.01319	0.11217	0.20353	0.30036	0.13801	0.00797	0.00199	0.00282	0.00886	0.10422	0.00397
5	0.00687	0.00432	0.00578	0.00591	0.00626	0.00434	0.00400	0.00663	0.00722	0.00959	0.01660	0.12383	0.10330	0.19541	0.15258	0.32999	0.00515	0.00649	0.00278	0.00295
6	0.01095	0.01004	0.01536	0.34868	0.20421	0.02792	0.06626	0.13011	0.03383	0.01543	0.00969	0.04739	0.00796	0.00521	0.00521	0.00150	0.04693	0.00458	0.00267	0.00608
7	0.00973	0.00846	0.01380	0.55899	0.16468	0.00984	0.01183	0.04119	0.00973	0.03737	0.00889	0.01292	0.00705	0.03733	0.00597	0.04457	0.00572	0.00420	0.00231	0.00542

[dist]
# distance from previous block
# <min> <max>
0	1

[block]
# block no. 2 follows, 56 sequences, length 41
# corresponding to MSA columns:
# 116-156
name=unknown_C
#
# <colnr> <probs for GDERKNQSTAVLIFYWHMCP>
#	G	D	E	R	K	N	Q	S	T	A	V	L	I	F	Y	W	H	M	C	P
0	0.01210	0.01046	0.01605	0.22121	0.35241	0.01125	0.04501	0.18909	0.02291	0.03518	0.02281	0.01219	0.00793	0.00507	0.01534	0.00150	0.00560	0.00426	0.00289	0.00673
1	0.04652	0.01069	0.01206	0.01007	0.03218	0.02702	0.01740	0.35890	0.13392	0.11117	0.01327	0.03399	0.02436	0.04145	0.00626	0.00159	0.07629	0.00465	0.00416	0.03405
2	0.11372	0.00788	0.00960	0.03509	0.08294	0.00803	0.00674	0.13643	0.04514	0.16585	0.18190	0.08224	0.09092	0.00731	0.00473	0.00147	0.00364	0.00612	0.00434	0.00592
3	0.22993	0.00906	0.02481	0.47936	0.11547	0.01037	0.04317	0.01262	0.00905	0.01454	0.00781	0.01088	0.00599	0.00442	0.00417	0.00148	0.00546	0.00372	0.00228	0.00539
4	0.01123	0.01148	0.01442	0.44661	0.10005	0.15578	0.03496	0.06143	0.03568	0.01328	0.00840	0.01137	0.00657	0.00490	0.00528	0.00148	0.06513	0.00395	0.00237	0.00561
5	0.08894	0.21560	0.01439	0.00895	0.01205	0.08987	0.00756	0.25501	0.09098	0.05841	0.04375	0.01215	0.02562	0.00537	0.00433	0.00130	0.02934	0.00388	0.02611	0.00640
6	0.00606	0.00463	0.00535	0.00522	0.00632	0.00415	0.00376	0.00748	0.01097	0.01445	0.36567	0.05509	0.35383	0.12752	0.00796	0.00192	0.00256	0.00875	0.00439	0.00391
7	0.00563	0.00406	0.00534	0.00628	0.00665	0.00377	0.00423	0.00652	0.00908	0.01209	0.06605	0.75759	0.06773	0.01400	0.00582	0.00183	0.00262	0.01265	0.00430	0.00377
8	0.00563	0.00411	0.00522	0.00608	0.00651	0.00379	0.00408	0.00643	0.00891	0.01167	0.02765	0.68671	0.13581	0.05590	0.00669	0.00195	0.00271	0.01227	0.00419	0.00370
9	0.01136	0.00886	0.00981	0.00894	0.01131	0.00990	0.00707	0.05290	0.55827	0.07033	0.06167	0.04280	0.01711	0.00734	0.00494	0.00161	0.00368	0.10070	0.00469	0.00670
10	0.87108	0.00888	0.00675	0.00604	0.00888	0.01030	0.00497	0.01350	0.00781	0.02060	0.00639	0.00746	0.00497	0.00426	0.00284	0.00142	0.00355	0.00249	0.00284	0.00497
11	0.00592	0.00436	0.00559	0.00641	0.00691	0.00416	0.00437	0.00743	0.04938	0.01246	0.06427	0.71025	0.07418	0.01357	0.00575	0.00181	0.00267	0.01223	0.00432	0.00395
12	0.01353	0.00922	0.00988	0.02820	0.01104	0.01006	0.00657	0.44394	0.03167	0.02355	0.01270	0.01363	0.00948	0.00544	0.00404	0.00126	0.00388	0.00421	0.35141	0.00631
13	0.01149	0.53480	0.23503	0.00945	0.01390	0.06685	0.01022	0.01395	0.00964	0.01187	0.00771	0.04221	0.00688	0.00453	0.00352	0.00116	0.00554	0.00318	0.00208	0.00601
14	0.04315	0.01103	0.01233	0.00956	0.01305	0.01173	0.00787	0.51797	0.04369	0.23115	0.02635	0.01281	0.00952	0.00560	0.00454	0.00139	0.00456	0.00432	0.02180	0.00758
15	0.87108	0.00888	0.00675	0.00604	0.00888	0.01030	0.00497	0.01350	0.00781	0.02060	0.00639	0.00746	0.00497	0.00426	0.00284	0.00142	0.00355	0.00249	0.00284	0.00497
16	0.01136	0.01091	0.01863	0.02818	0.81002	0.01091	0.01409	0.01409	0.01045	0.01500	0.00864	0.01136	0.00727	0.00409	0.00455	0.00136	0.00545	0.00409	0.00227	0.00727
17	0.01226	0.01028	0.01085	0.00951	0.01226	0.01181	0.00747	0.13113	0.69362	0.02055	0.01762	0.01628	0.01315	0.00613	0.00466	0.00153	0.00383	0.00504	0.00466	0.00734
18	0.00804	0.00476	0.00634	0.00674	0.00759	0.00444	0.00475	0.02358	0.00972	0.12805	0.04273	0.65643	0.02692	0.01346	0.03116	0.00195	0.00318	0.01129	0.00444	0.00442
19	0.00568	0.00448	0.00514	0.00560	0.00657	0.00400	0.00396	0.00699	0.02931	0.01239	0.05350	0.41052	0.41003	0.01272	0.00561	0.00169	0.00251	0.01111	0.00429	0.00390
20	0.00676	0.00468	0.00598	0.00594	0.00621	0.00501	0.00392	0.00721	0.00688	0.00946	0.01331	0.02504	0.01440	0.52426	0.28165	0.04654	0.02099	0.00593	0.00263	0.00321
21	0.01540	0.00866	0.01051	0.00875	0.01161	0.00875	0.00721	0.22581	0.09252	0.32149	0.09007	0.02217	0.01608	0.00717	0.00497	0.00154	0.00408	0.13137	0.00500	0.00685
22	0.00908	0.00899	0.01635	0.50054	0.04641	0.01025	0.19555	0.01201	0.00944	0.01247	0.00972	0.07997	0.00834	0.00542	0.00552	0.00159	0.05563	0.00513	0.00229	0.00529
23	0.00566	0.00412	0.00535	0.00626	0.00670	0.00381	0.00427	0.00659	0.00917	0.01211	0.05984	0.70818	0.10358	0.01387	0.00581	0.00182	0.00265	0.03213	0.00429	0.00378
24	0.00735	0.00481	0.00611	0.00633	0.00739	0.00444	0.00472	0.01855	0.01070	0.07476	0.19690	0.34129	0.16055	0.01159	0.00555	0.00168	0.00279	0.09869	0.03147	0.00432
25	0.02440	0.00847	0.02700	0.00994	0.01090	0.01033	0.03560	0.07484	0.00883	0.01333	0.01004	0.05951	0.00943	0.01444	0.21823	0.00321	0.37758	0.00480	0.07415	0.00496
26	0.21554	0.04693	0.04657	0.02691	0.08095	0.10329	0.02204	0.30535	0.05516	0.02093	0.00917	0.01004	0.00695	0.00495	0.00433	0.00138	0.02601	0.00358	0.00337	0.00652
27	0.03792	0.01130	0.04213	0.07176	0.50046	0.03619	0.14196	0.01403	0.02069	0.01477	0.00967	0.01384	0.00824	0.00467	0.00473	0.00145	0.00584	0.05129	0.00243	0.00663
28	0.00793	0.03273	0.04832	0.00715	0.02801	0.01598	0.00520	0.03203	0.00798	0.03578	0.01330	0.04167	0.01383	0.44039	0.24571	0.00466	0.00684	0.00577	0.00278	0.00393
29	0.00806	0.00604	0.00810	0.15269	0.01206	0.00576	0.00600	0.01014	0.01122	0.06003	0.37534	0.02616	0.11033	0.04179	0.00564	0.00147	0.00328	0.00651	0.00399	0.14539
30	0.02338	0.14684	0.25068	0.02487	0.11476	0.05214	0.13461	0.03393	0.02798	0.04274	0.00890	0.01114	0.00706	0.00470	0.00504	0.00140	0.06041	0.01891	0.00241	0.02813
31	0.01197	0.01014	0.01069	0.00946	0.01215	0.01168	0.00740	0.09531	0.72991	0.02010	0.01798	0.01657	0.01344	0.00616	0.00466	0.00154	0.00376	0.00509	0.00466	0.00732
32	0.00772	0.00625	0.00849	0.00781	0.00814	0.00754	0.02070	0.00856	0.00719	0.01043	0.01180	0.04114	0.01245	0.34757	0.20600	0.00419	0.23652	0.00556	0.03805	0.00387
33	0.01116	0.00962	0.01014	0.00915	0.01168	0.01107	0.00711	0.02360	0.76448	0.01902	0.03704	0.01818	0.03432	0.00643	0.00471	0.00155	0.00357	0.00537	0.00467	0.00712
34	0.01715	0.01271	0.01361	0.01050	0.01412	0.01409	0.00865	0.75557	0.06122	0.02844	0.01141	0.01133	0.00812	0.00555	0.00460	0.00139	0.00498	0.00419	0.00460	0.00778
35	0.00646	0.00481	0.00571	0.00581	0.00711	0.00430	0.00451	0.00803	0.01109	0.03545	0.23974	0.09977	0.39779	0.01126	0.00559	0.00164	0.00267	0.13961	0.00450	0.00415
36	0.01139	0.02785	0.01744	0.06781	0.65671	0.02503	0.01301	0.03171	0.05044	0.01526	0.00928	0.01173	0.00764	0.00430	0.00448	0.00136	0.00533	0.00410	0.02811	0.00702
37	0.00935	0.04836	0.77441	0.01324	0.03590	0.01090	0.01663	0.01451	0.00970	0.01443	0.00819	0.00966	0.00585	0.00434	0.00432	0.00144	0.00670	0.00338	0.00195	0.00677
38	0.01715	0.02188	0.01301	0.01183	0.01419	0.82022	0.00887	0.01833	0.01301	0.01124	0.00710	0.00828	0.00591	0.00473	0.00414	0.00118	0.00828	0.00296	0.00237	0.00532
39	0.00790	0.02286	0.03118	0.00648	0.00821	0.00608	0.00520	0.07144	0.05652	0.03636	0.30677	0.05684	0.28743	0.03569	0.00600	0.00160	0.01908	0.02517	0.00442	0.00476
40	0.61329	0.04248	0.13466	0.00759	0.01114	0.02866	0.00726	0.03803	0.00899	0.06195	0.00747	0.00837	0.00559	0.00439	0.00326	0.00140	0.00428	0.00280	0.00286	0.00554

[dist]
# distance from previous block
# <min> <max>
0	10

[block]
# block no. 3 follows, 56 sequences, length 54
# corresponding to MSA columns:
# 178-231
name=unknown_D
#
# <colnr> <probs for GDERKNQSTAVLIFYWHMCP>
#	G	D	E	R	K	N	Q	S	T	A	V	L	I	F	Y	W	H	M	C	P
0	0.05838	0.00497	0.00621	0.00653	0.00742	0.00491	0.00472	0.00887	0.03060	0.05732	0.15641	0.47820	0.05285	0.01243	0.03193	0.00189	0.01893	0.02914	0.02399	0.00429
1	0.00997	0.00973	0.01721	0.40416	0.31776	0.01054	0.11579	0.01299	0.00988	0.01341	0.00848	0.01186	0.00668	0.00428	0.00465	0.00145	0.00602	0.00422	0.00218	0.02873
2	0.00565	0.00448	0.00509	0.00539	0.00649	0.00392	0.00391	0.00685	0.01027	0.01294	0.12881	0.27465	0.47187	0.01220	0.00557	0.00164	0.00245	0.02957	0.00435	0.00389
3	0.00627	0.00468	0.00582	0.00553	0.00672	0.00423	0.00415	0.00822	0.01245	0.01712	0.64376	0.03642	0.20796	0.00987	0.00542	0.00147	0.00220	0.00860	0.00488	0.00423
4	0.01252	0.81698	0.02366	0.00786	0.01178	0.01783	0.00782	0.01400	0.00944	0.03432	0.00673	0.00761	0.00605	0.00398	0.00299	0.00099	0.00488	0.00252	0.00207	0.00595
5	0.00555	0.00452	0.00492	0.00511	0.00635	0.00388	0.00372	0.00672	0.01033	0.01277	0.10619	0.20778	0.58216	0.01201	0.00552	0.00161	0.00238	0.01027	0.00433	0.00388
6	0.00952	0.00816	0.00952	0.00680	0.01088	0.00612	0.00544	0.01156	0.00952	0.01496	0.00816	0.00952	0.00680	0.00340	0.00340	0.00068	0.00340	0.00272	0.00272	0.86672
7	0.87108	0.00888	0.00675	0.00604	0.00888	0.01030	0.00497	0.01350	0.00781	0.02060	0.00639	0.00746	0.00497	0.00426	0.00284	0.00142	0.00355	0.00249	0.00284	0.00497
8	0.01117	0.08817	0.04171	0.01232	0.01368	0.08575	0.08433	0.03840	0.00870	0.01209	0.00670	0.00988	0.00615	0.00677	0.01138	0.00176	0.54960	0.00390	0.00215	0.00539
9	0.00890	0.04701	0.66646	0.01205	0.01783	0.01015	0.01496	0.01355	0.00933	0.01383	0.00880	0.01089	0.00668	0.00893	0.12876	0.00234	0.00757	0.00360	0.00202	0.00635
10	0.00884	0.00834	0.01427	0.75628	0.05600	0.01017	0.04262	0.01190	0.00929	0.01204	0.00834	0.01230	0.00629	0.00456	0.00460	0.00152	0.00609	0.00414	0.01721	0.00520
11	0.00582	0.00419	0.00551	0.00617	0.00669	0.00389	0.00425	0.00697	0.00991	0.01343	0.22306	0.60551	0.06148	0.01303	0.00573	0.00175	0.00253	0.01174	0.00446	0.00389
12	0.00867	0.00816	0.01377	0.82762	0.03162	0.01020	0.01275	0.01173	0.00918	0.01173	0.00816	0.01224	0.00612	0.00459	0.00459	0.00153	0.00612	0.00408	0.00204	0.00510
13	0.13830	0.16843	0.02996	0.00880	0.01118	0.19671	0.01937	0.03323	0.00991	0.04166	0.00992	0.05427	0.00904	0.01236	0.19873	0.00276	0.02757	0.01995	0.00267	0.00517
14	0.01094	0.01092	0.04133	0.13323	0.68414	0.01081	0.01400	0.01379	0.01026	0.01455	0.00856	0.01143	0.00708	0.00416	0.00455	0.00139	0.00558	0.00407	0.00223	0.00697
15	0.00734	0.00498	0.00600	0.00588	0.00643	0.00522	0.00396	0.04975	0.00821	0.01157	0.02874	0.06662	0.02627	0.45187	0.20884	0.00442	0.00596	0.00628	0.08806	0.00360
16	0.00640	0.00438	0.00504	0.00523	0.00538	0.00429	0.00309	0.00662	0.00730	0.00963	0.01851	0.17233	0.07213	0.63862	0.01909	0.00380	0.00399	0.00800	0.00314	0.00302
17	0.01166	0.61235	0.22087	0.00928	0.01387	0.04098	0.01016	0.01409	0.00953	0.01175	0.00687	0.00797	0.00587	0.00406	0.00334	0.00111	0.00548	0.00270	0.00197	0.00610
18	0.01103	0.04015	0.11129	0.01901	0.25702	0.03894	0.30257	0.03920	0.01079	0.02939	0.01028	0.07859	0.00886	0.00502	0.00503	0.00147	0.01727	0.00515	0.00254	0.00641
19	0.00675	0.00515	0.00754	0.00744	0.00815	0.00607	0.00574	0.00823	0.00731	0.01054	0.01214	0.01853	0.01159	0.09394	0.71878	0.00688	0.05371	0.00501	0.00246	0.00405
20	0.01136	0.01091	0.01863	0.02818	0.81002	0.01091	0.01409	0.01409	0.01045	0.01500	0.00864	0.01136	0.00727	0.00409	0.00455	0.00136	0.00545	0.00409	0.00227	0.00727
21	0.07153	0.01235	0.02741	0.08978	0.09099	0.14026	0.00901	0.28037	0.04910	0.04477	0.01094	0.07513	0.00912	0.00581	0.00483	0.00141	0.03428	0.00452	0.00346	0.03495
22	0.02383	0.01177	0.03578	0.02655	0.03678	0.06766	0.04837	0.36432	0.16226	0.04485	0.03188	0.08113	0.03122	0.00637	0.00473	0.00146	0.00485	0.00525	0.00413	0.00681
23	0.01898	0.00812	0.01057	0.00828	0.01165	0.00744	0.00678	0.06308	0.08312	0.66599	0.04101	0.01649	0.02468	0.00592	0.00466	0.00143	0.00387	0.00483	0.00549	0.00760
24	0.01021	0.00973	0.01646	0.31539	0.50546	0.01044	0.01329	0.01301	0.01000	0.01374	0.00961	0.01267	0.03099	0.00450	0.00459	0.00143	0.00560	0.00426	0.00225	0.00639
25	0.59184	0.00861	0.00808	0.00677	0.00985	0.00925	0.00559	0.02853	0.00969	0.26848	0.01013	0.01007	0.00701	0.00473	0.00342	0.00142	0.00369	0.00318	0.00376	0.00590
26	0.00560	0.00437	0.00506	0.00549	0.00642	0.00386	0.00387	0.00665	0.00984	0.01246	0.09053	0.38600	0.40090	0.02964	0.00598	0.00174	0.00250	0.01099	0.00429	0.00382
27	0.00640	0.00475	0.00566	0.00539	0.00671	0.00421	0.00405	0.00816	0.01200	0.03425	0.48987	0.03776	0.34371	0.01018	0.00540	0.00149	0.00227	0.00876	0.00476	0.00423
28	0.00661	0.00472	0.00636	0.00636	0.00683	0.00519	0.00447	0.00754	0.00708	0.00990	0.01323	0.02320	0.01372	0.38013	0.47782	0.00612	0.00892	0.00567	0.00260	0.00353
29	0.00645	0.00470	0.00607	0.00577	0.00688	0.00432	0.00435	0.00854	0.01276	0.01789	0.73670	0.03540	0.09465	0.00962	0.00544	0.00147	0.00223	0.02749	0.00498	0.00430
30	0.00578	0.00463	0.00517	0.00511	0.00644	0.00402	0.00380	0.00725	0.01120	0.01432	0.29295	0.08350	0.51756	0.01105	0.00545	0.00153	0.00229	0.00942	0.00452	0.00402
31	0.01227	0.84142	0.02406	0.00786	0.01178	0.01817	0.00786	0.01375	0.00933	0.01080	0.00638	0.00736	0.00589	0.00393	0.00295	0.00098	0.00491	0.00245	0.00196	0.00589
32	0.01757	0.01267	0.01366	0.01047	0.01414	0.01395	0.00865	0.76540	0.02126	0.05870	0.01129	0.01120	0.00794	0.00552	0.00459	0.00138	0.00501	0.00415	0.00463	0.00781
33	0.00960	0.00689	0.00846	0.00734	0.00916	0.00697	0.02207	0.18053	0.04476	0.04456	0.47828	0.06394	0.04544	0.00843	0.00517	0.00146	0.00309	0.02315	0.02540	0.00531
34	0.01155	0.00990	0.01032	0.00927	0.01178	0.02632	0.00719	0.07582	0.68010	0.01922	0.01839	0.07162	0.01454	0.00670	0.00474	0.00156	0.00375	0.00561	0.00460	0.00703
35	0.00660	0.00526	0.00552	0.00550	0.00660	0.03546	0.00390	0.00772	0.01021	0.02827	0.17688	0.14507	0.38052	0.15200	0.00847	0.00205	0.00296	0.00902	0.00411	0.00389
36	0.01100	0.01261	0.04781	0.01797	0.02228	0.03150	0.66878	0.04436	0.01107	0.01494	0.00969	0.03939	0.00768	0.00446	0.00566	0.00156	0.03522	0.00546	0.00245	0.00613
37	0.01158	0.01124	0.04508	0.03849	0.70379	0.01076	0.05121	0.01442	0.01053	0.04559	0.00901	0.01153	0.00735	0.00416	0.00458	0.00138	0.00556	0.00415	0.00239	0.00719
38	0.02318	0.40557	0.35363	0.01034	0.01530	0.06902	0.01168	0.01473	0.03503	0.01280	0.00760	0.00871	0.00611	0.00424	0.00367	0.00122	0.00586	0.00297	0.00208	0.00626
39	0.00559	0.00459	0.00493	0.00499	0.00634	0.00392	0.00369	0.00686	0.01064	0.01316	0.14971	0.12656	0.61990	0.01161	0.00547	0.00157	0.00234	0.00985	0.00437	0.00392
40	0.00887	0.00841	0.01434	0.76461	0.07522	0.01027	0.03027	0.01193	0.00929	0.01198	0.00821	0.01219	0.00620	0.00455	0.00461	0.00152	0.00612	0.00411	0.00206	0.00525
41	0.01227	0.84142	0.02406	0.00786	0.01178	0.01817	0.00786	0.01375	0.00933	0.01080	0.00638	0.00736	0.00589	0.00393	0.00295	0.00098	0.00491	0.00245	0.00196	0.00589
42	0.00793	0.00525	0.00671	0.00614	0.00754	0.00492	0.00467	0.01064	0.05780	0.08520	0.67097	0.03207	0.06433	0.00897	0.00531	0.00145	0.00240	0.00786	0.00506	0.00478
43	0.02032	0.00787	0.01065	0.00820	0.01173	0.00689	0.00676	0.02243	0.03690	0.78927	0.01813	0.01567	0.01144	0.00570	0.00462	0.00142	0.00390	0.00463	0.00565	0.00780
44	0.01015	0.27496	0.57191	0.01148	0.01739	0.01297	0.01416	0.01430	0.00958	0.01339	0.00767	0.00898	0.00584	0.00423	0.00393	0.00131	0.00621	0.00310	0.00195	0.00651
45	0.00853	0.00529	0.00675	0.00642	0.00728	0.00551	0.00454	0.03443	0.02081	0.09448	0.01455	0.05796	0.01444	0.37069	0.29041	0.00475	0.00691	0.00594	0.03622	0.00408
46	0.00562	0.00401	0.00532	0.00636	0.00662	0.00375	0.00422	0.00640	0.00873	0.01165	0.02502	0.81445	0.03000	0.03609	0.00632	0.00193	0.00271	0.01288	0.00422	0.00370
47	0.00668	0.00504	0.00740	0.00733	0.00806	0.00589	0.00564	0.00816	0.00731	0.01053	0.01228	0.01874	0.01172	0.09752	0.73234	0.00698	0.03684	0.00503	0.00247	0.00402
48	0.04038	0.01430	0.01117	0.00998	0.01248	0.32905	0.00767	0.06034	0.34741	0.04207	0.05052	0.01437	0.02880	0.00579	0.00445	0.00139	0.00544	0.00440	0.00375	0.00627
49	0.00561	0.00444	0.00506	0.00548	0.00652	0.00389	0.00395	0.00672	0.00997	0.01247	0.07199	0.33248	0.46173	0.01257	0.00562	0.00168	0.00251	0.03916	0.00430	0.00386
50	0.00559	0.00400	0.00533	0.00639	0.00666	0.00373	0.00426	0.00639	0.00879	0.01172	0.02530	0.83566	0.03036	0.01438	0.00586	0.00186	0.00266	0.01305	0.00426	0.00373
51	0.01409	0.00929	0.01049	0.00869	0.01142	0.00986	0.00693	0.32171	0.16146	0.15791	0.08521	0.09681	0.03481	0.00702	0.00477	0.00146	0.00392	0.00579	0.04159	0.00676
52	0.01219	0.81781	0.04689	0.00801	0.01202	0.01795	0.00812	0.01377	0.00934	0.01091	0.00644	0.00743	0.00589	0.00394	0.00299	0.00100	0.00496	0.00248	0.00196	0.00592
53	0.03034	0.01005	0.03144	0.01046	0.09186	0.00962	0.00776	0.26933	0.02843	0.07181	0.02409	0.03716	0.06051	0.00549	0.00464	0.00122	0.03160	0.00437	0.00366	0.26615

[dist]
# distance from previous block
# <min> <max>
4	7

[block]
# block no. 4 follows, 56 sequences, length 36
# corresponding to MSA columns:
# 239-266,274-281
name=unknown_E
#
# <colnr> <probs for GDERKNQSTAVLIFYWHMCP>
#	G	D	E	R	K	N	Q	S	T	A	V	L	I	F	Y	W	H	M	C	P
0	0.01225	0.02723	0.01245	0.03410	0.10544	0.09479	0.03203	0.09829	0.01159	0.07176	0.00911	0.01032	0.00716	0.00407	0.00391	0.00100	0.00461	0.00331	0.00299	0.45359
1	0.00616	0.00459	0.00551	0.00541	0.00640	0.00418	0.00388	0.00764	0.01108	0.01490	0.42655	0.09919	0.24634	0.12845	0.00801	0.00193	0.00257	0.00882	0.00445	0.00394
2	0.00632	0.00418	0.00554	0.00639	0.00683	0.00389	0.00434	0.00724	0.00912	0.04482	0.04938	0.75359	0.02947	0.01361	0.00572	0.00181	0.00268	0.01231	0.02883	0.00393
3	0.00578	0.00466	0.00515	0.00503	0.00642	0.00403	0.00377	0.00728	0.01131	0.01441	0.30072	0.04088	0.55269	0.01088	0.00542	0.00151	0.00227	0.00923	0.00453	0.00403
4	0.00715	0.00441	0.00582	0.00644	0.00703	0.00410	0.00442	0.00806	0.00917	0.08575	0.03730	0.66564	0.02749	0.06568	0.00680	0.00197	0.00289	0.02207	0.02373	0.00408
5	0.03489	0.00456	0.00461	0.00449	0.00571	0.00456	0.00340	0.01125	0.00971	0.04908	0.01484	0.01677	0.01155	0.00533	0.00325	0.00109	0.00225	0.00424	0.80397	0.00444
6	0.01716	0.02157	0.01304	0.01178	0.01419	0.79214	0.00887	0.04539	0.01331	0.01185	0.00723	0.00837	0.00598	0.00476	0.00416	0.00119	0.00817	0.00300	0.00244	0.00541
7	0.01136	0.01091	0.01863	0.02818	0.81002	0.01091	0.01409	0.01409	0.01045	0.01500	0.00864	0.01136	0.00727	0.00409	0.00455	0.00136	0.00545	0.00409	0.00227	0.00727
8	0.01084	0.01238	0.02709	0.01935	0.02399	0.01161	0.79334	0.01471	0.01084	0.01471	0.00929	0.01238	0.00697	0.00387	0.00542	0.00155	0.00774	0.00542	0.00232	0.00619
9	0.01227	0.84142	0.02406	0.00786	0.01178	0.01817	0.00786	0.01375	0.00933	0.01080	0.00638	0.00736	0.00589	0.00393	0.00295	0.00098	0.00491	0.00245	0.00196	0.00589
10	0.00982	0.01246	0.14211	0.01512	0.05016	0.02366	0.40583	0.03522	0.01089	0.01492	0.08684	0.06428	0.06100	0.00580	0.00560	0.00154	0.04021	0.00590	0.00280	0.00585
11	0.01257	0.00927	0.01030	0.00866	0.01162	0.00973	0.00684	0.10969	0.42235	0.12126	0.02619	0.04789	0.02820	0.00607	0.00451	0.00138	0.00371	0.00502	0.00445	0.15028
12	0.00897	0.00732	0.00843	0.00879	0.02543	0.03914	0.00685	0.04512	0.22740	0.01525	0.02126	0.20420	0.02173	0.02703	0.00593	0.00187	0.00395	0.31193	0.00423	0.00517
13	0.01975	0.00841	0.01094	0.00844	0.01193	0.00771	0.00695	0.11636	0.03022	0.68547	0.03304	0.01547	0.01162	0.00575	0.00463	0.00142	0.00401	0.00464	0.00552	0.00773
14	0.01174	0.01103	0.01833	0.02709	0.76090	0.01111	0.01376	0.06227	0.01114	0.01586	0.00878	0.01134	0.00731	0.00418	0.00455	0.00136	0.00543	0.00409	0.00242	0.00731
15	0.52581	0.02622	0.00953	0.00786	0.01087	0.09412	0.00640	0.19631	0.03671	0.03690	0.00816	0.00883	0.00616	0.00468	0.00348	0.00138	0.00442	0.00304	0.00330	0.00581
16	0.01440	0.01014	0.03648	0.00976	0.05062	0.05916	0.03424	0.25473	0.03047	0.19128	0.08189	0.01595	0.03467	0.00631	0.01788	0.00145	0.00450	0.00475	0.13481	0.00653
17	0.03614	0.06309	0.03841	0.01242	0.05281	0.10441	0.18253	0.13649	0.09889	0.06471	0.03742	0.03767	0.01087	0.00687	0.04033	0.00170	0.00590	0.04406	0.00337	0.02192
18	0.00830	0.03791	0.00720	0.00613	0.00758	0.00508	0.00470	0.01017	0.01224	0.11547	0.53905	0.11322	0.09645	0.00940	0.00526	0.00147	0.00255	0.00821	0.00487	0.00473
19	0.00569	0.00456	0.00508	0.00517	0.00642	0.00395	0.00379	0.00702	0.01077	0.01363	0.21203	0.16347	0.51916	0.01155	0.00549	0.00157	0.00234	0.00990	0.00444	0.00395
20	0.01118	0.01160	0.05743	0.06839	0.68936	0.02189	0.04474	0.01407	0.01040	0.01474	0.00860	0.01133	0.00711	0.00413	0.00457	0.00138	0.00568	0.00409	0.00225	0.00707
21	0.03301	0.01110	0.01382	0.01114	0.02792	0.03701	0.12182	0.31282	0.20018	0.08533	0.04450	0.01447	0.01105	0.00560	0.00467	0.00144	0.00485	0.01322	0.03906	0.00698
22	0.00763	0.00627	0.00789	0.00775	0.00898	0.03802	0.05381	0.07525	0.01079	0.01394	0.05247	0.43896	0.13971	0.01180	0.00564	0.00175	0.00354	0.10729	0.00412	0.00440
23	0.00562	0.00403	0.00534	0.00634	0.00666	0.00375	0.00425	0.00646	0.00894	0.01192	0.04747	0.79939	0.04443	0.01420	0.00584	0.00185	0.00264	0.01286	0.00428	0.00375
24	0.00929	0.02317	0.77513	0.01340	0.02008	0.01071	0.05612	0.01455	0.00975	0.01455	0.00829	0.00983	0.00587	0.00434	0.00442	0.00146	0.00683	0.00349	0.00196	0.00676
25	0.01124	0.01163	0.06749	0.05889	0.71450	0.01093	0.01411	0.02933	0.01057	0.01511	0.00864	0.01129	0.00715	0.00416	0.00454	0.00138	0.00555	0.00405	0.00229	0.00717
26	0.00921	0.02375	0.81487	0.01309	0.01987	0.01066	0.01696	0.01454	0.00969	0.01454	0.00824	0.00969	0.00582	0.00436	0.00436	0.00145	0.00678	0.00339	0.00194	0.00678
27	0.00623	0.00457	0.00588	0.00668	0.00743	0.00432	0.00508	0.00749	0.00956	0.01235	0.02818	0.37903	0.17051	0.06418	0.00702	0.00205	0.00323	0.26819	0.00416	0.00386
28	0.01680	0.01997	0.01281	0.01151	0.01385	0.69973	0.00873	0.01849	0.04469	0.06105	0.00820	0.00917	0.00658	0.00500	0.00470	0.00125	0.04608	0.00320	0.00265	0.00554
29	0.00699	0.00545	0.00651	0.00692	0.00789	0.00554	0.00496	0.01066	0.18660	0.01391	0.07236	0.51002	0.09774	0.01196	0.00554	0.00175	0.00287	0.03333	0.00440	0.00458
30	0.00594	0.00432	0.00560	0.00603	0.00671	0.00398	0.00423	0.00730	0.01056	0.01440	0.33467	0.46422	0.09056	0.01222	0.00565	0.00168	0.00244	0.01094	0.00457	0.00398
31	0.00901	0.00859	0.01477	0.71908	0.10511	0.01032	0.04450	0.01207	0.00937	0.01216	0.00825	0.01216	0.00626	0.00451	0.00462	0.00151	0.00612	0.00414	0.00207	0.00535
32	0.03922	0.13608	0.02590	0.05995	0.02631	0.03653	0.03161	0.04275	0.08059	0.01560	0.25270	0.04784	0.04564	0.03557	0.00545	0.00158	0.00402	0.10378	0.00375	0.00513
33	0.01163	0.00996	0.01050	0.00938	0.01202	0.01152	0.00732	0.05075	0.77503	0.01954	0.01842	0.01692	0.01380	0.00620	0.00467	0.00155	0.00368	0.00515	0.00467	0.00729
34	0.01063	0.01016	0.01731	0.24524	0.59867	0.01072	0.01373	0.01345	0.01011	0.01411	0.00851	0.01160	0.00696	0.00423	0.00456	0.00141	0.00563	0.00409	0.00221	0.00668
35	0.05911	0.04442	0.01253	0.03537	0.01344	0.02192	0.00798	0.43388	0.18921	0.07240	0.01302	0.04050	0.00984	0.00578	0.00447	0.00141	0.00455	0.00451	0.00433	0.02133

[dist]
# distance from previous block
# <min> <max>
0	1

[block]
# block no. 5 follows, 56 sequences, length 8
# corresponding to MSA columns:
# 283-290
name=unknown_F
#
# <colnr> <probs for GDERKNQSTAVLIFYWHMCP>
#	G	D	E	R	K	N	Q	S	T	A	V	L	I	F	Y	W	H	M	C	P
0	0.01144	0.01214	0.02446	0.02037	0.17359	0.01168	0.58449	0.07404	0.01158	0.01585	0.00930	0.01208	0.00709	0.00404	0.00519	0.00150	0.00710	0.00507	0.00249	0.00652
1	0.00559	0.00400	0.00533	0.00639	0.00666	0.00373	0.00426	0.00639	0.00879	0.01172	0.02530	0.83566	0.03036	0.01438	0.00586	0.00186	0.00266	0.01305	0.00426	0.00373
2	0.01070	0.07999	0.35449	0.04950	0.08025	0.01108	0.21414	0.01499	0.03922	0.06417	0.00986	0.03369	0.00756	0.00462	0.00462	0.00145	0.00635	0.00433	0.00247	0.00653
3	0.03648	0.04670	0.01240	0.00930	0.01247	0.01196	0.00758	0.50229	0.06239	0.12059	0.05461	0.01438	0.01101	0.06958	0.00597	0.00162	0.00459	0.00456	0.00446	0.00706
4	0.00861	0.00827	0.06976	0.00781	0.00997	0.00770	0.00652	0.01532	0.33903	0.01730	0.27158	0.06951	0.10836	0.00830	0.00508	0.00155	0.00324	0.03192	0.00450	0.00565
5	0.19702	0.39204	0.08258	0.00818	0.01176	0.07775	0.00779	0.05795	0.01033	0.04043	0.04272	0.01053	0.03505	0.00474	0.00347	0.00121	0.00481	0.00324	0.00266	0.00576
6	0.11914	0.18045	0.18057	0.00906	0.01324	0.03394	0.00897	0.10890	0.01151	0.16370	0.01015	0.02928	0.00767	0.00478	0.00389	0.00126	0.00484	0.00354	0.00322	0.10189
7	0.01439	0.12006	0.06015	0.01349	0.14164	0.05529	0.06973	0.31060	0.04099	0.07688	0.04473	0.01203	0.00919	0.00505	0.00444	0.00134	0.00532	0.00415	0.00354	0.00700

[dist]
# distance from previous block
# <min> <max>
0	2

[block]
# block no. 6 follows, 56 sequences, length 9
# corresponding to MSA columns:
# 293-301
name=unknown_G
#
# <colnr> <probs for GDERKNQSTAVLIFYWHMCP>
#	G	D	E	R	K	N	Q	S	T	A	V	L	I	F	Y	W	H	M	C	P
0	0.01400	0.04343	0.07251	0.01390	0.17659	0.11438	0.02575	0.26072	0.06775	0.06994	0.03227	0.03291	0.02091	0.02829	0.00505	0.00146	0.00536	0.00446	0.00352	0.00678
1	0.05649	0.01237	0.03413	0.06995	0.31172	0.14710	0.01053	0.06894	0.10997	0.08621	0.02282	0.01204	0.00860	0.00481	0.00440	0.00136	0.00543	0.00402	0.00310	0.02600
2	0.12370	0.02692	0.03409	0.05890	0.01483	0.19979	0.09368	0.16193	0.04271	0.05389	0.01101	0.01310	0.03364	0.00535	0.00463	0.00138	0.02716	0.03519	0.00319	0.05490
3	0.01167	0.09218	0.01095	0.00850	0.04249	0.00939	0.00655	0.19870	0.11287	0.09504	0.18671	0.02272	0.14812	0.02737	0.00520	0.00148	0.00369	0.00600	0.00435	0.00602
4	0.04248	0.00682	0.00814	0.00776	0.03776	0.00717	0.00546	0.14253	0.03568	0.01446	0.01422	0.06989	0.03905	0.27573	0.20860	0.00380	0.00618	0.00572	0.00319	0.06538
5	0.00569	0.00408	0.00526	0.00616	0.00647	0.00381	0.00407	0.00643	0.00867	0.01147	0.02534	0.71214	0.07054	0.09735	0.00760	0.00211	0.00283	0.01223	0.00411	0.00364
6	0.72298	0.00806	0.00643	0.00595	0.00841	0.00921	0.00478	0.01258	0.00804	0.01946	0.00890	0.09165	0.00801	0.00536	0.00317	0.00144	0.00336	0.00368	0.06373	0.00480
7	0.04067	0.04280	0.01463	0.08173	0.35399	0.04975	0.01034	0.14327	0.01222	0.04242	0.01296	0.01435	0.09027	0.00518	0.00443	0.00133	0.00497	0.00443	0.00300	0.06725
8	0.03965	0.01259	0.18679	0.04512	0.04442	0.02118	0.16134	0.05754	0.04826	0.08450	0.01228	0.05968	0.02815	0.00556	0.00493	0.00143	0.02804	0.03478	0.00304	0.12071

[dist]
# distance from previous block
# <min> <max>
0	2

[block]
# block no. 7 follows, 56 sequences, length 8
# corresponding to MSA columns:
# 304-311
name=unknown_H
#
# <colnr> <probs for GDERKNQSTAVLIFYWHMCP>
#	G	D	E	R	K	N	Q	S	T	A	V	L	I	F	Y	W	H	M	C	P
0	0.50092	0.25007	0.04917	0.00732	0.01074	0.01297	0.00672	0.08982	0.00968	0.01831	0.00693	0.00788	0.00555	0.00429	0.00311	0.00129	0.00424	0.00268	0.00272	0.00560
1	0.01025	0.01196	0.14441	0.06300	0.48973	0.00991	0.04924	0.01334	0.01028	0.01484	0.03702	0.03750	0.00967	0.00495	0.00461	0.00142	0.00540	0.02733	0.04856	0.00658
2	0.01180	0.67530	0.07307	0.00921	0.04899	0.01654	0.00866	0.01360	0.00933	0.01147	0.00669	0.00791	0.00601	0.00408	0.00356	0.00105	0.03394	0.00266	0.00202	0.05409
3	0.00666	0.00447	0.00510	0.00507	0.00517	0.00444	0.00292	0.00685	0.00722	0.00972	0.08283	0.03041	0.01899	0.76718	0.02182	0.00419	0.00425	0.00682	0.00298	0.00292
4	0.01079	0.14855	0.43103	0.01314	0.07704	0.03065	0.04961	0.05709	0.08662	0.01503	0.00909	0.01034	0.00690	0.00461	0.00456	0.00139	0.03088	0.00361	0.00240	0.00667
5	0.00677	0.00438	0.00513	0.00518	0.00519	0.00437	0.00298	0.00659	0.00670	0.00893	0.01424	0.06505	0.01635	0.70967	0.02197	0.10004	0.00432	0.00667	0.00276	0.00274
6	0.03527	0.12208	0.12424	0.01010	0.01395	0.01305	0.00935	0.40610	0.04175	0.10754	0.01142	0.01159	0.02371	0.00540	0.00481	0.00138	0.04335	0.00397	0.00384	0.00712
7	0.01083	0.08578	0.03246	0.01234	0.02988	0.01276	0.13458	0.05592	0.00917	0.03569	0.00858	0.04504	0.00775	0.00675	0.01009	0.00171	0.44209	0.00450	0.04856	0.00551

[dist]
# distance from previous block
# <min> <max>
2	3

[block]
# block no. 8 follows, 56 sequences, length 10
# corresponding to MSA columns:
# 315-324
name=unknown_I
#
# <colnr> <probs for GDERKNQSTAVLIFYWHMCP>
#	G	D	E	R	K	N	Q	S	T	A	V	L	I	F	Y	W	H	M	C	P
0	0.01110	0.00981	0.01274	0.02201	0.02347	0.08122	0.17205	0.14482	0.06716	0.03767	0.05341	0.02070	0.13219	0.09204	0.00673	0.00173	0.00493	0.01686	0.06910	0.02026
1	0.01140	0.01187	0.01711	0.12551	0.28925	0.12896	0.16660	0.03414	0.03348	0.01445	0.05398	0.01352	0.03199	0.00489	0.00497	0.00141	0.02588	0.00458	0.00261	0.02338
2	0.00612	0.00468	0.00561	0.00537	0.00662	0.00417	0.00403	0.00792	0.01209	0.01627	0.53634	0.03782	0.31591	0.01018	0.00542	0.00148	0.00222	0.00880	0.00477	0.00417
3	0.01175	0.32857	0.24668	0.04459	0.01671	0.01394	0.11190	0.09129	0.02527	0.03708	0.00836	0.00971	0.00651	0.00442	0.00426	0.00130	0.02539	0.00348	0.00242	0.00640
4	0.00656	0.00448	0.00502	0.00501	0.00518	0.00440	0.00290	0.00675	0.00725	0.00958	0.04891	0.03140	0.08415	0.73607	0.02114	0.00409	0.00418	0.00699	0.00300	0.00294
5	0.01621	0.00742	0.02986	0.00766	0.01052	0.00642	0.00633	0.03944	0.01235	0.53884	0.09395	0.03729	0.02881	0.03019	0.06000	0.00189	0.00426	0.00527	0.05660	0.00669
6	0.01000	0.07162	0.65444	0.01264	0.01877	0.06587	0.04089	0.01463	0.00993	0.01411	0.00808	0.00954	0.00590	0.00431	0.00426	0.00138	0.00667	0.00335	0.00201	0.04161
7	0.12447	0.00974	0.01006	0.00822	0.01102	0.01072	0.00666	0.39290	0.09939	0.04968	0.01245	0.01287	0.00920	0.00539	0.00403	0.00133	0.00395	0.00409	0.21734	0.00651
8	0.01384	0.00996	0.01112	0.00907	0.01171	0.01101	0.00729	0.46077	0.07379	0.05051	0.01305	0.01489	0.02451	0.06250	0.13183	0.00251	0.02188	0.00462	0.05862	0.00653
9	0.13299	0.00768	0.00974	0.00771	0.01094	0.00701	0.00631	0.02001	0.01226	0.64354	0.05126	0.04518	0.01260	0.00597	0.00446	0.00144	0.00374	0.00480	0.00522	0.00713

[dist]
# distance from previous block
# <min> <max>
2	9

[block]
# block no. 9 follows, 56 sequences, length 13
# corresponding to MSA columns:
# 334-346
name=unknown_J
#
# <colnr> <probs for GDERKNQSTAVLIFYWHMCP>
#	G	D	E	R	K	N	Q	S	T	A	V	L	I	F	Y	W	H	M	C	P
0	0.06413	0.01045	0.08454	0.01030	0.08766	0.06441	0.00805	0.04350	0.03737	0.29273	0.05713	0.01458	0.02688	0.00616	0.02652	0.00149	0.01929	0.00431	0.04425	0.09628
1	0.13392	0.35736	0.11662	0.01061	0.01461	0.12454	0.12698	0.04281	0.01033	0.01394	0.00731	0.00867	0.00599	0.00419	0.00370	0.00123	0.00584	0.00315	0.00229	0.00591
2	0.00595	0.00470	0.00558	0.00587	0.00675	0.00444	0.00425	0.00702	0.00969	0.01240	0.09292	0.31190	0.36274	0.06483	0.00721	0.00188	0.04235	0.04156	0.00412	0.00386
3	0.01203	0.12912	0.31613	0.02576	0.11967	0.08649	0.04983	0.09539	0.03220	0.05057	0.03451	0.01101	0.00794	0.00467	0.00430	0.00135	0.00600	0.00376	0.00265	0.00662
4	0.06379	0.07267	0.16605	0.01210	0.01630	0.09214	0.19808	0.08506	0.03913	0.07253	0.01033	0.01153	0.02656	0.00466	0.00460	0.00134	0.02258	0.00403	0.00287	0.09365
5	0.00587	0.00429	0.00552	0.00614	0.00674	0.00392	0.00421	0.00690	0.00947	0.01273	0.13557	0.61190	0.09148	0.03671	0.00618	0.00182	0.00264	0.01161	0.00428	0.03201
6	0.01121	0.02857	0.10374	0.01506	0.17169	0.09200	0.13872	0.04399	0.17092	0.01537	0.01303	0.01517	0.04878	0.00629	0.02931	0.00163	0.03118	0.02991	0.00299	0.03044
7	0.01243	0.22065	0.11861	0.01429	0.22115	0.06025	0.01041	0.10489	0.03594	0.06349	0.02857	0.02764	0.02384	0.00593	0.03152	0.00150	0.00550	0.00400	0.00285	0.00654
8	0.00784	0.00404	0.00588	0.00588	0.00588	0.00404	0.00386	0.00606	0.00606	0.00807	0.00867	0.01568	0.00891	0.10416	0.01852	0.77400	0.00404	0.00428	0.00208	0.00208
9	0.00569	0.00429	0.00529	0.00602	0.00672	0.00389	0.00425	0.00672	0.00950	0.01224	0.05302	0.53514	0.25247	0.01334	0.00576	0.00178	0.00266	0.06311	0.00428	0.00382
10	0.04509	0.12343	0.11827	0.02728	0.05648	0.07749	0.08142	0.10346	0.03420	0.12287	0.05007	0.01502	0.05546	0.00608	0.01775	0.00150	0.03134	0.02325	0.00329	0.00624
11	0.01272	0.01148	0.05467	0.16196	0.32305	0.04620	0.04764	0.11879	0.06817	0.09454	0.01045	0.01213	0.00787	0.00471	0.00459	0.00142	0.00553	0.00420	0.00303	0.00685
12	0.00634	0.00475	0.00587	0.04517	0.00797	0.00440	0.00461	0.00768	0.01024	0.03087	0.16013	0.26525	0.31461	0.04795	0.00634	0.00179	0.00284	0.06492	0.00425	0.00403

[dist]
# distance from previous block
# <min> <max>
0	30

# created by:
# /st0/software/busco_prod/Augustus/scripts/msa2prfl.pl ./align_prep/110603.fa
