[name]
unknown

[dist]
# distance from previous block
# <min> <max>
6	35

[block]
# block no. 0 follows, 50 sequences, length 54
# corresponding to MSA columns:
# 362-408,423-429
name=unknown_A
#
# <colnr> <probs for GDERKNQSTAVLIFYWHMCP>
#	G	D	E	R	K	N	Q	S	T	A	V	L	I	F	Y	W	H	M	C	P
0	0.01724	0.01473	0.01437	0.01272	0.07181	0.15610	0.00952	0.41809	0.14793	0.05042	0.01260	0.01270	0.00930	0.00581	0.00488	0.00147	0.00581	0.00443	0.00438	0.02571
1	0.01805	0.04211	0.01484	0.01106	0.01499	0.01487	0.00914	0.65073	0.07553	0.04771	0.01244	0.01235	0.00893	0.00589	0.00488	0.00147	0.00527	0.00446	0.00484	0.04046
2	0.01784	0.01926	0.01469	0.01304	0.04291	0.47011	0.02691	0.23620	0.07857	0.01861	0.01004	0.01083	0.00779	0.00546	0.00473	0.00139	0.00746	0.00387	0.00345	0.00681
3	0.01234	0.01184	0.02023	0.03059	0.79373	0.01184	0.01530	0.01530	0.01135	0.01628	0.00938	0.01234	0.00790	0.00444	0.00493	0.00148	0.00592	0.00444	0.00247	0.00790
4	0.01864	0.02322	0.01417	0.01277	0.01541	0.76154	0.00962	0.06142	0.01464	0.01325	0.00794	0.00915	0.00653	0.00518	0.00452	0.00130	0.00880	0.00328	0.00270	0.00593
5	0.01023	0.00874	0.01022	0.00737	0.01170	0.00658	0.00587	0.01241	0.01032	0.01615	0.00934	0.03110	0.00804	0.00400	0.00376	0.00077	0.00367	0.00324	0.00300	0.83351
6	0.01066	0.00905	0.01051	0.00754	0.01195	0.00698	0.00604	0.04153	0.01083	0.01682	0.00898	0.01040	0.00742	0.00378	0.00374	0.00077	0.00376	0.00301	0.00303	0.82320
7	0.00620	0.00501	0.00519	0.00518	0.00652	0.00435	0.00369	0.00727	0.01072	0.01306	0.07781	0.04463	0.61415	0.16328	0.00951	0.00226	0.00295	0.00984	0.00437	0.00401
8	0.00660	0.00457	0.00568	0.00635	0.00654	0.00441	0.00402	0.00713	0.00862	0.01149	0.02254	0.47789	0.02669	0.35339	0.01431	0.00320	0.00373	0.02525	0.00396	0.00363
9	0.01895	0.01396	0.01496	0.01147	0.01546	0.01546	0.00947	0.77711	0.02344	0.03141	0.01197	0.01197	0.00848	0.00598	0.00499	0.00150	0.00548	0.00449	0.00499	0.00848
10	0.01091	0.01091	0.01527	0.01309	0.01309	0.01527	0.01091	0.01200	0.00763	0.01200	0.00654	0.01091	0.00654	0.00872	0.01636	0.00218	0.81570	0.00436	0.00218	0.00545
11	0.01000	0.02578	0.79900	0.01421	0.02157	0.01158	0.01842	0.01579	0.01052	0.01579	0.00895	0.01052	0.00631	0.00474	0.00474	0.00158	0.00737	0.00368	0.00210	0.00737
12	0.00725	0.00483	0.00544	0.00544	0.00544	0.00483	0.00302	0.00725	0.00725	0.00966	0.01571	0.03262	0.01812	0.82483	0.02537	0.00483	0.00483	0.00725	0.00302	0.00302
13	0.00679	0.00507	0.00625	0.00596	0.00721	0.00459	0.00443	0.00881	0.01322	0.01810	0.59150	0.03953	0.21708	0.04163	0.00662	0.00172	0.00249	0.00929	0.00520	0.00453
14	0.00589	0.00505	0.00505	0.00505	0.00673	0.00421	0.00379	0.00715	0.01136	0.01347	0.05049	0.04797	0.79171	0.01262	0.00589	0.00168	0.00252	0.01052	0.00463	0.00421
15	0.01176	0.01345	0.02941	0.02101	0.02605	0.01261	0.77563	0.01597	0.01176	0.01597	0.01008	0.01345	0.00756	0.00420	0.00588	0.00168	0.00840	0.00588	0.00252	0.00672
16	0.01862	0.02376	0.01413	0.01284	0.01541	0.80482	0.00963	0.01990	0.01413	0.01220	0.00770	0.00899	0.00642	0.00514	0.00449	0.00128	0.00899	0.00321	0.00257	0.00578
17	0.01091	0.01091	0.01527	0.01309	0.01309	0.01527	0.01091	0.01200	0.00763	0.01200	0.00654	0.01091	0.00654	0.00872	0.01636	0.00218	0.81570	0.00436	0.00218	0.00545
18	0.14919	0.00866	0.01093	0.00852	0.01226	0.00791	0.00703	0.02283	0.01339	0.67988	0.01774	0.01562	0.01129	0.00594	0.00472	0.00154	0.00418	0.00466	0.00570	0.00802
19	0.01333	0.82783	0.02612	0.00853	0.01279	0.01972	0.00853	0.01493	0.01013	0.01173	0.00693	0.00800	0.00640	0.00426	0.00320	0.00107	0.00533	0.00267	0.00213	0.00640
20	0.00589	0.00505	0.00505	0.00505	0.00673	0.00421	0.00379	0.00715	0.01136	0.01347	0.05049	0.04797	0.79171	0.01262	0.00589	0.00168	0.00252	0.01052	0.00463	0.00421
21	0.00691	0.00507	0.00637	0.00606	0.00724	0.00464	0.00448	0.00898	0.01335	0.01852	0.64685	0.03842	0.14609	0.05685	0.00699	0.00177	0.00252	0.00912	0.00523	0.00454
22	0.01903	0.01383	0.01488	0.01141	0.01539	0.01527	0.00942	0.75960	0.02322	0.04923	0.01215	0.01208	0.00857	0.00599	0.00499	0.00150	0.00546	0.00450	0.00501	0.00848
23	0.00929	0.00465	0.00465	0.00465	0.00581	0.00465	0.00348	0.01161	0.01045	0.01858	0.01626	0.01858	0.01278	0.00581	0.00348	0.00116	0.00232	0.00465	0.85250	0.00465
24	0.00721	0.00515	0.00640	0.00608	0.00735	0.00467	0.00451	0.00920	0.01317	0.03790	0.57846	0.05407	0.18636	0.04932	0.00679	0.00175	0.00256	0.00922	0.00521	0.00461
25	0.02236	0.00848	0.01157	0.00887	0.01272	0.00733	0.00733	0.02429	0.01427	0.79719	0.01966	0.01697	0.01234	0.00617	0.00501	0.00154	0.00424	0.00501	0.00617	0.00848
26	0.00771	0.00553	0.00765	0.00877	0.00982	0.00547	0.00747	0.00979	0.01121	0.01459	0.02717	0.15805	0.04934	0.01399	0.00679	0.00224	0.00431	0.64100	0.00460	0.00451
27	0.00691	0.00518	0.00643	0.00620	0.00745	0.00477	0.00461	0.00927	0.03356	0.01831	0.58148	0.09385	0.18161	0.01093	0.00589	0.00162	0.00246	0.00956	0.00526	0.00465
28	0.00719	0.00484	0.00542	0.00542	0.00549	0.00480	0.00305	0.00724	0.00743	0.00983	0.01724	0.03329	0.05220	0.78904	0.02451	0.00469	0.00473	0.00739	0.00309	0.00307
29	0.00698	0.00509	0.00656	0.00619	0.00740	0.00467	0.00464	0.00926	0.01393	0.01957	0.74334	0.03793	0.09506	0.01035	0.00588	0.00158	0.00236	0.00911	0.00543	0.00467
30	0.00728	0.00576	0.00664	0.00630	0.00786	0.00546	0.00476	0.01067	0.10714	0.01771	0.42624	0.03888	0.31544	0.01066	0.00578	0.00162	0.00261	0.00915	0.00512	0.00491
31	0.82169	0.00959	0.00752	0.00666	0.00978	0.01101	0.00549	0.01509	0.00875	0.05783	0.00752	0.00850	0.00572	0.00470	0.00317	0.00154	0.00387	0.00280	0.00323	0.00554
32	0.00607	0.00437	0.00576	0.00687	0.00721	0.00405	0.00459	0.00695	0.00961	0.01275	0.02836	0.79180	0.06217	0.01550	0.00634	0.00201	0.00288	0.01403	0.00463	0.00405
33	0.00790	0.00564	0.00788	0.00902	0.01011	0.00562	0.00780	0.01009	0.01134	0.01476	0.02647	0.10922	0.02898	0.01390	0.00685	0.00228	0.00447	0.70853	0.00459	0.00455
34	0.00779	0.03909	0.00759	0.00685	0.00816	0.05529	0.00520	0.00959	0.01247	0.01642	0.40602	0.13910	0.16032	0.03938	0.00650	0.00178	0.00324	0.06584	0.00476	0.00461
35	0.01154	0.01456	0.10771	0.01985	0.02511	0.01230	0.67218	0.01583	0.01159	0.01596	0.00993	0.01304	0.00743	0.00424	0.00569	0.00164	0.00814	0.00556	0.00249	0.03522
36	0.01576	0.00791	0.01008	0.00817	0.01108	0.00734	0.00655	0.09576	0.03758	0.38779	0.28135	0.02368	0.03726	0.00755	0.00527	0.00152	0.00367	0.00635	0.00563	0.03969
37	0.01240	0.01071	0.01127	0.01014	0.01296	0.01240	0.00789	0.02649	0.78473	0.02085	0.02029	0.01860	0.01522	0.00676	0.00507	0.00169	0.00394	0.00564	0.00507	0.00789
38	0.01895	0.01358	0.01502	0.01155	0.01550	0.04199	0.03868	0.61884	0.03526	0.12045	0.01280	0.01263	0.00895	0.00592	0.00501	0.00150	0.00555	0.00458	0.00495	0.00830
39	0.01239	0.00972	0.01128	0.00836	0.01248	0.00847	0.00675	0.12584	0.03971	0.06413	0.01027	0.01127	0.00808	0.00445	0.00443	0.00098	0.03120	0.00344	0.00349	0.62326
40	0.00720	0.00459	0.00597	0.00626	0.00665	0.00440	0.00418	0.00707	0.00859	0.01132	0.06684	0.24444	0.12224	0.16074	0.03436	0.28575	0.00390	0.00866	0.00352	0.00331
41	0.02236	0.00848	0.01157	0.00887	0.01272	0.00733	0.00733	0.02429	0.01427	0.79719	0.01966	0.01697	0.01234	0.00617	0.00501	0.00154	0.00424	0.00501	0.00617	0.00848
42	0.01190	0.00882	0.01082	0.00941	0.01155	0.00996	0.00754	0.31936	0.01424	0.01959	0.01279	0.01650	0.01085	0.02469	0.48174	0.00538	0.01017	0.00500	0.00361	0.00608
43	0.01040	0.00751	0.00867	0.00827	0.01038	0.00775	0.00662	0.01648	0.28049	0.09711	0.07392	0.05294	0.20785	0.01011	0.00575	0.00181	0.00366	0.17927	0.00498	0.00604
44	0.00725	0.00483	0.00544	0.00544	0.00544	0.00483	0.00302	0.00725	0.00725	0.00966	0.01571	0.03262	0.01812	0.82483	0.02537	0.00483	0.00483	0.00725	0.00302	0.00302
45	0.00597	0.00505	0.00517	0.00514	0.00678	0.00424	0.00385	0.00732	0.01156	0.01393	0.10381	0.04720	0.73811	0.01245	0.00589	0.00167	0.00251	0.01041	0.00469	0.00424
46	0.08598	0.00910	0.01123	0.00887	0.01245	0.00868	0.00726	0.09998	0.07258	0.55344	0.04587	0.01734	0.03146	0.00637	0.00491	0.00155	0.00421	0.00510	0.00566	0.00796
47	0.00671	0.00478	0.00605	0.00661	0.00746	0.00436	0.00472	0.00802	0.01094	0.03305	0.17106	0.47173	0.18075	0.01373	0.00618	0.00188	0.00284	0.04998	0.00482	0.00433
48	0.04141	0.01178	0.01787	0.04523	0.01661	0.03896	0.16962	0.03215	0.00920	0.01370	0.00755	0.01139	0.00676	0.00732	0.01263	0.00199	0.54307	0.00459	0.00237	0.00580
49	0.01091	0.01091	0.01527	0.01309	0.01309	0.01527	0.01091	0.01200	0.00763	0.01200	0.00654	0.01091	0.00654	0.00872	0.01636	0.00218	0.81570	0.00436	0.00218	0.00545
50	0.01862	0.02376	0.01413	0.01284	0.01541	0.80482	0.00963	0.01990	0.01413	0.01220	0.00770	0.00899	0.00642	0.00514	0.00449	0.00128	0.00899	0.00321	0.00257	0.00578
51	0.00789	0.00531	0.00677	0.00628	0.00769	0.00481	0.00475	0.01007	0.01375	0.06937	0.64270	0.03735	0.14385	0.01025	0.00582	0.00158	0.00250	0.00896	0.00542	0.00488
52	0.01528	0.01196	0.01276	0.01064	0.01396	0.01350	0.00851	0.32806	0.45917	0.04489	0.01693	0.01589	0.01243	0.00643	0.00504	0.00161	0.00457	0.00516	0.00507	0.00814
53	0.21206	0.04240	0.11064	0.02288	0.01438	0.08117	0.03803	0.17658	0.07745	0.07439	0.01244	0.04853	0.02183	0.00598	0.00452	0.00153	0.00533	0.01768	0.00374	0.02841

[dist]
# distance from previous block
# <min> <max>
0	10

[block]
# block no. 1 follows, 50 sequences, length 83
# corresponding to MSA columns:
# 440-516,518-523
name=unknown_B
#
# <colnr> <probs for GDERKNQSTAVLIFYWHMCP>
#	G	D	E	R	K	N	Q	S	T	A	V	L	I	F	Y	W	H	M	C	P
0	0.01174	0.02844	0.01208	0.05686	0.04132	0.00758	0.06144	0.01400	0.01118	0.14648	0.06348	0.05019	0.03025	0.01922	0.05598	0.00173	0.00493	0.02947	0.00369	0.34995
1	0.30414	0.02907	0.07665	0.02655	0.01280	0.05049	0.02366	0.02621	0.15007	0.03559	0.01193	0.01320	0.03091	0.00575	0.00463	0.03135	0.00461	0.01543	0.00339	0.14358
2	0.03216	0.01441	0.25901	0.01395	0.10421	0.01001	0.09300	0.04479	0.08381	0.07972	0.09479	0.06651	0.01477	0.03056	0.02042	0.00183	0.00577	0.01996	0.00352	0.00678
3	0.01056	0.02491	0.00982	0.00745	0.01080	0.00658	0.01789	0.02930	0.01162	0.09158	0.12084	0.06396	0.10170	0.00669	0.00461	0.00117	0.00356	0.01879	0.00393	0.45424
4	0.00851	0.00737	0.02183	0.00777	0.00980	0.02108	0.03877	0.01143	0.09093	0.01456	0.08312	0.06718	0.15505	0.15725	0.08486	0.00271	0.00490	0.05259	0.00380	0.15647
5	0.01085	0.00952	0.01382	0.10475	0.27654	0.02722	0.02672	0.09896	0.06127	0.01655	0.01569	0.24691	0.01570	0.00954	0.04132	0.00197	0.00541	0.00738	0.00353	0.00636
6	0.00713	0.00531	0.00784	0.00784	0.00867	0.00614	0.00601	0.00879	0.00796	0.01144	0.01351	0.02046	0.01284	0.09038	0.75260	0.00780	0.01278	0.00547	0.00269	0.00435
7	0.03067	0.01119	0.05782	0.01017	0.01325	0.01149	0.02949	0.11099	0.49025	0.03473	0.07342	0.04037	0.04981	0.00715	0.00515	0.00165	0.00425	0.00599	0.00479	0.00737
8	0.01327	0.00969	0.01104	0.00934	0.01227	0.02568	0.00741	0.12785	0.27300	0.11965	0.01551	0.01622	0.01192	0.01283	0.18107	0.00288	0.00634	0.00487	0.00430	0.13486
9	0.86003	0.00964	0.00733	0.00655	0.00964	0.01118	0.00540	0.01465	0.00848	0.02236	0.00694	0.00810	0.00540	0.00463	0.00308	0.00154	0.00386	0.00270	0.00308	0.00540
10	0.00774	0.00463	0.00619	0.00624	0.00680	0.00438	0.00431	0.00701	0.00824	0.01078	0.03699	0.10987	0.18657	0.01591	0.03114	0.50546	0.00388	0.00687	0.01570	0.02129
11	0.01219	0.01170	0.01997	0.06913	0.75632	0.01181	0.01523	0.01517	0.01128	0.01611	0.00935	0.01238	0.00783	0.00447	0.00494	0.00149	0.00596	0.00444	0.00245	0.00778
12	0.01333	0.82783	0.02612	0.00853	0.01279	0.01972	0.00853	0.01493	0.01013	0.01173	0.00693	0.00800	0.00640	0.00426	0.00320	0.00107	0.00533	0.00267	0.00213	0.00640
13	0.07911	0.00696	0.00894	0.00775	0.00992	0.00671	0.00601	0.04642	0.01139	0.32296	0.05045	0.08317	0.04917	0.03045	0.09880	0.16056	0.00506	0.00592	0.00446	0.00579
14	0.01165	0.00544	0.00603	0.00547	0.00720	0.00518	0.00423	0.01390	0.01113	0.15741	0.01667	0.01808	0.01256	0.00582	0.00376	0.00122	0.00270	0.00467	0.67942	0.02747
15	0.01935	0.00815	0.01069	0.00841	0.01176	0.00734	0.00687	0.07052	0.01456	0.59699	0.11057	0.01917	0.01624	0.00661	0.00500	0.00151	0.00395	0.00543	0.06913	0.00775
16	0.00700	0.00526	0.00651	0.00621	0.00753	0.00485	0.00469	0.00947	0.03564	0.01860	0.60459	0.03926	0.19304	0.01066	0.00588	0.00161	0.00248	0.02672	0.00528	0.00469
17	0.00725	0.00483	0.00544	0.00544	0.00544	0.00483	0.00302	0.00725	0.00725	0.00966	0.01571	0.03262	0.01812	0.82483	0.02537	0.00483	0.00483	0.00725	0.00302	0.00302
18	0.00725	0.00483	0.00544	0.00544	0.00544	0.00483	0.00302	0.00725	0.00725	0.00966	0.01571	0.03262	0.01812	0.82483	0.02537	0.00483	0.00483	0.00725	0.00302	0.00302
19	0.00760	0.00569	0.00829	0.00815	0.00917	0.00661	0.00636	0.04018	0.00864	0.01238	0.01329	0.01927	0.01230	0.03610	0.77250	0.00775	0.01303	0.00531	0.00276	0.00461
20	0.01075	0.00794	0.00865	0.00776	0.00923	0.00860	0.00552	0.16505	0.18034	0.01682	0.01644	0.04129	0.01597	0.43031	0.01559	0.00329	0.00467	0.02281	0.02372	0.00526
21	0.00607	0.00434	0.00578	0.00694	0.00723	0.00405	0.00463	0.00694	0.00954	0.01272	0.02747	0.82157	0.03297	0.01562	0.00636	0.00202	0.00289	0.01417	0.00463	0.00405
22	0.00666	0.00568	0.00576	0.00564	0.00740	0.00515	0.00423	0.00935	0.09886	0.01420	0.04615	0.04423	0.68318	0.03356	0.00632	0.00177	0.00275	0.00988	0.00464	0.00459
23	0.01070	0.00694	0.00721	0.00671	0.00855	0.00749	0.00516	0.03079	0.27105	0.03532	0.01844	0.01915	0.03263	0.00631	0.00414	0.00137	0.00297	0.00513	0.51406	0.00587
24	0.00595	0.00505	0.00513	0.00511	0.00677	0.00423	0.00383	0.00726	0.01149	0.01377	0.08524	0.04747	0.75678	0.01251	0.00589	0.00168	0.00252	0.01045	0.00467	0.00423
25	0.00661	0.00508	0.00605	0.00581	0.00718	0.00452	0.00436	0.00855	0.01307	0.01751	0.51026	0.04130	0.32942	0.01111	0.00588	0.00161	0.00242	0.00959	0.00516	0.00452
26	0.00759	0.00553	0.00743	0.00831	0.00949	0.00538	0.00707	0.00968	0.01157	0.01500	0.08621	0.08854	0.13183	0.01344	0.00665	0.00215	0.00407	0.57087	0.00466	0.00452
27	0.01091	0.01091	0.01527	0.01309	0.01309	0.01527	0.01091	0.01200	0.00763	0.01200	0.00654	0.01091	0.00654	0.00872	0.01636	0.00218	0.81570	0.00436	0.00218	0.00545
28	0.04189	0.00851	0.01147	0.00881	0.01265	0.00742	0.00728	0.02407	0.01413	0.77913	0.01937	0.01676	0.01218	0.00613	0.00497	0.00154	0.00423	0.00496	0.00610	0.00841
29	0.00635	0.00502	0.00571	0.00563	0.00704	0.00439	0.00419	0.00801	0.01231	0.01593	0.33374	0.08988	0.46037	0.01187	0.00591	0.00166	0.00248	0.01016	0.00496	0.00439
30	0.00625	0.00484	0.00539	0.00563	0.00669	0.00429	0.00393	0.00721	0.01036	0.01294	0.07406	0.22253	0.45221	0.12940	0.00912	0.02315	0.00298	0.01067	0.00438	0.00397
31	0.01176	0.01345	0.02941	0.02101	0.02605	0.01261	0.77563	0.01597	0.01176	0.01597	0.01008	0.01345	0.00756	0.00420	0.00588	0.00168	0.00840	0.00588	0.00252	0.00672
32	0.01013	0.05844	0.76753	0.01398	0.02122	0.01191	0.01801	0.01575	0.01051	0.01562	0.00886	0.01042	0.00632	0.00472	0.00467	0.00156	0.00728	0.00364	0.00211	0.00733
33	0.00713	0.00531	0.00785	0.00785	0.00868	0.00614	0.00603	0.00880	0.00796	0.01145	0.01350	0.02041	0.01282	0.08760	0.75535	0.00781	0.01281	0.00546	0.00269	0.00436
34	0.04290	0.00530	0.00601	0.00582	0.00721	0.00482	0.00428	0.00880	0.01185	0.03951	0.31275	0.08562	0.34983	0.08443	0.00752	0.00193	0.00280	0.00940	0.00478	0.00445
35	0.00644	0.00452	0.00565	0.00639	0.00664	0.00431	0.00408	0.00705	0.00887	0.01177	0.02445	0.54249	0.05317	0.27565	0.01246	0.00292	0.00350	0.01182	0.00411	0.00372
36	0.01322	0.80142	0.05156	0.00872	0.01308	0.01945	0.00885	0.01495	0.01014	0.01186	0.00700	0.00808	0.00639	0.00428	0.00325	0.00108	0.00540	0.00270	0.00213	0.00643
37	0.01234	0.01184	0.02023	0.03059	0.79373	0.01184	0.01530	0.01530	0.01135	0.01628	0.00938	0.01234	0.00790	0.00444	0.00493	0.00148	0.00592	0.00444	0.00247	0.00790
38	0.00632	0.00504	0.00567	0.00562	0.00706	0.00439	0.00421	0.00793	0.01215	0.01555	0.28644	0.08394	0.49876	0.01202	0.00593	0.00168	0.00253	0.02549	0.00490	0.00437
39	0.01745	0.01306	0.01394	0.01099	0.01467	0.01453	0.00898	0.61831	0.15595	0.02910	0.01358	0.01336	0.00981	0.00611	0.00495	0.00152	0.00510	0.00469	0.03566	0.00824
40	0.01176	0.01125	0.01919	0.18489	0.64395	0.01169	0.01501	0.01479	0.01108	0.01558	0.00927	0.01252	0.00765	0.00455	0.00494	0.00152	0.00606	0.00444	0.00242	0.00743
41	0.01107	0.01055	0.01795	0.36876	0.46544	0.01151	0.01467	0.01419	0.01075	0.01475	0.00915	0.01275	0.00735	0.00468	0.00496	0.00156	0.00623	0.00444	0.00236	0.00688
42	0.00621	0.00444	0.00598	0.00709	0.00744	0.00421	0.00485	0.00718	0.00958	0.01279	0.02691	0.75440	0.03201	0.01631	0.03528	0.00225	0.00335	0.05106	0.00455	0.00409
43	0.01086	0.01082	0.01536	0.05382	0.03051	0.01498	0.01115	0.01210	0.00783	0.01212	0.00672	0.01106	0.00658	0.00845	0.01554	0.00214	0.75791	0.00437	0.00219	0.00551
44	0.00607	0.00434	0.00578	0.00694	0.00723	0.00405	0.00463	0.00694	0.00954	0.01272	0.02747	0.82157	0.03297	0.01562	0.00636	0.00202	0.00289	0.01417	0.00463	0.00405
45	0.01895	0.01396	0.01496	0.01147	0.01546	0.01546	0.00947	0.77711	0.02344	0.03141	0.01197	0.01197	0.00848	0.00598	0.00499	0.00150	0.00548	0.00449	0.00499	0.00848
46	0.01234	0.01184	0.02023	0.03059	0.79373	0.01184	0.01530	0.01530	0.01135	0.01628	0.00938	0.01234	0.00790	0.00444	0.00493	0.00148	0.00592	0.00444	0.00247	0.00790
47	0.03545	0.00758	0.00865	0.00748	0.00935	0.00772	0.00564	0.20159	0.01446	0.07061	0.27616	0.04787	0.08717	0.18681	0.00979	0.00228	0.00387	0.00730	0.00471	0.00549
48	0.01234	0.01184	0.02023	0.03059	0.79373	0.01184	0.01530	0.01530	0.01135	0.01628	0.00938	0.01234	0.00790	0.00444	0.00493	0.00148	0.00592	0.00444	0.00247	0.00790
49	0.00727	0.00596	0.00844	0.00865	0.00905	0.00660	0.02816	0.00833	0.00929	0.01275	0.02275	0.60859	0.02680	0.01384	0.00837	0.00206	0.16563	0.03895	0.00408	0.00443
50	0.01962	0.01198	0.01320	0.01033	0.01405	0.05230	0.00843	0.39111	0.06127	0.32294	0.01524	0.01456	0.01044	0.02422	0.00543	0.00159	0.00509	0.00475	0.00528	0.00819
51	0.01038	0.00975	0.01633	0.17737	0.43127	0.01002	0.04707	0.01316	0.01125	0.01546	0.08158	0.05800	0.08430	0.00634	0.00523	0.00158	0.00540	0.00594	0.00299	0.00658
52	0.00725	0.00483	0.00544	0.00544	0.00544	0.00483	0.00302	0.00725	0.00725	0.00966	0.01571	0.03262	0.01812	0.82483	0.02537	0.00483	0.00483	0.00725	0.00302	0.00302
53	0.01823	0.02179	0.01402	0.01251	0.01525	0.66379	0.00949	0.10344	0.06806	0.01490	0.00904	0.00998	0.00725	0.00534	0.00459	0.00134	0.00826	0.00352	0.00301	0.00622
54	0.01106	0.04965	0.60533	0.01323	0.01948	0.06259	0.01588	0.01724	0.09934	0.02766	0.02627	0.01191	0.00826	0.00511	0.00474	0.00155	0.00686	0.00397	0.00260	0.00725
55	0.01895	0.01396	0.01496	0.01147	0.01546	0.01546	0.00947	0.77711	0.02344	0.03141	0.01197	0.01197	0.00848	0.00598	0.00499	0.00150	0.00548	0.00449	0.00499	0.00848
56	0.53203	0.01124	0.00979	0.00820	0.01145	0.04089	0.00671	0.24856	0.01336	0.02460	0.00894	0.00980	0.00672	0.00512	0.00374	0.00150	0.00447	0.00336	0.04318	0.00632
57	0.01174	0.01337	0.02902	0.02079	0.02569	0.01268	0.75437	0.01586	0.01165	0.01586	0.00999	0.01337	0.00753	0.00433	0.00617	0.00169	0.03084	0.00584	0.00251	0.00669
58	0.00607	0.00434	0.00578	0.00694	0.00723	0.00405	0.00463	0.00694	0.00954	0.01272	0.02747	0.82157	0.03297	0.01562	0.00636	0.00202	0.00289	0.01417	0.00463	0.00405
59	0.00882	0.00575	0.00700	0.00680	0.00824	0.00535	0.00500	0.04912	0.02680	0.10017	0.20781	0.29338	0.21126	0.03299	0.00639	0.00183	0.00303	0.01029	0.00498	0.00499
60	0.00826	0.00551	0.00694	0.00656	0.00792	0.00517	0.00490	0.01089	0.05179	0.07171	0.53311	0.11465	0.09159	0.02681	0.00615	0.00168	0.00268	0.00904	0.02965	0.00498
61	0.00725	0.00483	0.00544	0.00544	0.00544	0.00483	0.00302	0.00725	0.00725	0.00966	0.01571	0.03262	0.01812	0.82483	0.02537	0.00483	0.00483	0.00725	0.00302	0.00302
62	0.00717	0.00531	0.00785	0.00785	0.00871	0.00615	0.00606	0.00889	0.00803	0.01164	0.01350	0.02005	0.01268	0.06619	0.76002	0.00776	0.01281	0.00540	0.01955	0.00440
63	0.02255	0.00591	0.00739	0.00707	0.00871	0.00545	0.00526	0.01232	0.05260	0.18329	0.17713	0.31292	0.15690	0.01141	0.00578	0.00175	0.00308	0.00997	0.00513	0.00538
64	0.00726	0.00523	0.00643	0.00688	0.00792	0.00493	0.00513	0.02156	0.02762	0.02956	0.10563	0.33047	0.20764	0.05339	0.00710	0.00204	0.00322	0.14056	0.02298	0.00445
65	0.01857	0.01370	0.01468	0.01131	0.01519	0.01517	0.00930	0.74636	0.03695	0.03074	0.01220	0.01255	0.00881	0.02416	0.00544	0.00157	0.00544	0.00457	0.00494	0.00834
66	0.01187	0.00682	0.00826	0.00721	0.00911	0.00658	0.00539	0.04687	0.09056	0.21191	0.22669	0.02907	0.09615	0.20929	0.01034	0.00238	0.00375	0.00718	0.00491	0.00567
67	0.04516	0.00515	0.00598	0.00621	0.00739	0.00470	0.00445	0.00856	0.01086	0.05383	0.13065	0.34023	0.29915	0.04610	0.00670	0.00192	0.00288	0.01097	0.00468	0.00443
68	0.00863	0.00440	0.00657	0.00663	0.00668	0.00440	0.00451	0.00668	0.00674	0.00897	0.00954	0.01719	0.00965	0.01714	0.01886	0.81276	0.00434	0.04175	0.00228	0.00228
69	0.78503	0.00954	0.00771	0.00676	0.00992	0.01084	0.00557	0.01552	0.00900	0.09174	0.00808	0.00889	0.00602	0.00477	0.00326	0.00154	0.00389	0.00291	0.00336	0.00567
70	0.11822	0.00641	0.00698	0.00652	0.00841	0.00617	0.00493	0.04166	0.02446	0.12298	0.08858	0.16517	0.28652	0.05252	0.00636	0.00183	0.00323	0.00857	0.03531	0.00514
71	0.01328	0.69158	0.04463	0.00931	0.01318	0.05797	0.00906	0.01492	0.01011	0.01188	0.00698	0.00838	0.00641	0.00473	0.00452	0.00119	0.08052	0.00288	0.00216	0.00630
72	0.00628	0.00502	0.00563	0.00557	0.00700	0.00436	0.00414	0.00788	0.01215	0.01556	0.29207	0.09381	0.49891	0.01202	0.00592	0.00167	0.00249	0.01026	0.00491	0.00436
73	0.00708	0.00526	0.00564	0.00545	0.00720	0.00445	0.00412	0.00848	0.01175	0.06580	0.11254	0.06201	0.65858	0.01205	0.00584	0.00167	0.00263	0.01010	0.00481	0.00453
74	0.00667	0.00511	0.00590	0.00608	0.00717	0.00470	0.00434	0.02804	0.01094	0.01402	0.12283	0.23942	0.35818	0.10908	0.03720	0.00236	0.00338	0.02590	0.00448	0.00422
75	0.01024	0.00970	0.01645	0.59122	0.24948	0.01129	0.01425	0.01346	0.01036	0.01374	0.00901	0.01302	0.00700	0.00483	0.00497	0.00161	0.00644	0.00443	0.00229	0.00621
76	0.01041	0.11655	0.69518	0.01370	0.02067	0.01252	0.03314	0.01569	0.01050	0.01533	0.00874	0.01030	0.00635	0.00467	0.00459	0.00152	0.00716	0.00361	0.00212	0.00724
77	0.13931	0.07751	0.02565	0.05649	0.01625	0.41154	0.07899	0.03829	0.01219	0.01458	0.00784	0.00970	0.00645	0.00525	0.00544	0.00145	0.08098	0.00355	0.00261	0.00591
78	0.00668	0.00491	0.00667	0.00709	0.00774	0.00512	0.00510	0.00790	0.00880	0.01196	0.02196	0.30094	0.08813	0.12373	0.35071	0.00491	0.00761	0.02232	0.00359	0.00412
79	0.00693	0.00477	0.00594	0.00650	0.00731	0.00434	0.00454	0.00787	0.01016	0.04497	0.05688	0.48496	0.21716	0.05348	0.00758	0.03290	0.00303	0.03194	0.00455	0.00419
80	0.10250	0.00791	0.02859	0.00768	0.00963	0.02820	0.00583	0.08067	0.02656	0.01605	0.01789	0.34405	0.01950	0.10593	0.00753	0.00199	0.00394	0.02448	0.00389	0.15717
81	0.01566	0.11702	0.09124	0.03471	0.03467	0.49164	0.08442	0.01778	0.01281	0.01300	0.00958	0.01105	0.03496	0.00516	0.00457	0.00135	0.00798	0.00377	0.00253	0.00608
82	0.00645	0.00502	0.00572	0.00593	0.00713	0.00449	0.00438	0.00778	0.01107	0.01399	0.14098	0.13852	0.43316	0.10273	0.00821	0.00212	0.00302	0.09059	0.00456	0.00416

[dist]
# distance from previous block
# <min> <max>
0	2

[block]
# block no. 2 follows, 50 sequences, length 6
# corresponding to MSA columns:
# 526-531
name=unknown_C
#
# <colnr> <probs for GDERKNQSTAVLIFYWHMCP>
#	G	D	E	R	K	N	Q	S	T	A	V	L	I	F	Y	W	H	M	C	P
0	0.00631	0.00458	0.00598	0.00681	0.00738	0.00425	0.00475	0.00751	0.01048	0.01402	0.14800	0.60517	0.08948	0.01446	0.00628	0.00194	0.00287	0.05078	0.00476	0.00419
1	0.00939	0.13258	0.00955	0.00681	0.00747	0.00673	0.00498	0.00781	0.00706	0.00914	0.00839	0.01404	0.00831	0.01528	0.01694	0.72199	0.00448	0.00407	0.00216	0.00282
2	0.01344	0.07377	0.29990	0.01473	0.09441	0.18558	0.05522	0.09856	0.05963	0.01691	0.03501	0.01187	0.00866	0.00517	0.00475	0.00147	0.00693	0.00408	0.00286	0.00704
3	0.23817	0.15200	0.10223	0.01064	0.04976	0.10904	0.04828	0.04975	0.01172	0.04114	0.13026	0.01391	0.01286	0.00558	0.00427	0.00144	0.00531	0.00425	0.00324	0.00614
4	0.00714	0.00526	0.00758	0.00758	0.00832	0.00600	0.00569	0.00862	0.00788	0.01125	0.01375	0.02177	0.01341	0.16943	0.67432	0.00748	0.01192	0.00566	0.00273	0.00421
5	0.01034	0.00886	0.01034	0.00738	0.01181	0.00664	0.00591	0.01255	0.01034	0.01624	0.00886	0.01034	0.00738	0.00369	0.00369	0.00074	0.00369	0.00295	0.00295	0.85530

[dist]
# distance from previous block
# <min> <max>
1	2

[block]
# block no. 3 follows, 50 sequences, length 31
# corresponding to MSA columns:
# 534-553,555-565
name=unknown_D
#
# <colnr> <probs for GDERKNQSTAVLIFYWHMCP>
#	G	D	E	R	K	N	Q	S	T	A	V	L	I	F	Y	W	H	M	C	P
0	0.01083	0.01145	0.13640	0.03666	0.01402	0.02169	0.02104	0.03334	0.01100	0.06203	0.02576	0.09949	0.01099	0.00555	0.00439	0.00115	0.00452	0.00466	0.00325	0.48177
1	0.00777	0.00555	0.00774	0.00889	0.00992	0.00552	0.00758	0.00988	0.01122	0.01463	0.02653	0.15677	0.02925	0.01401	0.00682	0.00226	0.00437	0.66218	0.00459	0.00452
2	0.04292	0.01055	0.01150	0.00953	0.01254	0.01142	0.00768	0.35110	0.17694	0.02428	0.12843	0.02041	0.05562	0.00829	0.03307	0.00177	0.00466	0.03214	0.00479	0.05238
3	0.00790	0.00499	0.00570	0.00559	0.00575	0.00494	0.00321	0.00799	0.00755	0.04381	0.01588	0.03194	0.01787	0.78933	0.02449	0.00469	0.00481	0.00715	0.00316	0.00326
4	0.01219	0.00877	0.01061	0.00960	0.01179	0.00925	0.02277	0.28942	0.04246	0.04816	0.04000	0.22995	0.02112	0.01106	0.02095	0.00196	0.00463	0.19437	0.00476	0.00616
5	0.00915	0.00689	0.00877	0.00840	0.00908	0.00778	0.00623	0.05831	0.03653	0.04244	0.03383	0.27047	0.02078	0.22629	0.01324	0.00274	0.16761	0.06295	0.00382	0.00469
6	0.01234	0.01184	0.02023	0.03059	0.79373	0.01184	0.01530	0.01530	0.01135	0.01628	0.00938	0.01234	0.00790	0.00444	0.00493	0.00148	0.00592	0.00444	0.00247	0.00790
7	0.00662	0.00460	0.00579	0.00653	0.00676	0.00444	0.00424	0.00726	0.00882	0.01174	0.02310	0.48656	0.02727	0.31168	0.01335	0.00307	0.00370	0.05671	0.00404	0.00370
8	0.00721	0.00500	0.00631	0.00631	0.00661	0.00531	0.00411	0.00781	0.00751	0.01031	0.01491	0.02819	0.01620	0.55743	0.29014	0.00591	0.00773	0.00660	0.00290	0.00351
9	0.00708	0.00487	0.00573	0.00579	0.00603	0.00489	0.00353	0.00745	0.00789	0.01054	0.03914	0.08059	0.06437	0.62657	0.10114	0.00471	0.00537	0.00772	0.00324	0.00334
10	0.00605	0.00501	0.00530	0.00533	0.00685	0.00426	0.00396	0.00741	0.01157	0.01421	0.13973	0.10032	0.64774	0.01253	0.00592	0.00169	0.00253	0.01059	0.00473	0.00426
11	0.19035	0.00640	0.00629	0.00587	0.00781	0.00630	0.00452	0.03634	0.01147	0.03607	0.15612	0.03328	0.37963	0.03825	0.00577	0.00170	0.00299	0.00777	0.05829	0.00478
12	0.01176	0.01345	0.02941	0.02101	0.02605	0.01261	0.77563	0.01597	0.01176	0.01597	0.01008	0.01345	0.00756	0.00420	0.00588	0.00168	0.00840	0.00588	0.00252	0.00672
13	0.00615	0.00447	0.00579	0.00681	0.00725	0.00414	0.00463	0.00709	0.00973	0.01280	0.02934	0.70194	0.10443	0.03429	0.00678	0.00207	0.00296	0.04067	0.00459	0.00406
14	0.02094	0.01006	0.01241	0.00955	0.01337	0.00975	0.00788	0.25544	0.01698	0.53962	0.01720	0.01547	0.01116	0.00610	0.00496	0.00152	0.00457	0.00484	0.02980	0.00837
15	0.00712	0.00534	0.00801	0.00801	0.00890	0.00623	0.00623	0.00890	0.00801	0.01157	0.01335	0.01958	0.01246	0.03738	0.80507	0.00801	0.01335	0.00534	0.00267	0.00445
16	0.01012	0.00666	0.00818	0.00768	0.00851	0.04401	0.00559	0.10388	0.00936	0.01246	0.01013	0.01543	0.00938	0.01914	0.17499	0.51989	0.00647	0.00451	0.02000	0.00363
17	0.00670	0.00466	0.00604	0.00695	0.00743	0.00439	0.00469	0.00792	0.03007	0.03283	0.02741	0.72024	0.05804	0.04833	0.00706	0.00211	0.00302	0.01330	0.00461	0.00423
18	0.01091	0.01091	0.01527	0.01309	0.01309	0.01527	0.01091	0.01200	0.00763	0.01200	0.00654	0.01091	0.00654	0.00872	0.01636	0.00218	0.81570	0.00436	0.00218	0.00545
19	0.00983	0.00944	0.15893	0.00788	0.01043	0.00676	0.00768	0.01351	0.05723	0.04556	0.01726	0.02456	0.01487	0.00728	0.00456	0.00152	0.00392	0.15683	0.43647	0.00549
20	0.00670	0.00497	0.00692	0.00729	0.00799	0.00530	0.00534	0.00804	0.00870	0.01196	0.02076	0.27955	0.07672	0.07730	0.44200	0.00543	0.00867	0.00867	0.00346	0.00422
21	0.01089	0.00884	0.01039	0.00745	0.01185	0.00668	0.00597	0.01309	0.01052	0.05224	0.00936	0.01064	0.00761	0.00381	0.00375	0.00078	0.00372	0.00305	0.00310	0.81626
22	0.01000	0.02578	0.79900	0.01421	0.02157	0.01158	0.01842	0.01579	0.01052	0.01579	0.00895	0.01052	0.00631	0.00474	0.00474	0.00158	0.00737	0.00368	0.00210	0.00737
23	0.00606	0.00437	0.00575	0.00685	0.00721	0.00406	0.00459	0.00695	0.00963	0.01276	0.02853	0.78590	0.06796	0.01548	0.00634	0.00201	0.00287	0.01400	0.00463	0.00406
24	0.00712	0.00534	0.00801	0.00801	0.00890	0.00623	0.00623	0.00890	0.00801	0.01157	0.01335	0.01958	0.01246	0.03738	0.80507	0.00801	0.01335	0.00534	0.00267	0.00445
25	0.00719	0.00481	0.00545	0.00551	0.00552	0.00480	0.00309	0.00723	0.00736	0.00981	0.01625	0.06922	0.01881	0.78728	0.02449	0.00470	0.00474	0.00757	0.00309	0.00307
26	0.01168	0.01401	0.06489	0.02069	0.02584	0.01256	0.74073	0.01596	0.01171	0.01596	0.01003	0.01331	0.00751	0.00423	0.00583	0.00168	0.00836	0.00578	0.00250	0.00675
27	0.01119	0.01067	0.01816	0.33782	0.49548	0.01154	0.01473	0.01429	0.01081	0.01489	0.00917	0.01271	0.00740	0.00465	0.00495	0.00155	0.00621	0.00444	0.00237	0.00697
28	0.00910	0.00661	0.00776	0.00712	0.00894	0.00656	0.00545	0.01393	0.19120	0.07118	0.42773	0.03352	0.17206	0.00957	0.00564	0.00162	0.00288	0.00824	0.00528	0.00560
29	0.01224	0.01174	0.02006	0.05668	0.76841	0.01182	0.01525	0.01521	0.01130	0.01617	0.00936	0.01237	0.00785	0.00446	0.00494	0.00149	0.00595	0.00444	0.00246	0.00782
30	0.01161	0.01093	0.01804	0.26513	0.50510	0.01173	0.01433	0.03318	0.05184	0.01581	0.00985	0.01294	0.00792	0.00476	0.00496	0.00155	0.00603	0.00450	0.00259	0.00720

[dist]
# distance from previous block
# <min> <max>
0	1

[block]
# block no. 4 follows, 50 sequences, length 57
# corresponding to MSA columns:
# 567-590,599-631
name=unknown_E
#
# <colnr> <probs for GDERKNQSTAVLIFYWHMCP>
#	G	D	E	R	K	N	Q	S	T	A	V	L	I	F	Y	W	H	M	C	P
0	0.01055	0.15956	0.67009	0.01326	0.02011	0.01293	0.01677	0.01564	0.01046	0.01511	0.00861	0.01010	0.00633	0.00466	0.00448	0.00149	0.00703	0.00351	0.00211	0.00720
1	0.01131	0.27041	0.53733	0.01238	0.01869	0.01419	0.01510	0.04035	0.01082	0.01506	0.00843	0.00980	0.00641	0.00463	0.00427	0.00142	0.00668	0.00340	0.00221	0.00711
2	0.00801	0.00724	0.01198	0.01021	0.01244	0.00682	0.19042	0.01021	0.01102	0.01416	0.04340	0.03713	0.30830	0.01388	0.10176	0.02334	0.00573	0.17523	0.00384	0.00488
3	0.02985	0.00943	0.01309	0.03037	0.05110	0.00859	0.10288	0.06862	0.06095	0.09480	0.04147	0.05144	0.01177	0.05829	0.00596	0.00148	0.00465	0.00492	0.00363	0.34673
4	0.06138	0.05877	0.05227	0.03385	0.05698	0.04865	0.07541	0.17458	0.01373	0.12040	0.01109	0.02819	0.00851	0.00520	0.00486	0.00134	0.02783	0.00420	0.00363	0.20913
5	0.01048	0.00990	0.01665	0.43752	0.35198	0.01102	0.01390	0.01356	0.01072	0.01448	0.03563	0.01454	0.02812	0.00512	0.00501	0.00158	0.00610	0.00474	0.00249	0.00647
6	0.00870	0.00558	0.00664	0.00617	0.00797	0.00488	0.00478	0.01047	0.01269	0.12676	0.29101	0.04037	0.40119	0.01095	0.00581	0.00165	0.00280	0.04146	0.00513	0.00499
7	0.00922	0.00776	0.03024	0.06809	0.03451	0.00734	0.09934	0.03292	0.06450	0.05356	0.24606	0.10133	0.13593	0.03851	0.02839	0.00193	0.00437	0.00794	0.02260	0.00546
8	0.01032	0.01030	0.04184	0.02929	0.01561	0.01143	0.19693	0.02907	0.02427	0.02777	0.01063	0.03696	0.00959	0.03911	0.20071	0.00346	0.28905	0.00534	0.00266	0.00564
9	0.02102	0.01021	0.01259	0.00970	0.01356	0.00995	0.00800	0.25305	0.04048	0.54096	0.01735	0.01550	0.01125	0.00613	0.00501	0.00153	0.00461	0.00487	0.00578	0.00846
10	0.01047	0.00856	0.00919	0.00844	0.01075	0.00927	0.00649	0.04992	0.43901	0.03649	0.06603	0.09888	0.20757	0.00912	0.00542	0.00170	0.00349	0.00770	0.00497	0.00652
11	0.07223	0.00698	0.00791	0.00715	0.00921	0.00682	0.00550	0.10854	0.02798	0.13332	0.14059	0.17746	0.21853	0.01003	0.00541	0.00165	0.00331	0.00848	0.04331	0.00560
12	0.66082	0.00975	0.00853	0.00738	0.01046	0.01108	0.00606	0.06634	0.02788	0.09695	0.00898	0.00983	0.00672	0.00592	0.02604	0.00174	0.02286	0.00322	0.00352	0.00593
13	0.00673	0.00484	0.00589	0.00647	0.00697	0.00466	0.00428	0.00808	0.04269	0.01284	0.06416	0.47181	0.09373	0.21577	0.01092	0.00264	0.00335	0.01135	0.01880	0.00401
14	0.00926	0.00656	0.00749	0.00692	0.00836	0.00654	0.00500	0.10322	0.06785	0.05007	0.17756	0.12429	0.16827	0.22366	0.01084	0.00250	0.00367	0.00847	0.00452	0.00494
15	0.00829	0.00531	0.00650	0.00653	0.00721	0.00522	0.00438	0.03136	0.00926	0.06763	0.02123	0.23835	0.06945	0.39482	0.07925	0.00375	0.00483	0.02873	0.00384	0.00407
16	0.00863	0.00716	0.00772	0.00718	0.00918	0.00733	0.00550	0.03037	0.27411	0.01779	0.20413	0.03488	0.34674	0.00996	0.00559	0.00166	0.00303	0.00840	0.00498	0.00565
17	0.09593	0.00730	0.00862	0.00766	0.00974	0.00726	0.00582	0.08691	0.04120	0.23098	0.08326	0.20235	0.01971	0.10827	0.02296	0.00216	0.00401	0.00744	0.04250	0.00592
18	0.08325	0.00741	0.00890	0.00768	0.01014	0.00707	0.00599	0.06198	0.04838	0.31055	0.11951	0.14199	0.11274	0.04392	0.00614	0.00178	0.00365	0.00743	0.00516	0.00633
19	0.06455	0.00818	0.01038	0.00807	0.01159	0.00710	0.00651	0.01981	0.01267	0.53363	0.01849	0.01806	0.05075	0.06348	0.00617	0.00165	0.00409	0.00499	0.00518	0.14467
20	0.00712	0.00534	0.00801	0.00801	0.00890	0.00623	0.00623	0.00890	0.00801	0.01157	0.01335	0.01958	0.01246	0.03738	0.80507	0.00801	0.01335	0.00534	0.00267	0.00445
21	0.00804	0.00555	0.00650	0.00654	0.00734	0.00549	0.00440	0.02224	0.07346	0.04575	0.05084	0.23975	0.10961	0.35333	0.02543	0.00318	0.00400	0.02023	0.00406	0.00425
22	0.00655	0.00458	0.00585	0.00668	0.00695	0.00440	0.00442	0.00728	0.00903	0.01201	0.02404	0.54025	0.02842	0.24628	0.01182	0.00285	0.00357	0.06708	0.00417	0.00380
23	0.13737	0.02063	0.01326	0.01180	0.01460	0.60175	0.00902	0.10654	0.01440	0.01585	0.00809	0.00921	0.00651	0.00516	0.00435	0.00134	0.00786	0.00329	0.00292	0.00604
24	0.00721	0.00484	0.00556	0.00559	0.00564	0.00487	0.00321	0.00731	0.00735	0.00984	0.01596	0.05569	0.01832	0.76675	0.05831	0.00488	0.00514	0.00737	0.00305	0.00311
25	0.01401	0.01610	0.02230	0.05142	0.02176	0.24688	0.42218	0.05019	0.05531	0.01555	0.00988	0.01228	0.00762	0.00484	0.00561	0.00157	0.02832	0.00492	0.00276	0.00650
26	0.01032	0.01044	0.01804	0.52161	0.02935	0.03016	0.17505	0.01349	0.01014	0.01331	0.00879	0.01291	0.00682	0.00531	0.00665	0.00172	0.11310	0.00470	0.00228	0.00578
27	0.00644	0.00485	0.00592	0.00611	0.00714	0.00438	0.00439	0.00800	0.01184	0.01579	0.34178	0.27002	0.25111	0.03115	0.00647	0.00181	0.00262	0.01091	0.00494	0.00433
28	0.36703	0.00840	0.00868	0.00761	0.01041	0.00877	0.00605	0.01737	0.07677	0.26392	0.01561	0.14358	0.01304	0.00710	0.00440	0.00162	0.00379	0.00558	0.02393	0.00634
29	0.00634	0.00484	0.00583	0.00606	0.00713	0.00433	0.00436	0.00785	0.01172	0.01545	0.29470	0.28699	0.30089	0.01274	0.00603	0.00175	0.00258	0.01115	0.00492	0.00433
30	0.00798	0.00498	0.00567	0.00563	0.00692	0.00463	0.00425	0.00994	0.01167	0.03725	0.22401	0.09154	0.20370	0.00959	0.00505	0.00151	0.00257	0.04054	0.31797	0.00461
31	0.00607	0.00434	0.00578	0.00694	0.00723	0.00405	0.00463	0.00694	0.00954	0.01272	0.02747	0.82157	0.03297	0.01562	0.00636	0.00202	0.00289	0.01417	0.00463	0.00405
32	0.00613	0.00440	0.00579	0.00682	0.00719	0.00410	0.00457	0.00706	0.00976	0.01301	0.06090	0.74787	0.05879	0.02960	0.00666	0.00204	0.00289	0.01370	0.00464	0.00406
33	0.00930	0.00727	0.00847	0.00783	0.00968	0.00765	0.00603	0.01601	0.30253	0.03254	0.44034	0.03092	0.05655	0.00904	0.00560	0.00164	0.00306	0.03431	0.00528	0.00594
34	0.00671	0.00467	0.00604	0.00681	0.00743	0.00427	0.00463	0.00768	0.00985	0.03463	0.04854	0.67544	0.08024	0.04425	0.00690	0.00204	0.00299	0.01296	0.00458	0.02934
35	0.01091	0.01091	0.01527	0.01309	0.01309	0.01527	0.01091	0.01200	0.00763	0.01200	0.00654	0.01091	0.00654	0.00872	0.01636	0.00218	0.81570	0.00436	0.00218	0.00545
36	0.00781	0.00632	0.00919	0.00880	0.00948	0.00780	0.00691	0.00938	0.00790	0.01155	0.01224	0.01870	0.01169	0.07387	0.62060	0.00678	0.15858	0.00526	0.00260	0.00456
37	0.00962	0.00621	0.00743	0.00707	0.00856	0.00603	0.00520	0.02981	0.09973	0.11660	0.16106	0.18323	0.14807	0.14914	0.00910	0.00226	0.00349	0.03749	0.00476	0.00515
38	0.34064	0.01160	0.01109	0.00899	0.01239	0.03298	0.00737	0.37130	0.01606	0.06601	0.01064	0.01114	0.00775	0.00544	0.00414	0.00149	0.00466	0.00381	0.06555	0.00695
39	0.01099	0.26499	0.56849	0.01251	0.01895	0.01401	0.01547	0.01553	0.01041	0.01457	0.00834	0.00977	0.00634	0.00460	0.00428	0.00143	0.00676	0.00338	0.00211	0.00708
40	0.06563	0.00705	0.00867	0.00758	0.00976	0.00670	0.00578	0.05040	0.03977	0.30463	0.10982	0.16345	0.06445	0.10324	0.00798	0.02279	0.00378	0.00749	0.00499	0.00603
41	0.00662	0.00476	0.00605	0.00655	0.00720	0.00447	0.00458	0.00786	0.01061	0.01425	0.21306	0.38474	0.10164	0.13722	0.00914	0.00233	0.00315	0.06710	0.00459	0.00411
42	0.03208	0.00849	0.01081	0.00947	0.01129	0.05760	0.08369	0.08790	0.02490	0.10605	0.01751	0.24901	0.01770	0.14080	0.09924	0.00294	0.02329	0.00789	0.00394	0.00540
43	0.01109	0.01121	0.01524	0.01308	0.01314	0.03371	0.01088	0.01218	0.00779	0.01200	0.00657	0.01086	0.00654	0.00864	0.01608	0.00216	0.79686	0.00434	0.00219	0.00546
44	0.18343	0.00762	0.00840	0.00736	0.00982	0.00768	0.00583	0.05112	0.07619	0.18769	0.18923	0.04491	0.15076	0.00906	0.02712	0.00178	0.00372	0.01746	0.00484	0.00600
45	0.05288	0.00832	0.01027	0.00824	0.01121	0.00787	0.00649	0.10230	0.03127	0.47427	0.01890	0.02053	0.04749	0.16658	0.00895	0.00219	0.00439	0.00556	0.00520	0.00708
46	0.04728	0.01060	0.01959	0.43666	0.06359	0.01163	0.26706	0.01430	0.01062	0.03572	0.00944	0.01311	0.00711	0.00481	0.00549	0.00166	0.02788	0.00485	0.00247	0.00611
47	0.00612	0.00445	0.00572	0.00667	0.00715	0.00409	0.00451	0.00700	0.00980	0.01286	0.04371	0.68653	0.13377	0.01516	0.00658	0.02102	0.00287	0.01337	0.00459	0.00404
48	0.00701	0.00578	0.00627	0.00615	0.00756	0.02904	0.00456	0.00915	0.04185	0.01623	0.33977	0.11498	0.37053	0.01149	0.00586	0.00166	0.00274	0.00986	0.00492	0.00458
49	0.09586	0.14411	0.07531	0.01276	0.01547	0.05050	0.14587	0.03474	0.00985	0.01457	0.00814	0.01108	0.00701	0.00770	0.04965	0.00203	0.29037	0.00415	0.01483	0.00600
50	0.00784	0.00587	0.00657	0.00633	0.00724	0.00598	0.00426	0.01070	0.13461	0.01358	0.13185	0.03297	0.13999	0.42891	0.03969	0.00347	0.00424	0.00768	0.00394	0.00427
51	0.00832	0.00569	0.00682	0.00640	0.00763	0.00544	0.00462	0.04405	0.03378	0.05264	0.37551	0.08046	0.13297	0.18443	0.00992	0.00230	0.00321	0.00856	0.02258	0.00467
52	0.07651	0.59941	0.02202	0.00884	0.01275	0.04170	0.00832	0.10670	0.01162	0.01490	0.00791	0.00915	0.00691	0.00634	0.04750	0.00154	0.00579	0.00305	0.00259	0.00645
53	0.01147	0.01134	0.02048	0.23419	0.45801	0.01178	0.15003	0.01474	0.01106	0.01530	0.00937	0.01278	0.00751	0.00454	0.00512	0.00156	0.00655	0.00469	0.00241	0.00707
54	0.01237	0.16217	0.30186	0.08166	0.22841	0.03489	0.01433	0.02799	0.01118	0.06659	0.00941	0.01119	0.00722	0.00472	0.00455	0.00146	0.00637	0.00385	0.00254	0.00724
55	0.03273	0.10294	0.70336	0.01346	0.02041	0.01235	0.01712	0.01567	0.01043	0.01557	0.00870	0.01022	0.00630	0.00469	0.00454	0.00153	0.00708	0.00356	0.00213	0.00722
56	0.01344	0.01369	0.01868	0.11930	0.48531	0.14397	0.05050	0.06591	0.01246	0.01616	0.00924	0.01192	0.00752	0.00471	0.00492	0.00148	0.00661	0.00431	0.00262	0.00724

[dist]
# distance from previous block
# <min> <max>
0	1

[block]
# block no. 5 follows, 50 sequences, length 34
# corresponding to MSA columns:
# 635-641,646-672
name=unknown_F
#
# <colnr> <probs for GDERKNQSTAVLIFYWHMCP>
#	G	D	E	R	K	N	Q	S	T	A	V	L	I	F	Y	W	H	M	C	P
0	0.01315	0.00968	0.01109	0.02566	0.03515	0.01060	0.00761	0.18791	0.31149	0.08634	0.01810	0.12312	0.01556	0.08051	0.03894	0.00220	0.00474	0.00652	0.00468	0.00696
1	0.01346	0.01121	0.01631	0.14813	0.38473	0.06386	0.02244	0.03582	0.04911	0.12581	0.06950	0.01507	0.01150	0.00539	0.00501	0.00152	0.00567	0.00486	0.00337	0.00722
2	0.06155	0.00745	0.01020	0.05415	0.12588	0.00739	0.00766	0.05704	0.01219	0.14053	0.13404	0.24134	0.04921	0.00966	0.00554	0.00173	0.00398	0.06010	0.00448	0.00587
3	0.10154	0.00858	0.00969	0.00849	0.01097	0.00896	0.00663	0.12782	0.17136	0.17835	0.09994	0.14885	0.03245	0.04100	0.00599	0.00179	0.00391	0.02216	0.00495	0.00656
