[name]
unknown

[dist]
# distance from previous block
# <min> <max>
0	16

[block]
# block no. 0 follows, 57 sequences, length 34
# corresponding to MSA columns:
# 47-80
name=unknown_A
#
# <colnr> <probs for GDERKNQSTAVLIFYWHMCP>
#	G	D	E	R	K	N	Q	S	T	A	V	L	I	F	Y	W	H	M	C	P
0	0.00775	0.00556	0.00759	0.00844	0.00960	0.00562	0.00736	0.04519	0.01093	0.01424	0.02340	0.04929	0.02524	0.01220	0.00618	0.00205	0.00421	0.74664	0.00419	0.00433
1	0.14001	0.04713	0.01062	0.00824	0.01125	0.01021	0.00672	0.17673	0.22464	0.22886	0.01501	0.01420	0.03186	0.00558	0.00419	0.00140	0.00387	0.00433	0.04838	0.00679
2	0.01072	0.25164	0.37136	0.01180	0.07409	0.07844	0.01201	0.02394	0.04608	0.01340	0.02136	0.03574	0.02139	0.00479	0.00400	0.00129	0.00577	0.00367	0.00229	0.00622
3	0.00604	0.00461	0.00572	0.00561	0.00674	0.00429	0.00420	0.00771	0.01102	0.01485	0.41209	0.08457	0.27806	0.01367	0.11808	0.00229	0.00360	0.00845	0.00434	0.00407
4	0.01195	0.01035	0.02689	0.06583	0.20753	0.03440	0.02519	0.22150	0.13863	0.02701	0.05111	0.03152	0.04330	0.05089	0.00582	0.00160	0.01728	0.01921	0.00355	0.00644
5	0.00628	0.00442	0.00503	0.00517	0.00554	0.00424	0.00324	0.00671	0.00782	0.01018	0.04893	0.11911	0.15851	0.54948	0.01692	0.00344	0.00375	0.03482	0.00329	0.00314
6	0.03016	0.06007	0.13420	0.01033	0.01421	0.02821	0.00944	0.48920	0.12550	0.02346	0.01115	0.01129	0.00812	0.00524	0.00436	0.00137	0.00503	0.00397	0.01746	0.00723
7	0.06554	0.04997	0.13640	0.01854	0.01285	0.00950	0.00820	0.08192	0.19042	0.17180	0.02337	0.02260	0.00973	0.00504	0.00413	0.00128	0.00424	0.00400	0.00373	0.17671
8	0.02148	0.00837	0.01340	0.50490	0.14901	0.02374	0.03257	0.01225	0.00975	0.06146	0.04067	0.05906	0.03352	0.00541	0.00464	0.00149	0.00541	0.00486	0.00259	0.00543
9	0.02033	0.00771	0.01052	0.00806	0.01157	0.00666	0.00666	0.02208	0.01297	0.81562	0.01788	0.01542	0.01122	0.00561	0.00456	0.00140	0.00386	0.00456	0.00561	0.00771
10	0.00658	0.00489	0.00712	0.00709	0.00781	0.00566	0.00542	0.00805	0.00725	0.01048	0.01228	0.01875	0.01172	0.10794	0.71958	0.00681	0.02518	0.00499	0.01846	0.00394
11	0.01322	0.00624	0.00730	0.00619	0.00835	0.00599	0.00492	0.07001	0.03881	0.29753	0.01680	0.01689	0.03904	0.00565	0.00388	0.00123	0.00298	0.00455	0.44465	0.00578
12	0.01122	0.01077	0.01839	0.02781	0.81248	0.01077	0.01391	0.01391	0.01032	0.01480	0.00852	0.01122	0.00718	0.00404	0.00449	0.00135	0.00538	0.00404	0.00224	0.00718
13	0.00605	0.00477	0.00557	0.00596	0.00719	0.00434	0.00468	0.00768	0.02632	0.01287	0.06769	0.15557	0.44756	0.01193	0.00564	0.00172	0.00286	0.21340	0.00424	0.00398
14	0.00575	0.00464	0.00515	0.00523	0.00658	0.00404	0.00401	0.00715	0.01072	0.01339	0.17765	0.07250	0.56657	0.01129	0.00546	0.00158	0.00247	0.08755	0.00434	0.00393
15	0.00627	0.00416	0.00540	0.00614	0.00648	0.00392	0.00405	0.00696	0.00848	0.04176	0.02286	0.66692	0.02692	0.15655	0.00872	0.00226	0.00298	0.01148	0.00401	0.00367
16	0.00991	0.00991	0.01388	0.01190	0.01190	0.01388	0.00991	0.01091	0.00694	0.01091	0.00595	0.00991	0.00595	0.00793	0.01487	0.00198	0.83246	0.00397	0.00198	0.00496
17	0.01979	0.00770	0.01041	0.00804	0.01147	0.00673	0.00662	0.02185	0.03437	0.77717	0.03469	0.01585	0.01196	0.00570	0.00458	0.00141	0.00381	0.00465	0.00557	0.00762
18	0.01852	0.00757	0.01009	0.00795	0.01119	0.00674	0.00652	0.02096	0.06126	0.69492	0.05412	0.01778	0.03176	0.00609	0.00465	0.00143	0.00373	0.02191	0.00546	0.00736
19	0.01144	0.01084	0.01821	0.02717	0.78273	0.01089	0.01371	0.04310	0.01073	0.01532	0.00861	0.01120	0.00720	0.00409	0.00449	0.00135	0.00537	0.00404	0.00233	0.00720
20	0.00647	0.00485	0.00728	0.00728	0.00809	0.00566	0.00566	0.00809	0.00728	0.01052	0.01214	0.01780	0.01133	0.03398	0.82279	0.00728	0.01214	0.00485	0.00243	0.00405
21	0.03415	0.00807	0.00932	0.00669	0.01068	0.00616	0.00536	0.01146	0.00935	0.01493	0.00800	0.00934	0.00666	0.00338	0.00334	0.00069	0.00336	0.00268	0.00269	0.84369
22	0.01005	0.00992	0.01411	0.01196	0.01225	0.01354	0.03709	0.03470	0.00751	0.01155	0.00640	0.01027	0.00620	0.00853	0.03942	0.00211	0.75318	0.00404	0.00208	0.00505
23	0.00917	0.00510	0.00626	0.00577	0.00712	0.00500	0.04417	0.03821	0.01007	0.06711	0.01614	0.14383	0.01406	0.00662	0.00382	0.00123	0.00268	0.00564	0.60342	0.00458
24	0.01909	0.00887	0.04157	0.00848	0.01211	0.00765	0.00722	0.10071	0.03094	0.66539	0.01654	0.01460	0.01058	0.00549	0.00451	0.00138	0.00406	0.00442	0.00526	0.03113
25	0.00603	0.00460	0.00553	0.00533	0.00654	0.00411	0.00398	0.00779	0.01187	0.01597	0.52812	0.05389	0.30949	0.01014	0.00536	0.00147	0.00220	0.00877	0.00470	0.00411
26	0.01635	0.02038	0.01258	0.01142	0.01378	0.73960	0.00859	0.01871	0.09377	0.01189	0.00817	0.00906	0.00665	0.00482	0.00414	0.00121	0.00770	0.00314	0.00257	0.00545
27	0.87276	0.00876	0.00666	0.00596	0.00876	0.01017	0.00491	0.01332	0.00771	0.02033	0.00631	0.00736	0.00491	0.00421	0.00280	0.00140	0.00351	0.00245	0.00280	0.00491
28	0.00582	0.00429	0.00544	0.00583	0.00658	0.00392	0.00412	0.00714	0.01041	0.01404	0.30971	0.42988	0.15210	0.01202	0.00556	0.00164	0.00240	0.01070	0.00449	0.00392
29	0.00557	0.00398	0.00531	0.00636	0.00664	0.00372	0.00428	0.00639	0.00872	0.01162	0.02495	0.81806	0.02987	0.01415	0.00580	0.00185	0.00267	0.03217	0.00421	0.00369
30	0.00555	0.00400	0.00526	0.00621	0.00656	0.00371	0.00417	0.00640	0.00891	0.01185	0.05588	0.77104	0.06593	0.01388	0.00575	0.00181	0.00260	0.01255	0.00424	0.00371
31	0.19940	0.00836	0.00997	0.00782	0.01119	0.00803	0.00646	0.08658	0.01258	0.58097	0.01484	0.01334	0.00959	0.00530	0.00419	0.00140	0.00388	0.00407	0.00493	0.00712
32	0.01130	0.20475	0.18748	0.05305	0.31262	0.02559	0.01212	0.05235	0.04578	0.02671	0.02227	0.01064	0.00748	0.00436	0.00410	0.00129	0.00543	0.00363	0.00241	0.00662
33	0.10046	0.03429	0.06971	0.01450	0.16491	0.05618	0.17301	0.06653	0.07614	0.10438	0.01080	0.03583	0.00844	0.00546	0.02351	0.00152	0.00555	0.00437	0.00308	0.04132

[dist]
# distance from previous block
# <min> <max>
1	10

[block]
# block no. 1 follows, 57 sequences, length 50
# corresponding to MSA columns:
# 91-117,129-151
name=unknown_B
#
# <colnr> <probs for GDERKNQSTAVLIFYWHMCP>
#	G	D	E	R	K	N	Q	S	T	A	V	L	I	F	Y	W	H	M	C	P
0	0.06103	0.23286	0.26311	0.01185	0.09074	0.03248	0.05001	0.05031	0.05273	0.01460	0.00880	0.02964	0.00718	0.00449	0.00390	0.00126	0.00536	0.00354	0.01724	0.05886
1	0.03571	0.00500	0.00637	0.00655	0.00748	0.00481	0.02432	0.04105	0.02661	0.01405	0.16356	0.50456	0.11909	0.01188	0.00547	0.00168	0.00278	0.01060	0.00427	0.00415
2	0.00966	0.08557	0.25255	0.06631	0.03572	0.03347	0.08030	0.03520	0.10954	0.01456	0.08595	0.03260	0.01202	0.02191	0.06214	0.00191	0.02960	0.02229	0.00283	0.00586
3	0.00579	0.00454	0.00491	0.00490	0.00597	0.00405	0.00344	0.00678	0.00962	0.01203	0.12124	0.05674	0.50336	0.20708	0.02803	0.00233	0.00300	0.00868	0.00391	0.00362
4	0.00756	0.00855	0.15665	0.00751	0.00981	0.00593	0.02367	0.01073	0.04771	0.03713	0.53988	0.04781	0.04808	0.00810	0.00507	0.00144	0.00322	0.00709	0.01912	0.00495
5	0.01211	0.84348	0.02374	0.00775	0.01163	0.01793	0.00775	0.01357	0.00921	0.01066	0.00630	0.00727	0.00582	0.00388	0.00291	0.00097	0.00485	0.00242	0.00194	0.00582
6	0.01744	0.00753	0.00984	0.00780	0.01086	0.00687	0.00635	0.04974	0.06668	0.60398	0.11599	0.01769	0.01519	0.00608	0.00461	0.00140	0.00360	0.00502	0.03621	0.00712
7	0.00591	0.00463	0.00535	0.00523	0.00654	0.00408	0.00397	0.00754	0.01146	0.01496	0.38922	0.03950	0.43485	0.01052	0.00539	0.00150	0.00230	0.03846	0.00456	0.00404
8	0.00940	0.00805	0.00940	0.00671	0.01074	0.00604	0.00537	0.01141	0.00940	0.01477	0.00805	0.00940	0.00671	0.00336	0.00336	0.00067	0.00336	0.00268	0.00268	0.86845
9	0.00552	0.00394	0.00526	0.00631	0.00657	0.00368	0.00421	0.00631	0.00868	0.01157	0.02498	0.83779	0.02997	0.01420	0.00578	0.00184	0.00263	0.01288	0.00421	0.00368
10	0.00659	0.00439	0.00494	0.00494	0.00494	0.00439	0.00275	0.00659	0.00659	0.00879	0.01428	0.02965	0.01647	0.84075	0.02306	0.00439	0.00439	0.00659	0.00275	0.00275
11	0.00991	0.00991	0.01388	0.01190	0.01190	0.01388	0.00991	0.01091	0.00694	0.01091	0.00595	0.00991	0.00595	0.00793	0.01487	0.00198	0.83246	0.00397	0.00198	0.00496
12	0.02998	0.00725	0.01181	0.00973	0.01164	0.00724	0.21305	0.00938	0.00973	0.01300	0.05831	0.18171	0.29676	0.00926	0.00655	0.00164	0.10681	0.00815	0.00342	0.00459
13	0.01117	0.00650	0.00687	0.00598	0.00780	0.00680	0.00471	0.19262	0.03309	0.06188	0.01414	0.01543	0.01075	0.00536	0.00359	0.00116	0.00290	0.00423	0.59973	0.00529
14	0.00610	0.00473	0.00634	0.00693	0.00723	0.00497	0.00490	0.00697	0.00866	0.01176	0.05318	0.68256	0.04889	0.01316	0.00688	0.00183	0.10558	0.01151	0.00396	0.00387
15	0.01051	0.01114	0.01300	0.01125	0.01223	0.16939	0.06401	0.01189	0.00844	0.01110	0.00786	0.01163	0.00728	0.01325	0.20578	0.00306	0.41704	0.00407	0.00218	0.00488
16	0.00606	0.00436	0.00574	0.00594	0.00669	0.00404	0.00425	0.00765	0.01117	0.01553	0.49605	0.35542	0.03764	0.01124	0.00552	0.00159	0.00233	0.01007	0.00468	0.00404
17	0.01494	0.01098	0.01189	0.00970	0.01286	0.01221	0.00782	0.39712	0.35679	0.09367	0.01474	0.01387	0.01065	0.00576	0.00457	0.00144	0.00429	0.00457	0.00466	0.00748
18	0.00940	0.00805	0.00940	0.00671	0.01074	0.00604	0.00537	0.01141	0.00940	0.01477	0.00805	0.00940	0.00671	0.00336	0.00336	0.00067	0.00336	0.00268	0.00268	0.86845
19	0.00730	0.00522	0.00730	0.00835	0.00939	0.00522	0.00730	0.00939	0.01043	0.01356	0.02399	0.05111	0.02608	0.01252	0.00626	0.00209	0.00417	0.78199	0.00417	0.00417
20	0.05667	0.00814	0.01026	0.00804	0.01132	0.00759	0.00659	0.10639	0.04186	0.60109	0.04726	0.01648	0.04531	0.00593	0.00454	0.00141	0.00383	0.00478	0.00525	0.00728
21	0.00909	0.02344	0.81727	0.01292	0.01961	0.01052	0.01674	0.01435	0.00957	0.01435	0.00813	0.00957	0.00574	0.00431	0.00431	0.00144	0.00670	0.00335	0.00191	0.00670
22	0.00565	0.00456	0.00502	0.00499	0.00632	0.00394	0.00371	0.00704	0.01089	0.01378	0.24849	0.09036	0.55726	0.01105	0.00538	0.00152	0.00227	0.00940	0.00442	0.00394
23	0.02033	0.00771	0.01052	0.00806	0.01157	0.00666	0.00666	0.02208	0.01297	0.81562	0.01788	0.01542	0.01122	0.00561	0.00456	0.00140	0.00386	0.00456	0.00561	0.00771
24	0.00556	0.00397	0.00530	0.00636	0.00664	0.00372	0.00428	0.00638	0.00872	0.01161	0.02495	0.81992	0.02988	0.01416	0.00579	0.00185	0.00266	0.03036	0.00421	0.00369
25	0.02524	0.00854	0.00915	0.00864	0.01075	0.03124	0.00687	0.01894	0.51264	0.02745	0.05322	0.03826	0.05125	0.00789	0.00499	0.00164	0.00371	0.16901	0.00443	0.00614
26	0.00975	0.01065	0.03671	0.01599	0.01966	0.00989	0.57424	0.01343	0.04183	0.01427	0.01291	0.10266	0.01180	0.00603	0.00545	0.00163	0.00653	0.09810	0.00280	0.00568
27	0.00591	0.00461	0.00536	0.00517	0.00646	0.00406	0.00388	0.00758	0.01164	0.01535	0.44680	0.03849	0.40780	0.01032	0.00535	0.00148	0.00221	0.00885	0.00462	0.00406
28	0.01157	0.60429	0.22124	0.00918	0.01372	0.03150	0.01003	0.03159	0.00964	0.01199	0.00687	0.00794	0.00584	0.00403	0.00332	0.00110	0.00537	0.00270	0.00200	0.00607
29	0.01314	0.01225	0.10927	0.03094	0.01769	0.02746	0.30160	0.07698	0.10719	0.18409	0.01185	0.01282	0.00846	0.00496	0.00549	0.00150	0.05963	0.00466	0.00337	0.00665
30	0.00674	0.00517	0.00708	0.03527	0.04851	0.00528	0.00550	0.02353	0.00948	0.01283	0.13787	0.24322	0.10471	0.08446	0.16972	0.00302	0.01615	0.07367	0.00365	0.00414
31	0.03840	0.00770	0.01017	0.00788	0.01123	0.00683	0.00649	0.04808	0.01300	0.71712	0.03451	0.01627	0.03354	0.00580	0.00453	0.00140	0.00378	0.00470	0.02119	0.00741
32	0.01315	0.02505	0.10319	0.01165	0.04254	0.04646	0.13773	0.20217	0.11807	0.12773	0.03160	0.05584	0.05208	0.00589	0.00473	0.00144	0.00511	0.00514	0.00379	0.00663
33	0.01443	0.01144	0.03708	0.11120	0.11517	0.03256	0.11065	0.29969	0.05329	0.13766	0.01118	0.01208	0.00802	0.00500	0.00480	0.00142	0.01944	0.00430	0.00365	0.00695
34	0.01105	0.02747	0.21648	0.01685	0.27266	0.09407	0.08212	0.05928	0.01085	0.02846	0.01044	0.07899	0.00921	0.02702	0.00505	0.00149	0.00581	0.01683	0.01961	0.00628
35	0.57981	0.03143	0.00906	0.00783	0.01043	0.24066	0.00624	0.01459	0.00917	0.01716	0.00649	0.00768	0.00523	0.00446	0.00360	0.00135	0.03452	0.00264	0.00262	0.00503
36	0.00674	0.00560	0.00917	0.08007	0.01132	0.00549	0.11726	0.00826	0.00911	0.01218	0.02077	0.55162	0.02369	0.03011	0.00600	0.00183	0.00380	0.07520	0.01761	0.00417
37	0.00741	0.00649	0.03020	0.03607	0.00971	0.00622	0.05196	0.01093	0.11320	0.01634	0.45305	0.04218	0.10790	0.02168	0.04425	0.00180	0.02428	0.00728	0.00427	0.00478
38	0.00559	0.00454	0.00497	0.00508	0.00638	0.00392	0.00378	0.00687	0.01049	0.01305	0.15045	0.13404	0.58498	0.01151	0.00543	0.00157	0.00238	0.03676	0.00432	0.00388
39	0.05168	0.00767	0.00999	0.00783	0.01106	0.00689	0.00641	0.05994	0.01299	0.66064	0.05450	0.03736	0.03964	0.00613	0.00458	0.00142	0.00374	0.00500	0.00533	0.00721
40	0.87276	0.00876	0.00666	0.00596	0.00876	0.01017	0.00491	0.01332	0.00771	0.02033	0.00631	0.00736	0.00491	0.00421	0.00280	0.00140	0.00351	0.00245	0.00280	0.00491
41	0.00647	0.00485	0.00728	0.00728	0.00809	0.00566	0.00566	0.00809	0.00728	0.01052	0.01214	0.01780	0.01133	0.03398	0.82279	0.00728	0.01214	0.00485	0.00243	0.00405
42	0.00647	0.00485	0.00728	0.00728	0.00809	0.00566	0.00566	0.00809	0.00728	0.01052	0.01214	0.01780	0.01133	0.03398	0.82279	0.00728	0.01214	0.00485	0.00243	0.00405
43	0.01088	0.00623	0.00819	0.00736	0.00918	0.00596	0.03351	0.01390	0.12003	0.23784	0.11524	0.26667	0.06309	0.03971	0.00572	0.00166	0.00325	0.00792	0.03820	0.00544
44	0.05535	0.00764	0.01018	0.00788	0.01127	0.00672	0.00650	0.02120	0.01274	0.75199	0.04766	0.01579	0.01216	0.00569	0.00451	0.00140	0.00378	0.00461	0.00547	0.00746
45	0.01381	0.01377	0.01091	0.00940	0.01171	0.38113	0.02863	0.02751	0.01130	0.09143	0.00998	0.02502	0.00819	0.03494	0.00532	0.00130	0.05740	0.00369	0.13160	0.12298
46	0.00934	0.07694	0.74521	0.01295	0.03892	0.01102	0.01608	0.01429	0.00956	0.01412	0.00802	0.00946	0.00578	0.00427	0.00422	0.00140	0.00654	0.00330	0.00192	0.00665
47	0.01619	0.01997	0.01243	0.01129	0.01360	0.71926	0.00849	0.04520	0.05510	0.01214	0.00845	0.04099	0.00727	0.00515	0.00420	0.00122	0.00760	0.00346	0.00261	0.00538
48	0.00592	0.00440	0.00511	0.00540	0.00608	0.00409	0.00367	0.00671	0.00876	0.01122	0.05795	0.23926	0.28517	0.26788	0.03813	0.00270	0.00341	0.03692	0.00373	0.00349
49	0.01171	0.04659	0.01280	0.15064	0.13153	0.20657	0.00921	0.08829	0.01089	0.02867	0.00943	0.02921	0.00814	0.02504	0.16541	0.01755	0.03622	0.00409	0.00257	0.00542

[dist]
# distance from previous block
# <min> <max>
0	1

[block]
# block no. 2 follows, 57 sequences, length 6
# corresponding to MSA columns:
# 153-158
name=unknown_C
#
# <colnr> <probs for GDERKNQSTAVLIFYWHMCP>
#	G	D	E	R	K	N	Q	S	T	A	V	L	I	F	Y	W	H	M	C	P
0	0.01169	0.72858	0.13493	0.00848	0.01275	0.01689	0.00901	0.01368	0.00926	0.01118	0.00656	0.00759	0.00580	0.00394	0.00310	0.00103	0.00511	0.00255	0.00193	0.00594
1	0.01204	0.04892	0.00995	0.00880	0.01062	0.36171	0.00675	0.03295	0.03115	0.03291	0.06678	0.13341	0.06394	0.00757	0.00460	0.00139	0.00530	0.08033	0.07599	0.00488
2	0.05891	0.01147	0.01297	0.03886	0.01410	0.01264	0.04555	0.56133	0.09826	0.02500	0.03868	0.01329	0.03674	0.00567	0.00455	0.00140	0.00475	0.00448	0.00426	0.00709
3	0.00807	0.00643	0.00686	0.00643	0.00778	0.04721	0.00465	0.01087	0.12715	0.03475	0.17449	0.08650	0.14900	0.18794	0.04271	0.02521	0.00378	0.00700	0.00382	0.05937
4	0.01071	0.46197	0.39292	0.01015	0.01534	0.01448	0.01194	0.01393	0.00937	0.01238	0.00715	0.00834	0.00578	0.00408	0.00356	0.00119	0.00571	0.00285	0.00193	0.00623
5	0.01033	0.05186	0.01676	0.21269	0.53821	0.01055	0.01267	0.01300	0.01013	0.01406	0.05936	0.01266	0.00911	0.00448	0.00447	0.00137	0.00530	0.00422	0.00235	0.00642

[dist]
# distance from previous block
# <min> <max>
4	5

[block]
# block no. 3 follows, 57 sequences, length 25
# corresponding to MSA columns:
# 165-188,193
name=unknown_D
#
# <colnr> <probs for GDERKNQSTAVLIFYWHMCP>
#	G	D	E	R	K	N	Q	S	T	A	V	L	I	F	Y	W	H	M	C	P
0	0.00545	0.00455	0.00474	0.00478	0.00620	0.00385	0.00355	0.00665	0.01041	0.01265	0.10247	0.09273	0.70347	0.01148	0.00538	0.00154	0.00230	0.00967	0.00427	0.00385
1	0.03749	0.00816	0.01045	0.00823	0.01148	0.00761	0.00678	0.12019	0.03215	0.60343	0.05924	0.01712	0.01297	0.00604	0.00463	0.00143	0.00391	0.03611	0.00529	0.00731
2	0.01080	0.48830	0.36744	0.00999	0.01509	0.01472	0.01165	0.01391	0.00936	0.01226	0.00709	0.00826	0.00578	0.00406	0.00351	0.00117	0.00565	0.00282	0.00193	0.00620
3	0.01114	0.01069	0.01826	0.04986	0.79101	0.01075	0.01387	0.01384	0.01028	0.01472	0.00851	0.01124	0.00715	0.00405	0.00449	0.00135	0.00540	0.00404	0.00224	0.00712
4	0.00546	0.00454	0.00477	0.00482	0.00621	0.00385	0.00357	0.00667	0.01042	0.01270	0.11045	0.10340	0.68457	0.01149	0.00539	0.00154	0.00231	0.00970	0.00428	0.00385
5	0.01655	0.00791	0.01082	0.00850	0.01156	0.03451	0.06132	0.01845	0.01250	0.55732	0.13267	0.05196	0.01599	0.00628	0.00473	0.00140	0.00395	0.00538	0.00503	0.03319
6	0.01069	0.09569	0.62580	0.01199	0.01797	0.01144	0.01465	0.10157	0.01097	0.04593	0.00864	0.00973	0.00617	0.00444	0.00421	0.00138	0.00623	0.00339	0.00235	0.00677
7	0.01372	0.01581	0.01126	0.01025	0.01213	0.49314	0.00780	0.04758	0.06375	0.01252	0.02348	0.04422	0.03671	0.03599	0.05285	0.00178	0.07454	0.01761	0.01972	0.00514
8	0.00836	0.00761	0.03939	0.00667	0.00764	0.11181	0.00492	0.00968	0.02508	0.01122	0.03216	0.02158	0.01346	0.37210	0.19049	0.00390	0.00629	0.00529	0.11852	0.00384
9	0.20744	0.03250	0.01114	0.01016	0.10075	0.09555	0.00723	0.11163	0.08455	0.02952	0.00901	0.00992	0.00709	0.00433	0.00370	0.00115	0.00439	0.00323	0.00306	0.26365
10	0.06596	0.04877	0.01355	0.01158	0.06536	0.32349	0.02812	0.23942	0.01408	0.03243	0.00845	0.00947	0.00661	0.00480	0.00451	0.00124	0.03769	0.00339	0.00305	0.07804
11	0.04198	0.00871	0.01081	0.00839	0.01178	0.00830	0.00689	0.17868	0.04130	0.54983	0.04790	0.01489	0.01156	0.00563	0.00450	0.00138	0.00398	0.00451	0.00516	0.03382
12	0.00724	0.00453	0.00546	0.00556	0.00649	0.00456	0.00412	0.02446	0.00968	0.01486	0.13349	0.18676	0.05442	0.01320	0.15449	0.00244	0.00412	0.00690	0.35307	0.00414
13	0.00599	0.00428	0.00539	0.00591	0.00639	0.00404	0.00404	0.00692	0.00908	0.01212	0.14011	0.42734	0.09148	0.19410	0.00950	0.00233	0.00302	0.06038	0.00400	0.00361
14	0.00864	0.00523	0.00669	0.00602	0.00757	0.00475	0.00462	0.01082	0.02868	0.14670	0.57565	0.03167	0.12745	0.00887	0.00520	0.00144	0.00246	0.00770	0.00499	0.00484
15	0.00691	0.00485	0.00615	0.00594	0.00714	0.00448	0.00452	0.00904	0.02974	0.04723	0.55036	0.09070	0.14417	0.00992	0.00539	0.00151	0.00243	0.06039	0.00479	0.00436
16	0.00605	0.00461	0.00558	0.00543	0.00663	0.00413	0.00409	0.00781	0.01177	0.01580	0.50161	0.06708	0.29857	0.01028	0.00539	0.00150	0.00227	0.03263	0.00467	0.00410
17	0.01272	0.59553	0.06617	0.00872	0.01239	0.15855	0.00832	0.03970	0.01030	0.01159	0.00806	0.00895	0.03400	0.00436	0.00333	0.00106	0.00545	0.00287	0.00217	0.00576
18	0.01589	0.01952	0.01270	0.01133	0.01372	0.69266	0.03537	0.04092	0.03475	0.01219	0.00905	0.01009	0.03258	0.00495	0.00417	0.00120	0.00753	0.00336	0.03270	0.00533
19	0.01036	0.00934	0.01448	0.26507	0.32473	0.01015	0.02519	0.06827	0.07013	0.01499	0.01093	0.01367	0.03396	0.00493	0.00474	0.00141	0.02525	0.01516	0.04092	0.03631
20	0.01259	0.02655	0.21410	0.07719	0.25062	0.03551	0.01262	0.08650	0.01211	0.03635	0.01326	0.13939	0.01223	0.00744	0.00593	0.00186	0.03917	0.00585	0.00345	0.00729
21	0.00683	0.00539	0.00633	0.00674	0.00771	0.03132	0.00513	0.00891	0.05612	0.01367	0.16952	0.28803	0.14095	0.03785	0.00618	0.00182	0.00316	0.19592	0.00426	0.00415
22	0.05846	0.04246	0.04402	0.02859	0.06291	0.05918	0.00805	0.16108	0.34837	0.01911	0.04546	0.01523	0.01190	0.00575	0.00438	0.00142	0.00433	0.02512	0.04761	0.00657
23	0.03709	0.00600	0.00815	0.00817	0.03264	0.02442	0.07544	0.00857	0.02741	0.01257	0.02542	0.41459	0.18953	0.02811	0.00611	0.00177	0.02962	0.05636	0.00379	0.00424
24	0.09959	0.13270	0.07053	0.02363	0.06107	0.16650	0.07607	0.08273	0.05992	0.02515	0.00960	0.04757	0.01772	0.00533	0.00511	0.00137	0.08353	0.00400	0.00274	0.02513

[dist]
# distance from previous block
# <min> <max>
0	5

[block]
# block no. 4 follows, 57 sequences, length 13
# corresponding to MSA columns:
# 199-211
name=unknown_E
#
# <colnr> <probs for GDERKNQSTAVLIFYWHMCP>
#	G	D	E	R	K	N	Q	S	T	A	V	L	I	F	Y	W	H	M	C	P
0	0.02071	0.00680	0.01055	0.01104	0.09291	0.00704	0.08442	0.01025	0.00977	0.03534	0.05634	0.13415	0.03079	0.06588	0.00774	0.00200	0.08469	0.32132	0.00355	0.00470
1	0.06107	0.18981	0.15605	0.05152	0.13097	0.14330	0.02884	0.06050	0.03194	0.01402	0.00906	0.06524	0.00795	0.00510	0.00434	0.00132	0.02656	0.00396	0.00248	0.00598
2	0.01158	0.01247	0.12521	0.08756	0.03518	0.09779	0.04506	0.21423	0.05864	0.01759	0.10380	0.06960	0.01304	0.00754	0.04387	0.00173	0.04069	0.00507	0.00336	0.00597
3	0.01223	0.00966	0.02663	0.02181	0.01156	0.06601	0.00663	0.17510	0.05358	0.10743	0.06901	0.07753	0.02838	0.01600	0.00450	0.00121	0.00407	0.00473	0.00375	0.30018
4	0.06691	0.00736	0.00911	0.00722	0.01022	0.00644	0.00573	0.03738	0.01115	0.39553	0.03562	0.08512	0.01241	0.06608	0.00561	0.00147	0.00363	0.00490	0.00433	0.22379
5	0.00584	0.00457	0.00572	0.00622	0.00681	0.00449	0.00439	0.00676	0.00905	0.01182	0.05103	0.53152	0.23012	0.03169	0.00671	0.00182	0.06249	0.01110	0.00404	0.00381
6	0.06786	0.00909	0.01415	0.15856	0.35487	0.02321	0.06129	0.03032	0.02494	0.01460	0.04143	0.09706	0.06021	0.00589	0.00463	0.00145	0.00489	0.00540	0.01429	0.00586
7	0.00725	0.00597	0.00643	0.00623	0.00733	0.06351	0.00459	0.02853	0.01173	0.01562	0.46659	0.13777	0.12252	0.06585	0.00651	0.00169	0.00294	0.03033	0.00442	0.00420
8	0.01201	0.00776	0.00950	0.00813	0.00978	0.00848	0.00629	0.21105	0.02988	0.14189	0.01296	0.04569	0.01159	0.18336	0.09491	0.08056	0.09487	0.02244	0.00359	0.00526
9	0.04958	0.01147	0.01930	0.01568	0.07715	0.08130	0.43017	0.05124	0.04868	0.01489	0.01146	0.12692	0.01029	0.00566	0.00526	0.00152	0.02496	0.00586	0.00279	0.00582
10	0.00892	0.00666	0.00830	0.06661	0.01006	0.03181	0.02789	0.11962	0.00990	0.01383	0.01283	0.05279	0.01214	0.17741	0.23740	0.04308	0.00654	0.02254	0.12728	0.00439
11	0.03605	0.03497	0.01136	0.03262	0.02738	0.18370	0.02156	0.21616	0.03620	0.08826	0.16008	0.01659	0.04069	0.00605	0.00448	0.00131	0.00482	0.01319	0.02335	0.04118
12	0.09123	0.46577	0.12966	0.06771	0.01372	0.03639	0.00887	0.05744	0.00997	0.01327	0.00963	0.01062	0.06007	0.00464	0.00350	0.00118	0.00499	0.00326	0.00233	0.00575

[dist]
# distance from previous block
# <min> <max>
14	27

[block]
# block no. 5 follows, 57 sequences, length 11
# corresponding to MSA columns:
# 245-255
name=unknown_F
#
# <colnr> <probs for GDERKNQSTAVLIFYWHMCP>
#	G	D	E	R	K	N	Q	S	T	A	V	L	I	F	Y	W	H	M	C	P
0	0.00740	0.00592	0.00749	0.03502	0.00917	0.00604	0.03300	0.04704	0.14833	0.01401	0.05314	0.44256	0.12796	0.03359	0.00586	0.00176	0.00318	0.00977	0.00414	0.00462
1	0.09740	0.16873	0.21009	0.03864	0.04821	0.16295	0.03639	0.04936	0.01045	0.04066	0.00900	0.01062	0.02465	0.01845	0.04272	0.00162	0.01831	0.00347	0.00244	0.00584
2	0.05293	0.00737	0.00901	0.00747	0.01019	0.00704	0.00598	0.03845	0.13448	0.43037	0.09887	0.04617	0.09441	0.00684	0.00465	0.00144	0.00342	0.00565	0.02871	0.00655
3	0.00903	0.00553	0.00716	0.00667	0.00816	0.00531	0.03266	0.03464	0.04186	0.11043	0.19086	0.17683	0.07434	0.00885	0.00487	0.00149	0.00295	0.07556	0.19801	0.00480
4	0.01260	0.00905	0.03947	0.00862	0.01116	0.00916	0.00713	0.32070	0.03962	0.12118	0.05227	0.07134	0.05061	0.01362	0.20881	0.00289	0.00622	0.00538	0.00404	0.00612
5	0.01420	0.01035	0.02742	0.01015	0.04586	0.05054	0.02936	0.28379	0.10418	0.16881	0.01520	0.07990	0.04446	0.00776	0.04347	0.00172	0.03202	0.00521	0.01895	0.00663
6	0.00666	0.00429	0.00572	0.00645	0.00698	0.00400	0.00446	0.00759	0.00911	0.06563	0.05033	0.69138	0.02849	0.04251	0.00632	0.00190	0.00283	0.04711	0.00427	0.00396
7	0.00624	0.00490	0.00576	0.00655	0.00709	0.03834	0.00461	0.00724	0.00927	0.01202	0.06269	0.60863	0.08227	0.03775	0.00622	0.00187	0.00302	0.08761	0.00412	0.00381
8	0.01119	0.01345	0.12965	0.06573	0.27247	0.06532	0.28396	0.01443	0.01037	0.03809	0.00873	0.01125	0.00679	0.00430	0.00522	0.00145	0.04460	0.00433	0.00230	0.00641
9	0.08880	0.04724	0.10739	0.16892	0.09980	0.08428	0.12153	0.04854	0.02561	0.13669	0.01002	0.02433	0.00749	0.00470	0.00438	0.00141	0.00572	0.00407	0.00290	0.00618
10	0.16010	0.02897	0.20625	0.13503	0.07916	0.07355	0.11834	0.06670	0.01056	0.05383	0.00878	0.02355	0.00670	0.00455	0.00424	0.00142	0.00584	0.00383	0.00258	0.00604

[dist]
# distance from previous block
# <min> <max>
0	2

[block]
# block no. 6 follows, 57 sequences, length 15
# corresponding to MSA columns:
# 258-272
name=unknown_G
#
# <colnr> <probs for GDERKNQSTAVLIFYWHMCP>
#	G	D	E	R	K	N	Q	S	T	A	V	L	I	F	Y	W	H	M	C	P
0	0.00924	0.05075	0.06216	0.00898	0.01096	0.00763	0.06971	0.05964	0.00969	0.07370	0.01424	0.02351	0.01352	0.08929	0.29330	0.00386	0.02454	0.16725	0.00311	0.00491
1	0.01047	0.03926	0.05207	0.27273	0.33139	0.04493	0.07623	0.02806	0.02708	0.01366	0.00873	0.01181	0.00704	0.02104	0.00501	0.00147	0.01932	0.00409	0.01954	0.00610
2	0.01206	0.26431	0.19953	0.01196	0.04615	0.16366	0.08381	0.04396	0.02650	0.01301	0.00793	0.00996	0.00659	0.00472	0.00486	0.00131	0.07312	0.01834	0.00225	0.00599
3	0.00561	0.00405	0.00531	0.00615	0.00657	0.00375	0.00417	0.00656	0.00921	0.01231	0.11011	0.70700	0.07541	0.01352	0.00571	0.00178	0.00256	0.01219	0.00429	0.00375
4	0.00690	0.00585	0.00664	0.00624	0.00740	0.04434	0.00476	0.00861	0.01143	0.01529	0.46337	0.03265	0.24494	0.01078	0.04680	0.00178	0.06588	0.00782	0.00429	0.00424
5	0.01211	0.84348	0.02374	0.00775	0.01163	0.01793	0.00775	0.01357	0.00921	0.01066	0.00630	0.00727	0.00582	0.00388	0.00291	0.00097	0.00485	0.00242	0.00194	0.00582
6	0.00658	0.00443	0.00512	0.00512	0.00518	0.00449	0.00297	0.00670	0.00664	0.00892	0.01412	0.02876	0.01608	0.77963	0.08366	0.00461	0.00498	0.00646	0.00272	0.00284
7	0.01211	0.84348	0.02374	0.00775	0.01163	0.01793	0.00775	0.01357	0.00921	0.01066	0.00630	0.00727	0.00582	0.00388	0.00291	0.00097	0.00485	0.00242	0.00194	0.00582
8	0.01693	0.02160	0.01284	0.01167	0.01401	0.82256	0.00876	0.01809	0.01284	0.01109	0.00700	0.00817	0.00584	0.00467	0.00409	0.00117	0.00817	0.00292	0.00233	0.00525
9	0.00897	0.00853	0.01207	0.01063	0.01085	0.01163	0.00875	0.01013	0.00703	0.01080	0.00764	0.01207	0.00742	0.01507	0.23614	0.00343	0.60779	0.00421	0.00210	0.00471
10	0.00552	0.00394	0.00526	0.00631	0.00657	0.00368	0.00421	0.00631	0.00868	0.01157	0.02498	0.83779	0.02997	0.01420	0.00578	0.00184	0.00263	0.01288	0.00421	0.00368
11	0.01211	0.84348	0.02374	0.00775	0.01163	0.01793	0.00775	0.01357	0.00921	0.01066	0.00630	0.00727	0.00582	0.00388	0.00291	0.00097	0.00485	0.00242	0.00194	0.00582
12	0.01470	0.32087	0.01671	0.01051	0.03853	0.47457	0.00836	0.01605	0.01132	0.01125	0.00706	0.00824	0.00607	0.00438	0.00364	0.00110	0.00666	0.00282	0.03170	0.00549
13	0.00712	0.00587	0.00697	0.00633	0.00814	0.00536	0.02344	0.00999	0.10860	0.01432	0.15937	0.15743	0.28469	0.03556	0.00556	0.00151	0.00285	0.00800	0.00405	0.14485
14	0.01423	0.09030	0.09483	0.03711	0.01497	0.01271	0.06875	0.37932	0.10741	0.07172	0.01121	0.01165	0.00819	0.00520	0.00472	0.00138	0.03121	0.00410	0.02399	0.00699

[dist]
# distance from previous block
# <min> <max>
0	1

[block]
# block no. 7 follows, 57 sequences, length 15
# corresponding to MSA columns:
# 274-288
name=unknown_H
#
# <colnr> <probs for GDERKNQSTAVLIFYWHMCP>
#	G	D	E	R	K	N	Q	S	T	A	V	L	I	F	Y	W	H	M	C	P
0	0.01274	0.73904	0.02239	0.00820	0.01193	0.09065	0.00788	0.04229	0.00997	0.01135	0.00653	0.00748	0.00589	0.00400	0.00307	0.00100	0.00515	0.00253	0.00207	0.00583
1	0.00787	0.00394	0.00590	0.00590	0.00590	0.00394	0.00394	0.00590	0.00590	0.00787	0.00787	0.01377	0.00787	0.01574	0.01771	0.86816	0.00394	0.00394	0.00197	0.00197
2	0.01019	0.02970	0.01386	0.13715	0.04782	0.01026	0.14586	0.04889	0.30294	0.01586	0.01506	0.06047	0.01298	0.00659	0.00514	0.00160	0.01990	0.10619	0.00352	0.00604
3	0.01693	0.02160	0.01284	0.01167	0.01401	0.82256	0.00876	0.01809	0.01284	0.01109	0.00700	0.00817	0.00584	0.00467	0.00409	0.00117	0.00817	0.00292	0.00233	0.00525
4	0.00992	0.11012	0.06918	0.05641	0.04497	0.05054	0.09657	0.05193	0.06347	0.01428	0.05433	0.15212	0.01299	0.00683	0.01743	0.00145	0.03880	0.00550	0.01661	0.12655
5	0.10718	0.01309	0.21255	0.01316	0.15566	0.05384	0.03576	0.04322	0.02252	0.01445	0.02460	0.02593	0.00872	0.10553	0.02866	0.00196	0.09951	0.00419	0.00249	0.02699
6	0.00615	0.00441	0.00551	0.00611	0.00677	0.00413	0.00426	0.00739	0.02876	0.02968	0.05564	0.52984	0.16490	0.06874	0.02330	0.00204	0.00297	0.04139	0.00414	0.00387
7	0.01599	0.04516	0.08021	0.01202	0.03801	0.63446	0.00953	0.08754	0.01315	0.01303	0.00747	0.00859	0.00604	0.00467	0.00412	0.00121	0.00758	0.00308	0.00248	0.00567
8	0.03190	0.05859	0.13645	0.07725	0.35250	0.05139	0.08830	0.01357	0.01001	0.02821	0.02217	0.01234	0.00799	0.05022	0.00538	0.00152	0.00565	0.00410	0.03624	0.00622
9	0.04368	0.12968	0.09330	0.02323	0.02983	0.02933	0.03541	0.03555	0.04667	0.08146	0.05880	0.10236	0.19375	0.00734	0.00448	0.00139	0.00396	0.00610	0.04710	0.02658
10	0.00551	0.00444	0.00490	0.00512	0.00630	0.00384	0.00371	0.00667	0.01020	0.01270	0.12112	0.23189	0.54396	0.01189	0.00546	0.00159	0.00236	0.01021	0.00429	0.00384
11	0.01248	0.23741	0.23485	0.03199	0.13837	0.07646	0.05686	0.04344	0.01071	0.10387	0.00887	0.01001	0.00675	0.00434	0.00404	0.00128	0.00577	0.00347	0.00254	0.00650
12	0.02382	0.11530	0.19952	0.07636	0.10645	0.01167	0.15947	0.12728	0.02370	0.06286	0.00969	0.01191	0.00745	0.00518	0.02026	0.00151	0.00599	0.02234	0.00274	0.00648
13	0.00951	0.00641	0.03818	0.00680	0.00860	0.00563	0.00534	0.01221	0.10643	0.18153	0.02656	0.25996	0.22557	0.05261	0.03150	0.00191	0.00346	0.00839	0.00433	0.00507
14	0.00878	0.00801	0.03246	0.01979	0.01012	0.09292	0.04911	0.05007	0.02562	0.03861	0.13700	0.20113	0.11691	0.02856	0.02085	0.00179	0.00421	0.14548	0.00391	0.00466

[dist]
# distance from previous block
# <min> <max>
0	21

# created by:
# /st0/software/busco_prod/Augustus/scripts/msa2prfl.pl ./align_prep/110742.fa
