[name]
unknown

[dist]
# distance from previous block
# <min> <max>
4	390

[block]
# block no. 0 follows, 63 sequences, length 9
# corresponding to MSA columns:
# 398-406
name=unknown_A
#
# <colnr> <probs for GDERKNQSTAVLIFYWHMCP>
#	G	D	E	R	K	N	Q	S	T	A	V	L	I	F	Y	W	H	M	C	P
0	0.06392	0.02594	0.01501	0.03120	0.16586	0.04780	0.21186	0.12394	0.02581	0.03272	0.02951	0.01197	0.00805	0.00494	0.02438	0.00135	0.00517	0.02692	0.01559	0.12806
1	0.04623	0.00789	0.05412	0.11981	0.24373	0.00764	0.01815	0.02153	0.03695	0.03094	0.10467	0.05865	0.03274	0.11926	0.03515	0.00189	0.02606	0.00503	0.02456	0.00498
2	0.00587	0.00450	0.00602	0.08790	0.00858	0.00438	0.00482	0.00750	0.01011	0.01362	0.36875	0.22189	0.15483	0.00980	0.00505	0.00149	0.00263	0.07442	0.00401	0.00383
3	0.54826	0.00824	0.00830	0.07904	0.01107	0.00920	0.02909	0.07800	0.03253	0.12501	0.00837	0.00909	0.00609	0.00426	0.00321	0.00130	0.00369	0.00298	0.02709	0.00519
4	0.01062	0.16263	0.24242	0.01250	0.17124	0.01101	0.01044	0.15442	0.03379	0.01512	0.00820	0.00954	0.00646	0.00529	0.04188	0.00141	0.00523	0.00325	0.00243	0.09210
5	0.00765	0.00571	0.00826	0.01020	0.17520	0.02321	0.00619	0.00816	0.00790	0.02452	0.03930	0.18743	0.05836	0.01186	0.05656	0.27483	0.02853	0.05961	0.00273	0.00379
6	0.01161	0.09233	0.01102	0.00828	0.01075	0.01064	0.00666	0.32449	0.26218	0.01910	0.04448	0.15357	0.01342	0.00661	0.00430	0.00135	0.00375	0.00545	0.00396	0.00608
7	0.00949	0.00953	0.04264	0.02092	0.61600	0.03295	0.01107	0.01175	0.00954	0.01327	0.03742	0.09548	0.06105	0.00529	0.00434	0.00130	0.00458	0.00495	0.00245	0.00599
8	0.01152	0.08148	0.01609	0.10280	0.29028	0.15998	0.11081	0.09211	0.02709	0.01361	0.00815	0.02699	0.00676	0.00433	0.00439	0.00126	0.03041	0.00378	0.00234	0.00582

[dist]
# distance from previous block
# <min> <max>
0	1

[block]
# block no. 1 follows, 63 sequences, length 21
# corresponding to MSA columns:
# 408-428
name=unknown_B
#
# <colnr> <probs for GDERKNQSTAVLIFYWHMCP>
#	G	D	E	R	K	N	Q	S	T	A	V	L	I	F	Y	W	H	M	C	P
0	0.11058	0.00949	0.01059	0.00815	0.01145	0.00971	0.00671	0.39354	0.01476	0.26039	0.01122	0.01081	0.00771	0.00473	0.00390	0.00120	0.00398	0.00359	0.00411	0.11337
1	0.01570	0.02004	0.01191	0.01083	0.01300	0.83539	0.00812	0.01679	0.01191	0.01029	0.00650	0.00758	0.00541	0.00433	0.00379	0.00108	0.00758	0.00271	0.00217	0.00487
2	0.00674	0.00477	0.00574	0.00595	0.00650	0.00479	0.00400	0.10452	0.00891	0.01190	0.01865	0.50476	0.02159	0.25931	0.00995	0.00235	0.00319	0.00923	0.00354	0.00362
3	0.00887	0.00762	0.00933	0.10858	0.01239	0.00631	0.00590	0.03782	0.00905	0.01377	0.00756	0.00907	0.00618	0.00331	0.00328	0.00074	0.00347	0.00269	0.00247	0.74158
4	0.03655	0.31278	0.32265	0.01344	0.21100	0.01223	0.01161	0.01293	0.00887	0.01237	0.00698	0.00843	0.00565	0.00379	0.00353	0.00116	0.00522	0.00293	0.00188	0.00598
5	0.01291	0.01103	0.12529	0.24715	0.05400	0.01018	0.00998	0.29758	0.01320	0.16219	0.01005	0.01100	0.00701	0.00463	0.00418	0.00132	0.00495	0.00375	0.00329	0.00629
6	0.00635	0.00483	0.00681	0.00650	0.00755	0.00520	0.00499	0.00776	0.00694	0.01010	0.01097	0.01651	0.01040	0.09906	0.66335	0.00577	0.00964	0.00440	0.00231	0.11056
7	0.00547	0.00422	0.00443	0.00438	0.00568	0.00366	0.00328	0.00679	0.00984	0.01273	0.15913	0.03603	0.60424	0.00963	0.00472	0.00135	0.00209	0.00807	0.11062	0.00366
8	0.01041	0.05345	0.13437	0.07065	0.39141	0.06696	0.02753	0.01335	0.03642	0.03825	0.00816	0.00996	0.00651	0.00387	0.00394	0.00118	0.00508	0.00343	0.00223	0.11283
9	0.00924	0.03643	0.01330	0.64342	0.09389	0.01009	0.01118	0.10898	0.00990	0.01289	0.00777	0.01085	0.00588	0.00425	0.00415	0.00135	0.00540	0.00369	0.00217	0.00517
10	0.01256	0.00894	0.01112	0.04007	0.15173	0.00946	0.00771	0.28334	0.13243	0.12292	0.07517	0.01473	0.04300	0.00539	0.00422	0.00129	0.00392	0.00448	0.06122	0.00631
11	0.00787	0.00795	0.10885	0.00985	0.09748	0.00662	0.00794	0.06423	0.04363	0.01400	0.09449	0.06513	0.04678	0.01048	0.07131	0.00202	0.00459	0.32860	0.00341	0.00476
12	0.00890	0.01625	0.49957	0.06755	0.10355	0.02709	0.03425	0.01277	0.03182	0.03760	0.00883	0.01187	0.00710	0.10781	0.00619	0.00166	0.00567	0.00371	0.00210	0.00571
13	0.00919	0.01111	0.10905	0.08494	0.11918	0.00955	0.45963	0.01225	0.00917	0.01261	0.00882	0.01292	0.00732	0.10747	0.00670	0.00171	0.00624	0.00465	0.00211	0.00539
14	0.00567	0.00426	0.00521	0.00501	0.00607	0.00384	0.00373	0.00732	0.01103	0.01500	0.57201	0.05889	0.24801	0.02887	0.00535	0.00142	0.00208	0.00804	0.00436	0.00381
15	0.01842	0.00778	0.14813	0.00795	0.00970	0.00631	0.03024	0.00869	0.00737	0.01077	0.02606	0.06735	0.01099	0.04080	0.54823	0.00498	0.03493	0.00478	0.00231	0.00422
16	0.00703	0.00380	0.00560	0.00559	0.00571	0.00389	0.00381	0.00584	0.00587	0.00795	0.03302	0.01459	0.00911	0.06048	0.11975	0.69521	0.00458	0.00401	0.00200	0.00217
17	0.01011	0.02609	0.03226	0.19750	0.51069	0.01019	0.08337	0.05461	0.00986	0.01366	0.00794	0.01054	0.00639	0.00390	0.00421	0.00129	0.00530	0.00381	0.00214	0.00614
18	0.01164	0.01112	0.01008	0.00892	0.01138	0.16120	0.00692	0.06523	0.58755	0.01657	0.01432	0.01356	0.01084	0.00529	0.00413	0.00132	0.00417	0.00422	0.00380	0.04774
19	0.00872	0.00747	0.00872	0.00623	0.00996	0.00560	0.00498	0.01058	0.00872	0.01370	0.00747	0.00872	0.00623	0.00311	0.00311	0.00062	0.00311	0.00249	0.00249	0.87796
20	0.04772	0.00917	0.02950	0.40878	0.21382	0.04615	0.02541	0.04615	0.02541	0.03094	0.02263	0.01095	0.00677	0.00417	0.00407	0.00129	0.00514	0.00367	0.00227	0.05600

[dist]
# distance from previous block
# <min> <max>
1	2

[block]
# block no. 2 follows, 63 sequences, length 7
# corresponding to MSA columns:
# 431-437
name=unknown_C
#
# <colnr> <probs for GDERKNQSTAVLIFYWHMCP>
#	G	D	E	R	K	N	Q	S	T	A	V	L	I	F	Y	W	H	M	C	P
0	0.00931	0.00801	0.01180	0.02965	0.01259	0.00671	0.16535	0.01176	0.02977	0.06064	0.04728	0.01188	0.03492	0.00391	0.00375	0.00092	0.00391	0.00361	0.00275	0.54147
1	0.01028	0.01127	0.01573	0.07009	0.04295	0.19613	0.31638	0.01309	0.05600	0.01188	0.00896	0.01177	0.00734	0.00980	0.17007	0.02927	0.00754	0.00418	0.00226	0.00501
2	0.00694	0.00574	0.00881	0.07941	0.10336	0.00669	0.00685	0.00854	0.00716	0.01024	0.01020	0.01535	0.00950	0.06708	0.56137	0.00514	0.07691	0.00437	0.00218	0.00417
3	0.00736	0.00616	0.00861	0.06282	0.03124	0.00582	0.06262	0.03120	0.06870	0.01268	0.01621	0.41172	0.01748	0.00849	0.00460	0.00137	0.00336	0.02799	0.00330	0.20827
4	0.01085	0.11913	0.01398	0.04285	0.14186	0.12710	0.08993	0.01284	0.00966	0.05484	0.03116	0.00987	0.00724	0.00380	0.00366	0.00099	0.00472	0.00323	0.00243	0.30986
5	0.01083	0.00766	0.01151	0.34098	0.15606	0.00829	0.00923	0.01418	0.09950	0.19108	0.01316	0.01435	0.06185	0.00496	0.00421	0.00134	0.00444	0.00430	0.03639	0.00567
6	0.00916	0.00950	0.09490	0.05041	0.06415	0.00896	0.07740	0.03396	0.37030	0.01578	0.14696	0.01658	0.01491	0.00731	0.05926	0.00173	0.00450	0.00492	0.00350	0.00580

[dist]
# distance from previous block
# <min> <max>
0	1

[block]
# block no. 3 follows, 63 sequences, length 27
# corresponding to MSA columns:
# 439-465
name=unknown_D
#
# <colnr> <probs for GDERKNQSTAVLIFYWHMCP>
#	G	D	E	R	K	N	Q	S	T	A	V	L	I	F	Y	W	H	M	C	P
0	0.00647	0.00513	0.00636	0.00624	0.02884	0.00510	0.00463	0.01736	0.02385	0.03082	0.34448	0.05341	0.33053	0.00916	0.00579	0.00143	0.08372	0.02861	0.00398	0.00407
1	0.05443	0.01316	0.28095	0.01420	0.19439	0.00907	0.12065	0.04709	0.01014	0.11424	0.06828	0.01180	0.00895	0.00437	0.00418	0.00130	0.00513	0.00393	0.00268	0.03106
2	0.00899	0.00877	0.01289	0.53567	0.16109	0.07129	0.01098	0.01161	0.03000	0.01125	0.00775	0.01102	0.00614	0.00538	0.02879	0.02507	0.04266	0.00370	0.00200	0.00497
3	0.00981	0.01003	0.05293	0.15330	0.54602	0.02745	0.01184	0.01310	0.07192	0.01336	0.00995	0.01207	0.04108	0.00428	0.00420	0.00129	0.00496	0.00398	0.00228	0.00615
4	0.01032	0.04687	0.01541	0.19693	0.45792	0.10302	0.03615	0.01285	0.02317	0.01272	0.03941	0.01103	0.00761	0.00412	0.00412	0.00126	0.00532	0.00377	0.00217	0.00584
5	0.00666	0.00516	0.00601	0.06487	0.00753	0.03953	0.00417	0.00756	0.03019	0.00925	0.01372	0.09623	0.03170	0.48105	0.15813	0.02104	0.00536	0.00601	0.00262	0.00321
6	0.00848	0.00821	0.01134	0.32499	0.06910	0.08741	0.03975	0.01033	0.00815	0.01053	0.00908	0.02153	0.02385	0.03912	0.18275	0.03118	0.10358	0.00411	0.00208	0.00445
7	0.00611	0.00415	0.00491	0.00493	0.00505	0.00424	0.00299	0.00635	0.00628	0.00846	0.01320	0.02657	0.01488	0.72885	0.12428	0.00437	0.00498	0.02413	0.00254	0.00273
8	0.13206	0.05409	0.01085	0.00891	0.03458	0.03341	0.00697	0.23909	0.38144	0.03644	0.01247	0.01205	0.00930	0.00506	0.00393	0.00132	0.00391	0.00392	0.00380	0.00640
9	0.00801	0.03042	0.04605	0.00730	0.02509	0.00682	0.00590	0.01295	0.26344	0.04167	0.15624	0.06482	0.19120	0.00818	0.00473	0.00146	0.00309	0.11365	0.00399	0.00499
10	0.01158	0.09638	0.03384	0.01036	0.01166	0.30880	0.00852	0.01269	0.00868	0.01018	0.00627	0.00899	0.00582	0.02826	0.02534	0.00162	0.40105	0.00325	0.00198	0.00475
11	0.00826	0.00827	0.04696	0.75757	0.05402	0.00948	0.01177	0.03333	0.00878	0.01139	0.00756	0.01105	0.00567	0.00420	0.00419	0.00139	0.00558	0.00371	0.00194	0.00487
12	0.00897	0.00762	0.00885	0.00635	0.01007	0.00586	0.00509	0.03842	0.00910	0.01414	0.00756	0.00876	0.00626	0.00318	0.00315	0.00064	0.00317	0.00254	0.00255	0.84771
13	0.00730	0.00365	0.00548	0.00548	0.00548	0.00365	0.00365	0.00548	0.00548	0.00730	0.00730	0.01278	0.00730	0.01460	0.01643	0.87769	0.00365	0.00365	0.00183	0.00183
14	0.01191	0.00975	0.01033	0.00885	0.01149	0.01114	0.00701	0.23075	0.60766	0.01994	0.01526	0.01421	0.01133	0.00553	0.00426	0.00138	0.00367	0.00450	0.00426	0.00678
15	0.21915	0.03231	0.00969	0.04103	0.01115	0.15239	0.03596	0.05751	0.09363	0.09892	0.01248	0.02364	0.05012	0.01728	0.01360	0.00143	0.01442	0.08255	0.00317	0.02957
16	0.09152	0.04142	0.25465	0.01212	0.01628	0.03311	0.28977	0.01265	0.00910	0.02778	0.00920	0.03782	0.02816	0.00464	0.01344	0.00136	0.02928	0.00407	0.00224	0.08137
17	0.00653	0.00418	0.00475	0.00468	0.00479	0.00414	0.00267	0.00658	0.00631	0.03504	0.01335	0.02708	0.01512	0.82451	0.02083	0.00398	0.00406	0.00605	0.00263	0.00270
18	0.00942	0.00923	0.04264	0.27372	0.11035	0.00952	0.24307	0.03408	0.00917	0.05074	0.00884	0.02647	0.00712	0.02339	0.06224	0.00183	0.06629	0.00434	0.00226	0.00529
19	0.00845	0.00846	0.04131	0.09825	0.03783	0.03725	0.22922	0.03300	0.04307	0.02115	0.01462	0.13186	0.06580	0.07815	0.03028	0.00187	0.03417	0.07773	0.00281	0.00472
20	0.01004	0.19829	0.22363	0.04017	0.01732	0.01106	0.32007	0.01316	0.00937	0.05966	0.00939	0.03193	0.02845	0.00422	0.00416	0.00128	0.00580	0.00410	0.00223	0.00568
21	0.01570	0.02004	0.01191	0.01083	0.01300	0.83539	0.00812	0.01679	0.01191	0.01029	0.00650	0.00758	0.00541	0.00433	0.00379	0.00108	0.00758	0.00271	0.00217	0.00487
22	0.01060	0.04616	0.10154	0.03340	0.04302	0.03070	0.07430	0.07317	0.05040	0.14332	0.01348	0.04093	0.04455	0.06873	0.03183	0.04404	0.00467	0.08079	0.00316	0.06122
23	0.00943	0.02420	0.04393	0.08478	0.03844	0.02874	0.01977	0.04583	0.00966	0.06920	0.05044	0.02589	0.06499	0.02802	0.00421	0.00105	0.00374	0.00382	0.00284	0.44102
24	0.52632	0.00975	0.00800	0.02902	0.00980	0.13166	0.00581	0.04252	0.01826	0.04502	0.00864	0.02659	0.03289	0.00495	0.00395	0.00134	0.06220	0.02577	0.00274	0.00474
25	0.00948	0.03293	0.08976	0.10799	0.27324	0.00904	0.02340	0.01373	0.16061	0.04800	0.07678	0.05781	0.02289	0.00553	0.00459	0.00137	0.02650	0.02765	0.00293	0.00580
26	0.00824	0.02998	0.01061	0.13547	0.15605	0.04895	0.02428	0.00995	0.00879	0.02805	0.02994	0.12397	0.12231	0.00924	0.07671	0.00189	0.09717	0.04255	0.01587	0.02000

[dist]
# distance from previous block
# <min> <max>
0	1

[block]
# block no. 4 follows, 63 sequences, length 9
# corresponding to MSA columns:
# 467-475
name=unknown_E
#
# <colnr> <probs for GDERKNQSTAVLIFYWHMCP>
#	G	D	E	R	K	N	Q	S	T	A	V	L	I	F	Y	W	H	M	C	P
0	0.01016	0.05953	0.05568	0.09691	0.45543	0.00983	0.02558	0.02958	0.02521	0.03249	0.00802	0.01012	0.00653	0.00395	0.00433	0.00119	0.03775	0.00351	0.00224	0.12196
1	0.00938	0.00803	0.01263	0.01720	0.46998	0.00797	0.00918	0.02562	0.00883	0.02967	0.02841	0.01377	0.02436	0.10595	0.02821	0.08736	0.02707	0.00413	0.00234	0.07990
2	0.00617	0.00542	0.04821	0.00566	0.00704	0.00454	0.00462	0.00811	0.01080	0.01519	0.54562	0.02916	0.15865	0.00923	0.03775	0.00153	0.02488	0.00704	0.03832	0.03207
3	0.00712	0.00572	0.00754	0.00668	0.00739	0.00614	0.03283	0.00778	0.00701	0.00998	0.04334	0.08053	0.01350	0.41534	0.03674	0.02520	0.16374	0.00553	0.00255	0.11535
4	0.00560	0.00410	0.00525	0.00535	0.00616	0.00376	0.00387	0.00710	0.01049	0.01443	0.49968	0.27883	0.11940	0.01019	0.00508	0.00145	0.00214	0.00905	0.00433	0.00376
5	0.00901	0.02059	0.71639	0.01163	0.01730	0.05615	0.01438	0.01426	0.07625	0.01350	0.00828	0.00937	0.00595	0.00415	0.00401	0.00133	0.00605	0.00322	0.00200	0.00617
6	0.00872	0.00747	0.00872	0.00623	0.00996	0.00560	0.00498	0.01058	0.00872	0.01370	0.00747	0.00872	0.00623	0.00311	0.00311	0.00062	0.00311	0.00249	0.00249	0.87796
7	0.00532	0.00427	0.00476	0.00474	0.00595	0.00375	0.00355	0.00659	0.00988	0.01250	0.21988	0.06210	0.54722	0.03280	0.03473	0.00168	0.00253	0.03015	0.00398	0.00363
8	0.08248	0.05796	0.12594	0.12258	0.37866	0.00956	0.01094	0.02751	0.00924	0.04644	0.00899	0.06992	0.00776	0.00459	0.00400	0.00129	0.00479	0.00404	0.00234	0.02098

[dist]
# distance from previous block
# <min> <max>
0	2

[block]
# block no. 5 follows, 63 sequences, length 48
# corresponding to MSA columns:
# 478-525
name=unknown_F
#
# <colnr> <probs for GDERKNQSTAVLIFYWHMCP>
#	G	D	E	R	K	N	Q	S	T	A	V	L	I	F	Y	W	H	M	C	P
0	0.01109	0.29779	0.26958	0.01141	0.08527	0.18133	0.02343	0.01360	0.00935	0.01144	0.00671	0.00809	0.00551	0.00406	0.00402	0.00115	0.04581	0.00285	0.00190	0.00562
1	0.00726	0.00367	0.00544	0.00544	0.00544	0.00367	0.00361	0.00550	0.00550	0.00733	0.00752	0.01332	0.00759	0.04528	0.01661	0.84570	0.00367	0.00374	0.00185	0.00185
2	0.07089	0.01089	0.01132	0.00913	0.02276	0.03713	0.00733	0.59556	0.06453	0.02332	0.01046	0.01151	0.00792	0.03606	0.00469	0.00136	0.00441	0.01648	0.03000	0.02426
3	0.00607	0.00426	0.00504	0.00500	0.00523	0.00438	0.00313	0.00641	0.00658	0.00882	0.03026	0.02672	0.07684	0.64475	0.12809	0.00413	0.02273	0.00609	0.00264	0.00285
4	0.00611	0.00410	0.00469	0.00469	0.00472	0.00413	0.00267	0.00618	0.00614	0.00823	0.01315	0.02699	0.01506	0.81366	0.05969	0.00420	0.00441	0.00604	0.00253	0.00260
5	0.00847	0.00780	0.01291	0.58056	0.20250	0.00907	0.01120	0.02191	0.00895	0.01198	0.03087	0.01231	0.02330	0.00439	0.00418	0.00135	0.00515	0.00395	0.03406	0.00507
6	0.88196	0.00813	0.00618	0.00553	0.00813	0.00943	0.00455	0.01236	0.00715	0.01886	0.00585	0.00683	0.00455	0.00390	0.00260	0.00130	0.00325	0.00228	0.00260	0.00455
7	0.01124	0.85479	0.02203	0.00719	0.01079	0.01663	0.00719	0.01259	0.00854	0.00989	0.00584	0.00674	0.00539	0.00360	0.00270	0.00090	0.00450	0.00225	0.00180	0.00539
8	0.00794	0.00747	0.01261	0.84216	0.02895	0.00934	0.01167	0.01074	0.00841	0.01074	0.00747	0.01121	0.00560	0.00420	0.00420	0.00140	0.00560	0.00374	0.00187	0.00467
9	0.00589	0.00429	0.00554	0.00523	0.00625	0.00394	0.00392	0.00782	0.01177	0.01654	0.77890	0.03192	0.08479	0.00871	0.00496	0.00133	0.00199	0.00768	0.00459	0.00394
10	0.00855	0.02089	0.76397	0.01246	0.01851	0.00983	0.08118	0.01333	0.00896	0.01333	0.00762	0.00908	0.00541	0.00396	0.00407	0.00134	0.00628	0.00326	0.00180	0.00617
11	0.02953	0.00434	0.00507	0.00495	0.00609	0.00392	0.00369	0.00719	0.01062	0.01441	0.45176	0.09430	0.32984	0.00957	0.00493	0.00139	0.00211	0.00825	0.00425	0.00379
12	0.00534	0.00382	0.00512	0.00607	0.00643	0.00360	0.00427	0.00623	0.00829	0.01098	0.02337	0.73093	0.04066	0.01292	0.00542	0.00173	0.00262	0.11482	0.00390	0.00348
13	0.03119	0.00598	0.04121	0.00607	0.00765	0.00543	0.00490	0.02217	0.12265	0.04149	0.55523	0.02707	0.08144	0.00778	0.00469	0.00133	0.00248	0.00673	0.01995	0.00456
14	0.88196	0.00813	0.00618	0.00553	0.00813	0.00943	0.00455	0.01236	0.00715	0.01886	0.00585	0.00683	0.00455	0.00390	0.00260	0.00130	0.00325	0.00228	0.00260	0.00455
15	0.00978	0.00898	0.01426	0.12438	0.47518	0.00877	0.02184	0.01213	0.00920	0.02786	0.00786	0.01014	0.00646	0.00372	0.00407	0.00112	0.01842	0.00345	0.00221	0.23019
16	0.01124	0.85479	0.02203	0.00719	0.01079	0.01663	0.00719	0.01259	0.00854	0.00989	0.00584	0.00674	0.00539	0.00360	0.00270	0.00090	0.00450	0.00225	0.00180	0.00539
17	0.01035	0.00997	0.01712	0.04108	0.79620	0.00999	0.02754	0.01287	0.00956	0.01367	0.00791	0.01044	0.00663	0.00375	0.00418	0.00125	0.00504	0.00377	0.00208	0.00660
18	0.88196	0.00813	0.00618	0.00553	0.00813	0.00943	0.00455	0.01236	0.00715	0.01886	0.00585	0.00683	0.00455	0.00390	0.00260	0.00130	0.00325	0.00228	0.00260	0.00455
19	0.01040	0.00999	0.01706	0.02580	0.82604	0.00999	0.01290	0.01290	0.00957	0.01373	0.00791	0.01040	0.00666	0.00375	0.00416	0.00125	0.00499	0.00375	0.00208	0.00666
20	0.00989	0.01124	0.02426	0.01741	0.02147	0.01073	0.77402	0.01331	0.00976	0.01331	0.00837	0.01124	0.00634	0.00372	0.00537	0.00144	0.04549	0.00490	0.00211	0.00562
21	0.88196	0.00813	0.00618	0.00553	0.00813	0.00943	0.00455	0.01236	0.00715	0.01886	0.00585	0.00683	0.00455	0.00390	0.00260	0.00130	0.00325	0.00228	0.00260	0.00455
22	0.00539	0.00444	0.00476	0.00478	0.00605	0.00399	0.00355	0.00693	0.04441	0.01163	0.07111	0.08778	0.61601	0.05004	0.04514	0.00182	0.00275	0.02194	0.00381	0.00366
23	0.00578	0.00429	0.00538	0.00511	0.00617	0.00389	0.00383	0.00760	0.01149	0.01588	0.68527	0.03301	0.17883	0.00896	0.00496	0.00134	0.00201	0.00783	0.00450	0.00389
24	0.03281	0.01037	0.01285	0.04491	0.27166	0.09071	0.03594	0.15994	0.13558	0.01625	0.02720	0.01298	0.03099	0.00498	0.00453	0.00130	0.03736	0.01862	0.04499	0.00601
25	0.00964	0.12449	0.10938	0.01422	0.03352	0.01092	0.46729	0.02569	0.00966	0.01310	0.05127	0.01252	0.02475	0.00440	0.00508	0.00136	0.05741	0.01755	0.00225	0.00551
26	0.00549	0.00428	0.00498	0.00481	0.00600	0.00377	0.00361	0.00705	0.01082	0.01429	0.45940	0.03563	0.40568	0.00955	0.00496	0.00137	0.00205	0.00819	0.00429	0.00377
27	0.00534	0.00427	0.00477	0.00475	0.00585	0.00391	0.00347	0.00638	0.00882	0.01101	0.08039	0.03449	0.54359	0.12658	0.13526	0.00259	0.00379	0.00775	0.00351	0.00347
28	0.00970	0.01167	0.09714	0.02788	0.01964	0.00987	0.57944	0.02607	0.03070	0.01376	0.00850	0.01084	0.00643	0.00362	0.00457	0.00130	0.00630	0.00440	0.00223	0.12594
29	0.00843	0.02174	0.83048	0.01198	0.01819	0.00976	0.01553	0.01331	0.00888	0.01331	0.00754	0.00888	0.00533	0.00399	0.00399	0.00133	0.00621	0.00311	0.00178	0.00621
30	0.00796	0.00747	0.01259	0.79084	0.05841	0.00922	0.01153	0.01070	0.00844	0.01085	0.00787	0.03180	0.00619	0.00441	0.00423	0.00140	0.00550	0.00394	0.00193	0.00471
31	0.01570	0.02004	0.01191	0.01083	0.01300	0.83539	0.00812	0.01679	0.01191	0.01029	0.00650	0.00758	0.00541	0.00433	0.00379	0.00108	0.00758	0.00271	0.00217	0.00487
32	0.00723	0.00368	0.00542	0.00542	0.00542	0.00368	0.00358	0.00552	0.00552	0.00736	0.00768	0.01372	0.00781	0.06820	0.01675	0.82179	0.00368	0.00381	0.00187	0.00187
33	0.00582	0.00429	0.00544	0.00515	0.00620	0.00391	0.00386	0.00768	0.01159	0.01613	0.71992	0.03261	0.14403	0.00887	0.00496	0.00134	0.00200	0.00777	0.00453	0.00391
34	0.00536	0.00439	0.00467	0.00466	0.00591	0.00388	0.00344	0.00678	0.03479	0.01178	0.10820	0.06608	0.61517	0.07290	0.01919	0.00171	0.00248	0.02114	0.00385	0.00361
35	0.00600	0.00429	0.00558	0.00525	0.00624	0.00397	0.00394	0.00798	0.01182	0.01683	0.80288	0.03099	0.03892	0.00850	0.00491	0.00131	0.00198	0.00751	0.02715	0.00397
36	0.00903	0.06749	0.70107	0.01178	0.01751	0.01029	0.04523	0.03548	0.00920	0.02592	0.00765	0.00897	0.00550	0.00407	0.00418	0.00132	0.02407	0.00318	0.00191	0.00615
37	0.88196	0.00813	0.00618	0.00553	0.00813	0.00943	0.00455	0.01236	0.00715	0.01886	0.00585	0.00683	0.00455	0.00390	0.00260	0.00130	0.00325	0.00228	0.00260	0.00455
38	0.00514	0.00369	0.00488	0.00580	0.00609	0.00343	0.00389	0.00590	0.00817	0.01088	0.04094	0.81222	0.04738	0.01301	0.00535	0.00169	0.00242	0.01178	0.00392	0.00343
39	0.01570	0.02004	0.01191	0.01083	0.01300	0.83539	0.00812	0.01679	0.01191	0.01029	0.00650	0.00758	0.00541	0.00433	0.00379	0.00108	0.00758	0.00271	0.00217	0.00487
40	0.00923	0.00638	0.00696	0.00646	0.00799	0.00703	0.00489	0.01528	0.39381	0.03235	0.01433	0.01517	0.01117	0.00689	0.00583	0.14562	0.00292	0.00428	0.29847	0.00494
41	0.00925	0.00998	0.07964	0.01616	0.32587	0.01052	0.01054	0.01135	0.02084	0.01236	0.06293	0.01207	0.02669	0.00628	0.02375	0.00161	0.34841	0.00407	0.00221	0.00547
42	0.00571	0.00408	0.00562	0.00644	0.02377	0.00401	0.00442	0.00670	0.00806	0.02507	0.03816	0.58335	0.05014	0.02772	0.16202	0.00266	0.00422	0.03066	0.00357	0.00363
43	0.00868	0.04144	0.15116	0.36547	0.25097	0.00952	0.01188	0.01157	0.00895	0.01221	0.03600	0.01220	0.03886	0.00447	0.00432	0.00133	0.01953	0.00391	0.00208	0.00545
44	0.00903	0.02089	0.03064	0.12419	0.09404	0.02148	0.06201	0.05959	0.13904	0.02787	0.12321	0.03394	0.04580	0.02481	0.00483	0.00140	0.01603	0.04471	0.11135	0.00515
45	0.00643	0.01833	0.00662	0.02406	0.00765	0.02740	0.02073	0.00825	0.02035	0.01400	0.41686	0.09388	0.11162	0.03868	0.06550	0.00191	0.00340	0.10648	0.00394	0.00394
46	0.63621	0.00894	0.04134	0.00692	0.03151	0.03631	0.00568	0.03286	0.00838	0.10355	0.00809	0.02151	0.00640	0.00450	0.00311	0.00132	0.00364	0.03183	0.00292	0.00499
47	0.06668	0.06312	0.02744	0.08541	0.47828	0.00956	0.02761	0.01369	0.00964	0.14109	0.00993	0.01144	0.02932	0.00420	0.00402	0.00126	0.00466	0.00379	0.00261	0.00625

[dist]
# distance from previous block
# <min> <max>
3	7

[block]
# block no. 6 follows, 63 sequences, length 71
# corresponding to MSA columns:
# 533-603
name=unknown_G
#
# <colnr> <probs for GDERKNQSTAVLIFYWHMCP>
#	G	D	E	R	K	N	Q	S	T	A	V	L	I	F	Y	W	H	M	C	P
0	0.82685	0.00829	0.00651	0.00576	0.00839	0.00960	0.00474	0.04345	0.02784	0.01912	0.00630	0.00718	0.00486	0.00399	0.00271	0.00130	0.00331	0.00240	0.00271	0.00471
1	0.00640	0.00486	0.00568	0.00553	0.00682	0.00455	0.00428	0.04399	0.03884	0.02379	0.29193	0.06537	0.34249	0.03066	0.00543	0.00152	0.00253	0.10719	0.00414	0.00401
2	0.00672	0.00519	0.00648	0.00625	0.00733	0.00543	0.00472	0.00930	0.10696	0.01266	0.15319	0.13733	0.10892	0.05788	0.19066	0.01699	0.04267	0.02707	0.04391	0.05035
3	0.00606	0.00478	0.00617	0.02438	0.00759	0.00443	0.03526	0.00771	0.02163	0.02487	0.20054	0.08002	0.37084	0.03712	0.03498	0.00176	0.00306	0.12107	0.00386	0.00386
4	0.00925	0.00906	0.01708	0.14706	0.23408	0.00907	0.31265	0.01215	0.02710	0.02830	0.01065	0.11069	0.00955	0.00512	0.00463	0.00141	0.00544	0.02305	0.01819	0.00549
5	0.01218	0.03658	0.11114	0.02715	0.09130	0.04726	0.03378	0.36234	0.02938	0.03736	0.05708	0.01478	0.05739	0.03073	0.00479	0.00138	0.00469	0.03119	0.00340	0.00609
6	0.00843	0.02174	0.83048	0.01198	0.01819	0.00976	0.01553	0.01331	0.00888	0.01331	0.00754	0.00888	0.00533	0.00399	0.00399	0.00133	0.00621	0.00311	0.00178	0.00621
7	0.01340	0.00917	0.01568	0.03863	0.05733	0.02699	0.30519	0.04329	0.03515	0.32735	0.01287	0.03294	0.00953	0.00499	0.00460	0.00138	0.00512	0.04665	0.00357	0.00618
8	0.00872	0.00747	0.00872	0.00623	0.00996	0.00560	0.00498	0.01058	0.00872	0.01370	0.00747	0.00872	0.00623	0.00311	0.00311	0.00062	0.00311	0.00249	0.00249	0.87796
9	0.00512	0.00366	0.00488	0.00585	0.00610	0.00341	0.00390	0.00585	0.00805	0.01073	0.02317	0.84952	0.02780	0.01317	0.00537	0.00171	0.00244	0.01195	0.00390	0.00341
10	0.00581	0.06606	0.00665	0.00653	0.02330	0.00484	0.00451	0.00663	0.00806	0.01071	0.02099	0.74220	0.02498	0.01208	0.00543	0.00164	0.03146	0.01079	0.00364	0.00367
11	0.00591	0.00430	0.00557	0.00525	0.00626	0.00395	0.00394	0.00786	0.01181	0.01664	0.79343	0.03175	0.07019	0.00867	0.00496	0.00133	0.00199	0.00765	0.00460	0.00395
12	0.01047	0.00930	0.01020	0.00928	0.02912	0.02870	0.03219	0.02132	0.73408	0.01700	0.01629	0.02577	0.01240	0.00568	0.00445	0.00142	0.01696	0.00477	0.00407	0.00651
13	0.01167	0.02035	0.06201	0.10196	0.09088	0.11365	0.00876	0.17314	0.31130	0.01673	0.01179	0.03050	0.00913	0.00511	0.00428	0.00133	0.01378	0.00412	0.00331	0.00618
14	0.07922	0.32305	0.17983	0.01176	0.01603	0.01257	0.29612	0.01303	0.00899	0.01255	0.00713	0.00881	0.00567	0.00368	0.00375	0.00120	0.00566	0.00339	0.00197	0.00559
15	0.00574	0.00428	0.00533	0.00509	0.00615	0.00387	0.00381	0.00751	0.01137	0.01564	0.65195	0.04540	0.20018	0.00908	0.00497	0.00135	0.00202	0.00793	0.00447	0.00387
16	0.01179	0.00934	0.01535	0.16696	0.23449	0.00965	0.15917	0.12311	0.01118	0.14721	0.02558	0.01219	0.02153	0.00452	0.00463	0.00134	0.02876	0.00421	0.00292	0.00610
17	0.00537	0.00400	0.00537	0.00617	0.00640	0.00400	0.00423	0.00612	0.00795	0.01069	0.02208	0.79784	0.02643	0.01281	0.00588	0.00172	0.05423	0.01144	0.00378	0.00349
18	0.00581	0.00429	0.00542	0.00514	0.00619	0.00391	0.00385	0.00765	0.01156	0.01605	0.70932	0.03273	0.15467	0.00889	0.00496	0.00134	0.00200	0.00779	0.00452	0.00391
19	0.01124	0.85479	0.02203	0.00719	0.01079	0.01663	0.00719	0.01259	0.00854	0.00989	0.00584	0.00674	0.00539	0.00360	0.00270	0.00090	0.00450	0.00225	0.00180	0.00539
20	0.00872	0.00747	0.00872	0.00623	0.00996	0.00560	0.00498	0.01058	0.00872	0.01370	0.00747	0.00872	0.00623	0.00311	0.00311	0.00062	0.00311	0.00249	0.00249	0.87796
21	0.01372	0.01169	0.09477	0.00936	0.01249	0.05534	0.02121	0.45878	0.04268	0.09280	0.05552	0.04480	0.01012	0.02461	0.01561	0.00144	0.02056	0.00434	0.00381	0.00638
22	0.01127	0.75770	0.03156	0.00743	0.01096	0.01598	0.00728	0.03508	0.06928	0.01096	0.00682	0.00753	0.00600	0.00380	0.00287	0.00095	0.00443	0.00249	0.00205	0.00555
23	0.00535	0.00385	0.00521	0.02254	0.00678	0.00368	0.00432	0.00623	0.00819	0.01088	0.02265	0.74516	0.02686	0.02351	0.00559	0.00175	0.00266	0.08749	0.00384	0.00347
24	0.01034	0.03011	0.02000	0.02017	0.37017	0.02593	0.37089	0.01341	0.02858	0.02669	0.00863	0.02317	0.00697	0.00394	0.00469	0.00134	0.02227	0.00439	0.00222	0.00607
25	0.29193	0.00818	0.00876	0.00717	0.02583	0.02100	0.00570	0.09261	0.01049	0.27681	0.02800	0.01054	0.00784	0.00437	0.00348	0.00115	0.00354	0.00324	0.00359	0.18575
26	0.01030	0.00818	0.00864	0.00776	0.00994	0.00929	0.00604	0.04754	0.63028	0.03222	0.02842	0.01570	0.01265	0.00558	0.00406	0.00134	0.00313	0.00461	0.14813	0.00619
27	0.03361	0.20850	0.15849	0.01206	0.17505	0.02579	0.02372	0.08510	0.02834	0.06892	0.00881	0.00979	0.02027	0.00406	0.00364	0.00111	0.00467	0.00323	0.00251	0.12231
28	0.00558	0.00436	0.00482	0.00475	0.00584	0.00394	0.00345	0.00690	0.02953	0.01204	0.19308	0.03530	0.47621	0.14141	0.01695	0.02048	0.00260	0.02543	0.00378	0.00353
29	0.00845	0.03381	0.77010	0.01198	0.01794	0.00976	0.04391	0.01314	0.00889	0.01321	0.00791	0.02803	0.00588	0.00418	0.00404	0.00134	0.00613	0.00336	0.00184	0.00612
30	0.00730	0.00365	0.00548	0.00548	0.00548	0.00365	0.00365	0.00548	0.00548	0.00730	0.00730	0.01278	0.00730	0.01460	0.01643	0.87769	0.00365	0.00365	0.00183	0.00183
31	0.00801	0.00755	0.01274	0.81777	0.05277	0.00936	0.01171	0.01081	0.00844	0.01083	0.00748	0.01118	0.00564	0.00419	0.00420	0.00140	0.00559	0.00374	0.00187	0.00473
32	0.00615	0.00454	0.00641	0.00636	0.00689	0.00519	0.00471	0.00723	0.00657	0.00935	0.01149	0.01884	0.01144	0.22548	0.60373	0.01937	0.03564	0.00485	0.00230	0.00346
33	0.01066	0.05390	0.01055	0.00926	0.04436	0.03670	0.00698	0.02126	0.71737	0.01679	0.01581	0.01474	0.01196	0.00547	0.00417	0.00138	0.00359	0.00452	0.00399	0.00653
34	0.00873	0.03729	0.75870	0.01181	0.01777	0.03448	0.02748	0.01334	0.00897	0.01317	0.00749	0.00883	0.00537	0.00397	0.00396	0.00130	0.00616	0.00309	0.00181	0.02627
35	0.01102	0.27106	0.39147	0.01006	0.03282	0.02479	0.01108	0.05187	0.02204	0.10804	0.00862	0.00977	0.00653	0.00423	0.00368	0.00120	0.00522	0.01805	0.00239	0.00607
36	0.88196	0.00813	0.00618	0.00553	0.00813	0.00943	0.00455	0.01236	0.00715	0.01886	0.00585	0.00683	0.00455	0.00390	0.00260	0.00130	0.00325	0.00228	0.00260	0.00455
37	0.00905	0.16157	0.47616	0.06189	0.02796	0.01096	0.11717	0.01279	0.00895	0.01260	0.03170	0.00967	0.00654	0.00412	0.00425	0.00129	0.03222	0.00340	0.00192	0.00580
38	0.00947	0.00933	0.03372	0.13598	0.49155	0.00963	0.03661	0.01183	0.00892	0.01269	0.00831	0.02690	0.00725	0.00555	0.03679	0.00155	0.09115	0.02075	0.00211	0.03993
39	0.00590	0.00430	0.00555	0.00524	0.00625	0.00395	0.00393	0.00784	0.01178	0.01658	0.78382	0.03186	0.07984	0.00870	0.00496	0.00133	0.00199	0.00767	0.00459	0.00395
40	0.00794	0.00747	0.01261	0.84216	0.02895	0.00934	0.01167	0.01074	0.00841	0.01074	0.00747	0.01121	0.00560	0.00420	0.00420	0.00140	0.00560	0.00374	0.00187	0.00467
41	0.00591	0.00430	0.00557	0.00525	0.00626	0.00395	0.00394	0.00786	0.01181	0.01665	0.79461	0.03174	0.06900	0.00867	0.00496	0.00133	0.00199	0.00765	0.00460	0.00395
42	0.01598	0.01177	0.01262	0.00967	0.01304	0.01304	0.00799	0.81202	0.01976	0.02649	0.01009	0.01009	0.00715	0.00505	0.00421	0.00126	0.00463	0.00378	0.00421	0.00715
43	0.00865	0.00671	0.02648	0.00802	0.05598	0.00660	0.00590	0.05255	0.20584	0.05958	0.15274	0.19850	0.03266	0.00798	0.00462	0.00143	0.00309	0.07085	0.05286	0.03897
44	0.00868	0.02032	0.01255	0.75723	0.02713	0.02017	0.01117	0.03099	0.00891	0.04191	0.01728	0.01142	0.00621	0.00430	0.00418	0.00138	0.00547	0.00376	0.00209	0.00483
45	0.01207	0.00983	0.01041	0.00888	0.01154	0.01121	0.00704	0.25253	0.58563	0.02018	0.01506	0.01405	0.01118	0.00551	0.00426	0.00138	0.00371	0.00447	0.00426	0.00680
46	0.80379	0.00846	0.00676	0.00590	0.00857	0.00976	0.00486	0.08454	0.00829	0.01955	0.00624	0.00712	0.00479	0.00401	0.00275	0.00130	0.00338	0.00241	0.00275	0.00479
47	0.00805	0.00758	0.01280	0.80668	0.06359	0.00937	0.01173	0.01083	0.00846	0.01087	0.00749	0.01117	0.00565	0.00418	0.00420	0.00139	0.00558	0.00374	0.00188	0.00476
48	0.00516	0.00514	0.04641	0.00469	0.00633	0.00387	0.00385	0.00643	0.00956	0.01154	0.05335	0.04956	0.75902	0.01031	0.00492	0.00142	0.00234	0.00860	0.00381	0.00369
49	0.00499	0.00424	0.00430	0.00433	0.00570	0.00355	0.00323	0.00606	0.00957	0.01142	0.05408	0.06724	0.78563	0.01070	0.00498	0.00143	0.00214	0.00895	0.00391	0.00355
50	0.00872	0.00747	0.00872	0.00623	0.00996	0.00560	0.00498	0.01058	0.00872	0.01370	0.00747	0.00872	0.00623	0.00311	0.00311	0.00062	0.00311	0.00249	0.00249	0.87796
51	0.00528	0.00430	0.00468	0.00475	0.00602	0.00372	0.00362	0.00651	0.00978	0.01207	0.13475	0.06014	0.62216	0.02423	0.00532	0.00151	0.00231	0.08127	0.00397	0.00361
52	0.00872	0.00747	0.00872	0.00623	0.00996	0.00560	0.00498	0.01058	0.00872	0.01370	0.00747	0.00872	0.00623	0.00311	0.00311	0.00062	0.00311	0.00249	0.00249	0.87796
53	0.01036	0.00949	0.12646	0.02873	0.23067	0.00762	0.00892	0.04241	0.02335	0.15150	0.15515	0.04798	0.03847	0.00570	0.00454	0.00129	0.02342	0.01704	0.00329	0.06360
54	0.04497	0.00958	0.02936	0.00986	0.05095	0.00989	0.05747	0.34790	0.12116	0.11763	0.04379	0.09094	0.01174	0.00601	0.00438	0.00136	0.00416	0.02859	0.00397	0.00629
55	0.01592	0.01196	0.02996	0.00933	0.01210	0.21912	0.01970	0.19840	0.01316	0.32036	0.01175	0.01192	0.01763	0.00523	0.00490	0.00129	0.07062	0.01664	0.00378	0.00623
56	0.00963	0.03735	0.47485	0.01263	0.08981	0.09793	0.06179	0.02235	0.02378	0.03076	0.00881	0.03901	0.00709	0.00592	0.04817	0.00160	0.00624	0.01431	0.00214	0.00584
57	0.00918	0.02858	0.64636	0.01222	0.01780	0.00981	0.10835	0.02806	0.01840	0.04582	0.02195	0.00984	0.00635	0.00414	0.00424	0.00134	0.01587	0.00347	0.00207	0.00614
58	0.01046	0.00903	0.00951	0.00855	0.01093	0.01046	0.00665	0.02234	0.81845	0.01759	0.01711	0.01568	0.01283	0.00570	0.00428	0.00143	0.00333	0.00475	0.00428	0.00665
59	0.00689	0.00596	0.00806	0.02413	0.04995	0.00649	0.02168	0.02576	0.00910	0.01227	0.13807	0.03851	0.27821	0.01194	0.12540	0.00225	0.16151	0.05060	0.00320	0.02001
60	0.01132	0.83995	0.02185	0.00726	0.01083	0.03119	0.00721	0.01266	0.00860	0.00990	0.00586	0.00676	0.00540	0.00361	0.00272	0.00090	0.00455	0.00226	0.00180	0.00539
61	0.00601	0.00448	0.00664	0.00664	0.00735	0.00519	0.00511	0.00743	0.00672	0.00967	0.01137	0.01711	0.01077	0.07594	0.79154	0.00661	0.01087	0.00459	0.00227	0.00369
62	0.01035	0.00993	0.01697	0.04313	0.80912	0.00997	0.01288	0.01286	0.00955	0.01367	0.00790	0.01042	0.00664	0.00376	0.00416	0.00125	0.00501	0.00375	0.00208	0.00662
63	0.01228	0.00956	0.01040	0.02800	0.01170	0.02292	0.00708	0.26735	0.40687	0.06631	0.01480	0.05677	0.02420	0.00594	0.00466	0.00139	0.03444	0.00476	0.00411	0.00647
64	0.00956	0.00856	0.01291	0.05690	0.36228	0.00780	0.03215	0.01179	0.00923	0.02932	0.01912	0.01087	0.00729	0.00374	0.00378	0.00100	0.00417	0.01995	0.00238	0.38719
65	0.11087	0.05661	0.10498	0.06618	0.09839	0.09510	0.06739	0.12559	0.02983	0.16017	0.01012	0.01083	0.02349	0.00454	0.00410	0.00128	0.01790	0.00363	0.00302	0.00598
66	0.00937	0.00691	0.03371	0.00749	0.00926	0.00676	0.02206	0.05281	0.25236	0.12567	0.03139	0.35780	0.03657	0.00881	0.00477	0.00152	0.00319	0.02021	0.00411	0.00523
67	0.00601	0.00450	0.00676	0.00676	0.00751	0.00525	0.00525	0.00751	0.00676	0.00976	0.01126	0.01651	0.01051	0.03153	0.83560	0.00676	0.01126	0.00450	0.00225	0.00375
68	0.00800	0.00711	0.01109	0.05502	0.32162	0.00702	0.03824	0.00997	0.00979	0.02523	0.16363	0.06695	0.18892	0.00691	0.00490	0.00136	0.03014	0.02268	0.00310	0.01833
69	0.00903	0.06708	0.68312	0.01123	0.01675	0.04394	0.01389	0.01342	0.02134	0.03186	0.02021	0.03438	0.00674	0.00438	0.00398	0.00131	0.00589	0.00342	0.00201	0.00602
70	0.08045	0.01192	0.04101	0.19471	0.06813	0.14508	0.23559	0.13088	0.02575	0.01478	0.00806	0.01010	0.00612	0.00413	0.00422	0.00131	0.00596	0.00380	0.00245	0.00555

[dist]
# distance from previous block
# <min> <max>
0	1

[block]
# block no. 7 follows, 63 sequences, length 43
# corresponding to MSA columns:
# 605-647
name=unknown_H
#
# <colnr> <probs for GDERKNQSTAVLIFYWHMCP>
#	G	D	E	R	K	N	Q	S	T	A	V	L	I	F	Y	W	H	M	C	P
0	0.03509	0.11608	0.22593	0.00897	0.03138	0.00876	0.03443	0.03695	0.00957	0.13354	0.01816	0.02232	0.00719	0.00408	0.00373	0.00106	0.01354	0.00323	0.00269	0.28330
1	0.01034	0.00993	0.01695	0.04623	0.80610	0.00997	0.01287	0.01285	0.00954	0.01366	0.00790	0.01042	0.00663	0.00376	0.00416	0.00125	0.00501	0.00375	0.00208	0.00661
2	0.01124	0.85479	0.02203	0.00719	0.01079	0.01663	0.00719	0.01259	0.00854	0.00989	0.00584	0.00674	0.00539	0.00360	0.00270	0.00090	0.00450	0.00225	0.00180	0.00539
3	0.01046	0.00903	0.00951	0.00855	0.01093	0.01046	0.00665	0.02234	0.81845	0.01759	0.01711	0.01568	0.01283	0.00570	0.00428	0.00143	0.00333	0.00475	0.00428	0.00665
4	0.00949	0.00788	0.01834	0.02695	0.07444	0.02302	0.00652	0.02594	0.26925	0.06475	0.11116	0.07276	0.05990	0.00619	0.00476	0.00128	0.04907	0.00515	0.00359	0.15957
5	0.05554	0.02513	0.10520	0.02498	0.15976	0.00865	0.02572	0.11943	0.02602	0.34698	0.03631	0.01227	0.00904	0.00471	0.00410	0.00128	0.00432	0.00391	0.00373	0.02293
6	0.01346	0.35529	0.06155	0.00947	0.07917	0.04934	0.00789	0.09854	0.02140	0.21733	0.02455	0.01006	0.00768	0.00433	0.00355	0.00111	0.00447	0.00323	0.00304	0.02456
7	0.01008	0.31653	0.18691	0.00801	0.01140	0.02429	0.02056	0.02353	0.02442	0.09240	0.20560	0.01473	0.02523	0.00551	0.01282	0.00123	0.00428	0.00414	0.00293	0.00539
8	0.00817	0.00477	0.00616	0.00566	0.00705	0.00429	0.00432	0.00985	0.01123	0.16736	0.48378	0.10698	0.13435	0.00870	0.00487	0.00138	0.00237	0.01968	0.00456	0.00445
9	0.05192	0.01112	0.13330	0.01230	0.14555	0.00989	0.07053	0.17054	0.17461	0.04096	0.03346	0.04105	0.04507	0.00540	0.00448	0.00136	0.02222	0.01688	0.00324	0.00613
10	0.00988	0.03534	0.37415	0.03378	0.32247	0.01844	0.05491	0.03092	0.03335	0.03535	0.00825	0.00993	0.00629	0.00398	0.00410	0.00129	0.00557	0.00352	0.00213	0.00635
11	0.00545	0.00441	0.00504	0.00524	0.02642	0.00387	0.00378	0.00679	0.01007	0.01278	0.23795	0.06020	0.53700	0.02520	0.00528	0.00147	0.00227	0.03903	0.00402	0.00372
12	0.01070	0.00915	0.00964	0.00860	0.01102	0.01057	0.00671	0.05705	0.78334	0.01798	0.01680	0.01544	0.01258	0.00567	0.00427	0.00142	0.00338	0.00471	0.00427	0.00668
13	0.00610	0.00411	0.00475	0.00475	0.00481	0.00417	0.00276	0.00622	0.00616	0.00828	0.01309	0.02666	0.01491	0.78852	0.08463	0.00428	0.00463	0.00599	0.00252	0.00264
14	0.01007	0.02874	0.29773	0.01501	0.19005	0.00966	0.17066	0.07921	0.01028	0.05259	0.02802	0.03920	0.00827	0.02244	0.00469	0.00140	0.00553	0.01794	0.00246	0.00605
15	0.00974	0.00744	0.00882	0.00635	0.01004	0.00566	0.00510	0.01158	0.00905	0.09569	0.00839	0.00928	0.00665	0.00332	0.00323	0.00069	0.00316	0.00267	0.00276	0.79038
16	0.01195	0.01031	0.06446	0.06386	0.31931	0.05352	0.02593	0.08255	0.09036	0.14933	0.03719	0.03776	0.00942	0.00479	0.00422	0.00129	0.00465	0.00421	0.00311	0.02177
17	0.00512	0.00366	0.00488	0.00585	0.00610	0.00341	0.00390	0.00585	0.00805	0.01073	0.02317	0.84952	0.02780	0.01317	0.00537	0.00171	0.00244	0.01195	0.00390	0.00341
18	0.01071	0.01014	0.06762	0.07985	0.41795	0.00945	0.12101	0.07406	0.01034	0.06240	0.00916	0.01119	0.00710	0.00406	0.00416	0.00127	0.00501	0.00392	0.08445	0.00616
19	0.01046	0.00903	0.00951	0.00855	0.01093	0.01046	0.00665	0.02234	0.81845	0.01759	0.01711	0.01568	0.01283	0.00570	0.00428	0.00143	0.00333	0.00475	0.00428	0.00665
20	0.00611	0.00408	0.00458	0.00458	0.00458	0.00408	0.00255	0.00611	0.00611	0.00815	0.01325	0.02751	0.01528	0.85226	0.02140	0.00408	0.00408	0.00611	0.00255	0.00255
21	0.00857	0.05381	0.78190	0.01192	0.01799	0.01005	0.03224	0.01329	0.00888	0.01318	0.00750	0.00885	0.00535	0.00397	0.00396	0.00132	0.00616	0.00311	0.00178	0.00617
22	0.00677	0.00484	0.00677	0.00774	0.00871	0.00484	0.00677	0.00871	0.00968	0.01258	0.02226	0.04742	0.02419	0.01161	0.00581	0.00194	0.00387	0.79775	0.00387	0.00387
23	0.01153	0.67554	0.09749	0.00798	0.01176	0.04461	0.00808	0.07997	0.00964	0.01162	0.00639	0.00726	0.00554	0.00378	0.00299	0.00098	0.00478	0.00247	0.00201	0.00560
24	0.00506	0.00418	0.00444	0.00455	0.00578	0.00356	0.00335	0.00615	0.00954	0.01167	0.09711	0.15001	0.65840	0.01084	0.00502	0.00145	0.00216	0.00920	0.00396	0.00356
25	0.00726	0.00510	0.00726	0.00843	0.04044	0.00508	0.00699	0.00921	0.00974	0.03579	0.02154	0.04504	0.02312	0.01113	0.00570	0.00189	0.00391	0.74446	0.00384	0.00407
26	0.00965	0.27360	0.42658	0.03568	0.09227	0.02458	0.05716	0.01304	0.00893	0.01220	0.00710	0.00855	0.00554	0.00384	0.00367	0.00119	0.00563	0.00302	0.00184	0.00591
27	0.01198	0.02568	0.19788	0.04631	0.25213	0.04166	0.04251	0.23401	0.01238	0.06004	0.00896	0.01022	0.00668	0.00430	0.00411	0.00127	0.00521	0.00363	0.02461	0.00645
28	0.00672	0.00499	0.00717	0.00782	0.00878	0.00507	0.02568	0.00854	0.00938	0.01228	0.02162	0.11629	0.03667	0.01188	0.02498	0.00200	0.02782	0.65469	0.00374	0.00389
29	0.70838	0.06474	0.02538	0.00635	0.00907	0.08581	0.00536	0.03015	0.00799	0.01754	0.00604	0.00701	0.00476	0.00395	0.00278	0.00125	0.00382	0.00236	0.00253	0.00473
30	0.00497	0.00424	0.00428	0.00431	0.00569	0.00354	0.00322	0.00603	0.00953	0.01133	0.04190	0.06904	0.79619	0.01074	0.00498	0.00143	0.00214	0.00898	0.00390	0.00354
31	0.00962	0.01123	0.13800	0.03045	0.50498	0.00946	0.07609	0.01307	0.05723	0.01413	0.08558	0.01256	0.00991	0.00435	0.00428	0.00129	0.00497	0.00417	0.00241	0.00623
32	0.00866	0.08994	0.76430	0.01159	0.01759	0.01033	0.01485	0.01325	0.00885	0.01303	0.00740	0.00870	0.00533	0.00396	0.00389	0.00130	0.00607	0.00304	0.00178	0.00615
33	0.01105	0.53085	0.16258	0.00872	0.01235	0.10036	0.00887	0.01340	0.04271	0.01087	0.00666	0.00774	0.00570	0.00407	0.00382	0.00108	0.05909	0.00264	0.00194	0.00549
34	0.00794	0.00747	0.01261	0.84216	0.02895	0.00934	0.01167	0.01074	0.00841	0.01074	0.00747	0.01121	0.00560	0.00420	0.00420	0.00140	0.00560	0.00374	0.00187	0.00467
35	0.00658	0.02038	0.02074	0.00567	0.00713	0.00521	0.00445	0.00958	0.11729	0.02504	0.40630	0.03084	0.29181	0.00865	0.00497	0.00137	0.01812	0.00735	0.00420	0.00430
36	0.00909	0.00765	0.00984	0.07132	0.01204	0.00616	0.04507	0.01111	0.00888	0.04369	0.00786	0.00925	0.00634	0.00330	0.00333	0.00075	0.00352	0.00277	0.00253	0.73551
37	0.01213	0.00825	0.01247	0.05578	0.34629	0.00800	0.00899	0.01463	0.04831	0.24940	0.03121	0.04545	0.02397	0.00491	0.00439	0.00125	0.02416	0.00431	0.00328	0.09283
38	0.01023	0.00969	0.01594	0.03677	0.64621	0.00953	0.03983	0.02673	0.03259	0.01400	0.00817	0.01039	0.00676	0.00375	0.00407	0.00119	0.00479	0.00366	0.00223	0.11347
39	0.01120	0.00891	0.00969	0.00834	0.01067	0.01003	0.00657	0.25922	0.41320	0.01899	0.04513	0.03633	0.02832	0.03567	0.07643	0.00192	0.00433	0.00485	0.00402	0.00618
40	0.00602	0.00446	0.00651	0.00651	0.00718	0.00512	0.00495	0.00735	0.00668	0.00958	0.01148	0.01776	0.01105	0.12448	0.74339	0.00645	0.01045	0.00469	0.00229	0.00362
