[name]
unknown

[dist]
# distance from previous block
# <min> <max>
0	41

[block]
# block no. 0 follows, 52 sequences, length 9
# corresponding to MSA columns:
# 43-51
name=unknown_A
#
# <colnr> <probs for GDERKNQSTAVLIFYWHMCP>
#	G	D	E	R	K	N	Q	S	T	A	V	L	I	F	Y	W	H	M	C	P
0	0.07651	0.01062	0.01178	0.07370	0.10527	0.11230	0.03179	0.12441	0.04946	0.01760	0.08904	0.06337	0.08749	0.00739	0.00501	0.00154	0.00495	0.07540	0.00370	0.04866
1	0.04851	0.01092	0.05738	0.07831	0.05226	0.06927	0.11939	0.03790	0.12859	0.13894	0.03479	0.05973	0.08257	0.02658	0.00552	0.00165	0.00520	0.01975	0.01639	0.00634
2	0.03466	0.08855	0.03994	0.05793	0.09749	0.04768	0.00838	0.15295	0.03442	0.03039	0.04963	0.06366	0.05700	0.02626	0.01835	0.00150	0.00485	0.00498	0.00343	0.17793
3	0.03805	0.04179	0.18707	0.01094	0.03461	0.07903	0.03673	0.13017	0.07699	0.05346	0.04187	0.04145	0.03269	0.07542	0.02526	0.00188	0.02835	0.00491	0.00338	0.05595
4	0.00732	0.00601	0.00688	0.08288	0.00996	0.00576	0.00524	0.07878	0.01210	0.01509	0.10117	0.08994	0.53933	0.01097	0.00559	0.00163	0.00311	0.00924	0.00438	0.00462
5	0.01199	0.01136	0.01271	0.04327	0.06599	0.15664	0.07537	0.04323	0.01165	0.05284	0.04824	0.10944	0.01207	0.00587	0.00457	0.00123	0.00514	0.00505	0.00324	0.32009
6	0.64388	0.00925	0.00799	0.00700	0.00969	0.01062	0.00568	0.08643	0.01006	0.02156	0.07991	0.01176	0.00972	0.03415	0.00465	0.00163	0.03371	0.00357	0.00335	0.00539
7	0.01188	0.00955	0.01117	0.01126	0.08409	0.01058	0.00810	0.02201	0.54558	0.06651	0.07207	0.02213	0.01732	0.00721	0.00514	0.00166	0.00398	0.07783	0.00475	0.00719
8	0.01015	0.00933	0.01448	0.18499	0.35723	0.00933	0.01110	0.01298	0.02902	0.01493	0.03264	0.05338	0.07025	0.00560	0.00474	0.00139	0.00497	0.00508	0.00283	0.16556

[dist]
# distance from previous block
# <min> <max>
0	2

[block]
# block no. 1 follows, 52 sequences, length 6
# corresponding to MSA columns:
# 54-59
name=unknown_B
#
# <colnr> <probs for GDERKNQSTAVLIFYWHMCP>
#	G	D	E	R	K	N	Q	S	T	A	V	L	I	F	Y	W	H	M	C	P
0	0.00906	0.00683	0.00784	0.00727	0.00897	0.00679	0.00533	0.07005	0.15275	0.03663	0.10301	0.23505	0.09968	0.13000	0.00816	0.00205	0.00349	0.00832	0.00433	0.09439
1	0.10703	0.01102	0.01699	0.08411	0.20181	0.01190	0.15570	0.10967	0.01152	0.01723	0.01018	0.01264	0.03464	0.00541	0.00648	0.00157	0.13385	0.00450	0.00282	0.06093
2	0.11039	0.01676	0.01356	0.01429	0.15154	0.39713	0.00955	0.05434	0.15626	0.01607	0.01014	0.01107	0.00805	0.00515	0.00442	0.00139	0.00660	0.00377	0.00309	0.00644
3	0.23815	0.01231	0.01080	0.00907	0.01213	0.16814	0.00722	0.15495	0.06320	0.20218	0.01207	0.01251	0.00881	0.03224	0.00488	0.00154	0.00509	0.00395	0.03418	0.00660
4	0.01016	0.01261	0.10735	0.01493	0.01864	0.06952	0.40817	0.01334	0.01116	0.01474	0.06122	0.17770	0.04356	0.00708	0.00559	0.00165	0.00647	0.00724	0.00307	0.00581
5	0.00923	0.00762	0.04975	0.00796	0.01016	0.00653	0.02692	0.04144	0.09818	0.07549	0.07419	0.30247	0.12598	0.01009	0.00539	0.00162	0.00355	0.02696	0.00434	0.11212

[dist]
# distance from previous block
# <min> <max>
0	1

[block]
# block no. 2 follows, 52 sequences, length 13
# corresponding to MSA columns:
# 61-73
name=unknown_C
#
# <colnr> <probs for GDERKNQSTAVLIFYWHMCP>
#	G	D	E	R	K	N	Q	S	T	A	V	L	I	F	Y	W	H	M	C	P
0	0.00816	0.00662	0.00744	0.00698	0.00873	0.00676	0.00531	0.01368	0.25519	0.01782	0.33604	0.05881	0.23025	0.00965	0.00549	0.00160	0.00283	0.00828	0.00497	0.00539
1	0.04298	0.01311	0.01399	0.01079	0.01461	0.01443	0.00889	0.69726	0.05352	0.02925	0.01170	0.01172	0.00838	0.00572	0.00474	0.00143	0.00515	0.00430	0.00471	0.04332
2	0.01576	0.01196	0.01278	0.01034	0.01365	0.01334	0.00836	0.50499	0.24381	0.02643	0.01465	0.04062	0.01110	0.00634	0.00485	0.00151	0.00468	0.00500	0.04205	0.00777
3	0.86392	0.00937	0.00712	0.00637	0.00937	0.01087	0.00525	0.01425	0.00825	0.02174	0.00675	0.00787	0.00525	0.00450	0.00300	0.00150	0.00375	0.00262	0.00300	0.00525
4	0.01034	0.01028	0.00810	0.00748	0.00948	0.21279	0.00567	0.06694	0.01270	0.03240	0.06431	0.04989	0.44945	0.00958	0.00524	0.00151	0.00432	0.00772	0.02690	0.00491
5	0.01025	0.09014	0.01136	0.00750	0.01128	0.00800	0.00614	0.04369	0.01053	0.01555	0.01153	0.05503	0.04159	0.00504	0.00416	0.00095	0.02137	0.02239	0.00305	0.62044
6	0.01751	0.01249	0.01369	0.01070	0.01425	0.01372	0.00880	0.67361	0.02097	0.06237	0.01235	0.01356	0.00916	0.00750	0.03410	0.02897	0.00549	0.02826	0.00472	0.00779
7	0.00606	0.00428	0.00558	0.00654	0.00678	0.00404	0.00428	0.00679	0.00897	0.01195	0.02511	0.71508	0.03003	0.12940	0.00878	0.00235	0.00308	0.01283	0.00428	0.00380
8	0.01333	0.77400	0.02455	0.00860	0.01262	0.07645	0.00837	0.01486	0.01013	0.01143	0.00679	0.00784	0.00622	0.00421	0.00320	0.00105	0.00544	0.00263	0.00210	0.00618
9	0.01161	0.02653	0.03341	0.01055	0.03625	0.03790	0.02136	0.08195	0.03032	0.08346	0.09237	0.01696	0.01308	0.10914	0.04930	0.00233	0.27340	0.00505	0.00330	0.06172
10	0.00680	0.00521	0.00611	0.00599	0.00725	0.00482	0.00442	0.02484	0.03624	0.01603	0.35169	0.12494	0.29955	0.06095	0.00690	0.00182	0.00270	0.02457	0.00477	0.00441
11	0.00613	0.00481	0.00542	0.00571	0.00678	0.00432	0.00403	0.00750	0.02902	0.01316	0.09130	0.28399	0.42049	0.08571	0.00754	0.00200	0.00279	0.01082	0.00443	0.00406
12	0.86392	0.00937	0.00712	0.00637	0.00937	0.01087	0.00525	0.01425	0.00825	0.02174	0.00675	0.00787	0.00525	0.00450	0.00300	0.00150	0.00375	0.00262	0.00300	0.00525

[dist]
# distance from previous block
# <min> <max>
0	11

[block]
# block no. 3 follows, 52 sequences, length 13
# corresponding to MSA columns:
# 85-97
name=unknown_D
#
# <colnr> <probs for GDERKNQSTAVLIFYWHMCP>
#	G	D	E	R	K	N	Q	S	T	A	V	L	I	F	Y	W	H	M	C	P
0	0.77237	0.05872	0.00857	0.00672	0.00983	0.01157	0.00562	0.05133	0.00904	0.02155	0.00698	0.00805	0.00545	0.00454	0.00309	0.00147	0.00391	0.00271	0.00303	0.00545
1	0.86392	0.00937	0.00712	0.00637	0.00937	0.01087	0.00525	0.01425	0.00825	0.02174	0.00675	0.00787	0.00525	0.00450	0.00300	0.00150	0.00375	0.00262	0.00300	0.00525
2	0.00615	0.00450	0.00578	0.00650	0.00704	0.00427	0.00448	0.00716	0.00947	0.01254	0.06756	0.53522	0.12752	0.08237	0.07663	0.00263	0.00380	0.02819	0.00425	0.00395
3	0.01047	0.01014	0.07990	0.00795	0.01240	0.00720	0.00695	0.01354	0.05230	0.03911	0.00953	0.01069	0.00764	0.00391	0.00379	0.00086	0.00393	0.00313	0.00300	0.71354
4	0.00823	0.00585	0.00677	0.00638	0.00804	0.00546	0.00485	0.05193	0.05301	0.07044	0.25598	0.12245	0.34641	0.01085	0.00564	0.00163	0.00283	0.02347	0.00488	0.00492
5	0.73393	0.01054	0.00822	0.00718	0.01024	0.05488	0.00587	0.09081	0.00999	0.02208	0.00727	0.00829	0.00560	0.00466	0.00326	0.00148	0.00418	0.00282	0.00315	0.00557
6	0.06128	0.01255	0.01334	0.01056	0.01417	0.01395	0.00863	0.56910	0.17094	0.05552	0.01322	0.01286	0.00949	0.00590	0.00477	0.00150	0.00492	0.00451	0.00481	0.00797
7	0.00598	0.00471	0.00540	0.00568	0.00682	0.00413	0.00409	0.00728	0.01098	0.01400	0.17495	0.28160	0.43171	0.01274	0.00586	0.00172	0.00253	0.01105	0.00465	0.00413
8	0.00818	0.00587	0.00633	0.00619	0.00712	0.03467	0.00430	0.04687	0.01056	0.02964	0.15250	0.15378	0.11324	0.27575	0.01157	0.00259	0.00362	0.02009	0.10300	0.00417
9	0.03634	0.00483	0.00612	0.00666	0.00750	0.00450	0.00466	0.00869	0.01004	0.07999	0.07181	0.60611	0.08774	0.01329	0.00584	0.00184	0.00288	0.01187	0.02487	0.00441
10	0.00607	0.00488	0.00528	0.00523	0.00669	0.00420	0.00390	0.00755	0.01156	0.01462	0.21503	0.07130	0.58106	0.01167	0.00568	0.00161	0.00242	0.00988	0.02715	0.00420
11	0.11431	0.02299	0.63976	0.01279	0.01905	0.07977	0.01563	0.01556	0.01029	0.01583	0.00836	0.00982	0.00604	0.00462	0.00439	0.00151	0.00688	0.00343	0.00220	0.00680
12	0.00987	0.02404	0.73800	0.01438	0.02135	0.01134	0.08346	0.01536	0.01033	0.01536	0.00879	0.01047	0.00624	0.00456	0.00470	0.00154	0.00725	0.00376	0.00208	0.00711

[dist]
# distance from previous block
# <min> <max>
0	1

[block]
# block no. 4 follows, 52 sequences, length 49
# corresponding to MSA columns:
# 99-133,135-148
name=unknown_E
#
# <colnr> <probs for GDERKNQSTAVLIFYWHMCP>
#	G	D	E	R	K	N	Q	S	T	A	V	L	I	F	Y	W	H	M	C	P
0	0.04152	0.01037	0.07834	0.08287	0.25429	0.00947	0.05069	0.03058	0.07115	0.05915	0.12319	0.05606	0.04471	0.02491	0.01395	0.00167	0.01698	0.00572	0.00342	0.02096
1	0.00816	0.00715	0.04833	0.01820	0.00969	0.00719	0.02290	0.06430	0.00912	0.01273	0.01465	0.14293	0.01519	0.20307	0.32777	0.00481	0.06953	0.00670	0.00305	0.00451
2	0.57584	0.04266	0.00882	0.00718	0.01013	0.04590	0.00591	0.03003	0.01007	0.12525	0.06490	0.01258	0.00985	0.00539	0.00366	0.00149	0.00403	0.02704	0.00359	0.00569
3	0.01235	0.01099	0.01161	0.07007	0.03932	0.13218	0.03588	0.10613	0.20380	0.05463	0.08232	0.06769	0.05483	0.03103	0.03107	0.00186	0.00527	0.03872	0.00406	0.00621
4	0.00773	0.00636	0.00863	0.00833	0.00907	0.03148	0.00646	0.00922	0.00786	0.01117	0.01219	0.01873	0.01168	0.09754	0.62293	0.00663	0.11188	0.00517	0.00256	0.00437
5	0.06262	0.01085	0.01246	0.00967	0.01335	0.01122	0.00797	0.38684	0.04541	0.34805	0.01485	0.01382	0.00996	0.00585	0.00473	0.00147	0.00463	0.00453	0.02373	0.00799
6	0.01153	0.07911	0.01873	0.23690	0.45137	0.04701	0.04132	0.01433	0.01064	0.01427	0.00868	0.01176	0.00713	0.00455	0.00492	0.00147	0.02305	0.00417	0.00231	0.00676
7	0.00715	0.00528	0.00628	0.00611	0.00746	0.00490	0.00454	0.00949	0.05709	0.04154	0.34169	0.13366	0.29343	0.02752	0.03025	0.00187	0.00292	0.00941	0.00482	0.00459
8	0.00672	0.00478	0.00609	0.00680	0.00753	0.00450	0.00500	0.00791	0.00996	0.02423	0.05730	0.39105	0.14826	0.10987	0.00837	0.00228	0.00336	0.18756	0.00436	0.00405
9	0.01046	0.00734	0.00899	0.00844	0.01016	0.00763	0.02228	0.11901	0.15731	0.08582	0.03503	0.35489	0.03333	0.04035	0.03549	0.00210	0.00408	0.04700	0.00460	0.00568
10	0.01178	0.02786	0.01920	0.09097	0.68190	0.01164	0.02653	0.01507	0.03927	0.01563	0.00942	0.01222	0.00780	0.00443	0.00479	0.00146	0.00577	0.00435	0.00247	0.00745
11	0.00707	0.00527	0.00762	0.00764	0.00843	0.00602	0.00588	0.00871	0.00834	0.01201	0.05359	0.08272	0.01580	0.05940	0.60254	0.00634	0.03952	0.02893	0.02988	0.00430
12	0.00700	0.00469	0.00535	0.00539	0.00542	0.00470	0.00305	0.00707	0.00714	0.00954	0.01564	0.06037	0.01803	0.78440	0.03952	0.00466	0.00479	0.00726	0.00299	0.00300
13	0.00640	0.00472	0.00602	0.00677	0.00755	0.00440	0.00502	0.00771	0.01033	0.01348	0.09646	0.41934	0.17796	0.03856	0.00673	0.00201	0.00311	0.17482	0.00452	0.00410
14	0.02144	0.00873	0.01154	0.00885	0.01261	0.00784	0.00731	0.09233	0.01468	0.73297	0.01844	0.01605	0.01166	0.00598	0.00487	0.00150	0.00423	0.00483	0.00589	0.00825
15	0.01005	0.08609	0.70627	0.01372	0.02054	0.01191	0.05542	0.01529	0.01026	0.01505	0.00860	0.01019	0.00621	0.00454	0.00455	0.00150	0.00706	0.00361	0.00207	0.00706
16	0.86392	0.00937	0.00712	0.00637	0.00937	0.01087	0.00525	0.01425	0.00825	0.02174	0.00675	0.00787	0.00525	0.00450	0.00300	0.00150	0.00375	0.00262	0.00300	0.00525
17	0.03297	0.00562	0.02503	0.00588	0.00739	0.00481	0.00451	0.00900	0.01145	0.05397	0.27499	0.09683	0.33872	0.07320	0.00698	0.00183	0.00283	0.00897	0.03052	0.00447
18	0.00864	0.00634	0.02134	0.00725	0.00871	0.00615	0.00573	0.01149	0.06493	0.07930	0.50621	0.06802	0.07745	0.00967	0.00641	0.00163	0.06520	0.03549	0.00494	0.00511
19	0.01425	0.01220	0.01139	0.00976	0.01206	0.16646	0.00772	0.23055	0.11480	0.04336	0.02336	0.01464	0.02150	0.00666	0.00623	0.03243	0.09181	0.01472	0.15981	0.00628
20	0.12505	0.07026	0.08846	0.01759	0.30131	0.07376	0.02821	0.13453	0.02586	0.05077	0.00939	0.01097	0.00735	0.00487	0.00478	0.00145	0.03142	0.00390	0.00299	0.00706
21	0.01101	0.07833	0.01925	0.01435	0.01595	0.01453	0.20953	0.01289	0.00866	0.01264	0.00728	0.01101	0.00661	0.00699	0.01223	0.00191	0.54445	0.00449	0.00220	0.00569
22	0.02428	0.06217	0.05288	0.01080	0.05979	0.03521	0.01992	0.18749	0.05351	0.10116	0.03936	0.01322	0.00988	0.03471	0.00606	0.00144	0.07218	0.00418	0.00364	0.20812
23	0.00673	0.00515	0.00615	0.00648	0.00750	0.00489	0.00463	0.02709	0.06287	0.01468	0.15844	0.42252	0.22932	0.01277	0.00587	0.00178	0.00276	0.01126	0.00467	0.00443
24	0.00716	0.00470	0.00571	0.00599	0.00639	0.00455	0.00383	0.00775	0.00849	0.03932	0.03887	0.29729	0.06158	0.41433	0.05030	0.00350	0.00418	0.00928	0.02313	0.00365
25	0.00666	0.00536	0.00585	0.00602	0.00699	0.03335	0.00423	0.00789	0.01080	0.01392	0.21868	0.25453	0.27819	0.11554	0.00819	0.00207	0.00302	0.01019	0.00443	0.00407
26	0.14189	0.00854	0.01071	0.00837	0.01199	0.00789	0.00690	0.03568	0.02801	0.66269	0.01723	0.01521	0.01102	0.00579	0.00461	0.00150	0.00409	0.00455	0.00553	0.00781
27	0.01795	0.01400	0.01418	0.01107	0.01477	0.07341	0.00906	0.69083	0.04026	0.02851	0.01239	0.01238	0.02645	0.00592	0.00483	0.00145	0.00548	0.00443	0.00467	0.00794
28	0.01107	0.00961	0.01557	0.05219	0.11150	0.05880	0.23303	0.01342	0.01103	0.10190	0.01722	0.22464	0.04951	0.02456	0.00586	0.00172	0.00547	0.02504	0.02205	0.00582
29	0.01302	0.71111	0.09059	0.00903	0.01333	0.07043	0.00918	0.01490	0.01013	0.01177	0.00695	0.00805	0.00621	0.00424	0.00332	0.00109	0.00558	0.00271	0.00210	0.00626
30	0.01079	0.13714	0.19157	0.00923	0.01260	0.06908	0.00897	0.04249	0.10327	0.04064	0.13808	0.04694	0.06205	0.04758	0.00567	0.00161	0.00483	0.01526	0.04625	0.00596
31	0.01263	0.33414	0.06872	0.04306	0.14814	0.10023	0.06593	0.04252	0.04934	0.01409	0.01012	0.02403	0.03194	0.00490	0.00417	0.00129	0.00582	0.00391	0.00258	0.03243
32	0.02607	0.00924	0.01048	0.00793	0.01186	0.00807	0.00633	0.08597	0.11972	0.03597	0.01102	0.02839	0.00893	0.00452	0.00397	0.00097	0.00378	0.00364	0.00345	0.60970
33	0.01374	0.07788	0.09212	0.09212	0.11784	0.06241	0.02087	0.17325	0.06798	0.10073	0.02211	0.02766	0.00971	0.04524	0.02235	0.00177	0.03736	0.00457	0.00348	0.00682
34	0.01120	0.05120	0.21032	0.06510	0.13735	0.05143	0.14980	0.03944	0.06982	0.01538	0.01130	0.03467	0.03253	0.00542	0.00563	0.00154	0.06281	0.00472	0.00269	0.03765
35	0.00720	0.00506	0.00602	0.00631	0.00735	0.00469	0.00455	0.00869	0.03553	0.05244	0.05617	0.29588	0.28297	0.12570	0.00851	0.00221	0.00319	0.07889	0.00440	0.00425
36	0.00741	0.00546	0.00654	0.00656	0.00787	0.00514	0.00498	0.03659	0.04038	0.03362	0.24170	0.18472	0.25958	0.03628	0.00642	0.00182	0.00298	0.10263	0.00474	0.00458
37	0.03054	0.01303	0.05506	0.09136	0.24043	0.10854	0.04400	0.17958	0.01380	0.08827	0.02224	0.05308	0.00949	0.00564	0.00508	0.00150	0.02325	0.00476	0.00337	0.00698
38	0.02317	0.10667	0.36813	0.06424	0.15885	0.02861	0.06399	0.01528	0.04440	0.01483	0.00890	0.01093	0.00690	0.00483	0.00530	0.00151	0.06041	0.00389	0.00230	0.00684
39	0.00600	0.00440	0.00565	0.00656	0.00710	0.00405	0.00453	0.00700	0.00976	0.01282	0.05778	0.65682	0.13841	0.01451	0.00613	0.00192	0.00281	0.04523	0.00453	0.00400
40	0.01005	0.00861	0.01005	0.00718	0.01148	0.00646	0.00574	0.01220	0.01005	0.01579	0.00861	0.01005	0.00718	0.00359	0.00359	0.00072	0.00359	0.00287	0.00287	0.85932
41	0.04495	0.00894	0.01378	0.04889	0.04742	0.00853	0.15088	0.01762	0.07816	0.29107	0.03086	0.03575	0.02904	0.00706	0.03358	0.00173	0.00510	0.02999	0.04692	0.06974
42	0.04706	0.00697	0.00842	0.00687	0.00963	0.00585	0.00534	0.01183	0.01152	0.09066	0.28170	0.09097	0.02295	0.00704	0.00464	0.00121	0.00313	0.00602	0.00416	0.37403
43	0.00853	0.02176	0.00709	0.00643	0.00806	0.00597	0.00491	0.01146	0.09883	0.07573	0.16074	0.12102	0.31093	0.01007	0.00565	0.00159	0.02941	0.00846	0.09835	0.00500
44	0.03820	0.08635	0.12774	0.01144	0.07353	0.10374	0.00948	0.03056	0.24698	0.04548	0.06777	0.01529	0.01246	0.00571	0.00455	0.00141	0.00507	0.02097	0.00358	0.08967
45	0.01195	0.26786	0.14249	0.01035	0.03831	0.03902	0.04302	0.08978	0.02459	0.05708	0.10398	0.08189	0.03178	0.00631	0.00449	0.00138	0.00506	0.00513	0.00330	0.03225
46	0.01270	0.19826	0.08730	0.01111	0.05549	0.02907	0.05512	0.10956	0.15949	0.05184	0.04821	0.02914	0.01095	0.00537	0.00439	0.00133	0.00497	0.00437	0.00347	0.11784
47	0.01170	0.08880	0.18367	0.01294	0.12911	0.01097	0.02809	0.09826	0.11098	0.03819	0.04128	0.02302	0.03681	0.00535	0.00450	0.00135	0.00504	0.00443	0.01703	0.14849
48	0.01180	0.13753	0.24720	0.01215	0.08604	0.01156	0.02352	0.12346	0.05075	0.04470	0.03504	0.03904	0.03286	0.03494	0.00525	0.00152	0.00539	0.01697	0.00315	0.07713

[dist]
# distance from previous block
# <min> <max>
3	24

[block]
# block no. 5 follows, 52 sequences, length 21
# corresponding to MSA columns:
# 181-201
name=unknown_F
#
# <colnr> <probs for GDERKNQSTAVLIFYWHMCP>
#	G	D	E	R	K	N	Q	S	T	A	V	L	I	F	Y	W	H	M	C	P
0	0.05817	0.07680	0.07124	0.03485	0.04655	0.06413	0.04616	0.07292	0.12118	0.09998	0.09089	0.04675	0.03307	0.00621	0.00497	0.00144	0.02814	0.00506	0.00376	0.08772
1	0.07644	0.08830	0.07773	0.01038	0.04036	0.04267	0.02903	0.20031	0.09483	0.10353	0.05197	0.02951	0.03353	0.00590	0.00455	0.00141	0.00484	0.01575	0.00394	0.08504
2	0.01393	0.21968	0.07588	0.04114	0.06155	0.10076	0.02258	0.16200	0.04647	0.07126	0.02344	0.03288	0.03715	0.00547	0.00435	0.00132	0.00544	0.00423	0.00332	0.06716
3	0.09251	0.24409	0.28146	0.01111	0.02899	0.16280	0.01139	0.03883	0.01106	0.01479	0.02608	0.00972	0.00714	0.00466	0.00400	0.00131	0.00627	0.00326	0.00243	0.03810
4	0.11989	0.07040	0.17182	0.05272	0.21710	0.04306	0.11522	0.05320	0.03324	0.01669	0.00897	0.01094	0.00702	0.00450	0.00446	0.00143	0.00601	0.00393	0.00260	0.05682
5	0.00736	0.00526	0.00729	0.00841	0.00933	0.00519	0.00702	0.00926	0.01071	0.01400	0.02591	0.23771	0.02888	0.01381	0.00657	0.00217	0.00407	0.58825	0.00447	0.00434
6	0.01105	0.01117	0.03862	0.22142	0.46629	0.01128	0.10373	0.01446	0.02994	0.01499	0.01009	0.01312	0.02267	0.00464	0.00493	0.00152	0.00614	0.00460	0.00244	0.00690
7	0.00573	0.00491	0.00491	0.00491	0.00655	0.00409	0.00368	0.00695	0.01105	0.01309	0.04909	0.04664	0.79750	0.01227	0.00573	0.00164	0.00245	0.01023	0.00450	0.00409
8	0.02174	0.00825	0.01125	0.00862	0.01237	0.00712	0.00712	0.02362	0.01387	0.80282	0.01912	0.01649	0.01200	0.00600	0.00487	0.00150	0.00412	0.00487	0.00600	0.00825
9	0.00808	0.00433	0.00606	0.00606	0.00606	0.00433	0.00390	0.00649	0.00649	0.00866	0.01010	0.01890	0.01068	0.21647	0.02035	0.64919	0.00433	0.00491	0.00231	0.00231
10	0.00915	0.00861	0.01453	0.81804	0.03338	0.01077	0.01346	0.01238	0.00969	0.01238	0.00861	0.01292	0.00646	0.00484	0.00484	0.00161	0.00646	0.00431	0.00215	0.00538
11	0.00692	0.00519	0.00779	0.00779	0.00865	0.00606	0.00606	0.00865	0.00779	0.01125	0.01298	0.01904	0.01211	0.03634	0.81049	0.00779	0.01298	0.00519	0.00260	0.00433
12	0.01263	0.04854	0.21827	0.01681	0.05093	0.17516	0.35490	0.03679	0.01183	0.01499	0.00896	0.01120	0.00682	0.00446	0.00501	0.00150	0.00776	0.00445	0.00241	0.00658
13	0.10510	0.13842	0.01573	0.03156	0.08625	0.43786	0.03132	0.03148	0.01216	0.03233	0.00786	0.00932	0.00648	0.00487	0.00450	0.00132	0.03160	0.00330	0.00258	0.00598
14	0.00713	0.00545	0.00762	0.00824	0.00900	0.00554	0.02769	0.00901	0.03968	0.01341	0.02463	0.48621	0.02810	0.01364	0.00677	0.00204	0.04402	0.25311	0.00433	0.00439
15	0.05902	0.01028	0.01423	0.10434	0.20458	0.02638	0.05310	0.09279	0.03379	0.03761	0.00979	0.01186	0.00780	0.00601	0.04427	0.00157	0.00547	0.00393	0.00298	0.27021
16	0.01043	0.00882	0.01352	0.02673	0.11340	0.00867	0.14202	0.03607	0.14114	0.05678	0.13984	0.10047	0.06303	0.00754	0.00531	0.00157	0.00452	0.04220	0.00399	0.07395
17	0.00873	0.02260	0.03746	0.00715	0.00902	0.05169	0.00574	0.04854	0.03110	0.03167	0.45614	0.06019	0.11158	0.01971	0.00562	0.00154	0.00328	0.02341	0.01754	0.04729
18	0.01240	0.37119	0.18917	0.05125	0.01663	0.13203	0.08003	0.01541	0.03281	0.01302	0.00877	0.04072	0.00755	0.00489	0.00410	0.00131	0.00633	0.00376	0.00234	0.00627
19	0.03333	0.01165	0.01332	0.01125	0.05673	0.01239	0.02258	0.48986	0.06513	0.06624	0.01458	0.03611	0.04878	0.00630	0.00485	0.00145	0.00486	0.02248	0.00451	0.07359
20	0.01396	0.01587	0.26934	0.01218	0.05473	0.01195	0.01161	0.35624	0.03046	0.06278	0.04619	0.03852	0.04200	0.00609	0.00488	0.00151	0.00554	0.00486	0.00388	0.00740

[dist]
# distance from previous block
# <min> <max>
7	16

[block]
# block no. 6 follows, 52 sequences, length 12
# corresponding to MSA columns:
# 219-230
name=unknown_G
#
# <colnr> <probs for GDERKNQSTAVLIFYWHMCP>
#	G	D	E	R	K	N	Q	S	T	A	V	L	I	F	Y	W	H	M	C	P
0	0.00700	0.00490	0.00629	0.00629	0.00664	0.00524	0.00419	0.00769	0.00734	0.01014	0.01435	0.02663	0.01541	0.51173	0.33961	0.00594	0.00802	0.00630	0.00280	0.00349
1	0.01319	0.62443	0.02160	0.00866	0.01214	0.14216	0.00794	0.01454	0.01018	0.01128	0.00769	0.01026	0.00734	0.08493	0.00541	0.00143	0.00569	0.00311	0.00222	0.00580
2	0.00631	0.00452	0.00580	0.00662	0.00699	0.00434	0.00440	0.00753	0.03483	0.01260	0.06478	0.65388	0.03028	0.12252	0.00857	0.00230	0.00307	0.01235	0.00435	0.00396
3	0.01403	0.01081	0.01261	0.01207	0.08993	0.01186	0.00893	0.29370	0.28709	0.05241	0.01670	0.02087	0.01370	0.00713	0.00516	0.00164	0.00467	0.12467	0.00462	0.00739
4	0.01169	0.01336	0.12249	0.16431	0.40024	0.05262	0.06513	0.05388	0.01142	0.01576	0.00929	0.01202	0.00735	0.00459	0.00477	0.00148	0.00624	0.00426	0.03215	0.00694
5	0.01212	0.01101	0.01422	0.02612	0.13016	0.06643	0.07213	0.15355	0.09031	0.01728	0.05426	0.03057	0.01166	0.06655	0.06338	0.00224	0.13748	0.00509	0.00332	0.03211
6	0.09083	0.00573	0.00691	0.00743	0.00886	0.00566	0.00625	0.00957	0.01093	0.01509	0.08007	0.04593	0.22342	0.01258	0.02617	0.00210	0.00395	0.42973	0.00434	0.00445
7	0.01243	0.33156	0.13081	0.01048	0.02681	0.02962	0.05735	0.11263	0.05216	0.03325	0.01092	0.08991	0.00972	0.00564	0.00423	0.00132	0.00531	0.00450	0.00299	0.06836
8	0.01140	0.01122	0.08284	0.05058	0.18844	0.00996	0.15309	0.10530	0.01227	0.05316	0.05939	0.06251	0.05937	0.04369	0.00617	0.00166	0.01943	0.00573	0.00329	0.06049
9	0.01295	0.29201	0.21560	0.03143	0.08639	0.12683	0.01141	0.06708	0.01160	0.03485	0.00929	0.02749	0.00779	0.00505	0.00417	0.00133	0.00612	0.02160	0.02047	0.00655
10	0.01070	0.07182	0.02669	0.04261	0.12932	0.02894	0.02715	0.01525	0.17878	0.07233	0.07094	0.12373	0.07125	0.02199	0.02317	0.00181	0.00457	0.06891	0.00395	0.00609
11	0.00657	0.00474	0.00558	0.00586	0.00682	0.00425	0.00409	0.00765	0.01029	0.03776	0.11553	0.32531	0.32086	0.11218	0.00817	0.00211	0.00289	0.01080	0.00445	0.00408

[dist]
# distance from previous block
# <min> <max>
0	4

[block]
# block no. 7 follows, 52 sequences, length 9
# corresponding to MSA columns:
# 235-243
name=unknown_H
#
# <colnr> <probs for GDERKNQSTAVLIFYWHMCP>
#	G	D	E	R	K	N	Q	S	T	A	V	L	I	F	Y	W	H	M	C	P
0	0.01414	0.36796	0.02006	0.04120	0.14033	0.22462	0.03210	0.04461	0.04823	0.01350	0.00826	0.00966	0.00698	0.00459	0.00399	0.00124	0.00628	0.00336	0.00249	0.00642
1	0.00752	0.00574	0.00626	0.00602	0.00773	0.00540	0.00459	0.01059	0.11238	0.04463	0.13148	0.05902	0.48117	0.01145	0.02740	0.00178	0.00300	0.02436	0.04466	0.00480
2	0.01146	0.02852	0.01352	0.01389	0.16748	0.01116	0.05125	0.06783	0.35569	0.01828	0.06226	0.04712	0.02913	0.02236	0.02205	0.00178	0.04419	0.00566	0.01947	0.00690
3	0.00864	0.00768	0.03026	0.01010	0.03543	0.00794	0.10222	0.01218	0.10881	0.01429	0.06468	0.07983	0.04227	0.05486	0.27783	0.00385	0.05937	0.00624	0.06831	0.00519
4	0.05535	0.00474	0.00637	0.03688	0.00735	0.00490	0.00442	0.00764	0.00707	0.01055	0.00977	0.01604	0.00939	0.07906	0.01610	0.60748	0.00407	0.00439	0.10569	0.00276
5	0.04881	0.15759	0.04218	0.01077	0.03297	0.12652	0.03317	0.12604	0.08789	0.01624	0.00993	0.01187	0.00826	0.02332	0.08540	0.00207	0.09387	0.00392	0.00301	0.07616
6	0.24430	0.16455	0.04306	0.02771	0.04119	0.02563	0.02588	0.04594	0.05282	0.04087	0.01280	0.10216	0.03784	0.07921	0.00591	0.00173	0.00450	0.00502	0.00321	0.03566
7	0.02808	0.13084	0.13360	0.01254	0.09704	0.13104	0.04914	0.07435	0.07941	0.01571	0.01089	0.05029	0.00935	0.03728	0.02193	0.00161	0.00590	0.00438	0.02962	0.07701
8	0.02500	0.15445	0.11766	0.05247	0.05775	0.08967	0.05525	0.06257	0.05130	0.03307	0.01207	0.01431	0.05198	0.00709	0.03080	0.04864	0.03197	0.02036	0.01968	0.06393

[dist]
# distance from previous block
# <min> <max>
1	110

[block]
# block no. 8 follows, 52 sequences, length 15
# corresponding to MSA columns:
# 363-377
name=unknown_I
#
# <colnr> <probs for GDERKNQSTAVLIFYWHMCP>
#	G	D	E	R	K	N	Q	S	T	A	V	L	I	F	Y	W	H	M	C	P
0	0.08415	0.04113	0.02474	0.02518	0.02758	0.15887	0.03571	0.11974	0.10418	0.10266	0.01288	0.01377	0.03693	0.00614	0.02317	0.00148	0.00544	0.01540	0.00365	0.15719
1	0.01363	0.05771	0.02462	0.05859	0.11165	0.00926	0.00844	0.06180	0.07525	0.24038	0.02947	0.11523	0.01424	0.04908	0.00649	0.00173	0.04288	0.03826	0.00416	0.03712
2	0.00725	0.00548	0.00807	0.00867	0.05509	0.00615	0.00605	0.00875	0.00786	0.01121	0.01314	0.02076	0.01278	0.16861	0.62970	0.00689	0.01115	0.00545	0.00264	0.00429
3	0.05443	0.07038	0.08266	0.01164	0.04432	0.04089	0.11681	0.09292	0.03995	0.04761	0.05834	0.05545	0.01260	0.03890	0.04883	0.00202	0.09000	0.03226	0.05399	0.00598
4	0.08815	0.33707	0.05165	0.09784	0.09975	0.03471	0.00951	0.11413	0.03398	0.01593	0.01090	0.02970	0.04767	0.00526	0.00404	0.00133	0.00522	0.00397	0.00283	0.00637
5	0.00600	0.00431	0.00562	0.00657	0.00693	0.00401	0.00439	0.00689	0.00947	0.01261	0.06629	0.71472	0.06398	0.05478	0.00705	0.00207	0.00286	0.01304	0.00446	0.00393
6	0.00605	0.00530	0.04249	0.00676	0.00759	0.00430	0.00498	0.00718	0.00963	0.01263	0.02975	0.65366	0.16343	0.01419	0.00603	0.00189	0.00295	0.01269	0.00439	0.00411
7	0.01179	0.08304	0.12009	0.06012	0.24822	0.08316	0.05308	0.05145	0.08065	0.01573	0.02354	0.06770	0.01022	0.00568	0.00500	0.00148	0.02744	0.00487	0.04011	0.00664
8	0.01270	0.13754	0.10102	0.01120	0.08188	0.07007	0.00901	0.08079	0.20882	0.06345	0.01380	0.05398	0.01129	0.03536	0.00517	0.00154	0.00491	0.00480	0.08600	0.00667
9	0.00597	0.00486	0.00528	0.00530	0.00673	0.00418	0.00393	0.00738	0.01144	0.01431	0.19832	0.10869	0.58266	0.01203	0.00576	0.00164	0.00245	0.01022	0.00467	0.00418
10	0.02658	0.02437	0.07535	0.06140	0.23975	0.01076	0.23263	0.01407	0.03474	0.02571	0.01166	0.09875	0.01039	0.00658	0.02444	0.00175	0.05570	0.00567	0.03328	0.00640
11	0.01252	0.06922	0.13288	0.04421	0.30219	0.07729	0.09488	0.07291	0.06752	0.03134	0.01046	0.03265	0.00848	0.00542	0.01585	0.00155	0.00627	0.00450	0.00282	0.00705
12	0.01029	0.02418	0.02664	0.04893	0.11786	0.02428	0.04730	0.02483	0.21456	0.05196	0.06249	0.10446	0.08876	0.12246	0.00790	0.00204	0.00446	0.00679	0.00389	0.00592
13	0.00858	0.00567	0.00739	0.00713	0.00860	0.00525	0.02912	0.01077	0.05752	0.11314	0.15202	0.32970	0.20401	0.01163	0.00577	0.00174	0.00308	0.02917	0.00478	0.00493
14	0.03434	0.01157	0.04448	0.12866	0.28059	0.01187	0.05741	0.21509	0.02794	0.03822	0.01123	0.04586	0.00931	0.00571	0.00530	0.00156	0.03205	0.02848	0.00328	0.00705

[dist]
# distance from previous block
# <min> <max>
2	14

[block]
# block no. 9 follows, 52 sequences, length 18
# corresponding to MSA columns:
# 397-414
name=unknown_J
#
# <colnr> <probs for GDERKNQSTAVLIFYWHMCP>
#	G	D	E	R	K	N	Q	S	T	A	V	L	I	F	Y	W	H	M	C	P
0	0.05423	0.01122	0.03265	0.27571	0.37797	0.04478	0.03094	0.03609	0.03742	0.01541	0.00919	0.01207	0.00731	0.00462	0.00469	0.00148	0.00595	0.00420	0.00252	0.03154
1	0.01652	0.01872	0.01589	0.01509	0.11424	0.47990	0.07789	0.14034	0.02902	0.01581	0.00876	0.01021	0.00700	0.00507	0.00489	0.00137	0.02622	0.00377	0.00289	0.00641
2	0.00644	0.00485	0.00565	0.00580	0.00702	0.00429	0.00426	0.00783	0.01121	0.02991	0.20580	0.21365	0.40465	0.03090	0.00627	0.00177	0.00265	0.03812	0.00468	0.00423
3	0.00637	0.00437	0.00562	0.00657	0.00706	0.00412	0.00457	0.00748	0.00957	0.01317	0.02631	0.65451	0.05975	0.01389	0.00589	0.00188	0.00285	0.06313	0.09885	0.00404
4	0.00929	0.00876	0.01479	0.77843	0.07188	0.01080	0.01353	0.01251	0.00976	0.01255	0.00864	0.01287	0.00652	0.00482	0.00484	0.00161	0.00642	0.00431	0.00217	0.00550
5	0.00598	0.00487	0.00530	0.00530	0.00673	0.00418	0.00393	0.00741	0.01149	0.01439	0.20729	0.10156	0.58071	0.01198	0.00576	0.00164	0.00244	0.01017	0.00468	0.00418
6	0.18499	0.00809	0.00875	0.00728	0.01000	0.00828	0.00588	0.13377	0.02562	0.24958	0.05739	0.01604	0.02485	0.00590	0.00416	0.00140	0.00360	0.00456	0.23349	0.00637
7	0.00584	0.00477	0.00517	0.00537	0.00669	0.00409	0.00391	0.00707	0.01087	0.01339	0.09676	0.20657	0.58725	0.01271	0.00582	0.00170	0.00252	0.01086	0.00456	0.00409
8	0.01209	0.02683	0.03673	0.01335	0.01540	0.07222	0.15695	0.05990	0.09661	0.03760	0.00966	0.01236	0.00803	0.00817	0.05034	0.00210	0.36815	0.00460	0.00282	0.00609
9	0.12044	0.01284	0.01278	0.03047	0.01409	0.07916	0.00838	0.50909	0.01859	0.08373	0.01140	0.01168	0.00817	0.00557	0.00451	0.00143	0.00519	0.00409	0.05099	0.00739
10	0.00594	0.00436	0.00559	0.00655	0.00705	0.00401	0.00448	0.00688	0.00958	0.01254	0.02983	0.69338	0.13973	0.01472	0.00614	0.00193	0.00281	0.03602	0.00450	0.00397
11	0.78612	0.00927	0.00750	0.00658	0.00965	0.01052	0.00542	0.01511	0.00877	0.09390	0.00789	0.00867	0.00587	0.00464	0.00317	0.00150	0.00378	0.00283	0.00328	0.00553
12	0.01842	0.01357	0.01454	0.01115	0.01503	0.01503	0.00921	0.78330	0.02278	0.03054	0.01163	0.01163	0.00824	0.00582	0.00485	0.00145	0.00533	0.00436	0.00485	0.00824
13	0.03187	0.00849	0.01091	0.20106	0.01647	0.00756	0.00751	0.01236	0.00989	0.03162	0.00902	0.01156	0.00742	0.03236	0.00463	0.00111	0.00433	0.00339	0.00277	0.58568
14	0.00664	0.00489	0.00648	0.00700	0.00768	0.00464	0.02079	0.02211	0.01006	0.01335	0.09019	0.50260	0.09159	0.09672	0.00801	0.00219	0.00327	0.09334	0.00437	0.00409
15	0.00835	0.00423	0.00626	0.00626	0.00626	0.00423	0.00415	0.00635	0.00635	0.00846	0.00875	0.01555	0.00886	0.05626	0.01922	0.81757	0.00423	0.00435	0.00214	0.00214
16	0.00784	0.00643	0.00904	0.00871	0.00986	0.03368	0.06893	0.00976	0.02212	0.01339	0.07462	0.22527	0.02187	0.05791	0.21474	0.00353	0.02714	0.14464	0.03601	0.00451
17	0.11035	0.13580	0.06619	0.00909	0.01267	0.06661	0.00801	0.21341	0.03664	0.12070	0.01307	0.03353	0.04183	0.00569	0.00424	0.00136	0.00482	0.00426	0.05329	0.05845

[dist]
# distance from previous block
# <min> <max>
0	21

[block]
# block no. 10 follows, 52 sequences, length 17
# corresponding to MSA columns:
# 436-452
name=unknown_K
#
# <colnr> <probs for GDERKNQSTAVLIFYWHMCP>
#	G	D	E	R	K	N	Q	S	T	A	V	L	I	F	Y	W	H	M	C	P
0	0.01329	0.64711	0.08700	0.00948	0.01379	0.05347	0.03079	0.07227	0.01106	0.01329	0.00738	0.00845	0.00640	0.00434	0.00349	0.00113	0.00560	0.00291	0.00231	0.00643
1	0.00599	0.00447	0.00549	0.00624	0.00689	0.00408	0.00429	0.00693	0.00966	0.01244	0.03179	0.54620	0.23112	0.06673	0.00727	0.00207	0.00289	0.03711	0.00440	0.00393
2	0.00793	0.04383	0.00802	0.01746	0.00877	0.00592	0.01977	0.00989	0.05078	0.05325	0.07584	0.32967	0.15650	0.05663	0.08147	0.00240	0.00418	0.00938	0.00412	0.05417
3	0.01057	0.00996	0.01714	0.12281	0.49154	0.01014	0.07026	0.01331	0.01072	0.01489	0.01246	0.10495	0.01191	0.00634	0.00519	0.00160	0.00559	0.07124	0.00278	0.00662
4	0.00699	0.00470	0.00539	0.00540	0.00549	0.00466	0.00311	0.00719	0.00762	0.01025	0.07408	0.06012	0.02023	0.73967	0.02260	0.00436	0.00445	0.00741	0.00317	0.00309
5	0.00632	0.00453	0.00581	0.00664	0.00711	0.00428	0.00461	0.00727	0.00942	0.01240	0.04287	0.53088	0.09211	0.13655	0.00897	0.00237	0.00326	0.10645	0.00428	0.00388
6	0.00784	0.00609	0.00779	0.00765	0.00879	0.00678	0.00574	0.01175	0.16711	0.01354	0.06505	0.09496	0.04234	0.11102	0.41516	0.00510	0.00833	0.00660	0.00351	0.00483
7	0.00952	0.00762	0.04952	0.04383	0.06973	0.00695	0.05565	0.03894	0.02525	0.05688	0.03679	0.09003	0.12146	0.01993	0.06406	0.00200	0.01368	0.03903	0.24382	0.00530
8	0.00615	0.00432	0.00555	0.00643	0.00665	0.00410	0.00416	0.00681	0.00879	0.01172	0.02422	0.65334	0.02891	0.19266	0.01021	0.00256	0.00322	0.01231	0.00416	0.00372
9	0.00963	0.00899	0.01510	0.60294	0.18597	0.01056	0.01335	0.01272	0.01006	0.01322	0.00990	0.01564	0.00820	0.00533	0.00496	0.00162	0.00618	0.05747	0.00236	0.00578
10	0.06196	0.00920	0.01103	0.00933	0.03007	0.00927	0.00738	0.19550	0.09227	0.33279	0.09863	0.03461	0.03265	0.00699	0.00500	0.00155	0.00416	0.04517	0.00517	0.00727
11	0.00766	0.00589	0.00656	0.00682	0.00799	0.03087	0.00498	0.06200	0.01111	0.03379	0.03158	0.41198	0.26873	0.02900	0.00625	0.00186	0.00324	0.06076	0.00446	0.00446
12	0.00747	0.00494	0.00625	0.00635	0.00746	0.00451	0.00468	0.00911	0.01165	0.06539	0.31958	0.28269	0.15400	0.01166	0.00576	0.00170	0.00270	0.04841	0.04115	0.00452
13	0.00966	0.00937	0.01589	0.60891	0.06866	0.01147	0.07096	0.01265	0.00958	0.01269	0.00842	0.01257	0.00658	0.00525	0.00641	0.00168	0.11709	0.00440	0.00218	0.00557
14	0.01486	0.13933	0.06133	0.01106	0.01415	0.26662	0.01987	0.20346	0.05471	0.01696	0.00969	0.01119	0.00785	0.00884	0.09614	0.00209	0.04851	0.00382	0.00310	0.00640
15	0.01624	0.01214	0.01321	0.01201	0.08956	0.06270	0.00881	0.38720	0.15350	0.10443	0.01365	0.01364	0.00993	0.00576	0.00471	0.00145	0.00495	0.00454	0.07396	0.00762
16	0.01083	0.01124	0.04015	0.04436	0.05266	0.22051	0.00762	0.01277	0.02525	0.02760	0.05035	0.10314	0.03208	0.06482	0.19352	0.00314	0.02234	0.00574	0.06683	0.00504

[dist]
# distance from previous block
# <min> <max>
1	2

[block]
# block no. 11 follows, 52 sequences, length 13
# corresponding to MSA columns:
# 455-463,465-468
name=unknown_L
#
# <colnr> <probs for GDERKNQSTAVLIFYWHMCP>
#	G	D	E	R	K	N	Q	S	T	A	V	L	I	F	Y	W	H	M	C	P
0	0.00728	0.00501	0.00644	0.00607	0.00728	0.00460	0.00455	0.00947	0.01333	0.04080	0.68785	0.05696	0.07870	0.00988	0.00561	0.00153	0.00236	0.00869	0.03896	0.00463
1	0.21151	0.00708	0.00781	0.00663	0.00915	0.00696	0.00529	0.01614	0.01129	0.31116	0.07364	0.01780	0.03776	0.03302	0.00479	0.00151	0.00339	0.00479	0.22427	0.00602
2	0.00700	0.00488	0.00603	0.00619	0.00696	0.00472	0.00440	0.00864	0.02670	0.01472	0.26629	0.19141	0.07527	0.19556	0.03122	0.00252	0.00342	0.06845	0.07151	0.00410
3	0.00628	0.00503	0.00557	0.00556	0.00692	0.00449	0.00408	0.00810	0.03903	0.01457	0.21484	0.12417	0.48668	0.04492	0.00651	0.00177	0.00259	0.00997	0.00464	0.00427
4	0.01261	0.01069	0.01127	0.00998	0.01281	0.01231	0.00781	0.09230	0.72325	0.02117	0.01901	0.01751	0.01422	0.00651	0.00492	0.00163	0.00397	0.00538	0.00492	0.00772
5	0.00688	0.00525	0.00636	0.00649	0.00776	0.00491	0.00506	0.00909	0.04136	0.01564	0.29237	0.07408	0.28024	0.04470	0.00669	0.00187	0.00301	0.17911	0.00473	0.00442
6	0.01005	0.00861	0.01005	0.00718	0.01148	0.00646	0.00574	0.01220	0.01005	0.01579	0.00861	0.01005	0.00718	0.00359	0.00359	0.00072	0.00359	0.00287	0.00287	0.85932
7	0.01216	0.04690	0.02454	0.00914	0.03677	0.00889	0.00719	0.14167	0.12722	0.12552	0.16105	0.05794	0.06045	0.03738	0.00592	0.00170	0.00401	0.09648	0.00464	0.03042
8	0.01063	0.03011	0.09373	0.01210	0.01364	0.09725	0.05806	0.01241	0.00899	0.01237	0.01068	0.06466	0.04529	0.00989	0.06664	0.00228	0.43832	0.00506	0.00247	0.00541
9	0.00931	0.00872	0.00763	0.00790	0.00883	0.17781	0.00560	0.01087	0.03988	0.01311	0.01996	0.46433	0.02216	0.04930	0.00650	0.00183	0.02358	0.00949	0.10871	0.00450
10	0.00695	0.00573	0.04306	0.00638	0.00710	0.00509	0.00462	0.00785	0.00837	0.01123	0.04884	0.12153	0.08561	0.45001	0.12015	0.00412	0.00538	0.05097	0.00334	0.00367
11	0.02837	0.27806	0.20707	0.04454	0.01603	0.12096	0.03264	0.04624	0.01109	0.07883	0.00881	0.01021	0.00694	0.00572	0.02443	0.00153	0.06597	0.00350	0.00260	0.00646
12	0.03711	0.23314	0.10260	0.03022	0.10900	0.24908	0.01040	0.01532	0.01108	0.01323	0.04451	0.03204	0.00889	0.00543	0.00522	0.00137	0.07899	0.00383	0.00248	0.00606

[dist]
# distance from previous block
# <min> <max>
0	16

[block]
# block no. 12 follows, 52 sequences, length 20
# corresponding to MSA columns:
# 485-504
name=unknown_M
#
# <colnr> <probs for GDERKNQSTAVLIFYWHMCP>
#	G	D	E	R	K	N	Q	S	T	A	V	L	I	F	Y	W	H	M	C	P
0	0.00877	0.00614	0.00737	0.00693	0.00859	0.00585	0.00536	0.07329	0.03418	0.06696	0.23279	0.11403	0.21300	0.04863	0.02654	0.00195	0.00346	0.09609	0.00468	0.03540
1	0.03665	0.09752	0.12889	0.02588	0.13908	0.13445	0.10865	0.06960	0.04129	0.01545	0.00933	0.01173	0.00765	0.03158	0.03268	0.00172	0.04463	0.00406	0.00266	0.05650
2	0.01057	0.00937	0.01538	0.54023	0.16709	0.01080	0.03687	0.03536	0.04487	0.04751	0.01020	0.03274	0.00797	0.00513	0.00490	0.00158	0.00605	0.00466	0.00262	0.00610
3	0.00726	0.00511	0.00580	0.00589	0.00711	0.00484	0.00436	0.03810	0.02174	0.01544	0.12086	0.21134	0.28165	0.01200	0.04070	0.00187	0.00310	0.02350	0.18490	0.00443
4	0.00838	0.01313	0.29043	0.26625	0.02033	0.00880	0.01208	0.01175	0.00999	0.01353	0.01703	0.12615	0.10931	0.03045	0.00568	0.00175	0.00559	0.04098	0.00284	0.00555
5	0.01158	0.04768	0.01579	0.01364	0.06474	0.15108	0.09562	0.01326	0.00936	0.01232	0.00822	0.01191	0.00747	0.01150	0.14180	0.00275	0.36914	0.00430	0.00232	0.00553
6	0.00995	0.00710	0.00922	0.00861	0.01026	0.00715	0.04414	0.17595	0.01308	0.05205	0.06539	0.38288	0.04712	0.01136	0.00578	0.00180	0.00385	0.11417	0.02482	0.00531
7	0.01442	0.00983	0.01110	0.00895	0.01178	0.01036	0.00718	0.41136	0.03157	0.10448	0.23453	0.02137	0.05013	0.04330	0.00600	0.00163	0.00419	0.00601	0.00501	0.00681
8	0.01277	0.78066	0.05288	0.00861	0.01275	0.01877	0.00870	0.01446	0.00979	0.01155	0.00680	0.00794	0.00622	0.00428	0.00352	0.00108	0.02823	0.00267	0.00207	0.00623
9	0.00888	0.00810	0.00737	0.00700	0.00862	0.11806	0.00528	0.04325	0.04874	0.01425	0.07604	0.03169	0.34737	0.07146	0.10688	0.00253	0.00502	0.02571	0.05908	0.00467
10	0.01727	0.00876	0.01029	0.00833	0.01129	0.05912	0.00670	0.08819	0.01426	0.46621	0.16184	0.01937	0.01758	0.00723	0.02120	0.00159	0.00424	0.00542	0.06405	0.00706
11	0.00700	0.00503	0.00594	0.00594	0.00727	0.00448	0.00446	0.00851	0.01148	0.05143	0.23336	0.13941	0.37973	0.04759	0.00664	0.00182	0.00279	0.06805	0.00471	0.00437
12	0.04058	0.07573	0.10842	0.33469	0.12078	0.04509	0.01219	0.12536	0.01199	0.02668	0.00986	0.04957	0.00803	0.00533	0.00466	0.00151	0.00599	0.00444	0.00276	0.00634
13	0.00594	0.00433	0.00554	0.00646	0.00692	0.00399	0.00435	0.00683	0.00952	0.01252	0.04553	0.68771	0.12725	0.04017	0.00670	0.00200	0.00281	0.01302	0.00447	0.00394
14	0.01011	0.03951	0.57437	0.01570	0.08956	0.01131	0.12463	0.01505	0.01061	0.01550	0.04231	0.01183	0.00813	0.00472	0.00479	0.00153	0.00693	0.00415	0.00227	0.00699
15	0.01885	0.01246	0.01380	0.01063	0.01444	0.01342	0.00876	0.61397	0.04558	0.17778	0.01332	0.01277	0.00917	0.00588	0.00486	0.00147	0.00505	0.00450	0.00507	0.00822
16	0.00685	0.00462	0.00534	0.00553	0.00558	0.00457	0.00320	0.00700	0.00743	0.00990	0.01722	0.16708	0.02008	0.69097	0.02152	0.00423	0.00438	0.00819	0.00320	0.00311
17	0.01678	0.03716	0.03577	0.00876	0.01192	0.06355	0.00735	0.07623	0.04257	0.42642	0.10404	0.02092	0.05158	0.00696	0.00498	0.00151	0.00436	0.04891	0.02317	0.00705
18	0.64406	0.07039	0.00967	0.00766	0.01065	0.16216	0.00624	0.01523	0.00939	0.01915	0.00689	0.00803	0.00550	0.00457	0.00327	0.00142	0.00479	0.00272	0.00284	0.00539
19	0.01556	0.04349	0.01381	0.01062	0.01395	0.04944	0.04209	0.40641	0.19701	0.06074	0.06428	0.01521	0.01237	0.02612	0.00536	0.00157	0.00499	0.00493	0.00459	0.00747

[dist]
# distance from previous block
# <min> <max>
0	4

[block]
# block no. 13 follows, 52 sequences, length 45
# corresponding to MSA columns:
# 509-553
name=unknown_N
#
# <colnr> <probs for GDERKNQSTAVLIFYWHMCP>
#	G	D	E	R	K	N	Q	S	T	A	V	L	I	F	Y	W	H	M	C	P
0	0.01302	0.04797	0.03598	0.05934	0.03116	0.09742	0.00865	0.02173	0.45792	0.08297	0.01663	0.03023	0.02660	0.00638	0.00529	0.00158	0.04082	0.00507	0.00418	0.00704
1	0.01727	0.10652	0.01499	0.01206	0.01463	0.69681	0.00930	0.01855	0.01308	0.01180	0.00737	0.00871	0.00624	0.00504	0.00469	0.00126	0.04046	0.00311	0.00244	0.00567
2	0.01109	0.00960	0.02890	0.03445	0.08271	0.01991	0.05406	0.01345	0.01045	0.06657	0.00954	0.01136	0.00771	0.02162	0.00443	0.00103	0.00436	0.00345	0.00296	0.60235
3	0.02357	0.00661	0.00810	0.00743	0.00913	0.00656	0.00566	0.13312	0.01319	0.11130	0.23568	0.23486	0.09051	0.01261	0.07660	0.00219	0.00411	0.00862	0.00477	0.00538
4	0.00674	0.00469	0.00591	0.00619	0.00645	0.00480	0.00400	0.00732	0.00776	0.01053	0.01760	0.22544	0.01999	0.45623	0.19058	0.00469	0.00603	0.00831	0.00325	0.00349
5	0.01396	0.01178	0.01777	0.05651	0.53125	0.01219	0.01301	0.21289	0.01413	0.05427	0.01019	0.01214	0.00796	0.00480	0.00482	0.00145	0.00560	0.00435	0.00318	0.00775
6	0.01164	0.44468	0.33647	0.01135	0.01672	0.02764	0.06237	0.01498	0.01016	0.01325	0.00773	0.00911	0.00626	0.00434	0.00389	0.00128	0.00622	0.00320	0.00209	0.00661
7	0.00694	0.00512	0.00741	0.00741	0.00814	0.00585	0.00558	0.00841	0.00768	0.01097	0.01333	0.02096	0.01295	0.15666	0.69131	0.00732	0.01172	0.00547	0.00265	0.00412
