[name]
unknown

[dist]
# distance from previous block
# <min> <max>
4	1068

[block]
# block no. 0 follows, 54 sequences, length 10
# corresponding to MSA columns:
# 1187-1196
name=unknown_A
#
# <colnr> <probs for GDERKNQSTAVLIFYWHMCP>
#	G	D	E	R	K	N	Q	S	T	A	V	L	I	F	Y	W	H	M	C	P
0	0.01088	0.25229	0.47352	0.01132	0.01695	0.06286	0.01330	0.01470	0.01005	0.01367	0.00784	0.00918	0.00608	0.00430	0.00397	0.00127	0.00624	0.00313	0.00209	0.07636
1	0.00946	0.02439	0.80987	0.01344	0.02041	0.01095	0.01742	0.01493	0.00995	0.01493	0.00846	0.00995	0.00597	0.00448	0.00448	0.00149	0.00697	0.00348	0.00199	0.00697
2	0.00574	0.00410	0.00547	0.00657	0.00684	0.00383	0.00438	0.00657	0.00903	0.01204	0.02599	0.83122	0.03119	0.01477	0.00602	0.00191	0.00274	0.01340	0.00438	0.00383
3	0.01489	0.35091	0.08724	0.01062	0.01409	0.42433	0.00941	0.01659	0.01154	0.01165	0.00709	0.00825	0.00606	0.00449	0.00378	0.00116	0.00697	0.00287	0.00223	0.00583
4	0.01408	0.01029	0.06448	0.08087	0.23128	0.00958	0.01018	0.03816	0.15981	0.26100	0.03417	0.04159	0.01160	0.00570	0.00477	0.00150	0.00471	0.00495	0.00404	0.00724
5	0.00976	0.00860	0.01398	0.02002	0.46144	0.00858	0.01124	0.01218	0.01064	0.01468	0.01590	0.09297	0.01629	0.00815	0.00542	0.00171	0.00493	0.27421	0.00320	0.00608
6	0.00686	0.00457	0.00514	0.00514	0.00514	0.00457	0.00286	0.00686	0.00686	0.00914	0.01486	0.03086	0.01714	0.83430	0.02400	0.00457	0.00457	0.00686	0.00286	0.00286
7	0.01592	0.00843	0.05951	0.00842	0.01136	0.00702	0.00707	0.08643	0.01283	0.47106	0.01934	0.23859	0.01634	0.00818	0.00507	0.00158	0.00395	0.00699	0.00510	0.00681
8	0.00946	0.02439	0.80987	0.01344	0.02041	0.01095	0.01742	0.01493	0.00995	0.01493	0.00846	0.00995	0.00597	0.00448	0.00448	0.00149	0.00697	0.00348	0.00199	0.00697
9	0.00581	0.00413	0.00545	0.00648	0.00673	0.00388	0.00428	0.00658	0.00889	0.01186	0.02530	0.78165	0.03032	0.06553	0.00713	0.00208	0.00285	0.01300	0.00428	0.00377

[dist]
# distance from previous block
# <min> <max>
0	1

[block]
# block no. 1 follows, 54 sequences, length 31
# corresponding to MSA columns:
# 1198-1228
name=unknown_B
#
# <colnr> <probs for GDERKNQSTAVLIFYWHMCP>
#	G	D	E	R	K	N	Q	S	T	A	V	L	I	F	Y	W	H	M	C	P
0	0.01048	0.28917	0.55408	0.01169	0.01770	0.01346	0.01437	0.01467	0.00983	0.01368	0.00784	0.00918	0.00600	0.00433	0.00401	0.00134	0.00634	0.00317	0.00200	0.00667
1	0.00946	0.02439	0.80987	0.01344	0.02041	0.01095	0.01742	0.01493	0.00995	0.01493	0.00846	0.00995	0.00597	0.00448	0.00448	0.00149	0.00697	0.00348	0.00199	0.00697
2	0.00574	0.00410	0.00547	0.00657	0.00684	0.00383	0.00438	0.00657	0.00903	0.01204	0.02599	0.83122	0.03119	0.01477	0.00602	0.00191	0.00274	0.01340	0.00438	0.00383
3	0.01261	0.83713	0.02471	0.00807	0.01210	0.01866	0.00807	0.01412	0.00958	0.01109	0.00656	0.00756	0.00605	0.00403	0.00303	0.00101	0.00504	0.00252	0.00202	0.00605
4	0.00574	0.00410	0.00547	0.00657	0.00684	0.00383	0.00438	0.00657	0.00903	0.01204	0.02599	0.83122	0.03119	0.01477	0.00602	0.00191	0.00274	0.01340	0.00438	0.00383
5	0.01173	0.01013	0.01066	0.00960	0.01226	0.01173	0.00746	0.02505	0.79636	0.01972	0.01919	0.01759	0.01439	0.00640	0.00480	0.00160	0.00373	0.00533	0.00480	0.00746
6	0.01731	0.01053	0.06750	0.01226	0.01647	0.00873	0.24877	0.02003	0.01254	0.51223	0.01515	0.01463	0.00991	0.00517	0.00498	0.00150	0.00542	0.00491	0.00452	0.00744
7	0.01301	0.00808	0.00984	0.00756	0.01110	0.00684	0.00606	0.01620	0.09268	0.25052	0.09671	0.01514	0.01311	0.00514	0.00422	0.00110	0.00354	0.00424	0.00415	0.43075
8	0.01761	0.02247	0.01336	0.01215	0.01458	0.81537	0.00911	0.01883	0.01336	0.01154	0.00729	0.00850	0.00607	0.00486	0.00425	0.00121	0.00850	0.00304	0.00243	0.00547
9	0.01069	0.01021	0.01737	0.30924	0.53221	0.01095	0.01398	0.01361	0.01027	0.01422	0.00870	0.01199	0.00705	0.00438	0.00468	0.00146	0.00584	0.00420	0.00225	0.00668
10	0.01537	0.01163	0.11659	0.01282	0.01715	0.00921	0.27181	0.01882	0.04369	0.38094	0.01533	0.01526	0.03760	0.00528	0.00502	0.00152	0.00564	0.00507	0.00409	0.00716
11	0.02041	0.00849	0.01213	0.00920	0.01293	0.00749	0.05717	0.04638	0.01361	0.73289	0.01779	0.01569	0.01127	0.00571	0.00479	0.00147	0.00430	0.00478	0.00558	0.00792
12	0.00733	0.00525	0.00722	0.00787	0.00897	0.00514	0.00667	0.00951	0.01159	0.01553	0.25424	0.04789	0.03225	0.01203	0.00623	0.00197	0.00372	0.54765	0.00459	0.00437
13	0.00623	0.00445	0.00603	0.00712	0.00761	0.00425	0.00522	0.00740	0.00951	0.01258	0.02572	0.62775	0.03013	0.01432	0.00615	0.00198	0.00316	0.21209	0.00437	0.00396
14	0.08721	0.04521	0.07893	0.00980	0.01360	0.09246	0.00858	0.27000	0.01541	0.31293	0.01279	0.01222	0.00869	0.00538	0.00445	0.00141	0.00511	0.00404	0.00442	0.00736
15	0.00574	0.00410	0.00547	0.00657	0.00684	0.00383	0.00438	0.00657	0.00903	0.01204	0.02599	0.83122	0.03119	0.01477	0.00602	0.00191	0.00274	0.01340	0.00438	0.00383
16	0.01032	0.00877	0.01024	0.00745	0.01144	0.00715	0.00599	0.06173	0.01047	0.01612	0.00848	0.00990	0.00702	0.00382	0.00405	0.00080	0.03642	0.00294	0.00289	0.77400
17	0.01654	0.02667	0.04388	0.04526	0.02991	0.00857	0.02488	0.12824	0.01340	0.41072	0.01443	0.03893	0.01014	0.00545	0.00452	0.00133	0.00440	0.00447	0.00453	0.16375
18	0.01441	0.01796	0.22336	0.01386	0.01829	0.25897	0.21445	0.01755	0.01192	0.14901	0.01011	0.01127	0.00728	0.00470	0.00474	0.00143	0.00720	0.00410	0.00288	0.00652
19	0.01167	0.01120	0.01914	0.02894	0.80488	0.01120	0.01447	0.01447	0.01074	0.01540	0.00887	0.01167	0.00747	0.00420	0.00467	0.00140	0.00560	0.00420	0.00233	0.00747
20	0.01167	0.01120	0.01914	0.02894	0.80488	0.01120	0.01447	0.01447	0.01074	0.01540	0.00887	0.01167	0.00747	0.00420	0.00467	0.00140	0.00560	0.00420	0.00233	0.00747
21	0.00819	0.00410	0.00614	0.00614	0.00614	0.00410	0.00410	0.00614	0.00614	0.00819	0.00819	0.01433	0.00819	0.01638	0.01843	0.86282	0.00410	0.00410	0.00205	0.00205
22	0.01113	0.01272	0.02782	0.01987	0.02464	0.01192	0.78776	0.01510	0.01113	0.01510	0.00954	0.01272	0.00715	0.00397	0.00556	0.00159	0.00795	0.00556	0.00238	0.00636
23	0.00557	0.00478	0.00478	0.00478	0.00637	0.00398	0.00358	0.00677	0.01075	0.01274	0.04776	0.04538	0.80297	0.01194	0.00557	0.00159	0.00239	0.00995	0.00438	0.00398
24	0.00674	0.00505	0.00758	0.00758	0.00842	0.00589	0.00589	0.00842	0.00758	0.01095	0.01263	0.01852	0.01179	0.03536	0.81561	0.00758	0.01263	0.00505	0.00253	0.00421
25	0.00879	0.00439	0.00439	0.00439	0.00549	0.00439	0.00330	0.01099	0.00989	0.01758	0.01538	0.01758	0.01209	0.00549	0.00330	0.00110	0.00220	0.00439	0.86047	0.00439
26	0.05544	0.01303	0.01383	0.01064	0.01438	0.01444	0.00879	0.75493	0.02154	0.02934	0.01111	0.01116	0.00789	0.00560	0.00464	0.00142	0.00512	0.00417	0.00464	0.00789
27	0.00930	0.00899	0.01583	0.69382	0.07775	0.01067	0.09205	0.01250	0.00968	0.01256	0.00853	0.01253	0.00644	0.00461	0.00480	0.00156	0.00641	0.00433	0.00214	0.00549
28	0.01138	0.01090	0.01861	0.11313	0.72299	0.01113	0.01432	0.01421	0.01060	0.01505	0.00882	0.01177	0.00734	0.00426	0.00467	0.00142	0.00567	0.00420	0.00231	0.00723
29	0.39171	0.00920	0.01096	0.03694	0.16138	0.00967	0.04441	0.05104	0.01001	0.01841	0.03867	0.03866	0.04437	0.00533	0.00396	0.00141	0.00424	0.01997	0.00305	0.09660
30	0.08347	0.17997	0.05626	0.00902	0.01252	0.24451	0.00773	0.01466	0.01070	0.02820	0.00927	0.01034	0.03817	0.00459	0.00395	0.00109	0.02055	0.00317	0.00260	0.25921

[dist]
# distance from previous block
# <min> <max>
2	15

[block]
# block no. 2 follows, 54 sequences, length 17
# corresponding to MSA columns:
# 1244-1260
name=unknown_C
#
# <colnr> <probs for GDERKNQSTAVLIFYWHMCP>
#	G	D	E	R	K	N	Q	S	T	A	V	L	I	F	Y	W	H	M	C	P
0	0.03451	0.00853	0.00923	0.00835	0.01054	0.00936	0.00644	0.12717	0.38218	0.01936	0.12012	0.13539	0.09233	0.00833	0.00507	0.00160	0.00348	0.00706	0.00469	0.00626
1	0.01447	0.48731	0.01935	0.02649	0.01287	0.09306	0.00813	0.04152	0.07335	0.14490	0.00981	0.01017	0.00772	0.00479	0.00401	0.00120	0.02809	0.00330	0.00300	0.00645
2	0.00919	0.00789	0.02653	0.01031	0.01241	0.00759	0.17983	0.04205	0.10817	0.05484	0.11998	0.34283	0.02267	0.00956	0.00575	0.00170	0.02033	0.00889	0.00409	0.00537
3	0.01531	0.02818	0.08970	0.00971	0.01370	0.05063	0.00854	0.28467	0.08270	0.16894	0.01216	0.01207	0.00870	0.00511	0.00439	0.00128	0.00481	0.00395	0.00409	0.19136
4	0.15824	0.05096	0.01415	0.01179	0.08988	0.01059	0.10631	0.01335	0.03692	0.01550	0.00813	0.01024	0.00679	0.00482	0.00610	0.00132	0.16250	0.00357	0.00261	0.28624
5	0.04275	0.15318	0.03707	0.01068	0.01391	0.05149	0.13461	0.04805	0.23412	0.10596	0.01453	0.10840	0.01221	0.00628	0.00465	0.00148	0.00494	0.00545	0.00373	0.00651
6	0.01083	0.00781	0.00942	0.00704	0.01070	0.00609	0.00560	0.01286	0.01063	0.12121	0.09565	0.04034	0.01243	0.00484	0.00396	0.00092	0.00340	0.00402	0.00351	0.62874
7	0.00934	0.06013	0.69553	0.01263	0.01885	0.01070	0.01588	0.01424	0.00994	0.01458	0.01002	0.05013	0.00822	0.00537	0.00459	0.00152	0.00655	0.04290	0.00222	0.00665
8	0.01089	0.20075	0.11123	0.01073	0.01304	0.09917	0.04803	0.01267	0.00897	0.01170	0.00851	0.02897	0.00812	0.08840	0.06414	0.00225	0.26067	0.00416	0.00226	0.00536
9	0.00674	0.00505	0.00758	0.00758	0.00842	0.00589	0.00589	0.00842	0.00758	0.01095	0.01263	0.01852	0.01179	0.03536	0.81561	0.00758	0.01263	0.00505	0.00253	0.00421
10	0.00580	0.00475	0.00512	0.00510	0.00653	0.00407	0.00380	0.00719	0.01119	0.01395	0.19864	0.08236	0.61190	0.01162	0.00559	0.00159	0.00237	0.00984	0.00454	0.00407
11	0.01138	0.11948	0.46221	0.01501	0.12880	0.12794	0.04180	0.01534	0.01055	0.01405	0.00816	0.00980	0.00625	0.00442	0.00434	0.00139	0.00680	0.00348	0.00212	0.00669
12	0.01181	0.00937	0.01423	0.51719	0.06561	0.04559	0.05004	0.03295	0.02512	0.14792	0.01126	0.01371	0.02461	0.00506	0.00476	0.00153	0.00589	0.00445	0.00293	0.00597
13	0.00633	0.00441	0.00580	0.00653	0.00712	0.00409	0.00457	0.00749	0.00999	0.03163	0.14755	0.60572	0.07371	0.01352	0.00592	0.00183	0.00275	0.05243	0.00454	0.00406
14	0.04441	0.01245	0.03440	0.27322	0.33358	0.13994	0.06702	0.01444	0.01065	0.01392	0.00841	0.01133	0.00673	0.00446	0.00461	0.00144	0.00640	0.00403	0.00229	0.00627
15	0.01387	0.08606	0.24713	0.01055	0.01483	0.07146	0.01050	0.08267	0.19568	0.17814	0.03359	0.01343	0.01028	0.00542	0.00451	0.00144	0.00529	0.00425	0.00377	0.00713
16	0.00619	0.00479	0.00558	0.00596	0.00692	0.00443	0.00423	0.00787	0.04902	0.01308	0.09436	0.35174	0.31934	0.07119	0.00705	0.00194	0.00280	0.03509	0.00435	0.00406

[dist]
# distance from previous block
# <min> <max>
0	46

[block]
# block no. 3 follows, 54 sequences, length 27
# corresponding to MSA columns:
# 1307-1333
name=unknown_D
#
# <colnr> <probs for GDERKNQSTAVLIFYWHMCP>
#	G	D	E	R	K	N	Q	S	T	A	V	L	I	F	Y	W	H	M	C	P
0	0.01211	0.01004	0.01067	0.00955	0.01225	0.01153	0.00744	0.02497	0.76476	0.05155	0.01917	0.01753	0.01428	0.00637	0.00480	0.00159	0.00374	0.00531	0.00484	0.00749
1	0.01320	0.01268	0.04717	0.11729	0.05346	0.01263	0.36089	0.28599	0.01473	0.01985	0.00996	0.01208	0.00732	0.00468	0.00509	0.00152	0.00665	0.00481	0.00315	0.00687
2	0.01291	0.00872	0.01026	0.00794	0.01164	0.00775	0.00635	0.01765	0.20050	0.20208	0.01338	0.01313	0.00987	0.00474	0.00410	0.00109	0.00367	0.00386	0.00399	0.45635
3	0.01073	0.01100	0.01438	0.01237	0.01250	0.05949	0.01025	0.01177	0.00757	0.01136	0.00625	0.01021	0.00618	0.00806	0.01484	0.00202	0.77970	0.00406	0.00208	0.00518
4	0.01792	0.01321	0.01415	0.01085	0.01462	0.01462	0.00896	0.78916	0.02217	0.02972	0.01132	0.01132	0.00802	0.00566	0.00472	0.00142	0.00519	0.00425	0.00472	0.00802
5	0.00686	0.00457	0.00514	0.00514	0.00514	0.00457	0.00286	0.00686	0.00686	0.00914	0.01486	0.03086	0.01714	0.83430	0.02400	0.00457	0.00457	0.00686	0.00286	0.00286
6	0.00667	0.00482	0.00630	0.00593	0.00704	0.00445	0.00445	0.00890	0.01335	0.01891	0.80239	0.03522	0.04449	0.00964	0.00556	0.00148	0.00222	0.00853	0.00519	0.00445
7	0.00638	0.00528	0.00810	0.00789	0.00894	0.00485	0.10039	0.00765	0.00958	0.01253	0.02769	0.59648	0.16011	0.01296	0.00589	0.00182	0.00332	0.01185	0.00413	0.00417
8	0.08575	0.00905	0.01477	0.59536	0.15447	0.01065	0.03883	0.01270	0.00957	0.01350	0.00834	0.01199	0.00640	0.00458	0.00458	0.00153	0.00600	0.00409	0.00222	0.00562
9	0.00686	0.00457	0.00514	0.00514	0.00514	0.00457	0.00286	0.00686	0.00686	0.00914	0.01486	0.03086	0.01714	0.83430	0.02400	0.00457	0.00457	0.00686	0.00286	0.00286
10	0.00597	0.00474	0.00539	0.00548	0.00676	0.00415	0.00409	0.00743	0.01121	0.01431	0.23896	0.13957	0.47603	0.01174	0.00567	0.00163	0.00248	0.04570	0.00459	0.00410
11	0.01004	0.08964	0.62441	0.01511	0.11794	0.01165	0.03758	0.01481	0.01005	0.01468	0.00838	0.01005	0.00620	0.00439	0.00441	0.00144	0.00667	0.00355	0.00205	0.00694
12	0.03751	0.00654	0.00947	0.00861	0.01007	0.00654	0.10294	0.05588	0.03687	0.05660	0.01976	0.43213	0.02122	0.05387	0.00665	0.00187	0.02601	0.02606	0.07657	0.00482
13	0.14515	0.49705	0.09853	0.00985	0.03605	0.07941	0.04953	0.01459	0.00979	0.01340	0.00703	0.00828	0.00600	0.00420	0.00343	0.00118	0.00546	0.00287	0.00222	0.00601
14	0.86760	0.00912	0.00693	0.00620	0.00912	0.01058	0.00511	0.01386	0.00802	0.02115	0.00657	0.00766	0.00511	0.00438	0.00292	0.00146	0.00365	0.00255	0.00292	0.00511
15	0.00578	0.00413	0.00550	0.00654	0.00685	0.00385	0.00438	0.00664	0.00917	0.01227	0.05206	0.80449	0.03163	0.01460	0.00600	0.00190	0.00272	0.01324	0.00440	0.00385
16	0.08027	0.01157	0.01068	0.00922	0.03442	0.17483	0.00697	0.06914	0.09920	0.03682	0.07958	0.03235	0.01152	0.00530	0.00438	0.00118	0.02095	0.00408	0.00338	0.30417
17	0.05301	0.00883	0.01070	0.00858	0.01184	0.00870	0.00697	0.11620	0.15601	0.47610	0.05131	0.01629	0.01289	0.00601	0.00466	0.00147	0.00395	0.00485	0.03413	0.00752
18	0.00574	0.00413	0.00544	0.00650	0.00682	0.00384	0.00435	0.00657	0.00909	0.01206	0.02682	0.80125	0.06061	0.01466	0.00600	0.00190	0.00272	0.01327	0.00438	0.00384
19	0.00574	0.00410	0.00547	0.00657	0.00684	0.00383	0.00438	0.00657	0.00903	0.01204	0.02599	0.83122	0.03119	0.01477	0.00602	0.00191	0.00274	0.01340	0.00438	0.00383
20	0.08157	0.18540	0.09956	0.03993	0.01696	0.17608	0.21457	0.01566	0.03725	0.03785	0.02343	0.01170	0.03044	0.00474	0.00437	0.00137	0.00644	0.00407	0.00260	0.00602
21	0.00845	0.00526	0.00655	0.00638	0.00746	0.00505	0.00459	0.02965	0.03055	0.09375	0.23345	0.22480	0.05978	0.15967	0.02806	0.00229	0.00337	0.02926	0.05712	0.00450
22	0.00574	0.00410	0.00547	0.00657	0.00684	0.00383	0.00438	0.00657	0.00903	0.01204	0.02599	0.83122	0.03119	0.01477	0.00602	0.00191	0.00274	0.01340	0.00438	0.00383
23	0.14741	0.06648	0.18438	0.01370	0.05868	0.01148	0.23747	0.08917	0.02594	0.07081	0.01026	0.04525	0.00805	0.00494	0.00458	0.00149	0.00593	0.00453	0.00294	0.00651
24	0.03872	0.03338	0.01409	0.13892	0.12108	0.05981	0.05497	0.12207	0.18734	0.09545	0.04033	0.01460	0.02615	0.00560	0.00497	0.00149	0.02596	0.00469	0.00366	0.00672
25	0.00887	0.00552	0.00748	0.00802	0.00936	0.00527	0.00673	0.01073	0.01093	0.11301	0.02634	0.15119	0.09502	0.01226	0.00614	0.00200	0.00391	0.50799	0.00454	0.00470
26	0.02587	0.63018	0.03375	0.00824	0.01218	0.04995	0.00787	0.01462	0.05084	0.01232	0.00750	0.00844	0.00659	0.00414	0.00325	0.00102	0.00493	0.00274	0.00229	0.11328

[dist]
# distance from previous block
# <min> <max>
2	6

[block]
# block no. 4 follows, 54 sequences, length 91
# corresponding to MSA columns:
# 1340-1430
name=unknown_E
#
# <colnr> <probs for GDERKNQSTAVLIFYWHMCP>
#	G	D	E	R	K	N	Q	S	T	A	V	L	I	F	Y	W	H	M	C	P
0	0.01409	0.11456	0.04082	0.01447	0.01790	0.36965	0.28678	0.01643	0.01169	0.01284	0.00797	0.01003	0.00646	0.00462	0.00520	0.00138	0.05294	0.00395	0.00233	0.00588
1	0.05484	0.01251	0.01332	0.01034	0.01399	0.03019	0.00851	0.62163	0.04979	0.11884	0.01217	0.01189	0.00852	0.00564	0.00464	0.00142	0.00500	0.00425	0.00472	0.00782
2	0.03884	0.01352	0.01219	0.01006	0.01308	0.22403	0.02636	0.29126	0.05534	0.05419	0.06646	0.04634	0.03208	0.00601	0.00458	0.00134	0.00542	0.00466	0.00388	0.09037
3	0.00667	0.00517	0.00613	0.00652	0.00753	0.00502	0.00471	0.00932	0.10659	0.01387	0.10600	0.38708	0.22215	0.03669	0.00627	0.00185	0.00287	0.05671	0.00446	0.00438
4	0.01027	0.01029	0.01439	0.10635	0.01474	0.02716	0.01062	0.01155	0.00758	0.01143	0.00646	0.01055	0.00620	0.00779	0.01404	0.00199	0.71722	0.00412	0.00207	0.00517
5	0.01191	0.01032	0.01129	0.00999	0.01240	0.01220	0.00788	0.06552	0.66226	0.01930	0.01725	0.01640	0.01309	0.00657	0.00603	0.00164	0.09911	0.00513	0.00448	0.00723
6	0.01761	0.01390	0.01395	0.04593	0.01530	0.10702	0.00909	0.64009	0.02030	0.05352	0.01098	0.01121	0.00784	0.00553	0.00466	0.00140	0.00558	0.00412	0.00438	0.00760
7	0.00594	0.00447	0.00551	0.00592	0.00677	0.00403	0.00418	0.00724	0.01063	0.01405	0.23764	0.41049	0.24065	0.01266	0.00578	0.00171	0.00251	0.01119	0.00459	0.00403
8	0.00557	0.00478	0.00478	0.00478	0.00637	0.00398	0.00358	0.00677	0.01075	0.01274	0.04776	0.04538	0.80297	0.01194	0.00557	0.00159	0.00239	0.00995	0.00438	0.00398
9	0.76947	0.00899	0.00740	0.00645	0.00946	0.01015	0.00532	0.01492	0.00866	0.11240	0.00796	0.00863	0.00587	0.00455	0.00313	0.00146	0.00369	0.00281	0.00326	0.00544
10	0.05456	0.00487	0.00494	0.00474	0.00610	0.00488	0.00362	0.01190	0.01002	0.06801	0.01512	0.01696	0.01169	0.00546	0.00337	0.00114	0.00239	0.00432	0.76123	0.00466
11	0.00589	0.00456	0.00534	0.00563	0.00665	0.00404	0.00402	0.00716	0.01067	0.01377	0.20226	0.30704	0.36812	0.02531	0.00601	0.00172	0.00250	0.01076	0.00453	0.00401
12	0.01167	0.01120	0.01914	0.02894	0.80488	0.01120	0.01447	0.01447	0.01074	0.01540	0.00887	0.01167	0.00747	0.00420	0.00467	0.00140	0.00560	0.00420	0.00233	0.00747
13	0.02115	0.00802	0.01094	0.00839	0.01204	0.00693	0.00693	0.02298	0.01350	0.80815	0.01860	0.01605	0.01167	0.00584	0.00474	0.00146	0.00401	0.00474	0.00584	0.00802
14	0.00574	0.00410	0.00547	0.00657	0.00684	0.00383	0.00438	0.00657	0.00903	0.01204	0.02599	0.83122	0.03119	0.01477	0.00602	0.00191	0.00274	0.01340	0.00438	0.00383
15	0.00760	0.00543	0.00760	0.00868	0.00977	0.00543	0.00760	0.00977	0.01085	0.01411	0.02496	0.05319	0.02714	0.01303	0.00651	0.00217	0.00434	0.77315	0.00434	0.00434
16	0.01761	0.02247	0.01336	0.01215	0.01458	0.81537	0.00911	0.01883	0.01336	0.01154	0.00729	0.00850	0.00607	0.00486	0.00425	0.00121	0.00850	0.00304	0.00243	0.00547
17	0.01761	0.02247	0.01336	0.01215	0.01458	0.81537	0.00911	0.01883	0.01336	0.01154	0.00729	0.00850	0.00607	0.00486	0.00425	0.00121	0.00850	0.00304	0.00243	0.00547
18	0.01775	0.01312	0.01405	0.01081	0.01456	0.01454	0.00892	0.76783	0.04378	0.02944	0.01154	0.01150	0.00820	0.00568	0.00472	0.00142	0.00515	0.00428	0.00472	0.00800
19	0.01325	0.01357	0.01129	0.01031	0.01280	0.25438	0.00797	0.02221	0.51031	0.01690	0.01595	0.01707	0.01268	0.00635	0.00474	0.00152	0.00521	0.05278	0.00405	0.00666
20	0.86760	0.00912	0.00693	0.00620	0.00912	0.01058	0.00511	0.01386	0.00802	0.02115	0.00657	0.00766	0.00511	0.00438	0.00292	0.00146	0.00365	0.00255	0.00292	0.00511
21	0.00890	0.00838	0.01414	0.82296	0.03247	0.01048	0.01309	0.01205	0.00943	0.01205	0.00838	0.01257	0.00629	0.00471	0.00471	0.00157	0.00629	0.00419	0.00210	0.00524
22	0.02063	0.00887	0.01147	0.00879	0.01246	0.00819	0.00726	0.14826	0.01491	0.68087	0.01741	0.01528	0.01107	0.00581	0.00474	0.00145	0.00420	0.00466	0.00565	0.00802
23	0.01053	0.01067	0.01441	0.01237	0.01244	0.03772	0.01028	0.01156	0.00740	0.01135	0.00622	0.01026	0.00619	0.00815	0.01515	0.00204	0.80191	0.00409	0.00207	0.00517
24	0.00667	0.00482	0.00630	0.00593	0.00704	0.00445	0.00445	0.00890	0.01335	0.01891	0.80239	0.03522	0.04449	0.00964	0.00556	0.00148	0.00222	0.00853	0.00519	0.00445
25	0.00580	0.00414	0.00553	0.00662	0.00692	0.00387	0.00447	0.00665	0.00908	0.01209	0.02596	0.80950	0.03107	0.01472	0.00603	0.00192	0.00278	0.03461	0.00438	0.00384
26	0.05270	0.00836	0.01184	0.00902	0.01271	0.00738	0.05557	0.02214	0.01314	0.72877	0.01758	0.01552	0.01114	0.00566	0.00472	0.00147	0.00424	0.00471	0.00551	0.00781
27	0.01018	0.01012	0.01418	0.01220	0.01223	0.01412	0.01015	0.01124	0.00723	0.01133	0.00643	0.01063	0.00640	0.00928	0.04588	0.00227	0.79477	0.00416	0.00208	0.00512
28	0.00997	0.00828	0.00972	0.00701	0.01110	0.00625	0.00559	0.01204	0.00985	0.03486	0.00900	0.02711	0.00761	0.00379	0.00358	0.00074	0.00349	0.00306	0.00290	0.82405
29	0.04491	0.01047	0.01074	0.00955	0.01229	0.03152	0.00747	0.05750	0.69302	0.04070	0.01806	0.01668	0.01349	0.00624	0.00471	0.00157	0.00392	0.00511	0.00469	0.00736
30	0.08044	0.01017	0.01194	0.00922	0.01286	0.01027	0.00761	0.32860	0.01657	0.44065	0.01483	0.01356	0.00974	0.00566	0.00460	0.00144	0.00446	0.00439	0.00518	0.00781
31	0.00558	0.00476	0.00479	0.00481	0.00638	0.00398	0.00360	0.00676	0.01071	0.01272	0.04731	0.06172	0.78692	0.01200	0.00558	0.00160	0.00240	0.01002	0.00438	0.00398
32	0.01545	0.31904	0.01830	0.01101	0.01421	0.44726	0.04992	0.05026	0.01224	0.01235	0.00731	0.00850	0.00621	0.00455	0.00389	0.00117	0.00707	0.00303	0.00238	0.00584
33	0.00957	0.00815	0.00866	0.00810	0.01023	0.00896	0.00618	0.01855	0.51776	0.01717	0.02679	0.11855	0.20437	0.00869	0.00512	0.00163	0.00330	0.00737	0.00465	0.00621
34	0.00557	0.00478	0.00478	0.00478	0.00637	0.00398	0.00358	0.00677	0.01075	0.01274	0.04776	0.04538	0.80297	0.01194	0.00557	0.00159	0.00239	0.00995	0.00438	0.00398
35	0.02034	0.00933	0.01175	0.00901	0.01269	0.00886	0.00744	0.21552	0.01567	0.61253	0.01677	0.01486	0.01075	0.00579	0.00474	0.00145	0.00431	0.00462	0.00555	0.00802
36	0.01061	0.01162	0.02424	0.21374	0.05253	0.01155	0.57527	0.01435	0.01071	0.01438	0.00924	0.01265	0.00696	0.00416	0.00533	0.00158	0.00747	0.00519	0.00231	0.00613
37	0.01792	0.01321	0.01415	0.01085	0.01462	0.01462	0.00896	0.78916	0.02217	0.02972	0.01132	0.01132	0.00802	0.00566	0.00472	0.00142	0.00519	0.00425	0.00472	0.00802
38	0.00579	0.00414	0.00553	0.00662	0.00692	0.00387	0.00446	0.00665	0.00908	0.01209	0.02596	0.81088	0.03108	0.01473	0.00603	0.00192	0.00278	0.03327	0.00438	0.00384
39	0.06718	0.10525	0.01274	0.00871	0.01217	0.01023	0.00729	0.20312	0.02789	0.42169	0.03019	0.04913	0.01129	0.00597	0.00450	0.00142	0.00430	0.00470	0.00486	0.00737
40	0.01396	0.00964	0.01067	0.00910	0.01196	0.01056	0.00722	0.13201	0.46811	0.16415	0.04456	0.01702	0.01388	0.00624	0.00471	0.00151	0.00384	0.00512	0.05837	0.00735
41	0.01028	0.23771	0.60378	0.01203	0.01823	0.01297	0.01497	0.01472	0.00986	0.01392	0.00796	0.00933	0.00599	0.00436	0.00410	0.00137	0.00646	0.00323	0.00200	0.00673
42	0.01762	0.02215	0.01339	0.01210	0.01458	0.78793	0.00911	0.04522	0.01366	0.01216	0.00743	0.00860	0.00614	0.00489	0.00427	0.00122	0.00839	0.00308	0.00251	0.00555
43	0.00620	0.00512	0.00552	0.00528	0.00692	0.00444	0.00399	0.00806	0.03744	0.01442	0.20814	0.04072	0.57838	0.01089	0.00545	0.00153	0.00245	0.00918	0.00450	0.04139
44	0.01142	0.01094	0.01868	0.10159	0.73421	0.01114	0.01434	0.01425	0.01062	0.01510	0.00882	0.01175	0.00736	0.00425	0.00467	0.00142	0.00566	0.00420	0.00231	0.00726
45	0.01184	0.00987	0.01047	0.00939	0.01205	0.01130	0.00731	0.02436	0.74225	0.04687	0.02015	0.01849	0.04132	0.00657	0.00482	0.00159	0.00370	0.00547	0.00482	0.00736
46	0.01167	0.01120	0.01914	0.02894	0.80488	0.01120	0.01447	0.01447	0.01074	0.01540	0.00887	0.01167	0.00747	0.00420	0.00467	0.00140	0.00560	0.00420	0.00233	0.00747
47	0.00609	0.00492	0.00543	0.00528	0.00674	0.00433	0.00397	0.00793	0.03101	0.01497	0.29849	0.04131	0.53079	0.01104	0.00555	0.00156	0.00237	0.00936	0.00466	0.00422
48	0.02037	0.00929	0.01173	0.00899	0.01267	0.00881	0.00743	0.20996	0.01561	0.61817	0.01682	0.01489	0.01078	0.00579	0.00474	0.00145	0.00430	0.00462	0.00556	0.00802
49	0.01409	0.00646	0.00868	0.00719	0.00960	0.00572	0.00572	0.01611	0.01342	0.42317	0.40092	0.02540	0.02768	0.00769	0.00514	0.00147	0.00314	0.00659	0.00552	0.00628
50	0.00574	0.00410	0.00547	0.00657	0.00684	0.00383	0.00438	0.00657	0.00903	0.01204	0.02599	0.83122	0.03119	0.01477	0.00602	0.00191	0.00274	0.01340	0.00438	0.00383
51	0.00946	0.02439	0.80987	0.01344	0.02041	0.01095	0.01742	0.01493	0.00995	0.01493	0.00846	0.00995	0.00597	0.00448	0.00448	0.00149	0.00697	0.00348	0.00199	0.00697
52	0.00557	0.00478	0.00478	0.00478	0.00637	0.00398	0.00358	0.00677	0.01075	0.01274	0.04776	0.04538	0.80297	0.01194	0.00557	0.00159	0.00239	0.00995	0.00438	0.00398
53	0.00579	0.00413	0.00552	0.00661	0.00690	0.00386	0.00445	0.00664	0.00907	0.01208	0.02596	0.81405	0.03110	0.01473	0.00603	0.00192	0.00277	0.03017	0.00438	0.00384
54	0.86760	0.00912	0.00693	0.00620	0.00912	0.01058	0.00511	0.01386	0.00802	0.02115	0.00657	0.00766	0.00511	0.00438	0.00292	0.00146	0.00365	0.00255	0.00292	0.00511
55	0.02115	0.00802	0.01094	0.00839	0.01204	0.00693	0.00693	0.02298	0.01350	0.80815	0.01860	0.01605	0.01167	0.00584	0.00474	0.00146	0.00401	0.00474	0.00584	0.00802
56	0.00716	0.00518	0.00664	0.00614	0.00737	0.00489	0.00464	0.04267	0.01373	0.01938	0.76815	0.03419	0.04291	0.00947	0.00552	0.00148	0.00235	0.00834	0.00517	0.00460
57	0.00879	0.00439	0.00439	0.00439	0.00549	0.00439	0.00330	0.01099	0.00989	0.01758	0.01538	0.01758	0.01209	0.00549	0.00330	0.00110	0.00220	0.00439	0.86047	0.00439
58	0.00574	0.00410	0.00547	0.00657	0.00684	0.00383	0.00438	0.00657	0.00903	0.01204	0.02599	0.83122	0.03119	0.01477	0.00602	0.00191	0.00274	0.01340	0.00438	0.00383
59	0.00663	0.00482	0.00624	0.00589	0.00702	0.00443	0.00442	0.00882	0.01325	0.01867	0.77372	0.03561	0.07331	0.00973	0.00556	0.00149	0.00223	0.00858	0.00516	0.00443
60	0.01097	0.00915	0.01139	0.00823	0.01240	0.00753	0.05477	0.09436	0.01125	0.03436	0.00899	0.01026	0.00721	0.00380	0.00378	0.00085	0.00396	0.00316	0.00304	0.70055
61	0.86760	0.00912	0.00693	0.00620	0.00912	0.01058	0.00511	0.01386	0.00802	0.02115	0.00657	0.00766	0.00511	0.00438	0.00292	0.00146	0.00365	0.00255	0.00292	0.00511
62	0.86760	0.00912	0.00693	0.00620	0.00912	0.01058	0.00511	0.01386	0.00802	0.02115	0.00657	0.00766	0.00511	0.00438	0.00292	0.00146	0.00365	0.00255	0.00292	0.00511
63	0.01032	0.01032	0.01444	0.01238	0.01238	0.01444	0.01032	0.01135	0.00722	0.01135	0.00619	0.01032	0.00619	0.00825	0.01547	0.00206	0.82567	0.00413	0.00206	0.00516
64	0.01040	0.00991	0.01685	0.39230	0.45141	0.01087	0.01384	0.01336	0.01014	0.01387	0.00865	0.01208	0.00693	0.00444	0.00469	0.00148	0.00591	0.00420	0.00222	0.00645
65	0.01181	0.01147	0.01900	0.02854	0.78602	0.03040	0.01434	0.01457	0.01080	0.01531	0.00883	0.01159	0.00744	0.00422	0.00466	0.00140	0.00567	0.00417	0.00234	0.00742
66	0.00667	0.00482	0.00630	0.00593	0.00704	0.00445	0.00445	0.00890	0.01335	0.01891	0.80239	0.03522	0.04449	0.00964	0.00556	0.00148	0.00222	0.00853	0.00519	0.00445
67	0.00574	0.00410	0.00547	0.00657	0.00684	0.00383	0.00438	0.00657	0.00903	0.01204	0.02599	0.83122	0.03119	0.01477	0.00602	0.00191	0.00274	0.01340	0.00438	0.00383
68	0.01067	0.31872	0.35332	0.01196	0.01715	0.01349	0.12788	0.01423	0.01012	0.01360	0.03119	0.01167	0.02419	0.00469	0.00420	0.00134	0.00614	0.01683	0.00224	0.00636
69	0.02115	0.00802	0.01094	0.00839	0.01204	0.00693	0.00693	0.02298	0.01350	0.80815	0.01860	0.01605	0.01167	0.00584	0.00474	0.00146	0.00401	0.00474	0.00584	0.00802
70	0.00755	0.00537	0.00744	0.00846	0.00948	0.00537	0.00730	0.00959	0.01060	0.01380	0.02433	0.05179	0.02651	0.06426	0.00760	0.00232	0.00436	0.72534	0.00425	0.00425
71	0.00770	0.00630	0.01945	0.00752	0.00862	0.00641	0.00564	0.05185	0.11880	0.01485	0.10321	0.44086	0.09592	0.01173	0.00630	0.00178	0.05706	0.02687	0.00435	0.00478
72	0.01176	0.04836	0.01491	0.01227	0.01297	0.16042	0.02283	0.01289	0.00851	0.01143	0.00646	0.00991	0.00618	0.00738	0.01273	0.00186	0.62785	0.00388	0.00213	0.00527
73	0.00680	0.00480	0.00633	0.00633	0.00673	0.00521	0.00433	0.00762	0.00721	0.01002	0.01377	0.02486	0.01454	0.44613	0.40861	0.00603	0.00849	0.00598	0.00270	0.00351
74	0.01103	0.01253	0.02723	0.05464	0.02498	0.01186	0.75423	0.01497	0.01106	0.01497	0.00949	0.01271	0.00712	0.00401	0.00553	0.00159	0.00788	0.00550	0.00237	0.00631
75	0.01167	0.04106	0.15979	0.09047	0.26363	0.02475	0.23201	0.01515	0.01086	0.07631	0.02306	0.01229	0.00790	0.00446	0.00485	0.00147	0.00641	0.00450	0.00258	0.00678
76	0.00679	0.00485	0.00657	0.00657	0.00707	0.00535	0.00464	0.00777	0.00728	0.01020	0.01355	0.02361	0.01400	0.36503	0.48896	0.00634	0.00930	0.00580	0.00266	0.00365
77	0.01723	0.00874	0.01161	0.00933	0.01194	0.00920	0.00769	0.07952	0.02792	0.49009	0.01487	0.01456	0.01021	0.00749	0.03798	0.00181	0.19093	0.00457	0.03722	0.00708
78	0.11388	0.01051	0.01068	0.00883	0.01143	0.06863	0.00700	0.29675	0.05224	0.12599	0.01237	0.01458	0.00975	0.10448	0.03159	0.00198	0.04047	0.00442	0.06805	0.00635
79	0.00946	0.02439	0.80987	0.01344	0.02041	0.01095	0.01742	0.01493	0.00995	0.01493	0.00846	0.00995	0.00597	0.00448	0.00448	0.00149	0.00697	0.00348	0.00199	0.00697
80	0.00890	0.00838	0.01414	0.82296	0.03247	0.01048	0.01309	0.01205	0.00943	0.01205	0.00838	0.01257	0.00629	0.00471	0.00471	0.00157	0.00629	0.00419	0.00210	0.00524
81	0.01373	0.00955	0.01062	0.00909	0.01190	0.01041	0.00719	0.13113	0.45429	0.16283	0.06950	0.03072	0.02755	0.00660	0.00483	0.00154	0.00382	0.00546	0.02196	0.00727
82	0.00890	0.00838	0.01414	0.82296	0.03247	0.01048	0.01309	0.01205	0.00943	0.01205	0.00838	0.01257	0.00629	0.00471	0.00471	0.00157	0.00629	0.00419	0.00210	0.00524
83	0.00686	0.00457	0.00514	0.00514	0.00514	0.00457	0.00286	0.00686	0.00686	0.00914	0.01486	0.03086	0.01714	0.83430	0.02400	0.00457	0.00457	0.00686	0.00286	0.00286
84	0.01103	0.01256	0.02741	0.01963	0.02431	0.01177	0.77326	0.01495	0.01109	0.01505	0.00984	0.02786	0.00760	0.00417	0.00557	0.00160	0.00785	0.00571	0.00242	0.00631
85	0.36589	0.01067	0.01070	0.00869	0.01188	0.01195	0.03263	0.33529	0.07102	0.02414	0.01016	0.01075	0.00754	0.00512	0.00391	0.00143	0.00433	0.00368	0.06374	0.00647
86	0.00608	0.00506	0.00523	0.00508	0.00670	0.00438	0.00384	0.03284	0.01136	0.01386	0.11542	0.04332	0.70746	0.01152	0.00554	0.00158	0.00247	0.00963	0.00446	0.00416
87	0.00629	0.00506	0.00596	0.00626	0.03328	0.00449	0.00455	0.00794	0.01157	0.01487	0.28114	0.04173	0.47426	0.01105	0.00562	0.00160	0.00261	0.07289	0.00456	0.00427
88	0.01717	0.02164	0.01331	0.01207	0.01442	0.76114	0.00909	0.01879	0.03999	0.01181	0.00766	0.00887	0.00636	0.00502	0.00464	0.00126	0.03557	0.00315	0.00250	0.00552
89	0.01212	0.70272	0.11495	0.00868	0.01294	0.02967	0.00905	0.01411	0.00981	0.01180	0.03311	0.00877	0.00731	0.00428	0.00330	0.00108	0.00523	0.00284	0.00213	0.00610
90	0.00583	0.00410	0.00549	0.00655	0.00682	0.00384	0.00437	0.00655	0.00893	0.01191	0.02540	0.80420	0.03042	0.01483	0.00643	0.03039	0.00278	0.01310	0.00430	0.00377

[dist]
# distance from previous block
# <min> <max>
0	1

[block]
# block no. 5 follows, 54 sequences, length 89
# corresponding to MSA columns:
# 1432-1436,1440-1470,1476-1497,1504-1534
name=unknown_F
#
# <colnr> <probs for GDERKNQSTAVLIFYWHMCP>
#	G	D	E	R	K	N	Q	S	T	A	V	L	I	F	Y	W	H	M	C	P
0	0.01243	0.81230	0.02420	0.00805	0.01199	0.01828	0.00800	0.01395	0.00952	0.01109	0.00674	0.00789	0.00622	0.00497	0.02728	0.00120	0.00527	0.00260	0.00203	0.00600
1	0.00975	0.00925	0.01568	0.57929	0.26951	0.01070	0.01352	0.01279	0.00983	0.01308	0.00853	0.01229	0.00665	0.00456	0.00470	0.00152	0.00608	0.00419	0.00217	0.00592
2	0.01694	0.02865	0.01353	0.01091	0.01406	0.24010	0.00874	0.48956	0.03659	0.02280	0.01058	0.01196	0.00816	0.00603	0.00511	0.03274	0.00602	0.02667	0.00392	0.00693
3	0.01022	0.00849	0.00929	0.05134	0.01136	0.00961	0.00648	0.03458	0.50915	0.01661	0.01874	0.02174	0.05144	0.20900	0.00952	0.00232	0.00404	0.00584	0.00416	0.00607
4	0.79184	0.03341	0.00749	0.00634	0.00917	0.01054	0.00524	0.01355	0.00804	0.02026	0.00692	0.00829	0.00553	0.00618	0.05053	0.00180	0.00421	0.00270	0.00287	0.00508
5	0.01097	0.00649	0.00756	0.00658	0.00881	0.00594	0.00516	0.08340	0.03105	0.21852	0.12817	0.06147	0.38813	0.00950	0.00528	0.00154	0.00308	0.00794	0.00489	0.00552
6	0.00674	0.00505	0.00758	0.00758	0.00842	0.00589	0.00589	0.00842	0.00758	0.01095	0.01263	0.01852	0.01179	0.03536	0.81561	0.00758	0.01263	0.00505	0.00253	0.00421
7	0.01019	0.00970	0.01549	0.52856	0.23980	0.02972	0.01313	0.03585	0.01015	0.01344	0.00848	0.01209	0.00665	0.00477	0.00517	0.00153	0.04295	0.00417	0.00224	0.00593
8	0.01267	0.73168	0.05518	0.00853	0.01255	0.05385	0.00846	0.01484	0.04415	0.01164	0.00722	0.00814	0.00641	0.00419	0.00322	0.00106	0.00522	0.00271	0.00216	0.00612
9	0.01322	0.24241	0.31476	0.01149	0.01609	0.27570	0.01194	0.03892	0.01133	0.01323	0.00765	0.00888	0.00609	0.00452	0.00402	0.00127	0.00690	0.00310	0.00222	0.00626
10	0.00672	0.00503	0.00630	0.00645	0.00741	0.00486	0.00465	0.00938	0.08343	0.01604	0.39447	0.33773	0.07679	0.01142	0.00567	0.00166	0.00257	0.01017	0.00480	0.00446
11	0.11433	0.01752	0.01270	0.01092	0.01383	0.44597	0.00850	0.24061	0.04496	0.03446	0.00905	0.00972	0.00695	0.00511	0.00426	0.00132	0.00672	0.00345	0.00330	0.00629
12	0.00580	0.00418	0.00549	0.00645	0.00683	0.00388	0.00435	0.00672	0.00938	0.01250	0.07618	0.74639	0.06575	0.01432	0.00597	0.00187	0.00269	0.01294	0.00443	0.00388
13	0.01164	0.01128	0.01960	0.02846	0.76360	0.01124	0.05539	0.01450	0.01076	0.01539	0.00890	0.01173	0.00745	0.00419	0.00472	0.00141	0.00573	0.00427	0.00234	0.00741
14	0.01122	0.00961	0.01022	0.00929	0.01177	0.01103	0.00718	0.02347	0.72431	0.01934	0.05618	0.05499	0.01656	0.00693	0.00489	0.00161	0.00362	0.00584	0.00480	0.00716
15	0.02115	0.00802	0.01094	0.00839	0.01204	0.00693	0.00693	0.02298	0.01350	0.80815	0.01860	0.01605	0.01167	0.00584	0.00474	0.00146	0.00401	0.00474	0.00584	0.00802
16	0.00563	0.00470	0.00491	0.00503	0.00645	0.00398	0.00371	0.00681	0.01061	0.01284	0.06761	0.14151	0.68562	0.01222	0.00563	0.00163	0.00243	0.01033	0.00440	0.00398
17	0.00760	0.00543	0.00760	0.00868	0.00977	0.00543	0.00760	0.00977	0.01085	0.01411	0.02496	0.05319	0.02714	0.01303	0.00651	0.00217	0.00434	0.77315	0.00434	0.00434
18	0.01792	0.01321	0.01415	0.01085	0.01462	0.01462	0.00896	0.78916	0.02217	0.02972	0.01132	0.01132	0.00802	0.00566	0.00472	0.00142	0.00519	0.00425	0.00472	0.00802
19	0.00672	0.00451	0.00518	0.00532	0.00536	0.00448	0.00305	0.00682	0.00713	0.00951	0.01627	0.13240	0.01892	0.73032	0.02172	0.00423	0.00434	0.00769	0.00305	0.00298
20	0.00605	0.00477	0.00546	0.00535	0.00668	0.00418	0.00399	0.00767	0.01179	0.01536	0.37124	0.07535	0.44316	0.01108	0.00559	0.00156	0.00233	0.00949	0.00473	0.00418
21	0.01761	0.02247	0.01336	0.01215	0.01458	0.81537	0.00911	0.01883	0.01336	0.01154	0.00729	0.00850	0.00607	0.00486	0.00425	0.00121	0.00850	0.00304	0.00243	0.00547
22	0.02115	0.00802	0.01094	0.00839	0.01204	0.00693	0.00693	0.02298	0.01350	0.80815	0.01860	0.01605	0.01167	0.00584	0.00474	0.00146	0.00401	0.00474	0.00584	0.00802
23	0.00659	0.00475	0.00623	0.00599	0.00703	0.00439	0.00444	0.00868	0.01295	0.01828	0.73114	0.10828	0.04327	0.01011	0.00560	0.00152	0.00227	0.00897	0.00512	0.00439
24	0.00583	0.00417	0.00555	0.00651	0.00686	0.00389	0.00438	0.00678	0.00942	0.01267	0.09725	0.75816	0.03241	0.01430	0.00598	0.00188	0.00269	0.01296	0.00445	0.00389
25	0.01768	0.02054	0.01353	0.01188	0.01459	0.64840	0.00908	0.17945	0.01520	0.01533	0.00813	0.00909	0.00648	0.00503	0.00435	0.00126	0.00781	0.00329	0.00291	0.00600
26	0.00674	0.00505	0.00758	0.00758	0.00842	0.00589	0.00589	0.00842	0.00758	0.01095	0.01263	0.01852	0.01179	0.03536	0.81561	0.00758	0.01263	0.00505	0.00253	0.00421
27	0.84379	0.03218	0.00743	0.00625	0.00920	0.01080	0.00519	0.01387	0.00807	0.02087	0.00656	0.00766	0.00513	0.00437	0.00292	0.00145	0.00369	0.00255	0.00289	0.00513
28	0.01061	0.00830	0.01064	0.00785	0.01174	0.00650	0.05200	0.01270	0.01014	0.08787	0.01066	0.07000	0.00918	0.00455	0.00391	0.00091	0.00375	0.00390	0.00316	0.67163
29	0.86760	0.00912	0.00693	0.00620	0.00912	0.01058	0.00511	0.01386	0.00802	0.02115	0.00657	0.00766	0.00511	0.00438	0.00292	0.00146	0.00365	0.00255	0.00292	0.00511
30	0.01081	0.01494	0.17700	0.01865	0.02383	0.01174	0.64081	0.01507	0.01090	0.01507	0.00933	0.01219	0.00693	0.00407	0.00536	0.00157	0.00776	0.00517	0.00231	0.00648
31	0.00932	0.14923	0.45279	0.01070	0.01546	0.01075	0.01244	0.01317	0.01060	0.01513	0.20220	0.01577	0.01541	0.00583	0.00499	0.00144	0.04128	0.00459	0.00278	0.00613
32	0.01568	0.01542	0.01430	0.01179	0.01495	0.27376	0.08012	0.28105	0.20761	0.02003	0.01177	0.01207	0.00887	0.00543	0.00466	0.00141	0.00616	0.00424	0.00378	0.00690
33	0.00600	0.00429	0.00567	0.00668	0.00703	0.00406	0.00451	0.02123	0.00930	0.01240	0.02570	0.80368	0.03069	0.01457	0.00600	0.00191	0.00281	0.02517	0.00438	0.00392
34	0.00957	0.05237	0.78283	0.01325	0.02012	0.01122	0.01710	0.01490	0.00994	0.01480	0.00840	0.00987	0.00598	0.00446	0.00443	0.00148	0.00690	0.00345	0.00199	0.00694
35	0.00686	0.00457	0.00514	0.00514	0.00514	0.00457	0.00286	0.00686	0.00686	0.00914	0.01486	0.03086	0.01714	0.83430	0.02400	0.00457	0.00457	0.00686	0.00286	0.00286
36	0.00890	0.00838	0.01414	0.82296	0.03247	0.01048	0.01309	0.01205	0.00943	0.01205	0.00838	0.01257	0.00629	0.00471	0.00471	0.00157	0.00629	0.00419	0.00210	0.00524
37	0.00574	0.00410	0.00547	0.00657	0.00684	0.00383	0.00438	0.00657	0.00903	0.01204	0.02599	0.83122	0.03119	0.01477	0.00602	0.00191	0.00274	0.01340	0.00438	0.00383
38	0.01032	0.01032	0.01444	0.01238	0.01238	0.01444	0.01032	0.01135	0.00722	0.01135	0.00619	0.01032	0.00619	0.00825	0.01547	0.00206	0.82567	0.00413	0.00206	0.00516
39	0.00574	0.00410	0.00547	0.00657	0.00684	0.00383	0.00438	0.00657	0.00903	0.01204	0.02599	0.83122	0.03119	0.01477	0.00602	0.00191	0.00274	0.01340	0.00438	0.00383
40	0.00890	0.00838	0.01414	0.82296	0.03247	0.01048	0.01309	0.01205	0.00943	0.01205	0.00838	0.01257	0.00629	0.00471	0.00471	0.00157	0.00629	0.00419	0.00210	0.00524
41	0.00675	0.00501	0.00735	0.00735	0.00812	0.00577	0.00562	0.00828	0.00751	0.01078	0.01283	0.01966	0.01228	0.10869	0.74296	0.00730	0.01189	0.00522	0.00256	0.00409
42	0.00946	0.02439	0.80987	0.01344	0.02041	0.01095	0.01742	0.01493	0.00995	0.01493	0.00846	0.00995	0.00597	0.00448	0.00448	0.00149	0.00697	0.00348	0.00199	0.00697
43	0.00645	0.00442	0.00531	0.00568	0.00583	0.00430	0.00347	0.00684	0.00791	0.01060	0.05324	0.31619	0.02334	0.50629	0.01679	0.00349	0.00381	0.00926	0.00350	0.00327
44	0.00579	0.00424	0.00545	0.00640	0.00688	0.00391	0.00439	0.00671	0.00933	0.01221	0.02890	0.69643	0.13560	0.01432	0.00598	0.00188	0.00275	0.04060	0.00438	0.00387
45	0.00770	0.00568	0.00833	0.00907	0.01028	0.00564	0.03710	0.00991	0.01083	0.01411	0.02440	0.06545	0.02645	0.01271	0.00647	0.00214	0.00445	0.73060	0.00427	0.00441
46	0.00578	0.00413	0.00551	0.00660	0.00689	0.00386	0.00443	0.00662	0.00906	0.01207	0.02597	0.81724	0.03111	0.01474	0.00603	0.00192	0.00276	0.02705	0.00438	0.00384
47	0.86760	0.00912	0.00693	0.00620	0.00912	0.01058	0.00511	0.01386	0.00802	0.02115	0.00657	0.00766	0.00511	0.00438	0.00292	0.00146	0.00365	0.00255	0.00292	0.00511
48	0.00559	0.00471	0.00485	0.00496	0.00642	0.00396	0.00367	0.00675	0.01057	0.01266	0.04549	0.12732	0.72250	0.01224	0.00562	0.00163	0.00242	0.01031	0.00438	0.00396
49	0.01114	0.05026	0.06398	0.01938	0.05344	0.01215	0.68734	0.01503	0.01099	0.01493	0.00933	0.01232	0.00706	0.00401	0.00537	0.00155	0.00768	0.00528	0.00235	0.00642
50	0.01030	0.00938	0.01126	0.00976	0.08427	0.03824	0.00703	0.01232	0.00973	0.01480	0.00816	0.00996	0.00691	0.00411	0.00488	0.00092	0.08964	0.00307	0.00266	0.66260
51	0.00635	0.00505	0.00573	0.00551	0.00694	0.00455	0.00415	0.00856	0.04869	0.01579	0.37968	0.03959	0.43109	0.01067	0.00553	0.00154	0.00238	0.00911	0.00476	0.00435
52	0.00557	0.00478	0.00478	0.00478	0.00637	0.00398	0.00358	0.00677	0.01075	0.01274	0.04776	0.04538	0.80297	0.01194	0.00557	0.00159	0.00239	0.00995	0.00438	0.00398
53	0.01134	0.32675	0.42948	0.01152	0.01697	0.07896	0.03625	0.01495	0.01013	0.01323	0.00769	0.00903	0.00605	0.00433	0.00395	0.00129	0.00640	0.00315	0.00205	0.00649
54	0.01167	0.01120	0.01914	0.02894	0.80488	0.01120	0.01447	0.01447	0.01074	0.01540	0.00887	0.01167	0.00747	0.00420	0.00467	0.00140	0.00560	0.00420	0.00233	0.00747
55	0.00574	0.00410	0.00547	0.00657	0.00684	0.00383	0.00438	0.00657	0.00903	0.01204	0.02599	0.83122	0.03119	0.01477	0.00602	0.00191	0.00274	0.01340	0.00438	0.00383
56	0.00897	0.00845	0.01427	0.80268	0.05220	0.01049	0.01313	0.01211	0.00946	0.01213	0.00839	0.01255	0.00632	0.00470	0.00471	0.00157	0.00627	0.00419	0.00210	0.00529
57	0.08486	0.01108	0.04626	0.10507	0.47838	0.01113	0.02523	0.04341	0.10278	0.01649	0.01022	0.02658	0.00833	0.00477	0.00457	0.00146	0.00531	0.00435	0.00276	0.00695
58	0.00876	0.00802	0.01145	0.01029	0.01066	0.01072	0.00839	0.01007	0.00738	0.01117	0.00899	0.01389	0.00863	0.02005	0.36376	0.00446	0.47176	0.00453	0.00226	0.00475
