[name]
unknown

[dist]
# distance from previous block
# <min> <max>
0	83

[block]
# block no. 0 follows, 63 sequences, length 65
# corresponding to MSA columns:
# 91-155
name=unknown_A
#
# <colnr> <probs for GDERKNQSTAVLIFYWHMCP>
#	G	D	E	R	K	N	Q	S	T	A	V	L	I	F	Y	W	H	M	C	P
0	0.03270	0.00704	0.00802	0.03879	0.01888	0.07244	0.02838	0.08227	0.03179	0.01226	0.01556	0.21171	0.08183	0.11196	0.07982	0.05369	0.06473	0.00637	0.02690	0.01485
1	0.00789	0.02677	0.01887	0.00666	0.02082	0.01720	0.00498	0.04643	0.14436	0.03970	0.11349	0.09882	0.17220	0.13465	0.04941	0.02226	0.03001	0.01802	0.02308	0.00440
2	0.03317	0.02237	0.03219	0.07927	0.02490	0.06607	0.11326	0.15831	0.01996	0.03844	0.03772	0.10302	0.02776	0.01897	0.07023	0.00178	0.05457	0.00490	0.01694	0.07619
3	0.03590	0.00789	0.07135	0.02118	0.02147	0.02314	0.04111	0.11251	0.06270	0.05437	0.09586	0.08698	0.16793	0.04783	0.06049	0.02082	0.01574	0.00594	0.04200	0.00479
4	0.03664	0.00774	0.05982	0.00836	0.04449	0.00715	0.05872	0.11445	0.08017	0.04876	0.22196	0.07203	0.10352	0.03464	0.01729	0.00153	0.02148	0.01765	0.03858	0.00500
5	0.02631	0.01177	0.20197	0.02289	0.06065	0.06044	0.10969	0.04776	0.06545	0.15477	0.01364	0.06506	0.06101	0.03506	0.02125	0.00155	0.00501	0.01621	0.01383	0.00569
6	0.27447	0.00768	0.02308	0.02535	0.01033	0.00728	0.00587	0.01696	0.02776	0.47836	0.03698	0.01222	0.00922	0.00480	0.00371	0.00128	0.00350	0.00365	0.00414	0.04334
7	0.06489	0.00923	0.01287	0.15277	0.26493	0.02649	0.02446	0.13404	0.07312	0.15297	0.03583	0.01196	0.00854	0.00458	0.00413	0.00130	0.00457	0.00394	0.00317	0.00622
8	0.29644	0.03574	0.02557	0.06552	0.22254	0.05910	0.04751	0.13605	0.02014	0.01681	0.00761	0.00929	0.00604	0.01754	0.00389	0.00130	0.00460	0.00324	0.00260	0.01848
9	0.03211	0.03678	0.02892	0.00956	0.03056	0.10679	0.07184	0.06661	0.30822	0.17351	0.05360	0.02987	0.01165	0.00540	0.00424	0.00133	0.00432	0.01470	0.00382	0.00617
10	0.03443	0.02723	0.19706	0.10411	0.12863	0.11275	0.20468	0.03124	0.02635	0.01322	0.00784	0.00984	0.00604	0.00395	0.00427	0.00127	0.01717	0.00364	0.00214	0.06415
11	0.00667	0.00527	0.00720	0.02457	0.00772	0.00623	0.00520	0.00803	0.03235	0.01000	0.04897	0.04203	0.01284	0.24598	0.38689	0.00462	0.13412	0.00515	0.00248	0.00367
12	0.00595	0.00430	0.00562	0.00529	0.00628	0.00397	0.00397	0.00793	0.01190	0.01686	0.82382	0.03140	0.03966	0.00859	0.00496	0.00132	0.00198	0.00760	0.00463	0.00397
13	0.01071	0.00915	0.00965	0.00861	0.01103	0.01057	0.00671	0.05819	0.78218	0.01799	0.01679	0.01543	0.01257	0.00567	0.00427	0.00142	0.00339	0.00471	0.00427	0.00668
14	0.00756	0.00401	0.00435	0.00435	0.00530	0.00412	0.00329	0.00945	0.00850	0.01477	0.01334	0.01580	0.01073	0.00897	0.13033	0.00186	0.00338	0.00401	0.74198	0.00389
15	0.85585	0.00824	0.00637	0.00565	0.00828	0.00954	0.00466	0.03646	0.00753	0.01909	0.00598	0.00693	0.00463	0.00394	0.00265	0.00130	0.00329	0.00232	0.00265	0.00463
16	0.01508	0.01133	0.01211	0.00949	0.01269	0.01262	0.00777	0.68310	0.15015	0.02504	0.01124	0.01101	0.00808	0.00515	0.00422	0.00129	0.00441	0.00394	0.00422	0.00707
17	0.00700	0.00495	0.00577	0.00542	0.00673	0.02276	0.00409	0.00885	0.03118	0.07981	0.46062	0.07742	0.25157	0.00898	0.00488	0.00137	0.00234	0.00775	0.00437	0.00416
18	0.00571	0.00411	0.00513	0.00560	0.00629	0.00381	0.00392	0.00701	0.03131	0.02960	0.14283	0.51641	0.16834	0.03098	0.00556	0.00164	0.00243	0.02164	0.00402	0.00368
19	0.01040	0.00999	0.01706	0.02580	0.82604	0.00999	0.01290	0.01290	0.00957	0.01373	0.00791	0.01040	0.00666	0.00375	0.00416	0.00125	0.00499	0.00375	0.00208	0.00666
20	0.00515	0.00370	0.00489	0.00583	0.00613	0.00344	0.00393	0.00591	0.00813	0.01078	0.02381	0.80838	0.05453	0.01306	0.00536	0.00170	0.00245	0.02549	0.00390	0.00343
21	0.00593	0.00434	0.00592	0.02975	0.00784	0.00426	0.00531	0.00730	0.00891	0.01168	0.04551	0.38783	0.07928	0.01257	0.03230	0.00193	0.00337	0.33850	0.00380	0.00367
22	0.01570	0.02004	0.01191	0.01083	0.01300	0.83539	0.00812	0.01679	0.01191	0.01029	0.00650	0.00758	0.00541	0.00433	0.00379	0.00108	0.00758	0.00271	0.00217	0.00487
23	0.03631	0.00694	0.00771	0.00688	0.00876	0.00733	0.00537	0.11461	0.25985	0.03021	0.27780	0.03543	0.11137	0.02040	0.00482	0.00141	0.00294	0.03312	0.00422	0.02452
24	0.05109	0.61048	0.06174	0.00776	0.01121	0.06869	0.00754	0.01357	0.00899	0.08880	0.00699	0.00771	0.00584	0.00395	0.00333	0.00102	0.03105	0.00256	0.00218	0.00551
25	0.00670	0.00541	0.00785	0.00746	0.00819	0.00631	0.03077	0.02382	0.02592	0.01048	0.01256	0.14723	0.01277	0.07770	0.48418	0.00476	0.11575	0.00568	0.00256	0.00392
26	0.07034	0.01290	0.04481	0.15625	0.31169	0.25440	0.02263	0.04125	0.01028	0.02623	0.00749	0.00947	0.00599	0.00408	0.00396	0.00124	0.00579	0.00334	0.00222	0.00565
27	0.00640	0.00462	0.00592	0.00569	0.00667	0.00443	0.00426	0.04990	0.01144	0.01599	0.60310	0.14174	0.03453	0.03543	0.01844	0.00156	0.00247	0.03902	0.00438	0.00401
28	0.00803	0.00753	0.01250	0.81179	0.02830	0.00938	0.01149	0.01116	0.03791	0.01099	0.00782	0.01137	0.00587	0.00426	0.00421	0.00140	0.00552	0.00377	0.00196	0.00474
29	0.00512	0.00366	0.00488	0.00585	0.00610	0.00341	0.00390	0.00585	0.00805	0.01073	0.02317	0.84952	0.02780	0.01317	0.00537	0.00171	0.00244	0.01195	0.00390	0.00341
30	0.00920	0.00920	0.01288	0.01104	0.01104	0.01288	0.00920	0.01012	0.00644	0.01012	0.00552	0.00920	0.00552	0.00736	0.01380	0.00184	0.84457	0.00368	0.00184	0.00460
31	0.01578	0.01167	0.01250	0.00963	0.01296	0.01294	0.00794	0.78326	0.04886	0.02617	0.01035	0.01030	0.00736	0.00507	0.00421	0.00127	0.00458	0.00382	0.00421	0.00713
32	0.00920	0.00920	0.01288	0.01104	0.01104	0.01288	0.00920	0.01012	0.00644	0.01012	0.00552	0.00920	0.00552	0.00736	0.01380	0.00184	0.84457	0.00368	0.00184	0.00460
33	0.01126	0.81629	0.04314	0.00737	0.01103	0.01638	0.00743	0.02831	0.00877	0.01031	0.00597	0.00687	0.00543	0.00364	0.00276	0.00092	0.00454	0.00230	0.00184	0.00545
34	0.00567	0.00429	0.00524	0.00500	0.00611	0.00385	0.00375	0.00740	0.01125	0.01531	0.60461	0.03394	0.25984	0.00917	0.00496	0.00135	0.00202	0.00796	0.00442	0.00385
35	0.01057	0.01037	0.01689	0.03954	0.76739	0.04306	0.02455	0.01303	0.00965	0.01354	0.00785	0.01032	0.00659	0.00377	0.00416	0.00125	0.00514	0.00372	0.00208	0.00654
36	0.00601	0.00450	0.00676	0.00676	0.00751	0.00525	0.00525	0.00751	0.00676	0.00976	0.01126	0.01651	0.01051	0.03153	0.83560	0.00676	0.01126	0.00450	0.00225	0.00375
37	0.86399	0.00812	0.00631	0.02273	0.00856	0.00943	0.00470	0.01232	0.00718	0.01869	0.00589	0.00692	0.00457	0.00391	0.00263	0.00130	0.00330	0.00231	0.00259	0.00456
38	0.02594	0.01040	0.01126	0.00954	0.03457	0.01165	0.00747	0.42367	0.36056	0.03959	0.01311	0.01254	0.00960	0.00528	0.00421	0.00133	0.00404	0.00419	0.00418	0.00689
39	0.88196	0.00813	0.00618	0.00553	0.00813	0.00943	0.00455	0.01236	0.00715	0.01886	0.00585	0.00683	0.00455	0.00390	0.00260	0.00130	0.00325	0.00228	0.00260	0.00455
40	0.01598	0.01177	0.01262	0.00967	0.01304	0.01304	0.00799	0.81202	0.01976	0.02649	0.01009	0.01009	0.00715	0.00505	0.00421	0.00126	0.00463	0.00378	0.00421	0.00715
41	0.85778	0.00815	0.00627	0.00561	0.00821	0.00946	0.00461	0.01263	0.02966	0.01883	0.00617	0.00707	0.00478	0.00395	0.00265	0.00130	0.00325	0.00235	0.00265	0.00461
42	0.00992	0.01134	0.02481	0.01772	0.02197	0.01063	0.81077	0.01347	0.00992	0.01347	0.00850	0.01134	0.00638	0.00354	0.00496	0.00142	0.00709	0.00496	0.00213	0.00567
43	0.00992	0.01134	0.02481	0.01772	0.02197	0.01063	0.81077	0.01347	0.00992	0.01347	0.00850	0.01134	0.00638	0.00354	0.00496	0.00142	0.00709	0.00496	0.00213	0.00567
44	0.01598	0.01177	0.01262	0.00967	0.01304	0.01304	0.00799	0.81202	0.01976	0.02649	0.01009	0.01009	0.00715	0.00505	0.00421	0.00126	0.00463	0.00378	0.00421	0.00715
45	0.00593	0.00430	0.00559	0.00526	0.00627	0.00396	0.00395	0.00789	0.01185	0.01673	0.80548	0.03161	0.05809	0.00864	0.00496	0.00132	0.00199	0.00763	0.00461	0.00396
46	0.01046	0.00903	0.00951	0.00855	0.01093	0.01046	0.00665	0.02234	0.81845	0.01759	0.01711	0.01568	0.01283	0.00570	0.00428	0.00143	0.00333	0.00475	0.00428	0.00665
47	0.53013	0.00773	0.00764	0.00632	0.00919	0.00810	0.00522	0.01567	0.00914	0.34908	0.01023	0.00988	0.00694	0.00443	0.00326	0.00130	0.00338	0.00307	0.00366	0.00561
48	0.00819	0.00675	0.00740	0.00683	0.00859	0.00724	0.00523	0.03961	0.39601	0.01618	0.22839	0.06834	0.16862	0.00772	0.00463	0.00141	0.00276	0.00659	0.00428	0.00524
49	0.00999	0.15771	0.46563	0.01156	0.04677	0.04918	0.05532	0.07570	0.03091	0.01365	0.00798	0.02472	0.00621	0.00428	0.00409	0.00126	0.02357	0.00334	0.00212	0.00600
50	0.00860	0.03329	0.02847	0.00798	0.00986	0.01905	0.11500	0.02270	0.07694	0.10680	0.21170	0.23729	0.06805	0.01810	0.00501	0.00147	0.00345	0.01762	0.00386	0.00476
51	0.01074	0.01026	0.04152	0.01802	0.34311	0.00986	0.22890	0.11354	0.03776	0.04004	0.03588	0.01413	0.02082	0.00468	0.00452	0.00135	0.00526	0.05074	0.00273	0.00616
52	0.00926	0.25022	0.58363	0.01056	0.01594	0.01167	0.01297	0.01339	0.03319	0.01250	0.00737	0.00849	0.00557	0.00394	0.00365	0.00122	0.00565	0.00292	0.00186	0.00600
53	0.01140	0.82438	0.02166	0.00733	0.01087	0.04646	0.00723	0.01274	0.00866	0.00990	0.00587	0.00677	0.00540	0.00362	0.00274	0.00091	0.00461	0.00226	0.00181	0.00538
54	0.24240	0.00687	0.00684	0.00616	0.00785	0.04180	0.00484	0.06611	0.01037	0.04080	0.28920	0.04763	0.14889	0.00720	0.00474	0.00136	0.05315	0.00570	0.00366	0.00444
55	0.01562	0.03647	0.01211	0.01076	0.01295	0.81927	0.00810	0.01670	0.01185	0.01028	0.00649	0.00756	0.00541	0.00432	0.00377	0.00108	0.00752	0.00270	0.00216	0.00488
56	0.01598	0.01177	0.01262	0.00967	0.01304	0.01304	0.00799	0.81202	0.01976	0.02649	0.01009	0.01009	0.00715	0.00505	0.00421	0.00126	0.00463	0.00378	0.00421	0.00715
57	0.00820	0.00773	0.01096	0.00970	0.00993	0.01049	0.00796	0.00930	0.00654	0.01000	0.00731	0.01148	0.00708	0.01491	0.27072	0.00338	0.58405	0.00394	0.00197	0.00433
58	0.00730	0.00365	0.00548	0.00548	0.00548	0.00365	0.00365	0.00548	0.00548	0.00730	0.00730	0.01278	0.00730	0.01460	0.01643	0.87769	0.00365	0.00365	0.00183	0.00183
59	0.00693	0.00492	0.02373	0.00604	0.00711	0.00433	0.01447	0.02957	0.00969	0.08008	0.19204	0.39213	0.12722	0.05246	0.00588	0.00166	0.00272	0.03098	0.00403	0.00401
60	0.00551	0.00425	0.00503	0.00490	0.00603	0.00377	0.00365	0.00706	0.01076	0.01432	0.46706	0.07755	0.35561	0.00966	0.00498	0.00138	0.00207	0.00834	0.00430	0.00377
61	0.00996	0.00945	0.01592	0.11339	0.68223	0.00968	0.01234	0.01267	0.02735	0.01344	0.00875	0.01238	0.00752	0.00421	0.00425	0.00130	0.00497	0.04169	0.00219	0.00631
62	0.16445	0.00841	0.03584	0.00738	0.01064	0.02667	0.00624	0.06564	0.01122	0.51325	0.01290	0.01187	0.00850	0.00470	0.00382	0.00122	0.00372	0.00362	0.00424	0.09565
63	0.09201	0.01176	0.23741	0.00930	0.02537	0.00803	0.06333	0.05281	0.03356	0.17556	0.04307	0.02380	0.00882	0.00454	0.00390	0.00120	0.00441	0.01508	0.00307	0.18301
64	0.01101	0.00913	0.00990	0.00874	0.01111	0.02902	0.01971	0.14370	0.53986	0.02892	0.03030	0.01807	0.01323	0.00664	0.01915	0.00154	0.00386	0.08567	0.00412	0.00630

[dist]
# distance from previous block
# <min> <max>
0	1

[block]
# block no. 1 follows, 63 sequences, length 37
# corresponding to MSA columns:
# 157-162,183-213
name=unknown_B
#
# <colnr> <probs for GDERKNQSTAVLIFYWHMCP>
#	G	D	E	R	K	N	Q	S	T	A	V	L	I	F	Y	W	H	M	C	P
0	0.01058	0.01179	0.14831	0.03282	0.56087	0.02875	0.03838	0.01340	0.00967	0.06557	0.00884	0.01155	0.00718	0.00414	0.00421	0.00129	0.00520	0.02874	0.00229	0.00643
1	0.00888	0.02234	0.02425	0.00998	0.01200	0.03602	0.18178	0.03056	0.11753	0.01306	0.08663	0.06731	0.01252	0.08687	0.04659	0.00191	0.15182	0.00509	0.00283	0.08203
2	0.00807	0.00463	0.00467	0.03140	0.00609	0.02714	0.00349	0.02342	0.00901	0.01524	0.02861	0.01590	0.01109	0.03209	0.01693	0.00120	0.00249	0.00403	0.75050	0.00398
3	0.01883	0.01097	0.16160	0.01120	0.11677	0.03172	0.04286	0.03992	0.20313	0.02845	0.05971	0.04260	0.06502	0.00567	0.00478	0.00133	0.05080	0.01967	0.00306	0.08189
4	0.00794	0.00747	0.01261	0.84216	0.02895	0.00934	0.01167	0.01074	0.00841	0.01074	0.00747	0.01121	0.00560	0.00420	0.00420	0.00140	0.00560	0.00374	0.00187	0.00467
5	0.88196	0.00813	0.00618	0.00553	0.00813	0.00943	0.00455	0.01236	0.00715	0.01886	0.00585	0.00683	0.00455	0.00390	0.00260	0.00130	0.00325	0.00228	0.00260	0.00455
6	0.01025	0.09231	0.36510	0.05278	0.14969	0.03993	0.05642	0.02527	0.02726	0.08401	0.03951	0.01107	0.01929	0.00434	0.00404	0.00128	0.00539	0.00365	0.00239	0.00604
7	0.00933	0.00793	0.03267	0.04551	0.03356	0.00605	0.00588	0.01133	0.00893	0.06283	0.00804	0.00922	0.00644	0.00333	0.00328	0.00074	0.00340	0.00271	0.00259	0.73623
8	0.00516	0.00425	0.00454	0.00450	0.00581	0.00363	0.00336	0.00640	0.01000	0.01241	0.19453	0.05750	0.65275	0.01030	0.00498	0.00141	0.00211	0.00870	0.00404	0.00363
9	0.01108	0.01018	0.03590	0.04359	0.64051	0.00991	0.04752	0.06393	0.01031	0.06087	0.00854	0.01061	0.00683	0.00391	0.00418	0.00126	0.00500	0.00380	0.00239	0.01970
10	0.00784	0.00392	0.00392	0.00392	0.00490	0.00392	0.00294	0.00980	0.00882	0.01567	0.01371	0.01567	0.01077	0.00490	0.00294	0.00098	0.00196	0.00392	0.87560	0.00392
11	0.71802	0.05322	0.00775	0.00629	0.00890	0.10971	0.00515	0.01304	0.00788	0.03068	0.00611	0.00704	0.00480	0.00396	0.00278	0.00125	0.00385	0.00236	0.00255	0.00468
12	0.01205	0.50388	0.03939	0.00801	0.01134	0.04276	0.00741	0.17207	0.08955	0.02609	0.03400	0.00938	0.00769	0.00468	0.01444	0.00114	0.00456	0.00306	0.00267	0.00583
13	0.00784	0.00746	0.02301	0.00755	0.04599	0.06567	0.02087	0.01225	0.23849	0.01384	0.11627	0.05331	0.34349	0.00808	0.00466	0.00139	0.00318	0.01806	0.00381	0.00480
14	0.00511	0.00424	0.00447	0.00445	0.00577	0.00360	0.00332	0.00629	0.00985	0.01209	0.14934	0.06486	0.69124	0.01044	0.00498	0.00142	0.00212	0.00880	0.00400	0.00360
15	0.00794	0.00747	0.01261	0.84216	0.02895	0.00934	0.01167	0.01074	0.00841	0.01074	0.00747	0.01121	0.00560	0.00420	0.00420	0.00140	0.00560	0.00374	0.00187	0.00467
16	0.00523	0.00372	0.00491	0.00583	0.00607	0.00350	0.00390	0.00595	0.00797	0.01062	0.02250	0.77357	0.02689	0.06726	0.00641	0.00187	0.00259	0.03402	0.00381	0.00337
17	0.00877	0.01769	0.54543	0.01312	0.01827	0.00994	0.21527	0.01310	0.02289	0.01318	0.00835	0.03681	0.00646	0.00438	0.00478	0.00139	0.04834	0.00392	0.00198	0.00591
18	0.00920	0.00920	0.01288	0.01104	0.01104	0.01288	0.00920	0.01012	0.00644	0.01012	0.00552	0.00920	0.00552	0.00736	0.01380	0.00184	0.84457	0.00368	0.00184	0.00460
19	0.00596	0.00447	0.00551	0.00575	0.00660	0.00428	0.00414	0.02614	0.05883	0.01349	0.26877	0.40598	0.13789	0.01077	0.00510	0.00153	0.00239	0.02435	0.00415	0.00389
20	0.05104	0.01051	0.08873	0.00903	0.02921	0.03535	0.00772	0.22553	0.14703	0.31556	0.02848	0.01264	0.00955	0.00508	0.00414	0.00131	0.00417	0.00402	0.00418	0.00673
21	0.01046	0.00903	0.00951	0.00855	0.01093	0.01046	0.00665	0.02234	0.81845	0.01759	0.01711	0.01568	0.01283	0.00570	0.00428	0.00143	0.00333	0.00475	0.00428	0.00665
22	0.03639	0.01138	0.01549	0.06327	0.54812	0.12510	0.02676	0.08561	0.01065	0.01435	0.00781	0.00992	0.00639	0.00402	0.00422	0.00125	0.01716	0.00358	0.00229	0.00624
23	0.01016	0.00967	0.01643	0.04014	0.76738	0.00970	0.01255	0.01264	0.00956	0.01362	0.00867	0.01240	0.00758	0.00417	0.00425	0.00129	0.00495	0.04622	0.00217	0.00647
24	0.01570	0.02004	0.01191	0.01083	0.01300	0.83539	0.00812	0.01679	0.01191	0.01029	0.00650	0.00758	0.00541	0.00433	0.00379	0.00108	0.00758	0.00271	0.00217	0.00487
25	0.00512	0.00366	0.00488	0.00585	0.00610	0.00341	0.00390	0.00585	0.00805	0.01073	0.02317	0.84952	0.02780	0.01317	0.00537	0.00171	0.00244	0.01195	0.00390	0.00341
26	0.00920	0.00920	0.01288	0.01104	0.01104	0.01288	0.00920	0.01012	0.00644	0.01012	0.00552	0.00920	0.00552	0.00736	0.01380	0.00184	0.84457	0.00368	0.00184	0.00460
27	0.01598	0.01177	0.01262	0.00967	0.01304	0.01304	0.00799	0.81202	0.01976	0.02649	0.01009	0.01009	0.00715	0.00505	0.00421	0.00126	0.00463	0.00378	0.00421	0.00715
28	0.00920	0.00920	0.01288	0.01104	0.01104	0.01288	0.00920	0.01012	0.00644	0.01012	0.00552	0.00920	0.00552	0.00736	0.01380	0.00184	0.84457	0.00368	0.00184	0.00460
29	0.00765	0.00699	0.00946	0.04989	0.00985	0.02043	0.00699	0.02022	0.00738	0.01048	0.01278	0.22151	0.05115	0.04928	0.09316	0.00234	0.40761	0.00617	0.00257	0.00412
30	0.00606	0.00416	0.00492	0.00486	0.00519	0.00406	0.00307	0.00668	0.00785	0.01069	0.23065	0.02948	0.04071	0.58107	0.01614	0.00321	0.00347	0.03155	0.00318	0.00299
31	0.01378	0.01077	0.01283	0.05581	0.03330	0.03737	0.06685	0.47094	0.05940	0.06355	0.01043	0.01096	0.01831	0.00487	0.00452	0.00125	0.03522	0.00386	0.00363	0.08234
32	0.01608	0.01161	0.01251	0.00959	0.01295	0.01279	0.00792	0.78324	0.01948	0.05568	0.01033	0.01025	0.00727	0.00505	0.00421	0.00126	0.00459	0.00380	0.00424	0.00715
33	0.00872	0.00747	0.00872	0.00623	0.00996	0.00560	0.00498	0.01058	0.00872	0.01370	0.00747	0.00872	0.00623	0.00311	0.00311	0.00062	0.00311	0.00249	0.00249	0.87796
34	0.00511	0.00369	0.00484	0.00576	0.00607	0.00342	0.00386	0.00586	0.00814	0.01077	0.02429	0.80301	0.07360	0.01303	0.00534	0.00169	0.00242	0.01177	0.00390	0.00342
35	0.01560	0.01159	0.01240	0.00960	0.01289	0.01286	0.00790	0.75773	0.07467	0.02588	0.01058	0.01048	0.00754	0.00509	0.00421	0.00127	0.00454	0.00385	0.00421	0.00711
36	0.68459	0.02239	0.00777	0.08326	0.02608	0.03707	0.00571	0.04371	0.00812	0.04016	0.00652	0.00766	0.00499	0.00402	0.00293	0.00129	0.00373	0.00256	0.00263	0.00480

[dist]
# distance from previous block
# <min> <max>
0	1

[block]
# block no. 2 follows, 63 sequences, length 9
# corresponding to MSA columns:
# 215-223
name=unknown_C
#
# <colnr> <probs for GDERKNQSTAVLIFYWHMCP>
#	G	D	E	R	K	N	Q	S	T	A	V	L	I	F	Y	W	H	M	C	P
0	0.08241	0.03811	0.09424	0.01435	0.23423	0.35014	0.03104	0.01407	0.01003	0.01225	0.00735	0.00922	0.00611	0.00627	0.07123	0.00163	0.00659	0.00319	0.00213	0.00541
1	0.00953	0.01072	0.02320	0.01676	0.02069	0.01005	0.74564	0.01285	0.00977	0.01324	0.00969	0.07900	0.00811	0.00432	0.00499	0.00144	0.00671	0.00553	0.00227	0.00549
2	0.00843	0.02174	0.83048	0.01198	0.01819	0.00976	0.01553	0.01331	0.00888	0.01331	0.00754	0.00888	0.00533	0.00399	0.00399	0.00133	0.00621	0.00311	0.00178	0.00621
3	0.00557	0.00428	0.00509	0.00488	0.00604	0.00380	0.00366	0.00719	0.01099	0.01470	0.51759	0.03495	0.34724	0.00940	0.00496	0.00136	0.00204	0.00810	0.00434	0.00380
4	0.01598	0.01177	0.01262	0.00967	0.01304	0.01304	0.00799	0.81202	0.01976	0.02649	0.01009	0.01009	0.00715	0.00505	0.00421	0.00126	0.00463	0.00378	0.00421	0.00715
5	0.01631	0.00641	0.00840	0.00666	0.00938	0.00566	0.00543	0.01801	0.01129	0.64073	0.01592	0.01462	0.01049	0.00513	0.00393	0.00123	0.00320	0.00416	0.20664	0.00641
6	0.00601	0.00447	0.00657	0.00657	0.00726	0.00516	0.00503	0.00739	0.00670	0.00962	0.01143	0.01743	0.01091	0.10020	0.76748	0.00653	0.01066	0.00464	0.00228	0.00365
7	0.88196	0.00813	0.00618	0.00553	0.00813	0.00943	0.00455	0.01236	0.00715	0.01886	0.00585	0.00683	0.00455	0.00390	0.00260	0.00130	0.00325	0.00228	0.00260	0.00455
8	0.01143	0.52624	0.06901	0.00877	0.04146	0.11535	0.00789	0.03572	0.09450	0.01181	0.03727	0.00904	0.00752	0.00416	0.00326	0.00104	0.00479	0.00291	0.00228	0.00556

[dist]
# distance from previous block
# <min> <max>
0	1

[block]
# block no. 3 follows, 63 sequences, length 16
# corresponding to MSA columns:
# 225-240
name=unknown_D
#
# <colnr> <probs for GDERKNQSTAVLIFYWHMCP>
#	G	D	E	R	K	N	Q	S	T	A	V	L	I	F	Y	W	H	M	C	P
0	0.02776	0.18193	0.05329	0.09962	0.22392	0.19413	0.03254	0.05577	0.01005	0.01240	0.00739	0.02531	0.00629	0.00434	0.00430	0.00121	0.04868	0.00335	0.00215	0.00557
1	0.80410	0.00807	0.00675	0.08005	0.00998	0.00942	0.00519	0.01221	0.00727	0.01814	0.00600	0.00722	0.00465	0.00393	0.00274	0.00131	0.00346	0.00241	0.00254	0.00456
2	0.00828	0.06627	0.53900	0.00979	0.01457	0.00860	0.01167	0.01194	0.00906	0.02937	0.06570	0.04402	0.05760	0.02361	0.00440	0.00132	0.00507	0.00407	0.00232	0.08334
3	0.80482	0.00845	0.00675	0.00590	0.00857	0.00975	0.00486	0.08359	0.00828	0.01954	0.00623	0.00712	0.00478	0.00400	0.00274	0.00130	0.00337	0.00241	0.00274	0.00478
4	0.01124	0.85479	0.02203	0.00719	0.01079	0.01663	0.00719	0.01259	0.00854	0.00989	0.00584	0.00674	0.00539	0.00360	0.00270	0.00090	0.00450	0.00225	0.00180	0.00539
5	0.01339	0.01134	0.01110	0.00927	0.01206	0.09472	0.00738	0.36585	0.38917	0.02073	0.01298	0.01243	0.00961	0.00528	0.00420	0.00132	0.00432	0.00412	0.00403	0.00669
6	0.88196	0.00813	0.00618	0.00553	0.00813	0.00943	0.00455	0.01236	0.00715	0.01886	0.00585	0.00683	0.00455	0.00390	0.00260	0.00130	0.00325	0.00228	0.00260	0.00455
7	0.01124	0.85479	0.02203	0.00719	0.01079	0.01663	0.00719	0.01259	0.00854	0.00989	0.00584	0.00674	0.00539	0.00360	0.00270	0.00090	0.00450	0.00225	0.00180	0.00539
8	0.01190	0.04019	0.01277	0.01083	0.01182	0.34692	0.00870	0.01290	0.00873	0.01018	0.00593	0.00846	0.00547	0.00601	0.00938	0.00150	0.47835	0.00324	0.00197	0.00474
9	0.00730	0.00365	0.00548	0.00548	0.00548	0.00365	0.00365	0.00548	0.00548	0.00730	0.00730	0.01278	0.00730	0.01460	0.01643	0.87769	0.00365	0.00365	0.00183	0.00183
10	0.00795	0.00903	0.12618	0.00965	0.04387	0.02296	0.09658	0.01226	0.17493	0.01365	0.07942	0.15796	0.06628	0.00875	0.03881	0.00173	0.00438	0.11726	0.00336	0.00501
11	0.00614	0.00426	0.00541	0.00534	0.00633	0.00387	0.00392	0.00768	0.01067	0.04784	0.48676	0.21581	0.16062	0.00981	0.00502	0.00142	0.00217	0.00864	0.00437	0.00391
12	0.00577	0.03904	0.00581	0.00518	0.00634	0.00434	0.00394	0.00727	0.01038	0.01377	0.39824	0.12258	0.30184	0.01016	0.02272	0.00151	0.00244	0.03077	0.00412	0.00382
13	0.00784	0.00392	0.00392	0.00392	0.00490	0.00392	0.00294	0.00980	0.00882	0.01567	0.01371	0.01567	0.01077	0.00490	0.00294	0.00098	0.00196	0.00392	0.87560	0.00392
14	0.01228	0.12584	0.07190	0.04199	0.01508	0.14154	0.16865	0.21485	0.05336	0.01576	0.00839	0.00962	0.00648	0.00432	0.00434	0.00121	0.03492	0.00356	0.00270	0.06320
15	0.30295	0.03009	0.00971	0.04857	0.01155	0.23009	0.00668	0.11065	0.16242	0.01649	0.00956	0.01006	0.02543	0.00465	0.00356	0.00126	0.00470	0.00326	0.00297	0.00534

[dist]
# distance from previous block
# <min> <max>
0	8

[block]
# block no. 4 follows, 63 sequences, length 29
# corresponding to MSA columns:
# 249-277
name=unknown_E
#
# <colnr> <probs for GDERKNQSTAVLIFYWHMCP>
#	G	D	E	R	K	N	Q	S	T	A	V	L	I	F	Y	W	H	M	C	P
0	0.04034	0.49775	0.21330	0.00905	0.02588	0.10362	0.00931	0.03706	0.00929	0.01161	0.00648	0.00751	0.00542	0.00383	0.00319	0.00105	0.00521	0.00257	0.00194	0.00558
1	0.00812	0.03522	0.04085	0.00714	0.02678	0.04353	0.00538	0.08970	0.00880	0.02102	0.07295	0.03468	0.01345	0.29814	0.22957	0.00367	0.03346	0.00508	0.01844	0.00404
2	0.00730	0.00365	0.00548	0.00548	0.00548	0.00365	0.00365	0.00548	0.00548	0.00730	0.00730	0.01278	0.00730	0.01460	0.01643	0.87769	0.00365	0.00365	0.00183	0.00183
3	0.00822	0.03806	0.32596	0.11968	0.04714	0.02826	0.04219	0.01184	0.05266	0.01278	0.05709	0.08375	0.02265	0.00672	0.03011	0.00158	0.02336	0.06951	0.00252	0.01591
4	0.00801	0.00754	0.01249	0.78239	0.02763	0.00935	0.01136	0.01071	0.00834	0.01081	0.00740	0.01105	0.00562	0.00429	0.00454	0.00139	0.03812	0.00369	0.00189	0.03338
5	0.01150	0.57001	0.05674	0.08313	0.03742	0.07498	0.00828	0.07983	0.02279	0.01178	0.00671	0.00784	0.00572	0.00388	0.00317	0.00103	0.00491	0.00267	0.00208	0.00553
6	0.01196	0.27616	0.19688	0.00991	0.03989	0.09207	0.03317	0.04648	0.11280	0.11242	0.00933	0.00979	0.00708	0.00435	0.00386	0.00119	0.02072	0.00326	0.00267	0.00600
7	0.02619	0.04618	0.09854	0.03782	0.05425	0.02126	0.00777	0.08806	0.07275	0.07459	0.00960	0.01058	0.02423	0.00446	0.00468	0.00110	0.08888	0.00333	0.00280	0.32292
8	0.03251	0.00440	0.00516	0.00494	0.00613	0.00399	0.00371	0.00740	0.01094	0.01500	0.52570	0.03381	0.31279	0.00917	0.00489	0.00136	0.00207	0.00788	0.00431	0.00384
9	0.00832	0.00727	0.01062	0.17137	0.16411	0.03804	0.03342	0.03432	0.02354	0.01277	0.01564	0.07257	0.02649	0.00799	0.00499	0.00161	0.00456	0.35457	0.00306	0.00475
10	0.00529	0.00374	0.00481	0.00560	0.00583	0.00353	0.00366	0.00590	0.00776	0.01031	0.02197	0.69058	0.04519	0.15513	0.00807	0.00210	0.00271	0.01089	0.00367	0.00327
11	0.00967	0.00923	0.01502	0.32118	0.41661	0.03050	0.04766	0.04303	0.00949	0.01283	0.00802	0.01129	0.00657	0.03561	0.00485	0.00141	0.00533	0.00386	0.00211	0.00571
12	0.00920	0.00920	0.01288	0.01104	0.01104	0.01288	0.00920	0.01012	0.00644	0.01012	0.00552	0.00920	0.00552	0.00736	0.01380	0.00184	0.84457	0.00368	0.00184	0.00460
13	0.00590	0.00444	0.00542	0.00519	0.00632	0.00405	0.00391	0.02434	0.01130	0.01536	0.56329	0.05724	0.24136	0.00925	0.00498	0.00137	0.00213	0.02584	0.00439	0.00391
14	0.01115	0.82850	0.04755	0.00734	0.01102	0.01642	0.00746	0.01261	0.00855	0.01000	0.00590	0.00681	0.00539	0.00361	0.00274	0.00091	0.00455	0.00227	0.00180	0.00542
15	0.01046	0.00903	0.00951	0.00855	0.01093	0.01046	0.00665	0.02234	0.81845	0.01759	0.01711	0.01568	0.01283	0.00570	0.00428	0.00143	0.00333	0.00475	0.00428	0.00665
16	0.16386	0.33633	0.08225	0.03435	0.01257	0.11944	0.05757	0.04764	0.02437	0.04363	0.00706	0.00815	0.00572	0.00410	0.00370	0.00115	0.03760	0.00284	0.00228	0.00537
17	0.01069	0.00691	0.00952	0.00967	0.11271	0.00679	0.02978	0.07232	0.08754	0.19430	0.23466	0.03774	0.04561	0.00712	0.00470	0.00141	0.00346	0.11543	0.00416	0.00551
18	0.00602	0.00443	0.00637	0.00637	0.00699	0.00505	0.00477	0.00726	0.00664	0.00947	0.01161	0.01846	0.01136	0.17707	0.69122	0.00628	0.00999	0.00479	0.00230	0.00354
19	0.00522	0.00367	0.00484	0.00578	0.00605	0.00343	0.00387	0.00600	0.00808	0.01092	0.02282	0.81843	0.02717	0.01286	0.00528	0.00168	0.00242	0.01165	0.03640	0.00343
20	0.18398	0.00901	0.01006	0.00793	0.01104	0.00933	0.00655	0.31339	0.01391	0.35421	0.01223	0.01209	0.00840	0.00505	0.00394	0.00130	0.00391	0.02279	0.00430	0.00657
21	0.08484	0.00534	0.00642	0.00593	0.00746	0.00516	0.00466	0.02583	0.04054	0.11541	0.44633	0.04159	0.10344	0.00814	0.00471	0.00139	0.00259	0.08136	0.00435	0.00451
22	0.01510	0.01134	0.01212	0.00949	0.01270	0.01262	0.00778	0.68584	0.14739	0.02507	0.01121	0.01099	0.00806	0.00515	0.00422	0.00129	0.00442	0.00394	0.00422	0.00707
23	0.75864	0.00907	0.04144	0.00621	0.00904	0.00981	0.00536	0.09239	0.00849	0.01939	0.00635	0.00724	0.00484	0.00402	0.00282	0.00130	0.00351	0.00246	0.00273	0.00488
24	0.00850	0.00824	0.03174	0.63344	0.11527	0.00937	0.04321	0.04208	0.00903	0.01185	0.00831	0.04543	0.00672	0.00452	0.00427	0.00139	0.00544	0.00411	0.00207	0.00501
25	0.02913	0.00894	0.01061	0.00935	0.03804	0.00989	0.05869	0.14729	0.47374	0.01856	0.13383	0.01645	0.01507	0.00578	0.00437	0.00137	0.00364	0.00494	0.00407	0.00623
26	0.00605	0.00434	0.00593	0.00593	0.00639	0.00481	0.00422	0.00698	0.00651	0.00915	0.01202	0.02071	0.01233	0.34448	0.52514	0.00573	0.00852	0.00512	0.00236	0.00329
27	0.81146	0.00865	0.00661	0.00588	0.00848	0.03721	0.00481	0.03438	0.02444	0.01875	0.00622	0.00713	0.00482	0.00398	0.00272	0.00129	0.00344	0.00238	0.00267	0.00468
28	0.01057	0.00956	0.01263	0.50517	0.02248	0.07900	0.02826	0.16486	0.04986	0.03142	0.00849	0.01090	0.00635	0.00458	0.00457	0.00136	0.03835	0.00374	0.00253	0.00533

[dist]
# distance from previous block
# <min> <max>
0	1

[block]
# block no. 5 follows, 63 sequences, length 13
# corresponding to MSA columns:
# 279-291
name=unknown_F
#
# <colnr> <probs for GDERKNQSTAVLIFYWHMCP>
#	G	D	E	R	K	N	Q	S	T	A	V	L	I	F	Y	W	H	M	C	P
0	0.00498	0.00423	0.00429	0.00435	0.00570	0.00354	0.00323	0.00602	0.00950	0.01132	0.04151	0.08535	0.78014	0.01079	0.00499	0.00144	0.00215	0.00904	0.00390	0.00354
1	0.01405	0.01292	0.01106	0.00931	0.01177	0.27821	0.00734	0.31030	0.07986	0.06509	0.09166	0.01285	0.03171	0.00547	0.00456	0.00125	0.03911	0.00405	0.00355	0.00586
2	0.83089	0.00824	0.00682	0.00672	0.05605	0.00946	0.00504	0.01239	0.00730	0.01856	0.00597	0.00704	0.00468	0.00389	0.00269	0.00130	0.00335	0.00236	0.00257	0.00468
3	0.00989	0.01124	0.02424	0.01740	0.02145	0.01074	0.77291	0.01331	0.00976	0.01331	0.00836	0.01124	0.00634	0.00372	0.00538	0.00144	0.04665	0.00490	0.00211	0.00562
4	0.08329	0.00664	0.00766	0.03571	0.00958	0.03905	0.00639	0.05193	0.07825	0.03297	0.04391	0.04375	0.08102	0.02899	0.03006	0.00186	0.03807	0.37286	0.00358	0.00444
5	0.00843	0.02174	0.83048	0.01198	0.01819	0.00976	0.01553	0.01331	0.00888	0.01331	0.00754	0.00888	0.00533	0.00399	0.00399	0.00133	0.00621	0.00311	0.00178	0.00621
6	0.00564	0.00429	0.00520	0.00497	0.00609	0.00384	0.00373	0.00734	0.01118	0.01514	0.58047	0.03422	0.28408	0.00923	0.00496	0.00135	0.00203	0.00800	0.00440	0.00384
7	0.00705	0.00459	0.00577	0.00547	0.00675	0.00416	0.00425	0.00881	0.01112	0.08811	0.48570	0.03275	0.19444	0.00888	0.00491	0.00139	0.00234	0.08515	0.03421	0.00416
8	0.79162	0.00803	0.00655	0.00573	0.00840	0.00909	0.00472	0.01321	0.00766	0.10365	0.00698	0.00761	0.00517	0.00404	0.00277	0.00130	0.00329	0.00248	0.00287	0.00482
9	0.00798	0.11667	0.17304	0.00747	0.01001	0.00773	0.00716	0.02500	0.11243	0.02623	0.22088	0.08887	0.07634	0.04923	0.00527	0.00149	0.00365	0.05226	0.00340	0.00489
10	0.03359	0.04391	0.03249	0.03526	0.04751	0.10252	0.03482	0.16374	0.06879	0.01438	0.00969	0.02401	0.00828	0.03185	0.22457	0.00280	0.07874	0.00396	0.00272	0.03638
11	0.02910	0.01154	0.01248	0.08010	0.03554	0.09561	0.04003	0.50926	0.05624	0.02105	0.00977	0.01081	0.00733	0.02243	0.03818	0.00155	0.00529	0.00381	0.00353	0.00634
12	0.04019	0.04231	0.01102	0.03272	0.01161	0.00817	0.07533	0.12011	0.05310	0.08369	0.05509	0.03745	0.02996	0.00549	0.00459	0.00120	0.05050	0.07082	0.00323	0.26340

[dist]
# distance from previous block
# <min> <max>
2	5

[block]
# block no. 6 follows, 63 sequences, length 16
# corresponding to MSA columns:
# 297-312
name=unknown_G
#
# <colnr> <probs for GDERKNQSTAVLIFYWHMCP>
#	G	D	E	R	K	N	Q	S	T	A	V	L	I	F	Y	W	H	M	C	P
0	0.03412	0.00738	0.00809	0.00720	0.00915	0.00804	0.00558	0.10356	0.37351	0.03233	0.24177	0.03768	0.07582	0.03072	0.00496	0.00145	0.00302	0.00582	0.00425	0.00552
1	0.00960	0.13840	0.12404	0.11562	0.01686	0.02545	0.21975	0.03056	0.00865	0.01177	0.00730	0.01029	0.00609	0.00520	0.00692	0.03576	0.20533	0.01526	0.00199	0.00516
2	0.00730	0.00365	0.00548	0.00548	0.00548	0.00365	0.00365	0.00548	0.00548	0.00730	0.00730	0.01278	0.00730	0.01460	0.01643	0.87769	0.00365	0.00365	0.00183	0.00183
3	0.00991	0.00939	0.01648	0.03767	0.22312	0.00931	0.29923	0.03620	0.12715	0.04407	0.04975	0.01577	0.08081	0.00499	0.00460	0.00137	0.00506	0.01638	0.00288	0.00585
4	0.01536	0.00797	0.00971	0.00786	0.01072	0.00793	0.00635	0.10680	0.23097	0.46454	0.07276	0.01542	0.01276	0.00556	0.00429	0.00133	0.00351	0.00456	0.00480	0.00679
5	0.02324	0.00728	0.02219	0.01055	0.12508	0.00702	0.03104	0.06045	0.07026	0.20627	0.05314	0.02685	0.03058	0.00757	0.00485	0.00154	0.00397	0.29869	0.00392	0.00553
6	0.00843	0.02174	0.83048	0.01198	0.01819	0.00976	0.01553	0.01331	0.00888	0.01331	0.00754	0.00888	0.00533	0.00399	0.00399	0.00133	0.00621	0.00311	0.00178	0.00621
7	0.88196	0.00813	0.00618	0.00553	0.00813	0.00943	0.00455	0.01236	0.00715	0.01886	0.00585	0.00683	0.00455	0.00390	0.00260	0.00130	0.00325	0.00228	0.00260	0.00455
8	0.00549	0.00396	0.00504	0.00546	0.00612	0.00365	0.00386	0.00671	0.00950	0.01293	0.27632	0.45323	0.12561	0.01113	0.00512	0.00153	0.00227	0.02588	0.03254	0.00363
9	0.00609	0.00417	0.00505	0.00505	0.00522	0.00433	0.00313	0.00641	0.00625	0.00850	0.01282	0.02513	0.01425	0.67486	0.19739	0.00465	0.00563	0.00577	0.00248	0.00281
10	0.00516	0.00420	0.00453	0.00458	0.00577	0.00361	0.00335	0.00629	0.00963	0.01196	0.15018	0.12001	0.60373	0.04126	0.00561	0.00153	0.00221	0.00890	0.00396	0.00356
11	0.00957	0.00936	0.01211	0.01043	0.01073	0.06067	0.00860	0.01061	0.00739	0.03320	0.07671	0.01116	0.00860	0.00723	0.01217	0.00174	0.69894	0.00398	0.00219	0.00463
12	0.03528	0.00795	0.00981	0.00821	0.06554	0.00681	0.01946	0.05675	0.05216	0.10867	0.00950	0.01076	0.00748	0.00386	0.00351	0.00088	0.00348	0.02045	0.00299	0.56646
13	0.04975	0.06777	0.01253	0.01102	0.10475	0.21443	0.00797	0.23319	0.10855	0.04482	0.00922	0.00983	0.00711	0.00458	0.00413	0.00118	0.02870	0.00338	0.00308	0.07401
14	0.01049	0.48218	0.24320	0.00953	0.03963	0.07441	0.02915	0.01287	0.00899	0.01113	0.00793	0.00894	0.03753	0.00404	0.00333	0.00108	0.00518	0.00289	0.00192	0.00556
15	0.01982	0.00643	0.02723	0.00922	0.14119	0.01849	0.01836	0.03992	0.00842	0.02987	0.01544	0.16264	0.06737	0.32172	0.01080	0.00238	0.00390	0.03329	0.00293	0.06057

[dist]
# distance from previous block
# <min> <max>
8	17

# created by:
# /st0/software/busco_prod/Augustus/scripts/msa2prfl.pl ./align_prep/111268.fa
