[name]
unknown

[dist]
# distance from previous block
# <min> <max>
3	103

[block]
# block no. 0 follows, 45 sequences, length 10
# corresponding to MSA columns:
# 1151-1160
name=unknown_A
#
# <colnr> <probs for GDERKNQSTAVLIFYWHMCP>
#	G	D	E	R	K	N	Q	S	T	A	V	L	I	F	Y	W	H	M	C	P
0	0.05740	0.06034	0.08539	0.05779	0.09748	0.17140	0.01124	0.24470	0.05933	0.02129	0.01128	0.01327	0.00893	0.03934	0.02500	0.00188	0.00694	0.00446	0.00367	0.01887
1	0.06018	0.01298	0.06420	0.11606	0.05571	0.05154	0.10426	0.10546	0.12937	0.06711	0.03585	0.01744	0.01190	0.00631	0.00554	0.00167	0.01838	0.04526	0.00391	0.08686
2	0.07245	0.00932	0.06966	0.00930	0.01134	0.00867	0.00786	0.09906	0.03757	0.01776	0.02625	0.26745	0.15231	0.01199	0.00719	0.00201	0.07642	0.10322	0.00446	0.00569
3	0.00914	0.00895	0.05962	0.00800	0.01021	0.05125	0.00654	0.01270	0.08585	0.01870	0.38555	0.05758	0.13799	0.05368	0.00707	0.00184	0.00376	0.00843	0.00494	0.06820
4	0.01448	0.01261	0.12258	0.08220	0.10824	0.01032	0.12098	0.03024	0.07289	0.21781	0.01854	0.08950	0.06076	0.00720	0.00568	0.00176	0.00587	0.00652	0.00426	0.00757
5	0.01769	0.01133	0.03198	0.06598	0.12205	0.01133	0.01019	0.13399	0.18326	0.29400	0.01784	0.04889	0.01303	0.00679	0.00545	0.00171	0.00514	0.00570	0.00518	0.00847
6	0.01553	0.01168	0.08183	0.01186	0.07329	0.05388	0.00926	0.02095	0.18264	0.26297	0.14319	0.07318	0.02027	0.00783	0.00560	0.00172	0.00480	0.00662	0.00522	0.00768
7	0.00782	0.00551	0.00624	0.00610	0.00665	0.00522	0.00370	0.00820	0.00865	0.01157	0.02075	0.09532	0.08839	0.61652	0.02207	0.00433	0.00472	0.00836	0.00354	0.06634
8	0.01574	0.06752	0.13561	0.08458	0.06372	0.06949	0.01203	0.04476	0.01265	0.22057	0.01332	0.01651	0.01033	0.00698	0.00758	0.00180	0.15464	0.05100	0.00381	0.00739
9	0.01760	0.06441	0.03813	0.01307	0.07507	0.06161	0.01010	0.29841	0.14551	0.12351	0.01418	0.01417	0.01038	0.00617	0.00542	0.00157	0.02475	0.00476	0.00467	0.06652

[dist]
# distance from previous block
# <min> <max>
4	25

[block]
# block no. 1 follows, 45 sequences, length 24
# corresponding to MSA columns:
# 1189-1212
name=unknown_B
#
# <colnr> <probs for GDERKNQSTAVLIFYWHMCP>
#	G	D	E	R	K	N	Q	S	T	A	V	L	I	F	Y	W	H	M	C	P
0	0.02556	0.09695	0.01563	0.04173	0.06537	0.13660	0.05052	0.11114	0.16866	0.01843	0.01724	0.04108	0.08398	0.04267	0.00662	0.00178	0.03374	0.00571	0.00387	0.03272
1	0.01529	0.07246	0.06365	0.01280	0.03993	0.05551	0.11980	0.13014	0.06830	0.13655	0.03326	0.01665	0.02535	0.02992	0.02512	0.00180	0.00614	0.01734	0.00410	0.12589
2	0.03773	0.01353	0.03944	0.04439	0.09368	0.11861	0.09688	0.15913	0.01460	0.01931	0.05796	0.02946	0.07938	0.03360	0.03044	0.00196	0.05611	0.00573	0.00367	0.06440
3	0.00839	0.03910	0.06243	0.00857	0.01055	0.00724	0.04814	0.01151	0.08922	0.01529	0.07565	0.24973	0.21115	0.11343	0.00888	0.00232	0.00416	0.02456	0.00445	0.00525
4	0.01347	0.35934	0.10661	0.03492	0.03292	0.08623	0.01034	0.04580	0.06327	0.01532	0.01179	0.01528	0.02693	0.03411	0.00555	0.00156	0.02409	0.04504	0.00299	0.06443
5	0.07093	0.12168	0.22659	0.01580	0.16828	0.07293	0.01290	0.03970	0.01238	0.09737	0.01275	0.08791	0.01103	0.00650	0.00503	0.00163	0.00628	0.01959	0.00332	0.00740
6	0.01244	0.03648	0.03184	0.18268	0.13790	0.03490	0.17015	0.07322	0.08665	0.01792	0.02794	0.03561	0.04036	0.00617	0.00554	0.00168	0.00648	0.02398	0.00337	0.06470
7	0.00745	0.00596	0.00638	0.00632	0.00799	0.00538	0.00476	0.04992	0.01262	0.01555	0.06836	0.09261	0.55982	0.07280	0.00795	0.00212	0.00325	0.06112	0.00490	0.00473
8	0.01513	0.05848	0.07517	0.03745	0.05017	0.11084	0.07150	0.15760	0.08826	0.09618	0.03371	0.10161	0.02461	0.00765	0.00571	0.00172	0.01700	0.03563	0.00424	0.00732
9	0.01839	0.01620	0.07339	0.01685	0.16694	0.15429	0.05028	0.22949	0.03287	0.16881	0.01295	0.01354	0.00934	0.00581	0.00530	0.00160	0.00670	0.00472	0.00425	0.00828
10	0.02159	0.05373	0.01274	0.00926	0.01311	0.00857	0.00767	0.02419	0.04403	0.63529	0.07218	0.01935	0.01563	0.00684	0.00531	0.00163	0.00442	0.00557	0.03029	0.00859
11	0.01482	0.03293	0.04113	0.01901	0.22150	0.10902	0.11651	0.08658	0.24869	0.03363	0.01401	0.01500	0.01076	0.00580	0.00540	0.00166	0.00645	0.00519	0.00384	0.00806
12	0.01428	0.11418	0.01428	0.01060	0.01378	0.06370	0.00851	0.15140	0.39990	0.02155	0.01993	0.07262	0.05693	0.00769	0.00529	0.00169	0.00491	0.00620	0.00481	0.00775
13	0.00811	0.00628	0.00746	0.00692	0.00880	0.00562	0.00534	0.03846	0.01392	0.01883	0.37354	0.06324	0.26514	0.01132	0.00615	0.00170	0.00305	0.05986	0.00523	0.09104
14	0.01654	0.22203	0.18314	0.01313	0.01762	0.36751	0.04065	0.01919	0.01322	0.04780	0.00904	0.01033	0.00721	0.00522	0.00463	0.00142	0.00807	0.00362	0.00271	0.00692
15	0.11536	0.14030	0.36847	0.01353	0.04184	0.05747	0.03706	0.11061	0.01315	0.04124	0.00977	0.01107	0.00727	0.00522	0.00471	0.00158	0.00688	0.00389	0.00297	0.00761
16	0.00656	0.00478	0.00618	0.00724	0.00774	0.00440	0.00489	0.00759	0.01066	0.01406	0.05870	0.70165	0.11325	0.01627	0.00678	0.00212	0.00305	0.01465	0.00502	0.00440
17	0.00654	0.00467	0.00623	0.00747	0.00779	0.00436	0.00498	0.00747	0.01028	0.01370	0.02959	0.80785	0.03550	0.01682	0.00685	0.00218	0.00311	0.01526	0.00498	0.00436
18	0.03865	0.12062	0.01602	0.02984	0.04441	0.07014	0.02660	0.29126	0.04137	0.12226	0.08814	0.05860	0.01474	0.00701	0.00522	0.00159	0.00553	0.00560	0.00468	0.00771
19	0.00865	0.00630	0.00738	0.00722	0.00881	0.00594	0.00540	0.06151	0.04036	0.04701	0.21223	0.23547	0.28642	0.01284	0.00637	0.00188	0.00318	0.03245	0.00531	0.00526
20	0.01835	0.01063	0.01261	0.01039	0.01389	0.01093	0.00848	0.20801	0.18123	0.31014	0.06991	0.02255	0.01698	0.00775	0.00565	0.00176	0.00473	0.07179	0.00587	0.00835
21	0.03849	0.15984	0.36207	0.01348	0.01904	0.10898	0.06323	0.05849	0.02915	0.01717	0.03712	0.01439	0.00989	0.00581	0.00498	0.00161	0.00720	0.03893	0.00289	0.00727
22	0.12135	0.09995	0.01443	0.01193	0.05341	0.24272	0.03745	0.03498	0.11702	0.03840	0.03441	0.10907	0.04851	0.00743	0.00504	0.00162	0.00610	0.00587	0.00376	0.00653
23	0.03396	0.01258	0.03667	0.05653	0.06781	0.10859	0.03933	0.08082	0.06774	0.05053	0.01564	0.01671	0.08113	0.00655	0.01838	0.00150	0.00560	0.00487	0.02944	0.26561

[dist]
# distance from previous block
# <min> <max>
0	3

[block]
# block no. 2 follows, 45 sequences, length 23
# corresponding to MSA columns:
# 1216-1238
name=unknown_C
#
# <colnr> <probs for GDERKNQSTAVLIFYWHMCP>
#	G	D	E	R	K	N	Q	S	T	A	V	L	I	F	Y	W	H	M	C	P
0	0.00728	0.00564	0.00692	0.00706	0.00786	0.00559	0.00500	0.00848	0.01112	0.01472	0.16542	0.28902	0.22689	0.14090	0.01071	0.00249	0.06450	0.01124	0.00467	0.00447
1	0.08267	0.01659	0.01560	0.01264	0.01642	0.18930	0.04845	0.40985	0.11124	0.02620	0.01242	0.01280	0.00921	0.00613	0.00515	0.00160	0.00658	0.00460	0.00450	0.00805
2	0.01220	0.01181	0.01679	0.33564	0.13641	0.07168	0.07689	0.05090	0.11700	0.01663	0.01367	0.01651	0.04172	0.00785	0.04968	0.00211	0.00716	0.00532	0.00318	0.00684
3	0.05503	0.01608	0.15285	0.14230	0.28666	0.08527	0.09230	0.04073	0.01239	0.01726	0.00978	0.01256	0.00767	0.00500	0.00519	0.00162	0.00713	0.00452	0.00271	0.04298
4	0.01413	0.08147	0.03574	0.01621	0.06248	0.20074	0.16707	0.01690	0.04180	0.01456	0.00927	0.01232	0.00792	0.00775	0.03797	0.00206	0.25766	0.00468	0.00268	0.00659
5	0.06085	0.00885	0.01177	0.00928	0.01310	0.00781	0.00757	0.02425	0.01469	0.68768	0.02119	0.07841	0.01465	0.00735	0.00541	0.00170	0.00444	0.00604	0.00636	0.00862
6	0.00897	0.00638	0.00780	0.00811	0.00923	0.00644	0.00576	0.05504	0.09980	0.04711	0.02743	0.51971	0.07072	0.05499	0.04355	0.00251	0.00407	0.01214	0.00495	0.00529
7	0.01280	0.01321	0.06310	0.11104	0.35951	0.04837	0.04207	0.05116	0.10050	0.01762	0.01277	0.07481	0.01110	0.00644	0.00616	0.00174	0.05111	0.00568	0.00322	0.00759
8	0.00855	0.00628	0.00722	0.00714	0.00885	0.00590	0.00541	0.01172	0.09959	0.06044	0.15667	0.17233	0.35760	0.01268	0.00634	0.00189	0.00318	0.05759	0.00528	0.00533
9	0.00779	0.00595	0.00720	0.00710	0.00853	0.00565	0.00540	0.01084	0.07146	0.01857	0.40213	0.08838	0.21733	0.03595	0.00704	0.00194	0.00307	0.08515	0.00542	0.00509
10	0.01823	0.01364	0.01480	0.01167	0.01556	0.01500	0.00952	0.59694	0.09222	0.03032	0.01432	0.04571	0.01101	0.00839	0.04147	0.00194	0.00595	0.00534	0.00516	0.04281
11	0.01040	0.00891	0.01176	0.01173	0.09260	0.00912	0.05659	0.08155	0.14220	0.01919	0.15426	0.07566	0.24598	0.00996	0.00644	0.00180	0.03255	0.01818	0.00477	0.00635
12	0.00655	0.00480	0.00615	0.00718	0.00772	0.00441	0.00486	0.00760	0.01071	0.01408	0.05844	0.67997	0.13547	0.01618	0.00677	0.00211	0.00304	0.01454	0.00501	0.00441
13	0.01791	0.01115	0.01402	0.01349	0.11747	0.01153	0.00962	0.23879	0.11219	0.24824	0.01733	0.01906	0.01293	0.00828	0.03751	0.00197	0.00550	0.05099	0.04370	0.00834
14	0.01362	0.07732	0.35695	0.01640	0.04852	0.18420	0.15809	0.01845	0.04640	0.01615	0.00999	0.01185	0.00758	0.00514	0.00519	0.00162	0.00816	0.00436	0.00262	0.00740
15	0.00989	0.00743	0.04439	0.01022	0.01156	0.00661	0.14291	0.00930	0.00833	0.01125	0.01036	0.04486	0.00996	0.01543	0.01711	0.62347	0.00554	0.00533	0.00250	0.00354
16	0.01331	0.00956	0.01060	0.00895	0.01176	0.00989	0.00710	0.24670	0.12141	0.08145	0.19238	0.03016	0.21551	0.00940	0.00584	0.00171	0.00402	0.00778	0.00550	0.00698
17	0.01658	0.06188	0.06130	0.01274	0.01647	0.20876	0.06738	0.22783	0.14338	0.03917	0.05393	0.04075	0.01262	0.00661	0.00530	0.00161	0.00662	0.00526	0.00422	0.00758
18	0.01567	0.04687	0.07614	0.01460	0.08212	0.05825	0.11358	0.21707	0.07963	0.10140	0.04203	0.02722	0.06272	0.00681	0.00576	0.00168	0.02182	0.01454	0.00432	0.00779
19	0.48570	0.12932	0.02698	0.01105	0.07976	0.15916	0.00834	0.01696	0.01084	0.01969	0.00790	0.00933	0.00643	0.00501	0.00383	0.00153	0.00568	0.00319	0.00299	0.00632
20	0.01374	0.01307	0.03269	0.13992	0.48920	0.05816	0.04200	0.01742	0.04718	0.05988	0.01103	0.01379	0.00877	0.00523	0.00562	0.00165	0.02492	0.00484	0.00297	0.00792
21	0.01112	0.00736	0.00865	0.00765	0.00988	0.00702	0.00601	0.11153	0.03308	0.11448	0.31624	0.03760	0.25994	0.01069	0.00611	0.00174	0.00342	0.03584	0.00560	0.00602
22	0.01359	0.10518	0.09841	0.05156	0.26606	0.05530	0.11091	0.06945	0.11469	0.01816	0.01214	0.03932	0.00995	0.00567	0.00527	0.00163	0.00660	0.00513	0.00322	0.00778

[dist]
# distance from previous block
# <min> <max>
0	1

[block]
# block no. 3 follows, 45 sequences, length 22
# corresponding to MSA columns:
# 1240-1243,1245-1262
name=unknown_D
#
# <colnr> <probs for GDERKNQSTAVLIFYWHMCP>
#	G	D	E	R	K	N	Q	S	T	A	V	L	I	F	Y	W	H	M	C	P
0	0.02782	0.03854	0.01456	0.01283	0.08642	0.04996	0.00951	0.33707	0.07134	0.10323	0.08456	0.01965	0.03220	0.00720	0.00543	0.00163	0.00534	0.04754	0.00493	0.04021
1	0.01315	0.37843	0.24580	0.01373	0.07717	0.05510	0.04962	0.01709	0.04765	0.01530	0.03474	0.01171	0.00896	0.00514	0.00448	0.00144	0.00661	0.00392	0.00263	0.00732
2	0.00731	0.00516	0.00609	0.00634	0.00676	0.00502	0.00401	0.00790	0.00923	0.01214	0.04650	0.20264	0.13044	0.45703	0.06678	0.00419	0.00490	0.00983	0.00392	0.00382
3	0.01127	0.05295	0.58837	0.01629	0.02328	0.01317	0.14701	0.01680	0.01140	0.01668	0.00964	0.01180	0.00705	0.00519	0.00587	0.00173	0.04711	0.00437	0.00235	0.00767
4	0.04201	0.01386	0.01562	0.05326	0.13926	0.13097	0.04735	0.11766	0.22020	0.11457	0.01529	0.01669	0.01166	0.00638	0.00536	0.00169	0.00607	0.02980	0.00437	0.00793
5	0.01498	0.72779	0.02671	0.00970	0.01409	0.10579	0.00932	0.01666	0.01138	0.01269	0.00755	0.00873	0.00689	0.00470	0.00360	0.00117	0.00617	0.00293	0.00235	0.00682
6	0.01359	0.01574	0.16729	0.01267	0.06621	0.09630	0.02259	0.11113	0.05068	0.04120	0.01249	0.02659	0.02861	0.02997	0.00575	0.00150	0.01898	0.00451	0.00347	0.27074
7	0.01048	0.00989	0.01673	0.71424	0.11847	0.01202	0.01508	0.01402	0.01090	0.01414	0.00960	0.01420	0.00730	0.00530	0.00536	0.00177	0.00707	0.00477	0.00242	0.00624
8	0.00778	0.00530	0.00634	0.00634	0.00650	0.00547	0.00385	0.00812	0.00795	0.01077	0.01647	0.03269	0.01846	0.67722	0.16000	0.00580	0.00680	0.00745	0.00319	0.00352
9	0.00842	0.00681	0.00888	0.01078	0.11706	0.02158	0.00666	0.01020	0.04550	0.01474	0.07003	0.29557	0.21868	0.01424	0.03225	0.09473	0.00414	0.01035	0.00433	0.00504
10	0.01359	0.01322	0.03512	0.12944	0.42519	0.03972	0.03783	0.09788	0.01300	0.01802	0.00986	0.01304	0.00809	0.00570	0.00703	0.00173	0.11614	0.00476	0.00288	0.00774
11	0.00851	0.00526	0.00691	0.00753	0.00841	0.00480	0.00525	0.00969	0.01123	0.09864	0.06976	0.62949	0.08367	0.01517	0.00663	0.00207	0.00322	0.01362	0.00521	0.00493
12	0.00964	0.00584	0.00719	0.13922	0.01160	0.00630	0.00576	0.01201	0.01063	0.01742	0.01591	0.02078	0.01326	0.09678	0.05550	0.00224	0.00432	0.00532	0.55532	0.00496
13	0.01371	0.01349	0.01948	0.31401	0.21630	0.09855	0.11198	0.11488	0.01378	0.01774	0.01016	0.01338	0.00786	0.00527	0.00542	0.00167	0.00732	0.00484	0.00294	0.00722
14	0.00965	0.00745	0.01077	0.01203	0.11864	0.00707	0.04841	0.01218	0.03748	0.06367	0.08585	0.14485	0.21977	0.03195	0.00694	0.00204	0.00433	0.16653	0.00467	0.00573
15	0.00715	0.00530	0.00672	0.00742	0.00818	0.00506	0.00516	0.00929	0.05844	0.01576	0.17002	0.56717	0.08432	0.01493	0.00664	0.00204	0.00305	0.01340	0.00519	0.00476
16	0.35941	0.01203	0.01355	0.01430	0.16908	0.03237	0.02949	0.12298	0.09269	0.08890	0.01158	0.01243	0.00868	0.00553	0.00454	0.00165	0.00517	0.00421	0.00396	0.00745
17	0.03177	0.03611	0.01546	0.28630	0.15527	0.05938	0.01197	0.03826	0.13961	0.01665	0.01615	0.01821	0.08920	0.00671	0.00610	0.00174	0.05545	0.00549	0.00335	0.00681
18	0.08930	0.03683	0.02609	0.01231	0.06195	0.13263	0.02674	0.12953	0.20507	0.03258	0.03922	0.01553	0.01202	0.00988	0.09135	0.00235	0.00672	0.00489	0.00406	0.06097
19	0.09143	0.06058	0.08633	0.01395	0.12067	0.07677	0.04697	0.07952	0.07601	0.06397	0.09972	0.03858	0.01514	0.00778	0.03130	0.00184	0.00593	0.02680	0.00390	0.05280
20	0.08551	0.03932	0.09595	0.15321	0.14155	0.08323	0.03468	0.09922	0.09412	0.02878	0.03612	0.01392	0.00996	0.00562	0.00504	0.00160	0.00627	0.00462	0.00341	0.05787
21	0.04247	0.03473	0.01506	0.01600	0.21914	0.05955	0.04252	0.05431	0.08839	0.06633	0.05414	0.02016	0.12011	0.00676	0.00541	0.00154	0.01653	0.00575	0.00390	0.12721

[dist]
# distance from previous block
# <min> <max>
3	37

[block]
# block no. 4 follows, 45 sequences, length 44
# corresponding to MSA columns:
# 1300,1301,1310-1351
name=unknown_E
#
# <colnr> <probs for GDERKNQSTAVLIFYWHMCP>
#	G	D	E	R	K	N	Q	S	T	A	V	L	I	F	Y	W	H	M	C	P
0	0.01384	0.40842	0.10229	0.01056	0.01447	0.10636	0.01003	0.07747	0.01252	0.01515	0.01295	0.07770	0.05724	0.00675	0.00524	0.00147	0.05297	0.00487	0.00299	0.00670
1	0.01153	0.13941	0.35662	0.01465	0.10533	0.07704	0.01398	0.01529	0.01165	0.01568	0.03983	0.14890	0.01351	0.00724	0.00520	0.00166	0.00655	0.00600	0.00295	0.00698
2	0.01888	0.05402	0.05710	0.01086	0.01471	0.06415	0.05141	0.04169	0.08939	0.41904	0.01754	0.01763	0.01238	0.04923	0.05522	0.00225	0.00607	0.00530	0.00512	0.00801
3	0.01813	0.05766	0.01338	0.01166	0.08294	0.05789	0.00846	0.08186	0.02988	0.38303	0.02101	0.13531	0.05857	0.00818	0.00551	0.00169	0.00491	0.00684	0.00531	0.00778
4	0.01407	0.01531	0.11073	0.10868	0.36831	0.05911	0.05261	0.12751	0.05628	0.01947	0.01098	0.01333	0.00857	0.00530	0.00533	0.00164	0.00679	0.00476	0.00315	0.00805
5	0.00950	0.06051	0.10315	0.03582	0.11718	0.00915	0.12614	0.01207	0.01121	0.01515	0.02101	0.36529	0.05708	0.01068	0.00610	0.00190	0.00532	0.02299	0.00377	0.00599
6	0.00774	0.00588	0.00688	0.00666	0.00828	0.00547	0.00504	0.03562	0.01277	0.03426	0.20236	0.08704	0.41543	0.01675	0.12256	0.00281	0.00459	0.01001	0.00493	0.00495
7	0.05277	0.03055	0.06042	0.05267	0.05942	0.07113	0.01055	0.32835	0.05805	0.20120	0.01409	0.01402	0.00986	0.00614	0.00520	0.00162	0.00592	0.00475	0.00485	0.00844
8	0.07399	0.03183	0.01723	0.06953	0.12727	0.19622	0.08239	0.16762	0.09890	0.06541	0.01198	0.01317	0.00906	0.00570	0.00516	0.00161	0.00686	0.00464	0.00379	0.00762
9	0.00657	0.00491	0.00599	0.00681	0.00751	0.00446	0.00462	0.00756	0.01064	0.01369	0.03541	0.55085	0.23410	0.07043	0.00812	0.00229	0.00315	0.01369	0.00486	0.00433
10	0.03385	0.01592	0.04289	0.01361	0.05511	0.15966	0.05424	0.26357	0.19324	0.04682	0.01370	0.01399	0.01023	0.00606	0.00522	0.00159	0.00633	0.00480	0.00437	0.05480
11	0.00810	0.00625	0.00756	0.00796	0.00906	0.00633	0.00567	0.01224	0.16681	0.01681	0.15009	0.48324	0.07159	0.01375	0.00646	0.00201	0.00323	0.01227	0.00523	0.00533
12	0.01314	0.01002	0.01269	0.01069	0.06081	0.00896	0.02843	0.10973	0.03259	0.08493	0.05067	0.01486	0.01151	0.00858	0.08158	0.00189	0.00551	0.00442	0.00388	0.44511
13	0.01350	0.01688	0.20400	0.01903	0.02481	0.01269	0.47500	0.01857	0.04195	0.10109	0.01213	0.01438	0.00871	0.00500	0.00591	0.00177	0.00811	0.00567	0.00315	0.00766
14	0.00998	0.00669	0.00895	0.00960	0.01112	0.00663	0.00816	0.05338	0.01307	0.06439	0.02827	0.12403	0.05949	0.01398	0.00708	0.00232	0.00471	0.55771	0.00508	0.00537
15	0.00698	0.00564	0.00622	0.00605	0.00771	0.00498	0.00454	0.00915	0.03586	0.01711	0.29659	0.04681	0.50829	0.01252	0.00631	0.00177	0.00270	0.01062	0.00531	0.00483
16	0.01386	0.06309	0.05113	0.04304	0.41633	0.01329	0.12184	0.03740	0.10997	0.05892	0.01219	0.01424	0.00954	0.00522	0.00536	0.00164	0.00642	0.00506	0.00326	0.00819
17	0.00851	0.00565	0.00741	0.00710	0.00845	0.00519	0.00535	0.01080	0.01446	0.06753	0.59634	0.12794	0.06321	0.01159	0.00638	0.00178	0.00282	0.03850	0.00579	0.00522
18	0.00746	0.00530	0.00692	0.00782	0.00859	0.00505	0.00589	0.00867	0.01083	0.01406	0.03048	0.35672	0.13420	0.07380	0.00933	0.05480	0.00390	0.24713	0.00468	0.00436
19	0.01687	0.01352	0.06042	0.01429	0.11194	0.03132	0.02402	0.29773	0.13748	0.11681	0.03551	0.01569	0.01182	0.00647	0.00574	0.00166	0.03375	0.00517	0.05146	0.00832
20	0.11578	0.01245	0.01336	0.01194	0.05781	0.03987	0.00902	0.22483	0.27806	0.14499	0.02655	0.01600	0.01235	0.00653	0.00516	0.00169	0.00503	0.00514	0.00512	0.00833
21	0.00654	0.00467	0.00623	0.00747	0.00779	0.00436	0.00498	0.00747	0.01028	0.01370	0.02959	0.80785	0.03550	0.01682	0.00685	0.00218	0.00311	0.01526	0.00498	0.00436
22	0.04510	0.01039	0.01454	0.12783	0.01830	0.01045	0.05873	0.09055	0.07488	0.44495	0.01727	0.01662	0.01151	0.00637	0.00571	0.00172	0.02619	0.00527	0.00533	0.00830
23	0.01453	0.03361	0.11196	0.01371	0.01778	0.03199	0.19716	0.10747	0.01431	0.16203	0.05937	0.07328	0.04893	0.00761	0.00637	0.00179	0.04132	0.04528	0.00425	0.00726
24	0.01256	0.01242	0.02237	0.18146	0.50372	0.01273	0.14350	0.01606	0.01201	0.01673	0.01012	0.01369	0.00818	0.00485	0.00550	0.00167	0.00699	0.00505	0.00261	0.00779
25	0.26056	0.01193	0.01892	0.13872	0.27848	0.01259	0.17127	0.01600	0.01118	0.01883	0.00940	0.01234	0.00743	0.00488	0.00495	0.00169	0.00640	0.00456	0.00283	0.00705
26	0.01229	0.03646	0.01886	0.44361	0.23399	0.04299	0.05709	0.06145	0.01233	0.01614	0.00986	0.01360	0.00768	0.00521	0.00533	0.00169	0.00703	0.00476	0.00268	0.00696
27	0.01014	0.00954	0.01610	0.79845	0.03697	0.01193	0.01491	0.01371	0.01073	0.01371	0.00954	0.01431	0.00716	0.00537	0.00537	0.00179	0.00716	0.00477	0.00239	0.00596
28	0.01707	0.01596	0.06227	0.01179	0.01577	0.13820	0.00995	0.39283	0.04986	0.02488	0.01400	0.01450	0.05241	0.00644	0.00561	0.00152	0.03698	0.00475	0.00433	0.12087
29	0.01103	0.00936	0.01108	0.05490	0.06073	0.01033	0.00818	0.02026	0.42364	0.01983	0.12363	0.12408	0.07007	0.00923	0.00583	0.00184	0.00409	0.01975	0.00508	0.00707
30	0.01100	0.00929	0.01080	0.00811	0.01237	0.00741	0.00640	0.03108	0.04862	0.01785	0.02324	0.06961	0.02335	0.00537	0.00436	0.00099	0.00393	0.00445	0.00354	0.69824
31	0.00659	0.00474	0.00625	0.00738	0.00778	0.00440	0.00496	0.00762	0.01059	0.01412	0.06815	0.74625	0.05843	0.01642	0.00681	0.00214	0.00307	0.01486	0.00503	0.00440
32	0.00654	0.00467	0.00623	0.00747	0.00779	0.00436	0.00498	0.00747	0.01028	0.01370	0.02959	0.80785	0.03550	0.01682	0.00685	0.00218	0.00311	0.01526	0.00498	0.00436
33	0.01083	0.01052	0.01845	0.59917	0.12106	0.01235	0.09511	0.01438	0.01103	0.01451	0.00966	0.01412	0.00741	0.00535	0.00589	0.00179	0.03459	0.00494	0.00245	0.00639
34	0.06521	0.01065	0.01257	0.01044	0.01395	0.01093	0.00867	0.24716	0.07997	0.30291	0.01931	0.02424	0.01519	0.00809	0.00566	0.00181	0.00500	0.14449	0.00565	0.00810
35	0.00672	0.00481	0.00643	0.00758	0.00800	0.00451	0.00520	0.00784	0.01068	0.01429	0.07204	0.71999	0.03609	0.01637	0.00685	0.00217	0.00319	0.05779	0.00503	0.00443
36	0.02067	0.01122	0.01336	0.01054	0.01446	0.01138	0.00861	0.25511	0.13658	0.40199	0.04544	0.01764	0.01380	0.00684	0.00543	0.00167	0.00486	0.00548	0.00603	0.00889
37	0.01140	0.00932	0.05318	0.00934	0.01107	0.02259	0.00748	0.13247	0.01174	0.05953	0.01473	0.04398	0.01412	0.25374	0.25245	0.00489	0.07261	0.00622	0.00359	0.00557
38	0.01816	0.02261	0.06515	0.01493	0.06016	0.54808	0.01147	0.07781	0.01479	0.01523	0.00871	0.01048	0.00719	0.00597	0.00636	0.00154	0.09802	0.00381	0.00288	0.00665
39	0.00636	0.00536	0.00552	0.00564	0.00730	0.00451	0.00417	0.00768	0.01204	0.01442	0.05189	0.12754	0.70142	0.01392	0.00640	0.00185	0.00276	0.01172	0.00498	0.00451
40	0.05914	0.01106	0.02286	0.01018	0.01348	0.02444	0.00832	0.21297	0.18821	0.18809	0.13943	0.02240	0.01931	0.00776	0.00555	0.00173	0.00465	0.04702	0.00554	0.00787
41	0.06459	0.06000	0.04527	0.17902	0.25325	0.11438	0.03366	0.09228	0.05179	0.04007	0.01064	0.01289	0.00830	0.00535	0.00507	0.00161	0.00672	0.00449	0.00315	0.00746
42	0.01531	0.01314	0.01531	0.05901	0.02991	0.09893	0.08626	0.28661	0.08851	0.03663	0.02952	0.01645	0.02656	0.01185	0.13276	0.00277	0.00769	0.00534	0.03009	0.00735
43	0.03003	0.02913	0.04594	0.03162	0.04717	0.18431	0.04768	0.20159	0.07176	0.03890	0.02582	0.06043	0.01137	0.00854	0.05400	0.00197	0.00695	0.00519	0.00390	0.09368

[dist]
# distance from previous block
# <min> <max>
0	2

[block]
# block no. 5 follows, 45 sequences, length 39
# corresponding to MSA columns:
# 1354-1384,1393-1400
name=unknown_F
#
# <colnr> <probs for GDERKNQSTAVLIFYWHMCP>
#	G	D	E	R	K	N	Q	S	T	A	V	L	I	F	Y	W	H	M	C	P
0	0.03739	0.09086	0.37386	0.01332	0.04207	0.02688	0.03122	0.07638	0.11409	0.01914	0.07759	0.01675	0.03108	0.00632	0.00518	0.00167	0.00634	0.01890	0.00343	0.00753
1	0.01293	0.03032	0.07093	0.04548	0.18770	0.02662	0.12462	0.07795	0.10213	0.03888	0.07227	0.01676	0.02305	0.00739	0.03661	0.00191	0.03876	0.00544	0.00360	0.07663
2	0.00672	0.00486	0.00635	0.00747	0.00795	0.00454	0.00515	0.00778	0.01051	0.01385	0.03097	0.67325	0.08905	0.03841	0.00742	0.00226	0.00328	0.07086	0.00493	0.00439
3	0.01655	0.40243	0.02106	0.01127	0.01494	0.33258	0.00959	0.01967	0.09904	0.01396	0.00944	0.01035	0.00798	0.00528	0.00424	0.00132	0.00717	0.00347	0.00285	0.00680
4	0.00672	0.00514	0.00619	0.00674	0.00778	0.00461	0.00483	0.00811	0.01180	0.01525	0.14782	0.38683	0.30611	0.01470	0.00662	0.00199	0.00297	0.04612	0.00512	0.00455
5	0.01349	0.01315	0.02159	0.03236	0.75435	0.03675	0.01629	0.01663	0.01231	0.01740	0.01004	0.01317	0.00845	0.00481	0.00530	0.00159	0.00648	0.00474	0.00266	0.00843
6	0.01261	0.03724	0.08299	0.05132	0.12308	0.04381	0.50105	0.01671	0.01240	0.01667	0.01116	0.04477	0.00904	0.00515	0.00596	0.00175	0.00825	0.00604	0.00274	0.00724
7	0.03335	0.00946	0.00992	0.00851	0.01098	0.03395	0.00669	0.26767	0.01642	0.07720	0.04700	0.11106	0.01579	0.00773	0.00491	0.00154	0.00414	0.00628	0.32071	0.00668
8	0.12444	0.01006	0.01233	0.00962	0.01366	0.00959	0.00793	0.11293	0.03545	0.57932	0.01852	0.01650	0.01195	0.00643	0.00514	0.00166	0.00467	0.00504	0.00605	0.00871
9	0.01455	0.71832	0.02639	0.00946	0.01392	0.02044	0.00918	0.05054	0.06834	0.01432	0.00879	0.00966	0.00770	0.00488	0.00368	0.00122	0.00564	0.00320	0.00267	0.00711
10	0.00689	0.00509	0.00644	0.00689	0.00778	0.00464	0.00487	0.00847	0.01237	0.01666	0.30301	0.40933	0.15942	0.01419	0.00658	0.00194	0.00284	0.01262	0.00532	0.00464
11	0.00663	0.00471	0.00620	0.00736	0.00765	0.00442	0.00486	0.00750	0.01011	0.01348	0.02871	0.75452	0.03440	0.07165	0.00826	0.00239	0.00326	0.01475	0.00486	0.00428
12	0.00769	0.00566	0.00816	0.00816	0.00895	0.00646	0.00612	0.00928	0.00849	0.01211	0.01481	0.02346	0.01445	0.17070	0.66104	0.00805	0.01283	0.00610	0.00294	0.00453
13	0.08558	0.01304	0.01427	0.01107	0.01521	0.03367	0.00912	0.44539	0.02053	0.27487	0.01504	0.01423	0.01016	0.00637	0.00521	0.00163	0.00544	0.00483	0.00556	0.00880
14	0.00814	0.00582	0.00785	0.00886	0.01000	0.00568	0.00739	0.01030	0.01216	0.01602	0.07338	0.17293	0.08613	0.01456	0.00707	0.00230	0.00428	0.51147	0.03086	0.00483
15	0.02207	0.00978	0.01243	0.00964	0.01354	0.00914	0.00792	0.15240	0.01676	0.57971	0.03272	0.01785	0.01326	0.00666	0.00528	0.00162	0.00461	0.00535	0.07052	0.00875
16	0.01224	0.00988	0.01129	0.04123	0.03698	0.04539	0.03078	0.13584	0.16548	0.04292	0.16780	0.04668	0.14141	0.00888	0.00572	0.00172	0.00441	0.02655	0.05811	0.00667
17	0.00654	0.00467	0.00623	0.00747	0.00779	0.00436	0.00498	0.00747	0.01028	0.01370	0.02959	0.80785	0.03550	0.01682	0.00685	0.00218	0.00311	0.01526	0.00498	0.00436
18	0.01941	0.02411	0.01517	0.01369	0.01637	0.70288	0.01036	0.04033	0.04459	0.01402	0.00889	0.01027	0.00735	0.00581	0.00548	0.00145	0.04688	0.00365	0.00292	0.00637
19	0.00780	0.00524	0.00604	0.00604	0.00611	0.00531	0.00349	0.00793	0.00786	0.01055	0.01674	0.03417	0.01910	0.75849	0.07961	0.00544	0.00583	0.00767	0.00323	0.00336
20	0.01004	0.00873	0.01203	0.03305	0.01356	0.00740	0.07920	0.01239	0.01102	0.01628	0.04424	0.07662	0.04795	0.03491	0.09626	0.00215	0.00562	0.00552	0.00340	0.47962
21	0.01413	0.68697	0.12052	0.01012	0.01505	0.05022	0.01054	0.01640	0.01113	0.01319	0.00776	0.00899	0.00688	0.00469	0.00370	0.00123	0.00616	0.00303	0.00231	0.00699
22	0.01264	0.10335	0.34933	0.01494	0.10954	0.04314	0.01421	0.08840	0.03055	0.01832	0.03366	0.03440	0.00973	0.00557	0.00492	0.00151	0.00651	0.00445	0.00301	0.11183
23	0.01085	0.04138	0.00986	0.00844	0.01034	0.14483	0.00647	0.01339	0.03430	0.04303	0.48859	0.06377	0.03642	0.00960	0.00586	0.00162	0.00417	0.02490	0.00506	0.03712
24	0.00653	0.00469	0.00621	0.00742	0.00777	0.00436	0.00496	0.00748	0.01033	0.01373	0.03027	0.78689	0.05602	0.01673	0.00684	0.00217	0.00310	0.01515	0.00498	0.00436
25	0.04046	0.00564	0.00711	0.00782	0.00873	0.00545	0.00564	0.01006	0.03363	0.05949	0.02816	0.51855	0.06498	0.06720	0.00799	0.00234	0.00364	0.11336	0.00491	0.00484
26	0.03908	0.12930	0.32404	0.01385	0.07355	0.01312	0.03275	0.10621	0.03122	0.09329	0.06516	0.01437	0.01131	0.00579	0.00499	0.00160	0.00628	0.00462	0.02172	0.00775
27	0.01229	0.01177	0.02024	0.19310	0.55776	0.01222	0.04355	0.01551	0.01184	0.01654	0.01090	0.05003	0.00944	0.00545	0.00543	0.00167	0.00649	0.00532	0.00271	0.00773
28	0.00771	0.00571	0.00669	0.00660	0.00816	0.00513	0.00497	0.00989	0.03408	0.04375	0.29566	0.12427	0.36887	0.01267	0.00638	0.00183	0.00290	0.04437	0.00537	0.00499
29	0.05882	0.00868	0.00919	0.00798	0.01044	0.00925	0.00637	0.19927	0.08303	0.07365	0.01695	0.01936	0.01317	0.00674	0.00456	0.00149	0.00383	0.03819	0.42238	0.00665
30	0.07794	0.05984	0.04509	0.01298	0.09299	0.11393	0.03299	0.14451	0.01477	0.17915	0.01657	0.01788	0.07738	0.05814	0.00693	0.00185	0.03025	0.00528	0.00422	0.00732
31	0.06847	0.59123	0.08050	0.01049	0.04289	0.06324	0.00986	0.01606	0.01118	0.01400	0.00993	0.01103	0.04217	0.00513	0.00384	0.00128	0.00591	0.00345	0.00253	0.00681
32	0.04596	0.00540	0.00659	0.00698	0.00804	0.00502	0.00497	0.00910	0.01198	0.03755	0.22725	0.41936	0.16426	0.01392	0.00643	0.00195	0.00298	0.01230	0.00519	0.00477
33	0.03522	0.03206	0.01212	0.08860	0.01440	0.00822	0.11447	0.02701	0.04639	0.01650	0.05961	0.18818	0.13707	0.01203	0.05542	0.00226	0.00525	0.04860	0.09106	0.00553
34	0.01332	0.08832	0.19955	0.07579	0.15468	0.02434	0.04969	0.08074	0.08085	0.07363	0.04282	0.01704	0.06344	0.00622	0.00527	0.00165	0.00617	0.00527	0.00357	0.00763
35	0.03651	0.04278	0.10293	0.02572	0.04315	0.04931	0.00885	0.09331	0.05407	0.10910	0.06402	0.03255	0.04129	0.00822	0.02926	0.00181	0.00513	0.04299	0.20227	0.00673
36	0.00663	0.00515	0.00605	0.00652	0.00765	0.00457	0.00467	0.00800	0.01182	0.01510	0.13463	0.35429	0.36987	0.01459	0.00657	0.00196	0.00291	0.02939	0.00510	0.00454
37	0.01287	0.01263	0.07502	0.02785	0.08890	0.06903	0.03513	0.03249	0.01238	0.06428	0.04549	0.01323	0.01014	0.00485	0.00460	0.00116	0.00522	0.00403	0.00338	0.47732
38	0.04742	0.08086	0.07702	0.07387	0.21155	0.04592	0.06156	0.16404	0.07681	0.03552	0.02410	0.03264	0.01041	0.02816	0.00580	0.00173	0.00625	0.00507	0.00358	0.00770

[dist]
# distance from previous block
# <min> <max>
2	15

[block]
# block no. 6 follows, 45 sequences, length 15
# corresponding to MSA columns:
# 1420-1434
name=unknown_G
#
# <colnr> <probs for GDERKNQSTAVLIFYWHMCP>
#	G	D	E	R	K	N	Q	S	T	A	V	L	I	F	Y	W	H	M	C	P
0	0.03595	0.01354	0.01686	0.15247	0.31811	0.15432	0.03313	0.05355	0.01246	0.01602	0.01078	0.01594	0.00957	0.12509	0.00849	0.00213	0.00693	0.00498	0.00288	0.00680
1	0.15420	0.01158	0.01255	0.00999	0.01383	0.01201	0.00817	0.29369	0.06046	0.11863	0.01379	0.03456	0.01076	0.00643	0.00512	0.00154	0.02001	0.03396	0.00468	0.17405
2	0.01844	0.00921	0.01138	0.00903	0.01234	0.00865	0.00716	0.14975	0.01557	0.40993	0.06328	0.02240	0.05459	0.12678	0.00868	0.00214	0.00465	0.00609	0.00559	0.05433
3	0.00921	0.00651	0.00786	0.00722	0.00908	0.00611	0.00549	0.01278	0.09612	0.07198	0.43850	0.07147	0.18219	0.01076	0.00610	0.00171	0.00298	0.00932	0.00558	0.03904
4	0.00886	0.00808	0.00756	0.00737	0.00893	0.10156	0.00542	0.03260	0.01332	0.01651	0.23245	0.16389	0.32313	0.03768	0.00688	0.00189	0.00376	0.01026	0.00491	0.00495
5	0.39267	0.01080	0.01083	0.01160	0.11116	0.04561	0.00787	0.07345	0.09133	0.02168	0.04367	0.13100	0.01379	0.00734	0.00468	0.00173	0.00461	0.00577	0.00394	0.00647
6	0.01786	0.01315	0.01447	0.01146	0.01504	0.01458	0.00933	0.60960	0.02187	0.02944	0.01332	0.01525	0.01030	0.05293	0.12324	0.00284	0.00713	0.00512	0.00489	0.00818
7	0.00678	0.00541	0.00580	0.00573	0.00718	0.00472	0.00413	0.00814	0.01209	0.01512	0.17467	0.04718	0.53657	0.13181	0.00946	0.00230	0.00306	0.01052	0.00489	0.00443
8	0.00775	0.00571	0.00677	0.00721	0.00829	0.00546	0.00518	0.04063	0.03980	0.01585	0.07178	0.40907	0.20893	0.04399	0.00720	0.00210	0.00329	0.05139	0.05480	0.00482
9	0.01380	0.01150	0.01294	0.03254	0.01481	0.01299	0.03033	0.14703	0.52258	0.02385	0.09966	0.02066	0.01833	0.00740	0.00556	0.00177	0.00456	0.00622	0.00533	0.00813
10	0.02041	0.01504	0.01611	0.01235	0.01665	0.01665	0.01020	0.75997	0.02524	0.03383	0.01289	0.01289	0.00913	0.00644	0.00537	0.00161	0.00591	0.00483	0.00537	0.00913
11	0.00685	0.00500	0.00652	0.00734	0.00802	0.00467	0.00518	0.00821	0.01135	0.01516	0.15309	0.54400	0.10739	0.01609	0.02840	0.00226	0.00340	0.05746	0.00507	0.00454
12	0.68706	0.12996	0.01111	0.00749	0.01104	0.01322	0.00641	0.01630	0.00969	0.05727	0.00810	0.00914	0.00632	0.00500	0.00344	0.00158	0.00441	0.00302	0.00332	0.00613
13	0.00740	0.00559	0.00718	0.02853	0.00891	0.00531	0.02133	0.00868	0.01080	0.01398	0.07577	0.25043	0.20296	0.20775	0.01170	0.00282	0.00400	0.11800	0.00449	0.00436
14	0.00697	0.00492	0.00645	0.00751	0.00788	0.00469	0.00514	0.00794	0.01015	0.01348	0.02757	0.60826	0.03260	0.13479	0.00996	0.00266	0.00363	0.09642	0.00472	0.00426

[dist]
# distance from previous block
# <min> <max>
0	17

[block]
# block no. 7 follows, 45 sequences, length 20
# corresponding to MSA columns:
# 1452-1455,1457-1471,1474
name=unknown_H
#
# <colnr> <probs for GDERKNQSTAVLIFYWHMCP>
#	G	D	E	R	K	N	Q	S	T	A	V	L	I	F	Y	W	H	M	C	P
0	0.01125	0.01047	0.01733	0.36106	0.34140	0.01168	0.01413	0.01417	0.01093	0.01491	0.01051	0.01613	0.00910	0.09591	0.00827	0.00211	0.03622	0.00511	0.00259	0.00671
1	0.00757	0.00573	0.00840	0.00840	0.00942	0.00656	0.00652	0.00945	0.00888	0.01261	0.01720	0.02325	0.06724	0.03838	0.73475	0.00815	0.01355	0.00615	0.00302	0.00477
2	0.01133	0.01067	0.01805	0.40965	0.35737	0.01192	0.01501	0.01462	0.01123	0.01529	0.01012	0.01434	0.00818	0.00758	0.06075	0.00219	0.00733	0.00485	0.00254	0.00699
3	0.01579	0.28194	0.04220	0.01182	0.01474	0.34228	0.00997	0.01730	0.01211	0.01286	0.00848	0.01148	0.00781	0.06268	0.00788	0.00173	0.12634	0.00377	0.00257	0.00623
4	0.03109	0.05631	0.20558	0.03207	0.01554	0.03715	0.04684	0.04357	0.09468	0.01780	0.09720	0.14498	0.06675	0.00829	0.00547	0.00168	0.00533	0.00707	0.00387	0.07872
5	0.03030	0.27974	0.18762	0.04296	0.03193	0.01388	0.01114	0.04743	0.03430	0.13933	0.02843	0.03318	0.03316	0.00589	0.00464	0.00147	0.00571	0.00452	0.00351	0.06085
6	0.00875	0.00551	0.00705	0.00709	0.00830	0.00502	0.00512	0.01044	0.01272	0.09175	0.30067	0.33235	0.11427	0.03298	0.00689	0.00196	0.00304	0.01140	0.02960	0.00509
7	0.00675	0.00485	0.00645	0.00766	0.00811	0.00455	0.00533	0.00785	0.01054	0.01397	0.03016	0.71039	0.05580	0.01652	0.00689	0.00220	0.00329	0.08927	0.00498	0.00442
8	0.04959	0.45204	0.15350	0.01089	0.01576	0.08260	0.01100	0.08674	0.03467	0.04540	0.00935	0.01027	0.00756	0.00510	0.00415	0.00137	0.00631	0.00348	0.00292	0.00731
9	0.01904	0.01094	0.02783	0.01026	0.01390	0.02908	0.01978	0.20956	0.06254	0.35983	0.05380	0.03909	0.03356	0.00744	0.00548	0.00168	0.00488	0.03323	0.04990	0.00818
10	0.00734	0.00499	0.00630	0.00707	0.00762	0.00464	0.00471	0.00820	0.01025	0.03989	0.02972	0.57667	0.10709	0.14689	0.01012	0.00262	0.00347	0.01329	0.00476	0.00436
11	0.01451	0.00941	0.01020	0.00866	0.01133	0.01009	0.00688	0.23773	0.13955	0.08276	0.03514	0.01900	0.03166	0.00777	0.02749	0.00172	0.00431	0.00544	0.32925	0.00710
12	0.06542	0.29497	0.23059	0.01325	0.03349	0.01570	0.10666	0.05200	0.03575	0.03896	0.02811	0.01192	0.00864	0.00533	0.00514	0.00154	0.03819	0.00415	0.00287	0.00732
13	0.01037	0.00558	0.00777	0.00752	0.00801	0.00572	0.00520	0.01008	0.08821	0.04304	0.01115	0.01679	0.01024	0.01694	0.01868	0.71913	0.00461	0.00484	0.00284	0.00327
14	0.00954	0.00652	0.00777	0.00761	0.00930	0.00621	0.00585	0.04013	0.06226	0.08413	0.13632	0.15774	0.25762	0.06283	0.00772	0.00214	0.00363	0.12208	0.00519	0.00540
15	0.00912	0.02438	0.05034	0.00959	0.01148	0.02566	0.08577	0.02289	0.01185	0.03427	0.15277	0.23033	0.10235	0.11081	0.02872	0.00249	0.02301	0.05457	0.00437	0.00522
16	0.01484	0.04452	0.10147	0.02080	0.30046	0.13120	0.08294	0.06920	0.04603	0.06345	0.01261	0.01513	0.02463	0.00569	0.00530	0.00161	0.00685	0.02317	0.02234	0.00775
17	0.01501	0.01808	0.06494	0.04610	0.11665	0.32131	0.01220	0.01731	0.03035	0.01412	0.00882	0.01173	0.00762	0.00785	0.03619	0.00201	0.25630	0.00424	0.00264	0.00652
18	0.01511	0.02717	0.01566	0.05179	0.10773	0.01336	0.03292	0.27707	0.05319	0.06680	0.04854	0.05731	0.02550	0.02901	0.00802	0.00186	0.13327	0.00582	0.00425	0.02562
19	0.03520	0.17883	0.17226	0.02795	0.01522	0.07087	0.01073	0.04589	0.06167	0.05927	0.04791	0.07366	0.07433	0.00770	0.00619	0.00169	0.07575	0.02458	0.00356	0.00674

[dist]
# distance from previous block
# <min> <max>
0	3

[block]
# block no. 8 follows, 45 sequences, length 20
# corresponding to MSA columns:
# 1478-1497
name=unknown_I
#
# <colnr> <probs for GDERKNQSTAVLIFYWHMCP>
#	G	D	E	R	K	N	Q	S	T	A	V	L	I	F	Y	W	H	M	C	P
0	0.01324	0.01047	0.01176	0.00915	0.01292	0.04916	0.03054	0.08516	0.07633	0.07613	0.01320	0.03123	0.01095	0.06992	0.00637	0.00149	0.00467	0.00458	0.05255	0.43015
1	0.04376	0.01310	0.02476	0.04664	0.02341	0.01325	0.48331	0.08333	0.04837	0.01851	0.01256	0.06049	0.01050	0.00619	0.00699	0.00186	0.06927	0.02341	0.00325	0.00705
2	0.01335	0.56795	0.12625	0.01039	0.01497	0.03959	0.03249	0.01575	0.01106	0.01370	0.00986	0.01131	0.03159	0.00592	0.02094	0.00147	0.02953	0.00360	0.03347	0.00680
3	0.00747	0.00530	0.00648	0.00681	0.00794	0.00489	0.00489	0.00885	0.01138	0.04309	0.10547	0.33180	0.28111	0.03758	0.08575	0.00269	0.00415	0.01162	0.02804	0.00469
4	0.04008	0.01023	0.01117	0.00938	0.01207	0.03636	0.00735	0.21980	0.09380	0.15120	0.10634	0.04368	0.04163	0.09497	0.00809	0.00205	0.02698	0.00635	0.07142	0.00706
5	0.02131	0.01299	0.01467	0.03040	0.01601	0.03498	0.00945	0.43962	0.03847	0.30193	0.01587	0.01494	0.01069	0.00648	0.00537	0.00163	0.00552	0.00503	0.00569	0.00896
6	0.00980	0.00589	0.00751	0.00757	0.00887	0.00555	0.00551	0.03040	0.01172	0.12531	0.06662	0.38247	0.12375	0.06404	0.06635	0.00266	0.00432	0.03138	0.03506	0.00523
7	0.00758	0.00513	0.00646	0.00697	0.00759	0.00484	0.00473	0.00870	0.01081	0.03333	0.14327	0.40563	0.07200	0.19622	0.01132	0.00275	0.00357	0.03909	0.02564	0.00438
8	0.00837	0.00711	0.01168	0.01109	0.04042	0.00671	0.13855	0.01042	0.01170	0.01567	0.12385	0.32890	0.08504	0.06157	0.00793	0.00223	0.00456	0.11452	0.00451	0.00514
9	0.01368	0.01141	0.01202	0.01069	0.01371	0.01311	0.00835	0.08177	0.66914	0.02316	0.02093	0.01950	0.01570	0.00716	0.00536	0.00177	0.00427	0.00592	0.05403	0.00834
10	0.00839	0.00599	0.00739	0.00783	0.00861	0.00595	0.00543	0.09178	0.01183	0.01582	0.05258	0.55084	0.03056	0.13402	0.00974	0.00256	0.00378	0.03733	0.00480	0.00477
11	0.11758	0.00962	0.01215	0.00943	0.01350	0.00887	0.00779	0.06764	0.01523	0.65209	0.01914	0.01687	0.01220	0.00644	0.00516	0.00166	0.00460	0.00508	0.00619	0.00876
12	0.01330	0.00965	0.01206	0.01040	0.01283	0.01057	0.03565	0.08041	0.23617	0.13072	0.11179	0.07950	0.07883	0.01005	0.03205	0.00208	0.10268	0.01914	0.00503	0.00708
13	0.00703	0.00508	0.00666	0.00719	0.00798	0.00471	0.00511	0.00867	0.01238	0.01691	0.32500	0.44491	0.07249	0.01430	0.00665	0.00198	0.00294	0.04000	0.00535	0.00467
14	0.16666	0.11873	0.01754	0.05851	0.01743	0.33813	0.12105	0.01797	0.01255	0.01587	0.00894	0.01120	0.00737	0.01991	0.00522	0.00157	0.02024	0.00394	0.03089	0.00627
15	0.00869	0.00707	0.00981	0.00924	0.00972	0.00868	0.00704	0.00994	0.00832	0.01204	0.01325	0.02244	0.01345	0.23193	0.40542	0.00622	0.20321	0.00603	0.00285	0.00466
16	0.01077	0.01027	0.04991	0.03431	0.25502	0.00965	0.03549	0.04093	0.10418	0.01856	0.15956	0.07347	0.10843	0.01951	0.00617	0.00181	0.00487	0.04609	0.00420	0.00680
17	0.01343	0.01090	0.01237	0.00904	0.01370	0.00951	0.00731	0.19873	0.01463	0.02155	0.01037	0.01157	0.00824	0.00459	0.00432	0.00100	0.00445	0.00359	0.00372	0.63697
18	0.03342	0.01382	0.05461	0.03210	0.05841	0.12114	0.07620	0.14217	0.07413	0.08298	0.06468	0.01805	0.06327	0.02347	0.00573	0.00161	0.00590	0.00542	0.00412	0.11878
19	0.03109	0.01909	0.05445	0.01630	0.11477	0.37321	0.09521	0.09917	0.03375	0.01718	0.02581	0.04249	0.02685	0.02032	0.00566	0.00163	0.00785	0.00498	0.00328	0.00690

[dist]
# distance from previous block
# <min> <max>
1	6

[block]
# block no. 9 follows, 45 sequences, length 7
# corresponding to MSA columns:
# 1505-1511
name=unknown_J
#
# <colnr> <probs for GDERKNQSTAVLIFYWHMCP>
#	G	D	E	R	K	N	Q	S	T	A	V	L	I	F	Y	W	H	M	C	P
0	0.00882	0.00688	0.00921	0.02900	0.06172	0.00698	0.02683	0.06086	0.01139	0.01528	0.09080	0.22815	0.11510	0.22545	0.05518	0.00315	0.02652	0.00957	0.00416	0.00494
1	0.01359	0.01738	0.19072	0.05235	0.16675	0.09174	0.21977	0.04839	0.06110	0.04406	0.01182	0.03673	0.00929	0.00553	0.00556	0.00170	0.00751	0.00531	0.00308	0.00762
2	0.03603	0.09813	0.05612	0.01774	0.26363	0.03326	0.02796	0.04505	0.08058	0.10486	0.12299	0.01888	0.01610	0.00660	0.00561	0.00164	0.02594	0.02734	0.00395	0.00756
3	0.00929	0.00583	0.00708	0.00705	0.00822	0.00545	0.00491	0.01096	0.04250	0.10679	0.09667	0.28959	0.16672	0.20071	0.01129	0.00270	0.00370	0.01071	0.00488	0.00494
4	0.01019	0.04121	0.03325	0.05462	0.03938	0.00755	0.00714	0.01362	0.08962	0.09533	0.23239	0.18582	0.14729	0.01074	0.00600	0.00180	0.00376	0.00933	0.00502	0.00594
5	0.04387	0.01381	0.07543	0.01659	0.19726	0.05571	0.04439	0.15840	0.06754	0.07580	0.01253	0.03205	0.00985	0.00652	0.02511	0.00168	0.00608	0.00479	0.00381	0.14878
6	0.01281	0.01161	0.01510	0.06779	0.05046	0.06510	0.10159	0.14219	0.08068	0.01892	0.01533	0.14463	0.01437	0.00930	0.03623	0.00200	0.06442	0.03665	0.00388	0.10693

[dist]
# distance from previous block
# <min> <max>
6	9

[block]
# block no. 10 follows, 45 sequences, length 35
# corresponding to MSA columns:
# 1522-1537,1543-1561
name=unknown_K
#
# <colnr> <probs for GDERKNQSTAVLIFYWHMCP>
#	G	D	E	R	K	N	Q	S	T	A	V	L	I	F	Y	W	H	M	C	P
0	0.01593	0.03378	0.03600	0.01059	0.01387	0.04149	0.00871	0.38253	0.05555	0.07724	0.06532	0.10596	0.08292	0.02190	0.00621	0.00177	0.02076	0.00686	0.00505	0.00756
1	0.03126	0.17930	0.22360	0.01092	0.01542	0.03363	0.01111	0.08355	0.10186	0.06504	0.10992	0.03202	0.05338	0.00700	0.00509	0.00161	0.00556	0.01859	0.00391	0.00723
2	0.00924	0.00494	0.00748	0.03970	0.00841	0.00510	0.00523	0.00745	0.00726	0.00972	0.00969	0.01657	0.00952	0.01961	0.07396	0.75091	0.00544	0.00474	0.00237	0.00265
3	0.00657	0.00469	0.00625	0.00745	0.00779	0.00438	0.00499	0.00755	0.01041	0.01392	0.05032	0.78649	0.03592	0.01665	0.00684	0.00217	0.00310	0.01511	0.00501	0.00438
