[name]
unknown

[dist]
# distance from previous block
# <min> <max>
0	52

[block]
# block no. 0 follows, 54 sequences, length 17
# corresponding to MSA columns:
# 55-71
name=unknown_A
#
# <colnr> <probs for GDERKNQSTAVLIFYWHMCP>
#	G	D	E	R	K	N	Q	S	T	A	V	L	I	F	Y	W	H	M	C	P
0	0.00760	0.00543	0.00760	0.00868	0.00977	0.00543	0.00760	0.00977	0.01085	0.01411	0.02496	0.05319	0.02714	0.01303	0.00651	0.00217	0.00434	0.77315	0.00434	0.00434
1	0.01208	0.70149	0.15574	0.00896	0.01349	0.01737	0.00963	0.01425	0.00964	0.01173	0.00687	0.00796	0.00604	0.00411	0.00327	0.00109	0.00536	0.00268	0.00201	0.00620
2	0.01033	0.00838	0.00885	0.00777	0.01010	0.05201	0.00600	0.05240	0.21410	0.06801	0.10757	0.09496	0.17415	0.00805	0.00518	0.00145	0.02426	0.00668	0.00428	0.13547
3	0.06016	0.01049	0.08624	0.53499	0.02771	0.01055	0.13186	0.01348	0.00988	0.05713	0.00902	0.01227	0.00662	0.00462	0.00472	0.00155	0.00632	0.00427	0.00238	0.00571
4	0.01136	0.01089	0.01859	0.11658	0.71963	0.01112	0.01432	0.01420	0.01059	0.01503	0.00882	0.01177	0.00734	0.00426	0.00467	0.00142	0.00568	0.00420	0.00231	0.00722
5	0.00582	0.00424	0.00548	0.00632	0.00681	0.00391	0.00430	0.00681	0.00962	0.01278	0.10375	0.67357	0.11125	0.01398	0.00593	0.00184	0.00265	0.01258	0.00446	0.00391
6	0.07774	0.00825	0.00849	0.00770	0.01007	0.00895	0.00599	0.03505	0.42597	0.04797	0.02653	0.02502	0.25190	0.00785	0.00483	0.00156	0.00332	0.00643	0.03021	0.00617
7	0.01068	0.14583	0.62099	0.01240	0.01864	0.01244	0.01526	0.08350	0.01098	0.01567	0.00843	0.00972	0.00617	0.00452	0.00428	0.00141	0.00652	0.00341	0.00224	0.00692
8	0.00610	0.00447	0.00577	0.00643	0.00709	0.00418	0.00460	0.00732	0.00998	0.01326	0.14595	0.48643	0.13292	0.03562	0.03195	0.00208	0.00313	0.08435	0.00440	0.00398
9	0.00583	0.00414	0.00545	0.00646	0.00672	0.00388	0.00427	0.00659	0.00887	0.01183	0.02518	0.77305	0.03016	0.07433	0.00732	0.00211	0.00287	0.01293	0.00427	0.00376
10	0.07744	0.00976	0.01363	0.66706	0.04810	0.08191	0.01215	0.01285	0.00970	0.01280	0.00815	0.01180	0.00620	0.00469	0.00453	0.00153	0.00626	0.00396	0.00220	0.00530
11	0.10987	0.00814	0.01052	0.00816	0.01173	0.00731	0.00674	0.02202	0.01292	0.72566	0.01734	0.01517	0.01098	0.00568	0.00455	0.00146	0.00397	0.00451	0.00553	0.00772
12	0.01209	0.01031	0.01087	0.00967	0.01240	0.01190	0.00755	0.06972	0.75111	0.02031	0.01873	0.01722	0.01402	0.00635	0.00479	0.00159	0.00382	0.00527	0.00479	0.00750
13	0.00567	0.00463	0.00503	0.00534	0.00659	0.00399	0.00390	0.00680	0.01032	0.01260	0.04167	0.24138	0.58802	0.01268	0.00571	0.00169	0.00253	0.03312	0.00438	0.00395
14	0.01177	0.53065	0.07455	0.00863	0.01203	0.10190	0.00822	0.01350	0.00980	0.01164	0.00907	0.07400	0.00870	0.00782	0.07559	0.00172	0.00597	0.00378	0.02500	0.00567
15	0.01044	0.00880	0.01157	0.00853	0.01230	0.00745	0.07532	0.05116	0.01080	0.04114	0.07144	0.01234	0.01012	0.00442	0.00449	0.00096	0.04136	0.00369	0.00311	0.61056
16	0.02794	0.12835	0.03473	0.00992	0.01312	0.33431	0.00812	0.04606	0.05827	0.17721	0.03549	0.01154	0.00905	0.00508	0.00419	0.00124	0.00596	0.00365	0.00341	0.08237

[dist]
# distance from previous block
# <min> <max>
0	2

[block]
# block no. 1 follows, 54 sequences, length 30
# corresponding to MSA columns:
# 74-84,96-114
name=unknown_B
#
# <colnr> <probs for GDERKNQSTAVLIFYWHMCP>
#	G	D	E	R	K	N	Q	S	T	A	V	L	I	F	Y	W	H	M	C	P
0	0.01095	0.01280	0.05216	0.04660	0.02400	0.01200	0.68706	0.01476	0.01079	0.01476	0.00925	0.01247	0.00703	0.00429	0.00612	0.00162	0.05939	0.00536	0.00234	0.00627
1	0.00964	0.00982	0.01869	0.55617	0.02987	0.01096	0.27044	0.01306	0.00999	0.01306	0.00877	0.01262	0.00657	0.00447	0.00500	0.00158	0.00684	0.00465	0.00219	0.00561
2	0.01137	0.06184	0.12637	0.02034	0.29534	0.01175	0.28500	0.06320	0.01135	0.01573	0.00983	0.04795	0.00816	0.00471	0.00492	0.00148	0.00642	0.00490	0.00253	0.00680
3	0.01241	0.01366	0.16142	0.01630	0.02111	0.01061	0.49038	0.01617	0.01127	0.15357	0.01147	0.03966	0.00852	0.00474	0.00525	0.00156	0.00692	0.00531	0.00298	0.00667
4	0.02115	0.00802	0.01094	0.00839	0.01204	0.00693	0.00693	0.02298	0.01350	0.80815	0.01860	0.01605	0.01167	0.00584	0.00474	0.00146	0.00401	0.00474	0.00584	0.00802
5	0.00931	0.02289	0.74278	0.01297	0.01942	0.01066	0.01648	0.01449	0.01009	0.01508	0.05507	0.01145	0.00824	0.00488	0.00482	0.00151	0.02712	0.00380	0.00218	0.00678
6	0.08734	0.16351	0.42206	0.01233	0.06306	0.03934	0.03162	0.01567	0.01029	0.10021	0.00906	0.01011	0.00664	0.00452	0.00414	0.00139	0.00601	0.00344	0.00254	0.00672
7	0.01106	0.01321	0.06082	0.01960	0.02446	0.01188	0.75526	0.01510	0.01108	0.01510	0.00949	0.01260	0.00710	0.00400	0.00552	0.00159	0.00791	0.00548	0.00237	0.00638
8	0.00574	0.00414	0.00544	0.00648	0.00682	0.00384	0.00434	0.00658	0.00911	0.01207	0.02705	0.79284	0.06888	0.01463	0.00600	0.00190	0.00272	0.01324	0.00438	0.00384
9	0.05698	0.07822	0.08919	0.01138	0.01491	0.29049	0.07758	0.08038	0.10099	0.13869	0.01092	0.01132	0.00807	0.00505	0.00441	0.00137	0.00632	0.00386	0.00335	0.00654
10	0.01083	0.01209	0.02583	0.07041	0.05745	0.01153	0.67958	0.01459	0.01093	0.01482	0.01000	0.04060	0.00793	0.00440	0.00549	0.00159	0.00757	0.00569	0.00243	0.00625
11	0.00592	0.00483	0.00526	0.00526	0.00673	0.00417	0.00402	0.00737	0.01124	0.01399	0.18749	0.04402	0.60718	0.01159	0.00564	0.00161	0.00249	0.06257	0.00453	0.00409
12	0.01044	0.01142	0.06138	0.01320	0.05172	0.03994	0.02662	0.01191	0.00785	0.01182	0.00683	0.01069	0.00649	0.00876	0.04700	0.00219	0.66016	0.00412	0.00211	0.00537
13	0.01167	0.01120	0.01914	0.02894	0.80488	0.01120	0.01447	0.01447	0.01074	0.01540	0.00887	0.01167	0.00747	0.00420	0.00467	0.00140	0.00560	0.00420	0.00233	0.00747
14	0.00557	0.00478	0.00478	0.00478	0.00637	0.00398	0.00358	0.00677	0.01075	0.01274	0.04776	0.04538	0.80297	0.01194	0.00557	0.00159	0.00239	0.00995	0.00438	0.00398
15	0.00655	0.00498	0.00517	0.00500	0.00673	0.00417	0.00379	0.00779	0.01092	0.06286	0.04593	0.04353	0.75310	0.01156	0.00552	0.00158	0.00249	0.00962	0.00447	0.00424
16	0.86760	0.00912	0.00693	0.00620	0.00912	0.01058	0.00511	0.01386	0.00802	0.02115	0.00657	0.00766	0.00511	0.00438	0.00292	0.00146	0.00365	0.00255	0.00292	0.00511
17	0.00686	0.00457	0.00514	0.00514	0.00514	0.00457	0.00286	0.00686	0.00686	0.00914	0.01486	0.03086	0.01714	0.83430	0.02400	0.00457	0.00457	0.00686	0.00286	0.00286
18	0.16252	0.00778	0.00945	0.00767	0.01067	0.00740	0.00622	0.04454	0.02560	0.48304	0.14213	0.04324	0.01635	0.00648	0.00460	0.00148	0.00366	0.00524	0.00513	0.00681
19	0.00978	0.00838	0.00978	0.00698	0.01117	0.00629	0.00559	0.01187	0.00978	0.01536	0.00838	0.00978	0.00698	0.00349	0.00349	0.00070	0.00349	0.00279	0.00279	0.86312
20	0.05669	0.01079	0.01177	0.00961	0.01284	0.01178	0.00775	0.33677	0.28213	0.15615	0.01584	0.03027	0.02365	0.00615	0.00470	0.00150	0.00433	0.00488	0.00483	0.00755
21	0.00573	0.00417	0.00540	0.00638	0.00679	0.00385	0.00429	0.00659	0.00920	0.01211	0.02823	0.75021	0.11075	0.01448	0.00597	0.00188	0.00270	0.01305	0.00438	0.00385
22	0.00574	0.00410	0.00547	0.00657	0.00684	0.00383	0.00438	0.00657	0.00903	0.01204	0.02599	0.83122	0.03119	0.01477	0.00602	0.00191	0.00274	0.01340	0.00438	0.00383
23	0.01113	0.01333	0.07325	0.03467	0.02434	0.01189	0.71187	0.03073	0.01125	0.01533	0.00949	0.01252	0.00709	0.00405	0.00547	0.00158	0.00780	0.00539	0.00240	0.00641
24	0.00693	0.00513	0.00615	0.00591	0.00729	0.00469	0.00450	0.02440	0.02496	0.03328	0.44017	0.06600	0.29476	0.01054	0.00558	0.00157	0.00252	0.04630	0.00485	0.00446
25	0.00642	0.00479	0.00597	0.00572	0.00690	0.00434	0.00427	0.00840	0.01269	0.01746	0.62749	0.06228	0.19533	0.01026	0.00558	0.00152	0.00227	0.00896	0.00500	0.00434
26	0.00752	0.00537	0.00749	0.00844	0.00953	0.00534	0.00732	0.00969	0.01107	0.01453	0.09265	0.05162	0.02865	0.01273	0.00643	0.00211	0.00416	0.70658	0.00442	0.00435
27	0.01180	0.00971	0.01373	0.05916	0.01528	0.02576	0.15106	0.21156	0.09123	0.03916	0.01666	0.07670	0.01555	0.00811	0.00548	0.00173	0.00524	0.23198	0.00400	0.00610
28	0.05369	0.01562	0.01282	0.01165	0.06001	0.37720	0.00863	0.11576	0.04608	0.21961	0.01123	0.01135	0.00814	0.00528	0.00465	0.00136	0.02280	0.00379	0.00370	0.00662
29	0.03542	0.41915	0.31001	0.01034	0.01524	0.06974	0.01145	0.01529	0.04988	0.01325	0.00794	0.00901	0.00642	0.00438	0.00373	0.00124	0.00588	0.00305	0.00220	0.00639

[dist]
# distance from previous block
# <min> <max>
0	1

[block]
# block no. 2 follows, 54 sequences, length 25
# corresponding to MSA columns:
# 116-140
name=unknown_C
#
# <colnr> <probs for GDERKNQSTAVLIFYWHMCP>
#	G	D	E	R	K	N	Q	S	T	A	V	L	I	F	Y	W	H	M	C	P
0	0.01183	0.43177	0.22165	0.01034	0.01514	0.03084	0.06636	0.03767	0.01033	0.02735	0.00781	0.00905	0.00636	0.00418	0.00373	0.00117	0.00564	0.00311	0.00227	0.09341
1	0.00814	0.00675	0.00969	0.00921	0.01089	0.02356	0.09783	0.02158	0.02327	0.01401	0.03393	0.05346	0.12974	0.06899	0.00729	0.00210	0.00453	0.44101	0.00395	0.03009
2	0.01078	0.06724	0.01126	0.00744	0.01158	0.00798	0.00610	0.08902	0.01099	0.01648	0.00854	0.00977	0.00702	0.00374	0.00358	0.00079	0.00377	0.00292	0.00293	0.71804
3	0.00690	0.00516	0.00644	0.00606	0.00732	0.00488	0.00456	0.00975	0.06411	0.01838	0.68003	0.03503	0.11424	0.00965	0.00551	0.00150	0.00234	0.00845	0.00509	0.00460
4	0.00904	0.00859	0.01469	0.77802	0.05233	0.01054	0.03656	0.01220	0.00951	0.01223	0.00843	0.01255	0.00634	0.00468	0.00474	0.00157	0.00632	0.00423	0.00211	0.00533
5	0.01089	0.01222	0.02581	0.01872	0.02288	0.01194	0.68617	0.01447	0.01067	0.01463	0.00969	0.03683	0.00777	0.00473	0.00658	0.00165	0.09013	0.00565	0.00241	0.00616
6	0.02115	0.00802	0.01094	0.00839	0.01204	0.00693	0.00693	0.02298	0.01350	0.80815	0.01860	0.01605	0.01167	0.00584	0.00474	0.00146	0.00401	0.00474	0.00584	0.00802
7	0.73222	0.00943	0.00776	0.00679	0.00977	0.01084	0.00557	0.06536	0.06461	0.03997	0.00805	0.00879	0.00610	0.00464	0.00321	0.00147	0.00376	0.00291	0.00324	0.00553
8	0.01232	0.00607	0.00811	0.00689	0.00899	0.00542	0.00542	0.01439	0.01340	0.32664	0.49679	0.02775	0.03169	0.00816	0.00524	0.00147	0.00292	0.00705	0.00544	0.00584
9	0.00598	0.00479	0.00534	0.00520	0.00662	0.00415	0.00390	0.00755	0.01170	0.01500	0.32458	0.04165	0.52474	0.01110	0.00557	0.00155	0.00233	0.00943	0.00468	0.00415
10	0.00689	0.00527	0.00796	0.06494	0.01001	0.00617	0.00631	0.00863	0.00769	0.01097	0.01240	0.01849	0.01157	0.05844	0.73348	0.00706	0.01193	0.00505	0.00251	0.00424
11	0.00574	0.00413	0.00545	0.00651	0.00682	0.00383	0.00435	0.00657	0.00909	0.01206	0.02672	0.80476	0.05717	0.01468	0.00600	0.00190	0.00272	0.01329	0.00438	0.00383
12	0.01167	0.01120	0.01914	0.02894	0.80488	0.01120	0.01447	0.01447	0.01074	0.01540	0.00887	0.01167	0.00747	0.00420	0.00467	0.00140	0.00560	0.00420	0.00233	0.00747
13	0.01762	0.02213	0.01339	0.01210	0.01458	0.78570	0.00910	0.04737	0.01369	0.01221	0.00744	0.00861	0.00615	0.00489	0.00427	0.00122	0.00838	0.00308	0.00251	0.00556
14	0.00619	0.00443	0.00578	0.00671	0.00709	0.00426	0.00462	0.00737	0.02865	0.01214	0.02458	0.65262	0.02894	0.09783	0.00787	0.00220	0.00311	0.08752	0.00423	0.00387
15	0.00579	0.00480	0.00509	0.00517	0.00665	0.00410	0.00393	0.00711	0.01089	0.01325	0.09944	0.06874	0.67519	0.01193	0.00565	0.00163	0.00251	0.05967	0.00443	0.00403
16	0.01308	0.01103	0.01116	0.00969	0.01239	0.07184	0.00764	0.19422	0.44519	0.03553	0.04284	0.01714	0.02771	0.00830	0.05762	0.00192	0.00494	0.01627	0.00447	0.00703
17	0.01397	0.01277	0.01768	0.01528	0.10942	0.06901	0.22395	0.27923	0.15240	0.02063	0.01195	0.01361	0.00914	0.00527	0.00497	0.00150	0.00596	0.02250	0.00364	0.00714
18	0.12595	0.01553	0.01238	0.01051	0.01322	0.32508	0.00828	0.28919	0.01519	0.01936	0.03392	0.01099	0.00819	0.02383	0.01872	0.00155	0.05479	0.00375	0.00338	0.00619
19	0.00819	0.00410	0.00614	0.00614	0.00614	0.00410	0.00410	0.00614	0.00614	0.00819	0.00819	0.01433	0.00819	0.01638	0.01843	0.86282	0.00410	0.00410	0.00205	0.00205
20	0.01608	0.01006	0.03539	0.01175	0.01543	0.00927	0.21443	0.11623	0.01359	0.38158	0.07012	0.03761	0.01256	0.00586	0.00532	0.00152	0.02623	0.00535	0.00450	0.00712
21	0.01174	0.57499	0.22500	0.00954	0.01424	0.01623	0.01043	0.01504	0.06093	0.01264	0.00787	0.00883	0.00657	0.00430	0.00351	0.00117	0.00545	0.00295	0.00219	0.00638
22	0.01038	0.00992	0.01667	0.33945	0.38672	0.01113	0.03418	0.01316	0.00987	0.01372	0.00855	0.01203	0.00695	0.00482	0.00575	0.00153	0.08642	0.00423	0.01825	0.00628
23	0.04181	0.12565	0.63839	0.01245	0.01873	0.02386	0.02881	0.01479	0.00990	0.01464	0.00815	0.00959	0.00599	0.00440	0.00423	0.00141	0.00657	0.00334	0.00206	0.02523
24	0.02679	0.10052	0.01170	0.02455	0.01151	0.03468	0.00671	0.10182	0.01334	0.31125	0.18617	0.01785	0.01700	0.01660	0.00479	0.00136	0.00400	0.00499	0.00455	0.09982

[dist]
# distance from previous block
# <min> <max>
1	6

[block]
# block no. 3 follows, 54 sequences, length 28
# corresponding to MSA columns:
# 154-181
name=unknown_D
#
# <colnr> <probs for GDERKNQSTAVLIFYWHMCP>
#	G	D	E	R	K	N	Q	S	T	A	V	L	I	F	Y	W	H	M	C	P
0	0.01084	0.00891	0.01131	0.00833	0.01228	0.00744	0.06329	0.06715	0.04426	0.05051	0.03189	0.02869	0.00913	0.00431	0.00395	0.00093	0.00392	0.00367	0.00321	0.62599
1	0.03248	0.00669	0.00739	0.00717	0.00867	0.06746	0.02566	0.00971	0.01123	0.03871	0.20721	0.18284	0.20728	0.01064	0.00552	0.00165	0.00346	0.12647	0.00430	0.03547
2	0.01031	0.01171	0.15437	0.04300	0.11813	0.03201	0.00933	0.01311	0.01041	0.04301	0.05576	0.01347	0.00992	0.00465	0.00417	0.00111	0.00463	0.03254	0.00286	0.42550
3	0.00685	0.00459	0.00523	0.00523	0.00527	0.00462	0.00297	0.00692	0.00688	0.00921	0.01477	0.03039	0.01694	0.80425	0.05377	0.00468	0.00487	0.00679	0.00284	0.00291
4	0.01628	0.01183	0.01250	0.04165	0.01407	0.06632	0.00828	0.40234	0.16828	0.14622	0.02971	0.01459	0.03408	0.00600	0.00475	0.00146	0.00485	0.00470	0.00465	0.00744
5	0.00572	0.00469	0.00500	0.00511	0.00645	0.00401	0.00373	0.00691	0.01061	0.01302	0.10218	0.14606	0.62087	0.03672	0.00618	0.00171	0.00249	0.01020	0.00440	0.00396
6	0.01032	0.01032	0.01444	0.01238	0.01238	0.01444	0.01032	0.01135	0.00722	0.01135	0.00619	0.01032	0.00619	0.00825	0.01547	0.00206	0.82567	0.00413	0.00206	0.00516
7	0.00946	0.02439	0.80987	0.01344	0.02041	0.01095	0.01742	0.01493	0.00995	0.01493	0.00846	0.00995	0.00597	0.00448	0.00448	0.00149	0.00697	0.00348	0.00199	0.00697
8	0.01113	0.01272	0.02782	0.01987	0.02464	0.01192	0.78776	0.01510	0.01113	0.01510	0.00954	0.01272	0.00715	0.00397	0.00556	0.00159	0.00795	0.00556	0.00238	0.00636
9	0.01261	0.83713	0.02471	0.00807	0.01210	0.01866	0.00807	0.01412	0.00958	0.01109	0.00656	0.00756	0.00605	0.00403	0.00303	0.00101	0.00504	0.00252	0.00202	0.00605
10	0.00907	0.00855	0.01444	0.77584	0.07831	0.01052	0.01318	0.01219	0.00951	0.01225	0.00841	0.01252	0.00636	0.00468	0.00471	0.00156	0.00624	0.00419	0.00211	0.00537
11	0.01888	0.05724	0.01133	0.00816	0.01161	0.00787	0.00678	0.07474	0.01356	0.62337	0.01954	0.01752	0.07215	0.00618	0.00466	0.00143	0.00398	0.00497	0.02853	0.00750
12	0.00713	0.00519	0.00701	0.00797	0.00901	0.00506	0.00673	0.00902	0.01061	0.01369	0.02774	0.14887	0.11770	0.01312	0.00634	0.00207	0.00392	0.59023	0.00435	0.00424
13	0.00567	0.00476	0.00492	0.00492	0.00644	0.00402	0.00367	0.00694	0.01092	0.01323	0.10993	0.06341	0.72142	0.01182	0.00558	0.00159	0.00238	0.00992	0.00445	0.00402
14	0.00890	0.00838	0.01414	0.82296	0.03247	0.01048	0.01309	0.01205	0.00943	0.01205	0.00838	0.01257	0.00629	0.00471	0.00471	0.00157	0.00629	0.00419	0.00210	0.00524
15	0.05267	0.63840	0.10460	0.00882	0.01306	0.03073	0.00899	0.07227	0.01055	0.01336	0.00712	0.00811	0.00615	0.00423	0.00332	0.00111	0.00525	0.00276	0.00227	0.00624
16	0.01614	0.00981	0.01203	0.05779	0.01394	0.01017	0.02820	0.29846	0.08846	0.27908	0.01719	0.05306	0.05104	0.00669	0.00492	0.00152	0.00453	0.03491	0.00483	0.00723
17	0.00561	0.00478	0.00483	0.00482	0.00639	0.00400	0.00362	0.00685	0.01085	0.01297	0.07619	0.04499	0.77440	0.01185	0.00557	0.00159	0.00238	0.00990	0.00441	0.00400
18	0.00654	0.00476	0.00615	0.00591	0.00699	0.00437	0.00439	0.00860	0.01286	0.01802	0.69932	0.09722	0.08685	0.01017	0.00560	0.00152	0.00227	0.00898	0.00508	0.00437
19	0.01216	0.72142	0.13649	0.00883	0.01328	0.01756	0.00940	0.01423	0.00963	0.01164	0.00683	0.00790	0.00604	0.00410	0.00323	0.00108	0.00532	0.00266	0.00201	0.00618
20	0.02004	0.00778	0.01058	0.00820	0.01165	0.00674	0.00674	0.02189	0.01348	0.74725	0.07908	0.01753	0.01420	0.00613	0.00480	0.00146	0.00387	0.00503	0.00579	0.00775
21	0.00634	0.00494	0.00579	0.00576	0.00699	0.00451	0.00424	0.00846	0.04798	0.01549	0.35309	0.16392	0.33295	0.01118	0.00560	0.00160	0.00244	0.00970	0.00473	0.00431
22	0.03115	0.00494	0.00617	0.00583	0.00704	0.00458	0.00438	0.00883	0.01294	0.01838	0.70673	0.03542	0.11668	0.00971	0.00549	0.00149	0.00228	0.00849	0.00505	0.00442
23	0.01042	0.01086	0.01827	0.01450	0.01598	0.01332	0.24957	0.01235	0.00848	0.01253	0.00786	0.03755	0.00729	0.00715	0.01212	0.00191	0.54725	0.00487	0.00224	0.00549
24	0.01900	0.00929	0.05833	0.00876	0.01242	0.00779	0.00757	0.10194	0.01419	0.61836	0.07771	0.01667	0.01348	0.00603	0.00479	0.00146	0.00417	0.00491	0.00544	0.00769
25	0.00978	0.00838	0.00978	0.00698	0.01117	0.00629	0.00559	0.01187	0.00978	0.01536	0.00838	0.00978	0.00698	0.00349	0.00349	0.00070	0.00349	0.00279	0.00279	0.86312
26	0.01079	0.36665	0.46106	0.01103	0.01670	0.01410	0.01321	0.01452	0.00979	0.01332	0.00766	0.00894	0.00603	0.00427	0.00384	0.00127	0.00608	0.00306	0.00202	0.02564
27	0.00587	0.00447	0.00545	0.00609	0.00691	0.00399	0.00425	0.00687	0.00961	0.01240	0.03194	0.55012	0.26232	0.01352	0.00581	0.00178	0.00269	0.02994	0.00433	0.03162

[dist]
# distance from previous block
# <min> <max>
0	1

[block]
# block no. 4 follows, 54 sequences, length 35
# corresponding to MSA columns:
# 183-217
name=unknown_E
#
# <colnr> <probs for GDERKNQSTAVLIFYWHMCP>
#	G	D	E	R	K	N	Q	S	T	A	V	L	I	F	Y	W	H	M	C	P
0	0.00568	0.00471	0.00497	0.00506	0.00647	0.00400	0.00374	0.00691	0.01077	0.01315	0.10554	0.12809	0.66055	0.01206	0.00562	0.00162	0.00241	0.01020	0.00444	0.00400
1	0.00937	0.00896	0.01545	0.68069	0.13289	0.01064	0.05057	0.01251	0.00968	0.01263	0.00850	0.01246	0.00648	0.00461	0.00475	0.00155	0.00628	0.00426	0.00214	0.00558
2	0.00855	0.00588	0.00719	0.00666	0.00825	0.00563	0.00503	0.02448	0.10617	0.08410	0.42742	0.13760	0.10842	0.00958	0.00538	0.00154	0.00273	0.00836	0.00493	0.03210
3	0.01113	0.01272	0.02782	0.01987	0.02464	0.01192	0.78776	0.01510	0.01113	0.01510	0.00954	0.01272	0.00715	0.00397	0.00556	0.00159	0.00795	0.00556	0.00238	0.00636
4	0.00574	0.00414	0.00544	0.00648	0.00682	0.00384	0.00434	0.00658	0.00911	0.01207	0.02706	0.79242	0.06929	0.01463	0.00600	0.00190	0.00272	0.01323	0.00438	0.00384
5	0.05476	0.00790	0.00923	0.00753	0.01032	0.00783	0.00609	0.13403	0.07026	0.35816	0.01603	0.01553	0.01115	0.00568	0.00422	0.00135	0.00360	0.00450	0.26508	0.00675
6	0.00736	0.00564	0.00687	0.00659	0.00792	0.00558	0.00498	0.01120	0.14063	0.01778	0.51905	0.10115	0.09975	0.00985	0.00551	0.00157	0.00260	0.03614	0.00496	0.00485
7	0.00912	0.00449	0.00457	0.00450	0.00567	0.00446	0.00339	0.01131	0.00998	0.03872	0.01547	0.01754	0.01207	0.00550	0.00333	0.00111	0.00225	0.00440	0.83761	0.00449
8	0.00702	0.00484	0.00593	0.00588	0.00710	0.00431	0.00432	0.00858	0.01154	0.06480	0.33907	0.22435	0.27215	0.01131	0.00562	0.00162	0.00251	0.00987	0.00479	0.00438
9	0.02848	0.01443	0.01354	0.06419	0.12659	0.28460	0.00958	0.19173	0.02723	0.01706	0.06657	0.01255	0.00993	0.00706	0.04540	0.00171	0.06587	0.00416	0.00314	0.00619
10	0.01337	0.01454	0.01229	0.01097	0.01295	0.32357	0.02131	0.02818	0.24417	0.01458	0.02503	0.01470	0.03246	0.00650	0.00668	0.00154	0.16151	0.02856	0.02116	0.00593
11	0.00609	0.00493	0.00550	0.00575	0.00721	0.00434	0.00457	0.00755	0.01085	0.01324	0.06360	0.04697	0.59480	0.01214	0.00580	0.00173	0.00285	0.19360	0.00439	0.00408
12	0.00622	0.00484	0.00567	0.00558	0.00692	0.00430	0.00427	0.00795	0.01193	0.01563	0.38727	0.04135	0.40377	0.01098	0.00564	0.00158	0.00246	0.06469	0.00474	0.00422
13	0.01143	0.01093	0.01848	0.09685	0.71660	0.01115	0.01416	0.01455	0.03214	0.01523	0.00911	0.01191	0.00756	0.00431	0.00468	0.00142	0.00561	0.00423	0.00238	0.00728
14	0.01255	0.01305	0.01375	0.01186	0.01285	0.19437	0.00962	0.09411	0.01030	0.01345	0.02346	0.01083	0.00734	0.00825	0.04136	0.00200	0.50886	0.00402	0.00250	0.00548
15	0.01261	0.83713	0.02471	0.00807	0.01210	0.01866	0.00807	0.01412	0.00958	0.01109	0.00656	0.00756	0.00605	0.00403	0.00303	0.00101	0.00504	0.00252	0.00202	0.00605
16	0.00686	0.00457	0.00514	0.00514	0.00514	0.00457	0.00286	0.00686	0.00686	0.00914	0.01486	0.03086	0.01714	0.83430	0.02400	0.00457	0.00457	0.00686	0.00286	0.00286
17	0.00978	0.00838	0.00978	0.00698	0.01117	0.00629	0.00559	0.01187	0.00978	0.01536	0.00838	0.00978	0.00698	0.00349	0.00349	0.00070	0.00349	0.00279	0.00279	0.86312
18	0.67687	0.01017	0.05757	0.00721	0.01037	0.01061	0.00631	0.03213	0.05380	0.06916	0.00824	0.00902	0.00618	0.00470	0.00353	0.00148	0.02091	0.00297	0.00317	0.00560
19	0.00906	0.00829	0.01382	0.72600	0.07526	0.01014	0.01256	0.01212	0.00953	0.01259	0.00885	0.01283	0.00672	0.00473	0.00462	0.00153	0.00599	0.00420	0.05584	0.00531
20	0.00819	0.00410	0.00614	0.00614	0.00614	0.00410	0.00410	0.00614	0.00614	0.00819	0.00819	0.01433	0.00819	0.01638	0.01843	0.86282	0.00410	0.00410	0.00205	0.00205
21	0.01137	0.00981	0.01050	0.00912	0.01206	0.01074	0.00712	0.02267	0.65408	0.01894	0.01724	0.01618	0.01305	0.00587	0.00456	0.00144	0.00369	0.00487	0.00444	0.16224
22	0.01158	0.01361	0.04254	0.01897	0.02357	0.07020	0.69924	0.01558	0.02751	0.01494	0.00955	0.01246	0.00720	0.00410	0.00543	0.00156	0.00788	0.00533	0.00243	0.00633
23	0.00591	0.00479	0.00525	0.00513	0.00658	0.00412	0.00385	0.00742	0.01155	0.01464	0.28035	0.04225	0.56920	0.01123	0.00557	0.00156	0.00234	0.00951	0.00463	0.00412
24	0.00667	0.00482	0.00630	0.00593	0.00704	0.00445	0.00445	0.00890	0.01335	0.01891	0.80239	0.03522	0.04449	0.00964	0.00556	0.00148	0.00222	0.00853	0.00519	0.00445
25	0.01238	0.77816	0.08168	0.00846	0.01270	0.01810	0.00875	0.01418	0.00961	0.01137	0.00669	0.00774	0.00605	0.00407	0.00313	0.00104	0.00518	0.00259	0.00202	0.00612
26	0.01246	0.01243	0.01840	0.02670	0.70095	0.09479	0.01376	0.03637	0.01133	0.01540	0.00877	0.01133	0.00734	0.00431	0.00463	0.00138	0.00589	0.00408	0.00241	0.00728
27	0.00560	0.00478	0.00482	0.00481	0.00639	0.00399	0.00361	0.00683	0.01082	0.01291	0.06886	0.04509	0.78177	0.01188	0.00557	0.00159	0.00238	0.00991	0.00440	0.00399
28	0.06807	0.07199	0.01433	0.01073	0.01378	0.04202	0.04691	0.35185	0.19887	0.02204	0.01170	0.01214	0.00886	0.00582	0.00575	0.00151	0.09836	0.00428	0.00393	0.00707
29	0.00580	0.00474	0.00503	0.00504	0.00640	0.00407	0.00369	0.00704	0.01076	0.01328	0.14282	0.08194	0.61698	0.06326	0.00675	0.00178	0.00252	0.00974	0.00439	0.00396
30	0.00675	0.00501	0.00735	0.00735	0.00811	0.00577	0.00561	0.00827	0.00751	0.01078	0.01284	0.01968	0.01229	0.11012	0.74154	0.00730	0.01188	0.00522	0.00256	0.00408
31	0.00574	0.00410	0.00547	0.00657	0.00684	0.00383	0.00438	0.00657	0.00903	0.01204	0.02599	0.83122	0.03119	0.01477	0.00602	0.00191	0.00274	0.01340	0.00438	0.00383
32	0.06556	0.01244	0.02432	0.01865	0.07914	0.01209	0.59384	0.10325	0.01216	0.01717	0.00951	0.01217	0.00715	0.00421	0.00524	0.00155	0.00719	0.00513	0.00268	0.00655
33	0.01750	0.01998	0.01346	0.01177	0.01451	0.60810	0.00902	0.19406	0.04004	0.01593	0.00858	0.00943	0.00678	0.00509	0.00437	0.00127	0.00760	0.00338	0.00302	0.00611
34	0.01198	0.06942	0.01232	0.03054	0.01282	0.00903	0.02836	0.12987	0.02810	0.06675	0.00954	0.01057	0.00749	0.00421	0.00408	0.00097	0.02089	0.00331	0.00321	0.53654

[dist]
# distance from previous block
# <min> <max>
0	1

[block]
# block no. 5 follows, 54 sequences, length 20
# corresponding to MSA columns:
# 219-238
name=unknown_F
#
# <colnr> <probs for GDERKNQSTAVLIFYWHMCP>
#	G	D	E	R	K	N	Q	S	T	A	V	L	I	F	Y	W	H	M	C	P
0	0.01270	0.56988	0.17278	0.00965	0.01403	0.12708	0.00999	0.01492	0.01017	0.01189	0.00702	0.00815	0.00604	0.00423	0.00347	0.00113	0.00589	0.00278	0.00207	0.00615
1	0.03063	0.00834	0.01018	0.00812	0.01128	0.00778	0.00660	0.14643	0.02685	0.32024	0.07667	0.01904	0.04549	0.02084	0.03186	0.00161	0.00421	0.04885	0.00464	0.17033
2	0.01734	0.01479	0.01331	0.01129	0.03604	0.23565	0.00876	0.38090	0.10488	0.11203	0.01184	0.01179	0.00859	0.00550	0.00460	0.00138	0.00582	0.00409	0.00415	0.00723
3	0.36564	0.00818	0.00744	0.00675	0.00894	0.03542	0.00537	0.07494	0.07002	0.01907	0.01105	0.01280	0.00881	0.00921	0.11544	0.00221	0.00480	0.00374	0.22496	0.00522
4	0.00809	0.00410	0.00611	0.00616	0.00617	0.00408	0.00411	0.00616	0.00626	0.00835	0.00893	0.04813	0.00914	0.01631	0.01791	0.82720	0.00404	0.00448	0.00214	0.00212
5	0.03698	0.01015	0.01038	0.00913	0.01151	0.12263	0.00743	0.07041	0.04824	0.01536	0.01387	0.04155	0.02351	0.00741	0.00600	0.00147	0.10037	0.20244	0.00336	0.25781
6	0.75085	0.00897	0.00748	0.00650	0.00952	0.01007	0.00536	0.01512	0.00878	0.12970	0.00823	0.00882	0.00601	0.00458	0.00317	0.00146	0.00370	0.00286	0.00332	0.00551
7	0.13379	0.00762	0.00932	0.00758	0.01046	0.00723	0.00613	0.05053	0.03193	0.44338	0.21954	0.01969	0.01917	0.00663	0.00470	0.00147	0.00354	0.00541	0.00519	0.00668
8	0.00575	0.00427	0.00531	0.00612	0.00667	0.00389	0.00414	0.00662	0.00932	0.01208	0.03034	0.62761	0.20018	0.04587	0.00662	0.00195	0.00273	0.01239	0.00432	0.00383
9	0.00645	0.00460	0.00609	0.00658	0.00736	0.00420	0.01984	0.00757	0.00989	0.03921	0.09247	0.57697	0.15900	0.01334	0.00587	0.00181	0.00281	0.02739	0.00445	0.00410
10	0.13154	0.00699	0.00765	0.00658	0.00894	0.00706	0.00524	0.03498	0.09719	0.25921	0.01547	0.01560	0.01115	0.00555	0.00388	0.00132	0.00319	0.00435	0.36809	0.00602
11	0.00614	0.00434	0.00571	0.00665	0.00699	0.00414	0.00460	0.00703	0.00897	0.01191	0.02432	0.61732	0.02871	0.12757	0.00856	0.00232	0.00320	0.11357	0.00416	0.00376
12	0.00867	0.00678	0.00949	0.00869	0.00996	0.00793	0.02401	0.11649	0.00964	0.01366	0.01186	0.01673	0.01071	0.02836	0.62060	0.00615	0.07777	0.00488	0.00279	0.00486
13	0.01246	0.01241	0.04842	0.01810	0.02278	0.01121	0.65748	0.01618	0.01142	0.12448	0.01076	0.01310	0.00774	0.00425	0.00542	0.00157	0.00738	0.00539	0.00285	0.00661
14	0.00580	0.00413	0.00546	0.00650	0.00676	0.00387	0.00430	0.00658	0.00892	0.01190	0.02545	0.79250	0.03051	0.05442	0.00689	0.00204	0.00282	0.01309	0.00430	0.00378
15	0.00653	0.00495	0.00603	0.00573	0.00701	0.00452	0.00431	0.00878	0.03374	0.01734	0.58650	0.03737	0.23950	0.01015	0.00554	0.00151	0.00231	0.00881	0.00497	0.00441
16	0.01165	0.01125	0.01942	0.02865	0.77966	0.01123	0.03947	0.01449	0.01075	0.01539	0.00889	0.01170	0.00746	0.00419	0.00470	0.00141	0.00568	0.00425	0.00234	0.00743
17	0.01662	0.01752	0.01217	0.01083	0.01339	0.53196	0.00826	0.03410	0.10861	0.12300	0.02596	0.01219	0.02275	0.00601	0.02025	0.00143	0.00699	0.00386	0.01808	0.00602
18	0.00681	0.00475	0.00607	0.00607	0.00639	0.00507	0.00401	0.00745	0.00713	0.00983	0.01401	0.02617	0.01511	0.53054	0.32497	0.00571	0.00763	0.00617	0.00273	0.00337
19	0.00962	0.06645	0.76923	0.01316	0.01998	0.01135	0.01694	0.01489	0.00994	0.01473	0.00836	0.00983	0.00598	0.00446	0.00440	0.00147	0.00687	0.00343	0.00199	0.00692

[dist]
# distance from previous block
# <min> <max>
4	10

[block]
# block no. 6 follows, 54 sequences, length 26
# corresponding to MSA columns:
# 264-289
name=unknown_G
#
# <colnr> <probs for GDERKNQSTAVLIFYWHMCP>
#	G	D	E	R	K	N	Q	S	T	A	V	L	I	F	Y	W	H	M	C	P
0	0.01052	0.23470	0.51775	0.01376	0.10508	0.01299	0.01466	0.01467	0.00994	0.01398	0.00801	0.00952	0.00616	0.00433	0.00412	0.00136	0.00632	0.00331	0.00204	0.00678
1	0.00933	0.00882	0.01491	0.70042	0.15168	0.01059	0.01331	0.01242	0.00963	0.01257	0.00846	0.01243	0.00647	0.00463	0.00471	0.00154	0.00618	0.00419	0.00213	0.00558
2	0.34840	0.00866	0.00875	0.00740	0.01016	0.00928	0.00598	0.13454	0.06318	0.15048	0.16606	0.01677	0.03977	0.00620	0.00421	0.00147	0.00363	0.00474	0.00428	0.00602
3	0.00981	0.00852	0.01010	0.00736	0.01126	0.00686	0.00592	0.01184	0.00960	0.01508	0.00823	0.00981	0.00693	0.00383	0.00433	0.00079	0.06104	0.00289	0.00274	0.80306
4	0.00572	0.00421	0.00536	0.00629	0.00677	0.00385	0.00425	0.00660	0.00929	0.01214	0.02935	0.70994	0.15029	0.01434	0.00595	0.00187	0.00268	0.01287	0.00438	0.00385
5	0.01256	0.04296	0.01232	0.01057	0.01217	0.33138	0.00835	0.01469	0.07206	0.01235	0.01503	0.01678	0.14188	0.00732	0.00790	0.00157	0.25326	0.01873	0.00285	0.00528
6	0.07150	0.06449	0.58815	0.01186	0.01788	0.01072	0.01444	0.01606	0.01035	0.13758	0.00979	0.01061	0.00680	0.00466	0.00433	0.00146	0.00618	0.00356	0.00265	0.00695
7	0.02115	0.00802	0.01094	0.00839	0.01204	0.00693	0.00693	0.02298	0.01350	0.80815	0.01860	0.01605	0.01167	0.00584	0.00474	0.00146	0.00401	0.00474	0.00584	0.00802
8	0.00746	0.00533	0.00740	0.00826	0.00935	0.00528	0.00711	0.00963	0.01124	0.01485	0.14494	0.05041	0.02981	0.01250	0.00637	0.00206	0.00401	0.65515	0.00447	0.00436
9	0.01600	0.01962	0.01550	0.01539	0.13740	0.60364	0.08001	0.01794	0.02765	0.01261	0.00796	0.00954	0.00654	0.00471	0.00444	0.00128	0.00791	0.00349	0.00246	0.00589
10	0.00589	0.00421	0.00560	0.00647	0.00687	0.00393	0.00439	0.00693	0.00969	0.01310	0.14581	0.70837	0.03324	0.01398	0.00595	0.00185	0.00266	0.01265	0.00450	0.00393
11	0.00574	0.00410	0.00547	0.00657	0.00684	0.00383	0.00438	0.00657	0.00903	0.01204	0.02599	0.83122	0.03119	0.01477	0.00602	0.00191	0.00274	0.01340	0.00438	0.00383
12	0.00594	0.00419	0.00541	0.00631	0.00653	0.00396	0.00410	0.00662	0.00864	0.01152	0.02399	0.68778	0.02867	0.16164	0.00924	0.00239	0.00306	0.01223	0.00410	0.00366
13	0.00978	0.00838	0.00978	0.00698	0.01117	0.00629	0.00559	0.01187	0.00978	0.01536	0.00838	0.00978	0.00698	0.00349	0.00349	0.00070	0.00349	0.00279	0.00279	0.86312
14	0.14039	0.00672	0.00962	0.00917	0.01094	0.00679	0.10492	0.01047	0.01012	0.01488	0.02138	0.12116	0.07533	0.01156	0.03849	0.00214	0.00472	0.39276	0.00381	0.00463
15	0.00650	0.00552	0.00580	0.00602	0.00737	0.03711	0.00463	0.00790	0.01088	0.01334	0.10214	0.13725	0.48912	0.01198	0.00573	0.00170	0.00298	0.13554	0.00436	0.00412
16	0.00729	0.00592	0.00824	0.00807	0.00886	0.02757	0.00630	0.00887	0.00776	0.01104	0.01247	0.05047	0.01194	0.03139	0.69242	0.00671	0.08257	0.00526	0.00256	0.00431
17	0.01302	0.04484	0.07348	0.07238	0.02073	0.25719	0.37234	0.03158	0.02533	0.01395	0.00873	0.01107	0.00677	0.00450	0.00512	0.00145	0.02466	0.00439	0.00242	0.00607
18	0.00589	0.00421	0.00560	0.00647	0.00687	0.00393	0.00439	0.00693	0.00969	0.01310	0.14581	0.70837	0.03324	0.01398	0.00595	0.00185	0.00266	0.01265	0.00450	0.00393
19	0.00701	0.00612	0.05163	0.00695	0.00855	0.00505	0.00607	0.00905	0.01098	0.01455	0.12208	0.04299	0.28782	0.01114	0.00570	0.00177	0.00340	0.31805	0.07669	0.00439
20	0.00685	0.00514	0.00647	0.03115	0.00807	0.00487	0.00484	0.03979	0.01217	0.01649	0.42793	0.19476	0.17362	0.01089	0.00563	0.00161	0.00268	0.03790	0.00474	0.00441
21	0.02610	0.01114	0.01211	0.35464	0.02049	0.19502	0.02089	0.01386	0.08375	0.01283	0.01230	0.16332	0.01159	0.00687	0.00521	0.00157	0.03446	0.00572	0.00286	0.00525
22	0.00571	0.00424	0.00533	0.00621	0.00675	0.00386	0.00422	0.00661	0.00937	0.01218	0.03033	0.67450	0.18510	0.01421	0.00593	0.00185	0.00267	0.01272	0.00438	0.00386
23	0.00685	0.00571	0.02204	0.00791	0.00902	0.00522	0.07782	0.00870	0.03404	0.01365	0.14371	0.44905	0.05747	0.06967	0.00712	0.00199	0.00348	0.06805	0.00418	0.00430
24	0.04575	0.01070	0.01200	0.00904	0.01293	0.06917	0.05021	0.18073	0.01311	0.10188	0.01000	0.01076	0.00757	0.00437	0.00404	0.00105	0.00454	0.00347	0.00348	0.44520
25	0.01308	0.61325	0.03529	0.00991	0.04057	0.14068	0.03243	0.01472	0.01023	0.01153	0.00756	0.00874	0.01956	0.00439	0.00367	0.00111	0.02223	0.00293	0.00214	0.00598

[dist]
# distance from previous block
# <min> <max>
1	5

[block]
# block no. 7 follows, 54 sequences, length 52
# corresponding to MSA columns:
# 295-320,325-350
name=unknown_H
#
# <colnr> <probs for GDERKNQSTAVLIFYWHMCP>
#	G	D	E	R	K	N	Q	S	T	A	V	L	I	F	Y	W	H	M	C	P
0	0.01684	0.01308	0.01351	0.01069	0.01421	0.04931	0.00871	0.62365	0.15518	0.02720	0.01250	0.01228	0.00903	0.00575	0.00471	0.00144	0.00508	0.00438	0.00463	0.00781
1	0.01140	0.14343	0.51471	0.01138	0.01699	0.01117	0.01355	0.01573	0.02673	0.12278	0.06042	0.01219	0.00939	0.00497	0.00437	0.00142	0.00591	0.00387	0.00278	0.00682
2	0.01090	0.03978	0.22258	0.02776	0.02310	0.01178	0.54945	0.01513	0.01081	0.02840	0.00932	0.01193	0.00689	0.00414	0.00519	0.00155	0.00753	0.00492	0.00233	0.00652
3	0.01720	0.01183	0.01288	0.00999	0.01343	0.01286	0.00817	0.63747	0.01996	0.10093	0.01239	0.01299	0.00900	0.04208	0.00548	0.00154	0.00488	0.00442	0.05491	0.00758
4	0.00704	0.00490	0.00637	0.00602	0.00720	0.00450	0.00453	0.00916	0.01307	0.04161	0.71303	0.06312	0.07101	0.00984	0.00557	0.00151	0.00233	0.01954	0.00514	0.00451
5	0.00782	0.00480	0.00668	0.00708	0.00788	0.00442	0.02298	0.00883	0.00961	0.11218	0.02451	0.69792	0.02797	0.02535	0.00611	0.00189	0.00304	0.01204	0.00449	0.00440
6	0.00589	0.00430	0.00558	0.00649	0.00700	0.00398	0.00451	0.00691	0.00953	0.01255	0.06143	0.65697	0.11663	0.01412	0.00598	0.00188	0.00279	0.06515	0.00441	0.00391
7	0.01113	0.01272	0.02782	0.01987	0.02464	0.01192	0.78776	0.01510	0.01113	0.01510	0.00954	0.01272	0.00715	0.00397	0.00556	0.00159	0.00795	0.00556	0.00238	0.00636
8	0.01166	0.01121	0.01914	0.02853	0.78219	0.01122	0.02546	0.01463	0.02214	0.01546	0.00903	0.01177	0.00756	0.00423	0.00468	0.00141	0.00561	0.00424	0.00237	0.00745
9	0.01102	0.01398	0.12504	0.01663	0.02103	0.05837	0.50780	0.01584	0.09639	0.01518	0.01136	0.06446	0.00925	0.00504	0.00529	0.00158	0.00707	0.00562	0.00272	0.00635
10	0.07155	0.00563	0.00565	0.00543	0.00720	0.00525	0.00414	0.02043	0.06938	0.01469	0.10852	0.03906	0.60528	0.01066	0.00530	0.00157	0.00261	0.00884	0.00438	0.00443
11	0.00579	0.00421	0.00548	0.00648	0.00690	0.00390	0.00442	0.00670	0.00924	0.01217	0.02787	0.73472	0.09909	0.01446	0.00600	0.00190	0.00276	0.03967	0.00438	0.00386
12	0.01167	0.01120	0.01914	0.02894	0.80488	0.01120	0.01447	0.01447	0.01074	0.01540	0.00887	0.01167	0.00747	0.00420	0.00467	0.00140	0.00560	0.00420	0.00233	0.00747
13	0.00730	0.00547	0.00575	0.00541	0.00705	0.00504	0.00413	0.07668	0.01197	0.01580	0.14053	0.03676	0.51044	0.01009	0.00515	0.00149	0.00258	0.00841	0.13548	0.00446
14	0.00679	0.00483	0.00644	0.00644	0.00689	0.00528	0.00448	0.00769	0.00724	0.01011	0.01367	0.02426	0.01428	0.40708	0.44729	0.00618	0.00888	0.00589	0.00268	0.00358
15	0.00687	0.00486	0.00629	0.00625	0.00659	0.00528	0.00421	0.00756	0.00715	0.00991	0.01381	0.02553	0.01479	0.49806	0.34280	0.00574	0.02206	0.00608	0.00271	0.00344
16	0.10316	0.00845	0.01106	0.00995	0.08148	0.00792	0.00734	0.02111	0.06625	0.58298	0.01650	0.01498	0.01085	0.00558	0.00452	0.00145	0.00404	0.00451	0.03033	0.00754
17	0.00574	0.00410	0.00547	0.00657	0.00684	0.00383	0.00438	0.00657	0.00903	0.01204	0.02599	0.83122	0.03119	0.01477	0.00602	0.00191	0.00274	0.01340	0.00438	0.00383
18	0.00970	0.00836	0.00872	0.00801	0.01032	0.00917	0.00618	0.01902	0.53711	0.01742	0.02862	0.02676	0.27462	0.00823	0.00505	0.00160	0.00329	0.00686	0.00466	0.00631
19	0.01121	0.01249	0.02649	0.02126	0.14400	0.01181	0.66946	0.01501	0.01107	0.01515	0.00944	0.01256	0.00720	0.00401	0.00543	0.00156	0.00759	0.00536	0.00238	0.00653
20	0.00676	0.00496	0.00710	0.00710	0.00777	0.00563	0.00529	0.00811	0.00744	0.01059	0.01307	0.02096	0.01285	0.19341	0.65901	0.00698	0.01104	0.00541	0.00259	0.00394
21	0.01174	0.00834	0.00923	0.00805	0.01043	0.00885	0.00631	0.14935	0.28091	0.09948	0.11292	0.04721	0.13297	0.02594	0.00537	0.00159	0.00354	0.01646	0.05498	0.00632
22	0.00573	0.00416	0.00541	0.00641	0.00680	0.00384	0.00431	0.00658	0.00918	0.01210	0.02791	0.76193	0.09924	0.01452	0.00598	0.00189	0.00270	0.01310	0.00438	0.00384
23	0.01085	0.00886	0.01025	0.00741	0.01154	0.00715	0.00596	0.09134	0.01112	0.03371	0.00890	0.01007	0.00719	0.00376	0.00364	0.00079	0.00368	0.00298	0.00305	0.75775
24	0.00622	0.00457	0.00599	0.00674	0.00742	0.00415	0.00470	0.00725	0.00922	0.01247	0.02437	0.70671	0.02878	0.01366	0.00583	0.00182	0.00291	0.06333	0.00423	0.07963
25	0.02632	0.71327	0.08203	0.00860	0.01277	0.03068	0.00874	0.03101	0.02829	0.01215	0.00711	0.00807	0.00627	0.00418	0.00323	0.00108	0.00519	0.00270	0.00216	0.00617
26	0.00582	0.00416	0.00554	0.00651	0.00686	0.00388	0.00438	0.00676	0.00938	0.01260	0.08928	0.76632	0.03227	0.01435	0.00598	0.00188	0.00269	0.01301	0.00444	0.00388
27	0.00576	0.00480	0.00506	0.00520	0.00669	0.00410	0.00397	0.00702	0.01068	0.01283	0.04476	0.08202	0.69925	0.01217	0.00568	0.00166	0.00258	0.07740	0.00438	0.00401
28	0.01443	0.01303	0.08275	0.01055	0.01409	0.02999	0.00905	0.36637	0.36358	0.02360	0.01447	0.01392	0.01062	0.00587	0.00472	0.00150	0.00477	0.00463	0.00446	0.00763
29	0.01107	0.01090	0.01709	0.30015	0.49376	0.05810	0.01368	0.01390	0.01044	0.01403	0.00861	0.01179	0.00698	0.00442	0.00466	0.00145	0.00601	0.00413	0.00226	0.00659
30	0.01108	0.19843	0.50614	0.01189	0.01759	0.08342	0.02295	0.03282	0.01046	0.01417	0.00802	0.00937	0.00611	0.00439	0.00412	0.00133	0.00650	0.00325	0.00214	0.04582
31	0.00994	0.00688	0.00812	0.00735	0.00930	0.00696	0.00578	0.04995	0.18789	0.11019	0.29715	0.03073	0.16448	0.00893	0.00547	0.00158	0.01442	0.06434	0.00491	0.00562
32	0.00681	0.00455	0.00516	0.00521	0.00522	0.00454	0.00293	0.00684	0.00696	0.00927	0.01537	0.06747	0.01778	0.79680	0.02318	0.00445	0.00449	0.00716	0.00293	0.00290
33	0.01651	0.01113	0.01234	0.00993	0.01331	0.01210	0.00805	0.37918	0.27882	0.18380	0.01542	0.01437	0.01088	0.00594	0.00475	0.00149	0.00446	0.00471	0.00497	0.00783
34	0.01192	0.01358	0.04193	0.02145	0.24133	0.09520	0.47318	0.01531	0.01122	0.01481	0.00909	0.01192	0.00710	0.00414	0.00515	0.00150	0.00733	0.00487	0.00237	0.00659
35	0.00819	0.00410	0.00614	0.00614	0.00614	0.00410	0.00410	0.00614	0.00614	0.00819	0.00819	0.01433	0.00819	0.01638	0.01843	0.86282	0.00410	0.00410	0.00205	0.00205
36	0.00760	0.00543	0.00760	0.00868	0.00977	0.00543	0.00760	0.00977	0.01085	0.01411	0.02496	0.05319	0.02714	0.01303	0.00651	0.00217	0.00434	0.77315	0.00434	0.00434
37	0.01042	0.22074	0.54535	0.01222	0.01812	0.03126	0.04988	0.01468	0.01008	0.01403	0.02745	0.01009	0.00699	0.00448	0.00420	0.00137	0.00646	0.00346	0.00210	0.00662
38	0.00621	0.00473	0.00571	0.00562	0.00680	0.00423	0.00416	0.00795	0.01203	0.01615	0.47212	0.12442	0.29082	0.01094	0.00561	0.00157	0.00233	0.00952	0.00484	0.00423
39	0.00755	0.00456	0.00539	0.00557	0.00646	0.00436	0.00402	0.00919	0.01032	0.03382	0.18240	0.22624	0.06046	0.07154	0.00624	0.00171	0.00264	0.03481	0.31851	0.00421
40	0.00969	0.00886	0.01455	0.66692	0.02927	0.01062	0.05775	0.08050	0.01063	0.01378	0.00951	0.04992	0.00763	0.00521	0.00482	0.00157	0.00612	0.00470	0.00245	0.00548
41	0.01101	0.01057	0.04214	0.06863	0.01976	0.00978	0.44499	0.03299	0.01123	0.09245	0.02959	0.03602	0.07989	0.00746	0.05291	0.00195	0.00679	0.03273	0.00310	0.00601
42	0.00629	0.00548	0.03373	0.00569	0.00721	0.00447	0.00452	0.00817	0.01209	0.01606	0.44332	0.03880	0.37614	0.01047	0.00553	0.00153	0.00246	0.00898	0.00472	0.00433
43	0.01383	0.00659	0.00870	0.00766	0.00999	0.00597	0.00617	0.03090	0.02308	0.39533	0.11684	0.13026	0.08944	0.00907	0.00535	0.00164	0.00356	0.12430	0.00518	0.00614
44	0.01110	0.42730	0.30024	0.00974	0.01447	0.01426	0.01092	0.01477	0.05587	0.01353	0.00875	0.00988	0.00704	0.00446	0.00367	0.00122	0.00540	0.00319	0.07786	0.00631
45	0.01080	0.00990	0.01483	0.54155	0.05419	0.08102	0.08915	0.01370	0.01029	0.06551	0.00950	0.01272	0.00709	0.00476	0.00468	0.00150	0.00623	0.00427	0.05274	0.00558
46	0.04813	0.00830	0.00951	0.00697	0.01092	0.00656	0.00558	0.03026	0.01019	0.04693	0.01108	0.01205	0.05378	0.00417	0.00367	0.00083	0.00349	0.00331	0.00306	0.72123
47	0.00761	0.00523	0.00663	0.00614	0.00750	0.00487	0.00465	0.01022	0.04756	0.06182	0.66652	0.03418	0.10006	0.00947	0.00548	0.00150	0.00240	0.00829	0.00515	0.00474
48	0.01012	0.00900	0.00993	0.00721	0.01132	0.04184	0.00574	0.01218	0.00993	0.01520	0.00833	0.00972	0.00694	0.00355	0.00353	0.00072	0.00371	0.00280	0.00278	0.82543
49	0.01053	0.18034	0.26490	0.00922	0.01399	0.01022	0.00979	0.02537	0.01019	0.04828	0.01120	0.02915	0.05387	0.00478	0.00396	0.00113	0.00487	0.00371	0.00267	0.30184
50	0.01233	0.06402	0.31798	0.01183	0.01625	0.01140	0.08238	0.12313	0.03113	0.10505	0.02298	0.01209	0.00827	0.00533	0.00570	0.00150	0.09518	0.00412	0.06261	0.00672
51	0.01262	0.01889	0.01085	0.04473	0.01256	0.01004	0.01929	0.12352	0.37550	0.12251	0.16840	0.01982	0.02684	0.00677	0.00492	0.00153	0.00385	0.00569	0.00480	0.00686

[dist]
