[name]
unknown

[dist]
# distance from previous block
# <min> <max>
2	176

[block]
# block no. 0 follows, 45 sequences, length 39
# corresponding to MSA columns:
# 184-222
name=unknown_A
#
# <colnr> <probs for GDERKNQSTAVLIFYWHMCP>
#	G	D	E	R	K	N	Q	S	T	A	V	L	I	F	Y	W	H	M	C	P
0	0.12134	0.18297	0.05799	0.01430	0.13726	0.06137	0.05773	0.07238	0.02986	0.03251	0.03511	0.01461	0.04230	0.00710	0.03179	0.00180	0.04766	0.00462	0.04036	0.00693
1	0.07357	0.04030	0.10049	0.08316	0.04425	0.05308	0.05253	0.04371	0.01137	0.01589	0.03124	0.03754	0.10123	0.13394	0.09252	0.00298	0.00669	0.03759	0.03220	0.00570
2	0.05479	0.13158	0.09308	0.05325	0.01585	0.13411	0.04990	0.05205	0.06584	0.03195	0.07353	0.05859	0.04991	0.00834	0.03885	0.00187	0.02323	0.00551	0.00353	0.05425
3	0.03064	0.11493	0.08704	0.07377	0.18685	0.05314	0.04972	0.09886	0.03995	0.01827	0.07971	0.03410	0.04008	0.02289	0.00605	0.02431	0.00597	0.00541	0.00342	0.02490
4	0.05645	0.23436	0.17296	0.01318	0.06606	0.07107	0.04916	0.09143	0.05877	0.01797	0.04357	0.04473	0.01093	0.00606	0.00509	0.00155	0.02681	0.00470	0.01796	0.00720
5	0.03424	0.18172	0.10659	0.07542	0.01452	0.02329	0.00912	0.07064	0.01166	0.03305	0.01457	0.10743	0.03434	0.10123	0.00806	0.00200	0.04654	0.00592	0.07882	0.04082
6	0.03232	0.03831	0.03166	0.00987	0.03599	0.05046	0.00768	0.12098	0.08404	0.13932	0.03462	0.08746	0.06519	0.05203	0.00636	0.00173	0.00470	0.00618	0.05083	0.14026
7	0.01439	0.18359	0.13510	0.03485	0.06047	0.10060	0.02096	0.15953	0.06015	0.01916	0.04321	0.03002	0.02429	0.02008	0.00524	0.00154	0.00619	0.00468	0.00349	0.07247
8	0.00959	0.00755	0.00789	0.00734	0.00899	0.04867	0.00540	0.06859	0.04270	0.04086	0.25720	0.08215	0.24762	0.13066	0.00928	0.00226	0.00379	0.00923	0.00498	0.00523
9	0.01473	0.33225	0.04213	0.04082	0.01503	0.23666	0.00938	0.03336	0.03194	0.01426	0.01063	0.01229	0.02970	0.00803	0.06489	0.00186	0.00732	0.00381	0.02678	0.06412
10	0.00985	0.00996	0.08440	0.10841	0.05874	0.02536	0.00908	0.06193	0.02815	0.01779	0.21098	0.06655	0.10462	0.03621	0.08397	0.00251	0.02847	0.00736	0.02084	0.02483
11	0.02994	0.30818	0.27013	0.01308	0.06347	0.03576	0.04146	0.02909	0.01183	0.05348	0.03425	0.01342	0.03480	0.00666	0.03165	0.00173	0.00674	0.00424	0.00285	0.00724
12	0.03566	0.01147	0.04013	0.06573	0.24279	0.01158	0.02986	0.08920	0.17047	0.05967	0.04714	0.03520	0.02648	0.00938	0.07420	0.00228	0.00623	0.00564	0.00396	0.03292
13	0.01132	0.00828	0.03379	0.00830	0.01018	0.02228	0.00635	0.08262	0.08562	0.10309	0.14303	0.15442	0.07574	0.18751	0.04084	0.00281	0.00470	0.00855	0.00481	0.00578
14	0.00843	0.00707	0.02350	0.01019	0.08214	0.00667	0.02009	0.03161	0.05500	0.01561	0.08311	0.31474	0.15319	0.09711	0.05080	0.00264	0.00451	0.02385	0.00448	0.00525
15	0.06776	0.02418	0.01616	0.37557	0.12411	0.06502	0.07045	0.01541	0.04735	0.01615	0.02506	0.04007	0.00988	0.00579	0.00517	0.00168	0.00644	0.00512	0.05712	0.02148
16	0.01171	0.01065	0.01704	0.43062	0.21596	0.01210	0.03518	0.06628	0.05107	0.01672	0.01171	0.01527	0.02150	0.00676	0.03292	0.00196	0.00684	0.00504	0.02379	0.00689
17	0.00654	0.00516	0.00590	0.00632	0.00752	0.00452	0.00451	0.00786	0.01181	0.01490	0.11661	0.32970	0.43060	0.01452	0.00653	0.00194	0.00285	0.01262	0.00508	0.00452
18	0.03109	0.07120	0.14286	0.04974	0.09978	0.12155	0.11009	0.01577	0.02801	0.03871	0.01405	0.12725	0.01322	0.02612	0.01969	0.00193	0.02224	0.03759	0.02249	0.00660
19	0.04324	0.03422	0.21497	0.04184	0.06801	0.05999	0.05695	0.12595	0.12678	0.08070	0.01332	0.03109	0.01014	0.00681	0.02103	0.00183	0.03224	0.00497	0.01818	0.00776
20	0.01882	0.03296	0.01162	0.00916	0.01235	0.00846	0.00739	0.03737	0.07251	0.48720	0.02164	0.11608	0.03245	0.00810	0.00583	0.00172	0.03109	0.00665	0.07071	0.00790
21	0.01086	0.01268	0.15254	0.07422	0.27023	0.01008	0.03102	0.01501	0.05443	0.01813	0.14185	0.04713	0.04029	0.00689	0.00541	0.00165	0.00540	0.00615	0.08903	0.00699
22	0.01273	0.06104	0.19663	0.01246	0.04539	0.05295	0.04353	0.06508	0.13105	0.06375	0.12120	0.05935	0.01715	0.02732	0.00646	0.00179	0.03966	0.00603	0.02930	0.00713
23	0.01209	0.23448	0.36944	0.04490	0.05803	0.01433	0.05106	0.01616	0.01148	0.03878	0.03582	0.01368	0.03819	0.00564	0.00527	0.00158	0.03468	0.00440	0.00268	0.00731
24	0.00692	0.00517	0.00649	0.00723	0.00816	0.00475	0.00529	0.00837	0.01165	0.01519	0.12639	0.42414	0.21711	0.01504	0.00674	0.00207	0.00321	0.11643	0.00509	0.00457
25	0.01221	0.01307	0.13445	0.19592	0.09670	0.03593	0.06225	0.07960	0.02915	0.06389	0.04014	0.07305	0.07881	0.00722	0.00573	0.00174	0.01950	0.00624	0.03757	0.00683
26	0.05506	0.08965	0.12954	0.01257	0.03065	0.11645	0.06743	0.14247	0.14954	0.03568	0.05100	0.03021	0.05339	0.00664	0.00520	0.00163	0.00615	0.00535	0.00397	0.00741
27	0.01959	0.01463	0.01565	0.01219	0.01633	0.01626	0.01000	0.67506	0.11148	0.03251	0.01393	0.01372	0.00997	0.00654	0.00538	0.00164	0.00571	0.00498	0.00538	0.00906
28	0.01370	0.29468	0.14629	0.01126	0.01590	0.04812	0.04985	0.11904	0.04753	0.01769	0.02387	0.04213	0.01005	0.03277	0.00533	0.00152	0.00602	0.00446	0.00320	0.10660
29	0.00759	0.00539	0.00695	0.00705	0.00752	0.00570	0.00478	0.00847	0.00851	0.01165	0.01853	0.09163	0.05071	0.41300	0.32280	0.00616	0.00852	0.00774	0.00332	0.00400
30	0.00987	0.00623	0.00808	0.00812	0.02904	0.00635	0.00546	0.02404	0.03423	0.09054	0.04343	0.11889	0.01948	0.34508	0.19082	0.03714	0.00685	0.00773	0.00386	0.00476
31	0.01288	0.09747	0.08388	0.03802	0.19291	0.02493	0.03952	0.04838	0.04910	0.08912	0.03167	0.07819	0.09105	0.02112	0.00588	0.00169	0.01949	0.00622	0.03197	0.03651
32	0.09619	0.08315	0.06128	0.01280	0.04688	0.13004	0.07574	0.17313	0.04304	0.05277	0.04669	0.06945	0.01246	0.03503	0.00639	0.00177	0.03683	0.00546	0.00385	0.00705
33	0.01212	0.00701	0.00861	0.00767	0.00967	0.00669	0.00579	0.02866	0.09014	0.19423	0.28363	0.07274	0.10309	0.11163	0.00863	0.00217	0.00362	0.00833	0.02946	0.00610
34	0.00991	0.02316	0.01000	0.02838	0.08762	0.00785	0.00727	0.07746	0.06071	0.03003	0.06704	0.21370	0.12307	0.10105	0.03222	0.00247	0.00459	0.08403	0.02375	0.00566
35	0.02916	0.10290	0.16117	0.03115	0.10001	0.08141	0.03294	0.12542	0.03150	0.08406	0.05665	0.01594	0.04347	0.00753	0.03272	0.00187	0.04607	0.00499	0.00364	0.00740
36	0.03726	0.01054	0.01362	0.05284	0.07627	0.01113	0.04872	0.17909	0.15473	0.13179	0.06817	0.06891	0.04379	0.00910	0.04244	0.00204	0.00541	0.00643	0.03018	0.00754
37	0.00762	0.00534	0.00680	0.00732	0.00828	0.00497	0.00523	0.00943	0.03147	0.04277	0.19159	0.46474	0.13426	0.01446	0.00661	0.00201	0.00310	0.04393	0.00525	0.00483
38	0.03125	0.05522	0.09755	0.10139	0.21967	0.05156	0.08937	0.13340	0.04002	0.01920	0.02906	0.08413	0.01162	0.00643	0.00541	0.00168	0.00646	0.00574	0.00340	0.00745

[dist]
# distance from previous block
# <min> <max>
4	17

[block]
# block no. 1 follows, 45 sequences, length 15
# corresponding to MSA columns:
# 244-258
name=unknown_B
#
# <colnr> <probs for GDERKNQSTAVLIFYWHMCP>
#	G	D	E	R	K	N	Q	S	T	A	V	L	I	F	Y	W	H	M	C	P
0	0.14996	0.05020	0.07217	0.05395	0.11018	0.16318	0.05726	0.04824	0.06861	0.04425	0.04331	0.01324	0.00996	0.00573	0.00539	0.00159	0.04088	0.00441	0.00334	0.05417
1	0.02667	0.00636	0.00783	0.00827	0.05980	0.00573	0.00549	0.00975	0.01213	0.01665	0.24107	0.13675	0.24062	0.10129	0.00838	0.00208	0.00341	0.00950	0.00467	0.09354
2	0.01379	0.05121	0.09525	0.05568	0.12664	0.01199	0.06252	0.19657	0.05413	0.06405	0.08008	0.03411	0.09634	0.00717	0.00549	0.00166	0.00555	0.00613	0.02418	0.00746
3	0.01235	0.13823	0.37693	0.16765	0.04346	0.07477	0.03583	0.04062	0.01189	0.01587	0.00927	0.01158	0.00705	0.00525	0.00527	0.00163	0.02861	0.00406	0.00246	0.00724
4	0.00650	0.00534	0.00565	0.00577	0.00730	0.00457	0.00420	0.00782	0.01198	0.01462	0.09036	0.13878	0.61526	0.04868	0.00732	0.00200	0.00286	0.01154	0.00496	0.00449
5	0.00711	0.00530	0.00661	0.00663	0.00781	0.00480	0.00484	0.00906	0.01353	0.01840	0.46644	0.20662	0.19756	0.01277	0.00645	0.00182	0.00270	0.01123	0.00552	0.00480
6	0.01070	0.00568	0.00575	0.00550	0.00695	0.00579	0.00419	0.06273	0.01220	0.02094	0.01720	0.01953	0.01345	0.00627	0.00386	0.00127	0.00273	0.00499	0.78500	0.00528
7	0.00745	0.00528	0.00698	0.00728	0.00771	0.00556	0.00496	0.00839	0.00871	0.01197	0.01903	0.21668	0.02111	0.33164	0.30691	0.00575	0.00812	0.00884	0.00353	0.00409
8	0.84927	0.01038	0.00789	0.00706	0.01038	0.01204	0.00581	0.01578	0.00914	0.02408	0.00747	0.00872	0.00581	0.00498	0.00332	0.00166	0.00415	0.00291	0.00332	0.00581
9	0.00649	0.00487	0.00603	0.00696	0.00765	0.00440	0.00475	0.00753	0.01078	0.01391	0.03589	0.61546	0.22382	0.01600	0.00672	0.00209	0.00301	0.01426	0.00498	0.00440
10	0.84927	0.01038	0.00789	0.00706	0.01038	0.01204	0.00581	0.01578	0.00914	0.02408	0.00747	0.00872	0.00581	0.00498	0.00332	0.00166	0.00415	0.00291	0.00332	0.00581
11	0.01304	0.01317	0.01772	0.09949	0.11014	0.09402	0.09433	0.05116	0.01149	0.01582	0.00893	0.01225	0.00759	0.00643	0.00941	0.00175	0.28127	0.00452	0.00276	0.14470
12	0.00731	0.00526	0.00581	0.00586	0.00646	0.00496	0.00366	0.00786	0.00956	0.01227	0.06258	0.07954	0.24259	0.50190	0.01921	0.00390	0.00425	0.00930	0.00397	0.00376
13	0.13453	0.01160	0.01265	0.04470	0.01472	0.01271	0.00853	0.31193	0.15057	0.12387	0.03242	0.06395	0.01324	0.03327	0.00593	0.00182	0.00498	0.00569	0.00505	0.00784
14	0.01171	0.10412	0.38901	0.17415	0.02422	0.01342	0.07855	0.04851	0.05402	0.01698	0.01050	0.01268	0.00780	0.00526	0.00508	0.00166	0.00721	0.00439	0.02335	0.00737

[dist]
# distance from previous block
# <min> <max>
0	1

[block]
# block no. 2 follows, 45 sequences, length 19
# corresponding to MSA columns:
# 260-277,279
name=unknown_C
#
# <colnr> <probs for GDERKNQSTAVLIFYWHMCP>
#	G	D	E	R	K	N	Q	S	T	A	V	L	I	F	Y	W	H	M	C	P
0	0.01191	0.01146	0.01172	0.06793	0.04352	0.16501	0.01876	0.02815	0.06682	0.02923	0.13020	0.05042	0.05420	0.07743	0.06215	0.00252	0.06280	0.07461	0.00391	0.02725
1	0.04677	0.01079	0.01366	0.01113	0.01407	0.05722	0.13604	0.11841	0.09297	0.03528	0.08621	0.02863	0.26788	0.00897	0.00645	0.00177	0.04527	0.00760	0.00447	0.00641
2	0.02175	0.01216	0.01427	0.01092	0.01517	0.01233	0.00902	0.40014	0.02025	0.37327	0.01654	0.01527	0.01098	0.00645	0.00533	0.00161	0.00523	0.00503	0.00587	0.03839
3	0.01061	0.00939	0.01493	0.39888	0.18014	0.01059	0.01266	0.05804	0.01190	0.01582	0.01476	0.17614	0.01435	0.00805	0.00575	0.00185	0.00600	0.04055	0.00326	0.00630
4	0.00906	0.00769	0.01098	0.01027	0.01105	0.00974	0.00821	0.01134	0.04124	0.01302	0.01263	0.01841	0.01175	0.03013	0.53837	0.00656	0.23598	0.00547	0.00284	0.00526
5	0.01267	0.01448	0.03167	0.02262	0.02805	0.01357	0.75837	0.01719	0.01267	0.01719	0.01086	0.01448	0.00814	0.00452	0.00633	0.00181	0.00905	0.00633	0.00271	0.00724
6	0.00895	0.00529	0.00689	0.00744	0.00821	0.00492	0.00508	0.00997	0.01063	0.10683	0.02657	0.58822	0.03005	0.11294	0.00908	0.00246	0.00353	0.01277	0.03536	0.00483
7	0.11297	0.00927	0.01197	0.00928	0.01335	0.00834	0.00767	0.02504	0.01469	0.69999	0.01970	0.01724	0.01248	0.00646	0.00517	0.00166	0.00452	0.00513	0.00629	0.00878
8	0.00716	0.00497	0.00621	0.00684	0.00706	0.00487	0.00434	0.00775	0.00911	0.01220	0.02317	0.42521	0.02724	0.36274	0.06311	0.00388	0.00470	0.01145	0.00411	0.00391
9	0.00666	0.00498	0.00620	0.00689	0.00770	0.00451	0.00479	0.00795	0.01151	0.01513	0.15338	0.51176	0.20869	0.01515	0.00665	0.00202	0.00293	0.01347	0.00513	0.00451
10	0.00744	0.00593	0.00739	0.07125	0.01046	0.02973	0.00598	0.00878	0.01096	0.01423	0.07447	0.53863	0.10230	0.04366	0.00736	0.00218	0.00373	0.04624	0.00470	0.00459
11	0.05548	0.00927	0.00918	0.00814	0.01040	0.05591	0.00633	0.17659	0.05709	0.05476	0.05085	0.08897	0.04342	0.00823	0.01779	0.00165	0.00421	0.00620	0.32923	0.00631
12	0.00722	0.00536	0.00676	0.00757	0.00825	0.00520	0.00520	0.00948	0.07435	0.01505	0.09219	0.62522	0.06681	0.03531	0.00718	0.00217	0.00320	0.01367	0.00506	0.00475
13	0.01304	0.01294	0.02338	0.12759	0.37321	0.01331	0.23661	0.06112	0.01275	0.01769	0.01027	0.01367	0.00818	0.00512	0.00625	0.00172	0.04741	0.00524	0.00279	0.00770
14	0.01378	0.18168	0.17480	0.15173	0.12261	0.05440	0.03193	0.10485	0.02873	0.04422	0.01167	0.01344	0.03252	0.00554	0.00494	0.00157	0.00665	0.00445	0.00306	0.00743
15	0.01168	0.01224	0.06643	0.11170	0.07812	0.06497	0.01126	0.05458	0.02991	0.01526	0.01271	0.10615	0.02288	0.03482	0.04094	0.00233	0.28786	0.00608	0.02392	0.00616
16	0.00862	0.00598	0.00766	0.00765	0.00831	0.00646	0.00538	0.01030	0.04372	0.03763	0.01867	0.18315	0.01976	0.29156	0.22606	0.00487	0.04727	0.00826	0.05414	0.00456
17	0.10418	0.08635	0.03495	0.01663	0.17263	0.20085	0.07053	0.15727	0.01498	0.03731	0.01015	0.01173	0.00797	0.00532	0.00485	0.00151	0.00685	0.00419	0.02365	0.02810
18	0.03209	0.00763	0.00867	0.00765	0.01004	0.00734	0.00590	0.07286	0.09193	0.11153	0.15657	0.09265	0.19674	0.03019	0.00616	0.00174	0.00353	0.00811	0.07562	0.07307

[dist]
# distance from previous block
# <min> <max>
1	3

[block]
# block no. 3 follows, 45 sequences, length 17
# corresponding to MSA columns:
# 283-299
name=unknown_D
#
# <colnr> <probs for GDERKNQSTAVLIFYWHMCP>
#	G	D	E	R	K	N	Q	S	T	A	V	L	I	F	Y	W	H	M	C	P
0	0.04093	0.00647	0.00815	0.00771	0.03130	0.00595	0.00568	0.01308	0.01423	0.15175	0.44020	0.03485	0.14632	0.00992	0.00587	0.00167	0.00308	0.00852	0.05851	0.00581
1	0.01020	0.01004	0.05023	0.01033	0.01218	0.07342	0.06954	0.05439	0.03357	0.01546	0.04227	0.20802	0.07480	0.08579	0.13332	0.00325	0.06773	0.00833	0.03166	0.00547
2	0.00895	0.00579	0.00746	0.00715	0.00848	0.00554	0.00531	0.01071	0.01221	0.08779	0.29307	0.08560	0.14233	0.12621	0.14829	0.00347	0.00531	0.02645	0.00486	0.00502
3	0.00905	0.00728	0.00983	0.00921	0.00986	0.00881	0.00699	0.02700	0.03624	0.01285	0.01375	0.02262	0.01371	0.23560	0.38065	0.00600	0.17664	0.00606	0.00301	0.00484
4	0.01435	0.81458	0.02813	0.00918	0.01378	0.02124	0.00918	0.01607	0.01091	0.01263	0.00746	0.00861	0.00689	0.00459	0.00344	0.00115	0.00574	0.00287	0.00230	0.00689
5	0.01113	0.00954	0.01113	0.00795	0.01272	0.00716	0.00636	0.01352	0.01113	0.01749	0.00954	0.01113	0.00795	0.00398	0.00398	0.00080	0.00398	0.00318	0.00318	0.84417
6	0.00830	0.00643	0.00882	0.00902	0.05687	0.00587	0.03948	0.01046	0.01342	0.04227	0.33664	0.09503	0.27495	0.01167	0.00635	0.00181	0.00339	0.05878	0.00516	0.00528
7	0.00770	0.00516	0.00589	0.00599	0.00602	0.00513	0.00340	0.00778	0.00801	0.01068	0.01797	0.09957	0.02085	0.74509	0.02561	0.00495	0.00503	0.00843	0.00340	0.00334
8	0.01286	0.01086	0.01273	0.11350	0.05010	0.05809	0.00941	0.16509	0.16482	0.01961	0.01499	0.05115	0.01251	0.01504	0.19512	0.00338	0.03193	0.00567	0.04632	0.00683
9	0.01516	0.08397	0.13631	0.01488	0.12642	0.11555	0.03309	0.14186	0.04743	0.07438	0.02867	0.02801	0.02268	0.02513	0.00558	0.00160	0.00633	0.00479	0.00365	0.08451
10	0.06271	0.10771	0.03204	0.03801	0.05525	0.08649	0.08714	0.20256	0.04776	0.08937	0.01551	0.05099	0.05592	0.00665	0.00514	0.00160	0.00594	0.00546	0.03639	0.00738
11	0.01188	0.12407	0.65114	0.01425	0.02158	0.01332	0.01791	0.01735	0.01148	0.05516	0.00995	0.01135	0.00714	0.00512	0.00491	0.00163	0.00749	0.00390	0.00249	0.00786
12	0.00942	0.00847	0.04586	0.04714	0.15537	0.00755	0.06203	0.01200	0.01206	0.01724	0.10801	0.11050	0.18356	0.00900	0.00554	0.00167	0.00426	0.00798	0.18651	0.00583
13	0.01328	0.11267	0.33032	0.05572	0.09275	0.05804	0.08349	0.08973	0.04705	0.03152	0.01100	0.03114	0.00857	0.00553	0.00513	0.00163	0.00716	0.00462	0.00297	0.00768
14	0.00722	0.00576	0.00674	0.00678	0.00801	0.00548	0.00495	0.00916	0.03928	0.01584	0.19945	0.21773	0.35013	0.05464	0.00800	0.00207	0.03780	0.01121	0.00500	0.00474
15	0.00659	0.00478	0.00623	0.00729	0.00776	0.00441	0.00492	0.00765	0.01071	0.01423	0.07662	0.70777	0.08873	0.01623	0.00678	0.00212	0.00305	0.01464	0.00504	0.00441
16	0.05724	0.01384	0.10721	0.09679	0.30699	0.04616	0.09647	0.03187	0.01226	0.05060	0.01235	0.06210	0.01072	0.00614	0.00543	0.00169	0.00654	0.03827	0.00312	0.03421

[dist]
# distance from previous block
# <min> <max>
1	2

[block]
# block no. 4 follows, 45 sequences, length 17
# corresponding to MSA columns:
# 302-318
name=unknown_E
#
# <colnr> <probs for GDERKNQSTAVLIFYWHMCP>
#	G	D	E	R	K	N	Q	S	T	A	V	L	I	F	Y	W	H	M	C	P
0	0.00749	0.00626	0.04087	0.00783	0.00858	0.00548	0.02596	0.00855	0.00950	0.01280	0.02274	0.40126	0.02631	0.29555	0.06433	0.00363	0.00501	0.03951	0.00406	0.00426
1	0.26166	0.23149	0.06696	0.01410	0.15255	0.12458	0.01044	0.03658	0.01158	0.01783	0.00834	0.01000	0.00692	0.00506	0.00440	0.00149	0.02288	0.00347	0.00281	0.00687
2	0.14080	0.00657	0.02496	0.00644	0.00779	0.00642	0.00481	0.01092	0.01022	0.01710	0.04123	0.15963	0.07945	0.16274	0.00933	0.00232	0.02019	0.00758	0.27674	0.00474
3	0.05387	0.07226	0.18201	0.01159	0.04602	0.09047	0.01046	0.09415	0.08458	0.05322	0.05941	0.08097	0.07250	0.02328	0.00564	0.00172	0.00563	0.00607	0.03924	0.00692
4	0.00788	0.00571	0.00717	0.00690	0.00817	0.00534	0.00510	0.03845	0.01419	0.01953	0.52192	0.13334	0.14072	0.01223	0.00707	0.04283	0.00286	0.01017	0.00548	0.00493
5	0.00676	0.00529	0.00618	0.00674	0.00796	0.00471	0.00501	0.00816	0.01171	0.01468	0.06701	0.30062	0.41005	0.01473	0.00665	0.00202	0.00314	0.10904	0.00501	0.00455
6	0.01393	0.04504	0.19952	0.02732	0.10091	0.03834	0.02991	0.11647	0.10112	0.09125	0.04432	0.06882	0.01306	0.00664	0.00525	0.00163	0.00580	0.00555	0.03648	0.04864
7	0.01081	0.05073	0.49546	0.05273	0.06663	0.04288	0.01590	0.01578	0.02566	0.01645	0.04666	0.01657	0.07245	0.00761	0.03938	0.00198	0.00734	0.00496	0.00278	0.00724
8	0.01962	0.08524	0.01619	0.01348	0.01638	0.73169	0.01028	0.02103	0.01489	0.01310	0.00823	0.00960	0.00691	0.00546	0.00473	0.00137	0.00938	0.00341	0.00273	0.00627
9	0.01198	0.01691	0.29876	0.01259	0.06743	0.07505	0.01205	0.07736	0.05281	0.01873	0.01576	0.06963	0.04861	0.00680	0.00501	0.00160	0.00582	0.00552	0.19068	0.00690
10	0.01250	0.02368	0.60739	0.06327	0.05573	0.01188	0.01790	0.01792	0.01184	0.11205	0.01109	0.01246	0.00770	0.00529	0.00516	0.00170	0.00740	0.00423	0.00284	0.00799
11	0.70688	0.01034	0.00865	0.00750	0.01090	0.01168	0.00617	0.05311	0.01058	0.09730	0.00933	0.01014	0.00691	0.00525	0.00363	0.00165	0.00423	0.00330	0.02618	0.00627
12	0.04190	0.01292	0.02002	0.06006	0.58852	0.03919	0.03201	0.07689	0.01319	0.01886	0.01044	0.01329	0.00854	0.00502	0.00521	0.00159	0.00633	0.00472	0.03316	0.00813
13	0.00945	0.04746	0.01301	0.25467	0.01879	0.01055	0.00997	0.01162	0.00927	0.01279	0.01150	0.01778	0.01052	0.07508	0.32815	0.00487	0.14130	0.00527	0.00263	0.00533
14	0.01147	0.01235	0.14350	0.06946	0.17317	0.01000	0.01138	0.08738	0.03003	0.05140	0.16005	0.05119	0.10255	0.00928	0.03821	0.00200	0.01892	0.00676	0.00402	0.00689
15	0.01179	0.00661	0.00828	0.00747	0.00959	0.00598	0.00573	0.01431	0.04863	0.21974	0.27904	0.13360	0.20574	0.01101	0.00611	0.00178	0.00327	0.00948	0.00575	0.00608
16	0.07151	0.17295	0.06295	0.03761	0.07957	0.04496	0.02126	0.20434	0.08254	0.03291	0.03931	0.07922	0.01241	0.00668	0.00495	0.00157	0.00558	0.00533	0.00392	0.03042

[dist]
# distance from previous block
# <min> <max>
1	4

[block]
# block no. 5 follows, 45 sequences, length 25
# corresponding to MSA columns:
# 325-349
name=unknown_F
#
# <colnr> <probs for GDERKNQSTAVLIFYWHMCP>
#	G	D	E	R	K	N	Q	S	T	A	V	L	I	F	Y	W	H	M	C	P
0	0.04624	0.00916	0.01119	0.03521	0.06921	0.02670	0.03391	0.05120	0.14191	0.01937	0.17190	0.08008	0.10635	0.00896	0.01950	0.00173	0.00437	0.00720	0.02634	0.12947
1	0.01320	0.01114	0.01192	0.01064	0.01357	0.01276	0.00830	0.07020	0.64879	0.02281	0.07717	0.02112	0.01843	0.00834	0.02529	0.00197	0.00447	0.00626	0.00542	0.00819
2	0.00667	0.00480	0.00625	0.00724	0.00770	0.00446	0.00487	0.00772	0.01069	0.01425	0.09083	0.67211	0.07753	0.04827	0.00761	0.00224	0.00313	0.01429	0.00499	0.00438
3	0.00804	0.00547	0.00672	0.00652	0.00731	0.00528	0.00442	0.00929	0.01113	0.03677	0.29175	0.05562	0.08766	0.35819	0.07983	0.00379	0.00474	0.00870	0.00444	0.00432
4	0.00771	0.00560	0.00787	0.00787	0.00857	0.00630	0.00577	0.00910	0.00840	0.01190	0.01507	0.02492	0.01509	0.25097	0.58165	0.00769	0.01187	0.00631	0.00298	0.00437
5	0.00748	0.00516	0.00686	0.00790	0.00857	0.00487	0.00575	0.00876	0.01088	0.03420	0.02997	0.56871	0.06953	0.03845	0.00749	0.00230	0.00358	0.16999	0.00497	0.00459
6	0.01113	0.00954	0.01113	0.00795	0.01272	0.00716	0.00636	0.01352	0.01113	0.01749	0.00954	0.01113	0.00795	0.00398	0.00398	0.00080	0.00398	0.00318	0.00318	0.84417
7	0.01174	0.01174	0.01644	0.01409	0.01409	0.01644	0.01174	0.01292	0.00822	0.01292	0.00705	0.01174	0.00705	0.00940	0.01762	0.00235	0.80153	0.00470	0.00235	0.00587
8	0.01001	0.00500	0.00500	0.00500	0.00625	0.00500	0.00375	0.01251	0.01126	0.02001	0.01751	0.02001	0.01376	0.00625	0.00375	0.00125	0.00250	0.00500	0.84115	0.00500
9	0.01262	0.01016	0.01175	0.00851	0.01321	0.00828	0.00685	0.10012	0.01290	0.04414	0.01030	0.01157	0.00826	0.00435	0.00418	0.00092	0.00422	0.00344	0.00355	0.72069
10	0.01339	0.01378	0.01787	0.04271	0.44529	0.15322	0.03059	0.01645	0.03707	0.01639	0.04417	0.01656	0.04890	0.00862	0.06991	0.00217	0.00731	0.00523	0.00303	0.00735
11	0.01243	0.01267	0.05058	0.01833	0.05887	0.01195	0.44126	0.01601	0.01191	0.05567	0.01245	0.05339	0.01020	0.00676	0.02635	0.00195	0.08612	0.00617	0.07380	0.03312
12	0.00652	0.00474	0.00616	0.00729	0.00774	0.00438	0.00490	0.00749	0.01045	0.01377	0.03177	0.74121	0.10073	0.01653	0.00681	0.00215	0.00308	0.01491	0.00498	0.00438
13	0.01153	0.00937	0.01028	0.00954	0.01192	0.01025	0.00747	0.08754	0.38515	0.02051	0.06412	0.06768	0.12565	0.04924	0.00702	0.00206	0.00419	0.10437	0.00521	0.00691
14	0.01890	0.05069	0.05312	0.01376	0.01667	0.67948	0.01088	0.02052	0.01445	0.01330	0.00826	0.00985	0.00692	0.00572	0.00559	0.00145	0.05788	0.00354	0.00270	0.00631
15	0.02005	0.02558	0.01521	0.01383	0.01659	0.78980	0.01037	0.02143	0.01521	0.01314	0.00830	0.00968	0.00691	0.00553	0.00484	0.00138	0.00968	0.00346	0.00277	0.00622
16	0.00711	0.00500	0.00597	0.00650	0.00683	0.00477	0.00408	0.00765	0.00935	0.01226	0.02643	0.36542	0.10973	0.38561	0.01631	0.00354	0.00404	0.01136	0.00418	0.00386
17	0.00657	0.00474	0.00622	0.00735	0.00777	0.00439	0.00494	0.00758	0.01055	0.01402	0.05715	0.74353	0.07243	0.01645	0.00681	0.00214	0.00307	0.01487	0.00502	0.00439
18	0.00957	0.00554	0.00801	0.03346	0.00889	0.00587	0.00561	0.04472	0.00832	0.01126	0.01057	0.01733	0.01019	0.03775	0.15849	0.60706	0.00657	0.00493	0.00260	0.00325
19	0.01756	0.01117	0.01415	0.07845	0.10406	0.01178	0.00983	0.25246	0.07547	0.22168	0.03508	0.01641	0.01203	0.00644	0.00550	0.00163	0.02246	0.00520	0.09050	0.00815
20	0.02005	0.02558	0.01521	0.01383	0.01659	0.78980	0.01037	0.02143	0.01521	0.01314	0.00830	0.00968	0.00691	0.00553	0.00484	0.00138	0.00968	0.00346	0.00277	0.00622
21	0.00932	0.00466	0.00699	0.00699	0.00699	0.00466	0.00466	0.00699	0.00699	0.00932	0.00932	0.01632	0.00932	0.01865	0.02098	0.84382	0.00466	0.00466	0.00233	0.00233
22	0.29642	0.05674	0.01332	0.04790	0.03717	0.04867	0.03616	0.19087	0.07868	0.02331	0.02261	0.01291	0.00925	0.00668	0.02454	0.00179	0.02226	0.00427	0.05950	0.00695
23	0.02762	0.03067	0.06769	0.13564	0.09933	0.04757	0.02211	0.03379	0.04179	0.05336	0.03799	0.18411	0.03820	0.00816	0.00574	0.00167	0.02576	0.00701	0.00370	0.12812
24	0.09151	0.07571	0.12851	0.04935	0.13379	0.20269	0.03140	0.08781	0.03186	0.01763	0.00938	0.01141	0.00754	0.00575	0.00623	0.00164	0.09363	0.00410	0.00294	0.00714

[dist]
# distance from previous block
# <min> <max>
0	1

[block]
# block no. 6 follows, 45 sequences, length 19
# corresponding to MSA columns:
# 351-369
name=unknown_G
#
# <colnr> <probs for GDERKNQSTAVLIFYWHMCP>
#	G	D	E	R	K	N	Q	S	T	A	V	L	I	F	Y	W	H	M	C	P
0	0.00663	0.00473	0.00633	0.00758	0.00793	0.00444	0.00514	0.00763	0.01036	0.01380	0.02954	0.77650	0.03531	0.01673	0.00688	0.00219	0.00319	0.04573	0.00498	0.00438
1	0.10194	0.01446	0.04938	0.04804	0.16000	0.10412	0.04856	0.17283	0.06826	0.04301	0.01124	0.01290	0.00872	0.00654	0.02435	0.00178	0.05132	0.00450	0.00362	0.06442
2	0.01806	0.03641	0.01639	0.05451	0.14112	0.48224	0.01136	0.08692	0.01507	0.03615	0.00957	0.01128	0.00771	0.00561	0.00526	0.00148	0.02752	0.00397	0.02246	0.00690
3	0.00912	0.00509	0.00549	0.00557	0.00678	0.00495	0.00415	0.01141	0.01176	0.01918	0.11512	0.09259	0.07545	0.00846	0.00460	0.00145	0.00263	0.02365	0.58762	0.00492
4	0.00691	0.00536	0.00621	0.00629	0.00758	0.00480	0.00458	0.00848	0.01236	0.01600	0.24579	0.14764	0.38168	0.07484	0.02910	0.00228	0.00327	0.02719	0.00505	0.00457
5	0.00655	0.00494	0.00601	0.00679	0.00758	0.00446	0.00466	0.00764	0.01096	0.01411	0.06149	0.53234	0.25928	0.03770	0.00725	0.00214	0.00303	0.01368	0.00497	0.00440
6	0.00665	0.00521	0.00583	0.00613	0.00730	0.00460	0.00431	0.00785	0.01147	0.01441	0.10126	0.25108	0.43873	0.09995	0.00873	0.00227	0.00308	0.01187	0.00487	0.00439
7	0.16070	0.01163	0.01048	0.00898	0.01184	0.10331	0.00712	0.19619	0.08106	0.07061	0.01416	0.01500	0.01065	0.00611	0.00445	0.00150	0.00474	0.00453	0.27012	0.00684
8	0.02005	0.02558	0.01521	0.01383	0.01659	0.78980	0.01037	0.02143	0.01521	0.01314	0.00830	0.00968	0.00691	0.00553	0.00484	0.00138	0.00968	0.00346	0.00277	0.00622
9	0.01983	0.01473	0.01611	0.05667	0.01779	0.01638	0.01047	0.71789	0.02442	0.03270	0.01270	0.01297	0.00902	0.00638	0.00537	0.00162	0.00598	0.00483	0.00520	0.00895
10	0.00769	0.00519	0.00587	0.00591	0.00609	0.00509	0.00344	0.00775	0.00826	0.01084	0.02044	0.06061	0.08867	0.68172	0.02450	0.03799	0.00489	0.00824	0.00343	0.00337
11	0.01554	0.06214	0.19647	0.01312	0.03150	0.09156	0.03361	0.23950	0.14312	0.04165	0.01326	0.01397	0.01935	0.00662	0.00604	0.03498	0.02103	0.00472	0.00395	0.00787
12	0.05830	0.01380	0.08951	0.08353	0.08246	0.03781	0.07611	0.25042	0.03302	0.05290	0.01597	0.03291	0.06459	0.00714	0.00591	0.00175	0.03158	0.05078	0.00406	0.00747
13	0.00765	0.00549	0.00657	0.00683	0.00805	0.00503	0.00492	0.00966	0.04067	0.04185	0.18361	0.34470	0.26099	0.01364	0.00639	0.00191	0.00295	0.01196	0.03225	0.00489
14	0.00998	0.00723	0.00835	0.00770	0.00970	0.00711	0.00597	0.08889	0.08434	0.06164	0.23130	0.06611	0.27455	0.03189	0.03772	0.00215	0.00390	0.05043	0.00528	0.00577
15	0.03041	0.13728	0.25111	0.03678	0.01643	0.04343	0.01182	0.03634	0.08284	0.08129	0.03238	0.08129	0.01319	0.00719	0.00558	0.00169	0.03735	0.03882	0.04775	0.00705
16	0.06429	0.06420	0.01642	0.06898	0.06419	0.23537	0.03527	0.23976	0.12137	0.02160	0.01172	0.01265	0.00898	0.00587	0.00503	0.00157	0.00686	0.00443	0.00388	0.00757
17	0.01422	0.01333	0.01753	0.03477	0.10782	0.10918	0.15773	0.12788	0.07864	0.03629	0.01360	0.08330	0.01163	0.00680	0.00639	0.00169	0.06720	0.00590	0.05780	0.04830
18	0.01199	0.01021	0.01196	0.06533	0.04930	0.02959	0.00790	0.10815	0.06836	0.01921	0.04046	0.08059	0.05031	0.00647	0.00487	0.00129	0.00454	0.00540	0.00386	0.42022

[dist]
# distance from previous block
# <min> <max>
0	7

[block]
# block no. 7 follows, 45 sequences, length 38
# corresponding to MSA columns:
# 385-401,406-426
name=unknown_H
#
# <colnr> <probs for GDERKNQSTAVLIFYWHMCP>
#	G	D	E	R	K	N	Q	S	T	A	V	L	I	F	Y	W	H	M	C	P
0	0.01592	0.09369	0.01239	0.00924	0.02893	0.00899	0.00728	0.07122	0.03184	0.32529	0.16971	0.12257	0.06236	0.00888	0.00560	0.00168	0.00414	0.00749	0.00553	0.00722
1	0.09382	0.13559	0.02986	0.03009	0.06852	0.05852	0.00891	0.05648	0.01190	0.08414	0.01097	0.03225	0.00919	0.00887	0.07905	0.00207	0.06489	0.00423	0.00334	0.20730
2	0.00801	0.00604	0.00864	0.00851	0.00928	0.00707	0.00648	0.00963	0.00861	0.01249	0.01461	0.03816	0.01422	0.13393	0.60267	0.00742	0.06495	0.00611	0.02850	0.00467
3	0.00704	0.00568	0.00609	0.00605	0.00766	0.00501	0.00448	0.03095	0.01254	0.01554	0.12089	0.10903	0.56585	0.05571	0.00749	0.00202	0.00300	0.02533	0.00500	0.00465
4	0.01012	0.00862	0.01020	0.01032	0.04630	0.05954	0.03015	0.07336	0.07348	0.01660	0.06475	0.33647	0.05467	0.05843	0.07141	0.00265	0.03676	0.00984	0.02073	0.00559
5	0.01326	0.10642	0.08253	0.18400	0.25210	0.08556	0.05667	0.01698	0.05195	0.03894	0.01061	0.01366	0.00858	0.02952	0.00609	0.00173	0.02671	0.00464	0.00282	0.00725
6	0.00893	0.00655	0.00709	0.00666	0.00872	0.00599	0.00507	0.05040	0.06016	0.07381	0.08279	0.09451	0.54480	0.01238	0.00620	0.00181	0.00314	0.01039	0.00521	0.00538
7	0.03784	0.01075	0.03330	0.06699	0.01529	0.05383	0.08071	0.12875	0.03255	0.07454	0.06084	0.09882	0.06364	0.06656	0.05992	0.00252	0.05769	0.04500	0.00415	0.00631
8	0.01236	0.10223	0.08727	0.01119	0.07628	0.01051	0.00909	0.06937	0.02684	0.01820	0.00984	0.01134	0.00802	0.00446	0.00426	0.00106	0.00489	0.00353	0.00316	0.52610
9	0.00939	0.00799	0.01014	0.00951	0.01023	0.03949	0.00728	0.03287	0.00931	0.01295	0.01469	0.06106	0.03290	0.17683	0.35660	0.00557	0.18883	0.00640	0.00306	0.00490
10	0.02709	0.00745	0.00873	0.00807	0.01001	0.00762	0.00617	0.03856	0.18367	0.08821	0.30057	0.10613	0.04778	0.02890	0.00631	0.00183	0.00343	0.03033	0.08294	0.00620
11	0.01291	0.11777	0.07270	0.03360	0.07802	0.03050	0.06454	0.12924	0.17901	0.01988	0.06917	0.09158	0.06292	0.00767	0.00543	0.00169	0.00537	0.00655	0.00418	0.00727
12	0.01077	0.02777	0.78354	0.01530	0.02323	0.01247	0.01983	0.01700	0.01133	0.01700	0.00963	0.01133	0.00680	0.00510	0.00510	0.00170	0.00793	0.00397	0.00227	0.00793
13	0.00858	0.00718	0.00966	0.00926	0.03453	0.00702	0.06592	0.02336	0.10933	0.01672	0.15028	0.18744	0.23687	0.07000	0.03709	0.00235	0.00425	0.01000	0.00474	0.00542
14	0.07851	0.01123	0.07968	0.06103	0.08028	0.00937	0.07192	0.03830	0.03473	0.07311	0.04657	0.05294	0.08740	0.00706	0.01676	0.00159	0.00520	0.00566	0.00373	0.23493
15	0.00664	0.00490	0.00604	0.00688	0.00762	0.00445	0.00473	0.00779	0.01097	0.01440	0.06404	0.57201	0.21271	0.01548	0.00661	0.00204	0.00298	0.01378	0.03148	0.00445
16	0.01238	0.12485	0.24416	0.12674	0.01927	0.06027	0.02322	0.05518	0.02348	0.05596	0.08751	0.01763	0.06305	0.00640	0.00508	0.00158	0.00616	0.00514	0.02987	0.03206
17	0.01781	0.17311	0.01812	0.01309	0.01623	0.55447	0.04960	0.01946	0.01385	0.01321	0.00865	0.01044	0.00738	0.00746	0.05346	0.00181	0.00919	0.00364	0.00268	0.00631
18	0.01666	0.18154	0.05776	0.01151	0.01538	0.24079	0.00983	0.19588	0.09092	0.01959	0.01206	0.01271	0.02697	0.00582	0.00471	0.00142	0.00663	0.00416	0.02628	0.05938
19	0.00811	0.00580	0.00750	0.00820	0.05472	0.00603	0.00489	0.00877	0.00828	0.01134	0.01589	0.03045	0.01739	0.57861	0.20659	0.00579	0.00745	0.00713	0.00313	0.00394
20	0.01202	0.06469	0.18061	0.09564	0.25986	0.01236	0.06318	0.05541	0.05374	0.01774	0.04131	0.01724	0.07447	0.00605	0.00533	0.00164	0.00629	0.00536	0.00315	0.02392
21	0.00864	0.00685	0.00922	0.00874	0.00964	0.00785	0.00661	0.01061	0.03901	0.01354	0.05461	0.09434	0.01732	0.16368	0.34277	0.00533	0.12702	0.00689	0.01800	0.04933
22	0.03299	0.03938	0.08397	0.01484	0.11607	0.10014	0.05402	0.07344	0.15015	0.01803	0.04062	0.10263	0.01420	0.03830	0.00764	0.00191	0.09478	0.00621	0.00371	0.00698
23	0.01435	0.46246	0.18035	0.01149	0.01619	0.14011	0.01168	0.01730	0.03355	0.01391	0.00844	0.00984	0.00716	0.00518	0.00482	0.00138	0.04898	0.00338	0.00246	0.00699
24	0.00847	0.00596	0.00690	0.00634	0.00830	0.00514	0.00483	0.01039	0.01341	0.07235	0.30428	0.04172	0.39345	0.01135	0.00605	0.00168	0.00286	0.00964	0.02963	0.05725
25	0.00781	0.00520	0.00585	0.00585	0.00585	0.00520	0.00325	0.00781	0.00781	0.01041	0.01691	0.03513	0.01952	0.81135	0.02732	0.00520	0.00520	0.00781	0.00325	0.00325
26	0.02009	0.02437	0.01531	0.01366	0.01660	0.70089	0.01035	0.10636	0.01636	0.01552	0.00883	0.01005	0.00717	0.00564	0.00490	0.00141	0.00925	0.00362	0.00307	0.00656
27	0.01456	0.78693	0.02771	0.00929	0.01388	0.02108	0.00922	0.04180	0.01140	0.01336	0.00765	0.00876	0.00697	0.00466	0.00351	0.00116	0.00575	0.00294	0.00240	0.00697
28	0.00953	0.00761	0.00874	0.00886	0.01041	0.00814	0.00654	0.02905	0.29862	0.01748	0.02730	0.38576	0.06788	0.03420	0.00686	0.00211	0.00374	0.05600	0.00512	0.00603
29	0.02106	0.01490	0.01534	0.01196	0.01609	0.08609	0.00978	0.55408	0.02246	0.17253	0.01402	0.01360	0.00971	0.00640	0.00533	0.00160	0.00600	0.00481	0.00537	0.00886
30	0.00666	0.00519	0.00597	0.00631	0.00748	0.00459	0.00448	0.00800	0.01185	0.01511	0.15209	0.29264	0.39576	0.04972	0.00744	0.00206	0.00293	0.01220	0.00504	0.00450
31	0.01174	0.01174	0.01644	0.01409	0.01409	0.01644	0.01174	0.01292	0.00822	0.01292	0.00705	0.01174	0.00705	0.00940	0.01762	0.00235	0.80153	0.00470	0.00235	0.00587
32	0.00969	0.00777	0.00873	0.00811	0.01002	0.01995	0.00625	0.10253	0.10786	0.01822	0.11172	0.09321	0.27209	0.01652	0.15153	0.00306	0.01805	0.00864	0.02032	0.00573
33	0.00775	0.00521	0.00584	0.00584	0.00590	0.00518	0.00328	0.00780	0.00796	0.01055	0.01825	0.03572	0.04641	0.78298	0.02658	0.00508	0.00512	0.00793	0.00331	0.00330
34	0.01199	0.03143	0.01304	0.01040	0.04067	0.04346	0.05385	0.03545	0.08539	0.03576	0.01346	0.10154	0.01215	0.01974	0.00513	0.00129	0.00469	0.00524	0.00366	0.47165
35	0.01265	0.06024	0.12762	0.03112	0.17711	0.06383	0.05323	0.03110	0.09375	0.05142	0.01634	0.07307	0.06380	0.00716	0.00568	0.02058	0.00588	0.02192	0.00353	0.07997
36	0.06022	0.12185	0.20811	0.01353	0.04669	0.09563	0.06607	0.06987	0.12043	0.06889	0.03130	0.02582	0.01043	0.00599	0.00541	0.00163	0.03238	0.00471	0.00352	0.00752
37	0.01494	0.09292	0.04568	0.04021	0.33886	0.15256	0.01264	0.08707	0.01374	0.05201	0.01217	0.09044	0.01090	0.00635	0.00520	0.00158	0.00654	0.00539	0.00329	0.00753

[dist]
# distance from previous block
# <min> <max>
2	6

[block]
# block no. 8 follows, 45 sequences, length 6
# corresponding to MSA columns:
# 433-438
name=unknown_I
#
# <colnr> <probs for GDERKNQSTAVLIFYWHMCP>
#	G	D	E	R	K	N	Q	S	T	A	V	L	I	F	Y	W	H	M	C	P
0	0.04417	0.05715	0.15791	0.04791	0.03751	0.07131	0.06891	0.21946	0.06552	0.09116	0.01372	0.01441	0.03527	0.00595	0.00516	0.00160	0.00637	0.00479	0.00398	0.04773
1	0.04410	0.15788	0.14720	0.01249	0.04686	0.09418	0.03212	0.16630	0.03750	0.07752	0.04001	0.01432	0.01056	0.05251	0.00644	0.00175	0.02411	0.00457	0.00366	0.02594
2	0.00778	0.00550	0.00650	0.00655	0.00705	0.00549	0.00420	0.00910	0.04277	0.01326	0.12826	0.13278	0.06397	0.47667	0.06395	0.00420	0.00492	0.00900	0.00401	0.00403
3	0.01051	0.00577	0.00797	0.00757	0.00803	0.00595	0.00526	0.08771	0.00895	0.01195	0.00971	0.01595	0.00930	0.01734	0.01931	0.75355	0.00480	0.00468	0.00266	0.00306
4	0.01498	0.13470	0.13558	0.01404	0.08022	0.20032	0.04936	0.08435	0.08717	0.04346	0.04747	0.01581	0.05728	0.00623	0.00508	0.00155	0.00675	0.00490	0.00351	0.00725
5	0.01198	0.05547	0.12352	0.05639	0.16467	0.03918	0.05460	0.08273	0.02861	0.03246	0.04218	0.11779	0.06009	0.02917	0.02951	0.00200	0.02335	0.00665	0.03284	0.00681

[dist]
# distance from previous block
# <min> <max>
9	12

[block]
# block no. 9 follows, 45 sequences, length 8
# corresponding to MSA columns:
# 452-459
name=unknown_J
#
# <colnr> <probs for GDERKNQSTAVLIFYWHMCP>
#	G	D	E	R	K	N	Q	S	T	A	V	L	I	F	Y	W	H	M	C	P
0	0.07233	0.13133	0.48340	0.01383	0.04139	0.06386	0.01557	0.01640	0.01123	0.01636	0.01009	0.05356	0.00835	0.00582	0.00527	0.00165	0.03538	0.00436	0.00254	0.00728
1	0.00861	0.04944	0.00834	0.00744	0.00846	0.00683	0.00538	0.05757	0.01063	0.01395	0.02374	0.19013	0.10848	0.29818	0.10861	0.00392	0.00566	0.07610	0.00399	0.00454
2	0.00895	0.00702	0.00770	0.00705	0.00910	0.00655	0.00533	0.11919	0.01402	0.01811	0.12371	0.13857	0.40870	0.03917	0.00682	0.00187	0.00338	0.01004	0.00497	0.05977
3	0.01294	0.01168	0.04562	0.05908	0.05453	0.01219	0.00941	0.11451	0.42103	0.02149	0.02039	0.05440	0.06118	0.00831	0.02504	0.00191	0.00499	0.00626	0.00475	0.05028
4	0.01681	0.05568	0.11461	0.03894	0.14179	0.08193	0.01164	0.07464	0.05277	0.23645	0.01366	0.01432	0.00989	0.00698	0.02995	0.00183	0.04670	0.00466	0.00409	0.04266
5	0.14794	0.01477	0.15690	0.01554	0.17092	0.06217	0.02517	0.06895	0.07059	0.07104	0.01337	0.08659	0.01144	0.02670	0.00585	0.00179	0.02004	0.00546	0.01751	0.00726
6	0.05465	0.06457	0.11364	0.01595	0.15649	0.04479	0.09532	0.08611	0.03755	0.01825	0.03329	0.11289	0.03821	0.02266	0.00602	0.00184	0.00600	0.08123	0.00364	0.00687
7	0.01120	0.00949	0.01251	0.01156	0.05543	0.04822	0.09128	0.03542	0.12659	0.05408	0.12911	0.09327	0.09904	0.08407	0.05079	0.00247	0.04636	0.00773	0.02525	0.00613

[dist]
# distance from previous block
# <min> <max>
0	357

# created by:
# /st0/software/busco_prod/Augustus/scripts/msa2prfl.pl ./align_prep/111713.fa
