[name]
unknown

[dist]
# distance from previous block
# <min> <max>
10	39

[block]
# block no. 0 follows, 59 sequences, length 60
# corresponding to MSA columns:
# 42-101
name=unknown_A
#
# <colnr> <probs for GDERKNQSTAVLIFYWHMCP>
#	G	D	E	R	K	N	Q	S	T	A	V	L	I	F	Y	W	H	M	C	P
0	0.14512	0.01298	0.25553	0.05314	0.11212	0.01963	0.04382	0.08771	0.01041	0.04252	0.02984	0.08017	0.03593	0.00542	0.00420	0.00138	0.00491	0.00450	0.01698	0.03370
1	0.01086	0.01042	0.01780	0.04972	0.79519	0.01047	0.01352	0.01349	0.01002	0.01434	0.00829	0.01095	0.00696	0.00395	0.00437	0.00132	0.00526	0.00393	0.00218	0.00694
2	0.82760	0.05550	0.00742	0.00591	0.00870	0.01033	0.00494	0.01300	0.00760	0.01929	0.00615	0.00717	0.00483	0.00408	0.00274	0.00134	0.00349	0.00239	0.00269	0.00483
3	0.00990	0.00940	0.01589	0.26258	0.54411	0.00995	0.01267	0.01257	0.00977	0.01354	0.03175	0.01256	0.02720	0.00439	0.00443	0.00137	0.00527	0.00418	0.00224	0.00622
4	0.64063	0.00808	0.00697	0.00605	0.00872	0.00900	0.00496	0.04424	0.00886	0.12106	0.00864	0.00931	0.00637	0.00443	0.00305	0.00133	0.00337	0.00290	0.09687	0.00516
5	0.00574	0.00415	0.00549	0.00637	0.00689	0.00390	0.00461	0.00684	0.00910	0.01204	0.07104	0.60072	0.07808	0.01310	0.00567	0.00180	0.00279	0.15382	0.00414	0.00372
6	0.00635	0.00446	0.00539	0.00535	0.00566	0.00451	0.00343	0.00694	0.00779	0.01061	0.15406	0.08169	0.04693	0.53831	0.07766	0.00368	0.02386	0.00700	0.00315	0.00317
7	0.01941	0.00816	0.01065	0.00816	0.01160	0.00745	0.00674	0.12500	0.01372	0.71529	0.01652	0.01445	0.01048	0.00544	0.00444	0.00136	0.00390	0.00438	0.00533	0.00752
8	0.01060	0.00934	0.01030	0.03076	0.11277	0.07634	0.00741	0.02974	0.40541	0.04507	0.09220	0.08588	0.05168	0.00671	0.00463	0.00145	0.00391	0.00572	0.00398	0.00612
9	0.02567	0.01006	0.03484	0.23491	0.44280	0.01033	0.07304	0.02303	0.05728	0.03216	0.00899	0.01154	0.00709	0.00423	0.00442	0.00138	0.00544	0.00406	0.00237	0.00634
10	0.02284	0.10566	0.02895	0.01022	0.07920	0.07111	0.02397	0.13073	0.02051	0.13169	0.02824	0.06077	0.01881	0.02165	0.02018	0.00143	0.08257	0.00429	0.01474	0.12244
11	0.00598	0.00442	0.00521	0.00526	0.00589	0.00434	0.00355	0.00669	0.00777	0.01008	0.02339	0.06854	0.26005	0.37977	0.18633	0.00391	0.00517	0.00724	0.00311	0.00331
12	0.01246	0.05765	0.03517	0.03848	0.42598	0.12770	0.02510	0.04327	0.01086	0.09543	0.00963	0.04562	0.00800	0.00462	0.00426	0.00127	0.00534	0.00406	0.00268	0.04240
13	0.01052	0.04633	0.33801	0.01120	0.06916	0.05034	0.02810	0.03427	0.06228	0.09565	0.10537	0.01512	0.02902	0.00569	0.01432	0.00142	0.00517	0.02628	0.00302	0.04872
14	0.66589	0.12886	0.03616	0.00663	0.00964	0.04392	0.00581	0.03545	0.00836	0.01815	0.00636	0.00736	0.00505	0.00411	0.00289	0.00130	0.00393	0.00248	0.00261	0.00506
15	0.06727	0.41307	0.23731	0.00917	0.01352	0.02324	0.00979	0.08660	0.04766	0.04375	0.00801	0.00876	0.00632	0.00423	0.00349	0.00117	0.00509	0.00296	0.00243	0.00614
16	0.00699	0.00630	0.04032	0.00642	0.00813	0.00566	0.01979	0.01083	0.15794	0.01583	0.38091	0.04821	0.25787	0.00890	0.00505	0.00145	0.00268	0.00767	0.00439	0.00468
17	0.00525	0.00443	0.00454	0.00460	0.00601	0.00373	0.00342	0.00636	0.01001	0.01200	0.05803	0.09492	0.74901	0.01132	0.00525	0.00151	0.00226	0.00951	0.00412	0.00373
18	0.00604	0.00414	0.00501	0.00544	0.00557	0.00404	0.00337	0.00641	0.00733	0.00976	0.01824	0.34256	0.02143	0.49747	0.01546	0.00325	0.00361	0.03453	0.00327	0.00307
19	0.00904	0.01982	0.63708	0.04699	0.03321	0.01029	0.08243	0.01396	0.03573	0.01404	0.02781	0.01049	0.00686	0.00444	0.00462	0.00143	0.02971	0.00366	0.00207	0.00633
20	0.00886	0.02285	0.82190	0.01259	0.01912	0.01026	0.01632	0.01399	0.00932	0.01399	0.00793	0.00932	0.00559	0.00420	0.00420	0.00140	0.00653	0.00326	0.00186	0.00653
21	0.01059	0.16282	0.21560	0.06293	0.21636	0.05226	0.04456	0.03290	0.03771	0.03088	0.03251	0.01303	0.02734	0.00481	0.00419	0.00132	0.00543	0.03615	0.00245	0.00613
22	0.00916	0.00785	0.00916	0.00654	0.01047	0.00589	0.00523	0.01112	0.00916	0.01439	0.00785	0.00916	0.00654	0.00327	0.00327	0.00065	0.00327	0.00262	0.00262	0.87178
23	0.00576	0.00416	0.00517	0.00567	0.00617	0.00389	0.00385	0.00665	0.00887	0.01176	0.13258	0.43155	0.12795	0.18219	0.00898	0.00222	0.00287	0.04229	0.00391	0.00352
24	0.00617	0.00451	0.00580	0.00547	0.00655	0.00413	0.00411	0.00818	0.01232	0.01728	0.75681	0.03371	0.10003	0.00919	0.00521	0.00140	0.00210	0.00809	0.00480	0.00413
25	0.01391	0.00908	0.00977	0.00784	0.01046	0.00978	0.00636	0.46644	0.01610	0.07566	0.01242	0.01300	0.00911	0.00526	0.00394	0.00122	0.00378	0.00406	0.31552	0.00629
26	0.01003	0.00578	0.00649	0.05637	0.02283	0.00603	0.00474	0.12207	0.01102	0.05520	0.01350	0.01519	0.01036	0.00512	0.00344	0.00112	0.00282	0.00410	0.63894	0.00485
27	0.01042	0.01191	0.02606	0.01862	0.02308	0.01117	0.80119	0.01415	0.01042	0.01415	0.00894	0.01191	0.00670	0.00372	0.00521	0.00149	0.00745	0.00521	0.00223	0.00596
28	0.00638	0.00428	0.00488	0.00492	0.00495	0.00428	0.00279	0.00645	0.00651	0.00870	0.01426	0.05916	0.01644	0.79500	0.04028	0.00425	0.00439	0.00661	0.00272	0.00274
29	0.01681	0.01029	0.01172	0.00910	0.01240	0.01077	0.00746	0.50504	0.01735	0.25708	0.01322	0.04803	0.00952	0.00567	0.00442	0.00134	0.00434	0.00446	0.02570	0.02529
30	0.00771	0.00395	0.00591	0.00587	0.00587	0.00403	0.00395	0.00585	0.00577	0.00773	0.00763	0.01335	0.00763	0.01519	0.01721	0.85411	0.02049	0.00384	0.00192	0.00198
31	0.01650	0.02105	0.01252	0.01138	0.01365	0.82705	0.00853	0.01764	0.01252	0.01081	0.00683	0.00796	0.00569	0.00455	0.00398	0.00114	0.00796	0.00284	0.00228	0.00512
32	0.01553	0.00963	0.09055	0.00945	0.02963	0.00805	0.04714	0.14083	0.02479	0.43476	0.02777	0.08491	0.01189	0.00671	0.02307	0.00155	0.00447	0.01800	0.00449	0.00680
33	0.01510	0.12083	0.14289	0.00890	0.01263	0.00920	0.02186	0.05521	0.08000	0.41547	0.01439	0.05005	0.01040	0.00552	0.00429	0.00136	0.00438	0.01657	0.00414	0.00681
34	0.00647	0.00467	0.00678	0.00678	0.00756	0.00537	0.00523	0.00804	0.00725	0.01071	0.01211	0.01765	0.01122	0.05680	0.73403	0.00651	0.01079	0.00474	0.07338	0.00392
35	0.53039	0.00904	0.01019	0.12840	0.14420	0.02520	0.03209	0.01282	0.00835	0.01704	0.00724	0.00966	0.00588	0.00438	0.00365	0.00140	0.02091	0.02145	0.00253	0.00519
36	0.00631	0.00473	0.00710	0.00710	0.00789	0.00552	0.00552	0.00789	0.00710	0.01025	0.01183	0.01735	0.01104	0.03312	0.82728	0.00710	0.01183	0.00473	0.00237	0.00394
37	0.00836	0.00570	0.00809	0.05528	0.10612	0.00550	0.00614	0.03591	0.00960	0.10550	0.02001	0.53984	0.03086	0.01054	0.00517	0.00162	0.00330	0.00950	0.00388	0.02908
38	0.01908	0.00758	0.01010	0.00781	0.01111	0.00673	0.00643	0.04885	0.02673	0.74488	0.01707	0.01496	0.01087	0.00546	0.00439	0.00135	0.00372	0.00442	0.04111	0.00737
39	0.00823	0.00412	0.00412	0.00412	0.00515	0.00412	0.00309	0.01029	0.00926	0.01647	0.01441	0.01647	0.01132	0.00515	0.00309	0.00103	0.00206	0.00412	0.86930	0.00412
40	0.02805	0.61032	0.10589	0.00864	0.01228	0.03507	0.00869	0.04577	0.00934	0.01170	0.00650	0.00774	0.00573	0.00429	0.00418	0.00112	0.08426	0.00268	0.00202	0.00573
41	0.01048	0.01114	0.01184	0.01050	0.01116	0.19456	0.00842	0.01156	0.00811	0.01054	0.00740	0.01130	0.00706	0.03774	0.16303	0.00278	0.47172	0.00388	0.00211	0.00466
42	0.00823	0.00412	0.00412	0.00412	0.00515	0.00412	0.00309	0.01029	0.00926	0.01647	0.01441	0.01647	0.01132	0.00515	0.00309	0.00103	0.00206	0.00412	0.86930	0.00412
43	0.00630	0.00449	0.00615	0.00715	0.00780	0.00437	0.00563	0.00770	0.00930	0.01223	0.02366	0.41814	0.02702	0.02791	0.00618	0.00196	0.00337	0.41276	0.00406	0.00382
44	0.00928	0.00840	0.01385	0.54403	0.19909	0.00970	0.02403	0.02689	0.03190	0.02679	0.00903	0.02968	0.00717	0.00500	0.01589	0.00151	0.00557	0.00419	0.02253	0.00547
45	0.00941	0.00800	0.00929	0.00666	0.01057	0.00614	0.00534	0.03720	0.00954	0.01483	0.00794	0.00921	0.00657	0.00334	0.00331	0.00068	0.00332	0.00266	0.00268	0.84330
46	0.00542	0.00388	0.00516	0.00617	0.00646	0.00362	0.00416	0.00622	0.00852	0.01133	0.02463	0.81237	0.04094	0.01376	0.00564	0.00179	0.00259	0.02965	0.00410	0.00360
47	0.00886	0.02285	0.82190	0.01259	0.01912	0.01026	0.01632	0.01399	0.00932	0.01399	0.00793	0.00932	0.00559	0.00420	0.00420	0.00140	0.00653	0.00326	0.00186	0.00653
48	0.03928	0.03914	0.01058	0.00897	0.01156	0.03466	0.00706	0.06353	0.69138	0.01851	0.01648	0.01530	0.01239	0.00578	0.00436	0.00146	0.00374	0.00470	0.00428	0.00685
49	0.01526	0.00721	0.00928	0.00738	0.01034	0.00644	0.00596	0.01811	0.09148	0.50482	0.13837	0.01801	0.03790	0.00597	0.00445	0.00131	0.00338	0.00497	0.00492	0.10444
50	0.00933	0.01861	0.57148	0.01253	0.01795	0.00990	0.11968	0.03252	0.05234	0.03128	0.02378	0.06225	0.00841	0.00496	0.00447	0.00144	0.00607	0.00432	0.00238	0.00630
51	0.00918	0.05430	0.62523	0.04203	0.01917	0.01052	0.11075	0.01400	0.02739	0.01392	0.00836	0.00997	0.00606	0.00419	0.00425	0.00139	0.00636	0.00355	0.02307	0.00632
52	0.01650	0.02105	0.01252	0.01138	0.01365	0.82705	0.00853	0.01764	0.01252	0.01081	0.00683	0.00796	0.00569	0.00455	0.00398	0.00114	0.00796	0.00284	0.00228	0.00512
53	0.01019	0.00540	0.00708	0.00616	0.00794	0.00482	0.00480	0.01209	0.01236	0.25476	0.52232	0.02838	0.08947	0.00813	0.00498	0.00139	0.00259	0.00704	0.00498	0.00513
54	0.00881	0.00830	0.01411	0.61941	0.04583	0.00989	0.09058	0.02743	0.02326	0.01225	0.00872	0.03130	0.00688	0.00477	0.00492	0.00148	0.04197	0.00428	0.03072	0.00509
55	0.00834	0.00785	0.01325	0.83417	0.03042	0.00981	0.01227	0.01128	0.00883	0.01128	0.00785	0.01178	0.00589	0.00442	0.00442	0.00147	0.00589	0.00393	0.00196	0.00491
56	0.00538	0.00384	0.00512	0.00615	0.00641	0.00359	0.00410	0.00615	0.00846	0.01127	0.02434	0.84190	0.02921	0.01384	0.00564	0.00179	0.00256	0.01256	0.00410	0.00359
57	0.01483	0.00938	0.01063	0.00880	0.01177	0.01004	0.00706	0.17798	0.39449	0.26777	0.01628	0.01486	0.01147	0.00568	0.00444	0.00142	0.00383	0.00461	0.01745	0.00721
58	0.33286	0.01175	0.02151	0.00798	0.01047	0.21647	0.00637	0.11821	0.02622	0.06241	0.00933	0.01176	0.00765	0.05750	0.00479	0.00149	0.00482	0.02833	0.05482	0.00526
59	0.01319	0.16689	0.01695	0.01631	0.28925	0.30326	0.05752	0.01507	0.01075	0.03119	0.00769	0.00939	0.00641	0.00424	0.00416	0.00120	0.02080	0.00335	0.01643	0.00595

[dist]
# distance from previous block
# <min> <max>
0	1

[block]
# block no. 1 follows, 59 sequences, length 14
# corresponding to MSA columns:
# 103-116
name=unknown_B
#
# <colnr> <probs for GDERKNQSTAVLIFYWHMCP>
#	G	D	E	R	K	N	Q	S	T	A	V	L	I	F	Y	W	H	M	C	P
0	0.04525	0.27587	0.08658	0.00964	0.06074	0.10716	0.00822	0.10197	0.03920	0.09137	0.01105	0.01222	0.04192	0.00564	0.02487	0.00136	0.00505	0.01963	0.04637	0.00592
1	0.00578	0.00451	0.00518	0.00549	0.00649	0.00412	0.00397	0.00728	0.04343	0.01220	0.08149	0.28627	0.39554	0.05164	0.00641	0.01753	0.00261	0.05223	0.00405	0.00379
2	0.00782	0.04457	0.13408	0.00701	0.00925	0.00637	0.00648	0.04616	0.01114	0.04723	0.32031	0.02856	0.19483	0.05675	0.00611	0.00160	0.01992	0.04319	0.00388	0.00472
3	0.00559	0.00401	0.00531	0.00601	0.00645	0.00373	0.00412	0.00668	0.00944	0.01284	0.21701	0.64476	0.03225	0.01267	0.00553	0.00170	0.00245	0.01144	0.00429	0.00373
4	0.00927	0.00785	0.00915	0.00661	0.01040	0.00605	0.00528	0.03479	0.00965	0.01493	0.04156	0.01019	0.00803	0.00357	0.00339	0.00070	0.00327	0.00288	0.00276	0.80966
5	0.00766	0.00659	0.00882	0.03888	0.00929	0.02371	0.00648	0.00873	0.00737	0.01062	0.01204	0.15373	0.01274	0.13446	0.21955	0.00349	0.28722	0.00590	0.03866	0.00407
6	0.01153	0.00893	0.04441	0.00867	0.03870	0.00797	0.00696	0.16395	0.08471	0.11085	0.01336	0.09358	0.01166	0.00601	0.00429	0.00123	0.00386	0.07310	0.00368	0.30256
7	0.03520	0.19043	0.46493	0.01253	0.04574	0.05722	0.10770	0.01401	0.00954	0.01327	0.00758	0.00909	0.00577	0.00406	0.00399	0.00130	0.00621	0.00329	0.00197	0.00617
8	0.00841	0.00526	0.00619	0.03340	0.00733	0.00591	0.00461	0.03531	0.00907	0.01512	0.01327	0.05660	0.01125	0.02325	0.05282	0.00162	0.11263	0.00457	0.58909	0.00428
9	0.00860	0.16717	0.00804	0.00501	0.00648	0.00676	0.00405	0.01035	0.00909	0.01452	0.05913	0.01667	0.01238	0.07586	0.02900	0.00148	0.00305	0.00421	0.55385	0.00429
10	0.02219	0.05299	0.30108	0.01018	0.04881	0.02526	0.01886	0.05761	0.05435	0.01501	0.02118	0.01177	0.02520	0.00444	0.00393	0.00114	0.00481	0.02346	0.00259	0.29510
11	0.00936	0.00787	0.00855	0.00788	0.00992	0.00875	0.00609	0.01836	0.55151	0.01739	0.16007	0.05022	0.08831	0.00741	0.00477	0.00150	0.00313	0.02839	0.00450	0.00602
12	0.03870	0.16791	0.04572	0.02814	0.15494	0.24374	0.06945	0.01560	0.05187	0.08984	0.01021	0.02269	0.03312	0.00471	0.00404	0.00124	0.00573	0.00376	0.00268	0.00591
13	0.01019	0.04506	0.04297	0.01762	0.38170	0.00934	0.08031	0.04487	0.02658	0.04421	0.02935	0.16529	0.01198	0.00612	0.00492	0.00141	0.03133	0.00563	0.00285	0.03827

[dist]
# distance from previous block
# <min> <max>
1	3

[block]
# block no. 2 follows, 59 sequences, length 32
# corresponding to MSA columns:
# 120-128,130-152
name=unknown_C
#
# <colnr> <probs for GDERKNQSTAVLIFYWHMCP>
#	G	D	E	R	K	N	Q	S	T	A	V	L	I	F	Y	W	H	M	C	P
0	0.03325	0.03642	0.03279	0.02818	0.12731	0.20250	0.11371	0.14176	0.03960	0.04808	0.01154	0.14279	0.01051	0.00600	0.00452	0.00138	0.00555	0.00519	0.00309	0.00584
1	0.00720	0.00604	0.00763	0.00693	0.00794	0.00657	0.02344	0.00852	0.02617	0.03037	0.06933	0.04422	0.33896	0.14504	0.02993	0.00217	0.19307	0.02503	0.00335	0.01808
2	0.00967	0.00779	0.00889	0.06283	0.01115	0.00864	0.00639	0.04678	0.44581	0.03453	0.23476	0.02116	0.04328	0.00680	0.00466	0.00144	0.00325	0.00579	0.03046	0.00593
3	0.04718	0.01276	0.21127	0.05193	0.12045	0.00991	0.12537	0.13583	0.03668	0.06710	0.02415	0.03315	0.00863	0.02790	0.03946	0.00170	0.00567	0.00433	0.01633	0.02021
4	0.00823	0.00412	0.00412	0.00412	0.00515	0.00412	0.00309	0.01029	0.00926	0.01647	0.01441	0.01647	0.01132	0.00515	0.00309	0.00103	0.00206	0.00412	0.86930	0.00412
5	0.02231	0.13075	0.14068	0.00888	0.01271	0.04568	0.04695	0.08210	0.04182	0.04129	0.02214	0.03863	0.00828	0.02572	0.00438	0.00116	0.01320	0.00362	0.00277	0.30695
6	0.01220	0.11276	0.08726	0.06424	0.03790	0.09997	0.15158	0.11916	0.01165	0.10755	0.02732	0.09499	0.01037	0.02495	0.00488	0.00144	0.00544	0.01737	0.00309	0.00585
7	0.00823	0.00412	0.00412	0.00412	0.00515	0.00412	0.00309	0.01029	0.00926	0.01647	0.01441	0.01647	0.01132	0.00515	0.00309	0.00103	0.00206	0.00412	0.86930	0.00412
8	0.50222	0.02244	0.10854	0.04037	0.11991	0.03099	0.00806	0.05562	0.00900	0.01784	0.00713	0.00857	0.00556	0.00429	0.00363	0.00136	0.02607	0.00293	0.02001	0.00545
9	0.00883	0.00760	0.04073	0.00733	0.02503	0.06537	0.00574	0.01244	0.13918	0.07757	0.36915	0.04787	0.14372	0.00815	0.00492	0.00142	0.00318	0.02242	0.00434	0.00502
10	0.04531	0.02033	0.08186	0.11042	0.21934	0.02014	0.12308	0.01129	0.00939	0.02679	0.03190	0.23280	0.01341	0.00706	0.00506	0.02250	0.00485	0.00636	0.00278	0.00534
11	0.00633	0.00465	0.00669	0.00669	0.00734	0.00530	0.00501	0.00763	0.00698	0.00995	0.01220	0.01941	0.01194	0.17804	0.68359	0.00660	0.01048	0.00503	0.00242	0.00372
12	0.00823	0.00412	0.00412	0.00412	0.00515	0.00412	0.00309	0.01029	0.00926	0.01647	0.01441	0.01647	0.01132	0.00515	0.00309	0.00103	0.00206	0.00412	0.86930	0.00412
13	0.04772	0.01165	0.01237	0.00958	0.01291	0.01289	0.00789	0.71824	0.01948	0.02675	0.01071	0.01089	0.00768	0.00525	0.00426	0.00131	0.00461	0.00393	0.06472	0.00717
14	0.01026	0.08643	0.29150	0.02166	0.03627	0.04741	0.09260	0.05792	0.10788	0.04203	0.06378	0.04104	0.05652	0.00545	0.00439	0.00137	0.00522	0.00463	0.00292	0.02073
15	0.06557	0.15220	0.34068	0.01083	0.03585	0.05509	0.04638	0.10144	0.03013	0.04616	0.02937	0.01129	0.02720	0.02412	0.00444	0.00137	0.00549	0.00365	0.00260	0.00613
16	0.00823	0.00412	0.00412	0.00412	0.00515	0.00412	0.00309	0.01029	0.00926	0.01647	0.01441	0.01647	0.01132	0.00515	0.00309	0.00103	0.00206	0.00412	0.86930	0.00412
17	0.00890	0.00860	0.01565	0.14351	0.28031	0.00872	0.19732	0.01136	0.00943	0.01294	0.01220	0.19899	0.01199	0.00781	0.05053	0.00181	0.00563	0.00622	0.00260	0.00549
18	0.02995	0.04492	0.16826	0.01116	0.01455	0.17608	0.15990	0.03030	0.06122	0.04802	0.05134	0.01648	0.04185	0.00560	0.00449	0.00139	0.00567	0.07226	0.05097	0.00558
19	0.01067	0.08744	0.31568	0.04424	0.04028	0.06111	0.11520	0.01512	0.10220	0.07694	0.01144	0.05633	0.02123	0.00518	0.00439	0.00140	0.00563	0.01667	0.00273	0.00613
20	0.01880	0.00901	0.05569	0.00843	0.01203	0.00766	0.00729	0.12520	0.01354	0.66992	0.01599	0.01413	0.01018	0.00537	0.00442	0.00136	0.00406	0.00431	0.00513	0.00746
21	0.00747	0.00505	0.00714	0.00715	0.02773	0.00514	0.03136	0.03843	0.00810	0.03834	0.03396	0.20684	0.02597	0.18378	0.19534	0.15920	0.00556	0.00679	0.00300	0.00365
22	0.01225	0.05258	0.09023	0.02712	0.12234	0.18313	0.14492	0.07494	0.02278	0.07599	0.05210	0.04336	0.02821	0.02636	0.00514	0.00142	0.02383	0.00455	0.00288	0.00586
23	0.00922	0.03065	0.03932	0.28004	0.16345	0.00978	0.20535	0.01276	0.06717	0.01317	0.01260	0.05443	0.07194	0.00524	0.00469	0.00145	0.00552	0.00511	0.00252	0.00560
24	0.00696	0.00576	0.00756	0.00745	0.00830	0.05131	0.00579	0.00849	0.00739	0.01029	0.01140	0.01664	0.01062	0.03092	0.76171	0.00664	0.03180	0.00461	0.00235	0.00403
25	0.00966	0.00966	0.01353	0.01160	0.01160	0.01353	0.00966	0.01063	0.00676	0.01063	0.00580	0.00966	0.00580	0.00773	0.01449	0.00193	0.83670	0.00387	0.00193	0.00483
26	0.03489	0.01055	0.06701	0.39886	0.11824	0.03063	0.13846	0.09277	0.02522	0.01444	0.02188	0.01164	0.00699	0.00442	0.00448	0.00142	0.00587	0.00411	0.00240	0.00572
27	0.02561	0.00724	0.00821	0.00753	0.00949	0.00770	0.00594	0.09444	0.27340	0.07050	0.10283	0.07532	0.14702	0.00968	0.05212	0.00185	0.00378	0.08751	0.00430	0.00554
28	0.02182	0.00443	0.00577	0.00626	0.00704	0.00416	0.00448	0.00794	0.00912	0.08129	0.05719	0.56708	0.09721	0.01350	0.05105	0.00201	0.00322	0.04826	0.00413	0.00403
29	0.00823	0.00412	0.00412	0.00412	0.00515	0.00412	0.00309	0.01029	0.00926	0.01647	0.01441	0.01647	0.01132	0.00515	0.00309	0.00103	0.00206	0.00412	0.86930	0.00412
30	0.00782	0.00667	0.00823	0.02784	0.00921	0.05200	0.02663	0.04061	0.03589	0.01238	0.05037	0.33182	0.01960	0.07740	0.07345	0.00234	0.11686	0.07854	0.01809	0.00424
31	0.20573	0.08841	0.01652	0.05583	0.02822	0.04295	0.29762	0.03182	0.00989	0.07354	0.01075	0.01226	0.05825	0.00461	0.00442	0.00137	0.02442	0.00421	0.00271	0.02648

[dist]
# distance from previous block
# <min> <max>
0	8

[block]
# block no. 3 follows, 59 sequences, length 39
# corresponding to MSA columns:
# 163-190,192-202
name=unknown_D
#
# <colnr> <probs for GDERKNQSTAVLIFYWHMCP>
#	G	D	E	R	K	N	Q	S	T	A	V	L	I	F	Y	W	H	M	C	P
0	0.07936	0.13255	0.13981	0.00974	0.04961	0.06366	0.01743	0.09143	0.09906	0.12765	0.04608	0.01170	0.00919	0.00512	0.01486	0.00131	0.00475	0.00368	0.00323	0.08979
1	0.02856	0.05188	0.03723	0.01109	0.03610	0.14185	0.11459	0.19789	0.06819	0.08432	0.02139	0.03556	0.00942	0.06387	0.00638	0.00159	0.06302	0.01780	0.00328	0.00597
2	0.05058	0.04220	0.01372	0.01105	0.01181	0.01282	0.04023	0.01102	0.00722	0.01149	0.00611	0.00949	0.00584	0.00690	0.01224	0.00175	0.66708	0.00369	0.00203	0.07272
3	0.03109	0.00813	0.00952	0.04580	0.01151	0.00673	0.00577	0.07177	0.01008	0.01549	0.02839	0.00994	0.00743	0.00365	0.00345	0.00078	0.00349	0.00291	0.00278	0.72130
4	0.00571	0.00425	0.00522	0.00580	0.00642	0.00397	0.00400	0.00694	0.03204	0.01186	0.07994	0.51611	0.18192	0.08469	0.00697	0.00192	0.00268	0.03185	0.00404	0.00369
5	0.01059	0.08195	0.11749	0.00980	0.03210	0.19856	0.02785	0.02648	0.04628	0.03052	0.16046	0.05975	0.05345	0.00702	0.01694	0.00147	0.08776	0.02323	0.00306	0.00520
6	0.03556	0.03133	0.06444	0.06145	0.03865	0.05250	0.26807	0.07556	0.03297	0.09856	0.10877	0.02939	0.05843	0.00558	0.00475	0.00142	0.00532	0.01822	0.00325	0.00577
7	0.00544	0.00395	0.00514	0.00604	0.00645	0.00366	0.00412	0.00631	0.00875	0.01156	0.04749	0.72945	0.09754	0.01343	0.00560	0.00176	0.00256	0.03301	0.00412	0.00363
8	0.01187	0.01437	0.06953	0.01034	0.04901	0.40030	0.02390	0.01352	0.01087	0.01226	0.07125	0.07702	0.04862	0.02762	0.02600	0.00152	0.04520	0.01261	0.06929	0.00488
9	0.00930	0.08782	0.73654	0.01216	0.01835	0.03340	0.01541	0.01403	0.00939	0.01362	0.00775	0.00911	0.00560	0.00417	0.00408	0.00136	0.00642	0.00318	0.00188	0.00642
10	0.01143	0.00792	0.04144	0.00819	0.03276	0.00760	0.00637	0.01696	0.30316	0.21531	0.02084	0.09081	0.11454	0.07669	0.00618	0.00172	0.00357	0.02419	0.00432	0.00598
11	0.00767	0.00384	0.00575	0.00575	0.00575	0.00384	0.00384	0.00575	0.00575	0.00767	0.00767	0.01343	0.00767	0.01534	0.01726	0.87150	0.00384	0.00384	0.00192	0.00192
12	0.01074	0.01030	0.01759	0.08584	0.75998	0.01044	0.01346	0.01339	0.00997	0.01420	0.00827	0.01099	0.00692	0.00397	0.00438	0.00132	0.00529	0.00393	0.00217	0.00684
13	0.01081	0.01142	0.02070	0.06760	0.23837	0.04784	0.41242	0.03112	0.06173	0.01436	0.00921	0.01177	0.00719	0.00453	0.01697	0.00151	0.01924	0.00461	0.00240	0.00619
14	0.00688	0.00514	0.00667	0.00732	0.00848	0.00506	0.00618	0.00928	0.05368	0.01341	0.06368	0.07266	0.17038	0.01159	0.00579	0.00187	0.00356	0.54008	0.00413	0.00415
15	0.00959	0.00956	0.01339	0.01150	0.01152	0.01336	0.00958	0.01057	0.00677	0.01062	0.00592	0.00982	0.00591	0.00827	0.03162	0.00204	0.81932	0.00388	0.00194	0.00481
16	0.00640	0.00486	0.00727	0.00722	0.00799	0.00574	0.00563	0.00796	0.00709	0.01026	0.01167	0.01714	0.01090	0.03244	0.80541	0.00696	0.03402	0.00471	0.00235	0.00397
17	0.00916	0.00785	0.00916	0.00654	0.01047	0.00589	0.00523	0.01112	0.00916	0.01439	0.00785	0.00916	0.00654	0.00327	0.00327	0.00065	0.00327	0.00262	0.00262	0.87178
18	0.00916	0.00785	0.00916	0.00654	0.01047	0.00589	0.00523	0.01112	0.00916	0.01439	0.00785	0.00916	0.00654	0.00327	0.00327	0.00065	0.00327	0.00262	0.00262	0.87178
19	0.00886	0.02285	0.82190	0.01259	0.01912	0.01026	0.01632	0.01399	0.00932	0.01399	0.00793	0.00932	0.00559	0.00420	0.00420	0.00140	0.00653	0.00326	0.00186	0.00653
20	0.01187	0.01048	0.03295	0.00930	0.01206	0.02588	0.00748	0.13679	0.65790	0.01958	0.01642	0.01527	0.01225	0.00582	0.00447	0.00146	0.00386	0.00476	0.00437	0.00702
21	0.11568	0.00967	0.01022	0.00846	0.01127	0.06425	0.00681	0.14164	0.19796	0.28856	0.03367	0.01356	0.01049	0.00551	0.00459	0.00139	0.03648	0.00421	0.02896	0.00663
22	0.03893	0.01261	0.01168	0.00979	0.01269	0.14994	0.00777	0.34649	0.32362	0.02111	0.01269	0.01233	0.00943	0.00541	0.00433	0.00136	0.00482	0.00413	0.00404	0.00683
23	0.00559	0.00450	0.00476	0.00472	0.00614	0.00382	0.00353	0.00681	0.01033	0.02610	0.13196	0.07249	0.68206	0.01095	0.00522	0.00149	0.00226	0.00921	0.00421	0.00384
24	0.00701	0.00522	0.00768	0.00821	0.00928	0.00513	0.04445	0.00893	0.01001	0.01315	0.05994	0.14228	0.02556	0.02873	0.00629	0.00199	0.00396	0.60412	0.00399	0.00408
25	0.00546	0.00395	0.00518	0.00608	0.00648	0.00367	0.00416	0.00634	0.00876	0.01161	0.05244	0.73146	0.08386	0.01343	0.00561	0.00177	0.00258	0.03939	0.00412	0.00363
26	0.00546	0.00416	0.00499	0.00551	0.00626	0.00372	0.00381	0.00639	0.00911	0.01173	0.06689	0.49303	0.29216	0.04575	0.00612	0.00176	0.00251	0.01088	0.00406	0.01570
27	0.01120	0.00594	0.00754	0.00637	0.00857	0.00518	0.00499	0.01313	0.02579	0.29074	0.26322	0.07910	0.11484	0.00754	0.00466	0.00133	0.00286	0.00643	0.03835	0.10221
28	0.00888	0.00845	0.01446	0.66182	0.17685	0.00998	0.03374	0.01178	0.00910	0.01195	0.00796	0.01162	0.00612	0.00431	0.00443	0.00144	0.00581	0.00396	0.00201	0.00532
29	0.00579	0.00447	0.00538	0.00594	0.00696	0.00406	0.00459	0.00706	0.00965	0.01210	0.03328	0.26386	0.38265	0.01219	0.00558	0.00172	0.00283	0.22401	0.00409	0.00378
30	0.00580	0.00429	0.00532	0.00566	0.00643	0.00394	0.00406	0.00703	0.00985	0.01308	0.24432	0.32507	0.19602	0.08381	0.00692	0.00185	0.00262	0.06601	0.00418	0.00373
31	0.11486	0.00772	0.00989	0.00767	0.01102	0.00701	0.00634	0.03535	0.01223	0.71637	0.01604	0.01408	0.01018	0.00531	0.00425	0.00137	0.00374	0.00420	0.00514	0.00721
32	0.00746	0.00585	0.00776	0.07403	0.02668	0.00625	0.00655	0.01854	0.13407	0.01331	0.04227	0.17051	0.06150	0.03722	0.09824	0.00243	0.00463	0.27444	0.00373	0.00453
33	0.00575	0.00449	0.00520	0.00509	0.00625	0.00408	0.00376	0.00712	0.01027	0.01334	0.28501	0.03605	0.42901	0.08156	0.08148	0.00220	0.00323	0.00824	0.00407	0.00380
34	0.01076	0.01501	0.20036	0.06843	0.14649	0.19177	0.15071	0.01360	0.01023	0.01283	0.01095	0.05502	0.05684	0.00520	0.00484	0.00139	0.03299	0.00454	0.00233	0.00571
35	0.01030	0.01151	0.03884	0.01713	0.02126	0.01068	0.68649	0.05069	0.01074	0.01456	0.01020	0.07689	0.00848	0.00460	0.00519	0.00150	0.00692	0.00569	0.00248	0.00586
36	0.01701	0.01001	0.02537	0.00928	0.01256	0.03174	0.03873	0.29911	0.02505	0.39349	0.01442	0.01358	0.02970	0.00552	0.00482	0.00137	0.03580	0.00435	0.02099	0.00710
37	0.01296	0.07562	0.13098	0.01000	0.03498	0.13731	0.02861	0.13459	0.07676	0.10079	0.00986	0.01039	0.00739	0.00443	0.00396	0.00114	0.00506	0.00342	0.00310	0.20864
38	0.03761	0.40924	0.06067	0.01035	0.03904	0.24283	0.05820	0.07200	0.01093	0.01260	0.00700	0.00813	0.00589	0.00414	0.00354	0.00111	0.00589	0.00289	0.00224	0.00573

[dist]
# distance from previous block
# <min> <max>
1	4

[block]
# block no. 4 follows, 59 sequences, length 12
# corresponding to MSA columns:
# 209-220
name=unknown_E
#
# <colnr> <probs for GDERKNQSTAVLIFYWHMCP>
#	G	D	E	R	K	N	Q	S	T	A	V	L	I	F	Y	W	H	M	C	P
0	0.00759	0.00547	0.00761	0.05254	0.00947	0.02133	0.05686	0.00897	0.00958	0.08401	0.07240	0.42039	0.12293	0.03042	0.00571	0.00170	0.00334	0.05897	0.01645	0.00426
1	0.01440	0.03864	0.14811	0.01118	0.04679	0.12229	0.05123	0.25421	0.01375	0.16556	0.01092	0.03621	0.00819	0.00609	0.03175	0.00154	0.02501	0.00409	0.00348	0.00656
2	0.01037	0.00937	0.03345	0.06768	0.13371	0.04182	0.08977	0.05251	0.22613	0.04957	0.08705	0.02958	0.07298	0.00614	0.00465	0.00143	0.00439	0.03435	0.03913	0.00594
3	0.00627	0.00449	0.00523	0.00542	0.00583	0.00443	0.00345	0.00736	0.05033	0.01052	0.05116	0.23535	0.10196	0.45467	0.03179	0.00316	0.00367	0.00822	0.00336	0.00333
4	0.07079	0.06597	0.01420	0.01232	0.10837	0.07740	0.13343	0.22854	0.01274	0.01724	0.01230	0.15646	0.01169	0.00653	0.00459	0.00144	0.00502	0.05188	0.00327	0.00582
5	0.01185	0.09155	0.12876	0.03157	0.04959	0.09429	0.38287	0.12739	0.01179	0.01536	0.00852	0.01049	0.00647	0.00412	0.00457	0.00136	0.00664	0.00420	0.00246	0.00616
6	0.00642	0.00428	0.00482	0.00482	0.00482	0.00428	0.00268	0.00642	0.00642	0.00856	0.01392	0.02890	0.01606	0.84478	0.02248	0.00428	0.00428	0.00642	0.00268	0.00268
7	0.00949	0.00630	0.00862	0.03052	0.00951	0.00637	0.10957	0.07826	0.04330	0.03901	0.08748	0.01673	0.01312	0.00535	0.00381	0.00119	0.00322	0.00465	0.51863	0.00488
8	0.01163	0.03999	0.01396	0.03839	0.01293	0.05245	0.03286	0.12468	0.00962	0.05841	0.00735	0.01006	0.00635	0.00674	0.01097	0.00171	0.55009	0.00385	0.00251	0.00544
9	0.07005	0.00817	0.01273	0.44857	0.08093	0.00944	0.06250	0.07371	0.00978	0.01370	0.01030	0.12099	0.00926	0.00573	0.00477	0.00149	0.02874	0.00505	0.01896	0.00514
10	0.01201	0.00950	0.01017	0.00927	0.04418	0.04104	0.00698	0.14721	0.42802	0.08455	0.05327	0.01848	0.10295	0.00641	0.00457	0.00143	0.00378	0.00527	0.00435	0.00656
11	0.00754	0.00679	0.05855	0.04098	0.03758	0.00606	0.00600	0.04185	0.08558	0.01641	0.47107	0.02780	0.05298	0.07462	0.01729	0.00173	0.00325	0.03504	0.00415	0.00470

[dist]
# distance from previous block
# <min> <max>
4	8

[block]
# block no. 5 follows, 59 sequences, length 8
# corresponding to MSA columns:
# 232-239
name=unknown_F
#
# <colnr> <probs for GDERKNQSTAVLIFYWHMCP>
#	G	D	E	R	K	N	Q	S	T	A	V	L	I	F	Y	W	H	M	C	P
0	0.14068	0.03150	0.29043	0.04670	0.05729	0.01019	0.12526	0.08584	0.01026	0.02791	0.00877	0.02720	0.00693	0.00456	0.00431	0.00136	0.02023	0.01939	0.00251	0.07868
1	0.00643	0.00498	0.00571	0.00573	0.00699	0.00462	0.00432	0.06628	0.01092	0.01403	0.16389	0.21524	0.39345	0.01105	0.00532	0.00157	0.00262	0.06854	0.00425	0.00408
2	0.01088	0.00764	0.07668	0.00890	0.08158	0.00631	0.00675	0.03850	0.02478	0.23095	0.12995	0.11422	0.08159	0.05120	0.06898	0.00200	0.00423	0.00622	0.04316	0.00548
3	0.00926	0.00898	0.01102	0.00984	0.01019	0.07311	0.00793	0.01031	0.00780	0.01131	0.01082	0.13668	0.03857	0.00830	0.01101	0.00175	0.54334	0.00531	0.07992	0.00456
4	0.01163	0.01211	0.01608	0.08502	0.56854	0.16860	0.01216	0.01394	0.01032	0.01332	0.00813	0.01068	0.00682	0.00527	0.03747	0.00152	0.00609	0.00376	0.00219	0.00635
5	0.00581	0.00414	0.00532	0.00609	0.00649	0.00394	0.00423	0.00665	0.00844	0.01111	0.02366	0.52832	0.07777	0.16319	0.00871	0.00226	0.00307	0.12347	0.00384	0.00350
6	0.00663	0.00475	0.00603	0.00663	0.00724	0.00468	0.00473	0.07336	0.00955	0.01270	0.02228	0.61124	0.02592	0.07606	0.00687	0.00197	0.00307	0.10836	0.00401	0.00391
7	0.68091	0.01010	0.10041	0.09823	0.01217	0.00994	0.00693	0.01291	0.00787	0.01821	0.00654	0.00793	0.00500	0.00415	0.00309	0.00138	0.00405	0.00266	0.00255	0.00500

[dist]
# distance from previous block
# <min> <max>
0	1

[block]
# block no. 6 follows, 59 sequences, length 19
# corresponding to MSA columns:
# 241-250,260-268
name=unknown_G
#
# <colnr> <probs for GDERKNQSTAVLIFYWHMCP>
#	G	D	E	R	K	N	Q	S	T	A	V	L	I	F	Y	W	H	M	C	P
0	0.01086	0.03389	0.16870	0.01976	0.38089	0.09777	0.15034	0.01387	0.01010	0.01363	0.00860	0.03702	0.00720	0.00441	0.00467	0.00136	0.02425	0.00415	0.00219	0.00634
1	0.00687	0.00513	0.00552	0.00546	0.00569	0.04261	0.00338	0.00716	0.00681	0.00892	0.01327	0.02619	0.01482	0.68375	0.14267	0.00456	0.00559	0.00600	0.00261	0.00298
2	0.01124	0.00969	0.10445	0.02701	0.02718	0.00831	0.06089	0.17731	0.06121	0.12730	0.13997	0.02190	0.10751	0.03785	0.00545	0.00155	0.00422	0.05716	0.00397	0.00584
3	0.26035	0.08461	0.20008	0.03881	0.01446	0.06918	0.09745	0.05712	0.00984	0.05981	0.00891	0.01012	0.02876	0.00458	0.00423	0.00136	0.03859	0.00344	0.00259	0.00569
4	0.01035	0.01117	0.02290	0.01799	0.10233	0.01069	0.61309	0.04316	0.01081	0.01476	0.05385	0.01356	0.02693	0.00435	0.00529	0.00147	0.02363	0.00525	0.00249	0.00595
5	0.00565	0.00434	0.00516	0.00566	0.00657	0.00393	0.00418	0.00676	0.00940	0.01187	0.04991	0.31829	0.36540	0.05286	0.00634	0.00181	0.00273	0.13139	0.00404	0.00369
6	0.01200	0.20976	0.30375	0.01144	0.05236	0.14289	0.03651	0.10045	0.01117	0.03474	0.00850	0.00955	0.01890	0.00437	0.00391	0.00123	0.00591	0.00327	0.00239	0.02688
7	0.00829	0.00890	0.08399	0.04223	0.01251	0.02922	0.14027	0.01201	0.12071	0.01419	0.13167	0.08637	0.13640	0.02761	0.00588	0.00158	0.04973	0.04796	0.03547	0.00501
8	0.00537	0.00388	0.00509	0.00606	0.00638	0.00360	0.00406	0.00616	0.00854	0.01131	0.02546	0.79809	0.07230	0.01369	0.00561	0.00178	0.00254	0.01238	0.00410	0.00360
9	0.00836	0.00784	0.01200	0.45473	0.02103	0.03028	0.02842	0.01051	0.00815	0.01088	0.00855	0.01331	0.00739	0.06020	0.15126	0.00270	0.15348	0.00421	0.00208	0.00462
10	0.06046	0.05628	0.21300	0.02772	0.01558	0.07439	0.18677	0.03412	0.08297	0.05364	0.05157	0.06635	0.01081	0.02628	0.00494	0.00149	0.00553	0.01947	0.00287	0.00578
11	0.03053	0.00584	0.00804	0.00823	0.03289	0.02146	0.04258	0.01061	0.02026	0.14560	0.02090	0.40643	0.02232	0.01078	0.00537	0.00172	0.00356	0.19409	0.00411	0.00466
12	0.00698	0.00508	0.00620	0.00656	0.00745	0.00507	0.00487	0.00947	0.10904	0.02935	0.05215	0.28142	0.10864	0.15815	0.00848	0.00219	0.00330	0.18755	0.00395	0.00408
13	0.00993	0.00754	0.03160	0.00945	0.05987	0.00719	0.09748	0.07445	0.09118	0.09925	0.16215	0.14894	0.03977	0.00729	0.00481	0.00142	0.01349	0.00650	0.12231	0.00540
14	0.01207	0.04516	0.13398	0.09572	0.16358	0.18236	0.14353	0.04136	0.03234	0.06094	0.00910	0.02844	0.00719	0.00458	0.00457	0.00135	0.02117	0.00401	0.00250	0.00604
15	0.01620	0.00739	0.00947	0.00757	0.01043	0.00684	0.00613	0.09925	0.03991	0.53396	0.12333	0.03986	0.04499	0.00636	0.00457	0.00138	0.00351	0.00527	0.02685	0.00673
16	0.00581	0.00421	0.00501	0.00529	0.00584	0.00392	0.00351	0.00660	0.00875	0.01152	0.14360	0.29887	0.18887	0.27551	0.01082	0.00246	0.00297	0.00926	0.00376	0.00341
17	0.01270	0.09383	0.03322	0.02159	0.01360	0.18150	0.10448	0.11127	0.02407	0.07375	0.00900	0.01022	0.00704	0.00564	0.04548	0.00139	0.00569	0.00344	0.00285	0.23925
18	0.18996	0.07519	0.01139	0.00893	0.03230	0.05187	0.03859	0.09894	0.16283	0.05396	0.08451	0.01340	0.02736	0.00547	0.00481	0.00135	0.07200	0.00411	0.00340	0.05960

[dist]
# distance from previous block
# <min> <max>
0	5

[block]
# block no. 7 follows, 59 sequences, length 38
# corresponding to MSA columns:
# 277-314
name=unknown_H
#
# <colnr> <probs for GDERKNQSTAVLIFYWHMCP>
#	G	D	E	R	K	N	Q	S	T	A	V	L	I	F	Y	W	H	M	C	P
0	0.08936	0.02429	0.09829	0.01247	0.08921	0.00991	0.16866	0.13416	0.01160	0.15935	0.01079	0.05287	0.00838	0.00504	0.00483	0.00137	0.04397	0.00439	0.00324	0.06781
1	0.01084	0.02365	0.16538	0.05422	0.04012	0.04634	0.21629	0.07399	0.01048	0.06154	0.02231	0.01363	0.02579	0.00566	0.01383	0.00155	0.14091	0.04110	0.00264	0.02972
2	0.00681	0.00405	0.00524	0.00535	0.00542	0.00400	0.00335	0.00610	0.00648	0.00858	0.01340	0.10856	0.04119	0.37380	0.01788	0.37485	0.00384	0.00606	0.00255	0.00248
3	0.00674	0.03369	0.00662	0.00662	0.02465	0.00534	0.00444	0.00894	0.10534	0.01220	0.10249	0.41538	0.02415	0.21166	0.00938	0.00227	0.00317	0.00915	0.00377	0.00399
4	0.01176	0.01016	0.01037	0.00917	0.01173	0.04246	0.00716	0.11113	0.67621	0.01912	0.01682	0.02915	0.01277	0.00599	0.00448	0.00147	0.00381	0.00492	0.00439	0.00692
5	0.00876	0.00915	0.10864	0.00773	0.01134	0.00632	0.04153	0.01102	0.00930	0.03206	0.03508	0.07452	0.03751	0.01933	0.02804	0.00120	0.00402	0.01670	0.00282	0.53493
6	0.01051	0.27714	0.46316	0.01080	0.01596	0.02122	0.02846	0.03163	0.03345	0.04014	0.00801	0.00911	0.00610	0.00426	0.00403	0.00127	0.02321	0.00314	0.00214	0.00627
7	0.75357	0.00839	0.00703	0.00610	0.00893	0.00942	0.00503	0.01420	0.00825	0.13427	0.00776	0.00830	0.00566	0.00430	0.00298	0.00137	0.00347	0.00268	0.00312	0.00517
8	0.00639	0.00429	0.00491	0.00499	0.00504	0.00427	0.00289	0.00650	0.00664	0.00885	0.01474	0.07018	0.01701	0.77653	0.02111	0.00409	0.00419	0.03183	0.00279	0.00277
9	0.00965	0.00879	0.01454	0.23214	0.25837	0.00945	0.11018	0.05345	0.03376	0.01410	0.01107	0.05339	0.03186	0.00590	0.02751	0.00157	0.03373	0.00474	0.08014	0.00566
10	0.04421	0.01188	0.01279	0.01059	0.04076	0.05772	0.03169	0.50335	0.15850	0.06538	0.01178	0.01166	0.00851	0.00526	0.00437	0.00135	0.00478	0.00410	0.00417	0.00713
11	0.00543	0.00389	0.00517	0.00618	0.00647	0.00363	0.00417	0.00624	0.00853	0.01134	0.02465	0.80695	0.04200	0.01375	0.00564	0.00180	0.00260	0.03388	0.00410	0.00360
12	0.00610	0.00433	0.00570	0.00643	0.00696	0.00417	0.00474	0.00724	0.00902	0.01199	0.09072	0.41032	0.04377	0.13553	0.00821	0.00219	0.00320	0.23179	0.00395	0.00364
13	0.12300	0.00794	0.00993	0.00776	0.01107	0.00739	0.00639	0.05854	0.03611	0.66104	0.01574	0.01391	0.01010	0.00531	0.00424	0.00137	0.00376	0.00419	0.00506	0.00717
14	0.00548	0.00402	0.00516	0.00604	0.00653	0.00371	0.00420	0.00638	0.00881	0.01150	0.02729	0.66961	0.14519	0.01333	0.00561	0.00177	0.00262	0.06501	0.00410	0.00364
15	0.00619	0.00456	0.00542	0.00535	0.00659	0.00405	0.00404	0.00774	0.01101	0.03838	0.35476	0.10516	0.36824	0.01041	0.00527	0.00150	0.00234	0.05051	0.00445	0.00403
16	0.83433	0.00849	0.00667	0.00591	0.00867	0.00974	0.00487	0.01340	0.00777	0.05875	0.00670	0.00756	0.00508	0.00417	0.00282	0.00137	0.00343	0.00249	0.00287	0.00492
17	0.01093	0.00924	0.01022	0.07668	0.01300	0.01069	0.00741	0.02222	0.71246	0.03776	0.01721	0.01653	0.01296	0.00594	0.00451	0.00150	0.00371	0.01594	0.00430	0.00679
18	0.01650	0.02105	0.01252	0.01138	0.01365	0.82705	0.00853	0.01764	0.01252	0.01081	0.00683	0.00796	0.00569	0.00455	0.00398	0.00114	0.00796	0.00284	0.00228	0.00512
19	0.59567	0.00957	0.00856	0.00713	0.01011	0.01082	0.00588	0.23547	0.01147	0.05817	0.00791	0.00849	0.00583	0.00450	0.00328	0.00136	0.00384	0.00293	0.00333	0.00567
20	0.01042	0.01191	0.02606	0.01862	0.02308	0.01117	0.80119	0.01415	0.01042	0.01415	0.00894	0.01191	0.00670	0.00372	0.00521	0.00149	0.00745	0.00521	0.00223	0.00596
21	0.87598	0.00854	0.00649	0.00581	0.00854	0.00991	0.00478	0.01298	0.00752	0.01982	0.00615	0.00717	0.00478	0.00410	0.00273	0.00137	0.00342	0.00239	0.00273	0.00478
22	0.00560	0.00449	0.00500	0.00487	0.00620	0.00389	0.00365	0.00707	0.01096	0.01406	0.32827	0.03900	0.53058	0.01039	0.00522	0.00145	0.00218	0.00883	0.00438	0.00389
23	0.75357	0.00839	0.00703	0.00610	0.00893	0.00942	0.00503	0.01420	0.00825	0.13427	0.00776	0.00830	0.00566	0.00430	0.00298	0.00137	0.00347	0.00268	0.00312	0.00517
24	0.01179	0.00988	0.01044	0.00915	0.01179	0.01136	0.00718	0.13082	0.70060	0.01977	0.01696	0.01567	0.01266	0.00590	0.00448	0.00147	0.00368	0.00485	0.00448	0.00706
25	0.01650	0.01244	0.01308	0.01013	0.01359	0.03316	0.00833	0.74570	0.05892	0.02697	0.01087	0.01083	0.00776	0.00532	0.00441	0.00133	0.00487	0.00400	0.00437	0.00743
26	0.01243	0.00769	0.00932	0.00723	0.01030	0.00686	0.00581	0.12467	0.02796	0.22904	0.18935	0.01632	0.01573	0.00546	0.00419	0.00111	0.00336	0.00452	0.00415	0.31450
27	0.00592	0.00417	0.00490	0.00523	0.00553	0.00398	0.00327	0.00636	0.00769	0.01009	0.03893	0.29940	0.12284	0.44554	0.01433	0.00304	0.00340	0.00885	0.00338	0.00314
28	0.08196	0.01061	0.01189	0.00921	0.01255	0.01133	0.00761	0.49482	0.01701	0.25480	0.01209	0.01159	0.00824	0.00533	0.00460	0.00136	0.02925	0.00399	0.00452	0.00723
29	0.00968	0.06743	0.17221	0.15139	0.03897	0.03421	0.25390	0.03011	0.01007	0.03124	0.02045	0.05293	0.04914	0.00536	0.00467	0.00145	0.00588	0.04291	0.01240	0.00559
30	0.00763	0.00386	0.00579	0.00579	0.00582	0.00388	0.00388	0.00582	0.00579	0.00775	0.00779	0.01354	0.00777	0.01586	0.04074	0.84644	0.00407	0.00386	0.00193	0.00198
31	0.00734	0.00492	0.00646	0.02408	0.00756	0.00462	0.00457	0.00967	0.03212	0.07233	0.72301	0.03089	0.03809	0.00861	0.00512	0.00139	0.00232	0.00758	0.00483	0.00448
32	0.01191	0.03209	0.01494	0.10620	0.41087	0.11583	0.01096	0.06120	0.10685	0.04549	0.01074	0.01229	0.03176	0.00466	0.00433	0.00133	0.00527	0.00406	0.00276	0.00645
33	0.01397	0.01563	0.01342	0.09653	0.19574	0.44950	0.00973	0.06226	0.01204	0.03343	0.03449	0.01085	0.02382	0.00475	0.00422	0.00124	0.00655	0.00360	0.00255	0.00566
34	0.00777	0.00516	0.00648	0.00595	0.00728	0.00495	0.00452	0.02774	0.06417	0.06973	0.62294	0.04920	0.03485	0.00839	0.00497	0.00138	0.00236	0.00734	0.06020	0.00462
35	0.02747	0.01287	0.12954	0.03459	0.01416	0.02265	0.00912	0.49690	0.08215	0.03895	0.01152	0.06052	0.00895	0.00561	0.00441	0.00137	0.00484	0.00441	0.00389	0.02609
36	0.03022	0.19212	0.22782	0.02161	0.10599	0.07210	0.04819	0.04340	0.01068	0.16853	0.02036	0.01112	0.00770	0.00455	0.00403	0.00128	0.00539	0.01571	0.00283	0.00637
37	0.00609	0.00447	0.00583	0.00672	0.02680	0.00438	0.00449	0.02590	0.00885	0.01200	0.03371	0.66361	0.06460	0.03736	0.00622	0.00179	0.02949	0.01108	0.04278	0.00382

[dist]
# distance from previous block
# <min> <max>
0	3

[block]
# block no. 8 follows, 59 sequences, length 24
# corresponding to MSA columns:
# 318-341
name=unknown_I
#
# <colnr> <probs for GDERKNQSTAVLIFYWHMCP>
#	G	D	E	R	K	N	Q	S	T	A	V	L	I	F	Y	W	H	M	C	P
0	0.03062	0.02438	0.01159	0.00871	0.01222	0.05227	0.02198	0.32417	0.06259	0.04725	0.00975	0.01030	0.00739	0.00447	0.00404	0.00107	0.01502	0.00343	0.00349	0.34526
1	0.02322	0.24320	0.26846	0.08371	0.06555	0.04009	0.02519	0.05996	0.02308	0.04130	0.00831	0.01006	0.00656	0.00429	0.00384	0.00122	0.00540	0.01647	0.00234	0.06775
2	0.04118	0.27328	0.27308	0.01085	0.07271	0.05918	0.01977	0.03753	0.03504	0.03799	0.02432	0.03101	0.00772	0.02044	0.00413	0.00127	0.00527	0.00348	0.00238	0.03937
3	0.00973	0.16575	0.43358	0.03742	0.03207	0.01172	0.18510	0.01363	0.00945	0.01321	0.00806	0.01033	0.00624	0.00426	0.00449	0.00136	0.02779	0.01769	0.00200	0.00612
4	0.00940	0.00888	0.01505	0.50288	0.23838	0.01005	0.06222	0.03436	0.02310	0.01295	0.00880	0.01286	0.00705	0.00455	0.00451	0.00145	0.00569	0.02998	0.00222	0.00561
5	0.01058	0.03465	0.16658	0.05296	0.11098	0.04505	0.10370	0.03405	0.04956	0.11494	0.05524	0.01899	0.14417	0.00607	0.00464	0.00141	0.00491	0.03245	0.00321	0.00586
6	0.01093	0.01958	0.10467	0.05949	0.10158	0.05293	0.24964	0.05185	0.04630	0.07667	0.04014	0.04045	0.00959	0.02520	0.04612	0.00179	0.04959	0.00479	0.00279	0.00589
7	0.00577	0.00434	0.00527	0.00559	0.00639	0.00400	0.00393	0.00721	0.03093	0.01305	0.22337	0.37530	0.22535	0.06079	0.00639	0.00176	0.00249	0.01007	0.00421	0.00380
8	0.01212	0.72892	0.04177	0.00802	0.01165	0.09888	0.00779	0.01357	0.00930	0.01049	0.00639	0.00760	0.00585	0.01818	0.00332	0.00103	0.00509	0.00250	0.00194	0.00558
