[name]
unknown

[dist]
# distance from previous block
# <min> <max>
0	179

[block]
# block no. 0 follows, 53 sequences, length 20
# corresponding to MSA columns:
# 306-325
name=unknown_A
#
# <colnr> <probs for GDERKNQSTAVLIFYWHMCP>
#	G	D	E	R	K	N	Q	S	T	A	V	L	I	F	Y	W	H	M	C	P
0	0.01284	0.04415	0.02763	0.01060	0.05952	0.02731	0.00820	0.29470	0.07048	0.05308	0.01648	0.15348	0.01561	0.00886	0.02126	0.00174	0.00478	0.13041	0.00425	0.03462
1	0.02315	0.02845	0.06342	0.00841	0.01078	0.02160	0.05814	0.06373	0.07004	0.09585	0.16566	0.18655	0.16621	0.00930	0.00533	0.00160	0.00380	0.00810	0.00438	0.00550
2	0.00951	0.00961	0.01040	0.00962	0.01098	0.18396	0.07784	0.01100	0.00966	0.01185	0.01484	0.23285	0.01555	0.05297	0.28776	0.00387	0.03307	0.00703	0.00303	0.00462
3	0.00631	0.00556	0.04081	0.00623	0.00743	0.00461	0.00480	0.00772	0.01021	0.01336	0.15236	0.24240	0.29347	0.09634	0.06134	0.00240	0.00366	0.03269	0.00418	0.00411
4	0.01136	0.09467	0.27148	0.01289	0.05101	0.04050	0.13462	0.04671	0.03148	0.07893	0.01400	0.08948	0.06232	0.00623	0.00520	0.00153	0.03281	0.00536	0.00301	0.00643
5	0.00922	0.00869	0.01468	0.76633	0.08562	0.01067	0.01337	0.01238	0.00965	0.01245	0.00853	0.01268	0.00645	0.00474	0.00478	0.00158	0.00632	0.00425	0.00214	0.00546
6	0.01009	0.01049	0.02139	0.04307	0.05259	0.01000	0.51939	0.01343	0.01100	0.01522	0.06507	0.05440	0.04399	0.00679	0.04089	0.00184	0.00685	0.00619	0.06143	0.00588
7	0.01019	0.09755	0.55883	0.04793	0.01876	0.06480	0.01482	0.01446	0.01008	0.01406	0.00944	0.06599	0.00784	0.00541	0.00497	0.00151	0.04047	0.00416	0.00222	0.00650
8	0.01007	0.00968	0.04601	0.15852	0.06240	0.06138	0.04771	0.01288	0.06167	0.05289	0.01324	0.16279	0.01264	0.01153	0.11552	0.00252	0.14395	0.00613	0.00302	0.00547
9	0.00640	0.05959	0.00691	0.00663	0.00737	0.00500	0.00474	0.00745	0.00968	0.01268	0.06938	0.61930	0.10875	0.01360	0.00585	0.00183	0.00293	0.04349	0.00432	0.00410
10	0.01120	0.01302	0.08541	0.01395	0.01751	0.10881	0.33639	0.05025	0.08544	0.01533	0.03360	0.05519	0.06527	0.06099	0.00656	0.00178	0.00643	0.02384	0.00311	0.00596
11	0.01014	0.02364	0.08068	0.08851	0.20943	0.07233	0.04837	0.03600	0.01093	0.01495	0.09675	0.06382	0.01419	0.02433	0.10480	0.00230	0.00624	0.02526	0.06157	0.00577
12	0.09054	0.01167	0.04604	0.09262	0.04995	0.14554	0.08753	0.02344	0.03207	0.08778	0.04353	0.01968	0.07190	0.02394	0.00622	0.00167	0.07432	0.08257	0.00329	0.00570
13	0.00891	0.00445	0.00445	0.00445	0.00557	0.00445	0.00334	0.01114	0.01002	0.01782	0.01559	0.01782	0.01225	0.00557	0.00334	0.00111	0.00223	0.00445	0.85856	0.00445
14	0.02648	0.13553	0.16831	0.09428	0.05124	0.04002	0.02750	0.18284	0.01312	0.05746	0.06250	0.03728	0.01035	0.00556	0.00485	0.00141	0.03166	0.00438	0.00321	0.04201
15	0.01096	0.02644	0.07408	0.06752	0.11124	0.07639	0.09858	0.05716	0.08682	0.04817	0.06824	0.18817	0.01585	0.01718	0.00569	0.00163	0.02971	0.00668	0.00349	0.00599
16	0.00860	0.00712	0.04712	0.00777	0.00933	0.03244	0.03806	0.02192	0.00998	0.06583	0.04790	0.16313	0.13953	0.09289	0.15112	0.01424	0.02182	0.05431	0.06226	0.00464
17	0.10529	0.02505	0.04297	0.05240	0.10653	0.04286	0.05683	0.11700	0.01216	0.08433	0.06249	0.03961	0.02647	0.04966	0.00560	0.00156	0.00484	0.02913	0.00348	0.13174
18	0.09134	0.11798	0.07372	0.07550	0.06047	0.06668	0.02118	0.05191	0.03704	0.07813	0.03209	0.10791	0.01131	0.00771	0.04003	0.00176	0.07470	0.00503	0.00315	0.04236
19	0.05326	0.08280	0.05969	0.06180	0.16780	0.05489	0.01909	0.18637	0.11833	0.03328	0.01116	0.01343	0.00895	0.00557	0.00521	0.00148	0.05384	0.03435	0.00335	0.02532

[dist]
# distance from previous block
# <min> <max>
0	19

[block]
# block no. 1 follows, 53 sequences, length 9
# corresponding to MSA columns:
# 345-353
name=unknown_B
#
# <colnr> <probs for GDERKNQSTAVLIFYWHMCP>
#	G	D	E	R	K	N	Q	S	T	A	V	L	I	F	Y	W	H	M	C	P
0	0.01029	0.06815	0.08286	0.23666	0.10356	0.00990	0.01014	0.05094	0.04596	0.01532	0.04906	0.03078	0.00962	0.00490	0.00435	0.00127	0.00499	0.00414	0.00280	0.25433
1	0.01055	0.08026	0.22202	0.01118	0.05825	0.05806	0.04229	0.06898	0.02627	0.03859	0.12375	0.10008	0.01646	0.05194	0.00595	0.00167	0.00520	0.04249	0.00334	0.03267
2	0.01187	0.12310	0.03970	0.01238	0.05271	0.01126	0.18980	0.20131	0.01353	0.03291	0.05066	0.14241	0.05217	0.00723	0.00510	0.00154	0.00525	0.03723	0.00362	0.00623
3	0.00650	0.00459	0.00568	0.00629	0.00669	0.00441	0.00428	0.00726	0.00875	0.01148	0.02379	0.35616	0.08775	0.31720	0.01289	0.00295	0.00367	0.12217	0.00386	0.00361
4	0.01214	0.23408	0.14941	0.15958	0.03625	0.06620	0.01076	0.13710	0.01172	0.01508	0.00885	0.01182	0.00743	0.07163	0.00638	0.00164	0.04735	0.00382	0.00260	0.00615
5	0.01143	0.01224	0.01345	0.01187	0.01239	0.17259	0.00957	0.01249	0.00876	0.01162	0.00865	0.09796	0.00897	0.00839	0.01239	0.00190	0.57280	0.00497	0.00242	0.00515
6	0.00614	0.00476	0.00546	0.00577	0.00686	0.00427	0.00423	0.00734	0.01036	0.01304	0.09863	0.19726	0.41896	0.10062	0.00785	0.00206	0.00293	0.09514	0.00433	0.00396
7	0.00596	0.00436	0.00548	0.00632	0.00683	0.00403	0.00430	0.00683	0.00932	0.01216	0.02898	0.60900	0.15501	0.08037	0.00752	0.00211	0.00293	0.04033	0.00431	0.00385
8	0.00654	0.00480	0.00612	0.00595	0.00704	0.00439	0.00440	0.00852	0.01276	0.01771	0.63132	0.12203	0.12943	0.01059	0.00569	0.00156	0.00233	0.00934	0.00508	0.00439

[dist]
# distance from previous block
# <min> <max>
0	2

[block]
# block no. 2 follows, 53 sequences, length 6
# corresponding to MSA columns:
# 356-361
name=unknown_C
#
# <colnr> <probs for GDERKNQSTAVLIFYWHMCP>
#	G	D	E	R	K	N	Q	S	T	A	V	L	I	F	Y	W	H	M	C	P
0	0.01008	0.04104	0.09489	0.03380	0.20193	0.05979	0.05302	0.02828	0.02472	0.02963	0.01210	0.05089	0.02500	0.01631	0.29292	0.00368	0.00841	0.00499	0.00269	0.00584
1	0.01094	0.00960	0.01263	0.05616	0.01295	0.01216	0.00906	0.16654	0.01089	0.01544	0.01172	0.18495	0.01204	0.00904	0.01084	0.00190	0.43827	0.00621	0.00313	0.00553
2	0.00967	0.01143	0.12597	0.16919	0.32368	0.00985	0.05153	0.01263	0.01043	0.01422	0.01673	0.01865	0.16672	0.00610	0.00530	0.00154	0.03206	0.00540	0.00268	0.00623
3	0.00596	0.00453	0.00535	0.00593	0.00672	0.00409	0.00413	0.00691	0.00967	0.01227	0.03342	0.41812	0.31822	0.09712	0.00781	0.00210	0.00291	0.04662	0.00428	0.00386
4	0.00719	0.00550	0.00674	0.00717	0.00807	0.00559	0.00508	0.01080	0.16780	0.01485	0.14490	0.54254	0.03028	0.01246	0.00578	0.00181	0.00290	0.01117	0.00465	0.00472
5	0.00662	0.00489	0.00705	0.00722	0.00800	0.00533	0.00544	0.00823	0.00888	0.01257	0.13757	0.18455	0.02105	0.02760	0.52534	0.00557	0.00915	0.00737	0.00336	0.00423

[dist]
# distance from previous block
# <min> <max>
0	5

[block]
# block no. 3 follows, 53 sequences, length 22
# corresponding to MSA columns:
# 367-388
name=unknown_D
#
# <colnr> <probs for GDERKNQSTAVLIFYWHMCP>
#	G	D	E	R	K	N	Q	S	T	A	V	L	I	F	Y	W	H	M	C	P
0	0.00924	0.00522	0.00612	0.00723	0.09441	0.00522	0.00460	0.01153	0.01012	0.01757	0.01486	0.01715	0.01173	0.00542	0.00350	0.00115	0.00261	0.00443	0.76308	0.00480
1	0.00892	0.00620	0.00853	0.00801	0.00933	0.00697	0.00627	0.09605	0.00965	0.05814	0.01308	0.01826	0.01171	0.05859	0.64963	0.00653	0.01118	0.00508	0.00301	0.00487
2	0.00800	0.00688	0.00719	0.00672	0.00799	0.09465	0.00504	0.01014	0.01353	0.01833	0.71133	0.03268	0.04076	0.00923	0.00549	0.00147	0.00296	0.00802	0.00495	0.00462
3	0.01063	0.00987	0.01005	0.00756	0.01137	0.09621	0.00591	0.01253	0.01015	0.01479	0.00874	0.01098	0.00756	0.05061	0.00480	0.00099	0.00417	0.00309	0.00279	0.71720
4	0.01111	0.01072	0.01828	0.02608	0.66945	0.01058	0.05706	0.01383	0.01091	0.01530	0.01343	0.01570	0.09595	0.00512	0.00489	0.00145	0.00545	0.00499	0.00260	0.00711
5	0.00676	0.00489	0.00639	0.00601	0.00714	0.00451	0.00451	0.00902	0.01353	0.01917	0.79969	0.03570	0.04510	0.00977	0.00564	0.00150	0.00225	0.00864	0.00526	0.00451
6	0.02144	0.00813	0.01109	0.00850	0.01220	0.00702	0.00702	0.02329	0.01368	0.80552	0.01886	0.01627	0.01183	0.00592	0.00481	0.00148	0.00407	0.00481	0.00592	0.00813
7	0.00891	0.00445	0.00445	0.00445	0.00557	0.00445	0.00334	0.01114	0.01002	0.01782	0.01559	0.01782	0.01225	0.00557	0.00334	0.00111	0.00223	0.00445	0.85856	0.00445
8	0.01189	0.01027	0.01081	0.00973	0.01243	0.01189	0.00757	0.02540	0.79357	0.01999	0.01945	0.01783	0.01459	0.00648	0.00486	0.00162	0.00378	0.00540	0.00486	0.00757
9	0.01785	0.02278	0.01354	0.01231	0.01478	0.81284	0.00924	0.01909	0.01354	0.01170	0.00739	0.00862	0.00616	0.00493	0.00431	0.00123	0.00862	0.00308	0.00246	0.00554
10	0.00811	0.00422	0.00608	0.00608	0.00608	0.00422	0.00397	0.00633	0.00633	0.00844	0.00927	0.01693	0.00960	0.13329	0.01949	0.73840	0.00422	0.00455	0.00219	0.00219
11	0.01183	0.01136	0.01940	0.02934	0.80221	0.01136	0.01467	0.01467	0.01088	0.01562	0.00899	0.01183	0.00757	0.00426	0.00473	0.00142	0.00568	0.00426	0.00237	0.00757
12	0.00903	0.00850	0.01434	0.82054	0.03292	0.01062	0.01327	0.01221	0.00956	0.01221	0.00850	0.01274	0.00637	0.00478	0.00478	0.00159	0.00637	0.00425	0.00212	0.00531
13	0.00658	0.00497	0.00610	0.00600	0.00716	0.00459	0.00443	0.00882	0.04143	0.01683	0.49567	0.15672	0.20112	0.01092	0.00568	0.00160	0.00243	0.00957	0.00495	0.00443
14	0.00628	0.00438	0.00555	0.00631	0.00654	0.00420	0.00412	0.00692	0.00855	0.01138	0.02272	0.53608	0.02689	0.27336	0.01189	0.00281	0.00345	0.05101	0.00395	0.00360
15	0.00746	0.00533	0.00743	0.00853	0.00952	0.00529	0.00728	0.00949	0.01077	0.01403	0.02544	0.15300	0.02803	0.01343	0.00654	0.00217	0.00419	0.67332	0.00441	0.00433
16	0.00609	0.00484	0.00553	0.00555	0.00688	0.00428	0.00417	0.00762	0.01139	0.01459	0.25396	0.09907	0.47692	0.01259	0.03585	0.00185	0.00286	0.03719	0.00460	0.00418
17	0.00927	0.00512	0.00691	0.00719	0.00828	0.00469	0.00524	0.01048	0.01039	0.17861	0.05011	0.57063	0.02759	0.01277	0.00585	0.00185	0.00316	0.07226	0.00477	0.00483
18	0.02641	0.01118	0.01147	0.03849	0.03032	0.08018	0.00803	0.12375	0.45748	0.07319	0.03977	0.01761	0.02765	0.00645	0.00485	0.00156	0.00449	0.02542	0.00453	0.00715
19	0.79454	0.03385	0.05119	0.00674	0.00995	0.01098	0.00594	0.01412	0.00829	0.02081	0.00676	0.00789	0.00525	0.00443	0.00305	0.00147	0.00392	0.00264	0.00288	0.00531
20	0.01188	0.01213	0.06881	0.03660	0.47160	0.06096	0.04669	0.06566	0.01175	0.03173	0.01212	0.05245	0.02718	0.00578	0.00496	0.00151	0.00571	0.06272	0.00287	0.00688
21	0.01265	0.00695	0.00877	0.00767	0.00940	0.00705	0.00578	0.08635	0.13333	0.19652	0.04449	0.01731	0.03465	0.03172	0.01128	0.36817	0.00407	0.00493	0.00386	0.00507

[dist]
# distance from previous block
# <min> <max>
2	4

[block]
# block no. 4 follows, 53 sequences, length 33
# corresponding to MSA columns:
# 394-426
name=unknown_E
#
# <colnr> <probs for GDERKNQSTAVLIFYWHMCP>
#	G	D	E	R	K	N	Q	S	T	A	V	L	I	F	Y	W	H	M	C	P
0	0.01376	0.02514	0.01233	0.01097	0.04381	0.12104	0.00829	0.15676	0.48964	0.02022	0.01553	0.01487	0.01171	0.00594	0.00471	0.00149	0.00479	0.00474	0.00433	0.02994
1	0.01385	0.57317	0.02240	0.01046	0.04096	0.16506	0.05121	0.05075	0.01113	0.01257	0.00725	0.00845	0.00634	0.00432	0.00357	0.00113	0.00595	0.00296	0.00228	0.00618
2	0.00916	0.00664	0.00809	0.00669	0.00932	0.00541	0.00515	0.01104	0.01112	0.08263	0.21611	0.13762	0.08328	0.00764	0.00471	0.00122	0.00306	0.00660	0.00407	0.38043
3	0.00690	0.00505	0.00633	0.00691	0.00771	0.00486	0.00496	0.06335	0.01069	0.01411	0.06661	0.57469	0.11779	0.01357	0.00597	0.00187	0.00303	0.07682	0.00450	0.00428
4	0.01396	0.08911	0.17972	0.04498	0.07192	0.07768	0.10969	0.24461	0.01443	0.06143	0.02240	0.02954	0.00843	0.00520	0.00469	0.00144	0.00615	0.00435	0.00327	0.00701
5	0.00566	0.00480	0.00488	0.00494	0.00648	0.00403	0.00368	0.00685	0.01080	0.01287	0.04721	0.08891	0.75814	0.01226	0.00567	0.00163	0.00244	0.01028	0.00444	0.00403
6	0.00997	0.00855	0.00994	0.00716	0.01136	0.00654	0.00572	0.01244	0.03346	0.01571	0.00882	0.01015	0.00731	0.00363	0.00358	0.00074	0.00355	0.00291	0.00289	0.83559
7	0.14195	0.00866	0.01070	0.00832	0.01193	0.00806	0.00686	0.07301	0.01337	0.61957	0.01633	0.01455	0.01050	0.00563	0.00451	0.00146	0.00408	0.00440	0.00533	0.03079
8	0.01521	0.24901	0.01659	0.01010	0.01344	0.11414	0.00860	0.31391	0.08991	0.03516	0.01067	0.01192	0.00851	0.00630	0.02562	0.00152	0.03641	0.02255	0.00357	0.00688
9	0.00823	0.03183	0.01090	0.02901	0.01137	0.00662	0.13858	0.04079	0.01086	0.04221	0.11681	0.39633	0.08617	0.01169	0.03371	0.00193	0.00424	0.00981	0.00406	0.00485
10	0.01799	0.00775	0.01020	0.00802	0.01131	0.00681	0.00653	0.03389	0.03459	0.59662	0.11026	0.01979	0.05867	0.00660	0.00489	0.00145	0.00375	0.00545	0.00556	0.04987
11	0.01046	0.01046	0.01464	0.01255	0.01255	0.01464	0.01046	0.01150	0.00732	0.01150	0.00627	0.01046	0.00627	0.00837	0.01569	0.00209	0.82328	0.00418	0.00209	0.00523
12	0.04213	0.02920	0.02983	0.05277	0.07259	0.10751	0.05997	0.38038	0.05141	0.09056	0.01158	0.03031	0.00868	0.00554	0.00472	0.00145	0.00568	0.00444	0.00398	0.00726
13	0.01130	0.03178	0.07030	0.09616	0.13667	0.05884	0.06444	0.06120	0.05344	0.03961	0.04556	0.03559	0.03957	0.00524	0.00453	0.00129	0.00510	0.00455	0.00309	0.23175
14	0.50575	0.02555	0.00969	0.00855	0.02895	0.15139	0.00665	0.05597	0.03110	0.04050	0.00832	0.02901	0.00678	0.00502	0.00395	0.00143	0.03141	0.00327	0.00307	0.04364
15	0.00973	0.00805	0.02844	0.00862	0.01056	0.01901	0.00711	0.12007	0.17730	0.01761	0.08490	0.11614	0.09296	0.01098	0.03197	0.00199	0.00427	0.24025	0.00448	0.00558
16	0.00746	0.00556	0.00603	0.00605	0.00655	0.02665	0.00386	0.02719	0.04782	0.01124	0.01970	0.16882	0.08504	0.51784	0.03701	0.00367	0.00440	0.00808	0.00342	0.00363
17	0.00949	0.05686	0.03666	0.11909	0.12710	0.02425	0.08596	0.01282	0.08359	0.01412	0.01538	0.20384	0.03506	0.00832	0.02672	0.00171	0.01654	0.02996	0.00319	0.08933
18	0.01266	0.05478	0.01572	0.30054	0.21330	0.07221	0.01172	0.14645	0.07571	0.03615	0.01008	0.01222	0.00773	0.00495	0.00465	0.00147	0.00585	0.00419	0.00297	0.00665
19	0.00595	0.00421	0.00551	0.00649	0.00674	0.00397	0.00426	0.00669	0.00890	0.01187	0.02507	0.73881	0.03000	0.10727	0.00816	0.00225	0.00298	0.01284	0.00426	0.00377
20	0.01674	0.01388	0.01435	0.01136	0.01479	0.11941	0.05130	0.57082	0.02970	0.02527	0.01149	0.03824	0.00885	0.00725	0.04255	0.00173	0.00611	0.00457	0.00423	0.00737
21	0.01614	0.10503	0.01528	0.01199	0.02785	0.45255	0.04647	0.15478	0.05517	0.01573	0.00969	0.01202	0.00808	0.00542	0.00448	0.00134	0.00711	0.04162	0.00305	0.00619
22	0.00658	0.00472	0.00636	0.00662	0.00714	0.00492	0.00465	0.00770	0.00856	0.01187	0.10630	0.24142	0.02231	0.21977	0.31388	0.00470	0.00694	0.00824	0.00345	0.00386
23	0.01463	0.06851	0.04590	0.01006	0.01369	0.02806	0.00848	0.34538	0.26593	0.04020	0.01335	0.01308	0.00991	0.00557	0.00454	0.00139	0.00471	0.00434	0.00428	0.09798
24	0.01064	0.07723	0.08835	0.03083	0.12546	0.00871	0.00871	0.07269	0.02035	0.08564	0.07105	0.16468	0.04519	0.00921	0.04085	0.00180	0.00478	0.06544	0.00368	0.06473
25	0.01310	0.09269	0.23213	0.01147	0.04327	0.03735	0.05179	0.08510	0.09689	0.13454	0.01168	0.02517	0.00872	0.00502	0.00443	0.00135	0.00538	0.00408	0.00336	0.13247
26	0.01047	0.16127	0.56570	0.01318	0.01921	0.02855	0.07963	0.01496	0.01010	0.01429	0.00824	0.00990	0.00618	0.00456	0.00476	0.00145	0.03517	0.00356	0.00207	0.00676
27	0.00937	0.00676	0.00922	0.17903	0.05150	0.00664	0.02349	0.02876	0.01140	0.12693	0.06657	0.03114	0.41281	0.00888	0.00528	0.00157	0.00382	0.00753	0.00406	0.00523
28	0.01157	0.09285	0.26157	0.06071	0.08759	0.04610	0.15691	0.01496	0.01066	0.09245	0.01123	0.08936	0.00946	0.00564	0.00510	0.00152	0.02803	0.00502	0.00277	0.00649
29	0.01160	0.04998	0.08909	0.06319	0.10210	0.07795	0.08360	0.08913	0.01105	0.04500	0.02338	0.03989	0.02362	0.05612	0.06870	0.02491	0.12713	0.00484	0.00284	0.00588
30	0.00778	0.00594	0.00844	0.03776	0.10808	0.00590	0.00705	0.00971	0.01066	0.01451	0.14042	0.11311	0.07566	0.07858	0.03198	0.00223	0.00419	0.28809	0.04527	0.00465
31	0.00620	0.00455	0.00587	0.00682	0.00729	0.00437	0.00466	0.00777	0.05224	0.01270	0.02661	0.74129	0.05406	0.01438	0.00603	0.00192	0.00286	0.03182	0.00446	0.00410
32	0.03038	0.04316	0.10715	0.03350	0.10914	0.14840	0.07544	0.15836	0.04121	0.15771	0.01180	0.03350	0.00896	0.00542	0.00471	0.00145	0.00599	0.01315	0.00358	0.00699

[dist]
# distance from previous block
# <min> <max>
0	1

[block]
# block no. 5 follows, 53 sequences, length 26
# corresponding to MSA columns:
# 428-453
name=unknown_F
#
# <colnr> <probs for GDERKNQSTAVLIFYWHMCP>
#	G	D	E	R	K	N	Q	S	T	A	V	L	I	F	Y	W	H	M	C	P
0	0.01372	0.15782	0.07374	0.01062	0.03083	0.14384	0.00894	0.09281	0.32707	0.05119	0.01325	0.01319	0.01014	0.00626	0.02469	0.00157	0.00547	0.00422	0.00369	0.00694
1	0.00701	0.00533	0.00778	0.00768	0.00842	0.00626	0.00590	0.00853	0.00760	0.01095	0.01270	0.01954	0.01218	0.10819	0.70235	0.00713	0.05045	0.00525	0.00257	0.00419
2	0.01263	0.17946	0.01452	0.03308	0.01330	0.11784	0.00834	0.02063	0.43609	0.01611	0.01372	0.01373	0.01075	0.00592	0.00545	0.00149	0.08220	0.00437	0.00364	0.00673
3	0.01106	0.01010	0.01650	0.15804	0.53222	0.01046	0.01282	0.01438	0.05577	0.03656	0.01269	0.04263	0.05512	0.00535	0.00485	0.00149	0.00535	0.00500	0.00276	0.00687
4	0.00673	0.00461	0.00558	0.00600	0.00620	0.00453	0.00385	0.00720	0.00799	0.01062	0.01922	0.24637	0.02231	0.52204	0.01747	0.00364	0.00411	0.09471	0.00348	0.00333
5	0.00579	0.00462	0.00520	0.00554	0.00667	0.00402	0.00397	0.00695	0.01051	0.01315	0.09777	0.30816	0.48505	0.01289	0.00580	0.00172	0.00253	0.01115	0.00450	0.00402
6	0.00696	0.00482	0.00573	0.00568	0.00645	0.00450	0.00386	0.00801	0.01004	0.03486	0.24534	0.10755	0.17413	0.32783	0.01289	0.00279	0.00335	0.02724	0.00412	0.00384
7	0.00863	0.00546	0.00709	0.00644	0.00792	0.00508	0.00491	0.01126	0.04311	0.10863	0.68131	0.03282	0.04016	0.00921	0.00551	0.00150	0.00252	0.00808	0.00532	0.00504
8	0.00903	0.00850	0.01434	0.82054	0.03292	0.01062	0.01327	0.01221	0.00956	0.01221	0.00850	0.01274	0.00637	0.00478	0.00478	0.00159	0.00637	0.00425	0.00212	0.00531
9	0.01144	0.01213	0.01501	0.01281	0.01331	0.11686	0.03965	0.01262	0.00827	0.01167	0.00655	0.01031	0.00630	0.00776	0.01385	0.00196	0.68796	0.00410	0.00215	0.00531
10	0.00991	0.00850	0.00991	0.00708	0.01133	0.00637	0.00566	0.01203	0.00991	0.01557	0.00850	0.00991	0.00708	0.00354	0.00354	0.00071	0.00354	0.00283	0.00283	0.86124
11	0.00666	0.00451	0.00530	0.00558	0.00565	0.00444	0.00329	0.00688	0.00751	0.01001	0.01793	0.23382	0.02099	0.62455	0.01970	0.00395	0.00416	0.00864	0.00329	0.00315
12	0.00959	0.02472	0.80726	0.01362	0.02069	0.01110	0.01766	0.01514	0.01009	0.01514	0.00858	0.01009	0.00605	0.00454	0.00454	0.00151	0.00706	0.00353	0.00202	0.00706
13	0.00903	0.00850	0.01434	0.82054	0.03292	0.01062	0.01327	0.01221	0.00956	0.01221	0.00850	0.01274	0.00637	0.00478	0.00478	0.00159	0.00637	0.00425	0.00212	0.00531
14	0.00582	0.00418	0.00552	0.00660	0.00692	0.00389	0.00441	0.00666	0.00921	0.01222	0.02706	0.80366	0.05640	0.01488	0.00609	0.00193	0.00276	0.01347	0.00444	0.00389
15	0.00586	0.00419	0.00558	0.00663	0.00694	0.00391	0.00444	0.00675	0.00932	0.01248	0.05683	0.79764	0.03214	0.01477	0.00608	0.00192	0.00275	0.01339	0.00447	0.00391
16	0.01817	0.01339	0.01434	0.01100	0.01482	0.01482	0.00908	0.78627	0.02247	0.03012	0.01148	0.01148	0.00813	0.00574	0.00478	0.00143	0.00526	0.00430	0.00478	0.00813
17	0.02144	0.00813	0.01109	0.00850	0.01220	0.00702	0.00702	0.02329	0.01368	0.80552	0.01886	0.01627	0.01183	0.00592	0.00481	0.00148	0.00407	0.00481	0.00592	0.00813
18	0.00685	0.00502	0.00719	0.00719	0.00788	0.00571	0.00537	0.00822	0.00754	0.01074	0.01325	0.02124	0.01302	0.19277	0.65762	0.00708	0.01119	0.00548	0.00263	0.00400
19	0.00928	0.00880	0.01462	0.71630	0.07091	0.01097	0.01312	0.01228	0.00945	0.01233	0.00835	0.01252	0.00643	0.00503	0.00563	0.00162	0.07056	0.00424	0.00213	0.00542
20	0.01785	0.02278	0.01354	0.01231	0.01478	0.81284	0.00924	0.01909	0.01354	0.01170	0.00739	0.00862	0.00616	0.00493	0.00431	0.00123	0.00862	0.00308	0.00246	0.00554
21	0.01183	0.01136	0.01940	0.02934	0.80221	0.01136	0.01467	0.01467	0.01088	0.01562	0.00899	0.01183	0.00757	0.00426	0.00473	0.00142	0.00568	0.00426	0.00237	0.00757
22	0.00615	0.00430	0.00545	0.00623	0.00643	0.00410	0.00399	0.00674	0.00851	0.01134	0.02304	0.59561	0.02745	0.25395	0.01143	0.00273	0.00332	0.01165	0.00399	0.00359
23	0.00955	0.04564	0.69110	0.01279	0.01912	0.01083	0.01605	0.01499	0.03731	0.01538	0.05121	0.01296	0.00906	0.00513	0.00463	0.00152	0.00656	0.02696	0.00236	0.00684
24	0.26151	0.05884	0.04274	0.01170	0.03769	0.01072	0.21233	0.01688	0.07542	0.16413	0.02747	0.01253	0.00887	0.00540	0.01855	0.00160	0.00531	0.00429	0.00346	0.02056
25	0.01340	0.16741	0.03517	0.07094	0.24216	0.17309	0.01122	0.09047	0.01173	0.01463	0.00806	0.01021	0.00678	0.00512	0.00586	0.00142	0.11971	0.00368	0.00250	0.00646

[dist]
# distance from previous block
# <min> <max>
2	4

[block]
# block no. 6 follows, 53 sequences, length 22
# corresponding to MSA columns:
# 458-463,465-476,479-482
name=unknown_G
#
# <colnr> <probs for GDERKNQSTAVLIFYWHMCP>
#	G	D	E	R	K	N	Q	S	T	A	V	L	I	F	Y	W	H	M	C	P
0	0.01890	0.01161	0.01317	0.01016	0.01390	0.01226	0.00837	0.51411	0.05502	0.27087	0.01414	0.01326	0.00958	0.00583	0.00479	0.00146	0.00482	0.00451	0.00514	0.00810
1	0.01138	0.05362	0.01680	0.23439	0.36161	0.03935	0.03454	0.04137	0.01092	0.03600	0.01083	0.01483	0.03013	0.00534	0.00526	0.00152	0.04115	0.04187	0.00262	0.00647
2	0.00683	0.00512	0.00768	0.00768	0.00853	0.00597	0.00597	0.00853	0.00768	0.01110	0.01280	0.01878	0.01195	0.03585	0.81308	0.00768	0.01280	0.00512	0.00256	0.00427
3	0.00695	0.00463	0.00521	0.00521	0.00521	0.00463	0.00290	0.00695	0.00695	0.00927	0.01506	0.03128	0.01738	0.83203	0.02433	0.00463	0.00463	0.00695	0.00290	0.00290
4	0.01125	0.01279	0.02762	0.01982	0.02444	0.01220	0.75137	0.01515	0.01111	0.01515	0.00952	0.01279	0.00721	0.00422	0.00607	0.00163	0.04331	0.00558	0.00240	0.00639
5	0.01430	0.05718	0.06061	0.02762	0.05514	0.02541	0.00917	0.29805	0.17956	0.08255	0.03058	0.01638	0.03873	0.00638	0.00531	0.00153	0.04229	0.03780	0.00421	0.00720
6	0.00912	0.00862	0.01436	0.76910	0.03162	0.01088	0.01309	0.01217	0.00941	0.01217	0.00835	0.01260	0.00637	0.00501	0.00547	0.00162	0.05837	0.00424	0.00212	0.00530
7	0.00664	0.00474	0.00564	0.00560	0.00619	0.00458	0.00369	0.00753	0.00927	0.01244	0.20612	0.07338	0.14236	0.41373	0.07494	0.00353	0.00425	0.00802	0.00374	0.00360
8	0.86579	0.00924	0.00702	0.00629	0.00924	0.01072	0.00518	0.01405	0.00813	0.02144	0.00666	0.00776	0.00518	0.00444	0.00296	0.00148	0.00370	0.00259	0.00296	0.00518
9	0.01028	0.00978	0.01660	0.46649	0.37716	0.01095	0.01390	0.01331	0.01015	0.01373	0.00872	0.01233	0.00691	0.00455	0.00476	0.00152	0.00606	0.00425	0.00223	0.00632
10	0.00974	0.00931	0.01572	0.14655	0.20549	0.01046	0.12357	0.01234	0.02444	0.01324	0.01065	0.03281	0.02235	0.02648	0.16711	0.00291	0.15364	0.00500	0.00246	0.00574
11	0.00565	0.00484	0.00484	0.00484	0.00646	0.00403	0.00363	0.00686	0.01089	0.01291	0.04842	0.04600	0.80027	0.01210	0.00565	0.00161	0.00242	0.01009	0.00444	0.00403
12	0.00598	0.00483	0.00532	0.00525	0.00667	0.00417	0.00392	0.00749	0.01162	0.01474	0.26964	0.06771	0.55290	0.01151	0.00566	0.00159	0.00238	0.00977	0.00468	0.00417
13	0.01112	0.01145	0.05956	0.19696	0.59752	0.01119	0.01453	0.01417	0.01056	0.01487	0.00886	0.01193	0.00724	0.00438	0.00473	0.00146	0.00590	0.00422	0.00230	0.00706
14	0.05270	0.01256	0.05040	0.10846	0.22288	0.11720	0.01101	0.06465	0.09094	0.11241	0.01071	0.01222	0.00819	0.00541	0.00586	0.00153	0.09878	0.00417	0.00317	0.00675
15	0.00672	0.00496	0.00689	0.00694	0.00765	0.00547	0.00512	0.00801	0.00783	0.01090	0.01636	0.05988	0.06910	0.19408	0.56071	0.00638	0.00997	0.00622	0.00284	0.00396
16	0.00903	0.00850	0.01434	0.82054	0.03292	0.01062	0.01327	0.01221	0.00956	0.01221	0.00850	0.01274	0.00637	0.00478	0.00478	0.00159	0.00637	0.00425	0.00212	0.00531
17	0.01081	0.01099	0.11824	0.06851	0.08584	0.00885	0.10434	0.03682	0.05569	0.07776	0.11359	0.01792	0.02767	0.00583	0.00499	0.00140	0.01796	0.04489	0.00341	0.18448
18	0.08380	0.07294	0.01493	0.03263	0.06784	0.53030	0.04851	0.01751	0.02880	0.01307	0.00774	0.00930	0.00642	0.00492	0.00474	0.00132	0.04365	0.00334	0.00249	0.00576
19	0.01648	0.00856	0.01077	0.00804	0.01198	0.00716	0.00657	0.05855	0.01257	0.43664	0.01416	0.01338	0.00966	0.00492	0.00428	0.00116	0.00391	0.00396	0.00457	0.36268
20	0.01477	0.01235	0.01238	0.01038	0.01347	0.07423	0.00827	0.33844	0.39011	0.02325	0.01502	0.01453	0.01119	0.00701	0.03097	0.00171	0.00505	0.00476	0.00457	0.00754
21	0.01382	0.01806	0.11903	0.08202	0.12701	0.41345	0.03692	0.01636	0.02622	0.01331	0.03777	0.02452	0.02558	0.00579	0.01871	0.00149	0.00733	0.00408	0.00258	0.00596

[dist]
# distance from previous block
# <min> <max>
0	2

[block]
# block no. 7 follows, 53 sequences, length 18
# corresponding to MSA columns:
# 485-502
name=unknown_H
#
# <colnr> <probs for GDERKNQSTAVLIFYWHMCP>
#	G	D	E	R	K	N	Q	S	T	A	V	L	I	F	Y	W	H	M	C	P
0	0.00750	0.00518	0.00650	0.00699	0.00781	0.00500	0.00490	0.07769	0.01064	0.04302	0.02621	0.67242	0.08061	0.01361	0.00590	0.00186	0.00302	0.01219	0.00452	0.00443
1	0.01161	0.06082	0.20985	0.10531	0.07051	0.02716	0.06034	0.08046	0.03686	0.10267	0.04525	0.11604	0.01287	0.00662	0.00493	0.00156	0.00546	0.03191	0.00336	0.00640
2	0.01221	0.02890	0.01248	0.04762	0.14204	0.19857	0.00878	0.09185	0.02538	0.03313	0.01460	0.09198	0.08180	0.03858	0.05744	0.02200	0.07832	0.00552	0.00313	0.00566
3	0.78921	0.01047	0.00761	0.00683	0.00974	0.08316	0.00554	0.01450	0.00862	0.02056	0.00672	0.00784	0.00526	0.00448	0.00308	0.00146	0.00414	0.00263	0.00291	0.00521
4	0.01392	0.48927	0.02007	0.02700	0.01322	0.16723	0.00864	0.01585	0.04050	0.06200	0.00805	0.00920	0.00684	0.00494	0.00490	0.00124	0.09544	0.00312	0.00248	0.00609
5	0.01390	0.65888	0.02264	0.00895	0.01281	0.11809	0.00839	0.08462	0.01134	0.01301	0.00717	0.00813	0.00632	0.00434	0.00338	0.00109	0.00556	0.00278	0.00234	0.00624
6	0.00676	0.00489	0.00639	0.00601	0.00714	0.00451	0.00451	0.00902	0.01353	0.01917	0.79969	0.03570	0.04510	0.00977	0.00564	0.00150	0.00225	0.00864	0.00526	0.00451
7	0.01248	0.01065	0.01170	0.01018	0.01306	0.01218	0.03204	0.09947	0.69371	0.02084	0.01837	0.01706	0.01373	0.00633	0.00488	0.00160	0.00406	0.00530	0.00478	0.00759
8	0.00695	0.00463	0.00521	0.00521	0.00521	0.00463	0.00290	0.00695	0.00695	0.00927	0.01506	0.03128	0.01738	0.83203	0.02433	0.00463	0.00463	0.00695	0.00290	0.00290
9	0.08428	0.02877	0.11069	0.14778	0.13291	0.02780	0.11729	0.10128	0.01196	0.09987	0.02366	0.04410	0.00894	0.00520	0.00469	0.00148	0.00571	0.00461	0.00312	0.03586
10	0.00959	0.02472	0.80726	0.01362	0.02069	0.01110	0.01766	0.01514	0.01009	0.01514	0.00858	0.01009	0.00605	0.00454	0.00454	0.00151	0.00706	0.00353	0.00202	0.00706
11	0.00695	0.00463	0.00521	0.00521	0.00521	0.00463	0.00290	0.00695	0.00695	0.00927	0.01506	0.03128	0.01738	0.83203	0.02433	0.00463	0.00463	0.00695	0.00290	0.00290
12	0.01089	0.00664	0.00822	0.00721	0.00921	0.00646	0.00561	0.03313	0.14034	0.18344	0.46185	0.02857	0.06182	0.00843	0.00532	0.00152	0.00296	0.00727	0.00529	0.00583
13	0.01337	0.13528	0.05691	0.04749	0.04255	0.05298	0.13475	0.10167	0.07939	0.13508	0.01326	0.09693	0.01119	0.00629	0.00522	0.00152	0.03684	0.01917	0.00356	0.00656
14	0.00688	0.00492	0.00664	0.00664	0.00713	0.00541	0.00467	0.00787	0.00737	0.01032	0.01376	0.02406	0.01424	0.37231	0.47975	0.00639	0.00935	0.00589	0.00270	0.00369
15	0.00600	0.00438	0.00565	0.00633	0.00693	0.00403	0.00437	0.00718	0.01026	0.01375	0.19200	0.58023	0.11409	0.01358	0.00596	0.00181	0.00263	0.01218	0.00461	0.00403
16	0.03243	0.00746	0.00855	0.00801	0.01000	0.00784	0.00606	0.01712	0.33133	0.13323	0.06519	0.25644	0.07756	0.00940	0.00527	0.00168	0.00335	0.00814	0.00484	0.00610
17	0.06346	0.17589	0.04461	0.08514	0.09647	0.16133	0.00956	0.06731	0.20066	0.03440	0.01095	0.01172	0.00855	0.00509	0.00426	0.00138	0.00559	0.00387	0.00316	0.00660

[dist]
# distance from previous block
# <min> <max>
2	12

[block]
# block no. 8 follows, 53 sequences, length 39
# corresponding to MSA columns:
# 515-553
name=unknown_I
#
# <colnr> <probs for GDERKNQSTAVLIFYWHMCP>
#	G	D	E	R	K	N	Q	S	T	A	V	L	I	F	Y	W	H	M	C	P
0	0.01183	0.06772	0.07140	0.04054	0.01281	0.03229	0.00806	0.10487	0.28097	0.06978	0.16753	0.02077	0.01849	0.03025	0.00546	0.00162	0.00430	0.04047	0.00434	0.00652
1	0.00960	0.00799	0.00939	0.13265	0.02385	0.07031	0.00710	0.05979	0.06583	0.03074	0.01423	0.05858	0.01393	0.23448	0.16794	0.00362	0.01972	0.06228	0.00316	0.00478
2	0.01785	0.02278	0.01354	0.01231	0.01478	0.81284	0.00924	0.01909	0.01354	0.01170	0.00739	0.00862	0.00616	0.00493	0.00431	0.00123	0.00862	0.00308	0.00246	0.00554
3	0.00959	0.02472	0.80726	0.01362	0.02069	0.01110	0.01766	0.01514	0.01009	0.01514	0.00858	0.01009	0.00605	0.00454	0.00454	0.00151	0.00706	0.00353	0.00202	0.00706
4	0.01046	0.01046	0.01464	0.01255	0.01255	0.01464	0.01046	0.01150	0.00732	0.01150	0.00627	0.01046	0.00627	0.00837	0.01569	0.00209	0.82328	0.00418	0.00209	0.00523
5	0.00830	0.00415	0.00623	0.00623	0.00623	0.00415	0.00415	0.00623	0.00623	0.00830	0.00830	0.01453	0.00830	0.01660	0.01868	0.86094	0.00415	0.00415	0.00208	0.00208
6	0.01126	0.01290	0.14606	0.16529	0.25588	0.03366	0.12651	0.01523	0.05621	0.05845	0.01115	0.03247	0.00908	0.00524	0.00496	0.00155	0.00614	0.03854	0.00275	0.00666
7	0.01067	0.00888	0.01042	0.03896	0.01235	0.00742	0.00630	0.10156	0.01154	0.01731	0.04907	0.01151	0.00911	0.00416	0.00384	0.00087	0.00378	0.00335	0.00315	0.68575
8	0.00642	0.00499	0.00535	0.00526	0.00687	0.00425	0.00401	0.00781	0.01130	0.04220	0.13092	0.04408	0.65709	0.01166	0.00565	0.00162	0.00254	0.03914	0.00458	0.00425
9	0.01245	0.05221	0.04859	0.00997	0.02757	0.07651	0.00812	0.16328	0.13697	0.07158	0.01275	0.01510	0.01039	0.04095	0.24732	0.00343	0.04850	0.00461	0.00351	0.00620
10	0.01233	0.25465	0.18061	0.06851	0.12772	0.08255	0.08224	0.07171	0.01124	0.01453	0.00817	0.01006	0.00659	0.00465	0.00479	0.00137	0.04574	0.00364	0.00236	0.00655
11	0.00582	0.00416	0.00555	0.00666	0.00693	0.00388	0.00444	0.00666	0.00915	0.01220	0.02634	0.82891	0.03161	0.01497	0.00610	0.00194	0.00277	0.01359	0.00444	0.00388
12	0.00891	0.00445	0.00445	0.00445	0.00557	0.00445	0.00334	0.01114	0.01002	0.01782	0.01559	0.01782	0.01225	0.00557	0.00334	0.00111	0.00223	0.00445	0.85856	0.00445
13	0.01113	0.01257	0.08674	0.06891	0.01605	0.10054	0.12657	0.03598	0.00974	0.03002	0.00983	0.08277	0.00927	0.04461	0.01016	0.00191	0.32991	0.00518	0.00258	0.00554
14	0.00978	0.00836	0.00977	0.00707	0.01119	0.00629	0.00562	0.01186	0.00989	0.01547	0.00906	0.03587	0.00786	0.00390	0.00362	0.00075	0.00352	0.00317	0.00288	0.83407
15	0.00891	0.00445	0.00445	0.00445	0.00557	0.00445	0.00334	0.01114	0.01002	0.01782	0.01559	0.01782	0.01225	0.00557	0.00334	0.00111	0.00223	0.00445	0.85856	0.00445
16	0.00929	0.02125	0.00966	0.00932	0.04967	0.04369	0.04067	0.07497	0.05292	0.04388	0.13913	0.33240	0.07829	0.01096	0.02399	0.00182	0.03972	0.00900	0.00420	0.00517
17	0.00628	0.00481	0.00579	0.00593	0.00711	0.00432	0.00447	0.00791	0.01159	0.01521	0.31623	0.16483	0.33160	0.01181	0.00581	0.00168	0.00261	0.08306	0.00473	0.00422
18	0.01460	0.04277	0.01700	0.04914	0.30477	0.38395	0.05791	0.03041	0.01219	0.01368	0.00818	0.01027	0.00679	0.00468	0.00478	0.00135	0.02497	0.00374	0.00243	0.00639
19	0.00683	0.00512	0.00768	0.00768	0.00853	0.00597	0.00597	0.00853	0.00768	0.01110	0.01280	0.01878	0.01195	0.03585	0.81308	0.00768	0.01280	0.00512	0.00256	0.00427
20	0.01488	0.29479	0.01700	0.01039	0.01345	0.34358	0.00860	0.05222	0.15476	0.01386	0.00949	0.01015	0.00778	0.00505	0.00428	0.00126	0.02598	0.00341	0.00285	0.00622
21	0.00638	0.00455	0.00541	0.00570	0.00618	0.00429	0.00369	0.00711	0.00908	0.01199	0.12323	0.27891	0.14814	0.34837	0.01343	0.00294	0.00341	0.00969	0.00391	0.00358
22	0.00600	0.00486	0.00532	0.00521	0.00667	0.00418	0.00390	0.00753	0.01171	0.01485	0.28147	0.04280	0.56601	0.01138	0.00565	0.00158	0.00237	0.00964	0.00469	0.00418
23	0.66146	0.01024	0.00879	0.00742	0.01059	0.01171	0.00612	0.20020	0.01159	0.02354	0.00782	0.00866	0.00589	0.00475	0.00340	0.00147	0.00407	0.00300	0.00340	0.00589
24	0.01171	0.01128	0.01899	0.02790	0.73473	0.01164	0.01431	0.01440	0.01058	0.01526	0.00876	0.01171	0.00746	0.00461	0.00567	0.00148	0.07554	0.00425	0.00234	0.00737
25	0.00703	0.00542	0.00807	0.00796	0.00876	0.00646	0.00623	0.00870	0.00766	0.01112	0.01243	0.01831	0.01163	0.03430	0.76812	0.00737	0.05850	0.00507	0.00253	0.00432
26	0.00975	0.06592	0.76749	0.01335	0.02026	0.01150	0.01718	0.01509	0.01007	0.01494	0.00848	0.00997	0.00606	0.00452	0.00447	0.00149	0.00696	0.00348	0.00202	0.00702
27	0.01304	0.01120	0.01167	0.04688	0.01385	0.04332	0.00814	0.15241	0.59819	0.02102	0.01715	0.01618	0.01280	0.00622	0.00482	0.00157	0.00434	0.00508	0.00463	0.00748
28	0.00586	0.00425	0.00546	0.00641	0.00681	0.00393	0.00429	0.00669	0.00922	0.01214	0.02797	0.71691	0.10534	0.05182	0.00689	0.00203	0.00282	0.01295	0.00437	0.00385
29	0.00878	0.00775	0.05596	0.00772	0.00943	0.03747	0.00624	0.07664	0.04985	0.04039	0.21211	0.18950	0.08411	0.03742	0.15151	0.00279	0.00526	0.00791	0.00413	0.00502
30	0.01126	0.30720	0.33272	0.03018	0.01757	0.01390	0.10566	0.04848	0.02942	0.01443	0.00880	0.02771	0.00711	0.00463	0.00419	0.00135	0.00616	0.00374	0.00234	0.02316
31	0.01278	0.83490	0.02505	0.00818	0.01227	0.01891	0.00818	0.01431	0.00971	0.01125	0.00664	0.00767	0.00613	0.00409	0.00307	0.00102	0.00511	0.00256	0.00204	0.00613
32	0.01903	0.01084	0.01264	0.00978	0.01344	0.01117	0.00805	0.41149	0.05508	0.35769	0.03094	0.01430	0.01075	0.00593	0.00481	0.00146	0.00462	0.00466	0.00528	0.00803
33	0.01310	0.08285	0.11206	0.01290	0.11694	0.13658	0.02729	0.05489	0.17456	0.09235	0.01396	0.09279	0.01189	0.00640	0.00475	0.00150	0.00542	0.02953	0.00356	0.00667
34	0.00765	0.00993	0.19969	0.00858	0.01082	0.00687	0.00800	0.01083	0.07600	0.01327	0.05230	0.25153	0.01864	0.12698	0.17352	0.00333	0.00618	0.00760	0.00333	0.00494
35	0.01002	0.00556	0.00695	0.00642	0.00819	0.00488	0.00487	0.01155	0.01185	0.21891	0.20491	0.19750	0.26850	0.01057	0.00552	0.00162	0.00288	0.00912	0.00500	0.00517
36	0.00582	0.00416	0.00555	0.00666	0.00693	0.00388	0.00444	0.00666	0.00915	0.01220	0.02634	0.82891	0.03161	0.01497	0.00610	0.00194	0.00277	0.01359	0.00444	0.00388
37	0.01105	0.07988	0.20685	0.06092	0.17694	0.04811	0.02736	0.04926	0.04611	0.01452	0.00912	0.01170	0.00750	0.00826	0.08399	0.00214	0.14340	0.00405	0.00245	0.00641
38	0.00977	0.00904	0.03584	0.20654	0.03514	0.00955	0.10375	0.07667	0.10462	0.01540	0.01562	0.15484	0.01504	0.00874	0.02352	0.00188	0.04635	0.11859	0.00343	0.00565

[dist]
# distance from previous block
# <min> <max>
5	7

[block]
# block no. 9 follows, 53 sequences, length 8
# corresponding to MSA columns:
# 562-569
name=unknown_J
#
# <colnr> <probs for GDERKNQSTAVLIFYWHMCP>
#	G	D	E	R	K	N	Q	S	T	A	V	L	I	F	Y	W	H	M	C	P
0	0.01320	0.01314	0.03679	0.11957	0.06082	0.19205	0.06623	0.10437	0.15445	0.05211	0.05600	0.03513	0.03391	0.00588	0.00481	0.00146	0.00576	0.00490	0.00352	0.03589
1	0.00695	0.00463	0.00521	0.00521	0.00521	0.00463	0.00290	0.00695	0.00695	0.00927	0.01506	0.03128	0.01738	0.83203	0.02433	0.00463	0.00463	0.00695	0.00290	0.00290
2	0.01074	0.00899	0.01036	0.00747	0.01168	0.00722	0.00601	0.09014	0.01118	0.01704	0.00880	0.01007	0.00719	0.00376	0.00366	0.00078	0.00371	0.00298	0.00303	0.77519
3	0.02613	0.03329	0.01140	0.17104	0.05830	0.00900	0.02514	0.06332	0.08428	0.06624	0.08656	0.02072	0.04285	0.13804	0.03206	0.00220	0.04236	0.03250	0.00346	0.05113
4	0.12724	0.00990	0.01280	0.10257	0.11509	0.06846	0.08673	0.03400	0.10949	0.07647	0.04378	0.10601	0.02956	0.00743	0.02500	0.00173	0.00519	0.02901	0.00352	0.00601
5	0.09742	0.02769	0.01074	0.10358	0.01355	0.00895	0.00727	0.07163	0.06518	0.08405	0.05654	0.04854	0.01131	0.00768	0.05912	0.00173	0.05600	0.00446	0.00344	0.26112
6	0.03758	0.02863	0.01566	0.07693	0.25095	0.09205	0.05845	0.07866	0.03795	0.06141	0.02502	0.01219	0.00841	0.00594	0.02638	0.00160	0.09535	0.00419	0.00293	0.07970
7	0.09325	0.01196	0.01135	0.00940	0.01268	0.11325	0.00745	0.17567	0.27293	0.05036	0.01282	0.01274	0.00967	0.00532	0.00432	0.00133	0.00465	0.00407	0.00399	0.18277

[dist]
# distance from previous block
# <min> <max>
0	2

[block]
# block no. 10 follows, 53 sequences, length 19
# corresponding to MSA columns:
# 572-590
name=unknown_K
#
# <colnr> <probs for GDERKNQSTAVLIFYWHMCP>
#	G	D	E	R	K	N	Q	S	T	A	V	L	I	F	Y	W	H	M	C	P
0	0.14419	0.01136	0.01099	0.01014	0.06646	0.13390	0.00745	0.11258	0.06241	0.01794	0.00996	0.01141	0.00796	0.00517	0.00504	0.00130	0.08354	0.00365	0.12541	0.16913
1	0.01116	0.00950	0.01018	0.00920	0.01167	0.01083	0.00713	0.02306	0.68205	0.01988	0.13100	0.02039	0.01895	0.00695	0.00497	0.00160	0.00356	0.00587	0.00492	0.00713
2	0.05583	0.01127	0.04018	0.08820	0.05391	0.03123	0.00880	0.26687	0.12941	0.09464	0.01216	0.01273	0.00896	0.00586	0.02076	0.00150	0.00498	0.00417	0.01919	0.12933
3	0.02641	0.06185	0.14387	0.04552	0.12799	0.03424	0.13026	0.17345	0.05111	0.09794	0.05196	0.01326	0.00991	0.00516	0.00478	0.00147	0.00580	0.00454	0.00342	0.00706
4	0.01184	0.02949	0.03072	0.10861	0.33945	0.13936	0.07365	0.01449	0.02747	0.01391	0.01058	0.02928	0.03909	0.00587	0.01735	0.00160	0.09381	0.00458	0.00250	0.00636
5	0.00608	0.00430	0.00561	0.00656	0.00684	0.00407	0.00439	0.00687	0.00893	0.01189	0.02468	0.67452	0.02936	0.13170	0.00873	0.00234	0.00312	0.05202	0.00421	0.00377
6	0.04144	0.09117	0.06831	0.23047	0.11104	0.14256	0.06411	0.03706	0.01097	0.03355	0.03757	0.01219	0.00832	0.00575	0.02382	0.00159	0.04571	0.00409	0.02433	0.00595
7	0.01215	0.02867	0.04810	0.08479	0.37575	0.04795	0.12294	0.06786	0.03768	0.03580	0.00966	0.01224	0.00774	0.00583	0.02751	0.02071	0.04070	0.00441	0.00267	0.00683
8	0.00840	0.00765	0.00852	0.00834	0.00943	0.12133	0.00644	0.01004	0.00852	0.01118	0.01203	0.01732	0.01112	0.03143	0.69745	0.00676	0.01220	0.00483	0.00255	0.00445
9	0.00684	0.00479	0.00602	0.00605	0.00638	0.00503	0.00396	0.00746	0.00736	0.01005	0.01561	0.04916	0.03901	0.52617	0.28056	0.00547	0.00718	0.00663	0.00287	0.00340
10	0.07552	0.09256	0.01579	0.02840	0.05602	0.01391	0.06673	0.46363	0.06197	0.04140	0.01088	0.01142	0.00802	0.00525	0.00452	0.00141	0.00523	0.00415	0.00401	0.02919
11	0.01131	0.04745	0.01469	0.02848	0.06218	0.05208	0.15713	0.06723	0.20981	0.01617	0.01353	0.01827	0.01170	0.12372	0.00763	0.00191	0.00532	0.05034	0.00340	0.09765
12	0.00667	0.00522	0.00750	0.00982	0.12061	0.00496	0.00586	0.00781	0.00948	0.01272	0.02485	0.67690	0.06273	0.01331	0.00588	0.00185	0.00317	0.01210	0.00414	0.00442
13	0.01283	0.09186	0.05198	0.01013	0.04346	0.01144	0.02243	0.26938	0.12698	0.02107	0.12403	0.01517	0.01382	0.00572	0.00453	0.00131	0.00445	0.00463	0.00397	0.16081
14	0.00874	0.02719	0.01093	0.03142	0.13749	0.00783	0.03872	0.06609	0.01045	0.01418	0.03627	0.19615	0.12959	0.04126	0.14807	0.00279	0.05058	0.00743	0.00339	0.03142
15	0.06840	0.09955	0.11414	0.01368	0.15540	0.19929	0.01023	0.10212	0.01203	0.01579	0.00861	0.01081	0.00719	0.04392	0.00543	0.00145	0.02820	0.00359	0.00269	0.09747
16	0.01158	0.03268	0.04906	0.06896	0.01569	0.03018	0.16330	0.07895	0.18559	0.08630	0.03607	0.10782	0.08246	0.00721	0.00518	0.00160	0.00502	0.02211	0.00392	0.00632
17	0.00629	0.00755	0.11977	0.00651	0.00861	0.00503	0.00584	0.00808	0.01052	0.01331	0.06555	0.20206	0.50056	0.01153	0.00558	0.00166	0.00315	0.00982	0.00412	0.00445
18	0.00949	0.00870	0.03358	0.30181	0.16215	0.00900	0.06434	0.03069	0.02861	0.02852	0.12526	0.06745	0.05165	0.00701	0.00580	0.04631	0.00514	0.00584	0.00308	0.00558

[dist]
# distance from previous block
# <min> <max>
0	18

[block]
# block no. 11 follows, 53 sequences, length 14
# corresponding to MSA columns:
# 610-623
name=unknown_L
#
# <colnr> <probs for GDERKNQSTAVLIFYWHMCP>
#	G	D	E	R	K	N	Q	S	T	A	V	L	I	F	Y	W	H	M	C	P
0	0.02372	0.12105	0.06282	0.24516	0.25571	0.02417	0.08911	0.03615	0.01059	0.03541	0.00873	0.01148	0.00694	0.00467	0.00509	0.00147	0.04477	0.00410	0.00240	0.00646
1	0.14024	0.00501	0.00586	0.00668	0.00741	0.00501	0.00468	0.00794	0.00907	0.01373	0.02323	0.67008	0.02732	0.01326	0.00563	0.00188	0.00298	0.04169	0.00420	0.00410
2	0.01094	0.13580	0.02298	0.00792	0.00995	0.00837	0.00656	0.02435	0.02167	0.16965	0.02519	0.03305	0.01208	0.06569	0.41866	0.00476	0.00873	0.00494	0.00330	0.00540
3	0.02640	0.16749	0.11129	0.16946	0.20976	0.09488	0.04424	0.09421	0.01176	0.01527	0.00849	0.01063	0.00676	0.00457	0.00438	0.00138	0.00619	0.00377	0.00249	0.00658
