[name]
unknown

[dist]
# distance from previous block
# <min> <max>
0	29

[block]
# block no. 0 follows, 56 sequences, length 9
# corresponding to MSA columns:
# 32-40
name=unknown_A
#
# <colnr> <probs for GDERKNQSTAVLIFYWHMCP>
#	G	D	E	R	K	N	Q	S	T	A	V	L	I	F	Y	W	H	M	C	P
0	0.01139	0.04961	0.07866	0.00984	0.02912	0.11249	0.04338	0.07896	0.02311	0.08432	0.02376	0.05561	0.01156	0.06498	0.12616	0.00249	0.04843	0.06117	0.00314	0.08183
1	0.01375	0.01258	0.01424	0.03821	0.16151	0.18641	0.07614	0.11678	0.10931	0.09542	0.01186	0.04789	0.00966	0.00557	0.00490	0.00141	0.02738	0.02527	0.00337	0.03834
2	0.00667	0.00465	0.00540	0.00552	0.00580	0.00466	0.00345	0.00740	0.03269	0.01002	0.01793	0.11243	0.06435	0.60974	0.05122	0.00394	0.00443	0.04336	0.00313	0.00320
3	0.00867	0.00816	0.01377	0.82762	0.03162	0.01020	0.01275	0.01173	0.00918	0.01173	0.00816	0.01224	0.00612	0.00459	0.00459	0.00153	0.00612	0.00408	0.00204	0.00510
4	0.01284	0.16236	0.11342	0.03516	0.08018	0.07448	0.16889	0.14788	0.10578	0.04014	0.01006	0.01119	0.00766	0.00465	0.00441	0.00136	0.00588	0.00405	0.00296	0.00665
5	0.03215	0.00968	0.01291	0.05155	0.19852	0.01042	0.02825	0.15905	0.18150	0.08514	0.07893	0.01630	0.02836	0.00593	0.00513	0.00147	0.04128	0.02022	0.02653	0.00668
6	0.00688	0.00450	0.00519	0.00523	0.00544	0.00456	0.00321	0.00729	0.00716	0.01003	0.01472	0.02867	0.01617	0.66683	0.07893	0.00424	0.00478	0.03433	0.08877	0.00308
7	0.03201	0.04443	0.06702	0.13974	0.25442	0.06747	0.03676	0.01303	0.01023	0.01434	0.07057	0.01231	0.00947	0.00456	0.00446	0.00125	0.02136	0.00394	0.00253	0.19012
8	0.00787	0.00573	0.00683	0.00669	0.00786	0.02653	0.00494	0.04963	0.03776	0.05561	0.18657	0.24807	0.12851	0.05547	0.14749	0.00274	0.00464	0.00846	0.00410	0.00448

[dist]
# distance from previous block
# <min> <max>
0	4

[block]
# block no. 1 follows, 56 sequences, length 14
# corresponding to MSA columns:
# 45-58
name=unknown_B
#
# <colnr> <probs for GDERKNQSTAVLIFYWHMCP>
#	G	D	E	R	K	N	Q	S	T	A	V	L	I	F	Y	W	H	M	C	P
0	0.01086	0.01101	0.03794	0.14492	0.52151	0.04077	0.05399	0.01361	0.01022	0.01419	0.00888	0.01243	0.00748	0.00451	0.00488	0.00140	0.02922	0.02615	0.00230	0.04371
1	0.03323	0.31251	0.14746	0.01247	0.06818	0.09501	0.13732	0.08229	0.01116	0.02935	0.00841	0.02756	0.00693	0.00449	0.00404	0.00127	0.00596	0.00366	0.00245	0.00625
2	0.00932	0.00676	0.00790	0.05048	0.03246	0.04555	0.00572	0.05995	0.02668	0.10766	0.19830	0.21539	0.18008	0.00952	0.00519	0.00153	0.00335	0.00822	0.00433	0.02159
3	0.00559	0.00423	0.00516	0.00583	0.00653	0.00380	0.00403	0.00656	0.00951	0.01225	0.06982	0.55325	0.27027	0.01329	0.00570	0.00175	0.00254	0.01179	0.00430	0.00380
4	0.01070	0.01151	0.01562	0.46902	0.02514	0.15978	0.12622	0.01331	0.00989	0.01200	0.00789	0.01129	0.00620	0.00489	0.00579	0.00152	0.09775	0.00406	0.00214	0.00529
5	0.00797	0.00399	0.00598	0.00598	0.00598	0.00399	0.00399	0.00598	0.00598	0.00797	0.00797	0.01396	0.00797	0.01595	0.01794	0.86643	0.00399	0.00399	0.00199	0.00199
6	0.00666	0.00450	0.00527	0.00527	0.00536	0.00459	0.00311	0.00684	0.00675	0.00909	0.01423	0.02872	0.01612	0.75030	0.11094	0.00477	0.00531	0.00648	0.00275	0.00293
7	0.00952	0.00816	0.00952	0.00680	0.01088	0.00612	0.00544	0.01156	0.00952	0.01496	0.00816	0.00952	0.00680	0.00340	0.00340	0.00068	0.00340	0.00272	0.00272	0.86672
8	0.87108	0.00888	0.00675	0.00604	0.00888	0.01030	0.00497	0.01350	0.00781	0.02060	0.00639	0.00746	0.00497	0.00426	0.00284	0.00142	0.00355	0.00249	0.00284	0.00497
9	0.01004	0.01004	0.01406	0.01205	0.01205	0.01406	0.01004	0.01105	0.00703	0.01105	0.00603	0.01004	0.00603	0.00804	0.01507	0.00201	0.83025	0.00402	0.00201	0.00502
10	0.00740	0.00528	0.00740	0.00845	0.00951	0.00528	0.00740	0.00951	0.01057	0.01374	0.02431	0.05179	0.02642	0.01268	0.00634	0.00211	0.00423	0.77912	0.00423	0.00423
11	0.43122	0.05392	0.00998	0.00811	0.01085	0.14249	0.02229	0.03627	0.12236	0.05149	0.00933	0.01022	0.00728	0.00672	0.05856	0.00178	0.00513	0.00330	0.00311	0.00556
12	0.01080	0.01025	0.01705	0.19645	0.59118	0.01079	0.01335	0.01428	0.06348	0.01459	0.00921	0.01194	0.00748	0.00434	0.00456	0.00141	0.00547	0.00416	0.00238	0.00681
13	0.87108	0.00888	0.00675	0.00604	0.00888	0.01030	0.00497	0.01350	0.00781	0.02060	0.00639	0.00746	0.00497	0.00426	0.00284	0.00142	0.00355	0.00249	0.00284	0.00497

[dist]
# distance from previous block
# <min> <max>
0	1

[block]
# block no. 2 follows, 56 sequences, length 37
# corresponding to MSA columns:
# 60-96
name=unknown_C
#
# <colnr> <probs for GDERKNQSTAVLIFYWHMCP>
#	G	D	E	R	K	N	Q	S	T	A	V	L	I	F	Y	W	H	M	C	P
0	0.00621	0.00453	0.00578	0.00652	0.00717	0.00429	0.00470	0.02670	0.00964	0.01266	0.05322	0.54597	0.12272	0.04356	0.00647	0.00193	0.00297	0.12680	0.00424	0.00391
1	0.01063	0.01015	0.01719	0.18124	0.63074	0.01051	0.01344	0.01336	0.01021	0.01427	0.00993	0.01273	0.03635	0.00446	0.00459	0.00140	0.00547	0.00429	0.00230	0.00673
2	0.01095	0.09307	0.02550	0.01775	0.03957	0.03104	0.65381	0.01441	0.01072	0.01417	0.01021	0.01286	0.03429	0.00417	0.00513	0.00148	0.00724	0.00519	0.00235	0.00609
3	0.00699	0.00515	0.00684	0.00768	0.00883	0.00500	0.00660	0.00891	0.01055	0.01347	0.02885	0.05023	0.18642	0.01247	0.00615	0.00200	0.00384	0.62164	0.00423	0.00416
4	0.01076	0.03965	0.16455	0.01771	0.02265	0.03261	0.61337	0.01474	0.01065	0.01447	0.00896	0.01165	0.00670	0.00398	0.00513	0.00150	0.00750	0.00491	0.00225	0.00626
5	0.01104	0.01194	0.03980	0.12378	0.18354	0.02541	0.45648	0.05110	0.01101	0.01494	0.00899	0.01193	0.00690	0.00417	0.00519	0.00150	0.01877	0.00481	0.00237	0.00633
6	0.01073	0.01112	0.03654	0.19528	0.38791	0.03203	0.17050	0.01401	0.03405	0.01409	0.00881	0.01176	0.00705	0.00441	0.00518	0.00147	0.04202	0.00434	0.00229	0.00643
7	0.00568	0.00406	0.00543	0.00649	0.00679	0.00380	0.00441	0.00654	0.00887	0.01182	0.02526	0.79859	0.03018	0.01430	0.00588	0.00188	0.00274	0.04928	0.00426	0.00375
8	0.01117	0.01055	0.01710	0.21471	0.57524	0.03273	0.01340	0.03036	0.01051	0.02795	0.00869	0.01155	0.00705	0.00428	0.00455	0.00140	0.00565	0.00407	0.00233	0.00673
9	0.01567	0.02855	0.01338	0.01149	0.03122	0.38312	0.03607	0.25872	0.06018	0.02881	0.01052	0.03673	0.00875	0.00570	0.00465	0.00135	0.01736	0.03813	0.00336	0.00622
10	0.00631	0.00469	0.00588	0.00558	0.00674	0.00425	0.00418	0.00830	0.01255	0.01736	0.67454	0.03602	0.17703	0.00978	0.00542	0.00146	0.00219	0.00855	0.00492	0.00425
11	0.01227	0.84142	0.02406	0.00786	0.01178	0.01817	0.00786	0.01375	0.00933	0.01080	0.00638	0.00736	0.00589	0.00393	0.00295	0.00098	0.00491	0.00245	0.00196	0.00589
12	0.00817	0.00430	0.00435	0.00439	0.00547	0.00422	0.00327	0.01018	0.00968	0.01650	0.01819	0.04761	0.08475	0.00623	0.00350	0.00114	0.00217	0.00507	0.75658	0.00422
13	0.00579	0.00462	0.00519	0.00515	0.00645	0.00401	0.00382	0.00725	0.01117	0.01431	0.29338	0.09932	0.50114	0.01110	0.00545	0.00154	0.00230	0.00948	0.00452	0.00401
14	0.00569	0.00459	0.00508	0.00518	0.00646	0.00397	0.00383	0.00702	0.01072	0.01347	0.18606	0.14735	0.54454	0.01159	0.00550	0.00158	0.00238	0.02663	0.00441	0.00395
15	0.00921	0.02375	0.81487	0.01309	0.01987	0.01066	0.01696	0.01454	0.00969	0.01454	0.00824	0.00969	0.00582	0.00436	0.00436	0.00145	0.00678	0.00339	0.00194	0.00678
16	0.00640	0.00469	0.00601	0.00568	0.00680	0.00429	0.00426	0.00848	0.01277	0.01788	0.74098	0.03516	0.11026	0.00958	0.00542	0.00145	0.00218	0.00842	0.00498	0.00429
17	0.01003	0.01000	0.01394	0.01192	0.01202	0.01386	0.00993	0.01106	0.00710	0.01115	0.00608	0.01003	0.00605	0.00792	0.01477	0.00197	0.80894	0.00398	0.00203	0.02723
18	0.01227	0.84142	0.02406	0.00786	0.01178	0.01817	0.00786	0.01375	0.00933	0.01080	0.00638	0.00736	0.00589	0.00393	0.00295	0.00098	0.00491	0.00245	0.00196	0.00589
19	0.02007	0.00866	0.01118	0.00857	0.01214	0.00801	0.00708	0.15220	0.01456	0.68137	0.01692	0.01485	0.01077	0.00565	0.00461	0.00141	0.00410	0.00454	0.00550	0.00781
20	0.00867	0.00816	0.01377	0.82762	0.03162	0.01020	0.01275	0.01173	0.00918	0.01173	0.00816	0.01224	0.00612	0.00459	0.00459	0.00153	0.00612	0.00408	0.00204	0.00510
21	0.00573	0.00469	0.00507	0.00505	0.00648	0.00403	0.00383	0.00714	0.01099	0.01369	0.20121	0.04249	0.61768	0.01121	0.00546	0.00155	0.00238	0.04291	0.00442	0.00398
22	0.00952	0.00816	0.00952	0.00680	0.01088	0.00612	0.00544	0.01156	0.00952	0.01496	0.00816	0.00952	0.00680	0.00340	0.00340	0.00068	0.00340	0.00272	0.00272	0.86672
23	0.00602	0.00443	0.00509	0.00535	0.00600	0.00410	0.00356	0.00677	0.00888	0.01142	0.08001	0.23207	0.27164	0.30534	0.01191	0.00266	0.00319	0.02427	0.00379	0.00349
24	0.01630	0.01185	0.01281	0.01013	0.01355	0.01311	0.00827	0.57044	0.19674	0.07830	0.01321	0.01270	0.00944	0.00568	0.00461	0.00142	0.00466	0.00440	0.00468	0.00769
25	0.87108	0.00888	0.00675	0.00604	0.00888	0.01030	0.00497	0.01350	0.00781	0.02060	0.00639	0.00746	0.00497	0.00426	0.00284	0.00142	0.00355	0.00249	0.00284	0.00497
26	0.00882	0.00837	0.01380	0.73744	0.02946	0.01063	0.01245	0.01165	0.00894	0.01165	0.00792	0.01200	0.00611	0.00497	0.00575	0.00158	0.09725	0.00407	0.00204	0.00509
27	0.01447	0.01750	0.01149	0.01061	0.01258	0.61039	0.00801	0.01578	0.01161	0.01123	0.00850	0.01077	0.00735	0.01172	0.19577	0.00263	0.00908	0.00345	0.02205	0.00501
28	0.01366	0.00978	0.02665	0.00940	0.04674	0.04334	0.00733	0.13435	0.07476	0.20683	0.05075	0.01422	0.03770	0.00546	0.00501	0.00125	0.05893	0.00425	0.00393	0.24568
29	0.01080	0.33603	0.09833	0.03955	0.01351	0.11454	0.07356	0.01282	0.01009	0.01228	0.06336	0.10323	0.04906	0.00613	0.00459	0.00132	0.03790	0.00487	0.00261	0.00544
30	0.00655	0.00442	0.00515	0.00527	0.00534	0.00442	0.00308	0.00671	0.00695	0.00931	0.01562	0.12286	0.01804	0.70736	0.05680	0.00428	0.00459	0.00734	0.00294	0.00295
31	0.01205	0.01111	0.01643	0.10671	0.20776	0.04214	0.15266	0.17396	0.09156	0.01707	0.01037	0.01319	0.00837	0.05973	0.00658	0.00167	0.05462	0.00457	0.00299	0.00644
32	0.01120	0.11621	0.06170	0.15210	0.07344	0.09734	0.07102	0.09250	0.02458	0.01383	0.00879	0.01158	0.00731	0.00945	0.12860	0.00233	0.10587	0.00397	0.00246	0.00571
33	0.01217	0.01048	0.01127	0.00969	0.01246	0.03583	0.03608	0.14650	0.57501	0.01994	0.01847	0.01737	0.06134	0.00631	0.00472	0.00152	0.00407	0.00524	0.00448	0.00705
34	0.00573	0.00441	0.00525	0.00567	0.00660	0.00393	0.00407	0.00693	0.01018	0.01310	0.15569	0.36724	0.34352	0.01244	0.00563	0.00168	0.00250	0.03712	0.00438	0.00390
35	0.04938	0.00984	0.04836	0.00899	0.01173	0.01006	0.04125	0.18399	0.31905	0.03814	0.01723	0.06632	0.06053	0.02122	0.00489	0.00152	0.00399	0.00544	0.09163	0.00642
36	0.59159	0.01095	0.00871	0.02172	0.01074	0.11630	0.00615	0.09625	0.03009	0.05969	0.00789	0.00867	0.00596	0.00458	0.00336	0.00139	0.00439	0.00292	0.00314	0.00552

[dist]
# distance from previous block
# <min> <max>
0	2

[block]
# block no. 3 follows, 56 sequences, length 27
# corresponding to MSA columns:
# 99-125
name=unknown_D
#
# <colnr> <probs for GDERKNQSTAVLIFYWHMCP>
#	G	D	E	R	K	N	Q	S	T	A	V	L	I	F	Y	W	H	M	C	P
0	0.00845	0.00506	0.00633	0.00609	0.00753	0.00450	0.00457	0.00992	0.01121	0.15327	0.24416	0.23507	0.24735	0.01069	0.00541	0.00159	0.00268	0.02673	0.00473	0.00466
1	0.01107	0.01061	0.01811	0.11484	0.72564	0.01083	0.01394	0.01383	0.01032	0.01464	0.00858	0.01146	0.00715	0.00414	0.00455	0.00138	0.00553	0.00409	0.00225	0.00704
2	0.00952	0.00816	0.00952	0.00680	0.01088	0.00612	0.00544	0.01156	0.00952	0.01496	0.00816	0.00952	0.00680	0.00340	0.00340	0.00068	0.00340	0.00272	0.00272	0.86672
3	0.01023	0.00995	0.01362	0.01174	0.01202	0.01362	0.00976	0.03292	0.05221	0.01208	0.00750	0.01191	0.00723	0.00803	0.01390	0.00197	0.73306	0.03078	0.00230	0.00520
4	0.00553	0.00463	0.00481	0.00481	0.00628	0.00391	0.00359	0.00676	0.01063	0.01291	0.11267	0.07140	0.71332	0.01153	0.00544	0.00155	0.00232	0.00969	0.00433	0.00391
5	0.00591	0.00415	0.00533	0.00614	0.00637	0.00395	0.00403	0.00657	0.00836	0.01113	0.02273	0.61969	0.02703	0.20701	0.00997	0.00248	0.00314	0.03858	0.00391	0.00353
6	0.00636	0.00466	0.00596	0.00569	0.00679	0.00426	0.00424	0.00837	0.01258	0.01755	0.70141	0.06611	0.11929	0.00980	0.00543	0.00147	0.00220	0.00862	0.00494	0.00426
7	0.00564	0.00401	0.00531	0.00633	0.00659	0.00376	0.00420	0.00640	0.00870	0.01160	0.02485	0.80207	0.02979	0.04875	0.00659	0.00197	0.00274	0.01279	0.00420	0.00369
8	0.01718	0.02089	0.01309	0.01169	0.01420	0.73164	0.00885	0.10367	0.01395	0.01318	0.00753	0.00858	0.00612	0.00482	0.00419	0.00120	0.00792	0.00309	0.00261	0.00560
9	0.01136	0.01091	0.01863	0.02818	0.81002	0.01091	0.01409	0.01409	0.01045	0.01500	0.00864	0.01136	0.00727	0.00409	0.00455	0.00136	0.00545	0.00409	0.00227	0.00727
10	0.00985	0.00860	0.01311	0.08495	0.38581	0.02340	0.01027	0.02661	0.02848	0.02789	0.11917	0.02279	0.05418	0.00671	0.00494	0.00151	0.00459	0.12745	0.03376	0.00593
11	0.01227	0.84142	0.02406	0.00786	0.01178	0.01817	0.00786	0.01375	0.00933	0.01080	0.00638	0.00736	0.00589	0.00393	0.00295	0.00098	0.00491	0.00245	0.00196	0.00589
12	0.00588	0.00431	0.00573	0.00687	0.02121	0.00409	0.00458	0.00706	0.02787	0.01203	0.02535	0.75848	0.04881	0.01389	0.00581	0.00185	0.00277	0.03528	0.00423	0.00390
13	0.01167	0.00686	0.00793	0.00687	0.00925	0.00650	0.00541	0.06156	0.13099	0.25669	0.04304	0.06353	0.35338	0.00873	0.00504	0.00151	0.00318	0.00727	0.00479	0.00581
14	0.03764	0.43063	0.17620	0.00896	0.01303	0.07953	0.00918	0.03885	0.02150	0.02971	0.02082	0.01174	0.07215	0.00489	0.00368	0.00118	0.00519	0.00349	0.00247	0.02919
15	0.01155	0.01006	0.02757	0.08411	0.20694	0.05911	0.03035	0.10976	0.08098	0.06423	0.02880	0.07942	0.03401	0.00637	0.00475	0.00144	0.00482	0.06924	0.00341	0.08307
16	0.02849	0.04132	0.06545	0.20161	0.28254	0.05478	0.02677	0.13169	0.07794	0.01635	0.00946	0.01150	0.00737	0.00471	0.00466	0.00142	0.02063	0.00402	0.00275	0.00657
17	0.00785	0.03368	0.04644	0.00935	0.04370	0.00717	0.06990	0.02801	0.00884	0.01221	0.01570	0.18062	0.03039	0.13815	0.19433	0.00341	0.06600	0.07885	0.02090	0.00448
18	0.01001	0.01100	0.10165	0.03604	0.13084	0.03438	0.19169	0.07100	0.02762	0.03053	0.05158	0.08136	0.12741	0.00732	0.02207	0.00165	0.03453	0.02037	0.00313	0.00580
19	0.04236	0.07681	0.04714	0.15335	0.12997	0.06529	0.02477	0.06439	0.02678	0.05002	0.02375	0.01175	0.02629	0.00451	0.00408	0.00119	0.00494	0.00371	0.00279	0.23612
20	0.01188	0.01058	0.06475	0.11532	0.12980	0.04928	0.02354	0.20144	0.03015	0.06269	0.09198	0.08413	0.01328	0.00703	0.03004	0.00160	0.00507	0.00524	0.02496	0.03725
21	0.00665	0.00485	0.00531	0.00514	0.00670	0.00413	0.00387	0.00798	0.01093	0.06962	0.14997	0.07903	0.60744	0.01103	0.00539	0.00154	0.00243	0.00930	0.00447	0.00421
22	0.00891	0.00927	0.12477	0.03329	0.14085	0.00726	0.03160	0.02504	0.05504	0.06309	0.17337	0.13454	0.13864	0.00815	0.00508	0.00153	0.00401	0.02630	0.00376	0.00551
23	0.01278	0.19213	0.18231	0.06736	0.09592	0.10725	0.07023	0.12560	0.04609	0.04518	0.00903	0.01030	0.00694	0.00456	0.00420	0.00132	0.00597	0.00364	0.00270	0.00652
24	0.01173	0.01041	0.05423	0.15414	0.19180	0.04957	0.10808	0.02991	0.05118	0.13185	0.05786	0.01579	0.03732	0.00651	0.03540	0.00169	0.02229	0.02084	0.00316	0.00623
25	0.00565	0.00411	0.00530	0.00616	0.00659	0.00379	0.00416	0.00655	0.00914	0.01210	0.07135	0.69531	0.10566	0.03309	0.00620	0.00187	0.00264	0.01231	0.00427	0.00376
26	0.01187	0.01165	0.01657	0.22582	0.22587	0.11490	0.13171	0.05929	0.05514	0.04166	0.00965	0.01255	0.00764	0.00483	0.00507	0.00146	0.03581	0.01966	0.00264	0.00621

[dist]
# distance from previous block
# <min> <max>
0	4

[block]
# block no. 4 follows, 56 sequences, length 70
# corresponding to MSA columns:
# 130-199
name=unknown_E
#
# <colnr> <probs for GDERKNQSTAVLIFYWHMCP>
#	G	D	E	R	K	N	Q	S	T	A	V	L	I	F	Y	W	H	M	C	P
0	0.07869	0.07759	0.26304	0.01360	0.09252	0.06407	0.13301	0.07256	0.01070	0.01537	0.00883	0.01173	0.00719	0.02616	0.00530	0.00148	0.04233	0.02719	0.00246	0.04618
1	0.37073	0.02404	0.15381	0.04347	0.05991	0.09829	0.00863	0.01374	0.00935	0.02935	0.04636	0.01033	0.00772	0.00560	0.02944	0.00156	0.02802	0.00331	0.00266	0.05369
2	0.00846	0.00656	0.00709	0.00680	0.00824	0.04081	0.00509	0.05548	0.09276	0.05697	0.07569	0.21342	0.26311	0.04670	0.04303	0.00198	0.02329	0.01825	0.02157	0.00472
3	0.01326	0.06797	0.15193	0.04475	0.05309	0.09822	0.15146	0.26744	0.02554	0.01853	0.00958	0.01151	0.00738	0.01920	0.00486	0.00143	0.00613	0.01458	0.00304	0.03010
4	0.01313	0.10828	0.05242	0.03436	0.05585	0.34703	0.00969	0.01466	0.01021	0.01160	0.00702	0.00929	0.00617	0.00620	0.02588	0.00156	0.24964	0.00336	0.00219	0.03148
5	0.00626	0.00483	0.00572	0.00547	0.00677	0.00438	0.00411	0.00838	0.03592	0.01625	0.50691	0.03737	0.32063	0.01011	0.00540	0.00149	0.00227	0.00871	0.00475	0.00425
6	0.00581	0.00437	0.00528	0.00569	0.00649	0.00396	0.00399	0.00693	0.00993	0.01297	0.17219	0.38121	0.26654	0.07167	0.00691	0.00188	0.00263	0.02342	0.00430	0.00382
7	0.00666	0.00460	0.00565	0.00559	0.00578	0.00467	0.01624	0.00696	0.00696	0.00937	0.01483	0.07944	0.01682	0.68377	0.11009	0.00456	0.00526	0.00686	0.00283	0.00304
8	0.01194	0.00995	0.01055	0.00937	0.01204	0.01143	0.00732	0.06060	0.74472	0.04008	0.01831	0.01680	0.01365	0.00618	0.00467	0.00155	0.00371	0.00513	0.00469	0.00731
9	0.01679	0.06106	0.01371	0.01197	0.03302	0.73055	0.00894	0.04833	0.01311	0.01200	0.00725	0.00842	0.00602	0.00471	0.00411	0.00118	0.00792	0.00301	0.00243	0.00549
10	0.00943	0.00544	0.00586	0.00554	0.00680	0.00555	0.00414	0.10716	0.01084	0.03759	0.01585	0.11054	0.01411	0.08710	0.00572	0.00155	0.00287	0.01962	0.53969	0.00460
11	0.01108	0.01069	0.01770	0.13924	0.67196	0.02436	0.01368	0.01404	0.02616	0.01456	0.00874	0.01155	0.00722	0.00421	0.00455	0.00139	0.00556	0.00409	0.00229	0.00694
12	0.01387	0.46855	0.01891	0.00970	0.02854	0.27465	0.00824	0.04942	0.04952	0.01224	0.00784	0.02513	0.00690	0.00458	0.00358	0.00112	0.00590	0.00307	0.00239	0.00584
13	0.02493	0.02928	0.09761	0.01523	0.01955	0.03103	0.47118	0.05883	0.01109	0.01540	0.02609	0.03118	0.00835	0.00454	0.00510	0.00142	0.02102	0.01589	0.00259	0.10968
14	0.01264	0.03086	0.01669	0.09122	0.14013	0.09269	0.16499	0.17465	0.05811	0.03120	0.01000	0.02969	0.00809	0.01903	0.01602	0.00160	0.08856	0.00452	0.00297	0.00634
15	0.05109	0.07398	0.00644	0.00503	0.00645	0.04360	0.00393	0.01134	0.00960	0.01629	0.01348	0.01576	0.01081	0.02606	0.00372	0.00117	0.00278	0.00404	0.68999	0.00446
16	0.01274	0.04308	0.04310	0.11226	0.24131	0.07253	0.02484	0.12749	0.03586	0.08306	0.00990	0.02553	0.00783	0.00496	0.00506	0.00136	0.05680	0.00405	0.00298	0.08525
17	0.76536	0.00998	0.03191	0.02723	0.01014	0.04627	0.00579	0.03208	0.00846	0.01997	0.00663	0.00777	0.00513	0.00432	0.00303	0.00141	0.00396	0.00261	0.00281	0.00511
18	0.00762	0.00507	0.00644	0.00634	0.00759	0.00470	0.00483	0.02227	0.02263	0.07853	0.36770	0.19194	0.15042	0.01066	0.00552	0.00161	0.00272	0.09418	0.00473	0.00451
19	0.01078	0.01026	0.01713	0.11928	0.49838	0.02506	0.09123	0.02361	0.03935	0.02421	0.04869	0.05116	0.01020	0.00499	0.00474	0.00143	0.00544	0.00487	0.00264	0.00657
20	0.01163	0.09058	0.05869	0.07947	0.47671	0.02338	0.06588	0.06935	0.05200	0.01547	0.00908	0.01126	0.00733	0.00433	0.00445	0.00136	0.00559	0.00403	0.00250	0.00690
21	0.00567	0.00442	0.00515	0.00552	0.00652	0.00390	0.00396	0.00684	0.01018	0.01299	0.14206	0.34222	0.39728	0.01238	0.00560	0.00166	0.00246	0.02293	0.00437	0.00389
22	0.00645	0.00490	0.00648	0.02745	0.05372	0.00468	0.00508	0.00767	0.00955	0.01260	0.11211	0.33780	0.15734	0.13039	0.00820	0.00213	0.00324	0.10227	0.00396	0.00398
23	0.00972	0.00832	0.00974	0.00703	0.01099	0.00653	0.00564	0.02997	0.00974	0.01518	0.00817	0.00957	0.00680	0.00358	0.00375	0.00073	0.02598	0.00279	0.00274	0.82302
24	0.00820	0.00605	0.02935	0.04242	0.03359	0.00569	0.00599	0.01089	0.10419	0.08936	0.02239	0.53138	0.03504	0.01147	0.00548	0.00175	0.00331	0.04441	0.00423	0.00481
25	0.01517	0.00674	0.00902	0.00772	0.01031	0.00603	0.00633	0.01714	0.02752	0.49852	0.07633	0.07362	0.07425	0.00811	0.00511	0.00158	0.00365	0.14126	0.00518	0.00641
26	0.00933	0.00941	0.02921	0.03872	0.10579	0.04208	0.23783	0.01278	0.07880	0.01481	0.11551	0.05415	0.13631	0.00691	0.00544	0.00153	0.03227	0.02953	0.03410	0.00550
27	0.01226	0.22814	0.09907	0.06235	0.21251	0.12755	0.04737	0.05530	0.03960	0.01378	0.00814	0.00994	0.00670	0.00457	0.00473	0.00131	0.05450	0.00354	0.00235	0.00631
28	0.00625	0.00451	0.00608	0.00737	0.04581	0.00420	0.00480	0.00723	0.00918	0.03029	0.02636	0.67987	0.10427	0.01337	0.00574	0.00181	0.00283	0.03180	0.00420	0.00402
29	0.00633	0.00515	0.00542	0.00521	0.00678	0.00458	0.00395	0.05332	0.01132	0.01402	0.13316	0.04081	0.63466	0.03356	0.00588	0.00162	0.00256	0.02319	0.00434	0.00414
30	0.02337	0.03486	0.05523	0.06876	0.19940	0.09736	0.05374	0.17651	0.05124	0.04299	0.02739	0.10780	0.01126	0.00613	0.00471	0.00145	0.00532	0.02282	0.00329	0.00636
31	0.05409	0.10329	0.11661	0.03220	0.08725	0.32651	0.03758	0.13824	0.03537	0.01552	0.00832	0.00952	0.00655	0.00465	0.00416	0.00129	0.00656	0.00340	0.00269	0.00620
32	0.01628	0.01201	0.01296	0.01015	0.01357	0.01321	0.00839	0.71019	0.02040	0.02724	0.01353	0.01503	0.04776	0.00623	0.00474	0.00143	0.00487	0.05006	0.00456	0.00741
33	0.03975	0.21499	0.06193	0.01068	0.02725	0.33055	0.04094	0.06239	0.07577	0.01371	0.03346	0.01050	0.00815	0.00621	0.04363	0.00153	0.00661	0.00348	0.00266	0.00582
34	0.00867	0.00816	0.01377	0.82762	0.03162	0.01020	0.01275	0.01173	0.00918	0.01173	0.00816	0.01224	0.00612	0.00459	0.00459	0.00153	0.00612	0.00408	0.00204	0.00510
35	0.00764	0.00562	0.00761	0.00753	0.00820	0.00615	0.00550	0.00859	0.00782	0.01115	0.01359	0.02204	0.01349	0.23508	0.59308	0.00662	0.02752	0.00563	0.00285	0.00429
36	0.01664	0.02103	0.01309	0.01184	0.01404	0.76205	0.00896	0.01781	0.01258	0.01122	0.00702	0.00841	0.00592	0.00497	0.00493	0.00124	0.06760	0.00303	0.00234	0.00530
37	0.00867	0.00816	0.01377	0.82762	0.03162	0.01020	0.01275	0.01173	0.00918	0.01173	0.00816	0.01224	0.00612	0.00459	0.00459	0.00153	0.00612	0.00408	0.00204	0.00510
38	0.01515	0.02834	0.15574	0.01050	0.01447	0.02714	0.02822	0.32189	0.13718	0.17348	0.01319	0.01354	0.00946	0.00555	0.00459	0.00144	0.00503	0.02358	0.00419	0.00733
39	0.18775	0.05669	0.30431	0.01193	0.01647	0.08426	0.14710	0.06307	0.01047	0.03049	0.00828	0.01007	0.00630	0.02114	0.00477	0.00148	0.02322	0.00362	0.00248	0.00610
40	0.00992	0.03709	0.46154	0.01173	0.03783	0.06586	0.04161	0.03811	0.02381	0.03710	0.10620	0.05750	0.04027	0.00583	0.00462	0.00145	0.00573	0.00483	0.00280	0.00617
41	0.01086	0.05304	0.11691	0.06059	0.28928	0.02541	0.01072	0.06254	0.03579	0.06503	0.03079	0.12228	0.02875	0.00697	0.02746	0.00161	0.02007	0.00537	0.00302	0.02351
42	0.01252	0.31493	0.30403	0.01087	0.02899	0.06180	0.01146	0.17599	0.01223	0.01599	0.00809	0.00908	0.00629	0.00446	0.00389	0.00125	0.00582	0.00320	0.00253	0.00660
43	0.00800	0.00598	0.00808	0.02853	0.00882	0.00683	0.01538	0.02660	0.05454	0.03770	0.01300	0.03464	0.01277	0.27635	0.35924	0.00497	0.08604	0.00549	0.00282	0.00421
44	0.01388	0.01334	0.02753	0.02798	0.02224	0.24947	0.05876	0.19859	0.11681	0.02964	0.02587	0.01275	0.00937	0.00525	0.00427	0.00130	0.00543	0.00410	0.16735	0.00608
45	0.00648	0.00474	0.00576	0.00582	0.00703	0.00426	0.00443	0.00808	0.01126	0.03650	0.31980	0.14518	0.31467	0.01113	0.00556	0.00161	0.00257	0.09637	0.00459	0.00417
46	0.00731	0.00522	0.00730	0.00835	0.00937	0.00521	0.00725	0.00936	0.01048	0.01364	0.02436	0.08984	0.02661	0.01276	0.00632	0.00210	0.00415	0.74192	0.00423	0.00420
47	0.00589	0.00467	0.00526	0.00515	0.00648	0.00409	0.00386	0.00742	0.01131	0.01457	0.32698	0.04034	0.49043	0.03050	0.00587	0.00159	0.00236	0.02468	0.00452	0.00403
48	0.00585	0.00491	0.00509	0.00503	0.00656	0.00430	0.00378	0.00765	0.04850	0.01314	0.10086	0.04203	0.68658	0.02552	0.00571	0.00160	0.00244	0.02207	0.00432	0.00406
49	0.87108	0.00888	0.00675	0.00604	0.00888	0.01030	0.00497	0.01350	0.00781	0.02060	0.00639	0.00746	0.00497	0.00426	0.00284	0.00142	0.00355	0.00249	0.00284	0.00497
50	0.00646	0.00469	0.00609	0.00574	0.00684	0.00432	0.00431	0.00860	0.01292	0.01822	0.78387	0.03460	0.06716	0.00946	0.00542	0.00145	0.00217	0.00835	0.00503	0.00432
51	0.00952	0.00816	0.00952	0.00680	0.01088	0.00612	0.00544	0.01156	0.00952	0.01496	0.00816	0.00952	0.00680	0.00340	0.00340	0.00068	0.00340	0.00272	0.00272	0.86672
52	0.01715	0.02188	0.01301	0.01183	0.01419	0.82022	0.00887	0.01833	0.01301	0.01124	0.00710	0.00828	0.00591	0.00473	0.00414	0.00118	0.00828	0.00296	0.00237	0.00532
53	0.00656	0.00468	0.00608	0.00573	0.00681	0.00433	0.00430	0.00873	0.01289	0.01837	0.78363	0.03377	0.04236	0.00926	0.00535	0.00143	0.00217	0.00818	0.03102	0.00433
54	0.87108	0.00888	0.00675	0.00604	0.00888	0.01030	0.00497	0.01350	0.00781	0.02060	0.00639	0.00746	0.00497	0.00426	0.00284	0.00142	0.00355	0.00249	0.00284	0.00497
55	0.01136	0.01091	0.01863	0.02818	0.81002	0.01091	0.01409	0.01409	0.01045	0.01500	0.00864	0.01136	0.00727	0.00409	0.00455	0.00136	0.00545	0.00409	0.00227	0.00727
56	0.01745	0.01286	0.01378	0.01056	0.01424	0.01424	0.00873	0.79471	0.02159	0.02893	0.01102	0.01102	0.00781	0.00551	0.00459	0.00138	0.00505	0.00413	0.00459	0.00781
57	0.01715	0.01271	0.01361	0.01050	0.01412	0.01410	0.00865	0.75668	0.06009	0.02845	0.01140	0.01132	0.00811	0.00555	0.00460	0.00139	0.00498	0.00419	0.00460	0.00778
58	0.00567	0.00412	0.00531	0.00619	0.00662	0.00381	0.00419	0.00654	0.00905	0.01194	0.05089	0.69531	0.10807	0.03868	0.00634	0.00190	0.00269	0.02472	0.00424	0.00374
59	0.00568	0.00480	0.00493	0.00495	0.00645	0.00415	0.00369	0.00727	0.03965	0.01271	0.05617	0.09320	0.71740	0.01157	0.00543	0.00157	0.00239	0.00971	0.00429	0.00400
60	0.01715	0.02188	0.01301	0.01183	0.01419	0.82022	0.00887	0.01833	0.01301	0.01124	0.00710	0.00828	0.00591	0.00473	0.00414	0.00118	0.00828	0.00296	0.00237	0.00532
61	0.01112	0.00700	0.00982	0.18414	0.03302	0.00734	0.00763	0.03077	0.05976	0.19808	0.22300	0.02370	0.02018	0.02149	0.00560	0.00159	0.02877	0.08872	0.03269	0.00560
62	0.00562	0.00405	0.00533	0.00634	0.00669	0.00376	0.00428	0.00646	0.00891	0.01179	0.02638	0.78098	0.07050	0.01421	0.00585	0.00185	0.00267	0.02633	0.00426	0.00375
63	0.00867	0.00816	0.01377	0.82762	0.03162	0.01020	0.01275	0.01173	0.00918	0.01173	0.00816	0.01224	0.00612	0.00459	0.00459	0.00153	0.00612	0.00408	0.00204	0.00510
64	0.01569	0.01713	0.01286	0.01151	0.03735	0.47607	0.00869	0.20882	0.01461	0.01620	0.06114	0.01144	0.02157	0.00554	0.00510	0.00131	0.06218	0.00381	0.00310	0.00589
65	0.01100	0.01095	0.01257	0.30578	0.10665	0.16457	0.00998	0.06767	0.07061	0.01424	0.07499	0.03404	0.02963	0.00705	0.04442	0.00173	0.02103	0.00468	0.00287	0.00556
66	0.01063	0.01128	0.01110	0.01002	0.01094	0.21827	0.00788	0.01196	0.02261	0.01113	0.01124	0.02900	0.06053	0.06269	0.17071	0.00296	0.32524	0.00463	0.00247	0.00472
67	0.00606	0.00446	0.00576	0.00666	0.00720	0.00428	0.00470	0.00762	0.04758	0.01234	0.02612	0.66402	0.07487	0.01364	0.00583	0.00186	0.00286	0.09590	0.00428	0.00396
68	0.14728	0.01160	0.01403	0.19681	0.25356	0.12599	0.01078	0.07411	0.01062	0.01529	0.00787	0.01034	0.00637	0.00484	0.00533	0.00145	0.09162	0.00367	0.00248	0.00596
69	0.04740	0.00987	0.01622	0.08557	0.62420	0.01003	0.01247	0.01305	0.01016	0.01468	0.01150	0.05457	0.05011	0.00515	0.00461	0.00142	0.00511	0.01474	0.00251	0.00662

[dist]
# distance from previous block
# <min> <max>
0	1

[block]
# block no. 5 follows, 56 sequences, length 17
# corresponding to MSA columns:
# 201-217
name=unknown_F
#
# <colnr> <probs for GDERKNQSTAVLIFYWHMCP>
#	G	D	E	R	K	N	Q	S	T	A	V	L	I	F	Y	W	H	M	C	P
0	0.21820	0.01037	0.02644	0.09824	0.19450	0.03423	0.00912	0.13893	0.03464	0.13706	0.01006	0.01106	0.00740	0.00470	0.00410	0.00137	0.00473	0.00371	0.00335	0.04779
1	0.10890	0.01302	0.01406	0.04300	0.23425	0.19171	0.01008	0.12817	0.01189	0.05570	0.00843	0.01022	0.00676	0.00519	0.00597	0.00144	0.13846	0.00368	0.00281	0.00625
2	0.05810	0.00807	0.01042	0.00811	0.01146	0.00737	0.00666	0.08587	0.01360	0.65573	0.07210	0.01617	0.01301	0.00586	0.00459	0.00142	0.00387	0.00474	0.00542	0.00744
3	0.01423	0.00811	0.00976	0.00827	0.01085	0.00820	0.00652	0.13867	0.18726	0.30627	0.09934	0.14909	0.01773	0.00756	0.00491	0.00152	0.00365	0.00640	0.00500	0.00668
4	0.01150	0.00984	0.01569	0.07881	0.07665	0.00976	0.19270	0.05173	0.01045	0.09639	0.00930	0.01133	0.00722	0.00470	0.00600	0.00131	0.12987	0.00403	0.00282	0.26989
5	0.00702	0.00524	0.00659	0.00616	0.00740	0.00509	0.00464	0.01034	0.09687	0.01849	0.72370	0.03247	0.04020	0.00905	0.00534	0.00146	0.00232	0.00797	0.00501	0.00464
6	0.87108	0.00888	0.00675	0.00604	0.00888	0.01030	0.00497	0.01350	0.00781	0.02060	0.00639	0.00746	0.00497	0.00426	0.00284	0.00142	0.00355	0.00249	0.00284	0.00497
7	0.15604	0.00873	0.01022	0.00803	0.01144	0.03749	0.00659	0.05421	0.01256	0.60208	0.01527	0.01369	0.00987	0.00535	0.00428	0.00139	0.00405	0.00414	0.00498	0.02957
8	0.00868	0.00879	0.07595	0.02487	0.08164	0.07227	0.00697	0.03044	0.04997	0.03266	0.38450	0.05087	0.13784	0.00816	0.00507	0.00145	0.00363	0.00701	0.00412	0.00511
9	0.01862	0.00788	0.01045	0.00792	0.01157	0.00664	0.00651	0.02044	0.01249	0.67045	0.01633	0.01453	0.01055	0.00527	0.00440	0.00129	0.00382	0.00428	0.00515	0.16141
10	0.87108	0.00888	0.00675	0.00604	0.00888	0.01030	0.00497	0.01350	0.00781	0.02060	0.00639	0.00746	0.00497	0.00426	0.00284	0.00142	0.00355	0.00249	0.00284	0.00497
11	0.00584	0.00467	0.00522	0.00509	0.00646	0.00405	0.00381	0.00739	0.01144	0.01472	0.34060	0.04036	0.51261	0.01076	0.00542	0.00151	0.00226	0.00915	0.00457	0.00405
12	0.01142	0.00986	0.01038	0.00934	0.01194	0.01142	0.00727	0.02440	0.80172	0.01920	0.01869	0.01713	0.01401	0.00623	0.00467	0.00156	0.00363	0.00519	0.00467	0.00727
13	0.00897	0.00847	0.01431	0.73833	0.11856	0.01028	0.01290	0.01199	0.00932	0.01209	0.00821	0.01214	0.00625	0.00453	0.00458	0.00151	0.00605	0.00408	0.00207	0.00534
14	0.01781	0.01228	0.01342	0.01029	0.01395	0.01338	0.00850	0.70665	0.02062	0.11835	0.01183	0.01155	0.00821	0.00553	0.00460	0.00138	0.00492	0.00419	0.00472	0.00781
15	0.00646	0.00466	0.00613	0.00600	0.00700	0.00433	0.00451	0.00848	0.01241	0.01743	0.67902	0.11831	0.04095	0.01010	0.00552	0.00153	0.00234	0.05564	0.00492	0.00426
16	0.07998	0.00744	0.01030	0.00934	0.01106	0.00784	0.09542	0.11437	0.03440	0.03055	0.01831	0.28877	0.01939	0.00999	0.00601	0.00178	0.05435	0.19181	0.00386	0.00503

[dist]
# distance from previous block
# <min> <max>
0	1

[block]
# block no. 6 follows, 56 sequences, length 71
# corresponding to MSA columns:
# 219-289
name=unknown_G
#
# <colnr> <probs for GDERKNQSTAVLIFYWHMCP>
#	G	D	E	R	K	N	Q	S	T	A	V	L	I	F	Y	W	H	M	C	P
0	0.01001	0.01037	0.04979	0.39671	0.30872	0.02405	0.06632	0.01298	0.00977	0.01325	0.00832	0.01164	0.00658	0.00444	0.00493	0.00146	0.03243	0.00410	0.00216	0.02195
1	0.00566	0.00469	0.00498	0.00500	0.00646	0.00401	0.00381	0.00700	0.01077	0.01320	0.13679	0.04342	0.67258	0.01142	0.00548	0.00157	0.00241	0.05245	0.00436	0.00395
2	0.01106	0.01065	0.01820	0.10517	0.69747	0.01094	0.02906	0.01379	0.01024	0.01457	0.00853	0.01143	0.00712	0.00424	0.00485	0.00140	0.02794	0.00411	0.00224	0.00698
3	0.00582	0.00469	0.00521	0.00522	0.00659	0.00408	0.00398	0.00728	0.01103	0.01391	0.22632	0.06366	0.55145	0.01124	0.00550	0.00157	0.00243	0.06157	0.00445	0.00400
4	0.01428	0.01121	0.01151	0.00934	0.01209	0.09715	0.04255	0.44139	0.01655	0.02253	0.01234	0.06239	0.00989	0.00585	0.00433	0.00132	0.00468	0.00464	0.20958	0.00638
5	0.01037	0.10507	0.54335	0.01223	0.01756	0.08931	0.03212	0.01479	0.03688	0.01370	0.00830	0.00988	0.00631	0.00543	0.02699	0.00158	0.05420	0.00344	0.00210	0.00638
6	0.01295	0.40225	0.04681	0.01240	0.14684	0.15290	0.02198	0.07918	0.01136	0.01370	0.04128	0.00995	0.00797	0.00449	0.00375	0.00116	0.00554	0.00331	0.01604	0.00613
7	0.00952	0.00816	0.00952	0.00680	0.01088	0.00612	0.00544	0.01156	0.00952	0.01496	0.00816	0.00952	0.00680	0.00340	0.00340	0.00068	0.00340	0.00272	0.00272	0.86672
8	0.00867	0.06343	0.00953	0.00886	0.07105	0.00681	0.02082	0.03627	0.06705	0.04822	0.04040	0.42722	0.02048	0.00959	0.00497	0.00151	0.00341	0.00854	0.01563	0.12752
9	0.00639	0.00484	0.00562	0.00557	0.00674	0.00443	0.00417	0.02254	0.01102	0.01446	0.28647	0.05416	0.34821	0.10706	0.00755	0.00190	0.00276	0.08343	0.01866	0.00401
10	0.00668	0.00494	0.00712	0.00731	0.02323	0.00558	0.00530	0.00801	0.00730	0.01039	0.01266	0.02033	0.01245	0.19636	0.64343	0.00667	0.01058	0.00526	0.00252	0.00389
11	0.00654	0.00482	0.00626	0.00683	0.00775	0.00462	0.00532	0.00846	0.03307	0.01411	0.19304	0.28511	0.12402	0.01219	0.00584	0.00181	0.00307	0.26857	0.00443	0.00414
12	0.00574	0.00421	0.00525	0.00595	0.00643	0.00393	0.00400	0.00654	0.00876	0.01144	0.02717	0.55799	0.16676	0.11879	0.04247	0.00237	0.00324	0.01130	0.00400	0.00365
13	0.01227	0.84142	0.02406	0.00786	0.01178	0.01817	0.00786	0.01375	0.00933	0.01080	0.00638	0.00736	0.00589	0.00393	0.00295	0.00098	0.00491	0.00245	0.00196	0.00589
14	0.01158	0.00994	0.01047	0.00938	0.01200	0.01150	0.00731	0.04530	0.78056	0.01947	0.01848	0.01696	0.01385	0.00621	0.00467	0.00155	0.00367	0.00516	0.00467	0.00728
15	0.00952	0.00816	0.00952	0.00680	0.01088	0.00612	0.00544	0.01156	0.00952	0.01496	0.00816	0.00952	0.00680	0.00340	0.00340	0.00068	0.00340	0.00272	0.00272	0.86672
16	0.87108	0.00888	0.00675	0.00604	0.00888	0.01030	0.00497	0.01350	0.00781	0.02060	0.00639	0.00746	0.00497	0.00426	0.00284	0.00142	0.00355	0.00249	0.00284	0.00497
17	0.00551	0.00465	0.00477	0.00474	0.00625	0.00391	0.00356	0.00675	0.01067	0.01288	0.10713	0.04339	0.74723	0.01145	0.00543	0.00154	0.00231	0.00958	0.00433	0.00391
18	0.00650	0.00465	0.00597	0.00667	0.00720	0.00453	0.00458	0.05036	0.03017	0.01289	0.04179	0.72227	0.02823	0.01362	0.00616	0.03140	0.00285	0.01194	0.00423	0.00400
19	0.01101	0.01248	0.20761	0.01100	0.03705	0.00950	0.07809	0.03527	0.26479	0.09899	0.01663	0.06223	0.05940	0.00634	0.00478	0.00151	0.00476	0.03504	0.00369	0.03984
20	0.00952	0.00816	0.00952	0.00680	0.01088	0.00612	0.00544	0.01156	0.00952	0.01496	0.00816	0.00952	0.00680	0.00340	0.00340	0.00068	0.00340	0.00272	0.00272	0.86672
21	0.01408	0.01399	0.01421	0.08102	0.16491	0.24307	0.03114	0.20619	0.10909	0.01732	0.01004	0.01140	0.00785	0.00603	0.03260	0.00158	0.02190	0.00397	0.00314	0.00649
22	0.00581	0.00465	0.00520	0.00509	0.00645	0.00404	0.00380	0.00733	0.01134	0.01454	0.31829	0.05609	0.51944	0.01088	0.00543	0.00152	0.00227	0.00926	0.00455	0.00404
23	0.02905	0.08266	0.03914	0.06342	0.12886	0.08145	0.04148	0.12662	0.12044	0.05897	0.01125	0.01211	0.02618	0.00480	0.00422	0.00125	0.00498	0.00393	0.00320	0.15599
24	0.01464	0.40105	0.04445	0.00997	0.01327	0.38742	0.00866	0.04966	0.01157	0.01191	0.00697	0.00802	0.00598	0.00438	0.00361	0.00111	0.00653	0.00279	0.00226	0.00574
25	0.00851	0.10125	0.00865	0.00654	0.00837	0.00680	0.00525	0.01141	0.09995	0.07624	0.25054	0.08765	0.23557	0.00931	0.00509	0.00151	0.00301	0.06502	0.00438	0.00494
26	0.00965	0.05607	0.62350	0.01247	0.01792	0.04239	0.01500	0.01399	0.00944	0.01372	0.00850	0.01026	0.01873	0.00538	0.01757	0.00158	0.11190	0.00354	0.00201	0.00638
27	0.01145	0.01953	0.00908	0.00816	0.01031	0.00776	0.00671	0.09194	0.18882	0.15233	0.10253	0.02958	0.05732	0.00851	0.00518	0.00164	0.00373	0.23701	0.04252	0.00588
28	0.82906	0.00873	0.00682	0.00608	0.00887	0.01005	0.00499	0.01350	0.00789	0.03846	0.00670	0.00781	0.00520	0.00460	0.00328	0.02397	0.00357	0.00257	0.00288	0.00496
29	0.00628	0.00445	0.00595	0.00690	0.00739	0.00430	0.00510	0.00741	0.00913	0.01207	0.02387	0.50442	0.02770	0.09922	0.00783	0.00221	0.00334	0.25456	0.00410	0.00379
30	0.01090	0.01043	0.01780	0.16596	0.67586	0.01079	0.01386	0.01368	0.01023	0.01444	0.00855	0.01151	0.00707	0.00418	0.00455	0.00139	0.00557	0.00409	0.00223	0.00690
31	0.00559	0.00400	0.00533	0.00639	0.00666	0.00373	0.00426	0.00639	0.00879	0.01172	0.02530	0.83566	0.03036	0.01438	0.00586	0.00186	0.00266	0.01305	0.00426	0.00373
32	0.03580	0.00795	0.01063	0.00819	0.01171	0.00702	0.00676	0.03505	0.02734	0.77157	0.01779	0.01543	0.01124	0.00566	0.00459	0.00142	0.00391	0.00458	0.00559	0.00775
33	0.00642	0.00421	0.00562	0.00649	0.00694	0.00390	0.00440	0.00727	0.00903	0.05591	0.02491	0.79045	0.02932	0.01390	0.00579	0.00184	0.00273	0.01259	0.00434	0.00395
34	0.00857	0.00464	0.00524	0.00498	0.00623	0.00443	0.00377	0.01065	0.01086	0.06784	0.24458	0.02334	0.06137	0.00685	0.00405	0.00122	0.00227	0.00573	0.51890	0.00450
35	0.31121	0.01009	0.03737	0.00811	0.01149	0.04771	0.00686	0.12593	0.01236	0.36738	0.01225	0.01164	0.00823	0.00508	0.00397	0.00140	0.00425	0.00370	0.00427	0.00668
36	0.01088	0.00737	0.00759	0.00678	0.00872	0.02331	0.00527	0.13790	0.19076	0.04508	0.01759	0.04111	0.06652	0.00626	0.00405	0.00130	0.00314	0.00507	0.40569	0.00561
37	0.00668	0.00499	0.00617	0.00674	0.00754	0.00491	0.00492	0.02114	0.07715	0.01300	0.04627	0.44206	0.11554	0.07941	0.00717	0.00204	0.00315	0.14279	0.00420	0.00414
38	0.01067	0.01194	0.03906	0.01779	0.05526	0.01085	0.62897	0.01446	0.02577	0.01483	0.00927	0.01201	0.00707	0.00387	0.00509	0.00143	0.00699	0.00497	0.00241	0.11728
39	0.01241	0.81807	0.02374	0.00797	0.01185	0.04102	0.00788	0.01388	0.00943	0.01081	0.00640	0.00739	0.00589	0.00395	0.00298	0.00099	0.00501	0.00247	0.00198	0.00588
40	0.01010	0.01004	0.01391	0.01194	0.01205	0.01395	0.00993	0.01161	0.04067	0.01139	0.00656	0.01034	0.00636	0.00796	0.01463	0.00199	0.79526	0.00407	0.00212	0.00512
41	0.00594	0.03952	0.00615	0.00633	0.00687	0.00439	0.00438	0.00688	0.00920	0.01221	0.08419	0.70473	0.06539	0.01344	0.00568	0.00178	0.00271	0.01209	0.00422	0.00387
42	0.00640	0.00469	0.00600	0.00568	0.00680	0.00429	0.00426	0.00848	0.01277	0.01788	0.73991	0.03517	0.11134	0.00958	0.00542	0.00145	0.00218	0.00843	0.00498	0.00429
43	0.84165	0.00900	0.00744	0.00649	0.00940	0.01034	0.03194	0.01354	0.00792	0.02040	0.00649	0.00763	0.00504	0.00425	0.00293	0.00142	0.00369	0.00259	0.00282	0.00501
44	0.00970	0.01685	0.46380	0.01046	0.01549	0.00919	0.01194	0.08666	0.01072	0.01580	0.04992	0.01277	0.00907	0.06842	0.00568	0.00152	0.00545	0.00386	0.02235	0.17034
45	0.02392	0.11461	0.36340	0.02272	0.04474	0.01084	0.02943	0.03569	0.06123	0.01420	0.01253	0.04155	0.07363	0.00698	0.04179	0.00171	0.06554	0.00443	0.00255	0.02852
46	0.00820	0.00737	0.00704	0.00690	0.00825	0.10701	0.00515	0.01038	0.07491	0.03382	0.11372	0.18951	0.29211	0.04542	0.00636	0.00172	0.02795	0.04568	0.00405	0.00446
47	0.00577	0.00463	0.00521	0.00551	0.00676	0.00407	0.00419	0.00705	0.01033	0.01276	0.07621	0.17372	0.53833	0.01211	0.00562	0.00167	0.00263	0.11521	0.00430	0.00392
48	0.02020	0.00783	0.01055	0.00812	0.01161	0.00685	0.00670	0.03960	0.01324	0.77394	0.01787	0.01556	0.01129	0.00567	0.00458	0.00141	0.00388	0.00460	0.02879	0.00772
49	0.01227	0.84142	0.02406	0.00786	0.01178	0.01817	0.00786	0.01375	0.00933	0.01080	0.00638	0.00736	0.00589	0.00393	0.00295	0.00098	0.00491	0.00245	0.00196	0.00589
50	0.00656	0.00489	0.00725	0.00725	0.00803	0.00567	0.00558	0.00812	0.00734	0.01056	0.01241	0.01868	0.01176	0.07729	0.77799	0.00722	0.01188	0.00501	0.00248	0.00403
51	0.00561	0.00405	0.00532	0.00633	0.00668	0.00376	0.00427	0.00646	0.00891	0.01179	0.02646	0.77877	0.07318	0.01420	0.00584	0.00185	0.00267	0.02581	0.00426	0.00375
52	0.00559	0.00400	0.00533	0.00639	0.00666	0.00373	0.00426	0.00639	0.00879	0.01172	0.02530	0.83566	0.03036	0.01438	0.00586	0.00186	0.00266	0.01305	0.00426	0.00373
53	0.00660	0.00476	0.00657	0.00657	0.00711	0.00530	0.00473	0.00768	0.00714	0.01006	0.01303	0.02212	0.01325	0.30810	0.54922	0.00638	0.00963	0.00552	0.00257	0.00365
54	0.00787	0.00421	0.00626	0.00624	0.00629	0.00435	0.00426	0.00625	0.00619	0.00834	0.00882	0.04762	0.00899	0.01648	0.05341	0.76691	0.02876	0.00440	0.00211	0.00225
55	0.00579	0.00412	0.00546	0.00647	0.00678	0.00389	0.00441	0.00664	0.00880	0.01171	0.02461	0.73139	0.02929	0.06146	0.00690	0.00203	0.00288	0.06950	0.00417	0.00371
56	0.01715	0.02188	0.01301	0.01183	0.01419	0.82022	0.00887	0.01833	0.01301	0.01124	0.00710	0.00828	0.00591	0.00473	0.00414	0.00118	0.00828	0.00296	0.00237	0.00532
57	0.02365	0.01039	0.01714	0.09522	0.64165	0.01075	0.01308	0.04535	0.01059	0.01512	0.00932	0.04726	0.00813	0.00475	0.00487	0.00142	0.02757	0.00446	0.00244	0.00686
58	0.01282	0.01502	0.03041	0.04604	0.01535	0.32949	0.12132	0.01500	0.04575	0.01206	0.00786	0.01058	0.00676	0.02196	0.02019	0.00169	0.27606	0.00391	0.00233	0.00539
59	0.19192	0.02688	0.12827	0.09698	0.14385	0.13843	0.09966	0.06462	0.01077	0.02712	0.00809	0.00998	0.00626	0.00449	0.00442	0.00141	0.02469	0.00361	0.00253	0.00604
