[name]
unknown

[dist]
# distance from previous block
# <min> <max>
0	13

[block]
# block no. 0 follows, 67 sequences, length 113
# corresponding to MSA columns:
# 13-125
name=unknown_A
#
# <colnr> <probs for GDERKNQSTAVLIFYWHMCP>
#	G	D	E	R	K	N	Q	S	T	A	V	L	I	F	Y	W	H	M	C	P
0	0.00570	0.00411	0.00539	0.00510	0.00605	0.00380	0.00385	0.00759	0.01130	0.01598	0.81250	0.03032	0.03749	0.00827	0.00475	0.00128	0.00194	0.02641	0.00440	0.00378
1	0.00978	0.00938	0.01602	0.07518	0.78460	0.00949	0.01224	0.01218	0.00906	0.01293	0.00752	0.00997	0.00629	0.00360	0.00397	0.00120	0.00480	0.00357	0.00197	0.00624
2	0.00496	0.00358	0.00469	0.00546	0.00581	0.00331	0.00370	0.00578	0.00811	0.01083	0.10128	0.73629	0.06730	0.01202	0.00506	0.00158	0.00227	0.01086	0.00379	0.00331
3	0.00575	0.00424	0.00599	0.00603	0.00655	0.00479	0.00445	0.00682	0.00640	0.00907	0.01187	0.07985	0.01210	0.20102	0.59420	0.00547	0.02464	0.00513	0.00232	0.00333
4	0.03299	0.00725	0.00913	0.00710	0.00999	0.00680	0.00584	0.14798	0.01228	0.60799	0.01435	0.01299	0.00935	0.00489	0.00388	0.00120	0.00341	0.00390	0.09221	0.00647
5	0.00500	0.00364	0.00472	0.00544	0.00587	0.00336	0.00375	0.00587	0.00822	0.01091	0.10228	0.67459	0.10380	0.01187	0.00506	0.00157	0.00230	0.03462	0.00379	0.00333
6	0.04755	0.01019	0.00999	0.00839	0.01075	0.10862	0.00665	0.37316	0.16333	0.04933	0.03000	0.10244	0.01047	0.00579	0.00430	0.00127	0.02894	0.00454	0.01850	0.00580
7	0.00524	0.00408	0.00476	0.00459	0.00573	0.00360	0.00344	0.00673	0.01033	0.01366	0.46641	0.03395	0.40487	0.00910	0.00473	0.00130	0.00196	0.00781	0.00410	0.00360
8	0.00536	0.00366	0.00469	0.00534	0.00557	0.00347	0.00348	0.00591	0.00732	0.02370	0.01971	0.63250	0.02333	0.21624	0.00879	0.00217	0.00274	0.01949	0.00343	0.00312
9	0.00591	0.00455	0.00663	0.00656	0.00714	0.00537	0.00504	0.00715	0.00647	0.00930	0.01128	0.07794	0.01118	0.08111	0.66402	0.00556	0.07412	0.00486	0.00225	0.00354
10	0.00993	0.00953	0.01628	0.02462	0.83404	0.00953	0.01231	0.01231	0.00913	0.01310	0.00754	0.00993	0.00635	0.00357	0.00397	0.00119	0.00476	0.00357	0.00199	0.00635
11	0.49281	0.02354	0.02675	0.00749	0.03256	0.12520	0.00597	0.11756	0.03201	0.07852	0.00734	0.00796	0.00551	0.00411	0.00324	0.00121	0.01767	0.00270	0.00280	0.00505
12	0.00910	0.06951	0.01966	0.00656	0.00934	0.03155	0.00536	0.06798	0.09024	0.04670	0.09354	0.03834	0.07075	0.00491	0.00377	0.00095	0.02054	0.00396	0.00302	0.40420
13	0.02548	0.09221	0.01128	0.00881	0.01114	0.27875	0.02416	0.06769	0.26399	0.05575	0.01135	0.01236	0.02615	0.00501	0.00414	0.00120	0.03475	0.03543	0.00303	0.02730
14	0.02583	0.04412	0.15073	0.01015	0.02632	0.09285	0.06855	0.39843	0.02729	0.06018	0.03255	0.00999	0.00731	0.00455	0.00413	0.00121	0.02299	0.00355	0.00316	0.00610
15	0.04329	0.00658	0.00874	0.00684	0.00965	0.00584	0.00560	0.03395	0.01147	0.68675	0.12299	0.01550	0.01337	0.00535	0.00408	0.00124	0.00322	0.00439	0.00480	0.00635
16	0.00849	0.00737	0.00948	0.22466	0.06972	0.00834	0.00742	0.04106	0.35215	0.01439	0.10490	0.02575	0.08809	0.00580	0.00421	0.00133	0.00363	0.01459	0.00334	0.00526
17	0.00752	0.00507	0.00654	0.01811	0.00749	0.00518	0.01954	0.02661	0.12922	0.05801	0.05426	0.22558	0.09732	0.01002	0.00756	0.22367	0.02167	0.03397	0.03014	0.01251
18	0.00490	0.00352	0.00465	0.00553	0.00581	0.00327	0.00371	0.00562	0.00778	0.01035	0.03629	0.82018	0.04869	0.01243	0.00510	0.00162	0.00231	0.01125	0.00373	0.00327
19	0.01019	0.00952	0.01606	0.02397	0.80135	0.00952	0.01209	0.02964	0.00938	0.02857	0.00774	0.00999	0.00643	0.00363	0.00397	0.00119	0.00473	0.00358	0.00208	0.00637
20	0.02514	0.00921	0.01043	0.00823	0.01119	0.00976	0.00673	0.40624	0.15763	0.27498	0.01274	0.01188	0.00878	0.00495	0.00399	0.00124	0.00382	0.00389	0.02254	0.00665
21	0.01590	0.00748	0.01038	0.00800	0.01100	0.00695	0.06600	0.09101	0.06571	0.60268	0.06031	0.01407	0.01107	0.00505	0.00412	0.00125	0.00365	0.00426	0.00457	0.00652
22	0.00621	0.00464	0.00659	0.00644	0.00717	0.00537	0.00495	0.03745	0.00688	0.00988	0.01075	0.01622	0.01017	0.09912	0.70321	0.00580	0.03322	0.00437	0.01793	0.00363
23	0.01084	0.64628	0.13389	0.00790	0.01152	0.11110	0.00807	0.01257	0.00857	0.00994	0.00587	0.00681	0.00514	0.00357	0.00287	0.00094	0.00486	0.00231	0.00175	0.00520
24	0.00508	0.00364	0.00483	0.00545	0.00586	0.00339	0.00374	0.00607	0.00859	0.01168	0.22226	0.65216	0.02932	0.01149	0.00502	0.00154	0.00222	0.01038	0.00389	0.00339
25	0.04672	0.04923	0.16276	0.06243	0.01899	0.01027	0.49922	0.06299	0.02302	0.01358	0.00791	0.01002	0.00590	0.00363	0.00429	0.00130	0.00607	0.00406	0.00212	0.00549
26	0.01459	0.01099	0.01151	0.00901	0.01204	0.03682	0.00737	0.69114	0.09621	0.03436	0.01033	0.01024	0.00741	0.00485	0.00398	0.00121	0.00431	0.00368	0.02330	0.00664
27	0.00584	0.00391	0.00446	0.00447	0.00453	0.00390	0.00258	0.00595	0.00611	0.00818	0.04252	0.02683	0.01563	0.80792	0.01949	0.00374	0.00381	0.02508	0.00253	0.00251
28	0.20429	0.01103	0.01058	0.00840	0.01136	0.07733	0.00687	0.56651	0.01546	0.02225	0.00843	0.00874	0.00614	0.00449	0.00363	0.00119	0.00433	0.00319	0.00350	0.02230
29	0.00578	0.00398	0.00484	0.00485	0.00503	0.00412	0.00303	0.00612	0.00604	0.00819	0.01270	0.03578	0.02393	0.65136	0.20376	0.00440	0.00537	0.00560	0.00240	0.00271
30	0.00583	0.00389	0.00437	0.00437	0.00437	0.00389	0.00243	0.00583	0.00583	0.00778	0.01264	0.02624	0.01458	0.85906	0.02041	0.00389	0.00389	0.00583	0.00243	0.00243
31	0.00936	0.01155	0.08378	0.01650	0.02069	0.01008	0.76009	0.01284	0.00939	0.01284	0.00805	0.01064	0.00601	0.00341	0.00466	0.00135	0.00670	0.00460	0.00200	0.00545
32	0.00770	0.00725	0.01225	0.80631	0.06977	0.00894	0.01120	0.01035	0.00808	0.01040	0.00715	0.01065	0.00540	0.00399	0.00401	0.00133	0.00532	0.00356	0.00179	0.00455
33	0.63054	0.00918	0.00758	0.00676	0.02566	0.07276	0.00534	0.12816	0.04433	0.02817	0.00683	0.00753	0.00521	0.00400	0.00290	0.00122	0.00364	0.00256	0.00276	0.00488
34	0.01375	0.01045	0.01134	0.07088	0.01302	0.02910	0.00752	0.60330	0.10892	0.03304	0.01026	0.01044	0.00741	0.00477	0.00396	0.00121	0.00429	0.00367	0.02826	0.02440
35	0.00611	0.00425	0.00537	0.00512	0.00624	0.00386	0.00393	0.00781	0.01076	0.05219	0.57826	0.03205	0.19273	0.00865	0.00476	0.00132	0.00212	0.06637	0.00425	0.00384
36	0.00957	0.02382	0.03810	0.05584	0.16044	0.02833	0.59738	0.01269	0.00934	0.01265	0.00787	0.01047	0.00604	0.00347	0.00449	0.00131	0.00631	0.00436	0.00200	0.00552
37	0.00823	0.04536	0.80168	0.01128	0.01707	0.02225	0.01448	0.01273	0.00850	0.01256	0.00713	0.00839	0.00508	0.00380	0.00377	0.00125	0.00590	0.00293	0.00170	0.00588
38	0.00587	0.00404	0.00449	0.00446	0.00463	0.00403	0.00259	0.00628	0.03014	0.00827	0.01481	0.02683	0.07486	0.77139	0.01878	0.00363	0.00373	0.00599	0.00257	0.00262
39	0.00625	0.00455	0.00616	0.00697	0.00795	0.00446	0.00604	0.00799	0.00922	0.01186	0.02365	0.04441	0.12386	0.01096	0.00544	0.00179	0.00349	0.70760	0.00370	0.00365
40	0.16222	0.00810	0.00946	0.00781	0.01033	0.01909	0.06571	0.11559	0.23962	0.18717	0.03182	0.03061	0.01987	0.02035	0.00413	0.00133	0.00358	0.01435	0.04318	0.00569
41	0.00583	0.00389	0.00437	0.00437	0.00437	0.00389	0.00243	0.00583	0.00583	0.00778	0.01264	0.02624	0.01458	0.85906	0.02041	0.00389	0.00389	0.00583	0.00243	0.00243
42	0.00900	0.00481	0.00624	0.00547	0.00696	0.00434	0.00419	0.01060	0.01078	0.23680	0.48612	0.02549	0.07582	0.07073	0.00567	0.00145	0.00246	0.00628	0.02232	0.00448
43	0.03911	0.01060	0.01131	0.00876	0.01181	0.01170	0.00722	0.72298	0.03419	0.04097	0.00996	0.01001	0.00711	0.00479	0.00391	0.00119	0.00420	0.00360	0.04999	0.00658
44	0.00975	0.00935	0.01596	0.08548	0.77453	0.00948	0.01222	0.01216	0.00905	0.01289	0.00751	0.00998	0.00628	0.00361	0.00397	0.00120	0.00481	0.00357	0.00197	0.00621
45	0.00998	0.00862	0.00907	0.00816	0.01043	0.00998	0.00635	0.02131	0.82679	0.01678	0.01632	0.01496	0.01224	0.00544	0.00408	0.00136	0.00317	0.00453	0.00408	0.00635
46	0.00507	0.00410	0.00455	0.00473	0.00590	0.00358	0.00364	0.00625	0.00922	0.01139	0.10349	0.10429	0.58787	0.01031	0.00488	0.00144	0.00227	0.11977	0.00378	0.00345
47	0.00601	0.00447	0.00563	0.00528	0.00635	0.00429	0.00398	0.00866	0.07924	0.01600	0.74267	0.02894	0.05709	0.00802	0.00468	0.00127	0.00200	0.00706	0.00437	0.00399
48	0.00807	0.02058	0.82515	0.01152	0.01742	0.00933	0.02779	0.01270	0.00848	0.01270	0.00721	0.00851	0.00510	0.00380	0.00383	0.00127	0.00594	0.00299	0.00170	0.00592
49	0.00757	0.00713	0.01203	0.84942	0.02762	0.00891	0.01114	0.01025	0.00802	0.01025	0.00713	0.01069	0.00535	0.00401	0.00401	0.00134	0.00535	0.00356	0.00178	0.00446
50	0.01009	0.00867	0.00913	0.00819	0.01047	0.01003	0.00638	0.03914	0.80877	0.01697	0.01617	0.01484	0.01212	0.00543	0.00408	0.00136	0.00320	0.00451	0.00408	0.00636
51	0.00979	0.00960	0.01959	0.01429	0.01779	0.00907	0.61143	0.01276	0.01987	0.09009	0.01145	0.03071	0.06106	0.00442	0.00493	0.00136	0.03369	0.01789	0.00250	0.01772
52	0.00874	0.00685	0.00829	0.00695	0.00926	0.00657	0.04037	0.08000	0.19019	0.05864	0.06062	0.14092	0.10833	0.00646	0.00409	0.00118	0.00307	0.01842	0.00350	0.23755
53	0.08072	0.00690	0.00864	0.00678	0.00960	0.00642	0.00557	0.08397	0.01139	0.61489	0.01424	0.01294	0.00930	0.00483	0.00378	0.00120	0.00329	0.00383	0.10544	0.00629
54	0.01339	0.00821	0.00952	0.00779	0.01034	0.00857	0.00632	0.32170	0.13065	0.24652	0.07424	0.04697	0.01261	0.01596	0.00439	0.00132	0.00360	0.05269	0.01908	0.00611
55	0.00764	0.00720	0.01216	0.82469	0.05179	0.00893	0.01117	0.01031	0.00805	0.01033	0.00714	0.01067	0.00538	0.00400	0.00401	0.00133	0.00533	0.00356	0.00179	0.00451
56	0.00947	0.01082	0.02366	0.01690	0.02096	0.01014	0.81947	0.01285	0.00947	0.01285	0.00811	0.01082	0.00609	0.00338	0.00473	0.00135	0.00676	0.00473	0.00203	0.00541
57	0.01525	0.01123	0.01204	0.00923	0.01244	0.01244	0.00762	0.82067	0.01886	0.02528	0.00963	0.00963	0.00682	0.00481	0.00401	0.00120	0.00441	0.00361	0.00401	0.00682
58	0.00562	0.00410	0.00528	0.00498	0.00595	0.00376	0.00374	0.00745	0.01121	0.01575	0.78150	0.03051	0.08848	0.00832	0.00473	0.00127	0.00190	0.00733	0.00437	0.00376
59	0.00993	0.00945	0.01566	0.02321	0.76356	0.00957	0.01180	0.01308	0.07910	0.01342	0.00830	0.01036	0.00686	0.00373	0.00398	0.00121	0.00463	0.00366	0.00216	0.00635
60	0.00850	0.03827	0.61162	0.01328	0.07810	0.00964	0.15907	0.01268	0.00869	0.01268	0.00735	0.00895	0.00536	0.00371	0.00396	0.00127	0.00595	0.00331	0.00178	0.00585
61	0.60183	0.18498	0.04868	0.00695	0.05022	0.01053	0.00583	0.02972	0.00756	0.01589	0.00585	0.00683	0.00470	0.00368	0.00267	0.00116	0.00359	0.00231	0.00230	0.00474
62	0.00982	0.14153	0.50004	0.00961	0.01426	0.00970	0.01126	0.07252	0.00974	0.10027	0.07640	0.01058	0.00844	0.00431	0.00374	0.00120	0.00497	0.00336	0.00244	0.00579
63	0.00595	0.00463	0.00688	0.00675	0.00741	0.00555	0.00529	0.00735	0.00642	0.00934	0.01034	0.01524	0.00967	0.02838	0.78191	0.00610	0.07280	0.00424	0.00212	0.00364
64	0.00624	0.00448	0.00617	0.00697	0.00787	0.00442	0.00596	0.00798	0.00928	0.01214	0.08181	0.09930	0.05316	0.01094	0.00542	0.00177	0.00341	0.66529	0.00375	0.00366
65	0.00710	0.00378	0.00406	0.00422	0.00508	0.00375	0.00319	0.00884	0.00843	0.01424	0.02572	0.10802	0.01335	0.00604	0.00328	0.00108	0.00205	0.06389	0.71019	0.00368
66	0.00896	0.00920	0.01378	0.01137	0.01194	0.02399	0.11657	0.01017	0.00666	0.01008	0.00566	0.00902	0.00537	0.00649	0.01190	0.00169	0.72715	0.00366	0.00180	0.00453
67	0.00586	0.00415	0.00533	0.00500	0.00603	0.00379	0.00376	0.00766	0.01116	0.03309	0.74546	0.03036	0.10663	0.00830	0.00472	0.00127	0.00194	0.00729	0.00437	0.00381
68	0.00573	0.00428	0.00635	0.00635	0.00703	0.00496	0.00489	0.00710	0.00642	0.00924	0.01083	0.01624	0.01024	0.06841	0.80511	0.00633	0.01043	0.00437	0.00216	0.00353
69	0.00568	0.00410	0.00536	0.00505	0.00599	0.00378	0.00378	0.00757	0.01135	0.01608	0.83192	0.02996	0.03784	0.00820	0.00473	0.00126	0.00189	0.00725	0.00441	0.00378
70	0.00778	0.00746	0.01201	0.82601	0.02720	0.03217	0.01104	0.01041	0.00811	0.01023	0.00710	0.01060	0.00534	0.00401	0.00400	0.00133	0.00540	0.00354	0.00179	0.00446
71	0.22645	0.00842	0.06979	0.03236	0.01069	0.00761	0.00640	0.09189	0.03029	0.42098	0.03459	0.01158	0.00863	0.00463	0.00364	0.00124	0.00360	0.00355	0.01771	0.00594
72	0.01072	0.86147	0.02102	0.00686	0.01029	0.01587	0.00686	0.01201	0.00815	0.00944	0.00558	0.00643	0.00515	0.00343	0.00257	0.00086	0.00429	0.00214	0.00172	0.00515
73	0.12739	0.01668	0.01079	0.00974	0.02229	0.63597	0.00735	0.10152	0.01155	0.01257	0.00650	0.00743	0.00525	0.00415	0.00352	0.00108	0.00637	0.00265	0.00233	0.00486
74	0.00488	0.00350	0.00464	0.00556	0.00581	0.00326	0.00371	0.00559	0.00770	0.01025	0.02241	0.84303	0.03974	0.01253	0.00511	0.00162	0.00232	0.01135	0.00372	0.00326
75	0.07748	0.00738	0.00938	0.00724	0.01031	0.00684	0.00598	0.10900	0.01199	0.68933	0.01442	0.01271	0.00919	0.00486	0.00392	0.00124	0.00350	0.00386	0.00469	0.00665
76	0.69223	0.00761	0.00670	0.00572	0.00835	0.00840	0.00472	0.02535	0.00798	0.18979	0.00779	0.00806	0.00555	0.00400	0.00283	0.00124	0.00319	0.00258	0.00302	0.00490
77	0.00680	0.00498	0.00610	0.00577	0.00686	0.00447	0.00425	0.00827	0.01182	0.01657	0.73503	0.03210	0.12206	0.00910	0.00522	0.00148	0.00234	0.00770	0.00470	0.00437
78	0.00547	0.00379	0.00493	0.00542	0.00600	0.00349	0.00379	0.00650	0.00875	0.03639	0.20264	0.56653	0.09548	0.01115	0.00498	0.00152	0.00226	0.02352	0.00391	0.00350
79	0.00485	0.00405	0.00422	0.00421	0.00549	0.00343	0.00315	0.00595	0.00935	0.01141	0.12897	0.05722	0.72396	0.00999	0.00475	0.00135	0.00202	0.00840	0.00380	0.00343
80	0.01498	0.01016	0.01114	0.00866	0.01170	0.01103	0.00711	0.62291	0.07374	0.13798	0.01109	0.01076	0.00776	0.00487	0.00398	0.00121	0.00409	0.00374	0.03640	0.00667
81	0.01091	0.82350	0.02058	0.00702	0.01039	0.05315	0.00690	0.01219	0.00829	0.00945	0.00560	0.00647	0.00515	0.00346	0.00262	0.00087	0.00442	0.00216	0.00173	0.00512
82	0.00944	0.02718	0.01354	0.01109	0.01176	0.08682	0.09154	0.01060	0.00699	0.00999	0.00565	0.00880	0.00534	0.00632	0.01123	0.00163	0.67222	0.00352	0.00181	0.00453
83	0.00821	0.07228	0.78817	0.01115	0.01692	0.00972	0.01433	0.01266	0.00845	0.01250	0.00710	0.00834	0.00508	0.00379	0.00373	0.00124	0.00583	0.00291	0.00169	0.00588
84	0.00573	0.00430	0.00645	0.00645	0.00716	0.00501	0.00501	0.00716	0.00645	0.00931	0.01074	0.01576	0.01003	0.03008	0.84316	0.00645	0.01074	0.00430	0.00215	0.00358
85	0.00846	0.00739	0.00838	0.00604	0.00957	0.02380	0.00482	0.01023	0.00838	0.01300	0.00711	0.00829	0.00592	0.00300	0.00298	0.00060	0.00306	0.00238	0.00237	0.86421
86	0.09234	0.01082	0.01252	0.12120	0.02814	0.15429	0.09445	0.14066	0.04097	0.01376	0.00720	0.00915	0.00581	0.00487	0.00622	0.00134	0.22438	0.00339	0.00237	0.02610
87	0.00765	0.00717	0.01194	0.82420	0.02711	0.00894	0.01099	0.01058	0.03256	0.01044	0.00740	0.01082	0.00555	0.00405	0.00401	0.00134	0.00528	0.00359	0.00185	0.00451
88	0.00561	0.00410	0.00527	0.00497	0.00595	0.00375	0.00373	0.00743	0.01119	0.01570	0.77353	0.03060	0.09648	0.00834	0.00473	0.00127	0.00190	0.00734	0.00436	0.00375
89	0.03680	0.00799	0.00983	0.00758	0.01065	0.00771	0.00625	0.24126	0.01335	0.56805	0.01461	0.01312	0.03359	0.00505	0.00401	0.00123	0.00364	0.00401	0.00461	0.00666
90	0.00877	0.00877	0.01228	0.01053	0.01053	0.01228	0.00877	0.00965	0.00614	0.00965	0.00526	0.00877	0.00526	0.00702	0.01316	0.00175	0.85172	0.00351	0.00175	0.00439
91	0.01059	0.00934	0.00925	0.00829	0.01057	0.07132	0.00644	0.02087	0.74218	0.04084	0.01556	0.01435	0.01165	0.00533	0.00405	0.00133	0.00348	0.00438	0.00396	0.00624
92	0.00490	0.00350	0.00465	0.00556	0.00579	0.00327	0.00370	0.00559	0.00764	0.01019	0.02192	0.84069	0.02630	0.02862	0.00541	0.00167	0.00236	0.01130	0.00370	0.00324
93	0.00480	0.00389	0.00426	0.00454	0.00555	0.00335	0.00326	0.00573	0.00873	0.01074	0.04844	0.28668	0.57432	0.01085	0.00485	0.00144	0.00212	0.00934	0.00374	0.00335
94	0.00984	0.00837	0.00890	0.00797	0.01017	0.00960	0.00620	0.04792	0.73870	0.01702	0.07628	0.01589	0.01394	0.00562	0.00413	0.00135	0.00312	0.00470	0.00410	0.00618
95	0.00997	0.00969	0.01615	0.04616	0.78410	0.02811	0.02224	0.01234	0.00916	0.01295	0.00751	0.00990	0.00630	0.00360	0.00397	0.00119	0.00486	0.00357	0.00198	0.00625
96	0.00589	0.00432	0.00525	0.00502	0.00609	0.00401	0.00374	0.00786	0.04687	0.03086	0.51728	0.06226	0.21641	0.05011	0.00548	0.00144	0.00215	0.01708	0.00412	0.00378
97	0.00514	0.00367	0.00494	0.00587	0.00621	0.00347	0.00416	0.00602	0.00793	0.01052	0.02197	0.72750	0.02598	0.01233	0.00519	0.00166	0.00254	0.13787	0.00372	0.00333
98	0.01088	0.79802	0.04090	0.00712	0.01058	0.03406	0.00710	0.03467	0.00853	0.00997	0.00574	0.00659	0.00519	0.00349	0.00267	0.00088	0.00440	0.00222	0.00179	0.00520
99	0.00884	0.27111	0.59490	0.01007	0.01525	0.01127	0.01245	0.01249	0.00837	0.01173	0.00671	0.00786	0.00510	0.00370	0.00344	0.00115	0.00544	0.00272	0.00170	0.00569
100	0.00583	0.00389	0.00437	0.00437	0.00437	0.00389	0.00243	0.00583	0.00583	0.00778	0.01264	0.02624	0.01458	0.85906	0.02041	0.00389	0.00389	0.00583	0.00243	0.00243
101	0.01491	0.00879	0.01923	0.00804	0.01095	0.02123	0.00658	0.23924	0.21954	0.37568	0.02389	0.01292	0.00987	0.00506	0.00404	0.00126	0.00369	0.00405	0.00439	0.00662
102	0.02351	0.02628	0.09189	0.00865	0.02973	0.00757	0.06281	0.11341	0.06084	0.39294	0.07196	0.04611	0.02544	0.00536	0.00413	0.00127	0.00387	0.01415	0.00399	0.00609
103	0.01044	0.00940	0.01519	0.06592	0.63198	0.03242	0.03974	0.02345	0.02904	0.07032	0.01703	0.01089	0.01814	0.00390	0.00402	0.00121	0.00473	0.00374	0.00231	0.00614
104	0.00633	0.00520	0.00618	0.00584	0.00694	0.02284	0.00449	0.02556	0.06951	0.01262	0.26242	0.02559	0.24094	0.02881	0.20877	0.00262	0.05176	0.00625	0.00341	0.00391
105	0.04222	0.00744	0.00863	0.00635	0.00971	0.00613	0.01696	0.08596	0.00926	0.01428	0.00826	0.03398	0.01877	0.00357	0.00316	0.00073	0.00313	0.00288	0.00259	0.71601
106	0.01156	0.00930	0.07207	0.03382	0.02068	0.02182	0.08850	0.14316	0.04715	0.18144	0.02153	0.01106	0.02228	0.00414	0.00375	0.00104	0.00403	0.00351	0.00318	0.29600
107	0.03411	0.25497	0.03296	0.00844	0.01123	0.09310	0.00735	0.28080	0.05351	0.06898	0.02524	0.00956	0.00719	0.00467	0.00440	0.00116	0.08340	0.01029	0.00293	0.00571
108	0.01041	0.00949	0.01239	0.02240	0.01273	0.08810	0.19774	0.15710	0.20591	0.03320	0.05767	0.10708	0.02538	0.00581	0.00435	0.00132	0.00447	0.02187	0.01717	0.00541
109	0.00697	0.00349	0.00520	0.00520	0.00522	0.00349	0.00347	0.00529	0.00528	0.00710	0.00707	0.01224	0.00702	0.01378	0.01546	0.86892	0.00346	0.00349	0.01609	0.00177
110	0.02013	0.05493	0.06794	0.00781	0.03381	0.02589	0.02948	0.09663	0.04583	0.06943	0.00848	0.01927	0.00670	0.00367	0.00335	0.00086	0.00368	0.00295	0.00270	0.49645
111	0.03732	0.00979	0.00971	0.00861	0.02737	0.11261	0.02099	0.09434	0.46196	0.04475	0.03375	0.02518	0.01082	0.00514	0.00394	0.00124	0.00384	0.01432	0.00360	0.07072
112	0.24319	0.00643	0.00715	0.00646	0.00831	0.01623	0.02215	0.08936	0.00945	0.18258	0.01517	0.31441	0.03410	0.00754	0.00406	0.00139	0.00313	0.02058	0.00362	0.00469

[dist]
# distance from previous block
# <min> <max>
0	1

[block]
# block no. 1 follows, 67 sequences, length 39
# corresponding to MSA columns:
# 127-165
name=unknown_B
#
# <colnr> <probs for GDERKNQSTAVLIFYWHMCP>
#	G	D	E	R	K	N	Q	S	T	A	V	L	I	F	Y	W	H	M	C	P
0	0.02838	0.01994	0.01177	0.03047	0.09217	0.19287	0.07321	0.17762	0.18508	0.04114	0.07745	0.01220	0.01012	0.00479	0.00398	0.00121	0.00470	0.00394	0.02332	0.00564
1	0.00835	0.03473	0.80227	0.01124	0.01705	0.00933	0.01444	0.01287	0.00854	0.03457	0.00740	0.00857	0.00521	0.00383	0.00380	0.00126	0.00583	0.00298	0.00178	0.00594
2	0.04879	0.04623	0.01101	0.06451	0.05611	0.11449	0.02883	0.15637	0.07395	0.25612	0.07258	0.01226	0.00993	0.00477	0.00389	0.00119	0.00424	0.00382	0.00357	0.02733
3	0.05215	0.10267	0.02056	0.02235	0.01147	0.07565	0.02740	0.19583	0.37536	0.03982	0.01201	0.01219	0.00916	0.00491	0.00383	0.00124	0.00406	0.01985	0.00348	0.00600
4	0.00720	0.00541	0.00596	0.00555	0.00706	0.00508	0.00419	0.03943	0.10645	0.04287	0.26821	0.03115	0.41030	0.00882	0.00480	0.00141	0.00248	0.00731	0.03188	0.00443
5	0.01236	0.43703	0.02574	0.00820	0.01132	0.13229	0.04223	0.14402	0.03140	0.07937	0.01858	0.00906	0.02426	0.00414	0.00329	0.00102	0.00468	0.00298	0.00255	0.00548
6	0.00582	0.00393	0.00456	0.00456	0.00463	0.00399	0.00267	0.00595	0.00589	0.00792	0.01246	0.02528	0.01416	0.78294	0.09596	0.00412	0.00452	0.00569	0.00240	0.00254
7	0.04834	0.05367	0.01064	0.01960	0.01108	0.10844	0.04383	0.12264	0.02860	0.04598	0.00777	0.00870	0.00614	0.00365	0.00348	0.00088	0.01796	0.00281	0.00264	0.45317
8	0.00960	0.00917	0.04927	0.01212	0.01520	0.00844	0.41771	0.04049	0.09340	0.09188	0.07386	0.07924	0.03609	0.00533	0.00471	0.00137	0.01718	0.02667	0.00297	0.00530
9	0.00528	0.00373	0.00478	0.00537	0.00592	0.00341	0.00372	0.00618	0.00838	0.03049	0.10935	0.62444	0.14061	0.01157	0.00500	0.00155	0.00228	0.02069	0.00382	0.00342
10	0.01188	0.01185	0.00989	0.00830	0.02092	0.32438	0.00637	0.03692	0.03439	0.08067	0.00798	0.01827	0.00644	0.00428	0.01263	0.00099	0.04103	0.00288	0.00255	0.35737
11	0.01119	0.00865	0.03948	0.00864	0.01118	0.06043	0.10884	0.02691	0.27341	0.20946	0.11526	0.04981	0.04713	0.00573	0.00426	0.00130	0.00382	0.00502	0.00383	0.00567
12	0.00628	0.00486	0.00679	0.00661	0.00722	0.00572	0.00506	0.01986	0.02885	0.00965	0.01125	0.04305	0.01110	0.14876	0.56057	0.00514	0.08836	0.02493	0.00232	0.00360
13	0.00495	0.00352	0.00464	0.00551	0.00573	0.00330	0.00364	0.00560	0.00756	0.01008	0.02151	0.80393	0.02577	0.06610	0.00609	0.00177	0.00243	0.01105	0.00364	0.00321
14	0.01600	0.00809	0.04249	0.00782	0.01093	0.00724	0.02491	0.11761	0.08606	0.58831	0.03758	0.01346	0.01026	0.00500	0.00406	0.00125	0.00365	0.00409	0.00456	0.00663
15	0.00980	0.00944	0.01623	0.06614	0.77462	0.00951	0.03076	0.01222	0.00908	0.01295	0.00754	0.00999	0.00630	0.00359	0.00399	0.00120	0.00484	0.00360	0.00198	0.00624
16	0.00574	0.00427	0.00631	0.00631	0.00698	0.00494	0.00484	0.00707	0.00641	0.00921	0.01087	0.01644	0.01032	0.08410	0.78955	0.00628	0.01030	0.00440	0.00217	0.00351
17	0.00947	0.01082	0.02366	0.01690	0.02096	0.01014	0.81947	0.01285	0.00947	0.01285	0.00811	0.01082	0.00609	0.00338	0.00473	0.00135	0.00676	0.00473	0.00203	0.00541
18	0.01381	0.20198	0.01330	0.00944	0.01177	0.64067	0.00745	0.01492	0.01067	0.00990	0.02805	0.00766	0.00603	0.00409	0.00342	0.00100	0.00645	0.00261	0.00205	0.00473
19	0.00810	0.00690	0.00808	0.00592	0.00927	0.00521	0.00469	0.00981	0.00828	0.01289	0.00808	0.06196	0.00724	0.00358	0.00311	0.00066	0.00293	0.00295	0.00246	0.82790
20	0.01960	0.00837	0.01209	0.36539	0.23049	0.06296	0.00981	0.03453	0.00916	0.03428	0.09053	0.01277	0.02977	0.00471	0.00463	0.00129	0.05831	0.00399	0.00232	0.00499
21	0.00810	0.03967	0.81988	0.01133	0.01720	0.00946	0.01464	0.01269	0.00846	0.01263	0.00716	0.00842	0.00508	0.00380	0.00378	0.00126	0.00589	0.00295	0.00169	0.00591
22	0.04149	0.00678	0.00911	0.00703	0.01006	0.00592	0.00580	0.01901	0.01135	0.79252	0.03727	0.01389	0.01052	0.00502	0.00401	0.00124	0.00336	0.00407	0.00488	0.00668
23	0.01072	0.86147	0.02102	0.00686	0.01029	0.01587	0.00686	0.01201	0.00815	0.00944	0.00558	0.00643	0.00515	0.00343	0.00257	0.00086	0.00429	0.00214	0.00172	0.00515
24	0.01646	0.00805	0.06185	0.00751	0.01080	0.00661	0.00652	0.06974	0.03456	0.66717	0.01445	0.01283	0.00928	0.00479	0.00396	0.00121	0.00361	0.00387	0.00454	0.05220
25	0.00530	0.00383	0.00503	0.00583	0.00632	0.00363	0.00426	0.00627	0.00810	0.01060	0.02308	0.54573	0.09706	0.05352	0.00594	0.00177	0.00271	0.20404	0.00365	0.00333
26	0.00973	0.00834	0.00889	0.00811	0.01028	0.00960	0.00636	0.02040	0.76983	0.01644	0.01667	0.01707	0.01300	0.00583	0.00418	0.00139	0.00321	0.06045	0.00405	0.00616
27	0.00974	0.00934	0.01594	0.09095	0.76919	0.00948	0.01221	0.01214	0.00904	0.01287	0.00751	0.00999	0.00627	0.00361	0.00397	0.00120	0.00481	0.00357	0.00197	0.00620
28	0.00551	0.00430	0.00513	0.00553	0.00669	0.00393	0.00455	0.00690	0.00922	0.01144	0.04626	0.04134	0.46546	0.01052	0.00509	0.00157	0.00275	0.35656	0.00372	0.00353
29	0.00945	0.01076	0.02336	0.01673	0.02068	0.01020	0.79767	0.01276	0.00938	0.01276	0.00804	0.01076	0.00606	0.00348	0.00496	0.00136	0.02949	0.00470	0.00202	0.00538
30	0.02183	0.12193	0.24233	0.06336	0.01472	0.31651	0.05201	0.06626	0.02309	0.01196	0.00704	0.00835	0.00552	0.00456	0.02290	0.00126	0.00614	0.00294	0.00206	0.00523
31	0.01021	0.68245	0.17063	0.00774	0.01159	0.01450	0.00831	0.01241	0.03197	0.01025	0.00619	0.00705	0.00534	0.00356	0.00284	0.00095	0.00456	0.00236	0.00178	0.00532
32	0.00489	0.00349	0.00465	0.00558	0.00582	0.00326	0.00372	0.00558	0.00768	0.01024	0.02210	0.85644	0.02653	0.01256	0.00512	0.00163	0.00233	0.01140	0.00372	0.00326
33	0.01063	0.83117	0.05047	0.00703	0.01055	0.01563	0.00715	0.01203	0.00816	0.00955	0.00563	0.00651	0.00514	0.00344	0.00262	0.00087	0.00435	0.00217	0.00171	0.00517
34	0.00819	0.06638	0.79392	0.01118	0.01697	0.00967	0.01439	0.01266	0.00845	0.01252	0.00711	0.00836	0.00508	0.00379	0.00374	0.00125	0.00584	0.00292	0.00169	0.00588
35	0.00998	0.00862	0.00907	0.00816	0.01043	0.00998	0.00635	0.02131	0.82679	0.01678	0.01632	0.01496	0.01224	0.00544	0.00408	0.00136	0.00317	0.00453	0.00408	0.00635
36	0.01002	0.00954	0.01553	0.02283	0.74421	0.02269	0.01167	0.03405	0.03936	0.01340	0.00800	0.01023	0.00667	0.00448	0.02905	0.00135	0.00491	0.00362	0.00212	0.00626
37	0.00505	0.00428	0.00430	0.00422	0.00563	0.00366	0.00318	0.03011	0.00943	0.01127	0.03970	0.03773	0.80774	0.01000	0.00472	0.00135	0.00210	0.00832	0.00373	0.00349
38	0.00482	0.00407	0.00418	0.00415	0.00547	0.00342	0.00311	0.00592	0.00934	0.01131	0.11236	0.03781	0.76038	0.00998	0.00474	0.00135	0.00202	0.00835	0.00379	0.00342

[dist]
# distance from previous block
# <min> <max>
0	8

[block]
# block no. 2 follows, 67 sequences, length 45
# corresponding to MSA columns:
# 174-218
name=unknown_C
#
# <colnr> <probs for GDERKNQSTAVLIFYWHMCP>
#	G	D	E	R	K	N	Q	S	T	A	V	L	I	F	Y	W	H	M	C	P
0	0.00495	0.00353	0.00471	0.00562	0.00587	0.00331	0.00379	0.00567	0.00770	0.01026	0.02193	0.81771	0.02623	0.02569	0.00537	0.00167	0.00239	0.03662	0.00370	0.00326
1	0.00854	0.00834	0.01217	0.06032	0.09998	0.01095	0.01840	0.00981	0.00711	0.01071	0.08496	0.01107	0.00852	0.00654	0.01073	0.00162	0.61975	0.00389	0.00204	0.00456
2	0.01385	0.21743	0.01372	0.00943	0.01186	0.56213	0.00755	0.07917	0.01108	0.01096	0.00630	0.00727	0.00530	0.00409	0.00362	0.00102	0.02557	0.00258	0.00213	0.00493
3	0.01026	0.00878	0.00912	0.00818	0.01046	0.02642	0.00637	0.02117	0.79201	0.03534	0.01611	0.01478	0.01205	0.00540	0.00407	0.00135	0.00326	0.00448	0.00406	0.00633
4	0.00488	0.00390	0.00423	0.00447	0.00551	0.00337	0.00323	0.00585	0.00876	0.01087	0.04473	0.25480	0.58224	0.01060	0.00478	0.00141	0.00210	0.00908	0.03184	0.00337
5	0.07358	0.09774	0.50425	0.01269	0.14090	0.00986	0.05573	0.01252	0.00856	0.02399	0.02061	0.00890	0.00588	0.00380	0.00369	0.00122	0.00533	0.00310	0.00190	0.00575
6	0.01708	0.00744	0.01010	0.00894	0.08938	0.02014	0.00660	0.04655	0.01151	0.71617	0.01466	0.01305	0.00940	0.00481	0.00402	0.00123	0.00364	0.00395	0.00460	0.00674
7	0.00601	0.00417	0.00547	0.00510	0.00611	0.00384	0.00384	0.00789	0.01136	0.03847	0.80966	0.02951	0.03708	0.00811	0.00471	0.00126	0.00193	0.00717	0.00443	0.00387
8	0.00489	0.00349	0.00465	0.00558	0.00582	0.00326	0.00372	0.00558	0.00768	0.01024	0.02210	0.85644	0.02653	0.01256	0.00512	0.00163	0.00233	0.01140	0.00372	0.00326
9	0.00832	0.03443	0.41047	0.03976	0.03075	0.00917	0.29916	0.01197	0.00874	0.01237	0.00892	0.09070	0.00752	0.00449	0.00424	0.00132	0.00580	0.00441	0.00202	0.00543
10	0.00757	0.00713	0.01203	0.84942	0.02762	0.00891	0.01114	0.01025	0.00802	0.01025	0.00713	0.01069	0.00535	0.00401	0.00401	0.00134	0.00535	0.00356	0.00178	0.00446
11	0.88738	0.00776	0.00589	0.00527	0.00776	0.00900	0.00434	0.01179	0.00683	0.01799	0.00558	0.00651	0.00434	0.00372	0.00248	0.00124	0.00310	0.00217	0.00248	0.00434
12	0.00804	0.02074	0.83828	0.01143	0.01736	0.00931	0.01482	0.01270	0.00847	0.01270	0.00720	0.00847	0.00508	0.00381	0.00381	0.00127	0.00593	0.00296	0.00169	0.00593
13	0.01030	0.01023	0.01592	0.02357	0.77362	0.07081	0.01197	0.01258	0.00930	0.01286	0.00744	0.00973	0.00627	0.00361	0.00394	0.00118	0.00495	0.00350	0.00199	0.00623
14	0.00488	0.00350	0.00464	0.00555	0.00581	0.00326	0.00371	0.00559	0.00771	0.01025	0.02248	0.83969	0.04303	0.01252	0.00511	0.00162	0.00232	0.01134	0.00372	0.00326
15	0.01072	0.86147	0.02102	0.00686	0.01029	0.01587	0.00686	0.01201	0.00815	0.00944	0.00558	0.00643	0.00515	0.00343	0.00257	0.00086	0.00429	0.00214	0.00172	0.00515
16	0.01046	0.70839	0.14329	0.00766	0.01142	0.04138	0.00808	0.01224	0.00830	0.00994	0.00584	0.00676	0.00514	0.00351	0.00279	0.00093	0.00463	0.00228	0.00172	0.00525
17	0.00505	0.00361	0.00484	0.00574	0.00605	0.00340	0.00398	0.00589	0.00792	0.01056	0.04455	0.75859	0.02652	0.01231	0.00515	0.00164	0.00244	0.08471	0.00374	0.00331
18	0.00562	0.00410	0.00529	0.00499	0.00596	0.00376	0.00374	0.00747	0.01123	0.01579	0.78839	0.03043	0.08156	0.00831	0.00473	0.00127	0.00190	0.00732	0.00438	0.00376
19	0.01278	0.00930	0.05576	0.00857	0.01143	0.00908	0.04784	0.32807	0.12631	0.18508	0.03154	0.03840	0.04272	0.01529	0.02198	0.00143	0.00413	0.04030	0.00391	0.00608
20	0.01070	0.00927	0.01561	0.02294	0.75501	0.00918	0.01169	0.01300	0.00936	0.09213	0.00834	0.01028	0.00670	0.00371	0.00398	0.00120	0.00463	0.00362	0.00227	0.00640
21	0.01510	0.01116	0.01195	0.00920	0.01238	0.01237	0.00759	0.79843	0.04133	0.02504	0.00981	0.00978	0.00697	0.00483	0.00401	0.00121	0.00438	0.00364	0.00401	0.00681
22	0.00847	0.11266	0.61006	0.09161	0.01769	0.02146	0.05935	0.01244	0.00849	0.01207	0.00705	0.00857	0.00517	0.00377	0.00374	0.00123	0.00575	0.00303	0.00173	0.00565
23	0.42644	0.13631	0.06764	0.00776	0.02738	0.06557	0.02871	0.17137	0.00992	0.01702	0.00664	0.00748	0.00514	0.00392	0.00305	0.00117	0.00414	0.00263	0.00257	0.00515
24	0.00487	0.00355	0.00459	0.00542	0.00577	0.00327	0.00365	0.00560	0.00784	0.01030	0.02412	0.76748	0.11418	0.01230	0.00508	0.00160	0.00229	0.01108	0.00372	0.00327
25	0.01400	0.01058	0.01180	0.10053	0.01393	0.01186	0.00791	0.66988	0.08099	0.02297	0.00988	0.01016	0.00708	0.00478	0.00402	0.00123	0.00442	0.00368	0.00377	0.00653
26	0.00834	0.00516	0.00681	0.08703	0.00948	0.00503	0.00549	0.01023	0.04489	0.17106	0.04213	0.12702	0.19813	0.04250	0.00538	0.00159	0.00321	0.21844	0.00375	0.00432
27	0.00934	0.01044	0.02158	0.01574	0.01905	0.01053	0.67122	0.01226	0.00886	0.01226	0.00759	0.01044	0.00594	0.00405	0.00627	0.00143	0.16128	0.00451	0.00198	0.00522
28	0.01546	0.01089	0.01183	0.00907	0.01227	0.01193	0.00749	0.75878	0.01829	0.08796	0.01011	0.00994	0.00706	0.00483	0.00401	0.00121	0.00434	0.00364	0.00409	0.00682
29	0.00993	0.00953	0.01628	0.02462	0.83404	0.00953	0.01231	0.01231	0.00913	0.01310	0.00754	0.00993	0.00635	0.00357	0.00397	0.00119	0.00476	0.00357	0.00199	0.00635
30	0.14986	0.00700	0.03454	0.00681	0.00951	0.00620	0.00568	0.01630	0.02281	0.55955	0.01482	0.11708	0.01116	0.00576	0.00394	0.00130	0.00331	0.01414	0.00429	0.00593
31	0.10172	0.00431	0.00454	0.00447	0.00474	0.00444	0.00264	0.00648	0.00594	0.00889	0.01187	0.02410	0.01347	0.76602	0.01846	0.00360	0.00380	0.00543	0.00244	0.00264
32	0.00675	0.00587	0.00678	0.00667	0.00746	0.09605	0.00506	0.00800	0.00692	0.00922	0.01043	0.01583	0.00993	0.10679	0.67291	0.00561	0.00970	0.00426	0.00217	0.00359
33	0.00956	0.00920	0.01543	0.11298	0.66732	0.00973	0.01184	0.01183	0.00872	0.01246	0.00728	0.00990	0.00614	0.00395	0.00486	0.00126	0.08608	0.00357	0.00194	0.00596
34	0.09385	0.00841	0.00895	0.00801	0.01002	0.00992	0.00631	0.01863	0.63286	0.01593	0.01486	0.01423	0.03681	0.00560	0.00494	0.00139	0.09543	0.00432	0.00366	0.00585
35	0.01767	0.00816	0.00953	0.00748	0.01047	0.09694	0.00610	0.01916	0.01147	0.74686	0.01478	0.01295	0.00941	0.00487	0.00399	0.00122	0.00383	0.00388	0.00465	0.00659
36	0.00847	0.00787	0.01330	0.58026	0.27723	0.00905	0.01142	0.01104	0.00842	0.02445	0.00740	0.01050	0.00573	0.00389	0.00400	0.00129	0.00513	0.00357	0.00190	0.00508
37	0.01021	0.01167	0.10522	0.02181	0.66638	0.08946	0.01214	0.01271	0.00927	0.01274	0.00738	0.00951	0.00610	0.00365	0.00392	0.00118	0.00513	0.00341	0.00196	0.00614
38	0.00989	0.00844	0.00936	0.08885	0.01207	0.00980	0.00680	0.02022	0.73303	0.03145	0.01543	0.01453	0.01154	0.00529	0.00407	0.00136	0.00339	0.00443	0.00388	0.00618
39	0.01338	0.01656	0.01104	0.01102	0.09046	0.67168	0.00767	0.01454	0.01091	0.01024	0.01007	0.01090	0.09526	0.00473	0.00377	0.00108	0.00643	0.00332	0.00224	0.00468
40	0.01443	0.01038	0.01129	0.00874	0.01173	0.01135	0.00719	0.71130	0.01785	0.05616	0.08876	0.01174	0.00992	0.00514	0.00408	0.00121	0.00413	0.00398	0.00409	0.00653
41	0.00728	0.00378	0.00391	0.00388	0.00482	0.00374	0.00291	0.00915	0.00873	0.01507	0.10215	0.01658	0.01328	0.00506	0.00301	0.00097	0.00187	0.00412	0.78594	0.00374
42	0.00744	0.00412	0.00471	0.09579	0.00723	0.00433	0.00377	0.00939	0.00832	0.01430	0.01238	0.01451	0.00974	0.00525	0.02439	0.00112	0.00247	0.00373	0.76320	0.00381
43	0.01413	0.01226	0.03211	0.02532	0.01222	0.20595	0.00747	0.35426	0.17170	0.10767	0.01068	0.01052	0.00774	0.00475	0.00393	0.00120	0.00478	0.00358	0.00357	0.00615
44	0.00570	0.00402	0.00509	0.00550	0.02642	0.00400	0.00346	0.00631	0.00707	0.00961	0.10377	0.21609	0.01936	0.45298	0.09494	0.00323	0.00400	0.02252	0.00293	0.00300

[dist]
# distance from previous block
# <min> <max>
0	65

# created by:
# /st0/software/busco_prod/Augustus/scripts/msa2prfl.pl ./align_prep/111812.fa
