[name]
unknown

[dist]
# distance from previous block
# <min> <max>
0	56

[block]
# block no. 0 follows, 63 sequences, length 46
# corresponding to MSA columns:
# 66-111
name=unknown_A
#
# <colnr> <probs for GDERKNQSTAVLIFYWHMCP>
#	G	D	E	R	K	N	Q	S	T	A	V	L	I	F	Y	W	H	M	C	P
0	0.01242	0.00829	0.04733	0.08910	0.07051	0.00699	0.00719	0.04118	0.03134	0.29177	0.03233	0.01181	0.00866	0.00429	0.00383	0.00107	0.00381	0.00356	0.00345	0.32108
1	0.00516	0.00422	0.00457	0.00466	0.00589	0.00363	0.00347	0.00634	0.00972	0.01204	0.14124	0.12560	0.61492	0.01068	0.00503	0.00145	0.00219	0.03160	0.00400	0.00360
2	0.00547	0.00401	0.00521	0.00554	0.00622	0.00376	0.00394	0.00675	0.00954	0.01299	0.31952	0.40770	0.11340	0.01247	0.06152	0.00188	0.00284	0.00952	0.00406	0.00365
3	0.00500	0.00426	0.00430	0.00429	0.00570	0.00356	0.00322	0.00610	0.00966	0.01154	0.06840	0.04016	0.79841	0.01058	0.00497	0.00142	0.00212	0.00883	0.00393	0.00356
4	0.01124	0.85479	0.02203	0.00719	0.01079	0.01663	0.00719	0.01259	0.00854	0.00989	0.00584	0.00674	0.00539	0.00360	0.00270	0.00090	0.00450	0.00225	0.00180	0.00539
5	0.72462	0.00795	0.00683	0.00588	0.00860	0.00884	0.00485	0.01384	0.00804	0.16654	0.00781	0.00819	0.00562	0.00414	0.00290	0.00130	0.00331	0.00263	0.00308	0.00503
6	0.00872	0.00920	0.07201	0.52476	0.26858	0.00949	0.01220	0.01156	0.00880	0.01190	0.00770	0.01086	0.00598	0.00406	0.00416	0.00134	0.00541	0.00370	0.01422	0.00537
7	0.76731	0.00981	0.06249	0.00631	0.00912	0.06224	0.00553	0.01271	0.00758	0.01794	0.00601	0.00702	0.00466	0.00394	0.00277	0.00129	0.00373	0.00236	0.00252	0.00469
8	0.00920	0.00920	0.01288	0.01104	0.01104	0.01288	0.00920	0.01012	0.00644	0.01012	0.00552	0.00920	0.00552	0.00736	0.01380	0.00184	0.84457	0.00368	0.00184	0.00460
9	0.00512	0.00366	0.00488	0.00585	0.00610	0.00341	0.00390	0.00585	0.00805	0.01073	0.02317	0.84952	0.02780	0.01317	0.00537	0.00171	0.00244	0.01195	0.00390	0.00341
10	0.00568	0.00419	0.00579	0.00714	0.06440	0.00396	0.00452	0.00671	0.00859	0.01177	0.10673	0.67355	0.02696	0.01172	0.00515	0.00161	0.00256	0.01062	0.03463	0.00372
11	0.88196	0.00813	0.00618	0.00553	0.00813	0.00943	0.00455	0.01236	0.00715	0.01886	0.00585	0.00683	0.00455	0.00390	0.00260	0.00130	0.00325	0.00228	0.00260	0.00455
12	0.00811	0.00764	0.01291	0.78676	0.08305	0.00938	0.01176	0.01089	0.00848	0.01094	0.00750	0.01115	0.00568	0.00417	0.00420	0.00139	0.00556	0.00374	0.00188	0.00480
13	0.00512	0.00366	0.00488	0.00585	0.00610	0.00341	0.00390	0.00585	0.00805	0.01073	0.02317	0.84952	0.02780	0.01317	0.00537	0.00171	0.00244	0.01195	0.00390	0.00341
14	0.01870	0.00741	0.00991	0.00760	0.01086	0.00656	0.00628	0.06444	0.01246	0.78439	0.01622	0.01407	0.01023	0.00519	0.00423	0.00130	0.00364	0.00420	0.00515	0.00715
15	0.01699	0.00923	0.01095	0.00842	0.01171	0.00926	0.00694	0.36314	0.04076	0.42683	0.01347	0.01233	0.00892	0.00508	0.00418	0.00126	0.00401	0.00399	0.00465	0.03789
16	0.00559	0.00437	0.00515	0.00498	0.00617	0.00398	0.00375	0.00729	0.02435	0.01390	0.40115	0.03422	0.39246	0.01103	0.06132	0.00174	0.00270	0.00792	0.00413	0.00381
17	0.00581	0.00442	0.00536	0.00510	0.00625	0.00404	0.00383	0.00782	0.03401	0.01537	0.58714	0.03344	0.25378	0.00907	0.00494	0.00135	0.00206	0.00787	0.00442	0.00393
18	0.01878	0.00728	0.00984	0.00754	0.01080	0.00637	0.00623	0.04262	0.01225	0.80651	0.01640	0.01419	0.01031	0.00520	0.00423	0.00130	0.00361	0.00422	0.00518	0.00715
19	0.01040	0.00999	0.01706	0.02580	0.82604	0.00999	0.01290	0.01290	0.00957	0.01373	0.00791	0.01040	0.00666	0.00375	0.00416	0.00125	0.00499	0.00375	0.00208	0.00666
20	0.01237	0.00801	0.01056	0.00909	0.03487	0.02255	0.07361	0.04374	0.27337	0.26736	0.07105	0.03073	0.01291	0.00856	0.09955	0.00198	0.00468	0.00481	0.00407	0.00613
21	0.00631	0.00441	0.00522	0.00545	0.00649	0.00401	0.00391	0.00779	0.04662	0.06907	0.05927	0.40516	0.33850	0.01111	0.00506	0.00154	0.00242	0.00971	0.00404	0.00390
22	0.00512	0.00366	0.00488	0.00585	0.00610	0.00341	0.00390	0.00585	0.00805	0.01073	0.02317	0.84952	0.02780	0.01317	0.00537	0.00171	0.00244	0.01195	0.00390	0.00341
23	0.01033	0.01287	0.11841	0.03599	0.03402	0.09728	0.48992	0.06022	0.01041	0.01362	0.00928	0.07017	0.00770	0.00448	0.00467	0.00138	0.00648	0.00487	0.00233	0.00557
24	0.88196	0.00813	0.00618	0.00553	0.00813	0.00943	0.00455	0.01236	0.00715	0.01886	0.00585	0.00683	0.00455	0.00390	0.00260	0.00130	0.00325	0.00228	0.00260	0.00455
25	0.12805	0.03048	0.03223	0.10323	0.01418	0.46114	0.02911	0.01569	0.09971	0.01243	0.00773	0.00895	0.00617	0.00446	0.00404	0.00122	0.03063	0.00308	0.00240	0.00506
26	0.00999	0.00946	0.01511	0.17421	0.56678	0.03163	0.01172	0.04358	0.00998	0.01381	0.06591	0.01196	0.00880	0.00424	0.00422	0.00128	0.00495	0.00399	0.00231	0.00607
27	0.00585	0.00429	0.00548	0.00518	0.00622	0.00392	0.00389	0.00774	0.01166	0.01630	0.74472	0.03232	0.11911	0.00880	0.00496	0.00133	0.00200	0.00773	0.00455	0.00392
28	0.00753	0.00527	0.00635	0.00603	0.02559	0.00496	0.00447	0.03319	0.07757	0.08523	0.41246	0.03026	0.26793	0.00847	0.00480	0.00135	0.00242	0.00726	0.00436	0.00449
29	0.00587	0.00429	0.00551	0.00521	0.00623	0.00393	0.00391	0.00778	0.01172	0.01643	0.76297	0.03211	0.10079	0.00875	0.00496	0.00133	0.00199	0.00770	0.00457	0.00393
30	0.00589	0.00424	0.00556	0.00540	0.00624	0.00401	0.00396	0.00759	0.01078	0.01519	0.63638	0.10634	0.03483	0.06791	0.06520	0.00193	0.00283	0.00769	0.00425	0.00380
31	0.00906	0.00928	0.01252	0.69915	0.02614	0.12428	0.01110	0.01156	0.00883	0.01066	0.00727	0.01064	0.00557	0.00433	0.00446	0.00137	0.03360	0.00359	0.00191	0.00470
32	0.01012	0.00562	0.00599	0.00531	0.00691	0.00579	0.00415	0.12835	0.05371	0.08788	0.01361	0.01474	0.01032	0.00499	0.00331	0.00107	0.00256	0.00397	0.62678	0.00482
33	0.00882	0.13754	0.71811	0.01132	0.01717	0.01072	0.01437	0.01321	0.00883	0.01284	0.00731	0.00858	0.00533	0.00394	0.00381	0.00127	0.00597	0.00299	0.00178	0.00610
34	0.02488	0.04683	0.12866	0.01675	0.13177	0.01067	0.48431	0.05653	0.01022	0.03549	0.00844	0.01063	0.00635	0.00376	0.00453	0.00135	0.00629	0.00431	0.00226	0.00597
35	0.00519	0.00390	0.00483	0.00553	0.00615	0.00355	0.00389	0.00609	0.00858	0.01103	0.02853	0.57064	0.25001	0.01236	0.00528	0.00164	0.00245	0.06294	0.00390	0.00348
36	0.02975	0.04226	0.01230	0.01054	0.01274	0.66966	0.05379	0.01573	0.01126	0.01099	0.00707	0.00838	0.00584	0.00437	0.00400	0.00111	0.02817	0.00293	0.06428	0.00485
37	0.00513	0.00438	0.00493	0.00487	0.00620	0.00373	0.02639	0.00622	0.00937	0.01133	0.03883	0.15558	0.68678	0.01080	0.00503	0.00146	0.00232	0.00920	0.00385	0.00359
38	0.01578	0.01127	0.01220	0.00944	0.01273	0.01239	0.00777	0.70213	0.07605	0.08032	0.01103	0.01078	0.00777	0.00510	0.00421	0.00128	0.00446	0.00388	0.00428	0.00711
39	0.88196	0.00813	0.00618	0.00553	0.00813	0.00943	0.00455	0.01236	0.00715	0.01886	0.00585	0.00683	0.00455	0.00390	0.00260	0.00130	0.00325	0.00228	0.00260	0.00455
40	0.01392	0.01675	0.03395	0.01189	0.07060	0.54337	0.00885	0.06913	0.01116	0.01168	0.00668	0.00829	0.00564	0.00490	0.00575	0.00126	0.16577	0.00305	0.00223	0.00514
41	0.00608	0.00408	0.00458	0.00458	0.00461	0.00406	0.00256	0.00611	0.00621	0.00824	0.01403	0.02786	0.03692	0.82976	0.02096	0.00400	0.00402	0.00619	0.00258	0.00257
42	0.00639	0.00461	0.00603	0.00666	0.06377	0.00480	0.00398	0.00696	0.00653	0.00896	0.01235	0.02345	0.01344	0.57975	0.23064	0.00457	0.00600	0.00553	0.00244	0.00315
43	0.00806	0.00760	0.01283	0.80194	0.06823	0.00937	0.01174	0.01085	0.00846	0.01089	0.00749	0.01117	0.00566	0.00418	0.00420	0.00139	0.00557	0.00374	0.00188	0.00477
44	0.01572	0.01668	0.01173	0.01019	0.01270	0.55446	0.00785	0.17632	0.06021	0.08190	0.00867	0.00911	0.00661	0.00463	0.00394	0.00116	0.00641	0.00317	0.00295	0.00562
45	0.01040	0.00999	0.01706	0.02580	0.82604	0.00999	0.01290	0.01290	0.00957	0.01373	0.00791	0.01040	0.00666	0.00375	0.00416	0.00125	0.00499	0.00375	0.00208	0.00666

[dist]
# distance from previous block
# <min> <max>
0	26

[block]
# block no. 1 follows, 63 sequences, length 17
# corresponding to MSA columns:
# 138-154
name=unknown_B
#
# <colnr> <probs for GDERKNQSTAVLIFYWHMCP>
#	G	D	E	R	K	N	Q	S	T	A	V	L	I	F	Y	W	H	M	C	P
0	0.00514	0.00379	0.00482	0.00556	0.00604	0.00347	0.00379	0.00599	0.00850	0.01116	0.06940	0.67461	0.15729	0.01252	0.00528	0.00164	0.00236	0.01122	0.00394	0.00347
1	0.01040	0.00999	0.01706	0.02580	0.82604	0.00999	0.01290	0.01290	0.00957	0.01373	0.00791	0.01040	0.00666	0.00375	0.00416	0.00125	0.00499	0.00375	0.00208	0.00666
2	0.00619	0.00422	0.00576	0.00578	0.00615	0.00458	0.00404	0.00670	0.00639	0.00888	0.01175	0.03952	0.01223	0.32618	0.41545	0.11816	0.00747	0.00515	0.00234	0.00306
3	0.00632	0.00487	0.00657	0.00699	0.00737	0.00532	0.00532	0.00732	0.00801	0.01082	0.01897	0.39485	0.02183	0.12024	0.00883	0.00210	0.13001	0.22725	0.00341	0.00361
4	0.01615	0.01038	0.01227	0.01111	0.11732	0.03855	0.00806	0.43407	0.01576	0.27532	0.01172	0.01137	0.00805	0.00490	0.00419	0.00127	0.00445	0.00388	0.00417	0.00701
5	0.00617	0.00437	0.00554	0.00549	0.00573	0.00473	0.00363	0.00669	0.00633	0.00874	0.01236	0.02337	0.01343	0.55884	0.28684	0.00488	0.03190	0.00551	0.00243	0.00300
6	0.00540	0.00366	0.00496	0.00580	0.00602	0.00345	0.00387	0.00580	0.00772	0.01029	0.02112	0.74145	0.02516	0.01336	0.00679	0.11485	0.00260	0.01088	0.00363	0.00321
7	0.12090	0.00763	0.01190	0.71084	0.04897	0.00937	0.01079	0.01101	0.00828	0.01187	0.00728	0.01062	0.00550	0.00415	0.00399	0.00138	0.00528	0.00355	0.00197	0.00471
8	0.01034	0.01016	0.01806	0.02476	0.72219	0.01007	0.11596	0.01297	0.00962	0.01370	0.00798	0.01053	0.00662	0.00372	0.00426	0.00127	0.00526	0.00390	0.00209	0.00653
9	0.00749	0.00699	0.01135	0.71583	0.02544	0.00847	0.01040	0.01003	0.00858	0.01083	0.01277	0.01562	0.12904	0.00517	0.00432	0.00140	0.00508	0.00451	0.00217	0.00450
10	0.00823	0.00469	0.00476	0.00462	0.00581	0.00490	0.00350	0.01169	0.13088	0.01596	0.01423	0.01567	0.01109	0.00502	0.00314	0.00105	0.00217	0.00404	0.74423	0.00433
11	0.01453	0.01814	0.01202	0.13617	0.01540	0.71085	0.00866	0.01587	0.01138	0.01036	0.00664	0.00813	0.00544	0.00431	0.00385	0.00113	0.00728	0.00286	0.00212	0.00484
12	0.00591	0.00433	0.00573	0.00546	0.00644	0.00414	0.00413	0.00778	0.01102	0.01553	0.66526	0.02957	0.07148	0.01215	0.13019	0.00215	0.00339	0.00719	0.00424	0.00392
13	0.01570	0.02004	0.01191	0.01083	0.01300	0.83539	0.00812	0.01679	0.01191	0.01029	0.00650	0.00758	0.00541	0.00433	0.00379	0.00108	0.00758	0.00271	0.00217	0.00487
14	0.00872	0.00747	0.00872	0.00623	0.00996	0.00560	0.00498	0.01058	0.00872	0.01370	0.00747	0.00872	0.00623	0.00311	0.00311	0.00062	0.00311	0.00249	0.00249	0.87796
15	0.04218	0.00746	0.00962	0.00759	0.01069	0.00692	0.00620	0.02053	0.13347	0.68355	0.01636	0.01430	0.01061	0.00524	0.00419	0.00132	0.00353	0.00425	0.00499	0.00700
16	0.00794	0.00747	0.01261	0.84216	0.02895	0.00934	0.01167	0.01074	0.00841	0.01074	0.00747	0.01121	0.00560	0.00420	0.00420	0.00140	0.00560	0.00374	0.00187	0.00467

[dist]
# distance from previous block
# <min> <max>
0	1

[block]
# block no. 2 follows, 63 sequences, length 115
# corresponding to MSA columns:
# 156-225,228-272
name=unknown_C
#
# <colnr> <probs for GDERKNQSTAVLIFYWHMCP>
#	G	D	E	R	K	N	Q	S	T	A	V	L	I	F	Y	W	H	M	C	P
0	0.88196	0.00813	0.00618	0.00553	0.00813	0.00943	0.00455	0.01236	0.00715	0.01886	0.00585	0.00683	0.00455	0.00390	0.00260	0.00130	0.00325	0.00228	0.00260	0.00455
1	0.00872	0.00747	0.00872	0.00623	0.00996	0.00560	0.00498	0.01058	0.00872	0.01370	0.00747	0.00872	0.00623	0.00311	0.00311	0.00062	0.00311	0.00249	0.00249	0.87796
2	0.00611	0.00411	0.00474	0.00474	0.00480	0.00416	0.00274	0.00621	0.00616	0.00827	0.01310	0.02671	0.01494	0.79252	0.08066	0.00427	0.00460	0.00600	0.00253	0.00263
3	0.00920	0.00920	0.01288	0.01104	0.01104	0.01288	0.00920	0.01012	0.00644	0.01012	0.00552	0.00920	0.00552	0.00736	0.01380	0.00184	0.84457	0.00368	0.00184	0.00460
4	0.00644	0.00470	0.00594	0.00564	0.00582	0.00509	0.01963	0.00676	0.00629	0.00861	0.01227	0.02437	0.01373	0.66889	0.11468	0.00414	0.07594	0.00570	0.00244	0.00292
5	0.00794	0.00747	0.01261	0.84216	0.02895	0.00934	0.01167	0.01074	0.00841	0.01074	0.00747	0.01121	0.00560	0.00420	0.00420	0.00140	0.00560	0.00374	0.00187	0.00467
6	0.01881	0.00724	0.00981	0.00752	0.01077	0.00630	0.00621	0.03475	0.01217	0.81450	0.01647	0.01423	0.01035	0.00520	0.00423	0.00130	0.00360	0.00422	0.00519	0.00715
7	0.00872	0.00747	0.00872	0.00623	0.00996	0.00560	0.00498	0.01058	0.00872	0.01370	0.00747	0.00872	0.00623	0.00311	0.00311	0.00062	0.00311	0.00249	0.00249	0.87796
8	0.01484	0.01141	0.01271	0.06617	0.08035	0.04380	0.00850	0.63196	0.01750	0.03643	0.00979	0.01029	0.00707	0.00486	0.00416	0.00126	0.00476	0.00375	0.02362	0.00678
9	0.00994	0.00868	0.03015	0.35475	0.38118	0.00913	0.01144	0.01251	0.00925	0.07926	0.00870	0.01127	0.00670	0.00411	0.00412	0.00130	0.00501	0.00378	0.04297	0.00575
10	0.00520	0.00432	0.00459	0.00468	0.00604	0.00371	0.00362	0.00640	0.00967	0.01168	0.06677	0.04093	0.70836	0.01068	0.00506	0.00147	0.00232	0.09697	0.00392	0.00360
11	0.00575	0.00392	0.00469	0.00505	0.00515	0.00383	0.00305	0.00602	0.00683	0.00911	0.01692	0.33208	0.01992	0.54136	0.01546	0.00320	0.00347	0.00828	0.00305	0.00287
12	0.00708	0.00458	0.00682	0.05364	0.03181	0.00505	0.00495	0.00679	0.00619	0.00852	0.00879	0.01475	0.00865	0.09500	0.22276	0.45915	0.04654	0.00410	0.00201	0.00282
13	0.00953	0.00909	0.01548	0.31603	0.54266	0.00976	0.01247	0.01213	0.00916	0.01267	0.00775	0.01069	0.00628	0.00391	0.00418	0.00130	0.00521	0.00374	0.00201	0.00595
14	0.01292	0.00802	0.00913	0.00783	0.01037	0.00856	0.00620	0.02072	0.49567	0.27558	0.01666	0.01525	0.01189	0.00548	0.00415	0.00135	0.00329	0.00452	0.07582	0.00659
15	0.00583	0.00429	0.00546	0.00517	0.00621	0.00392	0.00387	0.00771	0.01162	0.01620	0.73086	0.03248	0.13303	0.00884	0.00496	0.00133	0.00200	0.00775	0.00454	0.00392
16	0.00794	0.00747	0.01261	0.84216	0.02895	0.00934	0.01167	0.01074	0.00841	0.01074	0.00747	0.01121	0.00560	0.00420	0.00420	0.00140	0.00560	0.00374	0.00187	0.00467
17	0.88196	0.00813	0.00618	0.00553	0.00813	0.00943	0.00455	0.01236	0.00715	0.01886	0.00585	0.00683	0.00455	0.00390	0.00260	0.00130	0.00325	0.00228	0.00260	0.00455
18	0.00677	0.00484	0.00677	0.00774	0.00871	0.00484	0.00677	0.00871	0.00968	0.01258	0.02226	0.04742	0.02419	0.01161	0.00581	0.00194	0.00387	0.79775	0.00387	0.00387
19	0.00527	0.00412	0.00478	0.00493	0.00595	0.00363	0.00358	0.00651	0.00983	0.01270	0.25074	0.23831	0.41321	0.01071	0.00506	0.00146	0.00217	0.00929	0.00410	0.00363
20	0.00872	0.00747	0.00872	0.00623	0.00996	0.00560	0.00498	0.01058	0.00872	0.01370	0.00747	0.00872	0.00623	0.00311	0.00311	0.00062	0.00311	0.00249	0.00249	0.87796
21	0.00902	0.00895	0.01272	0.07890	0.01242	0.01242	0.00931	0.01011	0.00661	0.01016	0.00581	0.00952	0.00564	0.00764	0.03130	0.00191	0.75743	0.00370	0.00185	0.00459
22	0.01040	0.00999	0.01706	0.02580	0.82604	0.00999	0.01290	0.01290	0.00957	0.01373	0.00791	0.01040	0.00666	0.00375	0.00416	0.00125	0.00499	0.00375	0.00208	0.00666
23	0.00988	0.00850	0.00898	0.00817	0.01040	0.00972	0.00632	0.02061	0.73302	0.01690	0.01894	0.05412	0.06320	0.00634	0.00437	0.00144	0.00321	0.00532	0.00424	0.00632
24	0.00910	0.02815	0.24759	0.05114	0.14962	0.00906	0.16841	0.01260	0.04688	0.04244	0.02974	0.09881	0.00964	0.00594	0.02884	0.00153	0.03032	0.00478	0.00246	0.02294
25	0.00794	0.00747	0.01261	0.84216	0.02895	0.00934	0.01167	0.01074	0.00841	0.01074	0.00747	0.01121	0.00560	0.00420	0.00420	0.00140	0.00560	0.00374	0.00187	0.00467
26	0.88196	0.00813	0.00618	0.00553	0.00813	0.00943	0.00455	0.01236	0.00715	0.01886	0.00585	0.00683	0.00455	0.00390	0.00260	0.00130	0.00325	0.00228	0.00260	0.00455
27	0.01092	0.01007	0.04098	0.08835	0.47892	0.00971	0.16596	0.01359	0.00972	0.09984	0.00885	0.01100	0.00685	0.00398	0.00452	0.00131	0.02273	0.00401	0.00239	0.00630
28	0.01304	0.24500	0.01626	0.02758	0.10360	0.08736	0.12720	0.04148	0.01048	0.22152	0.01136	0.02365	0.04410	0.00460	0.00391	0.00119	0.00488	0.00389	0.00299	0.00591
29	0.01886	0.00715	0.00976	0.00748	0.01073	0.00618	0.00618	0.02049	0.01203	0.82895	0.01658	0.01431	0.01041	0.00520	0.00423	0.00130	0.00358	0.00423	0.00520	0.00715
30	0.00532	0.00387	0.00498	0.00580	0.00620	0.00362	0.00393	0.02183	0.00841	0.01109	0.02450	0.76674	0.09253	0.01280	0.00531	0.00167	0.00246	0.01154	0.00391	0.00350
31	0.00989	0.03378	0.04249	0.53910	0.10229	0.02796	0.01093	0.03412	0.00921	0.09661	0.00837	0.01103	0.00622	0.00442	0.00461	0.00137	0.04634	0.00370	0.00230	0.00527
32	0.00891	0.00897	0.01275	0.69259	0.06300	0.09717	0.01128	0.01146	0.00877	0.01081	0.00733	0.01073	0.00563	0.00429	0.00444	0.00137	0.03018	0.00363	0.00191	0.00478
33	0.00520	0.00377	0.00493	0.00581	0.00619	0.00350	0.00398	0.00603	0.00830	0.01096	0.03747	0.73756	0.08829	0.01283	0.00535	0.00169	0.00247	0.04829	0.00391	0.00345
34	0.00984	0.00941	0.01604	0.21417	0.64212	0.00984	0.01262	0.01240	0.00930	0.01304	0.00781	0.01059	0.00642	0.00385	0.00417	0.00128	0.00513	0.00374	0.00203	0.00620
35	0.01018	0.00574	0.00724	0.00636	0.00812	0.00549	0.00493	0.03210	0.10540	0.23581	0.40075	0.08620	0.03432	0.00752	0.00464	0.00135	0.00267	0.00651	0.02953	0.00517
36	0.00603	0.00440	0.00622	0.00621	0.00680	0.00494	0.00459	0.00721	0.00680	0.00965	0.04099	0.01955	0.01264	0.21712	0.62075	0.00595	0.00929	0.00498	0.00240	0.00349
37	0.00912	0.22660	0.63167	0.01080	0.01637	0.01145	0.01348	0.01313	0.00879	0.01247	0.00713	0.00835	0.00534	0.00390	0.00368	0.00123	0.00579	0.00290	0.00178	0.00601
38	0.84136	0.04761	0.00692	0.00561	0.00825	0.00977	0.00468	0.01237	0.00722	0.01844	0.00585	0.00682	0.00459	0.00389	0.00261	0.00128	0.00331	0.00227	0.00256	0.00459
39	0.00611	0.00414	0.00427	0.00423	0.00545	0.00372	0.00318	0.00759	0.00953	0.01347	0.10749	0.03052	0.45115	0.00835	0.00423	0.00125	0.00205	0.00694	0.32262	0.00372
40	0.00872	0.00747	0.00872	0.00623	0.00996	0.00560	0.00498	0.01058	0.00872	0.01370	0.00747	0.00872	0.00623	0.00311	0.00311	0.00062	0.00311	0.00249	0.00249	0.87796
41	0.01017	0.00826	0.02894	0.02325	0.01092	0.00662	0.00577	0.09843	0.01014	0.06993	0.00837	0.00930	0.00657	0.00351	0.00335	0.00077	0.00343	0.00279	0.00283	0.68665
42	0.00950	0.00755	0.00954	0.04685	0.07748	0.00613	0.00596	0.01139	0.00894	0.07414	0.00836	0.00994	0.00681	0.02853	0.00387	0.00086	0.00345	0.00289	0.00263	0.67518
43	0.00599	0.00444	0.00652	0.00655	0.00722	0.00510	0.00499	0.00734	0.00674	0.00965	0.01178	0.04211	0.01142	0.09937	0.74317	0.00638	0.01040	0.00486	0.00233	0.00364
44	0.01200	0.65538	0.03790	0.00761	0.01109	0.04152	0.00731	0.03325	0.07052	0.07794	0.00774	0.00819	0.00641	0.00395	0.00304	0.00100	0.00447	0.00267	0.00233	0.00568
45	0.01083	0.01010	0.01420	0.27464	0.36488	0.08927	0.01113	0.07385	0.02181	0.04421	0.00826	0.01061	0.00649	0.00424	0.00440	0.00130	0.02817	0.00368	0.01209	0.00584
46	0.00867	0.00831	0.01419	0.55171	0.13383	0.00956	0.10099	0.01224	0.07500	0.01205	0.00878	0.01233	0.00686	0.00436	0.00433	0.00140	0.00546	0.02257	0.00217	0.00519
47	0.00982	0.00931	0.01538	0.22046	0.56795	0.00987	0.01210	0.01315	0.07544	0.01333	0.00856	0.01103	0.00691	0.00402	0.00418	0.00130	0.00500	0.00383	0.00221	0.00618
48	0.00897	0.00808	0.01256	0.62691	0.08209	0.00974	0.01091	0.07719	0.06553	0.01279	0.00846	0.01141	0.00640	0.00442	0.00437	0.00138	0.02187	0.00381	0.01798	0.00514
49	0.00592	0.00426	0.00566	0.00588	0.00669	0.00401	0.00448	0.00760	0.01054	0.01457	0.48130	0.21766	0.03376	0.01963	0.00540	0.00156	0.00247	0.16052	0.00430	0.00381
50	0.00630	0.00423	0.00531	0.00504	0.00603	0.00396	0.00378	0.00828	0.01133	0.01664	0.67457	0.02850	0.03434	0.00791	0.00459	0.00126	0.00198	0.00692	0.16509	0.00396
51	0.00595	0.00430	0.00562	0.00529	0.00628	0.00397	0.00397	0.00793	0.01190	0.01686	0.82382	0.03140	0.03966	0.00859	0.00496	0.00132	0.00198	0.00760	0.00463	0.00397
52	0.00872	0.00747	0.00872	0.00623	0.00996	0.00560	0.00498	0.01058	0.00872	0.01370	0.00747	0.00872	0.00623	0.00311	0.00311	0.00062	0.00311	0.00249	0.00249	0.87796
53	0.31027	0.00755	0.00776	0.00674	0.00891	0.02758	0.03406	0.09963	0.03731	0.09002	0.01553	0.09168	0.12684	0.00632	0.00410	0.00135	0.02827	0.01648	0.07473	0.00488
54	0.01886	0.00715	0.00976	0.00748	0.01073	0.00618	0.00618	0.02049	0.01203	0.82895	0.01658	0.01431	0.01041	0.00520	0.00423	0.00130	0.00358	0.00423	0.00520	0.00715
55	0.00626	0.00447	0.00618	0.00715	0.00790	0.00439	0.00588	0.00782	0.00917	0.01200	0.02254	0.29749	0.02532	0.01210	0.00567	0.00186	0.00342	0.55276	0.00388	0.00373
56	0.00828	0.00771	0.01281	0.78132	0.06426	0.00948	0.01162	0.03414	0.00879	0.01133	0.00757	0.01114	0.00570	0.00421	0.00420	0.00139	0.00555	0.00374	0.00195	0.00483
57	0.00599	0.00462	0.00629	0.00587	0.00705	0.00424	0.03968	0.00784	0.01111	0.01522	0.56466	0.06063	0.17250	0.00911	0.00504	0.00140	0.00239	0.06810	0.00431	0.00394
58	0.00558	0.00404	0.00522	0.00598	0.00651	0.00382	0.00435	0.00657	0.00847	0.01107	0.03573	0.49106	0.11534	0.08829	0.00686	0.00194	0.00287	0.18905	0.00378	0.00346
59	0.00912	0.00623	0.00584	0.03541	0.00740	0.07317	0.00428	0.04903	0.08891	0.01575	0.01306	0.01459	0.01018	0.00491	0.00324	0.00106	0.00281	0.00389	0.64668	0.00444
60	0.00534	0.00368	0.00480	0.00570	0.00600	0.00346	0.00382	0.00618	0.00811	0.01114	0.02240	0.78133	0.02641	0.01249	0.00517	0.00165	0.00240	0.01129	0.07518	0.00346
61	0.00949	0.00921	0.01612	0.31453	0.47702	0.00981	0.07841	0.01218	0.00919	0.01265	0.00780	0.01077	0.00626	0.00389	0.00424	0.00132	0.00538	0.00384	0.00201	0.00587
62	0.01007	0.00818	0.00956	0.04580	0.01137	0.00702	0.00581	0.14385	0.01060	0.03037	0.00807	0.00916	0.00643	0.00352	0.00337	0.00078	0.00349	0.00279	0.00280	0.67696
63	0.60835	0.27418	0.01116	0.00605	0.00897	0.01169	0.00538	0.01243	0.00759	0.01604	0.00585	0.00680	0.00482	0.00381	0.00263	0.00117	0.00364	0.00227	0.00235	0.00482
64	0.00778	0.00723	0.01213	0.77385	0.02720	0.00901	0.01115	0.01048	0.00827	0.01066	0.00778	0.01164	0.00600	0.00644	0.07219	0.00184	0.00607	0.00380	0.00190	0.00459
65	0.01115	0.00997	0.01641	0.02412	0.74816	0.02594	0.01230	0.01355	0.00980	0.07554	0.00854	0.01065	0.00692	0.00387	0.00416	0.00125	0.00494	0.00376	0.00232	0.00666
66	0.00612	0.00438	0.00639	0.00639	0.00699	0.00498	0.00480	0.00717	0.00657	0.00936	0.01118	0.01753	0.01082	0.12909	0.67046	0.07765	0.00977	0.00463	0.00225	0.00345
67	0.00795	0.00435	0.00465	0.00450	0.00540	0.00465	0.00345	0.00982	0.00862	0.01522	0.01304	0.01514	0.01034	0.00510	0.00383	0.00105	0.07086	0.00390	0.80415	0.00397
68	0.01010	0.06678	0.01464	0.01155	0.03118	0.03501	0.12484	0.05461	0.12272	0.01260	0.00829	0.02714	0.00722	0.00615	0.00926	0.00159	0.44460	0.00407	0.00240	0.00526
69	0.00567	0.00416	0.00532	0.00530	0.00618	0.00380	0.00387	0.00729	0.01083	0.01497	0.57083	0.20743	0.11913	0.00979	0.00505	0.00141	0.00210	0.00867	0.00440	0.00380
70	0.86155	0.02797	0.00655	0.00557	0.00819	0.00960	0.00461	0.01236	0.00719	0.01865	0.00585	0.00683	0.00457	0.00390	0.00260	0.00129	0.00328	0.00228	0.00258	0.00457
71	0.00814	0.00768	0.01297	0.77540	0.09413	0.00939	0.01177	0.01092	0.00850	0.01099	0.00751	0.01114	0.00569	0.00417	0.00420	0.00139	0.00555	0.00374	0.00189	0.00483
72	0.00520	0.00372	0.00494	0.00580	0.00611	0.00346	0.00391	0.00604	0.00839	0.01128	0.09446	0.77668	0.02886	0.01276	0.00533	0.00167	0.00240	0.01156	0.00397	0.00346
73	0.01644	0.01104	0.01216	0.00932	0.01267	0.01194	0.00770	0.68588	0.01853	0.15438	0.01113	0.01076	0.00767	0.00507	0.00421	0.00127	0.00446	0.00386	0.00436	0.00715
74	0.01078	0.01027	0.01278	0.01078	0.01151	0.05895	0.00892	0.15456	0.00914	0.01307	0.00639	0.00927	0.00581	0.00677	0.01151	0.00169	0.64681	0.00364	0.00228	0.00507
75	0.00866	0.08986	0.76437	0.01159	0.01759	0.01032	0.01485	0.01325	0.00885	0.01303	0.00740	0.00870	0.00533	0.00396	0.00389	0.00130	0.00607	0.00304	0.00178	0.00615
76	0.00593	0.00430	0.00559	0.00527	0.00627	0.00396	0.00395	0.00790	0.01185	0.01675	0.80845	0.03158	0.05510	0.00863	0.00496	0.00132	0.00199	0.00763	0.00461	0.00396
77	0.88196	0.00813	0.00618	0.00553	0.00813	0.00943	0.00455	0.01236	0.00715	0.01886	0.00585	0.00683	0.00455	0.00390	0.00260	0.00130	0.00325	0.00228	0.00260	0.00455
78	0.00730	0.00365	0.00548	0.00548	0.00548	0.00365	0.00365	0.00548	0.00548	0.00730	0.00730	0.01278	0.00730	0.01460	0.01643	0.87769	0.00365	0.00365	0.00183	0.00183
79	0.01023	0.00998	0.01709	0.02348	0.67332	0.01038	0.06675	0.01260	0.00922	0.01328	0.00766	0.01032	0.00650	0.00417	0.00537	0.00133	0.10610	0.00382	0.00205	0.00634
80	0.00615	0.00472	0.00704	0.00695	0.00767	0.00561	0.00544	0.00763	0.00674	0.00978	0.01099	0.01618	0.01028	0.03041	0.79754	0.00653	0.04986	0.00447	0.00223	0.00379
81	0.09458	0.00993	0.01792	0.13007	0.31671	0.01880	0.30462	0.01265	0.00930	0.01363	0.00820	0.02952	0.00668	0.00397	0.00433	0.00134	0.00565	0.00422	0.00216	0.00573
82	0.04410	0.37370	0.02720	0.02814	0.01171	0.07083	0.02236	0.07448	0.00996	0.13808	0.00808	0.00884	0.00637	0.00435	0.00430	0.00111	0.08377	0.00296	0.00263	0.07701
83	0.00595	0.00430	0.00562	0.00529	0.00628	0.00397	0.00397	0.00793	0.01190	0.01686	0.82382	0.03140	0.03966	0.00859	0.00496	0.00132	0.00198	0.00760	0.00463	0.00397
84	0.00582	0.00429	0.00544	0.00515	0.00620	0.00391	0.00387	0.00769	0.01160	0.01614	0.72226	0.03258	0.14167	0.00886	0.00496	0.00133	0.00200	0.00777	0.00453	0.00391
85	0.01068	0.00969	0.01312	0.45219	0.16944	0.09659	0.01072	0.08887	0.02650	0.06095	0.00841	0.01082	0.00635	0.00434	0.00426	0.00133	0.01418	0.00368	0.00240	0.00547
86	0.01280	0.04969	0.01220	0.04167	0.15229	0.08427	0.00817	0.16285	0.26917	0.11949	0.03581	0.01273	0.00994	0.00499	0.00414	0.00129	0.00436	0.00408	0.00362	0.00644
87	0.00518	0.00371	0.00498	0.00588	0.00617	0.00351	0.00397	0.00598	0.00808	0.01083	0.04177	0.79111	0.02728	0.01392	0.04407	0.00193	0.00284	0.01150	0.00384	0.00344
88	0.00903	0.02160	0.76355	0.01189	0.01777	0.07728	0.01493	0.01360	0.00912	0.01307	0.00746	0.00877	0.00533	0.00402	0.00398	0.00131	0.00632	0.00307	0.00181	0.00610
89	0.01308	0.07609	0.04134	0.17764	0.01520	0.17714	0.00828	0.05902	0.13521	0.20115	0.01121	0.03143	0.00837	0.00496	0.00423	0.00128	0.02148	0.00386	0.00323	0.00580
90	0.01018	0.00964	0.01644	0.06313	0.75931	0.00973	0.01251	0.01253	0.00937	0.01336	0.00787	0.01053	0.00663	0.00416	0.00461	0.03283	0.00497	0.00374	0.00206	0.00639
91	0.00794	0.00747	0.01261	0.84216	0.02895	0.00934	0.01167	0.01074	0.00841	0.01074	0.00747	0.01121	0.00560	0.00420	0.00420	0.00140	0.00560	0.00374	0.00187	0.00467
92	0.00936	0.01000	0.08178	0.17951	0.54473	0.00935	0.01217	0.01199	0.00922	0.01292	0.00953	0.05045	0.03156	0.00450	0.00424	0.00131	0.00501	0.00423	0.00215	0.00600
93	0.02654	0.00728	0.11230	0.00654	0.00876	0.00530	0.00582	0.01138	0.01068	0.21490	0.32850	0.05431	0.12635	0.05583	0.00557	0.00150	0.00310	0.00632	0.00412	0.00490
94	0.01006	0.00984	0.01580	0.21496	0.60529	0.04580	0.01241	0.01257	0.00940	0.01289	0.00774	0.01047	0.00636	0.00388	0.00416	0.00128	0.00525	0.00370	0.00204	0.00612
95	0.07063	0.01061	0.16647	0.00867	0.01206	0.00833	0.02302	0.15754	0.06617	0.30868	0.01368	0.11291	0.01066	0.00582	0.00423	0.00136	0.00416	0.00479	0.00392	0.00629
96	0.00788	0.00580	0.00855	0.20628	0.01300	0.00589	0.05368	0.00991	0.01892	0.09885	0.21334	0.04368	0.20845	0.03242	0.02181	0.00157	0.00366	0.02117	0.02068	0.00444
97	0.00674	0.00515	0.00702	0.00812	0.09627	0.00510	0.00526	0.00821	0.02537	0.04173	0.16006	0.34493	0.14243	0.04474	0.00620	0.00164	0.05100	0.03219	0.00371	0.00413
98	0.01143	0.06265	0.14608	0.12676	0.05931	0.03819	0.01917	0.12510	0.10047	0.12213	0.01078	0.02287	0.02131	0.00601	0.03490	0.00155	0.07847	0.00393	0.00298	0.00591
99	0.00675	0.00476	0.00569	0.00565	0.00674	0.02293	0.00420	0.00807	0.00973	0.07477	0.23469	0.20968	0.23762	0.03132	0.09046	0.00206	0.00343	0.03357	0.00395	0.00394
100	0.01006	0.00968	0.04483	0.25417	0.20306	0.04614	0.18512	0.02210	0.00980	0.07692	0.05188	0.03032	0.00907	0.00463	0.00444	0.00136	0.00543	0.02296	0.00251	0.00555
101	0.00944	0.00914	0.01445	0.10112	0.42974	0.02872	0.02899	0.01147	0.00852	0.01210	0.00807	0.03558	0.00724	0.00740	0.08149	0.00191	0.19293	0.00405	0.00208	0.00558
102	0.00918	0.01033	0.08664	0.32331	0.22841	0.09000	0.01086	0.01183	0.02590	0.01201	0.03309	0.06972	0.02386	0.00512	0.00467	0.00136	0.04183	0.00438	0.00225	0.00525
103	0.03623	0.18674	0.04799	0.16102	0.24078	0.13388	0.02787	0.01260	0.02044	0.01183	0.00850	0.07791	0.00772	0.00469	0.00387	0.00123	0.00520	0.00392	0.00218	0.00541
104	0.03450	0.02475	0.03485	0.07967	0.47725	0.00888	0.03588	0.02221	0.01716	0.02478	0.05971	0.05313	0.08211	0.00524	0.00448	0.00132	0.02098	0.00477	0.00255	0.00577
105	0.00627	0.00467	0.00603	0.04559	0.03149	0.02302	0.00486	0.00733	0.00868	0.04062	0.04205	0.59295	0.09017	0.01156	0.00519	0.00163	0.00289	0.06743	0.00378	0.00379
106	0.01034	0.01027	0.05271	0.12232	0.58933	0.02318	0.03558	0.01288	0.00939	0.04249	0.00803	0.01050	0.00652	0.00404	0.00463	0.00130	0.04432	0.00375	0.00215	0.00626
107	0.01015	0.01004	0.02866	0.09917	0.64075	0.01010	0.07789	0.02373	0.00953	0.01350	0.00787	0.01049	0.00649	0.00390	0.00451	0.00129	0.02965	0.00383	0.00208	0.00634
108	0.00529	0.00413	0.00542	0.00577	0.00651	0.00374	0.03273	0.00623	0.00858	0.01105	0.04298	0.54604	0.25731	0.03641	0.00569	0.00168	0.00256	0.01056	0.00381	0.00352
109	0.01015	0.00885	0.01010	0.04727	0.07822	0.01011	0.00729	0.02045	0.68676	0.01672	0.01614	0.04509	0.01254	0.00574	0.00430	0.00142	0.00353	0.00488	0.00398	0.00645
110	0.00947	0.00841	0.01337	0.07973	0.40170	0.02466	0.05158	0.04027	0.01876	0.03309	0.11680	0.03294	0.01188	0.00757	0.07308	0.04046	0.02351	0.00456	0.00262	0.00552
111	0.02701	0.06754	0.19203	0.03308	0.17104	0.00953	0.21062	0.03936	0.01839	0.05691	0.01210	0.05904	0.07446	0.00498	0.00434	0.00133	0.00525	0.00469	0.00252	0.00575
112	0.01856	0.00764	0.01006	0.00771	0.01097	0.00690	0.00637	0.10400	0.01285	0.74429	0.01590	0.01386	0.01006	0.00519	0.00423	0.00130	0.00369	0.00418	0.00510	0.00715
113	0.29278	0.00966	0.04862	0.24935	0.07610	0.04829	0.00847	0.08660	0.08722	0.04309	0.00841	0.00988	0.00632	0.00432	0.00366	0.00133	0.00454	0.00331	0.00269	0.00536
114	0.02894	0.03975	0.39711	0.01362	0.13658	0.00934	0.13386	0.01305	0.03441	0.04001	0.07552	0.04008	0.00963	0.00465	0.00424	0.00133	0.00540	0.00419	0.00239	0.00590

[dist]
# distance from previous block
# <min> <max>
0	5

[block]
# block no. 3 follows, 63 sequences, length 17
# corresponding to MSA columns:
# 278-280,284-297
name=unknown_D
#
# <colnr> <probs for GDERKNQSTAVLIFYWHMCP>
#	G	D	E	R	K	N	Q	S	T	A	V	L	I	F	Y	W	H	M	C	P
0	0.00673	0.00522	0.00667	0.00720	0.07139	0.00508	0.00496	0.00957	0.09428	0.01522	0.42562	0.06356	0.15528	0.00844	0.00480	0.00138	0.00253	0.05974	0.04799	0.00436
1	0.05189	0.00882	0.03405	0.00885	0.03615	0.00834	0.03143	0.18404	0.07586	0.46236	0.04422	0.01350	0.01039	0.00515	0.00420	0.00131	0.00393	0.00420	0.00451	0.00680
2	0.01082	0.03898	0.03512	0.06509	0.60743	0.00966	0.03257	0.01327	0.00962	0.07770	0.00848	0.01052	0.00679	0.00385	0.00408	0.00122	0.00488	0.00368	0.00232	0.05393
3	0.07591	0.00755	0.02641	0.08948	0.07407	0.00736	0.08514	0.05378	0.05475	0.19756	0.12182	0.11978	0.03926	0.00646	0.00446	0.00139	0.00390	0.02180	0.00368	0.00543
4	0.01093	0.00913	0.09407	0.00921	0.07475	0.02632	0.00728	0.04721	0.24641	0.17366	0.18832	0.01868	0.06344	0.00612	0.00440	0.00134	0.00360	0.00516	0.00403	0.00593
5	0.01378	0.01025	0.12487	0.01293	0.22030	0.00838	0.00925	0.07947	0.06899	0.34598	0.05323	0.01318	0.01013	0.00486	0.00422	0.00130	0.00429	0.00412	0.00376	0.00670
6	0.00937	0.03915	0.10111	0.04587	0.19279	0.02629	0.00836	0.02977	0.00922	0.01357	0.00786	0.02541	0.00659	0.00368	0.00356	0.00093	0.00414	0.00310	0.00233	0.46691
7	0.00710	0.02338	0.00966	0.00813	0.00952	0.00666	0.12685	0.00941	0.07145	0.01086	0.01452	0.01941	0.09467	0.15391	0.37638	0.00422	0.04194	0.00522	0.00258	0.00412
8	0.01132	0.08286	0.01223	0.09554	0.01375	0.17435	0.05344	0.04412	0.40969	0.01481	0.03636	0.01289	0.01023	0.00504	0.00410	0.00130	0.00472	0.00409	0.00328	0.00587
9	0.01371	0.02129	0.07840	0.01518	0.30669	0.03398	0.04620	0.04591	0.06491	0.31312	0.01171	0.01196	0.00829	0.00448	0.00419	0.00128	0.00461	0.00394	0.00343	0.00671
10	0.00711	0.00503	0.00589	0.00550	0.00695	0.00472	0.00418	0.00984	0.10408	0.07881	0.36277	0.06442	0.30690	0.00889	0.00484	0.00138	0.00233	0.00762	0.00435	0.00436
11	0.00513	0.00415	0.00458	0.00487	0.00597	0.00360	0.00359	0.00619	0.00926	0.01139	0.05231	0.23575	0.56951	0.01127	0.00511	0.00152	0.00230	0.05604	0.00392	0.00354
12	0.01259	0.01400	0.07190	0.11699	0.23034	0.30164	0.08024	0.03360	0.01067	0.07668	0.00812	0.00978	0.00628	0.00415	0.00410	0.00123	0.00613	0.00348	0.00236	0.00572
13	0.02884	0.05124	0.02748	0.01221	0.10269	0.06765	0.10970	0.44453	0.01536	0.08452	0.00961	0.01022	0.00698	0.00458	0.00417	0.00126	0.00509	0.00378	0.00347	0.00662
14	0.00771	0.00487	0.00669	0.00641	0.00737	0.00526	0.00485	0.03300	0.00776	0.09506	0.01273	0.05503	0.01190	0.14929	0.52246	0.00510	0.00832	0.00500	0.04718	0.00402
15	0.79172	0.00824	0.00687	0.00610	0.00843	0.00979	0.00503	0.01213	0.00708	0.01796	0.00582	0.00707	0.00465	0.00426	0.00376	0.00136	0.09024	0.00242	0.00252	0.00456
16	0.00602	0.00444	0.00642	0.00642	0.00706	0.00507	0.00484	0.00729	0.00666	0.00951	0.01157	0.01820	0.01124	0.15765	0.71049	0.00634	0.01016	0.00475	0.00230	0.00357

[dist]
# distance from previous block
# <min> <max>
0	67

# created by:
# /st0/software/busco_prod/Augustus/scripts/msa2prfl.pl ./align_prep/111816.fa
