[name]
unknown

[dist]
# distance from previous block
# <min> <max>
0	12

[block]
# block no. 0 follows, 56 sequences, length 18
# corresponding to MSA columns:
# 14-31
name=unknown_A
#
# <colnr> <probs for GDERKNQSTAVLIFYWHMCP>
#	G	D	E	R	K	N	Q	S	T	A	V	L	I	F	Y	W	H	M	C	P
0	0.00939	0.05733	0.03959	0.00884	0.01100	0.03267	0.09167	0.11020	0.03316	0.01667	0.21134	0.11333	0.07858	0.00829	0.00534	0.00152	0.02738	0.07938	0.05914	0.00517
1	0.01071	0.00942	0.03805	0.01106	0.11440	0.08069	0.03836	0.07366	0.09204	0.07943	0.10499	0.20439	0.06445	0.00795	0.00495	0.00148	0.00422	0.00695	0.00387	0.04897
2	0.01174	0.03687	0.18592	0.01038	0.04599	0.20993	0.00903	0.04648	0.07300	0.05723	0.03995	0.05525	0.03230	0.13155	0.00730	0.00182	0.00564	0.00481	0.00302	0.03178
3	0.01292	0.17148	0.14277	0.01540	0.17893	0.26077	0.10300	0.02637	0.01111	0.01311	0.00831	0.00997	0.01735	0.00440	0.00421	0.00128	0.00665	0.00356	0.00226	0.00617
4	0.00626	0.00453	0.00589	0.00606	0.00680	0.00441	0.00435	0.00752	0.00972	0.01325	0.26021	0.22018	0.11763	0.11268	0.15042	0.02875	0.00445	0.02909	0.00394	0.00384
5	0.03691	0.19581	0.14866	0.04412	0.07502	0.17167	0.00952	0.09063	0.01143	0.01481	0.00991	0.01121	0.03335	0.00477	0.00389	0.00123	0.00551	0.00353	0.10362	0.02440
6	0.01079	0.08060	0.07316	0.02992	0.27975	0.02993	0.11780	0.06313	0.06039	0.02828	0.03149	0.03021	0.10296	0.03524	0.00534	0.00152	0.00521	0.00513	0.00293	0.00625
7	0.00648	0.00458	0.00574	0.00628	0.00693	0.00436	0.00433	0.00803	0.04928	0.03373	0.09935	0.54217	0.09552	0.09034	0.00734	0.00202	0.00286	0.02241	0.00426	0.00400
8	0.01053	0.00643	0.02938	0.10325	0.01150	0.00598	0.00651	0.01283	0.03381	0.20614	0.11309	0.13418	0.07952	0.00847	0.00498	0.00156	0.00356	0.10866	0.11436	0.00527
9	0.06504	0.04574	0.20615	0.02750	0.09732	0.05717	0.09738	0.05879	0.01055	0.09010	0.02531	0.05286	0.00990	0.10337	0.01663	0.00186	0.02081	0.00471	0.00288	0.00594
10	0.01006	0.19324	0.31664	0.04849	0.10794	0.04185	0.03096	0.01285	0.00953	0.01280	0.03247	0.01208	0.03901	0.00604	0.00577	0.10285	0.00564	0.00380	0.00220	0.00576
11	0.00565	0.00409	0.00536	0.00636	0.00674	0.00380	0.00433	0.00653	0.00897	0.01185	0.02670	0.75109	0.08295	0.01413	0.00585	0.00185	0.00270	0.04302	0.00426	0.00376
12	0.01054	0.02188	0.72049	0.01251	0.01891	0.01020	0.01576	0.01546	0.01010	0.10826	0.00940	0.01039	0.00647	0.00452	0.00439	0.00145	0.00645	0.00354	0.00238	0.00691
13	0.01081	0.01277	0.12299	0.10931	0.35935	0.11161	0.01189	0.03288	0.02787	0.01426	0.03292	0.06925	0.05311	0.00559	0.00464	0.00142	0.00557	0.00490	0.00264	0.00623
14	0.01180	0.14025	0.15402	0.03149	0.01852	0.02229	0.33073	0.05735	0.02115	0.08602	0.01032	0.03918	0.00819	0.00489	0.00501	0.00145	0.03015	0.01814	0.00274	0.00631
15	0.00946	0.02224	0.72143	0.01486	0.11259	0.01069	0.01663	0.01449	0.00978	0.01459	0.00829	0.00989	0.00599	0.00433	0.00438	0.00144	0.00663	0.00347	0.00198	0.00684
16	0.00575	0.00433	0.00577	0.00640	0.00696	0.00399	0.02435	0.00665	0.00901	0.01178	0.02766	0.65802	0.14814	0.04993	0.00655	0.00192	0.00282	0.01206	0.00415	0.00377
17	0.00998	0.07652	0.47789	0.01196	0.01698	0.06250	0.08097	0.03995	0.01035	0.02651	0.01164	0.10787	0.03544	0.00579	0.00456	0.00146	0.00610	0.00486	0.00250	0.00617

[dist]
# distance from previous block
# <min> <max>
2	7

[block]
# block no. 1 follows, 56 sequences, length 35
# corresponding to MSA columns:
# 39-73
name=unknown_B
#
# <colnr> <probs for GDERKNQSTAVLIFYWHMCP>
#	G	D	E	R	K	N	Q	S	T	A	V	L	I	F	Y	W	H	M	C	P
0	0.01207	0.00689	0.00922	0.00764	0.01018	0.00611	0.04216	0.04593	0.02221	0.27770	0.14201	0.14308	0.09562	0.00789	0.00491	0.00142	0.00346	0.02621	0.00456	0.13074
1	0.05738	0.07794	0.03023	0.00917	0.01248	0.03871	0.00763	0.29306	0.24553	0.04350	0.01251	0.01241	0.00936	0.00526	0.00420	0.00131	0.00439	0.00404	0.03503	0.09587
2	0.01361	0.00786	0.00965	0.00733	0.01083	0.00661	0.00592	0.05267	0.02364	0.30368	0.04055	0.01420	0.03353	0.00544	0.01858	0.00118	0.00370	0.00400	0.03667	0.40033
3	0.01070	0.04250	0.21146	0.05521	0.05748	0.01132	0.37201	0.05755	0.04049	0.01532	0.00918	0.01140	0.00691	0.00424	0.00494	0.00144	0.01856	0.00443	0.00244	0.06241
4	0.00940	0.00764	0.04451	0.00812	0.01018	0.00718	0.04377	0.04045	0.21033	0.08040	0.27837	0.14727	0.05628	0.00861	0.00518	0.00156	0.00338	0.02728	0.00455	0.00555
5	0.00656	0.00492	0.00738	0.00738	0.00820	0.00574	0.00574	0.00820	0.00738	0.01066	0.01230	0.01804	0.01148	0.03443	0.82046	0.00738	0.01230	0.00492	0.00246	0.00410
6	0.09746	0.01032	0.07609	0.00974	0.01303	0.00959	0.07440	0.12704	0.11811	0.25914	0.01511	0.01614	0.03724	0.00597	0.00505	0.00150	0.04286	0.04185	0.03265	0.00669
7	0.01065	0.01269	0.08425	0.07080	0.15078	0.01139	0.54311	0.01433	0.01050	0.01448	0.00896	0.01196	0.00686	0.00408	0.00535	0.00152	0.02479	0.00494	0.00226	0.00632
8	0.00570	0.00407	0.00545	0.00651	0.00683	0.00382	0.00445	0.00658	0.00889	0.01184	0.02525	0.78961	0.03013	0.01428	0.00589	0.00188	0.00276	0.05806	0.00426	0.00376
9	0.00579	0.00410	0.00536	0.00629	0.00655	0.00387	0.00419	0.00653	0.00859	0.01144	0.02393	0.70944	0.02854	0.11619	0.00804	0.00219	0.00294	0.03832	0.00408	0.00363
10	0.01996	0.00816	0.01079	0.00835	0.01185	0.00736	0.00687	0.05945	0.05561	0.73330	0.01780	0.01549	0.01134	0.00570	0.00462	0.00143	0.00395	0.00462	0.00558	0.00778
11	0.00777	0.00513	0.00588	0.00558	0.00723	0.00447	0.00424	0.00935	0.02455	0.12103	0.15241	0.10341	0.49764	0.01065	0.00535	0.00155	0.00260	0.02205	0.00458	0.00452
12	0.00656	0.00492	0.00738	0.00738	0.00820	0.00574	0.00574	0.00820	0.00738	0.01066	0.01230	0.01804	0.01148	0.03443	0.82046	0.00738	0.01230	0.00492	0.00246	0.00410
13	0.00563	0.00402	0.00536	0.00637	0.00667	0.00375	0.00426	0.00648	0.00895	0.01197	0.05495	0.80529	0.03086	0.01419	0.00584	0.00185	0.00264	0.01287	0.00429	0.00375
14	0.00706	0.00550	0.00825	0.00785	0.00868	0.00637	0.03554	0.00863	0.00761	0.01110	0.01250	0.05101	0.01199	0.08049	0.60049	0.00600	0.07469	0.00528	0.04678	0.00416
15	0.02757	0.01173	0.03388	0.04572	0.02219	0.01122	0.64463	0.01455	0.04836	0.01469	0.01028	0.05067	0.00828	0.00463	0.00558	0.00157	0.03030	0.00559	0.00251	0.00604
16	0.01625	0.12601	0.01433	0.01120	0.01371	0.67558	0.00867	0.03226	0.01250	0.01148	0.00717	0.00858	0.00611	0.01745	0.00448	0.00123	0.02225	0.00299	0.00236	0.00540
17	0.01172	0.61667	0.13456	0.01128	0.11841	0.01615	0.00996	0.01390	0.00953	0.01188	0.00694	0.00822	0.00606	0.00401	0.00336	0.00110	0.00525	0.00280	0.00200	0.00620
18	0.00563	0.00409	0.00532	0.00629	0.00669	0.00378	0.00428	0.00650	0.00899	0.01184	0.02724	0.74118	0.10219	0.01408	0.00583	0.00184	0.00267	0.03354	0.00426	0.00376
19	0.01062	0.00551	0.00586	0.00535	0.00691	0.01842	0.00413	0.03936	0.03223	0.12594	0.05208	0.01736	0.01301	0.00560	0.00361	0.00116	0.00262	0.00451	0.64073	0.00498
20	0.01637	0.09153	0.01364	0.01110	0.01357	0.65122	0.00855	0.03419	0.01262	0.04998	0.00823	0.03602	0.00702	0.00511	0.00434	0.00122	0.02383	0.00337	0.00259	0.00549
21	0.02060	0.00781	0.01065	0.00817	0.01172	0.00675	0.00675	0.02237	0.01314	0.81320	0.01811	0.01563	0.01136	0.00568	0.00462	0.00142	0.00391	0.00462	0.00568	0.00781
22	0.01116	0.01070	0.01827	0.08870	0.75109	0.01085	0.01399	0.01391	0.01036	0.01475	0.00860	0.01143	0.00718	0.00413	0.00455	0.00138	0.00550	0.00409	0.00225	0.00711
23	0.00658	0.00454	0.00577	0.00589	0.00622	0.00477	0.00390	0.00726	0.00723	0.01004	0.01502	0.11679	0.01642	0.46281	0.27435	0.00498	0.00667	0.00676	0.03064	0.00336
24	0.00559	0.00400	0.00533	0.00639	0.00666	0.00373	0.00426	0.00639	0.00879	0.01172	0.02530	0.83566	0.03036	0.01438	0.00586	0.00186	0.00266	0.01305	0.00426	0.00373
25	0.00797	0.00399	0.00598	0.00598	0.00598	0.00399	0.00399	0.00598	0.00598	0.00797	0.00797	0.01396	0.00797	0.01595	0.01794	0.86643	0.00399	0.00399	0.00199	0.00199
26	0.01080	0.01030	0.01773	0.08683	0.64421	0.01041	0.05185	0.01355	0.01039	0.01463	0.00996	0.01491	0.00879	0.00485	0.00474	0.00145	0.00551	0.06988	0.00242	0.00680
27	0.00867	0.00816	0.01377	0.82762	0.03162	0.01020	0.01275	0.01173	0.00918	0.01173	0.00816	0.01224	0.00612	0.00459	0.00459	0.00153	0.00612	0.00408	0.00204	0.00510
28	0.00566	0.00478	0.00491	0.00485	0.00639	0.00409	0.00365	0.00718	0.02982	0.01304	0.10578	0.04275	0.72868	0.01132	0.00541	0.00154	0.00234	0.00947	0.00434	0.00399
29	0.00952	0.00816	0.00952	0.00680	0.01088	0.00612	0.00544	0.01156	0.00952	0.01496	0.00816	0.00952	0.00680	0.00340	0.00340	0.00068	0.00340	0.00272	0.00272	0.86672
30	0.02291	0.11037	0.07696	0.01155	0.03641	0.02161	0.18857	0.09808	0.02729	0.15840	0.09336	0.03126	0.01241	0.00545	0.00462	0.00137	0.00511	0.02464	0.00354	0.06611
31	0.01493	0.13911	0.01412	0.01056	0.05568	0.23318	0.00814	0.22412	0.03889	0.08131	0.03712	0.01227	0.04032	0.00524	0.00420	0.00123	0.00548	0.00388	0.00342	0.06680
32	0.00642	0.00481	0.00593	0.00593	0.00703	0.00446	0.00442	0.02354	0.02335	0.01576	0.41982	0.19343	0.20731	0.01090	0.00552	0.00158	0.00248	0.04842	0.00467	0.00422
33	0.01101	0.01046	0.01748	0.05097	0.71186	0.01057	0.01329	0.01410	0.04353	0.01495	0.01036	0.02471	0.02665	0.00463	0.00461	0.00140	0.00527	0.01465	0.00247	0.00704
34	0.01507	0.03862	0.07878	0.01083	0.04046	0.15889	0.03842	0.17161	0.09047	0.19881	0.04025	0.02981	0.01127	0.00592	0.00463	0.00142	0.00531	0.04877	0.00396	0.00668

[dist]
# distance from previous block
# <min> <max>
0	1

[block]
# block no. 2 follows, 56 sequences, length 26
# corresponding to MSA columns:
# 75-100
name=unknown_C
#
# <colnr> <probs for GDERKNQSTAVLIFYWHMCP>
#	G	D	E	R	K	N	Q	S	T	A	V	L	I	F	Y	W	H	M	C	P
0	0.01487	0.11246	0.01382	0.01096	0.03099	0.44003	0.00849	0.06735	0.04815	0.04268	0.00863	0.00996	0.00707	0.00589	0.02477	0.00144	0.09906	0.00339	0.04433	0.00566
1	0.04838	0.02333	0.05681	0.02083	0.15550	0.05287	0.06583	0.05967	0.06225	0.06352	0.03229	0.01155	0.00853	0.00435	0.00411	0.00114	0.00469	0.00372	0.00301	0.31762
2	0.00944	0.08451	0.75610	0.01270	0.01927	0.01122	0.01629	0.01448	0.00967	0.01426	0.00810	0.00952	0.00582	0.00433	0.00426	0.00142	0.00665	0.00332	0.00194	0.00672
3	0.00557	0.00409	0.00523	0.00614	0.00659	0.00375	0.00415	0.00642	0.00903	0.01182	0.02834	0.72225	0.14181	0.01399	0.00580	0.00182	0.00262	0.01257	0.00426	0.00375
4	0.18138	0.06256	0.08050	0.06882	0.10347	0.03762	0.02634	0.05503	0.02038	0.12792	0.04347	0.04911	0.04149	0.01596	0.00498	0.01372	0.03164	0.00446	0.00324	0.02792
5	0.01222	0.01161	0.01795	0.15643	0.06829	0.11086	0.29225	0.05176	0.01116	0.09663	0.01054	0.06281	0.00859	0.00531	0.00563	0.00152	0.06261	0.00503	0.00283	0.00597
6	0.00579	0.00458	0.00526	0.00556	0.00673	0.00404	0.00417	0.00708	0.01039	0.01306	0.12423	0.21897	0.46839	0.01210	0.00562	0.00167	0.00258	0.09150	0.00435	0.00393
7	0.01007	0.00837	0.00810	0.00772	0.00827	0.18526	0.00552	0.00913	0.00766	0.00900	0.00784	0.01263	0.00755	0.01376	0.04903	0.58400	0.05718	0.00380	0.00210	0.00301
8	0.03382	0.02166	0.03405	0.01185	0.13431	0.04910	0.04215	0.10409	0.06011	0.22241	0.05463	0.14815	0.03517	0.00709	0.00484	0.00149	0.00441	0.02017	0.00411	0.00638
9	0.00624	0.00460	0.00583	0.00570	0.00674	0.00419	0.00421	0.00809	0.01212	0.01674	0.60440	0.13630	0.14715	0.01032	0.00547	0.00151	0.00225	0.00909	0.00485	0.00419
10	0.53838	0.00966	0.00775	0.00712	0.00951	0.11076	0.00570	0.01361	0.00896	0.06570	0.00966	0.01417	0.00854	0.05890	0.03970	0.00190	0.00466	0.07731	0.00307	0.00494
11	0.01016	0.01012	0.01925	0.01729	0.17986	0.00981	0.39383	0.04619	0.01101	0.01530	0.06148	0.08561	0.04338	0.00570	0.00534	0.00151	0.02378	0.00600	0.04842	0.00594
12	0.01376	0.00887	0.01294	0.10028	0.17280	0.00936	0.03571	0.04868	0.07547	0.26609	0.01289	0.01376	0.00934	0.00546	0.00567	0.00146	0.09877	0.00440	0.09768	0.00661
13	0.00644	0.00460	0.00630	0.00736	0.00800	0.00446	0.00573	0.00785	0.00962	0.01267	0.02484	0.46816	0.02852	0.01359	0.00609	0.00198	0.00340	0.37220	0.00425	0.00396
14	0.00797	0.00506	0.00804	0.00731	0.00790	0.00515	0.07003	0.00712	0.00695	0.00926	0.01196	0.01681	0.08455	0.01536	0.06598	0.62117	0.03964	0.00471	0.00227	0.00278
15	0.01249	0.01243	0.01780	0.01771	0.23634	0.15008	0.23620	0.01584	0.07505	0.07445	0.01103	0.06410	0.00922	0.00525	0.00527	0.00146	0.04107	0.00497	0.00287	0.00634
16	0.03579	0.01314	0.01399	0.41169	0.13094	0.27509	0.01136	0.03131	0.01084	0.01263	0.00789	0.01067	0.00621	0.00458	0.00439	0.00139	0.00664	0.00367	0.00226	0.00552
17	0.01368	0.43478	0.08815	0.00987	0.01337	0.26466	0.00911	0.05643	0.01104	0.01223	0.00699	0.00817	0.00600	0.00449	0.00409	0.00115	0.04485	0.00285	0.00223	0.00585
18	0.00851	0.00501	0.00667	0.00651	0.00729	0.00505	0.00463	0.00943	0.04216	0.09800	0.06486	0.13528	0.01705	0.20226	0.15802	0.18843	0.00526	0.02840	0.00334	0.00386
19	0.01270	0.00849	0.03250	0.00826	0.03382	0.00717	0.00657	0.01637	0.12744	0.24339	0.06382	0.01533	0.02905	0.00520	0.00420	0.00115	0.00364	0.01486	0.00402	0.36202
20	0.16078	0.13076	0.13215	0.01041	0.05562	0.01053	0.06089	0.04883	0.03008	0.29945	0.01162	0.01159	0.00808	0.00480	0.00409	0.00137	0.00479	0.00378	0.00364	0.00675
21	0.00789	0.00543	0.00637	0.00603	0.00717	0.00531	0.00428	0.01052	0.10930	0.06732	0.26241	0.08145	0.14232	0.25183	0.01055	0.00238	0.00319	0.00770	0.00422	0.00437
22	0.00737	0.00597	0.00836	0.00791	0.00836	0.00733	0.00606	0.00850	0.00714	0.01036	0.01136	0.01889	0.01140	0.20638	0.46240	0.00552	0.19513	0.00510	0.00243	0.00402
23	0.01151	0.01084	0.06321	0.06092	0.26951	0.02235	0.13092	0.07738	0.08271	0.07474	0.07909	0.03881	0.03417	0.00554	0.00497	0.00146	0.01693	0.00514	0.00324	0.00654
24	0.01564	0.00816	0.01208	0.01023	0.04695	0.00787	0.08223	0.01820	0.06266	0.46851	0.03388	0.11678	0.01354	0.00683	0.00572	0.00154	0.07194	0.00578	0.00466	0.00679
25	0.00566	0.00425	0.00526	0.00588	0.00657	0.00384	0.00408	0.00672	0.00973	0.01272	0.12765	0.53662	0.22820	0.01307	0.00570	0.00173	0.00252	0.01161	0.00436	0.00384

[dist]
# distance from previous block
# <min> <max>
1	3

[block]
# block no. 3 follows, 56 sequences, length 48
# corresponding to MSA columns:
# 105-132,135-154
name=unknown_D
#
# <colnr> <probs for GDERKNQSTAVLIFYWHMCP>
#	G	D	E	R	K	N	Q	S	T	A	V	L	I	F	Y	W	H	M	C	P
0	0.02837	0.02507	0.01488	0.04147	0.00950	0.02563	0.00578	0.01221	0.10637	0.07660	0.23271	0.03281	0.02995	0.06158	0.18501	0.00291	0.02445	0.00585	0.07390	0.00494
1	0.01171	0.12023	0.23473	0.01358	0.12985	0.08376	0.04950	0.07838	0.12329	0.01561	0.00966	0.01080	0.00750	0.00465	0.00449	0.00133	0.02525	0.00371	0.00271	0.06927
2	0.00797	0.00399	0.00598	0.00598	0.00598	0.00399	0.00399	0.00598	0.00598	0.00797	0.00797	0.01396	0.00797	0.01595	0.01794	0.86643	0.00399	0.00399	0.00199	0.00199
3	0.01592	0.01241	0.01286	0.01014	0.01356	0.04989	0.00825	0.59181	0.12998	0.02578	0.03040	0.01222	0.00937	0.00556	0.00454	0.00136	0.00485	0.00425	0.00442	0.05242
4	0.03660	0.20373	0.39882	0.01205	0.07053	0.07927	0.01248	0.03251	0.02027	0.03202	0.00811	0.00935	0.00625	0.00430	0.00395	0.00127	0.00596	0.00320	0.00225	0.05709
5	0.02525	0.18340	0.05319	0.03900	0.01287	0.25371	0.00799	0.03184	0.06820	0.03131	0.05597	0.01242	0.03808	0.00517	0.00436	0.00120	0.03486	0.00373	0.02800	0.10944
6	0.00626	0.00465	0.00584	0.00562	0.00674	0.00422	0.00418	0.00818	0.01232	0.01701	0.63350	0.08205	0.17233	0.01005	0.00544	0.00149	0.00222	0.00881	0.00487	0.00422
7	0.04363	0.01098	0.07846	0.05712	0.20051	0.02183	0.00987	0.15978	0.04679	0.27446	0.01286	0.03207	0.00935	0.01572	0.00477	0.00146	0.00485	0.00443	0.00393	0.00715
8	0.03632	0.09346	0.18488	0.01091	0.01476	0.09837	0.06051	0.14570	0.01175	0.03474	0.00836	0.00981	0.00655	0.00486	0.00549	0.00131	0.11204	0.00348	0.00272	0.15400
9	0.00647	0.01453	0.00563	0.00526	0.00695	0.00461	0.00398	0.00833	0.05147	0.03653	0.08225	0.08043	0.62443	0.01081	0.00528	0.00152	0.00252	0.00907	0.00429	0.03564
10	0.00705	0.00516	0.00691	0.00774	0.00888	0.00502	0.00665	0.00901	0.01064	0.01369	0.05644	0.04992	0.15359	0.01239	0.00616	0.00200	0.00384	0.62647	0.00426	0.00417
11	0.01065	0.05429	0.08523	0.10886	0.15751	0.07612	0.12265	0.01352	0.03689	0.06549	0.04917	0.07576	0.06279	0.02586	0.02287	0.00165	0.01654	0.00540	0.00293	0.00581
12	0.03841	0.13256	0.06422	0.00953	0.03293	0.05383	0.03624	0.05119	0.01217	0.44395	0.02663	0.04597	0.01053	0.00557	0.00450	0.00137	0.01471	0.00446	0.00428	0.00693
13	0.00572	0.00414	0.00541	0.00620	0.00666	0.00383	0.00423	0.00675	0.00954	0.01279	0.14740	0.66633	0.07709	0.01345	0.00577	0.00178	0.00257	0.01212	0.00438	0.00383
14	0.00984	0.01115	0.10402	0.02968	0.36088	0.00974	0.16506	0.01255	0.00977	0.01378	0.01113	0.11440	0.01060	0.07351	0.00685	0.00175	0.04111	0.00559	0.00252	0.00608
15	0.02939	0.26733	0.35824	0.05740	0.01610	0.05996	0.01180	0.01405	0.00982	0.03652	0.03195	0.01066	0.02128	0.00473	0.00433	0.00131	0.03647	0.00343	0.01914	0.00609
16	0.02840	0.01343	0.10602	0.18025	0.26527	0.15777	0.02916	0.06035	0.01138	0.03261	0.04967	0.01258	0.02342	0.00486	0.00451	0.00139	0.00598	0.00413	0.00261	0.00619
17	0.00688	0.00563	0.00795	0.00705	0.00858	0.00524	0.07919	0.00935	0.04661	0.01610	0.45090	0.06417	0.21324	0.02872	0.00584	0.00159	0.00293	0.03107	0.00449	0.00447
18	0.00923	0.00918	0.01675	0.61448	0.04797	0.01062	0.18014	0.01241	0.00951	0.01243	0.00836	0.01219	0.00633	0.00451	0.00503	0.00154	0.02746	0.00437	0.00211	0.00538
19	0.01081	0.03715	0.41803	0.05655	0.07614	0.02276	0.11156	0.08440	0.03473	0.04537	0.01013	0.03713	0.00791	0.00498	0.00461	0.00147	0.00621	0.02085	0.00260	0.00661
20	0.00968	0.16741	0.06378	0.57231	0.04643	0.01187	0.02436	0.02979	0.00957	0.01223	0.00792	0.01112	0.00614	0.00445	0.00428	0.00141	0.00591	0.00375	0.00209	0.00548
21	0.03494	0.00759	0.00909	0.00764	0.01022	0.02586	0.00606	0.03814	0.13042	0.39357	0.14410	0.07333	0.04794	0.00707	0.00475	0.00146	0.00350	0.00592	0.04193	0.00648
22	0.00657	0.00470	0.00572	0.00599	0.00688	0.00438	0.00433	0.00799	0.02616	0.03339	0.16134	0.26229	0.21482	0.13948	0.00838	0.00213	0.00300	0.09428	0.00421	0.00395
23	0.03487	0.13850	0.03173	0.07480	0.18226	0.12619	0.02721	0.09828	0.07179	0.07859	0.01133	0.03612	0.03140	0.00562	0.01491	0.00143	0.02136	0.00422	0.00304	0.00634
24	0.00573	0.00408	0.00539	0.00634	0.00664	0.00383	0.00425	0.00657	0.00887	0.01185	0.05379	0.74116	0.02997	0.06155	0.00686	0.00200	0.00278	0.03043	0.00421	0.00371
25	0.00621	0.00500	0.00558	0.00547	0.00691	0.00453	0.00418	0.00842	0.05749	0.01469	0.27406	0.04002	0.48804	0.01069	0.00543	0.00155	0.00246	0.05051	0.00452	0.00423
26	0.37159	0.01021	0.01011	0.00816	0.01139	0.01123	0.00672	0.32584	0.02887	0.13733	0.01036	0.01047	0.00736	0.00503	0.00384	0.00140	0.00417	0.00354	0.02587	0.00653
27	0.01119	0.05018	0.06953	0.13593	0.14695	0.12168	0.13315	0.05096	0.03083	0.01384	0.01006	0.04412	0.00885	0.00630	0.02467	0.00165	0.08274	0.04896	0.00256	0.00586
28	0.01950	0.00873	0.01134	0.00877	0.01213	0.00834	0.00725	0.14257	0.01411	0.64436	0.01631	0.01458	0.01050	0.00579	0.00521	0.00145	0.05160	0.00451	0.00530	0.00765
29	0.00656	0.00491	0.00731	0.00731	0.00811	0.00570	0.00566	0.00816	0.00736	0.01061	0.01236	0.01838	0.01162	0.05716	0.79794	0.00730	0.01208	0.00497	0.00247	0.00406
30	0.01533	0.01214	0.05860	0.01005	0.01351	0.01239	0.00864	0.60093	0.03602	0.04283	0.05958	0.01593	0.03467	0.00630	0.00476	0.00144	0.00480	0.05041	0.00446	0.00721
31	0.01662	0.01306	0.01316	0.01039	0.01374	0.07885	0.00843	0.65731	0.06107	0.02618	0.01147	0.02774	0.00863	0.02561	0.00503	0.00145	0.00518	0.00433	0.00437	0.00738
32	0.00560	0.00447	0.00503	0.00539	0.00650	0.00390	0.00391	0.00673	0.01005	0.01251	0.07295	0.29285	0.50042	0.01243	0.00560	0.00167	0.00250	0.03934	0.00430	0.00386
33	0.07196	0.08747	0.01306	0.01029	0.04441	0.13211	0.05259	0.19833	0.10839	0.03976	0.01103	0.01348	0.00913	0.08855	0.08353	0.00220	0.00599	0.00420	0.00331	0.02021
34	0.00777	0.00781	0.10950	0.00815	0.00999	0.01901	0.05795	0.00959	0.00998	0.06872	0.10431	0.43773	0.09840	0.01080	0.00556	0.00168	0.01477	0.00965	0.00396	0.00468
35	0.01178	0.27990	0.17412	0.01032	0.01400	0.11364	0.04128	0.04041	0.14610	0.01394	0.02719	0.01155	0.02020	0.01675	0.00499	0.00137	0.05989	0.00374	0.00269	0.00614
36	0.02298	0.07086	0.05363	0.01020	0.06750	0.07252	0.00795	0.07674	0.21252	0.10956	0.16356	0.01802	0.01650	0.00638	0.00503	0.00144	0.03758	0.02467	0.01607	0.00630
37	0.00618	0.00438	0.00560	0.00611	0.00659	0.00416	0.00422	0.00721	0.00938	0.01264	0.18021	0.40097	0.05018	0.19623	0.00969	0.00237	0.00310	0.08300	0.00409	0.00369
38	0.07382	0.00835	0.01100	0.00887	0.01177	0.00815	0.06552	0.16534	0.01360	0.34207	0.08686	0.09596	0.03376	0.00707	0.00485	0.00151	0.00410	0.04615	0.00473	0.00652
39	0.04522	0.03638	0.12778	0.02341	0.08448	0.01092	0.05592	0.20505	0.12487	0.16025	0.01296	0.05522	0.00989	0.00566	0.00477	0.00146	0.02027	0.00469	0.00384	0.00698
40	0.00725	0.00515	0.00675	0.00744	0.00826	0.00513	0.00593	0.03757	0.00994	0.01302	0.02271	0.20236	0.04012	0.15829	0.00916	0.00244	0.00395	0.44653	0.00399	0.00400
41	0.01044	0.00801	0.00897	0.00823	0.01029	0.00869	0.00638	0.09996	0.37583	0.05586	0.10314	0.15751	0.06592	0.00849	0.00507	0.00160	0.00344	0.05144	0.00463	0.00609
42	0.65023	0.03383	0.00925	0.00766	0.01041	0.09524	0.05167	0.01375	0.00859	0.01839	0.00731	0.03808	0.00617	0.00476	0.00360	0.00142	0.02867	0.00314	0.00276	0.00506
43	0.00680	0.00534	0.02485	0.00739	0.00842	0.00483	0.03404	0.00850	0.02366	0.03228	0.10081	0.43581	0.07809	0.01317	0.03612	0.00202	0.00359	0.16586	0.00418	0.00423
44	0.01468	0.07410	0.01307	0.02644	0.01338	0.06919	0.00798	0.35540	0.22496	0.05745	0.01243	0.01227	0.00921	0.00532	0.00435	0.00132	0.00471	0.00410	0.00409	0.08556
45	0.00963	0.03957	0.10334	0.10460	0.08627	0.01946	0.04170	0.07676	0.03108	0.02704	0.08517	0.15109	0.03485	0.00680	0.00480	0.00140	0.01413	0.01668	0.00323	0.14241
46	0.01100	0.31024	0.38532	0.02581	0.01640	0.03685	0.04496	0.03272	0.02890	0.02899	0.02206	0.00974	0.00692	0.00437	0.00393	0.00127	0.00589	0.00331	0.00224	0.01909
47	0.01080	0.06619	0.42109	0.01164	0.01658	0.00962	0.10381	0.01464	0.01069	0.13097	0.08979	0.01593	0.03251	0.00553	0.00466	0.00146	0.00568	0.03904	0.00300	0.00638

[dist]
# distance from previous block
# <min> <max>
2	11

[block]
# block no. 4 follows, 56 sequences, length 8
# corresponding to MSA columns:
# 167-174
name=unknown_E
#
# <colnr> <probs for GDERKNQSTAVLIFYWHMCP>
#	G	D	E	R	K	N	Q	S	T	A	V	L	I	F	Y	W	H	M	C	P
0	0.06559	0.04571	0.04084	0.00657	0.00904	0.00668	0.00555	0.03549	0.01121	0.29967	0.06168	0.01697	0.02969	0.02504	0.00440	0.00135	0.00331	0.00457	0.32084	0.00580
1	0.01102	0.01068	0.08155	0.08321	0.15729	0.08313	0.04967	0.02778	0.06369	0.10476	0.08012	0.07842	0.11056	0.00678	0.00515	0.00148	0.02957	0.00581	0.00343	0.00590
2	0.03242	0.26687	0.24802	0.03809	0.04313	0.01271	0.05717	0.09236	0.01134	0.14258	0.00956	0.01031	0.00703	0.00452	0.00404	0.00130	0.00550	0.00352	0.00286	0.00666
3	0.04918	0.00905	0.05225	0.29618	0.14103	0.03658	0.03233	0.01167	0.00953	0.03441	0.01250	0.18992	0.01220	0.00689	0.00508	0.00155	0.02910	0.02755	0.00279	0.04022
4	0.53710	0.09277	0.05184	0.04766	0.10175	0.05219	0.00757	0.03662	0.00909	0.01805	0.00699	0.00837	0.00555	0.00429	0.00332	0.00136	0.00447	0.00286	0.00263	0.00552
5	0.00797	0.00399	0.00598	0.00598	0.00598	0.00399	0.00399	0.00598	0.00598	0.00797	0.00797	0.01396	0.00797	0.01595	0.01794	0.86643	0.00399	0.00399	0.00199	0.00199
6	0.02581	0.01237	0.09331	0.02644	0.11415	0.09197	0.07765	0.08915	0.24950	0.01680	0.02777	0.02988	0.07316	0.00608	0.00503	0.00149	0.02985	0.01973	0.00346	0.00641
7	0.00633	0.00549	0.03134	0.03426	0.00834	0.00475	0.02367	0.00800	0.01047	0.01381	0.20576	0.15408	0.33104	0.02742	0.04822	0.00194	0.00338	0.04461	0.03293	0.00416

[dist]
# distance from previous block
# <min> <max>
2	6

[block]
# block no. 5 follows, 56 sequences, length 10
# corresponding to MSA columns:
# 181-190
name=unknown_F
#
# <colnr> <probs for GDERKNQSTAVLIFYWHMCP>
#	G	D	E	R	K	N	Q	S	T	A	V	L	I	F	Y	W	H	M	C	P
0	0.06850	0.02266	0.02288	0.09994	0.07495	0.14040	0.02710	0.02916	0.16932	0.04241	0.14639	0.04107	0.03968	0.00656	0.00484	0.00147	0.01765	0.03577	0.00358	0.00569
1	0.00827	0.00645	0.00760	0.00754	0.00915	0.00667	0.00609	0.07713	0.15234	0.01553	0.05718	0.09110	0.21593	0.01190	0.05225	0.00207	0.00400	0.25958	0.00428	0.00495
2	0.00656	0.00491	0.00599	0.00575	0.00694	0.00458	0.00428	0.00882	0.05610	0.01622	0.51012	0.07065	0.21671	0.01029	0.00604	0.04630	0.00240	0.00844	0.00465	0.00424
3	0.01060	0.03318	0.01536	0.02725	0.13919	0.07567	0.18246	0.04783	0.03858	0.02837	0.01426	0.08091	0.07838	0.02795	0.02443	0.00176	0.11647	0.02931	0.02245	0.00562
4	0.00952	0.00816	0.00952	0.00680	0.01088	0.00612	0.00544	0.01156	0.00952	0.01496	0.00816	0.00952	0.00680	0.00340	0.00340	0.00068	0.00340	0.00272	0.00272	0.86672
5	0.00895	0.00715	0.01005	0.06710	0.21923	0.00735	0.00760	0.03038	0.08771	0.01628	0.19243	0.04121	0.07907	0.00752	0.02861	0.00156	0.00382	0.00585	0.17269	0.00545
6	0.03917	0.00923	0.01450	0.26233	0.27079	0.00952	0.04665	0.04119	0.01060	0.08064	0.04522	0.01266	0.00875	0.00456	0.00443	0.00134	0.00512	0.00414	0.00277	0.12639
7	0.00925	0.00799	0.01150	0.01056	0.10408	0.00701	0.09887	0.02746	0.02816	0.03585	0.06433	0.05811	0.13830	0.00677	0.02099	0.00133	0.00412	0.02649	0.00328	0.33553
8	0.01144	0.08732	0.11751	0.00942	0.04391	0.06152	0.02515	0.06666	0.08624	0.09558	0.14375	0.01655	0.04154	0.00572	0.00433	0.00127	0.00435	0.00468	0.05428	0.11879
9	0.01094	0.08839	0.08388	0.01288	0.13523	0.02224	0.12670	0.05908	0.05569	0.06861	0.07422	0.03581	0.07401	0.00624	0.02306	0.00146	0.00502	0.00499	0.00320	0.10835

[dist]
# distance from previous block
# <min> <max>
0	7

[block]
# block no. 6 follows, 56 sequences, length 22
# corresponding to MSA columns:
# 198-219
name=unknown_G
#
# <colnr> <probs for GDERKNQSTAVLIFYWHMCP>
#	G	D	E	R	K	N	Q	S	T	A	V	L	I	F	Y	W	H	M	C	P
0	0.18269	0.05365	0.03854	0.00797	0.01088	0.09332	0.00664	0.07838	0.05719	0.07136	0.09468	0.02587	0.05931	0.00572	0.00446	0.00128	0.03721	0.00429	0.00344	0.16313
1	0.19336	0.03168	0.10295	0.01010	0.04198	0.03077	0.10518	0.04918	0.05363	0.01624	0.04353	0.08448	0.03097	0.02247	0.03142	0.00163	0.01686	0.00480	0.00301	0.12576
2	0.02106	0.00931	0.05525	0.00898	0.01149	0.01948	0.05924	0.13237	0.10451	0.07365	0.14019	0.04325	0.10451	0.05108	0.00673	0.00163	0.07903	0.00584	0.00389	0.06849
3	0.03791	0.02207	0.01213	0.04088	0.01314	0.05271	0.12656	0.05743	0.22132	0.11525	0.06549	0.07126	0.02962	0.00625	0.00463	0.00145	0.00438	0.00550	0.09531	0.01670
4	0.08282	0.01174	0.13287	0.00929	0.01242	0.02662	0.00840	0.35094	0.01470	0.02050	0.01600	0.16997	0.06820	0.00769	0.00479	0.00153	0.00458	0.04691	0.00389	0.00614
5	0.01301	0.01015	0.01017	0.00867	0.01134	0.06734	0.00686	0.22213	0.30235	0.08264	0.01979	0.01891	0.13264	0.00665	0.00462	0.00144	0.00405	0.00533	0.06531	0.00659
6	0.00899	0.11044	0.60457	0.01149	0.01697	0.01043	0.01402	0.01321	0.00951	0.01370	0.01064	0.13548	0.00957	0.00584	0.00444	0.00146	0.00595	0.00476	0.00230	0.00622
7	0.03780	0.62278	0.13162	0.00902	0.01318	0.03060	0.02999	0.01410	0.00947	0.03214	0.00702	0.00812	0.00603	0.00417	0.00361	0.00112	0.02836	0.00277	0.00210	0.00601
8	0.01035	0.01136	0.02384	0.14271	0.06611	0.01108	0.60510	0.01393	0.01049	0.01416	0.00965	0.04143	0.00768	0.00436	0.00526	0.00155	0.00719	0.00541	0.00234	0.00600
9	0.00559	0.00402	0.00530	0.00633	0.00664	0.00373	0.00423	0.00640	0.00885	0.01175	0.02610	0.80580	0.05971	0.01428	0.00584	0.00185	0.00265	0.01292	0.00426	0.00373
10	0.00896	0.03543	0.02206	0.03128	0.02061	0.04178	0.04824	0.04988	0.00963	0.02433	0.13295	0.09344	0.01625	0.08384	0.18339	0.00311	0.18110	0.00591	0.00306	0.00475
11	0.01094	0.01030	0.01647	0.08208	0.60000	0.01065	0.01253	0.01519	0.13111	0.01530	0.01164	0.01361	0.04014	0.00475	0.00460	0.00141	0.00510	0.00448	0.00270	0.00698
12	0.00565	0.00402	0.00531	0.00632	0.00657	0.00377	0.00418	0.00641	0.00868	0.01157	0.02473	0.79306	0.02964	0.05797	0.00679	0.00200	0.00276	0.01271	0.00418	0.00368
13	0.01234	0.01032	0.01090	0.00953	0.01229	0.01185	0.00749	0.14195	0.68267	0.02069	0.01752	0.01620	0.01307	0.00612	0.00466	0.00153	0.00385	0.00503	0.00466	0.00735
14	0.01245	0.20118	0.22641	0.01291	0.01766	0.03497	0.21282	0.19682	0.01277	0.01702	0.00871	0.01014	0.00660	0.00442	0.00437	0.00135	0.00625	0.00387	0.00267	0.00663
15	0.00667	0.00448	0.00517	0.00517	0.00523	0.00454	0.00299	0.00678	0.00673	0.00902	0.01431	0.02920	0.01633	0.78249	0.07903	0.00466	0.00500	0.00655	0.00276	0.00287
16	0.00725	0.00548	0.00678	0.00632	0.00763	0.00541	0.00478	0.01106	0.13336	0.01853	0.68720	0.03167	0.03885	0.00890	0.00530	0.00146	0.00239	0.00783	0.00500	0.00478
17	0.01708	0.01246	0.01341	0.01039	0.01397	0.01377	0.00855	0.70863	0.08265	0.05407	0.01186	0.01165	0.00841	0.00557	0.00460	0.00139	0.00490	0.00423	0.00463	0.00777
18	0.00662	0.00453	0.00536	0.00536	0.00553	0.00463	0.00326	0.00691	0.00691	0.00928	0.01518	0.02867	0.04177	0.68889	0.14442	0.00480	0.00558	0.00651	0.00278	0.00302
19	0.00557	0.00410	0.00522	0.00613	0.00659	0.00375	0.00414	0.00642	0.00905	0.01182	0.02854	0.71488	0.14906	0.01396	0.00579	0.00182	0.00261	0.01254	0.00426	0.00375
20	0.00921	0.02375	0.81487	0.01309	0.01987	0.01066	0.01696	0.01454	0.00969	0.01454	0.00824	0.00969	0.00582	0.00436	0.00436	0.00145	0.00678	0.00339	0.00194	0.00678
21	0.01715	0.02188	0.01301	0.01183	0.01419	0.82022	0.00887	0.01833	0.01301	0.01124	0.00710	0.00828	0.00591	0.00473	0.00414	0.00118	0.00828	0.00296	0.00237	0.00532

[dist]
# distance from previous block
# <min> <max>
0	0

# created by:
# /st0/software/busco_prod/Augustus/scripts/msa2prfl.pl ./align_prep/111943.fa
