[name]
unknown

[dist]
# distance from previous block
# <min> <max>
0	207

[block]
# block no. 0 follows, 65 sequences, length 29
# corresponding to MSA columns:
# 228-256
name=unknown_A
#
# <colnr> <probs for GDERKNQSTAVLIFYWHMCP>
#	G	D	E	R	K	N	Q	S	T	A	V	L	I	F	Y	W	H	M	C	P
0	0.13937	0.10119	0.03828	0.02995	0.02503	0.06682	0.17033	0.11856	0.02446	0.01475	0.02785	0.02594	0.00820	0.02806	0.02416	0.00147	0.05942	0.02990	0.06119	0.00507
1	0.03958	0.02095	0.00825	0.00759	0.04556	0.04219	0.01589	0.10491	0.15228	0.07253	0.06818	0.12543	0.06101	0.05031	0.00496	0.00141	0.00334	0.01896	0.10715	0.04952
2	0.28805	0.01958	0.16920	0.00740	0.02164	0.01968	0.00679	0.00988	0.00774	0.01354	0.02405	0.22924	0.03757	0.00913	0.08287	0.00190	0.03922	0.00540	0.00269	0.00441
3	0.02114	0.11244	0.34624	0.01530	0.21512	0.05285	0.15411	0.01301	0.00910	0.01266	0.00735	0.00912	0.00570	0.00373	0.00393	0.00123	0.00576	0.00338	0.00190	0.00590
4	0.00631	0.00667	0.12289	0.00598	0.00779	0.00464	0.00539	0.00842	0.01061	0.03940	0.50061	0.06049	0.18868	0.00822	0.00470	0.00132	0.00261	0.00711	0.00397	0.00418
5	0.00536	0.00461	0.00545	0.12366	0.00886	0.00432	0.00440	0.00672	0.00936	0.01142	0.09512	0.03490	0.64051	0.00937	0.00476	0.00138	0.00258	0.01998	0.00358	0.00366
6	0.00648	0.00514	0.00793	0.00914	0.12390	0.00573	0.00607	0.00802	0.00696	0.01001	0.01062	0.01576	0.00994	0.06403	0.68419	0.00572	0.00981	0.00436	0.00219	0.00401
7	0.01736	0.12771	0.01123	0.00726	0.01049	0.00748	0.00617	0.01891	0.01127	0.71621	0.01471	0.01292	0.00947	0.00486	0.00392	0.00121	0.00362	0.00385	0.00461	0.00674
8	0.00519	0.00417	0.00463	0.00451	0.00575	0.00361	0.00339	0.00655	0.01016	0.01299	0.31984	0.03638	0.54902	0.00969	0.00485	0.00135	0.00203	0.00822	0.00406	0.00361
9	0.01387	0.01730	0.01066	0.00989	0.01173	0.72071	0.00735	0.01488	0.01110	0.01011	0.00865	0.12734	0.00839	0.00545	0.00392	0.00114	0.00669	0.00392	0.00236	0.00456
10	0.01565	0.00702	0.00978	0.00939	0.12596	0.00639	0.00655	0.03449	0.01112	0.58264	0.01446	0.01353	0.00963	0.00483	0.00394	0.00122	0.00349	0.00401	0.12944	0.00647
11	0.76070	0.00820	0.00754	0.00821	0.12455	0.00929	0.00560	0.01214	0.00732	0.01771	0.00600	0.00716	0.00474	0.00379	0.00276	0.00126	0.00342	0.00243	0.00247	0.00474
12	0.74380	0.00733	0.00576	0.00522	0.00757	0.00830	0.00425	0.01111	0.00741	0.01734	0.02591	0.01177	0.12194	0.00483	0.00291	0.00129	0.00300	0.00323	0.00276	0.00430
13	0.01929	0.24083	0.44718	0.00959	0.01432	0.01081	0.02343	0.03855	0.00881	0.01247	0.00717	0.00851	0.00561	0.00502	0.04326	0.00137	0.00548	0.00286	0.00192	0.09354
14	0.01499	0.05966	0.14177	0.00846	0.01203	0.00883	0.00790	0.19940	0.04871	0.41085	0.03690	0.01232	0.00932	0.00489	0.00402	0.00125	0.00413	0.00386	0.00408	0.00662
15	0.00840	0.00798	0.01110	0.00983	0.00998	0.01078	0.00815	0.00941	0.00681	0.01022	0.02337	0.01576	0.00917	0.05951	0.01266	0.00193	0.66137	0.11711	0.00217	0.00426
16	0.00892	0.00745	0.00814	0.00712	0.00933	0.00788	0.00553	0.05605	0.44388	0.01624	0.14615	0.03289	0.09685	0.00623	0.00420	0.00126	0.00294	0.00524	0.00394	0.12975
17	0.01011	0.73708	0.01905	0.00662	0.00983	0.01443	0.00647	0.01138	0.00848	0.00986	0.01079	0.01125	0.12202	0.00449	0.00295	0.00095	0.00406	0.00311	0.00205	0.00501
18	0.01143	0.12921	0.01196	0.04271	0.09533	0.01889	0.00713	0.33507	0.01341	0.04782	0.08393	0.02999	0.12981	0.00622	0.01795	0.00131	0.00406	0.00467	0.00344	0.00567
19	0.00806	0.02219	0.00802	0.00749	0.00828	0.16608	0.00565	0.00903	0.00771	0.00964	0.01173	0.15096	0.02279	0.10738	0.30796	0.01817	0.11733	0.00531	0.00243	0.00380
20	0.82893	0.00843	0.00641	0.00569	0.00824	0.03647	0.00467	0.03753	0.00753	0.01838	0.00587	0.00679	0.00455	0.00386	0.00263	0.00126	0.00336	0.00228	0.00258	0.00454
21	0.00503	0.00418	0.00440	0.00437	0.00569	0.00355	0.00330	0.00622	0.00969	0.01190	0.15585	0.03835	0.69681	0.01012	0.00487	0.00138	0.00209	0.02475	0.00391	0.00353
22	0.00825	0.00807	0.02497	0.38945	0.10140	0.00969	0.04007	0.01070	0.03841	0.01098	0.00830	0.06210	0.00733	0.00635	0.03558	0.00166	0.22563	0.00422	0.00207	0.00476
23	0.00587	0.00438	0.00653	0.00653	0.00724	0.00509	0.00504	0.00729	0.00658	0.00948	0.01106	0.01648	0.01041	0.05776	0.81271	0.00651	0.01077	0.00445	0.00221	0.00363
24	0.00985	0.08087	0.52276	0.01051	0.01536	0.00942	0.04820	0.05552	0.01781	0.10324	0.02402	0.01220	0.02133	0.00463	0.00401	0.00130	0.00533	0.04529	0.00246	0.00593
25	0.01003	0.00810	0.01302	0.50425	0.21460	0.00913	0.01084	0.06130	0.00956	0.10702	0.00858	0.01104	0.00635	0.00416	0.00410	0.00131	0.00504	0.00371	0.00239	0.00545
26	0.01097	0.85821	0.02151	0.00702	0.01054	0.01624	0.00702	0.01229	0.00834	0.00966	0.00571	0.00658	0.00527	0.00351	0.00263	0.00088	0.00439	0.00219	0.00176	0.00527
27	0.00837	0.00706	0.00823	0.00606	0.00937	0.00549	0.00477	0.02041	0.02282	0.01333	0.02277	0.03485	0.00780	0.04183	0.00397	0.00082	0.00307	0.00301	0.00256	0.77341
28	0.00549	0.00431	0.00509	0.00592	0.00626	0.04093	0.00400	0.00626	0.00814	0.01064	0.04571	0.79071	0.02651	0.01234	0.00516	0.00163	0.00259	0.01114	0.00376	0.00341

[dist]
# distance from previous block
# <min> <max>
0	3

[block]
# block no. 1 follows, 65 sequences, length 12
# corresponding to MSA columns:
# 260-271
name=unknown_B
#
# <colnr> <probs for GDERKNQSTAVLIFYWHMCP>
#	G	D	E	R	K	N	Q	S	T	A	V	L	I	F	Y	W	H	M	C	P
0	0.03304	0.01019	0.03879	0.22525	0.50234	0.06863	0.01168	0.03830	0.00947	0.01297	0.00752	0.01001	0.00608	0.00386	0.00400	0.00125	0.00518	0.00353	0.00206	0.00585
1	0.00569	0.00436	0.00524	0.00499	0.00613	0.00400	0.00375	0.00774	0.04213	0.01489	0.56296	0.03270	0.27253	0.00888	0.00482	0.00132	0.00203	0.00769	0.00430	0.00385
2	0.88473	0.00794	0.00603	0.00540	0.00794	0.00921	0.00445	0.01207	0.00699	0.01842	0.00572	0.00667	0.00445	0.00381	0.00254	0.00127	0.00318	0.00222	0.00254	0.00445
3	0.00920	0.00794	0.00831	0.00756	0.00970	0.00894	0.00586	0.01880	0.66903	0.01602	0.02141	0.01989	0.16670	0.00648	0.00430	0.00139	0.00303	0.00540	0.00411	0.00592
4	0.03526	0.02732	0.10441	0.00780	0.01133	0.00700	0.00709	0.05490	0.01141	0.62645	0.01400	0.01259	0.00902	0.00478	0.00398	0.00123	0.00383	0.00382	0.00440	0.04941
5	0.01560	0.01150	0.01232	0.00944	0.01273	0.01273	0.00780	0.81645	0.01930	0.02587	0.00986	0.00986	0.00698	0.00493	0.00411	0.00123	0.00452	0.00370	0.00411	0.00698
6	0.01112	0.77337	0.05533	0.00740	0.01097	0.04065	0.00742	0.03540	0.00877	0.01027	0.00591	0.00679	0.00531	0.00359	0.00276	0.00091	0.00456	0.00229	0.00183	0.00534
7	0.00587	0.00436	0.00639	0.00639	0.00706	0.00502	0.00488	0.00720	0.00654	0.00938	0.01118	0.01715	0.01071	0.10975	0.76112	0.00635	0.01032	0.00455	0.00223	0.00355
8	0.88473	0.00794	0.00603	0.00540	0.00794	0.00921	0.00445	0.01207	0.00699	0.01842	0.00572	0.00667	0.00445	0.00381	0.00254	0.00127	0.00318	0.00222	0.00254	0.00445
9	0.01053	0.01054	0.01604	0.05554	0.72586	0.08415	0.01213	0.01286	0.00951	0.01300	0.00758	0.00994	0.00635	0.00373	0.00403	0.00121	0.00513	0.00357	0.00203	0.00627
10	0.00990	0.01106	0.01911	0.13135	0.04112	0.10407	0.47762	0.01258	0.00921	0.01193	0.00770	0.01076	0.00614	0.02479	0.00598	0.00145	0.10379	0.00428	0.00202	0.00514
11	0.00503	0.00361	0.00473	0.00561	0.00588	0.00336	0.00373	0.00573	0.00785	0.01041	0.02299	0.79059	0.05758	0.04451	0.00581	0.00174	0.00243	0.01134	0.00376	0.00331

[dist]
# distance from previous block
# <min> <max>
1	2

[block]
# block no. 2 follows, 65 sequences, length 58
# corresponding to MSA columns:
# 274-324,347-353
name=unknown_C
#
# <colnr> <probs for GDERKNQSTAVLIFYWHMCP>
#	G	D	E	R	K	N	Q	S	T	A	V	L	I	F	Y	W	H	M	C	P
0	0.00485	0.00416	0.00416	0.00416	0.00554	0.00347	0.00312	0.00589	0.00936	0.01109	0.04158	0.03950	0.82847	0.01040	0.00485	0.00139	0.00208	0.00866	0.00381	0.00347
1	0.66075	0.00972	0.05066	0.01775	0.00975	0.08181	0.02911	0.02422	0.00804	0.06710	0.00665	0.00751	0.00501	0.00394	0.00292	0.00126	0.00387	0.00253	0.00262	0.00478
2	0.00775	0.00730	0.01231	0.84587	0.02827	0.00912	0.01140	0.01049	0.00821	0.01049	0.00730	0.01094	0.00547	0.00410	0.00410	0.00137	0.00547	0.00365	0.00182	0.00456
3	0.00617	0.00441	0.00559	0.00523	0.00633	0.00409	0.00394	0.00832	0.03683	0.03587	0.71355	0.03055	0.10678	0.00840	0.00480	0.00130	0.00203	0.00737	0.00446	0.00400
4	0.03150	0.04626	0.01152	0.02370	0.06068	0.22005	0.04276	0.07228	0.01011	0.02397	0.00724	0.00855	0.00592	0.00381	0.00391	0.00094	0.04309	0.00284	0.00241	0.37847
5	0.01079	0.03327	0.18422	0.01012	0.03608	0.05552	0.12872	0.06469	0.02731	0.12011	0.04178	0.01068	0.00789	0.00403	0.00385	0.00109	0.00470	0.00350	0.00276	0.24888
6	0.01107	0.01147	0.02734	0.01211	0.10371	0.23242	0.15588	0.04160	0.02054	0.05865	0.08992	0.01459	0.05163	0.00568	0.00557	0.02707	0.08922	0.03381	0.00270	0.00504
7	0.01097	0.85821	0.02151	0.00702	0.01054	0.01624	0.00702	0.01229	0.00834	0.00966	0.00571	0.00658	0.00527	0.00351	0.00263	0.00088	0.00439	0.00219	0.00176	0.00527
8	0.00914	0.01423	0.32775	0.01369	0.03825	0.02141	0.33440	0.01261	0.00893	0.03658	0.00844	0.03631	0.00668	0.00531	0.03614	0.00158	0.07677	0.00417	0.00207	0.00557
9	0.00520	0.00423	0.00466	0.00467	0.00590	0.00372	0.00351	0.00658	0.02215	0.01210	0.17864	0.08304	0.58081	0.01073	0.02934	0.00155	0.00240	0.03329	0.00390	0.00359
10	0.00499	0.00361	0.00473	0.00563	0.00593	0.00334	0.00377	0.00573	0.00795	0.01051	0.02372	0.80602	0.07348	0.01272	0.00522	0.00165	0.00236	0.01150	0.00381	0.00334
11	0.00587	0.00437	0.00645	0.00645	0.00714	0.00505	0.00495	0.00724	0.00655	0.00942	0.01113	0.01685	0.01058	0.08636	0.78432	0.00642	0.01052	0.00450	0.00222	0.00359
12	0.00946	0.01052	0.02229	0.12480	0.06452	0.01018	0.66946	0.01278	0.00948	0.01282	0.00814	0.01101	0.00614	0.00355	0.00471	0.00137	0.00663	0.00463	0.00204	0.00546
13	0.01021	0.00882	0.00928	0.00835	0.01067	0.01021	0.00650	0.02181	0.82272	0.01717	0.01671	0.01532	0.01253	0.00557	0.00418	0.00139	0.00325	0.00464	0.00418	0.00650
14	0.00823	0.02123	0.83447	0.01170	0.01777	0.00953	0.01517	0.01300	0.00867	0.01300	0.00737	0.00867	0.00520	0.00390	0.00390	0.00130	0.00607	0.00303	0.00173	0.00607
15	0.00775	0.00730	0.01231	0.84587	0.02827	0.00912	0.01140	0.01049	0.00821	0.01049	0.00730	0.01094	0.00547	0.00410	0.00410	0.00137	0.00547	0.00365	0.00182	0.00456
16	0.00586	0.00440	0.00660	0.00660	0.00733	0.00513	0.00513	0.00733	0.00660	0.00953	0.01100	0.01613	0.01026	0.03079	0.83947	0.00660	0.01100	0.00440	0.00220	0.00367
17	0.00932	0.00906	0.01246	0.01063	0.01084	0.01246	0.00885	0.05763	0.00706	0.01082	0.00574	0.00915	0.00556	0.00743	0.02625	0.00184	0.78472	0.00361	0.00194	0.00462
18	0.00967	0.00908	0.01181	0.01010	0.01124	0.01160	0.04166	0.03813	0.31400	0.01323	0.00990	0.01148	0.00816	0.00636	0.00934	0.00161	0.47047	0.00404	0.00277	0.00536
19	0.06027	0.06187	0.01183	0.00907	0.01195	0.20126	0.00733	0.39771	0.09991	0.08419	0.00982	0.00984	0.00720	0.00471	0.00386	0.00119	0.00489	0.00342	0.00352	0.00619
20	0.01053	0.00922	0.00965	0.00859	0.01083	0.03150	0.00672	0.05786	0.72232	0.01701	0.01554	0.01453	0.01172	0.00559	0.00465	0.00140	0.04750	0.00449	0.00400	0.00637
21	0.00597	0.00398	0.00448	0.00448	0.00448	0.00398	0.00249	0.00597	0.00597	0.00796	0.01293	0.02686	0.01492	0.85574	0.02089	0.00398	0.00398	0.00597	0.00249	0.00249
22	0.77725	0.00869	0.04963	0.00599	0.00867	0.00929	0.00523	0.02362	0.00736	0.04040	0.00614	0.00709	0.00471	0.00396	0.00300	0.00129	0.02811	0.00238	0.00257	0.00464
23	0.00586	0.00440	0.00660	0.00660	0.00733	0.00513	0.00513	0.00733	0.00660	0.00953	0.01100	0.01613	0.01026	0.03079	0.83947	0.00660	0.01100	0.00440	0.00220	0.00367
24	0.01068	0.72365	0.09321	0.00753	0.01119	0.01522	0.00771	0.01303	0.06576	0.01049	0.00663	0.00739	0.00577	0.00369	0.00286	0.00095	0.00446	0.00244	0.00192	0.00543
25	0.00500	0.00403	0.00439	0.00457	0.00561	0.00349	0.00328	0.00597	0.00901	0.01114	0.08570	0.21098	0.56703	0.05396	0.00575	0.00157	0.00223	0.00909	0.00379	0.00341
26	0.00868	0.00740	0.00860	0.00616	0.00980	0.00564	0.00493	0.02938	0.00877	0.01367	0.00736	0.00854	0.00610	0.00308	0.00307	0.00062	0.00307	0.00246	0.00247	0.86019
27	0.00724	0.00473	0.00558	0.00534	0.00671	0.00428	0.00400	0.02855	0.03548	0.11869	0.17336	0.20699	0.36432	0.00959	0.00480	0.00141	0.00240	0.00825	0.00412	0.00415
28	0.01287	0.16550	0.07052	0.00982	0.06213	0.18423	0.00802	0.19948	0.04958	0.08496	0.01848	0.01096	0.01757	0.00502	0.01526	0.00122	0.01564	0.02651	0.00293	0.03929
29	0.30585	0.03422	0.22759	0.03668	0.05192	0.00999	0.09084	0.10211	0.02971	0.04573	0.00766	0.00882	0.00568	0.00408	0.00376	0.00129	0.02291	0.00314	0.00250	0.00553
30	0.01097	0.85821	0.02151	0.00702	0.01054	0.01624	0.00702	0.01229	0.00834	0.00966	0.00571	0.00658	0.00527	0.00351	0.00263	0.00088	0.00439	0.00219	0.00176	0.00527
31	0.88473	0.00794	0.00603	0.00540	0.00794	0.00921	0.00445	0.01207	0.00699	0.01842	0.00572	0.00667	0.00445	0.00381	0.00254	0.00127	0.00318	0.00222	0.00254	0.00445
32	0.01066	0.44661	0.25463	0.00966	0.02620	0.07357	0.05828	0.05581	0.00936	0.01178	0.00664	0.00774	0.00542	0.00375	0.00331	0.00107	0.00526	0.00273	0.00192	0.00559
33	0.00587	0.00438	0.00653	0.00653	0.00724	0.00509	0.00504	0.00728	0.00658	0.00948	0.01106	0.01648	0.01042	0.05822	0.81225	0.00651	0.01076	0.00445	0.00221	0.00363
34	0.00867	0.00483	0.00639	0.00564	0.00711	0.00436	0.00435	0.01051	0.01161	0.20233	0.63091	0.02700	0.04447	0.00767	0.00468	0.00129	0.00229	0.00669	0.00464	0.00458
35	0.00553	0.00398	0.00536	0.00627	0.00679	0.00380	0.00472	0.00665	0.00845	0.01111	0.02313	0.54920	0.05986	0.01225	0.00537	0.00173	0.00284	0.27568	0.00380	0.00349
36	0.00540	0.00417	0.00493	0.00476	0.00589	0.00369	0.00356	0.00694	0.01062	0.01413	0.48862	0.05000	0.36387	0.00930	0.00485	0.00134	0.00200	0.00802	0.00421	0.00369
37	0.00515	0.00368	0.00494	0.00589	0.00619	0.00346	0.00407	0.00598	0.00801	0.01065	0.02254	0.77715	0.02682	0.01272	0.00528	0.00169	0.00251	0.08608	0.00381	0.00338
38	0.01012	0.00971	0.01658	0.04014	0.81553	0.00974	0.01258	0.01256	0.00933	0.01336	0.00771	0.01017	0.00648	0.00367	0.00406	0.00122	0.00489	0.00366	0.00203	0.00647
39	0.00597	0.00398	0.00448	0.00448	0.00448	0.00398	0.00249	0.00597	0.00597	0.00796	0.01293	0.02686	0.01492	0.85574	0.02089	0.00398	0.00398	0.00597	0.00249	0.00249
40	0.00993	0.00602	0.00626	0.00543	0.00706	0.00637	0.00428	0.24048	0.01167	0.01833	0.01238	0.01374	0.00951	0.00482	0.00322	0.00104	0.00266	0.00379	0.62829	0.00473
41	0.00823	0.02123	0.83447	0.01170	0.01777	0.00953	0.01517	0.01300	0.00867	0.01300	0.00737	0.00867	0.00520	0.00390	0.00390	0.00130	0.00607	0.00303	0.00173	0.00607
42	0.00581	0.00420	0.00549	0.00516	0.00613	0.00387	0.00387	0.00775	0.01162	0.01646	0.82797	0.03066	0.03873	0.00839	0.00484	0.00129	0.00194	0.00742	0.00452	0.00387
43	0.00586	0.00440	0.00660	0.00660	0.00733	0.00513	0.00513	0.00733	0.00660	0.00953	0.01100	0.01613	0.01026	0.03079	0.83947	0.00660	0.01100	0.00440	0.00220	0.00367
44	0.00597	0.00398	0.00448	0.00448	0.00448	0.00398	0.00249	0.00597	0.00597	0.00796	0.01293	0.02686	0.01492	0.85574	0.02089	0.00398	0.00398	0.00597	0.00249	0.00249
45	0.01436	0.08164	0.03164	0.01005	0.01246	0.62674	0.00789	0.06593	0.08955	0.01175	0.00753	0.00828	0.00608	0.00434	0.00370	0.00109	0.00657	0.00288	0.00240	0.00513
46	0.06354	0.01024	0.09731	0.00839	0.01182	0.03280	0.00748	0.24565	0.03325	0.42803	0.01261	0.01168	0.00834	0.00483	0.00400	0.00126	0.00415	0.00375	0.00420	0.00667
47	0.00956	0.00733	0.00864	0.00630	0.00977	0.00578	0.00505	0.04822	0.00942	0.08346	0.04458	0.01002	0.00792	0.00354	0.00326	0.00072	0.00310	0.00286	0.00283	0.72766
48	0.06717	0.12014	0.01280	0.01000	0.01236	0.66904	0.02758	0.01555	0.01091	0.01058	0.00628	0.00735	0.00526	0.00410	0.00353	0.00106	0.00677	0.00262	0.00210	0.00482
49	0.00806	0.00670	0.01119	0.06848	0.12001	0.00671	0.13322	0.02608	0.00959	0.03283	0.01648	0.05560	0.01688	0.00838	0.00514	0.00165	0.00449	0.46071	0.00319	0.00459
50	0.01016	0.00975	0.01666	0.02520	0.83013	0.00975	0.01260	0.01260	0.00935	0.01341	0.00772	0.01016	0.00650	0.00366	0.00406	0.00122	0.00488	0.00366	0.00203	0.00650
51	0.00572	0.00419	0.00536	0.00507	0.00608	0.00383	0.00380	0.00757	0.01140	0.01594	0.75127	0.03152	0.11575	0.00859	0.00484	0.00130	0.00195	0.00754	0.00445	0.00383
52	0.00597	0.00398	0.00448	0.00448	0.00448	0.00398	0.00249	0.00597	0.00597	0.00796	0.01293	0.02686	0.01492	0.85574	0.02089	0.00398	0.00398	0.00597	0.00249	0.00249
53	0.01122	0.81403	0.02103	0.00715	0.01065	0.01606	0.00706	0.05425	0.00891	0.01050	0.00592	0.00676	0.00536	0.00359	0.00271	0.00090	0.00440	0.00227	0.00188	0.00536
54	0.00565	0.00419	0.00527	0.00500	0.00604	0.00381	0.00375	0.00744	0.01125	0.01558	0.69841	0.03212	0.16884	0.00872	0.00484	0.00131	0.00196	0.00763	0.00440	0.00381
55	0.00578	0.00421	0.00546	0.00534	0.00622	0.00394	0.00393	0.00775	0.03156	0.01545	0.66844	0.17214	0.03607	0.00909	0.00489	0.00136	0.00205	0.00809	0.00439	0.00385
56	0.00500	0.00357	0.00476	0.00572	0.00595	0.00333	0.00381	0.00572	0.00786	0.01048	0.02262	0.85306	0.02715	0.01286	0.00524	0.00167	0.00238	0.01167	0.00381	0.00333
57	0.01521	0.04264	0.01190	0.01048	0.01263	0.81662	0.00791	0.01628	0.01154	0.01004	0.00633	0.00738	0.00529	0.00421	0.00367	0.00105	0.00732	0.00263	0.00211	0.00477

[dist]
# distance from previous block
# <min> <max>
0	1

[block]
# block no. 3 follows, 65 sequences, length 39
# corresponding to MSA columns:
# 355-393
name=unknown_D
#
# <colnr> <probs for GDERKNQSTAVLIFYWHMCP>
#	G	D	E	R	K	N	Q	S	T	A	V	L	I	F	Y	W	H	M	C	P
0	0.01033	0.55125	0.09283	0.04027	0.09943	0.01401	0.08450	0.01231	0.00852	0.01072	0.00636	0.00782	0.00549	0.00372	0.00358	0.00105	0.03777	0.00278	0.00182	0.00544
1	0.00874	0.00868	0.01208	0.01041	0.01047	0.01202	0.00864	0.00964	0.00645	0.00994	0.00724	0.02454	0.04128	0.00742	0.01296	0.00178	0.79743	0.00395	0.00192	0.00443
2	0.00939	0.00871	0.03942	0.00840	0.01064	0.02701	0.03791	0.01829	0.58771	0.01612	0.09869	0.05056	0.01566	0.00626	0.00437	0.00141	0.00344	0.04616	0.00396	0.00588
3	0.00537	0.00418	0.00488	0.00471	0.00586	0.00369	0.00353	0.00690	0.01059	0.01401	0.46973	0.03469	0.39849	0.00930	0.00485	0.00133	0.00200	0.00799	0.00420	0.00369
4	0.00567	0.00418	0.00531	0.00506	0.00606	0.00381	0.00378	0.00747	0.01125	0.01567	0.71347	0.05173	0.13376	0.00874	0.00485	0.00131	0.00196	0.00768	0.00442	0.00381
5	0.01287	0.00925	0.01060	0.04701	0.06865	0.04549	0.00715	0.18224	0.24917	0.18437	0.01238	0.01207	0.00895	0.00473	0.00396	0.00120	0.00393	0.00383	0.00376	0.12840
6	0.01041	0.60892	0.11977	0.00874	0.03014	0.04439	0.06140	0.01227	0.00859	0.01043	0.00697	0.04841	0.00641	0.00404	0.00313	0.00102	0.00479	0.00298	0.00189	0.00530
7	0.00500	0.00357	0.00476	0.00572	0.00595	0.00333	0.00381	0.00572	0.00786	0.01048	0.02262	0.85306	0.02715	0.01286	0.00524	0.00167	0.00238	0.01167	0.00381	0.00333
8	0.01097	0.85821	0.02151	0.00702	0.01054	0.01624	0.00702	0.01229	0.00834	0.00966	0.00571	0.00658	0.00527	0.00351	0.00263	0.00088	0.00439	0.00219	0.00176	0.00527
9	0.00485	0.00416	0.00416	0.00416	0.00554	0.00347	0.00312	0.00589	0.00936	0.01109	0.04158	0.03950	0.82847	0.01040	0.00485	0.00139	0.00208	0.00866	0.00381	0.00347
10	0.00594	0.00411	0.00514	0.00514	0.00537	0.00434	0.00331	0.00639	0.00617	0.00845	0.01233	0.02352	0.01347	0.59865	0.27600	0.00480	0.00617	0.00548	0.00240	0.00285
11	0.04730	0.33168	0.27722	0.05018	0.01392	0.04920	0.00983	0.09243	0.00974	0.05486	0.00728	0.00825	0.00564	0.00401	0.00361	0.00114	0.02299	0.00283	0.00220	0.00567
12	0.00906	0.00955	0.05174	0.25405	0.35818	0.04457	0.10413	0.01158	0.00899	0.01211	0.00903	0.09143	0.00805	0.00468	0.00426	0.00132	0.00520	0.00449	0.00214	0.00544
13	0.00581	0.00420	0.00549	0.00516	0.00613	0.00387	0.00387	0.00775	0.01162	0.01646	0.82797	0.03066	0.03873	0.00839	0.00484	0.00129	0.00194	0.00742	0.00452	0.00387
14	0.85721	0.03472	0.00652	0.00545	0.00802	0.00943	0.00453	0.01207	0.00703	0.01814	0.00572	0.00667	0.00447	0.00380	0.00254	0.00126	0.00321	0.00222	0.00252	0.00447
15	0.00829	0.00786	0.01274	0.61291	0.17732	0.02396	0.01106	0.01075	0.00832	0.01089	0.00758	0.01145	0.00612	0.04552	0.00516	0.00147	0.02811	0.00374	0.00190	0.00483
16	0.88473	0.00794	0.00603	0.00540	0.00794	0.00921	0.00445	0.01207	0.00699	0.01842	0.00572	0.00667	0.00445	0.00381	0.00254	0.00127	0.00318	0.00222	0.00254	0.00445
17	0.00833	0.00645	0.00719	0.00636	0.00804	0.02129	0.00493	0.14385	0.14166	0.02800	0.42390	0.02542	0.14297	0.00754	0.00459	0.00131	0.00271	0.00641	0.00426	0.00480
18	0.05581	0.00703	0.00938	0.00722	0.01037	0.00617	0.00596	0.01966	0.01154	0.79782	0.01574	0.01366	0.00991	0.00503	0.00406	0.00127	0.00348	0.00405	0.00497	0.00688
19	0.00887	0.00881	0.01236	0.01062	0.01065	0.01230	0.00884	0.00979	0.00630	0.00987	0.00559	0.00924	0.00557	0.00804	0.04358	0.00197	0.81771	0.00362	0.00181	0.00446
20	0.01097	0.77739	0.06996	0.00743	0.01105	0.04584	0.00755	0.01248	0.00848	0.00987	0.00583	0.00674	0.00526	0.00356	0.00275	0.00091	0.00460	0.00226	0.00177	0.00530
21	0.00816	0.02073	0.81007	0.01151	0.01742	0.00937	0.01483	0.01285	0.00875	0.01310	0.03153	0.00931	0.00619	0.00403	0.00393	0.00130	0.00594	0.00316	0.00182	0.00600
22	0.00579	0.00442	0.00640	0.00641	0.00717	0.00503	0.00496	0.00718	0.00688	0.00971	0.01406	0.05072	0.08300	0.02793	0.72065	0.00587	0.02273	0.00505	0.00240	0.00365
23	0.00532	0.00418	0.00481	0.00465	0.00583	0.00367	0.00349	0.00680	0.01046	0.01372	0.42676	0.03517	0.44165	0.00941	0.00485	0.00134	0.00201	0.00806	0.00416	0.00367
24	0.00800	0.00763	0.07404	0.00669	0.00945	0.00599	0.00569	0.05263	0.01826	0.01284	0.03489	0.01263	0.00885	0.08153	0.19201	0.00235	0.00519	0.00347	0.00250	0.45536
25	0.00593	0.00402	0.00465	0.00465	0.00476	0.00407	0.00274	0.00609	0.00612	0.00819	0.01361	0.02629	0.03847	0.75859	0.09212	0.00413	0.00454	0.00591	0.00250	0.00262
26	0.01146	0.00997	0.03806	0.08119	0.20819	0.03161	0.01690	0.22702	0.20667	0.04702	0.02159	0.01304	0.04812	0.00498	0.00427	0.00129	0.01493	0.00417	0.00329	0.00622
27	0.00541	0.00418	0.00493	0.00474	0.00589	0.00370	0.00356	0.00697	0.01067	0.01421	0.49812	0.03437	0.36998	0.00923	0.00485	0.00133	0.00200	0.00794	0.00422	0.00370
28	0.01216	0.05277	0.03762	0.03035	0.06860	0.11012	0.17752	0.30649	0.04653	0.01743	0.04931	0.03815	0.00914	0.00490	0.00424	0.00127	0.00519	0.01927	0.00308	0.00587
29	0.10407	0.02088	0.01317	0.22082	0.23143	0.24005	0.04787	0.02363	0.00966	0.04054	0.00734	0.00935	0.00580	0.00400	0.00384	0.00122	0.00559	0.00328	0.00219	0.00528
30	0.71705	0.07480	0.00776	0.00601	0.00859	0.06450	0.00498	0.01284	0.04706	0.01712	0.00629	0.00713	0.00496	0.00390	0.00270	0.00123	0.00355	0.00237	0.00253	0.00463
31	0.00903	0.00855	0.01426	0.41056	0.41296	0.00948	0.01174	0.01205	0.04836	0.01222	0.00796	0.01078	0.00631	0.00396	0.00409	0.00130	0.00508	0.00370	0.00204	0.00559
32	0.00503	0.00359	0.00477	0.00569	0.00593	0.00335	0.00379	0.00575	0.00789	0.01053	0.03584	0.82524	0.02713	0.02723	0.00550	0.00170	0.00240	0.01150	0.00380	0.00333
33	0.00623	0.00522	0.00646	0.00633	0.00716	0.03552	0.00487	0.00742	0.00752	0.00996	0.01869	0.03846	0.21285	0.08552	0.42807	0.00426	0.07451	0.03467	0.00267	0.00363
34	0.00599	0.00423	0.00599	0.00599	0.00666	0.00467	0.00451	0.00722	0.00717	0.01034	0.08712	0.05109	0.02668	0.09052	0.56069	0.04778	0.00821	0.00508	0.05658	0.00349
35	0.02731	0.01597	0.04877	0.05457	0.21140	0.51425	0.00940	0.02957	0.01077	0.01145	0.00718	0.02707	0.00609	0.00427	0.00384	0.00114	0.00640	0.00317	0.00215	0.00523
36	0.23362	0.22475	0.33769	0.00880	0.01295	0.08221	0.00967	0.02594	0.00858	0.01351	0.00649	0.00755	0.00506	0.00383	0.00323	0.00117	0.00500	0.00260	0.00202	0.00536
37	0.00862	0.05569	0.75283	0.01195	0.04900	0.00976	0.01455	0.01309	0.00874	0.02836	0.00748	0.00874	0.00535	0.00390	0.00386	0.00128	0.00590	0.00304	0.00181	0.00607
38	0.00815	0.05590	0.60135	0.01099	0.01606	0.00916	0.08295	0.01236	0.02610	0.01304	0.06181	0.01238	0.06267	0.00460	0.00405	0.00130	0.00548	0.00384	0.00213	0.00568

[dist]
# distance from previous block
# <min> <max>
0	1

[block]
# block no. 4 follows, 65 sequences, length 31
# corresponding to MSA columns:
# 395-425
name=unknown_E
#
# <colnr> <probs for GDERKNQSTAVLIFYWHMCP>
#	G	D	E	R	K	N	Q	S	T	A	V	L	I	F	Y	W	H	M	C	P
0	0.01560	0.01150	0.01232	0.00944	0.01273	0.01273	0.00780	0.81645	0.01930	0.02587	0.00986	0.00986	0.00698	0.00493	0.00411	0.00123	0.00452	0.00370	0.00411	0.00698
1	0.01016	0.57302	0.24965	0.00941	0.06088	0.01397	0.00964	0.01251	0.00849	0.01082	0.00629	0.00738	0.00532	0.00363	0.00307	0.00102	0.00489	0.00252	0.00177	0.00556
2	0.00495	0.00416	0.00430	0.00426	0.00561	0.00351	0.00320	0.00608	0.00959	0.01165	0.12334	0.03859	0.74636	0.01019	0.00485	0.00138	0.00206	0.00853	0.00389	0.00351
3	0.00765	0.00708	0.01173	0.56877	0.05974	0.00845	0.04394	0.02134	0.00831	0.01092	0.00993	0.15590	0.00930	0.00575	0.00486	0.00144	0.05307	0.00508	0.00222	0.00451
4	0.54716	0.02815	0.00825	0.00695	0.00953	0.18495	0.00559	0.06118	0.00919	0.09606	0.00711	0.00772	0.00535	0.00408	0.00303	0.00121	0.00421	0.00258	0.00277	0.00493
5	0.70080	0.01003	0.00725	0.00644	0.00895	0.14667	0.00518	0.04992	0.00832	0.01738	0.00601	0.00694	0.00470	0.00393	0.00280	0.00123	0.00394	0.00236	0.00254	0.00461
6	0.00892	0.00837	0.01411	0.14816	0.53212	0.00857	0.03402	0.01125	0.00929	0.01296	0.07785	0.06186	0.03169	0.00494	0.00427	0.00129	0.00455	0.01776	0.00238	0.00565
7	0.00505	0.00410	0.00448	0.00452	0.00570	0.00353	0.00334	0.00623	0.00963	0.01206	0.19104	0.12601	0.58942	0.01028	0.00489	0.00140	0.00208	0.00875	0.00395	0.00353
8	0.00821	0.00776	0.01314	0.68957	0.18099	0.00924	0.01163	0.01089	0.00842	0.01104	0.00738	0.01079	0.00567	0.00402	0.00410	0.00134	0.00536	0.00365	0.00186	0.00493
9	0.00557	0.00405	0.00524	0.00524	0.00606	0.00372	0.00382	0.00717	0.01061	0.01476	0.59603	0.22438	0.07890	0.00955	0.00494	0.00138	0.00205	0.00849	0.00431	0.00372
10	0.00860	0.13383	0.72511	0.01107	0.01679	0.01044	0.01407	0.01290	0.00862	0.01255	0.00714	0.00839	0.00521	0.00385	0.00373	0.00124	0.00584	0.00292	0.00174	0.00596
11	0.00597	0.00398	0.00448	0.00448	0.00448	0.00398	0.00249	0.00597	0.00597	0.00796	0.01293	0.02686	0.01492	0.85574	0.02089	0.00398	0.00398	0.00597	0.00249	0.00249
12	0.00506	0.00427	0.00463	0.03877	0.00654	0.00373	0.00355	0.00624	0.00946	0.01152	0.10963	0.06737	0.69495	0.01005	0.00483	0.00139	0.00222	0.00846	0.00379	0.00354
13	0.01016	0.00975	0.01666	0.02520	0.83013	0.00975	0.01260	0.01260	0.00935	0.01341	0.00772	0.01016	0.00650	0.00366	0.00406	0.00122	0.00488	0.00366	0.00203	0.00650
14	0.78009	0.00821	0.00661	0.00582	0.00839	0.00948	0.00477	0.06178	0.05583	0.01880	0.00662	0.00737	0.00508	0.00398	0.00273	0.00128	0.00326	0.00246	0.00273	0.00472
15	0.00824	0.04133	0.03532	0.00720	0.00857	0.05532	0.00588	0.02937	0.00782	0.08994	0.01078	0.01471	0.00951	0.04384	0.58738	0.00504	0.02886	0.00414	0.00248	0.00427
16	0.00774	0.00703	0.01162	0.46382	0.19530	0.00809	0.00991	0.00999	0.00813	0.01089	0.00928	0.07791	0.00838	0.04291	0.10989	0.00212	0.00574	0.00447	0.00210	0.00468
17	0.01097	0.85821	0.02151	0.00702	0.01054	0.01624	0.00702	0.01229	0.00834	0.00966	0.00571	0.00658	0.00527	0.00351	0.00263	0.00088	0.00439	0.00219	0.00176	0.00527
18	0.01533	0.01956	0.01163	0.01058	0.01269	0.83926	0.00793	0.01639	0.01163	0.01005	0.00635	0.00740	0.00529	0.00423	0.00370	0.00106	0.00740	0.00264	0.00212	0.00476
19	0.00851	0.00730	0.00851	0.00608	0.00973	0.00547	0.00486	0.01034	0.00851	0.01338	0.00730	0.00851	0.00608	0.00304	0.00304	0.00061	0.00304	0.00243	0.00243	0.88083
20	0.01016	0.00975	0.01666	0.02520	0.83013	0.00975	0.01260	0.01260	0.00935	0.01341	0.00772	0.01016	0.00650	0.00366	0.00406	0.00122	0.00488	0.00366	0.00203	0.00650
21	0.00501	0.00416	0.00438	0.00433	0.00564	0.00353	0.00325	0.00620	0.00974	0.01199	0.17337	0.03802	0.69612	0.01006	0.00485	0.00137	0.00206	0.00846	0.00393	0.00353
22	0.01533	0.01956	0.01163	0.01058	0.01269	0.83926	0.00793	0.01639	0.01163	0.01005	0.00635	0.00740	0.00529	0.00423	0.00370	0.00106	0.00740	0.00264	0.00212	0.00476
23	0.04802	0.00702	0.00941	0.00724	0.01039	0.00614	0.00598	0.01973	0.01159	0.80514	0.01584	0.01372	0.00997	0.00504	0.00407	0.00127	0.00348	0.00406	0.00499	0.00690
24	0.00533	0.00407	0.00464	0.00491	0.00572	0.00369	0.00351	0.00620	0.00843	0.01061	0.05573	0.19499	0.39173	0.18984	0.00841	0.00204	0.00271	0.09060	0.00355	0.00328
25	0.00981	0.00505	0.00684	0.00621	0.00772	0.00484	0.00480	0.01122	0.00929	0.27721	0.12020	0.12977	0.06449	0.04307	0.24485	0.00294	0.00518	0.00594	0.03589	0.00468
26	0.00548	0.00394	0.00519	0.00539	0.00606	0.00366	0.00385	0.00693	0.01010	0.01405	0.50288	0.36263	0.03406	0.01020	0.00500	0.00144	0.00212	0.00914	0.00423	0.00366
27	0.00650	0.00439	0.00561	0.00579	0.00681	0.00411	0.00448	0.00785	0.00931	0.06907	0.16108	0.18472	0.21599	0.04850	0.06560	0.00201	0.00331	0.18722	0.00384	0.00380
28	0.00982	0.00939	0.01589	0.14102	0.69972	0.00967	0.01230	0.01249	0.02597	0.01307	0.00785	0.01038	0.00648	0.00376	0.00407	0.00124	0.00493	0.00368	0.00205	0.00623
29	0.78893	0.08381	0.00748	0.00560	0.00823	0.00986	0.00472	0.01229	0.02377	0.01761	0.00594	0.00684	0.00468	0.00382	0.00258	0.00124	0.00329	0.00227	0.00250	0.00456
30	0.01071	0.18537	0.02578	0.08482	0.19575	0.10859	0.00852	0.04140	0.14659	0.04262	0.03379	0.02295	0.00866	0.00624	0.05969	0.00154	0.00509	0.00368	0.00261	0.00559

[dist]
# distance from previous block
# <min> <max>
0	1

[block]
# block no. 5 follows, 65 sequences, length 16
# corresponding to MSA columns:
# 427-442
name=unknown_F
#
# <colnr> <probs for GDERKNQSTAVLIFYWHMCP>
#	G	D	E	R	K	N	Q	S	T	A	V	L	I	F	Y	W	H	M	C	P
0	0.00608	0.00528	0.05974	0.00563	0.00697	0.00409	0.00457	0.00751	0.00945	0.05409	0.19028	0.27784	0.29992	0.01007	0.00490	0.00146	0.00255	0.04183	0.00388	0.00387
1	0.02621	0.15262	0.33740	0.00975	0.01410	0.03883	0.01039	0.26778	0.01229	0.08044	0.00851	0.00904	0.00615	0.00426	0.00375	0.00120	0.00510	0.00317	0.00277	0.00623
2	0.01098	0.31305	0.08623	0.05533	0.01428	0.13662	0.14921	0.07864	0.02680	0.01217	0.00783	0.04269	0.00671	0.00480	0.01978	0.00125	0.02260	0.00350	0.00220	0.00531
3	0.00537	0.00410	0.00493	0.00488	0.00590	0.00366	0.00360	0.00683	0.01035	0.01381	0.44820	0.13684	0.31734	0.00966	0.00489	0.00137	0.00204	0.00840	0.00418	0.00366
4	0.00909	0.00728	0.00857	0.00615	0.00977	0.00550	0.00493	0.01090	0.00870	0.06138	0.00782	0.00883	0.00632	0.00316	0.00310	0.00065	0.00307	0.00253	0.00259	0.82965
5	0.00921	0.00898	0.01569	0.28119	0.37489	0.00954	0.13738	0.01250	0.06532	0.01264	0.00864	0.03020	0.00702	0.00411	0.00423	0.00131	0.00521	0.00409	0.00216	0.00567
6	0.00581	0.00418	0.00537	0.00606	0.00654	0.00405	0.00422	0.06198	0.00873	0.01163	0.02170	0.75685	0.02559	0.01224	0.00518	0.00165	0.00259	0.04820	0.00383	0.00361
7	0.12223	0.00917	0.09523	0.00777	0.03195	0.00754	0.00670	0.04378	0.00881	0.07533	0.00819	0.00931	0.01842	0.00402	0.00434	0.00099	0.09264	0.00289	0.00258	0.44809
8	0.10189	0.02777	0.02290	0.03335	0.01074	0.00654	0.03675	0.01157	0.00864	0.09328	0.00811	0.00921	0.00638	0.00421	0.02789	0.00099	0.00364	0.00277	0.00263	0.58074
9	0.00689	0.00564	0.00734	0.00689	0.00829	0.00558	0.06271	0.06478	0.11404	0.01287	0.02385	0.34544	0.21601	0.01035	0.02950	0.00165	0.00323	0.04882	0.00368	0.02244
10	0.00944	0.02975	0.16724	0.00864	0.01193	0.00787	0.06934	0.05205	0.09108	0.07991	0.08756	0.03025	0.03658	0.00558	0.02423	0.00128	0.05054	0.00411	0.00295	0.22966
11	0.01098	0.05703	0.07510	0.06728	0.01345	0.07339	0.11790	0.11865	0.05476	0.10058	0.05508	0.03057	0.00956	0.00545	0.00495	0.05746	0.01499	0.02486	0.00295	0.10502
12	0.00935	0.15822	0.34314	0.00975	0.03704	0.00995	0.04240	0.06928	0.07459	0.02802	0.03087	0.01224	0.06420	0.02418	0.00418	0.00125	0.00475	0.00370	0.00246	0.07044
13	0.09482	0.11145	0.16811	0.03522	0.01281	0.00895	0.08063	0.04487	0.00911	0.07177	0.00966	0.01123	0.04489	0.00433	0.00399	0.00112	0.03834	0.02172	0.00251	0.22449
14	0.00923	0.06042	0.32950	0.09811	0.01564	0.04502	0.07494	0.05695	0.03295	0.03720	0.02308	0.03116	0.04433	0.02834	0.00442	0.00129	0.00509	0.00384	0.00237	0.09613
15	0.00883	0.07102	0.29326	0.01925	0.03642	0.05810	0.04147	0.02186	0.11044	0.01279	0.04241	0.01301	0.06795	0.00613	0.02938	0.06013	0.00487	0.00385	0.00246	0.09638

[dist]
# distance from previous block
# <min> <max>
3	82

[block]
# block no. 6 follows, 65 sequences, length 21
# corresponding to MSA columns:
# 556-576
name=unknown_G
#
# <colnr> <probs for GDERKNQSTAVLIFYWHMCP>
#	G	D	E	R	K	N	Q	S	T	A	V	L	I	F	Y	W	H	M	C	P
0	0.00922	0.02321	0.38555	0.03590	0.08746	0.02086	0.04158	0.08632	0.03019	0.02542	0.05396	0.03455	0.00859	0.02711	0.00485	0.00133	0.04120	0.00382	0.00240	0.07648
1	0.00918	0.04686	0.43674	0.02387	0.12954	0.00921	0.04643	0.05331	0.03096	0.03646	0.02051	0.03503	0.02707	0.00438	0.00395	0.00123	0.00514	0.00368	0.00227	0.07417
2	0.01018	0.03105	0.02168	0.05387	0.10304	0.03191	0.03096	0.18022	0.10385	0.03809	0.06814	0.04994	0.07132	0.00629	0.01293	0.00136	0.04873	0.05650	0.00328	0.07668
3	0.05236	0.04442	0.05002	0.02045	0.12928	0.04901	0.03005	0.13626	0.08169	0.02709	0.16746	0.01597	0.07117	0.00552	0.00418	0.01099	0.00385	0.00453	0.00322	0.09248
4	0.02063	0.05237	0.01102	0.05409	0.03937	0.03185	0.05135	0.19956	0.10011	0.04821	0.07367	0.02202	0.06170	0.00514	0.00397	0.00114	0.00389	0.02185	0.00329	0.19476
5	0.01059	0.00979	0.01551	0.15599	0.38239	0.02698	0.10737	0.11602	0.04637	0.02916	0.00839	0.01054	0.00661	0.00419	0.00469	0.00130	0.05188	0.00383	0.00241	0.00599
6	0.01279	0.01157	0.01295	0.04180	0.23095	0.16489	0.03122	0.22013	0.09913	0.06317	0.00943	0.01028	0.00718	0.00434	0.00398	0.00118	0.00496	0.00356	0.00300	0.06350
7	0.00813	0.00752	0.01217	0.71361	0.05820	0.00912	0.01085	0.03211	0.03127	0.01129	0.00783	0.02306	0.00608	0.00429	0.00424	0.00134	0.01887	0.00375	0.00201	0.03426
8	0.00940	0.00878	0.01245	0.30878	0.20074	0.05509	0.00972	0.03486	0.00895	0.03042	0.03272	0.01059	0.00695	0.00445	0.00521	0.00125	0.11929	0.00354	0.00220	0.13462
9	0.02742	0.00737	0.00900	0.13347	0.01242	0.00742	0.00633	0.01454	0.25230	0.10892	0.04325	0.01384	0.03282	0.02443	0.02861	0.00134	0.00371	0.00397	0.00328	0.26556
10	0.01557	0.01247	0.01224	0.00958	0.01272	0.11187	0.00782	0.72048	0.01838	0.02397	0.00943	0.00956	0.00678	0.00484	0.00406	0.00121	0.00486	0.00357	0.00387	0.00671
11	0.77920	0.00748	0.00581	0.00525	0.00765	0.00852	0.00429	0.01133	0.00727	0.01754	0.01002	0.01061	0.10328	0.00460	0.00282	0.00128	0.00304	0.00300	0.00269	0.00433
12	0.00851	0.00730	0.00851	0.00608	0.00973	0.00547	0.00486	0.01034	0.00851	0.01338	0.00730	0.00851	0.00608	0.00304	0.00304	0.00061	0.00304	0.00243	0.00243	0.88083
13	0.00894	0.00835	0.01331	0.41351	0.31022	0.00930	0.01092	0.01259	0.10632	0.01247	0.00858	0.01107	0.00671	0.00407	0.00405	0.00128	0.00488	0.00371	0.00221	0.04749
14	0.01008	0.00883	0.01419	0.01131	0.01404	0.00914	0.28918	0.03743	0.29960	0.07404	0.01410	0.04576	0.01178	0.00584	0.00490	0.00146	0.02822	0.11104	0.00337	0.00569
15	0.00855	0.00798	0.04077	0.00674	0.01050	0.00582	0.03707	0.01055	0.00856	0.01335	0.00734	0.00862	0.00605	0.00309	0.00314	0.00066	0.00331	0.00255	0.00239	0.81296
16	0.01186	0.52650	0.11633	0.00852	0.01200	0.21048	0.00825	0.04416	0.00958	0.01077	0.00622	0.00715	0.00533	0.00378	0.00310	0.00098	0.00531	0.00246	0.00193	0.00531
17	0.00936	0.00780	0.00897	0.00648	0.01009	0.00634	0.00522	0.10703	0.00981	0.01487	0.00760	0.00867	0.00619	0.00327	0.00317	0.00068	0.00322	0.00258	0.00263	0.77602
18	0.00608	0.00477	0.00757	0.00719	0.00811	0.00542	0.05004	0.00765	0.00677	0.00973	0.01085	0.01585	0.01004	0.02927	0.79320	0.00631	0.01077	0.00442	0.00219	0.00377
19	0.01301	0.08729	0.13879	0.00919	0.01266	0.01105	0.02959	0.39628	0.09393	0.09605	0.02177	0.02668	0.00843	0.03117	0.00452	0.00133	0.00450	0.00389	0.00353	0.00635
20	0.02004	0.01891	0.00716	0.00659	0.00827	0.00580	0.00535	0.08039	0.07030	0.02400	0.13049	0.08914	0.13360	0.00927	0.03228	0.00160	0.00336	0.24028	0.00370	0.10946

[dist]
# distance from previous block
# <min> <max>
5	9

[block]
# block no. 7 follows, 65 sequences, length 20
# corresponding to MSA columns:
# 587-606
name=unknown_H
#
# <colnr> <probs for GDERKNQSTAVLIFYWHMCP>
#	G	D	E	R	K	N	Q	S	T	A	V	L	I	F	Y	W	H	M	C	P
0	0.00525	0.00387	0.00498	0.00577	0.00632	0.00359	0.00417	0.00622	0.00838	0.01089	0.02563	0.58077	0.16004	0.01219	0.00525	0.00166	0.00257	0.14524	0.00381	0.00343
1	0.00903	0.00761	0.00879	0.00633	0.00995	0.00601	0.00508	0.06968	0.00931	0.01430	0.00748	0.00861	0.00615	0.00318	0.00312	0.00065	0.00315	0.00253	0.00256	0.81650
2	0.00538	0.00415	0.00491	0.00479	0.00589	0.00368	0.00357	0.00689	0.01051	0.01398	0.46887	0.07796	0.35573	0.00944	0.00487	0.00135	0.00202	0.00815	0.00420	0.00368
3	0.00585	0.00401	0.00446	0.00446	0.00469	0.00393	0.00263	0.00607	0.00651	0.00859	0.01687	0.02814	0.12716	0.70392	0.03380	0.00360	0.00380	0.00626	0.02259	0.00268
4	0.09277	0.00462	0.00503	0.00486	0.00621	0.00427	0.00368	0.00763	0.00982	0.04394	0.28111	0.08370	0.40876	0.00909	0.00463	0.00137	0.00224	0.01851	0.00395	0.00382
5	0.07956	0.00741	0.00904	0.00734	0.01016	0.00724	0.00594	0.01937	0.21891	0.52984	0.04977	0.01448	0.01155	0.00525	0.00405	0.00130	0.00334	0.00426	0.00464	0.00654
6	0.00502	0.00406	0.00438	0.00455	0.00562	0.00352	0.00329	0.00597	0.00890	0.01091	0.05504	0.18015	0.59063	0.07393	0.00614	0.00164	0.00231	0.02683	0.00373	0.00339
7	0.59950	0.00736	0.00631	0.00568	0.00798	0.00826	0.00457	0.01257	0.10546	0.04435	0.07146	0.01296	0.08968	0.00505	0.00319	0.00130	0.00299	0.00360	0.00309	0.00464
8	0.01629	0.00661	0.00884	0.00707	0.00982	0.00587	0.00572	0.03049	0.03246	0.67938	0.01675	0.10899	0.01211	0.00596	0.00421	0.00131	0.00333	0.00498	0.03336	0.00646
9	0.00595	0.00401	0.00460	0.00456	0.00468	0.00397	0.00265	0.00618	0.00665	0.00898	0.11059	0.02732	0.01778	0.75421	0.01897	0.00366	0.00373	0.00614	0.00273	0.00265
10	0.00508	0.00410	0.00437	0.00441	0.00551	0.00355	0.00318	0.00606	0.00907	0.01120	0.11158	0.10216	0.59882	0.10464	0.00667	0.00169	0.00230	0.00848	0.00373	0.00338
11	0.09523	0.00736	0.00827	0.00601	0.00955	0.00584	0.00482	0.01051	0.00836	0.01387	0.00714	0.00833	0.00592	0.00312	0.00299	0.00067	0.00305	0.00241	0.00244	0.79410
12	0.00637	0.00407	0.00516	0.00556	0.00633	0.00368	0.00391	0.00728	0.00864	0.09217	0.05290	0.55920	0.17800	0.02867	0.00537	0.00161	0.00247	0.02095	0.00393	0.00373
13	0.00514	0.00368	0.00489	0.00562	0.00598	0.00343	0.00382	0.00607	0.00851	0.01151	0.16119	0.71156	0.02914	0.01209	0.00517	0.00160	0.00230	0.01094	0.00393	0.00343
14	0.00580	0.00400	0.00474	0.00484	0.00502	0.00403	0.00297	0.00610	0.00642	0.00857	0.01524	0.10804	0.06051	0.62679	0.11654	0.00392	0.00456	0.00649	0.00266	0.00277
15	0.00734	0.00381	0.00394	0.00403	0.00489	0.00378	0.00295	0.00908	0.00846	0.01461	0.01429	0.09855	0.01230	0.03042	0.00363	0.00112	0.00202	0.00466	0.76639	0.00374
16	0.00515	0.00368	0.00491	0.00571	0.00606	0.00344	0.00391	0.00605	0.00836	0.01125	0.11909	0.72893	0.02843	0.01228	0.00521	0.00163	0.00237	0.03624	0.00389	0.00341
17	0.00815	0.00431	0.00436	0.00418	0.00528	0.00439	0.00318	0.06048	0.00928	0.01597	0.01317	0.01496	0.01030	0.00479	0.00295	0.00097	0.00208	0.00382	0.82335	0.00403
18	0.00920	0.00856	0.01441	0.29629	0.51185	0.00917	0.01159	0.01171	0.00892	0.01256	0.00794	0.01074	0.00641	0.00388	0.00400	0.00125	0.00489	0.00366	0.05728	0.00569
19	0.00593	0.00379	0.00509	0.00580	0.00622	0.00351	0.00394	0.00660	0.00801	0.06225	0.02161	0.76682	0.02528	0.01242	0.00560	0.03645	0.00250	0.01087	0.00381	0.00350

[dist]
# distance from previous block
# <min> <max>
0	0

# created by:
# /st0/software/busco_prod/Augustus/scripts/msa2prfl.pl ./align_prep/111928.fa
