[name]
unknown

[dist]
# distance from previous block
# <min> <max>
0	751

[block]
# block no. 0 follows, 51 sequences, length 10
# corresponding to MSA columns:
# 837-846
name=unknown_A
#
# <colnr> <probs for GDERKNQSTAVLIFYWHMCP>
#	G	D	E	R	K	N	Q	S	T	A	V	L	I	F	Y	W	H	M	C	P
0	0.00772	0.00559	0.00764	0.00866	0.00984	0.00551	0.00752	0.00988	0.01130	0.01457	0.02830	0.05465	0.10188	0.01347	0.00669	0.00220	0.00433	0.69123	0.00453	0.00449
1	0.01222	0.01056	0.01111	0.01000	0.01278	0.01222	0.00778	0.02611	0.78776	0.02056	0.02000	0.01833	0.01500	0.00667	0.00500	0.00167	0.00389	0.00556	0.00500	0.00778
2	0.00916	0.00458	0.00458	0.00458	0.00573	0.00458	0.00344	0.01145	0.01031	0.01832	0.01603	0.01832	0.01260	0.00573	0.00344	0.00115	0.00229	0.00458	0.85457	0.00458
3	0.01019	0.00873	0.01019	0.00728	0.01165	0.00655	0.00582	0.01237	0.01019	0.01601	0.00873	0.01019	0.00728	0.00364	0.00364	0.00073	0.00364	0.00291	0.00291	0.85734
4	0.00755	0.00554	0.00741	0.00834	0.00956	0.00539	0.00719	0.00964	0.01129	0.01446	0.03016	0.05401	0.16189	0.01338	0.00662	0.00216	0.00417	0.63225	0.00453	0.00446
5	0.00971	0.00917	0.01552	0.69840	0.14757	0.01103	0.01386	0.01293	0.01003	0.01308	0.00881	0.01296	0.00673	0.00483	0.00491	0.00161	0.00644	0.00437	0.00222	0.00581
6	0.01048	0.01184	0.14432	0.00883	0.01347	0.00809	0.00827	0.04217	0.01059	0.01632	0.00876	0.01031	0.00710	0.00413	0.00443	0.00096	0.04167	0.00315	0.00281	0.64229
7	0.00581	0.00498	0.00498	0.00498	0.00664	0.00415	0.00373	0.00705	0.01120	0.01328	0.04978	0.04729	0.79464	0.01245	0.00581	0.00166	0.00249	0.01037	0.00456	0.00415
8	0.30715	0.01179	0.01159	0.00944	0.01288	0.01331	0.00771	0.39794	0.13914	0.02626	0.01140	0.01152	0.00837	0.00556	0.00429	0.00152	0.00462	0.00400	0.00429	0.00722
9	0.01889	0.01343	0.01454	0.01115	0.01507	0.01474	0.00921	0.73283	0.02254	0.07920	0.01227	0.01211	0.00860	0.00591	0.00492	0.00148	0.00533	0.00446	0.00499	0.00836

[dist]
# distance from previous block
# <min> <max>
0	2

[block]
# block no. 1 follows, 51 sequences, length 90
# corresponding to MSA columns:
# 849-872,874-888,908-943,945-959
name=unknown_B
#
# <colnr> <probs for GDERKNQSTAVLIFYWHMCP>
#	G	D	E	R	K	N	Q	S	T	A	V	L	I	F	Y	W	H	M	C	P
0	0.01033	0.02353	0.68283	0.01505	0.04363	0.01162	0.09212	0.03621	0.01086	0.01601	0.00902	0.01075	0.00645	0.00464	0.00479	0.00156	0.00727	0.00389	0.00220	0.00725
1	0.01213	0.03511	0.01458	0.01236	0.01307	0.17960	0.01009	0.01330	0.00895	0.01183	0.00719	0.01091	0.00685	0.00982	0.07141	0.00236	0.56869	0.00409	0.00226	0.00540
2	0.00916	0.00458	0.00458	0.00458	0.00573	0.00458	0.00344	0.01145	0.01031	0.01832	0.01603	0.01832	0.01260	0.00573	0.00344	0.00115	0.00229	0.00458	0.85457	0.00458
3	0.01019	0.00873	0.01019	0.00728	0.01165	0.00655	0.00582	0.01237	0.01019	0.01601	0.00873	0.01019	0.00728	0.00364	0.00364	0.00073	0.00364	0.00291	0.00291	0.85734
4	0.00703	0.00522	0.00767	0.00767	0.00847	0.00602	0.00586	0.00863	0.00783	0.01124	0.01337	0.02047	0.01279	0.10829	0.73708	0.00761	0.01240	0.00544	0.00266	0.00426
5	0.01314	0.83025	0.02575	0.00841	0.01261	0.01945	0.00841	0.01472	0.00999	0.01156	0.00683	0.00788	0.00631	0.00420	0.00315	0.00105	0.00526	0.00263	0.00210	0.00631
6	0.00738	0.00503	0.00755	0.00755	0.00822	0.00570	0.00570	0.00822	0.00755	0.01073	0.01208	0.01828	0.01140	0.03221	0.62250	0.20744	0.01107	0.00503	0.00252	0.00386
7	0.00586	0.00477	0.00519	0.00552	0.00678	0.00410	0.00397	0.00699	0.01068	0.01306	0.04319	0.27303	0.57317	0.01330	0.00594	0.00176	0.00259	0.01142	0.00456	0.00410
8	0.01296	0.00934	0.01519	0.44033	0.20909	0.01023	0.01248	0.01583	0.01114	0.19844	0.01136	0.01373	0.00816	0.00506	0.00491	0.00157	0.00583	0.00451	0.00316	0.00669
9	0.00643	0.00500	0.00584	0.00563	0.00702	0.00441	0.00422	0.00826	0.01267	0.01677	0.45367	0.04155	0.38858	0.01114	0.00580	0.00160	0.00240	0.00957	0.00502	0.00441
10	0.00730	0.00564	0.00828	0.00812	0.00888	0.00672	0.00630	0.00891	0.00783	0.01133	0.01280	0.01942	0.01218	0.08021	0.70465	0.00730	0.07185	0.00530	0.00262	0.00438
11	0.01314	0.83025	0.02575	0.00841	0.01261	0.01945	0.00841	0.01472	0.00999	0.01156	0.00683	0.00788	0.00631	0.00420	0.00315	0.00105	0.00526	0.00263	0.00210	0.00631
12	0.86201	0.00950	0.00722	0.00646	0.00950	0.01102	0.00532	0.01445	0.00836	0.02205	0.00684	0.00798	0.00532	0.00456	0.00304	0.00152	0.00380	0.00266	0.00304	0.00532
13	0.01069	0.00999	0.01657	0.21097	0.48721	0.01050	0.01319	0.01374	0.02989	0.01496	0.01250	0.07429	0.03270	0.00595	0.00508	0.00158	0.00559	0.03512	0.00274	0.00673
14	0.01538	0.48330	0.02067	0.01024	0.01372	0.35835	0.00888	0.01683	0.01168	0.01176	0.00716	0.00830	0.00632	0.00457	0.00370	0.00114	0.00681	0.00286	0.00229	0.00604
15	0.01088	0.05294	0.71532	0.01342	0.02031	0.01139	0.01700	0.01616	0.01064	0.07373	0.00953	0.01076	0.00667	0.00476	0.00463	0.00154	0.00696	0.00369	0.00237	0.00731
16	0.05248	0.01323	0.01271	0.01084	0.01319	0.15348	0.00858	0.24550	0.17568	0.01974	0.01230	0.03983	0.01026	0.05607	0.00802	0.00182	0.15104	0.00481	0.00380	0.00663
17	0.04222	0.01141	0.01309	0.01013	0.01389	0.01193	0.00835	0.45331	0.03106	0.30669	0.01456	0.01379	0.00986	0.00684	0.02809	0.00168	0.00512	0.00461	0.00522	0.00815
18	0.01187	0.00954	0.01114	0.00860	0.03339	0.00811	0.00667	0.11465	0.04596	0.04611	0.01002	0.01104	0.00795	0.00418	0.00395	0.00092	0.00396	0.00334	0.00337	0.65524
19	0.00814	0.00629	0.04300	0.00686	0.00851	0.00518	0.00546	0.01045	0.02453	0.07391	0.48918	0.16365	0.08388	0.01026	0.00567	0.00160	0.00285	0.00902	0.00502	0.03655
20	0.00581	0.00498	0.00498	0.00498	0.00664	0.00415	0.00373	0.00705	0.01120	0.01328	0.04978	0.04729	0.79464	0.01245	0.00581	0.00166	0.00249	0.01037	0.00456	0.00415
21	0.86201	0.00950	0.00722	0.00646	0.00950	0.01102	0.00532	0.01445	0.00836	0.02205	0.00684	0.00798	0.00532	0.00456	0.00304	0.00152	0.00380	0.00266	0.00304	0.00532
22	0.01178	0.01055	0.01326	0.03020	0.13771	0.01169	0.05200	0.02249	0.56389	0.01902	0.01909	0.01851	0.05480	0.00644	0.00506	0.00163	0.00442	0.00562	0.00437	0.00747
23	0.00715	0.00476	0.00536	0.00536	0.00536	0.00476	0.00298	0.00715	0.00715	0.00953	0.01548	0.03216	0.01787	0.82729	0.02501	0.00476	0.00476	0.00715	0.00298	0.00298
24	0.00916	0.00458	0.00458	0.00458	0.00573	0.00458	0.00344	0.01145	0.01031	0.01832	0.01603	0.01832	0.01260	0.00573	0.00344	0.00115	0.00229	0.00458	0.85457	0.00458
25	0.86201	0.00950	0.00722	0.00646	0.00950	0.01102	0.00532	0.01445	0.00836	0.02205	0.00684	0.00798	0.00532	0.00456	0.00304	0.00152	0.00380	0.00266	0.00304	0.00532
26	0.00768	0.00549	0.00765	0.00878	0.00981	0.00545	0.00751	0.00978	0.01108	0.01444	0.02615	0.14863	0.02879	0.01380	0.00673	0.00223	0.00432	0.67268	0.00453	0.00446
27	0.86201	0.00950	0.00722	0.00646	0.00950	0.01102	0.00532	0.01445	0.00836	0.02205	0.00684	0.00798	0.00532	0.00456	0.00304	0.00152	0.00380	0.00266	0.00304	0.00532
28	0.01216	0.01168	0.01995	0.03016	0.79664	0.01168	0.01508	0.01508	0.01119	0.01605	0.00924	0.01216	0.00778	0.00438	0.00487	0.00146	0.00584	0.00438	0.00243	0.00778
29	0.00715	0.00476	0.00536	0.00536	0.00536	0.00476	0.00298	0.00715	0.00715	0.00953	0.01548	0.03216	0.01787	0.82729	0.02501	0.00476	0.00476	0.00715	0.00298	0.00298
30	0.01019	0.00873	0.01019	0.00728	0.01165	0.00655	0.00582	0.01237	0.01019	0.01601	0.00873	0.01019	0.00728	0.00364	0.00364	0.00073	0.00364	0.00291	0.00291	0.85734
31	0.00722	0.00540	0.00763	0.00753	0.00816	0.00622	0.00561	0.00853	0.00770	0.01099	0.01340	0.02194	0.01333	0.22132	0.58790	0.00690	0.04776	0.00566	0.00269	0.00410
32	0.01868	0.01376	0.01475	0.01131	0.01524	0.01524	0.00934	0.78025	0.02311	0.03097	0.01180	0.01180	0.00836	0.00590	0.00492	0.00147	0.00541	0.00442	0.00492	0.00836
33	0.00581	0.00498	0.00498	0.00498	0.00664	0.00415	0.00373	0.00705	0.01120	0.01328	0.04978	0.04729	0.79464	0.01245	0.00581	0.00166	0.00249	0.01037	0.00456	0.00415
34	0.00586	0.00498	0.00505	0.00503	0.00667	0.00417	0.00377	0.00715	0.01132	0.01357	0.08359	0.04681	0.76066	0.01234	0.00581	0.00165	0.00248	0.01030	0.00460	0.00417
35	0.86201	0.00950	0.00722	0.00646	0.00950	0.01102	0.00532	0.01445	0.00836	0.02205	0.00684	0.00798	0.00532	0.00456	0.00304	0.00152	0.00380	0.00266	0.00304	0.00532
36	0.01222	0.01056	0.01111	0.01000	0.01278	0.01222	0.00778	0.02611	0.78776	0.02056	0.02000	0.01833	0.01500	0.00667	0.00500	0.00167	0.00389	0.00556	0.00500	0.00778
37	0.10059	0.01325	0.01390	0.01079	0.01460	0.01473	0.00890	0.68111	0.04658	0.02976	0.01158	0.01164	0.00828	0.00579	0.00474	0.00149	0.00520	0.00429	0.00474	0.00804
38	0.01105	0.01722	0.32530	0.05444	0.04018	0.01146	0.37606	0.01553	0.01106	0.04621	0.01038	0.03952	0.00797	0.00484	0.00528	0.00162	0.00741	0.00510	0.00252	0.00682
39	0.01206	0.63690	0.02224	0.00877	0.01211	0.01717	0.00832	0.01361	0.00946	0.01157	0.00768	0.00975	0.00715	0.00918	0.11669	0.00211	0.08396	0.00316	0.00218	0.00595
40	0.00648	0.00462	0.00621	0.00731	0.00778	0.00441	0.00529	0.00764	0.00978	0.01295	0.02642	0.61513	0.03099	0.04401	0.00706	0.00216	0.00331	0.18988	0.00450	0.00408
41	0.00707	0.00505	0.00682	0.00682	0.00733	0.00556	0.00480	0.00809	0.00758	0.01061	0.01414	0.02474	0.01465	0.37119	0.47671	0.00657	0.00961	0.00606	0.00278	0.00379
42	0.00696	0.00502	0.00657	0.00618	0.00734	0.00464	0.00464	0.00927	0.01391	0.01971	0.79405	0.03671	0.04637	0.01005	0.00580	0.00155	0.00232	0.00889	0.00541	0.00464
43	0.00986	0.02542	0.80183	0.01401	0.02127	0.01141	0.01816	0.01556	0.01038	0.01556	0.00882	0.01038	0.00623	0.00467	0.00467	0.00156	0.00726	0.00363	0.00208	0.00726
44	0.00715	0.00476	0.00536	0.00536	0.00536	0.00476	0.00298	0.00715	0.00715	0.00953	0.01548	0.03216	0.01787	0.82729	0.02501	0.00476	0.00476	0.00715	0.00298	0.00298
45	0.00693	0.00500	0.00654	0.00620	0.00734	0.00462	0.00463	0.00920	0.01378	0.01950	0.77219	0.05915	0.04597	0.01020	0.00581	0.00156	0.00233	0.00903	0.00539	0.00462
46	0.01736	0.01311	0.01400	0.01104	0.01474	0.01462	0.00902	0.62574	0.17977	0.02884	0.01348	0.01314	0.00972	0.00606	0.00493	0.00151	0.00510	0.00466	0.00493	0.00824
47	0.01868	0.01376	0.01475	0.01131	0.01524	0.01524	0.00934	0.78025	0.02311	0.03097	0.01180	0.01180	0.00836	0.00590	0.00492	0.00147	0.00541	0.00442	0.00492	0.00836
48	0.01072	0.00883	0.01030	0.00748	0.01170	0.00689	0.00598	0.04735	0.01084	0.03381	0.00963	0.03360	0.00815	0.00413	0.00380	0.00082	0.00371	0.00334	0.00312	0.77581
49	0.02205	0.00836	0.01140	0.00874	0.01254	0.00722	0.00722	0.02395	0.01407	0.80004	0.01939	0.01673	0.01216	0.00608	0.00494	0.00152	0.00418	0.00494	0.00608	0.00836
50	0.86201	0.00950	0.00722	0.00646	0.00950	0.01102	0.00532	0.01445	0.00836	0.02205	0.00684	0.00798	0.00532	0.00456	0.00304	0.00152	0.00380	0.00266	0.00304	0.00532
51	0.01019	0.00873	0.01019	0.00728	0.01165	0.00655	0.00582	0.01237	0.01019	0.01601	0.00873	0.01019	0.00728	0.00364	0.00364	0.00073	0.00364	0.00291	0.00291	0.85734
52	0.00599	0.00428	0.00570	0.00684	0.00713	0.00399	0.00456	0.00684	0.00941	0.01254	0.02709	0.82409	0.03250	0.01540	0.00627	0.00200	0.00285	0.01397	0.00456	0.00399
53	0.00599	0.00428	0.00570	0.00684	0.00713	0.00399	0.00456	0.00684	0.00941	0.01254	0.02709	0.82409	0.03250	0.01540	0.00627	0.00200	0.00285	0.01397	0.00456	0.00399
54	0.01836	0.02342	0.01393	0.01266	0.01519	0.80756	0.00950	0.01962	0.01393	0.01203	0.00760	0.00886	0.00633	0.00506	0.00443	0.00127	0.00886	0.00317	0.00253	0.00570
55	0.01242	0.01098	0.01120	0.01009	0.01286	0.03813	0.00783	0.02590	0.76255	0.02028	0.01960	0.01803	0.01472	0.00661	0.00498	0.00165	0.00405	0.00548	0.00492	0.00771
56	0.86201	0.00950	0.00722	0.00646	0.00950	0.01102	0.00532	0.01445	0.00836	0.02205	0.00684	0.00798	0.00532	0.00456	0.00304	0.00152	0.00380	0.00266	0.00304	0.00532
57	0.00715	0.00476	0.00536	0.00536	0.00536	0.00476	0.00298	0.00715	0.00715	0.00953	0.01548	0.03216	0.01787	0.82729	0.02501	0.00476	0.00476	0.00715	0.00298	0.00298
58	0.01080	0.01074	0.01492	0.01280	0.01290	0.01496	0.01065	0.01231	0.03377	0.01212	0.00691	0.01101	0.00674	0.00854	0.01575	0.00213	0.79090	0.00434	0.00225	0.00546
59	0.00715	0.00476	0.00536	0.00536	0.00536	0.00476	0.00298	0.00715	0.00715	0.00953	0.01548	0.03216	0.01787	0.82729	0.02501	0.00476	0.00476	0.00715	0.00298	0.00298
60	0.01814	0.02300	0.01414	0.01329	0.04314	0.77910	0.00969	0.01946	0.01383	0.01217	0.00766	0.00898	0.00638	0.00504	0.00445	0.00127	0.00875	0.00321	0.00253	0.00577
61	0.00696	0.00502	0.00657	0.00618	0.00734	0.00464	0.00464	0.00927	0.01391	0.01971	0.79405	0.03671	0.04637	0.01005	0.00580	0.00155	0.00232	0.00889	0.00541	0.00464
62	0.86201	0.00950	0.00722	0.00646	0.00950	0.01102	0.00532	0.01445	0.00836	0.02205	0.00684	0.00798	0.00532	0.00456	0.00304	0.00152	0.00380	0.00266	0.00304	0.00532
63	0.01814	0.02296	0.01383	0.01257	0.01511	0.77912	0.00943	0.01986	0.04160	0.01233	0.00804	0.00920	0.00664	0.00512	0.00445	0.00128	0.00868	0.00325	0.00262	0.00577
64	0.00842	0.00433	0.00645	0.00654	0.00660	0.00432	0.00444	0.00659	0.00673	0.00895	0.00995	0.04400	0.01024	0.01686	0.01821	0.78943	0.00423	0.03908	0.00232	0.00231
65	0.01019	0.00873	0.01019	0.00728	0.01165	0.00655	0.00582	0.01237	0.01019	0.01601	0.00873	0.01019	0.00728	0.00364	0.00364	0.00073	0.00364	0.00291	0.00291	0.85734
66	0.82903	0.00946	0.00739	0.00655	0.00962	0.01088	0.00540	0.01482	0.00859	0.05259	0.00734	0.00833	0.00559	0.00462	0.00312	0.00152	0.00382	0.00275	0.00316	0.00544
67	0.01087	0.03436	0.01552	0.01335	0.03926	0.01506	0.01083	0.01202	0.00772	0.01196	0.00656	0.01072	0.00649	0.00833	0.01538	0.00210	0.76758	0.00426	0.00216	0.00548
68	0.00742	0.00515	0.00677	0.00638	0.00762	0.00476	0.00486	0.00972	0.01380	0.04127	0.73753	0.03700	0.04459	0.01010	0.00582	0.00158	0.00247	0.04306	0.00539	0.00474
69	0.01048	0.15791	0.63843	0.01339	0.02004	0.01279	0.05109	0.01543	0.01037	0.01491	0.00854	0.01009	0.00629	0.00457	0.00447	0.00148	0.00698	0.00356	0.00210	0.00708
70	0.01307	0.01003	0.01094	0.00961	0.01253	0.01110	0.00751	0.02456	0.63297	0.11028	0.01950	0.04019	0.01473	0.00667	0.00495	0.00161	0.00388	0.00557	0.00500	0.05529
71	0.01926	0.00825	0.01091	0.00844	0.01208	0.00714	0.00690	0.02165	0.04128	0.62625	0.07296	0.01744	0.01412	0.00610	0.00485	0.00144	0.00398	0.00501	0.00563	0.10632
72	0.80067	0.00981	0.00777	0.00681	0.00992	0.01133	0.00561	0.07014	0.00944	0.02270	0.00720	0.00826	0.00554	0.00466	0.00318	0.00152	0.00392	0.00279	0.00318	0.00554
73	0.01162	0.00902	0.04555	0.00836	0.01086	0.00865	0.00695	0.22836	0.04433	0.07813	0.30462	0.02676	0.13649	0.00919	0.02546	0.00172	0.02592	0.00698	0.00487	0.00614
74	0.01115	0.01071	0.01845	0.30181	0.50654	0.01144	0.04028	0.01423	0.01073	0.01483	0.00909	0.01252	0.00735	0.00456	0.00491	0.00153	0.00617	0.00442	0.00235	0.00694
75	0.01537	0.01841	0.01373	0.03093	0.01468	0.52822	0.03426	0.03257	0.01284	0.01320	0.07387	0.01304	0.03594	0.00626	0.00651	0.00147	0.13612	0.00420	0.00282	0.00559
76	0.83763	0.00963	0.00744	0.00660	0.00967	0.01115	0.00544	0.03659	0.00879	0.02231	0.00699	0.00809	0.00541	0.00460	0.00310	0.00152	0.00385	0.00271	0.00310	0.00541
77	0.01437	0.01098	0.01152	0.00968	0.01271	0.03801	0.00770	0.26751	0.33097	0.08602	0.04772	0.01988	0.10671	0.00713	0.00507	0.00157	0.00435	0.00575	0.00494	0.00740
78	0.00916	0.00458	0.00458	0.00458	0.00573	0.00458	0.00344	0.01145	0.01031	0.01832	0.01603	0.01832	0.01260	0.00573	0.00344	0.00115	0.00229	0.00458	0.85457	0.00458
79	0.01341	0.78783	0.02513	0.00863	0.01275	0.06088	0.00847	0.01497	0.01019	0.01159	0.00687	0.00793	0.00631	0.00425	0.00322	0.00106	0.00545	0.00266	0.00212	0.00627
80	0.00854	0.00427	0.00640	0.00640	0.00640	0.00427	0.00427	0.00640	0.00640	0.00854	0.00854	0.01494	0.00854	0.01707	0.01921	0.85702	0.00427	0.00427	0.00213	0.00213
81	0.00632	0.00476	0.00628	0.00694	0.00761	0.00445	0.01957	0.00776	0.03236	0.01340	0.08041	0.64018	0.12318	0.01422	0.00614	0.00191	0.00291	0.01280	0.00459	0.00421
82	0.00602	0.00429	0.00569	0.00680	0.00708	0.00401	0.00452	0.00685	0.00934	0.01246	0.02675	0.80130	0.03208	0.03875	0.00681	0.00208	0.00291	0.01377	0.00452	0.00396
83	0.01675	0.03775	0.01392	0.01117	0.01451	0.18115	0.00893	0.39955	0.22299	0.02369	0.01295	0.01280	0.00963	0.00588	0.00479	0.00147	0.00573	0.00441	0.00436	0.00759
84	0.01888	0.01305	0.01426	0.01097	0.01486	0.01422	0.00905	0.67093	0.04417	0.11967	0.01291	0.01256	0.00899	0.00594	0.00492	0.00149	0.00522	0.00452	0.00505	0.00834
85	0.01109	0.21020	0.57944	0.01265	0.01894	0.05782	0.01543	0.01560	0.01048	0.01445	0.00829	0.00972	0.00625	0.00458	0.00431	0.00142	0.00689	0.00337	0.00211	0.00696
86	0.01783	0.07309	0.01473	0.01069	0.01427	0.04874	0.00887	0.50485	0.04521	0.13363	0.03345	0.01291	0.00981	0.00602	0.00530	0.00148	0.04217	0.00446	0.00466	0.00784
87	0.00599	0.00428	0.00570	0.00684	0.00713	0.00399	0.00456	0.00684	0.00941	0.01254	0.02709	0.82409	0.03250	0.01540	0.00627	0.00200	0.00285	0.01397	0.00456	0.00399
88	0.02761	0.03859	0.05600	0.15979	0.24673	0.02275	0.04512	0.07222	0.03137	0.11270	0.09107	0.01516	0.01201	0.00563	0.00542	0.00154	0.04120	0.00485	0.00336	0.00685
89	0.01606	0.13396	0.01735	0.08532	0.10714	0.02947	0.09233	0.15326	0.03757	0.24168	0.01254	0.01303	0.00895	0.00520	0.00471	0.00144	0.00549	0.00441	0.00394	0.02614

[dist]
# distance from previous block
# <min> <max>
0	3

[block]
# block no. 2 follows, 51 sequences, length 47
# corresponding to MSA columns:
# 963-1009
name=unknown_C
#
# <colnr> <probs for GDERKNQSTAVLIFYWHMCP>
#	G	D	E	R	K	N	Q	S	T	A	V	L	I	F	Y	W	H	M	C	P
0	0.05713	0.05191	0.04784	0.01177	0.04887	0.15075	0.00939	0.37119	0.13939	0.02313	0.03296	0.01259	0.00973	0.00573	0.00469	0.00146	0.00569	0.00430	0.00408	0.00739
1	0.00986	0.02542	0.80183	0.01401	0.02127	0.01141	0.01816	0.01556	0.01038	0.01556	0.00882	0.01038	0.00623	0.00467	0.00467	0.00156	0.00726	0.00363	0.00208	0.00726
2	0.86201	0.00950	0.00722	0.00646	0.00950	0.01102	0.00532	0.01445	0.00836	0.02205	0.00684	0.00798	0.00532	0.00456	0.00304	0.00152	0.00380	0.00266	0.00304	0.00532
3	0.00581	0.00498	0.00498	0.00498	0.00664	0.00415	0.00373	0.00705	0.01120	0.01328	0.04978	0.04729	0.79464	0.01245	0.00581	0.00166	0.00249	0.01037	0.00456	0.00415
4	0.00715	0.00476	0.00536	0.00536	0.00536	0.00476	0.00298	0.00715	0.00715	0.00953	0.01548	0.03216	0.01787	0.82729	0.02501	0.00476	0.00476	0.00715	0.00298	0.00298
5	0.00616	0.00440	0.00590	0.00704	0.00741	0.00414	0.00487	0.00715	0.00958	0.01274	0.02699	0.75389	0.03212	0.01523	0.00632	0.00202	0.00300	0.08242	0.00456	0.00404
6	0.01877	0.01362	0.01466	0.01124	0.01517	0.01502	0.00928	0.75928	0.02285	0.05229	0.01201	0.01194	0.00846	0.00590	0.00492	0.00148	0.00537	0.00444	0.00495	0.00836
7	0.00672	0.00501	0.00625	0.00594	0.00720	0.00454	0.00445	0.00882	0.01336	0.01841	0.64354	0.03885	0.19768	0.01053	0.00580	0.00157	0.00235	0.00919	0.00524	0.00454
8	0.04690	0.00861	0.01141	0.00877	0.01256	0.00764	0.00725	0.05277	0.01424	0.74731	0.01872	0.01628	0.01181	0.00603	0.00488	0.00152	0.00422	0.00485	0.00595	0.00827
9	0.01075	0.01075	0.01505	0.01290	0.01290	0.01505	0.01075	0.01183	0.00753	0.01183	0.00645	0.01075	0.00645	0.00860	0.01613	0.00215	0.81830	0.00430	0.00215	0.00538
10	0.00854	0.00427	0.00640	0.00640	0.00640	0.00427	0.00427	0.00640	0.00640	0.00854	0.00854	0.01494	0.00854	0.01707	0.01921	0.85702	0.00427	0.00427	0.00213	0.00213
11	0.00702	0.00527	0.00790	0.00790	0.00878	0.00614	0.00614	0.00878	0.00790	0.01141	0.01316	0.01931	0.01229	0.03686	0.80782	0.00790	0.01316	0.00527	0.00263	0.00439
12	0.01019	0.00873	0.01019	0.00728	0.01165	0.00655	0.00582	0.01237	0.01019	0.01601	0.00873	0.01019	0.00728	0.00364	0.00364	0.00073	0.00364	0.00291	0.00291	0.85734
13	0.01051	0.00872	0.01022	0.00732	0.01167	0.00657	0.00586	0.01269	0.01030	0.03736	0.00902	0.01037	0.00741	0.00371	0.00367	0.00075	0.00365	0.00297	0.00300	0.83422
14	0.04894	0.03032	0.01420	0.01216	0.01308	0.21884	0.00986	0.01382	0.00929	0.01228	0.00719	0.01062	0.00673	0.00919	0.06177	0.00223	0.50779	0.00396	0.00232	0.00541
15	0.01222	0.01056	0.01111	0.01000	0.01278	0.01222	0.00778	0.02611	0.78776	0.02056	0.02000	0.01833	0.01500	0.00667	0.00500	0.00167	0.00389	0.00556	0.00500	0.00778
16	0.01843	0.01364	0.01461	0.01126	0.01515	0.01512	0.00928	0.75123	0.05253	0.03057	0.01211	0.01205	0.00861	0.00593	0.00492	0.00148	0.00535	0.00447	0.00492	0.00834
17	0.00916	0.00458	0.00458	0.00458	0.00573	0.00458	0.00344	0.01145	0.01031	0.01832	0.01603	0.01832	0.01260	0.00573	0.00344	0.00115	0.00229	0.00458	0.85457	0.00458
18	0.01443	0.01273	0.01229	0.01060	0.01363	0.10046	0.00834	0.20448	0.52103	0.02209	0.01669	0.01574	0.01247	0.00631	0.00492	0.00158	0.00480	0.00502	0.00471	0.00769
19	0.00702	0.00527	0.00790	0.00790	0.00878	0.00614	0.00614	0.00878	0.00790	0.01141	0.01316	0.01931	0.01229	0.03686	0.80782	0.00790	0.01316	0.00527	0.00263	0.00439
20	0.00765	0.00654	0.00897	0.00896	0.00914	0.00785	0.00672	0.00858	0.00875	0.01229	0.01988	0.54002	0.02340	0.01302	0.00971	0.00205	0.28766	0.01059	0.00372	0.00448
21	0.00645	0.00485	0.00608	0.00689	0.00780	0.00448	0.00521	0.00779	0.01044	0.01333	0.03343	0.39254	0.25385	0.01405	0.00627	0.00197	0.00319	0.21264	0.00455	0.00418
22	0.01104	0.01130	0.02167	0.12992	0.32321	0.01124	0.31735	0.01433	0.01102	0.01517	0.01092	0.07940	0.00952	0.00526	0.00536	0.00161	0.00666	0.00573	0.00260	0.00670
23	0.82608	0.00945	0.00740	0.00656	0.00963	0.01086	0.00540	0.01485	0.00861	0.05532	0.00738	0.00836	0.00561	0.00463	0.00312	0.00152	0.00382	0.00276	0.00317	0.00545
24	0.00971	0.01083	0.08432	0.38664	0.03691	0.06695	0.07514	0.01238	0.00992	0.01279	0.02857	0.06580	0.01080	0.12936	0.00847	0.00211	0.03600	0.00544	0.00257	0.00529
25	0.01056	0.01253	0.18697	0.01097	0.08575	0.00827	0.00947	0.01418	0.05079	0.04357	0.05126	0.01315	0.02482	0.00468	0.00425	0.00112	0.00459	0.00387	0.00306	0.45615
26	0.66999	0.08035	0.00974	0.00751	0.01058	0.12579	0.00618	0.01521	0.00930	0.01973	0.00695	0.00810	0.00555	0.00460	0.00325	0.00144	0.00465	0.00273	0.00289	0.00546
27	0.01023	0.02284	0.63770	0.01543	0.02221	0.01163	0.17970	0.01560	0.01064	0.01560	0.00906	0.01099	0.00649	0.00456	0.00491	0.00158	0.00748	0.00409	0.00216	0.00713
28	0.00617	0.00499	0.00548	0.00536	0.00686	0.00430	0.00402	0.00775	0.01206	0.01530	0.28453	0.04396	0.55864	0.01169	0.00580	0.00162	0.00244	0.00990	0.00483	0.00430
29	0.01269	0.00629	0.00841	0.00716	0.00932	0.00562	0.00562	0.01485	0.01397	0.31630	0.49961	0.02911	0.03337	0.00854	0.00547	0.00154	0.00303	0.00739	0.00567	0.00605
30	0.00928	0.00873	0.01474	0.81548	0.03385	0.01092	0.01365	0.01256	0.00983	0.01256	0.00873	0.01310	0.00655	0.00491	0.00491	0.00164	0.00655	0.00437	0.00218	0.00546
31	0.00605	0.00432	0.00576	0.00680	0.00714	0.00403	0.00457	0.00699	0.00969	0.01299	0.07432	0.77560	0.03336	0.01507	0.00624	0.00197	0.00282	0.01366	0.00461	0.00403
32	0.00702	0.00527	0.00790	0.00790	0.00878	0.00614	0.00614	0.00878	0.00790	0.01141	0.01316	0.01931	0.01229	0.03686	0.80782	0.00790	0.01316	0.00527	0.00263	0.00439
33	0.00715	0.00476	0.00536	0.00536	0.00536	0.00476	0.00298	0.00715	0.00715	0.00953	0.01548	0.03216	0.01787	0.82729	0.02501	0.00476	0.00476	0.00715	0.00298	0.00298
34	0.01019	0.00873	0.01019	0.00728	0.01165	0.00655	0.00582	0.01237	0.01019	0.01601	0.00873	0.01019	0.00728	0.00364	0.00364	0.00073	0.00364	0.00291	0.00291	0.85734
35	0.01868	0.01376	0.01475	0.01131	0.01524	0.01524	0.00934	0.78025	0.02311	0.03097	0.01180	0.01180	0.00836	0.00590	0.00492	0.00147	0.00541	0.00442	0.00492	0.00836
36	0.00715	0.00476	0.00536	0.00536	0.00536	0.00476	0.00298	0.00715	0.00715	0.00953	0.01548	0.03216	0.01787	0.82729	0.02501	0.00476	0.00476	0.00715	0.00298	0.00298
37	0.00928	0.00873	0.01474	0.81548	0.03385	0.01092	0.01365	0.01256	0.00983	0.01256	0.00873	0.01310	0.00655	0.00491	0.00491	0.00164	0.00655	0.00437	0.00218	0.00546
38	0.00631	0.00500	0.00568	0.00551	0.00695	0.00436	0.00413	0.00803	0.01240	0.01612	0.37850	0.04262	0.46416	0.01139	0.00580	0.00161	0.00241	0.00972	0.00494	0.00436
39	0.01836	0.02342	0.01393	0.01266	0.01519	0.80756	0.00950	0.01962	0.01393	0.01203	0.00760	0.00886	0.00633	0.00506	0.00443	0.00127	0.00886	0.00317	0.00253	0.00570
40	0.00986	0.00904	0.01474	0.76596	0.03270	0.01118	0.01338	0.05983	0.01064	0.01369	0.00892	0.01302	0.00666	0.00497	0.00491	0.00163	0.00648	0.00437	0.00235	0.00564
41	0.00586	0.00498	0.00505	0.00503	0.00667	0.00417	0.00377	0.00715	0.01132	0.01355	0.08162	0.04684	0.76264	0.01234	0.00581	0.00165	0.00248	0.01031	0.00460	0.00417
42	0.00992	0.02505	0.78076	0.01444	0.04216	0.01142	0.01807	0.01555	0.01040	0.01558	0.00883	0.01042	0.00627	0.00466	0.00467	0.00155	0.00722	0.00365	0.00208	0.00728
43	0.01913	0.01305	0.01430	0.01097	0.01488	0.01417	0.00906	0.67977	0.02190	0.13315	0.01281	0.01245	0.00886	0.00592	0.00492	0.00148	0.00524	0.00449	0.00507	0.00836
44	0.01057	0.00872	0.01023	0.00733	0.01167	0.00657	0.00587	0.01274	0.01031	0.04104	0.00907	0.01040	0.00743	0.00372	0.00368	0.00075	0.00366	0.00298	0.00301	0.83024
45	0.00588	0.00498	0.00508	0.00505	0.00668	0.00418	0.00379	0.00719	0.01137	0.01367	0.09562	0.04664	0.74856	0.01230	0.00581	0.00165	0.00248	0.01028	0.00462	0.00418
46	0.01099	0.01041	0.03438	0.04022	0.04223	0.00989	0.35188	0.05451	0.05982	0.06104	0.08340	0.14352	0.04685	0.00722	0.00582	0.00168	0.01910	0.00723	0.00361	0.00620

[dist]
# distance from previous block
# <min> <max>
0	1

[block]
# block no. 3 follows, 51 sequences, length 68
# corresponding to MSA columns:
# 1011-1078
name=unknown_D
#
# <colnr> <probs for GDERKNQSTAVLIFYWHMCP>
#	G	D	E	R	K	N	Q	S	T	A	V	L	I	F	Y	W	H	M	C	P
0	0.01051	0.04728	0.01291	0.03964	0.18119	0.02679	0.00826	0.01275	0.01062	0.01556	0.05708	0.04168	0.02367	0.00497	0.00451	0.00109	0.02459	0.00418	0.00295	0.46978
1	0.00749	0.00546	0.00734	0.00715	0.00802	0.00590	0.00529	0.00889	0.03707	0.01172	0.04295	0.02366	0.09384	0.14960	0.40440	0.11328	0.02883	0.00599	0.00300	0.03011
2	0.01231	0.49499	0.20792	0.01007	0.01475	0.03106	0.01065	0.01680	0.13229	0.01394	0.00939	0.01014	0.00765	0.00472	0.00383	0.00127	0.00559	0.00334	0.00256	0.00675
3	0.75614	0.01106	0.07710	0.00730	0.01075	0.01121	0.00660	0.04290	0.00909	0.02181	0.00720	0.00833	0.00551	0.00462	0.00325	0.00152	0.00416	0.00281	0.00303	0.00560
4	0.01314	0.83025	0.02575	0.00841	0.01261	0.01945	0.00841	0.01472	0.00999	0.01156	0.00683	0.00788	0.00631	0.00420	0.00315	0.00105	0.00526	0.00263	0.00210	0.00631
5	0.00916	0.00458	0.00458	0.00458	0.00573	0.00458	0.00344	0.01145	0.01031	0.01832	0.01603	0.01832	0.01260	0.00573	0.00344	0.00115	0.00229	0.00458	0.85457	0.00458
6	0.70266	0.00929	0.00802	0.00690	0.01008	0.01030	0.00568	0.01625	0.00945	0.16964	0.00922	0.00964	0.00662	0.00485	0.00340	0.00152	0.00387	0.00309	0.00362	0.00590
7	0.00986	0.02542	0.80183	0.01401	0.02127	0.01141	0.01816	0.01556	0.01038	0.01556	0.00882	0.01038	0.00623	0.00467	0.00467	0.00156	0.00726	0.00363	0.00208	0.00726
8	0.01868	0.01376	0.01475	0.01131	0.01524	0.01524	0.00934	0.78025	0.02311	0.03097	0.01180	0.01180	0.00836	0.00590	0.00492	0.00147	0.00541	0.00442	0.00492	0.00836
9	0.00599	0.00428	0.00570	0.00684	0.00713	0.00399	0.00456	0.00684	0.00941	0.01254	0.02709	0.82409	0.03250	0.01540	0.00627	0.00200	0.00285	0.01397	0.00456	0.00399
10	0.01222	0.01056	0.01111	0.01000	0.01278	0.01222	0.00778	0.02611	0.78776	0.02056	0.02000	0.01833	0.01500	0.00667	0.00500	0.00167	0.00389	0.00556	0.00500	0.00778
11	0.00593	0.00449	0.00549	0.00629	0.00698	0.00404	0.00432	0.00691	0.00994	0.01276	0.03383	0.59330	0.25894	0.01452	0.00613	0.00190	0.00274	0.01290	0.00456	0.00404
12	0.00702	0.00527	0.00790	0.00790	0.00878	0.00614	0.00614	0.00878	0.00790	0.01141	0.01316	0.01931	0.01229	0.03686	0.80782	0.00790	0.01316	0.00527	0.00263	0.00439
13	0.01314	0.83025	0.02575	0.00841	0.01261	0.01945	0.00841	0.01472	0.00999	0.01156	0.00683	0.00788	0.00631	0.00420	0.00315	0.00105	0.00526	0.00263	0.00210	0.00631
14	0.02127	0.00961	0.01218	0.00934	0.01317	0.00908	0.00771	0.19887	0.01616	0.62217	0.01763	0.01559	0.01128	0.00604	0.00494	0.00151	0.00447	0.00482	0.00581	0.00836
15	0.03514	0.36267	0.04481	0.00954	0.01361	0.07741	0.00863	0.21590	0.01399	0.06805	0.00928	0.00989	0.00730	0.00480	0.00393	0.00120	0.00536	0.00335	0.00324	0.10191
16	0.04852	0.00659	0.00914	0.15232	0.01248	0.02722	0.00690	0.00894	0.00750	0.01047	0.00860	0.01433	0.00815	0.03849	0.04192	0.48957	0.09887	0.00431	0.00224	0.00344
17	0.01257	0.00880	0.01052	0.00768	0.01190	0.00695	0.00619	0.02881	0.02742	0.16037	0.01098	0.01159	0.00836	0.00419	0.00393	0.00091	0.00378	0.00337	0.00357	0.66813
18	0.01326	0.81187	0.02548	0.00851	0.01267	0.03740	0.00843	0.01483	0.01008	0.01157	0.00685	0.00791	0.00631	0.00422	0.00318	0.00106	0.00534	0.00264	0.00211	0.00629
19	0.01234	0.60666	0.02152	0.00810	0.01235	0.01594	0.00770	0.01408	0.01004	0.01277	0.00735	0.00851	0.00657	0.00405	0.00329	0.00096	0.00482	0.00270	0.00232	0.23793
20	0.02069	0.00992	0.01229	0.00949	0.01328	0.00962	0.00782	0.22798	0.05226	0.55664	0.01737	0.01547	0.01127	0.00606	0.00494	0.00152	0.00450	0.00483	0.00572	0.00833
21	0.01001	0.00947	0.01605	0.61784	0.22582	0.01111	0.01401	0.01319	0.01017	0.01344	0.00886	0.01287	0.00686	0.00478	0.00490	0.00159	0.00637	0.00437	0.00225	0.00604
22	0.00588	0.00498	0.00508	0.00506	0.00668	0.00418	0.00379	0.00720	0.01138	0.01369	0.09763	0.04661	0.74654	0.01229	0.00581	0.00165	0.00248	0.01028	0.00462	0.00418
23	0.00581	0.00498	0.00498	0.00498	0.00664	0.00415	0.00373	0.00705	0.01120	0.01328	0.04978	0.04729	0.79464	0.01245	0.00581	0.00166	0.00249	0.01037	0.00456	0.00415
24	0.01216	0.01168	0.01995	0.03016	0.79664	0.01168	0.01508	0.01508	0.01119	0.01605	0.00924	0.01216	0.00778	0.00438	0.00487	0.00146	0.00584	0.00438	0.00243	0.00778
25	0.01222	0.01056	0.01111	0.01000	0.01278	0.01222	0.00778	0.02611	0.78776	0.02056	0.02000	0.01833	0.01500	0.00667	0.00500	0.00167	0.00389	0.00556	0.00500	0.00778
26	0.00715	0.00476	0.00536	0.00536	0.00536	0.00476	0.00298	0.00715	0.00715	0.00953	0.01548	0.03216	0.01787	0.82729	0.02501	0.00476	0.00476	0.00715	0.00298	0.00298
27	0.00916	0.00458	0.00458	0.00458	0.00573	0.00458	0.00344	0.01145	0.01031	0.01832	0.01603	0.01832	0.01260	0.00573	0.00344	0.00115	0.00229	0.00458	0.85457	0.00458
28	0.01314	0.83025	0.02575	0.00841	0.01261	0.01945	0.00841	0.01472	0.00999	0.01156	0.00683	0.00788	0.00631	0.00420	0.00315	0.00105	0.00526	0.00263	0.00210	0.00631
29	0.01222	0.01056	0.01111	0.01000	0.01278	0.01222	0.00778	0.02611	0.78776	0.02056	0.02000	0.01833	0.01500	0.00667	0.00500	0.00167	0.00389	0.00556	0.00500	0.00778
30	0.00715	0.00476	0.00536	0.00536	0.00536	0.00476	0.00298	0.00715	0.00715	0.00953	0.01548	0.03216	0.01787	0.82729	0.02501	0.00476	0.00476	0.00715	0.00298	0.00298
31	0.01868	0.01376	0.01475	0.01131	0.01524	0.01524	0.00934	0.78025	0.02311	0.03097	0.01180	0.01180	0.00836	0.00590	0.00492	0.00147	0.00541	0.00442	0.00492	0.00836
32	0.01071	0.01019	0.01732	0.42631	0.41185	0.01129	0.01436	0.01381	0.01050	0.01429	0.00899	0.01264	0.00716	0.00465	0.00489	0.00155	0.00620	0.00437	0.00231	0.00661
33	0.01278	0.00870	0.01047	0.00766	0.01187	0.00684	0.00617	0.01520	0.03041	0.18400	0.01130	0.01179	0.00852	0.00424	0.00395	0.00092	0.00376	0.00341	0.00364	0.65437
34	0.00857	0.00578	0.00808	0.00904	0.01029	0.00573	0.00789	0.01082	0.01144	0.05100	0.02571	0.05364	0.02754	0.01323	0.00670	0.00223	0.00451	0.72850	0.00460	0.00470
35	0.00986	0.02542	0.80183	0.01401	0.02127	0.01141	0.01816	0.01556	0.01038	0.01556	0.00882	0.01038	0.00623	0.00467	0.00467	0.00156	0.00726	0.00363	0.00208	0.00726
36	0.01216	0.01168	0.01995	0.03016	0.79664	0.01168	0.01508	0.01508	0.01119	0.01605	0.00924	0.01216	0.00778	0.00438	0.00487	0.00146	0.00584	0.00438	0.00243	0.00778
37	0.00949	0.00899	0.01235	0.01079	0.01118	0.01185	0.00885	0.01084	0.00906	0.01345	0.16251	0.01897	0.07639	0.01023	0.04263	0.00221	0.56642	0.00570	0.00299	0.00510
38	0.01333	0.80038	0.02531	0.00857	0.01271	0.04863	0.00845	0.01490	0.01013	0.01158	0.00686	0.00792	0.00631	0.00424	0.00320	0.00106	0.00539	0.00265	0.00212	0.00628
39	0.00715	0.00476	0.00536	0.00536	0.00536	0.00476	0.00298	0.00715	0.00715	0.00953	0.01548	0.03216	0.01787	0.82729	0.02501	0.00476	0.00476	0.00715	0.00298	0.00298
40	0.00690	0.00502	0.00650	0.00613	0.00731	0.00461	0.00460	0.00917	0.01379	0.01941	0.75965	0.03720	0.08095	0.01016	0.00580	0.00155	0.00233	0.00896	0.00537	0.00461
41	0.01868	0.01376	0.01475	0.01131	0.01524	0.01524	0.00934	0.78025	0.02311	0.03097	0.01180	0.01180	0.00836	0.00590	0.00492	0.00147	0.00541	0.00442	0.00492	0.00836
42	0.01301	0.01095	0.01156	0.01016	0.01308	0.01259	0.00797	0.11822	0.69437	0.02183	0.01900	0.01754	0.01419	0.00657	0.00499	0.00164	0.00407	0.00542	0.00499	0.00785
43	0.50225	0.01132	0.01043	0.00853	0.01195	0.01282	0.00704	0.34113	0.01465	0.02585	0.00896	0.00961	0.00662	0.00513	0.00384	0.00150	0.00449	0.00341	0.00384	0.00662
44	0.01574	0.03910	0.01377	0.12082	0.01712	0.54114	0.00946	0.03190	0.01287	0.01306	0.00799	0.00967	0.00654	0.00482	0.00435	0.00123	0.00759	0.00330	0.00258	0.13694
45	0.02065	0.01060	0.01279	0.00981	0.01366	0.01055	0.00810	0.33766	0.01782	0.48104	0.01624	0.01468	0.01059	0.00601	0.00493	0.00150	0.00469	0.00473	0.00560	0.00836
46	0.00647	0.00462	0.00626	0.00740	0.00790	0.00441	0.00541	0.00769	0.00989	0.01309	0.02682	0.63009	0.03144	0.01494	0.00640	0.00206	0.00327	0.20316	0.00455	0.00413
47	0.00712	0.00488	0.00595	0.00595	0.00616	0.00509	0.00372	0.00753	0.00732	0.00997	0.01494	0.02916	0.01656	0.64290	0.20763	0.00550	0.00672	0.00671	0.00290	0.00331
48	0.00690	0.00502	0.00650	0.00613	0.00731	0.00461	0.00460	0.00917	0.01379	0.01941	0.75965	0.03720	0.08095	0.01016	0.00580	0.00155	0.00233	0.00896	0.00537	0.00461
49	0.01021	0.00997	0.01778	0.54094	0.19422	0.01128	0.11819	0.01352	0.01036	0.01373	0.00901	0.01292	0.00694	0.00470	0.00502	0.00160	0.00664	0.00456	0.00228	0.00611
50	0.00715	0.00476	0.00536	0.00536	0.00536	0.00476	0.00298	0.00715	0.00715	0.00953	0.01548	0.03216	0.01787	0.82729	0.02501	0.00476	0.00476	0.00715	0.00298	0.00298
51	0.00967	0.06848	0.66868	0.01296	0.01930	0.01109	0.01619	0.01465	0.01031	0.01507	0.01072	0.07576	0.00904	0.00579	0.00478	0.00159	0.00671	0.03000	0.00235	0.00686
52	0.01868	0.01376	0.01475	0.01131	0.01524	0.01524	0.00934	0.78025	0.02311	0.03097	0.01180	0.01180	0.00836	0.00590	0.00492	0.00147	0.00541	0.00442	0.00492	0.00836
53	0.01187	0.01147	0.01974	0.09389	0.68698	0.01172	0.04314	0.01482	0.01101	0.01566	0.00916	0.01225	0.00764	0.00451	0.00517	0.00150	0.02514	0.00443	0.00241	0.00749
54	0.01222	0.01056	0.01111	0.01000	0.01278	0.01222	0.00778	0.02611	0.78776	0.02056	0.02000	0.01833	0.01500	0.00667	0.00500	0.00167	0.00389	0.00556	0.00500	0.00778
55	0.86201	0.00950	0.00722	0.00646	0.00950	0.01102	0.00532	0.01445	0.00836	0.02205	0.00684	0.00798	0.00532	0.00456	0.00304	0.00152	0.00380	0.00266	0.00304	0.00532
56	0.01868	0.01376	0.01475	0.01131	0.01524	0.01524	0.00934	0.78025	0.02311	0.03097	0.01180	0.01180	0.00836	0.00590	0.00492	0.00147	0.00541	0.00442	0.00492	0.00836
57	0.00702	0.00527	0.00790	0.00790	0.00878	0.00614	0.00614	0.00878	0.00790	0.01141	0.01316	0.01931	0.01229	0.03686	0.80782	0.00790	0.01316	0.00527	0.00263	0.00439
58	0.01868	0.01376	0.01475	0.01131	0.01524	0.01524	0.00934	0.78025	0.02311	0.03097	0.01180	0.01180	0.00836	0.00590	0.00492	0.00147	0.00541	0.00442	0.00492	0.00836
59	0.86201	0.00950	0.00722	0.00646	0.00950	0.01102	0.00532	0.01445	0.00836	0.02205	0.00684	0.00798	0.00532	0.00456	0.00304	0.00152	0.00380	0.00266	0.00304	0.00532
60	0.01824	0.01335	0.01441	0.01101	0.01497	0.01455	0.00909	0.71858	0.02214	0.04599	0.01177	0.01180	0.00837	0.00577	0.00484	0.00143	0.00528	0.00434	0.00482	0.05924
61	0.01868	0.01376	0.01475	0.01131	0.01524	0.01524	0.00934	0.78025	0.02311	0.03097	0.01180	0.01180	0.00836	0.00590	0.00492	0.00147	0.00541	0.00442	0.00492	0.00836
62	0.00598	0.00432	0.00566	0.00673	0.00710	0.00400	0.00451	0.00686	0.00952	0.01259	0.02845	0.77753	0.07818	0.01522	0.00624	0.00198	0.00283	0.01375	0.00456	0.00400
63	0.00696	0.00521	0.00777	0.00783	0.00868	0.00601	0.00605	0.00866	0.00799	0.01148	0.01400	0.06754	0.01350	0.03557	0.75978	0.00754	0.01255	0.00579	0.00275	0.00436
64	0.00702	0.00524	0.00776	0.00774	0.00861	0.00602	0.00598	0.00877	0.00824	0.01186	0.06002	0.02065	0.01446	0.05351	0.74166	0.00744	0.01232	0.00553	0.00281	0.00437
65	0.00838	0.00427	0.00636	0.00643	0.00645	0.00425	0.00429	0.00643	0.00658	0.00878	0.00965	0.06343	0.00997	0.01697	0.01843	0.80578	0.00418	0.00485	0.00228	0.00225
66	0.07583	0.00934	0.01129	0.00883	0.01251	0.05544	0.00724	0.02308	0.01369	0.70280	0.01787	0.01569	0.01138	0.00592	0.00479	0.00151	0.00444	0.00469	0.00567	0.00801
67	0.01066	0.01063	0.01503	0.06100	0.01416	0.01480	0.01093	0.01187	0.00766	0.01187	0.00659	0.01089	0.00646	0.00838	0.01546	0.00212	0.76965	0.00430	0.00215	0.00538

[dist]
# distance from previous block
# <min> <max>
0	2

[block]
# block no. 4 follows, 51 sequences, length 11
# corresponding to MSA columns:
# 1081-1091
name=unknown_E
#
# <colnr> <probs for GDERKNQSTAVLIFYWHMCP>
#	G	D	E	R	K	N	Q	S	T	A	V	L	I	F	Y	W	H	M	C	P
0	0.00702	0.00527	0.00790	0.00790	0.00878	0.00614	0.00614	0.00878	0.00790	0.01141	0.01316	0.01931	0.01229	0.03686	0.80782	0.00790	0.01316	0.00527	0.00263	0.00439
1	0.01233	0.63189	0.21703	0.00979	0.01475	0.01747	0.01081	0.01492	0.01008	0.01255	0.00732	0.00850	0.00629	0.00432	0.00353	0.00118	0.00575	0.00288	0.00210	0.00654
2	0.00715	0.00476	0.00536	0.00536	0.00536	0.00476	0.00298	0.00715	0.00715	0.00953	0.01548	0.03216	0.01787	0.82729	0.02501	0.00476	0.00476	0.00715	0.00298	0.00298
3	0.00682	0.00482	0.00527	0.00527	0.00567	0.00461	0.00316	0.00712	0.00815	0.01045	0.02394	0.03589	0.20932	0.62646	0.02028	0.00400	0.00420	0.00794	0.00337	0.00327
4	0.01605	0.08735	0.01519	0.01237	0.01441	0.54674	0.00971	0.01729	0.01202	0.01194	0.00725	0.00925	0.00636	0.00586	0.00721	0.00147	0.20806	0.00340	0.00240	0.00567
5	0.01698	0.11375	0.01843	0.01317	0.01682	0.32023	0.19841	0.01914	0.01292	0.20691	0.01099	0.01176	0.00804	0.00498	0.00474	0.00140	0.00714	0.00419	0.00334	0.00666
6	0.01206	0.01119	0.01595	0.07963	0.01780	0.01227	0.19835	0.04986	0.50400	0.01908	0.01629	0.01641	0.01220	0.00587	0.00519	0.00165	0.00525	0.00548	0.00414	0.00732
7	0.01274	0.01099	0.01625	0.36302	0.24988	0.01235	0.01286	0.22779	0.01393	0.01872	0.00974	0.01247	0.00741	0.00503	0.00490	0.00154	0.00602	0.00439	0.00302	0.00694
8	0.00834	0.00582	0.00667	0.00637	0.00697	0.00601	0.00413	0.09697	0.00937	0.01254	0.01689	0.09422	0.04187	0.57525	0.08445	0.00431	0.00530	0.00734	0.00335	0.00384
9	0.65407	0.01293	0.00888	0.00799	0.01091	0.20735	0.00635	0.01572	0.00973	0.01958	0.00703	0.00820	0.00557	0.00469	0.00338	0.00146	0.00505	0.00279	0.00292	0.00541
10	0.01302	0.20381	0.31708	0.01151	0.01618	0.20884	0.01206	0.01661	0.03996	0.04316	0.06565	0.01187	0.00971	0.00518	0.00437	0.00137	0.00661	0.00379	0.00269	0.00653

[dist]
# distance from previous block
# <min> <max>
0	3

[block]
# block no. 5 follows, 51 sequences, length 6
# corresponding to MSA columns:
# 1095-1100
name=unknown_F
#
# <colnr> <probs for GDERKNQSTAVLIFYWHMCP>
#	G	D	E	R	K	N	Q	S	T	A	V	L	I	F	Y	W	H	M	C	P
0	0.00689	0.00515	0.00644	0.00639	0.00750	0.00484	0.00469	0.00938	0.05386	0.01745	0.49964	0.21024	0.12644	0.01132	0.00586	0.00166	0.00254	0.01000	0.00511	0.00461
1	0.01078	0.00889	0.01116	0.00814	0.01232	0.00705	0.04781	0.01352	0.04117	0.05331	0.04062	0.01203	0.00936	0.00415	0.00396	0.00088	0.00387	0.00350	0.00322	0.70425
2	0.36382	0.12105	0.04799	0.00931	0.01280	0.16296	0.00799	0.18856	0.01304	0.02052	0.00819	0.00910	0.00637	0.00492	0.00381	0.00140	0.00546	0.00319	0.00320	0.00629
3	0.01170	0.00990	0.01191	0.01282	0.13922	0.01092	0.00853	0.09543	0.44273	0.01938	0.01875	0.16502	0.01639	0.00783	0.00520	0.00167	0.00416	0.00680	0.00449	0.00714
4	0.01146	0.01211	0.22939	0.01047	0.03802	0.00777	0.05319	0.01413	0.01072	0.18035	0.05887	0.12308	0.01547	0.15801	0.00876	0.00215	0.00512	0.00630	0.00368	0.05095
5	0.00961	0.00618	0.00908	0.00755	0.00940	0.00602	0.14617	0.01224	0.01054	0.01785	0.01491	0.01739	0.01165	0.00543	0.00387	0.00124	0.00339	0.00480	0.69771	0.00496

[dist]
# distance from previous block
# <min> <max>
0	1

[block]
# block no. 6 follows, 51 sequences, length 8
# corresponding to MSA columns:
# 1102-1109
name=unknown_G
#
# <colnr> <probs for GDERKNQSTAVLIFYWHMCP>
#	G	D	E	R	K	N	Q	S	T	A	V	L	I	F	Y	W	H	M	C	P
0	0.01022	0.02285	0.63852	0.01542	0.02220	0.01163	0.17889	0.01560	0.01063	0.01560	0.00906	0.01098	0.00649	0.00456	0.00491	0.00158	0.00748	0.00409	0.00216	0.00713
1	0.00801	0.00716	0.04013	0.00793	0.04456	0.00643	0.00596	0.03589	0.11895	0.01756	0.33301	0.06514	0.27052	0.00993	0.00559	0.00161	0.00307	0.00853	0.00477	0.00526
