[name]
unknown

[dist]
# distance from previous block
# <min> <max>
0	32

[block]
# block no. 0 follows, 57 sequences, length 48
# corresponding to MSA columns:
# 32-79
name=unknown_A
#
# <colnr> <probs for GDERKNQSTAVLIFYWHMCP>
#	G	D	E	R	K	N	Q	S	T	A	V	L	I	F	Y	W	H	M	C	P
0	0.02559	0.06464	0.07357	0.02343	0.02799	0.07710	0.03793	0.25586	0.09762	0.09722	0.01342	0.01810	0.01122	0.03297	0.00524	0.00156	0.00507	0.12126	0.00380	0.00641
1	0.01230	0.01070	0.01562	0.08512	0.48108	0.03997	0.01159	0.13219	0.05284	0.05482	0.01024	0.02781	0.00838	0.03147	0.00511	0.00147	0.00523	0.00433	0.00291	0.00684
2	0.00829	0.00527	0.00611	0.00582	0.00742	0.00470	0.00439	0.02830	0.02357	0.13962	0.07174	0.16315	0.43363	0.04417	0.00601	0.00168	0.00282	0.03433	0.00442	0.00455
3	0.01180	0.24350	0.31029	0.01156	0.05768	0.10169	0.03291	0.02966	0.06218	0.05714	0.00881	0.00991	0.00681	0.00478	0.00440	0.02903	0.00583	0.00335	0.00242	0.00626
4	0.00987	0.03739	0.65485	0.01317	0.01921	0.06446	0.08421	0.01490	0.03431	0.01422	0.00843	0.00989	0.00610	0.00434	0.00437	0.00142	0.00675	0.00353	0.00206	0.00655
5	0.00555	0.00415	0.00517	0.00595	0.00655	0.00377	0.00412	0.00649	0.00920	0.01190	0.04271	0.60917	0.21866	0.01341	0.00569	0.00177	0.00259	0.03522	0.00422	0.00374
6	0.01079	0.01055	0.01690	0.15088	0.54523	0.04504	0.05204	0.01393	0.04823	0.01419	0.00956	0.04493	0.00817	0.00464	0.00458	0.00140	0.00552	0.00446	0.00241	0.00656
7	0.02137	0.01822	0.06192	0.01206	0.13955	0.00882	0.04938	0.22428	0.01270	0.04291	0.01596	0.32571	0.01631	0.00849	0.00502	0.00156	0.00433	0.02185	0.00374	0.00583
8	0.01185	0.72725	0.05587	0.00782	0.01164	0.01636	0.00786	0.01350	0.00952	0.03694	0.04190	0.00958	0.02565	0.00435	0.00318	0.00103	0.00472	0.00294	0.00224	0.00580
9	0.00750	0.00589	0.02514	0.00715	0.04211	0.00515	0.02301	0.04534	0.01110	0.06275	0.17517	0.20467	0.34709	0.01036	0.00530	0.00155	0.00291	0.00899	0.00427	0.00455
10	0.04781	0.14957	0.34421	0.01038	0.03065	0.04485	0.01103	0.01614	0.01056	0.23656	0.02370	0.03656	0.00861	0.00499	0.00415	0.00135	0.00532	0.00386	0.00312	0.00658
11	0.00925	0.06770	0.77444	0.01264	0.01918	0.01092	0.01626	0.01431	0.00955	0.01415	0.00803	0.00944	0.00574	0.00428	0.00423	0.00141	0.00660	0.00330	0.00191	0.00665
12	0.00576	0.00410	0.00535	0.00626	0.00659	0.00387	0.00425	0.00657	0.00863	0.01144	0.02441	0.67006	0.05245	0.10200	0.00764	0.00212	0.00292	0.06789	0.00405	0.00362
13	0.03099	0.02580	0.09684	0.10236	0.09138	0.29204	0.03474	0.11659	0.05119	0.06429	0.01081	0.01186	0.04126	0.00503	0.00436	0.00134	0.00622	0.00389	0.00292	0.00609
14	0.03933	0.02895	0.03989	0.04657	0.27877	0.09768	0.05781	0.09651	0.01207	0.15788	0.03697	0.02369	0.02237	0.00522	0.00467	0.00139	0.01669	0.02368	0.00327	0.00657
15	0.00567	0.00402	0.00520	0.00608	0.00633	0.00379	0.00398	0.00635	0.00840	0.01117	0.02378	0.70602	0.04165	0.13472	0.00830	0.00221	0.00288	0.01191	0.00399	0.00355
16	0.00813	0.00721	0.08568	0.00777	0.00934	0.00591	0.02198	0.06879	0.02403	0.06662	0.02144	0.51068	0.05426	0.01155	0.01869	0.00180	0.02016	0.03353	0.01770	0.00471
17	0.08038	0.11576	0.18298	0.02306	0.20183	0.05487	0.08916	0.05151	0.01065	0.09187	0.00941	0.02167	0.00737	0.01791	0.00448	0.00139	0.00554	0.00385	0.01992	0.00640
18	0.02997	0.01154	0.10407	0.01430	0.03950	0.02538	0.39499	0.03329	0.04376	0.05177	0.04713	0.10890	0.04563	0.00595	0.00528	0.00153	0.02213	0.00604	0.00298	0.00584
19	0.01952	0.00831	0.01077	0.00830	0.01175	0.00763	0.00684	0.12012	0.02844	0.68460	0.01694	0.01491	0.01083	0.00559	0.00453	0.00139	0.00396	0.00450	0.02344	0.00763
20	0.01152	0.01193	0.06560	0.03990	0.24939	0.06565	0.11701	0.07610	0.23666	0.01654	0.01303	0.01401	0.04073	0.00510	0.00462	0.00143	0.00527	0.00463	0.01419	0.00668
21	0.02545	0.00823	0.01293	0.68310	0.02750	0.01016	0.01155	0.04554	0.04341	0.01299	0.00880	0.01228	0.00666	0.00477	0.00477	0.00150	0.03213	0.00405	0.03897	0.00520
22	0.04862	0.01065	0.01774	0.04691	0.12795	0.01053	0.29375	0.10849	0.05253	0.06580	0.00986	0.01164	0.00747	0.00439	0.00493	0.00136	0.03372	0.00433	0.00294	0.13640
23	0.01009	0.00945	0.01567	0.43559	0.36690	0.01060	0.01294	0.04598	0.01009	0.01368	0.00834	0.01162	0.00660	0.00441	0.00469	0.00144	0.01959	0.00403	0.00222	0.00607
24	0.00871	0.00697	0.00752	0.00679	0.00842	0.05207	0.00520	0.08467	0.10626	0.02848	0.49901	0.02856	0.10399	0.00835	0.00506	0.00142	0.00295	0.00715	0.02345	0.00499
25	0.01085	0.01072	0.01918	0.10905	0.57047	0.01083	0.15339	0.01403	0.03002	0.01452	0.00884	0.01163	0.00717	0.00410	0.00465	0.00140	0.00581	0.00430	0.00229	0.00676
26	0.07785	0.54937	0.04966	0.00911	0.01283	0.10395	0.06009	0.03410	0.04380	0.01263	0.00727	0.00829	0.00620	0.00414	0.00335	0.00111	0.00531	0.00286	0.00225	0.00584
27	0.00691	0.00472	0.00577	0.00588	0.00696	0.00430	0.00429	0.00841	0.02421	0.06693	0.21147	0.27723	0.25036	0.05642	0.00642	0.00177	0.00269	0.04668	0.00441	0.00416
28	0.00549	0.00406	0.00513	0.00599	0.00649	0.00371	0.00406	0.00635	0.00898	0.01169	0.02888	0.68952	0.17572	0.01369	0.00570	0.00178	0.00257	0.01226	0.00421	0.00371
29	0.03115	0.01079	0.01127	0.00937	0.01224	0.03983	0.00753	0.39844	0.24776	0.04269	0.03723	0.04871	0.02693	0.00641	0.00463	0.00145	0.00432	0.03103	0.02135	0.00689
30	0.00706	0.00573	0.00783	0.00797	0.03112	0.00564	0.05476	0.04232	0.06536	0.01346	0.04842	0.46021	0.16109	0.01152	0.00569	0.00171	0.01857	0.04306	0.00405	0.00443
31	0.02826	0.10112	0.58588	0.01191	0.01775	0.01079	0.04746	0.01525	0.00998	0.11703	0.00921	0.01016	0.00648	0.00441	0.00421	0.00139	0.00613	0.00348	0.00242	0.00668
32	0.00729	0.00614	0.00787	0.00958	0.15835	0.01807	0.00585	0.00912	0.02730	0.03210	0.16345	0.10339	0.41524	0.00959	0.00517	0.00150	0.00303	0.00827	0.00398	0.00470
33	0.01166	0.00810	0.01315	0.55934	0.04958	0.00915	0.03182	0.01434	0.01017	0.21799	0.01124	0.01343	0.02058	0.00489	0.00457	0.00148	0.00544	0.00429	0.00299	0.00580
34	0.01035	0.01209	0.13607	0.19088	0.53372	0.01059	0.01406	0.01349	0.00995	0.01407	0.00837	0.01115	0.00673	0.00418	0.00447	0.00139	0.00571	0.00393	0.00215	0.00666
35	0.00629	0.00453	0.00603	0.00697	0.04092	0.00421	0.00462	0.00740	0.00966	0.02806	0.16374	0.51006	0.11228	0.03302	0.00626	0.01909	0.00275	0.02593	0.00421	0.00398
36	0.01033	0.09102	0.39133	0.01339	0.01853	0.01124	0.22844	0.03845	0.06659	0.03317	0.03746	0.01173	0.00818	0.00486	0.01434	0.00149	0.00636	0.00418	0.00249	0.00643
37	0.01212	0.03631	0.01211	0.09892	0.04670	0.01104	0.03233	0.07327	0.50221	0.08599	0.01550	0.01504	0.01149	0.00560	0.00453	0.00147	0.00420	0.00472	0.00412	0.02233
38	0.02507	0.09964	0.66363	0.01229	0.01837	0.01103	0.04392	0.01431	0.00961	0.03401	0.00851	0.02469	0.00635	0.00446	0.00422	0.00140	0.00635	0.00352	0.00208	0.00653
39	0.00572	0.00429	0.00524	0.00582	0.00660	0.00388	0.00416	0.00669	0.00948	0.01213	0.07014	0.43592	0.29984	0.01295	0.00609	0.03402	0.00265	0.06649	0.00416	0.00373
40	0.01992	0.02117	0.02142	0.00824	0.01056	0.01696	0.09496	0.10499	0.03402	0.12540	0.22238	0.10091	0.18371	0.00825	0.00507	0.00148	0.00365	0.00723	0.00432	0.00537
41	0.01311	0.03881	0.01592	0.09845	0.31616	0.22389	0.05878	0.03503	0.06199	0.06186	0.00924	0.01102	0.00731	0.00459	0.00464	0.00135	0.02498	0.00387	0.00264	0.00635
42	0.00644	0.00493	0.00713	0.04245	0.02337	0.00480	0.04280	0.00783	0.02493	0.02347	0.03869	0.64361	0.06138	0.01236	0.00568	0.00176	0.01339	0.01120	0.01969	0.00409
43	0.00992	0.01273	0.21450	0.04421	0.16344	0.02492	0.05987	0.06236	0.15049	0.01576	0.05342	0.10276	0.04301	0.00631	0.00475	0.00149	0.00500	0.01568	0.00316	0.00622
44	0.04651	0.10715	0.39028	0.04601	0.01629	0.09000	0.05647	0.01334	0.00989	0.01354	0.02675	0.04197	0.02743	0.02110	0.00475	0.00149	0.00594	0.07289	0.00243	0.00577
45	0.02204	0.01384	0.21578	0.01492	0.17025	0.05749	0.13031	0.08703	0.02405	0.06361	0.02150	0.09489	0.00981	0.00543	0.00462	0.00141	0.00561	0.00491	0.00289	0.04961
46	0.02353	0.02841	0.14986	0.01193	0.02924	0.11764	0.16052	0.12638	0.02504	0.14958	0.02797	0.06395	0.03193	0.00602	0.01607	0.00151	0.01588	0.00488	0.00336	0.00631
47	0.02159	0.02588	0.07147	0.14447	0.24885	0.05529	0.09885	0.05785	0.07174	0.06896	0.01101	0.03773	0.02313	0.00500	0.00477	0.00142	0.02204	0.00449	0.00283	0.02264

[dist]
# distance from previous block
# <min> <max>
7	20

[block]
# block no. 1 follows, 57 sequences, length 30
# corresponding to MSA columns:
# 100-129
name=unknown_B
#
# <colnr> <probs for GDERKNQSTAVLIFYWHMCP>
#	G	D	E	R	K	N	Q	S	T	A	V	L	I	F	Y	W	H	M	C	P
0	0.06474	0.01072	0.03383	0.02970	0.08203	0.05367	0.04355	0.23180	0.05799	0.17274	0.05451	0.01317	0.01019	0.01395	0.00466	0.00135	0.01361	0.00422	0.01444	0.08914
1	0.14042	0.05968	0.03552	0.01118	0.08674	0.01014	0.10430	0.08316	0.14254	0.13755	0.05366	0.01305	0.01027	0.00495	0.00422	0.00134	0.00446	0.00420	0.00358	0.08905
2	0.01185	0.06407	0.02412	0.04543	0.07792	0.07163	0.14008	0.10973	0.05182	0.06249	0.05147	0.02545	0.02627	0.00487	0.00432	0.00122	0.00498	0.00431	0.01587	0.20210
3	0.01001	0.00934	0.01546	0.17470	0.52486	0.00965	0.01205	0.01282	0.02498	0.01455	0.09478	0.03593	0.01149	0.00498	0.00460	0.00139	0.00501	0.00471	0.00260	0.02609
4	0.03214	0.00696	0.00967	0.27632	0.09786	0.00769	0.00790	0.05750	0.01015	0.01525	0.02634	0.02693	0.06079	0.00547	0.00420	0.00131	0.01583	0.00457	0.31022	0.02290
5	0.00638	0.00482	0.00700	0.00700	0.00785	0.00548	0.00541	0.00792	0.00753	0.01063	0.01510	0.02029	0.08037	0.05010	0.73441	0.00672	0.01112	0.00530	0.00259	0.00400
6	0.01023	0.20011	0.27957	0.04664	0.02598	0.08135	0.10426	0.01363	0.03872	0.01300	0.03085	0.06445	0.02458	0.02351	0.02298	0.00155	0.00598	0.00440	0.00241	0.00580
7	0.00656	0.00497	0.00625	0.00591	0.00703	0.00480	0.00451	0.00869	0.02727	0.01676	0.59906	0.03408	0.16213	0.00950	0.00574	0.00148	0.04001	0.02805	0.02291	0.00429
8	0.01086	0.08511	0.17721	0.02298	0.57228	0.01135	0.02795	0.01398	0.01008	0.01435	0.00827	0.01057	0.00677	0.00407	0.00433	0.00133	0.00564	0.00379	0.00215	0.00695
9	0.00550	0.00411	0.00511	0.00589	0.00647	0.00373	0.00403	0.00640	0.00915	0.01186	0.04575	0.63184	0.21680	0.01345	0.00567	0.00176	0.00254	0.01199	0.00422	0.00373
10	0.01381	0.01506	0.01267	0.01297	0.12505	0.36101	0.00889	0.03748	0.31578	0.01502	0.01166	0.01205	0.00913	0.00524	0.00460	0.00136	0.02470	0.00397	0.00324	0.00631
11	0.08890	0.05694	0.21710	0.01102	0.01465	0.40689	0.01025	0.06664	0.04722	0.01430	0.02150	0.00941	0.00683	0.00469	0.00405	0.00128	0.00673	0.00323	0.00254	0.00584
12	0.00677	0.00529	0.00785	0.00768	0.00842	0.00637	0.00603	0.00833	0.00725	0.01055	0.01160	0.01712	0.01086	0.03174	0.75313	0.00683	0.08287	0.00478	0.00239	0.00412
13	0.36546	0.00812	0.00881	0.00713	0.01028	0.00813	0.00587	0.03170	0.01088	0.45465	0.01297	0.01212	0.00861	0.00503	0.00380	0.00139	0.00368	0.00369	0.03122	0.00647
14	0.00773	0.00399	0.00580	0.00580	0.00580	0.00399	0.00380	0.00598	0.00598	0.00797	0.00859	0.01555	0.00883	0.10817	0.01831	0.77139	0.00399	0.00423	0.00205	0.00205
15	0.04752	0.79291	0.03868	0.00778	0.01167	0.01746	0.00781	0.01357	0.00915	0.01113	0.00634	0.00732	0.00578	0.00390	0.00293	0.00100	0.00483	0.00244	0.00197	0.00580
16	0.01052	0.01342	0.11075	0.01844	0.02325	0.01136	0.71321	0.01450	0.01058	0.01450	0.00906	0.01194	0.00675	0.00387	0.00524	0.00152	0.00754	0.00514	0.00225	0.00617
17	0.01597	0.01279	0.01285	0.01028	0.01358	0.07817	0.00833	0.57557	0.18208	0.02518	0.01213	0.01191	0.00882	0.00552	0.00451	0.00138	0.00495	0.00420	0.00437	0.00740
18	0.01276	0.50599	0.07169	0.01075	0.08533	0.12581	0.02528	0.04334	0.01041	0.03563	0.00755	0.01923	0.00652	0.00426	0.00351	0.00111	0.00545	0.00302	0.00227	0.02010
19	0.01203	0.02384	0.03722	0.07291	0.48059	0.05245	0.01181	0.04056	0.14471	0.06301	0.01067	0.01221	0.00836	0.00460	0.00447	0.00138	0.00519	0.00415	0.00289	0.00695
20	0.00777	0.00601	0.00664	0.00664	0.02514	0.03921	0.00434	0.03025	0.07767	0.01169	0.09063	0.04175	0.02860	0.49457	0.08827	0.00369	0.00492	0.02519	0.00319	0.00380
21	0.00624	0.00464	0.00583	0.00564	0.00677	0.00423	0.00427	0.00817	0.01216	0.01672	0.61499	0.05391	0.18221	0.00993	0.00540	0.00149	0.00228	0.04616	0.00479	0.00418
22	0.01159	0.01087	0.01789	0.02578	0.71451	0.01101	0.02691	0.06462	0.04375	0.01585	0.00909	0.01145	0.00748	0.00421	0.00451	0.00136	0.00532	0.00411	0.00249	0.00719
23	0.00568	0.00435	0.00503	0.00535	0.00621	0.00390	0.00372	0.00669	0.00962	0.01230	0.12470	0.31083	0.36123	0.11020	0.00759	0.00196	0.00264	0.01018	0.00413	0.00370
24	0.00652	0.00465	0.00625	0.00625	0.00670	0.00510	0.00438	0.00743	0.00698	0.00975	0.01308	0.02303	0.01360	0.38994	0.46994	0.00601	0.00872	0.00562	0.00257	0.00347
25	0.00602	0.00457	0.00554	0.00539	0.00655	0.00410	0.00401	0.00776	0.01177	0.01588	0.51933	0.08852	0.28347	0.01028	0.00538	0.00148	0.00222	0.00893	0.00469	0.00410
26	0.01150	0.01139	0.07639	0.00973	0.01290	0.04421	0.03247	0.07879	0.52704	0.01831	0.01523	0.01499	0.01156	0.00559	0.00447	0.00141	0.00424	0.01488	0.00400	0.10088
27	0.00566	0.00406	0.00524	0.00604	0.00641	0.00379	0.00404	0.00648	0.00885	0.01177	0.07236	0.66904	0.07968	0.08500	0.00722	0.00202	0.00273	0.01185	0.00413	0.00364
28	0.02983	0.12252	0.10850	0.03011	0.33145	0.12085	0.01101	0.02648	0.01037	0.01398	0.00789	0.00972	0.00652	0.00405	0.00398	0.00117	0.00547	0.00334	0.00230	0.15047
29	0.19904	0.14352	0.02883	0.01225	0.12063	0.25107	0.05899	0.04027	0.07914	0.01502	0.00821	0.00939	0.00663	0.00445	0.00382	0.00128	0.00572	0.00328	0.00262	0.00585

[dist]
# distance from previous block
# <min> <max>
0	1

[block]
# block no. 2 follows, 57 sequences, length 23
# corresponding to MSA columns:
# 131-153
name=unknown_C
#
# <colnr> <probs for GDERKNQSTAVLIFYWHMCP>
#	G	D	E	R	K	N	Q	S	T	A	V	L	I	F	Y	W	H	M	C	P
0	0.01080	0.01245	0.07960	0.02561	0.03669	0.02935	0.40111	0.05643	0.01002	0.01402	0.00809	0.01111	0.00652	0.00529	0.00821	0.00164	0.27033	0.00459	0.00229	0.00587
1	0.09284	0.05580	0.01439	0.02137	0.03108	0.15796	0.13536	0.12977	0.24143	0.01735	0.01162	0.03414	0.00918	0.00529	0.00461	0.00141	0.02237	0.00437	0.00336	0.00629
2	0.00576	0.00425	0.00511	0.00558	0.00639	0.00384	0.00392	0.00693	0.00982	0.01301	0.14203	0.43424	0.26918	0.01216	0.00544	0.00164	0.00243	0.01071	0.05372	0.00384
3	0.01079	0.09564	0.05055	0.00867	0.05561	0.00847	0.00696	0.05149	0.05577	0.05438	0.00912	0.01008	0.00727	0.00386	0.00361	0.00089	0.00390	0.00306	0.00289	0.55700
4	0.01243	0.01470	0.26157	0.01698	0.29898	0.06373	0.02816	0.04210	0.01092	0.14550	0.01012	0.01182	0.00764	0.03404	0.00507	0.00147	0.00568	0.00393	0.00280	0.02235
5	0.01071	0.22545	0.50581	0.01138	0.01693	0.01274	0.02629	0.08886	0.03524	0.01493	0.00827	0.00939	0.00622	0.00436	0.00401	0.00132	0.00599	0.00328	0.00226	0.00658
6	0.03418	0.02792	0.04101	0.01192	0.03529	0.28012	0.13138	0.13452	0.01346	0.21546	0.02413	0.01154	0.00825	0.00491	0.00446	0.00133	0.00616	0.00399	0.00351	0.00645
7	0.00616	0.00462	0.00571	0.00544	0.00662	0.00417	0.00408	0.00806	0.01223	0.01676	0.62833	0.03617	0.22540	0.00979	0.00535	0.00145	0.00218	0.00852	0.00480	0.00417
8	0.03581	0.00872	0.05355	0.00914	0.05860	0.06049	0.02340	0.04605	0.12293	0.04644	0.20864	0.02184	0.08792	0.04301	0.13716	0.00249	0.01904	0.00580	0.00369	0.00527
9	0.03924	0.00515	0.00567	0.00539	0.00664	0.00530	0.00411	0.02414	0.04855	0.04630	0.15832	0.06438	0.01785	0.00659	0.00420	0.00125	0.02811	0.00540	0.51885	0.00458
10	0.01235	0.12196	0.07896	0.01313	0.13384	0.20537	0.05272	0.05337	0.15146	0.01483	0.07516	0.01269	0.01061	0.00520	0.00473	0.00134	0.03908	0.00411	0.00294	0.00614
11	0.00676	0.00469	0.00543	0.00545	0.00567	0.00481	0.00331	0.00764	0.05066	0.00968	0.01514	0.08797	0.01695	0.67344	0.08039	0.00426	0.00480	0.00685	0.00293	0.00316
12	0.03381	0.03205	0.01161	0.00992	0.02242	0.06591	0.03823	0.07424	0.58109	0.04297	0.01613	0.01565	0.01221	0.00586	0.00453	0.00148	0.00422	0.01652	0.00424	0.00692
13	0.01129	0.12063	0.40492	0.01202	0.07025	0.06565	0.01234	0.03880	0.02620	0.07184	0.00878	0.00990	0.00658	0.00441	0.00432	0.00128	0.02645	0.00334	0.00245	0.09854
14	0.01200	0.08492	0.01619	0.22942	0.30182	0.12965	0.02560	0.08900	0.04205	0.01453	0.00861	0.01086	0.00687	0.00445	0.00433	0.00134	0.00585	0.00380	0.00248	0.00625
15	0.01721	0.01272	0.01343	0.01037	0.01394	0.03424	0.00854	0.74225	0.03420	0.05053	0.01111	0.01104	0.00786	0.00544	0.00452	0.00136	0.00501	0.00408	0.00451	0.00764
16	0.00646	0.00459	0.00606	0.00674	0.00739	0.00444	0.00513	0.00779	0.00958	0.01274	0.12189	0.30032	0.04854	0.13768	0.00850	0.00226	0.00340	0.29863	0.00407	0.00380
17	0.01179	0.18963	0.36301	0.01153	0.01629	0.11307	0.06814	0.08341	0.01118	0.03934	0.03337	0.01017	0.00736	0.00458	0.00429	0.00131	0.01927	0.00351	0.00244	0.00631
18	0.00562	0.00403	0.00528	0.00621	0.00653	0.00377	0.00417	0.00644	0.00875	0.01162	0.04144	0.73526	0.05706	0.05691	0.00667	0.00196	0.00273	0.02777	0.00415	0.00366
19	0.00936	0.00922	0.02712	0.18448	0.09551	0.04803	0.04291	0.03388	0.02620	0.01300	0.06484	0.06496	0.06291	0.00809	0.03771	0.00185	0.23688	0.02515	0.00272	0.00517
20	0.00710	0.00483	0.00607	0.00569	0.00701	0.00436	0.00434	0.00901	0.01225	0.06740	0.58073	0.03517	0.19860	0.00958	0.00532	0.00146	0.00234	0.02948	0.00484	0.00440
21	0.01028	0.04947	0.06348	0.17090	0.15833	0.11463	0.00982	0.05880	0.01960	0.01337	0.01243	0.14577	0.03143	0.01641	0.01950	0.00161	0.05088	0.03062	0.00277	0.01991
22	0.33277	0.21421	0.05891	0.02479	0.03399	0.22276	0.00778	0.01460	0.00958	0.01471	0.00668	0.00793	0.00552	0.00435	0.00363	0.00125	0.02605	0.00273	0.00237	0.00538

[dist]
# distance from previous block
# <min> <max>
0	1

[block]
# block no. 3 follows, 57 sequences, length 27
# corresponding to MSA columns:
# 155-181
name=unknown_D
#
# <colnr> <probs for GDERKNQSTAVLIFYWHMCP>
#	G	D	E	R	K	N	Q	S	T	A	V	L	I	F	Y	W	H	M	C	P
0	0.03260	0.33862	0.24915	0.01046	0.01468	0.16599	0.04135	0.02799	0.01011	0.01250	0.00739	0.00884	0.00608	0.00551	0.03847	0.00146	0.01772	0.00305	0.00211	0.00590
1	0.18350	0.03017	0.01261	0.01105	0.02664	0.53731	0.05480	0.05235	0.01192	0.01397	0.00753	0.02393	0.00628	0.00472	0.00395	0.00126	0.00688	0.00322	0.00255	0.00536
2	0.01071	0.01025	0.01748	0.18026	0.66399	0.01063	0.01366	0.01346	0.01008	0.01419	0.00843	0.01138	0.00696	0.00413	0.00449	0.00138	0.00551	0.00404	0.00220	0.00677
3	0.01474	0.39443	0.01779	0.00990	0.01293	0.45755	0.00830	0.01604	0.01119	0.01090	0.00668	0.00776	0.00583	0.00431	0.00355	0.00108	0.00666	0.00269	0.00215	0.00551
4	0.00686	0.00542	0.00830	0.00787	0.00873	0.00628	0.03909	0.00841	0.00735	0.01058	0.01182	0.01803	0.01123	0.09337	0.68043	0.00651	0.05827	0.00496	0.00242	0.00409
5	0.09866	0.00786	0.02266	0.04127	0.01071	0.03717	0.06788	0.05820	0.05808	0.01565	0.19191	0.09617	0.10249	0.05654	0.02197	0.00179	0.07183	0.00646	0.02788	0.00483
6	0.00583	0.00410	0.00522	0.00599	0.00624	0.00390	0.00391	0.00647	0.00825	0.01095	0.02277	0.60044	0.04335	0.21747	0.01004	0.00247	0.00310	0.03219	0.00385	0.00347
7	0.00990	0.00829	0.00975	0.08668	0.03473	0.03018	0.00681	0.08196	0.17016	0.03143	0.14358	0.03083	0.07649	0.00706	0.02925	0.00146	0.01948	0.00517	0.00369	0.21311
8	0.00618	0.00469	0.00516	0.00503	0.00649	0.00402	0.00378	0.00754	0.01086	0.04584	0.19834	0.07735	0.58687	0.01092	0.00534	0.00152	0.00234	0.00924	0.00442	0.00407
9	0.01545	0.01787	0.01282	0.01265	0.09237	0.56494	0.00888	0.04091	0.12628	0.03574	0.00992	0.01065	0.02189	0.00499	0.00425	0.00126	0.00692	0.00354	0.00284	0.00583
10	0.06064	0.01827	0.01332	0.01296	0.09323	0.58792	0.03222	0.04828	0.01227	0.01290	0.00751	0.00897	0.00619	0.00474	0.00452	0.00125	0.04055	0.00320	0.02556	0.00551
11	0.00562	0.00398	0.00523	0.00619	0.00643	0.00374	0.00408	0.00633	0.00849	0.01132	0.02403	0.76640	0.02878	0.08721	0.00731	0.00207	0.00278	0.01233	0.00408	0.00360
12	0.00690	0.00476	0.00542	0.00603	0.00664	0.02868	0.00418	0.02678	0.00932	0.01334	0.02146	0.58104	0.02397	0.01140	0.00503	0.00161	0.00272	0.01014	0.22663	0.00396
13	0.02766	0.06076	0.31535	0.03557	0.13536	0.03385	0.01228	0.01376	0.00930	0.07915	0.00870	0.01105	0.00694	0.02721	0.03932	0.00180	0.16970	0.00375	0.00236	0.00614
14	0.01167	0.14897	0.18028	0.01055	0.06152	0.03475	0.03863	0.07312	0.05028	0.09144	0.01045	0.05742	0.00855	0.00486	0.00405	0.00120	0.00486	0.00395	0.00295	0.20052
15	0.00546	0.00459	0.00473	0.00470	0.00618	0.00387	0.00352	0.00670	0.01057	0.01280	0.11852	0.04268	0.73768	0.01127	0.00535	0.00152	0.00228	0.00943	0.00428	0.00387
16	0.01302	0.44145	0.06456	0.00907	0.01238	0.26852	0.00823	0.03142	0.01080	0.01182	0.03420	0.01034	0.04146	0.00471	0.00358	0.00111	0.00575	0.00319	0.01882	0.00557
17	0.02618	0.02970	0.03407	0.00687	0.00975	0.00673	0.00564	0.02673	0.10599	0.05143	0.21056	0.01918	0.07355	0.00598	0.00421	0.00112	0.00317	0.00499	0.02966	0.34448
18	0.05011	0.08020	0.33898	0.01144	0.03922	0.04887	0.03362	0.18479	0.03785	0.08313	0.03285	0.01105	0.00800	0.00481	0.00426	0.00136	0.00560	0.00374	0.00305	0.01708
19	0.01217	0.05484	0.08424	0.05376	0.43836	0.07330	0.07901	0.07307	0.01124	0.04806	0.00881	0.01089	0.00700	0.00435	0.00464	0.00136	0.02168	0.00395	0.00251	0.00676
20	0.01663	0.01211	0.01296	0.01000	0.01345	0.01338	0.00824	0.74358	0.02050	0.02776	0.01115	0.01129	0.00797	0.00543	0.00444	0.00134	0.00479	0.00409	0.06342	0.00747
21	0.01040	0.00930	0.01001	0.00921	0.02176	0.11031	0.00713	0.12014	0.12136	0.01445	0.01159	0.01477	0.00996	0.03197	0.36557	0.00407	0.09660	0.00445	0.02168	0.00526
22	0.00766	0.00544	0.00785	0.15911	0.04347	0.00581	0.00599	0.00856	0.04025	0.01108	0.10498	0.02056	0.08054	0.12020	0.04948	0.31288	0.00446	0.00536	0.00275	0.00357
23	0.01112	0.01075	0.01780	0.06571	0.74159	0.02820	0.01354	0.01378	0.01036	0.01463	0.02429	0.01164	0.00780	0.00418	0.00450	0.00135	0.00541	0.00409	0.00229	0.00698
24	0.00674	0.00558	0.00776	0.00683	0.00841	0.00517	0.07790	0.00927	0.05306	0.01601	0.45571	0.05388	0.25754	0.00935	0.00532	0.00148	0.00278	0.00828	0.00447	0.00445
25	0.01122	0.01077	0.01839	0.02781	0.81248	0.01077	0.01391	0.01391	0.01032	0.01480	0.00852	0.01122	0.00718	0.00404	0.00449	0.00135	0.00538	0.00404	0.00224	0.00718
26	0.01274	0.01117	0.01217	0.02950	0.10542	0.07847	0.01891	0.13381	0.46904	0.04053	0.01469	0.01430	0.01104	0.00554	0.00452	0.00144	0.00449	0.00458	0.00404	0.02358

[dist]
# distance from previous block
# <min> <max>
0	3

[block]
# block no. 4 follows, 57 sequences, length 10
# corresponding to MSA columns:
# 185-194
name=unknown_E
#
# <colnr> <probs for GDERKNQSTAVLIFYWHMCP>
#	G	D	E	R	K	N	Q	S	T	A	V	L	I	F	Y	W	H	M	C	P
0	0.09530	0.70283	0.02130	0.00787	0.01153	0.07623	0.00755	0.01388	0.00933	0.01162	0.00635	0.00734	0.00573	0.00397	0.00298	0.00103	0.00496	0.00246	0.00205	0.00569
1	0.04081	0.00686	0.00870	0.02766	0.04957	0.00724	0.00734	0.11082	0.08221	0.01610	0.01988	0.12359	0.02046	0.01010	0.00549	0.00181	0.00406	0.42021	0.03206	0.00503
2	0.00606	0.00462	0.00556	0.00533	0.00655	0.00412	0.00400	0.00786	0.01199	0.01618	0.55363	0.03712	0.30047	0.01001	0.00535	0.00146	0.00219	0.00865	0.00473	0.00412
3	0.00966	0.00589	0.00757	0.00718	0.04071	0.00548	0.00525	0.04227	0.02995	0.17341	0.39946	0.05399	0.16544	0.00918	0.02266	0.00157	0.00301	0.00739	0.00476	0.00516
4	0.00585	0.00454	0.00533	0.00528	0.00646	0.00401	0.00390	0.00740	0.01127	0.01484	0.38814	0.12864	0.37647	0.01078	0.00540	0.00152	0.00226	0.00932	0.00456	0.00401
5	0.00993	0.00861	0.00844	0.00783	0.00909	0.13425	0.00577	0.11790	0.05690	0.01304	0.01243	0.06388	0.01209	0.20468	0.24797	0.06739	0.00714	0.00524	0.00297	0.00445
6	0.00701	0.00448	0.00604	0.00669	0.00739	0.00419	0.00486	0.00819	0.00963	0.07520	0.09201	0.58896	0.02904	0.01285	0.00572	0.00181	0.00291	0.12454	0.00438	0.00412
7	0.01604	0.00885	0.03419	0.01186	0.14589	0.00790	0.04642	0.07410	0.01278	0.46562	0.07438	0.01684	0.05242	0.00577	0.00467	0.00140	0.00425	0.00496	0.00459	0.00707
8	0.01122	0.01077	0.01839	0.02781	0.81248	0.01077	0.01391	0.01391	0.01032	0.01480	0.00852	0.01122	0.00718	0.00404	0.00449	0.00135	0.00538	0.00404	0.00224	0.00718
9	0.01268	0.02868	0.03047	0.01753	0.35885	0.06355	0.05415	0.09911	0.04072	0.11667	0.11935	0.01473	0.01266	0.00520	0.00461	0.00136	0.00497	0.00466	0.00336	0.00668

[dist]
# distance from previous block
# <min> <max>
1	2

[block]
# block no. 5 follows, 57 sequences, length 21
# corresponding to MSA columns:
# 197-217
name=unknown_F
#
# <colnr> <probs for GDERKNQSTAVLIFYWHMCP>
#	G	D	E	R	K	N	Q	S	T	A	V	L	I	F	Y	W	H	M	C	P
0	0.32949	0.03551	0.01023	0.00925	0.08120	0.06456	0.00676	0.08549	0.04388	0.10697	0.00976	0.02091	0.00767	0.00475	0.00367	0.00127	0.00416	0.02013	0.01615	0.13820
1	0.01106	0.04015	0.07413	0.05204	0.31098	0.02701	0.08528	0.08962	0.08613	0.03526	0.06991	0.03629	0.05108	0.00545	0.00465	0.00141	0.00506	0.00496	0.00308	0.00646
2	0.01216	0.06671	0.05719	0.04344	0.24030	0.16842	0.01975	0.03671	0.17721	0.01450	0.00992	0.01134	0.00798	0.00506	0.00542	0.00139	0.09320	0.00389	0.00275	0.02266
3	0.00787	0.00394	0.00590	0.00590	0.00590	0.00394	0.00394	0.00590	0.00590	0.00787	0.00787	0.01377	0.00787	0.01574	0.01771	0.86816	0.00394	0.00394	0.00197	0.00197
4	0.03805	0.11873	0.01399	0.00978	0.03012	0.01293	0.00800	0.49335	0.05482	0.09082	0.01119	0.02793	0.00837	0.00528	0.00424	0.00129	0.00463	0.00401	0.00408	0.05840
5	0.00976	0.00876	0.01189	0.01031	0.01073	0.01164	0.00843	0.03017	0.03590	0.03116	0.04484	0.01328	0.00926	0.05051	0.06229	0.00230	0.58525	0.00442	0.05418	0.00493
6	0.00603	0.00439	0.00573	0.00623	0.00697	0.00409	0.00457	0.00746	0.01040	0.01402	0.27941	0.40126	0.10468	0.01214	0.00567	0.00171	0.00265	0.11419	0.00445	0.00395
7	0.01152	0.00986	0.01039	0.00927	0.01188	0.01139	0.00723	0.05701	0.77096	0.01936	0.01812	0.01665	0.01357	0.00612	0.00461	0.00153	0.00365	0.00508	0.00461	0.00720
8	0.11396	0.03343	0.17919	0.01021	0.05932	0.00984	0.00898	0.18955	0.07528	0.06883	0.02978	0.14945	0.01211	0.00720	0.01944	0.01371	0.00467	0.00537	0.00353	0.00615
9	0.00859	0.00696	0.00732	0.00679	0.00849	0.04412	0.00519	0.06618	0.16416	0.03285	0.21246	0.06813	0.27255	0.00942	0.00568	0.04102	0.00314	0.02771	0.00433	0.00491
10	0.01020	0.05290	0.63434	0.01311	0.01922	0.01065	0.10898	0.01489	0.00993	0.07123	0.00888	0.01021	0.00627	0.00432	0.00439	0.00143	0.00654	0.00364	0.00222	0.00666
11	0.01100	0.01109	0.04655	0.04209	0.62079	0.01062	0.09649	0.03895	0.01078	0.01529	0.04580	0.01232	0.00874	0.00432	0.00461	0.00138	0.00552	0.00435	0.00243	0.00688
12	0.01013	0.00942	0.01611	0.41480	0.30181	0.01044	0.07358	0.03134	0.00998	0.03155	0.00883	0.01249	0.00702	0.00457	0.00485	0.00147	0.02516	0.01818	0.00229	0.00597
13	0.00855	0.00564	0.02132	0.00637	0.00784	0.00493	0.00478	0.04148	0.01035	0.12953	0.08372	0.32086	0.18731	0.08673	0.00688	0.00184	0.00309	0.01999	0.00423	0.04456
14	0.01179	0.05375	0.07951	0.02175	0.50385	0.02179	0.06844	0.08285	0.02995	0.03261	0.00893	0.01106	0.00720	0.00442	0.00492	0.00138	0.04231	0.00402	0.00252	0.00693
15	0.01156	0.37838	0.28840	0.01052	0.01539	0.01330	0.08427	0.01457	0.00981	0.08329	0.00828	0.00932	0.00641	0.00414	0.00377	0.00120	0.00557	0.00321	0.00232	0.04629
16	0.01424	0.04816	0.01512	0.01232	0.09235	0.00945	0.17189	0.14251	0.01286	0.26631	0.01506	0.03530	0.06184	0.00561	0.00469	0.00139	0.00487	0.02521	0.00391	0.05692
17	0.01038	0.01041	0.04315	0.14973	0.50001	0.01025	0.09657	0.02570	0.01011	0.01411	0.00941	0.02832	0.00814	0.04325	0.00550	0.00156	0.00564	0.01903	0.00233	0.00639
18	0.01364	0.18313	0.03106	0.01244	0.15888	0.08648	0.00885	0.16424	0.06918	0.11479	0.03037	0.04893	0.01023	0.00550	0.00426	0.00131	0.00490	0.02835	0.00342	0.02004
19	0.01284	0.06959	0.06957	0.01001	0.04843	0.10953	0.02701	0.13675	0.08996	0.10125	0.01171	0.04649	0.00966	0.03833	0.00497	0.00136	0.00485	0.02428	0.00340	0.18001
20	0.01072	0.10095	0.10425	0.14091	0.17058	0.01032	0.03558	0.08056	0.04192	0.03850	0.04287	0.02438	0.00959	0.00497	0.00430	0.00130	0.00498	0.03620	0.00281	0.13431

[dist]
# distance from previous block
# <min> <max>
2	13

[block]
# block no. 6 follows, 57 sequences, length 6
# corresponding to MSA columns:
# 231-236
name=unknown_G
#
# <colnr> <probs for GDERKNQSTAVLIFYWHMCP>
#	G	D	E	R	K	N	Q	S	T	A	V	L	I	F	Y	W	H	M	C	P
0	0.01349	0.61235	0.02074	0.00876	0.01230	0.18583	0.00802	0.07050	0.01083	0.01203	0.00677	0.00772	0.00595	0.00415	0.00327	0.00104	0.00555	0.00264	0.00221	0.00583
1	0.06445	0.00907	0.06913	0.00716	0.01115	0.00659	0.00621	0.01226	0.00967	0.06339	0.04414	0.01073	0.00840	0.00388	0.00355	0.00085	0.00359	0.00308	0.00291	0.65979
2	0.09216	0.06424	0.16110	0.01117	0.01527	0.04795	0.09577	0.34408	0.06489	0.04523	0.01002	0.01065	0.00730	0.00487	0.00431	0.00138	0.00546	0.00387	0.00344	0.00684
3	0.03732	0.11377	0.09043	0.01096	0.01466	0.14937	0.10076	0.19241	0.08332	0.14681	0.01089	0.01120	0.00792	0.00488	0.00430	0.00133	0.00563	0.00389	0.00348	0.00666
4	0.28758	0.07308	0.04313	0.00851	0.01180	0.07308	0.00731	0.23350	0.01311	0.16195	0.01042	0.01154	0.00776	0.00512	0.00389	0.00137	0.00459	0.03225	0.00370	0.00632
5	0.00562	0.00418	0.00528	0.00611	0.00670	0.00383	0.00429	0.00659	0.00915	0.01186	0.02925	0.61185	0.19200	0.01350	0.00573	0.00179	0.00268	0.07164	0.00420	0.00375

[dist]
# distance from previous block
# <min> <max>
0	3

[block]
# block no. 7 follows, 57 sequences, length 31
# corresponding to MSA columns:
# 240-270
name=unknown_H
#
# <colnr> <probs for GDERKNQSTAVLIFYWHMCP>
#	G	D	E	R	K	N	Q	S	T	A	V	L	I	F	Y	W	H	M	C	P
0	0.00719	0.00518	0.00706	0.00782	0.00888	0.00514	0.00667	0.00939	0.02485	0.01410	0.12941	0.04738	0.04548	0.03647	0.00658	0.00204	0.00385	0.62406	0.00425	0.00419
1	0.05436	0.10304	0.01445	0.01252	0.10064	0.45356	0.00901	0.17185	0.01364	0.01534	0.00784	0.00891	0.00631	0.00465	0.00404	0.00122	0.00668	0.00320	0.00274	0.00599
2	0.00579	0.00436	0.00541	0.00600	0.00681	0.00397	0.00437	0.00699	0.00983	0.01276	0.12114	0.42720	0.25043	0.01266	0.00567	0.00173	0.00266	0.10406	0.00429	0.00385
3	0.00703	0.00507	0.00693	0.00789	0.00889	0.00500	0.00674	0.00892	0.01023	0.01325	0.02538	0.10604	0.07945	0.02721	0.00646	0.00207	0.00394	0.66127	0.00415	0.00409
4	0.01089	0.01056	0.01844	0.14375	0.60300	0.01080	0.09265	0.02898	0.01039	0.01457	0.00857	0.01144	0.00699	0.00411	0.00458	0.00139	0.00570	0.00417	0.00226	0.00677
5	0.01222	0.06533	0.05694	0.03286	0.43626	0.14986	0.12706	0.03973	0.01103	0.01424	0.00827	0.01052	0.00675	0.00417	0.00444	0.00133	0.00622	0.00391	0.00230	0.00657
6	0.00703	0.00512	0.00686	0.00772	0.00874	0.00505	0.00653	0.00905	0.02481	0.01320	0.02568	0.10321	0.10158	0.04648	0.00680	0.00210	0.00388	0.60793	0.00413	0.00410
7	0.00647	0.00485	0.00728	0.00728	0.00809	0.00566	0.00566	0.00809	0.00728	0.01052	0.01214	0.01780	0.01133	0.03398	0.82279	0.00728	0.01214	0.00485	0.00243	0.00405
8	0.01073	0.11598	0.32690	0.01383	0.01868	0.10102	0.26805	0.01459	0.02629	0.01358	0.00903	0.04416	0.00729	0.00458	0.00452	0.00140	0.00672	0.00427	0.00223	0.00613
9	0.01181	0.20925	0.20418	0.01171	0.03783	0.05186	0.09540	0.10814	0.15900	0.01574	0.00992	0.01083	0.00767	0.00480	0.00464	0.00136	0.04276	0.00379	0.00280	0.00650
10	0.87276	0.00876	0.00666	0.00596	0.00876	0.01017	0.00491	0.01332	0.00771	0.02033	0.00631	0.00736	0.00491	0.00421	0.00280	0.00140	0.00351	0.00245	0.00280	0.00491
11	0.01223	0.82357	0.02348	0.00785	0.01169	0.03742	0.00778	0.01368	0.00930	0.01067	0.00632	0.00729	0.00582	0.00390	0.00294	0.00097	0.00493	0.00243	0.00195	0.00580
12	0.01273	0.62221	0.02065	0.00815	0.01196	0.01621	0.00770	0.14355	0.02804	0.01413	0.00745	0.00824	0.00637	0.00414	0.00325	0.00102	0.00472	0.00278	0.00248	0.07422
13	0.01018	0.13201	0.53357	0.01408	0.11849	0.04325	0.03240	0.01465	0.03518	0.01393	0.00824	0.00971	0.00622	0.00428	0.00416	0.00136	0.00626	0.00340	0.00207	0.00658
14	0.00799	0.00610	0.00773	0.00825	0.00960	0.00639	0.00692	0.01232	0.18281	0.01472	0.04547	0.08336	0.04593	0.01110	0.00583	0.00192	0.00386	0.53062	0.00429	0.00479
15	0.01122	0.01077	0.01839	0.02781	0.81248	0.01077	0.01391	0.01391	0.01032	0.01480	0.00852	0.01122	0.00718	0.00404	0.00449	0.00135	0.00538	0.00404	0.00224	0.00718
16	0.00960	0.00949	0.01718	0.48344	0.22296	0.01049	0.15608	0.01269	0.00967	0.01291	0.00837	0.01189	0.00647	0.00428	0.00467	0.00147	0.00617	0.00427	0.00212	0.00576
17	0.01039	0.00879	0.00952	0.00906	0.01119	0.03226	0.00729	0.03873	0.52610	0.01737	0.01959	0.02671	0.01711	0.00799	0.00509	0.00169	0.00392	0.23655	0.00441	0.00624
18	0.00546	0.00462	0.00473	0.00478	0.00629	0.00390	0.00364	0.00665	0.01033	0.01231	0.04478	0.04399	0.77039	0.01153	0.00540	0.00156	0.00239	0.04920	0.00421	0.00384
19	0.01831	0.01037	0.04714	0.00891	0.01227	0.10561	0.00754	0.08985	0.01342	0.56202	0.02765	0.01586	0.01119	0.00581	0.00458	0.00140	0.00459	0.04145	0.00487	0.00715
20	0.01117	0.01090	0.01915	0.02703	0.74127	0.01083	0.08452	0.01396	0.01035	0.01478	0.00858	0.01131	0.00715	0.00402	0.00456	0.00136	0.00559	0.00416	0.00225	0.00708
21	0.01919	0.00794	0.01046	0.00813	0.01151	0.00716	0.00668	0.05870	0.05487	0.70750	0.03089	0.01614	0.02746	0.00580	0.00459	0.00141	0.00384	0.00472	0.00547	0.00755
22	0.00787	0.00394	0.00590	0.00590	0.00590	0.00394	0.00394	0.00590	0.00590	0.00787	0.00787	0.01377	0.00787	0.01574	0.01771	0.86816	0.00394	0.00394	0.00197	0.00197
23	0.01227	0.00896	0.01027	0.00899	0.01135	0.01016	0.00712	0.06162	0.48734	0.13722	0.01634	0.01598	0.01226	0.00914	0.09364	0.00215	0.06185	0.00486	0.02176	0.00673
24	0.00931	0.02203	0.72302	0.01410	0.06057	0.01060	0.06910	0.01434	0.00968	0.01438	0.00822	0.00983	0.00589	0.00426	0.00438	0.00144	0.00669	0.00352	0.00196	0.00668
25	0.15296	0.01199	0.01194	0.00945	0.01277	0.05922	0.00773	0.54635	0.03068	0.07202	0.01058	0.01071	0.00758	0.00522	0.00419	0.00135	0.00476	0.00380	0.02970	0.00701
26	0.01050	0.01125	0.02308	0.15120	0.02381	0.01107	0.59441	0.05120	0.01092	0.01466	0.00973	0.01389	0.00764	0.00440	0.00522	0.00154	0.00709	0.04001	0.00244	0.00592
27	0.05288	0.11202	0.30428	0.01264	0.03143	0.17581	0.12403	0.04095	0.02769	0.01398	0.00816	0.01004	0.00641	0.00461	0.00475	0.00137	0.04790	0.01271	0.00228	0.00607
28	0.03059	0.01087	0.01789	0.07428	0.68326	0.03090	0.04386	0.01406	0.02393	0.01470	0.00860	0.01124	0.00713	0.00411	0.00448	0.00136	0.00551	0.00404	0.00229	0.00691
29	0.16504	0.01052	0.01519	0.04577	0.32130	0.03622	0.11313	0.09276	0.04200	0.05653	0.02209	0.02514	0.02504	0.00477	0.00435	0.00140	0.00512	0.00428	0.00294	0.00641
30	0.08996	0.03360	0.01217	0.05290	0.15190	0.04207	0.01813	0.08097	0.10324	0.12499	0.01250	0.03203	0.01050	0.03258	0.00565	0.00154	0.05540	0.07327	0.00344	0.06316

[dist]
# distance from previous block
# <min> <max>
0	50

# created by:
# /st0/software/busco_prod/Augustus/scripts/msa2prfl.pl ./align_prep/112481.fa
