[name]
unknown

[dist]
# distance from previous block
# <min> <max>
0	417

[block]
# block no. 0 follows, 61 sequences, length 10
# corresponding to MSA columns:
# 419-428
name=unknown_A
#
# <colnr> <probs for GDERKNQSTAVLIFYWHMCP>
#	G	D	E	R	K	N	Q	S	T	A	V	L	I	F	Y	W	H	M	C	P
0	0.19821	0.00697	0.02618	0.00705	0.00880	0.00719	0.00565	0.07944	0.12212	0.03237	0.04752	0.24817	0.04212	0.00933	0.02873	0.00172	0.00355	0.11636	0.00374	0.00479
1	0.00657	0.00457	0.00518	0.00489	0.00533	0.00435	0.00289	0.00679	0.00657	0.00900	0.01290	0.02600	0.01460	0.75241	0.01979	0.00377	0.00406	0.00584	0.00260	0.10188
2	0.10967	0.00997	0.01449	0.02043	0.57059	0.05389	0.01082	0.02881	0.01002	0.03801	0.04942	0.03198	0.02424	0.00457	0.00415	0.00130	0.00474	0.00412	0.00254	0.00623
3	0.01066	0.00993	0.01635	0.16623	0.62278	0.01036	0.01262	0.07310	0.01039	0.01453	0.00819	0.01078	0.00667	0.00402	0.00428	0.00131	0.00520	0.00384	0.00226	0.00651
4	0.00813	0.00741	0.01148	0.63476	0.02446	0.00891	0.01026	0.03269	0.07017	0.01204	0.01302	0.03859	0.09964	0.00546	0.00444	0.00144	0.00504	0.00474	0.00246	0.00484
5	0.01149	0.01192	0.01369	0.01656	0.33921	0.22206	0.04482	0.05029	0.04179	0.01389	0.05458	0.01622	0.02712	0.00544	0.00444	0.00133	0.00542	0.09373	0.00274	0.02327
6	0.00649	0.00565	0.00605	0.08468	0.00864	0.05605	0.00459	0.00792	0.01012	0.01278	0.22499	0.06653	0.39018	0.06380	0.00599	0.00158	0.00297	0.00767	0.02944	0.00387
7	0.00968	0.00969	0.01512	0.18546	0.33251	0.06842	0.11972	0.01207	0.00963	0.01282	0.03937	0.01433	0.06962	0.02609	0.00530	0.00143	0.04126	0.00453	0.01741	0.00555
8	0.02896	0.01333	0.01306	0.08160	0.07687	0.31064	0.08574	0.11976	0.01204	0.05554	0.03745	0.02998	0.00812	0.00466	0.00412	0.00119	0.00580	0.00376	0.00280	0.10455
9	0.06443	0.01021	0.01509	0.21110	0.17232	0.08306	0.17579	0.05278	0.03638	0.03065	0.04890	0.01236	0.02314	0.00448	0.00433	0.00133	0.00545	0.00419	0.00256	0.04145

[dist]
# distance from previous block
# <min> <max>
11	23

[block]
# block no. 1 follows, 61 sequences, length 11
# corresponding to MSA columns:
# 452-462
name=unknown_B
#
# <colnr> <probs for GDERKNQSTAVLIFYWHMCP>
#	G	D	E	R	K	N	Q	S	T	A	V	L	I	F	Y	W	H	M	C	P
0	0.05835	0.17680	0.12472	0.01196	0.07613	0.03481	0.12225	0.31129	0.01341	0.01829	0.00842	0.00947	0.00639	0.00434	0.00399	0.00125	0.00532	0.00354	0.00289	0.00639
1	0.04874	0.10582	0.43839	0.03118	0.01624	0.04442	0.05071	0.11965	0.01063	0.01518	0.00782	0.00905	0.00582	0.00411	0.00389	0.00124	0.00566	0.00319	0.00229	0.07597
2	0.02951	0.32832	0.21971	0.01175	0.10250	0.04616	0.06840	0.03885	0.04623	0.01287	0.00855	0.00977	0.02798	0.00428	0.00397	0.00120	0.02855	0.00330	0.00218	0.00590
3	0.01111	0.07368	0.34962	0.01111	0.04172	0.05184	0.05546	0.07727	0.12108	0.09534	0.01169	0.03840	0.03257	0.00500	0.00421	0.00134	0.00527	0.00410	0.00290	0.00628
4	0.01340	0.01105	0.01333	0.01048	0.01358	0.06231	0.12332	0.33769	0.19572	0.06230	0.04883	0.01281	0.01004	0.00520	0.00462	0.00133	0.02317	0.00435	0.00383	0.04262
5	0.01341	0.00907	0.03620	0.00873	0.01156	0.03051	0.04594	0.10824	0.26344	0.27117	0.09888	0.01746	0.03009	0.00599	0.00450	0.00139	0.00389	0.02860	0.00444	0.00649
6	0.00590	0.00434	0.00552	0.00534	0.00634	0.00396	0.00396	0.00771	0.01156	0.01604	0.65613	0.10242	0.13581	0.00946	0.00512	0.00140	0.00209	0.00833	0.00459	0.00396
7	0.00633	0.00495	0.00696	0.00660	0.03272	0.00455	0.04498	0.00835	0.01174	0.01634	0.66212	0.03154	0.12903	0.00863	0.00506	0.00137	0.00241	0.00768	0.00444	0.00419
8	0.00863	0.00839	0.03811	0.33332	0.33203	0.00869	0.01100	0.01114	0.00935	0.01281	0.07832	0.10729	0.01168	0.00554	0.00448	0.00140	0.00484	0.00510	0.00247	0.00542
9	0.05127	0.00910	0.01235	0.13450	0.22014	0.05627	0.02372	0.04493	0.01029	0.14707	0.05301	0.03321	0.00937	0.00485	0.00463	0.00126	0.04699	0.00405	0.00298	0.13001
10	0.04171	0.07142	0.30799	0.01201	0.06658	0.06426	0.09577	0.04319	0.13307	0.01437	0.01093	0.03541	0.03012	0.00507	0.00452	0.00138	0.03042	0.02324	0.00259	0.00597

[dist]
# distance from previous block
# <min> <max>
1	3

[block]
# block no. 2 follows, 61 sequences, length 18
# corresponding to MSA columns:
# 466-483
name=unknown_C
#
# <colnr> <probs for GDERKNQSTAVLIFYWHMCP>
#	G	D	E	R	K	N	Q	S	T	A	V	L	I	F	Y	W	H	M	C	P
0	0.06370	0.12953	0.01432	0.03865	0.17364	0.14809	0.08374	0.04269	0.03698	0.06421	0.01266	0.04696	0.09076	0.00529	0.00425	0.00127	0.01736	0.00439	0.00276	0.01874
1	0.02572	0.08308	0.04240	0.14609	0.43828	0.02351	0.02313	0.02663	0.00973	0.05767	0.02420	0.04026	0.00803	0.00456	0.00445	0.00131	0.02838	0.00405	0.00240	0.00611
2	0.01122	0.02626	0.04648	0.01889	0.05698	0.07989	0.05556	0.12779	0.05050	0.10224	0.06803	0.05139	0.06426	0.04192	0.05702	0.00184	0.10331	0.00495	0.00328	0.02819
3	0.01552	0.07503	0.01319	0.01159	0.05423	0.70706	0.00850	0.04409	0.01213	0.01127	0.00681	0.00795	0.00567	0.00438	0.00384	0.00111	0.00732	0.00284	0.00226	0.00520
4	0.00853	0.00726	0.00847	0.00623	0.00974	0.00551	0.00494	0.01037	0.00906	0.01392	0.03655	0.03763	0.04952	0.00409	0.00342	0.00074	0.00308	0.00336	0.00274	0.77482
5	0.01145	0.01288	0.00925	0.00903	0.01050	0.43524	0.00682	0.02750	0.01077	0.01132	0.01407	0.22044	0.01502	0.03727	0.00529	0.00153	0.00561	0.14859	0.00302	0.00440
6	0.00699	0.00552	0.00680	0.05632	0.06856	0.00542	0.00497	0.04880	0.03633	0.01338	0.16852	0.02996	0.30876	0.16383	0.00796	0.00191	0.00315	0.02043	0.03825	0.00414
7	0.01013	0.01150	0.02476	0.01779	0.02191	0.01102	0.76345	0.01361	0.00998	0.01361	0.00855	0.01150	0.00649	0.00384	0.00557	0.00148	0.05188	0.00501	0.00216	0.00575
8	0.03363	0.01141	0.04527	0.06815	0.11727	0.01207	0.00910	0.47906	0.14196	0.02223	0.01080	0.01123	0.00793	0.00498	0.00427	0.00133	0.00468	0.00396	0.00374	0.00691
9	0.01158	0.00968	0.01023	0.00894	0.01153	0.01112	0.00703	0.14249	0.69296	0.01941	0.01644	0.01520	0.01226	0.00574	0.00437	0.00144	0.00361	0.00472	0.00437	0.00690
10	0.12237	0.01212	0.01205	0.01252	0.17662	0.18747	0.00838	0.24629	0.03477	0.06796	0.02749	0.01215	0.03394	0.00503	0.00408	0.00128	0.00504	0.02106	0.00327	0.00611
11	0.09474	0.03590	0.01250	0.07764	0.21288	0.04995	0.04078	0.11558	0.11385	0.02569	0.07797	0.05425	0.03762	0.00555	0.00451	0.00136	0.02560	0.00469	0.00313	0.00581
12	0.03847	0.00952	0.07747	0.08744	0.22222	0.00873	0.07298	0.06503	0.08867	0.05068	0.05937	0.10284	0.03484	0.00583	0.00446	0.00138	0.00448	0.01579	0.00306	0.04674
13	0.04397	0.00981	0.02602	0.15632	0.35149	0.04181	0.02868	0.10552	0.04174	0.02695	0.02187	0.02718	0.04899	0.00537	0.01574	0.00143	0.02130	0.01711	0.00269	0.00598
14	0.03925	0.00942	0.01416	0.04878	0.33677	0.05072	0.09888	0.02385	0.05146	0.05611	0.04397	0.07708	0.01069	0.01495	0.00500	0.00139	0.03892	0.02131	0.01679	0.04049
15	0.02312	0.01084	0.04139	0.07825	0.34558	0.07151	0.09647	0.09371	0.04531	0.05607	0.04404	0.01331	0.00920	0.00472	0.00440	0.00134	0.00523	0.03551	0.00279	0.01722
16	0.04369	0.06953	0.07490	0.10406	0.30739	0.02291	0.04611	0.03678	0.02600	0.07526	0.10304	0.02318	0.02249	0.00487	0.00423	0.00130	0.00470	0.00432	0.00280	0.02246
17	0.02291	0.04980	0.08418	0.04936	0.15693	0.08982	0.09787	0.05011	0.08263	0.07409	0.07553	0.01468	0.06717	0.00522	0.00457	0.00131	0.02671	0.00448	0.00299	0.03965

[dist]
# distance from previous block
# <min> <max>
3	16

[block]
# block no. 3 follows, 61 sequences, length 52
# corresponding to MSA columns:
# 500-551
name=unknown_D
#
# <colnr> <probs for GDERKNQSTAVLIFYWHMCP>
#	G	D	E	R	K	N	Q	S	T	A	V	L	I	F	Y	W	H	M	C	P
0	0.02425	0.21959	0.14345	0.00933	0.01308	0.05682	0.00887	0.35415	0.01426	0.05740	0.05195	0.01049	0.00839	0.00478	0.00389	0.00121	0.00491	0.00353	0.00325	0.00640
1	0.04476	0.28607	0.24674	0.00956	0.01373	0.08470	0.00987	0.18385	0.02436	0.03504	0.00845	0.00916	0.01741	0.00437	0.00366	0.00118	0.00529	0.00312	0.00258	0.00611
2	0.08477	0.36054	0.25742	0.00947	0.02466	0.04334	0.00992	0.10980	0.01025	0.01414	0.00735	0.00877	0.00598	0.00425	0.00367	0.00118	0.02107	0.01528	0.00226	0.00588
3	0.01151	0.36134	0.26657	0.01046	0.04938	0.10059	0.02814	0.06476	0.01014	0.03435	0.00746	0.00853	0.00594	0.00406	0.00355	0.00114	0.00550	0.00294	0.01770	0.00593
4	0.07111	0.08332	0.11548	0.02207	0.11605	0.02711	0.02337	0.34483	0.03990	0.03176	0.01981	0.04582	0.03021	0.00518	0.00412	0.00130	0.00475	0.00412	0.00329	0.00639
5	0.00790	0.04502	0.00737	0.00626	0.00771	0.04563	0.00478	0.07666	0.04307	0.03261	0.39203	0.14147	0.14376	0.02010	0.00509	0.00143	0.00286	0.00756	0.00421	0.00447
6	0.22557	0.12069	0.03069	0.03620	0.01114	0.01029	0.03246	0.08361	0.21627	0.01672	0.04412	0.04986	0.03029	0.00591	0.00397	0.00139	0.00387	0.06811	0.00335	0.00549
7	0.00687	0.07795	0.08464	0.00630	0.00808	0.00586	0.00551	0.00932	0.03014	0.01612	0.62589	0.04470	0.04623	0.00799	0.00478	0.00133	0.00270	0.00694	0.00418	0.00445
8	0.01450	0.01328	0.12147	0.03906	0.11487	0.05599	0.00988	0.49649	0.01628	0.06133	0.00976	0.01033	0.00703	0.00480	0.00425	0.00130	0.00515	0.00374	0.00357	0.00693
9	0.00693	0.00581	0.02972	0.00851	0.06728	0.00609	0.00627	0.03525	0.00775	0.01110	0.01184	0.01646	0.02984	0.02742	0.68339	0.00591	0.01030	0.00456	0.00240	0.02318
10	0.01034	0.02803	0.01639	0.13382	0.59120	0.01015	0.03515	0.03967	0.02555	0.01401	0.00864	0.03101	0.00729	0.00419	0.00427	0.00130	0.00510	0.00403	0.00227	0.02758
11	0.01584	0.01170	0.01313	0.01118	0.07978	0.01283	0.00851	0.69834	0.04032	0.04891	0.01054	0.01065	0.00754	0.00508	0.00431	0.00130	0.00470	0.00391	0.00416	0.00727
12	0.03107	0.03856	0.01443	0.09692	0.31012	0.13662	0.04472	0.11735	0.06334	0.01518	0.03253	0.03327	0.00843	0.00465	0.00420	0.00127	0.00524	0.00401	0.00270	0.03538
13	0.02256	0.00847	0.01338	0.57770	0.19710	0.03713	0.01163	0.01152	0.00899	0.01183	0.00855	0.03623	0.00711	0.00467	0.00433	0.00141	0.00550	0.02462	0.00210	0.00517
14	0.01173	0.03280	0.06317	0.00897	0.01167	0.06922	0.00752	0.21661	0.35712	0.01847	0.01483	0.06548	0.02186	0.00618	0.00437	0.00140	0.00418	0.04165	0.03649	0.00627
15	0.01460	0.00810	0.00987	0.00824	0.02630	0.00796	0.00647	0.06035	0.26433	0.39476	0.06211	0.01530	0.01254	0.00546	0.00429	0.00131	0.00353	0.00451	0.00463	0.08534
16	0.09552	0.05449	0.03691	0.00821	0.01003	0.01611	0.08026	0.05643	0.04102	0.02845	0.03554	0.29326	0.03001	0.00923	0.00491	0.00161	0.00384	0.18603	0.00355	0.00460
17	0.01150	0.00869	0.01054	0.13482	0.01396	0.00841	0.00710	0.23390	0.01235	0.07826	0.01064	0.01221	0.03299	0.00455	0.00389	0.00106	0.00404	0.02409	0.00324	0.38377
18	0.01277	0.04280	0.19894	0.00897	0.01249	0.03866	0.01914	0.16837	0.02812	0.22527	0.17070	0.02857	0.01461	0.00572	0.00437	0.00132	0.00438	0.00467	0.00388	0.00622
19	0.66036	0.00873	0.00986	0.00799	0.01091	0.00955	0.14823	0.01300	0.00807	0.05115	0.00750	0.03480	0.00600	0.00429	0.00326	0.00137	0.00402	0.00322	0.00273	0.00494
20	0.00915	0.00837	0.01188	0.00849	0.01241	0.00666	0.14855	0.01137	0.00915	0.01399	0.00785	0.00941	0.00641	0.00327	0.00353	0.00078	0.00392	0.00301	0.00249	0.71930
21	0.01263	0.01108	0.01736	0.07551	0.03880	0.03166	0.32201	0.29540	0.04802	0.05226	0.03617	0.01206	0.00834	0.00460	0.00462	0.00137	0.00568	0.00451	0.01162	0.00631
22	0.01100	0.70023	0.02100	0.12879	0.04110	0.01573	0.00824	0.01263	0.00877	0.01039	0.00630	0.00770	0.00560	0.00378	0.00304	0.00101	0.00479	0.00258	0.00186	0.00546
23	0.00939	0.01248	0.16594	0.01550	0.01969	0.00980	0.53913	0.01300	0.00994	0.01363	0.01075	0.01697	0.00921	0.00501	0.00504	0.00152	0.00658	0.12841	0.00239	0.00562
24	0.70030	0.01044	0.00744	0.01700	0.00946	0.15671	0.00540	0.01335	0.00823	0.01752	0.00641	0.02003	0.00520	0.00423	0.00295	0.00130	0.00414	0.00258	0.00260	0.00471
25	0.01933	0.00733	0.01000	0.00766	0.01100	0.00633	0.00633	0.02099	0.01233	0.82473	0.01699	0.01466	0.01066	0.00533	0.00433	0.00133	0.00367	0.00433	0.00533	0.00733
26	0.01071	0.00925	0.00974	0.00877	0.01120	0.01071	0.00682	0.02289	0.81396	0.01802	0.01753	0.01607	0.01315	0.00584	0.00438	0.00146	0.00341	0.00487	0.00438	0.00682
27	0.01876	0.00824	0.01056	0.00810	0.01145	0.00768	0.00669	0.17204	0.01385	0.67153	0.01572	0.01383	0.01002	0.00530	0.00433	0.00133	0.00387	0.00424	0.00514	0.00733
28	0.00849	0.00859	0.08729	0.00745	0.00983	0.00784	0.00637	0.04224	0.37358	0.01595	0.12443	0.02461	0.25070	0.00750	0.00465	0.00143	0.00321	0.00627	0.00406	0.00552
29	0.00711	0.00603	0.00641	0.00672	0.00750	0.09917	0.00485	0.00824	0.00903	0.03041	0.10652	0.44826	0.04393	0.01533	0.16622	0.00263	0.00485	0.01932	0.00358	0.00390
30	0.00859	0.02096	0.74756	0.01231	0.01837	0.00981	0.06158	0.01336	0.00919	0.01357	0.00918	0.01050	0.03719	0.00433	0.00419	0.00137	0.00626	0.00352	0.00192	0.00623
31	0.00662	0.00544	0.00594	0.00595	0.00734	0.00539	0.00447	0.01030	0.19921	0.01308	0.04252	0.17940	0.39873	0.03797	0.00561	0.00163	0.00271	0.05927	0.00405	0.00436
32	0.01004	0.42461	0.43620	0.00990	0.01496	0.01342	0.01177	0.01328	0.00893	0.01194	0.00688	0.00803	0.00549	0.00389	0.00345	0.00115	0.00551	0.00276	0.00183	0.00596
33	0.01071	0.00925	0.00974	0.00877	0.01120	0.01071	0.00682	0.02289	0.81396	0.01802	0.01753	0.01607	0.01315	0.00584	0.00438	0.00146	0.00341	0.00487	0.00438	0.00682
34	0.00957	0.05160	0.69853	0.01149	0.01741	0.00980	0.01439	0.01404	0.00932	0.07466	0.00836	0.00942	0.00589	0.00413	0.00402	0.00131	0.00596	0.00321	0.00212	0.04477
35	0.00854	0.00779	0.02212	0.09200	0.24735	0.01583	0.03211	0.01124	0.07235	0.02619	0.09957	0.19368	0.05556	0.00737	0.00566	0.00149	0.08644	0.00641	0.00308	0.00522
36	0.01178	0.80225	0.02216	0.00760	0.01129	0.01652	0.02380	0.01322	0.00892	0.04076	0.00646	0.00730	0.00574	0.00375	0.00287	0.00095	0.00463	0.00244	0.00198	0.00560
37	0.00896	0.00851	0.01433	0.55822	0.27195	0.00991	0.01225	0.01166	0.00890	0.01192	0.00772	0.01115	0.00607	0.00428	0.00466	0.00140	0.03687	0.00383	0.00198	0.00541
38	0.01152	0.85121	0.02257	0.00737	0.01106	0.01704	0.00737	0.01290	0.00875	0.01013	0.00599	0.00691	0.00553	0.00369	0.00276	0.00092	0.00461	0.00230	0.00184	0.00553
39	0.01912	0.00767	0.01021	0.00782	0.01116	0.00683	0.00646	0.07703	0.01289	0.76789	0.01652	0.01435	0.01043	0.00532	0.00433	0.00133	0.00374	0.00430	0.00526	0.00733
40	0.00994	0.01121	0.02425	0.04422	0.02212	0.01058	0.74920	0.01349	0.01020	0.01384	0.04020	0.01241	0.00784	0.00385	0.00506	0.00145	0.00701	0.00515	0.00227	0.00571
41	0.01908	0.00746	0.01004	0.00773	0.01104	0.00655	0.00637	0.03496	0.03038	0.79259	0.01689	0.01462	0.01066	0.00534	0.00433	0.00134	0.00368	0.00434	0.00529	0.00732
42	0.00515	0.00423	0.00454	0.00476	0.00593	0.00362	0.00346	0.00619	0.00953	0.01164	0.05922	0.22056	0.62341	0.01143	0.00518	0.00152	0.00225	0.00976	0.00402	0.00362
43	0.00671	0.00503	0.00637	0.00610	0.00625	0.00573	0.00415	0.00714	0.00644	0.00897	0.01202	0.02326	0.01325	0.56766	0.17705	0.00437	0.12833	0.00558	0.00245	0.00316
44	0.00930	0.02065	0.72285	0.01284	0.04965	0.00987	0.04698	0.01399	0.00932	0.05335	0.00824	0.00953	0.00581	0.00412	0.00415	0.00136	0.00622	0.00334	0.00202	0.00641
45	0.01079	0.01075	0.01673	0.11212	0.66384	0.07141	0.02539	0.01329	0.00986	0.01348	0.00796	0.01055	0.00661	0.00393	0.00425	0.00129	0.00542	0.00378	0.00212	0.00645
46	0.01673	0.00898	0.01132	0.11022	0.01407	0.00915	0.00768	0.29266	0.01459	0.43482	0.01363	0.01333	0.00913	0.00526	0.00435	0.00134	0.00430	0.01696	0.00454	0.00696
47	0.00733	0.00712	0.01359	0.01101	0.01309	0.00664	0.34260	0.00934	0.00923	0.01233	0.03208	0.42489	0.07365	0.00907	0.00529	0.00160	0.00448	0.00893	0.00324	0.00449
48	0.01001	0.03102	0.24489	0.05114	0.48172	0.01007	0.04465	0.01323	0.00960	0.02857	0.00904	0.01108	0.02741	0.00413	0.00424	0.00131	0.00546	0.00381	0.00214	0.00648
49	0.00530	0.00437	0.00466	0.00459	0.00595	0.00373	0.00344	0.00659	0.01032	0.01282	0.20664	0.03951	0.65625	0.01047	0.00509	0.00143	0.00215	0.00882	0.00416	0.00373
50	0.01609	0.02053	0.01221	0.01110	0.01332	0.83132	0.00832	0.01720	0.01221	0.01054	0.00666	0.00777	0.00555	0.00444	0.00388	0.00111	0.00777	0.00277	0.00222	0.00499
51	0.01025	0.02879	0.36997	0.04913	0.37039	0.02913	0.01381	0.01379	0.00961	0.05307	0.00829	0.01008	0.00632	0.00405	0.00416	0.00132	0.00567	0.00353	0.00214	0.00651

[dist]
# distance from previous block
# <min> <max>
0	1

[block]
# block no. 4 follows, 61 sequences, length 72
# corresponding to MSA columns:
# 553-616,619-626
name=unknown_E
#
# <colnr> <probs for GDERKNQSTAVLIFYWHMCP>
#	G	D	E	R	K	N	Q	S	T	A	V	L	I	F	Y	W	H	M	C	P
0	0.00899	0.08435	0.75188	0.01189	0.01798	0.02487	0.01514	0.01365	0.00912	0.01332	0.00758	0.00891	0.00546	0.00407	0.00399	0.00133	0.00626	0.00311	0.00183	0.00628
1	0.00534	0.00381	0.00510	0.00610	0.00639	0.00358	0.00416	0.00616	0.00834	0.01110	0.02369	0.80252	0.02829	0.01341	0.00552	0.00176	0.00258	0.05462	0.00400	0.00352
2	0.00936	0.01726	0.48834	0.03352	0.25799	0.01022	0.07028	0.01337	0.00930	0.01363	0.00785	0.00980	0.00595	0.00409	0.00452	0.00136	0.03128	0.00354	0.00194	0.00638
3	0.87904	0.00833	0.00633	0.00566	0.00833	0.00966	0.00467	0.01266	0.00733	0.01933	0.00600	0.00700	0.00467	0.00400	0.00267	0.00133	0.00333	0.00233	0.00267	0.00467
4	0.01058	0.01047	0.01880	0.02506	0.68884	0.01034	0.14507	0.01332	0.00987	0.01403	0.00820	0.01082	0.00678	0.00380	0.00440	0.00131	0.00547	0.00405	0.00214	0.00665
5	0.01315	0.01536	0.43663	0.01013	0.01503	0.00858	0.01138	0.05942	0.01100	0.32729	0.02491	0.01169	0.00817	0.00469	0.00419	0.00133	0.00510	0.00373	0.00337	0.02485
6	0.01152	0.85121	0.02257	0.00737	0.01106	0.01704	0.00737	0.01290	0.00875	0.01013	0.00599	0.00691	0.00553	0.00369	0.00276	0.00092	0.00461	0.00230	0.00184	0.00553
7	0.01152	0.85121	0.02257	0.00737	0.01106	0.01704	0.00737	0.01290	0.00875	0.01013	0.00599	0.00691	0.00553	0.00369	0.00276	0.00092	0.00461	0.00230	0.00184	0.00553
8	0.01072	0.01021	0.01726	0.04693	0.78320	0.01029	0.01307	0.03102	0.01001	0.01429	0.00814	0.01068	0.00681	0.00388	0.00427	0.00128	0.00512	0.00384	0.00218	0.00678
9	0.00562	0.00436	0.00511	0.00497	0.00615	0.00385	0.00371	0.00718	0.01099	0.01453	0.44501	0.06668	0.38651	0.00992	0.00510	0.00141	0.00212	0.00853	0.00438	0.00385
10	0.00615	0.00462	0.00692	0.00692	0.00769	0.00538	0.00538	0.00769	0.00692	0.01000	0.01154	0.01692	0.01077	0.03231	0.83154	0.00692	0.01154	0.00462	0.00231	0.00385
11	0.00813	0.00766	0.01292	0.83826	0.02967	0.00957	0.01196	0.01101	0.00861	0.01101	0.00766	0.01148	0.00574	0.00431	0.00431	0.00144	0.00574	0.00383	0.00191	0.00479
12	0.87904	0.00833	0.00633	0.00566	0.00833	0.00966	0.00467	0.01266	0.00733	0.01933	0.00600	0.00700	0.00467	0.00400	0.00267	0.00133	0.00333	0.00233	0.00267	0.00467
13	0.00550	0.00413	0.00516	0.00587	0.00658	0.00379	0.00429	0.00657	0.00902	0.01161	0.04488	0.48222	0.24029	0.01244	0.00546	0.00170	0.00265	0.14021	0.00401	0.00362
14	0.01657	0.01859	0.01188	0.01059	0.01298	0.70999	0.00803	0.01776	0.01222	0.13029	0.00818	0.00878	0.00630	0.00457	0.00395	0.00114	0.00716	0.00300	0.00268	0.00534
15	0.01609	0.02053	0.01221	0.01110	0.01332	0.83132	0.00832	0.01720	0.01221	0.01054	0.00666	0.00777	0.00555	0.00444	0.00388	0.00111	0.00777	0.00277	0.00222	0.00499
16	0.00615	0.00462	0.00692	0.00692	0.00769	0.00538	0.00538	0.00769	0.00692	0.01000	0.01154	0.01692	0.01077	0.03231	0.83154	0.00692	0.01154	0.00462	0.00231	0.00385
17	0.01512	0.00812	0.01089	0.00875	0.01168	0.00802	0.06565	0.02014	0.25818	0.46024	0.03793	0.03511	0.01225	0.00569	0.00464	0.00140	0.01984	0.00482	0.00469	0.00683
18	0.01019	0.01147	0.02455	0.01861	0.08130	0.01090	0.72933	0.01368	0.01006	0.01374	0.00860	0.01150	0.00654	0.00374	0.00523	0.00145	0.02614	0.00496	0.00217	0.00586
19	0.00618	0.00450	0.00634	0.00634	0.00691	0.00507	0.00466	0.00732	0.00675	0.00957	0.01207	0.01988	0.01205	0.24677	0.61884	0.00620	0.00960	0.00505	0.00239	0.00352
20	0.00618	0.00453	0.00649	0.00649	0.00711	0.00515	0.00484	0.00741	0.00679	0.00968	0.01194	0.01912	0.01173	0.19189	0.67327	0.00639	0.01010	0.00494	0.00237	0.00360
21	0.01006	0.01382	0.25826	0.02222	0.58267	0.01017	0.01402	0.01335	0.00960	0.01394	0.00799	0.01019	0.00642	0.00391	0.00421	0.00130	0.00549	0.00364	0.00204	0.00669
22	0.01041	0.00987	0.01627	0.02358	0.70613	0.00959	0.01206	0.01288	0.00968	0.01407	0.00804	0.01041	0.00676	0.00375	0.00411	0.00119	0.00484	0.00365	0.00219	0.13050
23	0.00982	0.01005	0.04691	0.25790	0.50166	0.01009	0.07566	0.01265	0.00947	0.01316	0.00801	0.01091	0.00644	0.00397	0.00433	0.00134	0.00551	0.00391	0.00206	0.00614
24	0.04381	0.81983	0.02197	0.00731	0.01095	0.01677	0.00727	0.01289	0.00870	0.01048	0.00599	0.00691	0.00550	0.00370	0.00276	0.00094	0.00456	0.00230	0.00187	0.00550
25	0.01093	0.00938	0.01003	0.00918	0.02817	0.01081	0.00700	0.05330	0.76624	0.01829	0.01706	0.01574	0.01279	0.00578	0.00438	0.00145	0.00350	0.00481	0.00433	0.00684
26	0.01882	0.00722	0.00984	0.00758	0.01082	0.00625	0.00625	0.02050	0.01232	0.79409	0.04744	0.01533	0.01180	0.00546	0.00436	0.00133	0.00360	0.00446	0.00531	0.00721
27	0.01546	0.00860	0.01496	0.01115	0.01467	0.00774	0.27653	0.01777	0.01140	0.50446	0.01456	0.04483	0.01021	0.00519	0.00466	0.00140	0.00484	0.02076	0.00419	0.00661
28	0.87904	0.00833	0.00633	0.00566	0.00833	0.00966	0.00467	0.01266	0.00733	0.01933	0.00600	0.00700	0.00467	0.00400	0.00267	0.00133	0.00333	0.00233	0.00267	0.00467
29	0.01609	0.02053	0.01221	0.01110	0.01332	0.83132	0.00832	0.01720	0.01221	0.01054	0.00666	0.00777	0.00555	0.00444	0.00388	0.00111	0.00777	0.00277	0.00222	0.00499
30	0.01933	0.00733	0.01000	0.00766	0.01100	0.00633	0.00633	0.02099	0.01233	0.82473	0.01699	0.01466	0.01066	0.00533	0.00433	0.00133	0.00367	0.00433	0.00533	0.00733
31	0.06365	0.01115	0.01213	0.00934	0.01273	0.01211	0.00772	0.64644	0.01836	0.14620	0.01110	0.01081	0.00768	0.00513	0.00422	0.00130	0.00450	0.00386	0.00437	0.00718
32	0.01637	0.01207	0.01293	0.00991	0.01336	0.01336	0.00819	0.80738	0.02025	0.02715	0.01034	0.01034	0.00733	0.00517	0.00431	0.00129	0.00474	0.00388	0.00431	0.00733
33	0.87904	0.00833	0.00633	0.00566	0.00833	0.00966	0.00467	0.01266	0.00733	0.01933	0.00600	0.00700	0.00467	0.00400	0.00267	0.00133	0.00333	0.00233	0.00267	0.00467
34	0.00674	0.00498	0.00651	0.00734	0.00817	0.02118	0.00605	0.00838	0.00959	0.01249	0.06538	0.18631	0.02540	0.05888	0.00668	0.00201	0.00369	0.55247	0.00390	0.00383
35	0.00664	0.00528	0.00611	0.00573	0.00681	0.04898	0.00430	0.00862	0.01219	0.01691	0.77535	0.03085	0.03874	0.00857	0.00502	0.00134	0.00234	0.00752	0.00460	0.00411
36	0.00858	0.00790	0.01292	0.79329	0.02878	0.00978	0.01176	0.05424	0.00925	0.01188	0.00780	0.01142	0.00583	0.00435	0.00431	0.00143	0.00569	0.00383	0.00204	0.00492
37	0.01054	0.00987	0.01642	0.06457	0.70247	0.01001	0.01244	0.04818	0.01034	0.01468	0.05223	0.01186	0.00863	0.00419	0.00431	0.00129	0.00496	0.00405	0.00236	0.00660
38	0.87904	0.00833	0.00633	0.00566	0.00833	0.00966	0.00467	0.01266	0.00733	0.01933	0.00600	0.00700	0.00467	0.00400	0.00267	0.00133	0.00333	0.00233	0.00267	0.00467
39	0.00893	0.00766	0.00893	0.00638	0.01021	0.00574	0.00510	0.01085	0.00893	0.01404	0.00766	0.00893	0.00638	0.00319	0.00319	0.00064	0.00319	0.00255	0.00255	0.87495
40	0.00534	0.00444	0.00471	0.00483	0.00622	0.00381	0.00375	0.00657	0.00988	0.01192	0.05878	0.04213	0.70371	0.01098	0.00520	0.00152	0.00240	0.10611	0.00401	0.00369
41	0.00813	0.00766	0.01292	0.83826	0.02967	0.00957	0.01196	0.01101	0.00861	0.01101	0.00766	0.01148	0.00574	0.00431	0.00431	0.00144	0.00574	0.00383	0.00191	0.00479
42	0.01933	0.00733	0.01000	0.00766	0.01100	0.00633	0.00633	0.02099	0.01233	0.82473	0.01699	0.01466	0.01066	0.00533	0.00433	0.00133	0.00367	0.00433	0.00533	0.00733
43	0.00893	0.00766	0.00893	0.00638	0.01021	0.00574	0.00510	0.01085	0.00893	0.01404	0.00766	0.00893	0.00638	0.00319	0.00319	0.00064	0.00319	0.00255	0.00255	0.87495
44	0.01789	0.00859	0.02614	0.00823	0.01156	0.00798	0.00687	0.15569	0.08149	0.60428	0.01572	0.01393	0.01020	0.00532	0.00433	0.00134	0.00388	0.00428	0.00501	0.00727
45	0.01448	0.01785	0.01245	0.01115	0.01283	0.63367	0.00859	0.01555	0.01085	0.01050	0.00642	0.00817	0.00557	0.00519	0.00636	0.00130	0.20900	0.00301	0.00214	0.00493
46	0.00525	0.00383	0.00494	0.00581	0.00620	0.00353	0.00392	0.00606	0.00850	0.01120	0.04235	0.74101	0.11533	0.01312	0.00544	0.00171	0.00245	0.01181	0.00401	0.00353
47	0.00813	0.00766	0.01292	0.83826	0.02967	0.00957	0.01196	0.01101	0.00861	0.01101	0.00766	0.01148	0.00574	0.00431	0.00431	0.00144	0.00574	0.00383	0.00191	0.00479
48	0.01870	0.00834	0.01062	0.00814	0.01150	0.00782	0.00673	0.18789	0.01401	0.65546	0.01558	0.01374	0.00995	0.00530	0.00433	0.00132	0.00389	0.00424	0.00511	0.00733
49	0.01086	0.00933	0.00982	0.00880	0.01126	0.01078	0.00685	0.04305	0.79356	0.01825	0.01735	0.01592	0.01300	0.00583	0.00438	0.00146	0.00344	0.00484	0.00438	0.00683
50	0.00610	0.00440	0.00576	0.00542	0.00644	0.00406	0.00406	0.00813	0.01219	0.01727	0.81947	0.03218	0.04064	0.00881	0.00508	0.00135	0.00203	0.00779	0.00474	0.00406
51	0.00813	0.00766	0.01292	0.83826	0.02967	0.00957	0.01196	0.01101	0.00861	0.01101	0.00766	0.01148	0.00574	0.00431	0.00431	0.00144	0.00574	0.00383	0.00191	0.00479
52	0.00748	0.00374	0.00561	0.00561	0.00561	0.00374	0.00374	0.00561	0.00561	0.00748	0.00748	0.01309	0.00748	0.01496	0.01684	0.87467	0.00374	0.00374	0.00187	0.00187
53	0.01152	0.85121	0.02257	0.00737	0.01106	0.01704	0.00737	0.01290	0.00875	0.01013	0.00599	0.00691	0.00553	0.00369	0.00276	0.00092	0.00461	0.00230	0.00184	0.00553
54	0.00615	0.00462	0.00692	0.00692	0.00769	0.00538	0.00538	0.00769	0.00692	0.01000	0.01154	0.01692	0.01077	0.03231	0.83154	0.00692	0.01154	0.00462	0.00231	0.00385
55	0.01017	0.01162	0.02542	0.01816	0.02251	0.01089	0.80610	0.01380	0.01017	0.01380	0.00871	0.01162	0.00654	0.00363	0.00508	0.00145	0.00726	0.00508	0.00218	0.00581
56	0.00896	0.00774	0.00928	0.00663	0.01047	0.00585	0.02204	0.01091	0.00896	0.01403	0.00768	0.00899	0.00638	0.00320	0.00323	0.00066	0.00328	0.00261	0.00254	0.85657
57	0.01152	0.85121	0.02257	0.00737	0.01106	0.01704	0.00737	0.01290	0.00875	0.01013	0.00599	0.00691	0.00553	0.00369	0.00276	0.00092	0.00461	0.00230	0.00184	0.00553
58	0.00509	0.00435	0.00438	0.00440	0.00583	0.00363	0.00329	0.00618	0.00978	0.01162	0.04316	0.06069	0.80107	0.01097	0.00510	0.00146	0.00219	0.00917	0.00400	0.00363
59	0.00803	0.00401	0.00401	0.00401	0.00502	0.00401	0.00301	0.01004	0.00903	0.01606	0.01405	0.01606	0.01104	0.00502	0.00301	0.00100	0.00201	0.00401	0.87253	0.00401
60	0.01066	0.01023	0.01748	0.02644	0.82174	0.01023	0.01322	0.01322	0.00981	0.01407	0.00810	0.01066	0.00682	0.00384	0.00426	0.00128	0.00512	0.00384	0.00213	0.00682
61	0.01152	0.85121	0.02257	0.00737	0.01106	0.01704	0.00737	0.01290	0.00875	0.01013	0.00599	0.00691	0.00553	0.00369	0.00276	0.00092	0.00461	0.00230	0.00184	0.00553
62	0.00616	0.00459	0.00680	0.00680	0.00753	0.00532	0.00523	0.00761	0.00689	0.00991	0.01165	0.01754	0.01103	0.07672	0.78749	0.00677	0.01114	0.00470	0.00232	0.00378
63	0.01066	0.01023	0.01748	0.02644	0.82174	0.01023	0.01322	0.01322	0.00981	0.01407	0.00810	0.01066	0.00682	0.00384	0.00426	0.00128	0.00512	0.00384	0.00213	0.00682
64	0.00864	0.02228	0.82630	0.01228	0.01864	0.01000	0.01592	0.01364	0.00909	0.01364	0.00773	0.00909	0.00546	0.00409	0.00409	0.00136	0.00637	0.00318	0.00182	0.00637
65	0.01071	0.00925	0.00974	0.00877	0.01120	0.01071	0.00682	0.02289	0.81396	0.01802	0.01753	0.01607	0.01315	0.00584	0.00438	0.00146	0.00341	0.00487	0.00438	0.00682
66	0.87904	0.00833	0.00633	0.00566	0.00833	0.00966	0.00467	0.01266	0.00733	0.01933	0.00600	0.00700	0.00467	0.00400	0.00267	0.00133	0.00333	0.00233	0.00267	0.00467
67	0.00624	0.00427	0.00515	0.00515	0.00531	0.00442	0.00318	0.00656	0.00640	0.00869	0.01316	0.02589	0.01466	0.68214	0.18703	0.00474	0.00568	0.00593	0.00255	0.00286
68	0.00803	0.00401	0.00401	0.00401	0.00502	0.00401	0.00301	0.01004	0.00903	0.01606	0.01405	0.01606	0.01104	0.00502	0.00301	0.00100	0.00201	0.00401	0.87253	0.00401
69	0.87904	0.00833	0.00633	0.00566	0.00833	0.00966	0.00467	0.01266	0.00733	0.01933	0.00600	0.00700	0.00467	0.00400	0.00267	0.00133	0.00333	0.00233	0.00267	0.00467
70	0.00626	0.00418	0.00470	0.00470	0.00470	0.00418	0.00261	0.00626	0.00626	0.00835	0.01357	0.02819	0.01566	0.84862	0.02192	0.00418	0.00418	0.00626	0.00261	0.00261
71	0.87904	0.00833	0.00633	0.00566	0.00833	0.00966	0.00467	0.01266	0.00733	0.01933	0.00600	0.00700	0.00467	0.00400	0.00267	0.00133	0.00333	0.00233	0.00267	0.00467

[dist]
# distance from previous block
# <min> <max>
0	5

[block]
# block no. 5 follows, 61 sequences, length 22
# corresponding to MSA columns:
# 632-640,642-654
name=unknown_F
#
# <colnr> <probs for GDERKNQSTAVLIFYWHMCP>
#	G	D	E	R	K	N	Q	S	T	A	V	L	I	F	Y	W	H	M	C	P
0	0.01152	0.85121	0.02257	0.00737	0.01106	0.01704	0.00737	0.01290	0.00875	0.01013	0.00599	0.00691	0.00553	0.00369	0.00276	0.00092	0.00461	0.00230	0.00184	0.00553
1	0.01637	0.01207	0.01293	0.00991	0.01336	0.01336	0.00819	0.80738	0.02025	0.02715	0.01034	0.01034	0.00733	0.00517	0.00431	0.00129	0.00474	0.00388	0.00431	0.00733
2	0.00803	0.00401	0.00401	0.00401	0.00502	0.00401	0.00301	0.01004	0.00903	0.01606	0.01405	0.01606	0.01104	0.00502	0.00301	0.00100	0.00201	0.00401	0.87253	0.00401
3	0.01066	0.01023	0.01748	0.02644	0.82174	0.01023	0.01322	0.01322	0.00981	0.01407	0.00810	0.01066	0.00682	0.00384	0.00426	0.00128	0.00512	0.00384	0.00213	0.00682
4	0.00626	0.00419	0.00478	0.00478	0.00481	0.00422	0.00272	0.00632	0.00629	0.00842	0.01349	0.02776	0.01547	0.81732	0.05297	0.00428	0.00446	0.00620	0.00260	0.00266
5	0.00525	0.00375	0.00500	0.00600	0.00625	0.00350	0.00400	0.00600	0.00825	0.01100	0.02374	0.84580	0.02849	0.01350	0.00550	0.00175	0.00250	0.01225	0.00400	0.00350
6	0.00942	0.00942	0.01319	0.01131	0.01131	0.01319	0.00942	0.01037	0.00660	0.01037	0.00565	0.00942	0.00565	0.00754	0.01414	0.00188	0.84073	0.00377	0.00188	0.00471
7	0.01152	0.85121	0.02257	0.00737	0.01106	0.01704	0.00737	0.01290	0.00875	0.01013	0.00599	0.00691	0.00553	0.00369	0.00276	0.00092	0.00461	0.00230	0.00184	0.00553
8	0.00813	0.00766	0.01292	0.83826	0.02967	0.00957	0.01196	0.01101	0.00861	0.01101	0.00766	0.01148	0.00574	0.00431	0.00431	0.00144	0.00574	0.00383	0.00191	0.00479
9	0.01583	0.01179	0.01262	0.00980	0.01315	0.01310	0.00805	0.73134	0.09718	0.02626	0.01104	0.01090	0.00789	0.00524	0.00432	0.00131	0.00461	0.00397	0.00432	0.00728
10	0.01152	0.85121	0.02257	0.00737	0.01106	0.01704	0.00737	0.01290	0.00875	0.01013	0.00599	0.00691	0.00553	0.00369	0.00276	0.00092	0.00461	0.00230	0.00184	0.00553
11	0.00616	0.00460	0.00684	0.00684	0.00758	0.00534	0.00528	0.00764	0.00690	0.00994	0.01161	0.01735	0.01095	0.06293	0.80117	0.00682	0.01126	0.00468	0.00232	0.00380
12	0.01066	0.01023	0.01748	0.02644	0.82174	0.01023	0.01322	0.01322	0.00981	0.01407	0.00810	0.01066	0.00682	0.00384	0.00426	0.00128	0.00512	0.00384	0.00213	0.00682
13	0.00927	0.00678	0.00915	0.00824	0.00887	0.00815	0.00640	0.02672	0.00800	0.12153	0.01301	0.20152	0.01345	0.15005	0.05770	0.00243	0.33505	0.00621	0.00302	0.00445
14	0.87904	0.00833	0.00633	0.00566	0.00833	0.00966	0.00467	0.01266	0.00733	0.01933	0.00600	0.00700	0.00467	0.00400	0.00267	0.00133	0.00333	0.00233	0.00267	0.00467
15	0.00813	0.00422	0.00608	0.00606	0.00612	0.00414	0.00403	0.00611	0.00605	0.00813	0.00812	0.01392	0.00807	0.01528	0.01698	0.86635	0.00396	0.00395	0.00209	0.00223
16	0.01079	0.01203	0.02570	0.01848	0.02286	0.01122	0.79864	0.01422	0.01056	0.01438	0.00934	0.01246	0.00713	0.00405	0.00534	0.00157	0.00745	0.00528	0.00240	0.00613
17	0.00598	0.00431	0.00554	0.00647	0.00685	0.00397	0.00440	0.00663	0.00879	0.01172	0.02489	0.77362	0.05732	0.01366	0.00576	0.00186	0.00278	0.04739	0.00420	0.00387
18	0.00927	0.02258	0.81884	0.01266	0.01902	0.01034	0.01609	0.01406	0.00950	0.01423	0.00836	0.00996	0.00606	0.00451	0.00436	0.00148	0.00656	0.00339	0.00204	0.00668
19	0.00951	0.00826	0.01405	0.41216	0.03781	0.00893	0.16017	0.01228	0.03875	0.05876	0.01259	0.10405	0.01136	0.00643	0.00502	0.00163	0.00549	0.08449	0.00290	0.00535
20	0.03410	0.16517	0.65728	0.01163	0.01743	0.01154	0.01430	0.01391	0.00939	0.01378	0.00801	0.00953	0.00605	0.00444	0.00409	0.00140	0.00617	0.00322	0.00207	0.00649
21	0.04719	0.00950	0.10636	0.00902	0.01147	0.00840	0.00795	0.05995	0.03901	0.29285	0.01298	0.01613	0.01023	0.00862	0.03791	0.11220	0.13309	0.06751	0.00372	0.00591

[dist]
# distance from previous block
# <min> <max>
2	14

[block]
# block no. 6 follows, 61 sequences, length 8
# corresponding to MSA columns:
# 669-676
name=unknown_G
#
# <colnr> <probs for GDERKNQSTAVLIFYWHMCP>
#	G	D	E	R	K	N	Q	S	T	A	V	L	I	F	Y	W	H	M	C	P
0	0.15424	0.16188	0.23553	0.01168	0.07965	0.10852	0.01045	0.10075	0.03327	0.04665	0.00935	0.01081	0.00741	0.00517	0.00426	0.00149	0.00570	0.00353	0.00299	0.00667
1	0.11573	0.56129	0.05200	0.04595	0.01221	0.08105	0.00774	0.05956	0.00954	0.01245	0.00645	0.00749	0.00554	0.00392	0.00306	0.00105	0.00484	0.00254	0.00212	0.00549
2	0.01145	0.56236	0.07118	0.00798	0.01169	0.04187	0.00772	0.06243	0.07462	0.01246	0.00750	0.00824	0.00634	0.00395	0.00316	0.00099	0.00459	0.00271	0.00228	0.09649
3	0.07252	0.06331	0.09642	0.01403	0.22371	0.03959	0.02732	0.19548	0.06459	0.04438	0.01007	0.01121	0.03237	0.00493	0.00499	0.00134	0.08070	0.00381	0.00291	0.00630
4	0.01124	0.17102	0.01845	0.11022	0.33665	0.12865	0.13772	0.01357	0.00987	0.01244	0.00754	0.00978	0.00623	0.00391	0.00406	0.00123	0.00581	0.00359	0.00207	0.00593
5	0.00615	0.00462	0.00692	0.00692	0.00769	0.00538	0.00538	0.00769	0.00692	0.01000	0.01154	0.01692	0.01077	0.03231	0.83154	0.00692	0.01154	0.00462	0.00231	0.00385
6	0.00864	0.02228	0.82630	0.01228	0.01864	0.01000	0.01592	0.01364	0.00909	0.01364	0.00773	0.00909	0.00546	0.00409	0.00409	0.00136	0.00637	0.00318	0.00182	0.00637
7	0.00529	0.00437	0.00464	0.00457	0.00594	0.00372	0.00343	0.00656	0.01028	0.01274	0.19520	0.03964	0.66775	0.01050	0.00509	0.00144	0.00215	0.00884	0.00414	0.00372

[dist]
# distance from previous block
# <min> <max>
4	7

[block]
# block no. 7 follows, 61 sequences, length 46
# corresponding to MSA columns:
# 684-704,709-724,729-737
name=unknown_H
#
# <colnr> <probs for GDERKNQSTAVLIFYWHMCP>
#	G	D	E	R	K	N	Q	S	T	A	V	L	I	F	Y	W	H	M	C	P
0	0.01109	0.21429	0.18272	0.01019	0.03176	0.08627	0.02060	0.09254	0.12376	0.01397	0.00915	0.01091	0.00750	0.00596	0.03482	0.00151	0.10101	0.02264	0.00257	0.01678
1	0.00535	0.00380	0.00501	0.00589	0.00615	0.00357	0.00391	0.00610	0.00826	0.01106	0.05330	0.76012	0.02809	0.06925	0.00658	0.00190	0.00259	0.01168	0.00393	0.00346
2	0.00893	0.00766	0.00893	0.00638	0.01021	0.00574	0.00510	0.01085	0.00893	0.01404	0.00766	0.00893	0.00638	0.00319	0.00319	0.00064	0.00319	0.00255	0.00255	0.87495
3	0.00623	0.00418	0.00479	0.00482	0.00486	0.00420	0.00275	0.00631	0.00635	0.00850	0.01384	0.05541	0.01592	0.79157	0.04997	0.00419	0.00438	0.00641	0.00265	0.00268
4	0.01057	0.01010	0.01705	0.05725	0.76372	0.01023	0.01296	0.01346	0.03693	0.01409	0.00840	0.01088	0.00700	0.00392	0.00427	0.00129	0.00508	0.00387	0.00220	0.00674
5	0.00803	0.00401	0.00401	0.00401	0.00502	0.00401	0.00301	0.01004	0.00903	0.01606	0.01405	0.01606	0.01104	0.00502	0.00301	0.00100	0.00201	0.00401	0.87253	0.00401
6	0.00662	0.00475	0.00569	0.00555	0.00602	0.00497	0.00372	0.02136	0.03489	0.01078	0.09785	0.06848	0.06587	0.46848	0.11188	0.00358	0.03780	0.00644	0.03189	0.00337
7	0.00514	0.00435	0.00445	0.00447	0.00586	0.00365	0.00333	0.00627	0.00988	0.01188	0.07879	0.06773	0.75774	0.01090	0.00510	0.00146	0.00219	0.00914	0.00403	0.00365
8	0.00803	0.00401	0.00401	0.00401	0.00502	0.00401	0.00301	0.01004	0.00903	0.01606	0.01405	0.01606	0.01104	0.00502	0.00301	0.00100	0.00201	0.00401	0.87253	0.00401
9	0.00813	0.00766	0.01292	0.83826	0.02967	0.00957	0.01196	0.01101	0.00861	0.01101	0.00766	0.01148	0.00574	0.00431	0.00431	0.00144	0.00574	0.00383	0.00191	0.00479
10	0.17919	0.05962	0.13109	0.02641	0.12402	0.29511	0.07266	0.02471	0.01019	0.02917	0.00727	0.00869	0.00574	0.00414	0.00379	0.00124	0.00600	0.00311	0.00229	0.00554
11	0.03940	0.01148	0.01260	0.02996	0.04195	0.01272	0.00822	0.66253	0.08068	0.04063	0.01076	0.01082	0.00771	0.00513	0.00427	0.00131	0.00461	0.00392	0.00416	0.00713
12	0.00626	0.00419	0.00478	0.00478	0.00481	0.00422	0.00271	0.00632	0.00629	0.00841	0.01350	0.02778	0.01548	0.81922	0.05108	0.00428	0.00444	0.00620	0.00260	0.00265
13	0.00819	0.00734	0.04253	0.00895	0.09168	0.00714	0.00640	0.01375	0.27628	0.01704	0.43830	0.02371	0.02666	0.00713	0.00473	0.00138	0.00298	0.00623	0.00424	0.00535
14	0.01282	0.52249	0.06347	0.00917	0.02580	0.28012	0.00825	0.01434	0.00991	0.01053	0.00634	0.00737	0.00555	0.00395	0.00322	0.00101	0.00574	0.00253	0.00197	0.00542
15	0.00893	0.00766	0.00893	0.00638	0.01021	0.00574	0.00510	0.01085	0.00893	0.01404	0.00766	0.00893	0.00638	0.00319	0.00319	0.00064	0.00319	0.00255	0.00255	0.87495
16	0.00571	0.00439	0.00522	0.00501	0.00620	0.00390	0.00376	0.00737	0.01127	0.01508	0.51792	0.03578	0.34357	0.00962	0.00508	0.00139	0.00209	0.00830	0.00445	0.00390
17	0.00595	0.00443	0.00556	0.00537	0.00647	0.00404	0.00409	0.00779	0.01157	0.01587	0.61307	0.03509	0.19504	0.00943	0.00514	0.00142	0.00219	0.05897	0.00454	0.00397
18	0.01112	0.00945	0.00997	0.00885	0.01135	0.01090	0.00692	0.07853	0.75767	0.01867	0.01702	0.01566	0.01274	0.00580	0.00438	0.00145	0.00350	0.00480	0.00438	0.00685
19	0.01044	0.01001	0.01709	0.09721	0.75269	0.01018	0.01311	0.01303	0.00970	0.01381	0.00806	0.01073	0.00673	0.00388	0.00427	0.00129	0.00517	0.00384	0.00211	0.00665
20	0.00803	0.00401	0.00401	0.00401	0.00502	0.00401	0.00301	0.01004	0.00903	0.01606	0.01405	0.01606	0.01104	0.00502	0.00301	0.00100	0.00201	0.00401	0.87253	0.00401
21	0.01075	0.01097	0.03592	0.06641	0.68996	0.05338	0.04309	0.01335	0.00987	0.01371	0.00802	0.01055	0.00666	0.00389	0.00427	0.00129	0.00540	0.00381	0.00212	0.00657
22	0.00942	0.00942	0.01319	0.01131	0.01131	0.01319	0.00942	0.01037	0.00660	0.01037	0.00565	0.00942	0.00565	0.00754	0.01414	0.00188	0.84073	0.00377	0.00188	0.00471
23	0.00615	0.00462	0.00692	0.00692	0.00769	0.00538	0.00538	0.00769	0.00692	0.01000	0.01154	0.01692	0.01077	0.03231	0.83154	0.00692	0.01154	0.00462	0.00231	0.00385
24	0.00626	0.00418	0.00470	0.00470	0.00470	0.00418	0.00261	0.00626	0.00626	0.00835	0.01357	0.02819	0.01566	0.84862	0.02192	0.00418	0.00418	0.00626	0.00261	0.00261
25	0.00803	0.00401	0.00401	0.00401	0.00502	0.00401	0.00301	0.01004	0.00903	0.01606	0.01405	0.01606	0.01104	0.00502	0.00301	0.00100	0.00201	0.00401	0.87253	0.00401
26	0.00882	0.02115	0.75218	0.01219	0.01824	0.01007	0.03456	0.01426	0.06293	0.01394	0.00841	0.00962	0.00600	0.00420	0.00414	0.00137	0.00619	0.00334	0.00200	0.00638
27	0.02705	0.01071	0.04385	0.05524	0.73439	0.02649	0.01300	0.01322	0.00974	0.01397	0.00801	0.01051	0.00667	0.00388	0.00422	0.00129	0.00520	0.00377	0.00213	0.00666
28	0.00803	0.00401	0.00401	0.00401	0.00502	0.00401	0.00301	0.01004	0.00903	0.01606	0.01405	0.01606	0.01104	0.00502	0.00301	0.00100	0.00201	0.00401	0.87253	0.00401
29	0.01933	0.00733	0.01000	0.00766	0.01100	0.00633	0.00633	0.02099	0.01233	0.82473	0.01699	0.01466	0.01066	0.00533	0.00433	0.00133	0.00367	0.00433	0.00533	0.00733
30	0.00528	0.00377	0.00503	0.00598	0.00625	0.00352	0.00400	0.00607	0.00839	0.01122	0.05185	0.81707	0.02892	0.01333	0.00548	0.00174	0.00248	0.01209	0.00402	0.00352
31	0.02637	0.08248	0.45142	0.01175	0.05871	0.03630	0.04716	0.05296	0.02287	0.14357	0.02096	0.01043	0.00712	0.00438	0.00408	0.00131	0.00558	0.00351	0.00264	0.00640
32	0.01064	0.01193	0.01795	0.20369	0.02047	0.16010	0.33566	0.01316	0.00954	0.01195	0.00755	0.01049	0.00602	0.00464	0.00632	0.00146	0.15699	0.00414	0.00207	0.00523
33	0.00618	0.00452	0.00643	0.00643	0.00702	0.00512	0.00477	0.00737	0.00678	0.00963	0.01199	0.01943	0.01186	0.21417	0.65117	0.00631	0.00990	0.00498	0.00237	0.00357
34	0.01048	0.01003	0.01702	0.08381	0.75073	0.01020	0.01301	0.01324	0.02434	0.01393	0.00824	0.01082	0.00686	0.00391	0.00427	0.00129	0.00513	0.00386	0.00216	0.00668
35	0.01066	0.01023	0.01748	0.02644	0.82174	0.01023	0.01322	0.01322	0.00981	0.01407	0.00810	0.01066	0.00682	0.00384	0.00426	0.00128	0.00512	0.00384	0.00213	0.00682
36	0.01479	0.01154	0.01202	0.00963	0.01276	0.03727	0.00781	0.56468	0.24147	0.02410	0.01224	0.01186	0.00890	0.00534	0.00432	0.00133	0.00446	0.00412	0.00427	0.00711
37	0.01150	0.00955	0.01180	0.03467	0.01310	0.01041	0.09075	0.12269	0.49802	0.05323	0.01479	0.01480	0.01114	0.00539	0.00439	0.00139	0.00406	0.01961	0.00398	0.06473
38	0.00839	0.00792	0.01339	0.75475	0.11115	0.00964	0.01209	0.01123	0.00874	0.01132	0.00770	0.01140	0.00585	0.00426	0.00430	0.00142	0.00568	0.00383	0.00194	0.00499
