[name]
unknown

[dist]
# distance from previous block
# <min> <max>
0	23

[block]
# block no. 0 follows, 64 sequences, length 22
# corresponding to MSA columns:
# 23-44
name=unknown_A
#
# <colnr> <probs for GDERKNQSTAVLIFYWHMCP>
#	G	D	E	R	K	N	Q	S	T	A	V	L	I	F	Y	W	H	M	C	P
0	0.00669	0.00478	0.00669	0.00765	0.00861	0.00478	0.00669	0.00861	0.00956	0.01243	0.02199	0.04685	0.02391	0.01147	0.00574	0.00191	0.00382	0.80015	0.00382	0.00382
1	0.88336	0.00803	0.00611	0.00546	0.00803	0.00932	0.00450	0.01221	0.00707	0.01864	0.00578	0.00675	0.00450	0.00386	0.00257	0.00129	0.00321	0.00225	0.00257	0.00450
2	0.01552	0.01980	0.01177	0.01070	0.01284	0.83735	0.00803	0.01659	0.01177	0.01017	0.00642	0.00749	0.00535	0.00428	0.00375	0.00107	0.00749	0.00268	0.00214	0.00482
3	0.00920	0.00896	0.01431	0.45982	0.36964	0.04368	0.01191	0.01177	0.00894	0.01186	0.00753	0.01059	0.00597	0.00396	0.00412	0.00131	0.00536	0.00365	0.00195	0.00546
4	0.01609	0.01116	0.01217	0.00933	0.01264	0.01217	0.00771	0.73090	0.01873	0.11067	0.01065	0.01041	0.00740	0.00500	0.00416	0.00125	0.00446	0.00379	0.00426	0.00706
5	0.01579	0.01163	0.01247	0.00956	0.01288	0.01288	0.00789	0.81426	0.01953	0.02618	0.00997	0.00997	0.00706	0.00499	0.00416	0.00125	0.00457	0.00374	0.00416	0.00706
6	0.00511	0.00365	0.00487	0.00575	0.00604	0.00341	0.00386	0.00591	0.00819	0.01098	0.07333	0.79979	0.02821	0.01273	0.00528	0.00166	0.00238	0.01154	0.00390	0.00341
7	0.00514	0.00365	0.00480	0.00569	0.00591	0.00342	0.00375	0.00580	0.00780	0.01041	0.02213	0.78726	0.02651	0.07838	0.00653	0.00187	0.00254	0.01136	0.00375	0.00331
8	0.00506	0.00361	0.00482	0.00578	0.00602	0.00337	0.00386	0.00578	0.00795	0.01060	0.02289	0.85131	0.02747	0.01301	0.00530	0.00169	0.00241	0.01181	0.00386	0.00337
9	0.00781	0.00738	0.01261	0.78514	0.02756	0.00907	0.03959	0.01054	0.00835	0.01071	0.00797	0.04084	0.00634	0.00444	0.00422	0.00140	0.00548	0.00402	0.00193	0.00461
10	0.00926	0.03220	0.63380	0.01209	0.04004	0.05531	0.06545	0.03141	0.00930	0.02584	0.00763	0.00897	0.00553	0.00393	0.00395	0.00127	0.00600	0.00318	0.00194	0.04291
11	0.00855	0.08727	0.76863	0.01147	0.01740	0.01018	0.01470	0.01310	0.00874	0.01289	0.00732	0.00860	0.00527	0.00392	0.00385	0.00128	0.00601	0.00300	0.00176	0.00608
12	0.00833	0.02149	0.83250	0.01184	0.01798	0.00965	0.01535	0.01315	0.00877	0.01315	0.00745	0.00877	0.00526	0.00395	0.00395	0.00132	0.00614	0.00307	0.00175	0.00614
13	0.00491	0.00421	0.00421	0.00421	0.00561	0.00351	0.00316	0.00596	0.00947	0.01122	0.04208	0.03997	0.82643	0.01052	0.00491	0.00140	0.00210	0.00877	0.00386	0.00351
14	0.03441	0.00772	0.02590	0.00776	0.01102	0.00675	0.02091	0.06098	0.02895	0.72633	0.01555	0.01365	0.00989	0.00507	0.00416	0.00129	0.00369	0.00412	0.00490	0.00697
15	0.00971	0.01142	0.04859	0.03865	0.02177	0.01045	0.76827	0.01323	0.00973	0.01323	0.00835	0.01113	0.00625	0.00353	0.00485	0.00140	0.00694	0.00482	0.00208	0.00559
16	0.00492	0.00418	0.00424	0.00429	0.00563	0.00350	0.00319	0.00595	0.00939	0.01119	0.04109	0.08199	0.78505	0.01065	0.00493	0.00142	0.00212	0.00892	0.00386	0.00350
17	0.00965	0.01147	0.06060	0.04019	0.02122	0.01053	0.71568	0.01307	0.00955	0.01307	0.00819	0.01099	0.00619	0.00372	0.00525	0.00142	0.04690	0.00472	0.00206	0.00555
18	0.01000	0.14581	0.44856	0.01199	0.01687	0.09942	0.16121	0.03607	0.00954	0.01272	0.00734	0.00880	0.00553	0.00387	0.00391	0.00124	0.00614	0.00326	0.00193	0.00580
19	0.01108	0.06050	0.55374	0.01025	0.01536	0.00892	0.01220	0.01481	0.00965	0.22557	0.03244	0.01067	0.00751	0.00436	0.00397	0.00129	0.00526	0.00344	0.00271	0.00628
20	0.01033	0.00892	0.00939	0.00845	0.01080	0.01033	0.00657	0.02207	0.82061	0.01738	0.01691	0.01550	0.01268	0.00564	0.00423	0.00141	0.00329	0.00470	0.00423	0.00657
21	0.82840	0.00888	0.05801	0.00586	0.00866	0.00934	0.00518	0.01227	0.00718	0.01829	0.00589	0.00687	0.00455	0.00386	0.00266	0.00129	0.00340	0.00230	0.00252	0.00460

[dist]
# distance from previous block
# <min> <max>
1	12

[block]
# block no. 1 follows, 64 sequences, length 50
# corresponding to MSA columns:
# 57-106
name=unknown_B
#
# <colnr> <probs for GDERKNQSTAVLIFYWHMCP>
#	G	D	E	R	K	N	Q	S	T	A	V	L	I	F	Y	W	H	M	C	P
0	0.01049	0.00896	0.00947	0.00848	0.01084	0.01033	0.00663	0.05406	0.77290	0.01764	0.01672	0.01586	0.01266	0.00572	0.00425	0.00141	0.00335	0.01947	0.00422	0.00654
1	0.00956	0.00780	0.00939	0.00680	0.01040	0.00632	0.02521	0.06861	0.00952	0.04687	0.00792	0.00900	0.00637	0.00337	0.00341	0.00073	0.01671	0.00270	0.00267	0.74663
2	0.01520	0.01871	0.01203	0.01142	0.05657	0.74970	0.00826	0.03009	0.01170	0.02615	0.00673	0.00783	0.00554	0.00433	0.00394	0.00110	0.02072	0.00279	0.00222	0.00499
3	0.00980	0.01120	0.02451	0.01751	0.02171	0.01050	0.81303	0.01331	0.00980	0.01331	0.00840	0.01120	0.00630	0.00350	0.00490	0.00140	0.00700	0.00490	0.00210	0.00560
4	0.00491	0.00421	0.00421	0.00421	0.00561	0.00351	0.00316	0.00596	0.00947	0.01122	0.04208	0.03997	0.82643	0.01052	0.00491	0.00140	0.00210	0.00877	0.00386	0.00351
5	0.00833	0.02149	0.83250	0.01184	0.01798	0.00965	0.01535	0.01315	0.00877	0.01315	0.00745	0.00877	0.00526	0.00395	0.00395	0.00132	0.00614	0.00307	0.00175	0.00614
6	0.00784	0.00738	0.01246	0.84404	0.02861	0.00923	0.01154	0.01061	0.00831	0.01061	0.00738	0.01107	0.00554	0.00415	0.00415	0.00138	0.00554	0.00369	0.00185	0.00461
7	0.00506	0.00361	0.00482	0.00578	0.00602	0.00337	0.00386	0.00578	0.00795	0.01060	0.02289	0.85131	0.02747	0.01301	0.00530	0.00169	0.00241	0.01181	0.00386	0.00337
8	0.00593	0.00445	0.00668	0.00668	0.00742	0.00519	0.00519	0.00742	0.00668	0.00964	0.01113	0.01632	0.01038	0.03115	0.83756	0.00668	0.01113	0.00445	0.00223	0.00371
9	0.01579	0.01163	0.01247	0.00956	0.01288	0.01288	0.00789	0.81426	0.01953	0.02618	0.00997	0.00997	0.00706	0.00499	0.00416	0.00125	0.00457	0.00374	0.00416	0.00706
10	0.00784	0.00738	0.01246	0.84404	0.02861	0.00923	0.01154	0.01061	0.00831	0.01061	0.00738	0.01107	0.00554	0.00415	0.00415	0.00138	0.00554	0.00369	0.00185	0.00461
11	0.00604	0.00403	0.00453	0.00453	0.00453	0.00403	0.00252	0.00604	0.00604	0.00805	0.01309	0.02718	0.01510	0.85402	0.02114	0.00403	0.00403	0.00604	0.00252	0.00252
12	0.01033	0.00892	0.00939	0.00845	0.01080	0.01033	0.00657	0.02207	0.82061	0.01738	0.01691	0.01550	0.01268	0.00564	0.00423	0.00141	0.00329	0.00470	0.00423	0.00657
13	0.01591	0.01143	0.01234	0.00946	0.01278	0.01258	0.00782	0.77944	0.01919	0.06147	0.01025	0.01016	0.00721	0.00499	0.00416	0.00125	0.00453	0.00376	0.00420	0.00706
14	0.00506	0.00361	0.00482	0.00578	0.00602	0.00337	0.00386	0.00578	0.00795	0.01060	0.02289	0.85131	0.02747	0.01301	0.00530	0.00169	0.00241	0.01181	0.00386	0.00337
15	0.01111	0.85652	0.02177	0.00711	0.01066	0.01644	0.00711	0.01244	0.00844	0.00977	0.00577	0.00666	0.00533	0.00355	0.00267	0.00089	0.00444	0.00222	0.00178	0.00533
16	0.00817	0.00772	0.01305	0.73442	0.13567	0.00931	0.01170	0.01090	0.00846	0.01101	0.00744	0.01097	0.00568	0.00409	0.00415	0.00136	0.00546	0.00369	0.00187	0.00488
17	0.58144	0.01100	0.00809	0.00711	0.00966	0.19016	0.00568	0.09775	0.02950	0.01755	0.00664	0.00746	0.00516	0.00411	0.00303	0.00124	0.00429	0.00256	0.00268	0.00489
18	0.01102	0.83000	0.04751	0.00726	0.01089	0.01622	0.00737	0.01246	0.00845	0.00988	0.00583	0.00673	0.00533	0.00357	0.00271	0.00090	0.00450	0.00225	0.00178	0.00536
19	0.00788	0.00422	0.00438	0.00431	0.00534	0.00430	0.00324	0.03524	0.02442	0.01548	0.01379	0.04856	0.01123	0.00604	0.03020	0.00120	0.00236	0.00422	0.76958	0.00400
20	0.88336	0.00803	0.00611	0.00546	0.00803	0.00932	0.00450	0.01221	0.00707	0.01864	0.00578	0.00675	0.00450	0.00386	0.00257	0.00129	0.00321	0.00225	0.00257	0.00450
21	0.01051	0.00901	0.00949	0.00849	0.01087	0.01041	0.00662	0.04783	0.79456	0.01766	0.01668	0.01532	0.01250	0.00561	0.00422	0.00140	0.00333	0.00467	0.00422	0.00659
22	0.00506	0.00361	0.00482	0.00578	0.00602	0.00337	0.00386	0.00578	0.00795	0.01060	0.02289	0.85131	0.02747	0.01301	0.00530	0.00169	0.00241	0.01181	0.00386	0.00337
23	0.01574	0.01149	0.01235	0.00949	0.01279	0.01269	0.00783	0.78236	0.03527	0.04241	0.01024	0.01017	0.00724	0.00500	0.00416	0.00125	0.00452	0.00377	0.00418	0.00705
24	0.00784	0.00738	0.01246	0.84404	0.02861	0.00923	0.01154	0.01061	0.00831	0.01061	0.00738	0.01107	0.00554	0.00415	0.00415	0.00138	0.00554	0.00369	0.00185	0.00461
25	0.00908	0.19033	0.64755	0.01085	0.01637	0.03218	0.01349	0.01310	0.00878	0.01239	0.00709	0.00831	0.00528	0.00388	0.00368	0.00122	0.00583	0.00289	0.00177	0.00594
26	0.01111	0.85652	0.02177	0.00711	0.01066	0.01644	0.00711	0.01244	0.00844	0.00977	0.00577	0.00666	0.00533	0.00355	0.00267	0.00089	0.00444	0.00222	0.00178	0.00533
27	0.00593	0.00398	0.00456	0.00468	0.00470	0.00395	0.00267	0.00601	0.00626	0.00835	0.01422	0.12275	0.01654	0.75650	0.01930	0.00376	0.00384	0.00671	0.00267	0.00262
28	0.00515	0.00368	0.00492	0.00588	0.00616	0.00345	0.00401	0.00593	0.00804	0.01070	0.02285	0.80875	0.02728	0.01293	0.00532	0.00170	0.00248	0.05352	0.00385	0.00340
29	0.00784	0.00738	0.01246	0.84404	0.02861	0.00923	0.01154	0.01061	0.00831	0.01061	0.00738	0.01107	0.00554	0.00415	0.00415	0.00138	0.00554	0.00369	0.00185	0.00461
30	0.00491	0.00421	0.00421	0.00421	0.00561	0.00351	0.00316	0.00596	0.00947	0.01122	0.04208	0.03997	0.82643	0.01052	0.00491	0.00140	0.00210	0.00877	0.00386	0.00351
31	0.00861	0.00738	0.00861	0.00615	0.00984	0.00554	0.00492	0.01046	0.00861	0.01354	0.00738	0.00861	0.00615	0.00308	0.00308	0.00062	0.00308	0.00246	0.00246	0.87941
32	0.00833	0.02149	0.83250	0.01184	0.01798	0.00965	0.01535	0.01315	0.00877	0.01315	0.00745	0.00877	0.00526	0.00395	0.00395	0.00132	0.00614	0.00307	0.00175	0.00614
33	0.00505	0.00365	0.00479	0.00570	0.00600	0.00338	0.00382	0.00579	0.00804	0.01064	0.02396	0.80602	0.07207	0.01287	0.00528	0.00167	0.00239	0.01164	0.00386	0.00338
34	0.01864	0.00707	0.00964	0.00739	0.01060	0.00611	0.00611	0.02024	0.01189	0.83099	0.01639	0.01414	0.01028	0.00514	0.00418	0.00129	0.00353	0.00418	0.00514	0.00707
35	0.00491	0.00421	0.00421	0.00421	0.00561	0.00351	0.00316	0.00596	0.00947	0.01122	0.04208	0.03997	0.82643	0.01052	0.00491	0.00140	0.00210	0.00877	0.00386	0.00351
36	0.01552	0.01980	0.01177	0.01070	0.01284	0.83735	0.00803	0.01659	0.01177	0.01017	0.00642	0.00749	0.00535	0.00428	0.00375	0.00107	0.00749	0.00268	0.00214	0.00482
37	0.00861	0.00738	0.00861	0.00615	0.00984	0.00554	0.00492	0.01046	0.00861	0.01354	0.00738	0.00861	0.00615	0.00308	0.00308	0.00062	0.00308	0.00246	0.00246	0.87941
38	0.00506	0.00361	0.00482	0.00578	0.00602	0.00337	0.00386	0.00578	0.00795	0.01060	0.02289	0.85131	0.02747	0.01301	0.00530	0.00169	0.00241	0.01181	0.00386	0.00337
39	0.56425	0.00755	0.00644	0.00564	0.00794	0.00853	0.00458	0.11903	0.00912	0.01892	0.00814	0.00920	0.00627	0.00424	0.00286	0.00121	0.00310	0.00282	0.20546	0.00470
40	0.00928	0.30583	0.55643	0.01023	0.01549	0.01196	0.01254	0.01291	0.00866	0.01200	0.00688	0.00805	0.00529	0.00381	0.00351	0.00117	0.00556	0.00278	0.00176	0.00586
41	0.00784	0.00738	0.01246	0.84404	0.02861	0.00923	0.01154	0.01061	0.00831	0.01061	0.00738	0.01107	0.00554	0.00415	0.00415	0.00138	0.00554	0.00369	0.00185	0.00461
42	0.00491	0.00421	0.00421	0.00421	0.00561	0.00351	0.00316	0.00596	0.00947	0.01122	0.04208	0.03997	0.82643	0.01052	0.00491	0.00140	0.00210	0.00877	0.00386	0.00351
43	0.00588	0.00425	0.00555	0.00523	0.00621	0.00392	0.00392	0.00784	0.01176	0.01666	0.82592	0.03103	0.03919	0.00849	0.00490	0.00131	0.00196	0.00751	0.00457	0.00392
44	0.01192	0.04738	0.01309	0.01090	0.01210	0.36220	0.03687	0.01300	0.00886	0.01018	0.00598	0.00839	0.00543	0.00572	0.00870	0.00145	0.42792	0.00322	0.00196	0.00473
45	0.01687	0.00889	0.01066	0.00826	0.01140	0.00891	0.00678	0.36094	0.01502	0.45247	0.01389	0.04562	0.00958	0.00539	0.00421	0.00128	0.00394	0.00429	0.00467	0.00692
46	0.00604	0.00403	0.00453	0.00453	0.00453	0.00403	0.00252	0.00604	0.00604	0.00805	0.01309	0.02718	0.01510	0.85402	0.02114	0.00403	0.00403	0.00604	0.00252	0.00252
47	0.00614	0.00423	0.00485	0.00478	0.00481	0.00436	0.00279	0.00620	0.00613	0.00820	0.01342	0.02674	0.03254	0.80184	0.02049	0.00388	0.03747	0.00600	0.00252	0.00262
48	0.01265	0.08604	0.31692	0.01047	0.01486	0.03655	0.12021	0.01567	0.01015	0.30531	0.02432	0.01117	0.00778	0.00437	0.00406	0.00127	0.00516	0.00371	0.00307	0.00625
49	0.11373	0.23246	0.48158	0.00989	0.01476	0.01124	0.03701	0.01274	0.00858	0.01303	0.02593	0.00859	0.00601	0.00393	0.00351	0.00121	0.00529	0.00292	0.00193	0.00567

[dist]
# distance from previous block
# <min> <max>
1	4

[block]
# block no. 2 follows, 64 sequences, length 20
# corresponding to MSA columns:
# 111-130
name=unknown_C
#
# <colnr> <probs for GDERKNQSTAVLIFYWHMCP>
#	G	D	E	R	K	N	Q	S	T	A	V	L	I	F	Y	W	H	M	C	P
0	0.05082	0.32241	0.01454	0.00829	0.01109	0.25760	0.00702	0.14357	0.03849	0.02835	0.00784	0.00859	0.00635	0.00422	0.00332	0.00105	0.00506	0.00285	0.07317	0.00538
1	0.01111	0.85652	0.02177	0.00711	0.01066	0.01644	0.00711	0.01244	0.00844	0.00977	0.00577	0.00666	0.00533	0.00355	0.00267	0.00089	0.00444	0.00222	0.00178	0.00533
2	0.00826	0.00760	0.01246	0.80057	0.02779	0.00942	0.01135	0.05248	0.00889	0.01142	0.00752	0.01102	0.00562	0.00420	0.00415	0.00138	0.00549	0.00369	0.00197	0.00474
3	0.00580	0.00424	0.00544	0.00514	0.00616	0.00389	0.00386	0.00769	0.01157	0.01622	0.76259	0.03175	0.10280	0.00866	0.00490	0.00131	0.00197	0.00761	0.00451	0.00389
4	0.01552	0.01980	0.01177	0.01070	0.01284	0.83735	0.00803	0.01659	0.01177	0.01017	0.00642	0.00749	0.00535	0.00428	0.00375	0.00107	0.00749	0.00268	0.00214	0.00482
5	0.00604	0.00403	0.00453	0.00453	0.00453	0.00403	0.00252	0.00604	0.00604	0.00805	0.01309	0.02718	0.01510	0.85402	0.02114	0.00403	0.00403	0.00604	0.00252	0.00252
6	0.00650	0.00551	0.00846	0.38316	0.01639	0.00612	0.00737	0.00820	0.00815	0.01076	0.01510	0.42917	0.01649	0.00851	0.00467	0.00149	0.00385	0.00767	0.00288	0.04957
7	0.00975	0.01158	0.05426	0.01730	0.02157	0.01047	0.78366	0.01330	0.00977	0.01330	0.00837	0.01111	0.00626	0.00352	0.00487	0.00140	0.00697	0.00483	0.00209	0.00562
8	0.00604	0.00403	0.00453	0.00453	0.00453	0.00403	0.00252	0.00604	0.00604	0.00805	0.01309	0.02718	0.01510	0.85402	0.02114	0.00403	0.00403	0.00604	0.00252	0.00252
9	0.00677	0.00491	0.00671	0.00758	0.00856	0.00496	0.00653	0.00907	0.04700	0.01256	0.02181	0.08983	0.02358	0.01129	0.00564	0.00188	0.00372	0.71980	0.00385	0.00393
10	0.00997	0.01085	0.01913	0.20975	0.03526	0.08561	0.46932	0.03725	0.03441	0.01281	0.00835	0.01104	0.00636	0.00453	0.02543	0.00149	0.00659	0.00434	0.00217	0.00534
11	0.07678	0.00455	0.00560	0.00524	0.00635	0.00436	0.00397	0.00819	0.01138	0.01682	0.75966	0.02907	0.03639	0.00812	0.00471	0.00130	0.00206	0.00709	0.00441	0.00397
12	0.00506	0.00361	0.00482	0.00578	0.00602	0.00337	0.00386	0.00578	0.00795	0.01060	0.02289	0.85131	0.02747	0.01301	0.00530	0.00169	0.00241	0.01181	0.00386	0.00337
13	0.01819	0.00778	0.01008	0.00773	0.01096	0.00716	0.00638	0.14430	0.01308	0.70525	0.01538	0.01349	0.00978	0.00512	0.00417	0.00128	0.00370	0.00411	0.00499	0.00707
14	0.00870	0.00824	0.01203	0.16131	0.07947	0.01083	0.00915	0.01014	0.00720	0.01083	0.00728	0.04299	0.00681	0.00646	0.01002	0.00162	0.53035	0.00399	0.06794	0.00462
15	0.00604	0.00403	0.00453	0.00453	0.00453	0.00403	0.00252	0.00604	0.00604	0.00805	0.01309	0.02718	0.01510	0.85402	0.02114	0.00403	0.00403	0.00604	0.00252	0.00252
16	0.00784	0.00738	0.01246	0.84404	0.02861	0.00923	0.01154	0.01061	0.00831	0.01061	0.00738	0.01107	0.00554	0.00415	0.00415	0.00138	0.00554	0.00369	0.00185	0.00461
17	0.00869	0.00745	0.00865	0.00626	0.00989	0.00576	0.00500	0.01100	0.04623	0.01371	0.00782	0.00893	0.00645	0.00319	0.00313	0.00065	0.00309	0.00256	0.00254	0.83898
18	0.00512	0.00428	0.00450	0.00444	0.00582	0.00360	0.00332	0.00627	0.00959	0.01179	0.11605	0.07689	0.68716	0.01022	0.00487	0.00138	0.00213	0.00860	0.00388	0.03009
19	0.00995	0.00976	0.01551	0.22678	0.58928	0.05182	0.01221	0.01242	0.00929	0.01267	0.00764	0.01033	0.00626	0.00384	0.00410	0.00126	0.00521	0.00365	0.00201	0.00600

[dist]
# distance from previous block
# <min> <max>
0	1

[block]
# block no. 3 follows, 64 sequences, length 15
# corresponding to MSA columns:
# 132-146
name=unknown_D
#
# <colnr> <probs for GDERKNQSTAVLIFYWHMCP>
#	G	D	E	R	K	N	Q	S	T	A	V	L	I	F	Y	W	H	M	C	P
0	0.01094	0.09245	0.01635	0.03192	0.47567	0.04159	0.07709	0.06486	0.01010	0.04011	0.00798	0.00985	0.00648	0.00377	0.00392	0.00115	0.00491	0.00351	0.00231	0.09505
1	0.09153	0.01614	0.01129	0.01108	0.07459	0.57715	0.00799	0.04670	0.01116	0.01200	0.00788	0.01104	0.00698	0.00490	0.00410	0.00120	0.02800	0.06896	0.00238	0.00492
2	0.04924	0.00976	0.01407	0.12923	0.43806	0.02455	0.01057	0.16005	0.07844	0.01602	0.02448	0.01096	0.00755	0.00427	0.00408	0.00127	0.00472	0.00378	0.00266	0.00623
3	0.00912	0.16118	0.28074	0.03359	0.01370	0.04948	0.04835	0.01201	0.02132	0.01237	0.00846	0.05453	0.00734	0.00433	0.00364	0.00108	0.00478	0.02261	0.00219	0.24919
4	0.01538	0.05076	0.01222	0.01045	0.01276	0.72599	0.00798	0.09403	0.01240	0.01171	0.00674	0.00770	0.00552	0.00432	0.00374	0.00108	0.00709	0.00276	0.00232	0.00505
5	0.04037	0.00885	0.01438	0.25120	0.43377	0.00949	0.04460	0.01274	0.08374	0.01317	0.00983	0.01207	0.03913	0.00427	0.00414	0.00131	0.00487	0.00399	0.00229	0.00579
6	0.00598	0.00499	0.00735	0.00732	0.00810	0.02731	0.09723	0.00707	0.00830	0.01093	0.02053	0.68047	0.02402	0.02916	0.00556	0.00170	0.00317	0.04357	0.00358	0.00367
7	0.01552	0.01980	0.01177	0.01070	0.01284	0.83735	0.00803	0.01659	0.01177	0.01017	0.00642	0.00749	0.00535	0.00428	0.00375	0.00107	0.00749	0.00268	0.00214	0.00482
8	0.01552	0.01228	0.01214	0.00951	0.01264	0.10135	0.00776	0.70446	0.01837	0.02414	0.00970	0.00987	0.00699	0.00491	0.00407	0.00122	0.00481	0.00363	0.02991	0.00673
9	0.00784	0.00738	0.01246	0.84404	0.02861	0.00923	0.01154	0.01061	0.00831	0.01061	0.00738	0.01107	0.00554	0.00415	0.00415	0.00138	0.00554	0.00369	0.00185	0.00461
10	0.00856	0.03953	0.57633	0.01220	0.01738	0.00956	0.15289	0.01302	0.03287	0.01323	0.02411	0.01229	0.00754	0.00449	0.00422	0.00136	0.00593	0.05656	0.00208	0.00584
11	0.00882	0.06321	0.55035	0.05340	0.01902	0.01020	0.21087	0.01303	0.00898	0.01289	0.00759	0.00937	0.00553	0.00383	0.00412	0.00132	0.00623	0.00350	0.00184	0.00589
12	0.01028	0.00987	0.01686	0.02550	0.82811	0.00987	0.01275	0.01275	0.00946	0.01357	0.00781	0.01028	0.00658	0.00370	0.00411	0.00123	0.00493	0.00370	0.00206	0.00658
13	0.00512	0.00366	0.00487	0.00575	0.00604	0.00341	0.00386	0.00592	0.00821	0.01101	0.07635	0.79671	0.02825	0.01271	0.00527	0.00166	0.00238	0.01152	0.00390	0.00341
14	0.00913	0.00881	0.01531	0.40216	0.40963	0.00961	0.06190	0.01180	0.00895	0.01219	0.00765	0.01070	0.00608	0.00390	0.00418	0.00131	0.00534	0.00377	0.00196	0.00561

[dist]
# distance from previous block
# <min> <max>
0	5

[block]
# block no. 4 follows, 64 sequences, length 79
# corresponding to MSA columns:
# 152-230
name=unknown_E
#
# <colnr> <probs for GDERKNQSTAVLIFYWHMCP>
#	G	D	E	R	K	N	Q	S	T	A	V	L	I	F	Y	W	H	M	C	P
0	0.00604	0.00403	0.00453	0.00453	0.00453	0.00403	0.00252	0.00604	0.00604	0.00805	0.01309	0.02718	0.01510	0.85402	0.02114	0.00403	0.00403	0.00604	0.00252	0.00252
1	0.01847	0.00710	0.00963	0.00741	0.01061	0.00619	0.00611	0.02028	0.02761	0.81517	0.01640	0.01416	0.01033	0.00515	0.00418	0.00129	0.00353	0.00419	0.00512	0.00706
2	0.00604	0.00403	0.00453	0.00453	0.00453	0.00403	0.00252	0.00604	0.00604	0.00805	0.01309	0.02718	0.01510	0.85402	0.02114	0.00403	0.00403	0.00604	0.00252	0.00252
3	0.01098	0.06335	0.01653	0.03612	0.66110	0.02294	0.01177	0.10132	0.01052	0.01462	0.00790	0.00999	0.00652	0.00385	0.00402	0.00121	0.00491	0.00360	0.00227	0.00650
4	0.00661	0.00474	0.00659	0.00753	0.00848	0.00472	0.00655	0.00847	0.00951	0.01235	0.02238	0.07085	0.03821	0.01150	0.00571	0.00190	0.00375	0.76251	0.00383	0.00381
5	0.00593	0.00445	0.00668	0.00668	0.00742	0.00519	0.00519	0.00742	0.00668	0.00964	0.01113	0.01632	0.01038	0.03115	0.83756	0.00668	0.01113	0.00445	0.00223	0.00371
6	0.01111	0.85652	0.02177	0.00711	0.01066	0.01644	0.00711	0.01244	0.00844	0.00977	0.00577	0.00666	0.00533	0.00355	0.00267	0.00089	0.00444	0.00222	0.00178	0.00533
7	0.00511	0.00366	0.00486	0.00572	0.00603	0.00341	0.00385	0.00592	0.00822	0.01099	0.07364	0.78648	0.04132	0.01269	0.00527	0.00166	0.00238	0.01149	0.00390	0.00341
8	0.01111	0.85652	0.02177	0.00711	0.01066	0.01644	0.00711	0.01244	0.00844	0.00977	0.00577	0.00666	0.00533	0.00355	0.00267	0.00089	0.00444	0.00222	0.00178	0.00533
9	0.01423	0.25028	0.01465	0.00987	0.02493	0.54939	0.00784	0.06213	0.01127	0.01105	0.00647	0.00745	0.00546	0.00411	0.00348	0.00103	0.00644	0.00263	0.00216	0.00512
10	0.01111	0.85652	0.02177	0.00711	0.01066	0.01644	0.00711	0.01244	0.00844	0.00977	0.00577	0.00666	0.00533	0.00355	0.00267	0.00089	0.00444	0.00222	0.00178	0.00533
11	0.24151	0.46351	0.16113	0.00760	0.01132	0.03341	0.00790	0.01261	0.00822	0.01273	0.00609	0.00708	0.00510	0.00372	0.00289	0.00107	0.00449	0.00239	0.00199	0.00524
12	0.00796	0.00645	0.00860	0.02878	0.15051	0.01982	0.00662	0.08638	0.06938	0.01385	0.09086	0.30829	0.02011	0.03489	0.00537	0.00160	0.00350	0.12882	0.00355	0.00466
13	0.00493	0.00421	0.00423	0.00422	0.00562	0.00351	0.00317	0.00599	0.00951	0.01131	0.05487	0.03983	0.81358	0.01049	0.00491	0.00140	0.00210	0.00875	0.00387	0.00351
14	0.01566	0.01157	0.01239	0.00953	0.01283	0.01282	0.00786	0.79490	0.03910	0.02596	0.01014	0.01011	0.00720	0.00500	0.00416	0.00125	0.00454	0.00376	0.00416	0.00705
15	0.00894	0.00851	0.01445	0.47421	0.38983	0.00952	0.01208	0.01158	0.00883	0.01195	0.00758	0.01072	0.00601	0.00395	0.00413	0.00132	0.00526	0.00370	0.00194	0.00550
16	0.01055	0.69027	0.18318	0.00805	0.01212	0.01508	0.00875	0.01258	0.00851	0.01045	0.00611	0.00708	0.00532	0.00363	0.00292	0.00097	0.00478	0.00239	0.00177	0.00549
17	0.00833	0.02149	0.83250	0.01184	0.01798	0.00965	0.01535	0.01315	0.00877	0.01315	0.00745	0.00877	0.00526	0.00395	0.00395	0.00132	0.00614	0.00307	0.00175	0.00614
18	0.00506	0.00361	0.00482	0.00578	0.00602	0.00337	0.00386	0.00578	0.00795	0.01060	0.02289	0.85131	0.02747	0.01301	0.00530	0.00169	0.00241	0.01181	0.00386	0.00337
19	0.00509	0.00364	0.00486	0.00582	0.00608	0.00340	0.00391	0.00584	0.00799	0.01064	0.02288	0.83491	0.02740	0.01298	0.00531	0.00169	0.00244	0.02788	0.00386	0.00338
20	0.01682	0.00931	0.00998	0.00796	0.01092	0.12227	0.00644	0.12802	0.02510	0.54258	0.01574	0.01429	0.06045	0.00535	0.00416	0.00126	0.00413	0.00420	0.00449	0.00652
21	0.00496	0.00421	0.00428	0.00426	0.00564	0.00353	0.00320	0.00606	0.00959	0.01152	0.08469	0.03949	0.78363	0.01041	0.00491	0.00140	0.00210	0.00870	0.00390	0.00353
22	0.00506	0.00361	0.00482	0.00578	0.00602	0.00337	0.00386	0.00578	0.00795	0.01060	0.02289	0.85131	0.02747	0.01301	0.00530	0.00169	0.00241	0.01181	0.00386	0.00337
23	0.00913	0.00920	0.01337	0.01127	0.01150	0.01260	0.05340	0.01018	0.00655	0.01018	0.00562	0.00920	0.00550	0.00706	0.01315	0.00179	0.80015	0.00370	0.00183	0.00460
24	0.00669	0.00478	0.00669	0.00765	0.00861	0.00478	0.00669	0.00861	0.00956	0.01243	0.02199	0.04685	0.02391	0.01147	0.00574	0.00191	0.00382	0.80015	0.00382	0.00382
25	0.00669	0.00478	0.00669	0.00765	0.00861	0.00478	0.00669	0.00861	0.00956	0.01243	0.02199	0.04685	0.02391	0.01147	0.00574	0.00191	0.00382	0.80015	0.00382	0.00382
26	0.00588	0.00425	0.00555	0.00523	0.00621	0.00392	0.00392	0.00784	0.01176	0.01666	0.82592	0.03103	0.03919	0.00849	0.00490	0.00131	0.00196	0.00751	0.00457	0.00392
27	0.88336	0.00803	0.00611	0.00546	0.00803	0.00932	0.00450	0.01221	0.00707	0.01864	0.00578	0.00675	0.00450	0.00386	0.00257	0.00129	0.00321	0.00225	0.00257	0.00450
28	0.01706	0.02038	0.02081	0.00740	0.01047	0.00649	0.00616	0.01945	0.06959	0.70262	0.06220	0.01501	0.01195	0.00533	0.00420	0.00129	0.00348	0.00436	0.00495	0.00681
29	0.01539	0.01959	0.01179	0.01070	0.01280	0.82165	0.00805	0.01646	0.01167	0.01016	0.00640	0.00752	0.00535	0.00434	0.00393	0.00108	0.02346	0.00269	0.00213	0.00481
30	0.00491	0.00421	0.00421	0.00421	0.00561	0.00351	0.00316	0.00596	0.00947	0.01122	0.04208	0.03997	0.82643	0.01052	0.00491	0.00140	0.00210	0.00877	0.00386	0.00351
31	0.03661	0.07924	0.01306	0.00926	0.01258	0.01308	0.00775	0.73041	0.01834	0.02468	0.00953	0.00963	0.00686	0.00484	0.00400	0.00122	0.00453	0.00358	0.00393	0.00686
32	0.00896	0.01834	0.59188	0.01331	0.01885	0.00981	0.23548	0.01335	0.00912	0.03053	0.00791	0.00956	0.00566	0.00385	0.00422	0.00134	0.00632	0.00360	0.00192	0.00601
33	0.00895	0.20907	0.65037	0.01078	0.01633	0.01117	0.01350	0.01299	0.00870	0.01239	0.00708	0.00830	0.00528	0.00386	0.00366	0.00122	0.00576	0.00288	0.00176	0.00596
34	0.00980	0.01120	0.02451	0.01751	0.02171	0.01050	0.81303	0.01331	0.00980	0.01331	0.00840	0.01120	0.00630	0.00350	0.00490	0.00140	0.00700	0.00490	0.00210	0.00560
35	0.00506	0.00361	0.00482	0.00578	0.00602	0.00337	0.00386	0.00578	0.00795	0.01060	0.02289	0.85131	0.02747	0.01301	0.00530	0.00169	0.00241	0.01181	0.00386	0.00337
36	0.01086	0.00964	0.00925	0.00821	0.01037	0.10842	0.00636	0.16649	0.39586	0.01705	0.06118	0.09994	0.06517	0.00656	0.00434	0.00136	0.00380	0.00540	0.00392	0.00579
37	0.01510	0.01130	0.01194	0.00924	0.01242	0.02559	0.00760	0.75063	0.01877	0.02498	0.01193	0.01182	0.05850	0.00532	0.00420	0.00125	0.00446	0.00404	0.00410	0.00680
38	0.00491	0.00421	0.00421	0.00421	0.00561	0.00351	0.00316	0.00596	0.00947	0.01122	0.04208	0.03997	0.82643	0.01052	0.00491	0.00140	0.00210	0.00877	0.00386	0.00351
39	0.01800	0.00693	0.00943	0.00728	0.01038	0.00600	0.00600	0.01962	0.01188	0.79015	0.05698	0.01498	0.01173	0.00531	0.00421	0.00129	0.00346	0.00434	0.00511	0.00691
40	0.00851	0.07393	0.78158	0.01154	0.01752	0.01007	0.01483	0.01311	0.00875	0.01294	0.00735	0.00864	0.00527	0.00392	0.00387	0.00129	0.00603	0.00302	0.00176	0.00609
41	0.00800	0.00754	0.01273	0.79263	0.07882	0.00927	0.01161	0.01075	0.00838	0.01080	0.00741	0.01102	0.00560	0.00412	0.00415	0.00137	0.00550	0.00369	0.00186	0.00474
42	0.01033	0.00892	0.00939	0.00845	0.01080	0.01033	0.00657	0.02207	0.82061	0.01738	0.01691	0.01550	0.01268	0.00564	0.00423	0.00141	0.00329	0.00470	0.00423	0.00657
43	0.00492	0.00418	0.00424	0.00429	0.00563	0.00350	0.00319	0.00595	0.00939	0.01119	0.04112	0.08039	0.78662	0.01064	0.00493	0.00142	0.00212	0.00892	0.00386	0.00350
44	0.00706	0.00516	0.00636	0.00635	0.00739	0.00514	0.00478	0.12134	0.02249	0.01485	0.24970	0.36907	0.05498	0.01023	0.00504	0.00153	0.00275	0.09754	0.00410	0.00415
45	0.00833	0.02149	0.83250	0.01184	0.01798	0.00965	0.01535	0.01315	0.00877	0.01315	0.00745	0.00877	0.00526	0.00395	0.00395	0.00132	0.00614	0.00307	0.00175	0.00614
46	0.01864	0.00707	0.00964	0.00739	0.01060	0.00611	0.00611	0.02024	0.01189	0.83099	0.01639	0.01414	0.01028	0.00514	0.00418	0.00129	0.00353	0.00418	0.00514	0.00707
47	0.01111	0.85652	0.02177	0.00711	0.01066	0.01644	0.00711	0.01244	0.00844	0.00977	0.00577	0.00666	0.00533	0.00355	0.00267	0.00089	0.00444	0.00222	0.00178	0.00533
48	0.00871	0.01326	0.31676	0.01142	0.02452	0.00889	0.19788	0.05530	0.11806	0.01408	0.02622	0.10252	0.07228	0.00566	0.00445	0.00139	0.00509	0.00519	0.00272	0.00560
49	0.01267	0.22560	0.01301	0.00869	0.01106	0.40250	0.00705	0.04357	0.07564	0.01196	0.02707	0.01109	0.00810	0.00471	0.00357	0.00109	0.00548	0.03981	0.08229	0.00501
50	0.65857	0.00906	0.00685	0.02002	0.02226	0.10985	0.00502	0.01247	0.00787	0.01706	0.00672	0.00787	0.00529	0.00401	0.00280	0.00123	0.00367	0.00252	0.09236	0.00451
51	0.01069	0.62256	0.02028	0.00858	0.01202	0.01453	0.11772	0.02565	0.07397	0.01131	0.02632	0.00928	0.02361	0.00399	0.00322	0.00103	0.00460	0.00306	0.00216	0.00543
52	0.47108	0.01026	0.01373	0.01058	0.01375	0.07966	0.31860	0.01300	0.00853	0.01585	0.00685	0.00854	0.00527	0.00375	0.00357	0.00131	0.00504	0.00331	0.00235	0.00495
53	0.00774	0.00632	0.00955	0.01261	0.24220	0.00635	0.00819	0.01011	0.04144	0.01282	0.01805	0.08563	0.02836	0.00911	0.00518	0.00168	0.00401	0.48264	0.00334	0.00469
54	0.00491	0.00421	0.00421	0.00421	0.00561	0.00351	0.00316	0.00596	0.00947	0.01122	0.04208	0.03997	0.82643	0.01052	0.00491	0.00140	0.00210	0.00877	0.00386	0.00351
55	0.01521	0.01167	0.01202	0.00940	0.01254	0.05356	0.00769	0.70193	0.07239	0.02453	0.01035	0.01035	0.00744	0.00499	0.00411	0.00124	0.00457	0.00375	0.02541	0.00684
56	0.00602	0.00402	0.00454	0.00456	0.00456	0.00401	0.00255	0.00604	0.00608	0.00811	0.01330	0.04465	0.01536	0.83619	0.02081	0.00398	0.00399	0.00616	0.00255	0.00254
57	0.00909	0.23290	0.60429	0.01102	0.03861	0.01137	0.01319	0.01296	0.00871	0.01231	0.00704	0.00828	0.00532	0.00384	0.00363	0.00120	0.00568	0.00287	0.00177	0.00595
58	0.00910	0.25214	0.60856	0.01053	0.01596	0.01152	0.01307	0.01296	0.00868	0.01222	0.00699	0.00819	0.00528	0.00384	0.00359	0.00120	0.00567	0.00284	0.00176	0.00592
59	0.00604	0.00403	0.00453	0.00453	0.00453	0.00403	0.00252	0.00604	0.00604	0.00805	0.01309	0.02718	0.01510	0.85402	0.02114	0.00403	0.00403	0.00604	0.00252	0.00252
60	0.00852	0.00466	0.00477	0.00447	0.00567	0.00478	0.00343	0.09095	0.00986	0.01659	0.02684	0.01519	0.01076	0.00492	0.00306	0.00100	0.00220	0.00392	0.77421	0.00419
61	0.02690	0.00970	0.01526	0.16481	0.55758	0.04134	0.01182	0.01223	0.00898	0.01265	0.00740	0.01012	0.00619	0.00418	0.00507	0.00132	0.09291	0.00363	0.00201	0.00592
62	0.01740	0.00703	0.00940	0.00734	0.01037	0.00625	0.00601	0.01967	0.06267	0.73446	0.06158	0.01517	0.01205	0.00536	0.00422	0.00129	0.00343	0.00440	0.00505	0.00686
63	0.00512	0.00364	0.00480	0.00570	0.00593	0.00341	0.00377	0.00580	0.00783	0.01044	0.02228	0.79955	0.02670	0.06583	0.00630	0.00183	0.00251	0.01145	0.00377	0.00332
64	0.00879	0.07628	0.67578	0.01214	0.01783	0.02268	0.10354	0.01317	0.00891	0.01290	0.00743	0.00888	0.00538	0.00388	0.00396	0.00129	0.00614	0.00321	0.00180	0.00600
65	0.00800	0.00754	0.01273	0.79263	0.07882	0.00927	0.01161	0.01075	0.00838	0.01080	0.00741	0.01102	0.00560	0.00412	0.00415	0.00137	0.00550	0.00369	0.00186	0.00474
66	0.01032	0.00870	0.00925	0.00832	0.01057	0.00996	0.00645	0.07966	0.69594	0.01749	0.01687	0.08206	0.01345	0.00618	0.00431	0.00142	0.00331	0.00519	0.00419	0.00635
67	0.01142	0.77000	0.03929	0.00741	0.01100	0.01600	0.00736	0.07670	0.00934	0.01116	0.00615	0.00698	0.00547	0.00368	0.00281	0.00093	0.00449	0.00236	0.00197	0.00549
68	0.00680	0.00447	0.00575	0.00530	0.00650	0.00405	0.00402	0.00865	0.01154	0.08137	0.68318	0.03056	0.11509	0.00842	0.00484	0.00131	0.00210	0.00737	0.00455	0.00413
69	0.00845	0.05560	0.70248	0.01114	0.01667	0.00944	0.02911	0.01282	0.00907	0.02670	0.07313	0.01060	0.00809	0.00430	0.00399	0.00130	0.00570	0.00344	0.00204	0.00593
70	0.01002	0.01137	0.02235	0.08332	0.03800	0.06232	0.66900	0.01342	0.02278	0.01296	0.00832	0.01101	0.00629	0.00364	0.00474	0.00138	0.00681	0.00464	0.00212	0.00551
71	0.01095	0.00964	0.01628	0.02404	0.76261	0.00957	0.01222	0.01335	0.00965	0.07907	0.00850	0.01059	0.00688	0.00382	0.00412	0.00124	0.00482	0.00374	0.00230	0.00662
72	0.07694	0.00504	0.00665	0.00747	0.00856	0.00514	0.00652	0.00889	0.00936	0.01293	0.02069	0.04364	0.02235	0.01086	0.00548	0.00186	0.00378	0.73622	0.00372	0.00388
73	0.01577	0.01229	0.01241	0.00965	0.01288	0.07894	0.00791	0.75035	0.01891	0.02490	0.00969	0.00977	0.00693	0.00493	0.00412	0.00123	0.00480	0.00365	0.00399	0.00688
74	0.00491	0.00421	0.00421	0.00421	0.00561	0.00351	0.00316	0.00596	0.00947	0.01122	0.04208	0.03997	0.82643	0.01052	0.00491	0.00140	0.00210	0.00877	0.00386	0.00351
75	0.00795	0.00742	0.01222	0.76330	0.04039	0.00894	0.01103	0.01064	0.00835	0.01090	0.00739	0.01086	0.00560	0.00406	0.00407	0.00132	0.00533	0.00359	0.00190	0.07474
76	0.00595	0.00404	0.00450	0.00450	0.00462	0.00399	0.00257	0.00603	0.00632	0.00831	0.01541	0.02821	0.08011	0.78644	0.01984	0.00382	0.00387	0.00626	0.00262	0.00260
77	0.00528	0.00364	0.00474	0.00563	0.00593	0.00341	0.00378	0.00610	0.00801	0.01099	0.02215	0.78434	0.02612	0.01236	0.00511	0.00163	0.00237	0.01117	0.07382	0.00341
78	0.01477	0.01591	0.01143	0.00994	0.01231	0.50922	0.00765	0.26853	0.01392	0.01528	0.00887	0.07589	0.00767	0.00520	0.00400	0.00118	0.00616	0.00374	0.00292	0.00541

[dist]
# distance from previous block
# <min> <max>
0	187

# created by:
# /st0/software/busco_prod/Augustus/scripts/msa2prfl.pl ./align_prep/112578.fa
