[name]
unknown

[dist]
# distance from previous block
# <min> <max>
0	42

[block]
# block no. 0 follows, 57 sequences, length 11
# corresponding to MSA columns:
# 45-55
name=unknown_A
#
# <colnr> <probs for GDERKNQSTAVLIFYWHMCP>
#	G	D	E	R	K	N	Q	S	T	A	V	L	I	F	Y	W	H	M	C	P
0	0.02676	0.11027	0.05724	0.06168	0.04751	0.03258	0.07307	0.05522	0.07170	0.19963	0.02716	0.03984	0.01183	0.06494	0.00584	0.00163	0.00479	0.07568	0.00359	0.02903
1	0.06138	0.07774	0.07644	0.09106	0.03765	0.15367	0.03051	0.11330	0.08844	0.09809	0.03268	0.02912	0.05463	0.00637	0.02821	0.00154	0.00547	0.00437	0.00330	0.00602
2	0.05923	0.12856	0.02289	0.04443	0.08373	0.04346	0.00740	0.05567	0.07618	0.06796	0.03541	0.05799	0.05311	0.02412	0.03738	0.07329	0.06643	0.00470	0.02804	0.03001
3	0.08272	0.02366	0.03335	0.00928	0.05616	0.04344	0.00710	0.03756	0.19002	0.12608	0.04949	0.01786	0.05447	0.04581	0.02930	0.00174	0.06609	0.03694	0.02890	0.06002
4	0.03487	0.01004	0.13593	0.00898	0.03450	0.02721	0.00780	0.06244	0.11211	0.10668	0.07750	0.12315	0.07087	0.00926	0.06625	0.00190	0.03422	0.00592	0.02888	0.04151
5	0.01201	0.05619	0.05190	0.03460	0.28995	0.06777	0.05156	0.07965	0.02671	0.09352	0.05377	0.04286	0.01121	0.05425	0.00596	0.00158	0.02982	0.02735	0.00307	0.00625
6	0.01037	0.01153	0.10935	0.10701	0.36581	0.01025	0.12462	0.05498	0.04427	0.01512	0.03213	0.07384	0.00983	0.00515	0.00472	0.00145	0.00554	0.00497	0.00263	0.00643
7	0.00742	0.00484	0.00636	0.00590	0.00712	0.00443	0.00445	0.00948	0.01268	0.07749	0.72107	0.06304	0.03991	0.00918	0.00530	0.00144	0.00228	0.00810	0.00500	0.00451
8	0.01029	0.01305	0.12352	0.01865	0.10940	0.01087	0.57252	0.01401	0.01041	0.01438	0.00976	0.05325	0.00793	0.00443	0.00514	0.00151	0.00702	0.00533	0.00234	0.00618
9	0.00981	0.15406	0.48795	0.01269	0.05042	0.03140	0.09249	0.01383	0.01000	0.01402	0.07420	0.01150	0.00899	0.00459	0.00427	0.00136	0.00609	0.00382	0.00223	0.00628
10	0.00641	0.00473	0.00685	0.00694	0.00761	0.00536	0.00522	0.00778	0.00732	0.01041	0.01344	0.08690	0.01345	0.12286	0.66555	0.00651	0.01048	0.00571	0.00261	0.00387

[dist]
# distance from previous block
# <min> <max>
3	5

[block]
# block no. 1 follows, 57 sequences, length 28
# corresponding to MSA columns:
# 61-88
name=unknown_B
#
# <colnr> <probs for GDERKNQSTAVLIFYWHMCP>
#	G	D	E	R	K	N	Q	S	T	A	V	L	I	F	Y	W	H	M	C	P
0	0.03648	0.02682	0.01416	0.03065	0.13560	0.01084	0.10875	0.17419	0.21712	0.08311	0.05651	0.04717	0.01200	0.00573	0.00484	0.00146	0.01898	0.00504	0.00382	0.00672
1	0.01124	0.05683	0.03305	0.07765	0.55461	0.06793	0.08129	0.01388	0.01032	0.01398	0.00877	0.03386	0.00751	0.00437	0.00448	0.00136	0.00574	0.00422	0.00227	0.00663
2	0.01935	0.00750	0.01020	0.00790	0.01123	0.00649	0.00649	0.02113	0.01296	0.75967	0.07347	0.01672	0.01343	0.00586	0.00461	0.00140	0.00374	0.00481	0.00556	0.00747
3	0.00909	0.02344	0.81727	0.01292	0.01961	0.01052	0.01674	0.01435	0.00957	0.01435	0.00813	0.00957	0.00574	0.00431	0.00431	0.00144	0.00670	0.00335	0.00191	0.00670
4	0.01088	0.10175	0.22369	0.01397	0.03094	0.08706	0.27003	0.01505	0.08180	0.01377	0.00932	0.03012	0.00747	0.00485	0.00548	0.00146	0.07957	0.00432	0.00239	0.00611
5	0.00569	0.00417	0.00571	0.05113	0.00791	0.00403	0.00466	0.00660	0.00870	0.01157	0.02405	0.79286	0.02867	0.01367	0.00572	0.00182	0.00281	0.01240	0.00409	0.00375
6	0.00547	0.00447	0.00484	0.00500	0.00626	0.00384	0.00365	0.00664	0.01023	0.01262	0.10635	0.18910	0.60221	0.01179	0.00543	0.00158	0.00234	0.01006	0.00427	0.00384
7	0.00681	0.00541	0.00652	0.05005	0.00864	0.00547	0.00495	0.01002	0.14595	0.01385	0.14370	0.33363	0.19337	0.04287	0.00603	0.00174	0.00290	0.00944	0.00422	0.00443
8	0.01087	0.01124	0.05339	0.02399	0.60622	0.02452	0.09063	0.01407	0.03844	0.01489	0.04310	0.01249	0.00890	0.00496	0.02152	0.00150	0.00565	0.00435	0.00244	0.00683
9	0.69617	0.00910	0.03540	0.02264	0.07535	0.00981	0.00607	0.01318	0.00814	0.01927	0.00718	0.00851	0.00561	0.00428	0.00305	0.00138	0.00372	0.00277	0.06328	0.00511
10	0.00651	0.00444	0.00512	0.00511	0.00528	0.00445	0.00303	0.00675	0.00703	0.00938	0.04021	0.02969	0.05911	0.71459	0.07770	0.00435	0.00476	0.00668	0.00287	0.00294
11	0.00940	0.00805	0.00940	0.00671	0.01074	0.00604	0.00537	0.01141	0.00940	0.01477	0.00805	0.00940	0.00671	0.00336	0.00336	0.00067	0.00336	0.00268	0.00268	0.86845
12	0.00997	0.03593	0.64152	0.05104	0.08056	0.01045	0.03123	0.01463	0.00982	0.06088	0.00871	0.01016	0.00621	0.00435	0.00434	0.00142	0.00638	0.00353	0.00217	0.00669
13	0.01143	0.01075	0.01658	0.09724	0.58335	0.02988	0.01257	0.05665	0.10703	0.01566	0.00977	0.01189	0.00788	0.00443	0.00450	0.00138	0.00527	0.00414	0.00263	0.00697
14	0.00536	0.00459	0.00459	0.00459	0.00612	0.00383	0.00344	0.00650	0.01033	0.01224	0.04590	0.04361	0.81065	0.01148	0.00536	0.00153	0.00230	0.00956	0.00421	0.00383
15	0.00631	0.00459	0.00581	0.00560	0.00668	0.00421	0.00419	0.00826	0.01219	0.01703	0.64624	0.07748	0.12942	0.00972	0.00532	0.00146	0.00221	0.02040	0.02868	0.00419
16	0.01001	0.01383	0.25188	0.07966	0.30076	0.02435	0.07769	0.01328	0.00989	0.03040	0.02442	0.06579	0.02202	0.00527	0.00518	0.00147	0.05075	0.00467	0.00240	0.00631
17	0.00565	0.00403	0.00540	0.00645	0.00677	0.00379	0.00442	0.00653	0.00880	0.01171	0.02491	0.78259	0.02970	0.01408	0.00582	0.00186	0.00274	0.06685	0.00420	0.00372
18	0.01671	0.05905	0.01334	0.01150	0.01390	0.78589	0.00871	0.01789	0.01268	0.01107	0.00697	0.00813	0.00584	0.00463	0.00403	0.00116	0.00802	0.00290	0.00232	0.00528
19	0.01075	0.17194	0.49895	0.01268	0.07638	0.01146	0.03761	0.01470	0.00996	0.08220	0.02746	0.01041	0.00723	0.00442	0.00414	0.00134	0.00594	0.00351	0.00234	0.00658
20	0.00548	0.00411	0.00509	0.00587	0.00646	0.00372	0.00401	0.00636	0.00910	0.01174	0.03029	0.63617	0.22816	0.01351	0.00567	0.00176	0.00254	0.01204	0.00421	0.00372
21	0.00552	0.00394	0.00526	0.00631	0.00657	0.00368	0.00421	0.00631	0.00868	0.01157	0.02498	0.83779	0.02997	0.01420	0.00578	0.00184	0.00263	0.01288	0.00421	0.00368
22	0.08290	0.10471	0.38864	0.01231	0.09539	0.02619	0.01222	0.06481	0.01081	0.14674	0.00958	0.01032	0.00685	0.00452	0.00410	0.00136	0.00556	0.00348	0.00280	0.00671
23	0.01192	0.00935	0.01026	0.00918	0.01171	0.01051	0.00734	0.11735	0.55294	0.06170	0.01827	0.02094	0.01467	0.00694	0.00483	0.00159	0.00386	0.11521	0.00459	0.00684
24	0.01049	0.00908	0.03791	0.02740	0.04370	0.00730	0.00659	0.09653	0.01079	0.03338	0.00878	0.01003	0.00702	0.00377	0.00361	0.00084	0.00377	0.00303	0.02678	0.64920
25	0.10759	0.02295	0.08096	0.02749	0.03049	0.08053	0.24382	0.05420	0.01085	0.02917	0.01427	0.02067	0.07081	0.00638	0.00499	0.00155	0.01526	0.15223	0.00299	0.02282
26	0.00650	0.00435	0.00497	0.00506	0.00508	0.00433	0.00287	0.00657	0.00677	0.00903	0.01520	0.09918	0.01764	0.76964	0.02158	0.00417	0.00424	0.00713	0.00287	0.00283
27	0.04654	0.03423	0.01436	0.09271	0.19830	0.11365	0.08125	0.15144	0.01247	0.08700	0.01022	0.01177	0.00775	0.00469	0.00426	0.00132	0.00530	0.00398	0.11247	0.00627

[dist]
# distance from previous block
# <min> <max>
2	3

[block]
# block no. 2 follows, 57 sequences, length 19
# corresponding to MSA columns:
# 92-110
name=unknown_C
#
# <colnr> <probs for GDERKNQSTAVLIFYWHMCP>
#	G	D	E	R	K	N	Q	S	T	A	V	L	I	F	Y	W	H	M	C	P
0	0.00779	0.00477	0.00604	0.00624	0.00691	0.00455	0.00427	0.02665	0.00904	0.09491	0.05567	0.40677	0.02369	0.27001	0.01101	0.00257	0.00341	0.04783	0.00394	0.00395
1	0.01334	0.01230	0.08379	0.03989	0.05483	0.06996	0.00888	0.26084	0.27248	0.06100	0.03086	0.01471	0.04510	0.00576	0.00456	0.00143	0.00474	0.00461	0.00401	0.00690
2	0.01105	0.41426	0.27872	0.01171	0.08830	0.04619	0.03404	0.01407	0.02205	0.01253	0.00824	0.00948	0.02316	0.00426	0.00370	0.00120	0.00563	0.00317	0.00207	0.00619
3	0.00620	0.00458	0.00578	0.00557	0.00666	0.00417	0.00415	0.00810	0.01218	0.01685	0.64351	0.08762	0.15800	0.00992	0.00537	0.00147	0.00219	0.00871	0.00482	0.00417
4	0.00966	0.00939	0.01370	0.06657	0.11341	0.01240	0.01007	0.01100	0.00751	0.01134	0.00709	0.01141	0.00681	0.03843	0.06303	0.00228	0.59459	0.00413	0.00207	0.00511
5	0.01030	0.01108	0.02344	0.01698	0.02097	0.01055	0.66894	0.01380	0.01037	0.01454	0.00979	0.01286	0.00751	0.00513	0.03438	0.00169	0.02479	0.00518	0.09189	0.00582
6	0.01183	0.38072	0.19923	0.01290	0.15988	0.03748	0.01093	0.06511	0.01044	0.03081	0.00772	0.00903	0.00631	0.00421	0.00385	0.00119	0.01638	0.00312	0.00227	0.02660
7	0.00558	0.00407	0.00527	0.00609	0.00655	0.00375	0.00414	0.00653	0.00921	0.01222	0.09744	0.68888	0.10660	0.01349	0.00570	0.00177	0.00255	0.01214	0.00428	0.00375
8	0.01556	0.02066	0.09574	0.01132	0.01402	0.68509	0.00922	0.01722	0.01228	0.01181	0.00763	0.00888	0.00620	0.00467	0.00405	0.00119	0.00762	0.00305	0.05846	0.00534
9	0.00555	0.00460	0.00485	0.00479	0.00624	0.00391	0.00359	0.00687	0.01078	0.01331	0.18373	0.04185	0.67215	0.01108	0.00535	0.00151	0.00227	0.00932	0.00435	0.00391
10	0.00971	0.00844	0.00950	0.00691	0.01080	0.02803	0.00551	0.03108	0.00988	0.01510	0.03028	0.01008	0.00771	0.00361	0.00346	0.00072	0.00349	0.00288	0.00279	0.80004
11	0.00675	0.00537	0.00614	0.00582	0.00727	0.00514	0.00440	0.01010	0.12865	0.01614	0.41700	0.03488	0.31617	0.00960	0.00524	0.00148	0.00241	0.00824	0.00465	0.00454
12	0.00855	0.00724	0.00844	0.00645	0.00980	0.00555	0.00504	0.01034	0.00941	0.01415	0.01385	0.10466	0.09269	0.00540	0.00383	0.00089	0.00317	0.00453	0.00301	0.68301
13	0.01095	0.32026	0.22866	0.00956	0.01403	0.01260	0.03494	0.03080	0.09217	0.03092	0.00878	0.00969	0.00698	0.00426	0.00384	0.00115	0.01610	0.00319	0.00248	0.15862
14	0.01042	0.00844	0.01051	0.00908	0.09405	0.00678	0.00642	0.03364	0.01002	0.06053	0.00874	0.00997	0.00704	0.00361	0.00357	0.00080	0.00364	0.00297	0.00285	0.70692
15	0.00658	0.00474	0.00554	0.00531	0.00669	0.00415	0.00399	0.00816	0.01144	0.05650	0.36293	0.07144	0.41532	0.01036	0.00533	0.00149	0.00232	0.00887	0.00461	0.00421
16	0.02461	0.00975	0.12817	0.00854	0.01109	0.03650	0.03642	0.10415	0.06305	0.05726	0.13583	0.21901	0.08603	0.00855	0.00500	0.00153	0.00399	0.02818	0.00392	0.02844
17	0.00898	0.00693	0.00745	0.00710	0.00840	0.08975	0.02126	0.02477	0.03805	0.09380	0.21323	0.29339	0.08521	0.07249	0.00657	0.00177	0.00349	0.00857	0.00421	0.00457
18	0.02948	0.01920	0.07501	0.01222	0.05330	0.59800	0.02754	0.03020	0.02459	0.04013	0.00860	0.04484	0.00729	0.00506	0.00424	0.00126	0.00732	0.00360	0.00257	0.00556

[dist]
# distance from previous block
# <min> <max>
16	110

[block]
# block no. 3 follows, 57 sequences, length 47
# corresponding to MSA columns:
# 222-268
name=unknown_D
#
# <colnr> <probs for GDERKNQSTAVLIFYWHMCP>
#	G	D	E	R	K	N	Q	S	T	A	V	L	I	F	Y	W	H	M	C	P
0	0.02197	0.14379	0.13114	0.00901	0.01261	0.02846	0.00843	0.30344	0.04087	0.03463	0.04146	0.02921	0.12081	0.00605	0.00432	0.00132	0.00459	0.00470	0.01187	0.04131
1	0.71465	0.00925	0.00705	0.00635	0.00893	0.06924	0.00512	0.01315	0.00865	0.01941	0.09468	0.01033	0.00913	0.00480	0.00318	0.00139	0.00370	0.00312	0.00301	0.00486
2	0.01248	0.00952	0.01061	0.00917	0.01188	0.01061	0.02090	0.08755	0.59363	0.10718	0.06187	0.01710	0.01453	0.00616	0.00465	0.00150	0.00372	0.00515	0.00469	0.00710
3	0.01018	0.00986	0.02720	0.08129	0.51125	0.02393	0.01167	0.01252	0.00976	0.01383	0.01020	0.10222	0.00963	0.00553	0.00532	0.00141	0.06583	0.01319	0.00247	0.07268
4	0.00706	0.06625	0.00716	0.00569	0.00696	0.00527	0.00441	0.00914	0.01220	0.01748	0.66361	0.03003	0.03662	0.00843	0.00493	0.00135	0.00233	0.00733	0.09936	0.00438
5	0.00763	0.00587	0.00746	0.00762	0.00892	0.00592	0.00606	0.01063	0.11218	0.01339	0.01991	0.19847	0.02114	0.07302	0.05675	0.00229	0.02154	0.31804	0.00382	0.09933
6	0.02763	0.05339	0.00893	0.00687	0.00929	0.00676	0.00554	0.07118	0.02786	0.30734	0.14491	0.06072	0.19991	0.00837	0.02192	0.00155	0.00344	0.00646	0.02215	0.00580
7	0.00585	0.00428	0.00553	0.00623	0.00679	0.00389	0.00420	0.00670	0.00867	0.01169	0.02374	0.71865	0.04706	0.05268	0.00642	0.00187	0.00276	0.01175	0.00402	0.06721
8	0.08734	0.02752	0.05262	0.00738	0.01106	0.00783	0.00625	0.02896	0.14165	0.01599	0.01157	0.01220	0.04865	0.00441	0.00368	0.00099	0.00360	0.00348	0.00307	0.52175
9	0.05159	0.01336	0.01242	0.01039	0.01316	0.24744	0.08021	0.18309	0.19870	0.03208	0.01171	0.01221	0.00888	0.00516	0.00427	0.00133	0.00543	0.00406	0.09830	0.00621
10	0.71500	0.00884	0.00732	0.00648	0.00918	0.01012	0.00526	0.09896	0.00928	0.02059	0.00818	0.06880	0.00706	0.00508	0.00321	0.00143	0.00360	0.00340	0.00310	0.00512
11	0.01099	0.03016	0.01040	0.08241	0.01277	0.00826	0.00672	0.10852	0.13272	0.07525	0.01257	0.10490	0.01080	0.00555	0.00415	0.00116	0.00383	0.00463	0.00351	0.37071
12	0.00639	0.00476	0.00590	0.00556	0.00677	0.00435	0.00419	0.02149	0.01248	0.01718	0.64627	0.03538	0.19320	0.00963	0.00533	0.00144	0.00222	0.00839	0.00483	0.00425
13	0.00987	0.00905	0.03832	0.00847	0.05260	0.00734	0.00655	0.02865	0.10538	0.01547	0.00936	0.01044	0.00757	0.00387	0.00379	0.00087	0.01563	0.00312	0.00289	0.66077
14	0.01119	0.00658	0.00705	0.00608	0.00803	0.00675	0.00479	0.16198	0.05612	0.07785	0.01415	0.01528	0.01073	0.00529	0.00362	0.00115	0.00293	0.00420	0.54978	0.04645
15	0.01693	0.02160	0.01284	0.01167	0.01401	0.82256	0.00876	0.01809	0.01284	0.01109	0.00700	0.00817	0.00584	0.00467	0.00409	0.00117	0.00817	0.00292	0.00233	0.00525
16	0.01187	0.01136	0.07279	0.03615	0.55566	0.01043	0.07195	0.03996	0.03068	0.08377	0.02529	0.01212	0.00826	0.00438	0.00457	0.00138	0.00540	0.00424	0.00269	0.00703
17	0.01036	0.00927	0.01216	0.02371	0.13703	0.01884	0.02947	0.05775	0.14802	0.01551	0.03729	0.02686	0.00974	0.00628	0.03522	0.00149	0.12756	0.00413	0.00302	0.28631
18	0.00562	0.00418	0.00524	0.00591	0.00655	0.00381	0.00411	0.00666	0.00952	0.01248	0.11577	0.56223	0.20081	0.01303	0.00565	0.00173	0.00253	0.02610	0.00429	0.00379
19	0.02736	0.00627	0.00743	0.00731	0.04703	0.00653	0.02787	0.07057	0.11471	0.01777	0.11162	0.05788	0.01605	0.00632	0.00402	0.00128	0.00293	0.01930	0.44269	0.00506
20	0.01045	0.32408	0.42563	0.01134	0.03063	0.03436	0.04529	0.01392	0.00952	0.01280	0.00783	0.02759	0.00640	0.00441	0.00403	0.00128	0.01888	0.00332	0.00201	0.00622
21	0.00610	0.00444	0.00583	0.00651	0.00724	0.00418	0.00488	0.00749	0.01006	0.01338	0.17707	0.41595	0.10981	0.01258	0.00577	0.00179	0.00287	0.19577	0.00435	0.00393
22	0.00562	0.00462	0.00497	0.00497	0.00639	0.00396	0.00377	0.00697	0.01072	0.01326	0.16890	0.05231	0.63864	0.01120	0.00540	0.00154	0.00236	0.04616	0.00433	0.00391
23	0.05484	0.11173	0.04817	0.08231	0.27766	0.04856	0.01054	0.07832	0.01885	0.01473	0.01614	0.02559	0.00759	0.00546	0.01461	0.00148	0.13482	0.00390	0.03864	0.00606
24	0.00653	0.00501	0.00568	0.00553	0.00693	0.00458	0.00413	0.00884	0.07090	0.03536	0.27300	0.11522	0.42068	0.01051	0.00532	0.00153	0.00242	0.00901	0.00451	0.00430
25	0.00639	0.00460	0.00589	0.00567	0.00674	0.00420	0.00421	0.00830	0.01219	0.02683	0.64868	0.10884	0.12069	0.00990	0.00538	0.00147	0.00222	0.00872	0.00484	0.00422
26	0.01116	0.01093	0.01931	0.02686	0.72581	0.01084	0.09985	0.01397	0.01036	0.01477	0.00859	0.01133	0.00714	0.00401	0.00458	0.00137	0.00563	0.00418	0.00225	0.00706
27	0.00939	0.00801	0.00926	0.00696	0.01062	0.00648	0.00550	0.01252	0.09670	0.01505	0.01014	0.05656	0.00880	0.00427	0.00363	0.00083	0.00334	0.00352	0.00298	0.72544
28	0.00837	0.00812	0.00965	0.00872	0.00951	0.06858	0.00699	0.00958	0.00863	0.01153	0.05322	0.02161	0.23044	0.01366	0.16414	0.00278	0.35137	0.00578	0.00284	0.00446
29	0.00558	0.00463	0.00490	0.00492	0.00637	0.00395	0.00375	0.00689	0.01061	0.01297	0.12865	0.04296	0.68238	0.01129	0.00540	0.00155	0.00238	0.05262	0.00429	0.00389
30	0.00920	0.00873	0.01455	0.56627	0.22064	0.01029	0.01252	0.01198	0.00928	0.01235	0.00904	0.01257	0.02736	0.00478	0.00512	0.00150	0.05201	0.00417	0.00213	0.00552
31	0.03653	0.01296	0.12492	0.01890	0.25805	0.02882	0.30331	0.01570	0.10873	0.03201	0.01004	0.01198	0.00769	0.00430	0.00474	0.00145	0.00614	0.00451	0.00260	0.00662
32	0.00552	0.00394	0.00526	0.00631	0.00657	0.00368	0.00421	0.00631	0.00868	0.01157	0.02498	0.83779	0.02997	0.01420	0.00578	0.00184	0.00263	0.01288	0.00421	0.00368
33	0.00714	0.00475	0.00605	0.00584	0.00703	0.00430	0.00436	0.00888	0.01175	0.07476	0.49676	0.16434	0.15505	0.01018	0.00537	0.00152	0.00240	0.02038	0.00478	0.00436
34	0.00957	0.02170	0.71166	0.01445	0.10656	0.01046	0.01621	0.01447	0.00972	0.03211	0.00839	0.00988	0.00602	0.00430	0.00433	0.00142	0.00649	0.00345	0.00203	0.00677
35	0.01185	0.71152	0.02359	0.00920	0.01297	0.01702	0.09448	0.01354	0.00926	0.01110	0.00660	0.00794	0.00594	0.00407	0.00376	0.00108	0.04548	0.00282	0.00198	0.00581
36	0.01681	0.01042	0.01186	0.00937	0.01265	0.01100	0.00763	0.44021	0.10581	0.25632	0.01456	0.05913	0.01066	0.00606	0.00462	0.00142	0.00437	0.00483	0.00484	0.00742
37	0.01638	0.02079	0.01245	0.01134	0.01363	0.78358	0.00850	0.01754	0.01272	0.01114	0.00886	0.00986	0.04415	0.00499	0.00415	0.00118	0.00789	0.00323	0.00242	0.00519
38	0.00705	0.00455	0.00582	0.00623	0.00687	0.00431	0.00427	0.00826	0.02980	0.07110	0.09864	0.50945	0.04653	0.14984	0.00848	0.00218	0.00301	0.02548	0.00415	0.00398
39	0.00556	0.00401	0.00528	0.00628	0.00662	0.00373	0.00425	0.00640	0.00880	0.01165	0.02595	0.77954	0.06704	0.01402	0.00578	0.00183	0.00265	0.03271	0.00421	0.00370
40	0.01184	0.01196	0.01778	0.02604	0.72475	0.09997	0.01334	0.01437	0.01060	0.01440	0.00836	0.01088	0.00703	0.00411	0.00444	0.00133	0.00569	0.00391	0.00225	0.00697
41	0.00730	0.00522	0.00730	0.00835	0.00939	0.00522	0.00730	0.00939	0.01043	0.01356	0.02399	0.05111	0.02608	0.01252	0.00626	0.00209	0.00417	0.78199	0.00417	0.00417
42	0.00787	0.00394	0.00590	0.00590	0.00590	0.00394	0.00394	0.00590	0.00590	0.00787	0.00787	0.01377	0.00787	0.01574	0.01771	0.86816	0.00394	0.00394	0.00197	0.00197
43	0.00549	0.00460	0.00478	0.00474	0.00621	0.00388	0.00355	0.00677	0.01066	0.01302	0.14660	0.04232	0.70946	0.01118	0.00535	0.00152	0.00227	0.00938	0.00431	0.00388
44	0.01568	0.01178	0.01271	0.01006	0.01336	0.01314	0.00822	0.63058	0.14471	0.02603	0.01215	0.01222	0.00888	0.00715	0.05032	0.00172	0.00516	0.00429	0.00443	0.00742
45	0.00648	0.00442	0.00523	0.00527	0.00546	0.00441	0.00320	0.00688	0.00747	0.01013	0.10238	0.08879	0.02003	0.63840	0.06963	0.00406	0.00450	0.00712	0.00308	0.00306
46	0.00675	0.00482	0.00667	0.00772	0.00852	0.00474	0.00635	0.00844	0.00989	0.01295	0.02430	0.29373	0.02728	0.01304	0.00611	0.00201	0.00370	0.54479	0.00418	0.00402

[dist]
# distance from previous block
# <min> <max>
0	2

[block]
# block no. 4 follows, 57 sequences, length 46
# corresponding to MSA columns:
# 271-275,286-314,319-330
name=unknown_E
#
# <colnr> <probs for GDERKNQSTAVLIFYWHMCP>
#	G	D	E	R	K	N	Q	S	T	A	V	L	I	F	Y	W	H	M	C	P
0	0.01123	0.01053	0.01655	0.02360	0.63120	0.01088	0.01238	0.01621	0.19008	0.01574	0.01077	0.01250	0.00868	0.00452	0.00451	0.00139	0.00498	0.00428	0.00278	0.00718
1	0.00536	0.00459	0.00459	0.00459	0.00612	0.00383	0.00344	0.00650	0.01033	0.01224	0.04590	0.04361	0.81065	0.01148	0.00536	0.00153	0.00230	0.00956	0.00421	0.00383
2	0.00945	0.02090	0.63829	0.01432	0.02053	0.01074	0.19318	0.01439	0.00982	0.01439	0.00837	0.01017	0.00600	0.00420	0.00454	0.00146	0.00691	0.00380	0.00200	0.00656
3	0.01327	0.65538	0.02145	0.00836	0.01218	0.01705	0.00795	0.19103	0.01195	0.01471	0.00734	0.00809	0.00624	0.00423	0.00328	0.00106	0.00488	0.00280	0.00253	0.00624
4	0.87276	0.00876	0.00666	0.00596	0.00876	0.01017	0.00491	0.01332	0.00771	0.02033	0.00631	0.00736	0.00491	0.00421	0.00280	0.00140	0.00351	0.00245	0.00280	0.00491
5	0.01699	0.01958	0.01301	0.01139	0.01402	0.63951	0.00872	0.19453	0.01476	0.01504	0.00788	0.00878	0.00626	0.00484	0.00419	0.00121	0.00745	0.00318	0.00283	0.00581
6	0.01563	0.01914	0.01410	0.01533	0.19479	0.63876	0.00992	0.01715	0.01227	0.01193	0.00735	0.00886	0.00614	0.00453	0.00418	0.00121	0.00754	0.00317	0.00231	0.00569
7	0.00631	0.00444	0.00486	0.00486	0.00521	0.00426	0.00290	0.00657	0.00744	0.00957	0.02144	0.03281	0.19628	0.65300	0.01905	0.00374	0.00392	0.00726	0.00308	0.00299
8	0.67707	0.00774	0.00611	0.00557	0.00797	0.00882	0.00451	0.01269	0.00812	0.01955	0.00823	0.00952	0.00643	0.00445	0.00289	0.00132	0.00319	0.00285	0.19822	0.00475
9	0.00956	0.00533	0.00707	0.00624	0.00786	0.00482	0.00482	0.01161	0.01286	0.19872	0.63073	0.02968	0.03562	0.00844	0.00517	0.00142	0.00253	0.00737	0.00513	0.00505
10	0.01524	0.01077	0.01148	0.00902	0.01207	0.01183	0.00738	0.61924	0.01863	0.02592	0.01176	0.01224	0.00859	0.00540	0.00422	0.00129	0.00434	0.00411	0.19955	0.00692
11	0.00559	0.00460	0.00492	0.00484	0.00626	0.00393	0.00363	0.00696	0.01088	0.01356	0.21569	0.04144	0.64004	0.01098	0.00535	0.00151	0.00226	0.00926	0.00438	0.00393
12	0.01070	0.01222	0.02674	0.01910	0.02368	0.01146	0.79603	0.01451	0.01070	0.01451	0.00917	0.01222	0.00688	0.00382	0.00535	0.00153	0.00764	0.00535	0.00229	0.00611
13	0.01021	0.02187	0.73656	0.01243	0.01881	0.01014	0.01573	0.01512	0.00991	0.09452	0.00911	0.01015	0.00629	0.00444	0.00433	0.00143	0.00641	0.00347	0.00228	0.00680
14	0.01118	0.68870	0.09039	0.00788	0.01177	0.01588	0.00810	0.01293	0.00935	0.01114	0.01042	0.01110	0.08633	0.00467	0.00327	0.00107	0.00475	0.00322	0.00216	0.00569
15	0.00925	0.00789	0.00836	0.00767	0.00981	0.00864	0.00592	0.01797	0.51923	0.01714	0.10477	0.02553	0.22334	0.00784	0.00488	0.00152	0.00311	0.00658	0.00454	0.00601
16	0.00817	0.00592	0.00715	0.00724	0.00827	0.00603	0.00520	0.18541	0.01153	0.01541	0.02178	0.65058	0.02493	0.01221	0.00550	0.00173	0.00316	0.01089	0.00428	0.00459
17	0.08509	0.01357	0.29590	0.00971	0.01429	0.00861	0.01017	0.05028	0.01168	0.43562	0.01321	0.01251	0.00863	0.00503	0.00433	0.00141	0.00488	0.00394	0.00403	0.00713
18	0.00909	0.02344	0.81727	0.01292	0.01961	0.01052	0.01674	0.01435	0.00957	0.01435	0.00813	0.00957	0.00574	0.00431	0.00431	0.00144	0.00670	0.00335	0.00191	0.00670
19	0.00583	0.00455	0.00494	0.00487	0.00597	0.00404	0.00344	0.00690	0.00994	0.01254	0.17806	0.03867	0.49085	0.19883	0.00936	0.00216	0.00274	0.00864	0.00402	0.00366
20	0.01065	0.01302	0.10394	0.02045	0.20186	0.01121	0.54099	0.01436	0.01050	0.01456	0.00892	0.01173	0.00683	0.00392	0.00505	0.00148	0.00703	0.00485	0.00224	0.00641
21	0.01441	0.01094	0.01393	0.01389	0.19412	0.01152	0.03964	0.42124	0.04884	0.08126	0.01461	0.01487	0.08840	0.00570	0.00464	0.00139	0.00477	0.00475	0.00398	0.00711
22	0.00629	0.00460	0.00562	0.00536	0.00654	0.00417	0.00402	0.00820	0.01207	0.01675	0.59093	0.03507	0.21480	0.00953	0.00522	0.00143	0.00217	0.00827	0.05476	0.00417
23	0.00930	0.02217	0.73735	0.01441	0.09894	0.01055	0.01646	0.01431	0.00964	0.01440	0.00817	0.00973	0.00588	0.00428	0.00432	0.00143	0.00657	0.00342	0.00195	0.00674
24	0.01338	0.01001	0.01098	0.00915	0.01178	0.01096	0.00726	0.48655	0.12050	0.02305	0.04607	0.19978	0.01491	0.00766	0.00486	0.00149	0.00416	0.00637	0.00449	0.00659
25	0.01086	0.02302	0.63514	0.01263	0.01834	0.19437	0.01493	0.01520	0.01031	0.01361	0.00788	0.00925	0.00576	0.00439	0.00426	0.00137	0.00703	0.00325	0.00201	0.00637
26	0.01980	0.00783	0.01050	0.00813	0.01158	0.00693	0.00669	0.02220	0.05888	0.76940	0.01791	0.01551	0.01137	0.00564	0.00456	0.00141	0.00384	0.00459	0.00555	0.00768
27	0.01491	0.00709	0.00889	0.00724	0.01001	0.00644	0.00583	0.06229	0.05312	0.46774	0.10310	0.02346	0.19530	0.00732	0.00482	0.00144	0.00338	0.00606	0.00512	0.00646
28	0.01678	0.19792	0.01370	0.00820	0.01178	0.04145	0.00701	0.07391	0.03413	0.44435	0.01337	0.01241	0.00916	0.00496	0.00404	0.00122	0.00427	0.00380	0.00425	0.09329
29	0.00689	0.00437	0.00513	0.00524	0.00561	0.00446	0.00339	0.00767	0.00755	0.01114	0.01517	0.10599	0.01602	0.45811	0.12666	0.00378	0.00476	0.00645	0.19827	0.00335
30	0.00716	0.00487	0.00550	0.00536	0.00559	0.00495	0.00320	0.05249	0.00754	0.01007	0.01445	0.05969	0.01639	0.74480	0.03661	0.00417	0.00451	0.00665	0.00290	0.00309
31	0.01156	0.55913	0.11526	0.01290	0.19388	0.01544	0.01020	0.01374	0.00950	0.01203	0.00702	0.00843	0.00611	0.00396	0.00343	0.00111	0.00518	0.00290	0.00200	0.00623
32	0.01007	0.09380	0.02204	0.01553	0.01924	0.01069	0.53859	0.01326	0.01049	0.01391	0.01224	0.02053	0.01112	0.00579	0.00531	0.00160	0.00658	0.18089	0.00268	0.00564
33	0.00550	0.00462	0.00480	0.00489	0.00636	0.00392	0.00373	0.00671	0.01030	0.01232	0.04391	0.06006	0.73876	0.01161	0.00543	0.00158	0.00244	0.06501	0.00421	0.00385
34	0.01600	0.01167	0.01247	0.00974	0.01304	0.01291	0.00798	0.67379	0.06555	0.02683	0.01171	0.01183	0.00845	0.00546	0.00440	0.00134	0.00462	0.00415	0.09072	0.00733
35	0.00846	0.01119	0.19480	0.56244	0.02614	0.00959	0.01269	0.01190	0.00955	0.01286	0.08831	0.01369	0.00965	0.00495	0.00456	0.00148	0.00580	0.00429	0.00229	0.00533
36	0.00647	0.00485	0.00728	0.00728	0.00809	0.00566	0.00566	0.00809	0.00728	0.01052	0.01214	0.01780	0.01133	0.03398	0.82279	0.00728	0.01214	0.00485	0.00243	0.00405
37	0.00637	0.00445	0.00542	0.00566	0.00579	0.00453	0.00353	0.00672	0.00723	0.00974	0.01696	0.25825	0.01971	0.53401	0.06623	0.00378	0.02715	0.00820	0.00312	0.00315
38	0.01015	0.00546	0.00670	0.00596	0.00786	0.00477	0.00462	0.01173	0.01156	0.24901	0.21855	0.08139	0.30589	0.00911	0.00504	0.00146	0.00273	0.00773	0.04519	0.00508
39	0.01427	0.01061	0.01160	0.00925	0.01221	0.01160	0.00751	0.55263	0.08637	0.02538	0.19247	0.01660	0.01617	0.00637	0.00472	0.00139	0.00422	0.00510	0.00464	0.00688
40	0.00856	0.00805	0.01359	0.82986	0.03121	0.01007	0.01258	0.01158	0.00906	0.01158	0.00805	0.01208	0.00604	0.00453	0.00453	0.00151	0.00604	0.00403	0.00201	0.00503
41	0.23387	0.19720	0.01254	0.00746	0.01087	0.01010	0.00646	0.01794	0.01079	0.43241	0.01233	0.01154	0.00840	0.00486	0.00374	0.00130	0.00399	0.00354	0.00407	0.00657
42	0.01122	0.01077	0.01839	0.02781	0.81248	0.01077	0.01391	0.01391	0.01032	0.01480	0.00852	0.01122	0.00718	0.00404	0.00449	0.00135	0.00538	0.00404	0.00224	0.00718
43	0.00698	0.00560	0.00639	0.00641	0.00773	0.00559	0.00474	0.01088	0.19010	0.01470	0.17405	0.25422	0.25514	0.01064	0.00532	0.00161	0.00270	0.02814	0.00444	0.00463
44	0.00587	0.00445	0.00541	0.00552	0.00652	0.00399	0.00401	0.00737	0.01103	0.01473	0.38273	0.23819	0.27136	0.01117	0.00546	0.00156	0.00231	0.00978	0.00456	0.00399
45	0.01711	0.01264	0.09331	0.01014	0.01405	0.01203	0.00898	0.54351	0.01824	0.20533	0.01219	0.01178	0.00830	0.00536	0.00452	0.00138	0.00490	0.00411	0.00451	0.00761

[dist]
# distance from previous block
# <min> <max>
0	86

[block]
# block no. 5 follows, 57 sequences, length 61
# corresponding to MSA columns:
# 417-450,465-474,481,482,485-499
name=unknown_F
#
# <colnr> <probs for GDERKNQSTAVLIFYWHMCP>
#	G	D	E	R	K	N	Q	S	T	A	V	L	I	F	Y	W	H	M	C	P
0	0.01063	0.00994	0.01661	0.02468	0.69173	0.00994	0.01255	0.03069	0.01036	0.01470	0.01067	0.11650	0.01009	0.00536	0.00465	0.00141	0.00502	0.00516	0.00254	0.00674
1	0.00641	0.00462	0.00597	0.00563	0.00672	0.00426	0.00423	0.00852	0.01268	0.01794	0.76819	0.03387	0.06927	0.00927	0.00530	0.00142	0.00214	0.00817	0.02113	0.00426
2	0.01918	0.00742	0.01004	0.00779	0.01107	0.00645	0.00640	0.02097	0.01281	0.74454	0.05257	0.01630	0.01262	0.00575	0.00453	0.00139	0.00370	0.00470	0.04437	0.00740
3	0.01122	0.01077	0.01839	0.02781	0.81248	0.01077	0.01391	0.01391	0.01032	0.01480	0.00852	0.01122	0.00718	0.00404	0.00449	0.00135	0.00538	0.00404	0.00224	0.00718
4	0.00647	0.00485	0.00728	0.00728	0.00809	0.00566	0.00566	0.00809	0.00728	0.01052	0.01214	0.01780	0.01133	0.03398	0.82279	0.00728	0.01214	0.00485	0.00243	0.00405
5	0.00940	0.00805	0.00940	0.00671	0.01074	0.00604	0.00537	0.01141	0.00940	0.01477	0.00805	0.00940	0.00671	0.00336	0.00336	0.00067	0.00336	0.00268	0.00268	0.86845
6	0.00978	0.00974	0.01387	0.01185	0.01199	0.01345	0.02754	0.01086	0.00704	0.01097	0.00630	0.01032	0.00621	0.00901	0.05108	0.00221	0.77678	0.00404	0.00201	0.00494
7	0.00737	0.00496	0.00551	0.00521	0.00689	0.00422	0.00396	0.00866	0.01082	0.11508	0.11028	0.07366	0.60569	0.01065	0.00527	0.00152	0.00249	0.00895	0.00446	0.00435
8	0.01045	0.21546	0.41395	0.01009	0.01492	0.01118	0.01159	0.04813	0.01027	0.07193	0.01291	0.05810	0.08145	0.00555	0.00418	0.00135	0.00534	0.00434	0.00264	0.00617
9	0.01173	0.73902	0.12483	0.00841	0.01265	0.01699	0.00890	0.01367	0.00925	0.01113	0.00653	0.00756	0.00581	0.00393	0.00309	0.00103	0.00508	0.00254	0.00194	0.00593
10	0.00691	0.00550	0.00812	0.00787	0.00858	0.00671	0.00621	0.00845	0.00724	0.01057	0.01135	0.01680	0.01064	0.03067	0.71988	0.00661	0.11663	0.00474	0.00237	0.00416
11	0.00856	0.00805	0.01359	0.82986	0.03121	0.01007	0.01258	0.01158	0.00906	0.01158	0.00805	0.01208	0.00604	0.00453	0.00453	0.00151	0.00604	0.00403	0.00201	0.00503
12	0.00917	0.00864	0.01479	0.55344	0.12739	0.01000	0.08768	0.01245	0.03512	0.01279	0.00922	0.01329	0.00726	0.00473	0.00474	0.00149	0.01779	0.02342	0.04116	0.00542
13	0.02023	0.00787	0.01062	0.00814	0.01165	0.00690	0.00672	0.04726	0.01324	0.79007	0.01765	0.01528	0.01110	0.00560	0.00456	0.00140	0.00389	0.00454	0.00557	0.00771
14	0.00630	0.00463	0.00589	0.00558	0.00670	0.00423	0.00418	0.00832	0.01255	0.01751	0.72554	0.03493	0.12772	0.00951	0.00535	0.00144	0.00216	0.00835	0.00490	0.00423
15	0.00957	0.02540	0.07764	0.07036	0.08271	0.00925	0.36858	0.01278	0.01105	0.03687	0.21823	0.01800	0.02742	0.00550	0.00508	0.00146	0.00562	0.00573	0.00305	0.00570
16	0.00909	0.02344	0.81727	0.01292	0.01961	0.01052	0.01674	0.01435	0.00957	0.01435	0.00813	0.00957	0.00574	0.00431	0.00431	0.00144	0.00670	0.00335	0.00191	0.00670
17	0.00557	0.00408	0.00522	0.00611	0.00657	0.00376	0.00417	0.00644	0.00893	0.01168	0.02769	0.68868	0.13862	0.02729	0.00602	0.00185	0.00266	0.03676	0.00418	0.00370
18	0.01211	0.84348	0.02374	0.00775	0.01163	0.01793	0.00775	0.01357	0.00921	0.01066	0.00630	0.00727	0.00582	0.00388	0.00291	0.00097	0.00485	0.00242	0.00194	0.00582
19	0.00909	0.02344	0.81727	0.01292	0.01961	0.01052	0.01674	0.01435	0.00957	0.01435	0.00813	0.00957	0.00574	0.00431	0.00431	0.00144	0.00670	0.00335	0.00191	0.00670
20	0.01101	0.01056	0.01802	0.08991	0.75199	0.01071	0.01380	0.01373	0.01022	0.01455	0.00849	0.01128	0.00709	0.00408	0.00449	0.00136	0.00543	0.00404	0.00223	0.00701
21	0.00980	0.02024	0.61735	0.01248	0.01827	0.01081	0.04998	0.04135	0.14618	0.01561	0.01003	0.01099	0.00724	0.00464	0.00441	0.00145	0.00615	0.00377	0.00248	0.00678
22	0.00684	0.00491	0.00696	0.00689	0.00766	0.00567	0.00530	0.00840	0.00751	0.01123	0.01241	0.01818	0.01151	0.08019	0.64200	0.00614	0.03690	0.00485	0.11242	0.00402
23	0.00592	0.00429	0.00556	0.00620	0.00671	0.00407	0.00425	0.00735	0.03429	0.01310	0.19039	0.60356	0.04196	0.04204	0.00626	0.00183	0.00261	0.01139	0.00433	0.00388
24	0.01700	0.04939	0.01403	0.01033	0.01394	0.02948	0.00858	0.74821	0.02061	0.02744	0.01060	0.01067	0.00759	0.00536	0.00445	0.00134	0.00504	0.00398	0.00438	0.00758
25	0.00576	0.00413	0.00552	0.00654	0.00694	0.00389	0.00461	0.00673	0.00895	0.01185	0.02536	0.71191	0.04865	0.01390	0.00584	0.00187	0.00283	0.11677	0.00420	0.00375
26	0.00874	0.00507	0.00678	0.00650	0.00701	0.00533	0.00455	0.04398	0.10836	0.01037	0.00947	0.01409	0.00869	0.01388	0.01520	0.70418	0.00391	0.00410	0.01687	0.00293
27	0.00638	0.00499	0.00730	0.04526	0.11031	0.00486	0.00581	0.00751	0.00890	0.01198	0.02214	0.69620	0.02601	0.01248	0.00556	0.00176	0.00313	0.01137	0.00386	0.00419
28	0.00701	0.00601	0.04213	0.00640	0.00789	0.00529	0.00516	0.01036	0.09568	0.01769	0.63607	0.03189	0.07409	0.00890	0.00524	0.00146	0.00255	0.02676	0.00476	0.00466
29	0.00662	0.00482	0.00642	0.00707	0.00804	0.00462	0.00576	0.00841	0.01063	0.01406	0.19129	0.17859	0.10945	0.01201	0.00590	0.00185	0.00330	0.41274	0.00435	0.00408
30	0.01031	0.00572	0.00621	0.00558	0.00708	0.00594	0.00436	0.10018	0.01101	0.07895	0.01519	0.01665	0.03673	0.00564	0.00403	0.00117	0.04001	0.00439	0.63593	0.00490
31	0.00947	0.12790	0.71619	0.01226	0.01860	0.01147	0.01560	0.01425	0.00952	0.01388	0.00790	0.00927	0.00575	0.00425	0.00413	0.00138	0.00646	0.00323	0.00192	0.00658
32	0.00594	0.00461	0.00540	0.00520	0.00648	0.00407	0.00390	0.00763	0.01171	0.01552	0.46817	0.03822	0.38634	0.01025	0.00535	0.00147	0.00221	0.00881	0.00464	0.00407
33	0.00856	0.00805	0.01359	0.82986	0.03121	0.01007	0.01258	0.01158	0.00906	0.01158	0.00805	0.01208	0.00604	0.00453	0.00453	0.00151	0.00604	0.00403	0.00201	0.00503
34	0.01693	0.02160	0.01284	0.01167	0.01401	0.82256	0.00876	0.01809	0.01284	0.01109	0.00700	0.00817	0.00584	0.00467	0.00409	0.00117	0.00817	0.00292	0.00233	0.00525
35	0.00962	0.00978	0.01350	0.72564	0.02902	0.11356	0.01210	0.01241	0.00954	0.01152	0.00792	0.01158	0.00601	0.00455	0.00447	0.00147	0.00631	0.00389	0.00205	0.00506
36	0.00647	0.00485	0.00728	0.00728	0.00809	0.00566	0.00566	0.00809	0.00728	0.01052	0.01214	0.01780	0.01133	0.03398	0.82279	0.00728	0.01214	0.00485	0.00243	0.00405
37	0.01184	0.00749	0.00784	0.00662	0.00867	0.00802	0.00527	0.31442	0.01406	0.02140	0.01327	0.01457	0.01011	0.00534	0.00369	0.00117	0.00322	0.00417	0.53325	0.00557
38	0.01358	0.01028	0.01117	0.00934	0.01209	0.01137	0.00742	0.43054	0.24102	0.03514	0.01555	0.15435	0.01331	0.00714	0.00477	0.00149	0.00417	0.00589	0.00452	0.00687
39	0.00552	0.00394	0.00526	0.00631	0.00657	0.00368	0.00421	0.00631	0.00868	0.01157	0.02498	0.83779	0.02997	0.01420	0.00578	0.00184	0.00263	0.01288	0.00421	0.00368
40	0.00933	0.00924	0.01270	0.01097	0.01116	0.01260	0.00909	0.01034	0.00737	0.01108	0.01104	0.01421	0.10845	0.00838	0.01366	0.00193	0.72671	0.00468	0.00227	0.00481
41	0.01211	0.84348	0.02374	0.00775	0.01163	0.01793	0.00775	0.01357	0.00921	0.01066	0.00630	0.00727	0.00582	0.00388	0.00291	0.00097	0.00485	0.00242	0.00194	0.00582
42	0.00566	0.00448	0.00510	0.00526	0.00643	0.00392	0.00386	0.00696	0.01051	0.01336	0.19904	0.20269	0.47441	0.01160	0.00546	0.00159	0.00238	0.02904	0.00437	0.00390
43	0.00815	0.00502	0.00657	0.00596	0.00736	0.00456	0.00455	0.01020	0.01276	0.11954	0.68221	0.03185	0.06584	0.00888	0.00524	0.00143	0.00236	0.00778	0.00504	0.00470
44	0.00741	0.00621	0.00653	0.00619	0.00800	0.00617	0.00476	0.03913	0.21557	0.01487	0.07479	0.04959	0.50083	0.00986	0.00517	0.00154	0.00278	0.03137	0.00436	0.00486
45	0.01122	0.01077	0.01839	0.02781	0.81248	0.01077	0.01391	0.01391	0.01032	0.01480	0.00852	0.01122	0.00718	0.00404	0.00449	0.00135	0.00538	0.00404	0.00224	0.00718
46	0.01693	0.02160	0.01284	0.01167	0.01401	0.82256	0.00876	0.01809	0.01284	0.01109	0.00700	0.00817	0.00584	0.00467	0.00409	0.00117	0.00817	0.00292	0.00233	0.00525
47	0.00605	0.00419	0.00547	0.00620	0.00667	0.00393	0.00435	0.00664	0.00864	0.01128	0.02491	0.50633	0.12686	0.05112	0.00808	0.11230	0.00300	0.09664	0.00385	0.00349
48	0.00927	0.17233	0.53169	0.01155	0.05128	0.01105	0.01326	0.01319	0.00963	0.01342	0.01262	0.01355	0.10835	0.00513	0.00419	0.00136	0.00574	0.00400	0.00222	0.00619
49	0.01122	0.01077	0.01839	0.02781	0.81248	0.01077	0.01391	0.01391	0.01032	0.01480	0.00852	0.01122	0.00718	0.00404	0.00449	0.00135	0.00538	0.00404	0.00224	0.00718
50	0.00541	0.00439	0.00480	0.00513	0.00626	0.00378	0.00368	0.00644	0.00981	0.01203	0.03928	0.29506	0.56347	0.01234	0.00549	0.00163	0.00240	0.01061	0.00421	0.00378
51	0.01122	0.01077	0.01839	0.02781	0.81248	0.01077	0.01391	0.01391	0.01032	0.01480	0.00852	0.01122	0.00718	0.00404	0.00449	0.00135	0.00538	0.00404	0.00224	0.00718
52	0.01148	0.01050	0.01687	0.17769	0.56262	0.01105	0.01298	0.11326	0.01148	0.01594	0.00873	0.01134	0.00703	0.00431	0.00450	0.00138	0.00546	0.00404	0.00249	0.00684
53	0.01039	0.00864	0.00993	0.00718	0.01116	0.00706	0.00578	0.11153	0.01091	0.01652	0.00841	0.00959	0.00684	0.00362	0.00351	0.00076	0.00356	0.00286	0.00292	0.75881
54	0.00831	0.00759	0.01249	0.72478	0.02786	0.00934	0.01133	0.01094	0.00875	0.01122	0.00885	0.01432	0.00737	0.11105	0.00689	0.00188	0.00583	0.00435	0.00211	0.00474
55	0.01623	0.01329	0.01298	0.01023	0.01366	0.11626	0.00830	0.59168	0.06602	0.02470	0.01062	0.01078	0.00776	0.00522	0.00439	0.00129	0.00518	0.00389	0.00412	0.07341
56	0.01686	0.01216	0.02656	0.01007	0.01360	0.03274	0.00836	0.58621	0.10063	0.12715	0.01241	0.01199	0.00871	0.00550	0.00453	0.00138	0.00481	0.00421	0.00458	0.00757
57	0.01693	0.02160	0.01284	0.01167	0.01401	0.82256	0.00876	0.01809	0.01284	0.01109	0.00700	0.00817	0.00584	0.00467	0.00409	0.00117	0.00817	0.00292	0.00233	0.00525
58	0.01747	0.00890	0.01072	0.00863	0.01186	0.02189	0.00699	0.08248	0.23749	0.51626	0.01732	0.01537	0.01160	0.00573	0.00456	0.00143	0.00394	0.00465	0.00519	0.00752
59	0.04052	0.15816	0.32801	0.01096	0.01535	0.01081	0.10250	0.01407	0.05488	0.05547	0.04966	0.01239	0.00917	0.00837	0.10848	0.00211	0.00651	0.00399	0.00256	0.00603
60	0.01529	0.01338	0.12879	0.01048	0.01424	0.01257	0.00948	0.55432	0.04013	0.07104	0.01155	0.04745	0.00872	0.00578	0.00493	0.00142	0.03462	0.00441	0.00412	0.00727

[dist]
# distance from previous block
# <min> <max>
0	3

# created by:
# /st0/software/busco_prod/Augustus/scripts/msa2prfl.pl ./align_prep/112672.fa
