[name]
unknown

[dist]
# distance from previous block
# <min> <max>
0	20

[block]
# block no. 0 follows, 63 sequences, length 26
# corresponding to MSA columns:
# 243-268
name=unknown_A
#
# <colnr> <probs for GDERKNQSTAVLIFYWHMCP>
#	G	D	E	R	K	N	Q	S	T	A	V	L	I	F	Y	W	H	M	C	P
0	0.01389	0.03825	0.04108	0.00868	0.01155	0.00791	0.07059	0.12896	0.06042	0.37159	0.01488	0.07652	0.01166	0.00773	0.05857	0.00173	0.00456	0.06113	0.00413	0.00618
1	0.00802	0.06191	0.00903	0.00763	0.00879	0.06771	0.00610	0.06591	0.00815	0.01102	0.01002	0.01419	0.00917	0.02392	0.59627	0.00518	0.07629	0.00411	0.00232	0.00425
2	0.01321	0.07756	0.01136	0.00951	0.01152	0.59649	0.00729	0.01437	0.01076	0.01026	0.00970	0.01115	0.06436	0.00866	0.12407	0.00191	0.00750	0.00337	0.00228	0.00466
3	0.88196	0.00813	0.00618	0.00553	0.00813	0.00943	0.00455	0.01236	0.00715	0.01886	0.00585	0.00683	0.00455	0.00390	0.00260	0.00130	0.00325	0.00228	0.00260	0.00455
4	0.82009	0.00827	0.00657	0.00577	0.00842	0.00951	0.00475	0.04926	0.00786	0.03998	0.00632	0.00717	0.00482	0.00399	0.00272	0.00130	0.00332	0.00240	0.00274	0.00474
5	0.01576	0.00668	0.00846	0.00672	0.00939	0.00613	0.00548	0.08059	0.01181	0.55302	0.01532	0.01433	0.01024	0.00511	0.00389	0.00121	0.00324	0.00411	0.23220	0.00631
6	0.00559	0.00428	0.00516	0.00522	0.00631	0.00385	0.00398	0.00710	0.01041	0.01371	0.36116	0.11136	0.33744	0.01014	0.00509	0.00146	0.00229	0.09748	0.00420	0.00375
7	0.00548	0.00412	0.00508	0.00518	0.00608	0.00371	0.00376	0.00690	0.01029	0.01384	0.41423	0.25172	0.23357	0.01033	0.00507	0.00145	0.00214	0.00908	0.00425	0.00371
8	0.03992	0.00735	0.00977	0.00751	0.01075	0.00651	0.00621	0.04928	0.01220	0.77969	0.01608	0.01397	0.01014	0.00517	0.00419	0.00130	0.00361	0.00416	0.00510	0.00709
9	0.00677	0.00484	0.00677	0.00774	0.00871	0.00484	0.00677	0.00871	0.00968	0.01258	0.02226	0.04742	0.02419	0.01161	0.00581	0.00194	0.00387	0.79775	0.00387	0.00387
10	0.01110	0.00917	0.01554	0.12438	0.51207	0.00925	0.06820	0.01373	0.02375	0.12594	0.00978	0.01256	0.00777	0.00431	0.00430	0.00132	0.00495	0.03300	0.00259	0.00630
11	0.88196	0.00813	0.00618	0.00553	0.00813	0.00943	0.00455	0.01236	0.00715	0.01886	0.00585	0.00683	0.00455	0.00390	0.00260	0.00130	0.00325	0.00228	0.00260	0.00455
12	0.00983	0.08239	0.04978	0.07498	0.58231	0.01007	0.04213	0.01228	0.00939	0.01301	0.01018	0.01225	0.06454	0.00426	0.00412	0.00125	0.00492	0.00400	0.00216	0.00614
13	0.07526	0.31263	0.03775	0.00976	0.03598	0.42806	0.02124	0.01473	0.01020	0.01099	0.00633	0.00741	0.00540	0.00400	0.00336	0.00105	0.00607	0.00259	0.00205	0.00514
14	0.00784	0.00392	0.00392	0.00392	0.00490	0.00392	0.00294	0.00980	0.00882	0.01567	0.01371	0.01567	0.01077	0.00490	0.00294	0.00098	0.00196	0.00392	0.87560	0.00392
15	0.00597	0.00427	0.00548	0.00519	0.00605	0.00398	0.00377	0.00768	0.01110	0.01566	0.71189	0.03086	0.03630	0.12510	0.00723	0.00170	0.00227	0.00740	0.00434	0.00377
16	0.01778	0.00723	0.00950	0.00736	0.01044	0.00650	0.00605	0.07726	0.01234	0.70592	0.01588	0.01411	0.01020	0.00517	0.00412	0.00127	0.00352	0.00417	0.07429	0.00690
17	0.00497	0.00426	0.00426	0.00426	0.00568	0.00355	0.00319	0.00603	0.00958	0.01136	0.04259	0.04046	0.82433	0.01065	0.00497	0.00142	0.00213	0.00887	0.00390	0.00355
18	0.15776	0.00718	0.00880	0.00695	0.00996	0.00664	0.00572	0.03440	0.01121	0.61592	0.01677	0.01508	0.07406	0.00542	0.00402	0.00131	0.00343	0.00427	0.00466	0.00645
19	0.01410	0.00929	0.00991	0.00828	0.01097	0.07444	0.00659	0.12509	0.31897	0.29029	0.07401	0.01498	0.01263	0.00555	0.00426	0.00133	0.00382	0.00449	0.00444	0.00655
20	0.01124	0.85479	0.02203	0.00719	0.01079	0.01663	0.00719	0.01259	0.00854	0.00989	0.00584	0.00674	0.00539	0.00360	0.00270	0.00090	0.00450	0.00225	0.00180	0.00539
21	0.00883	0.00843	0.01334	0.24813	0.27087	0.01006	0.01054	0.01075	0.00813	0.01148	0.00852	0.09148	0.00806	0.00590	0.00727	0.00152	0.26491	0.00452	0.00212	0.00515
22	0.00774	0.00717	0.01174	0.63533	0.05603	0.00880	0.01047	0.01011	0.00826	0.01081	0.00952	0.12680	0.00870	0.00565	0.00504	0.00147	0.06478	0.00487	0.00216	0.00457
23	0.00589	0.00400	0.00472	0.00494	0.00502	0.00397	0.00294	0.00610	0.00657	0.00878	0.01540	0.21087	0.01793	0.63863	0.04371	0.00363	0.00394	0.00737	0.00284	0.00278
24	0.76099	0.00760	0.00610	0.00550	0.00787	0.00868	0.00447	0.01175	0.00781	0.01858	0.11881	0.01022	0.00940	0.00455	0.00293	0.00130	0.00308	0.00301	0.00288	0.00447
25	0.00714	0.06695	0.00924	0.00707	0.00900	0.07163	0.11555	0.00875	0.01017	0.01252	0.18354	0.04227	0.42359	0.00830	0.00472	0.00134	0.00339	0.00717	0.00351	0.00416

[dist]
# distance from previous block
# <min> <max>
0	3

[block]
# block no. 1 follows, 63 sequences, length 69
# corresponding to MSA columns:
# 272-340
name=unknown_B
#
# <colnr> <probs for GDERKNQSTAVLIFYWHMCP>
#	G	D	E	R	K	N	Q	S	T	A	V	L	I	F	Y	W	H	M	C	P
0	0.21499	0.01042	0.01974	0.01436	0.01820	0.01013	0.58684	0.01308	0.00922	0.01474	0.00784	0.01017	0.00594	0.00361	0.00433	0.00136	0.00602	0.00422	0.00225	0.04253
1	0.20052	0.07313	0.00963	0.00689	0.00991	0.00761	0.00572	0.01669	0.02851	0.46917	0.01301	0.04949	0.00926	0.00500	0.00372	0.00123	0.00348	0.00387	0.00408	0.07906
2	0.00869	0.00927	0.01895	0.01406	0.01719	0.00878	0.56719	0.01139	0.00931	0.01249	0.01321	0.07825	0.07765	0.08414	0.00675	0.00171	0.02491	0.02864	0.00249	0.00496
3	0.08302	0.00872	0.00922	0.04371	0.01133	0.01010	0.00663	0.02047	0.68806	0.01719	0.01596	0.03337	0.01231	0.00573	0.00418	0.00143	0.00341	0.01486	0.00402	0.00629
4	0.00529	0.00423	0.00473	0.00469	0.00590	0.00367	0.00349	0.00661	0.01020	0.01303	0.28532	0.09536	0.52231	0.01019	0.00499	0.00141	0.00211	0.00869	0.00413	0.00367
5	0.01597	0.02498	0.03180	0.00861	0.01183	0.00973	0.00723	0.33722	0.11857	0.35058	0.01375	0.01322	0.00948	0.00528	0.00422	0.00131	0.00405	0.02069	0.00451	0.00696
6	0.04642	0.00971	0.13337	0.01671	0.09656	0.00854	0.00776	0.03440	0.33444	0.01576	0.01408	0.06576	0.02083	0.01464	0.00420	0.00136	0.00370	0.01406	0.15200	0.00571
7	0.01188	0.39467	0.04322	0.00857	0.01130	0.29680	0.00749	0.01347	0.02417	0.01026	0.00715	0.00875	0.00631	0.00814	0.12945	0.00187	0.00662	0.00282	0.00204	0.00502
8	0.00652	0.00677	0.12991	0.00580	0.00681	0.00499	0.00467	0.00740	0.00666	0.00927	0.01229	0.02372	0.01338	0.65296	0.05993	0.00369	0.00470	0.00550	0.03182	0.00321
9	0.00996	0.03314	0.22555	0.01373	0.08890	0.07427	0.24034	0.01404	0.09389	0.01333	0.00858	0.01029	0.00663	0.00421	0.00492	0.00130	0.06784	0.00380	0.00226	0.08303
10	0.01040	0.00999	0.01706	0.02580	0.82604	0.00999	0.01290	0.01290	0.00957	0.01373	0.00791	0.01040	0.00666	0.00375	0.00416	0.00125	0.00499	0.00375	0.00208	0.00666
11	0.00546	0.00428	0.00494	0.00477	0.00598	0.00376	0.00358	0.00698	0.01074	0.01410	0.43256	0.03594	0.43264	0.00962	0.00496	0.00137	0.00206	0.00824	0.00427	0.00376
12	0.00710	0.00519	0.00634	0.00595	0.00634	0.00576	0.00406	0.06633	0.00727	0.00999	0.01194	0.02251	0.01291	0.56007	0.17087	0.00416	0.08194	0.00542	0.00255	0.00330
13	0.00905	0.02492	0.45966	0.02499	0.02661	0.01018	0.29950	0.01311	0.00913	0.01317	0.00778	0.00979	0.00575	0.00396	0.00475	0.00136	0.04374	0.00379	0.00193	0.02684
14	0.00613	0.00458	0.00582	0.00632	0.00739	0.00433	0.00525	0.00773	0.00973	0.01248	0.11147	0.04287	0.26226	0.04573	0.00611	0.00181	0.00317	0.44919	0.00390	0.00373
15	0.49755	0.01099	0.01772	0.00747	0.01015	0.15313	0.00605	0.14269	0.07790	0.03017	0.00776	0.00836	0.00590	0.00433	0.00324	0.00127	0.00427	0.00284	0.00295	0.00526
16	0.00924	0.00782	0.00915	0.00688	0.02715	0.00623	0.00536	0.06231	0.01924	0.01457	0.00777	0.00892	0.00637	0.00328	0.00322	0.00069	0.00325	0.00263	0.00261	0.79330
17	0.00872	0.00839	0.01241	0.21946	0.01553	0.01108	0.03232	0.01925	0.04300	0.01084	0.00721	0.01077	0.00639	0.00869	0.08998	0.00217	0.48323	0.00386	0.00203	0.00468
18	0.00572	0.00416	0.00548	0.00636	0.00685	0.00405	0.00460	0.00725	0.04996	0.01144	0.02268	0.65162	0.02634	0.01249	0.00539	0.00174	0.00276	0.16352	0.00392	0.00367
19	0.00604	0.00436	0.00603	0.00603	0.00653	0.00486	0.00435	0.00704	0.00654	0.00922	0.01192	0.02017	0.01210	0.30471	0.56460	0.00586	0.00887	0.00504	0.00235	0.00335
20	0.00571	0.00409	0.00532	0.00569	0.00640	0.00382	0.00418	0.00713	0.00987	0.01355	0.34135	0.36077	0.07985	0.01078	0.00516	0.00154	0.00239	0.09876	0.02992	0.00371
21	0.65703	0.00810	0.00695	0.00600	0.00863	0.00905	0.00492	0.08982	0.00897	0.08764	0.01003	0.01039	0.06899	0.00465	0.00308	0.00131	0.00332	0.00310	0.00308	0.00495
22	0.00648	0.00541	0.00577	0.00632	0.00689	0.06868	0.00434	0.00802	0.06814	0.01099	0.02077	0.60090	0.04014	0.09955	0.00684	0.00188	0.00310	0.02842	0.00365	0.00369
23	0.00877	0.00722	0.00838	0.00647	0.00956	0.00611	0.00511	0.01220	0.13482	0.03175	0.13560	0.01343	0.01252	0.00441	0.00360	0.00087	0.00298	0.00367	0.00316	0.58938
24	0.88196	0.00813	0.00618	0.00553	0.00813	0.00943	0.00455	0.01236	0.00715	0.01886	0.00585	0.00683	0.00455	0.00390	0.00260	0.00130	0.00325	0.00228	0.00260	0.00455
25	0.00516	0.00368	0.00487	0.00580	0.00603	0.00344	0.00384	0.00586	0.00797	0.01062	0.02275	0.81453	0.02727	0.04888	0.00605	0.00181	0.00251	0.01170	0.00384	0.00338
26	0.01312	0.00713	0.01107	0.00862	0.01137	0.00655	0.15125	0.02837	0.02593	0.40212	0.06277	0.01755	0.09189	0.00756	0.06586	0.00171	0.00443	0.00501	0.07186	0.00584
27	0.01284	0.00904	0.00998	0.00850	0.01118	0.00998	0.00674	0.12968	0.55291	0.17637	0.01605	0.01465	0.01159	0.00552	0.00426	0.00138	0.00355	0.00452	0.00445	0.00682
28	0.01124	0.85479	0.02203	0.00719	0.01079	0.01663	0.00719	0.01259	0.00854	0.00989	0.00584	0.00674	0.00539	0.00360	0.00270	0.00090	0.00450	0.00225	0.00180	0.00539
29	0.14194	0.00739	0.00768	0.00685	0.00903	0.00798	0.00537	0.04177	0.35802	0.08455	0.10067	0.02062	0.17789	0.00665	0.00422	0.00138	0.00300	0.00542	0.00406	0.00550
30	0.00831	0.00884	0.03878	0.01232	0.03359	0.04278	0.38739	0.01070	0.00951	0.01263	0.07388	0.18144	0.03909	0.05232	0.00589	0.00163	0.00519	0.06812	0.00286	0.00474
31	0.01007	0.00906	0.01148	0.00962	0.01223	0.00998	0.12834	0.04229	0.60531	0.01670	0.01773	0.01694	0.07951	0.00577	0.00444	0.00142	0.00383	0.00510	0.00392	0.00626
32	0.00591	0.00421	0.00540	0.00523	0.00601	0.00394	0.00375	0.00748	0.01070	0.01503	0.63399	0.09919	0.03498	0.13691	0.00748	0.00177	0.00234	0.00774	0.00425	0.00371
33	0.00842	0.00618	0.00872	0.05877	0.05152	0.00678	0.02537	0.01065	0.07659	0.07510	0.02433	0.07458	0.01493	0.11965	0.06810	0.03962	0.10104	0.20872	0.01655	0.00438
34	0.00995	0.15096	0.41341	0.08149	0.03465	0.06231	0.12642	0.03207	0.00946	0.03052	0.00760	0.00918	0.00570	0.00395	0.00394	0.00126	0.00598	0.00332	0.00200	0.00584
35	0.00912	0.00868	0.01475	0.44965	0.41220	0.00965	0.01226	0.01178	0.00897	0.01218	0.00768	0.01082	0.00611	0.00398	0.00418	0.00133	0.00531	0.00374	0.00197	0.00563
36	0.00535	0.00394	0.00506	0.00586	0.00642	0.00365	0.00421	0.00632	0.00857	0.01112	0.02648	0.58430	0.16862	0.01249	0.00536	0.00169	0.00260	0.13056	0.00390	0.00351
37	0.00851	0.00777	0.01155	0.31307	0.19291	0.02995	0.00959	0.01139	0.07159	0.01196	0.01170	0.04275	0.02194	0.06854	0.00628	0.00167	0.05235	0.11904	0.00254	0.00493
38	0.00710	0.00457	0.00580	0.07507	0.00741	0.00467	0.00389	0.00762	0.00699	0.06944	0.01394	0.11196	0.01516	0.57961	0.06645	0.00356	0.00443	0.00630	0.00281	0.00323
39	0.00861	0.00783	0.01261	0.77258	0.02762	0.00965	0.01137	0.07771	0.00936	0.01206	0.00769	0.01111	0.00573	0.00427	0.00420	0.00139	0.00552	0.00374	0.00206	0.00488
40	0.00854	0.00781	0.01260	0.01548	0.33245	0.00809	0.07912	0.01123	0.07191	0.01306	0.04903	0.22054	0.01469	0.00716	0.00546	0.00148	0.07436	0.04963	0.01207	0.00530
41	0.01509	0.01848	0.07246	0.02851	0.03824	0.65596	0.00874	0.02776	0.01166	0.07446	0.00747	0.00840	0.00586	0.00436	0.00387	0.00113	0.00701	0.00292	0.00239	0.00523
42	0.00609	0.00505	0.00559	0.00639	0.00687	0.06819	0.00448	0.00697	0.00853	0.01088	0.02215	0.69499	0.04035	0.01229	0.00528	0.00167	0.00297	0.08394	0.00376	0.00357
43	0.00602	0.00445	0.00649	0.00649	0.00714	0.00511	0.00492	0.00733	0.00668	0.00956	0.01151	0.01788	0.01110	0.13335	0.73459	0.00642	0.01037	0.00470	0.00229	0.00360
44	0.00820	0.01920	0.69804	0.08085	0.01817	0.00928	0.01431	0.01268	0.00907	0.01337	0.07096	0.01082	0.00802	0.00437	0.00409	0.00134	0.00583	0.00351	0.00200	0.00591
45	0.00780	0.03049	0.00646	0.00619	0.00726	0.00476	0.00449	0.00954	0.06433	0.13567	0.07188	0.53857	0.07467	0.01072	0.00499	0.00156	0.00269	0.00953	0.00411	0.00431
46	0.01073	0.01040	0.01529	0.20636	0.51618	0.07907	0.01185	0.07483	0.01030	0.01377	0.00786	0.01032	0.00636	0.00400	0.00414	0.00127	0.00532	0.00366	0.00221	0.00610
47	0.00912	0.01998	0.70166	0.01172	0.01723	0.01027	0.01443	0.07983	0.00961	0.01418	0.00761	0.00900	0.00549	0.00433	0.00474	0.00136	0.06808	0.00321	0.00198	0.00617
48	0.08578	0.06514	0.01341	0.01182	0.07329	0.58687	0.07049	0.02421	0.01109	0.01165	0.00671	0.00800	0.00553	0.00416	0.00375	0.00113	0.00679	0.00291	0.00219	0.00510
49	0.00861	0.00758	0.01190	0.69729	0.02554	0.00925	0.01063	0.07318	0.02701	0.01248	0.00835	0.01155	0.00626	0.00435	0.00411	0.00136	0.00521	0.00378	0.06671	0.00485
50	0.00957	0.11670	0.10219	0.12955	0.17807	0.02950	0.04132	0.01297	0.09188	0.03524	0.04255	0.01344	0.05180	0.00478	0.00418	0.00123	0.02047	0.01923	0.00256	0.09278
51	0.00596	0.00458	0.00564	0.00616	0.00734	0.00425	0.00515	0.00750	0.00963	0.01203	0.03146	0.04427	0.38643	0.01118	0.00543	0.00170	0.00308	0.44061	0.00389	0.00373
52	0.01197	0.01113	0.08140	0.04842	0.01402	0.02998	0.08833	0.26623	0.08146	0.05683	0.00934	0.01058	0.00710	0.00516	0.00617	0.00137	0.18054	0.00381	0.01564	0.07053
53	0.00872	0.00747	0.00872	0.00623	0.00996	0.00560	0.00498	0.01058	0.00872	0.01370	0.00747	0.00872	0.00623	0.00311	0.00311	0.00062	0.00311	0.00249	0.00249	0.87796
54	0.01103	0.16974	0.17412	0.03242	0.39210	0.07995	0.01156	0.01362	0.00955	0.05663	0.00780	0.00942	0.00625	0.00390	0.00383	0.00119	0.00529	0.00328	0.00214	0.00618
55	0.00899	0.00824	0.07723	0.10921	0.01222	0.00770	0.00703	0.01487	0.30511	0.06729	0.23572	0.01920	0.04563	0.00615	0.00438	0.00133	0.00344	0.00524	0.00381	0.05722
56	0.00600	0.00402	0.00462	0.00475	0.00479	0.00399	0.00273	0.00612	0.00640	0.00859	0.01457	0.13688	0.01690	0.73013	0.01904	0.00372	0.00383	0.00686	0.01338	0.00268
57	0.06612	0.00896	0.01030	0.00820	0.01120	0.00930	0.00668	0.29661	0.13681	0.33865	0.03772	0.02869	0.01048	0.00540	0.00418	0.00131	0.00382	0.00428	0.00452	0.00676
58	0.01650	0.00965	0.01139	0.00994	0.07972	0.04724	0.00745	0.29779	0.04882	0.39612	0.01310	0.01227	0.00883	0.00500	0.00418	0.00127	0.00422	0.00398	0.01561	0.00694
59	0.00641	0.00469	0.00628	0.00706	0.00808	0.00456	0.00604	0.00817	0.00965	0.01241	0.04227	0.07231	0.15453	0.01144	0.00564	0.00183	0.00350	0.62742	0.00389	0.00381
60	0.00746	0.00455	0.00575	0.00565	0.00685	0.00407	0.00421	0.00881	0.01015	0.13674	0.25130	0.27678	0.21161	0.01004	0.00500	0.00148	0.00247	0.03858	0.00430	0.00418
61	0.01613	0.01154	0.01247	0.00956	0.01292	0.01268	0.00790	0.77139	0.01937	0.06768	0.01043	0.01031	0.00732	0.00505	0.00421	0.00126	0.00457	0.00381	0.00426	0.00715
62	0.01353	0.01505	0.01061	0.00954	0.01137	0.52503	0.00721	0.11064	0.01136	0.01175	0.00744	0.00945	0.00634	0.00830	0.07546	0.13452	0.02229	0.00315	0.00236	0.00459
63	0.00607	0.00672	0.13028	0.00673	0.00806	0.00475	0.00584	0.00752	0.00822	0.01102	0.02047	0.37166	0.08810	0.16334	0.00810	0.00209	0.00352	0.14040	0.00333	0.00377
64	0.00512	0.00366	0.00488	0.00585	0.00610	0.00341	0.00390	0.00585	0.00805	0.01073	0.02317	0.84952	0.02780	0.01317	0.00537	0.00171	0.00244	0.01195	0.00390	0.00341
65	0.00601	0.00450	0.00676	0.00676	0.00751	0.00525	0.00525	0.00751	0.00676	0.00976	0.01126	0.01651	0.01051	0.03153	0.83560	0.00676	0.01126	0.00450	0.00225	0.00375
66	0.01009	0.03769	0.61936	0.01108	0.01648	0.00996	0.01333	0.08128	0.06989	0.07802	0.00913	0.00985	0.00643	0.00429	0.00402	0.00132	0.00562	0.00335	0.00243	0.00638
67	0.00922	0.00902	0.01386	0.38226	0.29235	0.04906	0.01131	0.01153	0.00863	0.01160	0.00747	0.01072	0.00615	0.00564	0.04084	0.00162	0.11774	0.00372	0.00197	0.00530
68	0.00831	0.00785	0.01328	0.71837	0.14982	0.00944	0.01186	0.01107	0.00858	0.01119	0.00754	0.01109	0.00576	0.00413	0.00420	0.00138	0.00551	0.00374	0.00190	0.00497

[dist]
# distance from previous block
# <min> <max>
0	2

[block]
# block no. 2 follows, 63 sequences, length 15
# corresponding to MSA columns:
# 343-357
name=unknown_C
#
# <colnr> <probs for GDERKNQSTAVLIFYWHMCP>
#	G	D	E	R	K	N	Q	S	T	A	V	L	I	F	Y	W	H	M	C	P
0	0.00769	0.00507	0.00572	0.00541	0.00602	0.00523	0.00345	0.00968	0.13499	0.06696	0.01409	0.02472	0.01455	0.65923	0.01749	0.00346	0.00392	0.00577	0.00301	0.00352
1	0.62162	0.00923	0.00811	0.00677	0.00960	0.01051	0.00559	0.25276	0.01095	0.02116	0.00713	0.00781	0.00533	0.00425	0.00308	0.00129	0.00366	0.00273	0.00308	0.00533
2	0.00907	0.00770	0.00890	0.00645	0.01012	0.00607	0.00516	0.04252	0.03862	0.01434	0.00793	0.00902	0.00650	0.00328	0.00320	0.00068	0.00318	0.00262	0.00262	0.81202
3	0.00597	0.00432	0.00597	0.00604	0.00654	0.00477	0.00435	0.00697	0.00666	0.00935	0.01271	0.07962	0.01317	0.27470	0.53343	0.00559	0.00849	0.00552	0.00246	0.00337
4	0.00640	0.00464	0.00574	0.00556	0.00567	0.00512	0.00362	0.00672	0.00625	0.00859	0.01218	0.02400	0.01358	0.64134	0.14779	0.00428	0.08753	0.00562	0.00243	0.00294
5	0.00566	0.00429	0.00522	0.00499	0.00610	0.00384	0.00374	0.00737	0.01122	0.01524	0.59362	0.03407	0.27087	0.00920	0.00496	0.00135	0.00203	0.00798	0.00441	0.00384
6	0.00961	0.01834	0.55161	0.01184	0.01686	0.06905	0.10406	0.08202	0.00996	0.01389	0.00820	0.01047	0.00630	0.06330	0.00532	0.00151	0.00612	0.00356	0.00211	0.00588
7	0.00947	0.00717	0.00855	0.00627	0.00972	0.00552	0.00501	0.01133	0.00932	0.09384	0.07883	0.01122	0.00952	0.00379	0.00338	0.00075	0.00306	0.00310	0.00294	0.71722
8	0.00560	0.00432	0.00514	0.00510	0.00625	0.00386	0.00391	0.00716	0.01062	0.01399	0.39961	0.05619	0.36795	0.00985	0.00505	0.00143	0.00224	0.08372	0.00423	0.00377
9	0.00535	0.00427	0.00478	0.00466	0.00591	0.00371	0.00349	0.00677	0.01048	0.01348	0.34429	0.03696	0.52131	0.00985	0.00496	0.00138	0.00207	0.00838	0.00418	0.00371
10	0.01734	0.00682	0.00927	0.00722	0.01021	0.00592	0.00592	0.01901	0.01202	0.73337	0.11159	0.01632	0.01385	0.00560	0.00431	0.00130	0.00339	0.00462	0.00514	0.00678
11	0.74637	0.00798	0.00674	0.00583	0.00854	0.00892	0.00481	0.01363	0.00792	0.14612	0.00754	0.00800	0.00547	0.00411	0.00286	0.00130	0.00330	0.00258	0.00301	0.00496
12	0.00537	0.00379	0.00490	0.00559	0.00586	0.00358	0.00368	0.00610	0.00810	0.01090	0.09995	0.63269	0.02688	0.15224	0.00799	0.00206	0.00267	0.01055	0.00375	0.00332
13	0.08590	0.42772	0.05383	0.00775	0.02112	0.10147	0.00703	0.03238	0.00897	0.01188	0.00818	0.02125	0.01698	0.00636	0.06320	0.00148	0.02795	0.02006	0.07147	0.00503
14	0.00897	0.00859	0.05806	0.00836	0.08090	0.00646	0.00637	0.02619	0.02900	0.01407	0.02309	0.00949	0.00702	0.00342	0.00334	0.00076	0.00347	0.00281	0.00253	0.69709

[dist]
# distance from previous block
# <min> <max>
0	1

[block]
# block no. 3 follows, 63 sequences, length 87
# corresponding to MSA columns:
# 359-445
name=unknown_D
#
# <colnr> <probs for GDERKNQSTAVLIFYWHMCP>
#	G	D	E	R	K	N	Q	S	T	A	V	L	I	F	Y	W	H	M	C	P
0	0.01166	0.04759	0.01096	0.00948	0.04201	0.07633	0.00721	0.12959	0.57883	0.01775	0.01446	0.01368	0.01091	0.00534	0.00416	0.00135	0.00396	0.00431	0.00391	0.00653
1	0.06358	0.00774	0.01492	0.00710	0.00813	0.14698	0.03510	0.02363	0.00822	0.01953	0.01305	0.14743	0.01398	0.30123	0.11953	0.00304	0.01291	0.04743	0.00275	0.00373
2	0.00999	0.01957	0.56452	0.01323	0.08008	0.13458	0.07129	0.03470	0.00975	0.01324	0.00755	0.00901	0.00557	0.00402	0.00405	0.00129	0.00635	0.00325	0.00195	0.00603
3	0.00841	0.00712	0.00837	0.00612	0.00955	0.00542	0.00487	0.01029	0.00907	0.01405	0.09855	0.01125	0.00996	0.00372	0.00332	0.00070	0.00299	0.00306	0.00273	0.78045
4	0.00606	0.00429	0.00565	0.00565	0.00602	0.00465	0.00388	0.00680	0.00643	0.00894	0.01227	0.02211	0.01294	0.44940	0.42106	0.00539	0.00760	0.00532	0.00240	0.00314
5	0.00522	0.00419	0.00467	0.00479	0.00595	0.00364	0.00355	0.00643	0.00976	0.01227	0.17580	0.15977	0.54169	0.01070	0.00505	0.00146	0.00221	0.03520	0.00403	0.00361
6	0.00961	0.00528	0.00575	0.00520	0.00668	0.00535	0.00403	0.08563	0.05691	0.09467	0.07807	0.02839	0.01306	0.00540	0.00345	0.00110	0.00245	0.00439	0.57991	0.00468
7	0.09156	0.04352	0.01134	0.00961	0.01205	0.48884	0.00744	0.11237	0.12336	0.03867	0.00870	0.00920	0.00678	0.00458	0.00377	0.00117	0.00597	0.00312	0.01251	0.00544
8	0.00655	0.00477	0.00644	0.00728	0.00823	0.00472	0.00616	0.00854	0.03028	0.01246	0.03239	0.13542	0.08197	0.01153	0.00565	0.00185	0.00355	0.62445	0.00390	0.00387
9	0.01124	0.85479	0.02203	0.00719	0.01079	0.01663	0.00719	0.01259	0.00854	0.00989	0.00584	0.00674	0.00539	0.00360	0.00270	0.00090	0.00450	0.00225	0.00180	0.00539
10	0.00557	0.00385	0.00506	0.00591	0.00633	0.00365	0.00418	0.00659	0.00845	0.01158	0.05228	0.65502	0.02646	0.01215	0.00521	0.00166	0.00256	0.10707	0.07289	0.00353
11	0.00575	0.00430	0.00468	0.00475	0.00603	0.00366	0.00349	0.00678	0.00941	0.05545	0.03737	0.19788	0.62393	0.01085	0.00501	0.00147	0.00227	0.00923	0.00397	0.00372
12	0.88196	0.00813	0.00618	0.00553	0.00813	0.00943	0.00455	0.01236	0.00715	0.01886	0.00585	0.00683	0.00455	0.00390	0.00260	0.00130	0.00325	0.00228	0.00260	0.00455
13	0.00943	0.01390	0.00533	0.00478	0.00615	0.02350	0.00370	0.06867	0.00990	0.07472	0.01342	0.01490	0.01031	0.00490	0.00314	0.00102	0.00242	0.00389	0.72150	0.00442
14	0.00779	0.00802	0.09962	0.04537	0.01075	0.00585	0.01830	0.01018	0.03039	0.02469	0.09005	0.06849	0.10579	0.00603	0.00407	0.00111	0.00343	0.06744	0.01270	0.37994
15	0.01388	0.08240	0.01192	0.00969	0.01206	0.49432	0.00752	0.07156	0.19926	0.01324	0.00940	0.00985	0.00744	0.00466	0.00382	0.00116	0.00595	0.00326	0.03315	0.00545
16	0.00886	0.01130	0.23072	0.10533	0.15771	0.00811	0.07040	0.03020	0.01884	0.05268	0.05778	0.07531	0.05613	0.02463	0.00478	0.00142	0.00480	0.03853	0.00268	0.03979
17	0.01041	0.00836	0.01062	0.06919	0.10289	0.00765	0.01609	0.12663	0.04097	0.05306	0.00885	0.01001	0.00692	0.00378	0.00358	0.00092	0.00376	0.00314	0.02567	0.48747
18	0.03068	0.31433	0.26841	0.00996	0.04316	0.12775	0.00995	0.01439	0.09954	0.01233	0.01846	0.00946	0.00690	0.00423	0.00355	0.00116	0.00528	0.01257	0.00221	0.00571
19	0.01140	0.66939	0.11536	0.00805	0.01189	0.04266	0.00825	0.07026	0.00950	0.01150	0.00637	0.00726	0.00551	0.00377	0.00299	0.00098	0.00481	0.00247	0.00198	0.00560
20	0.00629	0.00437	0.00506	0.00496	0.00496	0.00458	0.00293	0.00634	0.00613	0.00826	0.01280	0.02646	0.01472	0.80370	0.02096	0.00395	0.05239	0.00597	0.00251	0.00267
21	0.00669	0.00448	0.00578	0.00535	0.00652	0.00407	0.00405	0.00858	0.01172	0.06818	0.71057	0.03103	0.09988	0.00854	0.00491	0.00133	0.00210	0.00749	0.00461	0.00414
22	0.00772	0.00495	0.00627	0.00575	0.00701	0.00471	0.00431	0.01024	0.07513	0.10659	0.57194	0.05883	0.04179	0.06881	0.00602	0.00154	0.00244	0.00707	0.00448	0.00441
23	0.41990	0.00824	0.00846	0.00695	0.00973	0.00884	0.02651	0.12930	0.04908	0.21727	0.01025	0.01030	0.00724	0.00453	0.00339	0.00128	0.00354	0.00328	0.06627	0.00564
24	0.88196	0.00813	0.00618	0.00553	0.00813	0.00943	0.00455	0.01236	0.00715	0.01886	0.00585	0.00683	0.00455	0.00390	0.00260	0.00130	0.00325	0.00228	0.00260	0.00455
25	0.01160	0.01020	0.01011	0.00887	0.01137	0.07009	0.00694	0.13104	0.65015	0.01829	0.01538	0.01433	0.01151	0.00551	0.00423	0.00138	0.00381	0.00447	0.00412	0.00659
26	0.01135	0.00513	0.00592	0.00516	0.00688	0.00489	0.00406	0.03948	0.01013	0.25553	0.01444	0.01509	0.01055	0.00499	0.00336	0.00108	0.00252	0.00400	0.59046	0.00498
27	0.06129	0.07100	0.05442	0.01832	0.01309	0.01060	0.09707	0.25327	0.15601	0.19220	0.01187	0.01174	0.00843	0.00516	0.01539	0.00137	0.00454	0.00396	0.00376	0.00651
28	0.01139	0.05294	0.45336	0.01218	0.07409	0.18896	0.02393	0.04819	0.01028	0.07467	0.00808	0.00911	0.00592	0.00416	0.00395	0.00125	0.00610	0.00317	0.00225	0.00602
29	0.01003	0.01130	0.02177	0.01606	0.01978	0.07523	0.65758	0.01320	0.01005	0.01312	0.00988	0.01507	0.00829	0.00451	0.00496	0.00145	0.00677	0.09323	0.00232	0.00541
30	0.00529	0.00385	0.00502	0.00588	0.00634	0.00359	0.00414	0.00619	0.00840	0.01100	0.02524	0.67147	0.11627	0.01272	0.00537	0.00170	0.00256	0.09761	0.00390	0.00348
31	0.00712	0.00542	0.00746	0.00721	0.00807	0.00626	0.00568	0.07135	0.00803	0.01128	0.01216	0.01992	0.01184	0.09973	0.54453	0.00519	0.06914	0.09303	0.00258	0.00399
32	0.88196	0.00813	0.00618	0.00553	0.00813	0.00943	0.00455	0.01236	0.00715	0.01886	0.00585	0.00683	0.00455	0.00390	0.00260	0.00130	0.00325	0.00228	0.00260	0.00455
33	0.00657	0.00477	0.00649	0.00736	0.00830	0.00473	0.00626	0.00855	0.02761	0.01242	0.02334	0.13632	0.06762	0.01160	0.00568	0.00187	0.00360	0.64915	0.00389	0.00386
34	0.05542	0.00444	0.00437	0.00422	0.00538	0.00456	0.00322	0.04008	0.00914	0.01625	0.01315	0.01498	0.01030	0.00485	0.00297	0.00101	0.00213	0.00382	0.79564	0.00407
35	0.00843	0.02174	0.83048	0.01198	0.01819	0.00976	0.01553	0.01331	0.00888	0.01331	0.00754	0.00888	0.00533	0.00399	0.00399	0.00133	0.00621	0.00311	0.00178	0.00621
36	0.01520	0.00903	0.01044	0.00842	0.01140	0.00947	0.00682	0.24316	0.27536	0.33269	0.02311	0.01374	0.01057	0.00536	0.00424	0.00133	0.00377	0.00431	0.00462	0.00696
37	0.00529	0.00375	0.00491	0.00574	0.00599	0.00354	0.00382	0.00601	0.00798	0.01066	0.04486	0.71652	0.02666	0.10662	0.00715	0.00197	0.00264	0.02878	0.00377	0.00334
38	0.00693	0.00386	0.00563	0.00563	0.00577	0.00400	0.00385	0.00593	0.00578	0.00786	0.00866	0.01497	0.00872	0.10204	0.17347	0.62345	0.00515	0.00406	0.00198	0.00227
39	0.00904	0.01554	0.42371	0.10846	0.10363	0.00988	0.10704	0.01430	0.13127	0.01376	0.01785	0.01086	0.00712	0.00425	0.00420	0.00135	0.00564	0.00376	0.00227	0.00606
40	0.00880	0.00798	0.04092	0.00646	0.01025	0.00575	0.00540	0.01077	0.00876	0.02408	0.00777	0.01819	0.00649	0.00329	0.00319	0.00067	0.00323	0.00264	0.00251	0.82286
41	0.07258	0.47730	0.01718	0.00879	0.02895	0.31143	0.00747	0.01409	0.00969	0.01073	0.00613	0.00713	0.00537	0.00389	0.00312	0.00100	0.00553	0.00245	0.00199	0.00518
42	0.00530	0.00379	0.00508	0.00606	0.00638	0.00357	0.00421	0.00616	0.00823	0.01093	0.02307	0.76252	0.02741	0.01300	0.00541	0.00173	0.00259	0.09718	0.00390	0.00346
43	0.17368	0.09890	0.35461	0.01077	0.07137	0.04195	0.01074	0.14752	0.01907	0.02372	0.00766	0.00867	0.00572	0.00414	0.00365	0.00126	0.00513	0.00304	0.00243	0.00597
44	0.01039	0.00907	0.10112	0.00711	0.01105	0.00625	0.00639	0.02194	0.00939	0.14407	0.00897	0.00964	0.00680	0.00357	0.00340	0.00082	0.00355	0.00285	0.00286	0.63073
45	0.01054	0.40360	0.30981	0.00929	0.01363	0.05967	0.01906	0.01381	0.05693	0.03492	0.01737	0.00867	0.00639	0.00400	0.00342	0.00111	0.00517	0.00288	0.00210	0.01761
46	0.02136	0.27948	0.34434	0.01086	0.01555	0.01220	0.12784	0.08599	0.01001	0.04418	0.00770	0.00886	0.00585	0.00394	0.00374	0.00120	0.00552	0.00320	0.00219	0.00598
47	0.00512	0.00366	0.00488	0.00585	0.00610	0.00341	0.00390	0.00585	0.00805	0.01073	0.02317	0.84952	0.02780	0.01317	0.00537	0.00171	0.00244	0.01195	0.00390	0.00341
48	0.00643	0.00423	0.00477	0.00470	0.00479	0.00423	0.00268	0.01759	0.00639	0.02013	0.01325	0.02708	0.01510	0.82832	0.02091	0.00400	0.00408	0.00605	0.00261	0.00268
49	0.00824	0.02036	0.76523	0.01145	0.01725	0.00930	0.01462	0.01289	0.00911	0.01359	0.07212	0.01066	0.00804	0.00436	0.00407	0.00133	0.00588	0.00346	0.00200	0.00603
50	0.00913	0.00734	0.00807	0.00733	0.00924	0.00815	0.00566	0.01744	0.52744	0.02936	0.25017	0.02021	0.02044	0.00649	0.00440	0.00137	0.00286	0.00552	0.05365	0.00573
51	0.00664	0.00512	0.00542	0.00519	0.00671	0.00484	0.00403	0.07140	0.05516	0.01374	0.07236	0.03397	0.52794	0.00926	0.00470	0.00139	0.00249	0.06432	0.10123	0.00409
52	0.06549	0.01108	0.01183	0.00922	0.01245	0.01222	0.00758	0.65726	0.08177	0.07231	0.01078	0.01059	0.00764	0.00504	0.00412	0.00128	0.00438	0.00380	0.00418	0.00696
53	0.00992	0.01134	0.02481	0.01772	0.02197	0.01063	0.81077	0.01347	0.00992	0.01347	0.00850	0.01134	0.00638	0.00354	0.00496	0.00142	0.00709	0.00496	0.00213	0.00567
54	0.01661	0.00730	0.00948	0.00747	0.01041	0.00672	0.00609	0.07509	0.07051	0.62340	0.10622	0.01602	0.01361	0.00561	0.00431	0.00131	0.00346	0.00461	0.00500	0.00676
55	0.00549	0.00398	0.00513	0.00585	0.00636	0.00374	0.00418	0.00646	0.00852	0.01122	0.06760	0.52799	0.11116	0.07879	0.00664	0.00188	0.00274	0.13500	0.00383	0.00346
56	0.00605	0.00460	0.00563	0.00555	0.00664	0.00435	0.00419	0.00842	0.06884	0.01487	0.46933	0.11908	0.19306	0.00949	0.00501	0.00143	0.00229	0.06284	0.00433	0.00401
57	0.01462	0.01753	0.01348	0.01151	0.01386	0.60866	0.09773	0.08905	0.01202	0.01212	0.00698	0.00835	0.00569	0.00453	0.00468	0.00119	0.06740	0.00313	0.00233	0.00515
58	0.01849	0.00775	0.01013	0.00776	0.01103	0.00707	0.00641	0.12287	0.01303	0.72516	0.01574	0.01376	0.00998	0.00518	0.00422	0.00130	0.00371	0.00417	0.00507	0.00715
59	0.00724	0.00422	0.00478	0.00462	0.00523	0.00412	0.00304	0.00815	0.00798	0.05506	0.10895	0.02417	0.03772	0.44116	0.01279	0.00264	0.00314	0.00562	0.25599	0.00338
60	0.01117	0.71554	0.11166	0.00793	0.01174	0.06130	0.00817	0.01290	0.00877	0.01029	0.00607	0.00703	0.00539	0.00368	0.00290	0.00096	0.00486	0.00237	0.00182	0.00546
61	0.00808	0.00762	0.01286	0.79523	0.07477	0.00938	0.01175	0.01086	0.00847	0.01091	0.00750	0.01116	0.00566	0.00418	0.00420	0.00139	0.00557	0.00374	0.00188	0.00478
62	0.01156	0.79480	0.02130	0.00745	0.01095	0.07547	0.00726	0.01289	0.00878	0.00992	0.00589	0.00680	0.00540	0.00365	0.00278	0.00091	0.00472	0.00228	0.00182	0.00536
63	0.01605	0.00706	0.00916	0.00741	0.01028	0.00648	0.00606	0.01902	0.11913	0.61520	0.01885	0.01827	0.07001	0.00603	0.00438	0.00136	0.00346	0.05024	0.00491	0.00664
64	0.02621	0.00554	0.00665	0.00756	0.09804	0.00531	0.00499	0.02951	0.06772	0.01273	0.06815	0.05796	0.44088	0.07587	0.00614	0.00165	0.00293	0.07434	0.00363	0.00420
65	0.01558	0.01158	0.01239	0.00959	0.01289	0.01285	0.00789	0.75527	0.07716	0.02585	0.01060	0.01049	0.00756	0.00509	0.00421	0.00127	0.00453	0.00385	0.00421	0.00711
66	0.88196	0.00813	0.00618	0.00553	0.00813	0.00943	0.00455	0.01236	0.00715	0.01886	0.00585	0.00683	0.00455	0.00390	0.00260	0.00130	0.00325	0.00228	0.00260	0.00455
67	0.00728	0.00370	0.00553	0.00556	0.00560	0.00370	0.00377	0.00560	0.00563	0.00750	0.00786	0.01408	0.00794	0.01449	0.01603	0.84478	0.00366	0.03349	0.00190	0.00190
68	0.88196	0.00813	0.00618	0.00553	0.00813	0.00943	0.00455	0.01236	0.00715	0.01886	0.00585	0.00683	0.00455	0.00390	0.00260	0.00130	0.00325	0.00228	0.00260	0.00455
69	0.03082	0.00717	0.00971	0.00745	0.01070	0.00622	0.00616	0.02037	0.01196	0.81773	0.01644	0.01420	0.01032	0.00518	0.00420	0.00130	0.00357	0.00420	0.00517	0.00712
70	0.00847	0.00727	0.01616	0.00753	0.03579	0.02304	0.00563	0.05039	0.35090	0.01626	0.24521	0.03350	0.16789	0.00736	0.00459	0.00138	0.00295	0.00625	0.00416	0.00529
71	0.00672	0.00489	0.00615	0.00562	0.00680	0.00468	0.00427	0.07151	0.01248	0.01752	0.74464	0.02989	0.05196	0.00835	0.00490	0.00132	0.00220	0.00732	0.00458	0.00421
72	0.00672	0.00552	0.00806	0.00772	0.00832	0.00686	0.00617	0.00812	0.00683	0.00997	0.01056	0.01643	0.01010	0.02541	0.62036	0.00548	0.18899	0.04220	0.00224	0.00394
73	0.04719	0.00446	0.00484	0.00469	0.00601	0.00398	0.00354	0.00702	0.01030	0.01370	0.32251	0.03559	0.50228	0.00958	0.00485	0.00138	0.00213	0.00810	0.00410	0.00375
74	0.00523	0.00442	0.00483	0.04439	0.00686	0.00388	0.00369	0.00649	0.00981	0.01201	0.13769	0.03794	0.68805	0.01008	0.00493	0.00141	0.00228	0.00847	0.00390	0.00365
75	0.07760	0.02028	0.73836	0.01193	0.04412	0.00974	0.01458	0.01322	0.00876	0.01377	0.00742	0.00876	0.00531	0.00398	0.00389	0.00133	0.00594	0.00306	0.00185	0.00610
76	0.05156	0.00919	0.01438	0.01988	0.56181	0.00915	0.02152	0.01307	0.07336	0.01419	0.00953	0.01314	0.00825	0.00440	0.00411	0.00125	0.00452	0.06069	0.00245	0.10355
77	0.01098	0.70545	0.04977	0.04875	0.07645	0.02772	0.00817	0.01261	0.00868	0.01036	0.00616	0.00733	0.00550	0.00366	0.00295	0.00097	0.00469	0.00247	0.00183	0.00548
78	0.01051	0.01145	0.08103	0.03931	0.69998	0.05772	0.01281	0.01312	0.00963	0.01344	0.00779	0.01014	0.00646	0.00381	0.00413	0.00125	0.00525	0.00363	0.00206	0.00648
79	0.04824	0.00504	0.00576	0.00534	0.00671	0.00480	0.00407	0.07112	0.01148	0.01585	0.45783	0.05078	0.27977	0.00884	0.00480	0.00136	0.00231	0.00755	0.00425	0.00410
80	0.01026	0.00917	0.00985	0.00983	0.07518	0.04917	0.00711	0.01981	0.63107	0.01637	0.01709	0.01798	0.03965	0.00607	0.00438	0.00143	0.00366	0.06170	0.00396	0.00627
81	0.04985	0.00919	0.13030	0.08370	0.07972	0.00798	0.00806	0.01311	0.21362	0.01459	0.13817	0.02096	0.12150	0.00660	0.00473	0.00142	0.02982	0.05810	0.00333	0.00525
82	0.00864	0.00814	0.01376	0.54079	0.28324	0.00935	0.01176	0.01128	0.00870	0.01165	0.00779	0.01120	0.00618	0.00536	0.04388	0.00161	0.00568	0.00378	0.00195	0.00526
83	0.01039	0.05617	0.10834	0.05312	0.18176	0.07264	0.04424	0.07264	0.16235	0.01458	0.07801	0.01250	0.01013	0.00510	0.00524	0.00135	0.09874	0.00408	0.00278	0.00584
84	0.00567	0.00439	0.00506	0.00526	0.00626	0.00400	0.00379	0.04467	0.00974	0.01248	0.12522	0.35277	0.38322	0.01112	0.00509	0.00151	0.00235	0.00968	0.00400	0.00372
85	0.01071	0.07028	0.01652	0.02236	0.67443	0.00999	0.02127	0.01297	0.00947	0.05728	0.00849	0.01118	0.00718	0.04432	0.00489	0.00136	0.00486	0.00379	0.00225	0.00639
86	0.07912	0.04900	0.00956	0.00802	0.01037	0.01020	0.00632	0.02005	0.65764	0.01727	0.07365	0.01569	0.01375	0.00567	0.00412	0.00138	0.00328	0.00464	0.00405	0.00623

[dist]
# distance from previous block
# <min> <max>
3	363

# created by:
# /st0/software/busco_prod/Augustus/scripts/msa2prfl.pl ./align_prep/112608.fa
