[name]
unknown

[dist]
# distance from previous block
# <min> <max>
0	100

[block]
# block no. 0 follows, 66 sequences, length 19
# corresponding to MSA columns:
# 100-118
name=unknown_A
#
# <colnr> <probs for GDERKNQSTAVLIFYWHMCP>
#	G	D	E	R	K	N	Q	S	T	A	V	L	I	F	Y	W	H	M	C	P
0	0.04413	0.00433	0.00534	0.00510	0.00617	0.00405	0.00388	0.00767	0.01094	0.01558	0.67044	0.03091	0.12604	0.00844	0.00472	0.00131	0.00206	0.04082	0.00427	0.00380
1	0.00488	0.00408	0.00424	0.00427	0.00555	0.00345	0.00318	0.00595	0.00933	0.01133	0.09993	0.08550	0.72388	0.01027	0.00482	0.00138	0.00206	0.00864	0.00382	0.00345
2	0.00590	0.00448	0.00664	0.00659	0.00726	0.00527	0.00511	0.00728	0.00649	0.00938	0.01075	0.01605	0.01014	0.05607	0.78863	0.00629	0.03751	0.00437	0.00217	0.00361
3	0.82498	0.00785	0.00613	0.00544	0.00793	0.00906	0.00447	0.04248	0.00742	0.01838	0.00605	0.00698	0.00468	0.00384	0.00258	0.00124	0.00315	0.00230	0.03057	0.00447
4	0.00558	0.00414	0.00520	0.00494	0.00596	0.00376	0.00370	0.00734	0.01110	0.01537	0.69598	0.03179	0.17283	0.00863	0.00479	0.00129	0.00194	0.00755	0.00435	0.00376
5	0.00580	0.00435	0.00652	0.00652	0.00724	0.00507	0.00507	0.00724	0.00652	0.00942	0.01087	0.01594	0.01014	0.03043	0.84134	0.00652	0.01087	0.00435	0.00217	0.00362
6	0.00480	0.00411	0.00411	0.00411	0.00548	0.00343	0.00308	0.00582	0.00925	0.01096	0.04110	0.03905	0.83046	0.01028	0.00480	0.00137	0.00206	0.00856	0.00377	0.00343
7	0.00571	0.00415	0.00538	0.00507	0.00604	0.00381	0.00380	0.00759	0.01140	0.01608	0.80141	0.03062	0.06696	0.00837	0.00479	0.00128	0.00192	0.00738	0.00444	0.00381
8	0.01541	0.01175	0.01214	0.00939	0.01258	0.05251	0.00772	0.77991	0.01871	0.02482	0.00957	0.00962	0.00682	0.00484	0.00404	0.00121	0.00460	0.00360	0.00396	0.00679
9	0.01004	0.00964	0.01647	0.02490	0.83211	0.00964	0.01245	0.01245	0.00924	0.01325	0.00763	0.01004	0.00643	0.00361	0.00402	0.00120	0.00482	0.00361	0.00201	0.00643
10	0.01542	0.01136	0.01218	0.00933	0.01258	0.01258	0.00771	0.81858	0.01908	0.02557	0.00974	0.00974	0.00690	0.00487	0.00406	0.00122	0.00446	0.00365	0.00406	0.00690
11	0.88607	0.00785	0.00596	0.00534	0.00785	0.00910	0.00439	0.01193	0.00690	0.01820	0.00565	0.00659	0.00439	0.00377	0.00251	0.00126	0.00314	0.00220	0.00251	0.00439
12	0.88607	0.00785	0.00596	0.00534	0.00785	0.00910	0.00439	0.01193	0.00690	0.01820	0.00565	0.00659	0.00439	0.00377	0.00251	0.00126	0.00314	0.00220	0.00251	0.00439
13	0.00494	0.00353	0.00471	0.00565	0.00588	0.00330	0.00377	0.00565	0.00777	0.01036	0.02236	0.85477	0.02683	0.01271	0.00518	0.00165	0.00235	0.01153	0.00377	0.00330
14	0.00480	0.00411	0.00411	0.00411	0.00548	0.00343	0.00308	0.00582	0.00925	0.01096	0.04110	0.03905	0.83046	0.01028	0.00480	0.00137	0.00206	0.00856	0.00377	0.00343
15	0.00588	0.00400	0.00476	0.00476	0.00488	0.00412	0.00288	0.00612	0.00600	0.00811	0.01248	0.02485	0.01401	0.72508	0.15198	0.00435	0.00504	0.00565	0.00241	0.00264
16	0.01463	0.01849	0.01189	0.01065	0.01267	0.76951	0.03020	0.01573	0.01113	0.01000	0.00627	0.00751	0.00526	0.00433	0.00426	0.00110	0.05685	0.00273	0.00207	0.00471
17	0.00676	0.00594	0.00830	0.00786	0.00817	0.00748	0.00616	0.00774	0.00686	0.00989	0.01308	0.26628	0.04084	0.01490	0.22363	0.00294	0.35042	0.00633	0.00254	0.00385
18	0.01069	0.81140	0.06835	0.00721	0.01083	0.01567	0.00741	0.01219	0.00826	0.00974	0.00574	0.00663	0.00520	0.00349	0.00268	0.00089	0.00443	0.00222	0.00173	0.00525

[dist]
# distance from previous block
# <min> <max>
1	3

[block]
# block no. 1 follows, 66 sequences, length 14
# corresponding to MSA columns:
# 122-135
name=unknown_B
#
# <colnr> <probs for GDERKNQSTAVLIFYWHMCP>
#	G	D	E	R	K	N	Q	S	T	A	V	L	I	F	Y	W	H	M	C	P
0	0.01465	0.01803	0.01137	0.01023	0.01230	0.73645	0.00774	0.05629	0.02986	0.01101	0.02486	0.00817	0.00620	0.00443	0.00402	0.00109	0.03334	0.00284	0.00228	0.00482
1	0.00587	0.00437	0.00540	0.00516	0.00624	0.00404	0.00391	0.03346	0.01105	0.01512	0.58305	0.06738	0.19171	0.00887	0.00481	0.00133	0.00211	0.03804	0.00426	0.00382
2	0.00815	0.00690	0.00809	0.00600	0.00926	0.00536	0.00475	0.01021	0.03359	0.01344	0.06502	0.04240	0.00923	0.00382	0.00325	0.00071	0.00291	0.00316	0.00265	0.76110
3	0.00970	0.01030	0.05461	0.21702	0.51317	0.06339	0.04901	0.01225	0.00910	0.01233	0.00745	0.01002	0.00603	0.00376	0.00403	0.00124	0.00527	0.00357	0.00195	0.00580
4	0.00550	0.00443	0.00494	0.00478	0.00605	0.00403	0.00359	0.00756	0.06645	0.01324	0.31751	0.05304	0.47567	0.00930	0.00475	0.00134	0.00209	0.00792	0.00404	0.00377
5	0.00766	0.01797	0.68775	0.01036	0.01548	0.00840	0.01296	0.01183	0.00898	0.01321	0.11674	0.01287	0.04887	0.00474	0.00402	0.00129	0.00527	0.00383	0.00217	0.00559
6	0.01154	0.01195	0.01065	0.00953	0.02441	0.29315	0.02541	0.04005	0.23684	0.03699	0.08801	0.01245	0.01069	0.00547	0.00562	0.00131	0.15168	0.00393	0.01511	0.00521
7	0.00835	0.01917	0.74322	0.01097	0.01644	0.00885	0.01382	0.01265	0.00864	0.04808	0.00870	0.06736	0.00685	0.00452	0.00396	0.00131	0.00563	0.00364	0.00200	0.00585
8	0.00897	0.00838	0.01411	0.12218	0.46980	0.00879	0.06727	0.01122	0.00891	0.01278	0.05856	0.05052	0.00933	0.00470	0.00481	0.00129	0.06948	0.00429	0.05909	0.00549
9	0.01077	0.00885	0.00996	0.00906	0.04727	0.00988	0.02022	0.11172	0.60377	0.04402	0.03836	0.01438	0.01183	0.00529	0.00410	0.00132	0.00345	0.00443	0.00397	0.03736
10	0.00599	0.00435	0.02427	0.00464	0.00482	0.00409	0.00284	0.00619	0.00604	0.00820	0.01261	0.02556	0.01429	0.79393	0.04305	0.00387	0.00413	0.00574	0.02280	0.00261
11	0.11006	0.01134	0.01168	0.01114	0.12171	0.15606	0.04249	0.24217	0.16797	0.05518	0.00987	0.01025	0.00741	0.00449	0.00384	0.00122	0.00466	0.00353	0.00321	0.02174
12	0.00645	0.00469	0.00634	0.00616	0.00686	0.00526	0.00456	0.05947	0.00717	0.01006	0.01129	0.01830	0.01113	0.24437	0.57313	0.00550	0.00864	0.00471	0.00237	0.00353
13	0.00841	0.00721	0.00841	0.00601	0.00961	0.00541	0.00481	0.01022	0.00841	0.01322	0.00721	0.00841	0.00601	0.00300	0.00300	0.00060	0.00300	0.00240	0.00240	0.88222

[dist]
# distance from previous block
# <min> <max>
0	2

[block]
# block no. 2 follows, 66 sequences, length 44
# corresponding to MSA columns:
# 138-181
name=unknown_C
#
# <colnr> <probs for GDERKNQSTAVLIFYWHMCP>
#	G	D	E	R	K	N	Q	S	T	A	V	L	I	F	Y	W	H	M	C	P
0	0.00497	0.00359	0.00470	0.00554	0.00587	0.00332	0.00373	0.00574	0.00800	0.01062	0.05458	0.77578	0.07377	0.01240	0.00514	0.00162	0.00232	0.01120	0.00379	0.00332
1	0.01094	0.70510	0.10207	0.00770	0.01131	0.08483	0.00782	0.01256	0.00855	0.00991	0.00586	0.00678	0.00520	0.00357	0.00282	0.00092	0.00476	0.00229	0.00176	0.00524
2	0.00518	0.00414	0.00485	0.00506	0.00588	0.00390	0.00364	0.00611	0.00852	0.01085	0.08244	0.30118	0.41511	0.05694	0.02649	0.00174	0.04200	0.00897	0.00361	0.00341
3	0.00980	0.00932	0.01484	0.03098	0.63571	0.03385	0.02976	0.03184	0.03392	0.01355	0.04367	0.01368	0.02171	0.00450	0.00417	0.00126	0.00466	0.05440	0.00236	0.00602
4	0.00494	0.00353	0.00471	0.00565	0.00588	0.00330	0.00377	0.00565	0.00777	0.01036	0.02236	0.85477	0.02683	0.01271	0.00518	0.00165	0.00235	0.01153	0.00377	0.00330
5	0.02554	0.16944	0.12393	0.04172	0.03006	0.09976	0.07251	0.08100	0.04896	0.07745	0.12146	0.01376	0.05590	0.00504	0.00402	0.00119	0.01602	0.00408	0.00286	0.00530
6	0.00645	0.00516	0.00650	0.00635	0.00721	0.04947	0.00485	0.00785	0.00726	0.01022	0.07217	0.01701	0.01219	0.08049	0.61853	0.00525	0.00893	0.00450	0.04121	0.02842
7	0.00900	0.10031	0.64623	0.01154	0.03417	0.03216	0.05108	0.04683	0.00912	0.01301	0.00725	0.00853	0.00530	0.00384	0.00378	0.00124	0.00582	0.00303	0.00185	0.00591
8	0.01401	0.01653	0.01148	0.01086	0.07272	0.62223	0.00777	0.05448	0.01132	0.02496	0.00682	0.00788	0.00557	0.00404	0.00363	0.00101	0.00640	0.00274	0.00227	0.11329
9	0.01031	0.01021	0.01642	0.02388	0.76307	0.05521	0.03616	0.01267	0.00937	0.01306	0.00757	0.00992	0.00635	0.00364	0.00402	0.00120	0.00502	0.00359	0.00201	0.00630
10	0.02857	0.00926	0.01568	0.11767	0.64700	0.00948	0.04933	0.02716	0.00924	0.01330	0.00776	0.01023	0.00637	0.00371	0.00399	0.00122	0.00486	0.00364	0.02546	0.00606
11	0.00529	0.00411	0.00481	0.00472	0.00583	0.00363	0.00353	0.00674	0.01026	0.01351	0.41997	0.07163	0.39888	0.00945	0.00482	0.00135	0.00203	0.02172	0.00410	0.00362
12	0.00816	0.00609	0.00728	0.00660	0.02315	0.00621	0.00500	0.18566	0.06306	0.01788	0.52478	0.05242	0.05400	0.00753	0.00459	0.00129	0.00264	0.01472	0.00426	0.00468
13	0.00574	0.00415	0.00542	0.00510	0.00606	0.00383	0.00383	0.00766	0.01148	0.01627	0.82997	0.03031	0.03828	0.00829	0.00479	0.00128	0.00191	0.00734	0.00447	0.00383
14	0.01354	0.00968	0.08980	0.00805	0.01099	0.04141	0.00706	0.25552	0.04565	0.28658	0.13248	0.01485	0.03198	0.00547	0.00425	0.00125	0.01396	0.00438	0.01699	0.00610
15	0.00590	0.00393	0.00442	0.00442	0.00442	0.00393	0.00246	0.00590	0.00590	0.00787	0.01278	0.02655	0.01475	0.85742	0.02065	0.00393	0.00393	0.00590	0.00246	0.00246
16	0.76743	0.02272	0.00687	0.00598	0.00845	0.10933	0.00485	0.01244	0.00748	0.01707	0.00572	0.00668	0.00451	0.00381	0.00265	0.00122	0.00366	0.00225	0.00245	0.00444
17	0.00961	0.01074	0.03614	0.09721	0.04059	0.01020	0.67432	0.04484	0.00979	0.01325	0.00814	0.01082	0.00610	0.00355	0.00465	0.00136	0.00654	0.00457	0.00210	0.00547
18	0.00855	0.00835	0.02750	0.51334	0.30590	0.00938	0.01164	0.01111	0.00843	0.01138	0.00728	0.01043	0.00575	0.00403	0.00443	0.00132	0.04053	0.00360	0.00187	0.00519
19	0.01105	0.82067	0.02080	0.00711	0.01051	0.05453	0.00698	0.01234	0.00840	0.00956	0.00567	0.00655	0.00521	0.00350	0.00265	0.00088	0.00448	0.00219	0.00175	0.00518
20	0.85705	0.00796	0.00617	0.00547	0.00800	0.00922	0.00450	0.03882	0.00731	0.01845	0.00579	0.00670	0.00448	0.00380	0.00256	0.00125	0.00318	0.00225	0.00256	0.00448
21	0.00489	0.00411	0.00423	0.00420	0.00554	0.00346	0.00315	0.00600	0.00946	0.01146	0.11607	0.03821	0.75518	0.01009	0.00479	0.00136	0.00204	0.00845	0.00383	0.00346
22	0.01150	0.01318	0.01094	0.01055	0.05817	0.43148	0.03986	0.01312	0.03204	0.01090	0.03411	0.03898	0.01017	0.02150	0.02786	0.00150	0.10231	0.12477	0.00248	0.00457
23	0.00574	0.00415	0.00542	0.00510	0.00606	0.00383	0.00383	0.00766	0.01148	0.01627	0.82997	0.03031	0.03828	0.00829	0.00479	0.00128	0.00191	0.00734	0.00447	0.00383
24	0.86891	0.00792	0.00609	0.00541	0.00794	0.00917	0.00446	0.02783	0.00714	0.01835	0.00573	0.00665	0.00444	0.00379	0.00254	0.00125	0.00316	0.00223	0.00254	0.00444
25	0.00888	0.00888	0.01243	0.01065	0.01065	0.01243	0.00888	0.00976	0.00621	0.00976	0.00533	0.00888	0.00533	0.00710	0.01331	0.00178	0.84999	0.00355	0.00178	0.00444
26	0.00627	0.00459	0.00608	0.00559	0.00665	0.00444	0.01830	0.00829	0.02539	0.03116	0.67417	0.02878	0.07266	0.00809	0.00506	0.00131	0.03656	0.02230	0.03033	0.00396
27	0.00494	0.00353	0.00471	0.00565	0.00588	0.00330	0.00377	0.00565	0.00777	0.01036	0.02236	0.85477	0.02683	0.01271	0.00518	0.00165	0.00235	0.01153	0.00377	0.00330
28	0.00710	0.00569	0.00683	0.00662	0.00793	0.00601	0.01593	0.02864	0.25904	0.01384	0.15630	0.22015	0.10631	0.01059	0.07454	0.00188	0.00342	0.06079	0.00384	0.00452
29	0.08590	0.00839	0.03915	0.00767	0.01081	0.00779	0.00651	0.17251	0.05041	0.53497	0.01361	0.01236	0.00892	0.00523	0.01577	0.00133	0.00381	0.00384	0.00444	0.00660
30	0.00581	0.00418	0.00526	0.00501	0.00606	0.00381	0.00376	0.00750	0.01085	0.03297	0.62180	0.05856	0.18528	0.00916	0.02075	0.00141	0.00216	0.00758	0.00428	0.00380
31	0.01498	0.05284	0.01189	0.01031	0.01246	0.80824	0.00780	0.01604	0.01137	0.00991	0.00625	0.00728	0.00523	0.00415	0.00362	0.00104	0.00720	0.00260	0.00208	0.00472
32	0.76640	0.03218	0.00729	0.00663	0.05113	0.00952	0.00507	0.05767	0.00775	0.01812	0.00598	0.00695	0.00466	0.00381	0.00268	0.00124	0.00334	0.00235	0.00255	0.00466
33	0.03015	0.00727	0.02358	0.00683	0.00891	0.03653	0.02762	0.17403	0.05702	0.09087	0.10388	0.04196	0.29898	0.00767	0.00450	0.00135	0.00328	0.06687	0.00385	0.00485
34	0.04107	0.00723	0.00879	0.00669	0.00978	0.00619	0.03503	0.04549	0.06822	0.07257	0.07800	0.04421	0.01025	0.00427	0.00349	0.00088	0.00314	0.00358	0.00300	0.54812
35	0.00613	0.00424	0.00544	0.00510	0.00617	0.00386	0.00384	0.00792	0.01120	0.04848	0.70358	0.04465	0.11718	0.00844	0.00476	0.00129	0.00200	0.00740	0.00441	0.00390
36	0.01240	0.01228	0.01033	0.00961	0.04996	0.29568	0.00710	0.10138	0.32682	0.05084	0.04857	0.01295	0.03394	0.00513	0.00400	0.00123	0.00475	0.00398	0.00336	0.00570
37	0.82659	0.00863	0.00634	0.00568	0.00817	0.06593	0.00463	0.01222	0.00722	0.01764	0.00569	0.00664	0.00445	0.00379	0.00259	0.00124	0.00342	0.00223	0.00248	0.00441
38	0.06753	0.00804	0.01119	0.41978	0.08771	0.04716	0.03174	0.03680	0.08705	0.05877	0.05502	0.01247	0.01933	0.00455	0.00397	0.00129	0.00462	0.00390	0.03405	0.00501
39	0.00914	0.02421	0.18466	0.01262	0.05634	0.00952	0.29826	0.02242	0.23095	0.01423	0.05745	0.02751	0.02420	0.00465	0.00435	0.00134	0.00508	0.00458	0.00275	0.00573
40	0.00554	0.00416	0.00522	0.00591	0.00647	0.00407	0.00414	0.00743	0.09095	0.01117	0.02303	0.66697	0.08161	0.01172	0.00507	0.00161	0.00250	0.05496	0.00380	0.00365
41	0.00940	0.32090	0.51174	0.00982	0.01480	0.01192	0.01182	0.04472	0.00887	0.01217	0.00679	0.00788	0.00523	0.00376	0.00341	0.00113	0.00534	0.00273	0.00181	0.00575
42	0.01119	0.79389	0.02049	0.00722	0.01058	0.08081	0.00701	0.01247	0.00850	0.00958	0.00569	0.00657	0.00521	0.00353	0.00269	0.00088	0.00457	0.00220	0.00176	0.00517
43	0.82593	0.00871	0.04481	0.00574	0.00840	0.02747	0.00496	0.01206	0.00708	0.01777	0.00574	0.00670	0.00445	0.00378	0.00260	0.00125	0.00336	0.00224	0.00246	0.00448

[dist]
# distance from previous block
# <min> <max>
0	3

[block]
# block no. 3 follows, 66 sequences, length 138
# corresponding to MSA columns:
# 185-322
name=unknown_D
#
# <colnr> <probs for GDERKNQSTAVLIFYWHMCP>
#	G	D	E	R	K	N	Q	S	T	A	V	L	I	F	Y	W	H	M	C	P
0	0.00814	0.00777	0.01331	0.67330	0.14140	0.00919	0.05164	0.01101	0.02398	0.01103	0.00750	0.01080	0.00572	0.00399	0.00409	0.00133	0.00535	0.00368	0.00189	0.00486
1	0.01083	0.83045	0.02080	0.00696	0.01037	0.03111	0.00690	0.01212	0.00832	0.00958	0.00623	0.00705	0.01858	0.00359	0.00266	0.00088	0.00436	0.00228	0.00177	0.00517
2	0.00902	0.00488	0.00639	0.00559	0.00717	0.00437	0.00434	0.01077	0.01134	0.23572	0.55000	0.02656	0.09231	0.00757	0.00460	0.00128	0.00234	0.00656	0.00456	0.00462
3	0.00653	0.00539	0.02407	0.03181	0.14564	0.00512	0.02036	0.00748	0.00745	0.01006	0.01529	0.25281	0.03338	0.33750	0.01109	0.01583	0.00372	0.06001	0.00280	0.00363
4	0.00927	0.22918	0.48766	0.01052	0.02864	0.01113	0.05187	0.01360	0.08414	0.02627	0.00792	0.00889	0.00598	0.00391	0.00362	0.00119	0.00530	0.00305	0.00202	0.00583
5	0.00581	0.00432	0.00539	0.00556	0.00645	0.00412	0.00421	0.00765	0.04500	0.01309	0.32590	0.16252	0.15886	0.07586	0.00621	0.00167	0.00256	0.15721	0.00394	0.00367
6	0.00491	0.00374	0.00450	0.00510	0.00572	0.00335	0.00351	0.00571	0.00825	0.01053	0.02872	0.55997	0.30522	0.02415	0.00527	0.00158	0.00227	0.01042	0.00375	0.00333
7	0.04297	0.05802	0.63448	0.01141	0.03758	0.04989	0.03907	0.03810	0.00908	0.03252	0.00741	0.00861	0.00535	0.00389	0.00378	0.00125	0.00576	0.00303	0.00193	0.00588
8	0.01319	0.09771	0.01443	0.02248	0.07436	0.30643	0.13208	0.09197	0.04524	0.10719	0.02115	0.00975	0.00698	0.00433	0.00422	0.00118	0.03568	0.00345	0.00267	0.00551
9	0.01084	0.00924	0.05742	0.01337	0.27214	0.00794	0.05248	0.07510	0.02375	0.12296	0.00892	0.01001	0.00681	0.00372	0.00371	0.00102	0.00413	0.00331	0.00272	0.31040
10	0.02304	0.09159	0.58608	0.01109	0.03902	0.03895	0.02274	0.07147	0.04179	0.01369	0.01973	0.00905	0.00609	0.00402	0.00377	0.00124	0.00555	0.00311	0.00206	0.00591
11	0.01478	0.01790	0.02469	0.01014	0.01238	0.70295	0.00778	0.10890	0.01222	0.01190	0.00706	0.01994	0.00583	0.00439	0.00371	0.00108	0.00679	0.00289	0.01975	0.00494
12	0.00583	0.00422	0.00585	0.00585	0.00635	0.00471	0.00424	0.00682	0.00632	0.00893	0.01148	0.01931	0.01161	0.29314	0.58063	0.00570	0.00866	0.00484	0.00226	0.00325
13	0.00841	0.00721	0.00841	0.00601	0.00961	0.00541	0.00481	0.01022	0.00841	0.01322	0.00721	0.00841	0.00601	0.00300	0.00300	0.00060	0.00300	0.00240	0.00240	0.88222
14	0.00504	0.00381	0.00466	0.00514	0.00582	0.00343	0.00361	0.00604	0.00878	0.01144	0.14903	0.48263	0.26321	0.01132	0.00501	0.00151	0.00222	0.02001	0.00387	0.00342
15	0.01316	0.01279	0.01106	0.02237	0.04664	0.27679	0.00751	0.26378	0.24391	0.01701	0.02717	0.02097	0.00875	0.00493	0.00398	0.00122	0.00498	0.00375	0.00333	0.00590
16	0.00494	0.00354	0.00470	0.00562	0.00588	0.00330	0.00375	0.00565	0.00780	0.01037	0.02274	0.83826	0.04310	0.01266	0.00517	0.00164	0.00235	0.01147	0.00377	0.00330
17	0.00979	0.00945	0.01565	0.13878	0.66526	0.02359	0.02449	0.01254	0.03714	0.01292	0.00786	0.01029	0.00646	0.00375	0.00403	0.00123	0.00492	0.00365	0.00205	0.00611
18	0.00590	0.00393	0.00442	0.00442	0.00442	0.00393	0.00246	0.00590	0.00590	0.00787	0.01278	0.02655	0.01475	0.85742	0.02065	0.00393	0.00393	0.00590	0.00246	0.00246
19	0.35704	0.00910	0.02052	0.00716	0.00988	0.00997	0.00593	0.33081	0.07173	0.05313	0.00914	0.00950	0.00671	0.00446	0.00335	0.00122	0.00361	0.00317	0.07797	0.00560
20	0.00771	0.00726	0.01225	0.83148	0.04377	0.00903	0.01129	0.01041	0.00813	0.01042	0.00722	0.01080	0.00543	0.00405	0.00406	0.00135	0.00540	0.00361	0.00181	0.00454
21	0.01123	0.00718	0.00869	0.00644	0.00978	0.00582	0.00520	0.05199	0.00984	0.23427	0.02300	0.02246	0.02234	0.00398	0.00343	0.00084	0.00315	0.00322	0.00326	0.56385
22	0.00927	0.00886	0.01508	0.29050	0.57251	0.00944	0.01207	0.01178	0.00887	0.01232	0.00750	0.01029	0.00610	0.00376	0.00403	0.00125	0.00501	0.00361	0.00194	0.00581
23	0.00813	0.00492	0.00681	0.00719	0.00843	0.00475	0.00615	0.00992	0.00977	0.13346	0.07882	0.07181	0.02260	0.01015	0.00530	0.00173	0.00351	0.59840	0.00398	0.00419
24	0.01025	0.00879	0.00926	0.00829	0.01061	0.01016	0.00646	0.04505	0.80103	0.01723	0.01631	0.01498	0.01222	0.00549	0.00413	0.00137	0.00325	0.00456	0.00413	0.00644
25	0.00998	0.00862	0.00907	0.00817	0.01045	0.00995	0.00635	0.02123	0.80794	0.01685	0.01702	0.01563	0.02928	0.00560	0.00414	0.00138	0.00319	0.00467	0.00412	0.00636
26	0.01516	0.01934	0.01150	0.01045	0.01254	0.84113	0.00784	0.01620	0.01150	0.00993	0.00627	0.00732	0.00523	0.00418	0.00366	0.00105	0.00732	0.00261	0.00209	0.00470
27	0.00824	0.05159	0.80666	0.01140	0.01730	0.00966	0.01470	0.01282	0.00855	0.01273	0.00722	0.00849	0.00514	0.00384	0.00381	0.00127	0.00594	0.00297	0.00171	0.00597
28	0.01004	0.00964	0.01647	0.02490	0.83211	0.00964	0.01245	0.01245	0.00924	0.01325	0.00763	0.01004	0.00643	0.00361	0.00402	0.00120	0.00482	0.00361	0.00201	0.00643
29	0.00480	0.00411	0.00411	0.00411	0.00548	0.00343	0.00308	0.00582	0.00925	0.01096	0.04110	0.03905	0.83046	0.01028	0.00480	0.00137	0.00206	0.00856	0.00377	0.00343
30	0.00587	0.00397	0.00459	0.00454	0.00469	0.00392	0.00268	0.00619	0.00681	0.00924	0.14636	0.02716	0.01860	0.71862	0.01806	0.00350	0.00360	0.00613	0.00279	0.00268
31	0.00513	0.00382	0.00547	0.00610	0.00649	0.00357	0.03581	0.00594	0.00784	0.01046	0.02180	0.82154	0.02602	0.01234	0.00516	0.00164	0.00253	0.01127	0.00370	0.00338
32	0.01820	0.00690	0.00942	0.00722	0.01036	0.00596	0.00596	0.01977	0.01161	0.83492	0.01601	0.01381	0.01004	0.00502	0.00408	0.00126	0.00345	0.00408	0.00502	0.00690
33	0.01542	0.01136	0.01218	0.00933	0.01258	0.01258	0.00771	0.81858	0.01908	0.02557	0.00974	0.00974	0.00690	0.00487	0.00406	0.00122	0.00446	0.00365	0.00406	0.00690
34	0.00668	0.00483	0.00664	0.00750	0.00849	0.00488	0.00653	0.00892	0.04145	0.01233	0.02129	0.04456	0.02292	0.01098	0.00555	0.00185	0.00372	0.77329	0.00375	0.00384
35	0.00590	0.00393	0.00442	0.00442	0.00442	0.00393	0.00246	0.00590	0.00590	0.00787	0.01278	0.02655	0.01475	0.85742	0.02065	0.00393	0.00393	0.00590	0.00246	0.00246
36	0.00580	0.00435	0.00652	0.00652	0.00724	0.00507	0.00507	0.00724	0.00652	0.00942	0.01087	0.01594	0.01014	0.03043	0.84134	0.00652	0.01087	0.00435	0.00217	0.00362
37	0.00841	0.00721	0.00841	0.00601	0.00961	0.00541	0.00481	0.01022	0.00841	0.01322	0.00721	0.00841	0.00601	0.00300	0.00300	0.00060	0.00300	0.00240	0.00240	0.88222
38	0.00494	0.00353	0.00471	0.00565	0.00588	0.00330	0.00377	0.00565	0.00777	0.01036	0.02236	0.85477	0.02683	0.01271	0.00518	0.00165	0.00235	0.01153	0.00377	0.00330
39	0.00589	0.00396	0.00454	0.00454	0.00458	0.00399	0.00260	0.00597	0.00593	0.00795	0.01268	0.02598	0.01450	0.81270	0.06503	0.00407	0.00431	0.00582	0.00244	0.00252
40	0.01820	0.00690	0.00942	0.00722	0.01036	0.00596	0.00596	0.01977	0.01161	0.83492	0.01601	0.01381	0.01004	0.00502	0.00408	0.00126	0.00345	0.00408	0.00502	0.00690
41	0.00491	0.00399	0.00431	0.00454	0.00560	0.00345	0.00329	0.00585	0.00879	0.01073	0.03542	0.21739	0.60331	0.04419	0.00552	0.00154	0.00223	0.02785	0.00371	0.00337
42	0.01820	0.00690	0.00942	0.00722	0.01036	0.00596	0.00596	0.01977	0.01161	0.83492	0.01601	0.01381	0.01004	0.00502	0.00408	0.00126	0.00345	0.00408	0.00502	0.00690
43	0.01535	0.01116	0.01201	0.00922	0.01244	0.01231	0.00761	0.78919	0.01877	0.04443	0.01030	0.01022	0.01771	0.00494	0.00407	0.00122	0.00441	0.00373	0.00408	0.00685
44	0.00958	0.01094	0.02394	0.01710	0.02120	0.01026	0.81737	0.01300	0.00958	0.01300	0.00821	0.01094	0.00616	0.00342	0.00479	0.00137	0.00684	0.00479	0.00205	0.00547
45	0.00496	0.00354	0.00472	0.00564	0.00589	0.00330	0.00377	0.00569	0.00783	0.01046	0.03691	0.83991	0.02704	0.01263	0.00517	0.00164	0.00235	0.01146	0.00378	0.00330
46	0.01542	0.01136	0.01218	0.00933	0.01258	0.01258	0.00771	0.81858	0.01908	0.02557	0.00974	0.00974	0.00690	0.00487	0.00406	0.00122	0.00446	0.00365	0.00406	0.00690
47	0.00841	0.00721	0.00841	0.00601	0.00961	0.00541	0.00481	0.01022	0.00841	0.01322	0.00721	0.00841	0.00601	0.00300	0.00300	0.00060	0.00300	0.00240	0.00240	0.88222
48	0.00787	0.01860	0.70933	0.01091	0.01623	0.00875	0.03724	0.01218	0.00892	0.01320	0.09739	0.01147	0.02132	0.00442	0.00400	0.00129	0.00552	0.00361	0.00205	0.00571
49	0.00847	0.00735	0.00841	0.00607	0.00961	0.01808	0.00484	0.01025	0.00845	0.01313	0.00740	0.01979	0.00628	0.00315	0.00304	0.00062	0.00306	0.00253	0.00242	0.85705
50	0.00927	0.00886	0.01504	0.28502	0.56479	0.00949	0.01202	0.01175	0.00883	0.01229	0.00746	0.01027	0.00609	0.00381	0.00417	0.00126	0.01824	0.00361	0.00194	0.00579
51	0.01337	0.00946	0.01006	0.00796	0.01063	0.01038	0.00650	0.59982	0.04027	0.02280	0.01078	0.01120	0.00791	0.00485	0.00377	0.00116	0.00381	0.00371	0.21544	0.00613
52	0.01542	0.01136	0.01218	0.00933	0.01258	0.01258	0.00771	0.81858	0.01908	0.02557	0.00974	0.00974	0.00690	0.00487	0.00406	0.00122	0.00446	0.00365	0.00406	0.00690
53	0.88607	0.00785	0.00596	0.00534	0.00785	0.00910	0.00439	0.01193	0.00690	0.01820	0.00565	0.00659	0.00439	0.00377	0.00251	0.00126	0.00314	0.00220	0.00251	0.00439
54	0.00480	0.00411	0.00411	0.00411	0.00548	0.00343	0.00308	0.00582	0.00925	0.01096	0.04110	0.03905	0.83046	0.01028	0.00480	0.00137	0.00206	0.00856	0.00377	0.00343
55	0.00825	0.03344	0.78742	0.01186	0.02994	0.00955	0.03847	0.01284	0.00860	0.01281	0.00729	0.00863	0.00519	0.00383	0.00387	0.00128	0.00598	0.00305	0.00173	0.00597
56	0.00664	0.00512	0.00594	0.00557	0.00689	0.00499	0.00424	0.07617	0.08440	0.01511	0.39165	0.09453	0.24708	0.00871	0.00472	0.00135	0.00236	0.02621	0.00414	0.00417
57	0.00494	0.00353	0.00471	0.00565	0.00588	0.00330	0.00377	0.00565	0.00777	0.01036	0.02236	0.85477	0.02683	0.01271	0.00518	0.00165	0.00235	0.01153	0.00377	0.00330
58	0.00849	0.01940	0.71763	0.01145	0.03278	0.02175	0.01390	0.01384	0.09787	0.01326	0.00828	0.00929	0.00596	0.00404	0.00388	0.00129	0.00569	0.00318	0.00199	0.00603
59	0.05200	0.00706	0.00926	0.00721	0.01027	0.00635	0.00593	0.01958	0.06382	0.74992	0.01563	0.01361	0.00997	0.00500	0.00402	0.00126	0.00342	0.00404	0.00486	0.00677
60	0.01085	0.85986	0.02126	0.00694	0.01041	0.01605	0.00694	0.01215	0.00824	0.00955	0.00564	0.00651	0.00521	0.00347	0.00260	0.00087	0.00434	0.00217	0.00174	0.00521
61	0.01036	0.00871	0.00922	0.00825	0.01057	0.01003	0.00643	0.03307	0.79432	0.03599	0.01640	0.01503	0.01225	0.00548	0.00413	0.00137	0.00323	0.00456	0.00415	0.00644
62	0.00590	0.00393	0.00442	0.00442	0.00442	0.00393	0.00246	0.00590	0.00590	0.00787	0.01278	0.02655	0.01475	0.85742	0.02065	0.00393	0.00393	0.00590	0.00246	0.00246
63	0.00907	0.00853	0.01380	0.36133	0.39948	0.00944	0.01122	0.01272	0.10982	0.01253	0.00856	0.01099	0.00675	0.00403	0.00405	0.00129	0.00486	0.00373	0.00219	0.00564
64	0.00494	0.00353	0.00471	0.00565	0.00588	0.00330	0.00377	0.00565	0.00777	0.01036	0.02236	0.85477	0.02683	0.01271	0.00518	0.00165	0.00235	0.01153	0.00377	0.00330
65	0.00940	0.00904	0.02840	0.01023	0.01133	0.04112	0.08004	0.09844	0.00830	0.02393	0.00738	0.01055	0.00658	0.01091	0.17361	0.00257	0.45748	0.00379	0.00219	0.00472
66	0.00756	0.00378	0.00378	0.00378	0.00473	0.00378	0.00284	0.00945	0.00851	0.01513	0.01324	0.01513	0.01040	0.00473	0.00284	0.00095	0.00189	0.00378	0.87994	0.00378
67	0.00587	0.00404	0.00498	0.00498	0.00518	0.00424	0.00315	0.00626	0.00607	0.00828	0.01227	0.02373	0.01352	0.63733	0.23906	0.00462	0.00578	0.00549	0.00238	0.00277
68	0.00958	0.01094	0.02394	0.01710	0.02120	0.01026	0.81737	0.01300	0.00958	0.01300	0.00821	0.01094	0.00616	0.00342	0.00479	0.00137	0.00684	0.00479	0.00205	0.00547
69	0.01009	0.00872	0.00917	0.00826	0.01055	0.01009	0.00642	0.02156	0.82478	0.01697	0.01651	0.01514	0.01238	0.00550	0.00413	0.00138	0.00321	0.00459	0.00413	0.00642
70	0.00496	0.00354	0.00472	0.00564	0.00589	0.00330	0.00377	0.00568	0.00783	0.01045	0.03557	0.84128	0.02702	0.01264	0.00517	0.00164	0.00235	0.01147	0.00378	0.00330
71	0.01009	0.00872	0.00917	0.00826	0.01055	0.01009	0.00642	0.02156	0.82478	0.01697	0.01651	0.01514	0.01238	0.00550	0.00413	0.00138	0.00321	0.00459	0.00413	0.00642
72	0.88607	0.00785	0.00596	0.00534	0.00785	0.00910	0.00439	0.01193	0.00690	0.01820	0.00565	0.00659	0.00439	0.00377	0.00251	0.00126	0.00314	0.00220	0.00251	0.00439
73	0.00557	0.00414	0.00519	0.00493	0.00596	0.00376	0.00370	0.00733	0.01109	0.01532	0.68936	0.03186	0.17948	0.00865	0.00479	0.00129	0.00194	0.00756	0.00434	0.00376
74	0.01004	0.00964	0.01647	0.02490	0.83211	0.00964	0.01245	0.01245	0.00924	0.01325	0.00763	0.01004	0.00643	0.00361	0.00402	0.00120	0.00482	0.00361	0.00201	0.00643
75	0.00586	0.00399	0.00453	0.00459	0.00475	0.00394	0.00276	0.00605	0.00636	0.00836	0.01542	0.02867	0.07563	0.74198	0.01854	0.00361	0.00378	0.05591	0.00263	0.00261
76	0.00581	0.00444	0.00553	0.00607	0.00719	0.00415	0.00510	0.00733	0.00930	0.01165	0.02964	0.04297	0.35886	0.01082	0.00527	0.00166	0.00304	0.47381	0.00375	0.00361
77	0.00553	0.00428	0.00506	0.00489	0.00603	0.00389	0.00368	0.00741	0.03891	0.01407	0.47031	0.05757	0.33380	0.00911	0.00479	0.00133	0.00205	0.01938	0.00416	0.00375
78	0.00550	0.00412	0.00509	0.00489	0.00590	0.00372	0.00364	0.00715	0.01079	0.01477	0.61502	0.05698	0.21778	0.02062	0.00502	0.00135	0.00199	0.00772	0.00426	0.00370
79	0.03256	0.00788	0.00965	0.00761	0.01052	0.00773	0.00621	0.18683	0.10219	0.50764	0.06627	0.01401	0.01133	0.00523	0.00410	0.00126	0.00353	0.00422	0.00464	0.00661
80	0.00905	0.30480	0.56062	0.01000	0.01514	0.01167	0.01227	0.01261	0.00846	0.01173	0.00673	0.00787	0.00516	0.00372	0.00343	0.00114	0.00544	0.00272	0.00172	0.00573
81	0.00897	0.00785	0.00889	0.06126	0.01104	0.02965	0.00562	0.02839	0.15110	0.01387	0.00894	0.00983	0.00714	0.00360	0.00331	0.00081	0.00333	0.00291	0.01428	0.61921
82	0.16756	0.01110	0.00983	0.00837	0.01077	0.18686	0.01992	0.23898	0.14213	0.03235	0.02065	0.02341	0.05971	0.00527	0.00412	0.00126	0.03210	0.01691	0.00326	0.00546
83	0.00860	0.00917	0.01898	0.01425	0.01733	0.00878	0.58658	0.01140	0.00920	0.01245	0.01150	0.11974	0.01082	0.00567	0.00525	0.00148	0.03655	0.10484	0.00246	0.00495
84	0.02375	0.00886	0.01078	0.00864	0.01138	0.06326	0.10521	0.12964	0.18006	0.12222	0.03927	0.06874	0.04244	0.00539	0.00409	0.00120	0.00397	0.01514	0.00350	0.15247
85	0.88607	0.00785	0.00596	0.00534	0.00785	0.00910	0.00439	0.01193	0.00690	0.01820	0.00565	0.00659	0.00439	0.00377	0.00251	0.00126	0.00314	0.00220	0.00251	0.00439
86	0.00732	0.00483	0.00614	0.00626	0.00753	0.00453	0.00504	0.02082	0.03198	0.09658	0.08975	0.17778	0.18817	0.00992	0.00500	0.00156	0.00295	0.30074	0.00392	0.02921
87	0.00942	0.41817	0.45045	0.00938	0.01418	0.01256	0.01118	0.01252	0.00841	0.01128	0.00650	0.00759	0.00517	0.00367	0.00326	0.00109	0.00521	0.00261	0.00172	0.00562
88	0.00678	0.00528	0.00606	0.00565	0.00708	0.02013	0.02092	0.06940	0.02637	0.03762	0.19026	0.11732	0.37580	0.02873	0.00511	0.00143	0.00265	0.05221	0.00385	0.01734
89	0.00510	0.00368	0.00477	0.00542	0.00582	0.00342	0.00367	0.00598	0.00834	0.01119	0.14789	0.64074	0.07408	0.05244	0.00584	0.00168	0.00234	0.01044	0.00381	0.00335
90	0.00546	0.00402	0.00514	0.00589	0.00632	0.00392	0.00401	0.01743	0.06830	0.01104	0.02176	0.78169	0.02551	0.01208	0.00509	0.00162	0.00244	0.01092	0.00380	0.00357
91	0.00944	0.00904	0.01532	0.22065	0.61617	0.00957	0.01206	0.01187	0.00888	0.01246	0.00746	0.01019	0.00615	0.00382	0.00430	0.00126	0.02987	0.00361	0.00195	0.00591
92	0.00887	0.00859	0.01387	0.49014	0.34927	0.03732	0.01163	0.01140	0.00868	0.01151	0.00735	0.01039	0.00581	0.00388	0.00403	0.00128	0.00524	0.00358	0.00189	0.00528
93	0.00516	0.00414	0.00463	0.00460	0.00580	0.00360	0.00348	0.00649	0.00989	0.01260	0.27664	0.05324	0.53873	0.00977	0.00484	0.00137	0.00210	0.04539	0.00398	0.00356
94	0.00580	0.00434	0.00648	0.00648	0.00719	0.00505	0.00502	0.00722	0.00651	0.00939	0.01091	0.01615	0.01023	0.04683	0.82506	0.00647	0.01073	0.00438	0.00218	0.00360
95	0.00833	0.08048	0.77859	0.01124	0.01705	0.00989	0.01442	0.01280	0.00854	0.01261	0.00716	0.00842	0.00514	0.00383	0.00377	0.00126	0.00588	0.00294	0.00171	0.00594
96	0.00493	0.00359	0.00464	0.00548	0.00584	0.00331	0.00369	0.00567	0.00793	0.01042	0.02436	0.76766	0.11265	0.01245	0.00514	0.00162	0.00232	0.01122	0.00377	0.00331
97	0.00580	0.00434	0.00648	0.00648	0.00719	0.00505	0.00502	0.00722	0.00651	0.00939	0.01090	0.01614	0.01023	0.04612	0.82576	0.00647	0.01074	0.00438	0.00218	0.00360
98	0.03372	0.00845	0.01030	0.00791	0.01107	0.00830	0.00653	0.29409	0.01409	0.54133	0.01366	0.01227	0.00886	0.00495	0.00404	0.00124	0.00379	0.00390	0.00464	0.00686
99	0.01085	0.85986	0.02126	0.00694	0.01041	0.01605	0.00694	0.01215	0.00824	0.00955	0.00564	0.00651	0.00521	0.00347	0.00260	0.00087	0.00434	0.00217	0.00174	0.00521
100	0.00581	0.00429	0.00625	0.00625	0.00689	0.00493	0.00474	0.00707	0.00644	0.00922	0.01111	0.01729	0.01073	0.13570	0.73687	0.00619	0.00998	0.00454	0.00221	0.00347
101	0.01646	0.00652	0.00886	0.00692	0.00976	0.00566	0.00566	0.01808	0.01159	0.72048	0.12979	0.01612	0.01399	0.00548	0.00418	0.00126	0.00324	0.00454	0.00494	0.00647
102	0.00494	0.00353	0.00471	0.00565	0.00588	0.00330	0.00377	0.00565	0.00777	0.01036	0.02236	0.85477	0.02683	0.01271	0.00518	0.00165	0.00235	0.01153	0.00377	0.00330
103	0.01004	0.00964	0.01647	0.02490	0.83211	0.00964	0.01245	0.01245	0.00924	0.01325	0.00763	0.01004	0.00643	0.00361	0.00402	0.00120	0.00482	0.00361	0.00201	0.00643
104	0.01516	0.01934	0.01150	0.01045	0.01254	0.84113	0.00784	0.01620	0.01150	0.00993	0.00627	0.00732	0.00523	0.00418	0.00366	0.00105	0.00732	0.00261	0.00209	0.00470
105	0.00841	0.00721	0.00841	0.00601	0.00961	0.00541	0.00481	0.01022	0.00841	0.01322	0.00721	0.00841	0.00601	0.00300	0.00300	0.00060	0.00300	0.00240	0.00240	0.88222
106	0.00590	0.00393	0.00442	0.00442	0.00442	0.00393	0.00246	0.00590	0.00590	0.00787	0.01278	0.02655	0.01475	0.85742	0.02065	0.00393	0.00393	0.00590	0.00246	0.00246
107	0.00580	0.00435	0.00652	0.00652	0.00724	0.00507	0.00507	0.00724	0.00652	0.00942	0.01087	0.01594	0.01014	0.03043	0.84134	0.00652	0.01087	0.00435	0.00217	0.00362
108	0.01563	0.02354	0.01204	0.00909	0.01233	0.01199	0.00753	0.72890	0.01819	0.10405	0.01029	0.01009	0.00718	0.00486	0.00404	0.00122	0.00436	0.00367	0.00412	0.00687
109	0.00494	0.00353	0.00471	0.00565	0.00588	0.00330	0.00377	0.00565	0.00777	0.01036	0.02236	0.85477	0.02683	0.01271	0.00518	0.00165	0.00235	0.01153	0.00377	0.00330
110	0.00850	0.13260	0.72794	0.01095	0.01661	0.01030	0.01392	0.01276	0.00852	0.01241	0.00706	0.00829	0.00515	0.00380	0.00369	0.00123	0.00578	0.00289	0.00172	0.00589
111	0.00664	0.00488	0.00712	0.00780	0.00884	0.00486	0.03384	0.00856	0.00935	0.01217	0.02103	0.04459	0.02277	0.01095	0.00558	0.00185	0.00384	0.77786	0.00368	0.00379
112	0.00841	0.00721	0.00841	0.00601	0.00961	0.00541	0.00481	0.01022	0.00841	0.01322	0.00721	0.00841	0.00601	0.00300	0.00300	0.00060	0.00300	0.00240	0.00240	0.88222
113	0.00483	0.00409	0.00418	0.00420	0.00551	0.00343	0.00313	0.00588	0.00928	0.01113	0.06833	0.06621	0.77543	0.01029	0.00481	0.00138	0.00206	0.00862	0.00379	0.00343
114	0.00766	0.00721	0.01217	0.84767	0.02794	0.00901	0.01127	0.01037	0.00811	0.01037	0.00721	0.01082	0.00541	0.00406	0.00406	0.00135	0.00541	0.00361	0.00180	0.00451
115	0.00756	0.00378	0.00378	0.00378	0.00473	0.00378	0.00284	0.00945	0.00851	0.01513	0.01324	0.01513	0.01040	0.00473	0.00284	0.00095	0.00189	0.00378	0.87994	0.00378
116	0.00822	0.04571	0.81237	0.01143	0.01735	0.00962	0.01475	0.01283	0.00856	0.01275	0.00723	0.00851	0.00514	0.00384	0.00382	0.00127	0.00595	0.00297	0.00171	0.00597
117	0.00494	0.00353	0.00471	0.00565	0.00588	0.00330	0.00377	0.00565	0.00777	0.01036	0.02236	0.85477	0.02683	0.01271	0.00518	0.00165	0.00235	0.01153	0.00377	0.00330
118	0.00590	0.00393	0.00442	0.00442	0.00442	0.00393	0.00246	0.00590	0.00590	0.00787	0.01278	0.02655	0.01475	0.85742	0.02065	0.00393	0.00393	0.00590	0.00246	0.00246
119	0.00972	0.51087	0.36037	0.00886	0.01339	0.01329	0.01029	0.01244	0.00838	0.01092	0.00632	0.00736	0.00518	0.00363	0.00312	0.00104	0.00503	0.00251	0.00173	0.00553
120	0.01158	0.01067	0.01005	0.00874	0.01110	0.14375	0.01901	0.16049	0.49559	0.01690	0.01396	0.02478	0.02439	0.02501	0.00446	0.00136	0.00413	0.00430	0.00371	0.00603
121	0.01405	0.01630	0.01227	0.01212	0.11394	0.56819	0.00848	0.11477	0.01173	0.01227	0.00679	0.00808	0.00559	0.00443	0.00453	0.00115	0.07490	0.00294	0.00230	0.00517
122	0.00496	0.00354	0.00472	0.00564	0.00589	0.00330	0.00377	0.00568	0.00783	0.01046	0.03616	0.84068	0.02703	0.01264	0.00517	0.00164	0.00235	0.01146	0.00378	0.00330
123	0.00946	0.01025	0.02053	0.01749	0.17793	0.01023	0.53783	0.01232	0.00911	0.01266	0.01843	0.01116	0.01850	0.00408	0.00570	0.00139	0.11093	0.00449	0.00206	0.00548
124	0.02403	0.00927	0.04489	0.00787	0.01033	0.08172	0.00644	0.15118	0.24126	0.17932	0.07848	0.08154	0.05354	0.00611	0.00420	0.00130	0.00373	0.00501	0.00397	0.00580
125	0.00502	0.00362	0.00476	0.00558	0.00593	0.00336	0.00379	0.00585	0.00812	0.01082	0.07810	0.74412	0.06565	0.01227	0.00514	0.00161	0.00234	0.02675	0.00381	0.00335
126	0.00494	0.00355	0.00468	0.00559	0.00587	0.00330	0.00374	0.00566	0.00783	0.01038	0.02313	0.82129	0.05981	0.01261	0.00516	0.00164	0.00234	0.01141	0.00377	0.00330
127	0.00896	0.14669	0.66214	0.01082	0.01628	0.01040	0.02878	0.02651	0.00879	0.03439	0.00732	0.00846	0.00533	0.00384	0.00369	0.00122	0.00567	0.00295	0.00185	0.00591
128	0.00951	0.00970	0.01596	0.03175	0.01558	0.07549	0.40372	0.04146	0.13618	0.02317	0.01231	0.13976	0.01114	0.00571	0.00465	0.00141	0.00532	0.04918	0.00283	0.00518
129	0.00737	0.00475	0.00597	0.00547	0.00675	0.00444	0.00419	0.03258	0.01086	0.10955	0.47997	0.05474	0.17076	0.03696	0.00542	0.00142	0.01857	0.03185	0.00423	0.00415
130	0.00825	0.05485	0.80349	0.01138	0.01727	0.00969	0.01467	0.01282	0.00855	0.01272	0.00721	0.00848	0.00514	0.00384	0.00380	0.00127	0.00593	0.00296	0.00171	0.00596
131	0.00999	0.00958	0.01637	0.04427	0.81318	0.00962	0.01242	0.01240	0.00921	0.01319	0.00762	0.01006	0.00640	0.00363	0.00402	0.00121	0.00483	0.00361	0.00200	0.00638
132	0.05130	0.01035	0.01069	0.00867	0.01149	0.03976	0.00701	0.47539	0.25108	0.04576	0.02823	0.01169	0.00909	0.00505	0.00400	0.00126	0.00403	0.00391	0.01475	0.00648
133	0.80325	0.00840	0.00654	0.00578	0.00826	0.03736	0.00474	0.04557	0.00755	0.01806	0.00583	0.00679	0.00454	0.00389	0.00283	0.00126	0.02000	0.00230	0.00255	0.00451
134	0.00715	0.00570	0.00576	0.00538	0.00701	0.03958	0.00411	0.01002	0.14417	0.07075	0.11511	0.03110	0.52162	0.00866	0.00459	0.00134	0.00255	0.00722	0.00392	0.00426
135	0.03757	0.01028	0.01034	0.00846	0.01119	0.09107	0.00679	0.37246	0.18495	0.14339	0.01334	0.03774	0.04313	0.00539	0.00406	0.00126	0.00413	0.00421	0.00396	0.00627
136	0.01496	0.01709	0.01153	0.01010	0.01245	0.62144	0.00774	0.18925	0.05352	0.01365	0.00753	0.00823	0.00594	0.00440	0.00377	0.00110	0.00650	0.00293	0.00262	0.00526
137	0.00582	0.00451	0.00524	0.00522	0.00621	0.02315	0.00386	0.00717	0.00991	0.02933	0.35905	0.20065	0.27625	0.00967	0.00500	0.00139	0.01790	0.02195	0.00400	0.00369

[dist]
# distance from previous block
# <min> <max>
0	7

# created by:
# /st0/software/busco_prod/Augustus/scripts/msa2prfl.pl ./align_prep/112955.fa
