[name]
unknown

[dist]
# distance from previous block
# <min> <max>
12	97

[block]
# block no. 0 follows, 53 sequences, length 15
# corresponding to MSA columns:
# 117-131
name=unknown_A
#
# <colnr> <probs for GDERKNQSTAVLIFYWHMCP>
#	G	D	E	R	K	N	Q	S	T	A	V	L	I	F	Y	W	H	M	C	P
0	0.14413	0.04227	0.14622	0.02961	0.04570	0.05898	0.07483	0.08595	0.07847	0.03002	0.02399	0.01331	0.03072	0.00658	0.04146	0.00169	0.01810	0.01622	0.00308	0.10866
1	0.10921	0.03616	0.04640	0.02353	0.10538	0.03836	0.00755	0.04871	0.10256	0.06093	0.08448	0.05767	0.11150	0.01948	0.00486	0.00145	0.00412	0.00549	0.00369	0.12846
2	0.01080	0.02839	0.01356	0.01729	0.35421	0.05691	0.00977	0.04971	0.03027	0.03942	0.04990	0.18384	0.05059	0.04421	0.00634	0.00170	0.03698	0.00670	0.00331	0.00611
3	0.01228	0.01258	0.01891	0.04818	0.60655	0.10677	0.07380	0.01498	0.01115	0.01494	0.00927	0.03170	0.00794	0.00460	0.00479	0.00143	0.00616	0.00446	0.00243	0.00709
4	0.01379	0.01601	0.01415	0.01244	0.01355	0.37455	0.00991	0.01492	0.01013	0.01159	0.00678	0.00963	0.00622	0.00681	0.01056	0.00170	0.45594	0.00368	0.00226	0.00537
5	0.01418	0.01113	0.01180	0.00976	0.01287	0.01237	0.00783	0.39050	0.32800	0.02404	0.01906	0.01812	0.10515	0.00679	0.00492	0.00153	0.00433	0.00543	0.00477	0.00742
6	0.00769	0.00463	0.00621	0.00688	0.00756	0.00426	0.00475	0.00864	0.00969	0.10679	0.02545	0.73201	0.02925	0.01389	0.00595	0.00189	0.00293	0.01254	0.00461	0.00439
7	0.01278	0.83490	0.02505	0.00818	0.01227	0.01891	0.00818	0.01431	0.00971	0.01125	0.00664	0.00767	0.00613	0.00409	0.00307	0.00102	0.00511	0.00256	0.00204	0.00613
8	0.01817	0.01339	0.01434	0.01100	0.01482	0.01482	0.00908	0.78627	0.02247	0.03012	0.01148	0.01148	0.00813	0.00574	0.00478	0.00143	0.00526	0.00430	0.00478	0.00813
9	0.01240	0.73830	0.11831	0.00883	0.01327	0.01798	0.00931	0.01441	0.00976	0.01171	0.00688	0.00796	0.00612	0.00414	0.00324	0.00108	0.00534	0.00267	0.00204	0.00624
10	0.00959	0.02472	0.80726	0.01362	0.02069	0.01110	0.01766	0.01514	0.01009	0.01514	0.00858	0.01009	0.00605	0.00454	0.00454	0.00151	0.00706	0.00353	0.00202	0.00706
11	0.01077	0.18182	0.60317	0.01239	0.01866	0.01286	0.01525	0.06526	0.01082	0.01536	0.00839	0.00971	0.00621	0.00453	0.00427	0.00141	0.00657	0.00339	0.00220	0.00695
12	0.01262	0.79589	0.06271	0.00844	0.01267	0.01854	0.00863	0.01435	0.00973	0.01143	0.00674	0.00778	0.00613	0.00411	0.00314	0.00105	0.00521	0.00260	0.00204	0.00618
13	0.01442	0.40260	0.06876	0.00971	0.01352	0.10177	0.00894	0.24704	0.01385	0.01716	0.00872	0.01008	0.00723	0.03126	0.02469	0.00148	0.00583	0.00340	0.00295	0.00658
14	0.13539	0.33574	0.25578	0.00996	0.01458	0.03333	0.03457	0.03083	0.01035	0.04030	0.05261	0.01053	0.00843	0.00471	0.00384	0.00131	0.00548	0.00342	0.00255	0.00628

[dist]
# distance from previous block
# <min> <max>
3	10

[block]
# block no. 1 follows, 53 sequences, length 15
# corresponding to MSA columns:
# 142-156
name=unknown_B
#
# <colnr> <probs for GDERKNQSTAVLIFYWHMCP>
#	G	D	E	R	K	N	Q	S	T	A	V	L	I	F	Y	W	H	M	C	P
0	0.00710	0.03831	0.00776	0.05677	0.00998	0.00559	0.00650	0.00870	0.01004	0.01309	0.02467	0.39165	0.04965	0.01308	0.00610	0.00198	0.00377	0.33679	0.00419	0.00429
1	0.03089	0.24555	0.01728	0.01144	0.04266	0.30028	0.04120	0.09296	0.01238	0.04093	0.00818	0.00953	0.00676	0.00542	0.01818	0.00137	0.06413	0.00335	0.00269	0.04483
2	0.02696	0.28308	0.33100	0.01003	0.01496	0.01239	0.01122	0.02906	0.01064	0.05530	0.07421	0.01256	0.02909	0.00502	0.00408	0.00128	0.00538	0.00380	0.00269	0.07725
3	0.01443	0.45854	0.06299	0.01055	0.03061	0.20994	0.02821	0.10823	0.01226	0.01402	0.00763	0.00870	0.00643	0.00452	0.00375	0.00117	0.00617	0.00306	0.00249	0.00632
4	0.01187	0.60369	0.24828	0.00973	0.01467	0.01668	0.01088	0.01455	0.00982	0.01236	0.00720	0.00836	0.00611	0.00422	0.00349	0.00116	0.00567	0.00283	0.00204	0.00640
5	0.00595	0.00479	0.00508	0.00508	0.00637	0.00416	0.00365	0.00708	0.01054	0.01300	0.11837	0.07388	0.58395	0.12718	0.00829	0.00204	0.00273	0.00964	0.00430	0.00392
6	0.00986	0.07315	0.72494	0.01359	0.02037	0.01162	0.05160	0.01509	0.01012	0.01491	0.00851	0.01007	0.00611	0.00449	0.00450	0.00149	0.00699	0.00357	0.00204	0.00698
7	0.86579	0.00924	0.00702	0.00629	0.00924	0.01072	0.00518	0.01405	0.00813	0.02144	0.00666	0.00776	0.00518	0.00444	0.00296	0.00148	0.00370	0.00259	0.00296	0.00518
8	0.06299	0.01674	0.37518	0.01311	0.01816	0.01063	0.17727	0.01632	0.11979	0.04989	0.08241	0.01421	0.01123	0.00523	0.00483	0.00154	0.00605	0.00470	0.00302	0.00670
9	0.00959	0.02472	0.80726	0.01362	0.02069	0.01110	0.01766	0.01514	0.01009	0.01514	0.00858	0.01009	0.00605	0.00454	0.00454	0.00151	0.00706	0.00353	0.00202	0.00706
10	0.01225	0.51464	0.28411	0.01001	0.01506	0.01558	0.01126	0.01514	0.01008	0.06157	0.00804	0.00900	0.00646	0.00435	0.00366	0.00121	0.00570	0.00302	0.00227	0.00657
11	0.79916	0.03671	0.00781	0.00645	0.00948	0.01083	0.00536	0.01448	0.00844	0.05658	0.00721	0.00815	0.00551	0.00449	0.00305	0.00146	0.00376	0.00269	0.00306	0.00534
12	0.01015	0.10948	0.01141	0.00800	0.01088	0.04926	0.02527	0.01385	0.13417	0.03099	0.11876	0.03435	0.11512	0.00675	0.00477	0.00128	0.02216	0.03320	0.00367	0.25649
13	0.07447	0.02485	0.03513	0.00887	0.01215	0.00998	0.00742	0.24423	0.10053	0.21349	0.12416	0.01759	0.02897	0.00638	0.00472	0.00145	0.00416	0.01799	0.00474	0.05871
14	0.24375	0.04711	0.02575	0.10304	0.07693	0.04217	0.00807	0.01756	0.11031	0.21559	0.02978	0.01352	0.00975	0.03132	0.00484	0.00158	0.00459	0.00414	0.00377	0.00644

[dist]
# distance from previous block
# <min> <max>
4	8

[block]
# block no. 2 follows, 53 sequences, length 27
# corresponding to MSA columns:
# 165-191
name=unknown_C
#
# <colnr> <probs for GDERKNQSTAVLIFYWHMCP>
#	G	D	E	R	K	N	Q	S	T	A	V	L	I	F	Y	W	H	M	C	P
0	0.00647	0.00482	0.00542	0.00557	0.00642	0.00447	0.00389	0.00734	0.00936	0.01182	0.05972	0.06402	0.33850	0.34324	0.01332	0.00291	0.00356	0.10167	0.00384	0.00363
1	0.01189	0.01027	0.01081	0.00973	0.01243	0.01189	0.00757	0.02540	0.79357	0.01999	0.01945	0.01783	0.01459	0.00648	0.00486	0.00162	0.00378	0.00540	0.00486	0.00757
2	0.01480	0.00834	0.01041	0.00768	0.01170	0.00665	0.00624	0.01680	0.01151	0.35011	0.01288	0.01260	0.00909	0.00455	0.00408	0.00103	0.00376	0.00367	0.00414	0.49996
3	0.00695	0.00463	0.00521	0.00521	0.00521	0.00463	0.00290	0.00695	0.00695	0.00927	0.01506	0.03128	0.01738	0.83203	0.02433	0.00463	0.00463	0.00695	0.00290	0.00290
4	0.01785	0.02278	0.01354	0.01231	0.01478	0.81284	0.00924	0.01909	0.01354	0.01170	0.00739	0.00862	0.00616	0.00493	0.00431	0.00123	0.00862	0.00308	0.00246	0.00554
5	0.00764	0.00546	0.00761	0.00861	0.00972	0.00543	0.00749	0.00984	0.01117	0.01463	0.07761	0.05268	0.02870	0.01297	0.00654	0.00215	0.00426	0.71861	0.00446	0.00441
6	0.01153	0.01132	0.01901	0.13384	0.61558	0.03048	0.06113	0.01441	0.01071	0.01496	0.00887	0.01191	0.00733	0.00442	0.00503	0.00146	0.02426	0.00431	0.00233	0.00710
7	0.00959	0.02472	0.80726	0.01362	0.02069	0.01110	0.01766	0.01514	0.01009	0.01514	0.00858	0.01009	0.00605	0.00454	0.00454	0.00151	0.00706	0.00353	0.00202	0.00706
8	0.00959	0.02472	0.80726	0.01362	0.02069	0.01110	0.01766	0.01514	0.01009	0.01514	0.00858	0.01009	0.00605	0.00454	0.00454	0.00151	0.00706	0.00353	0.00202	0.00706
9	0.00630	0.00450	0.00609	0.00720	0.00768	0.00429	0.00526	0.00748	0.00962	0.01273	0.02608	0.63285	0.03057	0.01453	0.00623	0.00201	0.00318	0.20496	0.00443	0.00401
10	0.00964	0.02432	0.78077	0.01384	0.02083	0.01113	0.04375	0.01514	0.01013	0.01514	0.00861	0.01019	0.00610	0.00452	0.00458	0.00152	0.00710	0.00360	0.00203	0.00704
11	0.00942	0.02383	0.77255	0.01332	0.02009	0.01079	0.01709	0.01477	0.01005	0.01501	0.00935	0.04554	0.00716	0.00499	0.00461	0.00153	0.00688	0.00397	0.00212	0.00693
12	0.86579	0.00924	0.00702	0.00629	0.00924	0.01072	0.00518	0.01405	0.00813	0.02144	0.00666	0.00776	0.00518	0.00444	0.00296	0.00148	0.00370	0.00259	0.00296	0.00518
13	0.01021	0.01010	0.01417	0.01222	0.01228	0.01405	0.01015	0.01130	0.00734	0.01148	0.00672	0.01102	0.00666	0.01022	0.06954	0.00247	0.76853	0.00425	0.00212	0.00516
14	0.00695	0.00463	0.00521	0.00521	0.00521	0.00463	0.00290	0.00695	0.00695	0.00927	0.01506	0.03128	0.01738	0.83203	0.02433	0.00463	0.00463	0.00695	0.00290	0.00290
15	0.01312	0.78005	0.02427	0.00846	0.01244	0.07254	0.00825	0.01463	0.00997	0.01128	0.00670	0.00773	0.00614	0.00415	0.00315	0.00104	0.00535	0.00259	0.00207	0.00609
16	0.03560	0.01094	0.01612	0.14818	0.39382	0.04750	0.03825	0.01704	0.13966	0.08834	0.01143	0.01315	0.00879	0.00489	0.00473	0.00149	0.00549	0.00444	0.00309	0.00707
17	0.01160	0.28801	0.30478	0.01283	0.01794	0.05872	0.16988	0.01509	0.01050	0.02790	0.00885	0.01138	0.00716	0.00463	0.00434	0.00138	0.00657	0.02969	0.00228	0.00647
18	0.86579	0.00924	0.00702	0.00629	0.00924	0.01072	0.00518	0.01405	0.00813	0.02144	0.00666	0.00776	0.00518	0.00444	0.00296	0.00148	0.00370	0.00259	0.00296	0.00518
19	0.01087	0.01111	0.01389	0.01218	0.01250	0.08638	0.01009	0.01204	0.00823	0.01178	0.00816	0.01437	0.00826	0.00851	0.01380	0.00202	0.67232	0.07596	0.00234	0.00518
20	0.00686	0.00501	0.00713	0.00713	0.00779	0.00567	0.00529	0.00818	0.00752	0.01069	0.01331	0.02157	0.01316	0.21382	0.63677	0.00700	0.01098	0.00553	0.00264	0.00396
21	0.00835	0.00771	0.01073	0.00976	0.01022	0.00961	0.02847	0.00949	0.00869	0.01234	0.05413	0.25895	0.11257	0.01073	0.01088	0.00195	0.41956	0.00794	0.00323	0.00468
22	0.00820	0.00419	0.00615	0.00615	0.00615	0.00419	0.00406	0.00628	0.00628	0.00837	0.00881	0.01578	0.00898	0.07768	0.01910	0.79680	0.00419	0.00436	0.00214	0.00214
23	0.01416	0.01544	0.01717	0.02274	0.49906	0.29303	0.01257	0.04222	0.01221	0.01473	0.00851	0.01069	0.00709	0.00454	0.00459	0.00135	0.00670	0.00385	0.00248	0.00688
24	0.01269	0.01300	0.01856	0.02689	0.68923	0.12635	0.01389	0.01530	0.01127	0.01505	0.00876	0.01137	0.00737	0.00435	0.00467	0.00139	0.00610	0.00409	0.00238	0.00728
25	0.10126	0.11053	0.56360	0.01219	0.01815	0.02885	0.03108	0.03112	0.03360	0.01577	0.00855	0.00987	0.00630	0.00456	0.00425	0.00145	0.00641	0.00343	0.00228	0.00675
26	0.04278	0.03938	0.03494	0.02191	0.51234	0.04298	0.01213	0.01652	0.09432	0.08717	0.04129	0.01334	0.00992	0.00489	0.00465	0.00143	0.00526	0.00442	0.00307	0.00728

[dist]
# distance from previous block
# <min> <max>
0	1

[block]
# block no. 3 follows, 53 sequences, length 21
# corresponding to MSA columns:
# 193-213
name=unknown_D
#
# <colnr> <probs for GDERKNQSTAVLIFYWHMCP>
#	G	D	E	R	K	N	Q	S	T	A	V	L	I	F	Y	W	H	M	C	P
0	0.00969	0.09958	0.45199	0.04285	0.03092	0.02811	0.08986	0.01377	0.01048	0.01472	0.08317	0.08080	0.01196	0.00581	0.00474	0.00150	0.00615	0.00498	0.00258	0.00632
1	0.00732	0.00544	0.00628	0.00590	0.00742	0.00504	0.00453	0.00878	0.01139	0.06976	0.20584	0.05517	0.51351	0.01098	0.00626	0.00162	0.05662	0.00909	0.00457	0.00450
2	0.00999	0.00938	0.01585	0.46941	0.27453	0.01056	0.04000	0.03045	0.01031	0.01381	0.00994	0.06623	0.00849	0.00528	0.00488	0.00156	0.00595	0.00492	0.00242	0.00604
3	0.01278	0.83490	0.02505	0.00818	0.01227	0.01891	0.00818	0.01431	0.00971	0.01125	0.00664	0.00767	0.00613	0.00409	0.00307	0.00102	0.00511	0.00256	0.00204	0.00613
4	0.07581	0.02048	0.01321	0.01184	0.01424	0.65856	0.00903	0.06087	0.01324	0.01338	0.00749	0.00884	0.00621	0.00517	0.00502	0.00132	0.06385	0.00319	0.00260	0.00564
5	0.00830	0.00415	0.00623	0.00623	0.00623	0.00415	0.00415	0.00623	0.00623	0.00830	0.00830	0.01453	0.00830	0.01660	0.01868	0.86094	0.00415	0.00415	0.00208	0.00208
6	0.00610	0.00460	0.00669	0.00733	0.00784	0.00430	0.04376	0.00709	0.00926	0.01236	0.02550	0.78779	0.03038	0.01442	0.00608	0.00192	0.00304	0.01319	0.00434	0.00401
7	0.01217	0.68004	0.17457	0.00922	0.01388	0.01742	0.00999	0.01447	0.00978	0.01199	0.00701	0.00813	0.00612	0.00418	0.00335	0.00112	0.00548	0.00274	0.00204	0.00631
8	0.01728	0.07593	0.01434	0.01205	0.01454	0.73508	0.00920	0.01853	0.01309	0.01166	0.00730	0.00862	0.00616	0.00498	0.00459	0.00124	0.03433	0.00308	0.00242	0.00557
9	0.00575	0.00482	0.00500	0.00501	0.00653	0.00407	0.00373	0.00703	0.01105	0.01340	0.10968	0.07381	0.70973	0.01202	0.00566	0.00162	0.00242	0.01010	0.00451	0.00407
10	0.01262	0.79418	0.06436	0.00845	0.01269	0.01852	0.00865	0.01435	0.00973	0.01144	0.00674	0.00779	0.00613	0.00411	0.00314	0.00105	0.00521	0.00260	0.00204	0.00618
11	0.00830	0.00415	0.00623	0.00623	0.00623	0.00415	0.00415	0.00623	0.00623	0.00830	0.00830	0.01453	0.00830	0.01660	0.01868	0.86094	0.00415	0.00415	0.00208	0.00208
12	0.00720	0.00552	0.00772	0.00720	0.00855	0.00525	0.04648	0.00940	0.01244	0.01724	0.49985	0.03753	0.11930	0.01013	0.00594	0.00164	0.02090	0.13853	0.03463	0.00456
13	0.01190	0.01295	0.06077	0.02564	0.54965	0.05179	0.18657	0.01506	0.01107	0.01533	0.00904	0.01182	0.00735	0.00426	0.00490	0.00146	0.00643	0.00447	0.00236	0.00719
14	0.00617	0.00484	0.00558	0.00544	0.00679	0.00425	0.00406	0.00785	0.01205	0.01577	0.39354	0.06617	0.42819	0.01112	0.00566	0.00157	0.00236	0.00953	0.00482	0.00425
15	0.03267	0.04221	0.04599	0.02609	0.65047	0.01162	0.05645	0.01455	0.01066	0.01550	0.00892	0.01164	0.00744	0.00438	0.00492	0.00143	0.02639	0.00421	0.01719	0.00727
16	0.08589	0.05708	0.11584	0.03060	0.13588	0.13361	0.07098	0.07422	0.04245	0.03914	0.00916	0.01065	0.00717	0.00462	0.00453	0.00131	0.02368	0.00369	0.00282	0.14668
17	0.08498	0.14811	0.04036	0.07944	0.08023	0.07719	0.02778	0.11956	0.07963	0.07349	0.01411	0.08455	0.05852	0.00627	0.00449	0.00145	0.00503	0.00506	0.00344	0.00631
18	0.05597	0.11065	0.13072	0.01394	0.17397	0.01178	0.03510	0.17017	0.02987	0.05753	0.02321	0.01129	0.00809	0.00469	0.00429	0.00129	0.00518	0.00382	0.00315	0.14531
19	0.02594	0.09270	0.09944	0.02729	0.15461	0.15602	0.02989	0.08477	0.15139	0.06609	0.05638	0.01333	0.01067	0.00534	0.00456	0.00141	0.00567	0.00431	0.00336	0.00682
20	0.09593	0.09701	0.06668	0.01031	0.06403	0.07137	0.01945	0.04040	0.08474	0.09441	0.05522	0.02877	0.02782	0.02520	0.13752	0.00250	0.03613	0.00462	0.00333	0.03456

[dist]
# distance from previous block
# <min> <max>
7	32

[block]
# block no. 4 follows, 53 sequences, length 35
# corresponding to MSA columns:
# 248-279,282-284
name=unknown_E
#
# <colnr> <probs for GDERKNQSTAVLIFYWHMCP>
#	G	D	E	R	K	N	Q	S	T	A	V	L	I	F	Y	W	H	M	C	P
0	0.10848	0.22078	0.19765	0.00960	0.01390	0.03874	0.00968	0.11980	0.03453	0.10861	0.02719	0.01241	0.04343	0.00522	0.00410	0.00135	0.00516	0.00385	0.00325	0.03227
1	0.12112	0.08116	0.33636	0.02555	0.04496	0.03309	0.01146	0.04722	0.04662	0.05581	0.02190	0.03631	0.00847	0.02024	0.00459	0.00145	0.00548	0.00392	0.00283	0.09147
2	0.04342	0.03885	0.06384	0.00967	0.05309	0.00834	0.02738	0.08520	0.03565	0.16141	0.08437	0.05602	0.03638	0.00653	0.00468	0.00137	0.00421	0.06683	0.00398	0.20878
3	0.11005	0.15962	0.19291	0.01051	0.01470	0.07241	0.06125	0.07980	0.06619	0.03552	0.01053	0.04237	0.00881	0.00534	0.00425	0.00138	0.00549	0.03258	0.00297	0.08333
4	0.05379	0.04292	0.13717	0.01418	0.20695	0.06462	0.02086	0.09435	0.04381	0.01660	0.05980	0.03319	0.12427	0.03787	0.00547	0.00157	0.00508	0.00531	0.00322	0.02898
5	0.03302	0.04631	0.08562	0.01365	0.17933	0.00904	0.04018	0.02928	0.02683	0.16731	0.05074	0.02808	0.01341	0.00647	0.00509	0.00150	0.02127	0.12860	0.00365	0.11065
6	0.00742	0.00509	0.00595	0.00577	0.00612	0.00520	0.00360	0.04206	0.00830	0.01126	0.08548	0.02966	0.01897	0.64869	0.09337	0.00449	0.00519	0.00682	0.00316	0.00340
7	0.01460	0.52606	0.03875	0.00970	0.01330	0.28464	0.00872	0.01613	0.01109	0.02885	0.00721	0.00823	0.00626	0.00442	0.00356	0.00111	0.00631	0.00280	0.00227	0.00600
8	0.00978	0.04832	0.14527	0.00926	0.01233	0.02281	0.03196	0.06768	0.02656	0.03663	0.06442	0.16645	0.06901	0.00803	0.00561	0.00150	0.05547	0.05579	0.00351	0.15963
9	0.01008	0.00836	0.03808	0.00804	0.03228	0.04680	0.00621	0.10159	0.09251	0.07177	0.06844	0.10815	0.29162	0.03118	0.00574	0.00165	0.00370	0.02585	0.04250	0.00545
10	0.03656	0.05224	0.05714	0.01111	0.04835	0.13353	0.05789	0.09525	0.01255	0.15479	0.03403	0.06254	0.01196	0.00647	0.00525	0.00146	0.04310	0.07267	0.00365	0.09946
11	0.01130	0.00953	0.00911	0.00841	0.01028	0.13416	0.00634	0.10748	0.12524	0.07011	0.16291	0.23494	0.07190	0.00931	0.00528	0.00159	0.00411	0.00791	0.00448	0.00560
12	0.00677	0.00505	0.00749	0.00755	0.00835	0.00581	0.00580	0.00838	0.00775	0.01111	0.01366	0.06687	0.01326	0.05706	0.74329	0.00726	0.01198	0.00567	0.00268	0.00421
13	0.01104	0.01133	0.05330	0.09555	0.53560	0.01088	0.08521	0.01450	0.04412	0.01529	0.01166	0.01490	0.04361	0.00499	0.00491	0.00150	0.00576	0.02626	0.00259	0.00700
14	0.01095	0.03775	0.23768	0.05612	0.18616	0.04460	0.29772	0.01482	0.01077	0.01482	0.00957	0.03937	0.00770	0.00466	0.00500	0.00152	0.00697	0.00479	0.00234	0.00667
15	0.00608	0.00492	0.00548	0.00580	0.00719	0.00432	0.00452	0.00746	0.01077	0.01313	0.04190	0.11293	0.57961	0.01257	0.00588	0.00176	0.00285	0.16431	0.00443	0.00410
16	0.00600	0.00445	0.00592	0.00663	0.00715	0.00412	0.01967	0.00693	0.00939	0.01238	0.04961	0.66232	0.11417	0.05849	0.00702	0.00203	0.00293	0.01255	0.00434	0.00391
17	0.08165	0.04190	0.30658	0.01301	0.05465	0.05168	0.11165	0.09517	0.04970	0.05408	0.04347	0.03379	0.00946	0.00521	0.00462	0.00148	0.00598	0.00440	0.00301	0.02852
18	0.00763	0.00549	0.00750	0.00739	0.00808	0.00619	0.00558	0.00891	0.00813	0.03242	0.01534	0.06569	0.03064	0.20414	0.39889	0.00527	0.07733	0.06010	0.04115	0.00414
19	0.00707	0.00505	0.00698	0.00808	0.00890	0.00496	0.00660	0.00881	0.01038	0.01360	0.02566	0.31452	0.02889	0.01380	0.00643	0.00211	0.00385	0.51567	0.00441	0.00423
20	0.01085	0.01235	0.11674	0.04031	0.45599	0.01056	0.14123	0.01412	0.01082	0.01551	0.03150	0.03077	0.00976	0.00503	0.00492	0.00149	0.00590	0.03337	0.04192	0.00685
21	0.01068	0.04788	0.06553	0.00872	0.04743	0.00775	0.00713	0.03438	0.01042	0.03943	0.00883	0.01014	0.00716	0.00380	0.00371	0.00085	0.00401	0.00303	0.00287	0.67624
22	0.36843	0.03700	0.01352	0.03177	0.28239	0.09394	0.02712	0.04947	0.02623	0.01817	0.00811	0.00983	0.00652	0.00451	0.00392	0.00143	0.00515	0.00345	0.00277	0.00627
23	0.00959	0.02472	0.80726	0.01362	0.02069	0.01110	0.01766	0.01514	0.01009	0.01514	0.00858	0.01009	0.00605	0.00454	0.00454	0.00151	0.00706	0.00353	0.00202	0.00706
24	0.01318	0.01130	0.01191	0.01094	0.04927	0.04085	0.00821	0.15628	0.59646	0.02125	0.01716	0.01613	0.01285	0.00620	0.00482	0.00157	0.00430	0.00508	0.00465	0.00759
25	0.00632	0.00487	0.00577	0.00554	0.00686	0.00432	0.00416	0.00815	0.01247	0.01665	0.49705	0.03985	0.34931	0.01071	0.00564	0.00155	0.00232	0.00923	0.00493	0.00432
26	0.01713	0.01282	0.01474	0.01359	0.12263	0.14429	0.06979	0.23738	0.03403	0.24131	0.01301	0.03609	0.00952	0.00560	0.00481	0.00144	0.00565	0.00463	0.00419	0.00736
27	0.01126	0.01141	0.05493	0.07647	0.50344	0.01096	0.10940	0.03459	0.01101	0.01562	0.01022	0.01457	0.00870	0.00498	0.00516	0.00151	0.02534	0.04896	0.03456	0.00692
28	0.01774	0.00920	0.01110	0.00897	0.01228	0.00922	0.00726	0.11049	0.24211	0.45400	0.01805	0.01624	0.01223	0.00605	0.00476	0.00150	0.00404	0.00491	0.04204	0.00781
29	0.00580	0.00424	0.00547	0.00645	0.00688	0.00390	0.00435	0.00668	0.00935	0.01228	0.02886	0.73966	0.11923	0.01465	0.00605	0.00190	0.00273	0.01319	0.00444	0.00390
30	0.01040	0.00993	0.01851	0.20656	0.19996	0.01014	0.28200	0.01362	0.01061	0.01515	0.02273	0.01383	0.00858	0.00461	0.00484	0.00148	0.00602	0.00484	0.15013	0.00606
31	0.00903	0.00850	0.01434	0.82054	0.03292	0.01062	0.01327	0.01221	0.00956	0.01221	0.00850	0.01274	0.00637	0.00478	0.00478	0.00159	0.00637	0.00425	0.00212	0.00531
32	0.00594	0.00436	0.00568	0.00660	0.00697	0.00415	0.00446	0.00678	0.00919	0.01217	0.02738	0.72885	0.09192	0.03510	0.00673	0.00199	0.02054	0.01294	0.00435	0.00390
33	0.70535	0.07782	0.00916	0.00695	0.01002	0.05530	0.00580	0.03510	0.00908	0.04029	0.00713	0.00812	0.00556	0.00451	0.00314	0.00143	0.00413	0.00271	0.00298	0.00543
34	0.23689	0.01063	0.01428	0.05538	0.38657	0.03534	0.01059	0.03908	0.03270	0.12024	0.00996	0.01144	0.00761	0.00467	0.00427	0.00145	0.00501	0.00389	0.00312	0.00687

[dist]
# distance from previous block
# <min> <max>
1	3

[block]
# block no. 5 follows, 53 sequences, length 10
# corresponding to MSA columns:
# 292-301
name=unknown_F
#
# <colnr> <probs for GDERKNQSTAVLIFYWHMCP>
#	G	D	E	R	K	N	Q	S	T	A	V	L	I	F	Y	W	H	M	C	P
0	0.03283	0.01027	0.03503	0.03603	0.35962	0.00982	0.04025	0.07893	0.04529	0.07861	0.03356	0.06086	0.02965	0.00580	0.00480	0.00144	0.00493	0.03258	0.00332	0.09636
1	0.01278	0.01104	0.01707	0.08811	0.48685	0.01139	0.03117	0.14171	0.04192	0.04840	0.03810	0.01307	0.00930	0.00487	0.00478	0.00144	0.00543	0.00449	0.00309	0.02499
2	0.06451	0.00492	0.00596	0.00657	0.00750	0.00470	0.00487	0.00798	0.01020	0.01411	0.11996	0.41860	0.16732	0.01286	0.00583	0.00184	0.00297	0.13073	0.00443	0.00415
3	0.05350	0.01233	0.01303	0.01043	0.01391	0.01382	0.00849	0.53920	0.23799	0.02690	0.01350	0.01309	0.00981	0.00589	0.00472	0.00149	0.00478	0.00454	0.00472	0.00784
4	0.01601	0.01102	0.01217	0.00997	0.01327	0.01206	0.00803	0.30705	0.36113	0.17142	0.01638	0.01518	0.01168	0.00610	0.00482	0.00153	0.00438	0.00488	0.00503	0.00788
5	0.01663	0.00821	0.01026	0.00833	0.01128	0.00779	0.00669	0.17094	0.01468	0.43709	0.08430	0.11742	0.06932	0.00771	0.00508	0.00154	0.00389	0.00644	0.00536	0.00704
6	0.01016	0.05684	0.57141	0.01508	0.02143	0.01170	0.21606	0.01515	0.01038	0.01501	0.00878	0.01071	0.00637	0.00439	0.00476	0.00152	0.00724	0.00404	0.00212	0.00686
7	0.00911	0.00849	0.01425	0.73093	0.07451	0.01037	0.01304	0.01222	0.00971	0.01252	0.00947	0.01500	0.00762	0.00522	0.00488	0.00162	0.00622	0.04717	0.00226	0.00538
8	0.03670	0.00441	0.00591	0.00617	0.00649	0.00432	0.00416	0.00669	0.00751	0.01023	0.01693	0.23053	0.08742	0.04955	0.01390	0.49237	0.00364	0.00722	0.00297	0.00287
9	0.01102	0.01027	0.01728	0.19999	0.58062	0.01073	0.01360	0.01389	0.01054	0.01502	0.00933	0.01243	0.00763	0.00446	0.00465	0.00144	0.00560	0.00427	0.06037	0.00687

[dist]
# distance from previous block
# <min> <max>
7	19

[block]
# block no. 6 follows, 53 sequences, length 41
# corresponding to MSA columns:
# 321-352,354-362
name=unknown_G
#
# <colnr> <probs for GDERKNQSTAVLIFYWHMCP>
#	G	D	E	R	K	N	Q	S	T	A	V	L	I	F	Y	W	H	M	C	P
0	0.09574	0.09079	0.37452	0.01133	0.01636	0.06399	0.05542	0.03939	0.02924	0.01591	0.03895	0.01154	0.02246	0.00485	0.00441	0.00137	0.01646	0.00375	0.00258	0.10096
1	0.09857	0.05065	0.03236	0.01197	0.07403	0.34914	0.00894	0.11122	0.05350	0.12034	0.01080	0.01132	0.02215	0.00528	0.00453	0.00137	0.02028	0.00375	0.00336	0.00645
2	0.08116	0.01255	0.01348	0.03722	0.05090	0.06565	0.02525	0.45545	0.08100	0.08103	0.01243	0.01259	0.02376	0.00561	0.00463	0.00144	0.00519	0.00433	0.00429	0.02203
3	0.03915	0.08244	0.24561	0.01353	0.08634	0.03169	0.15101	0.04358	0.01150	0.07737	0.09425	0.03471	0.05638	0.00576	0.00482	0.00148	0.00573	0.00512	0.00310	0.00643
4	0.01270	0.12114	0.05153	0.01601	0.24920	0.11649	0.04205	0.06551	0.06271	0.05376	0.01322	0.05654	0.06221	0.00596	0.00523	0.00145	0.04982	0.00489	0.00305	0.00655
5	0.00618	0.00486	0.00558	0.00540	0.00678	0.00426	0.00405	0.00789	0.01215	0.01590	0.40762	0.04108	0.43920	0.01099	0.00564	0.00156	0.00234	0.00940	0.00483	0.00426
6	0.01126	0.00940	0.01005	0.00912	0.01158	0.01056	0.00711	0.09234	0.55760	0.01946	0.02223	0.08034	0.09088	0.00785	0.00509	0.00165	0.00374	0.03810	0.00476	0.00688
7	0.01142	0.06935	0.10543	0.12720	0.48318	0.03314	0.04640	0.01487	0.03616	0.01485	0.00905	0.01163	0.00733	0.00443	0.00463	0.00143	0.00600	0.00412	0.00236	0.00702
8	0.00590	0.00429	0.00547	0.00634	0.00678	0.00397	0.00426	0.00678	0.00937	0.01235	0.05438	0.66420	0.12089	0.06220	0.00710	0.00205	0.00282	0.01262	0.00437	0.00386
9	0.01189	0.01027	0.01081	0.00973	0.01243	0.01189	0.00757	0.02540	0.79357	0.01999	0.01945	0.01783	0.01459	0.00648	0.00486	0.00162	0.00378	0.00540	0.00486	0.00757
10	0.08786	0.02225	0.67737	0.01265	0.01910	0.01096	0.01581	0.03374	0.01038	0.05443	0.00897	0.01021	0.00630	0.00463	0.00442	0.00151	0.00657	0.00353	0.00236	0.00697
11	0.00588	0.00424	0.00555	0.00657	0.00694	0.00395	0.00444	0.00675	0.00926	0.01224	0.02745	0.74549	0.07868	0.03118	0.00645	0.00198	0.00283	0.03183	0.00441	0.00388
12	0.01933	0.00827	0.01078	0.00845	0.01188	0.00751	0.00691	0.06586	0.05977	0.64355	0.06093	0.01823	0.04315	0.00638	0.00488	0.00149	0.00396	0.00521	0.00570	0.00775
13	0.01769	0.04878	0.01391	0.01218	0.01470	0.78741	0.00920	0.01893	0.01342	0.01168	0.00736	0.00859	0.00616	0.00490	0.00427	0.00122	0.00851	0.00306	0.00245	0.00556
14	0.01099	0.03590	0.42743	0.03394	0.13570	0.05616	0.15013	0.03563	0.01081	0.01517	0.00871	0.01081	0.00656	0.00460	0.00515	0.00151	0.03767	0.00402	0.00224	0.00685
15	0.00578	0.00461	0.00518	0.00555	0.00666	0.00401	0.00397	0.00692	0.01045	0.01305	0.08705	0.31933	0.48470	0.01296	0.00581	0.00172	0.00253	0.01122	0.00449	0.00401
16	0.00582	0.00416	0.00555	0.00666	0.00693	0.00388	0.00444	0.00666	0.00915	0.01220	0.02634	0.82891	0.03161	0.01497	0.00610	0.00194	0.00277	0.01359	0.00444	0.00388
17	0.01254	0.01101	0.01147	0.01004	0.01285	0.04824	0.02574	0.09813	0.63763	0.02024	0.01892	0.01767	0.04097	0.00648	0.00488	0.00158	0.00420	0.00536	0.00467	0.00738
18	0.01095	0.01275	0.11827	0.32562	0.25803	0.06417	0.06851	0.01416	0.01039	0.02779	0.00876	0.01184	0.00683	0.00471	0.00518	0.00153	0.03767	0.00419	0.00229	0.00635
19	0.01146	0.02287	0.03698	0.00992	0.02543	0.04115	0.00786	0.03614	0.54581	0.03313	0.01921	0.08889	0.01618	0.00759	0.00506	0.00166	0.00413	0.07512	0.00453	0.00687
20	0.86579	0.00924	0.00702	0.00629	0.00924	0.01072	0.00518	0.01405	0.00813	0.02144	0.00666	0.00776	0.00518	0.00444	0.00296	0.00148	0.00370	0.00259	0.00296	0.00518
21	0.01785	0.02278	0.01354	0.01231	0.01478	0.81284	0.00924	0.01909	0.01354	0.01170	0.00739	0.00862	0.00616	0.00493	0.00431	0.00123	0.00862	0.00308	0.00246	0.00554
22	0.00770	0.00550	0.00770	0.00880	0.00990	0.00550	0.00770	0.00990	0.01100	0.01430	0.02531	0.05391	0.02751	0.01320	0.00660	0.00220	0.00440	0.77004	0.00440	0.00440
23	0.01352	0.71591	0.02336	0.00878	0.01263	0.13523	0.00833	0.01501	0.01027	0.01131	0.00675	0.00781	0.00614	0.00421	0.00325	0.00105	0.00563	0.00263	0.00211	0.00605
24	0.00595	0.00485	0.00526	0.00516	0.00664	0.00416	0.00387	0.00744	0.01160	0.01459	0.24974	0.04324	0.59791	0.01148	0.00565	0.00158	0.00238	0.00970	0.00466	0.00416
25	0.00683	0.00512	0.00768	0.00768	0.00853	0.00597	0.00597	0.00853	0.00768	0.01110	0.01280	0.01878	0.01195	0.03585	0.81308	0.00768	0.01280	0.00512	0.00256	0.00427
26	0.01111	0.09169	0.17210	0.01782	0.02300	0.01254	0.57048	0.01519	0.01091	0.01490	0.00919	0.01189	0.00693	0.00413	0.00520	0.00154	0.00760	0.00496	0.00231	0.00653
27	0.00957	0.03989	0.68138	0.01273	0.01892	0.01046	0.01591	0.01450	0.01016	0.03031	0.01074	0.05629	0.00888	0.00566	0.00473	0.00157	0.00657	0.05263	0.00237	0.00673
28	0.01461	0.01163	0.01220	0.01022	0.01337	0.02861	0.00815	0.31077	0.46893	0.04370	0.01621	0.01523	0.01193	0.00616	0.00482	0.00154	0.00444	0.00493	0.00481	0.00775
29	0.00740	0.00552	0.00767	0.00747	0.00822	0.00635	0.00562	0.03560	0.00803	0.01140	0.01297	0.02081	0.01273	0.20061	0.58773	0.00660	0.04299	0.00544	0.00269	0.00415
30	0.03192	0.07715	0.71974	0.01321	0.01993	0.01162	0.03212	0.01506	0.01004	0.01505	0.00842	0.00993	0.00606	0.00450	0.00443	0.00148	0.00687	0.00349	0.00205	0.00694
31	0.01054	0.01071	0.06736	0.01512	0.12630	0.01008	0.23607	0.10062	0.01135	0.01570	0.03806	0.04860	0.01200	0.09524	0.09222	0.00257	0.05479	0.04380	0.00297	0.00590
32	0.00565	0.00484	0.00484	0.00484	0.00646	0.00403	0.00363	0.00686	0.01089	0.01291	0.04842	0.04600	0.80027	0.01210	0.00565	0.00161	0.00242	0.01009	0.00444	0.00403
33	0.01230	0.02818	0.14470	0.03872	0.31680	0.02682	0.12605	0.14264	0.05016	0.01783	0.02678	0.01270	0.00861	0.02036	0.00520	0.00153	0.00606	0.00450	0.00290	0.00715
34	0.07425	0.05875	0.08291	0.05278	0.24128	0.03586	0.04204	0.11743	0.06591	0.09061	0.01232	0.04166	0.02993	0.00624	0.02606	0.00163	0.00551	0.00464	0.00331	0.00688
35	0.01028	0.00968	0.01601	0.04915	0.56657	0.00958	0.02962	0.01278	0.01085	0.01504	0.04547	0.06556	0.12632	0.00625	0.00500	0.00149	0.00498	0.00585	0.00289	0.00662
36	0.00594	0.00477	0.00533	0.00540	0.00672	0.00417	0.00398	0.00733	0.01114	0.01409	0.20307	0.14527	0.52022	0.01260	0.02668	0.00179	0.00270	0.01011	0.00456	0.00412
37	0.09241	0.07655	0.18996	0.03900	0.08552	0.11334	0.05164	0.09359	0.05074	0.10484	0.02997	0.01264	0.02889	0.00519	0.00446	0.00143	0.00580	0.00412	0.00321	0.00669
38	0.03531	0.08303	0.06377	0.06476	0.19000	0.06183	0.05887	0.11072	0.02817	0.11847	0.01262	0.07122	0.01071	0.00602	0.00475	0.00149	0.00541	0.04604	0.02015	0.00667
39	0.07191	0.03270	0.01233	0.01095	0.07547	0.02528	0.02155	0.24053	0.04385	0.20298	0.01564	0.08284	0.02785	0.00772	0.02338	0.00170	0.02659	0.06548	0.00439	0.00685
40	0.05288	0.10163	0.23441	0.01239	0.09198	0.04893	0.03570	0.10721	0.04481	0.03717	0.02247	0.03222	0.00842	0.00491	0.00430	0.00131	0.00547	0.00393	0.00293	0.14692

[dist]
# distance from previous block
# <min> <max>
0	15

[block]
# block no. 7 follows, 53 sequences, length 28
# corresponding to MSA columns:
# 378-394,398-408
name=unknown_H
#
# <colnr> <probs for GDERKNQSTAVLIFYWHMCP>
#	G	D	E	R	K	N	Q	S	T	A	V	L	I	F	Y	W	H	M	C	P
0	0.04294	0.04339	0.01444	0.01706	0.33539	0.07352	0.01002	0.07721	0.05185	0.10620	0.09839	0.05072	0.02980	0.00594	0.00474	0.00143	0.00490	0.00514	0.00356	0.02334
1	0.04873	0.06853	0.05340	0.01229	0.10812	0.04584	0.10461	0.04372	0.09089	0.06538	0.10309	0.01897	0.07385	0.00848	0.06633	0.00192	0.00550	0.02549	0.00351	0.05134
2	0.04101	0.20373	0.35380	0.04002	0.03225	0.07104	0.01252	0.10623	0.01190	0.07218	0.00907	0.01009	0.00675	0.00470	0.00420	0.00137	0.00615	0.00347	0.00270	0.00683
3	0.03467	0.15059	0.08612	0.00904	0.01297	0.01061	0.00821	0.14100	0.02894	0.31875	0.02656	0.04369	0.01047	0.00560	0.00438	0.00134	0.00456	0.00439	0.00426	0.09385
4	0.02929	0.14151	0.43822	0.01147	0.01687	0.01196	0.03000	0.10458	0.02573	0.05564	0.04922	0.01243	0.02709	0.00512	0.00442	0.00142	0.00590	0.00399	0.00284	0.02228
5	0.00646	0.00454	0.00575	0.00648	0.00694	0.00434	0.00436	0.03035	0.00958	0.01294	0.05445	0.63852	0.05234	0.09700	0.00777	0.00214	0.00299	0.01199	0.03711	0.00396
6	0.01278	0.83490	0.02505	0.00818	0.01227	0.01891	0.00818	0.01431	0.00971	0.01125	0.00664	0.00767	0.00613	0.00409	0.00307	0.00102	0.00511	0.00256	0.00204	0.00613
7	0.00770	0.00550	0.00770	0.00880	0.00990	0.00550	0.00770	0.00990	0.01100	0.01430	0.02531	0.05391	0.02751	0.01320	0.00660	0.00220	0.00440	0.77004	0.00440	0.00440
8	0.00684	0.00507	0.00743	0.00743	0.00819	0.00584	0.00566	0.00837	0.00761	0.01091	0.01304	0.02007	0.01251	0.11806	0.73163	0.00737	0.01196	0.00531	0.00260	0.00413
9	0.02044	0.00974	0.01209	0.00927	0.01300	0.00941	0.00765	0.25639	0.01637	0.56863	0.01660	0.01480	0.01070	0.00586	0.00480	0.00147	0.00443	0.00465	0.00557	0.00813
10	0.01258	0.78508	0.07315	0.00851	0.01279	0.01843	0.00876	0.01436	0.00974	0.01148	0.00676	0.00782	0.00613	0.00412	0.00316	0.00105	0.00523	0.00262	0.00204	0.00619
11	0.01280	0.78135	0.05475	0.00850	0.01266	0.04056	0.00857	0.01448	0.00983	0.01141	0.00674	0.00779	0.00613	0.00413	0.00316	0.00105	0.00528	0.00261	0.00206	0.00615
12	0.00695	0.00463	0.00521	0.00521	0.00521	0.00463	0.00290	0.00695	0.00695	0.00927	0.01506	0.03128	0.01738	0.83203	0.02433	0.00463	0.00463	0.00695	0.00290	0.00290
13	0.07473	0.60155	0.12849	0.00905	0.01338	0.05152	0.00932	0.04165	0.01026	0.01319	0.00711	0.00818	0.00612	0.00427	0.00337	0.00115	0.00543	0.00277	0.00222	0.00623
14	0.01209	0.04952	0.17027	0.01220	0.05833	0.02807	0.10326	0.14298	0.09747	0.07655	0.10736	0.09239	0.01507	0.00657	0.00499	0.00153	0.00520	0.00576	0.00377	0.00665
15	0.01199	0.01175	0.01897	0.05638	0.74108	0.04606	0.01438	0.01477	0.01095	0.01533	0.00890	0.01172	0.00747	0.00431	0.00472	0.00142	0.00583	0.00421	0.00236	0.00740
16	0.00987	0.02360	0.75746	0.01331	0.02008	0.01080	0.01702	0.01520	0.01023	0.03838	0.00943	0.01172	0.00693	0.00487	0.00462	0.00154	0.00689	0.02884	0.00221	0.00701
17	0.01180	0.01128	0.01932	0.02518	0.58255	0.01140	0.11206	0.06151	0.01152	0.01629	0.02792	0.03701	0.00911	0.00492	0.00533	0.00149	0.03667	0.00482	0.00264	0.00719
18	0.01389	0.06272	0.27772	0.03119	0.04073	0.06798	0.09518	0.08600	0.01244	0.19703	0.01302	0.01415	0.03872	0.00539	0.00474	0.00148	0.00603	0.02122	0.00339	0.00698
19	0.01145	0.01064	0.01738	0.17054	0.44578	0.01117	0.06898	0.07399	0.06422	0.01631	0.02440	0.04398	0.00942	0.00511	0.00489	0.00150	0.00565	0.00487	0.00281	0.00692
20	0.00742	0.00602	0.00782	0.00964	0.10202	0.02952	0.00610	0.03174	0.01030	0.01359	0.05421	0.54559	0.08200	0.01260	0.00583	0.00182	0.00343	0.06164	0.00417	0.00457
21	0.11570	0.17787	0.12563	0.01405	0.19542	0.06394	0.01044	0.09181	0.03961	0.04201	0.04188	0.04221	0.00957	0.00524	0.00423	0.00138	0.00530	0.00413	0.00297	0.00660
22	0.07670	0.21326	0.14714	0.03539	0.07519	0.08713	0.02383	0.05978	0.09576	0.10274	0.01086	0.03369	0.00854	0.00515	0.00421	0.00138	0.00547	0.00396	0.00313	0.00668
23	0.12564	0.07519	0.02435	0.04329	0.13322	0.08220	0.05590	0.09764	0.09050	0.04075	0.04919	0.06000	0.04092	0.00592	0.00449	0.00143	0.00495	0.00491	0.01928	0.04023
24	0.10166	0.09834	0.13302	0.01159	0.06757	0.13830	0.03072	0.13612	0.07488	0.05444	0.01916	0.01189	0.02889	0.00510	0.00428	0.00135	0.00558	0.00387	0.00322	0.07001
25	0.03727	0.08927	0.08692	0.04078	0.07499	0.05231	0.10249	0.16823	0.06452	0.05770	0.06919	0.01499	0.01138	0.04132	0.00577	0.00158	0.02338	0.01860	0.00343	0.03588
26	0.18032	0.05882	0.09259	0.02179	0.16294	0.05929	0.02502	0.12775	0.06712	0.03985	0.01055	0.04238	0.00861	0.00637	0.03480	0.00166	0.00542	0.00417	0.01882	0.03173
27	0.07186	0.01348	0.13022	0.01228	0.10422	0.11154	0.02665	0.13444	0.06831	0.09316	0.07895	0.01519	0.02176	0.05196	0.00588	0.00162	0.01688	0.00461	0.00357	0.03342

[dist]
# distance from previous block
# <min> <max>
0	31

[block]
# block no. 8 follows, 53 sequences, length 18
# corresponding to MSA columns:
# 440-457
name=unknown_I
#
# <colnr> <probs for GDERKNQSTAVLIFYWHMCP>
#	G	D	E	R	K	N	Q	S	T	A	V	L	I	F	Y	W	H	M	C	P
0	0.06864	0.09944	0.22596	0.01183	0.08009	0.03276	0.02464	0.08772	0.08410	0.07799	0.01191	0.03549	0.02604	0.03835	0.00542	0.00155	0.02279	0.00433	0.00316	0.05779
1	0.04103	0.10002	0.23337	0.01254	0.07574	0.05262	0.06298	0.08796	0.06973	0.05487	0.03179	0.06048	0.01035	0.00617	0.01699	0.00155	0.02028	0.01762	0.00310	0.04080
2	0.03527	0.10596	0.22861	0.01061	0.03113	0.05997	0.01025	0.15773	0.06024	0.02816	0.05425	0.07880	0.01183	0.00610	0.00454	0.00141	0.00526	0.02287	0.00332	0.08370
3	0.04533	0.06480	0.22520	0.01206	0.08268	0.03764	0.05677	0.05885	0.08428	0.03392	0.09797	0.08103	0.04226	0.00649	0.00478	0.00149	0.00512	0.01585	0.00333	0.04015
4	0.12224	0.13870	0.17879	0.01100	0.06149	0.02521	0.02722	0.11278	0.07530	0.02814	0.03488	0.01126	0.00851	0.00485	0.00426	0.00132	0.01728	0.00369	0.00304	0.13006
5	0.07366	0.08202	0.16510	0.01398	0.15757	0.04179	0.06152	0.09425	0.03701	0.07943	0.05383	0.01245	0.00957	0.00491	0.00442	0.00136	0.00538	0.00409	0.00314	0.09455
6	0.01060	0.05763	0.39845	0.04069	0.07210	0.05604	0.04519	0.03580	0.01132	0.04553	0.11240	0.01571	0.03678	0.00564	0.00473	0.00147	0.00593	0.01848	0.00287	0.02264
7	0.00633	0.00462	0.00597	0.00626	0.00711	0.00426	0.00453	0.00794	0.01148	0.01569	0.39857	0.34533	0.10951	0.01215	0.00586	0.00171	0.00256	0.04108	0.00483	0.00422
8	0.01005	0.00819	0.01146	0.03343	0.12411	0.00861	0.04708	0.04324	0.20339	0.03279	0.03315	0.08521	0.01950	0.00925	0.00566	0.00183	0.00454	0.30844	0.00413	0.00593
9	0.00830	0.00415	0.00623	0.00623	0.00623	0.00415	0.00415	0.00623	0.00623	0.00830	0.00830	0.01453	0.00830	0.01660	0.01868	0.86094	0.00415	0.00415	0.00208	0.00208
10	0.00980	0.08380	0.70055	0.01323	0.01983	0.01153	0.04274	0.01491	0.01020	0.01497	0.03040	0.01072	0.00718	0.00464	0.00450	0.00148	0.00682	0.00367	0.00212	0.00690
11	0.00657	0.00464	0.00606	0.00640	0.00675	0.00481	0.00430	0.00734	0.00784	0.01072	0.01782	0.27093	0.02007	0.34088	0.25828	0.00474	0.00655	0.00842	0.00326	0.00361
12	0.01183	0.01136	0.01940	0.02934	0.80221	0.01136	0.01467	0.01467	0.01088	0.01562	0.00899	0.01183	0.00757	0.00426	0.00473	0.00142	0.00568	0.00426	0.00237	0.00757
13	0.00825	0.00646	0.07106	0.08443	0.03311	0.00553	0.00638	0.00790	0.00755	0.01019	0.03548	0.07825	0.02691	0.03647	0.01436	0.55238	0.00445	0.00518	0.00244	0.00322
14	0.04831	0.07199	0.09730	0.01432	0.14683	0.06841	0.05565	0.30462	0.08205	0.02090	0.01100	0.03769	0.00868	0.00540	0.00462	0.00144	0.00563	0.00441	0.00353	0.00721
15	0.01114	0.01342	0.14420	0.01756	0.08801	0.01082	0.45086	0.04117	0.01140	0.04962	0.02783	0.08916	0.01038	0.00541	0.00537	0.00160	0.00682	0.00592	0.00283	0.00649
16	0.04329	0.32388	0.18761	0.01140	0.03666	0.19209	0.03702	0.06496	0.03669	0.01427	0.00811	0.00926	0.00656	0.00457	0.00395	0.00127	0.00634	0.00324	0.00245	0.00639
17	0.04038	0.29150	0.24596	0.01126	0.04881	0.03010	0.01120	0.17062	0.01279	0.08184	0.00929	0.01004	0.00701	0.00474	0.00407	0.00132	0.00567	0.00346	0.00296	0.00699

[dist]
# distance from previous block
# <min> <max>
0	2

[block]
# block no. 9 follows, 53 sequences, length 21
# corresponding to MSA columns:
# 465-472,480-492
name=unknown_J
#
# <colnr> <probs for GDERKNQSTAVLIFYWHMCP>
#	G	D	E	R	K	N	Q	S	T	A	V	L	I	F	Y	W	H	M	C	P
0	0.01461	0.17342	0.10136	0.01047	0.04969	0.06412	0.00901	0.10258	0.14495	0.19484	0.06167	0.01470	0.02664	0.00570	0.00447	0.00140	0.00491	0.00447	0.00397	0.00703
1	0.01118	0.09575	0.45817	0.01414	0.07900	0.06066	0.07682	0.01609	0.06432	0.03573	0.00946	0.01082	0.00706	0.00459	0.00449	0.00143	0.00652	0.00378	0.00243	0.03758
2	0.00641	0.00488	0.00551	0.00549	0.00676	0.00439	0.00406	0.00812	0.02495	0.01489	0.25386	0.09905	0.40544	0.05507	0.00655	0.00175	0.00258	0.02930	0.05675	0.00419
3	0.01104	0.01204	0.10037	0.01375	0.08105	0.02976	0.11061	0.10836	0.01058	0.01492	0.01041	0.03404	0.02890	0.07132	0.04614	0.00224	0.30099	0.00494	0.00269	0.00586
4	0.86579	0.00924	0.00702	0.00629	0.00924	0.01072	0.00518	0.01405	0.00813	0.02144	0.00666	0.00776	0.00518	0.00444	0.00296	0.00148	0.00370	0.00259	0.00296	0.00518
5	0.00991	0.00850	0.00991	0.00708	0.01133	0.00637	0.00566	0.01203	0.00991	0.01557	0.00850	0.00991	0.00708	0.00354	0.00354	0.00071	0.00354	0.00283	0.00283	0.86124
6	0.00863	0.00762	0.00984	0.00899	0.00931	0.03568	0.00691	0.00956	0.00752	0.01073	0.01077	0.01891	0.01116	0.25865	0.24590	0.00441	0.32342	0.00523	0.00247	0.00428
7	0.01458	0.05873	0.01280	0.01026	0.01329	0.13152	0.00816	0.19224	0.43325	0.05093	0.01516	0.01443	0.01133	0.00593	0.00466	0.00148	0.00491	0.00463	0.00437	0.00733
8	0.01406	0.01135	0.01203	0.01017	0.01326	0.01290	0.00809	0.28883	0.52661	0.02350	0.01669	0.01563	0.01235	0.00623	0.00484	0.00156	0.00429	0.00502	0.00484	0.00776
9	0.01108	0.05109	0.48649	0.04152	0.07976	0.01151	0.10179	0.04460	0.05872	0.05392	0.00992	0.01135	0.00720	0.00468	0.00467	0.00150	0.00656	0.00401	0.00256	0.00706
10	0.01131	0.01303	0.05170	0.02138	0.14651	0.01194	0.63979	0.01520	0.01118	0.01535	0.00953	0.01264	0.00726	0.00408	0.00546	0.00158	0.00765	0.00536	0.00240	0.00664
11	0.00770	0.00550	0.00770	0.00880	0.00990	0.00550	0.00770	0.00990	0.01100	0.01430	0.02531	0.05391	0.02751	0.01320	0.00660	0.00220	0.00440	0.77004	0.00440	0.00440
12	0.01017	0.04271	0.01671	0.01285	0.01519	0.03470	0.27500	0.03986	0.01039	0.03474	0.04153	0.17658	0.03611	0.00992	0.06651	0.00216	0.15945	0.00687	0.00309	0.00548
13	0.01284	0.01196	0.06598	0.02249	0.49320	0.03180	0.07122	0.03806	0.05066	0.10446	0.02289	0.03305	0.00941	0.00496	0.00484	0.00147	0.00561	0.00470	0.00304	0.00734
14	0.00826	0.00468	0.00708	0.00779	0.05551	0.00471	0.00496	0.00699	0.00689	0.00929	0.01020	0.06556	0.01049	0.03305	0.05551	0.67661	0.00460	0.02279	0.00233	0.00270
15	0.01672	0.00986	0.01227	0.01024	0.04496	0.00996	0.02970	0.30555	0.04146	0.30373	0.10372	0.04505	0.03134	0.00662	0.00497	0.00149	0.00440	0.00548	0.00506	0.00740
16	0.01278	0.18676	0.09720	0.03035	0.23711	0.12609	0.07208	0.08040	0.03037	0.01557	0.05958	0.01208	0.00950	0.00487	0.00444	0.00135	0.00601	0.00408	0.00273	0.00666
17	0.01135	0.16764	0.49165	0.01365	0.08535	0.04158	0.01451	0.07344	0.03033	0.01560	0.00871	0.01005	0.00657	0.00459	0.00431	0.00140	0.00643	0.00351	0.00235	0.00698
18	0.70717	0.04451	0.00894	0.00790	0.04065	0.09688	0.00610	0.01462	0.00888	0.01976	0.00682	0.00801	0.00541	0.00447	0.00318	0.00143	0.00436	0.00270	0.00284	0.00535
