[name]
unknown

[dist]
# distance from previous block
# <min> <max>
0	28

[block]
# block no. 0 follows, 60 sequences, length 10
# corresponding to MSA columns:
# 28-35,37,38
name=unknown_A
#
# <colnr> <probs for GDERKNQSTAVLIFYWHMCP>
#	G	D	E	R	K	N	Q	S	T	A	V	L	I	F	Y	W	H	M	C	P
0	0.00703	0.00502	0.00703	0.00803	0.00904	0.00502	0.00703	0.00904	0.01004	0.01305	0.02309	0.04920	0.02510	0.01205	0.00602	0.00201	0.00402	0.79016	0.00402	0.00402
1	0.00939	0.00893	0.01517	0.47069	0.38656	0.00999	0.01269	0.01216	0.00927	0.01255	0.00796	0.01125	0.00631	0.00415	0.00434	0.00138	0.00553	0.00388	0.00204	0.00578
2	0.00599	0.00450	0.00597	0.06633	0.02653	0.00438	0.00455	0.00692	0.00835	0.01114	0.06572	0.48193	0.07537	0.17939	0.00868	0.00216	0.00314	0.00966	0.00357	0.02570
3	0.06164	0.01002	0.01046	0.00898	0.01171	0.01145	0.00712	0.21476	0.57134	0.02059	0.01530	0.01432	0.01137	0.00564	0.00432	0.00143	0.00378	0.00454	0.00432	0.00691
4	0.02500	0.03713	0.11319	0.04952	0.02994	0.09659	0.27091	0.10869	0.07507	0.03850	0.00963	0.02636	0.00744	0.00442	0.00440	0.00131	0.00585	0.00418	0.00275	0.08915
5	0.00764	0.00578	0.00753	0.03206	0.04638	0.00563	0.01916	0.03484	0.06034	0.05271	0.42449	0.04285	0.19371	0.00838	0.00514	0.00140	0.01950	0.00724	0.00427	0.02095
6	0.00562	0.00405	0.00549	0.05148	0.00759	0.00392	0.00446	0.00659	0.00857	0.01159	0.05557	0.73344	0.02742	0.01263	0.00539	0.00171	0.00267	0.01143	0.03671	0.00366
7	0.00726	0.00557	0.00707	0.05602	0.02400	0.03585	0.00533	0.00835	0.00779	0.01110	0.01380	0.19750	0.01428	0.11746	0.21659	0.05509	0.07409	0.00622	0.13284	0.00380
8	0.01218	0.00915	0.01503	0.23859	0.27934	0.00966	0.07935	0.04688	0.01046	0.19382	0.01010	0.01192	0.00741	0.00460	0.00498	0.00140	0.05186	0.00410	0.00290	0.00628
9	0.00990	0.01146	0.05560	0.01716	0.06517	0.01076	0.60268	0.01317	0.00978	0.01347	0.00969	0.01254	0.03284	0.00521	0.03151	0.00167	0.08445	0.00499	0.00222	0.00573

[dist]
# distance from previous block
# <min> <max>
0	1

[block]
# block no. 1 follows, 60 sequences, length 19
# corresponding to MSA columns:
# 40-58
name=unknown_B
#
# <colnr> <probs for GDERKNQSTAVLIFYWHMCP>
#	G	D	E	R	K	N	Q	S	T	A	V	L	I	F	Y	W	H	M	C	P
0	0.01096	0.01191	0.01315	0.01141	0.01188	0.18489	0.00931	0.01195	0.00787	0.01053	0.00594	0.00919	0.00570	0.00697	0.01213	0.00174	0.66405	0.00360	0.00198	0.00483
1	0.00625	0.00519	0.00563	0.04408	0.00772	0.03297	0.00433	0.00776	0.03775	0.02810	0.05133	0.28107	0.45011	0.01096	0.00516	0.00155	0.00274	0.00943	0.00395	0.00394
2	0.66797	0.05743	0.00742	0.00604	0.00843	0.00937	0.00497	0.01186	0.00748	0.01734	0.00753	0.03794	0.00653	0.00857	0.12401	0.00217	0.00464	0.00305	0.00264	0.00461
3	0.00836	0.00715	0.01077	0.47377	0.07135	0.04021	0.00913	0.00978	0.00800	0.01022	0.00835	0.01364	0.00737	0.09871	0.00915	0.19861	0.00522	0.00408	0.00203	0.00408
4	0.00993	0.00738	0.01126	0.03852	0.01214	0.00793	0.11537	0.02226	0.07322	0.12493	0.01642	0.06165	0.04200	0.01880	0.01821	0.03241	0.13700	0.24206	0.00348	0.00504
5	0.00681	0.00480	0.00547	0.00538	0.00625	0.00463	0.00370	0.00838	0.07465	0.03954	0.08679	0.09697	0.24875	0.31729	0.01193	0.04303	0.00323	0.02519	0.00357	0.00364
6	0.01075	0.01032	0.03478	0.22630	0.42650	0.03808	0.07679	0.02824	0.04327	0.04965	0.00892	0.01135	0.00698	0.00419	0.00439	0.00136	0.00549	0.00400	0.00238	0.00627
7	0.00947	0.00887	0.04736	0.22852	0.24429	0.03856	0.02925	0.02965	0.02402	0.04622	0.01157	0.10989	0.01076	0.02843	0.04703	0.02460	0.00535	0.04815	0.00265	0.00536
8	0.00931	0.00941	0.01067	0.00974	0.01905	0.12910	0.02830	0.01093	0.04184	0.01142	0.03180	0.11302	0.07983	0.03182	0.03807	0.00194	0.35798	0.05846	0.00274	0.00456
9	0.00758	0.00379	0.00568	0.00568	0.00568	0.00379	0.00379	0.00568	0.00568	0.00758	0.00758	0.01326	0.00758	0.01515	0.01705	0.87311	0.00379	0.00379	0.00189	0.00189
10	0.00808	0.00699	0.01167	0.20589	0.07522	0.00756	0.11581	0.01014	0.00893	0.03970	0.07988	0.09986	0.05365	0.06007	0.15124	0.00263	0.04945	0.00580	0.00277	0.00468
11	0.00787	0.00638	0.00813	0.02447	0.00911	0.02767	0.04847	0.04994	0.07347	0.03033	0.36505	0.06746	0.12870	0.03653	0.00601	0.00157	0.03714	0.06300	0.00412	0.00458
12	0.03736	0.01148	0.02180	0.03719	0.09436	0.04886	0.55336	0.01411	0.01009	0.05564	0.00878	0.01135	0.00668	0.00413	0.00552	0.00146	0.06492	0.00467	0.00236	0.00588
13	0.38884	0.00906	0.01039	0.22878	0.08597	0.01044	0.00811	0.13440	0.05677	0.01800	0.00806	0.00967	0.00612	0.00441	0.00364	0.00137	0.00440	0.00329	0.00281	0.00549
14	0.01017	0.01177	0.11070	0.11545	0.41744	0.06042	0.06922	0.01323	0.03417	0.01355	0.03048	0.02350	0.02915	0.00465	0.00478	0.00137	0.03727	0.00422	0.00231	0.00614
15	0.00872	0.00828	0.01422	0.57988	0.19355	0.00956	0.05007	0.01151	0.00912	0.01208	0.02719	0.04034	0.00769	0.00465	0.00445	0.00143	0.00556	0.00432	0.00214	0.00527
16	0.00872	0.00785	0.01107	0.14473	0.21357	0.02363	0.02623	0.01260	0.14280	0.01450	0.14672	0.04198	0.11966	0.00632	0.00456	0.00137	0.00398	0.00559	0.02280	0.04131
17	0.00730	0.00597	0.00733	0.00662	0.04164	0.00495	0.00479	0.00910	0.01030	0.01475	0.28851	0.07203	0.14995	0.00706	0.00437	0.00112	0.00271	0.00608	0.00364	0.35178
18	0.01740	0.00758	0.03033	0.13975	0.03726	0.05161	0.02479	0.02779	0.06816	0.06176	0.03771	0.13355	0.17012	0.03575	0.06509	0.00196	0.02392	0.03099	0.00332	0.03116

[dist]
# distance from previous block
# <min> <max>
0	1

[block]
# block no. 2 follows, 60 sequences, length 9
# corresponding to MSA columns:
# 60-68
name=unknown_C
#
# <colnr> <probs for GDERKNQSTAVLIFYWHMCP>
#	G	D	E	R	K	N	Q	S	T	A	V	L	I	F	Y	W	H	M	C	P
0	0.01080	0.29967	0.20252	0.03975	0.05361	0.13072	0.02980	0.02487	0.00981	0.01216	0.02893	0.01131	0.06221	0.00470	0.00403	0.00118	0.02774	0.00349	0.00223	0.04049
1	0.01143	0.05669	0.01066	0.00872	0.01115	0.03709	0.00694	0.13245	0.48724	0.03750	0.03660	0.06263	0.02644	0.00646	0.00466	0.00145	0.02057	0.03075	0.00415	0.00641
2	0.38314	0.01069	0.08559	0.06643	0.11894	0.06840	0.02430	0.03397	0.00885	0.03630	0.00785	0.02553	0.00642	0.00646	0.06044	0.00176	0.04378	0.00335	0.00253	0.00529
3	0.01364	0.03854	0.05351	0.00793	0.01078	0.00823	0.00672	0.14156	0.13957	0.30483	0.10134	0.05890	0.05363	0.00638	0.00445	0.00137	0.00366	0.00526	0.03333	0.00638
4	0.00918	0.04031	0.45581	0.02535	0.06099	0.00905	0.02490	0.05502	0.02077	0.04581	0.03888	0.06178	0.04245	0.05660	0.03282	0.00175	0.00558	0.00455	0.00256	0.00583
5	0.02923	0.03854	0.12592	0.03503	0.18524	0.05784	0.09918	0.14090	0.06163	0.10458	0.01199	0.01309	0.05110	0.02073	0.00469	0.00139	0.00521	0.00425	0.00308	0.00637
6	0.00894	0.00984	0.15041	0.04680	0.03281	0.03463	0.03271	0.03252	0.03470	0.06102	0.12615	0.02813	0.10302	0.00982	0.10586	0.00212	0.11324	0.00518	0.05701	0.00508
7	0.00624	0.00410	0.00537	0.00602	0.00660	0.00376	0.00414	0.00715	0.00895	0.06198	0.07028	0.68696	0.08664	0.01269	0.00544	0.00170	0.00255	0.01141	0.00418	0.00383
8	0.01136	0.06346	0.12230	0.03844	0.24287	0.04726	0.05641	0.06562	0.06215	0.10279	0.03612	0.05884	0.01053	0.03010	0.00493	0.00145	0.00498	0.03124	0.00300	0.00616

[dist]
# distance from previous block
# <min> <max>
0	1

[block]
# block no. 3 follows, 60 sequences, length 17
# corresponding to MSA columns:
# 70-86
name=unknown_D
#
# <colnr> <probs for GDERKNQSTAVLIFYWHMCP>
#	G	D	E	R	K	N	Q	S	T	A	V	L	I	F	Y	W	H	M	C	P
0	0.01234	0.04755	0.13165	0.06876	0.27090	0.05616	0.06008	0.12334	0.03206	0.11314	0.01012	0.03684	0.00788	0.00469	0.00432	0.00133	0.00531	0.00410	0.00291	0.00651
1	0.00928	0.00863	0.01237	0.12769	0.24157	0.06775	0.05495	0.03813	0.00960	0.01290	0.01223	0.14445	0.01204	0.02898	0.06287	0.00193	0.04593	0.06278	0.04076	0.00517
2	0.64496	0.01113	0.04529	0.02733	0.01038	0.14840	0.00610	0.01385	0.00852	0.04155	0.00664	0.00766	0.00512	0.00418	0.00307	0.00132	0.00435	0.00257	0.00265	0.00494
3	0.00638	0.00499	0.00608	0.00675	0.06977	0.00452	0.00454	0.00771	0.00987	0.03757	0.12279	0.06065	0.48775	0.06788	0.04443	0.00192	0.00314	0.04535	0.00385	0.00405
4	0.00984	0.03294	0.12351	0.02387	0.07818	0.04144	0.11372	0.01384	0.12581	0.04315	0.03287	0.09628	0.01067	0.00523	0.00424	0.00123	0.00458	0.00468	0.00293	0.23099
5	0.00606	0.00462	0.00557	0.00537	0.00650	0.00430	0.00398	0.00813	0.04399	0.01510	0.48263	0.06213	0.25404	0.04551	0.03127	0.00171	0.00256	0.00813	0.00438	0.00402
6	0.00820	0.00950	0.13872	0.05732	0.23145	0.00762	0.04827	0.01081	0.00989	0.01408	0.19322	0.04744	0.06318	0.01800	0.07330	0.00188	0.01986	0.00545	0.03654	0.00529
7	0.01248	0.51451	0.08942	0.02628	0.02717	0.09129	0.02532	0.08477	0.03441	0.04713	0.00763	0.00845	0.00626	0.00412	0.00339	0.00109	0.00514	0.00288	0.00236	0.00591
8	0.01307	0.00727	0.00900	0.00697	0.01009	0.00621	0.00558	0.03412	0.04766	0.34165	0.05048	0.01554	0.05328	0.04244	0.01902	0.00133	0.00356	0.00424	0.00403	0.32448
9	0.05958	0.04925	0.17340	0.01063	0.08971	0.14435	0.00881	0.04392	0.06733	0.02645	0.06054	0.15710	0.03954	0.00686	0.00444	0.00141	0.00480	0.04344	0.00306	0.00537
10	0.01019	0.39252	0.29216	0.01010	0.03528	0.01282	0.05197	0.01328	0.03393	0.02781	0.00965	0.04654	0.03728	0.00468	0.00371	0.00120	0.00518	0.00364	0.00221	0.00585
11	0.00674	0.00501	0.00572	0.00571	0.00669	0.03234	0.00412	0.00792	0.00955	0.04950	0.19299	0.18671	0.23381	0.12813	0.09056	0.00244	0.00376	0.02059	0.00384	0.00385
12	0.00694	0.00567	0.04174	0.00623	0.00756	0.00489	0.00484	0.02039	0.07468	0.05249	0.15454	0.31828	0.21848	0.03656	0.00570	0.00165	0.00280	0.02817	0.00413	0.00429
13	0.01217	0.05267	0.06704	0.03160	0.28723	0.09638	0.05321	0.09853	0.04755	0.09521	0.02843	0.01296	0.04579	0.00574	0.02995	0.00149	0.02064	0.00418	0.00294	0.00629
14	0.04823	0.04277	0.21667	0.01080	0.05508	0.06469	0.07332	0.06503	0.01022	0.06357	0.01055	0.03082	0.04831	0.00485	0.00466	0.00124	0.05670	0.00386	0.00266	0.18599
15	0.01036	0.04974	0.09581	0.03959	0.33649	0.05192	0.07717	0.02928	0.02246	0.03212	0.01050	0.02789	0.04382	0.04203	0.00514	0.00138	0.01529	0.00419	0.00246	0.10235
16	0.07185	0.00971	0.06920	0.14108	0.20624	0.02608	0.07601	0.03670	0.00982	0.04231	0.06225	0.04613	0.03984	0.00577	0.02186	0.00146	0.04366	0.00452	0.00267	0.08285

[dist]
# distance from previous block
# <min> <max>
3	22

[block]
# block no. 4 follows, 60 sequences, length 41
# corresponding to MSA columns:
# 116-156
name=unknown_E
#
# <colnr> <probs for GDERKNQSTAVLIFYWHMCP>
#	G	D	E	R	K	N	Q	S	T	A	V	L	I	F	Y	W	H	M	C	P
0	0.03997	0.03823	0.04402	0.00810	0.06695	0.04835	0.01492	0.00993	0.02708	0.03214	0.16089	0.19016	0.16408	0.00816	0.00474	0.00135	0.01510	0.00698	0.00353	0.11531
1	0.07194	0.02519	0.07029	0.04523	0.09409	0.02605	0.01854	0.06959	0.08662	0.07987	0.06597	0.03566	0.03959	0.00503	0.00400	0.00117	0.00401	0.00416	0.00321	0.24977
2	0.03043	0.02425	0.11121	0.10539	0.10794	0.02500	0.03300	0.00981	0.00876	0.01967	0.05892	0.16839	0.06517	0.13793	0.05429	0.00221	0.02390	0.00628	0.00282	0.00462
3	0.01133	0.42565	0.07782	0.04461	0.06048	0.13378	0.03757	0.03369	0.01002	0.01195	0.05157	0.03056	0.03251	0.00467	0.00362	0.00112	0.00516	0.00352	0.00230	0.01808
4	0.01022	0.03426	0.32334	0.03105	0.09768	0.11164	0.02329	0.07174	0.05805	0.01449	0.06360	0.05306	0.04393	0.00554	0.00475	0.00138	0.03901	0.00444	0.00267	0.00588
5	0.02838	0.01175	0.07418	0.02260	0.01214	0.15017	0.02665	0.05884	0.38379	0.01591	0.03702	0.04183	0.06146	0.02423	0.00475	0.00144	0.00451	0.00486	0.00360	0.03190
6	0.01015	0.08903	0.03127	0.01068	0.01168	0.05563	0.04615	0.01137	0.00776	0.04045	0.00849	0.01176	0.04290	0.04220	0.01159	0.00180	0.55594	0.00404	0.00219	0.00491
7	0.00914	0.03978	0.03526	0.00699	0.01046	0.00681	0.00580	0.04011	0.02966	0.01423	0.00926	0.07013	0.00831	0.00492	0.02138	0.00098	0.02533	0.00349	0.00273	0.65522
8	0.03104	0.26688	0.03841	0.02843	0.02895	0.18137	0.07296	0.09075	0.06016	0.03575	0.00996	0.09813	0.00901	0.00556	0.00424	0.02063	0.00527	0.00423	0.00273	0.00553
9	0.00789	0.04043	0.00757	0.03126	0.00795	0.00569	0.00501	0.05937	0.00770	0.01051	0.03519	0.05401	0.01037	0.01774	0.23320	0.41818	0.00595	0.00447	0.00240	0.03512
10	0.03338	0.01261	0.06842	0.01670	0.29484	0.15644	0.05449	0.03143	0.00976	0.02915	0.00884	0.01104	0.03602	0.00525	0.00674	0.00144	0.21146	0.00387	0.00229	0.00581
11	0.01054	0.17855	0.19780	0.06386	0.02462	0.02904	0.04061	0.07184	0.05419	0.07502	0.03949	0.03014	0.06048	0.00684	0.05480	0.00161	0.00527	0.00418	0.00283	0.04828
12	0.00948	0.04533	0.13780	0.28403	0.19820	0.02100	0.07182	0.01329	0.07484	0.01329	0.02273	0.01173	0.01565	0.00435	0.00427	0.00133	0.00542	0.00393	0.00231	0.05919
13	0.00978	0.00794	0.00941	0.03798	0.03643	0.02874	0.01688	0.06048	0.05822	0.05668	0.09011	0.02635	0.05504	0.02681	0.00437	0.00107	0.00355	0.00414	0.00321	0.46280
14	0.02790	0.00472	0.00508	0.00496	0.00615	0.00475	0.00373	0.03310	0.03481	0.04832	0.02533	0.11169	0.05459	0.00759	0.03835	0.00143	0.00273	0.00534	0.57509	0.00432
15	0.00646	0.00514	0.00673	0.00690	0.00734	0.01876	0.00501	0.00739	0.00766	0.01055	0.01682	0.39446	0.01906	0.12330	0.21215	0.00336	0.10644	0.01711	0.00313	0.02223
16	0.00961	0.00757	0.00907	0.00849	0.03823	0.01699	0.03684	0.11089	0.24578	0.04621	0.11718	0.12047	0.11816	0.01977	0.00507	0.00153	0.00347	0.05656	0.02263	0.00548
17	0.00608	0.00446	0.00615	0.00626	0.00687	0.00484	0.00457	0.00723	0.00738	0.01026	0.04328	0.12045	0.05725	0.18938	0.49925	0.00535	0.00828	0.00628	0.00278	0.00360
18	0.25630	0.04540	0.06296	0.10492	0.24514	0.05366	0.02018	0.08639	0.01924	0.01632	0.00815	0.01039	0.00656	0.00437	0.00379	0.00132	0.00481	0.01920	0.02515	0.00578
19	0.02958	0.55222	0.05941	0.00903	0.03295	0.13680	0.00821	0.02457	0.05309	0.01146	0.00699	0.00800	0.00606	0.00419	0.00369	0.00108	0.04220	0.00272	0.00212	0.00563
20	0.01227	0.06844	0.05049	0.03579	0.05655	0.22197	0.04493	0.06775	0.10201	0.03336	0.00846	0.01020	0.00694	0.00569	0.00720	0.02012	0.23607	0.00365	0.00256	0.00557
21	0.01511	0.07248	0.03531	0.01087	0.01345	0.58285	0.02759	0.10068	0.04096	0.01288	0.00817	0.00914	0.01983	0.00474	0.00426	0.00119	0.02935	0.00317	0.00253	0.00543
22	0.00647	0.00453	0.00586	0.00571	0.00669	0.00421	0.00421	0.02289	0.01160	0.03460	0.59679	0.20070	0.05955	0.00982	0.00520	0.00146	0.00225	0.00871	0.00463	0.00412
23	0.00531	0.00380	0.00506	0.00607	0.00633	0.00354	0.00405	0.00607	0.00835	0.01113	0.02404	0.84388	0.02885	0.01366	0.00557	0.00177	0.00253	0.01240	0.00405	0.00354
24	0.00631	0.00530	0.00815	0.00758	0.00870	0.00504	0.10976	0.00793	0.02417	0.01275	0.15491	0.45795	0.12993	0.01092	0.00560	0.00163	0.02553	0.00991	0.00388	0.00406
25	0.11206	0.01724	0.52087	0.01204	0.05729	0.00968	0.06096	0.01328	0.00903	0.03481	0.00866	0.02567	0.00672	0.00545	0.03046	0.00158	0.03140	0.01531	0.02150	0.00598
26	0.87753	0.00843	0.00641	0.00574	0.00843	0.00978	0.00472	0.01282	0.00742	0.01957	0.00607	0.00709	0.00472	0.00405	0.00270	0.00135	0.00337	0.00236	0.00270	0.00472
27	0.00636	0.00493	0.00603	0.00652	0.02504	0.00483	0.00455	0.00892	0.11120	0.01324	0.15974	0.38303	0.16065	0.04806	0.00601	0.00172	0.00270	0.03819	0.00412	0.00414
28	0.01159	0.07666	0.10251	0.05972	0.05958	0.05047	0.11392	0.15482	0.04007	0.05617	0.04013	0.01132	0.00832	0.00441	0.00408	0.00118	0.00497	0.00378	0.02325	0.17304
29	0.01029	0.01176	0.02574	0.01838	0.02279	0.01103	0.80368	0.01397	0.01029	0.01397	0.00882	0.01176	0.00662	0.00368	0.00515	0.00147	0.00735	0.00515	0.00221	0.00588
30	0.03874	0.00745	0.01004	0.00771	0.01107	0.00649	0.00637	0.02107	0.01237	0.80459	0.01696	0.01467	0.01066	0.00537	0.00435	0.00135	0.00370	0.00434	0.00534	0.00736
31	0.00993	0.01032	0.02072	0.01872	0.22849	0.00986	0.48582	0.01303	0.01009	0.01414	0.03294	0.05346	0.00906	0.00446	0.00482	0.00141	0.00607	0.00519	0.05559	0.00587
32	0.00693	0.02106	0.00762	0.03722	0.02576	0.02361	0.03848	0.02322	0.02030	0.01518	0.43899	0.14144	0.13474	0.00897	0.00518	0.00143	0.01695	0.00787	0.02075	0.00429
33	0.00537	0.00386	0.00501	0.00590	0.00620	0.00359	0.00392	0.00610	0.00832	0.01101	0.02455	0.74818	0.07293	0.06469	0.00656	0.00191	0.00262	0.01185	0.00396	0.00350
34	0.01012	0.00852	0.00909	0.00835	0.01051	0.00974	0.00642	0.02072	0.68698	0.01745	0.03051	0.09751	0.01517	0.00669	0.00450	0.00149	0.00328	0.00567	0.04085	0.00641
35	0.01336	0.01526	0.01508	0.03490	0.42174	0.39909	0.01101	0.01526	0.01106	0.01249	0.00750	0.00942	0.00627	0.00418	0.00414	0.00122	0.00647	0.00337	0.00220	0.00599
36	0.01227	0.00969	0.01038	0.00899	0.01167	0.01099	0.00709	0.14374	0.64043	0.06908	0.01659	0.01529	0.01225	0.00578	0.00442	0.00145	0.00368	0.00474	0.00449	0.00701
37	0.00591	0.00438	0.00528	0.00526	0.00635	0.00391	0.00387	0.00741	0.01082	0.02910	0.39658	0.17593	0.30846	0.01041	0.00521	0.00148	0.00222	0.00906	0.00442	0.00393
38	0.00842	0.03197	0.27400	0.01145	0.13495	0.00779	0.02984	0.02273	0.00993	0.03807	0.10935	0.09852	0.13471	0.00677	0.00475	0.00140	0.02214	0.00578	0.04204	0.00541
39	0.00719	0.00533	0.02934	0.00582	0.00721	0.00455	0.00444	0.01682	0.00964	0.07873	0.15395	0.19138	0.24141	0.10800	0.06595	0.00217	0.00349	0.00798	0.00385	0.05276
40	0.03669	0.19846	0.20658	0.02322	0.16307	0.04509	0.08159	0.06725	0.01803	0.01423	0.02653	0.00983	0.00699	0.00410	0.00388	0.00120	0.00534	0.00340	0.00231	0.08223

[dist]
# distance from previous block
# <min> <max>
0	2

[block]
# block no. 5 follows, 60 sequences, length 7
# corresponding to MSA columns:
# 160-166
name=unknown_F
#
# <colnr> <probs for GDERKNQSTAVLIFYWHMCP>
#	G	D	E	R	K	N	Q	S	T	A	V	L	I	F	Y	W	H	M	C	P
0	0.26586	0.09706	0.11914	0.04903	0.10575	0.05428	0.03053	0.11601	0.04299	0.03780	0.03772	0.01010	0.00750	0.00448	0.00371	0.00130	0.00472	0.00338	0.00280	0.00583
1	0.00758	0.00558	0.00663	0.00666	0.00763	0.00569	0.00474	0.13252	0.06247	0.01432	0.07075	0.50433	0.05079	0.09054	0.00684	0.00188	0.00307	0.00962	0.00404	0.00432
2	0.00893	0.00735	0.00861	0.00667	0.00983	0.00599	0.00520	0.07285	0.00982	0.01468	0.01106	0.16784	0.01079	0.00537	0.00376	0.00091	0.00322	0.00456	0.00300	0.63955
3	0.03557	0.08239	0.13614	0.01247	0.11709	0.08704	0.10307	0.12491	0.01129	0.03840	0.02287	0.03477	0.00771	0.00451	0.00423	0.00121	0.01955	0.00379	0.00269	0.15031
4	0.01039	0.02299	0.05370	0.10746	0.12270	0.11004	0.04261	0.08971	0.02565	0.03599	0.04230	0.11814	0.01130	0.00866	0.08052	0.00194	0.07855	0.00510	0.02691	0.00534
5	0.00653	0.00566	0.00697	0.02740	0.00827	0.02602	0.05415	0.00866	0.06191	0.01295	0.16926	0.09906	0.38143	0.06482	0.04565	0.00191	0.00343	0.00800	0.00382	0.00410
6	0.01107	0.03948	0.28327	0.01354	0.09455	0.02550	0.18769	0.03497	0.06469	0.12084	0.03580	0.01277	0.02822	0.00523	0.02169	0.00149	0.00576	0.00429	0.00282	0.00630

[dist]
# distance from previous block
# <min> <max>
2	8

[block]
# block no. 6 follows, 60 sequences, length 28
# corresponding to MSA columns:
# 177-202,204,205
name=unknown_G
#
# <colnr> <probs for GDERKNQSTAVLIFYWHMCP>
#	G	D	E	R	K	N	Q	S	T	A	V	L	I	F	Y	W	H	M	C	P
0	0.01033	0.03207	0.03147	0.00812	0.02486	0.03165	0.01897	0.10496	0.09829	0.03891	0.01158	0.08942	0.02562	0.00519	0.00422	0.00106	0.03011	0.00422	0.00316	0.42579
1	0.04953	0.12141	0.15581	0.05211	0.12625	0.03082	0.02293	0.07511	0.13934	0.04722	0.00993	0.02147	0.00776	0.00448	0.00392	0.00123	0.00473	0.00363	0.00282	0.11948
2	0.02256	0.17145	0.15738	0.03267	0.02715	0.10291	0.04710	0.05742	0.02851	0.07088	0.03220	0.07119	0.02414	0.02261	0.01443	0.00145	0.08357	0.00429	0.00271	0.02542
3	0.00710	0.00633	0.00947	0.00797	0.00976	0.02079	0.15724	0.00956	0.05265	0.01424	0.26984	0.10128	0.23878	0.03081	0.01858	0.00161	0.00354	0.00767	0.02838	0.00441
4	0.01113	0.36944	0.20201	0.01020	0.02585	0.11706	0.01008	0.01325	0.00895	0.01123	0.00651	0.00820	0.00563	0.00473	0.00566	0.00127	0.17840	0.00293	0.00192	0.00557
5	0.01073	0.09081	0.13653	0.24360	0.15222	0.08328	0.01094	0.06385	0.07819	0.03714	0.01939	0.01199	0.03344	0.00469	0.00418	0.00133	0.00539	0.00387	0.00255	0.00588
6	0.07673	0.00937	0.00966	0.06209	0.03241	0.13169	0.03328	0.12973	0.04759	0.02808	0.01623	0.20776	0.09519	0.04962	0.00597	0.00161	0.04836	0.00635	0.00333	0.00494
7	0.00743	0.00478	0.00618	0.00590	0.00715	0.00438	0.00457	0.00924	0.01151	0.09342	0.50550	0.06295	0.12245	0.03083	0.00563	0.00155	0.00255	0.10507	0.00459	0.00431
8	0.00986	0.01137	0.10472	0.11425	0.38501	0.01013	0.21243	0.01293	0.00971	0.01362	0.01993	0.03425	0.00768	0.00472	0.01635	0.00147	0.01879	0.00443	0.00220	0.00616
9	0.00946	0.02965	0.06773	0.37442	0.10810	0.07234	0.13630	0.01241	0.02281	0.01225	0.00946	0.04258	0.00809	0.00507	0.00477	0.00145	0.02488	0.05067	0.00226	0.00530
10	0.01188	0.03133	0.00854	0.00722	0.02991	0.01773	0.00553	0.12057	0.05378	0.24188	0.06454	0.06103	0.21218	0.02988	0.00498	0.00143	0.00331	0.00604	0.08268	0.00558
11	0.00547	0.00443	0.00486	0.00475	0.00609	0.00382	0.00356	0.00688	0.01069	0.01357	0.28653	0.03903	0.57428	0.01038	0.00515	0.00144	0.00216	0.00879	0.00429	0.00382
12	0.00646	0.00531	0.02097	0.09288	0.04588	0.00536	0.00617	0.00830	0.03676	0.01162	0.01930	0.42377	0.03806	0.01499	0.15212	0.00265	0.00487	0.09699	0.00342	0.00411
13	0.04053	0.01113	0.01152	0.01005	0.04997	0.12285	0.02386	0.28876	0.13503	0.14880	0.05838	0.03461	0.01105	0.00628	0.02590	0.00148	0.00484	0.00444	0.00402	0.00650
14	0.01719	0.01123	0.01248	0.00957	0.01303	0.01207	0.00790	0.64412	0.01886	0.19066	0.01185	0.01137	0.00811	0.00527	0.00437	0.00132	0.00458	0.00402	0.00458	0.00742
15	0.01055	0.01093	0.01035	0.00930	0.01052	0.23194	0.02294	0.02541	0.08038	0.01269	0.08849	0.10458	0.04486	0.00736	0.00740	0.01279	0.24079	0.00522	0.05871	0.00478
16	0.00633	0.00445	0.00544	0.00548	0.00658	0.00398	0.00405	0.00775	0.01056	0.05387	0.31463	0.22778	0.28640	0.01066	0.00524	0.00152	0.00236	0.03454	0.00438	0.00400
17	0.00612	0.00422	0.00521	0.00541	0.00560	0.00430	0.00341	0.00654	0.00686	0.00928	0.01545	0.19048	0.01761	0.53785	0.15906	0.00422	0.00518	0.00727	0.00287	0.00304
18	0.01145	0.75055	0.07018	0.00780	0.01159	0.01633	0.00791	0.03676	0.00922	0.01102	0.00681	0.03091	0.00631	0.00408	0.00300	0.00099	0.00471	0.00272	0.00200	0.00564
19	0.03915	0.00734	0.00937	0.00742	0.01041	0.00673	0.00605	0.05885	0.05058	0.59972	0.01633	0.04070	0.01111	0.00557	0.00422	0.00132	0.00353	0.00452	0.09279	0.02430
20	0.00910	0.06385	0.36998	0.01198	0.04072	0.01054	0.08366	0.01293	0.05731	0.01304	0.02651	0.01267	0.00817	0.00706	0.05305	0.01560	0.15661	0.03928	0.00225	0.00571
21	0.01029	0.01176	0.02574	0.01838	0.02279	0.01103	0.80368	0.01397	0.01029	0.01397	0.00882	0.01176	0.00662	0.00368	0.00515	0.00147	0.00735	0.00515	0.00221	0.00588
22	0.00930	0.04876	0.29447	0.01298	0.15156	0.00895	0.07475	0.04052	0.03142	0.03958	0.21268	0.02946	0.01563	0.00552	0.00449	0.00136	0.00484	0.00488	0.00297	0.00588
23	0.01010	0.00941	0.01569	0.07982	0.61817	0.00955	0.02354	0.04017	0.01002	0.01409	0.01033	0.11960	0.00971	0.00524	0.00450	0.00137	0.00490	0.00502	0.00247	0.00633
24	0.00633	0.00489	0.00583	0.00650	0.00708	0.02513	0.00448	0.03279	0.06545	0.01215	0.02307	0.72480	0.03973	0.01258	0.00540	0.00171	0.00280	0.01131	0.00404	0.00394
25	0.01034	0.00799	0.00970	0.00770	0.05057	0.00634	0.00579	0.03712	0.00977	0.08920	0.00873	0.00971	0.00691	0.00353	0.00343	0.00076	0.00342	0.00286	0.00288	0.72327
26	0.00954	0.00899	0.01486	0.11286	0.57145	0.00920	0.01147	0.01189	0.00972	0.01355	0.04012	0.05962	0.07799	0.00534	0.00472	0.00137	0.02382	0.00494	0.00248	0.00608
27	0.00721	0.00617	0.00882	0.19783	0.10764	0.00640	0.00708	0.00974	0.06069	0.01333	0.16780	0.18668	0.16322	0.00827	0.00486	0.00147	0.00352	0.00730	0.00347	0.02850

[dist]
# distance from previous block
# <min> <max>
0	2

[block]
# block no. 7 follows, 60 sequences, length 39
# corresponding to MSA columns:
# 208-246
name=unknown_H
#
# <colnr> <probs for GDERKNQSTAVLIFYWHMCP>
#	G	D	E	R	K	N	Q	S	T	A	V	L	I	F	Y	W	H	M	C	P
0	0.00967	0.00914	0.01508	0.13493	0.53712	0.00967	0.01173	0.01199	0.00943	0.01320	0.01097	0.05423	0.04719	0.00537	0.00529	0.00142	0.07237	0.03282	0.00236	0.00603
1	0.01162	0.57210	0.01882	0.04834	0.01205	0.11732	0.00759	0.03994	0.00966	0.01113	0.01977	0.05768	0.02045	0.00482	0.00369	0.00109	0.03301	0.00335	0.00221	0.00535
2	0.00908	0.00815	0.01817	0.02840	0.01081	0.03019	0.00565	0.01862	0.00932	0.01409	0.04375	0.02028	0.02309	0.00399	0.00383	0.00080	0.03200	0.00315	0.00268	0.71396
3	0.01031	0.14506	0.25765	0.01063	0.06699	0.09017	0.03372	0.03617	0.01004	0.06729	0.05507	0.14933	0.01218	0.03063	0.00479	0.00143	0.00506	0.00511	0.00278	0.00557
4	0.00860	0.00812	0.01373	0.72212	0.14134	0.00978	0.01229	0.01146	0.00889	0.01158	0.00782	0.01151	0.00597	0.00429	0.00435	0.00143	0.00572	0.00388	0.00197	0.00514
5	0.00896	0.00824	0.03656	0.02307	0.03812	0.00612	0.00589	0.01102	0.00910	0.01407	0.00883	0.01012	0.03011	0.00353	0.00337	0.00073	0.00342	0.00287	0.00258	0.77328
6	0.05552	0.00834	0.06153	0.00895	0.05062	0.00691	0.00739	0.02857	0.01173	0.58633	0.01631	0.01810	0.01171	0.00600	0.00449	0.00143	0.00399	0.10057	0.00471	0.00680
7	0.00706	0.00455	0.00647	0.03597	0.00719	0.00501	0.00455	0.00682	0.00634	0.00872	0.00997	0.01748	0.01017	0.20566	0.23410	0.37360	0.04671	0.00460	0.00218	0.00284
8	0.02951	0.01286	0.01034	0.02370	0.10034	0.37996	0.00731	0.01330	0.02257	0.01342	0.22610	0.01789	0.06926	0.00612	0.00438	0.00124	0.00523	0.01721	0.00311	0.03614
9	0.00635	0.00439	0.00520	0.00527	0.00554	0.00444	0.00329	0.02303	0.00716	0.00956	0.01632	0.13770	0.05593	0.58670	0.10737	0.00401	0.00473	0.00707	0.00290	0.00305
10	0.00895	0.00775	0.00949	0.09902	0.01253	0.00625	0.00594	0.01100	0.00901	0.01387	0.00775	0.00933	0.00639	0.00336	0.00336	0.00074	0.00352	0.00273	0.00251	0.77651
11	0.00826	0.00774	0.01302	0.76699	0.06762	0.00950	0.01188	0.01107	0.00877	0.01129	0.00836	0.04151	0.00670	0.00467	0.00440	0.00146	0.00567	0.00418	0.00202	0.00490
12	0.02141	0.22287	0.16434	0.03070	0.01195	0.03441	0.03859	0.02488	0.04548	0.02661	0.17704	0.03840	0.08462	0.01900	0.01701	0.00139	0.00440	0.00493	0.00299	0.02897
13	0.00616	0.00458	0.00675	0.00690	0.00762	0.00519	0.00530	0.00761	0.00727	0.01033	0.01358	0.11496	0.01360	0.04192	0.69047	0.00617	0.01022	0.03492	0.00260	0.00384
14	0.84807	0.00856	0.00664	0.00588	0.00861	0.00991	0.00485	0.03993	0.00787	0.01984	0.00622	0.00720	0.00482	0.00409	0.00276	0.00135	0.00342	0.00242	0.00276	0.00482
15	0.00567	0.00446	0.00473	0.00472	0.00613	0.00378	0.00352	0.00682	0.01002	0.03712	0.08569	0.10960	0.68064	0.01097	0.00517	0.00149	0.00227	0.00926	0.00413	0.00381
16	0.03572	0.03434	0.01089	0.00880	0.01167	0.01119	0.00704	0.24243	0.45924	0.02033	0.03640	0.01401	0.01143	0.00549	0.00425	0.00135	0.00381	0.00440	0.00416	0.07305
17	0.01185	0.43503	0.07398	0.01104	0.06464	0.06937	0.10026	0.06828	0.02901	0.02548	0.00741	0.00877	0.00619	0.00429	0.00436	0.00118	0.06760	0.00316	0.00224	0.00586
18	0.04292	0.03509	0.14961	0.07056	0.12846	0.03975	0.17023	0.02400	0.04185	0.05131	0.03814	0.08094	0.04800	0.00542	0.00445	0.00137	0.00515	0.00499	0.02618	0.03156
19	0.00830	0.00782	0.01319	0.81637	0.04942	0.00971	0.01214	0.01120	0.00875	0.01122	0.00776	0.01161	0.00584	0.00435	0.00436	0.00145	0.00580	0.00388	0.00194	0.00490
20	0.00994	0.00911	0.01506	0.27024	0.47700	0.00969	0.01197	0.03685	0.01008	0.02598	0.05926	0.01303	0.02371	0.00454	0.00440	0.00135	0.00509	0.00424	0.00241	0.00607
21	0.01341	0.01500	0.01055	0.00986	0.02690	0.49324	0.00739	0.05901	0.04627	0.03617	0.03243	0.01741	0.08904	0.04410	0.00517	0.00142	0.00611	0.07854	0.00297	0.00501
22	0.03001	0.00992	0.06013	0.25070	0.08556	0.06640	0.08678	0.06669	0.03739	0.01345	0.02259	0.11805	0.02756	0.00663	0.01960	0.00158	0.06838	0.02067	0.00267	0.00523
23	0.00833	0.00814	0.00706	0.00721	0.00827	0.18971	0.00517	0.04719	0.01003	0.01188	0.02209	0.46810	0.13991	0.01145	0.03282	0.00174	0.00410	0.00910	0.00360	0.00410
24	0.00559	0.00415	0.00526	0.00607	0.00662	0.00389	0.00426	0.00683	0.03210	0.01159	0.02674	0.63934	0.14397	0.01293	0.00551	0.00174	0.00263	0.07304	0.00406	0.00370
25	0.02266	0.00755	0.00804	0.00725	0.00906	0.03416	0.00555	0.18263	0.15981	0.03633	0.12231	0.16780	0.10637	0.04368	0.00545	0.00156	0.00337	0.01855	0.05263	0.00524
26	0.02587	0.05813	0.01382	0.05780	0.11597	0.27082	0.06718	0.14370	0.09534	0.02648	0.01005	0.02056	0.02049	0.00508	0.01272	0.00132	0.00579	0.00383	0.02691	0.01813
27	0.01043	0.01034	0.01604	0.25145	0.49667	0.06481	0.03550	0.01335	0.03456	0.01326	0.00829	0.01103	0.00671	0.00412	0.00433	0.00134	0.00555	0.00388	0.00217	0.00618
28	0.00559	0.00399	0.00517	0.00601	0.00637	0.00377	0.00412	0.00639	0.00835	0.01102	0.02372	0.63368	0.06610	0.11261	0.00757	0.00207	0.00285	0.08325	0.00388	0.00349
29	0.00540	0.00403	0.00503	0.00569	0.00632	0.00367	0.00397	0.00638	0.00911	0.01188	0.09574	0.56414	0.21552	0.01260	0.00545	0.00167	0.00246	0.03322	0.00411	0.00364
30	0.01117	0.01220	0.01851	0.04164	0.01783	0.15060	0.40472	0.01490	0.10139	0.02612	0.01010	0.01302	0.01727	0.01550	0.00612	0.00151	0.10250	0.02673	0.00255	0.00560
31	0.00699	0.00807	0.14521	0.00811	0.00963	0.00628	0.02269	0.00863	0.00846	0.03446	0.01897	0.48012	0.06164	0.01131	0.03419	0.00187	0.11679	0.00889	0.00333	0.00437
32	0.00775	0.00442	0.00452	0.00443	0.00560	0.00434	0.00334	0.02280	0.03139	0.01582	0.06166	0.02128	0.14617	0.00630	0.00357	0.00113	0.00215	0.00514	0.64407	0.00414
33	0.00913	0.05408	0.73136	0.01222	0.01832	0.01046	0.03713	0.04019	0.00965	0.01419	0.01984	0.00958	0.00615	0.00422	0.00414	0.00136	0.00628	0.00333	0.00198	0.00639
34	0.01091	0.00976	0.01236	0.17210	0.23152	0.08294	0.00936	0.16367	0.04364	0.01560	0.02703	0.07171	0.03247	0.04197	0.00519	0.00149	0.00489	0.02074	0.03694	0.00571
35	0.00788	0.00572	0.00680	0.00686	0.01942	0.02120	0.00486	0.06295	0.05871	0.05578	0.03293	0.36080	0.10118	0.12297	0.05916	0.00228	0.03376	0.00845	0.02400	0.00428
36	0.01387	0.05373	0.01063	0.00814	0.01071	0.06282	0.00655	0.31326	0.06182	0.15777	0.02311	0.03414	0.01027	0.05982	0.04542	0.00173	0.00459	0.00437	0.11114	0.00611
37	0.57295	0.15144	0.01015	0.02987	0.03269	0.01987	0.00582	0.03728	0.00836	0.03013	0.00661	0.00775	0.00529	0.00424	0.00321	0.01845	0.00381	0.00257	0.00259	0.04692
38	0.03408	0.00917	0.02331	0.12948	0.06044	0.04697	0.04609	0.08396	0.07519	0.06100	0.01868	0.05376	0.00897	0.02710	0.02079	0.00141	0.05239	0.00416	0.00295	0.24012

[dist]
# distance from previous block
# <min> <max>
1	6

[block]
# block no. 8 follows, 60 sequences, length 16
# corresponding to MSA columns:
# 253-268
name=unknown_I
#
# <colnr> <probs for GDERKNQSTAVLIFYWHMCP>
#	G	D	E	R	K	N	Q	S	T	A	V	L	I	F	Y	W	H	M	C	P
0	0.04594	0.03366	0.07450	0.07658	0.08988	0.24859	0.15566	0.08018	0.05830	0.01413	0.00854	0.01033	0.00672	0.00514	0.02361	0.00145	0.03880	0.00374	0.01852	0.00571
1	0.00867	0.00806	0.01352	0.66807	0.16264	0.00959	0.01199	0.01149	0.00894	0.01186	0.00807	0.01166	0.00620	0.00431	0.00430	0.00141	0.00556	0.00388	0.03461	0.00516
2	0.01110	0.00823	0.01131	0.08764	0.14075	0.02774	0.03811	0.15405	0.01113	0.09831	0.03127	0.01460	0.02352	0.05200	0.12815	0.03745	0.04047	0.00441	0.07428	0.00547
3	0.00617	0.00496	0.00612	0.00601	0.00727	0.00465	0.02752	0.00848	0.07651	0.01366	0.21525	0.20007	0.33537	0.01051	0.00523	0.00155	0.00261	0.05975	0.00420	0.00411
4	0.00645	0.00454	0.00557	0.00570	0.00663	0.00424	0.00409	0.00811	0.04220	0.04527	0.25180	0.30024	0.18474	0.08125	0.00669	0.00178	0.00260	0.02994	0.00421	0.00396
5	0.01178	0.14036	0.05742	0.06595	0.03340	0.22866	0.03212	0.06827	0.01013	0.02811	0.00800	0.01043	0.00683	0.02057	0.11046	0.00208	0.14184	0.00350	0.01485	0.00524
6	0.01330	0.46166	0.03654	0.00916	0.01240	0.26705	0.03183	0.03515	0.02812	0.04357	0.00751	0.02199	0.00644	0.00429	0.00344	0.00107	0.00568	0.00293	0.00229	0.00557
7	0.15261	0.00791	0.05800	0.00786	0.04192	0.00703	0.00630	0.04080	0.05691	0.26378	0.18959	0.07407	0.04581	0.00655	0.00435	0.00138	0.00340	0.00543	0.00420	0.02209
8	0.02143	0.04157	0.10373	0.08962	0.06911	0.10114	0.02650	0.03358	0.03235	0.03449	0.05655	0.14143	0.09364	0.07800	0.03016	0.00180	0.01456	0.00590	0.00298	0.02143
9	0.00788	0.00537	0.00626	0.00590	0.00680	0.00553	0.00412	0.06700	0.06999	0.04066	0.10258	0.06300	0.05440	0.38766	0.08593	0.00318	0.00432	0.02122	0.05424	0.00395
10	0.03172	0.00986	0.02084	0.04134	0.20435	0.04824	0.05658	0.23975	0.01301	0.05922	0.04747	0.03745	0.03980	0.01985	0.00480	0.00138	0.01744	0.01678	0.08407	0.00606
11	0.00811	0.00542	0.00668	0.00627	0.00758	0.00535	0.00473	0.04210	0.08620	0.08498	0.34395	0.11687	0.08136	0.07788	0.05407	0.00200	0.00331	0.03681	0.02178	0.00457
12	0.02414	0.02893	0.00946	0.03125	0.01068	0.02666	0.01926	0.07063	0.10381	0.01568	0.09822	0.01415	0.03287	0.01855	0.01839	0.00114	0.00363	0.00394	0.03587	0.43275
13	0.00585	0.00415	0.00497	0.00525	0.00566	0.00396	0.00340	0.00641	0.00792	0.01041	0.07085	0.27129	0.15708	0.35408	0.04537	0.02461	0.00354	0.00858	0.00340	0.00321
14	0.03026	0.22271	0.26700	0.01019	0.03553	0.02465	0.04316	0.03780	0.09557	0.02887	0.03780	0.02381	0.00840	0.00468	0.00425	0.00124	0.03856	0.00360	0.01570	0.06622
15	0.01057	0.00917	0.01535	0.11982	0.58728	0.00932	0.01179	0.01284	0.00968	0.06555	0.00974	0.06576	0.00849	0.00513	0.00492	0.03647	0.00493	0.00447	0.00245	0.00627

[dist]
# distance from previous block
# <min> <max>
1	3

[block]
# block no. 9 follows, 60 sequences, length 12
# corresponding to MSA columns:
# 272-283
name=unknown_J
#
# <colnr> <probs for GDERKNQSTAVLIFYWHMCP>
#	G	D	E	R	K	N	Q	S	T	A	V	L	I	F	Y	W	H	M	C	P
0	0.01128	0.43642	0.08647	0.01014	0.08434	0.06090	0.02520	0.04539	0.05806	0.03257	0.04263	0.03345	0.00901	0.00550	0.02667	0.00131	0.00503	0.01736	0.00249	0.00576
1	0.00732	0.00652	0.00882	0.12570	0.06214	0.05599	0.04817	0.00879	0.00897	0.01176	0.03511	0.46968	0.02012	0.03030	0.00546	0.00163	0.00385	0.02906	0.00332	0.05728
2	0.00563	0.00440	0.00509	0.00525	0.00614	0.00408	0.00375	0.00662	0.00917	0.01170	0.11052	0.22004	0.39520	0.12646	0.02929	0.00207	0.02314	0.02404	0.00383	0.00359
3	0.06783	0.01072	0.04092	0.03312	0.05290	0.04707	0.47344	0.03213	0.01020	0.01417	0.02898	0.09364	0.03788	0.00541	0.00490	0.00148	0.00603	0.03111	0.00263	0.00544
4	0.00616	0.00422	0.00496	0.00517	0.00534	0.00417	0.00318	0.00646	0.00701	0.00929	0.01706	0.15976	0.05188	0.61804	0.03864	0.00369	0.00405	0.04503	0.00298	0.00293
5	0.04761	0.11914	0.09652	0.03346	0.08950	0.10715	0.10455	0.12136	0.08950	0.05708	0.02931	0.02169	0.00837	0.00480	0.00443	0.00131	0.03075	0.00392	0.02350	0.00606
6	0.00719	0.05821	0.04641	0.00748	0.03614	0.04021	0.01812	0.02930	0.02156	0.01306	0.14286	0.38931	0.11219	0.01017	0.00502	0.00154	0.00324	0.03442	0.01926	0.00430
7	0.01022	0.04350	0.01281	0.14025	0.25640	0.03618	0.00933	0.07447	0.19678	0.01545	0.07790	0.05828	0.03830	0.00570	0.00444	0.00138	0.00443	0.00497	0.00319	0.00601
8	0.11684	0.00768	0.00924	0.00773	0.01039	0.00759	0.00638	0.15132	0.01263	0.37944	0.06102	0.02054	0.01385	0.03517	0.00511	0.00155	0.00383	0.13899	0.00454	0.00617
9	0.01165	0.46648	0.19007	0.00976	0.01368	0.14820	0.04210	0.01385	0.00947	0.01124	0.00664	0.00792	0.00563	0.00412	0.00389	0.00113	0.04378	0.00278	0.00194	0.00566
10	0.00875	0.00698	0.00867	0.01000	0.14059	0.03484	0.00643	0.04094	0.11573	0.05967	0.07494	0.19306	0.16528	0.04526	0.00570	0.00164	0.00352	0.06919	0.00380	0.00501
11	0.00652	0.00451	0.00580	0.00630	0.00704	0.00431	0.00466	0.00799	0.03050	0.03982	0.11421	0.37696	0.08510	0.10395	0.00735	0.00200	0.00303	0.18207	0.00403	0.00384

[dist]
# distance from previous block
# <min> <max>
0	1

[block]
# block no. 10 follows, 60 sequences, length 11
# corresponding to MSA columns:
# 285-295
name=unknown_K
#
# <colnr> <probs for GDERKNQSTAVLIFYWHMCP>
#	G	D	E	R	K	N	Q	S	T	A	V	L	I	F	Y	W	H	M	C	P
0	0.00941	0.00800	0.00814	0.00777	0.00939	0.07042	0.00596	0.05021	0.33289	0.01518	0.04850	0.10734	0.04103	0.09974	0.00668	0.00183	0.00377	0.12569	0.04285	0.00521
1	0.01538	0.01053	0.01154	0.00913	0.01223	0.01145	0.00744	0.54482	0.11087	0.12070	0.01280	0.03924	0.00944	0.00560	0.00433	0.00133	0.00427	0.00438	0.05746	0.00703
2	0.01301	0.07952	0.08190	0.05707	0.11772	0.15586	0.03276	0.13893	0.08527	0.10245	0.01098	0.04171	0.00873	0.00512	0.00419	0.00130	0.00522	0.01767	0.03445	0.00615
3	0.01091	0.02021	0.08955	0.12887	0.33875	0.03034	0.01113	0.09575	0.03528	0.05695	0.02185	0.02507	0.03604	0.00565	0.02287	0.00150	0.04500	0.01536	0.00271	0.00620
4	0.01114	0.00843	0.01004	0.00785	0.03153	0.00743	0.00613	0.09808	0.05728	0.10180	0.00956	0.01030	0.00740	0.00403	0.00403	0.00091	0.03801	0.00314	0.00314	0.57976
5	0.05009	0.00456	0.00537	0.00568	0.00670	0.00412	0.00402	0.00699	0.00890	0.01226	0.05977	0.50738	0.20847	0.01144	0.00510	0.00156	0.00254	0.01009	0.00388	0.08109
6	0.05644	0.05277	0.09573	0.01417	0.23121	0.01060	0.04113	0.17643	0.09814	0.08184	0.01049	0.01189	0.00807	0.00466	0.00416	0.00129	0.00472	0.02185	0.00317	0.07123
7	0.05124	0.00791	0.00959	0.00794	0.03883	0.00735	0.01990	0.06240	0.03493	0.02963	0.05052	0.03204	0.08366	0.00521	0.00483	0.00106	0.08665	0.00406	0.00300	0.45924
8	0.04898	0.05922	0.05984	0.00649	0.00840	0.02447	0.00545	0.04050	0.00979	0.02491	0.10755	0.13238	0.24845	0.04815	0.06105	0.00190	0.01896	0.02739	0.00346	0.06268
9	0.13403	0.07913	0.06148	0.03961	0.11057	0.00867	0.00750	0.03264	0.08870	0.12360	0.06863	0.04925	0.05878	0.01805	0.01301	0.00145	0.00401	0.04765	0.00339	0.04986
10	0.11702	0.12766	0.10679	0.02334	0.03019	0.08942	0.04221	0.18230	0.03584	0.03457	0.07575	0.03449	0.00993	0.00510	0.00421	0.00127	0.02570	0.00392	0.00305	0.04725

[dist]
# distance from previous block
# <min> <max>
1	10

[block]
# block no. 11 follows, 60 sequences, length 6
# corresponding to MSA columns:
# 306-311
name=unknown_L
#
# <colnr> <probs for GDERKNQSTAVLIFYWHMCP>
#	G	D	E	R	K	N	Q	S	T	A	V	L	I	F	Y	W	H	M	C	P
0	0.05420	0.04398	0.04264	0.03413	0.08296	0.11094	0.04658	0.07880	0.04608	0.04279	0.02773	0.05860	0.09883	0.08448	0.03357	0.00177	0.00485	0.03331	0.00306	0.07069
1	0.03638	0.20033	0.16906	0.01169	0.12304	0.08713	0.02675	0.08305	0.02982	0.01366	0.00836	0.01085	0.00714	0.06893	0.03711	0.00165	0.02957	0.00347	0.00237	0.04965
2	0.06900	0.03393	0.06321	0.02155	0.02884	0.04502	0.02906	0.04950	0.02575	0.06691	0.07976	0.13472	0.12821	0.05139	0.03985	0.00181	0.00418	0.07513	0.00347	0.04871
3	0.03382	0.19500	0.21115	0.00972	0.03063	0.04688	0.04688	0.09054	0.05261	0.04822	0.03116	0.01216	0.05475	0.00541	0.02373	0.00134	0.00507	0.00374	0.00273	0.09447
4	0.00554	0.00406	0.00505	0.00568	0.00622	0.00376	0.00391	0.00642	0.00874	0.01142	0.07270	0.51184	0.17589	0.10784	0.00739	0.00198	0.00271	0.05140	0.00393	0.00352
5	0.00904	0.00775	0.00904	0.00646	0.01034	0.00581	0.00517	0.01098	0.00904	0.01421	0.00775	0.00904	0.00646	0.00323	0.00323	0.00065	0.00323	0.00258	0.00258	0.87339

[dist]
# distance from previous block
# <min> <max>
0	2

[block]
# block no. 12 follows, 60 sequences, length 16
# corresponding to MSA columns:
# 314-329
name=unknown_M
#
# <colnr> <probs for GDERKNQSTAVLIFYWHMCP>
#	G	D	E	R	K	N	Q	S	T	A	V	L	I	F	Y	W	H	M	C	P
0	0.00828	0.05816	0.02975	0.00842	0.00979	0.00826	0.05584	0.07709	0.02171	0.01189	0.01059	0.01605	0.00996	0.13888	0.40229	0.00452	0.11698	0.00459	0.00248	0.00447
1	0.00887	0.00756	0.00892	0.00649	0.01018	0.00579	0.00519	0.01079	0.00892	0.01396	0.00799	0.00954	0.00673	0.00502	0.05343	0.00103	0.00374	0.00271	0.00257	0.82055
2	0.00618	0.00450	0.00555	0.00603	0.00680	0.00432	0.00436	0.02234	0.04538	0.01301	0.11980	0.45498	0.13345	0.02620	0.00558	0.00169	0.00265	0.08178	0.05150	0.00391
3	0.01095	0.07586	0.05068	0.04012	0.26305	0.04831	0.02400	0.09217	0.02355	0.02891	0.03331	0.03861	0.00842	0.00607	0.02128	0.00155	0.22059	0.00414	0.00252	0.00588
4	0.00942	0.03493	0.06134	0.00831	0.01072	0.02802	0.05421	0.07630	0.00937	0.01387	0.00935	0.01247	0.00807	0.06057	0.09934	0.01898	0.12149	0.00375	0.11732	0.24217
5	0.01051	0.00880	0.00943	0.00873	0.02485	0.02481	0.00665	0.04851	0.59282	0.03317	0.04894	0.06777	0.03627	0.00664	0.00467	0.00148	0.01564	0.01697	0.02699	0.00635
6	0.00656	0.00493	0.00553	0.00518	0.00667	0.00442	0.00394	0.04790	0.01138	0.04146	0.30537	0.03627	0.48487	0.00984	0.00509	0.00143	0.00234	0.00833	0.00437	0.00414
7	0.14626	0.01090	0.01154	0.01013	0.06226	0.02595	0.00771	0.44470	0.17462	0.02287	0.01107	0.01126	0.00821	0.00583	0.02611	0.00150	0.00457	0.00389	0.00390	0.00674
8	0.00551	0.00406	0.00519	0.00591	0.00644	0.00382	0.00413	0.00642	0.00854	0.01117	0.02610	0.56329	0.16053	0.05677	0.05758	0.00219	0.00323	0.06170	0.00387	0.00357
9	0.01437	0.09252	0.14198	0.05376	0.05716	0.08787	0.02576	0.07078	0.05529	0.01828	0.06375	0.04045	0.01322	0.00732	0.00567	0.00187	0.00606	0.00508	0.00408	0.23472
