[name]
unknown

[dist]
# distance from previous block
# <min> <max>
0	19

[block]
# block no. 0 follows, 46 sequences, length 228
# corresponding to MSA columns:
# 29-31,33-144,149-218,220-223,268,269,273-309
name=unknown_A
#
# <colnr> <probs for GDERKNQSTAVLIFYWHMCP>
#	G	D	E	R	K	N	Q	S	T	A	V	L	I	F	Y	W	H	M	C	P
0	0.00852	0.00608	0.00852	0.00974	0.01095	0.00608	0.00852	0.01095	0.01217	0.01582	0.02799	0.05963	0.03042	0.01460	0.00730	0.00243	0.00487	0.74565	0.00487	0.00487
1	0.85155	0.01022	0.00777	0.00695	0.01022	0.01186	0.00573	0.01554	0.00900	0.02372	0.00736	0.00859	0.00573	0.00491	0.00327	0.00164	0.00409	0.00286	0.00327	0.00573
2	0.14048	0.01572	0.01398	0.01143	0.01503	0.17794	0.00917	0.44650	0.01958	0.04666	0.01190	0.04635	0.00930	0.00640	0.00495	0.00157	0.00619	0.00466	0.00447	0.00771
3	0.08271	0.01348	0.01451	0.01134	0.01532	0.01474	0.00934	0.60514	0.02212	0.09841	0.01378	0.03627	0.01027	0.00671	0.00522	0.00163	0.00547	0.01978	0.00523	0.00853
4	0.01309	0.01483	0.08629	0.01591	0.01879	0.06719	0.21756	0.08415	0.02909	0.01644	0.00919	0.01241	0.00762	0.00689	0.01072	0.00194	0.35520	0.00493	0.00279	0.02497
5	0.02010	0.01481	0.01587	0.01216	0.01639	0.01639	0.01005	0.76360	0.02486	0.03332	0.01269	0.01269	0.00899	0.00635	0.00529	0.00159	0.00582	0.00476	0.00529	0.00899
6	0.00953	0.00676	0.00803	0.00734	0.00919	0.00655	0.00561	0.05600	0.09437	0.06809	0.42649	0.06830	0.19182	0.01067	0.00606	0.00172	0.00305	0.00919	0.00556	0.00569
7	0.01164	0.13396	0.58882	0.01384	0.02082	0.01321	0.03500	0.03343	0.01152	0.03275	0.00953	0.01104	0.00699	0.00494	0.00478	0.00155	0.00722	0.00382	0.00245	0.05269
8	0.00665	0.00534	0.00594	0.00586	0.00741	0.00462	0.00437	0.00834	0.01289	0.01645	0.28367	0.08088	0.51357	0.01271	0.00627	0.00176	0.00264	0.01082	0.00520	0.00462
9	0.01096	0.00940	0.01096	0.00783	0.01253	0.00705	0.00626	0.01331	0.01096	0.01723	0.00940	0.01096	0.00783	0.00392	0.00392	0.00078	0.00392	0.00313	0.00313	0.84653
10	0.85155	0.01022	0.00777	0.00695	0.01022	0.01186	0.00573	0.01554	0.00900	0.02372	0.00736	0.00859	0.00573	0.00491	0.00327	0.00164	0.00409	0.00286	0.00327	0.00573
11	0.85155	0.01022	0.00777	0.00695	0.01022	0.01186	0.00573	0.01554	0.00900	0.02372	0.00736	0.00859	0.00573	0.00491	0.00327	0.00164	0.00409	0.00286	0.00327	0.00573
12	0.85155	0.01022	0.00777	0.00695	0.01022	0.01186	0.00573	0.01554	0.00900	0.02372	0.00736	0.00859	0.00573	0.00491	0.00327	0.00164	0.00409	0.00286	0.00327	0.00573
13	0.01452	0.01204	0.01273	0.01104	0.01427	0.01379	0.00870	0.17334	0.62420	0.02433	0.01977	0.01834	0.01473	0.00701	0.00536	0.00175	0.00451	0.00574	0.00536	0.00849
14	0.01081	0.07308	0.74288	0.01472	0.02234	0.01278	0.01893	0.01669	0.01114	0.01649	0.00936	0.01101	0.00670	0.00499	0.00493	0.00164	0.00769	0.00384	0.00223	0.00775
15	0.85155	0.01022	0.00777	0.00695	0.01022	0.01186	0.00573	0.01554	0.00900	0.02372	0.00736	0.00859	0.00573	0.00491	0.00327	0.00164	0.00409	0.00286	0.00327	0.00573
16	0.00755	0.00566	0.00850	0.00850	0.00944	0.00661	0.00661	0.00944	0.00850	0.01227	0.01416	0.02077	0.01322	0.03965	0.79326	0.00850	0.01416	0.00566	0.00283	0.00472
17	0.01157	0.01157	0.01619	0.01388	0.01388	0.01619	0.01157	0.01272	0.00810	0.01272	0.00694	0.01157	0.00694	0.00925	0.01735	0.00231	0.80453	0.00463	0.00231	0.00578
18	0.00731	0.00540	0.00683	0.00647	0.00779	0.00491	0.00485	0.00964	0.01455	0.02023	0.67647	0.04109	0.15246	0.01117	0.00624	0.00168	0.00252	0.00979	0.00569	0.00491
19	0.00644	0.00460	0.00613	0.00736	0.00767	0.00429	0.00491	0.00736	0.01012	0.01350	0.02914	0.81076	0.03497	0.01656	0.00675	0.00215	0.00307	0.01503	0.00491	0.00429
20	0.02954	0.01007	0.01683	0.62541	0.18907	0.01192	0.01480	0.01411	0.01084	0.01451	0.00946	0.01376	0.00729	0.00516	0.00523	0.00172	0.00682	0.00466	0.00242	0.00638
21	0.00746	0.00540	0.00703	0.00663	0.00788	0.00498	0.00497	0.00993	0.01491	0.02106	0.76408	0.03972	0.06433	0.01086	0.00624	0.00167	0.00250	0.00959	0.00580	0.00498
22	0.01248	0.01426	0.03119	0.02228	0.02763	0.01337	0.76203	0.01693	0.01248	0.01693	0.01070	0.01426	0.00802	0.00446	0.00624	0.00178	0.00891	0.00624	0.00267	0.00713
23	0.01317	0.52329	0.27376	0.01158	0.03529	0.01762	0.01260	0.01636	0.01101	0.03106	0.00841	0.00967	0.00693	0.00473	0.00401	0.00133	0.00634	0.00328	0.00236	0.00721
24	0.40540	0.05088	0.01233	0.02943	0.03047	0.36233	0.00832	0.01802	0.01186	0.01803	0.00783	0.00924	0.00634	0.00514	0.00404	0.00149	0.00671	0.00319	0.00295	0.00601
25	0.02010	0.01481	0.01587	0.01216	0.01639	0.01639	0.01005	0.76360	0.02486	0.03332	0.01269	0.01269	0.00899	0.00635	0.00529	0.00159	0.00582	0.00476	0.00529	0.00899
26	0.01096	0.00940	0.01096	0.00783	0.01253	0.00705	0.00626	0.01331	0.01096	0.01723	0.00940	0.01096	0.00783	0.00392	0.00392	0.00078	0.00392	0.00313	0.00313	0.84653
27	0.82966	0.01019	0.00789	0.00702	0.01031	0.01175	0.00578	0.01581	0.00916	0.04385	0.00772	0.00884	0.00592	0.00495	0.00333	0.00164	0.00410	0.00293	0.00336	0.00581
28	0.01426	0.01411	0.04401	0.01916	0.03965	0.01363	0.50321	0.16034	0.01466	0.05380	0.01141	0.01406	0.00848	0.00591	0.02386	0.00190	0.04100	0.00575	0.00332	0.00750
29	0.01383	0.01231	0.05048	0.10547	0.48577	0.01175	0.07136	0.01732	0.02836	0.11391	0.03026	0.01460	0.00991	0.00519	0.00534	0.00163	0.00626	0.00501	0.00321	0.00800
30	0.02299	0.00884	0.01204	0.00928	0.01325	0.00765	0.00765	0.02506	0.01512	0.75083	0.05465	0.01895	0.01473	0.00673	0.00536	0.00164	0.00441	0.00551	0.00651	0.00882
31	0.74341	0.01189	0.00885	0.00823	0.02780	0.09616	0.00644	0.01616	0.00971	0.02241	0.00751	0.00879	0.00590	0.00496	0.00348	0.00160	0.00472	0.00296	0.00320	0.00583
32	0.00644	0.00460	0.00613	0.00736	0.00767	0.00429	0.00491	0.00736	0.01012	0.01350	0.02914	0.81076	0.03497	0.01656	0.00675	0.00215	0.00307	0.01503	0.00491	0.00429
33	0.01096	0.02488	0.64425	0.01643	0.02378	0.01248	0.15962	0.01678	0.01141	0.01678	0.00972	0.01175	0.00695	0.00492	0.00525	0.00169	0.00802	0.00435	0.00232	0.00768
34	0.02162	0.00910	0.01207	0.00920	0.01336	0.00777	0.00756	0.02396	0.02951	0.65593	0.01917	0.01699	0.01237	0.00617	0.00511	0.00151	0.00441	0.00501	0.00601	0.13319
35	0.00769	0.00513	0.00577	0.00577	0.00577	0.00513	0.00320	0.00769	0.00769	0.01025	0.01666	0.03460	0.01922	0.81421	0.02691	0.00513	0.00513	0.00769	0.00320	0.00320
36	0.00769	0.00513	0.00577	0.00577	0.00577	0.00513	0.00320	0.00769	0.00769	0.01025	0.01666	0.03460	0.01922	0.81421	0.02691	0.00513	0.00513	0.00769	0.00320	0.00320
37	0.01413	0.81739	0.02770	0.00905	0.01357	0.02092	0.00905	0.01583	0.01074	0.01244	0.00735	0.00848	0.00678	0.00452	0.00339	0.00113	0.00565	0.00283	0.00226	0.00678
38	0.00768	0.00514	0.00586	0.00586	0.00590	0.00518	0.00332	0.00775	0.00772	0.01032	0.01657	0.03410	0.01901	0.78672	0.05410	0.00524	0.00545	0.00762	0.00319	0.00326
39	0.00627	0.00536	0.00539	0.00538	0.00716	0.00447	0.00404	0.00764	0.01211	0.01443	0.06905	0.05063	0.76350	0.01333	0.00625	0.00178	0.00267	0.01112	0.00493	0.00447
40	0.00723	0.00532	0.00676	0.00655	0.00778	0.00486	0.00486	0.00943	0.01415	0.01961	0.61760	0.11230	0.14054	0.01167	0.00628	0.00172	0.00257	0.01027	0.00562	0.00486
41	0.02221	0.00959	0.01241	0.00959	0.01352	0.00883	0.00789	0.13081	0.01644	0.62804	0.05315	0.01822	0.01414	0.00670	0.00532	0.00162	0.00456	0.00542	0.02281	0.00874
42	0.00637	0.00539	0.00552	0.00556	0.00731	0.00454	0.00422	0.00778	0.01212	0.01451	0.06971	0.05096	0.73155	0.01338	0.00629	0.00181	0.00276	0.04079	0.00493	0.00449
43	0.37005	0.05402	0.14869	0.01063	0.01475	0.20085	0.02500	0.01808	0.01154	0.08952	0.00925	0.01025	0.00693	0.00518	0.00420	0.00156	0.00627	0.00347	0.00320	0.00657
44	0.29039	0.06374	0.01342	0.01176	0.04467	0.41587	0.00881	0.01922	0.05841	0.01716	0.00874	0.00992	0.00708	0.00529	0.00426	0.00147	0.00708	0.00340	0.00303	0.00626
45	0.01242	0.01092	0.01169	0.01045	0.01331	0.02735	0.02576	0.02514	0.64059	0.02110	0.05724	0.02292	0.08228	0.00776	0.00550	0.00178	0.00420	0.00653	0.00524	0.00781
46	0.00998	0.00940	0.01586	0.80150	0.03641	0.01175	0.01468	0.01351	0.01057	0.01351	0.00940	0.01409	0.00705	0.00529	0.00529	0.00176	0.00705	0.00470	0.00235	0.00587
47	0.00644	0.00460	0.00613	0.00736	0.00767	0.00429	0.00491	0.00736	0.01012	0.01350	0.02914	0.81076	0.03497	0.01656	0.00675	0.00215	0.00307	0.01503	0.00491	0.00429
48	0.01467	0.74209	0.02649	0.00948	0.01383	0.09431	0.00916	0.01633	0.01114	0.01249	0.00743	0.00858	0.00679	0.00461	0.00352	0.00115	0.00602	0.00288	0.00231	0.00672
49	0.01227	0.01427	0.05630	0.07900	0.07464	0.01316	0.63558	0.01664	0.01227	0.01670	0.01051	0.01407	0.00793	0.00455	0.00606	0.00176	0.00858	0.00595	0.00263	0.00714
50	0.01413	0.81739	0.02770	0.00905	0.01357	0.02092	0.00905	0.01583	0.01074	0.01244	0.00735	0.00848	0.00678	0.00452	0.00339	0.00113	0.00565	0.00283	0.00226	0.00678
51	0.01934	0.08248	0.01590	0.01329	0.01614	0.73716	0.01013	0.02073	0.01467	0.01290	0.00811	0.00946	0.00681	0.00538	0.00467	0.00135	0.00925	0.00336	0.00269	0.00618
52	0.05105	0.74360	0.04797	0.00922	0.01369	0.02018	0.00924	0.01578	0.01062	0.01306	0.00740	0.00862	0.00674	0.00465	0.00371	0.00119	0.02132	0.00289	0.00231	0.00675
53	0.01245	0.01065	0.01170	0.04560	0.01437	0.01226	0.00859	0.02546	0.65290	0.02098	0.02173	0.03868	0.01742	0.00796	0.00558	0.00186	0.00435	0.07441	0.00519	0.00785
54	0.00644	0.00460	0.00613	0.00736	0.00767	0.00429	0.00491	0.00736	0.01012	0.01350	0.02914	0.81076	0.03497	0.01656	0.00675	0.00215	0.00307	0.01503	0.00491	0.00429
55	0.01308	0.01256	0.02146	0.03245	0.78123	0.01256	0.01622	0.01622	0.01204	0.01727	0.00994	0.01308	0.00837	0.00471	0.00523	0.00157	0.00628	0.00471	0.00262	0.00837
56	0.01188	0.12319	0.50275	0.01487	0.02138	0.04812	0.11358	0.01768	0.06707	0.01645	0.01020	0.01178	0.00758	0.00506	0.00499	0.00162	0.00750	0.00420	0.00255	0.00756
57	0.00649	0.00486	0.00604	0.00691	0.00764	0.00441	0.00480	0.00761	0.01082	0.01399	0.05643	0.57127	0.22502	0.01553	0.00662	0.00205	0.00301	0.03721	0.00493	0.00437
58	0.00644	0.00460	0.00613	0.00736	0.00767	0.00429	0.00491	0.00736	0.01012	0.01350	0.02914	0.81076	0.03497	0.01656	0.00675	0.00215	0.00307	0.01503	0.00491	0.00429
59	0.01267	0.01216	0.02060	0.11770	0.66390	0.01263	0.01585	0.01577	0.01170	0.01665	0.00975	0.01313	0.00816	0.00498	0.00578	0.00162	0.04170	0.00471	0.00257	0.00798
60	0.03264	0.02923	0.01748	0.01493	0.08129	0.20377	0.14927	0.03956	0.09386	0.26267	0.01433	0.01453	0.01019	0.00573	0.00528	0.00160	0.00672	0.00493	0.00427	0.00773
61	0.36521	0.01710	0.01191	0.01056	0.01356	0.35474	0.00825	0.08222	0.01305	0.03152	0.00852	0.00982	0.00678	0.00609	0.02028	0.00166	0.02588	0.00340	0.00323	0.00622
62	0.00737	0.03183	0.02275	0.00654	0.00822	0.00559	0.00512	0.00968	0.03036	0.01787	0.41205	0.08223	0.31780	0.01167	0.00613	0.00172	0.00284	0.01003	0.00524	0.00495
63	0.23198	0.52498	0.02120	0.00898	0.01299	0.09946	0.00831	0.01631	0.01073	0.01542	0.00744	0.00862	0.00651	0.00472	0.00350	0.00129	0.00565	0.00290	0.00257	0.00644
64	0.01331	0.01309	0.02108	0.07952	0.65307	0.05130	0.04568	0.02879	0.01232	0.01707	0.00990	0.01301	0.00821	0.00480	0.00526	0.00158	0.00659	0.00471	0.00265	0.00806
65	0.01201	0.03173	0.27655	0.01593	0.11274	0.04251	0.11639	0.01771	0.11617	0.01745	0.01126	0.01285	0.00863	0.00498	0.00499	0.00148	0.00649	0.00441	0.00298	0.18275
66	0.00666	0.00501	0.00617	0.00672	0.00765	0.00453	0.00476	0.00806	0.01172	0.01540	0.19544	0.42274	0.24059	0.01443	0.00651	0.00195	0.00288	0.02918	0.00510	0.00450
67	0.01180	0.01085	0.01662	0.08486	0.20729	0.01062	0.11726	0.02904	0.13247	0.01777	0.01385	0.04213	0.02801	0.00573	0.00514	0.00148	0.00548	0.01710	0.02562	0.21688
68	0.00747	0.00551	0.00718	0.00798	0.00909	0.00522	0.00639	0.00933	0.01196	0.01557	0.11793	0.24078	0.17355	0.01443	0.00685	0.00215	0.00375	0.34522	0.00499	0.00466
69	0.01223	0.00998	0.01095	0.02537	0.01298	0.01123	0.00777	0.03834	0.56093	0.04515	0.06162	0.12459	0.03849	0.00866	0.00562	0.00182	0.00401	0.00740	0.00530	0.00755
70	0.00722	0.00539	0.00670	0.00637	0.00773	0.00487	0.00478	0.00946	0.01433	0.01971	0.62185	0.04195	0.20741	0.01137	0.00624	0.00169	0.00253	0.00991	0.00562	0.00487
71	0.00756	0.00563	0.00834	0.00834	0.00923	0.00652	0.00641	0.00934	0.00845	0.01216	0.01431	0.02157	0.01356	0.08456	0.74882	0.00830	0.01364	0.00578	0.00285	0.00463
72	0.02008	0.01542	0.01581	0.01225	0.01639	0.06184	0.01006	0.72016	0.02428	0.03213	0.01243	0.01251	0.00886	0.00629	0.00526	0.00157	0.00603	0.00468	0.00514	0.00882
73	0.01879	0.01367	0.01460	0.01137	0.01525	0.01510	0.00934	0.65917	0.05156	0.03151	0.01349	0.01367	0.00973	0.00636	0.00513	0.00156	0.00541	0.00482	0.09092	0.00855
74	0.01308	0.01256	0.02146	0.03245	0.78123	0.01256	0.01622	0.01622	0.01204	0.01727	0.00994	0.01308	0.00837	0.00471	0.00523	0.00157	0.00628	0.00471	0.00262	0.00837
75	0.01344	0.01173	0.01210	0.01085	0.01386	0.03049	0.00844	0.04292	0.73970	0.02214	0.02104	0.01935	0.01579	0.00712	0.00536	0.00178	0.00434	0.00590	0.00532	0.00833
76	0.01249	0.01422	0.03098	0.02251	0.04457	0.01335	0.74527	0.01692	0.01247	0.01694	0.01068	0.01423	0.00803	0.00446	0.00622	0.00178	0.00885	0.00620	0.00267	0.00716
77	0.01739	0.01425	0.01398	0.01149	0.01499	0.10321	0.00921	0.43772	0.18130	0.03988	0.03154	0.03756	0.03678	0.00714	0.00537	0.00164	0.00562	0.01779	0.00502	0.00811
78	0.00734	0.00540	0.00687	0.00650	0.00781	0.00493	0.00488	0.00970	0.01463	0.02040	0.69454	0.04081	0.13429	0.01111	0.00624	0.00168	0.00252	0.00975	0.00571	0.00493
79	0.00998	0.00940	0.01586	0.80150	0.03641	0.01175	0.01468	0.01351	0.01057	0.01351	0.00940	0.01409	0.00705	0.00529	0.00529	0.00176	0.00705	0.00470	0.00235	0.00587
80	0.01254	0.01888	0.31093	0.05954	0.02261	0.05039	0.23170	0.09325	0.06150	0.01842	0.02853	0.03034	0.00951	0.00562	0.00573	0.00172	0.02315	0.00520	0.00304	0.00740
81	0.00931	0.00737	0.00892	0.00824	0.01005	0.00757	0.02160	0.04515	0.20614	0.02032	0.38781	0.13446	0.09089	0.01052	0.00605	0.00177	0.00328	0.00922	0.00543	0.00592
82	0.01238	0.04709	0.01369	0.01233	0.06695	0.06042	0.05619	0.07668	0.27568	0.01963	0.11330	0.02628	0.05071	0.02254	0.00633	0.00184	0.02298	0.10350	0.00456	0.00694
83	0.00630	0.00527	0.00549	0.00562	0.00722	0.00445	0.00414	0.00761	0.01189	0.01434	0.06689	0.14090	0.67435	0.01371	0.00631	0.00183	0.00272	0.01158	0.00493	0.00445
84	0.01049	0.01195	0.15200	0.00993	0.01315	0.00973	0.00914	0.03504	0.30510	0.02045	0.26471	0.02740	0.06627	0.00852	0.00570	0.00175	0.00429	0.03264	0.00490	0.00686
85	0.01080	0.00923	0.01079	0.00781	0.01236	0.00695	0.00622	0.01310	0.01093	0.01709	0.01010	0.03934	0.00879	0.00436	0.00402	0.00083	0.00389	0.00355	0.00320	0.81664
86	0.01961	0.05067	0.01612	0.01195	0.01606	0.05669	0.00988	0.67664	0.02344	0.03106	0.01231	0.01248	0.00887	0.00622	0.00514	0.00155	0.00593	0.00461	0.02210	0.00866
87	0.01399	0.17892	0.03715	0.01120	0.04493	0.06278	0.02365	0.08983	0.11332	0.10602	0.03264	0.10359	0.01685	0.00845	0.00540	0.00172	0.00528	0.13308	0.00430	0.00690
88	0.05941	0.01513	0.01343	0.01154	0.01483	0.17734	0.00907	0.22516	0.37180	0.02331	0.01561	0.01511	0.01171	0.00647	0.00512	0.00164	0.00574	0.00495	0.00469	0.00793
89	0.00918	0.00459	0.00689	0.00689	0.00689	0.00459	0.00459	0.00689	0.00689	0.00918	0.00918	0.01607	0.00918	0.01837	0.02066	0.84619	0.00459	0.00459	0.00230	0.00230
90	0.85155	0.01022	0.00777	0.00695	0.01022	0.01186	0.00573	0.01554	0.00900	0.02372	0.00736	0.00859	0.00573	0.00491	0.00327	0.00164	0.00409	0.00286	0.00327	0.00573
91	0.85155	0.01022	0.00777	0.00695	0.01022	0.01186	0.00573	0.01554	0.00900	0.02372	0.00736	0.00859	0.00573	0.00491	0.00327	0.00164	0.00409	0.00286	0.00327	0.00573
92	0.01244	0.01415	0.03058	0.02194	0.02707	0.01348	0.73144	0.01676	0.01230	0.01676	0.01054	0.01415	0.00798	0.00465	0.00669	0.00180	0.04134	0.00617	0.00266	0.00708
93	0.85155	0.01022	0.00777	0.00695	0.01022	0.01186	0.00573	0.01554	0.00900	0.02372	0.00736	0.00859	0.00573	0.00491	0.00327	0.00164	0.00409	0.00286	0.00327	0.00573
94	0.00664	0.00485	0.00652	0.02335	0.00833	0.00470	0.00520	0.00760	0.01004	0.01342	0.02805	0.76357	0.03354	0.03184	0.00733	0.00220	0.01925	0.01447	0.00477	0.00433
95	0.00644	0.00460	0.00613	0.00736	0.00767	0.00429	0.00491	0.00736	0.01012	0.01350	0.02914	0.81076	0.03497	0.01656	0.00675	0.00215	0.00307	0.01503	0.00491	0.00429
96	0.85155	0.01022	0.00777	0.00695	0.01022	0.01186	0.00573	0.01554	0.00900	0.02372	0.00736	0.00859	0.00573	0.00491	0.00327	0.00164	0.00409	0.00286	0.00327	0.00573
97	0.00734	0.00540	0.00687	0.00650	0.00781	0.00493	0.00487	0.00970	0.01462	0.02039	0.69353	0.04082	0.13530	0.01111	0.00624	0.00168	0.00252	0.00975	0.00571	0.00493
98	0.02010	0.01481	0.01587	0.01216	0.01639	0.01639	0.01005	0.76360	0.02486	0.03332	0.01269	0.01269	0.00899	0.00635	0.00529	0.00159	0.00582	0.00476	0.00529	0.00899
99	0.00637	0.00536	0.00553	0.00549	0.00722	0.00452	0.00412	0.00783	0.01235	0.01499	0.12761	0.04971	0.70459	0.01313	0.00625	0.00177	0.00266	0.01099	0.00500	0.00452
100	0.01014	0.00964	0.01652	0.75698	0.05244	0.01182	0.04124	0.01369	0.01067	0.01371	0.00945	0.01408	0.00711	0.00524	0.00532	0.00176	0.00710	0.00475	0.00237	0.00597
101	0.00769	0.00513	0.00577	0.00577	0.00577	0.00513	0.00320	0.00769	0.00769	0.01025	0.01666	0.03460	0.01922	0.81421	0.02691	0.00513	0.00513	0.00769	0.00320	0.00320
102	0.00985	0.00493	0.00493	0.00493	0.00616	0.00493	0.00370	0.01232	0.01109	0.01971	0.01725	0.01971	0.01355	0.00616	0.00370	0.00123	0.00246	0.00493	0.84356	0.00493
103	0.02010	0.01481	0.01587	0.01216	0.01639	0.01639	0.01005	0.76360	0.02486	0.03332	0.01269	0.01269	0.00899	0.00635	0.00529	0.00159	0.00582	0.00476	0.00529	0.00899
104	0.00769	0.00513	0.00577	0.00577	0.00577	0.00513	0.00320	0.00769	0.00769	0.01025	0.01666	0.03460	0.01922	0.81421	0.02691	0.00513	0.00513	0.00769	0.00320	0.00320
105	0.01110	0.04483	0.74473	0.01475	0.02237	0.01233	0.01892	0.01701	0.01128	0.04116	0.00980	0.01132	0.00690	0.00506	0.00499	0.00166	0.00766	0.00393	0.00237	0.00783
106	0.76533	0.00973	0.00770	0.00692	0.00999	0.01116	0.00565	0.01497	0.00961	0.02346	0.08613	0.01174	0.01024	0.00551	0.00357	0.00164	0.00393	0.00355	0.00353	0.00565
107	0.02305	0.00974	0.01269	0.00976	0.01384	0.00891	0.00805	0.11290	0.03323	0.67911	0.01991	0.01741	0.01267	0.00653	0.00531	0.00163	0.00465	0.00527	0.00637	0.00898
108	0.01907	0.02391	0.01564	0.01554	0.09448	0.71326	0.01083	0.02061	0.01468	0.01338	0.00835	0.00990	0.00697	0.00537	0.00481	0.00138	0.00920	0.00354	0.00271	0.00636
109	0.01076	0.06232	0.75321	0.01480	0.02247	0.01266	0.01907	0.01670	0.01114	0.01655	0.00939	0.01104	0.00670	0.00500	0.00495	0.00165	0.00772	0.00386	0.00223	0.00777
110	0.01952	0.02482	0.01501	0.01363	0.01628	0.77163	0.01025	0.02088	0.01479	0.01293	0.00814	0.00959	0.00681	0.00555	0.00511	0.00139	0.03139	0.00344	0.00271	0.00612
111	0.00748	0.00540	0.00707	0.00665	0.00790	0.00499	0.00499	0.00998	0.01496	0.02120	0.77844	0.03949	0.04988	0.01081	0.00624	0.00166	0.00249	0.00956	0.00582	0.00499
112	0.00918	0.00459	0.00689	0.00689	0.00689	0.00459	0.00459	0.00689	0.00689	0.00918	0.00918	0.01607	0.00918	0.01837	0.02066	0.84619	0.00459	0.00459	0.00230	0.00230
113	0.01157	0.01157	0.01619	0.01388	0.01388	0.01619	0.01157	0.01272	0.00810	0.01272	0.00694	0.01157	0.00694	0.00925	0.01735	0.00231	0.80453	0.00463	0.00231	0.00578
114	0.00689	0.00538	0.00624	0.00603	0.00753	0.00473	0.00452	0.00882	0.01356	0.01786	0.42873	0.04498	0.40168	0.01205	0.00624	0.00172	0.00258	0.01033	0.00538	0.00473
115	0.00653	0.00467	0.00624	0.00747	0.00781	0.00437	0.00507	0.00752	0.01021	0.01360	0.02909	0.77751	0.03476	0.01648	0.00677	0.00216	0.00315	0.04737	0.00491	0.00432
116	0.01072	0.05256	0.76259	0.01488	0.02258	0.01255	0.01920	0.01671	0.01115	0.01660	0.00942	0.01108	0.00670	0.00501	0.00497	0.00166	0.00774	0.00387	0.00223	0.00778
117	0.00746	0.00540	0.00703	0.00662	0.00788	0.00498	0.00497	0.00993	0.01490	0.02105	0.76295	0.03973	0.06547	0.01086	0.00624	0.00167	0.00250	0.00959	0.00580	0.00498
118	0.01162	0.01176	0.01563	0.01348	0.01366	0.04578	0.01117	0.01281	0.00849	0.01276	0.00849	0.01284	0.02876	0.01006	0.03788	0.00243	0.72943	0.00479	0.00242	0.00573
119	0.01096	0.00940	0.01096	0.00783	0.01253	0.00705	0.00626	0.01331	0.01096	0.01723	0.00940	0.01096	0.00783	0.00392	0.00392	0.00078	0.00392	0.00313	0.00313	0.84653
120	0.10451	0.07130	0.01628	0.01203	0.01597	0.13559	0.04066	0.47609	0.03432	0.02686	0.01116	0.01169	0.00826	0.00587	0.00491	0.00154	0.00630	0.00431	0.00437	0.00797
121	0.02010	0.01481	0.01587	0.01216	0.01639	0.01639	0.01005	0.76360	0.02486	0.03332	0.01269	0.01269	0.00899	0.00635	0.00529	0.00159	0.00582	0.00476	0.00529	0.00899
122	0.01096	0.00940	0.01096	0.00783	0.01253	0.00705	0.00626	0.01331	0.01096	0.01723	0.00940	0.01096	0.00783	0.00392	0.00392	0.00078	0.00392	0.00313	0.00313	0.84653
123	0.02372	0.00900	0.01227	0.00941	0.01350	0.00777	0.00777	0.02576	0.01513	0.78489	0.02086	0.01799	0.01309	0.00654	0.00532	0.00164	0.00450	0.00532	0.00654	0.00900
124	0.01122	0.09070	0.68145	0.01469	0.02206	0.01313	0.03881	0.03897	0.01157	0.01689	0.00944	0.01107	0.00681	0.00501	0.00493	0.00163	0.00761	0.00391	0.00234	0.00775
125	0.00801	0.00758	0.08085	0.00927	0.03465	0.00578	0.02935	0.00972	0.01081	0.04830	0.02817	0.56071	0.10369	0.01394	0.00642	0.00202	0.00385	0.02722	0.00459	0.00508
126	0.02372	0.00900	0.01227	0.00941	0.01350	0.00777	0.00777	0.02576	0.01513	0.78489	0.02086	0.01799	0.01309	0.00654	0.00532	0.00164	0.00450	0.00532	0.00654	0.00900
127	0.85155	0.01022	0.00777	0.00695	0.01022	0.01186	0.00573	0.01554	0.00900	0.02372	0.00736	0.00859	0.00573	0.00491	0.00327	0.00164	0.00409	0.00286	0.00327	0.00573
128	0.00644	0.00460	0.00613	0.00736	0.00767	0.00429	0.00491	0.00736	0.01012	0.01350	0.02914	0.81076	0.03497	0.01656	0.00675	0.00215	0.00307	0.01503	0.00491	0.00429
129	0.01062	0.01014	0.01627	0.57204	0.14227	0.03061	0.02878	0.01384	0.01092	0.01426	0.01149	0.01548	0.04104	0.00571	0.00573	0.00173	0.03614	0.00498	0.02175	0.00618
130	0.01574	0.01038	0.01224	0.00906	0.01352	0.00907	0.00737	0.16541	0.01469	0.19864	0.01271	0.01294	0.00928	0.00501	0.00451	0.00114	0.00443	0.00396	0.00435	0.48554
131	0.00780	0.00538	0.00635	0.00628	0.00636	0.00562	0.00378	0.00801	0.00778	0.01052	0.01612	0.03258	0.01827	0.71698	0.09738	0.00535	0.03147	0.00740	0.00314	0.00343
132	0.01649	0.01350	0.01380	0.01150	0.01502	0.05054	0.00919	0.34920	0.41040	0.02659	0.01704	0.01618	0.01258	0.00673	0.00531	0.00168	0.00514	0.00533	0.00522	0.00854
133	0.01413	0.81739	0.02770	0.00905	0.01357	0.02092	0.00905	0.01583	0.01074	0.01244	0.00735	0.00848	0.00678	0.00452	0.00339	0.00113	0.00565	0.00283	0.00226	0.00678
134	0.00755	0.00566	0.00850	0.00850	0.00944	0.00661	0.00661	0.00944	0.00850	0.01227	0.01416	0.02077	0.01322	0.03965	0.79326	0.00850	0.01416	0.00566	0.00283	0.00472
135	0.00644	0.00536	0.00563	0.00556	0.00726	0.00455	0.00417	0.00796	0.01251	0.01537	0.16809	0.04908	0.66387	0.01298	0.00625	0.00177	0.00265	0.01090	0.00505	0.00455
136	0.00629	0.00536	0.00542	0.00540	0.00717	0.00448	0.00405	0.00767	0.01215	0.01453	0.07928	0.05047	0.75321	0.01330	0.00625	0.00178	0.00267	0.01110	0.00494	0.00448
137	0.78976	0.01093	0.00834	0.00739	0.01068	0.03975	0.00605	0.04478	0.00982	0.02371	0.00760	0.00878	0.00589	0.00498	0.00340	0.00162	0.00435	0.00296	0.00333	0.00587
138	0.02309	0.00975	0.01271	0.00977	0.01386	0.00893	0.00806	0.11662	0.02976	0.67885	0.01986	0.01737	0.01264	0.00653	0.00531	0.00163	0.00466	0.00526	0.00637	0.00898
139	0.01403	0.79514	0.04908	0.00922	0.01383	0.02067	0.00934	0.01586	0.01075	0.01256	0.00741	0.00856	0.00678	0.00454	0.00344	0.00115	0.00571	0.00286	0.00226	0.00681
140	0.02054	0.01410	0.01543	0.01183	0.01604	0.01534	0.00977	0.67344	0.02367	0.12516	0.01369	0.01334	0.00949	0.00637	0.00529	0.00159	0.00566	0.00483	0.00544	0.00899
141	0.00776	0.00575	0.00653	0.00617	0.00791	0.00508	0.00468	0.02762	0.01357	0.04872	0.32030	0.04438	0.45844	0.01198	0.00618	0.00173	0.00276	0.01017	0.00532	0.00495
142	0.00710	0.00532	0.00740	0.08102	0.01085	0.00528	0.00637	0.00853	0.01057	0.01391	0.02799	0.58622	0.05804	0.01508	0.00669	0.00215	0.00372	0.13455	0.00466	0.00454
143	0.01154	0.01193	0.03382	0.01391	0.01409	0.01610	0.01175	0.01281	0.00817	0.01281	0.00700	0.01156	0.00693	0.00916	0.01707	0.00230	0.78631	0.00461	0.00231	0.00583
144	0.01073	0.05538	0.75988	0.01485	0.02255	0.01258	0.01916	0.01671	0.01115	0.01659	0.00941	0.01107	0.00670	0.00500	0.00496	0.00165	0.00774	0.00387	0.00223	0.00778
145	0.01964	0.01588	0.01535	0.01219	0.01611	0.12727	0.00989	0.58287	0.07757	0.05065	0.01292	0.01290	0.00931	0.00628	0.00522	0.00157	0.00619	0.00467	0.00496	0.00853
146	0.04816	0.09955	0.68222	0.01415	0.02146	0.01306	0.01795	0.01660	0.01103	0.01665	0.00920	0.01080	0.00666	0.00497	0.00479	0.00162	0.00745	0.00376	0.00228	0.00763
147	0.01426	0.79958	0.02742	0.00915	0.01363	0.03827	0.00907	0.01595	0.01084	0.01245	0.00737	0.00850	0.00678	0.00454	0.00342	0.00114	0.00574	0.00284	0.00227	0.00677
148	0.00646	0.00464	0.00610	0.00725	0.00761	0.00432	0.00484	0.00738	0.01014	0.01345	0.02977	0.76544	0.06232	0.03394	0.00717	0.00220	0.00310	0.01472	0.00487	0.00428
149	0.00768	0.00514	0.00585	0.00585	0.00588	0.00517	0.00330	0.00774	0.00771	0.01031	0.01658	0.03418	0.01904	0.79109	0.04978	0.00523	0.00539	0.00763	0.00319	0.00325
150	0.01495	0.01242	0.01226	0.01090	0.01395	0.09207	0.00853	0.04106	0.57397	0.10334	0.02012	0.01963	0.01517	0.00715	0.00537	0.00175	0.00482	0.02923	0.00522	0.00811
151	0.00644	0.00460	0.00613	0.00736	0.00767	0.00429	0.00491	0.00736	0.01012	0.01350	0.02914	0.81076	0.03497	0.01656	0.00675	0.00215	0.00307	0.01503	0.00491	0.00429
152	0.00625	0.00533	0.00538	0.00541	0.00716	0.00446	0.00404	0.00758	0.01200	0.01426	0.05287	0.07218	0.75822	0.01348	0.00626	0.00180	0.00269	0.01127	0.00491	0.00446
153	0.01083	0.02636	0.74860	0.01480	0.02235	0.01201	0.01897	0.01678	0.01128	0.03340	0.01024	0.01264	0.00749	0.00532	0.00509	0.00169	0.00766	0.02433	0.00240	0.00776
154	0.02178	0.01175	0.01306	0.01038	0.01425	0.08979	0.00842	0.13762	0.08677	0.52108	0.01838	0.01648	0.01211	0.00646	0.00526	0.00161	0.00518	0.00510	0.00585	0.00864
155	0.01157	0.01157	0.01619	0.01388	0.01388	0.01619	0.01157	0.01272	0.00810	0.01272	0.00694	0.01157	0.00694	0.00925	0.01735	0.00231	0.80453	0.00463	0.00231	0.00578
156	0.01128	0.02719	0.72961	0.01496	0.02240	0.07014	0.01884	0.01707	0.01144	0.01646	0.00939	0.01104	0.00671	0.00505	0.00500	0.00165	0.00794	0.00387	0.00227	0.00769
157	0.45889	0.01185	0.01312	0.01039	0.01423	0.01294	0.09692	0.22016	0.01422	0.08681	0.01029	0.01114	0.00748	0.00538	0.00434	0.00164	0.00517	0.00398	0.00401	0.00704
158	0.01052	0.00985	0.01676	0.64858	0.03306	0.01171	0.08294	0.04682	0.01163	0.01515	0.05418	0.01552	0.00970	0.00558	0.00543	0.00175	0.00690	0.00512	0.00271	0.00608
159	0.01407	0.01025	0.01158	0.00879	0.01294	0.02660	0.00705	0.12158	0.05423	0.11935	0.01280	0.03199	0.01001	0.00521	0.00445	0.00113	0.00432	0.00417	0.04275	0.49674
160	0.00644	0.00460	0.00613	0.00736	0.00767	0.00429	0.00491	0.00736	0.01012	0.01350	0.02914	0.81076	0.03497	0.01656	0.00675	0.00215	0.00307	0.01503	0.00491	0.00429
161	0.01332	0.01301	0.02123	0.03179	0.75429	0.04005	0.01601	0.01640	0.01214	0.01712	0.00988	0.01296	0.00832	0.00474	0.00522	0.00156	0.00639	0.00466	0.00262	0.00829
162	0.00667	0.00479	0.00638	0.00758	0.00802	0.00450	0.00529	0.00777	0.01040	0.01377	0.02959	0.70845	0.05216	0.01627	0.00680	0.00217	0.00326	0.09687	0.00490	0.00436
163	0.00756	0.00564	0.00839	0.00839	0.00930	0.00655	0.00648	0.00937	0.00847	0.01219	0.01426	0.02130	0.01345	0.06937	0.76386	0.00837	0.01381	0.00574	0.00285	0.00466
164	0.00741	0.00538	0.00698	0.00662	0.00787	0.00495	0.00495	0.00983	0.01474	0.02077	0.73463	0.05825	0.07567	0.01104	0.00625	0.00168	0.00251	0.00975	0.00577	0.00495
165	0.00755	0.00566	0.00850	0.00850	0.00944	0.00661	0.00661	0.00944	0.00850	0.01227	0.01416	0.02077	0.01322	0.03965	0.79326	0.00850	0.01416	0.00566	0.00283	0.00472
166	0.01975	0.02520	0.01498	0.01362	0.01634	0.79299	0.01021	0.02111	0.01498	0.01294	0.00817	0.00953	0.00681	0.00545	0.00477	0.00136	0.00953	0.00340	0.00272	0.00613
167	0.01243	0.00944	0.01011	0.00885	0.01159	0.01004	0.00695	0.14207	0.30905	0.06470	0.06612	0.02868	0.24299	0.00898	0.00559	0.00172	0.00387	0.00740	0.04242	0.00703
168	0.01379	0.25319	0.17795	0.01223	0.04789	0.16213	0.02333	0.01767	0.07807	0.04355	0.06756	0.01561	0.03889	0.00608	0.00474	0.00148	0.00640	0.01933	0.00319	0.00691
169	0.01317	0.52909	0.12318	0.01135	0.01602	0.03333	0.09502	0.03327	0.01137	0.01408	0.00979	0.07017	0.00909	0.00555	0.00425	0.00137	0.00619	0.00433	0.00259	0.00681
170	0.01413	0.81739	0.02770	0.00905	0.01357	0.02092	0.00905	0.01583	0.01074	0.01244	0.00735	0.00848	0.00678	0.00452	0.00339	0.00113	0.00565	0.00283	0.00226	0.00678
171	0.04216	0.01262	0.01396	0.02774	0.01535	0.01375	0.00912	0.42727	0.18122	0.15779	0.01583	0.01550	0.01131	0.02465	0.00574	0.00172	0.00521	0.00513	0.00536	0.00857
172	0.00985	0.00493	0.00493	0.00493	0.00616	0.00493	0.00370	0.01232	0.01109	0.01971	0.01725	0.01971	0.01355	0.00616	0.00370	0.00123	0.00246	0.00493	0.84356	0.00493
173	0.00998	0.00940	0.01586	0.80150	0.03641	0.01175	0.01468	0.01351	0.01057	0.01351	0.00940	0.01409	0.00705	0.00529	0.00529	0.00176	0.00705	0.00470	0.00235	0.00587
174	0.01070	0.04824	0.76674	0.01491	0.02263	0.01251	0.01925	0.01672	0.01115	0.01663	0.00943	0.01109	0.00670	0.00501	0.00498	0.00166	0.00776	0.00388	0.00223	0.00779
175	0.00746	0.00540	0.00703	0.00662	0.00788	0.00498	0.00497	0.00993	0.01490	0.02105	0.76310	0.03973	0.06532	0.01086	0.00624	0.00167	0.00250	0.00959	0.00580	0.00498
176	0.01277	0.01107	0.01211	0.01070	0.01337	0.03123	0.02468	0.08356	0.51447	0.02131	0.06675	0.06272	0.05144	0.00811	0.00620	0.00180	0.04837	0.00667	0.00506	0.00760
177	0.00627	0.00536	0.00539	0.00538	0.00716	0.00447	0.00404	0.00764	0.01211	0.01443	0.06883	0.05064	0.76373	0.01333	0.00625	0.00178	0.00267	0.01112	0.00493	0.00447
178	0.01238	0.01074	0.01216	0.01224	0.08591	0.01206	0.00865	0.02461	0.60647	0.02116	0.07342	0.02215	0.05967	0.00753	0.00547	0.00176	0.00419	0.00638	0.00512	0.00792
179	0.01125	0.00939	0.01099	0.00787	0.01255	0.00706	0.00630	0.01359	0.01106	0.03450	0.00965	0.01112	0.00795	0.00397	0.00395	0.00080	0.00393	0.00318	0.00321	0.82768
180	0.01934	0.05010	0.01542	0.01348	0.01619	0.74647	0.01022	0.02071	0.01465	0.01292	0.00811	0.00956	0.00681	0.00553	0.00508	0.00138	0.03180	0.00342	0.00270	0.00614
181	0.01733	0.01532	0.01586	0.03511	0.01660	0.14869	0.04037	0.35558	0.09991	0.04492	0.01194	0.01297	0.00906	0.00668	0.00733	0.00171	0.14400	0.00471	0.00419	0.00772
182	0.03918	0.01604	0.01746	0.03136	0.13258	0.25253	0.12872	0.03662	0.17824	0.05712	0.01280	0.01454	0.01003	0.00589	0.00563	0.00163	0.03089	0.01789	0.00356	0.00727
183	0.00918	0.00459	0.00689	0.00689	0.00689	0.00459	0.00459	0.00689	0.00689	0.00918	0.00918	0.01607	0.00918	0.01837	0.02066	0.84619	0.00459	0.00459	0.00230	0.00230
184	0.70348	0.01181	0.00990	0.00904	0.02923	0.03296	0.00693	0.01665	0.01059	0.02404	0.00949	0.01149	0.00777	0.00601	0.00423	0.00187	0.00489	0.00356	0.00383	0.09224
185	0.85155	0.01022	0.00777	0.00695	0.01022	0.01186	0.00573	0.01554	0.00900	0.02372	0.00736	0.00859	0.00573	0.00491	0.00327	0.00164	0.00409	0.00286	0.00327	0.00573
186	0.01184	0.09681	0.62586	0.01475	0.03380	0.01300	0.04493	0.03477	0.01169	0.05077	0.00993	0.01140	0.00712	0.00505	0.00494	0.00162	0.00744	0.00399	0.00252	0.00778
187	0.85155	0.01022	0.00777	0.00695	0.01022	0.01186	0.00573	0.01554	0.00900	0.02372	0.00736	0.00859	0.00573	0.00491	0.00327	0.00164	0.00409	0.00286	0.00327	0.00573
188	0.01948	0.01356	0.01488	0.01162	0.01558	0.01475	0.00956	0.63952	0.02293	0.10133	0.01463	0.04991	0.01116	0.00706	0.00542	0.00164	0.00555	0.02738	0.00537	0.00866
189	0.00654	0.00470	0.00621	0.00725	0.00768	0.00437	0.00490	0.00763	0.01066	0.01430	0.10620	0.71589	0.05224	0.01591	0.00668	0.00209	0.00300	0.01439	0.00500	0.00437
190	0.85155	0.01022	0.00777	0.00695	0.01022	0.01186	0.00573	0.01554	0.00900	0.02372	0.00736	0.00859	0.00573	0.00491	0.00327	0.00164	0.00409	0.00286	0.00327	0.00573
191	0.00985	0.00493	0.00493	0.00493	0.00616	0.00493	0.00370	0.01232	0.01109	0.01971	0.01725	0.01971	0.01355	0.00616	0.00370	0.00123	0.00246	0.00493	0.84356	0.00493
192	0.85155	0.01022	0.00777	0.00695	0.01022	0.01186	0.00573	0.01554	0.00900	0.02372	0.00736	0.00859	0.00573	0.00491	0.00327	0.00164	0.00409	0.00286	0.00327	0.00573
193	0.00625	0.00534	0.00537	0.00540	0.00715	0.00446	0.00404	0.00758	0.01201	0.01426	0.05304	0.06688	0.76341	0.01346	0.00626	0.00179	0.00269	0.01124	0.00491	0.00446
194	0.85155	0.01022	0.00777	0.00695	0.01022	0.01186	0.00573	0.01554	0.00900	0.02372	0.00736	0.00859	0.00573	0.00491	0.00327	0.00164	0.00409	0.00286	0.00327	0.00573
195	0.00755	0.00566	0.00850	0.00850	0.00944	0.00661	0.00661	0.00944	0.00850	0.01227	0.01416	0.02077	0.01322	0.03965	0.79326	0.00850	0.01416	0.00566	0.00283	0.00472
196	0.85155	0.01022	0.00777	0.00695	0.01022	0.01186	0.00573	0.01554	0.00900	0.02372	0.00736	0.00859	0.00573	0.00491	0.00327	0.00164	0.00409	0.00286	0.00327	0.00573
197	0.00755	0.00566	0.00850	0.00850	0.00944	0.00661	0.00661	0.00944	0.00850	0.01227	0.01416	0.02077	0.01322	0.03965	0.79326	0.00850	0.01416	0.00566	0.00283	0.00472
198	0.00644	0.00460	0.00613	0.00736	0.00767	0.00429	0.00491	0.00736	0.01012	0.01350	0.02914	0.81076	0.03497	0.01656	0.00675	0.00215	0.00307	0.01503	0.00491	0.00429
199	0.01157	0.01157	0.01619	0.01388	0.01388	0.01619	0.01157	0.01272	0.00810	0.01272	0.00694	0.01157	0.00694	0.00925	0.01735	0.00231	0.80453	0.00463	0.00231	0.00578
200	0.00998	0.00940	0.01586	0.80150	0.03641	0.01175	0.01468	0.01351	0.01057	0.01351	0.00940	0.01409	0.00705	0.00529	0.00529	0.00176	0.00705	0.00470	0.00235	0.00587
201	0.00625	0.00536	0.00536	0.00536	0.00714	0.00446	0.00402	0.00759	0.01205	0.01428	0.05355	0.05088	0.77909	0.01339	0.00625	0.00179	0.00268	0.01116	0.00491	0.00446
202	0.01096	0.00940	0.01096	0.00783	0.01253	0.00705	0.00626	0.01331	0.01096	0.01723	0.00940	0.01096	0.00783	0.00392	0.00392	0.00078	0.00392	0.00313	0.00313	0.84653
203	0.00684	0.00536	0.00619	0.00603	0.00752	0.00471	0.00450	0.00872	0.01338	0.01755	0.39762	0.06635	0.41184	0.01225	0.00626	0.00174	0.00260	0.01050	0.00534	0.00471
204	0.01039	0.01011	0.01708	0.69314	0.03454	0.02873	0.08346	0.01393	0.01088	0.01387	0.00994	0.01512	0.00770	0.00544	0.00541	0.00177	0.00722	0.02286	0.00245	0.00597
205	0.14754	0.01535	0.01373	0.01142	0.01473	0.24151	0.05047	0.20492	0.01601	0.11209	0.03076	0.01526	0.04380	0.00641	0.00516	0.00158	0.01997	0.02022	0.02208	0.00702
206	0.10215	0.01024	0.01034	0.00905	0.01137	0.08890	0.02022	0.14731	0.01453	0.04784	0.17330	0.09726	0.13186	0.02884	0.00659	0.00178	0.04139	0.02293	0.00457	0.02953
207	0.01211	0.02751	0.03076	0.01091	0.01445	0.09887	0.11392	0.04696	0.06184	0.03328	0.11673	0.06324	0.01612	0.02533	0.03072	0.00168	0.00561	0.00566	0.00375	0.28055
208	0.01378	0.06544	0.19730	0.01139	0.01600	0.02480	0.05109	0.11458	0.04187	0.12335	0.05003	0.04926	0.03956	0.00658	0.00535	0.00154	0.02129	0.02106	0.00394	0.14179
209	0.05441	0.08687	0.10224	0.01267	0.05937	0.14557	0.03145	0.04841	0.05774	0.08224	0.05556	0.04395	0.01171	0.00651	0.00638	0.00158	0.10269	0.00483	0.00348	0.08233
210	0.03184	0.04029	0.01753	0.04160	0.31081	0.03947	0.07429	0.03240	0.08096	0.04894	0.01299	0.05240	0.02595	0.00578	0.00536	0.00151	0.02356	0.00519	0.00332	0.14580
211	0.02909	0.03708	0.02824	0.01192	0.07935	0.04019	0.02509	0.13529	0.10129	0.10564	0.08370	0.01791	0.03546	0.00649	0.00550	0.00148	0.03474	0.02148	0.00430	0.19577
212	0.01485	0.01371	0.01453	0.02785	0.03358	0.19446	0.08319	0.09545	0.06825	0.08976	0.04286	0.05174	0.03690	0.00855	0.04559	0.00192	0.05030	0.02151	0.00388	0.10110
213	0.01347	0.01331	0.03532	0.01200	0.05666	0.16245	0.05464	0.06071	0.06443	0.04964	0.04722	0.05228	0.04933	0.00714	0.02276	0.00156	0.03779	0.00520	0.00364	0.25046
214	0.03571	0.02935	0.01326	0.02938	0.01424	0.07471	0.06624	0.16352	0.10682	0.06186	0.08309	0.11242	0.03234	0.00944	0.04841	0.00197	0.00563	0.00650	0.00438	0.10074
215	0.03104	0.01080	0.02715	0.01021	0.03050	0.08369	0.00793	0.11133	0.09569	0.03515	0.06498	0.09123	0.03849	0.01350	0.14493	0.00280	0.03700	0.02300	0.00401	0.13658
216	0.06788	0.01040	0.01176	0.01107	0.06710	0.05084	0.00811	0.08862	0.14595	0.07924	0.02957	0.05240	0.02889	0.01121	0.10899	0.00245	0.02283	0.03274	0.00412	0.16582
217	0.04989	0.01197	0.04323	0.00997	0.01342	0.06775	0.02468	0.19183	0.11454	0.03382	0.05709	0.03025	0.08734	0.00894	0.04970	0.01861	0.00548	0.00550	0.00423	0.17176
218	0.01373	0.01230	0.01226	0.01132	0.05282	0.13776	0.00841	0.07865	0.18701	0.06372	0.04878	0.02094	0.08044	0.02528	0.02303	0.00181	0.05370	0.03813	0.00422	0.12569
219	0.02676	0.00999	0.03143	0.05093	0.05246	0.00941	0.05287	0.10146	0.10528	0.08259	0.14929	0.06597	0.03545	0.00734	0.00534	0.00154	0.00458	0.02106	0.00446	0.18180
220	0.09266	0.01176	0.03254	0.01372	0.13467	0.05066	0.04258	0.11296	0.09196	0.02000	0.05919	0.01908	0.06041	0.00669	0.00554	0.00155	0.03559	0.04512	0.00384	0.15949
221	0.01388	0.01175	0.01366	0.01153	0.03118	0.12373	0.09756	0.09316	0.06573	0.10756	0.13667	0.02329	0.07409	0.00865	0.03348	0.00183	0.00577	0.04785	0.00441	0.09420
222	0.03508	0.01022	0.01255	0.01057	0.02706	0.02572	0.05901	0.14090	0.12750	0.06958	0.11262	0.05579	0.08433	0.00791	0.00596	0.00162	0.03997	0.03246	0.00459	0.13655
223	0.01422	0.01248	0.06229	0.01165	0.04551	0.05274	0.03833	0.17550	0.19051	0.07963	0.08184	0.03632	0.04940	0.02424	0.00583	0.00168	0.00511	0.02248	0.00463	0.08560
224	0.01548	0.03036	0.03111	0.01320	0.05709	0.11851	0.12134	0.05844	0.14713	0.17406	0.06443	0.05550	0.03133	0.00677	0.00541	0.00162	0.00579	0.00591	0.00443	0.05208
225	0.01410	0.02999	0.03574	0.02712	0.01409	0.08938	0.03605	0.10610	0.15732	0.10683	0.08725	0.05092	0.05075	0.02510	0.00569	0.00160	0.00504	0.00585	0.00448	0.14659
226	0.01377	0.01146	0.05154	0.01241	0.05144	0.04293	0.11360	0.08389	0.10035	0.13521	0.11369	0.06429	0.01686	0.00818	0.03687	0.00184	0.00561	0.00611	0.00439	0.12555
227	0.03097	0.01070	0.01280	0.02486	0.03554	0.07655	0.07005	0.06168	0.09470	0.11103	0.11706	0.02347	0.06278	0.00738	0.00538	0.00155	0.00498	0.07096	0.00442	0.17313

[dist]
# distance from previous block
# <min> <max>
80	183

[block]
# block no. 1 follows, 46 sequences, length 8
# corresponding to MSA columns:
# 635-640,657,658
name=unknown_B
#
# <colnr> <probs for GDERKNQSTAVLIFYWHMCP>
#	G	D	E	R	K	N	Q	S	T	A	V	L	I	F	Y	W	H	M	C	P
0	0.01257	0.02601	0.01324	0.01013	0.01367	0.01014	0.05875	0.14592	0.07391	0.04072	0.04593	0.05086	0.04139	0.00836	0.05203	0.00179	0.05587	0.00525	0.00392	0.32955
1	0.01460	0.04387	0.01346	0.01120	0.01390	0.25285	0.03459	0.13490	0.11469	0.01797	0.04426	0.03223	0.06142	0.04512	0.06367	0.00224	0.02597	0.03457	0.00387	0.03463
2	0.04109	0.00742	0.00982	0.00945	0.04771	0.00700	0.05406	0.03702	0.04058	0.07321	0.06818	0.15726	0.27721	0.01226	0.04253	0.00210	0.00438	0.05241	0.00459	0.05173
3	0.07870	0.00951	0.01062	0.00808	0.01215	0.00824	0.00647	0.07987	0.04406	0.05408	0.04301	0.01606	0.07539	0.00552	0.00439	0.00112	0.00398	0.00439	0.00383	0.53053
4	0.48879	0.01120	0.01030	0.03906	0.01283	0.04952	0.00728	0.06492	0.07695	0.09282	0.01039	0.01122	0.00780	0.00553	0.00461	0.00162	0.04180	0.00367	0.00377	0.05592
5	0.05030	0.00849	0.01080	0.00951	0.01203	0.00854	0.05141	0.10364	0.10075	0.11951	0.15160	0.06609	0.12524	0.00998	0.00600	0.00185	0.00429	0.14840	0.00516	0.00640
6	0.01245	0.01060	0.03288	0.00936	0.01296	0.04729	0.03964	0.09182	0.07478	0.06662	0.01666	0.04572	0.07748	0.06858	0.03371	0.00183	0.00508	0.00538	0.00390	0.34326
7	0.01126	0.04091	0.04496	0.04855	0.01324	0.07232	0.00808	0.01611	0.17391	0.05234	0.06977	0.17895	0.03885	0.00947	0.00564	0.00174	0.00468	0.09860	0.00441	0.10623

[dist]
# distance from previous block
# <min> <max>
23	218

# created by:
# /st0/software/busco_prod/Augustus/scripts/msa2prfl.pl ./align_prep/113217.fa
