[name]
unknown

[dist]
# distance from previous block
# <min> <max>
0	76

[block]
# block no. 0 follows, 64 sequences, length 27
# corresponding to MSA columns:
# 100-125,127
name=unknown_A
#
# <colnr> <probs for GDERKNQSTAVLIFYWHMCP>
#	G	D	E	R	K	N	Q	S	T	A	V	L	I	F	Y	W	H	M	C	P
0	0.00624	0.00439	0.00518	0.00531	0.00568	0.00444	0.00342	0.01799	0.06125	0.00989	0.03223	0.21028	0.04573	0.48210	0.04180	0.02921	0.00373	0.02495	0.00304	0.00315
1	0.02551	0.03937	0.05550	0.02425	0.06802	0.01190	0.06625	0.53551	0.05563	0.06151	0.01000	0.01036	0.00720	0.00470	0.00413	0.00126	0.00473	0.00378	0.00366	0.00673
2	0.10560	0.00840	0.01138	0.36653	0.09048	0.01890	0.00914	0.17276	0.03065	0.04562	0.00871	0.01102	0.00666	0.00705	0.08814	0.00186	0.00549	0.00365	0.00263	0.00532
3	0.00577	0.00444	0.00551	0.06108	0.00754	0.00424	0.00424	0.02093	0.00935	0.01220	0.20137	0.21609	0.27111	0.10519	0.00681	0.00177	0.00272	0.05233	0.00373	0.00361
4	0.00961	0.00889	0.01494	0.30234	0.37932	0.00956	0.07530	0.07338	0.00969	0.01321	0.00819	0.02948	0.00673	0.00454	0.00466	0.03320	0.00517	0.00397	0.00218	0.00562
5	0.15535	0.15963	0.06631	0.04941	0.05559	0.33804	0.06598	0.03196	0.00992	0.01246	0.00660	0.00796	0.00538	0.00403	0.00364	0.00115	0.01647	0.00285	0.00214	0.00512
6	0.00660	0.00451	0.00512	0.00499	0.00527	0.00456	0.00303	0.05995	0.00729	0.00977	0.04160	0.09442	0.01642	0.69875	0.01814	0.00355	0.00386	0.00642	0.00281	0.00294
7	0.00589	0.00427	0.00523	0.00522	0.00608	0.00387	0.00366	0.00698	0.00903	0.02225	0.25450	0.25958	0.14503	0.17041	0.00798	0.00191	0.00262	0.01992	0.00373	0.06183
8	0.02516	0.00927	0.01079	0.02013	0.06870	0.08229	0.04563	0.27558	0.05275	0.01647	0.04479	0.06835	0.01037	0.01077	0.15941	0.03897	0.03853	0.00454	0.01219	0.00531
9	0.00843	0.00927	0.06795	0.68439	0.02656	0.05389	0.06915	0.01130	0.00863	0.01095	0.00741	0.01074	0.00556	0.00410	0.00417	0.00136	0.00579	0.00368	0.00187	0.00480
10	0.00924	0.00935	0.01212	0.01047	0.01059	0.05834	0.00859	0.01010	0.00664	0.00988	0.00602	0.01020	0.00609	0.06354	0.01358	0.00192	0.74327	0.00374	0.00188	0.00442
11	0.00924	0.00882	0.01516	0.43077	0.33035	0.00972	0.08039	0.04289	0.00931	0.01257	0.00773	0.01074	0.00606	0.00396	0.00420	0.00132	0.00540	0.00380	0.00204	0.00554
12	0.00908	0.00921	0.01284	0.60390	0.10658	0.10623	0.01107	0.01148	0.00869	0.01082	0.00718	0.01043	0.00561	0.00435	0.00478	0.00136	0.06609	0.00357	0.00190	0.00483
13	0.00996	0.00947	0.01605	0.02404	0.76909	0.00944	0.01211	0.01240	0.00962	0.01379	0.06656	0.01177	0.00892	0.00404	0.00417	0.00124	0.00472	0.00397	0.00224	0.00639
14	0.00583	0.00404	0.00453	0.00457	0.00481	0.00392	0.00271	0.00607	0.00679	0.00888	0.04183	0.06938	0.13118	0.66848	0.01759	0.00346	0.00361	0.00675	0.00283	0.00274
15	0.00602	0.00426	0.00497	0.00493	0.00602	0.00377	0.00358	0.00720	0.00968	0.05718	0.23620	0.16785	0.38735	0.07465	0.00617	0.00162	0.00234	0.00848	0.00401	0.00371
16	0.11703	0.00485	0.00547	0.00519	0.00636	0.00477	0.00383	0.00843	0.03183	0.03051	0.42220	0.05840	0.14613	0.11584	0.02019	0.00177	0.00263	0.00681	0.00389	0.00386
17	0.41449	0.00816	0.00757	0.00668	0.00906	0.00927	0.00534	0.09246	0.26277	0.01849	0.05601	0.01260	0.03766	0.00504	0.00346	0.00131	0.00321	0.00373	0.03739	0.00531
18	0.67946	0.00843	0.00722	0.00623	0.00890	0.00960	0.00510	0.10024	0.06710	0.06373	0.00762	0.00813	0.00568	0.00418	0.00295	0.00129	0.00338	0.00269	0.00300	0.00507
19	0.00899	0.00494	0.00631	0.00571	0.00730	0.00438	0.00441	0.01054	0.01085	0.23045	0.33897	0.11096	0.19898	0.00858	0.00478	0.00138	0.00251	0.03089	0.00448	0.00461
20	0.00572	0.00434	0.00517	0.00519	0.00612	0.00406	0.00373	0.00755	0.05406	0.01329	0.34200	0.20009	0.23753	0.08458	0.00638	0.00166	0.00234	0.00843	0.00404	0.00372
21	0.05462	0.00489	0.00569	0.00532	0.00647	0.00473	0.00390	0.03677	0.03379	0.04629	0.41114	0.06040	0.15390	0.14540	0.00735	0.00178	0.00260	0.00701	0.00399	0.00395
22	0.52036	0.00850	0.00782	0.00657	0.00927	0.00947	0.00538	0.18410	0.04954	0.09660	0.00952	0.00981	0.03002	0.00453	0.00322	0.00128	0.00346	0.00311	0.03209	0.00534
23	0.47535	0.00897	0.00833	0.00694	0.00969	0.01007	0.00568	0.26261	0.06652	0.04917	0.01020	0.01042	0.05095	0.00474	0.00336	0.00129	0.00359	0.00330	0.00334	0.00548
24	0.04797	0.00638	0.00754	0.00677	0.00863	0.00644	0.00526	0.09718	0.12649	0.19560	0.08452	0.17833	0.10688	0.02948	0.03734	0.00169	0.00342	0.04081	0.00413	0.00516
25	0.00633	0.00442	0.00554	0.00539	0.00639	0.00430	0.00399	0.01959	0.00879	0.04516	0.16725	0.06501	0.27305	0.09427	0.21320	0.05884	0.00470	0.00676	0.00338	0.00362
26	0.00657	0.00446	0.00550	0.00558	0.00620	0.00438	0.00381	0.05088	0.00855	0.04026	0.10600	0.33164	0.06679	0.26910	0.06883	0.00266	0.00361	0.00819	0.00347	0.00353

[dist]
# distance from previous block
# <min> <max>
6	7

[block]
# block no. 1 follows, 64 sequences, length 44
# corresponding to MSA columns:
# 135-178
name=unknown_B
#
# <colnr> <probs for GDERKNQSTAVLIFYWHMCP>
#	G	D	E	R	K	N	Q	S	T	A	V	L	I	F	Y	W	H	M	C	P
0	0.00971	0.00913	0.01527	0.28917	0.53853	0.00978	0.01217	0.04297	0.00947	0.01310	0.00776	0.01052	0.00626	0.00390	0.00413	0.00128	0.00512	0.00370	0.00207	0.00596
1	0.00525	0.00381	0.00491	0.00568	0.00612	0.00355	0.00394	0.00610	0.00826	0.01084	0.04411	0.63096	0.11838	0.05458	0.00608	0.00178	0.00256	0.07589	0.00380	0.00340
2	0.00777	0.00667	0.01098	0.36760	0.07334	0.00722	0.08535	0.00982	0.00880	0.04695	0.04514	0.12070	0.11960	0.03926	0.00539	0.01771	0.00446	0.01605	0.00270	0.00448
3	0.00892	0.09303	0.61100	0.08041	0.04268	0.04216	0.04000	0.01301	0.00887	0.01255	0.00730	0.00885	0.00537	0.00392	0.00388	0.00127	0.00598	0.00311	0.00180	0.00589
4	0.01896	0.00473	0.00656	0.00678	0.04213	0.00489	0.00456	0.07265	0.00720	0.00981	0.00951	0.06240	0.00959	0.06055	0.07455	0.56185	0.00426	0.03395	0.00228	0.00282
5	0.00966	0.01174	0.08914	0.01677	0.06970	0.01059	0.61104	0.01312	0.02439	0.01309	0.00818	0.01084	0.00628	0.00393	0.00555	0.00142	0.08231	0.00456	0.00208	0.00563
6	0.00894	0.08251	0.66222	0.01208	0.05047	0.01016	0.04635	0.01353	0.03667	0.02816	0.00787	0.00910	0.00571	0.00397	0.00391	0.00129	0.00585	0.00318	0.00193	0.00611
7	0.01115	0.01211	0.10741	0.10065	0.43559	0.11449	0.05691	0.03068	0.00996	0.06950	0.00823	0.01015	0.00642	0.00396	0.00410	0.00125	0.00547	0.00360	0.00227	0.00610
8	0.00835	0.01662	0.52866	0.04530	0.05729	0.00926	0.13832	0.01231	0.00871	0.01268	0.00836	0.03563	0.00660	0.00644	0.07285	0.00179	0.01938	0.00380	0.00193	0.00571
9	0.01219	0.00644	0.00796	0.00671	0.00899	0.00612	0.00536	0.04995	0.12838	0.35826	0.19337	0.02258	0.13787	0.00691	0.00449	0.00134	0.00300	0.02975	0.00461	0.00570
10	0.00921	0.00880	0.01431	0.36953	0.33971	0.03972	0.05848	0.01171	0.00906	0.02582	0.00910	0.04308	0.01974	0.00452	0.00425	0.00133	0.00522	0.01883	0.00215	0.00542
11	0.00904	0.09188	0.59436	0.02005	0.09807	0.00983	0.01343	0.01300	0.00895	0.04453	0.00872	0.01879	0.01540	0.00435	0.00395	0.00129	0.00560	0.03072	0.00203	0.00600
12	0.00591	0.00424	0.00542	0.03980	0.00669	0.00428	0.00396	0.00674	0.00761	0.01020	0.09853	0.17176	0.06388	0.37506	0.10617	0.00321	0.00428	0.07598	0.00308	0.00320
13	0.00564	0.00396	0.00491	0.00542	0.00597	0.00367	0.00373	0.00644	0.00824	0.03010	0.05742	0.47679	0.16471	0.14968	0.00781	0.00201	0.00271	0.05371	0.00370	0.00339
14	0.00869	0.09146	0.58126	0.02348	0.09194	0.00996	0.02759	0.01300	0.04053	0.01292	0.00859	0.04428	0.00691	0.00444	0.00396	0.00130	0.00558	0.01616	0.00201	0.00595
15	0.00862	0.00821	0.01291	0.45680	0.24973	0.04278	0.01838	0.01106	0.00881	0.01155	0.00919	0.04573	0.00809	0.00569	0.02954	0.00154	0.00539	0.05878	0.00214	0.00505
16	0.01323	0.00979	0.01021	0.00856	0.01116	0.05981	0.00678	0.28220	0.32558	0.13521	0.01416	0.06136	0.01095	0.02582	0.00463	0.00140	0.00397	0.00463	0.00415	0.00642
17	0.00907	0.00819	0.01371	0.48530	0.32081	0.00917	0.01151	0.01163	0.00890	0.04378	0.00894	0.01178	0.03098	0.00422	0.00416	0.00133	0.00513	0.00387	0.00211	0.00540
18	0.00892	0.00848	0.01440	0.48367	0.38059	0.00951	0.01207	0.01155	0.00881	0.01191	0.00757	0.01072	0.00600	0.00395	0.00413	0.00132	0.00527	0.00370	0.00194	0.00548
19	0.00910	0.00989	0.08023	0.14732	0.17120	0.00949	0.21995	0.03973	0.03923	0.01299	0.02038	0.04721	0.00903	0.00538	0.00555	0.01199	0.08489	0.06868	0.00238	0.00536
20	0.00970	0.01065	0.04477	0.01485	0.01828	0.03412	0.56945	0.02626	0.02136	0.02808	0.00976	0.01453	0.00818	0.03105	0.02437	0.00165	0.05520	0.07009	0.00235	0.00532
21	0.00858	0.00838	0.01198	0.01036	0.01055	0.01143	0.02629	0.00961	0.00653	0.01004	0.00677	0.03574	0.00677	0.01038	0.11749	0.00242	0.69629	0.00402	0.00194	0.00443
22	0.00627	0.00453	0.00565	0.00550	0.00565	0.00498	0.00361	0.00665	0.00620	0.00854	0.01206	0.02345	0.01333	0.61467	0.18892	0.00439	0.07476	0.00551	0.00240	0.00293
23	0.00879	0.04958	0.64654	0.01340	0.11868	0.00997	0.03661	0.01343	0.04060	0.01325	0.00783	0.00921	0.00575	0.00396	0.00396	0.00130	0.00584	0.00323	0.00190	0.00617
24	0.02555	0.01113	0.01127	0.00938	0.03642	0.09297	0.00737	0.52495	0.05466	0.05723	0.01039	0.01070	0.00760	0.00494	0.00418	0.00122	0.02346	0.00369	0.09650	0.00638
25	0.01013	0.00888	0.00891	0.00800	0.01022	0.05261	0.00623	0.08411	0.56896	0.01664	0.01948	0.03736	0.12469	0.00645	0.00434	0.00139	0.00344	0.01815	0.00405	0.00598
26	0.02043	0.03101	0.67086	0.01129	0.02946	0.02461	0.01365	0.02602	0.00929	0.09870	0.00862	0.02297	0.00619	0.00423	0.00396	0.00131	0.00573	0.00332	0.00220	0.00616
27	0.00907	0.00892	0.01442	0.49579	0.22655	0.04560	0.07738	0.02534	0.00904	0.01182	0.00798	0.01104	0.01626	0.00414	0.00436	0.00134	0.01991	0.00381	0.00200	0.00522
28	0.01132	0.00889	0.00955	0.00838	0.01086	0.01006	0.00658	0.07785	0.68525	0.08481	0.01675	0.01536	0.02418	0.00562	0.00423	0.00139	0.00338	0.00465	0.00429	0.00660
29	0.00903	0.00456	0.00482	0.00449	0.00577	0.00456	0.00345	0.04579	0.02362	0.08304	0.01369	0.01514	0.01050	0.00488	0.00309	0.00101	0.00221	0.00391	0.75214	0.00432
30	0.01364	0.10532	0.08004	0.01004	0.01261	0.53157	0.00834	0.06735	0.04266	0.01195	0.04070	0.00901	0.00713	0.00457	0.00413	0.00113	0.03927	0.00304	0.00237	0.00514
31	0.00956	0.01123	0.06721	0.05370	0.11514	0.01019	0.60607	0.01287	0.00953	0.01308	0.00854	0.03141	0.00674	0.00388	0.00490	0.00139	0.02207	0.00475	0.00210	0.00563
32	0.00941	0.00758	0.00951	0.00840	0.01054	0.00814	0.07238	0.01668	0.44652	0.06346	0.10628	0.02299	0.06674	0.00692	0.00462	0.00147	0.00347	0.12521	0.00406	0.00563
33	0.00573	0.00460	0.00486	0.00470	0.00616	0.00408	0.00356	0.00763	0.06396	0.03233	0.14152	0.03655	0.65003	0.00980	0.00484	0.00139	0.00220	0.00822	0.00401	0.00385
34	0.00759	0.00585	0.00669	0.00691	0.01992	0.03748	0.00503	0.03916	0.14328	0.04481	0.05462	0.37727	0.07801	0.03112	0.03948	0.00181	0.00338	0.07558	0.01766	0.00435
35	0.14351	0.01207	0.04669	0.00930	0.03101	0.13829	0.00758	0.40167	0.04424	0.08715	0.00969	0.01048	0.00720	0.01257	0.00404	0.00128	0.00474	0.01881	0.00352	0.00616
36	0.00529	0.00376	0.00498	0.00587	0.00616	0.00356	0.00403	0.00608	0.00797	0.01059	0.02208	0.71268	0.02621	0.07513	0.00652	0.00188	0.00267	0.08745	0.00375	0.00335
37	0.16691	0.00789	0.00868	0.00715	0.00969	0.00820	0.00580	0.24458	0.04168	0.21513	0.12981	0.02972	0.07447	0.00605	0.00410	0.00131	0.00343	0.02551	0.00414	0.00574
38	0.04000	0.00928	0.08578	0.04459	0.13061	0.02064	0.00782	0.11335	0.06442	0.12339	0.07078	0.05175	0.05083	0.00536	0.00415	0.00121	0.01128	0.01447	0.00329	0.14701
39	0.03557	0.01021	0.08948	0.00919	0.03635	0.06938	0.06013	0.10059	0.25135	0.07955	0.08095	0.01582	0.05747	0.00551	0.00416	0.00130	0.00407	0.01471	0.05502	0.01918
40	0.00641	0.00410	0.00537	0.00578	0.00647	0.00378	0.00410	0.00744	0.00895	0.07900	0.14427	0.53860	0.07478	0.04389	0.00576	0.00168	0.00255	0.04929	0.00402	0.00376
41	0.00978	0.00798	0.01162	0.23272	0.15343	0.02927	0.03331	0.07819	0.01712	0.08017	0.01122	0.05565	0.03912	0.00751	0.07165	0.00180	0.08980	0.01420	0.05030	0.00517
42	0.01091	0.19964	0.24982	0.01126	0.08748	0.18146	0.05030	0.02267	0.02550	0.04016	0.04446	0.01082	0.03937	0.00443	0.00378	0.00117	0.00548	0.00345	0.00228	0.00555
43	0.02127	0.00979	0.02942	0.01040	0.10698	0.04182	0.00763	0.31022	0.09129	0.22218	0.09434	0.01355	0.01147	0.00523	0.00420	0.00127	0.00411	0.00425	0.00406	0.00651

[dist]
# distance from previous block
# <min> <max>
0	1

[block]
# block no. 2 follows, 64 sequences, length 17
# corresponding to MSA columns:
# 180-196
name=unknown_C
#
# <colnr> <probs for GDERKNQSTAVLIFYWHMCP>
#	G	D	E	R	K	N	Q	S	T	A	V	L	I	F	Y	W	H	M	C	P
0	0.00613	0.00452	0.00509	0.00491	0.00620	0.00405	0.00365	0.00783	0.04457	0.05318	0.23804	0.08135	0.46451	0.05048	0.00565	0.00152	0.00230	0.00809	0.00405	0.00386
1	0.00804	0.03808	0.03768	0.02409	0.00868	0.03531	0.00538	0.12188	0.09490	0.01386	0.08102	0.19472	0.19081	0.06481	0.04631	0.01577	0.00370	0.00694	0.00354	0.00448
2	0.05349	0.03773	0.09594	0.09480	0.45180	0.04997	0.03388	0.05244	0.02497	0.01374	0.00769	0.00983	0.00623	0.00407	0.00445	0.00128	0.04600	0.00352	0.00216	0.00603
3	0.00934	0.03136	0.13012	0.00779	0.02510	0.07679	0.00678	0.03514	0.12720	0.08650	0.08622	0.09930	0.12483	0.02319	0.01774	0.01540	0.01714	0.00554	0.06950	0.00500
4	0.00596	0.00471	0.00513	0.00556	0.00622	0.04925	0.00387	0.00698	0.00889	0.01177	0.13455	0.48156	0.14309	0.04172	0.00551	0.00159	0.00261	0.00948	0.06801	0.00355
5	0.03372	0.35805	0.01593	0.04955	0.02815	0.31134	0.00781	0.12728	0.01119	0.01256	0.00672	0.00771	0.00560	0.00406	0.00336	0.00104	0.00559	0.00270	0.00227	0.00536
6	0.02852	0.00879	0.00930	0.00807	0.01050	0.00991	0.00637	0.16187	0.54626	0.04503	0.01644	0.01548	0.05068	0.00566	0.00413	0.00135	0.00338	0.00461	0.05735	0.00632
7	0.00998	0.23476	0.41759	0.01122	0.06191	0.02974	0.05587	0.03397	0.01873	0.04689	0.01981	0.00990	0.00666	0.00414	0.00374	0.00121	0.00541	0.02046	0.00212	0.00588
8	0.02807	0.12070	0.32207	0.01062	0.08129	0.05608	0.01024	0.04536	0.04865	0.11878	0.05021	0.01297	0.02536	0.01785	0.00421	0.00130	0.00491	0.03276	0.00274	0.00584
9	0.00538	0.00430	0.00484	0.00497	0.00607	0.00388	0.00362	0.00703	0.04890	0.01233	0.17391	0.22923	0.45964	0.01052	0.00497	0.00145	0.00221	0.00907	0.00400	0.00370
10	0.00583	0.00417	0.00512	0.00516	0.00614	0.00373	0.00376	0.00719	0.01009	0.04180	0.35991	0.25155	0.25995	0.01016	0.00498	0.00143	0.00218	0.00890	0.00420	0.00377
11	0.01182	0.10503	0.21781	0.01138	0.03107	0.22580	0.14188	0.05687	0.01053	0.07544	0.01945	0.01064	0.03896	0.00444	0.00418	0.00123	0.02185	0.00360	0.00243	0.00559
12	0.01026	0.04301	0.08728	0.04402	0.37068	0.04020	0.19133	0.05033	0.02626	0.02895	0.01008	0.01226	0.04655	0.00427	0.00428	0.00129	0.00537	0.01527	0.00234	0.00599
13	0.00505	0.00367	0.00476	0.00564	0.00599	0.00339	0.00379	0.00580	0.00810	0.01066	0.02470	0.77481	0.10280	0.01278	0.00526	0.00166	0.00238	0.01152	0.00386	0.00339
14	0.00900	0.00883	0.01565	0.41902	0.30543	0.00974	0.12173	0.01171	0.00885	0.01199	0.00761	0.01075	0.00600	0.00401	0.00455	0.00135	0.03255	0.00386	0.00195	0.00543
15	0.02951	0.11264	0.09245	0.03045	0.09252	0.15552	0.07162	0.14670	0.12706	0.03615	0.02208	0.01031	0.00752	0.00457	0.00436	0.00125	0.04305	0.00357	0.00278	0.00588
16	0.36476	0.01275	0.01013	0.00912	0.03722	0.32062	0.04559	0.04500	0.00970	0.04301	0.00740	0.00846	0.02040	0.00437	0.00387	0.00123	0.04605	0.00290	0.00251	0.00491

[dist]
# distance from previous block
# <min> <max>
0	26

[block]
# block no. 3 follows, 64 sequences, length 45
# corresponding to MSA columns:
# 223-267
name=unknown_D
#
# <colnr> <probs for GDERKNQSTAVLIFYWHMCP>
#	G	D	E	R	K	N	Q	S	T	A	V	L	I	F	Y	W	H	M	C	P
0	0.02893	0.30026	0.04654	0.02753	0.01293	0.36859	0.05390	0.07611	0.01086	0.01186	0.02321	0.00820	0.00620	0.00411	0.00350	0.00107	0.00593	0.00286	0.00221	0.00523
1	0.01007	0.03227	0.01657	0.10252	0.73055	0.00998	0.01248	0.01254	0.00932	0.01319	0.00772	0.01026	0.00645	0.00374	0.00408	0.00124	0.00498	0.00366	0.00203	0.00636
2	0.00538	0.00410	0.00498	0.00527	0.01556	0.00369	0.00370	0.00657	0.00959	0.01263	0.28014	0.27400	0.30269	0.03209	0.00560	0.01512	0.00225	0.00906	0.00399	0.00358
3	0.01321	0.06371	0.19638	0.00989	0.07615	0.00850	0.00878	0.07168	0.06549	0.33771	0.05005	0.03284	0.01011	0.00501	0.00418	0.00127	0.01397	0.00407	0.00365	0.02335
4	0.00796	0.00494	0.00636	0.00675	0.03788	0.00476	0.00469	0.05957	0.01875	0.11075	0.05407	0.47727	0.05423	0.01036	0.02136	0.00159	0.00290	0.02013	0.09138	0.00430
5	0.00722	0.00361	0.00541	0.00541	0.00541	0.00361	0.00361	0.00541	0.00541	0.00722	0.00722	0.01263	0.00722	0.01443	0.01623	0.87915	0.00361	0.00361	0.00180	0.00180
6	0.01142	0.06723	0.40876	0.01153	0.04941	0.31082	0.01163	0.04401	0.01032	0.01244	0.02152	0.00869	0.00602	0.00415	0.00383	0.00120	0.00635	0.00301	0.00205	0.00563
7	0.00921	0.08372	0.48123	0.03697	0.09310	0.02710	0.12778	0.01368	0.06382	0.01310	0.00811	0.00959	0.00605	0.00396	0.00402	0.00129	0.00583	0.00344	0.00201	0.00600
8	0.00529	0.00378	0.00508	0.00601	0.00636	0.00357	0.00422	0.00620	0.00826	0.01100	0.04502	0.72599	0.02734	0.01269	0.00535	0.00171	0.00258	0.11224	0.00387	0.00345
9	0.01028	0.01002	0.01698	0.04680	0.75957	0.02329	0.04633	0.01278	0.00948	0.01342	0.00780	0.01030	0.00652	0.00371	0.00414	0.00124	0.00508	0.00373	0.00205	0.00646
10	0.03265	0.00467	0.00541	0.03646	0.00699	0.01498	0.00401	0.00746	0.01049	0.01416	0.43912	0.03237	0.33983	0.00940	0.02268	0.00146	0.00246	0.00756	0.00405	0.00381
11	0.00663	0.00553	0.00724	0.00761	0.04587	0.04096	0.05078	0.00844	0.04251	0.01256	0.16735	0.38837	0.06775	0.02287	0.00524	0.00156	0.00309	0.08458	0.02707	0.00399
12	0.01300	0.00661	0.00823	0.00672	0.00912	0.00618	0.00540	0.12120	0.02764	0.39052	0.22202	0.02142	0.13034	0.00672	0.00446	0.00130	0.00308	0.00560	0.00467	0.00578
13	0.00566	0.00409	0.00448	0.00449	0.00496	0.00387	0.00280	0.00605	0.00724	0.00923	0.03264	0.04532	0.27138	0.55042	0.02788	0.00316	0.00347	0.00699	0.00298	0.00288
14	0.01379	0.00857	0.00965	0.00804	0.01074	0.02176	0.00643	0.13041	0.37991	0.29167	0.02559	0.01434	0.01123	0.00536	0.00414	0.00132	0.00354	0.00436	0.04252	0.00663
15	0.00866	0.00838	0.01459	0.54623	0.22983	0.00959	0.07918	0.01136	0.00867	0.01157	0.00753	0.01083	0.00586	0.00406	0.00445	0.00136	0.02694	0.00379	0.00192	0.00519
16	0.01072	0.00702	0.00820	0.00701	0.00899	0.00718	0.00552	0.23298	0.03650	0.14791	0.10716	0.16024	0.15782	0.00779	0.00492	0.00137	0.03865	0.00646	0.02288	0.02067
17	0.05034	0.00650	0.00782	0.00647	0.00879	0.00630	0.00519	0.07063	0.08387	0.38015	0.11224	0.01601	0.01359	0.00545	0.00390	0.00122	0.00301	0.00444	0.20827	0.00579
18	0.00945	0.00605	0.00712	0.00642	0.00814	0.00612	0.00494	0.04072	0.21674	0.14876	0.26090	0.10434	0.07174	0.00735	0.00445	0.00134	0.00269	0.00631	0.08127	0.00513
19	0.00564	0.00418	0.00507	0.00535	0.00608	0.00396	0.00376	0.00671	0.02110	0.02633	0.08795	0.37133	0.26250	0.10515	0.04648	0.00206	0.01997	0.00917	0.00367	0.00352
20	0.00584	0.00433	0.00500	0.00491	0.00612	0.00382	0.00365	0.00732	0.02211	0.04379	0.29202	0.13307	0.43323	0.00989	0.00492	0.00140	0.00217	0.00849	0.00414	0.00380
21	0.00593	0.00445	0.00668	0.00668	0.00742	0.00519	0.00519	0.00742	0.00668	0.00964	0.01113	0.01632	0.01038	0.03115	0.83756	0.00668	0.01113	0.00445	0.00223	0.00371
22	0.04067	0.00807	0.00953	0.00754	0.01037	0.00802	0.00615	0.28382	0.01382	0.38914	0.03205	0.04472	0.06401	0.00574	0.00415	0.00128	0.00361	0.00460	0.05634	0.00637
23	0.13334	0.04593	0.06326	0.00796	0.01023	0.06568	0.03631	0.12873	0.03751	0.04893	0.01141	0.12665	0.01915	0.01078	0.16374	0.00233	0.02949	0.00469	0.01608	0.03780
24	0.01129	0.00743	0.00844	0.00728	0.00939	0.02004	0.00573	0.17864	0.18308	0.16620	0.16382	0.10338	0.05288	0.00695	0.00443	0.00135	0.00323	0.02119	0.03961	0.00564
25	0.00629	0.00462	0.00615	0.00690	0.00791	0.00448	0.00588	0.00801	0.00955	0.01227	0.04833	0.07635	0.16663	0.01128	0.00555	0.00180	0.00341	0.60701	0.00385	0.00375
26	0.00556	0.00377	0.00500	0.00576	0.00615	0.00350	0.00390	0.00636	0.00824	0.03797	0.05781	0.75933	0.04079	0.02756	0.00552	0.00169	0.00245	0.01121	0.00391	0.00351
27	0.00894	0.00635	0.00814	0.00691	0.00865	0.04729	0.06420	0.04458	0.02671	0.13340	0.51712	0.02525	0.07072	0.00734	0.00469	0.00130	0.00298	0.00645	0.00429	0.00470
28	0.00707	0.00513	0.00591	0.00557	0.00702	0.00491	0.00422	0.01016	0.14097	0.07101	0.29401	0.09312	0.31725	0.00888	0.00477	0.00139	0.00237	0.00761	0.00424	0.00438
29	0.00919	0.00656	0.00746	0.00689	0.00853	0.00694	0.00518	0.04979	0.32584	0.09882	0.08985	0.16787	0.07650	0.10009	0.00639	0.00172	0.00310	0.02008	0.00406	0.00514
30	0.00521	0.00379	0.00480	0.00554	0.00604	0.00349	0.00384	0.00611	0.00841	0.01111	0.05036	0.63578	0.15685	0.01217	0.00518	0.00162	0.00239	0.04530	0.02858	0.00345
31	0.00822	0.00784	0.01350	0.71120	0.12290	0.00936	0.04659	0.01098	0.00851	0.01108	0.00748	0.01099	0.00569	0.00407	0.00418	0.00137	0.00553	0.00375	0.00188	0.00489
32	0.00576	0.00443	0.00497	0.00485	0.00614	0.00394	0.00363	0.00747	0.04073	0.03449	0.26396	0.08924	0.49589	0.00978	0.00489	0.00139	0.00216	0.00833	0.00411	0.00383
33	0.00980	0.01120	0.02451	0.01751	0.02171	0.01050	0.81303	0.01331	0.00980	0.01331	0.00840	0.01120	0.00630	0.00350	0.00490	0.00140	0.00700	0.00490	0.00210	0.00560
34	0.00520	0.00375	0.00482	0.00558	0.00594	0.00349	0.00376	0.00597	0.00812	0.01075	0.05878	0.66720	0.08864	0.08090	0.00655	0.00184	0.00253	0.02904	0.00378	0.00335
35	0.07262	0.01807	0.01143	0.01021	0.01250	0.69141	0.00776	0.09205	0.02510	0.01236	0.00688	0.00780	0.00557	0.00434	0.00371	0.00111	0.00686	0.00278	0.00239	0.00504
36	0.00519	0.00398	0.00475	0.00506	0.00591	0.00355	0.00360	0.00631	0.00939	0.01220	0.21041	0.35679	0.33583	0.01104	0.00506	0.00149	0.00219	0.00968	0.00402	0.00355
37	0.00528	0.00408	0.00486	0.00522	0.00613	0.00365	0.00385	0.00645	0.00934	0.01197	0.15291	0.30134	0.36863	0.01111	0.00512	0.00153	0.00235	0.08865	0.00396	0.00356
38	0.70956	0.00848	0.00721	0.00615	0.00887	0.00963	0.00507	0.12541	0.00911	0.06843	0.00701	0.00764	0.00521	0.00409	0.00289	0.00128	0.00342	0.00257	0.00295	0.00501
39	0.78865	0.00802	0.00655	0.00572	0.00836	0.00910	0.00471	0.02892	0.00775	0.09151	0.00682	0.00747	0.00507	0.00399	0.00275	0.00128	0.00327	0.00245	0.00283	0.00478
40	0.00719	0.00583	0.00839	0.00775	0.00856	0.00698	0.03064	0.05281	0.00758	0.01098	0.01088	0.07334	0.01046	0.03727	0.51128	0.00472	0.16361	0.00480	0.03289	0.00407
41	0.00639	0.00462	0.00597	0.00651	0.00736	0.00453	0.00504	0.03263	0.04358	0.02227	0.10014	0.37627	0.07773	0.01125	0.00529	0.00168	0.00294	0.27797	0.00395	0.00388
42	0.00645	0.00440	0.00604	0.00595	0.00659	0.00476	0.00433	0.00750	0.00699	0.04408	0.04345	0.04246	0.02913	0.26830	0.49495	0.00524	0.00799	0.00530	0.00260	0.00350
43	0.00910	0.00854	0.01455	0.22012	0.43388	0.00894	0.07604	0.01185	0.02996	0.01312	0.05882	0.02560	0.02309	0.00445	0.00421	0.00129	0.00480	0.00427	0.04173	0.00564
44	0.03100	0.51196	0.14647	0.00874	0.02619	0.09613	0.00859	0.07541	0.00961	0.01189	0.00656	0.00762	0.00555	0.00438	0.01865	0.00114	0.01997	0.00261	0.00203	0.00550

[dist]
# distance from previous block
# <min> <max>
1	57

[block]
# block no. 4 follows, 64 sequences, length 11
# corresponding to MSA columns:
# 325-335
name=unknown_E
#
# <colnr> <probs for GDERKNQSTAVLIFYWHMCP>
#	G	D	E	R	K	N	Q	S	T	A	V	L	I	F	Y	W	H	M	C	P
0	0.06802	0.14467	0.08745	0.00928	0.08586	0.07535	0.00742	0.05620	0.06875	0.11797	0.03656	0.03406	0.05127	0.02610	0.00418	0.00123	0.00419	0.01483	0.00298	0.10363
1	0.02956	0.00880	0.03498	0.05635	0.14546	0.00875	0.07927	0.13212	0.13173	0.03742	0.06995	0.07568	0.03827	0.00562	0.00451	0.00129	0.02689	0.01520	0.00320	0.09495
2	0.00637	0.03329	0.04019	0.00565	0.00716	0.00506	0.00454	0.00878	0.09231	0.02853	0.15033	0.13864	0.37610	0.04085	0.00540	0.00152	0.00267	0.04471	0.00382	0.00408
3	0.06987	0.19903	0.10629	0.00835	0.01164	0.05666	0.00766	0.22471	0.11907	0.03177	0.00976	0.04168	0.00785	0.00471	0.00362	0.00116	0.00435	0.00354	0.02989	0.05839
4	0.09198	0.10009	0.07315	0.03177	0.02596	0.15399	0.00775	0.23574	0.07505	0.03754	0.03188	0.04189	0.00841	0.00582	0.03128	0.00140	0.02161	0.00371	0.00303	0.01798
5	0.07049	0.11602	0.29603	0.04227	0.03858	0.07062	0.00968	0.06163	0.04000	0.05109	0.04368	0.01248	0.05788	0.00477	0.00381	0.00122	0.00482	0.01806	0.00257	0.05430
6	0.00747	0.00514	0.00629	0.00616	0.00730	0.00507	0.00464	0.06906	0.04683	0.07014	0.17617	0.27273	0.14361	0.06050	0.00610	0.00166	0.01861	0.08434	0.00400	0.00419
7	0.00951	0.01042	0.02177	0.07383	0.12780	0.01000	0.61573	0.01270	0.00957	0.01303	0.00893	0.05013	0.00727	0.00401	0.00477	0.00139	0.00642	0.00498	0.00216	0.00556
8	0.01065	0.01413	0.35546	0.02549	0.03427	0.00933	0.12487	0.02859	0.13956	0.14718	0.01131	0.01187	0.02589	0.00464	0.00457	0.00136	0.03786	0.00396	0.00285	0.00616
9	0.01056	0.05640	0.03581	0.08812	0.39379	0.12597	0.08487	0.03841	0.03445	0.01288	0.00934	0.01135	0.03887	0.00519	0.03509	0.00144	0.00560	0.00383	0.00224	0.00578
10	0.00610	0.00563	0.06385	0.00703	0.00815	0.00550	0.00590	0.00781	0.00682	0.00989	0.01087	0.01580	0.01003	0.02927	0.77985	0.00630	0.01078	0.00435	0.00219	0.00388

[dist]
# distance from previous block
# <min> <max>
3	26

[block]
# block no. 5 follows, 64 sequences, length 6
# corresponding to MSA columns:
# 363-368
name=unknown_F
#
# <colnr> <probs for GDERKNQSTAVLIFYWHMCP>
#	G	D	E	R	K	N	Q	S	T	A	V	L	I	F	Y	W	H	M	C	P
0	0.00863	0.00554	0.00591	0.00528	0.00675	0.00565	0.00407	0.17095	0.01132	0.01690	0.12968	0.02049	0.13017	0.04034	0.00445	0.00126	0.00258	0.00513	0.42049	0.00442
1	0.05283	0.10872	0.05350	0.10412	0.03259	0.06192	0.17213	0.13065	0.01023	0.03118	0.00862	0.02832	0.02478	0.00496	0.00577	0.00136	0.15662	0.00390	0.00244	0.00537
2	0.00865	0.00827	0.01011	0.00937	0.03992	0.09903	0.03535	0.03430	0.03381	0.01159	0.10321	0.01455	0.01151	0.03532	0.27334	0.00322	0.25715	0.00438	0.00248	0.00444
3	0.00584	0.00398	0.00470	0.00484	0.00500	0.00390	0.00292	0.00620	0.00705	0.00952	0.10896	0.17822	0.02015	0.60249	0.01637	0.00328	0.00349	0.00726	0.00300	0.00284
4	0.00582	0.00473	0.00635	0.16032	0.01043	0.00474	0.00543	0.00731	0.00910	0.01162	0.09989	0.23697	0.29318	0.00991	0.00498	0.00153	0.00304	0.11733	0.00355	0.00376
5	0.10136	0.12901	0.11959	0.02728	0.01265	0.11634	0.05840	0.14625	0.03924	0.03250	0.00825	0.00976	0.00657	0.00713	0.08734	0.00178	0.06887	0.00333	0.01892	0.00541

[dist]
# distance from previous block
# <min> <max>
0	1

[block]
# block no. 6 follows, 64 sequences, length 18
# corresponding to MSA columns:
# 370-386,389
name=unknown_G
#
# <colnr> <probs for GDERKNQSTAVLIFYWHMCP>
#	G	D	E	R	K	N	Q	S	T	A	V	L	I	F	Y	W	H	M	C	P
0	0.09199	0.17525	0.21045	0.02407	0.05953	0.06993	0.04235	0.10691	0.06328	0.03715	0.04519	0.02233	0.00803	0.00448	0.00381	0.00121	0.01352	0.00347	0.00259	0.01445
1	0.77119	0.00843	0.02124	0.00592	0.00861	0.00940	0.00497	0.05037	0.03008	0.04912	0.00671	0.00745	0.00507	0.00401	0.00277	0.00129	0.00334	0.00247	0.00277	0.00480
2	0.00579	0.00424	0.00493	0.00494	0.00601	0.00382	0.00365	0.00728	0.02113	0.02717	0.28443	0.15425	0.34500	0.03295	0.00529	0.00147	0.00223	0.02614	0.05556	0.00372
3	0.01022	0.04749	0.20578	0.08238	0.17865	0.05463	0.11149	0.09074	0.02953	0.03814	0.04732	0.01204	0.03848	0.00451	0.00426	0.00128	0.01498	0.00397	0.00250	0.02162
4	0.01057	0.23207	0.13992	0.12824	0.16070	0.13427	0.04133	0.02908	0.03172	0.01207	0.03786	0.00976	0.00711	0.00410	0.00373	0.00117	0.00537	0.00329	0.00212	0.00553
5	0.00508	0.00370	0.00478	0.00560	0.00599	0.00341	0.00378	0.00588	0.00826	0.01090	0.05625	0.73372	0.11221	0.01257	0.00524	0.00164	0.00236	0.01132	0.00388	0.00341
6	0.02804	0.00780	0.03021	0.01873	0.00921	0.04186	0.00569	0.21585	0.06578	0.07516	0.10909	0.01858	0.08767	0.00659	0.02008	0.00134	0.00350	0.03747	0.21215	0.00518
7	0.01115	0.07608	0.08143	0.10348	0.21383	0.08295	0.02556	0.12857	0.05812	0.06373	0.01026	0.08267	0.00876	0.00506	0.00409	0.00127	0.00483	0.01271	0.00279	0.02266
8	0.00594	0.00467	0.00692	0.02276	0.00783	0.00455	0.07041	0.00740	0.02823	0.01168	0.15601	0.42709	0.04561	0.10521	0.07370	0.00224	0.00366	0.00888	0.00353	0.00369
9	0.00535	0.00426	0.00481	0.00493	0.00612	0.00376	0.00379	0.00663	0.00971	0.01219	0.16753	0.07604	0.52876	0.03046	0.00543	0.00153	0.00238	0.11879	0.00394	0.00359
10	0.00891	0.01416	0.34875	0.14961	0.20613	0.02069	0.10069	0.02588	0.00923	0.01302	0.02667	0.04165	0.00735	0.00434	0.00420	0.00133	0.00562	0.00395	0.00206	0.00578
11	0.01065	0.04806	0.10439	0.09695	0.24740	0.02022	0.04510	0.15174	0.10748	0.03485	0.01114	0.01307	0.04190	0.02959	0.00465	0.00137	0.00477	0.01785	0.00281	0.00602
12	0.01069	0.01226	0.14453	0.03175	0.37383	0.09555	0.04254	0.01312	0.00935	0.06794	0.02028	0.01077	0.02257	0.00459	0.00543	0.00133	0.12159	0.00372	0.00226	0.00591
13	0.00679	0.00474	0.00602	0.00555	0.00671	0.00454	0.00422	0.05709	0.01178	0.03579	0.66120	0.05049	0.05262	0.00921	0.03948	0.00153	0.00255	0.00712	0.02840	0.00415
14	0.02587	0.02209	0.11578	0.09049	0.23427	0.03275	0.02120	0.07854	0.05836	0.07154	0.04114	0.04643	0.13257	0.00564	0.00425	0.00131	0.00437	0.00484	0.00294	0.00563
15	0.00940	0.03943	0.18831	0.06881	0.22959	0.00858	0.03325	0.05229	0.02942	0.06349	0.05780	0.12225	0.02596	0.00564	0.00444	0.00132	0.02131	0.00494	0.00274	0.03104
16	0.00599	0.00451	0.00530	0.00511	0.00634	0.00416	0.00386	0.00803	0.05147	0.02904	0.38676	0.05709	0.34280	0.00982	0.02744	0.00151	0.00241	0.02363	0.02081	0.00393
17	0.00674	0.00511	0.00620	0.00630	0.00737	0.00521	0.00476	0.01037	0.18080	0.01432	0.26603	0.26447	0.04963	0.00949	0.00490	0.00151	0.00262	0.11166	0.03822	0.00430

[dist]
# distance from previous block
# <min> <max>
0	1

[block]
# block no. 7 follows, 64 sequences, length 28
# corresponding to MSA columns:
# 391-418
name=unknown_H
#
# <colnr> <probs for GDERKNQSTAVLIFYWHMCP>
#	G	D	E	R	K	N	Q	S	T	A	V	L	I	F	Y	W	H	M	C	P
0	0.12633	0.07559	0.18532	0.05362	0.14076	0.00991	0.12254	0.07512	0.01008	0.14881	0.00895	0.01001	0.00649	0.00409	0.00389	0.00127	0.00498	0.00352	0.00270	0.00600
1	0.06842	0.07033	0.01268	0.03873	0.05885	0.10688	0.07002	0.22277	0.07535	0.04010	0.00884	0.00966	0.00677	0.00416	0.00373	0.00110	0.00461	0.00332	0.00297	0.19072
2	0.00597	0.00499	0.02140	0.00623	0.03251	0.00462	0.00462	0.00790	0.04552	0.01291	0.25504	0.12171	0.27684	0.02970	0.09167	0.00204	0.01540	0.05327	0.00375	0.00392
3	0.01333	0.04019	0.05610	0.00927	0.03466	0.04191	0.00768	0.50008	0.03252	0.02098	0.01838	0.00993	0.00719	0.00469	0.00408	0.01597	0.00440	0.00345	0.01348	0.16171
4	0.00505	0.00365	0.00479	0.00570	0.00600	0.00338	0.00382	0.00579	0.00804	0.01064	0.02395	0.80651	0.07159	0.01288	0.00528	0.00167	0.00239	0.01164	0.00386	0.00338
5	0.02772	0.06876	0.01553	0.01786	0.43097	0.02813	0.07185	0.09837	0.13542	0.03942	0.00971	0.01132	0.00772	0.00426	0.00408	0.00126	0.00473	0.01382	0.00272	0.00637
6	0.00990	0.16527	0.14765	0.11166	0.27412	0.01121	0.13341	0.03599	0.02929	0.01281	0.00766	0.00971	0.00612	0.00390	0.00417	0.00124	0.02442	0.00354	0.00205	0.00588
7	0.00978	0.01086	0.07284	0.07069	0.34152	0.04080	0.24461	0.01258	0.00943	0.01312	0.00815	0.01102	0.00664	0.00381	0.00423	0.00123	0.00551	0.02171	0.00213	0.10934
8	0.00539	0.00391	0.00515	0.00586	0.00636	0.00372	0.00419	0.00640	0.00841	0.01118	0.08056	0.55641	0.08938	0.03978	0.05176	0.00201	0.00306	0.10923	0.00377	0.00347
9	0.01214	0.06093	0.01236	0.01158	0.13700	0.10506	0.00812	0.19615	0.29809	0.02962	0.01130	0.01165	0.00871	0.00559	0.02390	0.00142	0.05291	0.00388	0.00332	0.00624
10	0.00517	0.00371	0.00493	0.00584	0.00617	0.00347	0.00401	0.00600	0.00817	0.01085	0.03983	0.76456	0.04951	0.01276	0.00531	0.00168	0.00248	0.05828	0.00387	0.00342
11	0.01134	0.05993	0.01573	0.22993	0.09399	0.06036	0.20578	0.11047	0.01087	0.10533	0.03351	0.01132	0.00754	0.00425	0.00422	0.00128	0.00540	0.00399	0.00268	0.02210
12	0.01051	0.61673	0.17739	0.00876	0.01276	0.02592	0.05643	0.01263	0.00859	0.01064	0.00625	0.00740	0.00538	0.00371	0.00329	0.00102	0.02273	0.00258	0.00180	0.00548
13	0.00619	0.00454	0.00538	0.00547	0.00649	0.00429	0.00395	0.00829	0.08381	0.04097	0.20404	0.30729	0.25227	0.04066	0.00554	0.00157	0.00240	0.00888	0.00404	0.00392
14	0.00842	0.01982	0.71892	0.06153	0.01891	0.00969	0.07935	0.01302	0.00883	0.01302	0.00753	0.00910	0.00536	0.00392	0.00404	0.00133	0.00617	0.00325	0.00179	0.00601
15	0.02925	0.01205	0.09363	0.07938	0.08723	0.10030	0.33702	0.01406	0.05755	0.06521	0.00868	0.01066	0.00659	0.00425	0.00515	0.00137	0.07560	0.00407	0.00236	0.00561
16	0.00518	0.00409	0.00475	0.00510	0.00608	0.00366	0.00377	0.00625	0.00898	0.01126	0.06072	0.28359	0.45860	0.01214	0.04006	0.00175	0.00271	0.07400	0.00381	0.00352
17	0.00593	0.00411	0.00514	0.00522	0.00545	0.00429	0.00336	0.00639	0.00638	0.00871	0.01341	0.09612	0.01490	0.55639	0.24225	0.00454	0.00582	0.00611	0.00255	0.00292
18	0.00703	0.00365	0.00537	0.00541	0.00544	0.00366	0.00360	0.00551	0.00559	0.00747	0.00830	0.04910	0.00859	0.06115	0.03633	0.77205	0.00377	0.00411	0.00194	0.00196
19	0.05703	0.03421	0.01055	0.05048	0.01187	0.00926	0.00687	0.28022	0.10492	0.30345	0.01353	0.05917	0.01008	0.00557	0.00415	0.00132	0.00391	0.02278	0.00422	0.00643
20	0.00506	0.00408	0.00447	0.00465	0.00572	0.00353	0.00336	0.00609	0.00925	0.01149	0.10720	0.21336	0.56140	0.03456	0.00545	0.00153	0.00221	0.00923	0.00388	0.00349
21	0.00941	0.01060	0.07141	0.01427	0.01789	0.00956	0.53176	0.01393	0.12725	0.02450	0.04072	0.03542	0.01942	0.00480	0.00479	0.00143	0.00584	0.04878	0.00267	0.00556
22	0.01297	0.00944	0.01028	0.00861	0.01127	0.02282	0.00698	0.34033	0.29549	0.10548	0.03054	0.01659	0.02637	0.00597	0.00435	0.00137	0.00390	0.07658	0.00423	0.00644
23	0.01472	0.00997	0.05580	0.00842	0.01157	0.02533	0.00718	0.36416	0.08346	0.27050	0.01547	0.01454	0.08852	0.00556	0.00422	0.00129	0.00404	0.00439	0.00426	0.00658
24	0.00538	0.00422	0.00486	0.00508	0.00610	0.00380	0.00373	0.00679	0.03379	0.01204	0.15087	0.25124	0.42322	0.01084	0.00522	0.01633	0.00231	0.04662	0.00394	0.00361
25	0.01308	0.03052	0.08345	0.02967	0.03646	0.14388	0.00765	0.27296	0.03546	0.12457	0.03176	0.04768	0.02775	0.01392	0.00419	0.00126	0.00459	0.00414	0.08117	0.00584
26	0.02677	0.06536	0.01110	0.00851	0.02273	0.06210	0.02491	0.20586	0.18570	0.24132	0.01519	0.01441	0.07508	0.00575	0.01512	0.00135	0.00412	0.00432	0.00401	0.00629
27	0.01135	0.57994	0.05858	0.00802	0.01123	0.07599	0.00765	0.07916	0.02715	0.01175	0.03580	0.00832	0.00685	0.00421	0.00375	0.00104	0.05892	0.00276	0.00216	0.00540

[dist]
# distance from previous block
# <min> <max>
0	5

[block]
# block no. 8 follows, 64 sequences, length 14
# corresponding to MSA columns:
# 424-437
name=unknown_I
#
# <colnr> <probs for GDERKNQSTAVLIFYWHMCP>
#	G	D	E	R	K	N	Q	S	T	A	V	L	I	F	Y	W	H	M	C	P
0	0.00836	0.00714	0.00833	0.00607	0.00957	0.00539	0.00482	0.01014	0.00862	0.01335	0.00910	0.03933	0.03471	0.00368	0.00322	0.00068	0.00302	0.00300	0.00256	0.81890
1	0.00708	0.00579	0.00591	0.00564	0.00694	0.06345	0.00422	0.02609	0.06049	0.03429	0.29571	0.09525	0.28442	0.03670	0.00525	0.00144	0.00271	0.01880	0.03575	0.00407
2	0.01029	0.04085	0.06300	0.06343	0.49122	0.06718	0.01081	0.05798	0.00987	0.02795	0.00943	0.08980	0.00860	0.02613	0.00457	0.00134	0.00489	0.00437	0.00238	0.00591
3	0.01225	0.03328	0.01170	0.04135	0.16263	0.39300	0.00818	0.04107	0.02810	0.01245	0.03772	0.01042	0.00776	0.00463	0.00439	0.00116	0.05946	0.00337	0.12200	0.00508
4	0.00626	0.00464	0.00589	0.00628	0.00690	0.00473	0.00471	0.03564	0.00858	0.01138	0.02180	0.34790	0.11437	0.13054	0.00801	0.00202	0.05310	0.20170	0.02197	0.00359
5	0.04780	0.03608	0.00984	0.04305	0.06523	0.04532	0.00651	0.13530	0.09097	0.18984	0.13688	0.08115	0.02662	0.00596	0.00418	0.00126	0.00366	0.00497	0.00383	0.06156
6	0.06253	0.03629	0.12154	0.09456	0.11121	0.01006	0.10813	0.12846	0.05658	0.07603	0.00929	0.02146	0.00722	0.00635	0.05851	0.00169	0.07778	0.00388	0.00269	0.00575
7	0.00658	0.00494	0.00690	0.00673	0.00749	0.00568	0.00514	0.05514	0.00745	0.01055	0.01184	0.07301	0.01162	0.10747	0.62381	0.00559	0.03877	0.00503	0.00246	0.00380
8	0.00655	0.00495	0.00592	0.00608	0.00708	0.00490	0.00455	0.05593	0.08138	0.01311	0.12687	0.30232	0.16761	0.06791	0.00616	0.00173	0.00282	0.12624	0.00390	0.00398
9	0.00539	0.00392	0.00497	0.00543	0.00595	0.00368	0.00375	0.00635	0.00857	0.01146	0.16710	0.44902	0.12210	0.11921	0.03743	0.00207	0.00286	0.03359	0.00375	0.00340
10	0.09178	0.02936	0.03675	0.02363	0.07431	0.02801	0.07565	0.04347	0.03762	0.04402	0.00837	0.03145	0.00691	0.00403	0.00402	0.00101	0.04546	0.00328	0.00258	0.40828
11	0.02807	0.06710	0.04886	0.01073	0.06313	0.08192	0.10615	0.13242	0.12388	0.01503	0.00941	0.03006	0.00773	0.00476	0.00487	0.00122	0.08730	0.01500	0.00278	0.15961
12	0.06830	0.16354	0.15465	0.02942	0.03075	0.10496	0.07993	0.04965	0.12353	0.03283	0.02711	0.04226	0.01794	0.00490	0.00387	0.00124	0.00488	0.03007	0.00267	0.02748
13	0.02657	0.00901	0.11324	0.03490	0.04016	0.07537	0.05444	0.03772	0.01921	0.01323	0.13001	0.11356	0.07635	0.06809	0.02207	0.00159	0.01682	0.01982	0.06739	0.06043

[dist]
# distance from previous block
# <min> <max>
2	18

[block]
# block no. 9 follows, 64 sequences, length 43
# corresponding to MSA columns:
# 456-498
name=unknown_J
#
# <colnr> <probs for GDERKNQSTAVLIFYWHMCP>
#	G	D	E	R	K	N	Q	S	T	A	V	L	I	F	Y	W	H	M	C	P
0	0.08075	0.12903	0.14589	0.02567	0.05614	0.02496	0.03699	0.09542	0.03527	0.12022	0.01008	0.01067	0.03709	0.00430	0.00375	0.00112	0.01373	0.00336	0.00283	0.16274
1	0.00693	0.00620	0.04760	0.05111	0.09141	0.00546	0.02094	0.02092	0.03313	0.02980	0.12309	0.22821	0.16866	0.06946	0.00595	0.00163	0.00328	0.05217	0.00343	0.03062
2	0.00582	0.00414	0.00542	0.00590	0.00632	0.00417	0.00412	0.02685	0.00775	0.01042	0.01860	0.44304	0.03375	0.17631	0.15849	0.01555	0.00445	0.06225	0.00328	0.00337
3	0.01135	0.16304	0.07573	0.05375	0.15921	0.08971	0.14121	0.14660	0.01104	0.03144	0.00871	0.04453	0.00729	0.02022	0.00429	0.00127	0.00529	0.00389	0.01568	0.00574
4	0.01104	0.08031	0.10587	0.04070	0.29806	0.16566	0.03261	0.04987	0.11073	0.01340	0.00962	0.03162	0.02343	0.00450	0.00399	0.00123	0.00525	0.00378	0.00245	0.00589
5	0.00573	0.00426	0.00540	0.00602	0.00690	0.00398	0.00475	0.00698	0.00906	0.01156	0.04849	0.25264	0.26276	0.01160	0.00565	0.02585	0.00289	0.31811	0.00381	0.00356
6	0.00577	0.00435	0.00542	0.03061	0.00678	0.00419	0.00403	0.00727	0.02987	0.01247	0.27968	0.14778	0.22220	0.10875	0.06656	0.02070	0.00319	0.03304	0.00372	0.00360
7	0.03421	0.14120	0.06107	0.04542	0.14528	0.19158	0.05420	0.14409	0.02391	0.01404	0.02620	0.03167	0.01817	0.04587	0.00470	0.00132	0.00529	0.00373	0.00254	0.00550
8	0.00930	0.17977	0.51310	0.01123	0.01619	0.01099	0.09660	0.01298	0.00884	0.03571	0.02261	0.00920	0.00617	0.00410	0.00430	0.00127	0.04664	0.00324	0.00195	0.00583
9	0.01006	0.00863	0.00918	0.00836	0.01060	0.00994	0.00652	0.02114	0.76792	0.01702	0.01726	0.03459	0.01348	0.00605	0.00432	0.00144	0.00329	0.03962	0.00420	0.00639
10	0.00727	0.00524	0.02607	0.03720	0.00812	0.00485	0.00504	0.03330	0.01821	0.08940	0.09090	0.32038	0.16144	0.04747	0.02702	0.00178	0.02119	0.08724	0.00378	0.00409
11	0.01067	0.69494	0.13841	0.00868	0.05149	0.01514	0.00857	0.01256	0.00854	0.01044	0.00612	0.00714	0.00538	0.00362	0.00292	0.00097	0.00471	0.00242	0.00179	0.00551
12	0.00521	0.00392	0.00480	0.00531	0.00600	0.00356	0.00375	0.00621	0.00886	0.01152	0.12439	0.46276	0.25800	0.03475	0.00559	0.00163	0.00237	0.04399	0.00390	0.00347
13	0.00540	0.00393	0.00503	0.00580	0.00624	0.00370	0.00397	0.03030	0.00846	0.01116	0.02412	0.74190	0.09481	0.01253	0.00524	0.00165	0.00248	0.02589	0.00386	0.00351
14	0.00970	0.13370	0.54804	0.01166	0.04631	0.05930	0.03963	0.05968	0.00952	0.01321	0.00730	0.00862	0.00547	0.00403	0.00406	0.00125	0.02753	0.00307	0.00194	0.00596
15	0.01484	0.01182	0.01223	0.01025	0.05219	0.08027	0.00796	0.62478	0.07088	0.02314	0.01004	0.01026	0.00733	0.00494	0.00426	0.00125	0.01922	0.00371	0.02394	0.00671
16	0.06268	0.34777	0.27214	0.00985	0.03865	0.03518	0.04898	0.04284	0.02668	0.03063	0.02320	0.00870	0.00634	0.00404	0.00369	0.00115	0.02672	0.00297	0.00212	0.00565
17	0.00930	0.16230	0.65507	0.01082	0.01638	0.01062	0.01350	0.01338	0.00887	0.05238	0.00760	0.00867	0.00552	0.00394	0.00374	0.00124	0.00572	0.00298	0.00192	0.00605
18	0.00731	0.00466	0.00584	0.00536	0.00665	0.00424	0.00405	0.00919	0.02856	0.11116	0.53809	0.04048	0.16569	0.04362	0.00548	0.00144	0.00229	0.00726	0.00442	0.00421
19	0.00925	0.00821	0.01327	0.06071	0.13590	0.00823	0.20455	0.08586	0.07084	0.04715	0.06106	0.04163	0.17692	0.00625	0.00480	0.00139	0.02007	0.03550	0.00315	0.00530
