[name]
unknown

[dist]
# distance from previous block
# <min> <max>
1	46

[block]
# block no. 0 follows, 57 sequences, length 32
# corresponding to MSA columns:
# 47-78
name=unknown_A
#
# <colnr> <probs for GDERKNQSTAVLIFYWHMCP>
#	G	D	E	R	K	N	Q	S	T	A	V	L	I	F	Y	W	H	M	C	P
0	0.06724	0.01998	0.01597	0.04320	0.13582	0.12236	0.17494	0.13813	0.10240	0.07264	0.02043	0.01188	0.00825	0.00491	0.00498	0.00142	0.04158	0.00426	0.00317	0.00645
1	0.03739	0.01083	0.01694	0.08965	0.61348	0.04984	0.03314	0.01412	0.03821	0.01477	0.03261	0.01192	0.00824	0.00434	0.00447	0.00137	0.00541	0.00413	0.00241	0.00673
2	0.01084	0.01093	0.02027	0.09513	0.52803	0.01090	0.22851	0.01387	0.01031	0.01444	0.00866	0.01157	0.00700	0.00402	0.00473	0.00141	0.00606	0.00440	0.00224	0.00670
3	0.03438	0.00915	0.03359	0.00858	0.01117	0.00965	0.00690	0.04871	0.51171	0.12200	0.05598	0.06059	0.01496	0.00649	0.00458	0.00150	0.00357	0.00541	0.04435	0.00673
4	0.00962	0.00946	0.01683	0.46672	0.22692	0.01062	0.13290	0.01259	0.00954	0.01281	0.00825	0.01179	0.00645	0.00445	0.00510	0.00149	0.04239	0.00423	0.00211	0.00574
5	0.01064	0.01013	0.01719	0.13213	0.67270	0.01038	0.01329	0.01335	0.01027	0.01454	0.04545	0.01237	0.00867	0.00434	0.00453	0.00137	0.00532	0.00423	0.00234	0.00676
6	0.00708	0.00546	0.00589	0.00580	0.00699	0.04198	0.00425	0.00838	0.01051	0.05016	0.22319	0.13327	0.32362	0.09435	0.03339	0.00201	0.00322	0.03220	0.00417	0.00407
7	0.01158	0.00781	0.01250	0.01188	0.13067	0.00736	0.12976	0.04982	0.01240	0.20771	0.31200	0.05054	0.02227	0.00677	0.00501	0.00144	0.00404	0.00624	0.00426	0.00595
8	0.01056	0.03792	0.16105	0.01721	0.29921	0.03926	0.08070	0.06119	0.05435	0.01533	0.03371	0.03878	0.01140	0.00587	0.00478	0.00149	0.00545	0.11258	0.00284	0.00633
9	0.01075	0.01163	0.02369	0.05358	0.21412	0.01123	0.55151	0.01454	0.03474	0.01460	0.00925	0.01212	0.00713	0.00397	0.00508	0.00148	0.00691	0.00497	0.00234	0.00636
10	0.00940	0.00898	0.01544	0.57079	0.25493	0.01032	0.04111	0.01235	0.00948	0.01261	0.00823	0.01184	0.00640	0.00436	0.00455	0.00146	0.00591	0.00408	0.00209	0.00569
11	0.00909	0.00721	0.00760	0.03198	0.04513	0.08401	0.00500	0.03372	0.06007	0.04988	0.01373	0.05183	0.01420	0.50179	0.06313	0.00352	0.00518	0.00590	0.00301	0.00404
12	0.01957	0.00808	0.01065	0.00822	0.01166	0.00729	0.00677	0.07823	0.03714	0.71972	0.03227	0.01548	0.01163	0.00568	0.00457	0.00140	0.00390	0.00461	0.00549	0.00763
13	0.02587	0.01080	0.02138	0.03823	0.20381	0.01057	0.46557	0.01340	0.01037	0.01452	0.05401	0.05297	0.00996	0.00488	0.00552	0.00151	0.04266	0.00542	0.00251	0.00604
14	0.00669	0.00478	0.00659	0.00764	0.00841	0.00468	0.00623	0.00832	0.00982	0.01287	0.02433	0.32339	0.02743	0.01310	0.00609	0.00200	0.00364	0.51579	0.00418	0.00400
15	0.05104	0.01047	0.01744	0.06519	0.71953	0.01061	0.01326	0.01395	0.01020	0.03294	0.00861	0.01117	0.00711	0.00410	0.00441	0.00136	0.00529	0.00398	0.00233	0.00698
16	0.01017	0.00967	0.01627	0.34429	0.48167	0.01050	0.01320	0.01327	0.03167	0.01364	0.00861	0.01171	0.00691	0.00429	0.00451	0.00142	0.00559	0.00406	0.00222	0.00633
17	0.00725	0.00534	0.00708	0.00787	0.00892	0.00539	0.00654	0.00999	0.07718	0.01384	0.05823	0.18252	0.04510	0.01210	0.00598	0.00196	0.00373	0.53241	0.00425	0.00434
18	0.00542	0.00453	0.00474	0.00490	0.00626	0.00384	0.00363	0.00655	0.01013	0.01219	0.04279	0.14100	0.69541	0.01184	0.00543	0.00158	0.00238	0.02935	0.00421	0.00382
19	0.01444	0.01239	0.01561	0.03542	0.35752	0.06925	0.01098	0.38933	0.01573	0.02106	0.00954	0.01086	0.00731	0.00476	0.00448	0.00134	0.00540	0.00398	0.00334	0.00725
20	0.00832	0.03529	0.00915	0.00734	0.01971	0.00612	0.02941	0.01054	0.04863	0.01400	0.04966	0.26554	0.01581	0.00713	0.00431	0.00115	0.00330	0.00628	0.00331	0.45502
21	0.01344	0.01145	0.01296	0.05855	0.13607	0.05639	0.00908	0.28437	0.32909	0.02074	0.01315	0.01324	0.00986	0.00541	0.00453	0.00143	0.00472	0.00442	0.00395	0.00713
22	0.01211	0.84348	0.02374	0.00775	0.01163	0.01793	0.00775	0.01357	0.00921	0.01066	0.00630	0.00727	0.00582	0.00388	0.00291	0.00097	0.00485	0.00242	0.00194	0.00582
23	0.01385	0.01141	0.01207	0.00931	0.01281	0.08664	0.02646	0.32968	0.04476	0.05471	0.00987	0.01051	0.00747	0.00469	0.00445	0.00113	0.03370	0.00355	0.00356	0.31935
24	0.00856	0.00805	0.01359	0.82986	0.03121	0.01007	0.01258	0.01158	0.00906	0.01158	0.00805	0.01208	0.00604	0.00453	0.00453	0.00151	0.00604	0.00403	0.00201	0.00503
25	0.00548	0.00443	0.00487	0.00511	0.00629	0.00382	0.00370	0.00661	0.01010	0.01253	0.10011	0.24456	0.55256	0.01199	0.00546	0.00160	0.00237	0.01030	0.00427	0.00382
26	0.01109	0.01016	0.01714	0.02548	0.72397	0.01010	0.01292	0.01365	0.01042	0.04053	0.03680	0.04840	0.00952	0.00471	0.00457	0.00137	0.00510	0.00458	0.00253	0.00694
27	0.01157	0.07368	0.39106	0.01069	0.03905	0.02196	0.01145	0.02551	0.01032	0.15311	0.00988	0.01906	0.00723	0.00441	0.00407	0.00123	0.00527	0.00347	0.00280	0.19420
28	0.03283	0.03598	0.28405	0.01481	0.17746	0.04372	0.06150	0.11432	0.08348	0.06849	0.03311	0.01181	0.00849	0.00476	0.00443	0.00140	0.00561	0.00402	0.00294	0.00680
29	0.00924	0.21204	0.04342	0.02341	0.15428	0.01028	0.12690	0.01122	0.00955	0.01252	0.01558	0.21521	0.08581	0.00737	0.00500	0.00145	0.03284	0.01567	0.00283	0.00537
30	0.04649	0.00854	0.03901	0.71128	0.05644	0.00989	0.01214	0.01165	0.00905	0.01216	0.00857	0.03984	0.00683	0.00482	0.00449	0.00151	0.00581	0.00424	0.00213	0.00511
31	0.03019	0.01027	0.10665	0.02826	0.13633	0.00863	0.05285	0.06652	0.08594	0.27027	0.07712	0.08078	0.01350	0.00608	0.00469	0.00145	0.00448	0.00530	0.00402	0.00667

[dist]
# distance from previous block
# <min> <max>
3	12

[block]
# block no. 1 follows, 57 sequences, length 131
# corresponding to MSA columns:
# 91-113,115-124,133-142,147-162,218-264,266-290
name=unknown_B
#
# <colnr> <probs for GDERKNQSTAVLIFYWHMCP>
#	G	D	E	R	K	N	Q	S	T	A	V	L	I	F	Y	W	H	M	C	P
0	0.01252	0.64773	0.04956	0.00935	0.05170	0.09059	0.00844	0.04253	0.01005	0.01179	0.00675	0.00781	0.00597	0.00402	0.00321	0.00103	0.00521	0.00265	0.00210	0.02699
1	0.01023	0.02480	0.01170	0.01072	0.13792	0.03606	0.02958	0.05060	0.01028	0.01510	0.00951	0.03242	0.02509	0.00410	0.00377	0.00091	0.00403	0.00347	0.00274	0.57697
2	0.01100	0.04631	0.03042	0.01232	0.08059	0.04047	0.07490	0.06504	0.15961	0.03692	0.03043	0.02640	0.00969	0.02191	0.06085	0.00203	0.27773	0.00456	0.00295	0.00586
3	0.01070	0.01651	0.38655	0.01527	0.15224	0.03077	0.12558	0.01528	0.06405	0.07012	0.04139	0.01205	0.00856	0.00459	0.00454	0.00141	0.00598	0.00412	0.00261	0.02770
4	0.00667	0.02593	0.02736	0.00704	0.02796	0.00502	0.00547	0.00825	0.01004	0.01319	0.10504	0.22766	0.23207	0.02302	0.00569	0.00169	0.00317	0.19784	0.00399	0.06288
5	0.01138	0.01109	0.03775	0.02533	0.70513	0.03033	0.01318	0.01439	0.03824	0.03433	0.00998	0.01221	0.02746	0.00436	0.00450	0.00136	0.00531	0.00418	0.00245	0.00705
6	0.00611	0.00475	0.00558	0.00548	0.00671	0.00433	0.00407	0.00816	0.04461	0.01517	0.39363	0.12543	0.33839	0.01054	0.00537	0.00152	0.00231	0.00911	0.00458	0.00416
7	0.01083	0.01122	0.01320	0.22103	0.12733	0.16049	0.02431	0.01413	0.10478	0.01294	0.02522	0.01456	0.05457	0.00598	0.00650	0.00153	0.15985	0.02335	0.00264	0.00553
8	0.01038	0.09240	0.53195	0.01324	0.01879	0.09114	0.13119	0.01459	0.00996	0.01365	0.00796	0.00963	0.00593	0.00432	0.00458	0.00140	0.02698	0.00354	0.00202	0.00635
9	0.01211	0.00630	0.00860	0.02327	0.04884	0.00579	0.00589	0.01441	0.03422	0.32221	0.41239	0.04439	0.02717	0.00756	0.00498	0.00143	0.00308	0.00655	0.00500	0.00581
10	0.01007	0.00844	0.01033	0.00763	0.01148	0.00695	0.04157	0.01349	0.10750	0.04333	0.00973	0.01066	0.00775	0.00380	0.00364	0.00084	0.00360	0.00317	0.00301	0.69301
11	0.01095	0.01224	0.02622	0.01875	0.02330	0.01156	0.76476	0.04560	0.01112	0.01507	0.00924	0.01217	0.00691	0.00388	0.00532	0.00152	0.00753	0.00530	0.00238	0.00617
12	0.02698	0.00929	0.01619	0.01238	0.01558	0.00905	0.34437	0.04671	0.11082	0.10155	0.09693	0.01984	0.09247	0.00736	0.04259	0.00178	0.00554	0.03113	0.00357	0.00589
13	0.01723	0.01269	0.01360	0.01043	0.01405	0.01405	0.00861	0.79738	0.02131	0.02856	0.01088	0.01088	0.00771	0.00544	0.00453	0.00136	0.00499	0.00408	0.00453	0.00771
14	0.01718	0.01256	0.01349	0.01037	0.01397	0.01388	0.00856	0.77169	0.03419	0.04141	0.01112	0.01105	0.00787	0.00545	0.00453	0.00136	0.00494	0.00410	0.00455	0.00770
15	0.02033	0.00771	0.01052	0.00806	0.01157	0.00666	0.00666	0.02208	0.01297	0.81562	0.01788	0.01542	0.01122	0.00561	0.00456	0.00140	0.00386	0.00456	0.00561	0.00771
16	0.00563	0.00402	0.00538	0.00643	0.00674	0.00377	0.00439	0.00649	0.00878	0.01169	0.02492	0.79073	0.02974	0.01410	0.00581	0.00185	0.00272	0.05889	0.00420	0.00371
17	0.00659	0.00439	0.00494	0.00494	0.00494	0.00439	0.00275	0.00659	0.00659	0.00879	0.01428	0.02965	0.01647	0.84075	0.02306	0.00439	0.00439	0.00659	0.00275	0.00275
18	0.00663	0.00446	0.00510	0.02041	0.00543	0.00450	0.00293	0.00668	0.00664	0.00884	0.01416	0.02932	0.01628	0.82508	0.02272	0.00434	0.00442	0.00654	0.00273	0.00279
19	0.01090	0.01261	0.05797	0.01815	0.02260	0.01164	0.69608	0.05099	0.01100	0.01502	0.00908	0.01196	0.00683	0.00408	0.00564	0.00153	0.04023	0.00515	0.00237	0.00616
20	0.00648	0.00484	0.00720	0.00720	0.00798	0.00562	0.00556	0.00804	0.00726	0.01046	0.01221	0.01822	0.01151	0.06225	0.79477	0.00718	0.01187	0.00492	0.00244	0.00400
21	0.01693	0.02160	0.01284	0.01167	0.01401	0.82256	0.00876	0.01809	0.01284	0.01109	0.00700	0.00817	0.00584	0.00467	0.00409	0.00117	0.00817	0.00292	0.00233	0.00525
22	0.01115	0.01019	0.04659	0.00938	0.01208	0.01098	0.00766	0.05123	0.69219	0.01878	0.01803	0.01840	0.01397	0.00642	0.00469	0.00156	0.00381	0.05144	0.00446	0.00699
23	0.01070	0.01222	0.02674	0.01910	0.02368	0.01146	0.79603	0.01451	0.01070	0.01451	0.00917	0.01222	0.00688	0.00382	0.00535	0.00153	0.00764	0.00535	0.00229	0.00611
24	0.00552	0.00394	0.00526	0.00631	0.00657	0.00368	0.00421	0.00631	0.00868	0.01157	0.02498	0.83779	0.02997	0.01420	0.00578	0.00184	0.00263	0.01288	0.00421	0.00368
25	0.87276	0.00876	0.00666	0.00596	0.00876	0.01017	0.00491	0.01332	0.00771	0.02033	0.00631	0.00736	0.00491	0.00421	0.00280	0.00140	0.00351	0.00245	0.00280	0.00491
26	0.00940	0.00805	0.00940	0.00671	0.01074	0.00604	0.00537	0.01141	0.00940	0.01477	0.00805	0.00940	0.00671	0.00336	0.00336	0.00067	0.00336	0.00268	0.00268	0.86845
27	0.00940	0.00805	0.00940	0.00671	0.01074	0.00604	0.00537	0.01141	0.00940	0.01477	0.00805	0.00940	0.00671	0.00336	0.00336	0.00067	0.00336	0.00268	0.00268	0.86845
28	0.00648	0.00483	0.00713	0.00713	0.00789	0.00558	0.00548	0.00800	0.00724	0.01041	0.01227	0.01856	0.01166	0.08543	0.77180	0.00710	0.01164	0.00497	0.00245	0.00396
29	0.00986	0.00984	0.01387	0.04458	0.01267	0.01373	0.01002	0.01093	0.00702	0.01093	0.00603	0.01000	0.00595	0.00780	0.01446	0.00196	0.79943	0.00397	0.00198	0.00496
30	0.00554	0.00460	0.00485	0.00478	0.00623	0.00390	0.00359	0.00686	0.01076	0.01328	0.17939	0.04190	0.67651	0.01109	0.00535	0.00151	0.00227	0.00932	0.00434	0.00390
31	0.00556	0.00411	0.00521	0.00597	0.00651	0.00375	0.00408	0.00652	0.00928	0.01220	0.08999	0.64188	0.16164	0.01335	0.00568	0.00176	0.00253	0.01196	0.00427	0.00375
32	0.00581	0.00446	0.00531	0.00541	0.00648	0.00397	0.00394	0.00726	0.01093	0.01440	0.33919	0.21813	0.33593	0.01122	0.00545	0.00156	0.00231	0.00977	0.00451	0.00397
33	0.01211	0.84348	0.02374	0.00775	0.01163	0.01793	0.00775	0.01357	0.00921	0.01066	0.00630	0.00727	0.00582	0.00388	0.00291	0.00097	0.00485	0.00242	0.00194	0.00582
34	0.01127	0.00973	0.01025	0.00922	0.01178	0.01127	0.00717	0.02408	0.80430	0.01896	0.01844	0.01691	0.01383	0.00615	0.00461	0.00154	0.00359	0.00512	0.00461	0.00717
35	0.01693	0.02160	0.01284	0.01167	0.01401	0.82256	0.00876	0.01809	0.01284	0.01109	0.00700	0.00817	0.00584	0.00467	0.00409	0.00117	0.00817	0.00292	0.00233	0.00525
36	0.00659	0.00439	0.00494	0.00494	0.00494	0.00439	0.00275	0.00659	0.00659	0.00879	0.01428	0.02965	0.01647	0.84075	0.02306	0.00439	0.00439	0.00659	0.00275	0.00275
37	0.00562	0.00460	0.00496	0.00487	0.00629	0.00394	0.00365	0.00702	0.01096	0.01375	0.24047	0.04112	0.61513	0.01091	0.00535	0.00150	0.00226	0.00921	0.00441	0.00394
38	0.01679	0.02104	0.01289	0.01163	0.01397	0.77751	0.00877	0.04525	0.01302	0.01170	0.00712	0.00830	0.00590	0.00476	0.00432	0.00119	0.02511	0.00298	0.00240	0.00533
39	0.00660	0.00443	0.00510	0.00512	0.00518	0.00447	0.00298	0.00672	0.00671	0.00897	0.01439	0.02958	0.01645	0.78574	0.05916	0.00447	0.00474	0.02357	0.00276	0.00284
40	0.01728	0.01261	0.01355	0.01039	0.01401	0.01393	0.00858	0.78429	0.02116	0.04184	0.01100	0.01096	0.00777	0.00544	0.00453	0.00136	0.00497	0.00409	0.00455	0.00771
41	0.00548	0.00460	0.00477	0.00473	0.00620	0.00388	0.00354	0.00675	0.01063	0.01297	0.13947	0.04241	0.71662	0.01121	0.00535	0.00152	0.00228	0.00940	0.00430	0.00388
42	0.01117	0.01072	0.01830	0.04258	0.79810	0.01075	0.01388	0.01386	0.01029	0.01474	0.00851	0.01123	0.00716	0.00405	0.00449	0.00135	0.00540	0.00404	0.00224	0.00714
43	0.01546	0.01910	0.01207	0.01104	0.01318	0.69462	0.00832	0.02931	0.01220	0.01129	0.00779	0.00957	0.00664	0.00880	0.11919	0.00203	0.00868	0.00321	0.00238	0.00512
44	0.01117	0.01072	0.01831	0.04235	0.79833	0.01075	0.01388	0.01386	0.01030	0.01475	0.00851	0.01123	0.00716	0.00405	0.00449	0.00135	0.00540	0.00404	0.00224	0.00714
45	0.00563	0.00402	0.00538	0.00643	0.00674	0.00377	0.00439	0.00650	0.00878	0.01169	0.02492	0.79023	0.02973	0.01409	0.00581	0.00186	0.00272	0.05938	0.00420	0.00371
46	0.01211	0.84348	0.02374	0.00775	0.01163	0.01793	0.00775	0.01357	0.00921	0.01066	0.00630	0.00727	0.00582	0.00388	0.00291	0.00097	0.00485	0.00242	0.00194	0.00582
47	0.00550	0.00460	0.00478	0.00474	0.00621	0.00389	0.00355	0.00677	0.01066	0.01303	0.14728	0.04231	0.70878	0.01118	0.00535	0.00152	0.00227	0.00938	0.00431	0.00389
48	0.00574	0.00463	0.00512	0.00506	0.00644	0.00401	0.00384	0.00721	0.01105	0.01399	0.26351	0.04113	0.55827	0.01089	0.00539	0.00152	0.00233	0.04146	0.00443	0.00397
49	0.01049	0.01390	0.15659	0.01913	0.11865	0.01122	0.57219	0.01441	0.01046	0.01452	0.00892	0.01166	0.00672	0.00393	0.00507	0.00149	0.00721	0.00486	0.00222	0.00634
50	0.11017	0.01704	0.01203	0.01045	0.01313	0.47773	0.00809	0.21103	0.04848	0.01692	0.00858	0.00935	0.00669	0.00489	0.00406	0.00125	0.00652	0.00328	0.02444	0.00588
51	0.00723	0.00517	0.00722	0.00826	0.00928	0.00515	0.00718	0.00927	0.01036	0.01348	0.02403	0.08235	0.02623	0.01258	0.00624	0.00208	0.00411	0.75145	0.00417	0.00415
52	0.00730	0.00527	0.00743	0.03037	0.00992	0.00532	0.00739	0.00939	0.01036	0.01347	0.02358	0.06442	0.02561	0.01233	0.00620	0.00207	0.00419	0.74707	0.00412	0.00419
53	0.03106	0.66000	0.16066	0.00872	0.01296	0.01636	0.00931	0.01363	0.00917	0.01153	0.00661	0.00774	0.00579	0.00407	0.00347	0.00109	0.02736	0.00263	0.00195	0.00592
54	0.00854	0.00441	0.00442	0.00439	0.00550	0.00446	0.00330	0.01101	0.03610	0.01696	0.01490	0.01689	0.01169	0.00531	0.00322	0.00107	0.00216	0.00425	0.83709	0.00432
55	0.00552	0.00394	0.00526	0.00631	0.00657	0.00368	0.00421	0.00631	0.00868	0.01157	0.02498	0.83779	0.02997	0.01420	0.00578	0.00184	0.00263	0.01288	0.00421	0.00368
56	0.00650	0.00487	0.00728	0.00732	0.00813	0.00565	0.00572	0.00813	0.00739	0.01062	0.01252	0.01889	0.01181	0.03329	0.79618	0.00711	0.01188	0.03018	0.00248	0.00405
57	0.04200	0.00774	0.01042	0.00801	0.01150	0.00675	0.00662	0.02186	0.01284	0.79540	0.01758	0.01522	0.01106	0.00557	0.00451	0.00140	0.00385	0.00450	0.00554	0.00764
58	0.01118	0.01074	0.01827	0.02739	0.79099	0.01085	0.01380	0.01383	0.01023	0.01470	0.00845	0.01118	0.00714	0.00414	0.00476	0.00136	0.02759	0.00404	0.00224	0.00712
59	0.00845	0.00422	0.00422	0.00422	0.00528	0.00422	0.00317	0.01056	0.00950	0.01689	0.01478	0.01689	0.01161	0.00528	0.00317	0.00106	0.00211	0.00422	0.86591	0.00422
60	0.00573	0.00489	0.00496	0.00489	0.00647	0.00427	0.00368	0.00758	0.05639	0.01279	0.06512	0.04180	0.74358	0.01111	0.00531	0.00153	0.00237	0.00927	0.00425	0.00403
61	0.00940	0.00805	0.00940	0.00671	0.01074	0.00604	0.00537	0.01141	0.00940	0.01477	0.00805	0.00940	0.00671	0.00336	0.00336	0.00067	0.00336	0.00268	0.00268	0.86845
62	0.00647	0.00485	0.00728	0.00728	0.00809	0.00566	0.00566	0.00809	0.00728	0.01052	0.01214	0.01780	0.01133	0.03398	0.82279	0.00728	0.01214	0.00485	0.00243	0.00405
63	0.00562	0.00460	0.00495	0.00487	0.00628	0.00394	0.00365	0.00701	0.01095	0.01371	0.23508	0.04119	0.62056	0.01093	0.00535	0.00150	0.00226	0.00922	0.00440	0.00394
64	0.01204	0.01010	0.01068	0.00934	0.01207	0.01156	0.00734	0.12812	0.68547	0.02018	0.01725	0.01597	0.01289	0.00601	0.00458	0.00150	0.00377	0.00494	0.00457	0.02162
65	0.01215	0.80487	0.04319	0.00794	0.01188	0.01766	0.00800	0.03083	0.00948	0.01115	0.00645	0.00741	0.00585	0.00392	0.00298	0.00099	0.00489	0.00248	0.00199	0.00588
66	0.00845	0.00422	0.00422	0.00422	0.00528	0.00422	0.00317	0.01056	0.00950	0.01689	0.01478	0.01689	0.01161	0.00528	0.00317	0.00106	0.00211	0.00422	0.86591	0.00422
67	0.00638	0.00463	0.00601	0.00566	0.00675	0.00426	0.00425	0.00848	0.01274	0.01796	0.78332	0.03419	0.06966	0.00934	0.00534	0.00143	0.00214	0.00824	0.00496	0.00426
68	0.00654	0.00501	0.00705	0.13071	0.01083	0.00510	0.00602	0.00821	0.01000	0.01333	0.18881	0.32108	0.07311	0.03138	0.00599	0.00180	0.00337	0.16357	0.00400	0.00409
69	0.56330	0.00838	0.00806	0.00672	0.00978	0.00889	0.00554	0.01650	0.00962	0.30904	0.01051	0.01029	0.00720	0.00472	0.00344	0.00140	0.00363	0.00322	0.00382	0.00593
70	0.00909	0.02344	0.81727	0.01292	0.01961	0.01052	0.01674	0.01435	0.00957	0.01435	0.00813	0.00957	0.00574	0.00431	0.00431	0.00144	0.00670	0.00335	0.00191	0.00670
71	0.00573	0.00409	0.00549	0.00650	0.00687	0.00385	0.00453	0.00668	0.00896	0.01194	0.04444	0.73649	0.02989	0.01390	0.00582	0.00186	0.00278	0.09222	0.00422	0.00375
72	0.00909	0.02344	0.81727	0.01292	0.01961	0.01052	0.01674	0.01435	0.00957	0.01435	0.00813	0.00957	0.00574	0.00431	0.00431	0.00144	0.00670	0.00335	0.00191	0.00670
73	0.01122	0.01077	0.01839	0.02781	0.81248	0.01077	0.01391	0.01391	0.01032	0.01480	0.00852	0.01122	0.00718	0.00404	0.00449	0.00135	0.00538	0.00404	0.00224	0.00718
74	0.00566	0.00404	0.00542	0.00647	0.00679	0.00380	0.00445	0.00655	0.00881	0.01172	0.02490	0.77638	0.02967	0.01407	0.00582	0.00186	0.00275	0.07292	0.00420	0.00372
75	0.87276	0.00876	0.00666	0.00596	0.00876	0.01017	0.00491	0.01332	0.00771	0.02033	0.00631	0.00736	0.00491	0.00421	0.00280	0.00140	0.00351	0.00245	0.00280	0.00491
76	0.01136	0.01180	0.03688	0.22409	0.04396	0.08786	0.36128	0.03855	0.01073	0.05619	0.00900	0.01166	0.00677	0.00436	0.00514	0.00145	0.03364	0.00447	0.00247	0.03833
77	0.01109	0.01064	0.01817	0.06466	0.77659	0.01073	0.01385	0.01380	0.01026	0.01466	0.00850	0.01125	0.00713	0.00406	0.00449	0.00135	0.00541	0.00404	0.00223	0.00708
78	0.00659	0.00502	0.00750	0.00743	0.00822	0.00593	0.00580	0.00818	0.00727	0.01053	0.01194	0.01754	0.01115	0.03314	0.79646	0.00711	0.03887	0.00483	0.00241	0.00408
79	0.01064	0.01017	0.01658	0.24533	0.54732	0.02836	0.01311	0.03098	0.01025	0.01409	0.00875	0.02825	0.00732	0.00442	0.00452	0.00140	0.00556	0.00419	0.00227	0.00649
80	0.00593	0.00446	0.00550	0.00569	0.00666	0.00404	0.00417	0.00743	0.01093	0.01459	0.35729	0.25437	0.24492	0.01134	0.00551	0.00160	0.00240	0.04466	0.00453	0.00399
81	0.02033	0.00771	0.01052	0.00806	0.01157	0.00666	0.00666	0.02208	0.01297	0.81562	0.01788	0.01542	0.01122	0.00561	0.00456	0.00140	0.00386	0.00456	0.00561	0.00771
82	0.00552	0.00394	0.00526	0.00631	0.00657	0.00368	0.00421	0.00631	0.00868	0.01157	0.02498	0.83779	0.02997	0.01420	0.00578	0.00184	0.00263	0.01288	0.00421	0.00368
83	0.00949	0.00898	0.01536	0.52101	0.28587	0.01020	0.03832	0.01241	0.00954	0.01286	0.00841	0.01192	0.00658	0.00436	0.00451	0.00145	0.00578	0.00408	0.02312	0.00575
84	0.00539	0.00458	0.00464	0.00466	0.00615	0.00383	0.00348	0.00655	0.01036	0.01239	0.06595	0.06136	0.77232	0.01148	0.00536	0.00153	0.00230	0.00960	0.00423	0.00383
85	0.00568	0.00464	0.00506	0.00515	0.00654	0.00402	0.00395	0.00704	0.01060	0.01307	0.13544	0.06252	0.61940	0.01138	0.00546	0.00158	0.00247	0.08778	0.00430	0.00391
86	0.01197	0.01110	0.01745	0.06271	0.65907	0.02772	0.01307	0.11266	0.01170	0.01631	0.00877	0.01115	0.00716	0.00425	0.00449	0.00135	0.00542	0.00402	0.00252	0.00710
87	0.01211	0.84348	0.02374	0.00775	0.01163	0.01793	0.00775	0.01357	0.00921	0.01066	0.00630	0.00727	0.00582	0.00388	0.00291	0.00097	0.00485	0.00242	0.00194	0.00582
88	0.01044	0.04978	0.01099	0.00748	0.01147	0.00765	0.02509	0.09948	0.01075	0.01610	0.00831	0.00953	0.00678	0.00363	0.00351	0.00078	0.00372	0.00289	0.00285	0.70877
89	0.00856	0.00805	0.01359	0.82986	0.03121	0.01007	0.01258	0.01158	0.00906	0.01158	0.00805	0.01208	0.00604	0.00453	0.00453	0.00151	0.00604	0.00403	0.00201	0.00503
90	0.00659	0.00440	0.00496	0.00495	0.00497	0.00439	0.00277	0.00662	0.00669	0.00893	0.02678	0.02972	0.01689	0.82769	0.02279	0.00435	0.00436	0.00661	0.00278	0.00277
91	0.00913	0.02163	0.70999	0.01322	0.01949	0.01036	0.09025	0.01414	0.00980	0.01452	0.04007	0.01078	0.00732	0.00446	0.00445	0.00144	0.00661	0.00373	0.00207	0.00655
92	0.00856	0.00805	0.01359	0.82986	0.03121	0.01007	0.01258	0.01158	0.00906	0.01158	0.00805	0.01208	0.00604	0.00453	0.00453	0.00151	0.00604	0.00403	0.00201	0.00503
93	0.00550	0.00421	0.00506	0.00567	0.00642	0.00376	0.00394	0.00649	0.00947	0.01213	0.07039	0.51572	0.30899	0.01299	0.00561	0.00171	0.00249	0.01147	0.00424	0.00376
94	0.01176	0.01012	0.01211	0.02623	0.08861	0.06869	0.03533	0.04897	0.14728	0.08066	0.01054	0.01154	0.00824	0.00482	0.00527	0.00120	0.09726	0.00373	0.00316	0.32450
95	0.00845	0.00422	0.00422	0.00422	0.00528	0.00422	0.00317	0.01056	0.00950	0.01689	0.01478	0.01689	0.01161	0.00528	0.00317	0.00106	0.00211	0.00422	0.86591	0.00422
96	0.00686	0.00535	0.00652	0.00737	0.00816	0.03703	0.00573	0.00852	0.02776	0.01268	0.03624	0.41044	0.05846	0.01274	0.00587	0.00189	0.00350	0.33670	0.00414	0.00404
97	0.00991	0.00991	0.01388	0.01190	0.01190	0.01388	0.00991	0.01091	0.00694	0.01091	0.00595	0.00991	0.00595	0.00793	0.01487	0.00198	0.83246	0.00397	0.00198	0.00496
98	0.01097	0.01043	0.01760	0.08086	0.68879	0.01050	0.02792	0.02697	0.01037	0.01476	0.00881	0.02550	0.00748	0.00424	0.00449	0.00135	0.00534	0.00417	0.00232	0.03714
99	0.87276	0.00876	0.00666	0.00596	0.00876	0.01017	0.00491	0.01332	0.00771	0.02033	0.00631	0.00736	0.00491	0.00421	0.00280	0.00140	0.00351	0.00245	0.00280	0.00491
100	0.01127	0.00968	0.01019	0.00914	0.01170	0.01116	0.00712	0.04292	0.76540	0.01903	0.01893	0.01741	0.03313	0.00626	0.00463	0.00153	0.00359	0.00521	0.00460	0.00710
101	0.00647	0.00485	0.00728	0.00728	0.00809	0.00566	0.00566	0.00809	0.00728	0.01052	0.01214	0.01780	0.01133	0.03398	0.82279	0.00728	0.01214	0.00485	0.00243	0.00405
102	0.02033	0.00771	0.01052	0.00806	0.01157	0.00666	0.00666	0.02208	0.01297	0.81562	0.01788	0.01542	0.01122	0.00561	0.00456	0.00140	0.00386	0.00456	0.00561	0.00771
103	0.01211	0.84348	0.02374	0.00775	0.01163	0.01793	0.00775	0.01357	0.00921	0.01066	0.00630	0.00727	0.00582	0.00388	0.00291	0.00097	0.00485	0.00242	0.00194	0.00582
104	0.01195	0.79764	0.06810	0.00804	0.01208	0.01752	0.00826	0.01361	0.00923	0.01087	0.00640	0.00740	0.00581	0.00390	0.00299	0.00100	0.00495	0.00247	0.00194	0.00586
105	0.00845	0.00422	0.00422	0.00422	0.00528	0.00422	0.00317	0.01056	0.00950	0.01689	0.01478	0.01689	0.01161	0.00528	0.00317	0.00106	0.00211	0.00422	0.86591	0.00422
106	0.00544	0.00425	0.00494	0.00550	0.00636	0.00375	0.00385	0.00640	0.00945	0.01188	0.03482	0.46421	0.39720	0.01292	0.00558	0.00169	0.00247	0.01132	0.00421	0.00375
107	0.00649	0.00475	0.00610	0.00574	0.00687	0.00443	0.00431	0.00885	0.03205	0.01796	0.76051	0.03382	0.07245	0.00928	0.00533	0.00143	0.00218	0.00817	0.00495	0.00433
108	0.01254	0.03075	0.11479	0.01531	0.01912	0.27886	0.38545	0.01545	0.01103	0.01309	0.00810	0.01036	0.00633	0.00440	0.00532	0.00141	0.05545	0.00418	0.00224	0.00583
109	0.00856	0.00805	0.01359	0.82986	0.03121	0.01007	0.01258	0.01158	0.00906	0.01158	0.00805	0.01208	0.00604	0.00453	0.00453	0.00151	0.00604	0.00403	0.00201	0.00503
110	0.00641	0.00463	0.00606	0.00570	0.00677	0.00428	0.00428	0.00855	0.01283	0.01817	0.81009	0.03385	0.04276	0.00926	0.00534	0.00143	0.00214	0.00819	0.00499	0.00428
111	0.01100	0.00964	0.01124	0.08598	0.02767	0.01108	0.03492	0.03329	0.66636	0.01807	0.01698	0.02846	0.01291	0.00599	0.00464	0.00153	0.00399	0.00511	0.00424	0.00689
112	0.01063	0.01267	0.05813	0.01885	0.02352	0.01142	0.76508	0.01451	0.01065	0.01451	0.00913	0.01212	0.00683	0.00384	0.00531	0.00152	0.00760	0.00527	0.00228	0.00613
113	0.00978	0.00971	0.01362	0.01171	0.01175	0.01355	0.00975	0.01079	0.00695	0.01089	0.00619	0.01023	0.00616	0.00897	0.04695	0.00219	0.79988	0.00400	0.00200	0.00492
114	0.01122	0.01077	0.01839	0.02781	0.81248	0.01077	0.01391	0.01391	0.01032	0.01480	0.00852	0.01122	0.00718	0.00404	0.00449	0.00135	0.00538	0.00404	0.00224	0.00718
115	0.00845	0.00422	0.00422	0.00422	0.00528	0.00422	0.00317	0.01056	0.00950	0.01689	0.01478	0.01689	0.01161	0.00528	0.00317	0.00106	0.00211	0.00422	0.86591	0.00422
116	0.00647	0.00485	0.00728	0.00728	0.00809	0.00566	0.00566	0.00809	0.00728	0.01052	0.01214	0.01780	0.01133	0.03398	0.82279	0.00728	0.01214	0.00485	0.00243	0.00405
117	0.00536	0.00459	0.00459	0.00459	0.00612	0.00383	0.00344	0.00650	0.01033	0.01224	0.04590	0.04361	0.81065	0.01148	0.00536	0.00153	0.00230	0.00956	0.00421	0.00383
118	0.00641	0.00463	0.00606	0.00570	0.00677	0.00428	0.00428	0.00855	0.01283	0.01817	0.81009	0.03385	0.04276	0.00926	0.00534	0.00143	0.00214	0.00819	0.00499	0.00428
119	0.04811	0.00775	0.01039	0.00799	0.01148	0.00677	0.00660	0.02180	0.01280	0.78970	0.01750	0.01516	0.01101	0.00556	0.00450	0.00140	0.00384	0.00449	0.00552	0.00762
120	0.01127	0.00973	0.01025	0.00922	0.01178	0.01127	0.00717	0.02408	0.80430	0.01896	0.01844	0.01691	0.01383	0.00615	0.00461	0.00154	0.00359	0.00512	0.00461	0.00717
121	0.01599	0.01968	0.01189	0.01085	0.01304	0.73207	0.00814	0.01726	0.01247	0.01173	0.00786	0.00914	0.00648	0.00474	0.00398	0.00116	0.00750	0.00306	0.09782	0.00514
122	0.01211	0.84348	0.02374	0.00775	0.01163	0.01793	0.00775	0.01357	0.00921	0.01066	0.00630	0.00727	0.00582	0.00388	0.00291	0.00097	0.00485	0.00242	0.00194	0.00582
123	0.01082	0.01036	0.01767	0.14771	0.69570	0.01066	0.01371	0.01356	0.01013	0.01432	0.00845	0.01134	0.00701	0.00411	0.00449	0.00137	0.00548	0.00404	0.00221	0.00686
124	0.01192	0.79059	0.07493	0.00809	0.01214	0.01745	0.00833	0.01362	0.00923	0.01090	0.00642	0.00742	0.00581	0.00390	0.00300	0.00100	0.00497	0.00248	0.00194	0.00587
125	0.00552	0.00394	0.00526	0.00631	0.00657	0.00368	0.00421	0.00631	0.00868	0.01157	0.02498	0.83779	0.02997	0.01420	0.00578	0.00184	0.00263	0.01288	0.00421	0.00368
126	0.01106	0.01061	0.01812	0.07394	0.76755	0.01073	0.01383	0.01377	0.01025	0.01462	0.00850	0.01126	0.00711	0.00407	0.00449	0.00136	0.00542	0.00404	0.00223	0.00705
127	0.01046	0.01081	0.01322	0.59342	0.05190	0.17541	0.01142	0.02336	0.01005	0.01202	0.00816	0.01143	0.00628	0.00458	0.00438	0.00141	0.00628	0.00381	0.03642	0.00515
128	0.00861	0.00811	0.01369	0.81349	0.04716	0.01008	0.01261	0.01163	0.00909	0.01164	0.00806	0.01206	0.00606	0.00452	0.00453	0.00151	0.00603	0.00403	0.00202	0.00508
129	0.00536	0.00459	0.00459	0.00459	0.00612	0.00383	0.00344	0.00650	0.01033	0.01224	0.04590	0.04361	0.81065	0.01148	0.00536	0.00153	0.00230	0.00956	0.00421	0.00383
130	0.00856	0.00805	0.01359	0.82986	0.03121	0.01007	0.01258	0.01158	0.00906	0.01158	0.00805	0.01208	0.00604	0.00453	0.00453	0.00151	0.00604	0.00403	0.00201	0.00503

[dist]
# distance from previous block
# <min> <max>
0	8

[block]
# block no. 2 follows, 57 sequences, length 26
# corresponding to MSA columns:
# 299-309,311-321,323-326
name=unknown_C
#
# <colnr> <probs for GDERKNQSTAVLIFYWHMCP>
#	G	D	E	R	K	N	Q	S	T	A	V	L	I	F	Y	W	H	M	C	P
0	0.01122	0.01077	0.01839	0.02781	0.81248	0.01077	0.01391	0.01391	0.01032	0.01480	0.00852	0.01122	0.00718	0.00404	0.00449	0.00135	0.00538	0.00404	0.00224	0.00718
1	0.00541	0.00459	0.00467	0.00465	0.00615	0.00385	0.00349	0.00661	0.01046	0.01254	0.08497	0.04311	0.77139	0.01136	0.00535	0.00152	0.00229	0.00949	0.00425	0.00385
2	0.00986	0.00818	0.00953	0.00687	0.01085	0.00633	0.00550	0.02807	0.02605	0.03457	0.00856	0.00973	0.00699	0.00351	0.00343	0.00072	0.00341	0.00281	0.00283	0.81221
3	0.87276	0.00876	0.00666	0.00596	0.00876	0.01017	0.00491	0.01332	0.00771	0.02033	0.00631	0.00736	0.00491	0.00421	0.00280	0.00140	0.00351	0.00245	0.00280	0.00491
4	0.00641	0.00463	0.00606	0.00570	0.00677	0.00428	0.00428	0.00855	0.01283	0.01817	0.81009	0.03385	0.04276	0.00926	0.00534	0.00143	0.00214	0.00819	0.00499	0.00428
5	0.00940	0.00805	0.00940	0.00671	0.01074	0.00604	0.00537	0.01141	0.00940	0.01477	0.00805	0.00940	0.00671	0.00336	0.00336	0.00067	0.00336	0.00268	0.00268	0.86845
6	0.00539	0.00457	0.00465	0.00467	0.00615	0.00383	0.00349	0.00655	0.01034	0.01237	0.06483	0.06821	0.76654	0.01150	0.00537	0.00154	0.00230	0.00963	0.00423	0.00383
7	0.00730	0.00522	0.00730	0.00835	0.00939	0.00522	0.00730	0.00939	0.01043	0.01356	0.02399	0.05111	0.02608	0.01252	0.00626	0.00209	0.00417	0.78199	0.00417	0.00417
8	0.00799	0.00682	0.00807	0.00780	0.00888	0.08445	0.00604	0.04633	0.00846	0.01139	0.01163	0.01679	0.01074	0.04638	0.68911	0.00636	0.01126	0.00467	0.00252	0.00431
9	0.00619	0.00462	0.00575	0.00547	0.00663	0.00418	0.00410	0.00812	0.01230	0.01692	0.64838	0.03591	0.20526	0.00973	0.00535	0.00145	0.00217	0.00848	0.00482	0.00418
10	0.01852	0.01000	0.01205	0.00962	0.03314	0.01009	0.00771	0.35846	0.03670	0.43318	0.01461	0.01338	0.00966	0.00551	0.00455	0.00139	0.00438	0.00435	0.00503	0.00768
11	0.01127	0.01148	0.07263	0.01514	0.03897	0.02960	0.46208	0.03410	0.01110	0.10354	0.05830	0.04673	0.04820	0.00531	0.00541	0.00151	0.02998	0.00562	0.00300	0.00603
12	0.01085	0.01149	0.01372	0.05282	0.01317	0.12954	0.00988	0.01197	0.00789	0.01097	0.00620	0.00977	0.00594	0.00729	0.01281	0.00184	0.67300	0.00382	0.00203	0.00500
13	0.00929	0.00880	0.01491	0.60996	0.24541	0.01026	0.01295	0.01222	0.00941	0.01246	0.00818	0.01184	0.00635	0.00440	0.00452	0.00147	0.00586	0.00403	0.00208	0.00562
14	0.00648	0.00482	0.00708	0.00708	0.00782	0.00556	0.00542	0.00796	0.00722	0.01037	0.01232	0.01881	0.01177	0.10247	0.75491	0.00704	0.01148	0.00500	0.00245	0.00394
15	0.01274	0.00911	0.01082	0.00919	0.01193	0.00987	0.04415	0.05628	0.50736	0.16861	0.09355	0.01776	0.01552	0.00620	0.00470	0.00149	0.00375	0.00528	0.00472	0.00697
16	0.00542	0.00459	0.00467	0.00465	0.00616	0.00385	0.00349	0.00662	0.01047	0.01258	0.08980	0.04305	0.76654	0.01135	0.00535	0.00152	0.00229	0.00948	0.00425	0.00385
17	0.00909	0.02344	0.81727	0.01292	0.01961	0.01052	0.01674	0.01435	0.00957	0.01435	0.00813	0.00957	0.00574	0.00431	0.00431	0.00144	0.00670	0.00335	0.00191	0.00670
18	0.00856	0.00805	0.01359	0.82986	0.03121	0.01007	0.01258	0.01158	0.00906	0.01158	0.00805	0.01208	0.00604	0.00453	0.00453	0.00151	0.00604	0.00403	0.00201	0.00503
19	0.00725	0.00518	0.00724	0.00828	0.00930	0.00517	0.00721	0.00930	0.01038	0.01350	0.02402	0.07470	0.02620	0.01257	0.00624	0.00208	0.00413	0.75893	0.00417	0.00416
20	0.00940	0.00805	0.00940	0.00671	0.01074	0.00604	0.00537	0.01141	0.00940	0.01477	0.00805	0.00940	0.00671	0.00336	0.00336	0.00067	0.00336	0.00268	0.00268	0.86845
21	0.01178	0.75250	0.11178	0.00833	0.01252	0.01711	0.00875	0.01366	0.00925	0.01107	0.00650	0.00752	0.00581	0.00392	0.00306	0.00102	0.00505	0.00253	0.00194	0.00591
22	0.02033	0.00771	0.01052	0.00806	0.01157	0.00666	0.00666	0.02208	0.01297	0.81562	0.01788	0.01542	0.01122	0.00561	0.00456	0.00140	0.00386	0.00456	0.00561	0.00771
23	0.00649	0.00478	0.00690	0.00690	0.00758	0.00546	0.00519	0.00785	0.00717	0.01024	0.01248	0.01973	0.01216	0.16500	0.69292	0.00681	0.01088	0.00514	0.00248	0.00383
24	0.72698	0.01097	0.12296	0.00707	0.01045	0.01032	0.00670	0.03367	0.00833	0.01969	0.00669	0.00777	0.00510	0.00425	0.00306	0.00141	0.00400	0.00262	0.00272	0.00524
25	0.01632	0.00722	0.00954	0.00743	0.01060	0.00615	0.00604	0.01815	0.01237	0.56212	0.13483	0.01801	0.03550	0.00598	0.00452	0.00130	0.00349	0.00496	0.00506	0.13041

[dist]
# distance from previous block
# <min> <max>
0	5

# created by:
# /st0/software/busco_prod/Augustus/scripts/msa2prfl.pl ./align_prep/113878.fa
