[name]
unknown

[dist]
# distance from previous block
# <min> <max>
1	725

[block]
# block no. 0 follows, 62 sequences, length 26
# corresponding to MSA columns:
# 764-789
name=unknown_A
#
# <colnr> <probs for GDERKNQSTAVLIFYWHMCP>
#	G	D	E	R	K	N	Q	S	T	A	V	L	I	F	Y	W	H	M	C	P
0	0.02313	0.24068	0.16064	0.03190	0.01349	0.10418	0.05749	0.07478	0.02778	0.01330	0.00829	0.04098	0.00709	0.00437	0.00365	0.00110	0.00503	0.01432	0.00237	0.16545
1	0.01054	0.34896	0.30393	0.00918	0.01344	0.03121	0.01002	0.08732	0.05101	0.02278	0.00965	0.01062	0.04660	0.02299	0.00399	0.00123	0.00505	0.00331	0.00234	0.00584
2	0.10045	0.13429	0.38463	0.06138	0.01664	0.08726	0.10112	0.01379	0.03882	0.01331	0.00758	0.00902	0.00574	0.00403	0.00383	0.00128	0.00582	0.00321	0.00206	0.00573
3	0.07444	0.32027	0.15595	0.00945	0.01290	0.33830	0.00892	0.01453	0.00995	0.01141	0.00647	0.00754	0.00540	0.00403	0.00339	0.00109	0.00600	0.00261	0.00202	0.00533
4	0.00565	0.00466	0.00578	0.00562	0.00698	0.00419	0.03446	0.00707	0.00977	0.01229	0.13121	0.06342	0.51521	0.01185	0.05969	0.00186	0.00317	0.10949	0.00386	0.00378
5	0.00552	0.00432	0.00494	0.00494	0.00590	0.00409	0.00354	0.00645	0.00828	0.01041	0.02947	0.03269	0.46278	0.20440	0.19034	0.00323	0.00462	0.00738	0.00328	0.00341
6	0.00515	0.00432	0.00448	0.00444	0.00582	0.00365	0.00333	0.00635	0.01000	0.01220	0.14155	0.03979	0.72331	0.01051	0.00503	0.00142	0.00214	0.00882	0.00404	0.00365
7	0.01589	0.02028	0.01206	0.01096	0.01315	0.83338	0.00822	0.01699	0.01206	0.01041	0.00658	0.00767	0.00548	0.00438	0.00384	0.00110	0.00767	0.00274	0.00219	0.00493
8	0.01011	0.09901	0.39488	0.00995	0.01486	0.00935	0.05103	0.04344	0.00964	0.07916	0.00833	0.00934	0.00617	0.00388	0.00375	0.00111	0.00506	0.00311	0.00238	0.23543
9	0.01004	0.00914	0.12528	0.00899	0.01186	0.00721	0.12381	0.04361	0.09320	0.15647	0.31257	0.02049	0.04594	0.00634	0.00466	0.00136	0.00388	0.00568	0.00394	0.00553
10	0.01138	0.85302	0.02230	0.00728	0.01092	0.01684	0.00728	0.01274	0.00865	0.01001	0.00592	0.00683	0.00546	0.00364	0.00273	0.00091	0.00455	0.00228	0.00182	0.00546
11	0.88052	0.00823	0.00625	0.00560	0.00823	0.00955	0.00461	0.01251	0.00724	0.01909	0.00592	0.00691	0.00461	0.00395	0.00263	0.00132	0.00329	0.00230	0.00263	0.00461
12	0.00542	0.00387	0.00521	0.00619	0.00654	0.00366	0.00436	0.00633	0.00838	0.01112	0.02332	0.73550	0.02763	0.01311	0.00549	0.00176	0.00267	0.12196	0.00395	0.00352
13	0.00933	0.00768	0.00897	0.00644	0.01020	0.00590	0.00516	0.03394	0.00924	0.03771	0.00791	0.00903	0.00645	0.00327	0.00322	0.00067	0.00321	0.00261	0.00265	0.82643
14	0.01596	0.01840	0.01222	0.01070	0.01316	0.64878	0.00819	0.19541	0.01385	0.01411	0.00740	0.00825	0.00588	0.00455	0.00393	0.00114	0.00700	0.00299	0.00266	0.00545
15	0.00702	0.03464	0.06318	0.00861	0.01061	0.00618	0.17109	0.02525	0.00995	0.01337	0.19455	0.27118	0.13606	0.00884	0.00501	0.00148	0.00368	0.02136	0.00353	0.00440
16	0.00941	0.00955	0.01249	0.01084	0.01097	0.05616	0.00893	0.01034	0.00691	0.01029	0.00672	0.06004	0.00695	0.00764	0.01291	0.00181	0.74725	0.00418	0.00201	0.00460
17	0.00900	0.05890	0.00986	0.00662	0.01019	0.00674	0.00541	0.01081	0.00869	0.01344	0.00736	0.00873	0.00621	0.00341	0.00370	0.00071	0.04797	0.00257	0.00244	0.77722
18	0.01403	0.01563	0.06039	0.00985	0.01233	0.47742	0.00796	0.06274	0.07820	0.09172	0.01101	0.01265	0.03781	0.00662	0.04830	0.00153	0.00650	0.03703	0.00291	0.00537
19	0.00624	0.00504	0.00743	0.00856	0.10007	0.00500	0.03470	0.00747	0.00815	0.01097	0.02026	0.34733	0.13115	0.07946	0.20468	0.00303	0.00516	0.00820	0.00317	0.00395
20	0.07022	0.01030	0.07437	0.00894	0.02111	0.08739	0.07255	0.09876	0.01946	0.10023	0.02483	0.07636	0.04496	0.00539	0.00439	0.00120	0.03518	0.01610	0.00310	0.22515
21	0.02375	0.18677	0.18626	0.01063	0.03815	0.08527	0.13521	0.03790	0.00977	0.04268	0.01001	0.06182	0.03741	0.00470	0.00392	0.00118	0.00519	0.00398	0.00242	0.11299
22	0.06344	0.04030	0.21304	0.00763	0.00993	0.00652	0.00725	0.00993	0.05141	0.03794	0.01685	0.39176	0.04023	0.04963	0.03294	0.00182	0.00401	0.00760	0.00319	0.00458
23	0.07424	0.06060	0.37857	0.00972	0.01384	0.04377	0.02831	0.05723	0.04311	0.07842	0.00982	0.01176	0.00756	0.00709	0.08031	0.00181	0.00577	0.02630	0.05602	0.00576
24	0.00869	0.23257	0.04081	0.00936	0.05972	0.03655	0.09144	0.01043	0.01863	0.02622	0.05367	0.25696	0.03931	0.01768	0.04902	0.00168	0.03334	0.00633	0.00284	0.00476
25	0.01029	0.10988	0.27551	0.00951	0.02916	0.05526	0.01955	0.03832	0.04484	0.10617	0.09760	0.02658	0.06380	0.00600	0.01487	0.00139	0.04460	0.02507	0.00296	0.01862

[dist]
# distance from previous block
# <min> <max>
2	16

[block]
# block no. 1 follows, 62 sequences, length 25
# corresponding to MSA columns:
# 821-845
name=unknown_B
#
# <colnr> <probs for GDERKNQSTAVLIFYWHMCP>
#	G	D	E	R	K	N	Q	S	T	A	V	L	I	F	Y	W	H	M	C	P
0	0.00812	0.00943	0.13789	0.00946	0.01182	0.02360	0.13239	0.04030	0.00944	0.03321	0.05879	0.15366	0.14590	0.02375	0.04265	0.00179	0.10268	0.03159	0.00301	0.02052
1	0.00995	0.28634	0.28983	0.00924	0.01318	0.01161	0.02532	0.06025	0.06329	0.03109	0.08972	0.03077	0.02229	0.00500	0.00417	0.00124	0.03457	0.00384	0.00257	0.00573
2	0.03096	0.30444	0.40935	0.00989	0.01462	0.03389	0.01129	0.03966	0.08439	0.01317	0.00796	0.00884	0.00616	0.00411	0.00359	0.00120	0.00534	0.00299	0.00215	0.00600
3	0.00842	0.17941	0.01025	0.01950	0.02991	0.00774	0.00559	0.05165	0.02724	0.04818	0.10412	0.35176	0.03279	0.00851	0.00468	0.00137	0.02510	0.00730	0.00343	0.07303
4	0.00920	0.42207	0.01427	0.00700	0.03015	0.04267	0.00596	0.02364	0.00992	0.01244	0.20755	0.05289	0.11610	0.00623	0.00379	0.00114	0.00364	0.00494	0.02159	0.00481
5	0.01127	0.13514	0.17328	0.02166	0.01321	0.11171	0.00970	0.14307	0.04277	0.01389	0.00787	0.02728	0.00664	0.00583	0.01823	0.00148	0.24542	0.00354	0.00242	0.00559
6	0.00828	0.36712	0.01223	0.00593	0.00751	0.00948	0.00476	0.00896	0.00748	0.00932	0.01143	0.11863	0.01273	0.38642	0.01159	0.00246	0.00411	0.00523	0.00242	0.00392
7	0.03769	0.37819	0.45613	0.00984	0.01487	0.01286	0.01174	0.01313	0.00878	0.01217	0.00684	0.00799	0.00540	0.00387	0.00343	0.00116	0.00545	0.00274	0.00183	0.00588
8	0.04961	0.81586	0.02159	0.00721	0.01080	0.01652	0.00716	0.01273	0.00858	0.01041	0.00592	0.00683	0.00542	0.00365	0.00273	0.00093	0.00450	0.00228	0.00186	0.00542
9	0.00518	0.00372	0.00492	0.00587	0.00616	0.00346	0.00393	0.00593	0.00820	0.01088	0.02408	0.82210	0.05333	0.01325	0.00542	0.00172	0.00246	0.01200	0.00395	0.00346
10	0.00882	0.00756	0.00882	0.00630	0.01008	0.00567	0.00504	0.01071	0.00882	0.01387	0.00756	0.00882	0.00630	0.00315	0.00315	0.00063	0.00315	0.00252	0.00252	0.87647
11	0.01107	0.00947	0.01138	0.01152	0.13195	0.01053	0.02866	0.12508	0.52591	0.01802	0.01546	0.01581	0.02769	0.00564	0.00439	0.00141	0.00389	0.03158	0.00391	0.00662
12	0.01618	0.01192	0.01277	0.00979	0.01320	0.01320	0.00809	0.80973	0.02001	0.02682	0.01022	0.01022	0.00724	0.00511	0.00426	0.00128	0.00468	0.00383	0.00426	0.00724
13	0.00546	0.00407	0.00508	0.00537	0.00615	0.00369	0.00382	0.00674	0.00991	0.01328	0.32224	0.37588	0.20054	0.01108	0.00519	0.00152	0.00223	0.00981	0.00422	0.00369
14	0.00503	0.00431	0.00431	0.00431	0.00575	0.00359	0.00323	0.00611	0.00970	0.01149	0.04310	0.04095	0.82219	0.01078	0.00503	0.00144	0.00216	0.00898	0.00395	0.00359
15	0.00602	0.00435	0.00569	0.00535	0.00636	0.00401	0.00401	0.00803	0.01204	0.01706	0.82167	0.03178	0.04015	0.00870	0.00502	0.00134	0.00201	0.00770	0.00468	0.00401
16	0.01058	0.00914	0.00962	0.00866	0.01106	0.01058	0.00673	0.02261	0.81623	0.01780	0.01732	0.01588	0.01299	0.00577	0.00433	0.00144	0.00337	0.00481	0.00433	0.00673
17	0.01589	0.02028	0.01206	0.01096	0.01315	0.83338	0.00822	0.01699	0.01206	0.01041	0.00658	0.00767	0.00548	0.00438	0.00384	0.00110	0.00767	0.00274	0.00219	0.00493
18	0.00529	0.00421	0.00474	0.00483	0.00596	0.00367	0.00354	0.00653	0.00998	0.01269	0.22214	0.17794	0.50200	0.01073	0.00510	0.00146	0.00217	0.00922	0.00412	0.00367
19	0.02619	0.32335	0.03185	0.00976	0.01151	0.04312	0.02606	0.02716	0.00790	0.01078	0.00594	0.00835	0.00557	0.00567	0.00866	0.00144	0.43656	0.00315	0.00192	0.00507
20	0.04511	0.08928	0.04803	0.00881	0.02821	0.03749	0.00738	0.36215	0.04806	0.01932	0.00900	0.00967	0.00690	0.00497	0.02354	0.00121	0.00449	0.00327	0.00324	0.23987
21	0.03017	0.10284	0.17214	0.17471	0.01629	0.02850	0.03036	0.18068	0.05516	0.07122	0.02679	0.01225	0.03388	0.02257	0.00441	0.00135	0.00493	0.00387	0.02202	0.00583
22	0.00589	0.00429	0.00554	0.00534	0.00630	0.00394	0.00396	0.00773	0.01157	0.01619	0.70563	0.10205	0.08719	0.00922	0.00505	0.00138	0.00206	0.00815	0.00458	0.00394
23	0.00619	0.00413	0.00464	0.00464	0.00464	0.00413	0.00258	0.00619	0.00619	0.00825	0.01341	0.02785	0.01547	0.85046	0.02166	0.00413	0.00413	0.00619	0.00258	0.00258
24	0.02802	0.01020	0.06374	0.03330	0.32774	0.02602	0.00985	0.08577	0.13128	0.16109	0.04462	0.01265	0.00957	0.00483	0.00455	0.00133	0.03153	0.00411	0.00328	0.00655

[dist]
# distance from previous block
# <min> <max>
1	8

[block]
# block no. 2 follows, 62 sequences, length 53
# corresponding to MSA columns:
# 854-906
name=unknown_C
#
# <colnr> <probs for GDERKNQSTAVLIFYWHMCP>
#	G	D	E	R	K	N	Q	S	T	A	V	L	I	F	Y	W	H	M	C	P
0	0.01039	0.37802	0.23310	0.00887	0.01315	0.02231	0.04256	0.01288	0.00902	0.04997	0.00771	0.02820	0.00641	0.00397	0.00340	0.00104	0.00482	0.00300	0.00217	0.15900
1	0.02432	0.23950	0.36847	0.01221	0.11485	0.01161	0.04580	0.03454	0.03485	0.04126	0.00835	0.03129	0.00668	0.00425	0.00379	0.00123	0.00533	0.00341	0.00219	0.00607
2	0.00717	0.00611	0.03006	0.02169	0.16483	0.00561	0.04664	0.00878	0.02232	0.03692	0.01897	0.51500	0.03645	0.02655	0.00539	0.00164	0.00347	0.03449	0.00344	0.00446
3	0.01033	0.00988	0.01684	0.06661	0.76808	0.00997	0.01287	0.01287	0.00963	0.01373	0.00827	0.01131	0.00703	0.00397	0.00425	0.00129	0.00506	0.01929	0.00213	0.00658
4	0.01123	0.01020	0.07637	0.12888	0.28635	0.00966	0.09272	0.06592	0.01028	0.12486	0.02521	0.01189	0.00779	0.00463	0.00512	0.00136	0.07553	0.01437	0.00270	0.03492
5	0.07013	0.08286	0.44459	0.01254	0.09542	0.01028	0.07825	0.03586	0.03870	0.05761	0.02953	0.01020	0.00706	0.00422	0.00399	0.00131	0.00549	0.00349	0.00234	0.00614
6	0.00580	0.00437	0.00546	0.00604	0.00697	0.00406	0.00475	0.00714	0.00941	0.01203	0.07225	0.24623	0.27998	0.02574	0.00571	0.00174	0.00289	0.29181	0.00396	0.00368
7	0.00860	0.02154	0.79278	0.01239	0.01859	0.00992	0.05088	0.01348	0.00903	0.01348	0.00768	0.00909	0.00544	0.00402	0.00409	0.00135	0.00633	0.00323	0.00181	0.00626
8	0.02310	0.25886	0.18095	0.00986	0.04951	0.13083	0.00910	0.05407	0.04917	0.03390	0.03466	0.05242	0.02263	0.00525	0.00426	0.00124	0.04216	0.02996	0.00253	0.00554
9	0.00523	0.00379	0.00495	0.00584	0.00621	0.00351	0.00397	0.00605	0.00838	0.01109	0.04224	0.75147	0.08688	0.01300	0.00540	0.00170	0.00247	0.03036	0.00397	0.00349
10	0.00619	0.00413	0.00464	0.00464	0.00464	0.00413	0.00258	0.00619	0.00619	0.00825	0.01341	0.02785	0.01547	0.85046	0.02166	0.00413	0.00413	0.00619	0.00258	0.00258
11	0.03903	0.00901	0.01369	0.39470	0.28095	0.02187	0.01113	0.07335	0.06193	0.04066	0.00877	0.01119	0.00673	0.00429	0.00419	0.00135	0.00513	0.00381	0.00244	0.00578
12	0.01020	0.01007	0.03351	0.06638	0.04324	0.04616	0.31799	0.03762	0.18699	0.04686	0.04357	0.01614	0.04795	0.02754	0.00526	0.00150	0.01637	0.03395	0.00304	0.00567
13	0.00618	0.00417	0.00488	0.00488	0.00496	0.00425	0.00287	0.00634	0.00626	0.00843	0.01319	0.02664	0.01495	0.76210	0.10931	0.00442	0.00491	0.00601	0.00255	0.00271
14	0.44621	0.15768	0.01084	0.00702	0.00998	0.01164	0.00600	0.23951	0.01119	0.01956	0.00747	0.00820	0.00576	0.00427	0.00313	0.00122	0.00386	0.00280	0.03818	0.00548
15	0.00952	0.21932	0.42930	0.01017	0.01518	0.03001	0.05034	0.01289	0.00900	0.01265	0.00723	0.00853	0.00562	0.00377	0.00361	0.00111	0.00538	0.00291	0.00196	0.16150
16	0.03374	0.22752	0.07533	0.00954	0.06806	0.15164	0.00783	0.07836	0.04040	0.01352	0.02767	0.01019	0.03402	0.00435	0.00376	0.00105	0.02298	0.00318	0.00250	0.18437
17	0.01165	0.00645	0.03293	0.00664	0.00886	0.00560	0.00543	0.03454	0.05198	0.33609	0.33864	0.03921	0.08941	0.00722	0.00465	0.00135	0.00293	0.00615	0.00472	0.00553
18	0.01203	0.00989	0.01064	0.00941	0.03311	0.01125	0.00725	0.22664	0.58826	0.02004	0.01523	0.01427	0.01133	0.00555	0.00431	0.00140	0.00375	0.00453	0.00425	0.00687
19	0.00615	0.00414	0.00467	0.00465	0.00473	0.00411	0.00265	0.00625	0.00649	0.00864	0.04112	0.02838	0.04114	0.79669	0.02059	0.00395	0.00399	0.00632	0.00269	0.00266
20	0.00999	0.01132	0.02425	0.01746	0.02145	0.01092	0.75190	0.01339	0.00979	0.01339	0.00839	0.01132	0.00639	0.00386	0.00565	0.00146	0.06631	0.00493	0.00213	0.00566
21	0.00675	0.00409	0.00600	0.00600	0.00631	0.00440	0.00427	0.00645	0.00613	0.00849	0.00957	0.01579	0.00943	0.09488	0.35323	0.44225	0.00690	0.00427	0.00209	0.00271
22	0.00571	0.00392	0.00478	0.00525	0.00537	0.00381	0.00323	0.00606	0.00712	0.00949	0.01818	0.41700	0.02149	0.45310	0.01396	0.00299	0.00334	0.00899	0.00323	0.00299
23	0.00843	0.00800	0.01357	0.69324	0.13220	0.00948	0.03236	0.01122	0.00871	0.01141	0.00765	0.01118	0.00585	0.00415	0.00424	0.00138	0.00557	0.00378	0.00194	0.02563
24	0.01618	0.01192	0.01277	0.00979	0.01320	0.01320	0.00809	0.80973	0.02001	0.02682	0.01022	0.01022	0.00724	0.00511	0.00426	0.00128	0.00468	0.00383	0.00426	0.00724
25	0.00619	0.00413	0.00464	0.00464	0.00464	0.00413	0.00258	0.00619	0.00619	0.00825	0.01341	0.02785	0.01547	0.85046	0.02166	0.00413	0.00413	0.00619	0.00258	0.00258
26	0.00865	0.00828	0.01355	0.66558	0.16873	0.02492	0.01192	0.01136	0.00874	0.01139	0.00758	0.01109	0.00586	0.00424	0.00442	0.00139	0.02152	0.00376	0.00193	0.00508
27	0.00804	0.00756	0.01276	0.84023	0.02931	0.00945	0.01182	0.01087	0.00851	0.01087	0.00756	0.01134	0.00567	0.00425	0.00425	0.00142	0.00567	0.00378	0.00189	0.00473
28	0.00592	0.00424	0.00577	0.00671	0.00730	0.00409	0.00519	0.00721	0.00896	0.01180	0.04011	0.47457	0.03973	0.01252	0.00561	0.00181	0.00308	0.34777	0.00395	0.00367
29	0.00804	0.00756	0.01276	0.84023	0.02931	0.00945	0.01182	0.01087	0.00851	0.01087	0.00756	0.01134	0.00567	0.00425	0.00425	0.00142	0.00567	0.00378	0.00189	0.00473
30	0.00632	0.00442	0.00578	0.00540	0.00646	0.00407	0.00407	0.00832	0.01205	0.03557	0.80328	0.03139	0.03947	0.00862	0.00500	0.00134	0.00204	0.00762	0.00470	0.00409
31	0.01575	0.04655	0.01238	0.01085	0.01308	0.80762	0.00819	0.01686	0.01195	0.01040	0.00656	0.00765	0.00548	0.00436	0.00380	0.00109	0.00757	0.00273	0.00218	0.00495
32	0.00611	0.00444	0.00623	0.00623	0.00678	0.00499	0.00456	0.00721	0.00666	0.00943	0.01195	0.01980	0.01198	0.25878	0.60856	0.00609	0.00938	0.00501	0.00236	0.00346
33	0.08962	0.27235	0.03385	0.01133	0.09644	0.10806	0.09635	0.18028	0.02998	0.03261	0.00793	0.00895	0.00628	0.00416	0.00367	0.00117	0.00516	0.00323	0.00264	0.00594
34	0.01320	0.02435	0.01037	0.00846	0.01102	0.11330	0.00676	0.36909	0.18298	0.02036	0.01193	0.01219	0.00894	0.00510	0.00393	0.00122	0.00422	0.00390	0.18252	0.00614
35	0.01141	0.00778	0.00929	0.00679	0.01045	0.00628	0.00549	0.06448	0.01024	0.18189	0.00963	0.01008	0.00723	0.00371	0.00345	0.00081	0.00335	0.00297	0.00320	0.64148
36	0.01072	0.00727	0.00810	0.00716	0.00897	0.04045	0.00549	0.21810	0.01243	0.13851	0.08533	0.26227	0.12002	0.03651	0.00546	0.00154	0.01510	0.00732	0.00414	0.00512
37	0.01867	0.00792	0.01029	0.00789	0.01120	0.00726	0.00652	0.13475	0.01331	0.71125	0.01584	0.01387	0.01006	0.00524	0.00428	0.00131	0.00377	0.00421	0.00512	0.00724
38	0.01909	0.00724	0.00987	0.00757	0.01086	0.00625	0.00625	0.02074	0.01218	0.82687	0.01679	0.01448	0.01053	0.00527	0.00428	0.00132	0.00362	0.00428	0.00527	0.00724
39	0.01825	0.00725	0.00974	0.00754	0.01071	0.00639	0.00620	0.03565	0.03134	0.75620	0.05234	0.01520	0.01184	0.00543	0.00431	0.00132	0.00356	0.00443	0.00520	0.00709
40	0.02556	0.01422	0.01352	0.01383	0.17949	0.32448	0.03637	0.17424	0.07741	0.01522	0.00844	0.00969	0.00673	0.00475	0.00493	0.00127	0.07772	0.00350	0.00274	0.00591
41	0.01909	0.00724	0.00987	0.00757	0.01086	0.00625	0.00625	0.02074	0.01218	0.82687	0.01679	0.01448	0.01053	0.00527	0.00428	0.00132	0.00362	0.00428	0.00527	0.00724
42	0.00804	0.00756	0.01276	0.84023	0.02931	0.00945	0.01182	0.01087	0.00851	0.01087	0.00756	0.01134	0.00567	0.00425	0.00425	0.00142	0.00567	0.00378	0.00189	0.00473
43	0.00521	0.00426	0.00460	0.00463	0.00589	0.00365	0.00343	0.00642	0.00995	0.01238	0.17321	0.11278	0.61749	0.01066	0.00506	0.00145	0.00216	0.00905	0.00408	0.00365
44	0.00992	0.01085	0.02196	0.04917	0.11597	0.01096	0.56802	0.01297	0.00943	0.01307	0.00806	0.01105	0.00633	0.00420	0.00619	0.00148	0.12799	0.00464	0.00209	0.00566
45	0.00529	0.00377	0.00502	0.00599	0.00627	0.00354	0.00406	0.00607	0.00818	0.01089	0.02317	0.78924	0.02767	0.03273	0.00583	0.00180	0.00258	0.05051	0.00392	0.00346
46	0.00931	0.00931	0.01303	0.01117	0.01117	0.01303	0.00931	0.01024	0.00652	0.01024	0.00559	0.00931	0.00559	0.00745	0.01396	0.00186	0.84267	0.00372	0.00186	0.00465
47	0.00992	0.01127	0.02458	0.01762	0.02181	0.01057	0.78727	0.01343	0.00999	0.01356	0.00900	0.03351	0.00703	0.00384	0.00503	0.00144	0.00705	0.00521	0.00220	0.00568
48	0.00913	0.00645	0.00802	0.00737	0.00900	0.00715	0.00576	0.04380	0.24733	0.09984	0.02712	0.01757	0.04765	0.04062	0.39853	0.00405	0.00720	0.00486	0.00340	0.00513
49	0.00955	0.01094	0.09180	0.14104	0.19458	0.03554	0.19586	0.01239	0.02438	0.01261	0.00845	0.02336	0.00714	0.00487	0.00604	0.00144	0.14539	0.03014	0.00216	0.04232
50	0.00597	0.00425	0.00483	0.00482	0.00517	0.00418	0.00300	0.00634	0.00710	0.00928	0.04018	0.05083	0.17208	0.59402	0.05608	0.00357	0.01564	0.00681	0.00291	0.00292
51	0.39591	0.03271	0.00863	0.00760	0.00965	0.24027	0.00596	0.02710	0.00884	0.01449	0.00807	0.06423	0.00732	0.00856	0.11460	0.00203	0.03347	0.00345	0.00253	0.00459
52	0.04407	0.18977	0.29025	0.02632	0.17748	0.15614	0.01144	0.03476	0.00981	0.01283	0.00717	0.00861	0.00572	0.00400	0.00373	0.00119	0.00576	0.00302	0.00203	0.00591

[dist]
# distance from previous block
# <min> <max>
0	1

[block]
# block no. 3 follows, 62 sequences, length 16
# corresponding to MSA columns:
# 908-914,940-948
name=unknown_D
#
# <colnr> <probs for GDERKNQSTAVLIFYWHMCP>
#	G	D	E	R	K	N	Q	S	T	A	V	L	I	F	Y	W	H	M	C	P
0	0.01330	0.01031	0.01136	0.05707	0.03810	0.02922	0.00776	0.33460	0.36142	0.07049	0.01338	0.01294	0.00977	0.00530	0.00428	0.00135	0.00418	0.00425	0.00410	0.00681
1	0.00837	0.15003	0.00932	0.00657	0.03312	0.03844	0.00509	0.03332	0.03611	0.03135	0.25698	0.03987	0.16776	0.00693	0.00416	0.00119	0.00302	0.00575	0.09214	0.07048
2	0.00503	0.00431	0.00431	0.00431	0.00575	0.00359	0.00323	0.00611	0.00970	0.01149	0.04310	0.04095	0.82219	0.01078	0.00503	0.00144	0.00216	0.00898	0.00395	0.00359
3	0.01473	0.01754	0.01155	0.01041	0.01270	0.62433	0.00789	0.04512	0.18945	0.01260	0.00907	0.00957	0.00719	0.00472	0.00396	0.00118	0.00662	0.00323	0.00273	0.00541
4	0.00793	0.00397	0.00397	0.00397	0.00496	0.00397	0.00297	0.00991	0.00892	0.01586	0.01388	0.01586	0.01091	0.00496	0.00297	0.00099	0.00198	0.00397	0.87408	0.00397
5	0.00608	0.00456	0.00684	0.00684	0.00760	0.00532	0.00532	0.00760	0.00684	0.00988	0.01140	0.01672	0.01064	0.03191	0.83360	0.00684	0.01140	0.00456	0.00228	0.00380
6	0.00615	0.00411	0.00465	0.00469	0.00470	0.00410	0.00264	0.00618	0.00627	0.00836	0.01382	0.06180	0.01599	0.81579	0.02099	0.00403	0.00406	0.00643	0.00264	0.00261
7	0.01873	0.00732	0.00986	0.00762	0.01087	0.00644	0.00627	0.02082	0.04653	0.79230	0.01681	0.01454	0.01064	0.00529	0.00428	0.00132	0.00361	0.00430	0.00523	0.00722
8	0.01004	0.01148	0.02511	0.01793	0.02224	0.01076	0.80846	0.01363	0.01004	0.01363	0.00861	0.01148	0.00646	0.00359	0.00502	0.00143	0.00717	0.00502	0.00215	0.00574
9	0.00892	0.00765	0.00887	0.00644	0.01014	0.00595	0.00514	0.01139	0.05488	0.01409	0.00812	0.00923	0.00668	0.00330	0.00322	0.00068	0.00316	0.00265	0.00262	0.82686
10	0.00597	0.00431	0.00564	0.00539	0.00635	0.00398	0.00401	0.00790	0.01180	0.01668	0.77256	0.08198	0.03941	0.00898	0.00504	0.00136	0.00204	0.00797	0.00464	0.00398
11	0.01153	0.00961	0.01015	0.00885	0.01142	0.01102	0.00696	0.15523	0.68207	0.01932	0.01612	0.01492	0.01202	0.00566	0.00432	0.00142	0.00359	0.00465	0.00432	0.00682
12	0.00882	0.00756	0.00882	0.00630	0.01008	0.00567	0.00504	0.01071	0.00882	0.01387	0.00756	0.00882	0.00630	0.00315	0.00315	0.00063	0.00315	0.00252	0.00252	0.87647
13	0.00559	0.00433	0.00508	0.00490	0.00609	0.00383	0.00367	0.00718	0.01101	0.01462	0.47960	0.03581	0.38375	0.00961	0.00502	0.00138	0.00207	0.00826	0.00436	0.00383
14	0.03282	0.37314	0.01650	0.02546	0.08960	0.03754	0.00786	0.24301	0.01225	0.05799	0.00905	0.06040	0.00774	0.00480	0.00362	0.00115	0.00454	0.00362	0.00289	0.00602
15	0.00977	0.00942	0.00840	0.00794	0.00929	0.22625	0.01932	0.03962	0.02471	0.04145	0.06363	0.11919	0.10163	0.11491	0.00740	0.00181	0.04803	0.13966	0.00327	0.00430

[dist]
# distance from previous block
# <min> <max>
0	2

[block]
# block no. 4 follows, 62 sequences, length 34
# corresponding to MSA columns:
# 951-984
name=unknown_E
#
# <colnr> <probs for GDERKNQSTAVLIFYWHMCP>
#	G	D	E	R	K	N	Q	S	T	A	V	L	I	F	Y	W	H	M	C	P
0	0.01014	0.00988	0.01784	0.07118	0.22604	0.00973	0.33688	0.07697	0.03612	0.01484	0.02756	0.01267	0.03263	0.00425	0.00448	0.00131	0.00547	0.00451	0.04481	0.05268
1	0.01204	0.01284	0.01213	0.03685	0.01231	0.27789	0.00848	0.09288	0.05984	0.01236	0.00748	0.01011	0.00659	0.04080	0.00913	0.00161	0.37566	0.00359	0.00239	0.00505
2	0.00518	0.00370	0.00494	0.00592	0.00617	0.00346	0.00395	0.00592	0.00815	0.01086	0.02345	0.84768	0.02814	0.01333	0.00543	0.00173	0.00247	0.01210	0.00395	0.00346
3	0.00986	0.01087	0.02235	0.07418	0.07812	0.01088	0.60761	0.01302	0.00952	0.01308	0.00815	0.01116	0.00632	0.00408	0.00592	0.00147	0.10100	0.00470	0.00210	0.00562
4	0.00834	0.00707	0.00830	0.00621	0.00956	0.00539	0.00488	0.01009	0.00877	0.01349	0.01014	0.09753	0.02961	0.00441	0.00344	0.00077	0.00305	0.00369	0.00271	0.76252
5	0.00882	0.00756	0.00882	0.00630	0.01008	0.00567	0.00504	0.01071	0.00882	0.01387	0.00756	0.00882	0.00630	0.00315	0.00315	0.00063	0.00315	0.00252	0.00252	0.87647
6	0.01852	0.00734	0.01006	0.00807	0.03454	0.00635	0.00641	0.02019	0.01200	0.77738	0.01624	0.01419	0.01029	0.00516	0.00424	0.00129	0.00365	0.00421	0.00509	0.03481
7	0.00780	0.00647	0.00773	0.00620	0.00898	0.00505	0.00473	0.00936	0.00863	0.01302	0.01205	0.24558	0.01247	0.00602	0.00379	0.00094	0.00296	0.00522	0.00292	0.63008
8	0.00829	0.00659	0.00766	0.00700	0.00845	0.00724	0.00531	0.05243	0.30065	0.01592	0.29912	0.02245	0.02212	0.10520	0.08560	0.00223	0.02891	0.00588	0.00398	0.00499
9	0.01053	0.01011	0.01727	0.02612	0.82392	0.01011	0.01306	0.01306	0.00969	0.01390	0.00800	0.01053	0.00674	0.00379	0.00421	0.00126	0.00505	0.00379	0.00211	0.00674
10	0.01004	0.01148	0.02511	0.01793	0.02224	0.01076	0.80846	0.01363	0.01004	0.01363	0.00861	0.01148	0.00646	0.00359	0.00502	0.00143	0.00717	0.00502	0.00215	0.00574
11	0.00618	0.00414	0.00471	0.00471	0.00474	0.00416	0.00267	0.00623	0.00621	0.00830	0.01334	0.02748	0.01531	0.82364	0.04826	0.00421	0.00436	0.00613	0.00257	0.00262
12	0.00518	0.00370	0.00494	0.00592	0.00617	0.00346	0.00395	0.00592	0.00815	0.01086	0.02345	0.84768	0.02814	0.01333	0.00543	0.00173	0.00247	0.01210	0.00395	0.00346
13	0.00503	0.00431	0.00431	0.00431	0.00575	0.00359	0.00323	0.00611	0.00970	0.01149	0.04310	0.04095	0.82219	0.01078	0.00503	0.00144	0.00216	0.00898	0.00395	0.00359
14	0.01618	0.01192	0.01277	0.00979	0.01320	0.01320	0.00809	0.80973	0.02001	0.02682	0.01022	0.01022	0.00724	0.00511	0.00426	0.00128	0.00468	0.00383	0.00426	0.00724
15	0.00882	0.00756	0.00882	0.00630	0.01008	0.00567	0.00504	0.01071	0.00882	0.01387	0.00756	0.00882	0.00630	0.00315	0.00315	0.00063	0.00315	0.00252	0.00252	0.87647
16	0.00882	0.00756	0.00882	0.00630	0.01008	0.00567	0.00504	0.01071	0.00882	0.01387	0.00756	0.00882	0.00630	0.00315	0.00315	0.00063	0.00315	0.00252	0.00252	0.87647
17	0.01797	0.00800	0.01021	0.00784	0.01110	0.00742	0.00646	0.16125	0.01339	0.63836	0.01526	0.01359	0.00983	0.00517	0.00421	0.00128	0.00375	0.00414	0.02758	0.03320
18	0.01618	0.01192	0.01277	0.00979	0.01320	0.01320	0.00809	0.80973	0.02001	0.02682	0.01022	0.01022	0.00724	0.00511	0.00426	0.00128	0.00468	0.00383	0.00426	0.00724
19	0.00882	0.00756	0.00882	0.00630	0.01008	0.00567	0.00504	0.01071	0.00882	0.01387	0.00756	0.00882	0.00630	0.00315	0.00315	0.00063	0.00315	0.00252	0.00252	0.87647
20	0.00882	0.00756	0.00882	0.00630	0.01008	0.00567	0.00504	0.01071	0.00882	0.01387	0.00756	0.00882	0.00630	0.00315	0.00315	0.00063	0.00315	0.00252	0.00252	0.87647
21	0.00800	0.00525	0.03075	0.00599	0.00744	0.00446	0.00472	0.00962	0.01061	0.15063	0.33926	0.19211	0.14846	0.01015	0.03584	0.00164	0.00291	0.02340	0.00433	0.00444
22	0.72168	0.16262	0.00919	0.00590	0.00872	0.01088	0.00510	0.01255	0.00750	0.01743	0.00592	0.00690	0.00476	0.00389	0.00265	0.00124	0.00352	0.00230	0.00248	0.00476
23	0.00739	0.00370	0.00554	0.00554	0.00554	0.00370	0.00370	0.00554	0.00554	0.00739	0.00739	0.01293	0.00739	0.01478	0.01663	0.87620	0.00370	0.00370	0.00185	0.00185
24	0.00867	0.01954	0.66518	0.01289	0.03313	0.00974	0.12519	0.01324	0.00928	0.01367	0.04429	0.01038	0.00712	0.00418	0.00423	0.00136	0.00620	0.00362	0.00198	0.00612
25	0.00913	0.00806	0.01054	0.00754	0.01137	0.00636	0.08495	0.03075	0.00922	0.01416	0.00773	0.00912	0.00634	0.00324	0.00336	0.00073	0.00359	0.00280	0.00253	0.76848
26	0.00939	0.00806	0.01318	0.60179	0.08723	0.00969	0.02834	0.02602	0.00893	0.07436	0.00819	0.01131	0.00617	0.00460	0.00519	0.00144	0.08491	0.00384	0.00221	0.00514
27	0.06120	0.06951	0.48132	0.00996	0.01505	0.00949	0.01156	0.05832	0.00967	0.07027	0.00819	0.00914	0.00597	0.00400	0.00375	0.00118	0.00517	0.00305	0.00235	0.16086
28	0.00853	0.02201	0.82841	0.01213	0.01842	0.00988	0.01572	0.01348	0.00898	0.01348	0.00764	0.00898	0.00539	0.00404	0.00404	0.00135	0.00629	0.00314	0.00180	0.00629
29	0.48354	0.02437	0.00818	0.00691	0.00948	0.15312	0.00555	0.04626	0.00949	0.13924	0.00845	0.00900	0.00625	0.00434	0.00318	0.00124	0.00409	0.00287	0.06930	0.00513
30	0.00864	0.05298	0.79837	0.01195	0.01814	0.01014	0.01541	0.01345	0.00897	0.01335	0.00757	0.00890	0.00539	0.00403	0.00399	0.00133	0.00622	0.00311	0.00180	0.00626
31	0.00882	0.00756	0.00882	0.00630	0.01008	0.00567	0.00504	0.01071	0.00882	0.01387	0.00756	0.00882	0.00630	0.00315	0.00315	0.00063	0.00315	0.00252	0.00252	0.87647
32	0.00523	0.00392	0.00482	0.00549	0.00607	0.00356	0.00378	0.00608	0.00859	0.01109	0.04251	0.57370	0.23662	0.04277	0.00591	0.00174	0.00247	0.02828	0.00391	0.00348
33	0.00586	0.00436	0.00546	0.00524	0.00633	0.00396	0.00396	0.00768	0.01150	0.01581	0.63948	0.03417	0.19361	0.00922	0.00505	0.00138	0.00211	0.03639	0.00451	0.00393

[dist]
# distance from previous block
# <min> <max>
0	1

[block]
# block no. 5 follows, 62 sequences, length 39
# corresponding to MSA columns:
# 986-999,1001-1011,1014-1027
name=unknown_F
#
# <colnr> <probs for GDERKNQSTAVLIFYWHMCP>
#	G	D	E	R	K	N	Q	S	T	A	V	L	I	F	Y	W	H	M	C	P
0	0.01589	0.02028	0.01206	0.01096	0.01315	0.83338	0.00822	0.01699	0.01206	0.01041	0.00658	0.00767	0.00548	0.00438	0.00384	0.00110	0.00767	0.00274	0.00219	0.00493
1	0.00843	0.00791	0.01153	0.00997	0.01058	0.01028	0.04653	0.02412	0.00710	0.01069	0.00771	0.01176	0.00727	0.01483	0.27215	0.00337	0.50053	0.00402	0.00207	0.02913
2	0.01128	0.82591	0.04860	0.00744	0.01117	0.01661	0.00756	0.01277	0.00866	0.01012	0.00597	0.00690	0.00546	0.00365	0.00277	0.00092	0.00461	0.00230	0.00182	0.00549
3	0.00518	0.00370	0.00494	0.00592	0.00617	0.00346	0.00395	0.00592	0.00815	0.01086	0.02345	0.84768	0.02814	0.01333	0.00543	0.00173	0.00247	0.01210	0.00395	0.00346
4	0.00520	0.00376	0.00492	0.00582	0.00615	0.00348	0.00391	0.00600	0.00835	0.01108	0.04818	0.77874	0.07258	0.01305	0.00540	0.00170	0.00244	0.01179	0.00397	0.00348
5	0.01881	0.00743	0.00996	0.00767	0.01094	0.00657	0.00632	0.04652	0.02971	0.78338	0.01658	0.01437	0.01048	0.00527	0.00428	0.00132	0.00365	0.00428	0.00521	0.00723
6	0.01909	0.00724	0.00987	0.00757	0.01086	0.00625	0.00625	0.02074	0.01218	0.82687	0.01679	0.01448	0.01053	0.00527	0.00428	0.00132	0.00362	0.00428	0.00527	0.00724
7	0.00511	0.00400	0.00463	0.00513	0.00596	0.00352	0.00360	0.00601	0.00891	0.01117	0.03313	0.45058	0.41901	0.01207	0.00523	0.00158	0.00231	0.01056	0.00395	0.00352
8	0.01892	0.00751	0.01004	0.00770	0.01100	0.00666	0.00636	0.06676	0.01264	0.78019	0.01640	0.01423	0.01034	0.00526	0.00428	0.00131	0.00368	0.00425	0.00521	0.00724
9	0.01482	0.01596	0.01197	0.05874	0.01384	0.46917	0.00821	0.22054	0.11741	0.01560	0.00895	0.00960	0.00691	0.00474	0.00403	0.00121	0.00624	0.00335	0.00298	0.00574
10	0.00518	0.00370	0.00494	0.00592	0.00617	0.00346	0.00395	0.00592	0.00815	0.01086	0.02345	0.84768	0.02814	0.01333	0.00543	0.00173	0.00247	0.01210	0.00395	0.00346
11	0.01311	0.00987	0.01041	0.00886	0.01155	0.04731	0.00708	0.21604	0.44048	0.12328	0.01527	0.01551	0.01148	0.00578	0.00436	0.00140	0.00395	0.04325	0.00432	0.00670
12	0.01007	0.00756	0.00896	0.00650	0.01019	0.00584	0.00522	0.01213	0.02483	0.11000	0.00884	0.00963	0.00693	0.00345	0.00331	0.00073	0.00321	0.00277	0.00288	0.75695
13	0.88052	0.00823	0.00625	0.00560	0.00823	0.00955	0.00461	0.01251	0.00724	0.01909	0.00592	0.00691	0.00461	0.00395	0.00263	0.00132	0.00329	0.00230	0.00263	0.00461
14	0.26863	0.08222	0.38403	0.00990	0.03318	0.01033	0.03425	0.04860	0.02291	0.05846	0.00779	0.00877	0.00571	0.00410	0.00358	0.00130	0.00500	0.00301	0.00240	0.00582
15	0.01441	0.01046	0.01142	0.00906	0.01214	0.01138	0.00740	0.53842	0.15191	0.07326	0.05010	0.01327	0.01032	0.00547	0.00430	0.00130	0.00419	0.02284	0.00427	0.04409
16	0.00906	0.00887	0.01245	0.02750	0.01118	0.01229	0.00897	0.01009	0.00663	0.01037	0.00617	0.00994	0.00601	0.00875	0.06132	0.00212	0.75681	0.00378	0.02310	0.00459
17	0.00862	0.02140	0.78155	0.01247	0.01864	0.00993	0.06197	0.01348	0.00905	0.01348	0.00769	0.00913	0.00545	0.00402	0.00410	0.00135	0.00634	0.00325	0.00182	0.00626
18	0.00518	0.00383	0.00486	0.00563	0.00611	0.00350	0.00383	0.00602	0.00853	0.01116	0.05186	0.68619	0.16222	0.01275	0.00535	0.00167	0.00240	0.01143	0.00397	0.00350
19	0.00935	0.00942	0.01363	0.01150	0.01171	0.01292	0.04858	0.01041	0.00669	0.01041	0.00573	0.00942	0.00563	0.00726	0.01352	0.00184	0.80162	0.00379	0.00188	0.00471
20	0.01320	0.00743	0.00927	0.00684	0.01042	0.00592	0.00556	0.01499	0.01025	0.36065	0.01150	0.01124	0.00811	0.00405	0.00363	0.00092	0.00335	0.00327	0.00369	0.50570
21	0.20859	0.00814	0.01041	0.02798	0.01168	0.00733	0.10121	0.01274	0.00902	0.11728	0.00848	0.00948	0.00645	0.00368	0.00343	0.00099	0.00378	0.00302	0.00283	0.44348
22	0.18838	0.01034	0.01086	0.00874	0.01178	0.01152	0.02077	0.42829	0.18782	0.06252	0.01118	0.01100	0.00809	0.00500	0.00396	0.00133	0.00411	0.00378	0.00396	0.00658
23	0.08224	0.13620	0.15860	0.00841	0.01233	0.01046	0.00808	0.19184	0.07223	0.02862	0.00866	0.00933	0.00665	0.00412	0.00356	0.00107	0.00430	0.00307	0.00286	0.24736
24	0.31755	0.10074	0.05151	0.00854	0.01145	0.09948	0.05358	0.07545	0.19204	0.01666	0.00913	0.00969	0.00706	0.00454	0.00378	0.00130	0.02576	0.00327	0.00292	0.00556
25	0.00959	0.01071	0.02247	0.01634	0.02002	0.01038	0.67803	0.01275	0.00967	0.01316	0.01049	0.03759	0.04711	0.00455	0.00578	0.00148	0.07680	0.00532	0.00227	0.00547
26	0.00882	0.00756	0.00882	0.00630	0.01008	0.00567	0.00504	0.01071	0.00882	0.01387	0.00756	0.00882	0.00630	0.00315	0.00315	0.00063	0.00315	0.00252	0.00252	0.87647
27	0.56370	0.00843	0.00794	0.00659	0.00948	0.00918	0.00544	0.11142	0.01001	0.21861	0.00912	0.00917	0.00638	0.00441	0.00324	0.00131	0.00354	0.00298	0.00348	0.00557
28	0.00503	0.00431	0.00431	0.00431	0.00575	0.00359	0.00323	0.00611	0.00970	0.01149	0.04310	0.04095	0.82219	0.01078	0.00503	0.00144	0.00216	0.00898	0.00395	0.00359
29	0.00577	0.00435	0.00533	0.00513	0.00625	0.00392	0.00387	0.00751	0.01133	0.01539	0.58227	0.03479	0.25828	0.00936	0.00504	0.00138	0.00210	0.02956	0.00446	0.00389
30	0.00593	0.00431	0.00558	0.00533	0.00632	0.00396	0.00397	0.00782	0.01171	0.01645	0.73938	0.07725	0.07792	0.00906	0.00504	0.00136	0.00204	0.00800	0.00461	0.00396
31	0.00931	0.00931	0.01303	0.01117	0.01117	0.01303	0.00931	0.01024	0.00652	0.01024	0.00559	0.00931	0.00559	0.00745	0.01396	0.00186	0.84267	0.00372	0.00186	0.00465
32	0.00835	0.00685	0.00767	0.00703	0.00879	0.00742	0.00540	0.01555	0.43199	0.01717	0.36203	0.02394	0.06563	0.00728	0.00466	0.00140	0.00273	0.00625	0.00446	0.00541
33	0.01409	0.00577	0.00723	0.00596	0.00822	0.00523	0.00478	0.01589	0.01072	0.46359	0.01549	0.01510	0.01070	0.00513	0.00369	0.00117	0.00289	0.00414	0.39444	0.00577
34	0.03357	0.01328	0.39939	0.02128	0.06384	0.00741	0.01043	0.01086	0.00897	0.03352	0.02780	0.18349	0.07859	0.02966	0.00499	0.00154	0.00466	0.05879	0.00275	0.00519
35	0.12231	0.03188	0.19148	0.00856	0.01164	0.08697	0.00808	0.08211	0.13820	0.05957	0.10779	0.09740	0.01337	0.00596	0.00413	0.00134	0.00432	0.00480	0.00331	0.01677
36	0.05710	0.02155	0.08343	0.00874	0.02273	0.03258	0.04330	0.07442	0.10354	0.25288	0.05559	0.02478	0.01052	0.00508	0.00435	0.00124	0.02896	0.01412	0.00369	0.15139
37	0.04632	0.09541	0.17415	0.00939	0.01270	0.18770	0.03037	0.09688	0.04870	0.09285	0.02694	0.09919	0.00963	0.00541	0.00403	0.00125	0.00512	0.00427	0.00296	0.04675
38	0.10416	0.04823	0.08489	0.05025	0.03690	0.11964	0.02053	0.12679	0.09679	0.05471	0.00920	0.02239	0.00721	0.00464	0.00437	0.00121	0.05358	0.00344	0.00290	0.14815

[dist]
# distance from previous block
# <min> <max>
0	46

[block]
# block no. 6 follows, 62 sequences, length 12
# corresponding to MSA columns:
# 1074-1085
name=unknown_G
#
# <colnr> <probs for GDERKNQSTAVLIFYWHMCP>
#	G	D	E	R	K	N	Q	S	T	A	V	L	I	F	Y	W	H	M	C	P
0	0.09535	0.00926	0.01074	0.06146	0.05107	0.09014	0.06093	0.12858	0.03395	0.11633	0.09856	0.06577	0.04097	0.00571	0.00443	0.00128	0.02534	0.00471	0.00341	0.09199
1	0.09564	0.00930	0.01421	0.03112	0.47093	0.00954	0.04403	0.05845	0.05492	0.06835	0.06476	0.01274	0.02421	0.00461	0.00434	0.00131	0.01834	0.00415	0.00281	0.00624
2	0.08680	0.00845	0.01070	0.02115	0.03551	0.02959	0.07827	0.11523	0.01071	0.10188	0.02482	0.06551	0.00976	0.00516	0.00420	0.00115	0.02507	0.04814	0.01750	0.30040
3	0.00920	0.00866	0.01349	0.42050	0.13601	0.02460	0.07647	0.03758	0.05749	0.01302	0.02333	0.01139	0.00710	0.00416	0.00415	0.00127	0.00512	0.00381	0.00232	0.14033
4	0.00516	0.00430	0.00451	0.00457	0.00590	0.00365	0.00343	0.00631	0.00979	0.01188	0.09355	0.07866	0.70746	0.01079	0.00507	0.00146	0.00222	0.03367	0.00400	0.00362
5	0.00802	0.00683	0.00997	0.00796	0.01048	0.00601	0.13656	0.04578	0.01036	0.02860	0.16399	0.07013	0.15775	0.00688	0.00452	0.00123	0.00352	0.06191	0.00341	0.25609
6	0.00994	0.00982	0.01606	0.01262	0.01425	0.01175	0.23262	0.03283	0.00816	0.03425	0.00699	0.01005	0.00605	0.00598	0.01026	0.00163	0.51094	0.00403	0.00214	0.05961
7	0.01058	0.00914	0.00962	0.00866	0.01106	0.01058	0.00673	0.02261	0.81623	0.01780	0.01732	0.01588	0.01299	0.00577	0.00433	0.00144	0.00337	0.00481	0.00433	0.00673
8	0.01068	0.00852	0.01317	0.48945	0.16465	0.00969	0.01087	0.10600	0.03077	0.10133	0.00919	0.01152	0.00675	0.00442	0.00425	0.00136	0.00517	0.00387	0.00263	0.00570
9	0.00841	0.00524	0.00487	0.03241	0.00640	0.06340	0.00368	0.01031	0.00911	0.01514	0.01348	0.04377	0.01094	0.00518	0.00316	0.00104	0.00253	0.00415	0.75275	0.00404
10	0.00901	0.06797	0.00979	0.00637	0.01014	0.00647	0.00520	0.01086	0.00881	0.01359	0.00745	0.00868	0.00624	0.00319	0.00312	0.00065	0.00325	0.00250	0.00247	0.81424
11	0.00965	0.27740	0.46946	0.01195	0.06860	0.01211	0.06933	0.01323	0.00900	0.01244	0.00720	0.00859	0.00558	0.00387	0.00372	0.00121	0.00573	0.00305	0.00185	0.00602

[dist]
# distance from previous block
# <min> <max>
0	66

# created by:
# /st0/software/busco_prod/Augustus/scripts/msa2prfl.pl ./align_prep/113923.fa
