[name]
unknown

[dist]
# distance from previous block
# <min> <max>
20	113

[block]
# block no. 0 follows, 61 sequences, length 42
# corresponding to MSA columns:
# 158-199
name=unknown_A
#
# <colnr> <probs for GDERKNQSTAVLIFYWHMCP>
#	G	D	E	R	K	N	Q	S	T	A	V	L	I	F	Y	W	H	M	C	P
0	0.03176	0.01149	0.01197	0.00949	0.01260	0.04404	0.00779	0.65262	0.05066	0.02479	0.03469	0.01301	0.00933	0.00558	0.00434	0.00132	0.00461	0.04226	0.02080	0.00684
1	0.03799	0.00891	0.01008	0.00854	0.02481	0.00927	0.00674	0.15315	0.33164	0.15547	0.01435	0.01497	0.01085	0.00542	0.00419	0.00129	0.00370	0.04408	0.00412	0.15041
2	0.00616	0.00502	0.00633	0.04658	0.00825	0.02068	0.02797	0.02846	0.00955	0.01224	0.08243	0.40618	0.25189	0.01120	0.00525	0.00160	0.00293	0.05955	0.00387	0.00387
3	0.01550	0.05288	0.01302	0.00960	0.01299	0.05475	0.00793	0.65662	0.04175	0.02440	0.00999	0.01012	0.00726	0.00496	0.00415	0.00123	0.00475	0.00369	0.00398	0.06043
4	0.00617	0.00455	0.00660	0.00660	0.00726	0.00521	0.00499	0.00749	0.00683	0.00976	0.01183	0.01854	0.01147	0.14921	0.71560	0.00653	0.01048	0.00485	0.00235	0.00367
5	0.01060	0.01017	0.01737	0.04650	0.80217	0.01022	0.01319	0.01317	0.00978	0.01400	0.00809	0.01068	0.00680	0.00385	0.00427	0.00128	0.00513	0.00384	0.00213	0.00677
6	0.00882	0.07323	0.77690	0.01198	0.01818	0.01044	0.01539	0.01360	0.00907	0.01343	0.00762	0.00896	0.00546	0.00407	0.00401	0.00134	0.00626	0.00313	0.00182	0.00631
7	0.00813	0.00766	0.01292	0.83826	0.02967	0.00957	0.01196	0.01101	0.00861	0.01101	0.00766	0.01148	0.00574	0.00431	0.00431	0.00144	0.00574	0.00383	0.00191	0.00479
8	0.00813	0.00766	0.01292	0.83826	0.02967	0.00957	0.01196	0.01101	0.00861	0.01101	0.00766	0.01148	0.00574	0.00431	0.00431	0.00144	0.00574	0.00383	0.00191	0.00479
9	0.00813	0.00766	0.01292	0.83826	0.02967	0.00957	0.01196	0.01101	0.00861	0.01101	0.00766	0.01148	0.00574	0.00431	0.00431	0.00144	0.00574	0.00383	0.00191	0.00479
10	0.00864	0.02228	0.82630	0.01228	0.01864	0.01000	0.01592	0.01364	0.00909	0.01364	0.00773	0.00909	0.00546	0.00409	0.00409	0.00136	0.00637	0.00318	0.00182	0.00637
11	0.01933	0.00733	0.01000	0.00766	0.01100	0.00633	0.00633	0.02099	0.01233	0.82473	0.01699	0.01466	0.01066	0.00533	0.00433	0.00133	0.00367	0.00433	0.00533	0.00733
12	0.00942	0.00942	0.01319	0.01131	0.01131	0.01319	0.00942	0.01037	0.00660	0.01037	0.00565	0.00942	0.00565	0.00754	0.01414	0.00188	0.84073	0.00377	0.00188	0.00471
13	0.01071	0.00925	0.00974	0.00877	0.01120	0.01071	0.00682	0.02289	0.81396	0.01802	0.01753	0.01607	0.01315	0.00584	0.00438	0.00146	0.00341	0.00487	0.00438	0.00682
14	0.01017	0.01162	0.02542	0.01816	0.02251	0.01089	0.80610	0.01380	0.01017	0.01380	0.00871	0.01162	0.00654	0.00363	0.00508	0.00145	0.00726	0.00508	0.00218	0.00581
15	0.01933	0.00733	0.01000	0.00766	0.01100	0.00633	0.00633	0.02099	0.01233	0.82473	0.01699	0.01466	0.01066	0.00533	0.00433	0.00133	0.00367	0.00433	0.00533	0.00733
16	0.00864	0.02228	0.82630	0.01228	0.01864	0.01000	0.01592	0.01364	0.00909	0.01364	0.00773	0.00909	0.00546	0.00409	0.00409	0.00136	0.00637	0.00318	0.00182	0.00637
17	0.01017	0.01162	0.02542	0.01816	0.02251	0.01089	0.80610	0.01380	0.01017	0.01380	0.00871	0.01162	0.00654	0.00363	0.00508	0.00145	0.00726	0.00508	0.00218	0.00581
18	0.01060	0.01017	0.01737	0.04592	0.80274	0.01022	0.01319	0.01317	0.00978	0.01400	0.00809	0.01068	0.00680	0.00385	0.00427	0.00128	0.00513	0.00384	0.00213	0.00677
19	0.00813	0.00766	0.01292	0.83826	0.02967	0.00957	0.01196	0.01101	0.00861	0.01101	0.00766	0.01148	0.00574	0.00431	0.00431	0.00144	0.00574	0.00383	0.00191	0.00479
20	0.00813	0.00766	0.01292	0.83826	0.02967	0.00957	0.01196	0.01101	0.00861	0.01101	0.00766	0.01148	0.00574	0.00431	0.00431	0.00144	0.00574	0.00383	0.00191	0.00479
21	0.01152	0.85121	0.02257	0.00737	0.01106	0.01704	0.00737	0.01290	0.00875	0.01013	0.00599	0.00691	0.00553	0.00369	0.00276	0.00092	0.00461	0.00230	0.00184	0.00553
22	0.01917	0.00797	0.01010	0.00783	0.01111	0.04638	0.00643	0.02081	0.01232	0.78520	0.01649	0.01433	0.01041	0.00529	0.00431	0.00132	0.00386	0.00426	0.00518	0.00722
23	0.00509	0.00436	0.00436	0.00436	0.00582	0.00364	0.00327	0.00618	0.00982	0.01164	0.04364	0.04146	0.82000	0.01091	0.00509	0.00145	0.00218	0.00909	0.00400	0.00364
24	0.01066	0.01023	0.01748	0.02644	0.82174	0.01023	0.01322	0.01322	0.00981	0.01407	0.00810	0.01066	0.00682	0.00384	0.00426	0.00128	0.00512	0.00384	0.00213	0.00682
25	0.01031	0.00988	0.01685	0.13865	0.71226	0.01014	0.01305	0.01291	0.00964	0.01365	0.00804	0.01077	0.00667	0.00390	0.00427	0.00130	0.00520	0.00384	0.00210	0.00654
26	0.87904	0.00833	0.00633	0.00566	0.00833	0.00966	0.00467	0.01266	0.00733	0.01933	0.00600	0.00700	0.00467	0.00400	0.00267	0.00133	0.00333	0.00233	0.00267	0.00467
27	0.00615	0.00462	0.00692	0.00692	0.00769	0.00538	0.00538	0.00769	0.00692	0.01000	0.01154	0.01692	0.01077	0.03231	0.83154	0.00692	0.01154	0.00462	0.00231	0.00385
28	0.01138	0.81063	0.06192	0.00761	0.01143	0.01670	0.00779	0.01293	0.00877	0.01031	0.00607	0.00702	0.00552	0.00371	0.00283	0.00094	0.00469	0.00235	0.00184	0.00557
29	0.02913	0.01118	0.01193	0.00942	0.01261	0.02516	0.00771	0.60184	0.11596	0.07959	0.01186	0.01209	0.00860	0.00536	0.00429	0.00132	0.00446	0.01908	0.02136	0.00706
30	0.00525	0.00375	0.00500	0.00600	0.00625	0.00350	0.00400	0.00600	0.00825	0.01100	0.02374	0.84580	0.02849	0.01350	0.00550	0.00175	0.00250	0.01225	0.00400	0.00350
31	0.01017	0.01162	0.02542	0.01816	0.02251	0.01089	0.80610	0.01380	0.01017	0.01380	0.00871	0.01162	0.00654	0.00363	0.00508	0.00145	0.00726	0.00508	0.00218	0.00581
32	0.04279	0.40081	0.36334	0.00967	0.01433	0.04459	0.01100	0.03076	0.00919	0.01236	0.00685	0.00800	0.00551	0.00401	0.00362	0.00116	0.02147	0.00276	0.00193	0.00586
33	0.00525	0.00375	0.00500	0.00600	0.00625	0.00350	0.00400	0.00600	0.00825	0.01100	0.02374	0.84580	0.02849	0.01350	0.00550	0.00175	0.00250	0.01225	0.00400	0.00350
34	0.00606	0.00440	0.00571	0.00538	0.00641	0.00405	0.00403	0.00806	0.01210	0.01706	0.79063	0.03252	0.06962	0.00888	0.00508	0.00136	0.00204	0.00784	0.00471	0.00405
35	0.00894	0.00770	0.00904	0.00650	0.01024	0.00593	0.00521	0.01083	0.00887	0.01395	0.00761	0.00894	0.00636	0.00330	0.00346	0.00067	0.02387	0.00258	0.00254	0.85346
36	0.01187	0.00950	0.01021	0.04724	0.01225	0.03020	0.00716	0.08129	0.63011	0.08597	0.01623	0.01511	0.01197	0.00565	0.00436	0.00143	0.00374	0.00465	0.00429	0.00676
37	0.00803	0.00401	0.00401	0.00401	0.00502	0.00401	0.00301	0.01004	0.00903	0.01606	0.01405	0.01606	0.01104	0.00502	0.00301	0.00100	0.00201	0.00401	0.87253	0.00401
38	0.01044	0.01156	0.02435	0.01750	0.02165	0.01110	0.73757	0.05220	0.01052	0.01432	0.00868	0.01148	0.00654	0.00385	0.00538	0.00146	0.03831	0.00498	0.00227	0.00584
39	0.01029	0.01144	0.02070	0.01541	0.01850	0.06301	0.51497	0.01300	0.00933	0.01273	0.00775	0.01069	0.00624	0.00466	0.00723	0.00150	0.22020	0.00448	0.00212	0.04574
40	0.01161	0.01045	0.01065	0.00914	0.01173	0.09230	0.03025	0.13201	0.47941	0.01767	0.01447	0.05389	0.01144	0.00572	0.00445	0.00135	0.01683	0.00468	0.00388	0.07805
41	0.01129	0.78607	0.08573	0.00776	0.01165	0.01649	0.00804	0.01296	0.00878	0.01041	0.00613	0.00708	0.00552	0.00372	0.00287	0.00096	0.00474	0.00237	0.00184	0.00559

[dist]
# distance from previous block
# <min> <max>
1	2

[block]
# block no. 1 follows, 61 sequences, length 64
# corresponding to MSA columns:
# 203-223,235-264,269-281
name=unknown_B
#
# <colnr> <probs for GDERKNQSTAVLIFYWHMCP>
#	G	D	E	R	K	N	Q	S	T	A	V	L	I	F	Y	W	H	M	C	P
0	0.01594	0.01177	0.01264	0.00975	0.01310	0.01302	0.00803	0.76534	0.03839	0.02664	0.03468	0.01113	0.00846	0.00530	0.00433	0.00130	0.00463	0.00402	0.00432	0.00722
1	0.83762	0.00851	0.00665	0.00587	0.00857	0.00984	0.00483	0.05082	0.00795	0.01970	0.00621	0.00716	0.00479	0.00405	0.00274	0.00133	0.00340	0.00241	0.00274	0.00479
2	0.00615	0.00462	0.00692	0.00692	0.00769	0.00538	0.00538	0.00769	0.00692	0.01000	0.01154	0.01692	0.01077	0.03231	0.83154	0.00692	0.01154	0.00462	0.00231	0.00385
3	0.01066	0.01023	0.01748	0.02644	0.82174	0.01023	0.01322	0.01322	0.00981	0.01407	0.00810	0.01066	0.00682	0.00384	0.00426	0.00128	0.00512	0.00384	0.00213	0.00682
4	0.00580	0.00435	0.00557	0.00605	0.00687	0.00387	0.00426	0.00679	0.00852	0.01153	0.02285	0.64670	0.07350	0.01194	0.00520	0.00160	0.00265	0.05370	0.00381	0.11444
5	0.01637	0.01207	0.01293	0.00991	0.01336	0.01336	0.00819	0.80738	0.02025	0.02715	0.01034	0.01034	0.00733	0.00517	0.00431	0.00129	0.00474	0.00388	0.00431	0.00733
6	0.01066	0.01023	0.01748	0.02644	0.82174	0.01023	0.01322	0.01322	0.00981	0.01407	0.00810	0.01066	0.00682	0.00384	0.00426	0.00128	0.00512	0.00384	0.00213	0.00682
7	0.01933	0.00733	0.01000	0.00766	0.01100	0.00633	0.00633	0.02099	0.01233	0.82473	0.01699	0.01466	0.01066	0.00533	0.00433	0.00133	0.00367	0.00433	0.00533	0.00733
8	0.01135	0.00842	0.00927	0.00819	0.01052	0.00925	0.00638	0.11861	0.47883	0.10554	0.01878	0.12433	0.05751	0.00697	0.00455	0.00146	0.00342	0.00587	0.00441	0.00634
9	0.00589	0.00440	0.00548	0.00521	0.00631	0.00398	0.00390	0.00774	0.01171	0.01613	0.66253	0.03405	0.19830	0.00923	0.00508	0.00137	0.00206	0.00805	0.00459	0.00398
10	0.00525	0.00375	0.00500	0.00600	0.00625	0.00350	0.00400	0.00600	0.00825	0.01100	0.02374	0.84580	0.02849	0.01350	0.00550	0.00175	0.00250	0.01225	0.00400	0.00350
11	0.01017	0.01162	0.02542	0.01816	0.02251	0.01089	0.80610	0.01380	0.01017	0.01380	0.00871	0.01162	0.00654	0.00363	0.00508	0.00145	0.00726	0.00508	0.00218	0.00581
12	0.01040	0.00997	0.01702	0.10944	0.74077	0.01017	0.01309	0.01299	0.00969	0.01376	0.00806	0.01075	0.00671	0.00389	0.00427	0.00130	0.00518	0.00384	0.00211	0.00661
13	0.01637	0.01207	0.01293	0.00991	0.01336	0.01336	0.00819	0.80738	0.02025	0.02715	0.01034	0.01034	0.00733	0.00517	0.00431	0.00129	0.00474	0.00388	0.00431	0.00733
14	0.00509	0.00436	0.00436	0.00436	0.00582	0.00364	0.00327	0.00618	0.00982	0.01164	0.04364	0.04146	0.82000	0.01091	0.00509	0.00145	0.00218	0.00909	0.00400	0.00364
15	0.01124	0.77221	0.09917	0.00784	0.01178	0.01637	0.00818	0.01297	0.00879	0.01047	0.00615	0.00712	0.00552	0.00372	0.00289	0.00096	0.00477	0.00239	0.00184	0.00561
16	0.00615	0.00462	0.00692	0.00692	0.00769	0.00538	0.00538	0.00769	0.00692	0.01000	0.01154	0.01692	0.01077	0.03231	0.83154	0.00692	0.01154	0.00462	0.00231	0.00385
17	0.00516	0.00437	0.00446	0.00444	0.00586	0.00367	0.00333	0.00632	0.00998	0.01203	0.09758	0.04081	0.76581	0.01076	0.00509	0.00145	0.00217	0.00900	0.00405	0.00367
18	0.23464	0.01143	0.03181	0.01417	0.01798	0.05475	0.51608	0.04180	0.00989	0.01552	0.00795	0.01014	0.00601	0.00383	0.00435	0.00140	0.00617	0.00418	0.00238	0.00553
19	0.00621	0.00440	0.00581	0.00581	0.00619	0.00478	0.00400	0.00698	0.00659	0.00917	0.01256	0.02256	0.01322	0.44095	0.42625	0.00555	0.00785	0.00544	0.00246	0.00323
20	0.00538	0.00397	0.00556	0.00633	0.00670	0.00370	0.02622	0.00621	0.00830	0.01107	0.02333	0.82269	0.02788	0.01322	0.00549	0.00174	0.00263	0.01205	0.00395	0.00356
21	0.00812	0.00788	0.00981	0.00992	0.06613	0.11345	0.07965	0.00945	0.00911	0.01172	0.05273	0.42141	0.01957	0.00972	0.00622	0.00162	0.10541	0.05050	0.00325	0.00433
22	0.01026	0.01073	0.02283	0.03712	0.02092	0.01009	0.68648	0.01356	0.01011	0.05712	0.01020	0.07094	0.00829	0.00444	0.00505	0.00147	0.00669	0.00552	0.00247	0.00570
23	0.01025	0.01163	0.02426	0.01787	0.04385	0.02658	0.72424	0.01365	0.01000	0.01355	0.00849	0.01140	0.00648	0.00387	0.00555	0.00147	0.05403	0.00493	0.00216	0.00576
24	0.01033	0.00989	0.01688	0.13342	0.71737	0.01015	0.01305	0.01293	0.00965	0.01367	0.00804	0.01077	0.00668	0.00390	0.00427	0.00130	0.00520	0.00384	0.00210	0.00655
25	0.00965	0.00907	0.01527	0.13512	0.60647	0.00930	0.01185	0.01209	0.00966	0.01361	0.05513	0.07389	0.01020	0.00490	0.00441	0.00134	0.00483	0.00468	0.00239	0.00614
26	0.01024	0.03305	0.01673	0.13228	0.67473	0.01018	0.01266	0.01279	0.00968	0.01364	0.02816	0.01120	0.00749	0.00402	0.00425	0.00129	0.00511	0.00389	0.00216	0.00645
27	0.00957	0.01173	0.08869	0.01650	0.02063	0.01011	0.66439	0.01303	0.00989	0.01352	0.01008	0.09185	0.00856	0.00462	0.00504	0.00147	0.00673	0.00562	0.00232	0.00563
28	0.00881	0.07104	0.77902	0.01199	0.01820	0.01042	0.01541	0.01360	0.00907	0.01344	0.00763	0.00897	0.00546	0.00407	0.00401	0.00134	0.00626	0.00313	0.00182	0.00632
29	0.00957	0.17332	0.62838	0.01165	0.04100	0.01118	0.01396	0.01373	0.00916	0.03934	0.00772	0.00892	0.00568	0.00405	0.00386	0.00128	0.00592	0.00308	0.00195	0.00626
30	0.00894	0.10162	0.73505	0.01191	0.01798	0.01070	0.02904	0.01357	0.00908	0.01331	0.00758	0.00893	0.00548	0.00405	0.00398	0.00132	0.00621	0.00313	0.00183	0.00628
31	0.04521	0.00820	0.01327	0.66706	0.04559	0.00983	0.05395	0.06734	0.00950	0.01280	0.00796	0.01129	0.00597	0.00432	0.00426	0.00141	0.00557	0.00384	0.01759	0.00505
32	0.01621	0.01647	0.01182	0.01058	0.03138	0.54242	0.00796	0.08124	0.06700	0.15975	0.00959	0.00985	0.00716	0.00474	0.00404	0.00119	0.00643	0.00331	0.00309	0.00577
33	0.06288	0.00848	0.05378	0.00795	0.01132	0.00722	0.00684	0.08790	0.01245	0.64351	0.01556	0.04057	0.01036	0.00545	0.00427	0.00134	0.00385	0.00438	0.00487	0.00702
34	0.00537	0.00383	0.00513	0.00613	0.00643	0.00360	0.00420	0.00620	0.00836	0.01113	0.02368	0.79037	0.02823	0.01338	0.00553	0.00177	0.00260	0.06651	0.00400	0.00353
35	0.00840	0.00822	0.01489	0.59935	0.05033	0.00942	0.16327	0.01126	0.00892	0.01163	0.00899	0.06950	0.00751	0.00480	0.00454	0.00146	0.00579	0.00465	0.00212	0.00495
36	0.01066	0.01023	0.01748	0.02644	0.82174	0.01023	0.01322	0.01322	0.00981	0.01407	0.00810	0.01066	0.00682	0.00384	0.00426	0.00128	0.00512	0.00384	0.00213	0.00682
37	0.00895	0.11232	0.73899	0.01174	0.01782	0.01077	0.01499	0.01356	0.00906	0.01326	0.00754	0.00886	0.00546	0.00405	0.00395	0.00132	0.00617	0.00309	0.00182	0.00628
38	0.00699	0.00460	0.00604	0.00557	0.00674	0.00422	0.00422	0.00900	0.01220	0.07184	0.76524	0.03099	0.03862	0.00857	0.00503	0.00135	0.00214	0.00756	0.00478	0.00429
39	0.00725	0.00543	0.00702	0.00754	0.06398	0.00529	0.00529	0.01015	0.10016	0.04349	0.35933	0.12662	0.13620	0.00919	0.00507	0.00149	0.00275	0.09494	0.00427	0.00454
40	0.03913	0.00735	0.00991	0.00762	0.01093	0.00641	0.00629	0.02080	0.01221	0.80617	0.01674	0.01448	0.01052	0.00530	0.00429	0.00133	0.00366	0.00429	0.00527	0.00727
41	0.00525	0.00375	0.00500	0.00600	0.00625	0.00350	0.00400	0.00600	0.00825	0.01100	0.02374	0.84580	0.02849	0.01350	0.00550	0.00175	0.00250	0.01225	0.00400	0.00350
42	0.00910	0.00850	0.01429	0.65248	0.07786	0.01002	0.08027	0.07264	0.00972	0.01268	0.00798	0.01136	0.00600	0.00429	0.00437	0.00142	0.00576	0.00394	0.00213	0.00520
43	0.00509	0.00436	0.00436	0.00436	0.00582	0.00364	0.00327	0.00618	0.00982	0.01164	0.04364	0.04146	0.82000	0.01091	0.00509	0.00145	0.00218	0.00909	0.00400	0.00364
44	0.00641	0.00474	0.00623	0.00700	0.00804	0.00456	0.00592	0.00811	0.00978	0.01248	0.02753	0.10242	0.20289	0.01179	0.00573	0.00185	0.00347	0.56322	0.00398	0.00386
45	0.00998	0.01107	0.03338	0.06241	0.15316	0.01061	0.57764	0.01326	0.00985	0.01351	0.00879	0.03056	0.00700	0.00407	0.00521	0.00144	0.03513	0.00491	0.00218	0.00584
46	0.04605	0.00961	0.01145	0.03994	0.10070	0.08650	0.01859	0.06346	0.12184	0.40649	0.01351	0.01291	0.00929	0.00512	0.00458	0.00135	0.03372	0.00408	0.00412	0.00669
47	0.06893	0.01904	0.01191	0.01066	0.01302	0.70964	0.00809	0.08590	0.01261	0.01253	0.00694	0.00795	0.00565	0.00448	0.00385	0.00114	0.00723	0.00284	0.00243	0.00518
48	0.00610	0.00460	0.00680	0.00680	0.00760	0.00530	0.00528	0.00762	0.00706	0.01008	0.01306	0.01808	0.04911	0.03129	0.79239	0.00666	0.01109	0.00483	0.00239	0.00384
49	0.00870	0.04076	0.80838	0.01217	0.01847	0.01016	0.01572	0.01363	0.00909	0.01356	0.00769	0.00905	0.00546	0.00408	0.00406	0.00135	0.00633	0.00316	0.00182	0.00635
50	0.01017	0.01131	0.02023	0.01586	0.06153	0.07622	0.49781	0.01286	0.00958	0.01275	0.00975	0.04256	0.03591	0.00503	0.00660	0.00150	0.15762	0.00500	0.00226	0.00544
51	0.00598	0.00465	0.00560	0.00608	0.00731	0.00427	0.00503	0.00750	0.00987	0.01224	0.03363	0.04488	0.43803	0.01138	0.00550	0.00171	0.00304	0.38552	0.00398	0.00379
52	0.00656	0.00437	0.00576	0.00571	0.00663	0.00402	0.00417	0.00820	0.01104	0.05884	0.54304	0.26977	0.03547	0.00999	0.00516	0.00147	0.00226	0.00891	0.00456	0.00407
53	0.01069	0.01107	0.01931	0.06157	0.50652	0.05454	0.24535	0.01350	0.00999	0.01366	0.00818	0.01083	0.00662	0.00383	0.00449	0.00133	0.00592	0.00415	0.00214	0.00633
54	0.01610	0.05424	0.01235	0.00918	0.01190	0.05333	0.05205	0.05854	0.01137	0.49163	0.02240	0.01273	0.00914	0.00554	0.00607	0.00140	0.15734	0.00410	0.00411	0.00650
55	0.01002	0.01097	0.02164	0.01601	0.01922	0.01144	0.57199	0.01346	0.05252	0.01320	0.00845	0.01133	0.00668	0.00469	0.00722	0.00156	0.20702	0.00476	0.00223	0.00560
56	0.01040	0.01186	0.02338	0.01703	0.02080	0.05525	0.67667	0.01361	0.00989	0.01325	0.00827	0.01117	0.00639	0.00410	0.00600	0.00148	0.09782	0.00482	0.00215	0.00565
57	0.01400	0.01155	0.01185	0.00981	0.01265	0.16084	0.06694	0.16955	0.29619	0.15297	0.01396	0.02518	0.02382	0.00540	0.00435	0.00135	0.00476	0.00440	0.00395	0.00649
58	0.01119	0.01197	0.04392	0.01329	0.01677	0.11666	0.38651	0.11778	0.06008	0.01575	0.09732	0.01363	0.01077	0.00471	0.00466	0.00134	0.00592	0.01335	0.00290	0.05146
59	0.00927	0.00818	0.00951	0.00750	0.03809	0.03530	0.01747	0.02905	0.00935	0.01408	0.00852	0.03820	0.00746	0.00381	0.00343	0.00076	0.00350	0.01658	0.00263	0.73730
60	0.74977	0.03855	0.00850	0.00681	0.00963	0.03235	0.06064	0.02669	0.00793	0.01852	0.00628	0.00739	0.00490	0.00399	0.00290	0.00132	0.00379	0.00256	0.00262	0.00483
61	0.00947	0.00931	0.01532	0.04766	0.04106	0.01013	0.23408	0.03924	0.00887	0.01282	0.00864	0.04842	0.00786	0.01763	0.00796	0.00150	0.28487	0.02790	0.00235	0.16489
62	0.01326	0.01172	0.11679	0.00950	0.01269	0.08840	0.03680	0.13815	0.24924	0.19175	0.02783	0.06166	0.01113	0.00569	0.00438	0.00138	0.00453	0.00467	0.00394	0.00649
63	0.00912	0.15346	0.65871	0.01174	0.03228	0.01105	0.02608	0.01343	0.00912	0.01315	0.02011	0.00917	0.00606	0.00409	0.00391	0.00129	0.00601	0.00316	0.00188	0.00620

[dist]
# distance from previous block
# <min> <max>
0	1

[block]
# block no. 2 follows, 61 sequences, length 10
# corresponding to MSA columns:
# 283-292
name=unknown_C
#
# <colnr> <probs for GDERKNQSTAVLIFYWHMCP>
#	G	D	E	R	K	N	Q	S	T	A	V	L	I	F	Y	W	H	M	C	P
0	0.00869	0.00772	0.01272	0.71269	0.02700	0.00929	0.03360	0.01182	0.03693	0.03990	0.00852	0.01181	0.00635	0.00436	0.00427	0.00140	0.00546	0.00389	0.02451	0.02907
1	0.00556	0.00417	0.00516	0.00536	0.00622	0.00377	0.00385	0.00693	0.01027	0.01376	0.35967	0.31016	0.22754	0.01091	0.00522	0.00151	0.00223	0.00962	0.00431	0.00377
2	0.01373	0.01052	0.01129	0.00900	0.01211	0.01147	0.00729	0.47909	0.23504	0.02286	0.01217	0.01199	0.00896	0.00514	0.00416	0.00126	0.00411	0.00402	0.03888	0.09692
3	0.01135	0.80228	0.07002	0.00766	0.01150	0.01663	0.00787	0.01294	0.00877	0.01034	0.00609	0.00704	0.00552	0.00371	0.00284	0.00095	0.00471	0.00236	0.00184	0.00558
4	0.00918	0.08962	0.60371	0.01301	0.01876	0.01077	0.16841	0.01361	0.00927	0.01338	0.00778	0.00940	0.00567	0.00397	0.00417	0.00134	0.00639	0.00348	0.00189	0.00619
5	0.01001	0.16771	0.07760	0.00736	0.00988	0.00845	0.00655	0.01361	0.14829	0.13791	0.13274	0.11036	0.09631	0.00729	0.00442	0.00137	0.00353	0.04743	0.00379	0.00540
6	0.01066	0.01023	0.01748	0.02644	0.82174	0.01023	0.01322	0.01322	0.00981	0.01407	0.00810	0.01066	0.00682	0.00384	0.00426	0.00128	0.00512	0.00384	0.00213	0.00682
7	0.00626	0.00421	0.00487	0.00487	0.00493	0.00427	0.00283	0.00638	0.00632	0.00848	0.01341	0.02730	0.01527	0.78416	0.08585	0.00439	0.00476	0.00613	0.00259	0.00271
8	0.01066	0.01219	0.08568	0.03663	0.05912	0.01120	0.53897	0.10204	0.01089	0.01497	0.00854	0.01107	0.00647	0.00415	0.00552	0.00145	0.06752	0.00461	0.00236	0.00597
9	0.00617	0.00445	0.00586	0.00563	0.00664	0.00414	0.00430	0.00819	0.01201	0.01691	0.75396	0.03353	0.03934	0.00906	0.00515	0.00141	0.00219	0.07234	0.00468	0.00406

[dist]
# distance from previous block
# <min> <max>
0	7

[block]
# block no. 3 follows, 61 sequences, length 13
# corresponding to MSA columns:
# 300-310,314,315
name=unknown_D
#
# <colnr> <probs for GDERKNQSTAVLIFYWHMCP>
#	G	D	E	R	K	N	Q	S	T	A	V	L	I	F	Y	W	H	M	C	P
0	0.00626	0.00418	0.00470	0.00470	0.00470	0.00418	0.00261	0.00626	0.00626	0.00835	0.01357	0.02819	0.01566	0.84862	0.02192	0.00418	0.00418	0.00626	0.00261	0.00261
1	0.01006	0.01128	0.02414	0.07165	0.06984	0.01077	0.70828	0.01358	0.01005	0.01363	0.00861	0.01155	0.00650	0.00369	0.00499	0.00144	0.00704	0.00493	0.00216	0.00580
2	0.11007	0.00900	0.00966	0.00785	0.01073	0.09170	0.00630	0.07509	0.05807	0.48930	0.03697	0.03189	0.01076	0.02730	0.00461	0.00140	0.00405	0.00428	0.00448	0.00648
3	0.00520	0.00437	0.00452	0.00448	0.00589	0.00368	0.00336	0.00640	0.01008	0.01227	0.13046	0.04042	0.73278	0.01067	0.00509	0.00144	0.00217	0.00895	0.00408	0.00368
4	0.00680	0.00494	0.00670	0.00753	0.00853	0.00492	0.00640	0.00897	0.03606	0.01302	0.05673	0.11509	0.06091	0.01167	0.00579	0.00190	0.00366	0.63236	0.00402	0.00401
5	0.01120	0.64320	0.17938	0.00854	0.01267	0.06046	0.00910	0.01328	0.00901	0.01084	0.00637	0.00738	0.00552	0.00381	0.00309	0.00102	0.00513	0.00250	0.00186	0.00566
6	0.00936	0.01457	0.30503	0.19784	0.09985	0.03281	0.22789	0.01306	0.00936	0.01296	0.00793	0.01043	0.00595	0.00410	0.00472	0.00140	0.03101	0.00391	0.00198	0.00582
7	0.00565	0.00404	0.00546	0.00646	0.00688	0.00385	0.00470	0.00669	0.00864	0.01145	0.02352	0.65633	0.02761	0.01312	0.00561	0.00180	0.00285	0.19774	0.00399	0.00361
8	0.00626	0.00420	0.00484	0.00484	0.00489	0.00425	0.00279	0.00635	0.00631	0.00846	0.01344	0.02748	0.01535	0.79692	0.07320	0.00435	0.00464	0.00616	0.00259	0.00269
9	0.00846	0.05786	0.21817	0.03613	0.06972	0.00856	0.18177	0.03830	0.00997	0.01369	0.10747	0.11114	0.08318	0.03014	0.00513	0.00148	0.00494	0.00580	0.00281	0.00528
10	0.01245	0.01012	0.01072	0.00912	0.01186	0.01153	0.00724	0.26350	0.57053	0.02082	0.01533	0.01431	0.01136	0.00564	0.00436	0.00141	0.00382	0.00457	0.00436	0.00697
11	0.00626	0.00418	0.00470	0.00470	0.00470	0.00418	0.00261	0.00626	0.00626	0.00835	0.01357	0.02819	0.01566	0.84862	0.02192	0.00418	0.00418	0.00626	0.00261	0.00261
12	0.01278	0.07375	0.19333	0.01104	0.01470	0.23748	0.10367	0.19530	0.01260	0.01586	0.00859	0.00978	0.00653	0.00443	0.00401	0.00123	0.00598	0.00347	0.07961	0.00587

[dist]
# distance from previous block
# <min> <max>
0	2

[block]
# block no. 4 follows, 61 sequences, length 10
# corresponding to MSA columns:
# 318-327
name=unknown_E
#
# <colnr> <probs for GDERKNQSTAVLIFYWHMCP>
#	G	D	E	R	K	N	Q	S	T	A	V	L	I	F	Y	W	H	M	C	P
0	0.00620	0.00443	0.00525	0.00517	0.00637	0.00391	0.00383	0.00761	0.01055	0.05476	0.31901	0.16462	0.37202	0.01028	0.00511	0.00146	0.00225	0.00888	0.00433	0.00396
1	0.04684	0.00986	0.01052	0.00791	0.01149	0.03659	0.00642	0.32696	0.01347	0.01933	0.00862	0.00937	0.00666	0.00405	0.00364	0.00094	0.00396	0.00308	0.00324	0.46705
2	0.00771	0.00585	0.00715	0.00697	0.00832	0.00605	0.00556	0.04614	0.17003	0.01612	0.35216	0.03263	0.02786	0.05151	0.00602	0.00170	0.00310	0.23616	0.00432	0.00465
3	0.01529	0.12563	0.03349	0.00906	0.01187	0.30765	0.00741	0.10599	0.03286	0.22738	0.02582	0.01163	0.00853	0.05280	0.00497	0.00136	0.00546	0.00360	0.00334	0.00587
4	0.01491	0.15981	0.06031	0.01048	0.01324	0.60913	0.00859	0.05359	0.01183	0.01143	0.00678	0.00782	0.00562	0.00433	0.00373	0.00110	0.00701	0.00277	0.00223	0.00527
5	0.00626	0.00418	0.00470	0.00470	0.00470	0.00418	0.00261	0.00626	0.00626	0.00835	0.01357	0.02819	0.01566	0.84862	0.02192	0.00418	0.00418	0.00626	0.00261	0.00261
6	0.06597	0.09529	0.05930	0.02581	0.12004	0.00977	0.02929	0.13109	0.06188	0.32586	0.02558	0.01219	0.00895	0.00482	0.00408	0.00129	0.00433	0.00391	0.00383	0.00669
7	0.00872	0.05097	0.66487	0.01229	0.01800	0.00997	0.09488	0.01322	0.00926	0.01355	0.03231	0.03652	0.00734	0.00447	0.00422	0.00137	0.00614	0.00377	0.00201	0.00612
8	0.00539	0.00381	0.00495	0.00581	0.00602	0.00360	0.00380	0.00604	0.00796	0.01061	0.02227	0.72768	0.02664	0.13415	0.00787	0.00210	0.00274	0.01138	0.00380	0.00337
9	0.01463	0.01074	0.01162	0.00929	0.01237	0.01188	0.00755	0.52390	0.22707	0.06947	0.04681	0.01301	0.01045	0.00551	0.00436	0.00134	0.00422	0.00433	0.00440	0.00706

[dist]
# distance from previous block
# <min> <max>
0	2

[block]
# block no. 5 follows, 61 sequences, length 29
# corresponding to MSA columns:
# 330,331,356-382
name=unknown_F
#
# <colnr> <probs for GDERKNQSTAVLIFYWHMCP>
#	G	D	E	R	K	N	Q	S	T	A	V	L	I	F	Y	W	H	M	C	P
0	0.00644	0.00488	0.00599	0.00563	0.00684	0.00467	0.00425	0.00937	0.09135	0.01669	0.65011	0.03166	0.12824	0.00876	0.00501	0.00138	0.00219	0.00765	0.00462	0.00429
1	0.00631	0.00417	0.00452	0.00455	0.00501	0.00403	0.00284	0.00689	0.00748	0.01039	0.01977	0.05056	0.17140	0.51850	0.01496	0.00304	0.00337	0.00659	0.15254	0.00307
2	0.02627	0.01337	0.15179	0.03783	0.01406	0.07838	0.00896	0.38753	0.04030	0.01996	0.00914	0.00981	0.00677	0.00452	0.00400	0.00117	0.00494	0.00342	0.00326	0.17451
3	0.00748	0.00374	0.00561	0.00561	0.00561	0.00374	0.00374	0.00561	0.00561	0.00748	0.00748	0.01309	0.00748	0.01496	0.01684	0.87467	0.00374	0.00374	0.00187	0.00187
4	0.00529	0.00378	0.00503	0.00597	0.00626	0.00353	0.00400	0.00610	0.00844	0.01130	0.06164	0.80705	0.02907	0.01327	0.00548	0.00173	0.00248	0.01203	0.00403	0.00353
5	0.00864	0.02228	0.82630	0.01228	0.01864	0.01000	0.01592	0.01364	0.00909	0.01364	0.00773	0.00909	0.00546	0.00409	0.00409	0.00136	0.00637	0.00318	0.00182	0.00637
6	0.00889	0.02071	0.72408	0.01209	0.01801	0.01010	0.03604	0.01456	0.08887	0.01408	0.00873	0.00985	0.00625	0.00425	0.00415	0.00138	0.00610	0.00340	0.00208	0.00640
7	0.00966	0.00972	0.01149	0.01010	0.01088	0.11910	0.02951	0.01167	0.06645	0.01113	0.00828	0.01160	0.00750	0.01231	0.19234	0.00283	0.43910	0.00395	0.02768	0.00472
8	0.00773	0.00404	0.00413	0.00413	0.00496	0.00404	0.00294	0.00939	0.00856	0.01473	0.01397	0.01815	0.01184	0.15011	0.00626	0.00155	0.00238	0.00440	0.72291	0.00377
9	0.01082	0.00999	0.01608	0.02319	0.68216	0.01006	0.01200	0.09139	0.01084	0.01519	0.01092	0.01288	0.06617	0.00449	0.00433	0.00129	0.00487	0.00423	0.00248	0.00664
10	0.01021	0.00841	0.00962	0.00699	0.01075	0.00705	0.00563	0.14785	0.01088	0.01629	0.00812	0.00917	0.00654	0.00353	0.00338	0.00075	0.00346	0.00278	0.00285	0.72572
11	0.01016	0.01099	0.02142	0.01587	0.01893	0.01165	0.54603	0.03981	0.00947	0.01325	0.00788	0.01093	0.00631	0.00483	0.00770	0.00157	0.25084	0.00466	0.00217	0.00554
12	0.00971	0.00773	0.00874	0.00829	0.03963	0.00848	0.00610	0.10190	0.38123	0.03842	0.01927	0.07269	0.11732	0.07090	0.08776	0.00219	0.00427	0.00580	0.00391	0.00566
13	0.00552	0.00391	0.00517	0.00607	0.00637	0.00371	0.00416	0.00632	0.00822	0.01093	0.02264	0.68395	0.02684	0.09607	0.00717	0.00201	0.00281	0.09080	0.00386	0.00346
14	0.03246	0.00902	0.01523	0.39816	0.30360	0.01024	0.06696	0.01196	0.00892	0.01243	0.00765	0.01089	0.00614	0.00439	0.00522	0.00142	0.08386	0.00387	0.00203	0.00556
15	0.01096	0.19773	0.26331	0.01189	0.01608	0.12618	0.17389	0.02959	0.07605	0.01298	0.00819	0.00956	0.00638	0.00424	0.00436	0.00128	0.03574	0.00350	0.00221	0.00588
16	0.00676	0.00554	0.00618	0.00624	0.00741	0.03573	0.00471	0.00959	0.11416	0.01409	0.26254	0.20965	0.19528	0.01006	0.00513	0.00153	0.00277	0.09419	0.00420	0.00423
17	0.00821	0.00484	0.00631	0.00579	0.00716	0.00437	0.00439	0.00998	0.01164	0.15510	0.54370	0.11311	0.09081	0.00884	0.00500	0.00140	0.00237	0.00775	0.00471	0.00454
18	0.00953	0.00900	0.04046	0.03189	0.01241	0.06737	0.15897	0.10551	0.01084	0.04052	0.09619	0.14511	0.07051	0.05324	0.01585	0.00171	0.07352	0.04920	0.00328	0.00491
19	0.07210	0.02102	0.01414	0.27250	0.01920	0.03669	0.13002	0.26195	0.04090	0.03756	0.00931	0.02619	0.00707	0.00479	0.00457	0.00139	0.02769	0.00408	0.00298	0.00585
20	0.00865	0.00654	0.00768	0.00682	0.00849	0.00679	0.00531	0.14807	0.14663	0.01898	0.52546	0.02619	0.02992	0.00777	0.00486	0.00138	0.00278	0.02802	0.00459	0.00508
21	0.00524	0.00378	0.00497	0.00592	0.00623	0.00351	0.00396	0.00601	0.00832	0.01103	0.02469	0.80749	0.06619	0.01337	0.00548	0.00174	0.00248	0.01210	0.00400	0.00351
22	0.02724	0.01278	0.04584	0.19710	0.02038	0.19881	0.31958	0.04376	0.02217	0.03508	0.00841	0.01077	0.00641	0.00489	0.02662	0.00150	0.00680	0.00408	0.00233	0.00545
23	0.04222	0.03134	0.10676	0.23620	0.04930	0.07039	0.26817	0.05073	0.00990	0.01340	0.00788	0.01045	0.00604	0.00419	0.00483	0.00138	0.04555	0.00395	0.00218	0.03513
24	0.00665	0.00615	0.03675	0.00756	0.00878	0.00587	0.07121	0.00816	0.00915	0.01230	0.11584	0.22405	0.20908	0.04455	0.00706	0.00172	0.11139	0.08845	0.02121	0.00407
25	0.01298	0.07347	0.01214	0.02476	0.01216	0.25673	0.03975	0.11329	0.08211	0.09228	0.01102	0.09323	0.00952	0.00650	0.02689	0.00145	0.07338	0.00441	0.01779	0.03614
26	0.04198	0.01003	0.02822	0.04946	0.05145	0.09557	0.07420	0.17383	0.03308	0.14582	0.04200	0.02894	0.02671	0.03981	0.06253	0.00180	0.02097	0.00437	0.01757	0.05164
27	0.09281	0.03572	0.03930	0.02053	0.01525	0.13902	0.24808	0.11541	0.11473	0.04959	0.00987	0.01144	0.00758	0.00455	0.00438	0.00132	0.01663	0.01865	0.00294	0.05220
28	0.02758	0.03297	0.02704	0.03955	0.01167	0.01774	0.09332	0.14786	0.03428	0.05550	0.08175	0.05196	0.11634	0.01862	0.04828	0.00168	0.03387	0.04970	0.02711	0.08318

[dist]
# distance from previous block
# <min> <max>
0	182

# created by:
# /st0/software/busco_prod/Augustus/scripts/msa2prfl.pl ./align_prep/114148.fa
