[name]
unknown

[dist]
# distance from previous block
# <min> <max>
9	190

[block]
# block no. 0 follows, 50 sequences, length 12
# corresponding to MSA columns:
# 452-463
name=unknown_A
#
# <colnr> <probs for GDERKNQSTAVLIFYWHMCP>
#	G	D	E	R	K	N	Q	S	T	A	V	L	I	F	Y	W	H	M	C	P
0	0.13673	0.06706	0.01285	0.00970	0.01304	0.01239	0.00811	0.35328	0.06926	0.12005	0.04186	0.01840	0.01262	0.00683	0.00486	0.00159	0.00477	0.09472	0.00464	0.00726
1	0.06382	0.09776	0.04983	0.01019	0.01413	0.01170	0.06084	0.20465	0.10160	0.09736	0.01281	0.04322	0.01016	0.00570	0.00457	0.00138	0.00488	0.02017	0.00396	0.18126
2	0.03663	0.36653	0.01693	0.00869	0.01200	0.04116	0.00774	0.04264	0.04081	0.12755	0.01455	0.07333	0.02807	0.00696	0.00444	0.00142	0.00480	0.10857	0.00358	0.05361
3	0.01401	0.04449	0.14205	0.01352	0.08091	0.14981	0.01127	0.18746	0.03478	0.01813	0.03012	0.01165	0.00841	0.00596	0.00698	0.00155	0.16651	0.00409	0.00311	0.06517
4	0.10727	0.00814	0.00810	0.00752	0.00953	0.07380	0.00573	0.01320	0.09020	0.07134	0.20779	0.15409	0.12881	0.00934	0.00525	0.00160	0.00363	0.02640	0.00452	0.06372
5	0.01422	0.00937	0.00989	0.00835	0.01109	0.10212	0.00655	0.01730	0.08735	0.27359	0.19561	0.02301	0.08972	0.00847	0.03367	0.00169	0.00446	0.00607	0.00489	0.09259
6	0.01563	0.14220	0.01472	0.01028	0.01360	0.31245	0.02451	0.03196	0.01240	0.12749	0.01016	0.01130	0.00804	0.00758	0.07170	0.00176	0.00699	0.00360	0.00315	0.17048
7	0.08376	0.19511	0.44025	0.01190	0.01770	0.01392	0.01376	0.13761	0.01234	0.01797	0.00883	0.01001	0.00660	0.00483	0.00431	0.00145	0.00633	0.00351	0.00266	0.00717
8	0.00668	0.00451	0.00593	0.00657	0.00689	0.00428	0.00436	0.00724	0.00940	0.01268	0.11898	0.50646	0.02955	0.13883	0.01077	0.10432	0.00329	0.01129	0.00419	0.00375
9	0.01743	0.01298	0.03132	0.01228	0.01575	0.10642	0.12120	0.21517	0.01533	0.26150	0.01400	0.01427	0.03171	0.00616	0.00641	0.00160	0.09991	0.00485	0.00431	0.00740
10	0.39926	0.01244	0.10420	0.00924	0.01231	0.06276	0.00833	0.05795	0.01073	0.07923	0.07450	0.01220	0.00995	0.00592	0.00576	0.00162	0.12033	0.00390	0.00335	0.00602
11	0.00647	0.00463	0.00621	0.00718	0.00769	0.00437	0.00512	0.00771	0.01036	0.01390	0.11857	0.61949	0.03404	0.01471	0.00638	0.00201	0.00307	0.11917	0.00472	0.00420

[dist]
# distance from previous block
# <min> <max>
5	7

[block]
# block no. 1 follows, 50 sequences, length 73
# corresponding to MSA columns:
# 471-509,522-533,560-563,567-571,573-580,582-586
name=unknown_B
#
# <colnr> <probs for GDERKNQSTAVLIFYWHMCP>
#	G	D	E	R	K	N	Q	S	T	A	V	L	I	F	Y	W	H	M	C	P
0	0.01135	0.01232	0.08016	0.25953	0.20053	0.01179	0.24023	0.01554	0.05278	0.03603	0.01021	0.01325	0.00779	0.00481	0.00544	0.00163	0.02234	0.00489	0.00261	0.00677
1	0.01081	0.01183	0.02493	0.10784	0.02469	0.01140	0.59686	0.01451	0.01129	0.01521	0.01206	0.11153	0.01054	0.00567	0.00584	0.00172	0.00754	0.00673	0.00274	0.00627
2	0.01070	0.01199	0.10612	0.37883	0.33832	0.01136	0.02849	0.01415	0.01063	0.01467	0.00923	0.01268	0.00723	0.00474	0.00493	0.00157	0.00639	0.00438	0.01688	0.00670
3	0.01657	0.01306	0.15637	0.01530	0.12057	0.00981	0.17521	0.01980	0.01268	0.38740	0.01434	0.01445	0.00966	0.00526	0.00514	0.00157	0.00591	0.00489	0.00417	0.00783
4	0.00982	0.02165	0.63748	0.01274	0.01890	0.01028	0.01574	0.01471	0.01051	0.04276	0.01303	0.05923	0.05414	0.00762	0.04814	0.00196	0.00704	0.00481	0.00257	0.00688
5	0.05465	0.00462	0.00654	0.00650	0.00666	0.00470	0.00439	0.00693	0.00660	0.00940	0.00857	0.01477	0.00848	0.01663	0.01859	0.80888	0.00430	0.00424	0.00221	0.00234
6	0.01577	0.01327	0.06836	0.13296	0.06337	0.04816	0.06622	0.32518	0.07066	0.11544	0.01286	0.01362	0.01965	0.00566	0.00503	0.00155	0.00588	0.00469	0.00409	0.00758
7	0.01430	0.05842	0.10324	0.09338	0.03337	0.03944	0.16531	0.01742	0.02381	0.25168	0.02340	0.03274	0.01160	0.00706	0.02724	0.00181	0.01723	0.06787	0.00381	0.00686
8	0.00995	0.02389	0.70709	0.01431	0.02117	0.01135	0.06615	0.01542	0.01047	0.01557	0.00926	0.01120	0.00673	0.00647	0.04804	0.00193	0.00776	0.00391	0.00216	0.00717
9	0.00613	0.00438	0.00583	0.00690	0.00724	0.00408	0.00463	0.00707	0.00979	0.01312	0.06872	0.77920	0.03373	0.01532	0.00634	0.00200	0.00286	0.01389	0.00467	0.00408
10	0.01911	0.01052	0.09534	0.00942	0.01341	0.00832	0.00843	0.07391	0.04612	0.56560	0.05581	0.01802	0.03967	0.00644	0.00505	0.00156	0.00450	0.00524	0.00552	0.00801
11	0.01109	0.01153	0.04836	0.27202	0.31736	0.01161	0.16377	0.01508	0.05274	0.01528	0.01078	0.01387	0.02409	0.00487	0.00516	0.00160	0.00651	0.00488	0.00257	0.00683
12	0.00683	0.00514	0.00633	0.00615	0.00739	0.00471	0.00457	0.00907	0.03051	0.01792	0.54210	0.10947	0.20910	0.01113	0.00591	0.00164	0.00247	0.00973	0.00521	0.00461
13	0.01014	0.05951	0.76650	0.01397	0.02120	0.01192	0.01800	0.01575	0.01051	0.01561	0.00886	0.01042	0.00632	0.00472	0.00467	0.00156	0.00728	0.00364	0.00211	0.00733
14	0.02615	0.28785	0.50338	0.01217	0.01827	0.04355	0.01463	0.01564	0.01049	0.01444	0.00820	0.00960	0.00633	0.00459	0.00420	0.00140	0.00670	0.00332	0.00215	0.00696
15	0.01021	0.05451	0.73017	0.01436	0.02149	0.01193	0.05793	0.01576	0.01057	0.01565	0.00893	0.01058	0.00638	0.00469	0.00474	0.00157	0.00735	0.00376	0.00213	0.00730
16	0.00604	0.00510	0.00525	0.00533	0.00698	0.00431	0.00407	0.00737	0.01137	0.01356	0.04887	0.04853	0.74024	0.01270	0.00596	0.00172	0.00266	0.06109	0.00463	0.00423
17	0.01563	0.01378	0.02030	0.01528	0.01936	0.13239	0.35466	0.11977	0.04978	0.16365	0.03605	0.01419	0.00996	0.00525	0.00535	0.00157	0.00694	0.00521	0.00375	0.00713
18	0.01283	0.01035	0.01106	0.00987	0.01272	0.01175	0.00770	0.02562	0.70417	0.07295	0.02136	0.01957	0.04372	0.00694	0.00510	0.00168	0.00391	0.00577	0.00513	0.00779
19	0.00615	0.00439	0.00587	0.00702	0.00734	0.00411	0.00475	0.00707	0.00961	0.01281	0.02743	0.79329	0.03281	0.01555	0.00638	0.00203	0.00295	0.04174	0.00463	0.00407
20	0.00941	0.00886	0.01495	0.81285	0.03433	0.01107	0.01384	0.01274	0.00997	0.01274	0.00886	0.01329	0.00664	0.00498	0.00498	0.00166	0.00664	0.00443	0.00221	0.00554
21	0.01217	0.01184	0.05077	0.01255	0.01495	0.01335	0.09535	0.04769	0.35999	0.03368	0.01373	0.01481	0.01076	0.00700	0.00890	0.00184	0.27487	0.00509	0.00371	0.00696
22	0.00705	0.00510	0.00666	0.00627	0.00745	0.00470	0.00470	0.00941	0.01411	0.01999	0.79110	0.03723	0.04703	0.01019	0.00588	0.00157	0.00235	0.00901	0.00549	0.00470
23	0.00607	0.00434	0.00578	0.00694	0.00723	0.00405	0.00463	0.00694	0.00954	0.01272	0.02747	0.82157	0.03297	0.01562	0.00636	0.00202	0.00289	0.01417	0.00463	0.00405
24	0.02054	0.00960	0.01408	0.01063	0.01463	0.00877	0.10387	0.08520	0.03124	0.61958	0.01784	0.01615	0.01148	0.00592	0.00512	0.00156	0.00486	0.00509	0.00559	0.00825
25	0.01851	0.01414	0.01387	0.01100	0.01458	0.12956	0.00892	0.52315	0.02033	0.12047	0.06483	0.01384	0.01124	0.00617	0.00498	0.00148	0.00564	0.00467	0.00481	0.00783
26	0.01234	0.01184	0.02023	0.03059	0.79373	0.01184	0.01530	0.01530	0.01135	0.01628	0.00938	0.01234	0.00790	0.00444	0.00493	0.00148	0.00592	0.00444	0.00247	0.00790
27	0.00728	0.00565	0.00674	0.00669	0.00811	0.00538	0.00515	0.01033	0.08752	0.01700	0.34861	0.09904	0.25925	0.01141	0.00596	0.00174	0.00287	0.10144	0.00502	0.00480
28	0.01049	0.01084	0.05802	0.47235	0.28632	0.01155	0.01443	0.01372	0.01035	0.01405	0.00893	0.01271	0.00704	0.00496	0.00548	0.00162	0.04403	0.00439	0.00229	0.00642
29	0.01063	0.05239	0.01509	0.18648	0.01807	0.02558	0.11338	0.01340	0.03236	0.05765	0.19364	0.01983	0.01750	0.00731	0.00783	0.00174	0.18701	0.03099	0.00339	0.00573
30	0.01955	0.01224	0.01385	0.01067	0.01454	0.01300	0.00880	0.55187	0.02053	0.23864	0.01409	0.01353	0.00963	0.00689	0.02686	0.00169	0.00536	0.00465	0.00524	0.00837
31	0.01487	0.01264	0.02184	0.01610	0.02032	0.01277	0.40549	0.20254	0.05058	0.12130	0.01204	0.01362	0.00870	0.00529	0.00617	0.00165	0.05770	0.00532	0.00369	0.00735
32	0.01109	0.25918	0.53237	0.01341	0.05967	0.01397	0.01537	0.01551	0.01045	0.01463	0.00838	0.00988	0.00642	0.00458	0.00430	0.00142	0.00670	0.00343	0.00213	0.00711
33	0.00607	0.00434	0.00578	0.00694	0.00723	0.00405	0.00463	0.00694	0.00954	0.01272	0.02747	0.82157	0.03297	0.01562	0.00636	0.00202	0.00289	0.01417	0.00463	0.00405
34	0.01234	0.01184	0.02023	0.03059	0.79373	0.01184	0.01530	0.01530	0.01135	0.01628	0.00938	0.01234	0.00790	0.00444	0.00493	0.00148	0.00592	0.00444	0.00247	0.00790
35	0.00963	0.00919	0.01587	0.74729	0.05705	0.01118	0.05400	0.01298	0.01010	0.01301	0.00894	0.01327	0.00673	0.00493	0.00503	0.00166	0.00672	0.00451	0.00224	0.00567
36	0.01300	0.01351	0.03265	0.02752	0.66276	0.11594	0.01440	0.01575	0.01167	0.01567	0.00950	0.02756	0.00816	0.00475	0.00490	0.00147	0.00629	0.00445	0.00252	0.00753
37	0.00607	0.00434	0.00578	0.00694	0.00723	0.00405	0.00463	0.00694	0.00954	0.01272	0.02747	0.82157	0.03297	0.01562	0.00636	0.00202	0.00289	0.01417	0.00463	0.00405
38	0.86003	0.00964	0.00733	0.00655	0.00964	0.01118	0.00540	0.01465	0.00848	0.02236	0.00694	0.00810	0.00540	0.00463	0.00308	0.00154	0.00386	0.00270	0.00308	0.00540
39	0.00614	0.00502	0.00516	0.00514	0.00654	0.00432	0.00369	0.00723	0.01078	0.01303	0.06516	0.04522	0.64742	0.14269	0.00901	0.00218	0.00289	0.00995	0.00439	0.00403
40	0.01598	0.01249	0.01329	0.01087	0.01433	0.01407	0.00876	0.43738	0.36799	0.02663	0.01573	0.01497	0.01153	0.00634	0.00503	0.00158	0.00479	0.00501	0.00503	0.00821
41	0.00710	0.00511	0.00665	0.00634	0.00745	0.00475	0.00474	0.00933	0.01363	0.01923	0.71900	0.03773	0.04474	0.05446	0.00697	0.00177	0.00257	0.03849	0.00532	0.00461
42	0.00852	0.00433	0.00646	0.00652	0.00653	0.00431	0.00435	0.00652	0.00666	0.00888	0.00968	0.05884	0.00997	0.01722	0.01877	0.80877	0.00425	0.00486	0.00230	0.00227
43	0.01187	0.01137	0.01939	0.15569	0.67229	0.01172	0.01506	0.01489	0.01113	0.01572	0.00929	0.01249	0.00770	0.00453	0.00494	0.00151	0.00604	0.00444	0.00243	0.00752
44	0.05486	0.04960	0.73354	0.01363	0.02067	0.01181	0.01743	0.01570	0.01040	0.01601	0.00878	0.01032	0.00627	0.00472	0.00460	0.00156	0.00712	0.00360	0.00216	0.00723
45	0.00643	0.00483	0.00553	0.00576	0.00661	0.00439	0.00391	0.00742	0.01023	0.01316	0.13193	0.22871	0.31502	0.22071	0.01098	0.00256	0.00318	0.01037	0.00433	0.00393
46	0.01347	0.01218	0.01758	0.01375	0.01748	0.01305	0.24494	0.16810	0.39946	0.02138	0.01554	0.01573	0.01156	0.00582	0.00531	0.00165	0.00562	0.00549	0.00427	0.00764
47	0.01278	0.64841	0.16236	0.00957	0.01432	0.01789	0.01024	0.03596	0.01064	0.01314	0.02167	0.00908	0.00718	0.00450	0.00357	0.00118	0.00564	0.00301	0.00227	0.00659
48	0.01333	0.82783	0.02612	0.00853	0.01279	0.01972	0.00853	0.01493	0.01013	0.01173	0.00693	0.00800	0.00640	0.00426	0.00320	0.00107	0.00533	0.00267	0.00213	0.00640
49	0.00721	0.00527	0.00691	0.00722	0.00838	0.00497	0.00578	0.00932	0.01256	0.01697	0.38475	0.09811	0.12193	0.01210	0.00627	0.00187	0.00321	0.27759	0.00501	0.00456
50	0.01813	0.01943	0.01412	0.01215	0.01519	0.48058	0.00942	0.25951	0.09010	0.01908	0.01024	0.01084	0.00790	0.00556	0.00470	0.00139	0.00740	0.00384	0.00357	0.00683
51	0.01171	0.01285	0.02715	0.01962	0.02429	0.01216	0.68802	0.05072	0.01216	0.01647	0.01134	0.06789	0.00932	0.00505	0.00587	0.00170	0.00790	0.00638	0.00278	0.00662
52	0.81460	0.00987	0.00774	0.00682	0.00995	0.01141	0.00562	0.05584	0.00929	0.02285	0.00721	0.00831	0.00556	0.00470	0.00319	0.00154	0.00394	0.00280	0.00319	0.00556
53	0.00614	0.00468	0.00562	0.00618	0.00704	0.00419	0.00431	0.00728	0.01061	0.01369	0.11649	0.45251	0.29699	0.03201	0.00657	0.00192	0.00275	0.01220	0.00468	0.00415
54	0.01146	0.01095	0.01865	0.26523	0.56596	0.01161	0.01486	0.01453	0.01093	0.01522	0.00922	0.01262	0.00752	0.00460	0.00495	0.00153	0.00614	0.00444	0.00239	0.00719
55	0.01862	0.02376	0.01413	0.01284	0.01541	0.80482	0.00963	0.01990	0.01413	0.01220	0.00770	0.00899	0.00642	0.00514	0.00449	0.00128	0.00899	0.00321	0.00257	0.00578
56	0.00699	0.00508	0.00658	0.00624	0.00741	0.00467	0.00467	0.00927	0.01392	0.01960	0.74786	0.05239	0.07582	0.01039	0.00589	0.00158	0.00237	0.00917	0.00544	0.00467
57	0.01226	0.01176	0.02009	0.05234	0.77263	0.01182	0.01526	0.01523	0.01131	0.01619	0.00936	0.01236	0.00786	0.00446	0.00494	0.00149	0.00594	0.00444	0.00246	0.00783
58	0.01045	0.02568	0.75767	0.01413	0.02125	0.05335	0.01795	0.01600	0.01071	0.01560	0.00888	0.01044	0.00632	0.00476	0.00472	0.00156	0.00745	0.00366	0.00213	0.00728
59	0.01877	0.01387	0.01486	0.01143	0.01539	0.01537	0.00943	0.75644	0.04440	0.03112	0.01220	0.01215	0.00866	0.00600	0.00499	0.00150	0.00544	0.00452	0.00499	0.00846
60	0.01616	0.01935	0.01767	0.01457	0.01763	0.49015	0.19018	0.04865	0.05806	0.01433	0.00909	0.01084	0.00729	0.00528	0.00564	0.00147	0.06057	0.00411	0.00277	0.00621
61	0.00699	0.00509	0.00658	0.00620	0.00741	0.00468	0.00465	0.00928	0.01396	0.01964	0.75110	0.03781	0.08726	0.01032	0.00588	0.00157	0.00236	0.00910	0.00544	0.00468
62	0.00708	0.00528	0.00759	0.00759	0.00849	0.00598	0.00582	0.00873	0.00823	0.01170	0.01605	0.02229	0.06538	0.08396	0.68903	0.00727	0.01190	0.00580	0.01747	0.00435
63	0.01217	0.01396	0.02737	0.01989	0.02441	0.06623	0.66948	0.01595	0.01163	0.01543	0.00967	0.01296	0.00741	0.00459	0.00653	0.00169	0.06595	0.00559	0.00250	0.00657
64	0.01569	0.01579	0.01351	0.10777	0.01689	0.29486	0.00954	0.19715	0.22672	0.01924	0.02573	0.01331	0.01003	0.00585	0.00485	0.00149	0.00640	0.00442	0.00382	0.00694
65	0.00685	0.00505	0.00649	0.00629	0.00744	0.00470	0.00469	0.00892	0.01303	0.01810	0.59312	0.09308	0.13548	0.01271	0.05983	0.00205	0.00315	0.00932	0.00513	0.00458
66	0.20979	0.07610	0.56100	0.01203	0.01818	0.01203	0.01469	0.01546	0.01002	0.01706	0.00834	0.00978	0.00610	0.00468	0.00424	0.00154	0.00640	0.00338	0.00234	0.00684
67	0.06982	0.08297	0.27480	0.01282	0.01777	0.02411	0.12740	0.08390	0.16902	0.07095	0.01208	0.01277	0.00885	0.00523	0.00478	0.00156	0.00608	0.00441	0.00337	0.00731
68	0.03161	0.01151	0.01755	0.10142	0.46700	0.01193	0.03012	0.11298	0.07690	0.01837	0.01049	0.01270	0.00836	0.00483	0.00485	0.00147	0.00563	0.00444	0.00303	0.06482
69	0.00669	0.00492	0.00613	0.00619	0.00717	0.00451	0.00446	0.00835	0.01208	0.01642	0.42741	0.20144	0.16994	0.07761	0.00758	0.00196	0.00274	0.02512	0.00494	0.00434
70	0.56382	0.05066	0.10271	0.00838	0.01209	0.06512	0.00770	0.05517	0.01034	0.07307	0.00834	0.00924	0.00625	0.00483	0.00361	0.00150	0.00479	0.00310	0.00320	0.00607
71	0.02879	0.02394	0.04179	0.06315	0.08016	0.06499	0.35761	0.03765	0.05666	0.08255	0.01205	0.01612	0.00962	0.00558	0.00597	0.00167	0.04579	0.05603	0.00315	0.00673
72	0.00672	0.00492	0.00577	0.00597	0.00673	0.00458	0.00410	0.00774	0.01012	0.01322	0.15631	0.16472	0.22987	0.29180	0.01272	0.00284	0.00349	0.06030	0.00422	0.00388

[dist]
# distance from previous block
# <min> <max>
1	21

[block]
# block no. 2 follows, 50 sequences, length 12
# corresponding to MSA columns:
# 631-635,638-644
name=unknown_C
#
# <colnr> <probs for GDERKNQSTAVLIFYWHMCP>
#	G	D	E	R	K	N	Q	S	T	A	V	L	I	F	Y	W	H	M	C	P
0	0.01235	0.01170	0.01797	0.14180	0.41884	0.03262	0.06730	0.05378	0.15944	0.01722	0.01151	0.01365	0.00907	0.00504	0.00503	0.00156	0.00589	0.00474	0.00305	0.00743
1	0.10030	0.00884	0.01092	0.00876	0.01226	0.00845	0.00713	0.02316	0.14420	0.56125	0.04858	0.01718	0.01351	0.00628	0.00487	0.00157	0.00408	0.00505	0.00566	0.00794
2	0.00746	0.00563	0.00696	0.00653	0.00791	0.00540	0.00493	0.01084	0.08766	0.01948	0.65027	0.03642	0.11137	0.01008	0.00580	0.00159	0.00252	0.00883	0.00537	0.00496
3	0.01306	0.00990	0.01113	0.00945	0.01202	0.01100	0.00755	0.22631	0.25130	0.06663	0.10650	0.02171	0.10942	0.00864	0.02967	0.00183	0.06949	0.00612	0.02135	0.00692
4	0.04426	0.18570	0.43646	0.08871	0.01958	0.01311	0.01418	0.05966	0.01131	0.06964	0.00936	0.01071	0.00687	0.00483	0.00442	0.00147	0.00642	0.00365	0.00260	0.00706
5	0.01818	0.01441	0.01483	0.01203	0.01548	0.26481	0.11509	0.02206	0.13061	0.31885	0.01459	0.01416	0.01021	0.00565	0.00498	0.00150	0.00630	0.00465	0.00434	0.00728
6	0.01184	0.01029	0.01163	0.04083	0.01334	0.03954	0.00743	0.12082	0.07540	0.01790	0.01133	0.03280	0.02543	0.00535	0.00540	0.00117	0.08200	0.00404	0.00337	0.48009
7	0.00606	0.00475	0.00543	0.00589	0.00693	0.00418	0.00415	0.00717	0.01060	0.01332	0.07205	0.36527	0.42199	0.04023	0.00672	0.00192	0.00274	0.01185	0.00461	0.00413
8	0.00715	0.00521	0.00734	0.00734	0.00800	0.00587	0.00540	0.00847	0.00781	0.01108	0.01396	0.02297	0.01393	0.24226	0.60221	0.00718	0.01113	0.00584	0.00276	0.00408
9	0.01169	0.01323	0.02820	0.02033	0.02494	0.01283	0.71019	0.01563	0.01141	0.01563	0.00978	0.01323	0.00748	0.00459	0.00678	0.00172	0.07749	0.00575	0.00249	0.00661
10	0.01202	0.01152	0.01965	0.11647	0.71037	0.01176	0.01514	0.01502	0.01120	0.01589	0.00932	0.01244	0.00776	0.00450	0.00494	0.00150	0.00600	0.00444	0.00244	0.00764
11	0.01240	0.01071	0.01127	0.01014	0.01296	0.01240	0.00789	0.02649	0.78473	0.02085	0.02029	0.01860	0.01522	0.00676	0.00507	0.00169	0.00394	0.00564	0.00507	0.00789

[dist]
# distance from previous block
# <min> <max>
0	11

[block]
# block no. 3 follows, 50 sequences, length 7
# corresponding to MSA columns:
# 656-662
name=unknown_D
#
# <colnr> <probs for GDERKNQSTAVLIFYWHMCP>
#	G	D	E	R	K	N	Q	S	T	A	V	L	I	F	Y	W	H	M	C	P
0	0.01557	0.01120	0.01355	0.01105	0.01448	0.01212	0.06920	0.18319	0.42012	0.16669	0.01761	0.01649	0.01266	0.00628	0.00511	0.00162	0.00468	0.00530	0.00505	0.00803
1	0.01831	0.01365	0.01460	0.01134	0.01521	0.01516	0.00932	0.70417	0.09741	0.03039	0.01278	0.01261	0.00913	0.00606	0.00499	0.00151	0.00534	0.00460	0.00499	0.00842
2	0.00639	0.00484	0.00576	0.00598	0.00698	0.00436	0.00423	0.00775	0.01131	0.01484	0.25625	0.26602	0.29572	0.07739	0.00757	0.00200	0.00276	0.01087	0.00475	0.00421
3	0.00640	0.00460	0.00556	0.00618	0.00661	0.00431	0.00401	0.00707	0.00915	0.01193	0.02769	0.45988	0.15178	0.25721	0.01197	0.00281	0.00341	0.01151	0.00415	0.00377
4	0.76444	0.01013	0.00819	0.00711	0.01030	0.01167	0.00586	0.10131	0.01018	0.02339	0.00751	0.00854	0.00575	0.00478	0.00330	0.00154	0.00404	0.00290	0.00330	0.00575
5	0.70401	0.01044	0.00874	0.00747	0.01072	0.01197	0.00615	0.15609	0.01126	0.02404	0.00787	0.00882	0.00597	0.00488	0.00344	0.00153	0.00416	0.00303	0.00344	0.00597
6	0.00651	0.00482	0.00536	0.00558	0.00627	0.00445	0.00362	0.00715	0.00923	0.01168	0.03102	0.19076	0.31110	0.36393	0.01439	0.00311	0.00359	0.00981	0.00393	0.00366

[dist]
# distance from previous block
# <min> <max>
0	4

[block]
# block no. 4 follows, 50 sequences, length 28
# corresponding to MSA columns:
# 671-698
name=unknown_E
#
# <colnr> <probs for GDERKNQSTAVLIFYWHMCP>
#	G	D	E	R	K	N	Q	S	T	A	V	L	I	F	Y	W	H	M	C	P
0	0.01539	0.01219	0.01296	0.01075	0.01410	0.01380	0.00861	0.36940	0.43694	0.02568	0.01649	0.01557	0.01214	0.00641	0.00503	0.00160	0.00465	0.00511	0.00503	0.00816
1	0.01425	0.01265	0.01390	0.01183	0.01475	0.13344	0.08774	0.27911	0.09640	0.02086	0.01595	0.02460	0.01437	0.00852	0.02179	0.00185	0.00608	0.21102	0.00421	0.00668
2	0.01234	0.01184	0.02023	0.03059	0.79373	0.01184	0.01530	0.01530	0.01135	0.01628	0.00938	0.01234	0.00790	0.00444	0.00493	0.00148	0.00592	0.00444	0.00247	0.00790
3	0.00606	0.00460	0.00552	0.00623	0.00698	0.00414	0.00427	0.00703	0.01006	0.01284	0.03477	0.52351	0.29003	0.05079	0.00705	0.00203	0.00285	0.01262	0.00456	0.00406
4	0.62877	0.01064	0.00921	0.00783	0.01110	0.01218	0.00643	0.18178	0.05537	0.02425	0.00879	0.00953	0.00662	0.00504	0.00361	0.00154	0.00422	0.00325	0.00361	0.00621
5	0.01212	0.01426	0.09390	0.01985	0.02503	0.01227	0.67458	0.01635	0.01178	0.05333	0.01045	0.01337	0.00769	0.00434	0.00574	0.00167	0.00812	0.00565	0.00266	0.00686
6	0.00759	0.00542	0.00752	0.00867	0.00963	0.00535	0.00726	0.00956	0.01104	0.01442	0.02664	0.22949	0.02966	0.01419	0.00677	0.00223	0.00421	0.59130	0.00460	0.00447
7	0.01088	0.01035	0.01760	0.42101	0.41472	0.01146	0.01457	0.01402	0.01066	0.01451	0.00912	0.01281	0.00727	0.00471	0.00496	0.00157	0.00628	0.00444	0.00234	0.00672
8	0.01689	0.02096	0.01559	0.01357	0.01597	0.61969	0.07486	0.01839	0.01296	0.01249	0.00773	0.00965	0.00654	0.00559	0.00638	0.00145	0.12937	0.00361	0.00251	0.00581
9	0.01895	0.01396	0.01496	0.01147	0.01546	0.01546	0.00947	0.77711	0.02344	0.03141	0.01197	0.01197	0.00848	0.00598	0.00499	0.00150	0.00548	0.00449	0.00499	0.00848
10	0.01164	0.42188	0.41730	0.01140	0.01724	0.01560	0.01353	0.01536	0.01033	0.01378	0.00795	0.00928	0.00635	0.00450	0.00398	0.00133	0.00636	0.00318	0.00212	0.00689
11	0.01895	0.01396	0.01496	0.01147	0.01546	0.01546	0.00947	0.77711	0.02344	0.03141	0.01197	0.01197	0.00848	0.00598	0.00499	0.00150	0.00548	0.00449	0.00499	0.00848
12	0.00733	0.00493	0.00572	0.00585	0.00597	0.00493	0.00357	0.00759	0.00771	0.01024	0.01687	0.03520	0.01928	0.73605	0.02335	0.00455	0.00481	0.08967	0.00319	0.00319
13	0.00982	0.00927	0.01568	0.70511	0.13892	0.01118	0.01404	0.01309	0.01016	0.01322	0.00893	0.01316	0.00682	0.00491	0.00498	0.00164	0.00654	0.00443	0.00225	0.00586
14	0.01895	0.01396	0.01496	0.01147	0.01546	0.01546	0.00947	0.77711	0.02344	0.03141	0.01197	0.01197	0.00848	0.00598	0.00499	0.00150	0.00548	0.00449	0.00499	0.00848
15	0.00640	0.00475	0.00542	0.00579	0.00647	0.00436	0.00381	0.00712	0.00941	0.01197	0.03151	0.29452	0.28939	0.28188	0.01248	0.00283	0.00341	0.01063	0.00410	0.00376
16	0.01000	0.02578	0.79900	0.01421	0.02157	0.01158	0.01842	0.01579	0.01052	0.01579	0.00895	0.01052	0.00631	0.00474	0.00474	0.00158	0.00737	0.00368	0.00210	0.00737
17	0.04767	0.06165	0.64550	0.01305	0.01971	0.01150	0.01622	0.01659	0.01081	0.09803	0.00989	0.01098	0.00691	0.00486	0.00462	0.00155	0.00679	0.00373	0.00258	0.00735
18	0.01179	0.01079	0.01743	0.36193	0.38829	0.01190	0.01407	0.09431	0.01203	0.01636	0.00943	0.01270	0.00742	0.00483	0.00496	0.00156	0.00618	0.00444	0.00262	0.00695
19	0.00703	0.00511	0.00662	0.00629	0.00749	0.00471	0.00475	0.00932	0.01391	0.01954	0.73499	0.03826	0.08216	0.01040	0.00591	0.00159	0.00242	0.02939	0.00542	0.00468
20	0.82207	0.01036	0.04269	0.00690	0.01017	0.01120	0.00598	0.01470	0.00857	0.02207	0.00703	0.00821	0.00544	0.00463	0.00316	0.00154	0.00401	0.00274	0.00304	0.00549
21	0.08590	0.01339	0.01409	0.01098	0.01482	0.01490	0.00904	0.66363	0.07535	0.02995	0.01214	0.01212	0.00870	0.00593	0.00484	0.00151	0.00525	0.00442	0.00484	0.00819
22	0.02236	0.00848	0.01157	0.00887	0.01272	0.00733	0.00733	0.02429	0.01427	0.79719	0.01966	0.01697	0.01234	0.00617	0.00501	0.00154	0.00424	0.00501	0.00617	0.00848
23	0.00726	0.00527	0.00769	0.00769	0.00856	0.00607	0.00592	0.00899	0.00813	0.01192	0.01364	0.02010	0.01273	0.07060	0.72076	0.00745	0.01229	0.00538	0.05516	0.00440
24	0.01000	0.02578	0.79900	0.01421	0.02157	0.01158	0.01842	0.01579	0.01052	0.01579	0.00895	0.01052	0.00631	0.00474	0.00474	0.00158	0.00737	0.00368	0.00210	0.00737
25	0.01865	0.02297	0.01419	0.01273	0.01541	0.74155	0.00962	0.08059	0.01487	0.01374	0.00805	0.00923	0.00659	0.00520	0.00453	0.00130	0.00871	0.00331	0.00276	0.00599
26	0.00704	0.00513	0.00665	0.00638	0.00759	0.00474	0.00486	0.00933	0.01377	0.01926	0.69680	0.03910	0.09184	0.01057	0.00594	0.00162	0.00250	0.05682	0.00538	0.00467
27	0.01217	0.01168	0.01994	0.07455	0.75106	0.01180	0.01522	0.01515	0.01127	0.01608	0.00935	0.01239	0.00783	0.00447	0.00494	0.00149	0.00596	0.00444	0.00245	0.00776

[dist]
# distance from previous block
# <min> <max>
3	44

[block]
# block no. 5 follows, 50 sequences, length 9
# corresponding to MSA columns:
# 743-751
name=unknown_F
#
# <colnr> <probs for GDERKNQSTAVLIFYWHMCP>
#	G	D	E	R	K	N	Q	S	T	A	V	L	I	F	Y	W	H	M	C	P
0	0.01251	0.01394	0.20793	0.01036	0.01473	0.01050	0.01002	0.12755	0.21296	0.07158	0.06228	0.01583	0.03247	0.00587	0.00478	0.00143	0.00486	0.00476	0.00400	0.17164
1	0.01664	0.21669	0.01726	0.01031	0.01441	0.01560	0.00886	0.50669	0.01874	0.02491	0.01038	0.01080	0.00784	0.00531	0.00440	0.00131	0.00526	0.00387	0.00406	0.09664
2	0.00979	0.00937	0.01503	0.61310	0.02902	0.01212	0.01311	0.01255	0.00938	0.01255	0.00828	0.01269	0.00662	0.00592	0.00782	0.00179	0.20871	0.00441	0.00221	0.00552
3	0.01730	0.01343	0.01628	0.01625	0.20983	0.01455	0.01093	0.58685	0.02042	0.02763	0.01132	0.01206	0.00833	0.00560	0.00497	0.00149	0.00559	0.00448	0.00436	0.00833
4	0.39320	0.01410	0.01067	0.00937	0.01239	0.23477	0.00739	0.08942	0.11598	0.05505	0.00999	0.01052	0.00760	0.00525	0.00401	0.00149	0.00548	0.00351	0.00352	0.00627
5	0.01730	0.01343	0.01628	0.01625	0.20983	0.01455	0.01093	0.58685	0.02042	0.02763	0.01132	0.01206	0.00833	0.00560	0.00497	0.00149	0.00559	0.00448	0.00436	0.00833
6	0.01078	0.00854	0.01087	0.00978	0.01210	0.00907	0.06659	0.01844	0.36814	0.06499	0.10382	0.11094	0.05991	0.00910	0.00565	0.00179	0.00405	0.11413	0.00485	0.00645
7	0.02778	0.02335	0.03120	0.02603	0.03041	0.05988	0.37532	0.06244	0.04176	0.03085	0.05326	0.03517	0.02411	0.01594	0.01359	0.00459	0.11110	0.01036	0.00829	0.01456
8	0.10520	0.01435	0.01769	0.01347	0.01749	0.09270	0.20041	0.43195	0.01803	0.02470	0.01055	0.01164	0.00772	0.00531	0.00496	0.00153	0.00639	0.00452	0.00393	0.00745

[dist]
# distance from previous block
# <min> <max>
0	3

[block]
# block no. 6 follows, 50 sequences, length 8
# corresponding to MSA columns:
# 755-757,759-763
name=unknown_G
#
# <colnr> <probs for GDERKNQSTAVLIFYWHMCP>
#	G	D	E	R	K	N	Q	S	T	A	V	L	I	F	Y	W	H	M	C	P
0	0.00799	0.00562	0.00649	0.00649	0.00709	0.00563	0.00422	0.08554	0.00985	0.01305	0.02105	0.27524	0.06821	0.44258	0.01625	0.00344	0.00416	0.00930	0.00381	0.00396
1	0.01331	0.38325	0.04655	0.00929	0.01289	0.14495	0.00831	0.08379	0.01241	0.01512	0.08855	0.04749	0.01200	0.00562	0.00410	0.00122	0.00543	0.00414	0.00300	0.09860
2	0.01128	0.42893	0.32763	0.01060	0.01568	0.01493	0.01202	0.01445	0.01022	0.01342	0.00981	0.09183	0.00907	0.00561	0.00412	0.00136	0.00588	0.00424	0.00238	0.00654
3	0.01643	0.01021	0.05925	0.00985	0.01333	0.02964	0.05858	0.12877	0.01454	0.37444	0.05901	0.06146	0.09960	0.00755	0.00531	0.00161	0.00468	0.03346	0.00508	0.00721
4	0.10023	0.00654	0.00915	0.00850	0.01021	0.00626	0.07524	0.01085	0.01022	0.08694	0.04068	0.44224	0.02320	0.01272	0.04923	0.00214	0.00429	0.03591	0.00422	0.06124
5	0.01171	0.07177	0.01602	0.54603	0.07932	0.11185	0.01272	0.06650	0.01152	0.01411	0.00882	0.01220	0.00681	0.00498	0.00479	0.00155	0.00671	0.00415	0.00246	0.00599
6	0.01371	0.17215	0.38236	0.01227	0.01781	0.05750	0.01347	0.23855	0.01442	0.01940	0.00938	0.01039	0.00697	0.00503	0.00451	0.00144	0.00652	0.00370	0.00298	0.00742
7	0.05090	0.01334	0.10439	0.19027	0.01891	0.09766	0.01053	0.11944	0.18472	0.10017	0.03019	0.03494	0.01082	0.00599	0.00490	0.00158	0.00567	0.00482	0.00383	0.00694

[dist]
# distance from previous block
# <min> <max>
2	15

[block]
# block no. 7 follows, 50 sequences, length 10
# corresponding to MSA columns:
# 779-788
name=unknown_H
#
# <colnr> <probs for GDERKNQSTAVLIFYWHMCP>
#	G	D	E	R	K	N	Q	S	T	A	V	L	I	F	Y	W	H	M	C	P
0	0.01402	0.00692	0.00894	0.00786	0.01019	0.00637	0.00608	0.01682	0.08275	0.36281	0.14671	0.21742	0.07259	0.00957	0.00554	0.00169	0.00348	0.00828	0.00549	0.00648
1	0.04414	0.01360	0.01177	0.01029	0.01320	0.20376	0.00798	0.08833	0.38369	0.01926	0.06390	0.01574	0.01344	0.00616	0.00478	0.00148	0.00518	0.00481	0.00422	0.08427
2	0.01582	0.01233	0.01322	0.01062	0.01423	0.01356	0.00858	0.43837	0.29551	0.02625	0.01467	0.01420	0.01080	0.00606	0.00490	0.00150	0.00477	0.00476	0.00483	0.08502
3	0.01122	0.00950	0.01078	0.00814	0.01224	0.00823	0.00648	0.05951	0.15599	0.01798	0.01118	0.01198	0.00891	0.00440	0.00402	0.00096	0.00384	0.00354	0.00347	0.64762
4	0.01346	0.01017	0.01118	0.00946	0.01269	0.01082	0.00747	0.06581	0.50377	0.10833	0.01771	0.01664	0.01312	0.00611	0.00479	0.00149	0.00398	0.00502	0.02698	0.15099
5	0.00744	0.14361	0.06890	0.00632	0.00887	0.00735	0.00569	0.00910	0.01109	0.01335	0.04008	0.03847	0.60128	0.01063	0.00535	0.00157	0.00336	0.00869	0.00402	0.00481
6	0.01435	0.01131	0.01228	0.00951	0.01308	0.07135	0.00769	0.19966	0.01407	0.10500	0.03335	0.01220	0.00919	0.00534	0.00558	0.00122	0.08790	0.00389	0.00376	0.37927
7	0.00986	0.02085	0.60689	0.01240	0.01834	0.00993	0.01515	0.01454	0.01066	0.05510	0.01479	0.10737	0.06939	0.00666	0.00503	0.00164	0.00632	0.00548	0.00280	0.00680
8	0.01146	0.14730	0.38804	0.01205	0.01709	0.04743	0.01322	0.01746	0.16185	0.01569	0.01059	0.01166	0.00814	0.00535	0.00545	0.00152	0.07225	0.00391	0.00276	0.04680
9	0.01199	0.01161	0.01995	0.09859	0.65560	0.01197	0.04940	0.01495	0.01107	0.01576	0.00923	0.01240	0.00771	0.00468	0.00551	0.00154	0.04360	0.00450	0.00243	0.00752

[dist]
# distance from previous block
# <min> <max>
0	4

# created by:
# /st0/software/busco_prod/Augustus/scripts/msa2prfl.pl ./align_prep/114203.fa
