[name]
unknown

[dist]
# distance from previous block
# <min> <max>
8	62

[block]
# block no. 0 follows, 48 sequences, length 21
# corresponding to MSA columns:
# 106-126
name=unknown_A
#
# <colnr> <probs for GDERKNQSTAVLIFYWHMCP>
#	G	D	E	R	K	N	Q	S	T	A	V	L	I	F	Y	W	H	M	C	P
0	0.01179	0.01180	0.05301	0.05409	0.59222	0.01125	0.01417	0.01514	0.03428	0.01645	0.02910	0.03935	0.01026	0.00707	0.04990	0.00192	0.00630	0.00501	0.00277	0.03414
1	0.03779	0.49357	0.16934	0.03482	0.01503	0.01635	0.01040	0.05745	0.01145	0.01498	0.04427	0.01204	0.03345	0.00520	0.00397	0.00130	0.00559	0.00370	0.02264	0.00665
2	0.01029	0.02654	0.79309	0.01462	0.02221	0.01192	0.01896	0.01625	0.01083	0.01625	0.00921	0.01083	0.00650	0.00487	0.00487	0.00162	0.00758	0.00379	0.00217	0.00758
3	0.00726	0.00524	0.00686	0.00646	0.00767	0.00484	0.00484	0.00968	0.01452	0.02058	0.78496	0.03833	0.04841	0.01049	0.00605	0.00161	0.00242	0.00928	0.00565	0.00484
4	0.01217	0.00793	0.00816	0.00719	0.00877	0.04407	0.00520	0.15853	0.01255	0.07792	0.01552	0.02284	0.01410	0.32234	0.01282	0.00277	0.00450	0.00575	0.25163	0.00526
5	0.01245	0.01194	0.02038	0.09522	0.72587	0.01213	0.01562	0.01553	0.01157	0.01646	0.00961	0.01278	0.00802	0.00462	0.00508	0.00154	0.00616	0.00457	0.00252	0.00793
6	0.09245	0.00883	0.01154	0.00893	0.01283	0.00787	0.00738	0.02418	0.01419	0.72719	0.01915	0.01670	0.01211	0.00622	0.00499	0.00159	0.00433	0.00496	0.00609	0.00847
7	0.00624	0.00450	0.00592	0.00706	0.00742	0.00418	0.00472	0.00715	0.00991	0.01313	0.02934	0.78197	0.06761	0.01594	0.00653	0.00207	0.00296	0.01442	0.00476	0.00418
8	0.01839	0.02258	0.01436	0.01295	0.01558	0.68253	0.00980	0.04613	0.07781	0.01396	0.00911	0.01024	0.00743	0.00557	0.00508	0.00139	0.03434	0.00359	0.00293	0.00621
9	0.01270	0.01219	0.02083	0.03149	0.78767	0.01219	0.01575	0.01575	0.01168	0.01676	0.00965	0.01270	0.00813	0.00457	0.00508	0.00152	0.00610	0.00457	0.00254	0.00813
10	0.01363	0.01285	0.01200	0.01082	0.01369	0.11975	0.00837	0.02634	0.67447	0.02025	0.01912	0.01780	0.01443	0.00673	0.00514	0.00168	0.00477	0.00546	0.00487	0.00783
11	0.00968	0.00892	0.01490	0.77012	0.03398	0.01109	0.01376	0.01306	0.01028	0.01339	0.00947	0.01393	0.00713	0.00517	0.00506	0.00169	0.00663	0.00457	0.04151	0.00566
12	0.63744	0.05210	0.01010	0.00785	0.01128	0.01269	0.00655	0.15647	0.01183	0.04204	0.00841	0.00929	0.00637	0.00504	0.00359	0.00155	0.00437	0.00318	0.00356	0.00628
13	0.00625	0.00447	0.00595	0.00714	0.00744	0.00417	0.00476	0.00714	0.00982	0.01310	0.02828	0.81633	0.03394	0.01608	0.00655	0.00208	0.00298	0.01459	0.00476	0.00417
14	0.00736	0.00537	0.00761	0.00761	0.00830	0.00607	0.00561	0.00875	0.00806	0.01144	0.01433	0.02340	0.01424	0.22751	0.61224	0.00745	0.01162	0.00597	0.00284	0.00423
15	0.23232	0.00806	0.01038	0.18339	0.05026	0.00888	0.03360	0.01283	0.04910	0.04092	0.01686	0.28640	0.02965	0.00897	0.00515	0.00180	0.00451	0.00774	0.00370	0.00549
16	0.00969	0.00912	0.01539	0.80734	0.03534	0.01140	0.01425	0.01311	0.01026	0.01311	0.00912	0.01368	0.00684	0.00513	0.00513	0.00171	0.00684	0.00456	0.00228	0.00570
17	0.00855	0.00454	0.00675	0.00685	0.00696	0.00459	0.00465	0.00693	0.00709	0.00952	0.01099	0.08502	0.01140	0.01940	0.08385	0.70732	0.00510	0.00542	0.00249	0.00259
18	0.01069	0.05082	0.01433	0.15603	0.01760	0.02505	0.12314	0.08595	0.13337	0.01701	0.04585	0.20136	0.07971	0.00869	0.00561	0.00175	0.00516	0.00784	0.00395	0.00611
19	0.03974	0.12682	0.66909	0.01361	0.02064	0.01296	0.01721	0.01610	0.01071	0.01595	0.00887	0.01042	0.00648	0.00481	0.00462	0.00156	0.00719	0.00362	0.00220	0.00739
20	0.00690	0.00500	0.00635	0.00717	0.00776	0.00475	0.00490	0.04219	0.01070	0.01418	0.04988	0.68614	0.08759	0.03177	0.00684	0.00208	0.00310	0.01356	0.00477	0.00439

[dist]
# distance from previous block
# <min> <max>
4	29

[block]
# block no. 1 follows, 48 sequences, length 31
# corresponding to MSA columns:
# 156-172,176-189
name=unknown_B
#
# <colnr> <probs for GDERKNQSTAVLIFYWHMCP>
#	G	D	E	R	K	N	Q	S	T	A	V	L	I	F	Y	W	H	M	C	P
0	0.05818	0.01165	0.01701	0.11560	0.33953	0.01256	0.04055	0.12445	0.11610	0.01923	0.01130	0.01343	0.00893	0.00593	0.01917	0.00171	0.03973	0.00466	0.00328	0.03696
1	0.04325	0.39752	0.19121	0.01012	0.01502	0.02910	0.01053	0.01725	0.05210	0.10840	0.01008	0.01072	0.00784	0.00485	0.00403	0.00130	0.00562	0.00347	0.00296	0.07464
2	0.01064	0.10774	0.71495	0.01403	0.02129	0.01277	0.01792	0.01616	0.01079	0.01582	0.00900	0.01057	0.00651	0.00483	0.00471	0.00157	0.00737	0.00368	0.00217	0.00748
3	0.00788	0.00517	0.00670	0.00718	0.00805	0.00481	0.00504	0.02789	0.01139	0.06783	0.15281	0.57197	0.07557	0.01408	0.00631	0.00194	0.00303	0.01262	0.00503	0.00471
4	0.01091	0.17116	0.65392	0.01356	0.02057	0.01344	0.01711	0.01609	0.01076	0.01549	0.00883	0.01036	0.00652	0.00479	0.00459	0.00153	0.00720	0.00360	0.00217	0.00740
5	0.00897	0.00479	0.00707	0.00698	0.00704	0.00501	0.00479	0.00714	0.00689	0.00941	0.00918	0.01566	0.00906	0.01788	0.04669	0.76486	0.03865	0.00450	0.02292	0.00252
6	0.01276	0.01102	0.01160	0.01044	0.01334	0.01276	0.00812	0.02727	0.77840	0.02146	0.02088	0.01914	0.01566	0.00696	0.00522	0.00174	0.00406	0.00580	0.00522	0.00812
7	0.01495	0.01311	0.01260	0.01128	0.02805	0.12080	0.00865	0.10516	0.53551	0.06531	0.01795	0.01684	0.01337	0.00657	0.00512	0.00165	0.00500	0.00527	0.00487	0.00792
8	0.01337	0.01229	0.01188	0.01070	0.01358	0.08692	0.00829	0.02663	0.70635	0.02062	0.01966	0.01821	0.01481	0.00680	0.00516	0.00170	0.00455	0.00557	0.00498	0.00792
9	0.01029	0.02654	0.79309	0.01462	0.02221	0.01192	0.01896	0.01625	0.01083	0.01625	0.00921	0.01083	0.00650	0.00487	0.00487	0.00162	0.00758	0.00379	0.00217	0.00758
10	0.00624	0.00449	0.00593	0.00707	0.00742	0.00417	0.00473	0.00715	0.00989	0.01313	0.02916	0.78772	0.06198	0.01596	0.00653	0.00207	0.00296	0.01445	0.00476	0.00417
11	0.01065	0.00990	0.01637	0.63379	0.17034	0.01173	0.01433	0.04547	0.01110	0.01458	0.00935	0.01345	0.00715	0.00507	0.00512	0.00167	0.00666	0.00456	0.00245	0.00627
12	0.01836	0.02292	0.01533	0.01551	0.11242	0.70064	0.01064	0.01990	0.01418	0.01308	0.00815	0.00968	0.00680	0.00520	0.00468	0.00135	0.00886	0.00346	0.00263	0.00622
13	0.02164	0.01095	0.01328	0.01018	0.01420	0.01083	0.00841	0.31809	0.01840	0.49290	0.01713	0.01544	0.01114	0.00628	0.00515	0.00157	0.00487	0.00495	0.00587	0.00873
14	0.00628	0.00449	0.00598	0.00713	0.00745	0.00419	0.00477	0.00722	0.00996	0.01331	0.04941	0.79460	0.03434	0.01592	0.00654	0.00207	0.00296	0.01444	0.00479	0.00419
15	0.00969	0.00912	0.01539	0.80734	0.03534	0.01140	0.01425	0.01311	0.01026	0.01311	0.00912	0.01368	0.00684	0.00513	0.00513	0.00171	0.00684	0.00456	0.00228	0.00570
16	0.01965	0.01579	0.01505	0.01190	0.01574	0.15047	0.00965	0.59861	0.02193	0.07231	0.01202	0.01208	0.00859	0.00602	0.00505	0.00151	0.00619	0.00442	0.00477	0.00825
17	0.00610	0.00507	0.00533	0.00553	0.00702	0.00430	0.00405	0.00733	0.01137	0.01373	0.04789	0.18162	0.65598	0.01353	0.00615	0.00179	0.00266	0.01148	0.00476	0.00430
18	0.01090	0.06954	0.61617	0.01720	0.15368	0.01244	0.01782	0.01611	0.01096	0.01610	0.00917	0.01101	0.00679	0.00479	0.00482	0.00158	0.00721	0.00387	0.00223	0.00762
19	0.01074	0.00617	0.00819	0.00757	0.00828	0.00643	0.00537	0.13840	0.00969	0.01295	0.00950	0.01503	0.00888	0.01581	0.01748	0.70429	0.00466	0.00448	0.00273	0.00335
20	0.01260	0.68180	0.02343	0.00838	0.01222	0.01764	0.00810	0.01438	0.01113	0.01354	0.14125	0.01342	0.01380	0.00544	0.00377	0.00119	0.00496	0.00387	0.00279	0.00628
21	0.00853	0.00622	0.00754	0.00784	0.00887	0.00620	0.00557	0.13879	0.01240	0.01646	0.02688	0.63385	0.07256	0.01419	0.00628	0.00197	0.00342	0.01265	0.00483	0.00496
22	0.01133	0.16919	0.52028	0.01647	0.15255	0.01349	0.01655	0.01600	0.01091	0.01558	0.00891	0.01068	0.00680	0.00473	0.00462	0.00151	0.00694	0.00374	0.00224	0.00750
23	0.01220	0.63628	0.06695	0.00850	0.01261	0.01707	0.00852	0.01404	0.01067	0.01262	0.01498	0.01547	0.14090	0.00590	0.00386	0.00124	0.00511	0.00420	0.00264	0.00625
24	0.00625	0.00447	0.00595	0.00714	0.00744	0.00417	0.00476	0.00714	0.00982	0.01310	0.02828	0.81633	0.03394	0.01608	0.00655	0.00208	0.00298	0.01459	0.00476	0.00417
25	0.01053	0.06468	0.61858	0.01311	0.02001	0.01147	0.01621	0.01563	0.01078	0.01611	0.00909	0.01067	0.00669	0.00466	0.00461	0.00145	0.00682	0.00361	0.00232	0.15297
26	0.01472	0.68337	0.02491	0.00930	0.01364	0.01955	0.00895	0.14558	0.01279	0.01557	0.00803	0.00894	0.00695	0.00469	0.00361	0.00117	0.00551	0.00307	0.00270	0.00695
27	0.01221	0.00995	0.01043	0.00947	0.01207	0.01139	0.00734	0.02463	0.64604	0.02106	0.02017	0.01914	0.01523	0.00679	0.00494	0.00165	0.00377	0.00563	0.15057	0.00755
28	0.00627	0.00521	0.00548	0.00541	0.00706	0.00442	0.00406	0.00776	0.01218	0.01502	0.17836	0.04747	0.65848	0.01256	0.00606	0.00171	0.00257	0.01056	0.00492	0.00442
29	0.07567	0.10062	0.01234	0.06636	0.01321	0.04271	0.00734	0.17798	0.01392	0.05295	0.05129	0.01429	0.01100	0.00553	0.00424	0.00129	0.00449	0.00424	0.18840	0.15210
30	0.00606	0.00520	0.00520	0.00520	0.00693	0.00433	0.00390	0.00736	0.01170	0.01386	0.05198	0.04938	0.78558	0.01299	0.00606	0.00173	0.00260	0.01083	0.00476	0.00433

[dist]
# distance from previous block
# <min> <max>
5	32

[block]
# block no. 2 follows, 48 sequences, length 39
# corresponding to MSA columns:
# 222-249,251-261
name=unknown_C
#
# <colnr> <probs for GDERKNQSTAVLIFYWHMCP>
#	G	D	E	R	K	N	Q	S	T	A	V	L	I	F	Y	W	H	M	C	P
0	0.01308	0.01297	0.02026	0.04829	0.71642	0.06694	0.01531	0.01602	0.01185	0.01639	0.00952	0.01248	0.00799	0.00463	0.00505	0.00151	0.00633	0.00448	0.00254	0.00792
1	0.00774	0.00554	0.00648	0.00628	0.00636	0.00591	0.00387	0.00789	0.00767	0.01033	0.01682	0.03224	0.04955	0.71362	0.02445	0.00460	0.07684	0.00734	0.00310	0.00338
2	0.01265	0.01181	0.01951	0.16417	0.60397	0.01231	0.01507	0.06783	0.01230	0.01722	0.00975	0.01284	0.00795	0.00478	0.00509	0.00156	0.00619	0.00457	0.00268	0.00775
3	0.00745	0.00618	0.00637	0.00611	0.00800	0.00568	0.00463	0.06249	0.06149	0.01561	0.04587	0.08750	0.63971	0.01230	0.00597	0.00174	0.00293	0.01028	0.00482	0.00487
4	0.07234	0.76619	0.02554	0.00864	0.01294	0.01969	0.00856	0.01534	0.01031	0.01283	0.00713	0.00824	0.00651	0.00442	0.00328	0.00113	0.00538	0.00275	0.00226	0.00651
5	0.01823	0.02211	0.01423	0.01281	0.01535	0.66406	0.00970	0.08069	0.01482	0.01419	0.00925	0.04948	0.00814	0.00604	0.00526	0.00141	0.04118	0.00402	0.00294	0.00607
6	0.01181	0.01148	0.02016	0.24695	0.50990	0.01204	0.08264	0.01507	0.01132	0.01572	0.00957	0.01307	0.00774	0.00471	0.00518	0.00159	0.00653	0.00470	0.00247	0.00734
7	0.01077	0.13815	0.68569	0.01381	0.02094	0.01309	0.01753	0.01613	0.01078	0.01566	0.00892	0.01047	0.00651	0.00481	0.00465	0.00155	0.00729	0.00364	0.00217	0.00744
8	0.00636	0.00469	0.00599	0.00699	0.00758	0.00432	0.00487	0.00743	0.01027	0.01338	0.03209	0.63705	0.15687	0.01544	0.00651	0.00205	0.00304	0.06609	0.00476	0.00423
9	0.05077	0.01237	0.01203	0.01032	0.01339	0.10063	0.00813	0.18427	0.34261	0.10725	0.01701	0.04748	0.01299	0.00675	0.00501	0.00161	0.00489	0.00536	0.04949	0.00763
10	0.01276	0.05161	0.06887	0.01043	0.01364	0.02899	0.07602	0.22322	0.06312	0.05348	0.18986	0.05422	0.08559	0.02718	0.01637	0.00177	0.00498	0.00671	0.00454	0.00666
11	0.00994	0.00961	0.01693	0.72592	0.03446	0.01156	0.09247	0.01345	0.01045	0.01345	0.00925	0.01370	0.00694	0.00505	0.00523	0.00171	0.00703	0.00471	0.00231	0.00583
12	0.01048	0.00993	0.01682	0.60350	0.23301	0.01161	0.01464	0.01380	0.01063	0.01407	0.00926	0.01342	0.00718	0.00498	0.00512	0.00166	0.00664	0.00456	0.00235	0.00634
13	0.02857	0.01422	0.01505	0.01262	0.01520	0.20374	0.09308	0.13981	0.08758	0.07316	0.01315	0.07049	0.01136	0.00798	0.02375	0.00186	0.14234	0.03567	0.00373	0.00665
14	0.00746	0.00497	0.00560	0.00560	0.00560	0.00497	0.00311	0.00746	0.00746	0.00995	0.01617	0.03358	0.01865	0.81967	0.02612	0.00497	0.00497	0.00746	0.00311	0.00311
15	0.00611	0.00520	0.00526	0.00525	0.00696	0.00435	0.00394	0.00746	0.01181	0.01413	0.08107	0.04894	0.75633	0.01290	0.00606	0.00173	0.00259	0.01077	0.00480	0.00435
16	0.01191	0.36270	0.34249	0.06762	0.01832	0.04652	0.01324	0.01550	0.01095	0.01432	0.04662	0.01122	0.00864	0.00498	0.00427	0.00139	0.00645	0.00365	0.00238	0.00682
17	0.01585	0.08905	0.01961	0.01399	0.01753	0.09317	0.23008	0.07853	0.03733	0.19548	0.01248	0.03230	0.00948	0.00609	0.00694	0.00167	0.12446	0.00511	0.00372	0.00713
18	0.01349	0.01086	0.01162	0.01035	0.01333	0.01239	0.00808	0.02710	0.72394	0.07635	0.02084	0.01902	0.01545	0.00692	0.00522	0.00173	0.00408	0.00576	0.00530	0.00817
19	0.04386	0.00967	0.01592	0.50446	0.24049	0.01111	0.01365	0.01350	0.01056	0.01451	0.01054	0.06984	0.00906	0.00573	0.00514	0.00168	0.00625	0.00520	0.00256	0.00626
20	0.01314	0.22302	0.32424	0.01442	0.07689	0.10383	0.07850	0.03032	0.01181	0.04750	0.02551	0.01128	0.00795	0.00493	0.00461	0.00146	0.00695	0.00391	0.00259	0.00714
21	0.01024	0.02600	0.77255	0.01449	0.02190	0.01176	0.01868	0.01610	0.01086	0.01623	0.00968	0.01206	0.00710	0.00512	0.00493	0.00164	0.00751	0.02340	0.00223	0.00751
22	0.00703	0.00521	0.00656	0.00628	0.00754	0.00473	0.00469	0.00921	0.01388	0.01920	0.63700	0.07169	0.16572	0.01112	0.00607	0.00165	0.00247	0.00974	0.00547	0.00473
23	0.01258	0.01207	0.02061	0.06220	0.75789	0.01216	0.01569	0.01564	0.01163	0.01662	0.00963	0.01274	0.00808	0.00459	0.00508	0.00153	0.00613	0.00457	0.00253	0.00803
24	0.04717	0.01050	0.01197	0.00999	0.01253	0.07917	0.08469	0.17466	0.05815	0.02004	0.13610	0.05702	0.16322	0.00836	0.00592	0.00163	0.04274	0.00693	0.06311	0.00610
25	0.00827	0.00591	0.00827	0.00945	0.01063	0.00591	0.00827	0.01063	0.01181	0.01536	0.02717	0.05788	0.02953	0.01417	0.00709	0.00236	0.00472	0.75313	0.00472	0.00472
26	0.01270	0.01219	0.02083	0.03149	0.78767	0.01219	0.01575	0.01575	0.01168	0.01676	0.00965	0.01270	0.00813	0.00457	0.00508	0.00152	0.00610	0.00457	0.00254	0.00813
27	0.05699	0.60285	0.14220	0.00975	0.01452	0.01819	0.01020	0.05199	0.02743	0.01445	0.00799	0.00906	0.00681	0.00462	0.00366	0.00124	0.00571	0.00306	0.00245	0.00682
28	0.01252	0.01190	0.01970	0.07731	0.67474	0.01219	0.01500	0.01658	0.07768	0.01694	0.01059	0.01332	0.00870	0.00481	0.00510	0.00155	0.00597	0.00468	0.00276	0.00798
29	0.00748	0.00554	0.00724	0.00811	0.00930	0.00529	0.00673	0.00941	0.01159	0.01485	0.05179	0.15561	0.20112	0.01407	0.00676	0.00216	0.00396	0.46965	0.00476	0.00457
30	0.06029	0.02004	0.01429	0.01233	0.01545	0.48718	0.00955	0.24156	0.05811	0.01938	0.00988	0.01064	0.00767	0.00561	0.00474	0.00142	0.00765	0.00380	0.00354	0.00686
31	0.00793	0.00588	0.00730	0.00760	0.00874	0.00584	0.00575	0.07281	0.01157	0.01516	0.04880	0.29981	0.17625	0.06357	0.10020	0.00290	0.00481	0.14592	0.00448	0.00469
32	0.01832	0.01773	0.01403	0.01191	0.01502	0.36256	0.00929	0.33794	0.01819	0.05345	0.01213	0.08302	0.01020	0.00667	0.00504	0.00149	0.00696	0.00495	0.00404	0.00708
33	0.01035	0.00979	0.01658	0.63815	0.19940	0.01157	0.01458	0.01369	0.01057	0.01391	0.00924	0.01347	0.00712	0.00501	0.00512	0.00167	0.00668	0.00456	0.00234	0.00623
34	0.24055	0.05071	0.12228	0.01166	0.04192	0.28640	0.00992	0.10313	0.01329	0.03032	0.03945	0.01094	0.00836	0.00535	0.00436	0.00147	0.00659	0.00367	0.00316	0.00649
35	0.01058	0.01020	0.01615	0.63567	0.15542	0.03934	0.01420	0.01413	0.02856	0.01387	0.00944	0.01349	0.00725	0.00509	0.00511	0.00167	0.00674	0.00455	0.00240	0.00616
36	0.01327	0.71941	0.12634	0.00954	0.01434	0.01921	0.01010	0.01548	0.01048	0.01261	0.00740	0.00857	0.00657	0.00445	0.00350	0.00117	0.00576	0.00288	0.00219	0.00671
37	0.01079	0.01026	0.01552	0.52250	0.14273	0.06162	0.02882	0.01382	0.01079	0.03022	0.01122	0.01505	0.03505	0.00770	0.06119	0.00212	0.00721	0.00481	0.00256	0.00604
38	0.07272	0.70985	0.02467	0.00895	0.01313	0.07465	0.00864	0.01571	0.01060	0.01287	0.00719	0.00831	0.00651	0.00448	0.00338	0.00115	0.00565	0.00279	0.00229	0.00647

[dist]
# distance from previous block
# <min> <max>
0	2

[block]
# block no. 3 follows, 48 sequences, length 11
# corresponding to MSA columns:
# 264-274
name=unknown_D
#
# <colnr> <probs for GDERKNQSTAVLIFYWHMCP>
#	G	D	E	R	K	N	Q	S	T	A	V	L	I	F	Y	W	H	M	C	P
0	0.09406	0.00944	0.01225	0.29634	0.04113	0.02865	0.00969	0.04848	0.01095	0.01570	0.01638	0.01853	0.14482	0.00675	0.00620	0.00159	0.09565	0.00523	0.00307	0.13509
1	0.01325	0.01057	0.01182	0.01041	0.01330	0.01177	0.02402	0.13770	0.48716	0.05106	0.02160	0.04106	0.05264	0.00798	0.00548	0.00177	0.00438	0.08130	0.00511	0.00760
2	0.01893	0.00935	0.01169	0.00921	0.01264	0.00896	0.00751	0.19823	0.01689	0.45232	0.17650	0.02056	0.01915	0.00716	0.00534	0.00158	0.00427	0.00588	0.00592	0.00793
3	0.01068	0.00970	0.01495	0.59893	0.02955	0.01201	0.01296	0.08903	0.01145	0.01500	0.01120	0.01495	0.04389	0.00604	0.00651	0.00175	0.09792	0.00485	0.00268	0.00593
4	0.01197	0.01506	0.11274	0.02185	0.10294	0.01278	0.61114	0.01635	0.01193	0.01645	0.01018	0.01340	0.00768	0.00441	0.00583	0.00170	0.00828	0.00566	0.00254	0.00711
5	0.01200	0.00992	0.01137	0.00824	0.01273	0.00823	0.00664	0.12893	0.01270	0.01911	0.00961	0.01090	0.00777	0.00416	0.00400	0.00088	0.00408	0.00328	0.00336	0.72206
6	0.00875	0.00596	0.00742	0.00788	0.00893	0.00594	0.00557	0.01210	0.14411	0.07794	0.02634	0.61238	0.02902	0.01370	0.00620	0.00198	0.00328	0.01229	0.00497	0.00523
7	0.00733	0.00553	0.00689	0.00759	0.00836	0.00554	0.00528	0.01043	0.12789	0.01499	0.08878	0.63089	0.03232	0.01422	0.00631	0.00199	0.00310	0.01281	0.00491	0.00483
8	0.09797	0.32443	0.13522	0.01196	0.01650	0.13612	0.10116	0.09243	0.01253	0.01641	0.00847	0.00986	0.00683	0.00481	0.00423	0.00138	0.00662	0.00357	0.00270	0.00679
9	0.01541	0.33551	0.10892	0.01157	0.01580	0.22661	0.03931	0.11800	0.04007	0.01596	0.00891	0.00999	0.00725	0.00500	0.00426	0.00132	0.00680	0.00350	0.00284	0.02301
10	0.04793	0.13830	0.08080	0.01158	0.01554	0.13496	0.03884	0.32113	0.01663	0.02169	0.02336	0.01233	0.02964	0.00579	0.00518	0.00145	0.03968	0.00422	0.00367	0.04726

[dist]
# distance from previous block
# <min> <max>
5	99

[block]
# block no. 4 follows, 48 sequences, length 14
# corresponding to MSA columns:
# 383-396
name=unknown_E
#
# <colnr> <probs for GDERKNQSTAVLIFYWHMCP>
#	G	D	E	R	K	N	Q	S	T	A	V	L	I	F	Y	W	H	M	C	P
0	0.07327	0.01119	0.01280	0.01050	0.01355	0.05753	0.04523	0.18513	0.13508	0.18617	0.11376	0.01906	0.02824	0.00713	0.00598	0.00166	0.05783	0.02374	0.00486	0.00730
1	0.01568	0.01407	0.01397	0.16245	0.01872	0.16121	0.01007	0.23658	0.24605	0.04793	0.01373	0.01423	0.01019	0.00605	0.00506	0.00159	0.00603	0.00473	0.00419	0.00745
2	0.01152	0.01090	0.01462	0.03358	0.01392	0.01375	0.01014	0.05491	0.00942	0.01441	0.00761	0.01123	0.00703	0.00763	0.01313	0.00188	0.57417	0.00419	0.00257	0.18338
3	0.34997	0.01135	0.01368	0.05736	0.11610	0.01234	0.06901	0.17043	0.05212	0.08601	0.01067	0.01175	0.00789	0.00525	0.00443	0.00160	0.00516	0.00410	0.00376	0.00705
4	0.15969	0.01164	0.01334	0.01107	0.01425	0.07383	0.10029	0.09297	0.24470	0.07414	0.01410	0.01499	0.01079	0.01005	0.10878	0.00248	0.00645	0.00484	0.00404	0.02757
5	0.01606	0.01113	0.01232	0.01041	0.01374	0.01223	0.00828	0.15571	0.48906	0.18312	0.01927	0.01761	0.01385	0.00670	0.00519	0.00167	0.00440	0.00546	0.00544	0.00835
6	0.01243	0.01203	0.02084	0.09249	0.69236	0.01217	0.05098	0.01557	0.01159	0.01646	0.00964	0.01283	0.00801	0.00460	0.00513	0.00155	0.00627	0.00464	0.00252	0.00788
7	0.00733	0.00550	0.00825	0.00825	0.00916	0.00641	0.00641	0.00916	0.00825	0.01191	0.01374	0.02016	0.01283	0.03848	0.79934	0.00825	0.01374	0.00550	0.00275	0.00458
8	0.01877	0.01405	0.01534	0.01247	0.04559	0.01555	0.00987	0.68918	0.07659	0.03097	0.01282	0.01281	0.00919	0.00615	0.00514	0.00155	0.00555	0.00470	0.00504	0.00866
9	0.01231	0.01179	0.02012	0.13229	0.68992	0.01209	0.01555	0.01540	0.01150	0.01629	0.00958	0.01283	0.00796	0.00464	0.00509	0.00155	0.00619	0.00457	0.00251	0.00781
10	0.00625	0.00447	0.00595	0.00714	0.00744	0.00417	0.00476	0.00714	0.00982	0.01310	0.02828	0.81633	0.03394	0.01608	0.00655	0.00208	0.00298	0.01459	0.00476	0.00417
11	0.01379	0.06169	0.46953	0.01352	0.01948	0.05566	0.06462	0.01816	0.01181	0.17850	0.01134	0.01222	0.00791	0.00529	0.00533	0.00160	0.03471	0.00417	0.00310	0.00757
12	0.01877	0.02286	0.01441	0.01294	0.01570	0.69237	0.00978	0.07358	0.06547	0.01453	0.00909	0.01012	0.00735	0.00546	0.00470	0.00136	0.00866	0.00356	0.00299	0.00629
13	0.01289	0.11337	0.26053	0.01480	0.02011	0.04061	0.25235	0.03460	0.04973	0.08872	0.01328	0.01457	0.05014	0.00537	0.00517	0.00159	0.00694	0.00499	0.00307	0.00718

[dist]
# distance from previous block
# <min> <max>
10	31

[block]
# block no. 5 follows, 48 sequences, length 8
# corresponding to MSA columns:
# 435-442
name=unknown_F
#
# <colnr> <probs for GDERKNQSTAVLIFYWHMCP>
#	G	D	E	R	K	N	Q	S	T	A	V	L	I	F	Y	W	H	M	C	P
0	0.04269	0.00901	0.00990	0.04196	0.01224	0.00966	0.00700	0.04543	0.37829	0.05646	0.11021	0.02596	0.17195	0.00819	0.00533	0.00165	0.00376	0.00682	0.00492	0.04858
1	0.00827	0.00618	0.00777	0.00805	0.00914	0.00625	0.00613	0.08511	0.01226	0.01631	0.10718	0.39302	0.10910	0.01351	0.00683	0.00200	0.03669	0.15654	0.00478	0.00488
2	0.04695	0.01485	0.07127	0.01322	0.01707	0.12872	0.17388	0.26411	0.01612	0.05997	0.02643	0.02896	0.00974	0.00582	0.00531	0.00155	0.02306	0.00493	0.08090	0.00714
3	0.01100	0.01128	0.01931	0.01484	0.01850	0.04906	0.37345	0.01525	0.08579	0.01643	0.04986	0.07793	0.06420	0.00716	0.00581	0.00169	0.00632	0.07737	0.00352	0.09123
4	0.01276	0.01472	0.02767	0.02021	0.02478	0.09224	0.63952	0.01656	0.01206	0.01576	0.00988	0.01320	0.00759	0.00475	0.00667	0.00173	0.06494	0.00567	0.00258	0.00673
5	0.05070	0.08238	0.09898	0.01377	0.01763	0.31110	0.12619	0.16596	0.01478	0.01780	0.00915	0.01070	0.00715	0.00536	0.00541	0.00150	0.04755	0.00403	0.00304	0.00683
6	0.01259	0.05145	0.03793	0.12931	0.10392	0.01114	0.08559	0.10191	0.03584	0.09960	0.05217	0.01967	0.08935	0.00889	0.05573	0.00209	0.06871	0.02379	0.00368	0.00666
7	0.00836	0.00575	0.00766	0.00848	0.00965	0.00560	0.00690	0.01061	0.03668	0.05101	0.02893	0.26637	0.08983	0.01401	0.00670	0.00218	0.00403	0.42759	0.00483	0.00484

[dist]
# distance from previous block
# <min> <max>
0	14

[block]
# block no. 6 follows, 48 sequences, length 24
# corresponding to MSA columns:
# 457-480
name=unknown_G
#
# <colnr> <probs for GDERKNQSTAVLIFYWHMCP>
#	G	D	E	R	K	N	Q	S	T	A	V	L	I	F	Y	W	H	M	C	P
0	0.01153	0.01242	0.02435	0.11906	0.02448	0.01273	0.48417	0.01504	0.01104	0.01535	0.00951	0.01312	0.00747	0.00516	0.00756	0.00173	0.14194	0.00536	0.00253	0.07543
1	0.01352	0.62257	0.07693	0.04717	0.07812	0.06132	0.01034	0.01563	0.01077	0.01281	0.00761	0.00907	0.00672	0.00452	0.00370	0.00121	0.00595	0.00308	0.00225	0.00670
2	0.08250	0.26335	0.29378	0.01310	0.07955	0.05741	0.01283	0.04096	0.01129	0.05209	0.00888	0.01028	0.00696	0.00501	0.00482	0.00146	0.04249	0.00355	0.00261	0.00707
3	0.01168	0.12159	0.02500	0.01713	0.02080	0.01378	0.45664	0.01474	0.01087	0.01478	0.01069	0.07806	0.00955	0.00620	0.00782	0.00177	0.16385	0.00600	0.00265	0.00640
4	0.00713	0.00606	0.04175	0.00754	0.00834	0.00533	0.00545	0.00924	0.07227	0.01350	0.02519	0.60957	0.02915	0.12314	0.00900	0.00242	0.00354	0.01242	0.00446	0.00450
5	0.01266	0.33576	0.21738	0.01488	0.12093	0.05856	0.06407	0.01570	0.01079	0.01410	0.00822	0.01022	0.00687	0.00503	0.00551	0.00145	0.08496	0.00368	0.00229	0.00694
6	0.01007	0.00672	0.00842	0.00803	0.00981	0.00657	0.00654	0.07321	0.01363	0.09886	0.22475	0.05415	0.19076	0.01137	0.00655	0.00188	0.02969	0.22847	0.00509	0.00544
7	0.00709	0.00599	0.00802	0.00759	0.00936	0.00537	0.06731	0.00890	0.01185	0.01486	0.10248	0.10055	0.46491	0.01252	0.00629	0.00187	0.00351	0.15223	0.00465	0.00465
8	0.23101	0.01346	0.01328	0.01050	0.01432	0.04346	0.00864	0.53082	0.01961	0.05073	0.01107	0.01134	0.00796	0.00578	0.00462	0.00155	0.00532	0.00412	0.00458	0.00782
9	0.01361	0.32250	0.24196	0.03761	0.01709	0.19016	0.01233	0.01643	0.01123	0.01343	0.00793	0.00963	0.00659	0.00514	0.00525	0.00142	0.07540	0.00338	0.00229	0.00662
10	0.01872	0.01750	0.01473	0.01216	0.01564	0.28467	0.00965	0.43928	0.09549	0.02447	0.01166	0.01194	0.00869	0.00594	0.00497	0.00148	0.00673	0.00428	0.00429	0.00771
11	0.00951	0.00725	0.00817	0.00780	0.00969	0.00745	0.00587	0.01548	0.27535	0.05971	0.15024	0.18691	0.21459	0.01077	0.00582	0.00178	0.00324	0.00929	0.00515	0.00592
12	0.72621	0.01031	0.00857	0.00739	0.01070	0.01174	0.00609	0.09182	0.01061	0.06579	0.00838	0.00923	0.00627	0.00499	0.00348	0.00158	0.00416	0.00309	0.00355	0.00605
13	0.01525	0.01254	0.01277	0.01051	0.01395	0.05574	0.00840	0.33945	0.29108	0.02458	0.01811	0.01748	0.07439	0.00676	0.00510	0.00155	0.00488	0.00535	0.00483	0.07727
14	0.00625	0.00447	0.00595	0.00714	0.00744	0.00417	0.00476	0.00714	0.00982	0.01310	0.02828	0.81633	0.03394	0.01608	0.00655	0.00208	0.00298	0.01459	0.00476	0.00417
15	0.08194	0.01189	0.01953	0.05808	0.69595	0.01211	0.01485	0.01560	0.01139	0.01714	0.00943	0.01238	0.00787	0.00461	0.00492	0.00154	0.00595	0.00442	0.00258	0.00783
16	0.01248	0.01077	0.01147	0.01006	0.01318	0.01196	0.00785	0.02533	0.67492	0.02082	0.01930	0.01800	0.01458	0.00654	0.00503	0.00161	0.00403	0.00543	0.00493	0.12173
17	0.07706	0.00563	0.00691	0.00648	0.00785	0.00539	0.00490	0.01013	0.01405	0.02078	0.72099	0.03586	0.04489	0.01002	0.00582	0.00161	0.00255	0.00874	0.00544	0.00490
18	0.01860	0.01392	0.01489	0.01162	0.01557	0.01549	0.00953	0.67038	0.12578	0.03087	0.01347	0.01324	0.00966	0.00627	0.00514	0.00157	0.00543	0.00478	0.00514	0.00864
19	0.01052	0.01030	0.01816	0.54730	0.13569	0.01198	0.11600	0.01387	0.01056	0.01401	0.00922	0.01342	0.00714	0.00518	0.00596	0.00172	0.05566	0.00476	0.00236	0.00619
20	0.01222	0.01384	0.02783	0.02027	0.02468	0.03902	0.64344	0.01602	0.01162	0.01577	0.00982	0.01334	0.00761	0.00498	0.00744	0.00179	0.11528	0.00576	0.00255	0.00671
21	0.00625	0.00517	0.00525	0.00525	0.00675	0.00442	0.00379	0.00738	0.01112	0.01333	0.04715	0.04725	0.68222	0.12172	0.00877	0.00217	0.00292	0.01038	0.00454	0.00417
22	0.47480	0.01448	0.01280	0.02888	0.01449	0.22968	0.10991	0.01696	0.02592	0.01898	0.00811	0.00967	0.00638	0.00490	0.00405	0.00154	0.00613	0.00347	0.00297	0.00590
23	0.01371	0.01101	0.01111	0.00937	0.01192	0.07273	0.00729	0.33605	0.06971	0.02267	0.13498	0.04118	0.09475	0.11748	0.00822	0.00206	0.00486	0.01967	0.00470	0.00651

[dist]
# distance from previous block
# <min> <max>
0	1

[block]
# block no. 7 follows, 48 sequences, length 16
# corresponding to MSA columns:
# 482-497
name=unknown_H
#
# <colnr> <probs for GDERKNQSTAVLIFYWHMCP>
#	G	D	E	R	K	N	Q	S	T	A	V	L	I	F	Y	W	H	M	C	P
0	0.01059	0.09683	0.72545	0.01411	0.02141	0.01266	0.01806	0.01617	0.01080	0.01588	0.00902	0.01060	0.00651	0.00483	0.00474	0.00158	0.00740	0.00370	0.00217	0.00750
1	0.00632	0.00462	0.00602	0.00699	0.00749	0.00433	0.00477	0.00734	0.01005	0.01330	0.04870	0.67332	0.11130	0.01685	0.05026	0.00238	0.00352	0.01356	0.00467	0.00422
2	0.01372	0.82276	0.02689	0.00878	0.01317	0.02030	0.00878	0.01536	0.01043	0.01207	0.00713	0.00823	0.00658	0.00439	0.00329	0.00110	0.00549	0.00274	0.00219	0.00658
3	0.01029	0.02654	0.79309	0.01462	0.02221	0.01192	0.01896	0.01625	0.01083	0.01625	0.00921	0.01083	0.00650	0.00487	0.00487	0.00162	0.00758	0.00379	0.00217	0.00758
4	0.01185	0.01329	0.02820	0.08836	0.02681	0.01299	0.66265	0.01593	0.01172	0.01593	0.01007	0.01368	0.00765	0.00465	0.00657	0.00176	0.05276	0.00584	0.00255	0.00674
5	0.02137	0.00964	0.01461	0.01098	0.01512	0.00859	0.11478	0.04913	0.01464	0.65641	0.01859	0.01678	0.01187	0.00606	0.00529	0.00161	0.00501	0.00527	0.00578	0.00848
6	0.06522	0.00553	0.00679	0.00643	0.00771	0.00527	0.00480	0.00983	0.01363	0.01993	0.66109	0.06074	0.05993	0.04292	0.00668	0.00176	0.00265	0.00896	0.00533	0.00479
7	0.01034	0.00747	0.00959	0.00988	0.01161	0.00775	0.00854	0.15096	0.01409	0.01849	0.02443	0.04947	0.02569	0.01269	0.00673	0.00221	0.00489	0.61491	0.00480	0.00546
8	0.00644	0.00461	0.00612	0.00702	0.00748	0.00429	0.00478	0.00761	0.01069	0.01448	0.16801	0.67266	0.03661	0.01504	0.00646	0.00200	0.00287	0.01361	0.00493	0.00429
9	0.01234	0.67165	0.02302	0.00848	0.01211	0.01732	0.00804	0.01385	0.01031	0.01226	0.01104	0.15746	0.01164	0.00655	0.00389	0.00128	0.00502	0.00493	0.00267	0.00614
10	0.01204	0.41432	0.27235	0.01046	0.01591	0.01510	0.01158	0.01520	0.01060	0.01428	0.00817	0.00952	0.00674	0.00444	0.00390	0.00121	0.00586	0.00314	0.00234	0.16285
11	0.00731	0.00501	0.00605	0.00622	0.00656	0.00490	0.00400	0.00804	0.00938	0.01270	0.16054	0.14497	0.02699	0.50570	0.01844	0.00378	0.00421	0.05759	0.00391	0.00368
12	0.48574	0.01257	0.01034	0.00916	0.01159	0.15617	0.00738	0.01573	0.00990	0.04154	0.00801	0.00977	0.00650	0.00574	0.00604	0.00164	0.15378	0.00335	0.03937	0.00570
13	0.01522	0.01632	0.01203	0.01082	0.01339	0.38668	0.00827	0.05605	0.17190	0.04920	0.01959	0.01947	0.15283	0.00791	0.02188	0.00167	0.02119	0.00542	0.00384	0.00632
14	0.01019	0.10985	0.53684	0.01275	0.01858	0.01149	0.01538	0.01489	0.01109	0.01577	0.03872	0.02017	0.01219	0.00673	0.00515	0.00170	0.00665	0.14224	0.00276	0.00685
15	0.16362	0.00580	0.00663	0.00732	0.00833	0.00591	0.00540	0.00928	0.00985	0.01511	0.02379	0.44687	0.04504	0.07735	0.00757	0.00226	0.00363	0.14746	0.00433	0.00445

[dist]
# distance from previous block
# <min> <max>
1	37

[block]
# block no. 8 follows, 48 sequences, length 20
# corresponding to MSA columns:
# 535-554
name=unknown_I
#
# <colnr> <probs for GDERKNQSTAVLIFYWHMCP>
#	G	D	E	R	K	N	Q	S	T	A	V	L	I	F	Y	W	H	M	C	P
0	0.01434	0.20495	0.01530	0.01014	0.01305	0.28558	0.01876	0.01796	0.12929	0.04362	0.10784	0.01766	0.07318	0.00659	0.00471	0.00141	0.00593	0.00499	0.01844	0.00627
1	0.01147	0.00888	0.00997	0.00940	0.01161	0.00980	0.00720	0.02096	0.48446	0.06821	0.04800	0.20882	0.02156	0.00955	0.00565	0.00184	0.00381	0.04669	0.00517	0.00695
2	0.07600	0.43988	0.15076	0.01493	0.19624	0.01635	0.01186	0.01558	0.01066	0.01468	0.00807	0.00972	0.00686	0.00454	0.00396	0.00132	0.00586	0.00335	0.00234	0.00704
3	0.01635	0.01259	0.01480	0.19825	0.01993	0.01425	0.01046	0.52108	0.06307	0.02634	0.01220	0.01385	0.00906	0.03735	0.00595	0.00172	0.00581	0.00478	0.00439	0.00776
4	0.01496	0.01121	0.01843	0.06908	0.56429	0.01106	0.01374	0.01778	0.01231	0.19837	0.01211	0.01387	0.00913	0.00502	0.00510	0.00155	0.00573	0.00471	0.00342	0.00814
5	0.01023	0.00554	0.00742	0.00758	0.00883	0.00506	0.00545	0.01144	0.01097	0.19574	0.02669	0.56349	0.05768	0.01466	0.04109	0.00222	0.00376	0.01183	0.00505	0.00526
6	0.01249	0.58944	0.02155	0.00846	0.01202	0.05706	0.00791	0.01430	0.01160	0.01409	0.18977	0.01535	0.01641	0.00587	0.00401	0.00123	0.00496	0.00431	0.00303	0.00614
7	0.01922	0.01235	0.01384	0.01088	0.01474	0.01323	0.00890	0.45021	0.15383	0.22400	0.01584	0.01483	0.01096	0.00635	0.00516	0.00159	0.00504	0.00496	0.00546	0.00862
8	0.01150	0.00962	0.01043	0.00972	0.01206	0.01087	0.00740	0.05187	0.56821	0.01993	0.02228	0.20602	0.01968	0.00907	0.00553	0.00181	0.00387	0.00782	0.00511	0.00722
9	0.00856	0.00649	0.00850	0.00858	0.01050	0.00589	0.00720	0.01076	0.01150	0.01572	0.06142	0.10918	0.04135	0.01169	0.00620	0.00191	0.00420	0.46261	0.00438	0.20335
10	0.01469	0.01510	0.01851	0.07166	0.48755	0.19723	0.01371	0.08907	0.01346	0.01705	0.00947	0.01191	0.00775	0.00493	0.00498	0.00149	0.00684	0.00428	0.00280	0.00753
11	0.21065	0.01166	0.01771	0.02568	0.60509	0.01203	0.01335	0.01559	0.01099	0.01823	0.00906	0.01167	0.00752	0.00462	0.00463	0.00154	0.00560	0.00415	0.00269	0.00752
12	0.00762	0.00548	0.00736	0.00752	0.00872	0.00522	0.00606	0.01002	0.01356	0.01872	0.51494	0.04529	0.04169	0.01180	0.00642	0.00188	0.00324	0.27433	0.00532	0.00480
13	0.07248	0.00928	0.01194	0.00921	0.01315	0.00849	0.00761	0.08756	0.01513	0.68105	0.01879	0.01648	0.01194	0.00624	0.00504	0.00158	0.00445	0.00497	0.00606	0.00854
14	0.01192	0.01117	0.01790	0.10286	0.53097	0.01086	0.01333	0.01482	0.01130	0.01639	0.00947	0.01231	0.00788	0.00445	0.00478	0.00136	0.00563	0.00421	0.00263	0.20577
15	0.01003	0.00973	0.00864	0.00806	0.00958	0.19127	0.00603	0.01215	0.01440	0.01849	0.58192	0.05271	0.03821	0.00942	0.00573	0.00156	0.00404	0.00802	0.00492	0.00508
16	0.00716	0.00560	0.00814	0.19486	0.01383	0.00594	0.00685	0.00857	0.00972	0.01283	0.02273	0.55990	0.02625	0.08332	0.00792	0.00225	0.00406	0.01161	0.00404	0.00444
17	0.01152	0.01151	0.01864	0.11585	0.21497	0.01398	0.09941	0.01378	0.00961	0.01403	0.00819	0.01220	0.00722	0.00685	0.01118	0.00194	0.41563	0.00470	0.00236	0.00641
18	0.00738	0.00535	0.00714	0.00786	0.00888	0.00512	0.00628	0.00932	0.01197	0.01592	0.20732	0.23329	0.09562	0.01367	0.00663	0.00207	0.00360	0.34307	0.00495	0.00459
19	0.21553	0.01519	0.01324	0.01084	0.01440	0.16934	0.00874	0.41648	0.04772	0.02583	0.01057	0.01104	0.00783	0.00569	0.00458	0.00152	0.00590	0.00397	0.00419	0.00741

[dist]
# distance from previous block
# <min> <max>
0	1

[block]
# block no. 9 follows, 48 sequences, length 13
# corresponding to MSA columns:
# 556-568
name=unknown_J
#
# <colnr> <probs for GDERKNQSTAVLIFYWHMCP>
#	G	D	E	R	K	N	Q	S	T	A	V	L	I	F	Y	W	H	M	C	P
0	0.01919	0.02365	0.01461	0.01311	0.01587	0.73688	0.00990	0.08006	0.01530	0.01413	0.00828	0.00950	0.00678	0.00536	0.00467	0.00134	0.00897	0.00341	0.00284	0.00617
1	0.46758	0.35310	0.04676	0.00792	0.01178	0.01523	0.00744	0.01525	0.00953	0.01814	0.00722	0.00839	0.00603	0.00461	0.00329	0.00138	0.00475	0.00280	0.00272	0.00607
2	0.06141	0.01441	0.01421	0.27360	0.08050	0.25653	0.01099	0.10834	0.01377	0.01692	0.09055	0.01435	0.01139	0.00580	0.00496	0.00154	0.00676	0.00457	0.00317	0.00624
3	0.02995	0.09289	0.01302	0.35665	0.02081	0.00990	0.00986	0.01143	0.00956	0.01287	0.01265	0.11351	0.01197	0.01677	0.25230	0.00372	0.00830	0.00585	0.00274	0.00525
4	0.01447	0.04836	0.02353	0.02036	0.16886	0.22070	0.36089	0.05032	0.01313	0.01600	0.00955	0.01212	0.00753	0.00471	0.00534	0.00155	0.00806	0.00485	0.00269	0.00696
5	0.01266	0.01198	0.01065	0.09326	0.01337	0.25356	0.00763	0.01418	0.10423	0.01203	0.01010	0.01386	0.00881	0.01126	0.01186	0.39293	0.00615	0.00427	0.00273	0.00447
6	0.01115	0.00786	0.01007	0.01032	0.07761	0.00823	0.00720	0.09304	0.10447	0.09000	0.05340	0.05489	0.07902	0.13076	0.18671	0.00365	0.00655	0.05497	0.00416	0.00592
7	0.01258	0.00665	0.00839	0.00747	0.00973	0.00607	0.00580	0.01487	0.04920	0.28678	0.11291	0.12716	0.23867	0.01270	0.07463	0.00228	0.00428	0.00843	0.00526	0.00611
8	0.00871	0.00630	0.00727	0.00645	0.00878	0.00521	0.00491	0.01036	0.01179	0.08260	0.11367	0.13089	0.37417	0.01047	0.00554	0.00153	0.00305	0.00889	0.00461	0.19482
9	0.08652	0.00741	0.00905	0.00790	0.00989	0.00738	0.00605	0.01389	0.01075	0.22316	0.03298	0.12567	0.09127	0.16181	0.01037	0.00232	0.08866	0.02157	0.00434	0.07902
10	0.00876	0.00630	0.00734	0.00650	0.00881	0.00523	0.00495	0.01045	0.01190	0.08286	0.14305	0.13045	0.34461	0.01037	0.00554	0.00153	0.00304	0.00882	0.00464	0.19484
11	0.00990	0.00806	0.00880	0.00838	0.01024	0.03242	0.00621	0.10568	0.16045	0.01745	0.02508	0.38789	0.10311	0.01137	0.00577	0.00178	0.00374	0.00992	0.00468	0.07908
12	0.01415	0.01174	0.01148	0.00988	0.01262	0.10755	0.00774	0.20658	0.24397	0.05899	0.18261	0.03778	0.04243	0.00763	0.00533	0.00160	0.00466	0.00623	0.01996	0.00708

[dist]
# distance from previous block
# <min> <max>
0	48

# created by:
# /st0/software/busco_prod/Augustus/scripts/msa2prfl.pl ./align_prep/114649.fa
