[name]
unknown

[dist]
# distance from previous block
# <min> <max>
2	33

[block]
# block no. 0 follows, 59 sequences, length 14
# corresponding to MSA columns:
# 38-51
name=unknown_A
#
# <colnr> <probs for GDERKNQSTAVLIFYWHMCP>
#	G	D	E	R	K	N	Q	S	T	A	V	L	I	F	Y	W	H	M	C	P
0	0.08103	0.01819	0.00841	0.02088	0.02347	0.00752	0.00562	0.16568	0.04166	0.09466	0.03277	0.19283	0.02948	0.15570	0.02778	0.00209	0.01767	0.01712	0.01968	0.03776
1	0.05080	0.00631	0.00710	0.00708	0.02736	0.04485	0.00505	0.05227	0.02619	0.05106	0.12690	0.23364	0.05794	0.12527	0.06473	0.00227	0.01972	0.03209	0.03148	0.02786
2	0.05237	0.00778	0.00903	0.00822	0.04378	0.04850	0.03762	0.12782	0.03847	0.08460	0.18091	0.04919	0.14614	0.06447	0.02173	0.00169	0.02367	0.00609	0.03295	0.01496
3	0.07417	0.06481	0.06082	0.05233	0.01135	0.05349	0.04150	0.09437	0.01023	0.03352	0.04631	0.12475	0.06780	0.05067	0.07613	0.00203	0.05133	0.00552	0.05042	0.02844
4	0.12028	0.00783	0.01981	0.00844	0.04373	0.02978	0.02471	0.07821	0.06697	0.14859	0.13484	0.10388	0.01622	0.00762	0.01805	0.03170	0.03857	0.03178	0.04228	0.02669
5	0.05159	0.08314	0.01251	0.00906	0.01201	0.07114	0.06954	0.27387	0.06174	0.07416	0.02756	0.01513	0.05994	0.04416	0.00506	0.00142	0.00459	0.02479	0.03881	0.05977
6	0.08952	0.11913	0.17513	0.00866	0.01174	0.05193	0.02218	0.11549	0.04513	0.01553	0.06066	0.02771	0.03213	0.04352	0.08725	0.00201	0.02142	0.00421	0.06121	0.00544
7	0.00787	0.00734	0.03832	0.00760	0.00890	0.05737	0.03000	0.06069	0.06580	0.01356	0.09923	0.36737	0.10925	0.04643	0.00650	0.00172	0.05516	0.00868	0.00377	0.00447
8	0.01020	0.33102	0.33553	0.00960	0.01395	0.01215	0.01075	0.04146	0.00961	0.03319	0.00945	0.01361	0.00833	0.03403	0.03059	0.00156	0.00556	0.08128	0.00232	0.00581
9	0.00829	0.00664	0.00868	0.00791	0.00897	0.02638	0.02155	0.10725	0.00908	0.01265	0.04310	0.01752	0.01172	0.13031	0.46867	0.00501	0.09429	0.00486	0.00271	0.00439
10	0.01121	0.74365	0.07154	0.00768	0.01148	0.01617	0.00784	0.01284	0.00906	0.01071	0.00866	0.00944	0.05622	0.00427	0.00307	0.00101	0.00468	0.00285	0.00203	0.00560
11	0.53313	0.00976	0.00859	0.00728	0.01017	0.04567	0.00596	0.18213	0.04105	0.05417	0.00863	0.00999	0.00668	0.00473	0.00340	0.00135	0.00395	0.02704	0.00329	0.03304
12	0.00986	0.00647	0.00872	0.04904	0.02471	0.00654	0.02531	0.12820	0.00972	0.06300	0.01212	0.06753	0.03925	0.02145	0.01023	0.35746	0.02083	0.04978	0.00295	0.08682
13	0.00761	0.00618	0.00694	0.00679	0.00799	0.05630	0.02594	0.03790	0.06166	0.03874	0.14722	0.34487	0.16679	0.04191	0.00587	0.00168	0.00317	0.02404	0.00408	0.00432

[dist]
# distance from previous block
# <min> <max>
2	17

[block]
# block no. 1 follows, 59 sequences, length 8
# corresponding to MSA columns:
# 70-77
name=unknown_B
#
# <colnr> <probs for GDERKNQSTAVLIFYWHMCP>
#	G	D	E	R	K	N	Q	S	T	A	V	L	I	F	Y	W	H	M	C	P
0	0.01107	0.03401	0.15658	0.20457	0.21363	0.02952	0.05859	0.01481	0.07139	0.11665	0.01012	0.01191	0.00756	0.00549	0.03389	0.00159	0.00571	0.00400	0.00268	0.00625
1	0.00623	0.00471	0.00577	0.00634	0.00703	0.00465	0.00443	0.00858	0.11114	0.01245	0.05825	0.56869	0.09437	0.05360	0.00629	0.00184	0.00277	0.03473	0.00411	0.00403
2	0.00938	0.01158	0.16761	0.01002	0.01238	0.11259	0.09554	0.04324	0.00905	0.01188	0.01034	0.06573	0.00979	0.08207	0.13577	0.11520	0.06620	0.02457	0.00242	0.00464
3	0.00960	0.01145	0.11751	0.01205	0.01310	0.01300	0.04778	0.01122	0.00726	0.01122	0.00622	0.00973	0.00581	0.00709	0.01274	0.00184	0.69147	0.00385	0.00194	0.00510
4	0.03893	0.05070	0.03964	0.00839	0.02749	0.03222	0.00690	0.20009	0.03165	0.31181	0.01370	0.03917	0.00997	0.00651	0.03634	0.00152	0.00433	0.00431	0.12986	0.00646
5	0.00594	0.00454	0.00605	0.11159	0.00916	0.00454	0.00481	0.00696	0.00853	0.01115	0.05194	0.46265	0.13098	0.15053	0.00821	0.00211	0.00321	0.00983	0.00362	0.00364
6	0.01267	0.18819	0.18068	0.02779	0.01364	0.25827	0.00932	0.05735	0.02792	0.07060	0.03406	0.01192	0.05246	0.00585	0.02980	0.00141	0.00602	0.00364	0.00267	0.00572
7	0.06927	0.13632	0.03483	0.02339	0.04440	0.09121	0.03811	0.07055	0.02681	0.02811	0.03613	0.12572	0.01148	0.02225	0.00428	0.00127	0.00422	0.00477	0.11460	0.11229

[dist]
# distance from previous block
# <min> <max>
3	7

[block]
# block no. 2 follows, 59 sequences, length 10
# corresponding to MSA columns:
# 85-94
name=unknown_C
#
# <colnr> <probs for GDERKNQSTAVLIFYWHMCP>
#	G	D	E	R	K	N	Q	S	T	A	V	L	I	F	Y	W	H	M	C	P
0	0.00946	0.00881	0.07246	0.00897	0.03568	0.00819	0.08405	0.07363	0.24688	0.01655	0.07070	0.01963	0.10420	0.05413	0.00543	0.00153	0.00381	0.00538	0.16496	0.00555
1	0.01027	0.05912	0.20717	0.01036	0.05993	0.00980	0.00933	0.17185	0.05349	0.01594	0.01107	0.10008	0.00990	0.03252	0.07751	0.00193	0.04997	0.00466	0.00293	0.10216
2	0.00832	0.00728	0.01184	0.70656	0.02653	0.00894	0.01085	0.01113	0.00890	0.01208	0.00886	0.01250	0.00672	0.00453	0.00421	0.00140	0.00530	0.00395	0.13530	0.00478
3	0.60881	0.06577	0.00900	0.00679	0.00977	0.01072	0.00568	0.13725	0.01013	0.08994	0.00782	0.00839	0.00580	0.00438	0.00315	0.00133	0.00376	0.00282	0.00318	0.00551
4	0.01371	0.04547	0.01257	0.01143	0.06679	0.42383	0.00839	0.08695	0.08415	0.01392	0.08709	0.01178	0.01017	0.00547	0.00535	0.00131	0.09941	0.00381	0.00286	0.00553
5	0.00552	0.00452	0.00490	0.00489	0.00627	0.00389	0.00372	0.00688	0.01054	0.01311	0.19063	0.04110	0.62325	0.01083	0.00527	0.00150	0.00231	0.05280	0.00424	0.00383
6	0.03280	0.01180	0.03519	0.06514	0.01319	0.16520	0.00780	0.14103	0.33540	0.04384	0.01403	0.09144	0.01152	0.00613	0.00444	0.00142	0.00473	0.00494	0.00376	0.00621
7	0.00558	0.00424	0.00513	0.00543	0.00632	0.00380	0.00388	0.00683	0.01014	0.01333	0.25660	0.35025	0.28928	0.01160	0.00538	0.00158	0.00232	0.01020	0.00432	0.00380
8	0.01136	0.01069	0.01442	0.03036	0.17669	0.07797	0.11969	0.15322	0.05674	0.01588	0.01111	0.09253	0.02339	0.00576	0.00558	0.00139	0.09367	0.00489	0.00296	0.09171
9	0.03831	0.01460	0.09132	0.01027	0.01356	0.19270	0.00879	0.45282	0.04778	0.02115	0.01048	0.05885	0.00836	0.00552	0.00433	0.00133	0.00548	0.00416	0.00363	0.00656

[dist]
# distance from previous block
# <min> <max>
5	12

[block]
# block no. 3 follows, 59 sequences, length 33
# corresponding to MSA columns:
# 107-121,123-140
name=unknown_D
#
# <colnr> <probs for GDERKNQSTAVLIFYWHMCP>
#	G	D	E	R	K	N	Q	S	T	A	V	L	I	F	Y	W	H	M	C	P
0	0.00639	0.00492	0.00574	0.00552	0.00679	0.00457	0.00414	0.03992	0.03464	0.01524	0.38319	0.09381	0.32213	0.03005	0.00562	0.00154	0.00242	0.02479	0.00443	0.00414
1	0.14079	0.14072	0.04532	0.02939	0.05468	0.11482	0.02026	0.11589	0.05351	0.11106	0.02234	0.01094	0.02442	0.00476	0.00405	0.00124	0.02447	0.00351	0.00312	0.07471
2	0.01038	0.01219	0.05161	0.01704	0.02116	0.05074	0.66540	0.01407	0.03128	0.01392	0.00997	0.06230	0.00816	0.00446	0.00512	0.00149	0.00704	0.00547	0.00240	0.00582
3	0.04169	0.01150	0.08737	0.04539	0.14715	0.13261	0.02192	0.08049	0.04207	0.07279	0.02375	0.08794	0.07202	0.00612	0.00455	0.00135	0.01581	0.02841	0.00313	0.07394
4	0.18833	0.07678	0.01121	0.03357	0.05096	0.03345	0.02031	0.10779	0.02395	0.09891	0.02458	0.04319	0.00831	0.00476	0.00400	0.00117	0.02806	0.00363	0.00314	0.23389
5	0.00558	0.00396	0.00509	0.00585	0.00619	0.00370	0.00389	0.00626	0.00843	0.01116	0.05208	0.64185	0.08903	0.09919	0.00768	0.02870	0.00274	0.01124	0.00391	0.00347
6	0.01274	0.04623	0.02113	0.01059	0.04613	0.18356	0.05206	0.21668	0.18384	0.01717	0.01287	0.09978	0.01130	0.04014	0.00522	0.00150	0.00512	0.02443	0.00352	0.00601
7	0.02553	0.03360	0.13896	0.02539	0.08687	0.04802	0.07933	0.06164	0.04563	0.08412	0.04076	0.02734	0.00885	0.00469	0.00458	0.00121	0.04321	0.00389	0.00290	0.23348
8	0.04852	0.07536	0.18133	0.01126	0.04601	0.03412	0.08897	0.13646	0.09421	0.12231	0.02640	0.01216	0.00862	0.00545	0.01721	0.00147	0.05091	0.01408	0.00321	0.02195
9	0.01031	0.18127	0.27783	0.01176	0.01565	0.05370	0.13482	0.03213	0.03406	0.01305	0.02430	0.01098	0.03128	0.00503	0.00586	0.00140	0.14472	0.00381	0.00223	0.00582
10	0.00803	0.00694	0.00999	0.11758	0.09237	0.00710	0.06815	0.07264	0.05987	0.01398	0.04778	0.16602	0.24124	0.00941	0.03385	0.00172	0.00414	0.03080	0.00350	0.00489
11	0.02131	0.08263	0.09792	0.03107	0.05861	0.17489	0.11795	0.05396	0.07338	0.08709	0.04012	0.05233	0.04245	0.02299	0.00498	0.00141	0.02348	0.00462	0.00301	0.00578
12	0.01155	0.01166	0.12387	0.05593	0.23451	0.05009	0.15889	0.03796	0.02286	0.13103	0.01147	0.09105	0.00963	0.02339	0.00501	0.00148	0.00547	0.00500	0.00292	0.00622
13	0.00553	0.00402	0.00512	0.00588	0.00633	0.00373	0.00400	0.00639	0.00876	0.01153	0.06488	0.62291	0.12489	0.07277	0.00679	0.00192	0.00267	0.03427	0.00403	0.00358
14	0.01021	0.01000	0.02486	0.10987	0.49978	0.03113	0.08588	0.02536	0.02739	0.01405	0.02425	0.06677	0.01926	0.00509	0.00460	0.00140	0.00527	0.02608	0.00249	0.00624
15	0.01227	0.09992	0.16058	0.03808	0.15398	0.16490	0.04162	0.06358	0.08242	0.06924	0.04090	0.01202	0.00886	0.00516	0.01505	0.00138	0.00571	0.01533	0.00281	0.00619
16	0.00558	0.00406	0.00523	0.00610	0.00647	0.00385	0.00409	0.00669	0.03265	0.01142	0.02474	0.74424	0.06733	0.04713	0.00626	0.00187	0.00264	0.01192	0.00405	0.00366
17	0.04501	0.00777	0.01043	0.00866	0.04733	0.00699	0.00674	0.05353	0.01271	0.69335	0.04868	0.01515	0.01167	0.00549	0.00442	0.00136	0.00379	0.00448	0.00517	0.00727
18	0.01141	0.10919	0.19442	0.13061	0.12806	0.05140	0.03456	0.10496	0.01132	0.08384	0.06171	0.02350	0.02609	0.00497	0.00427	0.00133	0.00529	0.00412	0.00283	0.00612
19	0.02313	0.05437	0.09516	0.08848	0.22017	0.16403	0.03937	0.06761	0.01073	0.03708	0.02284	0.02289	0.01816	0.01617	0.01689	0.00149	0.07609	0.01697	0.00251	0.00586
20	0.07902	0.39964	0.01693	0.00910	0.01205	0.33513	0.00779	0.01509	0.01028	0.03560	0.00674	0.00778	0.00577	0.00432	0.00380	0.00111	0.03957	0.00268	0.00221	0.00541
21	0.35159	0.02742	0.12328	0.07246	0.10502	0.02438	0.05772	0.08071	0.02717	0.06372	0.00822	0.00954	0.00617	0.00439	0.00393	0.00138	0.02100	0.00332	0.00276	0.00582
22	0.00745	0.00635	0.01958	0.00964	0.14427	0.03450	0.00571	0.00851	0.02007	0.01081	0.01600	0.23446	0.03697	0.35960	0.02832	0.00282	0.02924	0.01871	0.00299	0.00399
23	0.00631	0.00471	0.00699	0.00699	0.00774	0.00546	0.00538	0.00781	0.00706	0.01017	0.01193	0.01792	0.01129	0.07298	0.78776	0.00696	0.01146	0.00482	0.00238	0.00388
24	0.00895	0.00831	0.01352	0.53079	0.08026	0.00966	0.07181	0.02905	0.09963	0.01333	0.06596	0.02992	0.00988	0.00503	0.00456	0.00146	0.00534	0.00460	0.00258	0.00534
25	0.00567	0.00419	0.00534	0.00611	0.00670	0.00392	0.00432	0.00690	0.02464	0.01202	0.06800	0.59322	0.14604	0.01289	0.00557	0.00174	0.00264	0.08218	0.00414	0.00375
26	0.01014	0.03019	0.04098	0.22441	0.53909	0.01036	0.03260	0.01290	0.00972	0.01351	0.00854	0.01204	0.00712	0.00427	0.00441	0.00137	0.00545	0.02441	0.00216	0.00633
27	0.01656	0.00765	0.00969	0.00771	0.01073	0.00713	0.00627	0.08827	0.08507	0.55347	0.06885	0.01843	0.08723	0.00625	0.00456	0.00139	0.00359	0.00512	0.00512	0.00691
28	0.00864	0.02517	0.03179	0.02028	0.02109	0.00723	0.00598	0.02477	0.24485	0.05499	0.20394	0.15635	0.10192	0.02174	0.00549	0.00156	0.02817	0.02661	0.00420	0.00522
29	0.00773	0.00487	0.00623	0.00568	0.00707	0.00438	0.00433	0.00964	0.01219	0.11258	0.61553	0.03214	0.14282	0.00890	0.00512	0.00140	0.00230	0.00775	0.00483	0.00451
30	0.02412	0.00901	0.05948	0.18920	0.18762	0.00894	0.02192	0.04734	0.15945	0.01556	0.16119	0.05463	0.03074	0.00603	0.00461	0.00143	0.00435	0.00533	0.00328	0.00574
31	0.11580	0.02552	0.03469	0.00873	0.01137	0.01028	0.02603	0.14486	0.34122	0.06205	0.01408	0.01437	0.02684	0.00941	0.11961	0.00222	0.01847	0.00442	0.00379	0.00624
32	0.03319	0.01122	0.01135	0.00919	0.01223	0.10768	0.00743	0.38564	0.04807	0.16454	0.02233	0.04824	0.01023	0.00585	0.00440	0.00133	0.00467	0.04273	0.00417	0.06553

[dist]
# distance from previous block
# <min> <max>
3	5

[block]
# block no. 4 follows, 59 sequences, length 7
# corresponding to MSA columns:
# 146-152
name=unknown_E
#
# <colnr> <probs for GDERKNQSTAVLIFYWHMCP>
#	G	D	E	R	K	N	Q	S	T	A	V	L	I	F	Y	W	H	M	C	P
0	0.00988	0.00952	0.05109	0.09224	0.01289	0.08172	0.04594	0.06314	0.20225	0.03985	0.14473	0.04062	0.11184	0.02401	0.02483	0.00163	0.02900	0.00571	0.00366	0.00544
1	0.01102	0.03647	0.16101	0.02706	0.06533	0.02864	0.03308	0.13844	0.21278	0.05359	0.12203	0.01610	0.03562	0.00663	0.03117	0.00158	0.00474	0.00480	0.00361	0.00628
2	0.00619	0.00429	0.00517	0.00531	0.00556	0.00430	0.00333	0.00663	0.00722	0.00969	0.04652	0.14838	0.05944	0.54765	0.11814	0.00401	0.00478	0.00733	0.00300	0.00308
3	0.00710	0.00576	0.00715	0.04334	0.04920	0.03199	0.00542	0.05033	0.00947	0.01244	0.06228	0.39065	0.11422	0.08443	0.06166	0.00223	0.02650	0.02810	0.00361	0.00411
4	0.01370	0.01049	0.01126	0.00938	0.01232	0.01178	0.00750	0.32244	0.46308	0.06582	0.01512	0.01414	0.01105	0.00570	0.00446	0.00142	0.00403	0.00457	0.00452	0.00722
5	0.01264	0.00881	0.00979	0.00807	0.01025	0.00955	0.00621	0.39126	0.07516	0.07275	0.01272	0.01740	0.01105	0.26238	0.06984	0.00266	0.00501	0.00488	0.00382	0.00574
6	0.00903	0.00756	0.00749	0.00691	0.00854	0.09954	0.00531	0.05990	0.10987	0.04291	0.33933	0.05922	0.14010	0.00827	0.00487	0.00141	0.00328	0.03986	0.04175	0.00484

[dist]
# distance from previous block
# <min> <max>
0	5

[block]
# block no. 5 follows, 59 sequences, length 30
# corresponding to MSA columns:
# 158,172-179,220-232,237-244
name=unknown_F
#
# <colnr> <probs for GDERKNQSTAVLIFYWHMCP>
#	G	D	E	R	K	N	Q	S	T	A	V	L	I	F	Y	W	H	M	C	P
0	0.01047	0.01000	0.01563	0.05983	0.59704	0.03496	0.01165	0.01287	0.00987	0.01402	0.00890	0.04842	0.00785	0.00433	0.00425	0.00124	0.00494	0.00409	0.00233	0.13731
1	0.06316	0.00732	0.00970	0.00768	0.01081	0.00652	0.00632	0.01987	0.01204	0.70514	0.01709	0.01715	0.01165	0.03136	0.00500	0.00150	0.00378	0.05176	0.00515	0.00702
2	0.00896	0.05612	0.00760	0.05669	0.06975	0.00600	0.02664	0.01112	0.00938	0.03226	0.01296	0.01504	0.01019	0.00489	0.00334	0.00109	0.00288	0.00402	0.65648	0.00460
3	0.01221	0.00909	0.01023	0.03545	0.04774	0.10253	0.00741	0.09371	0.08786	0.17572	0.01483	0.12033	0.01328	0.00992	0.08530	0.00208	0.07504	0.08789	0.00373	0.00566
4	0.00563	0.00402	0.00515	0.00593	0.00628	0.00378	0.00399	0.00638	0.00840	0.01110	0.03576	0.61812	0.07674	0.13835	0.00816	0.00215	0.00287	0.04979	0.00390	0.00349
5	0.00857	0.00513	0.00649	0.00642	0.00761	0.00480	0.00468	0.05714	0.01045	0.14458	0.11148	0.44306	0.10630	0.04068	0.00589	0.00171	0.00290	0.02322	0.00437	0.00452
6	0.23045	0.06063	0.26211	0.01173	0.09474	0.03549	0.06588	0.07755	0.00985	0.01600	0.00830	0.01104	0.00678	0.04253	0.00501	0.00151	0.02778	0.02437	0.00246	0.00579
7	0.01651	0.05048	0.03916	0.00977	0.01317	0.11429	0.00819	0.44768	0.06372	0.17517	0.01158	0.01126	0.00814	0.00517	0.00429	0.00131	0.00501	0.00389	0.00416	0.00707
8	0.20339	0.14189	0.12253	0.01226	0.06064	0.11666	0.20389	0.01383	0.00943	0.01413	0.00743	0.00949	0.00602	0.02237	0.00470	0.00139	0.03864	0.00349	0.00224	0.00556
9	0.00622	0.00417	0.00547	0.00616	0.00666	0.00384	0.00416	0.00702	0.00855	0.04781	0.02286	0.72822	0.02685	0.06337	0.00652	0.00189	0.00274	0.01149	0.00403	0.03197
10	0.01240	0.07352	0.15725	0.01130	0.05071	0.19853	0.03358	0.12401	0.10686	0.03770	0.01061	0.07861	0.00903	0.00569	0.00508	0.00138	0.07046	0.00434	0.00294	0.00599
11	0.01153	0.69006	0.03491	0.00776	0.01136	0.04212	0.00749	0.01367	0.05749	0.01117	0.00758	0.03499	0.00695	0.00425	0.00311	0.00101	0.00465	0.00290	0.00216	0.04486
12	0.00902	0.00824	0.05941	0.04406	0.03115	0.05611	0.00627	0.09495	0.06120	0.05388	0.18798	0.03967	0.24369	0.05395	0.02941	0.00173	0.00388	0.00658	0.00386	0.00495
13	0.00576	0.00444	0.00521	0.00567	0.00647	0.00414	0.00394	0.00733	0.05738	0.01190	0.04946	0.45845	0.28260	0.06788	0.00655	0.00183	0.00262	0.01053	0.00405	0.00379
14	0.01091	0.00928	0.00937	0.02314	0.01052	0.09797	0.00648	0.11736	0.31359	0.01541	0.02359	0.01638	0.07210	0.00879	0.02148	0.19354	0.02818	0.01314	0.00349	0.00527
15	0.00723	0.00478	0.00573	0.00536	0.00678	0.00422	0.00404	0.00879	0.01123	0.09872	0.37490	0.06259	0.34556	0.03343	0.00564	0.00152	0.00240	0.00826	0.00453	0.00428
16	0.01209	0.00917	0.00999	0.00852	0.01018	0.07112	0.00659	0.28982	0.06309	0.03082	0.00967	0.01266	0.00817	0.04698	0.02890	0.28651	0.08368	0.00403	0.00310	0.00492
17	0.00560	0.00409	0.00514	0.00575	0.00628	0.00378	0.00394	0.00655	0.00908	0.01201	0.12887	0.53044	0.14614	0.08593	0.00701	0.00192	0.00263	0.02716	0.00407	0.00361
18	0.01112	0.70862	0.03547	0.00759	0.01096	0.03840	0.00734	0.01252	0.00902	0.01057	0.00836	0.10649	0.00847	0.00500	0.00322	0.00106	0.00459	0.00360	0.00216	0.00542
19	0.06572	0.02245	0.01190	0.00943	0.01178	0.02391	0.08080	0.15828	0.01071	0.05001	0.01005	0.03410	0.02005	0.01052	0.15585	0.00240	0.15830	0.00415	0.00292	0.15667
20	0.02675	0.01217	0.02198	0.00935	0.01211	0.19862	0.00747	0.23415	0.14653	0.17097	0.02716	0.06006	0.02392	0.00603	0.00444	0.00137	0.00491	0.02158	0.00405	0.00641
21	0.60683	0.03729	0.00795	0.00647	0.00924	0.03242	0.00532	0.01446	0.00872	0.17495	0.00902	0.03160	0.00688	0.00545	0.02632	0.00152	0.00387	0.00314	0.00325	0.00530
22	0.01197	0.03650	0.20629	0.08337	0.02829	0.06649	0.00981	0.17695	0.08481	0.09641	0.03372	0.01298	0.00920	0.03386	0.08795	0.00203	0.00594	0.00408	0.00319	0.00617
23	0.00697	0.00548	0.00667	0.00571	0.00765	0.00461	0.00438	0.00890	0.01122	0.01602	0.48247	0.02723	0.12872	0.00762	0.00464	0.00119	0.00245	0.00659	0.00411	0.25738
24	0.00729	0.00666	0.00631	0.00612	0.00754	0.09303	0.00462	0.00952	0.07104	0.01373	0.23424	0.05932	0.36910	0.03831	0.00569	0.00157	0.00310	0.05451	0.00408	0.00422
25	0.29192	0.00880	0.00951	0.00764	0.01075	0.00914	0.00627	0.17809	0.04068	0.34719	0.03945	0.01228	0.00940	0.00514	0.00392	0.00136	0.00381	0.00383	0.00432	0.00651
26	0.00622	0.00456	0.00549	0.00525	0.00649	0.00406	0.00394	0.00791	0.01151	0.03692	0.49548	0.06231	0.31398	0.00985	0.00521	0.00144	0.00220	0.00851	0.00458	0.00408
27	0.01449	0.01408	0.01287	0.01155	0.06196	0.26061	0.03318	0.27202	0.22120	0.01861	0.01107	0.01136	0.00841	0.00517	0.00455	0.00133	0.02357	0.00393	0.00353	0.00651
28	0.00777	0.00649	0.02431	0.00827	0.00974	0.01726	0.11878	0.01721	0.02377	0.05436	0.13181	0.26656	0.09682	0.09473	0.03245	0.00205	0.04001	0.03957	0.00366	0.00439
29	0.01197	0.00849	0.01228	0.05555	0.01350	0.00866	0.13723	0.19422	0.05783	0.15474	0.06671	0.09671	0.04972	0.00872	0.06434	0.00188	0.00503	0.04260	0.00393	0.00590

[dist]
# distance from previous block
# <min> <max>
9	23

[block]
# block no. 6 follows, 59 sequences, length 38
# corresponding to MSA columns:
# 271-308
name=unknown_G
#
# <colnr> <probs for GDERKNQSTAVLIFYWHMCP>
#	G	D	E	R	K	N	Q	S	T	A	V	L	I	F	Y	W	H	M	C	P
0	0.02107	0.06056	0.05702	0.01877	0.01053	0.04354	0.01909	0.06314	0.25100	0.03222	0.08160	0.26496	0.02708	0.00817	0.00472	0.00149	0.00371	0.00705	0.00388	0.02040
1	0.01109	0.03919	0.06667	0.05313	0.15632	0.19715	0.08302	0.03709	0.06162	0.01310	0.01992	0.04261	0.02412	0.00838	0.09935	0.00201	0.05411	0.00431	0.00254	0.02426
2	0.03600	0.05315	0.13650	0.05978	0.11239	0.05158	0.11055	0.02708	0.05630	0.05780	0.03012	0.02001	0.02252	0.01510	0.00520	0.00155	0.03003	0.16573	0.00296	0.00566
3	0.00715	0.00516	0.00560	0.00556	0.00589	0.05118	0.00357	0.00706	0.00739	0.00951	0.07148	0.06208	0.06552	0.43279	0.03776	0.20627	0.00422	0.00614	0.00278	0.00288
4	0.01371	0.01490	0.01144	0.01051	0.03131	0.40032	0.00791	0.08805	0.25550	0.01494	0.02625	0.02741	0.02557	0.00568	0.00460	0.00133	0.02878	0.02266	0.00329	0.00584
5	0.01209	0.00992	0.01055	0.00910	0.01179	0.01124	0.00717	0.20431	0.57855	0.02031	0.01627	0.04535	0.01252	0.00606	0.00449	0.00145	0.00377	0.00498	0.00442	0.02564
6	0.02316	0.15158	0.07274	0.01066	0.06225	0.22297	0.00854	0.09410	0.17982	0.01494	0.04752	0.04208	0.01010	0.00540	0.00447	0.00130	0.03532	0.00405	0.00304	0.00595
7	0.00623	0.00448	0.00573	0.00553	0.00643	0.00417	0.00404	0.00798	0.01148	0.01607	0.64365	0.06305	0.06130	0.11028	0.00734	0.00177	0.00243	0.02956	0.00452	0.00395
8	0.00801	0.00775	0.05790	0.00832	0.01001	0.03730	0.07360	0.04771	0.09203	0.01320	0.07897	0.15806	0.06551	0.09802	0.20528	0.00315	0.02068	0.00661	0.00326	0.00463
9	0.00589	0.00437	0.00535	0.00538	0.00624	0.00403	0.00383	0.00724	0.01027	0.01383	0.36888	0.17685	0.21184	0.11665	0.03775	0.00206	0.00284	0.00878	0.00419	0.00377
10	0.00947	0.00897	0.01508	0.43172	0.37542	0.01007	0.01249	0.01213	0.00924	0.01257	0.00816	0.01181	0.00665	0.02754	0.00519	0.00149	0.03014	0.00400	0.00208	0.00576
11	0.05898	0.00809	0.01083	0.05196	0.03254	0.03374	0.02627	0.02826	0.00812	0.06079	0.00965	0.01348	0.02137	0.04501	0.24730	0.00332	0.30553	0.00423	0.00248	0.02806
12	0.01040	0.00811	0.00914	0.00768	0.01038	0.00808	0.00614	0.12950	0.23937	0.04806	0.09801	0.02027	0.08063	0.00641	0.00443	0.00128	0.00345	0.07062	0.00399	0.23405
13	0.00990	0.30791	0.52473	0.01082	0.01623	0.01284	0.01312	0.01364	0.00914	0.01266	0.00725	0.00856	0.00563	0.00414	0.00399	0.00126	0.02718	0.00297	0.00188	0.00619
14	0.19983	0.00866	0.01162	0.00944	0.01204	0.03836	0.18149	0.06367	0.06811	0.04190	0.09229	0.13317	0.05886	0.00663	0.00448	0.00144	0.00427	0.01698	0.00342	0.04333
15	0.58664	0.00832	0.00784	0.00656	0.00953	0.00894	0.00541	0.03563	0.00945	0.27021	0.00979	0.00972	0.00677	0.00456	0.00331	0.00137	0.00356	0.00307	0.00363	0.00571
16	0.00942	0.00787	0.00955	0.00687	0.01073	0.00600	0.02593	0.01142	0.00937	0.03677	0.02710	0.00995	0.00749	0.00348	0.00340	0.00071	0.00336	0.00286	0.00274	0.80498
17	0.02934	0.00521	0.00617	0.00587	0.00726	0.00499	0.00446	0.00993	0.08967	0.05215	0.41052	0.08688	0.22014	0.00971	0.01683	0.00155	0.00259	0.02778	0.00451	0.00446
18	0.00943	0.00784	0.00919	0.00658	0.01049	0.00590	0.00527	0.01139	0.00925	0.03505	0.00810	0.00931	0.00665	0.00333	0.00330	0.00067	0.00328	0.00266	0.00269	0.84963
19	0.01208	0.79899	0.02252	0.00778	0.01147	0.06494	0.00761	0.01348	0.00918	0.01042	0.00618	0.00714	0.00567	0.00382	0.00290	0.00096	0.00491	0.00239	0.00191	0.00564
20	0.01066	0.00916	0.00971	0.00883	0.01119	0.01056	0.00683	0.02248	0.76347	0.01806	0.01834	0.06367	0.01438	0.00644	0.00456	0.00151	0.00344	0.00543	0.00447	0.00680
21	0.01707	0.00774	0.01013	0.00807	0.01110	0.01806	0.02426	0.02017	0.11610	0.60797	0.05410	0.03908	0.01314	0.02579	0.00496	0.00147	0.00377	0.00494	0.00509	0.00700
22	0.05088	0.01065	0.01119	0.00913	0.01212	0.03561	0.00738	0.40146	0.23478	0.09509	0.04307	0.01454	0.03446	0.00581	0.00443	0.00139	0.00423	0.01246	0.00440	0.00692
23	0.00634	0.00461	0.00649	0.00649	0.00707	0.00519	0.00476	0.00750	0.00692	0.00980	0.01239	0.02044	0.01238	0.25009	0.61214	0.00635	0.00981	0.00518	0.00245	0.00360
24	0.00528	0.00445	0.00457	0.00459	0.00602	0.00375	0.00343	0.00644	0.01014	0.01222	0.08506	0.07082	0.74585	0.01117	0.00523	0.00150	0.00224	0.00937	0.00414	0.00375
25	0.00976	0.01186	0.08444	0.01678	0.02094	0.01028	0.65237	0.01327	0.01010	0.01380	0.01038	0.09125	0.00884	0.00520	0.01826	0.00160	0.00698	0.00576	0.00239	0.00574
26	0.01093	0.01047	0.01772	0.02663	0.79598	0.01051	0.01338	0.01382	0.03113	0.01454	0.00856	0.01108	0.00717	0.00399	0.00438	0.00132	0.00520	0.00396	0.00225	0.00700
27	0.00556	0.00412	0.00522	0.00591	0.00653	0.00378	0.00417	0.00661	0.00929	0.01219	0.10908	0.55401	0.17848	0.01273	0.00555	0.00171	0.00256	0.06463	0.00418	0.00371
28	0.00892	0.03911	0.80615	0.01249	0.01896	0.01040	0.01615	0.01397	0.00932	0.01392	0.00789	0.00928	0.00560	0.00419	0.00417	0.00139	0.00649	0.00325	0.00187	0.00651
29	0.00891	0.00861	0.01403	0.66658	0.11038	0.02812	0.03032	0.01169	0.00896	0.01163	0.00778	0.01149	0.00601	0.00454	0.00500	0.00147	0.05341	0.00393	0.00200	0.00515
30	0.00897	0.05437	0.79136	0.01240	0.01882	0.01053	0.01598	0.01396	0.00931	0.01385	0.00786	0.00924	0.00560	0.00418	0.00414	0.00138	0.00646	0.00323	0.00187	0.00649
31	0.00870	0.00821	0.01389	0.72318	0.13862	0.00991	0.01244	0.01160	0.00900	0.01172	0.00791	0.01166	0.00604	0.00435	0.00441	0.00145	0.00580	0.00393	0.00199	0.00519
32	0.00976	0.04137	0.67534	0.01210	0.01801	0.00995	0.04438	0.01433	0.00962	0.07770	0.00930	0.02444	0.00691	0.00461	0.00429	0.00141	0.00618	0.02160	0.00225	0.00646
33	0.01943	0.00782	0.01083	0.00826	0.01171	0.00689	0.03020	0.04946	0.01287	0.76775	0.01693	0.01478	0.01068	0.00541	0.00446	0.00137	0.00391	0.00445	0.00533	0.00747
34	0.00892	0.00849	0.01454	0.65020	0.18756	0.00999	0.03436	0.01182	0.00912	0.01199	0.00797	0.01161	0.00613	0.00430	0.00443	0.00144	0.00580	0.00396	0.00201	0.00535
35	0.00925	0.07440	0.74659	0.01228	0.01855	0.01066	0.02700	0.01407	0.00937	0.02709	0.00799	0.00932	0.00570	0.00418	0.00413	0.00137	0.00638	0.00325	0.00193	0.00648
36	0.00993	0.00926	0.01523	0.42682	0.36193	0.01041	0.01253	0.05496	0.00994	0.01349	0.00814	0.01130	0.00644	0.00435	0.00466	0.00141	0.02715	0.00393	0.00219	0.00593
37	0.82620	0.00827	0.00641	0.00583	0.00842	0.00955	0.00474	0.01259	0.00757	0.01933	0.00719	0.05490	0.00618	0.00466	0.00290	0.00139	0.00337	0.00297	0.00281	0.00471

[dist]
# distance from previous block
# <min> <max>
2	24

[block]
# block no. 7 follows, 59 sequences, length 18
# corresponding to MSA columns:
# 334-351
name=unknown_H
#
# <colnr> <probs for GDERKNQSTAVLIFYWHMCP>
#	G	D	E	R	K	N	Q	S	T	A	V	L	I	F	Y	W	H	M	C	P
0	0.01082	0.01007	0.01675	0.06559	0.62689	0.01027	0.04002	0.06681	0.01059	0.01492	0.00911	0.01253	0.00775	0.00583	0.04748	0.00165	0.00564	0.02827	0.00240	0.00664
1	0.01237	0.74791	0.02186	0.00802	0.01161	0.11498	0.00767	0.01376	0.00940	0.01044	0.00622	0.00719	0.00567	0.00387	0.00297	0.00097	0.00511	0.00242	0.00194	0.00560
2	0.04484	0.01997	0.01255	0.01129	0.01358	0.74917	0.02403	0.01737	0.02802	0.01132	0.00704	0.00822	0.00584	0.00462	0.00421	0.00118	0.02631	0.00294	0.00233	0.00516
3	0.00870	0.00821	0.01389	0.72325	0.13856	0.00991	0.01244	0.01160	0.00900	0.01172	0.00791	0.01166	0.00604	0.00435	0.00441	0.00145	0.00580	0.00393	0.00199	0.00519
4	0.13360	0.01126	0.01176	0.00915	0.01256	0.01228	0.00752	0.57658	0.05904	0.02494	0.01011	0.01030	0.00735	0.00498	0.00408	0.00127	0.00444	0.00368	0.00402	0.09110
5	0.00643	0.00439	0.00519	0.00526	0.00544	0.00444	0.00327	0.00675	0.00685	0.00914	0.01522	0.02959	0.03854	0.68587	0.09909	0.00432	0.00494	0.05959	0.00278	0.00292
6	0.00568	0.00400	0.00500	0.00567	0.00591	0.00380	0.00364	0.00624	0.00793	0.01050	0.02225	0.56078	0.06405	0.26076	0.01062	0.00252	0.00306	0.01057	0.00368	0.00332
7	0.07707	0.00805	0.01039	0.00809	0.01136	0.00748	0.02069	0.10669	0.01298	0.62970	0.01604	0.04851	0.01082	0.00567	0.00439	0.00138	0.00387	0.00460	0.00505	0.00714
8	0.01071	0.01026	0.01752	0.09753	0.74857	0.01043	0.01344	0.01336	0.00995	0.01415	0.00827	0.01100	0.00690	0.00398	0.00438	0.00133	0.00530	0.00393	0.00217	0.00681
9	0.00631	0.00473	0.00710	0.00710	0.00789	0.00552	0.00552	0.00789	0.00710	0.01025	0.01183	0.01735	0.01104	0.03312	0.82728	0.00710	0.01183	0.00473	0.00237	0.00394
10	0.00807	0.00452	0.00626	0.00614	0.00644	0.00470	0.00422	0.00789	0.10247	0.00897	0.00891	0.01379	0.00837	0.01422	0.01572	0.76678	0.00379	0.00398	0.00223	0.00253
11	0.00818	0.00591	0.00772	0.00821	0.00953	0.00604	0.00707	0.10449	0.01140	0.01489	0.02262	0.06132	0.05132	0.01137	0.00586	0.00192	0.00407	0.64951	0.00411	0.00446
12	0.00757	0.00565	0.00784	0.00747	0.00859	0.00650	0.00587	0.10354	0.00874	0.01237	0.01168	0.01654	0.01062	0.02978	0.72823	0.00640	0.01099	0.00464	0.00261	0.00437
13	0.00664	0.00540	0.00556	0.00523	0.00689	0.00493	0.00398	0.10217	0.01122	0.01375	0.03920	0.06952	0.67092	0.02793	0.00550	0.00154	0.00261	0.00874	0.00411	0.00416
14	0.00605	0.00435	0.00564	0.00562	0.00644	0.00404	0.00405	0.00771	0.01123	0.01567	0.58122	0.21051	0.05340	0.05641	0.00626	0.00164	0.00231	0.00893	0.00456	0.00395
15	0.00959	0.00788	0.00913	0.00693	0.01034	0.00653	0.00547	0.10574	0.01047	0.01561	0.01029	0.11603	0.00956	0.00487	0.00371	0.00088	0.00337	0.00405	0.00302	0.65651
16	0.01182	0.00741	0.00790	0.00700	0.00889	0.10388	0.00536	0.01336	0.01165	0.28383	0.25928	0.13459	0.09108	0.02706	0.00525	0.00148	0.00348	0.00688	0.00453	0.00525
17	0.00742	0.00461	0.00596	0.00592	0.00689	0.00424	0.00427	0.00877	0.01040	0.10209	0.32389	0.29522	0.08118	0.09164	0.00696	0.00182	0.00269	0.02745	0.00440	0.00417

[dist]
# distance from previous block
# <min> <max>
1	1

[block]
# block no. 8 follows, 59 sequences, length 14
# corresponding to MSA columns:
# 367-380
name=unknown_I
#
# <colnr> <probs for GDERKNQSTAVLIFYWHMCP>
#	G	D	E	R	K	N	Q	S	T	A	V	L	I	F	Y	W	H	M	C	P
0	0.00590	0.00428	0.00489	0.00505	0.00559	0.00400	0.00327	0.00654	0.00837	0.01087	0.10455	0.18196	0.23192	0.38845	0.01310	0.00280	0.00321	0.00847	0.00353	0.00327
1	0.00663	0.00460	0.00597	0.00618	0.00714	0.00430	0.00474	0.00823	0.01062	0.04127	0.32949	0.19177	0.11867	0.05324	0.00635	0.00177	0.00282	0.18782	0.00436	0.00402
2	0.10288	0.00497	0.00587	0.00598	0.00698	0.00487	0.00439	0.00865	0.00947	0.05825	0.20232	0.24952	0.07189	0.14653	0.00793	0.00205	0.00305	0.09647	0.00396	0.00398
3	0.00543	0.00414	0.00499	0.00550	0.00628	0.00371	0.00385	0.00647	0.00950	0.01227	0.12529	0.46813	0.30385	0.01234	0.00544	0.00164	0.00239	0.01089	0.00419	0.00371
4	0.11113	0.01122	0.01233	0.00963	0.01299	0.01230	0.03304	0.54340	0.09885	0.09364	0.01140	0.01125	0.00809	0.00520	0.00427	0.00136	0.00455	0.00398	0.00426	0.00711
5	0.40829	0.01004	0.00956	0.00793	0.01093	0.01136	0.00647	0.29711	0.14298	0.04084	0.00993	0.01010	0.00732	0.00487	0.00366	0.00137	0.00395	0.00343	0.00369	0.00618
6	0.01672	0.00748	0.00958	0.00763	0.01065	0.00684	0.00624	0.08155	0.04866	0.58089	0.03921	0.01947	0.11158	0.00644	0.00460	0.00140	0.00361	0.02547	0.00512	0.00685
7	0.08089	0.01089	0.00992	0.00861	0.01120	0.14859	0.00675	0.11773	0.31747	0.11476	0.01741	0.01655	0.10808	0.00608	0.00434	0.00139	0.00430	0.00476	0.00404	0.00623
8	0.01664	0.01671	0.01241	0.01057	0.01334	0.52008	0.02860	0.11724	0.01338	0.15726	0.00929	0.00971	0.00692	0.00473	0.00412	0.00119	0.00660	0.00332	0.00313	0.04477
9	0.02673	0.04994	0.06265	0.00874	0.01242	0.13315	0.06671	0.01365	0.01010	0.10260	0.00926	0.03634	0.00750	0.00418	0.00376	0.00098	0.00461	0.00339	0.00282	0.44046
10	0.01079	0.12311	0.50142	0.01093	0.01619	0.10069	0.01265	0.01449	0.00983	0.06393	0.00817	0.00924	0.00604	0.00417	0.00393	0.00124	0.00596	0.00311	0.00221	0.09190
11	0.16099	0.01101	0.05470	0.00967	0.01315	0.08402	0.10281	0.14408	0.01253	0.30557	0.02477	0.01178	0.00844	0.00484	0.00416	0.00133	0.00481	0.00391	0.00387	0.03355
12	0.19776	0.00895	0.01113	0.02781	0.01220	0.05630	0.12104	0.05121	0.03599	0.24314	0.06555	0.01626	0.09916	0.00565	0.00426	0.00137	0.00427	0.00472	0.00380	0.02943
13	0.26002	0.01056	0.06303	0.01113	0.09350	0.04181	0.10026	0.05327	0.09880	0.20919	0.01103	0.01133	0.00787	0.00465	0.00401	0.00138	0.00460	0.00380	0.00347	0.00629

[dist]
# distance from previous block
# <min> <max>
0	163

# created by:
# /st0/software/busco_prod/Augustus/scripts/msa2prfl.pl ./align_prep/114773.fa
