[name]
unknown

[dist]
# distance from previous block
# <min> <max>
0	0

[block]
# block no. 0 follows, 48 sequences, length 56
# corresponding to MSA columns:
# 94-149
name=unknown_A
#
# <colnr> <probs for GDERKNQSTAVLIFYWHMCP>
#	G	D	E	R	K	N	Q	S	T	A	V	L	I	F	Y	W	H	M	C	P
0	0.00827	0.00591	0.00827	0.00945	0.01063	0.00591	0.00827	0.01063	0.01181	0.01536	0.02717	0.05788	0.02953	0.01417	0.00709	0.00236	0.00472	0.75313	0.00472	0.00472
1	0.01029	0.02654	0.79309	0.01462	0.02221	0.01192	0.01896	0.01625	0.01083	0.01625	0.00921	0.01083	0.00650	0.00487	0.00487	0.00162	0.00758	0.00379	0.00217	0.00758
2	0.01211	0.01384	0.03028	0.02163	0.02682	0.01298	0.76903	0.01644	0.01211	0.01644	0.01038	0.01384	0.00779	0.00433	0.00606	0.00173	0.00865	0.00606	0.00260	0.00692
3	0.00746	0.00497	0.00560	0.00560	0.00560	0.00497	0.00311	0.00746	0.00746	0.00995	0.01617	0.03358	0.01865	0.81967	0.02612	0.00497	0.00497	0.00746	0.00311	0.00311
4	0.01029	0.02654	0.79309	0.01462	0.02221	0.01192	0.01896	0.01625	0.01083	0.01625	0.00921	0.01083	0.00650	0.00487	0.00487	0.00162	0.00758	0.00379	0.00217	0.00758
5	0.01328	0.01392	0.02792	0.02007	0.02509	0.01344	0.64900	0.13565	0.01401	0.01895	0.01069	0.01360	0.00793	0.00462	0.00591	0.00170	0.00818	0.00583	0.00300	0.00721
6	0.00625	0.00447	0.00595	0.00714	0.00744	0.00417	0.00476	0.00714	0.00982	0.01310	0.02828	0.81633	0.03394	0.01608	0.00655	0.00208	0.00298	0.01459	0.00476	0.00417
7	0.00625	0.00447	0.00595	0.00714	0.00744	0.00417	0.00476	0.00714	0.00982	0.01310	0.02828	0.81633	0.03394	0.01608	0.00655	0.00208	0.00298	0.01459	0.00476	0.00417
8	0.01276	0.01102	0.01160	0.01044	0.01334	0.01276	0.00812	0.02727	0.77840	0.02146	0.02088	0.01914	0.01566	0.00696	0.00522	0.00174	0.00406	0.00580	0.00522	0.00812
9	0.00956	0.00478	0.00478	0.00478	0.00598	0.00478	0.00359	0.01196	0.01076	0.01913	0.01674	0.01913	0.01315	0.00598	0.00359	0.00120	0.00239	0.00478	0.84816	0.00478
10	0.01825	0.00733	0.00938	0.00759	0.01058	0.00656	0.00614	0.02038	0.01329	0.51762	0.01900	0.01805	0.01286	0.00622	0.00460	0.00145	0.00367	0.00503	0.30466	0.00733
11	0.00649	0.00521	0.00579	0.00564	0.00719	0.00451	0.00423	0.00819	0.01270	0.01624	0.31172	0.04546	0.52435	0.01211	0.00606	0.00169	0.00254	0.01028	0.00508	0.00451
12	0.00956	0.00478	0.00478	0.00478	0.00598	0.00478	0.00359	0.01196	0.01076	0.01913	0.01674	0.01913	0.01315	0.00598	0.00359	0.00120	0.00239	0.00478	0.84816	0.00478
13	0.00625	0.00447	0.00595	0.00714	0.00744	0.00417	0.00476	0.00714	0.00982	0.01310	0.02828	0.81633	0.03394	0.01608	0.00655	0.00208	0.00298	0.01459	0.00476	0.00417
14	0.01372	0.82276	0.02689	0.00878	0.01317	0.02030	0.00878	0.01536	0.01043	0.01207	0.00713	0.00823	0.00658	0.00439	0.00329	0.00110	0.00549	0.00274	0.00219	0.00658
15	0.00969	0.00912	0.01539	0.80734	0.03534	0.01140	0.01425	0.01311	0.01026	0.01311	0.00912	0.01368	0.00684	0.00513	0.00513	0.00171	0.00684	0.00456	0.00228	0.00570
16	0.00734	0.00547	0.00809	0.00809	0.00896	0.00633	0.00622	0.00906	0.00820	0.01180	0.01388	0.02093	0.01316	0.08341	0.75487	0.00806	0.01324	0.00561	0.00277	0.00450
17	0.00969	0.00912	0.01539	0.80734	0.03534	0.01140	0.01425	0.01311	0.01026	0.01311	0.00912	0.01368	0.00684	0.00513	0.00513	0.00171	0.00684	0.00456	0.00228	0.00570
18	0.01754	0.02206	0.01338	0.01222	0.01475	0.70033	0.00917	0.01886	0.01419	0.01272	0.01340	0.01424	0.10340	0.00625	0.00481	0.00137	0.00843	0.00424	0.00291	0.00575
19	0.01064	0.00912	0.01064	0.00760	0.01216	0.00684	0.00608	0.01292	0.01064	0.01672	0.00912	0.01064	0.00760	0.00380	0.00380	0.00076	0.00380	0.00304	0.00304	0.85104
20	0.01270	0.01219	0.02083	0.03149	0.78767	0.01219	0.01575	0.01575	0.01168	0.01676	0.00965	0.01270	0.00813	0.00457	0.00508	0.00152	0.00610	0.00457	0.00254	0.00813
21	0.00625	0.00447	0.00595	0.00714	0.00744	0.00417	0.00476	0.00714	0.00982	0.01310	0.02828	0.81633	0.03394	0.01608	0.00655	0.00208	0.00298	0.01459	0.00476	0.00417
22	0.00625	0.00447	0.00595	0.00714	0.00744	0.00417	0.00476	0.00714	0.00982	0.01310	0.02828	0.81633	0.03394	0.01608	0.00655	0.00208	0.00298	0.01459	0.00476	0.00417
23	0.01064	0.00912	0.01064	0.00760	0.01216	0.00684	0.00608	0.01292	0.01064	0.01672	0.00912	0.01064	0.00760	0.00380	0.00380	0.00076	0.00380	0.00304	0.00304	0.85104
24	0.00956	0.00478	0.00478	0.00478	0.00598	0.00478	0.00359	0.01196	0.01076	0.01913	0.01674	0.01913	0.01315	0.00598	0.00359	0.00120	0.00239	0.00478	0.84816	0.00478
25	0.01211	0.01384	0.03028	0.02163	0.02682	0.01298	0.76903	0.01644	0.01211	0.01644	0.01038	0.01384	0.00779	0.00433	0.00606	0.00173	0.00865	0.00606	0.00260	0.00692
26	0.01123	0.01123	0.01572	0.01347	0.01347	0.01572	0.01123	0.01235	0.00786	0.01235	0.00674	0.01123	0.00674	0.00898	0.01684	0.00225	0.81028	0.00449	0.00225	0.00561
27	0.01951	0.01437	0.01540	0.01181	0.01591	0.01591	0.00975	0.77056	0.02412	0.03234	0.01232	0.01232	0.00873	0.00616	0.00513	0.00154	0.00565	0.00462	0.00513	0.00873
28	0.00746	0.00499	0.00568	0.00568	0.00571	0.00502	0.00322	0.00752	0.00749	0.01001	0.01609	0.03313	0.01846	0.79380	0.05173	0.00508	0.00526	0.00740	0.00310	0.00316
29	0.00956	0.00478	0.00478	0.00478	0.00598	0.00478	0.00359	0.01196	0.01076	0.01913	0.01674	0.01913	0.01315	0.00598	0.00359	0.00120	0.00239	0.00478	0.84816	0.00478
30	0.00827	0.00591	0.00827	0.00945	0.01063	0.00591	0.00827	0.01063	0.01181	0.01536	0.02717	0.05788	0.02953	0.01417	0.00709	0.00236	0.00472	0.75313	0.00472	0.00472
31	0.01029	0.02654	0.79309	0.01462	0.02221	0.01192	0.01896	0.01625	0.01083	0.01625	0.00921	0.01083	0.00650	0.00487	0.00487	0.00162	0.00758	0.00379	0.00217	0.00758
32	0.01064	0.00912	0.01064	0.00760	0.01216	0.00684	0.00608	0.01292	0.01064	0.01672	0.00912	0.01064	0.00760	0.00380	0.00380	0.00076	0.00380	0.00304	0.00304	0.85104
33	0.00956	0.00478	0.00478	0.00478	0.00598	0.00478	0.00359	0.01196	0.01076	0.01913	0.01674	0.01913	0.01315	0.00598	0.00359	0.00120	0.00239	0.00478	0.84816	0.00478
34	0.00791	0.00565	0.00785	0.00903	0.01006	0.00559	0.00764	0.01000	0.01145	0.01495	0.02737	0.19434	0.03032	0.01452	0.00699	0.00231	0.00441	0.62025	0.00473	0.00462
35	0.01275	0.59811	0.24307	0.01043	0.01572	0.01794	0.01165	0.01561	0.01054	0.01325	0.00772	0.00897	0.00656	0.00453	0.00374	0.00125	0.00608	0.00304	0.00219	0.00687
36	0.85592	0.00992	0.00754	0.00675	0.00992	0.01151	0.00556	0.01508	0.00873	0.02302	0.00714	0.00834	0.00556	0.00476	0.00318	0.00159	0.00397	0.00278	0.00318	0.00556
37	0.00625	0.00447	0.00595	0.00714	0.00744	0.00417	0.00476	0.00714	0.00982	0.01310	0.02828	0.81633	0.03394	0.01608	0.00655	0.00208	0.00298	0.01459	0.00476	0.00417
38	0.00734	0.00539	0.00690	0.00649	0.00777	0.00501	0.00488	0.01001	0.03339	0.02027	0.72999	0.03839	0.08377	0.01052	0.00603	0.00162	0.00247	0.00927	0.00559	0.00490
39	0.01372	0.82276	0.02689	0.00878	0.01317	0.02030	0.00878	0.01536	0.01043	0.01207	0.00713	0.00823	0.00658	0.00439	0.00329	0.00110	0.00549	0.00274	0.00219	0.00658
40	0.00733	0.00550	0.00825	0.00825	0.00916	0.00641	0.00641	0.00916	0.00825	0.01191	0.01374	0.02016	0.01283	0.03848	0.79934	0.00825	0.01374	0.00550	0.00275	0.00458
41	0.00726	0.00524	0.00686	0.00646	0.00767	0.00484	0.00484	0.00968	0.01452	0.02058	0.78496	0.03833	0.04841	0.01049	0.00605	0.00161	0.00242	0.00928	0.00565	0.00484
42	0.00987	0.00933	0.01556	0.73793	0.05488	0.01168	0.01411	0.01314	0.01015	0.01317	0.00899	0.01350	0.00687	0.00535	0.00584	0.00174	0.05529	0.00456	0.00229	0.00576
43	0.00969	0.00912	0.01539	0.80734	0.03534	0.01140	0.01425	0.01311	0.01026	0.01311	0.00912	0.01368	0.00684	0.00513	0.00513	0.00171	0.00684	0.00456	0.00228	0.00570
44	0.01254	0.01448	0.02933	0.02112	0.02616	0.06040	0.72323	0.01668	0.01226	0.01620	0.01023	0.01356	0.00771	0.00438	0.00597	0.00171	0.00869	0.00589	0.00260	0.00686
45	0.00719	0.00524	0.00676	0.00638	0.00762	0.00481	0.00478	0.00954	0.01435	0.02017	0.74074	0.03899	0.09289	0.01064	0.00605	0.00162	0.00243	0.00937	0.00560	0.00481
46	0.01270	0.01219	0.02083	0.03149	0.78767	0.01219	0.01575	0.01575	0.01168	0.01676	0.00965	0.01270	0.00813	0.00457	0.00508	0.00152	0.00610	0.00457	0.00254	0.00813
47	0.00956	0.00478	0.00478	0.00478	0.00598	0.00478	0.00359	0.01196	0.01076	0.01913	0.01674	0.01913	0.01315	0.00598	0.00359	0.00120	0.00239	0.00478	0.84816	0.00478
48	0.01064	0.00912	0.01064	0.00760	0.01216	0.00684	0.00608	0.01292	0.01064	0.01672	0.00912	0.01064	0.00760	0.00380	0.00380	0.00076	0.00380	0.00304	0.00304	0.85104
49	0.01029	0.02654	0.79309	0.01462	0.02221	0.01192	0.01896	0.01625	0.01083	0.01625	0.00921	0.01083	0.00650	0.00487	0.00487	0.00162	0.00758	0.00379	0.00217	0.00758
50	0.00956	0.00478	0.00478	0.00478	0.00598	0.00478	0.00359	0.01196	0.01076	0.01913	0.01674	0.01913	0.01315	0.00598	0.00359	0.00120	0.00239	0.00478	0.84816	0.00478
51	0.00969	0.00912	0.01539	0.80734	0.03534	0.01140	0.01425	0.01311	0.01026	0.01311	0.00912	0.01368	0.00684	0.00513	0.00513	0.00171	0.00684	0.00456	0.00228	0.00570
52	0.02302	0.00873	0.01191	0.00913	0.01310	0.00754	0.00754	0.02501	0.01469	0.79122	0.02024	0.01746	0.01270	0.00635	0.00516	0.00159	0.00437	0.00516	0.00635	0.00873
53	0.01011	0.02526	0.74565	0.01413	0.02133	0.01149	0.01811	0.01585	0.01106	0.01651	0.05601	0.01249	0.00903	0.00521	0.00495	0.00162	0.00727	0.00412	0.00238	0.00742
54	0.01123	0.01123	0.01572	0.01347	0.01347	0.01572	0.01123	0.01235	0.00786	0.01235	0.00674	0.01123	0.00674	0.00898	0.01684	0.00225	0.81028	0.00449	0.00225	0.00561
55	0.00978	0.00925	0.01541	0.75944	0.03402	0.01166	0.01407	0.01306	0.01012	0.01306	0.00898	0.01353	0.00683	0.00536	0.00584	0.00174	0.05532	0.00456	0.00228	0.00569

[dist]
# distance from previous block
# <min> <max>
0	1

[block]
# block no. 1 follows, 48 sequences, length 35
# corresponding to MSA columns:
# 151,152,200-232
name=unknown_B
#
# <colnr> <probs for GDERKNQSTAVLIFYWHMCP>
#	G	D	E	R	K	N	Q	S	T	A	V	L	I	F	Y	W	H	M	C	P
0	0.00668	0.00562	0.00566	0.00550	0.00734	0.00486	0.00417	0.04212	0.01226	0.01470	0.05017	0.04769	0.75021	0.01268	0.00602	0.00172	0.00274	0.01055	0.00478	0.00453
1	0.01104	0.00936	0.01086	0.00779	0.01233	0.00725	0.00625	0.04742	0.01125	0.01743	0.00927	0.01072	0.00765	0.00391	0.00386	0.00080	0.00388	0.00311	0.00314	0.81268
2	0.00733	0.00550	0.00825	0.00825	0.00916	0.00641	0.00641	0.00916	0.00825	0.01191	0.01374	0.02016	0.01283	0.03848	0.79934	0.00825	0.01374	0.00550	0.00275	0.00458
3	0.01339	0.01576	0.02743	0.02010	0.02483	0.15542	0.63147	0.01717	0.01255	0.01573	0.00994	0.01301	0.00757	0.00450	0.00580	0.00166	0.00876	0.00556	0.00260	0.00674
4	0.85592	0.00992	0.00754	0.00675	0.00992	0.01151	0.00556	0.01508	0.00873	0.02302	0.00714	0.00834	0.00556	0.00476	0.00318	0.00159	0.00397	0.00278	0.00318	0.00556
5	0.00722	0.00524	0.00681	0.00642	0.00764	0.00483	0.00481	0.00961	0.01444	0.02036	0.76190	0.03868	0.07160	0.01057	0.00605	0.00162	0.00243	0.00933	0.00562	0.00483
6	0.01262	0.01360	0.02942	0.02104	0.02617	0.01272	0.73334	0.01684	0.01223	0.05275	0.01084	0.01401	0.00802	0.00442	0.00601	0.00172	0.00845	0.00601	0.00277	0.00701
7	0.50347	0.00942	0.00939	0.00776	0.01127	0.00983	0.00640	0.01928	0.01125	0.34809	0.01269	0.01220	0.00858	0.00543	0.00402	0.00159	0.00414	0.00379	0.00452	0.00690
8	0.00744	0.00506	0.00604	0.00604	0.00619	0.00521	0.00366	0.00774	0.00759	0.01027	0.01576	0.03135	0.01769	0.69001	0.15446	0.00552	0.00643	0.00714	0.00305	0.00335
9	0.01064	0.00912	0.01064	0.00760	0.01216	0.00684	0.00608	0.01292	0.01064	0.01672	0.00912	0.01064	0.00760	0.00380	0.00380	0.00076	0.00380	0.00304	0.00304	0.85104
10	0.01276	0.01102	0.01160	0.01044	0.01334	0.01276	0.00812	0.02727	0.77840	0.02146	0.02088	0.01914	0.01566	0.00696	0.00522	0.00174	0.00406	0.00580	0.00522	0.00812
11	0.01917	0.02445	0.01454	0.01322	0.01586	0.79907	0.00991	0.02049	0.01454	0.01256	0.00793	0.00925	0.00661	0.00529	0.00463	0.00132	0.00925	0.00330	0.00264	0.00595
12	0.00726	0.00524	0.00686	0.00646	0.00767	0.00484	0.00484	0.00968	0.01452	0.02058	0.78496	0.03833	0.04841	0.01049	0.00605	0.00161	0.00242	0.00928	0.00565	0.00484
13	0.01276	0.01102	0.01160	0.01044	0.01334	0.01276	0.00812	0.02727	0.77840	0.02146	0.02088	0.01914	0.01566	0.00696	0.00522	0.00174	0.00406	0.00580	0.00522	0.00812
14	0.00625	0.00447	0.00595	0.00714	0.00744	0.00417	0.00476	0.00714	0.00982	0.01310	0.02828	0.81633	0.03394	0.01608	0.00655	0.00208	0.00298	0.01459	0.00476	0.00417
15	0.01211	0.01384	0.03028	0.02163	0.02682	0.01298	0.76903	0.01644	0.01211	0.01644	0.01038	0.01384	0.00779	0.00433	0.00606	0.00173	0.00865	0.00606	0.00260	0.00692
16	0.00969	0.00912	0.01539	0.80734	0.03534	0.01140	0.01425	0.01311	0.01026	0.01311	0.00912	0.01368	0.00684	0.00513	0.00513	0.00171	0.00684	0.00456	0.00228	0.00570
17	0.00746	0.00497	0.00560	0.00560	0.00560	0.00497	0.00311	0.00746	0.00746	0.00995	0.01617	0.03358	0.01865	0.81967	0.02612	0.00497	0.00497	0.00746	0.00311	0.00311
18	0.00625	0.00447	0.00595	0.00714	0.00744	0.00417	0.00476	0.00714	0.00982	0.01310	0.02828	0.81633	0.03394	0.01608	0.00655	0.00208	0.00298	0.01459	0.00476	0.00417
19	0.01029	0.02654	0.79309	0.01462	0.02221	0.01192	0.01896	0.01625	0.01083	0.01625	0.00921	0.01083	0.00650	0.00487	0.00487	0.00162	0.00758	0.00379	0.00217	0.00758
20	0.00625	0.00447	0.00595	0.00714	0.00744	0.00417	0.00476	0.00714	0.00982	0.01310	0.02828	0.81633	0.03394	0.01608	0.00655	0.00208	0.00298	0.01459	0.00476	0.00417
21	0.01123	0.01123	0.01572	0.01347	0.01347	0.01572	0.01123	0.01235	0.00786	0.01235	0.00674	0.01123	0.00674	0.00898	0.01684	0.00225	0.81028	0.00449	0.00225	0.00561
22	0.00904	0.00582	0.00637	0.00589	0.00801	0.00489	0.00454	0.01046	0.01222	0.15012	0.04642	0.04379	0.65011	0.01183	0.00591	0.00171	0.00291	0.00984	0.00504	0.00510
23	0.01099	0.02489	0.65853	0.01540	0.02242	0.05468	0.10931	0.01650	0.01119	0.01607	0.00928	0.01111	0.00666	0.00483	0.00500	0.00162	0.00780	0.00404	0.00224	0.00741
24	0.00606	0.00520	0.00520	0.00520	0.00693	0.00433	0.00390	0.00736	0.01170	0.01386	0.05198	0.04938	0.78558	0.01299	0.00606	0.00173	0.00260	0.01083	0.00476	0.00433
25	0.01456	0.01062	0.01166	0.01021	0.01330	0.01185	0.00802	0.02687	0.64453	0.15639	0.02077	0.01885	0.01514	0.00685	0.00521	0.00171	0.00411	0.00569	0.00542	0.00823
26	0.85592	0.00992	0.00754	0.00675	0.00992	0.01151	0.00556	0.01508	0.00873	0.02302	0.00714	0.00834	0.00556	0.00476	0.00318	0.00159	0.00397	0.00278	0.00318	0.00556
27	0.01045	0.06386	0.75718	0.01435	0.02178	0.01231	0.01848	0.01621	0.01081	0.01605	0.00911	0.01071	0.00650	0.00485	0.00480	0.00160	0.00748	0.00374	0.00217	0.00754
28	0.00639	0.00457	0.00612	0.00731	0.00767	0.00429	0.00501	0.00739	0.00996	0.01326	0.02820	0.76320	0.03363	0.01594	0.00659	0.00210	0.00310	0.06631	0.00476	0.00421
29	0.01064	0.00912	0.01064	0.00760	0.01216	0.00684	0.00608	0.01292	0.01064	0.01672	0.00912	0.01064	0.00760	0.00380	0.00380	0.00076	0.00380	0.00304	0.00304	0.85104
30	0.01372	0.82276	0.02689	0.00878	0.01317	0.02030	0.00878	0.01536	0.01043	0.01207	0.00713	0.00823	0.00658	0.00439	0.00329	0.00110	0.00549	0.00274	0.00219	0.00658
31	0.01064	0.00912	0.01064	0.00760	0.01216	0.00684	0.00608	0.01292	0.01064	0.01672	0.00912	0.01064	0.00760	0.00380	0.00380	0.00076	0.00380	0.00304	0.00304	0.85104
32	0.01276	0.01102	0.01160	0.01044	0.01334	0.01276	0.00812	0.02727	0.77840	0.02146	0.02088	0.01914	0.01566	0.00696	0.00522	0.00174	0.00406	0.00580	0.00522	0.00812
33	0.02012	0.01338	0.01479	0.01134	0.01542	0.01444	0.00937	0.63988	0.02247	0.16535	0.01371	0.01322	0.00942	0.00619	0.00514	0.00155	0.00542	0.00471	0.00535	0.00873
34	0.85592	0.00992	0.00754	0.00675	0.00992	0.01151	0.00556	0.01508	0.00873	0.02302	0.00714	0.00834	0.00556	0.00476	0.00318	0.00159	0.00397	0.00278	0.00318	0.00556

[dist]
# distance from previous block
# <min> <max>
0	3

[block]
# block no. 2 follows, 48 sequences, length 140
# corresponding to MSA columns:
# 236-243,251-264,271-372,375-390
name=unknown_C
#
# <colnr> <probs for GDERKNQSTAVLIFYWHMCP>
#	G	D	E	R	K	N	Q	S	T	A	V	L	I	F	Y	W	H	M	C	P
0	0.01211	0.01384	0.03028	0.02163	0.02682	0.01298	0.76903	0.01644	0.01211	0.01644	0.01038	0.01384	0.00779	0.00433	0.00606	0.00173	0.00865	0.00606	0.00260	0.00692
1	0.00780	0.00635	0.00704	0.00667	0.00845	0.00616	0.00506	0.01208	0.16253	0.01775	0.30822	0.03952	0.37132	0.01092	0.00590	0.00169	0.00282	0.00929	0.00517	0.00525
2	0.00827	0.00591	0.00827	0.00945	0.01063	0.00591	0.00827	0.01063	0.01181	0.01536	0.02717	0.05788	0.02953	0.01417	0.00709	0.00236	0.00472	0.75313	0.00472	0.00472
3	0.01072	0.02401	0.65700	0.01760	0.15709	0.01196	0.01839	0.01616	0.01098	0.01634	0.00929	0.01116	0.00679	0.00482	0.00491	0.00161	0.00732	0.00393	0.00223	0.00768
4	0.00969	0.00912	0.01539	0.80734	0.03534	0.01140	0.01425	0.01311	0.01026	0.01311	0.00912	0.01368	0.00684	0.00513	0.00513	0.00171	0.00684	0.00456	0.00228	0.00570
5	0.00956	0.00478	0.00478	0.00478	0.00598	0.00478	0.00359	0.01196	0.01076	0.01913	0.01674	0.01913	0.01315	0.00598	0.00359	0.00120	0.00239	0.00478	0.84816	0.00478
6	0.33578	0.01667	0.01187	0.01035	0.01347	0.34781	0.00811	0.12300	0.01369	0.06315	0.00894	0.00980	0.00685	0.00527	0.00418	0.00147	0.00648	0.00339	0.00340	0.00634
7	0.00726	0.00524	0.00686	0.00646	0.00767	0.00484	0.00484	0.00968	0.01452	0.02058	0.78496	0.03833	0.04841	0.01049	0.00605	0.00161	0.00242	0.00928	0.00565	0.00484
8	0.00956	0.00478	0.00478	0.00478	0.00598	0.00478	0.00359	0.01196	0.01076	0.01913	0.01674	0.01913	0.01315	0.00598	0.00359	0.00120	0.00239	0.00478	0.84816	0.00478
9	0.01895	0.01410	0.01509	0.01169	0.01570	0.01565	0.00962	0.70913	0.08646	0.03144	0.01303	0.01288	0.00930	0.00623	0.00514	0.00156	0.00552	0.00472	0.00514	0.00868
10	0.01029	0.02654	0.79309	0.01462	0.02221	0.01192	0.01896	0.01625	0.01083	0.01625	0.00921	0.01083	0.00650	0.00487	0.00487	0.00162	0.00758	0.00379	0.00217	0.00758
11	0.01270	0.01219	0.02083	0.03149	0.78767	0.01219	0.01575	0.01575	0.01168	0.01676	0.00965	0.01270	0.00813	0.00457	0.00508	0.00152	0.00610	0.00457	0.00254	0.00813
12	0.02155	0.01109	0.01337	0.01025	0.01428	0.01104	0.00847	0.33679	0.01863	0.47386	0.01693	0.01531	0.01104	0.00627	0.00515	0.00157	0.00490	0.00493	0.00584	0.00873
13	0.00733	0.00550	0.00825	0.00825	0.00916	0.00641	0.00641	0.00916	0.00825	0.01191	0.01374	0.02016	0.01283	0.03848	0.79934	0.00825	0.01374	0.00550	0.00275	0.00458
14	0.00898	0.00476	0.00505	0.00520	0.00627	0.00470	0.00382	0.01117	0.01083	0.01837	0.05812	0.13094	0.01787	0.00762	0.00413	0.00134	0.00247	0.00638	0.68729	0.00470
15	0.05162	0.01306	0.01385	0.01111	0.01462	0.10167	0.04981	0.33991	0.08680	0.15546	0.04037	0.03639	0.03002	0.00657	0.00511	0.00157	0.00547	0.00524	0.02367	0.00769
16	0.00861	0.00704	0.00898	0.00844	0.00970	0.00742	0.00639	0.02861	0.03163	0.01420	0.03348	0.28742	0.05930	0.08666	0.06342	0.00254	0.13987	0.04960	0.00381	0.14288
17	0.00956	0.00478	0.00478	0.00478	0.00598	0.00478	0.00359	0.01196	0.01076	0.01913	0.01674	0.01913	0.01315	0.00598	0.00359	0.00120	0.00239	0.00478	0.84816	0.00478
18	0.01524	0.00827	0.01087	0.00900	0.01172	0.00800	0.02564	0.12977	0.01543	0.31067	0.26841	0.04361	0.02501	0.00911	0.02459	0.00182	0.01904	0.05134	0.00555	0.00692
19	0.01123	0.01123	0.01572	0.01347	0.01347	0.01572	0.01123	0.01235	0.00786	0.01235	0.00674	0.01123	0.00674	0.00898	0.01684	0.00225	0.81028	0.00449	0.00225	0.00561
20	0.00956	0.00478	0.00478	0.00478	0.00598	0.00478	0.00359	0.01196	0.01076	0.01913	0.01674	0.01913	0.01315	0.00598	0.00359	0.00120	0.00239	0.00478	0.84816	0.00478
21	0.01235	0.32676	0.43895	0.01218	0.01827	0.01542	0.01435	0.07825	0.01178	0.01600	0.00868	0.00997	0.00672	0.00480	0.00430	0.00142	0.00663	0.00346	0.00242	0.00730
22	0.01270	0.01219	0.02083	0.03149	0.78767	0.01219	0.01575	0.01575	0.01168	0.01676	0.00965	0.01270	0.00813	0.00457	0.00508	0.00152	0.00610	0.00457	0.00254	0.00813
23	0.01272	0.11835	0.05719	0.02776	0.65160	0.01323	0.01499	0.01572	0.01148	0.01613	0.00930	0.01203	0.00785	0.00456	0.00484	0.00147	0.00609	0.00430	0.00248	0.00790
24	0.00730	0.00510	0.00555	0.00544	0.00689	0.00459	0.00408	0.00919	0.01224	0.01708	0.24540	0.03851	0.38242	0.01049	0.00542	0.00156	0.00250	0.00884	0.22282	0.00459
25	0.00956	0.00478	0.00478	0.00478	0.00598	0.00478	0.00359	0.01196	0.01076	0.01913	0.01674	0.01913	0.01315	0.00598	0.00359	0.00120	0.00239	0.00478	0.84816	0.00478
26	0.05858	0.08498	0.27817	0.01040	0.01580	0.01057	0.01097	0.04819	0.03185	0.07015	0.01008	0.01114	0.00764	0.00463	0.00428	0.00124	0.00536	0.00354	0.00305	0.32938
27	0.01178	0.39705	0.37074	0.01173	0.01738	0.01548	0.03323	0.01544	0.01068	0.01420	0.00931	0.03026	0.00798	0.00520	0.00428	0.00142	0.00643	0.02815	0.00234	0.00692
28	0.00956	0.00478	0.00478	0.00478	0.00598	0.00478	0.00359	0.01196	0.01076	0.01913	0.01674	0.01913	0.01315	0.00598	0.00359	0.00120	0.00239	0.00478	0.84816	0.00478
29	0.01270	0.01219	0.02083	0.03149	0.78767	0.01219	0.01575	0.01575	0.01168	0.01676	0.00965	0.01270	0.00813	0.00457	0.00508	0.00152	0.00610	0.00457	0.00254	0.00813
30	0.25902	0.17301	0.09243	0.00976	0.01399	0.01427	0.00904	0.25354	0.01471	0.10069	0.01030	0.01074	0.00757	0.00530	0.00418	0.00148	0.00519	0.00369	0.00382	0.00728
31	0.02180	0.01066	0.08184	0.00971	0.01397	0.02456	0.00861	0.02413	0.01434	0.70555	0.01900	0.01670	0.01202	0.00620	0.00512	0.00159	0.00476	0.00500	0.00590	0.00857
32	0.01123	0.01123	0.01572	0.01347	0.01347	0.01572	0.01123	0.01235	0.00786	0.01235	0.00674	0.01123	0.00674	0.00898	0.01684	0.00225	0.81028	0.00449	0.00225	0.00561
33	0.00826	0.00607	0.00849	0.00989	0.03795	0.00600	0.00817	0.01059	0.01188	0.01546	0.04945	0.05520	0.07559	0.01366	0.00692	0.00227	0.00458	0.66008	0.00468	0.00482
34	0.01282	0.56184	0.20766	0.01219	0.08458	0.01759	0.01181	0.01561	0.01063	0.01348	0.00785	0.00925	0.00670	0.00452	0.00383	0.00126	0.00604	0.00316	0.00222	0.00696
35	0.00622	0.00520	0.00541	0.00536	0.00702	0.00440	0.00402	0.00766	0.01206	0.01472	0.14564	0.04797	0.69138	0.01267	0.00606	0.00172	0.00258	0.01063	0.00488	0.00440
36	0.00625	0.00447	0.00595	0.00714	0.00744	0.00417	0.00476	0.00714	0.00982	0.01310	0.02828	0.81633	0.03394	0.01608	0.00655	0.00208	0.00298	0.01459	0.00476	0.00417
37	0.00969	0.00912	0.01539	0.80734	0.03534	0.01140	0.01425	0.01311	0.01026	0.01311	0.00912	0.01368	0.00684	0.00513	0.00513	0.00171	0.00684	0.00456	0.00228	0.00570
38	0.00996	0.00939	0.01588	0.73795	0.10263	0.01147	0.01438	0.01335	0.01039	0.01344	0.00917	0.01359	0.00696	0.00508	0.00513	0.00169	0.00677	0.00456	0.00230	0.00592
39	0.01109	0.02635	0.72345	0.01450	0.02164	0.08232	0.01815	0.01663	0.01116	0.01592	0.00909	0.01069	0.00651	0.00491	0.00485	0.00160	0.00773	0.00375	0.00221	0.00744
40	0.00606	0.00520	0.00520	0.00520	0.00693	0.00433	0.00390	0.00736	0.01170	0.01386	0.05198	0.04938	0.78558	0.01299	0.00606	0.00173	0.00260	0.01083	0.00476	0.00433
41	0.04692	0.01157	0.01241	0.01029	0.01358	0.03132	0.00824	0.28175	0.28946	0.13328	0.07630	0.03263	0.01514	0.00692	0.00518	0.00163	0.00463	0.00557	0.00524	0.00794
42	0.01057	0.00959	0.01539	0.73619	0.03360	0.01180	0.01385	0.08086	0.01150	0.01483	0.00941	0.01356	0.00701	0.00522	0.00513	0.00169	0.00673	0.00457	0.00254	0.00597
43	0.00626	0.00517	0.00525	0.00525	0.00675	0.00442	0.00379	0.00738	0.01111	0.01332	0.04700	0.04718	0.67897	0.12513	0.00885	0.00218	0.00293	0.01036	0.00453	0.00416
44	0.01917	0.02445	0.01454	0.01322	0.01586	0.79907	0.00991	0.02049	0.01454	0.01256	0.00793	0.00925	0.00661	0.00529	0.00463	0.00132	0.00925	0.00330	0.00264	0.00595
45	0.01931	0.02026	0.01490	0.01263	0.01588	0.47298	0.00985	0.33281	0.01853	0.02079	0.00976	0.01053	0.00749	0.00565	0.00484	0.00141	0.00775	0.00385	0.00368	0.00710
46	0.01211	0.01384	0.03028	0.02163	0.02682	0.01298	0.76903	0.01644	0.01211	0.01644	0.01038	0.01384	0.00779	0.00433	0.00606	0.00173	0.00865	0.00606	0.00260	0.00692
47	0.00661	0.00522	0.00595	0.00577	0.00727	0.00456	0.00433	0.00842	0.01298	0.01692	0.38594	0.04434	0.44972	0.01185	0.00606	0.00168	0.00252	0.01012	0.00517	0.00456
48	0.00980	0.00923	0.01558	0.77976	0.06209	0.01143	0.01430	0.01320	0.01031	0.01324	0.00914	0.01365	0.00689	0.00511	0.00513	0.00170	0.00681	0.00456	0.00229	0.00579
49	0.00969	0.00912	0.01539	0.80734	0.03534	0.01140	0.01425	0.01311	0.01026	0.01311	0.00912	0.01368	0.00684	0.00513	0.00513	0.00171	0.00684	0.00456	0.00228	0.00570
50	0.42655	0.01040	0.01046	0.00849	0.01210	0.01108	0.00700	0.16402	0.01362	0.27201	0.01236	0.01204	0.00847	0.00554	0.00419	0.00158	0.00442	0.00390	0.00457	0.00719
51	0.00646	0.00480	0.00605	0.00681	0.00757	0.00439	0.00482	0.00771	0.01088	0.01427	0.12128	0.51966	0.18958	0.01467	0.00643	0.00197	0.00295	0.06053	0.00486	0.00432
52	0.01239	0.01317	0.01554	0.01343	0.01382	0.13079	0.01103	0.01354	0.00884	0.01238	0.00691	0.01094	0.00672	0.00844	0.01504	0.00211	0.69261	0.00432	0.00230	0.00566
53	0.00980	0.00923	0.01558	0.77976	0.06209	0.01143	0.01430	0.01320	0.01031	0.01324	0.00914	0.01365	0.00689	0.00511	0.00513	0.00170	0.00681	0.00456	0.00229	0.00579
54	0.00625	0.00447	0.00595	0.00714	0.00744	0.00417	0.00476	0.00714	0.00982	0.01310	0.02828	0.81633	0.03394	0.01608	0.00655	0.00208	0.00298	0.01459	0.00476	0.00417
55	0.01210	0.01531	0.11978	0.02085	0.04878	0.01290	0.63870	0.03539	0.01225	0.01682	0.01027	0.01341	0.00767	0.00444	0.00586	0.00171	0.00837	0.00571	0.00261	0.00708
56	0.01331	0.72770	0.11837	0.00948	0.01425	0.01930	0.00999	0.01547	0.01047	0.01257	0.00738	0.00854	0.00657	0.00445	0.00348	0.00116	0.00574	0.00287	0.00219	0.00670
57	0.01450	0.00851	0.01011	0.00868	0.01150	0.00841	0.00700	0.11261	0.14388	0.26067	0.09470	0.02953	0.17589	0.00894	0.00562	0.00172	0.00398	0.08132	0.00546	0.00698
58	0.00625	0.00447	0.00595	0.00714	0.00744	0.00417	0.00476	0.00714	0.00982	0.01310	0.02828	0.81633	0.03394	0.01608	0.00655	0.00208	0.00298	0.01459	0.00476	0.00417
59	0.08661	0.01020	0.01242	0.00960	0.01354	0.00989	0.00793	0.20633	0.01653	0.54643	0.01729	0.01550	0.01118	0.00618	0.00500	0.00158	0.00465	0.00484	0.00581	0.00848
60	0.02919	0.00603	0.00866	0.00817	0.00966	0.00559	0.07338	0.00978	0.01181	0.04558	0.21652	0.31413	0.16181	0.01232	0.00620	0.00187	0.00349	0.06613	0.00481	0.00486
61	0.00710	0.00524	0.00663	0.00628	0.00756	0.00477	0.00471	0.00936	0.01413	0.01964	0.68307	0.03986	0.15089	0.01084	0.00605	0.00163	0.00245	0.00949	0.00553	0.00477
62	0.01051	0.07794	0.74362	0.01425	0.02162	0.01246	0.01830	0.01619	0.01081	0.01598	0.00907	0.01067	0.00651	0.00484	0.00477	0.00159	0.00745	0.00372	0.00217	0.00752
63	0.01220	0.01168	0.01992	0.16034	0.66273	0.01206	0.01550	0.01531	0.01145	0.01616	0.00956	0.01286	0.00791	0.00466	0.00509	0.00155	0.00622	0.00457	0.00250	0.00772
64	0.01917	0.02445	0.01454	0.01322	0.01586	0.79907	0.00991	0.02049	0.01454	0.01256	0.00793	0.00925	0.00661	0.00529	0.00463	0.00132	0.00925	0.00330	0.00264	0.00595
65	0.01350	0.00992	0.01114	0.01007	0.01282	0.01095	0.00810	0.08375	0.46952	0.10511	0.02119	0.02569	0.01732	0.00816	0.00552	0.00181	0.00430	0.14622	0.02740	0.00751
66	0.01001	0.00779	0.01158	0.01014	0.01223	0.00766	0.12807	0.05406	0.10728	0.06896	0.09212	0.32686	0.08739	0.01104	0.00607	0.00186	0.00425	0.04220	0.00468	0.00575
67	0.22265	0.01421	0.01219	0.01015	0.01356	0.20235	0.00811	0.20716	0.03473	0.18914	0.01287	0.01277	0.02683	0.00583	0.00457	0.00152	0.00572	0.00415	0.00431	0.00717
68	0.00626	0.00456	0.00589	0.00691	0.00739	0.00420	0.00467	0.00723	0.01014	0.01336	0.04938	0.71344	0.11648	0.01560	0.00648	0.00203	0.00292	0.01405	0.00478	0.00420
69	0.01211	0.01384	0.03028	0.02163	0.02682	0.01298	0.76903	0.01644	0.01211	0.01644	0.01038	0.01384	0.00779	0.00433	0.00606	0.00173	0.00865	0.00606	0.00260	0.00692
70	0.01283	0.01176	0.01259	0.01113	0.01375	0.07349	0.04104	0.04954	0.53670	0.01973	0.03271	0.06066	0.01562	0.00752	0.00612	0.00176	0.05970	0.02127	0.00467	0.00741
71	0.01917	0.02445	0.01454	0.01322	0.01586	0.79907	0.00991	0.02049	0.01454	0.01256	0.00793	0.00925	0.00661	0.00529	0.00463	0.00132	0.00925	0.00330	0.00264	0.00595
72	0.01149	0.00570	0.00612	0.00567	0.00732	0.00567	0.00436	0.03258	0.03956	0.10914	0.01719	0.01877	0.01308	0.00606	0.00387	0.00127	0.00276	0.00486	0.69908	0.00546
73	0.07679	0.00923	0.01038	0.00888	0.01164	0.03469	0.00701	0.10702	0.11478	0.27185	0.07419	0.12873	0.08619	0.00852	0.00562	0.00169	0.02363	0.00700	0.00520	0.00697
74	0.03978	0.01289	0.01414	0.01101	0.01489	0.01397	0.00904	0.56770	0.06954	0.14257	0.04209	0.01436	0.01112	0.00636	0.00513	0.00156	0.00520	0.00490	0.00529	0.00847
75	0.00736	0.00540	0.00692	0.00652	0.00779	0.00503	0.00489	0.01006	0.03450	0.02036	0.73881	0.03822	0.07376	0.01049	0.00603	0.00162	0.00247	0.00924	0.00561	0.00491
76	0.08536	0.01146	0.01277	0.01025	0.01394	0.01222	0.00834	0.29842	0.20582	0.26203	0.01645	0.01526	0.01140	0.00630	0.00501	0.00161	0.00473	0.00493	0.00537	0.00833
77	0.10199	0.02439	0.69279	0.01366	0.02070	0.01179	0.01728	0.01630	0.01068	0.03220	0.00920	0.01069	0.00652	0.00489	0.00470	0.00162	0.00713	0.00371	0.00236	0.00739
78	0.01029	0.02654	0.79309	0.01462	0.02221	0.01192	0.01896	0.01625	0.01083	0.01625	0.00921	0.01083	0.00650	0.00487	0.00487	0.00162	0.00758	0.00379	0.00217	0.00758
79	0.00696	0.00523	0.00645	0.00614	0.00748	0.00471	0.00461	0.00911	0.01382	0.01891	0.60307	0.04107	0.23134	0.01111	0.00605	0.00164	0.00246	0.00966	0.00543	0.00471
80	0.01312	0.68292	0.16146	0.00981	0.01476	0.01883	0.01057	0.01552	0.01050	0.01281	0.00750	0.00869	0.00657	0.00448	0.00357	0.00119	0.00586	0.00293	0.00219	0.00676
81	0.01029	0.02654	0.79309	0.01462	0.02221	0.01192	0.01896	0.01625	0.01083	0.01625	0.00921	0.01083	0.00650	0.00487	0.00487	0.00162	0.00758	0.00379	0.00217	0.00758
82	0.00616	0.00519	0.00528	0.00526	0.00691	0.00437	0.00391	0.00746	0.01165	0.01398	0.07873	0.04838	0.72938	0.04234	0.00680	0.00185	0.00268	0.01065	0.00474	0.00431
83	0.00854	0.00721	0.00971	0.00925	0.01004	0.03625	0.00729	0.01019	0.00844	0.01215	0.01236	0.01840	0.01162	0.04989	0.58660	0.00663	0.16162	0.00526	0.02376	0.00479
84	0.01027	0.00982	0.01695	0.64952	0.15107	0.01160	0.05103	0.01368	0.01057	0.01383	0.00926	0.01354	0.00708	0.00500	0.00517	0.00168	0.00681	0.00463	0.00234	0.00613
85	0.00969	0.00912	0.01539	0.80734	0.03534	0.01140	0.01425	0.01311	0.01026	0.01311	0.00912	0.01368	0.00684	0.00513	0.00513	0.00171	0.00684	0.00456	0.00228	0.00570
86	0.00626	0.00460	0.00588	0.00685	0.00738	0.00422	0.00465	0.00727	0.01026	0.01348	0.05919	0.68132	0.13895	0.01544	0.00646	0.00202	0.00290	0.01387	0.00480	0.00422
87	0.01706	0.01334	0.01335	0.01106	0.01435	0.14656	0.03131	0.23443	0.18725	0.16578	0.01630	0.01610	0.03635	0.00872	0.06235	0.00205	0.00624	0.00507	0.00469	0.00762
88	0.01270	0.01219	0.02083	0.03149	0.78767	0.01219	0.01575	0.01575	0.01168	0.01676	0.00965	0.01270	0.00813	0.00457	0.00508	0.00152	0.00610	0.00457	0.00254	0.00813
89	0.02289	0.00895	0.01204	0.00923	0.01321	0.00786	0.00763	0.05355	0.01505	0.76217	0.01994	0.01727	0.01255	0.00634	0.00516	0.00159	0.00442	0.00514	0.00630	0.00873
90	0.00686	0.00477	0.00612	0.00688	0.00758	0.00436	0.00474	0.00798	0.01065	0.03933	0.09709	0.61593	0.13899	0.01484	0.00639	0.00198	0.00292	0.01329	0.00489	0.00440
91	0.01270	0.01219	0.02083	0.03149	0.78767	0.01219	0.01575	0.01575	0.01168	0.01676	0.00965	0.01270	0.00813	0.00457	0.00508	0.00152	0.00610	0.00457	0.00254	0.00813
92	0.01372	0.82276	0.02689	0.00878	0.01317	0.02030	0.00878	0.01536	0.01043	0.01207	0.00713	0.00823	0.00658	0.00439	0.00329	0.00110	0.00549	0.00274	0.00219	0.00658
93	0.00969	0.00912	0.01539	0.80734	0.03534	0.01140	0.01425	0.01311	0.01026	0.01311	0.00912	0.01368	0.00684	0.00513	0.00513	0.00171	0.00684	0.00456	0.00228	0.00570
94	0.01359	0.01124	0.01192	0.01052	0.01355	0.01288	0.00824	0.08832	0.69630	0.04259	0.02016	0.01854	0.01501	0.00688	0.00521	0.00172	0.00420	0.00569	0.00524	0.00819
95	0.01192	0.40591	0.42802	0.01184	0.01790	0.01591	0.01411	0.01583	0.01064	0.01426	0.00822	0.00959	0.00654	0.00464	0.00412	0.00137	0.00658	0.00329	0.00218	0.00711
96	0.00914	0.00821	0.01241	0.01066	0.01183	0.02665	0.11273	0.01078	0.00907	0.01278	0.06205	0.02121	0.01424	0.19686	0.27788	0.00472	0.18506	0.00598	0.00288	0.00486
97	0.00643	0.00471	0.00631	0.00738	0.00766	0.00459	0.00500	0.00733	0.00975	0.01307	0.02749	0.78694	0.03294	0.01582	0.00692	0.00209	0.03244	0.01422	0.00467	0.00422
98	0.01006	0.00950	0.01605	0.71259	0.12722	0.01150	0.01443	0.01343	0.01043	0.01356	0.00918	0.01356	0.00700	0.00506	0.00512	0.00169	0.00675	0.00456	0.00231	0.00600
99	0.37890	0.01431	0.01063	0.00958	0.01228	0.24891	0.00750	0.01842	0.13725	0.01885	0.01008	0.01106	0.00796	0.00557	0.00471	0.00155	0.04916	0.00362	0.04360	0.00606
100	0.01029	0.02654	0.79309	0.01462	0.02221	0.01192	0.01896	0.01625	0.01083	0.01625	0.00921	0.01083	0.00650	0.00487	0.00487	0.00162	0.00758	0.00379	0.00217	0.00758
101	0.00666	0.00519	0.00607	0.00607	0.00746	0.00460	0.00457	0.00841	0.01263	0.01646	0.33062	0.10936	0.39859	0.01235	0.00616	0.00175	0.00268	0.05074	0.00510	0.00454
102	0.04498	0.69216	0.09465	0.00934	0.01396	0.01907	0.00961	0.04228	0.01089	0.01358	0.00750	0.00861	0.00661	0.00451	0.00350	0.00118	0.00562	0.00291	0.00233	0.00671
103	0.01001	0.00945	0.01598	0.72381	0.11634	0.01149	0.01441	0.01339	0.01041	0.01350	0.00918	0.01357	0.00698	0.00507	0.00512	0.00169	0.00676	0.00456	0.00231	0.00596
104	0.00733	0.00550	0.00825	0.00825	0.00916	0.00641	0.00641	0.00916	0.00825	0.01191	0.01374	0.02016	0.01283	0.03848	0.79934	0.00825	0.01374	0.00550	0.00275	0.00458
105	0.00734	0.00546	0.00716	0.00789	0.00841	0.00556	0.00560	0.04635	0.01054	0.01415	0.02609	0.68507	0.03076	0.01504	0.00714	0.00208	0.05258	0.05364	0.00463	0.00452
106	0.23677	0.01127	0.01147	0.00946	0.01292	0.03136	0.00767	0.21229	0.18261	0.18948	0.01455	0.01398	0.01033	0.00599	0.00459	0.00159	0.00459	0.00449	0.02699	0.00760
107	0.01255	0.01007	0.01137	0.00994	0.01273	0.01113	0.02898	0.06999	0.52186	0.05996	0.13292	0.02278	0.05783	0.00762	0.00540	0.00170	0.00399	0.00646	0.00524	0.00749
108	0.01029	0.02654	0.79309	0.01462	0.02221	0.01192	0.01896	0.01625	0.01083	0.01625	0.00921	0.01083	0.00650	0.00487	0.00487	0.00162	0.00758	0.00379	0.00217	0.00758
109	0.00724	0.00552	0.00785	0.00876	0.03637	0.00526	0.03478	0.02825	0.01076	0.01437	0.05921	0.62191	0.05625	0.01448	0.00644	0.00203	0.00347	0.06781	0.00465	0.00461
110	0.01047	0.00991	0.01679	0.60687	0.22974	0.01160	0.01464	0.01379	0.01063	0.01405	0.00926	0.01343	0.00717	0.00499	0.00512	0.00166	0.00665	0.00456	0.00235	0.00633
111	0.22677	0.01925	0.01276	0.01135	0.01428	0.49080	0.00874	0.09439	0.04746	0.01752	0.00874	0.00976	0.00696	0.00532	0.00434	0.00143	0.00735	0.00341	0.00314	0.00622
112	0.00632	0.00452	0.00603	0.00717	0.00751	0.00422	0.00484	0.00729	0.01001	0.01337	0.05092	0.77755	0.03428	0.01587	0.00655	0.00208	0.00300	0.02950	0.00479	0.00420
113	0.01250	0.02879	0.01093	0.00971	0.03218	0.08015	0.00736	0.09745	0.32542	0.04906	0.06715	0.02519	0.19515	0.00816	0.00531	0.00163	0.00431	0.00667	0.02604	0.00683
114	0.02892	0.01315	0.01563	0.01302	0.01578	0.12201	0.13719	0.02129	0.36176	0.04077	0.01491	0.03462	0.01179	0.00678	0.00717	0.00176	0.13703	0.00542	0.00392	0.00708
115	0.00625	0.00447	0.00595	0.00714	0.00744	0.00417	0.00476	0.00714	0.00982	0.01310	0.02828	0.81633	0.03394	0.01608	0.00655	0.00208	0.00298	0.01459	0.00476	0.00417
116	0.01251	0.01200	0.02048	0.08056	0.74009	0.01214	0.01565	0.01558	0.01159	0.01653	0.00962	0.01276	0.00805	0.00461	0.00508	0.00154	0.00614	0.00457	0.00252	0.00797
117	0.01187	0.31959	0.46457	0.01264	0.01888	0.01497	0.04511	0.01610	0.01081	0.02965	0.00870	0.01012	0.00670	0.00470	0.00434	0.00143	0.00679	0.00352	0.00227	0.00721
118	0.01886	0.02395	0.01459	0.01323	0.01577	0.76909	0.00996	0.02018	0.01428	0.01255	0.00789	0.00933	0.00661	0.00543	0.00509	0.00136	0.03992	0.00335	0.00263	0.00594
119	0.00625	0.00447	0.00595	0.00714	0.00744	0.00417	0.00476	0.00714	0.00982	0.01310	0.02828	0.81633	0.03394	0.01608	0.00655	0.00208	0.00298	0.01459	0.00476	0.00417
120	0.01125	0.17143	0.59375	0.01387	0.02067	0.01344	0.06139	0.01625	0.01090	0.02902	0.00909	0.01065	0.00670	0.00478	0.00466	0.00153	0.00721	0.00376	0.00227	0.00738
121	0.00859	0.00799	0.01428	0.01209	0.01413	0.00771	0.25026	0.01125	0.04576	0.01460	0.02224	0.46854	0.04288	0.01160	0.00658	0.00196	0.02502	0.02522	0.00403	0.00528
122	0.01029	0.02654	0.79309	0.01462	0.02221	0.01192	0.01896	0.01625	0.01083	0.01625	0.00921	0.01083	0.00650	0.00487	0.00487	0.00162	0.00758	0.00379	0.00217	0.00758
123	0.00613	0.00511	0.00536	0.00549	0.00702	0.00433	0.00405	0.00742	0.01156	0.01402	0.07701	0.14696	0.66131	0.01329	0.00613	0.00177	0.00264	0.01125	0.00480	0.00433
124	0.05268	0.01182	0.01418	0.01100	0.01495	0.01231	0.04630	0.35978	0.10287	0.29611	0.01574	0.01479	0.01071	0.00617	0.00512	0.00159	0.00511	0.00494	0.00537	0.00845
125	0.01917	0.02445	0.01454	0.01322	0.01586	0.79907	0.00991	0.02049	0.01454	0.01256	0.00793	0.00925	0.00661	0.00529	0.00463	0.00132	0.00925	0.00330	0.00264	0.00595
126	0.00606	0.00520	0.00520	0.00520	0.00693	0.00433	0.00390	0.00736	0.01170	0.01386	0.05198	0.04938	0.78558	0.01299	0.00606	0.00173	0.00260	0.01083	0.00476	0.00433
127	0.03106	0.01263	0.02338	0.01739	0.02158	0.03267	0.50572	0.08356	0.06940	0.01784	0.01407	0.10557	0.02721	0.00623	0.00587	0.00174	0.00719	0.00683	0.00332	0.00675
128	0.04038	0.01387	0.01496	0.01149	0.01557	0.01522	0.00949	0.69980	0.02309	0.08517	0.01275	0.01258	0.00893	0.00614	0.00509	0.00154	0.00552	0.00461	0.00517	0.00865
129	0.01917	0.02445	0.01454	0.01322	0.01586	0.79907	0.00991	0.02049	0.01454	0.01256	0.00793	0.00925	0.00661	0.00529	0.00463	0.00132	0.00925	0.00330	0.00264	0.00595
130	0.00997	0.00490	0.00500	0.00491	0.00619	0.00487	0.00371	0.01235	0.01088	0.04225	0.01684	0.01908	0.01314	0.00599	0.00363	0.00121	0.00245	0.00479	0.82295	0.00490
131	0.01372	0.82276	0.02689	0.00878	0.01317	0.02030	0.00878	0.01536	0.01043	0.01207	0.00713	0.00823	0.00658	0.00439	0.00329	0.00110	0.00549	0.00274	0.00219	0.00658
132	0.00638	0.00470	0.00600	0.00700	0.00752	0.00439	0.00474	0.00764	0.02790	0.01338	0.03085	0.70901	0.12053	0.01551	0.00646	0.00204	0.00296	0.01395	0.00477	0.00428
133	0.02083	0.00825	0.01121	0.00876	0.01234	0.00717	0.00717	0.02288	0.01466	0.68409	0.12655	0.02036	0.01767	0.00693	0.00528	0.00159	0.00410	0.00573	0.00625	0.00819
134	0.01305	0.61267	0.20830	0.01028	0.01538	0.03902	0.01122	0.01571	0.01063	0.01308	0.00765	0.00888	0.00657	0.00453	0.00370	0.00123	0.00608	0.00301	0.00220	0.00680
135	0.01496	0.01134	0.01886	0.05147	0.56338	0.01112	0.03507	0.01781	0.01234	0.19479	0.01209	0.01386	0.00913	0.00499	0.00513	0.00155	0.00579	0.00475	0.00341	0.00815
136	0.00981	0.00958	0.03372	0.01163	0.01216	0.01229	0.00971	0.01131	0.00808	0.01230	0.00931	0.01441	0.00891	0.01942	0.29633	0.00437	0.50411	0.00483	0.00242	0.00530
137	0.00744	0.00564	0.00711	0.00785	0.00924	0.00531	0.00662	0.00940	0.01177	0.01479	0.03652	0.05468	0.31437	0.01373	0.00670	0.00213	0.00392	0.47347	0.00474	0.00458
138	0.04499	0.02044	0.01648	0.01396	0.01710	0.54463	0.13208	0.02045	0.08337	0.04414	0.00995	0.01118	0.00782	0.00531	0.00488	0.00144	0.00832	0.00403	0.00303	0.00640
139	0.01245	0.19999	0.48684	0.01279	0.01902	0.01437	0.01504	0.12464	0.03778	0.01781	0.00958	0.01074	0.00714	0.00502	0.00457	0.00150	0.00673	0.00374	0.00270	0.00754

[dist]
# distance from previous block
# <min> <max>
2	5

[block]
# block no. 3 follows, 48 sequences, length 28
# corresponding to MSA columns:
# 396-405,407-411,420-432
name=unknown_D
#
# <colnr> <probs for GDERKNQSTAVLIFYWHMCP>
#	G	D	E	R	K	N	Q	S	T	A	V	L	I	F	Y	W	H	M	C	P
0	0.01136	0.10442	0.38873	0.01176	0.01745	0.04455	0.03403	0.03076	0.01136	0.03196	0.01182	0.01362	0.04822	0.00524	0.00460	0.00138	0.00617	0.01838	0.00274	0.20146
1	0.00891	0.00446	0.00668	0.00668	0.00668	0.00446	0.00446	0.00668	0.00668	0.00891	0.00891	0.01560	0.00891	0.01783	0.02005	0.85071	0.00446	0.00446	0.00223	0.00223
2	0.01280	0.61011	0.23152	0.01034	0.01558	0.01806	0.01150	0.01560	0.01053	0.01319	0.00769	0.00893	0.00656	0.00452	0.00372	0.00124	0.00605	0.00302	0.00219	0.00685
3	0.01372	0.82276	0.02689	0.00878	0.01317	0.02030	0.00878	0.01536	0.01043	0.01207	0.00713	0.00823	0.00658	0.00439	0.00329	0.00110	0.00549	0.00274	0.00219	0.00658
4	0.01399	0.00954	0.01037	0.00879	0.01134	0.06197	0.03924	0.14472	0.12188	0.12449	0.04327	0.04508	0.03126	0.00673	0.00470	0.00147	0.00420	0.00552	0.30483	0.00659
5	0.01029	0.02654	0.79309	0.01462	0.02221	0.01192	0.01896	0.01625	0.01083	0.01625	0.00921	0.01083	0.00650	0.00487	0.00487	0.00162	0.00758	0.00379	0.00217	0.00758
6	0.00625	0.00447	0.00595	0.00714	0.00744	0.00417	0.00476	0.00714	0.00982	0.01310	0.02828	0.81633	0.03394	0.01608	0.00655	0.00208	0.00298	0.01459	0.00476	0.00417
