[name]
unknown

[dist]
# distance from previous block
# <min> <max>
0	1081

[block]
# block no. 0 follows, 53 sequences, length 44
# corresponding to MSA columns:
# 1133-1135,1165-1179,1182-1207
name=unknown_A
#
# <colnr> <probs for GDERKNQSTAVLIFYWHMCP>
#	G	D	E	R	K	N	Q	S	T	A	V	L	I	F	Y	W	H	M	C	P
0	0.00691	0.00554	0.00667	0.05213	0.00888	0.00514	0.00495	0.00925	0.04615	0.01583	0.34186	0.03665	0.33218	0.02344	0.00577	0.00158	0.00281	0.03459	0.00453	0.05514
1	0.00750	0.00610	0.00770	0.00763	0.00846	0.05352	0.00576	0.00895	0.00793	0.01089	0.01278	0.01984	0.01233	0.13974	0.66051	0.00690	0.01147	0.00524	0.00260	0.00416
2	0.05569	0.00582	0.00646	0.00718	0.00796	0.05235	0.00511	0.00830	0.00955	0.01301	0.02339	0.63294	0.02738	0.01322	0.00578	0.00185	0.00335	0.08292	0.00418	0.03355
3	0.01645	0.01199	0.01292	0.01008	0.01341	0.01318	0.00821	0.66198	0.02050	0.02773	0.05663	0.01430	0.01096	0.05483	0.00592	0.00161	0.00492	0.00471	0.04221	0.00745
4	0.04068	0.01167	0.06478	0.02633	0.68359	0.01089	0.01394	0.01422	0.01064	0.01559	0.00987	0.05799	0.00876	0.00489	0.00474	0.00146	0.00553	0.00469	0.00248	0.00725
5	0.01154	0.01198	0.06571	0.07334	0.71230	0.01130	0.01477	0.01456	0.01076	0.01539	0.00894	0.01178	0.00741	0.00430	0.00472	0.00143	0.00580	0.00422	0.00233	0.00741
6	0.00565	0.00484	0.00484	0.00484	0.00646	0.00403	0.00363	0.00686	0.01089	0.01291	0.04842	0.04600	0.80027	0.01210	0.00565	0.00161	0.00242	0.01009	0.00444	0.00403
7	0.02111	0.00867	0.01143	0.00876	0.01247	0.00783	0.00724	0.10177	0.01458	0.72577	0.01810	0.01578	0.01145	0.00590	0.00480	0.00147	0.00419	0.00475	0.00580	0.00813
8	0.00578	0.00487	0.00502	0.00506	0.00663	0.00412	0.00384	0.00707	0.01099	0.01320	0.07431	0.04598	0.73927	0.01207	0.00569	0.00164	0.00250	0.04343	0.00447	0.00407
9	0.01040	0.00879	0.01017	0.00731	0.01153	0.00687	0.00587	0.05791	0.01066	0.01644	0.00867	0.01000	0.00714	0.00367	0.00361	0.00075	0.00364	0.00292	0.00295	0.81069
10	0.01729	0.02171	0.01409	0.01391	0.08863	0.73766	0.00974	0.01867	0.01330	0.01207	0.00754	0.00892	0.00629	0.00486	0.00435	0.00125	0.00834	0.00319	0.00245	0.00573
11	0.01725	0.02137	0.01496	0.01298	0.01574	0.69684	0.08197	0.05805	0.01379	0.01298	0.00781	0.00917	0.00636	0.00488	0.00446	0.00128	0.00839	0.00338	0.00258	0.00576
12	0.01008	0.00782	0.00867	0.00779	0.00965	0.00845	0.00585	0.08810	0.32086	0.03167	0.19893	0.02556	0.06800	0.16468	0.02095	0.00224	0.00379	0.00660	0.00453	0.00578
13	0.01115	0.01122	0.01668	0.35902	0.35696	0.08637	0.02769	0.01393	0.01043	0.01364	0.00853	0.01187	0.00687	0.00471	0.00520	0.00151	0.04147	0.00417	0.00226	0.00631
14	0.00586	0.00445	0.00540	0.00601	0.00680	0.00399	0.00418	0.00694	0.01013	0.01308	0.10601	0.50141	0.28137	0.01356	0.00591	0.00179	0.00261	0.01199	0.00451	0.00399
15	0.01600	0.01965	0.01337	0.01202	0.01424	0.63395	0.02717	0.01791	0.04978	0.01212	0.00837	0.01010	0.00706	0.00769	0.06969	0.00184	0.06746	0.00349	0.00256	0.00553
16	0.01008	0.00534	0.00572	0.00536	0.00680	0.00545	0.00413	0.05601	0.02920	0.06170	0.01546	0.01743	0.01203	0.00741	0.05143	0.00155	0.00316	0.00453	0.69227	0.00493
17	0.00584	0.00460	0.00529	0.00570	0.00675	0.00404	0.00408	0.00701	0.01045	0.01318	0.10172	0.34213	0.43294	0.01302	0.00584	0.00174	0.00258	0.02457	0.00451	0.00402
18	0.03364	0.05588	0.01230	0.00882	0.01254	0.00890	0.00736	0.13448	0.01466	0.63452	0.01689	0.01494	0.01086	0.00576	0.00468	0.00145	0.00430	0.00457	0.00548	0.00797
19	0.00830	0.00415	0.00623	0.00623	0.00623	0.00415	0.00415	0.00623	0.00623	0.00830	0.00830	0.01453	0.00830	0.01660	0.01868	0.86094	0.00415	0.00415	0.00208	0.00208
20	0.01732	0.02146	0.05761	0.01255	0.03051	0.65053	0.00979	0.11717	0.01445	0.01433	0.00801	0.00913	0.00643	0.00500	0.00439	0.00128	0.00805	0.00328	0.00273	0.00600
21	0.01260	0.01185	0.02014	0.04703	0.33943	0.01239	0.22141	0.13834	0.01245	0.02939	0.00940	0.01200	0.00745	0.00494	0.00623	0.00156	0.09893	0.00464	0.00278	0.00703
22	0.01372	0.06006	0.28203	0.06470	0.17169	0.05055	0.08227	0.11564	0.01306	0.06552	0.01113	0.02613	0.00872	0.00569	0.00521	0.00169	0.00671	0.00459	0.00322	0.00765
23	0.01204	0.18249	0.16248	0.01512	0.03696	0.04915	0.32533	0.06860	0.03067	0.01524	0.00893	0.01101	0.00696	0.00459	0.00530	0.00147	0.05032	0.00432	0.00248	0.00656
24	0.84546	0.02892	0.00745	0.00633	0.00932	0.01092	0.00525	0.01406	0.00817	0.02120	0.00665	0.00776	0.00520	0.00443	0.00296	0.00147	0.00373	0.00259	0.00294	0.00520
25	0.00727	0.00526	0.00770	0.00757	0.00819	0.00612	0.00574	0.00825	0.00739	0.01057	0.01192	0.01858	0.01148	0.09028	0.59065	0.13272	0.05886	0.00506	0.00249	0.00390
26	0.00572	0.00481	0.00496	0.00499	0.00651	0.00405	0.00372	0.00696	0.01095	0.01320	0.08628	0.08400	0.72329	0.01213	0.00567	0.00162	0.00243	0.01018	0.00448	0.00405
27	0.07558	0.00821	0.01083	0.00836	0.01201	0.00726	0.00691	0.02270	0.01332	0.75525	0.01807	0.01572	0.01140	0.00582	0.00469	0.00148	0.00404	0.00466	0.00573	0.00794
28	0.00673	0.00484	0.00620	0.00593	0.00704	0.00445	0.00442	0.00886	0.01308	0.01847	0.69909	0.07055	0.08517	0.00999	0.00558	0.00152	0.00229	0.00881	0.03252	0.00445
29	0.72688	0.00906	0.00769	0.00665	0.00973	0.01011	0.00548	0.01557	0.00905	0.15043	0.00866	0.00916	0.00627	0.00468	0.00326	0.00148	0.00376	0.00295	0.00344	0.00566
30	0.86579	0.00924	0.00702	0.00629	0.00924	0.01072	0.00518	0.01405	0.00813	0.02144	0.00666	0.00776	0.00518	0.00444	0.00296	0.00148	0.00370	0.00259	0.00296	0.00518
31	0.01127	0.25512	0.45189	0.01150	0.01706	0.01365	0.01337	0.06333	0.09151	0.01544	0.00932	0.01028	0.00708	0.00469	0.00417	0.00138	0.00605	0.00349	0.00249	0.00691
32	0.01273	0.53450	0.20752	0.00994	0.01459	0.07862	0.01054	0.05872	0.01082	0.01327	0.00743	0.00853	0.00623	0.00435	0.00361	0.00118	0.00585	0.00293	0.00223	0.00642
33	0.86579	0.00924	0.00702	0.00629	0.00924	0.01072	0.00518	0.01405	0.00813	0.02144	0.00666	0.00776	0.00518	0.00444	0.00296	0.00148	0.00370	0.00259	0.00296	0.00518
34	0.00615	0.00439	0.00592	0.00703	0.00745	0.00416	0.00501	0.00722	0.00947	0.01257	0.02616	0.69379	0.03090	0.01467	0.00619	0.00199	0.00306	0.14547	0.00443	0.00397
35	0.00582	0.00416	0.00555	0.00666	0.00693	0.00388	0.00444	0.00666	0.00915	0.01220	0.02634	0.82891	0.03161	0.01497	0.00610	0.00194	0.00277	0.01359	0.00444	0.00388
36	0.01183	0.01136	0.01940	0.02934	0.80221	0.01136	0.01467	0.01467	0.01088	0.01562	0.00899	0.01183	0.00757	0.00426	0.00473	0.00142	0.00568	0.00426	0.00237	0.00757
37	0.00676	0.00489	0.00639	0.00601	0.00714	0.00451	0.00451	0.00902	0.01353	0.01917	0.79969	0.03570	0.04510	0.00977	0.00564	0.00150	0.00225	0.00864	0.00526	0.00451
38	0.00584	0.00421	0.00554	0.00657	0.00692	0.00390	0.00441	0.00672	0.00933	0.01241	0.04681	0.77737	0.06284	0.01473	0.00607	0.00192	0.00275	0.01332	0.00446	0.00390
39	0.01107	0.01058	0.01803	0.24330	0.59418	0.01116	0.01429	0.01400	0.01052	0.01469	0.00886	0.01208	0.00725	0.00440	0.00474	0.00147	0.00587	0.00426	0.00230	0.00696
40	0.00704	0.00457	0.00608	0.00664	0.00732	0.00422	0.00462	0.00823	0.01034	0.06558	0.18434	0.61313	0.03308	0.01331	0.00592	0.00182	0.00275	0.01200	0.00470	0.00429
41	0.01138	0.46487	0.35698	0.01087	0.01625	0.01538	0.03708	0.01469	0.00992	0.01303	0.00756	0.00886	0.00614	0.00428	0.00377	0.00125	0.00603	0.00307	0.00205	0.00654
42	0.03591	0.01252	0.01727	0.01288	0.01694	0.01304	0.21021	0.46410	0.03536	0.07206	0.01136	0.01211	0.00815	0.00518	0.00490	0.00145	0.00575	0.00459	0.00409	0.05215
43	0.38275	0.01080	0.00968	0.00809	0.01121	0.11143	0.00651	0.08467	0.01182	0.24128	0.03134	0.01177	0.00873	0.01877	0.00425	0.00147	0.00454	0.00366	0.00394	0.03328

[dist]
# distance from previous block
# <min> <max>
3	53

[block]
# block no. 1 follows, 53 sequences, length 86
# corresponding to MSA columns:
# 1261-1339,1357-1363
name=unknown_B
#
# <colnr> <probs for GDERKNQSTAVLIFYWHMCP>
#	G	D	E	R	K	N	Q	S	T	A	V	L	I	F	Y	W	H	M	C	P
0	0.01707	0.02133	0.01303	0.01182	0.01423	0.73840	0.00888	0.03646	0.01368	0.01247	0.04096	0.01084	0.02998	0.00534	0.00441	0.00126	0.00811	0.00353	0.00269	0.00552
1	0.00582	0.00416	0.00555	0.00666	0.00693	0.00388	0.00444	0.00666	0.00915	0.01220	0.02634	0.82891	0.03161	0.01497	0.00610	0.00194	0.00277	0.01359	0.00444	0.00388
2	0.01801	0.01290	0.01397	0.01075	0.01446	0.01419	0.00885	0.73197	0.02163	0.06111	0.01168	0.01176	0.00828	0.00607	0.00520	0.02697	0.00518	0.00432	0.00475	0.00795
3	0.00764	0.00546	0.00763	0.00873	0.00981	0.00545	0.00760	0.00980	0.01094	0.01424	0.02534	0.07835	0.02764	0.01326	0.00659	0.00219	0.00435	0.74618	0.00440	0.00438
4	0.01785	0.02278	0.01354	0.01231	0.01478	0.81284	0.00924	0.01909	0.01354	0.01170	0.00739	0.00862	0.00616	0.00493	0.00431	0.00123	0.00862	0.00308	0.00246	0.00554
5	0.01084	0.01218	0.02637	0.01905	0.02352	0.01142	0.72154	0.01461	0.01111	0.01506	0.01102	0.07909	0.00923	0.00492	0.00568	0.00164	0.00763	0.00629	0.00258	0.00624
6	0.01256	0.01055	0.01120	0.00971	0.01266	0.01190	0.00763	0.12168	0.64287	0.02099	0.01770	0.01649	0.01326	0.00619	0.00476	0.00154	0.00396	0.00509	0.00472	0.06453
7	0.00582	0.00416	0.00555	0.00666	0.00693	0.00388	0.00444	0.00666	0.00915	0.01220	0.02634	0.82891	0.03161	0.01497	0.00610	0.00194	0.00277	0.01359	0.00444	0.00388
8	0.04515	0.18447	0.61977	0.01225	0.01855	0.01263	0.01527	0.01493	0.00994	0.01462	0.00812	0.00952	0.00603	0.00445	0.00418	0.00141	0.00654	0.00330	0.00206	0.00680
9	0.86579	0.00924	0.00702	0.00629	0.00924	0.01072	0.00518	0.01405	0.00813	0.02144	0.00666	0.00776	0.00518	0.00444	0.00296	0.00148	0.00370	0.00259	0.00296	0.00518
10	0.01046	0.01046	0.01464	0.01255	0.01255	0.01464	0.01046	0.01150	0.00732	0.01150	0.00627	0.01046	0.00627	0.00837	0.01569	0.00209	0.82328	0.00418	0.00209	0.00523
11	0.01472	0.01519	0.01541	0.01746	0.27584	0.27108	0.02606	0.13291	0.15140	0.01727	0.01070	0.01182	0.00843	0.00508	0.00464	0.00140	0.00628	0.00411	0.00320	0.00697
12	0.47995	0.07435	0.18538	0.00881	0.01281	0.05620	0.00873	0.07811	0.01028	0.03649	0.00778	0.00881	0.00588	0.00460	0.00358	0.00144	0.00495	0.00301	0.00287	0.00599
13	0.03391	0.06551	0.01637	0.05877	0.06755	0.05814	0.09500	0.15138	0.02763	0.09853	0.00954	0.01153	0.00750	0.00609	0.00820	0.00164	0.26886	0.00426	0.00311	0.00646
14	0.00645	0.00484	0.00597	0.00575	0.00696	0.00437	0.00429	0.00838	0.01269	0.01732	0.58070	0.07326	0.23031	0.01058	0.00566	0.00155	0.00232	0.00922	0.00502	0.00437
15	0.01090	0.01185	0.04122	0.07530	0.15008	0.01132	0.49740	0.01446	0.01091	0.01524	0.02782	0.01337	0.00834	0.00451	0.00563	0.00156	0.03617	0.00522	0.05234	0.00636
16	0.00674	0.00486	0.00636	0.00603	0.00713	0.00449	0.00451	0.00895	0.01339	0.01895	0.77530	0.06072	0.04467	0.00994	0.00565	0.00152	0.00227	0.00880	0.00524	0.00449
17	0.00760	0.00508	0.00632	0.00599	0.00737	0.00454	0.00450	0.00945	0.01252	0.08084	0.48777	0.10573	0.22335	0.01047	0.00561	0.00157	0.00249	0.00911	0.00504	0.00463
18	0.01010	0.00852	0.00921	0.00846	0.01070	0.00944	0.00656	0.01979	0.53721	0.01880	0.15788	0.02556	0.11586	0.00796	0.00515	0.00162	0.00337	0.03241	0.00486	0.00650
19	0.00830	0.00415	0.00623	0.00623	0.00623	0.00415	0.00415	0.00623	0.00623	0.00830	0.00830	0.01453	0.00830	0.01660	0.01868	0.86094	0.00415	0.00415	0.00208	0.00208
20	0.01785	0.02278	0.01354	0.01231	0.01478	0.81284	0.00924	0.01909	0.01354	0.01170	0.00739	0.00862	0.00616	0.00493	0.00431	0.00123	0.00862	0.00308	0.00246	0.00554
21	0.01010	0.10471	0.71095	0.01305	0.01971	0.03111	0.01652	0.01515	0.01014	0.01467	0.00836	0.00982	0.00606	0.00451	0.00439	0.00146	0.00691	0.00342	0.00203	0.00694
22	0.01223	0.01304	0.18477	0.01284	0.04828	0.01009	0.16824	0.11541	0.08991	0.11617	0.07842	0.05840	0.04234	0.00635	0.00512	0.00156	0.00545	0.02086	0.00376	0.00675
23	0.01044	0.01077	0.01745	0.01392	0.01544	0.03496	0.23493	0.01231	0.00863	0.01241	0.00833	0.01321	0.00774	0.07518	0.05245	0.00241	0.45693	0.00485	0.00229	0.00536
24	0.01085	0.01289	0.07897	0.04716	0.11818	0.01143	0.56959	0.01464	0.01098	0.01506	0.01039	0.05758	0.00852	0.00472	0.00545	0.00160	0.00735	0.00572	0.00249	0.00645
25	0.01183	0.01136	0.01940	0.02934	0.80221	0.01136	0.01467	0.01467	0.01088	0.01562	0.00899	0.01183	0.00757	0.00426	0.00473	0.00142	0.00568	0.00426	0.00237	0.00757
26	0.00587	0.00418	0.00553	0.00659	0.00685	0.00392	0.00437	0.00667	0.00905	0.01207	0.02583	0.79290	0.03097	0.05186	0.00692	0.00206	0.00286	0.01329	0.00437	0.00384
27	0.01189	0.01027	0.01081	0.00973	0.01243	0.01189	0.00757	0.02540	0.79357	0.01999	0.01945	0.01783	0.01459	0.00648	0.00486	0.00162	0.00378	0.00540	0.00486	0.00757
28	0.01573	0.01218	0.01297	0.01050	0.01389	0.01368	0.00849	0.49092	0.32179	0.02619	0.01457	0.01394	0.01064	0.00603	0.00481	0.00151	0.00469	0.00473	0.00481	0.00791
29	0.01817	0.01339	0.01434	0.01100	0.01482	0.01482	0.00908	0.78627	0.02247	0.03012	0.01148	0.01148	0.00813	0.00574	0.00478	0.00143	0.00526	0.00430	0.00478	0.00813
30	0.01278	0.83490	0.02505	0.00818	0.01227	0.01891	0.00818	0.01431	0.00971	0.01125	0.00664	0.00767	0.00613	0.00409	0.00307	0.00102	0.00511	0.00256	0.00204	0.00613
31	0.01029	0.03229	0.16933	0.06831	0.03384	0.01081	0.38473	0.02976	0.05126	0.01549	0.06878	0.06136	0.01173	0.02335	0.00568	0.00165	0.00657	0.00572	0.00282	0.00622
32	0.01507	0.23771	0.01647	0.01092	0.01348	0.42892	0.00888	0.04254	0.02747	0.01228	0.00768	0.00951	0.00673	0.02300	0.01867	0.00147	0.10777	0.00328	0.00244	0.00571
33	0.86579	0.00924	0.00702	0.00629	0.00924	0.01072	0.00518	0.01405	0.00813	0.02144	0.00666	0.00776	0.00518	0.00444	0.00296	0.00148	0.00370	0.00259	0.00296	0.00518
34	0.00656	0.00475	0.00619	0.00609	0.00708	0.00438	0.00447	0.00852	0.01266	0.01771	0.63571	0.17816	0.06824	0.01078	0.00572	0.00159	0.00235	0.00958	0.00509	0.00438
35	0.00565	0.00484	0.00484	0.00484	0.00646	0.00403	0.00363	0.00686	0.01089	0.01291	0.04842	0.04600	0.80027	0.01210	0.00565	0.00161	0.00242	0.01009	0.00444	0.00403
36	0.00622	0.00502	0.00564	0.00593	0.00739	0.00444	0.00474	0.00772	0.01098	0.01341	0.05708	0.04792	0.57821	0.01235	0.00590	0.00177	0.00295	0.21375	0.00444	0.00414
37	0.00676	0.00489	0.00639	0.00601	0.00714	0.00451	0.00451	0.00902	0.01353	0.01917	0.79969	0.03570	0.04510	0.00977	0.00564	0.00150	0.00225	0.00864	0.00526	0.00451
38	0.00830	0.00415	0.00623	0.00623	0.00623	0.00415	0.00415	0.00623	0.00623	0.00830	0.00830	0.01453	0.00830	0.01660	0.01868	0.86094	0.00415	0.00415	0.00208	0.00208
39	0.00812	0.00601	0.00799	0.00884	0.01010	0.00619	0.00758	0.01159	0.10169	0.01489	0.02466	0.07596	0.02615	0.01248	0.00638	0.00212	0.00427	0.65577	0.00446	0.00475
40	0.00628	0.00450	0.00605	0.00713	0.00764	0.00428	0.00521	0.00745	0.00964	0.01273	0.02661	0.62224	0.04881	0.01448	0.00621	0.00200	0.00316	0.19714	0.00443	0.00401
41	0.00693	0.00526	0.00782	0.00776	0.00857	0.00618	0.00603	0.00858	0.00765	0.01106	0.01267	0.01884	0.01192	0.05389	0.77217	0.00745	0.03525	0.00514	0.00256	0.00426
42	0.01183	0.01136	0.01940	0.02934	0.80221	0.01136	0.01467	0.01467	0.01088	0.01562	0.00899	0.01183	0.00757	0.00426	0.00473	0.00142	0.00568	0.00426	0.00237	0.00757
43	0.84045	0.03377	0.00756	0.00634	0.00933	0.01097	0.00527	0.01406	0.00818	0.02114	0.00665	0.00776	0.00520	0.00443	0.00296	0.00147	0.00374	0.00259	0.00293	0.00520
44	0.01778	0.01261	0.01348	0.01048	0.01413	0.03283	0.00860	0.63064	0.04696	0.10940	0.01392	0.01353	0.04100	0.00602	0.00481	0.00145	0.00505	0.00460	0.00483	0.00788
45	0.00824	0.00417	0.00618	0.00618	0.00618	0.00417	0.00410	0.00626	0.00626	0.00835	0.00860	0.01528	0.00871	0.05302	0.01893	0.82270	0.00417	0.00428	0.00211	0.00211
46	0.00698	0.00532	0.00786	0.00777	0.00855	0.00627	0.00602	0.00859	0.00763	0.01103	0.01264	0.01900	0.01196	0.07028	0.74532	0.00732	0.04551	0.00516	0.00256	0.00425
47	0.00990	0.10548	0.72929	0.01308	0.01985	0.01188	0.01671	0.01505	0.01005	0.01475	0.00838	0.00985	0.00606	0.00450	0.00439	0.00146	0.00687	0.00343	0.00202	0.00697
48	0.00959	0.02472	0.80726	0.01362	0.02069	0.01110	0.01766	0.01514	0.01009	0.01514	0.00858	0.01009	0.00605	0.00454	0.00454	0.00151	0.00706	0.00353	0.00202	0.00706
49	0.00770	0.00550	0.00770	0.00880	0.00990	0.00550	0.00770	0.00990	0.01100	0.01430	0.02531	0.05391	0.02751	0.01320	0.00660	0.00220	0.00440	0.77004	0.00440	0.00440
50	0.00761	0.00653	0.00673	0.00639	0.00833	0.00649	0.00487	0.01267	0.25441	0.01525	0.05515	0.03702	0.54005	0.01031	0.00540	0.00161	0.00284	0.00860	0.00459	0.00514
51	0.01785	0.02278	0.01354	0.01231	0.01478	0.81284	0.00924	0.01909	0.01354	0.01170	0.00739	0.00862	0.00616	0.00493	0.00431	0.00123	0.00862	0.00308	0.00246	0.00554
52	0.01638	0.25910	0.01689	0.01111	0.01405	0.58181	0.00893	0.01770	0.01243	0.01157	0.00717	0.00834	0.00615	0.00468	0.00395	0.00117	0.00760	0.00293	0.00234	0.00571
53	0.02621	0.00819	0.01340	0.73923	0.03027	0.01013	0.01232	0.01216	0.00957	0.01284	0.00902	0.01305	0.00682	0.00483	0.00463	0.00155	0.00599	0.00423	0.07033	0.00524
54	0.01517	0.01768	0.01616	0.01991	0.36602	0.45533	0.01166	0.01712	0.01236	0.01345	0.00810	0.01005	0.00679	0.00463	0.00450	0.00132	0.00731	0.00360	0.00242	0.00645
55	0.01181	0.01142	0.01976	0.02896	0.77050	0.01139	0.04609	0.01469	0.01090	0.01560	0.00902	0.01187	0.00756	0.00425	0.00477	0.00143	0.00578	0.00432	0.00237	0.00753
56	0.01817	0.01339	0.01434	0.01100	0.01482	0.01482	0.00908	0.78627	0.02247	0.03012	0.01148	0.01148	0.00813	0.00574	0.00478	0.00143	0.00526	0.00430	0.00478	0.00813
57	0.00964	0.00795	0.00884	0.00808	0.01013	0.00870	0.00621	0.01827	0.45850	0.01936	0.32089	0.02597	0.06147	0.00800	0.00520	0.00158	0.00313	0.00686	0.00500	0.00623
58	0.00676	0.00489	0.00639	0.00601	0.00714	0.00451	0.00451	0.00902	0.01353	0.01917	0.79969	0.03570	0.04510	0.00977	0.00564	0.00150	0.00225	0.00864	0.00526	0.00451
59	0.01219	0.01100	0.01490	0.15347	0.35696	0.10039	0.01133	0.04676	0.02874	0.07084	0.13235	0.01574	0.01350	0.00550	0.00484	0.00145	0.00542	0.00487	0.00319	0.00655
60	0.70715	0.02474	0.00859	0.00712	0.01024	0.01156	0.00589	0.14466	0.01059	0.02273	0.00747	0.00839	0.00569	0.00465	0.00327	0.00146	0.00399	0.00288	0.00325	0.00569
61	0.00766	0.00547	0.00766	0.00876	0.00984	0.00547	0.00764	0.00984	0.01097	0.01426	0.02533	0.06946	0.02759	0.01324	0.00659	0.00220	0.00437	0.75487	0.00440	0.00439
62	0.01867	0.03706	0.01195	0.00897	0.01223	0.00937	0.00744	0.17698	0.01458	0.49860	0.01575	0.01470	0.01051	0.00597	0.00542	0.00147	0.06420	0.00455	0.07402	0.00756
63	0.00830	0.00415	0.00623	0.00623	0.00623	0.00415	0.00415	0.00623	0.00623	0.00830	0.00830	0.01453	0.00830	0.01660	0.01868	0.86094	0.00415	0.00415	0.00208	0.00208
64	0.08458	0.08917	0.01366	0.01007	0.01343	0.06676	0.00825	0.37972	0.24392	0.02350	0.01269	0.01248	0.00945	0.00564	0.00447	0.00144	0.00491	0.00424	0.00425	0.00737
65	0.03022	0.01165	0.01288	0.01019	0.01349	0.03070	0.03386	0.52275	0.05391	0.06730	0.02912	0.05439	0.02341	0.00677	0.01784	0.00155	0.00498	0.00501	0.05004	0.01994
66	0.01260	0.72771	0.07497	0.00863	0.01277	0.04859	0.00873	0.01440	0.00999	0.01174	0.02896	0.00864	0.00722	0.00431	0.00328	0.00108	0.00529	0.00281	0.00215	0.00613
67	0.86579	0.00924	0.00702	0.00629	0.00924	0.01072	0.00518	0.01405	0.00813	0.02144	0.00666	0.00776	0.00518	0.00444	0.00296	0.00148	0.00370	0.00259	0.00296	0.00518
68	0.01121	0.01071	0.02002	0.01551	0.03766	0.03511	0.45441	0.04180	0.03018	0.07262	0.01449	0.20572	0.01352	0.00690	0.00558	0.00166	0.00628	0.00729	0.00329	0.00605
69	0.01159	0.01118	0.01926	0.09141	0.71851	0.01132	0.03744	0.01449	0.01079	0.01534	0.00897	0.01193	0.00747	0.00429	0.00476	0.00144	0.00580	0.00430	0.00235	0.00736
70	0.00565	0.00484	0.00484	0.00484	0.00646	0.00403	0.00363	0.00686	0.01089	0.01291	0.04842	0.04600	0.80027	0.01210	0.00565	0.00161	0.00242	0.01009	0.00444	0.00403
71	0.00891	0.00445	0.00445	0.00445	0.00557	0.00445	0.00334	0.01114	0.01002	0.01782	0.01559	0.01782	0.01225	0.00557	0.00334	0.00111	0.00223	0.00445	0.85856	0.00445
72	0.00565	0.00484	0.00484	0.00484	0.00646	0.00403	0.00363	0.00686	0.01089	0.01291	0.04842	0.04600	0.80027	0.01210	0.00565	0.00161	0.00242	0.01009	0.00444	0.00403
73	0.00885	0.00538	0.00696	0.00633	0.00789	0.00486	0.00487	0.01094	0.01322	0.13509	0.58788	0.03431	0.11776	0.00952	0.00554	0.00153	0.00259	0.02625	0.00525	0.00500
74	0.00683	0.00512	0.00768	0.00768	0.00853	0.00597	0.00597	0.00853	0.00768	0.01110	0.01280	0.01878	0.01195	0.03585	0.81308	0.00768	0.01280	0.00512	0.00256	0.00427
75	0.01020	0.03991	0.75458	0.01328	0.02012	0.01106	0.01697	0.01550	0.01025	0.05206	0.00902	0.01033	0.00633	0.00460	0.00452	0.00150	0.00688	0.00357	0.00220	0.00710
76	0.01278	0.83490	0.02505	0.00818	0.01227	0.01891	0.00818	0.01431	0.00971	0.01125	0.00664	0.00767	0.00613	0.00409	0.00307	0.00102	0.00511	0.00256	0.00204	0.00613
77	0.86579	0.00924	0.00702	0.00629	0.00924	0.01072	0.00518	0.01405	0.00813	0.02144	0.00666	0.00776	0.00518	0.00444	0.00296	0.00148	0.00370	0.00259	0.00296	0.00518
78	0.02068	0.00840	0.01114	0.00864	0.01227	0.00754	0.00711	0.03938	0.07047	0.73231	0.01875	0.01628	0.01195	0.00595	0.00481	0.00149	0.00407	0.00484	0.00582	0.00809
79	0.00653	0.00488	0.00606	0.00577	0.00700	0.00441	0.00432	0.00856	0.01297	0.01784	0.64063	0.03788	0.20498	0.01027	0.00564	0.00153	0.00229	0.00895	0.00509	0.00441
80	0.00565	0.00484	0.00484	0.00484	0.00646	0.00403	0.00363	0.00686	0.01089	0.01291	0.04842	0.04600	0.80027	0.01210	0.00565	0.00161	0.00242	0.01009	0.00444	0.00403
81	0.00676	0.00489	0.00639	0.00601	0.00714	0.00451	0.00451	0.00902	0.01353	0.01917	0.79969	0.03570	0.04510	0.00977	0.00564	0.00150	0.00225	0.00864	0.00526	0.00451
82	0.86579	0.00924	0.00702	0.00629	0.00924	0.01072	0.00518	0.01405	0.00813	0.02144	0.00666	0.00776	0.00518	0.00444	0.00296	0.00148	0.00370	0.00259	0.00296	0.00518
83	0.01762	0.01256	0.01351	0.01044	0.01406	0.01379	0.00860	0.70291	0.02126	0.05727	0.01204	0.01211	0.00856	0.00573	0.00468	0.00141	0.00500	0.00433	0.06627	0.00786
84	0.00676	0.00489	0.00639	0.00601	0.00714	0.00451	0.00451	0.00902	0.01353	0.01917	0.79969	0.03570	0.04510	0.00977	0.00564	0.00150	0.00225	0.00864	0.00526	0.00451
85	0.07400	0.73229	0.06545	0.00833	0.01250	0.01791	0.00847	0.01434	0.00962	0.01219	0.00675	0.00780	0.00606	0.00414	0.00314	0.00108	0.00511	0.00261	0.00211	0.00611

[dist]
# distance from previous block
# <min> <max>
0	1

[block]
# block no. 2 follows, 53 sequences, length 42
# corresponding to MSA columns:
# 1365,1368-1408
name=unknown_C
#
# <colnr> <probs for GDERKNQSTAVLIFYWHMCP>
#	G	D	E	R	K	N	Q	S	T	A	V	L	I	F	Y	W	H	M	C	P
0	0.86579	0.00924	0.00702	0.00629	0.00924	0.01072	0.00518	0.01405	0.00813	0.02144	0.00666	0.00776	0.00518	0.00444	0.00296	0.00148	0.00370	0.00259	0.00296	0.00518
1	0.01757	0.02128	0.01367	0.01219	0.01468	0.69615	0.00927	0.09792	0.01420	0.01359	0.00776	0.00899	0.00637	0.00516	0.00485	0.00129	0.04332	0.00325	0.00269	0.00579
2	0.00903	0.00850	0.01434	0.82054	0.03292	0.01062	0.01327	0.01221	0.00956	0.01221	0.00850	0.01274	0.00637	0.00478	0.00478	0.00159	0.00637	0.00425	0.00212	0.00531
3	0.00578	0.00480	0.00505	0.00508	0.00656	0.00407	0.00377	0.00707	0.01105	0.01351	0.12452	0.09547	0.67273	0.01205	0.00568	0.00162	0.00243	0.01016	0.00452	0.00407
4	0.00813	0.00421	0.00610	0.00610	0.00610	0.00421	0.00399	0.00632	0.00632	0.00842	0.00916	0.01664	0.00945	0.11951	0.01939	0.75287	0.00421	0.00450	0.00218	0.00218
5	0.86579	0.00924	0.00702	0.00629	0.00924	0.01072	0.00518	0.01405	0.00813	0.02144	0.00666	0.00776	0.00518	0.00444	0.00296	0.00148	0.00370	0.00259	0.00296	0.00518
6	0.01147	0.01092	0.01848	0.02775	0.74583	0.01089	0.01405	0.01423	0.01089	0.01548	0.01087	0.01457	0.03325	0.00486	0.00483	0.00146	0.00553	0.03478	0.00251	0.00733
7	0.01008	0.15111	0.68523	0.01277	0.01937	0.01232	0.01618	0.01501	0.01003	0.01453	0.00828	0.00971	0.00607	0.00447	0.00431	0.00144	0.00676	0.00338	0.00202	0.00692
8	0.00580	0.00424	0.00546	0.00644	0.00688	0.00390	0.00434	0.00668	0.00935	0.01228	0.02892	0.73747	0.12138	0.01464	0.00605	0.00190	0.00273	0.01318	0.00444	0.00390
9	0.01183	0.01136	0.01940	0.02934	0.80221	0.01136	0.01467	0.01467	0.01088	0.01562	0.00899	0.01183	0.00757	0.00426	0.00473	0.00142	0.00568	0.00426	0.00237	0.00757
10	0.37695	0.01597	0.01119	0.01025	0.03051	0.39664	0.01934	0.02796	0.01103	0.01624	0.00716	0.00851	0.00582	0.00485	0.00425	0.00139	0.04077	0.00300	0.00269	0.00547
11	0.00971	0.00784	0.00900	0.00794	0.01004	0.00821	0.00616	0.08466	0.25025	0.01895	0.28696	0.07654	0.06718	0.00817	0.00554	0.00151	0.03570	0.00689	0.00462	0.09413
12	0.10192	0.00992	0.01258	0.01013	0.01276	0.01092	0.06184	0.20553	0.04412	0.14468	0.05130	0.02859	0.02375	0.00787	0.04171	0.01738	0.15563	0.00475	0.00388	0.05072
13	0.00593	0.00416	0.00558	0.00664	0.00690	0.00389	0.00442	0.00664	0.00903	0.01203	0.02557	0.79387	0.03061	0.01504	0.00664	0.03890	0.00283	0.01318	0.00434	0.00380
14	0.01508	0.01086	0.01165	0.00970	0.01278	0.03271	0.00775	0.25854	0.36659	0.13733	0.04884	0.01614	0.01317	0.00624	0.00480	0.00151	0.00430	0.00502	0.02943	0.00755
15	0.41991	0.02854	0.00984	0.00771	0.01108	0.00987	0.00639	0.09851	0.01189	0.33532	0.01203	0.01155	0.00817	0.00516	0.00389	0.00146	0.00404	0.00365	0.00431	0.00669
16	0.00676	0.00489	0.00639	0.00601	0.00714	0.00451	0.00451	0.00902	0.01353	0.01917	0.79969	0.03570	0.04510	0.00977	0.00564	0.00150	0.00225	0.00864	0.00526	0.00451
17	0.01116	0.01313	0.05229	0.04366	0.02508	0.01201	0.73786	0.01521	0.01119	0.01521	0.00960	0.01280	0.00719	0.00407	0.00558	0.00161	0.00798	0.00553	0.00240	0.00643
18	0.00830	0.00415	0.00623	0.00623	0.00623	0.00415	0.00415	0.00623	0.00623	0.00830	0.00830	0.01453	0.00830	0.01660	0.01868	0.86094	0.00415	0.00415	0.00208	0.00208
19	0.01816	0.01361	0.01433	0.01103	0.01482	0.03389	0.00909	0.76794	0.02226	0.02968	0.01138	0.01141	0.00808	0.00572	0.00477	0.00143	0.00534	0.00427	0.00473	0.00807
20	0.00991	0.00850	0.00991	0.00708	0.01133	0.00637	0.00566	0.01203	0.00991	0.01557	0.00850	0.00991	0.00708	0.00354	0.00354	0.00071	0.00354	0.00283	0.00283	0.86124
21	0.01278	0.83490	0.02505	0.00818	0.01227	0.01891	0.00818	0.01431	0.00971	0.01125	0.00664	0.00767	0.00613	0.00409	0.00307	0.00102	0.00511	0.00256	0.00204	0.00613
22	0.52986	0.01290	0.00942	0.00827	0.01120	0.22320	0.00658	0.04710	0.01065	0.09094	0.00816	0.00892	0.00616	0.00475	0.00356	0.00141	0.00510	0.00299	0.00317	0.00566
23	0.02829	0.01083	0.01742	0.21788	0.52006	0.01152	0.01357	0.09368	0.01171	0.01640	0.00908	0.01193	0.00729	0.00454	0.00471	0.00146	0.00576	0.00423	0.00257	0.00704
24	0.00639	0.00457	0.00637	0.00701	0.00755	0.00441	0.02769	0.00752	0.00917	0.01263	0.02364	0.63462	0.02736	0.03326	0.07283	0.00241	0.00381	0.03560	0.06913	0.00403
25	0.00580	0.00425	0.00546	0.00643	0.00687	0.00390	0.00434	0.00668	0.00937	0.01229	0.02913	0.73024	0.12848	0.01461	0.00604	0.00190	0.00273	0.01315	0.00444	0.00390
26	0.00653	0.00438	0.00584	0.00667	0.00716	0.00407	0.00455	0.00753	0.00974	0.04429	0.09817	0.72273	0.03209	0.01413	0.00601	0.00188	0.00278	0.01278	0.00457	0.00411
27	0.00692	0.00462	0.00522	0.00526	0.00527	0.00461	0.00294	0.00694	0.00702	0.00936	0.01541	0.05588	0.01782	0.80683	0.02377	0.00455	0.00458	0.00716	0.00294	0.00293
28	0.35680	0.01028	0.01038	0.00835	0.01172	0.01111	0.00688	0.28277	0.01439	0.20012	0.01134	0.01127	0.00791	0.00525	0.00401	0.00145	0.00427	0.00374	0.03111	0.00684
29	0.00700	0.00521	0.00637	0.00691	0.00772	0.00509	0.00484	0.06218	0.05150	0.01406	0.04109	0.62931	0.11362	0.01348	0.00589	0.00185	0.00295	0.01204	0.00450	0.00440
30	0.01237	0.01046	0.01615	0.24357	0.35117	0.03233	0.03521	0.05325	0.05386	0.09722	0.02899	0.01333	0.00890	0.00497	0.00496	0.00150	0.01746	0.00449	0.00299	0.00683
31	0.07112	0.01986	0.01304	0.01158	0.01427	0.60508	0.00884	0.11633	0.06886	0.01523	0.00870	0.00957	0.00693	0.00511	0.00432	0.00130	0.00754	0.00336	0.00296	0.00599
32	0.86579	0.00924	0.00702	0.00629	0.00924	0.01072	0.00518	0.01405	0.00813	0.02144	0.00666	0.00776	0.00518	0.00444	0.00296	0.00148	0.00370	0.00259	0.00296	0.00518
33	0.01025	0.02243	0.64822	0.01458	0.02112	0.02753	0.14380	0.01539	0.01042	0.02939	0.00892	0.01063	0.00636	0.00449	0.00472	0.00152	0.00721	0.00389	0.00216	0.00695
34	0.00806	0.00493	0.00625	0.00614	0.00730	0.00453	0.00451	0.00982	0.01176	0.08867	0.37382	0.24321	0.08397	0.01042	0.00539	0.00158	0.00257	0.00917	0.11325	0.00464
35	0.01046	0.01046	0.01464	0.01255	0.01255	0.01464	0.01046	0.01150	0.00732	0.01150	0.00627	0.01046	0.00627	0.00837	0.01569	0.00209	0.82328	0.00418	0.00209	0.00523
36	0.00638	0.00439	0.00574	0.00653	0.00708	0.00404	0.00447	0.00739	0.00979	0.03779	0.09330	0.68177	0.08538	0.01405	0.00599	0.00187	0.00275	0.01265	0.00455	0.00408
37	0.00683	0.00510	0.00759	0.00759	0.00842	0.00593	0.00586	0.00848	0.00766	0.01103	0.01288	0.01922	0.01214	0.06427	0.78492	0.00757	0.01251	0.00519	0.00257	0.00422
38	0.01300	0.79948	0.02454	0.00836	0.01238	0.05354	0.00822	0.01452	0.00988	0.01126	0.00668	0.00771	0.00613	0.00413	0.00312	0.00103	0.00526	0.00258	0.00206	0.00611
39	0.01632	0.14786	0.05597	0.01150	0.01450	0.56775	0.00939	0.07134	0.01321	0.01307	0.00779	0.00906	0.00646	0.00579	0.02911	0.00143	0.00789	0.00317	0.00254	0.00585
40	0.01110	0.01249	0.02666	0.01924	0.02372	0.01193	0.71680	0.01513	0.02791	0.01518	0.01025	0.03709	0.00810	0.00456	0.00600	0.00164	0.03750	0.00582	0.00252	0.00635
41	0.83469	0.00928	0.00716	0.00641	0.00936	0.01076	0.00526	0.01446	0.03674	0.02139	0.00712	0.00813	0.00552	0.00451	0.00303	0.00148	0.00370	0.00269	0.00303	0.00526

[dist]
# distance from previous block
# <min> <max>
0	1

[block]
# block no. 3 follows, 53 sequences, length 10
# corresponding to MSA columns:
# 1410-1419
name=unknown_D
#
# <colnr> <probs for GDERKNQSTAVLIFYWHMCP>
#	G	D	E	R	K	N	Q	S	T	A	V	L	I	F	Y	W	H	M	C	P
0	0.00686	0.00460	0.00524	0.00533	0.00535	0.00457	0.00302	0.00693	0.00712	0.00950	0.01595	0.09444	0.01850	0.76733	0.02288	0.00442	0.00449	0.00748	0.00302	0.00297
1	0.00957	0.00651	0.00775	0.00739	0.00895	0.00650	0.00552	0.10831	0.09043	0.08849	0.13006	0.33563	0.11849	0.02867	0.00598	0.00177	0.00327	0.02670	0.00474	0.00526
2	0.00947	0.00709	0.00870	0.00889	0.01062	0.00751	0.00745	0.03601	0.22955	0.04098	0.02438	0.04106	0.06603	0.01083	0.00596	0.00196	0.00413	0.46930	0.00459	0.00548
3	0.01175	0.01166	0.01859	0.06965	0.56763	0.05436	0.08018	0.01456	0.01089	0.01518	0.00888	0.01160	0.00735	0.00423	0.00467	0.00136	0.00586	0.00417	0.00241	0.09502
4	0.00629	0.00475	0.00589	0.00613	0.00714	0.00423	0.00437	0.00768	0.01082	0.01457	0.25682	0.39580	0.18674	0.01225	0.00573	0.00168	0.00259	0.01085	0.00459	0.05106
5	0.08581	0.04303	0.12381	0.01133	0.01469	0.36766	0.00988	0.13033	0.01345	0.09283	0.00912	0.01000	0.00691	0.00523	0.00500	0.00139	0.05658	0.00350	0.00308	0.00635
6	0.00921	0.00779	0.00790	0.00739	0.00929	0.06434	0.00587	0.12349	0.05532	0.01689	0.14679	0.03657	0.34012	0.01020	0.00555	0.00164	0.00367	0.13843	0.00449	0.00506
7	0.01042	0.01159	0.04848	0.01160	0.03129	0.15827	0.20039	0.03984	0.01160	0.01430	0.07187	0.09200	0.17334	0.04342	0.02706	0.00180	0.00578	0.00673	0.00331	0.03690
8	0.08671	0.00700	0.00767	0.00661	0.00869	0.00707	0.02073	0.13483	0.01195	0.07563	0.01622	0.06155	0.05586	0.05151	0.00513	0.00147	0.00334	0.00516	0.37509	0.05777
9	0.05635	0.02776	0.01039	0.00858	0.01059	0.04171	0.07416	0.03873	0.02851	0.04364	0.23613	0.12678	0.03578	0.05831	0.00694	0.00171	0.05638	0.03431	0.00392	0.09931

[dist]
# distance from previous block
# <min> <max>
2	9

[block]
# block no. 4 follows, 53 sequences, length 13
# corresponding to MSA columns:
# 1429-1441
name=unknown_E
#
# <colnr> <probs for GDERKNQSTAVLIFYWHMCP>
#	G	D	E	R	K	N	Q	S	T	A	V	L	I	F	Y	W	H	M	C	P
0	0.13726	0.01036	0.03637	0.00911	0.01191	0.05048	0.04721	0.18557	0.06649	0.03241	0.04628	0.08847	0.07811	0.03561	0.01697	0.00167	0.04041	0.00554	0.00375	0.09604
1	0.01023	0.00970	0.02745	0.01149	0.01420	0.05400	0.22578	0.04184	0.09441	0.04314	0.09687	0.02737	0.14642	0.03591	0.00645	0.00177	0.02714	0.11644	0.00379	0.00561
2	0.02656	0.03611	0.08197	0.11496	0.01653	0.02589	0.04713	0.14352	0.24123	0.04179	0.02596	0.01353	0.00997	0.00541	0.00490	0.00143	0.02922	0.00439	0.00365	0.12587
3	0.00613	0.00486	0.00550	0.00534	0.00675	0.00424	0.00401	0.00778	0.01202	0.01559	0.36958	0.04160	0.47745	0.01111	0.00564	0.00157	0.00235	0.00947	0.00479	0.00424
4	0.00899	0.00611	0.00752	0.00678	0.00844	0.00590	0.00525	0.07578	0.05026	0.07835	0.54886	0.03287	0.10234	0.00931	0.00550	0.00153	0.00280	0.03307	0.00515	0.00518
5	0.34860	0.00963	0.00990	0.00807	0.01135	0.01025	0.00662	0.17263	0.06338	0.26533	0.01254	0.01215	0.00869	0.00533	0.00403	0.00147	0.00408	0.00387	0.03528	0.00681
6	0.00629	0.00460	0.00601	0.00697	0.00764	0.00433	0.00518	0.00753	0.00987	0.01285	0.02905	0.52064	0.13436	0.01412	0.00617	0.00196	0.00315	0.21079	0.00443	0.00404
7	0.01248	0.24496	0.03127	0.01031	0.01335	0.06580	0.13300	0.08135	0.03621	0.04390	0.01050	0.01215	0.00837	0.00514	0.00501	0.00132	0.07581	0.00400	0.19907	0.00599
8	0.00830	0.00415	0.00623	0.00623	0.00623	0.00415	0.00415	0.00623	0.00623	0.00830	0.00830	0.01453	0.00830	0.01660	0.01868	0.86094	0.00415	0.00415	0.00208	0.00208
9	0.00797	0.00575	0.00761	0.00756	0.00822	0.00615	0.00539	0.00880	0.00814	0.01151	0.01455	0.02432	0.01470	0.30591	0.53297	0.00674	0.01025	0.00606	0.00303	0.00437
10	0.04710	0.26171	0.01693	0.01029	0.01341	0.20009	0.00872	0.21172	0.01378	0.06881	0.00881	0.00973	0.00700	0.00531	0.00530	0.00134	0.09687	0.00345	0.00313	0.00650
11	0.76035	0.05861	0.00857	0.05808	0.01093	0.01121	0.00587	0.01395	0.00832	0.02025	0.00677	0.00807	0.00531	0.00444	0.00308	0.00146	0.00395	0.00269	0.00285	0.00524
12	0.06266	0.00998	0.01500	0.33894	0.19878	0.01077	0.04646	0.03765	0.06114	0.06331	0.03610	0.01667	0.03753	0.03643	0.00593	0.00184	0.00580	0.00509	0.00329	0.00665

[dist]
# distance from previous block
# <min> <max>
1	9

[block]
# block no. 5 follows, 53 sequences, length 53
# corresponding to MSA columns:
# 1451-1503
name=unknown_F
#
# <colnr> <probs for GDERKNQSTAVLIFYWHMCP>
#	G	D	E	R	K	N	Q	S	T	A	V	L	I	F	Y	W	H	M	C	P
0	0.07790	0.03530	0.05075	0.04446	0.05444	0.02592	0.05356	0.09309	0.08564	0.13188	0.07322	0.08004	0.06030	0.00690	0.00482	0.00149	0.00447	0.03819	0.00399	0.07363
1	0.03365	0.36267	0.03633	0.00988	0.02387	0.28940	0.00838	0.04880	0.01160	0.01281	0.01053	0.07004	0.03825	0.00573	0.00401	0.00125	0.00606	0.01833	0.00264	0.00576
2	0.00951	0.00623	0.00881	0.28789	0.01587	0.00689	0.02655	0.01206	0.01004	0.05214	0.01341	0.03661	0.01056	0.00551	0.00404	0.00133	0.00391	0.00466	0.47902	0.00496
3	0.01027	0.00848	0.00995	0.00712	0.01135	0.00639	0.00571	0.01238	0.01003	0.04002	0.00882	0.01011	0.00723	0.00361	0.00358	0.00073	0.00356	0.00289	0.00293	0.83485
4	0.01109	0.00851	0.00885	0.00782	0.00984	0.06826	0.00606	0.11467	0.16799	0.06063	0.35583	0.02399	0.02596	0.00757	0.00497	0.00145	0.00351	0.00636	0.10079	0.00584
5	0.00588	0.00418	0.00553	0.00658	0.00685	0.00392	0.00436	0.00667	0.00904	0.01205	0.02578	0.78893	0.03090	0.05592	0.00701	0.00208	0.00287	0.01326	0.00436	0.00383
6	0.03602	0.00780	0.01045	0.00815	0.01157	0.00681	0.00669	0.02150	0.01346	0.70541	0.07647	0.01856	0.04184	0.00639	0.00486	0.00149	0.00387	0.00523	0.00576	0.00767
7	0.00583	0.00482	0.00512	0.00511	0.00659	0.00410	0.00381	0.00720	0.01124	0.01388	0.16732	0.07864	0.64612	0.01186	0.00567	0.00161	0.00241	0.01001	0.00457	0.00410
8	0.00964	0.00513	0.00534	0.00509	0.00643	0.00520	0.00387	0.05109	0.02772	0.03856	0.03718	0.03490	0.01338	0.00592	0.00361	0.00118	0.00247	0.00478	0.73371	0.00479
9	0.00685	0.00502	0.00716	0.00716	0.00784	0.00569	0.00533	0.00820	0.00753	0.01071	0.01328	0.02140	0.01309	0.20266	0.64783	0.00704	0.01109	0.00550	0.00263	0.00398
10	0.02424	0.03087	0.33626	0.12563	0.10399	0.03004	0.17331	0.01472	0.01051	0.04801	0.01053	0.01288	0.03153	0.02066	0.00519	0.00158	0.00666	0.00442	0.00243	0.00654
11	0.01620	0.01731	0.01277	0.01119	0.01395	0.43390	0.00863	0.17410	0.20588	0.01759	0.01139	0.01171	0.00879	0.00549	0.00451	0.00136	0.00658	0.00393	0.02818	0.00652
12	0.82730	0.00903	0.00691	0.00620	0.00908	0.01044	0.00509	0.01392	0.00822	0.02128	0.00706	0.00822	0.00549	0.00449	0.00298	0.00146	0.00363	0.00267	0.04139	0.00514
13	0.01045	0.00989	0.01655	0.27045	0.32995	0.01071	0.08089	0.03368	0.02568	0.01462	0.01198	0.01582	0.05351	0.00549	0.00549	0.00156	0.04763	0.03234	0.01699	0.00629
14	0.00748	0.00530	0.00634	0.00639	0.00776	0.00490	0.00487	0.00962	0.05238	0.06237	0.18229	0.17311	0.31663	0.02938	0.00616	0.00178	0.00293	0.11108	0.00467	0.00456
15	0.01000	0.01068	0.02215	0.01640	0.02009	0.01011	0.56889	0.01331	0.01096	0.01500	0.06230	0.11462	0.03372	0.00684	0.02605	0.00179	0.02117	0.00685	0.02323	0.00583
16	0.00581	0.00441	0.00532	0.00600	0.00674	0.00396	0.00414	0.00678	0.00979	0.01253	0.05021	0.53368	0.28967	0.02957	0.00629	0.00187	0.00268	0.01218	0.00443	0.00393
17	0.00744	0.00535	0.00737	0.00842	0.00947	0.00529	0.00722	0.00947	0.01084	0.01405	0.02656	0.12051	0.06671	0.01330	0.00651	0.00215	0.00416	0.66645	0.00441	0.00434
18	0.00965	0.00874	0.01456	0.54645	0.17578	0.01005	0.02912	0.01258	0.01002	0.03294	0.01177	0.01510	0.06004	0.00574	0.01889	0.00165	0.00598	0.00470	0.02053	0.00571
19	0.05862	0.25207	0.01628	0.02986	0.01386	0.45071	0.00866	0.04416	0.01212	0.01292	0.00754	0.00885	0.00637	0.00480	0.00419	0.00122	0.02923	0.00305	0.02974	0.00573
20	0.01059	0.01731	0.43986	0.01199	0.01707	0.01008	0.08565	0.01654	0.13584	0.06274	0.03136	0.01410	0.02542	0.00527	0.00463	0.00150	0.00574	0.00446	0.09309	0.00675
21	0.03677	0.01634	0.01273	0.01083	0.01370	0.36597	0.00845	0.29822	0.05614	0.03624	0.01201	0.01286	0.04592	0.02569	0.02563	0.00160	0.00665	0.00415	0.00363	0.00647
22	0.01244	0.74956	0.10744	0.00875	0.01315	0.01809	0.00918	0.01440	0.00975	0.01166	0.00685	0.00792	0.00613	0.00414	0.00322	0.00107	0.00532	0.00266	0.00204	0.00623
23	0.01185	0.40815	0.25803	0.01002	0.01479	0.01480	0.01083	0.06078	0.09125	0.01474	0.00910	0.00999	0.00727	0.00458	0.00382	0.00125	0.00545	0.00330	0.02244	0.03756
24	0.02929	0.13172	0.04820	0.02893	0.01376	0.31467	0.00864	0.08921	0.05787	0.12241	0.01208	0.04965	0.02274	0.00663	0.02505	0.00153	0.00635	0.02167	0.00338	0.00623
25	0.01090	0.00908	0.01044	0.00755	0.01175	0.00738	0.00607	0.10475	0.01142	0.01732	0.00885	0.01010	0.00721	0.00380	0.00369	0.00079	0.00375	0.00301	0.00307	0.75908
26	0.00802	0.00559	0.00650	0.00603	0.00773	0.00512	0.00460	0.01069	0.07497	0.08754	0.34124	0.03697	0.36668	0.01017	0.00551	0.00156	0.00261	0.00866	0.00493	0.00488
27	0.00663	0.00537	0.00644	0.00616	0.00767	0.00491	0.02307	0.00901	0.05711	0.01554	0.29843	0.07169	0.41045	0.01096	0.00566	0.00162	0.00269	0.04742	0.00469	0.00447
28	0.00630	0.00472	0.00573	0.00591	0.00688	0.00429	0.00427	0.00775	0.01112	0.01476	0.30918	0.22130	0.24847	0.08069	0.00736	0.00193	0.00273	0.04792	0.00460	0.00409
29	0.01195	0.46735	0.28910	0.02587	0.01571	0.07429	0.01162	0.01484	0.01007	0.01262	0.00738	0.00871	0.00612	0.00441	0.00396	0.00124	0.02334	0.00299	0.00207	0.00637
30	0.01262	0.01002	0.01069	0.00946	0.01220	0.01139	0.00740	0.06470	0.66851	0.06588	0.01880	0.01741	0.01397	0.00637	0.00478	0.00158	0.00380	0.00526	0.04769	0.00747
31	0.42578	0.01194	0.02863	0.08948	0.07656	0.13673	0.05150	0.03594	0.01005	0.01769	0.00830	0.03054	0.00692	0.00500	0.00409	0.00147	0.01907	0.01566	0.00279	0.02186
32	0.00716	0.00523	0.00699	0.00781	0.00890	0.00506	0.00655	0.00911	0.01106	0.01440	0.10470	0.12508	0.13035	0.01289	0.00633	0.00203	0.00378	0.52376	0.00449	0.00431
33	0.01166	0.01068	0.01320	0.12053	0.01612	0.06508	0.09991	0.10919	0.29929	0.01731	0.01593	0.03883	0.05263	0.07081	0.00688	0.00183	0.03453	0.00552	0.00374	0.00633
34	0.01496	0.00919	0.00956	0.00809	0.01079	0.10845	0.00641	0.04117	0.06836	0.35484	0.10313	0.02456	0.18916	0.00773	0.00505	0.00150	0.00412	0.02156	0.00495	0.00642
35	0.01131	0.00727	0.00857	0.00744	0.00967	0.00724	0.00583	0.08208	0.16627	0.16551	0.31151	0.02816	0.15243	0.00844	0.00526	0.00153	0.00318	0.00715	0.00513	0.00602
36	0.01174	0.21246	0.01324	0.00826	0.01006	0.04590	0.00680	0.07634	0.00984	0.06057	0.00962	0.01302	0.00847	0.04781	0.02420	0.20944	0.12935	0.00395	0.09400	0.00491
37	0.01197	0.00571	0.00636	0.00565	0.00744	0.00557	0.00441	0.05807	0.01148	0.17733	0.01601	0.01714	0.01193	0.00565	0.00372	0.00121	0.00277	0.00452	0.63766	0.00541
38	0.01346	0.01149	0.04932	0.04179	0.09553	0.06623	0.07084	0.21768	0.01391	0.07870	0.04727	0.01528	0.01078	0.00604	0.00586	0.00150	0.09136	0.03408	0.12238	0.00649
39	0.00830	0.00415	0.00623	0.00623	0.00623	0.00415	0.00415	0.00623	0.00623	0.00830	0.00830	0.01453	0.00830	0.01660	0.01868	0.86094	0.00415	0.00415	0.00208	0.00208
