[name]
unknown

[dist]
# distance from previous block
# <min> <max>
2	31

[block]
# block no. 0 follows, 57 sequences, length 64
# corresponding to MSA columns:
# 31-60,73-76,79-108
name=unknown_A
#
# <colnr> <probs for GDERKNQSTAVLIFYWHMCP>
#	G	D	E	R	K	N	Q	S	T	A	V	L	I	F	Y	W	H	M	C	P
0	0.03866	0.00734	0.01048	0.10408	0.06628	0.02543	0.08783	0.02081	0.05267	0.05181	0.11061	0.14828	0.10742	0.07660	0.02013	0.00185	0.02837	0.00687	0.01498	0.01950
1	0.00803	0.00563	0.01778	0.00653	0.02061	0.00520	0.00465	0.04314	0.04404	0.07856	0.12034	0.24985	0.16107	0.17071	0.00865	0.00211	0.00320	0.00849	0.02056	0.02086
2	0.00634	0.00464	0.00596	0.01999	0.00725	0.00439	0.01930	0.01891	0.00937	0.01260	0.10281	0.38850	0.15136	0.11501	0.01943	0.01489	0.00311	0.03204	0.04950	0.01461
3	0.03773	0.00539	0.00626	0.00625	0.00741	0.00528	0.00448	0.03292	0.08468	0.06100	0.11000	0.32979	0.17394	0.10489	0.00729	0.00194	0.00298	0.00919	0.00421	0.00439
4	0.00763	0.02039	0.00682	0.01912	0.00798	0.00577	0.00481	0.03454	0.12391	0.03730	0.09518	0.31207	0.14234	0.07488	0.03914	0.00204	0.00336	0.00875	0.04943	0.00453
5	0.00985	0.00837	0.00897	0.00808	0.00959	0.11996	0.05495	0.08119	0.02416	0.05745	0.07286	0.22378	0.09598	0.11495	0.01894	0.01609	0.02766	0.00738	0.03513	0.00466
6	0.07236	0.00592	0.00699	0.00665	0.00798	0.00591	0.01874	0.07431	0.04495	0.05535	0.10794	0.28183	0.09042	0.13613	0.00778	0.00201	0.00330	0.02711	0.02537	0.01894
7	0.00707	0.00502	0.00594	0.00615	0.00704	0.00489	0.00434	0.06716	0.02764	0.02373	0.03802	0.41298	0.16509	0.10955	0.02637	0.00211	0.00319	0.02089	0.05872	0.00409
8	0.00870	0.00617	0.00661	0.00642	0.00753	0.04465	0.00460	0.06745	0.04457	0.05908	0.07035	0.23482	0.08766	0.19227	0.00892	0.00216	0.00349	0.03202	0.10819	0.00436
9	0.00965	0.00807	0.00887	0.03341	0.01016	0.09001	0.04547	0.09497	0.05872	0.04628	0.11222	0.14702	0.12006	0.11448	0.02042	0.00194	0.00422	0.02478	0.02844	0.02079
10	0.03429	0.02178	0.02186	0.00987	0.06474	0.07119	0.04605	0.06455	0.11528	0.08600	0.04835	0.06734	0.04672	0.04424	0.11383	0.01389	0.03756	0.01801	0.03927	0.03520
11	0.05134	0.07800	0.04225	0.02800	0.03728	0.03829	0.00637	0.08000	0.02603	0.10038	0.06844	0.17212	0.06698	0.06267	0.01818	0.00173	0.00399	0.03680	0.07597	0.00516
12	0.02376	0.03724	0.00865	0.00763	0.03207	0.08709	0.01851	0.06819	0.06429	0.05830	0.25953	0.06867	0.15595	0.00791	0.00475	0.00139	0.00348	0.00665	0.08087	0.00506
13	0.02998	0.05848	0.06762	0.02187	0.01022	0.06689	0.00661	0.04553	0.05384	0.12753	0.02833	0.10237	0.06701	0.10436	0.09175	0.00237	0.03955	0.00565	0.06489	0.00517
14	0.21553	0.04627	0.02197	0.00723	0.00980	0.02726	0.00594	0.12246	0.12638	0.10451	0.08348	0.01562	0.04871	0.00575	0.00394	0.00134	0.00358	0.00442	0.14002	0.00578
15	0.25147	0.05196	0.04656	0.06379	0.12923	0.05389	0.00818	0.10807	0.07601	0.01771	0.05722	0.01250	0.03054	0.00584	0.02773	0.00152	0.00471	0.00387	0.00307	0.04609
16	0.01112	0.01078	0.08689	0.00908	0.03765	0.03397	0.00755	0.13097	0.17158	0.03150	0.01272	0.02423	0.04409	0.01722	0.00436	0.00118	0.00414	0.00403	0.00339	0.35353
17	0.00931	0.02229	0.76140	0.01251	0.01894	0.01018	0.01597	0.01432	0.00963	0.03458	0.00870	0.02556	0.00637	0.00450	0.00432	0.00142	0.00646	0.00355	0.00207	0.02792
18	0.00916	0.04387	0.79750	0.01279	0.01941	0.01071	0.01652	0.01433	0.00956	0.01426	0.00809	0.00951	0.00574	0.00429	0.00427	0.00142	0.00665	0.00333	0.00191	0.00667
19	0.01078	0.32242	0.31296	0.01189	0.08738	0.05071	0.03614	0.01381	0.00981	0.02809	0.03175	0.04833	0.00825	0.00475	0.00393	0.00126	0.00562	0.00372	0.00225	0.00614
20	0.00930	0.03737	0.41925	0.01330	0.01794	0.01059	0.19852	0.01321	0.00976	0.01412	0.07740	0.03788	0.00996	0.00535	0.00592	0.00152	0.10565	0.00458	0.00235	0.00603
21	0.85176	0.02913	0.00708	0.00600	0.00883	0.01035	0.00498	0.01333	0.00775	0.02009	0.00631	0.00736	0.00493	0.00420	0.00281	0.00139	0.00354	0.00245	0.00278	0.00493
22	0.00639	0.00463	0.00603	0.00568	0.00676	0.00427	0.00426	0.00851	0.01277	0.01805	0.79424	0.03405	0.05869	0.00931	0.00534	0.00143	0.00214	0.00822	0.00497	0.00427
23	0.01055	0.01005	0.01704	0.15424	0.65122	0.01035	0.01324	0.01326	0.01019	0.01435	0.03238	0.01256	0.02167	0.00439	0.00453	0.00138	0.00534	0.00425	0.00232	0.00670
24	0.00648	0.00483	0.00715	0.00715	0.00792	0.00559	0.00551	0.00801	0.00724	0.01042	0.01225	0.01845	0.01161	0.07797	0.77920	0.00712	0.01172	0.00495	0.00244	0.00397
25	0.02033	0.00771	0.01052	0.00806	0.01157	0.00666	0.00666	0.02208	0.01297	0.81562	0.01788	0.01542	0.01122	0.00561	0.00456	0.00140	0.00386	0.00456	0.00561	0.00771
26	0.01638	0.11826	0.01418	0.01112	0.01373	0.67115	0.00863	0.07169	0.01300	0.01225	0.00719	0.00825	0.00596	0.00463	0.00398	0.00116	0.00756	0.00294	0.00244	0.00549
27	0.01014	0.01007	0.02987	0.31054	0.41501	0.02955	0.03943	0.01289	0.00979	0.01339	0.00864	0.03053	0.00719	0.00453	0.00475	0.00141	0.02463	0.00420	0.00221	0.03122
28	0.00845	0.00422	0.00422	0.00422	0.00528	0.00422	0.00317	0.01056	0.00950	0.01689	0.01478	0.01689	0.01161	0.00528	0.00317	0.00106	0.00211	0.00422	0.86591	0.00422
29	0.00909	0.02344	0.81727	0.01292	0.01961	0.01052	0.01674	0.01435	0.00957	0.01435	0.00813	0.00957	0.00574	0.00431	0.00431	0.00144	0.00670	0.00335	0.00191	0.00670
30	0.00983	0.00562	0.00730	0.00644	0.00814	0.00521	0.00498	0.01249	0.05806	0.19834	0.58594	0.02872	0.03398	0.00826	0.00512	0.00143	0.00261	0.00720	0.00511	0.00522
31	0.00845	0.00422	0.00422	0.00422	0.00528	0.00422	0.00317	0.01056	0.00950	0.01689	0.01478	0.01689	0.01161	0.00528	0.00317	0.00106	0.00211	0.00422	0.86591	0.00422
32	0.01122	0.01077	0.01839	0.02781	0.81248	0.01077	0.01391	0.01391	0.01032	0.01480	0.00852	0.01122	0.00718	0.00404	0.00449	0.00135	0.00538	0.00404	0.00224	0.00718
33	0.00572	0.00460	0.00510	0.00498	0.00635	0.00398	0.00373	0.00721	0.01120	0.01430	0.31101	0.04022	0.54425	0.01071	0.00535	0.00149	0.00224	0.00909	0.00448	0.00398
34	0.00577	0.00413	0.00545	0.00612	0.00659	0.00385	0.00419	0.00689	0.00969	0.01319	0.22492	0.61432	0.03292	0.03184	0.00607	0.00179	0.00254	0.01154	0.00437	0.00381
35	0.02005	0.00787	0.01058	0.00814	0.01163	0.00694	0.00672	0.03986	0.03150	0.77916	0.01773	0.01535	0.01120	0.00562	0.00456	0.00140	0.00388	0.00456	0.00556	0.00770
36	0.00994	0.00831	0.00878	0.00803	0.01018	0.02700	0.00625	0.01825	0.48979	0.04423	0.08561	0.02461	0.18021	0.00771	0.00506	0.00154	0.01909	0.03485	0.00447	0.00608
37	0.00909	0.02344	0.81727	0.01292	0.01961	0.01052	0.01674	0.01435	0.00957	0.01435	0.00813	0.00957	0.00574	0.00431	0.00431	0.00144	0.00670	0.00335	0.00191	0.00670
38	0.00552	0.00394	0.00526	0.00631	0.00657	0.00368	0.00421	0.00631	0.00868	0.01157	0.02498	0.83779	0.02997	0.01420	0.00578	0.00184	0.00263	0.01288	0.00421	0.00368
39	0.00996	0.01852	0.46970	0.01541	0.02116	0.01100	0.33912	0.03423	0.01033	0.01478	0.00863	0.01070	0.00626	0.00413	0.00474	0.00147	0.00704	0.00419	0.00214	0.00648
40	0.10236	0.12239	0.14261	0.00969	0.01357	0.12076	0.02807	0.12972	0.01253	0.25954	0.01094	0.01089	0.00765	0.00484	0.00408	0.00132	0.00525	0.00360	0.00357	0.00664
41	0.00884	0.00834	0.01410	0.74502	0.11385	0.01014	0.01272	0.01182	0.00919	0.01192	0.00810	0.01199	0.00616	0.00448	0.00453	0.00149	0.00597	0.00403	0.00204	0.00526
42	0.00552	0.00394	0.00526	0.00631	0.00657	0.00368	0.00421	0.00631	0.00868	0.01157	0.02498	0.83779	0.02997	0.01420	0.00578	0.00184	0.00263	0.01288	0.00421	0.00368
43	0.03966	0.22413	0.32219	0.01231	0.07528	0.01291	0.05836	0.10996	0.04090	0.03071	0.00856	0.00976	0.00656	0.00447	0.00429	0.00132	0.02616	0.00345	0.00249	0.00654
44	0.00916	0.02214	0.74427	0.01319	0.04224	0.01042	0.02845	0.01443	0.02810	0.01456	0.02679	0.01038	0.00684	0.00445	0.00436	0.00144	0.00650	0.00355	0.00206	0.00666
45	0.01127	0.00973	0.01025	0.00922	0.01178	0.01127	0.00717	0.02408	0.80430	0.01896	0.01844	0.01691	0.01383	0.00615	0.00461	0.00154	0.00359	0.00512	0.00461	0.00717
46	0.87276	0.00876	0.00666	0.00596	0.00876	0.01017	0.00491	0.01332	0.00771	0.02033	0.00631	0.00736	0.00491	0.00421	0.00280	0.00140	0.00351	0.00245	0.00280	0.00491
47	0.01102	0.01057	0.01805	0.08537	0.75642	0.01072	0.01381	0.01374	0.01023	0.01457	0.00849	0.01128	0.00710	0.00407	0.00449	0.00136	0.00543	0.00404	0.00223	0.00702
48	0.01273	0.01013	0.01084	0.00914	0.01191	0.01133	0.00727	0.30161	0.41622	0.02206	0.08652	0.01740	0.04961	0.00640	0.00468	0.00146	0.00391	0.00521	0.00460	0.00696
49	0.01124	0.01120	0.01362	0.07506	0.01381	0.09441	0.00980	0.08689	0.03185	0.01289	0.00704	0.01020	0.00634	0.00705	0.01171	0.00179	0.58353	0.00391	0.00234	0.00532
50	0.01124	0.60525	0.25427	0.00925	0.01395	0.01578	0.01036	0.01380	0.00931	0.01173	0.00683	0.00794	0.00579	0.00400	0.00331	0.00110	0.00538	0.00269	0.00193	0.00607
51	0.00683	0.00480	0.00635	0.00609	0.01907	0.00443	0.00448	0.00897	0.01279	0.03779	0.77843	0.03305	0.04144	0.00909	0.00531	0.00142	0.00223	0.00804	0.00496	0.00440
52	0.00543	0.00429	0.00490	0.00538	0.00633	0.00376	0.00379	0.00641	0.00957	0.01193	0.03629	0.40856	0.45190	0.01273	0.00555	0.00167	0.00245	0.01109	0.00421	0.00376
53	0.00916	0.02294	0.78230	0.01319	0.01979	0.01056	0.05122	0.01436	0.00962	0.01436	0.00818	0.00968	0.00579	0.00428	0.00435	0.00144	0.00674	0.00344	0.00193	0.00667
54	0.00706	0.00590	0.00630	0.00613	0.00775	0.00584	0.00463	0.01128	0.21718	0.01423	0.07852	0.09854	0.45447	0.02923	0.00563	0.00163	0.00276	0.03388	0.00432	0.00470
55	0.84812	0.00886	0.00723	0.00633	0.00919	0.01020	0.02752	0.01335	0.00780	0.02016	0.00639	0.00750	0.00496	0.00420	0.00288	0.00141	0.00362	0.00254	0.00279	0.00494
56	0.00647	0.00485	0.00728	0.00728	0.00809	0.00566	0.00566	0.00809	0.00728	0.01052	0.01214	0.01780	0.01133	0.03398	0.82279	0.00728	0.01214	0.00485	0.00243	0.00405
57	0.01740	0.01252	0.02859	0.01024	0.01389	0.02812	0.00856	0.68361	0.02002	0.11366	0.01152	0.01130	0.00802	0.00542	0.00452	0.00136	0.00495	0.00410	0.00456	0.00764
58	0.00603	0.00437	0.00565	0.00584	0.00662	0.00403	0.00416	0.00756	0.01100	0.01516	0.45640	0.33131	0.08243	0.03092	0.00593	0.00166	0.00238	0.00997	0.00460	0.00399
59	0.01189	0.78227	0.08297	0.00814	0.01223	0.01738	0.00842	0.01363	0.00923	0.01094	0.00644	0.00744	0.00581	0.00391	0.00301	0.00100	0.00498	0.00249	0.00194	0.00588
60	0.01188	0.73831	0.08147	0.00822	0.01221	0.01692	0.00842	0.03292	0.00957	0.01146	0.00706	0.00879	0.00644	0.00420	0.00315	0.00105	0.00497	0.02503	0.00207	0.00588
61	0.00695	0.02600	0.00678	0.00595	0.00739	0.00527	0.00455	0.00995	0.08903	0.01706	0.57419	0.03232	0.15462	0.00899	0.00516	0.00142	0.00240	0.00780	0.00469	0.02946
62	0.02906	0.01011	0.01678	0.04902	0.49055	0.01004	0.09217	0.04760	0.02460	0.12680	0.02890	0.02448	0.01961	0.00471	0.00461	0.00139	0.00519	0.00452	0.00297	0.00689
63	0.00989	0.00843	0.01000	0.03165	0.05063	0.02659	0.00609	0.01191	0.00961	0.03780	0.00867	0.02580	0.00728	0.00373	0.00355	0.00078	0.00365	0.00305	0.00275	0.73814

[dist]
# distance from previous block
# <min> <max>
1	4

[block]
# block no. 1 follows, 57 sequences, length 100
# corresponding to MSA columns:
# 113-155,164-174,183-188,219-236,246-248,258-276
name=unknown_B
#
# <colnr> <probs for GDERKNQSTAVLIFYWHMCP>
#	G	D	E	R	K	N	Q	S	T	A	V	L	I	F	Y	W	H	M	C	P
0	0.01083	0.00979	0.01360	0.01750	0.38357	0.01039	0.01004	0.03435	0.34095	0.01660	0.01597	0.01686	0.07499	0.00569	0.00464	0.00145	0.00436	0.01808	0.00347	0.00687
1	0.01011	0.07188	0.49650	0.01516	0.16291	0.01090	0.05489	0.02635	0.01001	0.03308	0.02575	0.01054	0.00705	0.00442	0.00454	0.00139	0.02392	0.00366	0.00221	0.02473
2	0.00647	0.00485	0.00728	0.00728	0.00809	0.00566	0.00566	0.00809	0.00728	0.01052	0.01214	0.01780	0.01133	0.03398	0.82279	0.00728	0.01214	0.00485	0.00243	0.00405
3	0.01018	0.01082	0.06484	0.27932	0.40491	0.01063	0.11228	0.01345	0.02386	0.01379	0.00861	0.01162	0.00681	0.00422	0.00460	0.00143	0.00592	0.00418	0.00220	0.00634
4	0.01086	0.01014	0.01716	0.19148	0.59993	0.01056	0.02644	0.01389	0.03141	0.03161	0.00891	0.01165	0.00720	0.00423	0.00451	0.00139	0.00547	0.00410	0.00233	0.00673
5	0.01723	0.01269	0.01360	0.01043	0.01405	0.01405	0.00861	0.79738	0.02131	0.02856	0.01088	0.01088	0.00771	0.00544	0.00453	0.00136	0.00499	0.00408	0.00453	0.00771
6	0.00909	0.02344	0.81727	0.01292	0.01961	0.01052	0.01674	0.01435	0.00957	0.01435	0.00813	0.00957	0.00574	0.00431	0.00431	0.00144	0.00670	0.00335	0.00191	0.00670
7	0.00577	0.00419	0.00547	0.00644	0.00680	0.00401	0.00433	0.00708	0.04308	0.01189	0.02469	0.80230	0.02927	0.01385	0.00573	0.00183	0.00267	0.01255	0.00422	0.00383
8	0.00856	0.00805	0.01359	0.82986	0.03121	0.01007	0.01258	0.01158	0.00906	0.01158	0.00805	0.01208	0.00604	0.00453	0.00453	0.00151	0.00604	0.00403	0.00201	0.00503
9	0.00556	0.00396	0.00525	0.00626	0.00651	0.00371	0.00415	0.00632	0.00860	0.01147	0.02459	0.80902	0.02949	0.04362	0.00640	0.00193	0.00269	0.01266	0.00415	0.00365
10	0.00582	0.00438	0.00539	0.00562	0.00653	0.00395	0.00403	0.00722	0.01071	0.01428	0.33213	0.32008	0.24016	0.01159	0.00550	0.00160	0.00235	0.01021	0.00451	0.00395
11	0.00909	0.02344	0.81727	0.01292	0.01961	0.01052	0.01674	0.01435	0.00957	0.01435	0.00813	0.00957	0.00574	0.00431	0.00431	0.00144	0.00670	0.00335	0.00191	0.00670
12	0.01696	0.01256	0.01345	0.01037	0.01395	0.01393	0.00855	0.76297	0.05614	0.02813	0.01122	0.01115	0.00798	0.00547	0.00454	0.00137	0.00492	0.00413	0.00454	0.00768
13	0.00614	0.00444	0.00592	0.00690	0.00742	0.00430	0.00505	0.00764	0.03529	0.01229	0.02452	0.62078	0.02850	0.01353	0.00586	0.00189	0.00303	0.19838	0.00421	0.00391
14	0.00974	0.19899	0.64740	0.01181	0.01790	0.01211	0.01482	0.01418	0.00949	0.01356	0.00774	0.00907	0.00576	0.00421	0.00401	0.00134	0.00630	0.00315	0.00192	0.00651
15	0.40627	0.12830	0.01152	0.00853	0.01129	0.34217	0.00686	0.01530	0.01001	0.01524	0.00659	0.00768	0.00541	0.00435	0.00334	0.00125	0.00559	0.00264	0.00249	0.00517
16	0.00612	0.00455	0.00570	0.00557	0.00663	0.00413	0.00412	0.00794	0.01192	0.01638	0.58641	0.12260	0.18078	0.01020	0.00539	0.00149	0.00222	0.00895	0.00476	0.00413
17	0.00845	0.00422	0.00422	0.00422	0.00528	0.00422	0.00317	0.01056	0.00950	0.01689	0.01478	0.01689	0.01161	0.00528	0.00317	0.00106	0.00211	0.00422	0.86591	0.00422
18	0.01052	0.26566	0.49165	0.01159	0.02862	0.05569	0.03040	0.01454	0.02816	0.01320	0.00780	0.00907	0.00600	0.00423	0.00391	0.00129	0.00615	0.00315	0.00202	0.00636
19	0.00937	0.00910	0.01469	0.64230	0.16773	0.03914	0.02957	0.01228	0.00945	0.01219	0.00812	0.01179	0.00625	0.00443	0.00452	0.00147	0.00604	0.00402	0.00207	0.00544
20	0.00562	0.00461	0.00496	0.00491	0.00633	0.00395	0.00371	0.00700	0.01087	0.01354	0.20916	0.04168	0.62900	0.01102	0.00537	0.00152	0.00230	0.02613	0.00437	0.00393
21	0.00552	0.00394	0.00526	0.00631	0.00657	0.00368	0.00421	0.00631	0.00868	0.01157	0.02498	0.83779	0.02997	0.01420	0.00578	0.00184	0.00263	0.01288	0.00421	0.00368
22	0.01027	0.07222	0.54125	0.01392	0.03676	0.03979	0.16773	0.01470	0.01000	0.03944	0.00850	0.01011	0.00618	0.00423	0.00442	0.00141	0.00670	0.00372	0.00213	0.00652
23	0.00647	0.00485	0.00728	0.00728	0.00809	0.00566	0.00566	0.00809	0.00728	0.01052	0.01214	0.01780	0.01133	0.03398	0.82279	0.00728	0.01214	0.00485	0.00243	0.00405
24	0.01693	0.02160	0.01284	0.01167	0.01401	0.82256	0.00876	0.01809	0.01284	0.01109	0.00700	0.00817	0.00584	0.00467	0.00409	0.00117	0.00817	0.00292	0.00233	0.00525
25	0.00538	0.00448	0.00471	0.00489	0.00620	0.00380	0.00358	0.00647	0.01004	0.01212	0.04227	0.18152	0.67508	0.01195	0.00543	0.00158	0.00235	0.01014	0.00421	0.00380
26	0.00991	0.00991	0.01388	0.01190	0.01190	0.01388	0.00991	0.01091	0.00694	0.01091	0.00595	0.00991	0.00595	0.00793	0.01487	0.00198	0.83246	0.00397	0.00198	0.00496
27	0.01122	0.01077	0.01839	0.02781	0.81248	0.01077	0.01391	0.01391	0.01032	0.01480	0.00852	0.01122	0.00718	0.00404	0.00449	0.00135	0.00538	0.00404	0.00224	0.00718
28	0.00909	0.02344	0.81727	0.01292	0.01961	0.01052	0.01674	0.01435	0.00957	0.01435	0.00813	0.00957	0.00574	0.00431	0.00431	0.00144	0.00670	0.00335	0.00191	0.00670
29	0.00856	0.00805	0.01359	0.82986	0.03121	0.01007	0.01258	0.01158	0.00906	0.01158	0.00805	0.01208	0.00604	0.00453	0.00453	0.00151	0.00604	0.00403	0.00201	0.00503
30	0.01227	0.02653	0.10636	0.01431	0.13328	0.01188	0.14434	0.19388	0.27217	0.01909	0.01232	0.01292	0.00923	0.00503	0.00464	0.00145	0.00523	0.00452	0.00350	0.00704
31	0.01211	0.84348	0.02374	0.00775	0.01163	0.01793	0.00775	0.01357	0.00921	0.01066	0.00630	0.00727	0.00582	0.00388	0.00291	0.00097	0.00485	0.00242	0.00194	0.00582
32	0.01723	0.01269	0.01360	0.01043	0.01405	0.01405	0.00861	0.79738	0.02131	0.02856	0.01088	0.01088	0.00771	0.00544	0.00453	0.00136	0.00499	0.00408	0.00453	0.00771
33	0.01161	0.00990	0.01043	0.00929	0.01191	0.01143	0.00725	0.06762	0.76021	0.01950	0.01802	0.01657	0.01349	0.00611	0.00461	0.00153	0.00366	0.00506	0.00461	0.00720
34	0.00856	0.00805	0.01359	0.82986	0.03121	0.01007	0.01258	0.01158	0.00906	0.01158	0.00805	0.01208	0.00604	0.00453	0.00453	0.00151	0.00604	0.00403	0.00201	0.00503
35	0.00659	0.00439	0.00494	0.00494	0.00494	0.00439	0.00275	0.00659	0.00659	0.00879	0.01428	0.02965	0.01647	0.84075	0.02306	0.00439	0.00439	0.00659	0.00275	0.00275
36	0.01979	0.02482	0.01115	0.00835	0.01187	0.00779	0.00692	0.11673	0.01391	0.70348	0.01679	0.01471	0.01068	0.00555	0.00452	0.00139	0.00401	0.00446	0.00540	0.00767
37	0.01109	0.01064	0.01817	0.06525	0.77602	0.01073	0.01384	0.01380	0.01026	0.01465	0.00850	0.01126	0.00712	0.00406	0.00449	0.00135	0.00541	0.00404	0.00223	0.00708
38	0.87276	0.00876	0.00666	0.00596	0.00876	0.01017	0.00491	0.01332	0.00771	0.02033	0.00631	0.00736	0.00491	0.00421	0.00280	0.00140	0.00351	0.00245	0.00280	0.00491
39	0.00749	0.00543	0.00744	0.00839	0.00950	0.00550	0.00730	0.01007	0.04749	0.01381	0.02373	0.04952	0.02551	0.01222	0.00618	0.00206	0.00415	0.74572	0.00419	0.00431
40	0.01723	0.01269	0.01360	0.01043	0.01405	0.01405	0.00861	0.79738	0.02131	0.02856	0.01088	0.01088	0.00771	0.00544	0.00453	0.00136	0.00499	0.00408	0.00453	0.00771
41	0.01054	0.01331	0.10328	0.01850	0.02329	0.01137	0.72058	0.01450	0.01059	0.01450	0.00907	0.01197	0.00677	0.00387	0.00525	0.00152	0.00755	0.00515	0.00226	0.00617
42	0.01127	0.00973	0.01025	0.00922	0.01178	0.01127	0.00717	0.02408	0.80430	0.01896	0.01844	0.01691	0.01383	0.00615	0.00461	0.00154	0.00359	0.00512	0.00461	0.00717
43	0.00659	0.00439	0.00494	0.00494	0.00494	0.00439	0.00275	0.00659	0.00659	0.00879	0.01428	0.02965	0.01647	0.84075	0.02306	0.00439	0.00439	0.00659	0.00275	0.00275
44	0.01086	0.01096	0.02029	0.08596	0.51114	0.01092	0.23943	0.01409	0.02448	0.01455	0.00885	0.01167	0.00712	0.00405	0.00474	0.00141	0.00605	0.00443	0.00228	0.00671
45	0.01189	0.00959	0.01026	0.00914	0.01177	0.01095	0.00714	0.02394	0.74980	0.07382	0.01840	0.01680	0.01365	0.00611	0.00461	0.00153	0.00360	0.00508	0.00468	0.00721
46	0.00552	0.00394	0.00526	0.00631	0.00657	0.00368	0.00421	0.00631	0.00868	0.01157	0.02498	0.83779	0.02997	0.01420	0.00578	0.00184	0.00263	0.01288	0.00421	0.00368
47	0.00991	0.00991	0.01388	0.01190	0.01190	0.01388	0.00991	0.01091	0.00694	0.01091	0.00595	0.00991	0.00595	0.00793	0.01487	0.00198	0.83246	0.00397	0.00198	0.00496
48	0.81756	0.00959	0.00706	0.00633	0.00910	0.06256	0.00516	0.01363	0.00804	0.01973	0.00635	0.00741	0.00497	0.00424	0.00289	0.00139	0.00381	0.00248	0.00277	0.00493
49	0.00552	0.00394	0.00526	0.00631	0.00657	0.00368	0.00421	0.00631	0.00868	0.01157	0.02498	0.83779	0.02997	0.01420	0.00578	0.00184	0.00263	0.01288	0.00421	0.00368
50	0.00723	0.00491	0.00654	0.00627	0.02313	0.00453	0.00459	0.00936	0.01278	0.05957	0.75287	0.03244	0.04040	0.00897	0.00529	0.00142	0.00229	0.00792	0.00497	0.00451
51	0.01256	0.69660	0.05248	0.00850	0.01223	0.11692	0.00826	0.01411	0.00963	0.01086	0.00645	0.00751	0.00582	0.00406	0.00331	0.00103	0.01937	0.00255	0.00199	0.00576
52	0.01102	0.01056	0.01803	0.08812	0.75374	0.01071	0.01381	0.01373	0.01022	0.01456	0.00849	0.01128	0.00709	0.00407	0.00449	0.00136	0.00543	0.00404	0.00223	0.00702
53	0.87276	0.00876	0.00666	0.00596	0.00876	0.01017	0.00491	0.01332	0.00771	0.02033	0.00631	0.00736	0.00491	0.00421	0.00280	0.00140	0.00351	0.00245	0.00280	0.00491
54	0.00639	0.00463	0.00602	0.00567	0.00675	0.00426	0.00425	0.00850	0.01276	0.01802	0.79055	0.03410	0.06239	0.00932	0.00534	0.00143	0.00214	0.00823	0.00497	0.00426
55	0.01133	0.01098	0.01829	0.02750	0.79710	0.02641	0.01381	0.01399	0.01037	0.01473	0.00849	0.01116	0.00715	0.00405	0.00448	0.00134	0.00544	0.00402	0.00224	0.00714
56	0.00641	0.00463	0.00606	0.00570	0.00677	0.00428	0.00428	0.00855	0.01283	0.01817	0.81009	0.03385	0.04276	0.00926	0.00534	0.00143	0.00214	0.00819	0.00499	0.00428
57	0.01059	0.42949	0.42435	0.01036	0.01566	0.01419	0.01229	0.01396	0.00939	0.01252	0.00722	0.00843	0.00578	0.00409	0.00361	0.00120	0.00578	0.00289	0.00193	0.00626
58	0.00552	0.00394	0.00526	0.00631	0.00657	0.00368	0.00421	0.00631	0.00868	0.01157	0.02498	0.83779	0.02997	0.01420	0.00578	0.00184	0.00263	0.01288	0.00421	0.00368
59	0.87276	0.00876	0.00666	0.00596	0.00876	0.01017	0.00491	0.01332	0.00771	0.02033	0.00631	0.00736	0.00491	0.00421	0.00280	0.00140	0.00351	0.00245	0.00280	0.00491
60	0.00541	0.00461	0.00466	0.00469	0.00621	0.00386	0.00355	0.00658	0.01033	0.01228	0.04532	0.04381	0.78962	0.01150	0.00538	0.00155	0.00235	0.03027	0.00421	0.00383
61	0.00940	0.00805	0.00940	0.00671	0.01074	0.00604	0.00537	0.01141	0.00940	0.01477	0.00805	0.00940	0.00671	0.00336	0.00336	0.00067	0.00336	0.00268	0.00268	0.86845
62	0.00679	0.00599	0.04158	0.02368	0.00902	0.00633	0.00631	0.00837	0.00765	0.01095	0.02611	0.13496	0.01386	0.05236	0.54534	0.00549	0.08240	0.00596	0.00267	0.00417
63	0.00909	0.02344	0.81727	0.01292	0.01961	0.01052	0.01674	0.01435	0.00957	0.01435	0.00813	0.00957	0.00574	0.00431	0.00431	0.00144	0.00670	0.00335	0.00191	0.00670
64	0.00552	0.00394	0.00526	0.00631	0.00657	0.00368	0.00421	0.00631	0.00868	0.01157	0.02498	0.83779	0.02997	0.01420	0.00578	0.00184	0.00263	0.01288	0.00421	0.00368
65	0.00787	0.00394	0.00590	0.00590	0.00590	0.00394	0.00394	0.00590	0.00590	0.00787	0.00787	0.01377	0.00787	0.01574	0.01771	0.86816	0.00394	0.00394	0.00197	0.00197
66	0.01211	0.84348	0.02374	0.00775	0.01163	0.01793	0.00775	0.01357	0.00921	0.01066	0.00630	0.00727	0.00582	0.00388	0.00291	0.00097	0.00485	0.00242	0.00194	0.00582
67	0.01132	0.01103	0.01770	0.05842	0.72318	0.04100	0.01342	0.01433	0.03863	0.01469	0.00880	0.01134	0.00732	0.00416	0.00448	0.00135	0.00545	0.00403	0.00232	0.00702
68	0.00940	0.00805	0.00940	0.00671	0.01074	0.00604	0.00537	0.01141	0.00940	0.01477	0.00805	0.00940	0.00671	0.00336	0.00336	0.00067	0.00336	0.00268	0.00268	0.86845
69	0.01587	0.01189	0.01287	0.00978	0.01348	0.01266	0.00805	0.66089	0.01924	0.02616	0.01039	0.01062	0.00753	0.00508	0.00433	0.00124	0.00470	0.00384	0.00421	0.15717
70	0.01174	0.00581	0.00776	0.00660	0.00861	0.00519	0.00519	0.01373	0.01288	0.32338	0.50689	0.02680	0.03068	0.00786	0.00504	0.00142	0.00280	0.00680	0.00523	0.00559
71	0.00909	0.02344	0.81727	0.01292	0.01961	0.01052	0.01674	0.01435	0.00957	0.01435	0.00813	0.00957	0.00574	0.00431	0.00431	0.00144	0.00670	0.00335	0.00191	0.00670
72	0.00561	0.00460	0.00494	0.00486	0.00628	0.00393	0.00364	0.00699	0.01092	0.01365	0.22802	0.04128	0.62765	0.01095	0.00535	0.00151	0.00226	0.00924	0.00439	0.00393
73	0.01159	0.00966	0.01026	0.00918	0.01178	0.01111	0.00715	0.02401	0.77613	0.04732	0.01842	0.01685	0.01374	0.00613	0.00461	0.00153	0.00360	0.00510	0.00465	0.00719
74	0.01284	0.03181	0.01567	0.01306	0.04357	0.25353	0.18148	0.01798	0.23872	0.02782	0.01086	0.01199	0.00851	0.00528	0.00582	0.00146	0.10628	0.00427	0.00298	0.00608
75	0.00652	0.00466	0.00641	0.00745	0.00816	0.00454	0.00595	0.00804	0.00966	0.01269	0.02442	0.39543	0.02778	0.01325	0.00605	0.00198	0.00350	0.44536	0.00419	0.00396
76	0.01122	0.01077	0.01839	0.02781	0.81248	0.01077	0.01391	0.01391	0.01032	0.01480	0.00852	0.01122	0.00718	0.00404	0.00449	0.00135	0.00538	0.00404	0.00224	0.00718
77	0.01301	0.01068	0.01098	0.00947	0.01223	0.04967	0.00749	0.19542	0.53037	0.04958	0.03302	0.01617	0.01286	0.00610	0.00462	0.00148	0.00411	0.02113	0.00452	0.00710
78	0.01068	0.01218	0.02649	0.01896	0.02346	0.01151	0.78094	0.01445	0.01062	0.01445	0.00911	0.01218	0.00686	0.00390	0.00553	0.00154	0.02347	0.00532	0.00229	0.00609
79	0.00845	0.00422	0.00422	0.00422	0.00528	0.00422	0.00317	0.01056	0.00950	0.01689	0.01478	0.01689	0.01161	0.00528	0.00317	0.00106	0.00211	0.00422	0.86591	0.00422
80	0.00909	0.02344	0.81727	0.01292	0.01961	0.01052	0.01674	0.01435	0.00957	0.01435	0.00813	0.00957	0.00574	0.00431	0.00431	0.00144	0.00670	0.00335	0.00191	0.00670
81	0.01396	0.16745	0.03329	0.01108	0.06868	0.19465	0.00861	0.17641	0.21432	0.03381	0.01127	0.01204	0.00886	0.00518	0.00418	0.00131	0.00535	0.01963	0.00337	0.00654
82	0.00590	0.00422	0.00570	0.00668	0.00712	0.00402	0.00480	0.00699	0.00912	0.01216	0.05426	0.64832	0.02938	0.01409	0.02174	0.00198	0.00308	0.15246	0.00420	0.00380
83	0.00595	0.00440	0.00604	0.00655	0.00721	0.00404	0.03234	0.00693	0.00911	0.02539	0.04142	0.67448	0.13269	0.01323	0.00568	0.00177	0.00277	0.01195	0.00418	0.00386
84	0.00909	0.02344	0.81727	0.01292	0.01961	0.01052	0.01674	0.01435	0.00957	0.01435	0.00813	0.00957	0.00574	0.00431	0.00431	0.00144	0.00670	0.00335	0.00191	0.00670
85	0.01268	0.06670	0.23064	0.06289	0.04587	0.30096	0.11086	0.04966	0.03873	0.01358	0.00884	0.01033	0.01912	0.00458	0.00433	0.00133	0.00690	0.00365	0.00237	0.00599
86	0.01017	0.01044	0.01063	0.00972	0.01071	0.20168	0.00768	0.02783	0.00879	0.01114	0.00911	0.01310	0.00840	0.01894	0.37894	0.00418	0.24740	0.00412	0.00232	0.00467
87	0.00915	0.04134	0.79995	0.01280	0.01944	0.01069	0.01655	0.01433	0.00956	0.01427	0.00809	0.00952	0.00574	0.00430	0.00427	0.00142	0.00666	0.00333	0.00191	0.00668
88	0.12606	0.11676	0.11979	0.00927	0.01311	0.03323	0.02063	0.26695	0.01358	0.10962	0.01072	0.01196	0.01956	0.00505	0.00405	0.00130	0.00479	0.02963	0.00349	0.08047
89	0.01295	0.50986	0.04086	0.00788	0.01140	0.01373	0.00741	0.01565	0.08295	0.16327	0.06685	0.01240	0.02772	0.00497	0.00364	0.00116	0.00435	0.00366	0.00313	0.00617
90	0.00544	0.00459	0.00470	0.00468	0.00617	0.00386	0.00351	0.00666	0.01052	0.01270	0.10509	0.04285	0.75118	0.01130	0.00535	0.00152	0.00228	0.00946	0.00427	0.00386
91	0.01000	0.02180	0.70620	0.01251	0.01873	0.01085	0.01556	0.10709	0.01091	0.01596	0.00854	0.00988	0.00608	0.00502	0.02025	0.00154	0.00660	0.00346	0.00223	0.00676
92	0.01111	0.42843	0.24909	0.02525	0.02875	0.05687	0.03165	0.02487	0.02134	0.01231	0.00754	0.00905	0.00628	0.00572	0.04525	0.00150	0.02385	0.00307	0.00207	0.00599
93	0.00787	0.00394	0.00590	0.00590	0.00590	0.00394	0.00394	0.00590	0.00590	0.00787	0.00787	0.01377	0.00787	0.01574	0.01771	0.86816	0.00394	0.00394	0.00197	0.00197
94	0.00647	0.00485	0.00728	0.00728	0.00809	0.00566	0.00566	0.00809	0.00728	0.01052	0.01214	0.01780	0.01133	0.03398	0.82279	0.00728	0.01214	0.00485	0.00243	0.00405
95	0.00767	0.00592	0.00680	0.00651	0.00674	0.04895	0.00441	0.00779	0.00696	0.00925	0.01181	0.02262	0.01290	0.48744	0.12334	0.12093	0.09877	0.00552	0.00249	0.00319
96	0.01435	0.03248	0.03966	0.01450	0.14438	0.47136	0.04542	0.03083	0.04752	0.01260	0.00784	0.00952	0.00651	0.00495	0.00543	0.00133	0.09972	0.00345	0.00240	0.00576
97	0.00948	0.02603	0.05715	0.02981	0.08442	0.02885	0.02303	0.02684	0.00811	0.01179	0.00901	0.07470	0.00898	0.05198	0.09139	0.00246	0.44379	0.00481	0.00232	0.00506
98	0.01054	0.01226	0.04236	0.01867	0.02320	0.01126	0.76172	0.01432	0.01063	0.01444	0.00951	0.03137	0.00739	0.00407	0.00534	0.00153	0.00750	0.00548	0.00233	0.00607
99	0.46650	0.16598	0.16098	0.03842	0.01269	0.02868	0.02922	0.01377	0.00866	0.03020	0.00700	0.00821	0.00545	0.00420	0.00329	0.00133	0.00465	0.00279	0.00247	0.00550

[dist]
# distance from previous block
# <min> <max>
0	1

[block]
# block no. 2 follows, 57 sequences, length 15
# corresponding to MSA columns:
# 279-293
name=unknown_C
#
# <colnr> <probs for GDERKNQSTAVLIFYWHMCP>
#	G	D	E	R	K	N	Q	S	T	A	V	L	I	F	Y	W	H	M	C	P
0	0.04084	0.06135	0.15363	0.01671	0.25369	0.06230	0.15858	0.04492	0.02284	0.01497	0.05331	0.01439	0.07237	0.00503	0.00456	0.00139	0.00565	0.00462	0.00263	0.00622
1	0.02867	0.00806	0.06286	0.01093	0.16183	0.00704	0.02624	0.03392	0.07246	0.04973	0.25761	0.02653	0.22039	0.00775	0.00494	0.00144	0.00352	0.00672	0.00394	0.00540
2	0.03835	0.22377	0.01423	0.00820	0.01191	0.01178	0.00703	0.22218	0.07502	0.05465	0.00957	0.01005	0.00746	0.00439	0.00369	0.00105	0.00422	0.00326	0.00327	0.28593
3	0.00552	0.00394	0.00526	0.00631	0.00657	0.00368	0.00421	0.00631	0.00868	0.01157	0.02498	0.83779	0.02997	0.01420	0.00578	0.00184	0.00263	0.01288	0.00421	0.00368
4	0.00921	0.00892	0.04103	0.03094	0.33010	0.00840	0.05471	0.04225	0.06564	0.01464	0.02159	0.03608	0.24170	0.00721	0.00495	0.00150	0.00440	0.06767	0.00323	0.00582
5	0.01078	0.10479	0.04094	0.10791	0.15977	0.02617	0.13564	0.04615	0.08025	0.03337	0.01148	0.03816	0.04853	0.00561	0.00609	0.00149	0.12953	0.00467	0.00269	0.00598
6	0.00772	0.00658	0.00925	0.00855	0.00894	0.00839	0.00670	0.00885	0.00705	0.01037	0.01028	0.01692	0.01025	0.15602	0.40455	0.00492	0.30337	0.00482	0.00232	0.00416
7	0.00551	0.00397	0.00523	0.00623	0.00655	0.00369	0.00417	0.00632	0.00875	0.01160	0.02595	0.80092	0.06621	0.01407	0.00576	0.00183	0.00261	0.01273	0.00421	0.00369
8	0.00839	0.00419	0.00440	0.00440	0.00534	0.00419	0.00325	0.01007	0.00912	0.01594	0.01406	0.01657	0.01122	0.00638	0.00470	0.09226	0.00230	0.00419	0.77504	0.00399
9	0.01344	0.01295	0.19036	0.04493	0.04054	0.01040	0.00982	0.20860	0.16203	0.15219	0.01236	0.01238	0.00881	0.00505	0.00438	0.00135	0.00480	0.00404	0.00377	0.09779
10	0.01106	0.41662	0.26150	0.01251	0.12607	0.03718	0.03260	0.01389	0.00957	0.01246	0.00738	0.00889	0.00613	0.00469	0.02103	0.00132	0.00580	0.00307	0.00200	0.00623
11	0.10081	0.00979	0.01293	0.33838	0.08055	0.09297	0.06100	0.01279	0.03019	0.03268	0.02790	0.04922	0.04497	0.00565	0.00541	0.00151	0.08081	0.00460	0.00258	0.00526
12	0.01248	0.00640	0.00829	0.00706	0.00921	0.00603	0.00554	0.01549	0.09564	0.33550	0.34422	0.02380	0.02469	0.03850	0.04471	0.00181	0.00353	0.00620	0.00499	0.00588
13	0.00571	0.00408	0.00547	0.00652	0.00687	0.00384	0.00453	0.00663	0.00886	0.01178	0.02487	0.75505	0.02956	0.01402	0.00583	0.00187	0.00279	0.09378	0.00420	0.00373
14	0.01264	0.03134	0.03367	0.07790	0.44237	0.00978	0.02603	0.03192	0.01083	0.18178	0.01180	0.03844	0.02356	0.00513	0.00487	0.00141	0.02945	0.01719	0.00308	0.00680

[dist]
# distance from previous block
# <min> <max>
1	5

[block]
# block no. 3 follows, 57 sequences, length 20
# corresponding to MSA columns:
# 300-319
name=unknown_D
#
# <colnr> <probs for GDERKNQSTAVLIFYWHMCP>
#	G	D	E	R	K	N	Q	S	T	A	V	L	I	F	Y	W	H	M	C	P
0	0.07548	0.11126	0.11960	0.01208	0.07609	0.06903	0.11138	0.06445	0.15699	0.05778	0.02256	0.04312	0.00941	0.00579	0.02034	0.00152	0.02939	0.00437	0.00308	0.00627
1	0.11718	0.45201	0.11034	0.00885	0.01252	0.09484	0.00862	0.06922	0.01014	0.01358	0.00706	0.00829	0.00599	0.00516	0.02705	0.00134	0.03690	0.00283	0.00228	0.00580
2	0.01305	0.37982	0.01715	0.09107	0.03015	0.01354	0.00815	0.14590	0.03655	0.11153	0.03272	0.02608	0.02183	0.00508	0.00420	0.00123	0.03277	0.00376	0.00309	0.02234
3	0.01323	0.03146	0.09665	0.02686	0.18061	0.03535	0.03763	0.35337	0.05364	0.02101	0.09425	0.01343	0.01123	0.00534	0.00457	0.00137	0.00508	0.00445	0.00360	0.00689
4	0.00970	0.00459	0.00489	0.00463	0.00594	0.00448	0.00354	0.01177	0.00987	0.10094	0.01511	0.01674	0.01157	0.00531	0.00331	0.00109	0.00230	0.00426	0.77538	0.00459
5	0.00562	0.00404	0.00547	0.00641	0.00673	0.00389	0.00436	0.00650	0.00853	0.01146	0.02362	0.75151	0.02801	0.01628	0.09175	0.00241	0.00363	0.01204	0.00402	0.00372
6	0.01017	0.05029	0.03589	0.02399	0.21856	0.07863	0.04518	0.04863	0.02722	0.03240	0.01396	0.03877	0.09338	0.03237	0.17589	0.00271	0.05865	0.00499	0.00276	0.00555
7	0.00952	0.14089	0.70362	0.01218	0.01847	0.01158	0.01545	0.01424	0.00952	0.01382	0.00787	0.00924	0.00575	0.00424	0.00410	0.00137	0.00643	0.00322	0.00192	0.00657
8	0.01093	0.04381	0.08217	0.04194	0.28300	0.02698	0.06820	0.02964	0.10326	0.08383	0.06355	0.01752	0.11389	0.00575	0.00465	0.00141	0.00478	0.00512	0.00323	0.00634
9	0.23379	0.04420	0.02068	0.00645	0.00802	0.00687	0.00493	0.03210	0.04027	0.01513	0.08050	0.36073	0.05238	0.04899	0.00548	0.00170	0.00318	0.00794	0.00368	0.02298
10	0.02449	0.13932	0.07763	0.10021	0.18791	0.05007	0.07848	0.04370	0.03327	0.04276	0.01975	0.01076	0.00736	0.00435	0.00441	0.00124	0.02941	0.00367	0.00254	0.13866
11	0.27586	0.02713	0.11290	0.00904	0.03100	0.05646	0.02476	0.06477	0.12502	0.04846	0.03747	0.01215	0.03481	0.00507	0.00417	0.00135	0.02792	0.00376	0.00319	0.09471
12	0.15051	0.08069	0.10565	0.02197	0.10620	0.08268	0.02100	0.02873	0.04682	0.06407	0.02707	0.07656	0.01012	0.00674	0.00558	0.09258	0.00475	0.02922	0.00290	0.03615
13	0.05536	0.06631	0.06745	0.04468	0.26243	0.04329	0.03869	0.08340	0.06590	0.05304	0.02714	0.03866	0.00937	0.00504	0.00436	0.00134	0.01597	0.00428	0.09375	0.01955
14	0.21219	0.10400	0.10874	0.01202	0.15334	0.04384	0.04094	0.06017	0.01021	0.03905	0.02909	0.01032	0.00742	0.01798	0.00408	0.00128	0.00478	0.00338	0.00268	0.13448
15	0.14347	0.08686	0.14967	0.03996	0.23776	0.03401	0.03865	0.04955	0.02101	0.03682	0.03228	0.02863	0.04928	0.00496	0.00414	0.00135	0.00501	0.00411	0.00270	0.02977
16	0.06481	0.10130	0.08801	0.06876	0.25580	0.09046	0.02358	0.09628	0.03009	0.02842	0.01009	0.03436	0.02708	0.02920	0.00475	0.00141	0.00533	0.00406	0.00269	0.03352
17	0.09544	0.06893	0.07602	0.04383	0.21577	0.03327	0.03321	0.02514	0.05668	0.09695	0.02089	0.01403	0.03444	0.01778	0.00447	0.00135	0.00471	0.03349	0.00300	0.12061
18	0.06020	0.07274	0.12309	0.11500	0.25330	0.05139	0.05253	0.03761	0.01034	0.01462	0.04273	0.01262	0.04229	0.00466	0.00424	0.00130	0.00528	0.00402	0.00250	0.08953
19	0.05111	0.08532	0.06447	0.04234	0.23460	0.05636	0.03164	0.10595	0.05438	0.05620	0.01077	0.02357	0.03809	0.00526	0.00539	0.00140	0.09215	0.00413	0.00288	0.03400

[dist]
# distance from previous block
# <min> <max>
0	180

# created by:
# /st0/software/busco_prod/Augustus/scripts/msa2prfl.pl ./align_prep/114751.fa
