[name]
unknown

[dist]
# distance from previous block
# <min> <max>
0	44

[block]
# block no. 0 follows, 61 sequences, length 47
# corresponding to MSA columns:
# 173-177,179-197,200-222
name=unknown_A
#
# <colnr> <probs for GDERKNQSTAVLIFYWHMCP>
#	G	D	E	R	K	N	Q	S	T	A	V	L	I	F	Y	W	H	M	C	P
0	0.00694	0.00496	0.00694	0.00793	0.00892	0.00496	0.00694	0.00892	0.00992	0.01289	0.02281	0.04859	0.02479	0.01190	0.00595	0.00198	0.00397	0.79275	0.00397	0.00397
1	0.00981	0.00918	0.01454	0.29975	0.40673	0.01009	0.01164	0.01420	0.15352	0.01374	0.00964	0.01191	0.00759	0.00436	0.00430	0.00137	0.00502	0.00402	0.00246	0.00613
2	0.01016	0.01018	0.01789	0.01592	0.16122	0.01028	0.36585	0.01613	0.25814	0.01537	0.06353	0.01414	0.01082	0.00468	0.00472	0.00142	0.00535	0.00497	0.00302	0.00619
3	0.00512	0.00425	0.00448	0.00466	0.00590	0.00361	0.00340	0.00615	0.00954	0.01152	0.04007	0.18561	0.67815	0.01137	0.00516	0.00151	0.00224	0.00966	0.00400	0.00361
4	0.00893	0.01002	0.06027	0.00760	0.00914	0.24027	0.00603	0.01062	0.01117	0.01380	0.36852	0.19435	0.02582	0.00824	0.00476	0.00137	0.00405	0.00700	0.00368	0.00436
5	0.03819	0.00856	0.00946	0.00799	0.01041	0.00928	0.00634	0.24156	0.28426	0.08227	0.21924	0.01859	0.03222	0.00640	0.00450	0.00137	0.00343	0.00529	0.00447	0.00618
6	0.01437	0.01914	0.15821	0.01153	0.03878	0.54345	0.00974	0.10751	0.01237	0.01311	0.00744	0.00863	0.00591	0.00516	0.02515	0.00133	0.00718	0.00305	0.00239	0.00554
7	0.01012	0.01112	0.02319	0.07245	0.16621	0.01069	0.61287	0.01351	0.01000	0.01367	0.00854	0.01144	0.00654	0.00371	0.00489	0.00142	0.00678	0.00478	0.00215	0.00593
8	0.00990	0.00851	0.03490	0.16530	0.06888	0.00915	0.00787	0.05666	0.36651	0.03296	0.06223	0.01597	0.03454	0.00554	0.00425	0.00137	0.00385	0.00469	0.10104	0.00589
9	0.00592	0.00440	0.00551	0.00523	0.00632	0.00399	0.00392	0.00778	0.01177	0.01626	0.68043	0.03384	0.18032	0.00918	0.00508	0.00137	0.00206	0.00802	0.00461	0.00399
10	0.01005	0.01303	0.21367	0.02129	0.55119	0.02007	0.01321	0.01356	0.04611	0.01400	0.00896	0.03934	0.00751	0.00433	0.00427	0.00132	0.00529	0.00400	0.00222	0.00657
11	0.00516	0.00435	0.00447	0.00448	0.00587	0.00366	0.00335	0.00630	0.00992	0.01197	0.09228	0.06546	0.74631	0.01085	0.00510	0.00146	0.00218	0.00910	0.00405	0.00366
12	0.00893	0.00766	0.00893	0.00638	0.01021	0.00574	0.00510	0.01085	0.00893	0.01404	0.00766	0.00893	0.00638	0.00319	0.00319	0.00064	0.00319	0.00255	0.00255	0.87495
13	0.00977	0.10300	0.39299	0.03118	0.35229	0.01082	0.01384	0.01335	0.00935	0.01341	0.00770	0.00956	0.00604	0.00395	0.00403	0.00128	0.00565	0.00337	0.00195	0.00644
14	0.49813	0.19535	0.02162	0.00726	0.01010	0.18273	0.00616	0.01367	0.00868	0.01541	0.00616	0.00717	0.00505	0.00402	0.00296	0.00120	0.00458	0.00243	0.00238	0.00494
15	0.00598	0.00410	0.00490	0.00516	0.00599	0.00378	0.00369	0.00739	0.00978	0.01381	0.24539	0.31303	0.17688	0.01011	0.00483	0.00144	0.00222	0.00886	0.16888	0.00378
16	0.03761	0.01243	0.17183	0.01344	0.18097	0.01081	0.03317	0.12603	0.33337	0.01752	0.01207	0.01240	0.00909	0.00487	0.00426	0.00138	0.00463	0.00412	0.00329	0.00671
17	0.03829	0.00570	0.00730	0.00618	0.00823	0.00513	0.00489	0.01353	0.01171	0.34966	0.34951	0.02391	0.08837	0.00715	0.00457	0.00133	0.00276	0.00606	0.06034	0.00539
18	0.01261	0.01058	0.01265	0.01237	0.13983	0.02235	0.00872	0.30031	0.27328	0.01944	0.01157	0.01208	0.00886	0.00552	0.00578	0.00143	0.12819	0.00416	0.00360	0.00667
19	0.00717	0.00464	0.00607	0.00579	0.00689	0.00430	0.00431	0.00917	0.02944	0.08449	0.59102	0.17615	0.03531	0.00929	0.00508	0.00143	0.00228	0.00823	0.00465	0.00430
20	0.01067	0.02783	0.01669	0.05877	0.64676	0.04631	0.01242	0.01298	0.00949	0.01330	0.00771	0.01036	0.00657	0.00429	0.00530	0.00134	0.09699	0.00375	0.00209	0.00640
21	0.17150	0.00983	0.01042	0.00823	0.01135	0.03505	0.00676	0.36298	0.01475	0.27012	0.01166	0.01125	0.00799	0.00498	0.00395	0.00129	0.00413	0.00371	0.04341	0.00663
22	0.00859	0.00812	0.01374	0.69277	0.17162	0.00969	0.01219	0.01140	0.00883	0.01156	0.00774	0.01134	0.00594	0.00422	0.00430	0.00141	0.00563	0.00383	0.00195	0.00515
23	0.00736	0.00591	0.00727	0.02929	0.02216	0.00615	0.01406	0.01879	0.22597	0.01481	0.21063	0.23884	0.09726	0.00938	0.00503	0.00155	0.00293	0.07372	0.00417	0.00472
24	0.00603	0.00436	0.00544	0.00519	0.00607	0.00404	0.00373	0.00761	0.01090	0.01514	0.60115	0.03235	0.11039	0.15951	0.00810	0.00187	0.00243	0.00764	0.00429	0.00376
25	0.01063	0.00924	0.01010	0.00969	0.05639	0.01059	0.00713	0.02211	0.75771	0.01771	0.01737	0.01613	0.02418	0.00580	0.00439	0.00145	0.00349	0.00487	0.00425	0.00677
26	0.00590	0.00435	0.00525	0.00505	0.00598	0.00399	0.00362	0.00735	0.01059	0.01440	0.49946	0.03356	0.21255	0.15979	0.00810	0.00188	0.00245	0.00781	0.00419	0.00371
27	0.00992	0.00902	0.01320	0.06923	0.40833	0.00957	0.00993	0.02717	0.24754	0.01499	0.03537	0.01516	0.06209	0.00636	0.04193	0.00161	0.00466	0.00462	0.00302	0.00629
28	0.87904	0.00833	0.00633	0.00566	0.00833	0.00966	0.00467	0.01266	0.00733	0.01933	0.00600	0.00700	0.00467	0.00400	0.00267	0.00133	0.00333	0.00233	0.00267	0.00467
29	0.00911	0.01026	0.15540	0.00754	0.01169	0.00668	0.00711	0.01198	0.04101	0.03123	0.02613	0.00988	0.00733	0.00363	0.00346	0.00083	0.00375	0.00291	0.00260	0.64748
30	0.00835	0.00777	0.01292	0.81707	0.02925	0.00967	0.01187	0.03138	0.00891	0.01142	0.00772	0.01146	0.00578	0.00433	0.00431	0.00143	0.00572	0.00383	0.00198	0.00485
31	0.87904	0.00833	0.00633	0.00566	0.00833	0.00966	0.00467	0.01266	0.00733	0.01933	0.00600	0.00700	0.00467	0.00400	0.00267	0.00133	0.00333	0.00233	0.00267	0.00467
32	0.00852	0.00702	0.00867	0.00930	0.11449	0.00737	0.00622	0.03148	0.29264	0.01686	0.32804	0.02342	0.08476	0.00707	0.00464	0.00138	0.00299	0.00614	0.03356	0.00543
33	0.00724	0.00524	0.00642	0.00670	0.00752	0.00527	0.00475	0.14962	0.01040	0.01389	0.02134	0.69608	0.02470	0.01200	0.00529	0.00167	0.00290	0.01075	0.00405	0.00418
34	0.00981	0.00873	0.01308	0.04111	0.42419	0.00906	0.00971	0.05664	0.13482	0.01599	0.20011	0.01653	0.01571	0.00546	0.00465	0.00134	0.01882	0.00493	0.00320	0.00611
35	0.00857	0.00818	0.01333	0.62516	0.08970	0.01027	0.01161	0.01107	0.00835	0.01114	0.00733	0.01105	0.00581	0.00485	0.00606	0.00150	0.15533	0.00382	0.00193	0.00493
36	0.01429	0.23047	0.01528	0.01029	0.06452	0.12870	0.00814	0.39123	0.04305	0.01896	0.00890	0.00946	0.00688	0.00462	0.00382	0.00117	0.00504	0.00335	0.02545	0.00640
37	0.00658	0.00415	0.00458	0.00458	0.00476	0.00415	0.00268	0.00694	0.00676	0.00973	0.01366	0.02602	0.01483	0.69743	0.01854	0.00361	0.00379	0.00586	0.15851	0.00286
38	0.01161	0.01080	0.01557	0.15747	0.49312	0.06356	0.01179	0.15543	0.01164	0.01568	0.00834	0.01055	0.00665	0.00419	0.00425	0.00130	0.00532	0.00378	0.00249	0.00646
39	0.00965	0.00957	0.01396	0.01402	0.15655	0.01266	0.01010	0.01088	0.00717	0.01103	0.00609	0.00965	0.00586	0.00688	0.01237	0.00178	0.69098	0.00378	0.00193	0.00509
40	0.00632	0.00413	0.00567	0.00627	0.00681	0.00402	0.00440	0.00727	0.00827	0.06322	0.02112	0.64374	0.02417	0.01634	0.15346	0.00265	0.00419	0.01037	0.00378	0.00381
41	0.01740	0.00973	0.01022	0.00819	0.01120	0.15433	0.00658	0.05490	0.01254	0.56254	0.06619	0.01416	0.01138	0.00531	0.00426	0.00127	0.00433	0.00419	0.00459	0.03668
42	0.00579	0.00421	0.00556	0.00632	0.00697	0.00398	0.00475	0.00705	0.00928	0.01225	0.11093	0.46283	0.10316	0.01231	0.00554	0.00174	0.00282	0.22675	0.00407	0.00370
43	0.01181	0.62150	0.01929	0.00797	0.01130	0.09317	0.00736	0.01510	0.15339	0.01159	0.00812	0.00863	0.00690	0.00414	0.00316	0.00104	0.00469	0.00281	0.00233	0.00571
44	0.00565	0.00442	0.00491	0.00502	0.00611	0.00396	0.00375	0.00676	0.00940	0.01172	0.10279	0.03929	0.49464	0.16100	0.00823	0.00201	0.00278	0.12022	0.00381	0.00354
45	0.00909	0.00764	0.01110	0.33212	0.01776	0.00916	0.01936	0.15262	0.01007	0.01366	0.02231	0.01316	0.00818	0.01365	0.26670	0.00318	0.07862	0.00416	0.00251	0.00494
46	0.00671	0.00511	0.00704	0.03670	0.04581	0.00503	0.00655	0.00851	0.00974	0.01253	0.02541	0.09564	0.16607	0.01120	0.00563	0.00182	0.00367	0.53898	0.00382	0.00404

[dist]
# distance from previous block
# <min> <max>
0	1

[block]
# block no. 1 follows, 61 sequences, length 105
# corresponding to MSA columns:
# 224-239,242-330
name=unknown_B
#
# <colnr> <probs for GDERKNQSTAVLIFYWHMCP>
#	G	D	E	R	K	N	Q	S	T	A	V	L	I	F	Y	W	H	M	C	P
0	0.03389	0.06783	0.17022	0.01194	0.07984	0.33243	0.01001	0.16902	0.03271	0.01501	0.00788	0.00895	0.00615	0.00454	0.00427	0.00124	0.03237	0.00320	0.00257	0.00592
1	0.01043	0.17136	0.02667	0.05399	0.17305	0.00960	0.01631	0.05923	0.00982	0.03345	0.00782	0.00927	0.00642	0.00366	0.00351	0.00094	0.00417	0.00298	0.00245	0.39486
2	0.02442	0.01154	0.01343	0.45157	0.16360	0.22233	0.01105	0.02977	0.00998	0.01189	0.00751	0.01028	0.00590	0.00427	0.00416	0.00132	0.00610	0.00353	0.00209	0.00525
3	0.00786	0.00661	0.00963	0.03652	0.22970	0.00671	0.01616	0.01095	0.12616	0.02262	0.06392	0.38809	0.03953	0.00895	0.00491	0.00153	0.00347	0.00813	0.00352	0.00503
4	0.00524	0.00391	0.00488	0.00560	0.00615	0.00355	0.00383	0.00611	0.00874	0.01136	0.05537	0.63191	0.21219	0.01274	0.00539	0.00167	0.00241	0.01136	0.00402	0.00355
5	0.00932	0.00854	0.01403	0.08775	0.53497	0.00865	0.01080	0.01191	0.02424	0.01440	0.16561	0.03041	0.01453	0.00539	0.00452	0.00135	0.00445	0.04041	0.00277	0.00594
6	0.00692	0.00534	0.00643	0.00600	0.00731	0.00532	0.00454	0.01085	0.16664	0.01705	0.61375	0.02968	0.08666	0.00837	0.00495	0.00138	0.00231	0.00731	0.00462	0.00457
7	0.00917	0.01910	0.61657	0.01478	0.17302	0.01010	0.01480	0.01417	0.06223	0.01401	0.00845	0.00986	0.00623	0.00416	0.00414	0.00135	0.00593	0.00342	0.00205	0.00648
8	0.00962	0.00898	0.01508	0.02250	0.66449	0.00894	0.01144	0.01183	0.00951	0.01348	0.01112	0.17170	0.01100	0.00570	0.00450	0.00137	0.00461	0.00546	0.00249	0.00618
9	0.00748	0.00374	0.00561	0.00561	0.00561	0.00374	0.00374	0.00561	0.00561	0.00748	0.00748	0.01309	0.00748	0.01496	0.01684	0.87467	0.00374	0.00374	0.00187	0.00187
10	0.00687	0.00519	0.00634	0.00597	0.00597	0.00592	0.00392	0.00706	0.00633	0.00874	0.01205	0.02457	0.01373	0.68643	0.02042	0.00373	0.16549	0.00578	0.00247	0.00302
11	0.87904	0.00833	0.00633	0.00566	0.00833	0.00966	0.00467	0.01266	0.00733	0.01933	0.00600	0.00700	0.00467	0.00400	0.00267	0.00133	0.00333	0.00233	0.00267	0.00467
12	0.01229	0.00984	0.01261	0.01420	0.25625	0.01064	0.00893	0.14482	0.38056	0.08284	0.01350	0.01341	0.01011	0.00509	0.00433	0.00137	0.00416	0.00436	0.00377	0.00694
13	0.01017	0.00974	0.01660	0.18298	0.66901	0.01011	0.01298	0.01279	0.00958	0.01348	0.00802	0.01082	0.00661	0.00393	0.00427	0.00131	0.00524	0.00384	0.00209	0.00643
14	0.01066	0.01023	0.01748	0.02644	0.82174	0.01023	0.01322	0.01322	0.00981	0.01407	0.00810	0.01066	0.00682	0.00384	0.00426	0.00128	0.00512	0.00384	0.00213	0.00682
15	0.00863	0.01861	0.61541	0.01159	0.01631	0.01024	0.01379	0.01252	0.00843	0.01266	0.00771	0.01042	0.00617	0.06036	0.00720	0.00165	0.16711	0.00350	0.00188	0.00580
16	0.00887	0.00474	0.00623	0.00627	0.00743	0.00424	0.00453	0.00989	0.00946	0.22155	0.02394	0.55212	0.10132	0.01113	0.00516	0.00161	0.00277	0.00989	0.00434	0.00450
17	0.01933	0.00733	0.01000	0.00766	0.01100	0.00633	0.00633	0.02099	0.01233	0.82473	0.01699	0.01466	0.01066	0.00533	0.00433	0.00133	0.00367	0.00433	0.00533	0.00733
18	0.01595	0.00733	0.00941	0.00767	0.01040	0.00685	0.00614	0.12203	0.03800	0.53689	0.01743	0.17441	0.01374	0.00690	0.00456	0.00141	0.00357	0.00582	0.00491	0.00657
19	0.00610	0.00440	0.00576	0.00542	0.00644	0.00406	0.00406	0.00813	0.01219	0.01727	0.81947	0.03218	0.04064	0.00881	0.00508	0.00135	0.00203	0.00779	0.00474	0.00406
20	0.06701	0.01018	0.01235	0.62394	0.02511	0.16804	0.01078	0.01231	0.00922	0.01146	0.00735	0.01047	0.00563	0.00431	0.00412	0.00137	0.00597	0.00353	0.00202	0.00482
21	0.01071	0.00925	0.00974	0.00877	0.01120	0.01071	0.00682	0.02289	0.81396	0.01802	0.01753	0.01607	0.01315	0.00584	0.00438	0.00146	0.00341	0.00487	0.00438	0.00682
22	0.00590	0.00440	0.00549	0.00522	0.00632	0.00398	0.00391	0.00775	0.01174	0.01619	0.66987	0.03397	0.19093	0.00921	0.00508	0.00137	0.00206	0.00804	0.00460	0.00398
23	0.00929	0.00524	0.00551	0.00517	0.00660	0.00546	0.00396	0.01324	0.16447	0.06968	0.01492	0.01597	0.01142	0.00520	0.00336	0.00111	0.00239	0.00420	0.64802	0.00477
24	0.01657	0.01175	0.01273	0.00976	0.01320	0.01290	0.00807	0.75560	0.01973	0.07966	0.01078	0.01063	0.00755	0.00518	0.00431	0.00130	0.00467	0.00391	0.00438	0.00733
25	0.00862	0.00833	0.01161	0.01028	0.01033	0.01132	0.00838	0.00952	0.00692	0.01049	0.00914	0.17070	0.01006	0.00869	0.01247	0.00186	0.67909	0.00540	0.00229	0.00448
26	0.00537	0.00426	0.00484	0.00494	0.00606	0.00372	0.00361	0.00664	0.01011	0.01293	0.23533	0.19422	0.47096	0.01088	0.00517	0.00149	0.00221	0.00937	0.00419	0.00372
27	0.00867	0.02778	0.58332	0.22593	0.02139	0.01003	0.02621	0.02428	0.00914	0.01311	0.00774	0.00974	0.00557	0.00415	0.00415	0.00138	0.00617	0.00338	0.00188	0.00595
28	0.01609	0.02053	0.01221	0.01110	0.01332	0.83132	0.00832	0.01720	0.01221	0.01054	0.00666	0.00777	0.00555	0.00444	0.00388	0.00111	0.00777	0.00277	0.00222	0.00499
29	0.17509	0.00559	0.00680	0.00747	0.00877	0.00585	0.00646	0.00961	0.00940	0.01411	0.01958	0.05138	0.02096	0.01040	0.00531	0.00185	0.00382	0.62975	0.00372	0.00409
30	0.00550	0.00426	0.00509	0.00564	0.00657	0.00384	0.00424	0.00664	0.00928	0.01165	0.03250	0.33051	0.38357	0.01203	0.00540	0.00166	0.00264	0.16133	0.00399	0.00365
31	0.01030	0.00966	0.01513	0.02158	0.61172	0.00989	0.01133	0.01462	0.16488	0.01467	0.01226	0.01373	0.06158	0.00469	0.00434	0.00133	0.00459	0.00438	0.00269	0.00661
32	0.71326	0.00814	0.00704	0.00605	0.00884	0.00902	0.00499	0.01427	0.00829	0.17463	0.00812	0.00848	0.00582	0.00426	0.00299	0.00133	0.00340	0.00272	0.00318	0.00518
33	0.00610	0.00440	0.00576	0.00542	0.00644	0.00406	0.00406	0.00813	0.01219	0.01727	0.81947	0.03218	0.04064	0.00881	0.00508	0.00135	0.00203	0.00779	0.00474	0.00406
34	0.01071	0.00925	0.00974	0.00877	0.01120	0.01071	0.00682	0.02289	0.81396	0.01802	0.01753	0.01607	0.01315	0.00584	0.00438	0.00146	0.00341	0.00487	0.00438	0.00682
35	0.01033	0.00973	0.01633	0.03518	0.73093	0.00977	0.01231	0.02400	0.00979	0.01397	0.02764	0.01209	0.00809	0.04466	0.01581	0.00149	0.00509	0.00406	0.00225	0.00650
36	0.87904	0.00833	0.00633	0.00566	0.00833	0.00966	0.00467	0.01266	0.00733	0.01933	0.00600	0.00700	0.00467	0.00400	0.00267	0.00133	0.00333	0.00233	0.00267	0.00467
37	0.00623	0.00431	0.00536	0.00536	0.00558	0.00453	0.00343	0.00669	0.00646	0.00884	0.01297	0.02485	0.01421	0.60702	0.26154	0.00499	0.00635	0.00578	0.00252	0.00298
38	0.00840	0.00901	0.04293	0.01311	0.01608	0.00810	0.46294	0.01122	0.01020	0.01397	0.16805	0.15412	0.01741	0.00659	0.00515	0.00150	0.00531	0.03784	0.00303	0.00504
39	0.00615	0.00462	0.00692	0.00692	0.00769	0.00538	0.00538	0.00769	0.00692	0.01000	0.01154	0.01692	0.01077	0.03231	0.83154	0.00692	0.01154	0.00462	0.00231	0.00385
40	0.00978	0.00911	0.01522	0.02239	0.66453	0.00904	0.01145	0.01224	0.01027	0.01469	0.16456	0.01481	0.01334	0.00480	0.00442	0.00129	0.00452	0.00460	0.00264	0.00629
41	0.00694	0.00496	0.00694	0.00793	0.00892	0.00496	0.00694	0.00892	0.00992	0.01289	0.02281	0.04859	0.02479	0.01190	0.00595	0.00198	0.00397	0.79275	0.00397	0.00397
42	0.00862	0.00815	0.01380	0.68172	0.18241	0.00970	0.01221	0.01143	0.00884	0.01160	0.00774	0.01133	0.00595	0.00422	0.00430	0.00141	0.00562	0.00383	0.00196	0.00518
43	0.01803	0.00716	0.00967	0.00754	0.01069	0.00621	0.00616	0.02929	0.01205	0.73570	0.01706	0.06915	0.01166	0.00580	0.00437	0.00134	0.00359	0.00479	0.00514	0.03458
44	0.00590	0.00440	0.00549	0.00522	0.00632	0.00398	0.00391	0.00775	0.01174	0.01619	0.66987	0.03397	0.19093	0.00921	0.00508	0.00137	0.00206	0.00804	0.00460	0.00398
45	0.00704	0.00592	0.00863	0.00812	0.00868	0.00751	0.00648	0.00842	0.00683	0.01010	0.00994	0.01488	0.00938	0.02557	0.60922	0.00555	0.23707	0.00439	0.00219	0.00408
46	0.01766	0.00789	0.01144	0.01128	0.16733	0.00708	0.00766	0.01949	0.01184	0.66841	0.01528	0.01389	0.00992	0.00504	0.00432	0.00132	0.00395	0.00424	0.00471	0.00723
47	0.00942	0.00942	0.01319	0.01131	0.01131	0.01319	0.00942	0.01037	0.00660	0.01037	0.00565	0.00942	0.00565	0.00754	0.01414	0.00188	0.84073	0.00377	0.00188	0.00471
48	0.00626	0.00418	0.00470	0.00470	0.00470	0.00418	0.00261	0.00626	0.00626	0.00835	0.01357	0.02819	0.01566	0.84862	0.02192	0.00418	0.00418	0.00626	0.00261	0.00261
49	0.01037	0.00851	0.00970	0.00706	0.01082	0.00721	0.00570	0.16444	0.01112	0.01656	0.00817	0.00920	0.00656	0.00357	0.00341	0.00076	0.00349	0.00281	0.00289	0.70764
50	0.00509	0.00436	0.00436	0.00436	0.00582	0.00364	0.00327	0.00618	0.00982	0.01164	0.04364	0.04146	0.82000	0.01091	0.00509	0.00145	0.00218	0.00909	0.00400	0.00364
51	0.01609	0.02053	0.01221	0.01110	0.01332	0.83132	0.00832	0.01720	0.01221	0.01054	0.00666	0.00777	0.00555	0.00444	0.00388	0.00111	0.00777	0.00277	0.00222	0.00499
52	0.00769	0.00405	0.00415	0.00415	0.00496	0.00405	0.00293	0.00931	0.00850	0.01457	0.01396	0.01840	0.01193	0.16769	0.00666	0.00162	0.00243	0.00445	0.70478	0.00374
53	0.00652	0.00785	0.16389	0.00667	0.00875	0.00518	0.00630	0.00906	0.01144	0.01620	0.61186	0.02834	0.08517	0.00804	0.00489	0.00136	0.00288	0.00699	0.00413	0.00448
54	0.00853	0.00716	0.00776	0.00712	0.00903	0.00777	0.00548	0.01616	0.46879	0.01660	0.21126	0.02480	0.17671	0.00753	0.00468	0.00143	0.00285	0.00638	0.00439	0.00555
55	0.01225	0.01021	0.01210	0.01249	0.16809	0.01134	0.00843	0.23483	0.44258	0.01975	0.01375	0.01347	0.01034	0.00527	0.00434	0.00138	0.00410	0.00440	0.00393	0.00696
56	0.00876	0.03388	0.77469	0.01250	0.01873	0.01015	0.05511	0.01364	0.00914	0.01360	0.00775	0.00919	0.00551	0.00406	0.00412	0.00136	0.00638	0.00326	0.00184	0.00633
57	0.09295	0.04486	0.01211	0.01059	0.02434	0.65143	0.00800	0.07376	0.01221	0.02230	0.00699	0.00798	0.00568	0.00443	0.00378	0.00114	0.00697	0.00283	0.00243	0.00520
58	0.18203	0.03659	0.01166	0.01097	0.06553	0.60011	0.00792	0.01596	0.01103	0.01246	0.00661	0.00779	0.00546	0.00430	0.00365	0.00116	0.00667	0.00275	0.00229	0.00506
59	0.01242	0.01035	0.01281	0.03114	0.22193	0.01139	0.00901	0.26571	0.34056	0.01971	0.01263	0.01278	0.00953	0.00508	0.00433	0.00136	0.00432	0.00427	0.00373	0.00694
60	0.00647	0.00471	0.00595	0.00593	0.00688	0.00450	0.00436	0.05998	0.01124	0.01544	0.44007	0.29671	0.07592	0.01031	0.00519	0.00150	0.00243	0.03394	0.00441	0.00407
61	0.00524	0.00423	0.00467	0.00486	0.00599	0.00365	0.00353	0.00637	0.00973	0.01214	0.12921	0.22496	0.54781	0.01126	0.00518	0.00151	0.00224	0.00966	0.00409	0.00365
62	0.00799	0.01871	0.66792	0.01107	0.01625	0.00875	0.01362	0.01217	0.00893	0.01313	0.01082	0.17044	0.00990	0.00591	0.00436	0.00144	0.00562	0.00493	0.00224	0.00581
63	0.00536	0.00437	0.00474	0.00465	0.00598	0.00375	0.00349	0.00670	0.01046	0.01315	0.25180	0.03897	0.61089	0.01035	0.00509	0.00143	0.00214	0.00874	0.00420	0.00375
64	0.00862	0.00815	0.01380	0.68172	0.18241	0.00970	0.01221	0.01143	0.00884	0.01160	0.00774	0.01133	0.00595	0.00422	0.00430	0.00141	0.00562	0.00383	0.00196	0.00518
65	0.01609	0.02053	0.01221	0.01110	0.01332	0.83132	0.00832	0.01720	0.01221	0.01054	0.00666	0.00777	0.00555	0.00444	0.00388	0.00111	0.00777	0.00277	0.00222	0.00499
66	0.00626	0.00418	0.00470	0.00470	0.00470	0.00418	0.00261	0.00626	0.00626	0.00835	0.01357	0.02819	0.01566	0.84862	0.02192	0.00418	0.00418	0.00626	0.00261	0.00261
67	0.00557	0.00398	0.00537	0.00637	0.00676	0.00378	0.00457	0.00656	0.00857	0.01136	0.02356	0.69208	0.02778	0.01319	0.00559	0.00179	0.00278	0.16275	0.00399	0.00359
68	0.87904	0.00833	0.00633	0.00566	0.00833	0.00966	0.00467	0.01266	0.00733	0.01933	0.00600	0.00700	0.00467	0.00400	0.00267	0.00133	0.00333	0.00233	0.00267	0.00467
69	0.00864	0.02228	0.82630	0.01228	0.01864	0.01000	0.01592	0.01364	0.00909	0.01364	0.00773	0.00909	0.00546	0.00409	0.00409	0.00136	0.00637	0.00318	0.00182	0.00637
70	0.01066	0.01020	0.01724	0.02588	0.79605	0.01025	0.01302	0.01353	0.03530	0.01420	0.00840	0.01083	0.00702	0.00390	0.00427	0.00129	0.00506	0.00387	0.00220	0.00682
71	0.00856	0.00832	0.00856	0.00807	0.00890	0.16562	0.00617	0.00972	0.00781	0.00994	0.01001	0.01557	0.00967	0.13192	0.44574	0.00471	0.13006	0.00436	0.00227	0.00403
72	0.00509	0.00436	0.00436	0.00436	0.00582	0.00364	0.00327	0.00618	0.00982	0.01164	0.04364	0.04146	0.82000	0.01091	0.00509	0.00145	0.00218	0.00909	0.00400	0.00364
73	0.00813	0.00766	0.01292	0.83826	0.02967	0.00957	0.01196	0.01101	0.00861	0.01101	0.00766	0.01148	0.00574	0.00431	0.00431	0.00144	0.00574	0.00383	0.00191	0.00479
74	0.00902	0.00856	0.01451	0.55457	0.30646	0.00980	0.01240	0.01178	0.00903	0.01208	0.00781	0.01120	0.00612	0.00414	0.00429	0.00138	0.00552	0.00383	0.00199	0.00550
75	0.00611	0.00444	0.00598	0.00571	0.00668	0.00432	0.00432	0.00804	0.01118	0.01587	0.66368	0.02924	0.03488	0.01334	0.16445	0.00243	0.00387	0.00718	0.00427	0.00402
76	0.01004	0.06541	0.05488	0.23285	0.45543	0.01037	0.04147	0.01291	0.02373	0.02774	0.02002	0.01107	0.00706	0.00409	0.00421	0.00131	0.00528	0.00383	0.00218	0.00612
77	0.00694	0.00496	0.00694	0.00793	0.00892	0.00496	0.00694	0.00892	0.00992	0.01289	0.02281	0.04859	0.02479	0.01190	0.00595	0.00198	0.00397	0.79275	0.00397	0.00397
78	0.01545	0.00773	0.01143	0.16872	0.02936	0.00750	0.05652	0.05556	0.01142	0.51130	0.01398	0.01447	0.00956	0.06052	0.00553	0.00154	0.00440	0.00438	0.00419	0.00643
79	0.17751	0.00819	0.00906	0.06166	0.02835	0.02730	0.00582	0.02091	0.00901	0.05794	0.00785	0.00905	0.00623	0.00360	0.00328	0.00089	0.00358	0.00274	0.00268	0.55436
80	0.71269	0.00905	0.00760	0.00648	0.00930	0.01038	0.00534	0.16591	0.00982	0.02083	0.00684	0.00764	0.00518	0.00422	0.00298	0.00133	0.00360	0.00263	0.00298	0.00518
81	0.00862	0.00497	0.00653	0.00582	0.00730	0.00449	0.00448	0.01055	0.01214	0.17280	0.64013	0.02909	0.05957	0.00820	0.00494	0.00135	0.00235	0.00716	0.00483	0.00468
82	0.01071	0.00925	0.00974	0.00877	0.01120	0.01071	0.00682	0.02289	0.81396	0.01802	0.01753	0.01607	0.01315	0.00584	0.00438	0.00146	0.00341	0.00487	0.00438	0.00682
83	0.00608	0.00440	0.00573	0.00540	0.00642	0.00406	0.00405	0.00809	0.01215	0.01717	0.80547	0.03234	0.05471	0.00884	0.00508	0.00136	0.00203	0.00781	0.00473	0.00406
84	0.00924	0.00713	0.00917	0.16795	0.04072	0.00772	0.00697	0.06441	0.21280	0.06843	0.25775	0.02183	0.08573	0.00678	0.00464	0.00140	0.00351	0.01448	0.00396	0.00537
85	0.01402	0.01674	0.01086	0.01004	0.01196	0.61783	0.00748	0.06707	0.01197	0.01172	0.01020	0.16954	0.01009	0.00623	0.00422	0.00125	0.00655	0.00467	0.00270	0.00486
86	0.01423	0.01046	0.01140	0.00916	0.01199	0.01146	0.00738	0.65285	0.01794	0.02403	0.01293	0.17145	0.01141	0.00678	0.00454	0.00138	0.00431	0.00549	0.00425	0.00659
87	0.03842	0.01112	0.16801	0.00985	0.04826	0.00862	0.04120	0.02567	0.22363	0.22458	0.02148	0.01273	0.00946	0.00477	0.00412	0.00127	0.00424	0.00397	0.00363	0.13496
88	0.01251	0.17184	0.01701	0.01912	0.50821	0.01079	0.01076	0.01467	0.01009	0.17050	0.00942	0.01071	0.00732	0.00410	0.00399	0.00122	0.00474	0.00364	0.00270	0.00667
89	0.00944	0.01024	0.02132	0.17524	0.02255	0.01006	0.58335	0.01278	0.01000	0.01347	0.06219	0.01372	0.00901	0.00428	0.00495	0.00145	0.00656	0.02158	0.00233	0.00546
90	0.01066	0.01023	0.01748	0.02644	0.82174	0.01023	0.01322	0.01322	0.00981	0.01407	0.00810	0.01066	0.00682	0.00384	0.00426	0.00128	0.00512	0.00384	0.00213	0.00682
91	0.17880	0.68867	0.01944	0.00704	0.01053	0.01562	0.00685	0.01285	0.00848	0.01191	0.00599	0.00693	0.00536	0.00375	0.00275	0.00100	0.00436	0.00231	0.00200	0.00536
92	0.00816	0.01887	0.66830	0.01124	0.01653	0.00911	0.01388	0.01249	0.00868	0.01294	0.00846	0.01060	0.00648	0.00953	0.16365	0.00244	0.00736	0.00346	0.00191	0.00588
93	0.00522	0.00387	0.00488	0.00568	0.00616	0.00353	0.00386	0.00603	0.00855	0.01112	0.02758	0.69070	0.18112	0.01300	0.00542	0.00169	0.00244	0.01164	0.00400	0.00353
94	0.00788	0.00490	0.00553	0.00514	0.00686	0.00416	0.00393	0.00908	0.01027	0.16855	0.05969	0.08898	0.58921	0.00994	0.00497	0.00145	0.00248	0.00834	0.00428	0.00435
95	0.00525	0.00423	0.00468	0.00486	0.00599	0.00366	0.00353	0.00639	0.00977	0.01221	0.13749	0.21863	0.54578	0.01122	0.00518	0.00151	0.00223	0.00963	0.00409	0.00366
96	0.00881	0.02109	0.73649	0.01294	0.01908	0.01010	0.10452	0.01366	0.00921	0.01366	0.00784	0.00938	0.00558	0.00404	0.00420	0.00137	0.00647	0.00340	0.00186	0.00630
97	0.87904	0.00833	0.00633	0.00566	0.00833	0.00966	0.00467	0.01266	0.00733	0.01933	0.00600	0.00700	0.00467	0.00400	0.00267	0.00133	0.00333	0.00233	0.00267	0.00467
98	0.01471	0.01805	0.01158	0.01019	0.01272	0.67212	0.00770	0.01598	0.01158	0.01122	0.00685	0.00799	0.00571	0.00420	0.00375	0.00102	0.00689	0.00273	0.00228	0.17275
99	0.01518	0.21694	0.01526	0.00932	0.01280	0.03619	0.00799	0.59243	0.01723	0.02255	0.00918	0.00944	0.00684	0.00479	0.00392	0.00120	0.00479	0.00346	0.00365	0.00682
100	0.00519	0.00399	0.00475	0.00535	0.00608	0.00355	0.00371	0.00607	0.00887	0.01125	0.03158	0.52875	0.34048	0.01248	0.00534	0.00163	0.00237	0.01100	0.00400	0.00355
101	0.00870	0.01946	0.66868	0.01114	0.01702	0.00918	0.01383	0.01310	0.00906	0.01372	0.00772	0.00906	0.00563	0.00392	0.00392	0.00122	0.00575	0.00306	0.00196	0.17386
102	0.01324	0.64596	0.01995	0.00808	0.01157	0.01501	0.00756	0.03364	0.01015	0.12629	0.00962	0.01202	0.00837	0.00506	0.00361	0.00122	0.00471	0.05496	0.00283	0.00615
103	0.02278	0.00448	0.00577	0.00542	0.00647	0.00417	0.00408	0.00822	0.01210	0.01731	0.80392	0.03170	0.03996	0.00871	0.00503	0.00135	0.00206	0.00769	0.00470	0.00408
104	0.01616	0.01192	0.01276	0.00980	0.01321	0.01317	0.00809	0.79207	0.02005	0.02685	0.01098	0.01094	0.02286	0.00528	0.00432	0.00130	0.00469	0.00398	0.00430	0.00726

[dist]
# distance from previous block
# <min> <max>
0	12

[block]
# block no. 2 follows, 61 sequences, length 34
# corresponding to MSA columns:
# 343-376
name=unknown_C
#
# <colnr> <probs for GDERKNQSTAVLIFYWHMCP>
#	G	D	E	R	K	N	Q	S	T	A	V	L	I	F	Y	W	H	M	C	P
0	0.15536	0.00887	0.01402	0.31507	0.09649	0.00973	0.16587	0.08300	0.00986	0.01470	0.00968	0.06378	0.02553	0.00488	0.00427	0.00141	0.00520	0.00448	0.00251	0.00528
1	0.01501	0.01133	0.01212	0.00960	0.01278	0.01262	0.00783	0.63538	0.17595	0.02499	0.01205	0.03008	0.00894	0.00549	0.00435	0.00134	0.00443	0.00426	0.00432	0.00714
2	0.01933	0.00733	0.01000	0.00766	0.01100	0.00633	0.00633	0.02099	0.01233	0.82473	0.01699	0.01466	0.01066	0.00533	0.00433	0.00133	0.00367	0.00433	0.00533	0.00733
3	0.18826	0.00753	0.00928	0.00727	0.01047	0.00699	0.00600	0.01936	0.01135	0.66647	0.01483	0.01316	0.00948	0.00507	0.00400	0.00133	0.00360	0.00394	0.00481	0.00681
4	0.00759	0.17055	0.00884	0.00640	0.00757	0.00638	0.00484	0.00853	0.00867	0.07488	0.01972	0.61554	0.02257	0.01092	0.00487	0.00155	0.00301	0.00967	0.00368	0.00420
5	0.00509	0.00436	0.00436	0.00436	0.00582	0.00364	0.00327	0.00618	0.00982	0.01164	0.04364	0.04146	0.82000	0.01091	0.00509	0.00145	0.00218	0.00909	0.00400	0.00364
6	0.01133	0.01153	0.02200	0.01600	0.01983	0.01156	0.58660	0.16947	0.01187	0.01615	0.00879	0.01120	0.00662	0.00424	0.00564	0.00146	0.07238	0.00474	0.00257	0.00602
7	0.01137	0.01318	0.02159	0.01603	0.01982	0.17209	0.58642	0.01518	0.07384	0.01349	0.00900	0.01121	0.00686	0.00396	0.00479	0.00139	0.00706	0.00461	0.00236	0.00573
8	0.01419	0.01043	0.01137	0.00914	0.01196	0.01142	0.00736	0.64991	0.01789	0.02397	0.01297	0.17451	0.01148	0.00681	0.00454	0.00138	0.00430	0.00552	0.00425	0.00657
9	0.00998	0.00781	0.00816	0.00746	0.00950	0.00887	0.00577	0.01935	0.59243	0.01748	0.01657	0.01607	0.01257	0.00562	0.00401	0.00134	0.00302	0.00463	0.24331	0.00605
10	0.01044	0.00903	0.01103	0.17315	0.07867	0.01043	0.00835	0.03343	0.56551	0.02965	0.01472	0.01462	0.01105	0.00536	0.00436	0.00144	0.00403	0.00456	0.00373	0.00644
11	0.00665	0.00504	0.00638	0.00561	0.00718	0.00439	0.00427	0.00866	0.01155	0.01664	0.65995	0.02761	0.03391	0.00770	0.00471	0.00121	0.00226	0.00676	0.00431	0.17519
12	0.01022	0.00970	0.01637	0.04536	0.72388	0.00978	0.01240	0.01272	0.00991	0.01418	0.07192	0.01236	0.00944	0.00430	0.00449	0.00130	0.01868	0.00415	0.00233	0.00652
13	0.01430	0.05477	0.01422	0.01542	0.24979	0.55452	0.00971	0.01584	0.01135	0.01156	0.00705	0.00858	0.00592	0.00423	0.00395	0.00115	0.00685	0.00306	0.00218	0.00555
14	0.00960	0.00896	0.01503	0.02242	0.66150	0.00891	0.01141	0.01180	0.00950	0.01347	0.01118	0.17476	0.01108	0.00574	0.00451	0.00137	0.00460	0.00549	0.00250	0.00617
15	0.01152	0.85121	0.02257	0.00737	0.01106	0.01704	0.00737	0.01290	0.00875	0.01013	0.00599	0.00691	0.00553	0.00369	0.00276	0.00092	0.00461	0.00230	0.00184	0.00553
16	0.00585	0.00501	0.00526	0.00476	0.00668	0.00405	0.00363	0.00710	0.00964	0.01211	0.03657	0.03506	0.66012	0.00939	0.00472	0.00129	0.00238	0.00781	0.00372	0.17485
17	0.00813	0.00766	0.01292	0.83826	0.02967	0.00957	0.01196	0.01101	0.00861	0.01101	0.00766	0.01148	0.00574	0.00431	0.00431	0.00144	0.00574	0.00383	0.00191	0.00479
18	0.00984	0.00928	0.01466	0.02119	0.60761	0.03744	0.01105	0.01222	0.01036	0.01454	0.16795	0.01599	0.01399	0.00509	0.00447	0.00131	0.00457	0.02960	0.00271	0.00613
19	0.00626	0.00418	0.00470	0.00470	0.00470	0.00418	0.00261	0.00626	0.00626	0.00835	0.01357	0.02819	0.01566	0.84862	0.02192	0.00418	0.00418	0.00626	0.00261	0.00261
20	0.00528	0.00376	0.00499	0.00595	0.00619	0.00352	0.00395	0.00601	0.00818	0.01090	0.02339	0.81734	0.02804	0.04257	0.00607	0.00183	0.00256	0.01204	0.00395	0.00347
21	0.01152	0.85121	0.02257	0.00737	0.01106	0.01704	0.00737	0.01290	0.00875	0.01013	0.00599	0.00691	0.00553	0.00369	0.00276	0.00092	0.00461	0.00230	0.00184	0.00553
22	0.87904	0.00833	0.00633	0.00566	0.00833	0.00966	0.00467	0.01266	0.00733	0.01933	0.00600	0.00700	0.00467	0.00400	0.00267	0.00133	0.00333	0.00233	0.00267	0.00467
23	0.00520	0.00392	0.00482	0.00555	0.00613	0.00354	0.00380	0.00605	0.00868	0.01117	0.02922	0.62443	0.24633	0.01278	0.00539	0.00167	0.00241	0.01138	0.00400	0.00354
24	0.00618	0.00453	0.00649	0.00649	0.00710	0.00515	0.00484	0.00741	0.00679	0.00968	0.01194	0.01914	0.01173	0.19271	0.67246	0.00638	0.01009	0.00494	0.00237	0.00360
25	0.00655	0.00498	0.00693	0.00752	0.08774	0.00468	0.00498	0.00864	0.01196	0.01695	0.73856	0.03003	0.03727	0.00831	0.00500	0.00135	0.00234	0.00740	0.00448	0.00434
26	0.10038	0.01019	0.01086	0.00860	0.01150	0.01116	0.00703	0.57108	0.01738	0.02443	0.16890	0.01430	0.01361	0.00577	0.00430	0.00131	0.00407	0.00449	0.00423	0.00642
27	0.00829	0.02049	0.74433	0.01149	0.01736	0.00937	0.01465	0.01290	0.00917	0.01344	0.01131	0.01232	0.08669	0.00477	0.00419	0.00137	0.00595	0.00377	0.00204	0.00609
28	0.01021	0.00965	0.01631	0.02434	0.74044	0.00962	0.01231	0.01271	0.01005	0.01439	0.08902	0.01281	0.01020	0.00433	0.00435	0.00129	0.00481	0.00423	0.00239	0.00655
29	0.18079	0.00852	0.00860	0.00788	0.01014	0.00979	0.00611	0.01920	0.57511	0.01758	0.01589	0.09703	0.01301	0.00624	0.00416	0.00146	0.00330	0.00511	0.00401	0.00606
30	0.01079	0.09322	0.01102	0.00863	0.01119	0.01135	0.00687	0.02189	0.73366	0.01723	0.01638	0.01516	0.01239	0.00563	0.00422	0.00141	0.00353	0.00461	0.00413	0.00669
31	0.00644	0.00629	0.08771	0.00651	0.00809	0.00480	0.00575	0.00868	0.01125	0.01561	0.52091	0.03383	0.09537	0.00911	0.00515	0.00149	0.00286	0.16168	0.00424	0.00424
32	0.00607	0.00484	0.02099	0.00570	0.00690	0.00423	0.01993	0.00802	0.01165	0.01622	0.66505	0.07066	0.12535	0.00907	0.00508	0.00139	0.00225	0.00801	0.00452	0.00407
33	0.00871	0.01194	0.19249	0.10798	0.07364	0.00909	0.33206	0.01198	0.00959	0.01313	0.02768	0.07085	0.08946	0.00531	0.00473	0.00143	0.00577	0.00535	0.00242	0.01638

[dist]
# distance from previous block
# <min> <max>
0	154

# created by:
# /st0/software/busco_prod/Augustus/scripts/msa2prfl.pl ./align_prep/115068.fa
