[name]
unknown

[dist]
# distance from previous block
# <min> <max>
0	504

[block]
# block no. 0 follows, 51 sequences, length 9
# corresponding to MSA columns:
# 558-566
name=unknown_A
#
# <colnr> <probs for GDERKNQSTAVLIFYWHMCP>
#	G	D	E	R	K	N	Q	S	T	A	V	L	I	F	Y	W	H	M	C	P
0	0.00792	0.00566	0.00792	0.00905	0.01018	0.00566	0.00792	0.01018	0.01131	0.01471	0.02602	0.05543	0.02828	0.01358	0.00679	0.00226	0.00453	0.76356	0.00453	0.00453
1	0.00597	0.00434	0.00563	0.00667	0.00708	0.00401	0.00448	0.00686	0.00958	0.01261	0.02920	0.75160	0.10362	0.01512	0.00623	0.00196	0.00282	0.01363	0.00456	0.00401
2	0.00928	0.00873	0.01474	0.81548	0.03385	0.01092	0.01365	0.01256	0.00983	0.01256	0.00873	0.01310	0.00655	0.00491	0.00491	0.00164	0.00655	0.00437	0.00218	0.00546
3	0.01216	0.01168	0.01995	0.03016	0.79664	0.01168	0.01508	0.01508	0.01119	0.01605	0.00924	0.01216	0.00778	0.00438	0.00487	0.00146	0.00584	0.00438	0.00243	0.00778
4	0.00795	0.00536	0.00718	0.00710	0.00838	0.00504	0.00567	0.01024	0.01320	0.05628	0.54517	0.04089	0.03973	0.01082	0.00603	0.00174	0.00302	0.21623	0.00520	0.00479
5	0.01174	0.01125	0.01919	0.14459	0.68549	0.01157	0.01487	0.01471	0.01099	0.01555	0.00917	0.01230	0.00760	0.00446	0.00487	0.00149	0.00594	0.00438	0.00240	0.00745
6	0.01704	0.01518	0.01355	0.01113	0.01436	0.21578	0.00889	0.47154	0.05448	0.02370	0.01260	0.01317	0.03742	0.00804	0.05881	0.00187	0.00663	0.00443	0.00415	0.00723
7	0.00598	0.00491	0.00526	0.00533	0.00678	0.00420	0.00394	0.00733	0.01139	0.01407	0.14737	0.12369	0.61789	0.01242	0.00585	0.00168	0.00250	0.01053	0.00468	0.00420
8	0.11326	0.01329	0.01390	0.01076	0.01460	0.01477	0.00889	0.69437	0.02145	0.02997	0.01124	0.01137	0.00802	0.00575	0.00471	0.00148	0.00523	0.00423	0.00471	0.00802

[dist]
# distance from previous block
# <min> <max>
3	13

[block]
# block no. 1 follows, 51 sequences, length 17
# corresponding to MSA columns:
# 580-596
name=unknown_B
#
# <colnr> <probs for GDERKNQSTAVLIFYWHMCP>
#	G	D	E	R	K	N	Q	S	T	A	V	L	I	F	Y	W	H	M	C	P
0	0.01158	0.01293	0.02753	0.05003	0.10755	0.01229	0.67072	0.01556	0.01149	0.01566	0.00983	0.01313	0.00746	0.00419	0.00567	0.00164	0.00796	0.00560	0.00247	0.00671
1	0.86201	0.00950	0.00722	0.00646	0.00950	0.01102	0.00532	0.01445	0.00836	0.02205	0.00684	0.00798	0.00532	0.00456	0.00304	0.00152	0.00380	0.00266	0.00304	0.00532
2	0.01081	0.01022	0.01732	0.29920	0.47927	0.01103	0.01397	0.01377	0.01049	0.01453	0.00934	0.01298	0.00767	0.00681	0.06048	0.00197	0.00659	0.00444	0.00236	0.00675
3	0.01216	0.01168	0.01995	0.03016	0.79664	0.01168	0.01508	0.01508	0.01119	0.01605	0.00924	0.01216	0.00778	0.00438	0.00487	0.00146	0.00584	0.00438	0.00243	0.00778
4	0.00928	0.00873	0.01474	0.81548	0.03385	0.01092	0.01365	0.01256	0.00983	0.01256	0.00873	0.01310	0.00655	0.00491	0.00491	0.00164	0.00655	0.00437	0.00218	0.00546
5	0.01090	0.01038	0.01766	0.37552	0.46119	0.01134	0.01445	0.01397	0.01059	0.01452	0.00902	0.01258	0.00724	0.00461	0.00489	0.00154	0.00615	0.00437	0.00232	0.00676
6	0.01625	0.00702	0.00947	0.00817	0.01082	0.00620	0.00655	0.01793	0.01263	0.50600	0.02342	0.19160	0.06206	0.00920	0.00547	0.00171	0.00385	0.08935	0.00551	0.00680
7	0.00701	0.00506	0.00664	0.00634	0.00750	0.00469	0.00482	0.00932	0.01376	0.01943	0.75097	0.03776	0.04535	0.01024	0.00585	0.00159	0.00244	0.05122	0.00536	0.00463
8	0.00758	0.00542	0.00754	0.00867	0.00965	0.00537	0.00734	0.00960	0.01098	0.01433	0.02620	0.18858	0.02901	0.01389	0.00670	0.00222	0.00424	0.63371	0.00453	0.00443
9	0.01035	0.00983	0.01668	0.52322	0.31772	0.01120	0.01418	0.01350	0.01033	0.01386	0.00892	0.01275	0.00701	0.00471	0.00490	0.00157	0.00629	0.00437	0.00228	0.00632
10	0.00715	0.00476	0.00536	0.00536	0.00536	0.00476	0.00298	0.00715	0.00715	0.00953	0.01548	0.03216	0.01787	0.82729	0.02501	0.00476	0.00476	0.00715	0.00298	0.00298
11	0.02205	0.00836	0.01140	0.00874	0.01254	0.00722	0.00722	0.02395	0.01407	0.80004	0.01939	0.01673	0.01216	0.00608	0.00494	0.00152	0.00418	0.00494	0.00608	0.00836
12	0.01141	0.01184	0.01560	0.52566	0.17705	0.14906	0.01320	0.01427	0.01080	0.01314	0.00864	0.01219	0.00675	0.00484	0.00482	0.00154	0.00681	0.00416	0.00229	0.00595
13	0.00946	0.00881	0.01477	0.59610	0.16634	0.01037	0.01300	0.01244	0.01003	0.01317	0.01065	0.09341	0.00934	0.00586	0.00504	0.00164	0.00606	0.00532	0.00246	0.00573
14	0.00717	0.00636	0.00633	0.00693	0.00780	0.08378	0.00483	0.00817	0.01033	0.01269	0.03115	0.53801	0.23121	0.01359	0.00597	0.00183	0.00335	0.01195	0.00436	0.00420
15	0.00610	0.00433	0.00567	0.00670	0.00695	0.00407	0.00440	0.00687	0.00918	0.01225	0.02593	0.74550	0.03105	0.09597	0.00813	0.00227	0.00304	0.01329	0.00440	0.00389
16	0.01111	0.01232	0.02610	0.09568	0.02523	0.01195	0.64479	0.01495	0.01126	0.01522	0.01061	0.03550	0.00855	0.00488	0.00603	0.00169	0.02932	0.02590	0.00256	0.00636

[dist]
# distance from previous block
# <min> <max>
5	7

[block]
# block no. 2 follows, 51 sequences, length 20
# corresponding to MSA columns:
# 604-623
name=unknown_C
#
# <colnr> <probs for GDERKNQSTAVLIFYWHMCP>
#	G	D	E	R	K	N	Q	S	T	A	V	L	I	F	Y	W	H	M	C	P
0	0.01053	0.00921	0.01225	0.00902	0.01310	0.00768	0.09363	0.01363	0.06217	0.03308	0.01192	0.01315	0.04852	0.00452	0.00439	0.00099	0.02236	0.00388	0.00314	0.62282
1	0.01004	0.01191	0.17374	0.01159	0.01528	0.00867	0.16035	0.01431	0.09636	0.05604	0.03378	0.17593	0.04368	0.00781	0.00534	0.00162	0.00518	0.05662	0.00359	0.10818
2	0.01112	0.01429	0.12905	0.01863	0.02357	0.01186	0.60351	0.01575	0.04748	0.01578	0.01112	0.05388	0.00890	0.00490	0.00564	0.00166	0.00767	0.00591	0.00265	0.00663
3	0.00615	0.00447	0.00583	0.00681	0.00732	0.00415	0.00474	0.00719	0.00987	0.01300	0.05261	0.66486	0.10742	0.01480	0.00625	0.00197	0.00293	0.07097	0.00458	0.00407
4	0.01182	0.01279	0.05872	0.09526	0.45618	0.08813	0.08666	0.01494	0.02784	0.01512	0.01131	0.06145	0.02701	0.00538	0.00502	0.00152	0.00621	0.00509	0.00264	0.00692
5	0.00842	0.00656	0.00783	0.00725	0.00886	0.00675	0.00551	0.01396	0.22940	0.01994	0.57851	0.03159	0.03763	0.00911	0.00557	0.00158	0.00276	0.00796	0.00530	0.00551
6	0.00740	0.00553	0.00679	0.00713	0.00808	0.00547	0.00507	0.04901	0.08323	0.01567	0.17537	0.50871	0.07792	0.01289	0.00596	0.00183	0.00295	0.01150	0.00478	0.00470
7	0.00986	0.02542	0.80183	0.01401	0.02127	0.01141	0.01816	0.01556	0.01038	0.01556	0.00882	0.01038	0.00623	0.00467	0.00467	0.00156	0.00726	0.00363	0.00208	0.00726
8	0.01019	0.00873	0.01019	0.00728	0.01165	0.00655	0.00582	0.01237	0.01019	0.01601	0.00873	0.01019	0.00728	0.00364	0.00364	0.00073	0.00364	0.00291	0.00291	0.85734
9	0.01019	0.00873	0.01019	0.00728	0.01165	0.00655	0.00582	0.01237	0.01019	0.01601	0.00873	0.01019	0.00728	0.00364	0.00364	0.00073	0.00364	0.00291	0.00291	0.85734
10	0.02071	0.00863	0.01116	0.00867	0.01229	0.03110	0.00710	0.02262	0.01395	0.70817	0.06498	0.01750	0.01390	0.00622	0.00494	0.00149	0.00420	0.00507	0.00585	0.03146
11	0.01027	0.02484	0.77496	0.01383	0.02097	0.01127	0.01779	0.01585	0.01050	0.04224	0.00918	0.01059	0.00643	0.00472	0.00468	0.00156	0.00716	0.00368	0.00221	0.00730
12	0.00703	0.00523	0.00774	0.00774	0.00856	0.00606	0.00594	0.00867	0.00785	0.01129	0.01331	0.02011	0.01264	0.08661	0.75855	0.00770	0.01263	0.00538	0.00265	0.00430
13	0.00606	0.00431	0.00568	0.00675	0.00702	0.00404	0.00447	0.00686	0.00927	0.01236	0.02639	0.77674	0.03163	0.06393	0.00739	0.00216	0.00297	0.01356	0.00447	0.00393
14	0.01045	0.02127	0.53840	0.01629	0.02277	0.01176	0.27743	0.01562	0.01079	0.01562	0.00920	0.01136	0.00664	0.00449	0.00505	0.00159	0.00761	0.00437	0.00221	0.00705
15	0.00968	0.02420	0.75425	0.01354	0.02044	0.01101	0.01735	0.01519	0.01059	0.01581	0.05580	0.01195	0.00863	0.00499	0.00474	0.00156	0.00697	0.00395	0.00227	0.00711
16	0.01317	0.45134	0.08294	0.00900	0.01292	0.01495	0.00864	0.04424	0.13363	0.09008	0.05892	0.01374	0.03663	0.00549	0.00405	0.00130	0.00484	0.00409	0.00332	0.00672
17	0.00939	0.00659	0.00876	0.00821	0.00984	0.00650	0.04186	0.05706	0.04892	0.09315	0.10239	0.26211	0.16444	0.01173	0.01739	0.00190	0.03282	0.10711	0.00462	0.00520
18	0.18156	0.13822	0.19441	0.02414	0.10860	0.01190	0.01040	0.05874	0.08321	0.01722	0.01178	0.11748	0.01064	0.00621	0.00439	0.00152	0.00508	0.00497	0.00308	0.00645
19	0.25858	0.07252	0.04915	0.08187	0.04023	0.03910	0.00834	0.16523	0.03943	0.02006	0.00902	0.01027	0.00699	0.00473	0.00396	0.00132	0.00485	0.00343	0.00322	0.17768

[dist]
# distance from previous block
# <min> <max>
0	2

[block]
# block no. 3 follows, 51 sequences, length 15
# corresponding to MSA columns:
# 626-640
name=unknown_D
#
# <colnr> <probs for GDERKNQSTAVLIFYWHMCP>
#	G	D	E	R	K	N	Q	S	T	A	V	L	I	F	Y	W	H	M	C	P
0	0.32657	0.34057	0.01590	0.00812	0.01166	0.05331	0.00723	0.11661	0.01139	0.01812	0.00957	0.01036	0.04364	0.00500	0.00354	0.00132	0.00478	0.00327	0.00296	0.00609
1	0.01149	0.36834	0.28509	0.01265	0.07016	0.03389	0.06571	0.01467	0.01037	0.01359	0.00932	0.06658	0.00830	0.00517	0.00422	0.00136	0.00610	0.00412	0.00233	0.00658
2	0.06966	0.00946	0.01540	0.58033	0.20552	0.01110	0.01339	0.01326	0.01003	0.01402	0.00872	0.01253	0.00675	0.00477	0.00477	0.00159	0.00620	0.00425	0.00230	0.00598
3	0.00711	0.00512	0.00681	0.00678	0.00790	0.00482	0.00529	0.00937	0.01323	0.01845	0.61253	0.06844	0.04224	0.01095	0.00601	0.00171	0.00278	0.16065	0.00520	0.00459
4	0.01019	0.00873	0.01019	0.00728	0.01165	0.00655	0.00582	0.01237	0.01019	0.01601	0.00873	0.01019	0.00728	0.00364	0.00364	0.00073	0.00364	0.00291	0.00291	0.85734
5	0.01157	0.00920	0.01069	0.00774	0.01204	0.00742	0.00623	0.08692	0.01162	0.05467	0.00954	0.01066	0.00761	0.00397	0.00382	0.00084	0.00384	0.00315	0.00326	0.73522
6	0.01314	0.83025	0.02575	0.00841	0.01261	0.01945	0.00841	0.01472	0.00999	0.01156	0.00683	0.00788	0.00631	0.00420	0.00315	0.00105	0.00526	0.00263	0.00210	0.00631
7	0.01988	0.00785	0.01067	0.00843	0.01181	0.00682	0.00686	0.02174	0.01373	0.69095	0.07417	0.07394	0.01597	0.00700	0.00509	0.00156	0.00396	0.00584	0.00593	0.00780
8	0.00621	0.00441	0.00581	0.00672	0.00701	0.00424	0.00447	0.00701	0.00902	0.01208	0.02466	0.66856	0.02927	0.12042	0.06295	0.00275	0.00379	0.01251	0.00423	0.00389
9	0.00703	0.00523	0.00773	0.00773	0.00854	0.00605	0.00593	0.00867	0.00785	0.01128	0.01332	0.02018	0.01266	0.09039	0.75481	0.00769	0.01259	0.00539	0.00266	0.00429
10	0.00760	0.00554	0.00748	0.00840	0.00960	0.00542	0.00723	0.00974	0.01141	0.01474	0.06269	0.05356	0.12810	0.01328	0.00662	0.00215	0.00417	0.63322	0.00457	0.00448
11	0.00599	0.00428	0.00570	0.00684	0.00713	0.00399	0.00456	0.00684	0.00941	0.01254	0.02709	0.82409	0.03250	0.01540	0.00627	0.00200	0.00285	0.01397	0.00456	0.00399
12	0.01139	0.01278	0.02689	0.06177	0.02487	0.01260	0.66403	0.01519	0.01111	0.01519	0.00954	0.01300	0.00731	0.00462	0.00675	0.00170	0.08677	0.00558	0.00244	0.00645
13	0.01868	0.01376	0.01475	0.01131	0.01524	0.01524	0.00934	0.78025	0.02311	0.03097	0.01180	0.01180	0.00836	0.00590	0.00492	0.00147	0.00541	0.00442	0.00492	0.00836
14	0.00589	0.00498	0.00509	0.00506	0.00669	0.00418	0.00380	0.00721	0.01139	0.01372	0.10123	0.04656	0.74292	0.01228	0.00581	0.00165	0.00248	0.01027	0.00462	0.00418

[dist]
# distance from previous block
# <min> <max>
0	4

[block]
# block no. 4 follows, 51 sequences, length 58
# corresponding to MSA columns:
# 645-696,698-703
name=unknown_E
#
# <colnr> <probs for GDERKNQSTAVLIFYWHMCP>
#	G	D	E	R	K	N	Q	S	T	A	V	L	I	F	Y	W	H	M	C	P
0	0.00928	0.00873	0.01474	0.81548	0.03385	0.01092	0.01365	0.01256	0.00983	0.01256	0.00873	0.01310	0.00655	0.00491	0.00491	0.00164	0.00655	0.00437	0.00218	0.00546
1	0.00649	0.00500	0.00592	0.00569	0.00705	0.00444	0.00427	0.00837	0.01281	0.01708	0.49037	0.04103	0.35168	0.01103	0.00580	0.00159	0.00239	0.00949	0.00506	0.00444
2	0.00715	0.00476	0.00536	0.00536	0.00536	0.00476	0.00298	0.00715	0.00715	0.00953	0.01548	0.03216	0.01787	0.82729	0.02501	0.00476	0.00476	0.00715	0.00298	0.00298
3	0.86201	0.00950	0.00722	0.00646	0.00950	0.01102	0.00532	0.01445	0.00836	0.02205	0.00684	0.00798	0.00532	0.00456	0.00304	0.00152	0.00380	0.00266	0.00304	0.00532
4	0.01088	0.01088	0.01562	0.01318	0.01361	0.01475	0.05366	0.01282	0.04992	0.01252	0.00738	0.01130	0.00697	0.00825	0.01495	0.00210	0.72887	0.00445	0.00232	0.00558
5	0.00715	0.00476	0.00536	0.00536	0.00536	0.00476	0.00298	0.00715	0.00715	0.00953	0.01548	0.03216	0.01787	0.82729	0.02501	0.00476	0.00476	0.00715	0.00298	0.00298
6	0.01001	0.06401	0.76462	0.01374	0.02085	0.01180	0.01769	0.01552	0.01036	0.01537	0.00872	0.01026	0.00623	0.00465	0.00460	0.00153	0.00717	0.00358	0.00208	0.00722
7	0.01216	0.01168	0.01995	0.03016	0.79664	0.01168	0.01508	0.01508	0.01119	0.01605	0.00924	0.01216	0.00778	0.00438	0.00487	0.00146	0.00584	0.00438	0.00243	0.00778
8	0.01019	0.00873	0.01019	0.00728	0.01165	0.00655	0.00582	0.01237	0.01019	0.01601	0.00873	0.01019	0.00728	0.00364	0.00364	0.00073	0.00364	0.00291	0.00291	0.85734
9	0.00662	0.00501	0.00610	0.00583	0.00713	0.00449	0.00437	0.00862	0.01311	0.01782	0.57545	0.03982	0.26614	0.01075	0.00580	0.00158	0.00237	0.00932	0.00516	0.00449
10	0.00715	0.00476	0.00536	0.00536	0.00536	0.00476	0.00298	0.00715	0.00715	0.00953	0.01548	0.03216	0.01787	0.82729	0.02501	0.00476	0.00476	0.00715	0.00298	0.00298
11	0.00604	0.00430	0.00569	0.00678	0.00705	0.00402	0.00449	0.00686	0.00931	0.01242	0.02659	0.79049	0.03188	0.04984	0.00707	0.00211	0.00293	0.01368	0.00449	0.00395
12	0.01147	0.01097	0.01772	0.15487	0.57067	0.03580	0.01397	0.01433	0.01107	0.01523	0.01077	0.01650	0.00957	0.00540	0.00505	0.00156	0.00592	0.07953	0.00260	0.00702
13	0.00597	0.00435	0.00563	0.00665	0.00708	0.00401	0.00448	0.00686	0.00959	0.01262	0.02938	0.74564	0.10947	0.01510	0.00623	0.00196	0.00281	0.01361	0.00456	0.00401
14	0.00916	0.00458	0.00458	0.00458	0.00573	0.00458	0.00344	0.01145	0.01031	0.01832	0.01603	0.01832	0.01260	0.00573	0.00344	0.00115	0.00229	0.00458	0.85457	0.00458
15	0.01244	0.01172	0.01954	0.04862	0.73550	0.01185	0.01474	0.05637	0.01180	0.01677	0.00937	0.01217	0.00778	0.00447	0.00487	0.00146	0.00583	0.00438	0.00256	0.00776
16	0.01016	0.00984	0.01382	0.05536	0.01317	0.01347	0.01000	0.01130	0.00764	0.01165	0.00771	0.01317	0.00775	0.07987	0.05898	0.00266	0.66150	0.00460	0.00225	0.00512
17	0.01265	0.01046	0.01112	0.00995	0.01277	0.01201	0.00775	0.02602	0.75448	0.05409	0.01998	0.01827	0.01488	0.00664	0.00500	0.00166	0.00390	0.00553	0.00505	0.00780
18	0.01021	0.08867	0.68886	0.01381	0.02056	0.01218	0.04851	0.01541	0.01032	0.01516	0.00865	0.01030	0.00629	0.00471	0.00488	0.00153	0.02708	0.00366	0.00210	0.00711
19	0.00611	0.00506	0.00537	0.00537	0.00690	0.00438	0.00400	0.00776	0.02897	0.01423	0.14508	0.09575	0.62954	0.01219	0.00582	0.00167	0.00252	0.01030	0.00468	0.00428
20	0.00635	0.00480	0.00596	0.00671	0.00761	0.00440	0.00500	0.00765	0.01046	0.01339	0.05238	0.40707	0.26715	0.01398	0.00622	0.00194	0.00307	0.16712	0.00458	0.00417
21	0.01591	0.07672	0.06640	0.01278	0.05717	0.44715	0.00994	0.07122	0.16575	0.01539	0.01043	0.01113	0.00824	0.00531	0.00452	0.00137	0.00713	0.00378	0.00311	0.00654
22	0.00610	0.00436	0.00580	0.00676	0.00715	0.00407	0.00457	0.00713	0.00994	0.01339	0.11733	0.73144	0.03413	0.01477	0.00622	0.00194	0.00279	0.01337	0.00466	0.00407
23	0.01148	0.05043	0.06201	0.01169	0.11045	0.00932	0.04115	0.11475	0.01228	0.02816	0.01301	0.01606	0.05794	0.00538	0.00445	0.00119	0.00464	0.05395	0.00326	0.38840
24	0.02091	0.00862	0.01144	0.00873	0.01258	0.00751	0.00719	0.05506	0.01412	0.70128	0.01817	0.01597	0.01159	0.00587	0.00483	0.00145	0.00419	0.00475	0.00577	0.07998
25	0.86201	0.00950	0.00722	0.00646	0.00950	0.01102	0.00532	0.01445	0.00836	0.02205	0.00684	0.00798	0.00532	0.00456	0.00304	0.00152	0.00380	0.00266	0.00304	0.00532
26	0.01630	0.15769	0.12338	0.01105	0.01536	0.04672	0.02999	0.34342	0.06982	0.12115	0.01183	0.01191	0.00854	0.00543	0.00459	0.00143	0.00559	0.00413	0.00403	0.00766
27	0.00936	0.00735	0.00917	0.00836	0.00964	0.01916	0.01656	0.06978	0.09717	0.02550	0.02774	0.02173	0.02385	0.22033	0.30411	0.00470	0.07471	0.01647	0.00327	0.03104
28	0.00599	0.00428	0.00570	0.00684	0.00713	0.00399	0.00456	0.00684	0.00941	0.01254	0.02709	0.82409	0.03250	0.01540	0.00627	0.00200	0.00285	0.01397	0.00456	0.00399
29	0.00699	0.00479	0.00531	0.00531	0.00551	0.00469	0.00307	0.00714	0.00763	0.00997	0.01955	0.03395	0.10987	0.73078	0.02274	0.00440	0.00449	0.00753	0.00317	0.00312
30	0.01209	0.01173	0.01938	0.09293	0.71563	0.03160	0.01483	0.01499	0.01115	0.01567	0.00916	0.01216	0.00765	0.00444	0.00486	0.00147	0.00597	0.00435	0.00242	0.00754
31	0.00629	0.00527	0.00592	0.00628	0.04075	0.00456	0.00439	0.00781	0.01170	0.01459	0.18609	0.04382	0.62201	0.01165	0.00577	0.00163	0.00260	0.00984	0.00463	0.00440
32	0.73445	0.00966	0.00781	0.00699	0.01000	0.01120	0.00569	0.01620	0.12535	0.02182	0.00882	0.00954	0.00677	0.00488	0.00334	0.00154	0.00381	0.00310	0.00334	0.00569
33	0.01303	0.80470	0.05039	0.00859	0.01289	0.01919	0.00872	0.01474	0.01000	0.01169	0.00690	0.00796	0.00630	0.00422	0.00320	0.00107	0.00532	0.00266	0.00210	0.00634
34	0.01306	0.00913	0.01111	0.00842	0.01233	0.00796	0.02589	0.05964	0.11088	0.16528	0.04616	0.01377	0.01093	0.00490	0.00428	0.00110	0.00393	0.00405	0.00398	0.48320
35	0.01314	0.83025	0.02575	0.00841	0.01261	0.01945	0.00841	0.01472	0.00999	0.01156	0.00683	0.00788	0.00631	0.00420	0.00315	0.00105	0.00526	0.00263	0.00210	0.00631
36	0.01096	0.30990	0.51092	0.01187	0.01792	0.01412	0.01443	0.01513	0.01031	0.01423	0.02410	0.01003	0.00707	0.00461	0.00416	0.00138	0.00645	0.00338	0.00215	0.00687
37	0.01846	0.02042	0.01418	0.01224	0.01521	0.56117	0.00945	0.25616	0.01678	0.01792	0.00890	0.00978	0.00696	0.00532	0.00458	0.00133	0.00779	0.00356	0.00327	0.00652
38	0.00675	0.00490	0.00632	0.00620	0.00722	0.00451	0.00454	0.00872	0.01290	0.01799	0.61505	0.16058	0.08395	0.03050	0.00633	0.00170	0.00247	0.00972	0.00517	0.00447
39	0.00708	0.00503	0.00671	0.00671	0.00718	0.00550	0.00467	0.00802	0.00755	0.01053	0.01425	0.02530	0.01489	0.40561	0.44263	0.00644	0.00924	0.00614	0.00279	0.00373
40	0.00613	0.00499	0.00543	0.00532	0.00684	0.00429	0.00399	0.00768	0.01197	0.01509	0.25974	0.04431	0.58355	0.01177	0.00580	0.00163	0.00244	0.00995	0.00480	0.00429
41	0.00689	0.00502	0.00647	0.00611	0.00730	0.00461	0.00458	0.00914	0.01375	0.01931	0.74866	0.03735	0.09200	0.01019	0.00580	0.00155	0.00233	0.00898	0.00536	0.00461
42	0.01160	0.01326	0.02900	0.02071	0.02568	0.01243	0.77879	0.01574	0.01160	0.01574	0.00994	0.01326	0.00746	0.00414	0.00580	0.00166	0.00829	0.00580	0.00249	0.00663
43	0.01551	0.05902	0.01842	0.01368	0.01748	0.15676	0.21201	0.28966	0.13009	0.02097	0.01149	0.01240	0.00862	0.00531	0.00498	0.00149	0.00656	0.00463	0.00371	0.00723
44	0.86201	0.00950	0.00722	0.00646	0.00950	0.01102	0.00532	0.01445	0.00836	0.02205	0.00684	0.00798	0.00532	0.00456	0.00304	0.00152	0.00380	0.00266	0.00304	0.00532
45	0.00976	0.00893	0.01527	0.13366	0.23537	0.00909	0.13344	0.04444	0.01103	0.01496	0.01595	0.26385	0.01649	0.00846	0.00558	0.00173	0.00532	0.05746	0.00330	0.00591
46	0.00663	0.00491	0.00619	0.00609	0.00720	0.00446	0.00448	0.00856	0.01282	0.01763	0.56325	0.15382	0.16333	0.01121	0.00587	0.00163	0.00242	0.00987	0.00515	0.00446
47	0.01804	0.02265	0.01399	0.01264	0.01510	0.75489	0.00954	0.03760	0.01388	0.01247	0.00765	0.00901	0.00638	0.00523	0.00494	0.00131	0.04310	0.00324	0.00257	0.00575
48	0.00696	0.00502	0.00657	0.00618	0.00734	0.00464	0.00464	0.00927	0.01391	0.01971	0.79405	0.03671	0.04637	0.01005	0.00580	0.00155	0.00232	0.00889	0.00541	0.00464
49	0.00797	0.00581	0.00730	0.00707	0.00783	0.00638	0.00499	0.04210	0.06783	0.01210	0.01466	0.02464	0.01481	0.38531	0.36370	0.00575	0.00838	0.00609	0.00306	0.00419
50	0.00588	0.00490	0.00514	0.00526	0.00673	0.00415	0.00388	0.00713	0.01112	0.01350	0.08275	0.13879	0.66852	0.01268	0.00586	0.00169	0.00252	0.01073	0.00460	0.00415
51	0.01427	0.01358	0.01288	0.01118	0.01405	0.19572	0.04997	0.11724	0.38264	0.03946	0.03171	0.01789	0.01322	0.00658	0.00504	0.00158	0.00549	0.05617	0.00429	0.00704
52	0.35992	0.01607	0.01114	0.00986	0.01276	0.35812	0.00770	0.09822	0.05446	0.01855	0.00841	0.00933	0.00660	0.00504	0.00395	0.00141	0.00618	0.00322	0.00312	0.00594
53	0.01571	0.01011	0.01260	0.00973	0.01337	0.04566	0.06237	0.12159	0.03819	0.28740	0.02568	0.05746	0.01124	0.00584	0.00498	0.00134	0.02484	0.00484	0.00440	0.24267
54	0.01292	0.77665	0.07743	0.00878	0.01319	0.01891	0.00906	0.01477	0.01001	0.01183	0.00696	0.00805	0.00630	0.00424	0.00325	0.00108	0.00539	0.00269	0.00210	0.00637
55	0.74347	0.05489	0.00882	0.00708	0.01016	0.06650	0.00585	0.02795	0.00909	0.02094	0.00698	0.00810	0.00550	0.00460	0.00318	0.00148	0.00426	0.00272	0.00299	0.00545
56	0.04477	0.01264	0.01365	0.01072	0.01443	0.01391	0.00878	0.57104	0.13877	0.09982	0.01359	0.01313	0.00963	0.00599	0.00487	0.00151	0.00501	0.00459	0.00498	0.00817
57	0.02727	0.01230	0.01640	0.01294	0.01646	0.06650	0.21135	0.19149	0.24298	0.05416	0.02639	0.01741	0.03640	0.00619	0.00523	0.00161	0.00570	0.03793	0.00414	0.00715

[dist]
# distance from previous block
# <min> <max>
0	3

[block]
# block no. 5 follows, 51 sequences, length 96
# corresponding to MSA columns:
# 707-802
name=unknown_F
#
# <colnr> <probs for GDERKNQSTAVLIFYWHMCP>
#	G	D	E	R	K	N	Q	S	T	A	V	L	I	F	Y	W	H	M	C	P
0	0.01692	0.01393	0.05421	0.01093	0.01474	0.06586	0.00923	0.53149	0.08751	0.05822	0.01347	0.02483	0.02943	0.00607	0.00487	0.00147	0.00536	0.00465	0.00457	0.04225
1	0.00607	0.00432	0.00571	0.00675	0.00704	0.00405	0.00448	0.00692	0.00941	0.01257	0.04626	0.76300	0.03211	0.05707	0.00723	0.00213	0.00294	0.01349	0.00450	0.00396
2	0.01216	0.01168	0.01995	0.03016	0.79664	0.01168	0.01508	0.01508	0.01119	0.01605	0.00924	0.01216	0.00778	0.00438	0.00487	0.00146	0.00584	0.00438	0.00243	0.00778
3	0.00719	0.00560	0.00644	0.00638	0.00776	0.00538	0.00472	0.01045	0.11713	0.01632	0.27472	0.18776	0.28011	0.01124	0.00570	0.00167	0.00269	0.00974	0.03422	0.00478
4	0.00705	0.00499	0.00637	0.00603	0.00721	0.00461	0.00452	0.00932	0.01356	0.01934	0.71096	0.03595	0.07613	0.00986	0.00564	0.00152	0.00232	0.00867	0.06133	0.00461
5	0.01113	0.01062	0.01807	0.31277	0.52214	0.01140	0.01457	0.01417	0.01070	0.01480	0.00906	0.01250	0.00734	0.00457	0.00488	0.00152	0.00609	0.00437	0.00234	0.00695
6	0.01315	0.01060	0.01422	0.01555	0.23656	0.01079	0.03236	0.05899	0.29745	0.09574	0.01427	0.01456	0.01080	0.00534	0.00475	0.00143	0.00464	0.00467	0.00395	0.15020
7	0.86201	0.00950	0.00722	0.00646	0.00950	0.01102	0.00532	0.01445	0.00836	0.02205	0.00684	0.00798	0.00532	0.00456	0.00304	0.00152	0.00380	0.00266	0.00304	0.00532
8	0.01027	0.12721	0.70368	0.01330	0.02017	0.01243	0.01692	0.01546	0.01033	0.01506	0.00857	0.01006	0.00624	0.00461	0.00448	0.00149	0.00701	0.00350	0.00208	0.00714
9	0.01782	0.01384	0.01423	0.01120	0.01491	0.05565	0.00914	0.64193	0.12316	0.02863	0.01266	0.01251	0.00913	0.00596	0.00490	0.00149	0.00539	0.00451	0.00480	0.00814
10	0.00688	0.00502	0.00646	0.00610	0.00730	0.00460	0.00458	0.00913	0.01373	0.01928	0.74500	0.03741	0.09568	0.01020	0.00580	0.00155	0.00233	0.00899	0.00535	0.00460
11	0.01261	0.01011	0.01084	0.00968	0.01238	0.01151	0.00749	0.02499	0.69657	0.07136	0.01973	0.01894	0.01496	0.04889	0.00603	0.00182	0.00395	0.00560	0.00497	0.00757
12	0.01868	0.01376	0.01475	0.01131	0.01524	0.01524	0.00934	0.78025	0.02311	0.03097	0.01180	0.01180	0.00836	0.00590	0.00492	0.00147	0.00541	0.00442	0.00492	0.00836
13	0.00599	0.00428	0.00570	0.00684	0.00713	0.00399	0.00456	0.00684	0.00941	0.01254	0.02709	0.82409	0.03250	0.01540	0.00627	0.00200	0.00285	0.01397	0.00456	0.00399
14	0.00599	0.00428	0.00570	0.00684	0.00713	0.00399	0.00456	0.00684	0.00941	0.01254	0.02709	0.82409	0.03250	0.01540	0.00627	0.00200	0.00285	0.01397	0.00456	0.00399
15	0.01868	0.01376	0.01475	0.01131	0.01524	0.01524	0.00934	0.78025	0.02311	0.03097	0.01180	0.01180	0.00836	0.00590	0.00492	0.00147	0.00541	0.00442	0.00492	0.00836
16	0.00715	0.00476	0.00536	0.00536	0.00536	0.00476	0.00298	0.00715	0.00715	0.00953	0.01548	0.03216	0.01787	0.82729	0.02501	0.00476	0.00476	0.00715	0.00298	0.00298
17	0.00955	0.00818	0.00858	0.00793	0.01020	0.00880	0.00610	0.01810	0.45614	0.01782	0.07637	0.03009	0.30422	0.00900	0.00534	0.00166	0.00328	0.00753	0.00486	0.00626
18	0.01292	0.77721	0.07689	0.00878	0.01318	0.01892	0.00905	0.01477	0.01001	0.01183	0.00696	0.00805	0.00630	0.00423	0.00325	0.00108	0.00539	0.00269	0.00210	0.00637
19	0.00734	0.00511	0.00669	0.00625	0.00748	0.00470	0.00470	0.00965	0.01391	0.03982	0.77407	0.03619	0.04549	0.00994	0.00577	0.00154	0.00237	0.00879	0.00543	0.00473
20	0.00598	0.00432	0.00565	0.00672	0.00710	0.00400	0.00451	0.00686	0.00953	0.01259	0.02857	0.77315	0.08248	0.01520	0.00624	0.00197	0.00283	0.01373	0.00456	0.00400
21	0.01252	0.00982	0.01079	0.00954	0.01219	0.01095	0.00755	0.12508	0.49433	0.05479	0.12464	0.02232	0.01912	0.00745	0.00521	0.00166	0.00394	0.05578	0.00506	0.00724
22	0.80585	0.01055	0.05959	0.00696	0.01028	0.01105	0.00617	0.01452	0.00850	0.02162	0.00697	0.00814	0.00538	0.00457	0.00315	0.00152	0.00403	0.00272	0.00298	0.00545
23	0.01321	0.01463	0.01445	0.05383	0.01484	0.27389	0.03542	0.04709	0.01079	0.01297	0.01014	0.01279	0.05847	0.00724	0.01021	0.00176	0.39574	0.00439	0.00257	0.00557
24	0.01175	0.01014	0.04179	0.00889	0.01238	0.00947	0.00729	0.09313	0.29416	0.04244	0.06597	0.04223	0.01371	0.00589	0.00457	0.00129	0.00395	0.00487	0.00415	0.32193
25	0.01713	0.01438	0.01636	0.01344	0.05671	0.09355	0.08558	0.54297	0.01950	0.02565	0.01074	0.01161	0.00792	0.00573	0.00563	0.00151	0.05530	0.00442	0.00414	0.00771
26	0.01026	0.00859	0.01097	0.00969	0.05193	0.00835	0.05835	0.02751	0.20992	0.01679	0.01559	0.01734	0.05572	0.04119	0.08238	0.00203	0.00491	0.00488	0.09315	0.27045
27	0.00703	0.00524	0.00777	0.00777	0.00860	0.00607	0.00598	0.00869	0.00786	0.01131	0.01328	0.01997	0.01257	0.07757	0.76750	0.00774	0.01273	0.00536	0.00265	0.00432
28	0.01199	0.01150	0.01964	0.07635	0.75178	0.01163	0.01500	0.01493	0.01111	0.01585	0.00921	0.01222	0.00771	0.00441	0.00487	0.00147	0.00588	0.00438	0.00242	0.00765
29	0.01256	0.01072	0.01130	0.01007	0.01291	0.01238	0.00786	0.06495	0.74838	0.02109	0.01958	0.01800	0.01466	0.00663	0.00500	0.00166	0.00397	0.00550	0.00500	0.00781
30	0.00685	0.00502	0.00643	0.00608	0.00728	0.00459	0.00456	0.00908	0.01367	0.01914	0.72793	0.03765	0.11284	0.01026	0.00580	0.00156	0.00233	0.00902	0.00533	0.00459
31	0.07244	0.01303	0.01278	0.01052	0.01388	0.09152	0.00844	0.36173	0.26119	0.08194	0.01420	0.01368	0.01033	0.00598	0.00477	0.00152	0.00507	0.00458	0.00467	0.00771
32	0.02205	0.00836	0.01140	0.00874	0.01254	0.00722	0.00722	0.02395	0.01407	0.80004	0.01939	0.01673	0.01216	0.00608	0.00494	0.00152	0.00418	0.00494	0.00608	0.00836
33	0.01069	0.01018	0.01729	0.43083	0.40746	0.01129	0.01435	0.01379	0.01049	0.01427	0.00898	0.01264	0.00715	0.00465	0.00489	0.00155	0.00620	0.00437	0.00231	0.00660
34	0.02126	0.00854	0.01138	0.00884	0.01256	0.00762	0.00727	0.02412	0.07617	0.73747	0.01944	0.01686	0.01239	0.00613	0.00495	0.00153	0.00416	0.00499	0.00600	0.00832
35	0.00667	0.00499	0.00627	0.00659	0.00770	0.00459	0.00507	0.00841	0.01179	0.01560	0.29248	0.19888	0.23263	0.01245	0.00610	0.00181	0.00292	0.16584	0.00484	0.00436
36	0.00976	0.02495	0.78356	0.01380	0.02093	0.01125	0.01783	0.01537	0.01039	0.01551	0.00976	0.01122	0.02430	0.00485	0.00470	0.00156	0.00715	0.00379	0.00213	0.00719
37	0.01363	0.53122	0.04289	0.01196	0.10346	0.14629	0.02570	0.01550	0.01082	0.01254	0.00743	0.00881	0.00654	0.00435	0.00367	0.00115	0.00596	0.00302	0.00225	0.04279
38	0.01840	0.01363	0.01459	0.01125	0.01513	0.01511	0.00927	0.74801	0.05579	0.03053	0.01215	0.01208	0.00864	0.00593	0.00492	0.00148	0.00534	0.00447	0.00492	0.00833
39	0.00982	0.00912	0.01406	0.01130	0.01412	0.00923	0.22035	0.01630	0.26775	0.01798	0.21687	0.02564	0.13049	0.00763	0.00554	0.00163	0.00452	0.00714	0.00434	0.00616
40	0.00676	0.00502	0.00630	0.00598	0.00722	0.00455	0.00448	0.00890	0.01345	0.01862	0.66801	0.03850	0.17308	0.01045	0.00580	0.00156	0.00235	0.00914	0.00527	0.00455
41	0.00635	0.00490	0.00579	0.00577	0.00702	0.00435	0.00425	0.00802	0.01218	0.01607	0.38201	0.14833	0.35371	0.01177	0.00587	0.00165	0.00246	0.01019	0.00494	0.00435
42	0.01098	0.01047	0.01781	0.35196	0.48407	0.01137	0.01449	0.01405	0.01063	0.01462	0.00904	0.01255	0.00728	0.00460	0.00488	0.00153	0.00613	0.00437	0.00233	0.00683
43	0.00599	0.00428	0.00570	0.00684	0.00713	0.00399	0.00456	0.00684	0.00941	0.01254	0.02709	0.82409	0.03250	0.01540	0.00627	0.00200	0.00285	0.01397	0.00456	0.00399
44	0.01019	0.00873	0.01019	0.00728	0.01165	0.00655	0.00582	0.01237	0.01019	0.01601	0.00873	0.01019	0.00728	0.00364	0.00364	0.00073	0.00364	0.00291	0.00291	0.85734
45	0.00792	0.00566	0.00792	0.00905	0.01018	0.00566	0.00792	0.01018	0.01131	0.01471	0.02602	0.05543	0.02828	0.01358	0.00679	0.00226	0.00453	0.76356	0.00453	0.00453
46	0.01393	0.00985	0.01344	0.09046	0.04116	0.04235	0.09642	0.16754	0.01328	0.18117	0.02673	0.07012	0.01244	0.11990	0.05345	0.00238	0.02934	0.00575	0.00394	0.00636
47	0.07684	0.00864	0.01117	0.00870	0.01240	0.00786	0.00716	0.03545	0.05368	0.69641	0.01847	0.01615	0.01180	0.00601	0.00482	0.00153	0.00416	0.00482	0.00581	0.00813
48	0.00710	0.00475	0.00537	0.00542	0.00543	0.00473	0.00304	0.00713	0.00724	0.00965	0.01594	0.06334	0.01844	0.79533	0.02427	0.00466	0.00469	0.00742	0.00304	0.00302
49	0.01181	0.01420	0.08619	0.02194	0.18899	0.03854	0.53217	0.01572	0.01149	0.01567	0.00963	0.01266	0.00739	0.00426	0.00547	0.00159	0.00770	0.00524	0.00244	0.00689
50	0.01043	0.15311	0.65550	0.01331	0.02002	0.01272	0.03910	0.01543	0.01035	0.01493	0.00854	0.01006	0.00627	0.00458	0.00446	0.00148	0.00697	0.00354	0.00209	0.00709
51	0.00678	0.00502	0.00632	0.00599	0.00723	0.00456	0.00450	0.00893	0.01349	0.01870	0.67721	0.03837	0.16383	0.01042	0.00580	0.00156	0.00235	0.00912	0.00528	0.00456
52	0.00715	0.00476	0.00536	0.00536	0.00536	0.00476	0.00298	0.00715	0.00715	0.00953	0.01548	0.03216	0.01787	0.82729	0.02501	0.00476	0.00476	0.00715	0.00298	0.00298
53	0.05999	0.07734	0.02186	0.05479	0.19950	0.07585	0.31277	0.04831	0.02902	0.01595	0.00924	0.01185	0.00735	0.00470	0.00557	0.00154	0.05043	0.00463	0.00261	0.00670
54	0.01112	0.33533	0.50299	0.01185	0.01794	0.01451	0.01440	0.01524	0.01023	0.01402	0.00805	0.00942	0.00626	0.00449	0.00409	0.00136	0.00649	0.00324	0.00209	0.00689
55	0.01207	0.01209	0.01136	0.01029	0.01182	0.23237	0.00808	0.09321	0.01119	0.01390	0.01047	0.01419	0.00928	0.01926	0.34782	0.00425	0.14063	0.00441	0.02797	0.00533
56	0.01019	0.00873	0.01019	0.00728	0.01165	0.00655	0.00582	0.01237	0.01019	0.01601	0.00873	0.01019	0.00728	0.00364	0.00364	0.00073	0.00364	0.00291	0.00291	0.85734
57	0.01272	0.72799	0.12436	0.00912	0.01371	0.01842	0.00965	0.01482	0.01003	0.01207	0.00708	0.00820	0.00630	0.00426	0.00335	0.00112	0.00551	0.00276	0.00210	0.00643
58	0.01078	0.00633	0.00741	0.00665	0.00871	0.00573	0.00509	0.05838	0.02358	0.20570	0.07880	0.12393	0.37557	0.05258	0.00657	0.00181	0.00325	0.00878	0.00493	0.00543
59	0.00695	0.00476	0.00580	0.00625	0.00648	0.00468	0.00407	0.00748	0.00831	0.01103	0.01997	0.24402	0.02314	0.50283	0.01760	0.00369	0.00423	0.11166	0.00361	0.00346
60	0.00649	0.00501	0.00592	0.00569	0.00706	0.00444	0.00427	0.00837	0.01281	0.01710	0.49185	0.04101	0.35019	0.01102	0.00580	0.00159	0.00239	0.00949	0.00507	0.00444
61	0.00928	0.00873	0.01474	0.81548	0.03385	0.01092	0.01365	0.01256	0.00983	0.01256	0.00873	0.01310	0.00655	0.00491	0.00491	0.00164	0.00655	0.00437	0.00218	0.00546
62	0.00691	0.00502	0.00650	0.00613	0.00731	0.00462	0.00460	0.00918	0.01380	0.01943	0.76232	0.03716	0.07827	0.01015	0.00580	0.00155	0.00233	0.00895	0.00537	0.00462
63	0.00631	0.00506	0.00571	0.00596	0.00738	0.00446	0.00463	0.00781	0.01135	0.01409	0.11385	0.10239	0.53211	0.01263	0.00602	0.00178	0.00287	0.14671	0.00464	0.00425
64	0.01160	0.01326	0.02900	0.02071	0.02568	0.01243	0.77879	0.01574	0.01160	0.01574	0.00994	0.01326	0.00746	0.00414	0.00580	0.00166	0.00829	0.00580	0.00249	0.00663
65	0.00678	0.00502	0.00633	0.00600	0.00724	0.00456	0.00450	0.00894	0.01350	0.01874	0.68235	0.03830	0.15866	0.01041	0.00580	0.00156	0.00234	0.00911	0.00528	0.00456
66	0.00581	0.00498	0.00498	0.00498	0.00664	0.00415	0.00373	0.00705	0.01120	0.01328	0.04978	0.04729	0.79464	0.01245	0.00581	0.00166	0.00249	0.01037	0.00456	0.00415
67	0.00792	0.00566	0.00792	0.00905	0.01018	0.00566	0.00792	0.01018	0.01131	0.01471	0.02602	0.05543	0.02828	0.01358	0.00679	0.00226	0.00453	0.76356	0.00453	0.00453
68	0.00673	0.00497	0.00629	0.00606	0.00723	0.00453	0.00451	0.00881	0.01324	0.01835	0.64153	0.09005	0.14798	0.01073	0.00583	0.00159	0.00238	0.00943	0.00524	0.00453
69	0.00928	0.00873	0.01474	0.81548	0.03385	0.01092	0.01365	0.01256	0.00983	0.01256	0.00873	0.01310	0.00655	0.00491	0.00491	0.00164	0.00655	0.00437	0.00218	0.00546
70	0.00599	0.00428	0.00570	0.00684	0.00713	0.00399	0.00456	0.00684	0.00941	0.01254	0.02709	0.82409	0.03250	0.01540	0.00627	0.00200	0.00285	0.01397	0.00456	0.00399
71	0.01152	0.01378	0.06204	0.02043	0.02549	0.01238	0.74627	0.01573	0.01155	0.01573	0.00989	0.01313	0.00740	0.00417	0.00575	0.00165	0.00824	0.00571	0.00247	0.00666
72	0.00928	0.00873	0.01474	0.81548	0.03385	0.01092	0.01365	0.01256	0.00983	0.01256	0.00873	0.01310	0.00655	0.00491	0.00491	0.00164	0.00655	0.00437	0.00218	0.00546
73	0.00691	0.00502	0.00651	0.00614	0.00731	0.00462	0.00460	0.00919	0.01380	0.01945	0.76474	0.03713	0.07583	0.01014	0.00580	0.00155	0.00233	0.00895	0.00538	0.00462
74	0.01138	0.00970	0.01038	0.00957	0.01201	0.01111	0.00734	0.02350	0.68207	0.01947	0.02096	0.12774	0.01738	0.00785	0.00517	0.00171	0.00375	0.00670	0.00494	0.00726
75	0.00696	0.00479	0.00531	0.00531	0.00553	0.00468	0.00308	0.00713	0.00770	0.01004	0.02015	0.03422	0.12362	0.71635	0.02240	0.00434	0.00445	0.00759	0.00319	0.00314
76	0.01265	0.01077	0.01135	0.01009	0.01294	0.01242	0.00788	0.07557	0.73762	0.02124	0.01946	0.01791	0.01457	0.00662	0.00499	0.00165	0.00399	0.00548	0.00499	0.00782
77	0.02126	0.00854	0.01138	0.00884	0.01256	0.00763	0.00727	0.02412	0.07635	0.73729	0.01944	0.01686	0.01239	0.00613	0.00495	0.00153	0.00416	0.00499	0.00600	0.00832
78	0.00599	0.00428	0.00570	0.00684	0.00713	0.00399	0.00456	0.00684	0.00941	0.01254	0.02709	0.82409	0.03250	0.01540	0.00627	0.00200	0.00285	0.01397	0.00456	0.00399
79	0.01049	0.01039	0.01500	0.15619	0.01664	0.01431	0.01127	0.01196	0.00794	0.01196	0.00686	0.01117	0.00647	0.00794	0.01413	0.00206	0.67337	0.00431	0.00216	0.00539
80	0.01341	0.01631	0.04955	0.01774	0.02195	0.23102	0.50027	0.01716	0.04301	0.01485	0.00961	0.01212	0.00739	0.00458	0.00550	0.00155	0.02000	0.00497	0.00258	0.00642
81	0.00702	0.00527	0.00790	0.00790	0.00878	0.00614	0.00614	0.00878	0.00790	0.01141	0.01316	0.01931	0.01229	0.03686	0.80782	0.00790	0.01316	0.00527	0.00263	0.00439
82	0.00599	0.00428	0.00570	0.00684	0.00713	0.00399	0.00456	0.00684	0.00941	0.01254	0.02709	0.82409	0.03250	0.01540	0.00627	0.00200	0.00285	0.01397	0.00456	0.00399
83	0.86201	0.00950	0.00722	0.00646	0.00950	0.01102	0.00532	0.01445	0.00836	0.02205	0.00684	0.00798	0.00532	0.00456	0.00304	0.00152	0.00380	0.00266	0.00304	0.00532
84	0.00599	0.00428	0.00570	0.00684	0.00713	0.00399	0.00456	0.00684	0.00941	0.01254	0.02709	0.82409	0.03250	0.01540	0.00627	0.00200	0.00285	0.01397	0.00456	0.00399
85	0.04541	0.01503	0.01389	0.01132	0.01463	0.17425	0.00910	0.47348	0.11681	0.02473	0.01160	0.01186	0.00861	0.00590	0.00525	0.00149	0.04061	0.00425	0.00427	0.00752
86	0.01972	0.00938	0.01167	0.00916	0.01279	0.00901	0.00750	0.14889	0.10434	0.55203	0.01940	0.01730	0.04267	0.00637	0.00498	0.00154	0.00428	0.00514	0.00570	0.00813
87	0.00986	0.02542	0.80183	0.01401	0.02127	0.01141	0.01816	0.01556	0.01038	0.01556	0.00882	0.01038	0.00623	0.00467	0.00467	0.00156	0.00726	0.00363	0.00208	0.00726
88	0.00613	0.00441	0.00600	0.00699	0.00735	0.00428	0.00478	0.00711	0.00920	0.01239	0.02519	0.71452	0.02975	0.01832	0.11540	0.00280	0.00426	0.01279	0.00430	0.00405
89	0.00681	0.00501	0.00624	0.00597	0.00711	0.00459	0.00441	0.00876	0.01286	0.01773	0.59618	0.03834	0.16232	0.07966	0.00744	0.00185	0.00259	0.02265	0.00505	0.00442
90	0.07043	0.01584	0.01780	0.03638	0.09558	0.32189	0.23310	0.01686	0.01216	0.05478	0.01067	0.01265	0.03342	0.00635	0.03921	0.00174	0.00773	0.00447	0.00279	0.00618
91	0.01200	0.01148	0.01617	0.01239	0.01580	0.08639	0.23804	0.12267	0.01300	0.01772	0.08556	0.06772	0.01296	0.00593	0.00545	0.00140	0.04038	0.00544	0.03826	0.19123
92	0.43370	0.01170	0.01107	0.00931	0.01207	0.08811	0.02472	0.13634	0.01160	0.07982	0.00866	0.00988	0.00664	0.00555	0.00570	0.00159	0.13058	0.00348	0.00337	0.00611
93	0.01178	0.00983	0.01307	0.13194	0.06826	0.01041	0.03955	0.17437	0.09266	0.01876	0.03659	0.02037	0.01283	0.00678	0.00563	0.00155	0.04687	0.13045	0.00369	0.16462
94	0.02493	0.04711	0.10225	0.15430	0.27817	0.01227	0.07058	0.02491	0.02076	0.01461	0.00927	0.03590	0.00794	0.00611	0.01868	0.00174	0.15689	0.00460	0.00244	0.00655
95	0.01273	0.01083	0.03395	0.18820	0.34046	0.03847	0.04426	0.02771	0.01132	0.12846	0.01232	0.01480	0.03961	0.02318	0.02077	0.00173	0.03652	0.00477	0.00304	0.00685

[dist]
# distance from previous block
# <min> <max>
31	85

[block]
# block no. 6 follows, 51 sequences, length 7
# corresponding to MSA columns:
# 914-920
name=unknown_G
#
# <colnr> <probs for GDERKNQSTAVLIFYWHMCP>
#	G	D	E	R	K	N	Q	S	T	A	V	L	I	F	Y	W	H	M	C	P
0	0.01141	0.00922	0.01167	0.00871	0.01271	0.00782	0.06030	0.06621	0.06355	0.06043	0.03296	0.04333	0.01021	0.00479	0.00420	0.00102	0.00406	0.00410	0.00347	0.57983
1	0.01335	0.40760	0.04028	0.00884	0.01263	0.01445	0.00810	0.12674	0.05735	0.06613	0.04666	0.01208	0.00988	0.00723	0.06017	0.00166	0.00544	0.00374	0.00321	0.09445
2	0.00885	0.03786	0.06212	0.00886	0.01060	0.00769	0.00765	0.07364	0.04799	0.01577	0.06816	0.21031	0.08516	0.01147	0.00662	0.00192	0.05600	0.26990	0.00424	0.00515
3	0.01124	0.00879	0.00955	0.00840	0.01032	0.06170	0.00654	0.16125	0.05946	0.06481	0.29602	0.10396	0.10220	0.00914	0.00621	0.00162	0.06074	0.00754	0.00474	0.00577
4	0.05278	0.01060	0.05826	0.06104	0.01477	0.03254	0.07200	0.05328	0.01113	0.06354	0.03436	0.04908	0.00972	0.00522	0.00508	0.00123	0.05648	0.00426	0.00317	0.40145
5	0.01223	0.27535	0.26058	0.01182	0.06531	0.01364	0.01163	0.12167	0.01211	0.01649	0.00946	0.01207	0.00785	0.00498	0.00421	0.00131	0.00570	0.04032	0.00273	0.11053
6	0.04356	0.00901	0.00969	0.07423	0.01221	0.05935	0.00687	0.19657	0.03240	0.08950	0.07865	0.11338	0.05262	0.02190	0.01997	0.00167	0.00439	0.00620	0.16188	0.00595

[dist]
# distance from previous block
# <min> <max>
6	79

[block]
# block no. 7 follows, 51 sequences, length 9
# corresponding to MSA columns:
# 1012-1020
name=unknown_H
#
# <colnr> <probs for GDERKNQSTAVLIFYWHMCP>
#	G	D	E	R	K	N	Q	S	T	A	V	L	I	F	Y	W	H	M	C	P
0	0.06449	0.03768	0.03212	0.06387	0.05743	0.02285	0.04212	0.16168	0.02682	0.07584	0.05037	0.06889	0.02912	0.01871	0.01922	0.00160	0.06241	0.00510	0.00364	0.15603
1	0.17133	0.01127	0.01147	0.00960	0.01254	0.10856	0.05697	0.14696	0.07765	0.03523	0.05254	0.01884	0.06947	0.02193	0.00527	0.00156	0.02039	0.06338	0.00380	0.10125
2	0.01387	0.03788	0.04062	0.01219	0.06923	0.05767	0.12351	0.08365	0.07197	0.18173	0.05165	0.08467	0.03559	0.00641	0.00499	0.00147	0.00510	0.00568	0.00404	0.10808
3	0.01179	0.15604	0.22917	0.01164	0.01624	0.01160	0.11681	0.04744	0.07959	0.07552	0.01444	0.01716	0.06131	0.00591	0.00477	0.00148	0.00566	0.05775	0.00322	0.07248
4	0.06850	0.01175	0.01260	0.01013	0.01324	0.13942	0.09158	0.09573	0.06902	0.01717	0.01221	0.01405	0.04221	0.03045	0.03134	0.00160	0.04223	0.00431	0.06294	0.22951
5	0.03458	0.06411	0.00959	0.00872	0.05567	0.00685	0.02285	0.01157	0.03214	0.10895	0.08515	0.25003	0.15930	0.03031	0.00597	0.00176	0.00364	0.07181	0.00434	0.03266
6	0.01226	0.59654	0.15182	0.06330	0.01620	0.01716	0.05581	0.01477	0.01013	0.01253	0.00747	0.00895	0.00638	0.00432	0.00367	0.00121	0.00585	0.00309	0.00213	0.00643
7	0.06613	0.07033	0.40097	0.01270	0.07084	0.01082	0.01310	0.03571	0.01066	0.01580	0.03836	0.06102	0.03734	0.00677	0.00553	0.00164	0.05378	0.07927	0.00282	0.00639
8	0.01470	0.03601	0.18850	0.11187	0.03856	0.01088	0.14010	0.08195	0.06004	0.24824	0.01300	0.01365	0.00898	0.00523	0.00497	0.00156	0.00599	0.00465	0.00376	0.00737

[dist]
# distance from previous block
# <min> <max>
0	2

[block]
# block no. 8 follows, 51 sequences, length 17
# corresponding to MSA columns:
# 1023-1039
name=unknown_I
#
# <colnr> <probs for GDERKNQSTAVLIFYWHMCP>
#	G	D	E	R	K	N	Q	S	T	A	V	L	I	F	Y	W	H	M	C	P
