[name]
unknown

[dist]
# distance from previous block
# <min> <max>
0	57

[block]
# block no. 0 follows, 55 sequences, length 6
# corresponding to MSA columns:
# 57-62
name=unknown_A
#
# <colnr> <probs for GDERKNQSTAVLIFYWHMCP>
#	G	D	E	R	K	N	Q	S	T	A	V	L	I	F	Y	W	H	M	C	P
0	0.00727	0.00519	0.00724	0.00831	0.00928	0.00516	0.00710	0.00925	0.01049	0.01367	0.02476	0.14947	0.02727	0.01307	0.00637	0.00211	0.00409	0.68142	0.00429	0.00422
1	0.12358	0.00794	0.00981	0.00797	0.01102	0.00752	0.00650	0.08512	0.01294	0.51366	0.05678	0.07752	0.01409	0.00670	0.00466	0.00150	0.00384	0.03681	0.00511	0.00693
2	0.06705	0.00897	0.01016	0.00844	0.01122	0.00930	0.00670	0.24081	0.12754	0.19899	0.03376	0.10540	0.04562	0.03278	0.02951	0.00174	0.00424	0.00569	0.00455	0.04753
3	0.00837	0.00591	0.00797	0.13142	0.01178	0.00611	0.00632	0.04099	0.05529	0.07749	0.11363	0.35147	0.07983	0.01147	0.03706	0.00192	0.00384	0.04018	0.00415	0.00480
4	0.08333	0.00903	0.01172	0.16154	0.05764	0.04204	0.05961	0.13040	0.06197	0.06484	0.06998	0.07187	0.05278	0.00812	0.03703	0.03980	0.00507	0.02405	0.00351	0.00567
5	0.05063	0.00932	0.01352	0.14042	0.09814	0.06504	0.15889	0.04190	0.04151	0.01465	0.06533	0.08782	0.09918	0.04457	0.02570	0.00179	0.00534	0.00609	0.02481	0.00536

[dist]
# distance from previous block
# <min> <max>
15	44

[block]
# block no. 1 follows, 55 sequences, length 9
# corresponding to MSA columns:
# 128-136
name=unknown_B
#
# <colnr> <probs for GDERKNQSTAVLIFYWHMCP>
#	G	D	E	R	K	N	Q	S	T	A	V	L	I	F	Y	W	H	M	C	P
0	0.04044	0.05745	0.01451	0.03944	0.01477	0.08663	0.07178	0.33816	0.08139	0.07329	0.01074	0.01140	0.00799	0.00528	0.00510	0.00138	0.05634	0.00404	0.00374	0.07613
1	0.00730	0.00710	0.07375	0.07391	0.01118	0.00646	0.05830	0.00898	0.00792	0.01102	0.01306	0.07092	0.01318	0.26459	0.34655	0.00489	0.00823	0.00586	0.00262	0.00418
2	0.04155	0.00986	0.01318	0.12408	0.15692	0.08609	0.07236	0.03200	0.07183	0.12707	0.03165	0.11927	0.01251	0.02221	0.03003	0.00176	0.02114	0.01710	0.00340	0.00600
3	0.01570	0.01184	0.01451	0.01234	0.07118	0.03139	0.07458	0.40200	0.14640	0.11524	0.01265	0.01276	0.00913	0.00558	0.00520	0.00147	0.04182	0.00450	0.00426	0.00746
4	0.01477	0.01139	0.01329	0.01032	0.01371	0.02986	0.07084	0.47912	0.06658	0.05210	0.07781	0.01541	0.05467	0.00600	0.00475	0.00139	0.00478	0.00491	0.00436	0.06395
5	0.01116	0.02448	0.07764	0.02578	0.13254	0.05203	0.02144	0.03002	0.01063	0.07903	0.01100	0.03845	0.00952	0.00507	0.00423	0.00115	0.00458	0.06631	0.00302	0.39192
6	0.02209	0.07534	0.09750	0.00972	0.09362	0.00758	0.01784	0.01057	0.02400	0.01358	0.14002	0.05873	0.02926	0.17815	0.08876	0.00262	0.00513	0.04570	0.00313	0.07666
7	0.00751	0.07552	0.11795	0.00809	0.01034	0.00703	0.05855	0.00974	0.01023	0.01397	0.22754	0.09431	0.13335	0.04827	0.15420	0.00271	0.00546	0.00698	0.00350	0.00475
8	0.08310	0.09585	0.18278	0.05242	0.11645	0.02468	0.06980	0.09546	0.07207	0.02855	0.08877	0.01323	0.01086	0.00527	0.00489	0.00144	0.04072	0.00430	0.00299	0.00638

[dist]
# distance from previous block
# <min> <max>
0	2

[block]
# block no. 2 follows, 55 sequences, length 25
# corresponding to MSA columns:
# 139-163
name=unknown_C
#
# <colnr> <probs for GDERKNQSTAVLIFYWHMCP>
#	G	D	E	R	K	N	Q	S	T	A	V	L	I	F	Y	W	H	M	C	P
0	0.09818	0.02711	0.07985	0.03571	0.01122	0.04391	0.02503	0.04420	0.01037	0.01511	0.06534	0.15408	0.13503	0.00808	0.02382	0.00149	0.00414	0.00619	0.00335	0.20778
1	0.04503	0.10116	0.21645	0.04330	0.17746	0.01206	0.02367	0.17237	0.06357	0.05335	0.00987	0.01099	0.00743	0.00469	0.00431	0.00137	0.00544	0.00380	0.00300	0.04066
2	0.01081	0.02255	0.19881	0.03437	0.16127	0.07989	0.13587	0.05968	0.02993	0.01551	0.09005	0.02798	0.04396	0.00558	0.00531	0.00147	0.04662	0.00489	0.00282	0.02263
3	0.00957	0.00834	0.01230	0.01103	0.04784	0.05353	0.13571	0.05823	0.02574	0.04147	0.01226	0.06093	0.01116	0.04610	0.40003	0.00452	0.04797	0.00533	0.00284	0.00512
4	0.00995	0.00816	0.00961	0.05658	0.01195	0.00829	0.00660	0.01626	0.31378	0.03928	0.06566	0.01689	0.04117	0.00927	0.10526	0.00203	0.00471	0.00475	0.00374	0.26606
5	0.03231	0.34080	0.21964	0.01496	0.20213	0.04106	0.06078	0.01442	0.01000	0.01340	0.00769	0.00936	0.00633	0.00416	0.00392	0.00126	0.00584	0.00332	0.00212	0.00650
6	0.00660	0.00481	0.00648	0.00640	0.00714	0.00509	0.00467	0.00796	0.00874	0.01221	0.19010	0.02622	0.06333	0.21643	0.40736	0.00513	0.00777	0.00642	0.00325	0.00388
7	0.00961	0.04534	0.72112	0.01313	0.01963	0.01099	0.04772	0.03277	0.01022	0.01507	0.02731	0.01049	0.00689	0.00454	0.00445	0.00146	0.00671	0.00363	0.00212	0.00679
8	0.00715	0.00539	0.00616	0.00574	0.00738	0.00490	0.00436	0.00972	0.07369	0.04782	0.33351	0.03644	0.39236	0.00996	0.00533	0.00150	0.00250	0.00848	0.00467	0.03295
9	0.01200	0.00954	0.02671	0.00869	0.01125	0.01008	0.00698	0.27547	0.25607	0.03180	0.18900	0.03733	0.05611	0.04073	0.00569	0.00161	0.00386	0.00598	0.00464	0.00648
10	0.01203	0.01141	0.02717	0.14559	0.49820	0.06395	0.03979	0.03179	0.05696	0.05373	0.00971	0.01200	0.00768	0.00450	0.00463	0.00142	0.00572	0.00420	0.00263	0.00690
11	0.01445	0.43147	0.01867	0.01007	0.03351	0.33439	0.00840	0.04645	0.01146	0.01219	0.00731	0.00843	0.00630	0.00442	0.00358	0.00110	0.00625	0.00287	0.03287	0.00580
12	0.01056	0.00857	0.02638	0.00714	0.01128	0.00635	0.00586	0.01268	0.00995	0.08045	0.00910	0.01016	0.00725	0.00366	0.00357	0.00077	0.00356	0.00293	0.00299	0.77681
13	0.01128	0.01330	0.16312	0.01236	0.09549	0.09208	0.08256	0.01451	0.04148	0.05983	0.04901	0.01194	0.00904	0.00463	0.00475	0.00122	0.04119	0.00385	0.00282	0.28555
14	0.01006	0.10744	0.68963	0.01267	0.01910	0.01148	0.03067	0.01492	0.00992	0.04062	0.00851	0.00983	0.00611	0.00441	0.00430	0.00142	0.00660	0.00342	0.00210	0.00680
15	0.00808	0.00404	0.00606	0.00606	0.00606	0.00404	0.00404	0.00606	0.00606	0.00808	0.00808	0.01414	0.00808	0.01616	0.01818	0.86465	0.00404	0.00404	0.00202	0.00202
16	0.02510	0.01224	0.10243	0.03355	0.45198	0.03913	0.05620	0.05360	0.03280	0.06678	0.01181	0.02739	0.04063	0.00508	0.00470	0.00144	0.00551	0.01986	0.00284	0.00692
17	0.00699	0.00510	0.00709	0.00697	0.00754	0.00585	0.00515	0.00813	0.00733	0.01057	0.01266	0.02074	0.01257	0.23351	0.51961	0.02830	0.05531	0.00533	0.03742	0.00382
18	0.00658	0.00476	0.00622	0.00585	0.00695	0.00439	0.00439	0.00878	0.01317	0.01866	0.80503	0.03475	0.04390	0.00951	0.00549	0.00146	0.00219	0.00841	0.00512	0.00439
19	0.00979	0.02254	0.69481	0.01452	0.06735	0.03372	0.06355	0.01482	0.01003	0.01468	0.00840	0.01005	0.00605	0.00438	0.00449	0.00147	0.00690	0.00359	0.00202	0.00683
20	0.00978	0.04575	0.01472	0.66479	0.02859	0.05947	0.03479	0.01259	0.00954	0.02388	0.00820	0.01189	0.00628	0.00480	0.00510	0.00153	0.04682	0.00404	0.00215	0.00529
21	0.00626	0.00438	0.00564	0.00640	0.00697	0.00411	0.00440	0.00748	0.02608	0.03200	0.04922	0.66761	0.09625	0.01414	0.02675	0.00196	0.00295	0.01202	0.02139	0.00401
22	0.00579	0.00420	0.00542	0.00634	0.00676	0.00391	0.00432	0.00667	0.00906	0.01191	0.02721	0.67861	0.10706	0.05329	0.00676	0.00199	0.00283	0.04985	0.00425	0.00377
23	0.05092	0.00844	0.01079	0.12852	0.06651	0.00743	0.00725	0.01284	0.02290	0.06377	0.02168	0.01098	0.00773	0.00399	0.00380	0.00097	0.00401	0.00329	0.00289	0.56131
24	0.00973	0.00796	0.02965	0.00969	0.08540	0.00702	0.03349	0.05312	0.02421	0.05842	0.05765	0.08611	0.01308	0.07818	0.12807	0.00238	0.00530	0.00512	0.00322	0.30221

[dist]
# distance from previous block
# <min> <max>
0	1

[block]
# block no. 3 follows, 55 sequences, length 6
# corresponding to MSA columns:
# 165-170
name=unknown_D
#
# <colnr> <probs for GDERKNQSTAVLIFYWHMCP>
#	G	D	E	R	K	N	Q	S	T	A	V	L	I	F	Y	W	H	M	C	P
0	0.01115	0.04879	0.16345	0.04398	0.22287	0.01001	0.04620	0.04728	0.06388	0.06923	0.03107	0.06288	0.01001	0.00528	0.00474	0.00137	0.02357	0.00459	0.00297	0.12670
1	0.00937	0.00810	0.00876	0.05795	0.01100	0.05141	0.00635	0.03806	0.31199	0.01692	0.21931	0.07171	0.09820	0.03100	0.03738	0.00185	0.00393	0.00677	0.00434	0.00560
2	0.00586	0.00468	0.00525	0.00520	0.00653	0.00407	0.00386	0.00735	0.01133	0.01451	0.29357	0.09231	0.50661	0.01122	0.00552	0.00156	0.00233	0.00958	0.00458	0.00407
3	0.00982	0.00853	0.01051	0.00891	0.08515	0.00665	0.00633	0.01195	0.00973	0.01516	0.00831	0.00982	0.00694	0.00351	0.00355	0.00075	0.00364	0.00289	0.00271	0.78513
4	0.01093	0.01179	0.11060	0.04889	0.23250	0.02889	0.12244	0.04571	0.12917	0.03844	0.03411	0.04132	0.02518	0.00628	0.02397	0.00162	0.00556	0.03751	0.00310	0.04199
5	0.00928	0.00705	0.00840	0.00656	0.00962	0.00559	0.00511	0.01113	0.01037	0.06865	0.13958	0.06170	0.07480	0.03794	0.00492	0.00114	0.00320	0.00503	0.00354	0.52638

[dist]
# distance from previous block
# <min> <max>
3	6

[block]
# block no. 4 follows, 55 sequences, length 12
# corresponding to MSA columns:
# 177-188
name=unknown_E
#
# <colnr> <probs for GDERKNQSTAVLIFYWHMCP>
#	G	D	E	R	K	N	Q	S	T	A	V	L	I	F	Y	W	H	M	C	P
0	0.01132	0.04985	0.29209	0.01480	0.17087	0.03105	0.05422	0.07173	0.07751	0.04682	0.05026	0.01239	0.00932	0.00489	0.00471	0.00139	0.02248	0.00411	0.00285	0.06733
1	0.00836	0.00596	0.00796	0.00760	0.00874	0.00662	0.00581	0.11013	0.00960	0.03464	0.01413	0.11002	0.01376	0.09792	0.53001	0.00564	0.00949	0.00595	0.00309	0.00458
2	0.01008	0.00819	0.00958	0.00721	0.01089	0.00666	0.00571	0.05497	0.03659	0.03681	0.01044	0.07181	0.00920	0.00528	0.02267	0.00102	0.00371	0.00380	0.00312	0.68225
3	0.01796	0.01259	0.01369	0.01049	0.01421	0.01377	0.00867	0.72564	0.02114	0.09669	0.01179	0.01157	0.00822	0.00560	0.00466	0.00140	0.00502	0.00423	0.00475	0.00791
4	0.76908	0.04512	0.06768	0.00673	0.00995	0.01080	0.00607	0.01376	0.00812	0.02000	0.00662	0.00772	0.00514	0.00431	0.00300	0.00142	0.00390	0.00259	0.00277	0.00521
5	0.00790	0.00415	0.00616	0.00616	0.00624	0.00423	0.00417	0.00630	0.00622	0.00837	0.00873	0.01512	0.00873	0.04712	0.09478	0.75219	0.00486	0.00423	0.00209	0.00225
6	0.01106	0.00982	0.01538	0.10066	0.40876	0.01012	0.05106	0.08108	0.07337	0.03301	0.10303	0.01659	0.05441	0.00553	0.00482	0.00145	0.00495	0.00510	0.00317	0.00663
7	0.01087	0.00874	0.01010	0.00739	0.01140	0.00717	0.00593	0.08000	0.04530	0.04852	0.00939	0.01036	0.00748	0.00385	0.00366	0.00082	0.00362	0.00307	0.00313	0.71919
8	0.01187	0.01007	0.01751	0.01259	0.01689	0.00870	0.34502	0.01470	0.01076	0.13175	0.01024	0.01181	0.00764	0.00399	0.00451	0.00118	0.00542	0.00422	0.00302	0.36810
9	0.05640	0.01111	0.01331	0.04976	0.25512	0.10085	0.02026	0.15095	0.08279	0.05460	0.03498	0.05066	0.02072	0.00571	0.00455	0.00142	0.00501	0.01748	0.05783	0.00651
10	0.01261	0.06155	0.29962	0.01130	0.06584	0.04542	0.01095	0.03606	0.01122	0.19896	0.03962	0.04842	0.01065	0.00558	0.00449	0.00138	0.00524	0.03492	0.00334	0.09285
11	0.03496	0.18207	0.32486	0.01255	0.08178	0.06676	0.02949	0.10946	0.03182	0.04344	0.00886	0.00996	0.00673	0.00452	0.00413	0.00132	0.00591	0.00346	0.00261	0.03531

[dist]
# distance from previous block
# <min> <max>
0	4

[block]
# block no. 5 follows, 55 sequences, length 23
# corresponding to MSA columns:
# 193-215
name=unknown_F
#
# <colnr> <probs for GDERKNQSTAVLIFYWHMCP>
#	G	D	E	R	K	N	Q	S	T	A	V	L	I	F	Y	W	H	M	C	P
0	0.06235	0.05058	0.05898	0.03448	0.19015	0.00931	0.03041	0.07019	0.06001	0.08001	0.05916	0.13428	0.03370	0.00669	0.00492	0.00146	0.02742	0.00573	0.03116	0.04903
1	0.03346	0.27643	0.10625	0.01354	0.14643	0.14244	0.04826	0.08891	0.04998	0.02903	0.00857	0.00981	0.00691	0.00455	0.00417	0.00127	0.01746	0.00345	0.00260	0.00648
2	0.03640	0.00711	0.01875	0.03662	0.02932	0.04910	0.03121	0.02123	0.00924	0.04609	0.03142	0.30833	0.01776	0.05647	0.12994	0.00270	0.08927	0.00769	0.06678	0.00458
3	0.04514	0.00938	0.03844	0.00932	0.08293	0.00761	0.00692	0.04371	0.05600	0.01619	0.00898	0.01024	0.00729	0.00383	0.00368	0.00089	0.00384	0.00310	0.00288	0.63963
4	0.00673	0.00493	0.00739	0.00739	0.00818	0.00571	0.00571	0.00818	0.00739	0.01064	0.01221	0.01804	0.01142	0.03380	0.77162	0.05726	0.01197	0.00493	0.00246	0.00403
5	0.00701	0.00509	0.00644	0.00626	0.00649	0.00562	0.00419	0.00755	0.00712	0.00986	0.03208	0.02592	0.01538	0.55342	0.21674	0.00496	0.07362	0.00615	0.00273	0.00337
6	0.00615	0.00471	0.00564	0.00553	0.00676	0.00421	0.00414	0.00789	0.01191	0.01589	0.45956	0.08591	0.32491	0.01073	0.00554	0.00154	0.00233	0.02771	0.00476	0.00418
7	0.01317	0.01313	0.16020	0.09147	0.03669	0.03112	0.18529	0.11151	0.01210	0.16481	0.01064	0.01198	0.00761	0.00486	0.00531	0.00145	0.05367	0.00427	0.00319	0.07753
8	0.00879	0.00827	0.01395	0.82532	0.03204	0.01034	0.01292	0.01189	0.00930	0.01189	0.00827	0.01240	0.00620	0.00465	0.00465	0.00155	0.00620	0.00413	0.00207	0.00517
9	0.01366	0.01287	0.01158	0.01016	0.01291	0.17161	0.00791	0.14143	0.52406	0.01938	0.01542	0.01463	0.01161	0.00590	0.00461	0.00147	0.00483	0.00465	0.00426	0.00706
10	0.01135	0.01036	0.01755	0.18826	0.61803	0.01073	0.01369	0.01415	0.01045	0.04773	0.00905	0.01187	0.00731	0.00431	0.00462	0.00142	0.00560	0.00417	0.00240	0.00695
11	0.01673	0.01967	0.01262	0.01138	0.01378	0.67595	0.00861	0.03611	0.03733	0.05843	0.00863	0.00979	0.00697	0.00682	0.05577	0.00163	0.00817	0.00332	0.00272	0.00558
12	0.00976	0.00872	0.01200	0.01048	0.01089	0.01159	0.00856	0.04022	0.00795	0.02823	0.00857	0.01331	0.00817	0.06238	0.16524	0.00313	0.54864	0.00443	0.03280	0.00492
13	0.00818	0.06045	0.08958	0.03595	0.01226	0.00719	0.04924	0.01071	0.01048	0.01377	0.02057	0.05490	0.02176	0.01075	0.00590	0.00195	0.00481	0.57305	0.00374	0.00477
14	0.00764	0.00693	0.01189	0.00996	0.01196	0.00650	0.21415	0.00977	0.01054	0.01424	0.16108	0.23240	0.12320	0.01045	0.03198	0.00185	0.01790	0.07585	0.00378	0.03790
15	0.04314	0.00847	0.00970	0.00700	0.01107	0.00667	0.00562	0.04072	0.01003	0.01590	0.00831	0.00962	0.00686	0.00356	0.00347	0.00074	0.00351	0.00280	0.00283	0.79997
16	0.00642	0.00471	0.00584	0.00561	0.00677	0.00428	0.00419	0.00837	0.01243	0.01723	0.60991	0.06186	0.18759	0.00997	0.00543	0.00149	0.00224	0.00870	0.03267	0.00428
17	0.00665	0.00495	0.00730	0.00730	0.00807	0.00572	0.00560	0.00819	0.00742	0.01067	0.01262	0.01917	0.01202	0.09366	0.75983	0.00726	0.01188	0.00511	0.00252	0.00406
18	0.00588	0.00429	0.00587	0.04074	0.00794	0.00415	0.00482	0.00685	0.00895	0.01192	0.02457	0.75369	0.02916	0.01458	0.02514	0.00202	0.00313	0.03825	0.00418	0.00386
19	0.02025	0.08487	0.10311	0.11844	0.15211	0.08219	0.11466	0.03212	0.02963	0.01436	0.08056	0.04429	0.01112	0.00595	0.01709	0.00155	0.06140	0.00474	0.01565	0.00593
20	0.00733	0.00650	0.00895	0.13779	0.05365	0.00652	0.05062	0.01026	0.08822	0.01372	0.07993	0.12199	0.37776	0.00944	0.00529	0.00159	0.00360	0.00822	0.00384	0.00479
21	0.08303	0.04198	0.01338	0.04409	0.03299	0.05484	0.07325	0.24636	0.24803	0.04241	0.01274	0.01331	0.00962	0.01679	0.02989	0.00167	0.00515	0.00442	0.01924	0.00680
22	0.07282	0.00967	0.07662	0.03908	0.04160	0.04621	0.07370	0.03621	0.00899	0.01318	0.04080	0.01676	0.01088	0.17889	0.16033	0.00325	0.13277	0.00482	0.00261	0.03081

[dist]
# distance from previous block
# <min> <max>
0	1

[block]
# block no. 6 follows, 55 sequences, length 30
# corresponding to MSA columns:
# 217-246
name=unknown_G
#
# <colnr> <probs for GDERKNQSTAVLIFYWHMCP>
#	G	D	E	R	K	N	Q	S	T	A	V	L	I	F	Y	W	H	M	C	P
0	0.00934	0.04526	0.01430	0.68584	0.05767	0.04552	0.01227	0.01217	0.00947	0.01193	0.00866	0.03734	0.00698	0.00498	0.00478	0.00152	0.02025	0.00429	0.00216	0.00525
1	0.72106	0.01017	0.00866	0.00805	0.04497	0.06181	0.03013	0.04165	0.00896	0.02014	0.00688	0.00807	0.00537	0.00437	0.00318	0.00142	0.00417	0.00277	0.00287	0.00530
2	0.00879	0.00823	0.02616	0.01074	0.01304	0.02291	0.19886	0.03016	0.10719	0.01493	0.05415	0.13293	0.11412	0.00935	0.00566	0.00176	0.00471	0.22727	0.00384	0.00519
3	0.00950	0.00867	0.01433	0.67601	0.12376	0.01040	0.01271	0.01297	0.04413	0.03020	0.00902	0.01259	0.00681	0.00469	0.00465	0.00153	0.00596	0.00420	0.00229	0.00559
4	0.00954	0.00908	0.01504	0.42271	0.28959	0.01029	0.02443	0.01224	0.00974	0.01306	0.01168	0.01477	0.07579	0.00530	0.00539	0.00153	0.05702	0.00465	0.00234	0.00581
5	0.00708	0.00594	0.00728	0.05666	0.00930	0.00624	0.00550	0.00983	0.09803	0.01427	0.18818	0.17651	0.29610	0.01042	0.00639	0.00165	0.08314	0.00873	0.00417	0.00457
6	0.01208	0.01025	0.01081	0.00957	0.01229	0.01181	0.00749	0.08864	0.73433	0.02028	0.01829	0.01684	0.01368	0.00625	0.00473	0.00156	0.00380	0.00517	0.00473	0.00741
7	0.00904	0.00782	0.04051	0.04195	0.18780	0.01740	0.00773	0.02430	0.05774	0.05266	0.19600	0.04652	0.14240	0.05172	0.06298	0.00206	0.00447	0.01812	0.02340	0.00540
8	0.00586	0.00466	0.00527	0.00527	0.00655	0.00406	0.00389	0.00733	0.01124	0.01444	0.28674	0.12617	0.47936	0.01136	0.00554	0.00157	0.00234	0.00974	0.00458	0.00406
9	0.01061	0.01000	0.01604	0.37899	0.39372	0.02688	0.01308	0.04238	0.02380	0.01429	0.00887	0.01202	0.00703	0.00449	0.00460	0.00145	0.00578	0.00414	0.01550	0.00633
10	0.01142	0.01191	0.01497	0.20641	0.30698	0.16819	0.01160	0.01359	0.01013	0.01281	0.00869	0.03047	0.00760	0.02399	0.04187	0.00181	0.10518	0.00421	0.00230	0.00588
11	0.00572	0.00472	0.00501	0.00494	0.00642	0.00402	0.00371	0.00710	0.01112	0.01378	0.19842	0.04277	0.65355	0.01133	0.00550	0.00155	0.00232	0.00954	0.00448	0.00402
12	0.02421	0.07728	0.23084	0.01611	0.05044	0.02422	0.38287	0.01488	0.04051	0.01449	0.00891	0.01127	0.00683	0.00451	0.00568	0.00152	0.07230	0.00447	0.00230	0.00637
13	0.84179	0.00897	0.00707	0.03237	0.00974	0.01043	0.00529	0.01362	0.00796	0.02058	0.00654	0.00771	0.00508	0.00433	0.00294	0.00144	0.00368	0.00257	0.00285	0.00504
14	0.01313	0.72464	0.02281	0.00852	0.01228	0.13059	0.00810	0.01458	0.00998	0.01101	0.00657	0.00759	0.00597	0.00409	0.00315	0.00102	0.00545	0.00256	0.00205	0.00589
15	0.00556	0.00470	0.00481	0.00481	0.00633	0.00395	0.00360	0.00678	0.01069	0.01286	0.08461	0.06433	0.74767	0.01174	0.00551	0.00157	0.00236	0.00983	0.00436	0.00395
16	0.00795	0.00409	0.00601	0.00600	0.00605	0.00406	0.00400	0.00616	0.00634	0.00844	0.02743	0.01576	0.02527	0.04223	0.01781	0.79979	0.00398	0.00434	0.00216	0.00214
17	0.01214	0.00964	0.09622	0.03806	0.06611	0.00782	0.16316	0.01476	0.02368	0.24650	0.01673	0.24192	0.01523	0.00768	0.00518	0.00161	0.00485	0.01865	0.00391	0.00615
18	0.00602	0.00423	0.00560	0.00660	0.00697	0.00401	0.00459	0.00698	0.00903	0.01212	0.02470	0.68003	0.02910	0.05490	0.00680	0.00203	0.00296	0.10209	0.02743	0.00381
19	0.04120	0.07136	0.53583	0.01256	0.03237	0.12888	0.01422	0.01482	0.01001	0.01393	0.00799	0.00967	0.00608	0.00549	0.02718	0.00160	0.05497	0.00338	0.00209	0.00637
20	0.01319	0.14702	0.08064	0.10605	0.22842	0.06360	0.06428	0.05410	0.01121	0.13491	0.00969	0.01126	0.00738	0.00472	0.00487	0.00139	0.04385	0.00392	0.00284	0.00666
21	0.01015	0.25077	0.52592	0.01147	0.01702	0.01284	0.01380	0.01427	0.02164	0.01353	0.00845	0.03533	0.00684	0.00478	0.00446	0.00137	0.03528	0.00353	0.00209	0.00647
22	0.00569	0.00424	0.00532	0.00613	0.00672	0.00386	0.00422	0.00664	0.00941	0.01222	0.04681	0.62833	0.19819	0.01382	0.00584	0.00182	0.00265	0.02992	0.00434	0.00384
23	0.01023	0.00970	0.01566	0.29986	0.42938	0.02374	0.01262	0.01339	0.04214	0.01415	0.03875	0.03967	0.02050	0.00505	0.00471	0.00147	0.00548	0.00469	0.00252	0.00631
24	0.01220	0.08667	0.21840	0.01412	0.16104	0.01021	0.07848	0.03261	0.04042	0.15550	0.02750	0.01394	0.02286	0.00625	0.03824	0.00165	0.00570	0.02190	0.00311	0.04919
25	0.00696	0.00529	0.00722	0.00707	0.00759	0.00598	0.00521	0.00805	0.00814	0.01146	0.10813	0.10788	0.03629	0.20182	0.33357	0.02829	0.09749	0.00663	0.00305	0.00389
26	0.00587	0.00431	0.00550	0.00610	0.00674	0.00394	0.00423	0.00706	0.01015	0.01359	0.21557	0.53776	0.13607	0.01299	0.00577	0.00175	0.00253	0.01162	0.00451	0.00394
27	0.01119	0.01629	0.33369	0.01733	0.21019	0.01114	0.14273	0.08800	0.01132	0.04064	0.00979	0.01172	0.01878	0.00535	0.02377	0.00162	0.03285	0.00421	0.00253	0.00686
28	0.03305	0.03126	0.13745	0.09425	0.33792	0.04834	0.07052	0.04921	0.06104	0.01551	0.00995	0.01317	0.00815	0.00481	0.00460	0.00143	0.00578	0.03770	0.00260	0.03325
29	0.01137	0.03763	0.11026	0.11269	0.18341	0.05027	0.04503	0.02715	0.05658	0.11298	0.03521	0.06980	0.04195	0.00741	0.04737	0.00177	0.00554	0.00514	0.03227	0.00620

[dist]
# distance from previous block
# <min> <max>
3	7

[block]
# block no. 7 follows, 55 sequences, length 32
# corresponding to MSA columns:
# 254,269-299
name=unknown_H
#
# <colnr> <probs for GDERKNQSTAVLIFYWHMCP>
#	G	D	E	R	K	N	Q	S	T	A	V	L	I	F	Y	W	H	M	C	P
0	0.00936	0.00830	0.02783	0.06362	0.06439	0.04069	0.02043	0.04217	0.03642	0.03451	0.03646	0.09274	0.08434	0.02298	0.13501	0.00228	0.00547	0.00539	0.00317	0.26444
1	0.00667	0.00480	0.00549	0.00546	0.00676	0.00428	0.00408	0.00815	0.01073	0.03204	0.18966	0.11982	0.37517	0.04754	0.00611	0.00167	0.00261	0.05273	0.09018	0.02605
2	0.24072	0.00996	0.11083	0.14690	0.03864	0.00876	0.03073	0.01403	0.02020	0.14405	0.04370	0.01498	0.03830	0.07460	0.00577	0.00170	0.00463	0.00432	0.01964	0.02754
3	0.01282	0.00979	0.01058	0.00899	0.01170	0.01074	0.00712	0.29365	0.32036	0.05170	0.04133	0.08042	0.10549	0.00738	0.00490	0.00153	0.00394	0.00607	0.00468	0.00683
4	0.00992	0.01026	0.01976	0.41544	0.08915	0.01108	0.32446	0.01326	0.01001	0.01333	0.00870	0.01232	0.00663	0.00443	0.00531	0.00156	0.03172	0.00468	0.00220	0.00578
5	0.00642	0.00492	0.00590	0.00563	0.00692	0.00449	0.00423	0.00867	0.03867	0.01683	0.54798	0.03722	0.27482	0.01010	0.00547	0.00150	0.00229	0.00874	0.00486	0.00435
6	0.01466	0.01753	0.01368	0.01203	0.01380	0.51186	0.03591	0.03319	0.01145	0.01189	0.00820	0.02501	0.02292	0.00606	0.00746	0.00147	0.24139	0.00374	0.00242	0.00533
7	0.00933	0.02406	0.81240	0.01326	0.02014	0.01080	0.01719	0.01473	0.00982	0.01473	0.00835	0.00982	0.00589	0.00442	0.00442	0.00147	0.00688	0.00344	0.00196	0.00688
8	0.00728	0.00503	0.00631	0.00642	0.00738	0.00470	0.00474	0.00854	0.00975	0.03959	0.15094	0.16597	0.08439	0.23805	0.01062	0.00248	0.00354	0.18238	0.00398	0.05792
9	0.10025	0.01055	0.01122	0.00917	0.01214	0.09320	0.03594	0.20454	0.08223	0.23592	0.10362	0.04302	0.02515	0.00626	0.00462	0.00144	0.00452	0.00503	0.00450	0.00667
10	0.60614	0.00903	0.00954	0.12514	0.06986	0.01026	0.03584	0.01373	0.00863	0.04393	0.00759	0.00921	0.00582	0.00441	0.00342	0.00145	0.00424	0.00309	0.02335	0.00534
11	0.00900	0.01000	0.10395	0.02666	0.03037	0.02057	0.17548	0.01280	0.11301	0.01396	0.07059	0.06424	0.04276	0.14486	0.07237	0.00252	0.05149	0.00599	0.02414	0.00527
12	0.00561	0.00466	0.00491	0.00501	0.00642	0.00396	0.00373	0.00682	0.01057	0.01284	0.08368	0.12086	0.67714	0.01196	0.00556	0.00161	0.00242	0.02394	0.00436	0.00394
13	0.00985	0.03064	0.14910	0.19443	0.21926	0.03741	0.03368	0.02828	0.01024	0.01417	0.05591	0.04433	0.03392	0.00618	0.01635	0.02270	0.03451	0.00475	0.04843	0.00586
14	0.00664	0.00495	0.00557	0.00555	0.00636	0.00479	0.00376	0.00817	0.05815	0.01201	0.10301	0.07285	0.25549	0.37306	0.03417	0.00303	0.00370	0.03133	0.00372	0.00371
15	0.01108	0.01116	0.01584	0.23071	0.31639	0.09360	0.02706	0.02690	0.00996	0.01327	0.00813	0.01140	0.00682	0.00611	0.03245	0.00173	0.16504	0.00406	0.00225	0.00604
16	0.86937	0.00900	0.00684	0.00612	0.00900	0.01044	0.00504	0.01368	0.00792	0.02087	0.00648	0.00756	0.00504	0.00432	0.00288	0.00144	0.00360	0.00252	0.00288	0.00504
17	0.01244	0.83930	0.02438	0.00796	0.01194	0.01841	0.00796	0.01393	0.00945	0.01095	0.00647	0.00746	0.00597	0.00398	0.00299	0.00100	0.00498	0.00249	0.00199	0.00597
18	0.00748	0.00615	0.00896	0.00834	0.00900	0.00744	0.02492	0.00887	0.00765	0.01110	0.04762	0.01884	0.01257	0.13336	0.49258	0.00556	0.17755	0.00520	0.00256	0.00423
19	0.00712	0.00495	0.00641	0.00598	0.00714	0.00462	0.00447	0.00947	0.02970	0.04208	0.73762	0.03367	0.04137	0.03767	0.00607	0.00157	0.00236	0.00818	0.00505	0.00450
20	0.01587	0.11202	0.01401	0.01057	0.01344	0.37798	0.00841	0.20349	0.08933	0.04768	0.01084	0.02432	0.02688	0.00545	0.00448	0.00130	0.02047	0.00385	0.00331	0.00628
21	0.00982	0.08860	0.01052	0.14781	0.01309	0.00733	0.03550	0.01157	0.01052	0.14227	0.11288	0.17124	0.13329	0.02424	0.00560	0.01900	0.00390	0.01766	0.01600	0.01918
22	0.00608	0.00462	0.00540	0.00542	0.00659	0.00411	0.00398	0.00764	0.01134	0.01508	0.34606	0.15787	0.35541	0.01106	0.00548	0.00156	0.00234	0.00956	0.03632	0.00411
23	0.01041	0.01104	0.07204	0.18599	0.50566	0.01047	0.05173	0.01340	0.01035	0.01442	0.02526	0.01364	0.04556	0.00472	0.00470	0.00144	0.00566	0.00451	0.00238	0.00662
24	0.02489	0.09394	0.34778	0.07821	0.11861	0.02260	0.03823	0.01365	0.00962	0.04537	0.00923	0.01166	0.00729	0.00937	0.13575	0.00240	0.01904	0.00385	0.00229	0.00622
25	0.00784	0.00469	0.00672	0.00657	0.00669	0.00510	0.00457	0.00686	0.00644	0.00884	0.00951	0.01677	0.00971	0.13465	0.13583	0.55492	0.06484	0.00457	0.00220	0.00267
26	0.00827	0.00492	0.00664	0.00718	0.00810	0.00461	0.00538	0.00951	0.00989	0.12438	0.02403	0.50729	0.02667	0.03933	0.00645	0.00197	0.00331	0.19316	0.00446	0.00445
27	0.04078	0.15963	0.09150	0.01120	0.09144	0.05339	0.03539	0.01404	0.11638	0.04106	0.01342	0.16378	0.01285	0.02220	0.05101	0.00188	0.05158	0.01961	0.00310	0.00576
28	0.01321	0.09920	0.20746	0.01234	0.05990	0.03770	0.08183	0.21815	0.04396	0.08582	0.01233	0.01482	0.02922	0.00558	0.00463	0.00145	0.00562	0.05657	0.00338	0.00683
29	0.01128	0.01109	0.01771	0.11483	0.61531	0.04979	0.03123	0.01396	0.01056	0.01463	0.03414	0.01219	0.00830	0.00452	0.00496	0.00142	0.03062	0.00425	0.00236	0.00684
30	0.76772	0.00975	0.00845	0.00770	0.03527	0.04219	0.04302	0.01395	0.00836	0.02004	0.00672	0.00795	0.00525	0.00431	0.00311	0.00143	0.00405	0.00273	0.00282	0.00519
31	0.00666	0.00454	0.00549	0.00571	0.00593	0.00454	0.00363	0.00702	0.00747	0.00996	0.01745	0.13821	0.04376	0.55635	0.08297	0.02992	0.00481	0.05930	0.00312	0.00316

[dist]
# distance from previous block
# <min> <max>
0	0

# created by:
# /st0/software/busco_prod/Augustus/scripts/msa2prfl.pl ./align_prep/115237.fa
