[name]
unknown

[dist]
# distance from previous block
# <min> <max>
10	82

[block]
# block no. 0 follows, 61 sequences, length 15
# corresponding to MSA columns:
# 155-169
name=unknown_A
#
# <colnr> <probs for GDERKNQSTAVLIFYWHMCP>
#	G	D	E	R	K	N	Q	S	T	A	V	L	I	F	Y	W	H	M	C	P
0	0.02442	0.04354	0.18074	0.03084	0.15622	0.06376	0.09409	0.01222	0.00953	0.03644	0.04660	0.06667	0.03925	0.00634	0.04230	0.00152	0.01760	0.00447	0.00253	0.12091
1	0.03087	0.06945	0.08866	0.05524	0.36643	0.09794	0.06036	0.02799	0.04147	0.04775	0.01014	0.04555	0.02997	0.00468	0.00420	0.00130	0.00528	0.00415	0.00249	0.00610
2	0.00890	0.02725	0.16915	0.00928	0.04216	0.00768	0.05894	0.06550	0.11638	0.05507	0.01859	0.17752	0.13045	0.04702	0.00547	0.00158	0.00412	0.02326	0.00338	0.02831
3	0.01212	0.02198	0.02765	0.00907	0.04396	0.11898	0.03278	0.12342	0.17950	0.10942	0.02836	0.01549	0.04443	0.00635	0.02970	0.00145	0.00445	0.02642	0.13884	0.02564
4	0.06108	0.09779	0.10730	0.05081	0.18294	0.07273	0.11432	0.04224	0.08843	0.04820	0.02191	0.05194	0.01786	0.00489	0.00434	0.00133	0.01905	0.00425	0.00268	0.00592
5	0.03074	0.31230	0.19087	0.00995	0.04023	0.05803	0.03308	0.13607	0.02610	0.05393	0.00835	0.00945	0.00659	0.00610	0.05929	0.00155	0.00565	0.00320	0.00253	0.00599
6	0.00696	0.00518	0.00622	0.00569	0.00717	0.00485	0.00433	0.00988	0.09700	0.04137	0.51361	0.03044	0.18633	0.00848	0.00488	0.00135	0.00232	0.00734	0.00446	0.05214
7	0.00652	0.00543	0.00548	0.00537	0.00671	0.03375	0.00398	0.02753	0.07015	0.01288	0.09725	0.09741	0.47732	0.06525	0.00604	0.00162	0.00271	0.02610	0.04450	0.00399
8	0.01338	0.07892	0.14831	0.01263	0.12497	0.24810	0.05212	0.08125	0.03228	0.12271	0.01037	0.01107	0.03557	0.00464	0.00410	0.00125	0.00579	0.00365	0.00282	0.00606
9	0.01111	0.08589	0.17788	0.04070	0.20689	0.11078	0.02880	0.01609	0.19801	0.04499	0.01060	0.03157	0.00840	0.00472	0.00413	0.00131	0.00520	0.00394	0.00274	0.00624
10	0.00599	0.00434	0.00506	0.00488	0.00605	0.00391	0.00366	0.00769	0.01099	0.01519	0.45395	0.03339	0.30491	0.00906	0.00483	0.00135	0.00208	0.00777	0.11097	0.00391
11	0.01573	0.01984	0.01256	0.01213	0.06766	0.77613	0.00865	0.01693	0.01205	0.01078	0.00676	0.00796	0.00563	0.00440	0.00391	0.00112	0.00759	0.00285	0.00221	0.00512
12	0.01142	0.06016	0.10858	0.13623	0.23239	0.13734	0.09841	0.04441	0.02177	0.04843	0.00819	0.01022	0.00642	0.00435	0.00477	0.00132	0.05367	0.00368	0.00231	0.00593
13	0.00897	0.00935	0.04069	0.01391	0.04211	0.00862	0.45616	0.02709	0.00973	0.03139	0.01370	0.20278	0.03733	0.00745	0.03451	0.00172	0.02391	0.02259	0.00278	0.00520
14	0.00624	0.00468	0.00537	0.00536	0.00660	0.00427	0.00395	0.00822	0.06413	0.04304	0.20136	0.21152	0.39851	0.01048	0.00510	0.00149	0.00236	0.00904	0.00423	0.00405

[dist]
# distance from previous block
# <min> <max>
1	3

[block]
# block no. 1 follows, 61 sequences, length 28
# corresponding to MSA columns:
# 173-200
name=unknown_B
#
# <colnr> <probs for GDERKNQSTAVLIFYWHMCP>
#	G	D	E	R	K	N	Q	S	T	A	V	L	I	F	Y	W	H	M	C	P
0	0.01192	0.01330	0.11510	0.06240	0.20357	0.15259	0.07486	0.16775	0.05707	0.01612	0.05152	0.01196	0.02009	0.00473	0.00430	0.00130	0.00553	0.00402	0.01577	0.00612
1	0.01051	0.01144	0.16536	0.01097	0.02754	0.02944	0.16795	0.02801	0.16476	0.11147	0.08533	0.01621	0.07482	0.00561	0.00504	0.00140	0.04814	0.00492	0.00331	0.02778
2	0.61620	0.01012	0.00829	0.00705	0.00986	0.07365	0.00575	0.19405	0.01065	0.02043	0.00704	0.00782	0.00534	0.00430	0.00313	0.00131	0.00399	0.00272	0.00301	0.00530
3	0.00813	0.00766	0.01292	0.83826	0.02967	0.00957	0.01196	0.01101	0.00861	0.01101	0.00766	0.01148	0.00574	0.00431	0.00431	0.00144	0.00574	0.00383	0.00191	0.00479
4	0.00750	0.00684	0.00653	0.00699	0.00778	0.13534	0.00498	0.03986	0.00952	0.01170	0.02136	0.59937	0.05996	0.01152	0.00520	0.00163	0.00349	0.05280	0.00373	0.00392
5	0.00626	0.00419	0.00477	0.00477	0.00479	0.00421	0.00270	0.00631	0.00629	0.00841	0.01351	0.02783	0.01550	0.82237	0.04795	0.00426	0.00441	0.00621	0.00260	0.00265
6	0.01933	0.00733	0.01000	0.00766	0.01100	0.00633	0.00633	0.02099	0.01233	0.82473	0.01699	0.01466	0.01066	0.00533	0.00433	0.00133	0.00367	0.00433	0.00533	0.00733
7	0.00571	0.00439	0.00522	0.00501	0.00620	0.00390	0.00376	0.00737	0.01127	0.01508	0.51760	0.03579	0.34389	0.00962	0.00508	0.00139	0.00209	0.00830	0.00445	0.00390
8	0.00585	0.00439	0.00541	0.00516	0.00628	0.00396	0.00387	0.00765	0.01161	0.01589	0.62860	0.03446	0.23238	0.00932	0.00508	0.00138	0.00207	0.00811	0.00456	0.00396
9	0.01096	0.01039	0.01601	0.01302	0.01437	0.01253	0.18320	0.05328	0.00895	0.02741	0.00832	0.01209	0.00744	0.00901	0.07200	0.00231	0.52604	0.00449	0.00255	0.00564
10	0.00546	0.00408	0.00507	0.00545	0.00620	0.00369	0.00385	0.00665	0.00975	0.01295	0.25765	0.42454	0.21583	0.01154	0.00528	0.00157	0.00229	0.01023	0.00421	0.00369
11	0.04890	0.00600	0.00633	0.00590	0.00740	0.04800	0.00450	0.04372	0.00998	0.16595	0.01569	0.15786	0.01396	0.04121	0.00465	0.00139	0.00303	0.03683	0.37400	0.00470
12	0.84377	0.00883	0.00657	0.00589	0.00853	0.04325	0.00481	0.01285	0.00753	0.01897	0.00602	0.00703	0.00470	0.00402	0.00272	0.00132	0.00351	0.00235	0.00265	0.00468
13	0.01073	0.01002	0.01692	0.05734	0.66628	0.01012	0.05366	0.03122	0.03955	0.03037	0.02659	0.01149	0.00783	0.00409	0.00433	0.00130	0.00509	0.00404	0.00238	0.00665
14	0.01017	0.01162	0.02542	0.01816	0.02251	0.01089	0.80610	0.01380	0.01017	0.01380	0.00871	0.01162	0.00654	0.00363	0.00508	0.00145	0.00726	0.00508	0.00218	0.00581
15	0.00660	0.00441	0.00564	0.03845	0.00641	0.00462	0.00370	0.00660	0.00658	0.00883	0.03206	0.02360	0.04584	0.49669	0.09586	0.17781	0.02541	0.00560	0.00249	0.00279
16	0.01006	0.00962	0.01639	0.22021	0.63268	0.01008	0.01292	0.01269	0.00952	0.01334	0.00800	0.01086	0.00657	0.00395	0.00427	0.00132	0.00527	0.00384	0.00208	0.00634
17	0.00578	0.00439	0.00532	0.00509	0.00624	0.00393	0.00381	0.00751	0.01144	0.01549	0.57464	0.03510	0.28659	0.00947	0.00508	0.00139	0.00208	0.00820	0.00451	0.00393
18	0.01098	0.00938	0.00989	0.00882	0.01130	0.01084	0.00688	0.05940	0.77702	0.01844	0.01720	0.01580	0.01288	0.00581	0.00438	0.00145	0.00347	0.00482	0.00438	0.00684
19	0.01139	0.23808	0.28669	0.00966	0.01403	0.09246	0.02969	0.05275	0.02144	0.07487	0.02125	0.00938	0.00679	0.00414	0.00368	0.00113	0.00528	0.00310	0.00243	0.11174
20	0.39190	0.04705	0.14886	0.02907	0.01230	0.14198	0.00808	0.12169	0.01024	0.01717	0.00702	0.00812	0.00540	0.00435	0.00373	0.00130	0.03090	0.00284	0.00260	0.00541
21	0.01152	0.85121	0.02257	0.00737	0.01106	0.01704	0.00737	0.01290	0.00875	0.01013	0.00599	0.00691	0.00553	0.00369	0.00276	0.00092	0.00461	0.00230	0.00184	0.00553
22	0.00545	0.00419	0.00499	0.00519	0.00614	0.00373	0.00374	0.00673	0.01008	0.01319	0.27820	0.28212	0.33866	0.01104	0.00521	0.00151	0.00223	0.00964	0.00423	0.00373
23	0.00522	0.00417	0.00465	0.00494	0.00596	0.00363	0.00353	0.00623	0.00936	0.01165	0.07746	0.29486	0.50976	0.03149	0.00562	0.00161	0.00232	0.00995	0.00401	0.00359
24	0.00633	0.00462	0.00549	0.00533	0.00656	0.00419	0.00397	0.00825	0.04278	0.04563	0.38155	0.13059	0.31908	0.00987	0.00508	0.00144	0.00226	0.00854	0.00439	0.00408
25	0.00570	0.00436	0.00522	0.00506	0.00620	0.00389	0.00377	0.00734	0.01117	0.01498	0.50639	0.06794	0.32283	0.00976	0.00510	0.00141	0.00211	0.00844	0.00444	0.00389
26	0.00907	0.07280	0.54978	0.08827	0.01927	0.01062	0.11897	0.01366	0.03896	0.01330	0.00807	0.00977	0.00592	0.00415	0.00433	0.00137	0.02012	0.00351	0.00197	0.00608
27	0.79904	0.00829	0.00663	0.00590	0.00850	0.00959	0.00484	0.04434	0.00783	0.01916	0.00646	0.00765	0.00509	0.00552	0.04578	0.00162	0.00381	0.00251	0.00271	0.00473

[dist]
# distance from previous block
# <min> <max>
0	1

[block]
# block no. 2 follows, 61 sequences, length 89
# corresponding to MSA columns:
# 202-268,278-299
name=unknown_C
#
# <colnr> <probs for GDERKNQSTAVLIFYWHMCP>
#	G	D	E	R	K	N	Q	S	T	A	V	L	I	F	Y	W	H	M	C	P
0	0.00729	0.00679	0.05317	0.01881	0.00943	0.00713	0.01853	0.02969	0.00750	0.01090	0.01044	0.03128	0.00988	0.07447	0.50401	0.00493	0.14126	0.00453	0.00232	0.04763
1	0.00743	0.00376	0.00558	0.00558	0.00558	0.00376	0.00370	0.00564	0.00564	0.00752	0.00772	0.01369	0.00780	0.04768	0.01703	0.84051	0.00376	0.00384	0.00190	0.00190
2	0.05363	0.05652	0.02547	0.00666	0.01041	0.00674	0.00556	0.01223	0.00922	0.10356	0.00851	0.00935	0.00670	0.00351	0.00328	0.00078	0.00339	0.00274	0.00281	0.66892
3	0.00893	0.00766	0.00893	0.00638	0.01021	0.00574	0.00510	0.01085	0.00893	0.01404	0.00766	0.00893	0.00638	0.00319	0.00319	0.00064	0.00319	0.00255	0.00255	0.87495
4	0.02708	0.07907	0.08284	0.01152	0.03948	0.25425	0.12732	0.05312	0.19855	0.06887	0.01044	0.01098	0.00791	0.00463	0.00415	0.00128	0.00575	0.00379	0.00296	0.00601
5	0.02167	0.00775	0.00713	0.00619	0.00838	0.12662	0.00477	0.01055	0.01041	0.09151	0.10050	0.02537	0.35303	0.00742	0.00437	0.00121	0.00335	0.00604	0.02509	0.17864
6	0.85791	0.00831	0.00642	0.00571	0.00840	0.00958	0.00471	0.01287	0.00745	0.03913	0.00627	0.00719	0.00481	0.00403	0.00271	0.00133	0.00334	0.00238	0.00273	0.00473
7	0.01153	0.73255	0.09064	0.00800	0.01183	0.06334	0.00816	0.01321	0.00898	0.01046	0.00618	0.00715	0.00552	0.00376	0.00294	0.00097	0.00494	0.00241	0.00186	0.00557
8	0.00983	0.01239	0.17978	0.08961	0.44589	0.01007	0.10933	0.01318	0.02512	0.01382	0.03356	0.01129	0.00759	0.00414	0.00448	0.00134	0.01606	0.00400	0.00218	0.00632
9	0.00520	0.00418	0.00464	0.00498	0.00603	0.00362	0.00359	0.00621	0.00935	0.01155	0.05055	0.30324	0.53316	0.01173	0.00524	0.00156	0.00232	0.02522	0.00401	0.00361
10	0.01036	0.01022	0.03940	0.25821	0.33343	0.05493	0.01120	0.05942	0.13059	0.01423	0.00981	0.03212	0.00791	0.00463	0.00430	0.00136	0.00514	0.00412	0.00257	0.00606
11	0.00544	0.00383	0.00500	0.00589	0.00615	0.00361	0.00392	0.00618	0.00812	0.01089	0.02255	0.73028	0.02682	0.09356	0.00704	0.00197	0.00269	0.03209	0.02053	0.00344
12	0.00960	0.23391	0.58112	0.01114	0.01667	0.03212	0.03285	0.01354	0.00911	0.01267	0.00728	0.00856	0.00550	0.00399	0.00377	0.00125	0.00597	0.00299	0.00184	0.00610
13	0.01066	0.01023	0.01748	0.02644	0.82174	0.01023	0.01322	0.01322	0.00981	0.01407	0.00810	0.01066	0.00682	0.00384	0.00426	0.00128	0.00512	0.00384	0.00213	0.00682
14	0.00605	0.00440	0.00570	0.00537	0.00641	0.00405	0.00403	0.00804	0.01209	0.01702	0.78486	0.03259	0.07541	0.00890	0.00508	0.00136	0.00204	0.00785	0.00471	0.00405
15	0.00540	0.00385	0.00517	0.00617	0.00648	0.00363	0.00426	0.00625	0.00839	0.01116	0.02366	0.77621	0.02817	0.01336	0.00554	0.00177	0.00263	0.08038	0.00400	0.00354
16	0.00539	0.00388	0.00514	0.00600	0.00638	0.00362	0.00413	0.00632	0.00869	0.01161	0.08907	0.72099	0.04959	0.01297	0.00548	0.00172	0.00252	0.04888	0.00406	0.00357
17	0.01067	0.00537	0.00712	0.00621	0.00798	0.00480	0.00482	0.01245	0.01181	0.29913	0.44359	0.09401	0.04359	0.00796	0.00482	0.00138	0.00265	0.00691	0.01959	0.00515
18	0.77450	0.00821	0.00678	0.00591	0.00865	0.00926	0.00487	0.01368	0.00794	0.11726	0.00734	0.00793	0.00539	0.00416	0.00287	0.00133	0.00337	0.00258	0.00299	0.00499
19	0.30386	0.00961	0.00980	0.00794	0.01098	0.01051	0.00650	0.30177	0.11183	0.16989	0.01100	0.01072	0.00777	0.00489	0.00377	0.00133	0.00391	0.00357	0.00396	0.00638
20	0.01208	0.03963	0.01463	0.03718	0.36389	0.01084	0.03271	0.20258	0.13895	0.04985	0.01109	0.04807	0.00896	0.00495	0.00432	0.00133	0.00464	0.00438	0.00320	0.00669
21	0.01190	0.74731	0.04139	0.00787	0.01147	0.09864	0.00768	0.01335	0.00911	0.01026	0.00610	0.00705	0.00553	0.00377	0.00291	0.00095	0.00497	0.00237	0.00188	0.00549
22	0.00626	0.00418	0.00470	0.00470	0.00470	0.00418	0.00261	0.00626	0.00626	0.00835	0.01357	0.02819	0.01566	0.84862	0.02192	0.00418	0.00418	0.00626	0.00261	0.00261
23	0.01241	0.01010	0.01070	0.00911	0.01185	0.01151	0.00723	0.25805	0.57604	0.02076	0.01538	0.01435	0.01140	0.00564	0.00436	0.00141	0.00381	0.00457	0.00436	0.00697
24	0.00526	0.00376	0.00501	0.00599	0.00625	0.00351	0.00400	0.00604	0.00832	0.01111	0.03787	0.83136	0.02871	0.01341	0.00549	0.00174	0.00249	0.01217	0.00401	0.00351
25	0.00557	0.00452	0.00496	0.00488	0.00620	0.00399	0.00365	0.00729	0.03864	0.01336	0.25192	0.07747	0.54173	0.01029	0.00508	0.00144	0.00220	0.00874	0.00421	0.00386
26	0.87904	0.00833	0.00633	0.00566	0.00833	0.00966	0.00467	0.01266	0.00733	0.01933	0.00600	0.00700	0.00467	0.00400	0.00267	0.00133	0.00333	0.00233	0.00267	0.00467
27	0.00861	0.00775	0.01275	0.71704	0.06667	0.00942	0.01151	0.01179	0.04176	0.03198	0.00880	0.01290	0.00683	0.00461	0.00436	0.00144	0.00551	0.02908	0.00218	0.00501
28	0.00893	0.00766	0.00893	0.00638	0.01021	0.00574	0.00510	0.01085	0.00893	0.01404	0.00766	0.00893	0.00638	0.00319	0.00319	0.00064	0.00319	0.00255	0.00255	0.87495
29	0.00527	0.00403	0.00483	0.00534	0.00611	0.00360	0.00374	0.00625	0.00918	0.01179	0.10139	0.47660	0.32215	0.01213	0.00531	0.00161	0.00234	0.01069	0.00406	0.00360
30	0.00552	0.00399	0.00522	0.00574	0.00629	0.00369	0.00399	0.00670	0.00961	0.01308	0.28542	0.54588	0.06514	0.01185	0.00534	0.00161	0.00233	0.01065	0.00424	0.00369
31	0.01142	0.04496	0.08930	0.02783	0.04345	0.24599	0.18609	0.02801	0.05358	0.01303	0.00894	0.05140	0.00755	0.00448	0.00414	0.00118	0.00588	0.00393	0.00245	0.16639
32	0.02242	0.02191	0.01264	0.26685	0.05737	0.00844	0.10260	0.03556	0.06243	0.04378	0.03563	0.01412	0.02450	0.00471	0.00418	0.00123	0.00464	0.04327	0.00272	0.23101
33	0.43030	0.12324	0.25671	0.04074	0.01286	0.01089	0.00886	0.04778	0.00867	0.01642	0.00678	0.00794	0.00518	0.00405	0.00325	0.00129	0.00457	0.00271	0.00234	0.00541
34	0.00566	0.00428	0.00612	0.00665	0.00716	0.00405	0.04407	0.00685	0.02804	0.01137	0.02271	0.77309	0.02679	0.01271	0.00542	0.00172	0.00275	0.01160	0.01524	0.00370
35	0.00718	0.00466	0.00608	0.00562	0.00685	0.00426	0.00429	0.00914	0.01204	0.08417	0.69840	0.03154	0.07171	0.00869	0.00504	0.00137	0.00222	0.02768	0.00474	0.00432
36	0.02900	0.17890	0.02577	0.03963	0.04236	0.12486	0.03654	0.20940	0.14903	0.01656	0.01030	0.03572	0.00831	0.00502	0.00418	0.00125	0.02687	0.00384	0.04648	0.00598
37	0.00597	0.00440	0.00558	0.00528	0.00636	0.00401	0.00396	0.00788	0.01189	0.01655	0.71975	0.03337	0.14082	0.00908	0.00508	0.00137	0.00205	0.00796	0.00465	0.00401
38	0.01046	0.19581	0.09519	0.02385	0.10680	0.07742	0.10361	0.01509	0.19686	0.01360	0.04282	0.05376	0.02151	0.00517	0.00429	0.00130	0.01944	0.00439	0.00279	0.00584
39	0.12396	0.00731	0.00934	0.00731	0.01044	0.00663	0.00602	0.01934	0.01171	0.68622	0.05527	0.01459	0.01141	0.00534	0.00416	0.00133	0.00354	0.00426	0.00498	0.00684
40	0.01071	0.00925	0.00974	0.00877	0.01120	0.01071	0.00682	0.02289	0.81396	0.01802	0.01753	0.01607	0.01315	0.00584	0.00438	0.00146	0.00341	0.00487	0.00438	0.00682
41	0.00574	0.00439	0.00527	0.00505	0.00622	0.00391	0.00379	0.00745	0.01136	0.01530	0.54808	0.03542	0.31326	0.00954	0.00508	0.00139	0.00208	0.00825	0.00448	0.00391
42	0.00524	0.00437	0.00457	0.00452	0.00591	0.00370	0.00339	0.00647	0.01017	0.01247	0.15772	0.04009	0.70540	0.01060	0.00509	0.00144	0.00216	0.00890	0.00411	0.00370
43	0.02324	0.08399	0.61505	0.01191	0.01757	0.01095	0.06323	0.09866	0.01030	0.01492	0.00791	0.00918	0.00572	0.00415	0.00405	0.00133	0.00607	0.00329	0.00212	0.00634
44	0.01093	0.01075	0.01722	0.02567	0.78141	0.05120	0.01298	0.01342	0.00993	0.01390	0.00803	0.01052	0.00676	0.00387	0.00425	0.00127	0.00525	0.00378	0.00214	0.00673
45	0.10479	0.12643	0.01165	0.02437	0.01153	0.02865	0.00695	0.11359	0.47516	0.03189	0.01341	0.01286	0.01015	0.00520	0.00395	0.00134	0.00387	0.00405	0.00376	0.00640
46	0.00552	0.00396	0.00512	0.00593	0.00627	0.00375	0.00401	0.00645	0.01955	0.01107	0.03971	0.66806	0.05485	0.09854	0.00716	0.00199	0.00273	0.04797	0.00388	0.00349
47	0.01586	0.01159	0.01248	0.00971	0.01304	0.01282	0.00797	0.69445	0.10628	0.05418	0.01136	0.01112	0.00808	0.00525	0.00432	0.00131	0.00456	0.00400	0.00435	0.00727
48	0.00973	0.00982	0.01330	0.01136	0.01152	0.03728	0.01822	0.02252	0.00701	0.01066	0.00579	0.00941	0.00569	0.00737	0.01359	0.00185	0.79444	0.00376	0.00193	0.00477
49	0.01112	0.00881	0.00945	0.00842	0.01087	0.00993	0.00657	0.02176	0.69920	0.08624	0.01900	0.01742	0.05970	0.00609	0.00442	0.00145	0.00336	0.00507	0.00444	0.00668
50	0.00911	0.00855	0.01410	0.19216	0.49527	0.00889	0.01112	0.01148	0.00946	0.01297	0.02720	0.01551	0.11262	0.00636	0.04567	0.00162	0.00513	0.00462	0.00238	0.00579
51	0.01033	0.00886	0.00946	0.00847	0.01085	0.01008	0.00657	0.02127	0.72094	0.01736	0.02720	0.01618	0.01314	0.02235	0.03272	0.00165	0.00367	0.00481	0.00419	0.04991
52	0.00928	0.02347	0.04179	0.14071	0.01386	0.07898	0.00902	0.01110	0.03625	0.01114	0.03871	0.05384	0.03455	0.02765	0.00998	0.00172	0.44645	0.00449	0.00230	0.00472
53	0.00626	0.00419	0.00479	0.00479	0.00482	0.00422	0.00272	0.00632	0.00629	0.00842	0.01349	0.02775	0.01547	0.81658	0.05369	0.00428	0.00447	0.00620	0.00260	0.00266
54	0.00909	0.00903	0.03375	0.41647	0.31727	0.03499	0.01167	0.01165	0.00907	0.01210	0.00880	0.05309	0.00757	0.02149	0.02501	0.00157	0.00554	0.00427	0.00213	0.00545
55	0.00902	0.00811	0.01337	0.05382	0.46728	0.00817	0.04110	0.01100	0.00900	0.01253	0.01136	0.04456	0.01123	0.16781	0.02362	0.00205	0.00496	0.09313	0.00248	0.00541
56	0.00909	0.00849	0.01401	0.21667	0.47785	0.00887	0.01113	0.01143	0.00937	0.01284	0.02176	0.05158	0.07597	0.03156	0.00499	0.00146	0.00482	0.01999	0.00240	0.00571
57	0.00879	0.00825	0.01359	0.51653	0.18118	0.00912	0.03984	0.01148	0.00897	0.01217	0.00807	0.01168	0.00644	0.00418	0.00420	0.00130	0.00528	0.01888	0.00210	0.12794
58	0.00813	0.00766	0.01292	0.83826	0.02967	0.00957	0.01196	0.01101	0.00861	0.01101	0.00766	0.01148	0.00574	0.00431	0.00431	0.00144	0.00574	0.00383	0.00191	0.00479
59	0.01066	0.01023	0.01748	0.02644	0.82174	0.01023	0.01322	0.01322	0.00981	0.01407	0.00810	0.01066	0.00682	0.00384	0.00426	0.00128	0.00512	0.00384	0.00213	0.00682
60	0.01039	0.01188	0.02411	0.05014	0.03776	0.05176	0.71983	0.01385	0.01020	0.01353	0.00856	0.01140	0.00646	0.00370	0.00498	0.00143	0.00719	0.00490	0.00217	0.00575
61	0.00651	0.00501	0.00720	0.04824	0.00842	0.00589	0.00542	0.00775	0.00685	0.00973	0.01136	0.01848	0.01118	0.19995	0.56328	0.00572	0.06815	0.00486	0.00232	0.00370
62	0.00794	0.00682	0.01108	0.23987	0.08787	0.00732	0.07449	0.01062	0.03344	0.01265	0.01602	0.05103	0.01618	0.00827	0.00522	0.00170	0.00478	0.39693	0.00310	0.00467
63	0.00854	0.00822	0.01318	0.76170	0.07838	0.03554	0.01193	0.01134	0.00880	0.01118	0.00765	0.01132	0.00580	0.00428	0.00429	0.00142	0.00577	0.00380	0.00194	0.00492
64	0.00556	0.00460	0.00487	0.00495	0.00625	0.00412	0.00366	0.00729	0.05936	0.01193	0.04710	0.13388	0.61535	0.04377	0.00578	0.00161	0.00242	0.02973	0.00398	0.00379
65	0.01457	0.01790	0.01263	0.04446	0.06206	0.63859	0.00887	0.01598	0.02324	0.01086	0.00683	0.00841	0.00576	0.00479	0.00517	0.00123	0.10833	0.00303	0.00219	0.00509
66	0.00631	0.00416	0.00473	0.00473	0.00473	0.00416	0.00265	0.00624	0.00624	0.00832	0.01336	0.02766	0.01537	0.81933	0.02175	0.03476	0.00416	0.00618	0.00258	0.00258
67	0.00804	0.02195	0.01165	0.02472	0.05168	0.00734	0.17798	0.02240	0.03645	0.02767	0.03393	0.03416	0.10391	0.12384	0.21827	0.00320	0.04768	0.01471	0.02587	0.00455
68	0.00841	0.00793	0.01341	0.75080	0.11500	0.00964	0.01210	0.01124	0.00874	0.01134	0.00770	0.01140	0.00586	0.00426	0.00430	0.00142	0.00567	0.00383	0.00194	0.00500
69	0.01124	0.05039	0.02297	0.00838	0.03025	0.00890	0.03228	0.21767	0.15091	0.09726	0.10441	0.03069	0.14382	0.03828	0.01662	0.00155	0.00384	0.02072	0.00403	0.00580
70	0.00983	0.01114	0.10173	0.01303	0.01708	0.00913	0.39601	0.01282	0.00954	0.04210	0.00900	0.01104	0.02026	0.00397	0.00494	0.00122	0.05643	0.00410	0.00238	0.26426
71	0.00911	0.00943	0.01534	0.08062	0.01560	0.05800	0.28336	0.01150	0.03791	0.01194	0.01143	0.13914	0.03005	0.03922	0.01962	0.00177	0.21285	0.00573	0.00251	0.00489
72	0.01071	0.00925	0.00974	0.00877	0.01120	0.01071	0.00682	0.02289	0.81396	0.01802	0.01753	0.01607	0.01315	0.00584	0.00438	0.00146	0.00341	0.00487	0.00438	0.00682
73	0.00703	0.00505	0.00706	0.00756	0.00861	0.00506	0.02161	0.00901	0.02481	0.02772	0.05553	0.06986	0.05703	0.05587	0.07784	0.00243	0.00447	0.54564	0.00379	0.00401
74	0.00536	0.00399	0.00500	0.00556	0.00619	0.00363	0.00386	0.00641	0.00927	0.01223	0.16770	0.53573	0.19507	0.01213	0.00534	0.00162	0.00235	0.01081	0.00413	0.00363
75	0.00813	0.00766	0.01292	0.83826	0.02967	0.00957	0.01196	0.01101	0.00861	0.01101	0.00766	0.01148	0.00574	0.00431	0.00431	0.00144	0.00574	0.00383	0.00191	0.00479
76	0.00511	0.00436	0.00439	0.00439	0.00583	0.00365	0.00329	0.00622	0.00987	0.01175	0.05967	0.04126	0.80389	0.01087	0.00509	0.00145	0.00218	0.00906	0.00402	0.00365
77	0.01569	0.01958	0.01222	0.01134	0.03309	0.75750	0.00837	0.02965	0.05227	0.01126	0.00729	0.00829	0.00599	0.00451	0.00392	0.00113	0.00744	0.00292	0.00236	0.00517
78	0.01385	0.08497	0.07446	0.02800	0.07882	0.01232	0.00888	0.47929	0.08369	0.03378	0.01066	0.01170	0.00805	0.00507	0.00417	0.00129	0.00469	0.02457	0.02497	0.00679
79	0.00534	0.00437	0.00471	0.00463	0.00597	0.00374	0.00347	0.00667	0.01041	0.01305	0.23820	0.03913	0.62455	0.01038	0.00509	0.00143	0.00214	0.00876	0.00419	0.00374
80	0.01063	0.06184	0.28169	0.01256	0.11152	0.11509	0.05673	0.07102	0.11812	0.01434	0.01125	0.02533	0.04811	0.02554	0.00477	0.00140	0.01737	0.00407	0.00261	0.00600
81	0.00526	0.00424	0.00469	0.00485	0.00599	0.00367	0.00353	0.00641	0.00982	0.01229	0.14709	0.20589	0.54889	0.01115	0.00517	0.00150	0.00223	0.00956	0.00410	0.00367
82	0.04640	0.01321	0.08451	0.03345	0.11685	0.23709	0.00876	0.09066	0.13153	0.10339	0.07184	0.02274	0.01047	0.00513	0.00419	0.00129	0.00520	0.00404	0.00325	0.00599
83	0.39484	0.07331	0.05495	0.07941	0.01342	0.09954	0.09515	0.05235	0.00931	0.03349	0.00715	0.00852	0.00552	0.00405	0.00343	0.00126	0.00478	0.00299	0.00253	0.05401
84	0.02596	0.11371	0.15709	0.04980	0.30694	0.07872	0.03256	0.01386	0.05000	0.04295	0.00914	0.02661	0.01633	0.00488	0.01821	0.00136	0.01830	0.00373	0.00235	0.02750
85	0.03029	0.00443	0.00507	0.00500	0.00619	0.00397	0.00372	0.00717	0.01060	0.01418	0.36864	0.11367	0.39155	0.01007	0.00506	0.00144	0.00218	0.00865	0.00428	0.00383
86	0.09656	0.31555	0.03026	0.00903	0.01185	0.40113	0.00760	0.02619	0.01051	0.01172	0.02762	0.02019	0.00672	0.00437	0.00343	0.00109	0.00592	0.00285	0.00224	0.00517
87	0.03196	0.05553	0.28882	0.01506	0.20388	0.12804	0.08201	0.02754	0.01004	0.04936	0.02212	0.01002	0.00676	0.00428	0.00446	0.00130	0.03486	0.00354	0.00226	0.01817
88	0.02079	0.03633	0.02416	0.11236	0.26366	0.10106	0.00921	0.03696	0.02988	0.07212	0.01884	0.03738	0.03325	0.00468	0.00423	0.00119	0.02079	0.00393	0.00268	0.16649

[dist]
# distance from previous block
# <min> <max>
0	13

# created by:
# /st0/software/busco_prod/Augustus/scripts/msa2prfl.pl ./align_prep/115348.fa
