[name]
unknown

[dist]
# distance from previous block
# <min> <max>
8	118

[block]
# block no. 0 follows, 68 sequences, length 21
# corresponding to MSA columns:
# 123-143
name=unknown_A
#
# <colnr> <probs for GDERKNQSTAVLIFYWHMCP>
#	G	D	E	R	K	N	Q	S	T	A	V	L	I	F	Y	W	H	M	C	P
0	0.00900	0.02105	0.00714	0.00615	0.00807	0.00567	0.00479	0.04419	0.13013	0.16835	0.03945	0.17726	0.18666	0.00831	0.03374	0.00145	0.00308	0.02999	0.00374	0.11178
1	0.61796	0.00757	0.00633	0.00562	0.00780	0.03740	0.00453	0.06764	0.00864	0.01763	0.17372	0.01138	0.01121	0.00467	0.00305	0.00122	0.00306	0.00328	0.00293	0.00436
2	0.01078	0.18210	0.01165	0.00790	0.01039	0.04023	0.00650	0.07367	0.50264	0.05232	0.03083	0.01257	0.01035	0.00497	0.00395	0.00122	0.02467	0.00388	0.00348	0.00593
3	0.05004	0.57635	0.18533	0.00792	0.01167	0.06900	0.00834	0.03257	0.00854	0.01078	0.00598	0.00690	0.00508	0.00356	0.00289	0.00097	0.00471	0.00235	0.00181	0.00522
4	0.70968	0.00697	0.00594	0.00545	0.00755	0.00810	0.00443	0.01073	0.00667	0.01605	0.00655	0.00829	0.00543	0.00896	0.17323	0.00227	0.00460	0.00257	0.00239	0.00414
5	0.01165	0.00880	0.04617	0.00776	0.01000	0.07921	0.00632	0.18100	0.16462	0.18768	0.01477	0.19807	0.01309	0.01929	0.00447	0.00137	0.00375	0.03268	0.00381	0.00549
6	0.01137	0.66552	0.04453	0.00762	0.01082	0.18353	0.00721	0.01270	0.00871	0.00951	0.00569	0.00658	0.00509	0.00354	0.00279	0.00090	0.00488	0.00223	0.00177	0.00501
7	0.00618	0.00475	0.00631	0.00604	0.00630	0.00555	0.00434	0.00685	0.00604	0.00854	0.01066	0.01937	0.01129	0.41645	0.32784	0.00446	0.13885	0.00484	0.00219	0.00313
8	0.01987	0.01115	0.17605	0.18028	0.01609	0.07061	0.08566	0.07065	0.09061	0.15753	0.01766	0.03517	0.00811	0.00464	0.00401	0.00127	0.00485	0.02152	0.00285	0.02143
9	0.00728	0.00685	0.00905	0.00802	0.00851	0.02591	0.02104	0.00821	0.00685	0.00960	0.01388	0.01743	0.17490	0.09964	0.12883	0.00251	0.44055	0.00481	0.00227	0.00385
10	0.00692	0.00643	0.01030	0.67942	0.02286	0.00770	0.00939	0.00923	0.00815	0.01025	0.01376	0.01616	0.17333	0.00520	0.00411	0.00132	0.00462	0.00451	0.00215	0.00419
11	0.00933	0.18472	0.13802	0.01373	0.01781	0.01093	0.52732	0.01238	0.00892	0.01195	0.00764	0.02497	0.00606	0.00358	0.00412	0.00123	0.00599	0.00403	0.00193	0.00533
12	0.00771	0.00709	0.01174	0.43374	0.20452	0.00791	0.03834	0.01031	0.02613	0.01217	0.17543	0.01475	0.02397	0.00480	0.00414	0.00128	0.00442	0.00439	0.00242	0.00475
13	0.00723	0.00547	0.00622	0.00551	0.00703	0.00535	0.00427	0.17214	0.01201	0.01604	0.40642	0.02834	0.29258	0.00806	0.00454	0.00127	0.00242	0.00683	0.00406	0.00422
14	0.01610	0.00723	0.00923	0.00732	0.01022	0.00683	0.00597	0.04318	0.17725	0.64823	0.01556	0.01364	0.01019	0.00500	0.00400	0.00125	0.00335	0.00408	0.00470	0.00665
15	0.04660	0.02399	0.04676	0.00660	0.00909	0.03583	0.00554	0.07498	0.09603	0.28188	0.05694	0.03619	0.22276	0.00634	0.00408	0.00124	0.00322	0.00516	0.00389	0.03287
16	0.00905	0.00935	0.01668	0.01511	0.18147	0.01002	0.31995	0.01148	0.02786	0.01187	0.00814	0.01066	0.03019	0.00467	0.00687	0.00137	0.25670	0.00404	0.00204	0.06248
17	0.00632	0.00783	0.17575	0.00763	0.00934	0.00629	0.00716	0.00835	0.00676	0.00991	0.00956	0.01367	0.00861	0.02299	0.62026	0.00503	0.06454	0.00393	0.00201	0.00406
18	0.00837	0.00867	0.01768	0.04955	0.03263	0.00837	0.53463	0.01091	0.00880	0.02777	0.01125	0.20880	0.01076	0.00566	0.00501	0.00141	0.03640	0.00609	0.00243	0.00482
19	0.00852	0.00561	0.00707	0.02484	0.02145	0.01520	0.04135	0.01076	0.08385	0.18598	0.07899	0.08787	0.36745	0.01695	0.00465	0.00136	0.00286	0.02689	0.00384	0.00452
20	0.01337	0.01019	0.01190	0.19861	0.01567	0.01151	0.00832	0.63984	0.01623	0.02164	0.00896	0.00976	0.00641	0.00458	0.00397	0.00122	0.00457	0.00356	0.00347	0.00622

[dist]
# distance from previous block
# <min> <max>
0	1

[block]
# block no. 1 follows, 68 sequences, length 110
# corresponding to MSA columns:
# 145-171,178-188,200-271
name=unknown_B
#
# <colnr> <probs for GDERKNQSTAVLIFYWHMCP>
#	G	D	E	R	K	N	Q	S	T	A	V	L	I	F	Y	W	H	M	C	P
0	0.00631	0.00537	0.00836	0.00765	0.00886	0.00527	0.13619	0.00870	0.08885	0.01205	0.12416	0.43430	0.05229	0.00944	0.00498	0.00150	0.01591	0.06233	0.00350	0.00398
1	0.05608	0.01825	0.01099	0.00996	0.01204	0.79297	0.00750	0.02755	0.01113	0.01031	0.00615	0.00715	0.00509	0.00408	0.00353	0.00103	0.00692	0.00255	0.00209	0.00461
2	0.00981	0.00942	0.01609	0.02434	0.83592	0.00942	0.01217	0.01217	0.00903	0.01295	0.00746	0.00981	0.00628	0.00353	0.00393	0.00118	0.00471	0.00353	0.00196	0.00628
3	0.01446	0.01072	0.01209	0.01043	0.08823	0.01175	0.00786	0.69291	0.04948	0.04717	0.00977	0.00987	0.00700	0.00468	0.00397	0.00120	0.00432	0.00361	0.00381	0.00668
4	0.00749	0.00705	0.01189	0.85113	0.02731	0.00881	0.01101	0.01013	0.00793	0.01013	0.00705	0.01057	0.00529	0.00396	0.00396	0.00132	0.00529	0.00352	0.00176	0.00440
5	0.00487	0.00348	0.00463	0.00550	0.00576	0.00325	0.00368	0.00561	0.00776	0.01039	0.06020	0.81894	0.02675	0.01222	0.00504	0.00159	0.00228	0.01108	0.00371	0.00325
6	0.00963	0.00919	0.01544	0.08982	0.73390	0.00939	0.01181	0.01241	0.04594	0.01289	0.00782	0.01010	0.00646	0.00365	0.00393	0.00120	0.00469	0.00357	0.00204	0.00613
7	0.00699	0.00527	0.00728	0.00713	0.02944	0.00607	0.00538	0.09458	0.00776	0.01108	0.01029	0.01489	0.00945	0.06364	0.62087	0.01627	0.04642	0.00417	0.02910	0.00392
8	0.00824	0.00415	0.00432	0.00412	0.00525	0.00415	0.00314	0.02437	0.03111	0.06599	0.01313	0.01461	0.01013	0.00466	0.00290	0.00096	0.00202	0.00373	0.78902	0.00401
9	0.00497	0.00407	0.00441	0.00444	0.00569	0.00351	0.00341	0.00616	0.00935	0.01154	0.14958	0.03754	0.65103	0.00985	0.00475	0.00137	0.00213	0.07898	0.00377	0.00343
10	0.00578	0.00383	0.00440	0.00446	0.00455	0.00385	0.00261	0.00598	0.00602	0.00823	0.01297	0.07325	0.01470	0.73349	0.05571	0.00369	0.00397	0.00592	0.04404	0.00256
11	0.00577	0.00383	0.00441	0.00448	0.00457	0.00385	0.00263	0.00597	0.00604	0.00825	0.01309	0.08444	0.01485	0.72214	0.05727	0.00367	0.00396	0.00599	0.04221	0.00257
12	0.00869	0.00871	0.01233	0.01051	0.01058	0.01211	0.02188	0.00959	0.00613	0.00959	0.00525	0.00871	0.00522	0.00688	0.01288	0.00173	0.83964	0.00349	0.00174	0.00435
13	0.00685	0.00474	0.00664	0.00637	0.00719	0.00543	0.00499	0.00822	0.00706	0.06380	0.01257	0.05377	0.04914	0.02139	0.53756	0.00453	0.09130	0.00460	0.10004	0.00382
14	0.00613	0.00396	0.00508	0.00547	0.00619	0.00363	0.00391	0.00708	0.00844	0.08069	0.09227	0.50163	0.13825	0.05245	0.00565	0.00163	0.00249	0.06769	0.00378	0.00357
15	0.00485	0.00347	0.00463	0.00555	0.00578	0.00324	0.00372	0.00556	0.00761	0.01015	0.02184	0.84687	0.02618	0.01240	0.00507	0.00161	0.00232	0.02226	0.00368	0.00323
16	0.00650	0.00445	0.00495	0.00481	0.00515	0.00458	0.00296	0.04545	0.05750	0.00951	0.01302	0.06149	0.01423	0.68717	0.01688	0.00332	0.00366	0.00573	0.04567	0.00295
17	0.00553	0.00383	0.00438	0.00448	0.00471	0.00371	0.00271	0.00583	0.00668	0.00882	0.06746	0.12859	0.10632	0.61247	0.01570	0.00314	0.00333	0.00680	0.00282	0.00269
18	0.03478	0.00495	0.00640	0.00569	0.00722	0.00453	0.00435	0.01104	0.01983	0.27011	0.37758	0.13865	0.04250	0.04786	0.00518	0.00142	0.00254	0.00653	0.00427	0.00458
19	0.00629	0.00449	0.00628	0.00719	0.00806	0.00448	0.00622	0.00805	0.00903	0.01176	0.02105	0.09505	0.02303	0.01104	0.00545	0.00181	0.00357	0.75986	0.00365	0.00362
20	0.03293	0.00368	0.00473	0.00546	0.00583	0.00350	0.00372	0.00595	0.00781	0.01076	0.08467	0.71082	0.02583	0.04723	0.00559	0.00167	0.00239	0.03052	0.00364	0.00327
21	0.01535	0.00653	0.00859	0.00693	0.00960	0.00595	0.00568	0.01786	0.08932	0.63755	0.04978	0.01628	0.01200	0.00545	0.00406	0.00126	0.00324	0.05398	0.04434	0.00625
22	0.00981	0.00942	0.01609	0.02434	0.83592	0.00942	0.01217	0.01217	0.00903	0.01295	0.00746	0.00981	0.00628	0.00353	0.00393	0.00118	0.00471	0.00353	0.00196	0.00628
23	0.00488	0.00349	0.00464	0.00549	0.00576	0.00325	0.00368	0.00564	0.00782	0.01048	0.07210	0.80681	0.02692	0.01215	0.00504	0.00159	0.00227	0.01102	0.00372	0.00325
24	0.06720	0.00951	0.01011	0.00812	0.01077	0.01052	0.00658	0.56341	0.10562	0.02192	0.05110	0.05480	0.00985	0.00531	0.00391	0.00122	0.00380	0.00416	0.04602	0.00607
25	0.01459	0.00712	0.00904	0.00689	0.00994	0.00628	0.00563	0.10431	0.01144	0.51358	0.06367	0.01288	0.01030	0.00465	0.00379	0.00108	0.00329	0.00377	0.00420	0.20356
26	0.01036	0.82105	0.02007	0.00676	0.01003	0.01516	0.00669	0.01164	0.00797	0.00932	0.00576	0.00681	0.00532	0.00468	0.04373	0.00112	0.00455	0.00222	0.00172	0.00501
27	0.00479	0.00398	0.00413	0.00417	0.00536	0.00338	0.00306	0.00576	0.00889	0.01077	0.07358	0.08793	0.70959	0.05027	0.00544	0.00147	0.00211	0.00837	0.00365	0.00331
28	0.00483	0.00345	0.00460	0.00552	0.00575	0.00322	0.00368	0.00552	0.00759	0.01012	0.02185	0.85807	0.02622	0.01242	0.00506	0.00161	0.00230	0.01127	0.00368	0.00322
29	0.01060	0.86304	0.02078	0.00678	0.01018	0.01569	0.00678	0.01187	0.00806	0.00933	0.00551	0.00636	0.00509	0.00339	0.00254	0.00085	0.00424	0.00212	0.00170	0.00509
30	0.00815	0.00794	0.02417	0.54614	0.21085	0.00930	0.01100	0.01054	0.00796	0.01074	0.00697	0.01020	0.00555	0.00444	0.01294	0.00138	0.10158	0.00352	0.00181	0.00484
31	0.00548	0.00367	0.00475	0.00540	0.00581	0.00340	0.00363	0.00617	0.00770	0.04736	0.02195	0.70143	0.07462	0.08093	0.00622	0.00176	0.00246	0.01031	0.00363	0.00332
32	0.01097	0.78925	0.01994	0.00708	0.01036	0.08816	0.00686	0.01222	0.00833	0.00936	0.00557	0.00643	0.00509	0.00345	0.00263	0.00086	0.00449	0.00216	0.00173	0.00505
33	0.00492	0.00399	0.00425	0.00420	0.00542	0.00341	0.00313	0.00591	0.00914	0.01123	0.14611	0.03572	0.68585	0.00996	0.00521	0.04451	0.00206	0.00796	0.00368	0.00332
34	0.00577	0.00384	0.00432	0.00432	0.00432	0.00384	0.00240	0.00577	0.00577	0.00769	0.01249	0.02595	0.01441	0.86066	0.02018	0.00384	0.00384	0.00577	0.00240	0.00240
35	0.00496	0.00400	0.00430	0.00424	0.00545	0.00342	0.00316	0.00599	0.00924	0.01146	0.18019	0.03540	0.65306	0.00987	0.00519	0.04304	0.00205	0.00792	0.00371	0.00334
36	0.00486	0.00345	0.00461	0.00552	0.00574	0.00322	0.00368	0.00552	0.00756	0.01008	0.02165	0.84686	0.02597	0.01244	0.00520	0.01331	0.00232	0.01117	0.00365	0.00320
37	0.00782	0.02934	0.78986	0.01089	0.01650	0.00900	0.01399	0.01221	0.00840	0.01243	0.00871	0.00980	0.04557	0.00407	0.00380	0.00126	0.00565	0.00319	0.00177	0.00573
38	0.00488	0.00402	0.00429	0.00422	0.00548	0.00343	0.00317	0.00607	0.00950	0.01182	0.20942	0.03634	0.66437	0.00963	0.00468	0.00132	0.00198	0.00811	0.00383	0.00343
39	0.00795	0.02051	0.84011	0.01130	0.01716	0.00921	0.01465	0.01256	0.00837	0.01256	0.00712	0.00837	0.00502	0.00377	0.00377	0.00126	0.00586	0.00293	0.00167	0.00586
40	0.00795	0.02051	0.84011	0.01130	0.01716	0.00921	0.01465	0.01256	0.00837	0.01256	0.00712	0.00837	0.00502	0.00377	0.00377	0.00126	0.00586	0.00293	0.00167	0.00586
41	0.00485	0.00347	0.00463	0.00555	0.00579	0.00324	0.00372	0.00556	0.00761	0.01015	0.02184	0.84564	0.02617	0.01240	0.00507	0.00161	0.00232	0.02347	0.00368	0.00323
42	0.00915	0.02199	0.23353	0.07003	0.01897	0.00958	0.46446	0.05168	0.00941	0.02800	0.00841	0.04082	0.00654	0.00392	0.00434	0.00131	0.00602	0.00429	0.00211	0.00543
43	0.00516	0.00405	0.00468	0.00456	0.00570	0.00356	0.00344	0.00660	0.01006	0.01317	0.41113	0.03433	0.43990	0.00916	0.00470	0.00131	0.00199	0.02896	0.00400	0.00354
44	0.00822	0.00705	0.00822	0.00587	0.00940	0.00529	0.00470	0.00998	0.00822	0.01292	0.00705	0.00822	0.00587	0.00294	0.00294	0.00059	0.00294	0.00235	0.00235	0.88490
45	0.00985	0.02421	0.08063	0.01697	0.32649	0.00919	0.26908	0.02364	0.05425	0.05552	0.01570	0.01043	0.00683	0.00367	0.00407	0.00119	0.00509	0.00384	0.00229	0.07707
46	0.00822	0.00705	0.00822	0.00587	0.00940	0.00529	0.00470	0.00998	0.00822	0.01292	0.00705	0.00822	0.00587	0.00294	0.00294	0.00059	0.00294	0.00235	0.00235	0.88490
47	0.00536	0.00420	0.00636	0.05857	0.00807	0.00407	0.06146	0.00632	0.00765	0.01018	0.01951	0.70548	0.02293	0.05273	0.00571	0.00168	0.00287	0.01006	0.00338	0.00340
48	0.00707	0.00367	0.00535	0.01733	0.00581	0.00360	0.00369	0.00599	0.00596	0.04817	0.01030	0.13901	0.02859	0.01291	0.01297	0.67708	0.00326	0.00475	0.00221	0.00227
49	0.00689	0.00344	0.00517	0.00517	0.00517	0.00344	0.00344	0.00517	0.00517	0.00689	0.00689	0.01205	0.00689	0.01377	0.01550	0.88464	0.00344	0.00344	0.00172	0.00172
50	0.00795	0.02051	0.84011	0.01130	0.01716	0.00921	0.01465	0.01256	0.00837	0.01256	0.00712	0.00837	0.00502	0.00377	0.00377	0.00126	0.00586	0.00293	0.00167	0.00586
51	0.00587	0.00427	0.00638	0.00634	0.00695	0.00497	0.00488	0.00693	0.00623	0.00896	0.01007	0.01501	0.00946	0.02740	0.73224	0.10354	0.03093	0.00414	0.00207	0.00336
52	0.00562	0.00407	0.00459	0.00457	0.00559	0.00361	0.00328	0.00657	0.01899	0.04192	0.12692	0.12245	0.47257	0.09897	0.00698	0.05627	0.00237	0.00775	0.00356	0.00335
53	0.00689	0.00344	0.00517	0.00517	0.00517	0.00344	0.00344	0.00517	0.00517	0.00689	0.00689	0.01205	0.00689	0.01377	0.01550	0.88464	0.00344	0.00344	0.00172	0.00172
54	0.00709	0.00381	0.00427	0.00447	0.00532	0.00374	0.00336	0.00870	0.00833	0.03599	0.01547	0.18038	0.01442	0.00672	0.00350	0.00115	0.00214	0.07957	0.60787	0.00368
55	0.03049	0.00603	0.00673	0.00614	0.00774	0.00616	0.00468	0.15254	0.12809	0.06177	0.11846	0.20143	0.21764	0.02766	0.00480	0.00141	0.00278	0.00698	0.00387	0.00458
56	0.01507	0.01111	0.01190	0.00912	0.01230	0.01230	0.00754	0.82270	0.01864	0.02499	0.00952	0.00952	0.00674	0.00476	0.00397	0.00119	0.00436	0.00357	0.00397	0.00674
57	0.00500	0.00366	0.00470	0.00521	0.00575	0.00336	0.00362	0.00602	0.00865	0.01160	0.22268	0.55836	0.12458	0.01108	0.00492	0.00149	0.00216	0.00992	0.00385	0.00336
58	0.00568	0.00415	0.00514	0.00554	0.00621	0.00393	0.00386	0.01767	0.04804	0.02076	0.03467	0.54808	0.09912	0.09537	0.00637	0.00174	0.00259	0.04418	0.00354	0.04338
59	0.00799	0.00513	0.00627	0.00616	0.00731	0.00513	0.00451	0.02444	0.16602	0.12996	0.07880	0.40629	0.03226	0.06588	0.00565	0.00161	0.00274	0.02519	0.01428	0.00437
60	0.01386	0.00994	0.01084	0.00853	0.01145	0.01079	0.00702	0.62617	0.06759	0.07323	0.01217	0.01302	0.04536	0.00529	0.00405	0.00122	0.00405	0.04189	0.00396	0.02960
61	0.00659	0.00436	0.00510	0.00475	0.00534	0.00416	0.00299	0.00696	0.00639	0.04902	0.01241	0.02300	0.02674	0.66072	0.06894	0.00348	0.00412	0.00526	0.00252	0.09714
62	0.00529	0.00376	0.00466	0.00512	0.00550	0.00356	0.00340	0.01737	0.00767	0.01014	0.07153	0.48702	0.10916	0.20530	0.00870	0.02483	0.00267	0.01785	0.00338	0.00310
63	0.66738	0.00729	0.00641	0.00552	0.00802	0.00801	0.00453	0.01311	0.00777	0.18561	0.00795	0.00829	0.00571	0.00398	0.00278	0.00121	0.00307	0.00260	0.04599	0.00477
64	0.00489	0.00348	0.00458	0.00545	0.00566	0.00326	0.00360	0.00554	0.00748	0.00997	0.02126	0.80535	0.02548	0.06616	0.00602	0.00175	0.00240	0.01092	0.00360	0.00317
65	0.01434	0.08280	0.01212	0.07320	0.01285	0.01121	0.00742	0.53496	0.04583	0.15016	0.01020	0.01015	0.00717	0.00463	0.00385	0.00118	0.00422	0.00354	0.00375	0.00641
66	0.01767	0.00694	0.00932	0.00715	0.01022	0.00612	0.00590	0.05529	0.01167	0.80224	0.01537	0.01332	0.00968	0.00490	0.00399	0.00123	0.00342	0.00397	0.00487	0.00675
67	0.00758	0.00464	0.00553	0.00512	0.00666	0.00409	0.00399	0.00908	0.02366	0.16986	0.20192	0.05332	0.42132	0.00869	0.00460	0.00134	0.00237	0.05803	0.00406	0.00414
68	0.00901	0.00807	0.01357	0.35194	0.43741	0.00872	0.01102	0.01137	0.00863	0.04896	0.00834	0.05034	0.00699	0.00419	0.00400	0.00126	0.00477	0.00392	0.00210	0.00541
69	0.08057	0.00876	0.02113	0.29897	0.33572	0.04840	0.01019	0.02266	0.00876	0.07900	0.00775	0.00998	0.00602	0.00426	0.01388	0.00131	0.03170	0.00341	0.00219	0.00535
70	0.01481	0.01890	0.01124	0.01021	0.01226	0.84474	0.00766	0.01583	0.01124	0.00970	0.00613	0.00715	0.00511	0.00409	0.00358	0.00102	0.00715	0.00255	0.00204	0.00460
71	0.02204	0.01023	0.01269	0.31130	0.17964	0.13712	0.03837	0.18678	0.01101	0.01416	0.00772	0.00976	0.00594	0.00406	0.00387	0.00121	0.00517	0.00342	0.03020	0.00532
72	0.00510	0.00412	0.00456	0.00443	0.00567	0.00357	0.00332	0.00649	0.01846	0.01244	0.29027	0.05321	0.54043	0.00931	0.00465	0.00130	0.00200	0.00791	0.00388	0.01887
73	0.00995	0.00903	0.01305	0.15299	0.35314	0.05309	0.04620	0.09741	0.08345	0.03485	0.01866	0.08219	0.00872	0.00475	0.00406	0.00125	0.00456	0.00431	0.00258	0.01577
74	0.00958	0.10227	0.06160	0.06122	0.05966	0.04931	0.03397	0.10399	0.20019	0.02344	0.05289	0.04737	0.04169	0.01908	0.02443	0.00141	0.03877	0.03239	0.00297	0.03374
75	0.00583	0.00422	0.00571	0.00655	0.00731	0.00410	0.00538	0.00728	0.00870	0.01130	0.02276	0.26620	0.08855	0.01128	0.00530	0.00173	0.00315	0.52748	0.00366	0.00351
76	0.00937	0.00986	0.02782	0.23478	0.20697	0.04241	0.33707	0.03788	0.03090	0.01246	0.00782	0.01036	0.00602	0.00368	0.00423	0.00128	0.00571	0.00397	0.00205	0.00536
77	0.00921	0.00965	0.02618	0.27882	0.29575	0.08048	0.17814	0.01168	0.00879	0.01152	0.00753	0.01058	0.00611	0.03117	0.01655	0.00140	0.00558	0.00376	0.00193	0.00519
78	0.00567	0.00424	0.00632	0.00632	0.00701	0.00493	0.00489	0.00705	0.00636	0.00916	0.01067	0.01585	0.01003	0.05168	0.82316	0.00631	0.01044	0.00429	0.00213	0.00351
79	0.00595	0.00432	0.00554	0.00611	0.00710	0.00413	0.00512	0.00756	0.00914	0.01198	0.07644	0.06480	0.21392	0.01021	0.00506	0.00161	0.00300	0.49634	0.05809	0.00358
80	0.01801	0.00447	0.00553	0.00583	0.03251	0.00432	0.00418	0.00747	0.03477	0.04002	0.09043	0.13777	0.32618	0.06129	0.16245	0.00246	0.00402	0.05124	0.00336	0.00368
81	0.63757	0.00761	0.00684	0.00583	0.00836	0.00841	0.00478	0.06619	0.01778	0.16467	0.00776	0.00818	0.00561	0.00431	0.00326	0.02917	0.00322	0.00264	0.00299	0.00483
82	0.00482	0.00394	0.00427	0.00449	0.00555	0.00342	0.00325	0.00592	0.02104	0.01076	0.05296	0.25135	0.59328	0.01055	0.00477	0.00141	0.00210	0.00904	0.00370	0.00337
83	0.10573	0.00529	0.00582	0.00553	0.00693	0.00535	0.00426	0.05932	0.08565	0.02596	0.27257	0.11673	0.20399	0.00809	0.00436	0.00134	0.00248	0.05251	0.02398	0.00411
84	0.02605	0.00467	0.00577	0.00575	0.00684	0.00449	0.00427	0.03441	0.05511	0.09961	0.18711	0.35662	0.11118	0.02336	0.00495	0.00148	0.00253	0.05783	0.00393	0.00403
85	0.00580	0.00418	0.00495	0.00522	0.00560	0.00421	0.00338	0.00733	0.09347	0.00990	0.04090	0.36608	0.02983	0.38756	0.01164	0.00256	0.00306	0.00796	0.00317	0.00320
86	0.82883	0.00760	0.00606	0.00534	0.00784	0.00868	0.00440	0.01218	0.00706	0.07418	0.00622	0.00693	0.00467	0.00376	0.00256	0.00123	0.00309	0.00227	0.00262	0.00446
87	0.00556	0.00399	0.00514	0.00519	0.00574	0.00402	0.00366	0.00655	0.00773	0.01059	0.20682	0.10982	0.07676	0.28099	0.21614	0.00338	0.00476	0.03689	0.00306	0.00319
88	0.29755	0.00504	0.00522	0.00533	0.00650	0.00529	0.00397	0.00825	0.00809	0.02184	0.17074	0.34984	0.02026	0.01907	0.00426	0.00143	0.00254	0.03468	0.02639	0.00373
89	0.00852	0.00723	0.00838	0.00605	0.00953	0.00566	0.00484	0.04018	0.02915	0.01346	0.00737	0.00843	0.00606	0.00306	0.00300	0.00063	0.00299	0.00245	0.00245	0.83057
90	0.00585	0.00401	0.00494	0.00521	0.00604	0.00366	0.00370	0.00709	0.02922	0.06247	0.14005	0.45216	0.22561	0.02442	0.00507	0.00150	0.00228	0.00927	0.00384	0.00361
91	0.01758	0.00399	0.00494	0.00535	0.00600	0.00376	0.00373	0.02031	0.01794	0.04842	0.06612	0.54972	0.11191	0.06195	0.00569	0.00163	0.00244	0.01983	0.04520	0.00351
92	0.06030	0.00445	0.00627	0.00623	0.00702	0.00516	0.00483	0.00732	0.00637	0.00968	0.01037	0.01537	0.00972	0.05689	0.76426	0.00597	0.00992	0.00417	0.00215	0.00355
93	0.14247	0.00592	0.00696	0.00572	0.00802	0.00560	0.00464	0.01501	0.00971	0.45733	0.01330	0.01287	0.00911	0.00464	0.00338	0.00113	0.00285	0.00362	0.28231	0.00542
94	0.00705	0.00456	0.00557	0.00543	0.00645	0.00433	0.00398	0.02688	0.04425	0.09884	0.17582	0.19977	0.16219	0.16122	0.01849	0.00191	0.00284	0.06288	0.00371	0.00381
95	0.03141	0.00455	0.00543	0.00504	0.00641	0.00410	0.00384	0.00869	0.00974	0.14474	0.27820	0.06201	0.31169	0.06864	0.00565	0.00150	0.00242	0.03802	0.00396	0.00398
96	0.00655	0.00452	0.00653	0.00637	0.00724	0.00511	0.00493	0.00822	0.03267	0.06069	0.01120	0.01593	0.01020	0.06806	0.72598	0.00577	0.00960	0.00431	0.00237	0.00377
97	0.00647	0.00436	0.00649	0.00636	0.00717	0.00494	0.00494	0.00774	0.00662	0.06041	0.01075	0.01528	0.00976	0.02742	0.75236	0.04900	0.00982	0.00419	0.00228	0.00365
98	0.00658	0.00401	0.00467	0.00468	0.00510	0.00390	0.00301	0.00709	0.00690	0.06048	0.01538	0.10607	0.05398	0.54729	0.01430	0.00292	0.00335	0.04663	0.10066	0.00300
99	0.14936	0.02886	0.01127	0.07325	0.15589	0.05643	0.00771	0.25113	0.01874	0.02744	0.00761	0.00883	0.00592	0.00412	0.00403	0.00113	0.05192	0.00308	0.00271	0.13055
100	0.01006	0.66455	0.20318	0.00783	0.01176	0.02486	0.00855	0.01208	0.00817	0.01005	0.00588	0.00682	0.00507	0.00348	0.00283	0.00094	0.00464	0.00231	0.00170	0.00525
101	0.00626	0.00423	0.00541	0.00513	0.00605	0.00396	0.00377	0.00802	0.02845	0.05398	0.61040	0.07967	0.04239	0.10616	0.00644	0.00158	0.00225	0.01800	0.00410	0.00375
102	0.00651	0.00377	0.00548	0.00550	0.00577	0.00391	0.00386	0.01828	0.00601	0.00816	0.02311	0.07485	0.02817	0.01701	0.20390	0.57190	0.00496	0.00437	0.00208	0.00239
103	0.00844	0.05326	0.28328	0.06471	0.06454	0.00866	0.05983	0.02280	0.17406	0.03458	0.01431	0.02703	0.12752	0.00553	0.01410	0.00135	0.01727	0.01072	0.00265	0.00537
104	0.00568	0.00419	0.00606	0.00606	0.00666	0.00479	0.00457	0.00688	0.00628	0.00897	0.01091	0.01716	0.01060	0.15672	0.71890	0.00599	0.00958	0.00448	0.00217	0.00337
105	0.00586	0.00392	0.00488	0.00522	0.00603	0.00352	0.00371	0.00681	0.00858	0.07324	0.09020	0.49479	0.24284	0.01085	0.00486	0.00148	0.00229	0.02353	0.00383	0.00357
106	0.01924	0.00948	0.00975	0.05249	0.01144	0.09529	0.02500	0.15463	0.44899	0.01641	0.06398	0.01352	0.01125	0.00555	0.00453	0.04114	0.00389	0.00418	0.00355	0.00568
107	0.02390	0.01464	0.04203	0.03584	0.02266	0.00676	0.00578	0.11975	0.13871	0.11192	0.10197	0.25980	0.01724	0.05141	0.00530	0.00150	0.01473	0.01751	0.00368	0.00486
108	0.29963	0.43003	0.12683	0.00699	0.01039	0.02210	0.00707	0.03759	0.00804	0.01305	0.00587	0.00677	0.00487	0.00359	0.00274	0.00104	0.00411	0.00229	0.00202	0.00498
109	0.00954	0.16358	0.35538	0.01217	0.16074	0.05517	0.02569	0.06162	0.00929	0.01278	0.02770	0.00884	0.00626	0.00377	0.00356	0.00110	0.00504	0.00301	0.00201	0.07273

[dist]
# distance from previous block
# <min> <max>
0	8

[block]
# block no. 2 follows, 68 sequences, length 46
# corresponding to MSA columns:
# 381-426
name=unknown_C
#
# <colnr> <probs for GDERKNQSTAVLIFYWHMCP>
#	G	D	E	R	K	N	Q	S	T	A	V	L	I	F	Y	W	H	M	C	P
0	0.03343	0.18760	0.23941	0.00882	0.03961	0.01754	0.00860	0.02657	0.20821	0.02624	0.05821	0.01261	0.00971	0.00466	0.00364	0.00117	0.00416	0.04279	0.00267	0.06436
1	0.03059	0.46837	0.22559	0.00869	0.01248	0.09522	0.03181	0.04597	0.00885	0.01112	0.00621	0.00725	0.00515	0.00370	0.00332	0.00103	0.02501	0.00253	0.00185	0.00527
2	0.00483	0.00398	0.00424	0.00427	0.00546	0.00339	0.00316	0.00592	0.00923	0.01138	0.14834	0.10052	0.66165	0.00996	0.00471	0.00135	0.00201	0.00843	0.00378	0.00339
3	0.00816	0.01641	0.08865	0.01001	0.01202	0.00811	0.22784	0.01052	0.04941	0.04215	0.05815	0.04738	0.02482	0.17178	0.01771	0.00196	0.16951	0.02850	0.00248	0.00445
4	0.00540	0.00393	0.00508	0.00561	0.00621	0.00374	0.00413	0.00660	0.01937	0.01120	0.13499	0.39867	0.11366	0.06473	0.02706	0.01317	0.00280	0.16664	0.00363	0.00337
5	0.00689	0.00344	0.00517	0.00517	0.00517	0.00344	0.00344	0.00517	0.00517	0.00689	0.00689	0.01205	0.00689	0.01377	0.01550	0.88464	0.00344	0.00344	0.00172	0.00172
6	0.00923	0.01029	0.02054	0.16757	0.04198	0.04103	0.61461	0.01230	0.00912	0.01209	0.00773	0.01049	0.00585	0.00353	0.00459	0.00132	0.01626	0.00435	0.00196	0.00516
7	0.64149	0.14831	0.04275	0.00600	0.00872	0.03180	0.00535	0.03292	0.00751	0.01602	0.00609	0.00756	0.00500	0.00386	0.00267	0.00117	0.00353	0.02235	0.00236	0.00454
8	0.00554	0.00410	0.00588	0.00650	0.02773	0.00436	0.00468	0.00668	0.00708	0.00978	0.01556	0.32130	0.01701	0.06216	0.40926	0.00402	0.00655	0.07553	0.00282	0.00345
9	0.00822	0.00705	0.00822	0.00587	0.00940	0.00529	0.00470	0.00998	0.00822	0.01292	0.00705	0.00822	0.00587	0.00294	0.00294	0.00059	0.00294	0.00235	0.00235	0.88490
10	0.00561	0.00419	0.00607	0.00610	0.00684	0.00473	0.00471	0.00699	0.00672	0.00958	0.02539	0.04878	0.06609	0.02682	0.72376	0.00564	0.00938	0.00482	0.02428	0.00352
11	0.69001	0.00725	0.00623	0.00541	0.00786	0.00805	0.00444	0.01272	0.00759	0.14927	0.00764	0.00813	0.00557	0.00394	0.00272	0.00121	0.00303	0.00255	0.06173	0.00465
12	0.06419	0.00394	0.00487	0.00542	0.00601	0.00379	0.00384	0.00644	0.00827	0.01167	0.15501	0.55329	0.06881	0.02889	0.00515	0.00157	0.00238	0.05940	0.00368	0.00339
13	0.00485	0.00351	0.00454	0.00535	0.00567	0.00325	0.00358	0.00554	0.00767	0.01010	0.02326	0.75721	0.10056	0.03775	0.00548	0.00165	0.00232	0.01084	0.00364	0.00321
14	0.00689	0.00344	0.00517	0.00517	0.00517	0.00344	0.00344	0.00517	0.00517	0.00689	0.00689	0.01205	0.00689	0.01377	0.01550	0.88464	0.00344	0.00344	0.00172	0.00172
15	0.00566	0.00426	0.00631	0.00634	0.00699	0.00494	0.00488	0.00699	0.00643	0.00924	0.01132	0.07205	0.01103	0.04700	0.75601	0.00592	0.02418	0.00474	0.00223	0.00351
16	0.17554	0.00647	0.00782	0.00632	0.00890	0.00608	0.00515	0.01575	0.02559	0.52535	0.12294	0.01550	0.05081	0.00535	0.00383	0.00124	0.00305	0.00428	0.00431	0.00573
17	0.00584	0.00382	0.00438	0.00438	0.00438	0.00382	0.00247	0.00573	0.00573	0.00763	0.01212	0.02502	0.01391	0.80401	0.01987	0.06276	0.00382	0.00561	0.00236	0.00236
18	0.03865	0.00437	0.00466	0.00450	0.00582	0.00395	0.00342	0.02902	0.00955	0.02844	0.17850	0.06256	0.52440	0.00893	0.00446	0.00130	0.00213	0.01655	0.06515	0.00363
19	0.00660	0.00446	0.00545	0.00561	0.00638	0.00430	0.00396	0.07500	0.00881	0.05554	0.05319	0.46038	0.11165	0.13908	0.00716	0.00186	0.00277	0.04059	0.00360	0.00363
20	0.02698	0.00455	0.00600	0.00587	0.00698	0.00419	0.02572	0.02370	0.00901	0.11618	0.13910	0.45814	0.10600	0.00976	0.00469	0.00143	0.00255	0.01859	0.00383	0.02672
21	0.09884	0.00697	0.00895	0.00695	0.00995	0.00634	0.00574	0.03931	0.02392	0.72827	0.01455	0.01276	0.00926	0.00480	0.00384	0.00123	0.00337	0.00381	0.00464	0.00651
22	0.00844	0.00567	0.00656	0.00602	0.00734	0.00574	0.00449	0.18608	0.02802	0.06960	0.10407	0.24223	0.09883	0.12595	0.00660	0.00169	0.00298	0.02547	0.05994	0.00429
23	0.00936	0.01070	0.02340	0.01671	0.02072	0.01003	0.82152	0.01270	0.00936	0.01270	0.00802	0.01070	0.00602	0.00334	0.00468	0.00134	0.00668	0.00468	0.00201	0.00535
24	0.00548	0.00403	0.00513	0.00489	0.00585	0.00368	0.00365	0.00722	0.01087	0.01513	0.71824	0.05319	0.13096	0.00845	0.00469	0.00127	0.00190	0.00742	0.00427	0.00368
25	0.00827	0.00813	0.01136	0.00990	0.00992	0.01121	0.00815	0.00912	0.00623	0.00960	0.00694	0.09725	0.00740	0.00751	0.01218	0.00172	0.76465	0.00428	0.00194	0.00422
26	0.30080	0.00699	0.00693	0.00617	0.00797	0.00768	0.00479	0.19739	0.03939	0.02870	0.01119	0.10437	0.01069	0.15545	0.00646	0.00174	0.00340	0.05119	0.04423	0.00446
27	0.00582	0.00386	0.00436	0.00439	0.00443	0.00386	0.00251	0.00590	0.00591	0.00794	0.01272	0.02619	0.01454	0.82081	0.01944	0.00373	0.00380	0.02625	0.02109	0.00246
28	0.01303	0.01049	0.01318	0.01016	0.01327	0.01141	0.14203	0.51982	0.18768	0.02118	0.01066	0.01082	0.00775	0.00466	0.00410	0.00125	0.00449	0.00395	0.00366	0.00641
29	0.00513	0.00370	0.00478	0.00551	0.00597	0.00348	0.00386	0.00618	0.02088	0.01082	0.06457	0.65130	0.09074	0.01159	0.00497	0.00157	0.00236	0.07343	0.02583	0.00335
30	0.00563	0.00421	0.00606	0.00612	0.00671	0.00477	0.00461	0.00681	0.00649	0.00919	0.01242	0.10351	0.02773	0.10643	0.64831	0.00546	0.02463	0.00518	0.00233	0.00341
31	0.00577	0.00384	0.00432	0.00432	0.00432	0.00384	0.00240	0.00577	0.00577	0.00769	0.01249	0.02595	0.01441	0.86066	0.02018	0.00384	0.00384	0.00577	0.00240	0.00240
32	0.01653	0.00831	0.01008	0.00775	0.01081	0.00820	0.00640	0.31999	0.01401	0.51484	0.01329	0.01204	0.00867	0.00485	0.00395	0.00121	0.00371	0.00382	0.02488	0.00668
33	0.00771	0.00607	0.00753	0.08727	0.02174	0.08500	0.02658	0.02850	0.02603	0.00913	0.00890	0.03563	0.00848	0.04266	0.19204	0.37123	0.00564	0.02462	0.00209	0.00315
34	0.01302	0.01491	0.01187	0.06867	0.16322	0.52101	0.00848	0.05311	0.04504	0.03056	0.00811	0.00924	0.02715	0.00423	0.00374	0.00110	0.00606	0.00311	0.00229	0.00508
35	0.00523	0.00364	0.00471	0.00548	0.00583	0.00346	0.00371	0.02426	0.00789	0.01076	0.02100	0.78437	0.02474	0.01174	0.00489	0.00156	0.00232	0.01061	0.06049	0.00333
36	0.00512	0.00406	0.00509	0.01964	0.02781	0.00368	0.01325	0.00615	0.00862	0.01104	0.11220	0.35955	0.36772	0.01050	0.00496	0.01417	0.00233	0.01705	0.00363	0.00343
37	0.01168	0.00966	0.01385	0.03576	0.21673	0.02339	0.13661	0.09458	0.13979	0.07176	0.13699	0.03975	0.03625	0.00632	0.00500	0.00159	0.00473	0.00534	0.00376	0.00648
38	0.01698	0.00681	0.00907	0.00704	0.00999	0.00606	0.00579	0.03917	0.04203	0.75523	0.03079	0.01377	0.01035	0.00498	0.00398	0.00122	0.00333	0.00405	0.02275	0.00661
39	0.00689	0.00344	0.00517	0.00517	0.00517	0.00344	0.00344	0.00517	0.00517	0.00689	0.00689	0.01205	0.00689	0.01377	0.01550	0.88464	0.00344	0.00344	0.00172	0.00172
40	0.00917	0.00849	0.01400	0.34938	0.36600	0.00929	0.05407	0.03972	0.07421	0.02505	0.00821	0.01060	0.00640	0.00390	0.00399	0.00126	0.00489	0.00367	0.00216	0.00551
41	0.01342	0.00793	0.00991	0.06463	0.03069	0.00821	0.01681	0.20879	0.15944	0.32361	0.01404	0.06552	0.01066	0.00558	0.00413	0.00130	0.00371	0.04142	0.00408	0.00612
42	0.02803	0.00724	0.01207	0.76842	0.08862	0.00886	0.01094	0.01032	0.00798	0.01052	0.00704	0.01042	0.00534	0.00392	0.00393	0.00131	0.00519	0.00349	0.00179	0.00455
43	0.53430	0.00768	0.00736	0.09749	0.01044	0.00880	0.00551	0.06158	0.11742	0.05420	0.00919	0.00986	0.03698	0.00478	0.01887	0.00135	0.00351	0.00305	0.00283	0.00478
44	0.04570	0.00768	0.00948	0.02953	0.02976	0.00769	0.00630	0.11884	0.18415	0.47156	0.02482	0.02579	0.01012	0.00504	0.00396	0.00125	0.00348	0.00410	0.00435	0.00640
45	0.01017	0.00815	0.01233	0.08419	0.33362	0.04236	0.06303	0.01257	0.04924	0.14827	0.01283	0.08402	0.06904	0.00600	0.03103	0.00143	0.01871	0.00471	0.00281	0.00548

[dist]
# distance from previous block
# <min> <max>
0	18

# created by:
# /st0/software/busco_prod/Augustus/scripts/msa2prfl.pl ./align_prep/115338.fa
