[name]
unknown

[dist]
# distance from previous block
# <min> <max>
0	380

[block]
# block no. 0 follows, 52 sequences, length 8
# corresponding to MSA columns:
# 385-392
name=unknown_A
#
# <colnr> <probs for GDERKNQSTAVLIFYWHMCP>
#	G	D	E	R	K	N	Q	S	T	A	V	L	I	F	Y	W	H	M	C	P
0	0.00900	0.00648	0.00857	0.00917	0.01060	0.00664	0.00797	0.09694	0.01246	0.01630	0.02408	0.04983	0.02568	0.01254	0.00649	0.00214	0.00456	0.68116	0.00451	0.00489
1	0.01767	0.01462	0.01446	0.01148	0.01481	0.12466	0.00936	0.60824	0.02015	0.02626	0.01059	0.01114	0.00780	0.00594	0.00578	0.00149	0.07949	0.00418	0.00428	0.00761
2	0.00869	0.00560	0.00685	0.00663	0.00800	0.00541	0.00492	0.01174	0.09551	0.08798	0.31469	0.22678	0.08251	0.01018	0.00541	0.00161	0.00276	0.00892	0.10075	0.00504
3	0.00738	0.08647	0.00820	0.00644	0.00785	0.00615	0.00495	0.00969	0.04331	0.01678	0.47525	0.16597	0.12290	0.01036	0.00551	0.00157	0.00274	0.00903	0.00476	0.00470
4	0.19030	0.06568	0.01363	0.12531	0.01625	0.09869	0.03156	0.32706	0.01527	0.02170	0.01098	0.01202	0.04064	0.00543	0.00437	0.00145	0.00548	0.00404	0.00356	0.00658
5	0.01200	0.10870	0.23032	0.03999	0.26054	0.14756	0.01322	0.01513	0.01112	0.01429	0.01022	0.01510	0.00899	0.00548	0.00469	0.00148	0.00646	0.08562	0.00250	0.00661
6	0.01331	0.01499	0.10174	0.05149	0.20863	0.14957	0.11997	0.13062	0.08359	0.01740	0.01154	0.01306	0.03455	0.00514	0.00486	0.00146	0.00640	0.00451	0.00305	0.02412
7	0.03101	0.00976	0.01093	0.06331	0.11143	0.11516	0.00814	0.03896	0.06710	0.03203	0.01680	0.24362	0.05073	0.00874	0.00643	0.00166	0.10604	0.00716	0.06551	0.00549

[dist]
# distance from previous block
# <min> <max>
13	67

[block]
# block no. 1 follows, 52 sequences, length 14
# corresponding to MSA columns:
# 460-473
name=unknown_B
#
# <colnr> <probs for GDERKNQSTAVLIFYWHMCP>
#	G	D	E	R	K	N	Q	S	T	A	V	L	I	F	Y	W	H	M	C	P
0	0.07683	0.02642	0.04205	0.01391	0.19005	0.06666	0.03277	0.11588	0.08629	0.12827	0.04345	0.01437	0.02142	0.00543	0.00453	0.00141	0.00489	0.00449	0.07674	0.04415
1	0.04036	0.03719	0.02732	0.01952	0.02635	0.06810	0.03088	0.04875	0.05326	0.03307	0.17310	0.03713	0.10511	0.08132	0.03704	0.00194	0.04447	0.00601	0.00371	0.12536
2	0.00663	0.00532	0.00590	0.00574	0.00726	0.00485	0.00434	0.00901	0.06902	0.01532	0.25595	0.04097	0.49026	0.01133	0.00602	0.02339	0.00260	0.02694	0.00471	0.00445
3	0.01304	0.01054	0.01151	0.01024	0.03236	0.01172	0.00785	0.10552	0.59567	0.05717	0.01775	0.01657	0.01322	0.00619	0.00482	0.00154	0.00404	0.00511	0.00476	0.07039
4	0.01026	0.06921	0.01118	0.00726	0.01155	0.00740	0.00593	0.01237	0.01003	0.01547	0.00848	0.00988	0.00711	0.00363	0.00355	0.00074	0.00371	0.00285	0.00281	0.79658
5	0.01181	0.35621	0.41438	0.01137	0.01694	0.05167	0.01319	0.04775	0.01077	0.01421	0.00796	0.00921	0.00627	0.00449	0.00399	0.00131	0.00634	0.00319	0.00220	0.00675
6	0.01119	0.49446	0.07429	0.00884	0.01220	0.03960	0.00864	0.01318	0.01015	0.01238	0.01225	0.01962	0.02697	0.00877	0.06498	0.00185	0.00581	0.16642	0.00268	0.00571
7	0.00680	0.00495	0.00639	0.00603	0.00720	0.00455	0.00452	0.00903	0.01357	0.01909	0.75666	0.03676	0.08619	0.01003	0.00572	0.00153	0.00230	0.00884	0.00529	0.00455
8	0.00590	0.00422	0.00562	0.00675	0.00703	0.00394	0.00450	0.00675	0.00928	0.01237	0.02671	0.82653	0.03205	0.01518	0.00619	0.00197	0.00281	0.01378	0.00450	0.00394
9	0.04130	0.01090	0.01568	0.46868	0.16095	0.08230	0.04377	0.03811	0.01056	0.01392	0.00852	0.01202	0.00669	0.00500	0.00552	0.00158	0.06202	0.00420	0.00235	0.00593
10	0.00608	0.00433	0.00573	0.00679	0.00710	0.00408	0.00460	0.00696	0.00926	0.01232	0.02598	0.73467	0.03096	0.06270	0.00730	0.00214	0.00302	0.05766	0.00440	0.00391
11	0.01329	0.09833	0.02884	0.00973	0.01308	0.22184	0.02283	0.05388	0.18592	0.01610	0.01115	0.01182	0.00884	0.00493	0.00416	0.00119	0.00534	0.00372	0.04778	0.23725
12	0.01224	0.01157	0.04904	0.10705	0.34962	0.02912	0.01196	0.09131	0.17409	0.03230	0.01179	0.01361	0.00927	0.00687	0.04844	0.00186	0.02492	0.00456	0.00320	0.00719
13	0.00579	0.00491	0.00499	0.00497	0.00658	0.00412	0.00373	0.00707	0.01119	0.01342	0.08812	0.04609	0.75826	0.01215	0.00573	0.00163	0.00245	0.01015	0.00454	0.00412

[dist]
# distance from previous block
# <min> <max>
0	1

[block]
# block no. 2 follows, 52 sequences, length 8
# corresponding to MSA columns:
# 475-482
name=unknown_C
#
# <colnr> <probs for GDERKNQSTAVLIFYWHMCP>
#	G	D	E	R	K	N	Q	S	T	A	V	L	I	F	Y	W	H	M	C	P
0	0.01339	0.01065	0.01139	0.00994	0.01287	0.01210	0.00782	0.11360	0.65405	0.06929	0.01875	0.01723	0.01386	0.00645	0.00492	0.00161	0.00403	0.00531	0.00499	0.00777
1	0.01196	0.57565	0.21290	0.00955	0.01443	0.01631	0.01043	0.01454	0.00995	0.01268	0.00735	0.00854	0.00627	0.00422	0.00351	0.00113	0.00554	0.00285	0.00213	0.07006
2	0.07073	0.23603	0.01651	0.03580	0.10981	0.16299	0.00909	0.09807	0.16142	0.01663	0.01047	0.01129	0.00837	0.00505	0.00413	0.00134	0.00554	0.00374	0.02636	0.00664
3	0.00694	0.00513	0.00746	0.00746	0.00821	0.00588	0.00565	0.00844	0.00769	0.01101	0.01328	0.02070	0.01284	0.14022	0.70760	0.00738	0.01190	0.00543	0.00264	0.00414
4	0.00606	0.00433	0.00580	0.00692	0.00727	0.00407	0.00477	0.00702	0.00943	0.01254	0.02662	0.76384	0.03171	0.01504	0.00623	0.00199	0.00295	0.07494	0.00450	0.00398
5	0.00903	0.00452	0.00452	0.00452	0.00565	0.00452	0.00339	0.01129	0.01016	0.01807	0.01581	0.01807	0.01242	0.00565	0.00339	0.00113	0.00226	0.00452	0.85659	0.00452
6	0.01699	0.07695	0.01530	0.01210	0.07298	0.01452	0.00934	0.56421	0.09751	0.05317	0.01213	0.01217	0.00882	0.00566	0.00472	0.00144	0.00516	0.00435	0.00450	0.00798
7	0.01090	0.00926	0.01003	0.00747	0.01142	0.05798	0.00593	0.01296	0.01065	0.05667	0.03908	0.01258	0.03750	0.00435	0.00386	0.00086	0.00386	0.00347	0.00316	0.69800

[dist]
# distance from previous block
# <min> <max>
0	1

[block]
# block no. 3 follows, 52 sequences, length 34
# corresponding to MSA columns:
# 484-517
name=unknown_D
#
# <colnr> <probs for GDERKNQSTAVLIFYWHMCP>
#	G	D	E	R	K	N	Q	S	T	A	V	L	I	F	Y	W	H	M	C	P
0	0.02105	0.04600	0.01208	0.00893	0.01259	0.07456	0.00736	0.02286	0.01368	0.70187	0.01760	0.01546	0.01126	0.00583	0.00475	0.00146	0.00455	0.00463	0.00553	0.00794
1	0.01810	0.02310	0.01373	0.01248	0.01498	0.81024	0.00936	0.01935	0.01373	0.01186	0.00749	0.00874	0.00624	0.00499	0.00437	0.00125	0.00874	0.00312	0.00250	0.00562
2	0.00717	0.00724	0.07275	0.00662	0.00868	0.00577	0.00563	0.01057	0.10244	0.01624	0.29281	0.03679	0.38883	0.01018	0.00554	0.00159	0.00295	0.00863	0.00463	0.00492
3	0.00693	0.00517	0.00765	0.00765	0.00847	0.00598	0.00589	0.00857	0.00775	0.01115	0.01310	0.01972	0.01241	0.07912	0.76811	0.00762	0.01253	0.00529	0.00261	0.00425
4	0.06338	0.54124	0.14996	0.01057	0.01520	0.03164	0.10080	0.01484	0.01007	0.01315	0.00743	0.00882	0.00628	0.00425	0.00367	0.00122	0.00583	0.00313	0.00218	0.00634
5	0.00573	0.00491	0.00491	0.00491	0.00655	0.00409	0.00368	0.00695	0.01105	0.01309	0.04909	0.04664	0.79750	0.01227	0.00573	0.00164	0.00245	0.01023	0.00450	0.00409
6	0.01250	0.71854	0.13545	0.00907	0.01364	0.01806	0.00965	0.01463	0.00990	0.01196	0.00701	0.00812	0.00621	0.00421	0.00332	0.00111	0.00546	0.00273	0.00207	0.00635
7	0.00705	0.00470	0.00529	0.00529	0.00529	0.00470	0.00294	0.00705	0.00705	0.00940	0.01527	0.03171	0.01762	0.82969	0.02467	0.00470	0.00470	0.00705	0.00294	0.00294
8	0.01156	0.00991	0.01053	0.00958	0.01214	0.01139	0.00741	0.02422	0.72520	0.01979	0.04036	0.06540	0.01660	0.00716	0.00502	0.00166	0.00374	0.00605	0.00492	0.00737
9	0.00941	0.00890	0.01486	0.72411	0.07812	0.01105	0.01338	0.01249	0.00964	0.01255	0.00851	0.01273	0.00653	0.00502	0.00548	0.00163	0.05361	0.00430	0.00217	0.00552
10	0.00705	0.00470	0.00529	0.00529	0.00529	0.00470	0.00294	0.00705	0.00705	0.00940	0.01527	0.03171	0.01762	0.82969	0.02467	0.00470	0.00470	0.00705	0.00294	0.00294
11	0.01179	0.01179	0.02128	0.02674	0.58755	0.01187	0.17784	0.01482	0.01090	0.01552	0.00910	0.01214	0.00753	0.00452	0.00566	0.00152	0.05514	0.00461	0.00239	0.00729
12	0.00573	0.00489	0.00493	0.00496	0.00656	0.00409	0.00371	0.00695	0.01099	0.01307	0.04844	0.06921	0.77535	0.01236	0.00574	0.00165	0.00246	0.01033	0.00450	0.00409
13	0.00915	0.00861	0.01453	0.81804	0.03338	0.01077	0.01346	0.01238	0.00969	0.01238	0.00861	0.01292	0.00646	0.00484	0.00484	0.00161	0.00646	0.00431	0.00215	0.00538
14	0.01296	0.83261	0.02539	0.00829	0.01244	0.01917	0.00829	0.01451	0.00985	0.01140	0.00674	0.00777	0.00622	0.00415	0.00311	0.00104	0.00518	0.00259	0.00207	0.00622
15	0.00596	0.00437	0.00562	0.00659	0.00709	0.00403	0.00453	0.00691	0.00959	0.01256	0.02965	0.69025	0.13384	0.01472	0.00615	0.00193	0.00283	0.04490	0.00450	0.00398
16	0.03982	0.18424	0.62297	0.01246	0.01889	0.01281	0.01557	0.01514	0.01009	0.01479	0.00824	0.00966	0.00612	0.00451	0.00425	0.00143	0.00665	0.00335	0.00208	0.00691
17	0.01471	0.01173	0.01245	0.01040	0.01361	0.01329	0.00831	0.34170	0.47043	0.02455	0.01635	0.01539	0.01206	0.00626	0.00490	0.00156	0.00446	0.00501	0.00490	0.00791
18	0.74402	0.07874	0.00903	0.00689	0.00995	0.05788	0.00574	0.01456	0.00870	0.02031	0.00679	0.00791	0.00539	0.00450	0.00309	0.00145	0.00416	0.00265	0.00289	0.00535
19	0.01627	0.00878	0.01057	0.00889	0.01194	0.00885	0.00707	0.02291	0.33191	0.40743	0.02086	0.06676	0.04143	0.00700	0.00501	0.00159	0.00387	0.00584	0.00542	0.00761
20	0.00700	0.00536	0.00646	0.00611	0.00749	0.00503	0.00461	0.00991	0.07231	0.01805	0.56736	0.03720	0.21460	0.01019	0.00566	0.00156	0.00244	0.00885	0.00511	0.00470
21	0.00590	0.00422	0.00562	0.00675	0.00703	0.00394	0.00450	0.00675	0.00928	0.01237	0.02671	0.82653	0.03205	0.01518	0.00619	0.00197	0.00281	0.01378	0.00450	0.00394
22	0.00705	0.00470	0.00529	0.00529	0.00529	0.00470	0.00294	0.00705	0.00705	0.00940	0.01527	0.03171	0.01762	0.82969	0.02467	0.00470	0.00470	0.00705	0.00294	0.00294
23	0.00999	0.09234	0.73968	0.01335	0.02026	0.01191	0.01710	0.01528	0.01020	0.01502	0.00853	0.01003	0.00615	0.00457	0.00448	0.00149	0.00700	0.00350	0.00205	0.00708
24	0.00573	0.00491	0.00491	0.00491	0.00655	0.00409	0.00368	0.00695	0.01105	0.01309	0.04909	0.04664	0.79750	0.01227	0.00573	0.00164	0.00245	0.01023	0.00450	0.00409
25	0.01968	0.00920	0.01158	0.00914	0.01271	0.00883	0.00749	0.12643	0.12035	0.57531	0.01833	0.01687	0.01221	0.00621	0.00492	0.00153	0.00426	0.02121	0.00566	0.00809
26	0.01199	0.01151	0.01967	0.02974	0.79946	0.01151	0.01487	0.01487	0.01103	0.01583	0.00912	0.01199	0.00768	0.00432	0.00480	0.00144	0.00576	0.00432	0.00240	0.00768
27	0.01029	0.07725	0.01133	0.00727	0.01156	0.00752	0.00595	0.01239	0.01003	0.01543	0.00846	0.00986	0.00710	0.00364	0.00355	0.00074	0.00372	0.00285	0.00280	0.78825
28	0.03059	0.00910	0.01063	0.00807	0.01184	0.00797	0.02316	0.12488	0.05128	0.03165	0.02599	0.05845	0.03607	0.00519	0.00415	0.00104	0.00386	0.00427	0.00350	0.54831
29	0.01471	0.02970	0.01118	0.00904	0.01208	0.10628	0.00721	0.12835	0.15304	0.20146	0.07498	0.03272	0.06833	0.00671	0.00482	0.00143	0.00450	0.02506	0.00455	0.10383
30	0.02988	0.12598	0.19392	0.04523	0.01427	0.01060	0.00952	0.11668	0.05686	0.05002	0.10659	0.06466	0.05244	0.00642	0.00461	0.00141	0.00477	0.00520	0.00353	0.09743
31	0.02451	0.04159	0.18732	0.01205	0.06164	0.08091	0.10373	0.05330	0.02395	0.02974	0.02883	0.06292	0.01150	0.14159	0.00803	0.00196	0.00581	0.01850	0.00293	0.09918
32	0.16533	0.07672	0.03693	0.00716	0.00954	0.00878	0.02334	0.11828	0.01155	0.03031	0.05625	0.03487	0.13568	0.09386	0.02199	0.00188	0.00404	0.00554	0.15270	0.00526
33	0.02720	0.27347	0.10426	0.00981	0.05792	0.02724	0.00852	0.01487	0.10582	0.02849	0.11537	0.01498	0.02480	0.02340	0.00459	0.00131	0.00460	0.00428	0.00315	0.14594

[dist]
# distance from previous block
# <min> <max>
1	77

[block]
# block no. 4 follows, 52 sequences, length 59
# corresponding to MSA columns:
# 595-653
name=unknown_E
#
# <colnr> <probs for GDERKNQSTAVLIFYWHMCP>
#	G	D	E	R	K	N	Q	S	T	A	V	L	I	F	Y	W	H	M	C	P
0	0.14670	0.12609	0.22268	0.02662	0.02663	0.04493	0.01006	0.04069	0.05868	0.12446	0.04088	0.01439	0.06390	0.00572	0.00464	0.00147	0.02738	0.00428	0.00332	0.00650
1	0.05866	0.14300	0.13314	0.01041	0.06221	0.04728	0.00906	0.04349	0.06658	0.13984	0.01178	0.02388	0.01961	0.00500	0.00415	0.00126	0.00486	0.00388	0.02704	0.18487
2	0.12229	0.15483	0.20678	0.02365	0.08533	0.08513	0.01055	0.04281	0.06114	0.01607	0.00948	0.01067	0.01946	0.00467	0.00404	0.00130	0.00552	0.00348	0.00269	0.13011
3	0.04815	0.12085	0.11261	0.00931	0.01268	0.04165	0.06334	0.06133	0.05983	0.02852	0.01383	0.09046	0.03323	0.02836	0.00494	0.00145	0.00472	0.03197	0.10685	0.12592
4	0.01272	0.09071	0.27400	0.01138	0.01591	0.01145	0.06646	0.17055	0.05641	0.09456	0.09677	0.03438	0.01275	0.00655	0.02263	0.00163	0.00570	0.00488	0.00361	0.00696
5	0.03616	0.09402	0.24028	0.01011	0.01419	0.08232	0.03694	0.02473	0.03439	0.07076	0.06830	0.09457	0.05588	0.00645	0.00463	0.00141	0.00524	0.00529	0.00324	0.11108
6	0.01192	0.35267	0.25152	0.01014	0.01470	0.01418	0.01077	0.08839	0.07825	0.02875	0.01161	0.06616	0.03053	0.00565	0.00418	0.00136	0.00541	0.00430	0.00287	0.00664
7	0.17106	0.15160	0.35207	0.01114	0.01605	0.14774	0.01204	0.04717	0.02289	0.01601	0.00810	0.00932	0.00622	0.00466	0.00404	0.00140	0.00635	0.00323	0.00246	0.00644
8	0.06228	0.03726	0.03230	0.03740	0.01230	0.04947	0.00709	0.11647	0.17236	0.06360	0.01332	0.04114	0.01089	0.06287	0.00570	0.00154	0.00436	0.00456	0.07311	0.19200
9	0.01182	0.01169	0.16084	0.01128	0.09496	0.03707	0.00925	0.11794	0.01276	0.12619	0.05850	0.12708	0.11912	0.02477	0.00552	0.00163	0.00469	0.02505	0.01849	0.02133
10	0.01343	0.73445	0.06200	0.00858	0.01285	0.01793	0.00867	0.01520	0.01015	0.06839	0.00772	0.00852	0.00663	0.00430	0.00331	0.00109	0.00520	0.00280	0.00235	0.00641
11	0.01302	0.01040	0.06782	0.00854	0.01274	0.00828	0.00737	0.12311	0.04444	0.14156	0.01159	0.03147	0.00893	0.00476	0.00416	0.00107	0.00417	0.00382	0.00371	0.48905
12	0.01773	0.08119	0.01457	0.01218	0.01480	0.75346	0.00929	0.01900	0.01345	0.01183	0.00744	0.00867	0.00624	0.00493	0.00428	0.00123	0.00848	0.00308	0.00247	0.00566
13	0.01847	0.00949	0.01156	0.00931	0.01275	0.00946	0.00758	0.13382	0.20875	0.47473	0.01836	0.01721	0.01258	0.00631	0.00493	0.00155	0.00424	0.02539	0.00552	0.00800
14	0.86392	0.00937	0.00712	0.00637	0.00937	0.01087	0.00525	0.01425	0.00825	0.02174	0.00675	0.00787	0.00525	0.00450	0.00300	0.00150	0.00375	0.00262	0.00300	0.00525
15	0.00915	0.00861	0.01453	0.81804	0.03338	0.01077	0.01346	0.01238	0.00969	0.01238	0.00861	0.01292	0.00646	0.00484	0.00484	0.00161	0.00646	0.00431	0.00215	0.00538
16	0.00707	0.00481	0.00586	0.00586	0.00609	0.00501	0.00369	0.00754	0.00731	0.01007	0.01474	0.02835	0.01618	0.61991	0.20963	0.00533	0.00659	0.00654	0.02613	0.00331
17	0.00681	0.00495	0.00641	0.00604	0.00721	0.00455	0.00453	0.00905	0.01360	0.01914	0.76286	0.03667	0.07995	0.01001	0.00572	0.00153	0.00229	0.00883	0.00530	0.00455
18	0.00915	0.00861	0.01453	0.81804	0.03338	0.01077	0.01346	0.01238	0.00969	0.01238	0.00861	0.01292	0.00646	0.00484	0.00484	0.00161	0.00646	0.00431	0.00215	0.00538
19	0.00692	0.00519	0.00779	0.00779	0.00865	0.00606	0.00606	0.00865	0.00779	0.01125	0.01298	0.01904	0.01211	0.03634	0.81049	0.00779	0.01298	0.00519	0.00260	0.00433
20	0.01096	0.01298	0.06228	0.01914	0.02382	0.01161	0.69129	0.01489	0.01123	0.01529	0.01097	0.07132	0.00907	0.00491	0.00570	0.00165	0.00774	0.00620	0.00258	0.00638
21	0.00705	0.00470	0.00529	0.00529	0.00529	0.00470	0.00294	0.00705	0.00705	0.00940	0.01527	0.03171	0.01762	0.82969	0.02467	0.00470	0.00470	0.00705	0.00294	0.00294
22	0.01251	0.01064	0.01122	0.00995	0.01278	0.01227	0.00778	0.08012	0.73559	0.02101	0.01914	0.01762	0.01432	0.00652	0.00492	0.00163	0.00394	0.00540	0.00492	0.00771
23	0.01089	0.00859	0.01013	0.00728	0.01155	0.00651	0.00584	0.01302	0.01032	0.07228	0.00937	0.01051	0.00752	0.00376	0.00368	0.00077	0.00363	0.00301	0.00310	0.79824
24	0.01312	0.01254	0.02343	0.01823	0.07579	0.04794	0.51744	0.01732	0.06764	0.11653	0.01146	0.01353	0.00843	0.00469	0.00571	0.00160	0.02934	0.00534	0.00307	0.00684
25	0.00705	0.00470	0.00529	0.00529	0.00529	0.00470	0.00294	0.00705	0.00705	0.00940	0.01527	0.03171	0.01762	0.82969	0.02467	0.00470	0.00470	0.00705	0.00294	0.00294
26	0.00590	0.00422	0.00562	0.00675	0.00703	0.00394	0.00450	0.00675	0.00928	0.01237	0.02671	0.82653	0.03205	0.01518	0.00619	0.00197	0.00281	0.01378	0.00450	0.00394
27	0.04315	0.01266	0.01832	0.02602	0.64413	0.08586	0.01363	0.06873	0.01200	0.01670	0.00906	0.01152	0.00750	0.00449	0.00470	0.00142	0.00593	0.00415	0.00260	0.00744
28	0.00590	0.00422	0.00562	0.00675	0.00703	0.00394	0.00450	0.00675	0.00928	0.01237	0.02671	0.82653	0.03205	0.01518	0.00619	0.00197	0.00281	0.01378	0.00450	0.00394
29	0.01183	0.01164	0.03414	0.02896	0.76921	0.01136	0.01471	0.01473	0.01102	0.01577	0.00989	0.01264	0.02320	0.00448	0.00481	0.00144	0.00572	0.00442	0.00243	0.00760
30	0.01324	0.01210	0.01164	0.01038	0.01293	0.12400	0.00809	0.02374	0.59012	0.05410	0.01702	0.01616	0.01286	0.00646	0.00564	0.00162	0.06317	0.00503	0.00444	0.00724
31	0.00675	0.00495	0.00633	0.00598	0.00717	0.00453	0.00449	0.00893	0.01346	0.01882	0.72482	0.03720	0.11819	0.01014	0.00572	0.00153	0.00230	0.00890	0.00525	0.00453
32	0.86392	0.00937	0.00712	0.00637	0.00937	0.01087	0.00525	0.01425	0.00825	0.02174	0.00675	0.00787	0.00525	0.00450	0.00300	0.00150	0.00375	0.00262	0.00300	0.00525
33	0.02159	0.00849	0.01140	0.00874	0.01249	0.00748	0.00722	0.05821	0.01428	0.76766	0.01878	0.01627	0.01182	0.00599	0.00487	0.00150	0.00418	0.00485	0.00595	0.00825
34	0.01205	0.01041	0.01096	0.00986	0.01260	0.01205	0.00767	0.02575	0.79071	0.02027	0.01972	0.01808	0.01479	0.00657	0.00493	0.00164	0.00384	0.00548	0.00493	0.00767
35	0.00665	0.00493	0.00620	0.00592	0.00712	0.00448	0.00442	0.00872	0.01316	0.01820	0.65292	0.05946	0.16899	0.01044	0.00573	0.00155	0.00233	0.00914	0.00517	0.00448
36	0.00988	0.02405	0.74937	0.01354	0.02039	0.01131	0.01719	0.01607	0.06453	0.01569	0.00946	0.01078	0.00674	0.00474	0.00463	0.00154	0.00693	0.00371	0.00225	0.00720
37	0.00705	0.00470	0.00529	0.00529	0.00529	0.00470	0.00294	0.00705	0.00705	0.00940	0.01527	0.03171	0.01762	0.82969	0.02467	0.00470	0.00470	0.00705	0.00294	0.00294
38	0.01078	0.00914	0.01135	0.04684	0.01335	0.01011	0.06302	0.07212	0.42900	0.01828	0.01979	0.17347	0.01785	0.00850	0.00537	0.00174	0.00423	0.07404	0.00450	0.00653
39	0.00693	0.00514	0.00648	0.00612	0.00736	0.00479	0.00460	0.00952	0.04092	0.01885	0.69736	0.03656	0.11710	0.01002	0.00569	0.00154	0.00236	0.00879	0.00524	0.00464
40	0.86392	0.00937	0.00712	0.00637	0.00937	0.01087	0.00525	0.01425	0.00825	0.02174	0.00675	0.00787	0.00525	0.00450	0.00300	0.00150	0.00375	0.00262	0.00300	0.00525
41	0.08177	0.01274	0.01253	0.00998	0.01354	0.12430	0.00811	0.35585	0.01692	0.19474	0.01242	0.01305	0.00900	0.00564	0.00458	0.00139	0.00524	0.02520	0.00443	0.08858
42	0.01084	0.01077	0.01798	0.29906	0.34446	0.04491	0.11415	0.01385	0.01051	0.01411	0.00923	0.01281	0.00746	0.00673	0.06097	0.00196	0.00695	0.00451	0.00234	0.00641
43	0.01102	0.06920	0.06673	0.00800	0.01246	0.00826	0.00702	0.06141	0.01093	0.03379	0.00891	0.01014	0.00721	0.00389	0.00373	0.00086	0.00407	0.00304	0.00295	0.66637
44	0.00714	0.00505	0.00631	0.00596	0.00728	0.00455	0.00448	0.00917	0.01309	0.04602	0.60187	0.05201	0.19829	0.01035	0.00570	0.00155	0.00240	0.00902	0.00517	0.00459
45	0.01641	0.01891	0.01490	0.04388	0.15683	0.51724	0.01049	0.09997	0.02761	0.01474	0.00845	0.01000	0.00688	0.00508	0.00484	0.00135	0.02980	0.00358	0.00275	0.00629
46	0.01520	0.01808	0.01490	0.10078	0.14012	0.49452	0.01083	0.01689	0.01204	0.01251	0.00772	0.00994	0.00651	0.00533	0.00601	0.00143	0.11532	0.00358	0.00240	0.00588
47	0.00705	0.00470	0.00529	0.00529	0.00529	0.00470	0.00294	0.00705	0.00705	0.00940	0.01527	0.03171	0.01762	0.82969	0.02467	0.00470	0.00470	0.00705	0.00294	0.00294
48	0.00915	0.00861	0.01453	0.81804	0.03338	0.01077	0.01346	0.01238	0.00969	0.01238	0.00861	0.01292	0.00646	0.00484	0.00484	0.00161	0.00646	0.00431	0.00215	0.00538
49	0.00781	0.00558	0.00781	0.00892	0.01004	0.00558	0.00781	0.01004	0.01116	0.01450	0.02566	0.05466	0.02789	0.01339	0.00669	0.00223	0.00446	0.76685	0.00446	0.00446
50	0.00573	0.00491	0.00491	0.00491	0.00655	0.00409	0.00368	0.00695	0.01105	0.01309	0.04909	0.04664	0.79750	0.01227	0.00573	0.00164	0.00245	0.01023	0.00450	0.00409
51	0.00972	0.02507	0.80458	0.01381	0.02097	0.01125	0.01790	0.01535	0.01023	0.01535	0.00870	0.01023	0.00614	0.00460	0.00460	0.00153	0.00716	0.00358	0.00205	0.00716
52	0.00995	0.00943	0.01598	0.59642	0.24876	0.01098	0.01386	0.01308	0.01007	0.01335	0.00875	0.01266	0.00680	0.00470	0.00483	0.00157	0.00626	0.00431	0.00222	0.00603
53	0.01025	0.01008	0.01416	0.01224	0.01233	0.01399	0.01016	0.01137	0.00746	0.01162	0.00700	0.01142	0.00692	0.01118	0.09284	0.00267	0.74260	0.00433	0.00217	0.00521
54	0.00703	0.00477	0.00564	0.00564	0.00576	0.00489	0.00338	0.00728	0.00715	0.00966	0.01494	0.02991	0.01684	0.71716	0.13613	0.00514	0.00587	0.00678	0.00289	0.00313
55	0.00705	0.00470	0.00529	0.00529	0.00529	0.00470	0.00294	0.00705	0.00705	0.00940	0.01527	0.03171	0.01762	0.82969	0.02467	0.00470	0.00470	0.00705	0.00294	0.00294
56	0.01019	0.01010	0.01548	0.64201	0.12967	0.06652	0.03203	0.01326	0.01019	0.01286	0.00863	0.01251	0.00662	0.00477	0.00483	0.00157	0.00657	0.00426	0.00222	0.00572
57	0.01358	0.70220	0.04557	0.00886	0.01302	0.04008	0.00868	0.09532	0.01132	0.01353	0.00733	0.00827	0.00643	0.00436	0.00337	0.00110	0.00535	0.00282	0.00237	0.00644
58	0.01117	0.01095	0.01603	0.36807	0.26651	0.06686	0.03990	0.01575	0.12742	0.01471	0.01040	0.01312	0.00810	0.00492	0.00484	0.00154	0.00607	0.00445	0.00268	0.00649

[dist]
# distance from previous block
# <min> <max>
0	1

[block]
# block no. 5 follows, 52 sequences, length 68
# corresponding to MSA columns:
# 655-693,723-730,736-747,769-777
name=unknown_F
#
# <colnr> <probs for GDERKNQSTAVLIFYWHMCP>
#	G	D	E	R	K	N	Q	S	T	A	V	L	I	F	Y	W	H	M	C	P
0	0.00633	0.00477	0.00642	0.00728	0.00756	0.00486	0.00507	0.00722	0.00917	0.01236	0.02503	0.74300	0.02987	0.01460	0.00699	0.00199	0.06936	0.02977	0.00430	0.00406
1	0.00590	0.00422	0.00562	0.00675	0.00703	0.00394	0.00450	0.00675	0.00928	0.01237	0.02671	0.82653	0.03205	0.01518	0.00619	0.00197	0.00281	0.01378	0.00450	0.00394
2	0.01199	0.01151	0.01967	0.02974	0.79946	0.01151	0.01487	0.01487	0.01103	0.01583	0.00912	0.01199	0.00768	0.00432	0.00480	0.00144	0.00576	0.00432	0.00240	0.00768
3	0.01251	0.01063	0.01121	0.00995	0.01277	0.01226	0.00778	0.07959	0.73614	0.02100	0.01915	0.01762	0.01433	0.00652	0.00493	0.00163	0.00394	0.00540	0.00493	0.00771
4	0.00705	0.00470	0.00529	0.00529	0.00529	0.00470	0.00294	0.00705	0.00705	0.00940	0.01527	0.03171	0.01762	0.82969	0.02467	0.00470	0.00470	0.00705	0.00294	0.00294
5	0.01296	0.83261	0.02539	0.00829	0.01244	0.01917	0.00829	0.01451	0.00985	0.01140	0.00674	0.00777	0.00622	0.00415	0.00311	0.00104	0.00518	0.00259	0.00207	0.00622
6	0.00705	0.00470	0.00529	0.00529	0.00529	0.00470	0.00294	0.00705	0.00705	0.00940	0.01527	0.03171	0.01762	0.82969	0.02467	0.00470	0.00470	0.00705	0.00294	0.00294
7	0.01101	0.04292	0.57048	0.01461	0.02081	0.10052	0.14153	0.01580	0.01081	0.01489	0.00869	0.01047	0.00635	0.00455	0.00472	0.00151	0.00745	0.00385	0.00216	0.00686
8	0.00705	0.00470	0.00529	0.00529	0.00529	0.00470	0.00294	0.00705	0.00705	0.00940	0.01527	0.03171	0.01762	0.82969	0.02467	0.00470	0.00470	0.00705	0.00294	0.00294
9	0.86392	0.00937	0.00712	0.00637	0.00937	0.01087	0.00525	0.01425	0.00825	0.02174	0.00675	0.00787	0.00525	0.00450	0.00300	0.00150	0.00375	0.00262	0.00300	0.00525
10	0.00701	0.00485	0.00608	0.00608	0.00635	0.00513	0.00392	0.00755	0.00728	0.00998	0.01455	0.02771	0.01588	0.57936	0.27262	0.00567	0.00731	0.00646	0.00283	0.00338
11	0.00903	0.00452	0.00452	0.00452	0.00565	0.00452	0.00339	0.01129	0.01016	0.01807	0.01581	0.01807	0.01242	0.00565	0.00339	0.00113	0.00226	0.00452	0.85659	0.00452
12	0.00582	0.00492	0.00499	0.00502	0.00659	0.00415	0.00376	0.00703	0.01093	0.01301	0.04749	0.04638	0.75508	0.03715	0.00633	0.00174	0.00257	0.02852	0.00445	0.00406
13	0.01005	0.00861	0.01005	0.00718	0.01148	0.00646	0.00574	0.01220	0.01005	0.01579	0.00861	0.01005	0.00718	0.00359	0.00359	0.00072	0.00359	0.00287	0.00287	0.85932
14	0.01234	0.01363	0.01027	0.00955	0.01086	0.37562	0.00698	0.01330	0.01028	0.01102	0.01068	0.01740	0.01062	0.24896	0.16061	0.00352	0.06245	0.00471	0.00262	0.00458
15	0.01842	0.01357	0.01454	0.01115	0.01503	0.01503	0.00921	0.78330	0.02278	0.03054	0.01163	0.01163	0.00824	0.00582	0.00485	0.00145	0.00533	0.00436	0.00485	0.00824
16	0.01090	0.01006	0.01651	0.30678	0.42201	0.01087	0.01324	0.05369	0.01139	0.01567	0.07312	0.01427	0.01037	0.00504	0.00489	0.00151	0.00570	0.00468	0.00268	0.00664
17	0.01810	0.02310	0.01373	0.01248	0.01498	0.81024	0.00936	0.01935	0.01373	0.01186	0.00749	0.00874	0.00624	0.00499	0.00437	0.00125	0.00874	0.00312	0.00250	0.00562
18	0.01301	0.01088	0.01150	0.01006	0.01297	0.01250	0.00790	0.13940	0.67551	0.02181	0.01851	0.01711	0.01381	0.00646	0.00492	0.00162	0.00406	0.00531	0.00492	0.00776
19	0.00897	0.00453	0.00458	0.00456	0.00569	0.00452	0.00342	0.01123	0.01027	0.01811	0.03956	0.01862	0.01343	0.00578	0.00346	0.00114	0.00226	0.00465	0.83071	0.00452
20	0.00972	0.02507	0.80458	0.01381	0.02097	0.01125	0.01790	0.01535	0.01023	0.01535	0.00870	0.01023	0.00614	0.00460	0.00460	0.00153	0.00716	0.00358	0.00205	0.00716
21	0.01060	0.01060	0.01484	0.01272	0.01272	0.01484	0.01060	0.01166	0.00742	0.01166	0.00636	0.01060	0.00636	0.00848	0.01590	0.00212	0.82082	0.00424	0.00212	0.00530
22	0.00576	0.00491	0.00495	0.00494	0.00656	0.00410	0.00370	0.00701	0.01111	0.01325	0.06789	0.04637	0.77860	0.01221	0.00573	0.00163	0.00245	0.01019	0.00452	0.00410
23	0.00692	0.00519	0.00779	0.00779	0.00865	0.00606	0.00606	0.00865	0.00779	0.01125	0.01298	0.01904	0.01211	0.03634	0.81049	0.00779	0.01298	0.00519	0.00260	0.00433
24	0.00951	0.02298	0.71496	0.01315	0.01960	0.01082	0.01659	0.01473	0.01043	0.01556	0.07271	0.01235	0.00936	0.00516	0.00505	0.00155	0.03225	0.00402	0.00232	0.00689
25	0.00705	0.00470	0.00529	0.00529	0.00529	0.00470	0.00294	0.00705	0.00705	0.00940	0.01527	0.03171	0.01762	0.82969	0.02467	0.00470	0.00470	0.00705	0.00294	0.00294
26	0.01005	0.00861	0.01005	0.00718	0.01148	0.00646	0.00574	0.01220	0.01005	0.01579	0.00861	0.01005	0.00718	0.00359	0.00359	0.00072	0.00359	0.00287	0.00287	0.85932
27	0.01327	0.01252	0.03309	0.01219	0.09672	0.12475	0.00880	0.08675	0.41986	0.04295	0.04866	0.01658	0.03210	0.00619	0.00484	0.00152	0.00486	0.00505	0.00423	0.02506
28	0.00590	0.00425	0.00559	0.00667	0.00701	0.00394	0.00446	0.00676	0.00935	0.01240	0.02768	0.79278	0.06518	0.01506	0.00617	0.00195	0.00280	0.01362	0.00450	0.00394
29	0.04580	0.03064	0.01101	0.00797	0.01202	0.07300	0.00640	0.07406	0.01141	0.04564	0.00902	0.01016	0.00726	0.00402	0.00376	0.00089	0.00421	0.00307	0.00310	0.63655
30	0.01461	0.05624	0.01270	0.00890	0.01284	0.00907	0.04517	0.14364	0.02659	0.21972	0.01243	0.02624	0.00923	0.00493	0.00427	0.00115	0.00429	0.00403	0.02477	0.35920
31	0.01292	0.55014	0.19528	0.01001	0.01465	0.09472	0.01054	0.03925	0.01072	0.01291	0.00740	0.00853	0.00627	0.00438	0.00362	0.00118	0.00597	0.00292	0.00220	0.00643
32	0.00590	0.00422	0.00562	0.00675	0.00703	0.00394	0.00450	0.00675	0.00928	0.01237	0.02671	0.82653	0.03205	0.01518	0.00619	0.00197	0.00281	0.01378	0.00450	0.00394
33	0.00707	0.00503	0.00636	0.00598	0.00727	0.00456	0.00450	0.00918	0.01330	0.03902	0.65942	0.03731	0.16251	0.01017	0.00570	0.00154	0.00236	0.00889	0.00522	0.00459
34	0.01650	0.15168	0.12999	0.01161	0.04708	0.14412	0.01022	0.25981	0.01535	0.15193	0.01088	0.01115	0.00789	0.00520	0.00445	0.00137	0.00594	0.00384	0.00369	0.00730
35	0.01052	0.05459	0.71164	0.01350	0.02017	0.07651	0.01686	0.01564	0.01050	0.01492	0.00853	0.01002	0.00615	0.00462	0.00453	0.00149	0.00722	0.00351	0.00208	0.00700
36	0.00765	0.00547	0.00763	0.00875	0.00980	0.00544	0.00754	0.00977	0.01100	0.01433	0.02574	0.11742	0.02823	0.01353	0.00665	0.00221	0.00433	0.70562	0.00447	0.00442
37	0.00573	0.00491	0.00491	0.00491	0.00655	0.00409	0.00368	0.00695	0.01105	0.01309	0.04909	0.04664	0.79750	0.01227	0.00573	0.00164	0.00245	0.01023	0.00450	0.00409
38	0.01875	0.01139	0.08877	0.05066	0.01503	0.04147	0.02639	0.14321	0.01462	0.49759	0.01584	0.01533	0.01054	0.00585	0.00488	0.00151	0.00501	0.02038	0.00499	0.00777
39	0.01638	0.01493	0.01365	0.01265	0.07745	0.29490	0.00932	0.15403	0.01383	0.13684	0.01041	0.01156	0.00797	0.00589	0.00654	0.00149	0.14985	0.00398	0.05178	0.00654
40	0.01005	0.00861	0.01005	0.00718	0.01148	0.00646	0.00574	0.01220	0.01005	0.01579	0.00861	0.01005	0.00718	0.00359	0.00359	0.00072	0.00359	0.00287	0.00287	0.85932
41	0.00705	0.00470	0.00529	0.00529	0.00529	0.00470	0.00294	0.00705	0.00705	0.00940	0.01527	0.03171	0.01762	0.82969	0.02467	0.00470	0.00470	0.00705	0.00294	0.00294
42	0.00953	0.02316	0.72092	0.01348	0.02008	0.01086	0.03553	0.01481	0.01006	0.01502	0.00907	0.01102	0.00665	0.00717	0.07015	0.00205	0.00766	0.00376	0.00210	0.00692
43	0.01205	0.01041	0.01096	0.00986	0.01260	0.01205	0.00767	0.02575	0.79071	0.02027	0.01972	0.01808	0.01479	0.00657	0.00493	0.00164	0.00384	0.00548	0.00493	0.00767
44	0.00951	0.00837	0.01368	0.58922	0.13056	0.00991	0.01210	0.01254	0.00994	0.01371	0.00978	0.01358	0.00753	0.00490	0.00462	0.00152	0.00572	0.00434	0.13290	0.00555
45	0.01842	0.01357	0.01454	0.01115	0.01503	0.01503	0.00921	0.78330	0.02278	0.03054	0.01163	0.01163	0.00824	0.00582	0.00485	0.00145	0.00533	0.00436	0.00485	0.00824
46	0.01296	0.83261	0.02539	0.00829	0.01244	0.01917	0.00829	0.01451	0.00985	0.01140	0.00674	0.00777	0.00622	0.00415	0.00311	0.00104	0.00518	0.00259	0.00207	0.00622
47	0.01842	0.01357	0.01454	0.01115	0.01503	0.01503	0.00921	0.78330	0.02278	0.03054	0.01163	0.01163	0.00824	0.00582	0.00485	0.00145	0.00533	0.00436	0.00485	0.00824
48	0.00705	0.00470	0.00529	0.00529	0.00529	0.00470	0.00294	0.00705	0.00705	0.00940	0.01527	0.03171	0.01762	0.82969	0.02467	0.00470	0.00470	0.00705	0.00294	0.00294
49	0.00692	0.00519	0.00779	0.00779	0.00865	0.00606	0.00606	0.00865	0.00779	0.01125	0.01298	0.01904	0.01211	0.03634	0.81049	0.00779	0.01298	0.00519	0.00260	0.00433
50	0.00705	0.00470	0.00529	0.00529	0.00529	0.00470	0.00294	0.00705	0.00705	0.00940	0.01527	0.03171	0.01762	0.82969	0.02467	0.00470	0.00470	0.00705	0.00294	0.00294
51	0.00677	0.00495	0.00635	0.00600	0.00718	0.00453	0.00450	0.00897	0.01350	0.01892	0.73610	0.03705	0.10685	0.01010	0.00572	0.00153	0.00230	0.00888	0.00527	0.00453
52	0.03913	0.65667	0.08517	0.00912	0.01329	0.10340	0.00907	0.01509	0.01025	0.01208	0.00697	0.00807	0.00619	0.00428	0.00336	0.00111	0.00568	0.00273	0.00214	0.00620
53	0.05119	0.27296	0.01707	0.01094	0.01396	0.53275	0.00886	0.01764	0.01231	0.01212	0.00723	0.00840	0.00619	0.00471	0.00392	0.00119	0.00743	0.00294	0.00239	0.00579
54	0.02754	0.01040	0.03778	0.20505	0.10349	0.01102	0.20734	0.04879	0.01064	0.02982	0.01001	0.01336	0.00793	0.01911	0.00675	0.00165	0.12293	0.00469	0.11570	0.00598
55	0.00590	0.00422	0.00562	0.00675	0.00703	0.00394	0.00450	0.00675	0.00928	0.01237	0.02671	0.82653	0.03205	0.01518	0.00619	0.00197	0.00281	0.01378	0.00450	0.00394
56	0.00663	0.00494	0.00605	0.00583	0.00700	0.00450	0.00433	0.00848	0.01246	0.01694	0.53018	0.03891	0.22285	0.07724	0.00729	0.00183	0.00259	0.03272	0.00491	0.00432
57	0.00775	0.00554	0.00774	0.00886	0.00995	0.00553	0.00771	0.00994	0.01110	0.01444	0.02569	0.07779	0.02801	0.01344	0.00668	0.00222	0.00441	0.74428	0.00446	0.00445
58	0.01060	0.01060	0.01484	0.01272	0.01272	0.01484	0.01060	0.01166	0.00742	0.01166	0.00636	0.01060	0.00636	0.00848	0.01590	0.00212	0.82082	0.00424	0.00212	0.00530
59	0.01810	0.02310	0.01373	0.01248	0.01498	0.81024	0.00936	0.01935	0.01373	0.01186	0.00749	0.00874	0.00624	0.00499	0.00437	0.00125	0.00874	0.00312	0.00250	0.00562
60	0.01199	0.01151	0.01967	0.02974	0.79946	0.01151	0.01487	0.01487	0.01103	0.01583	0.00912	0.01199	0.00768	0.00432	0.00480	0.00144	0.00576	0.00432	0.00240	0.00768
61	0.02174	0.00825	0.01125	0.00862	0.01237	0.00712	0.00712	0.02362	0.01387	0.80282	0.01912	0.01649	0.01200	0.00600	0.00487	0.00150	0.00412	0.00487	0.00600	0.00825
62	0.01269	0.76695	0.08875	0.00874	0.01313	0.01853	0.00907	0.01458	0.00988	0.01172	0.00690	0.00797	0.00621	0.00418	0.00323	0.00108	0.00534	0.00267	0.00207	0.00630
63	0.00692	0.00519	0.00779	0.00779	0.00865	0.00606	0.00606	0.00865	0.00779	0.01125	0.01298	0.01904	0.01211	0.03634	0.81049	0.00779	0.01298	0.00519	0.00260	0.00433
64	0.02137	0.00884	0.01161	0.00890	0.01267	0.00800	0.00735	0.10815	0.01486	0.71689	0.01829	0.01595	0.01158	0.00598	0.00487	0.00149	0.00426	0.00482	0.00587	0.00825
65	0.00692	0.00519	0.00779	0.00779	0.00865	0.00606	0.00606	0.00865	0.00779	0.01125	0.01298	0.01904	0.01211	0.03634	0.81049	0.00779	0.01298	0.00519	0.00260	0.00433
66	0.01650	0.27530	0.01737	0.01118	0.01419	0.56378	0.00903	0.01784	0.01252	0.01172	0.00726	0.00844	0.00623	0.00473	0.00398	0.00118	0.00763	0.00296	0.00236	0.00581
67	0.84591	0.00935	0.00721	0.00642	0.00944	0.01079	0.00529	0.01445	0.00837	0.03845	0.00701	0.00806	0.00539	0.00453	0.00304	0.00150	0.00376	0.00267	0.00306	0.00531

[dist]
# distance from previous block
# <min> <max>
0	51

# created by:
# /st0/software/busco_prod/Augustus/scripts/msa2prfl.pl ./align_prep/115402.fa
