[name]
unknown

[dist]
# distance from previous block
# <min> <max>
0	24

[block]
# block no. 0 follows, 62 sequences, length 108
# corresponding to MSA columns:
# 24-131
name=unknown_A
#
# <colnr> <probs for GDERKNQSTAVLIFYWHMCP>
#	G	D	E	R	K	N	Q	S	T	A	V	L	I	F	Y	W	H	M	C	P
0	0.01048	0.00761	0.00895	0.00698	0.00997	0.00683	0.00559	0.14984	0.02815	0.09037	0.08643	0.03896	0.01166	0.01660	0.04112	0.00128	0.00372	0.02436	0.01535	0.43575
1	0.01047	0.00998	0.01698	0.02564	0.80613	0.00998	0.01284	0.01299	0.00967	0.01394	0.00813	0.01065	0.00683	0.00382	0.00419	0.00126	0.00499	0.00380	0.02104	0.00668
2	0.00979	0.01402	0.22471	0.01654	0.03855	0.01047	0.58379	0.01367	0.00980	0.02380	0.00846	0.01087	0.00625	0.00373	0.00475	0.00141	0.00686	0.00452	0.00210	0.00592
3	0.00801	0.00750	0.01263	0.82216	0.02886	0.00935	0.01171	0.01083	0.00854	0.01091	0.00789	0.01214	0.00608	0.00442	0.00429	0.00143	0.00563	0.02097	0.00193	0.00471
4	0.01157	0.01211	0.01615	0.02281	0.64645	0.17311	0.01202	0.01378	0.01009	0.01313	0.00767	0.00994	0.00647	0.00399	0.00434	0.00124	0.02309	0.00358	0.00212	0.00634
5	0.00506	0.00428	0.00437	0.00442	0.00578	0.00359	0.00329	0.00614	0.00967	0.01159	0.05996	0.08293	0.76270	0.01086	0.00505	0.00145	0.00217	0.00911	0.00397	0.00359
6	0.01909	0.00724	0.00987	0.00757	0.01086	0.00625	0.00625	0.02074	0.01218	0.82687	0.01679	0.01448	0.01053	0.00527	0.00428	0.00132	0.00362	0.00428	0.00527	0.00724
7	0.00565	0.00445	0.00520	0.00552	0.00672	0.00400	0.00440	0.00704	0.00982	0.01226	0.09797	0.09051	0.47925	0.01105	0.00530	0.00160	0.00268	0.23887	0.00400	0.00371
8	0.00686	0.00490	0.00686	0.00784	0.00882	0.00490	0.00686	0.00882	0.00980	0.01273	0.02253	0.04800	0.02449	0.01175	0.00588	0.00196	0.00392	0.79528	0.00392	0.00392
9	0.88052	0.00823	0.00625	0.00560	0.00823	0.00955	0.00461	0.01251	0.00724	0.01909	0.00592	0.00691	0.00461	0.00395	0.00263	0.00132	0.00329	0.00230	0.00263	0.00461
10	0.00599	0.00448	0.00666	0.00675	0.00746	0.00514	0.00519	0.00744	0.00696	0.00997	0.01253	0.09445	0.01228	0.03017	0.75612	0.00636	0.01056	0.00526	0.00244	0.00377
11	0.00852	0.00793	0.01318	0.73894	0.10316	0.00963	0.01182	0.03525	0.00897	0.01164	0.00768	0.01123	0.00582	0.00424	0.00425	0.00140	0.00558	0.00378	0.00198	0.00499
12	0.09703	0.01157	0.01216	0.00940	0.01273	0.01285	0.00776	0.73515	0.01881	0.02609	0.00981	0.00991	0.00699	0.00500	0.00410	0.00128	0.00455	0.00369	0.00410	0.00699
13	0.00602	0.00435	0.00569	0.00535	0.00636	0.00401	0.00401	0.00803	0.01204	0.01706	0.82167	0.03178	0.04015	0.00870	0.00502	0.00134	0.00201	0.00770	0.00468	0.00401
14	0.88052	0.00823	0.00625	0.00560	0.00823	0.00955	0.00461	0.01251	0.00724	0.01909	0.00592	0.00691	0.00461	0.00395	0.00263	0.00132	0.00329	0.00230	0.00263	0.00461
15	0.01053	0.01011	0.01727	0.02612	0.82392	0.01011	0.01306	0.01306	0.00969	0.01390	0.00800	0.01053	0.00674	0.00379	0.00421	0.00126	0.00505	0.00379	0.00211	0.00674
16	0.01565	0.01166	0.01248	0.00968	0.01300	0.01295	0.00796	0.73609	0.09449	0.02597	0.01088	0.01075	0.00777	0.00517	0.00426	0.00129	0.00456	0.00392	0.00426	0.00719
17	0.01618	0.01192	0.01277	0.00979	0.01320	0.01320	0.00809	0.80973	0.02001	0.02682	0.01022	0.01022	0.00724	0.00511	0.00426	0.00128	0.00468	0.00383	0.00426	0.00724
18	0.00518	0.00370	0.00494	0.00592	0.00617	0.00346	0.00395	0.00592	0.00815	0.01086	0.02345	0.84768	0.02814	0.01333	0.00543	0.00173	0.00247	0.01210	0.00395	0.00346
19	0.01355	0.00981	0.01043	0.00828	0.01108	0.01067	0.00675	0.58354	0.03281	0.02324	0.01477	0.01478	0.10421	0.00577	0.00416	0.00126	0.00397	0.00448	0.13011	0.00632
20	0.00566	0.00477	0.00499	0.00499	0.00645	0.00432	0.00381	0.00781	0.08509	0.01213	0.03866	0.07207	0.66627	0.01047	0.00503	0.00148	0.00239	0.05573	0.00398	0.00390
21	0.00981	0.01103	0.02369	0.11241	0.02305	0.01061	0.71693	0.01331	0.00987	0.01331	0.00849	0.01146	0.00637	0.00366	0.00493	0.00143	0.00700	0.00488	0.00212	0.00562
22	0.00619	0.00413	0.00469	0.00469	0.00471	0.00415	0.00264	0.00622	0.00620	0.00829	0.01336	0.02760	0.01536	0.83234	0.03964	0.00419	0.00429	0.00615	0.00257	0.00261
23	0.00611	0.00447	0.00574	0.00540	0.00646	0.00417	0.00406	0.00834	0.03274	0.01690	0.77501	0.03168	0.06546	0.00869	0.00500	0.00134	0.00205	0.00766	0.00465	0.00407
24	0.00898	0.10893	0.66799	0.01216	0.01798	0.01070	0.08899	0.01341	0.00905	0.01312	0.00754	0.00899	0.00550	0.00396	0.00400	0.00131	0.00619	0.00323	0.00183	0.00615
25	0.88052	0.00823	0.00625	0.00560	0.00823	0.00955	0.00461	0.01251	0.00724	0.01909	0.00592	0.00691	0.00461	0.00395	0.00263	0.00132	0.00329	0.00230	0.00263	0.00461
26	0.01001	0.01129	0.02437	0.01827	0.06996	0.01063	0.75035	0.01349	0.01000	0.01361	0.00877	0.02240	0.00676	0.00373	0.00498	0.00143	0.00699	0.00504	0.00217	0.00577
27	0.00619	0.00413	0.00464	0.00464	0.00464	0.00413	0.00258	0.00619	0.00619	0.00825	0.01341	0.02785	0.01547	0.85046	0.02166	0.00413	0.00413	0.00619	0.00258	0.00258
28	0.00621	0.00596	0.08261	0.00602	0.00747	0.00453	0.00511	0.00841	0.01153	0.01636	0.69780	0.07843	0.03618	0.00854	0.00495	0.00136	0.00244	0.00753	0.00437	0.00419
29	0.01094	0.72560	0.14590	0.00802	0.01207	0.01577	0.00857	0.01285	0.00870	0.01054	0.00618	0.00716	0.00545	0.00370	0.00293	0.00098	0.00482	0.00241	0.00182	0.00559
30	0.01573	0.09060	0.01366	0.00956	0.01298	0.01354	0.00801	0.73517	0.01894	0.02524	0.00981	0.00990	0.00707	0.00497	0.00411	0.00124	0.00467	0.00369	0.00403	0.00707
31	0.00625	0.00450	0.00657	0.00657	0.00735	0.00519	0.00510	0.00781	0.00703	0.01044	0.01163	0.01664	0.01066	0.02939	0.75589	0.00629	0.01052	0.00450	0.08384	0.00381
32	0.01078	0.77362	0.02061	0.00700	0.01044	0.01560	0.00690	0.01212	0.00874	0.01015	0.00939	0.01002	0.08187	0.00431	0.00295	0.00096	0.00433	0.00290	0.00202	0.00529
33	0.00882	0.00756	0.00882	0.00630	0.01008	0.00567	0.00504	0.01071	0.00882	0.01387	0.00756	0.00882	0.00630	0.00315	0.00315	0.00063	0.00315	0.00252	0.00252	0.87647
34	0.01058	0.00914	0.00962	0.00866	0.01106	0.01058	0.00673	0.02261	0.81623	0.01780	0.01732	0.01588	0.01299	0.00577	0.00433	0.00144	0.00337	0.00481	0.00433	0.00673
35	0.00503	0.00431	0.00431	0.00431	0.00575	0.00359	0.00323	0.00611	0.00970	0.01149	0.04310	0.04095	0.82219	0.01078	0.00503	0.00144	0.00216	0.00898	0.00395	0.00359
36	0.00925	0.02107	0.75211	0.01191	0.01793	0.01019	0.01501	0.08797	0.01001	0.01472	0.00788	0.00910	0.00556	0.00414	0.00406	0.00134	0.00614	0.00321	0.00203	0.00638
37	0.01569	0.01995	0.01208	0.03238	0.01357	0.81210	0.00831	0.01683	0.01197	0.01043	0.00660	0.00777	0.00549	0.00438	0.00385	0.00110	0.00762	0.00277	0.00218	0.00493
38	0.00974	0.00827	0.00876	0.00796	0.01004	0.00941	0.00608	0.01977	0.67378	0.01656	0.04394	0.01878	0.05522	0.08514	0.00601	0.00169	0.00333	0.00524	0.00416	0.00610
39	0.00619	0.00413	0.00464	0.00464	0.00464	0.00413	0.00258	0.00619	0.00619	0.00825	0.01341	0.02785	0.01547	0.85046	0.02166	0.00413	0.00413	0.00619	0.00258	0.00258
40	0.01120	0.01008	0.01023	0.00980	0.05973	0.08725	0.00717	0.03593	0.63202	0.03429	0.04407	0.01521	0.01271	0.00560	0.00430	0.00139	0.00385	0.00463	0.00403	0.00649
41	0.01054	0.01002	0.01656	0.02448	0.74788	0.01015	0.01247	0.01395	0.08514	0.01427	0.00888	0.01103	0.00732	0.00398	0.00422	0.00128	0.00490	0.00389	0.00231	0.00674
42	0.01190	0.00957	0.02560	0.00878	0.02945	0.03692	0.00688	0.33468	0.18120	0.04066	0.07660	0.03276	0.06015	0.06609	0.03624	0.00175	0.02597	0.00495	0.00389	0.00597
43	0.00909	0.00782	0.02569	0.08544	0.01147	0.00840	0.00648	0.01675	0.47401	0.03999	0.06477	0.06974	0.13160	0.02349	0.00486	0.00150	0.00336	0.00589	0.00398	0.00567
44	0.00827	0.00798	0.01400	0.74788	0.04370	0.00959	0.08637	0.01117	0.00867	0.01119	0.00767	0.01134	0.00577	0.00418	0.00433	0.00142	0.00580	0.00390	0.00192	0.00486
45	0.00573	0.00423	0.00519	0.00516	0.00604	0.00387	0.00372	0.00713	0.01029	0.01393	0.43894	0.14631	0.20275	0.10722	0.00702	0.00175	0.00238	0.02050	0.00417	0.00368
46	0.01402	0.01698	0.03450	0.06290	0.13219	0.56302	0.00938	0.01553	0.01101	0.02844	0.00702	0.00861	0.00579	0.00453	0.00469	0.00121	0.06968	0.00307	0.00219	0.00525
47	0.03495	0.01338	0.01265	0.01006	0.01318	0.17738	0.02636	0.60287	0.01772	0.02282	0.00955	0.02213	0.00712	0.00502	0.00417	0.00125	0.00528	0.00373	0.00375	0.00663
48	0.01016	0.03052	0.09615	0.01472	0.01871	0.01080	0.50453	0.02752	0.21147	0.01477	0.01066	0.01222	0.00798	0.00420	0.00470	0.00141	0.00605	0.00471	0.00269	0.00605
49	0.01055	0.61264	0.25548	0.00868	0.01309	0.01482	0.00972	0.01295	0.00874	0.01101	0.00641	0.00745	0.00544	0.00376	0.00311	0.00104	0.00505	0.00253	0.00181	0.00570
50	0.00608	0.00456	0.00684	0.00684	0.00760	0.00532	0.00532	0.00760	0.00684	0.00988	0.01140	0.01672	0.01064	0.03191	0.83360	0.00684	0.01140	0.00456	0.00228	0.00380
51	0.03028	0.20858	0.57804	0.01056	0.01591	0.01130	0.01293	0.03151	0.00918	0.01315	0.02012	0.00948	0.02303	0.00418	0.00375	0.00125	0.00564	0.00313	0.00197	0.00599
52	0.00562	0.00412	0.00528	0.00549	0.00627	0.00378	0.00396	0.00706	0.01032	0.01410	0.42832	0.32911	0.12455	0.01067	0.00519	0.00150	0.00223	0.02436	0.00432	0.00376
53	0.00962	0.02721	0.01494	0.08587	0.60293	0.02536	0.01124	0.01189	0.00962	0.01314	0.01328	0.01512	0.13164	0.00491	0.00430	0.00129	0.00470	0.00453	0.00237	0.00604
54	0.00522	0.00380	0.00492	0.00574	0.00614	0.00350	0.00389	0.00607	0.00853	0.01130	0.07382	0.72261	0.10316	0.01281	0.00537	0.00168	0.00241	0.01154	0.00399	0.00350
55	0.00601	0.00437	0.00567	0.00539	0.00641	0.00403	0.00408	0.00798	0.01188	0.01670	0.76405	0.03269	0.07081	0.00888	0.00505	0.00136	0.00208	0.03394	0.00463	0.00399
56	0.01138	0.85302	0.02230	0.00728	0.01092	0.01684	0.00728	0.01274	0.00865	0.01001	0.00592	0.00683	0.00546	0.00364	0.00273	0.00091	0.00455	0.00228	0.00182	0.00546
57	0.01058	0.00914	0.00962	0.00866	0.01106	0.01058	0.00673	0.02261	0.81623	0.01780	0.01732	0.01588	0.01299	0.00577	0.00433	0.00144	0.00337	0.00481	0.00433	0.00673
58	0.01858	0.00735	0.00986	0.00764	0.01087	0.00651	0.00628	0.02085	0.06025	0.77850	0.01682	0.01457	0.01068	0.00530	0.00428	0.00132	0.00361	0.00431	0.00521	0.00721
59	0.88052	0.00823	0.00625	0.00560	0.00823	0.00955	0.00461	0.01251	0.00724	0.01909	0.00592	0.00691	0.00461	0.00395	0.00263	0.00132	0.00329	0.00230	0.00263	0.00461
60	0.00986	0.01116	0.02412	0.01736	0.02141	0.01058	0.76055	0.01328	0.00989	0.01345	0.00902	0.03923	0.00715	0.00401	0.00527	0.00146	0.02913	0.00522	0.00220	0.00563
61	0.01138	0.85302	0.02230	0.00728	0.01092	0.01684	0.00728	0.01274	0.00865	0.01001	0.00592	0.00683	0.00546	0.00364	0.00273	0.00091	0.00455	0.00228	0.00182	0.00546
62	0.00853	0.02201	0.82841	0.01213	0.01842	0.00988	0.01572	0.01348	0.00898	0.01348	0.00764	0.00898	0.00539	0.00404	0.00404	0.00135	0.00629	0.00314	0.00180	0.00629
63	0.00609	0.00453	0.00671	0.00671	0.00742	0.00525	0.00515	0.00751	0.00680	0.00978	0.01152	0.01738	0.01093	0.08085	0.78506	0.00668	0.01096	0.00466	0.00230	0.00373
64	0.01618	0.01192	0.01277	0.00979	0.01320	0.01320	0.00809	0.80973	0.02001	0.02682	0.01022	0.01022	0.00724	0.00511	0.00426	0.00128	0.00468	0.00383	0.00426	0.00724
65	0.00555	0.00467	0.00497	0.00482	0.00644	0.00391	0.00374	0.00679	0.00963	0.01183	0.03787	0.03860	0.67164	0.01015	0.00493	0.00141	0.00241	0.08154	0.00381	0.08528
66	0.00619	0.00413	0.00464	0.00464	0.00464	0.00413	0.00258	0.00619	0.00619	0.00825	0.01341	0.02785	0.01547	0.85046	0.02166	0.00413	0.00413	0.00619	0.00258	0.00258
67	0.00882	0.00756	0.00882	0.00630	0.01008	0.00567	0.00504	0.01071	0.00882	0.01387	0.00756	0.00882	0.00630	0.00315	0.00315	0.00063	0.00315	0.00252	0.00252	0.87647
68	0.03092	0.00790	0.00911	0.00776	0.01015	0.00827	0.00612	0.15779	0.25985	0.20950	0.12269	0.11024	0.01643	0.00670	0.00447	0.00139	0.00337	0.00563	0.00448	0.01722
69	0.01001	0.01169	0.04119	0.01782	0.02216	0.01074	0.79259	0.01363	0.01002	0.01363	0.00859	0.01143	0.00643	0.00360	0.00500	0.00143	0.00716	0.00498	0.00214	0.00575
70	0.00608	0.00456	0.00684	0.00684	0.00760	0.00532	0.00532	0.00760	0.00684	0.00988	0.01140	0.01672	0.01064	0.03191	0.83360	0.00684	0.01140	0.00456	0.00228	0.00380
71	0.01584	0.01167	0.01253	0.00964	0.01297	0.01289	0.00795	0.78307	0.01974	0.02649	0.03720	0.01093	0.00833	0.00523	0.00428	0.00128	0.00459	0.00396	0.00427	0.00713
72	0.00639	0.00471	0.00623	0.00702	0.00804	0.00455	0.00596	0.00810	0.00968	0.01237	0.02669	0.09440	0.18403	0.01165	0.00568	0.00184	0.00348	0.59141	0.00393	0.00383
73	0.01150	0.83098	0.02203	0.00738	0.01098	0.03845	0.00731	0.01285	0.00874	0.01002	0.00593	0.00685	0.00546	0.00366	0.00276	0.00092	0.00463	0.00229	0.00183	0.00545
74	0.00557	0.00427	0.00474	0.00469	0.00561	0.00389	0.00326	0.00650	0.00892	0.01136	0.15578	0.03457	0.42675	0.25519	0.04859	0.00245	0.00314	0.00776	0.00359	0.00337
75	0.00931	0.00931	0.01303	0.01117	0.01117	0.01303	0.00931	0.01024	0.00652	0.01024	0.00559	0.00931	0.00559	0.00745	0.01396	0.00186	0.84267	0.00372	0.00186	0.00465
76	0.88052	0.00823	0.00625	0.00560	0.00823	0.00955	0.00461	0.01251	0.00724	0.01909	0.00592	0.00691	0.00461	0.00395	0.00263	0.00132	0.00329	0.00230	0.00263	0.00461
77	0.00608	0.00456	0.00684	0.00684	0.00760	0.00532	0.00532	0.00760	0.00684	0.00988	0.01140	0.01672	0.01064	0.03191	0.83360	0.00684	0.01140	0.00456	0.00228	0.00380
78	0.00602	0.00435	0.00569	0.00535	0.00636	0.00401	0.00401	0.00803	0.01204	0.01706	0.82167	0.03178	0.04015	0.00870	0.00502	0.00134	0.00201	0.00770	0.00468	0.00401
79	0.00518	0.00370	0.00494	0.00592	0.00617	0.00346	0.00395	0.00592	0.00815	0.01086	0.02345	0.84768	0.02814	0.01333	0.00543	0.00173	0.00247	0.01210	0.00395	0.00346
80	0.00602	0.00435	0.00569	0.00535	0.00636	0.00401	0.00401	0.00803	0.01204	0.01706	0.82167	0.03178	0.04015	0.00870	0.00502	0.00134	0.00201	0.00770	0.00468	0.00401
81	0.00608	0.00456	0.00684	0.00684	0.00760	0.00532	0.00532	0.00760	0.00684	0.00988	0.01140	0.01672	0.01064	0.03191	0.83360	0.00684	0.01140	0.00456	0.00228	0.00380
82	0.01618	0.01192	0.01277	0.00979	0.01320	0.01320	0.00809	0.80973	0.02001	0.02682	0.01022	0.01022	0.00724	0.00511	0.00426	0.00128	0.00468	0.00383	0.00426	0.00724
83	0.00503	0.00431	0.00431	0.00431	0.00575	0.00359	0.00323	0.00611	0.00970	0.01149	0.04310	0.04095	0.82219	0.01078	0.00503	0.00144	0.00216	0.00898	0.00395	0.00359
84	0.01046	0.00991	0.05857	0.00887	0.01150	0.01054	0.00727	0.02206	0.76797	0.01754	0.01674	0.01546	0.01253	0.00567	0.00431	0.00144	0.00354	0.00471	0.00418	0.00671
85	0.01616	0.01242	0.01273	0.00986	0.01319	0.06223	0.00810	0.76234	0.01953	0.02584	0.01000	0.01006	0.00713	0.00506	0.00423	0.00127	0.00486	0.00377	0.00413	0.00710
86	0.01320	0.00899	0.01340	0.01057	0.02252	0.00899	0.18229	0.21059	0.03418	0.22935	0.04062	0.04683	0.02196	0.00600	0.00498	0.00142	0.03342	0.08207	0.00388	0.02474
87	0.01047	0.01005	0.01717	0.04482	0.80567	0.01009	0.01303	0.01301	0.00966	0.01383	0.00799	0.01055	0.00672	0.00380	0.00421	0.00127	0.00507	0.00379	0.00210	0.00669
88	0.01618	0.01192	0.01277	0.00979	0.01320	0.01320	0.00809	0.80973	0.02001	0.02682	0.01022	0.01022	0.00724	0.00511	0.00426	0.00128	0.00468	0.00383	0.00426	0.00724
89	0.00619	0.00413	0.00464	0.00464	0.00464	0.00413	0.00258	0.00619	0.00619	0.00825	0.01341	0.02785	0.01547	0.85046	0.02166	0.00413	0.00413	0.00619	0.00258	0.00258
90	0.00886	0.06504	0.69051	0.01256	0.01847	0.01036	0.10897	0.01345	0.00909	0.01331	0.00766	0.00916	0.00552	0.00397	0.00409	0.00133	0.00630	0.00332	0.00184	0.00618
91	0.00584	0.00434	0.00544	0.00516	0.00625	0.00394	0.00387	0.00768	0.01162	0.01605	0.68052	0.03345	0.18193	0.00908	0.00502	0.00136	0.00203	0.00793	0.00455	0.00394
92	0.00579	0.00434	0.00537	0.00511	0.00622	0.00392	0.00383	0.00759	0.01150	0.01578	0.64242	0.03389	0.22020	0.00918	0.00502	0.00136	0.00204	0.00799	0.00452	0.00392
93	0.01060	0.01096	0.02127	0.02068	0.33877	0.01065	0.44603	0.06100	0.01050	0.01453	0.00847	0.01103	0.00662	0.00376	0.00466	0.00136	0.00619	0.00446	0.00226	0.00622
94	0.00656	0.00493	0.00550	0.00548	0.02810	0.00436	0.00399	0.03429	0.01946	0.06148	0.12518	0.06346	0.60208	0.00987	0.00494	0.00142	0.00241	0.00831	0.00408	0.00409
95	0.00504	0.00426	0.00437	0.00445	0.00578	0.00358	0.00330	0.00609	0.00956	0.01144	0.04138	0.11196	0.75230	0.01100	0.00506	0.00146	0.00218	0.00925	0.00395	0.00358
96	0.00654	0.00523	0.00772	0.00745	0.00811	0.00642	0.00589	0.00797	0.00679	0.00993	0.01057	0.01566	0.00992	0.02843	0.71708	0.00613	0.12957	0.00444	0.00222	0.00392
97	0.01087	0.50492	0.28386	0.00920	0.01357	0.09054	0.01012	0.01338	0.00907	0.01118	0.00654	0.00761	0.00544	0.00384	0.00326	0.00107	0.00541	0.00260	0.00185	0.00568
98	0.01053	0.01011	0.01727	0.02612	0.82392	0.01011	0.01306	0.01306	0.00969	0.01390	0.00800	0.01053	0.00674	0.00379	0.00421	0.00126	0.00505	0.00379	0.00211	0.00674
99	0.00518	0.00370	0.00494	0.00592	0.00617	0.00346	0.00395	0.00592	0.00815	0.01086	0.02345	0.84768	0.02814	0.01333	0.00543	0.00173	0.00247	0.01210	0.00395	0.00346
100	0.00531	0.00383	0.00503	0.00577	0.00618	0.00355	0.00393	0.00625	0.00881	0.01184	0.14664	0.68991	0.06214	0.01252	0.00535	0.00166	0.00239	0.01130	0.00406	0.00355
101	0.01131	0.83376	0.04099	0.00739	0.01109	0.01668	0.00748	0.01276	0.00865	0.01009	0.00596	0.00688	0.00546	0.00365	0.00276	0.00092	0.00459	0.00230	0.00182	0.00548
102	0.00595	0.00455	0.00561	0.00592	0.00708	0.00421	0.00482	0.00755	0.01014	0.01303	0.18709	0.04140	0.34722	0.01115	0.02111	0.00172	0.00298	0.31063	0.00405	0.00380
103	0.00866	0.00715	0.00800	0.00777	0.00944	0.02326	0.00615	0.02425	0.40453	0.01563	0.11456	0.10383	0.03899	0.00838	0.00490	0.00158	0.00333	0.20011	0.00418	0.00531
104	0.86029	0.00813	0.00620	0.00556	0.00815	0.00942	0.00457	0.01245	0.00728	0.01902	0.00611	0.00712	0.00475	0.00397	0.00264	0.00131	0.00326	0.00234	0.02284	0.00459
105	0.01011	0.00957	0.01619	0.02417	0.74743	0.00954	0.01221	0.01259	0.00991	0.01420	0.08412	0.01252	0.00987	0.00425	0.00429	0.00127	0.00477	0.00416	0.00235	0.00649
106	0.02641	0.00627	0.00806	0.00866	0.11570	0.01493	0.00572	0.03176	0.05907	0.12825	0.26816	0.09404	0.17730	0.00780	0.00467	0.00136	0.00297	0.00675	0.00406	0.02806
107	0.00913	0.00927	0.01268	0.01101	0.02757	0.08731	0.09927	0.01058	0.00759	0.01061	0.00769	0.01149	0.00711	0.01347	0.24017	0.00312	0.42127	0.00401	0.00205	0.00461

[dist]
# distance from previous block
# <min> <max>
0	9

[block]
# block no. 1 follows, 62 sequences, length 61
# corresponding to MSA columns:
# 145-149,152-189,210-227
name=unknown_B
#
# <colnr> <probs for GDERKNQSTAVLIFYWHMCP>
#	G	D	E	R	K	N	Q	S	T	A	V	L	I	F	Y	W	H	M	C	P
0	0.00601	0.00432	0.00562	0.00533	0.00626	0.00401	0.00394	0.00789	0.01165	0.01646	0.76123	0.04871	0.03856	0.05428	0.00593	0.00150	0.00213	0.00771	0.00455	0.00393
1	0.00882	0.00756	0.00882	0.00630	0.01008	0.00567	0.00504	0.01071	0.00882	0.01387	0.00756	0.00882	0.00630	0.00315	0.00315	0.00063	0.00315	0.00252	0.00252	0.87647
2	0.00602	0.00479	0.00539	0.00531	0.01670	0.00433	0.00394	0.05020	0.01084	0.01389	0.25401	0.07149	0.50136	0.00994	0.00501	0.00142	0.00234	0.02493	0.00415	0.00395
3	0.00630	0.00441	0.00578	0.00540	0.00645	0.00406	0.00406	0.00830	0.01205	0.03444	0.80440	0.03141	0.03951	0.00863	0.00500	0.00134	0.00204	0.00762	0.00470	0.00408
4	0.00518	0.00370	0.00494	0.00592	0.00617	0.00346	0.00395	0.00592	0.00815	0.01086	0.02345	0.84768	0.02814	0.01333	0.00543	0.00173	0.00247	0.01210	0.00395	0.00346
5	0.00602	0.00435	0.00569	0.00535	0.00636	0.00401	0.00401	0.00803	0.01204	0.01706	0.82167	0.03178	0.04015	0.00870	0.00502	0.00134	0.00201	0.00770	0.00468	0.00401
6	0.88052	0.00823	0.00625	0.00560	0.00823	0.00955	0.00461	0.01251	0.00724	0.01909	0.00592	0.00691	0.00461	0.00395	0.00263	0.00132	0.00329	0.00230	0.00263	0.00461
7	0.01589	0.02028	0.01206	0.01096	0.01315	0.83338	0.00822	0.01699	0.01206	0.01041	0.00658	0.00767	0.00548	0.00438	0.00384	0.00110	0.00767	0.00274	0.00219	0.00493
8	0.01053	0.01011	0.01727	0.02612	0.82392	0.01011	0.01306	0.01306	0.00969	0.01390	0.00800	0.01053	0.00674	0.00379	0.00421	0.00126	0.00505	0.00379	0.00211	0.00674
9	0.01079	0.00926	0.01010	0.00955	0.05304	0.01059	0.00708	0.06439	0.71867	0.01798	0.01687	0.01570	0.02531	0.00571	0.00433	0.00142	0.00351	0.00477	0.00420	0.00671
10	0.01138	0.85302	0.02230	0.00728	0.01092	0.01684	0.00728	0.01274	0.00865	0.01001	0.00592	0.00683	0.00546	0.00364	0.00273	0.00091	0.00455	0.00228	0.00182	0.00546
11	0.00527	0.00377	0.00504	0.00603	0.00631	0.00353	0.00411	0.00608	0.00824	0.01096	0.02340	0.80447	0.02795	0.01325	0.00546	0.00174	0.00255	0.05442	0.00395	0.00348
12	0.00830	0.00782	0.01131	0.00985	0.01020	0.01036	0.03718	0.00940	0.00670	0.01013	0.00773	0.01262	0.00762	0.07665	0.21813	0.00325	0.54223	0.00416	0.00203	0.00433
13	0.00730	0.00648	0.01149	0.00973	0.01155	0.00614	0.23773	0.00950	0.01008	0.01365	0.21740	0.13608	0.03472	0.03964	0.00593	0.00169	0.00418	0.22881	0.00355	0.00436
14	0.00939	0.28142	0.53128	0.01017	0.01534	0.01174	0.01239	0.01305	0.00887	0.01252	0.00743	0.00868	0.00571	0.00397	0.00357	0.00119	0.00551	0.00292	0.04894	0.00590
15	0.00804	0.00756	0.01276	0.84023	0.02931	0.00945	0.01182	0.01087	0.00851	0.01087	0.00756	0.01134	0.00567	0.00425	0.00425	0.00142	0.00567	0.00378	0.00189	0.00473
16	0.00956	0.00735	0.05374	0.01069	0.11301	0.00665	0.03063	0.01258	0.07593	0.13036	0.01825	0.03269	0.01776	0.00868	0.00519	0.00169	0.00419	0.45213	0.00375	0.00516
17	0.00542	0.00433	0.00485	0.00472	0.00599	0.00376	0.00354	0.00686	0.01062	0.01368	0.34881	0.03735	0.51512	0.00996	0.00502	0.00140	0.00210	0.00848	0.00424	0.00376
18	0.01426	0.01094	0.01170	0.00931	0.01245	0.01212	0.00757	0.55126	0.24505	0.02369	0.01211	0.01176	0.00882	0.00521	0.00423	0.00130	0.00424	0.00405	0.00420	0.04573
19	0.01136	0.00878	0.00959	0.00865	0.02767	0.02682	0.00661	0.07841	0.52067	0.10197	0.01661	0.01641	0.04163	0.04343	0.04801	0.00181	0.01635	0.00480	0.00410	0.00631
20	0.00941	0.12162	0.68332	0.01134	0.01714	0.01071	0.01420	0.03606	0.00935	0.03804	0.00778	0.00892	0.00561	0.00406	0.00390	0.00129	0.00595	0.00309	0.00197	0.00624
21	0.00919	0.04238	0.57672	0.01347	0.01911	0.01025	0.22795	0.01362	0.00931	0.02684	0.00800	0.00968	0.00576	0.00393	0.00427	0.00136	0.00643	0.00364	0.00195	0.00613
22	0.88052	0.00823	0.00625	0.00560	0.00823	0.00955	0.00461	0.01251	0.00724	0.01909	0.00592	0.00691	0.00461	0.00395	0.00263	0.00132	0.00329	0.00230	0.00263	0.00461
23	0.00982	0.00942	0.01615	0.25444	0.58638	0.00994	0.02714	0.01246	0.00936	0.01305	0.00789	0.01078	0.00644	0.00392	0.00424	0.00131	0.00527	0.00381	0.00205	0.00616
24	0.00902	0.00863	0.01485	0.51418	0.31856	0.00974	0.04079	0.01177	0.00899	0.01207	0.00776	0.01105	0.00609	0.00406	0.00427	0.00136	0.00550	0.00383	0.00198	0.00550
25	0.00518	0.00370	0.00494	0.00592	0.00617	0.00346	0.00395	0.00592	0.00815	0.01086	0.02345	0.84768	0.02814	0.01333	0.00543	0.00173	0.00247	0.01210	0.00395	0.00346
26	0.01909	0.00724	0.00987	0.00757	0.01086	0.00625	0.00625	0.02074	0.01218	0.82687	0.01679	0.01448	0.01053	0.00527	0.00428	0.00132	0.00362	0.00428	0.00527	0.00724
27	0.01009	0.32478	0.39641	0.01022	0.03729	0.03937	0.01127	0.04965	0.01984	0.01268	0.00844	0.02844	0.02583	0.00435	0.00363	0.00119	0.00536	0.00323	0.00207	0.00587
28	0.03265	0.06286	0.02927	0.02981	0.15921	0.03813	0.00891	0.48453	0.02489	0.06100	0.00970	0.01027	0.00714	0.00471	0.00409	0.00125	0.00475	0.00368	0.01638	0.00679
29	0.00739	0.00370	0.00554	0.00554	0.00554	0.00370	0.00370	0.00554	0.00554	0.00739	0.00739	0.01293	0.00739	0.01478	0.01663	0.87620	0.00370	0.00370	0.00185	0.00185
30	0.01113	0.01187	0.01483	0.16188	0.37986	0.19645	0.02193	0.01319	0.00959	0.01208	0.00728	0.00987	0.00611	0.00451	0.00549	0.00134	0.12131	0.00356	0.00206	0.00568
31	0.01909	0.00724	0.00987	0.00757	0.01086	0.00625	0.00625	0.02074	0.01218	0.82687	0.01679	0.01448	0.01053	0.00527	0.00428	0.00132	0.00362	0.00428	0.00527	0.00724
32	0.04296	0.00744	0.02144	0.00784	0.01077	0.00669	0.05461	0.03067	0.07191	0.52071	0.10043	0.01782	0.07538	0.00591	0.00440	0.00134	0.00358	0.00499	0.00470	0.00640
33	0.00619	0.00413	0.00464	0.00464	0.00464	0.00413	0.00258	0.00619	0.00619	0.00825	0.01341	0.02785	0.01547	0.85046	0.02166	0.00413	0.00413	0.00619	0.00258	0.00258
34	0.00530	0.00383	0.00501	0.00574	0.00617	0.00355	0.00391	0.00624	0.00881	0.01180	0.14042	0.67881	0.07967	0.01250	0.00535	0.00165	0.00238	0.01126	0.00406	0.00355
35	0.00853	0.02201	0.82841	0.01213	0.01842	0.00988	0.01572	0.01348	0.00898	0.01348	0.00764	0.00898	0.00539	0.00404	0.00404	0.00135	0.00629	0.00314	0.00180	0.00629
36	0.01119	0.00901	0.00964	0.00858	0.01105	0.01028	0.00670	0.02248	0.75902	0.07536	0.01728	0.01578	0.01281	0.00574	0.00433	0.00143	0.00339	0.00477	0.00440	0.00677
37	0.01618	0.01192	0.01277	0.00979	0.01320	0.01320	0.00809	0.80973	0.02001	0.02682	0.01022	0.01022	0.00724	0.00511	0.00426	0.00128	0.00468	0.00383	0.00426	0.00724
38	0.01909	0.00724	0.00987	0.00757	0.01086	0.00625	0.00625	0.02074	0.01218	0.82687	0.01679	0.01448	0.01053	0.00527	0.00428	0.00132	0.00362	0.00428	0.00527	0.00724
39	0.01053	0.01011	0.01727	0.02612	0.82392	0.01011	0.01306	0.01306	0.00969	0.01390	0.00800	0.01053	0.00674	0.00379	0.00421	0.00126	0.00505	0.00379	0.00211	0.00674
40	0.00984	0.04241	0.06165	0.08563	0.05870	0.01093	0.59465	0.01315	0.00961	0.01309	0.00818	0.01101	0.00627	0.00388	0.00527	0.00143	0.05196	0.00460	0.00208	0.00566
41	0.01558	0.07763	0.01276	0.01071	0.01300	0.77715	0.00816	0.01670	0.01182	0.01039	0.00653	0.00761	0.00548	0.00433	0.00376	0.00108	0.00746	0.00271	0.00217	0.00497
42	0.00877	0.05662	0.63420	0.01074	0.01600	0.00935	0.01318	0.01315	0.03621	0.04486	0.01082	0.03540	0.05100	0.03586	0.00474	0.00145	0.00560	0.00388	0.00222	0.00594
43	0.04404	0.01094	0.01238	0.01033	0.06347	0.01178	0.00800	0.60895	0.01771	0.15277	0.01098	0.01081	0.00764	0.00501	0.00421	0.00128	0.00449	0.00385	0.00423	0.00712
44	0.00618	0.00546	0.05724	0.00578	0.00711	0.00438	0.00475	0.00837	0.01185	0.01684	0.77066	0.03036	0.03797	0.00841	0.00496	0.00134	0.00228	0.00741	0.00450	0.00416
45	0.07118	0.04488	0.01129	0.00976	0.09189	0.00896	0.00721	0.13287	0.13588	0.42026	0.01389	0.01288	0.00946	0.00502	0.00411	0.00131	0.00390	0.00404	0.00435	0.00687
46	0.01095	0.67564	0.09943	0.00899	0.01296	0.01546	0.10159	0.01291	0.00884	0.01076	0.00639	0.00757	0.00557	0.00367	0.00312	0.00101	0.00502	0.00268	0.00186	0.00557
47	0.00538	0.00431	0.00485	0.00501	0.00620	0.00377	0.00380	0.00666	0.00989	0.01241	0.15859	0.13116	0.53161	0.01084	0.00516	0.00151	0.00235	0.08876	0.00406	0.00367
48	0.00681	0.00461	0.00515	0.00496	0.00518	0.00469	0.00292	0.05654	0.00705	0.00941	0.01321	0.02674	0.01495	0.79749	0.02057	0.00395	0.00416	0.00604	0.00268	0.00287
49	0.00925	0.01003	0.06471	0.01148	0.01236	0.01208	0.07956	0.03008	0.00739	0.01117	0.00697	0.04565	0.00676	0.00757	0.02797	0.00187	0.64403	0.00418	0.00204	0.00485
50	0.01080	0.00827	0.01079	0.03353	0.01209	0.00891	0.09399	0.01826	0.45068	0.12881	0.01717	0.10630	0.02976	0.00655	0.00473	0.00148	0.01675	0.03097	0.00405	0.00610
51	0.00581	0.00406	0.00536	0.00614	0.00670	0.00380	0.00445	0.00686	0.00881	0.02999	0.06165	0.59556	0.08624	0.01248	0.00543	0.00172	0.00270	0.14456	0.00401	0.00366
52	0.00589	0.00425	0.00543	0.00612	0.00660	0.00408	0.00419	0.05634	0.00900	0.01200	0.03834	0.75987	0.04651	0.01266	0.00534	0.00169	0.00259	0.01142	0.00398	0.00371
53	0.00940	0.00795	0.00898	0.00831	0.02942	0.08079	0.05153	0.15411	0.05479	0.03512	0.08634	0.17947	0.16607	0.00863	0.00488	0.00148	0.00382	0.10024	0.00381	0.00487
54	0.00846	0.06267	0.55816	0.01110	0.01590	0.00940	0.06105	0.03547	0.00916	0.01319	0.01027	0.14871	0.00931	0.00564	0.00447	0.00140	0.02293	0.00473	0.00225	0.00573
55	0.00511	0.00431	0.00443	0.00440	0.00580	0.00363	0.00330	0.00627	0.00990	0.01197	0.10917	0.04017	0.75583	0.01060	0.00503	0.00143	0.00214	0.00887	0.00401	0.00363
56	0.00916	0.06864	0.73192	0.01178	0.01766	0.06188	0.01478	0.01365	0.00916	0.01309	0.00747	0.00878	0.00540	0.00404	0.00396	0.00131	0.00628	0.00307	0.00182	0.00616
57	0.01061	0.01056	0.01473	0.26016	0.42149	0.10751	0.01158	0.03685	0.06047	0.01323	0.00835	0.01076	0.00669	0.00416	0.00419	0.00130	0.00543	0.00373	0.00226	0.00595
58	0.01663	0.07876	0.12031	0.00848	0.01221	0.00862	0.00787	0.13483	0.01261	0.53471	0.01372	0.01250	0.00895	0.00495	0.00412	0.00128	0.00421	0.00390	0.00438	0.00697
59	0.01341	0.36404	0.01597	0.00918	0.01188	0.44345	0.00765	0.01464	0.01032	0.01021	0.00661	0.00789	0.00580	0.00580	0.05538	0.00138	0.00661	0.00266	0.00204	0.00508
60	0.74055	0.00949	0.00725	0.00637	0.00903	0.07550	0.00518	0.07840	0.00867	0.01903	0.00633	0.00724	0.00489	0.00408	0.00286	0.00130	0.00376	0.00246	0.00273	0.00485

[dist]
# distance from previous block
# <min> <max>
1	5

[block]
# block no. 2 follows, 62 sequences, length 8
# corresponding to MSA columns:
# 233-240
name=unknown_C
#
# <colnr> <probs for GDERKNQSTAVLIFYWHMCP>
#	G	D	E	R	K	N	Q	S	T	A	V	L	I	F	Y	W	H	M	C	P
0	0.01052	0.10481	0.49883	0.01203	0.07346	0.01128	0.01284	0.16642	0.04283	0.01587	0.00836	0.00938	0.00615	0.00426	0.00397	0.00129	0.00560	0.00330	0.00239	0.00643
1	0.01079	0.01039	0.01502	0.04416	0.55804	0.06790	0.01102	0.04287	0.03850	0.01418	0.00823	0.01026	0.00679	0.00387	0.00403	0.00116	0.00489	0.00356	0.00233	0.14202
2	0.07614	0.01193	0.01055	0.00894	0.01147	0.23066	0.02560	0.25625	0.05784	0.03448	0.01123	0.14001	0.01011	0.00592	0.00412	0.00125	0.00485	0.00468	0.00334	0.09063
3	0.14718	0.01404	0.01413	0.01227	0.07281	0.31360	0.16398	0.15372	0.01214	0.04543	0.00799	0.00920	0.00612	0.00428	0.00400	0.00125	0.00604	0.00344	0.00272	0.00566
4	0.00795	0.00453	0.00534	0.13420	0.00875	0.00482	0.00435	0.01006	0.00886	0.01509	0.01290	0.01516	0.01009	0.00485	0.00317	0.00106	0.00256	0.00394	0.73826	0.00408
5	0.14480	0.00696	0.00771	0.00751	0.05914	0.00716	0.00542	0.12902	0.08087	0.06236	0.15496	0.07092	0.23167	0.00750	0.00441	0.00138	0.00307	0.00620	0.00390	0.00502
6	0.00587	0.00517	0.00511	0.00523	0.00638	0.05538	0.00381	0.00699	0.00979	0.01199	0.13520	0.22150	0.49105	0.01070	0.00504	0.00147	0.00255	0.00914	0.00393	0.00370
7	0.01264	0.00946	0.01022	0.00842	0.01082	0.04271	0.00680	0.48170	0.01506	0.02058	0.01079	0.01242	0.00846	0.01192	0.21632	0.00266	0.00621	0.00399	0.10294	0.00589

[dist]
# distance from previous block
# <min> <max>
0	99

# created by:
# /st0/software/busco_prod/Augustus/scripts/msa2prfl.pl ./align_prep/115559.fa
