[name]
unknown

[dist]
# distance from previous block
# <min> <max>
3	17

[block]
# block no. 0 follows, 60 sequences, length 47
# corresponding to MSA columns:
# 107-134,137-155
name=unknown_A
#
# <colnr> <probs for GDERKNQSTAVLIFYWHMCP>
#	G	D	E	R	K	N	Q	S	T	A	V	L	I	F	Y	W	H	M	C	P
0	0.00531	0.00383	0.00503	0.00599	0.00630	0.00355	0.00401	0.00608	0.00843	0.01117	0.02507	0.80280	0.06926	0.01353	0.00555	0.00176	0.00251	0.01224	0.00405	0.00355
1	0.01049	0.03220	0.04270	0.08356	0.02095	0.01064	0.56298	0.07069	0.01087	0.03309	0.01064	0.01410	0.03162	0.00449	0.00496	0.00146	0.00657	0.03967	0.00253	0.00580
2	0.01608	0.01988	0.01229	0.01108	0.01339	0.75393	0.00836	0.05693	0.04657	0.01183	0.00739	0.00835	0.00603	0.00459	0.00398	0.00115	0.00753	0.00295	0.00245	0.00525
3	0.00637	0.00488	0.00728	0.00720	0.00794	0.00579	0.00562	0.00790	0.00700	0.01014	0.01143	0.01681	0.01068	0.03165	0.79497	0.00679	0.04666	0.00464	0.00232	0.00393
4	0.01050	0.01056	0.03633	0.05749	0.66668	0.02129	0.06257	0.01332	0.02316	0.01403	0.00957	0.01196	0.03437	0.00418	0.00439	0.00132	0.00528	0.00413	0.00225	0.00661
5	0.00594	0.00396	0.00528	0.00615	0.00654	0.00367	0.00415	0.00674	0.00853	0.04703	0.02374	0.80720	0.02805	0.01330	0.00551	0.00175	0.00258	0.01204	0.00411	0.00371
6	0.01029	0.01176	0.02574	0.01838	0.02279	0.01103	0.80368	0.01397	0.01029	0.01397	0.00882	0.01176	0.00662	0.00368	0.00515	0.00147	0.00735	0.00515	0.00221	0.00588
7	0.00531	0.00380	0.00506	0.00607	0.00633	0.00354	0.00405	0.00607	0.00835	0.01113	0.02404	0.84388	0.02885	0.01366	0.00557	0.00177	0.00253	0.01240	0.00405	0.00354
8	0.01029	0.01176	0.02574	0.01838	0.02279	0.01103	0.80368	0.01397	0.01029	0.01397	0.00882	0.01176	0.00662	0.00368	0.00515	0.00147	0.00735	0.00515	0.00221	0.00588
9	0.01029	0.01176	0.02574	0.01838	0.02279	0.01103	0.80368	0.01397	0.01029	0.01397	0.00882	0.01176	0.00662	0.00368	0.00515	0.00147	0.00735	0.00515	0.00221	0.00588
10	0.00617	0.00446	0.00583	0.00549	0.00652	0.00412	0.00412	0.00823	0.01235	0.01749	0.81722	0.03258	0.04115	0.00892	0.00514	0.00137	0.00206	0.00789	0.00480	0.00412
11	0.00882	0.02210	0.79543	0.01231	0.01861	0.01015	0.01579	0.01414	0.03749	0.01397	0.00818	0.00946	0.00580	0.00421	0.00415	0.00138	0.00634	0.00328	0.00193	0.00646
12	0.01845	0.00780	0.00991	0.00775	0.01090	0.04265	0.00633	0.02014	0.01247	0.72834	0.07466	0.01582	0.01276	0.00561	0.00442	0.00134	0.00378	0.00457	0.00522	0.00708
13	0.06382	0.00747	0.00993	0.00766	0.01099	0.00658	0.00632	0.02082	0.01222	0.78112	0.01663	0.01444	0.01048	0.00533	0.00430	0.00135	0.00369	0.00428	0.00526	0.00728
14	0.00531	0.00380	0.00506	0.00607	0.00633	0.00354	0.00405	0.00607	0.00835	0.01113	0.02404	0.84388	0.02885	0.01366	0.00557	0.00177	0.00253	0.01240	0.00405	0.00354
15	0.00847	0.00713	0.00867	0.00817	0.00981	0.00775	0.04825	0.01542	0.42541	0.01512	0.03763	0.35186	0.01987	0.00900	0.00495	0.00159	0.00326	0.00804	0.00417	0.00542
16	0.01108	0.00950	0.00971	0.00866	0.01109	0.03485	0.00675	0.07448	0.67193	0.01833	0.01767	0.01650	0.03985	0.00597	0.00438	0.00144	0.00357	0.00491	0.04269	0.00665
17	0.01253	0.68712	0.03416	0.00799	0.01170	0.03511	0.00772	0.12330	0.01062	0.02564	0.00690	0.00766	0.00593	0.00399	0.00309	0.00100	0.00477	0.00261	0.00228	0.00588
18	0.00989	0.00780	0.00942	0.00677	0.01062	0.00595	0.01926	0.01184	0.00933	0.07747	0.00851	0.00955	0.00680	0.00341	0.00335	0.00072	0.00334	0.00277	0.00280	0.79041
19	0.04868	0.28691	0.22252	0.00994	0.01391	0.14707	0.03933	0.03420	0.07712	0.05594	0.00840	0.00920	0.00655	0.00434	0.00386	0.00121	0.01932	0.00313	0.00243	0.00593
20	0.01564	0.13658	0.01383	0.01071	0.01316	0.71574	0.00829	0.01681	0.01187	0.01062	0.00665	0.00774	0.00562	0.00439	0.00377	0.00110	0.00742	0.00274	0.00219	0.00513
21	0.03148	0.05817	0.45255	0.01357	0.12417	0.01007	0.07210	0.03401	0.01001	0.11445	0.00905	0.01018	0.00650	0.00421	0.00415	0.00133	0.00571	0.00353	0.00246	0.03234
22	0.00875	0.02256	0.82413	0.01243	0.01888	0.01013	0.01611	0.01381	0.00921	0.01381	0.00783	0.00921	0.00552	0.00414	0.00414	0.00138	0.00645	0.00322	0.00184	0.00645
23	0.00531	0.00380	0.00506	0.00607	0.00633	0.00354	0.00405	0.00607	0.00835	0.01113	0.02404	0.84388	0.02885	0.01366	0.00557	0.00177	0.00253	0.01240	0.00405	0.00354
24	0.00662	0.00585	0.00857	0.00832	0.02396	0.03403	0.11614	0.00795	0.00906	0.01174	0.02322	0.53033	0.12173	0.01128	0.00552	0.00168	0.01446	0.05183	0.00366	0.00404
25	0.01079	0.01036	0.01770	0.02677	0.81952	0.01036	0.01339	0.01339	0.00993	0.01425	0.00820	0.01079	0.00691	0.00389	0.00432	0.00130	0.00518	0.00389	0.00216	0.00691
26	0.00531	0.00380	0.00506	0.00607	0.00633	0.00354	0.00405	0.00607	0.00835	0.01113	0.02404	0.84388	0.02885	0.01366	0.00557	0.00177	0.00253	0.01240	0.00405	0.00354
27	0.01079	0.01036	0.01770	0.02677	0.81952	0.01036	0.01339	0.01339	0.00993	0.01425	0.00820	0.01079	0.00691	0.00389	0.00432	0.00130	0.00518	0.00389	0.00216	0.00691
28	0.02003	0.04288	0.08826	0.00847	0.04039	0.08401	0.03772	0.05649	0.08580	0.05153	0.14018	0.05223	0.21835	0.04786	0.00548	0.00152	0.00399	0.00617	0.00358	0.00507
29	0.03978	0.82204	0.02232	0.00741	0.01110	0.01701	0.00737	0.01305	0.00882	0.01056	0.00606	0.00700	0.00557	0.00374	0.00280	0.00095	0.00462	0.00233	0.00189	0.00557
30	0.00530	0.00384	0.00501	0.00595	0.00629	0.00355	0.00400	0.00609	0.00847	0.01118	0.02550	0.78583	0.08595	0.01347	0.00554	0.00175	0.00251	0.01217	0.00405	0.00355
31	0.00905	0.03294	0.66695	0.01296	0.05680	0.03323	0.05536	0.01360	0.00954	0.01389	0.04959	0.01055	0.00749	0.00436	0.00423	0.00137	0.00622	0.00357	0.00204	0.00627
32	0.00886	0.02178	0.76633	0.01286	0.01916	0.01019	0.07313	0.01382	0.00929	0.01382	0.00790	0.00939	0.00560	0.00411	0.00422	0.00139	0.00651	0.00336	0.00187	0.00640
33	0.00607	0.00441	0.00571	0.00548	0.00648	0.00406	0.00408	0.00799	0.01195	0.01679	0.72711	0.09171	0.07310	0.00935	0.00518	0.00140	0.00210	0.00827	0.00471	0.00406
34	0.00516	0.00440	0.00444	0.00447	0.00591	0.00368	0.00334	0.00625	0.00989	0.01176	0.04350	0.06914	0.79102	0.01113	0.00517	0.00148	0.00222	0.00931	0.00405	0.00368
35	0.01001	0.09961	0.47342	0.01277	0.06783	0.05869	0.07516	0.01522	0.11949	0.01393	0.00905	0.01018	0.00678	0.00431	0.00413	0.00134	0.00594	0.00354	0.00227	0.00633
36	0.00531	0.00380	0.00506	0.00607	0.00633	0.00354	0.00405	0.00607	0.00835	0.01113	0.02404	0.84388	0.02885	0.01366	0.00557	0.00177	0.00253	0.01240	0.00405	0.00354
37	0.01106	0.00970	0.01133	0.00973	0.01229	0.01111	0.06477	0.06325	0.67782	0.01810	0.01621	0.01536	0.01220	0.00579	0.00490	0.00149	0.03913	0.00485	0.00417	0.00677
38	0.00974	0.00909	0.01453	0.12167	0.17487	0.03611	0.15782	0.02319	0.03765	0.03722	0.02973	0.11462	0.01056	0.00610	0.00629	0.00150	0.14828	0.00528	0.05031	0.00541
39	0.01103	0.67162	0.19510	0.00853	0.01285	0.01573	0.00932	0.01322	0.00894	0.01102	0.00644	0.00747	0.00558	0.00382	0.00309	0.00103	0.00505	0.00252	0.00186	0.00578
40	0.00531	0.00380	0.00506	0.00607	0.00633	0.00354	0.00405	0.00607	0.00835	0.01113	0.02404	0.84388	0.02885	0.01366	0.00557	0.00177	0.00253	0.01240	0.00405	0.00354
41	0.00607	0.00523	0.00660	0.04423	0.10738	0.00478	0.00508	0.00745	0.00985	0.01233	0.08314	0.13006	0.54193	0.01004	0.00506	0.00148	0.00276	0.00861	0.00377	0.00414
42	0.01077	0.01075	0.01646	0.17042	0.57843	0.07651	0.03023	0.01352	0.02606	0.01348	0.00821	0.01084	0.00673	0.00406	0.00432	0.00132	0.00553	0.00385	0.00217	0.00636
43	0.01417	0.01078	0.04853	0.01176	0.11242	0.01090	0.03549	0.28507	0.24455	0.15968	0.01328	0.01292	0.00952	0.00519	0.00440	0.00137	0.00443	0.00430	0.00411	0.00711
44	0.01142	0.01119	0.02357	0.01694	0.02114	0.01050	0.69013	0.01480	0.01049	0.11361	0.00980	0.01210	0.00712	0.00396	0.00523	0.00146	0.02286	0.00503	0.00259	0.00605
45	0.00803	0.04950	0.20174	0.01106	0.01414	0.00804	0.22629	0.01099	0.03309	0.01281	0.03339	0.29518	0.01559	0.03493	0.00550	0.00163	0.00496	0.02517	0.00291	0.00505
46	0.08038	0.01260	0.26734	0.01155	0.01541	0.00846	0.23926	0.01221	0.00958	0.05534	0.04563	0.14541	0.06517	0.00622	0.00466	0.00147	0.00524	0.00581	0.00281	0.00545

[dist]
# distance from previous block
# <min> <max>
16	85

[block]
# block no. 1 follows, 60 sequences, length 16
# corresponding to MSA columns:
# 250-265
name=unknown_B
#
# <colnr> <probs for GDERKNQSTAVLIFYWHMCP>
#	G	D	E	R	K	N	Q	S	T	A	V	L	I	F	Y	W	H	M	C	P
0	0.01140	0.00852	0.01004	0.02650	0.05398	0.02459	0.00673	0.16482	0.13268	0.10212	0.01382	0.16970	0.01236	0.00645	0.00464	0.00129	0.02970	0.00539	0.00372	0.21156
1	0.02545	0.00877	0.01289	0.03034	0.37228	0.02665	0.00935	0.02731	0.04845	0.21078	0.03521	0.05345	0.02886	0.00663	0.04689	0.00161	0.00475	0.00464	0.00333	0.04237
2	0.04072	0.01184	0.04050	0.03927	0.31803	0.12932	0.07653	0.05599	0.03397	0.02383	0.03227	0.01088	0.00767	0.00466	0.00534	0.00133	0.09823	0.00383	0.00248	0.06333
3	0.00964	0.16137	0.07431	0.04488	0.31211	0.02664	0.03668	0.02817	0.02530	0.01341	0.06431	0.03353	0.12829	0.00565	0.00428	0.00130	0.00459	0.01711	0.00268	0.00574
4	0.00745	0.00387	0.00581	0.00581	0.00588	0.00394	0.00394	0.00588	0.00581	0.00782	0.00796	0.01362	0.00789	0.01680	0.09347	0.79163	0.00453	0.00387	0.00194	0.00208
5	0.00990	0.00966	0.03333	0.20505	0.50725	0.01006	0.01230	0.02711	0.00964	0.01344	0.00961	0.01314	0.03239	0.00476	0.00503	0.00140	0.05677	0.03078	0.00225	0.00611
6	0.00768	0.00550	0.00655	0.00575	0.00751	0.00495	0.00444	0.06178	0.01192	0.06158	0.43263	0.02987	0.23003	0.00838	0.00484	0.00131	0.00250	0.00717	0.00437	0.10125
7	0.81584	0.00898	0.00687	0.00608	0.00880	0.03643	0.00498	0.04410	0.00810	0.01959	0.00627	0.00724	0.00486	0.00411	0.00280	0.00134	0.00358	0.00244	0.00275	0.00484
8	0.01088	0.62787	0.23750	0.00879	0.01325	0.01535	0.00978	0.01326	0.00895	0.01121	0.00654	0.00759	0.00558	0.00384	0.00316	0.00105	0.00514	0.00257	0.00186	0.00582
9	0.00950	0.00926	0.02650	0.19311	0.34310	0.00936	0.12336	0.02201	0.04552	0.01379	0.04138	0.03139	0.04285	0.00504	0.00457	0.00139	0.00516	0.03479	0.00254	0.03538
10	0.00813	0.00407	0.00407	0.00407	0.00508	0.00407	0.00305	0.01016	0.00915	0.01626	0.01423	0.01626	0.01118	0.00508	0.00305	0.00102	0.00203	0.00407	0.87093	0.00407
11	0.00749	0.00594	0.00910	0.00874	0.01007	0.00585	0.10707	0.06765	0.01020	0.01350	0.02071	0.34729	0.02288	0.01110	0.00561	0.00180	0.00393	0.33292	0.00382	0.00432
12	0.01831	0.00714	0.00972	0.00755	0.01070	0.00619	0.00619	0.02003	0.01247	0.74681	0.09246	0.01651	0.01365	0.00573	0.00446	0.00135	0.00356	0.00472	0.00534	0.00711
13	0.00872	0.00783	0.01238	0.07190	0.34826	0.00757	0.03594	0.01083	0.00950	0.01335	0.03132	0.16750	0.03521	0.00667	0.00461	0.00137	0.00425	0.07948	0.00284	0.14048
14	0.00846	0.04513	0.00716	0.00620	0.00673	0.00533	0.00441	0.08125	0.00742	0.00983	0.00893	0.07079	0.00895	0.01357	0.01437	0.68833	0.00384	0.00433	0.00228	0.00271
15	0.01294	0.01038	0.01129	0.06652	0.07688	0.08436	0.00780	0.33811	0.08146	0.06683	0.10220	0.03069	0.07907	0.00610	0.00450	0.00135	0.00445	0.00495	0.00391	0.00621

[dist]
# distance from previous block
# <min> <max>
0	1

[block]
# block no. 2 follows, 60 sequences, length 13
# corresponding to MSA columns:
# 267-279
name=unknown_C
#
# <colnr> <probs for GDERKNQSTAVLIFYWHMCP>
#	G	D	E	R	K	N	Q	S	T	A	V	L	I	F	Y	W	H	M	C	P
0	0.01276	0.65342	0.02037	0.00835	0.01174	0.20925	0.00769	0.01409	0.00969	0.01036	0.00622	0.00720	0.00560	0.00391	0.00307	0.00098	0.00542	0.00244	0.00196	0.00547
1	0.75088	0.00962	0.00733	0.03169	0.00968	0.08278	0.00538	0.03480	0.00826	0.01874	0.00630	0.00739	0.00491	0.00413	0.00290	0.00133	0.00389	0.00249	0.00268	0.00483
2	0.00940	0.01005	0.05849	0.01767	0.25378	0.00911	0.32158	0.01234	0.01007	0.01388	0.04014	0.05479	0.01222	0.00592	0.00503	0.00152	0.00566	0.14996	0.00268	0.00571
3	0.00626	0.00457	0.00649	0.00649	0.00709	0.00517	0.00480	0.00745	0.00686	0.00974	0.01216	0.01977	0.01205	0.22073	0.64298	0.00637	0.00996	0.00506	0.00241	0.00361
4	0.00623	0.00467	0.00701	0.00701	0.00779	0.00545	0.00545	0.00779	0.00701	0.01012	0.01168	0.01713	0.01090	0.03271	0.82944	0.00701	0.01168	0.00467	0.00234	0.00389
5	0.00968	0.15271	0.64220	0.01163	0.01747	0.01114	0.03703	0.01399	0.00931	0.04498	0.00794	0.00915	0.00577	0.00411	0.00397	0.00131	0.00608	0.00318	0.00200	0.00633
6	0.12654	0.00755	0.00966	0.00751	0.01080	0.00683	0.00620	0.02020	0.01185	0.72242	0.01582	0.01388	0.01004	0.00523	0.00418	0.00135	0.00367	0.00413	0.00506	0.00709
7	0.00969	0.00851	0.00992	0.12762	0.04716	0.02677	0.00743	0.01811	0.50162	0.01642	0.11591	0.04613	0.03325	0.00633	0.00455	0.00146	0.00372	0.00541	0.00396	0.00604
8	0.00523	0.00442	0.00453	0.00450	0.00594	0.00372	0.00338	0.00641	0.01013	0.01223	0.10454	0.04124	0.75711	0.01088	0.00515	0.00146	0.00220	0.00910	0.00411	0.00372
9	0.00984	0.31334	0.50674	0.01094	0.01634	0.01268	0.04771	0.01355	0.00913	0.01257	0.00725	0.00854	0.00560	0.00398	0.00371	0.00123	0.00586	0.00299	0.00187	0.00612
10	0.07096	0.10125	0.19758	0.00912	0.01304	0.01047	0.00896	0.19379	0.07452	0.22236	0.02547	0.01169	0.00861	0.00490	0.00403	0.00130	0.00457	0.00376	0.02698	0.00664
11	0.00531	0.00439	0.00466	0.00466	0.00600	0.00374	0.00347	0.00654	0.01022	0.01259	0.15704	0.08093	0.66367	0.01086	0.00517	0.00147	0.00220	0.00917	0.00416	0.00374
12	0.16444	0.05992	0.10509	0.00911	0.01202	0.14646	0.00799	0.15742	0.15140	0.01693	0.01050	0.06126	0.00873	0.00637	0.03317	0.00155	0.03470	0.00401	0.00312	0.00579

[dist]
# distance from previous block
# <min> <max>
0	2

[block]
# block no. 3 follows, 60 sequences, length 12
# corresponding to MSA columns:
# 282-293
name=unknown_D
#
# <colnr> <probs for GDERKNQSTAVLIFYWHMCP>
#	G	D	E	R	K	N	Q	S	T	A	V	L	I	F	Y	W	H	M	C	P
0	0.21742	0.25261	0.16532	0.00866	0.01229	0.10793	0.00848	0.04001	0.05636	0.01443	0.00738	0.00837	0.00594	0.00424	0.00367	0.00120	0.02986	0.00282	0.00238	0.05063
1	0.39655	0.13365	0.24358	0.00852	0.01246	0.06294	0.00883	0.06332	0.00927	0.01653	0.00689	0.00794	0.00530	0.00413	0.00331	0.00128	0.00481	0.00273	0.00241	0.00553
2	0.01053	0.04146	0.26961	0.03010	0.01462	0.10078	0.08750	0.05302	0.09475	0.06797	0.08064	0.05130	0.06721	0.00575	0.00445	0.00138	0.00521	0.00485	0.00305	0.00582
3	0.00669	0.00443	0.00573	0.00558	0.00651	0.00411	0.00407	0.00839	0.01115	0.04983	0.55589	0.17889	0.03478	0.05292	0.00597	0.00157	0.00233	0.00829	0.04881	0.00407
4	0.01463	0.01355	0.01394	0.03900	0.20295	0.23782	0.03036	0.26505	0.05502	0.07100	0.00960	0.01048	0.00726	0.00469	0.00426	0.00127	0.00569	0.00372	0.00320	0.00650
5	0.00593	0.00441	0.00552	0.00533	0.00639	0.00400	0.00396	0.00773	0.01165	0.01604	0.62505	0.08540	0.18325	0.00961	0.00517	0.00142	0.00212	0.00841	0.00462	0.00400
6	0.00820	0.00717	0.00976	0.12061	0.17112	0.00758	0.00753	0.01264	0.20496	0.01435	0.11513	0.12444	0.16360	0.00757	0.00476	0.00146	0.00360	0.00665	0.00358	0.00529
7	0.00621	0.00425	0.00472	0.00472	0.00488	0.00417	0.00272	0.00633	0.00674	0.00882	0.01711	0.03003	0.10459	0.75425	0.02031	0.00392	0.00400	0.00666	0.00280	0.00276
8	0.01193	0.47537	0.10847	0.00899	0.02653	0.16620	0.00845	0.03089	0.02809	0.01184	0.02639	0.00887	0.00696	0.00425	0.00349	0.00107	0.01726	0.00288	0.04650	0.00556
9	0.27324	0.01234	0.14516	0.00899	0.01204	0.09903	0.00829	0.05391	0.05970	0.15803	0.00929	0.00996	0.00683	0.00502	0.00516	0.00141	0.11939	0.00335	0.00306	0.00579
10	0.00803	0.04686	0.00957	0.00822	0.00953	0.11008	0.05860	0.00960	0.00796	0.01039	0.01069	0.01560	0.00991	0.05909	0.59915	0.00550	0.01028	0.00443	0.00231	0.00420
11	0.07107	0.01093	0.01681	0.03739	0.36600	0.05309	0.17889	0.10603	0.05634	0.01595	0.00948	0.04110	0.00782	0.00452	0.00442	0.00136	0.00543	0.00436	0.00266	0.00633

[dist]
# distance from previous block
# <min> <max>
0	1

[block]
# block no. 4 follows, 60 sequences, length 13
# corresponding to MSA columns:
# 295-307
name=unknown_E
#
# <colnr> <probs for GDERKNQSTAVLIFYWHMCP>
#	G	D	E	R	K	N	Q	S	T	A	V	L	I	F	Y	W	H	M	C	P
0	0.01457	0.01582	0.01190	0.01122	0.05666	0.46868	0.00827	0.11090	0.15402	0.03695	0.01053	0.01263	0.00864	0.00530	0.00424	0.00128	0.00622	0.05332	0.00308	0.00576
1	0.01089	0.00787	0.03138	0.24404	0.06551	0.00808	0.00830	0.07772	0.09935	0.17268	0.03255	0.14583	0.06362	0.00675	0.00462	0.00146	0.00421	0.00584	0.00362	0.00566
2	0.11961	0.20805	0.29408	0.00940	0.01369	0.01149	0.02592	0.10497	0.03014	0.07341	0.06295	0.01078	0.00865	0.00461	0.00379	0.00127	0.00491	0.00347	0.00277	0.00606
3	0.00784	0.00650	0.00796	0.00703	0.00870	0.02581	0.04788	0.04268	0.16848	0.01700	0.47540	0.02792	0.12320	0.00805	0.00495	0.00140	0.00288	0.00704	0.00442	0.00486
4	0.00999	0.00830	0.00890	0.00800	0.01019	0.00931	0.00621	0.05611	0.58027	0.01814	0.14449	0.01997	0.06116	0.00661	0.00454	0.00144	0.00318	0.00555	0.03139	0.00623
5	0.01298	0.01054	0.01042	0.00913	0.01163	0.11243	0.00727	0.19597	0.33537	0.09338	0.01554	0.04761	0.01274	0.00654	0.00458	0.00146	0.00436	0.09749	0.00417	0.00637
6	0.00564	0.00431	0.00526	0.00557	0.00649	0.00381	0.00394	0.00676	0.00943	0.01247	0.14981	0.45479	0.23780	0.01158	0.00525	0.00156	0.00242	0.01024	0.00407	0.05880
7	0.04835	0.07999	0.09099	0.01118	0.10025	0.11434	0.00871	0.26468	0.05090	0.06795	0.01137	0.11104	0.00978	0.00578	0.00424	0.00133	0.00491	0.00462	0.00337	0.00622
8	0.00891	0.23439	0.22077	0.00953	0.01285	0.01011	0.11767	0.01126	0.00866	0.01163	0.01070	0.07468	0.01049	0.17588	0.00775	0.00190	0.00516	0.04089	0.02178	0.00500
9	0.00535	0.00406	0.00494	0.00550	0.00621	0.00365	0.00383	0.00635	0.00926	0.01199	0.11242	0.51063	0.27532	0.01236	0.00539	0.00164	0.00238	0.01094	0.00413	0.00365
10	0.01017	0.00973	0.01658	0.22387	0.62728	0.01020	0.01308	0.01284	0.00964	0.01349	0.00809	0.01100	0.00664	0.00400	0.00433	0.00133	0.00534	0.00388	0.00211	0.00641
11	0.01173	0.07577	0.36591	0.02753	0.01547	0.01037	0.03188	0.18377	0.01193	0.10294	0.00989	0.04090	0.00748	0.00475	0.00412	0.00128	0.00526	0.00378	0.00292	0.08234
12	0.00728	0.00510	0.00670	0.05947	0.00877	0.00493	0.01598	0.02543	0.00970	0.05562	0.13746	0.22489	0.13343	0.07045	0.05060	0.00200	0.00356	0.07972	0.05607	0.04286

[dist]
# distance from previous block
# <min> <max>
9	29

[block]
# block no. 5 follows, 60 sequences, length 38
# corresponding to MSA columns:
# 344-381
name=unknown_F
#
# <colnr> <probs for GDERKNQSTAVLIFYWHMCP>
#	G	D	E	R	K	N	Q	S	T	A	V	L	I	F	Y	W	H	M	C	P
0	0.01192	0.01275	0.01408	0.01801	0.40531	0.26570	0.01030	0.03394	0.01082	0.01327	0.06429	0.01191	0.00922	0.00704	0.07630	0.00176	0.02120	0.00390	0.00244	0.00585
1	0.01084	0.05684	0.01849	0.01367	0.01674	0.18276	0.40400	0.01336	0.01049	0.01293	0.07286	0.01487	0.03787	0.00593	0.02974	0.00157	0.05329	0.03593	0.00252	0.00528
2	0.00926	0.00880	0.01493	0.51208	0.34619	0.00996	0.01262	0.01204	0.00921	0.01239	0.00793	0.01129	0.00625	0.00417	0.00434	0.00139	0.00556	0.00388	0.00203	0.00567
3	0.00875	0.02256	0.82413	0.01243	0.01888	0.01013	0.01611	0.01381	0.00921	0.01381	0.00783	0.00921	0.00552	0.00414	0.00414	0.00138	0.00645	0.00322	0.00184	0.00645
4	0.00617	0.00466	0.00687	0.00687	0.00769	0.00536	0.00534	0.00771	0.00717	0.01021	0.01341	0.01846	0.05387	0.03156	0.78555	0.00671	0.01118	0.00491	0.00243	0.00388
5	0.00662	0.00588	0.01047	0.00929	0.01063	0.00550	0.21315	0.00814	0.00886	0.01188	0.02006	0.62628	0.02303	0.01105	0.00546	0.00169	0.00379	0.01050	0.00357	0.00415
6	0.01079	0.01036	0.01770	0.02677	0.81952	0.01036	0.01339	0.01339	0.00993	0.01425	0.00820	0.01079	0.00691	0.00389	0.00432	0.00130	0.00518	0.00389	0.00216	0.00691
7	0.01079	0.01036	0.01770	0.02677	0.81952	0.01036	0.01339	0.01339	0.00993	0.01425	0.00820	0.01079	0.00691	0.00389	0.00432	0.00130	0.00518	0.00389	0.00216	0.00691
8	0.01031	0.00987	0.01683	0.17941	0.67064	0.01024	0.01315	0.01296	0.00970	0.01366	0.00812	0.01095	0.00670	0.00398	0.00433	0.00133	0.00530	0.00388	0.00212	0.00652
9	0.01079	0.01036	0.01770	0.02677	0.81952	0.01036	0.01339	0.01339	0.00993	0.01425	0.00820	0.01079	0.00691	0.00389	0.00432	0.00130	0.00518	0.00389	0.00216	0.00691
10	0.00928	0.00917	0.01872	0.01420	0.01733	0.00859	0.51852	0.01205	0.00991	0.04977	0.01388	0.21471	0.01347	0.00675	0.00528	0.00158	0.00579	0.06283	0.00292	0.00526
11	0.01062	0.00984	0.01670	0.16255	0.66259	0.01013	0.01296	0.01324	0.00980	0.03768	0.00839	0.01105	0.00684	0.00401	0.00433	0.00132	0.00524	0.00390	0.00222	0.00658
12	0.01079	0.01036	0.01770	0.02677	0.81952	0.01036	0.01339	0.01339	0.00993	0.01425	0.00820	0.01079	0.00691	0.00389	0.00432	0.00130	0.00518	0.00389	0.00216	0.00691
13	0.00766	0.00755	0.01468	0.01177	0.01401	0.00706	0.37539	0.00981	0.00935	0.01252	0.01772	0.40996	0.04837	0.00889	0.00537	0.00163	0.00479	0.02566	0.00319	0.00464
14	0.01023	0.01106	0.02362	0.01703	0.02117	0.01034	0.71516	0.01367	0.01034	0.03977	0.01134	0.01443	0.05042	0.00434	0.00515	0.00148	0.00688	0.02536	0.00245	0.00577
15	0.00824	0.00775	0.01308	0.83624	0.03004	0.00969	0.01211	0.01114	0.00872	0.01114	0.00775	0.01163	0.00581	0.00436	0.00436	0.00145	0.00581	0.00388	0.00194	0.00484
16	0.00642	0.00441	0.00529	0.00533	0.00556	0.00451	0.00333	0.02262	0.00707	0.00956	0.03221	0.11579	0.01698	0.60863	0.13042	0.00422	0.00503	0.00676	0.00284	0.00304
17	0.01129	0.01020	0.01728	0.02571	0.77424	0.01014	0.01299	0.01383	0.01007	0.05952	0.00871	0.01102	0.00713	0.00397	0.00432	0.00130	0.00510	0.00391	0.00234	0.00694
18	0.00944	0.05504	0.49618	0.01439	0.01997	0.01077	0.30440	0.01384	0.00959	0.01371	0.00811	0.01005	0.00593	0.00395	0.00445	0.00139	0.00670	0.00389	0.00198	0.00620
19	0.00539	0.00395	0.00508	0.00595	0.00642	0.00364	0.00411	0.00626	0.00866	0.01133	0.02676	0.68889	0.13747	0.01321	0.00554	0.00174	0.00257	0.05537	0.00405	0.00359
20	0.00875	0.02256	0.82413	0.01243	0.01888	0.01013	0.01611	0.01381	0.00921	0.01381	0.00783	0.00921	0.00552	0.00414	0.00414	0.00138	0.00645	0.00322	0.00184	0.00645
21	0.00875	0.02256	0.82413	0.01243	0.01888	0.01013	0.01611	0.01381	0.00921	0.01381	0.00783	0.00921	0.00552	0.00414	0.00414	0.00138	0.00645	0.00322	0.00184	0.00645
22	0.00886	0.05563	0.79207	0.01223	0.01857	0.01041	0.01577	0.01378	0.00919	0.01367	0.00776	0.00912	0.00553	0.00413	0.00409	0.00136	0.00637	0.00319	0.00184	0.00641
23	0.00824	0.00775	0.01308	0.83624	0.03004	0.00969	0.01211	0.01114	0.00872	0.01114	0.00775	0.01163	0.00581	0.00436	0.00436	0.00145	0.00581	0.00388	0.00194	0.00484
24	0.00875	0.02256	0.82413	0.01243	0.01888	0.01013	0.01611	0.01381	0.00921	0.01381	0.00783	0.00921	0.00552	0.00414	0.00414	0.00138	0.00645	0.00322	0.00184	0.00645
25	0.05557	0.00864	0.01130	0.00982	0.03749	0.00930	0.09945	0.21545	0.13724	0.01845	0.09541	0.06681	0.01485	0.00720	0.01988	0.00157	0.03578	0.08573	0.06437	0.00569
26	0.00930	0.17860	0.67290	0.01149	0.01743	0.01147	0.01448	0.01367	0.00914	0.01314	0.00749	0.00879	0.00554	0.00407	0.00389	0.00130	0.00611	0.00305	0.00185	0.00629
27	0.01079	0.01036	0.01770	0.02677	0.81952	0.01036	0.01339	0.01339	0.00993	0.01425	0.00820	0.01079	0.00691	0.00389	0.00432	0.00130	0.00518	0.00389	0.00216	0.00691
28	0.01545	0.01924	0.01336	0.01339	0.11684	0.70507	0.02788	0.01682	0.01200	0.01121	0.00698	0.00833	0.00581	0.00440	0.00401	0.00115	0.00751	0.00300	0.00223	0.00531
29	0.01079	0.01036	0.01770	0.02677	0.81952	0.01036	0.01339	0.01339	0.00993	0.01425	0.00820	0.01079	0.00691	0.00389	0.00432	0.00130	0.00518	0.00389	0.00216	0.00691
30	0.00758	0.00379	0.00568	0.00568	0.00568	0.00379	0.00379	0.00568	0.00568	0.00758	0.00758	0.01326	0.00758	0.01515	0.01705	0.87311	0.00379	0.00379	0.00189	0.00189
31	0.00535	0.00388	0.00505	0.00590	0.00630	0.00358	0.00399	0.00620	0.00869	0.01153	0.06794	0.73432	0.09478	0.01319	0.00551	0.00173	0.00248	0.01189	0.00409	0.00358
32	0.01731	0.01080	0.01221	0.00961	0.01279	0.13596	0.06484	0.16247	0.03940	0.44731	0.01348	0.01266	0.00903	0.00518	0.00462	0.00133	0.02566	0.00412	0.00437	0.00686
33	0.00634	0.00423	0.00476	0.00476	0.00476	0.00423	0.00264	0.00634	0.00634	0.00846	0.01374	0.02854	0.01586	0.84672	0.02220	0.00423	0.00423	0.00634	0.00264	0.00264
34	0.01310	0.01035	0.01084	0.00924	0.01154	0.08415	0.00731	0.15173	0.35106	0.12876	0.01372	0.01414	0.01045	0.05059	0.00657	0.00160	0.11007	0.00443	0.00394	0.00640
35	0.01503	0.01385	0.01196	0.01005	0.01284	0.25619	0.00794	0.33197	0.21598	0.04770	0.01133	0.01128	0.00845	0.00523	0.00443	0.00131	0.02030	0.00386	0.00374	0.00654
36	0.01079	0.01036	0.01770	0.02677	0.81952	0.01036	0.01339	0.01339	0.00993	0.01425	0.00820	0.01079	0.00691	0.00389	0.00432	0.00130	0.00518	0.00389	0.00216	0.00691
37	0.04172	0.01165	0.01170	0.01010	0.04941	0.14673	0.00774	0.26997	0.12332	0.24826	0.01243	0.01197	0.00874	0.00520	0.00444	0.00132	0.02042	0.00396	0.00412	0.00680

[dist]
# distance from previous block
# <min> <max>
1	5

[block]
# block no. 6 follows, 60 sequences, length 42
# corresponding to MSA columns:
# 387-428
name=unknown_G
#
# <colnr> <probs for GDERKNQSTAVLIFYWHMCP>
#	G	D	E	R	K	N	Q	S	T	A	V	L	I	F	Y	W	H	M	C	P
0	0.05476	0.01004	0.01682	0.01837	0.36432	0.00982	0.19503	0.05205	0.03036	0.05656	0.02902	0.01148	0.00789	0.00415	0.00450	0.00128	0.01916	0.00410	0.00264	0.10766
1	0.67055	0.00743	0.00620	0.00573	0.00796	0.00839	0.00457	0.01154	0.00823	0.01850	0.12698	0.08648	0.01226	0.00563	0.00332	0.00139	0.00310	0.00408	0.00313	0.00453
2	0.13437	0.00527	0.00593	0.00584	0.00719	0.00525	0.00452	0.00918	0.04932	0.01575	0.36275	0.10777	0.16566	0.00922	0.00489	0.00150	0.00261	0.09460	0.00419	0.00420
3	0.00885	0.00787	0.01184	0.06674	0.33780	0.00787	0.02446	0.04796	0.05024	0.01491	0.15837	0.03142	0.16491	0.00656	0.00467	0.00137	0.00396	0.02200	0.00325	0.02495
4	0.03268	0.01061	0.01560	0.02808	0.38428	0.08069	0.12689	0.02790	0.10390	0.03502	0.07961	0.01327	0.01055	0.00466	0.00442	0.00133	0.00512	0.00441	0.01368	0.01732
5	0.01069	0.01066	0.01942	0.02498	0.64970	0.01050	0.18184	0.01351	0.01001	0.01419	0.00834	0.01100	0.00685	0.00384	0.00449	0.00133	0.00564	0.00415	0.00217	0.00669
6	0.01658	0.01222	0.01309	0.01003	0.01353	0.01353	0.00829	0.80497	0.02051	0.02749	0.01047	0.01047	0.00742	0.00524	0.00436	0.00131	0.00480	0.00393	0.00436	0.00742
7	0.00515	0.00442	0.00442	0.00442	0.00589	0.00368	0.00331	0.00626	0.00994	0.01178	0.04418	0.04197	0.81775	0.01105	0.00515	0.00147	0.00221	0.00920	0.00405	0.00368
8	0.00634	0.00423	0.00476	0.00476	0.00476	0.00423	0.00264	0.00634	0.00634	0.00846	0.01374	0.02854	0.01586	0.84672	0.02220	0.00423	0.00423	0.00634	0.00264	0.00264
9	0.01752	0.00847	0.01352	0.01008	0.01368	0.00757	0.17639	0.03908	0.01221	0.63054	0.01525	0.01408	0.00982	0.00503	0.00455	0.00137	0.00451	0.00454	0.00469	0.00709
10	0.01544	0.01135	0.01222	0.00967	0.01292	0.01258	0.00789	0.59228	0.19691	0.06396	0.01242	0.01198	0.00890	0.00540	0.00438	0.00135	0.00445	0.00417	0.00443	0.00730
11	0.00904	0.00775	0.00904	0.00646	0.01034	0.00581	0.00517	0.01098	0.00904	0.01421	0.00775	0.00904	0.00646	0.00323	0.00323	0.00065	0.00323	0.00258	0.00258	0.87339
12	0.01061	0.55249	0.31055	0.00925	0.01395	0.01470	0.01057	0.01333	0.00899	0.01154	0.00670	0.00779	0.00557	0.00388	0.00328	0.00109	0.00530	0.00265	0.00186	0.00590
13	0.01525	0.01610	0.01204	0.01042	0.01305	0.43890	0.00807	0.23220	0.17971	0.01680	0.01003	0.01031	0.00770	0.00499	0.00415	0.00125	0.00612	0.00355	0.00327	0.00608
14	0.00609	0.00441	0.00575	0.00551	0.00649	0.00406	0.00410	0.00803	0.01200	0.01691	0.74319	0.09462	0.05381	0.00932	0.00518	0.00140	0.00210	0.00825	0.00473	0.00406
15	0.01534	0.01748	0.04194	0.01103	0.03004	0.52573	0.00855	0.14866	0.11426	0.03250	0.00905	0.00962	0.00702	0.00479	0.00409	0.00122	0.00660	0.00333	0.00293	0.00582
16	0.87753	0.00843	0.00641	0.00574	0.00843	0.00978	0.00472	0.01282	0.00742	0.01957	0.00607	0.00709	0.00472	0.00405	0.00270	0.00135	0.00337	0.00236	0.00270	0.00472
17	0.00824	0.00775	0.01308	0.83624	0.03004	0.00969	0.01211	0.01114	0.00872	0.01114	0.00775	0.01163	0.00581	0.00436	0.00436	0.00145	0.00581	0.00388	0.00194	0.00484
18	0.00617	0.00446	0.00583	0.00549	0.00652	0.00412	0.00412	0.00823	0.01235	0.01749	0.81722	0.03258	0.04115	0.00892	0.00514	0.00137	0.00206	0.00789	0.00480	0.00412
19	0.87753	0.00843	0.00641	0.00574	0.00843	0.00978	0.00472	0.01282	0.00742	0.01957	0.00607	0.00709	0.00472	0.00405	0.00270	0.00135	0.00337	0.00236	0.00270	0.00472
20	0.00529	0.00442	0.00461	0.00456	0.00598	0.00374	0.00342	0.00652	0.01026	0.01255	0.14816	0.04071	0.71329	0.01076	0.00515	0.00146	0.00219	0.00903	0.00415	0.00374
21	0.87753	0.00843	0.00641	0.00574	0.00843	0.00978	0.00472	0.01282	0.00742	0.01957	0.00607	0.00709	0.00472	0.00405	0.00270	0.00135	0.00337	0.00236	0.00270	0.00472
22	0.01085	0.00937	0.00986	0.00888	0.01134	0.01085	0.00690	0.02318	0.81164	0.01824	0.01775	0.01627	0.01331	0.00592	0.00444	0.00148	0.00345	0.00493	0.00444	0.00690
23	0.00772	0.00403	0.00421	0.00436	0.00526	0.00399	0.00320	0.00956	0.00903	0.01551	0.01567	0.13796	0.01378	0.00634	0.00342	0.00113	0.00211	0.00529	0.74346	0.00399
24	0.75008	0.00872	0.00807	0.00883	0.12771	0.00987	0.00600	0.01290	0.00779	0.01879	0.00639	0.00763	0.00504	0.00402	0.00294	0.00134	0.00364	0.00259	0.00262	0.00504
25	0.00668	0.00531	0.00611	0.00582	0.00723	0.00517	0.00442	0.01022	0.15231	0.01557	0.39562	0.05120	0.28010	0.00924	0.00505	0.00145	0.00241	0.02715	0.00446	0.00445
26	0.06841	0.01308	0.01247	0.00987	0.01313	0.13299	0.00803	0.61345	0.01823	0.05302	0.00990	0.01004	0.00711	0.00506	0.00420	0.00129	0.00513	0.00368	0.00399	0.00691
27	0.75137	0.00829	0.00696	0.00603	0.00883	0.00929	0.00497	0.01406	0.00817	0.13765	0.00771	0.00823	0.00562	0.00425	0.00295	0.00135	0.00342	0.00266	0.00310	0.00512
28	0.01076	0.00971	0.01537	0.26032	0.45056	0.01047	0.01204	0.12896	0.01109	0.01521	0.00879	0.03124	0.00720	0.00446	0.00437	0.00136	0.00525	0.00410	0.00246	0.00630
29	0.22975	0.13489	0.17350	0.00840	0.01250	0.00971	0.06035	0.01251	0.00872	0.01489	0.00716	0.00846	0.00572	0.00372	0.00334	0.00107	0.00439	0.00279	0.00234	0.29579
30	0.00675	0.00493	0.00664	0.00750	0.00857	0.00482	0.00648	0.00863	0.01003	0.01287	0.02619	0.04813	0.14166	0.01190	0.00590	0.00193	0.00375	0.67532	0.00402	0.00397
31	0.01058	0.00913	0.00974	0.00852	0.01119	0.01011	0.00665	0.02138	0.69361	0.01765	0.01628	0.01521	0.01231	0.00552	0.00426	0.00136	0.00342	0.00459	0.00417	0.13432
32	0.00960	0.13893	0.37134	0.01345	0.17466	0.01049	0.01200	0.06477	0.00992	0.01388	0.01020	0.13202	0.00937	0.00550	0.00420	0.00135	0.00525	0.00462	0.00240	0.00605
33	0.00671	0.00485	0.00589	0.00551	0.00625	0.00473	0.00364	0.00735	0.00689	0.00968	0.01240	0.02313	0.01337	0.54106	0.19953	0.00432	0.00574	0.00542	0.00257	0.13097
34	0.01304	0.01179	0.01239	0.01021	0.01303	0.13156	0.07596	0.23821	0.32607	0.02894	0.04596	0.01338	0.01076	0.00542	0.00462	0.00136	0.02316	0.00440	0.00383	0.02590
35	0.01342	0.01265	0.01100	0.00942	0.01184	0.29247	0.02366	0.06323	0.17171	0.11517	0.09433	0.01340	0.01168	0.00546	0.00484	0.00127	0.05599	0.00411	0.00347	0.08088
36	0.37272	0.00752	0.00772	0.00649	0.00905	0.00775	0.00513	0.01519	0.06213	0.27712	0.01165	0.01345	0.00898	0.12849	0.00625	0.00175	0.00361	0.00378	0.00367	0.04754
37	0.00910	0.05366	0.56009	0.06807	0.05837	0.01039	0.13087	0.01347	0.00943	0.01362	0.02799	0.01031	0.00666	0.00418	0.00428	0.00138	0.00629	0.00366	0.00199	0.00619
38	0.06964	0.01031	0.01558	0.02183	0.60796	0.04944	0.01155	0.01470	0.01026	0.13329	0.00932	0.01100	0.00727	0.00415	0.00420	0.00130	0.00498	0.00381	0.00268	0.00675
39	0.00917	0.06179	0.00908	0.04576	0.00924	0.00732	0.00575	0.12488	0.00879	0.01196	0.02847	0.01295	0.00847	0.01371	0.12708	0.40672	0.05671	0.00389	0.00243	0.04585
40	0.00865	0.00820	0.01300	0.56029	0.18305	0.02949	0.01123	0.01119	0.00902	0.01166	0.01051	0.01420	0.06018	0.04555	0.00526	0.00155	0.00542	0.00432	0.00216	0.00507
41	0.00928	0.00872	0.01400	0.25900	0.39544	0.00946	0.01115	0.03106	0.00962	0.01306	0.01325	0.01553	0.12576	0.00536	0.00512	0.00141	0.06002	0.00466	0.00241	0.00570

[dist]
# distance from previous block
# <min> <max>
0	7

# created by:
# /st0/software/busco_prod/Augustus/scripts/msa2prfl.pl ./align_prep/115608.fa
