[name]
unknown

[dist]
# distance from previous block
# <min> <max>
29	71

[block]
# block no. 0 follows, 58 sequences, length 89
# corresponding to MSA columns:
# 103-191
name=unknown_A
#
# <colnr> <probs for GDERKNQSTAVLIFYWHMCP>
#	G	D	E	R	K	N	Q	S	T	A	V	L	I	F	Y	W	H	M	C	P
0	0.06713	0.01186	0.08086	0.05156	0.12835	0.14139	0.05509	0.08848	0.06193	0.04065	0.08393	0.05343	0.08227	0.00605	0.00464	0.00139	0.01627	0.00504	0.00320	0.01646
1	0.02655	0.02471	0.06604	0.07587	0.10606	0.11714	0.03041	0.09076	0.09056	0.07513	0.05670	0.08821	0.02514	0.01997	0.00478	0.00141	0.00485	0.01858	0.00332	0.07380
2	0.03449	0.10728	0.18825	0.08797	0.12632	0.04505	0.03572	0.10599	0.04736	0.05066	0.03008	0.02763	0.01824	0.01866	0.01860	0.00147	0.00538	0.00402	0.00279	0.04405
3	0.06638	0.12163	0.14598	0.08095	0.09865	0.08382	0.04155	0.07374	0.03390	0.02548	0.02057	0.05416	0.04032	0.00516	0.00423	0.00129	0.01482	0.00416	0.00268	0.08052
4	0.02125	0.04968	0.06952	0.29226	0.16409	0.02108	0.10673	0.05781	0.03403	0.02799	0.02717	0.01267	0.03216	0.00461	0.00442	0.00136	0.00549	0.00420	0.00252	0.06097
5	0.04636	0.06590	0.05343	0.06338	0.30206	0.04093	0.04777	0.11788	0.04526	0.02962	0.02087	0.05665	0.00930	0.02674	0.00504	0.00145	0.02088	0.01687	0.00284	0.02677
6	0.03687	0.04808	0.01340	0.08281	0.14648	0.05237	0.03386	0.24255	0.03312	0.01783	0.02047	0.04713	0.00908	0.01988	0.00494	0.00135	0.03110	0.02592	0.00316	0.12959
7	0.04529	0.00972	0.04775	0.03622	0.08021	0.10307	0.02162	0.05179	0.08456	0.08498	0.11273	0.05150	0.13512	0.03220	0.00509	0.00143	0.00421	0.00554	0.00359	0.08337
8	0.02418	0.01923	0.07446	0.00817	0.04310	0.01807	0.02351	0.10214	0.04508	0.08776	0.15130	0.03452	0.23013	0.03219	0.00522	0.00144	0.00362	0.00619	0.00389	0.08579
9	0.00898	0.02328	0.00913	0.00745	0.02678	0.02407	0.03067	0.04412	0.01959	0.03743	0.02853	0.12378	0.08481	0.07087	0.04252	0.00159	0.00397	0.00532	0.00316	0.40397
10	0.03614	0.09653	0.06646	0.00820	0.01092	0.00838	0.04125	0.09044	0.07640	0.09478	0.06463	0.23882	0.01603	0.00741	0.00451	0.00137	0.00384	0.00638	0.00368	0.12382
11	0.01229	0.11005	0.23983	0.10045	0.04266	0.28998	0.03189	0.03039	0.05067	0.01277	0.00797	0.00951	0.00626	0.00456	0.00444	0.00130	0.03357	0.00333	0.00225	0.00584
12	0.00773	0.00594	0.00823	0.00765	0.00872	0.01691	0.03962	0.06767	0.00858	0.01216	0.01249	0.03297	0.01189	0.12933	0.50703	0.00532	0.03244	0.02675	0.05433	0.00424
13	0.00872	0.00810	0.01342	0.80573	0.03027	0.01006	0.01230	0.03667	0.00933	0.01197	0.00804	0.01189	0.00602	0.00450	0.00447	0.00149	0.00593	0.00398	0.00207	0.00505
14	0.00732	0.00578	0.00747	0.04732	0.00797	0.00682	0.00503	0.00782	0.00679	0.00945	0.01195	0.03636	0.01324	0.53918	0.07887	0.00383	0.19311	0.00577	0.00250	0.00343
15	0.00773	0.00556	0.00735	0.00758	0.06557	0.00504	0.02926	0.00954	0.02361	0.09127	0.22168	0.09842	0.35666	0.00966	0.00521	0.00151	0.00288	0.04257	0.00428	0.00462
16	0.00639	0.00479	0.00719	0.00719	0.00799	0.00559	0.00559	0.00799	0.00719	0.01038	0.01198	0.01757	0.01118	0.03355	0.82507	0.00719	0.01198	0.00479	0.00240	0.00399
17	0.00945	0.00854	0.01181	0.02269	0.01279	0.00680	0.11960	0.01171	0.00945	0.01449	0.00811	0.00972	0.00664	0.00340	0.00362	0.00080	0.00397	0.00305	0.00258	0.73079
18	0.00918	0.07961	0.76494	0.01240	0.01882	0.01089	0.01592	0.01411	0.00942	0.01392	0.00790	0.00929	0.00567	0.00422	0.00416	0.00139	0.00649	0.00324	0.00189	0.00655
19	0.00645	0.00431	0.00490	0.00496	0.00497	0.00430	0.00279	0.00649	0.00662	0.00883	0.01470	0.07540	0.01702	0.79563	0.02180	0.00419	0.00424	0.00686	0.00279	0.00276
20	0.00547	0.00391	0.00521	0.00622	0.00649	0.00365	0.00415	0.00628	0.00865	0.01156	0.04125	0.82289	0.02985	0.01391	0.00570	0.00181	0.00259	0.01262	0.00417	0.00365
21	0.00928	0.00795	0.00928	0.00663	0.01060	0.00596	0.00530	0.01126	0.00928	0.01458	0.00795	0.00928	0.00663	0.00331	0.00331	0.00066	0.00331	0.00265	0.00265	0.87014
22	0.01191	0.75712	0.02191	0.00772	0.01132	0.03526	0.00750	0.03664	0.00951	0.01118	0.00721	0.03978	0.00680	0.00431	0.00306	0.00101	0.00474	0.00288	0.01447	0.00568
23	0.00928	0.00795	0.00928	0.00663	0.01060	0.00596	0.00530	0.01126	0.00928	0.01458	0.00795	0.00928	0.00663	0.00331	0.00331	0.00066	0.00331	0.00265	0.00265	0.87014
24	0.01282	0.07811	0.04900	0.01777	0.35044	0.27121	0.03490	0.01563	0.06295	0.02671	0.00967	0.01117	0.03103	0.00456	0.00424	0.00127	0.00604	0.00376	0.00247	0.00623
25	0.00774	0.00618	0.00741	0.00625	0.00856	0.00523	0.00490	0.00946	0.01013	0.03000	0.18251	0.06299	0.17481	0.02340	0.00516	0.00126	0.02834	0.06072	0.00362	0.36133
26	0.02176	0.06060	0.33168	0.05195	0.21945	0.03381	0.04454	0.02680	0.00988	0.02953	0.01074	0.10835	0.02068	0.00546	0.00444	0.00141	0.00557	0.00475	0.00243	0.00617
27	0.00749	0.00528	0.00715	0.02244	0.00755	0.02802	0.02812	0.00741	0.00683	0.00919	0.01085	0.04355	0.01127	0.23995	0.19630	0.31530	0.04284	0.00507	0.00234	0.00305
28	0.00845	0.00795	0.01342	0.83204	0.03081	0.00994	0.01242	0.01143	0.00894	0.01143	0.00795	0.01193	0.00596	0.00447	0.00447	0.00149	0.00596	0.00398	0.00199	0.00497
29	0.01659	0.02114	0.01294	0.01166	0.01401	0.80935	0.02368	0.01780	0.01264	0.01101	0.00696	0.00814	0.00578	0.00459	0.00406	0.00116	0.00806	0.00293	0.00230	0.00520
30	0.02710	0.01038	0.04723	0.00949	0.02219	0.01002	0.04396	0.29830	0.06906	0.09066	0.02844	0.03493	0.00940	0.01883	0.01871	0.00140	0.04215	0.00419	0.00370	0.20988
31	0.00570	0.00438	0.00524	0.00567	0.00656	0.00397	0.00406	0.00708	0.02539	0.01283	0.14715	0.39225	0.31048	0.01213	0.00549	0.00165	0.00248	0.03937	0.00427	0.00386
32	0.00860	0.00810	0.01369	0.78573	0.07594	0.00998	0.01250	0.01156	0.00902	0.01161	0.00798	0.01188	0.00603	0.00444	0.00447	0.00148	0.00593	0.00398	0.00200	0.00509
33	0.00897	0.02314	0.81962	0.01275	0.01936	0.01039	0.01653	0.01417	0.00944	0.01417	0.00803	0.00944	0.00567	0.00425	0.00425	0.00142	0.00661	0.00331	0.00189	0.00661
34	0.01098	0.01016	0.01716	0.08133	0.71062	0.01024	0.01309	0.01358	0.01018	0.03889	0.00985	0.01228	0.03293	0.00430	0.00446	0.00135	0.00522	0.00418	0.00236	0.00685
35	0.00549	0.00395	0.00522	0.00623	0.00655	0.00368	0.00421	0.00632	0.00866	0.01149	0.02529	0.79300	0.05456	0.01388	0.00571	0.00181	0.00263	0.03350	0.00415	0.00365
36	0.00897	0.02314	0.81962	0.01275	0.01936	0.01039	0.01653	0.01417	0.00944	0.01417	0.00803	0.00944	0.00567	0.00425	0.00425	0.00142	0.00661	0.00331	0.00189	0.00661
37	0.00845	0.00795	0.01342	0.83204	0.03081	0.00994	0.01242	0.01143	0.00894	0.01143	0.00795	0.01193	0.00596	0.00447	0.00447	0.00149	0.00596	0.00398	0.00199	0.00497
38	0.01086	0.00795	0.01069	0.10412	0.08079	0.03530	0.03723	0.11427	0.02919	0.11776	0.02939	0.10069	0.04924	0.00832	0.00517	0.00164	0.00450	0.24357	0.00384	0.00548
39	0.01196	0.84548	0.02344	0.00765	0.01148	0.01770	0.00765	0.01339	0.00909	0.01052	0.00622	0.00718	0.00574	0.00383	0.00287	0.00096	0.00478	0.00239	0.00191	0.00574
40	0.00734	0.00542	0.00795	0.00865	0.00982	0.00539	0.03794	0.00946	0.01031	0.01342	0.02312	0.04897	0.02501	0.01202	0.00614	0.00204	0.00425	0.75451	0.00405	0.00419
41	0.00565	0.00419	0.00531	0.00610	0.00673	0.00386	0.00436	0.00668	0.00920	0.01194	0.04588	0.55961	0.19479	0.01314	0.00567	0.00177	0.00270	0.10451	0.00417	0.00373
42	0.01588	0.11907	0.01431	0.05696	0.16757	0.06467	0.02121	0.06962	0.01207	0.38285	0.01262	0.01288	0.00889	0.00495	0.00427	0.00132	0.00477	0.01533	0.00387	0.00688
43	0.00845	0.00795	0.01342	0.83204	0.03081	0.00994	0.01242	0.01143	0.00894	0.01143	0.00795	0.01193	0.00596	0.00447	0.00447	0.00149	0.00596	0.00398	0.00199	0.00497
44	0.00847	0.00795	0.01332	0.81321	0.03035	0.00985	0.01226	0.01143	0.00895	0.01150	0.00795	0.01187	0.00598	0.00445	0.00445	0.00147	0.00590	0.00395	0.00200	0.02471
45	0.02611	0.01026	0.01227	0.04754	0.08112	0.02140	0.01911	0.28753	0.21463	0.16049	0.01384	0.01472	0.01029	0.00571	0.00474	0.00144	0.01972	0.03782	0.00424	0.00703
46	0.01122	0.01202	0.01657	0.02464	0.05705	0.18467	0.28615	0.01350	0.01067	0.03736	0.12241	0.02795	0.02380	0.01967	0.00665	0.00152	0.13094	0.00505	0.00276	0.00538
47	0.00553	0.00451	0.00488	0.00485	0.00621	0.00387	0.00362	0.00686	0.01067	0.01336	0.21595	0.07637	0.60582	0.01096	0.00530	0.00150	0.00225	0.00928	0.00433	0.00387
48	0.03153	0.48484	0.12530	0.00898	0.01274	0.06340	0.02325	0.05310	0.03145	0.03307	0.00792	0.02375	0.00679	0.00533	0.02892	0.00133	0.03191	0.00312	0.00232	0.02094
49	0.00533	0.00449	0.00462	0.00469	0.00609	0.00378	0.00348	0.00647	0.01015	0.01221	0.06690	0.10051	0.73311	0.01146	0.00532	0.00153	0.00228	0.00964	0.00418	0.00378
50	0.02793	0.00797	0.00922	0.00661	0.01056	0.00605	0.00529	0.01130	0.00924	0.01469	0.00791	0.00923	0.00659	0.00333	0.00330	0.00068	0.00332	0.00265	0.00265	0.85148
51	0.00914	0.02201	0.75599	0.01236	0.01865	0.01031	0.01572	0.03714	0.02537	0.01460	0.00941	0.01062	0.02986	0.00453	0.00429	0.00142	0.00637	0.00354	0.00208	0.00657
52	0.00651	0.00434	0.00488	0.00488	0.00488	0.00434	0.00271	0.00651	0.00651	0.00867	0.01409	0.02927	0.01626	0.84279	0.02277	0.00434	0.00434	0.00651	0.00271	0.00271
53	0.00647	0.00491	0.00735	0.00730	0.00808	0.00579	0.00569	0.00806	0.00718	0.01039	0.01183	0.01738	0.01105	0.03292	0.80527	0.00706	0.03208	0.00477	0.00239	0.00402
54	0.00641	0.00472	0.00601	0.00566	0.00679	0.00440	0.00425	0.00877	0.03610	0.01760	0.74143	0.03351	0.08909	0.00919	0.00526	0.00142	0.00216	0.00808	0.00487	0.00428
55	0.87439	0.00865	0.00657	0.00588	0.00865	0.01003	0.00484	0.01315	0.00761	0.02007	0.00623	0.00727	0.00484	0.00415	0.00277	0.00138	0.00346	0.00242	0.00277	0.00484
56	0.01641	0.01223	0.01309	0.01017	0.01365	0.01359	0.00836	0.72136	0.10061	0.02723	0.01150	0.01134	0.00822	0.00544	0.00448	0.00136	0.00478	0.00413	0.00448	0.00755
57	0.00554	0.00452	0.00490	0.00484	0.00621	0.00388	0.00362	0.00690	0.01074	0.01347	0.22939	0.06293	0.60571	0.01088	0.00530	0.00149	0.00224	0.00921	0.00434	0.00388
58	0.00587	0.00423	0.00563	0.00649	0.00703	0.00399	0.00473	0.00705	0.00937	0.01247	0.10217	0.57241	0.06365	0.01310	0.00574	0.00181	0.00283	0.16340	0.00422	0.00379
59	0.03313	0.00852	0.01087	0.00835	0.01182	0.00795	0.00690	0.16284	0.01421	0.66197	0.01621	0.01428	0.01034	0.00548	0.00447	0.00138	0.00400	0.00438	0.00530	0.00757
60	0.00675	0.00467	0.00611	0.00570	0.00683	0.00429	0.00429	0.00885	0.01267	0.04241	0.78821	0.03286	0.04126	0.00903	0.00525	0.00141	0.00216	0.00798	0.00494	0.00432
61	0.01052	0.00931	0.02479	0.00898	0.01146	0.01032	0.02080	0.03360	0.66184	0.01789	0.02969	0.01891	0.05417	0.00753	0.03651	0.00175	0.00395	0.02699	0.00435	0.00665
62	0.01083	0.00849	0.01054	0.03327	0.01147	0.00947	0.03762	0.29483	0.05656	0.01792	0.03789	0.04735	0.08351	0.03405	0.21361	0.00299	0.06430	0.00530	0.01440	0.00558
63	0.01697	0.01206	0.01278	0.00993	0.01334	0.04425	0.00813	0.64338	0.03972	0.11755	0.01165	0.01170	0.00827	0.02316	0.00485	0.00141	0.00487	0.00412	0.00448	0.00740
64	0.01203	0.56147	0.17097	0.00917	0.01328	0.12596	0.00944	0.01437	0.02658	0.01144	0.00691	0.00792	0.00590	0.00406	0.00332	0.00108	0.00555	0.00269	0.00202	0.00586
65	0.00981	0.00938	0.05962	0.07535	0.12046	0.00767	0.03179	0.04523	0.01003	0.02658	0.03264	0.02518	0.00814	0.00410	0.00397	0.00098	0.01395	0.00349	0.00269	0.50894
66	0.00979	0.00979	0.01370	0.01174	0.01174	0.01370	0.00979	0.01077	0.00685	0.01077	0.00587	0.00979	0.00587	0.00783	0.01468	0.00196	0.83461	0.00391	0.00196	0.00489
67	0.01868	0.03357	0.01126	0.00850	0.01187	0.04563	0.00699	0.12608	0.06544	0.59927	0.01593	0.01415	0.01038	0.00546	0.00443	0.00136	0.00416	0.00434	0.00508	0.00741
68	0.01154	0.00886	0.03986	0.00894	0.01254	0.00736	0.11356	0.05459	0.04413	0.16430	0.07922	0.04017	0.01154	0.00488	0.00419	0.00111	0.00406	0.00433	0.00352	0.38131
69	0.57833	0.06820	0.07492	0.02528	0.03454	0.05059	0.00694	0.08846	0.00949	0.01893	0.00694	0.00802	0.00537	0.00428	0.00320	0.00134	0.00428	0.00275	0.00275	0.00540
70	0.03216	0.01058	0.01787	0.02693	0.79519	0.01061	0.01351	0.01371	0.01012	0.01475	0.00836	0.01098	0.00703	0.00399	0.00439	0.00133	0.00527	0.00395	0.00223	0.00703
71	0.01022	0.00859	0.00935	0.00907	0.05827	0.05684	0.00655	0.10242	0.27660	0.03021	0.19625	0.08747	0.05743	0.02179	0.00511	0.00150	0.00364	0.02321	0.00422	0.03127
72	0.01532	0.01720	0.01350	0.03559	0.01463	0.50558	0.06436	0.14275	0.06706	0.02560	0.00887	0.02300	0.00713	0.00504	0.00465	0.00128	0.03620	0.00363	0.00285	0.00575
73	0.00929	0.00867	0.01447	0.54675	0.26426	0.00999	0.01240	0.01235	0.02674	0.01271	0.00853	0.01193	0.00664	0.00439	0.00442	0.00143	0.00559	0.00401	0.02982	0.00562
74	0.00651	0.00434	0.00488	0.00488	0.00488	0.00434	0.00271	0.00651	0.00651	0.00867	0.01409	0.02927	0.01626	0.84279	0.02277	0.00434	0.00434	0.00651	0.00271	0.00271
75	0.00622	0.00449	0.00589	0.00584	0.00677	0.00417	0.00435	0.00810	0.01185	0.01658	0.63528	0.16323	0.05165	0.01012	0.00539	0.00151	0.00229	0.04744	0.00475	0.00411
76	0.87439	0.00865	0.00657	0.00588	0.00865	0.01003	0.00484	0.01315	0.00761	0.02007	0.00623	0.00727	0.00484	0.00415	0.00277	0.00138	0.00346	0.00242	0.00277	0.00484
77	0.00530	0.00453	0.00456	0.00455	0.00605	0.00378	0.00341	0.00645	0.01024	0.01218	0.05777	0.04289	0.80056	0.01129	0.00529	0.00151	0.00226	0.00942	0.00417	0.00378
78	0.00834	0.00417	0.00417	0.00417	0.00521	0.00417	0.00313	0.01042	0.00938	0.01668	0.01459	0.01668	0.01147	0.00521	0.00313	0.00104	0.00208	0.00417	0.86763	0.00417
79	0.00551	0.00473	0.00475	0.00471	0.00626	0.00406	0.00354	0.00709	0.04113	0.01234	0.04426	0.04203	0.78203	0.01112	0.00526	0.00151	0.00232	0.00927	0.00417	0.00390
80	0.00964	0.04977	0.19652	0.01423	0.08963	0.02950	0.26559	0.03849	0.00996	0.01369	0.02475	0.13000	0.01059	0.01962	0.01717	0.02752	0.03961	0.00552	0.00254	0.00565
81	0.00872	0.00823	0.01391	0.74811	0.11260	0.01001	0.01256	0.01167	0.00907	0.01176	0.00800	0.01184	0.00608	0.00442	0.00447	0.00147	0.00590	0.00398	0.00201	0.00519
82	0.05335	0.08860	0.26783	0.05596	0.20939	0.02092	0.01143	0.03806	0.02313	0.03644	0.01136	0.05575	0.04756	0.03090	0.02929	0.00164	0.00545	0.00439	0.00252	0.00604
83	0.60258	0.02395	0.02708	0.10462	0.05774	0.00992	0.00663	0.02952	0.00832	0.03264	0.00731	0.00926	0.00584	0.03011	0.02785	0.00164	0.00427	0.00298	0.00268	0.00506
84	0.00995	0.00553	0.00638	0.00571	0.00727	0.00560	0.02784	0.08058	0.02453	0.07492	0.01448	0.01672	0.01131	0.00648	0.03542	0.00138	0.00308	0.02206	0.63594	0.00482
85	0.87439	0.00865	0.00657	0.00588	0.00865	0.01003	0.00484	0.01315	0.00761	0.02007	0.00623	0.00727	0.00484	0.00415	0.00277	0.00138	0.00346	0.00242	0.00277	0.00484
86	0.00545	0.00389	0.00519	0.00623	0.00649	0.00363	0.00415	0.00623	0.00856	0.01142	0.02465	0.83987	0.02959	0.01401	0.00571	0.00182	0.00260	0.01272	0.00415	0.00363
87	0.00861	0.00811	0.01370	0.78353	0.07808	0.00998	0.01250	0.01157	0.00902	0.01162	0.00798	0.01187	0.00603	0.00444	0.00447	0.00148	0.00592	0.00398	0.00200	0.00510
88	0.01892	0.00834	0.01086	0.00843	0.01172	0.00789	0.00695	0.10834	0.04431	0.66237	0.01637	0.01454	0.01055	0.00564	0.00496	0.00141	0.04129	0.00444	0.00522	0.00747

[dist]
# distance from previous block
# <min> <max>
0	2

[block]
# block no. 1 follows, 58 sequences, length 9
# corresponding to MSA columns:
# 194-202
name=unknown_B
#
# <colnr> <probs for GDERKNQSTAVLIFYWHMCP>
#	G	D	E	R	K	N	Q	S	T	A	V	L	I	F	Y	W	H	M	C	P
0	0.00982	0.00807	0.00939	0.05527	0.01159	0.00773	0.04080	0.01309	0.18991	0.01651	0.10005	0.10974	0.38524	0.01092	0.00617	0.00199	0.00395	0.00877	0.00491	0.00608
1	0.00552	0.00395	0.00525	0.00618	0.00650	0.00368	0.00416	0.00640	0.00889	0.01193	0.08699	0.77607	0.03058	0.01363	0.00568	0.00178	0.00256	0.01235	0.00421	0.00368
2	0.00845	0.00795	0.01342	0.83204	0.03081	0.00994	0.01242	0.01143	0.00894	0.01143	0.00795	0.01193	0.00596	0.00447	0.00447	0.00149	0.00596	0.00398	0.00199	0.00497
3	0.01671	0.02132	0.01268	0.01152	0.01383	0.82483	0.00864	0.01786	0.01268	0.01095	0.00691	0.00807	0.00576	0.00461	0.00403	0.00115	0.00807	0.00288	0.00230	0.00519
4	0.00691	0.00473	0.00590	0.00551	0.00675	0.00427	0.00413	0.00872	0.01194	0.06183	0.58245	0.03415	0.19392	0.04194	0.00592	0.00154	0.00232	0.00809	0.00472	0.00427
5	0.00577	0.00455	0.00520	0.00504	0.00634	0.00398	0.00378	0.00736	0.01134	0.01479	0.40054	0.03859	0.45616	0.01032	0.00528	0.00146	0.00219	0.00882	0.00451	0.00398
6	0.01208	0.65330	0.09723	0.00939	0.04856	0.09225	0.00886	0.01390	0.00951	0.01109	0.00655	0.00765	0.00580	0.00395	0.00318	0.00104	0.00529	0.00260	0.00196	0.00583
7	0.19366	0.01226	0.03828	0.01248	0.11109	0.16435	0.03613	0.03335	0.00908	0.01386	0.00695	0.00964	0.00610	0.02536	0.00818	0.00162	0.30646	0.00351	0.00232	0.00532
8	0.00918	0.01178	0.14042	0.01450	0.01836	0.00945	0.45921	0.01287	0.03973	0.01382	0.01377	0.10280	0.06238	0.00704	0.04096	0.00179	0.00649	0.02716	0.00267	0.00562

[dist]
# distance from previous block
# <min> <max>
1	21

[block]
# block no. 2 follows, 58 sequences, length 18
# corresponding to MSA columns:
# 224-241
name=unknown_C
#
# <colnr> <probs for GDERKNQSTAVLIFYWHMCP>
#	G	D	E	R	K	N	Q	S	T	A	V	L	I	F	Y	W	H	M	C	P
0	0.00650	0.00501	0.00603	0.00597	0.00723	0.00474	0.00462	0.00910	0.07345	0.01549	0.39851	0.06794	0.25304	0.01014	0.00536	0.00155	0.00256	0.11394	0.00454	0.00428
1	0.00897	0.02314	0.81962	0.01275	0.01936	0.01039	0.01653	0.01417	0.00944	0.01417	0.00803	0.00944	0.00567	0.00425	0.00425	0.00142	0.00661	0.00331	0.00189	0.00661
2	0.00603	0.00461	0.00556	0.00546	0.00668	0.00414	0.00419	0.00777	0.01154	0.01536	0.45775	0.03852	0.32517	0.01024	0.00536	0.00150	0.00235	0.07915	0.00457	0.00405
3	0.00943	0.00782	0.01099	0.23028	0.11248	0.03727	0.02679	0.08537	0.01075	0.03890	0.04824	0.18213	0.02662	0.00765	0.00506	0.00155	0.01953	0.08905	0.04494	0.00514
4	0.00642	0.00468	0.00661	0.00661	0.00721	0.00528	0.00487	0.00762	0.00702	0.00995	0.01251	0.02051	0.01246	0.23702	0.62334	0.00647	0.01006	0.00522	0.00248	0.00367
5	0.01052	0.26365	0.31409	0.01055	0.01475	0.07255	0.05532	0.04613	0.00982	0.01288	0.00884	0.06269	0.00782	0.02497	0.03500	0.00159	0.03689	0.00389	0.00224	0.00582
6	0.00592	0.00427	0.00571	0.00669	0.00723	0.00406	0.00495	0.00707	0.00913	0.01199	0.02548	0.58144	0.06991	0.01342	0.00582	0.00187	0.00300	0.22414	0.00414	0.00377
7	0.00639	0.00479	0.00719	0.00719	0.00799	0.00559	0.00559	0.00799	0.00719	0.01038	0.01198	0.01757	0.01118	0.03355	0.82507	0.00719	0.01198	0.00479	0.00240	0.00399
8	0.01231	0.78632	0.02270	0.00788	0.01165	0.04128	0.00772	0.04651	0.00970	0.01128	0.00643	0.00735	0.00582	0.00391	0.00297	0.00098	0.00489	0.00247	0.00203	0.00580
9	0.00928	0.00795	0.00928	0.00663	0.01060	0.00596	0.00530	0.01126	0.00928	0.01458	0.00795	0.00928	0.00663	0.00331	0.00331	0.00066	0.00331	0.00265	0.00265	0.87014
10	0.01269	0.00917	0.01072	0.06691	0.04139	0.01014	0.00759	0.08127	0.49236	0.15594	0.01674	0.04996	0.01264	0.00607	0.00458	0.00148	0.00388	0.00509	0.00444	0.00692
11	0.00532	0.00440	0.00467	0.00489	0.00614	0.00375	0.00356	0.00638	0.00986	0.01195	0.04100	0.20938	0.64953	0.01189	0.00538	0.00157	0.00233	0.01012	0.00415	0.00375
12	0.01026	0.03048	0.05309	0.04574	0.03645	0.02951	0.55339	0.01343	0.00991	0.01348	0.00920	0.05108	0.00765	0.00484	0.00631	0.00155	0.11039	0.00520	0.00228	0.00576
13	0.01157	0.01106	0.01765	0.06413	0.66304	0.03882	0.03856	0.07351	0.01105	0.01536	0.00854	0.01102	0.00702	0.00413	0.00445	0.00134	0.00548	0.00399	0.00238	0.00692
14	0.00551	0.00454	0.00483	0.00476	0.00618	0.00387	0.00357	0.00684	0.01071	0.01331	0.20567	0.04104	0.65195	0.01087	0.00528	0.00149	0.00223	0.00916	0.00431	0.00387
15	0.00992	0.19904	0.50877	0.01218	0.01772	0.01212	0.10791	0.01453	0.05226	0.01364	0.00830	0.00966	0.00625	0.00420	0.00409	0.00133	0.00616	0.00344	0.00208	0.00638
16	0.00672	0.00448	0.00551	0.00525	0.00633	0.00419	0.00394	0.00877	0.01182	0.01737	0.59955	0.03026	0.07475	0.00840	0.00481	0.00133	0.00211	0.00730	0.19292	0.00419
17	0.00551	0.00405	0.00518	0.00606	0.00655	0.00373	0.00418	0.00640	0.00890	0.01161	0.02778	0.68030	0.14957	0.01352	0.00567	0.00178	0.00262	0.04875	0.00415	0.00368

[dist]
# distance from previous block
# <min> <max>
0	8

[block]
# block no. 3 follows, 58 sequences, length 30
# corresponding to MSA columns:
# 250-279
name=unknown_D
#
# <colnr> <probs for GDERKNQSTAVLIFYWHMCP>
#	G	D	E	R	K	N	Q	S	T	A	V	L	I	F	Y	W	H	M	C	P
0	0.00889	0.00840	0.01421	0.69776	0.16167	0.01005	0.01264	0.01181	0.00915	0.01196	0.00803	0.01178	0.00615	0.00439	0.00446	0.00146	0.00585	0.00398	0.00203	0.00532
1	0.00547	0.00391	0.00521	0.00621	0.00649	0.00365	0.00415	0.00629	0.00868	0.01160	0.04670	0.81731	0.02994	0.01388	0.00570	0.00181	0.00258	0.01259	0.00417	0.00365
2	0.00897	0.02314	0.81962	0.01275	0.01936	0.01039	0.01653	0.01417	0.00944	0.01417	0.00803	0.00944	0.00567	0.00425	0.00425	0.00142	0.00661	0.00331	0.00189	0.00661
3	0.01096	0.01052	0.01796	0.06007	0.78311	0.01060	0.01368	0.01364	0.01014	0.01448	0.00840	0.01111	0.00704	0.00401	0.00443	0.00134	0.00534	0.00399	0.00221	0.00700
4	0.00878	0.00813	0.01342	0.79997	0.03015	0.01009	0.01227	0.04221	0.00942	0.01208	0.00806	0.01188	0.00603	0.00451	0.00447	0.00148	0.00592	0.00398	0.00208	0.00507
5	0.00558	0.00403	0.00533	0.00624	0.00663	0.00371	0.00419	0.00640	0.00859	0.01152	0.02410	0.81204	0.02882	0.01366	0.00563	0.00178	0.00262	0.01238	0.00410	0.03267
6	0.01196	0.84548	0.02344	0.00765	0.01148	0.01770	0.00765	0.01339	0.00909	0.01052	0.00622	0.00718	0.00574	0.00383	0.00287	0.00096	0.00478	0.00239	0.00191	0.00574
7	0.02644	0.49040	0.17321	0.00899	0.01322	0.07532	0.00926	0.06765	0.01023	0.01294	0.00706	0.00809	0.00591	0.00404	0.00336	0.00107	0.00525	0.00274	0.00218	0.07264
8	0.01034	0.04452	0.37043	0.02686	0.15588	0.05432	0.01331	0.04324	0.00953	0.01361	0.00755	0.00975	0.00605	0.00513	0.00679	0.00150	0.20936	0.00356	0.00208	0.00618
9	0.00544	0.00392	0.00517	0.00616	0.00647	0.00364	0.00412	0.00624	0.00863	0.01144	0.02543	0.80981	0.05915	0.01391	0.00569	0.00181	0.00258	0.01259	0.00415	0.00364
10	0.00626	0.00471	0.00648	0.13972	0.01001	0.00491	0.00511	0.00721	0.00803	0.01062	0.01894	0.43795	0.03508	0.24777	0.03445	0.00263	0.00391	0.00925	0.00334	0.00360
11	0.00639	0.00479	0.00719	0.00719	0.00799	0.00559	0.00559	0.00799	0.00719	0.01038	0.01198	0.01757	0.01118	0.03355	0.82507	0.00719	0.01198	0.00479	0.00240	0.00399
12	0.00545	0.00389	0.00519	0.00623	0.00649	0.00363	0.00415	0.00623	0.00856	0.01142	0.02465	0.83987	0.02959	0.01401	0.00571	0.00182	0.00260	0.01272	0.00415	0.00363
13	0.00855	0.00806	0.01360	0.80062	0.06143	0.00997	0.01247	0.01152	0.00899	0.01155	0.00797	0.01189	0.00601	0.00445	0.00447	0.00148	0.00594	0.00398	0.00200	0.00505
14	0.01196	0.84548	0.02344	0.00765	0.01148	0.01770	0.00765	0.01339	0.00909	0.01052	0.00622	0.00718	0.00574	0.00383	0.00287	0.00096	0.00478	0.00239	0.00191	0.00574
15	0.01970	0.00767	0.01032	0.00793	0.01134	0.00672	0.00655	0.04360	0.01295	0.77610	0.01738	0.01513	0.01098	0.00552	0.00446	0.00137	0.00380	0.00448	0.02647	0.00753
16	0.00741	0.00640	0.02934	0.00660	0.00885	0.00495	0.00505	0.00890	0.00894	0.01304	0.01605	0.41171	0.01772	0.00852	0.00450	0.00124	0.00305	0.00755	0.00336	0.42682
17	0.01037	0.04456	0.03231	0.00737	0.01063	0.08080	0.00599	0.03429	0.01007	0.06815	0.01179	0.12768	0.02966	0.00539	0.00389	0.00099	0.00385	0.00443	0.00306	0.50472
18	0.00911	0.04162	0.77338	0.01314	0.04690	0.01057	0.01623	0.01413	0.00946	0.01410	0.00800	0.00945	0.00572	0.00423	0.00422	0.00140	0.00652	0.00331	0.00190	0.00661
19	0.00653	0.00494	0.00721	0.00713	0.00782	0.00578	0.00547	0.00795	0.00711	0.01023	0.01196	0.01845	0.01149	0.11410	0.71256	0.00670	0.04334	0.00493	0.00241	0.00390
20	0.01619	0.01175	0.01256	0.00972	0.01306	0.01296	0.00800	0.72611	0.01994	0.02711	0.01110	0.01130	0.00797	0.00536	0.00435	0.00131	0.00466	0.00404	0.08523	0.00729
21	0.01084	0.01025	0.05864	0.00929	0.01200	0.01085	0.00765	0.02263	0.72781	0.01823	0.01781	0.01757	0.01365	0.00621	0.00460	0.00153	0.00375	0.03538	0.00437	0.00694
22	0.00643	0.00436	0.00489	0.00488	0.00500	0.00430	0.00280	0.00656	0.00692	0.00916	0.04056	0.03023	0.06493	0.76716	0.02118	0.00408	0.00414	0.00673	0.00287	0.00282
23	0.01093	0.26693	0.01409	0.00734	0.01122	0.01043	0.00637	0.09664	0.01048	0.01479	0.00772	0.00878	0.00646	0.00369	0.00330	0.00083	0.00394	0.00272	0.00262	0.51071
24	0.00704	0.00591	0.04726	0.00622	0.00725	0.00511	0.00459	0.04850	0.01943	0.01217	0.07626	0.24625	0.06604	0.34291	0.01221	0.00268	0.00366	0.03403	0.00346	0.04903
25	0.01342	0.59225	0.02013	0.00884	0.01220	0.26570	0.00796	0.01477	0.01019	0.01065	0.00643	0.00745	0.00575	0.00407	0.00323	0.00102	0.00579	0.00254	0.00203	0.00557
26	0.00710	0.00506	0.00700	0.00797	0.00891	0.00505	0.00683	0.00900	0.01001	0.01304	0.02314	0.07669	0.02531	0.06231	0.00716	0.00219	0.00408	0.71112	0.00404	0.00402
27	0.00934	0.12673	0.62524	0.01226	0.01816	0.01115	0.07584	0.01379	0.00951	0.01363	0.00928	0.01063	0.03623	0.00443	0.00419	0.00137	0.00629	0.00357	0.00201	0.00635
28	0.01095	0.00759	0.00934	0.00711	0.01056	0.00615	0.01805	0.01329	0.04098	0.16188	0.04565	0.02644	0.03652	0.00489	0.00391	0.00098	0.00342	0.03806	0.00348	0.55076
29	0.00888	0.04117	0.75220	0.01220	0.01842	0.01019	0.01558	0.01380	0.00963	0.01431	0.05632	0.01083	0.00786	0.00453	0.00428	0.00141	0.00630	0.00357	0.00207	0.00645

[dist]
# distance from previous block
# <min> <max>
4	6

[block]
# block no. 4 follows, 58 sequences, length 29
# corresponding to MSA columns:
# 286-303,306-316
name=unknown_E
#
# <colnr> <probs for GDERKNQSTAVLIFYWHMCP>
#	G	D	E	R	K	N	Q	S	T	A	V	L	I	F	Y	W	H	M	C	P
0	0.01051	0.00918	0.06404	0.00791	0.02745	0.00697	0.01672	0.07310	0.01043	0.07437	0.02018	0.02075	0.00807	0.03404	0.00435	0.00100	0.00380	0.00333	0.00299	0.60081
1	0.00620	0.00457	0.00579	0.00548	0.00660	0.00416	0.00411	0.00818	0.01234	0.01718	0.71264	0.03467	0.14257	0.00943	0.00528	0.00142	0.00213	0.00827	0.00482	0.00416
2	0.00937	0.00797	0.00948	0.04703	0.01155	0.00635	0.00572	0.03878	0.00965	0.01479	0.00865	0.03926	0.00745	0.00383	0.00350	0.00077	0.00347	0.00312	0.00274	0.76654
3	0.00595	0.00452	0.00547	0.00531	0.00647	0.00405	0.00395	0.00768	0.01166	0.01572	0.52508	0.07909	0.28856	0.01010	0.00530	0.00146	0.00219	0.00877	0.00464	0.00405
4	0.01642	0.02085	0.01270	0.04033	0.01442	0.79623	0.00878	0.01764	0.01255	0.01096	0.00695	0.00820	0.00577	0.00460	0.00405	0.00116	0.00799	0.00292	0.00229	0.00518
5	0.01076	0.24664	0.19343	0.01057	0.07776	0.03884	0.00957	0.02504	0.14572	0.01411	0.00927	0.01011	0.00739	0.00426	0.00374	0.00114	0.00483	0.00327	0.00258	0.18098
6	0.00671	0.00583	0.02723	0.00623	0.00778	0.00533	0.00496	0.01001	0.13712	0.01426	0.16613	0.11788	0.36891	0.01032	0.00528	0.00158	0.00279	0.09289	0.00429	0.00447
7	0.01044	0.01016	0.01796	0.04810	0.59732	0.01007	0.12469	0.01318	0.01032	0.01453	0.04716	0.01420	0.03196	0.00463	0.00466	0.00139	0.00539	0.02483	0.00244	0.00657
8	0.00622	0.00457	0.00582	0.00551	0.00661	0.00417	0.00413	0.00823	0.01240	0.01731	0.73071	0.03444	0.12441	0.00938	0.00528	0.00142	0.00213	0.00823	0.00484	0.00417
9	0.00968	0.00906	0.02374	0.04272	0.28240	0.00837	0.06217	0.01314	0.09195	0.01497	0.06679	0.01462	0.05850	0.00479	0.00425	0.00117	0.00428	0.00436	0.00289	0.28016
10	0.00551	0.00396	0.00524	0.00623	0.00657	0.00369	0.00423	0.00634	0.00869	0.01152	0.02546	0.77964	0.06125	0.01385	0.00571	0.00181	0.00264	0.03987	0.00415	0.00366
11	0.01218	0.01298	0.01632	0.10649	0.53743	0.21041	0.01235	0.01451	0.01067	0.01339	0.00800	0.01042	0.00664	0.00419	0.00434	0.00130	0.00606	0.00371	0.00221	0.00640
12	0.02460	0.03401	0.00966	0.00684	0.01056	0.00674	0.00549	0.03984	0.03577	0.01502	0.00908	0.04787	0.00789	0.00400	0.00348	0.00079	0.00339	0.00323	0.00283	0.72891
13	0.00868	0.00809	0.01349	0.44140	0.10522	0.00885	0.08761	0.01147	0.02400	0.01251	0.01061	0.09851	0.00960	0.02181	0.00496	0.00150	0.00529	0.02825	0.00246	0.09571
14	0.00939	0.00812	0.00984	0.00796	0.06194	0.00626	0.00584	0.01142	0.00933	0.01458	0.00798	0.00939	0.00665	0.00336	0.00338	0.00071	0.00344	0.00274	0.00262	0.81504
15	0.00777	0.00389	0.00583	0.00583	0.00583	0.00389	0.00389	0.00583	0.00583	0.00777	0.00777	0.01360	0.00777	0.01554	0.01748	0.86985	0.00389	0.00389	0.00194	0.00194
16	0.00729	0.00541	0.00685	0.04973	0.00873	0.00559	0.00517	0.08748	0.03789	0.01408	0.10147	0.47333	0.04801	0.03947	0.04404	0.00200	0.01509	0.00956	0.03452	0.00431
17	0.08222	0.04099	0.47310	0.01251	0.06447	0.00986	0.07588	0.01457	0.00990	0.10549	0.02547	0.01252	0.00803	0.00479	0.00432	0.00143	0.00577	0.03972	0.00259	0.00637
18	0.00927	0.00879	0.01491	0.57840	0.27798	0.01016	0.01283	0.01215	0.00934	0.01243	0.00810	0.01166	0.00632	0.00432	0.00446	0.00144	0.00576	0.00398	0.00206	0.00564
19	0.00771	0.00392	0.00588	0.00588	0.00592	0.00395	0.00395	0.00592	0.00588	0.00788	0.00794	0.01376	0.00791	0.01627	0.05026	0.83484	0.00421	0.00392	0.00196	0.00203
20	0.00897	0.02314	0.81962	0.01275	0.01936	0.01039	0.01653	0.01417	0.00944	0.01417	0.00803	0.00944	0.00567	0.00425	0.00425	0.00142	0.00661	0.00331	0.00189	0.00661
21	0.00840	0.00794	0.01352	0.71883	0.04933	0.00959	0.04613	0.01126	0.00907	0.01166	0.00971	0.04724	0.02877	0.00501	0.00458	0.00150	0.00577	0.00454	0.00215	0.00498
22	0.01043	0.01039	0.04473	0.04613	0.22762	0.00998	0.31055	0.01389	0.05798	0.04664	0.01086	0.01536	0.00908	0.00663	0.04484	0.02451	0.03574	0.06599	0.00263	0.00602
23	0.07229	0.17758	0.19156	0.01079	0.01445	0.37396	0.03728	0.01547	0.01068	0.01241	0.00707	0.00834	0.00573	0.00433	0.00395	0.00120	0.01886	0.00294	0.00217	0.02892
24	0.00579	0.00412	0.00551	0.00646	0.00683	0.00394	0.00454	0.00673	0.00866	0.01152	0.02359	0.65747	0.02781	0.06413	0.02542	0.00213	0.00314	0.12454	0.00402	0.00366
25	0.01085	0.01149	0.07418	0.08991	0.54680	0.02850	0.09835	0.02350	0.01028	0.02569	0.00900	0.02213	0.00748	0.00434	0.00455	0.00138	0.00568	0.01695	0.00231	0.00665
26	0.87439	0.00865	0.00657	0.00588	0.00865	0.01003	0.00484	0.01315	0.00761	0.02007	0.00623	0.00727	0.00484	0.00415	0.00277	0.00138	0.00346	0.00242	0.00277	0.00484
27	0.00612	0.00457	0.00546	0.00528	0.00651	0.00406	0.00394	0.00778	0.01149	0.02950	0.45933	0.08065	0.33866	0.01019	0.00529	0.00147	0.00223	0.00880	0.00460	0.00408
28	0.01183	0.06976	0.11926	0.03738	0.07322	0.02981	0.11796	0.09436	0.06465	0.14303	0.12479	0.01688	0.06574	0.00573	0.00460	0.00139	0.00480	0.00502	0.00357	0.00619

[dist]
# distance from previous block
# <min> <max>
3	7

[block]
# block no. 5 follows, 58 sequences, length 6
# corresponding to MSA columns:
# 324-329
name=unknown_F
#
# <colnr> <probs for GDERKNQSTAVLIFYWHMCP>
#	G	D	E	R	K	N	Q	S	T	A	V	L	I	F	Y	W	H	M	C	P
0	0.00658	0.00673	0.09288	0.00674	0.00815	0.00525	0.00551	0.00911	0.08575	0.01305	0.12651	0.36853	0.13380	0.10169	0.00719	0.00192	0.00320	0.00924	0.00389	0.00428
1	0.01275	0.01189	0.03550	0.01296	0.17388	0.12398	0.00882	0.16836	0.17678	0.04071	0.01099	0.01178	0.00852	0.00585	0.03582	0.00147	0.00518	0.00387	0.00331	0.14760
2	0.08653	0.13903	0.27915	0.12029	0.05707	0.03081	0.06136	0.01448	0.05270	0.06563	0.02689	0.01077	0.00740	0.00455	0.00432	0.00137	0.02550	0.00362	0.00248	0.00606
3	0.01080	0.01075	0.01624	0.14708	0.49607	0.07858	0.05375	0.01387	0.05322	0.01384	0.00970	0.05819	0.00841	0.00478	0.00453	0.00139	0.00551	0.00451	0.00243	0.00635
4	0.00888	0.05255	0.03338	0.32735	0.08399	0.06471	0.03242	0.01090	0.00899	0.01146	0.01193	0.07736	0.03586	0.12952	0.00778	0.00192	0.04586	0.04789	0.00248	0.00475
5	0.00881	0.00811	0.03167	0.24146	0.16401	0.03563	0.05277	0.01091	0.00925	0.03581	0.01396	0.09023	0.06578	0.05181	0.08553	0.03131	0.00573	0.04953	0.00269	0.00499

[dist]
# distance from previous block
# <min> <max>
0	1

[block]
# block no. 6 follows, 58 sequences, length 44
# corresponding to MSA columns:
# 331-374
name=unknown_G
#
# <colnr> <probs for GDERKNQSTAVLIFYWHMCP>
#	G	D	E	R	K	N	Q	S	T	A	V	L	I	F	Y	W	H	M	C	P
0	0.04959	0.00963	0.01547	0.31052	0.30533	0.02378	0.08289	0.04504	0.04471	0.02479	0.00942	0.04213	0.00772	0.00470	0.00449	0.00143	0.00550	0.00439	0.00247	0.00600
1	0.03068	0.00759	0.01061	0.12554	0.05733	0.00724	0.00750	0.03682	0.02196	0.52436	0.01735	0.06531	0.05511	0.00611	0.00458	0.00143	0.00405	0.00512	0.00461	0.00671
2	0.01249	0.02560	0.20653	0.01562	0.28473	0.03525	0.01126	0.01556	0.02993	0.21109	0.01299	0.03115	0.04517	0.00516	0.00444	0.00137	0.00503	0.01710	0.00318	0.02636
3	0.01110	0.04030	0.22502	0.04166	0.08325	0.02694	0.05387	0.01387	0.01036	0.18508	0.04092	0.08927	0.06308	0.00717	0.03102	0.00162	0.00510	0.03397	0.00330	0.03312
4	0.03649	0.00707	0.02864	0.13413	0.01222	0.00772	0.00708	0.04620	0.02394	0.06276	0.16042	0.21693	0.01941	0.05856	0.00780	0.00179	0.15367	0.00697	0.00349	0.00471
5	0.01442	0.02808	0.15338	0.03189	0.14813	0.03540	0.06517	0.02847	0.02270	0.35552	0.05273	0.02260	0.01051	0.00512	0.00450	0.00138	0.00493	0.00442	0.00378	0.00684
6	0.01181	0.05317	0.05313	0.01880	0.41349	0.01157	0.01117	0.04308	0.29956	0.01686	0.01251	0.01364	0.00992	0.00519	0.00465	0.00149	0.00489	0.00446	0.00331	0.00730
7	0.00937	0.00803	0.00932	0.00675	0.01065	0.00622	0.00539	0.01189	0.04927	0.01478	0.00847	0.00965	0.00698	0.00345	0.00337	0.00071	0.00332	0.00277	0.00275	0.82686
8	0.00791	0.00419	0.00607	0.00602	0.00616	0.00428	0.00408	0.00677	0.04602	0.00837	0.00837	0.01382	0.00813	0.01539	0.03141	0.81073	0.00401	0.00396	0.00208	0.00224
9	0.00977	0.04746	0.67686	0.01299	0.05560	0.03691	0.01525	0.05355	0.01021	0.01474	0.02186	0.00988	0.00646	0.00438	0.00424	0.00139	0.00638	0.00341	0.00210	0.00657
10	0.01067	0.01208	0.11472	0.06298	0.64277	0.01060	0.05337	0.01370	0.01006	0.01440	0.00838	0.01097	0.00685	0.00403	0.00445	0.00136	0.00561	0.00397	0.00217	0.00688
11	0.00643	0.00476	0.00696	0.00699	0.00771	0.00545	0.00535	0.00788	0.00722	0.01031	0.01256	0.01979	0.01215	0.11453	0.71841	0.00674	0.01096	0.02945	0.00248	0.00387
12	0.01196	0.84548	0.02344	0.00765	0.01148	0.01770	0.00765	0.01339	0.00909	0.01052	0.00622	0.00718	0.00574	0.00383	0.00287	0.00096	0.00478	0.00239	0.00191	0.00574
13	0.00553	0.00395	0.00529	0.00632	0.00662	0.00370	0.00430	0.00637	0.00865	0.01151	0.02461	0.80280	0.02941	0.01394	0.00573	0.00183	0.00267	0.04897	0.00415	0.00366
14	0.00714	0.00510	0.00712	0.00813	0.00913	0.00508	0.00706	0.00915	0.01028	0.01340	0.03759	0.07605	0.02616	0.01235	0.00615	0.00204	0.00403	0.74580	0.00413	0.00410
15	0.01111	0.04963	0.01840	0.02653	0.77736	0.01096	0.01344	0.01371	0.01013	0.01442	0.00831	0.01089	0.00702	0.00398	0.00436	0.00131	0.00529	0.00391	0.00220	0.00702
16	0.00946	0.05190	0.20335	0.01345	0.03142	0.00994	0.32411	0.01335	0.05614	0.02554	0.01525	0.01815	0.12247	0.00576	0.00522	0.00150	0.03253	0.05196	0.00271	0.00578
17	0.00639	0.00479	0.00719	0.00719	0.00799	0.00559	0.00559	0.00799	0.00719	0.01038	0.01198	0.01757	0.01118	0.03355	0.82507	0.00719	0.01198	0.00479	0.00240	0.00399
18	0.00853	0.00766	0.01244	0.67599	0.02688	0.00932	0.01148	0.03695	0.00955	0.01229	0.01051	0.01793	0.00912	0.00574	0.00474	0.00158	0.00564	0.12633	0.00240	0.00492
19	0.02723	0.04057	0.21621	0.12729	0.24129	0.03582	0.04706	0.11905	0.01143	0.06593	0.00925	0.02270	0.00709	0.00455	0.00436	0.00138	0.00567	0.00392	0.00265	0.00654
20	0.01161	0.00985	0.01038	0.00920	0.01181	0.01135	0.00720	0.08702	0.74278	0.01948	0.01760	0.01620	0.01316	0.00601	0.00455	0.00150	0.00365	0.00497	0.00455	0.00712
21	0.00558	0.00477	0.00482	0.00476	0.00631	0.00413	0.00358	0.00726	0.04745	0.01249	0.05696	0.04166	0.76276	0.01105	0.00525	0.00151	0.00232	0.00921	0.00419	0.00394
22	0.00925	0.00786	0.00916	0.00657	0.01048	0.00592	0.00525	0.01124	0.00928	0.01462	0.00810	0.00945	0.00674	0.00336	0.00331	0.00067	0.00328	0.00269	0.02259	0.85018
23	0.00944	0.02863	0.55609	0.01184	0.03103	0.02053	0.05799	0.01362	0.01002	0.06275	0.05234	0.01530	0.06717	0.00540	0.00451	0.00144	0.00582	0.03734	0.00255	0.00619
24	0.00903	0.04042	0.80288	0.01264	0.01920	0.01054	0.01634	0.01415	0.00944	0.01409	0.00799	0.00940	0.00567	0.00424	0.00422	0.00141	0.00657	0.00329	0.00189	0.00659
25	0.00961	0.19164	0.62858	0.01167	0.01748	0.01200	0.01447	0.01389	0.00928	0.01330	0.00758	0.00899	0.00569	0.00428	0.00432	0.00134	0.03445	0.00314	0.00190	0.00637
26	0.01056	0.01207	0.02640	0.01885	0.02338	0.01131	0.79864	0.01433	0.01056	0.01433	0.00905	0.01207	0.00679	0.00377	0.00528	0.00151	0.00754	0.00528	0.00226	0.00603
27	0.01175	0.01171	0.02945	0.01593	0.26310	0.14375	0.09176	0.09663	0.07094	0.02863	0.06035	0.03005	0.03654	0.00689	0.04597	0.00168	0.02221	0.02354	0.00301	0.00610
28	0.01000	0.10679	0.59632	0.01267	0.04735	0.02974	0.05384	0.01433	0.00978	0.04614	0.02773	0.01018	0.00689	0.00435	0.00419	0.00136	0.00623	0.00349	0.00215	0.00646
29	0.00532	0.00453	0.00457	0.00456	0.00606	0.00379	0.00342	0.00648	0.01027	0.01226	0.06812	0.04276	0.79016	0.01126	0.00529	0.00151	0.00226	0.00940	0.00418	0.00379
30	0.00663	0.00436	0.00535	0.00535	0.00548	0.00448	0.00330	0.00666	0.00654	0.00884	0.01305	0.02568	0.01451	0.62267	0.14875	0.10152	0.00549	0.00594	0.00258	0.00283
31	0.05558	0.02567	0.03043	0.00918	0.01251	0.04233	0.00765	0.38921	0.04749	0.27401	0.01336	0.05076	0.00969	0.00572	0.00442	0.00137	0.00450	0.00446	0.00453	0.00713
32	0.02516	0.07831	0.75092	0.01228	0.01863	0.01088	0.01571	0.01410	0.00939	0.01403	0.00787	0.00925	0.00566	0.00422	0.00413	0.00139	0.00643	0.00323	0.00191	0.00652
33	0.00598	0.00449	0.00554	0.00541	0.00650	0.00405	0.00401	0.00771	0.01163	0.01581	0.54032	0.11732	0.23445	0.01019	0.00532	0.00147	0.00220	0.00890	0.00465	0.00405
34	0.00848	0.00918	0.07899	0.01067	0.01266	0.04384	0.17281	0.01069	0.00835	0.01183	0.01019	0.01467	0.00905	0.04870	0.37191	0.00416	0.12176	0.00460	0.04269	0.00477
35	0.01436	0.01364	0.10238	0.01058	0.02766	0.10673	0.00904	0.36357	0.22328	0.04854	0.01238	0.01273	0.00920	0.00545	0.00445	0.00139	0.00507	0.01860	0.00394	0.00700
36	0.01068	0.06437	0.25089	0.07464	0.16223	0.02604	0.22491	0.07224	0.01063	0.01473	0.00835	0.01057	0.00640	0.00430	0.00493	0.00142	0.04004	0.00402	0.00226	0.00635
37	0.00551	0.00396	0.00524	0.00624	0.00658	0.00369	0.00424	0.00635	0.00868	0.01151	0.02532	0.78358	0.05614	0.01386	0.00571	0.00182	0.00264	0.04111	0.00415	0.00366
38	0.01082	0.01099	0.01547	0.07210	0.12244	0.08189	0.09348	0.02333	0.00864	0.02639	0.00706	0.01031	0.00625	0.00630	0.01036	0.00171	0.48088	0.00400	0.00215	0.00542
39	0.01123	0.03937	0.12989	0.03102	0.11845	0.03126	0.36934	0.06055	0.06392	0.04784	0.01050	0.01236	0.02590	0.00448	0.00498	0.00144	0.02388	0.00462	0.00264	0.00634
40	0.00628	0.00482	0.00665	0.00701	0.00780	0.00461	0.04094	0.02329	0.03654	0.01262	0.05682	0.59812	0.08478	0.01257	0.00562	0.00177	0.00299	0.07866	0.00411	0.00402
41	0.02749	0.13364	0.51895	0.03653	0.02953	0.04175	0.06712	0.06892	0.01036	0.01458	0.00796	0.00940	0.00590	0.00425	0.00412	0.00135	0.00626	0.00336	0.00214	0.00639
42	0.00797	0.03661	0.00772	0.00677	0.00828	0.00579	0.03086	0.07855	0.02356	0.05930	0.16622	0.28709	0.21140	0.01038	0.00524	0.00157	0.00302	0.04083	0.00426	0.00457
43	0.01290	0.02093	0.07167	0.02681	0.07813	0.02968	0.12829	0.13399	0.21487	0.13079	0.02417	0.01359	0.00979	0.00540	0.00539	0.00147	0.06961	0.01217	0.00363	0.00671

[dist]
# distance from previous block
# <min> <max>
1	3

[block]
# block no. 7 follows, 58 sequences, length 11
# corresponding to MSA columns:
# 378-380,382-389
name=unknown_H
#
# <colnr> <probs for GDERKNQSTAVLIFYWHMCP>
#	G	D	E	R	K	N	Q	S	T	A	V	L	I	F	Y	W	H	M	C	P
0	0.00945	0.00917	0.01399	0.22767	0.38769	0.04930	0.02630	0.01179	0.00990	0.01303	0.01475	0.06840	0.12799	0.00586	0.00465	0.00142	0.00503	0.00532	0.00257	0.00572
1	0.00834	0.00789	0.04291	0.00882	0.01048	0.06453	0.07512	0.04664	0.06895	0.01369	0.03071	0.26266	0.06820	0.03266	0.00592	0.00180	0.00423	0.23803	0.00377	0.00465
2	0.01161	0.01007	0.01597	0.08221	0.56960	0.01036	0.01199	0.06065	0.07645	0.06276	0.01006	0.01243	0.00812	0.03237	0.00506	0.00146	0.00507	0.00419	0.00274	0.00685
3	0.00958	0.00835	0.01355	0.61286	0.10511	0.01003	0.01176	0.03930	0.00951	0.05217	0.00859	0.01203	0.00655	0.00563	0.03175	0.00167	0.04986	0.00403	0.00228	0.00536
4	0.01136	0.01045	0.01750	0.04123	0.66683	0.01050	0.04994	0.03867	0.03815	0.04123	0.00987	0.01208	0.02312	0.00429	0.00449	0.00135	0.00525	0.00421	0.00251	0.00696
5	0.00924	0.07032	0.01394	0.61187	0.07316	0.06184	0.01141	0.01187	0.00914	0.01145	0.00808	0.01169	0.00638	0.00651	0.06388	0.00183	0.00641	0.00385	0.00205	0.00509
6	0.02429	0.00906	0.02145	0.00878	0.02905	0.02785	0.00688	0.18855	0.27190	0.03786	0.09776	0.05658	0.08175	0.00725	0.00475	0.00147	0.00379	0.07086	0.00425	0.04587
7	0.00660	0.00478	0.00608	0.00688	0.06505	0.00469	0.00403	0.00724	0.00796	0.01075	0.10232	0.15378	0.05970	0.49764	0.04095	0.00336	0.00404	0.00754	0.00320	0.00343
