[name]
unknown

[dist]
# distance from previous block
# <min> <max>
0	143

[block]
# block no. 0 follows, 53 sequences, length 16
# corresponding to MSA columns:
# 169-184
name=unknown_A
#
# <colnr> <probs for GDERKNQSTAVLIFYWHMCP>
#	G	D	E	R	K	N	Q	S	T	A	V	L	I	F	Y	W	H	M	C	P
0	0.06136	0.14445	0.07634	0.00978	0.01285	0.17451	0.02211	0.09552	0.03603	0.08221	0.02949	0.06238	0.02268	0.00686	0.00464	0.00147	0.00545	0.11617	0.01401	0.02168
1	0.03058	0.07065	0.32563	0.01146	0.01623	0.14862	0.02534	0.06343	0.11863	0.03085	0.01007	0.01092	0.00760	0.00481	0.00434	0.00135	0.00612	0.00365	0.00285	0.10686
2	0.04657	0.16495	0.19717	0.01123	0.01527	0.01107	0.14618	0.04250	0.04345	0.05923	0.08609	0.09442	0.02379	0.00626	0.00471	0.00147	0.00534	0.01464	0.00318	0.02248
3	0.03320	0.22694	0.37872	0.01106	0.01621	0.06194	0.03055	0.01582	0.01074	0.11545	0.02445	0.01181	0.03345	0.00495	0.00423	0.00137	0.00598	0.00375	0.00272	0.00667
4	0.03803	0.00709	0.00937	0.00949	0.11072	0.00630	0.00636	0.01231	0.01204	0.12218	0.33710	0.02421	0.08278	0.00717	0.00486	0.00132	0.00328	0.00620	0.00430	0.19488
5	0.03036	0.07909	0.14826	0.01479	0.16111	0.11501	0.04417	0.03974	0.17613	0.01587	0.03860	0.01273	0.00966	0.00549	0.00568	0.00150	0.08787	0.00427	0.00298	0.00669
6	0.01555	0.22118	0.01615	0.01040	0.01372	0.22730	0.00861	0.24577	0.16204	0.01859	0.01068	0.01096	0.00832	0.00525	0.00424	0.00131	0.00584	0.00375	0.00349	0.00684
7	0.00609	0.00439	0.00580	0.00667	0.00718	0.00410	0.00467	0.00722	0.00993	0.01329	0.12636	0.63300	0.06509	0.01405	0.00606	0.00189	0.00282	0.07285	0.00454	0.00401
8	0.01081	0.26017	0.40177	0.01292	0.07904	0.01363	0.01344	0.01436	0.00974	0.01366	0.00779	0.00955	0.00626	0.00476	0.00527	0.00139	0.09303	0.00335	0.00209	0.03698
9	0.01264	0.15962	0.39477	0.01137	0.01651	0.07567	0.01257	0.01781	0.12188	0.11625	0.01101	0.01145	0.00803	0.00495	0.00435	0.00142	0.00600	0.00376	0.00296	0.00699
10	0.02033	0.11417	0.01288	0.00846	0.01221	0.00855	0.00717	0.02214	0.01317	0.70366	0.01729	0.01517	0.01110	0.00568	0.00458	0.00142	0.00420	0.00452	0.00542	0.00788
11	0.00954	0.00905	0.01529	0.41247	0.21405	0.01034	0.05822	0.01222	0.00975	0.01316	0.01080	0.11702	0.00994	0.00620	0.00585	0.00164	0.07068	0.00553	0.00249	0.00574
12	0.01131	0.00903	0.01273	0.13719	0.24020	0.03261	0.00964	0.10763	0.02315	0.07496	0.11463	0.15934	0.01696	0.00731	0.00507	0.00155	0.00466	0.00649	0.01936	0.00618
13	0.00724	0.00549	0.00673	0.00687	0.00812	0.00531	0.00532	0.03083	0.06702	0.01604	0.27636	0.18063	0.18658	0.01152	0.00584	0.00175	0.00301	0.16600	0.00473	0.00460
14	0.00635	0.00488	0.00530	0.00532	0.00679	0.00417	0.00394	0.00763	0.01102	0.04240	0.11406	0.14436	0.60293	0.01203	0.00567	0.00164	0.00251	0.01021	0.00457	0.00421
15	0.03298	0.01422	0.20005	0.28108	0.11124	0.10233	0.01267	0.01603	0.01101	0.15803	0.01029	0.01207	0.00738	0.00488	0.00463	0.00149	0.00623	0.00401	0.00288	0.00652

[dist]
# distance from previous block
# <min> <max>
0	4

[block]
# block no. 1 follows, 53 sequences, length 20
# corresponding to MSA columns:
# 189-206,219,220
name=unknown_B
#
# <colnr> <probs for GDERKNQSTAVLIFYWHMCP>
#	G	D	E	R	K	N	Q	S	T	A	V	L	I	F	Y	W	H	M	C	P
0	0.01026	0.00967	0.01637	0.37225	0.41132	0.01066	0.01345	0.01317	0.01008	0.01381	0.00904	0.01272	0.00736	0.00671	0.06178	0.00194	0.00648	0.00431	0.00227	0.00635
1	0.00907	0.00741	0.01141	0.00958	0.01131	0.00794	0.14733	0.02414	0.06734	0.01589	0.13444	0.07653	0.01711	0.01093	0.11090	0.00233	0.10359	0.00608	0.22152	0.00514
2	0.06967	0.00875	0.01418	0.70679	0.08600	0.01068	0.01280	0.01252	0.00955	0.01311	0.00840	0.01233	0.00637	0.00472	0.00465	0.00157	0.00613	0.00413	0.00220	0.00546
3	0.01380	0.00847	0.00952	0.00839	0.01059	0.09316	0.01967	0.02819	0.03857	0.30415	0.07480	0.08206	0.05108	0.09287	0.04964	0.00223	0.00490	0.09749	0.00455	0.00589
4	0.01090	0.01228	0.02660	0.01919	0.02371	0.01151	0.72980	0.01470	0.01113	0.01509	0.01085	0.07046	0.00897	0.00480	0.00567	0.00163	0.00769	0.00620	0.00256	0.00627
5	0.01972	0.00939	0.01169	0.00913	0.01273	0.00909	0.00748	0.17089	0.10469	0.56581	0.01750	0.01552	0.01143	0.00595	0.00481	0.00149	0.00426	0.00478	0.00558	0.00807
6	0.00998	0.01456	0.24715	0.01398	0.01714	0.01211	0.17983	0.01300	0.00909	0.01340	0.00898	0.05139	0.00794	0.00799	0.04891	0.00209	0.32946	0.00482	0.00228	0.00591
7	0.01115	0.01252	0.02612	0.01898	0.02307	0.01248	0.66592	0.01473	0.01067	0.01473	0.00915	0.01252	0.00710	0.00470	0.00718	0.00169	0.13326	0.00542	0.00237	0.00626
8	0.00615	0.00469	0.00572	0.00635	0.00731	0.00426	0.00474	0.00744	0.01034	0.01319	0.07219	0.36060	0.31476	0.01334	0.00600	0.00185	0.00291	0.14963	0.00447	0.00406
9	0.00758	0.00492	0.00667	0.00749	0.00833	0.00467	0.00574	0.00897	0.01016	0.06941	0.02595	0.48360	0.04632	0.01365	0.00617	0.00199	0.00342	0.27604	0.00453	0.00437
10	0.01615	0.02287	0.01273	0.01241	0.13364	0.10099	0.00860	0.05696	0.14239	0.32573	0.01691	0.01626	0.06134	0.00612	0.00529	0.00149	0.04360	0.00488	0.00441	0.00723
11	0.00823	0.00423	0.00625	0.00625	0.00636	0.00430	0.00424	0.00662	0.00651	0.00895	0.00897	0.01499	0.00875	0.01745	0.07449	0.75944	0.00468	0.00423	0.04273	0.00234
12	0.00961	0.00909	0.01538	0.65703	0.19190	0.01077	0.01356	0.01272	0.00983	0.01292	0.00860	0.01255	0.00662	0.00467	0.00477	0.00156	0.00623	0.00425	0.00217	0.00578
13	0.00989	0.00938	0.01589	0.57711	0.26961	0.01085	0.01370	0.01297	0.00997	0.01326	0.00865	0.01246	0.00674	0.00462	0.00476	0.00154	0.00616	0.00425	0.00220	0.00601
14	0.01728	0.00861	0.01164	0.16025	0.01611	0.00863	0.00830	0.02163	0.16352	0.50581	0.01704	0.01591	0.01135	0.00581	0.00481	0.00153	0.00444	0.00482	0.00501	0.00750
15	0.00735	0.00590	0.00839	0.00824	0.00883	0.00700	0.00639	0.00878	0.00841	0.01200	0.06697	0.16788	0.01764	0.05139	0.40177	0.00484	0.15651	0.04427	0.00310	0.00435
16	0.03636	0.01096	0.01636	0.15470	0.44530	0.04504	0.01240	0.06837	0.01192	0.13687	0.01046	0.01239	0.00794	0.00473	0.00469	0.00145	0.00559	0.00425	0.00305	0.00717
17	0.00927	0.00648	0.00839	0.00836	0.00991	0.00655	0.02726	0.02639	0.15583	0.08615	0.02466	0.29222	0.06916	0.01143	0.00584	0.00188	0.00373	0.23663	0.00459	0.00525
18	0.01128	0.01289	0.02820	0.02015	0.02498	0.01209	0.78485	0.01531	0.01128	0.01531	0.00967	0.01289	0.00725	0.00403	0.00564	0.00161	0.00806	0.00564	0.00242	0.00645
19	0.00987	0.11596	0.48362	0.04656	0.01817	0.01117	0.06024	0.04020	0.01098	0.01553	0.11060	0.01433	0.03172	0.00537	0.00462	0.00146	0.00607	0.00442	0.00262	0.00647

[dist]
# distance from previous block
# <min> <max>
0	4

[block]
# block no. 2 follows, 53 sequences, length 48
# corresponding to MSA columns:
# 225-272
name=unknown_C
#
# <colnr> <probs for GDERKNQSTAVLIFYWHMCP>
#	G	D	E	R	K	N	Q	S	T	A	V	L	I	F	Y	W	H	M	C	P
0	0.01040	0.19550	0.35335	0.01255	0.01755	0.01209	0.16165	0.03220	0.01057	0.01467	0.03712	0.07499	0.00987	0.00539	0.00456	0.00144	0.00614	0.00473	0.02887	0.00635
1	0.00848	0.00814	0.01308	0.01116	0.01296	0.05434	0.23365	0.01036	0.01011	0.01325	0.04290	0.40220	0.02159	0.05352	0.00714	0.00195	0.03094	0.05586	0.00360	0.00477
2	0.00859	0.00773	0.01000	0.00861	0.01018	0.06167	0.08375	0.02096	0.01212	0.02701	0.40717	0.05387	0.14839	0.00910	0.00679	0.00160	0.10567	0.00767	0.00424	0.00487
3	0.03557	0.00824	0.01018	0.00854	0.01103	0.00851	0.00684	0.13278	0.07120	0.31080	0.01843	0.06596	0.07363	0.03711	0.11030	0.00246	0.06093	0.00571	0.01523	0.00654
4	0.00921	0.00861	0.01411	0.76833	0.03160	0.01070	0.01291	0.01306	0.06004	0.01271	0.00920	0.01307	0.00690	0.00489	0.00478	0.00159	0.00620	0.00432	0.00230	0.00545
5	0.00623	0.00509	0.03130	0.00677	0.00752	0.00450	0.00497	0.00752	0.00963	0.01306	0.13215	0.51733	0.07384	0.04346	0.11046	0.00268	0.00417	0.01107	0.00418	0.00410
6	0.06735	0.01315	0.01997	0.01521	0.01898	0.12329	0.42000	0.02735	0.17917	0.01649	0.01151	0.01320	0.00874	0.00479	0.00502	0.00153	0.00668	0.00497	0.03619	0.00642
7	0.01016	0.01004	0.01818	0.35705	0.24455	0.01087	0.17551	0.01326	0.01033	0.01400	0.03212	0.03898	0.00880	0.00505	0.00534	0.00157	0.03071	0.00496	0.00242	0.00611
8	0.00947	0.05480	0.72532	0.01296	0.01947	0.01094	0.01644	0.01456	0.01002	0.01480	0.00965	0.06272	0.00770	0.00520	0.00458	0.00152	0.00671	0.00414	0.00217	0.00682
9	0.01128	0.01080	0.01842	0.18305	0.65276	0.01121	0.01440	0.01419	0.01063	0.01495	0.00889	0.01201	0.00734	0.00436	0.00474	0.00145	0.00581	0.00426	0.00232	0.00713
10	0.01839	0.01017	0.01144	0.00915	0.01249	0.05807	0.00742	0.18343	0.12126	0.43380	0.01646	0.01511	0.01111	0.00587	0.00468	0.00145	0.00443	0.00465	0.06295	0.00765
11	0.01104	0.30398	0.48745	0.01161	0.01736	0.01403	0.01388	0.04465	0.01037	0.01429	0.00797	0.00932	0.00617	0.00452	0.00430	0.00135	0.02558	0.00324	0.00214	0.00674
12	0.01125	0.01314	0.04449	0.02001	0.02489	0.01207	0.76881	0.01531	0.01126	0.01531	0.00965	0.01283	0.00723	0.00404	0.00562	0.00161	0.00804	0.00560	0.00241	0.00646
13	0.00605	0.00432	0.00580	0.00691	0.00729	0.00408	0.00483	0.00704	0.00937	0.01245	0.02622	0.73624	0.03112	0.01476	0.00616	0.00197	0.00297	0.10403	0.00443	0.00394
14	0.01251	0.01317	0.01541	0.27953	0.28581	0.22030	0.01209	0.03920	0.01139	0.01380	0.00878	0.01194	0.00719	0.02846	0.00518	0.00151	0.00657	0.00403	0.01700	0.00614
15	0.01451	0.00959	0.01164	0.03617	0.05919	0.01022	0.00798	0.22174	0.19669	0.19279	0.04672	0.04175	0.03159	0.00943	0.08558	0.00214	0.00521	0.00534	0.00460	0.00712
16	0.00582	0.00418	0.00552	0.00659	0.00692	0.00389	0.00441	0.00666	0.00921	0.01223	0.02712	0.80144	0.05858	0.01487	0.00608	0.00193	0.00276	0.01346	0.00444	0.00389
17	0.01633	0.01247	0.01331	0.01063	0.01412	0.01396	0.00864	0.56338	0.24836	0.02716	0.01381	0.01334	0.01002	0.00596	0.00481	0.00149	0.00483	0.00463	0.00481	0.00796
18	0.06803	0.01257	0.01341	0.01046	0.01413	0.01388	0.00860	0.62925	0.09099	0.07170	0.01232	0.01210	0.00874	0.00574	0.00468	0.00146	0.00497	0.00433	0.00474	0.00790
19	0.01132	0.01301	0.05156	0.02147	0.15426	0.01193	0.63216	0.01520	0.01118	0.01536	0.00952	0.01263	0.00727	0.00408	0.00545	0.00158	0.00763	0.00534	0.00240	0.00665
20	0.00582	0.00416	0.00555	0.00666	0.00693	0.00388	0.00444	0.00666	0.00915	0.01220	0.02634	0.82891	0.03161	0.01497	0.00610	0.00194	0.00277	0.01359	0.00444	0.00388
21	0.00591	0.00424	0.00547	0.00642	0.00676	0.00396	0.00426	0.00669	0.00908	0.01200	0.02680	0.71173	0.07935	0.08377	0.00761	0.00215	0.00291	0.01280	0.00431	0.00381
22	0.00585	0.00417	0.00554	0.00662	0.00689	0.00390	0.00439	0.00666	0.00909	0.01212	0.02603	0.80691	0.03122	0.03751	0.00660	0.00202	0.00282	0.01340	0.00439	0.00386
23	0.00662	0.00449	0.00531	0.00564	0.00572	0.00441	0.00335	0.00686	0.00760	0.01013	0.01837	0.26494	0.02155	0.59267	0.01899	0.00384	0.00409	0.00889	0.00335	0.00318
24	0.00959	0.02472	0.80726	0.01362	0.02069	0.01110	0.01766	0.01514	0.01009	0.01514	0.00858	0.01009	0.00605	0.00454	0.00454	0.00151	0.00706	0.00353	0.00202	0.00706
25	0.01870	0.01253	0.01382	0.01059	0.01440	0.01356	0.00875	0.66236	0.02104	0.15605	0.01267	0.01225	0.00873	0.00577	0.00479	0.00144	0.00507	0.00438	0.00497	0.00813
26	0.00911	0.00858	0.01448	0.79780	0.05503	0.01064	0.01331	0.01228	0.00960	0.01231	0.00851	0.01272	0.00641	0.00476	0.00478	0.00159	0.00635	0.00425	0.00213	0.00537
27	0.00581	0.00421	0.00550	0.00653	0.00690	0.00389	0.00438	0.00667	0.00927	0.01225	0.02785	0.77558	0.08397	0.01478	0.00607	0.00192	0.00275	0.01335	0.00444	0.00389
28	0.00849	0.00605	0.00789	0.06105	0.11087	0.00602	0.00615	0.03264	0.01114	0.01641	0.12907	0.05160	0.16094	0.00793	0.00470	0.00144	0.00323	0.05844	0.31100	0.00493
29	0.00903	0.00850	0.01434	0.82054	0.03292	0.01062	0.01327	0.01221	0.00956	0.01221	0.00850	0.01274	0.00637	0.00478	0.00478	0.00159	0.00637	0.00425	0.00212	0.00531
30	0.01176	0.01128	0.01927	0.04997	0.78215	0.01134	0.01463	0.01460	0.01085	0.01553	0.00898	0.01185	0.00754	0.00427	0.00473	0.00142	0.00570	0.00426	0.00236	0.00751
31	0.01128	0.01289	0.02820	0.02015	0.02498	0.01209	0.78485	0.01531	0.01128	0.01531	0.00967	0.01289	0.00725	0.00403	0.00564	0.00161	0.00806	0.00564	0.00242	0.00645
32	0.01129	0.01080	0.01842	0.18263	0.65317	0.01121	0.01440	0.01419	0.01063	0.01496	0.00889	0.01201	0.00734	0.00436	0.00474	0.00145	0.00581	0.00426	0.00232	0.00713
33	0.01114	0.30188	0.30708	0.01316	0.01823	0.01426	0.18925	0.01466	0.01005	0.01359	0.00801	0.00991	0.00637	0.00451	0.00500	0.00140	0.05917	0.00372	0.00212	0.00648
34	0.00572	0.00484	0.00495	0.00492	0.00650	0.00407	0.00369	0.00701	0.01107	0.01334	0.09959	0.04530	0.74883	0.01195	0.00565	0.00161	0.00241	0.00999	0.00449	0.00407
35	0.04573	0.01460	0.19301	0.01087	0.01527	0.01220	0.01039	0.37859	0.09215	0.15995	0.01270	0.01248	0.00882	0.00552	0.00468	0.00148	0.00526	0.00426	0.00430	0.00773
36	0.01656	0.01244	0.01158	0.00978	0.01263	0.20480	0.00773	0.19350	0.06843	0.24296	0.07802	0.06565	0.01423	0.00679	0.00489	0.00147	0.00521	0.03200	0.00455	0.00678
37	0.00958	0.00695	0.00809	0.00797	0.00950	0.02859	0.00628	0.14725	0.01280	0.04735	0.07717	0.27241	0.09922	0.01139	0.00577	0.00180	0.00379	0.21582	0.02321	0.00506
38	0.00582	0.00419	0.00552	0.00658	0.00691	0.00389	0.00440	0.00666	0.00922	0.01223	0.02722	0.79775	0.06220	0.01486	0.00608	0.00193	0.00276	0.01345	0.00444	0.00389
39	0.04714	0.01117	0.01133	0.00946	0.01228	0.13904	0.03506	0.16773	0.09673	0.19319	0.02925	0.01641	0.06144	0.00909	0.08534	0.00206	0.00576	0.00485	0.05611	0.00655
40	0.01015	0.01113	0.07003	0.01479	0.01778	0.01063	0.37785	0.01292	0.01007	0.03671	0.01343	0.13158	0.03722	0.01906	0.00799	0.00181	0.17499	0.03329	0.00286	0.00572
41	0.00921	0.00861	0.01411	0.76833	0.03160	0.01070	0.01291	0.01306	0.06004	0.01271	0.00920	0.01307	0.00690	0.00489	0.00478	0.00159	0.00620	0.00432	0.00230	0.00545
42	0.00969	0.05151	0.78140	0.01344	0.02041	0.01136	0.01735	0.01511	0.01008	0.01501	0.00851	0.01001	0.00606	0.00453	0.00449	0.00150	0.00700	0.00350	0.00202	0.00703
43	0.01398	0.01021	0.01022	0.00897	0.01135	0.11510	0.00699	0.18062	0.11582	0.16147	0.05632	0.17346	0.01671	0.00800	0.00500	0.00155	0.00444	0.03384	0.05961	0.00634
44	0.00764	0.00637	0.00686	0.00660	0.00834	0.00638	0.00498	0.01255	0.24035	0.01574	0.13643	0.11314	0.39559	0.01043	0.00546	0.00163	0.00283	0.00887	0.00467	0.00512
45	0.00565	0.00484	0.00484	0.00484	0.00646	0.00403	0.00363	0.00686	0.01089	0.01291	0.04842	0.04600	0.80027	0.01210	0.00565	0.00161	0.00242	0.01009	0.00444	0.00403
46	0.01010	0.00719	0.01115	0.00979	0.01147	0.00739	0.11572	0.04155	0.01048	0.12413	0.01875	0.29490	0.02853	0.01269	0.08729	0.00239	0.09013	0.07721	0.03390	0.00525
47	0.00975	0.00913	0.01527	0.57577	0.21991	0.01073	0.01321	0.01276	0.00983	0.01320	0.00877	0.01261	0.00685	0.00479	0.00506	0.00155	0.03126	0.00425	0.02947	0.00583

[dist]
# distance from previous block
# <min> <max>
0	3

[block]
# block no. 3 follows, 53 sequences, length 16
# corresponding to MSA columns:
# 276-291
name=unknown_D
#
# <colnr> <probs for GDERKNQSTAVLIFYWHMCP>
#	G	D	E	R	K	N	Q	S	T	A	V	L	I	F	Y	W	H	M	C	P
0	0.01128	0.01289	0.02820	0.02015	0.02498	0.01209	0.78485	0.01531	0.01128	0.01531	0.00967	0.01289	0.00725	0.00403	0.00564	0.00161	0.00806	0.00564	0.00242	0.00645
1	0.01128	0.01289	0.02820	0.02015	0.02498	0.01209	0.78485	0.01531	0.01128	0.01531	0.00967	0.01289	0.00725	0.00403	0.00564	0.00161	0.00806	0.00564	0.00242	0.00645
2	0.01052	0.01025	0.01813	0.38159	0.37156	0.01111	0.10040	0.01364	0.01034	0.01406	0.00885	0.01236	0.00700	0.00447	0.00485	0.00152	0.00625	0.00441	0.00226	0.00644
3	0.00844	0.00530	0.00661	0.00621	0.00776	0.00473	0.00476	0.01026	0.01242	0.12399	0.39951	0.08999	0.24550	0.01039	0.00560	0.00159	0.00268	0.04442	0.00503	0.00483
4	0.00566	0.00479	0.00489	0.00497	0.00649	0.00402	0.00369	0.00684	0.01077	0.01286	0.04682	0.10288	0.74443	0.01231	0.00568	0.00164	0.00245	0.01034	0.00444	0.00402
5	0.01030	0.11393	0.30488	0.22001	0.11739	0.01226	0.03582	0.01438	0.04077	0.01392	0.00867	0.01110	0.00672	0.00485	0.00530	0.00151	0.06568	0.00387	0.00222	0.00644
6	0.01236	0.01180	0.04822	0.01320	0.01683	0.03066	0.27580	0.14436	0.22631	0.04595	0.01645	0.05472	0.06824	0.00619	0.00521	0.00158	0.00561	0.00588	0.00382	0.00679
7	0.00582	0.00416	0.00555	0.00666	0.00693	0.00388	0.00444	0.00666	0.00915	0.01220	0.02634	0.82891	0.03161	0.01497	0.00610	0.00194	0.00277	0.01359	0.00444	0.00388
8	0.01304	0.01280	0.02241	0.01647	0.02073	0.04127	0.49704	0.17155	0.07814	0.03684	0.01203	0.01384	0.02974	0.00487	0.00534	0.00156	0.00692	0.00536	0.00323	0.00682
9	0.05247	0.01391	0.01470	0.01172	0.01504	0.19566	0.12393	0.29783	0.04043	0.09105	0.03254	0.04277	0.03426	0.00591	0.00482	0.00145	0.00597	0.00485	0.00391	0.00677
10	0.00970	0.00918	0.01555	0.63139	0.21683	0.01080	0.01361	0.01280	0.00987	0.01303	0.00861	0.01252	0.00666	0.00465	0.00477	0.00155	0.00621	0.00425	0.00218	0.00585
11	0.00582	0.00416	0.00555	0.00666	0.00693	0.00388	0.00444	0.00666	0.00915	0.01220	0.02634	0.82891	0.03161	0.01497	0.00610	0.00194	0.00277	0.01359	0.00444	0.00388
12	0.01176	0.00771	0.03685	0.09104	0.01245	0.00725	0.00710	0.08683	0.03692	0.20958	0.17198	0.15034	0.09847	0.00876	0.00548	0.00161	0.01875	0.02661	0.00464	0.00587
13	0.01104	0.40043	0.33301	0.01034	0.01524	0.04248	0.01168	0.01415	0.01007	0.01300	0.01021	0.03676	0.03652	0.00524	0.00400	0.00132	0.00582	0.03013	0.00229	0.00628
14	0.01458	0.01254	0.01319	0.15579	0.05885	0.21661	0.00968	0.03248	0.03927	0.18676	0.03487	0.01303	0.00923	0.00680	0.02996	0.00172	0.15088	0.00426	0.00331	0.00618
15	0.61330	0.01024	0.00879	0.00796	0.03319	0.03618	0.00622	0.13331	0.04744	0.02211	0.00841	0.00932	0.00643	0.00478	0.00343	0.00146	0.00410	0.00311	0.03442	0.00580

[dist]
# distance from previous block
# <min> <max>
4	49

[block]
# block no. 4 follows, 53 sequences, length 17
# corresponding to MSA columns:
# 347-363
name=unknown_E
#
# <colnr> <probs for GDERKNQSTAVLIFYWHMCP>
#	G	D	E	R	K	N	Q	S	T	A	V	L	I	F	Y	W	H	M	C	P
0	0.13087	0.28831	0.01653	0.00951	0.01289	0.10564	0.07522	0.01624	0.13325	0.03371	0.01059	0.05768	0.00912	0.00523	0.00396	0.00129	0.00508	0.00405	0.00299	0.07785
1	0.01241	0.28291	0.13067	0.22446	0.01921	0.09851	0.01086	0.01599	0.07894	0.06961	0.00948	0.01096	0.00733	0.00476	0.00414	0.00135	0.00591	0.00361	0.00263	0.00625
2	0.00638	0.00605	0.07556	0.00697	0.00778	0.00467	0.00528	0.00746	0.00879	0.01186	0.02249	0.59505	0.02648	0.18030	0.00967	0.00245	0.00353	0.01136	0.00391	0.00396
3	0.01212	0.68116	0.10159	0.00840	0.01253	0.01687	0.00871	0.01412	0.00978	0.01221	0.00762	0.00880	0.00666	0.00426	0.00324	0.00108	0.00505	0.00282	0.07691	0.00608
4	0.01783	0.08499	0.01515	0.01065	0.01450	0.01488	0.00893	0.68913	0.02102	0.05862	0.01134	0.01133	0.00810	0.00560	0.00463	0.00140	0.00520	0.00417	0.00459	0.00795
5	0.00582	0.00416	0.00555	0.00666	0.00693	0.00388	0.00444	0.00666	0.00915	0.01220	0.02634	0.82891	0.03161	0.01497	0.00610	0.00194	0.00277	0.01359	0.00444	0.00388
6	0.30274	0.01823	0.01135	0.01029	0.01292	0.54334	0.00787	0.01739	0.01173	0.01497	0.00714	0.00833	0.00583	0.00476	0.00386	0.00131	0.00697	0.00291	0.00263	0.00542
7	0.01278	0.83490	0.02505	0.00818	0.01227	0.01891	0.00818	0.01431	0.00971	0.01125	0.00664	0.00767	0.00613	0.00409	0.00307	0.00102	0.00511	0.00256	0.00204	0.00613
8	0.01817	0.01339	0.01434	0.01100	0.01482	0.01482	0.00908	0.78627	0.02247	0.03012	0.01148	0.01148	0.00813	0.00574	0.00478	0.00143	0.00526	0.00430	0.00478	0.00813
9	0.01278	0.83490	0.02505	0.00818	0.01227	0.01891	0.00818	0.01431	0.00971	0.01125	0.00664	0.00767	0.00613	0.00409	0.00307	0.00102	0.00511	0.00256	0.00204	0.00613
10	0.01817	0.01339	0.01434	0.01100	0.01482	0.01482	0.00908	0.78627	0.02247	0.03012	0.01148	0.01148	0.00813	0.00574	0.00478	0.00143	0.00526	0.00430	0.00478	0.00813
11	0.02144	0.00813	0.01109	0.00850	0.01220	0.00702	0.00702	0.02329	0.01368	0.80552	0.01886	0.01627	0.01183	0.00592	0.00481	0.00148	0.00407	0.00481	0.00592	0.00813
12	0.00676	0.00489	0.00639	0.00601	0.00714	0.00451	0.00451	0.00902	0.01353	0.01917	0.79969	0.03570	0.04510	0.00977	0.00564	0.00150	0.00225	0.00864	0.00526	0.00451
13	0.00649	0.00487	0.00601	0.00572	0.00697	0.00439	0.00429	0.00849	0.01288	0.01762	0.61391	0.03825	0.23184	0.01035	0.00564	0.00153	0.00230	0.00900	0.00506	0.00439
14	0.00645	0.00461	0.00627	0.00737	0.00792	0.00442	0.00553	0.00774	0.00977	0.01290	0.02600	0.57019	0.03024	0.01438	0.00627	0.00203	0.00332	0.26612	0.00442	0.00406
15	0.00981	0.08259	0.75139	0.01323	0.02009	0.01166	0.01698	0.01508	0.01006	0.01486	0.00844	0.00992	0.00606	0.00451	0.00444	0.00148	0.00692	0.00346	0.00202	0.00700
16	0.01140	0.53155	0.25925	0.00961	0.01430	0.01554	0.01066	0.01403	0.00963	0.01228	0.00783	0.01008	0.00691	0.06336	0.00503	0.00143	0.00567	0.00316	0.00210	0.00618

[dist]
# distance from previous block
# <min> <max>
7	36

[block]
# block no. 5 follows, 53 sequences, length 16
# corresponding to MSA columns:
# 403-418
name=unknown_F
#
# <colnr> <probs for GDERKNQSTAVLIFYWHMCP>
#	G	D	E	R	K	N	Q	S	T	A	V	L	I	F	Y	W	H	M	C	P
0	0.10960	0.34112	0.01551	0.00825	0.01134	0.06142	0.00714	0.01761	0.25109	0.01590	0.01168	0.01206	0.00935	0.00509	0.00371	0.00128	0.00441	0.00369	0.10353	0.00623
1	0.25673	0.25306	0.05413	0.00882	0.01260	0.01423	0.00800	0.24955	0.03072	0.05849	0.00908	0.00961	0.00693	0.00485	0.00375	0.00134	0.00477	0.00332	0.00338	0.00664
2	0.00844	0.00672	0.00740	0.00670	0.00829	0.04396	0.00512	0.10032	0.01413	0.01904	0.54236	0.03332	0.16687	0.00946	0.00548	0.00150	0.00294	0.00812	0.00493	0.00490
3	0.01229	0.10722	0.01307	0.01057	0.05133	0.01283	0.00806	0.05964	0.62659	0.01923	0.01706	0.01604	0.01295	0.00606	0.00464	0.00153	0.00410	0.00496	0.00441	0.00742
4	0.00635	0.00484	0.00583	0.00564	0.00690	0.00432	0.00421	0.00819	0.01245	0.01676	0.51304	0.07241	0.30011	0.01078	0.00566	0.00156	0.00233	0.00934	0.00495	0.00432
5	0.00723	0.00511	0.00618	0.00597	0.00742	0.00456	0.00462	0.00905	0.01228	0.05912	0.39258	0.04038	0.33249	0.01079	0.00569	0.00161	0.00263	0.08290	0.00490	0.00451
6	0.00903	0.00850	0.01434	0.82054	0.03292	0.01062	0.01327	0.01221	0.00956	0.01221	0.00850	0.01274	0.00637	0.00478	0.00478	0.00159	0.00637	0.00425	0.00212	0.00531
7	0.01817	0.01339	0.01434	0.01100	0.01482	0.01482	0.00908	0.78627	0.02247	0.03012	0.01148	0.01148	0.00813	0.00574	0.00478	0.00143	0.00526	0.00430	0.00478	0.00813
8	0.00614	0.00486	0.00553	0.00536	0.00676	0.00424	0.00402	0.00781	0.01206	0.01568	0.38062	0.04145	0.46634	0.01107	0.00564	0.00157	0.00235	0.00945	0.00480	0.00424
9	0.01817	0.01339	0.01434	0.01100	0.01482	0.01482	0.00908	0.78627	0.02247	0.03012	0.01148	0.01148	0.00813	0.00574	0.00478	0.00143	0.00526	0.00430	0.00478	0.00813
10	0.01278	0.83490	0.02505	0.00818	0.01227	0.01891	0.00818	0.01431	0.00971	0.01125	0.00664	0.00767	0.00613	0.00409	0.00307	0.00102	0.00511	0.00256	0.00204	0.00613
11	0.01972	0.00775	0.01054	0.00821	0.01161	0.00673	0.00673	0.02162	0.01366	0.71326	0.11047	0.01855	0.01573	0.00637	0.00490	0.00148	0.00385	0.00526	0.00584	0.00771
12	0.00606	0.00479	0.00541	0.00539	0.00668	0.00419	0.00396	0.00753	0.01145	0.01472	0.28455	0.11425	0.46422	0.03770	0.00628	0.00170	0.00247	0.00985	0.00465	0.00414
13	0.01089	0.30452	0.44438	0.01250	0.01827	0.01393	0.10438	0.01487	0.01010	0.01381	0.00803	0.00958	0.00622	0.00432	0.00416	0.00135	0.00650	0.00344	0.00207	0.00667
14	0.01121	0.00869	0.01011	0.00808	0.01156	0.00777	0.00652	0.07815	0.12939	0.06356	0.01341	0.03681	0.01157	0.00572	0.00434	0.00116	0.00383	0.09373	0.00370	0.49068
15	0.04483	0.01483	0.01291	0.01105	0.04669	0.27224	0.00839	0.26286	0.01539	0.08130	0.00986	0.01050	0.00744	0.00494	0.00432	0.00123	0.00588	0.00359	0.00356	0.17819

[dist]
# distance from previous block
# <min> <max>
5	14

[block]
# block no. 6 follows, 53 sequences, length 25
# corresponding to MSA columns:
# 434-458
name=unknown_G
#
# <colnr> <probs for GDERKNQSTAVLIFYWHMCP>
#	G	D	E	R	K	N	Q	S	T	A	V	L	I	F	Y	W	H	M	C	P
0	0.00957	0.00942	0.01516	0.73420	0.03160	0.04738	0.06071	0.01272	0.00985	0.01238	0.00852	0.01256	0.00642	0.00474	0.00481	0.00158	0.00658	0.00428	0.00216	0.00539
1	0.00920	0.00867	0.01465	0.77171	0.08039	0.01066	0.01336	0.01236	0.00964	0.01242	0.00853	0.01269	0.00645	0.00475	0.00478	0.00158	0.00633	0.00425	0.00214	0.00545
2	0.01582	0.01305	0.01174	0.00964	0.01253	0.17098	0.00770	0.44229	0.01762	0.02342	0.01168	0.01247	0.00875	0.00553	0.00433	0.00131	0.00518	0.00410	0.21514	0.00671
3	0.01760	0.02225	0.01343	0.01220	0.01468	0.77906	0.00916	0.01935	0.04644	0.01205	0.00790	0.00901	0.00651	0.00499	0.00433	0.00125	0.00842	0.00318	0.00256	0.00563
4	0.54109	0.00743	0.00605	0.00559	0.00785	0.00835	0.00448	0.01295	0.00885	0.02007	0.01004	0.01157	0.00786	0.00487	0.00310	0.00134	0.00314	0.00330	0.32718	0.00490
5	0.00681	0.00465	0.00561	0.00573	0.00588	0.00475	0.00351	0.00715	0.00729	0.00985	0.01593	0.11421	0.01810	0.62886	0.13765	0.00479	0.00563	0.00739	0.00301	0.00320
6	0.00582	0.00416	0.00555	0.00666	0.00693	0.00388	0.00444	0.00666	0.00915	0.01220	0.02634	0.82891	0.03161	0.01497	0.00610	0.00194	0.00277	0.01359	0.00444	0.00388
7	0.00903	0.00850	0.01434	0.82054	0.03292	0.01062	0.01327	0.01221	0.00956	0.01221	0.00850	0.01274	0.00637	0.00478	0.00478	0.00159	0.00637	0.00425	0.00212	0.00531
8	0.00903	0.00850	0.01434	0.82054	0.03292	0.01062	0.01327	0.01221	0.00956	0.01221	0.00850	0.01274	0.00637	0.00478	0.00478	0.00159	0.00637	0.00425	0.00212	0.00531
9	0.00991	0.00850	0.00991	0.00708	0.01133	0.00637	0.00566	0.01203	0.00991	0.01557	0.00850	0.00991	0.00708	0.00354	0.00354	0.00071	0.00354	0.00283	0.00283	0.86124
10	0.01007	0.14779	0.68844	0.01280	0.01941	0.01229	0.01622	0.01501	0.01003	0.01455	0.00828	0.00972	0.00607	0.00447	0.00432	0.00144	0.00677	0.00338	0.00202	0.00692
11	0.00582	0.00485	0.00508	0.00502	0.00656	0.00411	0.00376	0.00719	0.01129	0.01386	0.16214	0.04444	0.68596	0.01175	0.00565	0.00160	0.00240	0.00987	0.00456	0.00411
12	0.00582	0.00416	0.00555	0.00666	0.00693	0.00388	0.00444	0.00666	0.00915	0.01220	0.02634	0.82891	0.03161	0.01497	0.00610	0.00194	0.00277	0.01359	0.00444	0.00388
13	0.00959	0.02472	0.80726	0.01362	0.02069	0.01110	0.01766	0.01514	0.01009	0.01514	0.00858	0.01009	0.00605	0.00454	0.00454	0.00151	0.00706	0.00353	0.00202	0.00706
14	0.01189	0.01027	0.01081	0.00973	0.01243	0.01189	0.00757	0.02540	0.79357	0.01999	0.01945	0.01783	0.01459	0.00648	0.00486	0.00162	0.00378	0.00540	0.00486	0.00757
15	0.00676	0.00489	0.00639	0.00601	0.00714	0.00451	0.00451	0.00902	0.01353	0.01917	0.79969	0.03570	0.04510	0.00977	0.00564	0.00150	0.00225	0.00864	0.00526	0.00451
16	0.00683	0.00512	0.00768	0.00768	0.00853	0.00597	0.00597	0.00853	0.00768	0.01110	0.01280	0.01878	0.01195	0.03585	0.81308	0.00768	0.01280	0.00512	0.00256	0.00427
17	0.01817	0.01339	0.01434	0.01100	0.01482	0.01482	0.00908	0.78627	0.02247	0.03012	0.01148	0.01148	0.00813	0.00574	0.00478	0.00143	0.00526	0.00430	0.00478	0.00813
18	0.00676	0.00489	0.00639	0.00601	0.00714	0.00451	0.00451	0.00902	0.01353	0.01917	0.79969	0.03570	0.04510	0.00977	0.00564	0.00150	0.00225	0.00864	0.00526	0.00451
19	0.00959	0.02472	0.80726	0.01362	0.02069	0.01110	0.01766	0.01514	0.01009	0.01514	0.00858	0.01009	0.00605	0.00454	0.00454	0.00151	0.00706	0.00353	0.00202	0.00706
20	0.00959	0.02472	0.80726	0.01362	0.02069	0.01110	0.01766	0.01514	0.01009	0.01514	0.00858	0.01009	0.00605	0.00454	0.00454	0.00151	0.00706	0.00353	0.00202	0.00706
21	0.01224	0.69745	0.15776	0.00910	0.01370	0.01759	0.00979	0.01445	0.00978	0.01191	0.00697	0.00808	0.00612	0.00417	0.00332	0.00111	0.00544	0.00272	0.00204	0.00629
22	0.26145	0.00833	0.00914	0.00735	0.01067	0.00791	0.00597	0.01629	0.04665	0.25248	0.07486	0.01458	0.01177	0.00535	0.00404	0.00130	0.00367	0.02125	0.00411	0.23283
23	0.01176	0.57666	0.27438	0.00991	0.01495	0.01642	0.01120	0.01457	0.00983	0.01249	0.00726	0.00844	0.00611	0.00423	0.00354	0.00118	0.00573	0.00287	0.00204	0.00643
24	0.20851	0.04234	0.01264	0.00962	0.01316	0.10090	0.05524	0.21798	0.06417	0.07106	0.01011	0.01071	0.00758	0.00487	0.00410	0.00131	0.00498	0.00365	0.00360	0.15347

[dist]
# distance from previous block
# <min> <max>
11	61

[block]
# block no. 7 follows, 53 sequences, length 7
# corresponding to MSA columns:
# 520-526
name=unknown_H
#
# <colnr> <probs for GDERKNQSTAVLIFYWHMCP>
#	G	D	E	R	K	N	Q	S	T	A	V	L	I	F	Y	W	H	M	C	P
0	0.02569	0.10457	0.19228	0.01128	0.07557	0.01085	0.02748	0.12519	0.09057	0.04916	0.03897	0.01539	0.04758	0.00680	0.03591	0.00164	0.00524	0.01609	0.07557	0.04419
1	0.01100	0.09102	0.14058	0.07248	0.17922	0.03288	0.05141	0.08345	0.06492	0.01607	0.08463	0.01643	0.04955	0.05111	0.00617	0.00165	0.03313	0.00493	0.00304	0.00634
2	0.04672	0.01317	0.05497	0.01203	0.08919	0.16658	0.03969	0.18438	0.04935	0.04015	0.03834	0.08380	0.01112	0.00602	0.00477	0.00138	0.01846	0.00487	0.02975	0.10526
3	0.01284	0.11300	0.04034	0.01050	0.05577	0.05362	0.00823	0.24828	0.09953	0.01884	0.01300	0.13652	0.01182	0.00707	0.00542	0.02925	0.03140	0.00537	0.00367	0.09553
4	0.14812	0.15553	0.15401	0.04160	0.01358	0.01103	0.02575	0.05669	0.07844	0.04754	0.01240	0.01342	0.06624	0.00606	0.00512	0.06305	0.00478	0.00400	0.00300	0.08963
5	0.13486	0.15309	0.10578	0.02950	0.04116	0.09045	0.09164	0.12098	0.01212	0.06027	0.01155	0.04781	0.04414	0.00544	0.00431	0.00139	0.00553	0.00435	0.00309	0.03255
6	0.21308	0.05686	0.09965	0.01255	0.10316	0.13292	0.07178	0.08803	0.06365	0.03593	0.03534	0.04725	0.00941	0.00538	0.00432	0.00145	0.00553	0.00428	0.00313	0.00629

[dist]
# distance from previous block
# <min> <max>
17	99

[block]
# block no. 8 follows, 53 sequences, length 50
# corresponding to MSA columns:
# 636-685
name=unknown_I
#
# <colnr> <probs for GDERKNQSTAVLIFYWHMCP>
#	G	D	E	R	K	N	Q	S	T	A	V	L	I	F	Y	W	H	M	C	P
0	0.08101	0.01519	0.01635	0.03327	0.01684	0.28316	0.20622	0.10568	0.04432	0.02975	0.00919	0.01075	0.00713	0.00474	0.00478	0.00136	0.02310	0.00398	0.00294	0.10022
1	0.01390	0.01005	0.01679	0.01286	0.03064	0.02938	0.28089	0.01650	0.01149	0.25038	0.02846	0.02827	0.01006	0.00533	0.00574	0.00146	0.07093	0.00498	0.06868	0.10322
2	0.00838	0.00764	0.01336	0.01067	0.01278	0.00750	0.23077	0.01105	0.01234	0.01735	0.49175	0.02763	0.03076	0.00809	0.00643	0.00160	0.06643	0.02618	0.00418	0.00512
3	0.00886	0.00718	0.00880	0.00895	0.06260	0.00756	0.00630	0.01501	0.28572	0.01870	0.41862	0.06353	0.03046	0.00914	0.02563	0.00171	0.00331	0.00735	0.00482	0.00575
4	0.01305	0.01272	0.01111	0.01005	0.01263	0.18526	0.00774	0.02338	0.58873	0.01810	0.01666	0.01583	0.01265	0.00610	0.00467	0.00151	0.00476	0.00486	0.04321	0.00698
5	0.00684	0.00509	0.00751	0.00751	0.00830	0.00588	0.00576	0.00842	0.00763	0.01097	0.01296	0.01965	0.01233	0.09120	0.75825	0.00747	0.01223	0.00525	0.00258	0.00417
6	0.01785	0.02278	0.01354	0.01231	0.01478	0.81284	0.00924	0.01909	0.01354	0.01170	0.00739	0.00862	0.00616	0.00493	0.00431	0.00123	0.00862	0.00308	0.00246	0.00554
7	0.00903	0.00850	0.01434	0.82054	0.03292	0.01062	0.01327	0.01221	0.00956	0.01221	0.00850	0.01274	0.00637	0.00478	0.00478	0.00159	0.00637	0.00425	0.00212	0.00531
8	0.00676	0.00489	0.00639	0.00601	0.00714	0.00451	0.00451	0.00902	0.01353	0.01917	0.79969	0.03570	0.04510	0.00977	0.00564	0.00150	0.00225	0.00864	0.00526	0.00451
9	0.00770	0.00550	0.00770	0.00880	0.00990	0.00550	0.00770	0.00990	0.01100	0.01430	0.02531	0.05391	0.02751	0.01320	0.00660	0.00220	0.00440	0.77004	0.00440	0.00440
10	0.01699	0.01250	0.01350	0.01058	0.01407	0.01377	0.00864	0.71159	0.02120	0.02841	0.01290	0.08978	0.01038	0.00662	0.00491	0.00148	0.00502	0.00519	0.00475	0.00772
11	0.01785	0.02278	0.01354	0.01231	0.01478	0.81284	0.00924	0.01909	0.01354	0.01170	0.00739	0.00862	0.00616	0.00493	0.00431	0.00123	0.00862	0.00308	0.00246	0.00554
12	0.01046	0.01046	0.01464	0.01255	0.01255	0.01464	0.01046	0.01150	0.00732	0.01150	0.00627	0.01046	0.00627	0.00837	0.01569	0.00209	0.82328	0.00418	0.00209	0.00523
13	0.00903	0.00850	0.01434	0.82054	0.03292	0.01062	0.01327	0.01221	0.00956	0.01221	0.00850	0.01274	0.00637	0.00478	0.00478	0.00159	0.00637	0.00425	0.00212	0.00531
14	0.01812	0.01477	0.01423	0.01119	0.01482	0.13213	0.00911	0.67350	0.02116	0.02741	0.01087	0.01106	0.00784	0.00562	0.00471	0.00140	0.00575	0.00412	0.00444	0.00775
15	0.00676	0.00489	0.00639	0.00601	0.00714	0.00451	0.00451	0.00902	0.01353	0.01917	0.79969	0.03570	0.04510	0.00977	0.00564	0.00150	0.00225	0.00864	0.00526	0.00451
16	0.01189	0.01027	0.01081	0.00973	0.01243	0.01189	0.00757	0.02540	0.79357	0.01999	0.01945	0.01783	0.01459	0.00648	0.00486	0.00162	0.00378	0.00540	0.00486	0.00757
17	0.01183	0.01136	0.01940	0.02934	0.80221	0.01136	0.01467	0.01467	0.01088	0.01562	0.00899	0.01183	0.00757	0.00426	0.00473	0.00142	0.00568	0.00426	0.00237	0.00757
18	0.00991	0.00850	0.00991	0.00708	0.01133	0.00637	0.00566	0.01203	0.00991	0.01557	0.00850	0.00991	0.00708	0.00354	0.00354	0.00071	0.00354	0.00283	0.00283	0.86124
19	0.01183	0.01136	0.01940	0.02934	0.80221	0.01136	0.01467	0.01467	0.01088	0.01562	0.00899	0.01183	0.00757	0.00426	0.00473	0.00142	0.00568	0.00426	0.00237	0.00757
20	0.01278	0.83490	0.02505	0.00818	0.01227	0.01891	0.00818	0.01431	0.00971	0.01125	0.00664	0.00767	0.00613	0.00409	0.00307	0.00102	0.00511	0.00256	0.00204	0.00613
21	0.00676	0.00489	0.00639	0.00601	0.00714	0.00451	0.00451	0.00902	0.01353	0.01917	0.79969	0.03570	0.04510	0.00977	0.00564	0.00150	0.00225	0.00864	0.00526	0.00451
22	0.01183	0.01136	0.01940	0.02934	0.80221	0.01136	0.01467	0.01467	0.01088	0.01562	0.00899	0.01183	0.00757	0.00426	0.00473	0.00142	0.00568	0.00426	0.00237	0.00757
23	0.00683	0.00512	0.00768	0.00768	0.00853	0.00597	0.00597	0.00853	0.00768	0.01110	0.01280	0.01878	0.01195	0.03585	0.81308	0.00768	0.01280	0.00512	0.00256	0.00427
24	0.01183	0.01136	0.01940	0.02934	0.80221	0.01136	0.01467	0.01467	0.01088	0.01562	0.00899	0.01183	0.00757	0.00426	0.00473	0.00142	0.00568	0.00426	0.00237	0.00757
25	0.00903	0.00850	0.01434	0.82054	0.03292	0.01062	0.01327	0.01221	0.00956	0.01221	0.00850	0.01274	0.00637	0.00478	0.00478	0.00159	0.00637	0.00425	0.00212	0.00531
26	0.00565	0.00484	0.00484	0.00484	0.00646	0.00403	0.00363	0.00686	0.01089	0.01291	0.04842	0.04600	0.80027	0.01210	0.00565	0.00161	0.00242	0.01009	0.00444	0.00403
27	0.01785	0.02278	0.01354	0.01231	0.01478	0.81284	0.00924	0.01909	0.01354	0.01170	0.00739	0.00862	0.00616	0.00493	0.00431	0.00123	0.00862	0.00308	0.00246	0.00554
28	0.01183	0.01136	0.01940	0.02934	0.80221	0.01136	0.01467	0.01467	0.01088	0.01562	0.00899	0.01183	0.00757	0.00426	0.00473	0.00142	0.00568	0.00426	0.00237	0.00757
29	0.02144	0.00813	0.01109	0.00850	0.01220	0.00702	0.00702	0.02329	0.01368	0.80552	0.01886	0.01627	0.01183	0.00592	0.00481	0.00148	0.00407	0.00481	0.00592	0.00813
30	0.01183	0.01136	0.01940	0.02934	0.80221	0.01136	0.01467	0.01467	0.01088	0.01562	0.00899	0.01183	0.00757	0.00426	0.00473	0.00142	0.00568	0.00426	0.00237	0.00757
31	0.01817	0.01339	0.01434	0.01100	0.01482	0.01482	0.00908	0.78627	0.02247	0.03012	0.01148	0.01148	0.00813	0.00574	0.00478	0.00143	0.00526	0.00430	0.00478	0.00813
32	0.01183	0.01136	0.01940	0.02934	0.80221	0.01136	0.01467	0.01467	0.01088	0.01562	0.00899	0.01183	0.00757	0.00426	0.00473	0.00142	0.00568	0.00426	0.00237	0.00757
33	0.01817	0.01339	0.01434	0.01100	0.01482	0.01482	0.00908	0.78627	0.02247	0.03012	0.01148	0.01148	0.00813	0.00574	0.00478	0.00143	0.00526	0.00430	0.00478	0.00813
34	0.00582	0.00416	0.00555	0.00666	0.00693	0.00388	0.00444	0.00666	0.00915	0.01220	0.02634	0.82891	0.03161	0.01497	0.00610	0.00194	0.00277	0.01359	0.00444	0.00388
35	0.00959	0.02472	0.80726	0.01362	0.02069	0.01110	0.01766	0.01514	0.01009	0.01514	0.00858	0.01009	0.00605	0.00454	0.00454	0.00151	0.00706	0.00353	0.00202	0.00706
36	0.00959	0.02472	0.80726	0.01362	0.02069	0.01110	0.01766	0.01514	0.01009	0.01514	0.00858	0.01009	0.00605	0.00454	0.00454	0.00151	0.00706	0.00353	0.00202	0.00706
37	0.00591	0.00422	0.00564	0.00675	0.00707	0.00396	0.00459	0.00680	0.00924	0.01230	0.02630	0.79362	0.03143	0.01489	0.00612	0.00195	0.00285	0.04803	0.00444	0.00391
38	0.00903	0.00850	0.01434	0.82054	0.03292	0.01062	0.01327	0.01221	0.00956	0.01221	0.00850	0.01274	0.00637	0.00478	0.00478	0.00159	0.00637	0.00425	0.00212	0.00531
39	0.86579	0.00924	0.00702	0.00629	0.00924	0.01072	0.00518	0.01405	0.00813	0.02144	0.00666	0.00776	0.00518	0.00444	0.00296	0.00148	0.00370	0.00259	0.00296	0.00518
40	0.01017	0.00867	0.01445	0.70263	0.08594	0.01040	0.01290	0.01323	0.00996	0.07279	0.00932	0.01295	0.00687	0.00483	0.00478	0.00157	0.00615	0.00429	0.00243	0.00568
41	0.00676	0.00486	0.00622	0.00699	0.00753	0.00471	0.00479	0.06595	0.01016	0.01356	0.02521	0.76674	0.02983	0.01427	0.00600	0.00190	0.00296	0.01288	0.00446	0.00421
42	0.01096	0.01038	0.01717	0.27406	0.50275	0.01117	0.01369	0.01472	0.07000	0.01489	0.00963	0.01257	0.00773	0.00459	0.00476	0.00149	0.00575	0.00434	0.00248	0.00687
43	0.01663	0.02022	0.01370	0.01287	0.05030	0.63947	0.00943	0.03976	0.07257	0.01300	0.00841	0.00967	0.00692	0.00527	0.00516	0.00133	0.06336	0.00342	0.00268	0.00584
44	0.00815	0.00470	0.00711	0.00806	0.06688	0.00465	0.00500	0.00694	0.00707	0.00951	0.01138	0.15093	0.01216	0.01539	0.01551	0.65148	0.00404	0.00574	0.00249	0.00280
45	0.00763	0.00553	0.00699	0.00639	0.00772	0.00529	0.00486	0.06813	0.01421	0.02000	0.73974	0.03386	0.04229	0.00946	0.00557	0.00150	0.00248	0.00831	0.00522	0.00479
46	0.01022	0.14066	0.63369	0.01254	0.01884	0.01229	0.01552	0.01580	0.06962	0.01494	0.00913	0.01033	0.00672	0.00462	0.00435	0.00145	0.00653	0.00353	0.00224	0.00697
47	0.01123	0.01099	0.01919	0.15893	0.55299	0.01149	0.09228	0.01415	0.01051	0.01480	0.00883	0.01201	0.00727	0.00454	0.00542	0.00150	0.05019	0.00439	0.00232	0.00695
48	0.66470	0.00924	0.00906	0.02917	0.01116	0.01017	0.06470	0.01370	0.00881	0.02012	0.04231	0.00972	0.00731	0.00457	0.00338	0.00143	0.00402	0.00315	0.00299	0.08030
49	0.06202	0.05429	0.01335	0.01093	0.01392	0.46261	0.00852	0.16086	0.06615	0.01651	0.00897	0.00979	0.00711	0.00499	0.00424	0.00125	0.00681	0.00339	0.00309	0.08119

[dist]
# distance from previous block
# <min> <max>
10	51

# created by:
# /st0/software/busco_prod/Augustus/scripts/msa2prfl.pl ./align_prep/115879.fa
