[name]
unknown

[dist]
# distance from previous block
# <min> <max>
5	65

[block]
# block no. 0 follows, 61 sequences, length 7
# corresponding to MSA columns:
# 77-83
name=unknown_A
#
# <colnr> <probs for GDERKNQSTAVLIFYWHMCP>
#	G	D	E	R	K	N	Q	S	T	A	V	L	I	F	Y	W	H	M	C	P
0	0.08186	0.02495	0.01105	0.08444	0.10764	0.05197	0.05762	0.10193	0.03676	0.05916	0.07187	0.03685	0.07283	0.03967	0.03340	0.00160	0.01873	0.00472	0.03948	0.06347
1	0.01053	0.00912	0.01200	0.09846	0.15977	0.06682	0.05630	0.11056	0.03654	0.05179	0.05267	0.03978	0.04253	0.05602	0.03523	0.01838	0.03443	0.00459	0.00294	0.10154
2	0.03532	0.00889	0.04099	0.28633	0.11279	0.02946	0.03558	0.05726	0.02592	0.08140	0.02574	0.03186	0.00823	0.00632	0.04583	0.00165	0.07563	0.00410	0.03863	0.04807
3	0.06090	0.02215	0.02301	0.03321	0.09890	0.02491	0.07863	0.06905	0.02359	0.03017	0.07389	0.09954	0.01321	0.08560	0.02047	0.00165	0.02356	0.00520	0.16339	0.04897
4	0.00695	0.00585	0.02412	0.07163	0.02814	0.00568	0.03174	0.04132	0.00918	0.01235	0.11299	0.13287	0.18358	0.18219	0.05421	0.00231	0.03349	0.00702	0.02601	0.02839
5	0.05684	0.00838	0.01088	0.02221	0.03462	0.03535	0.05499	0.02829	0.07518	0.02429	0.01233	0.07606	0.06906	0.04302	0.03885	0.00185	0.30781	0.00492	0.02788	0.06720
6	0.03903	0.00891	0.00909	0.00828	0.02303	0.07328	0.00631	0.06493	0.35940	0.03103	0.09443	0.03756	0.08426	0.04267	0.00572	0.00153	0.05109	0.01781	0.00383	0.03781

[dist]
# distance from previous block
# <min> <max>
0	1

[block]
# block no. 1 follows, 61 sequences, length 12
# corresponding to MSA columns:
# 85-96
name=unknown_B
#
# <colnr> <probs for GDERKNQSTAVLIFYWHMCP>
#	G	D	E	R	K	N	Q	S	T	A	V	L	I	F	Y	W	H	M	C	P
0	0.04337	0.00874	0.02368	0.09205	0.09164	0.02824	0.01996	0.15018	0.10342	0.08571	0.06773	0.02832	0.08477	0.01645	0.03787	0.00155	0.01324	0.00473	0.00346	0.09489
1	0.05743	0.02087	0.01122	0.13024	0.06800	0.03847	0.06869	0.09531	0.04490	0.09405	0.05351	0.04181	0.07897	0.00620	0.01664	0.00144	0.06259	0.00480	0.08547	0.01938
2	0.02284	0.00720	0.00921	0.14377	0.07949	0.04198	0.02050	0.06606	0.09245	0.02399	0.05922	0.26810	0.03173	0.06662	0.00604	0.00169	0.01362	0.01967	0.02105	0.00477
3	0.08667	0.00929	0.01079	0.12247	0.04455	0.09828	0.05395	0.13670	0.02643	0.02840	0.04666	0.06584	0.01054	0.06070	0.03879	0.02832	0.03965	0.01912	0.01588	0.05696
4	0.02974	0.00730	0.03184	0.03061	0.02064	0.00758	0.00616	0.07449	0.24375	0.03978	0.03175	0.25247	0.06046	0.02906	0.03328	0.00178	0.03730	0.02642	0.03046	0.00515
5	0.04197	0.00549	0.00535	0.00527	0.00570	0.06197	0.00330	0.00730	0.00712	0.00935	0.01574	0.04464	0.09310	0.61137	0.04156	0.02453	0.00437	0.00616	0.00273	0.00300
6	0.00756	0.00559	0.00862	0.00778	0.00828	0.00643	0.06098	0.00765	0.00651	0.00919	0.00888	0.01477	0.00873	0.09747	0.22870	0.34495	0.15826	0.00431	0.00208	0.00325
7	0.00867	0.04610	0.71146	0.03741	0.01841	0.01000	0.04685	0.01332	0.00924	0.01361	0.04039	0.01013	0.00693	0.00426	0.00414	0.00136	0.00615	0.00344	0.00195	0.00618
8	0.00983	0.03367	0.02601	0.18834	0.22115	0.02027	0.02234	0.08373	0.02864	0.01398	0.00859	0.01125	0.00709	0.02690	0.05844	0.01834	0.00517	0.00362	0.00244	0.21019
9	0.01099	0.54261	0.11039	0.00814	0.01176	0.01424	0.00814	0.07878	0.00954	0.01217	0.00707	0.00862	0.00620	0.02552	0.03949	0.00136	0.03764	0.00280	0.00213	0.06240
10	0.00965	0.11119	0.07998	0.29586	0.18715	0.02929	0.01053	0.01217	0.00910	0.02813	0.00794	0.01075	0.00646	0.00417	0.00416	0.00122	0.02478	0.01761	0.00216	0.14769
11	0.01070	0.01094	0.07296	0.11262	0.61580	0.01039	0.01287	0.07558	0.01045	0.01474	0.00820	0.01062	0.00665	0.00401	0.00426	0.00130	0.00524	0.00379	0.00226	0.00661

[dist]
# distance from previous block
# <min> <max>
0	2

[block]
# block no. 2 follows, 61 sequences, length 6
# corresponding to MSA columns:
# 99-104
name=unknown_C
#
# <colnr> <probs for GDERKNQSTAVLIFYWHMCP>
#	G	D	E	R	K	N	Q	S	T	A	V	L	I	F	Y	W	H	M	C	P
0	0.71437	0.00943	0.00866	0.00727	0.01010	0.05188	0.07644	0.05281	0.00848	0.01878	0.00649	0.00762	0.00501	0.00405	0.00303	0.00133	0.00398	0.00268	0.00268	0.00492
1	0.00644	0.00501	0.00780	0.00731	0.00820	0.00556	0.05811	0.00787	0.00703	0.00999	0.01168	0.01837	0.01127	0.16073	0.64741	0.00612	0.01008	0.00491	0.00235	0.00378
2	0.05682	0.05171	0.02994	0.04786	0.13899	0.07707	0.10700	0.02904	0.02623	0.04864	0.01099	0.03883	0.05714	0.00458	0.00396	0.00113	0.00461	0.00400	0.00267	0.25882
3	0.02900	0.04569	0.07379	0.05352	0.10867	0.03577	0.03125	0.10218	0.17063	0.02953	0.09061	0.01804	0.11364	0.03901	0.02160	0.00158	0.02147	0.00505	0.00334	0.00563
4	0.02528	0.05483	0.05075	0.01164	0.18092	0.08496	0.04387	0.03639	0.04389	0.02880	0.09087	0.05129	0.13709	0.07231	0.02364	0.00165	0.00449	0.01670	0.00303	0.03761
5	0.02585	0.06295	0.03604	0.07810	0.06750	0.02180	0.04643	0.11190	0.01043	0.03012	0.09441	0.11594	0.04503	0.01182	0.17374	0.00247	0.00568	0.00546	0.00306	0.05126

[dist]
# distance from previous block
# <min> <max>
1	10

[block]
# block no. 3 follows, 61 sequences, length 31
# corresponding to MSA columns:
# 115-145
name=unknown_D
#
# <colnr> <probs for GDERKNQSTAVLIFYWHMCP>
#	G	D	E	R	K	N	Q	S	T	A	V	L	I	F	Y	W	H	M	C	P
0	0.02975	0.01179	0.04372	0.04343	0.03562	0.09383	0.00799	0.38922	0.15046	0.03024	0.01088	0.01182	0.00831	0.04614	0.00502	0.00141	0.00476	0.00390	0.00363	0.06809
1	0.00878	0.02089	0.00989	0.09675	0.13334	0.05313	0.02893	0.04841	0.08892	0.01243	0.03399	0.07702	0.07436	0.19025	0.01909	0.06057	0.00443	0.00548	0.00288	0.03045
2	0.00764	0.00601	0.00838	0.01051	0.19138	0.00593	0.00617	0.01804	0.07776	0.02755	0.05925	0.24789	0.14446	0.07652	0.00741	0.08643	0.00340	0.00745	0.00336	0.00447
3	0.11137	0.09201	0.19199	0.04963	0.10836	0.04051	0.25437	0.01358	0.00939	0.04663	0.00800	0.00995	0.00612	0.00419	0.00454	0.01512	0.02251	0.00374	0.00223	0.00579
4	0.00907	0.00889	0.01235	0.19762	0.20418	0.08608	0.03845	0.01099	0.00914	0.01197	0.03427	0.14294	0.02706	0.01632	0.00615	0.00154	0.11850	0.05693	0.00258	0.00499
5	0.00640	0.00454	0.00544	0.00555	0.00665	0.00422	0.00411	0.00770	0.02279	0.05882	0.05441	0.20635	0.36987	0.07074	0.10237	0.00236	0.00368	0.05632	0.00381	0.00386
6	0.00827	0.00741	0.01211	0.35977	0.21985	0.00817	0.02546	0.02369	0.00925	0.01244	0.06458	0.11752	0.03279	0.00710	0.02950	0.02577	0.00494	0.02383	0.00257	0.00499
7	0.05219	0.18971	0.17406	0.09738	0.06522	0.09309	0.04110	0.01254	0.04648	0.01225	0.02137	0.10085	0.00961	0.06033	0.00514	0.00148	0.00512	0.00442	0.00240	0.00524
8	0.58802	0.01015	0.11729	0.00693	0.01015	0.00934	0.00648	0.06222	0.00894	0.09179	0.00934	0.00986	0.04531	0.00454	0.00323	0.00134	0.00380	0.00305	0.00296	0.00525
9	0.00675	0.00421	0.00539	0.00557	0.00613	0.00422	0.00387	0.00746	0.00764	0.03899	0.01696	0.23236	0.06071	0.18419	0.17720	0.09701	0.00476	0.00696	0.12620	0.00343
10	0.02555	0.04354	0.01548	0.14141	0.30531	0.06341	0.10699	0.08653	0.01060	0.02589	0.03619	0.01180	0.00801	0.02983	0.01869	0.00146	0.01448	0.00400	0.00248	0.04835
11	0.00830	0.05058	0.30950	0.03200	0.01464	0.04948	0.14225	0.01121	0.00915	0.01234	0.01383	0.19175	0.05368	0.04790	0.00548	0.00159	0.00526	0.03336	0.00259	0.00511
12	0.00634	0.00445	0.00621	0.00630	0.00690	0.00422	0.04260	0.00715	0.00835	0.03370	0.08808	0.43130	0.04941	0.20410	0.00965	0.03771	0.00321	0.04320	0.00360	0.00352
13	0.04547	0.00903	0.01461	0.07386	0.59002	0.00910	0.01108	0.01218	0.00966	0.01416	0.06454	0.01342	0.03343	0.02343	0.00461	0.00134	0.00462	0.00422	0.02483	0.03640
14	0.02166	0.04323	0.23950	0.02657	0.13195	0.08966	0.03598	0.14790	0.05239	0.01542	0.02019	0.01882	0.04251	0.00643	0.04888	0.00164	0.04464	0.00396	0.00266	0.00601
15	0.08387	0.02016	0.68370	0.01140	0.01701	0.04234	0.01414	0.01341	0.00896	0.01383	0.00772	0.00924	0.00565	0.00546	0.04394	0.00162	0.00641	0.00316	0.00193	0.00604
16	0.00676	0.00495	0.00562	0.00552	0.00657	0.00482	0.00399	0.04711	0.06694	0.01318	0.13600	0.13864	0.25891	0.14933	0.00822	0.03738	0.00286	0.03520	0.06411	0.00388
17	0.09135	0.02338	0.01446	0.01833	0.45327	0.07948	0.03296	0.05130	0.01054	0.11063	0.01054	0.01253	0.03644	0.00462	0.00425	0.00131	0.01222	0.02330	0.00278	0.00630
18	0.00673	0.00762	0.11679	0.00841	0.06106	0.04537	0.00655	0.00836	0.00909	0.01209	0.07503	0.50153	0.05906	0.01064	0.00513	0.00161	0.00348	0.05366	0.00355	0.00424
19	0.00729	0.00432	0.00565	0.00571	0.00606	0.00431	0.00378	0.00747	0.04155	0.04899	0.01396	0.20096	0.01510	0.26675	0.04783	0.30400	0.00390	0.00649	0.00286	0.00301
20	0.04223	0.00804	0.01993	0.03928	0.26269	0.01563	0.02745	0.05115	0.07416	0.06865	0.07416	0.04382	0.07681	0.00852	0.06974	0.04448	0.02784	0.02445	0.01551	0.00548
21	0.02276	0.09437	0.30790	0.09601	0.13227	0.03952	0.17149	0.02175	0.04841	0.01346	0.00824	0.01012	0.00628	0.00405	0.00420	0.00133	0.00599	0.00370	0.00212	0.00604
22	0.00917	0.06179	0.71784	0.01224	0.01821	0.04572	0.04931	0.01377	0.00926	0.01335	0.00764	0.00904	0.00551	0.00407	0.00406	0.00134	0.00638	0.00321	0.00185	0.00624
23	0.00628	0.00460	0.00579	0.00593	0.00683	0.00449	0.00447	0.00813	0.04651	0.01319	0.25170	0.13633	0.14768	0.08745	0.08252	0.02701	0.00359	0.13131	0.02235	0.00382
24	0.01005	0.00902	0.01416	0.11130	0.48761	0.02815	0.02651	0.01264	0.04622	0.04819	0.01282	0.01495	0.09611	0.02323	0.00525	0.03605	0.00476	0.00453	0.00256	0.00592
25	0.01060	0.24196	0.42652	0.01036	0.01517	0.03615	0.02856	0.08192	0.01017	0.04660	0.00863	0.04928	0.00699	0.00458	0.00385	0.00125	0.00552	0.00352	0.00231	0.00607
26	0.06689	0.01970	0.08692	0.06037	0.24153	0.06069	0.02355	0.07029	0.02651	0.03475	0.01653	0.06296	0.00883	0.04782	0.05791	0.00189	0.10035	0.00436	0.00256	0.00557
27	0.00665	0.00434	0.00540	0.00562	0.00607	0.00422	0.00373	0.02232	0.00787	0.04539	0.03041	0.32704	0.06261	0.33391	0.05475	0.04554	0.00377	0.02366	0.00335	0.00336
28	0.01007	0.04535	0.20448	0.13336	0.06429	0.06257	0.03906	0.07195	0.04311	0.07120	0.05122	0.03156	0.08959	0.02284	0.03935	0.00164	0.00530	0.00463	0.00286	0.00556
29	0.08525	0.03278	0.04883	0.07966	0.01198	0.10214	0.00719	0.12927	0.06241	0.07357	0.01522	0.13391	0.05295	0.02062	0.01408	0.00156	0.00446	0.10481	0.01412	0.00519
30	0.12826	0.58596	0.01806	0.00743	0.01065	0.09333	0.00689	0.01287	0.00881	0.01152	0.00670	0.02587	0.00615	0.00514	0.03582	0.00124	0.00493	0.00267	0.00207	0.02561

[dist]
# distance from previous block
# <min> <max>
3	8

[block]
# block no. 4 follows, 61 sequences, length 14
# corresponding to MSA columns:
# 154-167
name=unknown_E
#
# <colnr> <probs for GDERKNQSTAVLIFYWHMCP>
#	G	D	E	R	K	N	Q	S	T	A	V	L	I	F	Y	W	H	M	C	P
0	0.00750	0.00566	0.03262	0.00672	0.02190	0.01521	0.00505	0.00879	0.00824	0.07146	0.06509	0.09882	0.06162	0.21110	0.26661	0.00377	0.00610	0.04559	0.00308	0.05508
1	0.02307	0.00774	0.01214	0.39628	0.05208	0.00863	0.06464	0.01250	0.06493	0.08421	0.05671	0.02503	0.00957	0.02110	0.04502	0.00169	0.03634	0.00434	0.00270	0.07128
2	0.00993	0.05448	0.08451	0.04390	0.03351	0.00764	0.03439	0.03458	0.00944	0.06741	0.00860	0.02801	0.00702	0.00395	0.00391	0.00093	0.03150	0.00318	0.00264	0.53047
3	0.52302	0.08078	0.00947	0.00744	0.00982	0.18831	0.00605	0.01330	0.00844	0.01565	0.00634	0.00773	0.00524	0.00545	0.03673	0.00151	0.06489	0.00262	0.00243	0.00478
4	0.00902	0.01749	0.58314	0.01091	0.01587	0.00885	0.03084	0.01307	0.00965	0.07276	0.11737	0.04127	0.01136	0.00524	0.00466	0.00139	0.03434	0.00426	0.00255	0.00596
5	0.00700	0.02730	0.03352	0.00614	0.00778	0.00584	0.00491	0.01095	0.17711	0.01558	0.39516	0.04946	0.22564	0.00854	0.00486	0.00140	0.00257	0.00733	0.00430	0.00463
6	0.01166	0.76284	0.02181	0.00873	0.06205	0.05148	0.00778	0.01310	0.00897	0.01040	0.00615	0.00718	0.00561	0.00373	0.00291	0.00095	0.00477	0.00242	0.00188	0.00559
7	0.00728	0.00553	0.00745	0.00840	0.11778	0.00517	0.00545	0.00944	0.03772	0.04973	0.40204	0.07229	0.19287	0.00853	0.00492	0.00139	0.00271	0.03230	0.00413	0.02486
8	0.00766	0.00663	0.05110	0.00866	0.06742	0.00560	0.09394	0.00949	0.01017	0.06602	0.28267	0.10554	0.14892	0.09151	0.00687	0.01900	0.00348	0.00715	0.00370	0.00448
9	0.00724	0.00389	0.00549	0.00553	0.00561	0.00390	0.00368	0.00602	0.00601	0.00813	0.00937	0.01716	0.00970	0.15750	0.03498	0.64993	0.00395	0.03359	0.02616	0.00218
10	0.02362	0.05721	0.13733	0.20800	0.24918	0.05379	0.08425	0.01331	0.05174	0.01328	0.00865	0.01092	0.00677	0.00417	0.00412	0.00131	0.00545	0.00375	0.05733	0.00581
11	0.00613	0.00415	0.00471	0.00480	0.00488	0.00409	0.00276	0.00624	0.00659	0.00872	0.01572	0.10096	0.05009	0.74017	0.01978	0.00385	0.00395	0.00691	0.00279	0.00273
12	0.11195	0.14539	0.07618	0.11272	0.11055	0.18292	0.00922	0.02413	0.07525	0.01306	0.00780	0.00943	0.00635	0.00491	0.01685	0.00135	0.06730	0.00322	0.00232	0.01909
13	0.28525	0.10919	0.14467	0.02847	0.06718	0.08192	0.04838	0.04722	0.04366	0.03590	0.00798	0.00912	0.00617	0.00417	0.00349	0.00125	0.00474	0.00308	0.03855	0.02958

[dist]
# distance from previous block
# <min> <max>
1	3

[block]
# block no. 5 follows, 61 sequences, length 25
# corresponding to MSA columns:
# 171-195
name=unknown_F
#
# <colnr> <probs for GDERKNQSTAVLIFYWHMCP>
#	G	D	E	R	K	N	Q	S	T	A	V	L	I	F	Y	W	H	M	C	P
0	0.01286	0.15503	0.04898	0.03109	0.02646	0.02342	0.02654	0.27650	0.07654	0.10996	0.08599	0.01407	0.04557	0.00548	0.00439	0.00128	0.02644	0.00430	0.01891	0.00620
1	0.00558	0.00414	0.00563	0.02119	0.02797	0.00399	0.00450	0.00646	0.00838	0.01119	0.03562	0.73013	0.04578	0.02688	0.00585	0.00177	0.01574	0.03168	0.00387	0.00364
2	0.01117	0.46844	0.17703	0.03729	0.09923	0.06544	0.00985	0.05047	0.00968	0.01210	0.00713	0.02144	0.00611	0.00407	0.00342	0.00110	0.00521	0.00295	0.00204	0.00582
3	0.01022	0.04573	0.05500	0.12101	0.27876	0.06719	0.16853	0.02693	0.03194	0.01310	0.00935	0.01174	0.03269	0.00533	0.03139	0.00152	0.05762	0.00410	0.00225	0.02557
4	0.00732	0.00380	0.00549	0.00549	0.00549	0.00380	0.00359	0.00570	0.00570	0.00760	0.00831	0.01515	0.00860	0.12842	0.01753	0.75621	0.00380	0.00408	0.00197	0.00197
5	0.00672	0.02893	0.00665	0.00628	0.03310	0.00535	0.00457	0.02506	0.09562	0.01477	0.33701	0.07156	0.30191	0.02409	0.00524	0.00146	0.00255	0.02059	0.00419	0.00435
6	0.00742	0.00576	0.00657	0.00611	0.00750	0.02666	0.00463	0.01123	0.16258	0.03143	0.52965	0.04227	0.10002	0.00822	0.00485	0.00137	0.00249	0.00713	0.02949	0.00462
7	0.01120	0.00976	0.00995	0.00886	0.01131	0.04554	0.00692	0.07995	0.69036	0.01828	0.03484	0.01618	0.01321	0.00590	0.00440	0.00144	0.00367	0.01730	0.00429	0.00667
8	0.01233	0.03023	0.00943	0.00757	0.00999	0.00945	0.00609	0.31430	0.18939	0.05821	0.03428	0.01402	0.01071	0.00534	0.00391	0.00124	0.00349	0.00422	0.26973	0.00607
9	0.01152	0.85121	0.02257	0.00737	0.01106	0.01704	0.00737	0.01290	0.00875	0.01013	0.00599	0.00691	0.00553	0.00369	0.00276	0.00092	0.00461	0.00230	0.00184	0.00553
10	0.01432	0.01098	0.01436	0.06762	0.16607	0.01177	0.06524	0.48846	0.01615	0.07008	0.01027	0.01157	0.00761	0.00490	0.00439	0.00133	0.00497	0.01934	0.00365	0.00689
11	0.01160	0.80230	0.04368	0.00758	0.01133	0.01674	0.00762	0.03831	0.00913	0.01077	0.00617	0.00708	0.00558	0.00374	0.00285	0.00094	0.00466	0.00238	0.00192	0.00561
12	0.00962	0.00995	0.01113	0.00996	0.01056	0.15506	0.00801	0.01074	0.00772	0.01032	0.00787	0.03276	0.00760	0.01378	0.23102	0.00309	0.45017	0.00404	0.00211	0.00450
13	0.11387	0.03090	0.08245	0.03673	0.05271	0.48490	0.00876	0.02882	0.01108	0.07838	0.00764	0.00868	0.00595	0.00448	0.00409	0.00121	0.02843	0.00301	0.00249	0.00539
14	0.03312	0.01786	0.57158	0.03827	0.01737	0.00967	0.07824	0.01290	0.00910	0.02696	0.03012	0.02826	0.02226	0.00494	0.00492	0.00143	0.06061	0.02432	0.00215	0.00590
15	0.87904	0.00833	0.00633	0.00566	0.00833	0.00966	0.00467	0.01266	0.00733	0.01933	0.00600	0.00700	0.00467	0.00400	0.00267	0.00133	0.00333	0.00233	0.00267	0.00467
16	0.00715	0.00583	0.00782	0.03980	0.07233	0.02571	0.00563	0.00815	0.00710	0.00982	0.01157	0.04423	0.01202	0.33403	0.30510	0.00445	0.08788	0.00525	0.00240	0.00375
17	0.01611	0.01193	0.01278	0.00986	0.01326	0.01324	0.00812	0.77084	0.05723	0.02672	0.01068	0.01061	0.00760	0.00520	0.00431	0.00130	0.00468	0.00392	0.00431	0.00730
18	0.01155	0.03080	0.05803	0.01205	0.13681	0.03737	0.02136	0.17699	0.33189	0.01793	0.04816	0.01381	0.02233	0.00547	0.00492	0.00139	0.05466	0.00441	0.00357	0.00650
19	0.04258	0.00647	0.00796	0.00647	0.00895	0.00603	0.00523	0.06389	0.01156	0.46161	0.03858	0.01513	0.01127	0.00528	0.00386	0.00122	0.00313	0.00424	0.29048	0.00606
20	0.01320	0.02632	0.07284	0.03384	0.19849	0.10923	0.05253	0.27370	0.09307	0.04674	0.01001	0.01123	0.00764	0.00476	0.00442	0.00131	0.01740	0.01351	0.00318	0.00656
21	0.00545	0.00384	0.00496	0.00576	0.00598	0.00363	0.00376	0.00609	0.00799	0.01068	0.04026	0.68392	0.02652	0.15963	0.00836	0.00217	0.00278	0.01110	0.00377	0.00336
22	0.02328	0.10701	0.35653	0.01175	0.07309	0.01069	0.05936	0.08271	0.11634	0.03988	0.02277	0.01277	0.03021	0.00487	0.00416	0.00134	0.00523	0.02907	0.00271	0.00623
23	0.00583	0.00440	0.00566	0.03188	0.00747	0.00421	0.00464	0.00717	0.02482	0.01164	0.04696	0.45715	0.15950	0.04233	0.02733	0.00191	0.00308	0.13049	0.00384	0.01968
24	0.04917	0.02443	0.01181	0.00954	0.01250	0.11626	0.00770	0.46068	0.20101	0.02198	0.01164	0.01222	0.00880	0.00535	0.00423	0.00132	0.00474	0.02598	0.00395	0.00669

[dist]
# distance from previous block
# <min> <max>
0	1

[block]
# block no. 6 follows, 61 sequences, length 7
# corresponding to MSA columns:
# 197-203
name=unknown_G
#
# <colnr> <probs for GDERKNQSTAVLIFYWHMCP>
#	G	D	E	R	K	N	Q	S	T	A	V	L	I	F	Y	W	H	M	C	P
0	0.06086	0.08344	0.03623	0.02371	0.01139	0.11222	0.04777	0.07456	0.03810	0.20213	0.01359	0.13624	0.03165	0.02310	0.04866	0.00171	0.04052	0.00515	0.00345	0.00551
1	0.73185	0.00924	0.00767	0.00735	0.05382	0.04619	0.00555	0.06927	0.00860	0.01920	0.00645	0.00747	0.00501	0.00409	0.00292	0.00132	0.00373	0.00254	0.00273	0.00499
2	0.02958	0.00967	0.01256	0.10943	0.23805	0.08134	0.00935	0.01407	0.12996	0.06603	0.00997	0.01273	0.00830	0.06284	0.04216	0.00185	0.14971	0.00408	0.00267	0.00564
3	0.59414	0.00800	0.00755	0.00633	0.00921	0.00856	0.00522	0.01542	0.00899	0.28623	0.00964	0.00954	0.00665	0.00444	0.00322	0.00133	0.00344	0.00300	0.00355	0.00555
4	0.00652	0.00529	0.00632	0.02883	0.00788	0.03249	0.00474	0.00775	0.00906	0.01226	0.10307	0.45209	0.08983	0.01045	0.00528	0.00151	0.03001	0.04685	0.02440	0.11537
5	0.00611	0.00420	0.00466	0.00466	0.00484	0.00411	0.00269	0.00625	0.00672	0.00877	0.01742	0.02989	0.11870	0.74130	0.01977	0.00383	0.00392	0.00663	0.00279	0.00274
6	0.01147	0.00968	0.01198	0.00984	0.01159	0.01161	0.03122	0.31302	0.04338	0.01728	0.01304	0.01445	0.11110	0.00772	0.03596	0.00174	0.33148	0.00460	0.00320	0.00565

[dist]
# distance from previous block
# <min> <max>
0	10

[block]
# block no. 7 follows, 61 sequences, length 10
# corresponding to MSA columns:
# 214-223
name=unknown_H
#
# <colnr> <probs for GDERKNQSTAVLIFYWHMCP>
#	G	D	E	R	K	N	Q	S	T	A	V	L	I	F	Y	W	H	M	C	P
0	0.87904	0.00833	0.00633	0.00566	0.00833	0.00966	0.00467	0.01266	0.00733	0.01933	0.00600	0.00700	0.00467	0.00400	0.00267	0.00133	0.00333	0.00233	0.00267	0.00467
1	0.00907	0.03021	0.08903	0.03965	0.04704	0.11818	0.02726	0.04442	0.08989	0.01358	0.12399	0.02132	0.15889	0.05502	0.05363	0.00185	0.03189	0.02527	0.01493	0.00490
2	0.00562	0.00416	0.00527	0.00578	0.00642	0.00389	0.00403	0.00710	0.03696	0.01279	0.21408	0.53966	0.11451	0.01185	0.00532	0.00161	0.00239	0.01060	0.00419	0.00376
3	0.01259	0.34353	0.04677	0.00809	0.01113	0.12595	0.00724	0.20827	0.01212	0.01559	0.00869	0.00962	0.00697	0.00441	0.00340	0.00107	0.00467	0.00310	0.16112	0.00565
4	0.01129	0.00886	0.00985	0.00887	0.03073	0.00976	0.00682	0.26495	0.33015	0.01936	0.03496	0.13304	0.01444	0.00699	0.00456	0.00144	0.00370	0.04971	0.02621	0.02430
5	0.08258	0.08843	0.14671	0.28804	0.14508	0.03328	0.07422	0.01296	0.04778	0.01308	0.00829	0.02628	0.00660	0.00432	0.00406	0.00134	0.00544	0.00374	0.00218	0.00558
6	0.00668	0.00519	0.00683	0.00638	0.00713	0.00551	0.00482	0.00791	0.00981	0.01378	0.42102	0.10405	0.09531	0.04363	0.00825	0.07500	0.14208	0.00712	0.00375	0.02574
7	0.00941	0.00854	0.00888	0.00684	0.01011	0.07542	0.00539	0.02949	0.06522	0.01436	0.06076	0.01278	0.05846	0.00434	0.00359	0.00084	0.00349	0.00348	0.00291	0.61568
8	0.01030	0.01126	0.08496	0.04688	0.60606	0.03131	0.05539	0.01299	0.00970	0.01368	0.00906	0.01139	0.03108	0.00417	0.00453	0.00130	0.02549	0.00395	0.00216	0.02433
9	0.01124	0.66113	0.01960	0.00742	0.01093	0.01508	0.00706	0.04274	0.06668	0.01189	0.03407	0.00870	0.00737	0.00402	0.00305	0.00096	0.00432	0.00275	0.00227	0.07872

[dist]
# distance from previous block
# <min> <max>
0	73

[block]
# block no. 8 follows, 61 sequences, length 17
# corresponding to MSA columns:
# 297-313
name=unknown_I
#
# <colnr> <probs for GDERKNQSTAVLIFYWHMCP>
#	G	D	E	R	K	N	Q	S	T	A	V	L	I	F	Y	W	H	M	C	P
0	0.75186	0.01037	0.12615	0.00663	0.00984	0.00971	0.00631	0.01281	0.00759	0.01850	0.00625	0.00730	0.00478	0.00401	0.00287	0.00134	0.00378	0.00246	0.00254	0.00491
1	0.00903	0.03521	0.17551	0.22163	0.27343	0.04061	0.01156	0.01188	0.00942	0.01278	0.05169	0.01390	0.06582	0.00608	0.04220	0.00159	0.00554	0.00423	0.00228	0.00561
2	0.00636	0.00507	0.00617	0.00589	0.00718	0.00475	0.03792	0.00842	0.07541	0.02379	0.09451	0.11463	0.39606	0.13267	0.00758	0.00191	0.00295	0.06097	0.00383	0.00394
3	0.02732	0.01019	0.04136	0.01925	0.47807	0.03206	0.04965	0.02763	0.08183	0.13300	0.02590	0.01216	0.00858	0.00517	0.02770	0.00147	0.00506	0.00408	0.00289	0.00661
4	0.00932	0.00937	0.01291	0.36482	0.15205	0.11581	0.04394	0.01160	0.00893	0.01134	0.00835	0.01189	0.00694	0.00997	0.17102	0.00249	0.03828	0.00390	0.00208	0.00500
5	0.05201	0.01074	0.12957	0.00885	0.01244	0.00906	0.00807	0.15354	0.17019	0.37837	0.01415	0.01307	0.00957	0.00517	0.00423	0.00136	0.00418	0.00411	0.00435	0.00698
6	0.75161	0.00784	0.00642	0.00600	0.00842	0.00898	0.00500	0.01212	0.00771	0.01839	0.00845	0.01308	0.00761	0.00515	0.00315	0.00143	0.00342	0.11783	0.00286	0.00456
7	0.00623	0.00453	0.00663	0.00663	0.00729	0.00518	0.00502	0.00745	0.00679	0.00971	0.01156	0.01791	0.01112	0.11594	0.71047	0.04641	0.01042	0.00475	0.00232	0.00363
8	0.01019	0.00477	0.00563	0.00521	0.00665	0.00448	0.00397	0.01193	0.00981	0.20436	0.04817	0.13762	0.01468	0.00648	0.00377	0.00120	0.00247	0.00544	0.50845	0.00472
9	0.03135	0.01645	0.01081	0.00972	0.01175	0.59213	0.00724	0.04050	0.02914	0.06934	0.00875	0.01149	0.00760	0.12790	0.00655	0.00159	0.00667	0.00347	0.00262	0.00492
10	0.00600	0.00695	0.12505	0.00642	0.00822	0.00477	0.00581	0.00775	0.00945	0.01222	0.07636	0.18984	0.36470	0.03711	0.00568	0.00165	0.00316	0.12113	0.00368	0.00405
11	0.03789	0.01033	0.01231	0.38002	0.09970	0.14782	0.02395	0.01446	0.16228	0.01294	0.01057	0.01316	0.02547	0.00490	0.00427	0.00138	0.00540	0.02519	0.00259	0.00537
12	0.01212	0.01165	0.12988	0.00949	0.01267	0.01084	0.00851	0.34608	0.25402	0.02026	0.01353	0.06444	0.01099	0.00691	0.03125	0.00160	0.00463	0.04076	0.00387	0.00654
13	0.03234	0.00672	0.01008	0.01125	0.18523	0.00644	0.06241	0.01128	0.04155	0.10582	0.23091	0.12411	0.12257	0.00764	0.00480	0.00142	0.00346	0.02304	0.00379	0.00515
14	0.00859	0.00799	0.01202	0.46746	0.05567	0.01943	0.03532	0.01133	0.03096	0.01221	0.00950	0.01251	0.03729	0.00448	0.00438	0.00125	0.02855	0.01537	0.00227	0.22344
15	0.13700	0.03464	0.01058	0.05285	0.16314	0.00755	0.04153	0.01208	0.00985	0.12869	0.15926	0.04841	0.04586	0.04388	0.00512	0.00145	0.01238	0.02231	0.00334	0.06007
16	0.00781	0.00722	0.02393	0.38637	0.09670	0.00778	0.04815	0.02731	0.00922	0.01207	0.01579	0.08585	0.12852	0.02543	0.02534	0.00167	0.00487	0.06189	0.01937	0.00470

[dist]
# distance from previous block
# <min> <max>
0	72

[block]
# block no. 9 follows, 61 sequences, length 70
# corresponding to MSA columns:
# 390-459
name=unknown_J
#
# <colnr> <probs for GDERKNQSTAVLIFYWHMCP>
#	G	D	E	R	K	N	Q	S	T	A	V	L	I	F	Y	W	H	M	C	P
0	0.03968	0.00981	0.01581	0.09592	0.59952	0.01015	0.02828	0.03765	0.07415	0.01463	0.00962	0.01174	0.02533	0.00424	0.00426	0.00132	0.00494	0.00401	0.00242	0.00649
1	0.01540	0.01094	0.01196	0.00917	0.01250	0.01169	0.00750	0.63609	0.01794	0.08243	0.01069	0.01127	0.00783	0.04108	0.00495	0.00135	0.00448	0.00388	0.00413	0.09470
2	0.00621	0.00418	0.00468	0.00468	0.00475	0.00415	0.00264	0.00626	0.00642	0.00849	0.01486	0.02876	0.05008	0.81276	0.02120	0.00406	0.00409	0.00639	0.00267	0.00265
3	0.07875	0.00943	0.01570	0.05842	0.48854	0.00966	0.10322	0.01318	0.04378	0.03436	0.00897	0.01150	0.00735	0.00692	0.09001	0.00191	0.00581	0.00400	0.00236	0.00614
4	0.00840	0.00783	0.01301	0.75472	0.02805	0.00955	0.03555	0.04044	0.00913	0.01171	0.00900	0.01245	0.03321	0.00454	0.00436	0.00143	0.00563	0.00404	0.00208	0.00487
5	0.04318	0.19485	0.40165	0.03133	0.14131	0.01157	0.01233	0.04773	0.02916	0.03740	0.00797	0.00923	0.00608	0.00409	0.00381	0.00126	0.00545	0.00318	0.00218	0.00624
6	0.02956	0.04655	0.09321	0.00964	0.06218	0.00988	0.00794	0.25559	0.13719	0.13885	0.03782	0.01592	0.10346	0.00646	0.02503	0.00148	0.00433	0.00466	0.00387	0.00639
7	0.00867	0.00663	0.00858	0.02409	0.00955	0.01740	0.03525	0.03982	0.15204	0.05755	0.03532	0.04053	0.01224	0.12182	0.30950	0.00373	0.02701	0.00492	0.01368	0.07165
8	0.00634	0.00495	0.00697	0.00700	0.00745	0.00574	0.00523	0.00742	0.00718	0.01015	0.01437	0.24645	0.01552	0.10947	0.41272	0.00455	0.11523	0.00679	0.00275	0.00373
9	0.01218	0.56189	0.05183	0.00867	0.01205	0.19838	0.03461	0.01369	0.00952	0.01052	0.00655	0.00800	0.00587	0.02810	0.00370	0.00109	0.00543	0.00266	0.00197	0.02329
10	0.00740	0.00377	0.00555	0.00555	0.00555	0.00377	0.00366	0.00566	0.00566	0.00754	0.00792	0.01417	0.00807	0.07456	0.01720	0.81245	0.00377	0.00392	0.00192	0.00192
11	0.10069	0.04677	0.08762	0.03766	0.01220	0.03594	0.00778	0.18517	0.24248	0.01784	0.03779	0.01312	0.00989	0.03367	0.00523	0.00145	0.05484	0.01267	0.02489	0.03230
12	0.04521	0.00887	0.01134	0.04206	0.01249	0.07305	0.12310	0.12194	0.03492	0.07440	0.01345	0.12979	0.01250	0.00667	0.00475	0.00139	0.02542	0.10538	0.05269	0.10059
13	0.00616	0.00460	0.00684	0.00684	0.00758	0.00534	0.00528	0.00764	0.00690	0.00994	0.01161	0.01734	0.01095	0.06255	0.80155	0.00682	0.01127	0.00468	0.00232	0.00380
14	0.01374	0.01508	0.01116	0.01000	0.01239	0.42350	0.00765	0.06490	0.36541	0.01478	0.01165	0.01157	0.00899	0.00510	0.00413	0.00127	0.00568	0.00376	0.00329	0.00593
15	0.00938	0.00975	0.07317	0.01036	0.01153	0.01125	0.00902	0.02891	0.16244	0.01280	0.01075	0.01656	0.00998	0.00756	0.01008	0.00177	0.47468	0.12211	0.00272	0.00518
16	0.00535	0.00393	0.00500	0.00574	0.00624	0.00361	0.00395	0.00625	0.00874	0.01148	0.07541	0.63273	0.15063	0.02965	0.00575	0.00174	0.00250	0.03376	0.00402	0.00355
17	0.00618	0.00475	0.00571	0.00540	0.00650	0.02204	0.00405	0.00807	0.01187	0.01637	0.69757	0.03289	0.14453	0.00899	0.00506	0.00136	0.00218	0.00786	0.00459	0.00403
18	0.00580	0.00416	0.00549	0.00634	0.00686	0.00398	0.00468	0.00686	0.00866	0.01136	0.02392	0.50369	0.07626	0.07956	0.00691	0.00199	0.00303	0.23300	0.00388	0.00357
19	0.00898	0.00852	0.01444	0.56755	0.29380	0.00979	0.01238	0.01174	0.00901	0.01203	0.00781	0.01121	0.00610	0.00415	0.00429	0.00138	0.00553	0.00383	0.00199	0.00546
20	0.00591	0.00436	0.00531	0.00511	0.00621	0.00394	0.00382	0.00767	0.01137	0.01566	0.57166	0.05157	0.23603	0.00928	0.00500	0.00137	0.00208	0.00805	0.04165	0.00394
21	0.00818	0.00770	0.01300	0.82362	0.04395	0.00958	0.01199	0.01105	0.00863	0.01106	0.00766	0.01147	0.00576	0.00430	0.00431	0.00143	0.00573	0.00383	0.00192	0.00482
22	0.87904	0.00833	0.00633	0.00566	0.00833	0.00966	0.00467	0.01266	0.00733	0.01933	0.00600	0.00700	0.00467	0.00400	0.00267	0.00133	0.00333	0.00233	0.00267	0.00467
23	0.01152	0.85121	0.02257	0.00737	0.01106	0.01704	0.00737	0.01290	0.00875	0.01013	0.00599	0.00691	0.00553	0.00369	0.00276	0.00092	0.00461	0.00230	0.00184	0.00553
24	0.87904	0.00833	0.00633	0.00566	0.00833	0.00966	0.00467	0.01266	0.00733	0.01933	0.00600	0.00700	0.00467	0.00400	0.00267	0.00133	0.00333	0.00233	0.00267	0.00467
25	0.00818	0.00772	0.01293	0.81045	0.02905	0.00969	0.01188	0.01098	0.00855	0.01098	0.00759	0.01142	0.00574	0.00442	0.00464	0.00145	0.03382	0.00383	0.00191	0.00478
26	0.01294	0.00981	0.00997	0.00817	0.01077	0.06185	0.00654	0.39588	0.11153	0.04568	0.07266	0.01518	0.05726	0.00573	0.00417	0.00126	0.00395	0.00451	0.13354	0.02862
27	0.00615	0.00462	0.00692	0.00692	0.00769	0.00538	0.00538	0.00769	0.00692	0.01000	0.01154	0.01692	0.01077	0.03231	0.83154	0.00692	0.01154	0.00462	0.00231	0.00385
28	0.02915	0.00531	0.00681	0.00715	0.00832	0.00527	0.00570	0.03406	0.05825	0.08825	0.03065	0.29010	0.05100	0.02605	0.00568	0.00180	0.00337	0.33460	0.00409	0.00439
29	0.00528	0.00406	0.00484	0.00530	0.00610	0.00361	0.00372	0.00630	0.00929	0.01194	0.11908	0.44390	0.33717	0.01197	0.00529	0.00159	0.00232	0.01053	0.00408	0.00361
30	0.03356	0.01917	0.01171	0.01069	0.01284	0.74993	0.00801	0.02820	0.02422	0.01110	0.00768	0.04817	0.00677	0.00490	0.00395	0.00115	0.00731	0.00327	0.00238	0.00498
31	0.00526	0.00406	0.00482	0.00536	0.00615	0.00362	0.00378	0.00623	0.00908	0.01153	0.05975	0.46488	0.35376	0.01222	0.00533	0.00162	0.00239	0.03254	0.00402	0.00359
32	0.05951	0.00899	0.01113	0.00936	0.01089	0.01902	0.00763	0.16153	0.03576	0.11824	0.01048	0.10294	0.00935	0.00698	0.00851	0.00158	0.36295	0.00469	0.00317	0.04727
33	0.00988	0.00834	0.00975	0.00846	0.01063	0.04466	0.07178	0.06912	0.34820	0.02470	0.03351	0.12235	0.03007	0.00761	0.03977	0.00161	0.00402	0.00560	0.10146	0.04850
34	0.03491	0.02905	0.19722	0.12402	0.26044	0.00983	0.01148	0.05185	0.01947	0.05697	0.00875	0.01120	0.00693	0.00452	0.00475	0.00132	0.06003	0.02153	0.01156	0.07416
35	0.61095	0.00983	0.00814	0.03776	0.01030	0.11212	0.02825	0.03270	0.03310	0.02989	0.04721	0.00911	0.00706	0.00440	0.00318	0.00132	0.00406	0.00294	0.00280	0.00488
36	0.00756	0.04725	0.00910	0.02896	0.04813	0.00712	0.02351	0.03812	0.04763	0.01212	0.06392	0.02021	0.10433	0.05497	0.35655	0.00387	0.06036	0.03271	0.00283	0.03075
37	0.00691	0.00529	0.03088	0.00615	0.00679	0.00529	0.00446	0.00813	0.03679	0.03235	0.01324	0.04367	0.01384	0.45025	0.27195	0.00459	0.03003	0.02321	0.00268	0.00351
38	0.01138	0.81139	0.06118	0.00761	0.01142	0.01671	0.00778	0.01293	0.00877	0.01030	0.00607	0.00701	0.00552	0.00370	0.00283	0.00094	0.00469	0.00235	0.00184	0.00557
39	0.00654	0.00501	0.00626	0.00608	0.00737	0.00462	0.03433	0.04588	0.02128	0.03565	0.11216	0.27808	0.35992	0.01074	0.00519	0.00155	0.00272	0.04851	0.00406	0.00406
40	0.03913	0.02677	0.07138	0.00816	0.01017	0.00761	0.04754	0.01383	0.26162	0.02507	0.01648	0.09705	0.01545	0.07209	0.00631	0.02607	0.00385	0.17341	0.07296	0.00504
41	0.00750	0.00440	0.00697	0.03013	0.00756	0.00446	0.04243	0.00662	0.00645	0.00860	0.00943	0.01707	0.00945	0.01462	0.05386	0.67077	0.00436	0.09072	0.00214	0.00247
42	0.03889	0.01479	0.04945	0.00954	0.01143	0.46875	0.00752	0.01392	0.01011	0.03804	0.00851	0.01162	0.00756	0.08145	0.16526	0.00255	0.05004	0.00353	0.00235	0.00469
43	0.01148	0.73661	0.03724	0.00779	0.01124	0.06019	0.00761	0.01291	0.00882	0.01023	0.00620	0.00737	0.00568	0.00468	0.02674	0.00114	0.03429	0.00246	0.00188	0.00544
44	0.00745	0.00554	0.00682	0.00715	0.04662	0.00544	0.00519	0.03787	0.09916	0.03776	0.22432	0.13505	0.19514	0.00932	0.00500	0.00150	0.00283	0.11796	0.04535	0.00453
45	0.00650	0.00500	0.00710	0.00691	0.00745	0.00591	0.00523	0.00767	0.00676	0.00971	0.01136	0.01844	0.01124	0.19375	0.58812	0.00587	0.09210	0.00486	0.00233	0.00368
46	0.01074	0.01006	0.01277	0.01077	0.01167	0.04854	0.03045	0.14329	0.03908	0.01349	0.00774	0.01153	0.00711	0.04733	0.01165	0.00184	0.55384	0.02046	0.00248	0.00515
47	0.00633	0.00477	0.00684	0.00675	0.00735	0.00555	0.00510	0.00757	0.00679	0.00973	0.01161	0.01850	0.01137	0.17174	0.65281	0.00621	0.05010	0.00486	0.00234	0.00367
48	0.00807	0.00533	0.00676	0.00585	0.00748	0.00474	0.01531	0.00986	0.02282	0.10683	0.41689	0.02651	0.08558	0.12954	0.00717	0.00167	0.00280	0.00646	0.00410	0.12624
49	0.00541	0.00397	0.00509	0.00592	0.00641	0.00368	0.00414	0.00631	0.00859	0.01121	0.02629	0.63215	0.14269	0.03323	0.00588	0.00179	0.00264	0.08710	0.00396	0.00354
50	0.00657	0.00475	0.00674	0.00661	0.00712	0.00548	0.00493	0.00743	0.00668	0.00957	0.01111	0.01800	0.01095	0.17388	0.52676	0.10152	0.06408	0.00475	0.01960	0.00347
51	0.01071	0.00925	0.00974	0.00877	0.01120	0.01071	0.00682	0.02289	0.81396	0.01802	0.01753	0.01607	0.01315	0.00584	0.00438	0.00146	0.00341	0.00487	0.00438	0.00682
52	0.00827	0.00780	0.01309	0.79089	0.02886	0.00964	0.02952	0.01148	0.03685	0.01131	0.00803	0.01165	0.00602	0.00435	0.00433	0.00144	0.00569	0.00389	0.00201	0.00488
53	0.87904	0.00833	0.00633	0.00566	0.00833	0.00966	0.00467	0.01266	0.00733	0.01933	0.00600	0.00700	0.00467	0.00400	0.00267	0.00133	0.00333	0.00233	0.00267	0.00467
54	0.84883	0.00846	0.00656	0.00581	0.00851	0.00979	0.00479	0.04050	0.00778	0.01960	0.00615	0.00711	0.00476	0.00404	0.00272	0.00133	0.00338	0.00239	0.00272	0.00476
55	0.00893	0.00766	0.00893	0.00638	0.01021	0.00574	0.00510	0.01085	0.00893	0.01404	0.00766	0.00893	0.00638	0.00319	0.00319	0.00064	0.00319	0.00255	0.00255	0.87495
56	0.00672	0.00545	0.00802	0.00769	0.00832	0.00675	0.00609	0.00816	0.00687	0.01006	0.01051	0.01561	0.00988	0.02798	0.68882	0.00604	0.15632	0.00447	0.00223	0.00400
57	0.00748	0.00374	0.00561	0.00561	0.00561	0.00374	0.00374	0.00561	0.00561	0.00748	0.00748	0.01309	0.00748	0.01496	0.01684	0.87467	0.00374	0.00374	0.00187	0.00187
58	0.01017	0.01162	0.02542	0.01816	0.02251	0.01089	0.80610	0.01380	0.01017	0.01380	0.00871	0.01162	0.00654	0.00363	0.00508	0.00145	0.00726	0.00508	0.00218	0.00581
59	0.00650	0.00580	0.03836	0.00657	0.00776	0.00564	0.00528	0.00877	0.06091	0.01294	0.22302	0.08125	0.19114	0.03188	0.21824	0.00294	0.06879	0.01655	0.00350	0.00417
60	0.01066	0.00683	0.00808	0.00699	0.00906	0.00691	0.00548	0.07711	0.21710	0.18023	0.32827	0.02357	0.08699	0.00723	0.00469	0.00138	0.00294	0.00615	0.00468	0.00565
61	0.00956	0.00911	0.01549	0.38076	0.47604	0.00994	0.01267	0.01225	0.00929	0.01273	0.00791	0.01102	0.00635	0.00404	0.00428	0.00135	0.00539	0.00383	0.00204	0.00593
62	0.00516	0.00436	0.00446	0.00445	0.00586	0.00366	0.00333	0.00630	0.00995	0.01199	0.09273	0.05215	0.75930	0.01081	0.00510	0.00145	0.00218	0.00905	0.00405	0.00366
63	0.00893	0.00766	0.00893	0.00638	0.01021	0.00574	0.00510	0.01085	0.00893	0.01404	0.00766	0.00893	0.00638	0.00319	0.00319	0.00064	0.00319	0.00255	0.00255	0.87495
64	0.00624	0.00416	0.00471	0.00473	0.00474	0.00416	0.00265	0.00626	0.00632	0.00843	0.01386	0.05097	0.01602	0.82535	0.02147	0.00411	0.00413	0.00643	0.00265	0.00263
65	0.01606	0.01172	0.01284	0.04964	0.01407	0.01298	0.00832	0.74684	0.01947	0.04898	0.01040	0.01052	0.00734	0.00513	0.00431	0.00130	0.00476	0.00389	0.00422	0.00720
66	0.01052	0.01017	0.01692	0.07698	0.72152	0.02157	0.01289	0.01300	0.00961	0.01365	0.00794	0.01061	0.00668	0.00405	0.00474	0.00132	0.04533	0.00382	0.00211	0.00657
67	0.00626	0.00418	0.00470	0.00470	0.00470	0.00418	0.00261	0.00626	0.00626	0.00835	0.01357	0.02819	0.01566	0.84862	0.02192	0.00418	0.00418	0.00626	0.00261	0.00261
68	0.00607	0.00420	0.00512	0.00517	0.00552	0.00412	0.00332	0.00677	0.00807	0.01104	0.21460	0.13830	0.03250	0.47357	0.06067	0.00328	0.00381	0.00738	0.00332	0.00317
69	0.00581	0.00406	0.00509	0.00563	0.00589	0.00396	0.00371	0.00640	0.00757	0.01007	0.01960	0.41045	0.04124	0.34129	0.05054	0.00295	0.00368	0.06548	0.00337	0.00320

[dist]
# distance from previous block
# <min> <max>
0	25

[block]
# block no. 10 follows, 61 sequences, length 23
# corresponding to MSA columns:
# 485-507
name=unknown_K
#
# <colnr> <probs for GDERKNQSTAVLIFYWHMCP>
#	G	D	E	R	K	N	Q	S	T	A	V	L	I	F	Y	W	H	M	C	P
0	0.79669	0.00805	0.00652	0.02466	0.00877	0.00935	0.00488	0.01227	0.00733	0.01847	0.00643	0.00781	0.00513	0.00603	0.06212	0.00174	0.00398	0.00253	0.00262	0.00461
1	0.00792	0.00721	0.01197	0.60535	0.04439	0.00854	0.03854	0.02312	0.00911	0.01189	0.06043	0.10478	0.01111	0.00582	0.00457	0.00148	0.00512	0.03151	0.00244	0.00470
2	0.00583	0.06500	0.00611	0.00506	0.00641	0.00469	0.00387	0.00714	0.01015	0.01290	0.23902	0.14077	0.45751	0.01018	0.00497	0.00143	0.00236	0.00868	0.00404	0.00386
3	0.07291	0.04287	0.02303	0.01638	0.02044	0.06762	0.66425	0.01392	0.01005	0.01384	0.00828	0.01085	0.00630	0.00372	0.00474	0.00140	0.00692	0.00462	0.00220	0.00566
4	0.01186	0.60955	0.07528	0.00806	0.01162	0.09434	0.00786	0.01394	0.04171	0.04667	0.03896	0.00884	0.00743	0.00415	0.00319	0.00103	0.00484	0.00282	0.00225	0.00561
5	0.04942	0.05525	0.02627	0.10437	0.23334	0.14665	0.01825	0.11811	0.05927	0.01481	0.01173	0.03063	0.06358	0.00531	0.00435	0.00132	0.01568	0.03312	0.00278	0.00576
6	0.01045	0.01173	0.02316	0.01780	0.07851	0.04685	0.65108	0.01414	0.04234	0.01371	0.00881	0.01147	0.00674	0.00392	0.00530	0.00144	0.03960	0.00483	0.00225	0.00584
7	0.13563	0.02624	0.04185	0.02975	0.04260	0.06206	0.04497	0.09125	0.10136	0.05563	0.03051	0.03479	0.01009	0.10165	0.08305	0.00213	0.01300	0.00428	0.03196	0.05722
8	0.01049	0.00846	0.03947	0.07922	0.01227	0.02170	0.00642	0.03762	0.06740	0.11452	0.02129	0.01145	0.00815	0.03534	0.00432	0.00105	0.00375	0.00333	0.00303	0.51073
9	0.00580	0.00439	0.00541	0.00576	0.00674	0.00400	0.00436	0.00712	0.00969	0.01265	0.16565	0.26583	0.26634	0.03295	0.00576	0.00167	0.00267	0.16350	0.00405	0.02565
10	0.01017	0.04855	0.03783	0.10336	0.04562	0.08483	0.02676	0.02624	0.03923	0.04374	0.00928	0.01160	0.00760	0.00418	0.00368	0.00100	0.00426	0.03197	0.06263	0.39748
11	0.00700	0.03393	0.00848	0.00814	0.04021	0.00597	0.06550	0.03778	0.05484	0.01237	0.04763	0.52626	0.03881	0.05330	0.00635	0.00176	0.03436	0.00947	0.00363	0.00422
12	0.02421	0.28769	0.08143	0.00940	0.01207	0.24835	0.00839	0.01422	0.04856	0.03845	0.00793	0.01019	0.00689	0.00551	0.01407	0.02327	0.11947	0.03232	0.00229	0.00528
13	0.00971	0.03341	0.13165	0.22577	0.19978	0.06657	0.05142	0.04394	0.00951	0.01284	0.00871	0.04349	0.00733	0.00598	0.03435	0.02369	0.04815	0.00405	0.03418	0.00547
14	0.00560	0.00437	0.00509	0.00505	0.00624	0.00387	0.00380	0.00710	0.01073	0.01401	0.36522	0.08297	0.41576	0.01022	0.00515	0.00145	0.00222	0.04303	0.00431	0.00382
15	0.07917	0.00916	0.01037	0.02906	0.06260	0.01016	0.00729	0.17022	0.39120	0.08472	0.03266	0.01566	0.01171	0.00590	0.00454	0.01717	0.00384	0.04406	0.00406	0.00645
16	0.03531	0.01273	0.01292	0.04271	0.09152	0.19640	0.00898	0.26620	0.05897	0.01679	0.00837	0.00986	0.00668	0.00542	0.00654	0.00141	0.20672	0.00362	0.00292	0.00593
17	0.00595	0.00421	0.00474	0.00477	0.00517	0.00402	0.00295	0.00639	0.00763	0.00997	0.09071	0.07814	0.18601	0.55314	0.01601	0.00322	0.00348	0.00733	0.00316	0.00300
18	0.67995	0.00919	0.00785	0.00664	0.00949	0.01052	0.00548	0.19607	0.01031	0.02113	0.00700	0.00777	0.00528	0.00427	0.00305	0.00132	0.00366	0.00269	0.00305	0.00528
19	0.00547	0.00426	0.00454	0.00462	0.00554	0.00379	0.00315	0.00623	0.00869	0.01073	0.04923	0.10221	0.50279	0.25815	0.01009	0.00228	0.00279	0.00848	0.00361	0.00333
20	0.01269	0.01007	0.01071	0.00904	0.01181	0.01137	0.00720	0.28973	0.51003	0.03680	0.01565	0.01465	0.02901	0.00572	0.00437	0.00140	0.00384	0.00462	0.00437	0.00693
21	0.00813	0.00485	0.00608	0.00596	0.00717	0.00450	0.00443	0.03881	0.01043	0.13177	0.19180	0.33122	0.12719	0.00997	0.00497	0.00150	0.00262	0.03250	0.07170	0.00439
22	0.27619	0.08306	0.01037	0.00738	0.01046	0.00894	0.01887	0.09092	0.01115	0.38451	0.02832	0.01246	0.00900	0.00498	0.00376	0.00131	0.00378	0.02432	0.00403	0.00619

[dist]
# distance from previous block
# <min> <max>
0	3

[block]
# block no. 11 follows, 61 sequences, length 33
# corresponding to MSA columns:
# 511-543
name=unknown_L
#
# <colnr> <probs for GDERKNQSTAVLIFYWHMCP>
#	G	D	E	R	K	N	Q	S	T	A	V	L	I	F	Y	W	H	M	C	P
0	0.13932	0.09512	0.01603	0.07735	0.32640	0.03093	0.11547	0.01388	0.02945	0.07817	0.00845	0.01027	0.00665	0.00415	0.00429	0.00131	0.03059	0.00366	0.00248	0.00602
1	0.00858	0.00771	0.00873	0.00920	0.09899	0.10584	0.02604	0.01014	0.01025	0.05656	0.14484	0.04392	0.28361	0.00929	0.03877	0.00167	0.06184	0.06593	0.00350	0.00458
2	0.04462	0.16562	0.10685	0.00912	0.01258	0.20126	0.00817	0.15620	0.07923	0.01539	0.01910	0.00940	0.00705	0.00435	0.00368	0.00110	0.00516	0.00312	0.00276	0.14523
3	0.85634	0.00830	0.00643	0.00572	0.00840	0.00958	0.00471	0.01288	0.00746	0.04059	0.00629	0.00720	0.00482	0.00403	0.00271	0.00133	0.00334	0.00239	0.00274	0.00474
4	0.01008	0.04033	0.04649	0.01832	0.04003	0.05182	0.03301	0.07147	0.00987	0.01439	0.00766	0.00912	0.00630	0.00381	0.00419	0.00090	0.06101	0.00291	0.00253	0.56575
