[name]
unknown

[dist]
# distance from previous block
# <min> <max>
0	84

[block]
# block no. 0 follows, 57 sequences, length 17
# corresponding to MSA columns:
# 102-118
name=unknown_A
#
# <colnr> <probs for GDERKNQSTAVLIFYWHMCP>
#	G	D	E	R	K	N	Q	S	T	A	V	L	I	F	Y	W	H	M	C	P
0	0.00850	0.00612	0.00806	0.00860	0.00995	0.00628	0.00746	0.10465	0.01175	0.01537	0.02241	0.04625	0.02386	0.01166	0.00605	0.00200	0.00427	0.68794	0.00422	0.00460
1	0.05919	0.06930	0.01137	0.00808	0.01144	0.00836	0.00674	0.09842	0.02869	0.58199	0.05753	0.01498	0.01188	0.00560	0.00439	0.00137	0.00393	0.00446	0.00505	0.00725
2	0.09119	0.39047	0.03167	0.00919	0.01244	0.28616	0.00800	0.05491	0.04037	0.02776	0.00746	0.00831	0.00623	0.00437	0.00349	0.00113	0.00582	0.00283	0.00244	0.00574
3	0.00636	0.00463	0.00582	0.00648	0.00709	0.00445	0.00447	0.06421	0.00973	0.01286	0.02554	0.71670	0.08790	0.01335	0.00566	0.00178	0.00278	0.01198	0.00423	0.00399
4	0.01261	0.07390	0.01753	0.02258	0.56985	0.17190	0.01226	0.04039	0.01110	0.01422	0.00814	0.01031	0.00683	0.00420	0.00429	0.00128	0.00588	0.00370	0.00231	0.00671
5	0.01097	0.10358	0.01671	0.07999	0.31418	0.05435	0.10070	0.07016	0.04128	0.01443	0.01043	0.08085	0.00934	0.00729	0.06439	0.00181	0.00595	0.00479	0.00264	0.00615
6	0.01083	0.49524	0.36072	0.00995	0.01502	0.01478	0.01157	0.01390	0.00936	0.01223	0.00708	0.00824	0.00578	0.00406	0.00350	0.00117	0.00563	0.00282	0.00193	0.00619
7	0.00552	0.00394	0.00526	0.00631	0.00657	0.00368	0.00421	0.00631	0.00868	0.01157	0.02498	0.83779	0.02997	0.01420	0.00578	0.00184	0.00263	0.01288	0.00421	0.00368
8	0.01340	0.62536	0.02089	0.00873	0.01226	0.19245	0.00801	0.05197	0.01057	0.01161	0.00667	0.00764	0.00591	0.00412	0.00324	0.00103	0.00557	0.00261	0.00215	0.00578
9	0.01014	0.09054	0.60792	0.01319	0.03595	0.07613	0.07602	0.01459	0.00990	0.01380	0.00798	0.00951	0.00587	0.00425	0.00426	0.00138	0.00671	0.00341	0.00199	0.00647
10	0.00647	0.00485	0.00728	0.00728	0.00809	0.00566	0.00566	0.00809	0.00728	0.01052	0.01214	0.01780	0.01133	0.03398	0.82279	0.00728	0.01214	0.00485	0.00243	0.00405
11	0.00565	0.00403	0.00540	0.00645	0.00677	0.00379	0.00443	0.00653	0.00880	0.01171	0.02491	0.78197	0.02969	0.01408	0.00582	0.00186	0.00274	0.06746	0.00420	0.00372
12	0.00861	0.00651	0.00721	0.00734	0.00837	0.05612	0.00526	0.12698	0.01102	0.04780	0.02144	0.62723	0.02433	0.01193	0.00544	0.00171	0.00338	0.01059	0.00420	0.00455
13	0.01054	0.00925	0.01416	0.19801	0.06623	0.02414	0.15609	0.19180	0.01234	0.01636	0.01355	0.18526	0.01302	0.00715	0.00506	0.00157	0.00526	0.06131	0.00327	0.00564
14	0.05151	0.01697	0.01577	0.01315	0.03777	0.43039	0.17153	0.17890	0.01387	0.01592	0.00827	0.00962	0.00644	0.00462	0.00440	0.00130	0.00713	0.00367	0.00280	0.00598
15	0.04219	0.11523	0.21891	0.01515	0.19957	0.04860	0.05750	0.21788	0.01290	0.01777	0.00866	0.01003	0.00663	0.00447	0.00424	0.00133	0.00574	0.00365	0.00274	0.00680
16	0.01446	0.20353	0.07288	0.01194	0.08664	0.29181	0.00943	0.17554	0.06482	0.01563	0.00860	0.00947	0.00685	0.00466	0.00400	0.00122	0.00611	0.00332	0.00280	0.00628

[dist]
# distance from previous block
# <min> <max>
15	24

[block]
# block no. 1 follows, 57 sequences, length 6
# corresponding to MSA columns:
# 145-150
name=unknown_B
#
# <colnr> <probs for GDERKNQSTAVLIFYWHMCP>
#	G	D	E	R	K	N	Q	S	T	A	V	L	I	F	Y	W	H	M	C	P
0	0.03868	0.00703	0.00697	0.00665	0.00751	0.07583	0.00453	0.06632	0.07122	0.01206	0.01437	0.10772	0.01525	0.45307	0.09061	0.00357	0.00520	0.00633	0.00311	0.00396
1	0.31169	0.09880	0.06795	0.06488	0.14443	0.05358	0.00884	0.12095	0.06004	0.01799	0.00832	0.00955	0.00649	0.00448	0.00372	0.00135	0.00479	0.00328	0.00283	0.00605
2	0.03288	0.01214	0.11840	0.20139	0.20837	0.09393	0.01105	0.09193	0.01144	0.04914	0.04165	0.01478	0.08287	0.00535	0.00451	0.00140	0.00544	0.00448	0.00283	0.00603
3	0.06541	0.05131	0.08949	0.01056	0.01381	0.17057	0.04850	0.24310	0.14914	0.01874	0.01180	0.01469	0.00961	0.00573	0.00446	0.00142	0.00550	0.07628	0.00350	0.00638
4	0.06062	0.04820	0.18192	0.01012	0.01394	0.04867	0.05852	0.10658	0.05518	0.05575	0.04084	0.01125	0.00842	0.00489	0.00508	0.00128	0.08200	0.00371	0.00295	0.20007
5	0.05694	0.07856	0.17448	0.01182	0.08851	0.04542	0.04283	0.14733	0.10656	0.07946	0.02570	0.01149	0.00841	0.00484	0.00444	0.00132	0.02404	0.00384	0.00320	0.08082

[dist]
# distance from previous block
# <min> <max>
1	4

[block]
# block no. 2 follows, 57 sequences, length 8
# corresponding to MSA columns:
# 155-162
name=unknown_C
#
# <colnr> <probs for GDERKNQSTAVLIFYWHMCP>
#	G	D	E	R	K	N	Q	S	T	A	V	L	I	F	Y	W	H	M	C	P
0	0.04874	0.05979	0.32650	0.01235	0.01719	0.05314	0.15519	0.10985	0.06123	0.06893	0.00970	0.01076	0.00706	0.00451	0.00438	0.00138	0.00601	0.00386	0.00280	0.03663
1	0.03535	0.08631	0.17005	0.01001	0.01391	0.11832	0.00938	0.17928	0.12865	0.15078	0.01147	0.01144	0.00828	0.00499	0.00421	0.00132	0.00523	0.00377	0.00358	0.04368
2	0.09397	0.10431	0.17889	0.01036	0.01422	0.17030	0.04898	0.12478	0.03576	0.10378	0.02575	0.01067	0.00775	0.00532	0.02055	0.00142	0.00582	0.00358	0.00305	0.03074
3	0.37409	0.01067	0.00988	0.04949	0.01203	0.06836	0.00687	0.25109	0.09706	0.02093	0.00920	0.01007	0.00698	0.00543	0.00447	0.04624	0.00444	0.00342	0.00340	0.00587
4	0.00771	0.00435	0.00642	0.00700	0.04888	0.00430	0.00440	0.00642	0.00656	0.00873	0.01104	0.07375	0.04371	0.05652	0.01591	0.68072	0.00387	0.00494	0.00227	0.00248
5	0.00611	0.00437	0.00541	0.00575	0.00619	0.00427	0.00385	0.00686	0.00820	0.01090	0.06365	0.28375	0.11170	0.32368	0.10795	0.00338	0.00438	0.03267	0.00349	0.00344
6	0.05550	0.13949	0.09745	0.08003	0.13075	0.03613	0.20575	0.06485	0.06437	0.06867	0.00955	0.01113	0.00726	0.00439	0.00436	0.00137	0.00578	0.00404	0.00272	0.00638
7	0.18305	0.11912	0.26091	0.05758	0.01509	0.09750	0.01030	0.07063	0.06982	0.06310	0.00895	0.00983	0.00668	0.00458	0.00388	0.00135	0.00543	0.00330	0.00275	0.00615

[dist]
# distance from previous block
# <min> <max>
7	11

[block]
# block no. 3 follows, 57 sequences, length 58
# corresponding to MSA columns:
# 182-239
name=unknown_D
#
# <colnr> <probs for GDERKNQSTAVLIFYWHMCP>
#	G	D	E	R	K	N	Q	S	T	A	V	L	I	F	Y	W	H	M	C	P
0	0.05764	0.01216	0.01192	0.00986	0.01293	0.08329	0.00790	0.39929	0.31458	0.02301	0.01316	0.01274	0.00971	0.00558	0.00444	0.00141	0.00466	0.00429	0.00428	0.00715
1	0.00887	0.00841	0.01436	0.73271	0.10810	0.01017	0.03015	0.01187	0.00922	0.01196	0.00813	0.01200	0.00617	0.00447	0.00454	0.00149	0.00601	0.00406	0.00204	0.00527
2	0.00762	0.00601	0.00726	0.00788	0.05510	0.00619	0.00533	0.01130	0.18861	0.01341	0.06528	0.19213	0.11375	0.20817	0.00954	0.00232	0.00352	0.08814	0.00387	0.00455
3	0.01070	0.01222	0.02674	0.01910	0.02368	0.01146	0.79603	0.01451	0.01070	0.01451	0.00917	0.01222	0.00688	0.00382	0.00535	0.00153	0.00764	0.00535	0.00229	0.00611
4	0.00867	0.00817	0.01379	0.79657	0.06363	0.01010	0.01264	0.01167	0.00911	0.01171	0.00807	0.01205	0.00609	0.00451	0.00453	0.00150	0.00601	0.00403	0.00202	0.00512
5	0.00565	0.00443	0.00495	0.00525	0.00625	0.00393	0.00374	0.00663	0.00952	0.01183	0.04976	0.24084	0.47143	0.11046	0.00760	0.00197	0.00271	0.04530	0.00405	0.00369
6	0.00826	0.00584	0.00690	0.00650	0.00807	0.00572	0.00498	0.02495	0.14463	0.07767	0.30458	0.08792	0.20085	0.03460	0.00578	0.00163	0.00283	0.05878	0.00462	0.00489
7	0.56318	0.00842	0.00790	0.00674	0.00961	0.00911	0.00550	0.05695	0.00980	0.21734	0.01055	0.05993	0.00814	0.00523	0.00351	0.00143	0.00362	0.00369	0.00368	0.00568
8	0.00735	0.00451	0.00510	0.00500	0.00525	0.00447	0.00295	0.00765	0.00716	0.04312	0.01448	0.02773	0.01575	0.71870	0.02021	0.00392	0.00413	0.00626	0.09315	0.00311
9	0.18733	0.00608	0.00672	0.00596	0.00783	0.00604	0.00466	0.02558	0.01122	0.15489	0.33174	0.02232	0.04428	0.02342	0.00468	0.00142	0.00281	0.00569	0.14234	0.00500
10	0.00782	0.00516	0.00615	0.00595	0.00738	0.00475	0.00448	0.00991	0.05766	0.10326	0.20765	0.16569	0.29968	0.03699	0.00586	0.00165	0.00271	0.04351	0.01923	0.00452
11	0.00841	0.00423	0.00424	0.00424	0.00527	0.00423	0.00316	0.01047	0.00944	0.01671	0.01477	0.01718	0.01172	0.02400	0.00361	0.00113	0.00216	0.00428	0.84657	0.00419
12	0.05701	0.00461	0.00531	0.00566	0.00642	0.00440	0.00394	0.00721	0.00898	0.01231	0.09654	0.31156	0.19822	0.20044	0.00943	0.00230	0.00306	0.05508	0.00386	0.00365
13	0.31228	0.00706	0.00691	0.00624	0.00811	0.00756	0.00476	0.10229	0.01015	0.05869	0.07415	0.08664	0.06081	0.15684	0.00740	0.00197	0.00352	0.01586	0.06405	0.00472
14	0.00716	0.00517	0.00671	0.00737	0.00830	0.00512	0.00588	0.05450	0.01030	0.01345	0.02456	0.28739	0.08347	0.06199	0.00695	0.00206	0.00362	0.39778	0.00412	0.00412
15	0.78831	0.00915	0.00734	0.00640	0.00929	0.01055	0.00527	0.09071	0.00905	0.02114	0.00676	0.00771	0.00518	0.00433	0.00297	0.00140	0.00365	0.00261	0.00297	0.00518
16	0.06994	0.00534	0.00575	0.00562	0.00704	0.00513	0.00419	0.02945	0.04948	0.03898	0.12471	0.14943	0.34423	0.05892	0.00605	0.00169	0.00274	0.02206	0.06497	0.00429
17	0.00586	0.00418	0.00519	0.00580	0.00616	0.00394	0.00381	0.00656	0.00852	0.01127	0.06310	0.50081	0.09904	0.22893	0.01023	0.00246	0.00306	0.02373	0.00386	0.00349
18	0.00839	0.00428	0.00439	0.00445	0.00550	0.00428	0.00339	0.01050	0.00955	0.01671	0.01528	0.01874	0.01239	0.00567	0.00333	0.00111	0.00222	0.04618	0.81942	0.00422
19	0.00646	0.00440	0.00530	0.00563	0.00582	0.00435	0.00360	0.00688	0.00748	0.00993	0.01761	0.19396	0.02036	0.57352	0.01754	0.00360	0.00401	0.10323	0.00321	0.00311
20	0.00989	0.00714	0.00779	0.00690	0.00870	0.00752	0.00529	0.19468	0.13241	0.01863	0.15358	0.07088	0.11075	0.07476	0.00609	0.00163	0.00324	0.00632	0.16850	0.00529
21	0.00567	0.00418	0.00524	0.00590	0.00648	0.00383	0.00406	0.00665	0.00934	0.01228	0.11099	0.55551	0.17230	0.05400	0.00652	0.00187	0.00263	0.02461	0.00422	0.00373
22	0.01778	0.01180	0.01305	0.01000	0.01361	0.01274	0.00826	0.65925	0.01982	0.16878	0.01213	0.01169	0.00833	0.00547	0.00454	0.00137	0.00478	0.00416	0.00472	0.00771
23	0.01491	0.00725	0.00912	0.00768	0.01017	0.00694	0.00600	0.03010	0.15428	0.44801	0.03060	0.09966	0.02731	0.10580	0.00693	0.00184	0.00372	0.01834	0.00488	0.00646
24	0.00636	0.00455	0.00565	0.00617	0.00677	0.00437	0.00448	0.00735	0.00886	0.01152	0.04774	0.22158	0.13912	0.27773	0.01137	0.00267	0.00356	0.22285	0.00375	0.00356
25	0.00644	0.00481	0.00716	0.00720	0.00797	0.00556	0.00555	0.00799	0.00733	0.01053	0.01271	0.05197	0.01219	0.04706	0.77518	0.00701	0.01161	0.00522	0.00251	0.00401
26	0.00608	0.00484	0.00525	0.00530	0.00667	0.00432	0.00391	0.00792	0.05638	0.02729	0.09837	0.17877	0.55604	0.01137	0.00537	0.00157	0.00244	0.00969	0.00432	0.00410
27	0.00940	0.00805	0.00940	0.00671	0.01074	0.00604	0.00537	0.01141	0.00940	0.01477	0.00805	0.00940	0.00671	0.00336	0.00336	0.00067	0.00336	0.00268	0.00268	0.86845
28	0.00632	0.00461	0.00594	0.00565	0.00672	0.00423	0.00422	0.00835	0.01254	0.01760	0.73801	0.05950	0.09021	0.00956	0.00536	0.00144	0.00216	0.00843	0.00492	0.00423
29	0.00552	0.00394	0.00526	0.00631	0.00657	0.00368	0.00421	0.00631	0.00868	0.01157	0.02498	0.83779	0.02997	0.01420	0.00578	0.00184	0.00263	0.01288	0.00421	0.00368
30	0.00570	0.00417	0.00534	0.00608	0.00663	0.00385	0.00423	0.00672	0.00939	0.01242	0.11279	0.59510	0.13490	0.02725	0.00599	0.00181	0.00263	0.04695	0.00427	0.00377
31	0.00576	0.00414	0.00512	0.00577	0.00616	0.00387	0.00379	0.00644	0.00851	0.01118	0.04221	0.54013	0.12578	0.19789	0.00957	0.00236	0.00297	0.01096	0.00390	0.00350
32	0.01080	0.01038	0.01800	0.02564	0.70059	0.01040	0.05994	0.01347	0.01010	0.01444	0.00885	0.01181	0.00749	0.00644	0.07045	0.00183	0.00606	0.00418	0.00226	0.00686
33	0.01930	0.00880	0.05810	0.00843	0.01210	0.00719	0.00731	0.03650	0.03997	0.72615	0.01719	0.01504	0.01092	0.00555	0.00454	0.00141	0.00404	0.00450	0.00534	0.00763
34	0.00862	0.00811	0.01370	0.81220	0.04841	0.01008	0.01261	0.01163	0.00909	0.01165	0.00806	0.01206	0.00607	0.00452	0.00453	0.00151	0.00603	0.00403	0.00202	0.00508
35	0.01122	0.01077	0.01839	0.02781	0.81248	0.01077	0.01391	0.01391	0.01032	0.01480	0.00852	0.01122	0.00718	0.00404	0.00449	0.00135	0.00538	0.00404	0.00224	0.00718
36	0.00659	0.00439	0.00494	0.00494	0.00494	0.00439	0.00275	0.00659	0.00659	0.00879	0.01428	0.02965	0.01647	0.84075	0.02306	0.00439	0.00439	0.00659	0.00275	0.00275
37	0.01913	0.00814	0.01063	0.00821	0.01159	0.00742	0.00676	0.11548	0.01397	0.67301	0.06371	0.01596	0.01265	0.00580	0.00460	0.00140	0.00389	0.00471	0.00544	0.00751
38	0.05666	0.00430	0.00536	0.00625	0.00675	0.00411	0.00429	0.00681	0.00875	0.01217	0.02498	0.72558	0.07051	0.01342	0.00560	0.00180	0.00270	0.03207	0.00412	0.00377
39	0.00552	0.00394	0.00526	0.00631	0.00657	0.00368	0.00421	0.00631	0.00868	0.01157	0.02498	0.83779	0.02997	0.01420	0.00578	0.00184	0.00263	0.01288	0.00421	0.00368
40	0.00651	0.00471	0.00656	0.00656	0.00711	0.00527	0.00476	0.00762	0.00707	0.00998	0.01280	0.02148	0.01293	0.28472	0.57425	0.00638	0.00973	0.00539	0.00253	0.00364
41	0.01324	0.01036	0.01109	0.00946	0.01233	0.01171	0.00750	0.21586	0.56731	0.06432	0.01654	0.01533	0.01217	0.00594	0.00459	0.00149	0.00395	0.00483	0.00465	0.00733
42	0.00670	0.00486	0.00624	0.00696	0.00762	0.00481	0.00505	0.05021	0.04106	0.01306	0.02360	0.61480	0.02724	0.02820	0.00606	0.00189	0.00308	0.14025	0.00421	0.00410
43	0.77631	0.00864	0.00710	0.00620	0.00908	0.00977	0.00511	0.01431	0.00831	0.11032	0.00762	0.00827	0.00562	0.00436	0.00300	0.00140	0.00354	0.00269	0.00312	0.00522
44	0.01723	0.01269	0.01360	0.01043	0.01405	0.01405	0.00861	0.79738	0.02131	0.02856	0.01088	0.01088	0.00771	0.00544	0.00453	0.00136	0.00499	0.00408	0.00453	0.00771
45	0.00692	0.00464	0.00577	0.00614	0.00700	0.00434	0.00439	0.00845	0.03629	0.05939	0.10689	0.43436	0.14771	0.05807	0.00644	0.00184	0.00280	0.05440	0.04006	0.00411
46	0.00643	0.00433	0.00499	0.00514	0.00518	0.00429	0.00296	0.00655	0.00689	0.00919	0.01584	0.14772	0.01845	0.71999	0.02054	0.00402	0.00414	0.00751	0.00296	0.00288
47	0.00764	0.00496	0.00579	0.00570	0.00616	0.00499	0.00366	0.00878	0.05836	0.05358	0.02904	0.05733	0.01765	0.63746	0.01873	0.00374	0.00420	0.06555	0.00321	0.00346
48	0.00555	0.00435	0.00494	0.00530	0.00626	0.00383	0.00373	0.00656	0.00968	0.01217	0.08292	0.33211	0.43630	0.05707	0.00647	0.00179	0.00252	0.01053	0.00418	0.00374
49	0.02559	0.00593	0.00721	0.00710	0.00845	0.00594	0.00546	0.09089	0.04374	0.10327	0.02071	0.28491	0.04389	0.08528	0.00684	0.00193	0.00348	0.16696	0.07765	0.00477
50	0.11811	0.01212	0.01271	0.00985	0.01337	0.01343	0.00813	0.68773	0.01952	0.04510	0.01050	0.01057	0.00745	0.00530	0.00433	0.00137	0.00479	0.00390	0.00435	0.00738
51	0.00651	0.00439	0.00507	0.00510	0.00522	0.00434	0.00298	0.00677	0.00733	0.00988	0.09419	0.07769	0.01989	0.70921	0.02028	0.00395	0.00406	0.00712	0.00306	0.00295
52	0.05299	0.00922	0.00989	0.00796	0.01061	0.00991	0.00641	0.42702	0.01579	0.09422	0.01259	0.01393	0.00951	0.05603	0.00520	0.00147	0.00399	0.00424	0.24271	0.00632
53	0.00659	0.00439	0.00494	0.00494	0.00494	0.00439	0.00275	0.00659	0.00659	0.00879	0.01428	0.02965	0.01647	0.84075	0.02306	0.00439	0.00439	0.00659	0.00275	0.00275
54	0.00560	0.00400	0.00535	0.00640	0.00670	0.00375	0.00435	0.00645	0.00876	0.01166	0.02493	0.80186	0.02979	0.01412	0.00581	0.00185	0.00270	0.04801	0.00420	0.00370
55	0.00914	0.00589	0.00746	0.00691	0.00788	0.00623	0.00505	0.13486	0.06168	0.01302	0.04547	0.05374	0.04794	0.03754	0.09583	0.44490	0.00473	0.00504	0.00295	0.00373
56	0.87276	0.00876	0.00666	0.00596	0.00876	0.01017	0.00491	0.01332	0.00771	0.02033	0.00631	0.00736	0.00491	0.00421	0.00280	0.00140	0.00351	0.00245	0.00280	0.00491
57	0.00905	0.00722	0.00837	0.00637	0.00933	0.00583	0.00479	0.03101	0.00904	0.02675	0.00991	0.01480	0.00935	0.22112	0.00853	0.00167	0.00368	0.00377	0.00280	0.60661

[dist]
# distance from previous block
# <min> <max>
0	1

[block]
# block no. 4 follows, 57 sequences, length 61
# corresponding to MSA columns:
# 241-263,265-276,323-333,341-347,379-386
name=unknown_E
#
# <colnr> <probs for GDERKNQSTAVLIFYWHMCP>
#	G	D	E	R	K	N	Q	S	T	A	V	L	I	F	Y	W	H	M	C	P
0	0.01638	0.01267	0.02737	0.00964	0.01252	0.22024	0.00780	0.18716	0.05312	0.27462	0.01444	0.01406	0.05984	0.00627	0.01764	0.00147	0.04979	0.00433	0.00407	0.00657
1	0.00785	0.00674	0.00935	0.00871	0.00904	0.00853	0.00685	0.00892	0.00733	0.01064	0.01165	0.06621	0.01223	0.16389	0.25817	0.00400	0.33298	0.06021	0.00253	0.00416
2	0.00605	0.00435	0.00572	0.00645	0.00693	0.00422	0.00457	0.00725	0.01993	0.01204	0.07774	0.51828	0.04464	0.10082	0.05882	0.00244	0.00358	0.10843	0.00400	0.00376
3	0.01044	0.01095	0.06897	0.26126	0.45191	0.01069	0.06937	0.03653	0.01025	0.01421	0.00848	0.01143	0.00675	0.00423	0.00455	0.00141	0.00581	0.00408	0.00223	0.00646
4	0.05208	0.01107	0.01466	0.01158	0.01418	0.01273	0.12477	0.35064	0.07103	0.02001	0.00985	0.01155	0.00770	0.00759	0.05840	0.00192	0.20619	0.00429	0.00338	0.00641
5	0.00657	0.00446	0.00600	0.00680	0.00741	0.00425	0.00503	0.00778	0.00943	0.03810	0.07321	0.51536	0.02850	0.05317	0.00668	0.00199	0.00313	0.21399	0.00422	0.00393
6	0.00692	0.00467	0.00525	0.00529	0.00555	0.00474	0.00319	0.00796	0.05703	0.01029	0.01559	0.10449	0.01723	0.64791	0.01879	0.00372	0.00401	0.00692	0.06723	0.00322
7	0.01590	0.01176	0.01250	0.00997	0.01326	0.03133	0.00812	0.55849	0.16946	0.07302	0.01312	0.02786	0.00974	0.00584	0.00459	0.00141	0.00467	0.01699	0.00455	0.00742
8	0.01134	0.00916	0.01479	0.29339	0.36161	0.00957	0.01165	0.01412	0.02301	0.11953	0.01837	0.01226	0.00778	0.00445	0.00444	0.00136	0.00519	0.00406	0.00271	0.07120
9	0.01017	0.09404	0.54912	0.01320	0.06935	0.01110	0.05925	0.05209	0.01026	0.02671	0.00833	0.00976	0.00614	0.00424	0.00421	0.00134	0.00617	0.00344	0.00219	0.05891
10	0.00919	0.00870	0.01474	0.63845	0.21767	0.01023	0.01290	0.01213	0.00936	0.01235	0.00817	0.01187	0.00631	0.00441	0.00452	0.00147	0.00588	0.00403	0.00207	0.00555
11	0.00786	0.00558	0.00811	0.20938	0.02772	0.00579	0.00670	0.00947	0.00958	0.08372	0.07649	0.37040	0.07367	0.04251	0.00598	0.00177	0.00371	0.04334	0.00375	0.00447
12	0.00896	0.00552	0.00690	0.00634	0.00799	0.00503	0.00473	0.01057	0.02094	0.11379	0.04205	0.23523	0.01690	0.05856	0.10076	0.01608	0.00408	0.01644	0.14656	0.17258
13	0.00842	0.00575	0.00656	0.00626	0.00716	0.02280	0.00431	0.04202	0.06522	0.07257	0.07456	0.12096	0.05705	0.40275	0.06632	0.00327	0.00443	0.02196	0.00357	0.00407
14	0.01396	0.01049	0.01141	0.00957	0.01252	0.01169	0.00772	0.32913	0.39353	0.07381	0.01576	0.01657	0.01201	0.00623	0.00468	0.00149	0.00419	0.05339	0.00462	0.00723
15	0.06289	0.00593	0.00682	0.00646	0.00799	0.00580	0.00486	0.08396	0.03242	0.09689	0.12267	0.23051	0.19453	0.07546	0.00656	0.00181	0.00313	0.04234	0.00428	0.00470
16	0.06651	0.00859	0.00936	0.00802	0.01045	0.00920	0.00635	0.26257	0.16264	0.10002	0.04178	0.11948	0.06191	0.00720	0.00457	0.00145	0.00367	0.01979	0.09025	0.00618
17	0.00647	0.00485	0.00728	0.00728	0.00809	0.00566	0.00566	0.00809	0.00728	0.01052	0.01214	0.01780	0.01133	0.03398	0.82279	0.00728	0.01214	0.00485	0.00243	0.00405
18	0.16075	0.00691	0.00702	0.00640	0.00800	0.01834	0.00469	0.10161	0.06797	0.05402	0.04425	0.09366	0.14341	0.25234	0.00994	0.00234	0.00371	0.00639	0.00367	0.00460
19	0.27419	0.00846	0.00857	0.00740	0.00989	0.00922	0.00588	0.15931	0.14550	0.09363	0.09474	0.06891	0.03598	0.02405	0.00456	0.00150	0.00357	0.00501	0.03381	0.00582
20	0.01179	0.00923	0.00984	0.00868	0.01113	0.01040	0.00688	0.17468	0.48174	0.02021	0.01677	0.01791	0.01308	0.00629	0.00449	0.00147	0.00369	0.05490	0.13017	0.00665
21	0.00552	0.00394	0.00526	0.00631	0.00657	0.00368	0.00421	0.00631	0.00868	0.01157	0.02498	0.83779	0.02997	0.01420	0.00578	0.00184	0.00263	0.01288	0.00421	0.00368
22	0.00716	0.00521	0.00604	0.00610	0.00724	0.00502	0.00444	0.01761	0.09420	0.04559	0.08802	0.23117	0.26193	0.13557	0.00806	0.00206	0.00304	0.06314	0.00415	0.00424
23	0.28651	0.00813	0.00902	0.00745	0.01039	0.00819	0.00604	0.08360	0.02977	0.39824	0.01438	0.09645	0.01091	0.00604	0.00413	0.00145	0.00371	0.00472	0.00447	0.00641
24	0.01156	0.00988	0.01041	0.00928	0.01189	0.01141	0.00724	0.06150	0.76640	0.01942	0.01808	0.01661	0.01354	0.00611	0.00461	0.00153	0.00365	0.00507	0.00461	0.00720
25	0.00552	0.00396	0.00524	0.00626	0.00656	0.00368	0.00419	0.00631	0.00872	0.01159	0.02555	0.81582	0.05157	0.01412	0.00577	0.00183	0.00262	0.01279	0.00421	0.00368
26	0.00647	0.00485	0.00728	0.00728	0.00809	0.00566	0.00566	0.00809	0.00728	0.01052	0.01214	0.01780	0.01133	0.03398	0.82279	0.00728	0.01214	0.00485	0.00243	0.00405
27	0.03490	0.00447	0.00472	0.00470	0.00519	0.00451	0.00298	0.00834	0.00776	0.01230	0.01422	0.02399	0.01422	0.48984	0.01470	0.00300	0.00348	0.00554	0.33776	0.00339
28	0.01919	0.00839	0.01077	0.00836	0.01178	0.00781	0.00687	0.11510	0.06496	0.65745	0.01703	0.01500	0.01097	0.00562	0.00454	0.00140	0.00395	0.00453	0.01867	0.00762
29	0.00590	0.00426	0.00566	0.00665	0.00716	0.00403	0.00484	0.00700	0.00917	0.01205	0.02611	0.61381	0.07947	0.01365	0.00586	0.00187	0.00295	0.18157	0.00420	0.00380
30	0.02536	0.00687	0.00944	0.00850	0.00896	0.00846	0.01583	0.02878	0.00779	0.01129	0.06162	0.04300	0.06146	0.06324	0.10475	0.19911	0.32388	0.00511	0.00256	0.00397
31	0.00811	0.00562	0.03137	0.00737	0.00866	0.00486	0.03236	0.00963	0.01009	0.11478	0.12247	0.45665	0.02673	0.01139	0.00553	0.00172	0.00324	0.11362	0.00432	0.02149
32	0.02625	0.01199	0.04085	0.02016	0.18306	0.01139	0.56901	0.01420	0.01036	0.01450	0.00881	0.01176	0.00683	0.00408	0.00556	0.00151	0.04622	0.00492	0.00227	0.00626
33	0.01721	0.01312	0.01356	0.01049	0.01405	0.05318	0.00862	0.75966	0.02090	0.02771	0.01069	0.01075	0.00762	0.00540	0.00451	0.00135	0.00514	0.00402	0.00443	0.00759
34	0.01155	0.00932	0.01007	0.00910	0.01162	0.01061	0.00715	0.02301	0.70599	0.06603	0.01877	0.01902	0.01447	0.00653	0.00471	0.00156	0.00364	0.05520	0.00464	0.00701
35	0.02856	0.00781	0.00935	0.00702	0.01062	0.00633	0.00564	0.03907	0.01063	0.20820	0.01298	0.04501	0.04762	0.00480	0.00387	0.00097	0.00345	0.00391	0.00359	0.54058
36	0.00593	0.00407	0.00520	0.00591	0.00609	0.00389	0.00379	0.00637	0.00796	0.01062	0.02119	0.57437	0.02517	0.24281	0.01114	0.04458	0.00318	0.01071	0.00369	0.00334
37	0.01127	0.00973	0.01025	0.00922	0.01178	0.01127	0.00717	0.02408	0.80430	0.01896	0.01844	0.01691	0.01383	0.00615	0.00461	0.00154	0.00359	0.00512	0.00461	0.00717
38	0.00622	0.00451	0.00572	0.00562	0.00663	0.00414	0.00414	0.00804	0.01184	0.01649	0.58550	0.15256	0.12772	0.01013	0.00535	0.00149	0.00223	0.00893	0.02861	0.00414
39	0.00568	0.00406	0.00521	0.00602	0.00644	0.00377	0.00406	0.00658	0.00898	0.01202	0.06970	0.67062	0.09332	0.04901	0.00639	0.00188	0.00264	0.01184	0.02809	0.00370
40	0.00887	0.00549	0.00591	0.00552	0.00652	0.00567	0.00391	0.11805	0.01004	0.01522	0.01450	0.03471	0.01368	0.32526	0.01111	0.00242	0.00346	0.03001	0.37552	0.00413
41	0.01864	0.00725	0.00978	0.00770	0.01085	0.00632	0.00628	0.02035	0.01248	0.71368	0.01812	0.06709	0.01242	0.00613	0.00454	0.00141	0.00367	0.00506	0.06101	0.00723
42	0.00695	0.00503	0.00615	0.00584	0.00715	0.00469	0.00441	0.00948	0.06173	0.04404	0.52522	0.06658	0.20231	0.00967	0.00531	0.00148	0.00238	0.02235	0.00477	0.00445
43	0.09874	0.00583	0.00707	0.00661	0.00836	0.00550	0.00503	0.02539	0.01054	0.24769	0.07150	0.31908	0.09504	0.00953	0.00493	0.00158	0.00307	0.02729	0.04209	0.00513
44	0.01054	0.01280	0.07693	0.01825	0.02268	0.01155	0.69646	0.01428	0.01039	0.01428	0.00890	0.01191	0.00674	0.00411	0.00588	0.00155	0.05930	0.00513	0.00225	0.00608
45	0.00646	0.00495	0.00575	0.00582	0.00699	0.00459	0.00429	0.05795	0.01095	0.01417	0.17526	0.26942	0.34769	0.02651	0.00578	0.00166	0.00265	0.04065	0.00434	0.00411
46	0.00578	0.00461	0.00518	0.00522	0.00651	0.00404	0.00395	0.00720	0.01079	0.01367	0.22717	0.07725	0.51750	0.02739	0.00578	0.00162	0.00245	0.06560	0.00436	0.00393
47	0.01757	0.00839	0.01048	0.00836	0.01151	0.00808	0.00678	0.13634	0.11082	0.53336	0.01728	0.06653	0.01220	0.00618	0.00461	0.00143	0.00388	0.00507	0.02380	0.00732
48	0.00590	0.00429	0.00563	0.00658	0.00709	0.00407	0.00471	0.00714	0.02347	0.01206	0.02601	0.64689	0.07801	0.01361	0.00581	0.00185	0.00287	0.13594	0.00421	0.00383
49	0.03111	0.00477	0.00593	0.00634	0.00716	0.00453	0.00448	0.03129	0.00952	0.06675	0.04970	0.52667	0.10339	0.08040	0.00697	0.00196	0.00298	0.04778	0.00418	0.00409
50	0.00900	0.00569	0.00734	0.00679	0.00756	0.00589	0.02011	0.13026	0.02807	0.01226	0.01179	0.10918	0.01201	0.15393	0.01435	0.43131	0.00405	0.00548	0.02146	0.00344
51	0.00734	0.00509	0.00623	0.00652	0.00714	0.00516	0.00478	0.00897	0.05899	0.02328	0.01868	0.03679	0.03186	0.45578	0.01512	0.00327	0.00422	0.29368	0.00346	0.00365
52	0.00584	0.00428	0.00553	0.00621	0.00685	0.00397	0.00446	0.00705	0.00978	0.01298	0.15999	0.51391	0.13282	0.01283	0.00571	0.00176	0.00267	0.09519	0.00433	0.00385
53	0.00638	0.00484	0.00579	0.00594	0.00693	0.00459	0.00435	0.00845	0.06151	0.01396	0.25125	0.20225	0.22246	0.10142	0.00740	0.00193	0.00280	0.07939	0.00429	0.00405
54	0.23656	0.01175	0.01126	0.00906	0.01228	0.07873	0.00738	0.42458	0.04117	0.09685	0.02210	0.01070	0.00787	0.00515	0.00407	0.00137	0.00468	0.00370	0.00402	0.00672
55	0.01231	0.01040	0.05023	0.01914	0.01212	0.05220	0.00820	0.23462	0.08186	0.07907	0.05732	0.01511	0.01118	0.01140	0.15344	0.00257	0.15257	0.02672	0.00354	0.00601
56	0.00612	0.00465	0.00524	0.00513	0.00650	0.00403	0.00383	0.00755	0.01103	0.03776	0.26708	0.09115	0.51214	0.01083	0.00536	0.00152	0.00232	0.00923	0.00448	0.00406
57	0.00940	0.00805	0.00940	0.00671	0.01074	0.00604	0.00537	0.01141	0.00940	0.01477	0.00805	0.00940	0.00671	0.00336	0.00336	0.00067	0.00336	0.00268	0.00268	0.86845
58	0.76899	0.00860	0.00723	0.00715	0.05466	0.00984	0.00529	0.01293	0.00779	0.01929	0.00694	0.00898	0.00576	0.05666	0.00417	0.00159	0.00367	0.00280	0.00277	0.00490
59	0.85595	0.00884	0.00680	0.00605	0.00887	0.01024	0.00498	0.02872	0.00798	0.02049	0.00640	0.00743	0.00496	0.00423	0.00284	0.00140	0.00353	0.00249	0.00284	0.00496
60	0.01235	0.01021	0.01428	0.02179	0.01466	0.01100	0.17648	0.16047	0.31739	0.07384	0.03207	0.01707	0.02080	0.00606	0.00533	0.00154	0.04188	0.05211	0.00400	0.00667

[dist]
# distance from previous block
# <min> <max>
0	1

[block]
# block no. 5 follows, 57 sequences, length 19
# corresponding to MSA columns:
# 388-406
name=unknown_F
#
# <colnr> <probs for GDERKNQSTAVLIFYWHMCP>
#	G	D	E	R	K	N	Q	S	T	A	V	L	I	F	Y	W	H	M	C	P
0	0.01349	0.01032	0.01166	0.01074	0.06881	0.01145	0.00799	0.22896	0.45533	0.08558	0.01582	0.01565	0.01183	0.00593	0.00462	0.00148	0.00412	0.02446	0.00449	0.00728
1	0.72602	0.00916	0.00754	0.00661	0.00946	0.01057	0.00541	0.07600	0.08222	0.02085	0.00779	0.00852	0.00595	0.00448	0.00311	0.00141	0.00363	0.00283	0.00311	0.00534
2	0.00602	0.00426	0.00544	0.00614	0.00677	0.00392	0.00431	0.00703	0.00936	0.03062	0.07374	0.57881	0.15623	0.02870	0.00602	0.00182	0.00270	0.06001	0.00425	0.00384
3	0.01207	0.01079	0.01402	0.07883	0.23904	0.08508	0.05318	0.21619	0.01331	0.01740	0.01306	0.03967	0.02629	0.00650	0.00490	0.00151	0.00535	0.15336	0.00329	0.00619
4	0.00634	0.00433	0.00497	0.00514	0.00528	0.00424	0.00303	0.00654	0.00717	0.00946	0.01804	0.16127	0.06980	0.65365	0.01913	0.00380	0.00397	0.00780	0.00308	0.00297
5	0.00654	0.00443	0.00495	0.00498	0.00517	0.00436	0.00294	0.00675	0.00710	0.00943	0.01746	0.03119	0.08982	0.72256	0.02051	0.00399	0.00414	0.02691	0.02385	0.00292
6	0.35708	0.00975	0.00930	0.00802	0.01080	0.01116	0.00641	0.16896	0.30944	0.02105	0.01199	0.01231	0.00916	0.03080	0.00444	0.00154	0.00385	0.00390	0.00382	0.00623
7	0.01083	0.00993	0.01599	0.37132	0.23375	0.01101	0.09184	0.11951	0.06242	0.01550	0.00934	0.01201	0.00715	0.00455	0.00461	0.00145	0.00573	0.00424	0.00261	0.00621
8	0.00630	0.00453	0.00614	0.00711	0.00778	0.00436	0.00552	0.00770	0.00959	0.01260	0.04337	0.45194	0.05576	0.01326	0.00596	0.00193	0.00327	0.34476	0.00421	0.00391
9	0.00705	0.00435	0.00476	0.00476	0.00503	0.00435	0.00285	0.00758	0.00732	0.01082	0.01440	0.02646	0.01526	0.63161	0.01808	0.00356	0.00382	0.00600	0.21882	0.00312
10	0.01245	0.01074	0.01487	0.09665	0.35529	0.01163	0.01092	0.20920	0.19628	0.01884	0.01135	0.01253	0.00874	0.00492	0.00453	0.00141	0.00493	0.00430	0.00333	0.00710
11	0.09427	0.01145	0.01300	0.11869	0.02969	0.01305	0.00895	0.54299	0.03133	0.02400	0.00986	0.01077	0.00722	0.00535	0.00504	0.00143	0.05826	0.00393	0.00384	0.00690
12	0.03670	0.01073	0.01324	0.01094	0.04329	0.01139	0.07361	0.43760	0.07083	0.12379	0.01413	0.01653	0.03263	0.00611	0.00475	0.00146	0.00480	0.07615	0.00432	0.00701
13	0.02768	0.00490	0.00620	0.00575	0.00693	0.00456	0.00427	0.00928	0.01205	0.06849	0.63838	0.03201	0.06596	0.08565	0.00687	0.00170	0.00249	0.00773	0.00474	0.00435
14	0.06747	0.01187	0.01278	0.01119	0.06883	0.04708	0.01871	0.45028	0.20354	0.04338	0.01221	0.01212	0.00894	0.00538	0.00444	0.00140	0.00474	0.00420	0.00419	0.00725
15	0.04364	0.01327	0.01284	0.05657	0.01454	0.14087	0.00850	0.51457	0.06635	0.03931	0.01047	0.01082	0.00764	0.00520	0.00437	0.00133	0.00534	0.00387	0.00395	0.03655
16	0.07259	0.01093	0.01149	0.00997	0.03489	0.02751	0.00774	0.29971	0.41236	0.04225	0.01440	0.01373	0.01062	0.00566	0.00444	0.00145	0.00423	0.00448	0.00437	0.00719
17	0.02360	0.00538	0.00649	0.00669	0.00772	0.00536	0.00490	0.07204	0.06401	0.01492	0.16069	0.44205	0.10057	0.01156	0.00546	0.00169	0.00287	0.05524	0.00437	0.00441
18	0.09192	0.00995	0.01049	0.00804	0.01163	0.03928	0.00648	0.24567	0.03592	0.04505	0.00968	0.02812	0.00767	0.00449	0.00381	0.00104	0.00404	0.00344	0.00341	0.42991

[dist]
# distance from previous block
# <min> <max>
1	10

# created by:
# /st0/software/busco_prod/Augustus/scripts/msa2prfl.pl ./align_prep/115908.fa
