[name]
unknown

[dist]
# distance from previous block
# <min> <max>
8	98

[block]
# block no. 0 follows, 66 sequences, length 13
# corresponding to MSA columns:
# 102-114
name=unknown_A
#
# <colnr> <probs for GDERKNQSTAVLIFYWHMCP>
#	G	D	E	R	K	N	Q	S	T	A	V	L	I	F	Y	W	H	M	C	P
0	0.00722	0.00611	0.00959	0.06035	0.06552	0.00595	0.13108	0.06277	0.00937	0.02419	0.07407	0.34924	0.11104	0.02579	0.01516	0.00154	0.00365	0.00778	0.00327	0.02632
1	0.01377	0.01102	0.01095	0.00889	0.01154	0.10129	0.00711	0.60535	0.01650	0.02151	0.01132	0.14038	0.00981	0.00601	0.00419	0.00127	0.00445	0.00476	0.00380	0.00610
2	0.00841	0.00721	0.00841	0.00601	0.00961	0.00541	0.00481	0.01022	0.00841	0.01322	0.00721	0.00841	0.00601	0.00300	0.00300	0.00060	0.00300	0.00240	0.00240	0.88222
3	0.00580	0.00432	0.00640	0.00640	0.00708	0.00500	0.00492	0.00717	0.00648	0.00933	0.01098	0.01656	0.01041	0.07913	0.79301	0.00637	0.01046	0.00444	0.00219	0.00355
4	0.00546	0.00416	0.00592	0.13610	0.00933	0.00426	0.00497	0.00649	0.00780	0.01032	0.01960	0.66190	0.02290	0.04544	0.00564	0.00170	0.00294	0.03819	0.00341	0.00346
5	0.14957	0.03926	0.01175	0.01002	0.01235	0.63354	0.06265	0.01521	0.01057	0.01141	0.00629	0.00743	0.00516	0.00405	0.00353	0.00110	0.00656	0.00269	0.00214	0.00472
6	0.00634	0.00518	0.00826	0.00720	0.00823	0.00528	0.12978	0.00757	0.00723	0.00992	0.05870	0.04273	0.05561	0.31170	0.31395	0.00413	0.00665	0.00553	0.00251	0.00350
7	0.01011	0.69282	0.01830	0.00689	0.00980	0.04783	0.00649	0.01131	0.00830	0.00969	0.00826	0.13794	0.00856	0.00493	0.00305	0.00100	0.00415	0.00364	0.00206	0.00489
8	0.00891	0.00993	0.13796	0.00800	0.01186	0.00715	0.06225	0.04347	0.09786	0.01404	0.00840	0.00939	0.00661	0.00351	0.00342	0.00087	0.00381	0.00295	0.00252	0.55709
9	0.03740	0.04566	0.03126	0.19804	0.14170	0.05544	0.02891	0.11826	0.01059	0.09270	0.11322	0.02332	0.02241	0.00506	0.00463	0.00128	0.05776	0.00415	0.00287	0.00533
10	0.00576	0.00432	0.00603	0.00603	0.00665	0.00483	0.00451	0.00689	0.00668	0.00934	0.01397	0.05720	0.07628	0.16285	0.58635	0.00537	0.02588	0.00524	0.00241	0.00342
11	0.00742	0.03442	0.00612	0.00579	0.00683	0.00436	0.00430	0.00844	0.00877	0.13840	0.05548	0.42217	0.13630	0.06069	0.00581	0.00166	0.00276	0.08248	0.00384	0.00395
12	0.00864	0.00750	0.01127	0.06590	0.01268	0.00663	0.16411	0.02438	0.04613	0.04593	0.01057	0.14072	0.00969	0.00489	0.00387	0.00104	0.00387	0.00455	0.00272	0.42490

[dist]
# distance from previous block
# <min> <max>
1	4

[block]
# block no. 1 follows, 66 sequences, length 8
# corresponding to MSA columns:
# 119-126
name=unknown_B
#
# <colnr> <probs for GDERKNQSTAVLIFYWHMCP>
#	G	D	E	R	K	N	Q	S	T	A	V	L	I	F	Y	W	H	M	C	P
0	0.00841	0.00721	0.00841	0.00601	0.00961	0.00541	0.00481	0.01022	0.00841	0.01322	0.00721	0.00841	0.00601	0.00300	0.00300	0.00060	0.00300	0.00240	0.00240	0.88222
1	0.00825	0.02019	0.77162	0.01201	0.01785	0.00949	0.07896	0.01286	0.00865	0.01286	0.00735	0.00876	0.00522	0.00382	0.00393	0.00129	0.00606	0.00314	0.00174	0.00595
2	0.00587	0.00406	0.00505	0.00505	0.00526	0.00427	0.00324	0.00630	0.00608	0.00833	0.01221	0.02339	0.01338	0.61124	0.26495	0.00470	0.00600	0.00544	0.00237	0.00280
3	0.00482	0.00400	0.00422	0.00439	0.00555	0.00340	0.00321	0.00579	0.00898	0.01085	0.03769	0.18737	0.68433	0.01072	0.00486	0.00142	0.00211	0.00910	0.00377	0.00340
4	0.00631	0.00458	0.00550	0.00527	0.00590	0.00462	0.00349	0.00745	0.05285	0.00932	0.01254	0.06126	0.01344	0.52365	0.18015	0.00388	0.00511	0.00545	0.00255	0.08669
5	0.00750	0.00624	0.00744	0.00591	0.00864	0.00485	0.00453	0.00902	0.00824	0.01247	0.01119	0.23071	0.01148	0.00555	0.00358	0.00088	0.00283	0.00480	0.00276	0.65137
6	0.09299	0.28443	0.42539	0.00918	0.01374	0.01142	0.01065	0.01326	0.05475	0.03905	0.00741	0.00827	0.00566	0.00386	0.00335	0.00115	0.00496	0.00278	0.00204	0.00565
7	0.62940	0.13362	0.05198	0.00628	0.00918	0.01047	0.00563	0.08878	0.00835	0.01736	0.00612	0.00698	0.00479	0.00383	0.00274	0.00120	0.00359	0.00237	0.00250	0.00483

[dist]
# distance from previous block
# <min> <max>
0	7

[block]
# block no. 2 follows, 66 sequences, length 84
# corresponding to MSA columns:
# 134-142,145-207,209-220
name=unknown_C
#
# <colnr> <probs for GDERKNQSTAVLIFYWHMCP>
#	G	D	E	R	K	N	Q	S	T	A	V	L	I	F	Y	W	H	M	C	P
0	0.06681	0.00962	0.00988	0.00800	0.01066	0.09131	0.00644	0.33398	0.05574	0.21650	0.12424	0.02559	0.01223	0.00539	0.00405	0.00123	0.00398	0.00423	0.00406	0.00603
1	0.01038	0.00944	0.01486	0.10829	0.56685	0.00996	0.01121	0.12128	0.03054	0.01464	0.02605	0.01061	0.00719	0.00411	0.00440	0.00125	0.03670	0.00372	0.00236	0.00616
2	0.00957	0.01042	0.02105	0.05291	0.01980	0.01018	0.65152	0.01425	0.13991	0.01351	0.00949	0.01161	0.00712	0.00378	0.00465	0.00137	0.00620	0.00470	0.00237	0.00558
3	0.00935	0.00716	0.01173	0.71323	0.02513	0.00853	0.01042	0.01187	0.00867	0.14226	0.00862	0.01130	0.00615	0.00421	0.00406	0.00134	0.00510	0.00368	0.00232	0.00489
4	0.73075	0.02216	0.00721	0.14010	0.01110	0.00921	0.00554	0.01168	0.00712	0.01680	0.00590	0.00727	0.00457	0.00381	0.00276	0.00126	0.00352	0.00242	0.00238	0.00443
5	0.00766	0.00721	0.01217	0.84767	0.02794	0.00901	0.01127	0.01037	0.00811	0.01037	0.00721	0.01082	0.00541	0.00406	0.00406	0.00135	0.00541	0.00361	0.00180	0.00451
6	0.00740	0.00512	0.00571	0.00528	0.00582	0.00532	0.00338	0.13591	0.00807	0.01079	0.01253	0.04614	0.01375	0.68474	0.03088	0.00348	0.00409	0.00567	0.00275	0.00321
7	0.00926	0.02072	0.70445	0.01139	0.01676	0.14246	0.01385	0.01338	0.00903	0.01238	0.00712	0.00837	0.00515	0.00391	0.00382	0.00125	0.00621	0.00294	0.00177	0.00579
8	0.00525	0.00381	0.00506	0.00571	0.00607	0.00366	0.00396	0.00618	0.00833	0.01128	0.15084	0.64837	0.02768	0.03683	0.00578	0.00167	0.02181	0.04052	0.00379	0.00340
9	0.01799	0.00724	0.00962	0.00738	0.01052	0.00646	0.00610	0.08007	0.01218	0.77382	0.01553	0.01350	0.00981	0.00501	0.00408	0.00125	0.00353	0.00405	0.00495	0.00690
10	0.00575	0.00387	0.00447	0.00462	0.00466	0.00383	0.00267	0.00586	0.00620	0.00826	0.01432	0.15903	0.01668	0.72230	0.01818	0.00357	0.00368	0.00680	0.00267	0.00259
11	0.22222	0.00970	0.00991	0.00778	0.01085	0.01045	0.00638	0.44910	0.06223	0.02132	0.00876	0.00909	0.00648	0.00435	0.00352	0.00114	0.00384	0.00316	0.00343	0.14629
12	0.00873	0.01045	0.06894	0.01469	0.01847	0.00912	0.63955	0.01184	0.00946	0.01266	0.01341	0.01530	0.13795	0.00454	0.00473	0.00136	0.00602	0.00529	0.00231	0.00518
13	0.00482	0.00411	0.00415	0.00414	0.00550	0.00344	0.00310	0.00588	0.00931	0.01112	0.06438	0.03879	0.80708	0.01022	0.00479	0.00137	0.00205	0.00853	0.00379	0.00344
14	0.88607	0.00785	0.00596	0.00534	0.00785	0.00910	0.00439	0.01193	0.00690	0.01820	0.00565	0.00659	0.00439	0.00377	0.00251	0.00126	0.00314	0.00220	0.00251	0.00439
15	0.12256	0.00739	0.00860	0.00736	0.00978	0.00759	0.00604	0.14640	0.11945	0.29682	0.04736	0.05000	0.01302	0.00631	0.00420	0.00138	0.00349	0.13234	0.00416	0.00576
16	0.01601	0.00976	0.01106	0.00851	0.01165	0.01028	0.00702	0.54935	0.01646	0.27140	0.01176	0.01115	0.00797	0.00491	0.00403	0.00122	0.00407	0.00379	0.03279	0.00680
17	0.00724	0.00399	0.00437	0.00424	0.00511	0.00388	0.00305	0.00875	0.00866	0.04243	0.14699	0.02048	0.04671	0.15724	0.00644	0.00156	0.00232	0.00493	0.51794	0.00365
18	0.00583	0.00436	0.00561	0.00627	0.00724	0.00414	0.00519	0.00731	0.00911	0.01157	0.02723	0.14757	0.25546	0.01113	0.00532	0.00170	0.00308	0.47454	0.00375	0.00359
19	0.00756	0.00542	0.00610	0.00564	0.00720	0.00525	0.00429	0.05705	0.13332	0.08405	0.17418	0.10594	0.35641	0.02299	0.00489	0.00140	0.00252	0.00730	0.00405	0.00442
20	0.88607	0.00785	0.00596	0.00534	0.00785	0.00910	0.00439	0.01193	0.00690	0.01820	0.00565	0.00659	0.00439	0.00377	0.00251	0.00126	0.00314	0.00220	0.00251	0.00439
21	0.06738	0.00784	0.00976	0.00753	0.01065	0.00745	0.00622	0.17732	0.01282	0.62805	0.01417	0.01259	0.00910	0.00492	0.00399	0.00125	0.00363	0.00389	0.00469	0.00676
22	0.54996	0.00771	0.00717	0.00616	0.00873	0.00848	0.00503	0.04084	0.09879	0.17990	0.02463	0.01010	0.00742	0.00443	0.00314	0.00127	0.00322	0.01280	0.01505	0.00517
23	0.00513	0.00401	0.00456	0.00474	0.00569	0.00355	0.00343	0.00619	0.00903	0.01146	0.15581	0.20306	0.44495	0.07870	0.00618	0.00164	0.00232	0.04238	0.00377	0.00340
24	0.88607	0.00785	0.00596	0.00534	0.00785	0.00910	0.00439	0.01193	0.00690	0.01820	0.00565	0.00659	0.00439	0.00377	0.00251	0.00126	0.00314	0.00220	0.00251	0.00439
25	0.85130	0.00792	0.00617	0.00546	0.00800	0.00914	0.00450	0.03157	0.00727	0.03128	0.00591	0.00678	0.00454	0.00381	0.00257	0.00125	0.00318	0.00226	0.00259	0.00449
26	0.02060	0.00583	0.00720	0.00656	0.00836	0.00566	0.00525	0.04956	0.10853	0.22931	0.16719	0.09386	0.12194	0.00800	0.00464	0.00142	0.00297	0.14386	0.00426	0.00498
27	0.13597	0.00899	0.02280	0.07603	0.01190	0.05332	0.00677	0.14069	0.22924	0.20879	0.02750	0.01286	0.00948	0.00532	0.01452	0.00136	0.00398	0.02081	0.00374	0.00593
28	0.88607	0.00785	0.00596	0.00534	0.00785	0.00910	0.00439	0.01193	0.00690	0.01820	0.00565	0.00659	0.00439	0.00377	0.00251	0.00126	0.00314	0.00220	0.00251	0.00439
29	0.00542	0.00379	0.00461	0.00500	0.00523	0.00365	0.00316	0.00589	0.00715	0.00951	0.05458	0.37922	0.06920	0.39538	0.02767	0.00274	0.00319	0.00849	0.00318	0.00295
30	0.00583	0.00443	0.00659	0.03819	0.00788	0.00512	0.00516	0.00729	0.00673	0.00957	0.02413	0.01700	0.03845	0.04823	0.74891	0.00601	0.01006	0.00454	0.00226	0.00362
31	0.02736	0.01348	0.01286	0.20079	0.22552	0.37918	0.00972	0.06144	0.01053	0.01195	0.00702	0.00893	0.00566	0.00404	0.00384	0.00117	0.00601	0.00315	0.00213	0.00523
32	0.88607	0.00785	0.00596	0.00534	0.00785	0.00910	0.00439	0.01193	0.00690	0.01820	0.00565	0.00659	0.00439	0.00377	0.00251	0.00126	0.00314	0.00220	0.00251	0.00439
33	0.00512	0.00380	0.00475	0.00534	0.00592	0.00349	0.00376	0.00606	0.00844	0.01102	0.09604	0.51949	0.20179	0.04460	0.00569	0.00166	0.00240	0.06347	0.00377	0.00337
34	0.00917	0.00878	0.01464	0.26544	0.53083	0.02030	0.02215	0.01162	0.00903	0.01244	0.03909	0.01143	0.01926	0.00402	0.00407	0.00125	0.00490	0.00383	0.00207	0.00568
35	0.01493	0.00803	0.01005	0.00809	0.01087	0.05537	0.05187	0.06854	0.10240	0.49512	0.04067	0.01654	0.03024	0.00559	0.00425	0.00131	0.00385	0.06165	0.00439	0.00624
36	0.01023	0.00868	0.00918	0.00824	0.01055	0.01002	0.00641	0.02153	0.81096	0.03087	0.01650	0.01511	0.01234	0.00550	0.00413	0.00137	0.00321	0.00458	0.00414	0.00643
37	0.01165	0.00948	0.01079	0.06464	0.05019	0.04127	0.03065	0.18028	0.45445	0.07081	0.02354	0.01322	0.01027	0.00509	0.00411	0.00131	0.00394	0.00422	0.00379	0.00630
38	0.00685	0.00442	0.00623	0.00653	0.01845	0.00407	0.03506	0.00790	0.00855	0.10782	0.02239	0.58532	0.09118	0.01102	0.00502	0.00158	0.00276	0.06714	0.00382	0.00389
39	0.01483	0.00905	0.13321	0.00779	0.01093	0.03773	0.00710	0.01674	0.01064	0.57168	0.01516	0.12336	0.01133	0.00583	0.00417	0.00130	0.00384	0.00484	0.00425	0.00621
40	0.64192	0.02033	0.03141	0.00766	0.03935	0.13002	0.05312	0.01266	0.00787	0.01627	0.00601	0.00713	0.00472	0.00380	0.00290	0.00123	0.00412	0.00248	0.00237	0.00463
41	0.00918	0.01159	0.11114	0.01560	0.01957	0.00992	0.65261	0.01255	0.00935	0.01291	0.03913	0.01142	0.00730	0.00427	0.01960	0.00146	0.04029	0.00463	0.00210	0.00539
42	0.01001	0.00835	0.00918	0.00858	0.04281	0.00942	0.00641	0.06532	0.63882	0.03102	0.09191	0.01653	0.03208	0.00575	0.00419	0.00135	0.00321	0.00483	0.00408	0.00615
43	0.83446	0.00805	0.00633	0.00557	0.00813	0.00931	0.00459	0.05975	0.00763	0.01864	0.00589	0.00678	0.00454	0.00383	0.00260	0.00125	0.00322	0.00228	0.00260	0.00454
44	0.01018	0.00969	0.01555	0.04179	0.71567	0.02960	0.01171	0.01319	0.06681	0.02240	0.00830	0.01037	0.00683	0.00378	0.00400	0.00121	0.00474	0.00365	0.00219	0.01833
45	0.00511	0.00369	0.00491	0.00558	0.00598	0.00348	0.00384	0.00605	0.00830	0.01122	0.14497	0.65949	0.04744	0.01303	0.05468	0.00187	0.00278	0.01040	0.00378	0.00340
46	0.00808	0.00778	0.01184	0.76268	0.02608	0.05812	0.01074	0.01050	0.00819	0.01020	0.00715	0.01067	0.00547	0.00448	0.00453	0.03829	0.00544	0.00354	0.00182	0.00440
47	0.00771	0.00720	0.01190	0.79659	0.02678	0.00894	0.01091	0.01073	0.03908	0.01075	0.02642	0.01143	0.00643	0.00421	0.00408	0.00135	0.00525	0.00373	0.00195	0.00456
48	0.01009	0.00872	0.00917	0.00826	0.01055	0.01009	0.00642	0.02156	0.82478	0.01697	0.01651	0.01514	0.01238	0.00550	0.00413	0.00138	0.00321	0.00459	0.00413	0.00642
49	0.00958	0.01094	0.02394	0.01710	0.02120	0.01026	0.81737	0.01300	0.00958	0.01300	0.00821	0.01094	0.00616	0.00342	0.00479	0.00137	0.00684	0.00479	0.00205	0.00547
50	0.00523	0.00385	0.00494	0.00558	0.00617	0.00356	0.00403	0.00629	0.00868	0.01144	0.12896	0.51826	0.15205	0.01157	0.00512	0.00159	0.00243	0.11296	0.00385	0.00344
51	0.00497	0.00384	0.00453	0.00494	0.00573	0.00341	0.00348	0.00594	0.00879	0.01124	0.11658	0.42036	0.36926	0.01120	0.00497	0.00149	0.00218	0.00982	0.00384	0.00341
52	0.01516	0.01934	0.01150	0.01045	0.01254	0.84113	0.00784	0.01620	0.01150	0.00993	0.00627	0.00732	0.00523	0.00418	0.00366	0.00105	0.00732	0.00261	0.00209	0.00470
53	0.00857	0.00792	0.01092	0.00952	0.00993	0.01059	0.00784	0.06704	0.00721	0.01081	0.00703	0.01071	0.00665	0.01280	0.22076	0.00293	0.57856	0.00376	0.00204	0.00441
54	0.00559	0.00425	0.00517	0.00494	0.00604	0.00387	0.00372	0.00749	0.02950	0.01479	0.58700	0.03252	0.25276	0.00880	0.00478	0.00131	0.00200	0.01744	0.00426	0.00378
55	0.00644	0.00460	0.00634	0.00720	0.00808	0.00458	0.00619	0.00817	0.00911	0.01184	0.02129	0.05954	0.03565	0.06139	0.00648	0.00198	0.00370	0.73014	0.00366	0.00365
56	0.01004	0.00964	0.01647	0.02490	0.83211	0.00964	0.01245	0.01245	0.00924	0.01325	0.00763	0.01004	0.00643	0.00361	0.00402	0.00120	0.00482	0.00361	0.00201	0.00643
57	0.08819	0.01171	0.01793	0.02483	0.07803	0.14317	0.42572	0.06111	0.00987	0.01342	0.00745	0.00965	0.00583	0.00401	0.00505	0.00132	0.08127	0.00393	0.00219	0.00531
58	0.88607	0.00785	0.00596	0.00534	0.00785	0.00910	0.00439	0.01193	0.00690	0.01820	0.00565	0.00659	0.00439	0.00377	0.00251	0.00126	0.00314	0.00220	0.00251	0.00439
59	0.01551	0.00923	0.01061	0.00835	0.01139	0.00967	0.00683	0.37858	0.15965	0.32616	0.01328	0.01222	0.00905	0.00504	0.00408	0.00126	0.00386	0.00398	0.00443	0.00682
60	0.12752	0.00890	0.00985	0.05758	0.01172	0.04909	0.00663	0.20477	0.10673	0.35716	0.01228	0.01159	0.00834	0.00478	0.00386	0.00126	0.00392	0.00370	0.00404	0.00628
61	0.00914	0.00774	0.00846	0.04074	0.02255	0.04075	0.00622	0.05765	0.45295	0.02345	0.03468	0.18954	0.01578	0.00729	0.00444	0.00144	0.00338	0.06455	0.00384	0.00541
62	0.16945	0.00733	0.00898	0.00702	0.01005	0.00690	0.00579	0.06576	0.01123	0.64445	0.01383	0.01231	0.00887	0.00479	0.00380	0.00125	0.00346	0.00373	0.00453	0.00647
63	0.01395	0.01672	0.01027	0.00937	0.01129	0.69381	0.00704	0.02807	0.01114	0.01101	0.00744	0.00860	0.00608	0.00428	0.00353	0.00103	0.00640	0.00282	0.14254	0.00459
64	0.01089	0.00901	0.00954	0.00837	0.01079	0.01032	0.00657	0.11858	0.71206	0.03271	0.01568	0.01446	0.01167	0.00542	0.00412	0.00135	0.00337	0.00446	0.00414	0.00649
65	0.00515	0.00362	0.00465	0.00538	0.00557	0.00343	0.00348	0.00570	0.00736	0.00982	0.02028	0.67510	0.02421	0.19596	0.00853	0.00214	0.00270	0.01031	0.00348	0.00311
66	0.88607	0.00785	0.00596	0.00534	0.00785	0.00910	0.00439	0.01193	0.00690	0.01820	0.00565	0.00659	0.00439	0.00377	0.00251	0.00126	0.00314	0.00220	0.00251	0.00439
67	0.00809	0.00637	0.00707	0.00635	0.00809	0.00665	0.00491	0.09560	0.26838	0.02816	0.30352	0.02508	0.20043	0.00745	0.00449	0.00132	0.00264	0.00631	0.00417	0.00492
68	0.00508	0.00395	0.00463	0.00491	0.00582	0.00350	0.00356	0.00619	0.00919	0.01180	0.18189	0.30234	0.39493	0.01073	0.00494	0.00146	0.00218	0.03554	0.00390	0.00347
69	0.01639	0.00781	0.00976	0.00771	0.01069	0.00754	0.00633	0.15308	0.11339	0.57406	0.01519	0.01424	0.01020	0.00524	0.00413	0.00128	0.00360	0.02790	0.00471	0.00675
70	0.00717	0.00526	0.00636	0.00574	0.00705	0.00517	0.00439	0.13711	0.01230	0.01700	0.59097	0.07867	0.09062	0.00817	0.00469	0.00130	0.00236	0.00710	0.00431	0.00426
71	0.00611	0.00440	0.00587	0.00652	0.00730	0.00436	0.00533	0.00754	0.00864	0.01126	0.03932	0.10431	0.09558	0.12270	0.05699	0.00234	0.00388	0.50055	0.00350	0.00350
72	0.00580	0.00435	0.00652	0.00652	0.00724	0.00507	0.00507	0.00724	0.00652	0.00942	0.01087	0.01594	0.01014	0.03043	0.84134	0.00652	0.01087	0.00435	0.00217	0.00362
73	0.01503	0.01117	0.01196	0.00926	0.01243	0.01240	0.00762	0.76016	0.07813	0.02494	0.01024	0.01014	0.00730	0.00492	0.00406	0.00123	0.00437	0.00372	0.00406	0.00686
74	0.36423	0.00670	0.00663	0.00567	0.00796	0.00702	0.00459	0.04873	0.03327	0.22083	0.02202	0.01272	0.05674	0.00481	0.00325	0.00120	0.00294	0.00356	0.18212	0.00500
75	0.00667	0.00419	0.00477	0.00466	0.00522	0.00399	0.00300	0.00713	0.00720	0.06956	0.01875	0.04617	0.16580	0.55688	0.01493	0.00302	0.00342	0.02987	0.04170	0.00308
76	0.74725	0.00770	0.00652	0.00564	0.00825	0.00860	0.00464	0.01318	0.00766	0.14884	0.00731	0.00775	0.00530	0.00397	0.00276	0.00126	0.00319	0.00250	0.00291	0.00480
77	0.00556	0.00412	0.00520	0.00511	0.00603	0.00379	0.00376	0.00732	0.02378	0.01463	0.58300	0.16310	0.14106	0.00922	0.00484	0.00135	0.00202	0.00813	0.00426	0.00373
78	0.21128	0.00491	0.00514	0.00523	0.00646	0.00488	0.00383	0.00806	0.00818	0.06168	0.04174	0.35533	0.21813	0.04091	0.00496	0.00154	0.00258	0.00787	0.00352	0.00378
79	0.00514	0.00370	0.00485	0.00555	0.00595	0.00345	0.00382	0.00605	0.00833	0.01115	0.12820	0.64594	0.06444	0.04077	0.00566	0.00167	0.00240	0.04576	0.00381	0.00336
80	0.01251	0.01109	0.06290	0.01090	0.01427	0.01110	0.18967	0.38067	0.20404	0.04356	0.01101	0.01132	0.00800	0.00464	0.00423	0.00129	0.00477	0.00410	0.00351	0.00641
81	0.00755	0.00532	0.02483	0.00732	0.06923	0.04173	0.00484	0.00720	0.01954	0.01911	0.00885	0.05569	0.00878	0.06239	0.10261	0.54143	0.00460	0.00413	0.00206	0.00280
82	0.03934	0.00546	0.00685	0.00628	0.00791	0.00519	0.00475	0.02150	0.08590	0.28361	0.11188	0.31330	0.05977	0.02272	0.00481	0.00146	0.00281	0.00731	0.00423	0.00491
83	0.00766	0.00721	0.01217	0.84767	0.02794	0.00901	0.01127	0.01037	0.00811	0.01037	0.00721	0.01082	0.00541	0.00406	0.00406	0.00135	0.00541	0.00361	0.00180	0.00451

[dist]
# distance from previous block
# <min> <max>
0	1

[block]
# block no. 3 follows, 66 sequences, length 52
# corresponding to MSA columns:
# 222-253,257-276
name=unknown_D
#
# <colnr> <probs for GDERKNQSTAVLIFYWHMCP>
#	G	D	E	R	K	N	Q	S	T	A	V	L	I	F	Y	W	H	M	C	P
0	0.01035	0.01141	0.21447	0.04203	0.11532	0.00910	0.00925	0.04998	0.32153	0.09701	0.02288	0.01256	0.00936	0.00473	0.00398	0.00129	0.00417	0.00394	0.05051	0.00614
1	0.01037	0.71338	0.16359	0.00775	0.01166	0.01490	0.00835	0.01227	0.00830	0.01012	0.00593	0.00687	0.00519	0.00354	0.00282	0.00094	0.00463	0.00231	0.00173	0.00534
2	0.01085	0.85986	0.02126	0.00694	0.01041	0.01605	0.00694	0.01215	0.00824	0.00955	0.00564	0.00651	0.00521	0.00347	0.00260	0.00087	0.00434	0.00217	0.00174	0.00521
3	0.01145	0.17085	0.25508	0.00957	0.01341	0.01164	0.03121	0.25410	0.09857	0.04687	0.00901	0.00968	0.00676	0.01255	0.00432	0.00124	0.04146	0.00335	0.00282	0.00608
4	0.02201	0.00425	0.00514	0.00532	0.00620	0.00394	0.00376	0.00758	0.03218	0.07862	0.08180	0.40307	0.22068	0.08010	0.00638	0.02010	0.00253	0.00890	0.00376	0.00367
5	0.01516	0.01934	0.01150	0.01045	0.01254	0.84113	0.00784	0.01620	0.01150	0.00993	0.00627	0.00732	0.00523	0.00418	0.00366	0.00105	0.00732	0.00261	0.00209	0.00470
6	0.01009	0.00872	0.00917	0.00826	0.01055	0.01009	0.00642	0.02156	0.82478	0.01697	0.01651	0.01514	0.01238	0.00550	0.00413	0.00138	0.00321	0.00459	0.00413	0.00642
7	0.00524	0.00395	0.00471	0.00493	0.00571	0.00358	0.00350	0.00631	0.00902	0.01181	0.22953	0.27404	0.28889	0.10072	0.00661	0.00171	0.00235	0.03019	0.00380	0.00339
8	0.06366	0.00591	0.00713	0.00612	0.00824	0.00551	0.00483	0.02336	0.07708	0.35273	0.11757	0.09275	0.20378	0.00724	0.00433	0.00133	0.00283	0.00606	0.00433	0.00524
9	0.01806	0.00714	0.00956	0.00733	0.01047	0.00631	0.00605	0.06162	0.01200	0.79252	0.01568	0.01360	0.00988	0.00501	0.00408	0.00125	0.00351	0.00406	0.00497	0.00690
10	0.28857	0.00720	0.00834	0.00663	0.00957	0.00694	0.00547	0.01733	0.01015	0.58049	0.01278	0.01156	0.00828	0.00463	0.00359	0.00126	0.00335	0.00349	0.00424	0.00612
11	0.06108	0.00830	0.00916	0.00791	0.01042	0.00909	0.00630	0.07579	0.51143	0.19931	0.01551	0.01514	0.01145	0.00547	0.00408	0.00135	0.00337	0.03431	0.00422	0.00635
12	0.05204	0.00732	0.00911	0.00735	0.01018	0.00704	0.00596	0.04278	0.18113	0.57270	0.01576	0.04803	0.01089	0.00538	0.00407	0.00130	0.00337	0.00440	0.00465	0.00655
13	0.01081	0.00907	0.00958	0.00840	0.01082	0.01043	0.00660	0.12888	0.71629	0.01813	0.01560	0.01441	0.01165	0.00542	0.00412	0.00135	0.00338	0.00446	0.00412	0.00649
14	0.76922	0.00772	0.00643	0.00559	0.00818	0.00868	0.00461	0.01298	0.00754	0.12817	0.00704	0.00756	0.00515	0.00394	0.00272	0.00126	0.00318	0.00245	0.00285	0.00473
15	0.00694	0.00464	0.00597	0.00627	0.00716	0.00459	0.00479	0.00892	0.06863	0.07230	0.09850	0.35023	0.05444	0.04431	0.00577	0.00168	0.01852	0.20196	0.03041	0.00395
16	0.00510	0.00371	0.00481	0.00554	0.00599	0.00344	0.00385	0.00599	0.00826	0.01093	0.08429	0.64550	0.11013	0.02642	0.00540	0.00164	0.00240	0.05945	0.00379	0.00336
17	0.00580	0.00417	0.00570	0.00573	0.00618	0.00460	0.00408	0.00670	0.00634	0.00889	0.01198	0.05095	0.01242	0.32757	0.51471	0.00541	0.00805	0.00517	0.00234	0.00319
18	0.00961	0.00924	0.01587	0.17030	0.67170	0.00954	0.03023	0.01209	0.00905	0.01274	0.00757	0.01020	0.00624	0.00369	0.00404	0.00123	0.00497	0.00364	0.00197	0.00607
19	0.01550	0.01123	0.01209	0.00927	0.01252	0.01239	0.00766	0.79504	0.01886	0.04942	0.00993	0.00986	0.00699	0.00487	0.00406	0.00122	0.00443	0.00367	0.00409	0.00690
20	0.01045	0.00862	0.00924	0.00804	0.01054	0.00959	0.00630	0.05553	0.67943	0.04626	0.01528	0.01419	0.01143	0.00521	0.00401	0.00129	0.00325	0.00431	0.00399	0.09304
21	0.03876	0.00816	0.01000	0.00777	0.01086	0.00797	0.00639	0.21839	0.06934	0.55676	0.01422	0.01271	0.00928	0.00499	0.00404	0.00125	0.00368	0.00396	0.00466	0.00681
22	0.86694	0.00792	0.00610	0.00542	0.00795	0.00918	0.00447	0.02965	0.00717	0.01836	0.00574	0.00666	0.00445	0.00379	0.00254	0.00125	0.00317	0.00223	0.00254	0.00445
23	0.00513	0.00377	0.00485	0.00549	0.00601	0.00345	0.00382	0.00606	0.00840	0.01117	0.11039	0.62882	0.11951	0.01175	0.00507	0.00157	0.00234	0.04086	0.00382	0.01773
24	0.00829	0.00782	0.01311	0.60994	0.22902	0.00904	0.01132	0.01088	0.00841	0.01120	0.00732	0.01053	0.00569	0.00391	0.00401	0.00129	0.00517	0.00356	0.00188	0.03763
25	0.01031	0.00932	0.01500	0.17271	0.57166	0.00979	0.01153	0.09818	0.02317	0.02751	0.00806	0.01029	0.00645	0.00388	0.00403	0.00124	0.00484	0.00364	0.00227	0.00613
26	0.00898	0.00441	0.00493	0.00467	0.00595	0.00429	0.00367	0.02389	0.00919	0.12534	0.01476	0.01801	0.02546	0.00544	0.00330	0.00108	0.00231	0.07552	0.65454	0.00424
27	0.45888	0.00710	0.00724	0.00607	0.00864	0.00735	0.00494	0.01455	0.00897	0.34289	0.04146	0.04226	0.00894	0.02008	0.00365	0.00132	0.00320	0.00355	0.00363	0.00530
28	0.00540	0.00412	0.00487	0.00518	0.00601	0.00381	0.00373	0.01599	0.02705	0.01148	0.11622	0.32715	0.30900	0.07659	0.00620	0.00169	0.00247	0.06581	0.00375	0.00348
29	0.75101	0.00779	0.00656	0.00567	0.00828	0.00875	0.00467	0.02985	0.00779	0.12833	0.00713	0.00763	0.00521	0.00396	0.00275	0.00125	0.00321	0.00248	0.00288	0.00478
30	0.73311	0.00784	0.00667	0.00574	0.00837	0.00879	0.00473	0.04190	0.00800	0.13309	0.00725	0.00772	0.00528	0.00398	0.00279	0.00125	0.00323	0.00251	0.00292	0.00484
31	0.20771	0.00644	0.00757	0.00626	0.00871	0.00616	0.00504	0.01541	0.00988	0.47776	0.03749	0.07598	0.01100	0.02347	0.00408	0.00131	0.00313	0.00433	0.08267	0.00562
32	0.00619	0.00430	0.00512	0.00485	0.00611	0.00379	0.00366	0.00766	0.01040	0.07152	0.40706	0.06337	0.37290	0.00907	0.00475	0.00133	0.00210	0.00778	0.00418	0.00385
33	0.76922	0.00772	0.00643	0.00559	0.00818	0.00868	0.00461	0.01298	0.00754	0.12817	0.00704	0.00756	0.00515	0.00394	0.00272	0.00126	0.00318	0.00245	0.00285	0.00473
34	0.00699	0.00411	0.00525	0.00549	0.00608	0.00383	0.00369	0.00762	0.00781	0.12072	0.01929	0.49799	0.03832	0.24238	0.00925	0.00221	0.00293	0.00893	0.00358	0.00356
35	0.53967	0.00817	0.00750	0.00645	0.00905	0.00918	0.00524	0.07658	0.16974	0.11915	0.00938	0.00941	0.00686	0.00435	0.00314	0.00128	0.00329	0.00301	0.00326	0.00530
36	0.00546	0.00395	0.00479	0.00508	0.00592	0.00352	0.00362	0.00653	0.00909	0.03766	0.18232	0.39847	0.29715	0.01081	0.00494	0.00147	0.00220	0.00951	0.00394	0.00355
37	0.01687	0.00843	0.01029	0.00795	0.01108	0.00831	0.00655	0.27579	0.05816	0.53120	0.01403	0.01258	0.00916	0.00500	0.00408	0.00125	0.00376	0.00397	0.00466	0.00688
38	0.17040	0.00844	0.00910	0.00742	0.01005	0.00904	0.00602	0.28997	0.12311	0.18480	0.10998	0.01331	0.01168	0.00520	0.00386	0.00125	0.00349	0.00405	0.02288	0.00595
39	0.00748	0.00438	0.00577	0.00594	0.00696	0.00400	0.00445	0.00865	0.00920	0.15085	0.11598	0.42799	0.10549	0.01046	0.00497	0.00154	0.00264	0.11515	0.00406	0.00404
40	0.00586	0.00429	0.00634	0.00634	0.00700	0.00492	0.00485	0.00710	0.00652	0.00935	0.02472	0.01652	0.01070	0.06897	0.74931	0.04704	0.01004	0.00443	0.00221	0.00348
41	0.00919	0.00517	0.00562	0.00508	0.00653	0.00529	0.00394	0.08061	0.08236	0.08625	0.09292	0.01603	0.01296	0.00518	0.00335	0.00107	0.00236	0.00421	0.56734	0.00455
42	0.00562	0.00375	0.00490	0.00560	0.00604	0.00345	0.00380	0.00637	0.00800	0.05144	0.02294	0.73991	0.07519	0.03528	0.00552	0.00167	0.00243	0.01082	0.00379	0.00346
43	0.00658	0.00379	0.00531	0.00529	0.00564	0.00375	0.00367	0.00600	0.00662	0.01873	0.09684	0.04907	0.08791	0.04896	0.10074	0.53735	0.00397	0.00487	0.00241	0.00247
44	0.03595	0.01316	0.01117	0.00990	0.02710	0.35653	0.06204	0.09701	0.24542	0.01423	0.03266	0.04791	0.00955	0.00512	0.00400	0.00123	0.00526	0.01331	0.00304	0.00540
45	0.01239	0.10193	0.01147	0.00924	0.05254	0.23157	0.00702	0.26794	0.01288	0.04229	0.04721	0.10180	0.04578	0.00590	0.00403	0.00121	0.00473	0.03155	0.00318	0.00534
46	0.12835	0.00872	0.01068	0.33298	0.07067	0.09712	0.02001	0.05346	0.04212	0.09469	0.00880	0.01140	0.00684	0.00558	0.02688	0.04416	0.00497	0.02514	0.00254	0.00491
47	0.17731	0.42102	0.12793	0.06502	0.01279	0.02994	0.05481	0.02673	0.00845	0.03432	0.00648	0.00762	0.00527	0.00370	0.00307	0.00108	0.00459	0.00262	0.00204	0.00519
48	0.04446	0.00971	0.04662	0.13347	0.14646	0.09718	0.00825	0.14054	0.07101	0.11015	0.02787	0.09495	0.00992	0.03582	0.00467	0.00138	0.00449	0.00450	0.00307	0.00549
49	0.03388	0.00660	0.00695	0.01962	0.03726	0.07232	0.00495	0.11653	0.00976	0.01277	0.01978	0.32575	0.16748	0.06462	0.03645	0.00173	0.00359	0.00743	0.00333	0.04922
50	0.02454	0.04091	0.04634	0.00954	0.05021	0.01918	0.09631	0.29192	0.03920	0.07323	0.05100	0.09416	0.01068	0.02161	0.00573	0.09510	0.00423	0.00470	0.01605	0.00536
51	0.04113	0.11630	0.16955	0.01097	0.04497	0.09928	0.13591	0.15167	0.03318	0.06615	0.00921	0.01024	0.02950	0.00479	0.01654	0.00131	0.04747	0.00356	0.00259	0.00568

[dist]
# distance from previous block
# <min> <max>
4	432

# created by:
# /st0/software/busco_prod/Augustus/scripts/msa2prfl.pl ./align_prep/116110.fa
