[name]
unknown

[dist]
# distance from previous block
# <min> <max>
6	138

[block]
# block no. 0 follows, 41 sequences, length 25
# corresponding to MSA columns:
# 176-200
name=unknown_A
#
# <colnr> <probs for GDERKNQSTAVLIFYWHMCP>
#	G	D	E	R	K	N	Q	S	T	A	V	L	I	F	Y	W	H	M	C	P
0	0.05169	0.07088	0.26904	0.03833	0.02040	0.01524	0.04924	0.31201	0.01819	0.05383	0.01361	0.01448	0.03484	0.00633	0.00549	0.00174	0.00695	0.00496	0.00411	0.00862
1	0.01364	0.14198	0.05287	0.18875	0.02090	0.01341	0.04623	0.09101	0.01335	0.05024	0.03020	0.01495	0.01016	0.03101	0.00674	0.00169	0.06091	0.00474	0.03981	0.16742
2	0.01544	0.01425	0.16099	0.01245	0.01715	0.01054	0.08629	0.09927	0.04631	0.18633	0.04454	0.09365	0.01516	0.04222	0.00679	0.00188	0.00590	0.00649	0.00463	0.12972
3	0.05856	0.02057	0.35142	0.01548	0.02113	0.06319	0.13497	0.07993	0.01377	0.01948	0.01432	0.07688	0.01272	0.00754	0.00596	0.00193	0.00763	0.08355	0.00340	0.00757
4	0.01299	0.06021	0.49003	0.01428	0.02134	0.01255	0.04113	0.04885	0.01294	0.06375	0.01150	0.02820	0.00864	0.00560	0.00526	0.00163	0.00727	0.00449	0.00308	0.14628
5	0.01279	0.02093	0.40604	0.04275	0.01974	0.07742	0.01487	0.01832	0.06424	0.07156	0.13002	0.01968	0.04217	0.00708	0.00568	0.00178	0.00683	0.00572	0.02470	0.00767
6	0.01435	0.01128	0.01262	0.00979	0.01386	0.01077	0.00786	0.25850	0.05019	0.02499	0.11391	0.02063	0.07963	0.00712	0.00535	0.00140	0.00462	0.00576	0.00482	0.34254
7	0.01797	0.17144	0.02101	0.02009	0.24792	0.39576	0.01282	0.02011	0.01435	0.01535	0.00926	0.01129	0.00789	0.00546	0.00503	0.00150	0.00842	0.00400	0.00282	0.00752
8	0.00823	0.00590	0.00826	0.00836	0.00915	0.00658	0.00617	0.00984	0.00929	0.01335	0.01716	0.08081	0.01724	0.18249	0.54223	0.00763	0.01200	0.00723	0.04332	0.00477
9	0.01390	0.01381	0.04764	0.11976	0.63409	0.01360	0.01729	0.03796	0.01321	0.01870	0.01076	0.01420	0.00885	0.00523	0.00566	0.00173	0.00693	0.00507	0.00287	0.00875
10	0.01704	0.14542	0.06581	0.01821	0.22169	0.04602	0.04429	0.04240	0.06779	0.20042	0.01541	0.06478	0.01228	0.00665	0.00548	0.00170	0.00619	0.00569	0.00425	0.00847
11	0.01297	0.01864	0.20771	0.02177	0.02788	0.01435	0.53234	0.01803	0.01291	0.01803	0.01105	0.01448	0.00828	0.00524	0.00708	0.00193	0.05070	0.00606	0.00276	0.00781
12	0.00817	0.00613	0.00919	0.00919	0.01021	0.00715	0.00715	0.01021	0.00919	0.01328	0.01532	0.02247	0.01430	0.04290	0.77631	0.00919	0.01532	0.00613	0.00306	0.00511
13	0.01113	0.01017	0.01682	0.31712	0.29647	0.01107	0.01396	0.01413	0.01195	0.01617	0.01568	0.19033	0.01556	0.00848	0.00611	0.00194	0.00630	0.02635	0.00334	0.00693
14	0.01577	0.01360	0.01269	0.03861	0.03958	0.19496	0.00874	0.08800	0.09649	0.11078	0.01738	0.02158	0.04606	0.14369	0.12357	0.00345	0.00802	0.00599	0.00424	0.00683
15	0.00703	0.00500	0.00662	0.00788	0.00820	0.00469	0.00522	0.00798	0.01083	0.01444	0.03089	0.75935	0.03702	0.05492	0.00833	0.00248	0.00342	0.01588	0.00522	0.00459
16	0.01416	0.01359	0.02322	0.03511	0.76330	0.01359	0.01755	0.01755	0.01302	0.01869	0.01076	0.01416	0.00906	0.00510	0.00566	0.00170	0.00680	0.00510	0.00283	0.00906
17	0.07212	0.01245	0.01827	0.45197	0.25138	0.06646	0.01535	0.01622	0.01212	0.01658	0.01009	0.01415	0.00793	0.00552	0.00551	0.00180	0.00734	0.00485	0.00273	0.00717
18	0.01392	0.01335	0.02279	0.08767	0.71258	0.01353	0.01744	0.01735	0.01291	0.01840	0.01072	0.01423	0.00896	0.00514	0.00567	0.00171	0.00685	0.00510	0.00281	0.00887
19	0.00722	0.00509	0.00656	0.00764	0.00791	0.00482	0.00496	0.00803	0.01045	0.01394	0.02897	0.65178	0.03461	0.16578	0.01143	0.00293	0.00374	0.01476	0.00496	0.00442
20	0.01399	0.01381	0.02447	0.03261	0.62378	0.01390	0.12152	0.01749	0.01290	0.01841	0.01073	0.01426	0.00893	0.00528	0.00642	0.00177	0.04284	0.00533	0.00283	0.00874
21	0.01072	0.00958	0.01003	0.00943	0.01018	0.09991	0.00677	0.01232	0.04552	0.01294	0.01507	0.02646	0.01566	0.38117	0.19460	0.00529	0.11946	0.00670	0.00329	0.00489
22	0.00697	0.00498	0.00664	0.00796	0.00830	0.00465	0.00531	0.00796	0.01095	0.01460	0.03153	0.79525	0.03783	0.01792	0.00730	0.00232	0.00332	0.01626	0.00531	0.00465
23	0.00705	0.00567	0.00628	0.00640	0.00797	0.00491	0.00470	0.00866	0.01330	0.01673	0.18672	0.17001	0.51254	0.01450	0.00684	0.00197	0.00293	0.01241	0.00550	0.00491
24	0.00817	0.00613	0.00919	0.00919	0.01021	0.00715	0.00715	0.01021	0.00919	0.01328	0.01532	0.02247	0.01430	0.04290	0.77631	0.00919	0.01532	0.00613	0.00306	0.00511

[dist]
# distance from previous block
# <min> <max>
0	43

[block]
# block no. 1 follows, 41 sequences, length 41
# corresponding to MSA columns:
# 244-284
name=unknown_B
#
# <colnr> <probs for GDERKNQSTAVLIFYWHMCP>
#	G	D	E	R	K	N	Q	S	T	A	V	L	I	F	Y	W	H	M	C	P
0	0.01147	0.02959	0.76934	0.01630	0.02476	0.01328	0.02113	0.01811	0.01208	0.01811	0.01026	0.01208	0.00725	0.00543	0.00543	0.00181	0.00845	0.00423	0.00242	0.00845
1	0.02137	0.02726	0.01621	0.01474	0.01768	0.77602	0.01105	0.02284	0.01621	0.01400	0.00884	0.01031	0.00737	0.00589	0.00516	0.00147	0.01031	0.00368	0.00295	0.00663
2	0.01147	0.02959	0.76934	0.01630	0.02476	0.01328	0.02113	0.01811	0.01208	0.01811	0.01026	0.01208	0.00725	0.00543	0.00543	0.00181	0.00845	0.00423	0.00242	0.00845
3	0.01246	0.00624	0.00677	0.00629	0.00800	0.00620	0.00478	0.04387	0.01279	0.09753	0.01874	0.02164	0.01470	0.04599	0.02624	0.00181	0.00352	0.00553	0.65103	0.00586
4	0.00825	0.00556	0.00644	0.00649	0.00657	0.00561	0.00377	0.00842	0.00848	0.01137	0.01840	0.06709	0.02108	0.72036	0.07477	0.00564	0.00606	0.00850	0.00352	0.00362
5	0.01318	0.01479	0.03187	0.06419	0.02967	0.01405	0.67413	0.01786	0.01338	0.01808	0.01225	0.01740	0.00960	0.00531	0.00674	0.00196	0.00936	0.03565	0.00297	0.00754
6	0.01282	0.23717	0.38643	0.01536	0.02193	0.01576	0.14142	0.01796	0.03500	0.01725	0.04041	0.01338	0.00971	0.00550	0.00524	0.00167	0.00767	0.00466	0.00277	0.00792
7	0.02416	0.01199	0.05380	0.01085	0.01535	0.05672	0.00928	0.02715	0.04687	0.64934	0.02108	0.01858	0.01350	0.00695	0.00570	0.00176	0.00538	0.00557	0.00652	0.00944
8	0.00697	0.00498	0.00664	0.00796	0.00830	0.00465	0.00531	0.00796	0.01095	0.01460	0.03153	0.79525	0.03783	0.01792	0.00730	0.00232	0.00332	0.01626	0.00531	0.00465
9	0.01090	0.01036	0.01775	0.75795	0.03905	0.01277	0.04193	0.01475	0.01151	0.01475	0.01022	0.01526	0.00766	0.00569	0.00576	0.00191	0.00770	0.00514	0.00255	0.00640
10	0.01992	0.01494	0.01508	0.01280	0.04575	0.10314	0.00989	0.41357	0.06799	0.10968	0.01524	0.01544	0.01103	0.00674	0.00544	0.00166	0.00605	0.00515	0.11178	0.00873
11	0.01988	0.01454	0.01493	0.01223	0.01618	0.07868	0.00982	0.30933	0.27050	0.16468	0.01819	0.01708	0.01297	0.00713	0.00571	0.00178	0.00577	0.00558	0.00577	0.00924
12	0.01333	0.01510	0.03272	0.07151	0.03049	0.01436	0.69727	0.01809	0.01337	0.01809	0.01148	0.01542	0.00861	0.00488	0.00669	0.00193	0.00952	0.00665	0.00287	0.00763
13	0.01333	0.01191	0.02043	0.37092	0.35138	0.01292	0.05493	0.01691	0.01254	0.06345	0.01127	0.01505	0.00871	0.00549	0.00575	0.00181	0.00720	0.00522	0.00297	0.00781
14	0.01210	0.01158	0.01990	0.48939	0.29965	0.01309	0.04115	0.01580	0.01208	0.01621	0.01043	0.01486	0.00818	0.00546	0.00573	0.00183	0.00739	0.00514	0.00266	0.00737
15	0.00705	0.00504	0.00673	0.00806	0.00842	0.00472	0.00545	0.00810	0.01103	0.01469	0.03148	0.76904	0.03765	0.01784	0.00732	0.00233	0.00339	0.04167	0.00531	0.00467
16	0.00697	0.00498	0.00664	0.00796	0.00830	0.00465	0.00531	0.00796	0.01095	0.01460	0.03153	0.79525	0.03783	0.01792	0.00730	0.00232	0.00332	0.01626	0.00531	0.00465
17	0.01398	0.01416	0.06784	0.05266	0.51856	0.01339	0.04518	0.06779	0.05973	0.01987	0.01392	0.01746	0.03570	0.00606	0.00581	0.00177	0.00669	0.02742	0.00334	0.00867
18	0.01029	0.00635	0.00823	0.00747	0.00927	0.00574	0.00570	0.01282	0.01595	0.11980	0.60552	0.04070	0.10729	0.01132	0.00662	0.00181	0.00300	0.00989	0.00632	0.00592
19	0.06330	0.01719	0.01494	0.01263	0.01632	0.21439	0.00997	0.25906	0.23901	0.07164	0.01554	0.01523	0.01150	0.00681	0.00549	0.00173	0.00663	0.00509	0.00499	0.00853
20	0.01080	0.01017	0.01716	0.78523	0.03940	0.01271	0.01589	0.01461	0.01144	0.01461	0.01017	0.01525	0.00762	0.00572	0.00572	0.00191	0.00762	0.00508	0.00254	0.00635
21	0.01529	0.80242	0.02997	0.00979	0.01468	0.02263	0.00979	0.01713	0.01162	0.01346	0.00795	0.00918	0.00734	0.00489	0.00367	0.00122	0.00612	0.00306	0.00245	0.00734
22	0.01179	0.01093	0.01833	0.52030	0.25314	0.01258	0.01575	0.01542	0.01194	0.01618	0.01080	0.01525	0.00843	0.00558	0.00561	0.00181	0.00711	0.00510	0.04684	0.00711
23	0.02084	0.01556	0.01634	0.01285	0.01717	0.04252	0.01050	0.58280	0.13009	0.06891	0.01536	0.01498	0.01097	0.00697	0.00572	0.00174	0.00611	0.00532	0.00571	0.00953
24	0.00831	0.00556	0.00633	0.00633	0.00637	0.00560	0.00358	0.00838	0.00835	0.01116	0.01794	0.03696	0.02059	0.77492	0.05289	0.00566	0.00586	0.00825	0.00345	0.00352
25	0.00697	0.00498	0.00664	0.00796	0.00830	0.00465	0.00531	0.00796	0.01095	0.01460	0.03153	0.79525	0.03783	0.01792	0.00730	0.00232	0.00332	0.01626	0.00531	0.00465
26	0.00697	0.00498	0.00664	0.00796	0.00830	0.00465	0.00531	0.00796	0.01095	0.01460	0.03153	0.79525	0.03783	0.01792	0.00730	0.00232	0.00332	0.01626	0.00531	0.00465
27	0.01529	0.80242	0.02997	0.00979	0.01468	0.02263	0.00979	0.01713	0.01162	0.01346	0.00795	0.00918	0.00734	0.00489	0.00367	0.00122	0.00612	0.00306	0.00245	0.00734
28	0.01080	0.01017	0.01716	0.78523	0.03940	0.01271	0.01589	0.01461	0.01144	0.01461	0.01017	0.01525	0.00762	0.00572	0.00572	0.00191	0.00762	0.00508	0.00254	0.00635
29	0.00697	0.00498	0.00664	0.00796	0.00830	0.00465	0.00531	0.00796	0.01095	0.01460	0.03153	0.79525	0.03783	0.01792	0.00730	0.00232	0.00332	0.01626	0.00531	0.00465
30	0.00728	0.00539	0.00759	0.00843	0.00896	0.00505	0.03067	0.00842	0.01109	0.01484	0.05254	0.71373	0.03661	0.04987	0.00818	0.00243	0.00361	0.01542	0.00518	0.00473
31	0.01311	0.01347	0.02584	0.01937	0.02381	0.03973	0.49569	0.01738	0.03983	0.04897	0.01727	0.09763	0.04379	0.00754	0.00700	0.00200	0.02450	0.05219	0.00365	0.00720
32	0.00883	0.00712	0.01044	0.01009	0.01091	0.00873	0.00794	0.01070	0.00920	0.01341	0.01473	0.05311	0.01418	0.03652	0.62140	0.00782	0.14017	0.00637	0.00307	0.00527
33	0.01147	0.02959	0.76934	0.01630	0.02476	0.01328	0.02113	0.01811	0.01208	0.01811	0.01026	0.01208	0.00725	0.00543	0.00543	0.00181	0.00845	0.00423	0.00242	0.00845
34	0.01406	0.01349	0.02304	0.05735	0.74183	0.01356	0.01750	0.01747	0.01298	0.01857	0.01074	0.01419	0.00902	0.00511	0.00566	0.00170	0.00682	0.00510	0.00282	0.00898
35	0.00968	0.00762	0.00998	0.00865	0.01071	0.00733	0.02218	0.01253	0.03530	0.03504	0.45767	0.06369	0.06286	0.01025	0.00737	0.00173	0.07400	0.00868	0.00531	0.14942
36	0.01400	0.54021	0.28084	0.01200	0.01810	0.01946	0.01364	0.01746	0.01178	0.01504	0.00874	0.01016	0.00731	0.00508	0.00427	0.00142	0.00691	0.00345	0.00244	0.00772
37	0.01931	0.01470	0.01382	0.01163	0.01481	0.19686	0.00919	0.16437	0.03048	0.23458	0.07205	0.06097	0.06187	0.00833	0.00670	0.00178	0.05912	0.00638	0.00521	0.00784
38	0.01990	0.01510	0.01613	0.01279	0.01704	0.01688	0.01043	0.56902	0.20510	0.03307	0.01608	0.01560	0.01163	0.00709	0.00575	0.00177	0.00586	0.00547	0.00575	0.00956
39	0.01524	0.03304	0.01306	0.01069	0.01357	0.01336	0.00822	0.26437	0.29381	0.02436	0.01828	0.02267	0.01546	0.21455	0.01183	0.00279	0.00543	0.00642	0.00508	0.00777
40	0.02137	0.01584	0.01696	0.01309	0.01760	0.01757	0.01078	0.70921	0.06251	0.03545	0.01420	0.01411	0.01011	0.00691	0.00573	0.00173	0.00621	0.00521	0.00573	0.00969

[dist]
# distance from previous block
# <min> <max>
5	7

[block]
# block no. 2 follows, 41 sequences, length 7
# corresponding to MSA columns:
# 293-299
name=unknown_C
#
# <colnr> <probs for GDERKNQSTAVLIFYWHMCP>
#	G	D	E	R	K	N	Q	S	T	A	V	L	I	F	Y	W	H	M	C	P
0	0.01199	0.13502	0.66847	0.01541	0.02338	0.01456	0.01959	0.01798	0.01201	0.01748	0.00995	0.01168	0.00726	0.00536	0.00519	0.00173	0.00813	0.00407	0.00242	0.00830
1	0.02174	0.01602	0.01717	0.01316	0.01774	0.01774	0.01087	0.74423	0.02689	0.03605	0.01373	0.01373	0.00973	0.00687	0.00572	0.00172	0.00629	0.00515	0.00572	0.00973
2	0.02174	0.01602	0.01717	0.01316	0.01774	0.01774	0.01087	0.74423	0.02689	0.03605	0.01373	0.01373	0.00973	0.00687	0.00572	0.00172	0.00629	0.00515	0.00572	0.00973
3	0.01473	0.68776	0.13967	0.01075	0.01618	0.02125	0.01147	0.01727	0.01169	0.01415	0.00830	0.00961	0.00733	0.00497	0.00393	0.00131	0.00646	0.00323	0.00244	0.00751
4	0.05442	0.49006	0.25241	0.01191	0.01771	0.05785	0.01312	0.01770	0.01190	0.01549	0.00870	0.01012	0.00726	0.00513	0.00427	0.00144	0.00696	0.00345	0.00252	0.00759
5	0.17519	0.07579	0.40657	0.01290	0.01918	0.01336	0.01469	0.01963	0.08667	0.07675	0.01190	0.01282	0.00865	0.00569	0.00496	0.00174	0.00667	0.00423	0.00337	0.03925
6	0.08494	0.06532	0.18447	0.01051	0.01460	0.03081	0.01030	0.05889	0.06382	0.06771	0.21855	0.02593	0.08327	0.00841	0.00570	0.00176	0.00518	0.02559	0.00463	0.02961

[dist]
# distance from previous block
# <min> <max>
4	21

[block]
# block no. 3 follows, 41 sequences, length 8
# corresponding to MSA columns:
# 330-334,336-338
name=unknown_D
#
# <colnr> <probs for GDERKNQSTAVLIFYWHMCP>
#	G	D	E	R	K	N	Q	S	T	A	V	L	I	F	Y	W	H	M	C	P
0	0.01551	0.01281	0.02141	0.08486	0.60835	0.01281	0.01617	0.01877	0.01337	0.12199	0.01235	0.01497	0.00966	0.00541	0.00568	0.00172	0.00659	0.00519	0.00340	0.00896
1	0.01230	0.01169	0.01986	0.45075	0.36219	0.01310	0.01663	0.01593	0.01214	0.01643	0.01043	0.01476	0.00826	0.00544	0.00569	0.00181	0.00725	0.00509	0.00267	0.00756
2	0.01283	0.01224	0.02082	0.33188	0.47690	0.01324	0.01689	0.01639	0.01240	0.01708	0.01052	0.01459	0.00849	0.00534	0.00568	0.00178	0.00712	0.00509	0.00272	0.00799
3	0.01340	0.01282	0.02185	0.20394	0.60037	0.01339	0.01718	0.01689	0.01267	0.01777	0.01063	0.01440	0.00874	0.00524	0.00568	0.00175	0.00698	0.00509	0.00277	0.00845
4	0.00965	0.00725	0.00999	0.01162	0.11374	0.00671	0.00754	0.01178	0.01330	0.05027	0.20975	0.20431	0.13303	0.03645	0.00734	0.00207	0.00402	0.09658	0.00510	0.05951
5	0.01195	0.24980	0.44986	0.01326	0.01956	0.01479	0.01566	0.01642	0.01179	0.01628	0.01254	0.11962	0.01151	0.00701	0.00518	0.00171	0.00707	0.00555	0.00282	0.00760
6	0.03285	0.01209	0.11669	0.01117	0.01458	0.00989	0.03800	0.11117	0.04597	0.10976	0.09335	0.08867	0.04426	0.06452	0.00815	0.00221	0.02454	0.12081	0.00486	0.04646
7	0.16493	0.01696	0.01475	0.01238	0.01587	0.25765	0.05894	0.15119	0.07851	0.04072	0.06493	0.01540	0.01243	0.02936	0.00592	0.00176	0.00693	0.00493	0.00417	0.04227

[dist]
# distance from previous block
# <min> <max>
7	22

[block]
# block no. 4 follows, 41 sequences, length 8
# corresponding to MSA columns:
# 377-384
name=unknown_E
#
# <colnr> <probs for GDERKNQSTAVLIFYWHMCP>
#	G	D	E	R	K	N	Q	S	T	A	V	L	I	F	Y	W	H	M	C	P
0	0.01536	0.01079	0.01282	0.01093	0.01427	0.01133	0.03241	0.06406	0.37302	0.15798	0.11204	0.02548	0.04610	0.00836	0.00599	0.00185	0.00459	0.03733	0.00584	0.04944
1	0.01482	0.01083	0.01260	0.08748	0.01592	0.04279	0.00887	0.18989	0.03817	0.10571	0.20057	0.02671	0.04464	0.00855	0.00597	0.00173	0.00507	0.06318	0.00524	0.11125
2	0.09768	0.01297	0.02078	0.02996	0.61618	0.01302	0.01554	0.01847	0.01302	0.09137	0.01162	0.01418	0.00926	0.00531	0.00546	0.00171	0.00637	0.00496	0.00331	0.00884
3	0.01291	0.01232	0.02097	0.31352	0.49462	0.01326	0.01693	0.01646	0.01244	0.01718	0.01054	0.01456	0.00853	0.00533	0.00568	0.00178	0.00710	0.00509	0.00272	0.00806
4	0.01416	0.01359	0.02322	0.03511	0.76330	0.01359	0.01755	0.01755	0.01302	0.01869	0.01076	0.01416	0.00906	0.00510	0.00566	0.00170	0.00680	0.00510	0.00283	0.00906
5	0.01230	0.01169	0.01986	0.45110	0.36185	0.01310	0.01663	0.01592	0.01214	0.01643	0.01043	0.01476	0.00826	0.00544	0.00569	0.00181	0.00726	0.00509	0.00267	0.00756
6	0.01646	0.01219	0.01591	0.08799	0.09279	0.03596	0.05014	0.12367	0.03933	0.15994	0.01351	0.01455	0.00996	0.00557	0.00524	0.00145	0.00574	0.00471	0.00431	0.30059
7	0.01451	0.01117	0.01146	0.00994	0.01296	0.08175	0.00772	0.06015	0.22359	0.12721	0.15706	0.06466	0.09385	0.00896	0.00592	0.00174	0.00464	0.00746	0.00549	0.08975

[dist]
# distance from previous block
# <min> <max>
10	75

[block]
# block no. 5 follows, 41 sequences, length 6
# corresponding to MSA columns:
# 466-471
name=unknown_F
#
# <colnr> <probs for GDERKNQSTAVLIFYWHMCP>
#	G	D	E	R	K	N	Q	S	T	A	V	L	I	F	Y	W	H	M	C	P
0	0.04823	0.01512	0.01650	0.01327	0.01723	0.16629	0.11729	0.15414	0.05932	0.04647	0.01443	0.05133	0.01240	0.00702	0.00562	0.00164	0.00674	0.06359	0.00417	0.17918
1	0.01658	0.01472	0.01421	0.01212	0.01539	0.19954	0.05332	0.10732	0.14068	0.10856	0.05009	0.08426	0.05526	0.00842	0.00589	0.00176	0.00627	0.03953	0.00484	0.06122
2	0.05147	0.01374	0.01542	0.01258	0.01601	0.13442	0.11531	0.17675	0.04474	0.06987	0.07086	0.11146	0.08755	0.00863	0.00598	0.00178	0.00618	0.00739	0.00470	0.04517
3	0.14450	0.00955	0.01035	0.05606	0.01300	0.03339	0.00755	0.08528	0.07247	0.02118	0.17981	0.07785	0.07509	0.06043	0.00780	0.00211	0.03236	0.05703	0.00476	0.04943
4	0.01586	0.01276	0.01540	0.01247	0.01575	0.08914	0.10908	0.22586	0.01741	0.08977	0.10072	0.08386	0.01915	0.08423	0.00834	0.00216	0.00618	0.04334	0.00486	0.04367
5	0.09099	0.01419	0.01474	0.01196	0.01570	0.13120	0.05342	0.13061	0.09085	0.08974	0.03845	0.01649	0.01206	0.00668	0.00615	0.00162	0.05639	0.03034	0.00435	0.18406

[dist]
# distance from previous block
# <min> <max>
0	2

[block]
# block no. 6 follows, 41 sequences, length 18
# corresponding to MSA columns:
# 474-491
name=unknown_G
#
# <colnr> <probs for GDERKNQSTAVLIFYWHMCP>
#	G	D	E	R	K	N	Q	S	T	A	V	L	I	F	Y	W	H	M	C	P
0	0.19265	0.00854	0.00909	0.00869	0.01075	0.00906	0.00660	0.11739	0.05698	0.02205	0.13711	0.29690	0.05906	0.01180	0.00607	0.00200	0.00400	0.02999	0.00516	0.00611
1	0.01224	0.16014	0.01283	0.00869	0.01130	0.00946	0.00726	0.01460	0.03280	0.13344	0.12436	0.12896	0.16470	0.01140	0.00619	0.00190	0.00431	0.12899	0.00513	0.02131
2	0.18282	0.01395	0.01434	0.01150	0.01560	0.01548	0.00938	0.44217	0.13046	0.04505	0.01445	0.03074	0.01082	0.00685	0.00529	0.00175	0.00551	0.00513	0.00525	0.03345
3	0.01366	0.42937	0.02214	0.01073	0.01398	0.01816	0.00963	0.01763	0.12191	0.01630	0.10780	0.01598	0.01493	0.00719	0.00730	0.00165	0.15614	0.00489	0.00346	0.00713
4	0.45144	0.01405	0.01406	0.01172	0.01546	0.11241	0.11688	0.02044	0.15429	0.02272	0.01156	0.01266	0.00889	0.00578	0.00467	0.00179	0.00599	0.00437	0.00381	0.00703
5	0.01153	0.01160	0.01737	0.01442	0.01554	0.01468	0.10570	0.01329	0.01020	0.01468	0.01775	0.02109	0.15279	0.01020	0.01490	0.00232	0.53609	0.00659	0.00309	0.00617
6	0.00943	0.00742	0.01159	0.01097	0.01262	0.00723	0.10273	0.01185	0.01273	0.01698	0.13405	0.04969	0.03057	0.16462	0.01167	0.00298	0.00551	0.38734	0.00476	0.00526
7	0.01385	0.01326	0.01205	0.01097	0.01391	0.12570	0.00844	0.02500	0.50088	0.02082	0.02781	0.02619	0.15917	0.00878	0.00590	0.00187	0.00507	0.00713	0.00529	0.00788
8	0.01433	0.01237	0.01771	0.01637	0.16074	0.01119	0.10501	0.12438	0.01464	0.03967	0.01130	0.01323	0.00894	0.00494	0.00510	0.00130	0.00575	0.00447	0.00366	0.42490
9	0.01484	0.02499	0.55934	0.01504	0.02239	0.01331	0.01796	0.12736	0.01484	0.11803	0.01238	0.01328	0.00851	0.00586	0.00552	0.00179	0.00767	0.00456	0.00351	0.00881
10	0.01147	0.02959	0.76934	0.01630	0.02476	0.01328	0.02113	0.01811	0.01208	0.01811	0.01026	0.01208	0.00725	0.00543	0.00543	0.00181	0.00845	0.00423	0.00242	0.00845
11	0.00767	0.00571	0.00714	0.00704	0.00835	0.00518	0.00518	0.00988	0.01480	0.02026	0.51663	0.15701	0.18775	0.01316	0.00683	0.00190	0.00283	0.01156	0.00596	0.00518
12	0.01202	0.17713	0.58452	0.01454	0.02191	0.01465	0.01807	0.01752	0.01222	0.01749	0.05158	0.01322	0.00987	0.00568	0.00517	0.00170	0.00768	0.00434	0.00264	0.00807
13	0.05694	0.01022	0.01667	0.74193	0.03782	0.01271	0.01535	0.01474	0.01134	0.01523	0.01004	0.01492	0.00755	0.00570	0.00560	0.00190	0.00745	0.00497	0.00260	0.00635
14	0.01312	0.01328	0.02116	0.01690	0.01913	0.01603	0.21517	0.01824	0.15343	0.01699	0.01168	0.01503	0.00975	0.00813	0.01293	0.00223	0.42058	0.00577	0.00325	0.00720
15	0.00693	0.00514	0.00647	0.00755	0.00819	0.00468	0.00512	0.00801	0.01135	0.01477	0.03661	0.65267	0.17712	0.01726	0.00720	0.00225	0.00324	0.01545	0.00531	0.00468
16	0.01513	0.02201	0.36083	0.01721	0.02382	0.01494	0.19109	0.24211	0.01699	0.02370	0.01165	0.01339	0.00836	0.00573	0.00584	0.00181	0.00807	0.00512	0.00355	0.00867
17	0.02057	0.01383	0.01791	0.01856	0.22464	0.01434	0.01214	0.36949	0.02050	0.20713	0.01503	0.01523	0.01061	0.00642	0.00571	0.00172	0.00609	0.00528	0.00524	0.00954

[dist]
# distance from previous block
# <min> <max>
9	14

[block]
# block no. 7 follows, 41 sequences, length 20
# corresponding to MSA columns:
# 507-523,530-532
name=unknown_H
#
# <colnr> <probs for GDERKNQSTAVLIFYWHMCP>
#	G	D	E	R	K	N	Q	S	T	A	V	L	I	F	Y	W	H	M	C	P
0	0.05152	0.01021	0.01170	0.00843	0.01344	0.00787	0.00675	0.01452	0.01176	0.01898	0.01006	0.01174	0.00836	0.00429	0.00420	0.00089	0.00425	0.00337	0.00340	0.79428
1	0.01468	0.01146	0.01258	0.00966	0.01410	0.04603	0.00769	0.09402	0.08105	0.09533	0.04247	0.03324	0.01238	0.00580	0.00490	0.00123	0.00475	0.00467	0.00436	0.49959
2	0.01423	0.01229	0.01293	0.01164	0.01487	0.01423	0.00905	0.03039	0.75297	0.02393	0.02328	0.02134	0.01746	0.00776	0.00582	0.00194	0.00453	0.00647	0.00582	0.00905
3	0.00794	0.00577	0.00748	0.00721	0.00849	0.00531	0.00535	0.01044	0.01560	0.02190	0.66737	0.11103	0.07992	0.01236	0.00680	0.00185	0.00276	0.01094	0.00617	0.00531
4	0.01192	0.01038	0.01237	0.00906	0.01369	0.00852	0.00729	0.01435	0.01158	0.01820	0.00993	0.01192	0.00839	0.00476	0.00555	0.00100	0.07493	0.00353	0.00331	0.75934
5	0.01513	0.01200	0.01302	0.01119	0.01474	0.01316	0.00880	0.09216	0.53627	0.07049	0.04870	0.02035	0.01699	0.00741	0.00568	0.00179	0.00461	0.00613	0.00565	0.09574
6	0.01187	0.11083	0.69162	0.01562	0.02370	0.01427	0.01994	0.01801	0.01203	0.01762	0.01002	0.01177	0.00726	0.00538	0.00525	0.00175	0.00821	0.00410	0.00242	0.00834
7	0.00876	0.00634	0.00864	0.00984	0.01111	0.00622	0.00837	0.01111	0.01292	0.01670	0.03291	0.14048	0.09906	0.01591	0.00773	0.00254	0.00485	0.58607	0.00528	0.00516
8	0.00832	0.00555	0.00624	0.00624	0.00624	0.00555	0.00347	0.00832	0.00832	0.01109	0.01802	0.03743	0.02080	0.79898	0.02911	0.00555	0.00555	0.00832	0.00347	0.00347
9	0.02174	0.01602	0.01717	0.01316	0.01774	0.01774	0.01087	0.74423	0.02689	0.03605	0.01373	0.01373	0.00973	0.00687	0.00572	0.00172	0.00629	0.00515	0.00572	0.00973
10	0.02137	0.02726	0.01621	0.01474	0.01768	0.77602	0.01105	0.02284	0.01621	0.01400	0.00884	0.01031	0.00737	0.00589	0.00516	0.00147	0.01031	0.00368	0.00295	0.00663
11	0.01379	0.49782	0.32139	0.01236	0.01865	0.01895	0.01426	0.01752	0.01180	0.01529	0.00886	0.01032	0.00730	0.00511	0.00437	0.00146	0.00704	0.00352	0.00243	0.00778
12	0.01186	0.01017	0.01186	0.00847	0.01356	0.00762	0.00678	0.01440	0.01186	0.01864	0.01017	0.01186	0.00847	0.00424	0.00424	0.00085	0.00424	0.00339	0.00339	0.83395
13	0.02174	0.01602	0.01717	0.01316	0.01774	0.01774	0.01087	0.74423	0.02689	0.03605	0.01373	0.01373	0.00973	0.00687	0.00572	0.00172	0.00629	0.00515	0.00572	0.00973
14	0.00711	0.00504	0.00660	0.00778	0.00808	0.00474	0.00512	0.00800	0.01067	0.01423	0.03011	0.71558	0.03604	0.10003	0.00959	0.00266	0.00355	0.01543	0.00512	0.00452
15	0.01529	0.80242	0.02997	0.00979	0.01468	0.02263	0.00979	0.01713	0.01162	0.01346	0.00795	0.00918	0.00734	0.00489	0.00367	0.00122	0.00612	0.00306	0.00245	0.00734
16	0.02095	0.01560	0.01717	0.06892	0.01930	0.01737	0.01123	0.69153	0.02578	0.03450	0.01348	0.01384	0.00958	0.00678	0.00572	0.00173	0.00639	0.00514	0.00549	0.00948
17	0.01141	0.02783	0.71417	0.01551	0.02345	0.01271	0.01990	0.01777	0.01207	0.01835	0.01087	0.01274	0.00778	0.00552	0.00533	0.00178	0.00804	0.00431	0.06224	0.00823
18	0.01814	0.01348	0.01477	0.01177	0.01565	0.01441	0.00948	0.54099	0.02257	0.03051	0.01653	0.15215	0.01459	0.00856	0.00585	0.00174	0.00556	0.00694	0.00542	0.09089
19	0.02092	0.02633	0.01601	0.01454	0.01751	0.72881	0.01093	0.02331	0.06187	0.01461	0.00974	0.01100	0.00799	0.00601	0.00520	0.00150	0.00996	0.00386	0.00313	0.00678

[dist]
# distance from previous block
# <min> <max>
1	5

[block]
# block no. 8 follows, 41 sequences, length 10
# corresponding to MSA columns:
# 538-547
name=unknown_I
#
# <colnr> <probs for GDERKNQSTAVLIFYWHMCP>
#	G	D	E	R	K	N	Q	S	T	A	V	L	I	F	Y	W	H	M	C	P
0	0.00952	0.13014	0.01071	0.00819	0.00941	0.00802	0.00610	0.01063	0.01086	0.04152	0.02415	0.38493	0.02760	0.20209	0.01196	0.00293	0.00455	0.08718	0.00448	0.00504
1	0.14098	0.07007	0.43581	0.01211	0.01800	0.01205	0.01432	0.01680	0.01166	0.01971	0.01160	0.01349	0.00872	0.00565	0.00471	0.00166	0.00640	0.00422	0.18469	0.00734
2	0.07855	0.01296	0.01186	0.01086	0.01362	0.13493	0.00831	0.07722	0.27796	0.02075	0.02009	0.18887	0.01867	0.00943	0.00580	0.00186	0.00533	0.03083	0.00486	0.06724
3	0.01879	0.01372	0.01476	0.01164	0.01521	0.01506	0.00924	0.58244	0.02281	0.03056	0.01468	0.01894	0.01216	0.18101	0.01086	0.00256	0.00613	0.00585	0.00523	0.00835
4	0.01105	0.00928	0.01127	0.00863	0.01282	0.00752	0.00686	0.01348	0.01127	0.01746	0.01130	0.01419	0.00975	0.01274	0.17397	0.00268	0.00667	0.00399	0.00332	0.65173
5	0.01859	0.01702	0.01522	0.01289	0.01656	0.18690	0.01017	0.29029	0.32113	0.02614	0.01653	0.01607	0.01236	0.00701	0.00564	0.00175	0.00648	0.00536	0.00514	0.00876
6	0.01372	0.06454	0.01337	0.01106	0.01320	0.26034	0.00867	0.01644	0.06750	0.01642	0.14211	0.02647	0.18134	0.00944	0.00785	0.00181	0.12844	0.00698	0.00412	0.00620
7	0.00861	0.03501	0.10664	0.00892	0.01126	0.00700	0.00806	0.01136	0.01381	0.01873	0.30614	0.14014	0.15298	0.01262	0.00675	0.00202	0.00411	0.13501	0.00521	0.00565
8	0.25896	0.18843	0.16241	0.01061	0.01557	0.01420	0.01058	0.02055	0.06598	0.18408	0.01272	0.01291	0.00922	0.00581	0.00459	0.00167	0.00568	0.00414	0.00402	0.00787
9	0.01312	0.16143	0.22196	0.01039	0.01474	0.01106	0.01072	0.01555	0.01213	0.13246	0.02219	0.02300	0.17448	0.00992	0.00819	0.13642	0.00567	0.00609	0.00380	0.00668

[dist]
# distance from previous block
# <min> <max>
2	43

# created by:
# /st0/software/busco_prod/Augustus/scripts/msa2prfl.pl ./align_prep/116516.fa
