[name]
unknown

[dist]
# distance from previous block
# <min> <max>
0	626

[block]
# block no. 0 follows, 52 sequences, length 18
# corresponding to MSA columns:
# 766-783
name=unknown_A
#
# <colnr> <probs for GDERKNQSTAVLIFYWHMCP>
#	G	D	E	R	K	N	Q	S	T	A	V	L	I	F	Y	W	H	M	C	P
0	0.01265	0.16076	0.06261	0.14606	0.03450	0.05164	0.00959	0.12789	0.03849	0.07835	0.03797	0.01852	0.01187	0.00631	0.00470	0.00147	0.00528	0.11609	0.00344	0.07180
1	0.09084	0.05192	0.06365	0.00856	0.01148	0.02974	0.00728	0.06335	0.22125	0.10866	0.04304	0.06402	0.10683	0.03306	0.00543	0.00165	0.00415	0.03770	0.00424	0.04316
2	0.01191	0.29671	0.14221	0.00962	0.02796	0.05343	0.00912	0.09060	0.06401	0.01591	0.03685	0.05486	0.01099	0.00585	0.00432	0.00134	0.01815	0.02360	0.11635	0.00621
3	0.07045	0.08400	0.03125	0.06475	0.09014	0.13547	0.00899	0.08266	0.01218	0.08957	0.01333	0.05733	0.01222	0.00689	0.00493	0.00152	0.01602	0.14105	0.00346	0.07379
4	0.04865	0.13528	0.19802	0.04822	0.01514	0.10636	0.03271	0.04066	0.03577	0.11615	0.01077	0.01341	0.00870	0.10163	0.00667	0.00174	0.00581	0.00405	0.00302	0.06725
5	0.12042	0.05301	0.00993	0.03408	0.01095	0.00852	0.00650	0.11246	0.03292	0.09195	0.15272	0.08243	0.03431	0.01090	0.09933	0.00222	0.00491	0.04420	0.00407	0.08419
6	0.01051	0.04504	0.09675	0.01019	0.02928	0.00821	0.10920	0.02899	0.03684	0.10394	0.10743	0.03783	0.01578	0.13494	0.12103	0.00284	0.00612	0.02216	0.00349	0.06942
7	0.03477	0.03677	0.12190	0.00886	0.01156	0.10158	0.04305	0.03176	0.03821	0.01632	0.27518	0.07585	0.10547	0.03408	0.00573	0.00159	0.00445	0.00680	0.00388	0.04218
8	0.13971	0.02602	0.10542	0.01164	0.07523	0.07997	0.04462	0.09615	0.19151	0.04801	0.03788	0.01449	0.04309	0.00562	0.00451	0.00146	0.00505	0.00450	0.00363	0.06150
9	0.01115	0.03644	0.03260	0.03590	0.13150	0.00864	0.06803	0.12104	0.01310	0.09661	0.13133	0.10949	0.16746	0.00818	0.00528	0.00156	0.00432	0.00719	0.00413	0.00607
10	0.04448	0.12784	0.25754	0.01520	0.17756	0.11030	0.01259	0.06643	0.08954	0.01618	0.01007	0.01212	0.00806	0.00505	0.00446	0.00144	0.00614	0.02531	0.00275	0.00692
11	0.01314	0.48907	0.18385	0.01062	0.01520	0.11898	0.04385	0.05074	0.01109	0.01333	0.00760	0.00881	0.00635	0.00442	0.00377	0.00121	0.00618	0.00308	0.00227	0.00644
12	0.00604	0.00427	0.00558	0.00658	0.00682	0.00403	0.00432	0.00678	0.00902	0.01202	0.02537	0.73324	0.03036	0.11078	0.00835	0.00229	0.00303	0.01299	0.00432	0.00382
13	0.00979	0.00826	0.00979	0.00738	0.01131	0.00636	0.00598	0.01195	0.01018	0.01564	0.01061	0.01529	0.00961	0.00474	0.00395	0.00090	0.00369	0.09254	0.00306	0.75898
14	0.04466	0.00912	0.04072	0.01263	0.01551	0.00825	0.32263	0.01165	0.01074	0.01459	0.02141	0.11265	0.14488	0.04222	0.00659	0.00191	0.00554	0.16559	0.00345	0.00525
15	0.04089	0.00968	0.03259	0.00907	0.01171	0.01013	0.00728	0.14747	0.35756	0.07756	0.11159	0.11393	0.03395	0.00780	0.00510	0.00162	0.00387	0.00656	0.00484	0.00683
16	0.00898	0.00588	0.00661	0.00611	0.00672	0.00601	0.00384	0.09883	0.00917	0.04422	0.01500	0.02874	0.01629	0.69942	0.02153	0.00419	0.00475	0.00664	0.00329	0.00378
17	0.01207	0.01107	0.01893	0.01875	0.24394	0.01117	0.25627	0.06314	0.13375	0.05343	0.04666	0.04956	0.01199	0.00575	0.00550	0.00160	0.02397	0.02210	0.00338	0.00696

[dist]
# distance from previous block
# <min> <max>
0	7

[block]
# block no. 1 follows, 52 sequences, length 31
# corresponding to MSA columns:
# 791-821
name=unknown_B
#
# <colnr> <probs for GDERKNQSTAVLIFYWHMCP>
#	G	D	E	R	K	N	Q	S	T	A	V	L	I	F	Y	W	H	M	C	P
0	0.00686	0.00495	0.00648	0.00610	0.00724	0.00457	0.00457	0.00914	0.01372	0.01943	0.79691	0.03620	0.04572	0.00991	0.00572	0.00152	0.00229	0.00876	0.00533	0.00457
1	0.01199	0.01151	0.01967	0.02974	0.79946	0.01151	0.01487	0.01487	0.01103	0.01583	0.00912	0.01199	0.00768	0.00432	0.00480	0.00144	0.00576	0.00432	0.00240	0.00768
2	0.00692	0.00518	0.00773	0.00771	0.00859	0.00599	0.00599	0.00868	0.00805	0.01161	0.04746	0.01979	0.01359	0.03518	0.77509	0.00751	0.01251	0.00535	0.00272	0.00434
3	0.00588	0.00431	0.00553	0.00650	0.00696	0.00396	0.00439	0.00678	0.00952	0.01247	0.02974	0.72086	0.13576	0.01479	0.00612	0.00192	0.00276	0.01330	0.00450	0.00396
4	0.86392	0.00937	0.00712	0.00637	0.00937	0.01087	0.00525	0.01425	0.00825	0.02174	0.00675	0.00787	0.00525	0.00450	0.00300	0.00150	0.00375	0.00262	0.00300	0.00525
5	0.01433	0.01156	0.01483	0.01286	0.07832	0.03115	0.09869	0.38409	0.05854	0.02176	0.01131	0.01366	0.00898	0.04706	0.03497	0.07265	0.05182	0.00469	0.02196	0.00676
6	0.01112	0.01348	0.17948	0.16561	0.02010	0.01220	0.12313	0.08212	0.03072	0.03786	0.00957	0.02973	0.00774	0.00692	0.03015	0.00190	0.22468	0.00462	0.00265	0.00623
7	0.01071	0.31403	0.14819	0.00946	0.03841	0.01215	0.00900	0.01315	0.01044	0.02651	0.09760	0.01461	0.06033	0.00550	0.00459	0.00122	0.04345	0.00414	0.00281	0.17369
8	0.04845	0.00950	0.01186	0.00913	0.01288	0.00905	0.00754	0.19677	0.01572	0.60102	0.01701	0.01510	0.01092	0.00591	0.00481	0.00149	0.00439	0.00468	0.00564	0.00815
9	0.01072	0.01027	0.01567	0.53706	0.19141	0.06673	0.03242	0.01370	0.01044	0.03330	0.00933	0.01349	0.00736	0.00495	0.00487	0.00156	0.00641	0.02194	0.00239	0.00596
10	0.86392	0.00937	0.00712	0.00637	0.00937	0.01087	0.00525	0.01425	0.00825	0.02174	0.00675	0.00787	0.00525	0.00450	0.00300	0.00150	0.00375	0.00262	0.00300	0.00525
11	0.00590	0.00422	0.00562	0.00675	0.00703	0.00394	0.00450	0.00675	0.00928	0.01237	0.02671	0.82653	0.03205	0.01518	0.00619	0.00197	0.00281	0.01378	0.00450	0.00394
12	0.00842	0.00421	0.00631	0.00631	0.00631	0.00421	0.00421	0.00631	0.00631	0.00842	0.00842	0.01473	0.00842	0.01684	0.01894	0.85901	0.00421	0.00421	0.00210	0.00210
13	0.86392	0.00937	0.00712	0.00637	0.00937	0.01087	0.00525	0.01425	0.00825	0.02174	0.00675	0.00787	0.00525	0.00450	0.00300	0.00150	0.00375	0.00262	0.00300	0.00525
14	0.00596	0.00496	0.00523	0.00527	0.00683	0.00423	0.00403	0.00734	0.01127	0.01371	0.10928	0.04630	0.68517	0.01215	0.00579	0.00167	0.00257	0.05954	0.00457	0.00415
15	0.01177	0.01129	0.01927	0.09094	0.73999	0.01146	0.01476	0.01468	0.01093	0.01556	0.00908	0.01207	0.00758	0.00436	0.00480	0.00145	0.00581	0.00432	0.00238	0.00750
16	0.01038	0.01032	0.01342	0.01171	0.01195	0.05671	0.00957	0.01147	0.00779	0.01149	0.00770	0.01269	0.00767	0.05914	0.10707	0.00287	0.63628	0.00445	0.00224	0.00507
17	0.01205	0.01041	0.01096	0.00986	0.01260	0.01205	0.00767	0.02575	0.79071	0.02027	0.01972	0.01808	0.01479	0.00657	0.00493	0.00164	0.00384	0.00548	0.00493	0.00767
18	0.00915	0.00861	0.01453	0.81804	0.03338	0.01077	0.01346	0.01238	0.00969	0.01238	0.00861	0.01292	0.00646	0.00484	0.00484	0.00161	0.00646	0.00431	0.00215	0.00538
19	0.05426	0.00963	0.01574	0.38194	0.30390	0.01055	0.02760	0.01435	0.01052	0.08909	0.01018	0.03337	0.00803	0.00500	0.00479	0.00154	0.00579	0.00455	0.00271	0.00646
20	0.01005	0.00861	0.01005	0.00718	0.01148	0.00646	0.00574	0.01220	0.01005	0.01579	0.00861	0.01005	0.00718	0.00359	0.00359	0.00072	0.00359	0.00287	0.00287	0.85932
21	0.00703	0.00513	0.00662	0.00622	0.00742	0.00482	0.00467	0.00969	0.03919	0.01946	0.77143	0.03560	0.04471	0.00980	0.00569	0.00153	0.00234	0.00866	0.00532	0.00467
22	0.01301	0.77493	0.05415	0.00864	0.01284	0.04571	0.00869	0.01471	0.00999	0.01156	0.00684	0.00790	0.00622	0.00419	0.00321	0.00106	0.00538	0.00265	0.00209	0.00623
23	0.01318	0.01222	0.01142	0.01137	0.08166	0.22639	0.00801	0.07647	0.08397	0.08501	0.01667	0.10880	0.08211	0.02891	0.06036	0.00203	0.05856	0.00588	0.02106	0.00591
24	0.00725	0.00518	0.00717	0.00829	0.00916	0.00510	0.00685	0.00908	0.01061	0.01388	0.02596	0.27929	0.02910	0.01391	0.00655	0.00215	0.00398	0.54769	0.00447	0.00431
25	0.00686	0.00495	0.00648	0.00610	0.00724	0.00457	0.00457	0.00914	0.01372	0.01943	0.79691	0.03620	0.04572	0.00991	0.00572	0.00152	0.00229	0.00876	0.00533	0.00457
26	0.13294	0.03217	0.05154	0.01043	0.05699	0.03245	0.00837	0.16322	0.08004	0.36128	0.01438	0.01355	0.00978	0.00557	0.00454	0.00148	0.00467	0.00432	0.00469	0.00758
27	0.01557	0.00843	0.02655	0.03695	0.01336	0.00763	0.08388	0.04405	0.04736	0.41634	0.11585	0.07852	0.03776	0.00737	0.00525	0.00159	0.00434	0.03723	0.00507	0.00691
28	0.02174	0.00825	0.01125	0.00862	0.01237	0.00712	0.00712	0.02362	0.01387	0.80282	0.01912	0.01649	0.01200	0.00600	0.00487	0.00150	0.00412	0.00487	0.00600	0.00825
29	0.01175	0.01127	0.01924	0.09608	0.73500	0.01145	0.01475	0.01466	0.01092	0.01554	0.00907	0.01207	0.00757	0.00436	0.00480	0.00145	0.00582	0.00432	0.00238	0.00748
30	0.03682	0.01428	0.05246	0.01095	0.01427	0.24440	0.05077	0.10663	0.07669	0.26368	0.01409	0.03712	0.01065	0.00610	0.00483	0.00149	0.00593	0.03772	0.00419	0.00693

[dist]
# distance from previous block
# <min> <max>
1	50

[block]
# block no. 2 follows, 52 sequences, length 19
# corresponding to MSA columns:
# 872-890
name=unknown_C
#
# <colnr> <probs for GDERKNQSTAVLIFYWHMCP>
#	G	D	E	R	K	N	Q	S	T	A	V	L	I	F	Y	W	H	M	C	P
0	0.38702	0.06089	0.01145	0.00972	0.04219	0.26970	0.00742	0.04021	0.01120	0.08580	0.00835	0.00923	0.00645	0.00478	0.00375	0.00137	0.00560	0.00310	0.00307	0.02868
1	0.01151	0.01071	0.02639	0.02982	0.21931	0.03498	0.11410	0.01820	0.28993	0.04306	0.07880	0.03960	0.04918	0.00628	0.00511	0.00157	0.00496	0.00577	0.00381	0.00692
2	0.05388	0.00651	0.00746	0.00668	0.00886	0.00600	0.00526	0.03130	0.05435	0.11125	0.18224	0.03311	0.28864	0.02453	0.00563	0.00160	0.00317	0.07198	0.00460	0.09295
3	0.00618	0.00446	0.00592	0.00685	0.00734	0.00413	0.00471	0.00719	0.00957	0.01286	0.05492	0.72953	0.03152	0.01450	0.00611	0.00192	0.00290	0.05235	0.00447	0.03256
4	0.01010	0.00953	0.05145	0.00762	0.01202	0.00691	0.00644	0.01285	0.03789	0.01593	0.00901	0.01034	0.00740	0.00375	0.00369	0.00079	0.00378	0.00300	0.00290	0.78459
5	0.00768	0.00656	0.00833	0.04996	0.01012	0.04248	0.04221	0.00921	0.01046	0.01357	0.13937	0.20685	0.15434	0.11094	0.00873	0.00216	0.04929	0.11940	0.00399	0.00436
6	0.00823	0.00529	0.00676	0.00652	0.00788	0.00499	0.02008	0.01047	0.02231	0.05810	0.33043	0.08558	0.10520	0.00965	0.00531	0.00158	0.00286	0.11133	0.19269	0.00473
7	0.01365	0.04855	0.06313	0.05551	0.36546	0.11429	0.01224	0.14684	0.10030	0.01795	0.01037	0.01196	0.00818	0.00494	0.00469	0.00144	0.00594	0.00419	0.00306	0.00731
8	0.00594	0.00432	0.00560	0.00653	0.00699	0.00399	0.00442	0.00690	0.00969	0.01282	0.07053	0.70846	0.10671	0.01462	0.00612	0.00191	0.00275	0.01316	0.00454	0.00399
9	0.00968	0.01022	0.11191	0.01146	0.11320	0.00888	0.00870	0.01624	0.28212	0.01751	0.14943	0.08848	0.06984	0.00787	0.00515	0.00161	0.00403	0.03515	0.04223	0.00629
10	0.00651	0.00494	0.00600	0.00574	0.00703	0.00443	0.00430	0.00848	0.01291	0.01751	0.56958	0.03937	0.27425	0.01063	0.00572	0.00156	0.00234	0.00921	0.00508	0.00443
11	0.01607	0.01280	0.01389	0.01152	0.03443	0.04808	0.03391	0.44902	0.26496	0.04262	0.01406	0.01372	0.01027	0.00593	0.00488	0.00151	0.00508	0.00472	0.00466	0.00788
12	0.01145	0.00959	0.04331	0.07795	0.13626	0.00923	0.07458	0.05305	0.15621	0.09874	0.09209	0.13703	0.01661	0.00714	0.00513	0.00156	0.00462	0.00644	0.00396	0.05504
13	0.01192	0.36651	0.37147	0.01141	0.01682	0.04448	0.04135	0.01565	0.02786	0.03947	0.00845	0.00962	0.00661	0.00449	0.00402	0.00132	0.00624	0.00331	0.00228	0.00673
14	0.83065	0.00933	0.00729	0.00646	0.00949	0.01072	0.00532	0.01462	0.00847	0.05260	0.00724	0.00821	0.00551	0.00456	0.00307	0.00150	0.00376	0.00271	0.00312	0.00537
15	0.00689	0.00477	0.00576	0.00572	0.00676	0.00441	0.00416	0.00869	0.01181	0.01676	0.41748	0.14296	0.15401	0.05294	0.00642	0.00171	0.00251	0.00895	0.13298	0.00432
16	0.04708	0.01060	0.01357	0.03759	0.04233	0.01163	0.06457	0.23989	0.12544	0.14600	0.01546	0.01675	0.05676	0.01928	0.00666	0.00167	0.10813	0.02537	0.00422	0.00701
17	0.00621	0.00454	0.00570	0.00624	0.00684	0.00428	0.00426	0.00722	0.00965	0.01279	0.11490	0.44697	0.15320	0.13024	0.06140	0.00263	0.00363	0.01113	0.00425	0.00392
18	0.03788	0.07162	0.23584	0.02147	0.06587	0.01031	0.08890	0.05325	0.05251	0.01554	0.04367	0.14730	0.01349	0.00952	0.07315	0.00213	0.03338	0.01501	0.00305	0.00610

[dist]
# distance from previous block
# <min> <max>
0	21

[block]
# block no. 3 follows, 52 sequences, length 30
# corresponding to MSA columns:
# 912-941
name=unknown_D
#
# <colnr> <probs for GDERKNQSTAVLIFYWHMCP>
#	G	D	E	R	K	N	Q	S	T	A	V	L	I	F	Y	W	H	M	C	P
0	0.07565	0.01150	0.03569	0.07883	0.06043	0.05450	0.00898	0.21881	0.13212	0.11969	0.04271	0.02882	0.01087	0.00594	0.00522	0.00150	0.04443	0.00463	0.00406	0.05561
1	0.00998	0.00853	0.01281	0.17033	0.24620	0.03219	0.02360	0.02772	0.04439	0.01453	0.14267	0.01785	0.03400	0.00831	0.00794	0.18037	0.00494	0.00523	0.00300	0.00539
2	0.00987	0.00833	0.00964	0.02549	0.06317	0.05654	0.00700	0.08254	0.07072	0.01525	0.06275	0.10564	0.05020	0.15797	0.02957	0.00237	0.04993	0.12327	0.00372	0.06601
3	0.00736	0.00551	0.00750	0.00735	0.00775	0.00633	0.00532	0.00821	0.00754	0.01063	0.01380	0.08016	0.01459	0.29684	0.36654	0.04364	0.09802	0.00628	0.00277	0.00384
4	0.02745	0.01183	0.01151	0.00938	0.03580	0.15033	0.00717	0.09278	0.04340	0.07309	0.00990	0.01078	0.00775	0.00439	0.00403	0.00101	0.00479	0.00335	0.00330	0.48796
5	0.00593	0.00492	0.00518	0.00512	0.00667	0.00418	0.00384	0.00734	0.01151	0.01420	0.17982	0.04481	0.66608	0.01186	0.00573	0.00162	0.00243	0.00997	0.00465	0.00418
6	0.01164	0.43064	0.35612	0.01091	0.01616	0.01550	0.01250	0.03745	0.01029	0.01366	0.00770	0.00905	0.00625	0.00457	0.00433	0.00131	0.04000	0.00313	0.00215	0.00664
7	0.01227	0.01041	0.02437	0.00956	0.01228	0.03792	0.02673	0.10418	0.48805	0.03701	0.08917	0.01905	0.03324	0.00669	0.00489	0.00156	0.00405	0.00557	0.06595	0.00705
8	0.00577	0.00491	0.00497	0.00495	0.00657	0.00411	0.00371	0.00703	0.01114	0.01332	0.07641	0.04626	0.77004	0.01219	0.00573	0.00163	0.00245	0.01017	0.00453	0.00411
9	0.01842	0.01357	0.01454	0.01115	0.01503	0.01503	0.00921	0.78330	0.02278	0.03054	0.01163	0.01163	0.00824	0.00582	0.00485	0.00145	0.00533	0.00436	0.00485	0.00824
10	0.00692	0.00519	0.00779	0.00779	0.00865	0.00606	0.00606	0.00865	0.00779	0.01125	0.01298	0.01904	0.01211	0.03634	0.81049	0.00779	0.01298	0.00519	0.00260	0.00433
11	0.82884	0.00932	0.00729	0.00647	0.00950	0.01072	0.00533	0.01464	0.00848	0.05428	0.00726	0.00823	0.00553	0.00456	0.00308	0.00150	0.00376	0.00272	0.00312	0.00537
12	0.00686	0.00495	0.00648	0.00610	0.00724	0.00457	0.00457	0.00914	0.01372	0.01943	0.79691	0.03620	0.04572	0.00991	0.00572	0.00152	0.00229	0.00876	0.00533	0.00457
13	0.01144	0.01307	0.02859	0.02042	0.02533	0.01225	0.78186	0.01552	0.01144	0.01552	0.00980	0.01307	0.00735	0.00408	0.00572	0.00163	0.00817	0.00572	0.00245	0.00654
14	0.01296	0.83261	0.02539	0.00829	0.01244	0.01917	0.00829	0.01451	0.00985	0.01140	0.00674	0.00777	0.00622	0.00415	0.00311	0.00104	0.00518	0.00259	0.00207	0.00622
15	0.00589	0.00427	0.00556	0.00660	0.00699	0.00395	0.00443	0.00676	0.00942	0.01243	0.02855	0.76222	0.09517	0.01494	0.00615	0.00194	0.00278	0.01348	0.00450	0.00395
16	0.00671	0.00492	0.00629	0.00601	0.00716	0.00450	0.00448	0.00884	0.01328	0.01854	0.69398	0.06971	0.11678	0.01035	0.00574	0.00155	0.00232	0.00911	0.00522	0.00450
17	0.00692	0.00519	0.00779	0.00779	0.00865	0.00606	0.00606	0.00865	0.00779	0.01125	0.01298	0.01904	0.01211	0.03634	0.81049	0.00779	0.01298	0.00519	0.00260	0.00433
18	0.01242	0.01059	0.01117	0.00994	0.01274	0.01223	0.00776	0.06975	0.74610	0.02087	0.01925	0.01771	0.01441	0.00653	0.00493	0.00163	0.00392	0.00541	0.00493	0.00770
19	0.00915	0.00861	0.01453	0.81804	0.03338	0.01077	0.01346	0.01238	0.00969	0.01238	0.00861	0.01292	0.00646	0.00484	0.00484	0.00161	0.00646	0.00431	0.00215	0.00538
20	0.00686	0.00495	0.00648	0.00610	0.00724	0.00457	0.00457	0.00914	0.01372	0.01943	0.79691	0.03620	0.04572	0.00991	0.00572	0.00152	0.00229	0.00876	0.00533	0.00457
21	0.00705	0.00470	0.00529	0.00529	0.00529	0.00470	0.00294	0.00705	0.00705	0.00940	0.01527	0.03171	0.01762	0.82969	0.02467	0.00470	0.00470	0.00705	0.00294	0.00294
22	0.01774	0.01093	0.01222	0.00953	0.01295	0.01155	0.00782	0.48637	0.01875	0.20890	0.01403	0.01377	0.00977	0.00583	0.00463	0.00141	0.00457	0.00451	0.13705	0.00767
23	0.00773	0.00545	0.00734	0.00828	0.00944	0.00538	0.00715	0.00988	0.01108	0.01464	0.02687	0.05138	0.08971	0.01274	0.00638	0.00210	0.00414	0.65022	0.06567	0.00444
24	0.00581	0.00491	0.00502	0.00499	0.00660	0.00413	0.00375	0.00711	0.01124	0.01355	0.10280	0.04589	0.74350	0.01210	0.00573	0.00163	0.00244	0.01012	0.00456	0.00413
25	0.00652	0.00483	0.00609	0.00601	0.00710	0.00439	0.00442	0.00841	0.01258	0.01728	0.55364	0.16560	0.16292	0.01114	0.00579	0.00161	0.00240	0.00981	0.00507	0.00439
26	0.00686	0.00495	0.00648	0.00610	0.00724	0.00457	0.00457	0.00914	0.01372	0.01943	0.79691	0.03620	0.04572	0.00991	0.00572	0.00152	0.00229	0.00876	0.00533	0.00457
27	0.01206	0.01120	0.01632	0.29334	0.29797	0.05789	0.04066	0.07096	0.10189	0.03473	0.01052	0.01295	0.00813	0.00494	0.00484	0.00152	0.00597	0.00445	0.00288	0.00679
28	0.05316	0.48103	0.26713	0.06808	0.01646	0.01569	0.01152	0.01461	0.00988	0.01321	0.00748	0.00892	0.00616	0.00436	0.00370	0.00126	0.00582	0.00303	0.00212	0.00641
29	0.07081	0.08294	0.16394	0.01065	0.04241	0.10502	0.00955	0.03994	0.18369	0.07199	0.07067	0.01534	0.02661	0.00578	0.00451	0.00143	0.00514	0.01811	0.00357	0.06792

[dist]
# distance from previous block
# <min> <max>
3	11

[block]
# block no. 4 follows, 52 sequences, length 38
# corresponding to MSA columns:
# 958-960,967-999,1017,1018
name=unknown_E
#
# <colnr> <probs for GDERKNQSTAVLIFYWHMCP>
#	G	D	E	R	K	N	Q	S	T	A	V	L	I	F	Y	W	H	M	C	P
0	0.01451	0.01387	0.01287	0.01091	0.01322	0.21307	0.00868	0.26656	0.05986	0.01885	0.03644	0.04534	0.06095	0.00704	0.00710	0.00156	0.17270	0.00493	0.00363	0.02789
1	0.01005	0.00861	0.01005	0.00718	0.01148	0.00646	0.00574	0.01220	0.01005	0.01579	0.00861	0.01005	0.00718	0.00359	0.00359	0.00072	0.00359	0.00287	0.00287	0.85932
2	0.00714	0.00471	0.00533	0.00533	0.00542	0.00474	0.00307	0.00731	0.00722	0.00988	0.01522	0.03061	0.01717	0.76217	0.05072	0.00463	0.00486	0.00686	0.04454	0.00306
3	0.00970	0.11488	0.51019	0.01256	0.03740	0.01102	0.05444	0.01406	0.01075	0.01541	0.12485	0.04004	0.01289	0.00563	0.00471	0.00149	0.00609	0.00468	0.00264	0.00655
4	0.00854	0.00466	0.00507	0.00505	0.00618	0.00458	0.00384	0.01080	0.01093	0.01817	0.17385	0.02351	0.01989	0.00688	0.00402	0.00126	0.00237	0.04254	0.64334	0.00453
5	0.01057	0.01115	0.04492	0.01276	0.01304	0.01471	0.01088	0.01180	0.00753	0.01180	0.00645	0.01059	0.00635	0.00833	0.01547	0.00210	0.78983	0.00422	0.00212	0.00537
6	0.28088	0.00929	0.01041	0.00826	0.01179	0.00931	0.00682	0.12015	0.01330	0.46101	0.01433	0.01320	0.00942	0.00551	0.00429	0.00149	0.00417	0.00411	0.00492	0.00732
7	0.00705	0.00470	0.00529	0.00529	0.00529	0.00470	0.00294	0.00705	0.00705	0.00940	0.01527	0.03171	0.01762	0.82969	0.02467	0.00470	0.00470	0.00705	0.00294	0.00294
8	0.00740	0.00505	0.00663	0.00622	0.00743	0.00465	0.00467	0.00962	0.01357	0.04929	0.74075	0.06240	0.04396	0.00994	0.00570	0.00154	0.00237	0.00879	0.00533	0.00469
9	0.00930	0.00477	0.00480	0.00470	0.00591	0.00481	0.00355	0.03306	0.01052	0.01842	0.01569	0.01789	0.01230	0.00565	0.00343	0.00114	0.00235	0.00451	0.83258	0.00462
10	0.01083	0.28861	0.52529	0.01222	0.01832	0.01387	0.03902	0.01508	0.01014	0.01406	0.00809	0.00952	0.00620	0.00444	0.00415	0.00138	0.00655	0.00333	0.00207	0.00683
11	0.01842	0.01357	0.01454	0.01115	0.01503	0.01503	0.00921	0.78330	0.02278	0.03054	0.01163	0.01163	0.00824	0.00582	0.00485	0.00145	0.00533	0.00436	0.00485	0.00824
12	0.01000	0.00948	0.01607	0.58254	0.26224	0.01099	0.01388	0.01313	0.01009	0.01341	0.00876	0.01264	0.00682	0.00469	0.00483	0.00156	0.00625	0.00431	0.00223	0.00607
13	0.01498	0.06446	0.03997	0.01152	0.01417	0.20711	0.07041	0.08354	0.02755	0.16142	0.01121	0.03517	0.00896	0.00856	0.07102	0.00205	0.15375	0.00446	0.00335	0.00633
14	0.01209	0.01028	0.03993	0.01225	0.01477	0.01079	0.15609	0.12917	0.05029	0.08674	0.03671	0.02220	0.01353	0.00938	0.05235	0.00215	0.17279	0.15865	0.00366	0.00617
15	0.02174	0.00825	0.01125	0.00862	0.01237	0.00712	0.00712	0.02362	0.01387	0.80282	0.01912	0.01649	0.01200	0.00600	0.00487	0.00150	0.00412	0.00487	0.00600	0.00825
16	0.00930	0.00877	0.01481	0.77593	0.07431	0.01081	0.01353	0.01251	0.00976	0.01257	0.00864	0.01287	0.00652	0.00482	0.00484	0.00161	0.00642	0.00431	0.00217	0.00551
17	0.01135	0.01107	0.02055	0.28854	0.23275	0.01154	0.27251	0.04401	0.01124	0.03501	0.00953	0.01277	0.00729	0.00452	0.00513	0.00157	0.00675	0.00480	0.00252	0.00656
18	0.00597	0.00443	0.00559	0.00645	0.00706	0.00405	0.00447	0.00698	0.00982	0.01277	0.04918	0.61848	0.18649	0.01440	0.00610	0.00190	0.00280	0.04452	0.00452	0.00400
19	0.01205	0.01041	0.01096	0.00986	0.01260	0.01205	0.00767	0.02575	0.79071	0.02027	0.01972	0.01808	0.01479	0.00657	0.00493	0.00164	0.00384	0.00548	0.00493	0.00767
20	0.00702	0.00509	0.00729	0.00729	0.00803	0.00579	0.00548	0.00850	0.00776	0.01120	0.01343	0.02096	0.01297	0.15758	0.66085	0.00708	0.01133	0.00545	0.03278	0.00412
21	0.01952	0.00843	0.01083	0.00847	0.01189	0.00777	0.00694	0.10098	0.03685	0.60548	0.04072	0.01675	0.01271	0.00608	0.00476	0.00147	0.00402	0.00492	0.08364	0.00778
22	0.00590	0.00422	0.00562	0.00675	0.00703	0.00394	0.00450	0.00675	0.00928	0.01237	0.02671	0.82653	0.03205	0.01518	0.00619	0.00197	0.00281	0.01378	0.00450	0.00394
23	0.04344	0.00863	0.01136	0.00873	0.01247	0.00774	0.00721	0.07363	0.01431	0.73140	0.01830	0.01595	0.01157	0.00595	0.00482	0.00150	0.00419	0.00478	0.00584	0.00817
24	0.01958	0.00884	0.01127	0.00895	0.01249	0.00838	0.00729	0.04318	0.18059	0.61567	0.01906	0.01671	0.01250	0.00612	0.00489	0.00153	0.00409	0.00499	0.00574	0.00812
25	0.02116	0.00832	0.01120	0.00863	0.01230	0.00730	0.00711	0.04843	0.01416	0.75208	0.04373	0.01696	0.01295	0.00612	0.00490	0.00150	0.00411	0.00498	0.00594	0.00813
26	0.00705	0.00470	0.00529	0.00529	0.00529	0.00470	0.00294	0.00705	0.00705	0.00940	0.01527	0.03171	0.01762	0.82969	0.02467	0.00470	0.00470	0.00705	0.00294	0.00294
27	0.01168	0.04082	0.11397	0.03943	0.08177	0.01211	0.54956	0.01561	0.01121	0.04731	0.00982	0.01259	0.00735	0.00433	0.00555	0.00159	0.02089	0.00518	0.00252	0.00670
28	0.01058	0.33152	0.22506	0.00916	0.01332	0.02570	0.00970	0.05854	0.01113	0.01421	0.04002	0.04144	0.17823	0.00661	0.00436	0.00137	0.00503	0.00511	0.00292	0.00601
29	0.00693	0.00515	0.00759	0.00759	0.00839	0.00595	0.00581	0.00853	0.00773	0.01111	0.01316	0.02002	0.01254	0.09814	0.74928	0.00755	0.01234	0.00534	0.00262	0.00422
30	0.17184	0.01281	0.01320	0.01028	0.01400	0.01427	0.00849	0.64375	0.02015	0.02894	0.01075	0.01095	0.00770	0.00558	0.00451	0.00146	0.00505	0.00405	0.00451	0.00770
31	0.01045	0.00954	0.01641	0.47797	0.19710	0.01077	0.08256	0.01363	0.02198	0.04571	0.01007	0.04416	0.00814	0.00522	0.00524	0.00160	0.02602	0.00484	0.00252	0.00608
32	0.01100	0.00982	0.01406	0.40028	0.10956	0.04852	0.03434	0.05209	0.10011	0.04703	0.03510	0.02886	0.02978	0.00657	0.02611	0.00175	0.02027	0.01564	0.00304	0.00608
33	0.00699	0.00515	0.00641	0.00610	0.00730	0.00478	0.00453	0.03181	0.01311	0.01811	0.59455	0.08988	0.14557	0.03649	0.00632	0.00167	0.00251	0.00911	0.00507	0.00452
34	0.01145	0.01104	0.01907	0.17437	0.62908	0.01140	0.04383	0.01444	0.01080	0.01519	0.00905	0.01221	0.00744	0.00441	0.00484	0.00148	0.00598	0.00437	0.00236	0.00721
35	0.06367	0.01603	0.34272	0.01156	0.01654	0.02917	0.06879	0.05476	0.01209	0.25592	0.03581	0.03799	0.02179	0.00564	0.00478	0.00153	0.00572	0.00466	0.00369	0.00713
36	0.05445	0.03671	0.13884	0.08724	0.01674	0.04202	0.13343	0.06895	0.04149	0.10899	0.06576	0.05259	0.01344	0.06083	0.00634	0.00180	0.00563	0.05508	0.00350	0.00616
37	0.11110	0.16252	0.15773	0.01234	0.06148	0.07016	0.08858	0.13126	0.04802	0.08038	0.00994	0.01087	0.00747	0.00483	0.00431	0.00140	0.00581	0.00381	0.00314	0.02484

[dist]
# distance from previous block
# <min> <max>
2	26

[block]
# block no. 5 follows, 52 sequences, length 22
# corresponding to MSA columns:
# 1045-1066
name=unknown_F
#
# <colnr> <probs for GDERKNQSTAVLIFYWHMCP>
#	G	D	E	R	K	N	Q	S	T	A	V	L	I	F	Y	W	H	M	C	P
0	0.01253	0.01034	0.01572	0.21619	0.21734	0.02452	0.08028	0.12342	0.01268	0.08668	0.05823	0.01449	0.01033	0.02819	0.00542	0.00155	0.00560	0.00472	0.00324	0.06852
1	0.01231	0.01080	0.01823	0.11324	0.46766	0.01083	0.09292	0.01550	0.03381	0.08514	0.01024	0.01262	0.00803	0.00459	0.00503	0.00145	0.02131	0.00444	0.00280	0.06904
2	0.05649	0.01155	0.08606	0.23912	0.41062	0.01081	0.01343	0.01397	0.01036	0.01517	0.00877	0.01170	0.00704	0.00443	0.00459	0.00143	0.00577	0.00403	0.00237	0.08229
3	0.00719	0.00503	0.00612	0.07731	0.00784	0.00521	0.00393	0.00751	0.00736	0.00977	0.01510	0.05928	0.01716	0.72670	0.02223	0.00432	0.00478	0.00705	0.00292	0.00319
4	0.02042	0.00796	0.01082	0.00840	0.01192	0.00690	0.00690	0.02234	0.01386	0.73345	0.08799	0.01824	0.01498	0.00634	0.00495	0.00150	0.00396	0.00522	0.00594	0.00792
5	0.00589	0.00485	0.00517	0.00522	0.00668	0.00414	0.00387	0.00722	0.01123	0.01385	0.14363	0.11416	0.63288	0.01222	0.00577	0.00165	0.00246	0.01035	0.00461	0.00414
6	0.01250	0.71804	0.13594	0.00908	0.01365	0.01805	0.00966	0.01463	0.00990	0.01196	0.00702	0.00812	0.00621	0.00421	0.00332	0.00111	0.00546	0.00273	0.00207	0.00635
7	0.00590	0.00422	0.00562	0.00675	0.00703	0.00394	0.00450	0.00675	0.00928	0.01237	0.02671	0.82653	0.03205	0.01518	0.00619	0.00197	0.00281	0.01378	0.00450	0.00394
8	0.00915	0.00861	0.01453	0.81804	0.03338	0.01077	0.01346	0.01238	0.00969	0.01238	0.00861	0.01292	0.00646	0.00484	0.00484	0.00161	0.00646	0.00431	0.00215	0.00538
9	0.01481	0.01315	0.01242	0.01062	0.01366	0.12618	0.00837	0.25053	0.45170	0.02214	0.01558	0.01483	0.01163	0.00612	0.00483	0.00153	0.00498	0.00481	0.00456	0.00755
10	0.01051	0.00860	0.01010	0.00724	0.01152	0.00649	0.00580	0.01266	0.01020	0.04717	0.00903	0.01031	0.00737	0.00368	0.00364	0.00075	0.00361	0.00295	0.00300	0.82539
11	0.01111	0.05060	0.62506	0.01380	0.02008	0.12492	0.05753	0.01590	0.01078	0.01473	0.00852	0.01009	0.00622	0.00462	0.00458	0.00148	0.00738	0.00360	0.00213	0.00688
12	0.01019	0.11893	0.67090	0.01353	0.02021	0.01224	0.05860	0.01526	0.01025	0.01489	0.00853	0.01010	0.00621	0.00452	0.00449	0.00148	0.00699	0.00358	0.00207	0.00702
13	0.00687	0.00597	0.00882	0.00799	0.00969	0.00539	0.11407	0.00860	0.01096	0.01397	0.10244	0.21381	0.37833	0.01166	0.00592	0.00176	0.00351	0.08149	0.00428	0.00448
14	0.01329	0.01667	0.34600	0.04630	0.01959	0.03166	0.18160	0.01721	0.01143	0.21605	0.01196	0.03248	0.00855	0.00519	0.00515	0.00156	0.02035	0.00466	0.00322	0.00708
15	0.01711	0.04543	0.09203	0.01011	0.03290	0.00883	0.04900	0.07256	0.04080	0.46379	0.03392	0.01797	0.08066	0.00627	0.00491	0.00150	0.00462	0.00521	0.00490	0.00749
16	0.09346	0.49365	0.20056	0.00955	0.01419	0.04499	0.01017	0.01537	0.01015	0.05808	0.00791	0.00887	0.00644	0.00442	0.00359	0.00123	0.00557	0.00297	0.00239	0.00644
17	0.00922	0.09144	0.08060	0.00839	0.01041	0.00807	0.00724	0.09361	0.01128	0.03881	0.03399	0.31272	0.07573	0.02251	0.06009	0.00219	0.02462	0.09998	0.00392	0.00518
18	0.01175	0.10367	0.11365	0.09345	0.05990	0.05877	0.04047	0.02881	0.18258	0.07913	0.03398	0.11361	0.01357	0.00682	0.00487	0.00156	0.00513	0.02837	0.01349	0.00644
19	0.07005	0.04973	0.11482	0.03799	0.01345	0.00982	0.03021	0.12557	0.12610	0.09622	0.03916	0.14593	0.03989	0.00797	0.00507	0.00165	0.00459	0.07136	0.00410	0.00634
20	0.01127	0.20295	0.27651	0.01422	0.08647	0.01356	0.11364	0.03632	0.01032	0.01445	0.00818	0.01028	0.00660	0.00493	0.00598	0.00146	0.12210	0.00378	0.00227	0.05470
21	0.01350	0.05921	0.11520	0.00979	0.01342	0.01086	0.03053	0.19232	0.17990	0.10925	0.08303	0.01584	0.01327	0.00592	0.00464	0.00143	0.00455	0.00482	0.07976	0.05275

[dist]
# distance from previous block
# <min> <max>
0	6

# created by:
# /st0/software/busco_prod/Augustus/scripts/msa2prfl.pl ./align_prep/116525.fa
