[name]
unknown

[dist]
# distance from previous block
# <min> <max>
0	24

[block]
# block no. 0 follows, 54 sequences, length 19
# corresponding to MSA columns:
# 380-398
name=unknown_A
#
# <colnr> <probs for GDERKNQSTAVLIFYWHMCP>
#	G	D	E	R	K	N	Q	S	T	A	V	L	I	F	Y	W	H	M	C	P
0	0.04809	0.17605	0.29590	0.01399	0.16110	0.03999	0.01235	0.01402	0.01028	0.02700	0.01106	0.01723	0.00998	0.00585	0.00451	0.00149	0.00575	0.13648	0.00258	0.00631
1	0.02512	0.15259	0.20776	0.01213	0.08603	0.13859	0.03214	0.06466	0.03006	0.01439	0.01207	0.18000	0.01172	0.00668	0.00457	0.00145	0.00567	0.00551	0.00286	0.00601
2	0.09734	0.24559	0.16617	0.01009	0.01415	0.10733	0.00979	0.21291	0.02770	0.01777	0.00872	0.00976	0.00685	0.00607	0.03936	0.00157	0.00602	0.00337	0.00291	0.00651
3	0.01624	0.06579	0.06645	0.01162	0.02625	0.54041	0.00932	0.08810	0.04036	0.04814	0.01009	0.01083	0.03586	0.00520	0.00433	0.00128	0.00728	0.00357	0.00288	0.00598
4	0.06892	0.00946	0.01052	0.00805	0.01160	0.00894	0.00650	0.20544	0.03048	0.01903	0.01176	0.03076	0.05264	0.00510	0.00449	0.00109	0.03973	0.00390	0.00342	0.46817
5	0.00766	0.00560	0.00716	0.00659	0.00831	0.00482	0.02292	0.00924	0.01076	0.05926	0.20253	0.29113	0.16764	0.01025	0.00528	0.00150	0.00289	0.00904	0.00431	0.16311
6	0.00673	0.00597	0.00747	0.00927	0.15397	0.00533	0.00562	0.00825	0.01082	0.01340	0.06167	0.03886	0.63474	0.01045	0.00541	0.00155	0.00298	0.00885	0.00402	0.00464
7	0.00740	0.00602	0.00885	0.00847	0.00915	0.00747	0.00671	0.00896	0.00751	0.01102	0.01144	0.01701	0.01075	0.03035	0.66773	0.00656	0.16289	0.00488	0.00244	0.00439
8	0.70941	0.00950	0.00919	0.01040	0.15619	0.01069	0.00684	0.01397	0.00853	0.02009	0.00699	0.00840	0.00554	0.00434	0.00324	0.00145	0.00401	0.00286	0.00281	0.00554
9	0.00597	0.00431	0.00590	0.00673	0.00714	0.00424	0.00466	0.00701	0.00894	0.01212	0.05595	0.64777	0.02816	0.01836	0.15563	0.00294	0.00454	0.01166	0.00407	0.00393
10	0.00935	0.02143	0.66280	0.16305	0.02264	0.01086	0.01662	0.01440	0.00986	0.01440	0.00845	0.01044	0.00603	0.00452	0.00452	0.00151	0.00684	0.00361	0.00201	0.00665
11	0.00823	0.00677	0.00892	0.01067	0.15429	0.02794	0.00618	0.00936	0.02581	0.01125	0.01440	0.13182	0.01580	0.42625	0.06105	0.00346	0.06383	0.00681	0.00292	0.00425
12	0.01126	0.01235	0.02573	0.02206	0.21280	0.01175	0.60128	0.01495	0.01103	0.01518	0.00938	0.01247	0.00723	0.00403	0.00535	0.00154	0.00738	0.00524	0.00237	0.00663
13	0.01870	0.01123	0.01143	0.00937	0.01262	0.15744	0.00749	0.04529	0.15520	0.49538	0.01640	0.01479	0.01102	0.00575	0.00466	0.00144	0.00483	0.00452	0.00499	0.00745
14	0.00890	0.00838	0.01414	0.82296	0.03247	0.01048	0.01309	0.01205	0.00943	0.01205	0.00838	0.01257	0.00629	0.00471	0.00471	0.00157	0.00629	0.00419	0.00210	0.00524
15	0.01772	0.00935	0.01127	0.00905	0.01239	0.00941	0.00734	0.15108	0.22129	0.44824	0.03948	0.01620	0.01270	0.00606	0.00478	0.00149	0.00408	0.00492	0.00536	0.00778
16	0.00574	0.00410	0.00547	0.00657	0.00684	0.00383	0.00438	0.00657	0.00903	0.01204	0.02599	0.83122	0.03119	0.01477	0.00602	0.00191	0.00274	0.01340	0.00438	0.00383
17	0.01789	0.00998	0.01171	0.00923	0.01263	0.01023	0.00754	0.30213	0.12194	0.36862	0.03197	0.01499	0.01140	0.00591	0.00470	0.00145	0.00429	0.00470	0.04097	0.00772
18	0.01459	0.16212	0.01343	0.00820	0.01202	0.01011	0.00695	0.12496	0.04692	0.23548	0.03005	0.01224	0.00944	0.00481	0.00403	0.00112	0.00414	0.00373	0.00390	0.29175

[dist]
# distance from previous block
# <min> <max>
2	10

[block]
# block no. 1 follows, 54 sequences, length 17
# corresponding to MSA columns:
# 409-425
name=unknown_B
#
# <colnr> <probs for GDERKNQSTAVLIFYWHMCP>
#	G	D	E	R	K	N	Q	S	T	A	V	L	I	F	Y	W	H	M	C	P
0	0.01004	0.16770	0.62153	0.01209	0.01837	0.01203	0.01504	0.01460	0.00988	0.01428	0.00812	0.00952	0.00605	0.00434	0.00416	0.00136	0.00641	0.00327	0.00204	0.05918
1	0.04647	0.01187	0.01140	0.00977	0.01258	0.11899	0.01938	0.19758	0.36838	0.04671	0.02792	0.02796	0.04109	0.00624	0.00466	0.00148	0.00464	0.00496	0.03100	0.00691
2	0.03967	0.38822	0.25725	0.01072	0.01531	0.16984	0.03161	0.01529	0.01041	0.01275	0.00735	0.00860	0.00603	0.00434	0.00376	0.00122	0.00632	0.00299	0.00213	0.00619
3	0.01096	0.08153	0.14473	0.01178	0.12596	0.00888	0.05019	0.05199	0.01203	0.11888	0.19626	0.02111	0.10875	0.00669	0.00483	0.00143	0.00444	0.00575	0.02770	0.00612
4	0.00759	0.04975	0.00754	0.00626	0.00797	0.00627	0.00486	0.03532	0.10997	0.01680	0.37569	0.03433	0.30081	0.00961	0.00531	0.00151	0.00271	0.00817	0.00468	0.00486
5	0.04207	0.02900	0.01346	0.61786	0.07646	0.01022	0.01165	0.03234	0.00984	0.01360	0.00908	0.01268	0.00694	0.00476	0.00446	0.00149	0.00567	0.00411	0.08894	0.00538
6	0.00685	0.00459	0.00525	0.00525	0.00529	0.00463	0.00299	0.00693	0.00689	0.00922	0.01476	0.03030	0.01690	0.79802	0.05994	0.00471	0.00494	0.00677	0.00284	0.00292
7	0.00640	0.00452	0.00568	0.00635	0.00676	0.00435	0.00439	0.00722	0.00875	0.01151	0.02366	0.39257	0.07582	0.27627	0.01182	0.00279	0.00357	0.14006	0.00389	0.00362
8	0.00607	0.00477	0.00548	0.00535	0.00668	0.00418	0.00399	0.00771	0.01185	0.01546	0.38252	0.06683	0.44027	0.01101	0.00558	0.00155	0.00233	0.00943	0.00474	0.00418
9	0.65486	0.00884	0.00794	0.00675	0.00985	0.00966	0.00556	0.01615	0.00940	0.21896	0.00959	0.00977	0.00676	0.00474	0.00338	0.00146	0.00374	0.00310	0.00365	0.00584
10	0.01173	0.01013	0.01066	0.00960	0.01226	0.01173	0.00746	0.02505	0.79636	0.01972	0.01919	0.01759	0.01439	0.00640	0.00480	0.00160	0.00373	0.00533	0.00480	0.00746
11	0.01192	0.01387	0.02396	0.01773	0.02182	0.14998	0.60557	0.01522	0.01139	0.01430	0.01016	0.06206	0.00844	0.00479	0.00537	0.00155	0.00773	0.00561	0.00251	0.00605
12	0.01676	0.01263	0.01349	0.01061	0.01418	0.01408	0.00868	0.64551	0.16772	0.02784	0.01280	0.01250	0.00922	0.00580	0.00473	0.00145	0.00491	0.00445	0.00473	0.00791
13	0.00574	0.00410	0.00547	0.00657	0.00684	0.00383	0.00438	0.00657	0.00903	0.01204	0.02599	0.83122	0.03119	0.01477	0.00602	0.00191	0.00274	0.01340	0.00438	0.00383
14	0.01119	0.01141	0.05144	0.02578	0.68254	0.02718	0.01353	0.01396	0.01086	0.01530	0.04107	0.01421	0.05086	0.00484	0.00473	0.00141	0.00542	0.00462	0.00254	0.00711
15	0.00861	0.00727	0.01024	0.00848	0.01085	0.00651	0.10564	0.01093	0.05099	0.01357	0.01560	0.08301	0.04010	0.20461	0.00941	0.00212	0.00437	0.11661	0.00325	0.28784
16	0.01616	0.02866	0.03565	0.01077	0.01404	0.16758	0.05744	0.18775	0.16716	0.20369	0.01420	0.01385	0.02807	0.00573	0.00497	0.00145	0.02706	0.00450	0.00420	0.00707

[dist]
# distance from previous block
# <min> <max>
3	5

[block]
# block no. 2 follows, 54 sequences, length 43
# corresponding to MSA columns:
# 432-440,442-475
name=unknown_C
#
# <colnr> <probs for GDERKNQSTAVLIFYWHMCP>
#	G	D	E	R	K	N	Q	S	T	A	V	L	I	F	Y	W	H	M	C	P
0	0.01032	0.01032	0.01444	0.01238	0.01238	0.01444	0.01032	0.01135	0.00722	0.01135	0.00619	0.01032	0.00619	0.00825	0.01547	0.00206	0.82567	0.00413	0.00206	0.00516
1	0.00605	0.00454	0.00589	0.03877	0.00784	0.00426	0.00462	0.00733	0.01026	0.01367	0.20060	0.50116	0.15202	0.01280	0.00580	0.00176	0.00271	0.01142	0.00447	0.00405
2	0.00644	0.00477	0.00601	0.00578	0.00692	0.00434	0.00431	0.00842	0.01268	0.01752	0.63611	0.08352	0.16508	0.01031	0.00559	0.00153	0.00228	0.00904	0.00501	0.00434
3	0.00998	0.05902	0.67655	0.01407	0.04412	0.01145	0.07180	0.03279	0.01033	0.01513	0.00853	0.01013	0.00615	0.00444	0.00450	0.00147	0.00687	0.00363	0.00209	0.00692
4	0.00628	0.00512	0.03232	0.00640	0.00713	0.00453	0.00463	0.00738	0.00910	0.01225	0.10580	0.39688	0.10153	0.17185	0.10378	0.00299	0.00429	0.01001	0.00388	0.00387
5	0.04578	0.20461	0.11249	0.01090	0.01426	0.34442	0.03320	0.07502	0.01201	0.01388	0.00802	0.00946	0.00659	0.00577	0.03120	0.00147	0.03106	0.00327	0.03068	0.00590
6	0.01015	0.20275	0.63756	0.01226	0.01858	0.01264	0.01537	0.01475	0.00987	0.01409	0.00804	0.00943	0.00599	0.00438	0.00416	0.00139	0.00655	0.00327	0.00200	0.00677
7	0.02385	0.16681	0.58998	0.01310	0.05955	0.01245	0.01513	0.04117	0.01032	0.01488	0.00821	0.00963	0.00612	0.00442	0.00422	0.00140	0.00644	0.00336	0.00212	0.00684
8	0.01278	0.02393	0.03658	0.01228	0.05365	0.07641	0.12348	0.09024	0.42304	0.04766	0.01594	0.01570	0.03495	0.00580	0.00484	0.00152	0.00504	0.00505	0.00403	0.00707
9	0.34663	0.01266	0.01101	0.00963	0.03837	0.15403	0.00746	0.23895	0.03397	0.09185	0.00954	0.01000	0.00702	0.00501	0.00394	0.00140	0.00505	0.00345	0.00364	0.00641
10	0.07036	0.03038	0.02097	0.00938	0.02757	0.15114	0.00731	0.10165	0.19506	0.18788	0.01719	0.01700	0.08602	0.03424	0.00521	0.00154	0.00476	0.00487	0.02092	0.00655
11	0.00607	0.00460	0.00564	0.00622	0.00702	0.00426	0.00438	0.00763	0.03900	0.01332	0.11971	0.50419	0.21688	0.01316	0.00583	0.00178	0.00267	0.02906	0.00448	0.00408
12	0.01223	0.01178	0.01678	0.05285	0.32208	0.08616	0.10153	0.10062	0.02599	0.01599	0.00939	0.01198	0.00768	0.00599	0.02915	0.00167	0.12046	0.00430	0.05686	0.00651
13	0.01400	0.01065	0.01290	0.04344	0.04023	0.02844	0.06343	0.13973	0.40690	0.13820	0.01586	0.01523	0.01154	0.00577	0.00477	0.00151	0.00455	0.00488	0.00447	0.03350
14	0.01127	0.01195	0.05144	0.10696	0.26458	0.03272	0.27270	0.04941	0.07065	0.01558	0.01094	0.03057	0.02345	0.00489	0.00522	0.00152	0.02187	0.00499	0.00268	0.00662
15	0.00649	0.00496	0.00597	0.00573	0.00701	0.00453	0.00429	0.00873	0.03819	0.01690	0.52983	0.06367	0.26560	0.01038	0.00555	0.00153	0.00234	0.00900	0.00491	0.00439
16	0.00688	0.00473	0.00593	0.00593	0.00624	0.00500	0.00388	0.00751	0.00720	0.01002	0.01413	0.02632	0.01520	0.54137	0.28635	0.00546	0.00717	0.00618	0.03116	0.00336
17	0.01198	0.01451	0.15863	0.01481	0.10984	0.10902	0.14174	0.08045	0.01123	0.03572	0.00946	0.04377	0.00792	0.00618	0.02390	0.00164	0.14514	0.00445	0.00266	0.06693
18	0.01019	0.01014	0.01421	0.01221	0.01224	0.01415	0.01016	0.01125	0.00723	0.01133	0.00641	0.01060	0.00638	0.00918	0.04278	0.00225	0.79792	0.00416	0.00208	0.00513
19	0.05705	0.10607	0.03362	0.00915	0.04383	0.01035	0.00740	0.18692	0.04570	0.06941	0.01010	0.01094	0.00783	0.00534	0.02665	0.00127	0.00451	0.00347	0.01763	0.34277
20	0.00841	0.02011	0.09833	0.00796	0.01016	0.00646	0.04731	0.05902	0.01123	0.04815	0.14577	0.13476	0.20166	0.02897	0.05489	0.03034	0.00432	0.04900	0.02822	0.00491
21	0.86760	0.00912	0.00693	0.00620	0.00912	0.01058	0.00511	0.01386	0.00802	0.02115	0.00657	0.00766	0.00511	0.00438	0.00292	0.00146	0.00365	0.00255	0.00292	0.00511
22	0.00946	0.02439	0.80987	0.01344	0.02041	0.01095	0.01742	0.01493	0.00995	0.01493	0.00846	0.00995	0.00597	0.00448	0.00448	0.00149	0.00697	0.00348	0.00199	0.00697
23	0.00595	0.00473	0.00535	0.00533	0.00664	0.00412	0.00394	0.00745	0.01144	0.01471	0.29492	0.11711	0.47872	0.01145	0.00561	0.00159	0.00237	0.00981	0.00465	0.00412
24	0.00819	0.00410	0.00614	0.00614	0.00614	0.00410	0.00410	0.00614	0.00614	0.00819	0.00819	0.01433	0.00819	0.01638	0.01843	0.86282	0.00410	0.00410	0.00205	0.00205
25	0.01301	0.01172	0.01585	0.03805	0.25320	0.04374	0.03308	0.21978	0.02769	0.01787	0.00898	0.01133	0.00736	0.00591	0.00792	0.00160	0.25233	0.00421	0.01968	0.00669
26	0.00581	0.00432	0.00544	0.00626	0.00687	0.00395	0.00435	0.00681	0.00960	0.01250	0.05672	0.61215	0.18960	0.01395	0.00593	0.00184	0.00271	0.04289	0.00440	0.00390
27	0.01344	0.03672	0.03367	0.11482	0.01767	0.16737	0.13977	0.14759	0.08316	0.05195	0.01164	0.01312	0.04111	0.00567	0.00600	0.00152	0.10085	0.00451	0.00315	0.00627
28	0.01633	0.00918	0.01082	0.00862	0.01158	0.00934	0.00694	0.30041	0.05017	0.28287	0.01400	0.01411	0.00990	0.00699	0.00624	0.10811	0.00424	0.00441	0.08986	0.03587
29	0.01726	0.01282	0.01343	0.01042	0.01397	0.03520	0.00856	0.71279	0.02105	0.02836	0.01150	0.01169	0.00826	0.00563	0.00460	0.00139	0.00506	0.00422	0.06609	0.00769
30	0.01056	0.00847	0.01006	0.00735	0.01130	0.00677	0.00590	0.01285	0.02760	0.06514	0.00918	0.01037	0.00741	0.00389	0.00408	0.00082	0.03638	0.00303	0.00300	0.75583
31	0.03884	0.00917	0.01189	0.02913	0.06589	0.01122	0.00864	0.03678	0.18145	0.03953	0.04100	0.05626	0.05934	0.00857	0.02769	0.00192	0.33305	0.03050	0.00334	0.00578
32	0.01299	0.56224	0.09395	0.00985	0.01380	0.11966	0.04222	0.04099	0.01050	0.01231	0.00710	0.00836	0.00617	0.00440	0.00399	0.00116	0.03912	0.00293	0.00218	0.00610
33	0.02942	0.01055	0.07064	0.00953	0.03670	0.03497	0.02322	0.13254	0.02120	0.20071	0.04578	0.03667	0.04010	0.00560	0.00478	0.00127	0.03219	0.00449	0.00390	0.25574
34	0.01388	0.13781	0.05373	0.09483	0.01538	0.22877	0.03761	0.08020	0.07084	0.09341	0.01122	0.05814	0.00924	0.00641	0.02617	0.00154	0.02112	0.00434	0.02928	0.00609
35	0.00797	0.00837	0.08764	0.01103	0.13953	0.02539	0.00769	0.01072	0.06627	0.01422	0.09711	0.29476	0.13232	0.02649	0.00579	0.00173	0.00385	0.05017	0.00384	0.00512
36	0.00596	0.00445	0.00516	0.00561	0.00626	0.00406	0.00373	0.00671	0.00908	0.01156	0.03062	0.36838	0.28894	0.21540	0.01029	0.00246	0.00307	0.01062	0.00400	0.00364
37	0.01368	0.00830	0.00968	0.00806	0.01071	0.00828	0.00646	0.24698	0.04167	0.22283	0.11091	0.08583	0.16903	0.00829	0.00513	0.00153	0.00375	0.02753	0.00496	0.00640
38	0.01348	0.01071	0.01141	0.00975	0.01270	0.01211	0.00773	0.22359	0.54686	0.04806	0.01792	0.01669	0.03474	0.00634	0.00480	0.00155	0.00408	0.00516	0.00480	0.00753
39	0.00951	0.00580	0.00606	0.00570	0.00719	0.00611	0.00436	0.04621	0.14755	0.01858	0.08245	0.01881	0.01506	0.00601	0.00381	0.00123	0.00259	0.00490	0.60298	0.00509
40	0.00716	0.00550	0.00788	0.00767	0.00834	0.00654	0.00590	0.00859	0.00752	0.01095	0.01233	0.01916	0.01188	0.12794	0.61798	0.00649	0.09228	0.00516	0.02657	0.00415
41	0.01740	0.02040	0.01418	0.01231	0.01506	0.65228	0.05191	0.10937	0.01428	0.03816	0.00823	0.00930	0.00653	0.00493	0.00439	0.00127	0.00795	0.00337	0.00280	0.00589
42	0.01322	0.02661	0.04802	0.01044	0.03413	0.01117	0.03372	0.24805	0.26861	0.07524	0.07580	0.03856	0.01439	0.00766	0.03464	0.00176	0.01303	0.03354	0.00441	0.00700

[dist]
# distance from previous block
# <min> <max>
1	6

[block]
# block no. 3 follows, 54 sequences, length 15
# corresponding to MSA columns:
# 491-494,498-508
name=unknown_D
#
# <colnr> <probs for GDERKNQSTAVLIFYWHMCP>
#	G	D	E	R	K	N	Q	S	T	A	V	L	I	F	Y	W	H	M	C	P
0	0.15348	0.06502	0.04367	0.03655	0.03140	0.16034	0.04802	0.17553	0.07464	0.08981	0.02371	0.03941	0.02741	0.00559	0.00435	0.00142	0.00539	0.00430	0.00357	0.00639
1	0.06930	0.03829	0.01658	0.01253	0.01591	0.05981	0.24337	0.20542	0.13548	0.01924	0.03419	0.02972	0.04822	0.00620	0.01625	0.00160	0.02305	0.01475	0.00358	0.00650
2	0.02512	0.00499	0.00544	0.00528	0.00653	0.00494	0.00394	0.01126	0.05063	0.04749	0.14923	0.07324	0.05579	0.03377	0.00474	0.00140	0.00250	0.00602	0.50307	0.00461
3	0.01058	0.00942	0.04962	0.06307	0.07585	0.00900	0.13744	0.06456	0.16133	0.06686	0.12564	0.08906	0.07286	0.00707	0.00510	0.00155	0.00456	0.00645	0.03388	0.00611
4	0.00957	0.00775	0.01015	0.01091	0.07261	0.03186	0.03801	0.01426	0.18358	0.03576	0.02156	0.03816	0.03459	0.01009	0.00583	0.00191	0.00453	0.45920	0.00419	0.00547
5	0.13898	0.01172	0.08003	0.07953	0.38394	0.01106	0.13822	0.01411	0.01007	0.01584	0.00867	0.01131	0.00696	0.00445	0.00492	0.00148	0.03809	0.00412	0.02996	0.00654
6	0.18129	0.00806	0.00868	0.00747	0.00998	0.00852	0.00594	0.07836	0.18225	0.17506	0.16534	0.01821	0.01701	0.00634	0.00438	0.00145	0.00341	0.00508	0.10698	0.00621
7	0.07339	0.00936	0.01142	0.00886	0.01245	0.00909	0.00730	0.19812	0.04267	0.55241	0.01620	0.01449	0.01052	0.00572	0.00462	0.00145	0.00425	0.00451	0.00536	0.00782
8	0.00573	0.00439	0.00526	0.00587	0.00668	0.00392	0.00409	0.00677	0.00990	0.01268	0.07715	0.49765	0.31609	0.01344	0.00583	0.00177	0.00258	0.01186	0.00442	0.00392
9	0.00734	0.00454	0.00647	0.02255	0.00722	0.00474	0.00464	0.00687	0.00723	0.00978	0.01390	0.22844	0.01533	0.09397	0.11046	0.41250	0.03134	0.00689	0.00279	0.00301
10	0.01138	0.01105	0.04157	0.20295	0.39528	0.01138	0.05771	0.06782	0.12268	0.01620	0.01042	0.01270	0.00816	0.00472	0.00475	0.00148	0.00564	0.00442	0.00278	0.00692
11	0.00703	0.00464	0.00606	0.00662	0.00733	0.00437	0.00470	0.00810	0.00954	0.06242	0.06083	0.50705	0.09410	0.07601	0.05680	0.00240	0.00363	0.06997	0.00428	0.00413
12	0.01140	0.01002	0.01064	0.00801	0.01178	0.07945	0.00640	0.06041	0.01085	0.04317	0.00871	0.01000	0.00709	0.00407	0.00429	0.00088	0.04606	0.00304	0.00295	0.66079
13	0.01156	0.21759	0.28995	0.01194	0.06874	0.03796	0.02497	0.03639	0.15267	0.03977	0.01081	0.03360	0.00859	0.00503	0.00423	0.00137	0.00553	0.00396	0.00283	0.03251
14	0.10512	0.12744	0.07738	0.00967	0.04236	0.03500	0.03647	0.08748	0.14579	0.04952	0.07162	0.08403	0.06351	0.02144	0.00489	0.00153	0.00445	0.02257	0.00367	0.00605

[dist]
# distance from previous block
# <min> <max>
14	37

[block]
# block no. 4 follows, 54 sequences, length 12
# corresponding to MSA columns:
# 549-560
name=unknown_E
#
# <colnr> <probs for GDERKNQSTAVLIFYWHMCP>
#	G	D	E	R	K	N	Q	S	T	A	V	L	I	F	Y	W	H	M	C	P
0	0.01084	0.34734	0.25207	0.05581	0.08787	0.04499	0.01129	0.01372	0.01013	0.01321	0.05672	0.05734	0.00992	0.00520	0.00407	0.00131	0.00556	0.00405	0.00238	0.00616
1	0.00609	0.00460	0.00553	0.00568	0.00667	0.00414	0.00406	0.00748	0.01101	0.01457	0.31122	0.24799	0.28258	0.05850	0.00673	0.00181	0.00254	0.01017	0.00458	0.00405
2	0.01066	0.01020	0.01742	0.21070	0.55542	0.01062	0.03708	0.01347	0.01040	0.01444	0.01045	0.03665	0.03196	0.00485	0.00477	0.00147	0.00565	0.00468	0.00240	0.00671
3	0.01025	0.00786	0.00880	0.00809	0.00999	0.00878	0.00638	0.03507	0.37648	0.03666	0.11082	0.02324	0.05382	0.00749	0.00543	0.00156	0.05304	0.06902	0.16120	0.00602
4	0.06029	0.00857	0.00876	0.00777	0.01018	0.05301	0.00606	0.06227	0.24032	0.14850	0.05557	0.06834	0.23464	0.00818	0.00496	0.00155	0.00364	0.00673	0.00460	0.00606
5	0.01101	0.02924	0.37292	0.01020	0.01456	0.00892	0.01110	0.01576	0.10544	0.14710	0.06979	0.06566	0.04147	0.03704	0.02218	0.00175	0.00524	0.00526	0.01890	0.00646
6	0.00701	0.00464	0.00600	0.00600	0.00624	0.00489	0.00392	0.00721	0.00696	0.00953	0.01325	0.02488	0.01429	0.48380	0.25396	0.12885	0.00685	0.00593	0.00264	0.00313
7	0.01032	0.01032	0.01444	0.01238	0.01238	0.01444	0.01032	0.01135	0.00722	0.01135	0.00619	0.01032	0.00619	0.00825	0.01547	0.00206	0.82567	0.00413	0.00206	0.00516
8	0.00974	0.00817	0.00942	0.00688	0.01079	0.00634	0.00549	0.03544	0.01022	0.01573	0.01110	0.01226	0.05537	0.00414	0.00365	0.00079	0.00343	0.00333	0.03346	0.75428
9	0.01353	0.01086	0.01120	0.00969	0.01240	0.06560	0.00777	0.27991	0.28658	0.04834	0.05455	0.04123	0.03224	0.00730	0.00502	0.00158	0.00450	0.09626	0.00459	0.00685
10	0.01186	0.52474	0.18598	0.01076	0.01528	0.04019	0.09636	0.01444	0.00986	0.01235	0.00729	0.00875	0.00616	0.00429	0.00408	0.00122	0.03496	0.00313	0.00207	0.00622
11	0.14224	0.05334	0.09863	0.01211	0.11619	0.02883	0.03924	0.18591	0.01306	0.13050	0.01064	0.01193	0.00797	0.00493	0.00424	0.00135	0.00497	0.01951	0.01653	0.09788

[dist]
# distance from previous block
# <min> <max>
0	1

[block]
# block no. 5 follows, 54 sequences, length 13
# corresponding to MSA columns:
# 562-574
name=unknown_F
#
# <colnr> <probs for GDERKNQSTAVLIFYWHMCP>
#	G	D	E	R	K	N	Q	S	T	A	V	L	I	F	Y	W	H	M	C	P
0	0.01025	0.00962	0.01577	0.28413	0.34656	0.01048	0.05046	0.01432	0.10277	0.01444	0.01090	0.04945	0.00914	0.00658	0.04354	0.00181	0.00593	0.00485	0.00265	0.00637
1	0.00995	0.00538	0.00691	0.00654	0.00801	0.00489	0.00491	0.01150	0.01133	0.20065	0.22165	0.22508	0.09546	0.06205	0.00653	0.00179	0.00303	0.04509	0.06428	0.00499
2	0.18441	0.00671	0.00760	0.00676	0.00896	0.00656	0.00534	0.03608	0.01152	0.23243	0.16421	0.11713	0.10958	0.00821	0.00476	0.00154	0.00324	0.03390	0.04553	0.00553
3	0.01163	0.00844	0.00938	0.00805	0.01037	0.00899	0.00641	0.25644	0.15424	0.04067	0.21290	0.02390	0.08354	0.00762	0.00494	0.00148	0.00357	0.04297	0.09831	0.00614
4	0.00661	0.00482	0.00625	0.00612	0.00720	0.00446	0.00464	0.00867	0.01269	0.01767	0.63936	0.08921	0.09250	0.01040	0.00567	0.00157	0.00244	0.07033	0.00502	0.00437
5	0.00881	0.00610	0.00718	0.00671	0.00828	0.00617	0.00516	0.05778	0.11972	0.05141	0.29855	0.08045	0.11047	0.01029	0.04924	0.00183	0.00337	0.03406	0.12931	0.00511
6	0.08594	0.46448	0.18940	0.00931	0.01382	0.01512	0.00980	0.07716	0.01083	0.07374	0.00825	0.00902	0.00653	0.00442	0.00359	0.00122	0.00527	0.00303	0.00259	0.00647
7	0.12232	0.01675	0.01262	0.04306	0.03562	0.42835	0.00866	0.15702	0.03869	0.08034	0.00929	0.01004	0.00706	0.00505	0.00426	0.00133	0.00663	0.00348	0.00323	0.00619
8	0.12168	0.01191	0.01540	0.06550	0.22352	0.12914	0.10425	0.03517	0.01047	0.04303	0.00881	0.01135	0.00719	0.00666	0.04869	0.00183	0.11961	0.00404	0.02569	0.00606
9	0.00766	0.00493	0.00593	0.00572	0.00673	0.00457	0.00401	0.00886	0.01031	0.07736	0.24437	0.10360	0.18411	0.24840	0.03203	0.00258	0.00339	0.00823	0.03311	0.00412
10	0.03064	0.03586	0.00932	0.13941	0.01262	0.00760	0.00663	0.09934	0.04694	0.06576	0.26074	0.11719	0.08616	0.05361	0.00615	0.00170	0.00373	0.00719	0.00420	0.00521
11	0.00616	0.00457	0.00582	0.00626	0.00711	0.00423	0.00457	0.00758	0.01065	0.01421	0.24549	0.36922	0.17893	0.01338	0.03380	0.00195	0.00300	0.07443	0.00454	0.00409
12	0.00802	0.00533	0.00765	0.05015	0.00863	0.00602	0.00556	0.00761	0.00710	0.00971	0.01123	0.07584	0.01182	0.11633	0.08053	0.42758	0.11070	0.04458	0.00247	0.00313

[dist]
# distance from previous block
# <min> <max>
10	22

[block]
# block no. 6 follows, 54 sequences, length 15
# corresponding to MSA columns:
# 597-604,606-612
name=unknown_G
#
# <colnr> <probs for GDERKNQSTAVLIFYWHMCP>
#	G	D	E	R	K	N	Q	S	T	A	V	L	I	F	Y	W	H	M	C	P
0	0.25343	0.01188	0.05963	0.00946	0.01291	0.09606	0.05649	0.11722	0.07155	0.18182	0.04223	0.01232	0.00944	0.00520	0.00420	0.00142	0.00486	0.00397	0.00383	0.04209
1	0.06339	0.01089	0.01785	0.10696	0.54428	0.01112	0.06920	0.05645	0.01105	0.01616	0.00884	0.01150	0.00719	0.00430	0.00459	0.00141	0.00561	0.00414	0.00250	0.04257
2	0.32030	0.01237	0.01112	0.05867	0.01309	0.16623	0.00793	0.10593	0.06986	0.03602	0.00853	0.00995	0.00674	0.00550	0.00586	0.00153	0.14806	0.00348	0.00304	0.00578
3	0.10685	0.01064	0.01516	0.19888	0.04407	0.06613	0.17913	0.08938	0.03312	0.04655	0.04024	0.02455	0.06758	0.00571	0.00538	0.00154	0.05121	0.00497	0.00306	0.00585
4	0.06220	0.00868	0.01049	0.00824	0.01145	0.03686	0.06615	0.05759	0.03449	0.04942	0.09915	0.08937	0.04452	0.00597	0.00434	0.00116	0.00391	0.00511	0.00352	0.39736
5	0.01160	0.01046	0.01703	0.13263	0.51476	0.01069	0.03270	0.02979	0.03561	0.04816	0.00948	0.01198	0.00763	0.00448	0.00490	0.00139	0.02801	0.00417	0.00261	0.08195
6	0.00671	0.00451	0.00534	0.00563	0.00588	0.00445	0.00354	0.00720	0.00783	0.01068	0.01873	0.21421	0.04359	0.51286	0.04450	0.00367	0.00421	0.03797	0.05518	0.00331
7	0.06414	0.01059	0.01056	0.00937	0.01202	0.06002	0.00735	0.10024	0.53085	0.03386	0.01762	0.01727	0.03966	0.00782	0.04501	0.00185	0.00457	0.01582	0.00442	0.00694
8	0.20907	0.01162	0.01065	0.00905	0.01202	0.11915	0.00721	0.16491	0.22566	0.13010	0.02467	0.01298	0.00997	0.00554	0.00425	0.00145	0.00461	0.00413	0.02626	0.00672
9	0.80618	0.00904	0.00722	0.00636	0.00933	0.01031	0.00524	0.01452	0.00842	0.07826	0.00744	0.00827	0.00558	0.00448	0.00305	0.00146	0.00367	0.00271	0.00313	0.00532
10	0.01147	0.01100	0.01877	0.08732	0.74810	0.01115	0.01437	0.01429	0.01064	0.01516	0.00883	0.01174	0.00738	0.00424	0.00467	0.00141	0.00565	0.00420	0.00232	0.00730
11	0.00812	0.00412	0.00609	0.00609	0.00609	0.00412	0.00403	0.00618	0.00618	0.00824	0.00852	0.01515	0.00864	0.05705	0.01870	0.82014	0.00412	0.00423	0.00209	0.00209
12	0.01741	0.01826	0.01333	0.01136	0.01426	0.47881	0.00884	0.31365	0.01661	0.01872	0.00913	0.00992	0.00704	0.00519	0.00439	0.00129	0.00700	0.00355	0.03483	0.00640
13	0.01006	0.00896	0.01147	0.00872	0.01194	0.00838	0.03729	0.03373	0.00958	0.01478	0.00822	0.01037	0.00703	0.00571	0.03587	0.00128	0.17107	0.00330	0.00267	0.59957
14	0.00993	0.01094	0.07281	0.01259	0.01394	0.01241	0.12511	0.01212	0.03900	0.01238	0.00940	0.04483	0.02049	0.06831	0.01290	0.00210	0.50806	0.00499	0.00240	0.00532

[dist]
# distance from previous block
# <min> <max>
0	1

[block]
# block no. 7 follows, 54 sequences, length 19
# corresponding to MSA columns:
# 614-624,627-634
name=unknown_H
#
# <colnr> <probs for GDERKNQSTAVLIFYWHMCP>
#	G	D	E	R	K	N	Q	S	T	A	V	L	I	F	Y	W	H	M	C	P
0	0.25860	0.01227	0.01380	0.01124	0.03147	0.12097	0.14981	0.18696	0.03166	0.05039	0.02980	0.03094	0.00849	0.00511	0.00430	0.00142	0.00543	0.00416	0.00339	0.03980
1	0.27568	0.00788	0.00813	0.00721	0.00915	0.02993	0.02533	0.03354	0.05117	0.05015	0.09170	0.01585	0.01271	0.00604	0.00495	0.00144	0.08511	0.02294	0.25591	0.00517
2	0.07091	0.03566	0.06177	0.01089	0.01370	0.33182	0.03463	0.05381	0.10513	0.11076	0.01091	0.03308	0.00860	0.00565	0.00531	0.00143	0.07497	0.00403	0.02080	0.00615
3	0.01168	0.01241	0.02596	0.01871	0.02313	0.01196	0.68782	0.03987	0.01134	0.04574	0.00975	0.01266	0.00730	0.00435	0.00608	0.00161	0.05524	0.00541	0.00257	0.00641
4	0.00661	0.00452	0.00526	0.00542	0.00560	0.00442	0.00324	0.00694	0.00779	0.01040	0.06879	0.16487	0.05270	0.61188	0.01908	0.00381	0.00403	0.00818	0.00332	0.00317
5	0.01191	0.00636	0.00802	0.00701	0.00905	0.00596	0.00542	0.01492	0.09494	0.27733	0.30234	0.08058	0.07981	0.03866	0.00584	0.00162	0.00310	0.00717	0.03413	0.00581
6	0.01131	0.00876	0.00964	0.00863	0.01104	0.00968	0.00671	0.02116	0.55610	0.08343	0.16611	0.02184	0.05065	0.00717	0.00497	0.00157	0.00342	0.00606	0.00494	0.00681
7	0.00881	0.00539	0.00680	0.00694	0.00806	0.00511	0.00496	0.04119	0.04458	0.13061	0.04200	0.53773	0.08625	0.04015	0.00629	0.00187	0.00309	0.01081	0.00459	0.00477
8	0.01273	0.05446	0.01841	0.01400	0.01694	0.23787	0.28344	0.03274	0.07352	0.01406	0.03673	0.01295	0.02731	0.00609	0.02352	0.00164	0.12033	0.00465	0.00272	0.00589
9	0.06400	0.48917	0.31061	0.00992	0.01495	0.01534	0.01130	0.01440	0.00962	0.01311	0.00725	0.00844	0.00596	0.00422	0.00355	0.00121	0.00566	0.00288	0.00206	0.00633
10	0.04529	0.01143	0.01009	0.00910	0.01147	0.16102	0.00710	0.09616	0.35895	0.01854	0.01535	0.01689	0.01216	0.00617	0.00445	0.00145	0.00453	0.04786	0.15566	0.00633
11	0.06585	0.03255	0.01305	0.01100	0.01270	0.20175	0.00888	0.14527	0.05755	0.01562	0.00910	0.01228	0.00795	0.02108	0.04121	0.00193	0.30512	0.02843	0.00291	0.00577
12	0.00615	0.00469	0.00566	0.00565	0.00678	0.00419	0.00415	0.00780	0.01177	0.01572	0.42273	0.16820	0.29690	0.01125	0.00564	0.00159	0.00236	0.00980	0.00479	0.00419
13	0.01063	0.00979	0.01606	0.35602	0.36440	0.01074	0.02982	0.06515	0.01073	0.01458	0.00921	0.01322	0.00760	0.05552	0.00590	0.00167	0.00585	0.00439	0.00243	0.00627
14	0.38507	0.00943	0.00906	0.00762	0.01055	0.01044	0.00620	0.18744	0.10088	0.10676	0.01143	0.01173	0.00837	0.00518	0.00377	0.00142	0.00386	0.00371	0.11084	0.00624
15	0.00750	0.00451	0.00660	0.00660	0.00692	0.00484	0.00467	0.00709	0.00677	0.00935	0.01055	0.01755	0.01045	0.10293	0.32670	0.44954	0.00744	0.00473	0.00231	0.00296
16	0.01261	0.83713	0.02471	0.00807	0.01210	0.01866	0.00807	0.01412	0.00958	0.01109	0.00656	0.00756	0.00605	0.00403	0.00303	0.00101	0.00504	0.00252	0.00202	0.00605
17	0.00705	0.00550	0.00634	0.00629	0.00750	0.00528	0.00447	0.00979	0.11614	0.01389	0.12847	0.26620	0.20221	0.13692	0.00829	0.00207	0.00305	0.00924	0.00421	0.05710
18	0.00890	0.00838	0.01414	0.82296	0.03247	0.01048	0.01309	0.01205	0.00943	0.01205	0.00838	0.01257	0.00629	0.00471	0.00471	0.00157	0.00629	0.00419	0.00210	0.00524

[dist]
# distance from previous block
# <min> <max>
1	3

[block]
# block no. 8 follows, 54 sequences, length 45
# corresponding to MSA columns:
# 665-672,674-682,734-743,766-783
name=unknown_I
#
# <colnr> <probs for GDERKNQSTAVLIFYWHMCP>
#	G	D	E	R	K	N	Q	S	T	A	V	L	I	F	Y	W	H	M	C	P
0	0.12208	0.01259	0.01401	0.01181	0.05612	0.11982	0.09906	0.26144	0.08234	0.10099	0.02702	0.01209	0.00887	0.00518	0.00449	0.00140	0.00540	0.00418	0.00383	0.04727
1	0.01179	0.07365	0.17621	0.07195	0.20634	0.04447	0.05733	0.06905	0.01068	0.04262	0.00850	0.01086	0.00682	0.00533	0.00689	0.00155	0.18298	0.00397	0.00247	0.00653
2	0.01049	0.00897	0.09019	0.00867	0.01179	0.00688	0.09000	0.01337	0.04479	0.12354	0.05845	0.09992	0.06007	0.02584	0.00498	0.00138	0.00403	0.00567	0.12794	0.20303
3	0.01795	0.00844	0.01067	0.00843	0.01165	0.00801	0.00687	0.14071	0.05698	0.52223	0.12218	0.01799	0.01564	0.00634	0.00482	0.00146	0.00390	0.00519	0.02309	0.00744
4	0.00819	0.00410	0.00614	0.00614	0.00614	0.00410	0.00410	0.00614	0.00614	0.00819	0.00819	0.01433	0.00819	0.01638	0.01843	0.86282	0.00410	0.00410	0.00205	0.00205
5	0.04447	0.01176	0.01220	0.00999	0.01295	0.05433	0.00809	0.42723	0.17398	0.03516	0.04391	0.01516	0.03417	0.00634	0.00532	0.00150	0.05203	0.01910	0.02522	0.00710
6	0.00568	0.00472	0.00497	0.00503	0.00647	0.00401	0.00373	0.00693	0.01082	0.01321	0.11145	0.11245	0.67033	0.01199	0.00561	0.00161	0.00240	0.01013	0.00445	0.00401
7	0.01074	0.32161	0.26124	0.01017	0.01446	0.02628	0.05121	0.02787	0.02157	0.03202	0.01148	0.11889	0.02202	0.00597	0.00422	0.00136	0.00538	0.01586	0.01691	0.02074
8	0.17391	0.10906	0.09885	0.01114	0.01490	0.19402	0.10447	0.16996	0.01296	0.03149	0.00860	0.00975	0.00660	0.00469	0.00412	0.00135	0.00607	0.00353	0.01588	0.01864
9	0.01865	0.00756	0.01010	0.00787	0.01119	0.00653	0.00644	0.02052	0.01308	0.65876	0.07534	0.01780	0.02924	0.00611	0.00469	0.00141	0.00373	0.00501	0.04918	0.04679
10	0.01028	0.01096	0.05099	0.01243	0.01275	0.01428	0.01064	0.01151	0.00735	0.01151	0.00629	0.01030	0.00618	0.00808	0.01497	0.00204	0.78805	0.00410	0.00206	0.00524
11	0.09279	0.01157	0.01263	0.08206	0.04262	0.04028	0.00861	0.45868	0.05220	0.07453	0.01182	0.03616	0.00889	0.00569	0.00452	0.00144	0.00494	0.00440	0.03906	0.00711
12	0.01068	0.01190	0.02528	0.01820	0.02266	0.01112	0.68908	0.01436	0.01089	0.01484	0.01089	0.01394	0.03364	0.00569	0.04365	0.00183	0.00778	0.00556	0.00248	0.04555
13	0.00637	0.00454	0.00565	0.00628	0.00707	0.00416	0.00447	0.00741	0.00965	0.03585	0.03072	0.48806	0.23296	0.04720	0.02213	0.00205	0.00308	0.07401	0.00432	0.00400
14	0.00707	0.00495	0.00592	0.00567	0.00707	0.00437	0.00425	0.00876	0.01201	0.06505	0.39677	0.09516	0.34423	0.01069	0.00555	0.00156	0.00244	0.00921	0.00485	0.00444
15	0.00890	0.00838	0.01414	0.82296	0.03247	0.01048	0.01309	0.01205	0.00943	0.01205	0.00838	0.01257	0.00629	0.00471	0.00471	0.00157	0.00629	0.00419	0.00210	0.00524
16	0.01261	0.83713	0.02471	0.00807	0.01210	0.01866	0.00807	0.01412	0.00958	0.01109	0.00656	0.00756	0.00605	0.00403	0.00303	0.00101	0.00504	0.00252	0.00202	0.00605
17	0.00584	0.00432	0.00540	0.00610	0.00669	0.00394	0.00416	0.00682	0.00964	0.01264	0.09694	0.57645	0.18042	0.04905	0.00667	0.00193	0.00270	0.01203	0.00438	0.00387
18	0.01261	0.83713	0.02471	0.00807	0.01210	0.01866	0.00807	0.01412	0.00958	0.01109	0.00656	0.00756	0.00605	0.00403	0.00303	0.00101	0.00504	0.00252	0.00202	0.00605
19	0.00718	0.00465	0.00554	0.00554	0.00598	0.00482	0.00365	0.00801	0.00771	0.01128	0.01525	0.02583	0.03404	0.47176	0.19867	0.00450	0.00588	0.00604	0.17017	0.00349
20	0.01761	0.02247	0.01336	0.01215	0.01458	0.81537	0.00911	0.01883	0.01336	0.01154	0.00729	0.00850	0.00607	0.00486	0.00425	0.00121	0.00850	0.00304	0.00243	0.00547
21	0.01057	0.00801	0.01027	0.11095	0.03705	0.00729	0.00713	0.02512	0.07378	0.09358	0.04333	0.06317	0.02231	0.00580	0.00438	0.00120	0.00395	0.05611	0.00349	0.41251
22	0.01698	0.02146	0.01323	0.01203	0.01429	0.75778	0.00906	0.01818	0.01296	0.01154	0.00767	0.02788	0.00667	0.00525	0.00483	0.00127	0.04770	0.00333	0.00246	0.00541
23	0.00998	0.00948	0.01609	0.51416	0.33287	0.01076	0.01363	0.01299	0.00994	0.01335	0.00857	0.01222	0.00675	0.00451	0.00470	0.00150	0.00602	0.00419	0.00219	0.00611
24	0.01120	0.01223	0.02562	0.01848	0.02282	0.01178	0.68765	0.04028	0.01125	0.01552	0.00971	0.01279	0.00737	0.00431	0.00591	0.00158	0.04695	0.00540	0.04289	0.00626
25	0.00805	0.00590	0.00784	0.00743	0.00818	0.00696	0.00572	0.03491	0.00836	0.01267	0.01249	0.01860	0.01164	0.13495	0.40384	0.00489	0.12825	0.00501	0.16999	0.00432
26	0.00844	0.00755	0.01039	0.00920	0.00990	0.00929	0.03439	0.01019	0.04535	0.01208	0.06425	0.02122	0.10616	0.14859	0.15041	0.00328	0.33602	0.00580	0.00288	0.00459
27	0.00601	0.00435	0.00557	0.00633	0.00684	0.00405	0.00436	0.00700	0.00951	0.01259	0.09451	0.56999	0.11106	0.08144	0.00744	0.00208	0.00290	0.05583	0.00432	0.00385
28	0.08076	0.00815	0.00984	0.00793	0.01086	0.00793	0.00646	0.15616	0.01429	0.39515	0.15479	0.01875	0.01664	0.00647	0.00467	0.00144	0.00375	0.01927	0.06988	0.00683
29	0.01350	0.01101	0.01166	0.00995	0.01294	0.01256	0.00789	0.24363	0.57490	0.02258	0.01694	0.01580	0.01257	0.00619	0.00477	0.00155	0.00415	0.00502	0.00477	0.00762
30	0.19845	0.00582	0.00569	0.00526	0.00702	0.00601	0.00411	0.01278	0.00997	0.09981	0.04146	0.01586	0.01165	0.00543	0.00344	0.00123	0.00270	0.00417	0.55420	0.00493
31	0.86760	0.00912	0.00693	0.00620	0.00912	0.01058	0.00511	0.01386	0.00802	0.02115	0.00657	0.00766	0.00511	0.00438	0.00292	0.00146	0.00365	0.00255	0.00292	0.00511
32	0.01261	0.83713	0.02471	0.00807	0.01210	0.01866	0.00807	0.01412	0.00958	0.01109	0.00656	0.00756	0.00605	0.00403	0.00303	0.00101	0.00504	0.00252	0.00202	0.00605
33	0.01261	0.83713	0.02471	0.00807	0.01210	0.01866	0.00807	0.01412	0.00958	0.01109	0.00656	0.00756	0.00605	0.00403	0.00303	0.00101	0.00504	0.00252	0.00202	0.00605
34	0.71144	0.00875	0.00736	0.00641	0.00935	0.00979	0.00527	0.01497	0.00886	0.12855	0.00863	0.00927	0.00633	0.00463	0.00318	0.00144	0.00363	0.00294	0.04373	0.00547
35	0.01044	0.00599	0.00821	0.04504	0.02831	0.00617	0.00585	0.02300	0.00953	0.18449	0.03900	0.08224	0.01463	0.16423	0.25041	0.02002	0.02349	0.00590	0.06809	0.00494
36	0.00774	0.00576	0.00712	0.00732	0.00854	0.00573	0.00569	0.07395	0.05720	0.01584	0.17033	0.27546	0.11929	0.01180	0.00583	0.00180	0.00328	0.20808	0.00457	0.00465
37	0.01228	0.01254	0.01792	0.06882	0.62856	0.12003	0.01353	0.01482	0.01090	0.01456	0.00853	0.01124	0.00717	0.00446	0.00499	0.00141	0.03488	0.00404	0.00232	0.00700
38	0.00619	0.00466	0.00507	0.00509	0.00592	0.00425	0.00337	0.00694	0.00921	0.01161	0.08329	0.07644	0.38582	0.35661	0.01332	0.00285	0.00331	0.00873	0.00379	0.00353
39	0.00813	0.00412	0.00609	0.00609	0.00609	0.00412	0.00404	0.00618	0.00618	0.00824	0.00851	0.01513	0.00862	0.05575	0.01870	0.82150	0.00412	0.00423	0.00209	0.00209
40	0.01261	0.83713	0.02471	0.00807	0.01210	0.01866	0.00807	0.01412	0.00958	0.01109	0.00656	0.00756	0.00605	0.00403	0.00303	0.00101	0.00504	0.00252	0.00202	0.00605
41	0.00728	0.00579	0.00618	0.00619	0.00726	0.04388	0.00450	0.00909	0.04580	0.01306	0.08531	0.11882	0.24394	0.14216	0.13498	0.00297	0.00474	0.02594	0.08796	0.00414
42	0.00890	0.00838	0.01414	0.82296	0.03247	0.01048	0.01309	0.01205	0.00943	0.01205	0.00838	0.01257	0.00629	0.00471	0.00471	0.00157	0.00629	0.00419	0.00210	0.00524
43	0.01444	0.01417	0.01393	0.01200	0.03061	0.29962	0.11101	0.14386	0.02311	0.07573	0.02370	0.04906	0.01119	0.02026	0.04442	0.00182	0.02082	0.08086	0.00340	0.00597
44	0.08715	0.00870	0.00959	0.00778	0.01104	0.00830	0.00613	0.04318	0.23046	0.05495	0.04925	0.05708	0.01216	0.00545	0.00414	0.00118	0.00356	0.00445	0.00377	0.39168

[dist]
# distance from previous block
# <min> <max>
5	11

[block]
# block no. 9 follows, 54 sequences, length 42
# corresponding to MSA columns:
# 796-837
name=unknown_J
#
# <colnr> <probs for GDERKNQSTAVLIFYWHMCP>
#	G	D	E	R	K	N	Q	S	T	A	V	L	I	F	Y	W	H	M	C	P
0	0.00890	0.00816	0.01301	0.64047	0.04114	0.00972	0.01157	0.01234	0.05385	0.01275	0.01051	0.08273	0.00894	0.00558	0.00475	0.00154	0.00564	0.00495	0.00249	0.06096
1	0.06977	0.01144	0.01174	0.01003	0.01289	0.09255	0.02675	0.30088	0.16390	0.06345	0.01556	0.02050	0.02628	0.00706	0.00493	0.00158	0.00495	0.14474	0.00431	0.00669
2	0.08528	0.49399	0.18838	0.00925	0.01372	0.06734	0.00973	0.01445	0.00978	0.01304	0.00711	0.00827	0.00601	0.00418	0.00343	0.00115	0.00547	0.00278	0.00216	0.05449
3	0.01032	0.01032	0.01444	0.01238	0.01238	0.01444	0.01032	0.01135	0.00722	0.01135	0.00619	0.01032	0.00619	0.00825	0.01547	0.00206	0.82567	0.00413	0.00206	0.00516
4	0.01677	0.01260	0.01489	0.01145	0.01506	0.01386	0.07155	0.60668	0.07044	0.06231	0.01178	0.01201	0.00844	0.00570	0.00529	0.00147	0.04307	0.00444	0.00446	0.00772
5	0.01032	0.01032	0.01444	0.01238	0.01238	0.01444	0.01032	0.01135	0.00722	0.01135	0.00619	0.01032	0.00619	0.00825	0.01547	0.00206	0.82567	0.00413	0.00206	0.00516
6	0.00819	0.00410	0.00614	0.00614	0.00614	0.00410	0.00410	0.00614	0.00614	0.00819	0.00819	0.01433	0.00819	0.01638	0.01843	0.86282	0.00410	0.00410	0.00205	0.00205
7	0.00810	0.00516	0.00663	0.00607	0.00750	0.00466	0.00462	0.01017	0.01307	0.10283	0.63388	0.03430	0.12588	0.00949	0.00547	0.00149	0.00243	0.00828	0.00517	0.00478
8	0.00839	0.00444	0.00640	0.00634	0.00649	0.00453	0.00429	0.00721	0.05074	0.00884	0.00881	0.01452	0.00854	0.01582	0.01766	0.81422	0.00407	0.00416	0.00220	0.00235
9	0.01574	0.01191	0.01160	0.00979	0.02450	0.12509	0.00768	0.30374	0.16451	0.13212	0.01381	0.01368	0.01004	0.00566	0.00446	0.00138	0.00479	0.00437	0.12809	0.00702
10	0.00628	0.00475	0.00579	0.00564	0.00683	0.00427	0.00419	0.00810	0.01226	0.01659	0.52320	0.09727	0.26622	0.01070	0.00560	0.00155	0.00231	0.00931	0.00489	0.00427
11	0.00890	0.00838	0.01414	0.82296	0.03247	0.01048	0.01309	0.01205	0.00943	0.01205	0.00838	0.01257	0.00629	0.00471	0.00471	0.00157	0.00629	0.00419	0.00210	0.00524
12	0.00645	0.00485	0.00620	0.00620	0.00702	0.00504	0.00449	0.00757	0.00824	0.01096	0.02265	0.02893	0.22588	0.23561	0.39318	0.00519	0.00779	0.00684	0.00311	0.00380
13	0.01761	0.02247	0.01336	0.01215	0.01458	0.81537	0.00911	0.01883	0.01336	0.01154	0.00729	0.00850	0.00607	0.00486	0.00425	0.00121	0.00850	0.00304	0.00243	0.00547
14	0.01054	0.00925	0.01188	0.16112	0.03669	0.01066	0.00879	0.07469	0.23032	0.01595	0.01276	0.07898	0.01093	0.00727	0.02620	0.00170	0.15651	0.00507	0.00335	0.12735
15	0.00692	0.00493	0.00610	0.00620	0.00662	0.00514	0.00410	0.00827	0.05218	0.01100	0.04803	0.15723	0.01917	0.44382	0.19548	0.00452	0.00593	0.00750	0.00323	0.00364
16	0.01035	0.01042	0.01502	0.01270	0.01291	0.01433	0.04396	0.01151	0.00739	0.01151	0.00633	0.01042	0.00623	0.00807	0.01504	0.00204	0.79028	0.00419	0.00208	0.00521
17	0.01208	0.70250	0.15477	0.00896	0.01348	0.01738	0.00962	0.01425	0.00964	0.01173	0.00687	0.00796	0.00604	0.00411	0.00327	0.00109	0.00536	0.00268	0.00201	0.00620
18	0.04712	0.01430	0.14293	0.01834	0.02336	0.01172	0.64038	0.01503	0.01082	0.01533	0.00925	0.01209	0.00689	0.00407	0.00529	0.00157	0.00762	0.00513	0.00235	0.00640
19	0.00574	0.00410	0.00547	0.00657	0.00684	0.00383	0.00438	0.00657	0.00903	0.01204	0.02599	0.83122	0.03119	0.01477	0.00602	0.00191	0.00274	0.01340	0.00438	0.00383
20	0.00610	0.00452	0.00570	0.00598	0.00684	0.00412	0.00426	0.00758	0.01115	0.01504	0.35546	0.35679	0.17488	0.01211	0.00575	0.00168	0.00246	0.01074	0.00472	0.00412
21	0.04086	0.00447	0.00572	0.00654	0.00709	0.00423	0.00447	0.00747	0.00935	0.03733	0.05906	0.72103	0.04726	0.01379	0.00582	0.00186	0.00278	0.01241	0.00440	0.00404
22	0.01409	0.01130	0.01199	0.01007	0.01316	0.01283	0.00803	0.31605	0.50153	0.02353	0.01619	0.01520	0.01197	0.00612	0.00477	0.00153	0.00429	0.00492	0.00477	0.00767
23	0.15858	0.01116	0.01182	0.00928	0.01272	0.01210	0.00764	0.49167	0.01769	0.14796	0.01192	0.01185	0.00837	0.00546	0.00433	0.00141	0.00456	0.00405	0.06013	0.00730
24	0.14818	0.01258	0.01304	0.01014	0.01378	0.01400	0.00837	0.67031	0.02000	0.02840	0.01059	0.01076	0.00757	0.00546	0.00444	0.00142	0.00495	0.00399	0.00444	0.00757
25	0.01746	0.01298	0.01389	0.01075	0.01445	0.01441	0.00885	0.73209	0.08000	0.02897	0.01191	0.01179	0.00849	0.00572	0.00472	0.00143	0.00508	0.00433	0.00472	0.00798
26	0.01261	0.83713	0.02471	0.00807	0.01210	0.01866	0.00807	0.01412	0.00958	0.01109	0.00656	0.00756	0.00605	0.00403	0.00303	0.00101	0.00504	0.00252	0.00202	0.00605
27	0.12702	0.00975	0.01087	0.00865	0.01189	0.01015	0.00712	0.32702	0.01578	0.28137	0.01397	0.01439	0.00989	0.00576	0.00439	0.00142	0.00424	0.02798	0.10120	0.00712
28	0.01001	0.00909	0.01478	0.47667	0.17425	0.01038	0.05334	0.04609	0.05474	0.01439	0.01014	0.03253	0.00806	0.00500	0.00469	0.00151	0.00570	0.00457	0.05818	0.00588
29	0.06276	0.00551	0.00684	0.00619	0.00778	0.00517	0.00475	0.01129	0.01266	0.13340	0.55269	0.04457	0.05552	0.00865	0.00514	0.00146	0.00259	0.00746	0.06061	0.00498
30	0.00637	0.00502	0.00638	0.09352	0.00956	0.00494	0.00520	0.00772	0.00981	0.01276	0.04506	0.36407	0.29981	0.01187	0.00580	0.00172	0.02282	0.03102	0.05240	0.00412
