[name]
unknown

[dist]
# distance from previous block
# <min> <max>
1	337

[block]
# block no. 0 follows, 63 sequences, length 9
# corresponding to MSA columns:
# 366-374
name=unknown_A
#
# <colnr> <probs for GDERKNQSTAVLIFYWHMCP>
#	G	D	E	R	K	N	Q	S	T	A	V	L	I	F	Y	W	H	M	C	P
0	0.03808	0.00878	0.04048	0.00884	0.01211	0.00791	0.12121	0.07159	0.14674	0.14927	0.06931	0.01302	0.01051	0.00516	0.02214	0.00126	0.00411	0.00403	0.00343	0.26204
1	0.00780	0.00649	0.00831	0.00677	0.00909	0.00581	0.06421	0.08209	0.03435	0.01495	0.20376	0.07778	0.20031	0.00702	0.00437	0.00118	0.00303	0.00610	0.00357	0.25300
2	0.10097	0.05539	0.00989	0.00758	0.01018	0.03042	0.03447	0.21789	0.12800	0.03649	0.05553	0.01760	0.14376	0.00599	0.00406	0.00126	0.00366	0.02720	0.03293	0.07674
3	0.01350	0.01121	0.01085	0.00905	0.01186	0.11990	0.00719	0.28766	0.34996	0.07392	0.01285	0.01231	0.00946	0.00515	0.00413	0.00128	0.00433	0.00401	0.00395	0.04744
4	0.01726	0.00759	0.00979	0.00765	0.01073	0.00704	0.00627	0.09829	0.07043	0.64653	0.06070	0.01494	0.01188	0.00541	0.00427	0.00131	0.00357	0.00441	0.00501	0.00694
5	0.00794	0.00614	0.00858	0.05372	0.14212	0.00617	0.00706	0.01075	0.08499	0.05292	0.09392	0.05014	0.15617	0.00868	0.00501	0.00157	0.00358	0.29217	0.00365	0.00473
6	0.01037	0.59694	0.27227	0.00868	0.01308	0.01451	0.00977	0.01281	0.00864	0.01095	0.00637	0.00740	0.00537	0.00372	0.00310	0.00103	0.00503	0.00251	0.00179	0.00565
7	0.07546	0.01146	0.01051	0.02947	0.01174	0.17155	0.00707	0.40669	0.04177	0.01923	0.01163	0.16203	0.01053	0.00630	0.00422	0.00132	0.00469	0.00498	0.00358	0.00576
8	0.00512	0.00366	0.00488	0.00585	0.00610	0.00341	0.00390	0.00585	0.00805	0.01073	0.02317	0.84952	0.02780	0.01317	0.00537	0.00171	0.00244	0.01195	0.00390	0.00341

[dist]
# distance from previous block
# <min> <max>
0	2

[block]
# block no. 1 follows, 63 sequences, length 54
# corresponding to MSA columns:
# 377-430
name=unknown_B
#
# <colnr> <probs for GDERKNQSTAVLIFYWHMCP>
#	G	D	E	R	K	N	Q	S	T	A	V	L	I	F	Y	W	H	M	C	P
0	0.01886	0.00715	0.00976	0.00748	0.01073	0.00618	0.00618	0.02049	0.01203	0.82895	0.01658	0.01431	0.01041	0.00520	0.00423	0.00130	0.00358	0.00423	0.00520	0.00715
1	0.00581	0.00427	0.00549	0.00625	0.01837	0.00408	0.00428	0.04577	0.00895	0.01187	0.05301	0.66277	0.09286	0.01247	0.01696	0.00172	0.00271	0.03479	0.00389	0.00369
2	0.01095	0.01056	0.01709	0.08843	0.48806	0.05912	0.15109	0.04545	0.03325	0.04243	0.00855	0.01074	0.00678	0.00394	0.00429	0.00129	0.00545	0.00394	0.00233	0.00625
3	0.02710	0.01057	0.01055	0.00846	0.01124	0.09912	0.00684	0.45994	0.01587	0.12795	0.05830	0.01314	0.03819	0.00536	0.00409	0.00123	0.00429	0.00411	0.08741	0.00625
4	0.01412	0.01734	0.01246	0.11692	0.08346	0.64175	0.00900	0.01553	0.01114	0.01063	0.00672	0.00832	0.00555	0.00434	0.00412	0.00116	0.02740	0.00295	0.00211	0.00499
5	0.00503	0.00425	0.00428	0.00428	0.00562	0.00358	0.00316	0.00604	0.00939	0.01118	0.04098	0.03975	0.77996	0.05681	0.00587	0.00157	0.00224	0.00872	0.00383	0.00349
6	0.00501	0.00422	0.00434	0.00440	0.00572	0.00355	0.00327	0.00607	0.00953	0.01146	0.06240	0.09852	0.74562	0.01077	0.00500	0.00144	0.00215	0.00906	0.00392	0.00355
7	0.00872	0.00747	0.00872	0.00623	0.00996	0.00560	0.00498	0.01058	0.00872	0.01370	0.00747	0.00872	0.00623	0.00311	0.00311	0.00062	0.00311	0.00249	0.00249	0.87796
8	0.01570	0.02004	0.01191	0.01083	0.01300	0.83539	0.00812	0.01679	0.01191	0.01029	0.00650	0.00758	0.00541	0.00433	0.00379	0.00108	0.00758	0.00271	0.00217	0.00487
9	0.00951	0.01065	0.02294	0.04576	0.02107	0.01007	0.72469	0.01282	0.00973	0.01317	0.00952	0.07166	0.00789	0.00426	0.00496	0.00144	0.00670	0.00542	0.00224	0.00547
10	0.00843	0.02174	0.83048	0.01198	0.01819	0.00976	0.01553	0.01331	0.00888	0.01331	0.00754	0.00888	0.00533	0.00399	0.00399	0.00133	0.00621	0.00311	0.00178	0.00621
11	0.00601	0.00447	0.00660	0.00660	0.00730	0.00517	0.00507	0.00741	0.00671	0.00965	0.01140	0.01728	0.01084	0.08872	0.77887	0.00657	0.01076	0.00462	0.00227	0.00367
12	0.00520	0.00370	0.00490	0.00580	0.00604	0.00349	0.00385	0.00590	0.00791	0.01056	0.02235	0.78508	0.02673	0.06204	0.02317	0.00195	0.00271	0.01146	0.00379	0.00337
13	0.00512	0.00366	0.00488	0.00585	0.00610	0.00341	0.00390	0.00585	0.00805	0.01073	0.02317	0.84952	0.02780	0.01317	0.00537	0.00171	0.00244	0.01195	0.00390	0.00341
14	0.00992	0.01134	0.02481	0.01772	0.02197	0.01063	0.81077	0.01347	0.00992	0.01347	0.00850	0.01134	0.00638	0.00354	0.00496	0.00142	0.00709	0.00496	0.00213	0.00567
15	0.88196	0.00813	0.00618	0.00553	0.00813	0.00943	0.00455	0.01236	0.00715	0.01886	0.00585	0.00683	0.00455	0.00390	0.00260	0.00130	0.00325	0.00228	0.00260	0.00455
16	0.01598	0.01177	0.01262	0.00967	0.01304	0.01304	0.00799	0.81202	0.01976	0.02649	0.01009	0.01009	0.00715	0.00505	0.00421	0.00126	0.00463	0.00378	0.00421	0.00715
17	0.00560	0.00428	0.00514	0.00492	0.00607	0.00382	0.00369	0.00726	0.01108	0.01491	0.54730	0.03461	0.31740	0.00932	0.00496	0.00136	0.00203	0.00805	0.00437	0.00382
18	0.00524	0.00379	0.00497	0.00584	0.00623	0.00353	0.00403	0.00610	0.00838	0.01109	0.05242	0.72229	0.07892	0.01276	0.00535	0.00169	0.00249	0.05749	0.00393	0.00347
19	0.01109	0.81115	0.06438	0.00744	0.01118	0.01627	0.00763	0.01263	0.00856	0.01007	0.00593	0.00686	0.00539	0.00362	0.00277	0.00092	0.00459	0.00229	0.00180	0.00544
20	0.01441	0.01122	0.01318	0.01020	0.01343	0.02400	0.08816	0.59191	0.11178	0.03301	0.02403	0.02560	0.00863	0.00516	0.00432	0.00130	0.00467	0.00421	0.00399	0.00679
21	0.01610	0.00723	0.01003	0.00787	0.01076	0.00669	0.04159	0.08006	0.01184	0.59130	0.03728	0.01461	0.01080	0.00826	0.10090	0.00193	0.00462	0.00434	0.02725	0.00652
22	0.00680	0.00448	0.00589	0.00543	0.00657	0.00411	0.00411	0.00876	0.01191	0.07014	0.77086	0.03028	0.03775	0.00837	0.00491	0.00132	0.00209	0.00738	0.00467	0.00418
23	0.00883	0.10229	0.68572	0.01198	0.01778	0.01050	0.07964	0.01325	0.00893	0.01299	0.00746	0.00887	0.00542	0.00392	0.00395	0.00130	0.00612	0.00317	0.00181	0.00609
24	0.00722	0.00622	0.00800	0.05451	0.00902	0.02805	0.00583	0.00931	0.04055	0.01458	0.50463	0.02411	0.05539	0.00791	0.00695	0.00145	0.20203	0.00626	0.00371	0.00427
25	0.00515	0.00368	0.00490	0.00583	0.00610	0.00343	0.00390	0.00592	0.00818	0.01093	0.04967	0.82245	0.02820	0.01302	0.00535	0.00169	0.00242	0.01181	0.00393	0.00343
26	0.00521	0.00375	0.00495	0.00588	0.00622	0.00350	0.00403	0.00602	0.00821	0.01086	0.02400	0.76886	0.06371	0.01297	0.00537	0.00171	0.00250	0.05491	0.00390	0.00345
27	0.00923	0.00931	0.01349	0.01138	0.01160	0.01276	0.05069	0.01029	0.00662	0.01029	0.00567	0.00931	0.00556	0.00716	0.01334	0.00182	0.80121	0.00375	0.00185	0.00465
28	0.00794	0.00747	0.01261	0.84216	0.02895	0.00934	0.01167	0.01074	0.00841	0.01074	0.00747	0.01121	0.00560	0.00420	0.00420	0.00140	0.00560	0.00374	0.00187	0.00467
29	0.00512	0.00366	0.00488	0.00585	0.00610	0.00341	0.00390	0.00585	0.00805	0.01073	0.02317	0.84952	0.02780	0.01317	0.00537	0.00171	0.00244	0.01195	0.00390	0.00341
30	0.03104	0.00788	0.01314	0.69279	0.15302	0.00944	0.01168	0.01112	0.00856	0.01142	0.00750	0.01097	0.00574	0.00412	0.00415	0.00137	0.00545	0.00370	0.00192	0.00498
31	0.88196	0.00813	0.00618	0.00553	0.00813	0.00943	0.00455	0.01236	0.00715	0.01886	0.00585	0.00683	0.00455	0.00390	0.00260	0.00130	0.00325	0.00228	0.00260	0.00455
32	0.00512	0.00366	0.00488	0.00585	0.00610	0.00341	0.00390	0.00585	0.00805	0.01073	0.02317	0.84952	0.02780	0.01317	0.00537	0.00171	0.00244	0.01195	0.00390	0.00341
33	0.00784	0.00392	0.00392	0.00392	0.00490	0.00392	0.00294	0.00980	0.00882	0.01567	0.01371	0.01567	0.01077	0.00490	0.00294	0.00098	0.00196	0.00392	0.87560	0.00392
34	0.01124	0.85479	0.02203	0.00719	0.01079	0.01663	0.00719	0.01259	0.00854	0.00989	0.00584	0.00674	0.00539	0.00360	0.00270	0.00090	0.00450	0.00225	0.00180	0.00539
35	0.01537	0.01936	0.01190	0.01099	0.02746	0.78322	0.00814	0.01697	0.04843	0.01068	0.00700	0.00800	0.00577	0.00438	0.00382	0.00110	0.00734	0.00282	0.00226	0.00499
36	0.00591	0.00428	0.00557	0.00528	0.00626	0.00394	0.00395	0.00784	0.01176	0.01659	0.78813	0.05181	0.05534	0.00875	0.00497	0.00133	0.00200	0.00774	0.00459	0.00394
37	0.01093	0.76374	0.11039	0.00772	0.01160	0.01588	0.00810	0.01267	0.00858	0.01026	0.00603	0.00698	0.00539	0.00364	0.00284	0.00095	0.00468	0.00234	0.00180	0.00548
38	0.01394	0.03921	0.01106	0.00862	0.01148	0.01069	0.00702	0.33234	0.27548	0.16537	0.01417	0.01340	0.03077	0.00544	0.00441	0.00132	0.02444	0.00426	0.01986	0.00671
39	0.61799	0.00896	0.02769	0.02376	0.00986	0.00973	0.00569	0.14583	0.00977	0.09595	0.00764	0.00821	0.00557	0.00422	0.00309	0.00130	0.00363	0.00276	0.00308	0.00527
40	0.00936	0.00752	0.00890	0.00646	0.01005	0.00590	0.00519	0.01134	0.02089	0.06238	0.00811	0.00917	0.00656	0.00339	0.00347	0.00071	0.02502	0.00266	0.00266	0.79027
41	0.00843	0.02174	0.83048	0.01198	0.01819	0.00976	0.01553	0.01331	0.00888	0.01331	0.00754	0.00888	0.00533	0.00399	0.00399	0.00133	0.00621	0.00311	0.00178	0.00621
42	0.04468	0.00965	0.01182	0.00962	0.01253	0.03007	0.11920	0.09929	0.46646	0.04507	0.01354	0.01324	0.01012	0.00496	0.00417	0.00131	0.00407	0.00430	0.00371	0.09218
43	0.00611	0.00408	0.00458	0.00458	0.00458	0.00408	0.00255	0.00611	0.00611	0.00815	0.01325	0.02751	0.01528	0.85226	0.02140	0.00408	0.00408	0.00611	0.00255	0.00255
44	0.01103	0.11473	0.01370	0.02733	0.01201	0.14484	0.03933	0.07505	0.02828	0.02809	0.00714	0.00961	0.00628	0.00767	0.06817	0.00186	0.39410	0.00350	0.00224	0.00502
45	0.01124	0.85479	0.02203	0.00719	0.01079	0.01663	0.00719	0.01259	0.00854	0.00989	0.00584	0.00674	0.00539	0.00360	0.00270	0.00090	0.00450	0.00225	0.00180	0.00539
46	0.00823	0.00797	0.01195	0.01028	0.01082	0.01025	0.08245	0.00942	0.00712	0.01052	0.01000	0.13911	0.03059	0.01031	0.09097	0.00224	0.53582	0.00527	0.00227	0.00441
47	0.00843	0.02174	0.83048	0.01198	0.01819	0.00976	0.01553	0.01331	0.00888	0.01331	0.00754	0.00888	0.00533	0.00399	0.00399	0.00133	0.00621	0.00311	0.00178	0.00621
48	0.00684	0.00465	0.00628	0.00670	0.00773	0.00446	0.00552	0.00861	0.01022	0.05004	0.23919	0.11768	0.07244	0.01061	0.00542	0.00169	0.00312	0.43070	0.00414	0.00398
49	0.00784	0.00392	0.00392	0.00392	0.00490	0.00392	0.00294	0.00980	0.00882	0.01567	0.01371	0.01567	0.01077	0.00490	0.00294	0.00098	0.00196	0.00392	0.87560	0.00392
50	0.00611	0.00414	0.00491	0.00511	0.00526	0.00413	0.00322	0.00643	0.00672	0.00893	0.01515	0.09974	0.01735	0.66537	0.03149	0.00366	0.00403	0.10263	0.00282	0.00280
51	0.01525	0.01138	0.01217	0.00947	0.01271	0.01262	0.00778	0.71996	0.09936	0.02536	0.01133	0.01115	0.02110	0.00520	0.00423	0.00128	0.00446	0.00396	0.00421	0.00704
52	0.00514	0.00399	0.00470	0.00525	0.00605	0.00355	0.00374	0.00608	0.00881	0.01110	0.03171	0.44949	0.38008	0.01197	0.00521	0.00159	0.00238	0.05175	0.00390	0.00350
53	0.06754	0.00750	0.01208	0.68375	0.07860	0.00909	0.01091	0.01080	0.00842	0.01154	0.00826	0.03558	0.00677	0.00462	0.00417	0.00141	0.00526	0.02692	0.00205	0.00473

[dist]
# distance from previous block
# <min> <max>
5	26

[block]
# block no. 2 follows, 63 sequences, length 9
# corresponding to MSA columns:
# 457-465
name=unknown_C
#
# <colnr> <probs for GDERKNQSTAVLIFYWHMCP>
#	G	D	E	R	K	N	Q	S	T	A	V	L	I	F	Y	W	H	M	C	P
0	0.00532	0.00384	0.00507	0.00595	0.00636	0.00359	0.00417	0.00624	0.00844	0.01118	0.05224	0.68956	0.07219	0.01270	0.00538	0.00170	0.00256	0.09608	0.00392	0.00349
1	0.00791	0.00635	0.00746	0.00713	0.00846	0.03339	0.02584	0.08949	0.10866	0.01357	0.04311	0.35780	0.01972	0.09128	0.00647	0.00176	0.00341	0.09255	0.00365	0.07202
2	0.00521	0.00373	0.00496	0.00579	0.00612	0.00347	0.00391	0.00608	0.00847	0.01140	0.11040	0.76039	0.02910	0.01267	0.00532	0.00167	0.00239	0.01148	0.00398	0.00347
3	0.00794	0.00747	0.01261	0.84216	0.02895	0.00934	0.01167	0.01074	0.00841	0.01074	0.00747	0.01121	0.00560	0.00420	0.00420	0.00140	0.00560	0.00374	0.00187	0.00467
4	0.00595	0.00430	0.00562	0.00529	0.00628	0.00397	0.00397	0.00793	0.01190	0.01686	0.82382	0.03140	0.03966	0.00859	0.00496	0.00132	0.00198	0.00760	0.00463	0.00397
5	0.00777	0.00729	0.01202	0.71980	0.06674	0.00881	0.01091	0.01039	0.00858	0.01095	0.01090	0.01401	0.08514	0.00481	0.00428	0.00140	0.00524	0.00423	0.00208	0.00466
6	0.00854	0.00808	0.01369	0.64414	0.22230	0.00950	0.01197	0.01126	0.00869	0.01147	0.00758	0.01101	0.00586	0.00409	0.00419	0.00136	0.00546	0.00374	0.00192	0.00515
7	0.01760	0.00772	0.01060	0.00940	0.09000	0.00703	0.00694	0.05836	0.04048	0.68225	0.01544	0.01377	0.00997	0.00507	0.00422	0.00130	0.00376	0.00418	0.00482	0.00709
8	0.00713	0.00648	0.00938	0.00849	0.00986	0.04603	0.15247	0.00955	0.08742	0.01205	0.03684	0.47100	0.05798	0.02907	0.00546	0.00164	0.00369	0.03774	0.00351	0.00423

[dist]
# distance from previous block
# <min> <max>
2	7

[block]
# block no. 3 follows, 63 sequences, length 14
# corresponding to MSA columns:
# 473-486
name=unknown_D
#
# <colnr> <probs for GDERKNQSTAVLIFYWHMCP>
#	G	D	E	R	K	N	Q	S	T	A	V	L	I	F	Y	W	H	M	C	P
0	0.04906	0.69413	0.08078	0.00751	0.01100	0.01520	0.00759	0.01230	0.00834	0.01048	0.00624	0.00778	0.00573	0.03608	0.00388	0.00110	0.03313	0.00251	0.00186	0.00528
1	0.01123	0.00636	0.00877	0.00810	0.01008	0.00616	0.03715	0.06188	0.04659	0.26122	0.03413	0.05124	0.01817	0.00868	0.00510	0.00164	0.00386	0.41012	0.00426	0.00525
2	0.00901	0.00733	0.00866	0.00635	0.00993	0.00559	0.00511	0.01087	0.00889	0.04427	0.00852	0.01077	0.00724	0.00360	0.00328	0.00071	0.00317	0.04036	0.00266	0.80370
3	0.00666	0.00398	0.00548	0.00555	0.00573	0.00409	0.00376	0.00617	0.00616	0.00832	0.01089	0.04097	0.01159	0.26166	0.14788	0.41321	0.00497	0.04815	0.00227	0.00250
4	0.00992	0.01134	0.02481	0.01772	0.02197	0.01063	0.81077	0.01347	0.00992	0.01347	0.00850	0.01134	0.00638	0.00354	0.00496	0.00142	0.00709	0.00496	0.00213	0.00567
5	0.00528	0.00377	0.00506	0.00603	0.00635	0.00355	0.00418	0.00613	0.00820	0.01091	0.02308	0.77247	0.02746	0.01302	0.00541	0.00173	0.00258	0.08743	0.00390	0.00346
6	0.00802	0.00764	0.01313	0.80664	0.02865	0.00940	0.04610	0.01086	0.00847	0.01086	0.00752	0.01121	0.00564	0.00417	0.00424	0.00140	0.00567	0.00379	0.00188	0.00471
7	0.00601	0.00450	0.00676	0.00676	0.00751	0.00525	0.00525	0.00751	0.00676	0.00976	0.01126	0.01651	0.01051	0.03153	0.83560	0.00676	0.01126	0.00450	0.00225	0.00375
8	0.00515	0.00421	0.00455	0.00459	0.00582	0.00361	0.00339	0.00634	0.00983	0.01224	0.17516	0.11662	0.61279	0.01054	0.00500	0.00143	0.00213	0.00895	0.00403	0.00361
9	0.88196	0.00813	0.00618	0.00553	0.00813	0.00943	0.00455	0.01236	0.00715	0.01886	0.00585	0.00683	0.00455	0.00390	0.00260	0.00130	0.00325	0.00228	0.00260	0.00455
10	0.01035	0.01194	0.02339	0.01695	0.02089	0.07504	0.72041	0.01361	0.00996	0.01310	0.00824	0.01097	0.00627	0.00374	0.00518	0.00141	0.03612	0.00474	0.00212	0.00557
11	0.00906	0.00810	0.01072	0.00782	0.01130	0.00687	0.08381	0.03124	0.00893	0.01371	0.00748	0.00905	0.00621	0.00355	0.00418	0.00081	0.07135	0.00286	0.00245	0.70053
12	0.00871	0.10457	0.75010	0.01151	0.01746	0.01045	0.01470	0.01324	0.00884	0.01297	0.00737	0.00866	0.00533	0.00395	0.00386	0.00129	0.00604	0.00302	0.00178	0.00613
13	0.05728	0.00413	0.00504	0.00562	0.00622	0.00395	0.00392	0.00662	0.00851	0.01185	0.11033	0.54701	0.10199	0.06527	0.00616	0.00177	0.00257	0.04442	0.00382	0.00352

[dist]
# distance from previous block
# <min> <max>
1	5

[block]
# block no. 4 follows, 63 sequences, length 56
# corresponding to MSA columns:
# 492-547
name=unknown_E
#
# <colnr> <probs for GDERKNQSTAVLIFYWHMCP>
#	G	D	E	R	K	N	Q	S	T	A	V	L	I	F	Y	W	H	M	C	P
0	0.01055	0.00940	0.01619	0.17302	0.57144	0.00963	0.06092	0.01310	0.00956	0.07311	0.00850	0.01090	0.00672	0.00392	0.00422	0.00129	0.00513	0.00385	0.00227	0.00627
1	0.01465	0.01292	0.01243	0.06182	0.07352	0.20293	0.00844	0.42848	0.08225	0.04654	0.00973	0.01020	0.00719	0.00479	0.00411	0.00124	0.00526	0.00362	0.00347	0.00639
2	0.00810	0.00778	0.01359	0.77596	0.02839	0.00944	0.07584	0.01096	0.00853	0.01096	0.00755	0.01122	0.00567	0.00415	0.00426	0.00140	0.00572	0.00383	0.00189	0.00475
3	0.00872	0.00747	0.00872	0.00623	0.00996	0.00560	0.00498	0.01058	0.00872	0.01370	0.00747	0.00872	0.00623	0.00311	0.00311	0.00062	0.00311	0.00249	0.00249	0.87796
4	0.01046	0.00903	0.00951	0.00855	0.01093	0.01046	0.00665	0.02234	0.81845	0.01759	0.01711	0.01568	0.01283	0.00570	0.00428	0.00143	0.00333	0.00475	0.00428	0.00665
5	0.00553	0.00414	0.00498	0.00528	0.00621	0.00371	0.00386	0.00672	0.00954	0.02430	0.18328	0.31524	0.33758	0.01110	0.00515	0.00153	0.00234	0.06179	0.00406	0.00366
6	0.00590	0.00427	0.00556	0.00528	0.00626	0.00394	0.00394	0.00781	0.01171	0.01651	0.77629	0.06021	0.05890	0.00881	0.00497	0.00134	0.00200	0.00779	0.00458	0.00394
7	0.00794	0.00747	0.01261	0.84216	0.02895	0.00934	0.01167	0.01074	0.00841	0.01074	0.00747	0.01121	0.00560	0.00420	0.00420	0.00140	0.00560	0.00374	0.00187	0.00467
8	0.01618	0.01170	0.01238	0.00955	0.01287	0.03915	0.00786	0.72809	0.01894	0.08497	0.01045	0.01032	0.00733	0.00503	0.00419	0.00126	0.00464	0.00378	0.00421	0.00708
9	0.01537	0.01118	0.01196	0.00924	0.01242	0.01235	0.00761	0.75156	0.01894	0.02568	0.01037	0.01051	0.00742	0.00504	0.00411	0.00124	0.00442	0.00379	0.06988	0.00691
10	0.00522	0.00405	0.00467	0.00509	0.00594	0.00362	0.00363	0.00613	0.00876	0.01096	0.03189	0.34400	0.41661	0.07353	0.00638	0.00175	0.00250	0.05802	0.00380	0.00344
11	0.01124	0.85479	0.02203	0.00719	0.01079	0.01663	0.00719	0.01259	0.00854	0.00989	0.00584	0.00674	0.00539	0.00360	0.00270	0.00090	0.00450	0.00225	0.00180	0.00539
12	0.00549	0.00428	0.00472	0.00471	0.00597	0.00375	0.00359	0.00688	0.01009	0.01300	0.22435	0.03725	0.53752	0.00987	0.00490	0.00140	0.00220	0.05901	0.05732	0.00369
13	0.23218	0.00765	0.00903	0.00712	0.01021	0.00736	0.00588	0.06213	0.01125	0.58433	0.01357	0.01223	0.00878	0.00487	0.00382	0.00130	0.00355	0.00372	0.00450	0.00651
14	0.00886	0.00592	0.00610	0.00573	0.00726	0.00647	0.00439	0.01470	0.32517	0.01642	0.01504	0.01568	0.01158	0.00521	0.00346	0.00115	0.00249	0.00424	0.53514	0.00499
15	0.01438	0.01131	0.01169	0.00940	0.01243	0.04475	0.00761	0.55367	0.24900	0.02329	0.01197	0.01160	0.00871	0.00521	0.00421	0.00130	0.00437	0.00402	0.00415	0.00692
16	0.12755	0.01274	0.01059	0.00870	0.01160	0.26685	0.00690	0.26589	0.01322	0.07261	0.00851	0.00905	0.00641	0.00438	0.00367	0.00111	0.00501	0.00308	0.01874	0.14339
17	0.06428	0.00864	0.00947	0.00844	0.01070	0.00983	0.00676	0.09527	0.50645	0.07006	0.01574	0.01787	0.01258	0.00626	0.00481	0.00147	0.04485	0.09627	0.00406	0.00618
18	0.00551	0.00421	0.00506	0.00499	0.00605	0.00376	0.00369	0.00702	0.01064	0.01421	0.45651	0.12934	0.31407	0.00985	0.00501	0.00140	0.00209	0.00855	0.00429	0.00376
19	0.00568	0.00415	0.00514	0.00515	0.00607	0.00378	0.00376	0.00724	0.01056	0.01455	0.48161	0.19616	0.18348	0.00974	0.00495	0.00140	0.00210	0.00855	0.04216	0.00378
20	0.00936	0.29712	0.56324	0.01040	0.01575	0.01203	0.01278	0.01307	0.00876	0.01218	0.00698	0.00817	0.00535	0.00386	0.00357	0.00119	0.00565	0.00282	0.00178	0.00594
21	0.00611	0.00408	0.00458	0.00458	0.00458	0.00408	0.00255	0.00611	0.00611	0.00815	0.01325	0.02751	0.01528	0.85226	0.02140	0.00408	0.00408	0.00611	0.00255	0.00255
22	0.00512	0.00366	0.00488	0.00585	0.00610	0.00341	0.00390	0.00585	0.00805	0.01073	0.02317	0.84952	0.02780	0.01317	0.00537	0.00171	0.00244	0.01195	0.00390	0.00341
23	0.01121	0.01053	0.01025	0.00909	0.01151	0.11445	0.02713	0.03591	0.68179	0.01673	0.01543	0.01445	0.01163	0.00546	0.00423	0.00138	0.00398	0.00448	0.00396	0.00641
24	0.04507	0.02117	0.79591	0.01171	0.01777	0.00975	0.01507	0.01327	0.00880	0.01355	0.00747	0.00879	0.00529	0.00399	0.00394	0.00133	0.00609	0.00307	0.00181	0.00614
25	0.00565	0.00404	0.00549	0.00646	0.00694	0.00387	0.00483	0.00677	0.00857	0.01133	0.02288	0.59097	0.02664	0.01267	0.00551	0.00178	0.00290	0.26524	0.00389	0.00356
26	0.88196	0.00813	0.00618	0.00553	0.00813	0.00943	0.00455	0.01236	0.00715	0.01886	0.00585	0.00683	0.00455	0.00390	0.00260	0.00130	0.00325	0.00228	0.00260	0.00455
27	0.00754	0.00395	0.00403	0.00403	0.00484	0.00395	0.00287	0.00917	0.00835	0.01439	0.01363	0.01770	0.01155	0.14988	0.00610	0.00151	0.00232	0.00429	0.72622	0.00368
28	0.00852	0.00835	0.01339	0.70969	0.07653	0.04414	0.04626	0.01124	0.00866	0.01101	0.00747	0.01098	0.00569	0.00420	0.00435	0.00139	0.01765	0.00375	0.00190	0.00484
29	0.00551	0.00406	0.00523	0.00592	0.00658	0.00378	0.00437	0.00667	0.00901	0.01181	0.10524	0.47243	0.15970	0.01199	0.00535	0.00167	0.00263	0.17049	0.00397	0.00358
30	0.01060	0.63781	0.19680	0.00904	0.04779	0.01486	0.00925	0.01276	0.00866	0.01080	0.00630	0.00736	0.00543	0.00369	0.00304	0.00101	0.00489	0.00250	0.00181	0.00563
31	0.00611	0.00409	0.00464	0.00464	0.00465	0.00410	0.00261	0.00615	0.00613	0.00819	0.01320	0.02725	0.01517	0.83320	0.04030	0.00414	0.00424	0.00608	0.00254	0.00258
32	0.00843	0.02174	0.83048	0.01198	0.01819	0.00976	0.01553	0.01331	0.00888	0.01331	0.00754	0.00888	0.00533	0.00399	0.00399	0.00133	0.00621	0.00311	0.00178	0.00621
33	0.00605	0.00449	0.00669	0.00669	0.00744	0.00522	0.00520	0.00756	0.00681	0.00990	0.01132	0.01649	0.01052	0.03088	0.81546	0.00662	0.01103	0.00449	0.02338	0.00376
34	0.00753	0.00587	0.00628	0.00571	0.00746	0.00571	0.00441	0.11746	0.10162	0.03513	0.11576	0.05797	0.49505	0.00907	0.00478	0.00139	0.00263	0.00757	0.00409	0.00451
35	0.01174	0.00717	0.00820	0.00699	0.00913	0.04058	0.00549	0.11778	0.09107	0.25568	0.23604	0.07769	0.10008	0.00719	0.00456	0.00134	0.00320	0.00606	0.00448	0.00554
36	0.00870	0.00834	0.01442	0.58178	0.24162	0.00958	0.05292	0.01146	0.00880	0.01168	0.00764	0.01100	0.00593	0.00405	0.00423	0.00136	0.00552	0.00380	0.00194	0.00525
37	0.88196	0.00813	0.00618	0.00553	0.00813	0.00943	0.00455	0.01236	0.00715	0.01886	0.00585	0.00683	0.00455	0.00390	0.00260	0.00130	0.00325	0.00228	0.00260	0.00455
38	0.00601	0.00447	0.00656	0.00656	0.00725	0.00515	0.00502	0.00738	0.00670	0.00962	0.01144	0.01749	0.01093	0.10411	0.76360	0.00652	0.01062	0.00465	0.00228	0.00365
39	0.00658	0.00473	0.00653	0.00745	0.00839	0.00468	0.00641	0.00839	0.00955	0.01239	0.02319	0.10609	0.05860	0.01169	0.00574	0.00190	0.00369	0.70631	0.00387	0.00382
40	0.00611	0.00408	0.00458	0.00458	0.00458	0.00408	0.00255	0.00611	0.00611	0.00815	0.01325	0.02751	0.01528	0.85226	0.02140	0.00408	0.00408	0.00611	0.00255	0.00255
41	0.00782	0.00731	0.01228	0.80708	0.02799	0.00909	0.01135	0.01054	0.00839	0.01074	0.00813	0.04637	0.00654	0.00458	0.00425	0.00141	0.00547	0.00408	0.00195	0.00462
42	0.01040	0.00999	0.01706	0.02580	0.82604	0.00999	0.01290	0.01290	0.00957	0.01373	0.00791	0.01040	0.00666	0.00375	0.00416	0.00125	0.00499	0.00375	0.00208	0.00666
43	0.88196	0.00813	0.00618	0.00553	0.00813	0.00943	0.00455	0.01236	0.00715	0.01886	0.00585	0.00683	0.00455	0.00390	0.00260	0.00130	0.00325	0.00228	0.00260	0.00455
44	0.00794	0.00747	0.01261	0.84216	0.02895	0.00934	0.01167	0.01074	0.00841	0.01074	0.00747	0.01121	0.00560	0.00420	0.00420	0.00140	0.00560	0.00374	0.00187	0.00467
45	0.00674	0.00482	0.00674	0.00771	0.00866	0.00481	0.00672	0.00866	0.00965	0.01255	0.02227	0.06248	0.02426	0.01164	0.00580	0.00193	0.00384	0.78299	0.00387	0.00386
46	0.01040	0.00999	0.01706	0.02580	0.82604	0.00999	0.01290	0.01290	0.00957	0.01373	0.00791	0.01040	0.00666	0.00375	0.00416	0.00125	0.00499	0.00375	0.00208	0.00666
47	0.00522	0.00427	0.00461	0.00452	0.00583	0.00366	0.00339	0.00652	0.01017	0.01276	0.24153	0.03815	0.62451	0.01012	0.00497	0.00139	0.00209	0.00855	0.00409	0.00366
48	0.01052	0.00897	0.00949	0.00851	0.01086	0.01034	0.00662	0.05608	0.75707	0.01775	0.01700	0.04292	0.01308	0.00592	0.00431	0.00143	0.00335	0.00495	0.00426	0.00657
49	0.00595	0.00430	0.00562	0.00529	0.00628	0.00397	0.00397	0.00793	0.01190	0.01686	0.82382	0.03140	0.03966	0.00859	0.00496	0.00132	0.00198	0.00760	0.00463	0.00397
50	0.01633	0.01102	0.01213	0.00932	0.01265	0.01194	0.00769	0.67741	0.03174	0.14961	0.01121	0.01083	0.00774	0.00508	0.00421	0.00127	0.00444	0.00387	0.00436	0.00714
51	0.01040	0.00999	0.01706	0.02580	0.82604	0.00999	0.01290	0.01290	0.00957	0.01373	0.00791	0.01040	0.00666	0.00375	0.00416	0.00125	0.00499	0.00375	0.00208	0.00666
52	0.00513	0.00423	0.00451	0.00452	0.00580	0.00361	0.00336	0.00632	0.00985	0.01217	0.16281	0.08847	0.65373	0.01048	0.00499	0.00142	0.00213	0.00886	0.00402	0.00361
53	0.00620	0.00431	0.00509	0.00553	0.03982	0.00424	0.00313	0.00647	0.00670	0.00897	0.01578	0.07791	0.07457	0.68180	0.01801	0.00354	0.00382	0.00652	0.02471	0.00288
54	0.01077	0.00987	0.01675	0.02502	0.79125	0.00983	0.01261	0.01323	0.00968	0.04852	0.00828	0.01057	0.00682	0.00381	0.00416	0.00125	0.00493	0.00377	0.00221	0.00668
55	0.00670	0.00492	0.00600	0.00628	0.00746	0.02051	0.00517	0.00839	0.01021	0.03778	0.19518	0.03968	0.23351	0.01022	0.00525	0.00161	0.00304	0.36815	0.02601	0.00393

[dist]
# distance from previous block
# <min> <max>
0	13

[block]
# block no. 5 follows, 63 sequences, length 49
# corresponding to MSA columns:
# 561-609
name=unknown_F
#
# <colnr> <probs for GDERKNQSTAVLIFYWHMCP>
#	G	D	E	R	K	N	Q	S	T	A	V	L	I	F	Y	W	H	M	C	P
0	0.18933	0.07821	0.01061	0.00779	0.01065	0.08840	0.01489	0.23920	0.03242	0.06728	0.02741	0.02764	0.00833	0.03288	0.00422	0.00126	0.00419	0.02285	0.00323	0.12918
1	0.03830	0.00745	0.00859	0.00755	0.00951	0.07357	0.04894	0.06156	0.06265	0.02468	0.26135	0.05890	0.02104	0.00756	0.01528	0.00140	0.00368	0.14657	0.00366	0.13777
2	0.00860	0.07182	0.78189	0.01169	0.01775	0.01018	0.01503	0.01327	0.00886	0.01311	0.00744	0.00875	0.00533	0.00397	0.00392	0.00131	0.00611	0.00305	0.00178	0.00616
3	0.01128	0.00728	0.00887	0.00668	0.01007	0.00585	0.00539	0.01340	0.03723	0.22594	0.01099	0.02883	0.00858	0.00424	0.00358	0.00089	0.00325	0.02986	0.00333	0.57447
4	0.00519	0.00424	0.00461	0.00475	0.00598	0.00366	0.00358	0.00637	0.00964	0.01187	0.10966	0.12363	0.61744	0.01079	0.00506	0.00148	0.00227	0.06223	0.00397	0.00359
5	0.01552	0.01133	0.01213	0.00935	0.01258	0.01253	0.00771	0.76706	0.01915	0.02589	0.01030	0.01041	0.00735	0.00504	0.00413	0.00125	0.00448	0.00379	0.05305	0.00697
6	0.00983	0.01105	0.02344	0.01684	0.02084	0.01053	0.73160	0.01316	0.00968	0.01330	0.00830	0.01111	0.00633	0.00373	0.00535	0.00140	0.05184	0.00478	0.00213	0.04477
7	0.01598	0.01177	0.01262	0.00967	0.01304	0.01304	0.00799	0.81202	0.01976	0.02649	0.01009	0.01009	0.00715	0.00505	0.00421	0.00126	0.00463	0.00378	0.00421	0.00715
8	0.00601	0.00449	0.00668	0.00668	0.00741	0.00521	0.00516	0.00746	0.00673	0.00970	0.01133	0.01689	0.01067	0.05938	0.80797	0.00667	0.01102	0.00456	0.00226	0.00371
9	0.00511	0.00369	0.00485	0.00578	0.00608	0.00342	0.00387	0.00586	0.00812	0.01076	0.02410	0.81054	0.06618	0.01305	0.00535	0.00169	0.00242	0.01180	0.00390	0.00342
10	0.00595	0.00430	0.00562	0.00529	0.00628	0.00397	0.00397	0.00793	0.01190	0.01686	0.82382	0.03140	0.03966	0.00859	0.00496	0.00132	0.00198	0.00760	0.00463	0.00397
11	0.00843	0.02174	0.83048	0.01198	0.01819	0.00976	0.01553	0.01331	0.00888	0.01331	0.00754	0.00888	0.00533	0.00399	0.00399	0.00133	0.00621	0.00311	0.00178	0.00621
12	0.00516	0.00369	0.00491	0.00583	0.00610	0.00344	0.00390	0.00594	0.00821	0.01099	0.05681	0.81514	0.02830	0.01298	0.00535	0.00169	0.00242	0.01177	0.00393	0.00344
13	0.01598	0.01177	0.01262	0.00967	0.01304	0.01304	0.00799	0.81202	0.01976	0.02649	0.01009	0.01009	0.00715	0.00505	0.00421	0.00126	0.00463	0.00378	0.00421	0.00715
14	0.00589	0.00429	0.00553	0.00522	0.00624	0.00394	0.00392	0.00781	0.01175	0.01649	0.77230	0.03200	0.09141	0.00873	0.00496	0.00133	0.00199	0.00769	0.00458	0.00394
15	0.00530	0.00386	0.00530	0.00599	0.00639	0.00360	0.01774	0.00622	0.00851	0.01147	0.11284	0.74327	0.02877	0.01249	0.00531	0.00166	0.00247	0.01134	0.00395	0.00352
16	0.01886	0.00715	0.00976	0.00748	0.01073	0.00618	0.00618	0.02049	0.01203	0.82895	0.01658	0.01431	0.01041	0.00520	0.00423	0.00130	0.00358	0.00423	0.00520	0.00715
17	0.00907	0.00753	0.00893	0.00647	0.01003	0.00593	0.00520	0.01089	0.00873	0.04060	0.00769	0.00892	0.00634	0.00336	0.00360	0.00070	0.03849	0.00260	0.00255	0.81236
18	0.04200	0.01195	0.01278	0.01986	0.02396	0.13116	0.08615	0.40848	0.13180	0.04731	0.01084	0.03578	0.00826	0.00508	0.00421	0.00129	0.00498	0.00409	0.00363	0.00637
19	0.85917	0.00844	0.00633	0.00567	0.00826	0.03116	0.00465	0.01247	0.00728	0.01864	0.00587	0.00685	0.00458	0.00391	0.00263	0.00130	0.00337	0.00229	0.00259	0.00456
20	0.00976	0.01072	0.02255	0.01636	0.02015	0.01027	0.69761	0.03949	0.00997	0.01357	0.00933	0.05770	0.00765	0.00482	0.02215	0.00155	0.03328	0.00526	0.00229	0.00552
21	0.01148	0.67333	0.08637	0.00802	0.01164	0.10650	0.00796	0.01336	0.02937	0.01041	0.00634	0.00723	0.00558	0.00376	0.00296	0.00097	0.00495	0.00243	0.00190	0.00544
22	0.01747	0.00790	0.00975	0.00764	0.01067	0.04648	0.00624	0.08007	0.01261	0.66390	0.07925	0.01501	0.01222	0.00542	0.00426	0.00129	0.00372	0.00439	0.00493	0.00679
23	0.00508	0.00424	0.00443	0.00443	0.00576	0.00359	0.00330	0.00624	0.00979	0.01194	0.12843	0.06647	0.71086	0.01050	0.00498	0.00142	0.00212	0.00883	0.00398	0.00359
24	0.29103	0.00746	0.00863	0.00686	0.00991	0.00720	0.00567	0.01792	0.01049	0.57350	0.01320	0.01195	0.00856	0.00479	0.00371	0.00130	0.00347	0.00361	0.00438	0.00633
25	0.00878	0.12402	0.73122	0.01139	0.01729	0.01061	0.01451	0.01322	0.00883	0.01289	0.00734	0.00861	0.00533	0.00395	0.00383	0.00128	0.00600	0.00300	0.00178	0.00611
26	0.01069	0.69077	0.18120	0.00814	0.01225	0.01528	0.00883	0.01273	0.00861	0.01056	0.00618	0.00716	0.00538	0.00367	0.00295	0.00098	0.00483	0.00242	0.00179	0.00556
27	0.00658	0.00476	0.00650	0.00733	0.00834	0.00469	0.00633	0.00844	0.00976	0.01265	0.05777	0.04612	0.09672	0.01140	0.00570	0.00186	0.00364	0.69367	0.00391	0.00385
28	0.00835	0.00790	0.01336	0.70461	0.16326	0.00945	0.01188	0.01110	0.00860	0.01124	0.00755	0.01107	0.00578	0.00413	0.00420	0.00138	0.00550	0.00374	0.00190	0.00500
29	0.00960	0.00663	0.00691	0.00611	0.00800	0.05975	0.00474	0.08111	0.03822	0.16466	0.15293	0.05485	0.35631	0.00822	0.00464	0.00135	0.00300	0.00683	0.02136	0.00479
30	0.00608	0.00406	0.00459	0.00463	0.00464	0.00405	0.00259	0.00610	0.00618	0.00824	0.01358	0.05529	0.01571	0.82390	0.02085	0.00400	0.00402	0.00631	0.00259	0.00258
31	0.01886	0.00715	0.00976	0.00748	0.01073	0.00618	0.00618	0.02049	0.01203	0.82895	0.01658	0.01431	0.01041	0.00520	0.00423	0.00130	0.00358	0.00423	0.00520	0.00715
32	0.00900	0.18923	0.66795	0.01102	0.01671	0.01114	0.01386	0.01317	0.00881	0.01262	0.00720	0.00845	0.00534	0.00391	0.00373	0.00124	0.00587	0.00293	0.00178	0.00605
33	0.00995	0.01127	0.02439	0.01815	0.06532	0.01060	0.76776	0.01344	0.00990	0.01348	0.00847	0.01129	0.00639	0.00355	0.00492	0.00141	0.00697	0.00490	0.00212	0.00572
34	0.00512	0.00366	0.00488	0.00585	0.00610	0.00341	0.00390	0.00585	0.00805	0.01073	0.02317	0.84952	0.02780	0.01317	0.00537	0.00171	0.00244	0.01195	0.00390	0.00341
35	0.00940	0.00896	0.01525	0.35828	0.50141	0.00972	0.01240	0.01202	0.00910	0.01251	0.00773	0.01073	0.00623	0.00393	0.00418	0.00131	0.00524	0.00374	0.00199	0.00585
36	0.00872	0.00747	0.00872	0.00623	0.00996	0.00560	0.00498	0.01058	0.00872	0.01370	0.00747	0.00872	0.00623	0.00311	0.00311	0.00062	0.00311	0.00249	0.00249	0.87796
37	0.00512	0.00366	0.00488	0.00585	0.00610	0.00341	0.00390	0.00585	0.00805	0.01073	0.02317	0.84952	0.02780	0.01317	0.00537	0.00171	0.00244	0.01195	0.00390	0.00341
38	0.00595	0.00430	0.00562	0.00529	0.00628	0.00397	0.00397	0.00793	0.01190	0.01686	0.82382	0.03140	0.03966	0.00859	0.00496	0.00132	0.00198	0.00760	0.00463	0.00397
39	0.00921	0.01026	0.03098	0.01525	0.01871	0.01970	0.61839	0.01223	0.00968	0.01309	0.03810	0.07696	0.03477	0.00508	0.00540	0.00147	0.04541	0.02764	0.00243	0.00527
40	0.00516	0.00367	0.00487	0.00580	0.00604	0.00344	0.00385	0.00586	0.00797	0.01063	0.02277	0.81674	0.02730	0.04663	0.00600	0.00180	0.00250	0.01172	0.00385	0.00338
41	0.00898	0.18575	0.67132	0.01104	0.01674	0.01112	0.01389	0.01317	0.00881	0.01264	0.00721	0.00846	0.00534	0.00392	0.00374	0.00125	0.00587	0.00294	0.00178	0.00605
42	0.01040	0.00999	0.01706	0.02580	0.82604	0.00999	0.01290	0.01290	0.00957	0.01373	0.00791	0.01040	0.00666	0.00375	0.00416	0.00125	0.00499	0.00375	0.00208	0.00666
43	0.00512	0.00426	0.00447	0.00442	0.00577	0.00361	0.00331	0.00633	0.00994	0.01221	0.16344	0.03906	0.70295	0.01033	0.00497	0.00140	0.00211	0.00868	0.00402	0.00361
44	0.01164	0.77980	0.02112	0.00752	0.01099	0.09019	0.00728	0.01296	0.00884	0.00993	0.00590	0.00682	0.00540	0.00366	0.00280	0.00092	0.00477	0.00229	0.00183	0.00535
45	0.00601	0.00449	0.00668	0.00668	0.00741	0.00522	0.00516	0.00746	0.00673	0.00971	0.01133	0.01688	0.01067	0.05877	0.80858	0.00667	0.01102	0.00456	0.00226	0.00371
46	0.01031	0.00979	0.01606	0.02381	0.74132	0.02100	0.01206	0.03228	0.00972	0.01372	0.00903	0.01180	0.02762	0.03780	0.00487	0.00136	0.00491	0.00396	0.00220	0.00640
47	0.00811	0.00758	0.01240	0.78573	0.02773	0.00942	0.01133	0.01153	0.06324	0.01120	0.00812	0.01151	0.00609	0.00430	0.00421	0.00140	0.00545	0.00380	0.00203	0.00480
48	0.03010	0.00452	0.00636	0.03980	0.00794	0.00445	0.04456	0.00718	0.03541	0.01118	0.02056	0.67563	0.02398	0.05976	0.00610	0.00180	0.00294	0.01043	0.00363	0.00367

[dist]
# distance from previous block
# <min> <max>
0	8

# created by:
# /st0/software/busco_prod/Augustus/scripts/msa2prfl.pl ./align_prep/116675.fa
