[name]
unknown

[dist]
# distance from previous block
# <min> <max>
0	25

[block]
# block no. 0 follows, 61 sequences, length 7
# corresponding to MSA columns:
# 25-29,31,32
name=unknown_A
#
# <colnr> <probs for GDERKNQSTAVLIFYWHMCP>
#	G	D	E	R	K	N	Q	S	T	A	V	L	I	F	Y	W	H	M	C	P
0	0.00694	0.00496	0.00694	0.00793	0.00892	0.00496	0.00694	0.00892	0.00992	0.01289	0.02281	0.04859	0.02479	0.01190	0.00595	0.00198	0.00397	0.79275	0.00397	0.00397
1	0.01550	0.21119	0.01494	0.00909	0.01259	0.01357	0.00782	0.54421	0.01677	0.09838	0.00993	0.00993	0.00721	0.00483	0.00394	0.00121	0.00461	0.00355	0.00382	0.00690
2	0.00525	0.00375	0.00500	0.00600	0.00625	0.00350	0.00400	0.00600	0.00825	0.01100	0.02374	0.84580	0.02849	0.01350	0.00550	0.00175	0.00250	0.01225	0.00400	0.00350
3	0.00615	0.00462	0.00692	0.00692	0.00769	0.00538	0.00538	0.00769	0.00692	0.01000	0.01154	0.01692	0.01077	0.03231	0.83154	0.00692	0.01154	0.00462	0.00231	0.00385
4	0.01152	0.85121	0.02257	0.00737	0.01106	0.01704	0.00737	0.01290	0.00875	0.01013	0.00599	0.00691	0.00553	0.00369	0.00276	0.00092	0.00461	0.00230	0.00184	0.00553
5	0.08878	0.77614	0.02113	0.00722	0.01081	0.01639	0.00713	0.01288	0.00863	0.01095	0.00599	0.00692	0.00545	0.00371	0.00276	0.00096	0.00449	0.00231	0.00192	0.00545
6	0.00570	0.00416	0.00503	0.00537	0.00592	0.00396	0.00366	0.00647	0.00817	0.01066	0.06150	0.28846	0.19858	0.26533	0.06819	0.00277	0.00361	0.04562	0.00350	0.00333

[dist]
# distance from previous block
# <min> <max>
3	10

[block]
# block no. 1 follows, 61 sequences, length 6
# corresponding to MSA columns:
# 44-49
name=unknown_B
#
# <colnr> <probs for GDERKNQSTAVLIFYWHMCP>
#	G	D	E	R	K	N	Q	S	T	A	V	L	I	F	Y	W	H	M	C	P
0	0.01090	0.01189	0.05852	0.02024	0.36570	0.05338	0.31555	0.05468	0.01055	0.01444	0.00834	0.01072	0.00659	0.00385	0.00451	0.00132	0.00605	0.00418	0.00227	0.03631
1	0.00643	0.00488	0.00578	0.00537	0.00668	0.00452	0.00408	0.05843	0.01196	0.01613	0.52349	0.03371	0.28407	0.00924	0.00503	0.00138	0.00225	0.00795	0.00448	0.00414
2	0.01445	0.25993	0.01507	0.00848	0.01195	0.01040	0.07682	0.08640	0.01150	0.33490	0.05089	0.01209	0.00959	0.00467	0.00387	0.00116	0.00424	0.00378	0.00367	0.07613
3	0.71357	0.07679	0.05888	0.00631	0.00932	0.01012	0.00566	0.01315	0.00780	0.05725	0.00664	0.00749	0.00507	0.00404	0.00284	0.00130	0.00364	0.00248	0.00268	0.00497
4	0.00748	0.00374	0.00561	0.00561	0.00561	0.00374	0.00374	0.00561	0.00561	0.00748	0.00748	0.01309	0.00748	0.01496	0.01684	0.87467	0.00374	0.00374	0.00187	0.00187
5	0.09920	0.01171	0.01229	0.00950	0.01288	0.01300	0.00785	0.73108	0.01901	0.02640	0.00992	0.01002	0.00707	0.00506	0.00415	0.00130	0.00460	0.00373	0.00415	0.00707

[dist]
# distance from previous block
# <min> <max>
0	1

[block]
# block no. 2 follows, 61 sequences, length 7
# corresponding to MSA columns:
# 51-57
name=unknown_C
#
# <colnr> <probs for GDERKNQSTAVLIFYWHMCP>
#	G	D	E	R	K	N	Q	S	T	A	V	L	I	F	Y	W	H	M	C	P
0	0.01637	0.01207	0.01293	0.00991	0.01336	0.01336	0.00819	0.80738	0.02025	0.02715	0.01034	0.01034	0.00733	0.00517	0.00431	0.00129	0.00474	0.00388	0.00431	0.00733
1	0.76196	0.00884	0.00723	0.00624	0.00901	0.01016	0.00514	0.12053	0.00908	0.02039	0.00659	0.00745	0.00503	0.00416	0.00289	0.00133	0.00352	0.00254	0.00289	0.00503
2	0.00521	0.00436	0.00455	0.00467	0.00603	0.00371	0.00353	0.00633	0.00973	0.01167	0.04124	0.08932	0.72641	0.01112	0.00517	0.00150	0.00231	0.05550	0.00400	0.00365
3	0.01126	0.01150	0.01651	0.06871	0.66815	0.12224	0.01248	0.01364	0.01007	0.01342	0.00788	0.01031	0.00659	0.00395	0.00421	0.00126	0.00551	0.00369	0.00213	0.00646
4	0.00623	0.00478	0.00686	0.00885	0.11764	0.00461	0.00541	0.00728	0.00844	0.01136	0.02062	0.58539	0.02405	0.08610	0.00683	0.00192	0.00314	0.08296	0.00362	0.00392
5	0.00566	0.00398	0.00517	0.00596	0.00625	0.00381	0.00407	0.00640	0.00804	0.01069	0.02156	0.58454	0.02544	0.18296	0.00889	0.00227	0.00301	0.10421	0.00371	0.00337
6	0.00958	0.01024	0.02093	0.01535	0.01919	0.00947	0.60133	0.01278	0.00999	0.01370	0.01051	0.01634	0.00901	0.00471	0.00498	0.00143	0.00633	0.11226	0.00247	0.10943

[dist]
# distance from previous block
# <min> <max>
0	3

[block]
# block no. 3 follows, 61 sequences, length 9
# corresponding to MSA columns:
# 61-69
name=unknown_D
#
# <colnr> <probs for GDERKNQSTAVLIFYWHMCP>
#	G	D	E	R	K	N	Q	S	T	A	V	L	I	F	Y	W	H	M	C	P
0	0.01012	0.01147	0.02461	0.01770	0.02177	0.01105	0.75343	0.01357	0.00993	0.01357	0.00851	0.01147	0.00648	0.00389	0.00568	0.00148	0.06236	0.00500	0.00216	0.00574
1	0.00590	0.00441	0.00571	0.00618	0.00701	0.00393	0.00436	0.00691	0.00846	0.01157	0.02130	0.66956	0.02497	0.01186	0.00519	0.00160	0.00270	0.06202	0.00378	0.13258
2	0.01303	0.01033	0.01820	0.01346	0.01720	0.01008	0.41781	0.10148	0.13078	0.20321	0.01211	0.01285	0.00855	0.00452	0.00472	0.00141	0.00559	0.00475	0.00346	0.00647
3	0.00587	0.00405	0.00525	0.00580	0.00641	0.00371	0.00403	0.00692	0.00926	0.04017	0.17254	0.59511	0.10056	0.01212	0.00534	0.00164	0.00242	0.01087	0.00418	0.00375
4	0.01147	0.01176	0.01670	0.02417	0.70202	0.13183	0.01249	0.01381	0.01016	0.01355	0.00789	0.01023	0.00663	0.00393	0.00421	0.00125	0.00551	0.00368	0.00215	0.00655
5	0.01102	0.01102	0.01629	0.02369	0.68675	0.09753	0.01232	0.01339	0.01007	0.01363	0.00883	0.01263	0.00776	0.00439	0.00432	0.00130	0.00533	0.05102	0.00225	0.00646
6	0.01487	0.00711	0.00965	0.00909	0.09643	0.00645	0.00648	0.01719	0.05852	0.51447	0.07588	0.01950	0.13234	0.00627	0.00449	0.00135	0.00347	0.00526	0.00470	0.00647
7	0.01223	0.00863	0.01279	0.01012	0.01289	0.03709	0.19735	0.05952	0.14126	0.23469	0.12060	0.10467	0.01556	0.00630	0.00473	0.00142	0.00435	0.00582	0.00404	0.00596
8	0.04419	0.01034	0.01682	0.01359	0.06425	0.07301	0.37692	0.02871	0.10330	0.03105	0.09562	0.05754	0.02433	0.00519	0.00469	0.00138	0.00544	0.00529	0.00296	0.03537

[dist]
# distance from previous block
# <min> <max>
9	24

[block]
# block no. 4 follows, 61 sequences, length 8
# corresponding to MSA columns:
# 114-116,137-141
name=unknown_E
#
# <colnr> <probs for GDERKNQSTAVLIFYWHMCP>
#	G	D	E	R	K	N	Q	S	T	A	V	L	I	F	Y	W	H	M	C	P
0	0.00525	0.00375	0.00500	0.00600	0.00625	0.00350	0.00400	0.00600	0.00825	0.01100	0.02374	0.84580	0.02849	0.01350	0.00550	0.00175	0.00250	0.01225	0.00400	0.00350
1	0.01098	0.01110	0.01633	0.12294	0.63331	0.10417	0.01251	0.01341	0.00994	0.01330	0.00788	0.01043	0.00655	0.00396	0.00423	0.00128	0.00550	0.00372	0.00212	0.00637
2	0.03575	0.01036	0.01247	0.01134	0.11807	0.01094	0.00822	0.43219	0.04053	0.19158	0.01129	0.01130	0.00798	0.00501	0.00453	0.00129	0.03128	0.00390	0.00404	0.04792
3	0.01086	0.01014	0.01664	0.05484	0.70401	0.01021	0.01249	0.06431	0.01040	0.01480	0.00821	0.01059	0.00680	0.00391	0.00422	0.00126	0.00503	0.00378	0.00228	0.04521
4	0.01083	0.02774	0.01392	0.20571	0.30203	0.04972	0.03830	0.04936	0.07584	0.07792	0.05597	0.02637	0.02273	0.00484	0.00433	0.00133	0.00489	0.00434	0.00283	0.02101
5	0.01125	0.16537	0.11964	0.08150	0.07002	0.16798	0.03140	0.03448	0.03347	0.06272	0.03221	0.05354	0.05583	0.00530	0.00435	0.00126	0.03207	0.00415	0.00263	0.03084
6	0.01113	0.29218	0.12477	0.16116	0.03141	0.04273	0.04672	0.05649	0.00997	0.08703	0.00949	0.03451	0.02695	0.00455	0.00379	0.00120	0.00504	0.00362	0.00249	0.04477
7	0.01103	0.27879	0.20451	0.05418	0.01376	0.08402	0.00924	0.04743	0.07678	0.05421	0.03745	0.01119	0.03502	0.00459	0.00372	0.00116	0.00496	0.00345	0.00258	0.06193

[dist]
# distance from previous block
# <min> <max>
8	48

[block]
# block no. 5 follows, 61 sequences, length 8
# corresponding to MSA columns:
# 190-197
name=unknown_F
#
# <colnr> <probs for GDERKNQSTAVLIFYWHMCP>
#	G	D	E	R	K	N	Q	S	T	A	V	L	I	F	Y	W	H	M	C	P
0	0.15605	0.01130	0.10668	0.04343	0.04626	0.12296	0.00780	0.05632	0.09145	0.08423	0.03452	0.06983	0.02995	0.00611	0.02388	0.00144	0.02563	0.00425	0.00309	0.07481
1	0.06531	0.00830	0.00843	0.03641	0.01001	0.09270	0.00586	0.13047	0.07174	0.10451	0.10242	0.07554	0.11707	0.03107	0.07465	0.00188	0.00447	0.00554	0.02492	0.02872
2	0.18605	0.04156	0.00974	0.00886	0.08074	0.06504	0.00636	0.16646	0.07419	0.01737	0.09341	0.03656	0.08552	0.04038	0.00471	0.00139	0.00389	0.00458	0.00336	0.06983
3	0.10951	0.17202	0.02843	0.08796	0.09143	0.10863	0.03680	0.10910	0.02445	0.05967	0.01043	0.01179	0.05346	0.00471	0.00380	0.00121	0.00482	0.01586	0.00276	0.06317
4	0.04621	0.26845	0.26828	0.05273	0.08550	0.01158	0.01031	0.03984	0.03708	0.04490	0.00999	0.01094	0.05251	0.00445	0.00370	0.00120	0.00493	0.00341	0.00236	0.04163
5	0.03879	0.13084	0.00958	0.00703	0.00853	0.05406	0.02818	0.00983	0.02683	0.03238	0.04624	0.10597	0.01436	0.17601	0.19607	0.00316	0.00583	0.06570	0.00284	0.03776
6	0.01122	0.53134	0.20290	0.00864	0.01274	0.04447	0.00919	0.07072	0.00980	0.01246	0.00711	0.00812	0.00591	0.00398	0.00323	0.00106	0.00501	0.00272	0.04362	0.00576
7	0.00748	0.00374	0.00561	0.00561	0.00561	0.00374	0.00374	0.00561	0.00561	0.00748	0.00748	0.01309	0.00748	0.01496	0.01684	0.87467	0.00374	0.00374	0.00187	0.00187

[dist]
# distance from previous block
# <min> <max>
4	8

[block]
# block no. 6 follows, 61 sequences, length 24
# corresponding to MSA columns:
# 234-242,244-258
name=unknown_G
#
# <colnr> <probs for GDERKNQSTAVLIFYWHMCP>
#	G	D	E	R	K	N	Q	S	T	A	V	L	I	F	Y	W	H	M	C	P
0	0.00864	0.02228	0.82630	0.01228	0.01864	0.01000	0.01592	0.01364	0.00909	0.01364	0.00773	0.00909	0.00546	0.00409	0.00409	0.00136	0.00637	0.00318	0.00182	0.00637
1	0.00615	0.00462	0.00692	0.00692	0.00769	0.00538	0.00538	0.00769	0.00692	0.01000	0.01154	0.01692	0.01077	0.03231	0.83154	0.00692	0.01154	0.00462	0.00231	0.00385
2	0.01196	0.77031	0.02156	0.00773	0.01128	0.09634	0.00746	0.01332	0.00909	0.01017	0.00605	0.00699	0.00553	0.00376	0.00287	0.00094	0.00491	0.00235	0.00188	0.00548
3	0.00893	0.00766	0.00893	0.00638	0.01021	0.00574	0.00510	0.01085	0.00893	0.01404	0.00766	0.00893	0.00638	0.00319	0.00319	0.00064	0.00319	0.00255	0.00255	0.87495
4	0.00830	0.00575	0.00874	0.00831	0.00980	0.00548	0.09359	0.02286	0.02116	0.10373	0.02172	0.27217	0.06445	0.01047	0.00545	0.00174	0.00377	0.32406	0.00395	0.00449
5	0.00729	0.00401	0.00590	0.04790	0.00688	0.00404	0.00414	0.00601	0.00630	0.00830	0.03812	0.01572	0.06737	0.01392	0.01494	0.73686	0.00367	0.00427	0.00213	0.00222
6	0.00893	0.00766	0.00893	0.00638	0.01021	0.00574	0.00510	0.01085	0.00893	0.01404	0.00766	0.00893	0.00638	0.00319	0.00319	0.00064	0.00319	0.00255	0.00255	0.87495
7	0.01609	0.02053	0.01221	0.01110	0.01332	0.83132	0.00832	0.01720	0.01221	0.01054	0.00666	0.00777	0.00555	0.00444	0.00388	0.00111	0.00777	0.00277	0.00222	0.00499
8	0.00963	0.30730	0.54994	0.01059	0.01603	0.01242	0.01298	0.01339	0.00898	0.01244	0.00713	0.00834	0.00548	0.00395	0.00364	0.00121	0.00576	0.00288	0.00183	0.00608
9	0.00616	0.00460	0.00685	0.00685	0.00760	0.00535	0.00530	0.00765	0.00690	0.00995	0.01160	0.01727	0.01092	0.05773	0.80633	0.00684	0.01131	0.00467	0.00232	0.00381
10	0.00918	0.17904	0.67430	0.01135	0.01721	0.01134	0.01430	0.01350	0.00903	0.01298	0.00740	0.00868	0.00547	0.00402	0.00384	0.00128	0.00603	0.00302	0.00182	0.00621
11	0.01055	0.01012	0.01729	0.06104	0.78798	0.01021	0.01317	0.01313	0.00976	0.01394	0.00808	0.01070	0.00678	0.00386	0.00427	0.00129	0.00514	0.00384	0.00212	0.00674
12	0.00572	0.00418	0.00538	0.00552	0.00632	0.00384	0.00397	0.00724	0.01065	0.01466	0.48216	0.30643	0.10678	0.01057	0.00522	0.00150	0.00220	0.00940	0.00443	0.00384
13	0.00852	0.00605	0.00869	0.01002	0.17314	0.00577	0.00624	0.01093	0.03821	0.09932	0.52988	0.02565	0.04532	0.00738	0.00481	0.00134	0.00288	0.00656	0.00424	0.00504
14	0.01013	0.05353	0.14178	0.05724	0.59680	0.01031	0.01302	0.01298	0.00960	0.01362	0.00878	0.01141	0.02097	0.00414	0.00421	0.00130	0.00524	0.01635	0.00212	0.00650
15	0.00964	0.21401	0.44549	0.01378	0.18006	0.01151	0.01297	0.01320	0.00926	0.01303	0.03429	0.00966	0.00692	0.00410	0.00385	0.00124	0.00555	0.00326	0.00199	0.00619
16	0.00749	0.00655	0.00886	0.16306	0.03943	0.04423	0.04638	0.03886	0.04768	0.01232	0.01892	0.41175	0.06302	0.00963	0.00505	0.00160	0.00388	0.06351	0.00340	0.00437
17	0.00953	0.00981	0.01569	0.50841	0.14135	0.07990	0.14955	0.01234	0.00936	0.01189	0.00782	0.01107	0.00602	0.00413	0.00440	0.00139	0.00609	0.00396	0.00202	0.00527
18	0.04509	0.29462	0.24387	0.00930	0.01349	0.08171	0.00966	0.09192	0.01080	0.14877	0.00879	0.00922	0.00651	0.00429	0.00364	0.00118	0.00518	0.00308	0.00272	0.00616
19	0.00995	0.00947	0.03432	0.07575	0.26540	0.08413	0.01840	0.08636	0.01071	0.03390	0.01635	0.10554	0.13277	0.00688	0.00495	0.00143	0.03255	0.06271	0.00300	0.00543
20	0.00953	0.08401	0.14201	0.45933	0.09475	0.06336	0.02336	0.03424	0.00934	0.01206	0.00755	0.01033	0.00582	0.00427	0.00433	0.00135	0.02344	0.00355	0.00200	0.00538
21	0.00984	0.34285	0.13570	0.03528	0.19713	0.01184	0.00958	0.01204	0.00904	0.01205	0.02893	0.09501	0.00910	0.00498	0.00395	0.00118	0.02231	0.00403	0.00224	0.05293
22	0.01011	0.04919	0.04127	0.36047	0.17168	0.09361	0.05658	0.05018	0.00983	0.01268	0.00792	0.01087	0.00635	0.02747	0.00462	0.00135	0.00559	0.00367	0.00218	0.07436
23	0.04185	0.10888	0.40592	0.08161	0.06961	0.02939	0.01200	0.04639	0.02288	0.01363	0.02931	0.04687	0.02496	0.00496	0.00450	0.00135	0.04396	0.00386	0.00226	0.00581

[dist]
# distance from previous block
# <min> <max>
30	87

[block]
# block no. 7 follows, 61 sequences, length 17
# corresponding to MSA columns:
# 372-388
name=unknown_H
#
# <colnr> <probs for GDERKNQSTAVLIFYWHMCP>
#	G	D	E	R	K	N	Q	S	T	A	V	L	I	F	Y	W	H	M	C	P
0	0.00998	0.00851	0.01145	0.30162	0.05285	0.06162	0.05263	0.09869	0.02997	0.06614	0.07589	0.03526	0.09807	0.00601	0.00453	0.00139	0.00472	0.04091	0.00310	0.03666
1	0.12138	0.00857	0.01053	0.10227	0.07079	0.03903	0.03150	0.11645	0.04192	0.21121	0.07933	0.01559	0.05526	0.00548	0.00420	0.00132	0.00412	0.02297	0.00370	0.05439
2	0.50232	0.00799	0.00776	0.00664	0.00926	0.00866	0.02264	0.06583	0.05429	0.13090	0.03966	0.05976	0.03979	0.00532	0.00351	0.00135	0.00342	0.00394	0.00343	0.02351
3	0.87904	0.00833	0.00633	0.00566	0.00833	0.00966	0.00467	0.01266	0.00733	0.01933	0.00600	0.00700	0.00467	0.00400	0.00267	0.00133	0.00333	0.00233	0.00267	0.00467
4	0.01493	0.00662	0.00876	0.00709	0.00970	0.00598	0.00571	0.01743	0.06740	0.53716	0.24771	0.01979	0.01945	0.00637	0.00455	0.00135	0.00318	0.00536	0.00510	0.00636
5	0.01863	0.00749	0.00998	0.00775	0.01101	0.00669	0.00637	0.02115	0.07719	0.75946	0.01704	0.01478	0.01086	0.00537	0.00434	0.00134	0.00364	0.00438	0.00525	0.00729
6	0.00509	0.00436	0.00436	0.00436	0.00582	0.00364	0.00327	0.00618	0.00982	0.01164	0.04364	0.04146	0.82000	0.01091	0.00509	0.00145	0.00218	0.00909	0.00400	0.00364
7	0.01933	0.00733	0.01000	0.00766	0.01100	0.00633	0.00633	0.02099	0.01233	0.82473	0.01699	0.01466	0.01066	0.00533	0.00433	0.00133	0.00367	0.00433	0.00533	0.00733
8	0.00893	0.00766	0.00893	0.00638	0.01021	0.00574	0.00510	0.01085	0.00893	0.01404	0.00766	0.00893	0.00638	0.00319	0.00319	0.00064	0.00319	0.00255	0.00255	0.87495
9	0.00893	0.00766	0.00893	0.00638	0.01021	0.00574	0.00510	0.01085	0.00893	0.01404	0.00766	0.00893	0.00638	0.00319	0.00319	0.00064	0.00319	0.00255	0.00255	0.87495
10	0.01010	0.00780	0.00963	0.00789	0.06608	0.00611	0.00579	0.01203	0.00933	0.09560	0.00863	0.00963	0.00684	0.00345	0.00338	0.00075	0.00337	0.00282	0.00280	0.72798
11	0.01637	0.01207	0.01293	0.00991	0.01336	0.01336	0.00819	0.80738	0.02025	0.02715	0.01034	0.01034	0.00733	0.00517	0.00431	0.00129	0.00474	0.00388	0.00431	0.00733
12	0.00525	0.00375	0.00500	0.00600	0.00625	0.00350	0.00400	0.00600	0.00825	0.01100	0.02374	0.84580	0.02849	0.01350	0.00550	0.00175	0.00250	0.01225	0.00400	0.00350
13	0.01000	0.01083	0.02196	0.01607	0.01994	0.01044	0.64132	0.01472	0.12274	0.01449	0.04065	0.01407	0.00926	0.00437	0.00501	0.00147	0.00643	0.02776	0.00263	0.00583
14	0.00875	0.04276	0.68950	0.01129	0.01693	0.00957	0.01412	0.01345	0.02887	0.03210	0.06424	0.01172	0.02873	0.00464	0.00416	0.00136	0.00578	0.00369	0.00221	0.00615
15	0.03233	0.01142	0.12516	0.00921	0.01266	0.02665	0.04182	0.29415	0.04925	0.04750	0.01298	0.01417	0.07799	0.00540	0.00454	0.00126	0.03570	0.02806	0.01653	0.15322
16	0.03709	0.02905	0.01081	0.00861	0.02317	0.00981	0.01961	0.37446	0.07831	0.11520	0.09418	0.05036	0.02798	0.02367	0.00470	0.00137	0.00395	0.01658	0.01849	0.05260

[dist]
# distance from previous block
# <min> <max>
1	29

[block]
# block no. 8 follows, 61 sequences, length 53
# corresponding to MSA columns:
# 418-470
name=unknown_I
#
# <colnr> <probs for GDERKNQSTAVLIFYWHMCP>
#	G	D	E	R	K	N	Q	S	T	A	V	L	I	F	Y	W	H	M	C	P
0	0.20361	0.00767	0.00816	0.00720	0.00942	0.04865	0.04207	0.04777	0.08642	0.07926	0.03200	0.12761	0.14450	0.00729	0.00429	0.00140	0.00355	0.06217	0.00358	0.07338
1	0.33623	0.00845	0.00917	0.00823	0.05317	0.00880	0.02631	0.13131	0.04754	0.10664	0.01151	0.04917	0.03644	0.00525	0.00372	0.00129	0.00371	0.03474	0.00338	0.11494
2	0.07317	0.00619	0.00761	0.00719	0.00848	0.03479	0.00563	0.06735	0.02393	0.05295	0.01159	0.01643	0.01044	0.05994	0.57120	0.00529	0.00927	0.02147	0.00272	0.00438
3	0.30324	0.02102	0.00872	0.00724	0.00968	0.00891	0.00587	0.15978	0.04751	0.17001	0.01130	0.02795	0.00910	0.05907	0.08876	0.00210	0.01963	0.03103	0.00355	0.00552
4	0.38052	0.00837	0.00843	0.00716	0.00997	0.00907	0.00579	0.03287	0.22878	0.24921	0.01236	0.01172	0.00874	0.00490	0.00364	0.00137	0.00347	0.00362	0.00393	0.00606
5	0.17688	0.01087	0.01134	0.00893	0.01214	0.01201	0.00739	0.59005	0.01707	0.06758	0.01032	0.01127	0.00761	0.00519	0.00406	0.00133	0.00439	0.03081	0.00405	0.00671
6	0.04629	0.01166	0.01253	0.00963	0.01305	0.01282	0.00796	0.73374	0.01934	0.07378	0.01058	0.01048	0.00743	0.00514	0.00425	0.00130	0.00463	0.00385	0.00431	0.00723
7	0.00605	0.00440	0.00569	0.00537	0.00641	0.00405	0.00403	0.00804	0.01209	0.01702	0.78433	0.03260	0.07595	0.00890	0.00508	0.00136	0.00204	0.00785	0.00471	0.00405
8	0.01933	0.00733	0.01000	0.00766	0.01100	0.00633	0.00633	0.02099	0.01233	0.82473	0.01699	0.01466	0.01066	0.00533	0.00433	0.00133	0.00367	0.00433	0.00533	0.00733
9	0.01933	0.00733	0.01000	0.00766	0.01100	0.00633	0.00633	0.02099	0.01233	0.82473	0.01699	0.01466	0.01066	0.00533	0.00433	0.00133	0.00367	0.00433	0.00533	0.00733
10	0.01066	0.01023	0.01748	0.02644	0.82174	0.01023	0.01322	0.01322	0.00981	0.01407	0.00810	0.01066	0.00682	0.00384	0.00426	0.00128	0.00512	0.00384	0.00213	0.00682
11	0.00509	0.00436	0.00436	0.00436	0.00582	0.00364	0.00327	0.00618	0.00982	0.01164	0.04364	0.04146	0.82000	0.01091	0.00509	0.00145	0.00218	0.00909	0.00400	0.00364
12	0.00694	0.00496	0.00694	0.00793	0.00892	0.00496	0.00694	0.00892	0.00992	0.01289	0.02281	0.04859	0.02479	0.01190	0.00595	0.00198	0.00397	0.79275	0.00397	0.00397
13	0.01933	0.00733	0.01000	0.00766	0.01100	0.00633	0.00633	0.02099	0.01233	0.82473	0.01699	0.01466	0.01066	0.00533	0.00433	0.00133	0.00367	0.00433	0.00533	0.00733
14	0.01049	0.01006	0.01718	0.08105	0.76846	0.01019	0.01314	0.01307	0.00973	0.01387	0.00807	0.01072	0.00675	0.00387	0.00427	0.00129	0.00516	0.00384	0.00212	0.00669
15	0.00616	0.00459	0.00682	0.00682	0.00755	0.00533	0.00525	0.00762	0.00689	0.00992	0.01164	0.01747	0.01101	0.07185	0.79233	0.00679	0.01118	0.00470	0.00232	0.00379
16	0.87904	0.00833	0.00633	0.00566	0.00833	0.00966	0.00467	0.01266	0.00733	0.01933	0.00600	0.00700	0.00467	0.00400	0.00267	0.00133	0.00333	0.00233	0.00267	0.00467
17	0.00626	0.00420	0.00481	0.00481	0.00484	0.00423	0.00274	0.00633	0.00630	0.00843	0.01347	0.02764	0.01542	0.80907	0.06114	0.00431	0.00453	0.00618	0.00260	0.00267
18	0.01060	0.01018	0.01738	0.04501	0.80362	0.01022	0.01319	0.01317	0.00978	0.01400	0.00809	0.01068	0.00680	0.00385	0.00427	0.00128	0.00513	0.00384	0.00213	0.00678
19	0.00937	0.23351	0.62149	0.01103	0.01671	0.01180	0.01374	0.01345	0.00901	0.01275	0.00729	0.00854	0.00547	0.00399	0.00375	0.00125	0.00592	0.00296	0.00182	0.00615
20	0.87904	0.00833	0.00633	0.00566	0.00833	0.00966	0.00467	0.01266	0.00733	0.01933	0.00600	0.00700	0.00467	0.00400	0.00267	0.00133	0.00333	0.00233	0.00267	0.00467
21	0.01017	0.01162	0.02542	0.01816	0.02251	0.01089	0.80610	0.01380	0.01017	0.01380	0.00871	0.01162	0.00654	0.00363	0.00508	0.00145	0.00726	0.00508	0.00218	0.00581
22	0.87904	0.00833	0.00633	0.00566	0.00833	0.00966	0.00467	0.01266	0.00733	0.01933	0.00600	0.00700	0.00467	0.00400	0.00267	0.00133	0.00333	0.00233	0.00267	0.00467
23	0.00530	0.00375	0.00501	0.00599	0.00623	0.00350	0.00399	0.00599	0.00819	0.01092	0.02337	0.82689	0.02801	0.01353	0.00576	0.02158	0.00253	0.01205	0.00395	0.00346
24	0.87904	0.00833	0.00633	0.00566	0.00833	0.00966	0.00467	0.01266	0.00733	0.01933	0.00600	0.00700	0.00467	0.00400	0.00267	0.00133	0.00333	0.00233	0.00267	0.00467
25	0.01049	0.01006	0.01718	0.08105	0.76846	0.01019	0.01314	0.01307	0.00973	0.01387	0.00807	0.01072	0.00675	0.00387	0.00427	0.00129	0.00516	0.00384	0.00212	0.00669
26	0.01053	0.01041	0.01910	0.02173	0.47099	0.01024	0.26740	0.05161	0.01044	0.01454	0.00940	0.01351	0.00796	0.00438	0.00464	0.00138	0.00571	0.05731	0.00238	0.00633
27	0.00864	0.02228	0.82630	0.01228	0.01864	0.01000	0.01592	0.01364	0.00909	0.01364	0.00773	0.00909	0.00546	0.00409	0.00409	0.00136	0.00637	0.00318	0.00182	0.00637
28	0.01017	0.01162	0.02542	0.01816	0.02251	0.01089	0.80610	0.01380	0.01017	0.01380	0.00871	0.01162	0.00654	0.00363	0.00508	0.00145	0.00726	0.00508	0.00218	0.00581
29	0.87904	0.00833	0.00633	0.00566	0.00833	0.00966	0.00467	0.01266	0.00733	0.01933	0.00600	0.00700	0.00467	0.00400	0.00267	0.00133	0.00333	0.00233	0.00267	0.00467
30	0.00643	0.00479	0.00623	0.00695	0.00807	0.00459	0.00593	0.00817	0.00989	0.01255	0.02854	0.04663	0.24350	0.01163	0.00571	0.00184	0.00348	0.57722	0.00398	0.00388
31	0.01682	0.01135	0.01248	0.00957	0.01300	0.01229	0.00791	0.68792	0.01905	0.14831	0.01135	0.01100	0.00783	0.00520	0.00431	0.00130	0.00458	0.00395	0.00446	0.00733
32	0.00733	0.00535	0.00684	0.00680	0.00803	0.00531	0.00552	0.07557	0.03217	0.01617	0.39520	0.06563	0.04567	0.00977	0.00533	0.00160	0.00302	0.29595	0.00437	0.00434
33	0.01933	0.00733	0.01000	0.00766	0.01100	0.00633	0.00633	0.02099	0.01233	0.82473	0.01699	0.01466	0.01066	0.00533	0.00433	0.00133	0.00367	0.00433	0.00533	0.00733
34	0.00525	0.00375	0.00500	0.00600	0.00625	0.00350	0.00400	0.00600	0.00825	0.01100	0.02374	0.84580	0.02849	0.01350	0.00550	0.00175	0.00250	0.01225	0.00400	0.00350
35	0.01017	0.01162	0.02542	0.01816	0.02251	0.01089	0.80610	0.01380	0.01017	0.01380	0.00871	0.01162	0.00654	0.00363	0.00508	0.00145	0.00726	0.00508	0.00218	0.00581
36	0.00610	0.00440	0.00576	0.00542	0.00644	0.00406	0.00406	0.00813	0.01219	0.01727	0.81947	0.03218	0.04064	0.00881	0.00508	0.00135	0.00203	0.00779	0.00474	0.00406
37	0.00864	0.02228	0.82630	0.01228	0.01864	0.01000	0.01592	0.01364	0.00909	0.01364	0.00773	0.00909	0.00546	0.00409	0.00409	0.00136	0.00637	0.00318	0.00182	0.00637
38	0.01066	0.01023	0.01748	0.02644	0.82174	0.01023	0.01322	0.01322	0.00981	0.01407	0.00810	0.01066	0.00682	0.00384	0.00426	0.00128	0.00512	0.00384	0.00213	0.00682
39	0.01071	0.00925	0.00974	0.00877	0.01120	0.01071	0.00682	0.02289	0.81396	0.01802	0.01753	0.01607	0.01315	0.00584	0.00438	0.00146	0.00341	0.00487	0.00438	0.00682
40	0.01637	0.01207	0.01293	0.00991	0.01336	0.01336	0.00819	0.80738	0.02025	0.02715	0.01034	0.01034	0.00733	0.00517	0.00431	0.00129	0.00474	0.00388	0.00431	0.00733
41	0.01066	0.01023	0.01748	0.02644	0.82174	0.01023	0.01322	0.01322	0.00981	0.01407	0.00810	0.01066	0.00682	0.00384	0.00426	0.00128	0.00512	0.00384	0.00213	0.00682
42	0.00813	0.00766	0.01292	0.83826	0.02967	0.00957	0.01196	0.01101	0.00861	0.01101	0.00766	0.01148	0.00574	0.00431	0.00431	0.00144	0.00574	0.00383	0.00191	0.00479
43	0.87904	0.00833	0.00633	0.00566	0.00833	0.00966	0.00467	0.01266	0.00733	0.01933	0.00600	0.00700	0.00467	0.00400	0.00267	0.00133	0.00333	0.00233	0.00267	0.00467
44	0.87904	0.00833	0.00633	0.00566	0.00833	0.00966	0.00467	0.01266	0.00733	0.01933	0.00600	0.00700	0.00467	0.00400	0.00267	0.00133	0.00333	0.00233	0.00267	0.00467
45	0.00813	0.00766	0.01292	0.83826	0.02967	0.00957	0.01196	0.01101	0.00861	0.01101	0.00766	0.01148	0.00574	0.00431	0.00431	0.00144	0.00574	0.00383	0.00191	0.00479
46	0.00509	0.00436	0.00436	0.00436	0.00582	0.00364	0.00327	0.00618	0.00982	0.01164	0.04364	0.04146	0.82000	0.01091	0.00509	0.00145	0.00218	0.00909	0.00400	0.00364
47	0.00547	0.00438	0.00489	0.00476	0.00605	0.00380	0.00357	0.00692	0.01071	0.01376	0.33591	0.03796	0.52639	0.01012	0.00509	0.00142	0.00213	0.00860	0.00428	0.00380
48	0.20390	0.00980	0.01161	0.00987	0.01096	0.03317	0.00818	0.11415	0.00867	0.01453	0.00636	0.00896	0.00565	0.00637	0.01005	0.00167	0.52522	0.00344	0.00238	0.00505
49	0.00881	0.05562	0.77105	0.01247	0.04077	0.01030	0.01549	0.01360	0.00910	0.01351	0.00767	0.00905	0.00550	0.00407	0.00404	0.00134	0.00626	0.00317	0.00183	0.00634
50	0.01004	0.00960	0.01636	0.22684	0.62622	0.01007	0.01291	0.01267	0.00951	0.01332	0.00799	0.01086	0.00656	0.00395	0.00427	0.00132	0.00527	0.00384	0.00208	0.00632
51	0.00994	0.39258	0.43859	0.00988	0.01496	0.01301	0.01172	0.01321	0.00894	0.01209	0.00695	0.00811	0.00552	0.00388	0.00347	0.00114	0.00547	0.00277	0.00185	0.03594
52	0.08645	0.00754	0.01121	0.00912	0.01138	0.03655	0.21964	0.03783	0.01037	0.01427	0.14266	0.06461	0.24382	0.02207	0.00517	0.00151	0.00410	0.06372	0.00342	0.00456

[dist]
# distance from previous block
# <min> <max>
7	47

[block]
# block no. 9 follows, 61 sequences, length 112
# corresponding to MSA columns:
# 522-612,622-642
name=unknown_J
#
# <colnr> <probs for GDERKNQSTAVLIFYWHMCP>
#	G	D	E	R	K	N	Q	S	T	A	V	L	I	F	Y	W	H	M	C	P
0	0.02268	0.01023	0.07335	0.01002	0.01333	0.03614	0.15944	0.13764	0.07561	0.10187	0.03732	0.07023	0.02978	0.02249	0.00482	0.00132	0.01582	0.00475	0.00333	0.16985
1	0.04113	0.03979	0.01379	0.02737	0.02603	0.01970	0.20751	0.11799	0.04920	0.09258	0.09000	0.07471	0.01253	0.01581	0.00477	0.00133	0.01549	0.01880	0.00333	0.12814
2	0.03858	0.04806	0.02541	0.00845	0.01164	0.04680	0.07420	0.14352	0.07678	0.05474	0.03741	0.02710	0.00946	0.05081	0.00487	0.00124	0.00418	0.01482	0.00316	0.31877
3	0.01183	0.02680	0.05044	0.07549	0.25301	0.08867	0.10030	0.08879	0.02728	0.08508	0.00931	0.02400	0.00730	0.00427	0.00417	0.00122	0.00519	0.00384	0.00273	0.13028
4	0.02585	0.04809	0.23271	0.03482	0.03571	0.02657	0.10699	0.12754	0.04991	0.05138	0.00962	0.01069	0.02185	0.00430	0.00416	0.00120	0.01594	0.00361	0.00273	0.18635
5	0.02489	0.04089	0.65982	0.01162	0.01715	0.02302	0.04384	0.01308	0.00918	0.01357	0.03330	0.02693	0.02488	0.00460	0.00433	0.00136	0.02231	0.00366	0.00205	0.01952
6	0.00934	0.00821	0.01132	0.00823	0.01196	0.00669	0.12141	0.02893	0.02185	0.02673	0.00857	0.02675	0.00713	0.00412	0.01899	0.00093	0.00397	0.00325	0.00263	0.66900
7	0.01487	0.01128	0.01209	0.00951	0.01277	0.01247	0.00776	0.60874	0.18446	0.02466	0.01171	0.01147	0.00849	0.00522	0.00427	0.00130	0.00439	0.00402	0.00425	0.04626
8	0.00509	0.00436	0.00436	0.00436	0.00582	0.00364	0.00327	0.00618	0.00982	0.01164	0.04364	0.04146	0.82000	0.01091	0.00509	0.00145	0.00218	0.00909	0.00400	0.00364
9	0.01071	0.00925	0.00974	0.00877	0.01120	0.01071	0.00682	0.02289	0.81396	0.01802	0.01753	0.01607	0.01315	0.00584	0.00438	0.00146	0.00341	0.00487	0.00438	0.00682
10	0.00871	0.04192	0.80725	0.01216	0.01846	0.01017	0.01571	0.01362	0.00909	0.01356	0.00769	0.00904	0.00546	0.00408	0.00406	0.00135	0.00632	0.00316	0.00182	0.00635
11	0.00546	0.00448	0.00488	0.00508	0.00644	0.00390	0.00401	0.00673	0.00984	0.01189	0.03946	0.04288	0.66067	0.01111	0.00526	0.00156	0.00254	0.16610	0.00399	0.00370
12	0.00684	0.00490	0.00681	0.00775	0.00874	0.00487	0.00672	0.00878	0.00993	0.01293	0.04350	0.06692	0.04138	0.01184	0.00590	0.00195	0.00385	0.73844	0.00399	0.00395
13	0.01052	0.01009	0.01723	0.07182	0.77747	0.01020	0.01315	0.01310	0.00974	0.01390	0.00808	0.01071	0.00676	0.00386	0.00427	0.00129	0.00515	0.00384	0.00212	0.00671
14	0.01401	0.04812	0.06905	0.02539	0.01257	0.14350	0.02012	0.30954	0.08402	0.10138	0.01107	0.01165	0.00821	0.02153	0.00438	0.00130	0.00486	0.00380	0.09925	0.00623
15	0.00896	0.00773	0.00926	0.00661	0.01045	0.00584	0.02085	0.01090	0.00896	0.01403	0.00768	0.00899	0.00638	0.00320	0.00323	0.00065	0.00327	0.00260	0.00254	0.85786
16	0.01643	0.01198	0.01287	0.00987	0.01332	0.01323	0.00815	0.79304	0.02011	0.04169	0.01046	0.01042	0.00739	0.00517	0.00431	0.00129	0.00472	0.00389	0.00433	0.00733
17	0.01066	0.01023	0.01748	0.02644	0.82174	0.01023	0.01322	0.01322	0.00981	0.01407	0.00810	0.01066	0.00682	0.00384	0.00426	0.00128	0.00512	0.00384	0.00213	0.00682
18	0.00607	0.00440	0.00572	0.00539	0.00642	0.00405	0.00405	0.00808	0.01214	0.01714	0.80080	0.03240	0.05940	0.00886	0.00508	0.00136	0.00204	0.00782	0.00472	0.00405
19	0.00602	0.00440	0.00565	0.00534	0.00639	0.00403	0.00400	0.00798	0.01201	0.01684	0.76019	0.03289	0.10020	0.00897	0.00508	0.00136	0.00204	0.00789	0.00469	0.00403
20	0.00537	0.00381	0.00508	0.00602	0.00633	0.00357	0.00409	0.00614	0.00836	0.01113	0.03988	0.77236	0.03995	0.01334	0.00573	0.01958	0.00256	0.03925	0.00397	0.00350
21	0.00525	0.00375	0.00500	0.00600	0.00625	0.00350	0.00400	0.00600	0.00825	0.01100	0.02374	0.84580	0.02849	0.01350	0.00550	0.00175	0.00250	0.01225	0.00400	0.00350
22	0.00838	0.00791	0.01337	0.75869	0.10731	0.00964	0.01209	0.01122	0.00873	0.01131	0.00770	0.01140	0.00585	0.00426	0.00430	0.00142	0.00568	0.00383	0.00194	0.00498
23	0.01609	0.02053	0.01221	0.01110	0.01332	0.83132	0.00832	0.01720	0.01221	0.01054	0.00666	0.00777	0.00555	0.00444	0.00388	0.00111	0.00777	0.00277	0.00222	0.00499
24	0.00694	0.00496	0.00694	0.00793	0.00892	0.00496	0.00694	0.00892	0.00992	0.01289	0.02281	0.04859	0.02479	0.01190	0.00595	0.00198	0.00397	0.79275	0.00397	0.00397
25	0.00610	0.00440	0.00576	0.00542	0.00644	0.00406	0.00406	0.00813	0.01219	0.01727	0.81947	0.03218	0.04064	0.00881	0.00508	0.00135	0.00203	0.00779	0.00474	0.00406
26	0.87904	0.00833	0.00633	0.00566	0.00833	0.00966	0.00467	0.01266	0.00733	0.01933	0.00600	0.00700	0.00467	0.00400	0.00267	0.00133	0.00333	0.00233	0.00267	0.00467
27	0.00923	0.00765	0.00896	0.00642	0.01023	0.00576	0.00514	0.01114	0.00903	0.03736	0.00792	0.00910	0.00650	0.00325	0.00322	0.00066	0.00320	0.00260	0.00263	0.84999
28	0.87904	0.00833	0.00633	0.00566	0.00833	0.00966	0.00467	0.01266	0.00733	0.01933	0.00600	0.00700	0.00467	0.00400	0.00267	0.00133	0.00333	0.00233	0.00267	0.00467
29	0.00957	0.29029	0.56644	0.01069	0.01619	0.01228	0.01315	0.01340	0.00898	0.01251	0.00717	0.00839	0.00548	0.00396	0.00366	0.00122	0.00580	0.00290	0.00183	0.00610
30	0.00610	0.00440	0.00576	0.00542	0.00644	0.00406	0.00406	0.00813	0.01219	0.01727	0.81947	0.03218	0.04064	0.00881	0.00508	0.00135	0.00203	0.00779	0.00474	0.00406
31	0.01152	0.85121	0.02257	0.00737	0.01106	0.01704	0.00737	0.01290	0.00875	0.01013	0.00599	0.00691	0.00553	0.00369	0.00276	0.00092	0.00461	0.00230	0.00184	0.00553
32	0.01057	0.45800	0.34620	0.00971	0.01446	0.02988	0.02656	0.03814	0.00935	0.01216	0.00689	0.00801	0.00558	0.00391	0.00342	0.00113	0.00543	0.00277	0.00192	0.00592
33	0.01057	0.57722	0.28823	0.00899	0.01356	0.01472	0.01019	0.01314	0.00887	0.01129	0.00656	0.00763	0.00550	0.00382	0.00320	0.00107	0.00519	0.00259	0.00183	0.00580
34	0.00525	0.00375	0.00500	0.00600	0.00625	0.00350	0.00400	0.00600	0.00825	0.01100	0.02374	0.84580	0.02849	0.01350	0.00550	0.00175	0.00250	0.01225	0.00400	0.00350
35	0.00864	0.02228	0.82630	0.01228	0.01864	0.01000	0.01592	0.01364	0.00909	0.01364	0.00773	0.00909	0.00546	0.00409	0.00409	0.00136	0.00637	0.00318	0.00182	0.00637
36	0.00885	0.00756	0.00884	0.00635	0.01010	0.00569	0.00507	0.01077	0.00903	0.01413	0.03101	0.00960	0.00737	0.00335	0.00324	0.00066	0.00316	0.00270	0.00262	0.84989
37	0.00864	0.02228	0.82630	0.01228	0.01864	0.01000	0.01592	0.01364	0.00909	0.01364	0.00773	0.00909	0.00546	0.00409	0.00409	0.00136	0.00637	0.00318	0.00182	0.00637
38	0.00610	0.00440	0.00576	0.00542	0.00644	0.00406	0.00406	0.00813	0.01219	0.01727	0.81947	0.03218	0.04064	0.00881	0.00508	0.00135	0.00203	0.00779	0.00474	0.00406
39	0.01066	0.01023	0.01748	0.02644	0.82174	0.01023	0.01322	0.01322	0.00981	0.01407	0.00810	0.01066	0.00682	0.00384	0.00426	0.00128	0.00512	0.00384	0.00213	0.00682
40	0.01136	0.80491	0.06747	0.00764	0.01148	0.01665	0.00785	0.01294	0.00877	0.01033	0.00609	0.00703	0.00552	0.00371	0.00284	0.00095	0.00470	0.00235	0.00184	0.00557
41	0.00864	0.02228	0.82630	0.01228	0.01864	0.01000	0.01592	0.01364	0.00909	0.01364	0.00773	0.00909	0.00546	0.00409	0.00409	0.00136	0.00637	0.00318	0.00182	0.00637
42	0.00803	0.00401	0.00401	0.00401	0.00502	0.00401	0.00301	0.01004	0.00903	0.01606	0.01405	0.01606	0.01104	0.00502	0.00301	0.00100	0.00201	0.00401	0.87253	0.00401
43	0.01594	0.01991	0.01226	0.01105	0.01327	0.77775	0.00834	0.04977	0.01241	0.01123	0.00679	0.00791	0.00562	0.00454	0.00415	0.00114	0.02769	0.00284	0.00230	0.00508
44	0.01069	0.00948	0.01056	0.03823	0.01236	0.02399	0.04097	0.02200	0.73864	0.01747	0.01664	0.01559	0.01249	0.00567	0.00440	0.00145	0.00373	0.00481	0.00417	0.00667
45	0.01066	0.01023	0.01748	0.02644	0.82174	0.01023	0.01322	0.01322	0.00981	0.01407	0.00810	0.01066	0.00682	0.00384	0.00426	0.00128	0.00512	0.00384	0.00213	0.00682
46	0.00615	0.00462	0.00692	0.00692	0.00769	0.00538	0.00538	0.00769	0.00692	0.01000	0.01154	0.01692	0.01077	0.03231	0.83154	0.00692	0.01154	0.00462	0.00231	0.00385
47	0.87904	0.00833	0.00633	0.00566	0.00833	0.00966	0.00467	0.01266	0.00733	0.01933	0.00600	0.00700	0.00467	0.00400	0.00267	0.00133	0.00333	0.00233	0.00267	0.00467
48	0.01032	0.50061	0.31074	0.00907	0.01373	0.01381	0.01030	0.01304	0.00889	0.01164	0.00672	0.00782	0.00556	0.00380	0.00327	0.00106	0.00515	0.00264	0.00188	0.05996
49	0.00610	0.00440	0.00576	0.00542	0.00644	0.00406	0.00406	0.00813	0.01219	0.01727	0.81947	0.03218	0.04064	0.00881	0.00508	0.00135	0.00203	0.00779	0.00474	0.00406
50	0.11242	0.00709	0.00742	0.00644	0.00854	0.06127	0.00506	0.03579	0.03824	0.22796	0.24590	0.02379	0.18838	0.00728	0.00448	0.00135	0.00315	0.00597	0.00430	0.00515
51	0.01138	0.01003	0.01335	0.31462	0.18209	0.04540	0.01038	0.20867	0.13027	0.01659	0.00981	0.01156	0.00743	0.00466	0.00429	0.00136	0.00511	0.00395	0.00292	0.00613
52	0.00615	0.00439	0.00571	0.00538	0.00640	0.00406	0.00404	0.00818	0.01211	0.01724	0.79900	0.03177	0.03989	0.00871	0.00503	0.00135	0.00203	0.00769	0.02680	0.00406
53	0.00574	0.00465	0.00556	0.00557	0.00656	0.00448	0.00418	0.00699	0.00980	0.01273	0.21230	0.19896	0.39768	0.01072	0.00589	0.00154	0.06634	0.03251	0.00401	0.00380
54	0.00509	0.00436	0.00436	0.00436	0.00582	0.00364	0.00327	0.00618	0.00982	0.01164	0.04364	0.04146	0.82000	0.01091	0.00509	0.00145	0.00218	0.00909	0.00400	0.00364
55	0.00833	0.00763	0.01041	0.00923	0.00963	0.02924	0.03043	0.00940	0.00707	0.01039	0.00914	0.01568	0.00921	0.14364	0.17162	0.00316	0.44190	0.03703	0.03265	0.00420
56	0.00864	0.02228	0.82630	0.01228	0.01864	0.01000	0.01592	0.01364	0.00909	0.01364	0.00773	0.00909	0.00546	0.00409	0.00409	0.00136	0.00637	0.00318	0.00182	0.00637
57	0.00779	0.00545	0.00737	0.03868	0.00900	0.00531	0.03110	0.04792	0.02721	0.07229	0.26879	0.14798	0.11160	0.02664	0.00553	0.00162	0.00315	0.17399	0.00417	0.00442
58	0.00857	0.00736	0.00896	0.00711	0.00984	0.02306	0.04661	0.01089	0.06166	0.02252	0.01333	0.03041	0.07985	0.10597	0.00631	0.00138	0.02767	0.04895	0.00290	0.47667
59	0.11648	0.17908	0.14324	0.01008	0.02685	0.32604	0.00902	0.01479	0.02640	0.02869	0.00699	0.00822	0.00572	0.00449	0.00446	0.00122	0.07778	0.00287	0.00221	0.00537
60	0.01185	0.06004	0.02649	0.00795	0.02653	0.02689	0.03138	0.03169	0.14285	0.25742	0.30427	0.02017	0.02104	0.00643	0.00452	0.00133	0.00341	0.00548	0.00442	0.00583
61	0.01123	0.07803	0.04025	0.00800	0.01108	0.05385	0.03940	0.05861	0.09408	0.13248	0.10751	0.04250	0.01247	0.00515	0.00413	0.00111	0.01679	0.00423	0.00343	0.27566
62	0.01153	0.00857	0.01030	0.00772	0.01108	0.02192	0.02183	0.10379	0.01062	0.13609	0.00919	0.01002	0.00705	0.00414	0.00448	0.00095	0.07581	0.00313	0.00310	0.53869
63	0.00938	0.22490	0.61360	0.01101	0.01664	0.01174	0.01365	0.01364	0.02477	0.01287	0.00750	0.00870	0.00562	0.00403	0.00377	0.00126	0.00588	0.00300	0.00187	0.00617
64	0.00906	0.13410	0.70008	0.01174	0.01770	0.01098	0.03209	0.01354	0.00907	0.01317	0.00752	0.00885	0.00549	0.00403	0.00393	0.00131	0.00615	0.00311	0.00183	0.00624
65	0.03597	0.00758	0.00989	0.00775	0.01097	0.00692	0.00635	0.02104	0.10665	0.71317	0.01683	0.01467	0.01083	0.00536	0.00430	0.00135	0.00363	0.00435	0.00517	0.00722
66	0.00608	0.00440	0.00573	0.00540	0.00642	0.00406	0.00405	0.00809	0.01215	0.01716	0.80421	0.03236	0.05598	0.00885	0.00508	0.00136	0.00204	0.00782	0.00473	0.00406
67	0.00844	0.00796	0.01347	0.74120	0.12437	0.00965	0.01211	0.01127	0.00876	0.01137	0.00771	0.01139	0.00587	0.00425	0.00430	0.00142	0.00567	0.00383	0.00194	0.00503
68	0.00509	0.00436	0.00436	0.00436	0.00582	0.00364	0.00327	0.00618	0.00982	0.01164	0.04364	0.04146	0.82000	0.01091	0.00509	0.00145	0.00218	0.00909	0.00400	0.00364
69	0.00624	0.00417	0.00470	0.00472	0.00473	0.00416	0.00264	0.00626	0.00630	0.00841	0.01378	0.04489	0.01592	0.83155	0.02159	0.00413	0.00414	0.00639	0.00264	0.00263
70	0.00610	0.00440	0.00576	0.00542	0.00644	0.00406	0.00406	0.00813	0.01219	0.01727	0.81947	0.03218	0.04064	0.00881	0.00508	0.00135	0.00203	0.00779	0.00474	0.00406
71	0.00864	0.02228	0.82630	0.01228	0.01864	0.01000	0.01592	0.01364	0.00909	0.01364	0.00773	0.00909	0.00546	0.00409	0.00409	0.00136	0.00637	0.00318	0.00182	0.00637
72	0.00626	0.00418	0.00470	0.00470	0.00470	0.00418	0.00261	0.00626	0.00626	0.00835	0.01357	0.02819	0.01566	0.84862	0.02192	0.00418	0.00418	0.00626	0.00261	0.00261
73	0.01060	0.01005	0.01637	0.07999	0.64238	0.02276	0.03244	0.04611	0.03829	0.01437	0.00906	0.04164	0.00776	0.00436	0.00433	0.00132	0.00508	0.00420	0.00236	0.00653
74	0.00813	0.00766	0.01292	0.83826	0.02967	0.00957	0.01196	0.01101	0.00861	0.01101	0.00766	0.01148	0.00574	0.00431	0.00431	0.00144	0.00574	0.00383	0.00191	0.00479
75	0.00531	0.00443	0.00466	0.00478	0.00618	0.00379	0.00370	0.00650	0.00983	0.01178	0.04122	0.04228	0.72774	0.01102	0.00519	0.00152	0.00239	0.10001	0.00400	0.00367
76	0.00864	0.02228	0.82630	0.01228	0.01864	0.01000	0.01592	0.01364	0.00909	0.01364	0.00773	0.00909	0.00546	0.00409	0.00409	0.00136	0.00637	0.00318	0.00182	0.00637
77	0.01643	0.01198	0.01288	0.00987	0.01332	0.01324	0.00816	0.79387	0.02012	0.04085	0.01046	0.01042	0.00738	0.00517	0.00431	0.00129	0.00472	0.00389	0.00433	0.00733
78	0.01920	0.00753	0.01012	0.00776	0.01109	0.00662	0.00641	0.05357	0.01266	0.79169	0.01672	0.01448	0.01052	0.00532	0.00433	0.00133	0.00371	0.00431	0.00529	0.00733
79	0.00509	0.00436	0.00436	0.00436	0.00582	0.00364	0.00327	0.00618	0.00982	0.01164	0.04364	0.04146	0.82000	0.01091	0.00509	0.00145	0.00218	0.00909	0.00400	0.00364
80	0.01066	0.01023	0.01748	0.02644	0.82174	0.01023	0.01322	0.01322	0.00981	0.01407	0.00810	0.01066	0.00682	0.00384	0.00426	0.00128	0.00512	0.00384	0.00213	0.00682
81	0.01933	0.00733	0.01000	0.00766	0.01100	0.00633	0.00633	0.02099	0.01233	0.82473	0.01699	0.01466	0.01066	0.00533	0.00433	0.00133	0.00367	0.00433	0.00533	0.00733
82	0.00603	0.00435	0.00570	0.00546	0.00642	0.00402	0.00406	0.00797	0.01189	0.01679	0.75867	0.09435	0.03972	0.00916	0.00511	0.00138	0.00207	0.00813	0.00469	0.00402
83	0.00606	0.00438	0.00573	0.00544	0.00643	0.00404	0.00406	0.00804	0.01203	0.01701	0.78651	0.06588	0.04014	0.00900	0.00510	0.00137	0.00205	0.00797	0.00471	0.00404
84	0.01152	0.85121	0.02257	0.00737	0.01106	0.01704	0.00737	0.01290	0.00875	0.01013	0.00599	0.00691	0.00553	0.00369	0.00276	0.00092	0.00461	0.00230	0.00184	0.00553
85	0.00525	0.00375	0.00500	0.00600	0.00625	0.00350	0.00400	0.00600	0.00825	0.01100	0.02374	0.84580	0.02849	0.01350	0.00550	0.00175	0.00250	0.01225	0.00400	0.00350
86	0.01609	0.02053	0.01221	0.01110	0.01332	0.83132	0.00832	0.01720	0.01221	0.01054	0.00666	0.00777	0.00555	0.00444	0.00388	0.00111	0.00777	0.00277	0.00222	0.00499
87	0.87904	0.00833	0.00633	0.00566	0.00833	0.00966	0.00467	0.01266	0.00733	0.01933	0.00600	0.00700	0.00467	0.00400	0.00267	0.00133	0.00333	0.00233	0.00267	0.00467
88	0.00813	0.00766	0.01292	0.83826	0.02967	0.00957	0.01196	0.01101	0.00861	0.01101	0.00766	0.01148	0.00574	0.00431	0.00431	0.00144	0.00574	0.00383	0.00191	0.00479
89	0.00626	0.00419	0.00474	0.00474	0.00476	0.00420	0.00267	0.00629	0.00628	0.00839	0.01353	0.02795	0.01556	0.83158	0.03882	0.00423	0.00433	0.00623	0.00260	0.00264
