[name]
unknown

[dist]
# distance from previous block
# <min> <max>
0	1

[block]
# block no. 0 follows, 60 sequences, length 12
# corresponding to MSA columns:
# 1-12
name=unknown_A
#
# <colnr> <probs for GDERKNQSTAVLIFYWHMCP>
#	G	D	E	R	K	N	Q	S	T	A	V	L	I	F	Y	W	H	M	C	P
0	0.00853	0.00531	0.00740	0.00800	0.00929	0.00519	0.00695	0.01050	0.01033	0.11017	0.02239	0.04508	0.02338	0.01125	0.00583	0.00193	0.00398	0.69589	0.00418	0.00442
1	0.01819	0.10903	0.04407	0.00791	0.01145	0.00786	0.00692	0.01998	0.01192	0.69287	0.01550	0.01368	0.00996	0.00515	0.00419	0.00130	0.00393	0.00409	0.00483	0.00716
2	0.00981	0.01099	0.02372	0.01718	0.02119	0.01030	0.72557	0.01320	0.01010	0.01369	0.01031	0.09305	0.00879	0.00465	0.00519	0.00150	0.00688	0.00586	0.00239	0.00565
3	0.01544	0.02099	0.10400	0.01137	0.01409	0.73675	0.00929	0.01701	0.01200	0.01103	0.00686	0.00802	0.00561	0.00445	0.00396	0.00115	0.00770	0.00286	0.00220	0.00521
4	0.00751	0.00595	0.00656	0.00613	0.00779	0.00587	0.00479	0.09907	0.10765	0.01535	0.16726	0.03410	0.39950	0.02969	0.00547	0.00156	0.00285	0.08409	0.00422	0.00457
5	0.01618	0.04823	0.01284	0.01091	0.01341	0.67028	0.00837	0.14345	0.01354	0.01335	0.00732	0.00825	0.00591	0.00459	0.00396	0.00115	0.00726	0.00297	0.00257	0.00545
6	0.00969	0.00819	0.00989	0.10048	0.01287	0.00700	0.00626	0.08856	0.01013	0.01516	0.00802	0.00948	0.00648	0.00355	0.00347	0.00080	0.00367	0.00286	0.00268	0.69075
7	0.00793	0.02625	0.14337	0.02184	0.00947	0.00671	0.00662	0.03622	0.00846	0.05460	0.01624	0.14322	0.09221	0.26021	0.07683	0.00278	0.07345	0.00634	0.00295	0.00431
8	0.00979	0.02978	0.01036	0.04313	0.01103	0.00796	0.06846	0.06670	0.10635	0.10559	0.13951	0.06185	0.01577	0.05010	0.17065	0.00269	0.07485	0.00548	0.01477	0.00517
9	0.03005	0.10775	0.18503	0.01064	0.01470	0.01151	0.10473	0.26368	0.03976	0.08846	0.01060	0.01122	0.02854	0.00478	0.00444	0.00130	0.02758	0.00386	0.00319	0.04815
10	0.15349	0.10644	0.11272	0.01089	0.01476	0.01123	0.19790	0.15944	0.05800	0.04594	0.00932	0.01097	0.00716	0.00444	0.00404	0.00130	0.00512	0.02171	0.00291	0.06219
11	0.08528	0.01094	0.04804	0.01188	0.01522	0.01096	0.25892	0.23873	0.10889	0.01873	0.05045	0.03603	0.00974	0.00515	0.00496	0.00141	0.04339	0.00466	0.00329	0.03332

[dist]
# distance from previous block
# <min> <max>
2	7

[block]
# block no. 1 follows, 60 sequences, length 6
# corresponding to MSA columns:
# 20-25
name=unknown_B
#
# <colnr> <probs for GDERKNQSTAVLIFYWHMCP>
#	G	D	E	R	K	N	Q	S	T	A	V	L	I	F	Y	W	H	M	C	P
0	0.01200	0.00996	0.01666	0.02416	0.70836	0.00982	0.01243	0.01447	0.01028	0.12539	0.00944	0.01135	0.00744	0.00409	0.00433	0.00130	0.00498	0.00395	0.00260	0.00698
1	0.03303	0.01089	0.07258	0.06499	0.12772	0.01030	0.26193	0.04189	0.12601	0.11306	0.01066	0.01210	0.00792	0.00463	0.00521	0.00143	0.06201	0.00438	0.00294	0.02630
2	0.13203	0.03667	0.01343	0.06658	0.03635	0.21097	0.11719	0.12528	0.10103	0.08449	0.00968	0.01052	0.00724	0.00458	0.00407	0.00130	0.00550	0.00368	0.00308	0.02634
3	0.01192	0.18626	0.42179	0.01015	0.01511	0.04787	0.01154	0.01523	0.00995	0.17908	0.00934	0.00985	0.00667	0.00429	0.00387	0.00124	0.00545	0.00323	0.00263	0.04455
4	0.05095	0.32570	0.35087	0.00982	0.01432	0.06813	0.01097	0.04039	0.00965	0.01297	0.00816	0.01100	0.00693	0.00459	0.00370	0.00124	0.00552	0.05710	0.00215	0.00582
5	0.17051	0.00977	0.01177	0.07433	0.16477	0.03536	0.02740	0.19053	0.12670	0.04607	0.06615	0.01363	0.01045	0.00520	0.00417	0.00137	0.00440	0.02790	0.00341	0.00612

[dist]
# distance from previous block
# <min> <max>
0	1

[block]
# block no. 2 follows, 60 sequences, length 12
# corresponding to MSA columns:
# 27-37,40
name=unknown_C
#
# <colnr> <probs for GDERKNQSTAVLIFYWHMCP>
#	G	D	E	R	K	N	Q	S	T	A	V	L	I	F	Y	W	H	M	C	P
0	0.05329	0.01181	0.01114	0.03573	0.08625	0.26535	0.05448	0.09613	0.03742	0.01447	0.04978	0.10068	0.07073	0.00638	0.00453	0.00134	0.01790	0.02361	0.05382	0.00517
1	0.00878	0.11516	0.01021	0.01915	0.09154	0.00759	0.00615	0.03609	0.02982	0.06049	0.10962	0.12952	0.14693	0.05104	0.02008	0.00159	0.03887	0.02740	0.00340	0.08657
2	0.01182	0.00936	0.01090	0.11534	0.01380	0.06109	0.03529	0.21986	0.06662	0.08514	0.05440	0.07485	0.04755	0.00577	0.00432	0.00126	0.00431	0.00481	0.00358	0.16992
3	0.01070	0.01089	0.01525	0.03423	0.34902	0.11833	0.13407	0.04725	0.05440	0.01429	0.05230	0.01593	0.11336	0.00528	0.00455	0.00134	0.00525	0.00488	0.00276	0.00593
4	0.01190	0.52999	0.14452	0.00904	0.01279	0.10660	0.00908	0.06040	0.00987	0.01189	0.00665	0.00779	0.00570	0.00420	0.00390	0.00110	0.05409	0.00270	0.00206	0.00573
5	0.08412	0.01694	0.01229	0.01098	0.04079	0.49754	0.00826	0.24758	0.01427	0.01642	0.00783	0.00867	0.00612	0.00466	0.00397	0.00120	0.00652	0.00314	0.00290	0.00579
6	0.01077	0.01164	0.01375	0.01173	0.01233	0.15785	0.04552	0.01188	0.00785	0.01069	0.00605	0.00935	0.00575	0.00690	0.01206	0.00175	0.65361	0.00370	0.00198	0.00487
7	0.01831	0.00800	0.01123	0.01031	0.11559	0.00722	0.00739	0.05336	0.01249	0.68459	0.01576	0.01414	0.01015	0.00520	0.00438	0.00134	0.00395	0.00430	0.00494	0.00736
8	0.00617	0.00446	0.00583	0.00549	0.00652	0.00412	0.00412	0.00823	0.01235	0.01749	0.81722	0.03258	0.04115	0.00892	0.00514	0.00137	0.00206	0.00789	0.00480	0.00412
9	0.01346	0.01014	0.01101	0.00900	0.01184	0.01122	0.00724	0.42370	0.27721	0.04699	0.11719	0.01535	0.01380	0.00594	0.00449	0.00137	0.00397	0.00478	0.00447	0.00682
10	0.01040	0.01019	0.01795	0.02436	0.66850	0.01005	0.11481	0.01304	0.00998	0.01407	0.01041	0.01277	0.05487	0.00428	0.00447	0.00133	0.00529	0.00436	0.00228	0.00658
11	0.00824	0.00775	0.01308	0.83624	0.03004	0.00969	0.01211	0.01114	0.00872	0.01114	0.00775	0.01163	0.00581	0.00436	0.00436	0.00145	0.00581	0.00388	0.00194	0.00484

[dist]
# distance from previous block
# <min> <max>
0	12

[block]
# block no. 3 follows, 60 sequences, length 18
# corresponding to MSA columns:
# 53-70
name=unknown_D
#
# <colnr> <probs for GDERKNQSTAVLIFYWHMCP>
#	G	D	E	R	K	N	Q	S	T	A	V	L	I	F	Y	W	H	M	C	P
0	0.00531	0.00380	0.00506	0.00607	0.00633	0.00354	0.00405	0.00607	0.00835	0.01113	0.02404	0.84388	0.02885	0.01366	0.00557	0.00177	0.00253	0.01240	0.00405	0.00354
1	0.01009	0.01117	0.02241	0.01652	0.01975	0.01165	0.59061	0.01304	0.00932	0.01304	0.00799	0.01117	0.00638	0.00474	0.00761	0.00159	0.23042	0.00479	0.00213	0.00558
2	0.01063	0.01020	0.01741	0.07737	0.77016	0.01032	0.01331	0.01325	0.00986	0.01405	0.00818	0.01085	0.00684	0.00392	0.00432	0.00131	0.00522	0.00389	0.00215	0.00678
3	0.00875	0.02256	0.82413	0.01243	0.01888	0.01013	0.01611	0.01381	0.00921	0.01381	0.00783	0.00921	0.00552	0.00414	0.00414	0.00138	0.00645	0.00322	0.00184	0.00645
4	0.00531	0.00380	0.00506	0.00607	0.00633	0.00354	0.00405	0.00607	0.00835	0.01113	0.02404	0.84388	0.02885	0.01366	0.00557	0.00177	0.00253	0.01240	0.00405	0.00354
5	0.00696	0.00497	0.00695	0.00795	0.00892	0.00496	0.00691	0.00891	0.00997	0.01297	0.02313	0.08185	0.02525	0.01211	0.00601	0.00200	0.00396	0.75821	0.00402	0.00400
6	0.02972	0.01185	0.13492	0.00892	0.02430	0.15098	0.00775	0.10062	0.10761	0.05914	0.24937	0.03821	0.03117	0.02039	0.00480	0.00139	0.00443	0.00523	0.00369	0.00552
7	0.00531	0.00380	0.00506	0.00607	0.00633	0.00354	0.00405	0.00607	0.00835	0.01113	0.02404	0.84388	0.02885	0.01366	0.00557	0.00177	0.00253	0.01240	0.00405	0.00354
8	0.00703	0.00502	0.00703	0.00803	0.00904	0.00502	0.00703	0.00904	0.01004	0.01305	0.02309	0.04920	0.02510	0.01205	0.00602	0.00201	0.00402	0.79016	0.00402	0.00402
9	0.00744	0.00575	0.00787	0.10750	0.01158	0.00609	0.00736	0.01057	0.09462	0.01326	0.02180	0.06054	0.06268	0.01046	0.00560	0.00185	0.00404	0.55279	0.00381	0.00439
10	0.04056	0.01056	0.01058	0.00864	0.01134	0.07809	0.00696	0.39823	0.11517	0.07971	0.01199	0.01222	0.00881	0.00527	0.00429	0.00128	0.02448	0.00397	0.16143	0.00640
11	0.04518	0.00992	0.02631	0.00922	0.01193	0.05789	0.05033	0.09348	0.32135	0.14772	0.03192	0.01454	0.01104	0.00560	0.00493	0.00139	0.05629	0.02142	0.02655	0.05297
12	0.01014	0.41644	0.44240	0.01006	0.01522	0.01352	0.01199	0.01345	0.00904	0.01212	0.00699	0.00815	0.00556	0.00395	0.00350	0.00117	0.00560	0.00280	0.00185	0.00604
13	0.03314	0.01109	0.06816	0.04521	0.65784	0.01042	0.06667	0.01332	0.00975	0.01419	0.00810	0.01066	0.00669	0.00398	0.00452	0.00133	0.02224	0.00389	0.00215	0.00666
14	0.53482	0.01054	0.00885	0.00749	0.01035	0.08093	0.00609	0.22415	0.04871	0.02085	0.00784	0.00848	0.00591	0.00449	0.00333	0.00133	0.00414	0.00294	0.00318	0.00557
15	0.00566	0.00444	0.00512	0.00495	0.00620	0.00390	0.00371	0.00723	0.01113	0.01461	0.42658	0.03733	0.43358	0.00999	0.00515	0.00142	0.00213	0.00855	0.00442	0.00390
16	0.01658	0.01222	0.01309	0.01003	0.01353	0.01353	0.00829	0.80497	0.02051	0.02749	0.01047	0.01047	0.00742	0.00524	0.00436	0.00131	0.00480	0.00393	0.00436	0.00742
17	0.01957	0.00742	0.01012	0.00776	0.01113	0.00641	0.00641	0.02126	0.01248	0.82254	0.01721	0.01484	0.01080	0.00540	0.00439	0.00135	0.00371	0.00439	0.00540	0.00742

[dist]
# distance from previous block
# <min> <max>
0	4

[block]
# block no. 4 follows, 60 sequences, length 57
# corresponding to MSA columns:
# 75-131
name=unknown_E
#
# <colnr> <probs for GDERKNQSTAVLIFYWHMCP>
#	G	D	E	R	K	N	Q	S	T	A	V	L	I	F	Y	W	H	M	C	P
0	0.00634	0.00423	0.00476	0.00476	0.00476	0.00423	0.00264	0.00634	0.00634	0.00846	0.01374	0.02854	0.01586	0.84672	0.02220	0.00423	0.00423	0.00634	0.00264	0.00264
1	0.00904	0.00775	0.00904	0.00646	0.01034	0.00581	0.00517	0.01098	0.00904	0.01421	0.00775	0.00904	0.00646	0.00323	0.00323	0.00065	0.00323	0.00258	0.00258	0.87339
2	0.01013	0.41366	0.44510	0.01008	0.01524	0.01350	0.01202	0.01346	0.00904	0.01213	0.00699	0.00816	0.00556	0.00395	0.00351	0.00117	0.00560	0.00280	0.00185	0.00604
3	0.76093	0.00895	0.00731	0.00632	0.00912	0.01029	0.00521	0.12010	0.00919	0.02064	0.00667	0.00754	0.00509	0.00421	0.00292	0.00134	0.00357	0.00257	0.00292	0.00509
4	0.00904	0.10590	0.74336	0.01193	0.01810	0.01085	0.01524	0.01374	0.00917	0.01345	0.00765	0.00899	0.00553	0.00410	0.00401	0.00134	0.00627	0.00313	0.00184	0.00636
5	0.01631	0.02033	0.01240	0.01117	0.01349	0.78544	0.00842	0.05968	0.01280	0.01158	0.00694	0.00801	0.00571	0.00453	0.00396	0.00113	0.00770	0.00287	0.00236	0.00518
6	0.00534	0.00392	0.00494	0.00575	0.00618	0.00360	0.00387	0.00612	0.00851	0.01112	0.02681	0.67747	0.15537	0.05125	0.00626	0.00184	0.00256	0.01161	0.00398	0.00352
7	0.00634	0.00423	0.00476	0.00476	0.00476	0.00423	0.00264	0.00634	0.00634	0.00846	0.01374	0.02854	0.01586	0.84672	0.02220	0.00423	0.00423	0.00634	0.00264	0.00264
8	0.01079	0.01018	0.01685	0.08908	0.69526	0.01044	0.01283	0.04066	0.04458	0.01463	0.00866	0.01108	0.00711	0.00406	0.00433	0.00132	0.00514	0.00393	0.00231	0.00676
9	0.00758	0.00379	0.00568	0.00568	0.00568	0.00379	0.00379	0.00568	0.00568	0.00758	0.00758	0.01326	0.00758	0.01515	0.01705	0.87311	0.00379	0.00379	0.00189	0.00189
10	0.00551	0.00443	0.00491	0.00479	0.00611	0.00383	0.00359	0.00695	0.01078	0.01378	0.31414	0.03869	0.54655	0.01030	0.00515	0.00144	0.00216	0.00874	0.00431	0.00383
11	0.73055	0.00826	0.00705	0.00608	0.00890	0.00921	0.00501	0.01427	0.00829	0.15713	0.00798	0.00841	0.00576	0.00428	0.00299	0.00135	0.00343	0.00271	0.00316	0.00519
12	0.01085	0.00937	0.00986	0.00888	0.01134	0.01085	0.00690	0.02318	0.81164	0.01824	0.01775	0.01627	0.01331	0.00592	0.00444	0.00148	0.00345	0.00493	0.00444	0.00690
13	0.00523	0.00440	0.00453	0.00455	0.00595	0.00371	0.00339	0.00638	0.01004	0.01213	0.09387	0.07018	0.73875	0.01100	0.00517	0.00148	0.00221	0.00923	0.00410	0.00371
14	0.01270	0.02598	0.02425	0.00872	0.01108	0.14061	0.00703	0.10164	0.25226	0.13636	0.04097	0.01772	0.04069	0.00660	0.00516	0.03118	0.02820	0.07093	0.03198	0.00594
15	0.87753	0.00843	0.00641	0.00574	0.00843	0.00978	0.00472	0.01282	0.00742	0.01957	0.00607	0.00709	0.00472	0.00405	0.00270	0.00135	0.00337	0.00236	0.00270	0.00472
16	0.00929	0.00774	0.00907	0.00649	0.01035	0.00583	0.00520	0.01122	0.00912	0.03285	0.00797	0.00918	0.00656	0.00328	0.00326	0.00066	0.00324	0.00263	0.00265	0.85342
17	0.00989	0.07835	0.08195	0.11947	0.23324	0.00906	0.08578	0.02539	0.01012	0.07721	0.08671	0.09054	0.03832	0.00590	0.00454	0.00139	0.00475	0.02878	0.00291	0.00570
18	0.22886	0.44556	0.06300	0.00792	0.01135	0.11571	0.00744	0.05424	0.00955	0.01373	0.00648	0.00743	0.00547	0.00401	0.00307	0.00111	0.00485	0.00253	0.00225	0.00545
19	0.01104	0.00947	0.00997	0.00892	0.01142	0.01094	0.00695	0.04988	0.78462	0.01856	0.01750	0.01607	0.01311	0.00589	0.00444	0.00147	0.00350	0.00490	0.00444	0.00692
20	0.00648	0.00453	0.00593	0.00554	0.00662	0.00417	0.00417	0.00853	0.01235	0.03623	0.79859	0.03217	0.04045	0.00883	0.00513	0.00137	0.00210	0.00781	0.00481	0.00419
21	0.00623	0.00467	0.00701	0.00701	0.00779	0.00545	0.00545	0.00779	0.00701	0.01012	0.01168	0.01713	0.01090	0.03271	0.82944	0.00701	0.01168	0.00467	0.00234	0.00389
22	0.02649	0.08799	0.33743	0.01038	0.03972	0.00986	0.01073	0.09333	0.04732	0.25511	0.03224	0.01175	0.00859	0.00478	0.00414	0.00133	0.00498	0.00376	0.00336	0.00670
23	0.60612	0.06874	0.03711	0.00756	0.02442	0.07832	0.02901	0.03783	0.04920	0.01791	0.00703	0.00798	0.00549	0.00418	0.00309	0.00131	0.00413	0.00271	0.00269	0.00513
24	0.00725	0.00672	0.01142	0.00986	0.01112	0.00706	0.19527	0.00877	0.00850	0.01164	0.01739	0.43056	0.04668	0.02374	0.04249	0.00197	0.14337	0.00871	0.00316	0.00431
25	0.01062	0.00956	0.01361	0.01772	0.42143	0.01013	0.01001	0.04215	0.31247	0.01645	0.07922	0.01466	0.01219	0.00511	0.00443	0.00137	0.00426	0.00461	0.00331	0.00669
26	0.00626	0.00455	0.00641	0.00641	0.00698	0.00513	0.00470	0.00740	0.00683	0.00968	0.01223	0.02018	0.01222	0.24979	0.61416	0.00627	0.00969	0.00512	0.00242	0.00356
27	0.01035	0.00991	0.01690	0.16798	0.68179	0.01025	0.01316	0.01299	0.00972	0.01371	0.00812	0.01094	0.00672	0.00397	0.00433	0.00132	0.00529	0.00388	0.00212	0.00655
28	0.00535	0.00382	0.00510	0.00611	0.00638	0.00357	0.00411	0.00613	0.00838	0.01117	0.02402	0.82825	0.02877	0.01363	0.00558	0.00178	0.00256	0.02769	0.00405	0.00355
29	0.01453	0.01080	0.01210	0.00960	0.01269	0.01187	0.03685	0.53285	0.17159	0.04878	0.01265	0.03827	0.00951	0.00557	0.00437	0.00135	0.00438	0.00445	0.05082	0.00696
30	0.00548	0.00393	0.00516	0.00604	0.00640	0.00369	0.00413	0.00633	0.00854	0.01133	0.04804	0.69928	0.06219	0.05371	0.00637	0.00188	0.00267	0.05729	0.00400	0.00355
31	0.00960	0.10321	0.57724	0.01274	0.01833	0.04615	0.13098	0.01386	0.00942	0.01329	0.00771	0.00931	0.00570	0.00411	0.00433	0.00135	0.02114	0.00341	0.00192	0.00619
32	0.00634	0.00423	0.00476	0.00476	0.00476	0.00423	0.00264	0.00634	0.00634	0.00846	0.01374	0.02854	0.01586	0.84672	0.02220	0.00423	0.00423	0.00634	0.00264	0.00264
33	0.03592	0.00767	0.00884	0.00647	0.01016	0.00596	0.00515	0.01111	0.02524	0.01435	0.00848	0.03870	0.00734	0.00368	0.00332	0.00072	0.00321	0.00297	0.00268	0.79803
34	0.01312	0.01515	0.01295	0.03775	0.01332	0.42652	0.03718	0.03881	0.01027	0.01146	0.00686	0.00910	0.00595	0.00563	0.00769	0.00143	0.30545	0.00337	0.03294	0.00501
35	0.07099	0.01219	0.01258	0.00976	0.01315	0.04204	0.00803	0.71152	0.01923	0.04216	0.01019	0.01025	0.00725	0.00514	0.00424	0.00131	0.00480	0.00380	0.00420	0.00716
36	0.00623	0.00467	0.00701	0.00701	0.00779	0.00545	0.00545	0.00779	0.00701	0.01012	0.01168	0.01713	0.01090	0.03271	0.82944	0.00701	0.01168	0.00467	0.00234	0.00389
37	0.00904	0.00775	0.00904	0.00646	0.01034	0.00581	0.00517	0.01098	0.00904	0.01421	0.00775	0.00904	0.00646	0.00323	0.00323	0.00065	0.00323	0.00258	0.00258	0.87339
38	0.00624	0.00465	0.00689	0.00689	0.00763	0.00539	0.00530	0.00771	0.00697	0.01004	0.01179	0.01775	0.01117	0.07639	0.78612	0.00686	0.01128	0.00476	0.00235	0.00383
39	0.01610	0.01033	0.01209	0.01029	0.06586	0.01091	0.00787	0.45358	0.08664	0.23073	0.04127	0.01291	0.00997	0.00538	0.00440	0.00134	0.00433	0.00427	0.00451	0.00722
40	0.01637	0.00752	0.00979	0.00736	0.01089	0.00623	0.00603	0.01813	0.01144	0.57655	0.01433	0.01308	0.00948	0.00474	0.00403	0.00114	0.00356	0.00384	0.00454	0.27094
41	0.00904	0.00775	0.00904	0.00646	0.01034	0.00581	0.00517	0.01098	0.00904	0.01421	0.00775	0.00904	0.00646	0.00323	0.00323	0.00065	0.00323	0.00258	0.00258	0.87339
42	0.00742	0.00594	0.00647	0.00616	0.00749	0.04754	0.00463	0.03093	0.08319	0.03413	0.41114	0.12438	0.18466	0.00924	0.00504	0.00144	0.00270	0.01866	0.00440	0.00443
43	0.00617	0.00446	0.00583	0.00549	0.00652	0.00412	0.00412	0.00823	0.01235	0.01749	0.81722	0.03258	0.04115	0.00892	0.00514	0.00137	0.00206	0.00789	0.00480	0.00412
44	0.01004	0.00956	0.01609	0.26524	0.56044	0.01018	0.01280	0.01304	0.03530	0.01346	0.00838	0.01122	0.00679	0.00409	0.00433	0.00135	0.00531	0.00392	0.00217	0.00630
45	0.00634	0.00424	0.00480	0.00479	0.00483	0.00422	0.00271	0.00642	0.00660	0.00884	0.04820	0.02871	0.01694	0.81080	0.02147	0.00411	0.00414	0.00641	0.00274	0.00271
46	0.00883	0.00562	0.00700	0.00694	0.03303	0.00535	0.00502	0.02423	0.09611	0.15019	0.18981	0.23545	0.18497	0.00947	0.00503	0.00151	0.00280	0.01936	0.00442	0.00487
47	0.01127	0.00958	0.01010	0.00896	0.01150	0.01104	0.00700	0.08006	0.75408	0.01892	0.01722	0.01585	0.01288	0.00587	0.00443	0.00147	0.00355	0.00486	0.00443	0.00694
48	0.00991	0.00831	0.00974	0.00745	0.03486	0.00679	0.00575	0.09715	0.01031	0.01565	0.00806	0.00925	0.00658	0.00347	0.00339	0.00074	0.00346	0.00277	0.00276	0.75360
49	0.00787	0.00410	0.00410	0.00410	0.00515	0.00403	0.00307	0.00981	0.00922	0.01586	0.01690	0.01855	0.08303	0.00561	0.00324	0.00106	0.00205	0.00452	0.79371	0.00403
50	0.00634	0.00424	0.00481	0.00481	0.00483	0.00426	0.00271	0.00638	0.00636	0.00849	0.01370	0.02828	0.01574	0.82830	0.04047	0.00429	0.00440	0.00630	0.00264	0.00267
51	0.00954	0.00954	0.01336	0.01145	0.01145	0.01336	0.00954	0.01050	0.00668	0.01050	0.00573	0.00954	0.00573	0.00763	0.01431	0.00191	0.83874	0.00382	0.00191	0.00477
52	0.00904	0.00775	0.00904	0.00646	0.01034	0.00581	0.00517	0.01098	0.00904	0.01421	0.00775	0.00904	0.00646	0.00323	0.00323	0.00065	0.00323	0.00258	0.00258	0.87339
53	0.01629	0.02079	0.01236	0.01124	0.01348	0.82921	0.00843	0.01742	0.01236	0.01067	0.00674	0.00787	0.00562	0.00449	0.00393	0.00112	0.00787	0.00281	0.00225	0.00506
54	0.00602	0.00445	0.00561	0.00532	0.00642	0.00405	0.00399	0.00793	0.01198	0.01661	0.69857	0.03402	0.16034	0.00924	0.00515	0.00139	0.00208	0.00809	0.00469	0.00405
55	0.01166	0.84935	0.02285	0.00746	0.01119	0.01726	0.00746	0.01306	0.00886	0.01026	0.00606	0.00700	0.00560	0.00373	0.00280	0.00093	0.00466	0.00233	0.00187	0.00560
56	0.02094	0.00774	0.00894	0.00815	0.00994	0.04743	0.04850	0.05710	0.26047	0.04138	0.01870	0.29384	0.04837	0.03547	0.00551	0.00161	0.01447	0.02510	0.00389	0.04245

[dist]
# distance from previous block
# <min> <max>
0	1

[block]
# block no. 5 follows, 60 sequences, length 64
# corresponding to MSA columns:
# 133-196
name=unknown_F
#
# <colnr> <probs for GDERKNQSTAVLIFYWHMCP>
#	G	D	E	R	K	N	Q	S	T	A	V	L	I	F	Y	W	H	M	C	P
0	0.06921	0.00880	0.01104	0.00896	0.01130	0.05072	0.11447	0.18620	0.03282	0.09159	0.10597	0.04597	0.01328	0.02922	0.02082	0.00154	0.04084	0.01661	0.13514	0.00550
1	0.87753	0.00843	0.00641	0.00574	0.00843	0.00978	0.00472	0.01282	0.00742	0.01957	0.00607	0.00709	0.00472	0.00405	0.00270	0.00135	0.00337	0.00236	0.00270	0.00472
2	0.01500	0.01650	0.01123	0.01007	0.01227	0.56205	0.00763	0.11025	0.01284	0.06135	0.02323	0.09684	0.00930	0.00569	0.00418	0.00123	0.00645	0.00416	0.02444	0.00528
3	0.00515	0.00442	0.00442	0.00442	0.00589	0.00368	0.00331	0.00626	0.00994	0.01178	0.04418	0.04197	0.81775	0.01105	0.00515	0.00147	0.00221	0.00920	0.00405	0.00368
4	0.00813	0.00407	0.00407	0.00407	0.00508	0.00407	0.00305	0.01016	0.00915	0.01626	0.01423	0.01626	0.01118	0.00508	0.00305	0.00102	0.00203	0.00407	0.87093	0.00407
5	0.00531	0.00380	0.00506	0.00607	0.00633	0.00354	0.00405	0.00607	0.00835	0.01113	0.02404	0.84388	0.02885	0.01366	0.00557	0.00177	0.00253	0.01240	0.00405	0.00354
6	0.01166	0.84935	0.02285	0.00746	0.01119	0.01726	0.00746	0.01306	0.00886	0.01026	0.00606	0.00700	0.00560	0.00373	0.00280	0.00093	0.00466	0.00233	0.00187	0.00560
7	0.00524	0.00444	0.00453	0.00458	0.00603	0.00374	0.00348	0.00638	0.00995	0.01184	0.04326	0.04229	0.78307	0.01109	0.00519	0.00150	0.00229	0.04337	0.00405	0.00370
8	0.00531	0.00380	0.00506	0.00607	0.00633	0.00354	0.00405	0.00607	0.00835	0.01113	0.02404	0.84388	0.02885	0.01366	0.00557	0.00177	0.00253	0.01240	0.00405	0.00354
9	0.01074	0.01031	0.01760	0.04444	0.80229	0.01035	0.01336	0.01334	0.00990	0.01418	0.00819	0.01081	0.00688	0.00390	0.00432	0.00130	0.00520	0.00389	0.00215	0.00686
10	0.01082	0.61188	0.25299	0.00889	0.01340	0.01521	0.00995	0.01328	0.00896	0.01128	0.00657	0.00763	0.00558	0.00385	0.00318	0.00106	0.00518	0.00259	0.00186	0.00584
11	0.01100	0.01075	0.01750	0.02619	0.78949	0.04086	0.01320	0.01354	0.01002	0.01412	0.00815	0.01069	0.00686	0.00391	0.00430	0.00129	0.00528	0.00385	0.00216	0.00684
12	0.00758	0.00379	0.00568	0.00568	0.00568	0.00379	0.00379	0.00568	0.00568	0.00758	0.00758	0.01326	0.00758	0.01515	0.01705	0.87311	0.00379	0.00379	0.00189	0.00189
13	0.01582	0.01184	0.01266	0.00988	0.01323	0.01317	0.00811	0.70096	0.12576	0.02626	0.01144	0.01124	0.00820	0.00533	0.00437	0.00133	0.00462	0.00406	0.00437	0.00735
14	0.01957	0.00742	0.01012	0.00776	0.01113	0.00641	0.00641	0.02126	0.01248	0.82254	0.01721	0.01484	0.01080	0.00540	0.00439	0.00135	0.00371	0.00439	0.00540	0.00742
15	0.00542	0.00388	0.00518	0.00613	0.00645	0.00363	0.00418	0.00629	0.00860	0.01149	0.05870	0.77444	0.02922	0.01339	0.00557	0.00176	0.00257	0.04542	0.00408	0.00359
16	0.00623	0.00467	0.00701	0.00701	0.00779	0.00545	0.00545	0.00779	0.00701	0.01012	0.01168	0.01713	0.01090	0.03271	0.82944	0.00701	0.01168	0.00467	0.00234	0.00389
17	0.01166	0.84935	0.02285	0.00746	0.01119	0.01726	0.00746	0.01306	0.00886	0.01026	0.00606	0.00700	0.00560	0.00373	0.00280	0.00093	0.00466	0.00233	0.00187	0.00560
18	0.00611	0.00446	0.00574	0.00542	0.00648	0.00409	0.00406	0.00810	0.01219	0.01712	0.76697	0.03319	0.09163	0.00905	0.00514	0.00138	0.00207	0.00797	0.00475	0.00409
19	0.00857	0.00798	0.01328	0.77951	0.06332	0.00982	0.01206	0.03253	0.00909	0.01171	0.00784	0.01156	0.00590	0.00436	0.00436	0.00144	0.00576	0.00388	0.00201	0.00500
20	0.01122	0.00929	0.00987	0.00883	0.01133	0.01066	0.00688	0.02309	0.77750	0.05260	0.01773	0.01621	0.01321	0.00589	0.00444	0.00147	0.00346	0.00491	0.00448	0.00693
21	0.00533	0.00442	0.00466	0.00460	0.00600	0.00375	0.00345	0.00659	0.01035	0.01274	0.17410	0.04039	0.68723	0.01069	0.00515	0.00146	0.00218	0.00898	0.00418	0.00375
22	0.00531	0.00380	0.00506	0.00607	0.00633	0.00354	0.00405	0.00607	0.00835	0.01113	0.02404	0.84388	0.02885	0.01366	0.00557	0.00177	0.00253	0.01240	0.00405	0.00354
23	0.00530	0.00386	0.00499	0.00589	0.00628	0.00356	0.00397	0.00609	0.00852	0.01120	0.02621	0.75751	0.11381	0.01338	0.00552	0.00174	0.00250	0.01205	0.00405	0.00356
24	0.01658	0.01222	0.01309	0.01003	0.01353	0.01353	0.00829	0.80497	0.02051	0.02749	0.01047	0.01047	0.00742	0.00524	0.00436	0.00131	0.00480	0.00393	0.00436	0.00742
25	0.00520	0.00437	0.00452	0.00460	0.00595	0.00368	0.00340	0.00631	0.00988	0.01191	0.06775	0.11100	0.72411	0.01120	0.00519	0.00150	0.00223	0.00944	0.00407	0.00368
26	0.01029	0.01176	0.02574	0.01838	0.02279	0.01103	0.80368	0.01397	0.01029	0.01397	0.00882	0.01176	0.00662	0.00368	0.00515	0.00147	0.00735	0.00515	0.00221	0.00588
27	0.01710	0.01139	0.01258	0.00964	0.01311	0.01229	0.00796	0.66931	0.01912	0.16512	0.01164	0.01123	0.00800	0.00526	0.00437	0.00132	0.00461	0.00401	0.00454	0.00742
28	0.00531	0.00380	0.00506	0.00607	0.00633	0.00354	0.00405	0.00607	0.00835	0.01113	0.02404	0.84388	0.02885	0.01366	0.00557	0.00177	0.00253	0.01240	0.00405	0.00354
29	0.00531	0.00380	0.00506	0.00607	0.00633	0.00354	0.00405	0.00607	0.00835	0.01113	0.02404	0.84388	0.02885	0.01366	0.00557	0.00177	0.00253	0.01240	0.00405	0.00354
30	0.55958	0.04002	0.00855	0.00672	0.00965	0.00988	0.00558	0.12375	0.01020	0.16047	0.00878	0.00908	0.00631	0.00446	0.00323	0.00132	0.00365	0.00296	0.02022	0.00559
31	0.00875	0.02256	0.82413	0.01243	0.01888	0.01013	0.01611	0.01381	0.00921	0.01381	0.00783	0.00921	0.00552	0.00414	0.00414	0.00138	0.00645	0.00322	0.00184	0.00645
32	0.00904	0.00775	0.00904	0.00646	0.01034	0.00581	0.00517	0.01098	0.00904	0.01421	0.00775	0.00904	0.00646	0.00323	0.00323	0.00065	0.00323	0.00258	0.00258	0.87339
33	0.01629	0.02079	0.01236	0.01124	0.01348	0.82921	0.00843	0.01742	0.01236	0.01067	0.00674	0.00787	0.00562	0.00449	0.00393	0.00112	0.00787	0.00281	0.00225	0.00506
34	0.01309	0.01529	0.01040	0.00951	0.01164	0.49978	0.00718	0.01667	0.18465	0.01273	0.04484	0.01564	0.12855	0.00593	0.00427	0.00126	0.00586	0.00440	0.00308	0.00522
35	0.01089	0.42069	0.26403	0.02877	0.01489	0.01357	0.07566	0.04311	0.00960	0.04049	0.00776	0.02505	0.00637	0.00424	0.00378	0.00119	0.01861	0.00322	0.00215	0.00594
36	0.01658	0.01222	0.01309	0.01003	0.01353	0.01353	0.00829	0.80497	0.02051	0.02749	0.01047	0.01047	0.00742	0.00524	0.00436	0.00131	0.00480	0.00393	0.00436	0.00742
37	0.00904	0.00775	0.00904	0.00646	0.01034	0.00581	0.00517	0.01098	0.00904	0.01421	0.00775	0.00904	0.00646	0.00323	0.00323	0.00065	0.00323	0.00258	0.00258	0.87339
38	0.00540	0.00386	0.00516	0.00617	0.00647	0.00362	0.00420	0.00623	0.00844	0.01123	0.02399	0.80282	0.02865	0.01358	0.00559	0.00178	0.00261	0.05258	0.00405	0.00357
39	0.01629	0.02079	0.01236	0.01124	0.01348	0.82921	0.00843	0.01742	0.01236	0.01067	0.00674	0.00787	0.00562	0.00449	0.00393	0.00112	0.00787	0.00281	0.00225	0.00506
40	0.04380	0.00813	0.01158	0.00890	0.01196	0.00751	0.13790	0.10477	0.02986	0.17184	0.13830	0.05438	0.03864	0.00565	0.00437	0.00123	0.00395	0.00504	0.00377	0.20840
41	0.00955	0.01019	0.05560	0.01444	0.05135	0.02037	0.43832	0.01290	0.05565	0.03997	0.02268	0.17795	0.01213	0.00623	0.00547	0.00153	0.04122	0.01613	0.00283	0.00549
42	0.01957	0.00742	0.01012	0.00776	0.01113	0.00641	0.00641	0.02126	0.01248	0.82254	0.01721	0.01484	0.01080	0.00540	0.00439	0.00135	0.00371	0.00439	0.00540	0.00742
43	0.01895	0.00842	0.01074	0.00823	0.01163	0.00789	0.00680	0.18394	0.01415	0.65750	0.01581	0.01394	0.01009	0.00536	0.00438	0.00134	0.00394	0.00429	0.00518	0.00742
44	0.00882	0.06171	0.37892	0.01168	0.06163	0.00900	0.08127	0.02549	0.00956	0.02853	0.05236	0.02682	0.01091	0.00875	0.10164	0.00209	0.00627	0.09314	0.01575	0.00564
45	0.00633	0.00480	0.00669	0.00829	0.07386	0.00469	0.00555	0.00794	0.03876	0.01206	0.02230	0.57627	0.02567	0.01223	0.00552	0.00177	0.00310	0.17620	0.00390	0.00404
46	0.00758	0.00379	0.00568	0.00568	0.00568	0.00379	0.00379	0.00568	0.00568	0.00758	0.00758	0.01326	0.00758	0.01515	0.01705	0.87311	0.00379	0.00379	0.00189	0.00189
47	0.01249	0.01143	0.01244	0.03633	0.05937	0.16429	0.06879	0.12480	0.08931	0.07192	0.03292	0.01122	0.00838	0.00468	0.00464	0.00118	0.05166	0.00370	0.00310	0.22735
48	0.01349	0.30035	0.01633	0.05943	0.08825	0.37679	0.00866	0.04495	0.01104	0.01171	0.02759	0.00879	0.00672	0.00431	0.00365	0.00111	0.00614	0.00298	0.00224	0.00547
49	0.01031	0.01141	0.02399	0.01897	0.12590	0.01072	0.66722	0.01377	0.01019	0.01402	0.00870	0.01152	0.00665	0.00368	0.00496	0.00141	0.00690	0.00487	0.00222	0.04259
50	0.01074	0.08575	0.13452	0.00924	0.04960	0.00928	0.00801	0.05058	0.24572	0.09970	0.15820	0.01601	0.01504	0.00557	0.00425	0.00129	0.00391	0.00461	0.00370	0.08427
51	0.04846	0.02839	0.35209	0.02628	0.17447	0.00921	0.06696	0.01398	0.00993	0.12179	0.06577	0.02791	0.00957	0.00527	0.01993	0.00147	0.00544	0.00412	0.00270	0.00625
52	0.00629	0.00462	0.00664	0.00669	0.00736	0.00523	0.00507	0.00762	0.00706	0.01000	0.01261	0.02065	0.01245	0.16469	0.65496	0.00630	0.01007	0.04553	0.00247	0.00370
53	0.01028	0.00983	0.01677	0.19050	0.65983	0.01023	0.01313	0.01293	0.00969	0.01362	0.00811	0.01096	0.00669	0.00398	0.00433	0.00133	0.00531	0.00388	0.00211	0.00649
54	0.01099	0.02603	0.02928	0.09069	0.54869	0.01035	0.06312	0.04813	0.02546	0.04890	0.00917	0.03238	0.00759	0.00442	0.00463	0.00135	0.02565	0.00419	0.00245	0.00654
55	0.00799	0.00698	0.01009	0.05170	0.01079	0.00870	0.03162	0.03568	0.04206	0.01150	0.02387	0.05419	0.01025	0.01913	0.39020	0.00418	0.26931	0.00479	0.00246	0.00451
56	0.00555	0.00398	0.00527	0.00591	0.00638	0.00370	0.00407	0.00667	0.00945	0.01288	0.24208	0.62085	0.03223	0.01236	0.00545	0.00166	0.00240	0.01116	0.00426	0.00370
57	0.00883	0.26250	0.05099	0.04571	0.01078	0.01023	0.00705	0.01195	0.12983	0.01220	0.02665	0.23164	0.01508	0.02270	0.02092	0.00160	0.06098	0.06233	0.00305	0.00499
58	0.01197	0.12865	0.38189	0.01092	0.02895	0.01026	0.06634	0.06377	0.01065	0.19047	0.01099	0.03368	0.02257	0.00478	0.00416	0.00133	0.00536	0.00390	0.00291	0.00644
59	0.00904	0.01241	0.25642	0.00924	0.02700	0.06605	0.00873	0.03112	0.16591	0.01307	0.01275	0.04551	0.01187	0.24340	0.00963	0.00224	0.02044	0.04719	0.00286	0.00514
60	0.00658	0.00515	0.00753	0.00732	0.00800	0.00618	0.00571	0.00802	0.00712	0.01033	0.03752	0.01735	0.01157	0.06493	0.68230	0.00617	0.09712	0.00476	0.00239	0.00394
61	0.01150	0.01396	0.16420	0.07328	0.19672	0.14830	0.02310	0.06580	0.01024	0.03995	0.00781	0.00987	0.00627	0.00490	0.00612	0.00139	0.16681	0.00355	0.00232	0.04389
62	0.01008	0.02800	0.16192	0.13398	0.39478	0.04563	0.05502	0.02765	0.01004	0.01384	0.04392	0.01268	0.00851	0.00452	0.00438	0.00136	0.00554	0.02967	0.00229	0.00617
63	0.01238	0.04789	0.12551	0.03710	0.02794	0.09881	0.00901	0.08876	0.02111	0.16648	0.09506	0.02604	0.01102	0.00602	0.00672	0.00146	0.20542	0.00426	0.00320	0.00580

[dist]
# distance from previous block
# <min> <max>
0	13

# created by:
# /st0/software/busco_prod/Augustus/scripts/msa2prfl.pl ./align_prep/116934.fa
