[name]
unknown

[dist]
# distance from previous block
# <min> <max>
0	63

[block]
# block no. 0 follows, 57 sequences, length 9
# corresponding to MSA columns:
# 93-101
name=unknown_A
#
# <colnr> <probs for GDERKNQSTAVLIFYWHMCP>
#	G	D	E	R	K	N	Q	S	T	A	V	L	I	F	Y	W	H	M	C	P
0	0.15784	0.00808	0.01044	0.32540	0.01765	0.02445	0.00843	0.03297	0.00878	0.01345	0.01002	0.01545	0.02871	0.11742	0.00789	0.00188	0.09986	0.03574	0.00252	0.07301
1	0.04314	0.00589	0.00749	0.00724	0.00855	0.00601	0.00581	0.01108	0.00963	0.15282	0.02047	0.03262	0.09829	0.16638	0.03120	0.00240	0.06958	0.27234	0.04449	0.00458
2	0.00878	0.00737	0.01160	0.00940	0.01140	0.00709	0.18795	0.01119	0.07166	0.04509	0.01431	0.16118	0.01450	0.26192	0.01081	0.00235	0.03329	0.00658	0.00312	0.12039
3	0.00698	0.00492	0.00613	0.00581	0.00706	0.00455	0.00436	0.00923	0.03157	0.01695	0.51806	0.11177	0.03323	0.00878	0.00495	0.00138	0.00237	0.02912	0.12013	0.07264
4	0.01723	0.01269	0.01360	0.01043	0.01405	0.01405	0.00861	0.79738	0.02131	0.02856	0.01088	0.01088	0.00771	0.00544	0.00453	0.00136	0.00499	0.00408	0.00453	0.00771
5	0.38294	0.09364	0.00947	0.00678	0.00964	0.04527	0.00565	0.01574	0.00986	0.24985	0.01084	0.01101	0.00778	0.00475	0.00343	0.00130	0.00376	0.00332	0.11924	0.00574
6	0.00787	0.00399	0.00569	0.00569	0.00580	0.00399	0.00380	0.00641	0.00630	0.00883	0.00887	0.01482	0.00865	0.05261	0.01647	0.73992	0.00377	0.00409	0.09021	0.00223
7	0.01182	0.24917	0.45027	0.01071	0.01605	0.01223	0.01250	0.05206	0.01048	0.12143	0.00906	0.00977	0.00659	0.00441	0.00396	0.00130	0.00572	0.00329	0.00254	0.00663
8	0.01282	0.56301	0.11955	0.00907	0.01314	0.08281	0.00906	0.11913	0.01117	0.01355	0.00720	0.00811	0.00606	0.00420	0.00340	0.00110	0.00537	0.00280	0.00232	0.00613

[dist]
# distance from previous block
# <min> <max>
3	6

[block]
# block no. 1 follows, 57 sequences, length 20
# corresponding to MSA columns:
# 108-110,112-128
name=unknown_B
#
# <colnr> <probs for GDERKNQSTAVLIFYWHMCP>
#	G	D	E	R	K	N	Q	S	T	A	V	L	I	F	Y	W	H	M	C	P
0	0.05292	0.00480	0.00522	0.00515	0.00652	0.00433	0.00386	0.00749	0.01073	0.01430	0.26026	0.08494	0.48252	0.01114	0.02442	0.00165	0.00257	0.00887	0.00431	0.00401
1	0.01047	0.28926	0.46643	0.01048	0.01577	0.01234	0.01248	0.01405	0.00968	0.05664	0.01029	0.01114	0.05340	0.00466	0.00392	0.00129	0.00568	0.00348	0.00226	0.00630
2	0.01105	0.08042	0.34329	0.00991	0.01431	0.00928	0.03243	0.07268	0.01129	0.13912	0.09230	0.02960	0.07666	0.00634	0.02084	0.00149	0.00513	0.00472	0.00326	0.03586
3	0.01092	0.27498	0.31160	0.01021	0.01474	0.01236	0.04627	0.09509	0.02593	0.03435	0.11151	0.01250	0.01106	0.00497	0.00408	0.00129	0.00527	0.00391	0.00274	0.00622
4	0.01035	0.00991	0.02594	0.37620	0.24194	0.04319	0.03719	0.07391	0.04381	0.01428	0.00975	0.05665	0.00814	0.00501	0.00457	0.00144	0.00558	0.00452	0.00254	0.02506
5	0.01537	0.12022	0.03668	0.01093	0.01363	0.55117	0.03050	0.08107	0.01264	0.01298	0.00773	0.00895	0.00633	0.00470	0.00419	0.00119	0.02361	0.00313	0.04946	0.00553
6	0.01153	0.00764	0.00931	0.00698	0.01058	0.00599	0.00556	0.01338	0.01014	0.19366	0.01163	0.07834	0.00962	0.00474	0.00382	0.00093	0.00341	0.00394	0.00346	0.60533
7	0.01044	0.04122	0.06484	0.12289	0.23249	0.03398	0.14144	0.02886	0.06799	0.01385	0.01081	0.01313	0.05085	0.00532	0.00631	0.00151	0.14107	0.00449	0.00248	0.00605
8	0.01265	0.27308	0.31631	0.00971	0.01439	0.01169	0.01069	0.03950	0.01078	0.19412	0.05774	0.01166	0.00927	0.00480	0.00400	0.00128	0.00516	0.00364	0.00302	0.00654
9	0.01340	0.03133	0.04009	0.01057	0.06207	0.12110	0.00821	0.24789	0.08354	0.03986	0.00981	0.01059	0.00757	0.00480	0.00467	0.00119	0.04994	0.00357	0.00333	0.24648
10	0.00925	0.17786	0.01120	0.00708	0.00978	0.06569	0.00577	0.01104	0.02787	0.01296	0.04342	0.15631	0.08744	0.00752	0.02701	0.00131	0.00400	0.02392	0.00307	0.30749
11	0.01181	0.08483	0.35713	0.01109	0.03184	0.02867	0.05717	0.08752	0.01148	0.13920	0.04191	0.01380	0.06380	0.00520	0.00439	0.00136	0.00542	0.00423	0.00307	0.03613
12	0.01059	0.08651	0.01652	0.29981	0.35077	0.03554	0.02679	0.03139	0.03933	0.01355	0.00872	0.01187	0.00714	0.00455	0.00466	0.00140	0.02640	0.01603	0.00230	0.00615
13	0.03443	0.01316	0.26688	0.04061	0.07538	0.00937	0.08125	0.01445	0.01004	0.17043	0.01211	0.04627	0.01002	0.00657	0.01927	0.00167	0.09844	0.08045	0.00304	0.00618
14	0.00644	0.00491	0.00547	0.00539	0.00687	0.00436	0.00412	0.00824	0.03940	0.04354	0.17087	0.07526	0.53682	0.01088	0.00537	0.00156	0.00251	0.05939	0.00440	0.00418
15	0.00552	0.00394	0.00526	0.00631	0.00657	0.00368	0.00421	0.00631	0.00868	0.01157	0.02498	0.83779	0.02997	0.01420	0.00578	0.00184	0.00263	0.01288	0.00421	0.00368
16	0.00972	0.04014	0.11055	0.00814	0.02415	0.05136	0.00674	0.03704	0.06312	0.03865	0.03042	0.01328	0.00882	0.01135	0.01228	0.50390	0.02004	0.00397	0.00246	0.00386
17	0.02033	0.00771	0.01052	0.00806	0.01157	0.00666	0.00666	0.02208	0.01297	0.81562	0.01788	0.01542	0.01122	0.00561	0.00456	0.00140	0.00386	0.00456	0.00561	0.00771
18	0.01816	0.00752	0.00993	0.00777	0.01091	0.00673	0.00636	0.06574	0.01326	0.64896	0.09482	0.01704	0.01412	0.00594	0.00456	0.00138	0.00366	0.00487	0.05109	0.00719
19	0.08326	0.02108	0.60711	0.01229	0.01800	0.09007	0.04266	0.02966	0.02882	0.01492	0.00820	0.00954	0.00595	0.00438	0.00421	0.00141	0.00650	0.00336	0.00216	0.00641

[dist]
# distance from previous block
# <min> <max>
0	2

[block]
# block no. 2 follows, 57 sequences, length 118
# corresponding to MSA columns:
# 131-143,209-286,302-328
name=unknown_C
#
# <colnr> <probs for GDERKNQSTAVLIFYWHMCP>
#	G	D	E	R	K	N	Q	S	T	A	V	L	I	F	Y	W	H	M	C	P
0	0.01209	0.03706	0.30211	0.03129	0.11176	0.27078	0.03336	0.01526	0.02803	0.01295	0.00779	0.00959	0.00618	0.00481	0.00544	0.00140	0.09846	0.00345	0.00217	0.00604
1	0.63099	0.08681	0.00949	0.00749	0.02375	0.15215	0.00599	0.01418	0.00878	0.01775	0.00647	0.00756	0.00519	0.00425	0.00307	0.00132	0.00447	0.00256	0.00263	0.00509
2	0.01125	0.18041	0.19214	0.07884	0.25666	0.11393	0.02432	0.01399	0.00999	0.01293	0.00808	0.02992	0.00684	0.00458	0.00454	0.00132	0.03826	0.00366	0.00214	0.00621
3	0.00704	0.00530	0.00709	0.00741	0.01955	0.00528	0.02535	0.03996	0.03388	0.02855	0.08113	0.51146	0.08698	0.02305	0.00622	0.00179	0.03729	0.06428	0.00412	0.00427
4	0.03748	0.24847	0.31974	0.02460	0.03644	0.07914	0.01132	0.08388	0.03175	0.01458	0.01984	0.01997	0.00714	0.00466	0.00415	0.00129	0.02563	0.00339	0.02035	0.00620
5	0.00964	0.02634	0.14037	0.04957	0.17416	0.01901	0.00946	0.03042	0.15588	0.04209	0.13795	0.07452	0.07710	0.00680	0.00490	0.00147	0.01531	0.01556	0.00349	0.00597
6	0.00623	0.00454	0.00570	0.00577	0.00674	0.00416	0.00419	0.00795	0.02194	0.02588	0.43498	0.26658	0.16660	0.01096	0.00545	0.00156	0.00235	0.00968	0.00464	0.00411
7	0.01056	0.01220	0.14497	0.15863	0.38126	0.02197	0.07672	0.01417	0.04461	0.04063	0.04370	0.01250	0.00866	0.00452	0.00457	0.00141	0.00566	0.00426	0.00249	0.00651
8	0.01159	0.03962	0.32856	0.06208	0.13309	0.05432	0.04756	0.12479	0.02926	0.05789	0.01039	0.02374	0.02276	0.00498	0.00463	0.00142	0.01944	0.01455	0.00274	0.00659
9	0.00569	0.00431	0.00520	0.00577	0.00650	0.00393	0.00400	0.01634	0.00943	0.01214	0.05951	0.51221	0.27654	0.03722	0.01742	0.00187	0.00272	0.01126	0.00417	0.00378
10	0.00592	0.00430	0.00555	0.00613	0.00674	0.00404	0.00428	0.00699	0.00944	0.02333	0.13335	0.56195	0.13730	0.01382	0.04153	0.00198	0.01404	0.01121	0.00422	0.00387
11	0.01177	0.06162	0.15502	0.07060	0.14207	0.03138	0.03004	0.12617	0.09660	0.08266	0.04033	0.04767	0.03200	0.00564	0.00463	0.00141	0.01611	0.01241	0.02541	0.00643
12	0.01006	0.00902	0.03938	0.10602	0.32455	0.00875	0.05334	0.04578	0.04758	0.05998	0.01532	0.18437	0.06243	0.00690	0.00487	0.00150	0.00467	0.00634	0.00314	0.00599
13	0.01333	0.34260	0.01900	0.03630	0.08022	0.24159	0.08085	0.06247	0.01105	0.01261	0.00725	0.00882	0.00616	0.00447	0.00446	0.00121	0.05630	0.00320	0.00227	0.00584
14	0.01063	0.00827	0.01008	0.04994	0.03611	0.01870	0.01571	0.05000	0.03164	0.09357	0.01306	0.01458	0.07543	0.00488	0.00413	0.00101	0.01682	0.02681	0.00321	0.51541
15	0.13587	0.03619	0.15168	0.03725	0.01348	0.07681	0.00894	0.20180	0.10427	0.04435	0.01119	0.05144	0.00907	0.01554	0.00483	0.00146	0.03736	0.01648	0.03582	0.00618
16	0.00692	0.00454	0.00593	0.00652	0.00719	0.00430	0.00453	0.00846	0.04697	0.06951	0.08934	0.67387	0.02894	0.01280	0.00560	0.00176	0.00272	0.01154	0.00439	0.00418
17	0.00624	0.00452	0.00568	0.00568	0.00669	0.00410	0.00415	0.00789	0.01143	0.02841	0.47981	0.22047	0.17668	0.01074	0.00543	0.00154	0.00231	0.00946	0.00468	0.00411
18	0.01193	0.04632	0.14467	0.01208	0.03732	0.15862	0.02077	0.09421	0.03916	0.01373	0.00770	0.01013	0.00655	0.01749	0.00900	0.00164	0.35680	0.00373	0.00241	0.00574
19	0.01415	0.00687	0.00853	0.00702	0.00951	0.00645	0.00563	0.09201	0.03043	0.38107	0.15715	0.02063	0.07659	0.00713	0.01893	0.00146	0.00341	0.00549	0.14136	0.00619
20	0.00969	0.00821	0.01113	0.13755	0.09996	0.00900	0.03672	0.02906	0.27965	0.03820	0.15801	0.02141	0.07326	0.00681	0.00514	0.00152	0.02610	0.03884	0.00385	0.00589
21	0.01211	0.84348	0.02374	0.00775	0.01163	0.01793	0.00775	0.01357	0.00921	0.01066	0.00630	0.00727	0.00582	0.00388	0.00291	0.00097	0.00485	0.00242	0.00194	0.00582
22	0.03060	0.07391	0.03151	0.11055	0.40163	0.08112	0.01159	0.13894	0.01204	0.04232	0.00877	0.01071	0.00696	0.00447	0.00444	0.00134	0.01595	0.00380	0.00268	0.00669
23	0.01206	0.82822	0.03851	0.00785	0.01178	0.01779	0.00792	0.01358	0.00921	0.01073	0.00633	0.00731	0.00581	0.00388	0.00293	0.00098	0.00488	0.00244	0.00194	0.00583
24	0.80486	0.00897	0.00786	0.00740	0.04622	0.01024	0.03126	0.01339	0.00793	0.01989	0.00651	0.00770	0.00508	0.00419	0.00296	0.00140	0.00373	0.00262	0.00276	0.00505
25	0.00647	0.00485	0.00728	0.00728	0.00809	0.00566	0.00566	0.00809	0.00728	0.01052	0.01214	0.01780	0.01133	0.03398	0.82279	0.00728	0.01214	0.00485	0.00243	0.00405
26	0.01184	0.01001	0.01064	0.02117	0.01229	0.01154	0.00740	0.10262	0.71313	0.01983	0.01752	0.01622	0.01310	0.00605	0.00460	0.00152	0.00376	0.00500	0.00457	0.00720
27	0.01030	0.00803	0.00949	0.00682	0.01081	0.00609	0.00548	0.01229	0.00969	0.08115	0.00887	0.00990	0.00709	0.00354	0.00346	0.00073	0.00340	0.00284	0.00293	0.79711
28	0.00552	0.00394	0.00526	0.00631	0.00657	0.00368	0.00421	0.00631	0.00868	0.01157	0.02498	0.83779	0.02997	0.01420	0.00578	0.00184	0.00263	0.01288	0.00421	0.00368
29	0.00991	0.00991	0.01388	0.01190	0.01190	0.01388	0.00991	0.01091	0.00694	0.01091	0.00595	0.00991	0.00595	0.00793	0.01487	0.00198	0.83246	0.00397	0.00198	0.00496
30	0.00887	0.00837	0.01415	0.73647	0.12218	0.01015	0.01274	0.01185	0.00921	0.01195	0.00811	0.01198	0.00617	0.00447	0.00453	0.00149	0.00596	0.00403	0.00204	0.00528
31	0.02024	0.00786	0.01061	0.00813	0.01164	0.00688	0.00672	0.04555	0.01322	0.79180	0.01767	0.01529	0.01111	0.00560	0.00456	0.00140	0.00389	0.00454	0.00558	0.00771
32	0.01072	0.00499	0.00551	0.00501	0.00655	0.00483	0.00388	0.02600	0.01032	0.15976	0.01527	0.01653	0.01148	0.00534	0.00344	0.00112	0.00247	0.00428	0.69759	0.00491
33	0.00679	0.00509	0.00747	0.00738	0.00827	0.00591	0.00575	0.03146	0.00770	0.01105	0.01210	0.01760	0.01122	0.03314	0.79857	0.00711	0.01193	0.00483	0.00249	0.00415
34	0.32415	0.01471	0.01065	0.00925	0.01202	0.33983	0.00726	0.16379	0.03603	0.03209	0.00802	0.00878	0.00619	0.00471	0.00373	0.00130	0.00568	0.00306	0.00304	0.00569
35	0.07577	0.05900	0.01292	0.01110	0.01354	0.72900	0.00844	0.01755	0.01232	0.01171	0.00692	0.00807	0.00577	0.00460	0.00394	0.00117	0.00769	0.00286	0.00235	0.00526
36	0.01076	0.01131	0.01318	0.01177	0.03803	0.14763	0.03228	0.01180	0.00811	0.01092	0.00729	0.01207	0.00724	0.10563	0.01342	0.00210	0.54533	0.00414	0.00215	0.00485
37	0.00777	0.00645	0.03266	0.02832	0.03266	0.00595	0.00565	0.03152	0.10109	0.03723	0.32496	0.11163	0.15407	0.01023	0.04956	0.00178	0.00344	0.00754	0.00425	0.04323
38	0.01183	0.24023	0.37244	0.01161	0.05672	0.08865	0.01209	0.04639	0.01047	0.06585	0.00827	0.00934	0.00630	0.00438	0.00409	0.00127	0.01902	0.00320	0.00234	0.02552
39	0.00729	0.00498	0.00598	0.00585	0.00726	0.00450	0.00451	0.00914	0.02876	0.07851	0.27489	0.10233	0.32969	0.01043	0.00537	0.00156	0.00263	0.09245	0.01949	0.00438
40	0.01017	0.00548	0.00709	0.00622	0.00803	0.00487	0.00483	0.01203	0.01242	0.24206	0.46189	0.04726	0.14210	0.00865	0.00513	0.00144	0.00266	0.00746	0.00504	0.00517
41	0.01118	0.06152	0.29901	0.03471	0.24722	0.02797	0.06904	0.09192	0.01118	0.04283	0.00970	0.03605	0.00787	0.00484	0.00448	0.00141	0.00585	0.02401	0.00256	0.00666
42	0.00630	0.00471	0.00643	0.00663	0.00718	0.00508	0.00481	0.00742	0.00799	0.01105	0.05730	0.25223	0.06059	0.14391	0.35941	0.00452	0.03974	0.00775	0.00318	0.00379
43	0.00552	0.00394	0.00526	0.00631	0.00657	0.00368	0.00421	0.00631	0.00868	0.01157	0.02498	0.83779	0.02997	0.01420	0.00578	0.00184	0.00263	0.01288	0.00421	0.00368
44	0.00553	0.00403	0.00521	0.00611	0.00653	0.00372	0.00413	0.00640	0.00898	0.01185	0.05289	0.72891	0.11151	0.01375	0.00572	0.00179	0.00258	0.01238	0.00423	0.00372
45	0.01126	0.01381	0.20541	0.06598	0.13002	0.02871	0.19810	0.14414	0.02693	0.03413	0.01065	0.08031	0.00886	0.00530	0.00489	0.00147	0.01583	0.00494	0.00283	0.00642
46	0.01150	0.00942	0.02644	0.02534	0.05020	0.12633	0.02652	0.04994	0.02068	0.13876	0.08447	0.03151	0.03909	0.02949	0.17255	0.02585	0.07539	0.02874	0.02246	0.00529
47	0.70109	0.00934	0.00885	0.00925	0.10996	0.02437	0.01902	0.01340	0.00814	0.01900	0.00663	0.00804	0.00528	0.00434	0.00357	0.00142	0.03762	0.00277	0.00268	0.00522
48	0.02025	0.00784	0.01059	0.00812	0.01163	0.00685	0.00671	0.04197	0.01318	0.79544	0.01770	0.01531	0.01113	0.00560	0.00456	0.00140	0.00388	0.00454	0.00558	0.00771
49	0.01297	0.26257	0.01818	0.07496	0.26397	0.25265	0.02714	0.01489	0.01065	0.01223	0.00739	0.00922	0.00629	0.00421	0.00392	0.00120	0.00614	0.00325	0.00216	0.00602
50	0.00728	0.00622	0.00735	0.00643	0.00831	0.00583	0.00501	0.00907	0.03114	0.01372	0.13415	0.08094	0.31837	0.00869	0.00595	0.00137	0.09828	0.01815	0.00367	0.23007
51	0.04632	0.33670	0.01717	0.00969	0.01295	0.26047	0.02909	0.13724	0.01242	0.07397	0.00816	0.00889	0.00651	0.00456	0.00389	0.00117	0.01888	0.00309	0.00278	0.00604
52	0.01852	0.00817	0.01112	0.00974	0.07348	0.00746	0.00733	0.07297	0.02962	0.64263	0.01703	0.03353	0.01157	0.00588	0.00463	0.00143	0.00403	0.02821	0.00518	0.00747
53	0.03144	0.01076	0.06793	0.20371	0.42053	0.01049	0.06022	0.02956	0.06493	0.01462	0.00965	0.03876	0.00797	0.00466	0.00455	0.00143	0.00548	0.00440	0.00246	0.00644
54	0.01139	0.00979	0.01031	0.00925	0.01183	0.01133	0.00720	0.03990	0.78828	0.01915	0.01829	0.01678	0.01371	0.00613	0.00461	0.00153	0.00361	0.00510	0.00461	0.00718
55	0.00963	0.07183	0.28821	0.01153	0.02896	0.07344	0.13969	0.01282	0.01044	0.03505	0.06495	0.04051	0.11301	0.00645	0.00478	0.00147	0.00557	0.07317	0.00285	0.00565
56	0.00901	0.39651	0.01441	0.00740	0.00955	0.01075	0.00652	0.01042	0.00927	0.01160	0.03220	0.24076	0.01722	0.01003	0.04896	0.00177	0.00446	0.15132	0.00306	0.00480
57	0.44475	0.06317	0.11544	0.01104	0.09961	0.04687	0.08511	0.01358	0.00886	0.01688	0.00767	0.03457	0.00636	0.00456	0.00388	0.00140	0.02478	0.00340	0.00253	0.00554
58	0.00787	0.00394	0.00590	0.00590	0.00590	0.00394	0.00394	0.00590	0.00590	0.00787	0.00787	0.01377	0.00787	0.01574	0.01771	0.86816	0.00394	0.00394	0.00197	0.00197
59	0.01081	0.01216	0.09666	0.01387	0.01771	0.01128	0.35017	0.01898	0.38214	0.01658	0.01341	0.01415	0.01002	0.00496	0.00490	0.00152	0.00565	0.00505	0.00334	0.00667
60	0.01000	0.00808	0.00947	0.00684	0.01081	0.00620	0.00548	0.01226	0.02875	0.05577	0.00881	0.00989	0.00711	0.00354	0.00345	0.00073	0.00339	0.00284	0.00288	0.80372
61	0.00552	0.00394	0.00526	0.00631	0.00657	0.00368	0.00421	0.00631	0.00868	0.01157	0.02498	0.83779	0.02997	0.01420	0.00578	0.00184	0.00263	0.01288	0.00421	0.00368
62	0.00991	0.00991	0.01388	0.01190	0.01190	0.01388	0.00991	0.01091	0.00694	0.01091	0.00595	0.00991	0.00595	0.00793	0.01487	0.00198	0.83246	0.00397	0.00198	0.00496
63	0.01683	0.01231	0.01318	0.01015	0.01366	0.01361	0.00837	0.76214	0.02078	0.02804	0.01105	0.01115	0.00788	0.00543	0.00447	0.00135	0.00486	0.00409	0.04311	0.00755
64	0.01895	0.00731	0.00978	0.00762	0.01084	0.00638	0.00625	0.02074	0.01257	0.72273	0.01752	0.01559	0.01126	0.00557	0.00440	0.00136	0.00365	0.00452	0.10566	0.00731
65	0.00915	0.00490	0.00497	0.00472	0.00598	0.00501	0.00360	0.07357	0.01045	0.01783	0.01447	0.01641	0.01130	0.00529	0.00328	0.00108	0.00234	0.00421	0.79693	0.00450
66	0.01112	0.01074	0.01407	0.05655	0.32577	0.13179	0.06216	0.01335	0.01010	0.01413	0.00950	0.01205	0.00780	0.00486	0.00531	0.00134	0.09539	0.00399	0.20419	0.00578
67	0.00787	0.00394	0.00590	0.00590	0.00590	0.00394	0.00394	0.00590	0.00590	0.00787	0.00787	0.01377	0.00787	0.01574	0.01771	0.86816	0.00394	0.00394	0.00197	0.00197
68	0.04502	0.02035	0.01271	0.01137	0.01384	0.72059	0.00862	0.09055	0.01346	0.01302	0.00734	0.00840	0.00598	0.00473	0.00409	0.00119	0.00772	0.00301	0.00255	0.00547
69	0.01599	0.01958	0.01336	0.01183	0.01403	0.66904	0.02973	0.05660	0.01255	0.01204	0.00714	0.00861	0.00597	0.00505	0.00536	0.00128	0.10091	0.00316	0.00241	0.00537
70	0.01121	0.00632	0.00841	0.00801	0.04722	0.00610	0.00588	0.01401	0.08624	0.25956	0.21506	0.08676	0.08171	0.01188	0.12808	0.00235	0.00451	0.00656	0.00450	0.00562
71	0.04634	0.19138	0.32531	0.05063	0.09015	0.05793	0.07226	0.01391	0.00984	0.02707	0.03746	0.02472	0.00783	0.00463	0.00433	0.00134	0.02279	0.00372	0.00226	0.00612
72	0.00931	0.00542	0.00571	0.00532	0.00675	0.00550	0.00407	0.10343	0.02487	0.03432	0.04503	0.06343	0.07439	0.00642	0.00377	0.00120	0.00256	0.00525	0.58856	0.00470
73	0.01665	0.00691	0.00928	0.00739	0.01028	0.00602	0.00600	0.01845	0.01281	0.60707	0.18878	0.02069	0.05563	0.00667	0.00476	0.00141	0.00341	0.00557	0.00541	0.00679
74	0.01614	0.02035	0.12014	0.00931	0.01295	0.03198	0.04634	0.06715	0.01248	0.48187	0.03064	0.04015	0.04766	0.00606	0.00480	0.00144	0.01614	0.02293	0.00454	0.00693
75	0.00744	0.00582	0.00855	0.14131	0.07751	0.00586	0.02348	0.00935	0.02054	0.04360	0.17543	0.29151	0.12554	0.00978	0.00528	0.00161	0.00349	0.03545	0.00386	0.00459
76	0.00565	0.00405	0.00539	0.00642	0.00677	0.00379	0.00441	0.00653	0.00883	0.01172	0.02530	0.76623	0.04440	0.01402	0.00581	0.00185	0.00273	0.06816	0.00420	0.00372
77	0.00553	0.00419	0.00511	0.00574	0.00645	0.00376	0.00398	0.00652	0.00946	0.01222	0.08400	0.54190	0.26870	0.01304	0.00562	0.00172	0.00249	0.01156	0.00426	0.00376
78	0.02685	0.01187	0.09511	0.01273	0.01688	0.03157	0.27965	0.12173	0.02275	0.31485	0.01256	0.01286	0.00853	0.00481	0.00477	0.00144	0.00569	0.00458	0.00383	0.00695
79	0.01295	0.01220	0.04253	0.01095	0.02900	0.19654	0.01961	0.04080	0.00996	0.13744	0.00932	0.01202	0.00778	0.04541	0.08177	0.00222	0.31719	0.00401	0.00280	0.00550
80	0.84671	0.03403	0.00718	0.00601	0.00885	0.01040	0.00499	0.01333	0.00776	0.02004	0.00631	0.00736	0.00493	0.00420	0.00281	0.00139	0.00355	0.00245	0.00278	0.00493
81	0.01963	0.00782	0.01048	0.00810	0.01152	0.00693	0.00667	0.04378	0.03429	0.75076	0.03885	0.01583	0.01203	0.00572	0.00458	0.00141	0.00383	0.00466	0.00553	0.00761
82	0.01244	0.78818	0.02301	0.00802	0.01179	0.07206	0.00782	0.01387	0.00945	0.01069	0.00635	0.00733	0.00582	0.00393	0.00299	0.00098	0.00507	0.00246	0.00197	0.00578
83	0.00663	0.00530	0.00620	0.00550	0.00733	0.00447	0.00419	0.00839	0.01125	0.01536	0.37606	0.03248	0.31121	0.00888	0.00495	0.00131	0.00244	0.00759	0.00425	0.17622
84	0.04915	0.01963	0.01241	0.01115	0.01355	0.70010	0.00845	0.01817	0.02600	0.07190	0.00797	0.00887	0.00634	0.00482	0.00431	0.00122	0.02482	0.00308	0.00263	0.00545
85	0.02033	0.00771	0.01052	0.00806	0.01157	0.00666	0.00666	0.02208	0.01297	0.81562	0.01788	0.01542	0.01122	0.00561	0.00456	0.00140	0.00386	0.00456	0.00561	0.00771
86	0.00965	0.02226	0.04871	0.07255	0.21678	0.00837	0.08928	0.02834	0.07125	0.05586	0.07153	0.18688	0.04529	0.00707	0.00487	0.00148	0.00447	0.00651	0.00331	0.04556
87	0.01631	0.01224	0.01308	0.01024	0.01370	0.01362	0.00839	0.67839	0.14178	0.02708	0.01204	0.01181	0.00865	0.00555	0.00454	0.00139	0.00477	0.00424	0.00454	0.00762
88	0.01135	0.19344	0.24209	0.01629	0.26008	0.11284	0.04095	0.01428	0.01010	0.01318	0.00809	0.02785	0.00679	0.00444	0.00429	0.00130	0.02053	0.00360	0.00214	0.00636
89	0.87276	0.00876	0.00666	0.00596	0.00876	0.01017	0.00491	0.01332	0.00771	0.02033	0.00631	0.00736	0.00491	0.00421	0.00280	0.00140	0.00351	0.00245	0.00280	0.00491
90	0.33267	0.28974	0.07547	0.00974	0.08461	0.02348	0.03355	0.02768	0.00932	0.04959	0.02376	0.00896	0.00665	0.00427	0.00336	0.00126	0.00458	0.00299	0.00257	0.00575
91	0.00988	0.01093	0.02315	0.01679	0.02080	0.01021	0.66344	0.01331	0.01076	0.01451	0.06564	0.03804	0.06944	0.00503	0.00536	0.00153	0.00674	0.00605	0.00266	0.00575
92	0.01174	0.00997	0.01051	0.00932	0.01196	0.01149	0.00729	0.08459	0.74303	0.01971	0.01785	0.01643	0.01335	0.00609	0.00460	0.00152	0.00370	0.00504	0.00460	0.00721
93	0.00995	0.00804	0.00945	0.00678	0.01078	0.00607	0.00543	0.01195	0.00958	0.05529	0.00855	0.00970	0.00694	0.00347	0.00342	0.00071	0.00338	0.00278	0.00283	0.82490
94	0.00562	0.00402	0.00532	0.00633	0.00664	0.00376	0.00429	0.00645	0.00873	0.01159	0.02502	0.77187	0.04262	0.03428	0.00622	0.00191	0.00273	0.04474	0.00417	0.00368
95	0.00991	0.00991	0.01388	0.01190	0.01190	0.01388	0.00991	0.01091	0.00694	0.01091	0.00595	0.00991	0.00595	0.00793	0.01487	0.00198	0.83246	0.00397	0.00198	0.00496
96	0.00560	0.00420	0.00520	0.00580	0.00649	0.00380	0.00402	0.00665	0.00964	0.01260	0.13344	0.53295	0.22742	0.01287	0.00562	0.00171	0.00248	0.01143	0.00431	0.00380
97	0.01572	0.00724	0.00938	0.00765	0.01043	0.00671	0.00615	0.01905	0.12134	0.51483	0.18827	0.03066	0.02862	0.00665	0.00476	0.00143	0.00341	0.00559	0.00530	0.00680
98	0.01773	0.00887	0.01083	0.00849	0.01174	0.00870	0.00695	0.22493	0.06885	0.48263	0.05563	0.01531	0.01207	0.00577	0.00454	0.00139	0.00398	0.00464	0.03959	0.00736
99	0.07839	0.01045	0.03250	0.00902	0.01222	0.04177	0.00748	0.23379	0.16929	0.29342	0.01421	0.01337	0.00986	0.00553	0.00458	0.00141	0.02123	0.00427	0.03008	0.00712
100	0.01097	0.00937	0.01050	0.00950	0.03679	0.07716	0.00732	0.20429	0.01306	0.02989	0.20391	0.07317	0.07133	0.00803	0.00707	0.00156	0.17804	0.03881	0.00381	0.00542
101	0.11467	0.01164	0.01241	0.00996	0.03070	0.01275	0.00800	0.60562	0.03601	0.04734	0.03173	0.01130	0.00850	0.00532	0.00432	0.00135	0.00464	0.00399	0.00427	0.03550
102	0.04107	0.05263	0.03460	0.01103	0.02838	0.15722	0.02114	0.04827	0.03369	0.11032	0.00871	0.01074	0.00714	0.00718	0.03621	0.00179	0.36403	0.00381	0.01640	0.00564
103	0.06109	0.01111	0.00927	0.02324	0.01060	0.22113	0.00633	0.16784	0.01294	0.10001	0.01171	0.01267	0.00882	0.00511	0.00382	0.00121	0.00459	0.00379	0.31914	0.00559
104	0.03224	0.02597	0.01355	0.22799	0.20648	0.01054	0.01024	0.19479	0.01198	0.02895	0.02632	0.01276	0.00836	0.00955	0.13640	0.00236	0.02844	0.00420	0.00286	0.00604
105	0.03865	0.17189	0.08005	0.04208	0.04026	0.12951	0.02446	0.21997	0.01300	0.01708	0.00830	0.00938	0.00654	0.00437	0.00387	0.00114	0.00530	0.00323	0.00287	0.17806
106	0.01137	0.00776	0.00879	0.00792	0.01013	0.00824	0.00614	0.04862	0.38393	0.15271	0.05144	0.13348	0.08305	0.00779	0.00482	0.00153	0.00334	0.02119	0.04151	0.00623
107	0.00743	0.00466	0.00607	0.00643	0.00730	0.00431	0.00460	0.02003	0.01000	0.09602	0.12625	0.53670	0.08183	0.02341	0.00581	0.00176	0.00280	0.04590	0.00444	0.00425
108	0.00926	0.01067	0.09986	0.01366	0.05171	0.00913	0.33723	0.01375	0.12196	0.01510	0.10673	0.12663	0.02944	0.00659	0.00518	0.00156	0.00538	0.02720	0.00323	0.00574
109	0.00689	0.00500	0.00617	0.00648	0.00743	0.00487	0.00468	0.00945	0.10304	0.03808	0.16735	0.43079	0.11540	0.02750	0.00584	0.00174	0.00276	0.04778	0.00441	0.00434
110	0.00557	0.00396	0.00524	0.00625	0.00650	0.00371	0.00414	0.00632	0.00858	0.01144	0.02450	0.80188	0.02937	0.05093	0.00655	0.00195	0.00271	0.01260	0.00414	0.00364
111	0.00570	0.00404	0.00530	0.00624	0.00650	0.00381	0.00416	0.00645	0.00852	0.01134	0.02380	0.72280	0.02839	0.10252	0.00765	0.00212	0.00287	0.04015	0.00405	0.00360
112	0.00739	0.00515	0.00671	0.00737	0.00830	0.00509	0.00579	0.04551	0.03123	0.03319	0.02375	0.39168	0.04322	0.01237	0.00578	0.00187	0.00341	0.33066	0.02721	0.00428
113	0.01159	0.11740	0.01550	0.13478	0.01581	0.17505	0.04813	0.03037	0.00922	0.01158	0.00679	0.00969	0.00601	0.00600	0.00896	0.00158	0.38053	0.00364	0.00212	0.00525
114	0.03170	0.05857	0.15101	0.06917	0.01379	0.00822	0.00816	0.03777	0.00966	0.01462	0.00848	0.03155	0.00709	0.00447	0.01418	0.00106	0.01716	0.00324	0.00255	0.50755
115	0.06247	0.36421	0.11400	0.06080	0.05696	0.12327	0.00909	0.01334	0.00942	0.01197	0.00773	0.00991	0.00673	0.02170	0.10908	0.00200	0.00648	0.00317	0.00214	0.00554
116	0.00756	0.00604	0.00662	0.00645	0.00803	0.00611	0.00484	0.01221	0.24491	0.02736	0.09069	0.17924	0.33017	0.00999	0.00516	0.00157	0.00277	0.01886	0.02651	0.00490
117	0.01212	0.18207	0.02953	0.02798	0.13314	0.27329	0.06399	0.01425	0.02826	0.01307	0.11947	0.01462	0.05893	0.00541	0.00427	0.00126	0.00571	0.00435	0.00275	0.00556

[dist]
# distance from previous block
# <min> <max>
3	5

[block]
# block no. 3 follows, 57 sequences, length 30
# corresponding to MSA columns:
# 336-351,354-367
name=unknown_D
#
# <colnr> <probs for GDERKNQSTAVLIFYWHMCP>
#	G	D	E	R	K	N	Q	S	T	A	V	L	I	F	Y	W	H	M	C	P
0	0.00894	0.00827	0.05577	0.04294	0.17982	0.00726	0.05998	0.01184	0.05673	0.04802	0.18950	0.16199	0.04040	0.00729	0.00486	0.00142	0.00396	0.00663	0.00354	0.10084
1	0.01644	0.10644	0.01400	0.01123	0.01376	0.71239	0.00865	0.04348	0.01275	0.01163	0.00706	0.00817	0.00590	0.00461	0.00398	0.00115	0.00772	0.00291	0.00237	0.00539
2	0.08037	0.03215	0.03950	0.03321	0.05995	0.35016	0.00884	0.23731	0.06178	0.01765	0.02264	0.01052	0.01633	0.00502	0.00420	0.00129	0.00615	0.00360	0.00316	0.00617
3	0.01705	0.01255	0.01301	0.01019	0.01365	0.06281	0.00833	0.61847	0.07900	0.10064	0.01187	0.01159	0.00838	0.00546	0.00451	0.00137	0.00497	0.00413	0.00450	0.00752
4	0.45610	0.10298	0.10910	0.00960	0.05904	0.11363	0.02756	0.01403	0.00894	0.01650	0.00680	0.00818	0.00545	0.00439	0.00386	0.00136	0.04175	0.00285	0.00246	0.00543
5	0.01047	0.35563	0.47956	0.01080	0.01627	0.02990	0.01294	0.01411	0.00949	0.01279	0.00737	0.00861	0.00577	0.00414	0.00373	0.00124	0.00598	0.00296	0.00193	0.00631
6	0.01138	0.00973	0.01068	0.01028	0.06232	0.01926	0.00753	0.08693	0.61485	0.01886	0.01808	0.05132	0.03260	0.00651	0.00468	0.00153	0.00380	0.01835	0.00440	0.00692
7	0.01659	0.00799	0.01025	0.00769	0.01137	0.00670	0.00630	0.04429	0.01206	0.52318	0.01438	0.01327	0.00960	0.00485	0.00416	0.00116	0.00373	0.00392	0.00460	0.29393
8	0.02688	0.04323	0.28730	0.04959	0.05604	0.00868	0.02831	0.03079	0.00995	0.15188	0.02758	0.05384	0.01052	0.06103	0.10849	0.00237	0.01310	0.02149	0.00299	0.00592
9	0.01116	0.37620	0.08806	0.01248	0.03052	0.02809	0.28385	0.01382	0.01013	0.02678	0.05255	0.01188	0.00880	0.00443	0.00416	0.00127	0.00586	0.02167	0.00236	0.00592
10	0.00541	0.00444	0.00477	0.00502	0.00624	0.00380	0.00364	0.00649	0.00998	0.01219	0.05487	0.23062	0.61268	0.01208	0.00546	0.00160	0.00237	0.01032	0.00422	0.00380
11	0.01986	0.00782	0.01050	0.00812	0.01158	0.00690	0.00669	0.02219	0.05420	0.77411	0.01791	0.01550	0.01135	0.00564	0.00456	0.00141	0.00384	0.00459	0.00556	0.00768
12	0.00989	0.00917	0.01484	0.37276	0.27762	0.01021	0.04387	0.05368	0.05463	0.01404	0.01075	0.05534	0.02820	0.00521	0.00483	0.00148	0.02028	0.00474	0.00254	0.00592
13	0.08472	0.00840	0.01313	0.69858	0.05185	0.01027	0.01178	0.04549	0.00951	0.01317	0.00804	0.01159	0.00605	0.00453	0.00438	0.00149	0.00575	0.00389	0.00220	0.00520
14	0.01281	0.01016	0.01182	0.01088	0.07101	0.01163	0.00815	0.25700	0.30219	0.03873	0.01358	0.01448	0.01048	0.00608	0.00585	0.00150	0.11317	0.02254	0.07118	0.00676
15	0.62783	0.00967	0.00840	0.00715	0.01011	0.01107	0.00586	0.18083	0.06886	0.02198	0.00817	0.00881	0.00616	0.00461	0.00330	0.00140	0.00383	0.00299	0.00330	0.00567
16	0.00893	0.02419	0.01200	0.04380	0.30229	0.02673	0.02740	0.01149	0.05135	0.01360	0.01920	0.09726	0.16154	0.02451	0.02709	0.00169	0.00452	0.08549	0.00314	0.05380
17	0.01034	0.00921	0.00953	0.00873	0.01026	0.14224	0.00681	0.09395	0.07924	0.03727	0.01159	0.01516	0.01007	0.03898	0.44474	0.00462	0.05486	0.00446	0.00290	0.00503
18	0.06617	0.08501	0.03667	0.02189	0.00994	0.03018	0.00652	0.09449	0.00957	0.04884	0.02941	0.03205	0.01100	0.10455	0.35995	0.00423	0.03718	0.00464	0.00286	0.00485
19	0.03931	0.00957	0.01034	0.05145	0.05710	0.08699	0.00669	0.06442	0.01056	0.02906	0.02617	0.01155	0.02606	0.02068	0.00431	0.00103	0.01898	0.00338	0.02579	0.49656
20	0.00586	0.00435	0.00549	0.00622	0.00692	0.00402	0.00453	0.00699	0.00948	0.01231	0.06841	0.47033	0.19853	0.03505	0.00621	0.00186	0.00284	0.14259	0.00420	0.00380
21	0.00658	0.00442	0.00507	0.00507	0.00511	0.00446	0.00290	0.00667	0.00663	0.00888	0.01416	0.02901	0.01619	0.79684	0.06660	0.00455	0.00481	0.00650	0.00273	0.00282
22	0.00990	0.11252	0.67347	0.01197	0.01807	0.01101	0.01500	0.01448	0.00968	0.05328	0.00876	0.02673	0.00652	0.00453	0.00419	0.00139	0.00627	0.00350	0.00215	0.00659
23	0.00843	0.00560	0.00714	0.00732	0.00885	0.00541	0.00613	0.02767	0.03707	0.09664	0.02817	0.04164	0.23433	0.01227	0.04829	0.00210	0.00405	0.40999	0.00426	0.00462
24	0.10222	0.00671	0.00775	0.00669	0.00893	0.00649	0.00529	0.06727	0.05039	0.23974	0.19452	0.03869	0.19091	0.03013	0.00527	0.00154	0.00318	0.02415	0.00462	0.00553
25	0.00977	0.11296	0.41272	0.02163	0.01578	0.04598	0.03576	0.02705	0.02761	0.01337	0.01007	0.07399	0.02544	0.00579	0.00588	0.00148	0.12968	0.00432	0.01478	0.00593
26	0.01102	0.07160	0.07057	0.00802	0.01210	0.00838	0.02165	0.08571	0.04911	0.06055	0.00926	0.01014	0.00726	0.00393	0.00367	0.00091	0.00398	0.00311	0.00299	0.55603
27	0.01319	0.00607	0.00736	0.00631	0.00839	0.00576	0.00498	0.06372	0.01141	0.31803	0.01637	0.07676	0.01257	0.00701	0.03081	0.00147	0.00332	0.00500	0.39575	0.00571
28	0.00741	0.00477	0.00598	0.00604	0.00682	0.00463	0.00420	0.02201	0.00892	0.07610	0.06805	0.27479	0.10941	0.25603	0.11017	0.00315	0.00440	0.01950	0.00373	0.00391
29	0.01408	0.11029	0.06207	0.04258	0.01434	0.33140	0.03928	0.16835	0.08021	0.01544	0.00999	0.05659	0.00848	0.02171	0.00463	0.00136	0.00621	0.00407	0.00298	0.00593

[dist]
# distance from previous block
# <min> <max>
0	23

# created by:
# /st0/software/busco_prod/Augustus/scripts/msa2prfl.pl ./align_prep/117213.fa
