[name]
unknown

[dist]
# distance from previous block
# <min> <max>
1	28

[block]
# block no. 0 follows, 68 sequences, length 11
# corresponding to MSA columns:
# 39-43,46-51
name=unknown_A
#
# <colnr> <probs for GDERKNQSTAVLIFYWHMCP>
#	G	D	E	R	K	N	Q	S	T	A	V	L	I	F	Y	W	H	M	C	P
0	0.05566	0.00800	0.04055	0.03384	0.04419	0.01672	0.07102	0.16128	0.10921	0.04643	0.04110	0.10510	0.05261	0.03313	0.07193	0.00172	0.00432	0.00488	0.01424	0.08406
1	0.01024	0.06174	0.00951	0.00829	0.04181	0.25365	0.00617	0.08219	0.05631	0.02929	0.07917	0.09056	0.09277	0.02081	0.02208	0.02915	0.05304	0.02023	0.01682	0.01616
2	0.07457	0.00830	0.01933	0.00745	0.02570	0.06125	0.01851	0.15641	0.03565	0.10701	0.02200	0.08409	0.00930	0.01513	0.02449	0.01477	0.00381	0.02259	0.00310	0.28654
3	0.02527	0.00574	0.00740	0.00651	0.00804	0.00561	0.05318	0.07361	0.05938	0.02660	0.16968	0.17714	0.08527	0.09717	0.00622	0.00156	0.02280	0.04422	0.01622	0.10839
4	0.05211	0.00750	0.00816	0.00749	0.02897	0.10639	0.05417	0.07504	0.07308	0.05108	0.07470	0.12618	0.04356	0.05842	0.07220	0.01623	0.01710	0.00519	0.11806	0.00439
5	0.01607	0.00547	0.02299	0.04342	0.01716	0.00542	0.04849	0.02269	0.06405	0.02972	0.10686	0.24168	0.13933	0.03811	0.08911	0.00199	0.03847	0.03093	0.03408	0.00398
6	0.00922	0.01067	0.08436	0.01381	0.01757	0.00936	0.55266	0.04810	0.07964	0.01363	0.03955	0.01204	0.02855	0.00393	0.00442	0.00128	0.00570	0.00452	0.00239	0.05862
7	0.00911	0.00676	0.00786	0.00650	0.00857	0.00678	0.03993	0.17797	0.11275	0.03993	0.01633	0.01792	0.15263	0.10255	0.02259	0.00152	0.00336	0.00469	0.13682	0.12542
8	0.00819	0.00513	0.00673	0.00666	0.05711	0.00476	0.00477	0.04465	0.01089	0.15360	0.42798	0.05550	0.14793	0.00771	0.00453	0.00129	0.00252	0.04146	0.00414	0.00445
9	0.03284	0.00870	0.09363	0.65935	0.07403	0.00903	0.01111	0.04443	0.00845	0.01138	0.00714	0.01015	0.00535	0.00394	0.00390	0.00130	0.00521	0.00343	0.00188	0.00476
10	0.04739	0.00464	0.00634	0.00576	0.00662	0.00464	0.00420	0.00907	0.00685	0.19826	0.00945	0.01317	0.00810	0.06782	0.05084	0.49289	0.03471	0.00371	0.02229	0.00325

[dist]
# distance from previous block
# <min> <max>
1	4

[block]
# block no. 1 follows, 68 sequences, length 50
# corresponding to MSA columns:
# 56-105
name=unknown_B
#
# <colnr> <probs for GDERKNQSTAVLIFYWHMCP>
#	G	D	E	R	K	N	Q	S	T	A	V	L	I	F	Y	W	H	M	C	P
0	0.00972	0.00932	0.01592	0.05889	0.80213	0.00940	0.01212	0.01208	0.00898	0.01284	0.00744	0.00984	0.00624	0.00355	0.00393	0.00118	0.00473	0.00353	0.00195	0.00620
1	0.00822	0.00705	0.00822	0.00587	0.00940	0.00529	0.00470	0.00998	0.00822	0.01292	0.00705	0.00822	0.00587	0.00294	0.00294	0.00059	0.00294	0.00235	0.00235	0.88490
2	0.00632	0.00536	0.00788	0.37925	0.01529	0.00591	0.00684	0.00786	0.00797	0.01011	0.01827	0.09782	0.22679	0.06208	0.00602	0.05223	0.00380	0.05419	0.00261	0.02339
3	0.06026	0.00394	0.00551	0.00535	0.00562	0.00404	0.00369	0.00623	0.00554	0.04235	0.00714	0.01171	0.00682	0.01267	0.01419	0.77778	0.01975	0.00339	0.00190	0.00214
4	0.00537	0.00381	0.01305	0.00552	0.00600	0.00343	0.00384	0.00619	0.00794	0.03774	0.05896	0.70501	0.06966	0.03393	0.00538	0.00162	0.00240	0.02308	0.00370	0.00338
5	0.25340	0.00731	0.00764	0.00576	0.00898	0.00645	0.00465	0.02917	0.00805	0.01455	0.00668	0.00776	0.00545	0.00319	0.00283	0.00078	0.00301	0.00232	0.00242	0.61960
6	0.00786	0.00656	0.00789	0.02401	0.06581	0.00685	0.00568	0.01345	0.34119	0.01487	0.23607	0.05646	0.05971	0.00656	0.00425	0.00127	0.00286	0.04879	0.00373	0.08611
7	0.03247	0.00702	0.00926	0.00713	0.01016	0.00629	0.00588	0.07355	0.01176	0.75626	0.02795	0.01336	0.00995	0.00493	0.00397	0.00122	0.00341	0.00398	0.00479	0.00666
8	0.00945	0.00897	0.01489	0.08815	0.68004	0.00891	0.01125	0.01176	0.00885	0.01272	0.00738	0.00970	0.00616	0.00350	0.00382	0.00112	0.00456	0.00340	0.00199	0.10337
9	0.01391	0.01053	0.01125	0.00889	0.01185	0.01175	0.00726	0.64443	0.19881	0.02312	0.01099	0.01069	0.00793	0.00490	0.00398	0.00122	0.00409	0.00377	0.00398	0.00664
10	0.00968	0.00929	0.01586	0.07010	0.79117	0.00939	0.01210	0.01206	0.00897	0.01280	0.00744	0.00986	0.00623	0.00356	0.00393	0.00119	0.00474	0.00353	0.00195	0.00618
11	0.00597	0.00457	0.00649	0.07163	0.06203	0.00455	0.00549	0.00732	0.00858	0.01137	0.11767	0.27208	0.10747	0.01058	0.02920	0.03931	0.00325	0.22543	0.00337	0.00365
12	0.00601	0.00433	0.00483	0.00480	0.00496	0.02786	0.00293	0.00625	0.00601	0.00797	0.01203	0.02386	0.01348	0.71170	0.14344	0.00414	0.00495	0.00545	0.00235	0.00264
13	0.00782	0.00732	0.01216	0.61629	0.16707	0.00871	0.01061	0.01016	0.00801	0.01054	0.00831	0.01146	0.03734	0.00450	0.00466	0.02438	0.04045	0.00371	0.00187	0.00462
14	0.00521	0.00404	0.00474	0.00457	0.00568	0.00357	0.00342	0.00670	0.01027	0.01365	0.48913	0.03333	0.38352	0.00895	0.00468	0.00129	0.00193	0.00769	0.00407	0.00357
15	0.00828	0.00712	0.00835	0.02731	0.00989	0.00559	0.00493	0.01050	0.04625	0.01302	0.00747	0.00859	0.00615	0.00308	0.00301	0.00064	0.00300	0.00248	0.00241	0.82195
16	0.00877	0.01204	0.26677	0.01322	0.19449	0.03035	0.13116	0.01176	0.00933	0.04605	0.14728	0.01278	0.01119	0.00436	0.00402	0.00118	0.00473	0.00402	0.00244	0.08406
17	0.00786	0.00741	0.01221	0.59854	0.15083	0.00893	0.01066	0.01024	0.00800	0.01060	0.00807	0.01218	0.01940	0.00455	0.00483	0.00136	0.07984	0.03793	0.00190	0.00464
18	0.00867	0.00774	0.01060	0.01161	0.26010	0.00677	0.00706	0.01094	0.03826	0.01311	0.03928	0.00977	0.00742	0.00348	0.00353	0.00084	0.01937	0.00299	0.00236	0.53609
19	0.00882	0.00990	0.10232	0.02586	0.19107	0.06467	0.14144	0.05223	0.01792	0.01371	0.20068	0.01470	0.02637	0.00543	0.02146	0.00131	0.03364	0.00446	0.00267	0.06133
20	0.00618	0.00540	0.00765	0.00677	0.00822	0.00526	0.10908	0.00842	0.07633	0.01191	0.10860	0.13499	0.34663	0.02436	0.02545	0.00156	0.03933	0.04875	0.02120	0.00392
21	0.00955	0.11936	0.01031	0.00656	0.00983	0.02266	0.00543	0.12985	0.03139	0.01425	0.02350	0.02459	0.01478	0.00369	0.00316	0.00078	0.00336	0.00287	0.00261	0.56147
22	0.00830	0.03920	0.25898	0.00993	0.09326	0.00765	0.04782	0.04248	0.06368	0.02784	0.05431	0.04819	0.08718	0.01795	0.00413	0.00119	0.00414	0.01664	0.00259	0.16453
23	0.00925	0.21856	0.53364	0.02446	0.01486	0.04554	0.01172	0.02253	0.00872	0.04257	0.02915	0.00866	0.00611	0.00387	0.00351	0.00115	0.00530	0.00289	0.00192	0.00559
24	0.00816	0.07619	0.76617	0.01113	0.01678	0.00966	0.03346	0.01251	0.00837	0.01235	0.00703	0.00829	0.00505	0.00373	0.00371	0.00123	0.00577	0.00292	0.00168	0.00580
25	0.00908	0.02685	0.06822	0.14968	0.12939	0.07571	0.01620	0.05761	0.05823	0.04713	0.03866	0.02881	0.02779	0.08810	0.06418	0.03950	0.03349	0.02060	0.01608	0.00470
26	0.00905	0.07398	0.15827	0.03208	0.06959	0.10521	0.02151	0.02415	0.04426	0.08002	0.07621	0.13019	0.13083	0.00640	0.00426	0.00126	0.01967	0.00532	0.00291	0.00483
27	0.00800	0.01976	0.79086	0.01177	0.05288	0.00913	0.01437	0.01246	0.00844	0.01263	0.02013	0.00877	0.00559	0.00382	0.00379	0.00125	0.00575	0.00302	0.00173	0.00584
28	0.00524	0.00397	0.00488	0.00561	0.00603	0.02461	0.00389	0.00597	0.00776	0.01011	0.02214	0.66700	0.09618	0.01264	0.03760	0.02965	0.00281	0.04715	0.00352	0.00325
29	0.00856	0.00787	0.03330	0.10110	0.24517	0.00779	0.10950	0.06717	0.06190	0.02609	0.01259	0.18519	0.01232	0.02119	0.00469	0.00142	0.00430	0.08202	0.00277	0.00506
30	0.00796	0.00744	0.01167	0.73029	0.05025	0.02622	0.01048	0.02479	0.05097	0.01091	0.00769	0.01078	0.00580	0.00406	0.00393	0.00130	0.00510	0.00356	0.02222	0.00459
31	0.00489	0.00351	0.00460	0.00544	0.00575	0.00326	0.00367	0.00557	0.00766	0.01011	0.02272	0.76941	0.08058	0.01227	0.00529	0.02276	0.00233	0.02336	0.00363	0.00320
32	0.04640	0.00881	0.00901	0.00854	0.04049	0.17083	0.00632	0.02920	0.02605	0.01032	0.03040	0.01347	0.00879	0.16271	0.16737	0.01582	0.23535	0.00392	0.00220	0.00401
33	0.01345	0.02656	0.01080	0.00990	0.03352	0.64879	0.00735	0.01499	0.04623	0.02626	0.00832	0.00926	0.03760	0.00453	0.00410	0.00109	0.05058	0.00300	0.03902	0.00466
34	0.01193	0.04698	0.01097	0.09213	0.01277	0.52460	0.02682	0.01340	0.02439	0.01034	0.04790	0.01235	0.07406	0.00505	0.00427	0.00115	0.04778	0.02633	0.00231	0.00446
35	0.00588	0.00451	0.00670	0.00660	0.00724	0.00537	0.00515	0.00719	0.00632	0.00917	0.01018	0.01505	0.00954	0.02790	0.77148	0.02851	0.06340	0.00418	0.00209	0.00354
36	0.00882	0.00875	0.01321	0.50359	0.28730	0.07314	0.01108	0.01122	0.00850	0.01100	0.00708	0.01003	0.00559	0.00389	0.00409	0.00126	0.02113	0.00345	0.00185	0.00502
37	0.00947	0.00829	0.00869	0.04371	0.01061	0.03361	0.00622	0.01903	0.69034	0.01561	0.01652	0.04577	0.04366	0.00570	0.00405	0.00133	0.00324	0.00476	0.02351	0.00587
38	0.00891	0.01011	0.11638	0.01138	0.01425	0.03977	0.31505	0.07800	0.03805	0.02662	0.00965	0.03651	0.00822	0.04602	0.17452	0.00245	0.03616	0.02065	0.00236	0.00494
39	0.00638	0.00491	0.00617	0.02778	0.00795	0.02702	0.00549	0.02350	0.00938	0.01222	0.13290	0.07976	0.12641	0.01968	0.03698	0.00181	0.00352	0.45045	0.01400	0.00369
40	0.01007	0.04645	0.01373	0.22488	0.37798	0.12698	0.01030	0.03393	0.07136	0.01219	0.00781	0.00988	0.00629	0.00395	0.00398	0.00120	0.01981	0.00341	0.01032	0.00548
41	0.03891	0.00991	0.01100	0.00850	0.01159	0.01063	0.00701	0.58447	0.05051	0.20977	0.01108	0.01056	0.00760	0.00479	0.00393	0.00121	0.00405	0.00366	0.00414	0.00666
42	0.00497	0.00386	0.00450	0.00479	0.00562	0.00345	0.00340	0.00608	0.01896	0.01122	0.14563	0.35288	0.37704	0.03241	0.00522	0.00149	0.00216	0.00920	0.00375	0.00337
43	0.00862	0.00777	0.01194	0.47798	0.10050	0.04071	0.04455	0.03792	0.00854	0.04627	0.00866	0.05473	0.00734	0.00586	0.03987	0.00156	0.06673	0.02363	0.00217	0.00469
44	0.01082	0.03135	0.02560	0.17375	0.08804	0.06686	0.14267	0.07831	0.05934	0.14513	0.02258	0.07814	0.00886	0.00499	0.00455	0.00129	0.04513	0.00440	0.00284	0.00535
45	0.00618	0.00481	0.00659	0.00628	0.00670	0.00554	0.01863	0.00717	0.02089	0.00891	0.01122	0.05804	0.01175	0.33802	0.36028	0.00443	0.11394	0.00506	0.00228	0.00328
46	0.00556	0.00404	0.00508	0.00535	0.00574	0.00413	0.00372	0.00629	0.00718	0.00973	0.03126	0.31058	0.10754	0.25636	0.09888	0.00271	0.04551	0.04668	0.04052	0.00314
47	0.00889	0.00748	0.04548	0.15461	0.15527	0.00756	0.02203	0.03218	0.05394	0.10299	0.05539	0.04895	0.09342	0.02786	0.03375	0.00158	0.08690	0.04010	0.01672	0.00491
48	0.02278	0.05003	0.38075	0.01163	0.06999	0.05387	0.13288	0.04170	0.00919	0.07249	0.00978	0.01130	0.04776	0.00533	0.03863	0.00146	0.01897	0.01370	0.00224	0.00551
49	0.00817	0.02135	0.34848	0.05246	0.15329	0.04451	0.04360	0.01123	0.02421	0.02030	0.02611	0.05532	0.09562	0.02611	0.00479	0.00135	0.03745	0.01824	0.00225	0.00518

[dist]
# distance from previous block
# <min> <max>
7	14

[block]
# block no. 2 follows, 68 sequences, length 118
# corresponding to MSA columns:
# 122-170,175-243
name=unknown_C
#
# <colnr> <probs for GDERKNQSTAVLIFYWHMCP>
#	G	D	E	R	K	N	Q	S	T	A	V	L	I	F	Y	W	H	M	C	P
0	0.01004	0.26724	0.09120	0.00792	0.01040	0.10537	0.01697	0.09557	0.01723	0.03779	0.14694	0.06862	0.01259	0.00552	0.00447	0.00117	0.07668	0.01665	0.00270	0.00490
1	0.00871	0.00854	0.10991	0.00857	0.07058	0.02014	0.03053	0.08694	0.08496	0.07138	0.07065	0.09960	0.16674	0.02140	0.00478	0.00130	0.03604	0.00542	0.00320	0.09061
2	0.07691	0.02663	0.26878	0.02203	0.03371	0.02202	0.05968	0.05650	0.03256	0.12930	0.07285	0.08079	0.03529	0.01543	0.00437	0.00133	0.01987	0.03378	0.00292	0.00526
3	0.00800	0.02426	0.17145	0.00960	0.04628	0.02001	0.13286	0.03241	0.00938	0.05627	0.13480	0.15828	0.04066	0.00686	0.00461	0.00136	0.01931	0.09305	0.00300	0.02754
4	0.03670	0.02112	0.03901	0.04603	0.07539	0.02045	0.16146	0.11129	0.13415	0.01464	0.09512	0.07158	0.12106	0.00595	0.00427	0.00130	0.00402	0.01761	0.00313	0.01571
5	0.00997	0.01028	0.11229	0.09836	0.17494	0.05344	0.11377	0.07854	0.00976	0.07519	0.02034	0.04309	0.00768	0.00474	0.02010	0.00125	0.00485	0.01566	0.00249	0.14325
6	0.02612	0.01115	0.16267	0.13845	0.25501	0.07358	0.09375	0.01210	0.02112	0.05914	0.01112	0.02579	0.08354	0.00452	0.00402	0.00125	0.00498	0.00405	0.00229	0.00537
7	0.03098	0.07608	0.11732	0.03577	0.02516	0.06452	0.14236	0.02704	0.03434	0.09540	0.07942	0.18255	0.03812	0.00633	0.00423	0.00131	0.00428	0.02700	0.00296	0.00484
8	0.00842	0.03742	0.55293	0.00952	0.01386	0.00794	0.02180	0.01179	0.00837	0.08543	0.02380	0.02915	0.02106	0.10430	0.02055	0.00166	0.00519	0.02928	0.00224	0.00527
9	0.02510	0.05866	0.50590	0.01170	0.09141	0.02053	0.05373	0.01316	0.00878	0.11995	0.00842	0.02131	0.00620	0.00449	0.01899	0.00133	0.01903	0.00330	0.00220	0.00580
10	0.01083	0.07488	0.39995	0.01058	0.08866	0.03780	0.01051	0.01380	0.00931	0.22202	0.03324	0.05340	0.00835	0.00458	0.00383	0.00122	0.00476	0.00373	0.00271	0.00583
11	0.02485	0.46416	0.34023	0.00924	0.04099	0.01255	0.02149	0.01206	0.00820	0.01092	0.00650	0.02084	0.00544	0.00369	0.00314	0.00104	0.00487	0.00267	0.00175	0.00539
12	0.00635	0.00451	0.00611	0.00605	0.02170	0.00493	0.01550	0.00643	0.00607	0.00837	0.02312	0.07821	0.01223	0.39225	0.11777	0.18498	0.09513	0.00521	0.00226	0.00280
13	0.00966	0.01133	0.24045	0.03905	0.07763	0.03207	0.14566	0.03957	0.00955	0.14110	0.04599	0.07957	0.08667	0.00539	0.00434	0.00129	0.01773	0.00480	0.00280	0.00534
14	0.00887	0.01037	0.16013	0.29094	0.17499	0.03597	0.06847	0.01167	0.01981	0.05905	0.00994	0.01267	0.05069	0.00455	0.00441	0.00130	0.03882	0.02998	0.00219	0.00517
15	0.02970	0.00453	0.00473	0.01731	0.00588	0.00463	0.00344	0.07505	0.00919	0.03920	0.01346	0.04196	0.03156	0.00500	0.00304	0.00100	0.00220	0.00402	0.70008	0.00403
16	0.00887	0.00766	0.00818	0.00781	0.03539	0.11581	0.03316	0.13730	0.03106	0.02856	0.12627	0.16922	0.07239	0.05722	0.00552	0.00151	0.01423	0.11767	0.01779	0.00438
17	0.02391	0.04286	0.18622	0.10629	0.14400	0.00838	0.09673	0.04042	0.00930	0.18169	0.02053	0.04117	0.00801	0.03137	0.03192	0.00150	0.01354	0.00396	0.00266	0.00555
18	0.00556	0.00551	0.07549	0.03791	0.00754	0.00416	0.00467	0.00694	0.00879	0.03378	0.06234	0.20469	0.48040	0.00959	0.00467	0.00140	0.00261	0.03678	0.00350	0.00369
19	0.01456	0.01853	0.01106	0.01006	0.01209	0.82418	0.00755	0.01558	0.01118	0.00973	0.00696	0.00791	0.02537	0.00423	0.00360	0.00103	0.00702	0.00270	0.00208	0.00457
20	0.01031	0.42497	0.29887	0.00916	0.03298	0.09447	0.00967	0.02643	0.02157	0.02924	0.00662	0.00755	0.00534	0.00368	0.00318	0.00103	0.00506	0.00258	0.00187	0.00542
21	0.00910	0.05703	0.40077	0.03693	0.15978	0.02226	0.08472	0.02721	0.01757	0.06157	0.01003	0.03536	0.05137	0.00437	0.00393	0.00124	0.00514	0.00379	0.00219	0.00565
22	0.00689	0.00344	0.00517	0.00517	0.00517	0.00344	0.00344	0.00517	0.00517	0.00689	0.00689	0.01205	0.00689	0.01377	0.01550	0.88464	0.00344	0.00344	0.00172	0.00172
23	0.01481	0.01890	0.01124	0.01021	0.01226	0.84474	0.00766	0.01583	0.01124	0.00970	0.00613	0.00715	0.00511	0.00409	0.00358	0.00102	0.00715	0.00255	0.00204	0.00460
24	0.01209	0.01004	0.12667	0.11926	0.18895	0.04663	0.07861	0.01448	0.00977	0.30397	0.02380	0.02184	0.01687	0.00436	0.00401	0.00124	0.00465	0.00386	0.00302	0.00588
25	0.00989	0.03054	0.32263	0.02511	0.15043	0.03914	0.20081	0.07443	0.03622	0.04747	0.00811	0.00961	0.00603	0.00386	0.00415	0.00125	0.01875	0.00357	0.00220	0.00582
26	0.00620	0.00493	0.00653	0.02129	0.01857	0.00465	0.04836	0.04810	0.02228	0.01450	0.46237	0.04091	0.25320	0.00804	0.00458	0.00128	0.00242	0.00703	0.02084	0.00394
27	0.06780	0.00797	0.03836	0.02493	0.09803	0.01607	0.02715	0.05213	0.01093	0.59491	0.01317	0.01215	0.00859	0.00458	0.00389	0.00122	0.00378	0.00377	0.00414	0.00642
28	0.01080	0.03442	0.06251	0.04013	0.19550	0.04856	0.04336	0.02446	0.00983	0.23117	0.08183	0.10549	0.05438	0.00588	0.00418	0.00127	0.00397	0.03359	0.00327	0.00538
29	0.00726	0.03043	0.22875	0.00798	0.04171	0.02000	0.01841	0.02156	0.02191	0.05372	0.10084	0.20903	0.15100	0.02396	0.00470	0.00141	0.00363	0.04610	0.00310	0.00450
30	0.00749	0.00705	0.01189	0.85113	0.02731	0.00881	0.01101	0.01013	0.00793	0.01013	0.00705	0.01057	0.00529	0.00396	0.00396	0.00132	0.00529	0.00352	0.00176	0.00440
31	0.00896	0.07928	0.61351	0.01127	0.04720	0.07337	0.03290	0.01303	0.03373	0.02729	0.00761	0.02092	0.00572	0.00394	0.00372	0.00121	0.00564	0.00310	0.00188	0.00570
32	0.00954	0.02346	0.23646	0.02713	0.13679	0.02418	0.20234	0.02239	0.00940	0.11106	0.07120	0.03748	0.04272	0.00516	0.02182	0.00137	0.00511	0.00436	0.00257	0.00547
33	0.00744	0.00691	0.01150	0.77458	0.03639	0.00855	0.01051	0.01012	0.02227	0.01021	0.00766	0.02577	0.00606	0.02010	0.02516	0.00150	0.00529	0.00373	0.00186	0.00438
34	0.00521	0.00401	0.00540	0.08472	0.01967	0.00393	0.00436	0.00618	0.00789	0.01033	0.05003	0.55966	0.14996	0.04753	0.02037	0.00170	0.00277	0.00948	0.00342	0.00338
35	0.01405	0.00847	0.08113	0.03243	0.12205	0.00707	0.05334	0.03111	0.02079	0.49955	0.01378	0.03509	0.03471	0.00492	0.00424	0.00126	0.02179	0.00418	0.00383	0.00621
36	0.02554	0.04516	0.14229	0.15374	0.28153	0.04796	0.06540	0.02782	0.01807	0.08151	0.02950	0.03950	0.01598	0.00429	0.00393	0.00123	0.00487	0.00384	0.00233	0.00553
37	0.00798	0.06789	0.54287	0.03123	0.02389	0.02161	0.05463	0.01155	0.00859	0.02333	0.03490	0.06532	0.03365	0.00502	0.00398	0.00129	0.00518	0.04964	0.00213	0.00532
38	0.02231	0.02299	0.04766	0.28390	0.13652	0.03582	0.01861	0.01002	0.01842	0.05099	0.03780	0.20386	0.04709	0.00649	0.00432	0.00136	0.01095	0.03369	0.00265	0.00455
39	0.00988	0.04834	0.45452	0.01260	0.12672	0.06208	0.06479	0.02486	0.02631	0.08907	0.01720	0.00943	0.00625	0.00400	0.00407	0.00123	0.02741	0.00327	0.00217	0.00581
40	0.01033	0.04229	0.24576	0.05719	0.16523	0.00834	0.08511	0.02867	0.02839	0.17522	0.03752	0.02462	0.03110	0.00498	0.01710	0.00133	0.00479	0.02359	0.00272	0.00572
41	0.00830	0.05357	0.12327	0.32734	0.15837	0.03080	0.05650	0.01098	0.01744	0.02156	0.01884	0.04580	0.00854	0.00528	0.01691	0.00139	0.00506	0.08296	0.00216	0.00492
42	0.00833	0.03586	0.12090	0.14439	0.19117	0.00725	0.04394	0.01057	0.00893	0.08154	0.07313	0.08370	0.12232	0.01816	0.00439	0.00132	0.00407	0.01681	0.01828	0.00493
43	0.00916	0.03630	0.44839	0.01131	0.07898	0.07078	0.06153	0.02825	0.03806	0.05890	0.04326	0.06463	0.02355	0.00472	0.00395	0.00125	0.00515	0.00397	0.00233	0.00553
44	0.02642	0.03515	0.20986	0.08760	0.08934	0.01766	0.05648	0.01062	0.03193	0.05009	0.02572	0.04972	0.03986	0.07729	0.15734	0.00240	0.00576	0.01966	0.00235	0.00474
45	0.00865	0.00546	0.00597	0.00534	0.00712	0.03348	0.00414	0.01047	0.05767	0.21491	0.11346	0.04328	0.45834	0.00814	0.00444	0.00130	0.00258	0.00679	0.00402	0.00443
46	0.00709	0.00748	0.10333	0.07208	0.04619	0.03598	0.07628	0.01923	0.00819	0.03666	0.01543	0.41861	0.02838	0.04736	0.00575	0.02011	0.02456	0.02028	0.00293	0.00410
47	0.00988	0.03956	0.18067	0.14098	0.17331	0.05585	0.10516	0.01275	0.03573	0.10962	0.00970	0.03573	0.02128	0.00496	0.01711	0.01987	0.00511	0.01493	0.00239	0.00541
48	0.02645	0.02212	0.03816	0.32552	0.20772	0.08050	0.04950	0.05110	0.06566	0.04742	0.00928	0.02086	0.02998	0.00427	0.00394	0.00125	0.00494	0.00375	0.00233	0.00525
49	0.00543	0.00427	0.00556	0.00663	0.06583	0.00395	0.00450	0.00660	0.00864	0.01117	0.08024	0.35334	0.28496	0.01050	0.00490	0.00150	0.00256	0.13224	0.00360	0.00358
50	0.00848	0.02753	0.35836	0.03403	0.05752	0.02050	0.08078	0.01139	0.00892	0.09492	0.04895	0.11773	0.09000	0.00580	0.00417	0.00131	0.00458	0.01725	0.00264	0.00516
51	0.02712	0.02205	0.21564	0.04701	0.06395	0.03751	0.02894	0.01356	0.02969	0.27218	0.02840	0.09338	0.03298	0.02119	0.01902	0.00142	0.01938	0.01792	0.00316	0.00549
52	0.00993	0.02634	0.08904	0.06494	0.32092	0.06368	0.09076	0.01235	0.02342	0.08788	0.03275	0.03913	0.01700	0.01598	0.02243	0.00141	0.05465	0.01951	0.00241	0.00548
53	0.00870	0.14757	0.33399	0.06896	0.14260	0.00950	0.07053	0.01166	0.00853	0.03843	0.00949	0.05601	0.03300	0.00496	0.01758	0.00131	0.00508	0.02465	0.00209	0.00538
54	0.00830	0.01090	0.25083	0.08319	0.11975	0.00755	0.12453	0.02340	0.00887	0.06789	0.02134	0.12431	0.09225	0.02103	0.00454	0.00137	0.00463	0.01770	0.00255	0.00508
55	0.00871	0.01002	0.13635	0.27498	0.22861	0.05334	0.04437	0.01116	0.00862	0.03905	0.01867	0.05272	0.03519	0.00493	0.00447	0.02420	0.01648	0.02093	0.00215	0.00505
56	0.00952	0.18266	0.19418	0.06624	0.07916	0.02259	0.13784	0.01202	0.00880	0.09573	0.01013	0.09859	0.00901	0.00505	0.00394	0.00125	0.00481	0.05083	0.00242	0.00523
57	0.00934	0.01236	0.30879	0.04909	0.18036	0.01964	0.08300	0.02777	0.00925	0.10543	0.04868	0.07450	0.02081	0.00497	0.00411	0.00129	0.00482	0.02770	0.00254	0.00554
58	0.00894	0.03502	0.38416	0.02355	0.19180	0.00873	0.06419	0.04140	0.02152	0.05579	0.01006	0.09089	0.02781	0.00481	0.00410	0.00127	0.01385	0.00419	0.00229	0.00564
59	0.00814	0.03598	0.03778	0.25208	0.19517	0.05084	0.12770	0.01034	0.00864	0.01127	0.02039	0.13733	0.06462	0.00556	0.00423	0.00131	0.00473	0.01681	0.00232	0.00476
60	0.00747	0.00674	0.02335	0.08000	0.19019	0.01656	0.11375	0.00926	0.00862	0.03669	0.01680	0.24329	0.10496	0.02879	0.00498	0.00148	0.00394	0.09578	0.00288	0.00447
61	0.00951	0.02663	0.42580	0.03384	0.08641	0.00861	0.12476	0.02183	0.02362	0.11782	0.02481	0.02621	0.01961	0.00440	0.00403	0.00128	0.00520	0.02752	0.00240	0.00572
62	0.02156	0.00958	0.12966	0.17375	0.23206	0.01952	0.10051	0.01094	0.00858	0.04001	0.01101	0.08845	0.04581	0.00561	0.01593	0.00140	0.03442	0.04380	0.00230	0.00509
63	0.01014	0.00515	0.00646	0.00562	0.00746	0.00456	0.00437	0.01172	0.03140	0.33448	0.17422	0.09680	0.25437	0.02889	0.00481	0.00136	0.00262	0.00652	0.00426	0.00479
64	0.01018	0.20938	0.44725	0.00976	0.01420	0.11118	0.01101	0.08870	0.00965	0.02851	0.00728	0.02266	0.00567	0.00399	0.00351	0.00113	0.00540	0.00293	0.00204	0.00559
65	0.01027	0.05667	0.43684	0.02577	0.06507	0.00892	0.07845	0.04976	0.02227	0.15794	0.03040	0.02386	0.00739	0.00422	0.00389	0.00124	0.00506	0.00356	0.00253	0.00588
66	0.00733	0.00883	0.16931	0.08872	0.10195	0.01834	0.05887	0.00957	0.01966	0.03763	0.03677	0.12716	0.18167	0.01939	0.02551	0.02667	0.01343	0.03119	0.01348	0.00451
67	0.00528	0.00404	0.00484	0.00464	0.00572	0.00360	0.00348	0.00684	0.01044	0.01403	0.54807	0.03269	0.32434	0.00880	0.00468	0.00128	0.00192	0.00760	0.00412	0.00360
68	0.00806	0.00786	0.02876	0.52762	0.24785	0.00869	0.03575	0.01059	0.00830	0.01108	0.00813	0.04415	0.00684	0.00433	0.00405	0.00131	0.00502	0.02475	0.00195	0.00491
69	0.00920	0.01010	0.14178	0.11430	0.36044	0.00852	0.06346	0.05002	0.00921	0.05138	0.01023	0.08341	0.03430	0.00476	0.00416	0.00126	0.01427	0.00435	0.01928	0.00555
70	0.00915	0.01491	0.49858	0.01044	0.01490	0.00804	0.10599	0.01283	0.02164	0.12870	0.07630	0.06130	0.00979	0.00476	0.00406	0.00128	0.00503	0.00414	0.00254	0.00560
71	0.00929	0.00886	0.01485	0.02223	0.74798	0.00879	0.01124	0.01151	0.00903	0.01273	0.01067	0.01290	0.08345	0.00423	0.00402	0.00120	0.00445	0.01445	0.00214	0.00597
72	0.00843	0.01764	0.67791	0.01082	0.04137	0.00844	0.01292	0.01244	0.00871	0.06981	0.04646	0.03797	0.02080	0.00442	0.00389	0.00126	0.00529	0.00357	0.00213	0.00571
73	0.00819	0.02235	0.17186	0.11956	0.10267	0.04102	0.04614	0.01036	0.00862	0.08275	0.03869	0.27371	0.02714	0.00727	0.02033	0.00145	0.00431	0.00605	0.00277	0.00474
74	0.03279	0.00900	0.01049	0.00807	0.01115	0.00924	0.00666	0.43912	0.01507	0.38555	0.02416	0.01152	0.00850	0.00485	0.00396	0.00121	0.00386	0.00378	0.00436	0.00665
75	0.03976	0.02192	0.03062	0.01678	0.46507	0.00880	0.02277	0.07404	0.03325	0.07033	0.06365	0.01154	0.01985	0.00423	0.00415	0.00117	0.03172	0.00375	0.00259	0.07400
76	0.02657	0.00912	0.00931	0.00814	0.01037	0.05641	0.00638	0.13988	0.55020	0.04152	0.01385	0.01360	0.01054	0.02889	0.04007	0.00158	0.01966	0.00419	0.00374	0.00598
77	0.00570	0.00398	0.00501	0.00503	0.00529	0.00420	0.00329	0.00620	0.00605	0.00829	0.01247	0.03705	0.02620	0.55437	0.29567	0.00461	0.00606	0.00539	0.00235	0.00281
78	0.00469	0.00402	0.00402	0.00402	0.00536	0.00335	0.00301	0.00569	0.00904	0.01071	0.04017	0.03816	0.83432	0.01004	0.00469	0.00134	0.00201	0.00837	0.00368	0.00335
79	0.00960	0.00825	0.00875	0.00789	0.01007	0.00947	0.00612	0.02016	0.77489	0.01635	0.03735	0.03602	0.01302	0.00559	0.00406	0.00134	0.00308	0.00469	0.00401	0.01928
80	0.01042	0.00840	0.07041	0.29771	0.01646	0.02206	0.00813	0.06596	0.00946	0.18144	0.00920	0.02640	0.00683	0.00416	0.00389	0.00111	0.02158	0.00341	0.00274	0.23023
81	0.00878	0.17252	0.56982	0.01172	0.10567	0.01026	0.01259	0.01243	0.00849	0.02739	0.02153	0.00863	0.00583	0.00377	0.00358	0.00117	0.00532	0.00294	0.00182	0.00574
82	0.02852	0.01683	0.01101	0.02637	0.04053	0.68408	0.00766	0.01598	0.09886	0.01073	0.00747	0.00866	0.00615	0.00430	0.00365	0.00108	0.00648	0.01455	0.00228	0.00481
83	0.00485	0.00384	0.00433	0.00458	0.00551	0.00336	0.00327	0.00582	0.00874	0.01098	0.11492	0.28450	0.48775	0.03263	0.00520	0.00148	0.00213	0.00905	0.00372	0.00332
84	0.01039	0.72643	0.12757	0.00748	0.01115	0.04085	0.00784	0.01209	0.00820	0.00976	0.00574	0.00665	0.00508	0.00346	0.00274	0.00091	0.00454	0.00224	0.00170	0.00517
85	0.01126	0.01345	0.36193	0.01242	0.12806	0.00839	0.10828	0.01475	0.03782	0.24940	0.01003	0.01054	0.00693	0.00407	0.00397	0.00125	0.00499	0.00358	0.00276	0.00612
86	0.01711	0.00680	0.00922	0.00715	0.01006	0.00608	0.00589	0.01886	0.03116	0.77895	0.02956	0.01366	0.01021	0.00504	0.00428	0.00125	0.02930	0.00404	0.00478	0.00661
87	0.00469	0.00399	0.00404	0.00408	0.00537	0.00334	0.00304	0.00568	0.00897	0.01068	0.03935	0.07463	0.79837	0.01015	0.00470	0.00135	0.00202	0.00850	0.00368	0.00334
88	0.00825	0.13984	0.66803	0.02488	0.02720	0.00993	0.01304	0.01220	0.00837	0.01208	0.02300	0.02244	0.00602	0.00394	0.00364	0.00120	0.00547	0.00305	0.00177	0.00565
89	0.01037	0.06610	0.17075	0.02813	0.15973	0.14670	0.08170	0.02628	0.04925	0.05969	0.00846	0.03133	0.00699	0.00533	0.03038	0.00141	0.09366	0.01611	0.00226	0.00536
90	0.01639	0.00636	0.00849	0.00662	0.00942	0.00555	0.00543	0.01796	0.01097	0.73169	0.01574	0.01405	0.02360	0.00496	0.00386	0.00119	0.00318	0.00403	0.10416	0.00635
91	0.00488	0.00356	0.00462	0.00543	0.00580	0.00329	0.00371	0.00566	0.00785	0.01033	0.03633	0.73464	0.10661	0.01207	0.00503	0.00159	0.00231	0.03935	0.00369	0.00326
92	0.02602	0.04786	0.15422	0.00859	0.02448	0.10092	0.00783	0.13154	0.03946	0.35274	0.03615	0.01174	0.01903	0.00501	0.01542	0.00126	0.00445	0.00364	0.00358	0.00605
93	0.01364	0.03715	0.02417	0.01060	0.04765	0.59988	0.03199	0.08235	0.06186	0.01168	0.00784	0.00871	0.02316	0.00432	0.00383	0.00109	0.01978	0.00299	0.00234	0.00497
94	0.00744	0.00684	0.03257	0.02009	0.05854	0.00571	0.05509	0.02369	0.02929	0.01336	0.18143	0.01787	0.14535	0.00539	0.00398	0.00100	0.01674	0.00464	0.00296	0.36802
95	0.00651	0.00480	0.00594	0.00565	0.01748	0.00467	0.00422	0.00954	0.12018	0.03922	0.59985	0.02798	0.11045	0.00782	0.00457	0.00128	0.00216	0.01929	0.00423	0.00416
96	0.01141	0.67714	0.03463	0.00749	0.01073	0.13269	0.00710	0.06029	0.00914	0.01037	0.00587	0.00670	0.00519	0.00358	0.00280	0.00090	0.00469	0.00228	0.00188	0.00513
97	0.00679	0.00583	0.00822	0.00757	0.00799	0.00740	0.00598	0.00785	0.00623	0.00921	0.00885	0.01419	0.00869	0.11721	0.43879	0.00433	0.31025	0.00411	0.00202	0.01849
98	0.01442	0.04531	0.03274	0.01036	0.02539	0.78414	0.00788	0.01557	0.01103	0.00982	0.00616	0.00720	0.00512	0.00405	0.00355	0.00102	0.00699	0.00257	0.00202	0.00467
99	0.00676	0.00463	0.00626	0.06490	0.04738	0.00487	0.00434	0.00741	0.00677	0.05065	0.05511	0.02098	0.02640	0.45147	0.15675	0.05405	0.02046	0.00509	0.00249	0.00323
100	0.02966	0.00700	0.00892	0.00694	0.00979	0.00647	0.00571	0.11972	0.01189	0.63837	0.01443	0.01302	0.00938	0.00484	0.00384	0.00119	0.00334	0.00388	0.09523	0.00639
101	0.00477	0.00390	0.00421	0.00438	0.00547	0.00334	0.00319	0.00576	0.00887	0.01089	0.08271	0.20519	0.62273	0.01041	0.00476	0.00139	0.00206	0.00889	0.00372	0.00334
102	0.01072	0.79068	0.04051	0.00708	0.01045	0.05433	0.00701	0.01220	0.01959	0.00953	0.00573	0.00656	0.00518	0.00346	0.00264	0.00087	0.00440	0.00219	0.00174	0.00510
103	0.00644	0.00479	0.00659	0.06105	0.05484	0.00476	0.00517	0.03136	0.01972	0.03931	0.03851	0.54829	0.03403	0.01002	0.00493	0.00150	0.02070	0.06126	0.00343	0.04330
104	0.02069	0.18907	0.20139	0.04909	0.13294	0.14733	0.08111	0.05081	0.00947	0.04780	0.00726	0.00865	0.00570	0.00428	0.01903	0.00123	0.01354	0.00306	0.00208	0.00545
105	0.81267	0.00762	0.01918	0.00528	0.00769	0.00855	0.00443	0.01145	0.00695	0.01747	0.02195	0.00779	0.00543	0.00391	0.00257	0.00123	0.00305	0.01438	0.03413	0.00428
106	0.01324	0.03801	0.06943	0.04369	0.01299	0.61010	0.01669	0.03091	0.07627	0.01081	0.00724	0.00850	0.00591	0.00430	0.00390	0.00111	0.02821	0.01164	0.00220	0.00486
107	0.00680	0.00563	0.00841	0.05036	0.22027	0.00553	0.02367	0.00793	0.00824	0.01097	0.08823	0.09511	0.20966	0.09260	0.00741	0.10600	0.01200	0.03445	0.00279	0.00395
108	0.00612	0.00487	0.00677	0.01980	0.02238	0.00564	0.00501	0.00743	0.02236	0.00956	0.03767	0.04207	0.07005	0.15719	0.46276	0.00451	0.10494	0.00496	0.00237	0.00355
109	0.02407	0.06312	0.08652	0.10452	0.15650	0.00823	0.08759	0.02219	0.04845	0.01190	0.04204	0.07533	0.06118	0.01976	0.08239	0.00183	0.05054	0.04661	0.00245	0.00480
110	0.69044	0.03868	0.07126	0.00691	0.03733	0.02235	0.02137	0.02328	0.00726	0.01655	0.00581	0.00691	0.00455	0.00379	0.00302	0.00123	0.03001	0.00237	0.00234	0.00457
111	0.02206	0.02326	0.04075	0.42672	0.16756	0.02193	0.02537	0.04122	0.04659	0.01178	0.00910	0.06431	0.02019	0.01791	0.00433	0.00131	0.01547	0.00407	0.00218	0.03388
112	0.00892	0.15193	0.12995	0.05860	0.04730	0.06344	0.00765	0.05963	0.11042	0.01239	0.04213	0.02774	0.03811	0.02905	0.11584	0.00191	0.01683	0.01749	0.01412	0.04655
113	0.05185	0.00911	0.06311	0.00891	0.06647	0.03716	0.00693	0.11912	0.28441	0.06385	0.07188	0.04279	0.02636	0.00596	0.02610	0.00138	0.03811	0.00430	0.00338	0.06883
114	0.02586	0.02682	0.05210	0.04749	0.11720	0.06022	0.03936	0.09179	0.07693	0.05193	0.08858	0.06206	0.05442	0.00524	0.00425	0.00116	0.03654	0.00438	0.00292	0.15074
115	0.05200	0.02419	0.03785	0.00806	0.05298	0.06699	0.03763	0.06391	0.08553	0.09381	0.04111	0.01290	0.06846	0.02605	0.01566	0.00115	0.00378	0.00368	0.00294	0.30131
116	0.05355	0.05154	0.07511	0.00939	0.09325	0.03708	0.04311	0.12108	0.07949	0.02827	0.07064	0.06386	0.03512	0.01561	0.03272	0.00135	0.01959	0.01295	0.00287	0.15342
117	0.05785	0.04334	0.11708	0.01882	0.08281	0.08309	0.04994	0.08545	0.07923	0.02516	0.06336	0.05026	0.02697	0.00514	0.01320	0.00120	0.02631	0.01830	0.00271	0.14978

[dist]
# distance from previous block
# <min> <max>
0	56

# created by:
# /st0/software/busco_prod/Augustus/scripts/msa2prfl.pl ./align_prep/117365.fa
