[name]
unknown

[dist]
# distance from previous block
# <min> <max>
0	6

[block]
# block no. 0 follows, 50 sequences, length 40
# corresponding to MSA columns:
# 186,187,193-230
name=unknown_A
#
# <colnr> <probs for GDERKNQSTAVLIFYWHMCP>
#	G	D	E	R	K	N	Q	S	T	A	V	L	I	F	Y	W	H	M	C	P
0	0.01185	0.01238	0.07028	0.09807	0.66222	0.01165	0.01524	0.01501	0.01118	0.01591	0.00961	0.01310	0.00806	0.00468	0.00496	0.00152	0.00606	0.01817	0.00246	0.00759
1	0.00715	0.00587	0.00640	0.00623	0.00788	0.00555	0.00467	0.01057	0.13003	0.01593	0.20211	0.10090	0.45557	0.01144	0.00580	0.00169	0.00273	0.00973	0.00488	0.00486
2	0.01483	0.06555	0.01594	0.07197	0.18700	0.05020	0.02131	0.23926	0.20952	0.05418	0.01304	0.01365	0.00983	0.00560	0.00487	0.00152	0.00542	0.00463	0.00398	0.00771
3	0.00969	0.00914	0.01545	0.73909	0.10594	0.01115	0.01398	0.01298	0.01010	0.01307	0.00891	0.01320	0.00676	0.00493	0.00498	0.00164	0.00658	0.00443	0.00224	0.00576
4	0.00961	0.00907	0.01306	0.06341	0.01369	0.04026	0.08688	0.01178	0.03917	0.01283	0.03808	0.06761	0.01240	0.08260	0.20096	0.00362	0.28125	0.00578	0.00280	0.00514
5	0.01198	0.01266	0.07116	0.07513	0.65593	0.01182	0.05773	0.01522	0.01124	0.01602	0.00936	0.01234	0.00770	0.00448	0.00498	0.00151	0.00620	0.00447	0.00243	0.00766
6	0.01182	0.01130	0.01907	0.05433	0.71780	0.01132	0.01450	0.01468	0.01131	0.01599	0.01204	0.01469	0.05892	0.00499	0.00500	0.00150	0.00572	0.00484	0.00260	0.00758
7	0.01450	0.00756	0.00958	0.00795	0.01055	0.00713	0.00633	0.09304	0.04773	0.32854	0.35079	0.02623	0.05226	0.00811	0.00541	0.00156	0.00349	0.00688	0.00566	0.00670
8	0.01132	0.01216	0.06078	0.22934	0.03874	0.05630	0.15080	0.06730	0.01085	0.01465	0.00982	0.06480	0.00862	0.00664	0.00839	0.00179	0.23386	0.00521	0.00263	0.00601
9	0.01181	0.01130	0.01928	0.17213	0.65633	0.01170	0.01503	0.01483	0.01110	0.01564	0.00928	0.01251	0.00767	0.00454	0.00494	0.00151	0.00605	0.00444	0.00242	0.00747
10	0.01288	0.04182	0.01211	0.02251	0.01280	0.28234	0.00825	0.02848	0.16910	0.01405	0.01311	0.01557	0.03428	0.03593	0.19693	0.00316	0.08304	0.00467	0.00316	0.00580
11	0.00732	0.00485	0.00631	0.00706	0.00786	0.00446	0.00506	0.00846	0.01029	0.06416	0.02980	0.58807	0.12830	0.01442	0.00627	0.00198	0.00311	0.09308	0.00472	0.00442
12	0.17233	0.01270	0.01277	0.01260	0.11723	0.12820	0.00888	0.23073	0.04825	0.06406	0.06081	0.01478	0.01126	0.00608	0.00500	0.00153	0.03035	0.03220	0.02340	0.00684
13	0.00724	0.00488	0.00567	0.00567	0.00575	0.00496	0.00331	0.00740	0.00732	0.00983	0.01550	0.03146	0.01762	0.75458	0.09493	0.00512	0.00559	0.00708	0.00299	0.00315
14	0.00717	0.00514	0.00698	0.00698	0.00751	0.00567	0.00495	0.00824	0.00771	0.01081	0.01429	0.02480	0.01473	0.35250	0.49305	0.00674	0.00994	0.00610	0.00281	0.00388
15	0.01090	0.00753	0.00817	0.00770	0.03034	0.05813	0.00573	0.04207	0.04785	0.13237	0.19112	0.02910	0.22434	0.01073	0.06010	0.00197	0.00415	0.00717	0.11497	0.00555
16	0.01762	0.01978	0.01331	0.01186	0.01455	0.57766	0.00902	0.06930	0.09211	0.06588	0.05362	0.01224	0.01008	0.00570	0.00470	0.00137	0.00758	0.00398	0.00337	0.00628
17	0.01684	0.01970	0.01385	0.01231	0.01460	0.55652	0.00945	0.09394	0.04003	0.01430	0.00878	0.01073	0.00741	0.02489	0.03413	0.00174	0.10821	0.00372	0.00286	0.00597
18	0.00720	0.00502	0.00639	0.00639	0.00671	0.00535	0.00420	0.00786	0.00753	0.01037	0.01484	0.02781	0.01603	0.53438	0.31297	0.00600	0.00797	0.00654	0.00289	0.00355
19	0.41603	0.06051	0.05142	0.01440	0.20879	0.09100	0.03409	0.01536	0.01004	0.01832	0.00781	0.00963	0.00634	0.00474	0.00432	0.00150	0.03332	0.00339	0.00273	0.00626
20	0.00722	0.00494	0.00597	0.00597	0.00616	0.00512	0.00369	0.00759	0.00741	0.01006	0.01521	0.02990	0.01694	0.66043	0.18815	0.00550	0.00661	0.00685	0.00295	0.00332
21	0.00974	0.00925	0.01491	0.60579	0.04980	0.01179	0.01299	0.01251	0.00945	0.01260	0.00858	0.01329	0.00696	0.02752	0.00786	0.00185	0.17287	0.00449	0.00224	0.00552
22	0.01169	0.01740	0.32092	0.01755	0.11740	0.01155	0.26107	0.03853	0.03255	0.04675	0.01017	0.01219	0.00753	0.00460	0.00508	0.00154	0.00699	0.00456	0.00267	0.06926
23	0.01034	0.00886	0.01034	0.00738	0.01181	0.00664	0.00591	0.01255	0.01034	0.01624	0.00886	0.01034	0.00738	0.00369	0.00369	0.00074	0.00369	0.00295	0.00295	0.85530
24	0.00706	0.00511	0.00712	0.00723	0.00783	0.00566	0.00523	0.00828	0.00795	0.01118	0.01530	0.09865	0.01589	0.24328	0.52386	0.00661	0.01012	0.00668	0.00295	0.00403
25	0.01123	0.01259	0.02718	0.01968	0.02428	0.01180	0.70293	0.01512	0.01156	0.01566	0.01172	0.08965	0.00996	0.00528	0.00593	0.00171	0.00788	0.00666	0.00272	0.00647
26	0.00717	0.00536	0.00644	0.00618	0.00757	0.00493	0.00462	0.00966	0.04948	0.03113	0.47746	0.08526	0.26426	0.01100	0.00586	0.00163	0.00254	0.00953	0.00517	0.00473
27	0.00607	0.00436	0.00576	0.00688	0.00721	0.00405	0.00460	0.00695	0.00961	0.01275	0.02827	0.79486	0.05916	0.01551	0.00635	0.00201	0.00288	0.01404	0.00463	0.00405
28	0.00633	0.00504	0.00567	0.00556	0.00701	0.00439	0.00415	0.00798	0.01232	0.01585	0.32376	0.06933	0.49135	0.01182	0.00590	0.00165	0.00247	0.01008	0.00495	0.00439
29	0.01333	0.82783	0.02612	0.00853	0.01279	0.01972	0.00853	0.01493	0.01013	0.01173	0.00693	0.00800	0.00640	0.00426	0.00320	0.00107	0.00533	0.00267	0.00213	0.00640
30	0.68515	0.00940	0.00821	0.00704	0.01028	0.01038	0.00580	0.01666	0.00969	0.18412	0.00960	0.00995	0.00685	0.00495	0.00349	0.00154	0.00394	0.00318	0.00373	0.00604
31	0.01268	0.01085	0.01143	0.01020	0.01307	0.01253	0.00796	0.05835	0.75241	0.02130	0.01993	0.01832	0.01493	0.00673	0.00507	0.00168	0.00401	0.00559	0.00507	0.00791
32	0.00717	0.00481	0.00544	0.00549	0.00554	0.00479	0.00310	0.00723	0.00742	0.00987	0.01685	0.06722	0.03292	0.77477	0.02419	0.00465	0.00471	0.00761	0.00312	0.00309
33	0.01227	0.00598	0.00662	0.00591	0.00776	0.00589	0.00461	0.05310	0.03238	0.16237	0.01678	0.01795	0.01254	0.00591	0.00388	0.00126	0.00288	0.00473	0.63154	0.00563
34	0.00893	0.00804	0.01369	0.01172	0.03680	0.00836	0.20750	0.01064	0.00920	0.01265	0.02677	0.08698	0.01546	0.30037	0.08641	0.00348	0.09645	0.04878	0.00300	0.00474
35	0.02104	0.00854	0.01141	0.00888	0.01254	0.00759	0.00732	0.06373	0.01469	0.69700	0.05925	0.01869	0.01432	0.00655	0.00510	0.00156	0.00422	0.02335	0.00603	0.00819
36	0.02217	0.00879	0.01176	0.00901	0.01288	0.00778	0.00745	0.06618	0.01478	0.75457	0.01924	0.01669	0.01212	0.00616	0.00501	0.00154	0.00431	0.00498	0.00610	0.00848
37	0.00726	0.00484	0.00657	0.03194	0.00841	0.00471	0.00510	0.00829	0.00952	0.05606	0.02432	0.62207	0.02805	0.07234	0.08286	0.00274	0.00420	0.01205	0.00434	0.00431
38	0.01231	0.04053	0.13889	0.02216	0.33081	0.08608	0.23003	0.01605	0.02818	0.01562	0.00988	0.02851	0.00805	0.00475	0.00511	0.00154	0.00701	0.00479	0.00253	0.00716
39	0.04936	0.06354	0.06403	0.01194	0.01478	0.50572	0.02424	0.02913	0.01284	0.05385	0.01031	0.01175	0.04028	0.01985	0.00576	0.00147	0.06856	0.00382	0.00282	0.00596

[dist]
# distance from previous block
# <min> <max>
14	38

[block]
# block no. 1 follows, 50 sequences, length 19
# corresponding to MSA columns:
# 305-323
name=unknown_B
#
# <colnr> <probs for GDERKNQSTAVLIFYWHMCP>
#	G	D	E	R	K	N	Q	S	T	A	V	L	I	F	Y	W	H	M	C	P
0	0.02658	0.08784	0.40881	0.01300	0.03137	0.03243	0.07540	0.03742	0.04453	0.15258	0.01124	0.01200	0.00796	0.00499	0.00471	0.00150	0.00639	0.00407	0.00311	0.03405
1	0.00921	0.14932	0.01035	0.00700	0.00898	0.00790	0.00561	0.01191	0.06861	0.06616	0.34011	0.12359	0.15322	0.00968	0.00536	0.00156	0.00320	0.00825	0.00468	0.00532
2	0.01349	0.01221	0.01931	0.02725	0.65780	0.01247	0.01428	0.14835	0.01346	0.01893	0.00983	0.01227	0.00800	0.00471	0.00494	0.00148	0.00585	0.00445	0.00291	0.00800
3	0.00730	0.00582	0.00771	0.00791	0.00840	0.00625	0.00567	0.00822	0.00907	0.01257	0.02159	0.55949	0.02541	0.08258	0.00955	0.00221	0.14507	0.01113	0.00395	0.06011
4	0.00609	0.00447	0.00572	0.00666	0.00717	0.00410	0.00452	0.00707	0.00998	0.01313	0.06299	0.68454	0.13529	0.01498	0.00628	0.00196	0.00282	0.01346	0.00466	0.00410
5	0.01201	0.01021	0.01089	0.00977	0.01245	0.01168	0.00760	0.04468	0.68402	0.02104	0.10053	0.02037	0.01836	0.00710	0.00515	0.00167	0.00382	0.00596	0.00511	0.00757
6	0.01129	0.00959	0.01031	0.00958	0.01196	0.01094	0.00732	0.02307	0.64934	0.01943	0.02154	0.15884	0.01832	0.00831	0.00530	0.00175	0.00376	0.00713	0.00499	0.00722
7	0.01314	0.01089	0.01917	0.07272	0.15498	0.01028	0.27359	0.02978	0.02762	0.14290	0.01159	0.01360	0.00867	0.00591	0.03624	0.00170	0.00641	0.00483	0.00326	0.15274
8	0.00941	0.00834	0.14338	0.00632	0.00856	0.00586	0.00609	0.01234	0.01047	0.01809	0.01498	0.01718	0.01165	0.00562	0.00370	0.00123	0.00320	0.00448	0.70397	0.00512
9	0.00903	0.00698	0.01054	0.00867	0.01101	0.00632	0.13929	0.01152	0.03077	0.08963	0.26166	0.03456	0.32498	0.00955	0.00574	0.00163	0.00369	0.00852	0.02062	0.00529
10	0.00823	0.00658	0.00688	0.00630	0.00831	0.00619	0.00486	0.14173	0.01353	0.01687	0.07687	0.07133	0.59117	0.01147	0.00575	0.00166	0.00305	0.00954	0.00473	0.00497
11	0.00855	0.00672	0.00804	0.00811	0.00948	0.00702	0.00629	0.06863	0.12106	0.01594	0.04005	0.29135	0.17374	0.01227	0.00657	0.00193	0.04336	0.16116	0.00460	0.00514
12	0.01031	0.02363	0.66459	0.01539	0.02236	0.01176	0.15067	0.01582	0.01074	0.01582	0.00914	0.01103	0.00653	0.00464	0.00494	0.00160	0.00755	0.00407	0.00218	0.00725
13	0.01276	0.00986	0.01082	0.00967	0.01238	0.01098	0.00764	0.07147	0.54696	0.08239	0.06597	0.02291	0.04224	0.00758	0.00527	0.00170	0.00398	0.06287	0.00513	0.00742
14	0.01057	0.08301	0.71443	0.01370	0.02072	0.01231	0.01737	0.04389	0.01097	0.01607	0.00891	0.01040	0.00640	0.00475	0.00463	0.00154	0.00715	0.00364	0.00221	0.00734
15	0.01436	0.01425	0.04772	0.03395	0.43774	0.14346	0.01281	0.12197	0.04210	0.04590	0.01068	0.03334	0.00874	0.00523	0.00491	0.00148	0.00622	0.00453	0.00310	0.00749
16	0.00602	0.00455	0.00556	0.00637	0.00708	0.00410	0.00438	0.00700	0.01009	0.01295	0.03437	0.58975	0.26034	0.01472	0.00622	0.00192	0.00278	0.01308	0.00463	0.00410
17	0.60842	0.00960	0.00870	0.00735	0.01062	0.01055	0.00605	0.07055	0.01079	0.18449	0.01014	0.01044	0.00721	0.00507	0.00363	0.00153	0.00402	0.00335	0.02126	0.00624
18	0.07385	0.01025	0.01395	0.01571	0.26367	0.01021	0.00970	0.10641	0.01256	0.12061	0.03091	0.01433	0.04269	0.00553	0.00542	0.00140	0.06230	0.00447	0.02007	0.17597

[dist]
# distance from previous block
# <min> <max>
0	3

[block]
# block no. 2 follows, 50 sequences, length 20
# corresponding to MSA columns:
# 327-346
name=unknown_C
#
# <colnr> <probs for GDERKNQSTAVLIFYWHMCP>
#	G	D	E	R	K	N	Q	S	T	A	V	L	I	F	Y	W	H	M	C	P
0	0.08204	0.01188	0.04407	0.03099	0.24207	0.04742	0.06888	0.09210	0.01288	0.17943	0.01144	0.01251	0.00842	0.00489	0.00467	0.00140	0.00544	0.00423	0.00359	0.13163
1	0.00798	0.00550	0.00689	0.00692	0.00806	0.00529	0.00500	0.01067	0.08278	0.06065	0.31515	0.33151	0.08103	0.04081	0.00663	0.00187	0.00291	0.01046	0.00502	0.00487
2	0.04137	0.01052	0.01140	0.03531	0.04567	0.12079	0.02161	0.06212	0.11344	0.06638	0.06833	0.01812	0.01351	0.09999	0.16726	0.00323	0.08637	0.00523	0.00352	0.00582
3	0.71656	0.00969	0.00816	0.00702	0.01025	0.01085	0.00578	0.04818	0.00974	0.09771	0.00845	0.00919	0.00626	0.00481	0.00337	0.00152	0.00396	0.00301	0.00346	0.03204
4	0.02075	0.00860	0.01137	0.00887	0.01251	0.00774	0.00728	0.05106	0.05711	0.67868	0.06669	0.01811	0.01448	0.00644	0.00507	0.00155	0.00415	0.00527	0.00602	0.00822
5	0.00934	0.00704	0.00871	0.00932	0.03706	0.00741	0.00709	0.05969	0.16798	0.01668	0.02285	0.21141	0.02354	0.04622	0.00680	0.00207	0.00405	0.29077	0.05654	0.00542
6	0.00978	0.00882	0.01489	0.01215	0.01455	0.00887	0.24707	0.03745	0.08753	0.03167	0.09644	0.19675	0.05632	0.04411	0.00738	0.00194	0.05286	0.06184	0.00392	0.00564
7	0.00597	0.00498	0.00521	0.00530	0.00682	0.00422	0.00392	0.00726	0.01134	0.01376	0.08968	0.12228	0.67660	0.01278	0.00594	0.00171	0.00255	0.01079	0.00468	0.00422
8	0.00720	0.00519	0.00719	0.00704	0.00811	0.00478	0.03134	0.00902	0.01226	0.03653	0.43662	0.32046	0.07133	0.01195	0.00603	0.00174	0.00281	0.01074	0.00505	0.00461
9	0.01223	0.01174	0.02004	0.05852	0.76663	0.01182	0.01525	0.01521	0.01130	0.01616	0.00936	0.01237	0.00785	0.00446	0.00494	0.00149	0.00595	0.00444	0.00246	0.00781
10	0.01240	0.01364	0.02480	0.06008	0.24651	0.07948	0.45622	0.01596	0.01176	0.01559	0.00962	0.01274	0.00752	0.00439	0.00545	0.00159	0.00766	0.00517	0.00250	0.00692
11	0.00721	0.00500	0.00629	0.00629	0.00659	0.00530	0.00409	0.00780	0.00750	0.01030	0.01492	0.02828	0.01624	0.56288	0.28474	0.00589	0.00767	0.00661	0.00290	0.00350
12	0.19268	0.00841	0.00984	0.00817	0.01101	0.00839	0.00655	0.04291	0.01156	0.29257	0.04164	0.10299	0.03067	0.01946	0.01752	0.00169	0.06771	0.00549	0.00443	0.11631
13	0.00672	0.00513	0.00619	0.00614	0.00737	0.00468	0.00452	0.00887	0.03498	0.01700	0.43577	0.16262	0.25844	0.01164	0.00593	0.00168	0.00253	0.01016	0.00509	0.00455
14	0.01091	0.01091	0.01527	0.01309	0.01309	0.01527	0.01091	0.01200	0.00763	0.01200	0.00654	0.01091	0.00654	0.00872	0.01636	0.00218	0.81570	0.00436	0.00218	0.00545
15	0.01116	0.01207	0.08588	0.23016	0.48179	0.01155	0.01474	0.01435	0.01078	0.01509	0.01015	0.01328	0.02728	0.00497	0.00537	0.00157	0.03580	0.00452	0.00241	0.00706
16	0.00929	0.00465	0.00465	0.00465	0.00581	0.00465	0.00348	0.01161	0.01045	0.01858	0.01626	0.01858	0.01278	0.00581	0.00348	0.00116	0.00232	0.00465	0.85250	0.00465
17	0.67454	0.01070	0.02740	0.00795	0.02831	0.02865	0.00644	0.06747	0.04596	0.02218	0.00809	0.00910	0.00624	0.00479	0.00344	0.00151	0.00421	0.00304	0.00325	0.03672
18	0.01091	0.01091	0.01527	0.01309	0.01309	0.01527	0.01091	0.01200	0.00763	0.01200	0.00654	0.01091	0.00654	0.00872	0.01636	0.00218	0.81570	0.00436	0.00218	0.00545
19	0.06396	0.03448	0.53722	0.01501	0.09779	0.04525	0.03326	0.03439	0.02953	0.04999	0.00961	0.01102	0.00697	0.00484	0.00467	0.00155	0.00680	0.00384	0.00254	0.00729

[dist]
# distance from previous block
# <min> <max>
0	1

[block]
# block no. 3 follows, 50 sequences, length 14
# corresponding to MSA columns:
# 348-361
name=unknown_D
#
# <colnr> <probs for GDERKNQSTAVLIFYWHMCP>
#	G	D	E	R	K	N	Q	S	T	A	V	L	I	F	Y	W	H	M	C	P
0	0.01286	0.01390	0.08923	0.08743	0.34662	0.08764	0.07311	0.06063	0.02837	0.03823	0.02461	0.01259	0.00841	0.00530	0.00614	0.00158	0.08899	0.00449	0.00276	0.00710
1	0.01179	0.00918	0.01072	0.00781	0.01212	0.00736	0.00627	0.05762	0.03314	0.07607	0.01017	0.01116	0.00804	0.00410	0.00390	0.00087	0.00384	0.00327	0.00337	0.71919
2	0.00685	0.00540	0.00622	0.00605	0.00749	0.00496	0.00452	0.00941	0.06358	0.01679	0.37440	0.09391	0.35949	0.01136	0.00586	0.00166	0.00257	0.00978	0.00504	0.00466
3	0.03370	0.03744	0.01286	0.00982	0.01349	0.02840	0.00797	0.32358	0.16103	0.10659	0.01393	0.04157	0.01062	0.00594	0.00469	0.00139	0.00466	0.00468	0.00454	0.17311
4	0.69560	0.00941	0.00816	0.00701	0.01024	0.01042	0.00578	0.01654	0.00962	0.17446	0.00944	0.00984	0.00676	0.00493	0.00346	0.00154	0.00393	0.00315	0.00369	0.00600
5	0.01745	0.03536	0.01342	0.01036	0.01385	0.01265	0.00850	0.47505	0.07825	0.16171	0.03333	0.06321	0.01268	0.00697	0.00512	0.00157	0.00489	0.03266	0.00509	0.00788
6	0.01354	0.03420	0.14919	0.02012	0.31809	0.04910	0.12128	0.06758	0.02782	0.10483	0.01222	0.01377	0.03501	0.00511	0.00502	0.00152	0.00627	0.00472	0.00312	0.00748
7	0.00929	0.00465	0.00465	0.00465	0.00581	0.00465	0.00348	0.01161	0.01045	0.01858	0.01626	0.01858	0.01278	0.00581	0.00348	0.00116	0.00232	0.00465	0.85250	0.00465
8	0.00612	0.00473	0.00540	0.00588	0.00679	0.00421	0.00405	0.00708	0.01013	0.01272	0.03692	0.36832	0.38719	0.10689	0.00832	0.00219	0.00294	0.01166	0.00444	0.00401
9	0.03694	0.00930	0.04129	0.10335	0.25660	0.00906	0.07345	0.01264	0.02530	0.04056	0.01591	0.26299	0.01632	0.02250	0.00612	0.00180	0.02765	0.02883	0.00335	0.00604
10	0.01777	0.01328	0.01539	0.01187	0.01579	0.01451	0.06417	0.59645	0.11622	0.06290	0.01320	0.01311	0.00941	0.00596	0.00506	0.00154	0.00545	0.00475	0.00487	0.00828
11	0.00803	0.00574	0.00803	0.00918	0.01033	0.00574	0.00803	0.01033	0.01147	0.01492	0.02639	0.05622	0.02869	0.01377	0.00688	0.00229	0.00459	0.76018	0.00459	0.00459
12	0.00886	0.00656	0.00758	0.00723	0.00894	0.00656	0.00543	0.01361	0.20606	0.06329	0.24607	0.17275	0.20626	0.01061	0.00571	0.00170	0.00300	0.00919	0.00507	0.00550
13	0.43122	0.03335	0.01332	0.05109	0.28017	0.01202	0.00971	0.03883	0.01000	0.01923	0.00800	0.01007	0.00650	0.00485	0.00465	0.00155	0.05270	0.00353	0.00281	0.00639

[dist]
# distance from previous block
# <min> <max>
0	3

[block]
# block no. 4 follows, 50 sequences, length 30
# corresponding to MSA columns:
# 365-394
name=unknown_E
#
# <colnr> <probs for GDERKNQSTAVLIFYWHMCP>
#	G	D	E	R	K	N	Q	S	T	A	V	L	I	F	Y	W	H	M	C	P
0	0.02571	0.13740	0.10803	0.01222	0.10292	0.02460	0.00985	0.17792	0.10162	0.04294	0.03566	0.01328	0.02616	0.00532	0.00447	0.00133	0.00507	0.00420	0.00355	0.15773
1	0.06196	0.01417	0.03040	0.01281	0.09051	0.16317	0.03285	0.30889	0.07724	0.03233	0.01167	0.01308	0.00903	0.03453	0.00557	0.00158	0.01699	0.00437	0.07176	0.00707
2	0.01034	0.01026	0.01499	0.54756	0.02741	0.05691	0.01280	0.01294	0.00956	0.01250	0.00816	0.01239	0.00660	0.00602	0.00809	0.00178	0.22958	0.00434	0.00223	0.00553
3	0.00712	0.00534	0.00801	0.00801	0.00890	0.00623	0.00623	0.00890	0.00801	0.01157	0.01335	0.01958	0.01246	0.03738	0.80507	0.00801	0.01335	0.00534	0.00267	0.00445
4	0.00608	0.00505	0.00529	0.00535	0.00689	0.00430	0.00401	0.00740	0.01138	0.01383	0.09606	0.07610	0.67137	0.03055	0.00637	0.00178	0.00265	0.03666	0.00465	0.00422
5	0.00657	0.00500	0.00597	0.00586	0.00709	0.00448	0.00431	0.00832	0.01248	0.01666	0.43444	0.10696	0.30650	0.04497	0.00672	0.00178	0.00256	0.00991	0.00501	0.00440
6	0.02174	0.00830	0.01124	0.00867	0.01240	0.00720	0.00714	0.02369	0.01409	0.76033	0.01950	0.01704	0.01236	0.00615	0.00494	0.00152	0.00415	0.00500	0.04623	0.00830
7	0.01361	0.01131	0.01196	0.01039	0.01342	0.01297	0.00818	0.16576	0.64347	0.02281	0.01874	0.01737	0.01397	0.00662	0.00506	0.00165	0.00423	0.00542	0.00506	0.00800
8	0.01176	0.01345	0.02941	0.02101	0.02605	0.01261	0.77563	0.01597	0.01176	0.01597	0.01008	0.01345	0.00756	0.00420	0.00588	0.00168	0.00840	0.00588	0.00252	0.00672
9	0.01333	0.82783	0.02612	0.00853	0.01279	0.01972	0.00853	0.01493	0.01013	0.01173	0.00693	0.00800	0.00640	0.00426	0.00320	0.00107	0.00533	0.00267	0.00213	0.00640
10	0.00989	0.00928	0.01565	0.64397	0.16966	0.01102	0.01390	0.01311	0.01027	0.01345	0.00958	0.01465	0.00765	0.00520	0.00504	0.00165	0.00644	0.03133	0.00234	0.00593
11	0.03367	0.31780	0.23173	0.03904	0.01578	0.05171	0.01107	0.07872	0.03534	0.05870	0.01076	0.07525	0.00926	0.00570	0.00430	0.00141	0.00578	0.00433	0.00292	0.00672
12	0.00607	0.00434	0.00578	0.00694	0.00723	0.00405	0.00463	0.00694	0.00954	0.01272	0.02747	0.82157	0.03297	0.01562	0.00636	0.00202	0.00289	0.01417	0.00463	0.00405
13	0.01176	0.01345	0.02941	0.02101	0.02605	0.01261	0.77563	0.01597	0.01176	0.01597	0.01008	0.01345	0.00756	0.00420	0.00588	0.00168	0.00840	0.00588	0.00252	0.00672
14	0.05265	0.19668	0.26757	0.01303	0.09064	0.08353	0.01213	0.05441	0.07142	0.06792	0.01023	0.01134	0.00786	0.00610	0.03270	0.00166	0.00641	0.00378	0.00289	0.00704
15	0.01246	0.01059	0.03720	0.09636	0.25798	0.01057	0.06769	0.13529	0.04219	0.06345	0.01514	0.01704	0.08944	0.00743	0.01976	0.06995	0.01633	0.00525	0.01919	0.00670
16	0.00795	0.00495	0.00649	0.00690	0.00777	0.00453	0.00484	0.00919	0.01087	0.09525	0.16115	0.54536	0.06950	0.03230	0.00656	0.00194	0.00296	0.01198	0.00490	0.00461
17	0.00945	0.00891	0.01535	0.65987	0.05840	0.01069	0.06084	0.01269	0.01016	0.01325	0.03653	0.01447	0.00850	0.00700	0.05218	0.00203	0.00697	0.00473	0.00238	0.00560
18	0.01240	0.04173	0.07216	0.08105	0.29380	0.10017	0.08593	0.09161	0.01281	0.01678	0.05834	0.04516	0.05431	0.00591	0.00507	0.00152	0.00609	0.00530	0.00306	0.00680
19	0.00753	0.00630	0.00839	0.04814	0.10482	0.00615	0.00639	0.00979	0.04324	0.01538	0.20453	0.18922	0.29001	0.01096	0.00603	0.00171	0.02251	0.00951	0.00440	0.00498
20	0.01223	0.00910	0.01074	0.00778	0.01212	0.00721	0.00627	0.05599	0.01152	0.10940	0.01031	0.01121	0.00803	0.00411	0.00392	0.00087	0.00386	0.00328	0.00345	0.70862
21	0.81072	0.00957	0.00758	0.00669	0.00982	0.01095	0.00551	0.01522	0.00882	0.06798	0.00769	0.00862	0.00581	0.00472	0.00320	0.00154	0.00388	0.00284	0.00327	0.00558
22	0.00881	0.00640	0.00851	0.12372	0.01215	0.00655	0.00645	0.01245	0.09319	0.06229	0.51050	0.03074	0.06409	0.00886	0.00557	0.00159	0.00325	0.00775	0.02179	0.00535
23	0.01005	0.00829	0.00960	0.00711	0.01108	0.00637	0.00567	0.01225	0.01041	0.01634	0.01122	0.01333	0.03235	0.00440	0.00382	0.00084	0.00355	0.02152	0.07989	0.73191
24	0.00624	0.00456	0.00587	0.00662	0.00722	0.00419	0.00455	0.00743	0.01060	0.01418	0.17447	0.59191	0.11523	0.01427	0.00622	0.00190	0.00275	0.01281	0.00479	0.00419
25	0.00638	0.00472	0.00588	0.00668	0.00738	0.00437	0.00475	0.00746	0.01003	0.01294	0.03168	0.48040	0.20559	0.07943	0.00784	0.00221	0.00319	0.11051	0.00449	0.00407
26	0.00713	0.00532	0.00790	0.00790	0.00876	0.00617	0.00610	0.00883	0.00798	0.01149	0.01345	0.02012	0.01269	0.06973	0.77304	0.00788	0.01300	0.00542	0.00268	0.00439
27	0.00615	0.00441	0.00572	0.00672	0.00707	0.00412	0.00446	0.00698	0.00947	0.01254	0.02787	0.71923	0.07400	0.07634	0.00777	0.00222	0.00302	0.01345	0.00451	0.00398
28	0.01168	0.04097	0.01555	0.01290	0.01328	0.08629	0.01071	0.01281	0.00830	0.01200	0.00666	0.01063	0.00653	0.00824	0.01483	0.00206	0.71462	0.00420	0.00221	0.00552
29	0.32619	0.01267	0.01412	0.01371	0.12700	0.13640	0.11832	0.05366	0.02843	0.01836	0.01053	0.02980	0.02768	0.00559	0.00484	0.00157	0.03440	0.02753	0.00306	0.00614

[dist]
# distance from previous block
# <min> <max>
0	1

[block]
# block no. 5 follows, 50 sequences, length 17
# corresponding to MSA columns:
# 396-412
name=unknown_F
#
# <colnr> <probs for GDERKNQSTAVLIFYWHMCP>
#	G	D	E	R	K	N	Q	S	T	A	V	L	I	F	Y	W	H	M	C	P
0	0.01280	0.01048	0.01724	0.03797	0.48422	0.01027	0.05675	0.04033	0.01201	0.10981	0.04490	0.08739	0.01229	0.00592	0.00513	0.00153	0.00536	0.00562	0.00333	0.03665
1	0.01602	0.00936	0.01108	0.00919	0.01227	0.00963	0.00735	0.12000	0.27224	0.30847	0.14868	0.02027	0.01864	0.00702	0.00517	0.00159	0.00399	0.00583	0.00554	0.00765
2	0.01015	0.00865	0.01013	0.00732	0.01157	0.00654	0.00584	0.01238	0.01055	0.01645	0.05254	0.01184	0.00960	0.00405	0.00381	0.00078	0.00362	0.00329	0.00309	0.80780
3	0.01035	0.00874	0.00941	0.00860	0.01092	0.00963	0.00663	0.02017	0.51488	0.01954	0.17518	0.02677	0.14157	0.00834	0.00536	0.00167	0.00341	0.00705	0.00508	0.00670
4	0.00619	0.00442	0.00591	0.00707	0.00741	0.00415	0.00483	0.00714	0.00966	0.01285	0.02741	0.77692	0.03272	0.01551	0.00639	0.00204	0.00299	0.05770	0.00462	0.00408
5	0.01060	0.07819	0.52357	0.01479	0.10734	0.01128	0.03199	0.01516	0.01095	0.04269	0.06309	0.04707	0.01063	0.00554	0.00483	0.00155	0.00644	0.00460	0.00263	0.00706
6	0.01441	0.01101	0.04765	0.03634	0.08518	0.00961	0.17605	0.05046	0.03344	0.22357	0.01244	0.01335	0.00896	0.00489	0.00505	0.00137	0.02120	0.00451	0.00374	0.23677
7	0.01034	0.00886	0.01034	0.00738	0.01181	0.00664	0.00591	0.01255	0.01034	0.01624	0.00886	0.01034	0.00738	0.00369	0.00369	0.00074	0.00369	0.00295	0.00295	0.85530
8	0.01854	0.01356	0.01452	0.01118	0.01505	0.01500	0.00922	0.74441	0.02288	0.03087	0.01215	0.01225	0.00866	0.00598	0.00492	0.00148	0.00535	0.00449	0.04119	0.00831
9	0.01138	0.08897	0.25682	0.03213	0.13701	0.01174	0.14520	0.03295	0.01103	0.03315	0.00987	0.03977	0.00806	0.00503	0.00525	0.00146	0.04067	0.00445	0.00260	0.12245
10	0.04049	0.00851	0.02563	0.00940	0.04413	0.00782	0.00728	0.02026	0.12740	0.43401	0.15654	0.04989	0.03174	0.00727	0.00517	0.00159	0.00390	0.00612	0.00549	0.00736
11	0.01802	0.07593	0.01568	0.01128	0.01509	0.03118	0.00940	0.65304	0.04806	0.02853	0.01161	0.01180	0.00845	0.00595	0.00522	0.00149	0.03215	0.00436	0.00463	0.00815
12	0.00978	0.00971	0.04793	0.16647	0.17646	0.00964	0.10046	0.02994	0.04600	0.01520	0.06997	0.07010	0.08926	0.02852	0.05768	0.00216	0.03873	0.02283	0.00320	0.00597
13	0.01210	0.09238	0.20189	0.09166	0.27378	0.02437	0.09612	0.06009	0.03678	0.03134	0.01062	0.01268	0.02421	0.00490	0.00485	0.00151	0.00639	0.00441	0.00268	0.00722
14	0.01108	0.02274	0.01175	0.10516	0.08504	0.00876	0.02134	0.01265	0.00990	0.13136	0.05273	0.02043	0.03514	0.09512	0.12939	0.07084	0.12907	0.03876	0.00332	0.00542
15	0.01878	0.00800	0.01062	0.00849	0.01174	0.00718	0.00687	0.03821	0.04695	0.59250	0.14084	0.05360	0.01867	0.00721	0.00521	0.00157	0.00390	0.00604	0.00592	0.00768
16	0.09575	0.02789	0.19399	0.04272	0.14460	0.05619	0.12805	0.04663	0.02559	0.08124	0.01129	0.05486	0.00926	0.00573	0.00540	0.00161	0.04038	0.01894	0.00304	0.00684

[dist]
# distance from previous block
# <min> <max>
7	12

[block]
# block no. 6 follows, 50 sequences, length 11
# corresponding to MSA columns:
# 425-435
name=unknown_G
#
# <colnr> <probs for GDERKNQSTAVLIFYWHMCP>
#	G	D	E	R	K	N	Q	S	T	A	V	L	I	F	Y	W	H	M	C	P
0	0.07417	0.04412	0.19205	0.03463	0.12120	0.01129	0.12761	0.06905	0.09767	0.04698	0.05271	0.01540	0.02687	0.00558	0.00488	0.00156	0.00570	0.01462	0.04703	0.00691
1	0.06376	0.04514	0.06878	0.01233	0.09059	0.04006	0.08427	0.04664	0.09077	0.03523	0.06925	0.03241	0.02842	0.05051	0.00940	0.14281	0.07551	0.00521	0.00321	0.00569
2	0.01144	0.10632	0.28984	0.01435	0.01960	0.01190	0.25539	0.01533	0.01102	0.05994	0.01217	0.01386	0.05576	0.00516	0.00539	0.00152	0.03772	0.00474	0.00269	0.06584
3	0.07094	0.03192	0.23034	0.04200	0.22456	0.04952	0.06151	0.03226	0.03836	0.06188	0.03989	0.03817	0.04571	0.00569	0.00489	0.00155	0.00595	0.00491	0.00303	0.00695
4	0.03602	0.06615	0.40852	0.01516	0.13217	0.04579	0.05253	0.01555	0.03055	0.04564	0.03255	0.04320	0.04338	0.00565	0.00483	0.00155	0.00634	0.00472	0.00275	0.00695
5	0.01259	0.01178	0.01271	0.03892	0.15423	0.15039	0.00921	0.01787	0.22457	0.06023	0.07602	0.07336	0.04090	0.00829	0.03518	0.00185	0.05564	0.00585	0.00385	0.00656
6	0.04047	0.00515	0.00594	0.00625	0.00735	0.00478	0.00448	0.02319	0.01106	0.01478	0.15087	0.34256	0.29419	0.04279	0.00668	0.00192	0.00288	0.02572	0.00465	0.00432
7	0.01309	0.09548	0.16957	0.01909	0.29651	0.03791	0.06362	0.08978	0.08322	0.04438	0.01057	0.01218	0.00822	0.00503	0.00513	0.00151	0.02992	0.00431	0.00297	0.00751
8	0.01134	0.04782	0.17090	0.01399	0.14562	0.03964	0.02752	0.07404	0.10956	0.03235	0.07053	0.07310	0.01422	0.04886	0.05167	0.00213	0.03811	0.01858	0.00342	0.00659
9	0.00670	0.00484	0.00646	0.00744	0.00812	0.00460	0.00558	0.00811	0.01052	0.01391	0.08154	0.50136	0.07408	0.01454	0.00646	0.00205	0.00333	0.23141	0.00468	0.00426
10	0.01175	0.01166	0.04238	0.12622	0.64762	0.01151	0.01494	0.01481	0.01116	0.01578	0.00993	0.01402	0.00846	0.00486	0.00501	0.00154	0.00601	0.03237	0.00250	0.00747

[dist]
# distance from previous block
# <min> <max>
10	20

[block]
# block no. 7 follows, 50 sequences, length 23
# corresponding to MSA columns:
# 456-478
name=unknown_H
#
# <colnr> <probs for GDERKNQSTAVLIFYWHMCP>
#	G	D	E	R	K	N	Q	S	T	A	V	L	I	F	Y	W	H	M	C	P
0	0.05616	0.01055	0.01639	0.08868	0.43541	0.01068	0.03737	0.04712	0.02391	0.01691	0.04673	0.02748	0.04506	0.00541	0.00510	0.00147	0.02279	0.00489	0.00294	0.09495
1	0.01099	0.01015	0.01664	0.09762	0.54942	0.01034	0.01266	0.01377	0.02603	0.01538	0.05281	0.01738	0.03679	0.10036	0.00740	0.00190	0.00552	0.00523	0.00279	0.00682
2	0.01136	0.01070	0.01789	0.21161	0.50046	0.01137	0.03070	0.02965	0.01099	0.01533	0.02385	0.01405	0.00881	0.04807	0.00644	0.00173	0.03282	0.00470	0.00254	0.00693
3	0.01146	0.01094	0.01835	0.25234	0.53422	0.01174	0.01457	0.01474	0.02985	0.01525	0.00941	0.01272	0.00768	0.00478	0.00530	0.00156	0.03102	0.00446	0.00245	0.00715
4	0.11593	0.01116	0.01755	0.15799	0.53896	0.01178	0.01361	0.04559	0.01126	0.01705	0.00910	0.01196	0.00740	0.00462	0.00472	0.00152	0.00577	0.00423	0.00260	0.00722
5	0.01137	0.00985	0.01517	0.15724	0.35249	0.00975	0.01139	0.01423	0.02563	0.05674	0.03410	0.02900	0.04192	0.00528	0.00497	0.00139	0.01943	0.00472	0.00298	0.19235
6	0.22223	0.01130	0.01628	0.03643	0.48487	0.01212	0.01217	0.05915	0.01105	0.01830	0.00871	0.01118	0.00719	0.00489	0.00530	0.00155	0.06342	0.00401	0.00274	0.00709
7	0.63462	0.01342	0.00915	0.00824	0.01119	0.22380	0.00653	0.01606	0.00999	0.01964	0.00715	0.00834	0.00567	0.00476	0.00346	0.00147	0.00523	0.00284	0.00295	0.00550
8	0.01085	0.00894	0.01070	0.00820	0.03740	0.00684	0.00627	0.01307	0.01051	0.04505	0.00927	0.01065	0.00758	0.00381	0.00378	0.00079	0.00378	0.00308	0.00306	0.79636
9	0.01905	0.02198	0.01383	0.01238	0.01510	0.71222	0.00936	0.02041	0.01414	0.10334	0.00909	0.00991	0.00711	0.00526	0.00455	0.00131	0.00844	0.00342	0.00299	0.00609
10	0.01079	0.00920	0.01056	0.00781	0.01204	0.00753	0.00623	0.03343	0.10058	0.01716	0.01026	0.01134	0.00832	0.00411	0.00388	0.00087	0.00377	0.00330	0.00325	0.73557
11	0.00652	0.00490	0.00692	0.10058	0.01047	0.00492	0.00580	0.00772	0.00965	0.01279	0.02528	0.70466	0.02978	0.01433	0.00622	0.00199	0.00338	0.03552	0.00435	0.00424
12	0.01795	0.01337	0.01442	0.01099	0.01503	0.01443	0.00906	0.68834	0.02191	0.02965	0.01161	0.01178	0.00835	0.00572	0.00484	0.00141	0.00528	0.00431	0.00475	0.10680
13	0.00958	0.00549	0.00651	0.00771	0.09734	0.00548	0.00489	0.01198	0.01066	0.01836	0.03780	0.01840	0.01320	0.00577	0.00372	0.00121	0.00274	0.00475	0.72939	0.00502
14	0.01146	0.01079	0.01821	0.02729	0.68371	0.01075	0.01380	0.01413	0.01110	0.01579	0.01191	0.12554	0.01140	0.00600	0.00513	0.00156	0.00550	0.00580	0.00277	0.00736
15	0.01223	0.01169	0.01971	0.02937	0.75253	0.01157	0.01480	0.01515	0.01130	0.01628	0.00935	0.01223	0.00787	0.00440	0.00487	0.00144	0.00580	0.00436	0.00249	0.05255
16	0.01360	0.01210	0.01859	0.05754	0.57076	0.01245	0.01370	0.18144	0.01390	0.01944	0.00991	0.01224	0.00796	0.00478	0.00491	0.00147	0.00579	0.00441	0.00302	0.03199
17	0.01237	0.01175	0.01974	0.04561	0.54168	0.01154	0.10630	0.06236	0.01200	0.01709	0.00955	0.01224	0.00780	0.00443	0.00491	0.00142	0.00596	0.00445	0.00268	0.10612
18	0.01288	0.01247	0.01980	0.04961	0.54534	0.06059	0.10234	0.04229	0.03629	0.03329	0.01010	0.01276	0.00819	0.00548	0.02556	0.00167	0.00650	0.00461	0.00273	0.00750
19	0.01185	0.04142	0.05403	0.07575	0.41108	0.03673	0.05865	0.02741	0.04380	0.01625	0.03477	0.01286	0.00911	0.00468	0.00475	0.00138	0.00571	0.00435	0.00275	0.14267
20	0.01127	0.02738	0.01280	0.04741	0.18316	0.03333	0.01913	0.09282	0.07011	0.03081	0.16481	0.03227	0.07574	0.00659	0.00495	0.00139	0.00442	0.00569	0.00384	0.17208
21	0.07897	0.08298	0.06347	0.02193	0.08372	0.03082	0.09474	0.07125	0.06669	0.06944	0.19054	0.03975	0.02722	0.00659	0.00513	0.00151	0.01718	0.00567	0.00387	0.03852
22	0.03572	0.03685	0.10356	0.03766	0.13847	0.08321	0.13456	0.03005	0.13447	0.01657	0.05792	0.05119	0.02557	0.00679	0.02294	0.00170	0.01633	0.01860	0.00327	0.04457

[dist]
# distance from previous block
# <min> <max>
4	22

[block]
# block no. 8 follows, 50 sequences, length 20
# corresponding to MSA columns:
# 512-531
name=unknown_I
#
# <colnr> <probs for GDERKNQSTAVLIFYWHMCP>
#	G	D	E	R	K	N	Q	S	T	A	V	L	I	F	Y	W	H	M	C	P
0	0.11804	0.01297	0.09497	0.01684	0.25667	0.04132	0.03836	0.09877	0.12077	0.01892	0.03742	0.01442	0.03956	0.00567	0.00527	0.00155	0.04147	0.00466	0.00333	0.02900
1	0.03897	0.01284	0.09722	0.04948	0.13542	0.07163	0.01012	0.17488	0.09035	0.06575	0.10932	0.04129	0.03127	0.00641	0.00498	0.00151	0.00519	0.00531	0.00395	0.04411
2	0.26082	0.05749	0.03793	0.01105	0.08344	0.04674	0.05132	0.10428	0.03973	0.01927	0.04887	0.02848	0.07874	0.00602	0.00472	0.00148	0.02970	0.00466	0.00342	0.08184
3	0.10422	0.04847	0.07386	0.04223	0.31760	0.03919	0.02578	0.03165	0.03473	0.01646	0.01460	0.02013	0.06927	0.00654	0.00516	0.00161	0.01933	0.10541	0.00308	0.02067
4	0.02541	0.00975	0.01457	0.04159	0.43305	0.04292	0.01108	0.01319	0.01213	0.01691	0.22085	0.02314	0.04991	0.00697	0.00531	0.00156	0.00486	0.05683	0.00351	0.00648
5	0.01145	0.01038	0.05104	0.28134	0.32407	0.01036	0.01279	0.01439	0.01117	0.08408	0.05537	0.01622	0.05246	0.00563	0.00528	0.00157	0.02332	0.00501	0.00298	0.02109
6	0.01231	0.01167	0.01836	0.11287	0.57911	0.03618	0.01400	0.06249	0.01184	0.01643	0.01011	0.04668	0.00877	0.00523	0.00536	0.00154	0.03218	0.00482	0.00268	0.00737
7	0.01017	0.00966	0.01618	0.58798	0.20744	0.01149	0.01401	0.01328	0.01015	0.01351	0.00885	0.01294	0.00693	0.00507	0.00562	0.00165	0.05231	0.00443	0.00227	0.00607
8	0.01212	0.01178	0.01936	0.13397	0.67133	0.03371	0.01495	0.01508	0.01124	0.01570	0.00926	0.01237	0.00769	0.00453	0.00493	0.00150	0.00610	0.00441	0.00244	0.00752
9	0.01078	0.01026	0.01742	0.44640	0.39008	0.01143	0.01452	0.01394	0.01061	0.01440	0.00910	0.01284	0.00723	0.00473	0.00496	0.00158	0.00631	0.00444	0.00233	0.00664
10	0.00810	0.00695	0.00798	0.03383	0.07655	0.05218	0.00600	0.00996	0.01236	0.03161	0.27117	0.05231	0.35815	0.01046	0.00573	0.00164	0.00341	0.04215	0.00454	0.00491
11	0.01187	0.01136	0.01938	0.15616	0.67183	0.01172	0.01506	0.01489	0.01113	0.01571	0.00929	0.01249	0.00769	0.00453	0.00494	0.00151	0.00604	0.00444	0.00243	0.00752
12	0.00647	0.00521	0.00576	0.00591	0.00723	0.00471	0.00428	0.00845	0.05494	0.01432	0.12429	0.21686	0.47244	0.03810	0.00656	0.00185	0.00274	0.01079	0.00470	0.00440
13	0.01450	0.00951	0.01131	0.00834	0.01257	0.00810	0.00677	0.12703	0.01320	0.20737	0.01193	0.01218	0.00874	0.00463	0.00420	0.00104	0.00409	0.00368	0.00403	0.52680
14	0.01498	0.01179	0.01765	0.05248	0.31493	0.05577	0.11114	0.07270	0.03602	0.18454	0.01203	0.01334	0.00889	0.00497	0.00497	0.00147	0.00584	0.00461	0.00356	0.06829
15	0.01091	0.01091	0.01527	0.01309	0.01309	0.01527	0.01091	0.01200	0.00763	0.01200	0.00654	0.01091	0.00654	0.00872	0.01636	0.00218	0.81570	0.00436	0.00218	0.00545
16	0.00660	0.00499	0.00609	0.00599	0.00721	0.00448	0.00443	0.00846	0.01277	0.01724	0.48604	0.13225	0.26216	0.01153	0.00594	0.00165	0.00247	0.01006	0.00514	0.00448
17	0.01150	0.01094	0.01837	0.09679	0.65259	0.01107	0.01410	0.01436	0.01131	0.01589	0.03382	0.01550	0.06136	0.00520	0.00503	0.00151	0.00566	0.00497	0.00267	0.00735
18	0.01155	0.10611	0.53779	0.01305	0.01915	0.03684	0.04954	0.01680	0.05487	0.06705	0.03474	0.01207	0.00857	0.00506	0.00469	0.00152	0.00669	0.00403	0.00268	0.00721
19	0.01301	0.01221	0.18792	0.01098	0.01432	0.00928	0.05545	0.03320	0.02506	0.23120	0.05791	0.12928	0.03617	0.00809	0.00697	0.00175	0.12235	0.03419	0.00407	0.00660

[dist]
# distance from previous block
# <min> <max>
0	20

# created by:
# /st0/software/busco_prod/Augustus/scripts/msa2prfl.pl ./align_prep/117411.fa
