[name]
unknown

[dist]
# distance from previous block
# <min> <max>
2	875

[block]
# block no. 0 follows, 51 sequences, length 23
# corresponding to MSA columns:
# 875-897
name=unknown_A
#
# <colnr> <probs for GDERKNQSTAVLIFYWHMCP>
#	G	D	E	R	K	N	Q	S	T	A	V	L	I	F	Y	W	H	M	C	P
0	0.13741	0.00587	0.00634	0.00613	0.00769	0.00572	0.00456	0.00997	0.02575	0.05861	0.18813	0.13496	0.27308	0.07824	0.03451	0.00212	0.00337	0.00853	0.00440	0.00462
1	0.01286	0.01056	0.01072	0.00927	0.01182	0.07811	0.00726	0.18762	0.28417	0.04956	0.23174	0.03344	0.03655	0.00751	0.00519	0.00156	0.00418	0.00622	0.00491	0.00676
2	0.00620	0.00443	0.00565	0.00648	0.00684	0.00415	0.00428	0.00702	0.00938	0.01247	0.06368	0.62326	0.07246	0.13842	0.00907	0.00238	0.00310	0.01249	0.00436	0.00388
3	0.01248	0.66192	0.02221	0.00830	0.01195	0.05906	0.00789	0.01415	0.01079	0.01282	0.12656	0.01232	0.01240	0.00514	0.00362	0.00114	0.00500	0.00361	0.00263	0.00602
4	0.01120	0.01060	0.01720	0.02526	0.63488	0.01056	0.01297	0.01445	0.05245	0.01587	0.01598	0.01783	0.12780	0.00573	0.00502	0.00150	0.00523	0.00535	0.00289	0.00723
5	0.01288	0.33842	0.35003	0.01142	0.01665	0.13544	0.01263	0.01616	0.01090	0.04253	0.00825	0.00941	0.00649	0.00460	0.00405	0.00131	0.00661	0.00322	0.00230	0.00669
6	0.01337	0.00950	0.01026	0.00901	0.01161	0.05060	0.00708	0.04313	0.37950	0.17176	0.16698	0.02237	0.03053	0.00736	0.00515	0.00160	0.00392	0.02925	0.02002	0.00700
7	0.00697	0.00469	0.00541	0.00559	0.00563	0.00465	0.00322	0.00710	0.00749	0.00999	0.01725	0.15256	0.02009	0.70385	0.02216	0.00434	0.00447	0.00818	0.00322	0.00313
8	0.00889	0.00813	0.00804	0.00775	0.00856	0.12774	0.00556	0.00991	0.00944	0.01194	0.09186	0.09490	0.05940	0.27561	0.18971	0.00402	0.06427	0.00686	0.00324	0.00419
9	0.01068	0.00975	0.01573	0.59370	0.17715	0.01145	0.01353	0.08227	0.01128	0.01488	0.00911	0.01281	0.00695	0.00490	0.00490	0.00159	0.00631	0.00437	0.00248	0.00616
10	0.00972	0.00918	0.01553	0.69608	0.14982	0.01103	0.01387	0.01294	0.01003	0.01309	0.00881	0.01296	0.00674	0.00483	0.00491	0.00161	0.00644	0.00437	0.00222	0.00581
11	0.00756	0.00634	0.00993	0.00922	0.01090	0.00594	0.12324	0.00963	0.01126	0.01469	0.11052	0.18452	0.19759	0.01185	0.00622	0.00191	0.00411	0.26557	0.00432	0.00468
12	0.01168	0.01146	0.01799	0.16250	0.58549	0.05317	0.01398	0.01449	0.01110	0.01510	0.01108	0.01390	0.04660	0.00491	0.00490	0.00149	0.00595	0.00461	0.00250	0.00710
13	0.01062	0.01046	0.01858	0.40443	0.27471	0.01159	0.13029	0.01381	0.01042	0.01412	0.00897	0.01271	0.00708	0.00481	0.00559	0.00161	0.04693	0.00459	0.00231	0.00637
14	0.00599	0.00428	0.00570	0.00684	0.00713	0.00399	0.00456	0.00684	0.00941	0.01254	0.02709	0.82409	0.03250	0.01540	0.00627	0.00200	0.00285	0.01397	0.00456	0.00399
15	0.00718	0.00548	0.00813	0.00804	0.00885	0.00648	0.00625	0.00886	0.00786	0.01137	0.01295	0.01930	0.01219	0.05714	0.75363	0.00757	0.04644	0.00528	0.00262	0.00439
16	0.04478	0.09626	0.01518	0.01066	0.01444	0.02625	0.04970	0.36034	0.12609	0.18569	0.01369	0.01324	0.00969	0.00572	0.00473	0.00148	0.00508	0.00450	0.00465	0.00783
17	0.16029	0.01247	0.11487	0.00949	0.01332	0.07621	0.00854	0.09590	0.02937	0.36721	0.01396	0.01407	0.00970	0.04636	0.00554	0.00166	0.00506	0.00431	0.00445	0.00720
18	0.00846	0.00429	0.00635	0.00635	0.00635	0.00429	0.00420	0.00644	0.00644	0.00859	0.00890	0.01585	0.00903	0.05982	0.01951	0.81205	0.00429	0.00442	0.00218	0.00218
19	0.01207	0.01194	0.02041	0.07833	0.64881	0.03127	0.09456	0.01510	0.01121	0.01570	0.00924	0.01226	0.00764	0.00440	0.00495	0.00149	0.00621	0.00450	0.00242	0.00747
20	0.06070	0.18194	0.12339	0.01223	0.06965	0.07990	0.06160	0.13321	0.06109	0.10976	0.05212	0.01277	0.01007	0.00531	0.00449	0.00142	0.00565	0.00420	0.00348	0.00701
21	0.19097	0.01118	0.04086	0.00861	0.01249	0.04931	0.00723	0.17295	0.01318	0.10874	0.02656	0.01130	0.00838	0.00482	0.00405	0.00121	0.00447	0.00357	0.00371	0.31642
22	0.02530	0.17298	0.33921	0.01207	0.05495	0.04263	0.01232	0.05793	0.06530	0.11010	0.01095	0.01244	0.00836	0.04836	0.00550	0.00161	0.00598	0.00396	0.00302	0.00702

[dist]
# distance from previous block
# <min> <max>
0	5

[block]
# block no. 1 follows, 51 sequences, length 18
# corresponding to MSA columns:
# 903-920
name=unknown_B
#
# <colnr> <probs for GDERKNQSTAVLIFYWHMCP>
#	G	D	E	R	K	N	Q	S	T	A	V	L	I	F	Y	W	H	M	C	P
0	0.12874	0.03217	0.01261	0.01061	0.01278	0.16613	0.00854	0.13702	0.13232	0.01800	0.04012	0.01419	0.03449	0.00681	0.00744	0.00165	0.20848	0.01821	0.00346	0.00621
1	0.03026	0.57459	0.12440	0.00956	0.01389	0.06704	0.02750	0.01515	0.01060	0.03528	0.04607	0.01006	0.00843	0.00466	0.00367	0.00119	0.00561	0.00324	0.00243	0.00636
2	0.01318	0.62508	0.06969	0.04869	0.01436	0.10942	0.00931	0.01506	0.01040	0.01190	0.00731	0.00873	0.00649	0.00530	0.02640	0.00133	0.00608	0.00291	0.00217	0.00620
3	0.24865	0.01050	0.02698	0.00885	0.01226	0.01088	0.00736	0.23598	0.08625	0.21786	0.05944	0.01474	0.02757	0.00600	0.00448	0.00153	0.00432	0.00454	0.00466	0.00715
4	0.00655	0.00453	0.00563	0.00621	0.00638	0.00442	0.00390	0.00705	0.00832	0.01113	0.02130	0.43443	0.02511	0.38556	0.04404	0.00347	0.00410	0.01055	0.00377	0.00354
5	0.04910	0.01152	0.01424	0.03813	0.10961	0.02645	0.04194	0.33282	0.06185	0.11591	0.01298	0.06110	0.01020	0.00612	0.00522	0.00151	0.03063	0.00498	0.00422	0.06148
6	0.01288	0.01424	0.06857	0.04551	0.61145	0.13130	0.01440	0.01573	0.01152	0.01533	0.00896	0.01158	0.00744	0.00451	0.00479	0.00144	0.00640	0.00415	0.00242	0.00738
7	0.00970	0.00592	0.00788	0.00783	0.00934	0.00566	0.00637	0.03588	0.01274	0.12264	0.28219	0.10965	0.03158	0.01113	0.00603	0.00185	0.00357	0.30129	0.02361	0.00516
8	0.01314	0.83025	0.02575	0.00841	0.01261	0.01945	0.00841	0.01472	0.00999	0.01156	0.00683	0.00788	0.00631	0.00420	0.00315	0.00105	0.00526	0.00263	0.00210	0.00631
9	0.01423	0.00628	0.00743	0.00634	0.00856	0.00590	0.00503	0.04119	0.01211	0.30755	0.01713	0.01752	0.01230	0.00586	0.00404	0.00129	0.00309	0.00471	0.51333	0.00610
10	0.00607	0.00451	0.00552	0.00623	0.00686	0.00412	0.00422	0.00699	0.00979	0.01267	0.05426	0.54049	0.21959	0.08510	0.00777	0.00214	0.00291	0.01234	0.00445	0.00396
11	0.00730	0.00542	0.00693	0.00694	0.00821	0.00519	0.00548	0.01003	0.05075	0.01772	0.47725	0.05883	0.11904	0.01110	0.00601	0.00174	0.00295	0.18935	0.00507	0.00470
12	0.01663	0.01208	0.01294	0.01024	0.01366	0.01331	0.00833	0.57523	0.10939	0.04449	0.01425	0.01452	0.02835	0.02516	0.00529	0.00155	0.00486	0.00478	0.07720	0.00775
13	0.04338	0.00741	0.00949	0.00775	0.01065	0.00673	0.00623	0.02988	0.03613	0.49277	0.13079	0.04966	0.05804	0.00724	0.00496	0.00152	0.00361	0.00601	0.08073	0.00701
14	0.00729	0.00537	0.00686	0.00642	0.00769	0.00512	0.00484	0.01034	0.06306	0.01976	0.74489	0.03554	0.04438	0.00983	0.00575	0.00155	0.00242	0.00868	0.00538	0.00484
15	0.81183	0.00944	0.00747	0.00660	0.00969	0.01080	0.00544	0.01501	0.00870	0.06852	0.00759	0.00851	0.00573	0.00465	0.00315	0.00152	0.00382	0.00280	0.00322	0.00550
16	0.01118	0.00831	0.04094	0.00968	0.07399	0.00777	0.00714	0.06630	0.14263	0.12397	0.37399	0.02624	0.05305	0.00799	0.00532	0.00155	0.00352	0.00689	0.02330	0.00625
17	0.01313	0.74461	0.07712	0.00895	0.01329	0.05006	0.00910	0.01497	0.01017	0.01185	0.00699	0.00809	0.00630	0.00427	0.00330	0.00109	0.00553	0.00272	0.00212	0.00635

[dist]
# distance from previous block
# <min> <max>
0	1

[block]
# block no. 2 follows, 51 sequences, length 51
# corresponding to MSA columns:
# 922-972
name=unknown_C
#
# <colnr> <probs for GDERKNQSTAVLIFYWHMCP>
#	G	D	E	R	K	N	Q	S	T	A	V	L	I	F	Y	W	H	M	C	P
0	0.01196	0.54978	0.20501	0.00972	0.01431	0.03598	0.01046	0.01453	0.01020	0.01278	0.03521	0.01010	0.00801	0.00626	0.04615	0.00155	0.00613	0.00323	0.00225	0.00635
1	0.00761	0.00626	0.00686	0.00649	0.00825	0.00613	0.00493	0.01206	0.18857	0.01688	0.26901	0.03750	0.39019	0.01040	0.00562	0.00163	0.00276	0.00883	0.00492	0.00512
2	0.00748	0.00515	0.00659	0.00650	0.00772	0.00474	0.00495	0.00940	0.01257	0.05187	0.46452	0.12288	0.14425	0.03476	0.00648	0.00178	0.00280	0.09589	0.00506	0.00461
3	0.00702	0.00527	0.00790	0.00790	0.00878	0.00614	0.00614	0.00878	0.00790	0.01141	0.01316	0.01931	0.01229	0.03686	0.80782	0.00790	0.01316	0.00527	0.00263	0.00439
4	0.01835	0.01344	0.01439	0.01107	0.01491	0.01487	0.00913	0.75333	0.02266	0.03053	0.01195	0.01203	0.00851	0.00589	0.00486	0.00146	0.00530	0.00443	0.03467	0.00823
5	0.01216	0.01168	0.01995	0.03016	0.79664	0.01168	0.01508	0.01508	0.01119	0.01605	0.00924	0.01216	0.00778	0.00438	0.00487	0.00146	0.00584	0.00438	0.00243	0.00778
6	0.01868	0.01376	0.01475	0.01131	0.01524	0.01524	0.00934	0.78025	0.02311	0.03097	0.01180	0.01180	0.00836	0.00590	0.00492	0.00147	0.00541	0.00442	0.00492	0.00836
7	0.11125	0.00976	0.01040	0.03857	0.01265	0.01096	0.00749	0.11764	0.41233	0.03998	0.02011	0.03782	0.08023	0.00742	0.00498	0.00167	0.00408	0.06118	0.00460	0.00687
8	0.05884	0.00927	0.01175	0.00905	0.01284	0.00866	0.00747	0.14338	0.01524	0.64360	0.01763	0.01556	0.01126	0.00599	0.00485	0.00151	0.00436	0.00476	0.00576	0.00823
9	0.00611	0.00438	0.00583	0.00695	0.00731	0.00410	0.00476	0.00706	0.00956	0.01269	0.02743	0.76158	0.04597	0.01523	0.00630	0.00201	0.00295	0.06120	0.00456	0.00403
10	0.01152	0.01364	0.05688	0.02028	0.02522	0.01245	0.73293	0.01564	0.01146	0.01564	0.00982	0.01309	0.00739	0.00427	0.00600	0.00166	0.02733	0.00569	0.00246	0.00662
11	0.01139	0.00991	0.01015	0.00923	0.01172	0.03724	0.00712	0.05376	0.56716	0.01927	0.03818	0.06996	0.11787	0.00792	0.00517	0.00166	0.00385	0.00662	0.00484	0.00697
12	0.00854	0.00427	0.00640	0.00640	0.00640	0.00427	0.00427	0.00640	0.00640	0.00854	0.00854	0.01494	0.00854	0.01707	0.01921	0.85702	0.00427	0.00427	0.00213	0.00213
13	0.00602	0.00429	0.00569	0.00680	0.00707	0.00402	0.00451	0.00685	0.00934	0.01245	0.02672	0.79903	0.03204	0.04109	0.00687	0.00208	0.00291	0.01375	0.00451	0.00396
14	0.00626	0.00445	0.00563	0.00645	0.00678	0.00420	0.00424	0.00699	0.00907	0.01198	0.02596	0.59044	0.07607	0.19024	0.01029	0.00258	0.00327	0.02709	0.00422	0.00379
15	0.61772	0.01133	0.00935	0.00795	0.01116	0.06090	0.00650	0.18955	0.01207	0.02347	0.00802	0.00891	0.00608	0.00490	0.00355	0.00149	0.00448	0.00309	0.00344	0.00604
16	0.00702	0.00527	0.00790	0.00790	0.00878	0.00614	0.00614	0.00878	0.00790	0.01141	0.01316	0.01931	0.01229	0.03686	0.80782	0.00790	0.01316	0.00527	0.00263	0.00439
17	0.00986	0.02542	0.80183	0.01401	0.02127	0.01141	0.01816	0.01556	0.01038	0.01556	0.00882	0.01038	0.00623	0.00467	0.00467	0.00156	0.00726	0.00363	0.00208	0.00726
18	0.00598	0.00431	0.00567	0.00676	0.00711	0.00400	0.00452	0.00685	0.00949	0.01258	0.02809	0.78957	0.06637	0.01526	0.00625	0.00198	0.00284	0.01381	0.00456	0.00400
19	0.01196	0.01021	0.01147	0.01084	0.06266	0.01110	0.00794	0.02292	0.59067	0.03108	0.01773	0.01754	0.01363	0.00621	0.00483	0.00152	0.00399	0.02256	0.00452	0.13662
20	0.01314	0.83025	0.02575	0.00841	0.01261	0.01945	0.00841	0.01472	0.00999	0.01156	0.00683	0.00788	0.00631	0.00420	0.00315	0.00105	0.00526	0.00263	0.00210	0.00631
21	0.01222	0.01056	0.01111	0.01000	0.01278	0.01222	0.00778	0.02611	0.78776	0.02056	0.02000	0.01833	0.01500	0.00667	0.00500	0.00167	0.00389	0.00556	0.00500	0.00778
22	0.00596	0.00497	0.00520	0.00517	0.00674	0.00421	0.00387	0.00734	0.01152	0.01410	0.14609	0.06098	0.68260	0.01219	0.00582	0.00165	0.00247	0.01025	0.00467	0.00421
23	0.01153	0.00874	0.01031	0.00982	0.01201	0.00948	0.00824	0.20299	0.18774	0.02001	0.02118	0.03642	0.02042	0.01014	0.00593	0.00194	0.00460	0.40758	0.00473	0.00619
24	0.00648	0.00496	0.00594	0.00578	0.00707	0.00442	0.00430	0.00833	0.01267	0.01695	0.47887	0.08483	0.31913	0.01122	0.00583	0.00161	0.00241	0.00972	0.00505	0.00442
25	0.00647	0.00452	0.00563	0.00630	0.00656	0.00433	0.00405	0.00709	0.00879	0.01170	0.04205	0.48544	0.04508	0.30633	0.01298	0.00298	0.00355	0.02847	0.00401	0.00366
26	0.02919	0.00918	0.01065	0.00896	0.01203	0.00955	0.00715	0.04712	0.36616	0.33346	0.01891	0.01732	0.01327	0.00628	0.00479	0.00155	0.00390	0.00514	0.08772	0.00768
27	0.01174	0.06345	0.49330	0.01341	0.04699	0.01130	0.05503	0.08087	0.01179	0.08565	0.01136	0.07292	0.00905	0.00565	0.00482	0.00155	0.00639	0.00469	0.00290	0.00714
28	0.01363	0.31801	0.21804	0.01230	0.04613	0.23745	0.03326	0.01650	0.02493	0.01316	0.00795	0.00934	0.00654	0.00468	0.00429	0.00130	0.02048	0.00327	0.00229	0.00645
29	0.12949	0.01206	0.04636	0.01125	0.07326	0.04826	0.00866	0.27613	0.12396	0.14035	0.01320	0.01359	0.00966	0.02610	0.00508	0.00157	0.00490	0.00440	0.04437	0.00735
30	0.00745	0.00527	0.00609	0.00596	0.00756	0.00461	0.00460	0.00906	0.01196	0.07239	0.20971	0.07108	0.47505	0.01165	0.00585	0.00169	0.00277	0.07780	0.00486	0.00459
31	0.00969	0.00862	0.00998	0.00924	0.01012	0.09056	0.00731	0.02205	0.00906	0.01302	0.01159	0.03884	0.01065	0.01972	0.34288	0.00428	0.23198	0.00491	0.14062	0.00487
32	0.00708	0.00478	0.00534	0.00534	0.00543	0.00473	0.00302	0.00714	0.00736	0.00973	0.01730	0.03296	0.05892	0.78423	0.02400	0.00460	0.00464	0.00732	0.00306	0.00304
33	0.00598	0.00431	0.00566	0.00674	0.00710	0.00400	0.00452	0.00685	0.00950	0.01258	0.02829	0.78304	0.07278	0.01524	0.00625	0.00198	0.00283	0.01378	0.00456	0.00400
34	0.02005	0.00918	0.01162	0.00917	0.01280	0.00874	0.00749	0.08435	0.15150	0.60127	0.01889	0.01662	0.01236	0.00617	0.00495	0.00154	0.00423	0.00501	0.00580	0.00826
35	0.04174	0.01365	0.01454	0.01117	0.01508	0.01512	0.00923	0.75931	0.02270	0.03073	0.01166	0.01169	0.00827	0.00586	0.00486	0.00148	0.00536	0.00438	0.00486	0.00827
36	0.01201	0.01146	0.01927	0.07247	0.71984	0.01166	0.01468	0.01543	0.04563	0.01606	0.00969	0.01249	0.00804	0.00451	0.00487	0.00148	0.00579	0.00443	0.00253	0.00766
37	0.01238	0.01214	0.01957	0.04572	0.74567	0.04741	0.01480	0.01523	0.01128	0.01580	0.00916	0.01203	0.00769	0.00442	0.00485	0.00145	0.00599	0.00432	0.00243	0.00764
38	0.01216	0.01168	0.01995	0.03016	0.79664	0.01168	0.01508	0.01508	0.01119	0.01605	0.00924	0.01216	0.00778	0.00438	0.00487	0.00146	0.00584	0.00438	0.00243	0.00778
39	0.00589	0.00498	0.00510	0.00507	0.00669	0.00418	0.00380	0.00722	0.01140	0.01375	0.10456	0.04651	0.73957	0.01227	0.00581	0.00165	0.00248	0.01026	0.00463	0.00418
40	0.01049	0.18104	0.65177	0.01292	0.01960	0.01297	0.01627	0.01540	0.01030	0.01479	0.00843	0.00989	0.00624	0.00458	0.00438	0.00146	0.00687	0.00344	0.00208	0.00708
41	0.00715	0.00476	0.00536	0.00536	0.00536	0.00476	0.00298	0.00715	0.00715	0.00953	0.01548	0.03216	0.01787	0.82729	0.02501	0.00476	0.00476	0.00715	0.00298	0.00298
42	0.00602	0.00430	0.00573	0.00682	0.00713	0.00401	0.00456	0.00692	0.00955	0.01277	0.05135	0.79917	0.03294	0.01523	0.00626	0.00198	0.00283	0.01381	0.00459	0.00401
43	0.01031	0.00978	0.01659	0.53596	0.30536	0.01119	0.01416	0.01346	0.01031	0.01380	0.00892	0.01277	0.00699	0.00472	0.00490	0.00157	0.00630	0.00437	0.00227	0.00629
44	0.01190	0.01262	0.02519	0.02215	0.22473	0.01201	0.51456	0.04037	0.01179	0.01633	0.00976	0.01276	0.00756	0.00423	0.00541	0.00155	0.00731	0.00523	0.00257	0.05194
45	0.00965	0.00574	0.00691	0.00641	0.00825	0.00507	0.00487	0.01151	0.03126	0.18047	0.19211	0.14758	0.34949	0.01089	0.00567	0.00165	0.00290	0.00931	0.00507	0.00520
46	0.01001	0.02432	0.73215	0.01461	0.02167	0.01150	0.08674	0.01558	0.01049	0.01558	0.00892	0.01064	0.00634	0.00462	0.00477	0.00157	0.00735	0.00383	0.00211	0.00721
47	0.09185	0.06826	0.02938	0.01239	0.05289	0.52554	0.00933	0.07768	0.02740	0.03023	0.00839	0.00950	0.00676	0.00501	0.00430	0.00131	0.00745	0.00333	0.00284	0.02619
48	0.14546	0.05068	0.01498	0.01262	0.09019	0.04183	0.16191	0.09354	0.01224	0.07851	0.05579	0.01692	0.08810	0.00606	0.00521	0.00152	0.04123	0.00516	0.07182	0.00623
49	0.01310	0.09212	0.01938	0.02487	0.59052	0.05285	0.01337	0.05378	0.04704	0.03227	0.00974	0.01193	0.00801	0.00461	0.00469	0.00142	0.00579	0.00421	0.00272	0.00757
50	0.01195	0.27988	0.26463	0.01103	0.03424	0.01402	0.01130	0.08749	0.14912	0.01654	0.02547	0.01352	0.04990	0.00547	0.00434	0.00141	0.00548	0.00418	0.00306	0.00695

[dist]
# distance from previous block
# <min> <max>
3	8

[block]
# block no. 3 follows, 51 sequences, length 10
# corresponding to MSA columns:
# 987-996
name=unknown_D
#
# <colnr> <probs for GDERKNQSTAVLIFYWHMCP>
#	G	D	E	R	K	N	Q	S	T	A	V	L	I	F	Y	W	H	M	C	P
0	0.00704	0.00500	0.00620	0.00605	0.00722	0.00453	0.00443	0.00881	0.01243	0.03949	0.47779	0.14171	0.19782	0.05115	0.00678	0.00179	0.00260	0.00967	0.00502	0.00448
1	0.01314	0.01298	0.04353	0.04766	0.57912	0.06905	0.01386	0.10876	0.01278	0.01744	0.00983	0.01293	0.00818	0.00487	0.00488	0.00148	0.00604	0.02317	0.00278	0.00754
2	0.00609	0.00432	0.00567	0.00671	0.00697	0.00406	0.00442	0.00687	0.00921	0.01228	0.02608	0.75538	0.03123	0.08583	0.00790	0.00224	0.00302	0.01338	0.00442	0.00390
3	0.00689	0.00543	0.00698	0.00739	0.00783	0.00577	0.00523	0.00812	0.03215	0.01247	0.02539	0.53573	0.10605	0.09353	0.00931	0.00224	0.10977	0.01141	0.00410	0.00420
4	0.00751	0.00592	0.00689	0.00662	0.00813	0.00577	0.00501	0.01140	0.14319	0.01757	0.39789	0.08129	0.24203	0.01053	0.00572	0.00164	0.00272	0.03013	0.00504	0.00499
5	0.00963	0.00909	0.01537	0.72002	0.12657	0.01101	0.01382	0.01286	0.00999	0.01298	0.00880	0.01299	0.00670	0.00485	0.00491	0.00162	0.00646	0.00437	0.00221	0.00574
6	0.01270	0.72323	0.12895	0.00915	0.01376	0.01838	0.00970	0.01483	0.01004	0.01209	0.00710	0.00821	0.00630	0.00427	0.00335	0.00112	0.00552	0.00276	0.00210	0.00643
7	0.01056	0.01004	0.01704	0.46810	0.37126	0.01125	0.01428	0.01367	0.01043	0.01410	0.00896	0.01269	0.00710	0.00468	0.00489	0.00156	0.00624	0.00437	0.00229	0.00649
8	0.09515	0.13801	0.01469	0.01062	0.01381	0.28306	0.00857	0.18667	0.16902	0.01875	0.01081	0.01117	0.00841	0.00539	0.00433	0.00138	0.00610	0.00379	0.00353	0.00675
9	0.10767	0.56550	0.02160	0.00987	0.05462	0.04745	0.00858	0.10846	0.01162	0.01535	0.00760	0.00864	0.00653	0.00449	0.00350	0.00118	0.00528	0.00296	0.00258	0.00650

[dist]
# distance from previous block
# <min> <max>
0	1

[block]
# block no. 4 follows, 51 sequences, length 119
# corresponding to MSA columns:
# 998-1116
name=unknown_E
#
# <colnr> <probs for GDERKNQSTAVLIFYWHMCP>
#	G	D	E	R	K	N	Q	S	T	A	V	L	I	F	Y	W	H	M	C	P
0	0.01314	0.83025	0.02575	0.00841	0.01261	0.01945	0.00841	0.01472	0.00999	0.01156	0.00683	0.00788	0.00631	0.00420	0.00315	0.00105	0.00526	0.00263	0.00210	0.00631
1	0.01224	0.01368	0.11849	0.03962	0.58417	0.03027	0.03524	0.06085	0.01190	0.01679	0.02448	0.01236	0.00830	0.00463	0.00488	0.00148	0.00607	0.00438	0.00259	0.00757
2	0.11880	0.06790	0.15218	0.00970	0.01394	0.06961	0.00920	0.02043	0.02793	0.44046	0.01430	0.01341	0.00952	0.00546	0.00451	0.00148	0.00510	0.00416	0.00445	0.00746
3	0.01801	0.02169	0.01421	0.01299	0.03604	0.67732	0.00966	0.10170	0.01466	0.01418	0.00806	0.00932	0.00659	0.00524	0.00484	0.00132	0.03198	0.00337	0.00278	0.00603
4	0.00710	0.00481	0.00549	0.00552	0.00565	0.00480	0.00324	0.00728	0.00747	0.00990	0.01729	0.03317	0.05342	0.74474	0.04511	0.00464	0.00488	0.02928	0.00309	0.00311
5	0.05135	0.08762	0.17863	0.01499	0.18216	0.11456	0.02687	0.01800	0.03471	0.20307	0.03398	0.01281	0.00940	0.00515	0.00461	0.00145	0.00588	0.00416	0.00340	0.00719
6	0.01178	0.01113	0.01810	0.02651	0.66511	0.01127	0.01363	0.01575	0.09317	0.01635	0.01247	0.02916	0.04320	0.00517	0.00495	0.00150	0.00543	0.00494	0.00284	0.00756
7	0.00599	0.00428	0.00570	0.00684	0.00713	0.00399	0.00456	0.00684	0.00941	0.01254	0.02709	0.82409	0.03250	0.01540	0.00627	0.00200	0.00285	0.01397	0.00456	0.00399
8	0.00714	0.00579	0.00685	0.00760	0.06779	0.00522	0.00518	0.02896	0.01150	0.02886	0.07836	0.09321	0.55445	0.01233	0.02780	0.00185	0.00326	0.04478	0.00442	0.00466
9	0.01235	0.21732	0.29638	0.01559	0.15141	0.04234	0.08345	0.05774	0.03224	0.03382	0.00917	0.01072	0.00712	0.00463	0.00446	0.00141	0.00642	0.00382	0.00252	0.00710
10	0.01418	0.00972	0.10499	0.00855	0.01181	0.00758	0.00768	0.09366	0.02722	0.31598	0.22894	0.02431	0.10867	0.00769	0.00523	0.00155	0.00398	0.00642	0.00511	0.00674
11	0.00634	0.00510	0.00574	0.00604	0.00750	0.00450	0.00476	0.00783	0.01123	0.01378	0.06813	0.08517	0.55819	0.01276	0.00605	0.00181	0.00297	0.18325	0.00458	0.00424
12	0.02783	0.01168	0.02025	0.04954	0.70443	0.01170	0.07197	0.01505	0.01113	0.01605	0.00924	0.01219	0.00768	0.00438	0.00490	0.00148	0.00600	0.00445	0.00244	0.00759
13	0.14912	0.05492	0.11726	0.01409	0.11909	0.14834	0.07636	0.16934	0.01368	0.07868	0.00975	0.01087	0.00729	0.00497	0.00449	0.00145	0.00619	0.00389	0.00326	0.00696
14	0.01868	0.01376	0.01475	0.01131	0.01524	0.01524	0.00934	0.78025	0.02311	0.03097	0.01180	0.01180	0.00836	0.00590	0.00492	0.00147	0.00541	0.00442	0.00492	0.00836
15	0.01231	0.01206	0.01947	0.06235	0.73090	0.04601	0.01478	0.01517	0.01125	0.01573	0.00915	0.01206	0.00767	0.00443	0.00485	0.00146	0.00600	0.00433	0.00243	0.00760
16	0.07625	0.01520	0.03046	0.03545	0.35180	0.24502	0.01166	0.10866	0.01326	0.03851	0.00986	0.01157	0.02092	0.00498	0.00463	0.00142	0.00646	0.00401	0.00293	0.00696
17	0.86201	0.00950	0.00722	0.00646	0.00950	0.01102	0.00532	0.01445	0.00836	0.02205	0.00684	0.00798	0.00532	0.00456	0.00304	0.00152	0.00380	0.00266	0.00304	0.00532
18	0.01211	0.01162	0.01986	0.04392	0.78327	0.01166	0.01506	0.01504	0.01117	0.01599	0.00923	0.01218	0.00776	0.00439	0.00487	0.00146	0.00585	0.00438	0.00243	0.00774
19	0.01160	0.00990	0.01099	0.07025	0.03977	0.02461	0.00795	0.05602	0.51889	0.03273	0.05465	0.02139	0.10551	0.00720	0.00510	0.00163	0.00408	0.00603	0.00464	0.00705
20	0.00629	0.00473	0.00585	0.00639	0.00721	0.00436	0.00448	0.00785	0.03099	0.01426	0.17609	0.48479	0.20162	0.01352	0.00605	0.00183	0.00270	0.01201	0.00473	0.00425
21	0.86201	0.00950	0.00722	0.00646	0.00950	0.01102	0.00532	0.01445	0.00836	0.02205	0.00684	0.00798	0.00532	0.00456	0.00304	0.00152	0.00380	0.00266	0.00304	0.00532
22	0.00702	0.00532	0.00667	0.00646	0.00761	0.00510	0.00481	0.00954	0.04975	0.01782	0.54496	0.13994	0.13572	0.01085	0.00606	0.00164	0.02150	0.00947	0.00510	0.00466
23	0.00715	0.00476	0.00536	0.00536	0.00536	0.00476	0.00298	0.00715	0.00715	0.00953	0.01548	0.03216	0.01787	0.82729	0.02501	0.00476	0.00476	0.00715	0.00298	0.00298
24	0.08027	0.01079	0.01240	0.00970	0.01335	0.01112	0.02742	0.32730	0.08963	0.22325	0.02843	0.01526	0.04470	0.00604	0.00476	0.00146	0.00458	0.00477	0.00484	0.07993
25	0.01216	0.01168	0.01995	0.03016	0.79664	0.01168	0.01508	0.01508	0.01119	0.01605	0.00924	0.01216	0.00778	0.00438	0.00487	0.00146	0.00584	0.00438	0.00243	0.00778
26	0.01184	0.51158	0.33303	0.01063	0.01604	0.01626	0.01227	0.01505	0.01014	0.01315	0.00762	0.00887	0.00627	0.00439	0.00375	0.00125	0.00605	0.00303	0.00209	0.00669
27	0.06084	0.01828	0.01271	0.01206	0.04932	0.52912	0.00883	0.05428	0.03336	0.03542	0.04127	0.03143	0.04630	0.00617	0.00482	0.00140	0.01854	0.02691	0.00313	0.00584
28	0.00779	0.00561	0.00783	0.03156	0.00908	0.00621	0.00575	0.02562	0.00832	0.02861	0.01352	0.02147	0.01311	0.20827	0.55227	0.00653	0.01047	0.00556	0.00283	0.02960
29	0.01153	0.00980	0.01213	0.00997	0.06927	0.00839	0.03242	0.11261	0.03279	0.01807	0.00951	0.01086	0.00767	0.00408	0.00400	0.00093	0.00419	0.00338	0.00318	0.63522
30	0.76455	0.00991	0.00800	0.00699	0.01010	0.01143	0.00575	0.08350	0.02963	0.02281	0.00762	0.00859	0.00584	0.00474	0.00326	0.00152	0.00395	0.00289	0.00326	0.00566
31	0.01408	0.01676	0.35660	0.01130	0.01656	0.04957	0.02735	0.01824	0.04715	0.25093	0.02520	0.01303	0.00923	0.00515	0.00466	0.00143	0.00573	0.00412	0.00361	0.11931
32	0.00709	0.00476	0.00544	0.00549	0.00553	0.00477	0.00313	0.00718	0.00726	0.00971	0.01593	0.06625	0.01836	0.77123	0.04476	0.00473	0.00490	0.00739	0.00304	0.00306
33	0.00989	0.00589	0.00740	0.00762	0.00909	0.00587	0.00640	0.04896	0.01183	0.07627	0.04125	0.03792	0.02149	0.01001	0.00545	0.00179	0.00376	0.40490	0.27917	0.00502
34	0.01178	0.43499	0.35463	0.01132	0.03148	0.02847	0.01268	0.01550	0.03350	0.01362	0.00813	0.00935	0.00656	0.00449	0.00391	0.00130	0.00614	0.00318	0.00219	0.00678
35	0.03358	0.02420	0.01320	0.01011	0.01379	0.03259	0.03094	0.31476	0.01712	0.38905	0.01582	0.03582	0.01117	0.00632	0.00497	0.00153	0.00489	0.02697	0.00523	0.00793
36	0.00854	0.00427	0.00640	0.00640	0.00640	0.00427	0.00427	0.00640	0.00640	0.00854	0.00854	0.01494	0.00854	0.01707	0.01921	0.85702	0.00427	0.00427	0.00213	0.00213
37	0.01079	0.01046	0.01690	0.45862	0.35422	0.03743	0.01411	0.01385	0.01053	0.01401	0.00891	0.01257	0.00706	0.00469	0.00488	0.00155	0.00633	0.00433	0.00230	0.00645
38	0.01925	0.01153	0.03738	0.01164	0.05594	0.09331	0.06880	0.07951	0.04954	0.49661	0.01600	0.01489	0.01061	0.00570	0.00494	0.00151	0.00526	0.00474	0.00497	0.00786
39	0.01566	0.00903	0.04665	0.02978	0.03558	0.00814	0.00771	0.10671	0.05424	0.36097	0.09988	0.02244	0.03702	0.05825	0.00638	0.00178	0.00433	0.06058	0.02791	0.00697
40	0.00618	0.00451	0.00577	0.00671	0.00724	0.00419	0.00466	0.00716	0.00970	0.01269	0.02950	0.61987	0.13343	0.05185	0.00711	0.00210	0.00303	0.07580	0.00449	0.00401
41	0.01194	0.04900	0.04249	0.05708	0.63529	0.01178	0.01417	0.02900	0.03209	0.01603	0.01024	0.01419	0.00881	0.00493	0.00488	0.00150	0.00576	0.04074	0.00261	0.00747
42	0.07312	0.04802	0.05966	0.03880	0.30320	0.04401	0.01113	0.11721	0.04154	0.14337	0.01119	0.01225	0.00838	0.00495	0.00458	0.00142	0.00536	0.00413	0.00347	0.06422
43	0.07815	0.02002	0.51595	0.01454	0.10403	0.01140	0.01512	0.05622	0.01114	0.06352	0.02372	0.01133	0.00753	0.00505	0.00511	0.00156	0.04191	0.00388	0.00264	0.00716
44	0.03094	0.09558	0.09403	0.01546	0.16892	0.12544	0.04229	0.26950	0.01520	0.04311	0.00973	0.01102	0.00748	0.00524	0.00517	0.00145	0.04479	0.00402	0.00331	0.00730
45	0.00728	0.00489	0.00553	0.00553	0.00561	0.00490	0.00316	0.01992	0.00752	0.01003	0.01598	0.07005	0.01842	0.77452	0.02378	0.00458	0.00468	0.00743	0.00309	0.00312
46	0.01151	0.25677	0.43957	0.01234	0.01811	0.01385	0.06123	0.03069	0.06744	0.03139	0.00940	0.01057	0.00713	0.00470	0.00433	0.00142	0.00640	0.00366	0.00246	0.00703
47	0.01388	0.01394	0.01420	0.01206	0.01487	0.19359	0.09142	0.08519	0.38775	0.01818	0.01454	0.01538	0.01133	0.00627	0.00582	0.00161	0.06654	0.02251	0.00394	0.00697
48	0.00702	0.00519	0.00640	0.00605	0.00738	0.00477	0.00458	0.00900	0.01290	0.03442	0.53669	0.03841	0.25440	0.01124	0.02465	0.00174	0.01646	0.00906	0.00507	0.00459
49	0.01327	0.80978	0.02545	0.00852	0.01268	0.03944	0.00844	0.01484	0.01009	0.01157	0.00685	0.00791	0.00631	0.00423	0.00319	0.00106	0.00535	0.00264	0.00211	0.00629
50	0.00666	0.00519	0.00599	0.00575	0.00719	0.00464	0.00432	0.02613	0.01273	0.01675	0.40474	0.06229	0.39745	0.01122	0.00579	0.00161	0.00249	0.00962	0.00498	0.00448
51	0.10228	0.01314	0.01377	0.01074	0.01451	0.01463	0.00884	0.65662	0.06965	0.02943	0.01182	0.01183	0.00847	0.00581	0.00473	0.00149	0.00515	0.00432	0.00473	0.00802
52	0.07940	0.00981	0.01164	0.00914	0.01275	0.00971	0.00749	0.20923	0.07359	0.44110	0.03815	0.01588	0.02450	0.00612	0.00481	0.00150	0.00434	0.00484	0.00537	0.03065
53	0.03643	0.02532	0.01148	0.00867	0.01237	0.00832	0.00713	0.09789	0.04417	0.54953	0.01881	0.01698	0.05272	0.00614	0.00480	0.00145	0.00417	0.00493	0.00542	0.08327
54	0.00990	0.00591	0.00721	0.00665	0.00850	0.00536	0.00511	0.01223	0.05266	0.17595	0.24679	0.12104	0.27023	0.01044	0.00563	0.00165	0.00295	0.02960	0.01687	0.00533
55	0.19989	0.00860	0.01052	0.00826	0.01190	0.00803	0.00682	0.02194	0.01286	0.63532	0.01673	0.01488	0.01072	0.00576	0.00454	0.00152	0.00410	0.00446	0.00544	0.00772
56	0.00716	0.00531	0.00778	0.00786	0.00867	0.00609	0.00605	0.00887	0.01992	0.01161	0.01452	0.08095	0.01425	0.04630	0.65676	0.03749	0.02237	0.03084	0.00286	0.00432
57	0.00636	0.00482	0.00584	0.00596	0.00704	0.00433	0.00431	0.00794	0.01184	0.01576	0.35912	0.23733	0.27448	0.02457	0.00621	0.00174	0.00254	0.01060	0.00490	0.00430
58	0.00775	0.00555	0.00772	0.00882	0.00991	0.00552	0.00762	0.00990	0.01119	0.01454	0.02658	0.10432	0.04450	0.01367	0.00673	0.00223	0.00438	0.70005	0.00453	0.00448
59	0.01538	0.00815	0.00928	0.00759	0.01024	0.00823	0.00611	0.22488	0.01486	0.24158	0.01582	0.01609	0.01132	0.00587	0.00426	0.00134	0.00367	0.00464	0.38400	0.00668
60	0.01015	0.00821	0.00956	0.00719	0.01097	0.00653	0.00570	0.01288	0.05072	0.04291	0.07393	0.01539	0.06050	0.00497	0.00405	0.00093	0.00347	0.00408	0.01948	0.64837
61	0.01216	0.01168	0.01995	0.03016	0.79664	0.01168	0.01508	0.01508	0.01119	0.01605	0.00924	0.01216	0.00778	0.00438	0.00487	0.00146	0.00584	0.00438	0.00243	0.00778
62	0.01093	0.18874	0.60796	0.01274	0.01923	0.01322	0.01577	0.05024	0.01088	0.01545	0.00855	0.00993	0.00634	0.00463	0.00437	0.00145	0.00677	0.00346	0.00221	0.00712
63	0.01181	0.50387	0.34047	0.01068	0.01612	0.01619	0.01236	0.01506	0.01014	0.01318	0.00764	0.00889	0.00627	0.00439	0.00377	0.00126	0.00607	0.00303	0.00209	0.00669
64	0.01685	0.01324	0.01312	0.01040	0.01400	0.11183	0.00841	0.44584	0.05532	0.08968	0.02428	0.01403	0.03405	0.00594	0.00477	0.00139	0.00530	0.01503	0.00446	0.11206
65	0.00986	0.02542	0.80183	0.01401	0.02127	0.01141	0.01816	0.01556	0.01038	0.01556	0.00882	0.01038	0.00623	0.00467	0.00467	0.00156	0.00726	0.00363	0.00208	0.00726
66	0.00593	0.00488	0.00522	0.00536	0.00677	0.00417	0.00394	0.00722	0.01117	0.01373	0.11144	0.16170	0.61611	0.01267	0.00588	0.00170	0.00253	0.01078	0.00464	0.00417
67	0.01077	0.00944	0.00847	0.00813	0.00985	0.16419	0.00606	0.03543	0.06530	0.08626	0.03878	0.27111	0.22207	0.01065	0.00565	0.00168	0.01367	0.02294	0.00433	0.00520
68	0.01188	0.01134	0.01018	0.00937	0.01175	0.14598	0.00716	0.02040	0.45877	0.02819	0.02336	0.07993	0.14494	0.00798	0.00513	0.00162	0.00443	0.00655	0.00449	0.00655
69	0.00612	0.00500	0.00542	0.00545	0.00696	0.00431	0.00414	0.00759	0.01161	0.01441	0.17272	0.06858	0.60557	0.01219	0.00587	0.00168	0.00258	0.05083	0.00470	0.00425
70	0.01167	0.01117	0.01906	0.16422	0.66642	0.01155	0.01484	0.01465	0.01096	0.01546	0.00916	0.01232	0.00757	0.00447	0.00487	0.00149	0.00596	0.00438	0.00239	0.00739
71	0.01216	0.01168	0.01995	0.03016	0.79664	0.01168	0.01508	0.01508	0.01119	0.01605	0.00924	0.01216	0.00778	0.00438	0.00487	0.00146	0.00584	0.00438	0.00243	0.00778
72	0.02205	0.00836	0.01140	0.00874	0.01254	0.00722	0.00722	0.02395	0.01407	0.80004	0.01939	0.01673	0.01216	0.00608	0.00494	0.00152	0.00418	0.00494	0.00608	0.00836
73	0.01208	0.00740	0.00770	0.00664	0.00864	0.00785	0.00525	0.24731	0.01423	0.02220	0.01473	0.01632	0.01130	0.00578	0.00389	0.00125	0.00325	0.00453	0.59391	0.00574
74	0.00759	0.00648	0.00866	0.00876	0.00977	0.05233	0.07484	0.00902	0.01025	0.01323	0.03500	0.53186	0.03682	0.02960	0.00658	0.00201	0.00401	0.14454	0.00423	0.00441
75	0.00819	0.00558	0.00713	0.00650	0.00793	0.00523	0.00495	0.04506	0.01426	0.05790	0.69859	0.03492	0.06531	0.00974	0.00571	0.00154	0.00255	0.00854	0.00539	0.00497
76	0.01658	0.01272	0.01356	0.01088	0.01444	0.01426	0.00883	0.53435	0.27243	0.02758	0.01447	0.01393	0.01052	0.00615	0.00494	0.00154	0.00491	0.00479	0.00494	0.00817
77	0.00734	0.00533	0.00681	0.00657	0.00782	0.00508	0.00506	0.01016	0.04921	0.01900	0.63245	0.03749	0.06248	0.01018	0.00579	0.00162	0.00262	0.08705	0.03320	0.00476
78	0.01314	0.83025	0.02575	0.00841	0.01261	0.01945	0.00841	0.01472	0.00999	0.01156	0.00683	0.00788	0.00631	0.00420	0.00315	0.00105	0.00526	0.00263	0.00210	0.00631
79	0.00673	0.00493	0.00633	0.00629	0.00737	0.00453	0.00468	0.00871	0.01281	0.01770	0.56259	0.16273	0.11935	0.01129	0.00592	0.00166	0.00252	0.04423	0.00515	0.00448
80	0.00714	0.00478	0.00544	0.00544	0.00546	0.00481	0.00307	0.00720	0.00717	0.00958	0.01541	0.03177	0.01770	0.80365	0.04843	0.00486	0.00502	0.00709	0.00297	0.00302
81	0.03688	0.01560	0.01209	0.01090	0.01360	0.32732	0.00836	0.03684	0.43399	0.01729	0.01507	0.01466	0.02385	0.00606	0.00474	0.00150	0.00586	0.00459	0.00396	0.00684
82	0.01216	0.01168	0.01995	0.03016	0.79664	0.01168	0.01508	0.01508	0.01119	0.01605	0.00924	0.01216	0.00778	0.00438	0.00487	0.00146	0.00584	0.00438	0.00243	0.00778
83	0.00702	0.00527	0.00790	0.00790	0.00878	0.00614	0.00614	0.00878	0.00790	0.01141	0.01316	0.01931	0.01229	0.03686	0.80782	0.00790	0.01316	0.00527	0.00263	0.00439
84	0.00599	0.00428	0.00570	0.00684	0.00713	0.00399	0.00456	0.00684	0.00941	0.01254	0.02709	0.82409	0.03250	0.01540	0.00627	0.00200	0.00285	0.01397	0.00456	0.00399
85	0.01216	0.01168	0.01995	0.03016	0.79664	0.01168	0.01508	0.01508	0.01119	0.01605	0.00924	0.01216	0.00778	0.00438	0.00487	0.00146	0.00584	0.00438	0.00243	0.00778
86	0.01274	0.74875	0.08370	0.00882	0.01317	0.01850	0.00908	0.01463	0.00996	0.01186	0.00714	0.00836	0.00645	0.00507	0.02368	0.00126	0.00561	0.00277	0.00211	0.00633
87	0.01147	0.01519	0.14401	0.01884	0.02369	0.03608	0.58008	0.01552	0.01116	0.01529	0.00943	0.01249	0.00716	0.00460	0.00641	0.00167	0.07263	0.00527	0.00240	0.00660
88	0.00583	0.00496	0.00503	0.00505	0.00666	0.00415	0.00377	0.00708	0.01119	0.01336	0.06133	0.06975	0.76017	0.01249	0.00582	0.00167	0.00250	0.01045	0.00458	0.00415
89	0.00783	0.00559	0.00782	0.00895	0.01004	0.00558	0.00776	0.01003	0.01122	0.01461	0.02607	0.09126	0.02848	0.01366	0.00676	0.00225	0.00445	0.72863	0.00453	0.00450
90	0.01065	0.21882	0.61534	0.01266	0.01919	0.01334	0.01581	0.01536	0.01028	0.01460	0.00834	0.00978	0.00624	0.00456	0.00430	0.00143	0.00678	0.00339	0.00208	0.00703
91	0.00584	0.00498	0.00502	0.00501	0.00666	0.00416	0.00376	0.00711	0.01127	0.01344	0.06883	0.04702	0.77550	0.01238	0.00581	0.00166	0.00248	0.01033	0.00459	0.00416
92	0.00581	0.00498	0.00498	0.00498	0.00664	0.00415	0.00373	0.00705	0.01120	0.01328	0.04978	0.04729	0.79464	0.01245	0.00581	0.00166	0.00249	0.01037	0.00456	0.00415
93	0.01314	0.83025	0.02575	0.00841	0.01261	0.01945	0.00841	0.01472	0.00999	0.01156	0.00683	0.00788	0.00631	0.00420	0.00315	0.00105	0.00526	0.00263	0.00210	0.00631
94	0.01943	0.01298	0.01395	0.01078	0.01462	0.04990	0.00886	0.57266	0.02062	0.20557	0.01334	0.01279	0.00913	0.00590	0.00490	0.00148	0.00529	0.00448	0.00507	0.00824
95	0.01287	0.76441	0.08924	0.00887	0.01332	0.01879	0.00921	0.01478	0.01002	0.01189	0.00699	0.00809	0.00630	0.00424	0.00328	0.00109	0.00542	0.00271	0.00210	0.00638
96	0.01184	0.01135	0.01936	0.11802	0.71130	0.01159	0.01492	0.01480	0.01104	0.01566	0.00919	0.01227	0.00765	0.00444	0.00487	0.00148	0.00592	0.00438	0.00240	0.00752
97	0.01215	0.01170	0.02010	0.03000	0.78364	0.01169	0.02796	0.01509	0.01120	0.01605	0.00926	0.01218	0.00778	0.00437	0.00488	0.00146	0.00588	0.00440	0.00243	0.00776
98	0.00688	0.00502	0.00646	0.00610	0.00729	0.00460	0.00457	0.00912	0.01372	0.01926	0.74246	0.03744	0.09823	0.01021	0.00580	0.00155	0.00233	0.00899	0.00535	0.00460
99	0.01198	0.01149	0.01962	0.07930	0.74891	0.01163	0.01499	0.01492	0.01110	0.01584	0.00921	0.01222	0.00771	0.00441	0.00487	0.00147	0.00588	0.00438	0.00242	0.00764
100	0.01075	0.01075	0.01505	0.01290	0.01290	0.01505	0.01075	0.01183	0.00753	0.01183	0.00645	0.01075	0.00645	0.00860	0.01613	0.00215	0.81830	0.00430	0.00215	0.00538
101	0.01631	0.03889	0.01288	0.01007	0.01335	0.06816	0.00819	0.39850	0.10851	0.12398	0.05362	0.03302	0.05666	0.00687	0.00501	0.00152	0.00492	0.02732	0.00480	0.00742
102	0.01216	0.01168	0.01995	0.03016	0.79664	0.01168	0.01508	0.01508	0.01119	0.01605	0.00924	0.01216	0.00778	0.00438	0.00487	0.00146	0.00584	0.00438	0.00243	0.00778
103	0.00599	0.00428	0.00570	0.00684	0.00713	0.00399	0.00456	0.00684	0.00941	0.01254	0.02709	0.82409	0.03250	0.01540	0.00627	0.00200	0.00285	0.01397	0.00456	0.00399
104	0.01946	0.00969	0.01190	0.00926	0.01284	0.00947	0.00760	0.24430	0.03788	0.48201	0.07326	0.01681	0.01361	0.00633	0.00497	0.00151	0.00436	0.00509	0.02166	0.00800
105	0.01077	0.12198	0.66160	0.01317	0.01987	0.01261	0.01646	0.06059	0.01108	0.01599	0.00875	0.01016	0.00636	0.00469	0.00450	0.00149	0.00691	0.00356	0.00225	0.00721
106	0.84747	0.00958	0.00735	0.00655	0.00960	0.01110	0.00539	0.02765	0.00862	0.02220	0.00693	0.00805	0.00537	0.00458	0.00307	0.00152	0.00383	0.00269	0.00307	0.00537
107	0.00708	0.00496	0.00638	0.00609	0.00721	0.00460	0.00454	0.00933	0.01344	0.01928	0.70091	0.07122	0.04321	0.00997	0.00564	0.00154	0.00234	0.00880	0.06887	0.00460
108	0.01105	0.31851	0.51921	0.01197	0.01812	0.01434	0.01461	0.01525	0.01023	0.01411	0.00810	0.00947	0.00625	0.00450	0.00412	0.00137	0.00653	0.00327	0.00208	0.00691
109	0.08181	0.03265	0.01380	0.01049	0.01408	0.03178	0.05886	0.27694	0.08268	0.28346	0.03042	0.01412	0.01054	0.00591	0.00514	0.00153	0.02863	0.00466	0.00481	0.00768
110	0.02196	0.00851	0.01149	0.00881	0.01262	0.00744	0.00728	0.04429	0.01431	0.77935	0.01918	0.01659	0.01206	0.00608	0.00494	0.00152	0.00421	0.00493	0.00605	0.00836
111	0.00650	0.00490	0.00560	0.00585	0.00712	0.00428	0.00428	0.00777	0.01099	0.03716	0.10281	0.27218	0.46518	0.01295	0.00595	0.00176	0.00269	0.03308	0.00468	0.00428
112	0.05500	0.01142	0.01219	0.01041	0.01345	0.04971	0.03871	0.13243	0.51290	0.06136	0.03740	0.01664	0.01354	0.00634	0.00492	0.00160	0.00449	0.00521	0.00474	0.00755
113	0.01404	0.62061	0.06449	0.00959	0.01361	0.18208	0.00915	0.01578	0.01082	0.01187	0.00710	0.00822	0.00631	0.00441	0.00350	0.00112	0.00611	0.00279	0.00219	0.00623
114	0.01216	0.01168	0.01995	0.03016	0.79664	0.01168	0.01508	0.01508	0.01119	0.01605	0.00924	0.01216	0.00778	0.00438	0.00487	0.00146	0.00584	0.00438	0.00243	0.00778
115	0.01216	0.01168	0.01995	0.03016	0.79664	0.01168	0.01508	0.01508	0.01119	0.01605	0.00924	0.01216	0.00778	0.00438	0.00487	0.00146	0.00584	0.00438	0.00243	0.00778
116	0.00702	0.00526	0.00786	0.00786	0.00872	0.00612	0.00609	0.00875	0.00789	0.01138	0.01320	0.01952	0.01238	0.04992	0.79488	0.00785	0.01302	0.00530	0.00264	0.00436
117	0.00724	0.00540	0.00678	0.00643	0.00770	0.00515	0.00482	0.01030	0.07143	0.01910	0.66125	0.07179	0.08357	0.01017	0.00576	0.00158	0.00247	0.00895	0.00530	0.00482
118	0.06806	0.01168	0.01227	0.01017	0.01350	0.01309	0.00816	0.32452	0.39944	0.02458	0.01540	0.01472	0.01140	0.00609	0.00478	0.00154	0.00448	0.00480	0.00475	0.04657

[dist]
# distance from previous block
# <min> <max>
0	1

[block]
# block no. 5 follows, 51 sequences, length 32
# corresponding to MSA columns:
# 1118-1149
name=unknown_F
#
# <colnr> <probs for GDERKNQSTAVLIFYWHMCP>
#	G	D	E	R	K	N	Q	S	T	A	V	L	I	F	Y	W	H	M	C	P
0	0.73010	0.01120	0.00831	0.00736	0.01040	0.09649	0.00597	0.05279	0.00969	0.02142	0.00717	0.00827	0.00558	0.00468	0.00328	0.00149	0.00442	0.00280	0.00308	0.00551
1	0.00681	0.00494	0.00642	0.00622	0.00730	0.00455	0.00460	0.00893	0.01331	0.01869	0.68302	0.12741	0.06790	0.01073	0.00585	0.00160	0.00238	0.00952	0.00529	0.00455
2	0.01314	0.83025	0.02575	0.00841	0.01261	0.01945	0.00841	0.01472	0.00999	0.01156	0.00683	0.00788	0.00631	0.00420	0.00315	0.00105	0.00526	0.00263	0.00210	0.00631
3	0.01005	0.00823	0.00949	0.00815	0.01070	0.00826	0.01955	0.07711	0.25442	0.01913	0.21870	0.06495	0.09996	0.00790	0.00511	0.00146	0.00345	0.00675	0.00461	0.16202
4	0.03831	0.01313	0.01392	0.06084	0.01585	0.08272	0.03237	0.41227	0.18470	0.07520	0.01332	0.01330	0.00964	0.00586	0.00487	0.00152	0.00542	0.00458	0.00451	0.00769
5	0.01068	0.01169	0.02331	0.01731	0.02115	0.03800	0.57280	0.01404	0.01137	0.01524	0.05464	0.14215	0.01344	0.00636	0.00604	0.00170	0.02391	0.00713	0.00296	0.00605
6	0.00645	0.00468	0.00609	0.00643	0.00721	0.00432	0.00456	0.00805	0.01171	0.01611	0.40566	0.39834	0.07685	0.01262	0.00602	0.00176	0.00257	0.01129	0.00498	0.00432
7	0.01259	0.69521	0.15596	0.00935	0.01407	0.01810	0.01004	0.01486	0.01005	0.01223	0.00717	0.00830	0.00629	0.00428	0.00341	0.00114	0.00559	0.00280	0.00210	0.00647
8	0.00831	0.00627	0.00809	0.00900	0.01023	0.02445	0.00774	0.01103	0.04877	0.01477	0.02550	0.05180	0.04208	0.03403	0.00710	0.00226	0.00456	0.67490	0.00446	0.00466
9	0.01035	0.00493	0.00521	0.00496	0.00635	0.00482	0.00378	0.01260	0.01065	0.09033	0.01634	0.01817	0.01256	0.00576	0.00357	0.00118	0.00246	0.00461	0.77642	0.00493
10	0.00702	0.00527	0.00790	0.00790	0.00878	0.00614	0.00614	0.00878	0.00790	0.01141	0.01316	0.01931	0.01229	0.03686	0.80782	0.00790	0.01316	0.00527	0.00263	0.00439
11	0.01027	0.00883	0.01040	0.03514	0.01247	0.00701	0.00620	0.01312	0.05198	0.01614	0.00934	0.01073	0.00767	0.00385	0.00376	0.00081	0.00375	0.00310	0.00300	0.78245
12	0.01774	0.00850	0.01096	0.00821	0.01222	0.00698	0.00671	0.01974	0.01266	0.51520	0.01552	0.01435	0.01039	0.00519	0.00447	0.00123	0.00398	0.00420	0.00493	0.31680
13	0.00581	0.00498	0.00498	0.00498	0.00664	0.00415	0.00373	0.00705	0.01120	0.01328	0.04978	0.04729	0.79464	0.01245	0.00581	0.00166	0.00249	0.01037	0.00456	0.00415
14	0.00584	0.00498	0.00503	0.00501	0.00666	0.00416	0.00376	0.00712	0.01128	0.01346	0.07166	0.04698	0.77265	0.01238	0.00581	0.00166	0.00248	0.01033	0.00459	0.00416
