[name]
unknown

[dist]
# distance from previous block
# <min> <max>
3	149

[block]
# block no. 0 follows, 57 sequences, length 10
# corresponding to MSA columns:
# 150-159
name=unknown_A
#
# <colnr> <probs for GDERKNQSTAVLIFYWHMCP>
#	G	D	E	R	K	N	Q	S	T	A	V	L	I	F	Y	W	H	M	C	P
0	0.01293	0.70502	0.02191	0.00841	0.01203	0.15348	0.00792	0.01433	0.00982	0.01073	0.00642	0.00742	0.00582	0.00401	0.00311	0.00100	0.00541	0.00251	0.00201	0.00572
1	0.01105	0.00921	0.00992	0.00860	0.01141	0.00998	0.00672	0.02128	0.61711	0.04440	0.01761	0.01650	0.03972	0.00584	0.00442	0.00139	0.00351	0.00484	0.00431	0.15217
2	0.00830	0.00524	0.00614	0.00583	0.00753	0.00463	0.00451	0.01000	0.03154	0.14844	0.11960	0.10457	0.45053	0.01041	0.00530	0.00156	0.00274	0.06395	0.00454	0.00463
3	0.05455	0.03808	0.03942	0.00755	0.01138	0.00710	0.00643	0.01656	0.01095	0.38107	0.01241	0.01199	0.00862	0.00448	0.00390	0.00108	0.00376	0.00354	0.00397	0.37316
4	0.00652	0.00440	0.00492	0.00492	0.00501	0.00436	0.00278	0.00658	0.00680	0.00898	0.01602	0.03042	0.06030	0.79499	0.02209	0.00424	0.00428	0.00675	0.00283	0.00281
5	0.69356	0.00848	0.00780	0.14475	0.01247	0.00992	0.00618	0.01284	0.00814	0.01877	0.03779	0.00918	0.00657	0.00446	0.00319	0.00142	0.00388	0.00294	0.00276	0.00490
6	0.00891	0.09354	0.53844	0.01130	0.01645	0.00995	0.04751	0.01309	0.01017	0.01463	0.14381	0.01538	0.01292	0.00544	0.00448	0.00142	0.00569	0.03823	0.00255	0.00607
7	0.00938	0.10166	0.74158	0.01242	0.01885	0.01123	0.01588	0.01428	0.00953	0.01400	0.00796	0.00935	0.00575	0.00426	0.00417	0.00139	0.00652	0.00326	0.00192	0.00661
8	0.01050	0.35862	0.19828	0.00944	0.01354	0.03893	0.04374	0.01294	0.00937	0.01244	0.00847	0.06754	0.00772	0.00482	0.00417	0.00116	0.04129	0.00363	0.00225	0.15114
9	0.19137	0.07503	0.23008	0.01032	0.01422	0.10969	0.08635	0.01503	0.03578	0.10262	0.01043	0.08117	0.00864	0.00530	0.00413	0.00141	0.00541	0.00425	0.00288	0.00589

[dist]
# distance from previous block
# <min> <max>
1	8

[block]
# block no. 1 follows, 57 sequences, length 30
# corresponding to MSA columns:
# 192-221
name=unknown_B
#
# <colnr> <probs for GDERKNQSTAVLIFYWHMCP>
#	G	D	E	R	K	N	Q	S	T	A	V	L	I	F	Y	W	H	M	C	P
0	0.28032	0.08596	0.05281	0.01468	0.26935	0.12443	0.02046	0.03916	0.00995	0.01587	0.00765	0.00945	0.00629	0.00552	0.03937	0.00157	0.00552	0.00327	0.00247	0.00592
1	0.01183	0.01097	0.03257	0.08087	0.45500	0.03343	0.10392	0.07836	0.03539	0.06086	0.01116	0.01307	0.04242	0.00466	0.00462	0.00139	0.00549	0.00445	0.00276	0.00676
2	0.00577	0.00413	0.00546	0.00622	0.00655	0.00403	0.00419	0.00658	0.00828	0.01110	0.02252	0.60925	0.04643	0.12041	0.11376	0.00286	0.00407	0.01097	0.00379	0.00361
3	0.01038	0.02152	0.01129	0.01209	0.18433	0.00887	0.00776	0.05615	0.25593	0.03707	0.17558	0.03875	0.01710	0.00602	0.00454	0.00133	0.00372	0.00523	0.00385	0.13849
4	0.00991	0.00991	0.01388	0.01190	0.01190	0.01388	0.00991	0.01091	0.00694	0.01091	0.00595	0.00991	0.00595	0.00793	0.01487	0.00198	0.83246	0.00397	0.00198	0.00496
5	0.00940	0.00805	0.00940	0.00671	0.01074	0.00604	0.00537	0.01141	0.00940	0.01477	0.00805	0.00940	0.00671	0.00336	0.00336	0.00067	0.00336	0.00268	0.00268	0.86845
6	0.00655	0.00481	0.00704	0.00703	0.00783	0.00551	0.00542	0.00815	0.00758	0.01102	0.04701	0.01885	0.01287	0.05773	0.73225	0.00671	0.01110	0.00503	0.03348	0.00402
7	0.00625	0.00463	0.00583	0.00553	0.00667	0.00420	0.00414	0.00823	0.01243	0.01724	0.68960	0.03539	0.16383	0.00961	0.00535	0.00144	0.00216	0.00841	0.00487	0.00420
8	0.01052	0.00894	0.00960	0.00868	0.01101	0.01019	0.00672	0.02168	0.68190	0.01883	0.14087	0.01953	0.01831	0.00663	0.00472	0.00152	0.00336	0.00560	0.00467	0.00672
9	0.00752	0.00497	0.00584	0.00585	0.00646	0.00491	0.00395	0.03110	0.02683	0.04622	0.01922	0.11332	0.08171	0.49600	0.01575	0.00328	0.00396	0.10103	0.01848	0.00359
10	0.00668	0.00438	0.00491	0.00491	0.00496	0.00438	0.00277	0.00678	0.00673	0.00918	0.01430	0.02904	0.01624	0.80036	0.02210	0.00423	0.00428	0.00648	0.04448	0.00282
11	0.00991	0.00991	0.01388	0.01190	0.01190	0.01388	0.00991	0.01091	0.00694	0.01091	0.00595	0.00991	0.00595	0.00793	0.01487	0.00198	0.83246	0.00397	0.00198	0.00496
12	0.00572	0.00411	0.00546	0.00634	0.00676	0.00384	0.00439	0.00674	0.00925	0.01239	0.10670	0.68727	0.04832	0.01352	0.00576	0.00181	0.00267	0.06090	0.00429	0.00378
13	0.09160	0.00640	0.00776	0.00658	0.00861	0.00605	0.00500	0.03478	0.01080	0.34492	0.12270	0.04780	0.04073	0.21346	0.00912	0.00215	0.00363	0.00575	0.02674	0.00543
14	0.00659	0.00439	0.00494	0.00494	0.00494	0.00439	0.00275	0.00659	0.00659	0.00879	0.01428	0.02965	0.01647	0.84075	0.02306	0.00439	0.00439	0.00659	0.00275	0.00275
15	0.00892	0.00825	0.01359	0.79579	0.03050	0.01023	0.01242	0.04425	0.00957	0.01228	0.00817	0.01203	0.00611	0.00457	0.00453	0.00150	0.00600	0.00403	0.00212	0.00514
16	0.30669	0.00747	0.00733	0.00640	0.00866	0.00798	0.00511	0.12159	0.03721	0.06826	0.16628	0.01867	0.09692	0.00638	0.00400	0.00137	0.00317	0.00495	0.11631	0.00522
17	0.01746	0.00869	0.01074	0.00859	0.01176	0.00850	0.00701	0.18423	0.09971	0.49385	0.01706	0.06269	0.01228	0.00633	0.00468	0.00145	0.00400	0.02851	0.00515	0.00731
18	0.02004	0.00818	0.01081	0.00829	0.01180	0.00736	0.00684	0.09537	0.01376	0.74123	0.01722	0.01499	0.01088	0.00559	0.00455	0.00140	0.00396	0.00451	0.00551	0.00771
19	0.00567	0.00449	0.00512	0.00532	0.00647	0.00394	0.00392	0.00698	0.01047	0.01330	0.18788	0.20636	0.46857	0.01166	0.00548	0.00160	0.00241	0.04211	0.00436	0.00390
20	0.00711	0.00477	0.00607	0.00585	0.00696	0.00439	0.00430	0.00897	0.02303	0.06557	0.51520	0.15895	0.11469	0.04616	0.00613	0.00163	0.00246	0.00873	0.00472	0.00433
21	0.00962	0.00651	0.00770	0.00698	0.00876	0.00658	0.00535	0.03765	0.21097	0.12004	0.31596	0.07731	0.09950	0.04464	0.00585	0.00163	0.00299	0.02183	0.00473	0.00540
22	0.00647	0.00485	0.00728	0.00728	0.00809	0.00566	0.00566	0.00809	0.00728	0.01052	0.01214	0.01780	0.01133	0.03398	0.82279	0.00728	0.01214	0.00485	0.00243	0.00405
23	0.00648	0.00480	0.00614	0.00679	0.00777	0.00455	0.00547	0.00803	0.01005	0.01293	0.07456	0.16286	0.21431	0.06273	0.00694	0.00202	0.00339	0.39209	0.00415	0.00394
24	0.00609	0.00424	0.00517	0.00569	0.00592	0.00409	0.00363	0.00659	0.00785	0.01039	0.02086	0.39168	0.05747	0.39888	0.01383	0.00303	0.00351	0.04429	0.00352	0.00327
25	0.06488	0.00489	0.00487	0.00471	0.00595	0.00506	0.00357	0.03107	0.03358	0.01711	0.01396	0.01600	0.01100	0.00566	0.00381	0.03599	0.00239	0.00412	0.72700	0.00436
26	0.65134	0.02627	0.02221	0.03664	0.01089	0.05334	0.02098	0.07712	0.03614	0.01975	0.00727	0.00831	0.00559	0.00440	0.00321	0.00139	0.00412	0.00282	0.00291	0.00530
27	0.00770	0.00438	0.00605	0.00617	0.00654	0.00429	0.00424	0.03106	0.00771	0.03066	0.03558	0.22874	0.04388	0.03747	0.01308	0.50287	0.00354	0.02019	0.00294	0.00292
28	0.03335	0.00449	0.00504	0.00507	0.00517	0.00452	0.00292	0.00676	0.00671	0.00925	0.01437	0.06775	0.01653	0.75168	0.02145	0.02835	0.00427	0.00669	0.00280	0.00284
29	0.04319	0.01254	0.01290	0.01011	0.01353	0.05517	0.00827	0.64557	0.06808	0.05183	0.02636	0.01158	0.00867	0.00548	0.00448	0.00136	0.00493	0.00413	0.00441	0.00740

[dist]
# distance from previous block
# <min> <max>
0	1

[block]
# block no. 2 follows, 57 sequences, length 34
# corresponding to MSA columns:
# 223-226,229-253,260-264
name=unknown_C
#
# <colnr> <probs for GDERKNQSTAVLIFYWHMCP>
#	G	D	E	R	K	N	Q	S	T	A	V	L	I	F	Y	W	H	M	C	P
0	0.01280	0.43087	0.09530	0.00983	0.03841	0.15931	0.00889	0.09377	0.03554	0.01352	0.03260	0.00957	0.00760	0.00535	0.02797	0.00132	0.00574	0.00315	0.00247	0.00598
1	0.07579	0.01242	0.01312	0.01012	0.01369	0.01379	0.00836	0.74370	0.02037	0.02799	0.01057	0.01064	0.00751	0.00536	0.00441	0.00136	0.00488	0.00397	0.00441	0.00751
2	0.00659	0.00439	0.00494	0.00494	0.00494	0.00439	0.00275	0.00659	0.00659	0.00879	0.01428	0.02965	0.01647	0.84075	0.02306	0.00439	0.00439	0.00659	0.00275	0.00275
3	0.00536	0.00459	0.00459	0.00459	0.00612	0.00383	0.00344	0.00650	0.01033	0.01224	0.04590	0.04361	0.81065	0.01148	0.00536	0.00153	0.00230	0.00956	0.00421	0.00383
4	0.04385	0.00915	0.01130	0.01085	0.10395	0.00949	0.00773	0.05129	0.34945	0.32777	0.01639	0.01513	0.01152	0.00560	0.00451	0.00145	0.00395	0.00465	0.00466	0.00733
5	0.01530	0.01110	0.01188	0.00937	0.01249	0.01219	0.00764	0.63358	0.04348	0.02588	0.01306	0.03954	0.03294	0.00591	0.00444	0.00135	0.00446	0.00458	0.10377	0.00704
6	0.00659	0.00439	0.00494	0.00494	0.00494	0.00439	0.00275	0.00659	0.00659	0.00879	0.01428	0.02965	0.01647	0.84075	0.02306	0.00439	0.00439	0.00659	0.00275	0.00275
7	0.00625	0.00455	0.00588	0.00571	0.00671	0.00418	0.00422	0.00818	0.01221	0.01707	0.67639	0.12704	0.08473	0.00996	0.00540	0.00148	0.00220	0.00881	0.00485	0.00418
8	0.00795	0.00575	0.00674	0.00660	0.00777	0.00587	0.00482	0.03529	0.15920	0.03840	0.17786	0.20451	0.08225	0.15212	0.00827	0.00208	0.00317	0.05289	0.03385	0.00459
9	0.00636	0.00481	0.00591	0.00570	0.00692	0.00443	0.00434	0.00858	0.03563	0.01653	0.56045	0.03665	0.22240	0.00988	0.00538	0.00149	0.00234	0.05322	0.00475	0.00425
10	0.00636	0.00478	0.00591	0.00560	0.00680	0.00441	0.00421	0.00864	0.03688	0.01706	0.63953	0.03519	0.18859	0.00959	0.00532	0.00145	0.00221	0.00836	0.00483	0.00428
11	0.00564	0.00401	0.00521	0.00611	0.00637	0.00377	0.00402	0.00635	0.00847	0.01126	0.02421	0.72704	0.04575	0.10938	0.00777	0.00213	0.00282	0.01208	0.00404	0.00358
12	0.00579	0.00400	0.00526	0.00612	0.00633	0.00378	0.00401	0.00632	0.00826	0.01101	0.02267	0.69023	0.02703	0.11689	0.00861	0.05183	0.00292	0.01159	0.00390	0.00347
13	0.00552	0.00394	0.00526	0.00631	0.00657	0.00368	0.00421	0.00631	0.00868	0.01157	0.02498	0.83779	0.02997	0.01420	0.00578	0.00184	0.00263	0.01288	0.00421	0.00368
14	0.01696	0.01243	0.01331	0.01024	0.01378	0.01375	0.00845	0.77329	0.02094	0.02820	0.01100	0.01106	0.00783	0.00543	0.00449	0.00135	0.00490	0.00408	0.03090	0.00760
15	0.01281	0.00622	0.00857	0.00808	0.01015	0.00575	0.00683	0.01470	0.01151	0.35796	0.04054	0.06539	0.02025	0.00954	0.00549	0.00177	0.00393	0.40002	0.00481	0.00568
16	0.01211	0.84348	0.02374	0.00775	0.01163	0.01793	0.00775	0.01357	0.00921	0.01066	0.00630	0.00727	0.00582	0.00388	0.00291	0.00097	0.00485	0.00242	0.00194	0.00582
17	0.00659	0.00439	0.00494	0.00494	0.00494	0.00439	0.00275	0.00659	0.00659	0.00879	0.01428	0.02965	0.01647	0.84075	0.02306	0.00439	0.00439	0.00659	0.00275	0.00275
18	0.00771	0.00404	0.00606	0.00606	0.00616	0.00413	0.00413	0.00616	0.00606	0.00818	0.00836	0.01424	0.00827	0.01784	0.11048	0.76896	0.00488	0.00404	0.00202	0.00221
19	0.01042	0.00890	0.00949	0.00874	0.01100	0.01015	0.00671	0.02146	0.68688	0.01789	0.02009	0.11236	0.04153	0.00725	0.00477	0.00157	0.00343	0.00616	0.00455	0.00666
20	0.00641	0.00463	0.00606	0.00570	0.00677	0.00428	0.00428	0.00855	0.01283	0.01817	0.81009	0.03385	0.04276	0.00926	0.00534	0.00143	0.00214	0.00819	0.00499	0.00428
21	0.01122	0.01077	0.01839	0.02781	0.81248	0.01077	0.01391	0.01391	0.01032	0.01480	0.00852	0.01122	0.00718	0.00404	0.00449	0.00135	0.00538	0.00404	0.00224	0.00718
22	0.01693	0.02160	0.01284	0.01167	0.01401	0.82256	0.00876	0.01809	0.01284	0.01109	0.00700	0.00817	0.00584	0.00467	0.00409	0.00117	0.00817	0.00292	0.00233	0.00525
23	0.00545	0.00450	0.00478	0.00492	0.00623	0.00383	0.00361	0.00660	0.01024	0.01251	0.09054	0.16180	0.64587	0.01174	0.00542	0.00157	0.00234	0.00997	0.00426	0.00383
24	0.01309	0.01064	0.01127	0.00959	0.01248	0.01212	0.00761	0.26031	0.56510	0.02189	0.01613	0.01506	0.01196	0.00593	0.00459	0.00148	0.00401	0.00480	0.00459	0.00734
25	0.87276	0.00876	0.00666	0.00596	0.00876	0.01017	0.00491	0.01332	0.00771	0.02033	0.00631	0.00736	0.00491	0.00421	0.00280	0.00140	0.00351	0.00245	0.00280	0.00491
26	0.00856	0.00805	0.01359	0.82986	0.03121	0.01007	0.01258	0.01158	0.00906	0.01158	0.00805	0.01208	0.00604	0.00453	0.00453	0.00151	0.00604	0.00403	0.00201	0.00503
27	0.00554	0.00402	0.00519	0.00611	0.00648	0.00372	0.00409	0.00634	0.00875	0.01153	0.02649	0.73856	0.09975	0.04235	0.00634	0.00190	0.00266	0.01237	0.00416	0.00366
28	0.00659	0.00471	0.00649	0.00753	0.00827	0.00460	0.00607	0.00816	0.00973	0.01277	0.02438	0.36479	0.02763	0.01319	0.00607	0.00199	0.00356	0.47532	0.00419	0.00398
29	0.00641	0.00463	0.00606	0.00570	0.00677	0.00428	0.00428	0.00855	0.01283	0.01817	0.81009	0.03385	0.04276	0.00926	0.00534	0.00143	0.00214	0.00819	0.00499	0.00428
30	0.87276	0.00876	0.00666	0.00596	0.00876	0.01017	0.00491	0.01332	0.00771	0.02033	0.00631	0.00736	0.00491	0.00421	0.00280	0.00140	0.00351	0.00245	0.00280	0.00491
31	0.00579	0.00413	0.00556	0.00661	0.00699	0.00391	0.00467	0.00677	0.00894	0.01187	0.02483	0.72011	0.02939	0.01395	0.00585	0.00188	0.00286	0.12793	0.00420	0.00375
32	0.00856	0.00805	0.01359	0.82986	0.03121	0.01007	0.01258	0.01158	0.00906	0.01158	0.00805	0.01208	0.00604	0.00453	0.00453	0.00151	0.00604	0.00403	0.00201	0.00503
33	0.00787	0.00394	0.00590	0.00590	0.00590	0.00394	0.00394	0.00590	0.00590	0.00787	0.00787	0.01377	0.00787	0.01574	0.01771	0.86816	0.00394	0.00394	0.00197	0.00197

[dist]
# distance from previous block
# <min> <max>
0	1

[block]
# block no. 3 follows, 57 sequences, length 18
# corresponding to MSA columns:
# 266-283
name=unknown_D
#
# <colnr> <probs for GDERKNQSTAVLIFYWHMCP>
#	G	D	E	R	K	N	Q	S	T	A	V	L	I	F	Y	W	H	M	C	P
0	0.00787	0.00394	0.00590	0.00590	0.00590	0.00394	0.00394	0.00590	0.00590	0.00787	0.00787	0.01377	0.00787	0.01574	0.01771	0.86816	0.00394	0.00394	0.00197	0.00197
1	0.01693	0.02160	0.01284	0.01167	0.01401	0.82256	0.00876	0.01809	0.01284	0.01109	0.00700	0.00817	0.00584	0.00467	0.00409	0.00117	0.00817	0.00292	0.00233	0.00525
2	0.00648	0.00484	0.00719	0.00719	0.00797	0.00561	0.00555	0.00803	0.00726	0.01045	0.01222	0.01827	0.01153	0.06568	0.79137	0.00717	0.01183	0.00492	0.00244	0.00399
3	0.00626	0.00463	0.00585	0.00554	0.00668	0.00421	0.00416	0.00826	0.01248	0.01734	0.70289	0.03522	0.15048	0.00957	0.00535	0.00144	0.00216	0.00839	0.00488	0.00421
4	0.01232	0.80777	0.02327	0.00792	0.01173	0.05288	0.00780	0.01377	0.00937	0.01068	0.00633	0.00731	0.00582	0.00391	0.00296	0.00098	0.00499	0.00244	0.00196	0.00579
5	0.01193	0.79222	0.07334	0.00808	0.01213	0.01747	0.00832	0.01362	0.00923	0.01089	0.00641	0.00741	0.00581	0.00390	0.00299	0.00100	0.00496	0.00248	0.00194	0.00587
6	0.01251	0.44674	0.20037	0.01011	0.01429	0.20288	0.02981	0.01482	0.01017	0.01169	0.00695	0.00812	0.00583	0.00416	0.00356	0.00113	0.00611	0.00282	0.00203	0.00589
7	0.87276	0.00876	0.00666	0.00596	0.00876	0.01017	0.00491	0.01332	0.00771	0.02033	0.00631	0.00736	0.00491	0.00421	0.00280	0.00140	0.00351	0.00245	0.00280	0.00491
8	0.00987	0.02687	0.01472	0.04539	0.46266	0.03871	0.04262	0.01237	0.01113	0.01549	0.25344	0.01801	0.01793	0.00566	0.00474	0.00137	0.00460	0.00529	0.00307	0.00608
9	0.01723	0.01269	0.01360	0.01043	0.01405	0.01405	0.00861	0.79738	0.02131	0.02856	0.01088	0.01088	0.00771	0.00544	0.00453	0.00136	0.00499	0.00408	0.00453	0.00771
10	0.01023	0.01043	0.01383	0.01189	0.01199	0.04980	0.00986	0.01122	0.00720	0.01091	0.00600	0.00984	0.00594	0.00779	0.01439	0.00195	0.79584	0.00392	0.00200	0.00497
11	0.00787	0.00394	0.00590	0.00590	0.00590	0.00394	0.00394	0.00590	0.00590	0.00787	0.00787	0.01377	0.00787	0.01574	0.01771	0.86816	0.00394	0.00394	0.00197	0.00197
12	0.00631	0.00461	0.00594	0.00565	0.00672	0.00423	0.00422	0.00834	0.01252	0.01756	0.73408	0.06207	0.09162	0.00958	0.00536	0.00145	0.00216	0.00844	0.00491	0.00423
13	0.00655	0.00453	0.00564	0.00564	0.00588	0.00477	0.00362	0.00704	0.00680	0.00930	0.01364	0.02611	0.01494	0.59984	0.26187	0.00526	0.00671	0.00607	0.00265	0.00313
14	0.00909	0.02344	0.81727	0.01292	0.01961	0.01052	0.01674	0.01435	0.00957	0.01435	0.00813	0.00957	0.00574	0.00431	0.00431	0.00144	0.00670	0.00335	0.00191	0.00670
15	0.01721	0.01159	0.01274	0.00985	0.01334	0.01255	0.00811	0.62751	0.05106	0.14657	0.01235	0.01197	0.00859	0.00549	0.00450	0.00136	0.00468	0.00420	0.02874	0.00759
16	0.01006	0.00959	0.01631	0.37498	0.47431	0.01046	0.01333	0.01290	0.00977	0.01341	0.00832	0.01159	0.00669	0.00425	0.00451	0.00142	0.00567	0.00403	0.00214	0.00625
17	0.01131	0.01209	0.05241	0.02476	0.59139	0.05026	0.16242	0.01424	0.01048	0.01455	0.00856	0.01119	0.00700	0.00404	0.00462	0.00138	0.00600	0.00420	0.00224	0.00686

[dist]
# distance from previous block
# <min> <max>
0	12

[block]
# block no. 4 follows, 57 sequences, length 64
# corresponding to MSA columns:
# 317-329,335-385
name=unknown_E
#
# <colnr> <probs for GDERKNQSTAVLIFYWHMCP>
#	G	D	E	R	K	N	Q	S	T	A	V	L	I	F	Y	W	H	M	C	P
0	0.11515	0.01750	0.01201	0.01065	0.01310	0.53626	0.00824	0.12570	0.01311	0.03155	0.00830	0.01031	0.00688	0.00517	0.00451	0.00129	0.03912	0.03278	0.00282	0.00555
1	0.00857	0.00790	0.01318	0.69425	0.07355	0.00958	0.01208	0.01147	0.00928	0.01198	0.00982	0.01629	0.00829	0.00537	0.00472	0.00156	0.00580	0.08897	0.00226	0.00506
2	0.00593	0.00476	0.00531	0.00514	0.00653	0.00422	0.00387	0.00780	0.03556	0.01464	0.32815	0.03918	0.50179	0.01049	0.00533	0.00149	0.00228	0.00892	0.00451	0.00409
3	0.01673	0.02071	0.01292	0.01161	0.01395	0.75009	0.00878	0.06345	0.01315	0.01211	0.00720	0.00838	0.00595	0.00482	0.00445	0.00120	0.03364	0.00302	0.00245	0.00539
4	0.06349	0.05996	0.09454	0.04223	0.08788	0.05448	0.03252	0.12431	0.02933	0.17715	0.02229	0.01173	0.01623	0.00469	0.00412	0.00124	0.00478	0.00376	0.00341	0.16185
5	0.01306	0.01156	0.01271	0.17346	0.04147	0.13992	0.02203	0.11539	0.21919	0.09149	0.01167	0.01261	0.00878	0.00555	0.00568	0.00148	0.10004	0.00421	0.00341	0.00629
6	0.00909	0.02344	0.81727	0.01292	0.01961	0.01052	0.01674	0.01435	0.00957	0.01435	0.00813	0.00957	0.00574	0.00431	0.00431	0.00144	0.00670	0.00335	0.00191	0.00670
7	0.01727	0.00933	0.01193	0.02779	0.01301	0.00932	0.04069	0.27091	0.03932	0.42289	0.01509	0.04519	0.01058	0.00690	0.03657	0.00165	0.00470	0.00477	0.00483	0.00727
8	0.00916	0.00854	0.01412	0.65326	0.12878	0.01019	0.02534	0.02275	0.04532	0.01268	0.00875	0.01225	0.00666	0.00455	0.00452	0.00148	0.00579	0.00410	0.01630	0.00544
9	0.00631	0.00516	0.00538	0.00546	0.00688	0.00436	0.00397	0.00722	0.01074	0.01317	0.06980	0.14162	0.67872	0.01221	0.00576	0.00172	0.00264	0.01013	0.00450	0.00428
10	0.00659	0.00439	0.00494	0.00494	0.00494	0.00439	0.00275	0.00659	0.00659	0.00879	0.01428	0.02965	0.01647	0.84075	0.02306	0.00439	0.00439	0.00659	0.00275	0.00275
11	0.00787	0.00394	0.00590	0.00590	0.00590	0.00394	0.00394	0.00590	0.00590	0.00787	0.00787	0.01377	0.00787	0.01574	0.01771	0.86816	0.00394	0.00394	0.00197	0.00197
12	0.00871	0.00572	0.00714	0.00727	0.00854	0.00570	0.00548	0.03628	0.12494	0.10630	0.04564	0.42628	0.05778	0.01127	0.00547	0.00174	0.00318	0.12323	0.00445	0.00487
13	0.28141	0.00830	0.00942	0.00752	0.01074	0.00820	0.00619	0.07562	0.01196	0.48900	0.03856	0.01319	0.01001	0.00528	0.00404	0.00140	0.00378	0.00399	0.00465	0.00674
14	0.00552	0.00394	0.00526	0.00631	0.00657	0.00368	0.00421	0.00631	0.00868	0.01157	0.02498	0.83779	0.02997	0.01420	0.00578	0.00184	0.00263	0.01288	0.00421	0.00368
15	0.00600	0.00481	0.00518	0.00507	0.00641	0.00431	0.00373	0.00768	0.04968	0.01309	0.16118	0.03859	0.56233	0.07001	0.00706	0.03554	0.00255	0.00870	0.00416	0.00391
16	0.06198	0.00528	0.00632	0.00648	0.00755	0.00515	0.00466	0.06894	0.01035	0.06328	0.09591	0.51349	0.09765	0.02389	0.00560	0.00172	0.00289	0.01021	0.00428	0.00437
17	0.00939	0.00588	0.00628	0.00578	0.00717	0.00613	0.00429	0.07889	0.12122	0.03921	0.06213	0.02039	0.03955	0.15078	0.00717	0.00177	0.00301	0.00516	0.42104	0.00476
18	0.00977	0.00832	0.00959	0.00701	0.01092	0.00666	0.00560	0.03686	0.06598	0.01549	0.00888	0.00997	0.00725	0.00362	0.00348	0.00075	0.00342	0.00290	0.00288	0.78065
19	0.04153	0.00503	0.00621	0.00622	0.00727	0.00479	0.00449	0.00951	0.03483	0.09933	0.20575	0.31795	0.08015	0.11661	0.00759	0.00198	0.00297	0.03915	0.00431	0.00432
20	0.00633	0.00446	0.00537	0.00570	0.00647	0.00413	0.00403	0.00738	0.00939	0.02865	0.11111	0.28904	0.22058	0.17099	0.00888	0.00220	0.00298	0.07697	0.03159	0.00374
21	0.00787	0.00394	0.00590	0.00590	0.00590	0.00394	0.00394	0.00590	0.00590	0.00787	0.00787	0.01377	0.00787	0.01574	0.01771	0.86816	0.00394	0.00394	0.00197	0.00197
22	0.31201	0.00956	0.00964	0.00786	0.01091	0.01038	0.00643	0.27452	0.06400	0.15861	0.01254	0.01240	0.03927	0.00532	0.00391	0.00138	0.00394	0.00389	0.04705	0.00638
23	0.05314	0.00474	0.00560	0.00597	0.00692	0.00451	0.00435	0.00784	0.03051	0.01364	0.16837	0.35687	0.21145	0.03799	0.00600	0.00176	0.00271	0.06941	0.00423	0.00399
24	0.00671	0.00444	0.00519	0.00534	0.00556	0.00434	0.00326	0.00700	0.00735	0.02776	0.01762	0.15838	0.04909	0.62817	0.01860	0.00373	0.00401	0.03719	0.00315	0.00310
25	0.00683	0.00461	0.00523	0.00519	0.00533	0.00462	0.00303	0.02909	0.00724	0.00968	0.02927	0.07630	0.01749	0.75371	0.02121	0.00410	0.00427	0.00691	0.00292	0.00297
26	0.00559	0.00438	0.00503	0.00538	0.00637	0.00386	0.00384	0.00669	0.00987	0.01248	0.10844	0.31981	0.42649	0.03719	0.00606	0.00173	0.00250	0.02627	0.00424	0.00379
27	0.03564	0.00565	0.00665	0.00610	0.00775	0.00535	0.00464	0.01140	0.08713	0.12967	0.31479	0.05404	0.23697	0.05609	0.00611	0.00165	0.00277	0.01816	0.00460	0.00484
28	0.01850	0.02237	0.01061	0.00857	0.04158	0.00719	0.00672	0.06421	0.01293	0.64865	0.01662	0.01501	0.01081	0.00548	0.00439	0.00136	0.00382	0.00444	0.08942	0.00732
29	0.00563	0.00401	0.00520	0.00610	0.00638	0.00376	0.00402	0.00635	0.00850	0.01129	0.02450	0.72363	0.05429	0.10404	0.00765	0.00211	0.00281	0.01209	0.00405	0.00358
30	0.00649	0.00437	0.00502	0.00509	0.00517	0.00433	0.00294	0.00666	0.00707	0.00947	0.05427	0.09579	0.01887	0.73245	0.02078	0.00404	0.00414	0.00718	0.00298	0.00290
31	0.51348	0.00990	0.00931	0.04247	0.01146	0.01125	0.00648	0.26902	0.02241	0.03483	0.00824	0.00910	0.00615	0.00493	0.00382	0.02069	0.00411	0.00315	0.00338	0.00583
32	0.00593	0.00415	0.00517	0.00580	0.00606	0.00395	0.00374	0.00645	0.00807	0.01067	0.02238	0.50288	0.06995	0.27920	0.01155	0.02032	0.00323	0.02345	0.00369	0.00336
33	0.01266	0.04464	0.04162	0.03412	0.53850	0.13185	0.01238	0.10200	0.01184	0.01557	0.00846	0.01054	0.00692	0.00430	0.00437	0.00131	0.00578	0.00379	0.00249	0.00685
34	0.00690	0.00467	0.00543	0.00536	0.00588	0.00441	0.00333	0.00730	0.00757	0.03284	0.01794	0.16598	0.07224	0.56385	0.01707	0.00343	0.00387	0.00754	0.00317	0.06123
35	0.01099	0.01112	0.04629	0.06755	0.71912	0.01075	0.03993	0.01382	0.01024	0.01462	0.00851	0.01123	0.00706	0.00406	0.00451	0.00136	0.00554	0.00406	0.00222	0.00702
36	0.00787	0.00394	0.00590	0.00590	0.00590	0.00394	0.00394	0.00590	0.00590	0.00787	0.00787	0.01377	0.00787	0.01574	0.01771	0.86816	0.00394	0.00394	0.00197	0.00197
37	0.00606	0.00433	0.00587	0.00686	0.00738	0.00414	0.00509	0.00727	0.00933	0.01238	0.05458	0.58382	0.02935	0.01353	0.00590	0.00189	0.00305	0.23108	0.00423	0.00384
38	0.00557	0.00401	0.00528	0.00622	0.00657	0.00372	0.00419	0.00645	0.00898	0.01199	0.07330	0.76279	0.05653	0.01381	0.00574	0.00180	0.00259	0.01249	0.00425	0.00372
39	0.00562	0.00404	0.00534	0.00620	0.00659	0.00375	0.00420	0.00658	0.00920	0.01236	0.11751	0.72650	0.04818	0.01356	0.00572	0.00178	0.00256	0.01226	0.00430	0.00375
40	0.00722	0.00483	0.00621	0.00575	0.00702	0.00439	0.00435	0.00924	0.01260	0.06945	0.68789	0.03355	0.11177	0.00923	0.00529	0.00143	0.00226	0.00809	0.00496	0.00446
41	0.02506	0.00591	0.00684	0.00669	0.00800	0.00608	0.00517	0.11438	0.05618	0.01601	0.06864	0.17488	0.07413	0.03601	0.00628	0.05720	0.00325	0.13815	0.18660	0.00454
42	0.00536	0.00459	0.00459	0.00459	0.00612	0.00383	0.00344	0.00650	0.01033	0.01224	0.04590	0.04361	0.81065	0.01148	0.00536	0.00153	0.00230	0.00956	0.00421	0.00383
43	0.04451	0.00784	0.01047	0.00805	0.01154	0.00691	0.00665	0.03752	0.01299	0.77709	0.01741	0.01510	0.01097	0.00557	0.00451	0.00140	0.00387	0.00449	0.00551	0.00763
44	0.03093	0.00461	0.00553	0.00606	0.00692	0.00432	0.00425	0.00786	0.04088	0.04288	0.02901	0.55669	0.21812	0.01260	0.00550	0.00172	0.00266	0.01115	0.00424	0.00404
45	0.01153	0.00755	0.00869	0.00762	0.00993	0.00775	0.00599	0.06510	0.28923	0.18606	0.15328	0.04968	0.14622	0.00775	0.00491	0.00150	0.00327	0.02303	0.00479	0.00613
46	0.00552	0.00394	0.00526	0.00631	0.00657	0.00368	0.00421	0.00631	0.00868	0.01157	0.02498	0.83779	0.02997	0.01420	0.00578	0.00184	0.00263	0.01288	0.00421	0.00368
47	0.01621	0.01962	0.01254	0.01130	0.01372	0.67772	0.00854	0.05750	0.11546	0.01297	0.00867	0.00943	0.00696	0.00490	0.00418	0.00122	0.00742	0.00326	0.00274	0.00562
48	0.66878	0.00861	0.00729	0.00636	0.00912	0.00969	0.00518	0.05810	0.03336	0.07898	0.00965	0.01047	0.03760	0.02145	0.00360	0.00146	0.00356	0.00317	0.01830	0.00524
49	0.02008	0.00811	0.01076	0.00825	0.01177	0.00725	0.00682	0.08402	0.01364	0.75275	0.01732	0.01506	0.01094	0.00559	0.00455	0.00140	0.00395	0.00452	0.00552	0.00771
50	0.01693	0.02160	0.01284	0.01167	0.01401	0.82256	0.00876	0.01809	0.01284	0.01109	0.00700	0.00817	0.00584	0.00467	0.00409	0.00117	0.00817	0.00292	0.00233	0.00525
51	0.00558	0.00398	0.00528	0.00626	0.00654	0.00372	0.00418	0.00640	0.00879	0.01176	0.05464	0.78918	0.03016	0.03241	0.00615	0.00188	0.00265	0.01256	0.00420	0.00368
52	0.00690	0.00543	0.00787	0.00761	0.00827	0.00652	0.00592	0.00835	0.00745	0.01081	0.04915	0.01842	0.01251	0.08616	0.62919	0.00615	0.11167	0.00502	0.00252	0.00408
53	0.87276	0.00876	0.00666	0.00596	0.00876	0.01017	0.00491	0.01332	0.00771	0.02033	0.00631	0.00736	0.00491	0.00421	0.00280	0.00140	0.00351	0.00245	0.00280	0.00491
54	0.00647	0.00485	0.00728	0.00728	0.00809	0.00566	0.00566	0.00809	0.00728	0.01052	0.01214	0.01780	0.01133	0.03398	0.82279	0.00728	0.01214	0.00485	0.00243	0.00405
55	0.00591	0.00458	0.00534	0.00533	0.00651	0.00407	0.00397	0.00740	0.01099	0.01434	0.32862	0.10023	0.39326	0.04444	0.00614	0.00166	0.00244	0.04639	0.00444	0.00396
56	0.01098	0.01056	0.01811	0.09581	0.73384	0.01072	0.02597	0.01372	0.01022	0.01453	0.00849	0.01130	0.00708	0.00408	0.00450	0.00136	0.00547	0.00406	0.00222	0.00698
57	0.00845	0.00422	0.00422	0.00422	0.00528	0.00422	0.00317	0.01056	0.00950	0.01689	0.01478	0.01689	0.01161	0.00528	0.00317	0.00106	0.00211	0.00422	0.86591	0.00422
58	0.01200	0.01239	0.01674	0.12237	0.56239	0.15438	0.01274	0.02774	0.01080	0.01399	0.00824	0.01078	0.00681	0.00423	0.00442	0.00133	0.00595	0.00384	0.00227	0.00658
59	0.04083	0.00513	0.00630	0.00652	0.00732	0.00520	0.00491	0.03308	0.00926	0.01272	0.09675	0.07346	0.05922	0.30487	0.06480	0.00308	0.00441	0.25479	0.00360	0.00377
60	0.87276	0.00876	0.00666	0.00596	0.00876	0.01017	0.00491	0.01332	0.00771	0.02033	0.00631	0.00736	0.00491	0.00421	0.00280	0.00140	0.00351	0.00245	0.00280	0.00491
61	0.12267	0.01237	0.01282	0.03567	0.14170	0.20241	0.03271	0.09837	0.02594	0.23972	0.01087	0.01128	0.00781	0.00491	0.00443	0.00135	0.02114	0.00378	0.00354	0.00651
62	0.05836	0.20096	0.03892	0.01430	0.19375	0.25641	0.04042	0.11891	0.01214	0.01485	0.00778	0.00917	0.00637	0.00438	0.00396	0.00122	0.00607	0.00330	0.00253	0.00619
63	0.01166	0.14676	0.22187	0.03590	0.20494	0.06953	0.14123	0.03060	0.02844	0.05433	0.00880	0.01048	0.00679	0.00426	0.00431	0.00134	0.00609	0.00379	0.00239	0.00651

[dist]
# distance from previous block
# <min> <max>
1	7

[block]
# block no. 5 follows, 57 sequences, length 17
# corresponding to MSA columns:
# 393-409
name=unknown_F
#
# <colnr> <probs for GDERKNQSTAVLIFYWHMCP>
#	G	D	E	R	K	N	Q	S	T	A	V	L	I	F	Y	W	H	M	C	P
0	0.00570	0.00434	0.00519	0.00558	0.00643	0.00390	0.00395	0.00684	0.00992	0.01287	0.16869	0.36709	0.30527	0.04931	0.00634	0.00178	0.00254	0.02618	0.00428	0.00380
1	0.04421	0.01274	0.01369	0.01216	0.08970	0.09376	0.03753	0.46585	0.13043	0.03735	0.01126	0.01152	0.00828	0.00523	0.00447	0.00137	0.00517	0.00411	0.00399	0.00718
2	0.01581	0.01145	0.01226	0.00986	0.01310	0.03232	0.00802	0.48673	0.20875	0.10815	0.01373	0.01393	0.01005	0.00582	0.00459	0.00142	0.00458	0.02738	0.00460	0.00741
3	0.01401	0.00670	0.00879	0.00759	0.00996	0.00622	0.00616	0.01666	0.07644	0.42065	0.14077	0.02620	0.03523	0.05637	0.00609	0.00172	0.00363	0.14571	0.00498	0.00613
4	0.01398	0.00951	0.01061	0.00905	0.01193	0.01041	0.00718	0.09300	0.54365	0.21147	0.01763	0.01601	0.01265	0.00595	0.00459	0.00149	0.00378	0.00489	0.00484	0.00735
5	0.08694	0.01186	0.01213	0.01019	0.03271	0.04900	0.00802	0.45403	0.24581	0.02397	0.01245	0.01221	0.00915	0.00547	0.00439	0.00141	0.00461	0.00419	0.00426	0.00719
6	0.13358	0.42986	0.12895	0.00894	0.01282	0.11523	0.00878	0.07626	0.02488	0.01415	0.00722	0.00817	0.00597	0.00425	0.00339	0.00116	0.00532	0.00280	0.00236	0.00591
7	0.00643	0.00437	0.00501	0.00510	0.00521	0.00433	0.00297	0.00659	0.00697	0.00924	0.01669	0.10258	0.05513	0.70944	0.03842	0.00409	0.00431	0.00726	0.00294	0.00291
8	0.00622	0.00442	0.00531	0.00545	0.00599	0.00419	0.00364	0.00710	0.00910	0.01217	0.21213	0.18191	0.12820	0.35169	0.01273	0.00276	0.00325	0.03648	0.00379	0.00348
9	0.00926	0.00849	0.01401	0.37780	0.33159	0.00938	0.01144	0.01164	0.00913	0.01237	0.00929	0.01471	0.00824	0.14539	0.00764	0.00193	0.00551	0.00446	0.00223	0.00548
10	0.01231	0.03606	0.01779	0.05123	0.39494	0.02814	0.13923	0.10575	0.09950	0.05455	0.01032	0.01202	0.00800	0.00450	0.00459	0.00139	0.00550	0.00433	0.00292	0.00693
11	0.01105	0.01266	0.02441	0.05672	0.02272	0.07552	0.65946	0.01449	0.01061	0.01393	0.00879	0.01179	0.00671	0.00412	0.00566	0.00152	0.04661	0.00503	0.00227	0.00594
12	0.00603	0.00448	0.00556	0.00556	0.00653	0.00407	0.00404	0.00763	0.01128	0.01533	0.47230	0.19143	0.19677	0.04099	0.00608	0.00164	0.00235	0.00932	0.00459	0.00401
13	0.07447	0.00478	0.00546	0.00584	0.00666	0.00464	0.00419	0.00749	0.00885	0.01223	0.04911	0.26012	0.20258	0.21032	0.00964	0.00237	0.00325	0.12055	0.00376	0.00368
14	0.01043	0.01096	0.02092	0.03243	0.19029	0.02418	0.44333	0.02746	0.01040	0.01431	0.01023	0.08577	0.00895	0.00502	0.00548	0.00149	0.04332	0.00547	0.00249	0.04707
15	0.05566	0.01671	0.01156	0.01071	0.03286	0.52763	0.00792	0.10997	0.01318	0.01433	0.07247	0.08503	0.01113	0.00594	0.00434	0.00129	0.00652	0.00438	0.00300	0.00536
16	0.01234	0.00615	0.00850	0.07193	0.01082	0.00572	0.00608	0.01426	0.01209	0.34851	0.30450	0.09755	0.02469	0.00799	0.00504	0.00150	0.00331	0.04841	0.00490	0.00571

[dist]
# distance from previous block
# <min> <max>
1	2

[block]
# block no. 6 follows, 57 sequences, length 8
# corresponding to MSA columns:
# 412-419
name=unknown_G
#
# <colnr> <probs for GDERKNQSTAVLIFYWHMCP>
#	G	D	E	R	K	N	Q	S	T	A	V	L	I	F	Y	W	H	M	C	P
0	0.01314	0.12753	0.03137	0.00896	0.01169	0.05417	0.00743	0.36993	0.07121	0.01946	0.01248	0.05197	0.01120	0.13082	0.00722	0.00183	0.00483	0.05496	0.00369	0.00611
1	0.00703	0.00651	0.06776	0.00771	0.00923	0.00544	0.00680	0.00957	0.05105	0.01359	0.06035	0.15735	0.15383	0.01150	0.00577	0.00185	0.00371	0.41247	0.00407	0.00439
2	0.00835	0.06043	0.00812	0.00710	0.00835	0.04179	0.00561	0.07209	0.01069	0.01384	0.13591	0.05682	0.07227	0.21323	0.00972	0.00234	0.00405	0.26129	0.00375	0.00424
3	0.01377	0.00989	0.01050	0.00892	0.01169	0.05173	0.00704	0.17396	0.35067	0.17066	0.01741	0.07762	0.03995	0.00655	0.00464	0.00146	0.00403	0.00537	0.00457	0.02957
4	0.01107	0.00983	0.01437	0.25589	0.14516	0.03768	0.09394	0.08110	0.13248	0.05008	0.01125	0.05051	0.00902	0.00511	0.00458	0.00141	0.00525	0.00463	0.00301	0.07362
5	0.01158	0.01067	0.03336	0.01081	0.02930	0.04688	0.16653	0.14753	0.10967	0.03862	0.01312	0.01387	0.06850	0.00492	0.00437	0.00121	0.00480	0.00438	0.00331	0.27659
6	0.03678	0.01106	0.01197	0.07217	0.06560	0.10861	0.00809	0.20148	0.08365	0.20315	0.01177	0.01192	0.00845	0.00493	0.00426	0.00127	0.00480	0.00387	0.00385	0.14232
7	0.03180	0.00986	0.01304	0.01017	0.03722	0.04072	0.12884	0.08843	0.07607	0.12216	0.01057	0.01134	0.00794	0.00424	0.00409	0.00109	0.00451	0.00372	0.00332	0.39087

[dist]
# distance from previous block
# <min> <max>
9	16

# created by:
# /st0/software/busco_prod/Augustus/scripts/msa2prfl.pl ./align_prep/117719.fa
