[name]
unknown

[dist]
# distance from previous block
# <min> <max>
0	10

[block]
# block no. 0 follows, 61 sequences, length 9
# corresponding to MSA columns:
# 10-18
name=unknown_A
#
# <colnr> <probs for GDERKNQSTAVLIFYWHMCP>
#	G	D	E	R	K	N	Q	S	T	A	V	L	I	F	Y	W	H	M	C	P
0	0.01308	0.00970	0.01158	0.01145	0.12943	0.04196	0.00821	0.37126	0.01485	0.08873	0.05365	0.01916	0.01255	0.00753	0.03923	0.00165	0.00483	0.15105	0.00387	0.00623
1	0.03469	0.00849	0.01115	0.17869	0.10090	0.00925	0.00837	0.14455	0.14402	0.09508	0.04470	0.04161	0.03315	0.00581	0.00471	0.00139	0.03239	0.04359	0.00346	0.05399
2	0.01080	0.00775	0.01035	0.02585	0.17824	0.02219	0.00734	0.11967	0.02570	0.13802	0.06812	0.17613	0.05112	0.02378	0.03894	0.00166	0.03142	0.00605	0.00360	0.05326
3	0.02689	0.01044	0.10261	0.01354	0.09743	0.00884	0.28936	0.02756	0.03153	0.13506	0.04491	0.04867	0.04787	0.00604	0.02741	0.00156	0.03119	0.02011	0.00301	0.02597
4	0.16426	0.00917	0.03045	0.01011	0.06767	0.07579	0.11789	0.06941	0.01028	0.12040	0.03771	0.12255	0.02317	0.03509	0.00533	0.02997	0.00449	0.03767	0.00325	0.02535
5	0.13191	0.00713	0.00833	0.00753	0.03573	0.00707	0.00571	0.06533	0.10773	0.20487	0.13144	0.10612	0.05057	0.00676	0.00431	0.00135	0.00325	0.02799	0.00411	0.08278
6	0.04587	0.01055	0.01438	0.01521	0.24950	0.14431	0.16632	0.01322	0.01028	0.08447	0.05407	0.08903	0.04871	0.02886	0.00499	0.00143	0.00522	0.00517	0.00286	0.00557
7	0.00967	0.00810	0.01210	0.35422	0.15214	0.02507	0.02369	0.05314	0.06500	0.06714	0.04424	0.09899	0.01110	0.02434	0.00505	0.00150	0.01974	0.01655	0.00285	0.00536
8	0.00596	0.00454	0.00667	0.00685	0.00745	0.00436	0.05834	0.00686	0.00838	0.01120	0.05336	0.57606	0.05160	0.06957	0.00730	0.04261	0.02072	0.05092	0.00366	0.00360

[dist]
# distance from previous block
# <min> <max>
0	2

[block]
# block no. 1 follows, 61 sequences, length 12
# corresponding to MSA columns:
# 21-32
name=unknown_B
#
# <colnr> <probs for GDERKNQSTAVLIFYWHMCP>
#	G	D	E	R	K	N	Q	S	T	A	V	L	I	F	Y	W	H	M	C	P
0	0.07938	0.00737	0.00935	0.11373	0.10016	0.06770	0.00721	0.00989	0.00791	0.01143	0.01004	0.04622	0.00943	0.07218	0.35590	0.00390	0.05438	0.00441	0.00233	0.02707
1	0.20511	0.00769	0.00938	0.03947	0.13916	0.02307	0.00690	0.06416	0.04940	0.06948	0.01207	0.02951	0.05334	0.04657	0.20760	0.00284	0.02192	0.00430	0.00291	0.00512
2	0.00714	0.00523	0.00657	0.00703	0.06018	0.00516	0.00453	0.00874	0.06513	0.03421	0.03764	0.10957	0.12363	0.32175	0.09659	0.02698	0.00437	0.02865	0.00315	0.04374
3	0.00950	0.03898	0.01335	0.06824	0.31590	0.00839	0.05919	0.02746	0.02901	0.02477	0.03244	0.01441	0.06866	0.06006	0.00526	0.00135	0.00439	0.00424	0.00259	0.21181
4	0.01034	0.01017	0.01574	0.14876	0.56490	0.06804	0.03324	0.01277	0.00971	0.01325	0.00880	0.04903	0.00765	0.00442	0.00429	0.00131	0.00527	0.00418	0.02200	0.00614
5	0.00984	0.00805	0.00968	0.00948	0.12166	0.04448	0.00638	0.06711	0.02367	0.06363	0.03164	0.04794	0.08501	0.03749	0.05906	0.00153	0.00424	0.00437	0.00303	0.36170
6	0.11982	0.12314	0.01201	0.00950	0.05314	0.14237	0.00727	0.08457	0.29046	0.01616	0.05638	0.01226	0.01028	0.00518	0.00430	0.00130	0.03884	0.00386	0.00328	0.00589
7	0.00923	0.00754	0.01165	0.29923	0.21713	0.00783	0.00930	0.01144	0.00938	0.08526	0.01450	0.05012	0.12314	0.00637	0.03043	0.00150	0.00469	0.00486	0.00273	0.09367
8	0.00614	0.00402	0.00505	0.00532	0.00549	0.00396	0.00336	0.00616	0.00687	0.00915	0.01642	0.24609	0.05139	0.39874	0.06149	0.15316	0.00398	0.00747	0.00290	0.00284
9	0.10031	0.30000	0.13730	0.00909	0.01274	0.04625	0.05824	0.12330	0.06582	0.03969	0.06172	0.01057	0.00873	0.00454	0.00367	0.00120	0.00477	0.00345	0.00277	0.00585
10	0.01055	0.04597	0.13065	0.10938	0.26444	0.02932	0.03225	0.11723	0.06857	0.03094	0.03695	0.01379	0.05822	0.02747	0.00476	0.00140	0.00497	0.00429	0.00277	0.00608
11	0.63188	0.04191	0.18481	0.00734	0.01076	0.01011	0.00735	0.01281	0.00774	0.01748	0.00636	0.00752	0.00490	0.00412	0.00334	0.00134	0.03017	0.00256	0.00243	0.00507

[dist]
# distance from previous block
# <min> <max>
0	2

[block]
# block no. 2 follows, 61 sequences, length 16
# corresponding to MSA columns:
# 35-50
name=unknown_C
#
# <colnr> <probs for GDERKNQSTAVLIFYWHMCP>
#	G	D	E	R	K	N	Q	S	T	A	V	L	I	F	Y	W	H	M	C	P
0	0.66504	0.00829	0.00731	0.00624	0.00903	0.00920	0.00513	0.05932	0.00881	0.13417	0.00799	0.00857	0.00586	0.00494	0.02371	0.00145	0.00366	0.00277	0.00313	0.02535
1	0.01510	0.02307	0.02742	0.06949	0.13134	0.02596	0.00807	0.09515	0.06584	0.40928	0.01368	0.04098	0.00973	0.00518	0.00427	0.00131	0.00421	0.00432	0.00411	0.04149
2	0.05982	0.05439	0.23521	0.10215	0.05658	0.06763	0.09969	0.01281	0.00936	0.05883	0.03251	0.06215	0.00916	0.00539	0.00500	0.00141	0.06846	0.03348	0.02048	0.00547
3	0.00533	0.00381	0.00509	0.00609	0.00638	0.00357	0.00414	0.00614	0.00833	0.01109	0.02370	0.80679	0.02831	0.01342	0.00552	0.00176	0.00257	0.05044	0.00400	0.00352
4	0.00893	0.00766	0.00893	0.00638	0.01021	0.00574	0.00510	0.01085	0.00893	0.01404	0.00766	0.00893	0.00638	0.00319	0.00319	0.00064	0.00319	0.00255	0.00255	0.87495
5	0.01051	0.12449	0.37911	0.01198	0.06201	0.07822	0.09401	0.01405	0.02434	0.06483	0.03062	0.01066	0.02008	0.00430	0.00403	0.00125	0.00569	0.00356	0.00233	0.05393
6	0.05417	0.01061	0.16174	0.00865	0.01253	0.00784	0.00822	0.09529	0.01228	0.56220	0.01416	0.01288	0.00911	0.00503	0.00421	0.00133	0.00426	0.00399	0.00447	0.00704
7	0.00616	0.00459	0.00680	0.00680	0.00752	0.00532	0.00523	0.00761	0.00689	0.00991	0.01165	0.01757	0.01105	0.07907	0.78516	0.00677	0.01112	0.00471	0.00232	0.00378
8	0.00998	0.00948	0.01601	0.09198	0.68549	0.00960	0.01230	0.01242	0.00962	0.01357	0.01000	0.05958	0.03160	0.00464	0.00436	0.00132	0.00493	0.00447	0.00228	0.00637
9	0.01066	0.01023	0.01748	0.02644	0.82174	0.01023	0.01322	0.01322	0.00981	0.01407	0.00810	0.01066	0.00682	0.00384	0.00426	0.00128	0.00512	0.00384	0.00213	0.00682
10	0.00626	0.00418	0.00470	0.00470	0.00470	0.00418	0.00261	0.00626	0.00626	0.00835	0.01357	0.02819	0.01566	0.84862	0.02192	0.00418	0.00418	0.00626	0.00261	0.00261
11	0.00686	0.00405	0.00600	0.00606	0.00634	0.00430	0.00429	0.00637	0.00623	0.00857	0.00998	0.06264	0.01004	0.04339	0.29685	0.50222	0.00637	0.00460	0.00216	0.00266
12	0.01094	0.03635	0.07185	0.24139	0.29545	0.11673	0.01135	0.01406	0.06249	0.05281	0.00867	0.01079	0.00679	0.00441	0.00457	0.00133	0.03808	0.00370	0.00235	0.00590
13	0.00864	0.02228	0.82630	0.01228	0.01864	0.01000	0.01592	0.01364	0.00909	0.01364	0.00773	0.00909	0.00546	0.00409	0.00409	0.00136	0.00637	0.00318	0.00182	0.00637
14	0.00732	0.00374	0.00557	0.00564	0.00566	0.00372	0.00376	0.00564	0.00580	0.00773	0.00863	0.07197	0.00897	0.01486	0.01603	0.81295	0.00365	0.00434	0.00202	0.00199
15	0.00974	0.00919	0.01552	0.11348	0.59115	0.00948	0.02739	0.01215	0.00949	0.01334	0.00994	0.07196	0.00923	0.00514	0.00475	0.00139	0.02856	0.04965	0.00234	0.00612

[dist]
# distance from previous block
# <min> <max>
1	2

[block]
# block no. 3 follows, 61 sequences, length 17
# corresponding to MSA columns:
# 53-69
name=unknown_D
#
# <colnr> <probs for GDERKNQSTAVLIFYWHMCP>
#	G	D	E	R	K	N	Q	S	T	A	V	L	I	F	Y	W	H	M	C	P
0	0.00978	0.01262	0.21052	0.04739	0.22175	0.03298	0.12638	0.01428	0.12464	0.03113	0.06739	0.04631	0.01060	0.00495	0.00444	0.00137	0.00520	0.00458	0.00271	0.02097
1	0.00893	0.00766	0.00893	0.00638	0.01021	0.00574	0.00510	0.01085	0.00893	0.01404	0.00766	0.00893	0.00638	0.00319	0.00319	0.00064	0.00319	0.00255	0.00255	0.87495
2	0.01482	0.01048	0.10617	0.01004	0.05571	0.00914	0.02795	0.16906	0.16059	0.34238	0.01427	0.03826	0.01011	0.00538	0.00436	0.00137	0.00427	0.00444	0.00426	0.00694
3	0.01462	0.00766	0.00964	0.00719	0.01074	0.00635	0.00586	0.04740	0.01114	0.43530	0.01261	0.01196	0.00864	0.00438	0.00383	0.00102	0.00350	0.00353	0.00406	0.39058
4	0.00610	0.00440	0.00576	0.00542	0.00644	0.00406	0.00406	0.00813	0.01219	0.01727	0.81947	0.03218	0.04064	0.00881	0.00508	0.00135	0.00203	0.00779	0.00474	0.00406
5	0.00945	0.00951	0.01280	0.01105	0.01117	0.03953	0.00915	0.01044	0.00680	0.01035	0.00603	0.00980	0.00595	0.00887	0.06104	0.00215	0.76554	0.00379	0.00192	0.00467
6	0.00635	0.00467	0.00686	0.00681	0.00744	0.00543	0.00519	0.00753	0.00677	0.00972	0.01123	0.01726	0.01074	0.09042	0.69058	0.06610	0.03631	0.00465	0.00229	0.00365
7	0.00589	0.00500	0.00617	0.07901	0.05520	0.00463	0.00478	0.00743	0.01022	0.01293	0.20402	0.03507	0.53523	0.00947	0.00497	0.00142	0.00263	0.00805	0.00387	0.00401
8	0.00992	0.04264	0.11558	0.02228	0.08292	0.00765	0.00774	0.01220	0.00913	0.07240	0.00820	0.00951	0.00653	0.00381	0.00411	0.00093	0.05208	0.00296	0.00255	0.52687
9	0.00998	0.01282	0.18658	0.04260	0.33498	0.03485	0.14406	0.01366	0.05618	0.01397	0.03382	0.01129	0.00778	0.00422	0.00458	0.00132	0.02708	0.00399	0.00230	0.05396
10	0.00972	0.06345	0.33050	0.01220	0.11696	0.04863	0.03809	0.02384	0.10045	0.01405	0.02028	0.03515	0.00789	0.00443	0.00399	0.00121	0.00512	0.00368	0.00244	0.15791
11	0.53219	0.06988	0.10465	0.00774	0.01100	0.04671	0.04908	0.05253	0.00897	0.05051	0.02801	0.00864	0.00626	0.00422	0.00323	0.00130	0.00423	0.00289	0.00271	0.00522
12	0.01002	0.00997	0.05292	0.12875	0.40968	0.03318	0.03340	0.06308	0.05040	0.01429	0.02068	0.07078	0.02027	0.00531	0.00445	0.00137	0.00494	0.04375	0.00262	0.02011
13	0.00707	0.00439	0.00610	0.00605	0.00642	0.00471	0.00424	0.00734	0.05262	0.00900	0.01028	0.01687	0.01013	0.15432	0.26510	0.41958	0.00617	0.00448	0.00227	0.00288
14	0.00896	0.01234	0.25809	0.04006	0.17791	0.01915	0.07432	0.01272	0.08759	0.02445	0.06251	0.01526	0.08013	0.00691	0.03487	0.06675	0.00521	0.00456	0.00261	0.00560
15	0.00835	0.00766	0.01260	0.54428	0.15770	0.00900	0.01091	0.01079	0.00887	0.01177	0.05557	0.01440	0.02462	0.01742	0.00544	0.02867	0.03802	0.02679	0.00222	0.00491
16	0.01239	0.42230	0.05052	0.07400	0.02590	0.25231	0.00837	0.03646	0.00994	0.01092	0.00659	0.00806	0.00570	0.00453	0.00411	0.03505	0.02280	0.00275	0.00203	0.00526

[dist]
# distance from previous block
# <min> <max>
1	2

[block]
# block no. 4 follows, 61 sequences, length 37
# corresponding to MSA columns:
# 72-108
name=unknown_E
#
# <colnr> <probs for GDERKNQSTAVLIFYWHMCP>
#	G	D	E	R	K	N	Q	S	T	A	V	L	I	F	Y	W	H	M	C	P
0	0.01084	0.04565	0.01107	0.03762	0.01222	0.01071	0.04138	0.06306	0.62037	0.03132	0.01594	0.03692	0.01227	0.00637	0.02332	0.00156	0.00395	0.00486	0.00405	0.00653
1	0.73485	0.00981	0.07106	0.02113	0.01004	0.03005	0.02539	0.01280	0.00766	0.01819	0.00624	0.00742	0.00483	0.00409	0.00314	0.00135	0.02202	0.00253	0.00255	0.00484
2	0.00874	0.03076	0.40422	0.00970	0.02168	0.00806	0.02407	0.01254	0.04490	0.07229	0.20036	0.03932	0.05151	0.00616	0.00474	0.00140	0.02669	0.02419	0.00308	0.00560
3	0.00634	0.00480	0.00593	0.00561	0.00685	0.00448	0.00428	0.00883	0.05917	0.01619	0.59780	0.03278	0.15110	0.00894	0.00503	0.00139	0.00226	0.04653	0.00452	0.02716
4	0.00882	0.00747	0.01060	0.10560	0.16518	0.00805	0.03139	0.08081	0.12301	0.01439	0.09611	0.10722	0.04067	0.08021	0.08252	0.00217	0.02163	0.00578	0.00320	0.00519
5	0.00877	0.00803	0.03386	0.11371	0.03024	0.00641	0.00651	0.01091	0.00898	0.01365	0.01872	0.01066	0.00722	0.00368	0.00348	0.00082	0.00366	0.02384	0.00251	0.68433
6	0.00579	0.00434	0.00537	0.00522	0.00628	0.00392	0.00387	0.00750	0.01131	0.01544	0.57258	0.10119	0.22199	0.00968	0.00512	0.00141	0.00211	0.00846	0.00451	0.00392
7	0.00997	0.03068	0.03719	0.01747	0.04526	0.01069	0.71684	0.01343	0.01009	0.01363	0.01012	0.01273	0.04151	0.00396	0.00499	0.00143	0.00690	0.00512	0.00224	0.00575
8	0.01551	0.12570	0.01352	0.01063	0.01303	0.72822	0.00820	0.01666	0.01177	0.01049	0.00657	0.00766	0.00555	0.00434	0.00374	0.00109	0.00737	0.00271	0.00217	0.00506
9	0.00643	0.05140	0.00658	0.02731	0.00729	0.03089	0.00432	0.00789	0.01027	0.01328	0.30419	0.03194	0.36138	0.04907	0.04137	0.00174	0.01674	0.00745	0.01652	0.00395
10	0.00928	0.03103	0.00973	0.00726	0.03890	0.00640	0.00558	0.01118	0.00897	0.02992	0.00776	0.00906	0.00644	0.00337	0.00350	0.00071	0.02299	0.00265	0.00256	0.78271
11	0.00536	0.00433	0.00484	0.00505	0.00621	0.00370	0.00363	0.00637	0.00922	0.01154	0.03465	0.32323	0.49643	0.01140	0.00513	0.00151	0.00235	0.00985	0.00392	0.05128
12	0.00881	0.00756	0.00907	0.02253	0.03184	0.00584	0.00540	0.01071	0.00892	0.01385	0.00834	0.04417	0.00731	0.00366	0.00334	0.00072	0.00326	0.00302	0.00259	0.79908
13	0.00610	0.00445	0.00566	0.00612	0.00677	0.00426	0.00426	0.04136	0.02969	0.01284	0.14049	0.62444	0.03767	0.02576	0.00557	0.00167	0.00259	0.01066	0.00407	0.02558
14	0.00804	0.00715	0.01124	0.02480	0.34812	0.00701	0.04042	0.01001	0.02526	0.01275	0.05200	0.16866	0.13616	0.08381	0.00636	0.00170	0.00400	0.04444	0.00303	0.00505
15	0.00698	0.09046	0.00847	0.02861	0.00825	0.00670	0.00539	0.02241	0.00745	0.01030	0.03102	0.03854	0.01188	0.15244	0.53019	0.00529	0.02441	0.00486	0.00243	0.00393
16	0.00921	0.00784	0.00902	0.00669	0.01029	0.00641	0.00533	0.02914	0.09794	0.01484	0.03020	0.01036	0.00805	0.00367	0.00340	0.00076	0.00322	0.00297	0.00285	0.73780
17	0.01035	0.00905	0.01347	0.06896	0.43185	0.03247	0.00984	0.02086	0.00979	0.06077	0.02486	0.07221	0.00907	0.00464	0.00412	0.00118	0.00445	0.00423	0.00261	0.20522
18	0.00931	0.02090	0.74324	0.01209	0.01815	0.00984	0.03444	0.01426	0.02789	0.05814	0.00849	0.00962	0.00595	0.00419	0.00414	0.00137	0.00617	0.00333	0.00208	0.00642
19	0.00966	0.00755	0.04527	0.00815	0.00998	0.00731	0.05424	0.13694	0.01070	0.09715	0.02666	0.08829	0.11710	0.12571	0.06463	0.00229	0.07174	0.10829	0.00351	0.00485
20	0.01148	0.22395	0.03443	0.01029	0.01188	0.20349	0.00881	0.01266	0.00850	0.01043	0.00602	0.00840	0.00559	0.00577	0.00867	0.00145	0.41806	0.00316	0.00195	0.00502
21	0.02234	0.08251	0.20793	0.06807	0.11202	0.07522	0.14355	0.03656	0.03806	0.01329	0.03063	0.05917	0.00875	0.00666	0.05855	0.00171	0.02264	0.00433	0.00237	0.00564
22	0.68479	0.00847	0.00790	0.00680	0.00922	0.00986	0.03971	0.03591	0.00788	0.01817	0.00736	0.00864	0.02495	0.00456	0.00400	0.00138	0.08463	0.00285	0.02819	0.00475
23	0.00526	0.00429	0.00467	0.00494	0.00613	0.00371	0.00368	0.00635	0.00952	0.01160	0.03826	0.19814	0.60858	0.01148	0.00523	0.00155	0.00237	0.06661	0.00400	0.00363
24	0.00742	0.00374	0.00559	0.00562	0.00563	0.00373	0.00375	0.00562	0.00569	0.00759	0.00796	0.03754	0.00810	0.01492	0.01650	0.84904	0.00370	0.00399	0.00193	0.00192
25	0.87904	0.00833	0.00633	0.00566	0.00833	0.00966	0.00467	0.01266	0.00733	0.01933	0.00600	0.00700	0.00467	0.00400	0.00267	0.00133	0.00333	0.00233	0.00267	0.00467
26	0.87904	0.00833	0.00633	0.00566	0.00833	0.00966	0.00467	0.01266	0.00733	0.01933	0.00600	0.00700	0.00467	0.00400	0.00267	0.00133	0.00333	0.00233	0.00267	0.00467
27	0.00922	0.02146	0.78162	0.01202	0.01823	0.00980	0.01539	0.01404	0.00927	0.05803	0.00824	0.00940	0.00574	0.00416	0.00411	0.00136	0.00622	0.00325	0.00201	0.00642
28	0.22151	0.00818	0.02984	0.00745	0.01065	0.00762	0.00629	0.06020	0.02297	0.54700	0.01392	0.01306	0.00921	0.00509	0.00396	0.00134	0.00371	0.01684	0.00452	0.00661
29	0.00587	0.00440	0.00541	0.00518	0.00628	0.00398	0.00388	0.00762	0.01143	0.01561	0.59840	0.03460	0.22970	0.02980	0.00551	0.00146	0.00215	0.02030	0.00450	0.00392
30	0.00555	0.00438	0.00500	0.00485	0.00610	0.00383	0.00363	0.00707	0.01090	0.01421	0.39770	0.03722	0.46433	0.00995	0.00509	0.00141	0.00211	0.00850	0.00434	0.00383
31	0.01024	0.01143	0.05645	0.04294	0.33487	0.01056	0.44113	0.01349	0.00994	0.01382	0.00840	0.01113	0.00658	0.00375	0.00470	0.00138	0.00635	0.00448	0.00214	0.00620
32	0.87904	0.00833	0.00633	0.00566	0.00833	0.00966	0.00467	0.01266	0.00733	0.01933	0.00600	0.00700	0.00467	0.00400	0.00267	0.00133	0.00333	0.00233	0.00267	0.00467
33	0.00628	0.00423	0.00491	0.00494	0.00502	0.00428	0.00292	0.00643	0.00641	0.00859	0.01369	0.02798	0.01558	0.77004	0.07654	0.00430	0.00467	0.02783	0.00263	0.00273
34	0.00967	0.01022	0.05484	0.10491	0.13242	0.00969	0.35349	0.05639	0.05641	0.01441	0.04460	0.03992	0.02410	0.00552	0.01785	0.00154	0.00583	0.04983	0.00267	0.00569
35	0.01004	0.00956	0.01609	0.08280	0.63670	0.00986	0.03046	0.01249	0.00960	0.01368	0.02975	0.01237	0.03504	0.00446	0.00485	0.00133	0.05071	0.00414	0.01976	0.00630
36	0.00930	0.00855	0.01350	0.43295	0.24794	0.00924	0.01097	0.04255	0.00946	0.01302	0.00789	0.01076	0.00622	0.00401	0.00410	0.00125	0.00508	0.00361	0.00218	0.15742

[dist]
# distance from previous block
# <min> <max>
1	3

[block]
# block no. 5 follows, 61 sequences, length 76
# corresponding to MSA columns:
# 112-187
name=unknown_F
#
# <colnr> <probs for GDERKNQSTAVLIFYWHMCP>
#	G	D	E	R	K	N	Q	S	T	A	V	L	I	F	Y	W	H	M	C	P
0	0.00790	0.00707	0.00922	0.07467	0.08104	0.06588	0.04275	0.01051	0.09295	0.01154	0.01381	0.18797	0.01386	0.09576	0.26157	0.00342	0.00662	0.00614	0.00285	0.00447
1	0.01116	0.02003	0.05870	0.11313	0.42487	0.03637	0.01101	0.03268	0.03679	0.10673	0.02397	0.04488	0.00876	0.00511	0.01458	0.00140	0.02337	0.00425	0.01595	0.00625
2	0.00887	0.00910	0.05604	0.57983	0.04638	0.00989	0.07706	0.03394	0.07279	0.01251	0.00857	0.01157	0.00646	0.00441	0.00454	0.00142	0.02328	0.00395	0.00221	0.02716
3	0.00850	0.00813	0.01406	0.71266	0.10810	0.00971	0.05549	0.01138	0.00882	0.01146	0.00776	0.01141	0.00589	0.00422	0.00434	0.00142	0.00576	0.00390	0.00195	0.00504
4	0.00764	0.00630	0.00695	0.00628	0.00772	0.05945	0.00480	0.06060	0.02818	0.01645	0.54699	0.02714	0.08612	0.00927	0.04788	0.00160	0.01371	0.00674	0.00421	0.05196
5	0.00924	0.00739	0.00874	0.00637	0.00996	0.00564	0.00509	0.01115	0.00935	0.05534	0.07007	0.01100	0.00921	0.00373	0.00339	0.00073	0.00313	0.00304	0.00286	0.76457
6	0.00928	0.00991	0.05784	0.10496	0.07878	0.01224	0.01030	0.01080	0.00722	0.01091	0.00629	0.00986	0.00584	0.00712	0.02572	0.00184	0.62044	0.00376	0.00191	0.00497
7	0.00621	0.00425	0.00518	0.00521	0.00539	0.00441	0.00325	0.00656	0.00647	0.00879	0.01350	0.05437	0.01507	0.64657	0.19280	0.00467	0.00568	0.00612	0.00259	0.00290
8	0.00748	0.00374	0.00561	0.00561	0.00561	0.00374	0.00374	0.00561	0.00561	0.00748	0.00748	0.01309	0.00748	0.01496	0.01684	0.87467	0.00374	0.00374	0.00187	0.00187
9	0.00630	0.00458	0.00572	0.00554	0.00643	0.00439	0.00404	0.00832	0.04619	0.01498	0.53239	0.05902	0.07002	0.16137	0.00817	0.00192	0.00261	0.04990	0.00424	0.00388
10	0.00893	0.00766	0.00893	0.00638	0.01021	0.00574	0.00510	0.01085	0.00893	0.01404	0.00766	0.00893	0.00638	0.00319	0.00319	0.00064	0.00319	0.00255	0.00255	0.87495
11	0.02001	0.02390	0.01099	0.05375	0.04988	0.05914	0.07405	0.03941	0.15331	0.03766	0.19526	0.02985	0.09920	0.00676	0.00584	0.00143	0.11268	0.00553	0.00347	0.01789
12	0.00524	0.00376	0.00498	0.00596	0.00624	0.00350	0.00398	0.00600	0.00829	0.01101	0.02423	0.82613	0.04785	0.01343	0.00549	0.00174	0.00249	0.01217	0.00400	0.00350
13	0.00910	0.00894	0.03488	0.19710	0.46051	0.00894	0.03739	0.01152	0.00937	0.01286	0.01231	0.07773	0.07738	0.01779	0.00472	0.00141	0.00489	0.00499	0.00239	0.00575
14	0.00909	0.05518	0.04542	0.47671	0.24517	0.02250	0.02902	0.01180	0.00910	0.01198	0.00903	0.01197	0.03619	0.00437	0.00424	0.00136	0.00546	0.00393	0.00205	0.00543
15	0.01469	0.02585	0.01240	0.00969	0.01272	0.01274	0.00797	0.59276	0.15846	0.02398	0.01158	0.01217	0.00865	0.00556	0.00487	0.00137	0.05018	0.02325	0.00414	0.00698
16	0.00687	0.00460	0.00587	0.00544	0.00667	0.00416	0.00412	0.00876	0.01191	0.07144	0.66783	0.03215	0.13615	0.00883	0.00503	0.00137	0.00216	0.00772	0.00469	0.00423
17	0.00590	0.00434	0.00553	0.00536	0.00635	0.00396	0.00397	0.00771	0.01155	0.01604	0.65684	0.11190	0.12551	0.00949	0.00512	0.00140	0.00209	0.00836	0.00459	0.00396
18	0.00718	0.00609	0.00918	0.09099	0.04427	0.00753	0.00715	0.00877	0.00715	0.01034	0.00986	0.01465	0.00910	0.02350	0.55504	0.00516	0.17327	0.00434	0.00218	0.00423
19	0.01637	0.01207	0.01293	0.00991	0.01336	0.01336	0.00819	0.80738	0.02025	0.02715	0.01034	0.01034	0.00733	0.00517	0.00431	0.00129	0.00474	0.00388	0.00431	0.00733
20	0.00880	0.02078	0.72013	0.02555	0.01909	0.01014	0.09541	0.01356	0.00916	0.01356	0.00780	0.00939	0.00557	0.00410	0.00436	0.00138	0.01971	0.00339	0.00186	0.00626
21	0.00582	0.00439	0.00538	0.00513	0.00627	0.00395	0.00385	0.00760	0.01155	0.01574	0.60779	0.03471	0.25328	0.00938	0.00508	0.00138	0.00207	0.00815	0.00454	0.00395
22	0.00525	0.00375	0.00500	0.00600	0.00625	0.00350	0.00400	0.00600	0.00825	0.01100	0.02374	0.84580	0.02849	0.01350	0.00550	0.00175	0.00250	0.01225	0.00400	0.00350
23	0.01383	0.43035	0.01732	0.00926	0.01220	0.42959	0.00785	0.01508	0.01050	0.01034	0.00633	0.00734	0.00554	0.00407	0.00333	0.00102	0.00621	0.00254	0.00203	0.00526
24	0.01031	0.01223	0.17692	0.01819	0.41779	0.02621	0.01178	0.03696	0.13439	0.02523	0.01075	0.03393	0.00895	0.00488	0.00433	0.00136	0.00496	0.03789	0.01648	0.00646
25	0.00697	0.00575	0.00840	0.07185	0.00995	0.00708	0.00648	0.00872	0.02802	0.01028	0.01051	0.01573	0.00981	0.06073	0.57616	0.00541	0.14731	0.00449	0.00227	0.00409
26	0.00630	0.00466	0.00600	0.00667	0.00760	0.00449	0.00540	0.00797	0.02433	0.01225	0.04403	0.18221	0.18303	0.05836	0.00654	0.00194	0.00332	0.42719	0.00393	0.00380
27	0.01443	0.03332	0.02970	0.14249	0.05953	0.07373	0.00892	0.40660	0.06355	0.10909	0.01051	0.01105	0.00754	0.00490	0.00424	0.00131	0.00498	0.00384	0.00365	0.00662
28	0.00738	0.00569	0.00685	0.00647	0.00785	0.00580	0.00500	0.03145	0.18762	0.01693	0.50421	0.05086	0.06010	0.00854	0.00500	0.00145	0.00259	0.07697	0.00454	0.00471
29	0.00813	0.00661	0.00722	0.00659	0.00842	0.02171	0.00507	0.01338	0.28555	0.03619	0.27139	0.02697	0.20667	0.00786	0.00472	0.00138	0.00279	0.02244	0.00428	0.05260
30	0.00650	0.00448	0.00580	0.00554	0.00662	0.00411	0.00417	0.00836	0.01169	0.04748	0.65750	0.09291	0.08959	0.00924	0.00511	0.00141	0.00219	0.02855	0.00464	0.00412
31	0.01071	0.00925	0.00974	0.00877	0.01120	0.01071	0.00682	0.02289	0.81396	0.01802	0.01753	0.01607	0.01315	0.00584	0.00438	0.00146	0.00341	0.00487	0.00438	0.00682
32	0.01077	0.32935	0.13308	0.03712	0.05394	0.12508	0.09219	0.02325	0.00948	0.01162	0.00819	0.03878	0.00730	0.02047	0.05289	0.00155	0.00593	0.01551	0.00214	0.02135
33	0.00830	0.00780	0.01308	0.78617	0.06665	0.00962	0.01194	0.01131	0.02213	0.01127	0.00784	0.01152	0.00592	0.00431	0.00431	0.00143	0.00567	0.00385	0.00197	0.00492
34	0.01171	0.00868	0.00954	0.00842	0.01089	0.00967	0.00658	0.02172	0.64816	0.13788	0.05185	0.02918	0.01419	0.00601	0.00442	0.00144	0.00337	0.00503	0.00453	0.00673
35	0.00528	0.00418	0.00476	0.00512	0.00613	0.00367	0.00371	0.00634	0.00942	0.01178	0.07848	0.31189	0.47787	0.01171	0.00526	0.00157	0.00235	0.04281	0.00404	0.00363
36	0.01203	0.31746	0.08726	0.07753	0.06539	0.16044	0.09287	0.07237	0.01043	0.02499	0.00729	0.00881	0.00595	0.00419	0.00410	0.00118	0.03667	0.00317	0.00220	0.00568
37	0.00602	0.00489	0.00770	0.00812	0.04368	0.00459	0.08859	0.00719	0.00866	0.01161	0.04344	0.68352	0.04138	0.01186	0.00538	0.00168	0.00309	0.01094	0.00375	0.00391
38	0.00509	0.00436	0.00436	0.00436	0.00582	0.00364	0.00327	0.00618	0.00982	0.01164	0.04364	0.04146	0.82000	0.01091	0.00509	0.00145	0.00218	0.00909	0.00400	0.00364
39	0.01033	0.01083	0.01175	0.01030	0.01101	0.18025	0.02178	0.01136	0.00831	0.02511	0.02718	0.06551	0.05303	0.02933	0.01065	0.00172	0.49999	0.00458	0.00235	0.00463
40	0.01097	0.22694	0.37172	0.01265	0.12030	0.01185	0.04533	0.07253	0.01018	0.06728	0.00819	0.00931	0.00618	0.00410	0.00385	0.00124	0.00550	0.00325	0.00230	0.00633
41	0.01213	0.01322	0.01179	0.01036	0.01148	0.32782	0.00824	0.04625	0.00960	0.01176	0.00716	0.00956	0.00628	0.00597	0.00854	0.00146	0.39193	0.00342	0.09817	0.00485
42	0.00749	0.00651	0.00857	0.02186	0.00897	0.04267	0.00637	0.00900	0.02141	0.01027	0.01017	0.01537	0.00963	0.07539	0.51216	0.00504	0.20342	0.00442	0.01719	0.00409
43	0.87904	0.00833	0.00633	0.00566	0.00833	0.00966	0.00467	0.01266	0.00733	0.01933	0.00600	0.00700	0.00467	0.00400	0.00267	0.00133	0.00333	0.00233	0.00267	0.00467
44	0.00618	0.00414	0.00472	0.00480	0.00482	0.00412	0.00272	0.00624	0.00642	0.00857	0.01439	0.09404	0.01669	0.78135	0.02060	0.00398	0.00404	0.00675	0.00272	0.00268
45	0.01152	0.85121	0.02257	0.00737	0.01106	0.01704	0.00737	0.01290	0.00875	0.01013	0.00599	0.00691	0.00553	0.00369	0.00276	0.00092	0.00461	0.00230	0.00184	0.00553
46	0.00965	0.01058	0.05759	0.01135	0.01179	0.04640	0.00973	0.01082	0.00696	0.01055	0.00581	0.00934	0.00564	0.00722	0.01317	0.00182	0.76115	0.00370	0.00189	0.00481
47	0.00615	0.00462	0.00692	0.00692	0.00769	0.00538	0.00538	0.00769	0.00692	0.01000	0.01154	0.01692	0.01077	0.03231	0.83154	0.00692	0.01154	0.00462	0.00231	0.00385
48	0.00524	0.00387	0.00490	0.00570	0.00618	0.00354	0.00387	0.00608	0.00861	0.01125	0.04472	0.68799	0.16643	0.01294	0.00542	0.00169	0.00243	0.01160	0.00402	0.00354
49	0.00525	0.00375	0.00500	0.00600	0.00625	0.00350	0.00400	0.00600	0.00825	0.01100	0.02374	0.84580	0.02849	0.01350	0.00550	0.00175	0.00250	0.01225	0.00400	0.00350
50	0.01072	0.01044	0.01834	0.02509	0.70817	0.01038	0.10878	0.03013	0.01007	0.01432	0.00822	0.01077	0.00680	0.00384	0.00436	0.00130	0.00537	0.00399	0.00218	0.00671
51	0.01148	0.01071	0.01017	0.00912	0.01151	0.11258	0.00707	0.03859	0.68511	0.01717	0.01585	0.01482	0.01197	0.00568	0.00447	0.00142	0.01707	0.00457	0.00407	0.00657
52	0.00911	0.00788	0.01970	0.09678	0.11425	0.00665	0.00699	0.01118	0.00909	0.03551	0.00912	0.05281	0.00800	0.00417	0.00366	0.00092	0.00373	0.02090	0.00260	0.57694
53	0.01933	0.00733	0.01000	0.00766	0.01100	0.00633	0.00633	0.02099	0.01233	0.82473	0.01699	0.01466	0.01066	0.00533	0.00433	0.00133	0.00367	0.00433	0.00533	0.00733
54	0.00799	0.00403	0.00407	0.00407	0.00507	0.00404	0.00306	0.00999	0.00899	0.01594	0.01400	0.01608	0.01104	0.00557	0.01972	0.00112	0.00220	0.00403	0.85498	0.00401
55	0.01177	0.80581	0.02201	0.00757	0.01118	0.06155	0.00742	0.01313	0.00894	0.01016	0.00603	0.00696	0.00553	0.00373	0.00283	0.00093	0.00478	0.00233	0.00186	0.00550
56	0.00524	0.00377	0.00498	0.00594	0.00623	0.00350	0.00397	0.00600	0.00830	0.01102	0.02444	0.81770	0.05614	0.01340	0.00548	0.00174	0.00249	0.01214	0.00400	0.00350
57	0.03073	0.00949	0.01532	0.30415	0.28151	0.05444	0.12384	0.01221	0.00958	0.01300	0.06703	0.01253	0.00882	0.00505	0.02284	0.00149	0.01596	0.00422	0.00227	0.00553
58	0.01607	0.01171	0.01261	0.00975	0.01310	0.01292	0.00802	0.75075	0.04133	0.04621	0.01097	0.02730	0.00799	0.00536	0.00434	0.00131	0.00463	0.00408	0.00433	0.00724
59	0.02613	0.04530	0.15400	0.00818	0.01047	0.02704	0.02381	0.06121	0.05486	0.06689	0.02650	0.35836	0.03511	0.00905	0.00484	0.00155	0.00390	0.07431	0.00354	0.00493
60	0.00524	0.00378	0.00496	0.00591	0.00622	0.00351	0.00396	0.00601	0.00833	0.01103	0.02483	0.80184	0.07175	0.01335	0.00548	0.00173	0.00248	0.01207	0.00400	0.00351
61	0.04808	0.00764	0.00990	0.00757	0.01094	0.00675	0.00624	0.06008	0.01219	0.66747	0.01525	0.01355	0.00982	0.00504	0.00415	0.00126	0.00366	0.00405	0.00488	0.10148
62	0.00556	0.00392	0.00505	0.00585	0.00626	0.00367	0.00397	0.01581	0.00867	0.01177	0.05982	0.72280	0.05828	0.01262	0.00531	0.00167	0.00247	0.01137	0.05150	0.00360
63	0.04744	0.00984	0.01544	0.10413	0.58162	0.02739	0.01176	0.01385	0.05471	0.05231	0.01827	0.01124	0.00750	0.00422	0.00441	0.00132	0.02180	0.00388	0.00244	0.00644
64	0.00526	0.00398	0.00487	0.00556	0.00621	0.00359	0.00388	0.00616	0.00880	0.01126	0.02990	0.56675	0.27467	0.01263	0.00539	0.00167	0.00245	0.03941	0.00400	0.00356
65	0.01066	0.01023	0.01748	0.02644	0.82174	0.01023	0.01322	0.01322	0.00981	0.01407	0.00810	0.01066	0.00682	0.00384	0.00426	0.00128	0.00512	0.00384	0.00213	0.00682
66	0.00856	0.00817	0.01407	0.69520	0.13390	0.00972	0.04691	0.01142	0.00884	0.01153	0.00776	0.01138	0.00592	0.00422	0.00434	0.00142	0.00573	0.00388	0.00195	0.00510
67	0.01005	0.01181	0.11257	0.04855	0.40286	0.02765	0.21444	0.01300	0.00966	0.01356	0.02281	0.03143	0.00759	0.00437	0.00502	0.00138	0.05059	0.00433	0.00218	0.00616
68	0.00558	0.00445	0.00508	0.00532	0.00656	0.00394	0.00416	0.00692	0.00995	0.01237	0.10908	0.09920	0.52585	0.01111	0.00530	0.00158	0.00256	0.17320	0.00406	0.00374
69	0.00525	0.00375	0.00500	0.00600	0.00625	0.00350	0.00400	0.00600	0.00825	0.01100	0.02374	0.84580	0.02849	0.01350	0.00550	0.00175	0.00250	0.01225	0.00400	0.00350
70	0.00748	0.00749	0.05517	0.00882	0.01071	0.00696	0.13270	0.01075	0.12405	0.01296	0.05050	0.18426	0.19783	0.00946	0.02384	0.01924	0.06350	0.06621	0.00344	0.00465
71	0.01498	0.04945	0.22790	0.00947	0.01356	0.02522	0.03638	0.08848	0.02811	0.42058	0.03391	0.01270	0.00934	0.00494	0.00423	0.00132	0.00468	0.00399	0.00395	0.00680
72	0.00525	0.00375	0.00500	0.00600	0.00625	0.00350	0.00400	0.00600	0.00825	0.01100	0.02374	0.84580	0.02849	0.01350	0.00550	0.00175	0.00250	0.01225	0.00400	0.00350
73	0.01029	0.03840	0.05920	0.05162	0.03178	0.00687	0.07540	0.02409	0.00949	0.20440	0.01529	0.17355	0.02440	0.04060	0.12378	0.02159	0.01746	0.06325	0.00343	0.00510
74	0.01256	0.35848	0.03660	0.01083	0.10700	0.19822	0.02924	0.01419	0.00989	0.08885	0.00829	0.02240	0.00699	0.00653	0.07122	0.00157	0.00594	0.00322	0.00238	0.00559
75	0.34651	0.01005	0.01272	0.01694	0.42890	0.06144	0.01956	0.01317	0.00901	0.01585	0.00752	0.00990	0.00629	0.00411	0.00367	0.00131	0.00460	0.02028	0.00238	0.00580

[dist]
# distance from previous block
# <min> <max>
0	1

[block]
# block no. 6 follows, 61 sequences, length 25
# corresponding to MSA columns:
# 189-210,290-292
name=unknown_G
#
# <colnr> <probs for GDERKNQSTAVLIFYWHMCP>
#	G	D	E	R	K	N	Q	S	T	A	V	L	I	F	Y	W	H	M	C	P
0	0.01021	0.05010	0.08999	0.00803	0.01164	0.05978	0.00701	0.04695	0.20700	0.01511	0.01005	0.01059	0.00790	0.00411	0.00364	0.00098	0.00397	0.00324	0.00295	0.44675
1	0.00954	0.00770	0.04536	0.08688	0.04552	0.05434	0.00683	0.05927	0.07200	0.11849	0.01822	0.32660	0.05575	0.00952	0.03090	0.00170	0.00408	0.03862	0.00369	0.00500
2	0.00632	0.00469	0.00682	0.02547	0.00793	0.00521	0.00523	0.00746	0.00718	0.01017	0.01320	0.17714	0.01354	0.02491	0.53540	0.07404	0.03132	0.00591	0.00259	0.03545
3	0.01300	0.00934	0.06226	0.00866	0.02184	0.03051	0.05301	0.05937	0.03158	0.28077	0.01153	0.03345	0.00851	0.00463	0.00432	0.00111	0.03457	0.00378	0.00354	0.32421
4	0.02759	0.37084	0.08385	0.00904	0.01219	0.15553	0.00835	0.09996	0.01062	0.06757	0.00776	0.00908	0.00641	0.00525	0.02407	0.00131	0.08039	0.01206	0.00246	0.00568
5	0.01232	0.40580	0.12331	0.02591	0.03641	0.22976	0.04957	0.03749	0.02205	0.01162	0.00692	0.00809	0.00578	0.00403	0.00349	0.00109	0.00582	0.00284	0.00207	0.00560
6	0.00981	0.00941	0.07656	0.00815	0.03895	0.01806	0.02722	0.05735	0.00980	0.04106	0.00836	0.02018	0.00679	0.00363	0.00349	0.00082	0.00378	0.00298	0.00267	0.65092
7	0.01009	0.06526	0.26801	0.01193	0.12621	0.00924	0.04713	0.04780	0.10506	0.08615	0.06453	0.04402	0.08470	0.00562	0.00435	0.00136	0.00468	0.00478	0.00306	0.00604
8	0.01012	0.01086	0.08224	0.11426	0.63412	0.01005	0.03542	0.01291	0.00960	0.01364	0.00829	0.02402	0.00693	0.00406	0.00430	0.00132	0.00531	0.00395	0.00211	0.00648
9	0.04178	0.01010	0.01998	0.25588	0.05367	0.01035	0.46969	0.01306	0.00957	0.03900	0.00847	0.01141	0.00636	0.00400	0.00495	0.00144	0.02803	0.00451	0.00221	0.00553
10	0.01071	0.05793	0.33142	0.02717	0.17965	0.04707	0.15380	0.04111	0.02101	0.06352	0.00886	0.01081	0.00672	0.00421	0.00428	0.00134	0.00594	0.01583	0.00233	0.00629
11	0.00979	0.03533	0.55856	0.07931	0.04240	0.01016	0.08306	0.04874	0.02270	0.05748	0.00855	0.00997	0.00610	0.00420	0.00420	0.00136	0.00606	0.00352	0.00221	0.00629
12	0.00603	0.00444	0.00531	0.00514	0.00634	0.00396	0.00385	0.00759	0.01090	0.03775	0.42256	0.08092	0.34799	0.01041	0.02616	0.00156	0.00241	0.00838	0.00436	0.00395
13	0.00651	0.00490	0.00675	0.00711	0.03088	0.00531	0.00506	0.03446	0.00801	0.01108	0.03936	0.22863	0.04003	0.13122	0.36903	0.00429	0.03326	0.02729	0.00299	0.00383
14	0.01283	0.07453	0.15688	0.01505	0.24362	0.20886	0.03397	0.06256	0.03181	0.09583	0.01885	0.01024	0.00717	0.00435	0.00408	0.00124	0.00575	0.00352	0.00262	0.00623
15	0.00998	0.04085	0.28735	0.07266	0.39067	0.03205	0.03389	0.01384	0.05243	0.01371	0.00836	0.01031	0.00655	0.00407	0.00418	0.00132	0.00559	0.00363	0.00213	0.00642
16	0.00616	0.00457	0.00670	0.00670	0.00740	0.00527	0.00511	0.00755	0.00686	0.00984	0.01174	0.01803	0.01125	0.11288	0.75163	0.00665	0.01081	0.00478	0.00234	0.00372
17	0.01160	0.01131	0.07057	0.06427	0.43828	0.03428	0.09665	0.13185	0.01143	0.04740	0.00895	0.01090	0.00696	0.00417	0.00430	0.00130	0.00533	0.00393	0.02999	0.00653
18	0.02628	0.02403	0.07302	0.03258	0.13004	0.01031	0.16554	0.02970	0.11536	0.01419	0.00973	0.01185	0.00779	0.00514	0.00644	0.00144	0.19518	0.00413	0.13165	0.00559
19	0.00616	0.00459	0.00681	0.00681	0.00754	0.00532	0.00524	0.00762	0.00689	0.00991	0.01164	0.01750	0.01102	0.07425	0.78995	0.00678	0.01116	0.00470	0.00232	0.00378
20	0.00623	0.00449	0.00576	0.00667	0.00707	0.00419	0.00454	0.00707	0.02482	0.01196	0.02414	0.78227	0.02846	0.01366	0.00580	0.00189	0.00286	0.04989	0.00424	0.00399
21	0.01338	0.07295	0.21553	0.01140	0.04997	0.05699	0.03718	0.27734	0.08216	0.06854	0.01139	0.05176	0.00900	0.00558	0.00452	0.00145	0.00534	0.00432	0.00350	0.01770
22	0.07714	0.06530	0.06804	0.01050	0.04307	0.03307	0.10047	0.13678	0.01241	0.28667	0.01198	0.02096	0.00866	0.00508	0.00437	0.00137	0.00483	0.00406	0.00386	0.10136
23	0.00694	0.00516	0.00736	0.00731	0.00814	0.00574	0.00558	0.00825	0.00767	0.01105	0.05126	0.01888	0.01299	0.05111	0.76287	0.00666	0.01107	0.00504	0.00269	0.00423
24	0.01217	0.04090	0.01154	0.00960	0.01231	0.01167	0.02853	0.12101	0.65498	0.01941	0.01662	0.01586	0.01260	0.00610	0.00465	0.00156	0.00398	0.00489	0.00446	0.00718

[dist]
# distance from previous block
# <min> <max>
0	1

[block]
# block no. 7 follows, 61 sequences, length 22
# corresponding to MSA columns:
# 294-315
name=unknown_H
#
# <colnr> <probs for GDERKNQSTAVLIFYWHMCP>
#	G	D	E	R	K	N	Q	S	T	A	V	L	I	F	Y	W	H	M	C	P
0	0.01085	0.04370	0.09699	0.30282	0.05950	0.00974	0.01001	0.06301	0.06028	0.04939	0.00979	0.01204	0.00766	0.00487	0.00453	0.00138	0.01846	0.00379	0.00288	0.22831
1	0.03987	0.04998	0.72682	0.01266	0.03320	0.01070	0.01527	0.01441	0.00975	0.03170	0.00883	0.01049	0.00654	0.00477	0.00444	0.00153	0.00643	0.00350	0.00228	0.00681
2	0.00998	0.15866	0.63062	0.01175	0.01732	0.01142	0.01413	0.01383	0.00955	0.01378	0.00870	0.01062	0.00677	0.00645	0.05564	0.00182	0.00671	0.00347	0.00221	0.00658
3	0.00664	0.00523	0.00533	0.00521	0.00680	0.00436	0.00385	0.00747	0.01054	0.03939	0.04322	0.04147	0.78162	0.01129	0.00549	0.00163	0.00261	0.00918	0.00437	0.00431
4	0.01032	0.15243	0.59201	0.01328	0.06354	0.01172	0.06371	0.01419	0.00980	0.01407	0.00855	0.01039	0.00659	0.00466	0.00439	0.00148	0.00638	0.00354	0.00222	0.00673
5	0.00748	0.00374	0.00561	0.00561	0.00561	0.00374	0.00374	0.00561	0.00561	0.00748	0.00748	0.01309	0.00748	0.01496	0.01684	0.87467	0.00374	0.00374	0.00187	0.00187
6	0.00615	0.00462	0.00692	0.00692	0.00769	0.00538	0.00538	0.00769	0.00692	0.01000	0.01154	0.01692	0.01077	0.03231	0.83154	0.00692	0.01154	0.00462	0.00231	0.00385
7	0.87904	0.00833	0.00633	0.00566	0.00833	0.00966	0.00467	0.01266	0.00733	0.01933	0.00600	0.00700	0.00467	0.00400	0.00267	0.00133	0.00333	0.00233	0.00267	0.00467
8	0.00582	0.00427	0.00594	0.00649	0.00683	0.00450	0.00461	0.00661	0.00770	0.01053	0.01902	0.56389	0.02199	0.01743	0.19114	0.05311	0.05361	0.00956	0.00337	0.00355
9	0.01311	0.01101	0.01154	0.01039	0.06239	0.06030	0.00779	0.31393	0.40834	0.02067	0.01347	0.01300	0.01003	0.00534	0.00430	0.00135	0.00427	0.00428	0.00406	0.02043
10	0.00631	0.00438	0.00592	0.00598	0.00639	0.00470	0.00421	0.00679	0.00685	0.00939	0.01458	0.10618	0.06349	0.24590	0.33323	0.13669	0.02726	0.00597	0.00259	0.00319
11	0.00991	0.10892	0.08710	0.03983	0.16250	0.02512	0.03758	0.04207	0.07806	0.04591	0.03504	0.05575	0.02552	0.00795	0.08406	0.00184	0.05709	0.01625	0.00274	0.07677
12	0.00920	0.08659	0.69551	0.01214	0.01811	0.01053	0.06315	0.01376	0.00921	0.03195	0.00787	0.00920	0.00565	0.00406	0.00405	0.00133	0.00622	0.00326	0.00192	0.00629
13	0.01933	0.00733	0.01000	0.00766	0.01100	0.00633	0.00633	0.02099	0.01233	0.82473	0.01699	0.01466	0.01066	0.00533	0.00433	0.00133	0.00367	0.00433	0.00533	0.00733
14	0.00673	0.00434	0.00525	0.00528	0.00624	0.00414	0.02547	0.00850	0.02488	0.01415	0.11643	0.26172	0.12320	0.00866	0.00433	0.00134	0.00235	0.00755	0.36553	0.00393
15	0.01006	0.00985	0.05804	0.19870	0.31596	0.02664	0.09918	0.03596	0.02634	0.05073	0.02628	0.05131	0.01838	0.00502	0.00458	0.00139	0.01417	0.02911	0.01244	0.00585
16	0.01007	0.00958	0.01614	0.08277	0.69784	0.00968	0.01240	0.01255	0.00973	0.01368	0.01048	0.01344	0.05373	0.00448	0.00436	0.00132	0.00496	0.02410	0.00227	0.00642
17	0.00650	0.00442	0.00589	0.00620	0.00684	0.00441	0.00457	0.00733	0.02098	0.02663	0.06832	0.26333	0.11863	0.04775	0.10682	0.16010	0.02131	0.11309	0.00339	0.00348
18	0.00936	0.03544	0.11963	0.02335	0.08786	0.03134	0.20291	0.02202	0.01002	0.07853	0.03022	0.05629	0.16706	0.03477	0.00535	0.00153	0.00490	0.07115	0.00303	0.00527
19	0.01132	0.08357	0.09251	0.07619	0.21916	0.07174	0.09097	0.03679	0.02241	0.11776	0.01028	0.05521	0.00846	0.00715	0.07592	0.00180	0.00585	0.00428	0.00270	0.00592
20	0.00901	0.01053	0.14426	0.02550	0.04780	0.02897	0.19727	0.07753	0.02707	0.03078	0.03286	0.14302	0.13313	0.00715	0.00504	0.00149	0.02167	0.04858	0.00309	0.00526
21	0.00925	0.04532	0.16448	0.02992	0.17638	0.08328	0.07036	0.03571	0.02266	0.01336	0.03950	0.08454	0.12243	0.00648	0.00453	0.00139	0.00486	0.05989	0.02030	0.00537

[dist]
# distance from previous block
# <min> <max>
1	5

[block]
# block no. 8 follows, 61 sequences, length 23
# corresponding to MSA columns:
# 325-347
name=unknown_I
#
# <colnr> <probs for GDERKNQSTAVLIFYWHMCP>
#	G	D	E	R	K	N	Q	S	T	A	V	L	I	F	Y	W	H	M	C	P
0	0.03225	0.06177	0.12154	0.03559	0.06901	0.27515	0.02865	0.05391	0.08702	0.04449	0.03234	0.03333	0.05583	0.00618	0.02988	0.00146	0.00577	0.01749	0.00281	0.00553
1	0.00983	0.03254	0.12263	0.05503	0.30316	0.00891	0.04015	0.04410	0.05054	0.03741	0.07669	0.01396	0.05347	0.00477	0.00420	0.00123	0.00456	0.00425	0.00274	0.12983
2	0.00832	0.00693	0.00918	0.00828	0.07465	0.00596	0.05238	0.02154	0.03781	0.03952	0.14604	0.03548	0.17993	0.00613	0.00422	0.00110	0.00322	0.00532	0.00335	0.35065
3	0.00817	0.00780	0.06717	0.04212	0.10298	0.00665	0.12279	0.01086	0.03283	0.05216	0.34700	0.06496	0.07597	0.00696	0.00480	0.00137	0.00376	0.00640	0.00363	0.03162
4	0.00893	0.00766	0.00893	0.00638	0.01021	0.00574	0.00510	0.01085	0.00893	0.01404	0.00766	0.00893	0.00638	0.00319	0.00319	0.00064	0.00319	0.00255	0.00255	0.87495
5	0.00613	0.00494	0.00693	0.00717	0.00748	0.00536	0.02742	0.00696	0.00794	0.01085	0.01984	0.64574	0.02348	0.04966	0.00767	0.00187	0.14295	0.01036	0.00353	0.00373
6	0.01066	0.01023	0.01748	0.02644	0.82174	0.01023	0.01322	0.01322	0.00981	0.01407	0.00810	0.01066	0.00682	0.00384	0.00426	0.00128	0.00512	0.00384	0.00213	0.00682
7	0.00779	0.00702	0.00834	0.00780	0.02087	0.06621	0.02438	0.00929	0.02238	0.03228	0.18845	0.14228	0.20243	0.00996	0.03983	0.00176	0.19412	0.00707	0.00345	0.00430
8	0.00854	0.00986	0.11881	0.01391	0.17576	0.00798	0.21156	0.01151	0.03413	0.02632	0.09718	0.09691	0.11644	0.00700	0.02117	0.00155	0.00491	0.02814	0.00295	0.00538
9	0.00614	0.00436	0.00580	0.00587	0.00626	0.00471	0.00405	0.00694	0.00672	0.00934	0.01331	0.08093	0.01421	0.39438	0.41233	0.00533	0.00762	0.00589	0.00256	0.00327
10	0.00813	0.00766	0.01292	0.83826	0.02967	0.00957	0.01196	0.01101	0.00861	0.01101	0.00766	0.01148	0.00574	0.00431	0.00431	0.00144	0.00574	0.00383	0.00191	0.00479
11	0.02358	0.01033	0.06760	0.02893	0.17151	0.00967	0.09999	0.21955	0.03896	0.15672	0.02522	0.03541	0.02269	0.00554	0.00454	0.00140	0.00479	0.06359	0.00356	0.00644
12	0.01025	0.02988	0.36946	0.03199	0.24792	0.09638	0.12590	0.01386	0.00976	0.01336	0.00783	0.00977	0.00602	0.00399	0.00424	0.00132	0.00624	0.00359	0.00200	0.00623
13	0.00541	0.00386	0.00514	0.00603	0.00631	0.00368	0.00408	0.00619	0.00811	0.01084	0.02244	0.72788	0.02665	0.06558	0.05044	0.00218	0.00313	0.03477	0.00382	0.00348
14	0.00521	0.00427	0.00459	0.00472	0.00594	0.00365	0.00346	0.00633	0.00977	0.01204	0.10966	0.17183	0.62131	0.01114	0.00516	0.00149	0.00222	0.00949	0.00407	0.00365
15	0.01134	0.05312	0.45967	0.01211	0.04182	0.00960	0.11481	0.02992	0.01019	0.18305	0.02722	0.01105	0.00752	0.00439	0.00424	0.00135	0.00568	0.00376	0.00272	0.00644
16	0.01020	0.03751	0.16263	0.04416	0.27252	0.02367	0.22232	0.02842	0.00978	0.03436	0.00909	0.03493	0.00758	0.00464	0.00508	0.00140	0.05589	0.02747	0.00229	0.00606
