[name]
unknown

[dist]
# distance from previous block
# <min> <max>
0	70

[block]
# block no. 0 follows, 55 sequences, length 60
# corresponding to MSA columns:
# 103-127,129-163
name=unknown_A
#
# <colnr> <probs for GDERKNQSTAVLIFYWHMCP>
#	G	D	E	R	K	N	Q	S	T	A	V	L	I	F	Y	W	H	M	C	P
0	0.00750	0.00535	0.00750	0.00857	0.00964	0.00535	0.00750	0.00964	0.01071	0.01392	0.02463	0.05248	0.02677	0.01285	0.00643	0.00214	0.00428	0.77617	0.00428	0.00428
1	0.01230	0.01129	0.01087	0.00975	0.01238	0.09302	0.00756	0.04171	0.70191	0.01887	0.01757	0.01631	0.01323	0.00614	0.00468	0.00154	0.00419	0.00501	0.00450	0.00718
2	0.00933	0.02406	0.81240	0.01326	0.02014	0.01080	0.01719	0.01473	0.00982	0.01473	0.00835	0.00982	0.00589	0.00442	0.00442	0.00147	0.00688	0.00344	0.00196	0.00688
3	0.04753	0.01301	0.01248	0.01025	0.01345	0.11953	0.00822	0.41046	0.23941	0.05794	0.01298	0.01262	0.00949	0.00565	0.00455	0.00142	0.00504	0.00429	0.00436	0.00732
4	0.00677	0.00451	0.00507	0.00507	0.00507	0.00451	0.00282	0.00677	0.00677	0.00902	0.01466	0.03044	0.01691	0.83650	0.02368	0.00451	0.00451	0.00677	0.00282	0.00282
5	0.00559	0.00472	0.00484	0.00481	0.00634	0.00397	0.00361	0.00685	0.01082	0.01308	0.11107	0.04393	0.74134	0.01159	0.00550	0.00156	0.00234	0.00970	0.00439	0.00397
6	0.00675	0.00500	0.00649	0.00716	0.00821	0.00479	0.00582	0.00865	0.02294	0.01393	0.11818	0.18754	0.17811	0.01247	0.00603	0.00190	0.00339	0.39407	0.00440	0.00419
7	0.01712	0.01414	0.06299	0.01022	0.01354	0.24193	0.00850	0.13514	0.14454	0.28367	0.01354	0.01288	0.00948	0.00546	0.00453	0.00139	0.00554	0.00414	0.00422	0.00703
8	0.02061	0.00833	0.01105	0.00848	0.01208	0.00746	0.00700	0.08545	0.01401	0.74694	0.01777	0.01545	0.01122	0.00574	0.00468	0.00144	0.00405	0.00464	0.00567	0.00792
9	0.00677	0.00451	0.00507	0.00507	0.00507	0.00451	0.00282	0.00677	0.00677	0.00902	0.01466	0.03044	0.01691	0.83650	0.02368	0.00451	0.00451	0.00677	0.00282	0.00282
10	0.00962	0.00969	0.01472	0.32029	0.02072	0.05423	0.10802	0.01178	0.00896	0.01201	0.00963	0.10527	0.00907	0.00685	0.00837	0.00173	0.27627	0.00526	0.00237	0.00513
11	0.01069	0.01021	0.01740	0.26857	0.57389	0.01084	0.01387	0.01356	0.01020	0.01420	0.00861	0.01178	0.00702	0.00430	0.00462	0.00143	0.00573	0.00414	0.00223	0.00671
12	0.00739	0.00528	0.00738	0.00845	0.00948	0.00527	0.00732	0.00946	0.01061	0.01381	0.02469	0.09597	0.02700	0.01295	0.00640	0.00213	0.00420	0.73368	0.00429	0.00426
13	0.85301	0.00925	0.00696	0.00623	0.00910	0.02594	0.00511	0.01377	0.00802	0.02069	0.00649	0.00757	0.00506	0.00433	0.00290	0.00143	0.00369	0.00253	0.00287	0.00505
14	0.00965	0.02094	0.61665	0.01399	0.01979	0.01133	0.11941	0.01435	0.00967	0.01435	0.00823	0.01023	0.00607	0.00478	0.00580	0.00155	0.10081	0.00378	0.00202	0.00659
15	0.01142	0.14726	0.05899	0.21450	0.04628	0.12601	0.19821	0.01462	0.04220	0.01322	0.00855	0.01087	0.00674	0.00432	0.00441	0.00133	0.00639	0.00393	0.00234	0.07843
16	0.01036	0.00825	0.00972	0.00698	0.01108	0.00624	0.00560	0.01241	0.00988	0.06586	0.00891	0.01004	0.00719	0.00359	0.00352	0.00074	0.00348	0.00288	0.00295	0.81032
17	0.00882	0.00814	0.01370	0.01122	0.01354	0.00806	0.25733	0.02905	0.15265	0.01560	0.13696	0.28519	0.02169	0.00872	0.00548	0.00166	0.00450	0.00839	0.00389	0.00540
18	0.06849	0.01178	0.01042	0.00933	0.01182	0.19498	0.00719	0.03553	0.33817	0.14219	0.01596	0.10754	0.01308	0.00668	0.00462	0.00149	0.00472	0.00536	0.00419	0.00645
19	0.00653	0.00475	0.00614	0.00579	0.00692	0.00437	0.00435	0.00867	0.01304	0.01834	0.76585	0.03527	0.08327	0.00963	0.00549	0.00147	0.00220	0.00849	0.00508	0.00437
20	0.01075	0.01026	0.01729	0.13790	0.64852	0.01050	0.01340	0.01346	0.01041	0.01457	0.01113	0.01376	0.05808	0.00470	0.00467	0.00142	0.00542	0.00451	0.00240	0.00684
21	0.00651	0.00487	0.00646	0.00646	0.00722	0.00482	0.00474	0.00818	0.01139	0.01596	0.49886	0.29477	0.03719	0.01108	0.00626	0.00164	0.05499	0.00971	0.00466	0.00423
22	0.10621	0.00613	0.00815	0.00956	0.06041	0.00630	0.00765	0.01040	0.01038	0.01480	0.02155	0.04473	0.02305	0.01132	0.00590	0.00201	0.00428	0.63859	0.00400	0.00457
23	0.00937	0.00887	0.01501	0.65387	0.19890	0.01049	0.01321	0.01240	0.00958	0.01260	0.00837	0.01221	0.00645	0.00454	0.00464	0.00151	0.00606	0.00414	0.00212	0.00564
24	0.01640	0.02058	0.01327	0.10490	0.01640	0.72558	0.00944	0.01781	0.01274	0.01144	0.00731	0.00885	0.00602	0.00478	0.00425	0.00124	0.00814	0.00313	0.00236	0.00537
25	0.01090	0.01042	0.01777	0.20865	0.63221	0.01089	0.01397	0.01374	0.01030	0.01445	0.00864	0.01172	0.00711	0.00426	0.00462	0.00142	0.00568	0.00414	0.00225	0.00687
26	0.00721	0.00548	0.00774	0.00884	0.09827	0.00583	0.00553	0.00833	0.00767	0.01067	0.01418	0.02324	0.04255	0.34394	0.38452	0.00540	0.00819	0.00576	0.00267	0.00399
27	0.01123	0.00956	0.01005	0.00900	0.01157	0.01086	0.00701	0.06679	0.66430	0.01924	0.02171	0.02013	0.10425	0.00689	0.00482	0.00157	0.00361	0.00572	0.00468	0.00700
28	0.77137	0.00911	0.00726	0.00650	0.00935	0.01057	0.00530	0.01494	0.09830	0.02071	0.00790	0.00868	0.00609	0.00455	0.00309	0.00146	0.00361	0.00283	0.00309	0.00530
29	0.00976	0.13645	0.70377	0.01253	0.01901	0.01185	0.01592	0.01462	0.00977	0.01421	0.00809	0.00950	0.00590	0.00436	0.00422	0.00141	0.00661	0.00331	0.00197	0.00675
30	0.00971	0.00797	0.00940	0.00688	0.01074	0.00606	0.00547	0.01173	0.00986	0.03834	0.03885	0.04121	0.00928	0.00415	0.00365	0.00078	0.00339	0.00341	0.00299	0.77614
31	0.01914	0.00783	0.01043	0.00797	0.01154	0.00667	0.00655	0.02098	0.01276	0.69051	0.01708	0.01518	0.01100	0.00548	0.00448	0.00134	0.00383	0.00445	0.03707	0.10569
32	0.86937	0.00900	0.00684	0.00612	0.00900	0.01044	0.00504	0.01368	0.00792	0.02087	0.00648	0.00756	0.00504	0.00432	0.00288	0.00144	0.00360	0.00252	0.00288	0.00504
33	0.00665	0.00498	0.00748	0.00748	0.00831	0.00582	0.00582	0.00831	0.00748	0.01080	0.01246	0.01828	0.01163	0.03489	0.81807	0.00748	0.01246	0.00498	0.00249	0.00415
34	0.01055	0.00489	0.00533	0.00494	0.00641	0.00472	0.00380	0.01266	0.01030	0.13915	0.01566	0.01711	0.01186	0.00547	0.00347	0.00114	0.00244	0.00439	0.73083	0.00489
35	0.00677	0.00451	0.00507	0.00507	0.00507	0.00451	0.00282	0.00677	0.00677	0.00902	0.01466	0.03044	0.01691	0.83650	0.02368	0.00451	0.00451	0.00677	0.00282	0.00282
36	0.00655	0.00475	0.00617	0.00582	0.00693	0.00437	0.00436	0.00871	0.01309	0.01846	0.78052	0.03507	0.06853	0.00958	0.00549	0.00147	0.00220	0.00846	0.00510	0.00437
37	0.01179	0.01221	0.01492	0.01254	0.01345	0.12592	0.05965	0.07033	0.00931	0.01280	0.00684	0.01015	0.00629	0.00722	0.01232	0.00184	0.60069	0.00402	0.00230	0.00542
38	0.00677	0.00451	0.00507	0.00507	0.00507	0.00451	0.00282	0.00677	0.00677	0.00902	0.01466	0.03044	0.01691	0.83650	0.02368	0.00451	0.00451	0.00677	0.00282	0.00282
39	0.01374	0.00977	0.06843	0.01057	0.04302	0.00788	0.12063	0.01612	0.01116	0.30594	0.01420	0.03291	0.04475	0.00526	0.00489	0.00129	0.03520	0.00456	0.00380	0.24587
40	0.01344	0.01214	0.01149	0.01002	0.01282	0.11780	0.00785	0.16345	0.55469	0.02020	0.01598	0.01506	0.01198	0.00598	0.00465	0.00150	0.00456	0.00477	0.00441	0.00720
41	0.01208	0.74617	0.11440	0.00857	0.01288	0.01754	0.00901	0.01402	0.00949	0.01138	0.00668	0.00773	0.00596	0.00403	0.00315	0.00105	0.00519	0.00260	0.00199	0.00607
42	0.00987	0.16535	0.67583	0.01234	0.01871	0.01212	0.01559	0.01459	0.00976	0.01408	0.00802	0.00941	0.00591	0.00434	0.00417	0.00139	0.00655	0.00327	0.00197	0.00672
43	0.01072	0.03105	0.34882	0.02318	0.02817	0.00915	0.04035	0.03570	0.01079	0.11800	0.01435	0.02313	0.01281	0.00721	0.00554	0.00168	0.04234	0.22764	0.00323	0.00615
44	0.02077	0.00808	0.01090	0.00836	0.01196	0.00708	0.00690	0.04755	0.01359	0.78543	0.01812	0.01568	0.01140	0.00575	0.00468	0.00144	0.00400	0.00466	0.00572	0.00792
45	0.00648	0.00520	0.00693	0.00854	0.09830	0.00481	0.00544	0.00782	0.01007	0.01309	0.08471	0.37632	0.27614	0.01202	0.00565	0.00172	0.00299	0.06533	0.00414	0.00431
46	0.01299	0.59976	0.02198	0.01164	0.13256	0.12914	0.00906	0.01463	0.01015	0.01165	0.00691	0.00820	0.00618	0.00412	0.00340	0.00108	0.00554	0.00281	0.00209	0.00610
47	0.01874	0.00775	0.01032	0.00810	0.01137	0.00693	0.00662	0.03595	0.05047	0.66795	0.10811	0.01798	0.01527	0.00621	0.00477	0.00145	0.00377	0.00512	0.00562	0.00749
48	0.00729	0.00521	0.00726	0.00833	0.00931	0.00517	0.00713	0.00928	0.01050	0.01369	0.02475	0.14170	0.02723	0.01305	0.00637	0.00211	0.00410	0.68901	0.00429	0.00423
49	0.01033	0.01028	0.01478	0.01408	0.10307	0.01388	0.01065	0.01155	0.00752	0.01165	0.00641	0.01033	0.00625	0.00769	0.01405	0.00196	0.73403	0.00408	0.00207	0.00535
50	0.01126	0.01254	0.10953	0.02681	0.71754	0.01103	0.01461	0.01433	0.01050	0.01515	0.00870	0.01132	0.00720	0.00418	0.00458	0.00139	0.00568	0.00406	0.00226	0.00731
51	0.00567	0.00405	0.00540	0.00648	0.00675	0.00378	0.00432	0.00648	0.00891	0.01188	0.02564	0.83347	0.03077	0.01457	0.00594	0.00189	0.00270	0.01323	0.00432	0.00378
52	0.01740	0.02166	0.01323	0.01191	0.01438	0.77305	0.00898	0.06168	0.01367	0.01239	0.00741	0.00854	0.00610	0.00484	0.00422	0.00121	0.00821	0.00306	0.00252	0.00553
53	0.82804	0.00919	0.00718	0.00634	0.00926	0.01063	0.00522	0.05144	0.00859	0.02128	0.00671	0.00773	0.00518	0.00438	0.00297	0.00144	0.00367	0.00260	0.00297	0.00518
54	0.01151	0.01105	0.01888	0.02855	0.80748	0.01105	0.01428	0.01428	0.01059	0.01520	0.00875	0.01151	0.00737	0.00415	0.00461	0.00138	0.00553	0.00415	0.00230	0.00737
55	0.00870	0.00647	0.00787	0.00647	0.00900	0.00528	0.00495	0.01053	0.01073	0.06301	0.24118	0.11358	0.05465	0.03773	0.00522	0.00127	0.00303	0.00614	0.00386	0.40032
56	0.00557	0.00472	0.00481	0.00479	0.00633	0.00396	0.00359	0.00681	0.01077	0.01296	0.09543	0.04413	0.75705	0.01164	0.00550	0.00156	0.00235	0.00973	0.00437	0.00396
57	0.00965	0.00827	0.00965	0.00689	0.01102	0.00620	0.00551	0.01171	0.00965	0.01516	0.00827	0.00965	0.00689	0.00345	0.00345	0.00069	0.00345	0.00276	0.00276	0.86494
58	0.59546	0.01306	0.00889	0.00798	0.01073	0.25512	0.00631	0.02959	0.00977	0.01816	0.00678	0.00788	0.00538	0.00449	0.00331	0.00137	0.00508	0.00269	0.00277	0.00520
59	0.01372	0.01092	0.01163	0.00984	0.01284	0.01239	0.00783	0.27017	0.53444	0.03869	0.01644	0.01535	0.01213	0.00607	0.00471	0.00152	0.00415	0.00491	0.00473	0.00755

[dist]
# distance from previous block
# <min> <max>
1	29

[block]
# block no. 1 follows, 55 sequences, length 13
# corresponding to MSA columns:
# 193-205
name=unknown_B
#
# <colnr> <probs for GDERKNQSTAVLIFYWHMCP>
#	G	D	E	R	K	N	Q	S	T	A	V	L	I	F	Y	W	H	M	C	P
0	0.02346	0.00713	0.00871	0.00700	0.00987	0.00606	0.02468	0.03096	0.03729	0.08348	0.15992	0.05982	0.13114	0.00681	0.00450	0.00118	0.00325	0.01923	0.00387	0.37165
1	0.00998	0.00579	0.00743	0.00650	0.00827	0.00533	0.00505	0.04736	0.01344	0.18280	0.55783	0.03039	0.08374	0.00870	0.00528	0.00146	0.00270	0.00754	0.00518	0.00525
2	0.00935	0.00885	0.01497	0.66030	0.19264	0.01048	0.01320	0.01238	0.00957	0.01257	0.00837	0.01222	0.00644	0.00455	0.00464	0.00152	0.00606	0.00414	0.00212	0.00562
3	0.00677	0.00451	0.00507	0.00507	0.00507	0.00451	0.00282	0.00677	0.00677	0.00902	0.01466	0.03044	0.01691	0.83650	0.02368	0.00451	0.00451	0.00677	0.00282	0.00282
4	0.00861	0.00773	0.01254	0.58596	0.09408	0.00919	0.01095	0.01103	0.00889	0.01158	0.00963	0.01606	0.00852	0.17689	0.00859	0.00215	0.00579	0.00468	0.00224	0.00487
5	0.00567	0.00405	0.00540	0.00648	0.00675	0.00378	0.00432	0.00648	0.00891	0.01188	0.02564	0.83347	0.03077	0.01457	0.00594	0.00189	0.00270	0.01323	0.00432	0.00378
6	0.01744	0.02028	0.01334	0.01172	0.01439	0.65144	0.00896	0.17875	0.01498	0.01510	0.00801	0.00897	0.00639	0.00496	0.00429	0.00124	0.00771	0.00324	0.00286	0.00591
7	0.01315	0.01249	0.01271	0.01093	0.01291	0.13781	0.00876	0.15865	0.29097	0.01744	0.01173	0.01262	0.00928	0.00651	0.00790	0.00163	0.26018	0.00435	0.00352	0.00645
8	0.01791	0.00726	0.00985	0.00777	0.01086	0.00633	0.00633	0.01979	0.01328	0.64667	0.18128	0.01975	0.01822	0.00654	0.00485	0.00144	0.00359	0.00545	0.00563	0.00719
9	0.23075	0.01155	0.01164	0.00936	0.01270	0.01298	0.00766	0.47831	0.13799	0.02568	0.01119	0.01121	0.00816	0.00538	0.00422	0.00144	0.00452	0.00393	0.00422	0.00711
10	0.05016	0.01251	0.01081	0.09897	0.01388	0.25468	0.00782	0.05276	0.24062	0.01653	0.17610	0.01698	0.01629	0.00621	0.00463	0.00142	0.00514	0.00493	0.00373	0.00583
11	0.05091	0.01315	0.10160	0.01444	0.17862	0.06549	0.03909	0.16544	0.27003	0.03489	0.01250	0.01291	0.00941	0.00523	0.00457	0.00146	0.00516	0.00435	0.00361	0.00715
12	0.38962	0.01171	0.01046	0.00894	0.01173	0.19019	0.06227	0.01599	0.03949	0.12478	0.00949	0.01059	0.00723	0.00753	0.07993	0.00196	0.00585	0.00346	0.00316	0.00560

[dist]
# distance from previous block
# <min> <max>
0	5

[block]
# block no. 2 follows, 55 sequences, length 91
# corresponding to MSA columns:
# 211-251,255-274,355-384
name=unknown_C
#
# <colnr> <probs for GDERKNQSTAVLIFYWHMCP>
#	G	D	E	R	K	N	Q	S	T	A	V	L	I	F	Y	W	H	M	C	P
0	0.03383	0.01025	0.01125	0.00966	0.01199	0.16711	0.09531	0.01537	0.07377	0.20059	0.03031	0.21680	0.07397	0.00807	0.00519	0.00155	0.01827	0.00695	0.00403	0.00571
1	0.01024	0.28724	0.42415	0.01060	0.01559	0.01258	0.01227	0.04521	0.01008	0.01374	0.00996	0.10958	0.00904	0.00556	0.00415	0.00136	0.00567	0.00435	0.00237	0.00624
2	0.00886	0.00819	0.01325	0.66442	0.05532	0.00959	0.01171	0.01173	0.00937	0.01240	0.00900	0.04558	0.00733	0.00489	0.00456	0.00145	0.00570	0.00434	0.00225	0.11007
3	0.04548	0.02210	0.68210	0.01266	0.01898	0.01123	0.01567	0.10950	0.01121	0.01676	0.00862	0.00989	0.00610	0.00456	0.00439	0.00146	0.00653	0.00349	0.00233	0.00693
4	0.00673	0.00463	0.00569	0.00569	0.00590	0.00484	0.00358	0.00716	0.00695	0.00947	0.01410	0.02734	0.01556	0.63189	0.22645	0.00527	0.00654	0.00631	0.00274	0.00316
5	0.01765	0.01415	0.01387	0.01086	0.01442	0.11243	0.00886	0.69763	0.02081	0.02713	0.01068	0.01083	0.00768	0.00549	0.00460	0.00137	0.00552	0.00404	0.00438	0.00760
6	0.00614	0.00461	0.00569	0.00569	0.00675	0.00416	0.00416	0.00782	0.01172	0.01585	0.46804	0.18924	0.23101	0.01104	0.00558	0.00157	0.00233	0.00968	0.00477	0.00416
7	0.00808	0.00404	0.00606	0.00606	0.00606	0.00404	0.00404	0.00606	0.00606	0.00808	0.00808	0.01414	0.00808	0.01616	0.01818	0.86465	0.00404	0.00404	0.00202	0.00202
8	0.00647	0.00467	0.00612	0.00593	0.00693	0.00432	0.00438	0.00850	0.01265	0.01783	0.70996	0.13218	0.04229	0.01013	0.00554	0.00152	0.00226	0.00900	0.00502	0.00432
9	0.76413	0.00851	0.00692	0.00628	0.00891	0.00987	0.00513	0.01302	0.00786	0.01964	0.00721	0.00886	0.00584	0.00805	0.10232	0.00218	0.00468	0.00282	0.00283	0.00493
10	0.01244	0.83930	0.02438	0.00796	0.01194	0.01841	0.00796	0.01393	0.00945	0.01095	0.00647	0.00746	0.00597	0.00398	0.00299	0.00100	0.00498	0.00249	0.00199	0.00597
11	0.00567	0.00405	0.00540	0.00648	0.00675	0.00378	0.00432	0.00648	0.00891	0.01188	0.02564	0.83347	0.03077	0.01457	0.00594	0.00189	0.00270	0.01323	0.00432	0.00378
12	0.01688	0.01263	0.01351	0.01054	0.01412	0.01405	0.00865	0.69087	0.12429	0.02802	0.01219	0.01198	0.00874	0.00568	0.00466	0.00142	0.00493	0.00433	0.00466	0.00784
13	0.01209	0.00977	0.01084	0.00845	0.01207	0.00947	0.00676	0.18351	0.23094	0.03207	0.01201	0.01221	0.00921	0.00474	0.00408	0.00110	0.00388	0.00379	0.00376	0.42928
14	0.01181	0.67347	0.18468	0.00904	0.01361	0.01686	0.00984	0.01409	0.00953	0.01172	0.00685	0.00794	0.00595	0.00407	0.00328	0.00109	0.00536	0.00268	0.00198	0.00615
15	0.00658	0.00476	0.00622	0.00585	0.00695	0.00439	0.00439	0.00878	0.01317	0.01866	0.80503	0.03475	0.04390	0.00951	0.00549	0.00146	0.00219	0.00841	0.00512	0.00439
16	0.01244	0.83930	0.02438	0.00796	0.01194	0.01841	0.00796	0.01393	0.00945	0.01095	0.00647	0.00746	0.00597	0.00398	0.00299	0.00100	0.00498	0.00249	0.00199	0.00597
17	0.01244	0.83930	0.02438	0.00796	0.01194	0.01841	0.00796	0.01393	0.00945	0.01095	0.00647	0.00746	0.00597	0.00398	0.00299	0.00100	0.00498	0.00249	0.00199	0.00597
18	0.00796	0.00708	0.00817	0.00803	0.00905	0.10487	0.00620	0.00956	0.00817	0.01087	0.01182	0.01707	0.01094	0.03122	0.71879	0.00671	0.01196	0.00474	0.00248	0.00430
19	0.01413	0.01294	0.01442	0.01146	0.01471	0.14047	0.13720	0.32968	0.13347	0.02056	0.01579	0.01598	0.10571	0.00605	0.00483	0.00144	0.00554	0.00506	0.00388	0.00667
20	0.00567	0.00405	0.00540	0.00648	0.00675	0.00378	0.00432	0.00648	0.00891	0.01188	0.02564	0.83347	0.03077	0.01457	0.00594	0.00189	0.00270	0.01323	0.00432	0.00378
21	0.00717	0.00591	0.00991	0.00896	0.01026	0.00654	0.10155	0.00911	0.00790	0.01130	0.01209	0.01758	0.01107	0.03111	0.71895	0.00676	0.01190	0.00505	0.00248	0.00441
22	0.00982	0.00932	0.01582	0.52391	0.32539	0.01061	0.01343	0.01279	0.00979	0.01314	0.00845	0.01207	0.00664	0.00446	0.00463	0.00149	0.00595	0.00414	0.00216	0.00600
23	0.01193	0.00733	0.00880	0.00765	0.00993	0.00742	0.00599	0.01766	0.27669	0.22427	0.31059	0.02436	0.05230	0.00754	0.00502	0.00150	0.00316	0.00644	0.00513	0.00629
24	0.00677	0.00451	0.00507	0.00507	0.00507	0.00451	0.00282	0.00677	0.00677	0.00902	0.01466	0.03044	0.01691	0.83650	0.02368	0.00451	0.00451	0.00677	0.00282	0.00282
25	0.01948	0.01015	0.01218	0.00934	0.01299	0.01015	0.00771	0.35823	0.01705	0.46987	0.01522	0.01380	0.00994	0.00568	0.00467	0.00142	0.00446	0.00446	0.00528	0.00791
26	0.06622	0.01092	0.01238	0.00966	0.01320	0.02466	0.01996	0.39326	0.07873	0.30149	0.01394	0.01306	0.00946	0.00559	0.00457	0.00143	0.00461	0.00435	0.00487	0.00764
27	0.01083	0.01043	0.01739	0.25484	0.57489	0.02318	0.01381	0.01366	0.01027	0.01420	0.00859	0.01172	0.00702	0.00430	0.00461	0.00143	0.00576	0.00412	0.00224	0.00671
28	0.00665	0.00496	0.00735	0.00735	0.00814	0.00575	0.00566	0.00823	0.00744	0.01071	0.01258	0.01891	0.01190	0.07651	0.77683	0.00732	0.01205	0.00508	0.00251	0.00408
29	0.01420	0.01590	0.04763	0.01410	0.11195	0.32040	0.10097	0.10356	0.14763	0.01597	0.01020	0.01123	0.00795	0.00487	0.00451	0.00133	0.00647	0.00395	0.00303	0.05416
30	0.01621	0.01230	0.01313	0.01041	0.01386	0.01374	0.00848	0.60650	0.20975	0.02694	0.01305	0.01267	0.00943	0.00576	0.00467	0.00144	0.00477	0.00445	0.00467	0.00778
31	0.00563	0.00472	0.00490	0.00485	0.00637	0.00398	0.00364	0.00693	0.01092	0.01331	0.13958	0.04355	0.71268	0.01150	0.00550	0.00156	0.00234	0.00965	0.00442	0.00398
32	0.01048	0.00986	0.01598	0.33129	0.41357	0.01084	0.01291	0.01464	0.10628	0.01445	0.00981	0.01257	0.00776	0.00460	0.00464	0.00147	0.00556	0.00428	0.00251	0.00653
33	0.01202	0.01019	0.01260	0.01064	0.01358	0.01133	0.10288	0.02341	0.65865	0.06351	0.01774	0.01668	0.01318	0.00599	0.00482	0.00157	0.00421	0.00526	0.00450	0.00726
34	0.02087	0.00792	0.01080	0.00828	0.01188	0.00684	0.00684	0.02267	0.01332	0.81071	0.01835	0.01583	0.01152	0.00576	0.00468	0.00144	0.00396	0.00468	0.00576	0.00792
35	0.01151	0.01105	0.01888	0.02855	0.80748	0.01105	0.01428	0.01428	0.01059	0.01520	0.00875	0.01151	0.00737	0.00415	0.00461	0.00138	0.00553	0.00415	0.00230	0.00737
36	0.00658	0.00476	0.00622	0.00585	0.00695	0.00439	0.00439	0.00878	0.01317	0.01866	0.80503	0.03475	0.04390	0.00951	0.00549	0.00146	0.00219	0.00841	0.00512	0.00439
37	0.00554	0.00471	0.00477	0.00476	0.00631	0.00395	0.00357	0.00676	0.01071	0.01282	0.07809	0.04436	0.77448	0.01169	0.00550	0.00157	0.00235	0.00976	0.00435	0.00395
38	0.00578	0.00416	0.00551	0.00655	0.00692	0.00388	0.00449	0.00669	0.00908	0.01203	0.02634	0.75553	0.05798	0.01437	0.00595	0.00189	0.00279	0.06193	0.00432	0.00382
39	0.01244	0.83930	0.02438	0.00796	0.01194	0.01841	0.00796	0.01393	0.00945	0.01095	0.00647	0.00746	0.00597	0.00398	0.00299	0.00100	0.00498	0.00249	0.00199	0.00597
40	0.04331	0.03236	0.01248	0.01005	0.01303	0.17286	0.00801	0.42892	0.04428	0.06662	0.01256	0.11120	0.01060	0.00648	0.00463	0.00142	0.00531	0.00502	0.00411	0.00675
41	0.01570	0.01136	0.01240	0.00989	0.01311	0.01246	0.00802	0.55613	0.12787	0.06746	0.06238	0.05642	0.01238	0.00640	0.00478	0.00145	0.00455	0.00509	0.00473	0.00740
42	0.86937	0.00900	0.00684	0.00612	0.00900	0.01044	0.00504	0.01368	0.00792	0.02087	0.00648	0.00756	0.00504	0.00432	0.00288	0.00144	0.00360	0.00252	0.00288	0.00504
43	0.00672	0.00470	0.00604	0.00604	0.00637	0.00504	0.00402	0.00739	0.00705	0.00974	0.01377	0.02555	0.01479	0.51410	0.34318	0.00570	0.00771	0.00605	0.00269	0.00336
44	0.01692	0.01265	0.01353	0.01055	0.01414	0.01407	0.00866	0.69639	0.11869	0.02809	0.01214	0.01194	0.00870	0.00568	0.00466	0.00142	0.00494	0.00432	0.00466	0.00784
45	0.01131	0.01084	0.01851	0.08841	0.74923	0.01100	0.01418	0.01410	0.01050	0.01495	0.00871	0.01158	0.00728	0.00418	0.00461	0.00139	0.00558	0.00414	0.00229	0.00720
46	0.86937	0.00900	0.00684	0.00612	0.00900	0.01044	0.00504	0.01368	0.00792	0.02087	0.00648	0.00756	0.00504	0.00432	0.00288	0.00144	0.00360	0.00252	0.00288	0.00504
47	0.00651	0.00492	0.00700	0.00700	0.00788	0.00551	0.00537	0.00802	0.00782	0.01091	0.01681	0.02219	0.10878	0.07726	0.67417	0.00659	0.01078	0.00567	0.00273	0.00405
48	0.76586	0.00887	0.00732	0.00638	0.00935	0.01000	0.00526	0.01477	0.00858	0.11722	0.00793	0.00857	0.00583	0.00449	0.00310	0.00144	0.00364	0.00278	0.00323	0.00539
49	0.00718	0.00520	0.00619	0.00594	0.00594	0.00570	0.00372	0.00731	0.00681	0.00929	0.01362	0.02797	0.01560	0.73546	0.02265	0.00421	0.10496	0.00644	0.00272	0.00310
50	0.00629	0.00471	0.00584	0.00564	0.00679	0.00425	0.00420	0.00818	0.01236	0.01693	0.59341	0.08199	0.21168	0.01030	0.00551	0.00151	0.00226	0.00900	0.00490	0.00425
51	0.00926	0.00876	0.01482	0.68561	0.16802	0.01046	0.01316	0.01231	0.00953	0.01247	0.00835	0.01225	0.00641	0.00456	0.00464	0.00152	0.00608	0.00414	0.00211	0.00555
52	0.00677	0.00451	0.00507	0.00507	0.00507	0.00451	0.00282	0.00677	0.00677	0.00902	0.01466	0.03044	0.01691	0.83650	0.02368	0.00451	0.00451	0.00677	0.00282	0.00282
53	0.44061	0.00908	0.00922	0.00750	0.01076	0.00955	0.00619	0.11206	0.01169	0.32431	0.01160	0.01117	0.00787	0.00502	0.00378	0.00143	0.00392	0.00355	0.00420	0.00649
54	0.01518	0.01570	0.01183	0.01024	0.01285	0.39221	0.00792	0.27361	0.01548	0.01755	0.01513	0.05848	0.12077	0.00657	0.00462	0.00135	0.00615	0.00490	0.00352	0.00594
55	0.00933	0.02406	0.81240	0.01326	0.02014	0.01080	0.01719	0.01473	0.00982	0.01473	0.00835	0.00982	0.00589	0.00442	0.00442	0.00147	0.00688	0.00344	0.00196	0.00688
56	0.01115	0.50078	0.35160	0.01016	0.01534	0.01525	0.01179	0.01426	0.00961	0.01252	0.00725	0.00844	0.00594	0.00416	0.00358	0.00119	0.00576	0.00288	0.00198	0.00635
57	0.00933	0.02406	0.81240	0.01326	0.02014	0.01080	0.01719	0.01473	0.00982	0.01473	0.00835	0.00982	0.00589	0.00442	0.00442	0.00147	0.00688	0.00344	0.00196	0.00688
58	0.01072	0.01201	0.02595	0.01878	0.02321	0.01128	0.73179	0.01451	0.01096	0.01483	0.01055	0.01555	0.00854	0.00459	0.00556	0.00161	0.00758	0.06336	0.00250	0.00613
59	0.01108	0.01065	0.01827	0.15203	0.67294	0.01096	0.02815	0.01392	0.01040	0.01468	0.00869	0.01167	0.00718	0.00422	0.00463	0.00141	0.00567	0.00417	0.00227	0.00701
60	0.01480	0.16236	0.01533	0.01091	0.01327	0.32921	0.00890	0.14879	0.01260	0.02973	0.00811	0.02647	0.00697	0.00574	0.00653	0.00140	0.18668	0.00359	0.00274	0.00588
61	0.01601	0.00848	0.00982	0.00785	0.01070	0.00855	0.00638	0.27225	0.01502	0.30570	0.01500	0.01477	0.01046	0.00560	0.00422	0.00131	0.00378	0.00441	0.27289	0.00680
62	0.00571	0.00408	0.00545	0.00653	0.00682	0.00382	0.00440	0.00656	0.00895	0.01193	0.02562	0.81435	0.03067	0.01453	0.00595	0.00190	0.00274	0.03190	0.00432	0.00379
63	0.00946	0.00858	0.00957	0.00853	0.01031	0.10596	0.05029	0.07726	0.08550	0.01541	0.19267	0.02243	0.09829	0.01632	0.26442	0.00337	0.00695	0.00599	0.00364	0.00507
64	0.01364	0.11199	0.07266	0.01052	0.01352	0.03582	0.05441	0.05148	0.23476	0.18511	0.01300	0.01319	0.00965	0.00588	0.00639	0.00153	0.15159	0.00436	0.00372	0.00677
65	0.00750	0.00535	0.00750	0.00857	0.00964	0.00535	0.00750	0.00964	0.01071	0.01392	0.02463	0.05248	0.02677	0.01285	0.00643	0.00214	0.00428	0.77617	0.00428	0.00428
66	0.01738	0.02199	0.01320	0.01196	0.01438	0.80197	0.00899	0.03384	0.01336	0.01174	0.00727	0.00844	0.00603	0.00481	0.00420	0.00120	0.00832	0.00302	0.00244	0.00544
67	0.86937	0.00900	0.00684	0.00612	0.00900	0.01044	0.00504	0.01368	0.00792	0.02087	0.00648	0.00756	0.00504	0.00432	0.00288	0.00144	0.00360	0.00252	0.00288	0.00504
68	0.00667	0.00489	0.00701	0.00701	0.00768	0.00556	0.00523	0.00801	0.00734	0.01045	0.01289	0.02064	0.01266	0.19087	0.66350	0.00690	0.01091	0.00533	0.00256	0.00389
69	0.00921	0.00835	0.01232	0.15985	0.30308	0.00867	0.00963	0.02541	0.09515	0.01466	0.04286	0.02270	0.24130	0.00688	0.00489	0.00149	0.00437	0.00603	0.01730	0.00585
70	0.86937	0.00900	0.00684	0.00612	0.00900	0.01044	0.00504	0.01368	0.00792	0.02087	0.00648	0.00756	0.00504	0.00432	0.00288	0.00144	0.00360	0.00252	0.00288	0.00504
71	0.00567	0.00405	0.00540	0.00648	0.00675	0.00378	0.00432	0.00648	0.00891	0.01188	0.02564	0.83347	0.03077	0.01457	0.00594	0.00189	0.00270	0.01323	0.00432	0.00378
72	0.86937	0.00900	0.00684	0.00612	0.00900	0.01044	0.00504	0.01368	0.00792	0.02087	0.00648	0.00756	0.00504	0.00432	0.00288	0.00144	0.00360	0.00252	0.00288	0.00504
73	0.04308	0.01073	0.01131	0.00966	0.01260	0.01221	0.00767	0.22759	0.55266	0.03529	0.01644	0.01535	0.01217	0.00604	0.00465	0.00152	0.00406	0.00487	0.00467	0.00744
74	0.01098	0.01050	0.01791	0.18561	0.65464	0.01091	0.01401	0.01381	0.01034	0.01455	0.00866	0.01169	0.00714	0.00424	0.00461	0.00141	0.00566	0.00414	0.00226	0.00694
75	0.01345	0.00914	0.01070	0.00800	0.01183	0.00810	0.00648	0.18098	0.02365	0.17056	0.01139	0.03143	0.00868	0.00466	0.00402	0.00103	0.00389	0.00372	0.00380	0.48451
76	0.00564	0.00416	0.00529	0.00619	0.00667	0.00380	0.00419	0.00651	0.00919	0.01199	0.02918	0.70357	0.15838	0.01411	0.00587	0.00184	0.00264	0.01266	0.00432	0.00380
77	0.01151	0.01105	0.01888	0.02855	0.80748	0.01105	0.01428	0.01428	0.01059	0.01520	0.00875	0.01151	0.00737	0.00415	0.00461	0.00138	0.00553	0.00415	0.00230	0.00737
78	0.00563	0.00472	0.00490	0.00485	0.00637	0.00398	0.00364	0.00693	0.01092	0.01331	0.13958	0.04355	0.71268	0.01150	0.00550	0.00156	0.00234	0.00965	0.00442	0.00398
79	0.01164	0.00720	0.00750	0.00643	0.00838	0.00766	0.00509	0.26795	0.01374	0.02129	0.01386	0.01531	0.01060	0.00547	0.00371	0.00119	0.00314	0.00429	0.58002	0.00551
80	0.01672	0.01873	0.01302	0.01140	0.01411	0.54831	0.00876	0.18211	0.11291	0.01617	0.00949	0.01009	0.00742	0.00515	0.00436	0.00129	0.00711	0.00353	0.00316	0.00617
81	0.02048	0.00854	0.01118	0.00857	0.01219	0.00776	0.00708	0.11651	0.01436	0.71539	0.01748	0.01527	0.01108	0.00574	0.00468	0.00143	0.00410	0.00462	0.00562	0.00792
82	0.00641	0.00467	0.00603	0.00586	0.00689	0.00429	0.00433	0.00838	0.01250	0.01749	0.66723	0.13275	0.08523	0.01026	0.00554	0.00152	0.00227	0.00908	0.00498	0.00429
83	0.01098	0.00995	0.01012	0.00756	0.01146	0.10523	0.00598	0.01293	0.01021	0.04228	0.00849	0.00971	0.00694	0.00369	0.00358	0.00078	0.00407	0.00285	0.00282	0.73038
84	0.01159	0.01060	0.01706	0.22472	0.51771	0.01129	0.01328	0.10855	0.01165	0.01610	0.00893	0.01169	0.00714	0.00445	0.00462	0.00143	0.00565	0.00415	0.00253	0.00689
85	0.01071	0.00887	0.01195	0.00870	0.01277	0.00726	0.10149	0.01368	0.05951	0.07049	0.00977	0.01091	0.00769	0.00384	0.00386	0.00090	0.00403	0.00338	0.00304	0.64714
86	0.01059	0.00886	0.01431	0.01748	0.36015	0.00893	0.05376	0.01194	0.00912	0.04058	0.00863	0.01202	0.00749	0.00749	0.00895	0.21627	0.08662	0.00404	0.00238	0.11038
87	0.19624	0.03406	0.01227	0.13745	0.04321	0.35046	0.00875	0.09671	0.02523	0.02958	0.00818	0.00963	0.00640	0.00476	0.00402	0.00134	0.00626	0.00331	0.01645	0.00569
88	0.01121	0.01065	0.13535	0.03343	0.20911	0.02148	0.00965	0.02779	0.05930	0.14262	0.14047	0.05881	0.04825	0.04986	0.00581	0.00162	0.00454	0.00564	0.00365	0.02074
89	0.12844	0.02718	0.00980	0.00845	0.01048	0.04913	0.08498	0.04384	0.09422	0.02766	0.08413	0.23275	0.11024	0.00896	0.00501	0.00160	0.00392	0.04732	0.00389	0.01799
90	0.15188	0.02489	0.01233	0.01157	0.10937	0.04434	0.01943	0.19364	0.23297	0.11668	0.01283	0.01274	0.00943	0.00530	0.00433	0.00143	0.00452	0.00419	0.00403	0.02410

[dist]
# distance from previous block
# <min> <max>
13	34

[block]
# block no. 3 follows, 55 sequences, length 8
# corresponding to MSA columns:
# 454-461
name=unknown_D
#
# <colnr> <probs for GDERKNQSTAVLIFYWHMCP>
#	G	D	E	R	K	N	Q	S	T	A	V	L	I	F	Y	W	H	M	C	P
0	0.01255	0.40219	0.16957	0.01000	0.01426	0.01459	0.04716	0.15895	0.01187	0.03871	0.00866	0.00993	0.00698	0.00683	0.06751	0.00171	0.00605	0.00339	0.00265	0.00643
1	0.02993	0.03425	0.01207	0.00972	0.01197	0.00836	0.12735	0.05735	0.08355	0.09374	0.01273	0.01612	0.01061	0.03724	0.40848	0.00450	0.00884	0.00486	0.00314	0.02522
2	0.01397	0.01320	0.01299	0.01086	0.01352	0.22195	0.06921	0.28930	0.05907	0.01831	0.01075	0.01268	0.00863	0.01263	0.20836	0.00289	0.00795	0.00424	0.00335	0.00615
3	0.01358	0.01491	0.02109	0.01593	0.01966	0.21422	0.43263	0.13557	0.01301	0.01605	0.00895	0.01117	0.00687	0.00462	0.00556	0.00147	0.05118	0.00459	0.00270	0.00624
4	0.09443	0.00582	0.00783	0.00737	0.00880	0.00638	0.00578	0.01100	0.00839	0.13520	0.01286	0.01730	0.01116	0.05794	0.58134	0.00583	0.00997	0.00476	0.00305	0.00477
5	0.00665	0.00498	0.00748	0.00748	0.00831	0.00582	0.00582	0.00831	0.00748	0.01080	0.01246	0.01828	0.01163	0.03489	0.81807	0.00748	0.01246	0.00498	0.00249	0.00415
6	0.14414	0.62837	0.01999	0.00763	0.01113	0.01593	0.00730	0.01333	0.00902	0.01246	0.00706	0.00855	0.00639	0.00710	0.08383	0.00171	0.00551	0.00274	0.00218	0.00565
7	0.01090	0.09074	0.01156	0.00808	0.01117	0.00881	0.04352	0.01544	0.20728	0.07711	0.01259	0.01519	0.01055	0.13301	0.00704	0.00163	0.00407	0.00426	0.00340	0.32364

[dist]
# distance from previous block
# <min> <max>
0	2

[block]
# block no. 4 follows, 55 sequences, length 6
# corresponding to MSA columns:
# 464-469
name=unknown_E
#
# <colnr> <probs for GDERKNQSTAVLIFYWHMCP>
#	G	D	E	R	K	N	Q	S	T	A	V	L	I	F	Y	W	H	M	C	P
0	0.01427	0.01033	0.01132	0.00947	0.01225	0.04425	0.00759	0.30422	0.21593	0.12354	0.01418	0.01469	0.01066	0.01175	0.17080	0.00268	0.00624	0.00464	0.00428	0.00690
1	0.00884	0.00850	0.00864	0.00840	0.00955	0.17167	0.00646	0.01040	0.00864	0.01092	0.01138	0.01626	0.01048	0.02874	0.65183	0.00619	0.01163	0.00458	0.00247	0.00441
2	0.00808	0.00404	0.00606	0.00606	0.00606	0.00404	0.00404	0.00606	0.00606	0.00808	0.00808	0.01414	0.00808	0.01616	0.01818	0.86465	0.00404	0.00404	0.00202	0.00202
3	0.05543	0.01447	0.02257	0.01678	0.02084	0.18530	0.53800	0.06070	0.01193	0.01528	0.00889	0.01133	0.00678	0.00423	0.00503	0.00147	0.00759	0.00473	0.00252	0.00612
4	0.08528	0.01438	0.01308	0.01155	0.04264	0.24329	0.00891	0.24862	0.08581	0.01837	0.00923	0.01045	0.00731	0.00579	0.00655	0.00149	0.17389	0.00378	0.00325	0.00631
5	0.00739	0.00525	0.00747	0.00737	0.00819	0.00598	0.00559	0.00935	0.07950	0.01104	0.01216	0.01735	0.01114	0.02845	0.58039	0.18202	0.00994	0.00482	0.00260	0.00401

[dist]
# distance from previous block
# <min> <max>
4	11

[block]
# block no. 5 follows, 55 sequences, length 7
# corresponding to MSA columns:
# 481-487
name=unknown_F
#
# <colnr> <probs for GDERKNQSTAVLIFYWHMCP>
#	G	D	E	R	K	N	Q	S	T	A	V	L	I	F	Y	W	H	M	C	P
0	0.07123	0.00553	0.00727	0.00715	0.00817	0.00634	0.00546	0.00967	0.05768	0.01213	0.01274	0.01865	0.01186	0.11261	0.59690	0.00614	0.01008	0.00498	0.03112	0.00429
1	0.00835	0.07409	0.01005	0.09240	0.01163	0.08407	0.00702	0.01010	0.00836	0.01098	0.01105	0.01586	0.01008	0.02643	0.59151	0.00575	0.01083	0.00451	0.00240	0.00452
2	0.14666	0.32724	0.18457	0.01024	0.01436	0.06126	0.08798	0.01403	0.00978	0.01401	0.00892	0.01279	0.00788	0.00501	0.00392	0.00134	0.00558	0.07618	0.00240	0.00585
3	0.05187	0.09015	0.06485	0.01213	0.01612	0.03753	0.24639	0.14225	0.03076	0.05402	0.02834	0.01190	0.00832	0.00589	0.04172	0.00158	0.00599	0.00422	0.00305	0.14291
4	0.12175	0.03512	0.10859	0.01066	0.01408	0.05977	0.10670	0.12675	0.09376	0.09282	0.09269	0.01385	0.01159	0.00557	0.00516	0.00146	0.05721	0.00447	0.00354	0.03446
5	0.08875	0.14382	0.03682	0.00866	0.01169	0.01105	0.00747	0.13411	0.05654	0.13899	0.05790	0.01283	0.01025	0.00732	0.05677	0.00172	0.08981	0.00398	0.00353	0.11798
6	0.07632	0.11067	0.03172	0.00968	0.01276	0.08738	0.05693	0.13408	0.14977	0.11842	0.01211	0.01295	0.00927	0.00956	0.12556	0.00227	0.00617	0.00415	0.00357	0.02666

[dist]
# distance from previous block
# <min> <max>
5	66

[block]
# block no. 6 follows, 55 sequences, length 15
# corresponding to MSA columns:
# 558-572
name=unknown_G
#
# <colnr> <probs for GDERKNQSTAVLIFYWHMCP>
#	G	D	E	R	K	N	Q	S	T	A	V	L	I	F	Y	W	H	M	C	P
0	0.06930	0.02893	0.01305	0.01498	0.28060	0.03004	0.03091	0.01400	0.04876	0.09639	0.13550	0.02862	0.01441	0.00731	0.05057	0.00171	0.02421	0.01587	0.00336	0.09148
1	0.10375	0.03061	0.06808	0.01171	0.11161	0.03435	0.03342	0.05454	0.11713	0.12548	0.04650	0.02635	0.02466	0.00564	0.00544	0.00142	0.08766	0.00438	0.00347	0.10379
2	0.01120	0.05635	0.24744	0.01298	0.06477	0.00961	0.17343	0.01490	0.03702	0.12954	0.02671	0.01824	0.07955	0.00588	0.00487	0.00150	0.00560	0.06503	0.00317	0.03223
3	0.02925	0.34891	0.29430	0.01015	0.01481	0.04384	0.01100	0.03633	0.11171	0.03042	0.02337	0.01034	0.00782	0.00465	0.00387	0.00128	0.00550	0.00339	0.00257	0.00649
4	0.01173	0.59562	0.10868	0.00980	0.01419	0.01594	0.09946	0.01397	0.00968	0.01212	0.00714	0.00846	0.00615	0.00398	0.00346	0.00109	0.00540	0.00296	0.00208	0.06807
5	0.01224	0.32672	0.32213	0.01032	0.01521	0.01360	0.01138	0.09010	0.05035	0.07703	0.00955	0.02546	0.00744	0.00476	0.00397	0.00130	0.00553	0.00353	0.00271	0.00668
6	0.00846	0.00614	0.00852	0.00817	0.00938	0.02697	0.06198	0.04825	0.00992	0.07512	0.01987	0.42946	0.02159	0.04336	0.15476	0.00291	0.00537	0.05128	0.00387	0.00459
7	0.09440	0.11713	0.29356	0.00974	0.01432	0.01015	0.01037	0.01747	0.05171	0.28288	0.04558	0.01278	0.00975	0.00512	0.00424	0.00140	0.00499	0.00396	0.00361	0.00686
8	0.00623	0.06933	0.00687	0.00644	0.00713	0.00496	0.00455	0.00719	0.00928	0.01219	0.06446	0.67237	0.08538	0.01329	0.00565	0.00178	0.00283	0.01190	0.00418	0.00399
9	0.00629	0.00542	0.03356	0.00583	0.00727	0.00456	0.00464	0.00819	0.01169	0.01572	0.44398	0.03620	0.31316	0.01213	0.06888	0.00197	0.00322	0.00848	0.00452	0.00429
10	0.01072	0.38775	0.46086	0.01090	0.01648	0.01420	0.01307	0.01437	0.00966	0.01304	0.00751	0.00877	0.00593	0.00422	0.00378	0.00126	0.00603	0.00301	0.00198	0.00647
11	0.00998	0.00989	0.01387	0.01195	0.01199	0.01377	0.00993	0.01103	0.00714	0.01117	0.00646	0.01063	0.00642	0.00965	0.06044	0.00234	0.78210	0.00412	0.00206	0.00504
12	0.01492	0.01356	0.01576	0.04043	0.34710	0.16071	0.01118	0.27329	0.01488	0.04917	0.00962	0.01101	0.00742	0.00482	0.00455	0.00136	0.00588	0.00397	0.00322	0.00715
13	0.00843	0.00741	0.00918	0.03079	0.09146	0.05191	0.03557	0.01066	0.05606	0.01375	0.14916	0.08381	0.11190	0.17182	0.04190	0.00225	0.00438	0.00663	0.00347	0.10948
14	0.00935	0.00779	0.00953	0.00802	0.03553	0.00700	0.02929	0.05013	0.10963	0.01646	0.16510	0.01913	0.06096	0.06567	0.00573	0.00136	0.00353	0.00504	0.00362	0.38714

[dist]
# distance from previous block
# <min> <max>
0	3

[block]
# block no. 7 follows, 55 sequences, length 33
# corresponding to MSA columns:
# 576-608
name=unknown_H
#
# <colnr> <probs for GDERKNQSTAVLIFYWHMCP>
#	G	D	E	R	K	N	Q	S	T	A	V	L	I	F	Y	W	H	M	C	P
0	0.00628	0.00504	0.00634	0.00625	0.00751	0.00456	0.03035	0.00808	0.03827	0.01394	0.18727	0.30456	0.31763	0.01158	0.00556	0.00163	0.00270	0.01018	0.00438	0.02788
1	0.01227	0.81155	0.02382	0.00798	0.01186	0.01797	0.00794	0.01379	0.00949	0.01104	0.00707	0.00896	0.00666	0.00428	0.00310	0.00103	0.00495	0.02824	0.00207	0.00591
2	0.00668	0.00503	0.00616	0.00580	0.00708	0.00466	0.00437	0.02081	0.03631	0.01760	0.61442	0.03592	0.19815	0.00982	0.00545	0.00149	0.00232	0.00854	0.00494	0.00444
3	0.01156	0.60813	0.24783	0.00946	0.01426	0.01625	0.01058	0.01416	0.00956	0.01202	0.00700	0.00813	0.00595	0.00410	0.00339	0.00113	0.00551	0.00276	0.00198	0.00623
4	0.01178	0.01099	0.01873	0.07187	0.53064	0.01123	0.11822	0.07330	0.01132	0.03346	0.00947	0.02934	0.00785	0.00466	0.00516	0.00145	0.03642	0.00453	0.00258	0.00698
5	0.00809	0.00884	0.14035	0.00846	0.01027	0.03784	0.00763	0.01936	0.00977	0.03491	0.03690	0.29353	0.05494	0.01964	0.01669	0.06882	0.03064	0.18514	0.00362	0.00456
6	0.01738	0.02217	0.01318	0.01199	0.01438	0.81783	0.00899	0.01858	0.01318	0.01139	0.00719	0.00839	0.00599	0.00479	0.00419	0.00120	0.00839	0.00300	0.00240	0.00539
7	0.00994	0.07350	0.04824	0.52372	0.09821	0.04133	0.11445	0.01301	0.00981	0.01260	0.00829	0.01172	0.00638	0.00446	0.00460	0.00148	0.00637	0.00412	0.00213	0.00565
8	0.00980	0.14835	0.69226	0.01245	0.01889	0.01196	0.01578	0.01461	0.00977	0.01416	0.00806	0.00946	0.00590	0.00435	0.00420	0.00140	0.00659	0.00329	0.00197	0.00674
9	0.00819	0.00563	0.00728	0.01752	0.04545	0.00565	0.00527	0.01023	0.06422	0.07726	0.08329	0.13500	0.12183	0.20573	0.14413	0.00327	0.00508	0.04671	0.00375	0.00448
10	0.00845	0.00578	0.00668	0.00648	0.00808	0.00545	0.00497	0.07914	0.03319	0.08581	0.04654	0.22919	0.34952	0.01111	0.00546	0.00166	0.00303	0.07844	0.02627	0.00475
11	0.01067	0.36967	0.38701	0.07307	0.01771	0.01404	0.04146	0.01418	0.00967	0.01291	0.00758	0.00911	0.00599	0.00423	0.00387	0.00128	0.00605	0.00316	0.00200	0.00634
12	0.01180	0.01005	0.01774	0.16747	0.02039	0.00992	0.32031	0.03983	0.07945	0.12321	0.04090	0.01409	0.00963	0.01567	0.00515	0.00148	0.00583	0.00489	0.00319	0.09901
13	0.01115	0.52438	0.14281	0.00881	0.01263	0.04457	0.02786	0.01325	0.00981	0.01219	0.07884	0.01218	0.01021	0.06796	0.00511	0.00140	0.00518	0.00358	0.00235	0.00571
14	0.00709	0.00561	0.00759	0.14094	0.01140	0.02632	0.00616	0.00864	0.00871	0.01185	0.03669	0.25122	0.04705	0.08091	0.26349	0.00371	0.00661	0.01785	0.05402	0.00415
15	0.04419	0.01650	0.01266	0.03783	0.01421	0.41566	0.00853	0.25674	0.01539	0.07826	0.00993	0.03029	0.00773	0.00535	0.00437	0.00131	0.00653	0.00380	0.02444	0.00628
16	0.00614	0.00432	0.00545	0.00616	0.00647	0.00414	0.00410	0.00684	0.00848	0.01121	0.02310	0.49585	0.05665	0.26159	0.01130	0.00269	0.00336	0.07476	0.00386	0.00354
17	0.00785	0.00420	0.00629	0.00629	0.00643	0.00433	0.00433	0.00643	0.00629	0.00853	0.00880	0.01482	0.00866	0.01923	0.14936	0.72407	0.00542	0.00420	0.00210	0.00237
18	0.05532	0.79775	0.02350	0.00787	0.01179	0.01801	0.00781	0.01392	0.00938	0.01144	0.00647	0.00747	0.00592	0.00400	0.00298	0.00102	0.00491	0.00249	0.00203	0.00592
19	0.01854	0.07373	0.08412	0.00920	0.01315	0.00965	0.00826	0.18118	0.01449	0.51628	0.01506	0.01369	0.00984	0.00547	0.00452	0.00140	0.00454	0.00430	0.00490	0.00767
20	0.00582	0.00428	0.00547	0.00622	0.00681	0.00393	0.00433	0.00689	0.00972	0.01283	0.11695	0.59322	0.14935	0.01351	0.00584	0.00180	0.00265	0.04208	0.00441	0.00389
21	0.01100	0.02178	0.67997	0.01262	0.01896	0.01073	0.01563	0.07463	0.01105	0.08697	0.00946	0.01046	0.00655	0.00463	0.00446	0.00146	0.00648	0.00361	0.00251	0.00705
22	0.04944	0.01217	0.04925	0.00990	0.01358	0.03415	0.00843	0.50388	0.01819	0.20341	0.01252	0.01217	0.00862	0.00550	0.00452	0.00139	0.00486	0.00417	0.03629	0.00756
23	0.01669	0.01229	0.01327	0.01027	0.01376	0.01353	0.00844	0.72198	0.02110	0.02837	0.08211	0.01328	0.01113	0.00594	0.00473	0.00140	0.00486	0.00457	0.00470	0.00760
24	0.15302	0.01057	0.01749	0.12491	0.42479	0.01108	0.13716	0.01387	0.00994	0.01554	0.00833	0.01110	0.00674	0.00433	0.00481	0.00146	0.03196	0.00409	0.00237	0.00645
25	0.00795	0.00412	0.00619	0.00619	0.00626	0.00420	0.00420	0.00626	0.00619	0.00832	0.00847	0.01451	0.00840	0.01784	0.08966	0.78805	0.00479	0.00412	0.00206	0.00221
26	0.00669	0.00507	0.00586	0.00617	0.00701	0.00493	0.00431	0.02049	0.07976	0.01246	0.02764	0.32145	0.21977	0.20068	0.00978	0.00239	0.00324	0.05426	0.00402	0.00401
27	0.05063	0.14585	0.01195	0.00703	0.01108	0.00842	0.00590	0.01217	0.00953	0.01473	0.00789	0.00919	0.00665	0.00357	0.00334	0.00078	0.00371	0.00270	0.00264	0.68225
28	0.00874	0.04609	0.00810	0.00672	0.00835	0.06164	0.00519	0.01039	0.00991	0.01440	0.10926	0.11693	0.06892	0.02936	0.05217	0.00172	0.06739	0.00589	0.22197	0.14684
29	0.01041	0.27572	0.50065	0.01117	0.01673	0.04260	0.01338	0.01425	0.00987	0.01333	0.00955	0.01069	0.04361	0.00464	0.00402	0.00132	0.00613	0.00343	0.00210	0.00640
30	0.08571	0.00776	0.01081	0.00906	0.01129	0.00798	0.13414	0.03323	0.16580	0.04035	0.16490	0.02415	0.10411	0.08348	0.06859	0.00226	0.00474	0.03242	0.00388	0.00533
31	0.00615	0.00547	0.04395	0.00663	0.00766	0.00460	0.01902	0.00742	0.00927	0.01228	0.07336	0.41504	0.18877	0.07787	0.09768	0.00259	0.00411	0.01021	0.00390	0.00401
