[name]
unknown

[dist]
# distance from previous block
# <min> <max>
0	40

[block]
# block no. 0 follows, 49 sequences, length 34
# corresponding to MSA columns:
# 41-74
name=unknown_A
#
# <colnr> <probs for GDERKNQSTAVLIFYWHMCP>
#	G	D	E	R	K	N	Q	S	T	A	V	L	I	F	Y	W	H	M	C	P
0	0.06852	0.00656	0.00776	0.00736	0.00893	0.00649	0.02132	0.06238	0.04424	0.04953	0.10879	0.21587	0.15311	0.11497	0.02419	0.00229	0.00384	0.04911	0.02262	0.02212
1	0.03658	0.00794	0.02152	0.00784	0.00959	0.04179	0.01672	0.11087	0.01191	0.05847	0.04779	0.14212	0.05442	0.16786	0.07917	0.00280	0.00511	0.03792	0.10344	0.03612
2	0.04180	0.00738	0.02308	0.00801	0.03284	0.05670	0.00568	0.01128	0.06149	0.04195	0.07715	0.27443	0.10185	0.11287	0.04930	0.00245	0.00434	0.00892	0.07359	0.00488
3	0.00847	0.00619	0.00714	0.03094	0.00863	0.02057	0.00502	0.06757	0.01195	0.03073	0.21336	0.15454	0.15996	0.17730	0.02928	0.00249	0.00382	0.00885	0.04855	0.00463
4	0.08423	0.05656	0.02418	0.04963	0.04966	0.07591	0.00827	0.14638	0.12685	0.06410	0.05377	0.04080	0.04539	0.02609	0.02029	0.00173	0.03758	0.00519	0.04538	0.03801
5	0.05894	0.02516	0.05179	0.00991	0.01237	0.17228	0.06127	0.08083	0.02993	0.02813	0.09212	0.12882	0.08432	0.07044	0.05333	0.00221	0.00591	0.00679	0.00373	0.02172
6	0.06062	0.00716	0.00801	0.00728	0.00931	0.00731	0.00562	0.04487	0.16779	0.09176	0.25190	0.06773	0.11881	0.00873	0.00521	0.00159	0.00315	0.00737	0.11992	0.00587
7	0.02682	0.11015	0.11438	0.01083	0.06888	0.02505	0.00892	0.11509	0.02835	0.02989	0.09399	0.11287	0.07631	0.06359	0.02121	0.00194	0.05839	0.00648	0.02080	0.00606
8	0.27476	0.00885	0.00997	0.00803	0.01148	0.00872	0.00660	0.05043	0.01274	0.46447	0.01543	0.01442	0.01026	0.00575	0.00436	0.00153	0.00407	0.00432	0.07648	0.00733
9	0.01922	0.01416	0.01518	0.01163	0.01568	0.01568	0.00961	0.77388	0.02378	0.03187	0.01214	0.01214	0.00860	0.00607	0.00506	0.00152	0.00556	0.00455	0.00506	0.00860
10	0.04422	0.05455	0.06420	0.00956	0.04115	0.11442	0.00754	0.04380	0.11431	0.04245	0.08599	0.15884	0.18064	0.00919	0.00532	0.00164	0.00453	0.00765	0.00416	0.00584
11	0.85801	0.00978	0.00743	0.00665	0.00978	0.01134	0.00548	0.01486	0.00861	0.02269	0.00704	0.00821	0.00548	0.00469	0.00313	0.00156	0.00391	0.00274	0.00313	0.00548
12	0.01402	0.75096	0.02537	0.00906	0.01322	0.09259	0.00876	0.01561	0.01065	0.01194	0.00710	0.00821	0.00649	0.00441	0.00337	0.00110	0.00575	0.00276	0.00220	0.00643
13	0.01187	0.02777	0.04969	0.45112	0.08303	0.02659	0.07023	0.09362	0.06489	0.04051	0.01048	0.01342	0.00785	0.00528	0.00530	0.00164	0.02265	0.00462	0.00290	0.00655
14	0.01659	0.01221	0.01299	0.01043	0.01364	0.02997	0.00830	0.51273	0.10811	0.05904	0.01435	0.04092	0.01160	0.11623	0.00788	0.00201	0.00524	0.00536	0.00479	0.00759
15	0.02932	0.01078	0.01786	0.04302	0.01819	0.00978	0.29447	0.03036	0.06111	0.01677	0.01073	0.02817	0.00868	0.00555	0.02956	0.00149	0.00600	0.00467	0.00301	0.37045
16	0.00852	0.00627	0.00772	0.00765	0.03147	0.00665	0.00511	0.06479	0.03374	0.01349	0.08131	0.02845	0.05633	0.42645	0.17674	0.00460	0.02607	0.00686	0.00346	0.00433
17	0.00726	0.00529	0.00748	0.00748	0.00816	0.00597	0.00552	0.00862	0.00794	0.01126	0.01413	0.02313	0.01406	0.23135	0.61076	0.00733	0.01141	0.00590	0.00280	0.00416
18	0.01317	0.01382	0.01922	0.23042	0.15825	0.15355	0.18043	0.07733	0.01244	0.01566	0.00922	0.01227	0.00727	0.00519	0.00606	0.00162	0.07025	0.00460	0.00265	0.00658
19	0.01378	0.04068	0.03571	0.08901	0.10176	0.26358	0.16197	0.06089	0.03606	0.01514	0.01113	0.08214	0.00985	0.00702	0.03021	0.00176	0.02479	0.00525	0.00293	0.00634
20	0.00943	0.00471	0.00471	0.00471	0.00589	0.00471	0.00353	0.01178	0.01060	0.01885	0.01650	0.01885	0.01296	0.00589	0.00353	0.00118	0.00236	0.00471	0.85036	0.00471
21	0.00720	0.00544	0.00729	0.08334	0.01036	0.00539	0.00584	0.03237	0.01147	0.01537	0.20317	0.43965	0.09431	0.01291	0.00615	0.00188	0.00330	0.04529	0.00467	0.00458
22	0.04215	0.05240	0.11985	0.08271	0.15636	0.02898	0.08532	0.08970	0.01254	0.11803	0.02772	0.04792	0.01112	0.02354	0.03070	0.00189	0.02172	0.03697	0.00343	0.00693
23	0.04854	0.03915	0.05784	0.06068	0.23064	0.16240	0.03454	0.04255	0.10837	0.01623	0.02588	0.08148	0.04135	0.02199	0.00540	0.00162	0.00596	0.00548	0.00325	0.00665
24	0.00933	0.00474	0.00486	0.00486	0.00602	0.00478	0.00365	0.01167	0.01050	0.01855	0.01637	0.01890	0.01295	0.00725	0.03746	0.00147	0.00283	0.00474	0.81435	0.00470
25	0.02747	0.01178	0.12345	0.22150	0.11429	0.01082	0.04271	0.05631	0.09072	0.01650	0.07280	0.03201	0.05061	0.00829	0.05281	0.00205	0.05084	0.00544	0.00319	0.00640
26	0.01327	0.07141	0.05155	0.13050	0.09214	0.11947	0.05812	0.12918	0.05997	0.04788	0.01459	0.06117	0.05563	0.02654	0.00584	0.00167	0.02296	0.02810	0.00346	0.00656
27	0.03158	0.06086	0.11692	0.05248	0.06242	0.10891	0.08886	0.14589	0.06189	0.10924	0.01474	0.05874	0.05241	0.00632	0.00505	0.00156	0.00604	0.00529	0.00373	0.00705
28	0.01671	0.03547	0.01407	0.06912	0.01614	0.53634	0.00965	0.10174	0.01444	0.01482	0.03353	0.01225	0.03256	0.00681	0.02937	0.00162	0.04236	0.00400	0.00298	0.00602
29	0.00943	0.00487	0.00510	0.03489	0.00698	0.00496	0.00393	0.01183	0.01059	0.01863	0.01621	0.01865	0.01273	0.00586	0.00359	0.00120	0.00252	0.00470	0.81858	0.00475
30	0.01336	0.15107	0.09138	0.04072	0.08726	0.02459	0.03328	0.16544	0.25003	0.01985	0.03077	0.01550	0.04291	0.00601	0.00483	0.00153	0.00527	0.00488	0.00386	0.00744
31	0.03150	0.10063	0.14316	0.04433	0.11882	0.15596	0.05607	0.04212	0.06387	0.09259	0.01230	0.05131	0.02458	0.00592	0.00525	0.00153	0.03523	0.00474	0.00320	0.00689
32	0.11918	0.44537	0.08493	0.00989	0.01398	0.14734	0.02364	0.04406	0.01140	0.03228	0.00805	0.00917	0.00672	0.00469	0.00374	0.00126	0.00599	0.00311	0.01875	0.00644
33	0.44985	0.00950	0.02529	0.00939	0.07744	0.02492	0.00687	0.01452	0.06216	0.03384	0.13571	0.01776	0.05500	0.00714	0.02058	0.00174	0.01667	0.02215	0.00372	0.00576

[dist]
# distance from previous block
# <min> <max>
4	27

[block]
# block no. 1 follows, 49 sequences, length 32
# corresponding to MSA columns:
# 103-134
name=unknown_B
#
# <colnr> <probs for GDERKNQSTAVLIFYWHMCP>
#	G	D	E	R	K	N	Q	S	T	A	V	L	I	F	Y	W	H	M	C	P
0	0.02928	0.02692	0.00856	0.00818	0.03755	0.03317	0.00568	0.03951	0.07965	0.03657	0.12196	0.23635	0.09044	0.14837	0.00894	0.00220	0.00386	0.00863	0.00425	0.06993
1	0.02607	0.04058	0.03959	0.00824	0.01004	0.04470	0.00647	0.15277	0.01191	0.01598	0.06027	0.05598	0.06718	0.21322	0.10699	0.07571	0.02760	0.00619	0.00353	0.02697
2	0.03103	0.09721	0.06005	0.00874	0.01083	0.06465	0.00724	0.06177	0.06531	0.04152	0.03404	0.30393	0.04293	0.01073	0.03178	0.00190	0.04162	0.00811	0.07102	0.00559
3	0.06034	0.01126	0.05805	0.19229	0.15136	0.02208	0.05934	0.13928	0.06640	0.01800	0.01476	0.03024	0.07912	0.03232	0.01947	0.02470	0.00581	0.00535	0.00332	0.00652
4	0.00758	0.03096	0.00810	0.04638	0.04281	0.00586	0.00604	0.00895	0.01049	0.03394	0.08876	0.47212	0.10917	0.03264	0.00687	0.00198	0.02533	0.05295	0.00441	0.00465
5	0.00735	0.00559	0.00665	0.00712	0.00798	0.00557	0.00495	0.01024	0.12537	0.01406	0.04859	0.45345	0.12017	0.12769	0.00892	0.00236	0.00336	0.03144	0.00455	0.00460
6	0.04397	0.00903	0.01371	0.08478	0.07189	0.02055	0.13508	0.08118	0.01156	0.05610	0.01615	0.19335	0.03139	0.06762	0.04645	0.01652	0.02809	0.02765	0.00358	0.04135
7	0.00866	0.00439	0.00655	0.00661	0.00662	0.00438	0.00441	0.00661	0.00673	0.00898	0.00969	0.05361	0.00996	0.01748	0.01913	0.81240	0.00432	0.00487	0.00231	0.00229
8	0.05057	0.03510	0.01426	0.13475	0.04618	0.08230	0.00980	0.31653	0.17453	0.02274	0.01240	0.01312	0.00927	0.00572	0.00483	0.00151	0.00558	0.00446	0.00407	0.05228
9	0.00989	0.00516	0.00521	0.00504	0.00636	0.00523	0.00382	0.04804	0.01123	0.01947	0.01629	0.01853	0.01275	0.00590	0.00361	0.00119	0.00251	0.00471	0.81014	0.00490
10	0.01315	0.02752	0.08663	0.04972	0.18843	0.04503	0.08989	0.09247	0.04443	0.10360	0.01479	0.05211	0.05948	0.00804	0.04652	0.00196	0.06024	0.00550	0.00348	0.00699
11	0.01256	0.52975	0.28552	0.01074	0.01607	0.04278	0.01207	0.01560	0.01054	0.01330	0.00774	0.00901	0.00646	0.00452	0.00381	0.00126	0.00623	0.00307	0.00217	0.00680
12	0.01229	0.27982	0.45588	0.01241	0.01829	0.11111	0.01441	0.01625	0.01100	0.01426	0.00827	0.00967	0.00645	0.00470	0.00428	0.00140	0.00702	0.00335	0.00220	0.00696
13	0.00943	0.00471	0.00471	0.00471	0.00589	0.00471	0.00353	0.01178	0.01060	0.01885	0.01650	0.01885	0.01296	0.00589	0.00353	0.00118	0.00236	0.00471	0.85036	0.00471
14	0.05565	0.01259	0.06309	0.16421	0.23683	0.01236	0.17718	0.13628	0.02921	0.01858	0.01069	0.01429	0.00850	0.00522	0.00520	0.00162	0.00650	0.03184	0.00302	0.00713
15	0.00722	0.00542	0.00813	0.00813	0.00903	0.00632	0.00632	0.00903	0.00813	0.01174	0.01354	0.01987	0.01264	0.03792	0.80225	0.00813	0.01354	0.00542	0.00271	0.00451
16	0.07283	0.18021	0.07651	0.03819	0.06191	0.06277	0.02771	0.08140	0.07353	0.02913	0.01383	0.01645	0.07349	0.00692	0.00652	0.02462	0.10621	0.03822	0.00318	0.00637
17	0.00943	0.00471	0.00471	0.00471	0.00589	0.00471	0.00353	0.01178	0.01060	0.01885	0.01650	0.01885	0.01296	0.00589	0.00353	0.00118	0.00236	0.00471	0.85036	0.00471
18	0.00852	0.00630	0.00838	0.00928	0.01063	0.00644	0.00800	0.01200	0.08797	0.01568	0.02692	0.05299	0.05136	0.01323	0.00677	0.00225	0.00453	0.65906	0.00471	0.00498
19	0.00888	0.00467	0.00696	0.00687	0.00687	0.00486	0.00467	0.00682	0.00664	0.00893	0.00869	0.01519	0.00869	0.01720	0.01963	0.81713	0.03837	0.00439	0.00220	0.00234
20	0.01174	0.12749	0.06806	0.29700	0.17143	0.01229	0.04411	0.05864	0.01153	0.04123	0.02973	0.01306	0.00855	0.00598	0.02952	0.00169	0.00631	0.00434	0.00273	0.05456
21	0.01265	0.01017	0.01098	0.00988	0.01265	0.01149	0.00774	0.02494	0.65642	0.06839	0.04563	0.02175	0.04246	0.00739	0.00526	0.00172	0.00395	0.03365	0.00519	0.00769
22	0.00788	0.00592	0.00738	0.00688	0.00830	0.00581	0.00520	0.01184	0.11603	0.02039	0.68633	0.03527	0.04343	0.00988	0.00586	0.00161	0.00260	0.00869	0.00551	0.00520
23	0.04365	0.31219	0.18303	0.01240	0.07335	0.10331	0.02825	0.04178	0.01136	0.03787	0.00976	0.02710	0.00855	0.02833	0.00525	0.00151	0.02975	0.03327	0.00267	0.00661
24	0.10629	0.03850	0.01138	0.01005	0.05671	0.03552	0.00749	0.06101	0.04140	0.25518	0.05167	0.05489	0.01364	0.05757	0.12863	0.00279	0.05107	0.00542	0.00426	0.00654
25	0.00726	0.00490	0.00571	0.00579	0.00587	0.00493	0.00339	0.00744	0.00757	0.01015	0.01664	0.08851	0.01910	0.71510	0.07333	0.00490	0.00531	0.00773	0.00316	0.00323
26	0.01084	0.01117	0.11497	0.03494	0.01404	0.05153	0.08895	0.01487	0.11308	0.08431	0.10467	0.15231	0.05835	0.06090	0.00740	0.00194	0.04363	0.02209	0.00402	0.00598
27	0.03086	0.08838	0.24095	0.06085	0.09003	0.06855	0.02720	0.19542	0.01428	0.07584	0.01198	0.01324	0.03607	0.01837	0.00513	0.00156	0.00628	0.00435	0.00334	0.00732
28	0.01110	0.01052	0.01550	0.45474	0.12002	0.06425	0.02682	0.01379	0.01034	0.04036	0.00978	0.04211	0.00815	0.00658	0.02106	0.00184	0.12970	0.00482	0.00254	0.00596
29	0.52731	0.04312	0.01164	0.01008	0.04507	0.16650	0.05025	0.03610	0.03847	0.01983	0.00810	0.00936	0.00639	0.00486	0.00377	0.00151	0.00538	0.00325	0.00306	0.00594
30	0.00777	0.00473	0.00684	0.03476	0.00807	0.00485	0.00501	0.00732	0.00785	0.01057	0.01526	0.24462	0.01677	0.06300	0.12665	0.41676	0.00538	0.00753	0.00303	0.00323
31	0.03532	0.10814	0.06178	0.06261	0.17732	0.07378	0.10116	0.05335	0.05093	0.01629	0.01058	0.02975	0.00901	0.00535	0.00508	0.00144	0.02950	0.03154	0.00291	0.13416

[dist]
# distance from previous block
# <min> <max>
0	12

[block]
# block no. 2 follows, 49 sequences, length 46
# corresponding to MSA columns:
# 147-172,199-218
name=unknown_C
#
# <colnr> <probs for GDERKNQSTAVLIFYWHMCP>
#	G	D	E	R	K	N	Q	S	T	A	V	L	I	F	Y	W	H	M	C	P
0	0.00754	0.00594	0.00703	0.00666	0.00828	0.00557	0.00500	0.01069	0.09229	0.01731	0.35559	0.11956	0.22977	0.01173	0.03432	0.00186	0.00315	0.00918	0.00492	0.06358
1	0.01032	0.00861	0.01002	0.00729	0.01148	0.00656	0.00581	0.01258	0.01061	0.01674	0.03313	0.01182	0.00904	0.00408	0.00380	0.00080	0.00362	0.00329	0.05438	0.77603
2	0.01169	0.01279	0.02672	0.02219	0.16203	0.01212	0.59047	0.01552	0.01172	0.01606	0.01117	0.06220	0.00929	0.00501	0.00583	0.00169	0.00774	0.00622	0.00268	0.00687
3	0.00805	0.00606	0.00605	0.00597	0.00613	0.05316	0.00347	0.00813	0.00778	0.00996	0.01544	0.03164	0.01767	0.77282	0.02446	0.00468	0.00516	0.00711	0.00304	0.00323
4	0.00966	0.00898	0.01232	0.01102	0.01138	0.02635	0.00891	0.01094	0.00798	0.01188	0.00961	0.01540	0.00942	0.06809	0.28861	0.00440	0.47263	0.00492	0.00244	0.00504
5	0.80650	0.00948	0.00732	0.00658	0.00952	0.01095	0.00533	0.01441	0.00853	0.02191	0.00758	0.00972	0.00626	0.05420	0.00450	0.00177	0.00397	0.00302	0.00313	0.00533
6	0.01241	0.01204	0.02096	0.04913	0.72634	0.01204	0.06131	0.01550	0.01151	0.01641	0.00954	0.01261	0.00796	0.00450	0.00507	0.00152	0.00618	0.00459	0.00250	0.00788
7	0.00878	0.00439	0.00659	0.00659	0.00659	0.00439	0.00439	0.00659	0.00659	0.00878	0.00878	0.01537	0.00878	0.01757	0.01976	0.85288	0.00439	0.00439	0.00220	0.00220
8	0.01049	0.00899	0.01049	0.00749	0.01198	0.00674	0.00599	0.01273	0.01049	0.01648	0.00899	0.01049	0.00749	0.00374	0.00374	0.00075	0.00374	0.00300	0.00300	0.85320
9	0.00735	0.00490	0.00552	0.00552	0.00552	0.00490	0.00306	0.00735	0.00735	0.00980	0.01593	0.03309	0.01838	0.82229	0.02574	0.00490	0.00490	0.00735	0.00306	0.00306
10	0.00762	0.00669	0.03652	0.02846	0.08254	0.00567	0.00614	0.00964	0.01230	0.03220	0.27446	0.07260	0.37159	0.01065	0.00578	0.00165	0.00316	0.00915	0.01815	0.00502
11	0.00967	0.00911	0.01539	0.77825	0.06576	0.01127	0.01410	0.01303	0.01017	0.01307	0.00901	0.01344	0.00679	0.00503	0.00505	0.00168	0.00671	0.00449	0.00226	0.00572
12	0.00696	0.00512	0.00627	0.00660	0.00741	0.00492	0.00476	0.00792	0.01016	0.01326	0.08469	0.25533	0.24807	0.12393	0.01019	0.06118	0.03235	0.08570	0.02113	0.00405
13	0.00716	0.00484	0.00608	0.00671	0.00708	0.00467	0.00449	0.00789	0.00913	0.02751	0.02342	0.40638	0.03949	0.32419	0.01386	0.00316	0.00390	0.09209	0.00410	0.00386
14	0.75174	0.00940	0.00737	0.00664	0.00959	0.01083	0.00542	0.01510	0.04041	0.02230	0.00839	0.00955	0.00652	0.00488	0.00325	0.00154	0.00378	0.00303	0.07476	0.00552
15	0.00706	0.00496	0.00602	0.00660	0.00760	0.00462	0.00497	0.00862	0.01093	0.01484	0.08424	0.30155	0.21512	0.02519	0.00628	0.00191	0.00308	0.15513	0.12691	0.00437
16	0.01194	0.01364	0.02984	0.02131	0.02643	0.01279	0.77238	0.01620	0.01194	0.01620	0.01023	0.01364	0.00767	0.00426	0.00597	0.00171	0.00853	0.00597	0.00256	0.00682
17	0.01014	0.02616	0.79609	0.01441	0.02189	0.01174	0.01868	0.01601	0.01068	0.01601	0.00907	0.01068	0.00641	0.00480	0.00480	0.00160	0.00747	0.00374	0.00214	0.00747
18	0.01036	0.00884	0.01034	0.00745	0.01181	0.00667	0.00595	0.01261	0.01063	0.01662	0.03871	0.01153	0.00902	0.00400	0.00383	0.00078	0.00369	0.00323	0.00309	0.82084
19	0.05286	0.00875	0.01156	0.00897	0.01280	0.00781	0.00739	0.02439	0.04978	0.73014	0.01951	0.01696	0.01239	0.00623	0.00502	0.00157	0.00427	0.00503	0.00609	0.00846
20	0.01922	0.01416	0.01518	0.01163	0.01568	0.01568	0.00961	0.77388	0.02378	0.03187	0.01214	0.01214	0.00860	0.00607	0.00506	0.00152	0.00556	0.00455	0.00506	0.00860
21	0.00846	0.00614	0.00765	0.00710	0.00863	0.00605	0.00542	0.01262	0.12979	0.04327	0.63078	0.03479	0.04134	0.00978	0.00584	0.00163	0.00274	0.02708	0.00550	0.00537
22	0.00724	0.00513	0.00609	0.00640	0.00728	0.00479	0.00438	0.00870	0.03962	0.04058	0.08198	0.35754	0.22215	0.17255	0.00999	0.00246	0.00328	0.01105	0.00450	0.00429
23	0.01010	0.00557	0.00663	0.00614	0.00684	0.00536	0.00385	0.01045	0.00863	0.15017	0.01665	0.03025	0.01733	0.67627	0.02204	0.00431	0.00480	0.00695	0.00364	0.00406
24	0.01922	0.01416	0.01518	0.01163	0.01568	0.01568	0.00961	0.77388	0.02378	0.03187	0.01214	0.01214	0.00860	0.00607	0.00506	0.00152	0.00556	0.00455	0.00506	0.00860
25	0.00676	0.00495	0.00582	0.00615	0.00716	0.00446	0.00436	0.00796	0.01084	0.02786	0.12646	0.29780	0.31489	0.10188	0.00828	0.00217	0.00302	0.03716	0.01777	0.00424
26	0.00710	0.00487	0.00624	0.00706	0.00764	0.00464	0.00483	0.00850	0.03673	0.03736	0.02723	0.63865	0.06149	0.07378	0.00772	0.00221	0.00319	0.03740	0.01902	0.00434
27	0.01889	0.02410	0.01433	0.01303	0.01563	0.80199	0.00977	0.02019	0.01433	0.01238	0.00782	0.00912	0.00651	0.00521	0.00456	0.00130	0.00912	0.00326	0.00261	0.00586
28	0.02373	0.00477	0.00571	0.00625	0.00648	0.00464	0.00389	0.00735	0.00856	0.01160	0.02207	0.40186	0.04076	0.41104	0.01583	0.00343	0.00391	0.01063	0.00386	0.00363
29	0.07151	0.00658	0.00840	0.00765	0.00948	0.00661	0.02144	0.04064	0.01097	0.15178	0.05936	0.10432	0.14059	0.06570	0.24361	0.00378	0.00663	0.00716	0.02846	0.00536
30	0.03068	0.00821	0.01034	0.00863	0.01161	0.00781	0.00702	0.07256	0.08909	0.40938	0.14375	0.02573	0.06986	0.00804	0.00542	0.00166	0.00397	0.07334	0.00566	0.00725
31	0.01199	0.01231	0.01574	0.01339	0.01402	0.08138	0.03982	0.02950	0.04463	0.01317	0.00763	0.01138	0.00712	0.00822	0.01441	0.00208	0.66051	0.00445	0.00245	0.00579
32	0.00844	0.00536	0.00694	0.00698	0.00802	0.00516	0.00511	0.02015	0.01038	0.07645	0.09958	0.21221	0.15005	0.10028	0.11388	0.09603	0.00484	0.06155	0.00421	0.00440
33	0.01084	0.00969	0.01290	0.13840	0.14198	0.05561	0.02496	0.03965	0.12062	0.02915	0.07821	0.02274	0.05561	0.01141	0.10843	0.00254	0.04640	0.08113	0.00358	0.00615
34	0.04086	0.00718	0.03827	0.00918	0.01072	0.02242	0.00805	0.02526	0.01153	0.02877	0.03861	0.07837	0.02543	0.01354	0.03266	0.02368	0.00496	0.55598	0.01964	0.00487
35	0.00793	0.00577	0.00808	0.00802	0.00876	0.00627	0.01818	0.00906	0.00904	0.04412	0.02046	0.28981	0.07147	0.09064	0.26515	0.03667	0.08370	0.00880	0.00361	0.00445
36	0.02852	0.01017	0.01602	0.29184	0.18135	0.04055	0.09484	0.04593	0.01094	0.01470	0.01116	0.07176	0.01004	0.00725	0.00703	0.07716	0.03921	0.03286	0.00274	0.00593
37	0.01136	0.01258	0.09395	0.15012	0.45217	0.02694	0.06689	0.01464	0.01123	0.01567	0.03855	0.03303	0.00983	0.00630	0.03369	0.00180	0.00657	0.00495	0.00260	0.00711
38	0.00777	0.00510	0.00603	0.00603	0.00643	0.00505	0.00381	0.00820	0.00827	0.03872	0.01957	0.06988	0.07743	0.60288	0.07968	0.00454	0.00525	0.03837	0.00342	0.00358
39	0.01007	0.00917	0.01520	0.46929	0.20209	0.01047	0.02647	0.01319	0.03315	0.01382	0.01107	0.04572	0.00963	0.03557	0.00661	0.04122	0.00613	0.03262	0.00260	0.00591
40	0.01227	0.01194	0.06200	0.24349	0.27264	0.04365	0.02859	0.07900	0.06840	0.04307	0.01212	0.04412	0.01012	0.00591	0.00517	0.00163	0.00607	0.03974	0.00313	0.00696
41	0.01161	0.07903	0.40181	0.07772	0.14241	0.02843	0.07272	0.03017	0.06222	0.03214	0.01009	0.01189	0.00755	0.00490	0.00486	0.00156	0.00682	0.00417	0.00258	0.00734
42	0.00709	0.00520	0.00646	0.00626	0.00731	0.00489	0.00452	0.00912	0.02787	0.01726	0.50039	0.08798	0.13205	0.12790	0.03158	0.00230	0.00315	0.00924	0.00495	0.00448
43	0.03572	0.04353	0.01537	0.45502	0.08105	0.06026	0.02769	0.07249	0.02364	0.01550	0.00927	0.01237	0.00717	0.00490	0.00474	0.00149	0.00621	0.00415	0.00267	0.11674
44	0.02399	0.02215	0.01191	0.10400	0.08756	0.01930	0.01920	0.10883	0.02388	0.04993	0.07212	0.04723	0.03696	0.10014	0.00716	0.00174	0.00468	0.00532	0.01657	0.23734
45	0.08314	0.29913	0.01789	0.01192	0.10214	0.03877	0.00902	0.10855	0.21703	0.03081	0.01193	0.01263	0.00954	0.02148	0.00467	0.00148	0.00508	0.00408	0.00352	0.00718

[dist]
# distance from previous block
# <min> <max>
0	2

[block]
# block no. 3 follows, 49 sequences, length 58
# corresponding to MSA columns:
# 221-278
name=unknown_D
#
# <colnr> <probs for GDERKNQSTAVLIFYWHMCP>
#	G	D	E	R	K	N	Q	S	T	A	V	L	I	F	Y	W	H	M	C	P
0	0.03679	0.04391	0.02448	0.02681	0.01411	0.11070	0.00860	0.31772	0.05391	0.12309	0.01343	0.04133	0.01060	0.02156	0.08661	0.00222	0.00641	0.01559	0.00429	0.03784
1	0.01065	0.00940	0.01047	0.00769	0.01196	0.03713	0.00609	0.01281	0.01060	0.01619	0.00963	0.03968	0.00839	0.00424	0.00387	0.00082	0.00392	0.00342	0.00304	0.79000
2	0.00913	0.00691	0.00795	0.00853	0.00974	0.05170	0.00698	0.03667	0.02941	0.01553	0.02310	0.12678	0.02446	0.06932	0.00757	0.00223	0.00447	0.44330	0.11144	0.00477
3	0.00785	0.00578	0.00787	0.03324	0.02905	0.00624	0.00577	0.03488	0.00961	0.01349	0.10497	0.05499	0.04637	0.20216	0.38086	0.00537	0.00850	0.00669	0.03183	0.00447
4	0.05942	0.00743	0.00970	0.01133	0.13483	0.03375	0.00712	0.02821	0.03255	0.01370	0.01541	0.15253	0.03860	0.04969	0.12784	0.20028	0.00587	0.03512	0.00320	0.03342
5	0.00792	0.00526	0.00648	0.00670	0.00772	0.00488	0.00477	0.00942	0.02841	0.07206	0.13257	0.32968	0.17576	0.13302	0.00905	0.00232	0.00330	0.05147	0.00470	0.00453
6	0.00913	0.00461	0.00672	0.00665	0.00681	0.00462	0.00449	0.00748	0.02251	0.02345	0.00946	0.01558	0.00911	0.01679	0.01870	0.79398	0.00432	0.00444	0.02863	0.00251
7	0.01181	0.01061	0.02313	0.03028	0.03147	0.01299	0.02161	0.11523	0.12724	0.02634	0.01266	0.06383	0.02604	0.02778	0.06005	0.00240	0.38144	0.00552	0.00335	0.00623
8	0.05929	0.00565	0.00697	0.00684	0.00807	0.00564	0.00504	0.01002	0.00984	0.08595	0.06231	0.13232	0.15415	0.14936	0.19414	0.03972	0.00591	0.03318	0.02106	0.00454
9	0.00762	0.00557	0.00702	0.00686	0.00707	0.00617	0.00457	0.00815	0.00766	0.01057	0.01510	0.06387	0.01676	0.54524	0.18574	0.00519	0.08323	0.00699	0.00298	0.00365
10	0.10175	0.01026	0.01118	0.00911	0.01231	0.02135	0.00735	0.25569	0.11240	0.22155	0.06091	0.01757	0.03932	0.02632	0.00534	0.00162	0.00438	0.00518	0.06903	0.00738
11	0.02777	0.00573	0.00727	0.00720	0.00871	0.00532	0.00554	0.01107	0.01167	0.13906	0.14709	0.21722	0.18685	0.03414	0.04849	0.00226	0.00388	0.12077	0.00489	0.00507
12	0.00719	0.00550	0.00643	0.00618	0.00763	0.00512	0.00464	0.00998	0.06615	0.01781	0.43254	0.06847	0.28942	0.01095	0.00584	0.00164	0.00258	0.00944	0.03771	0.00480
13	0.03362	0.00670	0.00690	0.00617	0.00794	0.00701	0.00478	0.15571	0.01298	0.03367	0.01546	0.01781	0.01214	0.03633	0.00466	0.00140	0.00313	0.00474	0.62338	0.00547
14	0.00831	0.00618	0.03358	0.00756	0.00891	0.00541	0.00598	0.03797	0.01132	0.05994	0.04599	0.37409	0.14782	0.02336	0.00638	0.00197	0.00353	0.15825	0.04863	0.00482
15	0.01668	0.02046	0.01431	0.01288	0.01481	0.59583	0.00989	0.01792	0.01267	0.01235	0.00823	0.03696	0.00745	0.00640	0.00737	0.00154	0.19204	0.00390	0.00259	0.00573
16	0.36626	0.00918	0.00965	0.00788	0.01126	0.00943	0.00647	0.07371	0.01242	0.35945	0.01378	0.01326	0.00936	0.00557	0.00415	0.00153	0.00408	0.00405	0.07149	0.00701
17	0.00878	0.00439	0.00659	0.00659	0.00659	0.00439	0.00439	0.00659	0.00659	0.00878	0.00878	0.01537	0.00878	0.01757	0.01976	0.85288	0.00439	0.00439	0.00220	0.00220
18	0.00735	0.00525	0.00588	0.00582	0.00689	0.00482	0.00399	0.00859	0.02763	0.04303	0.10520	0.11585	0.34179	0.28123	0.01253	0.00279	0.00346	0.00946	0.00431	0.00415
19	0.00880	0.00440	0.00654	0.00654	0.00657	0.00440	0.00437	0.00672	0.00669	0.00904	0.00898	0.01546	0.00889	0.01727	0.01935	0.83100	0.00434	0.00440	0.02398	0.00226
20	0.01922	0.01416	0.01518	0.01163	0.01568	0.01568	0.00961	0.77388	0.02378	0.03187	0.01214	0.01214	0.00860	0.00607	0.00506	0.00152	0.00556	0.00455	0.00506	0.00860
21	0.01632	0.01005	0.01161	0.00968	0.01291	0.01048	0.00785	0.20021	0.23966	0.25880	0.03307	0.02218	0.07388	0.00753	0.00532	0.00167	0.00438	0.06127	0.00540	0.00774
22	0.00658	0.00513	0.00594	0.00584	0.00722	0.00453	0.00436	0.00832	0.01257	0.01645	0.36834	0.07332	0.40305	0.03037	0.00646	0.00176	0.00260	0.02767	0.00503	0.00446
23	0.00735	0.00490	0.00552	0.00552	0.00552	0.00490	0.00306	0.00735	0.00735	0.00980	0.01593	0.03309	0.01838	0.82229	0.02574	0.00490	0.00490	0.00735	0.00306	0.00306
24	0.01106	0.01106	0.01549	0.01328	0.01328	0.01549	0.01106	0.01217	0.00774	0.01217	0.00664	0.01106	0.00664	0.00885	0.01659	0.00221	0.81303	0.00443	0.00221	0.00553
25	0.07459	0.00988	0.01146	0.00954	0.01286	0.01022	0.00776	0.13744	0.23314	0.32942	0.01931	0.02001	0.03181	0.00702	0.00513	0.00166	0.00437	0.06116	0.00539	0.00782
26	0.00959	0.00895	0.01526	0.76189	0.03364	0.01104	0.03356	0.01279	0.01004	0.01286	0.00901	0.01355	0.00684	0.00546	0.00558	0.03092	0.00671	0.00453	0.00225	0.00553
27	0.01340	0.79788	0.05293	0.00885	0.01328	0.01972	0.00900	0.01517	0.01029	0.01204	0.00710	0.00820	0.00649	0.00434	0.00330	0.00110	0.00548	0.00274	0.00216	0.00652
28	0.01038	0.00901	0.01017	0.08336	0.07630	0.06683	0.00740	0.01554	0.24315	0.01499	0.01675	0.11351	0.01587	0.21013	0.02911	0.02399	0.00506	0.00666	0.03618	0.00560
29	0.01167	0.05465	0.04082	0.00838	0.01249	0.00848	0.00708	0.07965	0.03164	0.05302	0.01136	0.04029	0.00972	0.00620	0.03306	0.00129	0.00452	0.02913	0.00341	0.55314
30	0.00731	0.00522	0.00597	0.00623	0.00658	0.01863	0.00392	0.00793	0.02389	0.01162	0.05848	0.24469	0.07434	0.43709	0.01716	0.05019	0.00412	0.00929	0.00372	0.00361
31	0.01258	0.01086	0.01143	0.01029	0.01315	0.01258	0.00800	0.02687	0.78161	0.02115	0.02058	0.01887	0.01544	0.00686	0.00515	0.00172	0.00400	0.00572	0.00515	0.00800
32	0.01014	0.02616	0.79609	0.01441	0.02189	0.01174	0.01868	0.01601	0.01068	0.01601	0.00907	0.01068	0.00641	0.00480	0.00480	0.00160	0.00747	0.00374	0.00214	0.00747
33	0.00847	0.00536	0.00703	0.00758	0.03446	0.00505	0.00507	0.00961	0.01052	0.08167	0.14862	0.32415	0.05490	0.17948	0.01054	0.02948	0.00357	0.04495	0.02499	0.00451
34	0.00770	0.00547	0.00752	0.00861	0.00952	0.00542	0.00712	0.00958	0.01096	0.01433	0.02628	0.20844	0.02927	0.06778	0.00812	0.00244	0.00433	0.55812	0.00456	0.00444
35	0.01352	0.82533	0.02650	0.00865	0.01298	0.02001	0.00865	0.01514	0.01027	0.01190	0.00703	0.00811	0.00649	0.00433	0.00324	0.00108	0.00541	0.00270	0.00216	0.00649
36	0.00722	0.00542	0.00813	0.00813	0.00903	0.00632	0.00632	0.00903	0.00813	0.01174	0.01354	0.01987	0.01264	0.03792	0.80225	0.00813	0.01354	0.00542	0.00271	0.00451
37	0.03699	0.00924	0.01074	0.00889	0.01167	0.00946	0.00701	0.24753	0.07163	0.22241	0.12550	0.08844	0.04459	0.07398	0.00697	0.00188	0.00426	0.00663	0.00519	0.00697
38	0.03779	0.00683	0.00714	0.00643	0.00798	0.00718	0.00477	0.16604	0.01250	0.01949	0.01557	0.04726	0.01369	0.18073	0.00868	0.00209	0.00362	0.00551	0.44155	0.00516
39	0.04859	0.00864	0.01160	0.00892	0.01281	0.00755	0.00737	0.02434	0.01429	0.77032	0.01955	0.01693	0.01230	0.00621	0.00502	0.00156	0.00429	0.00501	0.00616	0.00851
40	0.00713	0.00501	0.00648	0.00666	0.00702	0.00528	0.00445	0.00789	0.00798	0.01095	0.01690	0.14740	0.01865	0.42571	0.29460	0.00560	0.00763	0.00774	0.00319	0.00373
41	0.09093	0.01200	0.01299	0.01022	0.01390	0.01294	0.00838	0.48348	0.06613	0.15474	0.02613	0.01485	0.03724	0.00632	0.00491	0.00154	0.00489	0.00484	0.02559	0.00799
42	0.00783	0.00590	0.00753	0.00812	0.00950	0.00577	0.00681	0.01067	0.05879	0.01579	0.12199	0.05062	0.19491	0.01285	0.00653	0.00207	0.00389	0.46084	0.00480	0.00479
43	0.00725	0.00537	0.00678	0.00639	0.00769	0.00501	0.00481	0.00997	0.04182	0.01972	0.69457	0.03806	0.11265	0.01043	0.00594	0.00161	0.00246	0.00916	0.00547	0.00484
44	0.00668	0.00488	0.00627	0.00720	0.00778	0.00466	0.00507	0.00821	0.03700	0.01351	0.04344	0.59740	0.08534	0.05204	0.00731	0.00217	0.00322	0.09887	0.00465	0.00428
45	0.02892	0.00770	0.00901	0.00831	0.01035	0.00818	0.00655	0.05529	0.21690	0.11144	0.06417	0.02679	0.04752	0.07721	0.10109	0.00271	0.00508	0.10817	0.09851	0.00610
46	0.01287	0.00978	0.01035	0.00928	0.01142	0.05498	0.00710	0.28086	0.08307	0.04665	0.01914	0.28872	0.01913	0.05928	0.00679	0.00193	0.00452	0.03693	0.03092	0.00626
47	0.00751	0.00481	0.00602	0.00650	0.00694	0.00467	0.00427	0.00832	0.00910	0.04237	0.02194	0.42183	0.02488	0.27654	0.05924	0.00324	0.00420	0.01043	0.07316	0.00402
48	0.00741	0.00539	0.00763	0.00759	0.00847	0.00605	0.00580	0.00909	0.00890	0.01291	0.07505	0.05136	0.04585	0.05808	0.56373	0.02301	0.02886	0.00620	0.06416	0.00445
49	0.05197	0.00736	0.00805	0.00697	0.00920	0.00755	0.00550	0.12191	0.06791	0.14504	0.07076	0.01850	0.01456	0.00630	0.00426	0.00137	0.00331	0.00504	0.43826	0.00615
50	0.01025	0.00609	0.00820	0.00851	0.01010	0.00578	0.00713	0.01224	0.01190	0.14846	0.04718	0.10025	0.09625	0.04082	0.00716	0.00219	0.00424	0.46313	0.00491	0.00521
51	0.12701	0.00554	0.00625	0.00647	0.00770	0.00541	0.00474	0.00914	0.01123	0.01677	0.24586	0.31148	0.15465	0.01184	0.00569	0.00178	0.00288	0.02948	0.03155	0.00455
52	0.00782	0.00550	0.00731	0.00780	0.00880	0.00538	0.00614	0.00956	0.01146	0.04236	0.17103	0.25567	0.09931	0.03440	0.00731	0.00210	0.03076	0.27793	0.00477	0.00462
53	0.00955	0.00899	0.01517	0.81013	0.03483	0.01123	0.01404	0.01292	0.01011	0.01292	0.00899	0.01348	0.00674	0.00506	0.00506	0.00169	0.00674	0.00449	0.00225	0.00562
54	0.00704	0.00531	0.00650	0.00695	0.00804	0.00502	0.00527	0.00902	0.03993	0.01480	0.14619	0.23381	0.23644	0.07148	0.00771	0.00215	0.00333	0.18185	0.00472	0.00445
55	0.03813	0.00629	0.00738	0.00764	0.00877	0.00646	0.00550	0.03714	0.13657	0.03521	0.02486	0.41640	0.06572	0.11471	0.00848	0.00231	0.00362	0.06526	0.00456	0.00498
56	0.01016	0.00903	0.01157	0.02452	0.06724	0.04842	0.00844	0.06395	0.01017	0.01430	0.01397	0.09490	0.04749	0.01726	0.24330	0.00368	0.23509	0.00590	0.03833	0.03230
57	0.05256	0.02604	0.06247	0.19700	0.24830	0.05107	0.03339	0.04594	0.03900	0.04251	0.01016	0.01307	0.00812	0.00721	0.04562	0.02378	0.06028	0.00443	0.02242	0.00663

[dist]
# distance from previous block
# <min> <max>
1	9

[block]
# block no. 4 follows, 49 sequences, length 25
# corresponding to MSA columns:
# 288-312
name=unknown_E
#
# <colnr> <probs for GDERKNQSTAVLIFYWHMCP>
#	G	D	E	R	K	N	Q	S	T	A	V	L	I	F	Y	W	H	M	C	P
0	0.03303	0.01169	0.01526	0.22132	0.16676	0.12760	0.08294	0.04328	0.03207	0.01485	0.01279	0.05848	0.04840	0.02689	0.02120	0.04248	0.00642	0.00533	0.00288	0.02632
1	0.03730	0.00784	0.01134	0.07418	0.19852	0.00779	0.02650	0.01185	0.03808	0.03605	0.06863	0.12581	0.12862	0.11218	0.02878	0.00222	0.00473	0.02547	0.00364	0.05047
2	0.00899	0.00574	0.00745	0.00772	0.02933	0.00540	0.00546	0.01099	0.04092	0.11257	0.18954	0.31418	0.12261	0.04978	0.04225	0.00223	0.00367	0.03122	0.00487	0.00507
3	0.01092	0.00876	0.01161	0.13977	0.12618	0.00946	0.00862	0.10638	0.13845	0.03488	0.07678	0.08800	0.05151	0.15587	0.00906	0.00225	0.00481	0.00670	0.00391	0.00607
4	0.08828	0.00741	0.00783	0.00742	0.00917	0.04655	0.00556	0.01326	0.09785	0.10099	0.20428	0.17342	0.12796	0.06278	0.00684	0.00192	0.00359	0.02476	0.00476	0.00537
5	0.03198	0.00646	0.00755	0.00724	0.00882	0.00639	0.00536	0.03933	0.12160	0.07438	0.21980	0.23504	0.15552	0.04884	0.00672	0.00190	0.00320	0.00954	0.00499	0.00533
6	0.00685	0.00535	0.00617	0.00627	0.00731	0.00509	0.00450	0.00837	0.03158	0.01390	0.13151	0.16955	0.34829	0.16050	0.01003	0.00238	0.02985	0.04381	0.00444	0.00425
7	0.01314	0.00996	0.01102	0.00972	0.01239	0.01097	0.00765	0.18012	0.38560	0.06658	0.07545	0.10684	0.03398	0.00834	0.00543	0.00172	0.00412	0.04455	0.00514	0.00727
8	0.02362	0.00621	0.00727	0.00695	0.00844	0.00609	0.00510	0.06007	0.05777	0.06776	0.13943	0.26539	0.04355	0.06578	0.00668	0.00184	0.00323	0.00862	0.17277	0.04342
9	0.21142	0.00670	0.00718	0.00676	0.00872	0.00660	0.00515	0.01208	0.01081	0.12109	0.09812	0.18255	0.14297	0.05890	0.00633	0.00187	0.00343	0.03601	0.03756	0.03574
10	0.00915	0.00605	0.00701	0.00662	0.00788	0.00632	0.00487	0.08034	0.02729	0.01596	0.01765	0.05186	0.06047	0.18437	0.19554	0.00368	0.00591	0.00609	0.27537	0.02756
11	0.03141	0.00571	0.00693	0.00686	0.00816	0.00540	0.00498	0.04812	0.01202	0.08325	0.20011	0.33842	0.14837	0.04968	0.00682	0.00193	0.00311	0.01048	0.02335	0.00490
12	0.06625	0.00962	0.01086	0.00927	0.01201	0.01013	0.00733	0.29242	0.08416	0.14677	0.04969	0.20882	0.03685	0.00893	0.00539	0.00170	0.00427	0.02356	0.00506	0.00694
13	0.00811	0.00550	0.00677	0.00667	0.00752	0.00555	0.00466	0.00964	0.04212	0.05179	0.07581	0.07906	0.11084	0.35641	0.17457	0.00437	0.00599	0.03664	0.00377	0.00423
14	0.00699	0.00490	0.00631	0.00663	0.00695	0.00506	0.00438	0.00771	0.00820	0.01118	0.01859	0.24667	0.02102	0.39064	0.22719	0.00497	0.00666	0.00878	0.00342	0.00374
15	0.04790	0.00599	0.00732	0.00683	0.00852	0.00574	0.00521	0.02570	0.01179	0.13400	0.19604	0.10954	0.19760	0.04103	0.13117	0.00277	0.00473	0.00817	0.04476	0.00518
16	0.01494	0.01614	0.03427	0.01204	0.03280	0.34777	0.03615	0.06936	0.14064	0.04376	0.02740	0.01568	0.02088	0.03623	0.08626	0.00229	0.03032	0.02329	0.00345	0.00632
17	0.01036	0.01002	0.01413	0.01233	0.01249	0.01380	0.01019	0.01159	0.00781	0.01209	0.00791	0.01268	0.00774	0.01420	0.16118	0.00330	0.66590	0.00461	0.00230	0.00534
18	0.01009	0.00591	0.00739	0.00704	0.00831	0.00557	0.00501	0.04924	0.01164	0.14825	0.16518	0.27837	0.06685	0.19534	0.01041	0.00248	0.00363	0.00954	0.00477	0.00500
19	0.03618	0.00963	0.01134	0.05889	0.01371	0.01020	0.00787	0.17732	0.21019	0.20425	0.09862	0.06076	0.04501	0.00759	0.00528	0.00165	0.00431	0.02473	0.00515	0.00731
20	0.00809	0.00670	0.00977	0.00929	0.00996	0.00839	0.00737	0.00970	0.00809	0.01188	0.01243	0.04573	0.01196	0.03035	0.59055	0.00653	0.20030	0.00550	0.00266	0.00474
21	0.00615	0.00445	0.00582	0.00691	0.00730	0.00412	0.00464	0.00706	0.00981	0.01296	0.02947	0.76637	0.08503	0.01563	0.00642	0.00203	0.00291	0.01412	0.00469	0.00412
22	0.02825	0.00883	0.01068	0.00944	0.02502	0.00957	0.00720	0.27187	0.03548	0.06821	0.03368	0.08304	0.03137	0.01401	0.11120	0.20172	0.03493	0.00574	0.00396	0.00581
23	0.01144	0.00934	0.03876	0.02923	0.04699	0.00939	0.00780	0.21141	0.12317	0.02010	0.12009	0.15854	0.03906	0.04862	0.00728	0.04342	0.00437	0.06032	0.00452	0.00615
24	0.62646	0.04988	0.00875	0.00709	0.01009	0.03238	0.00582	0.01526	0.04849	0.04864	0.05714	0.01295	0.04928	0.00561	0.00366	0.00155	0.00398	0.00378	0.00351	0.00567

[dist]
# distance from previous block
# <min> <max>
0	2

[block]
# block no. 5 follows, 49 sequences, length 15
# corresponding to MSA columns:
# 320-332,334,335
name=unknown_F
#
# <colnr> <probs for GDERKNQSTAVLIFYWHMCP>
#	G	D	E	R	K	N	Q	S	T	A	V	L	I	F	Y	W	H	M	C	P
0	0.01107	0.02568	0.04556	0.31085	0.25332	0.03341	0.06556	0.02727	0.01112	0.02845	0.02931	0.04069	0.01008	0.00708	0.03953	0.00192	0.02105	0.02886	0.00272	0.00646
1	0.00674	0.00497	0.00559	0.00567	0.00641	0.00465	0.00372	0.00749	0.00952	0.01221	0.07934	0.11389	0.29220	0.37904	0.04418	0.00341	0.00405	0.00924	0.00394	0.00375
2	0.01603	0.45510	0.02099	0.01051	0.01421	0.29157	0.00915	0.10247	0.01321	0.01432	0.00788	0.00892	0.00674	0.00483	0.00391	0.00121	0.00672	0.00310	0.00264	0.00651
3	0.00722	0.00542	0.00813	0.00813	0.00903	0.00632	0.00632	0.00903	0.00813	0.01174	0.01354	0.01987	0.01264	0.03792	0.80225	0.00813	0.01354	0.00542	0.00271	0.00451
4	0.26585	0.09529	0.05168	0.05552	0.06774	0.01285	0.02879	0.17494	0.02730	0.10930	0.01066	0.02651	0.00814	0.00555	0.00482	0.00155	0.03884	0.00408	0.00366	0.00693
5	0.00712	0.00526	0.00765	0.00778	0.00853	0.00595	0.00585	0.00866	0.00823	0.01170	0.01537	0.11114	0.01549	0.10359	0.64502	0.00716	0.01160	0.00660	0.00296	0.00434
6	0.01889	0.02410	0.01433	0.01303	0.01563	0.80199	0.00977	0.02019	0.01433	0.01238	0.00782	0.00912	0.00651	0.00521	0.00456	0.00130	0.00912	0.00326	0.00261	0.00586
7	0.00804	0.00578	0.00799	0.00910	0.01029	0.00574	0.00793	0.01031	0.01163	0.01506	0.02804	0.05661	0.06852	0.01391	0.00693	0.00230	0.00455	0.71799	0.00466	0.00464
8	0.01129	0.01055	0.03017	0.01818	0.28054	0.01071	0.08680	0.03618	0.18730	0.01747	0.03808	0.04868	0.03973	0.00752	0.00592	0.00176	0.03038	0.12808	0.00373	0.00694
9	0.01102	0.00657	0.00809	0.00752	0.00920	0.00639	0.00558	0.01439	0.12688	0.17849	0.19109	0.17874	0.06302	0.13761	0.00888	0.00224	0.00360	0.03002	0.00502	0.00563
10	0.01889	0.02410	0.01433	0.01303	0.01563	0.80199	0.00977	0.02019	0.01433	0.01238	0.00782	0.00912	0.00651	0.00521	0.00456	0.00130	0.00912	0.00326	0.00261	0.00586
11	0.00642	0.00506	0.00580	0.00590	0.00725	0.00445	0.00439	0.00799	0.01205	0.01546	0.25211	0.15371	0.44618	0.01259	0.00608	0.00175	0.00265	0.04081	0.00494	0.00440
12	0.01008	0.00681	0.00767	0.00722	0.00870	0.04687	0.00533	0.03247	0.02760	0.11936	0.25062	0.15983	0.10981	0.11410	0.03302	0.00229	0.00392	0.02227	0.02691	0.00512
13	0.00949	0.00690	0.00783	0.00735	0.00907	0.00704	0.00549	0.01459	0.22895	0.06642	0.19369	0.08279	0.17281	0.11486	0.00822	0.00211	0.00341	0.02425	0.02917	0.00556
14	0.85801	0.00978	0.00743	0.00665	0.00978	0.01134	0.00548	0.01486	0.00861	0.02269	0.00704	0.00821	0.00548	0.00469	0.00313	0.00156	0.00391	0.00274	0.00313	0.00548

[dist]
# distance from previous block
# <min> <max>
1	30

[block]
# block no. 6 follows, 49 sequences, length 14
# corresponding to MSA columns:
# 366-379
name=unknown_G
#
# <colnr> <probs for GDERKNQSTAVLIFYWHMCP>
#	G	D	E	R	K	N	Q	S	T	A	V	L	I	F	Y	W	H	M	C	P
0	0.01020	0.00637	0.00773	0.00736	0.00896	0.00613	0.00544	0.06276	0.06457	0.13382	0.13304	0.31026	0.14046	0.05439	0.00689	0.00194	0.00335	0.00990	0.02102	0.00542
1	0.19874	0.01144	0.01092	0.00953	0.01249	0.07430	0.00751	0.13893	0.30124	0.08777	0.01587	0.08363	0.01279	0.00686	0.00475	0.00163	0.00457	0.00538	0.00455	0.00709
2	0.16544	0.00837	0.00937	0.00780	0.01029	0.00848	0.00598	0.13075	0.01279	0.26425	0.06680	0.02077	0.01471	0.24023	0.01071	0.00252	0.00447	0.00551	0.00456	0.00620
3	0.03753	0.00652	0.00777	0.00723	0.00904	0.00622	0.00550	0.05762	0.04467	0.14434	0.17946	0.17793	0.18888	0.06025	0.00699	0.00193	0.00340	0.04424	0.00501	0.00545
4	0.23530	0.00870	0.00765	0.00705	0.00927	0.07603	0.00547	0.05439	0.02756	0.05035	0.07019	0.06090	0.24687	0.02607	0.00525	0.00166	0.00383	0.02128	0.07691	0.00527
5	0.01049	0.00659	0.00819	0.00770	0.00876	0.00706	0.00563	0.08204	0.15369	0.01437	0.01272	0.01776	0.01122	0.01334	0.01373	0.50594	0.00426	0.03600	0.07632	0.00419
6	0.00820	0.00550	0.00686	0.00717	0.00818	0.00523	0.00524	0.04119	0.01107	0.06011	0.07580	0.35213	0.13474	0.12908	0.00905	0.00237	0.00358	0.12532	0.00462	0.00456
7	0.06207	0.00627	0.00707	0.00679	0.00845	0.00608	0.00511	0.05280	0.04948	0.06460	0.17667	0.18802	0.25146	0.03474	0.00626	0.00182	0.00314	0.02935	0.03474	0.00509
8	0.00851	0.00452	0.00655	0.00655	0.00660	0.00457	0.00434	0.00683	0.00678	0.00909	0.00997	0.01786	0.01022	0.11959	0.06817	0.69522	0.00501	0.00483	0.00234	0.00245
9	0.04267	0.00736	0.00860	0.00754	0.00941	0.00769	0.00580	0.14429	0.06231	0.11457	0.01394	0.01627	0.01095	0.01079	0.05235	0.22296	0.00446	0.00468	0.24791	0.00544
10	0.06007	0.00654	0.00862	0.00805	0.00934	0.00698	0.03549	0.01079	0.05563	0.04029	0.12371	0.15171	0.11050	0.08585	0.17470	0.03015	0.06499	0.00788	0.00390	0.00482
11	0.00957	0.00717	0.01019	0.12618	0.05196	0.02020	0.04031	0.02907	0.03924	0.06640	0.03445	0.20744	0.07427	0.06630	0.11321	0.05457	0.00574	0.00779	0.03081	0.00513
12	0.01395	0.01596	0.03491	0.01357	0.03763	0.32948	0.16667	0.05233	0.03779	0.01544	0.07147	0.06315	0.01259	0.00828	0.05850	0.00193	0.00763	0.00530	0.01941	0.03402
13	0.01013	0.00826	0.01285	0.35269	0.05123	0.00960	0.03526	0.07834	0.01037	0.01378	0.01100	0.03687	0.02585	0.01142	0.07766	0.19534	0.04662	0.00501	0.00266	0.00507

[dist]
# distance from previous block
# <min> <max>
1	4

[block]
# block no. 7 follows, 49 sequences, length 29
# corresponding to MSA columns:
# 384-412
name=unknown_H
#
# <colnr> <probs for GDERKNQSTAVLIFYWHMCP>
#	G	D	E	R	K	N	Q	S	T	A	V	L	I	F	Y	W	H	M	C	P
0	0.00933	0.00856	0.02909	0.18704	0.06129	0.01844	0.08754	0.05651	0.01142	0.01539	0.07778	0.29744	0.02033	0.00957	0.00610	0.00179	0.03204	0.03391	0.00368	0.03275
1	0.04075	0.01185	0.06319	0.10896	0.05033	0.07196	0.00898	0.12246	0.03679	0.01781	0.01221	0.05678	0.03606	0.01629	0.00499	0.00134	0.01617	0.00457	0.00330	0.31517
2	0.00960	0.00878	0.01253	0.01104	0.01209	0.03705	0.06101	0.03439	0.00895	0.01283	0.01076	0.01588	0.00995	0.02374	0.43174	0.00526	0.28159	0.00502	0.00260	0.00519
3	0.04072	0.00831	0.00970	0.03267	0.01130	0.00851	0.00659	0.16556	0.08185	0.09567	0.21784	0.03394	0.07710	0.04356	0.05491	0.00207	0.00444	0.00647	0.03403	0.06478
4	0.01032	0.00843	0.01319	0.17566	0.19695	0.00959	0.01019	0.04315	0.00950	0.01317	0.00949	0.01425	0.00842	0.01307	0.11202	0.23810	0.10226	0.00458	0.00247	0.00520
5	0.01051	0.00935	0.01391	0.17576	0.19580	0.03606	0.04914	0.08900	0.01165	0.01563	0.01448	0.19894	0.01430	0.01250	0.12727	0.00268	0.00679	0.00695	0.00325	0.00602
6	0.00707	0.00494	0.00577	0.00625	0.00734	0.00455	0.00468	0.00865	0.01098	0.01501	0.07289	0.26298	0.27713	0.01237	0.00578	0.00179	0.00291	0.11589	0.16863	0.00439
7	0.13594	0.00708	0.00888	0.00790	0.01019	0.00671	0.03042	0.01468	0.01162	0.27671	0.06407	0.22574	0.09582	0.04329	0.00624	0.00188	0.00380	0.03821	0.00490	0.00593
8	0.02349	0.00667	0.00864	0.06821	0.01087	0.00698	0.00625	0.04205	0.08212	0.10014	0.05597	0.19156	0.08113	0.05648	0.01041	0.19600	0.03654	0.00761	0.00400	0.00489
