[name]
unknown

[dist]
# distance from previous block
# <min> <max>
0	302

[block]
# block no. 0 follows, 61 sequences, length 24
# corresponding to MSA columns:
# 326-349
name=unknown_A
#
# <colnr> <probs for GDERKNQSTAVLIFYWHMCP>
#	G	D	E	R	K	N	Q	S	T	A	V	L	I	F	Y	W	H	M	C	P
0	0.01017	0.00821	0.01002	0.00861	0.03002	0.06484	0.06295	0.08925	0.01090	0.07865	0.06033	0.12513	0.01445	0.00668	0.00443	0.00126	0.00400	0.12611	0.00341	0.28059
1	0.01261	0.01135	0.02567	0.01678	0.35076	0.08885	0.04317	0.20421	0.04208	0.05480	0.01033	0.01155	0.03251	0.00459	0.00439	0.00126	0.01762	0.00393	0.00297	0.06059
2	0.00592	0.00451	0.00521	0.00513	0.00635	0.00407	0.00385	0.00742	0.02120	0.02952	0.24541	0.06787	0.43874	0.05105	0.05416	0.00190	0.00291	0.03688	0.00407	0.00384
3	0.00990	0.00953	0.01557	0.30607	0.50705	0.02711	0.01249	0.01283	0.03347	0.01306	0.00820	0.01105	0.00661	0.00407	0.00427	0.00134	0.00534	0.00384	0.00213	0.00608
4	0.00812	0.00807	0.04474	0.04879	0.03630	0.00974	0.00830	0.00974	0.02199	0.01073	0.00920	0.07369	0.00902	0.01481	0.25226	0.00329	0.41981	0.00465	0.00222	0.00455
5	0.01152	0.71835	0.10103	0.00808	0.01194	0.06661	0.00827	0.01324	0.00900	0.01050	0.00620	0.00718	0.00552	0.00377	0.00296	0.00098	0.00497	0.00242	0.00186	0.00558
6	0.00742	0.00378	0.00567	0.00567	0.00571	0.00382	0.00382	0.00571	0.00567	0.00760	0.00767	0.01327	0.00764	0.01578	0.05496	0.83407	0.00411	0.00378	0.00189	0.00196
7	0.00615	0.00462	0.00692	0.00692	0.00769	0.00538	0.00538	0.00769	0.00692	0.01000	0.01154	0.01692	0.01077	0.03231	0.83154	0.00692	0.01154	0.00462	0.00231	0.00385
8	0.01017	0.01162	0.02542	0.01816	0.02251	0.01089	0.80610	0.01380	0.01017	0.01380	0.00871	0.01162	0.00654	0.00363	0.00508	0.00145	0.00726	0.00508	0.00218	0.00581
9	0.01164	0.00972	0.01026	0.00895	0.01156	0.01115	0.00704	0.15188	0.68345	0.01952	0.01635	0.01513	0.01219	0.00573	0.00437	0.00143	0.00363	0.00471	0.00437	0.00690
10	0.00951	0.27397	0.58226	0.01079	0.01634	0.01214	0.01332	0.01342	0.00899	0.01258	0.00720	0.00843	0.00548	0.00397	0.00369	0.00123	0.00583	0.00292	0.00183	0.00611
11	0.01247	0.03632	0.04011	0.01003	0.06184	0.01046	0.02384	0.15322	0.42291	0.11964	0.05173	0.01471	0.01208	0.00550	0.00434	0.00138	0.00393	0.00457	0.00415	0.00676
12	0.01109	0.00919	0.01470	0.01339	0.12265	0.01999	0.17919	0.02805	0.04962	0.13722	0.01075	0.07074	0.00929	0.04979	0.00836	0.00169	0.25088	0.00491	0.00287	0.00560
13	0.00606	0.00440	0.00570	0.00538	0.00641	0.00405	0.00403	0.00805	0.01210	0.01705	0.78810	0.03255	0.07216	0.00889	0.00508	0.00136	0.00204	0.00784	0.00471	0.00405
14	0.00679	0.00499	0.00600	0.00562	0.00691	0.00478	0.00423	0.00960	0.09582	0.04109	0.49899	0.03145	0.20110	0.03992	0.02230	0.00160	0.00253	0.00753	0.00444	0.00431
15	0.00566	0.00432	0.00519	0.00510	0.00620	0.00386	0.00378	0.00723	0.01096	0.01465	0.46554	0.11574	0.31613	0.01002	0.00513	0.00143	0.00213	0.00869	0.00441	0.00386
16	0.01136	0.06157	0.01047	0.00844	0.01099	0.06200	0.00669	0.07088	0.53535	0.05350	0.03939	0.01624	0.05801	0.00585	0.00427	0.00136	0.00374	0.00475	0.00406	0.03108
17	0.00653	0.00455	0.00550	0.00520	0.00649	0.00403	0.00392	0.00816	0.01124	0.06491	0.46917	0.05730	0.31811	0.00948	0.00505	0.00140	0.00220	0.00817	0.00449	0.00410
18	0.00544	0.00386	0.00513	0.00607	0.00636	0.00365	0.00414	0.00623	0.00826	0.01098	0.02307	0.73748	0.02745	0.06274	0.00650	0.00191	0.00271	0.07062	0.00391	0.00348
19	0.03860	0.00601	0.02664	0.00651	0.00852	0.00514	0.00515	0.01297	0.01056	0.35447	0.11239	0.22371	0.12879	0.03361	0.00527	0.00154	0.00306	0.00728	0.00451	0.00527
20	0.01066	0.01023	0.01748	0.02644	0.82174	0.01023	0.01322	0.01322	0.00981	0.01407	0.00810	0.01066	0.00682	0.00384	0.00426	0.00128	0.00512	0.00384	0.00213	0.00682
21	0.01520	0.05567	0.01338	0.01171	0.04291	0.67796	0.03614	0.03889	0.01188	0.01123	0.00681	0.00812	0.00568	0.00451	0.00435	0.00116	0.04403	0.00295	0.00224	0.00517
22	0.01320	0.00684	0.00855	0.00724	0.00956	0.00663	0.00572	0.04310	0.16431	0.37628	0.18223	0.07289	0.01873	0.03010	0.00506	0.00147	0.00323	0.01993	0.01884	0.00607
23	0.01053	0.09864	0.12054	0.02907	0.22541	0.04141	0.08331	0.06832	0.05749	0.04389	0.09323	0.02313	0.03623	0.00494	0.00423	0.00127	0.00483	0.00435	0.00283	0.04633

[dist]
# distance from previous block
# <min> <max>
0	4

[block]
# block no. 1 follows, 61 sequences, length 15
# corresponding to MSA columns:
# 354-368
name=unknown_B
#
# <colnr> <probs for GDERKNQSTAVLIFYWHMCP>
#	G	D	E	R	K	N	Q	S	T	A	V	L	I	F	Y	W	H	M	C	P
0	0.01294	0.12806	0.03039	0.01309	0.15696	0.36065	0.04434	0.05228	0.03440	0.01239	0.00789	0.00977	0.00666	0.02571	0.02907	0.00143	0.04090	0.00334	0.02425	0.00549
1	0.00624	0.00457	0.00589	0.00592	0.00679	0.00461	0.00436	0.00836	0.05652	0.01369	0.31751	0.19716	0.06942	0.04778	0.18866	0.00278	0.00441	0.00768	0.04369	0.00398
2	0.01166	0.02918	0.05573	0.03969	0.37172	0.05310	0.10528	0.11764	0.05332	0.04824	0.00969	0.01138	0.01717	0.00443	0.00458	0.00132	0.02960	0.00401	0.02584	0.00642
3	0.00654	0.00461	0.00557	0.00524	0.00650	0.00419	0.00396	0.00854	0.03056	0.04747	0.52420	0.03293	0.24887	0.00901	0.00495	0.00137	0.00217	0.00778	0.04141	0.00414
4	0.01177	0.14581	0.08663	0.01158	0.06893	0.18722	0.12697	0.05102	0.09893	0.04796	0.06082	0.01300	0.04853	0.00498	0.00430	0.00126	0.01760	0.00413	0.00281	0.00572
5	0.00593	0.00432	0.00521	0.00525	0.00585	0.00434	0.00358	0.00669	0.00746	0.00987	0.02095	0.06019	0.21602	0.37046	0.23468	0.00408	0.00555	0.00672	0.01958	0.00326
6	0.15817	0.08677	0.17758	0.01036	0.03700	0.12793	0.06035	0.12559	0.08482	0.07846	0.00918	0.00981	0.00682	0.00446	0.00385	0.00128	0.00522	0.00339	0.00290	0.00604
7	0.03333	0.17223	0.31877	0.01218	0.07451	0.09090	0.10005	0.05380	0.01007	0.02870	0.00769	0.00906	0.00593	0.00400	0.00387	0.00121	0.00577	0.00323	0.00219	0.06253
8	0.01212	0.12613	0.08819	0.10379	0.10379	0.16090	0.05340	0.13558	0.12405	0.01495	0.00910	0.01031	0.00709	0.00457	0.00432	0.00128	0.02812	0.00360	0.00270	0.00601
9	0.01085	0.01066	0.11854	0.09848	0.12757	0.00981	0.02708	0.16795	0.14637	0.04675	0.02637	0.03875	0.02971	0.00566	0.00478	0.00141	0.03828	0.03915	0.04577	0.00607
10	0.00561	0.00412	0.00520	0.00548	0.00619	0.00378	0.00386	0.00689	0.00995	0.01346	0.34332	0.36924	0.14440	0.05078	0.00605	0.00167	0.00235	0.00974	0.00423	0.00370
11	0.01173	0.11182	0.07717	0.04354	0.01253	0.08621	0.00809	0.24652	0.11349	0.01688	0.04416	0.08271	0.01121	0.02820	0.00539	0.00144	0.06204	0.02777	0.00330	0.00580
12	0.00624	0.00446	0.00555	0.00574	0.00669	0.00416	0.00428	0.00788	0.02807	0.03220	0.27425	0.23871	0.18763	0.05138	0.00605	0.00169	0.00260	0.10899	0.01956	0.00389
13	0.01234	0.08423	0.05061	0.02784	0.11579	0.02719	0.02962	0.24044	0.21091	0.05782	0.03555	0.02948	0.01009	0.00570	0.01962	0.00142	0.00455	0.00428	0.02604	0.00647
14	0.01327	0.00618	0.00790	0.00665	0.00891	0.00555	0.00522	0.05160	0.01140	0.43719	0.08116	0.13097	0.13938	0.04814	0.00548	0.00154	0.00320	0.00643	0.02413	0.00571

[dist]
# distance from previous block
# <min> <max>
0	7

[block]
# block no. 2 follows, 61 sequences, length 25
# corresponding to MSA columns:
# 390-414
name=unknown_C
#
# <colnr> <probs for GDERKNQSTAVLIFYWHMCP>
#	G	D	E	R	K	N	Q	S	T	A	V	L	I	F	Y	W	H	M	C	P
0	0.04729	0.11249	0.18717	0.01072	0.04935	0.13292	0.04730	0.15056	0.07835	0.05262	0.03588	0.01264	0.02516	0.00502	0.00409	0.00129	0.00528	0.03290	0.00296	0.00602
1	0.12508	0.12583	0.24271	0.01056	0.04357	0.07466	0.08501	0.01324	0.04192	0.02914	0.03466	0.02797	0.04063	0.00545	0.02200	0.00143	0.04641	0.00382	0.00243	0.02346
2	0.03496	0.00783	0.10274	0.00793	0.00955	0.03260	0.02753	0.00948	0.02749	0.01152	0.05143	0.01696	0.04367	0.05486	0.46956	0.00462	0.06037	0.00468	0.01789	0.00433
3	0.01197	0.08121	0.21576	0.05737	0.01452	0.09968	0.00978	0.24012	0.05008	0.01693	0.00895	0.01003	0.00679	0.00468	0.00446	0.00125	0.04927	0.00343	0.05620	0.05752
4	0.00618	0.00483	0.00692	0.06668	0.09397	0.00477	0.00552	0.00732	0.00854	0.01142	0.04632	0.54987	0.05598	0.07298	0.00648	0.00184	0.00316	0.03972	0.00358	0.00392
5	0.01108	0.07656	0.25145	0.01230	0.12452	0.07839	0.03574	0.04561	0.09276	0.08197	0.03983	0.02283	0.00889	0.00490	0.00464	0.00132	0.05105	0.00390	0.04619	0.00607
6	0.00552	0.00401	0.00507	0.00561	0.00607	0.00381	0.00380	0.00634	0.00830	0.01101	0.07715	0.48815	0.13213	0.14594	0.07408	0.00248	0.00341	0.00997	0.00369	0.00344
7	0.01177	0.25882	0.12688	0.03962	0.05683	0.21938	0.08933	0.02918	0.02493	0.01185	0.00728	0.00892	0.00603	0.00498	0.02591	0.00134	0.05442	0.00318	0.00210	0.01725
8	0.00528	0.00377	0.00502	0.00598	0.00625	0.00352	0.00400	0.00607	0.00837	0.01120	0.04939	0.81958	0.02888	0.01334	0.00548	0.00174	0.00248	0.01210	0.00402	0.00352
9	0.01278	0.00816	0.05274	0.00850	0.03596	0.00737	0.02358	0.17167	0.01170	0.26956	0.01399	0.12477	0.01186	0.06940	0.06338	0.05362	0.00455	0.00527	0.00385	0.04729
10	0.03621	0.02909	0.01330	0.07472	0.07101	0.10085	0.03001	0.01203	0.00805	0.05430	0.00701	0.01016	0.00624	0.02406	0.01754	0.00174	0.49277	0.00372	0.00217	0.00503
11	0.01078	0.03313	0.13045	0.01076	0.09201	0.04417	0.03398	0.09026	0.02671	0.06805	0.02449	0.01959	0.02207	0.01668	0.00530	0.00122	0.09832	0.00365	0.00276	0.26561
12	0.00540	0.00436	0.00480	0.00472	0.00602	0.00376	0.00353	0.00677	0.01050	0.01334	0.27942	0.05803	0.56357	0.01033	0.00510	0.00143	0.00214	0.00877	0.00423	0.00376
13	0.00877	0.10146	0.02686	0.00675	0.00855	0.12870	0.00545	0.03395	0.02802	0.03102	0.44068	0.02506	0.12324	0.00751	0.00457	0.00128	0.00342	0.00625	0.00388	0.00458
14	0.03635	0.00755	0.02018	0.00658	0.00988	0.00611	0.00532	0.03121	0.04433	0.07342	0.13094	0.01312	0.01209	0.00439	0.00363	0.00088	0.00315	0.00360	0.00320	0.58408
15	0.04520	0.22461	0.30639	0.00996	0.01441	0.04573	0.02527	0.16985	0.04108	0.04955	0.00846	0.00919	0.00635	0.00430	0.00376	0.00122	0.00528	0.00318	0.00262	0.02356
16	0.00991	0.01040	0.06018	0.14310	0.11473	0.00978	0.38480	0.02204	0.05598	0.04357	0.01051	0.02538	0.00864	0.02210	0.00515	0.00152	0.00600	0.05798	0.00253	0.00571
17	0.04440	0.00817	0.00852	0.00700	0.00928	0.00886	0.00564	0.40575	0.01454	0.02168	0.01191	0.01289	0.00896	0.00506	0.00364	0.00116	0.00341	0.00388	0.40956	0.00568
18	0.06929	0.01057	0.01119	0.00969	0.04714	0.03683	0.00744	0.40730	0.23283	0.04678	0.02477	0.02685	0.00982	0.01666	0.00445	0.00138	0.00422	0.00426	0.02186	0.00668
19	0.00733	0.00616	0.00868	0.00807	0.00851	0.00781	0.00639	0.00853	0.00687	0.01020	0.01012	0.01630	0.00990	0.11193	0.42617	0.00465	0.28710	0.02132	0.02994	0.00401
20	0.01042	0.00951	0.01605	0.13945	0.64436	0.00973	0.01239	0.01297	0.00984	0.04353	0.04399	0.01187	0.00830	0.00418	0.00431	0.00131	0.00502	0.00403	0.00233	0.00643
21	0.00842	0.03457	0.00680	0.00578	0.00738	0.00490	0.00445	0.01017	0.02508	0.15811	0.34588	0.12293	0.21657	0.00890	0.00487	0.00139	0.00254	0.00767	0.00444	0.01912
22	0.02660	0.01870	0.00795	0.00738	0.00890	0.00733	0.00568	0.09895	0.22326	0.03441	0.03415	0.20367	0.03910	0.06712	0.12109	0.00248	0.00455	0.07992	0.00379	0.00499
23	0.03418	0.00921	0.01054	0.02549	0.01183	0.00866	0.01809	0.26899	0.04278	0.04031	0.00912	0.00985	0.00700	0.00404	0.00366	0.00095	0.00383	0.00317	0.00325	0.48504
24	0.01449	0.01101	0.01176	0.00950	0.01249	0.02612	0.00770	0.48161	0.27388	0.06125	0.01276	0.01231	0.00927	0.00545	0.00462	0.00136	0.02890	0.00420	0.00427	0.00705

[dist]
# distance from previous block
# <min> <max>
0	10

[block]
# block no. 3 follows, 61 sequences, length 22
# corresponding to MSA columns:
# 425-446
name=unknown_D
#
# <colnr> <probs for GDERKNQSTAVLIFYWHMCP>
#	G	D	E	R	K	N	Q	S	T	A	V	L	I	F	Y	W	H	M	C	P
0	0.01067	0.01016	0.01686	0.02502	0.75654	0.01027	0.01270	0.01400	0.07450	0.01439	0.00886	0.01110	0.00733	0.00400	0.00427	0.00129	0.00498	0.00392	0.00231	0.00682
1	0.00540	0.00434	0.00481	0.00477	0.00602	0.00375	0.00355	0.00675	0.01043	0.01326	0.27111	0.08412	0.54569	0.01044	0.00511	0.00144	0.00216	0.00889	0.00422	0.00375
2	0.00871	0.02179	0.78937	0.01255	0.01882	0.01004	0.05235	0.01365	0.00914	0.01365	0.00778	0.00921	0.00551	0.00407	0.00414	0.00137	0.00641	0.00327	0.00184	0.00634
3	0.00545	0.00434	0.00491	0.00502	0.00621	0.00380	0.00377	0.00677	0.01017	0.01289	0.21115	0.13136	0.50539	0.01080	0.00519	0.00150	0.00230	0.06105	0.00416	0.00374
4	0.01063	0.01029	0.01564	0.11284	0.54625	0.04814	0.02894	0.01476	0.14167	0.01421	0.00955	0.01153	0.00768	0.00424	0.00429	0.00132	0.00508	0.00398	0.00248	0.00649
5	0.00536	0.00383	0.00513	0.00613	0.00643	0.00360	0.00420	0.00620	0.00836	0.01112	0.02368	0.79170	0.02824	0.01339	0.00553	0.00177	0.00260	0.06522	0.00400	0.00353
6	0.01225	0.00921	0.02767	0.07771	0.40894	0.03240	0.01001	0.01442	0.01023	0.21460	0.01189	0.01339	0.04242	0.03295	0.00483	0.00136	0.00462	0.00414	0.00303	0.06394
7	0.01066	0.01023	0.01748	0.02644	0.82174	0.01023	0.01322	0.01322	0.00981	0.01407	0.00810	0.01066	0.00682	0.00384	0.00426	0.00128	0.00512	0.00384	0.00213	0.00682
8	0.00939	0.00930	0.07771	0.11354	0.16884	0.00844	0.16020	0.04704	0.03963	0.05852	0.02947	0.15882	0.06485	0.00639	0.00482	0.00145	0.01571	0.00597	0.01441	0.00550
9	0.01078	0.33153	0.20235	0.00906	0.01280	0.07788	0.03134	0.05512	0.07421	0.02921	0.09035	0.01232	0.03629	0.00486	0.00377	0.00118	0.00490	0.00372	0.00263	0.00571
10	0.67353	0.06167	0.03773	0.00603	0.00866	0.03353	0.00516	0.01237	0.00767	0.01754	0.00692	0.00869	0.00570	0.04742	0.00377	0.00143	0.00362	0.00267	0.05124	0.00465
11	0.04650	0.05388	0.09600	0.00665	0.00856	0.00623	0.01919	0.02555	0.00941	0.01278	0.07046	0.17563	0.32098	0.00971	0.02326	0.00160	0.04336	0.03448	0.03149	0.00428
12	0.00863	0.00816	0.01240	0.56609	0.04963	0.03410	0.02397	0.01172	0.06104	0.01155	0.00927	0.01435	0.00779	0.03645	0.00592	0.00160	0.07823	0.05200	0.00224	0.00487
13	0.00748	0.00374	0.00561	0.00561	0.00561	0.00374	0.00374	0.00561	0.00561	0.00748	0.00748	0.01309	0.00748	0.01496	0.01684	0.87467	0.00374	0.00374	0.00187	0.00187
14	0.01288	0.08838	0.18286	0.01011	0.03739	0.11049	0.00922	0.21028	0.11625	0.09789	0.05951	0.02548	0.00998	0.00514	0.00415	0.00129	0.00497	0.00400	0.00338	0.00634
15	0.07254	0.06681	0.03022	0.01173	0.14493	0.07239	0.05644	0.15533	0.10546	0.08201	0.10786	0.03267	0.03213	0.00545	0.00424	0.00131	0.00444	0.00456	0.00346	0.00602
16	0.00525	0.00375	0.00500	0.00600	0.00625	0.00350	0.00400	0.00600	0.00825	0.01100	0.02374	0.84580	0.02849	0.01350	0.00550	0.00175	0.00250	0.01225	0.00400	0.00350
17	0.00891	0.06306	0.71994	0.01252	0.01858	0.01043	0.08057	0.01362	0.00917	0.01348	0.00772	0.00919	0.00555	0.00403	0.00411	0.00135	0.00635	0.00330	0.00185	0.00628
18	0.38381	0.01007	0.06249	0.12781	0.13968	0.04965	0.02571	0.03586	0.02477	0.07844	0.00822	0.02188	0.00635	0.00435	0.00360	0.00134	0.00450	0.00331	0.00269	0.00547
19	0.01141	0.06513	0.15777	0.02704	0.21971	0.12025	0.03055	0.06888	0.11460	0.04828	0.04061	0.01232	0.03288	0.00475	0.00416	0.00127	0.00517	0.00394	0.00280	0.02847
20	0.04726	0.02116	0.19714	0.02447	0.06837	0.00778	0.00848	0.05355	0.04039	0.10750	0.08768	0.02516	0.03750	0.00588	0.03242	0.00137	0.00440	0.00407	0.00308	0.22234
21	0.04282	0.06355	0.15666	0.02520	0.07517	0.00846	0.04749	0.05910	0.06736	0.13328	0.19491	0.03911	0.01569	0.00568	0.00431	0.00131	0.00414	0.00485	0.00349	0.04742

[dist]
# distance from previous block
# <min> <max>
4	56

[block]
# block no. 4 follows, 61 sequences, length 15
# corresponding to MSA columns:
# 505-519
name=unknown_E
#
# <colnr> <probs for GDERKNQSTAVLIFYWHMCP>
#	G	D	E	R	K	N	Q	S	T	A	V	L	I	F	Y	W	H	M	C	P
0	0.01052	0.01024	0.03595	0.01802	0.37422	0.04502	0.13909	0.01356	0.06742	0.04705	0.00950	0.01254	0.00798	0.06892	0.02791	0.00170	0.06098	0.00422	0.00247	0.04268
1	0.16612	0.01004	0.07193	0.03983	0.20333	0.00952	0.02477	0.10661	0.09131	0.04378	0.04264	0.01147	0.00857	0.01340	0.00430	0.00129	0.02284	0.00370	0.01274	0.11179
2	0.01003	0.02548	0.01461	0.18270	0.40238	0.03670	0.01107	0.01300	0.06378	0.01315	0.00842	0.01093	0.00692	0.00452	0.00532	0.00134	0.10418	0.00377	0.02644	0.05525
3	0.01328	0.53008	0.01857	0.00881	0.01193	0.33183	0.00774	0.01456	0.01009	0.01029	0.00625	0.00724	0.00554	0.00398	0.00320	0.00099	0.00583	0.00249	0.00199	0.00532
4	0.00748	0.00374	0.00561	0.00561	0.00561	0.00374	0.00374	0.00561	0.00561	0.00748	0.00748	0.01309	0.00748	0.01496	0.01684	0.87467	0.00374	0.00374	0.00187	0.00187
5	0.03766	0.65512	0.04625	0.00798	0.01156	0.07926	0.00768	0.06923	0.03015	0.01194	0.00669	0.00752	0.00582	0.00392	0.00304	0.00100	0.00485	0.00254	0.00213	0.00565
6	0.01147	0.00987	0.03412	0.07290	0.50654	0.00968	0.05205	0.06666	0.03160	0.10106	0.03764	0.02876	0.00891	0.00453	0.00437	0.00132	0.00491	0.00427	0.00278	0.00656
7	0.00568	0.00422	0.00511	0.00524	0.00606	0.00386	0.00371	0.00691	0.00985	0.01312	0.31469	0.22087	0.23557	0.12058	0.00740	0.00185	0.00250	0.02507	0.00408	0.00363
8	0.00953	0.01247	0.33590	0.00873	0.01236	0.00743	0.00936	0.04667	0.04766	0.11844	0.28412	0.01829	0.01870	0.00601	0.00443	0.00134	0.00415	0.00503	0.04371	0.00566
9	0.07549	0.01033	0.04910	0.06054	0.53274	0.01006	0.03224	0.08415	0.01067	0.04932	0.03842	0.01132	0.00800	0.00424	0.00420	0.00131	0.00492	0.00390	0.00257	0.00648
10	0.01014	0.16084	0.52597	0.01143	0.01673	0.03287	0.06704	0.03766	0.04308	0.04347	0.00830	0.00939	0.00611	0.00415	0.00396	0.00129	0.00589	0.00329	0.00217	0.00623
11	0.00609	0.00670	0.08255	0.00587	0.00754	0.04253	0.00495	0.00755	0.00967	0.01200	0.08548	0.18157	0.47790	0.02690	0.00537	0.00154	0.00296	0.02517	0.00373	0.00395
12	0.00978	0.08930	0.41266	0.01235	0.12683	0.00972	0.01184	0.03072	0.06228	0.06819	0.03399	0.06843	0.03494	0.00523	0.00419	0.00134	0.00511	0.00433	0.00262	0.00612
13	0.01072	0.12127	0.13040	0.02042	0.50839	0.04907	0.04911	0.01372	0.03207	0.01344	0.00800	0.01002	0.00657	0.00393	0.00407	0.00125	0.00540	0.00359	0.00212	0.00646
14	0.01086	0.12602	0.18320	0.01247	0.04074	0.03880	0.24276	0.10454	0.04066	0.04504	0.01160	0.01432	0.05073	0.00499	0.00441	0.00136	0.00563	0.05324	0.00271	0.00593

[dist]
# distance from previous block
# <min> <max>
2	10

[block]
# block no. 5 follows, 61 sequences, length 38
# corresponding to MSA columns:
# 530-567
name=unknown_F
#
# <colnr> <probs for GDERKNQSTAVLIFYWHMCP>
#	G	D	E	R	K	N	Q	S	T	A	V	L	I	F	Y	W	H	M	C	P
0	0.04186	0.17251	0.58128	0.01156	0.04384	0.05221	0.01347	0.01363	0.00915	0.01307	0.00731	0.00861	0.00549	0.00402	0.00379	0.00127	0.00596	0.00299	0.00189	0.00610
1	0.01470	0.21092	0.18624	0.00899	0.01306	0.01000	0.03586	0.03087	0.02526	0.40408	0.01204	0.01149	0.00819	0.00463	0.00394	0.00125	0.00460	0.00364	0.00362	0.00664
2	0.03904	0.05057	0.02141	0.00755	0.01081	0.00690	0.00636	0.01963	0.01197	0.71159	0.05665	0.01489	0.01170	0.00537	0.00425	0.00131	0.00366	0.00434	0.00501	0.00700
3	0.00549	0.00396	0.00520	0.00578	0.00629	0.00367	0.00400	0.00663	0.00946	0.01287	0.26009	0.58118	0.05527	0.01203	0.00536	0.00162	0.00235	0.01083	0.00422	0.00367
4	0.01425	0.03917	0.01375	0.01192	0.04380	0.58445	0.10352	0.04267	0.02371	0.01177	0.00916	0.01038	0.04657	0.00521	0.02014	0.00129	0.00715	0.00350	0.00239	0.00519
5	0.01499	0.05830	0.06809	0.06112	0.12676	0.05001	0.04323	0.07964	0.03294	0.38420	0.01248	0.01259	0.00865	0.02195	0.00458	0.00136	0.00468	0.00401	0.00379	0.00665
6	0.00535	0.00382	0.00510	0.00605	0.00636	0.00358	0.00412	0.00619	0.00846	0.01131	0.05319	0.78356	0.02879	0.01326	0.00550	0.00174	0.00254	0.04350	0.00402	0.00354
7	0.00621	0.00415	0.00471	0.00477	0.00478	0.00414	0.00268	0.00625	0.00637	0.00849	0.01411	0.07147	0.01634	0.80441	0.02106	0.00405	0.00409	0.00658	0.00268	0.00266
8	0.01000	0.01157	0.07150	0.09593	0.21739	0.01056	0.49097	0.01339	0.00987	0.01360	0.00841	0.01122	0.00647	0.00377	0.00475	0.00140	0.00654	0.00455	0.00212	0.00600
9	0.01011	0.03256	0.09138	0.10255	0.45897	0.02502	0.16726	0.01303	0.00967	0.01343	0.00847	0.03241	0.00705	0.00413	0.00440	0.00134	0.00568	0.00418	0.00213	0.00623
10	0.00515	0.00435	0.00445	0.00446	0.00586	0.00365	0.00333	0.00627	0.00990	0.01190	0.08179	0.06127	0.76121	0.01087	0.00510	0.00146	0.00218	0.00911	0.00404	0.00365
11	0.00615	0.00462	0.00692	0.00692	0.00769	0.00538	0.00538	0.00769	0.00692	0.01000	0.01154	0.01692	0.01077	0.03231	0.83154	0.00692	0.01154	0.00462	0.00231	0.00385
12	0.45871	0.05188	0.04991	0.00734	0.01041	0.03298	0.00637	0.17215	0.02141	0.11312	0.03364	0.00957	0.00722	0.00456	0.00339	0.00130	0.00395	0.00313	0.00329	0.00565
13	0.04075	0.13314	0.17887	0.01437	0.20866	0.09862	0.05517	0.13996	0.06278	0.01554	0.00850	0.00974	0.00663	0.00426	0.00398	0.00125	0.00547	0.00347	0.00255	0.00630
14	0.65591	0.00882	0.00774	0.00654	0.00939	0.00991	0.00539	0.13907	0.00988	0.10191	0.00779	0.00830	0.00569	0.00432	0.00309	0.00133	0.00359	0.00278	0.00319	0.00535
15	0.01538	0.03215	0.01263	0.00971	0.01297	0.06181	0.00794	0.62689	0.11854	0.02434	0.01086	0.01079	0.00789	0.00514	0.00423	0.00128	0.00472	0.00387	0.00410	0.02476
16	0.01082	0.64053	0.13739	0.00797	0.01206	0.01481	0.00836	0.01279	0.00882	0.01106	0.00642	0.00744	0.00561	0.00369	0.00300	0.00095	0.00471	0.00246	0.00192	0.09919
17	0.00964	0.25964	0.57670	0.01084	0.01634	0.03162	0.01329	0.01351	0.00907	0.01256	0.00721	0.00844	0.00548	0.00398	0.00371	0.00123	0.00590	0.00292	0.00184	0.00609
18	0.00663	0.00508	0.00687	0.00620	0.00747	0.00488	0.03653	0.00955	0.07675	0.01719	0.72223	0.03005	0.03706	0.00836	0.00502	0.00137	0.00235	0.00745	0.00461	0.00436
19	0.00929	0.00904	0.01596	0.44770	0.32387	0.00996	0.09787	0.01213	0.00923	0.01245	0.00794	0.01119	0.00623	0.00406	0.00437	0.00138	0.00567	0.00397	0.00202	0.00565
20	0.00908	0.00855	0.01445	0.48067	0.34097	0.00962	0.01223	0.01178	0.00914	0.01230	0.00852	0.01284	0.00703	0.00447	0.00436	0.00140	0.00542	0.03953	0.00209	0.00555
21	0.01933	0.00733	0.01000	0.00766	0.01100	0.00633	0.00633	0.02099	0.01233	0.82473	0.01699	0.01466	0.01066	0.00533	0.00433	0.00133	0.00367	0.00433	0.00533	0.00733
22	0.00694	0.00496	0.00694	0.00793	0.00892	0.00496	0.00694	0.00892	0.00992	0.01289	0.02281	0.04859	0.02479	0.01190	0.00595	0.00198	0.00397	0.79275	0.00397	0.00397
23	0.01459	0.01810	0.01127	0.01043	0.01248	0.70373	0.00793	0.01579	0.01185	0.01084	0.01019	0.01371	0.04814	0.00554	0.00416	0.00122	0.00709	0.08564	0.00249	0.00482
24	0.01066	0.01023	0.01748	0.02644	0.82174	0.01023	0.01322	0.01322	0.00981	0.01407	0.00810	0.01066	0.00682	0.00384	0.00426	0.00128	0.00512	0.00384	0.00213	0.00682
25	0.01637	0.01207	0.01293	0.00991	0.01336	0.01336	0.00819	0.80738	0.02025	0.02715	0.01034	0.01034	0.00733	0.00517	0.00431	0.00129	0.00474	0.00388	0.00431	0.00733
26	0.00625	0.00424	0.00503	0.00503	0.00514	0.00435	0.00302	0.00648	0.00636	0.00860	0.01327	0.02652	0.01494	0.72787	0.14168	0.00458	0.00527	0.00602	0.00257	0.00279
27	0.00961	0.00899	0.01191	0.01000	0.01215	0.10338	0.17822	0.11896	0.02760	0.01488	0.11429	0.11638	0.05489	0.00962	0.07163	0.00193	0.00533	0.12190	0.00340	0.00493
28	0.00824	0.02012	0.73069	0.01155	0.01720	0.00925	0.01453	0.01275	0.00900	0.01333	0.00959	0.10650	0.00814	0.00519	0.00426	0.00141	0.00592	0.00424	0.00207	0.00603
29	0.01518	0.01117	0.01209	0.00939	0.01255	0.01228	0.00771	0.71434	0.01931	0.02600	0.10453	0.01288	0.01120	0.00559	0.00440	0.00130	0.00442	0.00433	0.00436	0.00695
30	0.73526	0.00819	0.00686	0.00596	0.00868	0.00922	0.00490	0.03291	0.00827	0.11319	0.00759	0.00821	0.00559	0.00421	0.00291	0.00132	0.00337	0.00265	0.02569	0.00502
31	0.77790	0.00871	0.00855	0.00712	0.00998	0.00981	0.09796	0.01279	0.00766	0.01868	0.00631	0.00754	0.00488	0.00396	0.00295	0.00135	0.00379	0.00265	0.00261	0.00480
32	0.01018	0.00871	0.00941	0.00855	0.01079	0.01009	0.00665	0.02112	0.72002	0.01709	0.01683	0.01617	0.01287	0.00892	0.10067	0.00210	0.00436	0.00484	0.00414	0.00647
33	0.00748	0.00664	0.06813	0.00646	0.00816	0.00559	0.00543	0.10158	0.01290	0.01815	0.66440	0.02790	0.03413	0.00803	0.00492	0.00135	0.00267	0.00699	0.00447	0.00462
34	0.00534	0.00384	0.00507	0.00589	0.00626	0.00357	0.00399	0.00625	0.00874	0.01174	0.11682	0.73311	0.04760	0.01289	0.00544	0.00170	0.00244	0.01166	0.00409	0.00357
35	0.01539	0.01234	0.01286	0.10645	0.01525	0.08896	0.00864	0.64121	0.01815	0.02372	0.00969	0.01024	0.00698	0.00500	0.00427	0.00129	0.00514	0.00377	0.00384	0.00681
36	0.01006	0.00868	0.00911	0.00825	0.01057	0.00989	0.00641	0.02094	0.72035	0.01728	0.02057	0.01903	0.10707	0.00643	0.00447	0.00146	0.00327	0.00536	0.00434	0.00645
37	0.11612	0.01830	0.01130	0.01026	0.01252	0.68183	0.00776	0.01681	0.05159	0.01204	0.01985	0.00847	0.00637	0.00453	0.00379	0.00116	0.00694	0.00291	0.00242	0.00503

[dist]
# distance from previous block
# <min> <max>
0	3

[block]
# block no. 6 follows, 61 sequences, length 20
# corresponding to MSA columns:
# 571-590
name=unknown_G
#
# <colnr> <probs for GDERKNQSTAVLIFYWHMCP>
#	G	D	E	R	K	N	Q	S	T	A	V	L	I	F	Y	W	H	M	C	P
0	0.00768	0.00689	0.14479	0.00674	0.00782	0.00480	0.00581	0.00697	0.00620	0.00853	0.00752	0.01242	0.00714	0.01312	0.01467	0.72657	0.00419	0.00365	0.00186	0.00263
1	0.04561	0.19306	0.06198	0.02576	0.18664	0.20666	0.03001	0.13247	0.03805	0.02948	0.00802	0.00919	0.00642	0.00426	0.00382	0.00119	0.00557	0.00325	0.00255	0.00603
2	0.00977	0.05986	0.60690	0.01218	0.01781	0.01009	0.10378	0.01427	0.02407	0.07578	0.02079	0.01017	0.00665	0.00422	0.00418	0.00135	0.00606	0.00354	0.00222	0.00631
3	0.00635	0.00495	0.00685	0.14657	0.01032	0.00496	0.00533	0.00844	0.01137	0.01571	0.61277	0.02949	0.10407	0.00823	0.00495	0.00138	0.00267	0.00723	0.00420	0.00415
4	0.29684	0.00836	0.00919	0.00915	0.11231	0.00892	0.00640	0.17709	0.01137	0.13754	0.01033	0.01103	0.00760	0.00461	0.00352	0.00125	0.00364	0.00346	0.17166	0.00575
5	0.01093	0.02145	0.05322	0.06566	0.56738	0.02140	0.07740	0.02508	0.02260	0.05870	0.02897	0.01146	0.00781	0.00412	0.00433	0.00131	0.00522	0.00402	0.00242	0.00654
6	0.15999	0.15570	0.29981	0.01199	0.11905	0.02804	0.04694	0.03903	0.04221	0.04795	0.00807	0.00921	0.00615	0.00412	0.00372	0.00127	0.00517	0.00319	0.00236	0.00603
7	0.01135	0.01187	0.01482	0.12658	0.38585	0.18292	0.04358	0.01458	0.08768	0.01329	0.00865	0.01061	0.00698	0.00417	0.00417	0.00125	0.00556	0.00368	0.00237	0.06003
8	0.00595	0.00429	0.00563	0.00552	0.00640	0.00397	0.00405	0.00777	0.01152	0.01621	0.68453	0.17016	0.03858	0.00960	0.00515	0.00142	0.00211	0.00855	0.00462	0.00397
9	0.03184	0.17481	0.32714	0.01214	0.04733	0.01151	0.16282	0.07818	0.03760	0.01438	0.00895	0.01027	0.02542	0.00419	0.00402	0.00127	0.00563	0.00361	0.00229	0.03659
10	0.00688	0.00539	0.00761	0.14138	0.05322	0.00542	0.00631	0.00891	0.01064	0.02706	0.34452	0.03229	0.15708	0.00874	0.00508	0.00151	0.00324	0.16658	0.00388	0.00429
11	0.01186	0.00954	0.01609	0.10466	0.57121	0.00953	0.04494	0.01434	0.01013	0.15123	0.00959	0.01146	0.00735	0.00413	0.00431	0.00131	0.00502	0.00397	0.00265	0.00666
12	0.00905	0.00692	0.00834	0.00634	0.00939	0.00547	0.00493	0.01048	0.02377	0.04541	0.00856	0.02914	0.00737	0.00556	0.00563	0.14893	0.00329	0.00309	0.00262	0.65571
13	0.01015	0.00984	0.00949	0.00718	0.01074	0.14575	0.00565	0.01192	0.00949	0.01344	0.00749	0.00873	0.00624	0.00340	0.00331	0.00072	0.00397	0.00259	0.00250	0.72741
14	0.01071	0.44370	0.22147	0.01239	0.16965	0.03078	0.01064	0.01348	0.02919	0.01198	0.00713	0.00843	0.00595	0.00389	0.00345	0.00112	0.00518	0.00289	0.00196	0.00601
15	0.70878	0.01028	0.00726	0.00654	0.00909	0.14885	0.00524	0.01336	0.00820	0.01775	0.00633	0.00738	0.00499	0.00410	0.00288	0.00129	0.00405	0.00245	0.02647	0.00470
16	0.00765	0.00809	0.14562	0.00797	0.00997	0.00607	0.00748	0.01097	0.09239	0.03214	0.04730	0.16399	0.03556	0.00940	0.00509	0.00166	0.00382	0.32861	0.07156	0.00467
17	0.00864	0.02228	0.82630	0.01228	0.01864	0.01000	0.01592	0.01364	0.00909	0.01364	0.00773	0.00909	0.00546	0.00409	0.00409	0.00136	0.00637	0.00318	0.00182	0.00637
18	0.00671	0.00401	0.00525	0.00529	0.00536	0.00406	0.00334	0.00609	0.00613	0.00823	0.01134	0.05474	0.01247	0.41157	0.07961	0.36119	0.00448	0.00535	0.00234	0.00244
19	0.00960	0.01155	0.15318	0.17097	0.48879	0.00987	0.01295	0.01253	0.00940	0.01325	0.00936	0.01178	0.03977	0.00434	0.00450	0.00134	0.02456	0.00394	0.00211	0.00619

[dist]
# distance from previous block
# <min> <max>
2	36

# created by:
# /st0/software/busco_prod/Augustus/scripts/msa2prfl.pl ./align_prep/117917.fa
