[name]
unknown

[dist]
# distance from previous block
# <min> <max>
0	46

[block]
# block no. 0 follows, 59 sequences, length 116
# corresponding to MSA columns:
# 46-161
name=unknown_A
#
# <colnr> <probs for GDERKNQSTAVLIFYWHMCP>
#	G	D	E	R	K	N	Q	S	T	A	V	L	I	F	Y	W	H	M	C	P
0	0.11949	0.00912	0.01199	0.44557	0.07365	0.05136	0.01006	0.06544	0.09051	0.01451	0.00948	0.01291	0.00753	0.00488	0.00423	0.00143	0.00520	0.03710	0.00261	0.02293
1	0.01108	0.01032	0.01688	0.07765	0.59493	0.01058	0.05233	0.08176	0.04572	0.01556	0.02288	0.01207	0.01941	0.00435	0.00445	0.00134	0.00520	0.00419	0.00254	0.00675
2	0.01072	0.00965	0.01273	0.01094	0.05339	0.05022	0.11982	0.05686	0.22381	0.04304	0.10733	0.01547	0.01305	0.00572	0.00568	0.00138	0.10307	0.01934	0.00343	0.13437
3	0.04273	0.01410	0.01131	0.05124	0.04726	0.36003	0.00778	0.08114	0.14034	0.01464	0.01033	0.01111	0.02769	0.00479	0.00400	0.00118	0.00561	0.00353	0.02565	0.13556
4	0.18851	0.01041	0.01063	0.00870	0.01171	0.01166	0.00706	0.38425	0.22766	0.04985	0.01202	0.01181	0.00879	0.00524	0.00406	0.00137	0.00408	0.00395	0.03153	0.00671
5	0.01924	0.00740	0.01012	0.00783	0.01113	0.00645	0.00645	0.02094	0.01241	0.78583	0.01719	0.01513	0.01094	0.00664	0.03945	0.00161	0.00410	0.00445	0.00533	0.00736
6	0.01053	0.00864	0.00930	0.00835	0.01068	0.00973	0.00649	0.03129	0.64148	0.04500	0.11082	0.01952	0.05561	0.00657	0.00461	0.00148	0.00330	0.00552	0.00455	0.00653
7	0.01664	0.00929	0.01155	0.02206	0.01247	0.00937	0.03536	0.33871	0.01541	0.37257	0.01472	0.08310	0.01086	0.00602	0.00454	0.00139	0.00424	0.00495	0.01974	0.00703
8	0.00824	0.00774	0.01296	0.80746	0.02963	0.00962	0.01198	0.01113	0.00887	0.01131	0.00904	0.01276	0.03194	0.00463	0.00444	0.00147	0.00577	0.00410	0.00203	0.00487
9	0.00555	0.00397	0.00532	0.00635	0.00668	0.00374	0.00440	0.00645	0.00863	0.01147	0.02425	0.76326	0.02883	0.01367	0.00568	0.00182	0.00271	0.08950	0.00410	0.00363
10	0.01066	0.01037	0.01812	0.09795	0.68812	0.01048	0.07237	0.01340	0.00998	0.01413	0.00831	0.01108	0.00688	0.00396	0.00444	0.00134	0.00547	0.00403	0.00217	0.00673
11	0.01042	0.01191	0.02606	0.01862	0.02308	0.01117	0.80119	0.01415	0.01042	0.01415	0.00894	0.01191	0.00670	0.00372	0.00521	0.00149	0.00745	0.00521	0.00223	0.00596
12	0.01181	0.84744	0.02314	0.00756	0.01134	0.01748	0.00756	0.01323	0.00897	0.01039	0.00614	0.00708	0.00567	0.00378	0.00283	0.00094	0.00472	0.00236	0.00189	0.00567
13	0.00631	0.00473	0.00710	0.00710	0.00789	0.00552	0.00552	0.00789	0.00710	0.01025	0.01183	0.01735	0.01104	0.03312	0.82728	0.00710	0.01183	0.00473	0.00237	0.00394
14	0.00583	0.00423	0.00553	0.00635	0.00693	0.00399	0.00466	0.00695	0.00911	0.01196	0.05890	0.51666	0.11165	0.04132	0.00625	0.00188	0.00291	0.18710	0.00408	0.00370
15	0.00881	0.00858	0.01333	0.77204	0.05023	0.05051	0.01211	0.01166	0.00905	0.01134	0.00781	0.01156	0.00591	0.00441	0.00439	0.00145	0.00597	0.00387	0.00198	0.00497
16	0.00544	0.00389	0.00519	0.00622	0.00650	0.00364	0.00420	0.00625	0.00851	0.01134	0.02431	0.81542	0.02908	0.01378	0.00565	0.00180	0.00261	0.03846	0.00410	0.00360
17	0.01121	0.01102	0.01766	0.02633	0.77724	0.05114	0.01330	0.01376	0.01018	0.01425	0.00823	0.01078	0.00693	0.00397	0.00435	0.00130	0.00538	0.00388	0.00219	0.00690
18	0.01072	0.01102	0.01636	0.28781	0.40294	0.10921	0.07237	0.01335	0.00998	0.01294	0.00803	0.01092	0.00645	0.00415	0.00440	0.00136	0.00595	0.00390	0.00213	0.00601
19	0.01181	0.84744	0.02314	0.00756	0.01134	0.01748	0.00756	0.01323	0.00897	0.01039	0.00614	0.00708	0.00567	0.00378	0.00283	0.00094	0.00472	0.00236	0.00189	0.00567
20	0.00916	0.00785	0.00916	0.00654	0.01047	0.00589	0.00523	0.01112	0.00916	0.01439	0.00785	0.00916	0.00654	0.00327	0.00327	0.00065	0.00327	0.00262	0.00262	0.87178
21	0.00603	0.00444	0.00564	0.00547	0.00649	0.00405	0.00405	0.00785	0.01178	0.01630	0.63384	0.11457	0.14348	0.00979	0.00525	0.00144	0.00215	0.00862	0.00468	0.00405
22	0.00916	0.00785	0.00916	0.00654	0.01047	0.00589	0.00523	0.01112	0.00916	0.01439	0.00785	0.00916	0.00654	0.00327	0.00327	0.00065	0.00327	0.00262	0.00262	0.87178
23	0.00631	0.00472	0.00702	0.00702	0.00778	0.00548	0.00543	0.00784	0.00708	0.01020	0.01190	0.01774	0.01121	0.06026	0.80038	0.00700	0.01158	0.00479	0.00238	0.00390
24	0.00585	0.00450	0.00535	0.00513	0.00635	0.00400	0.00385	0.00756	0.01155	0.01546	0.51436	0.03670	0.34362	0.00987	0.00521	0.00143	0.00214	0.00851	0.00457	0.00400
25	0.00834	0.00704	0.00888	0.04896	0.01055	0.00763	0.04371	0.02773	0.29275	0.01589	0.21936	0.14636	0.09241	0.00827	0.00536	0.00153	0.03867	0.00715	0.00415	0.00525
26	0.01982	0.00752	0.01025	0.00786	0.01127	0.00649	0.00649	0.02152	0.01264	0.82029	0.01742	0.01503	0.01093	0.00547	0.00444	0.00137	0.00376	0.00444	0.00547	0.00752
27	0.00886	0.02285	0.82190	0.01259	0.01912	0.01026	0.01632	0.01399	0.00932	0.01399	0.00793	0.00932	0.00559	0.00420	0.00420	0.00140	0.00653	0.00326	0.00186	0.00653
28	0.00904	0.00770	0.00897	0.00647	0.01023	0.00582	0.00512	0.01092	0.00904	0.01414	0.00811	0.01000	0.00695	0.03907	0.00409	0.00081	0.00331	0.00278	0.00262	0.83481
29	0.00706	0.00615	0.00632	0.00655	0.00738	0.09742	0.00467	0.00856	0.02446	0.01371	0.31174	0.42456	0.04291	0.01085	0.00527	0.00156	0.00301	0.00960	0.00418	0.00404
30	0.03125	0.00822	0.00984	0.00709	0.01099	0.00655	0.03099	0.05065	0.00974	0.01519	0.00798	0.00927	0.00655	0.00341	0.00338	0.00073	0.00349	0.00276	0.00270	0.77923
31	0.01641	0.01239	0.01241	0.00983	0.01300	0.10532	0.00796	0.57541	0.04252	0.09958	0.01090	0.01104	0.00782	0.00575	0.00501	0.04462	0.00502	0.00392	0.00415	0.00694
32	0.01638	0.04171	0.01278	0.01128	0.01360	0.80682	0.00851	0.01753	0.01243	0.01080	0.00681	0.00794	0.00569	0.00453	0.00395	0.00113	0.00788	0.00283	0.00227	0.00513
33	0.00522	0.00447	0.00447	0.00447	0.00597	0.00373	0.00336	0.00634	0.01007	0.01193	0.04474	0.04250	0.81544	0.01119	0.00522	0.00149	0.00224	0.00932	0.00410	0.00373
34	0.00545	0.00385	0.00510	0.00610	0.00637	0.00360	0.00407	0.00625	0.00848	0.01140	0.02409	0.82122	0.02876	0.01362	0.00557	0.00177	0.00255	0.01234	0.02578	0.00360
35	0.00889	0.02265	0.80790	0.01269	0.01919	0.01027	0.03013	0.01399	0.00934	0.01399	0.00794	0.00937	0.00561	0.00419	0.00421	0.00140	0.00654	0.00330	0.00187	0.00652
36	0.00767	0.00384	0.00575	0.00575	0.00575	0.00384	0.00384	0.00575	0.00575	0.00767	0.00767	0.01343	0.00767	0.01534	0.01726	0.87150	0.00384	0.00384	0.00192	0.00192
37	0.00934	0.00917	0.01284	0.01109	0.01115	0.01271	0.00918	0.01032	0.00678	0.01055	0.00644	0.01072	0.00644	0.03152	0.07317	0.00237	0.75552	0.00399	0.00198	0.00471
38	0.00631	0.00473	0.00710	0.00710	0.00789	0.00552	0.00552	0.00789	0.00710	0.01025	0.01183	0.01735	0.01104	0.03312	0.82728	0.00710	0.01183	0.00473	0.00237	0.00394
39	0.00661	0.00455	0.00590	0.00553	0.00661	0.00421	0.00416	0.00868	0.01234	0.03287	0.75989	0.03183	0.03958	0.00877	0.00509	0.00137	0.00211	0.00773	0.04795	0.00423
40	0.00605	0.00451	0.00563	0.00535	0.00648	0.00408	0.00401	0.00795	0.01204	0.01661	0.66815	0.03480	0.18911	0.00944	0.00521	0.00141	0.00211	0.00824	0.00472	0.00408
41	0.01024	0.00913	0.01333	0.01711	0.39893	0.03330	0.04308	0.06803	0.07103	0.01512	0.02359	0.04907	0.07196	0.04783	0.00549	0.00149	0.01853	0.00500	0.09177	0.00596
42	0.87598	0.00854	0.00649	0.00581	0.00854	0.00991	0.00478	0.01298	0.00752	0.01982	0.00615	0.00717	0.00478	0.00410	0.00273	0.00137	0.00342	0.00239	0.00273	0.00478
43	0.00916	0.00785	0.00916	0.00654	0.01047	0.00589	0.00523	0.01112	0.00916	0.01439	0.00785	0.00916	0.00654	0.00327	0.00327	0.00065	0.00327	0.00262	0.00262	0.87178
44	0.00947	0.05334	0.71562	0.01310	0.06609	0.01042	0.01548	0.01419	0.00947	0.04132	0.00820	0.00953	0.00586	0.00421	0.00416	0.00137	0.00629	0.00331	0.00201	0.00656
45	0.06562	0.16393	0.01573	0.01487	0.24969	0.30658	0.00960	0.09855	0.01173	0.01415	0.00750	0.00891	0.00621	0.00428	0.00386	0.00119	0.00598	0.00317	0.00243	0.00600
46	0.01327	0.01062	0.01127	0.00945	0.01236	0.01205	0.00754	0.33009	0.49891	0.02216	0.01507	0.01417	0.01113	0.00572	0.00446	0.00143	0.00403	0.00459	0.00446	0.00720
47	0.00923	0.00809	0.01017	0.00726	0.01122	0.00620	0.05273	0.01130	0.00923	0.01438	0.00791	0.00932	0.00655	0.00330	0.00339	0.00070	0.00352	0.00277	0.00259	0.82012
48	0.00631	0.00471	0.00700	0.00700	0.00776	0.00547	0.00540	0.00782	0.00707	0.01018	0.01192	0.01784	0.01125	0.06766	0.79304	0.00698	0.01151	0.00480	0.00238	0.00389
49	0.00917	0.05597	0.53678	0.01117	0.01592	0.04453	0.02772	0.01297	0.00912	0.02930	0.02880	0.01171	0.00770	0.04921	0.08707	0.00210	0.04908	0.00372	0.00213	0.00584
50	0.87598	0.00854	0.00649	0.00581	0.00854	0.00991	0.00478	0.01298	0.00752	0.01982	0.00615	0.00717	0.00478	0.00410	0.00273	0.00137	0.00342	0.00239	0.00273	0.00478
51	0.87598	0.00854	0.00649	0.00581	0.00854	0.00991	0.00478	0.01298	0.00752	0.01982	0.00615	0.00717	0.00478	0.00410	0.00273	0.00137	0.00342	0.00239	0.00273	0.00478
52	0.00637	0.00457	0.00614	0.00633	0.00689	0.00488	0.00464	0.00742	0.00747	0.01021	0.01596	0.06922	0.04498	0.29977	0.37348	0.00499	0.00742	0.11290	0.00286	0.00351
53	0.00631	0.00473	0.00710	0.00710	0.00789	0.00552	0.00552	0.00789	0.00710	0.01025	0.01183	0.01735	0.01104	0.03312	0.82728	0.00710	0.01183	0.00473	0.00237	0.00394
54	0.00919	0.00902	0.01260	0.01099	0.01102	0.01242	0.00905	0.01013	0.00695	0.01070	0.00786	0.10204	0.00840	0.00841	0.01351	0.00192	0.74411	0.00483	0.00217	0.00469
55	0.87598	0.00854	0.00649	0.00581	0.00854	0.00991	0.00478	0.01298	0.00752	0.01982	0.00615	0.00717	0.00478	0.00410	0.00273	0.00137	0.00342	0.00239	0.00273	0.00478
56	0.01099	0.01015	0.01572	0.06645	0.56815	0.01060	0.01183	0.04891	0.17008	0.01568	0.02137	0.01237	0.00873	0.00450	0.00441	0.00136	0.00487	0.00420	0.00277	0.00686
57	0.00536	0.00391	0.00506	0.00598	0.00636	0.00360	0.00402	0.00617	0.00862	0.01134	0.02640	0.76128	0.10851	0.01357	0.00560	0.00176	0.00253	0.01223	0.00410	0.00360
58	0.00585	0.00465	0.00530	0.00531	0.00642	0.01683	0.00390	0.00732	0.01086	0.01422	0.36210	0.16957	0.35048	0.01062	0.00526	0.00149	0.00232	0.00920	0.00439	0.00391
59	0.00642	0.00428	0.00482	0.00482	0.00482	0.00428	0.00268	0.00642	0.00642	0.00856	0.01392	0.02890	0.01606	0.84478	0.02248	0.00428	0.00428	0.00642	0.00268	0.00268
60	0.00942	0.00808	0.00928	0.00689	0.01061	0.00662	0.00548	0.01289	0.12354	0.01498	0.00930	0.01020	0.00753	0.00366	0.00345	0.00077	0.00330	0.00296	0.00289	0.74815
61	0.17691	0.00903	0.03895	0.46298	0.11198	0.00994	0.06026	0.03180	0.00919	0.01406	0.01881	0.01141	0.01796	0.00443	0.00415	0.00143	0.00533	0.00382	0.00228	0.00527
62	0.00954	0.17242	0.60526	0.01221	0.01805	0.01166	0.08456	0.01386	0.00936	0.01334	0.00769	0.00915	0.00571	0.00408	0.00404	0.00132	0.00628	0.00327	0.00190	0.00632
63	0.00642	0.00430	0.00493	0.00493	0.00497	0.00434	0.00282	0.00650	0.00646	0.00865	0.01381	0.02833	0.01581	0.80439	0.06254	0.00442	0.00466	0.00634	0.00266	0.00274
64	0.00916	0.00785	0.00916	0.00654	0.01047	0.00589	0.00523	0.01112	0.00916	0.01439	0.00785	0.00916	0.00654	0.00327	0.00327	0.00065	0.00327	0.00262	0.00262	0.87178
65	0.00642	0.00428	0.00482	0.00482	0.00482	0.00428	0.00268	0.00642	0.00642	0.00856	0.01392	0.02890	0.01606	0.84478	0.02248	0.00428	0.00428	0.00642	0.00268	0.00268
66	0.01079	0.01090	0.02024	0.02469	0.59094	0.01069	0.23799	0.01372	0.01016	0.01435	0.00849	0.01121	0.00691	0.00387	0.00461	0.00136	0.00587	0.00430	0.00220	0.00670
67	0.00916	0.00785	0.00916	0.00654	0.01047	0.00589	0.00523	0.01112	0.00916	0.01439	0.00785	0.00916	0.00654	0.00327	0.00327	0.00065	0.00327	0.00262	0.00262	0.87178
68	0.00916	0.00785	0.00916	0.00654	0.01047	0.00589	0.00523	0.01112	0.00916	0.01439	0.00785	0.00916	0.00654	0.00327	0.00327	0.00065	0.00327	0.00262	0.00262	0.87178
69	0.01691	0.01218	0.01314	0.01007	0.01360	0.01341	0.00832	0.77170	0.02045	0.05910	0.01087	0.01078	0.00765	0.00531	0.00442	0.00133	0.00482	0.00399	0.00446	0.00751
70	0.00522	0.00447	0.00447	0.00447	0.00597	0.00373	0.00336	0.00634	0.01007	0.01193	0.04474	0.04250	0.81544	0.01119	0.00522	0.00149	0.00224	0.00932	0.00410	0.00373
71	0.00631	0.00473	0.00710	0.00710	0.00789	0.00552	0.00552	0.00789	0.00710	0.01025	0.01183	0.01735	0.01104	0.03312	0.82728	0.00710	0.01183	0.00473	0.00237	0.00394
72	0.00699	0.00504	0.00694	0.00789	0.00894	0.00499	0.00686	0.00896	0.01016	0.01313	0.02482	0.04933	0.07858	0.01213	0.00604	0.00200	0.00394	0.73513	0.00407	0.00404
73	0.00730	0.00607	0.00683	0.04746	0.00899	0.00623	0.00512	0.03657	0.20538	0.01417	0.06938	0.12320	0.38047	0.01053	0.04001	0.00176	0.00327	0.01847	0.00406	0.00473
74	0.01099	0.00949	0.00999	0.00899	0.01148	0.01099	0.00699	0.02347	0.80925	0.01848	0.01798	0.01648	0.01348	0.00599	0.00449	0.00150	0.00350	0.00499	0.00449	0.00699
75	0.00916	0.00785	0.00916	0.00654	0.01047	0.00589	0.00523	0.01112	0.00916	0.01439	0.00785	0.00916	0.00654	0.00327	0.00327	0.00065	0.00327	0.00262	0.00262	0.87178
76	0.01651	0.02067	0.01255	0.01132	0.01366	0.79127	0.00853	0.05216	0.01288	0.01156	0.00699	0.00808	0.00577	0.00458	0.00400	0.00115	0.00783	0.00289	0.00237	0.00523
77	0.87598	0.00854	0.00649	0.00581	0.00854	0.00991	0.00478	0.01298	0.00752	0.01982	0.00615	0.00717	0.00478	0.00410	0.00273	0.00137	0.00342	0.00239	0.00273	0.00478
78	0.00834	0.00785	0.01325	0.83417	0.03042	0.00981	0.01227	0.01128	0.00883	0.01128	0.00785	0.01178	0.00589	0.00442	0.00442	0.00147	0.00589	0.00393	0.00196	0.00491
79	0.00642	0.00428	0.00482	0.00482	0.00482	0.00428	0.00268	0.00642	0.00642	0.00856	0.01392	0.02890	0.01606	0.84478	0.02248	0.00428	0.00428	0.00642	0.00268	0.00268
80	0.01092	0.01054	0.01823	0.05071	0.72928	0.01057	0.06378	0.02666	0.01022	0.01454	0.00837	0.01101	0.00695	0.00396	0.00443	0.00133	0.00540	0.00402	0.00222	0.00687
81	0.00954	0.00799	0.00878	0.00787	0.01004	0.00876	0.00609	0.01846	0.53650	0.01802	0.24251	0.02071	0.02103	0.00669	0.00462	0.00142	0.00308	0.00570	0.00449	0.05771
82	0.01650	0.02105	0.01252	0.01138	0.01365	0.82705	0.00853	0.01764	0.01252	0.01081	0.00683	0.00796	0.00569	0.00455	0.00398	0.00114	0.00796	0.00284	0.00228	0.00512
83	0.01087	0.00956	0.01149	0.07345	0.13525	0.01086	0.00840	0.03306	0.61593	0.01747	0.01564	0.01519	0.01184	0.00555	0.00447	0.00147	0.00396	0.00474	0.00395	0.00684
84	0.00886	0.00838	0.01419	0.67195	0.18857	0.00995	0.01252	0.01174	0.00908	0.01192	0.00794	0.01161	0.00611	0.00432	0.00441	0.00144	0.00576	0.00393	0.00201	0.00533
85	0.00538	0.00384	0.00512	0.00615	0.00641	0.00359	0.00410	0.00615	0.00846	0.01127	0.02434	0.84190	0.02921	0.01384	0.00564	0.00179	0.00256	0.01256	0.00410	0.00359
86	0.00823	0.00412	0.00412	0.00412	0.00515	0.00412	0.00309	0.01029	0.00926	0.01647	0.01441	0.01647	0.01132	0.00515	0.00309	0.00103	0.00206	0.00412	0.86930	0.00412
87	0.00538	0.00384	0.00512	0.00615	0.00641	0.00359	0.00410	0.00615	0.00846	0.01127	0.02434	0.84190	0.02921	0.01384	0.00564	0.00179	0.00256	0.01256	0.00410	0.00359
88	0.01679	0.01237	0.01325	0.01016	0.01370	0.01370	0.00839	0.80251	0.02077	0.02783	0.01060	0.01060	0.00751	0.00530	0.00442	0.00133	0.00486	0.00398	0.00442	0.00751
89	0.00551	0.00477	0.00476	0.00480	0.00628	0.01660	0.00366	0.00668	0.01011	0.01199	0.04288	0.04240	0.75572	0.01114	0.00525	0.00152	0.00244	0.05565	0.00407	0.00377
90	0.01611	0.01204	0.01287	0.01003	0.01344	0.01338	0.00823	0.71183	0.11254	0.02675	0.01146	0.01129	0.00821	0.00538	0.00443	0.00135	0.00470	0.00409	0.00443	0.00745
91	0.01181	0.84744	0.02314	0.00756	0.01134	0.01748	0.00756	0.01323	0.00897	0.01039	0.00614	0.00708	0.00567	0.00378	0.00283	0.00094	0.00472	0.00236	0.00189	0.00567
92	0.00641	0.00433	0.00507	0.00507	0.00516	0.00442	0.00299	0.00659	0.00650	0.00875	0.01368	0.02762	0.01550	0.75465	0.11185	0.00459	0.00512	0.00624	0.00264	0.00282
93	0.00966	0.00966	0.01353	0.01160	0.01160	0.01353	0.00966	0.01063	0.00676	0.01063	0.00580	0.00966	0.00580	0.00773	0.01449	0.00193	0.83670	0.00387	0.00193	0.00483
94	0.00916	0.00785	0.00916	0.00654	0.01047	0.00589	0.00523	0.01112	0.00916	0.01439	0.00785	0.00916	0.00654	0.00327	0.00327	0.00065	0.00327	0.00262	0.00262	0.87178
95	0.01181	0.84744	0.02314	0.00756	0.01134	0.01748	0.00756	0.01323	0.00897	0.01039	0.00614	0.00708	0.00567	0.00378	0.00283	0.00094	0.00472	0.00236	0.00189	0.00567
96	0.01086	0.01006	0.05036	0.00916	0.01183	0.01080	0.00749	0.03729	0.72757	0.01825	0.01752	0.01713	0.01338	0.00610	0.00453	0.00151	0.00369	0.03124	0.00435	0.00688
97	0.00767	0.00384	0.00575	0.00575	0.00575	0.00384	0.00384	0.00575	0.00575	0.00767	0.00767	0.01343	0.00767	0.01534	0.01726	0.87150	0.00384	0.00384	0.00192	0.00192
98	0.01650	0.02105	0.01252	0.01138	0.01365	0.82705	0.00853	0.01764	0.01252	0.01081	0.00683	0.00796	0.00569	0.00455	0.00398	0.00114	0.00796	0.00284	0.00228	0.00512
99	0.00916	0.00785	0.00916	0.00654	0.01047	0.00589	0.00523	0.01112	0.00916	0.01439	0.00785	0.00916	0.00654	0.00327	0.00327	0.00065	0.00327	0.00262	0.00262	0.87178
100	0.01864	0.00778	0.01021	0.00801	0.01130	0.00709	0.00656	0.02178	0.11836	0.71388	0.01750	0.01522	0.01127	0.00554	0.00445	0.00138	0.00372	0.00451	0.00534	0.00745
101	0.00767	0.00384	0.00575	0.00575	0.00575	0.00384	0.00384	0.00575	0.00575	0.00767	0.00767	0.01343	0.00767	0.01534	0.01726	0.87150	0.00384	0.00384	0.00192	0.00192
102	0.01575	0.01162	0.01223	0.00955	0.01278	0.02791	0.00783	0.68418	0.04473	0.02609	0.01115	0.01132	0.00805	0.00529	0.00428	0.00130	0.00460	0.00400	0.09025	0.00711
103	0.00615	0.00451	0.00576	0.00545	0.00653	0.00412	0.00409	0.00813	0.01226	0.01713	0.73723	0.03395	0.11971	0.00925	0.00521	0.00140	0.00210	0.00812	0.00479	0.00412
104	0.11794	0.01167	0.01231	0.00953	0.01297	0.01289	0.00787	0.67014	0.01880	0.06703	0.01043	0.01042	0.00736	0.00517	0.00422	0.00133	0.00463	0.00381	0.00427	0.00719
105	0.01127	0.00963	0.01015	0.00905	0.01159	0.01112	0.00706	0.06224	0.77001	0.01894	0.01761	0.01619	0.01318	0.00596	0.00449	0.00149	0.00356	0.00494	0.00449	0.00702
106	0.00522	0.00447	0.00447	0.00447	0.00597	0.00373	0.00336	0.00634	0.01007	0.01193	0.04474	0.04250	0.81544	0.01119	0.00522	0.00149	0.00224	0.00932	0.00410	0.00373
107	0.00538	0.00384	0.00512	0.00615	0.00641	0.00359	0.00410	0.00615	0.00846	0.01127	0.02434	0.84190	0.02921	0.01384	0.00564	0.00179	0.00256	0.01256	0.00410	0.00359
108	0.01067	0.00905	0.00955	0.00861	0.01104	0.01033	0.00669	0.02207	0.73229	0.03126	0.02010	0.01853	0.07740	0.00640	0.00455	0.00150	0.00340	0.00533	0.00448	0.00674
109	0.87598	0.00854	0.00649	0.00581	0.00854	0.00991	0.00478	0.01298	0.00752	0.01982	0.00615	0.00717	0.00478	0.00410	0.00273	0.00137	0.00342	0.00239	0.00273	0.00478
110	0.00538	0.00384	0.00512	0.00615	0.00641	0.00359	0.00410	0.00615	0.00846	0.01127	0.02434	0.84190	0.02921	0.01384	0.00564	0.00179	0.00256	0.01256	0.00410	0.00359
111	0.00538	0.00384	0.00512	0.00615	0.00641	0.00359	0.00410	0.00615	0.00846	0.01127	0.02434	0.84190	0.02921	0.01384	0.00564	0.00179	0.00256	0.01256	0.00410	0.00359
112	0.01679	0.01237	0.01325	0.01016	0.01370	0.01370	0.00839	0.80251	0.02077	0.02783	0.01060	0.01060	0.00751	0.00530	0.00442	0.00133	0.00486	0.00398	0.00442	0.00751
113	0.00637	0.00429	0.00480	0.00480	0.00487	0.00426	0.00271	0.00642	0.00658	0.00871	0.01523	0.02948	0.05007	0.80932	0.02175	0.00416	0.00419	0.00655	0.00274	0.00272
114	0.00712	0.00508	0.00712	0.00813	0.00915	0.00508	0.00712	0.00915	0.01017	0.01322	0.02338	0.04982	0.02542	0.01220	0.00610	0.00203	0.00407	0.78750	0.00407	0.00407
115	0.00535	0.00416	0.00487	0.00536	0.00622	0.00368	0.00377	0.00635	0.00939	0.01190	0.07411	0.43911	0.38520	0.01239	0.00543	0.00164	0.00239	0.01086	0.00414	0.00368

[dist]
# distance from previous block
# <min> <max>
0	8

[block]
# block no. 1 follows, 59 sequences, length 58
# corresponding to MSA columns:
# 170-227
name=unknown_B
#
# <colnr> <probs for GDERKNQSTAVLIFYWHMCP>
#	G	D	E	R	K	N	Q	S	T	A	V	L	I	F	Y	W	H	M	C	P
0	0.00886	0.02285	0.82190	0.01259	0.01912	0.01026	0.01632	0.01399	0.00932	0.01399	0.00793	0.00932	0.00559	0.00420	0.00420	0.00140	0.00653	0.00326	0.00186	0.00653
1	0.01222	0.04671	0.01594	0.06661	0.41470	0.10829	0.03281	0.12019	0.09129	0.01575	0.00925	0.01097	0.00740	0.00450	0.00454	0.00132	0.02434	0.00388	0.00270	0.00659
2	0.03323	0.01124	0.01194	0.00959	0.01274	0.01256	0.00778	0.53841	0.24776	0.02460	0.02470	0.01298	0.02072	0.00561	0.00443	0.00138	0.00436	0.00437	0.00441	0.00720
3	0.01016	0.00830	0.00960	0.00694	0.01081	0.00669	0.00558	0.09141	0.01041	0.03314	0.00834	0.00943	0.00673	0.00352	0.00341	0.00074	0.00344	0.00279	0.00286	0.76570
4	0.01173	0.00914	0.00989	0.00880	0.01133	0.01034	0.00687	0.02283	0.70806	0.09941	0.01808	0.03757	0.01363	0.00614	0.00452	0.00149	0.00350	0.00513	0.00458	0.00696
5	0.00567	0.00404	0.00538	0.00631	0.00665	0.00386	0.00434	0.00665	0.02048	0.01136	0.02336	0.72371	0.02762	0.03458	0.02452	0.01718	0.00295	0.06374	0.00399	0.00363
6	0.87598	0.00854	0.00649	0.00581	0.00854	0.00991	0.00478	0.01298	0.00752	0.01982	0.00615	0.00717	0.00478	0.00410	0.00273	0.00137	0.00342	0.00239	0.00273	0.00478
7	0.01679	0.01187	0.01288	0.00993	0.01341	0.01301	0.00819	0.70801	0.05305	0.09031	0.01145	0.01120	0.00803	0.00534	0.00442	0.00134	0.00472	0.00406	0.00450	0.00749
8	0.00549	0.00442	0.00446	0.00449	0.00590	0.00376	0.00335	0.00669	0.00995	0.01232	0.04148	0.06207	0.72213	0.01072	0.00504	0.00146	0.00223	0.00895	0.08133	0.00376
9	0.01017	0.04455	0.55416	0.01173	0.02867	0.14030	0.01337	0.03097	0.02745	0.01398	0.06123	0.01141	0.02344	0.00474	0.00422	0.00134	0.00621	0.00365	0.00228	0.00611
10	0.01189	0.00973	0.01044	0.00917	0.01176	0.01106	0.00730	0.18826	0.57355	0.02002	0.01686	0.01805	0.01322	0.00637	0.00461	0.00151	0.00383	0.07105	0.00444	0.00685
11	0.01323	0.01037	0.01115	0.00920	0.01213	0.01146	0.00735	0.38557	0.33916	0.02213	0.01429	0.06544	0.01124	0.00599	0.00445	0.00138	0.00406	0.00484	0.00431	0.06223
12	0.01121	0.49594	0.14891	0.04359	0.01381	0.07373	0.03971	0.02865	0.02692	0.01182	0.00786	0.04583	0.00699	0.00445	0.00350	0.00113	0.00525	0.00327	0.00215	0.02530
13	0.00754	0.03621	0.00838	0.00798	0.04193	0.02081	0.00591	0.02676	0.00788	0.02908	0.01289	0.01784	0.05039	0.07195	0.57212	0.03074	0.04004	0.00482	0.00253	0.00421
14	0.00953	0.16558	0.60459	0.01240	0.02756	0.01160	0.08228	0.01386	0.00937	0.01338	0.00771	0.00918	0.00572	0.00408	0.00405	0.00133	0.00628	0.00328	0.00190	0.00633
15	0.01062	0.01018	0.01737	0.12284	0.72391	0.01041	0.01340	0.01329	0.00991	0.01406	0.00825	0.01103	0.00686	0.00399	0.00438	0.00133	0.00532	0.00393	0.00216	0.00675
16	0.00914	0.00885	0.01559	0.45973	0.24937	0.00979	0.10645	0.01196	0.00937	0.01252	0.00948	0.04679	0.02227	0.00472	0.00456	0.00144	0.00569	0.00454	0.00219	0.00554
17	0.00927	0.00965	0.02785	0.05125	0.05417	0.00917	0.48667	0.01230	0.01016	0.01413	0.06841	0.06092	0.04846	0.00539	0.00519	0.00147	0.02429	0.01866	0.07720	0.00539
18	0.00588	0.00422	0.00557	0.00614	0.00641	0.00427	0.00414	0.00656	0.00776	0.01049	0.01967	0.52286	0.02299	0.19035	0.12210	0.01673	0.02710	0.00982	0.00347	0.00345
19	0.01982	0.00752	0.01025	0.00786	0.01127	0.00649	0.00649	0.02152	0.01264	0.82029	0.01742	0.01503	0.01093	0.00547	0.00444	0.00137	0.00376	0.00444	0.00547	0.00752
20	0.02869	0.00777	0.02342	0.06335	0.06089	0.00784	0.06608	0.03175	0.02742	0.28977	0.01357	0.01630	0.02567	0.06062	0.16556	0.00273	0.07455	0.02475	0.00353	0.00576
21	0.01013	0.05645	0.09556	0.14955	0.12904	0.03213	0.37552	0.01332	0.00975	0.01318	0.00842	0.02270	0.00669	0.00430	0.00526	0.00145	0.05412	0.00446	0.00214	0.00585
22	0.01679	0.01237	0.01325	0.01016	0.01370	0.01370	0.00839	0.80251	0.02077	0.02783	0.01060	0.01060	0.00751	0.00530	0.00442	0.00133	0.00486	0.00398	0.00442	0.00751
23	0.00538	0.00386	0.00511	0.00610	0.00639	0.00359	0.00408	0.00615	0.00850	0.01129	0.02489	0.82035	0.05041	0.01377	0.00563	0.00179	0.00255	0.01247	0.00410	0.00359
24	0.01141	0.05928	0.55316	0.04120	0.01743	0.02804	0.01349	0.07054	0.01068	0.13984	0.00948	0.01025	0.00657	0.00447	0.00419	0.00136	0.00590	0.00347	0.00262	0.00662
25	0.00653	0.00464	0.00562	0.00553	0.00601	0.00480	0.00367	0.02803	0.00740	0.00991	0.01676	0.02685	0.10518	0.50969	0.23633	0.00464	0.00609	0.00623	0.00280	0.00327
26	0.01650	0.02105	0.01252	0.01138	0.01365	0.82705	0.00853	0.01764	0.01252	0.01081	0.00683	0.00796	0.00569	0.00455	0.00398	0.00114	0.00796	0.00284	0.00228	0.00512
27	0.00551	0.00398	0.00524	0.00617	0.00656	0.00371	0.00425	0.00641	0.00876	0.01161	0.04650	0.72526	0.07332	0.01346	0.00563	0.00178	0.00263	0.06149	0.00412	0.00364
28	0.01112	0.01094	0.01604	0.18941	0.53938	0.09852	0.01249	0.01362	0.01013	0.02959	0.00850	0.01154	0.00703	0.00428	0.00437	0.00134	0.00562	0.01752	0.00225	0.00633
29	0.01341	0.56484	0.01951	0.00886	0.01213	0.29432	0.00789	0.01473	0.01019	0.01053	0.00638	0.00739	0.00568	0.00404	0.00323	0.00101	0.00583	0.00253	0.00202	0.00548
30	0.01118	0.03307	0.08880	0.06442	0.42083	0.03258	0.04231	0.05901	0.03556	0.04172	0.00873	0.01078	0.00698	0.00438	0.00492	0.00132	0.05847	0.00381	0.00247	0.06868
31	0.00932	0.00964	0.02638	0.00978	0.01162	0.14717	0.12062	0.01207	0.08017	0.01310	0.07883	0.09686	0.10492	0.02481	0.01820	0.00172	0.07237	0.15430	0.00334	0.00478
32	0.00642	0.00428	0.00482	0.00482	0.00482	0.00428	0.00268	0.00642	0.00642	0.00856	0.01392	0.02890	0.01606	0.84478	0.02248	0.00428	0.00428	0.00642	0.00268	0.00268
33	0.00854	0.00552	0.00726	0.08391	0.06775	0.00571	0.04028	0.01121	0.04287	0.01580	0.04383	0.01640	0.02252	0.00519	0.00357	0.00115	0.00295	0.00439	0.60656	0.00460
34	0.00941	0.15230	0.66205	0.01164	0.01757	0.01143	0.01455	0.01426	0.04267	0.01361	0.00806	0.00927	0.00594	0.00421	0.00399	0.00133	0.00612	0.00319	0.00198	0.00641
35	0.00593	0.00463	0.00684	0.00718	0.00777	0.00444	0.06030	0.00717	0.02636	0.01163	0.02282	0.75181	0.02690	0.01285	0.00572	0.00177	0.01636	0.01173	0.00394	0.00385
36	0.00642	0.00428	0.00482	0.00482	0.00482	0.00428	0.00268	0.00642	0.00642	0.00856	0.01392	0.02890	0.01606	0.84478	0.02248	0.00428	0.00428	0.00642	0.00268	0.00268
37	0.00916	0.00785	0.00916	0.00654	0.01047	0.00589	0.00523	0.01112	0.00916	0.01439	0.00785	0.00916	0.00654	0.00327	0.00327	0.00065	0.00327	0.00262	0.00262	0.87178
38	0.03009	0.33564	0.46110	0.01041	0.01566	0.01316	0.01235	0.05117	0.00969	0.01341	0.00733	0.00848	0.00570	0.00409	0.00366	0.00122	0.00569	0.00293	0.00202	0.00621
39	0.00724	0.00587	0.00672	0.00674	0.00805	0.00615	0.00498	0.01191	0.26232	0.01387	0.05802	0.30364	0.19329	0.01224	0.07585	0.00207	0.00356	0.00860	0.00411	0.00475
40	0.00736	0.00485	0.00608	0.00569	0.00689	0.00462	0.00429	0.00994	0.05472	0.05492	0.61415	0.05142	0.03463	0.00835	0.00488	0.00136	0.00225	0.00731	0.11184	0.00445
41	0.01058	0.06435	0.38964	0.01227	0.07083	0.01078	0.05822	0.11043	0.12178	0.03129	0.02143	0.02193	0.02347	0.00482	0.00429	0.00136	0.00544	0.00400	0.00278	0.03030
42	0.06075	0.03805	0.37415	0.01149	0.08404	0.03180	0.01132	0.04213	0.07771	0.09199	0.03708	0.02519	0.06069	0.00544	0.00431	0.00140	0.00511	0.02821	0.00294	0.00621
43	0.00571	0.00482	0.00499	0.00495	0.00647	0.00426	0.00377	0.00763	0.06109	0.01264	0.07451	0.04074	0.70044	0.01080	0.00521	0.00151	0.00238	0.03995	0.00416	0.00397
44	0.03066	0.01368	0.12742	0.06665	0.35391	0.13546	0.15680	0.01400	0.01023	0.01362	0.00851	0.03321	0.00705	0.00433	0.00444	0.00135	0.00616	0.00411	0.00222	0.00619
45	0.01252	0.04619	0.14105	0.03217	0.16829	0.04234	0.06282	0.04531	0.09748	0.19075	0.04484	0.03354	0.01029	0.00528	0.00486	0.00140	0.03968	0.01137	0.00334	0.00649
46	0.00936	0.01692	0.47370	0.14092	0.07335	0.03207	0.04504	0.02856	0.00973	0.02933	0.02425	0.04889	0.00773	0.00475	0.00434	0.00139	0.00595	0.00401	0.00223	0.03748
47	0.00581	0.00426	0.00537	0.00606	0.00662	0.00400	0.00416	0.03514	0.00927	0.01222	0.05792	0.67697	0.12983	0.01300	0.00552	0.00172	0.00258	0.01165	0.00414	0.00377
48	0.00993	0.01505	0.36846	0.06252	0.16044	0.00960	0.07504	0.03559	0.05580	0.05932	0.04442	0.03576	0.03826	0.00505	0.00448	0.00141	0.00551	0.00443	0.00264	0.00630
49	0.05469	0.02727	0.12213	0.25142	0.20306	0.01064	0.08865	0.02565	0.02667	0.04809	0.00841	0.01095	0.00652	0.00462	0.00539	0.00145	0.09229	0.00390	0.00231	0.00590
50	0.00813	0.00838	0.06070	0.58376	0.05531	0.00895	0.01097	0.01123	0.03425	0.01200	0.02818	0.01546	0.08970	0.00624	0.03432	0.00165	0.00555	0.00456	0.00235	0.01829
51	0.01243	0.01253	0.12408	0.03321	0.25352	0.07914	0.15009	0.07092	0.01143	0.13881	0.03326	0.01301	0.03753	0.00473	0.00453	0.00136	0.00560	0.00436	0.00296	0.00647
52	0.01016	0.01808	0.55031	0.01195	0.04804	0.02499	0.02861	0.03613	0.04830	0.08786	0.01047	0.05606	0.00825	0.03542	0.00500	0.00152	0.00578	0.00415	0.00257	0.00635
53	0.03536	0.00797	0.02715	0.03781	0.01112	0.05280	0.04146	0.04899	0.03236	0.22638	0.01680	0.25085	0.03012	0.00796	0.00513	0.00148	0.03801	0.04152	0.01576	0.07098
54	0.01019	0.02568	0.35060	0.08670	0.07260	0.02475	0.08940	0.02928	0.01020	0.09650	0.04879	0.04007	0.02877	0.00547	0.00475	0.00145	0.02148	0.04458	0.00274	0.00602
55	0.01071	0.01006	0.08649	0.05761	0.24817	0.03502	0.03163	0.08325	0.04339	0.08664	0.02991	0.14035	0.05328	0.00657	0.00492	0.00145	0.02738	0.01797	0.01926	0.00595
56	0.04129	0.01156	0.07897	0.03352	0.16845	0.08165	0.24461	0.01421	0.04351	0.08074	0.06350	0.02653	0.02075	0.03538	0.00562	0.00152	0.03473	0.00476	0.00280	0.00589
57	0.03016	0.05766	0.05073	0.00926	0.03397	0.12159	0.02257	0.08954	0.06436	0.33183	0.04519	0.05472	0.02605	0.00568	0.00432	0.00132	0.00455	0.00457	0.00407	0.03785

[dist]
# distance from previous block
# <min> <max>
5	67

[block]
# block no. 2 follows, 59 sequences, length 12
# corresponding to MSA columns:
# 311-322
name=unknown_C
#
# <colnr> <probs for GDERKNQSTAVLIFYWHMCP>
#	G	D	E	R	K	N	Q	S	T	A	V	L	I	F	Y	W	H	M	C	P
0	0.04961	0.14150	0.06816	0.05548	0.01307	0.13241	0.06307	0.07219	0.03827	0.09737	0.08988	0.06721	0.05560	0.00587	0.00424	0.00130	0.00483	0.00479	0.00322	0.03193
1	0.07815	0.03869	0.08265	0.03933	0.03041	0.01006	0.16379	0.14385	0.13780	0.04318	0.04077	0.01576	0.06757	0.02974	0.00497	0.00147	0.00480	0.01988	0.00333	0.04380
2	0.08840	0.04526	0.01120	0.07069	0.01261	0.04284	0.06390	0.16900	0.08220	0.10163	0.08907	0.10002	0.03488	0.03315	0.00501	0.00148	0.00424	0.00537	0.00373	0.03531
3	0.05651	0.06973	0.10468	0.07137	0.03892	0.03003	0.17299	0.11219	0.03717	0.06860	0.04618	0.02852	0.02389	0.00584	0.02976	0.00153	0.03557	0.00437	0.00294	0.05920
4	0.08488	0.04169	0.04274	0.14162	0.01650	0.14004	0.11755	0.10006	0.07451	0.07885	0.02337	0.01219	0.00815	0.00497	0.00472	0.00137	0.04267	0.02381	0.00297	0.03734
5	0.02690	0.20321	0.14814	0.01058	0.01406	0.08859	0.12241	0.09569	0.01064	0.01405	0.04119	0.03501	0.00864	0.04157	0.00565	0.00141	0.07086	0.00397	0.00252	0.05493
6	0.01118	0.01067	0.04730	0.04531	0.01512	0.07180	0.22472	0.17979	0.01222	0.04239	0.03366	0.10262	0.03804	0.02378	0.04561	0.00171	0.00567	0.00539	0.00316	0.07986
7	0.12389	0.01242	0.04376	0.00916	0.01209	0.14460	0.00755	0.35967	0.10125	0.02047	0.01328	0.05364	0.06750	0.00591	0.00425	0.00136	0.00480	0.00448	0.00372	0.00621
8	0.01165	0.01065	0.04297	0.00857	0.01120	0.13994	0.00708	0.12556	0.05169	0.07876	0.06622	0.03441	0.07644	0.00633	0.00513	0.00129	0.06746	0.06131	0.00345	0.18990
9	0.04867	0.00845	0.04386	0.00862	0.00981	0.06123	0.00640	0.01012	0.01011	0.01387	0.04716	0.27628	0.08882	0.07145	0.08894	0.12521	0.02523	0.04659	0.00406	0.00512
10	0.05120	0.04577	0.01667	0.01324	0.01544	0.03017	0.21375	0.07874	0.01115	0.01609	0.01225	0.07534	0.01126	0.01184	0.12986	0.00287	0.22684	0.00569	0.02529	0.00652
11	0.10050	0.08384	0.01377	0.02069	0.02416	0.07063	0.00835	0.38676	0.03699	0.05287	0.01635	0.01740	0.10425	0.00734	0.00528	0.00177	0.00538	0.00508	0.00460	0.03400

[dist]
# distance from previous block
# <min> <max>
0	1

[block]
# block no. 3 follows, 59 sequences, length 16
# corresponding to MSA columns:
# 324-339
name=unknown_D
#
# <colnr> <probs for GDERKNQSTAVLIFYWHMCP>
#	G	D	E	R	K	N	Q	S	T	A	V	L	I	F	Y	W	H	M	C	P
0	0.00692	0.00520	0.00653	0.00658	0.00756	0.00516	0.01945	0.00933	0.09406	0.01361	0.16847	0.26143	0.10904	0.09687	0.07326	0.00236	0.00373	0.06445	0.04172	0.00425
1	0.11089	0.00969	0.01043	0.00870	0.01155	0.01054	0.00694	0.22932	0.30320	0.09639	0.01339	0.01337	0.01000	0.00690	0.03876	0.02433	0.01557	0.00422	0.00412	0.07167
2	0.01496	0.10639	0.01400	0.01118	0.01321	0.58533	0.00875	0.01602	0.01122	0.01099	0.00683	0.00857	0.00596	0.00524	0.00595	0.00132	0.16348	0.00308	0.00226	0.00526
3	0.00638	0.00474	0.00569	0.00607	0.00690	0.00443	0.00433	0.03974	0.00982	0.01281	0.08995	0.41275	0.22594	0.08183	0.00700	0.00194	0.00289	0.06872	0.00414	0.00394
4	0.02363	0.00465	0.00518	0.00501	0.00613	0.00425	0.00355	0.00812	0.00945	0.06793	0.12745	0.07588	0.33877	0.21400	0.00918	0.00213	0.00285	0.00769	0.08032	0.00383
5	0.00772	0.00572	0.00687	0.00623	0.00788	0.00532	0.00479	0.09229	0.01202	0.03102	0.36844	0.12464	0.15456	0.00899	0.00499	0.00140	0.00272	0.04767	0.00432	0.10242
6	0.00608	0.00489	0.00642	0.00784	0.09778	0.00450	0.00486	0.00727	0.00948	0.01236	0.10631	0.36584	0.29054	0.04756	0.00605	0.00171	0.00278	0.00978	0.00390	0.00404
7	0.00684	0.00525	0.00600	0.00566	0.00706	0.00493	0.00427	0.09119	0.01190	0.01564	0.31953	0.12594	0.35925	0.01008	0.00518	0.00147	0.00250	0.00864	0.00441	0.00427
8	0.46658	0.00784	0.00721	0.00630	0.00889	0.00848	0.00511	0.03208	0.09336	0.05925	0.01015	0.01199	0.00807	0.00480	0.00330	0.00128	0.00330	0.03726	0.12173	0.10301
9	0.00771	0.00466	0.00554	0.00531	0.00599	0.00441	0.00346	0.00832	0.00837	0.10186	0.11180	0.08884	0.10392	0.50347	0.01537	0.00314	0.00362	0.00714	0.00350	0.00357
10	0.05090	0.00608	0.00784	0.00665	0.00887	0.00549	0.00524	0.01496	0.01160	0.41627	0.21603	0.11326	0.03859	0.00734	0.00461	0.00140	0.00303	0.00623	0.06984	0.00578
11	0.01147	0.00667	0.00832	0.00716	0.00895	0.00677	0.00562	0.09574	0.01145	0.24483	0.12001	0.10876	0.14339	0.05602	0.00689	0.00164	0.09731	0.00650	0.04716	0.00533
12	0.07145	0.00451	0.00501	0.00517	0.00543	0.00456	0.00314	0.00686	0.00694	0.00998	0.01555	0.20007	0.01801	0.60508	0.01742	0.00353	0.00385	0.00742	0.00298	0.00303
13	0.03633	0.00728	0.00925	0.00751	0.01023	0.00691	0.00609	0.09994	0.03375	0.46609	0.08704	0.01856	0.08144	0.00935	0.09746	0.00203	0.00450	0.00511	0.00474	0.00642
14	0.00851	0.00611	0.00739	0.00691	0.00814	0.00655	0.00518	0.18116	0.01067	0.01473	0.03550	0.17955	0.05335	0.13309	0.26145	0.00360	0.00611	0.00658	0.06094	0.00448
15	0.01170	0.00718	0.00848	0.00744	0.00971	0.00717	0.00598	0.11848	0.14887	0.21799	0.09134	0.06008	0.17724	0.00814	0.00492	0.00151	0.00340	0.09996	0.00461	0.00580

[dist]
# distance from previous block
# <min> <max>
9	141

# created by:
# /st0/software/busco_prod/Augustus/scripts/msa2prfl.pl ./align_prep/117925.fa
