[name]
unknown

[dist]
# distance from previous block
# <min> <max>
0	18

[block]
# block no. 0 follows, 55 sequences, length 14
# corresponding to MSA columns:
# 45-58
name=unknown_A
#
# <colnr> <probs for GDERKNQSTAVLIFYWHMCP>
#	G	D	E	R	K	N	Q	S	T	A	V	L	I	F	Y	W	H	M	C	P
0	0.02760	0.42794	0.14538	0.00908	0.01285	0.05474	0.00903	0.10007	0.01106	0.01403	0.01075	0.10132	0.02485	0.00585	0.00393	0.00128	0.00512	0.02648	0.00269	0.00596
1	0.01231	0.58537	0.08927	0.00873	0.01262	0.04199	0.00860	0.03338	0.09696	0.03023	0.00905	0.03710	0.00788	0.00474	0.00352	0.00116	0.00501	0.00334	0.00253	0.00620
2	0.10636	0.58802	0.13649	0.00860	0.01282	0.01608	0.00895	0.01455	0.04848	0.01301	0.00736	0.00831	0.00626	0.00420	0.00327	0.00114	0.00504	0.00277	0.00222	0.00607
3	0.01012	0.16650	0.09096	0.02601	0.01117	0.02888	0.00733	0.06513	0.03146	0.06030	0.25029	0.06706	0.04987	0.02381	0.00517	0.00144	0.01472	0.03144	0.00375	0.05459
4	0.00941	0.00755	0.00859	0.00688	0.00986	0.00653	0.00538	0.09665	0.03603	0.01635	0.04231	0.11346	0.11879	0.00651	0.00425	0.00110	0.00330	0.00545	0.04865	0.45295
5	0.03485	0.01092	0.01842	0.08074	0.04891	0.01114	0.33983	0.14904	0.10740	0.06691	0.05394	0.01421	0.01031	0.00502	0.00498	0.00150	0.00586	0.00508	0.02437	0.00656
6	0.00567	0.00405	0.00540	0.00648	0.00675	0.00378	0.00432	0.00648	0.00891	0.01188	0.02564	0.83347	0.03077	0.01457	0.00594	0.00189	0.00270	0.01323	0.00432	0.00378
7	0.01375	0.01035	0.01125	0.02749	0.01246	0.02519	0.00726	0.44985	0.01651	0.02283	0.01247	0.10206	0.01055	0.00612	0.00442	0.00129	0.00433	0.00490	0.08785	0.16907
8	0.01587	0.00903	0.02626	0.00824	0.01148	0.04753	0.00678	0.08686	0.05785	0.41659	0.01937	0.04312	0.09888	0.00654	0.00468	0.00139	0.00406	0.02444	0.00477	0.10625
9	0.12809	0.25390	0.25884	0.00977	0.01426	0.01319	0.01032	0.11531	0.07657	0.04583	0.02767	0.01043	0.00784	0.00475	0.00389	0.00133	0.00518	0.00345	0.00288	0.00652
10	0.01276	0.00934	0.01031	0.00909	0.01169	0.01034	0.00709	0.09392	0.53274	0.12716	0.01887	0.10649	0.01508	0.00708	0.00485	0.00158	0.00375	0.00596	0.00482	0.00709
11	0.00692	0.00503	0.00724	0.04768	0.00900	0.00488	0.04559	0.00802	0.00899	0.03688	0.02224	0.49317	0.04605	0.16069	0.00903	0.00233	0.00363	0.07480	0.00388	0.00398
12	0.01570	0.00846	0.03183	0.03737	0.05457	0.00783	0.01942	0.01972	0.15566	0.45005	0.04636	0.09070	0.01455	0.00672	0.00486	0.00152	0.00403	0.01860	0.00493	0.00708
13	0.03631	0.00764	0.00950	0.00760	0.01061	0.00700	0.00618	0.10301	0.01357	0.48890	0.07812	0.02232	0.17421	0.00719	0.00486	0.00146	0.00363	0.00588	0.00523	0.00679

[dist]
# distance from previous block
# <min> <max>
0	3

[block]
# block no. 1 follows, 55 sequences, length 7
# corresponding to MSA columns:
# 62-68
name=unknown_B
#
# <colnr> <probs for GDERKNQSTAVLIFYWHMCP>
#	G	D	E	R	K	N	Q	S	T	A	V	L	I	F	Y	W	H	M	C	P
0	0.00567	0.00405	0.00540	0.00648	0.00675	0.00378	0.00432	0.00648	0.00891	0.01188	0.02564	0.83347	0.03077	0.01457	0.00594	0.00189	0.00270	0.01323	0.00432	0.00378
1	0.01123	0.01262	0.04747	0.05177	0.05228	0.15464	0.35976	0.01389	0.01080	0.03548	0.01214	0.16829	0.01142	0.00634	0.00549	0.00156	0.03009	0.00626	0.00279	0.00567
2	0.17359	0.01994	0.57326	0.01259	0.01846	0.01084	0.09907	0.01455	0.00958	0.01592	0.00811	0.00969	0.00586	0.00435	0.00424	0.00148	0.00636	0.00349	0.00218	0.00646
3	0.00690	0.00470	0.00567	0.00588	0.00613	0.00475	0.00388	0.00740	0.00756	0.01006	0.01644	0.03396	0.01850	0.63401	0.06533	0.00423	0.00492	0.15346	0.00308	0.00317
4	0.00711	0.00608	0.01051	0.00942	0.01078	0.00619	0.15498	0.00888	0.00868	0.01198	0.01680	0.32147	0.01790	0.02140	0.35990	0.00426	0.00794	0.00816	0.00315	0.00442
5	0.01058	0.05423	0.07121	0.05101	0.12180	0.00871	0.09686	0.01394	0.08728	0.11264	0.03048	0.20494	0.02947	0.00757	0.00516	0.00157	0.02003	0.02704	0.03960	0.00590
6	0.00993	0.04926	0.53928	0.01271	0.05112	0.03691	0.04573	0.01424	0.00997	0.01459	0.00829	0.00984	0.00620	0.00420	0.00423	0.00130	0.00619	0.00337	0.00216	0.17050

[dist]
# distance from previous block
# <min> <max>
0	1

[block]
# block no. 2 follows, 55 sequences, length 6
# corresponding to MSA columns:
# 70-75
name=unknown_C
#
# <colnr> <probs for GDERKNQSTAVLIFYWHMCP>
#	G	D	E	R	K	N	Q	S	T	A	V	L	I	F	Y	W	H	M	C	P
0	0.01105	0.01230	0.05927	0.15501	0.25043	0.06899	0.30755	0.01430	0.01064	0.01433	0.00907	0.01200	0.00708	0.00426	0.00485	0.00146	0.00664	0.00454	0.03992	0.00629
1	0.07369	0.04806	0.35982	0.05268	0.03373	0.06851	0.08945	0.05247	0.01101	0.10473	0.03374	0.01193	0.00817	0.02627	0.00493	0.00152	0.00610	0.00397	0.00279	0.00645
2	0.00994	0.03798	0.43065	0.07346	0.13877	0.01021	0.08088	0.01395	0.01015	0.04765	0.01194	0.04752	0.05587	0.00527	0.00466	0.00148	0.00609	0.00460	0.00246	0.00649
3	0.00989	0.01005	0.04236	0.44384	0.16327	0.01074	0.14394	0.03500	0.01018	0.01362	0.00925	0.01376	0.00744	0.00490	0.00516	0.00156	0.03039	0.03650	0.00232	0.00583
4	0.04171	0.07425	0.37505	0.14406	0.04798	0.05055	0.11154	0.01379	0.00997	0.01393	0.01022	0.04209	0.03485	0.00500	0.00452	0.00147	0.00635	0.00430	0.00227	0.00612
5	0.04433	0.05060	0.12712	0.10600	0.09389	0.19652	0.04080	0.08075	0.02402	0.04965	0.01098	0.05697	0.03014	0.00558	0.00486	0.00142	0.03709	0.00440	0.02887	0.00600

[dist]
# distance from previous block
# <min> <max>
0	19

[block]
# block no. 3 follows, 55 sequences, length 32
# corresponding to MSA columns:
# 95-126
name=unknown_D
#
# <colnr> <probs for GDERKNQSTAVLIFYWHMCP>
#	G	D	E	R	K	N	Q	S	T	A	V	L	I	F	Y	W	H	M	C	P
0	0.06945	0.19869	0.12579	0.06182	0.04892	0.17890	0.04000	0.05494	0.01105	0.03251	0.02519	0.01192	0.05374	0.00512	0.00454	0.00131	0.03986	0.00377	0.00261	0.02986
1	0.07480	0.00920	0.00997	0.00877	0.03285	0.10385	0.05638	0.05910	0.06434	0.14126	0.14263	0.02336	0.18035	0.04714	0.00572	0.00159	0.00421	0.00607	0.00409	0.02428
2	0.01056	0.10148	0.08976	0.02729	0.04283	0.03487	0.02142	0.05348	0.15773	0.05442	0.03469	0.08442	0.10625	0.00721	0.00509	0.00147	0.03742	0.04520	0.03734	0.04708
3	0.00685	0.00458	0.00517	0.00513	0.00540	0.00448	0.00305	0.00719	0.00752	0.01033	0.05207	0.05709	0.04876	0.67107	0.01988	0.00388	0.00409	0.00695	0.05668	0.01984
4	0.07493	0.28983	0.35604	0.01136	0.03297	0.02663	0.04574	0.07204	0.01053	0.01492	0.00780	0.00911	0.00609	0.00440	0.00409	0.00131	0.02028	0.00322	0.00227	0.00645
5	0.00910	0.02281	0.76203	0.01284	0.01930	0.01037	0.01639	0.01422	0.00976	0.01455	0.00943	0.06123	0.00745	0.00505	0.00451	0.00150	0.00661	0.00405	0.00211	0.00668
6	0.01471	0.40350	0.01825	0.00995	0.01310	0.39370	0.00841	0.01679	0.06049	0.01168	0.00759	0.00852	0.00649	0.00451	0.00366	0.00113	0.00650	0.00290	0.00235	0.00579
7	0.00812	0.00430	0.00655	0.05720	0.00768	0.00443	0.00459	0.00642	0.00626	0.00832	0.00809	0.01403	0.00796	0.01544	0.01734	0.81078	0.00418	0.00405	0.00202	0.00222
8	0.01127	0.01299	0.02680	0.01926	0.02386	0.04835	0.75511	0.01507	0.01108	0.01474	0.00931	0.01236	0.00701	0.00396	0.00543	0.00155	0.00787	0.00538	0.00235	0.00623
9	0.00567	0.00405	0.00540	0.00648	0.00675	0.00378	0.00432	0.00648	0.00891	0.01188	0.02564	0.83347	0.03077	0.01457	0.00594	0.00189	0.00270	0.01323	0.00432	0.00378
10	0.01768	0.01303	0.01396	0.01070	0.01443	0.01443	0.00884	0.79197	0.02187	0.02932	0.01117	0.01117	0.00791	0.00558	0.00465	0.00140	0.00512	0.00419	0.00465	0.00791
11	0.01098	0.01255	0.02745	0.01961	0.02431	0.01176	0.79059	0.01490	0.01098	0.01490	0.00941	0.01255	0.00706	0.00392	0.00549	0.00157	0.00784	0.00549	0.00235	0.00627
12	0.00677	0.00451	0.00507	0.00507	0.00507	0.00451	0.00282	0.00677	0.00677	0.00902	0.01466	0.03044	0.01691	0.83650	0.02368	0.00451	0.00451	0.00677	0.00282	0.00282
13	0.00808	0.00404	0.00606	0.00606	0.00606	0.00404	0.00404	0.00606	0.00606	0.00808	0.00808	0.01414	0.00808	0.01616	0.01818	0.86465	0.00404	0.00404	0.00202	0.00202
14	0.00665	0.00498	0.00748	0.00748	0.00831	0.00582	0.00582	0.00831	0.00748	0.01080	0.01246	0.01828	0.01163	0.03489	0.81807	0.00748	0.01246	0.00498	0.00249	0.00415
15	0.01420	0.52862	0.02041	0.00971	0.03307	0.17998	0.00846	0.13131	0.01210	0.01389	0.00738	0.00831	0.00630	0.00439	0.00352	0.00111	0.00570	0.00289	0.00248	0.00618
16	0.01137	0.28417	0.39388	0.01181	0.04906	0.03057	0.02926	0.03015	0.06238	0.04366	0.00888	0.00991	0.00680	0.00446	0.00402	0.00132	0.00591	0.00338	0.00238	0.00665
17	0.03123	0.08468	0.22468	0.06579	0.21123	0.04422	0.01225	0.13441	0.02854	0.06027	0.00947	0.01096	0.00719	0.00478	0.00470	0.00140	0.03267	0.00380	0.02091	0.00683
18	0.01157	0.00999	0.01052	0.00947	0.01210	0.01157	0.00736	0.02472	0.79908	0.01946	0.01893	0.01736	0.01420	0.00631	0.00473	0.00158	0.00368	0.00526	0.00473	0.00736
19	0.00902	0.00721	0.01043	0.02596	0.18634	0.00701	0.04262	0.01220	0.08388	0.06259	0.28257	0.02724	0.18956	0.00786	0.00511	0.00148	0.00353	0.00696	0.02289	0.00553
20	0.01160	0.11333	0.17577	0.07474	0.12096	0.12627	0.14669	0.02562	0.01085	0.03866	0.04357	0.03367	0.02302	0.00510	0.00488	0.00141	0.03076	0.00441	0.00255	0.00615
21	0.05376	0.00985	0.02808	0.02853	0.08702	0.02496	0.00798	0.11347	0.26689	0.22127	0.03984	0.01642	0.03591	0.02419	0.01942	0.00165	0.00439	0.00490	0.00443	0.00702
22	0.00589	0.00423	0.00540	0.00622	0.00660	0.00396	0.00418	0.00671	0.00893	0.01180	0.04619	0.61639	0.08902	0.12324	0.00826	0.00221	0.00296	0.03997	0.00414	0.00370
23	0.10752	0.00709	0.00843	0.05696	0.01052	0.00728	0.00596	0.07745	0.08198	0.15122	0.35613	0.02318	0.03803	0.00727	0.00478	0.00145	0.00326	0.00610	0.03971	0.00564
24	0.01197	0.13170	0.07558	0.13348	0.29096	0.07875	0.07273	0.08547	0.02824	0.01505	0.00908	0.02993	0.00750	0.00467	0.00444	0.00137	0.00592	0.00410	0.00253	0.00654
25	0.20519	0.00894	0.13059	0.00721	0.00984	0.00690	0.00668	0.01172	0.01068	0.09002	0.23041	0.08043	0.12748	0.00787	0.00466	0.00151	0.00351	0.02850	0.02273	0.00514
26	0.01230	0.00610	0.00765	0.00653	0.00876	0.00545	0.00515	0.01443	0.03499	0.32885	0.23775	0.02747	0.19407	0.00808	0.00495	0.00145	0.00296	0.00680	0.08051	0.00576
27	0.00891	0.12840	0.01069	0.07723	0.08069	0.00803	0.00667	0.06232	0.01073	0.03499	0.06074	0.25427	0.14405	0.00903	0.00488	0.00151	0.00368	0.02090	0.06725	0.00502
28	0.01237	0.02651	0.04047	0.10885	0.32115	0.16761	0.10997	0.04528	0.03121	0.01432	0.00858	0.01106	0.00697	0.00473	0.00546	0.00144	0.07114	0.00407	0.00242	0.00641
29	0.01185	0.00787	0.02387	0.00789	0.01003	0.00781	0.00623	0.20805	0.07475	0.13816	0.07828	0.22693	0.05240	0.03221	0.01788	0.00172	0.00378	0.01722	0.06721	0.00585
30	0.00932	0.00681	0.00853	0.02539	0.03196	0.00706	0.02407	0.03381	0.22512	0.06941	0.18900	0.23678	0.04098	0.00904	0.00514	0.00158	0.00323	0.00797	0.05929	0.00549
31	0.22876	0.04510	0.10845	0.04843	0.09642	0.03996	0.08464	0.02561	0.00999	0.05285	0.02629	0.02868	0.00804	0.00465	0.00401	0.00131	0.00492	0.01268	0.00280	0.16641

[dist]
# distance from previous block
# <min> <max>
0	8

[block]
# block no. 4 follows, 55 sequences, length 23
# corresponding to MSA columns:
# 135-157
name=unknown_E
#
# <colnr> <probs for GDERKNQSTAVLIFYWHMCP>
#	G	D	E	R	K	N	Q	S	T	A	V	L	I	F	Y	W	H	M	C	P
0	0.05596	0.16396	0.08230	0.02488	0.07673	0.08128	0.02313	0.12011	0.02991	0.09494	0.06992	0.01270	0.01030	0.02536	0.00460	0.00132	0.00497	0.00393	0.00325	0.11047
1	0.15717	0.21012	0.04012	0.02327	0.03902	0.26366	0.00839	0.05432	0.08002	0.04466	0.00861	0.00950	0.00689	0.00480	0.00416	0.00129	0.03204	0.00322	0.00279	0.00596
2	0.45746	0.02610	0.02063	0.00678	0.00918	0.00863	0.00552	0.02976	0.00903	0.12160	0.01174	0.05818	0.02345	0.07881	0.09092	0.00237	0.00472	0.02663	0.00336	0.00514
3	0.01193	0.01123	0.01730	0.20244	0.38261	0.04263	0.08135	0.12532	0.03055	0.01631	0.00916	0.01174	0.00724	0.00462	0.00494	0.00145	0.02555	0.00425	0.00265	0.00673
4	0.00578	0.00472	0.00511	0.00501	0.00646	0.00405	0.00376	0.00723	0.01127	0.01416	0.24503	0.04216	0.60670	0.01119	0.00550	0.00154	0.00231	0.00945	0.00453	0.00405
5	0.06637	0.00798	0.01058	0.00816	0.01172	0.00703	0.00674	0.02219	0.01303	0.76836	0.01772	0.01539	0.01117	0.00568	0.00458	0.00144	0.00394	0.00456	0.00560	0.00776
6	0.00567	0.00405	0.00540	0.00648	0.00675	0.00378	0.00432	0.00648	0.00891	0.01188	0.02564	0.83347	0.03077	0.01457	0.00594	0.00189	0.00270	0.01323	0.00432	0.00378
7	0.00573	0.00453	0.00516	0.00541	0.00653	0.00396	0.00390	0.00697	0.01054	0.01339	0.16768	0.27134	0.45397	0.01221	0.00562	0.00165	0.00243	0.01057	0.00445	0.00396
8	0.01768	0.01303	0.01396	0.01070	0.01443	0.01443	0.00884	0.79197	0.02187	0.02932	0.01117	0.01117	0.00791	0.00558	0.00465	0.00140	0.00512	0.00419	0.00465	0.00791
9	0.01021	0.00513	0.00542	0.00503	0.00647	0.00512	0.00387	0.05593	0.01074	0.08466	0.01522	0.01687	0.01166	0.00546	0.00345	0.00113	0.00249	0.00436	0.74196	0.00484
10	0.00965	0.00827	0.00965	0.00689	0.01102	0.00620	0.00551	0.01171	0.00965	0.01516	0.00827	0.00965	0.00689	0.00345	0.00345	0.00069	0.00345	0.00276	0.00276	0.86494
11	0.01414	0.01127	0.01197	0.00999	0.01308	0.01277	0.00798	0.34706	0.47256	0.02360	0.01567	0.01476	0.01156	0.00601	0.00470	0.00150	0.00429	0.00481	0.00470	0.00759
12	0.00630	0.00424	0.00562	0.00648	0.00695	0.00392	0.00440	0.00720	0.00924	0.04449	0.04550	0.75744	0.05274	0.01401	0.00586	0.00185	0.00273	0.01266	0.00440	0.00397
13	0.00667	0.00488	0.00692	0.00692	0.00756	0.00551	0.00513	0.00795	0.00731	0.01039	0.01297	0.02108	0.01285	0.21947	0.63515	0.00679	0.01063	0.00539	0.00257	0.00385
14	0.05515	0.01065	0.03758	0.03976	0.31774	0.03536	0.04769	0.12500	0.04354	0.03734	0.10512	0.01521	0.03199	0.00550	0.00496	0.00142	0.03104	0.00476	0.02811	0.02206
15	0.01207	0.04773	0.04365	0.04180	0.22402	0.02971	0.03256	0.05926	0.13973	0.08118	0.01135	0.03549	0.00914	0.00531	0.00545	0.00139	0.08250	0.00434	0.00318	0.13015
16	0.00672	0.00485	0.00606	0.00637	0.00733	0.00457	0.00470	0.00862	0.04346	0.03196	0.23674	0.31723	0.16144	0.04212	0.00637	0.00182	0.00282	0.09807	0.00452	0.00423
17	0.01106	0.01106	0.03801	0.05364	0.66595	0.03384	0.01325	0.01378	0.01075	0.01507	0.05486	0.01378	0.03480	0.00474	0.00467	0.00140	0.00538	0.00452	0.00251	0.00694
18	0.01191	0.07070	0.13436	0.16253	0.26457	0.03421	0.07634	0.06560	0.03400	0.07015	0.00956	0.01154	0.00729	0.00452	0.00452	0.00140	0.00585	0.00404	0.00267	0.02425
19	0.00924	0.03553	0.14914	0.04078	0.07111	0.04669	0.08419	0.04347	0.03458	0.02589	0.11972	0.07277	0.17818	0.00774	0.00530	0.00154	0.02296	0.04222	0.00343	0.00550
20	0.01355	0.00847	0.01022	0.03008	0.03360	0.04118	0.00703	0.11928	0.01246	0.24934	0.07378	0.03606	0.08581	0.00765	0.02609	0.00164	0.12063	0.00532	0.11173	0.00607
21	0.30065	0.16966	0.12353	0.01040	0.08038	0.08227	0.00881	0.06186	0.02543	0.01677	0.00762	0.00886	0.00611	0.00443	0.00381	0.00130	0.02181	0.00302	0.00261	0.06066
22	0.04526	0.13307	0.11754	0.03555	0.09780	0.28942	0.01005	0.04438	0.04966	0.04306	0.00864	0.00993	0.00690	0.00515	0.01697	0.00137	0.02657	0.00338	0.00261	0.05269

[dist]
# distance from previous block
# <min> <max>
0	24

[block]
# block no. 5 follows, 55 sequences, length 27
# corresponding to MSA columns:
# 182-193,195-209
name=unknown_F
#
# <colnr> <probs for GDERKNQSTAVLIFYWHMCP>
#	G	D	E	R	K	N	Q	S	T	A	V	L	I	F	Y	W	H	M	C	P
0	0.00698	0.00488	0.00625	0.00589	0.00713	0.00445	0.00448	0.00905	0.01281	0.04509	0.66750	0.03579	0.12840	0.00974	0.00549	0.00150	0.00234	0.03276	0.00503	0.00446
1	0.01090	0.00941	0.01144	0.01241	0.15725	0.03550	0.00825	0.05970	0.29850	0.03317	0.05513	0.03662	0.08252	0.02802	0.00633	0.00164	0.08381	0.03206	0.03104	0.00629
2	0.00565	0.00422	0.00526	0.00606	0.00665	0.00383	0.00414	0.00659	0.00941	0.01222	0.05155	0.63227	0.20762	0.01380	0.00583	0.00181	0.00261	0.01232	0.00434	0.00383
3	0.00657	0.00447	0.00533	0.00551	0.00563	0.00450	0.00332	0.00685	0.00718	0.00965	0.01630	0.16315	0.01877	0.63195	0.08778	0.00432	0.00488	0.00769	0.00304	0.00309
4	0.00933	0.02406	0.81240	0.01326	0.02014	0.01080	0.01719	0.01473	0.00982	0.01473	0.00835	0.00982	0.00589	0.00442	0.00442	0.00147	0.00688	0.00344	0.00196	0.00688
5	0.00668	0.00484	0.00676	0.00676	0.00734	0.00543	0.00492	0.00785	0.00726	0.01027	0.01312	0.02190	0.01321	0.27393	0.58118	0.00659	0.01009	0.00552	0.00259	0.00376
6	0.01244	0.83930	0.02438	0.00796	0.01194	0.01841	0.00796	0.01393	0.00945	0.01095	0.00647	0.00746	0.00597	0.00398	0.00299	0.00100	0.00498	0.00249	0.00199	0.00597
7	0.01110	0.01347	0.16375	0.17465	0.28131	0.02790	0.13412	0.07404	0.04562	0.01562	0.00928	0.01170	0.00714	0.00448	0.00472	0.00147	0.00621	0.00425	0.00249	0.00669
8	0.00889	0.00837	0.01414	0.79561	0.06096	0.01036	0.01297	0.01198	0.00935	0.01201	0.00829	0.01237	0.00625	0.00463	0.00465	0.00154	0.00618	0.00413	0.00208	0.00525
9	0.00677	0.00451	0.00507	0.00507	0.00507	0.00451	0.00282	0.00677	0.00677	0.00902	0.01466	0.03044	0.01691	0.83650	0.02368	0.00451	0.00451	0.00677	0.00282	0.00282
10	0.01601	0.01347	0.20141	0.02933	0.07789	0.01034	0.03592	0.22252	0.01438	0.31220	0.01285	0.01267	0.00866	0.00519	0.00463	0.00144	0.00525	0.00423	0.00411	0.00752
11	0.01145	0.00675	0.00860	0.00779	0.03506	0.00644	0.00591	0.10718	0.01371	0.20865	0.37442	0.02783	0.10050	0.00891	0.02469	0.00163	0.00342	0.03641	0.00496	0.00571
12	0.00706	0.00538	0.00730	0.00707	0.00761	0.00620	0.00523	0.00818	0.00763	0.01085	0.04166	0.03516	0.04365	0.25657	0.41163	0.00535	0.10043	0.00580	0.02334	0.00388
13	0.76491	0.00892	0.00756	0.00719	0.04317	0.01012	0.00552	0.01408	0.00846	0.06446	0.02641	0.00884	0.00643	0.00452	0.00312	0.00144	0.00367	0.00285	0.00307	0.00528
14	0.03036	0.11576	0.09604	0.01222	0.11376	0.06943	0.00957	0.26008	0.09402	0.03573	0.02334	0.02758	0.00886	0.00514	0.00429	0.00131	0.00513	0.00402	0.00343	0.07993
15	0.01357	0.67268	0.02205	0.00860	0.01235	0.12227	0.00809	0.04386	0.01054	0.03966	0.00715	0.00801	0.00624	0.00421	0.00326	0.00105	0.00539	0.00269	0.00227	0.00604
16	0.00675	0.00457	0.00538	0.00538	0.00549	0.00468	0.00321	0.00696	0.00686	0.00925	0.01437	0.02887	0.01623	0.73290	0.12635	0.00489	0.00554	0.00654	0.00278	0.00299
17	0.00717	0.00636	0.02460	0.00734	0.02823	0.02171	0.03230	0.00907	0.01150	0.01556	0.38156	0.03330	0.27386	0.00952	0.00617	0.00154	0.07033	0.02388	0.03147	0.00451
18	0.00831	0.00693	0.00950	0.02803	0.02527	0.00748	0.04536	0.01913	0.00807	0.01149	0.01233	0.08679	0.01319	0.33223	0.04722	0.01481	0.17042	0.02018	0.00275	0.13053
19	0.00666	0.00494	0.00726	0.00726	0.00801	0.00570	0.00554	0.00817	0.00741	0.01064	0.01266	0.01939	0.01211	0.10816	0.74546	0.00721	0.01173	0.00515	0.00252	0.00403
20	0.01264	0.76310	0.04861	0.00838	0.01235	0.06750	0.00832	0.01424	0.00969	0.01109	0.00657	0.00759	0.00597	0.00404	0.00311	0.00102	0.00525	0.00255	0.00201	0.00596
21	0.00659	0.00489	0.00706	0.00711	0.00785	0.00554	0.00538	0.00802	0.00755	0.01071	0.01417	0.05663	0.03355	0.11722	0.67774	0.00676	0.01093	0.00566	0.00266	0.00399
22	0.01467	0.01664	0.01611	0.03453	0.32062	0.40685	0.04806	0.06128	0.01251	0.01407	0.00815	0.01003	0.00669	0.00455	0.00445	0.00130	0.00703	0.00365	0.00248	0.00634
23	0.01165	0.03125	0.06226	0.08597	0.02668	0.08458	0.00769	0.15197	0.04408	0.06213	0.01250	0.05534	0.01108	0.15834	0.03303	0.00217	0.04589	0.00499	0.10293	0.00547
24	0.05389	0.00799	0.00941	0.00699	0.01076	0.00638	0.00562	0.01354	0.01038	0.16297	0.03418	0.01293	0.04344	0.00445	0.00379	0.00093	0.00347	0.00357	0.00345	0.60187
25	0.03212	0.12143	0.09762	0.00849	0.03639	0.00770	0.01910	0.02121	0.04913	0.01306	0.01958	0.44600	0.04817	0.03884	0.00575	0.00175	0.00383	0.02142	0.00358	0.00483
26	0.04689	0.27644	0.14002	0.01354	0.14448	0.13769	0.04911	0.06246	0.03605	0.02916	0.00828	0.00961	0.00669	0.00447	0.00413	0.00127	0.01744	0.00339	0.00247	0.00641

[dist]
# distance from previous block
# <min> <max>
0	3

[block]
# block no. 6 follows, 55 sequences, length 37
# corresponding to MSA columns:
# 213-249
name=unknown_G
#
# <colnr> <probs for GDERKNQSTAVLIFYWHMCP>
#	G	D	E	R	K	N	Q	S	T	A	V	L	I	F	Y	W	H	M	C	P
0	0.00618	0.00468	0.00605	0.00615	0.00710	0.00460	0.00455	0.00765	0.00984	0.01326	0.21460	0.17503	0.21642	0.04579	0.25261	0.00349	0.00551	0.00852	0.00391	0.00404
1	0.03974	0.03473	0.01951	0.00722	0.01008	0.00663	0.00575	0.03207	0.00971	0.01460	0.01338	0.22111	0.01383	0.00700	0.00459	0.00117	0.02846	0.04342	0.00323	0.48377
2	0.02178	0.09564	0.11302	0.24258	0.17886	0.05686	0.03321	0.02809	0.02004	0.01362	0.00905	0.04921	0.00770	0.00500	0.00485	0.00140	0.04132	0.00417	0.00237	0.07123
3	0.01194	0.24881	0.29685	0.02115	0.03792	0.10327	0.05290	0.05026	0.02104	0.03225	0.00838	0.00980	0.00658	0.00463	0.00457	0.00132	0.04678	0.00341	0.03181	0.00632
4	0.00765	0.00589	0.00853	0.00945	0.07648	0.00618	0.02922	0.00902	0.00900	0.02402	0.02824	0.27122	0.02067	0.14336	0.07905	0.00275	0.07372	0.15986	0.03135	0.00433
5	0.04470	0.01037	0.04001	0.02900	0.07313	0.04614	0.03762	0.17047	0.02619	0.19185	0.01325	0.06341	0.03190	0.01962	0.02500	0.03048	0.11554	0.00493	0.00374	0.02265
6	0.19521	0.02325	0.10812	0.01272	0.09197	0.08412	0.07290	0.15322	0.02095	0.04895	0.00861	0.01019	0.00667	0.00524	0.00596	0.00151	0.13746	0.00373	0.00293	0.00629
7	0.03843	0.02417	0.01415	0.03565	0.05133	0.03570	0.11627	0.28212	0.04238	0.04087	0.01137	0.03408	0.00937	0.02214	0.16095	0.00268	0.05546	0.01320	0.00341	0.00627
8	0.00680	0.00465	0.00579	0.00579	0.00609	0.00491	0.00376	0.00740	0.00710	0.00989	0.01400	0.02617	0.01509	0.55634	0.26928	0.00530	0.00689	0.00612	0.03534	0.00329
9	0.01273	0.79056	0.02371	0.00820	0.01209	0.06610	0.00802	0.01421	0.00968	0.01097	0.00651	0.00752	0.00597	0.00403	0.00306	0.00101	0.00518	0.00252	0.00201	0.00594
10	0.00580	0.00423	0.00542	0.00616	0.00668	0.00389	0.00420	0.00681	0.00960	0.01276	0.12950	0.61874	0.12015	0.03499	0.00629	0.00187	0.00264	0.01204	0.00438	0.00385
11	0.00628	0.00474	0.00580	0.00553	0.00676	0.00426	0.00415	0.00819	0.01245	0.01695	0.59262	0.03756	0.25737	0.01015	0.00549	0.00149	0.00224	0.00881	0.00490	0.00426
12	0.00593	0.00469	0.00532	0.00524	0.00654	0.00410	0.00389	0.00745	0.01140	0.01474	0.32818	0.08464	0.46528	0.02472	0.00582	0.00160	0.00235	0.00943	0.00459	0.00407
13	0.01780	0.00716	0.00961	0.00764	0.01063	0.00628	0.00618	0.01958	0.01277	0.63395	0.10170	0.03998	0.01565	0.03157	0.00529	0.00153	0.00365	0.00534	0.05663	0.00707
14	0.01244	0.83930	0.02438	0.00796	0.01194	0.01841	0.00796	0.01393	0.00945	0.01095	0.00647	0.00746	0.00597	0.00398	0.00299	0.00100	0.00498	0.00249	0.00199	0.00597
15	0.00965	0.00827	0.00965	0.00689	0.01102	0.00620	0.00551	0.01171	0.00965	0.01516	0.00827	0.00965	0.00689	0.00345	0.00345	0.00069	0.00345	0.00276	0.00276	0.86494
16	0.00965	0.00827	0.00965	0.00689	0.01102	0.00620	0.00551	0.01171	0.00965	0.01516	0.00827	0.00965	0.00689	0.00345	0.00345	0.00069	0.00345	0.00276	0.00276	0.86494
17	0.00676	0.00452	0.00513	0.00513	0.00516	0.00454	0.00289	0.00680	0.00678	0.00907	0.01460	0.03014	0.01678	0.81618	0.04382	0.00459	0.00471	0.00672	0.00281	0.00285
18	0.00567	0.00405	0.00540	0.00648	0.00675	0.00378	0.00432	0.00648	0.00891	0.01188	0.02564	0.83347	0.03077	0.01457	0.00594	0.00189	0.00270	0.01323	0.00432	0.00378
19	0.01796	0.01258	0.01368	0.01049	0.01420	0.01376	0.00867	0.72457	0.02112	0.09778	0.01180	0.01158	0.00823	0.00560	0.00466	0.00140	0.00502	0.00423	0.00475	0.00791
20	0.01006	0.11653	0.57640	0.01300	0.01893	0.02338	0.10284	0.01454	0.00998	0.02764	0.00905	0.04071	0.00706	0.00472	0.00443	0.00144	0.00658	0.00394	0.00217	0.00658
21	0.00950	0.06760	0.77031	0.01298	0.01970	0.01121	0.01670	0.01469	0.00980	0.01453	0.00825	0.00970	0.00590	0.00440	0.00434	0.00145	0.00677	0.00339	0.00197	0.00683
22	0.00867	0.00434	0.00434	0.00434	0.00542	0.00434	0.00325	0.01084	0.00976	0.01734	0.01518	0.01734	0.01192	0.00542	0.00325	0.00108	0.00217	0.00434	0.86233	0.00434
23	0.00567	0.00436	0.00520	0.00583	0.00665	0.00389	0.00410	0.00668	0.00970	0.01232	0.04676	0.48716	0.33644	0.01334	0.00577	0.00176	0.00260	0.03357	0.00433	0.00386
24	0.03691	0.01211	0.11119	0.06215	0.01462	0.04025	0.02116	0.05424	0.52316	0.04026	0.01572	0.01550	0.01178	0.00585	0.00464	0.00154	0.00455	0.01330	0.00406	0.00701
25	0.01185	0.01169	0.01855	0.02760	0.76180	0.05752	0.01397	0.01453	0.01074	0.01498	0.00866	0.01133	0.00729	0.00418	0.00458	0.00137	0.00569	0.00408	0.00231	0.00726
26	0.01075	0.00912	0.00959	0.00883	0.01108	0.03862	0.00696	0.08266	0.46350	0.01840	0.07199	0.05092	0.08085	0.00797	0.00508	0.00163	0.00381	0.10732	0.00456	0.00635
27	0.08304	0.00961	0.01105	0.00878	0.01194	0.00993	0.00714	0.33113	0.02567	0.31020	0.02963	0.04103	0.01101	0.02894	0.03427	0.00173	0.00459	0.00473	0.02846	0.00711
28	0.00861	0.00974	0.12517	0.01176	0.11114	0.00768	0.10381	0.04243	0.05068	0.01636	0.26887	0.11775	0.09064	0.00791	0.00521	0.00153	0.00423	0.00718	0.00378	0.00552
29	0.01034	0.00827	0.00886	0.00802	0.01036	0.00900	0.00622	0.01924	0.51366	0.06445	0.06858	0.02504	0.21273	0.00781	0.00496	0.00156	0.00329	0.00653	0.00471	0.00638
30	0.00658	0.00504	0.00567	0.00559	0.00710	0.00449	0.00431	0.00847	0.03708	0.03842	0.20464	0.05273	0.51173	0.01107	0.00554	0.00160	0.00259	0.07852	0.00454	0.00429
31	0.01101	0.01092	0.04704	0.10424	0.60217	0.01068	0.02370	0.03421	0.03253	0.01534	0.03285	0.03584	0.00914	0.00475	0.00468	0.00143	0.00543	0.00455	0.00254	0.00694
32	0.00871	0.00757	0.00930	0.07225	0.12981	0.06901	0.00674	0.03516	0.00899	0.01176	0.01423	0.17534	0.01542	0.31615	0.06718	0.00307	0.03517	0.00681	0.00295	0.00440
33	0.00573	0.00419	0.00537	0.00627	0.00674	0.00387	0.00428	0.00661	0.00915	0.01197	0.02826	0.68300	0.13515	0.03311	0.00630	0.00191	0.00275	0.03727	0.00428	0.00379
34	0.05342	0.00995	0.01351	0.01158	0.06438	0.01020	0.10862	0.14935	0.20595	0.25758	0.01535	0.04223	0.01134	0.00587	0.00478	0.00151	0.00463	0.01807	0.00446	0.00721
35	0.01119	0.01068	0.01820	0.09616	0.72275	0.01086	0.01400	0.01397	0.01049	0.01489	0.00908	0.01254	0.00772	0.00439	0.00465	0.00141	0.00556	0.02203	0.00233	0.00711
36	0.05582	0.20813	0.11266	0.03411	0.19175	0.04326	0.05388	0.06485	0.04014	0.01508	0.00855	0.01040	0.00702	0.01883	0.00454	0.00131	0.01958	0.00355	0.00252	0.10402

[dist]
# distance from previous block
# <min> <max>
0	4

[block]
# block no. 7 follows, 55 sequences, length 17
# corresponding to MSA columns:
# 254-270
name=unknown_H
#
# <colnr> <probs for GDERKNQSTAVLIFYWHMCP>
#	G	D	E	R	K	N	Q	S	T	A	V	L	I	F	Y	W	H	M	C	P
0	0.01190	0.02509	0.01721	0.08850	0.54958	0.13030	0.02477	0.01438	0.01065	0.01401	0.00859	0.01139	0.00723	0.00587	0.04509	0.00168	0.02079	0.00401	0.00230	0.00666
1	0.00601	0.00494	0.00535	0.00536	0.00679	0.00441	0.00401	0.00790	0.04883	0.01366	0.14551	0.10442	0.57454	0.01187	0.02008	0.00170	0.00264	0.02343	0.00441	0.00415
2	0.00599	0.00470	0.00542	0.00531	0.00661	0.00413	0.00396	0.00760	0.01166	0.01524	0.38384	0.08194	0.42515	0.01092	0.00552	0.00154	0.00230	0.00937	0.00468	0.00413
3	0.00602	0.00425	0.00554	0.00631	0.00666	0.00403	0.00426	0.00692	0.00912	0.01226	0.10462	0.59301	0.02988	0.13581	0.00855	0.00225	0.00299	0.04963	0.00418	0.00372
4	0.00948	0.00567	0.00517	0.00499	0.00624	0.05257	0.00377	0.03651	0.01035	0.01738	0.01458	0.01662	0.01145	0.00539	0.00335	0.00110	0.00263	0.00425	0.78400	0.00451
5	0.01351	0.01096	0.01161	0.00986	0.01284	0.01248	0.00783	0.26767	0.55297	0.02258	0.01648	0.01540	0.01221	0.00608	0.00471	0.00152	0.00414	0.00492	0.00471	0.00754
6	0.86937	0.00900	0.00684	0.00612	0.00900	0.01044	0.00504	0.01368	0.00792	0.02087	0.00648	0.00756	0.00504	0.00432	0.00288	0.00144	0.00360	0.00252	0.00288	0.00504
7	0.01581	0.01073	0.14130	0.04919	0.01465	0.00807	0.06579	0.03345	0.04074	0.46278	0.01719	0.03147	0.05718	0.00651	0.02207	0.00161	0.00490	0.00499	0.00448	0.00708
8	0.00728	0.00535	0.00656	0.00662	0.03685	0.00492	0.00472	0.00961	0.05099	0.05438	0.39930	0.07249	0.30346	0.00999	0.00540	0.00152	0.00256	0.00863	0.00471	0.00463
9	0.00743	0.00560	0.00829	0.00841	0.00970	0.00545	0.05269	0.00969	0.01146	0.01539	0.25601	0.04485	0.03071	0.01133	0.00609	0.00191	0.00387	0.50227	0.00442	0.00443
10	0.02272	0.04090	0.27263	0.05651	0.14372	0.02445	0.06470	0.07250	0.02607	0.18390	0.01117	0.01261	0.00811	0.00497	0.00477	0.00146	0.01986	0.01882	0.00316	0.00697
11	0.01133	0.28662	0.28877	0.01171	0.05666	0.02846	0.06470	0.06826	0.01070	0.01457	0.00811	0.00950	0.00643	0.00423	0.00392	0.00122	0.00571	0.00329	0.01750	0.09831
12	0.00742	0.00564	0.02129	0.02513	0.03545	0.01741	0.02620	0.00823	0.04298	0.01130	0.01797	0.40848	0.03328	0.02486	0.00984	0.25865	0.02103	0.01777	0.00335	0.00373
13	0.01453	0.00645	0.00864	0.00727	0.00969	0.00568	0.00574	0.01626	0.01255	0.46724	0.21872	0.13603	0.05450	0.00818	0.00509	0.00151	0.00327	0.00702	0.00534	0.00629
14	0.04637	0.01455	0.25752	0.03207	0.18540	0.04664	0.03700	0.04818	0.12624	0.02719	0.01176	0.08653	0.00997	0.00576	0.00495	0.00151	0.03146	0.00485	0.01552	0.00654
15	0.02855	0.01191	0.12649	0.31485	0.24574	0.03773	0.01270	0.04408	0.01068	0.08236	0.00932	0.01171	0.00700	0.00457	0.00452	0.00143	0.00581	0.00397	0.00258	0.03402
16	0.00698	0.00507	0.00658	0.02613	0.00790	0.00534	0.00505	0.03281	0.00918	0.01279	0.02150	0.53987	0.04043	0.05216	0.00753	0.02010	0.07563	0.02851	0.09242	0.00405

[dist]
# distance from previous block
# <min> <max>
5	7

[block]
# block no. 8 follows, 55 sequences, length 24
# corresponding to MSA columns:
# 279-302
name=unknown_I
#
# <colnr> <probs for GDERKNQSTAVLIFYWHMCP>
#	G	D	E	R	K	N	Q	S	T	A	V	L	I	F	Y	W	H	M	C	P
0	0.01368	0.09233	0.08953	0.03564	0.15203	0.18356	0.03007	0.16825	0.01313	0.03962	0.00969	0.01090	0.02418	0.00471	0.00426	0.00125	0.00583	0.00368	0.00292	0.11475
1	0.00672	0.00451	0.00516	0.00520	0.00524	0.00453	0.00297	0.00680	0.00687	0.00918	0.01500	0.06006	0.01726	0.77974	0.04883	0.00451	0.00470	0.00695	0.00286	0.00290
2	0.00967	0.01367	0.25656	0.05492	0.09572	0.00984	0.14069	0.06037	0.04567	0.01563	0.08615	0.03915	0.09998	0.00620	0.00542	0.00153	0.04428	0.00546	0.00297	0.00610
3	0.00965	0.00827	0.00965	0.00689	0.01102	0.00620	0.00551	0.01171	0.00965	0.01516	0.00827	0.00965	0.00689	0.00345	0.00345	0.00069	0.00345	0.00276	0.00276	0.86494
4	0.05788	0.01299	0.15821	0.07099	0.18071	0.01179	0.15603	0.01392	0.02644	0.03572	0.00843	0.01114	0.00677	0.00533	0.00745	0.00162	0.22180	0.00420	0.00234	0.00622
5	0.01018	0.01018	0.01425	0.01221	0.01221	0.01425	0.01018	0.01120	0.00712	0.01120	0.00611	0.01018	0.00611	0.00814	0.01527	0.00204	0.82799	0.00407	0.00204	0.00509
6	0.01065	0.03612	0.21021	0.26691	0.25559	0.03366	0.04180	0.03579	0.02493	0.02795	0.00884	0.01139	0.00678	0.00448	0.00456	0.00145	0.00614	0.00397	0.00231	0.00646
7	0.01512	0.01848	0.01342	0.17004	0.01763	0.59477	0.00985	0.01667	0.01193	0.01147	0.00731	0.00932	0.00604	0.00504	0.00519	0.00134	0.07544	0.00331	0.00230	0.00532
8	0.01674	0.02105	0.01338	0.01287	0.06238	0.74774	0.00923	0.01805	0.01288	0.01160	0.00742	0.00884	0.00622	0.00554	0.02537	0.00137	0.00832	0.00312	0.00239	0.00548
9	0.00567	0.00405	0.00540	0.00648	0.00675	0.00378	0.00432	0.00648	0.00891	0.01188	0.02564	0.83347	0.03077	0.01457	0.00594	0.00189	0.00270	0.01323	0.00432	0.00378
10	0.38283	0.00838	0.00911	0.00736	0.01065	0.00837	0.00607	0.01883	0.01101	0.47378	0.01329	0.01230	0.00875	0.00514	0.00391	0.00144	0.00381	0.00376	0.00453	0.00669
11	0.01738	0.02217	0.01318	0.01199	0.01438	0.81783	0.00899	0.01858	0.01318	0.01139	0.00719	0.00839	0.00599	0.00479	0.00419	0.00120	0.00839	0.00300	0.00240	0.00539
12	0.00974	0.04965	0.66753	0.01378	0.05181	0.01116	0.05270	0.01530	0.05782	0.01492	0.00899	0.01040	0.00652	0.00449	0.00445	0.00146	0.00661	0.00364	0.00217	0.00687
13	0.00677	0.00451	0.00507	0.00507	0.00507	0.00451	0.00282	0.00677	0.00677	0.00902	0.01466	0.03044	0.01691	0.83650	0.02368	0.00451	0.00451	0.00677	0.00282	0.00282
14	0.06563	0.00660	0.00836	0.05283	0.01010	0.00695	0.00595	0.09515	0.01093	0.14401	0.11452	0.04486	0.01469	0.01266	0.14068	0.12585	0.02297	0.00513	0.10709	0.00503
15	0.01042	0.00603	0.00621	0.00557	0.00717	0.00630	0.00434	0.16262	0.01211	0.01967	0.01440	0.01614	0.01114	0.00545	0.00352	0.00114	0.00274	0.00431	0.69567	0.00503
16	0.00667	0.00488	0.00693	0.00693	0.00757	0.00552	0.00514	0.00796	0.00732	0.01040	0.01296	0.02103	0.01283	0.21660	0.63799	0.00680	0.01066	0.00539	0.00257	0.00385
17	0.01719	0.01019	0.01197	0.00992	0.03746	0.01056	0.00780	0.30397	0.16530	0.32604	0.01639	0.01514	0.03422	0.00593	0.00470	0.00145	0.00433	0.00475	0.00501	0.00767
18	0.01738	0.02217	0.01318	0.01199	0.01438	0.81783	0.00899	0.01858	0.01318	0.01139	0.00719	0.00839	0.00599	0.00479	0.00419	0.00120	0.00839	0.00300	0.00240	0.00539
19	0.00673	0.00464	0.00571	0.00571	0.00593	0.00485	0.00361	0.00717	0.00695	0.00949	0.01408	0.02723	0.01552	0.62506	0.23321	0.00529	0.00661	0.00630	0.00273	0.00317
20	0.01411	0.36286	0.05384	0.01129	0.04368	0.28446	0.05033	0.06979	0.01161	0.01292	0.00735	0.00867	0.00623	0.00456	0.00428	0.00120	0.04137	0.00311	0.00234	0.00598
21	0.03378	0.05669	0.00792	0.00721	0.03117	0.02326	0.00495	0.08124	0.03187	0.01329	0.02086	0.30655	0.10795	0.24021	0.01032	0.00243	0.00378	0.00854	0.00366	0.00432
22	0.01236	0.53928	0.12132	0.01021	0.06133	0.05628	0.00943	0.06434	0.03367	0.01307	0.00783	0.00936	0.00678	0.03236	0.00418	0.00125	0.00538	0.00307	0.00231	0.00620
23	0.02313	0.07974	0.08723	0.03645	0.14348	0.07446	0.04718	0.09476	0.07659	0.05123	0.01378	0.06409	0.05148	0.09653	0.00662	0.00175	0.00511	0.00514	0.03528	0.00598

[dist]
# distance from previous block
# <min> <max>
0	20

# created by:
# /st0/software/busco_prod/Augustus/scripts/msa2prfl.pl ./align_prep/118044.fa
