[name]
unknown

[dist]
# distance from previous block
# <min> <max>
0	68

[block]
# block no. 0 follows, 61 sequences, length 16
# corresponding to MSA columns:
# 86-90,95-105
name=unknown_A
#
# <colnr> <probs for GDERKNQSTAVLIFYWHMCP>
#	G	D	E	R	K	N	Q	S	T	A	V	L	I	F	Y	W	H	M	C	P
0	0.00837	0.00687	0.00968	0.09079	0.19845	0.02854	0.00737	0.01060	0.05534	0.03545	0.01335	0.09352	0.02952	0.14706	0.16195	0.00288	0.00565	0.03719	0.03547	0.02197
1	0.00627	0.00416	0.00481	0.00497	0.00509	0.00413	0.00299	0.00653	0.00679	0.00921	0.01516	0.11897	0.01731	0.67760	0.01848	0.00366	0.00388	0.04459	0.04258	0.00284
2	0.01199	0.59872	0.06258	0.00819	0.01167	0.14684	0.00782	0.04544	0.00984	0.01115	0.00817	0.00896	0.04471	0.00424	0.00319	0.00102	0.00510	0.00282	0.00211	0.00547
3	0.00644	0.00451	0.00559	0.00598	0.00677	0.00424	0.00427	0.04535	0.00953	0.04017	0.08391	0.50169	0.16124	0.04794	0.00603	0.00175	0.00271	0.05395	0.00405	0.00387
4	0.00999	0.02950	0.15481	0.25870	0.13734	0.05756	0.04929	0.05505	0.02191	0.04618	0.05222	0.04654	0.00907	0.00506	0.00484	0.00139	0.04814	0.00428	0.00250	0.00561
5	0.00815	0.00638	0.00917	0.07069	0.17208	0.00659	0.00693	0.01046	0.05944	0.05569	0.14672	0.08241	0.09305	0.10775	0.08159	0.00227	0.02868	0.04390	0.00331	0.00476
6	0.00686	0.00464	0.00603	0.00569	0.00680	0.00433	0.00426	0.00905	0.03540	0.05985	0.68009	0.10536	0.03712	0.00896	0.00506	0.00139	0.00220	0.00793	0.00469	0.00427
7	0.01023	0.00927	0.05564	0.05020	0.02498	0.01046	0.05112	0.08447	0.02547	0.08342	0.01026	0.03191	0.03668	0.00998	0.11671	0.00233	0.37458	0.00439	0.00266	0.00523
8	0.03831	0.29553	0.18474	0.01158	0.06677	0.13182	0.10775	0.05659	0.01029	0.04817	0.00763	0.00883	0.00602	0.00404	0.00373	0.00118	0.00571	0.00317	0.00226	0.00589
9	0.05713	0.00993	0.01079	0.01005	0.07578	0.11741	0.03559	0.18087	0.02280	0.07048	0.02961	0.05156	0.07632	0.00659	0.02088	0.00147	0.11379	0.00464	0.09886	0.00546
10	0.00616	0.00413	0.00473	0.00483	0.00486	0.00411	0.00275	0.00624	0.00647	0.00863	0.01462	0.11276	0.01699	0.76224	0.02023	0.00393	0.00400	0.00688	0.00275	0.00270
11	0.01152	0.16326	0.13760	0.01534	0.17888	0.07998	0.22388	0.06948	0.02681	0.04078	0.00836	0.01000	0.00650	0.00403	0.00417	0.00127	0.00590	0.00375	0.00236	0.00615
12	0.05711	0.06684	0.07474	0.21340	0.04095	0.04705	0.03338	0.23059	0.06801	0.08873	0.01066	0.01166	0.02853	0.00481	0.00414	0.00133	0.00499	0.00386	0.00315	0.00608
13	0.01603	0.00920	0.01055	0.00827	0.01130	0.00953	0.00677	0.39675	0.04309	0.30112	0.01341	0.01283	0.00920	0.00523	0.00414	0.00127	0.00394	0.00409	0.12643	0.00685
14	0.00587	0.00436	0.00598	0.00653	0.00709	0.00414	0.02915	0.03495	0.00890	0.01186	0.03921	0.73009	0.04507	0.01269	0.00544	0.00172	0.00276	0.03651	0.00397	0.00374
15	0.00821	0.00731	0.03550	0.02095	0.09174	0.02147	0.04316	0.03137	0.06716	0.03719	0.11960	0.26420	0.06756	0.00868	0.00610	0.00155	0.11225	0.02273	0.02848	0.00479

[dist]
# distance from previous block
# <min> <max>
1	4

[block]
# block no. 1 follows, 61 sequences, length 17
# corresponding to MSA columns:
# 110-126
name=unknown_B
#
# <colnr> <probs for GDERKNQSTAVLIFYWHMCP>
#	G	D	E	R	K	N	Q	S	T	A	V	L	I	F	Y	W	H	M	C	P
0	0.05041	0.34107	0.31629	0.00960	0.01405	0.10505	0.01046	0.04166	0.00971	0.03592	0.00721	0.00820	0.00569	0.00402	0.00348	0.00114	0.00550	0.00280	0.00212	0.02561
1	0.01121	0.64177	0.13693	0.00959	0.07104	0.04467	0.00905	0.01318	0.00900	0.01094	0.00642	0.00753	0.00561	0.00378	0.00310	0.00102	0.00501	0.00256	0.00187	0.00572
2	0.01152	0.85121	0.02257	0.00737	0.01106	0.01704	0.00737	0.01290	0.00875	0.01013	0.00599	0.00691	0.00553	0.00369	0.00276	0.00092	0.00461	0.00230	0.00184	0.00553
3	0.00590	0.00455	0.00540	0.00516	0.00638	0.00413	0.00388	0.00793	0.03785	0.01532	0.52068	0.03490	0.31327	0.00945	0.00506	0.00139	0.00213	0.00815	0.00447	0.00401
4	0.02351	0.29292	0.06370	0.00985	0.08151	0.05005	0.05927	0.01165	0.02580	0.02655	0.06019	0.14866	0.02578	0.01990	0.02079	0.00143	0.04179	0.00508	0.02645	0.00512
5	0.00552	0.00412	0.00519	0.00584	0.00654	0.00378	0.00425	0.00663	0.00917	0.01192	0.09272	0.47733	0.21537	0.01228	0.00543	0.00168	0.00259	0.12192	0.00405	0.00364
6	0.06046	0.27948	0.17072	0.04562	0.20225	0.04863	0.04850	0.04177	0.02190	0.01320	0.00736	0.00896	0.00601	0.00405	0.00392	0.00121	0.02471	0.00317	0.00212	0.00596
7	0.03149	0.07578	0.03977	0.00845	0.01117	0.07869	0.05536	0.07360	0.01081	0.27633	0.01271	0.07251	0.01037	0.06430	0.04650	0.00175	0.02789	0.01498	0.02083	0.06671
8	0.00616	0.00459	0.00680	0.00680	0.00753	0.00532	0.00523	0.00761	0.00689	0.00991	0.01165	0.01754	0.01104	0.07676	0.78746	0.00677	0.01114	0.00471	0.00232	0.00378
9	0.00577	0.00398	0.00509	0.00580	0.00636	0.00363	0.00397	0.00661	0.00865	0.04268	0.02663	0.68638	0.15293	0.01277	0.00539	0.00169	0.00249	0.01144	0.00405	0.00367
10	0.01008	0.21232	0.30192	0.01038	0.05613	0.03744	0.02866	0.03844	0.03845	0.06044	0.02708	0.13909	0.01048	0.00570	0.00407	0.00131	0.00495	0.00468	0.00264	0.00575
11	0.22566	0.00834	0.00959	0.00755	0.01074	0.00827	0.00623	0.14634	0.01241	0.50181	0.01327	0.01212	0.00868	0.00498	0.00393	0.00133	0.00376	0.00378	0.00452	0.00669
12	0.00618	0.00450	0.00636	0.00636	0.00693	0.00508	0.00468	0.00733	0.00676	0.00958	0.01206	0.01979	0.01201	0.24017	0.62539	0.00622	0.00966	0.00504	0.00238	0.00353
13	0.01137	0.01651	0.25350	0.03959	0.24230	0.22510	0.10018	0.01465	0.03224	0.01301	0.00793	0.00972	0.00620	0.00411	0.00421	0.00129	0.00638	0.00353	0.00212	0.00604
14	0.00864	0.02228	0.82630	0.01228	0.01864	0.01000	0.01592	0.01364	0.00909	0.01364	0.00773	0.00909	0.00546	0.00409	0.00409	0.00136	0.00637	0.00318	0.00182	0.00637
15	0.00522	0.00386	0.00489	0.00571	0.00617	0.00352	0.00387	0.00603	0.00852	0.01111	0.02721	0.70570	0.16636	0.01304	0.00543	0.00170	0.00244	0.01170	0.00400	0.00352
16	0.00921	0.00928	0.00819	0.00820	0.03135	0.24535	0.00601	0.01061	0.00938	0.01139	0.08028	0.07527	0.03692	0.05251	0.30002	0.00343	0.00739	0.04067	0.05032	0.00421

[dist]
# distance from previous block
# <min> <max>
5	9

[block]
# block no. 2 follows, 61 sequences, length 21
# corresponding to MSA columns:
# 136-156
name=unknown_C
#
# <colnr> <probs for GDERKNQSTAVLIFYWHMCP>
#	G	D	E	R	K	N	Q	S	T	A	V	L	I	F	Y	W	H	M	C	P
0	0.00594	0.00436	0.00559	0.00550	0.00648	0.00401	0.00412	0.00774	0.01141	0.01579	0.61206	0.12002	0.12082	0.00968	0.00517	0.00144	0.00220	0.04917	0.00454	0.00395
1	0.00626	0.00418	0.00470	0.00470	0.00470	0.00418	0.00261	0.00626	0.00626	0.00835	0.01357	0.02819	0.01566	0.84862	0.02192	0.00418	0.00418	0.00626	0.00261	0.00261
2	0.39856	0.01088	0.00981	0.00806	0.01103	0.06877	0.00658	0.36551	0.04868	0.02212	0.00847	0.00893	0.00628	0.00463	0.00355	0.00131	0.00427	0.00316	0.00344	0.00596
3	0.00718	0.00440	0.00507	0.00491	0.00514	0.00433	0.00287	0.00729	0.00669	0.06541	0.01381	0.02724	0.01531	0.78968	0.02070	0.00398	0.00414	0.00613	0.00280	0.00294
4	0.00610	0.00440	0.00576	0.00542	0.00644	0.00406	0.00406	0.00813	0.01219	0.01727	0.81947	0.03218	0.04064	0.00881	0.00508	0.00135	0.00203	0.00779	0.00474	0.00406
5	0.10316	0.01109	0.01204	0.02725	0.03841	0.01221	0.00785	0.62704	0.01778	0.05495	0.03900	0.01098	0.00832	0.00513	0.00417	0.00130	0.00449	0.00388	0.00408	0.00687
6	0.01498	0.01199	0.01357	0.01227	0.11881	0.05945	0.03466	0.55463	0.08455	0.03576	0.01049	0.01083	0.00767	0.00496	0.00431	0.00130	0.00492	0.00394	0.00386	0.00703
7	0.01094	0.68532	0.18342	0.00835	0.01257	0.01564	0.00908	0.01305	0.00882	0.01084	0.00634	0.00735	0.00551	0.00377	0.00303	0.00101	0.00496	0.00248	0.00184	0.00570
8	0.00547	0.00410	0.00507	0.00542	0.00620	0.00370	0.00384	0.00669	0.00983	0.01305	0.26886	0.40173	0.22746	0.01144	0.00527	0.00156	0.00228	0.01012	0.00422	0.00370
9	0.01081	0.01100	0.08107	0.11876	0.44780	0.03434	0.03694	0.08657	0.03700	0.03322	0.05354	0.01200	0.00874	0.00442	0.00432	0.00132	0.00515	0.00406	0.00257	0.00636
10	0.01354	0.01356	0.15306	0.01208	0.01608	0.04142	0.19154	0.37364	0.03939	0.07316	0.00997	0.01077	0.00713	0.00468	0.00461	0.00135	0.01994	0.00405	0.00335	0.00667
11	0.01066	0.01023	0.01748	0.02644	0.82174	0.01023	0.01322	0.01322	0.00981	0.01407	0.00810	0.01066	0.00682	0.00384	0.00426	0.00128	0.00512	0.00384	0.00213	0.00682
12	0.00706	0.00564	0.00606	0.00573	0.00739	0.00537	0.00449	0.11460	0.04456	0.01434	0.07139	0.06030	0.54195	0.01000	0.00505	0.00149	0.00275	0.08342	0.00409	0.00431
13	0.07927	0.35694	0.26101	0.01127	0.09689	0.08241	0.03186	0.01352	0.00918	0.01245	0.00686	0.00816	0.00560	0.00391	0.00347	0.00115	0.00543	0.00284	0.00197	0.00581
14	0.00569	0.00454	0.00497	0.00484	0.00616	0.00402	0.00365	0.00694	0.01010	0.02662	0.18281	0.03823	0.60240	0.04038	0.00590	0.00155	0.02106	0.02232	0.00406	0.00377
15	0.00553	0.00395	0.00533	0.00632	0.00670	0.00374	0.00449	0.00649	0.00853	0.01131	0.02358	0.71174	0.02787	0.01323	0.00557	0.00179	0.00275	0.14350	0.00399	0.00358
16	0.01078	0.02843	0.22800	0.01121	0.01465	0.13548	0.13522	0.08141	0.04988	0.03840	0.04845	0.02422	0.03266	0.00669	0.05138	0.00168	0.06756	0.00424	0.02401	0.00564
17	0.02294	0.12341	0.37603	0.01401	0.14785	0.02143	0.10196	0.05084	0.03196	0.03943	0.02551	0.01022	0.00700	0.00419	0.00408	0.00130	0.00568	0.00359	0.00229	0.00627
18	0.00610	0.00468	0.00633	0.02434	0.02033	0.00503	0.00474	0.00688	0.00761	0.01039	0.01823	0.49636	0.02123	0.17270	0.08745	0.00270	0.08886	0.00922	0.00329	0.00357
19	0.00750	0.00655	0.01009	0.34225	0.06458	0.00740	0.02449	0.02194	0.03187	0.01247	0.10340	0.20244	0.05614	0.00771	0.00522	0.00153	0.04053	0.04630	0.00302	0.00456
20	0.02467	0.04574	0.07968	0.08084	0.19620	0.16426	0.08228	0.07159	0.06440	0.08544	0.01087	0.02866	0.03665	0.00480	0.00425	0.00130	0.00549	0.00409	0.00280	0.00600

[dist]
# distance from previous block
# <min> <max>
1	5

[block]
# block no. 3 follows, 61 sequences, length 21
# corresponding to MSA columns:
# 164-184
name=unknown_D
#
# <colnr> <probs for GDERKNQSTAVLIFYWHMCP>
#	G	D	E	R	K	N	Q	S	T	A	V	L	I	F	Y	W	H	M	C	P
0	0.01167	0.31293	0.14751	0.02471	0.05301	0.18224	0.07692	0.02991	0.06444	0.01232	0.02490	0.00937	0.00697	0.00428	0.00392	0.00117	0.02256	0.00323	0.00224	0.00570
1	0.13133	0.08393	0.13019	0.05196	0.03086	0.08133	0.05892	0.12253	0.01974	0.15972	0.02374	0.01067	0.00756	0.00452	0.00387	0.00125	0.00486	0.00352	0.03149	0.03798
2	0.05372	0.14131	0.30806	0.02168	0.06938	0.06837	0.13577	0.02412	0.00963	0.01334	0.03615	0.02759	0.03226	0.00475	0.00427	0.00132	0.01862	0.02170	0.00226	0.00570
3	0.01229	0.05714	0.03164	0.05166	0.08364	0.37678	0.03108	0.02794	0.03958	0.01155	0.00787	0.01003	0.00670	0.00828	0.11130	0.00199	0.10286	0.00341	0.00226	0.02198
4	0.00623	0.00431	0.00540	0.00540	0.00564	0.00456	0.00349	0.00671	0.00647	0.00887	0.01293	0.02464	0.01412	0.59112	0.27731	0.00504	0.00650	0.00574	0.00251	0.00300
5	0.03524	0.06844	0.15937	0.03485	0.05254	0.02356	0.05295	0.11485	0.09991	0.09641	0.11712	0.05362	0.04766	0.00594	0.00438	0.00136	0.00440	0.01809	0.00344	0.00587
6	0.01227	0.01003	0.01062	0.00908	0.01180	0.01144	0.00720	0.23918	0.59513	0.02054	0.01555	0.01449	0.01154	0.00566	0.00436	0.00141	0.00378	0.00460	0.00436	0.00696
7	0.00634	0.00451	0.00543	0.00541	0.00633	0.00420	0.00390	0.00783	0.02854	0.03597	0.30114	0.12531	0.20900	0.17595	0.00848	0.00202	0.00275	0.05909	0.00403	0.00377
8	0.01051	0.00996	0.01662	0.09759	0.61941	0.02970	0.06241	0.01298	0.00966	0.03207	0.00855	0.01171	0.00722	0.04710	0.00522	0.00145	0.00529	0.00403	0.00222	0.00633
9	0.02617	0.01031	0.01318	0.08326	0.25693	0.03754	0.00949	0.21605	0.19899	0.08660	0.01149	0.01209	0.00858	0.00483	0.00428	0.00134	0.00461	0.00407	0.00347	0.00673
10	0.00688	0.00491	0.00687	0.00786	0.00883	0.00491	0.00684	0.00882	0.00986	0.01282	0.02284	0.07703	0.02492	0.01196	0.00593	0.00197	0.00391	0.76491	0.00397	0.00395
11	0.00584	0.00471	0.00531	0.00551	0.00682	0.00430	0.00433	0.00772	0.05098	0.01250	0.07856	0.09025	0.51697	0.01091	0.00526	0.00158	0.00264	0.17787	0.00405	0.00388
12	0.01002	0.14901	0.27997	0.01266	0.15188	0.02140	0.04142	0.04485	0.06813	0.04362	0.05885	0.06919	0.02032	0.00520	0.00415	0.00131	0.00497	0.00438	0.00266	0.00601
13	0.00691	0.00568	0.00819	0.00776	0.00830	0.00707	0.00610	0.00820	0.00680	0.00996	0.01035	0.01605	0.00996	0.08685	0.58567	0.00557	0.19986	0.00454	0.00223	0.00395
14	0.00864	0.02228	0.82630	0.01228	0.01864	0.01000	0.01592	0.01364	0.00909	0.01364	0.00773	0.00909	0.00546	0.00409	0.00409	0.00136	0.00637	0.00318	0.00182	0.00637
15	0.01002	0.00951	0.01534	0.13297	0.50815	0.02262	0.05062	0.03296	0.05990	0.01394	0.01115	0.03317	0.04517	0.00487	0.00443	0.00136	0.00500	0.03017	0.00249	0.00616
16	0.02497	0.16664	0.36317	0.04183	0.03929	0.07756	0.07745	0.08169	0.05148	0.02505	0.00824	0.00944	0.00622	0.00421	0.00395	0.00127	0.00581	0.00334	0.00230	0.00611
17	0.03165	0.01403	0.07702	0.02359	0.04899	0.25249	0.08450	0.17646	0.09895	0.11015	0.01032	0.01085	0.00760	0.00472	0.00418	0.00128	0.00566	0.00374	0.02769	0.00616
18	0.10367	0.07474	0.08945	0.03719	0.18837	0.28943	0.07366	0.02933	0.01036	0.01325	0.00773	0.02366	0.00640	0.00430	0.00389	0.00123	0.00595	0.00340	0.02841	0.00557
19	0.00547	0.00413	0.00575	0.00631	0.00685	0.00382	0.03330	0.00642	0.00861	0.01139	0.05087	0.70635	0.09644	0.01273	0.00544	0.00170	0.00265	0.02419	0.00396	0.00362
20	0.00567	0.00429	0.00573	0.00639	0.00666	0.00440	0.00443	0.00647	0.00815	0.01102	0.04319	0.69749	0.03917	0.03957	0.02292	0.00192	0.07415	0.01101	0.00376	0.00360

[dist]
# distance from previous block
# <min> <max>
3	5

[block]
# block no. 4 follows, 61 sequences, length 29
# corresponding to MSA columns:
# 190-203,224-238
name=unknown_E
#
# <colnr> <probs for GDERKNQSTAVLIFYWHMCP>
#	G	D	E	R	K	N	Q	S	T	A	V	L	I	F	Y	W	H	M	C	P
0	0.02525	0.00607	0.00720	0.04919	0.00898	0.00632	0.00521	0.04206	0.19844	0.01700	0.46980	0.02691	0.10484	0.00785	0.00480	0.00139	0.00269	0.00677	0.00438	0.00484
1	0.01586	0.01353	0.01229	0.00986	0.01290	0.19583	0.00794	0.58781	0.01785	0.02284	0.00972	0.01007	0.00713	0.00500	0.00414	0.00124	0.00527	0.00364	0.05046	0.00663
2	0.84943	0.00846	0.00656	0.00581	0.00850	0.00979	0.00479	0.03994	0.00777	0.01960	0.00615	0.00711	0.00476	0.00404	0.00272	0.00133	0.00338	0.00239	0.00272	0.00476
3	0.01512	0.00955	0.01055	0.00830	0.01122	0.01018	0.00679	0.49352	0.03018	0.16628	0.01239	0.01236	0.00877	0.00518	0.00405	0.00124	0.00398	0.00400	0.17967	0.00665
4	0.00798	0.00749	0.01248	0.79529	0.02844	0.00926	0.01152	0.01076	0.00868	0.01104	0.00951	0.01303	0.04770	0.00465	0.00435	0.00144	0.00556	0.00410	0.00202	0.00473
5	0.01071	0.00925	0.00974	0.00877	0.01120	0.01071	0.00682	0.02289	0.81396	0.01802	0.01753	0.01607	0.01315	0.00584	0.00438	0.00146	0.00341	0.00487	0.00438	0.00682
6	0.00544	0.00387	0.00515	0.00610	0.00640	0.00365	0.00418	0.00626	0.00829	0.01103	0.02317	0.73930	0.02756	0.05386	0.00633	0.00189	0.00270	0.07740	0.00393	0.00349
7	0.00525	0.00375	0.00500	0.00600	0.00625	0.00350	0.00400	0.00600	0.00825	0.01100	0.02374	0.84580	0.02849	0.01350	0.00550	0.00175	0.00250	0.01225	0.00400	0.00350
8	0.00799	0.00747	0.01254	0.79789	0.02853	0.00928	0.01158	0.01076	0.00860	0.01101	0.00844	0.05195	0.00685	0.00475	0.00436	0.00145	0.00558	0.00424	0.00202	0.00472
9	0.00524	0.00377	0.00498	0.00595	0.00624	0.00350	0.00398	0.00600	0.00829	0.01101	0.02432	0.82258	0.05135	0.01342	0.00549	0.00174	0.00249	0.01215	0.00400	0.00350
10	0.00952	0.00966	0.01271	0.01101	0.01113	0.05235	0.00908	0.01046	0.00696	0.01041	0.00667	0.05425	0.00688	0.00771	0.01318	0.00184	0.75532	0.00418	0.00201	0.00466
11	0.00813	0.00766	0.01292	0.83826	0.02967	0.00957	0.01196	0.01101	0.00861	0.01101	0.00766	0.01148	0.00574	0.00431	0.00431	0.00144	0.00574	0.00383	0.00191	0.00479
12	0.87904	0.00833	0.00633	0.00566	0.00833	0.00966	0.00467	0.01266	0.00733	0.01933	0.00600	0.00700	0.00467	0.00400	0.00267	0.00133	0.00333	0.00233	0.00267	0.00467
13	0.00525	0.00375	0.00500	0.00600	0.00625	0.00350	0.00400	0.00600	0.00825	0.01100	0.02374	0.84580	0.02849	0.01350	0.00550	0.00175	0.00250	0.01225	0.00400	0.00350
14	0.01133	0.66388	0.16229	0.00833	0.01244	0.03708	0.00886	0.01334	0.00899	0.03070	0.00658	0.00750	0.00564	0.00382	0.00306	0.00101	0.00497	0.00252	0.00193	0.00570
15	0.00626	0.00418	0.00470	0.00470	0.00470	0.00418	0.00261	0.00626	0.00626	0.00835	0.01357	0.02819	0.01566	0.84862	0.02192	0.00418	0.00418	0.00626	0.00261	0.00261
16	0.00538	0.00443	0.00472	0.00472	0.00602	0.00384	0.00350	0.00679	0.02643	0.01248	0.15302	0.09274	0.62363	0.02632	0.00542	0.00151	0.00224	0.00897	0.00409	0.00373
17	0.00827	0.00753	0.01245	0.46934	0.09880	0.00869	0.05922	0.04298	0.00907	0.01199	0.01085	0.03796	0.04942	0.00956	0.14335	0.00235	0.00643	0.00456	0.00228	0.00489
18	0.00827	0.01378	0.36853	0.00985	0.01339	0.04195	0.03721	0.01286	0.13741	0.01348	0.02610	0.25711	0.01432	0.00733	0.00462	0.00150	0.00474	0.01913	0.00297	0.00545
19	0.00626	0.00418	0.00470	0.00470	0.00470	0.00418	0.00261	0.00626	0.00626	0.00835	0.01357	0.02819	0.01566	0.84862	0.02192	0.00418	0.00418	0.00626	0.00261	0.00261
20	0.00542	0.00385	0.00511	0.00606	0.00635	0.00363	0.00413	0.00621	0.00825	0.01098	0.02313	0.74744	0.02755	0.05823	0.00641	0.00190	0.00269	0.06524	0.00392	0.00348
21	0.02804	0.02821	0.08466	0.19407	0.28790	0.03811	0.12815	0.08119	0.02746	0.01431	0.00851	0.02387	0.00681	0.00435	0.00457	0.00136	0.02606	0.00402	0.00233	0.00601
22	0.03245	0.00943	0.01625	0.41727	0.20521	0.03138	0.17613	0.02416	0.00941	0.01271	0.00800	0.01117	0.00621	0.00448	0.01666	0.00147	0.00598	0.00404	0.00209	0.00548
23	0.00539	0.00399	0.00504	0.00560	0.00621	0.00364	0.00389	0.00646	0.00932	0.01238	0.18868	0.54321	0.16619	0.01210	0.00534	0.00162	0.00235	0.01080	0.00415	0.00364
24	0.37091	0.01012	0.02726	0.00868	0.02851	0.04026	0.05345	0.23801	0.03713	0.07724	0.05054	0.01052	0.00818	0.00477	0.00384	0.00133	0.01653	0.00352	0.00339	0.00580
25	0.05068	0.16153	0.40881	0.01187	0.06493	0.03641	0.05475	0.04086	0.02624	0.02965	0.00813	0.01009	0.00639	0.00445	0.00443	0.00132	0.04870	0.02256	0.00218	0.00602
26	0.00650	0.00437	0.00551	0.00603	0.00676	0.00407	0.00420	0.02126	0.03087	0.06580	0.02565	0.64202	0.13617	0.01224	0.00531	0.00167	0.00260	0.01094	0.00410	0.00393
27	0.02286	0.13369	0.11113	0.03232	0.06508	0.15664	0.07689	0.17507	0.07831	0.04846	0.00947	0.01083	0.00736	0.00461	0.00403	0.00125	0.00546	0.01947	0.01378	0.02330
28	0.03848	0.38800	0.12628	0.00812	0.01173	0.08727	0.00791	0.03109	0.00932	0.02319	0.00824	0.03176	0.02078	0.00573	0.04779	0.00134	0.00513	0.00308	0.00224	0.14251

[dist]
# distance from previous block
# <min> <max>
0	1

[block]
# block no. 5 follows, 61 sequences, length 48
# corresponding to MSA columns:
# 240-282,295-299
name=unknown_F
#
# <colnr> <probs for GDERKNQSTAVLIFYWHMCP>
#	G	D	E	R	K	N	Q	S	T	A	V	L	I	F	Y	W	H	M	C	P
0	0.03332	0.23016	0.13338	0.01012	0.07166	0.10688	0.00874	0.10337	0.07583	0.05093	0.04896	0.01162	0.01653	0.00484	0.00404	0.00122	0.02599	0.01267	0.04389	0.00585
1	0.02319	0.45063	0.24029	0.00927	0.01345	0.01333	0.04597	0.04796	0.00962	0.02456	0.03370	0.01110	0.00788	0.00451	0.00357	0.00117	0.00507	0.04678	0.00223	0.00573
2	0.07120	0.03696	0.05047	0.02921	0.36690	0.17942	0.01053	0.16511	0.02242	0.01606	0.00813	0.00967	0.00648	0.00427	0.00404	0.00125	0.00550	0.00347	0.00260	0.00631
3	0.01084	0.00902	0.00961	0.00862	0.01103	0.01034	0.00671	0.02233	0.76005	0.04489	0.04471	0.01657	0.01400	0.00593	0.00441	0.00145	0.00337	0.00495	0.00443	0.00674
4	0.06361	0.03823	0.01178	0.00976	0.05076	0.05207	0.02118	0.34776	0.02278	0.08075	0.02096	0.01125	0.00801	0.00531	0.00537	0.00133	0.12123	0.00380	0.11798	0.00609
5	0.08429	0.05977	0.02878	0.00946	0.03862	0.08456	0.02170	0.22886	0.15838	0.10348	0.03187	0.02628	0.00949	0.00573	0.01738	0.00141	0.04516	0.00405	0.03454	0.00619
6	0.00874	0.00527	0.00622	0.00564	0.00717	0.00509	0.00434	0.03012	0.08151	0.11711	0.34583	0.02523	0.11617	0.00735	0.00441	0.00129	0.00243	0.00625	0.21511	0.00473
7	0.21724	0.00521	0.00486	0.00459	0.00610	0.00548	0.00357	0.01120	0.00879	0.05615	0.01227	0.01382	0.00950	0.00479	0.00299	0.00110	0.00241	0.00363	0.62199	0.00433
8	0.00991	0.01011	0.01913	0.18032	0.15855	0.01038	0.38664	0.03990	0.06409	0.01381	0.00913	0.01189	0.00707	0.00532	0.04133	0.00166	0.01809	0.00453	0.00234	0.00580
9	0.04698	0.16976	0.32242	0.01123	0.05919	0.03670	0.06430	0.05526	0.09728	0.03838	0.02631	0.02474	0.00789	0.00454	0.00394	0.00128	0.00525	0.00365	0.01482	0.00608
10	0.01815	0.00848	0.01063	0.00819	0.01149	0.00811	0.00675	0.21721	0.02795	0.59373	0.03323	0.01400	0.01054	0.00538	0.00434	0.00133	0.00389	0.00430	0.00505	0.00725
11	0.00615	0.00462	0.00692	0.00692	0.00769	0.00538	0.00538	0.00769	0.00692	0.01000	0.01154	0.01692	0.01077	0.03231	0.83154	0.00692	0.01154	0.00462	0.00231	0.00385
12	0.02645	0.12382	0.09822	0.01020	0.01315	0.44549	0.02537	0.08907	0.02830	0.03101	0.00793	0.00902	0.00634	0.00541	0.03331	0.00136	0.00663	0.00308	0.03037	0.00545
13	0.01072	0.08009	0.29474	0.02613	0.21884	0.06136	0.11455	0.03759	0.01017	0.05614	0.02952	0.01119	0.00752	0.00431	0.00423	0.00131	0.00577	0.01725	0.00234	0.00622
14	0.01086	0.00932	0.00982	0.00880	0.01126	0.01078	0.00685	0.04274	0.79388	0.01825	0.01735	0.01593	0.01300	0.00583	0.00438	0.00146	0.00344	0.00484	0.00438	0.00683
15	0.00525	0.00375	0.00500	0.00600	0.00625	0.00350	0.00400	0.00600	0.00825	0.01100	0.02374	0.84580	0.02849	0.01350	0.00550	0.00175	0.00250	0.01225	0.00400	0.00350
16	0.13748	0.00804	0.03574	0.00758	0.01092	0.00705	0.00645	0.03526	0.01169	0.67176	0.01505	0.01334	0.00960	0.00510	0.00409	0.00133	0.00373	0.00401	0.00483	0.00693
17	0.01098	0.01161	0.06796	0.06070	0.47049	0.07346	0.11423	0.02983	0.01005	0.03881	0.00856	0.02814	0.00708	0.00435	0.00483	0.00134	0.04496	0.00406	0.00229	0.00628
18	0.00799	0.00715	0.00976	0.00872	0.00885	0.00936	0.00684	0.00877	0.00656	0.00974	0.00886	0.01593	0.00931	0.24651	0.15437	0.00338	0.46716	0.00461	0.00216	0.00398
19	0.00942	0.00942	0.01319	0.01131	0.01131	0.01319	0.00942	0.01037	0.00660	0.01037	0.00565	0.00942	0.00565	0.00754	0.01414	0.00188	0.84073	0.00377	0.00188	0.00471
20	0.10724	0.00832	0.00914	0.00696	0.01038	0.00755	0.00560	0.11426	0.08121	0.03732	0.03643	0.01046	0.00817	0.00401	0.00347	0.00091	0.00340	0.00312	0.00310	0.53893
21	0.00708	0.00388	0.00531	0.00531	0.00531	0.00388	0.00337	0.00583	0.00583	0.00777	0.00947	0.01803	0.01016	0.28758	0.01850	0.59001	0.00388	0.00457	0.00211	0.00211
22	0.00577	0.00414	0.00530	0.00565	0.00629	0.00398	0.00401	0.00694	0.00900	0.01231	0.19078	0.35942	0.11442	0.08562	0.10669	0.00244	0.00362	0.02782	0.04218	0.00363
23	0.00529	0.00437	0.00464	0.00457	0.00594	0.00372	0.00343	0.00656	0.01028	0.01274	0.19490	0.03965	0.66805	0.01050	0.00509	0.00144	0.00215	0.00884	0.00414	0.00372
24	0.00868	0.00792	0.01355	0.74547	0.05796	0.00955	0.04689	0.01153	0.00885	0.03735	0.00802	0.01156	0.00597	0.00429	0.00434	0.00143	0.00572	0.00390	0.00204	0.00499
25	0.01150	0.01152	0.01776	0.02248	0.56390	0.10452	0.13714	0.01417	0.02185	0.04115	0.00847	0.01069	0.00685	0.00395	0.00435	0.00129	0.00569	0.00394	0.00229	0.00647
26	0.50917	0.00793	0.00789	0.00652	0.00947	0.00828	0.00537	0.01611	0.02011	0.34210	0.01059	0.01022	0.00721	0.00454	0.00336	0.00132	0.00346	0.00317	0.00376	0.01941
27	0.01883	0.00722	0.00984	0.00758	0.01083	0.00625	0.00625	0.02051	0.01232	0.79462	0.04692	0.01531	0.01178	0.00546	0.00436	0.00133	0.00360	0.00446	0.00531	0.00721
28	0.00880	0.00712	0.00965	0.07801	0.10864	0.02444	0.03762	0.05464	0.11412	0.05198	0.16476	0.10307	0.09773	0.00985	0.08774	0.00197	0.00447	0.01771	0.01257	0.00510
29	0.00604	0.00430	0.00551	0.00566	0.00650	0.00398	0.00415	0.00749	0.01031	0.02761	0.39017	0.25942	0.12240	0.05166	0.01786	0.00174	0.00258	0.06452	0.00427	0.00383
30	0.08444	0.00758	0.00983	0.00760	0.01088	0.00685	0.00627	0.04969	0.01225	0.73388	0.01591	0.01392	0.01008	0.00522	0.00420	0.00133	0.00368	0.00416	0.00509	0.00713
31	0.00668	0.00483	0.00660	0.00751	0.00849	0.00475	0.00644	0.00850	0.00979	0.01266	0.02454	0.10303	0.08878	0.01193	0.00585	0.00192	0.00372	0.67608	0.00397	0.00391
32	0.02420	0.00586	0.00852	0.00907	0.08360	0.00677	0.00643	0.03693	0.00770	0.01118	0.01152	0.01597	0.03703	0.02471	0.58408	0.03299	0.08228	0.00452	0.00238	0.00427
33	0.01356	0.00776	0.00916	0.00772	0.01018	0.00799	0.00603	0.04869	0.33407	0.33431	0.04789	0.01749	0.01335	0.11396	0.00664	0.00175	0.00360	0.00491	0.00454	0.00639
34	0.00585	0.00420	0.00567	0.00664	0.00719	0.00403	0.00503	0.00705	0.00890	0.01169	0.02407	0.53399	0.05356	0.01284	0.00565	0.00182	0.00301	0.29116	0.00399	0.00367
35	0.00893	0.00766	0.00893	0.00638	0.01021	0.00574	0.00510	0.01085	0.00893	0.01404	0.00766	0.00893	0.00638	0.00319	0.00319	0.00064	0.00319	0.00255	0.00255	0.87495
36	0.01155	0.00998	0.01065	0.01038	0.08844	0.05546	0.00742	0.13943	0.50814	0.01832	0.01562	0.01505	0.03703	0.00560	0.00429	0.00138	0.00390	0.00460	0.04623	0.00656
37	0.00906	0.00887	0.01584	0.51760	0.22785	0.00993	0.12509	0.01196	0.00913	0.01217	0.00792	0.01130	0.00613	0.00409	0.00441	0.00140	0.00580	0.00401	0.00201	0.00544
38	0.13505	0.09555	0.31476	0.04226	0.14366	0.01028	0.06080	0.01319	0.00906	0.04015	0.01817	0.00954	0.00633	0.00408	0.00399	0.00127	0.01993	0.00328	0.00222	0.06643
39	0.03732	0.18719	0.12246	0.00969	0.01281	0.13388	0.12586	0.01290	0.03232	0.04603	0.11096	0.06858	0.05809	0.00579	0.00420	0.00129	0.00500	0.01757	0.00284	0.00524
40	0.00525	0.00375	0.00500	0.00600	0.00625	0.00350	0.00400	0.00600	0.00825	0.01100	0.02374	0.84580	0.02849	0.01350	0.00550	0.00175	0.00250	0.01225	0.00400	0.00350
41	0.00556	0.00395	0.00523	0.00600	0.00634	0.00379	0.00411	0.00641	0.00825	0.01106	0.05706	0.62113	0.02645	0.10924	0.04753	0.00228	0.00321	0.06515	0.00379	0.00347
42	0.02569	0.01135	0.04972	0.07268	0.36940	0.12826	0.10845	0.01288	0.02193	0.01301	0.01101	0.07988	0.04863	0.00519	0.00463	0.00135	0.02303	0.00474	0.00241	0.00577
43	0.00983	0.00940	0.01605	0.23633	0.51997	0.00995	0.05094	0.01283	0.03809	0.01326	0.00847	0.01133	0.00689	0.00499	0.03235	0.00153	0.00554	0.00396	0.00216	0.00614
44	0.00617	0.00461	0.00575	0.00547	0.00658	0.00432	0.00410	0.00853	0.05074	0.01640	0.65806	0.05836	0.13656	0.00907	0.00506	0.00138	0.00213	0.00795	0.00461	0.00413
45	0.00793	0.00417	0.00437	0.00432	0.00529	0.00407	0.00313	0.00958	0.00885	0.04350	0.01644	0.04730	0.06722	0.10603	0.00553	0.00145	0.00235	0.00492	0.64963	0.00392
46	0.64840	0.01912	0.00787	0.00688	0.02584	0.00948	0.03400	0.06526	0.02311	0.03064	0.01914	0.02212	0.02430	0.00461	0.00314	0.00134	0.00354	0.01455	0.03173	0.00494
47	0.04352	0.35254	0.11501	0.00900	0.01257	0.15208	0.00847	0.11889	0.09208	0.03391	0.00834	0.00891	0.00663	0.00432	0.00352	0.00113	0.00516	0.00301	0.00261	0.01829

[dist]
# distance from previous block
# <min> <max>
0	4

[block]
# block no. 6 follows, 61 sequences, length 29
# corresponding to MSA columns:
# 304-332
name=unknown_G
#
# <colnr> <probs for GDERKNQSTAVLIFYWHMCP>
#	G	D	E	R	K	N	Q	S	T	A	V	L	I	F	Y	W	H	M	C	P
0	0.00724	0.00538	0.00719	0.00649	0.00793	0.00514	0.04732	0.02942	0.06632	0.05227	0.43084	0.11814	0.15394	0.00967	0.03165	0.00160	0.00293	0.00778	0.00432	0.00444
1	0.01168	0.12859	0.16379	0.02744	0.06689	0.04874	0.25018	0.06814	0.04607	0.09745	0.00932	0.01059	0.00692	0.00414	0.00423	0.00128	0.00572	0.00388	0.00264	0.04232
2	0.02346	0.03236	0.15855	0.29342	0.05396	0.07364	0.02508	0.02551	0.05341	0.12074	0.01016	0.03556	0.00774	0.00481	0.00430	0.00135	0.01712	0.00397	0.04925	0.00562
3	0.01580	0.01024	0.01003	0.00845	0.01110	0.18966	0.00672	0.05536	0.08342	0.41692	0.07207	0.03392	0.01287	0.00595	0.00440	0.00134	0.00448	0.04665	0.00437	0.00627
4	0.00641	0.00513	0.02637	0.00654	0.02718	0.00453	0.00491	0.03127	0.01008	0.02669	0.17674	0.28358	0.22773	0.02393	0.00552	0.00163	0.00281	0.12089	0.00404	0.00402
5	0.01127	0.27926	0.16643	0.03859	0.09689	0.08088	0.10092	0.04693	0.03454	0.05166	0.00921	0.03477	0.02172	0.00448	0.00388	0.00122	0.00540	0.00369	0.00239	0.00588
6	0.02494	0.00572	0.00669	0.00666	0.03324	0.02552	0.00483	0.02384	0.07854	0.06496	0.30253	0.11081	0.17501	0.02392	0.04939	0.00176	0.00322	0.02180	0.03211	0.00450
7	0.00538	0.00384	0.00511	0.00605	0.00635	0.00360	0.00411	0.00621	0.00840	0.01121	0.04710	0.76374	0.02837	0.03263	0.00589	0.00181	0.00260	0.05010	0.00399	0.00352
8	0.00893	0.00766	0.00893	0.00638	0.01021	0.00574	0.00510	0.01085	0.00893	0.01404	0.00766	0.00893	0.00638	0.00319	0.00319	0.00064	0.00319	0.00255	0.00255	0.87495
9	0.01016	0.04250	0.24521	0.04339	0.30087	0.00992	0.08540	0.05809	0.01024	0.04486	0.04739	0.05005	0.00908	0.00478	0.00450	0.00135	0.01920	0.00431	0.00248	0.00622
10	0.00841	0.00591	0.00757	0.00782	0.00925	0.00610	0.00658	0.01240	0.16957	0.06733	0.10383	0.03824	0.02320	0.00995	0.00544	0.00177	0.00364	0.50401	0.00422	0.00476
11	0.00529	0.00382	0.00500	0.00588	0.00623	0.00354	0.00396	0.00612	0.00854	0.01137	0.06743	0.75856	0.07212	0.01310	0.00545	0.00171	0.00246	0.01184	0.00404	0.00354
12	0.05118	0.08628	0.27419	0.01276	0.09425	0.03993	0.14142	0.07921	0.03696	0.06336	0.04469	0.03848	0.00875	0.00470	0.00421	0.00133	0.00544	0.00411	0.00266	0.00608
13	0.01008	0.00730	0.00854	0.00773	0.03932	0.04896	0.00580	0.11874	0.01248	0.11759	0.38626	0.02291	0.07714	0.00769	0.01997	0.00143	0.05230	0.00598	0.00417	0.04561
14	0.01139	0.00760	0.00855	0.00753	0.00984	0.00804	0.00595	0.04348	0.39502	0.16220	0.01789	0.04283	0.04831	0.00627	0.00428	0.00137	0.00325	0.04768	0.12198	0.04656
15	0.05180	0.23151	0.02259	0.09060	0.07531	0.18020	0.00828	0.08621	0.01906	0.18172	0.00925	0.00985	0.00691	0.00442	0.00375	0.00118	0.00517	0.00326	0.00295	0.00596
16	0.00989	0.14315	0.21048	0.05378	0.02528	0.02187	0.04797	0.07983	0.07860	0.04341	0.07128	0.02528	0.07726	0.00569	0.00433	0.00132	0.01697	0.03400	0.04398	0.00562
17	0.00707	0.00527	0.00656	0.04454	0.00805	0.02504	0.00473	0.00957	0.04982	0.04267	0.68826	0.02941	0.04582	0.00827	0.00496	0.00136	0.00247	0.00725	0.00454	0.00435
18	0.00677	0.00540	0.00762	0.00778	0.04529	0.00628	0.00555	0.00791	0.00699	0.00993	0.01251	0.01932	0.04736	0.21352	0.46312	0.00512	0.11826	0.00505	0.00239	0.00381
19	0.01200	0.23334	0.09007	0.05239	0.06915	0.18833	0.03430	0.01461	0.06228	0.08410	0.01004	0.05945	0.00854	0.00499	0.00386	0.00121	0.00522	0.01742	0.04312	0.00558
20	0.00810	0.00750	0.01246	0.73319	0.06506	0.00916	0.01129	0.01078	0.00859	0.01111	0.00878	0.01290	0.02309	0.04373	0.00512	0.00155	0.00552	0.00405	0.01327	0.00475
21	0.00882	0.00735	0.00797	0.00731	0.00924	0.00803	0.00562	0.03983	0.46798	0.01677	0.17440	0.06227	0.15132	0.00758	0.00468	0.00145	0.00294	0.00644	0.00437	0.00563
22	0.01006	0.19721	0.22791	0.01227	0.01604	0.05695	0.22179	0.01291	0.00898	0.01206	0.00745	0.00968	0.00608	0.00593	0.04987	0.00165	0.13196	0.00364	0.00198	0.00558
23	0.02663	0.06326	0.09757	0.04170	0.07885	0.21284	0.10355	0.08410	0.06880	0.08589	0.00989	0.02744	0.00792	0.00499	0.00469	0.00133	0.04464	0.02724	0.00282	0.00586
24	0.00613	0.00475	0.00573	0.00622	0.00684	0.02210	0.00441	0.00771	0.05184	0.01203	0.07694	0.55560	0.09710	0.01237	0.03214	0.00181	0.03139	0.02089	0.04015	0.00384
25	0.00601	0.00443	0.00640	0.00657	0.00719	0.00496	0.00491	0.00728	0.00709	0.01003	0.01379	0.15866	0.01420	0.09931	0.62163	0.00581	0.00937	0.00605	0.00262	0.00368
26	0.01067	0.07019	0.16557	0.01229	0.14257	0.02197	0.02421	0.05525	0.36837	0.03233	0.01295	0.04389	0.01019	0.00523	0.00424	0.00137	0.00449	0.00440	0.00330	0.00651
27	0.02393	0.09518	0.12926	0.02140	0.06152	0.02850	0.03393	0.05933	0.06508	0.10165	0.09005	0.14744	0.06513	0.02330	0.00477	0.00144	0.00409	0.02024	0.01836	0.00540
28	0.00943	0.00954	0.01099	0.04892	0.05316	0.14112	0.00799	0.01063	0.00780	0.01035	0.00815	0.01278	0.00781	0.08688	0.20859	0.00312	0.35210	0.00404	0.00212	0.00448

[dist]
# distance from previous block
# <min> <max>
0	11

[block]
# block no. 7 follows, 61 sequences, length 6
# corresponding to MSA columns:
# 344-349
name=unknown_H
#
# <colnr> <probs for GDERKNQSTAVLIFYWHMCP>
#	G	D	E	R	K	N	Q	S	T	A	V	L	I	F	Y	W	H	M	C	P
0	0.03483	0.25453	0.18276	0.03138	0.03197	0.10151	0.08718	0.05113	0.00990	0.01318	0.00746	0.00883	0.00599	0.00391	0.00360	0.00109	0.00530	0.00304	0.02614	0.13625
1	0.00550	0.00399	0.00511	0.00575	0.00625	0.00371	0.00397	0.00648	0.00894	0.01191	0.14452	0.55425	0.10866	0.06718	0.00649	0.00183	0.00257	0.04531	0.00402	0.00356
2	0.00839	0.00790	0.01079	0.00973	0.00995	0.01045	0.00781	0.00997	0.05690	0.01101	0.01122	0.23321	0.01222	0.00903	0.01123	0.00182	0.56514	0.00610	0.00260	0.00452
3	0.15173	0.09743	0.13305	0.02643	0.01299	0.16819	0.00858	0.17622	0.04934	0.08122	0.00914	0.01038	0.00702	0.00479	0.00407	0.00128	0.02579	0.02345	0.00300	0.00591
4	0.00574	0.00659	0.12826	0.00678	0.00807	0.00449	0.00572	0.00716	0.00853	0.01146	0.02333	0.63953	0.10438	0.01182	0.00525	0.00166	0.00305	0.01057	0.00367	0.00394
5	0.00978	0.00796	0.00931	0.00704	0.01045	0.00687	0.00563	0.01318	0.12989	0.05797	0.00955	0.01033	0.00759	0.00391	0.00395	0.00086	0.04264	0.00305	0.00294	0.65710

[dist]
# distance from previous block
# <min> <max>
0	10

# created by:
# /st0/software/busco_prod/Augustus/scripts/msa2prfl.pl ./align_prep/118028.fa
