[name]
unknown

[dist]
# distance from previous block
# <min> <max>
2	34

[block]
# block no. 0 follows, 62 sequences, length 8
# corresponding to MSA columns:
# 41-48
name=unknown_A
#
# <colnr> <probs for GDERKNQSTAVLIFYWHMCP>
#	G	D	E	R	K	N	Q	S	T	A	V	L	I	F	Y	W	H	M	C	P
0	0.00866	0.00653	0.03745	0.03869	0.06826	0.00609	0.00594	0.03168	0.08157	0.11235	0.24794	0.06979	0.14425	0.04600	0.04103	0.00174	0.01882	0.00643	0.02190	0.00488
1	0.04475	0.04586	0.01059	0.00931	0.05801	0.09149	0.04855	0.09152	0.04455	0.04746	0.06899	0.03962	0.02925	0.09188	0.14590	0.00254	0.09156	0.00468	0.02860	0.00488
2	0.08932	0.21117	0.17772	0.11153	0.09317	0.09425	0.03108	0.04164	0.00949	0.02882	0.00724	0.00881	0.00576	0.00405	0.00384	0.00119	0.02357	0.00304	0.00216	0.05216
3	0.01205	0.10534	0.06221	0.03901	0.15154	0.15139	0.05940	0.17829	0.04478	0.01526	0.00884	0.02484	0.00733	0.04173	0.00474	0.00131	0.00528	0.00367	0.00269	0.08030
4	0.00933	0.06280	0.11584	0.03751	0.04710	0.07922	0.03935	0.09076	0.05318	0.01321	0.03671	0.05987	0.03551	0.12422	0.10727	0.01877	0.01665	0.00478	0.04307	0.00486
5	0.00576	0.00447	0.00520	0.00540	0.00635	0.00419	0.00385	0.00767	0.07144	0.01259	0.17587	0.30968	0.29852	0.06161	0.00611	0.00168	0.00245	0.00931	0.00403	0.00380
6	0.00941	0.00524	0.00667	0.00602	0.00760	0.00484	0.00463	0.01156	0.05111	0.21508	0.36449	0.09102	0.10008	0.04144	0.00545	0.00150	0.00267	0.03330	0.03310	0.00480
7	0.00649	0.00459	0.00553	0.00562	0.00660	0.00432	0.00405	0.00835	0.06355	0.05112	0.19747	0.28763	0.21277	0.08978	0.00667	0.00177	0.00261	0.03308	0.00406	0.00394

[dist]
# distance from previous block
# <min> <max>
0	2

[block]
# block no. 1 follows, 62 sequences, length 9
# corresponding to MSA columns:
# 51-59
name=unknown_B
#
# <colnr> <probs for GDERKNQSTAVLIFYWHMCP>
#	G	D	E	R	K	N	Q	S	T	A	V	L	I	F	Y	W	H	M	C	P
0	0.08695	0.06255	0.00962	0.00718	0.00979	0.00898	0.00589	0.23284	0.09678	0.19461	0.01268	0.01268	0.00915	0.00498	0.00370	0.00121	0.00350	0.00384	0.22705	0.00601
1	0.04424	0.00956	0.00995	0.04982	0.09137	0.13164	0.00706	0.15881	0.06698	0.04566	0.04859	0.04966	0.06818	0.05273	0.07332	0.00191	0.03334	0.00475	0.04719	0.00525
2	0.26725	0.02685	0.11627	0.01018	0.10369	0.18187	0.00795	0.02855	0.03364	0.05403	0.01007	0.05095	0.03119	0.00504	0.00370	0.00129	0.00476	0.02222	0.03523	0.00527
3	0.00984	0.16148	0.12022	0.11331	0.09360	0.11290	0.02900	0.03709	0.05434	0.01241	0.03593	0.12455	0.01066	0.02695	0.02387	0.00148	0.00512	0.00470	0.00254	0.02001
4	0.03316	0.03561	0.07108	0.12978	0.12763	0.11045	0.05354	0.12095	0.08344	0.04854	0.02115	0.02884	0.00827	0.02677	0.02542	0.00154	0.04564	0.00403	0.01846	0.00571
5	0.00835	0.00550	0.00649	0.00595	0.00745	0.00527	0.00447	0.06849	0.06957	0.11371	0.25018	0.13109	0.22542	0.07122	0.00611	0.00162	0.00275	0.00755	0.00427	0.00456
6	0.00746	0.13090	0.00870	0.00669	0.03511	0.00674	0.00501	0.02213	0.03351	0.04264	0.13475	0.20069	0.23751	0.04499	0.02755	0.00167	0.03862	0.00745	0.00355	0.00430
7	0.00768	0.00523	0.00661	0.00653	0.03259	0.00530	0.00456	0.03178	0.03782	0.06761	0.21503	0.06817	0.09344	0.23346	0.04802	0.03203	0.04149	0.03137	0.02729	0.00400
8	0.00646	0.00490	0.00696	0.00654	0.00730	0.00513	0.04676	0.00765	0.00823	0.01159	0.16814	0.13337	0.05566	0.17670	0.21006	0.03044	0.05452	0.00660	0.04933	0.00365

[dist]
# distance from previous block
# <min> <max>
12	71

[block]
# block no. 2 follows, 62 sequences, length 16
# corresponding to MSA columns:
# 138-153
name=unknown_C
#
# <colnr> <probs for GDERKNQSTAVLIFYWHMCP>
#	G	D	E	R	K	N	Q	S	T	A	V	L	I	F	Y	W	H	M	C	P
0	0.02588	0.05448	0.14286	0.03461	0.12901	0.02548	0.05228	0.10527	0.07604	0.02977	0.03119	0.03992	0.09968	0.03036	0.04019	0.00160	0.00479	0.00466	0.01701	0.05492
1	0.06769	0.21183	0.14408	0.01183	0.16541	0.03118	0.02553	0.04988	0.02585	0.09448	0.00995	0.01105	0.04119	0.01816	0.00421	0.00123	0.02223	0.00348	0.00259	0.05814
2	0.06127	0.07086	0.23069	0.03003	0.02770	0.00945	0.04427	0.11583	0.08878	0.11950	0.06353	0.03406	0.02543	0.04143	0.00486	0.00143	0.00458	0.00428	0.00320	0.01880
3	0.04670	0.06919	0.12809	0.01009	0.08577	0.12243	0.04141	0.04588	0.05538	0.01335	0.03444	0.02846	0.06040	0.06157	0.07142	0.00186	0.00532	0.01579	0.04670	0.05576
4	0.00955	0.13417	0.03650	0.10791	0.03443	0.06981	0.00749	0.03356	0.02259	0.04550	0.10733	0.03615	0.06628	0.00704	0.03842	0.00151	0.11824	0.02421	0.00280	0.09652
5	0.07215	0.03977	0.01071	0.03085	0.01148	0.12406	0.04040	0.13325	0.13785	0.06271	0.01264	0.01554	0.04119	0.03400	0.05381	0.00175	0.05159	0.05996	0.02060	0.04571
6	0.00597	0.00462	0.00539	0.02727	0.00695	0.00430	0.00404	0.02174	0.02315	0.02506	0.17270	0.12102	0.43093	0.05324	0.05617	0.00192	0.00304	0.02478	0.00389	0.00383
7	0.00960	0.00764	0.00973	0.00848	0.02300	0.03433	0.08191	0.07645	0.20264	0.07498	0.22960	0.10061	0.07158	0.00726	0.00494	0.00141	0.02629	0.00632	0.01792	0.00532
8	0.04706	0.14758	0.01204	0.01821	0.01100	0.15937	0.00690	0.18341	0.06888	0.09146	0.01033	0.03281	0.00819	0.00541	0.01433	0.00128	0.05673	0.00367	0.11568	0.00564
9	0.02992	0.00540	0.00637	0.00596	0.00736	0.00525	0.00453	0.07503	0.04078	0.08662	0.25122	0.14420	0.16072	0.06544	0.00593	0.00161	0.00279	0.04979	0.04666	0.00442
10	0.01258	0.10148	0.11242	0.00966	0.07027	0.00910	0.02624	0.10439	0.10070	0.24330	0.06587	0.01644	0.07413	0.00567	0.00425	0.00131	0.00412	0.02808	0.00377	0.00622
11	0.00668	0.00497	0.00577	0.00560	0.00654	0.00494	0.00399	0.06321	0.04323	0.01254	0.14108	0.11664	0.20438	0.26041	0.07432	0.00267	0.00375	0.03199	0.00356	0.00375
12	0.01514	0.01124	0.01225	0.01010	0.04730	0.03192	0.00794	0.65116	0.01789	0.04694	0.01033	0.01073	0.00750	0.00571	0.02374	0.00140	0.02622	0.00384	0.05180	0.00683
13	0.03497	0.02815	0.11349	0.03208	0.07673	0.08933	0.00819	0.10921	0.02683	0.01470	0.02926	0.04793	0.00842	0.00586	0.03394	0.00137	0.08048	0.00375	0.04006	0.21523
14	0.03462	0.39385	0.05535	0.00877	0.06332	0.09478	0.00734	0.07573	0.04844	0.01313	0.00848	0.01008	0.00718	0.04016	0.00403	0.00119	0.00453	0.00310	0.12052	0.00538
15	0.39201	0.01000	0.04705	0.07560	0.09180	0.05232	0.04470	0.09921	0.00971	0.05465	0.00772	0.00905	0.00588	0.00428	0.00380	0.00130	0.03182	0.00311	0.02721	0.02877

[dist]
# distance from previous block
# <min> <max>
8	11

[block]
# block no. 3 follows, 62 sequences, length 7
# corresponding to MSA columns:
# 166-172
name=unknown_D
#
# <colnr> <probs for GDERKNQSTAVLIFYWHMCP>
#	G	D	E	R	K	N	Q	S	T	A	V	L	I	F	Y	W	H	M	C	P
0	0.01032	0.00989	0.01689	0.09540	0.75629	0.01005	0.01295	0.01287	0.00959	0.01364	0.00797	0.01060	0.00665	0.00383	0.00422	0.00128	0.00511	0.00379	0.00209	0.00657
1	0.01185	0.07088	0.05990	0.04785	0.06441	0.09631	0.22392	0.10972	0.08776	0.08620	0.01106	0.03100	0.02346	0.02121	0.00490	0.00139	0.02158	0.01778	0.00294	0.00588
2	0.00553	0.00382	0.00504	0.00569	0.00605	0.00358	0.00384	0.00615	0.00834	0.01117	0.11562	0.59953	0.06379	0.04979	0.00714	0.08483	0.00259	0.01038	0.00378	0.00334
3	0.02780	0.00607	0.00736	0.08551	0.00974	0.00648	0.00549	0.16317	0.01085	0.01528	0.08861	0.15420	0.09006	0.05180	0.10795	0.00219	0.00430	0.02700	0.13165	0.00448
4	0.00562	0.00433	0.00574	0.08473	0.00833	0.00418	0.00458	0.00691	0.00935	0.01239	0.20772	0.43425	0.17423	0.01094	0.00515	0.00156	0.00261	0.00973	0.00392	0.00373
5	0.00662	0.00445	0.00631	0.00624	0.00669	0.00500	0.00457	0.00712	0.00652	0.00935	0.01063	0.01711	0.01039	0.14537	0.44737	0.21309	0.04079	0.00453	0.04465	0.00320
6	0.04070	0.13564	0.17281	0.06599	0.13933	0.12754	0.10745	0.07118	0.03560	0.01362	0.00823	0.03206	0.00673	0.00440	0.00418	0.00127	0.02153	0.00365	0.00230	0.00580

[dist]
# distance from previous block
# <min> <max>
2	12

[block]
# block no. 4 follows, 62 sequences, length 22
# corresponding to MSA columns:
# 185-206
name=unknown_E
#
# <colnr> <probs for GDERKNQSTAVLIFYWHMCP>
#	G	D	E	R	K	N	Q	S	T	A	V	L	I	F	Y	W	H	M	C	P
0	0.03576	0.02092	0.00806	0.02530	0.01537	0.01313	0.03532	0.05378	0.01599	0.18331	0.03745	0.18480	0.01442	0.10532	0.00903	0.18295	0.00368	0.02559	0.01835	0.01146
1	0.03479	0.04654	0.11023	0.03140	0.24179	0.06435	0.10366	0.08530	0.16577	0.01540	0.00975	0.01095	0.00756	0.00431	0.00413	0.00128	0.00511	0.00382	0.00272	0.05114
2	0.00650	0.00514	0.00635	0.03759	0.00795	0.03401	0.02449	0.02417	0.02405	0.02595	0.11816	0.48247	0.11890	0.04535	0.00583	0.00169	0.00297	0.02072	0.00383	0.00387
3	0.05166	0.00530	0.02223	0.01742	0.02228	0.00494	0.00468	0.00888	0.04814	0.04626	0.29581	0.23622	0.17191	0.00941	0.00502	0.00146	0.01751	0.00815	0.01853	0.00420
4	0.03171	0.01050	0.05425	0.08628	0.12494	0.02495	0.02404	0.38524	0.01423	0.03920	0.02817	0.04926	0.00885	0.00597	0.02740	0.00146	0.02132	0.00425	0.05178	0.00620
5	0.01234	0.05763	0.07886	0.09279	0.09224	0.34032	0.00897	0.06141	0.06699	0.03524	0.06036	0.01191	0.03027	0.00558	0.02594	0.00137	0.00596	0.00373	0.00266	0.00542
6	0.00772	0.00687	0.01079	0.40428	0.12909	0.00785	0.01724	0.00976	0.00836	0.01113	0.01283	0.03362	0.09471	0.11852	0.04813	0.00203	0.03560	0.00488	0.03209	0.00451
7	0.00939	0.03742	0.06120	0.00882	0.04021	0.03154	0.06240	0.06359	0.17326	0.04863	0.12183	0.04837	0.10440	0.00748	0.03740	0.00155	0.02618	0.01920	0.04653	0.05060
8	0.00609	0.00457	0.00563	0.00611	0.00685	0.00446	0.00439	0.02142	0.07815	0.01238	0.09169	0.48502	0.11985	0.05086	0.00604	0.00176	0.00272	0.08416	0.00398	0.00387
9	0.02525	0.03723	0.01099	0.00874	0.04603	0.04798	0.05675	0.05752	0.01061	0.19794	0.08016	0.01372	0.01749	0.00505	0.00456	0.01684	0.03684	0.02659	0.00336	0.29636
10	0.00824	0.00777	0.01312	0.77477	0.09320	0.00951	0.01192	0.01105	0.00860	0.01112	0.00760	0.01128	0.00576	0.00422	0.00425	0.00141	0.00562	0.00378	0.00191	0.00489
11	0.05854	0.00836	0.01016	0.06272	0.01215	0.00855	0.00684	0.19609	0.11502	0.39044	0.04688	0.04228	0.01128	0.00558	0.00427	0.00135	0.00384	0.00452	0.00450	0.00662
12	0.03516	0.00782	0.00965	0.00759	0.01059	0.00741	0.00623	0.18224	0.01330	0.48990	0.05756	0.01638	0.05326	0.00575	0.00429	0.00130	0.00363	0.02535	0.02270	0.03989
13	0.01541	0.01195	0.01224	0.00959	0.01276	0.06427	0.00783	0.68741	0.05055	0.02492	0.05206	0.01139	0.00905	0.00527	0.00427	0.00128	0.00468	0.00400	0.00415	0.00691
14	0.01163	0.00926	0.01409	0.09197	0.46224	0.00950	0.01048	0.13731	0.01142	0.09383	0.02195	0.01244	0.03129	0.00452	0.00419	0.00127	0.00459	0.00406	0.05758	0.00638
15	0.02904	0.00451	0.00541	0.00543	0.00660	0.00413	0.00419	0.00767	0.01052	0.02924	0.35279	0.10265	0.29719	0.00999	0.00509	0.00149	0.00241	0.11351	0.00423	0.00389
16	0.00838	0.00733	0.01175	0.37867	0.18376	0.00810	0.03852	0.01110	0.03818	0.02465	0.02768	0.07345	0.07748	0.00554	0.00432	0.00137	0.00455	0.00498	0.08517	0.00501
17	0.00625	0.00412	0.00462	0.00462	0.00465	0.00412	0.00259	0.00633	0.00629	0.00854	0.01342	0.02740	0.01530	0.81873	0.02096	0.00401	0.00404	0.00610	0.03529	0.00263
18	0.02891	0.00953	0.01009	0.00852	0.01105	0.03077	0.00680	0.29283	0.33823	0.05088	0.09062	0.02574	0.01336	0.00592	0.00443	0.00136	0.01319	0.01821	0.03318	0.00638
19	0.00981	0.00794	0.00931	0.00729	0.02085	0.01883	0.01461	0.06741	0.06541	0.05173	0.04148	0.01196	0.02888	0.01968	0.00441	0.00097	0.04673	0.00343	0.02806	0.54121
20	0.04570	0.25850	0.01536	0.02918	0.10801	0.16032	0.03423	0.17134	0.02778	0.01484	0.00912	0.01016	0.03428	0.00452	0.00382	0.00115	0.01926	0.00335	0.04337	0.00571
21	0.11186	0.07942	0.04007	0.00950	0.01210	0.37490	0.00775	0.17977	0.02586	0.03009	0.00786	0.00878	0.00619	0.00464	0.00421	0.00120	0.04891	0.00306	0.03836	0.00548

[dist]
# distance from previous block
# <min> <max>
1	2

[block]
# block no. 5 follows, 62 sequences, length 16
# corresponding to MSA columns:
# 209-224
name=unknown_F
#
# <colnr> <probs for GDERKNQSTAVLIFYWHMCP>
#	G	D	E	R	K	N	Q	S	T	A	V	L	I	F	Y	W	H	M	C	P
0	0.00593	0.00433	0.00515	0.00509	0.00623	0.00383	0.00376	0.00735	0.01047	0.04179	0.34750	0.16219	0.36058	0.01016	0.00506	0.00144	0.00220	0.00879	0.00429	0.00386
1	0.00573	0.00410	0.00506	0.00536	0.00608	0.00374	0.00374	0.00680	0.00933	0.02895	0.22138	0.38666	0.19630	0.08850	0.00671	0.00178	0.00247	0.00966	0.00403	0.00362
2	0.00587	0.00424	0.00536	0.00524	0.00606	0.00393	0.00375	0.00739	0.01064	0.01475	0.56237	0.12454	0.09663	0.12173	0.00729	0.00176	0.00235	0.00809	0.00426	0.00373
3	0.16005	0.00719	0.00865	0.00697	0.00983	0.00687	0.00569	0.01820	0.07249	0.53884	0.04845	0.01416	0.01100	0.00521	0.00395	0.00130	0.00336	0.00411	0.06728	0.00640
4	0.01127	0.74039	0.02061	0.00746	0.01094	0.01600	0.00721	0.01406	0.11643	0.01105	0.00744	0.00803	0.00647	0.00392	0.00294	0.00098	0.00439	0.00261	0.00216	0.00563
5	0.01050	0.12246	0.01768	0.07024	0.66990	0.01097	0.01222	0.01289	0.00948	0.01321	0.00770	0.01008	0.00651	0.00380	0.00402	0.00123	0.00502	0.00359	0.00206	0.00645
6	0.06469	0.00998	0.01162	0.01108	0.12013	0.01085	0.00788	0.30545	0.26909	0.12509	0.01277	0.01241	0.00926	0.00510	0.00418	0.00134	0.00410	0.00410	0.00403	0.00686
7	0.76516	0.00872	0.00712	0.00616	0.00889	0.01003	0.00507	0.11891	0.00895	0.02012	0.00650	0.00735	0.00496	0.00410	0.00285	0.00131	0.00348	0.00251	0.00285	0.00496
8	0.01126	0.81816	0.05611	0.00748	0.01124	0.01654	0.00763	0.01277	0.00866	0.01016	0.00599	0.00692	0.00546	0.00366	0.00279	0.00093	0.00462	0.00231	0.00182	0.00550
9	0.00944	0.00497	0.00611	0.00546	0.00697	0.00466	0.00422	0.01167	0.03618	0.18154	0.37451	0.02268	0.02392	0.00671	0.00419	0.00123	0.00237	0.00572	0.28269	0.00474
10	0.00641	0.00495	0.00635	0.00638	0.00693	0.02587	0.00461	0.00764	0.02349	0.01011	0.04738	0.14476	0.01545	0.22662	0.41187	0.00476	0.03394	0.00616	0.00273	0.00357
11	0.00774	0.00925	0.17000	0.02932	0.05984	0.01729	0.03923	0.08168	0.02317	0.01359	0.05098	0.36562	0.06435	0.00894	0.00487	0.00153	0.00394	0.04051	0.00333	0.00480
12	0.00631	0.00462	0.00613	0.00602	0.00637	0.00518	0.00422	0.00707	0.00651	0.00911	0.01204	0.02166	0.01268	0.42502	0.39598	0.00525	0.05487	0.00530	0.00240	0.00326
13	0.12864	0.22359	0.02888	0.01010	0.08499	0.08058	0.02347	0.25619	0.01225	0.01701	0.00821	0.02971	0.00678	0.00538	0.03000	0.00135	0.01576	0.00334	0.00282	0.03093
14	0.00947	0.00595	0.00652	0.00607	0.00762	0.03231	0.00462	0.03577	0.10678	0.14072	0.06889	0.12554	0.13421	0.05151	0.00523	0.00149	0.00295	0.03923	0.21038	0.00475
15	0.01056	0.11623	0.13768	0.02552	0.09886	0.07838	0.04197	0.11591	0.04441	0.04732	0.04210	0.12369	0.02345	0.03457	0.01750	0.00148	0.00482	0.00494	0.01303	0.01756

[dist]
# distance from previous block
# <min> <max>
1	6

[block]
# block no. 6 follows, 62 sequences, length 22
# corresponding to MSA columns:
# 231,234-254
name=unknown_G
#
# <colnr> <probs for GDERKNQSTAVLIFYWHMCP>
#	G	D	E	R	K	N	Q	S	T	A	V	L	I	F	Y	W	H	M	C	P
0	0.03462	0.10598	0.27942	0.04163	0.07820	0.09161	0.06215	0.06895	0.04780	0.02393	0.03392	0.05207	0.00880	0.01348	0.01351	0.00140	0.01521	0.01910	0.00249	0.00572
1	0.04433	0.15211	0.19663	0.02148	0.14856	0.04528	0.03914	0.03892	0.03037	0.11184	0.00977	0.06286	0.00803	0.00468	0.00389	0.00122	0.00485	0.00386	0.00267	0.06953
2	0.04570	0.04096	0.18408	0.03027	0.09005	0.09224	0.06731	0.08714	0.01062	0.06694	0.03356	0.02373	0.00772	0.00428	0.00390	0.00114	0.00498	0.00354	0.00266	0.19918
3	0.51940	0.00927	0.07855	0.00660	0.00979	0.00857	0.00591	0.04384	0.00840	0.01736	0.00733	0.00939	0.00602	0.00413	0.00308	0.00117	0.00360	0.03512	0.00265	0.21981
4	0.00913	0.01012	0.09778	0.09649	0.22441	0.02629	0.10460	0.03434	0.11447	0.01393	0.05198	0.03248	0.13102	0.00569	0.00475	0.00138	0.02760	0.00509	0.00283	0.00563
5	0.00698	0.00507	0.00745	0.00924	0.13824	0.00505	0.00555	0.00751	0.00789	0.02654	0.03057	0.42781	0.03345	0.05078	0.00855	0.17827	0.03601	0.00817	0.00312	0.00375
6	0.00516	0.00392	0.00476	0.00538	0.00604	0.00352	0.00372	0.00606	0.00878	0.01128	0.05689	0.55713	0.28733	0.01234	0.00529	0.00162	0.00235	0.01093	0.00398	0.00352
7	0.03950	0.00394	0.00494	0.00572	0.00602	0.00379	0.00377	0.00622	0.00782	0.01080	0.02128	0.69326	0.02534	0.13714	0.00773	0.00207	0.00275	0.01084	0.00369	0.00337
8	0.88052	0.00823	0.00625	0.00560	0.00823	0.00955	0.00461	0.01251	0.00724	0.01909	0.00592	0.00691	0.00461	0.00395	0.00263	0.00132	0.00329	0.00230	0.00263	0.00461
9	0.00931	0.00931	0.01303	0.01117	0.01117	0.01303	0.00931	0.01024	0.00652	0.01024	0.00559	0.00931	0.00559	0.00745	0.01396	0.00186	0.84267	0.00372	0.00186	0.00465
10	0.00545	0.00392	0.00503	0.00578	0.00628	0.00365	0.00405	0.00641	0.00864	0.01150	0.07164	0.60317	0.11426	0.03616	0.00580	0.00174	0.00256	0.07432	0.02611	0.00353
11	0.01630	0.01173	0.01265	0.00970	0.01310	0.01291	0.00801	0.77726	0.01968	0.05974	0.01049	0.01039	0.00737	0.00511	0.00426	0.00128	0.00464	0.00385	0.00430	0.00724
12	0.00658	0.00543	0.00840	0.00793	0.00934	0.00512	0.11379	0.00841	0.00983	0.01285	0.12010	0.15833	0.18111	0.01033	0.00543	0.00168	0.00357	0.32395	0.00378	0.00404
13	0.00538	0.00402	0.00500	0.00541	0.00613	0.00364	0.00381	0.00655	0.00957	0.01272	0.24866	0.44160	0.20901	0.01148	0.00523	0.00156	0.00227	0.01018	0.00415	0.00364
14	0.00571	0.00421	0.00548	0.00619	0.00665	0.00420	0.00427	0.00734	0.06686	0.01119	0.02138	0.67141	0.02473	0.03737	0.09908	0.00235	0.00358	0.01056	0.00375	0.00371
15	0.01172	0.76456	0.04690	0.00760	0.01125	0.05223	0.00756	0.01319	0.00891	0.03487	0.00633	0.00716	0.00561	0.00374	0.00287	0.00094	0.00471	0.00238	0.00194	0.00552
16	0.00576	0.00445	0.00530	0.00534	0.00645	0.00407	0.00403	0.00758	0.03588	0.01392	0.34646	0.13906	0.32332	0.01020	0.00512	0.00148	0.00231	0.07115	0.00425	0.00387
17	0.00665	0.00481	0.00689	0.00689	0.00784	0.00454	0.06138	0.00827	0.04739	0.05961	0.04592	0.59497	0.08997	0.01143	0.00525	0.00164	0.00290	0.02568	0.00394	0.00403
18	0.00640	0.00517	0.00779	0.00700	0.00837	0.00476	0.10665	0.00777	0.00971	0.01275	0.22151	0.11061	0.26687	0.01016	0.00647	0.10004	0.00316	0.09736	0.00366	0.00380
19	0.01264	0.04049	0.01118	0.02741	0.01215	0.01150	0.00729	0.27742	0.48527	0.04581	0.01437	0.01357	0.01061	0.00543	0.00424	0.00137	0.00390	0.00436	0.00419	0.00682
20	0.03727	0.12309	0.18234	0.05330	0.04618	0.04843	0.04825	0.08682	0.06770	0.04952	0.00917	0.01019	0.01738	0.00423	0.00392	0.00115	0.01802	0.00334	0.01215	0.17755
21	0.01159	0.57366	0.04739	0.00765	0.01080	0.15186	0.00719	0.01312	0.00927	0.01096	0.00712	0.00821	0.00616	0.00395	0.00299	0.00097	0.00481	0.00260	0.11451	0.00521

[dist]
# distance from previous block
# <min> <max>
0	1

[block]
# block no. 7 follows, 62 sequences, length 41
# corresponding to MSA columns:
# 256-296
name=unknown_H
#
# <colnr> <probs for GDERKNQSTAVLIFYWHMCP>
#	G	D	E	R	K	N	Q	S	T	A	V	L	I	F	Y	W	H	M	C	P
0	0.01028	0.02533	0.01681	0.17691	0.57503	0.02720	0.06312	0.03012	0.00975	0.01346	0.00794	0.01061	0.00648	0.00390	0.00424	0.00129	0.00534	0.00382	0.00211	0.00625
1	0.00639	0.00477	0.00669	0.00651	0.00705	0.00541	0.01678	0.00747	0.00680	0.00973	0.01208	0.04776	0.01225	0.25979	0.48681	0.00532	0.05738	0.00521	0.03226	0.00353
2	0.00517	0.00428	0.00449	0.00451	0.00581	0.00364	0.00334	0.00630	0.00978	0.01196	0.12135	0.08220	0.68186	0.02965	0.00542	0.00150	0.00220	0.00895	0.00400	0.00361
3	0.00524	0.00423	0.00466	0.00473	0.00592	0.00365	0.00348	0.00644	0.00993	0.01246	0.18728	0.14971	0.56592	0.01073	0.00508	0.00146	0.00217	0.00916	0.00409	0.00365
4	0.01135	0.00952	0.01005	0.00881	0.01136	0.01094	0.00692	0.13057	0.70702	0.01904	0.01634	0.01510	0.01220	0.00568	0.00432	0.00142	0.00355	0.00468	0.00432	0.00680
5	0.01074	0.00618	0.00668	0.00586	0.00766	0.00645	0.00460	0.12268	0.12722	0.11207	0.01421	0.01493	0.01066	0.00513	0.00350	0.00113	0.00274	0.00411	0.52825	0.00519
6	0.01138	0.85302	0.02230	0.00728	0.01092	0.01684	0.00728	0.01274	0.00865	0.01001	0.00592	0.00683	0.00546	0.00364	0.00273	0.00091	0.00455	0.00228	0.00182	0.00546
7	0.00804	0.00756	0.01276	0.84023	0.02931	0.00945	0.01182	0.01087	0.00851	0.01087	0.00756	0.01134	0.00567	0.00425	0.00425	0.00142	0.00567	0.00378	0.00189	0.00473
8	0.01138	0.85302	0.02230	0.00728	0.01092	0.01684	0.00728	0.01274	0.00865	0.01001	0.00592	0.00683	0.00546	0.00364	0.00273	0.00091	0.00455	0.00228	0.00182	0.00546
9	0.00897	0.14897	0.70526	0.01139	0.01727	0.01094	0.01443	0.01336	0.00893	0.01295	0.00737	0.00865	0.00540	0.00398	0.00384	0.00128	0.00602	0.00301	0.00180	0.00616
10	0.01053	0.01011	0.01727	0.02612	0.82392	0.01011	0.01306	0.01306	0.00969	0.01390	0.00800	0.01053	0.00674	0.00379	0.00421	0.00126	0.00505	0.00379	0.00211	0.00674
11	0.00507	0.00431	0.00436	0.00435	0.00577	0.00361	0.00326	0.00618	0.00979	0.01171	0.07339	0.04059	0.79177	0.01070	0.00503	0.00143	0.00215	0.00893	0.00398	0.00361
12	0.00826	0.00779	0.01316	0.76807	0.09974	0.00951	0.01193	0.01107	0.00861	0.01114	0.00760	0.01127	0.00577	0.00421	0.00425	0.00140	0.00562	0.00378	0.00191	0.00491
13	0.00597	0.00435	0.00561	0.00530	0.00632	0.00399	0.00397	0.00793	0.01192	0.01677	0.78024	0.03227	0.08177	0.00881	0.00502	0.00134	0.00202	0.00776	0.00465	0.00399
14	0.01463	0.01115	0.01190	0.00948	0.01261	0.01247	0.00771	0.59171	0.24055	0.02432	0.01218	0.01178	0.00883	0.00529	0.00428	0.00132	0.00432	0.00410	0.00428	0.00710
15	0.01082	0.01069	0.00974	0.05820	0.02614	0.26046	0.01865	0.06486	0.01044	0.01305	0.01173	0.03792	0.01095	0.00731	0.03102	0.00156	0.09629	0.15379	0.16171	0.00465
16	0.00626	0.00461	0.00630	0.00622	0.00667	0.00522	0.00449	0.00720	0.00659	0.00930	0.01188	0.02048	0.01219	0.33129	0.49982	0.00563	0.04500	0.00512	0.00237	0.00339
17	0.00882	0.00756	0.00882	0.00630	0.01008	0.00567	0.00504	0.01071	0.00882	0.01387	0.00756	0.00882	0.00630	0.00315	0.00315	0.00063	0.00315	0.00252	0.00252	0.87647
18	0.04956	0.13539	0.04746	0.01075	0.06135	0.49694	0.00829	0.01610	0.01105	0.10157	0.00779	0.00864	0.00615	0.00471	0.01578	0.00121	0.00644	0.00293	0.00248	0.00540
19	0.01227	0.00821	0.00893	0.00758	0.00996	0.00894	0.00602	0.20131	0.32299	0.12126	0.01472	0.01439	0.01081	0.00535	0.00396	0.00127	0.00335	0.00430	0.22817	0.00620
20	0.00692	0.00569	0.02514	0.00752	0.00830	0.00656	0.00603	0.00835	0.00692	0.02799	0.01065	0.01593	0.01000	0.06839	0.63114	0.00570	0.13801	0.00448	0.00229	0.00400
21	0.01371	0.12810	0.10883	0.01046	0.02484	0.55834	0.00877	0.01557	0.03031	0.01100	0.00866	0.00956	0.04516	0.00458	0.00379	0.00113	0.00670	0.00309	0.00223	0.00517
22	0.00507	0.00431	0.00436	0.00435	0.00577	0.00361	0.00326	0.00618	0.00979	0.01171	0.07339	0.04059	0.79177	0.01070	0.00503	0.00143	0.00215	0.00893	0.00398	0.00361
23	0.00888	0.01145	0.20957	0.01107	0.03505	0.02866	0.12697	0.01144	0.00924	0.04889	0.13156	0.05899	0.03493	0.01828	0.00704	0.00156	0.19653	0.04200	0.00274	0.00514
24	0.04984	0.01046	0.01108	0.00915	0.02378	0.02530	0.00728	0.45065	0.24002	0.06417	0.01245	0.01213	0.00905	0.00521	0.00414	0.00131	0.00412	0.00405	0.04904	0.00677
25	0.00611	0.00445	0.00630	0.00630	0.00687	0.00503	0.00465	0.00725	0.00668	0.00948	0.01189	0.01944	0.01182	0.23223	0.63490	0.00617	0.00962	0.00496	0.00235	0.00350
26	0.00793	0.00397	0.00397	0.00397	0.00496	0.00397	0.00297	0.00991	0.00892	0.01586	0.01388	0.01586	0.01091	0.00496	0.00297	0.00099	0.00198	0.00397	0.87408	0.00397
27	0.00523	0.00373	0.00499	0.00597	0.00624	0.00349	0.00402	0.00600	0.00819	0.01091	0.02343	0.82741	0.02805	0.01329	0.00544	0.00173	0.00251	0.03195	0.00395	0.00347
28	0.88052	0.00823	0.00625	0.00560	0.00823	0.00955	0.00461	0.01251	0.00724	0.01909	0.00592	0.00691	0.00461	0.00395	0.00263	0.00132	0.00329	0.00230	0.00263	0.00461
29	0.00931	0.00931	0.01303	0.01117	0.01117	0.01303	0.00931	0.01024	0.00652	0.01024	0.00559	0.00931	0.00559	0.00745	0.01396	0.00186	0.84267	0.00372	0.00186	0.00465
30	0.05103	0.02735	0.14100	0.10033	0.30213	0.01001	0.03850	0.04626	0.15982	0.03376	0.02394	0.02933	0.00858	0.00462	0.00418	0.00134	0.00482	0.00408	0.00271	0.00622
31	0.00932	0.05842	0.58223	0.01426	0.15807	0.04803	0.02769	0.01339	0.00923	0.01320	0.00789	0.02515	0.00609	0.00417	0.00404	0.00131	0.00600	0.00340	0.00192	0.00620
32	0.00622	0.00413	0.00469	0.00469	0.00473	0.00416	0.00267	0.00631	0.00627	0.00847	0.01336	0.02725	0.01523	0.80753	0.04449	0.00413	0.00428	0.00609	0.02265	0.00265
33	0.00593	0.00435	0.00557	0.00526	0.00630	0.00398	0.00395	0.00786	0.01184	0.01657	0.75253	0.03260	0.10960	0.00888	0.00502	0.00135	0.00202	0.00781	0.00462	0.00398
34	0.03818	0.01102	0.01080	0.00958	0.03712	0.11966	0.00736	0.20975	0.38330	0.08640	0.01366	0.01367	0.01025	0.00542	0.00423	0.00135	0.00434	0.02341	0.00398	0.00653
35	0.19589	0.01251	0.01143	0.04963	0.02462	0.25187	0.04477	0.13929	0.04199	0.03283	0.00788	0.00931	0.00625	0.00551	0.02502	0.00146	0.11777	0.00329	0.01337	0.00532
36	0.00526	0.00415	0.00475	0.00502	0.00603	0.00364	0.00364	0.00639	0.00957	0.01212	0.14646	0.27762	0.45857	0.01126	0.00517	0.00152	0.00227	0.02887	0.00405	0.00362
37	0.02834	0.01239	0.21525	0.01068	0.06160	0.05502	0.05469	0.11492	0.06620	0.15083	0.04459	0.06144	0.02502	0.01609	0.00490	0.00140	0.03961	0.00454	0.02650	0.00600
38	0.00629	0.00819	0.18831	0.00716	0.00902	0.00527	0.02667	0.00800	0.00834	0.01125	0.03352	0.32033	0.14026	0.17459	0.00824	0.00206	0.00375	0.03156	0.00317	0.00401
39	0.00529	0.00388	0.00494	0.00561	0.00611	0.00356	0.00383	0.00623	0.00882	0.01170	0.12940	0.61735	0.13534	0.02966	0.00566	0.00169	0.00240	0.01099	0.00402	0.00353
40	0.04273	0.02769	0.02596	0.00846	0.05337	0.05845	0.00651	0.14344	0.06796	0.01616	0.00856	0.00946	0.00680	0.00382	0.00350	0.00090	0.00389	0.00298	0.00287	0.50647

[dist]
# distance from previous block
# <min> <max>
1	6

[block]
# block no. 8 follows, 62 sequences, length 32
# corresponding to MSA columns:
# 303-334
name=unknown_I
#
# <colnr> <probs for GDERKNQSTAVLIFYWHMCP>
#	G	D	E	R	K	N	Q	S	T	A	V	L	I	F	Y	W	H	M	C	P
0	0.00654	0.00539	0.00701	0.03077	0.02796	0.00557	0.02388	0.00888	0.07875	0.01256	0.13305	0.11755	0.26681	0.03617	0.12457	0.00233	0.04983	0.03698	0.02127	0.00414
1	0.00532	0.00387	0.00504	0.00590	0.00633	0.00359	0.00410	0.00621	0.00852	0.01122	0.04579	0.68713	0.10621	0.01284	0.00541	0.00171	0.00254	0.07078	0.00397	0.00352
2	0.00624	0.00465	0.00553	0.00551	0.00665	0.00436	0.00410	0.00849	0.07273	0.03005	0.31726	0.19054	0.26615	0.00994	0.00502	0.00146	0.00234	0.03433	0.02059	0.00405
3	0.01603	0.01185	0.01269	0.00976	0.01314	0.01313	0.00805	0.78907	0.04091	0.02658	0.01040	0.01036	0.00739	0.00513	0.00426	0.00128	0.00465	0.00386	0.00426	0.00722
4	0.05580	0.00741	0.00828	0.00700	0.00929	0.00764	0.00556	0.19365	0.12188	0.18930	0.06492	0.06944	0.09054	0.00642	0.00418	0.00131	0.00324	0.00524	0.14316	0.00574
5	0.26935	0.01084	0.01086	0.00856	0.01174	0.01213	0.00707	0.57622	0.01627	0.02455	0.00896	0.00925	0.00647	0.00477	0.00378	0.00129	0.00427	0.00338	0.00378	0.00647
6	0.88052	0.00823	0.00625	0.00560	0.00823	0.00955	0.00461	0.01251	0.00724	0.01909	0.00592	0.00691	0.00461	0.00395	0.00263	0.00132	0.00329	0.00230	0.00263	0.00461
7	0.01138	0.85302	0.02230	0.00728	0.01092	0.01684	0.00728	0.01274	0.00865	0.01001	0.00592	0.00683	0.00546	0.00364	0.00273	0.00091	0.00455	0.00228	0.00182	0.00546
8	0.64217	0.00872	0.00906	0.03066	0.19336	0.00976	0.00678	0.03133	0.00813	0.01790	0.00654	0.00792	0.00518	0.00395	0.00307	0.00131	0.00378	0.00271	0.00253	0.00516
9	0.01003	0.00878	0.02479	0.00848	0.02038	0.02103	0.00665	0.04337	0.60745	0.01716	0.06597	0.01900	0.03083	0.01981	0.00470	0.00149	0.00345	0.05327	0.02719	0.00618
10	0.00551	0.00407	0.00500	0.00540	0.00606	0.00374	0.00378	0.00654	0.00910	0.01201	0.18527	0.37773	0.20073	0.11063	0.00720	0.00188	0.00257	0.04534	0.00393	0.00351
11	0.00866	0.00825	0.01338	0.47443	0.24926	0.02531	0.02901	0.01121	0.00909	0.01191	0.01106	0.01502	0.06778	0.00496	0.00439	0.00140	0.00523	0.04226	0.00221	0.00520
12	0.00576	0.00412	0.00498	0.00536	0.00585	0.00393	0.00359	0.00669	0.02468	0.01093	0.08538	0.35993	0.14292	0.23979	0.02470	0.01893	0.00306	0.02534	0.02072	0.00334
13	0.00739	0.00370	0.00554	0.00554	0.00554	0.00370	0.00370	0.00554	0.00554	0.00739	0.00739	0.01293	0.00739	0.01478	0.01663	0.87620	0.00370	0.00370	0.00185	0.00185
14	0.01275	0.51807	0.03511	0.02569	0.01222	0.27858	0.00791	0.02883	0.00991	0.01055	0.00627	0.00735	0.00551	0.00401	0.00341	0.00102	0.02301	0.00253	0.00199	0.00531
15	0.00617	0.00458	0.00640	0.00633	0.00692	0.00517	0.00470	0.00733	0.00696	0.00984	0.04455	0.02029	0.03359	0.21844	0.56883	0.00571	0.03302	0.00515	0.00247	0.00355
16	0.00931	0.00842	0.06381	0.08707	0.20504	0.00785	0.00830	0.09250	0.08214	0.05504	0.13229	0.11043	0.10633	0.00678	0.00457	0.00138	0.00388	0.00593	0.00342	0.00549
17	0.01065	0.03651	0.14731	0.04812	0.09733	0.11779	0.06138	0.07696	0.12016	0.04097	0.02765	0.05715	0.04925	0.00553	0.00438	0.00133	0.01667	0.01894	0.05625	0.00566
18	0.88052	0.00823	0.00625	0.00560	0.00823	0.00955	0.00461	0.01251	0.00724	0.01909	0.00592	0.00691	0.00461	0.00395	0.00263	0.00132	0.00329	0.00230	0.00263	0.00461
19	0.01020	0.01005	0.03303	0.09319	0.39848	0.08280	0.04036	0.02359	0.08539	0.02540	0.05264	0.03080	0.04998	0.00495	0.00428	0.00130	0.00479	0.00446	0.03842	0.00588
20	0.00854	0.01694	0.52587	0.01218	0.03546	0.02044	0.12846	0.03012	0.00938	0.01338	0.01103	0.11011	0.03274	0.00545	0.00442	0.00141	0.00575	0.02028	0.00228	0.00576
21	0.00612	0.00506	0.02979	0.00707	0.04416	0.00453	0.01773	0.02007	0.00910	0.01243	0.11317	0.50871	0.10715	0.01096	0.00526	0.00158	0.01928	0.02241	0.05150	0.00392
22	0.03038	0.03528	0.03918	0.02515	0.03517	0.06057	0.02315	0.11504	0.03297	0.06890	0.01462	0.22725	0.03826	0.03026	0.10099	0.00217	0.08511	0.02739	0.00324	0.00491
23	0.01030	0.00801	0.01002	0.09011	0.09168	0.00866	0.02284	0.21857	0.14245	0.01785	0.09102	0.06492	0.05251	0.00615	0.00429	0.00133	0.00374	0.01782	0.13214	0.00560
24	0.00630	0.00551	0.02313	0.01789	0.02291	0.00539	0.00493	0.00835	0.05488	0.01301	0.23104	0.08714	0.32483	0.02485	0.07701	0.00197	0.07560	0.00747	0.00371	0.00409
25	0.02894	0.30740	0.15583	0.00982	0.03864	0.23606	0.00901	0.08901	0.01067	0.01279	0.00721	0.00835	0.00591	0.00479	0.02415	0.00123	0.00579	0.00285	0.02243	0.01909
26	0.00730	0.00534	0.00611	0.00607	0.00692	0.00561	0.00421	0.03769	0.18013	0.01284	0.06474	0.26380	0.01938	0.26669	0.02253	0.00238	0.00331	0.00743	0.07340	0.00409
27	0.02547	0.01096	0.04323	0.05393	0.07835	0.14882	0.01945	0.14095	0.02903	0.04156	0.00946	0.01262	0.00800	0.04426	0.02777	0.00151	0.08099	0.03902	0.03471	0.14992
28	0.07923	0.17721	0.13596	0.02626	0.03311	0.07628	0.04513	0.06893	0.02131	0.15260	0.01022	0.06640	0.00846	0.03566	0.00477	0.00136	0.02864	0.00397	0.00291	0.02158
29	0.01008	0.15717	0.04356	0.01201	0.19878	0.05284	0.01946	0.03331	0.02420	0.03212	0.05156	0.04593	0.01930	0.02694	0.01966	0.00130	0.05314	0.00390	0.00255	0.19218
30	0.12262	0.00590	0.00656	0.00582	0.00778	0.00559	0.00452	0.04875	0.02718	0.14900	0.16584	0.10268	0.26628	0.00804	0.00447	0.00136	0.00275	0.00670	0.00407	0.05410
31	0.02658	0.08291	0.06561	0.00939	0.05731	0.13323	0.02893	0.15155	0.06896	0.01510	0.05802	0.09236	0.09064	0.03048	0.00484	0.00136	0.01644	0.00505	0.01519	0.04604

[dist]
# distance from previous block
# <min> <max>
7	37

[block]
# block no. 9 follows, 62 sequences, length 11
# corresponding to MSA columns:
# 378-388
name=unknown_J
#
# <colnr> <probs for GDERKNQSTAVLIFYWHMCP>
#	G	D	E	R	K	N	Q	S	T	A	V	L	I	F	Y	W	H	M	C	P
0	0.02666	0.02099	0.04389	0.07084	0.08069	0.00928	0.03287	0.24162	0.12352	0.03887	0.08990	0.07344	0.01359	0.03059	0.01957	0.00155	0.00427	0.04218	0.02991	0.00577
1	0.07985	0.00980	0.01061	0.00862	0.01113	0.03409	0.02266	0.46031	0.04240	0.02138	0.11489	0.04904	0.01269	0.04405	0.03117	0.00163	0.03118	0.00471	0.00386	0.00595
2	0.00656	0.00665	0.08975	0.00707	0.00854	0.00529	0.04623	0.04406	0.02820	0.01235	0.07142	0.38749	0.13245	0.08740	0.04451	0.00203	0.00370	0.00870	0.00351	0.00410
3	0.00671	0.00433	0.00538	0.00550	0.00651	0.00389	0.00398	0.00793	0.00979	0.08782	0.20670	0.37009	0.21644	0.01067	0.00506	0.00151	0.00238	0.00939	0.03194	0.00398
4	0.04069	0.00596	0.00736	0.00619	0.00833	0.00549	0.00489	0.03895	0.01083	0.39398	0.07780	0.03994	0.07446	0.06707	0.00539	0.00149	0.00309	0.02178	0.18084	0.00548
5	0.00766	0.00525	0.00631	0.00595	0.00733	0.00507	0.00456	0.04451	0.07825	0.07400	0.33938	0.09367	0.17841	0.04196	0.00557	0.00154	0.00264	0.06706	0.02645	0.00443
6	0.01170	0.00869	0.00934	0.00802	0.01022	0.03560	0.00633	0.35059	0.11762	0.05130	0.04162	0.16403	0.05046	0.00804	0.03090	0.00156	0.00400	0.02761	0.05661	0.00576
7	0.00655	0.00472	0.00566	0.00571	0.00644	0.00468	0.00399	0.05558	0.03356	0.01252	0.15305	0.26552	0.09650	0.23838	0.04700	0.00247	0.00341	0.03077	0.01982	0.00369
8	0.02296	0.03000	0.00835	0.02161	0.00860	0.00726	0.00584	0.05663	0.00808	0.01147	0.03541	0.05943	0.07243	0.08810	0.37611	0.00410	0.15293	0.00514	0.00262	0.02292
9	0.07941	0.10694	0.03793	0.02489	0.11913	0.09973	0.08509	0.22228	0.04410	0.04133	0.00907	0.01968	0.00714	0.00526	0.02447	0.00140	0.03229	0.00367	0.03021	0.00598
10	0.00970	0.00967	0.06999	0.00887	0.03626	0.09564	0.02139	0.10893	0.05983	0.01409	0.05051	0.05357	0.03009	0.06751	0.11186	0.00220	0.10070	0.00458	0.06567	0.07893

[dist]
# distance from previous block
# <min> <max>
0	1

[block]
# block no. 10 follows, 62 sequences, length 10
# corresponding to MSA columns:
# 390-399
name=unknown_K
#
# <colnr> <probs for GDERKNQSTAVLIFYWHMCP>
#	G	D	E	R	K	N	Q	S	T	A	V	L	I	F	Y	W	H	M	C	P
0	0.03479	0.10403	0.08433	0.01132	0.10334	0.20369	0.03403	0.13673	0.05788	0.01479	0.03540	0.02701	0.03981	0.00507	0.00430	0.00123	0.03093	0.01846	0.00278	0.05009
1	0.09311	0.03080	0.05955	0.02928	0.07026	0.04868	0.00709	0.11500	0.02722	0.16845	0.09710	0.05757	0.04561	0.01663	0.03676	0.00158	0.03034	0.01705	0.04240	0.00553
2	0.00612	0.00460	0.00523	0.00524	0.00639	0.00423	0.00389	0.05080	0.01037	0.01369	0.19795	0.20817	0.37021	0.01021	0.00495	0.00145	0.00236	0.02758	0.06268	0.00388
3	0.05676	0.00657	0.05284	0.00761	0.00910	0.02030	0.07883	0.00908	0.00875	0.06811	0.06086	0.34509	0.07677	0.04739	0.05197	0.02726	0.02972	0.03537	0.00341	0.00420
4	0.00632	0.00529	0.03770	0.00638	0.03239	0.00453	0.00477	0.00832	0.03647	0.02841	0.39176	0.18970	0.17031	0.03054	0.00544	0.00152	0.00256	0.02933	0.00415	0.00411
5	0.00630	0.00485	0.00697	0.00690	0.00746	0.00570	0.00525	0.00752	0.00686	0.00982	0.01220	0.09294	0.01232	0.11835	0.59605	0.00563	0.08340	0.00535	0.00243	0.00371
6	0.03172	0.05617	0.06318	0.07995	0.18654	0.05845	0.04391	0.11890	0.04881	0.01448	0.02875	0.09027	0.06230	0.03819	0.00542	0.00148	0.04122	0.02193	0.00285	0.00548
7	0.00637	0.00475	0.00547	0.00530	0.00661	0.00428	0.00389	0.00818	0.05291	0.04395	0.19663	0.17700	0.35391	0.05679	0.00586	0.00157	0.00247	0.00835	0.00402	0.05170
8	0.01109	0.09522	0.12435	0.01071	0.07070	0.11161	0.05834	0.15060	0.08682	0.02771	0.01245	0.08823	0.05263	0.00639	0.02511	0.00145	0.03002	0.00466	0.02623	0.00568
9	0.17788	0.02804	0.05371	0.02269	0.05544	0.08427	0.04580	0.16656	0.06834	0.01644	0.01195	0.08415	0.05155	0.02589	0.02882	0.00158	0.04227	0.00455	0.02472	0.00534

[dist]
# distance from previous block
# <min> <max>
56	99

[block]
# block no. 11 follows, 62 sequences, length 11
# corresponding to MSA columns:
# 524-534
name=unknown_L
#
# <colnr> <probs for GDERKNQSTAVLIFYWHMCP>
#	G	D	E	R	K	N	Q	S	T	A	V	L	I	F	Y	W	H	M	C	P
0	0.01056	0.03538	0.07733	0.02338	0.17056	0.11610	0.06771	0.06405	0.08623	0.02515	0.03379	0.04447	0.02689	0.00593	0.03026	0.00143	0.04234	0.01611	0.02416	0.09815
1	0.06094	0.08096	0.09574	0.02618	0.05294	0.03126	0.09840	0.12176	0.02769	0.01523	0.06657	0.03477	0.00977	0.03583	0.03284	0.00147	0.02379	0.00401	0.00276	0.17707
2	0.01166	0.11987	0.16711	0.08542	0.05879	0.21757	0.02200	0.11531	0.04485	0.01370	0.00934	0.01157	0.02437	0.04312	0.00475	0.00136	0.00567	0.01843	0.01958	0.00554
3	0.00996	0.17887	0.02634	0.00806	0.03250	0.04281	0.02091	0.16508	0.04161	0.02756	0.09947	0.16685	0.04915	0.06677	0.00557	0.00153	0.00394	0.04458	0.00340	0.00505
4	0.00571	0.00447	0.00519	0.00505	0.00623	0.00399	0.00367	0.00691	0.00937	0.01227	0.19305	0.12292	0.37416	0.10132	0.06485	0.00206	0.00309	0.00801	0.00374	0.06393
5	0.01196	0.01004	0.05744	0.01024	0.10067	0.00943	0.00771	0.29391	0.08900	0.05639	0.01107	0.01206	0.02744	0.03079	0.03453	0.00143	0.00442	0.00379	0.00337	0.22431
6	0.04942	0.00622	0.00786	0.00728	0.02801	0.00619	0.03777	0.10061	0.05813	0.08532	0.22209	0.18304	0.12146	0.03496	0.02063	0.00162	0.00324	0.01733	0.00405	0.00477
7	0.00555	0.00380	0.00514	0.00596	0.00622	0.00364	0.00405	0.00609	0.00784	0.01047	0.02100	0.66701	0.02481	0.04603	0.03520	0.08988	0.00302	0.04736	0.00363	0.00329
8	0.00670	0.00483	0.00710	0.00669	0.00745	0.00517	0.04602	0.00780	0.00702	0.03549	0.01256	0.05383	0.01269	0.29236	0.46923	0.00530	0.00823	0.00541	0.00253	0.00360
9	0.01036	0.00993	0.01696	0.08241	0.76897	0.01006	0.01297	0.01291	0.00961	0.01369	0.00797	0.01059	0.00667	0.00382	0.00422	0.00127	0.00510	0.00379	0.00209	0.00660
10	0.00906	0.00879	0.01403	0.54759	0.25389	0.03763	0.01195	0.01167	0.00888	0.01169	0.00758	0.01091	0.00597	0.00425	0.00462	0.00138	0.03909	0.00375	0.00196	0.00530

[dist]
# distance from previous block
# <min> <max>
0	2

[block]
# block no. 12 follows, 62 sequences, length 17
# corresponding to MSA columns:
# 537-553
name=unknown_M
#
# <colnr> <probs for GDERKNQSTAVLIFYWHMCP>
#	G	D	E	R	K	N	Q	S	T	A	V	L	I	F	Y	W	H	M	C	P
0	0.01052	0.00999	0.01559	0.10064	0.60614	0.03584	0.01193	0.03875	0.07306	0.01418	0.00921	0.01219	0.00770	0.00432	0.00427	0.00131	0.00501	0.03055	0.00239	0.00641
1	0.00611	0.00438	0.00577	0.00582	0.00634	0.00467	0.00415	0.00703	0.00707	0.00969	0.03673	0.02500	0.06247	0.35900	0.38291	0.00497	0.00720	0.05472	0.00267	0.00331
2	0.01286	0.67116	0.01977	0.00751	0.01104	0.03964	0.00717	0.03660	0.00962	0.13903	0.00777	0.00815	0.00631	0.00396	0.00305	0.00099	0.00450	0.00265	0.00244	0.00577
3	0.01449	0.15110	0.07973	0.01041	0.01319	0.60860	0.00865	0.03002	0.02633	0.01102	0.00682	0.00784	0.00564	0.00428	0.00370	0.00110	0.00694	0.00276	0.00218	0.00520
4	0.00705	0.13853	0.03766	0.00605	0.00765	0.00624	0.00508	0.00884	0.01066	0.02830	0.45184	0.11364	0.09966	0.00852	0.00471	0.00136	0.00276	0.05323	0.00395	0.00428
5	0.16314	0.01160	0.07679	0.01516	0.16133	0.04305	0.30713	0.06655	0.07627	0.01567	0.00866	0.01043	0.00664	0.00408	0.00434	0.00136	0.01540	0.00399	0.00252	0.00590
6	0.00968	0.25776	0.50387	0.01031	0.01550	0.01147	0.02801	0.01326	0.00902	0.03992	0.00810	0.00917	0.02027	0.00404	0.00367	0.00119	0.00551	0.00305	0.00200	0.04420
7	0.14368	0.00512	0.00665	0.00655	0.00757	0.00593	0.00509	0.00831	0.00687	0.01126	0.01062	0.01566	0.00990	0.06342	0.66722	0.00585	0.00980	0.00428	0.00235	0.00387
8	0.00950	0.00741	0.01136	0.00978	0.03059	0.04934	0.17918	0.01113	0.00917	0.13967	0.01597	0.24714	0.04998	0.06048	0.09238	0.00223	0.05147	0.01521	0.00326	0.00476
9	0.00974	0.05191	0.37644	0.01205	0.11401	0.06328	0.03468	0.01343	0.04191	0.06829	0.14603	0.02717	0.01247	0.00509	0.00424	0.00131	0.00510	0.00427	0.00273	0.00585
10	0.00840	0.00786	0.01279	0.62500	0.08903	0.00894	0.02979	0.01109	0.00869	0.01165	0.00762	0.01089	0.00587	0.00403	0.00410	0.00128	0.00526	0.00361	0.00201	0.14208
11	0.01188	0.00966	0.01611	0.02320	0.69598	0.00950	0.01199	0.01427	0.01008	0.14182	0.00939	0.01115	0.00734	0.00402	0.00422	0.00127	0.00483	0.00387	0.00260	0.00682
12	0.00968	0.01159	0.14354	0.11498	0.48022	0.03553	0.04392	0.01252	0.00951	0.01319	0.00986	0.02561	0.03721	0.00455	0.00431	0.00133	0.00530	0.02886	0.00219	0.00609
13	0.01096	0.06191	0.05488	0.18825	0.05646	0.00887	0.11275	0.04934	0.08805	0.17153	0.01466	0.07231	0.07999	0.00567	0.00441	0.00138	0.00461	0.00504	0.00324	0.00569
14	0.00831	0.00771	0.01241	0.66064	0.07350	0.00890	0.01082	0.01098	0.00863	0.01152	0.00759	0.01090	0.00583	0.00405	0.00408	0.00128	0.00524	0.00358	0.00200	0.14202
15	0.00540	0.00407	0.00501	0.00550	0.00627	0.00369	0.00397	0.00653	0.00934	0.01217	0.15481	0.42020	0.26511	0.01173	0.00528	0.00160	0.00241	0.06923	0.00406	0.00362
16	0.04283	0.02847	0.39486	0.01264	0.15444	0.00926	0.01159	0.06162	0.05293	0.05727	0.01168	0.02616	0.06360	0.00484	0.00408	0.00131	0.00499	0.00397	0.03011	0.02336

[dist]
# distance from previous block
# <min> <max>
0	25

# created by:
# /st0/software/busco_prod/Augustus/scripts/msa2prfl.pl ./align_prep/118166.fa
