[name]
unknown

[dist]
# distance from previous block
# <min> <max>
0	45

[block]
# block no. 0 follows, 63 sequences, length 32
# corresponding to MSA columns:
# 45-76
name=unknown_A
#
# <colnr> <probs for GDERKNQSTAVLIFYWHMCP>
#	G	D	E	R	K	N	Q	S	T	A	V	L	I	F	Y	W	H	M	C	P
0	0.09727	0.06055	0.07602	0.02745	0.05914	0.06237	0.02222	0.06269	0.08799	0.06293	0.09205	0.03467	0.07055	0.00537	0.00392	0.00119	0.00395	0.01442	0.00314	0.15213
1	0.07197	0.06749	0.13106	0.01309	0.21894	0.02345	0.03466	0.11934	0.06392	0.08802	0.07805	0.04096	0.02085	0.00503	0.00409	0.00129	0.00447	0.00425	0.00306	0.00604
2	0.04333	0.12433	0.21492	0.00908	0.02241	0.06664	0.05677	0.03778	0.00932	0.05257	0.01334	0.27680	0.02390	0.00709	0.00429	0.00137	0.00451	0.01384	0.00285	0.01486
3	0.08175	0.11688	0.14486	0.00828	0.03050	0.03205	0.00748	0.11649	0.04588	0.05231	0.01273	0.14791	0.05307	0.00593	0.00392	0.00123	0.00404	0.00481	0.00301	0.12687
4	0.08689	0.15471	0.24965	0.01096	0.10643	0.04006	0.00983	0.11154	0.06276	0.04723	0.02633	0.02159	0.02580	0.00454	0.00376	0.00123	0.00479	0.00351	0.00265	0.02576
5	0.03922	0.14117	0.15162	0.01245	0.15168	0.17924	0.02990	0.04599	0.15672	0.02615	0.00907	0.00991	0.00710	0.00430	0.00382	0.00121	0.00528	0.00336	0.00255	0.01924
6	0.01061	0.01016	0.05224	0.03911	0.31469	0.01851	0.16925	0.06719	0.08170	0.05687	0.06001	0.01233	0.00928	0.00432	0.00429	0.00126	0.00493	0.00420	0.00276	0.07629
7	0.01054	0.01090	0.07521	0.02254	0.64569	0.01018	0.03590	0.05472	0.06620	0.01462	0.00865	0.01067	0.00701	0.00396	0.00418	0.00127	0.00501	0.00381	0.00232	0.00662
8	0.01417	0.01111	0.01188	0.00996	0.05513	0.04490	0.00769	0.57961	0.07621	0.02280	0.01183	0.01188	0.04945	0.00514	0.00415	0.00123	0.00443	0.00398	0.00388	0.07059
9	0.00678	0.00553	0.00716	0.04960	0.00850	0.03909	0.00529	0.00803	0.00701	0.00973	0.01086	0.01742	0.01060	0.19293	0.51896	0.00520	0.04073	0.00458	0.00229	0.04971
10	0.01609	0.00794	0.01023	0.00870	0.05378	0.00752	0.00671	0.14533	0.05435	0.51788	0.03168	0.01544	0.02836	0.00547	0.00427	0.00130	0.00374	0.03453	0.00463	0.04203
11	0.73677	0.02631	0.00731	0.04041	0.05102	0.00932	0.00530	0.01209	0.00761	0.01797	0.04914	0.00848	0.00657	0.00415	0.00287	0.00129	0.00340	0.00269	0.00263	0.00465
12	0.00512	0.00424	0.00424	0.00424	0.00564	0.00357	0.00318	0.00623	0.00954	0.01158	0.04106	0.03915	0.78145	0.01034	0.00486	0.00140	0.00212	0.00861	0.04985	0.00357
13	0.00872	0.00747	0.00872	0.00623	0.00996	0.00560	0.00498	0.01058	0.00872	0.01370	0.00747	0.00872	0.00623	0.00311	0.00311	0.00062	0.00311	0.00249	0.00249	0.87796
14	0.00905	0.01931	0.64815	0.01365	0.08828	0.01000	0.09285	0.04558	0.00948	0.01390	0.00777	0.00930	0.00562	0.00397	0.00411	0.00133	0.00613	0.00337	0.00193	0.00624
15	0.01844	0.00707	0.00965	0.00749	0.01066	0.00613	0.00620	0.02007	0.01195	0.80030	0.01678	0.01547	0.01089	0.00543	0.00428	0.00132	0.00359	0.03207	0.00516	0.00704
16	0.00849	0.15410	0.31481	0.00939	0.05408	0.00894	0.01908	0.03060	0.02330	0.02998	0.18605	0.02774	0.10491	0.00583	0.00414	0.00127	0.00433	0.00480	0.00284	0.00533
17	0.00611	0.00408	0.00458	0.00458	0.00458	0.00408	0.00255	0.00611	0.00611	0.00815	0.01325	0.02751	0.01528	0.85226	0.02140	0.00408	0.00408	0.00611	0.00255	0.00255
18	0.00589	0.00426	0.00559	0.00555	0.00645	0.00396	0.00418	0.00769	0.01116	0.01558	0.63415	0.13734	0.05560	0.00949	0.00508	0.00143	0.00221	0.07607	0.00445	0.00388
19	0.04349	0.53509	0.30034	0.00878	0.01324	0.01399	0.00997	0.01283	0.00860	0.01141	0.00643	0.00748	0.00534	0.00375	0.00314	0.00106	0.00504	0.00255	0.00182	0.00564
20	0.01159	0.66273	0.09537	0.00814	0.01178	0.12885	0.00809	0.01323	0.00904	0.01026	0.00609	0.00706	0.00539	0.00373	0.00297	0.00096	0.00508	0.00239	0.00185	0.00540
21	0.00584	0.00429	0.00547	0.00518	0.00622	0.00392	0.00388	0.00773	0.01165	0.01627	0.73970	0.03238	0.12416	0.00882	0.00496	0.00133	0.00200	0.00774	0.00455	0.00392
22	0.01099	0.72811	0.12526	0.00789	0.01179	0.03543	0.00828	0.01278	0.00867	0.01034	0.00608	0.00704	0.00539	0.00367	0.00289	0.00096	0.00479	0.00237	0.00180	0.00549
23	0.01444	0.02430	0.10328	0.01233	0.17579	0.00889	0.03340	0.11258	0.09049	0.36149	0.01269	0.01234	0.00873	0.00473	0.00419	0.00130	0.00438	0.00399	0.00384	0.00683
24	0.00608	0.00422	0.00531	0.00531	0.00557	0.00447	0.00346	0.00658	0.00633	0.00869	0.01258	0.02382	0.01368	0.57685	0.29462	0.00497	0.00649	0.00557	0.00245	0.00295
25	0.00664	0.00474	0.00662	0.00759	0.00850	0.00472	0.00654	0.00848	0.00955	0.01243	0.02233	0.11231	0.02449	0.01174	0.00577	0.00192	0.00376	0.73417	0.00387	0.00383
26	0.04066	0.01168	0.16599	0.01007	0.06932	0.07430	0.00870	0.11433	0.02413	0.39894	0.01252	0.03139	0.00866	0.00494	0.00412	0.00129	0.00458	0.00394	0.00385	0.00659
27	0.03016	0.02164	0.01423	0.08227	0.25493	0.00884	0.15900	0.10622	0.02074	0.02993	0.03037	0.19850	0.01213	0.00617	0.00455	0.00140	0.00466	0.00586	0.00288	0.00553
28	0.01014	0.00902	0.06522	0.02596	0.03533	0.00741	0.00662	0.09646	0.10485	0.05938	0.00985	0.03506	0.00790	0.00413	0.00361	0.00094	0.00362	0.00337	0.00299	0.50814
29	0.07825	0.14852	0.57755	0.01036	0.01564	0.01063	0.01263	0.03120	0.00900	0.02737	0.00791	0.00900	0.01839	0.00406	0.00369	0.00125	0.00550	0.00302	0.00201	0.02403
30	0.01424	0.01761	0.01089	0.00992	0.01195	0.70048	0.00743	0.03037	0.01175	0.01091	0.04427	0.01167	0.07144	0.02410	0.00434	0.00119	0.00678	0.00350	0.00245	0.00472
31	0.03113	0.07188	0.21384	0.01061	0.02904	0.34259	0.00975	0.15948	0.01224	0.06949	0.00806	0.00879	0.00605	0.00437	0.00386	0.00119	0.00610	0.00308	0.00263	0.00583

[dist]
# distance from previous block
# <min> <max>
0	1

[block]
# block no. 1 follows, 63 sequences, length 51
# corresponding to MSA columns:
# 78-128
name=unknown_B
#
# <colnr> <probs for GDERKNQSTAVLIFYWHMCP>
#	G	D	E	R	K	N	Q	S	T	A	V	L	I	F	Y	W	H	M	C	P
0	0.11674	0.02759	0.02912	0.00991	0.01267	0.32551	0.04065	0.30108	0.02884	0.01755	0.02250	0.00918	0.00672	0.00468	0.00415	0.00122	0.02989	0.00329	0.00301	0.00573
1	0.00844	0.00489	0.00628	0.00562	0.00703	0.00454	0.00432	0.01984	0.02468	0.15015	0.59123	0.02659	0.03128	0.00760	0.00462	0.00129	0.00230	0.00661	0.08814	0.00457
2	0.01004	0.48807	0.35945	0.00943	0.01413	0.01363	0.02887	0.01291	0.00871	0.01140	0.00661	0.00774	0.00539	0.00376	0.00329	0.00109	0.00527	0.00267	0.00180	0.00574
3	0.02320	0.04745	0.08232	0.02799	0.46752	0.00905	0.01056	0.01261	0.06838	0.02720	0.06454	0.07830	0.01166	0.00538	0.00430	0.00133	0.00446	0.04514	0.00266	0.00595
4	0.00768	0.00468	0.00617	0.00558	0.00688	0.00426	0.00426	0.00961	0.01192	0.12563	0.71570	0.02911	0.03575	0.00814	0.00486	0.00132	0.00220	0.00715	0.00470	0.00439
5	0.00512	0.00366	0.00488	0.00585	0.00610	0.00341	0.00390	0.00585	0.00805	0.01073	0.02317	0.84952	0.02780	0.01317	0.00537	0.00171	0.00244	0.01195	0.00390	0.00341
6	0.01013	0.01034	0.01680	0.20967	0.44411	0.07007	0.13679	0.01273	0.00947	0.01269	0.00775	0.01051	0.00626	0.00393	0.00445	0.00131	0.02122	0.00386	0.00204	0.00588
7	0.00948	0.02181	0.01384	0.28316	0.34596	0.00931	0.02929	0.08417	0.00997	0.01350	0.00992	0.07394	0.00894	0.00529	0.00451	0.01171	0.00493	0.05227	0.00244	0.00556
8	0.00528	0.00372	0.00483	0.00565	0.00586	0.00352	0.00369	0.00589	0.00774	0.01033	0.02161	0.72021	0.02583	0.14516	0.00789	0.00208	0.00270	0.01103	0.00369	0.00328
9	0.07448	0.75324	0.05962	0.00730	0.01095	0.01578	0.00740	0.01261	0.00846	0.01071	0.00593	0.00685	0.00533	0.00364	0.00275	0.00095	0.00449	0.00229	0.00186	0.00537
10	0.03435	0.08145	0.69209	0.01131	0.01701	0.02408	0.01410	0.05451	0.00941	0.01385	0.00749	0.00870	0.00540	0.00402	0.00387	0.00129	0.00594	0.00305	0.00193	0.00613
11	0.01125	0.01246	0.02171	0.01644	0.05319	0.12566	0.60478	0.06227	0.01081	0.02665	0.00842	0.01075	0.00637	0.00378	0.00471	0.00135	0.00687	0.00451	0.00230	0.00571
12	0.00900	0.00893	0.01265	0.07140	0.01222	0.01238	0.00924	0.01005	0.00662	0.01018	0.00611	0.03055	0.00609	0.00727	0.01288	0.00180	0.76225	0.00389	0.00189	0.00457
13	0.20932	0.00973	0.01049	0.02961	0.01179	0.01062	0.01939	0.39972	0.07316	0.14443	0.01074	0.01097	0.00768	0.00489	0.00386	0.00130	0.00407	0.01250	0.01939	0.00635
14	0.01037	0.01009	0.01763	0.02521	0.76751	0.01003	0.07098	0.01294	0.00960	0.01371	0.00795	0.01047	0.00664	0.00373	0.00422	0.00126	0.00515	0.00383	0.00208	0.00659
15	0.00601	0.00450	0.00676	0.00676	0.00751	0.00525	0.00525	0.00751	0.00676	0.00976	0.01126	0.01651	0.01051	0.03153	0.83560	0.00676	0.01126	0.00450	0.00225	0.00375
16	0.00973	0.00923	0.01565	0.12160	0.67140	0.00943	0.01210	0.01213	0.00932	0.01316	0.00897	0.07158	0.00807	0.00449	0.00425	0.00130	0.00488	0.00434	0.00219	0.00619
17	0.00673	0.00461	0.00526	0.00513	0.00544	0.00468	0.00316	0.06482	0.00745	0.00998	0.03465	0.10525	0.01644	0.67403	0.03232	0.00362	0.00403	0.00652	0.00285	0.00302
18	0.00660	0.00472	0.00653	0.00745	0.00834	0.00469	0.00637	0.00838	0.00944	0.01229	0.02237	0.10506	0.03703	0.03818	0.00625	0.00198	0.00375	0.70295	0.00383	0.00379
19	0.00943	0.02035	0.75187	0.01155	0.01748	0.00942	0.01464	0.01400	0.00918	0.09144	0.00841	0.00940	0.00581	0.00411	0.00402	0.00133	0.00596	0.00321	0.00210	0.00630
20	0.00685	0.00455	0.00610	0.00605	0.00681	0.00490	0.00452	0.01869	0.00747	0.04378	0.01384	0.04537	0.03306	0.20034	0.44769	0.00479	0.00755	0.04697	0.08698	0.00369
21	0.01507	0.01860	0.01170	0.01058	0.01276	0.72434	0.00799	0.03105	0.09340	0.01130	0.00762	0.00847	0.00620	0.00453	0.00401	0.00113	0.02080	0.00295	0.00241	0.00509
22	0.00526	0.00374	0.00498	0.00590	0.00621	0.00350	0.00403	0.00600	0.00812	0.01076	0.02331	0.76044	0.05149	0.01305	0.00566	0.02410	0.00254	0.05368	0.00385	0.00340
23	0.01897	0.00747	0.09845	0.00692	0.00884	0.03376	0.01716	0.01885	0.05769	0.12048	0.17968	0.24513	0.13024	0.03042	0.00517	0.00151	0.00325	0.00748	0.00387	0.00465
24	0.07819	0.01142	0.01051	0.00882	0.01156	0.18714	0.00705	0.21753	0.16753	0.20449	0.01234	0.01287	0.00911	0.00524	0.00408	0.00129	0.00464	0.03605	0.00388	0.00624
25	0.00996	0.00954	0.01626	0.17268	0.68263	0.00987	0.01268	0.01251	0.00936	0.01320	0.00783	0.01055	0.00647	0.00383	0.00417	0.00128	0.00510	0.00374	0.00204	0.00630
26	0.00861	0.00816	0.01383	0.61858	0.24726	0.00952	0.01201	0.01133	0.00873	0.01156	0.00759	0.01099	0.00589	0.00408	0.00419	0.00136	0.00544	0.00374	0.00193	0.00521
27	0.00922	0.00917	0.01337	0.57547	0.19005	0.08465	0.01146	0.01207	0.03234	0.01151	0.00775	0.01084	0.00601	0.00416	0.00416	0.00134	0.00559	0.00367	0.00201	0.00515
28	0.00847	0.00802	0.01352	0.65617	0.18962	0.00956	0.01186	0.01116	0.00859	0.01133	0.00751	0.01099	0.00581	0.00419	0.00444	0.00138	0.02665	0.00374	0.00191	0.00507
29	0.00512	0.00366	0.00488	0.00585	0.00610	0.00341	0.00390	0.00585	0.00805	0.01073	0.02317	0.84952	0.02780	0.01317	0.00537	0.00171	0.00244	0.01195	0.00390	0.00341
30	0.00956	0.00991	0.04946	0.23668	0.47227	0.01910	0.09501	0.01228	0.00926	0.01279	0.00821	0.03157	0.00681	0.00410	0.00427	0.00132	0.00539	0.00404	0.00206	0.00592
31	0.01257	0.02299	0.02237	0.00983	0.01261	0.07301	0.16343	0.21020	0.04250	0.16523	0.09624	0.02906	0.02718	0.06759	0.02449	0.00163	0.00487	0.00483	0.00363	0.00576
32	0.00992	0.01134	0.02481	0.01772	0.02197	0.01063	0.81077	0.01347	0.00992	0.01347	0.00850	0.01134	0.00638	0.00354	0.00496	0.00142	0.00709	0.00496	0.00213	0.00567
33	0.00515	0.00425	0.00453	0.00460	0.00589	0.00363	0.00346	0.00632	0.00972	0.01190	0.11635	0.08972	0.66654	0.01064	0.00503	0.00145	0.00221	0.04106	0.00397	0.00359
34	0.00857	0.00730	0.00852	0.00617	0.00972	0.00552	0.00489	0.01036	0.00862	0.01347	0.00794	0.02479	0.00691	0.02990	0.00373	0.00075	0.00313	0.00278	0.00252	0.83443
35	0.01087	0.72015	0.11876	0.00782	0.01169	0.01556	0.00817	0.01307	0.04155	0.01062	0.00651	0.00736	0.00569	0.00373	0.00292	0.00097	0.00465	0.00245	0.00190	0.00554
36	0.00515	0.00367	0.00487	0.00581	0.00605	0.00344	0.00386	0.00586	0.00799	0.01065	0.02286	0.82377	0.02741	0.03946	0.00587	0.00178	0.00249	0.01177	0.00386	0.00339
37	0.01043	0.01559	0.42393	0.01445	0.16411	0.00941	0.11983	0.02497	0.02865	0.11850	0.02432	0.01077	0.00720	0.00418	0.00421	0.00132	0.00560	0.00375	0.00246	0.00632
38	0.00949	0.00957	0.01395	0.50711	0.23912	0.09620	0.02965	0.01218	0.02059	0.01165	0.00765	0.01068	0.00598	0.00410	0.00417	0.00133	0.00565	0.00367	0.00200	0.00527
39	0.01549	0.01160	0.01223	0.00954	0.01278	0.03184	0.00782	0.69952	0.09749	0.04222	0.01083	0.01067	0.00773	0.00510	0.00420	0.00127	0.00455	0.00386	0.00419	0.00705
40	0.00519	0.00378	0.00490	0.00572	0.00614	0.00349	0.00392	0.00605	0.00843	0.01113	0.06161	0.70674	0.10931	0.01266	0.00532	0.00167	0.00243	0.03411	0.00393	0.00347
41	0.00975	0.15580	0.46368	0.01245	0.10035	0.01119	0.04546	0.05773	0.07932	0.01389	0.00831	0.00944	0.00627	0.00409	0.00387	0.00126	0.00550	0.00329	0.00217	0.00619
42	0.00657	0.00482	0.00642	0.00711	0.00817	0.00474	0.00607	0.00864	0.03006	0.01293	0.09571	0.04433	0.12582	0.01108	0.00559	0.00180	0.00347	0.60881	0.00395	0.00391
43	0.00502	0.00424	0.00435	0.00438	0.00573	0.00356	0.00326	0.00612	0.00964	0.01161	0.08096	0.07294	0.75256	0.01065	0.00498	0.00143	0.00213	0.00893	0.00394	0.00356
44	0.00989	0.06017	0.31569	0.04515	0.24226	0.07362	0.15368	0.01328	0.00950	0.01301	0.02040	0.00995	0.00644	0.00393	0.00415	0.00128	0.00596	0.00363	0.00200	0.00601
45	0.00840	0.00753	0.01180	0.03108	0.42375	0.00756	0.00914	0.01074	0.03506	0.01336	0.09321	0.08868	0.10282	0.00693	0.00487	0.00143	0.02360	0.11173	0.00297	0.00534
46	0.00517	0.00370	0.00494	0.00591	0.00618	0.00346	0.00399	0.00594	0.00810	0.01079	0.02314	0.82427	0.02769	0.01312	0.00538	0.00171	0.00248	0.03669	0.00390	0.00343
47	0.04947	0.01078	0.09961	0.16628	0.23763	0.00969	0.27234	0.01295	0.00942	0.05214	0.00875	0.01187	0.00687	0.00411	0.00440	0.00137	0.00573	0.02858	0.00225	0.00578
48	0.01070	0.04551	0.15671	0.02981	0.24602	0.03430	0.07271	0.02460	0.13034	0.10536	0.04157	0.02881	0.04493	0.00492	0.00424	0.00131	0.00475	0.00436	0.00293	0.00613
49	0.00926	0.01428	0.28673	0.02849	0.07334	0.01025	0.41391	0.01294	0.00930	0.01313	0.00881	0.01107	0.02663	0.00413	0.00513	0.00140	0.05912	0.00427	0.00203	0.00578
50	0.02008	0.04325	0.04152	0.04487	0.52473	0.01024	0.11517	0.03237	0.07096	0.02927	0.00886	0.01087	0.00709	0.00396	0.00418	0.00127	0.00507	0.00390	0.01598	0.00636

[dist]
# distance from previous block
# <min> <max>
0	5

[block]
# block no. 2 follows, 63 sequences, length 70
# corresponding to MSA columns:
# 141-210
name=unknown_C
#
# <colnr> <probs for GDERKNQSTAVLIFYWHMCP>
#	G	D	E	R	K	N	Q	S	T	A	V	L	I	F	Y	W	H	M	C	P
0	0.02826	0.12512	0.38553	0.03336	0.08418	0.02979	0.09077	0.05493	0.00953	0.03386	0.01965	0.00951	0.00629	0.00429	0.00466	0.00131	0.06753	0.00339	0.00213	0.00591
1	0.02216	0.34627	0.37424	0.00999	0.01462	0.05097	0.04318	0.03868	0.04121	0.01250	0.00730	0.00836	0.00574	0.00394	0.00351	0.00116	0.00544	0.00290	0.00200	0.00583
2	0.00629	0.00491	0.00667	0.09983	0.02005	0.00501	0.02264	0.00792	0.04818	0.01098	0.03598	0.30565	0.10367	0.20140	0.00880	0.00217	0.00347	0.09934	0.00333	0.00369
3	0.00893	0.10841	0.57159	0.01243	0.06148	0.01055	0.08008	0.01306	0.02001	0.01288	0.00840	0.00983	0.02614	0.00421	0.00431	0.00131	0.03509	0.00339	0.00191	0.00599
4	0.01040	0.00893	0.00943	0.00850	0.01083	0.01031	0.00660	0.03533	0.78252	0.01755	0.01716	0.03856	0.01315	0.00590	0.00431	0.00143	0.00332	0.00493	0.00427	0.00657
5	0.01056	0.04711	0.10441	0.02895	0.03009	0.10042	0.52737	0.03556	0.01006	0.01312	0.00796	0.01035	0.00610	0.00391	0.00501	0.00136	0.04564	0.00429	0.00212	0.00562
6	0.00605	0.00412	0.00476	0.00475	0.00490	0.00414	0.00282	0.00626	0.00647	0.00864	0.03496	0.02740	0.05370	0.73015	0.08082	0.00408	0.00447	0.00616	0.00264	0.00272
7	0.00523	0.00375	0.00498	0.00586	0.00620	0.00350	0.00400	0.00609	0.00836	0.01117	0.06967	0.75588	0.04410	0.01280	0.00535	0.00169	0.00246	0.04151	0.00394	0.00347
8	0.00520	0.00371	0.00496	0.00594	0.00621	0.00348	0.00403	0.00598	0.00812	0.01081	0.02313	0.81374	0.02764	0.01310	0.00539	0.00172	0.00250	0.04700	0.00390	0.00343
9	0.03769	0.01167	0.01232	0.00951	0.01282	0.02794	0.00784	0.74379	0.03089	0.04797	0.01020	0.01016	0.00723	0.00502	0.00416	0.00126	0.00460	0.00375	0.00416	0.00703
10	0.00953	0.34716	0.51467	0.01011	0.01530	0.01245	0.01227	0.01303	0.00874	0.01198	0.00688	0.00804	0.00535	0.00384	0.00349	0.00116	0.00554	0.00277	0.00178	0.00589
11	0.00976	0.04493	0.02380	0.01677	0.02081	0.01055	0.74246	0.01309	0.00978	0.01320	0.00905	0.04854	0.00729	0.00398	0.00489	0.00141	0.00678	0.00516	0.00219	0.00556
12	0.00624	0.00433	0.00562	0.00529	0.00632	0.00399	0.00397	0.00818	0.01170	0.03365	0.75597	0.04693	0.05086	0.00855	0.00490	0.00132	0.00203	0.00754	0.02860	0.00401
13	0.00605	0.00422	0.00539	0.00542	0.00570	0.00450	0.00358	0.00662	0.00639	0.00880	0.01273	0.04143	0.01379	0.53023	0.32230	0.00502	0.00670	0.00565	0.00247	0.00301
14	0.01014	0.00525	0.00695	0.00637	0.00806	0.00473	0.00507	0.01177	0.01093	0.28194	0.26382	0.11956	0.10247	0.00867	0.00490	0.00147	0.00288	0.13557	0.00454	0.00490
15	0.01024	0.00982	0.01676	0.08145	0.77171	0.00994	0.01282	0.01275	0.00949	0.01353	0.00788	0.01046	0.00659	0.00378	0.00416	0.00126	0.00504	0.00374	0.00207	0.00652
16	0.01742	0.00776	0.00993	0.00780	0.01093	0.00730	0.00638	0.07809	0.13118	0.65152	0.01619	0.01421	0.01053	0.00527	0.00423	0.00132	0.00362	0.00427	0.00499	0.00708
17	0.00904	0.02496	0.02122	0.00865	0.07450	0.09231	0.00622	0.10351	0.09890	0.01516	0.21354	0.10573	0.13745	0.00757	0.00493	0.00136	0.03735	0.01619	0.01649	0.00490
18	0.00547	0.00429	0.00496	0.00482	0.00603	0.00378	0.00364	0.00699	0.01068	0.01399	0.41265	0.03631	0.43469	0.00969	0.00498	0.00138	0.00210	0.02553	0.00425	0.00375
19	0.00962	0.00790	0.01069	0.00829	0.04208	0.00638	0.08657	0.01183	0.02231	0.07314	0.00877	0.01049	0.00710	0.00358	0.00350	0.00082	0.00364	0.02195	0.00270	0.65865
20	0.04409	0.00768	0.00923	0.00763	0.06900	0.00608	0.00555	0.01095	0.00876	0.02387	0.00755	0.00883	0.00624	0.00322	0.00318	0.00070	0.00326	0.00259	0.00250	0.76908
21	0.01072	0.00916	0.00965	0.00861	0.01103	0.01058	0.00672	0.05944	0.78092	0.01800	0.01678	0.01542	0.01257	0.00567	0.00427	0.00142	0.00339	0.00471	0.00427	0.00668
22	0.02029	0.36582	0.09643	0.01502	0.30724	0.07789	0.03747	0.01313	0.00924	0.01186	0.00690	0.00850	0.00587	0.00375	0.00351	0.00110	0.00516	0.00300	0.00195	0.00589
23	0.01111	0.01057	0.01348	0.02977	0.34890	0.08249	0.02971	0.05852	0.32868	0.01551	0.01150	0.01224	0.00897	0.00468	0.00431	0.00132	0.01465	0.00408	0.00306	0.00644
24	0.00595	0.00430	0.00562	0.00529	0.00628	0.00397	0.00397	0.00793	0.01190	0.01686	0.82382	0.03140	0.03966	0.00859	0.00496	0.00132	0.00198	0.00760	0.00463	0.00397
25	0.01983	0.00424	0.00457	0.00452	0.00549	0.00438	0.00339	0.02941	0.00869	0.01483	0.01346	0.03985	0.01122	0.04058	0.10668	0.00184	0.00329	0.00428	0.67553	0.00392
26	0.00512	0.00366	0.00488	0.00585	0.00610	0.00341	0.00390	0.00585	0.00805	0.01073	0.02317	0.84952	0.02780	0.01317	0.00537	0.00171	0.00244	0.01195	0.00390	0.00341
27	0.00730	0.00365	0.00548	0.00548	0.00548	0.00365	0.00365	0.00548	0.00548	0.00730	0.00730	0.01278	0.00730	0.01460	0.01643	0.87769	0.00365	0.00365	0.00183	0.00183
28	0.00512	0.00366	0.00488	0.00585	0.00610	0.00341	0.00390	0.00585	0.00805	0.01073	0.02317	0.84952	0.02780	0.01317	0.00537	0.00171	0.00244	0.01195	0.00390	0.00341
29	0.88196	0.00813	0.00618	0.00553	0.00813	0.00943	0.00455	0.01236	0.00715	0.01886	0.00585	0.00683	0.00455	0.00390	0.00260	0.00130	0.00325	0.00228	0.00260	0.00455
30	0.01886	0.00715	0.00976	0.00748	0.01073	0.00618	0.00618	0.02049	0.01203	0.82895	0.01658	0.01431	0.01041	0.00520	0.00423	0.00130	0.00358	0.00423	0.00520	0.00715
31	0.01573	0.01934	0.01197	0.01073	0.01300	0.76579	0.00811	0.08409	0.01258	0.01166	0.00680	0.00779	0.00556	0.00439	0.00383	0.00110	0.00733	0.00280	0.00234	0.00507
32	0.00593	0.00430	0.00560	0.00527	0.00627	0.00396	0.00395	0.00790	0.01186	0.01677	0.81191	0.03154	0.05163	0.00863	0.00496	0.00132	0.00199	0.00762	0.00462	0.00396
33	0.00677	0.00484	0.00677	0.00774	0.00871	0.00484	0.00677	0.00871	0.00968	0.01258	0.02226	0.04742	0.02419	0.01161	0.00581	0.00194	0.00387	0.79775	0.00387	0.00387
34	0.00512	0.00366	0.00488	0.00585	0.00610	0.00341	0.00390	0.00585	0.00805	0.01073	0.02317	0.84952	0.02780	0.01317	0.00537	0.00171	0.00244	0.01195	0.00390	0.00341
35	0.00843	0.02174	0.83048	0.01198	0.01819	0.00976	0.01553	0.01331	0.00888	0.01331	0.00754	0.00888	0.00533	0.00399	0.00399	0.00133	0.00621	0.00311	0.00178	0.00621
36	0.00601	0.00449	0.00669	0.00669	0.00742	0.00522	0.00518	0.00747	0.00674	0.00971	0.01132	0.01683	0.01065	0.05504	0.81228	0.00668	0.01105	0.00455	0.00226	0.00372
37	0.01168	0.01047	0.04359	0.00849	0.01163	0.05884	0.00701	0.23473	0.28726	0.01829	0.01161	0.01193	0.00889	0.00475	0.00392	0.00114	0.00400	0.01451	0.00354	0.24371
38	0.00511	0.00369	0.00485	0.00578	0.00608	0.00342	0.00387	0.00586	0.00812	0.01076	0.02404	0.81343	0.06333	0.01306	0.00535	0.00169	0.00243	0.01181	0.00390	0.00342
39	0.01032	0.47091	0.32151	0.00973	0.02413	0.04694	0.03958	0.01306	0.00886	0.01135	0.00662	0.00778	0.00542	0.00377	0.00332	0.00109	0.00536	0.00270	0.00182	0.00570
40	0.01039	0.60426	0.26517	0.00863	0.01302	0.01457	0.00970	0.01281	0.00864	0.01092	0.00636	0.00738	0.00537	0.00372	0.00309	0.00103	0.00501	0.00251	0.00179	0.00564
41	0.01886	0.00715	0.00976	0.00748	0.01073	0.00618	0.00618	0.02049	0.01203	0.82895	0.01658	0.01431	0.01041	0.00520	0.00423	0.00130	0.00358	0.00423	0.00520	0.00715
42	0.00890	0.01400	0.34064	0.03465	0.11241	0.00914	0.20314	0.01274	0.04182	0.03029	0.01171	0.05509	0.05715	0.00511	0.00461	0.00140	0.01930	0.02980	0.00237	0.00573
43	0.02834	0.04574	0.33616	0.01309	0.15866	0.04456	0.07094	0.01338	0.02097	0.09582	0.08731	0.03642	0.02044	0.00484	0.00418	0.00130	0.00513	0.00418	0.00263	0.00590
44	0.00554	0.00403	0.00526	0.00608	0.00650	0.00389	0.00422	0.00694	0.04807	0.01140	0.05411	0.71023	0.02711	0.02419	0.00555	0.00173	0.00259	0.06502	0.00393	0.00361
45	0.00520	0.00375	0.00494	0.00582	0.00616	0.00349	0.00396	0.00604	0.00833	0.01108	0.05964	0.75716	0.06027	0.01282	0.00534	0.00169	0.00245	0.03448	0.00393	0.00346
46	0.01088	0.02578	0.03382	0.02993	0.16266	0.08133	0.00806	0.14241	0.28746	0.01658	0.06847	0.06556	0.03703	0.00580	0.00430	0.00133	0.00418	0.00488	0.00350	0.00603
47	0.01051	0.02159	0.01809	0.06669	0.39491	0.04837	0.24901	0.03278	0.08915	0.01395	0.00892	0.01106	0.00706	0.00396	0.00438	0.00131	0.00559	0.00414	0.00235	0.00616
48	0.01570	0.02004	0.01191	0.01083	0.01300	0.83539	0.00812	0.01679	0.01191	0.01029	0.00650	0.00758	0.00541	0.00433	0.00379	0.00108	0.00758	0.00271	0.00217	0.00487
49	0.00569	0.00461	0.00545	0.00605	0.03647	0.00418	0.00443	0.00719	0.02645	0.01192	0.06065	0.14194	0.49502	0.01073	0.00514	0.00155	0.00263	0.16227	0.00386	0.00379
50	0.01142	0.09242	0.35587	0.01081	0.03268	0.02614	0.06517	0.08793	0.11244	0.13605	0.01045	0.02300	0.00763	0.00455	0.00405	0.00130	0.00516	0.00373	0.00289	0.00632
51	0.01519	0.00963	0.01078	0.00869	0.01163	0.04757	0.01906	0.28380	0.19456	0.29734	0.01422	0.04645	0.01027	0.00552	0.00427	0.00132	0.00406	0.00445	0.00443	0.00676
52	0.01886	0.00715	0.00976	0.00748	0.01073	0.00618	0.00618	0.02049	0.01203	0.82895	0.01658	0.01431	0.01041	0.00520	0.00423	0.00130	0.00358	0.00423	0.00520	0.00715
53	0.01028	0.01043	0.07275	0.03896	0.45157	0.02497	0.02643	0.07870	0.12954	0.01527	0.06014	0.01340	0.03932	0.00472	0.00426	0.00130	0.00462	0.00428	0.00277	0.00629
54	0.04243	0.00886	0.02888	0.19482	0.28152	0.00933	0.03361	0.06476	0.13995	0.02503	0.05927	0.01525	0.01063	0.00513	0.00432	0.00137	0.00458	0.06162	0.00286	0.00579
55	0.01506	0.01871	0.01198	0.01097	0.02668	0.73390	0.00820	0.03895	0.01176	0.01091	0.02003	0.00819	0.00606	0.00460	0.00444	0.00114	0.05835	0.00290	0.00224	0.00494
56	0.00526	0.00376	0.00504	0.00601	0.00632	0.00354	0.00415	0.00610	0.00819	0.01089	0.02309	0.78148	0.02750	0.01304	0.00540	0.00173	0.00256	0.07861	0.00390	0.00345
57	0.35070	0.01086	0.09807	0.08919	0.13521	0.06583	0.00845	0.09217	0.00957	0.03394	0.00813	0.00997	0.01993	0.00446	0.00388	0.00132	0.03193	0.01845	0.00257	0.00537
58	0.00783	0.00618	0.00924	0.03085	0.00982	0.00674	0.11345	0.04000	0.05666	0.01270	0.01233	0.01618	0.03322	0.07377	0.29475	0.00338	0.06014	0.00458	0.20385	0.00434
59	0.00576	0.00421	0.00541	0.00528	0.00621	0.00386	0.00389	0.00750	0.01119	0.01558	0.65142	0.14337	0.10187	0.00938	0.00501	0.00138	0.00206	0.00830	0.00447	0.00386
60	0.00956	0.11707	0.66221	0.01117	0.01676	0.04917	0.01381	0.01371	0.00912	0.04916	0.00770	0.00881	0.00556	0.00402	0.00385	0.00127	0.00596	0.00304	0.00195	0.00610
61	0.00957	0.04454	0.07653	0.01100	0.01188	0.03530	0.02704	0.03366	0.00732	0.01090	0.00599	0.00920	0.00563	0.00703	0.02248	0.00178	0.66981	0.00359	0.00192	0.00485
62	0.01139	0.82729	0.02172	0.00727	0.01086	0.01652	0.00722	0.03867	0.00891	0.01043	0.00598	0.00685	0.00545	0.00364	0.00275	0.00091	0.00450	0.00230	0.00188	0.00545
63	0.00622	0.00535	0.00925	0.00842	0.00956	0.00501	0.18098	0.00752	0.00843	0.01127	0.01996	0.63592	0.03569	0.01104	0.00549	0.01885	0.00348	0.01020	0.00347	0.00388
64	0.01084	0.70678	0.07120	0.00799	0.01162	0.03113	0.04549	0.01253	0.00877	0.01050	0.03285	0.00806	0.00663	0.00422	0.01558	0.00106	0.00480	0.00265	0.00192	0.00538
65	0.00677	0.00462	0.00526	0.00506	0.00533	0.00475	0.00308	0.06005	0.00707	0.00948	0.01291	0.02565	0.01444	0.74386	0.07164	0.00406	0.00457	0.00586	0.00264	0.00293
66	0.00552	0.00384	0.00505	0.00571	0.00612	0.00358	0.00387	0.00643	0.00864	0.02504	0.14527	0.65813	0.04237	0.05187	0.00603	0.00175	0.00246	0.01083	0.00397	0.00352
67	0.00781	0.00729	0.01224	0.80271	0.02787	0.00906	0.01131	0.01051	0.00839	0.01074	0.00821	0.05075	0.00665	0.00463	0.00426	0.00142	0.00545	0.00412	0.00196	0.00461
68	0.01158	0.79395	0.02133	0.00740	0.01095	0.03714	0.00725	0.05040	0.00916	0.01068	0.00606	0.00692	0.00548	0.00368	0.00280	0.00092	0.00458	0.00233	0.00192	0.00546
69	0.00969	0.01101	0.02384	0.01708	0.02120	0.01030	0.77268	0.01312	0.00991	0.01337	0.01011	0.01271	0.04496	0.00388	0.00496	0.00142	0.00685	0.00515	0.00221	0.00557

[dist]
# distance from previous block
# <min> <max>
1	6

[block]
# block no. 3 follows, 63 sequences, length 23
# corresponding to MSA columns:
# 218-240
name=unknown_D
#
# <colnr> <probs for GDERKNQSTAVLIFYWHMCP>
#	G	D	E	R	K	N	Q	S	T	A	V	L	I	F	Y	W	H	M	C	P
0	0.00945	0.00797	0.00863	0.00782	0.00989	0.00900	0.00605	0.01911	0.63761	0.01742	0.19798	0.01921	0.01885	0.00635	0.00443	0.00140	0.00303	0.00539	0.00436	0.00605
1	0.01148	0.01134	0.00992	0.00896	0.01124	0.19520	0.00689	0.02061	0.61079	0.01592	0.04157	0.01439	0.01206	0.00549	0.00419	0.00135	0.00424	0.00439	0.00382	0.00617
2	0.00865	0.00705	0.00770	0.00722	0.00881	0.00783	0.00544	0.01591	0.47996	0.01471	0.06718	0.02321	0.04863	0.19643	0.00833	0.00206	0.00341	0.07842	0.00386	0.00519
3	0.00769	0.01730	0.61101	0.01021	0.01509	0.00850	0.01250	0.01155	0.00893	0.01274	0.01532	0.01597	0.18896	0.00563	0.00462	0.00137	0.04039	0.00442	0.00226	0.00555
4	0.00814	0.00783	0.00703	0.00653	0.00779	0.19038	0.00490	0.00992	0.01190	0.01538	0.64057	0.02606	0.03199	0.00764	0.00470	0.00127	0.00324	0.00650	0.00408	0.00417
5	0.01657	0.01650	0.01132	0.00991	0.01238	0.60813	0.00759	0.01780	0.01195	0.23465	0.00926	0.00942	0.00678	0.00457	0.00391	0.00114	0.00648	0.00312	0.00300	0.00550
6	0.00677	0.00491	0.00691	0.03518	0.00930	0.00496	0.00685	0.00871	0.00963	0.01249	0.02226	0.04606	0.04275	0.01135	0.00573	0.00191	0.00389	0.75266	0.00381	0.00389
7	0.21202	0.00745	0.00894	0.00709	0.01016	0.00709	0.00583	0.01874	0.04470	0.61336	0.01420	0.01269	0.00920	0.00493	0.00386	0.00131	0.00349	0.00381	0.00458	0.00655
8	0.00727	0.00675	0.01074	0.65430	0.02373	0.00804	0.00977	0.00969	0.00867	0.01088	0.01534	0.01777	0.18917	0.00565	0.00437	0.00141	0.00482	0.00489	0.00232	0.00442
9	0.00674	0.00556	0.00790	0.00967	0.18995	0.00523	0.00581	0.00865	0.01089	0.01501	0.47793	0.02858	0.19593	0.00794	0.00478	0.00133	0.00269	0.00700	0.00391	0.00448
10	0.00626	0.00465	0.00635	0.00623	0.00665	0.00532	0.00450	0.00716	0.00650	0.00918	0.01162	0.02014	0.01196	0.33645	0.47745	0.00543	0.06341	0.00505	0.00234	0.00336
11	0.01396	0.01722	0.01207	0.19722	0.01657	0.65018	0.00892	0.01543	0.01113	0.01039	0.00672	0.00839	0.00546	0.00430	0.00388	0.00115	0.00714	0.00294	0.00210	0.00483
12	0.00724	0.00368	0.00549	0.00549	0.00551	0.00370	0.00366	0.00555	0.00553	0.00739	0.00756	0.01326	0.00760	0.03702	0.03805	0.83193	0.00386	0.00374	0.00186	0.00189
13	0.08407	0.40302	0.10396	0.00742	0.01024	0.10882	0.00695	0.01169	0.00831	0.01068	0.00777	0.01174	0.00754	0.19403	0.00715	0.00171	0.00485	0.00326	0.00207	0.00471
14	0.00626	0.00500	0.00700	0.19278	0.01128	0.00512	0.00559	0.00831	0.01081	0.01475	0.53617	0.02809	0.13711	0.00788	0.00479	0.00135	0.00281	0.00691	0.00391	0.00407
15	0.01041	0.00988	0.01576	0.02136	0.58728	0.01080	0.01171	0.05230	0.02475	0.01363	0.00766	0.01022	0.00654	0.00466	0.00633	0.00139	0.19318	0.00375	0.00217	0.00622
16	0.00866	0.00820	0.01391	0.60446	0.26104	0.00953	0.01203	0.01137	0.00875	0.01161	0.00760	0.01097	0.00591	0.00407	0.00419	0.00136	0.00543	0.00374	0.00193	0.00525
17	0.00770	0.00723	0.01137	0.57743	0.04614	0.03532	0.03524	0.00999	0.00852	0.01090	0.01100	0.19902	0.01063	0.00618	0.00447	0.00146	0.00499	0.00558	0.00235	0.00448
18	0.01039	0.01060	0.01974	0.01571	0.08536	0.02381	0.51337	0.01557	0.19124	0.04022	0.01083	0.02504	0.00829	0.00426	0.00471	0.00140	0.00590	0.00486	0.00273	0.00597
19	0.04214	0.00669	0.00925	0.00760	0.01012	0.00609	0.04573	0.04253	0.02245	0.51725	0.01730	0.22522	0.01435	0.00710	0.00450	0.00141	0.00348	0.00615	0.00459	0.00604
20	0.05607	0.01114	0.21211	0.01036	0.06415	0.00789	0.07205	0.03761	0.04103	0.32993	0.05359	0.05540	0.01081	0.00527	0.00425	0.00135	0.00446	0.01266	0.00362	0.00624
21	0.02705	0.01007	0.01751	0.02899	0.42338	0.02206	0.23014	0.04399	0.03488	0.08038	0.01851	0.02692	0.00779	0.00416	0.00439	0.00131	0.00532	0.00430	0.00256	0.00627
22	0.03875	0.01647	0.01052	0.02260	0.14763	0.03126	0.00697	0.06885	0.03488	0.20083	0.02062	0.02882	0.04277	0.00471	0.00386	0.00109	0.00378	0.01861	0.00333	0.29364

[dist]
# distance from previous block
# <min> <max>
0	562

# created by:
# /st0/software/busco_prod/Augustus/scripts/msa2prfl.pl ./align_prep/118222.fa
