[name]
unknown

[dist]
# distance from previous block
# <min> <max>
0	49

[block]
# block no. 0 follows, 56 sequences, length 23
# corresponding to MSA columns:
# 51-73
name=unknown_A
#
# <colnr> <probs for GDERKNQSTAVLIFYWHMCP>
#	G	D	E	R	K	N	Q	S	T	A	V	L	I	F	Y	W	H	M	C	P
0	0.00643	0.00488	0.00676	0.09794	0.00978	0.00479	0.00539	0.00800	0.01020	0.01395	0.25969	0.43917	0.03052	0.01128	0.00551	0.00166	0.00299	0.03915	0.00419	0.03774
1	0.01204	0.02125	0.01498	0.04303	0.24723	0.02204	0.06513	0.14609	0.18870	0.02806	0.05029	0.01372	0.01051	0.00555	0.00582	0.00149	0.09700	0.00461	0.01573	0.00674
2	0.01529	0.00689	0.00871	0.00703	0.00984	0.00611	0.00564	0.01759	0.04248	0.45785	0.03384	0.04674	0.01247	0.00578	0.00422	0.00128	0.00334	0.00475	0.20760	0.10257
3	0.01017	0.00952	0.01625	0.08121	0.54179	0.00960	0.05619	0.01276	0.01027	0.01433	0.01199	0.07842	0.01147	0.00604	0.00494	0.00152	0.00526	0.10919	0.00267	0.00638
4	0.00543	0.00465	0.00465	0.00465	0.00620	0.00388	0.00349	0.00659	0.01046	0.01240	0.04651	0.04418	0.80815	0.01163	0.00543	0.00155	0.00233	0.00969	0.00426	0.00388
5	0.77618	0.00876	0.00718	0.00628	0.00920	0.00990	0.00517	0.01449	0.00841	0.10904	0.00770	0.00837	0.00569	0.00442	0.00304	0.00142	0.00359	0.00272	0.00316	0.00529
6	0.00952	0.00816	0.00952	0.00680	0.01088	0.00612	0.00544	0.01156	0.00952	0.01496	0.00816	0.00952	0.00680	0.00340	0.00340	0.00068	0.00340	0.00272	0.00272	0.86672
7	0.01745	0.01286	0.01378	0.01056	0.01424	0.01424	0.00873	0.79471	0.02159	0.02893	0.01102	0.01102	0.00781	0.00551	0.00459	0.00138	0.00505	0.00413	0.00459	0.00781
8	0.00556	0.00466	0.00484	0.00480	0.00629	0.00393	0.00360	0.00686	0.01079	0.01317	0.14433	0.04291	0.70985	0.01134	0.00542	0.00154	0.00230	0.00951	0.00436	0.00393
9	0.00559	0.00400	0.00533	0.00639	0.00666	0.00373	0.00426	0.00639	0.00879	0.01172	0.02530	0.83566	0.03036	0.01438	0.00586	0.00186	0.00266	0.01305	0.00426	0.00373
10	0.01685	0.02019	0.01276	0.01139	0.01385	0.69848	0.00863	0.10467	0.01384	0.01344	0.00784	0.00893	0.00635	0.00484	0.00415	0.00120	0.00768	0.00314	0.03621	0.00556
11	0.02030	0.00828	0.01095	0.00839	0.01195	0.00745	0.00693	0.09454	0.01393	0.73991	0.01745	0.01520	0.01103	0.00567	0.00461	0.00142	0.00401	0.00457	0.00558	0.00781
12	0.01243	0.81547	0.02371	0.00798	0.01186	0.04356	0.00789	0.01389	0.00944	0.01082	0.00641	0.00739	0.00589	0.00395	0.00298	0.00099	0.00502	0.00247	0.00198	0.00587
13	0.00595	0.00443	0.00629	0.00683	0.00727	0.00417	0.04022	0.00680	0.00865	0.01154	0.02336	0.70807	0.02777	0.10588	0.00779	0.00214	0.00310	0.01199	0.00401	0.00374
14	0.01818	0.01104	0.01253	0.00963	0.01319	0.01161	0.00795	0.53091	0.01860	0.27335	0.01335	0.01264	0.00903	0.00556	0.00456	0.00138	0.00461	0.00429	0.02990	0.00771
15	0.01093	0.12017	0.03190	0.19457	0.08238	0.08310	0.32491	0.01402	0.02139	0.01332	0.00954	0.01249	0.02153	0.00446	0.00467	0.00142	0.00654	0.01465	0.02218	0.00583
16	0.00558	0.00404	0.00528	0.00628	0.00663	0.00374	0.00421	0.00640	0.00889	0.01176	0.02663	0.78620	0.07897	0.01421	0.00583	0.00184	0.00264	0.01284	0.00426	0.00374
17	0.01257	0.00766	0.01009	0.00864	0.01056	0.00844	0.00696	0.14989	0.01132	0.22458	0.01291	0.01553	0.01029	0.03844	0.34873	0.00406	0.10526	0.00464	0.00363	0.00580
18	0.01145	0.16432	0.40141	0.01224	0.07454	0.05138	0.02337	0.03886	0.02956	0.08412	0.05896	0.01164	0.00904	0.00478	0.00423	0.00135	0.00577	0.00376	0.00266	0.00656
19	0.00946	0.02214	0.73590	0.01275	0.01912	0.01028	0.03369	0.01451	0.00997	0.03863	0.04515	0.01106	0.00772	0.00462	0.00444	0.00145	0.00651	0.00370	0.00220	0.00669
20	0.01732	0.01196	0.01305	0.01009	0.01364	0.01304	0.00831	0.65508	0.05608	0.11573	0.01226	0.01196	0.00858	0.00556	0.00457	0.00138	0.00479	0.00424	0.02465	0.00770
21	0.01192	0.03057	0.10790	0.04680	0.02079	0.01061	0.49472	0.01575	0.03464	0.13391	0.02538	0.02609	0.00868	0.00456	0.00508	0.00151	0.00664	0.00513	0.00291	0.00641
22	0.01167	0.00983	0.01644	0.23993	0.51259	0.01025	0.01291	0.01438	0.01041	0.10319	0.00957	0.01207	0.00742	0.00440	0.00457	0.00141	0.00546	0.00415	0.00259	0.00675

[dist]
# distance from previous block
# <min> <max>
0	2

[block]
# block no. 1 follows, 56 sequences, length 34
# corresponding to MSA columns:
# 76-109
name=unknown_B
#
# <colnr> <probs for GDERKNQSTAVLIFYWHMCP>
#	G	D	E	R	K	N	Q	S	T	A	V	L	I	F	Y	W	H	M	C	P
0	0.01234	0.58175	0.01990	0.00870	0.03604	0.08268	0.00771	0.05697	0.01088	0.02593	0.10875	0.01132	0.01089	0.00481	0.00353	0.00110	0.00485	0.00342	0.00261	0.00583
1	0.01666	0.08079	0.01308	0.01030	0.01308	0.45718	0.00810	0.15280	0.01399	0.11658	0.00968	0.01024	0.00735	0.00497	0.00412	0.00122	0.00647	0.00343	0.06393	0.00604
2	0.87108	0.00888	0.00675	0.00604	0.00888	0.01030	0.00497	0.01350	0.00781	0.02060	0.00639	0.00746	0.00497	0.00426	0.00284	0.00142	0.00355	0.00249	0.00284	0.00497
3	0.02013	0.00856	0.01112	0.00852	0.01209	0.00785	0.00704	0.13639	0.01439	0.69742	0.01707	0.01495	0.01084	0.00566	0.00461	0.00141	0.00408	0.00455	0.00552	0.00781
4	0.01227	0.84142	0.02406	0.00786	0.01178	0.01817	0.00786	0.01375	0.00933	0.01080	0.00638	0.00736	0.00589	0.00393	0.00295	0.00098	0.00491	0.00245	0.00196	0.00589
5	0.00674	0.00478	0.00710	0.00710	0.00778	0.00546	0.00539	0.00785	0.00717	0.01024	0.01184	0.01804	0.01126	0.06681	0.68408	0.11640	0.01090	0.00488	0.00241	0.00377
6	0.00559	0.00400	0.00533	0.00639	0.00666	0.00373	0.00426	0.00639	0.00879	0.01172	0.02530	0.83566	0.03036	0.01438	0.00586	0.00186	0.00266	0.01305	0.00426	0.00373
7	0.01004	0.01004	0.01406	0.01205	0.01205	0.01406	0.01004	0.01105	0.00703	0.01105	0.00603	0.01004	0.00603	0.00804	0.01507	0.00201	0.83025	0.00402	0.00201	0.00502
8	0.00571	0.00408	0.00543	0.00631	0.00668	0.00381	0.00427	0.00668	0.00932	0.01257	0.12470	0.73384	0.03201	0.01375	0.00580	0.00181	0.00260	0.01245	0.00436	0.00381
9	0.01227	0.84142	0.02406	0.00786	0.01178	0.01817	0.00786	0.01375	0.00933	0.01080	0.00638	0.00736	0.00589	0.00393	0.00295	0.00098	0.00491	0.00245	0.00196	0.00589
10	0.00646	0.00469	0.00609	0.00574	0.00684	0.00432	0.00431	0.00860	0.01292	0.01823	0.78419	0.03460	0.06684	0.00945	0.00542	0.00145	0.00217	0.00835	0.00503	0.00432
11	0.00740	0.00528	0.00740	0.00845	0.00951	0.00528	0.00740	0.00951	0.01057	0.01374	0.02431	0.05179	0.02642	0.01268	0.00634	0.00211	0.00423	0.77912	0.00423	0.00423
12	0.01227	0.84142	0.02406	0.00786	0.01178	0.01817	0.00786	0.01375	0.00933	0.01080	0.00638	0.00736	0.00589	0.00393	0.00295	0.00098	0.00491	0.00245	0.00196	0.00589
13	0.76303	0.00874	0.00724	0.00631	0.00924	0.00985	0.00520	0.01462	0.00849	0.12130	0.00788	0.00850	0.00578	0.00444	0.00307	0.00142	0.00360	0.00276	0.00320	0.00533
14	0.01079	0.01063	0.01432	0.01315	0.07436	0.03981	0.03248	0.03725	0.09966	0.01296	0.00797	0.01100	0.00712	0.00722	0.01210	0.00185	0.59515	0.00417	0.00244	0.00558
15	0.00668	0.00445	0.00501	0.00501	0.00501	0.00445	0.00278	0.00668	0.00668	0.00890	0.01447	0.03004	0.01669	0.83866	0.02337	0.00445	0.00445	0.00668	0.00278	0.00278
16	0.00650	0.00469	0.00614	0.00578	0.00686	0.00433	0.00433	0.00866	0.01300	0.01841	0.80760	0.03429	0.04332	0.00939	0.00541	0.00144	0.00217	0.00830	0.00505	0.00433
17	0.00952	0.00816	0.00952	0.00680	0.01088	0.00612	0.00544	0.01156	0.00952	0.01496	0.00816	0.00952	0.00680	0.00340	0.00340	0.00068	0.00340	0.00272	0.00272	0.86672
18	0.01649	0.02082	0.01307	0.07505	0.01554	0.75745	0.00917	0.01782	0.01271	0.01127	0.00718	0.00859	0.00593	0.00472	0.00417	0.00121	0.00811	0.00304	0.00234	0.00531
19	0.00606	0.00454	0.00568	0.00647	0.00707	0.00437	0.00447	0.00787	0.07045	0.01241	0.02708	0.67198	0.11367	0.01342	0.00573	0.00181	0.00273	0.02588	0.00429	0.00403
20	0.01146	0.00967	0.01029	0.00915	0.01170	0.01107	0.00714	0.07692	0.68618	0.01982	0.07929	0.01803	0.01585	0.00642	0.00472	0.00154	0.00362	0.00536	0.00470	0.00708
21	0.00640	0.00435	0.00507	0.00532	0.00542	0.00427	0.00314	0.00661	0.00725	0.00963	0.01770	0.21692	0.03781	0.62902	0.01891	0.00379	0.00399	0.00822	0.00316	0.00303
22	0.87108	0.00888	0.00675	0.00604	0.00888	0.01030	0.00497	0.01350	0.00781	0.02060	0.00639	0.00746	0.00497	0.00426	0.00284	0.00142	0.00355	0.00249	0.00284	0.00497
23	0.01005	0.00949	0.01293	0.01122	0.01154	0.01276	0.00921	0.07119	0.00838	0.01252	0.00886	0.11502	0.00926	0.00865	0.01308	0.00194	0.66116	0.00517	0.00250	0.00507
24	0.01034	0.00879	0.01118	0.00804	0.01213	0.00709	0.06674	0.06349	0.01048	0.03024	0.00861	0.00995	0.00696	0.00362	0.00366	0.00081	0.00385	0.00306	0.00287	0.72809
25	0.00652	0.00606	0.06864	0.00656	0.00794	0.00473	0.00542	0.00860	0.01162	0.01619	0.50486	0.19690	0.07590	0.01031	0.00547	0.00157	0.00275	0.05104	0.00457	0.00437
26	0.00645	0.00469	0.00607	0.00573	0.00683	0.00431	0.00430	0.00857	0.01289	0.01815	0.77485	0.03472	0.07623	0.00948	0.00542	0.00145	0.00217	0.00836	0.00502	0.00431
27	0.01214	0.01116	0.01802	0.02594	0.70891	0.01133	0.01341	0.11327	0.01187	0.01677	0.00894	0.01132	0.00734	0.00427	0.00455	0.00137	0.00540	0.00410	0.00257	0.00734
28	0.01002	0.00569	0.00584	0.00531	0.00681	0.00592	0.00412	0.13960	0.01159	0.01906	0.01433	0.01611	0.01112	0.00538	0.00344	0.00112	0.00262	0.00426	0.72282	0.00486
29	0.00559	0.00400	0.00533	0.00639	0.00666	0.00373	0.00426	0.00639	0.00879	0.01172	0.02530	0.83566	0.03036	0.01438	0.00586	0.00186	0.00266	0.01305	0.00426	0.00373
30	0.00828	0.00763	0.01270	0.72328	0.02845	0.00938	0.01167	0.01105	0.00913	0.01173	0.01034	0.11686	0.00920	0.00583	0.00475	0.00157	0.00568	0.00522	0.00232	0.00493
31	0.06215	0.01503	0.01399	0.04759	0.19193	0.30442	0.00982	0.21710	0.03877	0.04272	0.00916	0.01030	0.00709	0.00483	0.00433	0.00132	0.00619	0.00365	0.00311	0.00651
32	0.01276	0.01099	0.01725	0.02448	0.65187	0.04695	0.01282	0.01525	0.01082	0.11614	0.00970	0.01173	0.00770	0.00442	0.00481	0.00138	0.02693	0.00410	0.00270	0.00719
33	0.00626	0.00528	0.00550	0.00540	0.00699	0.00485	0.00406	0.00896	0.11106	0.01358	0.08649	0.07977	0.62354	0.01095	0.00535	0.00156	0.00250	0.00920	0.00436	0.00433

[dist]
# distance from previous block
# <min> <max>
0	1

[block]
# block no. 2 follows, 56 sequences, length 14
# corresponding to MSA columns:
# 111-124
name=unknown_C
#
# <colnr> <probs for GDERKNQSTAVLIFYWHMCP>
#	G	D	E	R	K	N	Q	S	T	A	V	L	I	F	Y	W	H	M	C	P
0	0.01329	0.42601	0.09056	0.01095	0.07174	0.19542	0.00937	0.06302	0.05667	0.01313	0.00786	0.00886	0.00658	0.00439	0.00366	0.00115	0.00580	0.00303	0.00239	0.00614
1	0.01613	0.02889	0.03032	0.00779	0.01094	0.00724	0.00651	0.04449	0.08460	0.51317	0.04499	0.02073	0.14999	0.00678	0.00474	0.00144	0.00369	0.00555	0.00510	0.00691
2	0.00744	0.00545	0.00625	0.00564	0.00664	0.00510	0.00364	0.00849	0.03865	0.01094	0.04139	0.02512	0.01535	0.58157	0.04127	0.00354	0.00435	0.00581	0.00291	0.18043
3	0.00651	0.00442	0.00526	0.00557	0.00570	0.00436	0.00345	0.00684	0.00742	0.00987	0.01750	0.20080	0.02032	0.60153	0.01837	0.00373	0.00406	0.06800	0.00320	0.00309
4	0.00974	0.16522	0.67804	0.01218	0.01847	0.01196	0.01539	0.01440	0.00963	0.01389	0.00792	0.00929	0.00583	0.00429	0.00412	0.00137	0.00646	0.00323	0.00194	0.00663
5	0.01205	0.00894	0.00958	0.00846	0.01094	0.01001	0.00662	0.07374	0.55007	0.08199	0.01748	0.01660	0.01300	0.00599	0.00441	0.00145	0.00349	0.00492	0.15345	0.00683
6	0.01004	0.01004	0.01406	0.01205	0.01205	0.01406	0.01004	0.01105	0.00703	0.01105	0.00603	0.01004	0.00603	0.00804	0.01507	0.00201	0.83025	0.00402	0.00201	0.00502
7	0.00709	0.00506	0.00704	0.00810	0.00902	0.00502	0.00686	0.00897	0.01026	0.01339	0.02448	0.18741	0.02710	0.01298	0.00626	0.00207	0.00396	0.64657	0.00423	0.00414
8	0.00740	0.00528	0.00740	0.00845	0.00951	0.00528	0.00740	0.00951	0.01057	0.01374	0.02431	0.05179	0.02642	0.01268	0.00634	0.00211	0.00423	0.77912	0.00423	0.00423
9	0.00631	0.00469	0.00588	0.00558	0.00674	0.00425	0.00419	0.00830	0.01256	0.01737	0.67591	0.03600	0.17565	0.00977	0.00542	0.00146	0.00219	0.00854	0.00492	0.00425
10	0.01493	0.01446	0.16669	0.01213	0.01649	0.01265	0.12336	0.46478	0.04249	0.06970	0.01091	0.01143	0.00772	0.00509	0.00467	0.00143	0.00565	0.00424	0.00383	0.00736
11	0.01352	0.19921	0.12796	0.06590	0.15522	0.31157	0.01087	0.01576	0.01105	0.03773	0.00779	0.00930	0.00632	0.00441	0.00402	0.00124	0.00656	0.00323	0.00229	0.00606
12	0.00952	0.00816	0.00952	0.00680	0.01088	0.00612	0.00544	0.01156	0.00952	0.01496	0.00816	0.00952	0.00680	0.00340	0.00340	0.00068	0.00340	0.00272	0.00272	0.86672
13	0.03005	0.14343	0.27964	0.01177	0.01634	0.03758	0.16371	0.01515	0.01050	0.15195	0.01214	0.06007	0.03687	0.00528	0.00448	0.00141	0.00577	0.00461	0.00292	0.00634

[dist]
# distance from previous block
# <min> <max>
0	28

[block]
# block no. 3 follows, 56 sequences, length 21
# corresponding to MSA columns:
# 153-173
name=unknown_D
#
# <colnr> <probs for GDERKNQSTAVLIFYWHMCP>
#	G	D	E	R	K	N	Q	S	T	A	V	L	I	F	Y	W	H	M	C	P
0	0.01050	0.01145	0.03911	0.11737	0.16150	0.01102	0.48060	0.01442	0.04643	0.01453	0.01003	0.02791	0.00802	0.00448	0.00514	0.00153	0.00678	0.02051	0.00245	0.00623
1	0.00797	0.00399	0.00598	0.00598	0.00598	0.00399	0.00399	0.00598	0.00598	0.00797	0.00797	0.01396	0.00797	0.01595	0.01794	0.86643	0.00399	0.00399	0.00199	0.00199
2	0.00749	0.00531	0.00574	0.00538	0.00718	0.00467	0.00412	0.00950	0.05867	0.09959	0.08890	0.03886	0.62688	0.01052	0.00529	0.00153	0.00257	0.00878	0.00449	0.00453
3	0.02206	0.01693	0.43724	0.06041	0.01725	0.03147	0.02688	0.05344	0.04356	0.08968	0.03507	0.03463	0.00876	0.00497	0.00439	0.00138	0.00565	0.00402	0.00281	0.09940
4	0.01007	0.00943	0.04412	0.00783	0.01198	0.03253	0.04186	0.01230	0.00978	0.03371	0.00842	0.00976	0.00685	0.00356	0.00358	0.00079	0.00391	0.00292	0.00273	0.74389
5	0.00736	0.00530	0.00732	0.00815	0.00915	0.00542	0.00694	0.00954	0.02817	0.01324	0.02229	0.04604	0.02394	0.06473	0.09518	0.00281	0.00510	0.63117	0.00396	0.00420
6	0.02032	0.00826	0.01093	0.00838	0.01194	0.00741	0.00692	0.09032	0.01388	0.74420	0.01749	0.01522	0.01105	0.00567	0.00461	0.00142	0.00401	0.00457	0.00559	0.00781
7	0.01183	0.72282	0.13876	0.00861	0.01296	0.01708	0.00918	0.01386	0.00938	0.01134	0.00665	0.00770	0.00588	0.00399	0.00315	0.00105	0.00518	0.00259	0.00196	0.00602
8	0.01985	0.00799	0.01058	0.00816	0.01161	0.00714	0.00672	0.07346	0.01355	0.72551	0.01750	0.01538	0.01114	0.00566	0.00455	0.00140	0.00390	0.00457	0.04366	0.00766
9	0.73128	0.01029	0.00828	0.00745	0.02452	0.08270	0.02688	0.03660	0.00881	0.01974	0.00671	0.00784	0.00523	0.00433	0.00311	0.00140	0.00416	0.00268	0.00283	0.00516
10	0.00915	0.00526	0.00696	0.00626	0.00778	0.00477	0.00479	0.01118	0.01284	0.17006	0.62199	0.06624	0.03664	0.00890	0.00528	0.00146	0.00252	0.00781	0.00514	0.00497
11	0.01384	0.36688	0.01736	0.00976	0.01270	0.35055	0.02224	0.04153	0.01109	0.01165	0.00753	0.00911	0.00659	0.00761	0.09176	0.00178	0.00717	0.00304	0.00228	0.00553
12	0.01061	0.01191	0.02163	0.01612	0.01977	0.09745	0.56395	0.01371	0.01095	0.01419	0.05921	0.11460	0.01193	0.00559	0.00533	0.00154	0.00684	0.00627	0.00273	0.00568
13	0.00656	0.00487	0.00714	0.00710	0.00791	0.00553	0.00545	0.00818	0.00795	0.01141	0.09821	0.02034	0.01515	0.06827	0.69630	0.00660	0.01085	0.00536	0.00275	0.00406
14	0.01142	0.00986	0.01038	0.00934	0.01194	0.01142	0.00727	0.02440	0.80172	0.01920	0.01869	0.01713	0.01401	0.00623	0.00467	0.00156	0.00363	0.00519	0.00467	0.00727
15	0.00668	0.00445	0.00501	0.00501	0.00501	0.00445	0.00278	0.00668	0.00668	0.00890	0.01447	0.03004	0.01669	0.83866	0.02337	0.00445	0.00445	0.00668	0.00278	0.00278
16	0.01004	0.01004	0.01406	0.01205	0.01205	0.01406	0.01004	0.01105	0.00703	0.01105	0.00603	0.01004	0.00603	0.00804	0.01507	0.00201	0.83025	0.00402	0.00201	0.00502
17	0.00797	0.05552	0.00719	0.00579	0.00747	0.00530	0.00453	0.00967	0.01170	0.10127	0.37033	0.03386	0.31973	0.01018	0.02784	0.00162	0.00286	0.00797	0.00457	0.00463
18	0.00921	0.02375	0.81487	0.01309	0.01987	0.01066	0.01696	0.01454	0.00969	0.01454	0.00824	0.00969	0.00582	0.00436	0.00436	0.00145	0.00678	0.00339	0.00194	0.00678
19	0.01324	0.00804	0.00990	0.00726	0.01116	0.00633	0.00588	0.01519	0.01074	0.28312	0.01150	0.01157	0.00833	0.00417	0.00381	0.00093	0.00357	0.00336	0.00372	0.57818
20	0.00956	0.00611	0.00746	0.00656	0.00827	0.00595	0.00509	0.09878	0.04350	0.10511	0.52241	0.02800	0.05357	0.00819	0.00504	0.00141	0.00273	0.00705	0.07001	0.00519

[dist]
# distance from previous block
# <min> <max>
0	2

[block]
# block no. 4 follows, 56 sequences, length 30
# corresponding to MSA columns:
# 176-180,188-212
name=unknown_E
#
# <colnr> <probs for GDERKNQSTAVLIFYWHMCP>
#	G	D	E	R	K	N	Q	S	T	A	V	L	I	F	Y	W	H	M	C	P
0	0.02498	0.33364	0.15684	0.01221	0.10066	0.07649	0.06546	0.04986	0.06392	0.03387	0.00920	0.01027	0.01940	0.00446	0.00391	0.00124	0.00556	0.00347	0.00250	0.02205
1	0.01282	0.62757	0.09601	0.00896	0.01294	0.11849	0.00887	0.04661	0.01033	0.01195	0.00684	0.00785	0.00597	0.00413	0.00330	0.00107	0.00552	0.00267	0.00212	0.00598
2	0.00661	0.00502	0.00622	0.00569	0.00714	0.00443	0.00430	0.00860	0.01224	0.01709	0.60515	0.03351	0.16533	0.00917	0.00522	0.00139	0.00231	0.00799	0.00470	0.08787
3	0.03995	0.02780	0.18254	0.00856	0.01240	0.00821	0.00823	0.11857	0.01166	0.10779	0.05236	0.07896	0.04695	0.01593	0.00450	0.00128	0.00427	0.00474	0.01939	0.24590
4	0.12158	0.15431	0.09416	0.03882	0.08392	0.02218	0.02293	0.11326	0.02844	0.06107	0.01190	0.15744	0.01107	0.00625	0.00423	0.00138	0.00456	0.00512	0.00318	0.05420
5	0.00789	0.00534	0.00656	0.00611	0.00757	0.00500	0.00462	0.01063	0.07648	0.08744	0.48181	0.08447	0.17931	0.00954	0.00531	0.00150	0.00250	0.00828	0.00488	0.00476
6	0.01002	0.00521	0.00555	0.00510	0.00662	0.00513	0.00394	0.06237	0.01082	0.09465	0.01782	0.01898	0.08212	0.00595	0.00363	0.00117	0.00252	0.00478	0.64881	0.00481
7	0.00867	0.00816	0.01377	0.82762	0.03162	0.01020	0.01275	0.01173	0.00918	0.01173	0.00816	0.01224	0.00612	0.00459	0.00459	0.00153	0.00612	0.00408	0.00204	0.00510
8	0.01075	0.09068	0.01787	0.11301	0.57866	0.01106	0.02602	0.01328	0.01010	0.01400	0.00950	0.06691	0.00857	0.00482	0.00450	0.00138	0.00533	0.00456	0.00235	0.00664
9	0.00605	0.00468	0.00552	0.00531	0.00659	0.00414	0.00398	0.00781	0.01195	0.01593	0.49301	0.03838	0.35945	0.01031	0.00542	0.00149	0.00223	0.00888	0.00473	0.00414
10	0.01077	0.00947	0.01669	0.42224	0.24308	0.01029	0.12134	0.01374	0.01011	0.08415	0.00933	0.01232	0.00702	0.00445	0.00470	0.00148	0.00597	0.00432	0.00247	0.00609
11	0.01041	0.04852	0.71144	0.01244	0.01882	0.01052	0.01568	0.01527	0.01002	0.09185	0.00914	0.01019	0.00636	0.00448	0.00434	0.00144	0.00645	0.00348	0.00230	0.00686
12	0.01743	0.00909	0.01067	0.00856	0.01157	0.05697	0.00693	0.12885	0.04844	0.49373	0.08631	0.03605	0.01381	0.00622	0.00494	0.00143	0.02632	0.00498	0.02061	0.00709
13	0.87108	0.00888	0.00675	0.00604	0.00888	0.01030	0.00497	0.01350	0.00781	0.02060	0.00639	0.00746	0.00497	0.00426	0.00284	0.00142	0.00355	0.00249	0.00284	0.00497
14	0.00861	0.00546	0.00750	0.00812	0.00933	0.00535	0.00693	0.01051	0.01047	0.09082	0.02283	0.04635	0.02410	0.08528	0.00768	0.00225	0.00422	0.63550	0.00424	0.00445
15	0.01206	0.01061	0.01826	0.02539	0.66906	0.01047	0.06605	0.01477	0.01072	0.08576	0.00985	0.01266	0.00802	0.00440	0.00465	0.00140	0.00545	0.02061	0.00262	0.00718
16	0.00786	0.00500	0.00657	0.00601	0.00733	0.00457	0.00457	0.00999	0.01301	0.09547	0.73105	0.03248	0.04022	0.00903	0.00534	0.00144	0.00233	0.00795	0.00511	0.00467
17	0.87108	0.00888	0.00675	0.00604	0.00888	0.01030	0.00497	0.01350	0.00781	0.02060	0.00639	0.00746	0.00497	0.00426	0.00284	0.00142	0.00355	0.00249	0.00284	0.00497
18	0.00586	0.00428	0.00551	0.00601	0.00667	0.00393	0.00420	0.00713	0.01029	0.01389	0.27270	0.50041	0.11710	0.01252	0.00567	0.00170	0.00247	0.01121	0.00451	0.00393
19	0.06568	0.00836	0.01075	0.00829	0.01181	0.00766	0.00684	0.09678	0.01367	0.69486	0.01680	0.01474	0.01068	0.00559	0.00452	0.00142	0.00400	0.00446	0.00542	0.00766
20	0.00560	0.00430	0.00506	0.00560	0.00640	0.00384	0.00388	0.00655	0.00947	0.01204	0.05471	0.45455	0.34345	0.05432	0.00655	0.00186	0.00260	0.01125	0.00421	0.00376
21	0.01188	0.01188	0.01814	0.02673	0.73942	0.08271	0.01363	0.01447	0.01068	0.01466	0.00850	0.01109	0.00715	0.00415	0.00451	0.00135	0.00570	0.00399	0.00228	0.00710
22	0.00952	0.00816	0.00952	0.00680	0.01088	0.00612	0.00544	0.01156	0.00952	0.01496	0.00816	0.00952	0.00680	0.00340	0.00340	0.00068	0.00340	0.00272	0.00272	0.86672
23	0.60262	0.02612	0.03910	0.00890	0.05657	0.16069	0.01985	0.01449	0.00907	0.01805	0.00677	0.00800	0.00536	0.00433	0.00328	0.00137	0.00475	0.00275	0.00266	0.00527
24	0.01142	0.00986	0.01038	0.00934	0.01194	0.01142	0.00727	0.02440	0.80172	0.01920	0.01869	0.01713	0.01401	0.00623	0.00467	0.00156	0.00363	0.00519	0.00467	0.00727
25	0.12200	0.07702	0.16006	0.03145	0.04534	0.00910	0.00842	0.04437	0.00993	0.03868	0.00823	0.00950	0.00648	0.00394	0.00363	0.00104	0.00440	0.00300	0.00266	0.41075
26	0.00681	0.00505	0.00660	0.07854	0.00904	0.00480	0.00497	0.00879	0.01200	0.03712	0.53365	0.06327	0.19314	0.00950	0.00534	0.00149	0.00261	0.00829	0.00461	0.00438
27	0.01126	0.22275	0.32700	0.01150	0.03613	0.04769	0.05036	0.08979	0.08126	0.01516	0.00999	0.04073	0.00823	0.00508	0.00421	0.00136	0.00574	0.02268	0.00263	0.00645
28	0.01071	0.13373	0.07874	0.00758	0.01040	0.00820	0.00677	0.01395	0.08413	0.14700	0.30894	0.02133	0.02217	0.00669	0.00455	0.00132	0.00356	0.02531	0.01569	0.08923
29	0.00656	0.00635	0.07778	0.00650	0.00806	0.00493	0.00549	0.00874	0.01157	0.01616	0.51799	0.09210	0.11886	0.01199	0.08438	0.00206	0.00361	0.00805	0.00438	0.00443

[dist]
# distance from previous block
# <min> <max>
0	2

[block]
# block no. 5 follows, 56 sequences, length 37
# corresponding to MSA columns:
# 215-251
name=unknown_F
#
# <colnr> <probs for GDERKNQSTAVLIFYWHMCP>
#	G	D	E	R	K	N	Q	S	T	A	V	L	I	F	Y	W	H	M	C	P
0	0.01052	0.08918	0.20942	0.10352	0.08978	0.01015	0.07123	0.03003	0.10588	0.07283	0.06729	0.07930	0.01220	0.00580	0.00459	0.00145	0.00512	0.00505	0.02045	0.00620
1	0.01087	0.10811	0.26207	0.10317	0.16984	0.08983	0.10658	0.01434	0.02267	0.01351	0.00850	0.02458	0.00684	0.00460	0.00478	0.00141	0.03595	0.00391	0.00219	0.00628
2	0.00644	0.00481	0.00664	0.00664	0.00749	0.00529	0.00502	0.00784	0.00782	0.01086	0.01780	0.02331	0.13347	0.11821	0.59333	0.00605	0.00972	0.00583	0.01950	0.00392
3	0.00627	0.00470	0.00535	0.00534	0.00667	0.00409	0.00397	0.00767	0.01095	0.04203	0.22358	0.14351	0.48315	0.01126	0.00547	0.00157	0.00242	0.02340	0.00450	0.00411
4	0.01264	0.38800	0.10499	0.07447	0.01471	0.04412	0.00917	0.16148	0.02441	0.02730	0.00818	0.00923	0.00657	0.00437	0.00369	0.00114	0.00517	0.00313	0.00265	0.09460
5	0.00803	0.08706	0.02433	0.00918	0.03339	0.00760	0.07381	0.02004	0.00963	0.02512	0.02127	0.30553	0.11077	0.01089	0.02041	0.00183	0.08155	0.14134	0.00356	0.00465
6	0.01763	0.00758	0.00993	0.00784	0.01084	0.00689	0.00632	0.06896	0.02972	0.59959	0.09954	0.01846	0.01494	0.07259	0.00620	0.00167	0.00384	0.00515	0.00529	0.00704
7	0.01227	0.84142	0.02406	0.00786	0.01178	0.01817	0.00786	0.01375	0.00933	0.01080	0.00638	0.00736	0.00589	0.00393	0.00295	0.00098	0.00491	0.00245	0.00196	0.00589
8	0.00750	0.00564	0.00771	0.06740	0.01066	0.00584	0.00704	0.01040	0.07375	0.01438	0.11969	0.13260	0.02649	0.01136	0.00591	0.00192	0.00389	0.47914	0.00421	0.00449
9	0.00656	0.00474	0.00571	0.00551	0.00679	0.00421	0.00412	0.00825	0.01177	0.04485	0.44620	0.10111	0.31245	0.01044	0.00543	0.00151	0.00233	0.00904	0.00473	0.00425
10	0.00559	0.00400	0.00533	0.00639	0.00666	0.00373	0.00426	0.00639	0.00879	0.01172	0.02530	0.83566	0.03036	0.01438	0.00586	0.00186	0.00266	0.01305	0.00426	0.00373
11	0.00600	0.00467	0.00545	0.00525	0.00655	0.00412	0.00394	0.00770	0.01182	0.01563	0.45490	0.03888	0.39775	0.01042	0.00542	0.00149	0.00224	0.00895	0.00469	0.00412
12	0.00740	0.00528	0.00740	0.00845	0.00951	0.00528	0.00740	0.00951	0.01057	0.01374	0.02431	0.05179	0.02642	0.01268	0.00634	0.00211	0.00423	0.77912	0.00423	0.00423
13	0.01202	0.01016	0.01072	0.00946	0.01217	0.01170	0.00741	0.10108	0.72406	0.02017	0.01792	0.01652	0.01340	0.00616	0.00466	0.00154	0.00377	0.00509	0.00466	0.00732
14	0.00650	0.00469	0.00614	0.00578	0.00686	0.00433	0.00433	0.00866	0.01300	0.01841	0.80760	0.03429	0.04332	0.00939	0.00541	0.00144	0.00217	0.00830	0.00505	0.00433
15	0.00978	0.02361	0.75669	0.01299	0.01946	0.06940	0.01638	0.01481	0.00993	0.01430	0.00816	0.00959	0.00582	0.00439	0.00435	0.00143	0.00689	0.00336	0.00197	0.00668
16	0.00952	0.00816	0.00952	0.00680	0.01088	0.00612	0.00544	0.01156	0.00952	0.01496	0.00816	0.00952	0.00680	0.00340	0.00340	0.00068	0.00340	0.00272	0.00272	0.86672
17	0.87108	0.00888	0.00675	0.00604	0.00888	0.01030	0.00497	0.01350	0.00781	0.02060	0.00639	0.00746	0.00497	0.00426	0.00284	0.00142	0.00355	0.00249	0.00284	0.00497
18	0.00665	0.00444	0.00502	0.00504	0.00505	0.00443	0.00282	0.00667	0.00673	0.00897	0.01474	0.05056	0.01704	0.81766	0.02292	0.00439	0.00441	0.00684	0.00282	0.00281
19	0.87108	0.00888	0.00675	0.00604	0.00888	0.01030	0.00497	0.01350	0.00781	0.02060	0.00639	0.00746	0.00497	0.00426	0.00284	0.00142	0.00355	0.00249	0.00284	0.00497
20	0.87108	0.00888	0.00675	0.00604	0.00888	0.01030	0.00497	0.01350	0.00781	0.02060	0.00639	0.00746	0.00497	0.00426	0.00284	0.00142	0.00355	0.00249	0.00284	0.00497
21	0.01084	0.01238	0.02709	0.01935	0.02399	0.01161	0.79334	0.01471	0.01084	0.01471	0.00929	0.01238	0.00697	0.00387	0.00542	0.00155	0.00774	0.00542	0.00232	0.00619
22	0.01262	0.01083	0.01697	0.09711	0.53356	0.01121	0.02761	0.14620	0.02534	0.05952	0.00968	0.01173	0.00758	0.00449	0.00458	0.00139	0.00538	0.00417	0.00286	0.00717
23	0.00668	0.00445	0.00501	0.00501	0.00501	0.00445	0.00278	0.00668	0.00668	0.00890	0.01447	0.03004	0.01669	0.83866	0.02337	0.00445	0.00445	0.00668	0.00278	0.00278
24	0.00714	0.00515	0.00707	0.00805	0.00909	0.00508	0.00691	0.00909	0.01043	0.01350	0.02585	0.10816	0.07833	0.01274	0.00625	0.00206	0.00399	0.67273	0.00423	0.00417
25	0.08889	0.04996	0.30455	0.03163	0.03408	0.04427	0.01076	0.05489	0.04771	0.18930	0.02615	0.01160	0.00828	0.00480	0.00419	0.00135	0.00522	0.00372	0.00324	0.07541
26	0.01276	0.35639	0.16058	0.01004	0.02966	0.14095	0.00961	0.10303	0.02507	0.01425	0.00779	0.00881	0.00636	0.00430	0.00368	0.00113	0.00562	0.00300	0.00245	0.09453
27	0.00788	0.00614	0.00979	0.00944	0.01099	0.00601	0.11519	0.01025	0.01073	0.01449	0.08411	0.04244	0.02403	0.01067	0.00591	0.00191	0.00440	0.55469	0.06642	0.00451
28	0.00693	0.00495	0.00686	0.00792	0.00877	0.00488	0.00659	0.00870	0.01011	0.01322	0.02457	0.25453	0.02744	0.01312	0.00622	0.00205	0.00382	0.58097	0.00424	0.00410
29	0.02816	0.11822	0.09595	0.01049	0.08428	0.03342	0.03585	0.03770	0.09648	0.04136	0.02105	0.01088	0.00806	0.00423	0.00387	0.00107	0.00450	0.00343	0.00288	0.35813
30	0.01136	0.01091	0.01863	0.02818	0.81002	0.01091	0.01409	0.01409	0.01045	0.01500	0.00864	0.01136	0.00727	0.00409	0.00455	0.00136	0.00545	0.00409	0.00227	0.00727
31	0.00760	0.00494	0.00646	0.00594	0.00723	0.00451	0.00450	0.00971	0.01295	0.08174	0.72639	0.03304	0.05901	0.00914	0.00535	0.00144	0.00231	0.00804	0.00509	0.00460
32	0.01261	0.01190	0.11515	0.17143	0.16869	0.01056	0.15689	0.12475	0.01212	0.13660	0.01073	0.02943	0.00799	0.00483	0.00474	0.00146	0.00582	0.00452	0.00308	0.00668
33	0.00828	0.00550	0.00850	0.03525	0.00909	0.00584	0.06221	0.00870	0.07029	0.01004	0.01008	0.04818	0.00959	0.01574	0.10713	0.54532	0.02999	0.00467	0.00238	0.00323
34	0.00565	0.00410	0.00534	0.00622	0.00664	0.00379	0.00421	0.00659	0.00925	0.01230	0.08931	0.71424	0.08783	0.01378	0.00579	0.00181	0.00260	0.01243	0.00433	0.00379
35	0.00867	0.00816	0.01377	0.82762	0.03162	0.01020	0.01275	0.01173	0.00918	0.01173	0.00816	0.01224	0.00612	0.00459	0.00459	0.00153	0.00612	0.00408	0.00204	0.00510
36	0.02598	0.11016	0.30543	0.14978	0.11455	0.03665	0.11402	0.01383	0.00970	0.01351	0.00799	0.01033	0.00620	0.00450	0.00504	0.00144	0.05887	0.00375	0.00208	0.00620

[dist]
# distance from previous block
# <min> <max>
0	4

[block]
# block no. 6 follows, 56 sequences, length 57
# corresponding to MSA columns:
# 256-312
name=unknown_G
#
# <colnr> <probs for GDERKNQSTAVLIFYWHMCP>
#	G	D	E	R	K	N	Q	S	T	A	V	L	I	F	Y	W	H	M	C	P
0	0.12075	0.01561	0.01185	0.01093	0.03231	0.44082	0.01866	0.03020	0.01108	0.03212	0.00951	0.08533	0.02029	0.00619	0.00590	0.00143	0.13487	0.00422	0.00269	0.00523
1	0.00807	0.00912	0.10837	0.00860	0.01029	0.09093	0.00749	0.01007	0.00823	0.01117	0.01116	0.01607	0.01019	0.04492	0.59823	0.00581	0.02980	0.00454	0.00238	0.00455
2	0.00918	0.00786	0.00973	0.00845	0.07404	0.00620	0.00598	0.01112	0.00950	0.01456	0.01033	0.11229	0.00976	0.00482	0.00380	0.00088	0.00347	0.00411	0.00288	0.69103
3	0.11132	0.05132	0.06008	0.11096	0.01416	0.15572	0.00837	0.04097	0.14145	0.04310	0.01240	0.14067	0.01127	0.00669	0.00526	0.00151	0.07080	0.00518	0.00318	0.00559
4	0.00582	0.00419	0.00555	0.00646	0.00691	0.00392	0.00452	0.00686	0.00935	0.01246	0.08841	0.66974	0.06247	0.01372	0.00585	0.00184	0.00275	0.08102	0.00432	0.00383
5	0.01274	0.53798	0.01914	0.00856	0.01176	0.21169	0.00766	0.01423	0.01068	0.01185	0.10609	0.01093	0.01055	0.00480	0.00354	0.00109	0.00539	0.00330	0.00245	0.00556
6	0.00556	0.00466	0.00484	0.00479	0.00628	0.00393	0.00359	0.00685	0.01078	0.01315	0.14105	0.04295	0.71314	0.01135	0.00542	0.00154	0.00231	0.00952	0.00436	0.00393
7	0.00921	0.02375	0.81487	0.01309	0.01987	0.01066	0.01696	0.01454	0.00969	0.01454	0.00824	0.00969	0.00582	0.00436	0.00436	0.00145	0.00678	0.00339	0.00194	0.00678
8	0.00636	0.00469	0.00595	0.00564	0.00678	0.00428	0.00423	0.00841	0.01268	0.01766	0.71305	0.03552	0.13833	0.00966	0.00542	0.00146	0.00219	0.00847	0.00496	0.00428
9	0.01227	0.84142	0.02406	0.00786	0.01178	0.01817	0.00786	0.01375	0.00933	0.01080	0.00638	0.00736	0.00589	0.00393	0.00295	0.00098	0.00491	0.00245	0.00196	0.00589
10	0.87108	0.00888	0.00675	0.00604	0.00888	0.01030	0.00497	0.01350	0.00781	0.02060	0.00639	0.00746	0.00497	0.00426	0.00284	0.00142	0.00355	0.00249	0.00284	0.00497
11	0.87108	0.00888	0.00675	0.00604	0.00888	0.01030	0.00497	0.01350	0.00781	0.02060	0.00639	0.00746	0.00497	0.00426	0.00284	0.00142	0.00355	0.00249	0.00284	0.00497
12	0.00632	0.00469	0.00589	0.00559	0.00675	0.00426	0.00419	0.00832	0.01257	0.01740	0.68021	0.03595	0.17133	0.00976	0.00542	0.00146	0.00219	0.00853	0.00492	0.00426
13	0.59911	0.03063	0.00901	0.00748	0.01042	0.11147	0.00609	0.11690	0.01051	0.05168	0.00755	0.00835	0.00574	0.00453	0.00330	0.00138	0.00438	0.00284	0.00310	0.00552
14	0.00900	0.17697	0.01158	0.00709	0.01008	0.00799	0.01765	0.01061	0.00930	0.01320	0.01262	0.24060	0.01322	0.00659	0.00403	0.00109	0.00357	0.00560	0.00299	0.43623
15	0.03666	0.14398	0.11685	0.01208	0.08372	0.28221	0.00986	0.14434	0.03337	0.08190	0.00911	0.00985	0.00696	0.00474	0.00411	0.00127	0.00619	0.00341	0.00295	0.00642
16	0.01193	0.01061	0.01063	0.00952	0.01214	0.05566	0.00740	0.04889	0.73353	0.01908	0.01781	0.01645	0.01337	0.00612	0.00464	0.00153	0.00393	0.00503	0.00454	0.00718
17	0.00663	0.00490	0.00513	0.00493	0.00664	0.00410	0.00375	0.00785	0.01068	0.07622	0.04425	0.04191	0.74466	0.01115	0.00536	0.00154	0.00245	0.00928	0.00438	0.00419
18	0.03196	0.23031	0.20877	0.01058	0.01468	0.08893	0.05779	0.02690	0.04180	0.17640	0.00999	0.01061	0.00739	0.00485	0.00478	0.00134	0.05992	0.00358	0.00294	0.00647
19	0.01238	0.03632	0.02978	0.00926	0.01193	0.00750	0.14925	0.05317	0.02140	0.23161	0.03536	0.10622	0.01361	0.00717	0.02445	0.00157	0.00438	0.03293	0.20587	0.00584
20	0.01005	0.00472	0.00507	0.00476	0.00614	0.00459	0.00365	0.01215	0.01006	0.11601	0.01537	0.01693	0.01172	0.00539	0.00338	0.00111	0.00236	0.00432	0.75750	0.00472
21	0.02053	0.00792	0.01072	0.00822	0.01177	0.00690	0.00679	0.03831	0.01331	0.79702	0.01797	0.01553	0.01129	0.00568	0.00462	0.00142	0.00393	0.00461	0.00566	0.00781
22	0.01139	0.01568	0.26606	0.01939	0.34723	0.05995	0.07839	0.07689	0.03133	0.01579	0.00931	0.01187	0.00740	0.00458	0.00459	0.00142	0.00612	0.02327	0.00247	0.00688
23	0.02030	0.00829	0.01095	0.00840	0.01196	0.00746	0.00694	0.09566	0.01394	0.73878	0.01744	0.01519	0.01103	0.00567	0.00461	0.00142	0.00402	0.00457	0.00558	0.00781
24	0.87108	0.00888	0.00675	0.00604	0.00888	0.01030	0.00497	0.01350	0.00781	0.02060	0.00639	0.00746	0.00497	0.00426	0.00284	0.00142	0.00355	0.00249	0.00284	0.00497
25	0.01871	0.00742	0.00991	0.00773	0.01103	0.00639	0.00634	0.02041	0.01281	0.71372	0.02164	0.01917	0.11035	0.00642	0.00472	0.00144	0.00371	0.00525	0.00551	0.00732
26	0.01654	0.12369	0.01438	0.01133	0.01389	0.72059	0.00874	0.01776	0.01255	0.01118	0.00701	0.00817	0.00591	0.00463	0.00399	0.00116	0.00786	0.00289	0.00232	0.00539
27	0.00754	0.00499	0.00686	0.00759	0.00852	0.00506	0.00639	0.00919	0.00972	0.01331	0.02049	0.04084	0.02149	0.01385	0.07204	0.09260	0.00459	0.54027	0.11068	0.00399
28	0.00558	0.00463	0.00470	0.00470	0.00605	0.00395	0.00340	0.00660	0.00999	0.01197	0.04253	0.04243	0.70983	0.11437	0.00765	0.00191	0.00259	0.00931	0.00408	0.00374
29	0.00650	0.00469	0.00614	0.00578	0.00686	0.00433	0.00433	0.00866	0.01300	0.01841	0.80760	0.03429	0.04332	0.00939	0.00541	0.00144	0.00217	0.00830	0.00505	0.00433
30	0.03255	0.01175	0.01301	0.00999	0.01363	0.01262	0.00825	0.62204	0.01961	0.19070	0.01241	0.01191	0.00849	0.00553	0.00457	0.00139	0.00479	0.00421	0.00479	0.00776
31	0.87108	0.00888	0.00675	0.00604	0.00888	0.01030	0.00497	0.01350	0.00781	0.02060	0.00639	0.00746	0.00497	0.00426	0.00284	0.00142	0.00355	0.00249	0.00284	0.00497
32	0.01287	0.01058	0.01120	0.00964	0.01249	0.01210	0.00762	0.21008	0.61367	0.02155	0.01684	0.01566	0.01252	0.00606	0.00465	0.00151	0.00398	0.00494	0.00465	0.00740
33	0.05422	0.00795	0.01056	0.00813	0.01165	0.00702	0.00671	0.03608	0.01308	0.76753	0.01752	0.01522	0.01105	0.00562	0.00455	0.00142	0.00391	0.00452	0.00555	0.00770
34	0.00613	0.00466	0.00564	0.00543	0.00664	0.00417	0.00406	0.00794	0.01208	0.01632	0.54398	0.05698	0.28878	0.01023	0.00543	0.00149	0.00223	0.00886	0.00478	0.00417
35	0.00738	0.00599	0.00658	0.00615	0.00787	0.00592	0.00474	0.07202	0.11014	0.01493	0.10851	0.03397	0.47320	0.01308	0.10651	0.00225	0.00393	0.00796	0.00419	0.00468
36	0.31500	0.01325	0.03194	0.07194	0.08827	0.22046	0.07313	0.07718	0.01103	0.03221	0.00794	0.00946	0.00617	0.00451	0.00389	0.00136	0.00567	0.00334	0.01755	0.00570
37	0.01823	0.01004	0.01184	0.00925	0.01273	0.01025	0.00758	0.32411	0.11440	0.40842	0.01542	0.01402	0.01031	0.00568	0.00461	0.00142	0.00432	0.00450	0.00513	0.00774
38	0.01356	0.17276	0.06612	0.01126	0.06997	0.06478	0.07017	0.17030	0.07527	0.10349	0.02073	0.02727	0.00881	0.00494	0.00420	0.00126	0.00506	0.00401	0.01792	0.08810
39	0.01358	0.59959	0.03459	0.00905	0.01259	0.24095	0.00829	0.01504	0.01036	0.01099	0.00661	0.00766	0.00590	0.00416	0.00330	0.00105	0.00588	0.00261	0.00208	0.00575
40	0.01009	0.01011	0.01824	0.01321	0.01730	0.00899	0.40046	0.02745	0.01023	0.01475	0.00911	0.01166	0.00727	0.00615	0.06954	0.00166	0.00632	0.00427	0.00253	0.35066
41	0.16691	0.00949	0.02405	0.12128	0.11489	0.02830	0.02654	0.07021	0.02292	0.33113	0.01218	0.01241	0.00838	0.00494	0.00426	0.00141	0.00463	0.00399	0.00389	0.02818
42	0.01378	0.05130	0.12847	0.11589	0.18296	0.02221	0.06953	0.05586	0.01153	0.25326	0.02359	0.01265	0.00859	0.00490	0.00479	0.00142	0.02485	0.00422	0.00336	0.00685
43	0.00985	0.00584	0.00746	0.00660	0.00835	0.00552	0.00510	0.01299	0.09168	0.18045	0.55481	0.02894	0.04702	0.00835	0.00518	0.00145	0.00267	0.00726	0.00513	0.00533
44	0.00574	0.00471	0.00509	0.00514	0.00659	0.00406	0.00396	0.00712	0.01079	0.01327	0.13899	0.04366	0.64051	0.01145	0.00551	0.00159	0.00248	0.08100	0.00436	0.00397
45	0.02957	0.02367	0.01517	0.10025	0.16966	0.13305	0.10080	0.08576	0.06043	0.21838	0.01159	0.01239	0.00835	0.00487	0.00457	0.00140	0.00564	0.00423	0.00349	0.00675
46	0.01192	0.07048	0.06738	0.01070	0.06295	0.03338	0.07886	0.13156	0.11587	0.11543	0.01757	0.14127	0.08804	0.02705	0.00525	0.00156	0.00456	0.00618	0.00382	0.00616
47	0.00591	0.00419	0.00554	0.00651	0.00684	0.00398	0.00449	0.00679	0.00880	0.01169	0.02416	0.66627	0.02860	0.09221	0.00757	0.00214	0.00302	0.10346	0.00412	0.00370
48	0.00896	0.00844	0.01403	0.59927	0.18808	0.00984	0.01228	0.01180	0.00954	0.01245	0.01131	0.01461	0.07027	0.00505	0.00465	0.00150	0.00568	0.00453	0.00226	0.00544
49	0.01404	0.30109	0.13554	0.01019	0.03100	0.10300	0.01999	0.12674	0.01203	0.13283	0.00945	0.01017	0.00722	0.00545	0.02382	0.00140	0.03294	0.00342	0.01321	0.00646
50	0.01344	0.00890	0.01020	0.00863	0.01131	0.00948	0.00688	0.16163	0.32632	0.18804	0.16451	0.01974	0.01809	0.00673	0.00482	0.00149	0.00369	0.02430	0.00493	0.00686
51	0.00857	0.00546	0.00702	0.00624	0.00789	0.00492	0.00478	0.01088	0.03147	0.11660	0.59232	0.05350	0.04681	0.00855	0.00515	0.00140	0.00253	0.00749	0.00490	0.07353
52	0.01380	0.04631	0.14907	0.01287	0.01663	0.28001	0.19174	0.01705	0.05414	0.11279	0.02053	0.01247	0.00834	0.00498	0.00474	0.00140	0.01708	0.02700	0.00289	0.00615
53	0.05077	0.04676	0.02523	0.02077	0.10304	0.05433	0.08145	0.25815	0.04659	0.03061	0.01308	0.07926	0.02820	0.00603	0.00447	0.00140	0.00476	0.02349	0.11539	0.00623
54	0.01377	0.00794	0.03360	0.00857	0.02800	0.00769	0.00691	0.10865	0.02973	0.31711	0.08357	0.01683	0.01333	0.01216	0.17948	0.00269	0.04606	0.00485	0.07283	0.00624
55	0.00831	0.00729	0.02649	0.00782	0.00962	0.02911	0.06802	0.12525	0.03039	0.01509	0.05036	0.29881	0.26442	0.03000	0.00579	0.00168	0.00362	0.00910	0.00405	0.00477
56	0.07957	0.03467	0.06781	0.01245	0.11510	0.15209	0.05699	0.06321	0.04626	0.03787	0.00916	0.03466	0.00762	0.00498	0.00515	0.00129	0.08295	0.00380	0.00278	0.18160

[dist]
# distance from previous block
# <min> <max>
0	20

# created by:
# /st0/software/busco_prod/Augustus/scripts/msa2prfl.pl ./align_prep/118259.fa
