[name]
unknown

[dist]
# distance from previous block
# <min> <max>
0	55

[block]
# block no. 0 follows, 56 sequences, length 26
# corresponding to MSA columns:
# 55-80
name=unknown_A
#
# <colnr> <probs for GDERKNQSTAVLIFYWHMCP>
#	G	D	E	R	K	N	Q	S	T	A	V	L	I	F	Y	W	H	M	C	P
0	0.00740	0.00528	0.00740	0.00845	0.00951	0.00528	0.00740	0.00951	0.01057	0.01374	0.02431	0.05179	0.02642	0.01268	0.00634	0.00211	0.00423	0.77912	0.00423	0.00423
1	0.00952	0.00816	0.00952	0.00680	0.01088	0.00612	0.00544	0.01156	0.00952	0.01496	0.00816	0.00952	0.00680	0.00340	0.00340	0.00068	0.00340	0.00272	0.00272	0.86672
2	0.00577	0.00413	0.00535	0.00626	0.00659	0.00387	0.00421	0.00656	0.00873	0.01156	0.02516	0.68431	0.06515	0.09680	0.00762	0.00212	0.00289	0.04512	0.00411	0.00366
3	0.00570	0.00462	0.00486	0.00485	0.00627	0.00395	0.00362	0.00703	0.01072	0.01338	0.14784	0.06978	0.64504	0.01117	0.00535	0.00153	0.00231	0.00940	0.03862	0.00395
4	0.00584	0.00460	0.00528	0.00531	0.00654	0.00404	0.00394	0.00731	0.01110	0.01435	0.29699	0.13784	0.44351	0.01124	0.00549	0.00156	0.00235	0.02417	0.00453	0.00402
5	0.00574	0.00465	0.00513	0.00530	0.00662	0.00404	0.00401	0.00706	0.01058	0.01311	0.12523	0.12461	0.57468	0.01176	0.00555	0.00162	0.00251	0.07952	0.00435	0.00394
6	0.01150	0.00886	0.00954	0.00840	0.01078	0.00990	0.00657	0.11784	0.48740	0.04239	0.10848	0.01830	0.01626	0.00637	0.00456	0.00145	0.00346	0.00528	0.11604	0.00662
7	0.87108	0.00888	0.00675	0.00604	0.00888	0.01030	0.00497	0.01350	0.00781	0.02060	0.00639	0.00746	0.00497	0.00426	0.00284	0.00142	0.00355	0.00249	0.00284	0.00497
8	0.01959	0.00536	0.00603	0.00619	0.00722	0.01720	0.00444	0.00937	0.10008	0.01323	0.07667	0.27280	0.21197	0.09390	0.08416	0.00244	0.00381	0.00884	0.05247	0.00422
9	0.00952	0.00816	0.00952	0.00680	0.01088	0.00612	0.00544	0.01156	0.00952	0.01496	0.00816	0.00952	0.00680	0.00340	0.00340	0.00068	0.00340	0.00272	0.00272	0.86672
10	0.01497	0.00924	0.01007	0.00811	0.01085	0.03167	0.00656	0.35365	0.01586	0.18414	0.06703	0.01508	0.01193	0.00574	0.00427	0.00130	0.00394	0.00452	0.23452	0.00656
11	0.01678	0.01240	0.01327	0.01030	0.01382	0.01375	0.00846	0.71882	0.07490	0.02792	0.01166	0.01162	0.00835	0.00556	0.00456	0.00138	0.00487	0.00421	0.02970	0.00767
12	0.79638	0.00887	0.00702	0.00626	0.00904	0.01022	0.00512	0.05003	0.00850	0.02064	0.00736	0.04062	0.00612	0.00472	0.00304	0.00144	0.00359	0.00298	0.00298	0.00506
13	0.01136	0.01091	0.01863	0.02818	0.81002	0.01091	0.01409	0.01409	0.01045	0.01500	0.00864	0.01136	0.00727	0.00409	0.00455	0.00136	0.00545	0.00409	0.00227	0.00727
14	0.01276	0.01053	0.01113	0.00961	0.01245	0.01204	0.00759	0.19497	0.62897	0.02136	0.01699	0.01578	0.01264	0.00607	0.00465	0.00152	0.00395	0.00496	0.00465	0.00739
15	0.01108	0.00988	0.03012	0.03454	0.09283	0.01082	0.00818	0.06405	0.53776	0.01817	0.01719	0.06346	0.02880	0.00649	0.00500	0.00155	0.02755	0.00544	0.02027	0.00683
16	0.00858	0.00788	0.01322	0.76943	0.02983	0.00977	0.01214	0.01140	0.00915	0.01176	0.03099	0.01294	0.00726	0.00521	0.00518	0.03807	0.00592	0.00420	0.00212	0.00495
17	0.04168	0.00908	0.01095	0.00868	0.01201	0.00902	0.00708	0.17099	0.14783	0.48715	0.01644	0.01480	0.01096	0.00569	0.00454	0.00143	0.00403	0.00455	0.02553	0.00756
18	0.01069	0.02477	0.04707	0.09177	0.14534	0.10422	0.08576	0.06478	0.03159	0.05303	0.04050	0.16738	0.08061	0.02528	0.00532	0.00156	0.00507	0.00640	0.00326	0.00561
19	0.00986	0.01960	0.53816	0.04920	0.02138	0.01100	0.23541	0.03473	0.01030	0.01484	0.00860	0.01059	0.00620	0.00426	0.00468	0.00148	0.00698	0.00401	0.00212	0.00657
20	0.00555	0.00417	0.00514	0.00592	0.00653	0.00377	0.00405	0.00645	0.00925	0.01191	0.03111	0.61879	0.24349	0.01363	0.00574	0.00178	0.00257	0.01213	0.00426	0.00377
21	0.01150	0.01146	0.05807	0.07356	0.54327	0.01075	0.15068	0.01452	0.01055	0.05751	0.00921	0.01174	0.00730	0.00418	0.00470	0.00141	0.00588	0.00432	0.00243	0.00696
22	0.01183	0.13909	0.27186	0.02802	0.20124	0.03444	0.05060	0.10294	0.04414	0.04475	0.00947	0.02479	0.00742	0.00465	0.00432	0.00136	0.00577	0.00388	0.00264	0.00679
23	0.00693	0.00511	0.00682	0.00666	0.00708	0.00581	0.00476	0.00784	0.00711	0.01011	0.01279	0.02248	0.01327	0.37284	0.39820	0.00555	0.07302	0.00558	0.02443	0.00362
24	0.00644	0.00437	0.00515	0.00538	0.00546	0.00433	0.00319	0.00666	0.00715	0.00956	0.01673	0.20259	0.01947	0.63764	0.04351	0.00398	0.00430	0.00799	0.00309	0.00302
25	0.00989	0.01802	0.51755	0.04980	0.04372	0.00993	0.03567	0.04376	0.06258	0.04701	0.04354	0.04765	0.00986	0.00539	0.00458	0.00149	0.00586	0.02119	0.01601	0.00649

[dist]
# distance from previous block
# <min> <max>
3	7

[block]
# block no. 1 follows, 56 sequences, length 13
# corresponding to MSA columns:
# 88-100
name=unknown_B
#
# <colnr> <probs for GDERKNQSTAVLIFYWHMCP>
#	G	D	E	R	K	N	Q	S	T	A	V	L	I	F	Y	W	H	M	C	P
0	0.01127	0.01133	0.01695	0.11809	0.51193	0.08680	0.06174	0.01440	0.04978	0.01442	0.02490	0.01307	0.03547	0.00466	0.00462	0.00140	0.00569	0.00439	0.00249	0.00659
1	0.01130	0.03479	0.13097	0.07529	0.30172	0.06303	0.02826	0.06995	0.10113	0.03296	0.03997	0.04158	0.03812	0.00538	0.00460	0.00142	0.00532	0.00469	0.00295	0.00656
2	0.00638	0.00469	0.00598	0.00566	0.00679	0.00428	0.00424	0.00844	0.01272	0.01777	0.72620	0.03535	0.12511	0.00963	0.00542	0.00146	0.00218	0.00845	0.00497	0.00428
3	0.00941	0.03085	0.21719	0.01118	0.02668	0.02553	0.03701	0.03012	0.00899	0.01291	0.02940	0.01613	0.09057	0.05459	0.00998	0.00185	0.34245	0.01979	0.02004	0.00535
4	0.00629	0.00516	0.00601	0.00589	0.00706	0.00500	0.00443	0.00801	0.03739	0.01373	0.20813	0.13531	0.42255	0.03167	0.00662	0.00168	0.06272	0.02395	0.00425	0.00414
5	0.00582	0.00461	0.00524	0.00519	0.00647	0.00403	0.00385	0.00732	0.01123	0.01450	0.31712	0.10499	0.47124	0.01105	0.00546	0.00154	0.00230	0.00947	0.00455	0.00403
6	0.01686	0.03880	0.01389	0.01071	0.01403	0.14343	0.00873	0.60257	0.03802	0.02473	0.01027	0.01059	0.00754	0.00544	0.00482	0.00136	0.03299	0.00392	0.00407	0.00725
7	0.00966	0.14397	0.69859	0.01232	0.01868	0.01177	0.01562	0.01442	0.00964	0.01399	0.00797	0.00935	0.00583	0.00430	0.00415	0.00138	0.00651	0.00325	0.00194	0.00665
8	0.01293	0.06374	0.05766	0.03282	0.01305	0.36846	0.02915	0.07902	0.01183	0.01326	0.01234	0.05293	0.07210	0.02544	0.05715	0.00178	0.04489	0.00448	0.04169	0.00528
9	0.02995	0.33948	0.26501	0.03924	0.04810	0.04672	0.08063	0.04268	0.01023	0.01346	0.00914	0.01047	0.03753	0.00449	0.00393	0.00127	0.00581	0.00349	0.00223	0.00617
10	0.01201	0.00798	0.06235	0.00839	0.01102	0.00667	0.07679	0.04481	0.03284	0.26378	0.15724	0.07984	0.09479	0.03517	0.00556	0.00158	0.00385	0.02942	0.06009	0.00581
11	0.00580	0.00463	0.00496	0.00497	0.00630	0.00401	0.00368	0.00710	0.01058	0.01331	0.15747	0.06919	0.58388	0.05046	0.00623	0.00168	0.00245	0.02557	0.03382	0.00391
12	0.02993	0.00858	0.02899	0.08199	0.15464	0.00815	0.00811	0.09036	0.04890	0.14313	0.07507	0.04973	0.11097	0.00693	0.02241	0.00149	0.00428	0.00537	0.00373	0.11723

[dist]
# distance from previous block
# <min> <max>
0	2

[block]
# block no. 2 follows, 56 sequences, length 82
# corresponding to MSA columns:
# 103-184
name=unknown_C
#
# <colnr> <probs for GDERKNQSTAVLIFYWHMCP>
#	G	D	E	R	K	N	Q	S	T	A	V	L	I	F	Y	W	H	M	C	P
0	0.57200	0.03493	0.03905	0.00856	0.04844	0.14373	0.00673	0.03277	0.02225	0.01822	0.00758	0.02009	0.00625	0.00468	0.00337	0.00139	0.00461	0.01726	0.00279	0.00531
1	0.00664	0.00487	0.00595	0.00597	0.00651	0.00508	0.00405	0.00784	0.04183	0.01054	0.01928	0.10284	0.12246	0.40589	0.21276	0.00437	0.01931	0.00714	0.00311	0.00357
2	0.02795	0.32253	0.20580	0.01002	0.01409	0.06936	0.02643	0.06660	0.08289	0.04857	0.00937	0.03132	0.00764	0.00491	0.00434	0.00128	0.03970	0.00357	0.00266	0.02096
3	0.01101	0.01054	0.01799	0.13386	0.70712	0.01081	0.01391	0.01378	0.01029	0.01457	0.00857	0.01148	0.00712	0.00416	0.00455	0.00139	0.00554	0.00409	0.00224	0.00698
4	0.01678	0.04378	0.01326	0.01182	0.02805	0.73153	0.00882	0.01846	0.04280	0.03254	0.00783	0.00884	0.00639	0.00478	0.00415	0.00120	0.00784	0.00309	0.00253	0.00551
5	0.01233	0.07838	0.21467	0.01003	0.02524	0.05325	0.00962	0.14570	0.14217	0.10025	0.13088	0.01587	0.02994	0.00587	0.00454	0.00140	0.00482	0.00471	0.00375	0.00658
6	0.00693	0.00501	0.00640	0.00647	0.00707	0.00525	0.00455	0.00853	0.05173	0.02407	0.11586	0.23054	0.03859	0.25905	0.16681	0.00360	0.03418	0.01788	0.00354	0.00391
7	0.00668	0.00487	0.00670	0.00667	0.00729	0.00543	0.00486	0.00806	0.02190	0.01048	0.03179	0.02196	0.01382	0.27168	0.55004	0.00626	0.00957	0.00552	0.00266	0.00377
8	0.04147	0.00839	0.03294	0.02396	0.01130	0.03496	0.02049	0.12391	0.01258	0.32493	0.03607	0.18854	0.01612	0.04169	0.00571	0.00168	0.00414	0.06043	0.00456	0.00614
9	0.01294	0.64063	0.08393	0.00871	0.01277	0.04836	0.00868	0.09752	0.01088	0.02890	0.00728	0.00814	0.00620	0.00420	0.00331	0.00108	0.00518	0.00277	0.00233	0.00618
10	0.01677	0.01100	0.01232	0.00959	0.01303	0.01162	0.00790	0.54422	0.01841	0.17730	0.01385	0.01477	0.03155	0.02011	0.00496	0.00144	0.00464	0.03652	0.00466	0.04531
11	0.01224	0.01174	0.02020	0.03381	0.25730	0.05879	0.34059	0.05626	0.02739	0.07594	0.02526	0.01303	0.02233	0.00458	0.00510	0.00146	0.01977	0.00482	0.00281	0.00658
12	0.01171	0.01124	0.01831	0.02729	0.76957	0.03870	0.01379	0.01437	0.01059	0.02791	0.00874	0.01133	0.00729	0.00414	0.00453	0.00136	0.00553	0.00406	0.00233	0.00721
13	0.00921	0.02375	0.81487	0.01309	0.01987	0.01066	0.01696	0.01454	0.00969	0.01454	0.00824	0.00969	0.00582	0.00436	0.00436	0.00145	0.00678	0.00339	0.00194	0.00678
14	0.01136	0.01091	0.01863	0.02818	0.81002	0.01091	0.01409	0.01409	0.01045	0.01500	0.00864	0.01136	0.00727	0.00409	0.00455	0.00136	0.00545	0.00409	0.00227	0.00727
15	0.03109	0.04574	0.16416	0.05535	0.01462	0.00969	0.10019	0.05825	0.02351	0.08546	0.07422	0.10100	0.04649	0.00703	0.00634	0.00158	0.12612	0.02795	0.01551	0.00571
16	0.02006	0.00480	0.00540	0.00530	0.00664	0.00430	0.00395	0.00783	0.02787	0.01486	0.32525	0.08825	0.44767	0.01074	0.00539	0.00153	0.00233	0.00917	0.00454	0.00412
17	0.00867	0.00816	0.01377	0.82762	0.03162	0.01020	0.01275	0.01173	0.00918	0.01173	0.00816	0.01224	0.00612	0.00459	0.00459	0.00153	0.00612	0.00408	0.00204	0.00510
18	0.37773	0.01091	0.01051	0.00846	0.01174	0.02944	0.00696	0.37690	0.01481	0.09757	0.00964	0.00989	0.00690	0.00498	0.00385	0.00140	0.00438	0.00346	0.00391	0.00656
19	0.01028	0.27788	0.03044	0.00918	0.08387	0.02213	0.00706	0.08396	0.01093	0.03842	0.04996	0.11331	0.14704	0.00864	0.04897	0.00165	0.00450	0.00577	0.04057	0.00544
20	0.00563	0.00425	0.00522	0.00589	0.00659	0.00384	0.00410	0.00665	0.00957	0.01238	0.08232	0.54303	0.25484	0.01324	0.00571	0.00175	0.00256	0.02430	0.00431	0.00382
21	0.01111	0.01064	0.01801	0.06109	0.72778	0.01090	0.01373	0.01377	0.01026	0.01467	0.00882	0.01216	0.00756	0.00445	0.00502	0.00141	0.03968	0.01963	0.00229	0.00703
22	0.01754	0.01272	0.01369	0.01050	0.01417	0.01403	0.00867	0.77330	0.02135	0.05067	0.01122	0.01115	0.00791	0.00552	0.00459	0.00138	0.00502	0.00415	0.00462	0.00781
23	0.01169	0.13255	0.43524	0.03060	0.01712	0.13821	0.02795	0.03237	0.02694	0.05413	0.00876	0.01036	0.00667	0.00473	0.00456	0.00138	0.03357	0.01446	0.00236	0.00637
24	0.01228	0.00662	0.00837	0.00711	0.00928	0.00625	0.00560	0.07261	0.05583	0.28581	0.36189	0.03872	0.06256	0.02739	0.00549	0.00153	0.00315	0.01858	0.00509	0.00585
25	0.03063	0.00756	0.01279	0.01060	0.01275	0.00730	0.25264	0.03782	0.06462	0.01421	0.03663	0.36895	0.10475	0.00955	0.00546	0.00167	0.00439	0.00907	0.00367	0.00495
26	0.00911	0.00862	0.01452	0.68740	0.15042	0.01039	0.01290	0.01208	0.00933	0.01222	0.00819	0.01206	0.00629	0.00459	0.00481	0.00151	0.02397	0.00408	0.00207	0.00543
27	0.00750	0.00628	0.00862	0.02081	0.06062	0.02848	0.04832	0.04118	0.02617	0.01314	0.03963	0.56264	0.03548	0.01171	0.00604	0.00176	0.04236	0.03090	0.00388	0.00449
28	0.00569	0.00439	0.00572	0.00627	0.00699	0.00397	0.02464	0.00666	0.00928	0.01198	0.03047	0.60568	0.23466	0.01338	0.00573	0.00177	0.00271	0.01197	0.00421	0.00383
29	0.10208	0.12266	0.03260	0.02458	0.01359	0.35880	0.02381	0.10263	0.14794	0.01558	0.00944	0.01008	0.00743	0.00489	0.00403	0.00129	0.00613	0.00343	0.00298	0.00601
30	0.03116	0.03299	0.01432	0.03180	0.28158	0.01001	0.04986	0.11856	0.08979	0.01710	0.02067	0.02885	0.03149	0.00480	0.00430	0.00124	0.00460	0.00424	0.00306	0.21957
31	0.07061	0.22540	0.16376	0.06985	0.08831	0.15295	0.01048	0.01553	0.08277	0.02585	0.00848	0.00983	0.00680	0.00468	0.00446	0.00132	0.04706	0.00335	0.00243	0.00608
32	0.03840	0.35932	0.04658	0.01061	0.04768	0.30986	0.00881	0.08925	0.02701	0.01342	0.00748	0.00849	0.00627	0.00445	0.00369	0.00115	0.00618	0.00295	0.00245	0.00596
33	0.00633	0.00470	0.00592	0.00586	0.00688	0.00436	0.00430	0.00841	0.03394	0.01641	0.54200	0.18875	0.13394	0.01053	0.00548	0.00154	0.00232	0.00930	0.00479	0.00424
34	0.00636	0.00463	0.00595	0.00596	0.00688	0.00430	0.00433	0.02041	0.01183	0.01639	0.53581	0.25490	0.08337	0.01083	0.00552	0.00156	0.00236	0.00962	0.00478	0.00419
35	0.00545	0.00465	0.00468	0.00467	0.00621	0.00388	0.00350	0.00663	0.01051	0.01251	0.06067	0.04400	0.79392	0.01159	0.00543	0.00155	0.00232	0.00966	0.00428	0.00388
36	0.00579	0.00429	0.00530	0.00594	0.00657	0.00393	0.00412	0.00676	0.00937	0.01219	0.08083	0.50039	0.20793	0.07854	0.00714	0.00198	0.00277	0.04821	0.00420	0.00375
37	0.01227	0.84142	0.02406	0.00786	0.01178	0.01817	0.00786	0.01375	0.00933	0.01080	0.00638	0.00736	0.00589	0.00393	0.00295	0.00098	0.00491	0.00245	0.00196	0.00589
38	0.38663	0.00896	0.00940	0.00758	0.01084	0.00930	0.00625	0.12388	0.01200	0.36472	0.01210	0.01148	0.00812	0.00505	0.00385	0.00141	0.00391	0.00363	0.00431	0.00659
39	0.31161	0.00930	0.00931	0.00804	0.01064	0.01028	0.00646	0.30184	0.03786	0.03685	0.01304	0.16116	0.01211	0.00707	0.00430	0.00152	0.00399	0.04478	0.00393	0.00588
40	0.01715	0.02188	0.01301	0.01183	0.01419	0.82022	0.00887	0.01833	0.01301	0.01124	0.00710	0.00828	0.00591	0.00473	0.00414	0.00118	0.00828	0.00296	0.00237	0.00532
41	0.00656	0.00490	0.00728	0.00728	0.00807	0.00569	0.00562	0.00813	0.00735	0.01058	0.01239	0.01853	0.01169	0.06780	0.78739	0.00726	0.01197	0.00499	0.00247	0.00404
42	0.00543	0.00465	0.00465	0.00465	0.00620	0.00388	0.00349	0.00659	0.01046	0.01240	0.04651	0.04418	0.80815	0.01163	0.00543	0.00155	0.00233	0.00969	0.00426	0.00388
43	0.01136	0.01091	0.01863	0.02818	0.81002	0.01091	0.01409	0.01409	0.01045	0.01500	0.00864	0.01136	0.00727	0.00409	0.00455	0.00136	0.00545	0.00409	0.00227	0.00727
44	0.87108	0.00888	0.00675	0.00604	0.00888	0.01030	0.00497	0.01350	0.00781	0.02060	0.00639	0.00746	0.00497	0.00426	0.00284	0.00142	0.00355	0.00249	0.00284	0.00497
45	0.00686	0.00512	0.00737	0.00726	0.00804	0.00592	0.00555	0.02437	0.00759	0.01085	0.01240	0.01909	0.01189	0.12316	0.70022	0.00683	0.02584	0.00508	0.00253	0.00405
46	0.00867	0.00816	0.01377	0.82762	0.03162	0.01020	0.01275	0.01173	0.00918	0.01173	0.00816	0.01224	0.00612	0.00459	0.00459	0.00153	0.00612	0.00408	0.00204	0.00510
47	0.00656	0.00492	0.00738	0.00738	0.00820	0.00574	0.00574	0.00820	0.00738	0.01066	0.01230	0.01804	0.01148	0.03443	0.82046	0.00738	0.01230	0.00492	0.00246	0.00410
48	0.00921	0.02375	0.81487	0.01309	0.01987	0.01066	0.01696	0.01454	0.00969	0.01454	0.00824	0.00969	0.00582	0.00436	0.00436	0.00145	0.00678	0.00339	0.00194	0.00678
49	0.00562	0.00420	0.00524	0.00602	0.00663	0.00382	0.00417	0.00657	0.00932	0.01205	0.04316	0.60742	0.21971	0.01358	0.00576	0.00179	0.00262	0.03428	0.00427	0.00379
50	0.00658	0.00484	0.00698	0.00698	0.00766	0.00552	0.00524	0.00794	0.00726	0.01036	0.01266	0.02005	0.01235	0.16911	0.68698	0.00689	0.01098	0.00521	0.00251	0.00388
51	0.00856	0.00428	0.00428	0.00428	0.00535	0.00428	0.00321	0.01070	0.00963	0.01712	0.01498	0.01712	0.01177	0.00535	0.00321	0.00107	0.00214	0.00428	0.86414	0.00428
52	0.07931	0.00722	0.00933	0.00815	0.01065	0.00694	0.02699	0.04842	0.05170	0.35328	0.04028	0.07330	0.04694	0.00806	0.00502	0.00162	0.00388	0.19106	0.02174	0.00611
53	0.01550	0.01142	0.01234	0.00995	0.01323	0.01269	0.00806	0.46300	0.30169	0.08082	0.01428	0.01354	0.01029	0.00578	0.00462	0.00145	0.00446	0.00455	0.00470	0.00761
54	0.01136	0.01091	0.01863	0.02818	0.81002	0.01091	0.01409	0.01409	0.01045	0.01500	0.00864	0.01136	0.00727	0.00409	0.00455	0.00136	0.00545	0.00409	0.00227	0.00727
55	0.06127	0.01045	0.04587	0.00954	0.01254	0.07506	0.06193	0.19443	0.02584	0.26269	0.02974	0.16279	0.01330	0.00697	0.00476	0.00149	0.00463	0.00587	0.00433	0.00648
56	0.03569	0.01020	0.00986	0.00860	0.01079	0.16581	0.00673	0.15338	0.01256	0.16348	0.05419	0.04989	0.03436	0.03147	0.20902	0.00294	0.00684	0.00494	0.02356	0.00568
57	0.02886	0.01042	0.02945	0.24623	0.49862	0.01091	0.03508	0.04579	0.01045	0.01472	0.00853	0.01149	0.00688	0.00435	0.00472	0.00143	0.01913	0.00408	0.00231	0.00657
58	0.01350	0.01050	0.01094	0.00922	0.01204	0.03441	0.00734	0.28716	0.38856	0.04820	0.03651	0.01567	0.02684	0.00604	0.00455	0.00144	0.00408	0.00484	0.07112	0.00704
59	0.01076	0.00907	0.00988	0.00837	0.01137	0.00940	0.00655	0.01969	0.51282	0.03272	0.01639	0.02932	0.03408	0.00565	0.00433	0.00130	0.00352	0.00469	0.00408	0.26602
60	0.01086	0.01232	0.02674	0.01972	0.05661	0.01158	0.76101	0.01468	0.01082	0.01472	0.00926	0.01234	0.00698	0.00388	0.00538	0.00154	0.00765	0.00536	0.00232	0.00624
61	0.00824	0.00430	0.00449	0.00450	0.00554	0.00426	0.00336	0.01033	0.00989	0.01699	0.08603	0.05452	0.01539	0.00610	0.00352	0.00114	0.00216	0.00502	0.74993	0.00426
62	0.01123	0.00957	0.01012	0.00916	0.01165	0.01103	0.00710	0.03598	0.74277	0.01902	0.01877	0.05099	0.01455	0.00654	0.00469	0.00156	0.00359	0.00548	0.01911	0.00708
63	0.00593	0.00452	0.00545	0.00554	0.00659	0.00404	0.00403	0.00744	0.01117	0.01484	0.37068	0.22507	0.29544	0.01130	0.00552	0.00158	0.00234	0.00988	0.00460	0.00404
64	0.00820	0.00972	0.13976	0.00981	0.01140	0.00892	0.04876	0.01008	0.00804	0.01173	0.04375	0.06659	0.01199	0.14023	0.20343	0.00350	0.25156	0.00534	0.00250	0.00470
65	0.00931	0.00575	0.00595	0.00565	0.00715	0.00609	0.00431	0.01414	0.20826	0.02866	0.03744	0.01822	0.03301	0.00584	0.00371	0.00122	0.00254	0.00475	0.59292	0.00507
66	0.07382	0.26791	0.10943	0.00897	0.01236	0.05791	0.08495	0.01334	0.01013	0.07785	0.03035	0.05796	0.10034	0.00583	0.00406	0.00130	0.00475	0.00470	0.06846	0.00558
67	0.02711	0.00530	0.00605	0.05054	0.00833	0.00500	0.00459	0.02310	0.04434	0.03623	0.12419	0.16442	0.44490	0.01061	0.00527	0.00157	0.00274	0.00904	0.02232	0.00433
68	0.03308	0.06601	0.01297	0.00944	0.01301	0.16218	0.05440	0.16166	0.07017	0.01705	0.00918	0.01011	0.00726	0.00434	0.00394	0.00106	0.00501	0.00335	0.00308	0.35272
69	0.00928	0.00971	0.10006	0.09867	0.12985	0.01874	0.04672	0.04848	0.05724	0.03721	0.13734	0.03732	0.14415	0.00828	0.04517	0.00177	0.03870	0.00589	0.00335	0.02208
70	0.03201	0.13228	0.55127	0.01193	0.01760	0.04695	0.03516	0.02533	0.06058	0.03294	0.00885	0.00996	0.00652	0.00447	0.00418	0.00138	0.00625	0.00343	0.00229	0.00661
71	0.00965	0.01328	0.23874	0.11195	0.07716	0.01050	0.12125	0.01357	0.06378	0.02702	0.04448	0.03643	0.02262	0.00635	0.02159	0.00169	0.14547	0.01374	0.01479	0.00593
72	0.03346	0.00783	0.01034	0.00812	0.01144	0.00702	0.00668	0.05152	0.02912	0.69354	0.01792	0.03677	0.01205	0.00605	0.00463	0.00144	0.00388	0.02501	0.02571	0.00748
73	0.00813	0.00464	0.00708	0.03499	0.04900	0.00480	0.00497	0.00674	0.00646	0.00869	0.00864	0.04545	0.00869	0.01469	0.01625	0.73713	0.02469	0.00435	0.00210	0.00252
74	0.02466	0.02690	0.23532	0.02596	0.05745	0.05187	0.07567	0.11177	0.06209	0.01593	0.02871	0.19455	0.01394	0.00732	0.00491	0.00156	0.00523	0.04701	0.00323	0.00592
75	0.00771	0.01556	0.00649	0.02238	0.00698	0.00473	0.01798	0.00756	0.00740	0.04307	0.01433	0.16398	0.01563	0.31496	0.02956	0.27288	0.00415	0.02266	0.01883	0.00314
76	0.01715	0.02188	0.01301	0.01183	0.01419	0.82022	0.00887	0.01833	0.01301	0.01124	0.00710	0.00828	0.00591	0.00473	0.00414	0.00118	0.00828	0.00296	0.00237	0.00532
77	0.02153	0.05556	0.35575	0.03362	0.06352	0.05589	0.08181	0.04357	0.03669	0.01494	0.04405	0.08939	0.02360	0.00573	0.00453	0.00144	0.00564	0.00490	0.05179	0.00604
78	0.03057	0.05084	0.03016	0.05141	0.27790	0.11732	0.17567	0.12191	0.02625	0.03133	0.00963	0.02319	0.00782	0.00473	0.00463	0.00140	0.00611	0.01980	0.00277	0.00656
79	0.00873	0.00826	0.01415	0.74335	0.04862	0.01005	0.04645	0.01172	0.00923	0.01188	0.00865	0.02723	0.00682	0.02059	0.00500	0.00159	0.00608	0.00435	0.00211	0.00513
80	0.01059	0.05020	0.13259	0.00953	0.03752	0.05100	0.03930	0.02833	0.13519	0.05361	0.05681	0.03819	0.04551	0.00533	0.00422	0.00120	0.00439	0.00443	0.02608	0.26596
81	0.06349	0.19292	0.29377	0.01113	0.04669	0.04754	0.03263	0.10521	0.05970	0.03986	0.01053	0.01132	0.03918	0.00482	0.00407	0.00132	0.00550	0.00368	0.00274	0.02393

[dist]
# distance from previous block
# <min> <max>
0	18

[block]
# block no. 3 follows, 56 sequences, length 13
# corresponding to MSA columns:
# 205-217
name=unknown_D
#
# <colnr> <probs for GDERKNQSTAVLIFYWHMCP>
#	G	D	E	R	K	N	Q	S	T	A	V	L	I	F	Y	W	H	M	C	P
0	0.10571	0.05773	0.08770	0.00997	0.01324	0.12206	0.06049	0.20073	0.10495	0.04161	0.06417	0.02847	0.01072	0.00605	0.02144	0.00149	0.00526	0.00430	0.03238	0.02154
1	0.00901	0.13253	0.51039	0.01086	0.01599	0.01032	0.03245	0.01302	0.01021	0.01445	0.12809	0.01545	0.06719	0.00553	0.00442	0.00140	0.00556	0.00447	0.00257	0.00608
2	0.01064	0.00980	0.01625	0.21455	0.30137	0.00997	0.11714	0.03062	0.05041	0.03613	0.02805	0.01238	0.00819	0.00439	0.00454	0.00134	0.00541	0.00424	0.00262	0.13198
3	0.00673	0.00514	0.00757	0.00747	0.00821	0.00606	0.00578	0.00825	0.00732	0.01058	0.01212	0.01832	0.01150	0.07751	0.73811	0.00696	0.05087	0.00497	0.00246	0.00407
4	0.01320	0.14552	0.03076	0.00961	0.01266	0.11396	0.02657	0.22164	0.24695	0.01885	0.06831	0.01492	0.04571	0.00584	0.00440	0.00136	0.00480	0.00457	0.00382	0.00656
5	0.01000	0.09443	0.12136	0.39254	0.18795	0.02790	0.07603	0.01316	0.00974	0.01291	0.00816	0.01117	0.00636	0.00434	0.00444	0.00143	0.00612	0.00392	0.00210	0.00594
6	0.02485	0.15842	0.47422	0.01227	0.05806	0.02956	0.03177	0.03350	0.01026	0.07058	0.00867	0.00982	0.00641	0.00434	0.00410	0.00132	0.00599	0.00336	0.00236	0.05013
7	0.00871	0.00635	0.00716	0.00660	0.00845	0.00634	0.00510	0.01347	0.22843	0.08096	0.23630	0.03134	0.28590	0.00894	0.00512	0.00151	0.00281	0.02536	0.02589	0.00526
8	0.00673	0.00472	0.00563	0.00564	0.00570	0.00494	0.00346	0.00694	0.00697	0.00942	0.01523	0.12562	0.01757	0.66608	0.04801	0.00410	0.05003	0.00724	0.00291	0.00306
9	0.01229	0.58262	0.15866	0.00975	0.03717	0.06702	0.00971	0.05364	0.01028	0.01251	0.00705	0.00813	0.00602	0.00414	0.00340	0.00111	0.00547	0.00278	0.00213	0.00615
10	0.11584	0.03665	0.01088	0.00808	0.01157	0.00804	0.00672	0.07286	0.01298	0.64408	0.01592	0.01412	0.01022	0.00545	0.00436	0.00140	0.00398	0.00427	0.00516	0.00743
11	0.00559	0.00400	0.00533	0.00639	0.00666	0.00373	0.00426	0.00639	0.00879	0.01172	0.02530	0.83566	0.03036	0.01438	0.00586	0.00186	0.00266	0.01305	0.00426	0.00373
12	0.00753	0.00533	0.00634	0.00610	0.00723	0.00541	0.00457	0.02846	0.07451	0.01581	0.28035	0.12044	0.13808	0.00989	0.01957	0.05134	0.03740	0.00744	0.16983	0.00440

[dist]
# distance from previous block
# <min> <max>
0	1

[block]
# block no. 4 follows, 56 sequences, length 48
# corresponding to MSA columns:
# 219-266
name=unknown_E
#
# <colnr> <probs for GDERKNQSTAVLIFYWHMCP>
#	G	D	E	R	K	N	Q	S	T	A	V	L	I	F	Y	W	H	M	C	P
0	0.00811	0.00619	0.00899	0.00891	0.01027	0.01845	0.07764	0.02712	0.03140	0.03872	0.03611	0.24337	0.02425	0.02775	0.00628	0.00197	0.00417	0.41166	0.00409	0.00454
1	0.00867	0.00816	0.01377	0.82762	0.03162	0.01020	0.01275	0.01173	0.00918	0.01173	0.00816	0.01224	0.00612	0.00459	0.00459	0.00153	0.00612	0.00408	0.00204	0.00510
2	0.00667	0.00489	0.00682	0.00677	0.00733	0.00554	0.00495	0.00781	0.00716	0.01014	0.01281	0.02145	0.01292	0.27414	0.56472	0.00639	0.02781	0.00542	0.00255	0.00373
3	0.00921	0.02375	0.81487	0.01309	0.01987	0.01066	0.01696	0.01454	0.00969	0.01454	0.00824	0.00969	0.00582	0.00436	0.00436	0.00145	0.00678	0.00339	0.00194	0.00678
4	0.01199	0.08474	0.34314	0.00992	0.01462	0.00950	0.01077	0.01629	0.08732	0.19485	0.01419	0.01458	0.06312	0.00534	0.00434	0.00136	0.00500	0.01664	0.00332	0.08897
5	0.00952	0.00816	0.00952	0.00680	0.01088	0.00612	0.00544	0.01156	0.00952	0.01496	0.00816	0.00952	0.00680	0.00340	0.00340	0.00068	0.00340	0.00272	0.00272	0.86672
6	0.01207	0.41762	0.11100	0.01004	0.01359	0.16480	0.06029	0.01405	0.01010	0.01174	0.00974	0.01146	0.05630	0.00504	0.00451	0.00124	0.06005	0.01844	0.00225	0.00569
7	0.23493	0.01203	0.01216	0.02631	0.02552	0.09064	0.03128	0.34717	0.03553	0.05928	0.00944	0.01021	0.00702	0.00526	0.00499	0.00144	0.07303	0.00368	0.00361	0.00649
8	0.02845	0.03684	0.01544	0.19495	0.28065	0.19783	0.03667	0.03954	0.08089	0.03167	0.00926	0.01128	0.00732	0.00461	0.00443	0.00137	0.00607	0.00390	0.00260	0.00626
9	0.01643	0.01988	0.01264	0.01173	0.03670	0.69616	0.00864	0.06290	0.01321	0.01276	0.00789	0.00911	0.00645	0.00480	0.00412	0.00119	0.00761	0.00315	0.05918	0.00545
10	0.00867	0.00816	0.01377	0.82762	0.03162	0.01020	0.01275	0.01173	0.00918	0.01173	0.00816	0.01224	0.00612	0.00459	0.00459	0.00153	0.00612	0.00408	0.00204	0.00510
11	0.00797	0.00399	0.00598	0.00598	0.00598	0.00399	0.00399	0.00598	0.00598	0.00797	0.00797	0.01396	0.00797	0.01595	0.01794	0.86643	0.00399	0.00399	0.00199	0.00199
12	0.01227	0.84142	0.02406	0.00786	0.01178	0.01817	0.00786	0.01375	0.00933	0.01080	0.00638	0.00736	0.00589	0.00393	0.00295	0.00098	0.00491	0.00245	0.00196	0.00589
13	0.01672	0.01174	0.01302	0.01009	0.01353	0.02488	0.02758	0.60973	0.02948	0.10816	0.01251	0.01249	0.02063	0.00609	0.01913	0.00148	0.00498	0.00432	0.04601	0.00743
14	0.00952	0.00816	0.00952	0.00680	0.01088	0.00612	0.00544	0.01156	0.00952	0.01496	0.00816	0.00952	0.00680	0.00340	0.00340	0.00068	0.00340	0.00272	0.00272	0.86672
15	0.00561	0.00403	0.00536	0.00638	0.00669	0.00378	0.00428	0.00644	0.00879	0.01171	0.02549	0.79637	0.04856	0.01481	0.02607	0.00199	0.00289	0.01277	0.00422	0.00374
16	0.00659	0.00461	0.00538	0.00540	0.00576	0.00457	0.00340	0.00728	0.02087	0.01057	0.09031	0.06634	0.08857	0.57346	0.06988	0.00390	0.00446	0.02218	0.00322	0.00325
17	0.01089	0.00794	0.00883	0.00789	0.00995	0.03281	0.00615	0.07689	0.28084	0.10332	0.22819	0.04347	0.04474	0.02792	0.03940	0.00181	0.00383	0.03393	0.02525	0.00592
18	0.00767	0.00536	0.00655	0.00627	0.00760	0.00511	0.00468	0.04089	0.05742	0.06219	0.37966	0.19037	0.17021	0.01074	0.02262	0.00167	0.00281	0.00885	0.00470	0.00464
19	0.00878	0.00782	0.01197	0.01009	0.01192	0.02796	0.19818	0.03888	0.11225	0.01342	0.01624	0.18481	0.01660	0.21297	0.04701	0.00262	0.00525	0.06507	0.00336	0.00480
20	0.01087	0.02650	0.02886	0.00764	0.01129	0.02081	0.01883	0.04310	0.04029	0.09207	0.02872	0.03731	0.03286	0.00468	0.00410	0.00097	0.02176	0.00378	0.00323	0.56233
21	0.08318	0.22672	0.33788	0.01132	0.04837	0.09182	0.01169	0.04932	0.03981	0.02861	0.00815	0.00930	0.00633	0.00450	0.00415	0.00131	0.02565	0.00320	0.00236	0.00632
22	0.01199	0.59560	0.11832	0.02548	0.01403	0.01628	0.05587	0.06055	0.02331	0.01273	0.00729	0.00848	0.00620	0.00421	0.00369	0.00114	0.02357	0.00296	0.00219	0.00612
23	0.01148	0.11070	0.19760	0.01364	0.15244	0.05282	0.04957	0.10289	0.12426	0.01629	0.02334	0.02638	0.02982	0.00503	0.00434	0.00134	0.00533	0.00418	0.00293	0.06565
24	0.00600	0.00446	0.00564	0.00643	0.00701	0.00425	0.00446	0.00762	0.05407	0.01254	0.05775	0.65477	0.10667	0.01340	0.00575	0.00181	0.00272	0.03635	0.00432	0.00398
25	0.01102	0.24951	0.07579	0.02853	0.05338	0.08738	0.06085	0.01348	0.02724	0.01328	0.00939	0.01241	0.01798	0.00459	0.00387	0.00110	0.00504	0.05194	0.00250	0.27070
26	0.13098	0.00591	0.00687	0.00730	0.04836	0.00620	0.00492	0.01027	0.05506	0.03840	0.07360	0.17664	0.01830	0.23175	0.03608	0.00252	0.02028	0.03751	0.08476	0.00432
27	0.02458	0.21378	0.38945	0.01230	0.04847	0.07136	0.07213	0.04464	0.01045	0.03171	0.00840	0.02358	0.00661	0.00447	0.00410	0.00132	0.00616	0.00352	0.00227	0.02072
28	0.06346	0.19905	0.26698	0.01078	0.04346	0.03418	0.02732	0.04491	0.03703	0.19951	0.01041	0.01080	0.00750	0.00473	0.00426	0.00134	0.02091	0.00357	0.00308	0.00670
29	0.00552	0.00465	0.00480	0.00487	0.00634	0.00393	0.00366	0.00673	0.01047	0.01258	0.06481	0.07238	0.73526	0.01170	0.00547	0.00158	0.00239	0.03467	0.00428	0.00389
30	0.00804	0.00580	0.00801	0.03261	0.00919	0.00659	0.00598	0.05405	0.02682	0.03956	0.01290	0.01988	0.01217	0.13348	0.52341	0.02197	0.03752	0.03484	0.00282	0.00437
31	0.02991	0.11155	0.06049	0.04749	0.20967	0.11884	0.02898	0.16573	0.02852	0.08436	0.00972	0.01096	0.00746	0.00480	0.00456	0.00133	0.03012	0.00379	0.03509	0.00664
32	0.03453	0.02577	0.01072	0.00845	0.01136	0.03878	0.00685	0.23968	0.05028	0.31262	0.08809	0.03120	0.01337	0.00743	0.04386	0.00167	0.00450	0.00485	0.05919	0.00679
33	0.00564	0.00407	0.00534	0.00627	0.00665	0.00377	0.00423	0.00653	0.00911	0.01213	0.07064	0.75125	0.06946	0.01396	0.00581	0.00183	0.00262	0.01262	0.00431	0.00377
34	0.00650	0.00463	0.00608	0.00616	0.00659	0.00495	0.00424	0.00733	0.00726	0.01000	0.01525	0.08647	0.03836	0.39277	0.37743	0.00548	0.00776	0.00646	0.00279	0.00347
35	0.02775	0.10981	0.38572	0.01347	0.12181	0.10142	0.01273	0.04456	0.02766	0.01440	0.00932	0.05709	0.00780	0.00508	0.00450	0.00139	0.02509	0.00397	0.02010	0.00633
36	0.05254	0.00985	0.01374	0.16020	0.28644	0.04768	0.02975	0.11040	0.03714	0.02927	0.14795	0.01599	0.02830	0.00554	0.00465	0.00142	0.00491	0.00487	0.00320	0.00616
37	0.03115	0.02231	0.03420	0.02342	0.59392	0.02554	0.05916	0.01479	0.01068	0.09294	0.01042	0.01240	0.02753	0.00443	0.00454	0.00137	0.00536	0.00425	0.00267	0.01893
38	0.01234	0.00786	0.00965	0.02537	0.01127	0.00645	0.00594	0.04244	0.01088	0.22592	0.01305	0.07003	0.02969	0.00508	0.00401	0.00102	0.00358	0.00420	0.00370	0.50751
39	0.00891	0.00750	0.00886	0.00670	0.01019	0.00575	0.00525	0.01081	0.00959	0.01473	0.04686	0.10983	0.01130	0.00499	0.00379	0.00086	0.00325	0.00422	0.00301	0.72359
40	0.01040	0.00942	0.01386	0.01663	0.36575	0.00854	0.02610	0.02754	0.02772	0.01550	0.04983	0.01187	0.00907	0.00413	0.00411	0.00107	0.00438	0.00375	0.00271	0.38763
41	0.01066	0.00853	0.01034	0.00746	0.01150	0.00678	0.02856	0.05664	0.01046	0.06313	0.00895	0.01005	0.00713	0.00367	0.00360	0.00079	0.00365	0.00299	0.00299	0.74214
42	0.01715	0.02188	0.01301	0.01183	0.01419	0.82022	0.00887	0.01833	0.01301	0.01124	0.00710	0.00828	0.00591	0.00473	0.00414	0.00118	0.00828	0.00296	0.00237	0.00532
43	0.00867	0.00831	0.01578	0.01385	0.07420	0.00792	0.32873	0.01124	0.01028	0.01376	0.01768	0.20246	0.03443	0.00878	0.00571	0.00176	0.00538	0.22260	0.00331	0.00514
44	0.01752	0.01275	0.01371	0.01051	0.01418	0.01407	0.00868	0.77753	0.02140	0.04637	0.01118	0.01112	0.00789	0.00551	0.00459	0.00138	0.00503	0.00414	0.00462	0.00781
45	0.01142	0.00986	0.01038	0.00934	0.01194	0.01142	0.00727	0.02440	0.80172	0.01920	0.01869	0.01713	0.01401	0.00623	0.00467	0.00156	0.00363	0.00519	0.00467	0.00727
46	0.01029	0.01153	0.02481	0.01795	0.02218	0.01082	0.70993	0.01387	0.01064	0.01439	0.01139	0.06008	0.03290	0.00527	0.02050	0.00167	0.00737	0.00597	0.00249	0.00594
47	0.01420	0.01509	0.01063	0.00955	0.01171	0.44212	0.00729	0.11058	0.05743	0.01504	0.01118	0.01242	0.02934	0.00690	0.05029	0.00156	0.00644	0.00379	0.17905	0.00541

[dist]
# distance from previous block
# <min> <max>
0	45

[block]
# block no. 5 follows, 56 sequences, length 7
# corresponding to MSA columns:
# 312-318
name=unknown_F
#
# <colnr> <probs for GDERKNQSTAVLIFYWHMCP>
#	G	D	E	R	K	N	Q	S	T	A	V	L	I	F	Y	W	H	M	C	P
0	0.01196	0.00840	0.01245	0.00948	0.01289	0.00737	0.15131	0.03299	0.05346	0.19978	0.04554	0.08594	0.05011	0.00579	0.00454	0.00125	0.00421	0.00527	0.00378	0.29349
1	0.01090	0.00831	0.01066	0.04887	0.01262	0.00665	0.04128	0.01305	0.01001	0.11341	0.00944	0.01054	0.00734	0.00376	0.00370	0.00085	0.00379	0.00314	0.00303	0.67865
2	0.00747	0.00508	0.00645	0.00658	0.00771	0.00464	0.00469	0.00926	0.04942	0.07244	0.12336	0.52863	0.05204	0.01157	0.00540	0.00164	0.00280	0.01034	0.00434	0.08613
3	0.04735	0.01177	0.01257	0.01041	0.03043	0.08560	0.04708	0.35287	0.17153	0.10519	0.01287	0.01281	0.00934	0.00543	0.00445	0.00139	0.00484	0.00430	0.06274	0.00704
4	0.07933	0.05615	0.08896	0.00974	0.01361	0.01218	0.00868	0.43512	0.04995	0.14906	0.01150	0.01137	0.00809	0.00520	0.00431	0.00135	0.00479	0.00392	0.00417	0.04252
5	0.03730	0.01133	0.01188	0.01137	0.08810	0.08171	0.00820	0.15100	0.45010	0.07615	0.01507	0.01442	0.01120	0.00568	0.00455	0.00146	0.00446	0.00460	0.00425	0.00716
6	0.01625	0.01939	0.01264	0.01135	0.01383	0.64010	0.00860	0.06766	0.14025	0.01362	0.00920	0.00987	0.00733	0.00502	0.00425	0.00126	0.00733	0.00339	0.00287	0.00579

[dist]
# distance from previous block
# <min> <max>
0	1

[block]
# block no. 6 follows, 56 sequences, length 25
# corresponding to MSA columns:
# 320-339,343-347
name=unknown_G
#
# <colnr> <probs for GDERKNQSTAVLIFYWHMCP>
#	G	D	E	R	K	N	Q	S	T	A	V	L	I	F	Y	W	H	M	C	P
0	0.00563	0.00406	0.00534	0.00628	0.00665	0.00377	0.00423	0.00651	0.00907	0.01208	0.06439	0.76009	0.06690	0.01401	0.00582	0.00183	0.00262	0.01266	0.00430	0.00377
1	0.00719	0.00578	0.00825	0.00775	0.00854	0.02164	0.04173	0.00851	0.00746	0.01048	0.01219	0.01987	0.01204	0.21519	0.53714	0.00600	0.05852	0.00525	0.00250	0.00397
2	0.01063	0.26070	0.54786	0.01134	0.01714	0.01266	0.01384	0.01467	0.00975	0.05032	0.00816	0.00929	0.00609	0.00430	0.00396	0.00132	0.00611	0.00318	0.00212	0.00657
3	0.00577	0.00416	0.00550	0.00648	0.00690	0.00389	0.00451	0.00674	0.00914	0.01210	0.04548	0.70402	0.06965	0.01396	0.00587	0.00186	0.00278	0.08308	0.00428	0.00380
4	0.01270	0.76916	0.02308	0.00821	0.01200	0.08888	0.00794	0.01415	0.00965	0.01084	0.00645	0.00745	0.00589	0.00400	0.00305	0.00100	0.00521	0.00250	0.00200	0.00584
5	0.01119	0.01167	0.04129	0.23335	0.31899	0.07681	0.14769	0.02913	0.04882	0.02327	0.00912	0.01179	0.00714	0.00439	0.00468	0.00144	0.00618	0.00426	0.00242	0.00636
6	0.00725	0.00544	0.00625	0.00624	0.02345	0.00505	0.00454	0.00990	0.09542	0.05779	0.19333	0.12636	0.42104	0.01043	0.00533	0.00155	0.00262	0.00892	0.00450	0.00460
7	0.01059	0.00897	0.00959	0.00871	0.01106	0.01015	0.00677	0.04284	0.63255	0.01866	0.07929	0.04478	0.06640	0.00715	0.00484	0.00156	0.00347	0.02127	0.00465	0.00669
8	0.01083	0.01155	0.02327	0.05598	0.29107	0.01117	0.48165	0.01422	0.01060	0.01463	0.00931	0.02686	0.00746	0.00416	0.00509	0.00149	0.00680	0.00505	0.00233	0.00647
9	0.04820	0.24582	0.22952	0.01167	0.07422	0.05296	0.05429	0.04589	0.06865	0.08574	0.01064	0.01137	0.03253	0.00474	0.00405	0.00131	0.00546	0.00371	0.00276	0.00646
10	0.00618	0.00473	0.00530	0.00515	0.00657	0.00409	0.00386	0.00766	0.01126	0.03656	0.27874	0.06587	0.52600	0.01086	0.00541	0.00152	0.00233	0.00923	0.00455	0.00412
11	0.00845	0.00646	0.00708	0.00649	0.00826	0.02158	0.00498	0.03990	0.16944	0.05457	0.31009	0.03137	0.27450	0.00896	0.00512	0.00148	0.00281	0.00760	0.02578	0.00508
12	0.02670	0.20518	0.04385	0.02394	0.13958	0.17083	0.06157	0.10149	0.05023	0.05108	0.01027	0.01355	0.00871	0.00522	0.00428	0.00133	0.00575	0.06728	0.00290	0.00625
13	0.05275	0.06100	0.27715	0.01164	0.06223	0.05487	0.05713	0.07223	0.02006	0.16374	0.04304	0.02970	0.02418	0.00527	0.00453	0.00140	0.01590	0.00428	0.03238	0.00651
14	0.00558	0.00458	0.00491	0.00498	0.00633	0.00392	0.00368	0.00683	0.01060	0.01308	0.13922	0.12928	0.62782	0.01165	0.00547	0.00157	0.00234	0.00988	0.00436	0.00392
15	0.00619	0.00471	0.00577	0.00624	0.00712	0.00445	0.00452	0.00815	0.05909	0.01356	0.15615	0.42296	0.20340	0.01233	0.00565	0.00173	0.00268	0.06676	0.00441	0.00411
16	0.06997	0.01306	0.13022	0.01328	0.13884	0.03352	0.04032	0.27125	0.08021	0.14652	0.01153	0.01187	0.00825	0.00504	0.00447	0.00141	0.00516	0.00409	0.00376	0.00722
17	0.01606	0.03484	0.03261	0.02450	0.05458	0.03496	0.00747	0.05606	0.01239	0.47458	0.03572	0.09173	0.01387	0.00760	0.02754	0.00165	0.00445	0.05794	0.00471	0.00676
18	0.02663	0.04253	0.02772	0.15374	0.33922	0.00973	0.12156	0.01234	0.01031	0.01418	0.06788	0.01722	0.11051	0.00601	0.01970	0.00154	0.00535	0.00518	0.00268	0.00596
19	0.01209	0.01364	0.06185	0.07784	0.38376	0.14827	0.18486	0.03589	0.01114	0.01442	0.00853	0.01103	0.00683	0.00424	0.00466	0.00139	0.00654	0.00415	0.00233	0.00654
20	0.03146	0.00691	0.00833	0.02273	0.00972	0.04551	0.05428	0.07826	0.04790	0.01465	0.05312	0.33991	0.15302	0.01067	0.00539	0.00168	0.00367	0.08783	0.02034	0.00465
21	0.63036	0.01000	0.00836	0.03189	0.03814	0.07602	0.00611	0.04665	0.03086	0.01937	0.02834	0.00916	0.00669	0.00464	0.00351	0.00141	0.02095	0.00299	0.01930	0.00524
22	0.05771	0.00621	0.00696	0.00641	0.00827	0.02677	0.00494	0.02361	0.02733	0.15428	0.15220	0.14808	0.24486	0.00936	0.00503	0.00151	0.00305	0.04330	0.02909	0.04102
23	0.04609	0.12691	0.28160	0.03342	0.03958	0.04773	0.02588	0.02966	0.11608	0.01425	0.01232	0.07715	0.03208	0.05946	0.00583	0.00164	0.02489	0.01675	0.00277	0.00591
24	0.50452	0.01189	0.00955	0.00903	0.05365	0.16862	0.00675	0.10056	0.04373	0.01905	0.00784	0.00892	0.00615	0.00540	0.02626	0.00154	0.00499	0.00303	0.00298	0.00555

[dist]
# distance from previous block
# <min> <max>
3	16

[block]
# block no. 7 follows, 56 sequences, length 25
# corresponding to MSA columns:
# 364-388
name=unknown_H
#
# <colnr> <probs for GDERKNQSTAVLIFYWHMCP>
#	G	D	E	R	K	N	Q	S	T	A	V	L	I	F	Y	W	H	M	C	P
0	0.00867	0.25019	0.01153	0.00671	0.00863	0.04285	0.00550	0.02656	0.01071	0.01371	0.24750	0.14790	0.11280	0.05915	0.00577	0.00155	0.00356	0.01640	0.00363	0.01667
1	0.06147	0.06714	0.12535	0.02115	0.02950	0.00889	0.06002	0.05219	0.10007	0.06026	0.09528	0.07377	0.10306	0.00656	0.00464	0.00138	0.01265	0.00553	0.00350	0.10760
2	0.04280	0.01144	0.01290	0.10498	0.07610	0.10015	0.04022	0.18113	0.20579	0.07210	0.01194	0.01255	0.00892	0.00517	0.00461	0.00138	0.01924	0.00417	0.01304	0.07137
3	0.08685	0.06235	0.05426	0.02338	0.05996	0.18214	0.02468	0.17091	0.10724	0.06743	0.01086	0.04732	0.00874	0.00546	0.00466	0.00137	0.03592	0.00412	0.00336	0.03898
4	0.09224	0.00585	0.00670	0.00639	0.00806	0.00566	0.00502	0.03644	0.03527	0.06923	0.21471	0.10646	0.19027	0.00941	0.00506	0.00155	0.00297	0.11710	0.04743	0.03417
5	0.09237	0.02949	0.01194	0.01007	0.01286	0.25828	0.02508	0.14429	0.28769	0.04535	0.02923	0.01260	0.00995	0.00543	0.00433	0.00138	0.00536	0.00409	0.00373	0.00646
6	0.01182	0.00663	0.00840	0.00710	0.00951	0.00590	0.00560	0.02852	0.03478	0.27359	0.18105	0.11292	0.08983	0.00787	0.00502	0.00140	0.01685	0.03718	0.00460	0.15143
7	0.01228	0.00898	0.01337	0.03353	0.01407	0.00842	0.16815	0.11276	0.02788	0.16892	0.03829	0.04463	0.08285	0.00597	0.00492	0.00134	0.02148	0.03044	0.00375	0.19797
8	0.01090	0.01237	0.05086	0.04836	0.19764	0.02481	0.52577	0.01439	0.01055	0.01447	0.00891	0.01191	0.00691	0.00413	0.00549	0.00151	0.03746	0.00492	0.00228	0.00636
9	0.00566	0.00407	0.00537	0.00634	0.00670	0.00379	0.00429	0.00654	0.00905	0.01203	0.05509	0.75944	0.06165	0.01406	0.00584	0.00184	0.00266	0.02752	0.00429	0.00377
10	0.02725	0.01050	0.00934	0.03986	0.01136	0.22464	0.00692	0.01475	0.08519	0.13743	0.07335	0.09992	0.10238	0.00823	0.00499	0.00154	0.00478	0.12831	0.00395	0.00533
11	0.00981	0.00927	0.01271	0.48128	0.09412	0.07702	0.01088	0.06841	0.01068	0.01341	0.01291	0.04992	0.06796	0.00607	0.00478	0.00153	0.00562	0.05567	0.00267	0.00531
12	0.00675	0.00458	0.00603	0.00668	0.00723	0.00445	0.00467	0.02992	0.00943	0.04087	0.05335	0.66584	0.02780	0.01373	0.02368	0.01681	0.01759	0.03333	0.02323	0.00404
13	0.00975	0.00919	0.01404	0.69161	0.07811	0.04267	0.01241	0.06387	0.01023	0.01305	0.00834	0.01195	0.00629	0.00463	0.00457	0.00150	0.00609	0.00404	0.00224	0.00542
14	0.00914	0.00885	0.01561	0.67061	0.10078	0.01041	0.09511	0.01226	0.00947	0.01234	0.00832	0.01218	0.00631	0.00447	0.00467	0.00152	0.00623	0.00422	0.00209	0.00541
15	0.01066	0.01185	0.02503	0.01952	0.10146	0.01131	0.66220	0.01422	0.01061	0.01451	0.00974	0.04366	0.00786	0.00442	0.00563	0.00156	0.03168	0.00554	0.00238	0.00617
16	0.00664	0.00459	0.00569	0.00569	0.00593	0.00482	0.00364	0.00712	0.00688	0.00941	0.01384	0.02657	0.01518	0.60601	0.25395	0.00530	0.00672	0.00617	0.00269	0.00316
17	0.00559	0.00424	0.00516	0.00580	0.00652	0.00381	0.00402	0.00659	0.00957	0.01232	0.07713	0.53735	0.27890	0.01322	0.00570	0.00174	0.00253	0.01171	0.00431	0.00381
18	0.01377	0.01310	0.01244	0.01105	0.03833	0.20992	0.04782	0.11534	0.39257	0.05089	0.03701	0.01423	0.01144	0.00566	0.00458	0.00143	0.00518	0.00456	0.00395	0.00674
