[name]
unknown

[dist]
# distance from previous block
# <min> <max>
3	71

[block]
# block no. 0 follows, 69 sequences, length 10
# corresponding to MSA columns:
# 92-101
name=unknown_A
#
# <colnr> <probs for GDERKNQSTAVLIFYWHMCP>
#	G	D	E	R	K	N	Q	S	T	A	V	L	I	F	Y	W	H	M	C	P
0	0.00880	0.00836	0.01407	0.32272	0.50830	0.00892	0.01129	0.01121	0.00850	0.01180	0.00721	0.00990	0.00584	0.00362	0.00385	0.00119	0.00479	0.00344	0.00189	0.04431
1	0.01026	0.00878	0.00962	0.00958	0.09755	0.05207	0.00680	0.13287	0.45894	0.03050	0.02924	0.04475	0.04684	0.00568	0.00408	0.00130	0.00357	0.03813	0.00364	0.00581
2	0.04893	0.01165	0.01146	0.00898	0.01198	0.09854	0.00734	0.70916	0.01722	0.02286	0.00891	0.00905	0.00641	0.00460	0.00382	0.00116	0.00455	0.00337	0.00367	0.00635
3	0.00473	0.00393	0.00402	0.00406	0.00522	0.00335	0.00295	0.00563	0.00859	0.01030	0.03658	0.06899	0.73149	0.08553	0.00601	0.00155	0.00216	0.00816	0.00353	0.00322
4	0.00476	0.00346	0.00450	0.00533	0.00565	0.00320	0.00358	0.00547	0.00763	0.01006	0.02321	0.78684	0.09772	0.01207	0.00497	0.00157	0.00225	0.01089	0.00364	0.00320
5	0.01021	0.77736	0.10539	0.00717	0.01078	0.01485	0.00751	0.01181	0.00800	0.00955	0.00561	0.00649	0.00502	0.00339	0.00264	0.00088	0.00436	0.00218	0.00167	0.00511
6	0.00924	0.00884	0.01507	0.19197	0.67350	0.00919	0.01180	0.01162	0.00871	0.01224	0.00729	0.00985	0.00601	0.00358	0.00389	0.00119	0.00477	0.00349	0.00190	0.00583
7	0.01060	0.00846	0.00921	0.00697	0.01019	0.03871	0.00561	0.20388	0.08078	0.05823	0.00871	0.00921	0.00671	0.00368	0.00331	0.00083	0.00343	0.00288	0.00296	0.52565
8	0.00475	0.00351	0.00445	0.00520	0.00562	0.00321	0.00353	0.00549	0.00775	0.01011	0.02470	0.71928	0.16431	0.01188	0.00494	0.00155	0.00223	0.01065	0.00364	0.00321
9	0.05216	0.01112	0.01120	0.02869	0.01212	0.08930	0.00727	0.62168	0.04064	0.07272	0.00944	0.00949	0.00672	0.00461	0.00382	0.00117	0.00444	0.00343	0.00369	0.00630

[dist]
# distance from previous block
# <min> <max>
0	1

[block]
# block no. 1 follows, 69 sequences, length 72
# corresponding to MSA columns:
# 103-174
name=unknown_B
#
# <colnr> <probs for GDERKNQSTAVLIFYWHMCP>
#	G	D	E	R	K	N	Q	S	T	A	V	L	I	F	Y	W	H	M	C	P
0	0.00967	0.00901	0.01482	0.17659	0.62417	0.00942	0.01147	0.07392	0.00945	0.01320	0.00746	0.00982	0.00606	0.00367	0.00389	0.00119	0.00474	0.00349	0.00206	0.00590
1	0.80908	0.00741	0.00604	0.00571	0.03258	0.00850	0.00445	0.01129	0.00701	0.01733	0.05642	0.00787	0.00631	0.00390	0.00260	0.00121	0.00301	0.00247	0.00253	0.00427
2	0.00949	0.00909	0.01552	0.10174	0.76178	0.00926	0.01192	0.01184	0.00882	0.01255	0.00734	0.00977	0.00612	0.00353	0.00388	0.00118	0.00471	0.00349	0.00192	0.00604
3	0.59825	0.00782	0.00697	0.03035	0.00879	0.03159	0.00509	0.07370	0.04863	0.02596	0.00699	0.00827	0.00556	0.00673	0.09455	0.00178	0.02926	0.00268	0.00256	0.00449
4	0.00802	0.07204	0.79155	0.01090	0.01654	0.00950	0.01401	0.01237	0.00826	0.01222	0.00694	0.00816	0.00497	0.00370	0.00365	0.00122	0.00570	0.00285	0.00166	0.00575
5	0.00564	0.00407	0.00503	0.00475	0.00583	0.00366	0.00358	0.00727	0.01058	0.03563	0.62149	0.03092	0.23023	0.00840	0.00461	0.00125	0.00192	0.00730	0.00417	0.00368
6	0.04000	0.01112	0.01157	0.00894	0.01203	0.03792	0.00736	0.77629	0.01787	0.02403	0.00919	0.00925	0.00655	0.00465	0.00387	0.00117	0.00436	0.00346	0.00382	0.00653
7	0.00562	0.00470	0.00765	0.00726	0.00814	0.00445	0.13496	0.00675	0.00781	0.01041	0.01958	0.62805	0.05359	0.03766	0.00553	0.00162	0.01490	0.03451	0.00331	0.00353
8	0.01502	0.01182	0.01134	0.00898	0.01191	0.15242	0.00728	0.59468	0.03180	0.10120	0.00956	0.00950	0.00679	0.00462	0.00386	0.00115	0.00466	0.00342	0.00369	0.00630
9	0.00697	0.00440	0.00468	0.00465	0.00569	0.00445	0.00344	0.03560	0.09508	0.01360	0.01821	0.16325	0.12635	0.03004	0.00403	0.00122	0.00219	0.00571	0.46659	0.00386
10	0.00565	0.00398	0.00516	0.00513	0.00550	0.00422	0.00349	0.00638	0.00646	0.00898	0.09178	0.02199	0.01472	0.45297	0.34218	0.00453	0.00623	0.00525	0.00246	0.00294
11	0.01637	0.00653	0.00878	0.00691	0.00971	0.00576	0.00564	0.02999	0.03129	0.74445	0.01586	0.07816	0.01096	0.00543	0.00402	0.00124	0.00326	0.00450	0.00472	0.00639
12	0.00489	0.00350	0.00468	0.00559	0.00587	0.00329	0.00384	0.00566	0.00762	0.01014	0.02154	0.79719	0.02567	0.01217	0.00504	0.00161	0.00238	0.07246	0.00364	0.00322
13	0.00492	0.00349	0.00460	0.00541	0.00566	0.00329	0.00363	0.00561	0.00751	0.01003	0.04308	0.74784	0.02523	0.07724	0.00615	0.00176	0.00242	0.03542	0.00356	0.00315
14	0.00569	0.00383	0.00443	0.00443	0.00448	0.00389	0.00257	0.00580	0.00575	0.00772	0.01221	0.02487	0.01391	0.79841	0.08330	0.00399	0.00431	0.00559	0.00235	0.00246
15	0.01484	0.01075	0.01156	0.00888	0.01197	0.01185	0.00733	0.79027	0.01808	0.04546	0.00962	0.00960	0.00680	0.00471	0.00390	0.00117	0.00425	0.00354	0.01879	0.00662
16	0.00786	0.02028	0.84191	0.01117	0.01697	0.00910	0.01448	0.01242	0.00828	0.01242	0.00704	0.00828	0.00497	0.00372	0.00372	0.00124	0.00579	0.00290	0.00166	0.00579
17	0.00515	0.00381	0.00466	0.00495	0.00574	0.00343	0.00356	0.00627	0.00896	0.02272	0.23710	0.36330	0.27234	0.01033	0.00479	0.00142	0.00213	0.03210	0.00383	0.00341
18	0.00555	0.00401	0.00524	0.00493	0.00586	0.00370	0.00370	0.00740	0.01110	0.01572	0.83570	0.02928	0.03699	0.00801	0.00462	0.00123	0.00185	0.00709	0.00432	0.00370
19	0.00925	0.01058	0.02313	0.01652	0.02049	0.00991	0.82353	0.01256	0.00925	0.01256	0.00793	0.01058	0.00595	0.00330	0.00463	0.00132	0.00661	0.00463	0.00198	0.00529
20	0.00560	0.00420	0.00630	0.00630	0.00700	0.00490	0.00490	0.00700	0.00630	0.00910	0.01050	0.01540	0.00980	0.02940	0.84669	0.00630	0.01050	0.00420	0.00210	0.00350
21	0.00965	0.00538	0.00573	0.00500	0.00653	0.00555	0.00393	0.17635	0.01054	0.07995	0.01230	0.01346	0.00933	0.00462	0.00307	0.00099	0.00245	0.00365	0.63702	0.00450
22	0.00925	0.01058	0.02313	0.01652	0.02049	0.00991	0.82353	0.01256	0.00925	0.01256	0.00793	0.01058	0.00595	0.00330	0.00463	0.00132	0.00661	0.00463	0.00198	0.00529
23	0.04151	0.01581	0.01142	0.01059	0.06600	0.55808	0.00773	0.21667	0.01265	0.01381	0.00696	0.00780	0.00550	0.00416	0.00362	0.00107	0.00610	0.00283	0.00250	0.00517
24	0.00871	0.00837	0.01362	0.47534	0.32570	0.03202	0.03541	0.03322	0.00866	0.01151	0.00719	0.01006	0.00565	0.00377	0.00392	0.00124	0.00508	0.00350	0.00189	0.00514
25	0.00916	0.00642	0.00747	0.00630	0.00803	0.00661	0.00497	0.28274	0.01341	0.04424	0.48737	0.02130	0.02447	0.00662	0.00426	0.00120	0.00272	0.00561	0.05231	0.00479
26	0.00805	0.00717	0.00882	0.00788	0.00876	0.06488	0.03250	0.07554	0.04601	0.01089	0.00965	0.04904	0.00924	0.12022	0.28856	0.00336	0.22314	0.00433	0.01791	0.00406
27	0.01092	0.00900	0.00953	0.00822	0.01064	0.01030	0.00649	0.20399	0.64562	0.01829	0.01447	0.01344	0.01076	0.00518	0.00397	0.00129	0.00338	0.00423	0.00397	0.00631
28	0.00531	0.00398	0.00492	0.00472	0.00572	0.00359	0.00353	0.00693	0.01049	0.01435	0.62574	0.05480	0.22432	0.00859	0.00464	0.00126	0.00189	0.00748	0.00414	0.00359
29	0.03368	0.00768	0.00936	0.00697	0.01014	0.04097	0.05648	0.01129	0.00853	0.10659	0.00805	0.02137	0.00645	0.00353	0.00362	0.00080	0.04119	0.00283	0.00257	0.61789
30	0.00822	0.13500	0.73030	0.01057	0.01603	0.00998	0.01343	0.01232	0.00823	0.01198	0.00682	0.00801	0.00497	0.00367	0.00356	0.00119	0.00558	0.00279	0.00166	0.00569
31	0.00497	0.00353	0.00466	0.00550	0.00576	0.00333	0.00374	0.00568	0.00748	0.00995	0.02081	0.73132	0.02475	0.07930	0.00622	0.00178	0.00250	0.07203	0.00354	0.00315
32	0.00966	0.07603	0.02231	0.01536	0.01923	0.01047	0.71632	0.05691	0.00966	0.01297	0.00782	0.01018	0.00592	0.00339	0.00443	0.00128	0.00630	0.00437	0.00207	0.00534
33	0.01289	0.01559	0.05642	0.01071	0.07516	0.53745	0.00800	0.06512	0.11924	0.01186	0.00827	0.00988	0.00681	0.01606	0.00394	0.00115	0.00597	0.02804	0.00242	0.00503
34	0.00884	0.00844	0.01436	0.33333	0.53521	0.00909	0.01160	0.01128	0.00852	0.01177	0.00722	0.00998	0.00584	0.00365	0.00390	0.00122	0.00487	0.00349	0.00187	0.00552
35	0.00478	0.00341	0.00455	0.00546	0.00569	0.00318	0.00364	0.00546	0.00751	0.01001	0.02161	0.85966	0.02593	0.01228	0.00500	0.00159	0.00227	0.01114	0.00364	0.00318
36	0.01223	0.00822	0.01064	0.00873	0.01025	0.00977	0.00722	0.16918	0.01955	0.24526	0.00953	0.02095	0.00728	0.00583	0.00798	0.00143	0.39347	0.00371	0.04338	0.00539
37	0.07694	0.21822	0.47234	0.00972	0.03653	0.01074	0.01099	0.07412	0.00896	0.03774	0.00698	0.00794	0.00523	0.00373	0.00336	0.00114	0.00499	0.00274	0.00200	0.00560
38	0.00516	0.00384	0.00489	0.00552	0.00620	0.00356	0.00414	0.00626	0.00841	0.01090	0.07443	0.42812	0.20733	0.01115	0.00500	0.00156	0.00251	0.20400	0.00367	0.00335
39	0.88991	0.00758	0.00576	0.00516	0.00758	0.00879	0.00425	0.01152	0.00667	0.01759	0.00546	0.00637	0.00425	0.00364	0.00243	0.00121	0.00303	0.00212	0.00243	0.00425
40	0.01013	0.00850	0.01573	0.07834	0.17667	0.00840	0.32262	0.01283	0.03235	0.14962	0.03572	0.01196	0.00806	0.00636	0.08250	0.00174	0.02629	0.00421	0.00257	0.00541
41	0.00978	0.34507	0.32202	0.03123	0.09259	0.04361	0.01026	0.06218	0.02822	0.01190	0.00677	0.00787	0.00539	0.00367	0.00329	0.00107	0.00495	0.00272	0.00190	0.00552
42	0.00544	0.00400	0.00509	0.00482	0.00579	0.00365	0.00362	0.00719	0.01085	0.01513	0.74354	0.03026	0.12952	0.00824	0.00462	0.00124	0.00187	0.00723	0.00424	0.00365
43	0.88991	0.00758	0.00576	0.00516	0.00758	0.00879	0.00425	0.01152	0.00667	0.01759	0.00546	0.00637	0.00425	0.00364	0.00243	0.00121	0.00303	0.00212	0.00243	0.00425
44	0.00885	0.00812	0.07230	0.00773	0.00950	0.00828	0.00662	0.10556	0.21607	0.03911	0.13919	0.03018	0.06821	0.00645	0.00584	0.00137	0.16861	0.04308	0.04992	0.00499
45	0.00836	0.00795	0.01349	0.50664	0.36565	0.00896	0.01137	0.01086	0.00829	0.01118	0.00714	0.01014	0.00564	0.00374	0.00390	0.00125	0.00499	0.00349	0.00182	0.00513
46	0.00500	0.00375	0.00464	0.00511	0.00578	0.00342	0.00367	0.00601	0.00847	0.01104	0.13782	0.43422	0.24450	0.03144	0.00525	0.00154	0.00229	0.07904	0.00370	0.00331
47	0.00567	0.00474	0.00504	0.00501	0.00632	0.00455	0.00373	0.00859	0.16835	0.01172	0.04712	0.16834	0.52769	0.00938	0.00457	0.00137	0.00225	0.00798	0.00372	0.00386
48	0.01048	0.86458	0.02054	0.00671	0.01006	0.01551	0.00671	0.01174	0.00797	0.00922	0.00545	0.00629	0.00503	0.00335	0.00252	0.00084	0.00419	0.00210	0.00168	0.00503
49	0.00482	0.00350	0.00456	0.00530	0.00567	0.00323	0.00359	0.00562	0.00789	0.01049	0.08536	0.73335	0.08858	0.01178	0.00495	0.00154	0.00222	0.01062	0.00369	0.00323
50	0.00626	0.00535	0.00647	0.00654	0.00718	0.07223	0.00492	0.00740	0.00696	0.00935	0.01268	0.22302	0.01328	0.03910	0.51708	0.00446	0.04597	0.00578	0.00246	0.00352
51	0.00569	0.00386	0.00452	0.00446	0.00476	0.00379	0.00279	0.00622	0.00710	0.00974	0.19063	0.02665	0.04674	0.59943	0.02820	0.00309	0.00336	0.01807	0.02815	0.00276
52	0.00592	0.00426	0.00568	0.00561	0.00642	0.00423	0.00433	0.02158	0.00958	0.01327	0.45707	0.08364	0.06138	0.01102	0.08050	0.06959	0.02635	0.12239	0.00367	0.00353
53	0.00740	0.00697	0.01176	0.85280	0.02700	0.00871	0.01089	0.01002	0.00784	0.01002	0.00697	0.01045	0.00523	0.00392	0.00392	0.00131	0.00523	0.00348	0.00174	0.00436
54	0.00799	0.06012	0.80315	0.01096	0.01664	0.00941	0.01412	0.01238	0.00826	0.01226	0.00696	0.00818	0.00497	0.00371	0.00367	0.00122	0.00572	0.00286	0.00166	0.00576
55	0.00874	0.00803	0.01357	0.45171	0.39516	0.00890	0.01126	0.01119	0.00843	0.03512	0.00740	0.01019	0.00580	0.00375	0.00390	0.00124	0.00491	0.00350	0.00192	0.00526
56	0.14147	0.01463	0.01058	0.00944	0.03511	0.47767	0.00714	0.21008	0.01217	0.03651	0.00707	0.00777	0.00548	0.00415	0.00349	0.00109	0.00565	0.00277	0.00261	0.00512
57	0.37903	0.00899	0.00807	0.00678	0.00916	0.07334	0.00548	0.28731	0.01115	0.02869	0.00788	0.00879	0.00601	0.00545	0.03991	0.01940	0.00400	0.00291	0.08266	0.00498
58	0.00962	0.00924	0.01577	0.05222	0.81022	0.00929	0.01199	0.01196	0.00889	0.01271	0.00736	0.00973	0.00618	0.00351	0.00388	0.00117	0.00468	0.00349	0.00193	0.00615
59	0.00740	0.00697	0.01176	0.85280	0.02700	0.00871	0.01089	0.01002	0.00784	0.01002	0.00697	0.01045	0.00523	0.00392	0.00392	0.00131	0.00523	0.00348	0.00174	0.00436
60	0.00786	0.02028	0.84191	0.01117	0.01697	0.00910	0.01448	0.01242	0.00828	0.01242	0.00704	0.00828	0.00497	0.00372	0.00372	0.00124	0.00579	0.00290	0.00166	0.00579
61	0.00722	0.00631	0.00641	0.00597	0.00772	0.02057	0.00459	0.01298	0.39553	0.01339	0.04059	0.02621	0.42181	0.00763	0.00431	0.00132	0.00259	0.00635	0.00379	0.00470
62	0.00970	0.00931	0.01591	0.02406	0.83777	0.00931	0.01203	0.01203	0.00893	0.01281	0.00737	0.00970	0.00621	0.00349	0.00388	0.00116	0.00466	0.00349	0.00194	0.00621
63	0.00483	0.00356	0.00462	0.00539	0.00573	0.00335	0.00366	0.00555	0.00763	0.01006	0.02317	0.76057	0.10843	0.01195	0.00510	0.00157	0.01731	0.01072	0.00361	0.00322
64	0.00523	0.00401	0.00485	0.00541	0.00605	0.00385	0.00376	0.00699	0.08793	0.01075	0.02466	0.61404	0.18560	0.01114	0.00483	0.00151	0.00230	0.00992	0.00367	0.00350
65	0.01391	0.01741	0.01232	0.01071	0.01287	0.72211	0.08704	0.02796	0.01086	0.01012	0.00626	0.00750	0.00517	0.00408	0.00398	0.00107	0.03717	0.00278	0.00204	0.00464
66	0.00622	0.00482	0.00688	0.00678	0.00809	0.00453	0.06771	0.00790	0.00922	0.02978	0.08855	0.03787	0.26614	0.00963	0.00503	0.00157	0.00321	0.42876	0.00358	0.00372
67	0.00507	0.00363	0.00476	0.00556	0.00587	0.00345	0.00375	0.02932	0.00782	0.01044	0.02125	0.83490	0.02537	0.01206	0.00497	0.00158	0.00233	0.01092	0.00365	0.00329
68	0.00527	0.00406	0.00581	0.00611	0.00671	0.00381	0.05397	0.01986	0.00791	0.01046	0.02174	0.69090	0.08613	0.02870	0.00525	0.00160	0.00262	0.03222	0.00352	0.00338
69	0.00588	0.00429	0.02872	0.00452	0.00479	0.00400	0.00287	0.00622	0.00600	0.00835	0.01214	0.02383	0.01345	0.73276	0.05663	0.00362	0.00402	0.00539	0.06989	0.00263
70	0.00533	0.00405	0.00458	0.00443	0.00564	0.00351	0.00333	0.00663	0.00972	0.03654	0.31652	0.05516	0.51223	0.00917	0.00462	0.00130	0.00198	0.00781	0.00391	0.00354
71	0.00952	0.00911	0.01552	0.03632	0.80101	0.00913	0.01177	0.01181	0.00887	0.01268	0.00778	0.03447	0.00677	0.00376	0.00391	0.00118	0.00460	0.00372	0.00199	0.00609

[dist]
# distance from previous block
# <min> <max>
0	1

[block]
# block no. 2 follows, 69 sequences, length 17
# corresponding to MSA columns:
# 176-192
name=unknown_C
#
# <colnr> <probs for GDERKNQSTAVLIFYWHMCP>
#	G	D	E	R	K	N	Q	S	T	A	V	L	I	F	Y	W	H	M	C	P
0	0.01008	0.00916	0.00941	0.00835	0.01031	0.06947	0.00656	0.05449	0.61923	0.01547	0.03660	0.01358	0.01116	0.00545	0.00499	0.00134	0.10073	0.00422	0.00360	0.00582
1	0.00618	0.00446	0.00545	0.00561	0.00637	0.00437	0.00399	0.09952	0.00941	0.01269	0.16370	0.48914	0.07573	0.05997	0.00563	0.00159	0.00252	0.02107	0.01898	0.00365
2	0.00714	0.00408	0.00634	0.00727	0.10023	0.00408	0.00439	0.00590	0.00554	0.00749	0.00687	0.01166	0.00674	0.01246	0.01401	0.78486	0.00355	0.00341	0.00173	0.00222
3	0.00914	0.00864	0.01461	0.02194	0.74271	0.00861	0.01107	0.01128	0.00876	0.01249	0.00900	0.10680	0.00846	0.00450	0.00401	0.00121	0.00439	0.00437	0.00213	0.00586
4	0.10737	0.01050	0.00942	0.00796	0.01039	0.17130	0.00631	0.25300	0.20229	0.08481	0.04467	0.01157	0.02059	0.00482	0.00370	0.00118	0.00412	0.00364	0.03676	0.00561
5	0.00486	0.00349	0.00460	0.00544	0.00574	0.00326	0.00370	0.00559	0.00759	0.01005	0.02211	0.76744	0.06017	0.03333	0.00538	0.00165	0.00236	0.04643	0.00361	0.00319
6	0.00570	0.00380	0.00428	0.00428	0.00428	0.00380	0.00238	0.00570	0.00570	0.00760	0.01235	0.02566	0.01425	0.86222	0.01995	0.00380	0.00380	0.00570	0.00238	0.00238
7	0.83464	0.00732	0.00569	0.00517	0.00746	0.00844	0.00421	0.01115	0.00672	0.01712	0.00647	0.05966	0.00560	0.00418	0.00259	0.00124	0.00299	0.00269	0.00250	0.00418
8	0.00858	0.00810	0.01372	0.32165	0.48503	0.00878	0.01110	0.01094	0.00834	0.01153	0.00745	0.01039	0.00612	0.00553	0.06511	0.00159	0.00529	0.00354	0.00188	0.00534
9	0.00816	0.11673	0.74808	0.01066	0.01618	0.00984	0.01360	0.01234	0.00824	0.01205	0.00685	0.00805	0.00497	0.00368	0.00359	0.00120	0.00561	0.00281	0.00166	0.00571
10	0.01569	0.00621	0.00825	0.00647	0.00920	0.00539	0.00530	0.01718	0.01080	0.70709	0.01746	0.01563	0.08407	0.00529	0.00392	0.00120	0.00311	0.00431	0.06728	0.00615
11	0.01003	0.72055	0.16067	0.00747	0.01124	0.01442	0.00803	0.01185	0.00802	0.00977	0.00572	0.00663	0.00502	0.00342	0.00272	0.00091	0.00447	0.00223	0.00167	0.00516
12	0.00930	0.00885	0.01491	0.02237	0.76397	0.00881	0.01132	0.01153	0.00893	0.01264	0.00975	0.01236	0.05847	0.00409	0.00397	0.00119	0.00446	0.02503	0.00209	0.00596
13	0.00477	0.00344	0.00452	0.00538	0.00567	0.00319	0.00360	0.00547	0.00758	0.01004	0.02255	0.81687	0.06811	0.01216	0.00498	0.00158	0.00226	0.01100	0.00364	0.00319
14	0.00786	0.02028	0.84191	0.01117	0.01697	0.00910	0.01448	0.01242	0.00828	0.01242	0.00704	0.00828	0.00497	0.00372	0.00372	0.00124	0.00579	0.00290	0.00166	0.00579
15	0.00841	0.00813	0.01160	0.05741	0.06306	0.01097	0.00848	0.00950	0.00645	0.00997	0.00625	0.03309	0.00606	0.00652	0.01105	0.00161	0.68571	0.00367	0.04772	0.00435
16	0.01684	0.00710	0.00929	0.00715	0.01012	0.00646	0.00589	0.11614	0.01209	0.71308	0.04331	0.01342	0.01029	0.00494	0.00396	0.00121	0.00340	0.00400	0.00472	0.00657

[dist]
# distance from previous block
# <min> <max>
0	1

[block]
# block no. 3 follows, 69 sequences, length 47
# corresponding to MSA columns:
# 194-240
name=unknown_D
#
# <colnr> <probs for GDERKNQSTAVLIFYWHMCP>
#	G	D	E	R	K	N	Q	S	T	A	V	L	I	F	Y	W	H	M	C	P
0	0.01048	0.86458	0.02054	0.00671	0.01006	0.01551	0.00671	0.01174	0.00797	0.00922	0.00545	0.00629	0.00503	0.00335	0.00252	0.00084	0.00419	0.00210	0.00168	0.00503
1	0.01073	0.78536	0.03846	0.00697	0.01037	0.01513	0.00694	0.06905	0.00871	0.01039	0.00577	0.00655	0.00514	0.00346	0.00264	0.00087	0.00424	0.00222	0.00183	0.00516
2	0.00832	0.16605	0.70010	0.01040	0.01578	0.01021	0.01314	0.01230	0.00822	0.01186	0.00676	0.00793	0.00498	0.00366	0.00352	0.00117	0.00552	0.00276	0.00166	0.00566
3	0.00929	0.00897	0.01151	0.49227	0.13217	0.13691	0.00963	0.04430	0.00901	0.02490	0.00761	0.01018	0.00587	0.00398	0.00376	0.00120	0.00508	0.00336	0.07531	0.00471
4	0.00891	0.00767	0.00806	0.00732	0.00938	0.00867	0.00567	0.01830	0.69227	0.01551	0.03420	0.01837	0.13654	0.00606	0.00410	0.00133	0.00291	0.00506	0.00394	0.00572
5	0.00560	0.00420	0.00630	0.00630	0.00700	0.00490	0.00490	0.00700	0.00630	0.00910	0.01050	0.01540	0.00980	0.02940	0.84669	0.00630	0.01050	0.00420	0.00210	0.00350
6	0.00560	0.00420	0.00630	0.00630	0.00700	0.00490	0.00490	0.00700	0.00630	0.00910	0.01050	0.01540	0.00980	0.02940	0.84669	0.00630	0.01050	0.00420	0.00210	0.00350
7	0.00478	0.00386	0.00428	0.00455	0.00557	0.00336	0.00335	0.00576	0.00862	0.01060	0.04750	0.24364	0.57192	0.01054	0.00477	0.00142	0.00215	0.05638	0.00365	0.00330
8	0.00512	0.00435	0.00493	0.00551	0.05474	0.00379	0.00388	0.00628	0.00894	0.01085	0.03575	0.03678	0.69886	0.00965	0.00467	0.00137	0.00232	0.09517	0.00354	0.00351
9	0.00786	0.02028	0.84191	0.01117	0.01697	0.00910	0.01448	0.01242	0.00828	0.01242	0.00704	0.00828	0.00497	0.00372	0.00372	0.00124	0.00579	0.00290	0.00166	0.00579
10	0.00969	0.02326	0.01591	0.08081	0.66423	0.00951	0.06889	0.03754	0.02834	0.01299	0.00762	0.00987	0.00625	0.00359	0.00392	0.00118	0.00478	0.00357	0.00204	0.00601
11	0.00876	0.29058	0.54740	0.00995	0.01489	0.01119	0.04282	0.01220	0.00821	0.01140	0.00656	0.00773	0.00502	0.00359	0.00337	0.00112	0.00531	0.00271	0.00167	0.00553
12	0.01140	0.00756	0.00889	0.00660	0.00985	0.00660	0.00536	0.16491	0.01073	0.19159	0.00941	0.00967	0.00692	0.00371	0.00331	0.00084	0.00323	0.00293	0.02834	0.50817
13	0.00491	0.00355	0.00467	0.00543	0.00582	0.00331	0.00376	0.00576	0.00794	0.01056	0.08161	0.70378	0.07437	0.01175	0.00498	0.00156	0.00230	0.05700	0.00369	0.00325
14	0.00544	0.00396	0.00512	0.00491	0.00581	0.00364	0.00365	0.00716	0.01072	0.01503	0.73312	0.08829	0.08159	0.00842	0.00465	0.00126	0.00189	0.00744	0.00423	0.00364
15	0.01464	0.01868	0.01111	0.01010	0.01212	0.84648	0.00757	0.01565	0.01111	0.00959	0.00606	0.00707	0.00505	0.00404	0.00353	0.00101	0.00707	0.00252	0.00202	0.00454
16	0.00926	0.00875	0.01416	0.17904	0.53332	0.00928	0.02911	0.01306	0.13961	0.01284	0.00868	0.01065	0.00693	0.00386	0.00392	0.00122	0.00456	0.00367	0.00223	0.00584
17	0.00568	0.00388	0.00470	0.00470	0.00485	0.00403	0.00291	0.00597	0.00583	0.00792	0.01196	0.02350	0.01332	0.68755	0.19335	0.00433	0.00521	0.00539	0.00232	0.00261
18	0.00482	0.00398	0.00423	0.00416	0.00541	0.00339	0.00312	0.00598	0.00937	0.01162	0.19904	0.03604	0.67621	0.00955	0.00463	0.00131	0.00196	0.00804	0.00378	0.00339
19	0.01490	0.01098	0.01177	0.00902	0.01216	0.01216	0.00745	0.82470	0.01843	0.02471	0.00941	0.00941	0.00667	0.00471	0.00392	0.00118	0.00431	0.00353	0.00392	0.00667
20	0.00631	0.00419	0.00539	0.00498	0.00609	0.00381	0.00377	0.00805	0.01089	0.07334	0.69873	0.02900	0.11454	0.00798	0.00458	0.00124	0.00197	0.00699	0.00429	0.00387
21	0.00880	0.00695	0.00820	0.00589	0.00934	0.00526	0.00472	0.01052	0.00835	0.07111	0.00757	0.00850	0.00608	0.00304	0.00298	0.00063	0.00293	0.00244	0.00250	0.82420
22	0.00948	0.00909	0.01551	0.10459	0.75899	0.00926	0.01192	0.01184	0.00882	0.01254	0.00733	0.00978	0.00611	0.00353	0.00388	0.00118	0.00471	0.00349	0.00192	0.00603
23	0.01045	0.84019	0.02062	0.00699	0.01036	0.01535	0.03003	0.01176	0.00800	0.00932	0.00552	0.00641	0.00506	0.00335	0.00258	0.00085	0.00426	0.00217	0.00169	0.00504
24	0.00971	0.00925	0.01542	0.02293	0.77944	0.00935	0.01162	0.01265	0.06685	0.01306	0.00798	0.01005	0.00662	0.00362	0.00389	0.00118	0.00455	0.00356	0.00208	0.00621
25	0.67350	0.00769	0.00669	0.05556	0.00910	0.00879	0.00492	0.10574	0.00827	0.01748	0.00842	0.00917	0.06322	0.00422	0.00284	0.00122	0.00324	0.00280	0.00265	0.00447
26	0.01429	0.07136	0.01219	0.00885	0.01190	0.05109	0.00734	0.68487	0.06269	0.02245	0.00934	0.00937	0.00677	0.00461	0.00381	0.00115	0.00437	0.00343	0.00368	0.00643
27	0.00483	0.00343	0.00453	0.00539	0.00560	0.00322	0.00356	0.00547	0.00740	0.00987	0.02106	0.81043	0.02524	0.06245	0.00589	0.00172	0.00236	0.01082	0.00356	0.00314
28	0.01464	0.01868	0.01111	0.01010	0.01212	0.84648	0.00757	0.01565	0.01111	0.00959	0.00606	0.00707	0.00505	0.00404	0.00353	0.00101	0.00707	0.00252	0.00202	0.00454
29	0.00749	0.00374	0.00383	0.00377	0.00473	0.00370	0.00284	0.00931	0.00838	0.03393	0.03858	0.01504	0.01088	0.00468	0.00283	0.00093	0.00186	0.00377	0.83596	0.00373
30	0.01741	0.00696	0.00928	0.00711	0.01015	0.00619	0.00588	0.07345	0.01171	0.78546	0.01506	0.01308	0.00950	0.00484	0.00394	0.00121	0.00340	0.00391	0.00479	0.00667
31	0.00929	0.00790	0.00815	0.00710	0.00891	0.09120	0.01831	0.19173	0.15279	0.01675	0.34463	0.02085	0.06236	0.00655	0.00428	0.00124	0.00328	0.03595	0.00384	0.00487
32	0.00570	0.00380	0.00428	0.00428	0.00428	0.00380	0.00238	0.00570	0.00570	0.00760	0.01235	0.02566	0.01425	0.86222	0.01995	0.00380	0.00380	0.00570	0.00238	0.00238
33	0.00844	0.00681	0.00682	0.00618	0.00789	0.07856	0.00475	0.02342	0.23455	0.08852	0.22902	0.02404	0.25097	0.00715	0.00429	0.00126	0.00285	0.00597	0.00388	0.00466
34	0.04141	0.00670	0.00901	0.00693	0.00994	0.00584	0.00572	0.01890	0.01110	0.81801	0.01519	0.01315	0.00956	0.00482	0.00390	0.00121	0.00333	0.00389	0.00479	0.00661
35	0.88991	0.00758	0.00576	0.00516	0.00758	0.00879	0.00425	0.01152	0.00667	0.01759	0.00546	0.00637	0.00425	0.00364	0.00243	0.00121	0.00303	0.00212	0.00243	0.00425
36	0.00463	0.00397	0.00397	0.00397	0.00530	0.00331	0.00298	0.00563	0.00894	0.01059	0.03971	0.03773	0.83618	0.00993	0.00463	0.00132	0.00199	0.00827	0.00364	0.00331
37	0.00510	0.00402	0.00463	0.00455	0.00569	0.00354	0.00347	0.00649	0.00982	0.01274	0.36219	0.03468	0.46326	0.00920	0.00468	0.00132	0.00203	0.05520	0.00391	0.00349
38	0.00792	0.01988	0.80802	0.01140	0.01711	0.00914	0.04797	0.01242	0.00832	0.01242	0.00707	0.00837	0.00501	0.00371	0.00376	0.00124	0.00583	0.00297	0.00167	0.00577
39	0.11524	0.00692	0.00882	0.00684	0.00981	0.00632	0.00565	0.04636	0.01096	0.71982	0.01413	0.01242	0.00899	0.00471	0.00377	0.00121	0.00334	0.00372	0.00455	0.00640
40	0.00535	0.00397	0.00485	0.00467	0.00557	0.00361	0.00341	0.00680	0.01000	0.01366	0.56244	0.04939	0.20677	0.09499	0.00619	0.00152	0.00209	0.00730	0.00396	0.00347
41	0.00478	0.00341	0.00455	0.00546	0.00569	0.00318	0.00364	0.00546	0.00751	0.01001	0.02161	0.85966	0.02593	0.01228	0.00500	0.00159	0.00227	0.01114	0.00364	0.00318
42	0.01014	0.00900	0.00797	0.00746	0.03302	0.17953	0.00555	0.09339	0.24067	0.01505	0.08447	0.01372	0.01149	0.00526	0.01394	0.00118	0.00370	0.00393	0.25561	0.00492
43	0.23452	0.18156	0.01129	0.01800	0.05475	0.13402	0.00641	0.04318	0.01848	0.10259	0.00802	0.05463	0.00680	0.00464	0.00412	0.00117	0.08828	0.00320	0.01947	0.00487
44	0.04066	0.00701	0.00741	0.00630	0.00827	0.00759	0.00500	0.24892	0.16759	0.06853	0.01232	0.01289	0.00927	0.01561	0.00360	0.00113	0.00295	0.00376	0.36599	0.00520
45	0.88991	0.00758	0.00576	0.00516	0.00758	0.00879	0.00425	0.01152	0.00667	0.01759	0.00546	0.00637	0.00425	0.00364	0.00243	0.00121	0.00303	0.00212	0.00243	0.00425
46	0.00570	0.00380	0.00428	0.00428	0.00428	0.00380	0.00238	0.00570	0.00570	0.00760	0.01235	0.02566	0.01425	0.86222	0.01995	0.00380	0.00380	0.00570	0.00238	0.00238

[dist]
# distance from previous block
# <min> <max>
1	8

[block]
# block no. 4 follows, 69 sequences, length 26
# corresponding to MSA columns:
# 249-274
name=unknown_E
#
# <colnr> <probs for GDERKNQSTAVLIFYWHMCP>
#	G	D	E	R	K	N	Q	S	T	A	V	L	I	F	Y	W	H	M	C	P
0	0.01407	0.00590	0.00745	0.00599	0.00833	0.00540	0.00486	0.05788	0.01061	0.52610	0.01427	0.01356	0.00966	0.00475	0.00355	0.00111	0.00289	0.00383	0.29413	0.00568
1	0.01000	0.00935	0.01547	0.02170	0.69444	0.00945	0.04682	0.07554	0.03127	0.01379	0.00813	0.01074	0.00681	0.00382	0.00396	0.00119	0.00465	0.02453	0.00219	0.00614
2	0.00555	0.00401	0.00524	0.00493	0.00586	0.00370	0.00370	0.00740	0.01110	0.01572	0.83570	0.02928	0.03699	0.00801	0.00462	0.00123	0.00185	0.00709	0.00432	0.00370
3	0.01067	0.00888	0.00938	0.00816	0.01054	0.01018	0.00643	0.16425	0.68577	0.01788	0.01479	0.01370	0.01102	0.00521	0.00398	0.00130	0.00332	0.00427	0.00398	0.00629
4	0.04967	0.00671	0.00898	0.00691	0.00992	0.00587	0.00571	0.01883	0.01105	0.81022	0.01510	0.01309	0.00950	0.00481	0.00389	0.00121	0.00332	0.00388	0.00476	0.00658
5	0.00858	0.00858	0.01201	0.01029	0.01029	0.01201	0.00858	0.00943	0.00600	0.00943	0.00515	0.00858	0.00515	0.00686	0.01287	0.00172	0.85505	0.00343	0.00172	0.00429
6	0.00666	0.00350	0.00525	0.00525	0.00534	0.00359	0.00359	0.00534	0.00525	0.00709	0.00726	0.01234	0.00717	0.01554	0.11663	0.77874	0.00427	0.00350	0.00175	0.00192
7	0.00858	0.00858	0.01201	0.01029	0.01029	0.01201	0.00858	0.00943	0.00600	0.00943	0.00515	0.00858	0.00515	0.00686	0.01287	0.00172	0.85505	0.00343	0.00172	0.00429
8	0.00967	0.01038	0.08021	0.02275	0.75543	0.02790	0.01212	0.01214	0.00892	0.01271	0.00732	0.00953	0.00609	0.00352	0.00386	0.00117	0.00480	0.00343	0.00192	0.00614
9	0.88991	0.00758	0.00576	0.00516	0.00758	0.00879	0.00425	0.01152	0.00667	0.01759	0.00546	0.00637	0.00425	0.00364	0.00243	0.00121	0.00303	0.00212	0.00243	0.00425
10	0.00975	0.00842	0.00886	0.00798	0.01019	0.00975	0.00621	0.02083	0.83069	0.01640	0.01596	0.01463	0.01197	0.00532	0.00399	0.00133	0.00310	0.00443	0.00399	0.00621
11	0.00975	0.00842	0.00886	0.00798	0.01019	0.00975	0.00621	0.02083	0.83069	0.01640	0.01596	0.01463	0.01197	0.00532	0.00399	0.00133	0.00310	0.00443	0.00399	0.00621
12	0.00560	0.00420	0.00630	0.00630	0.00700	0.00490	0.00490	0.00700	0.00630	0.00910	0.01050	0.01540	0.00980	0.02940	0.84669	0.00630	0.01050	0.00420	0.00210	0.00350
13	0.00619	0.00447	0.00613	0.00697	0.00790	0.00442	0.00606	0.00793	0.00902	0.01164	0.02224	0.04372	0.08600	0.01076	0.00535	0.00177	0.00348	0.74877	0.00361	0.00359
14	0.00537	0.00398	0.00482	0.00461	0.00565	0.00359	0.00346	0.00699	0.01038	0.01426	0.58082	0.03096	0.25544	0.00839	0.00454	0.00124	0.00189	0.00726	0.04274	0.00359
15	0.00943	0.00927	0.01650	0.02116	0.61536	0.00919	0.16287	0.01226	0.04108	0.01303	0.04531	0.01094	0.00778	0.00373	0.00406	0.00120	0.00483	0.00390	0.00214	0.00592
16	0.00568	0.00379	0.00428	0.00431	0.00431	0.00378	0.00241	0.00569	0.00575	0.00767	0.01261	0.04872	0.01458	0.83872	0.01954	0.00374	0.00376	0.00585	0.00241	0.00240
17	0.00923	0.46143	0.41274	0.00884	0.01336	0.01245	0.01042	0.01206	0.00811	0.01075	0.00621	0.00724	0.00500	0.00353	0.00309	0.00103	0.00496	0.00248	0.00167	0.00540
18	0.00971	0.51656	0.26186	0.00949	0.07668	0.01301	0.00946	0.02942	0.00833	0.01078	0.00615	0.00725	0.00514	0.00356	0.00318	0.00100	0.01881	0.00249	0.00174	0.00537
19	0.01254	0.00868	0.01102	0.00872	0.01103	0.01995	0.07911	0.32332	0.04532	0.18311	0.02163	0.02380	0.00896	0.10536	0.00697	0.00159	0.10530	0.01453	0.00347	0.00559
20	0.00555	0.00401	0.00524	0.00493	0.00586	0.00370	0.00370	0.00740	0.01110	0.01572	0.83570	0.02928	0.03699	0.00801	0.00462	0.00123	0.00185	0.00709	0.00432	0.00370
21	0.00493	0.00399	0.00438	0.00437	0.00556	0.00345	0.00331	0.00615	0.00941	0.01182	0.22353	0.05213	0.59774	0.00957	0.00467	0.00133	0.00203	0.04442	0.00380	0.00341
22	0.03996	0.00827	0.07396	0.00750	0.01051	0.00716	0.00652	0.09904	0.11891	0.52174	0.03003	0.03777	0.01018	0.00506	0.00393	0.00124	0.00353	0.00410	0.00428	0.00631
23	0.00766	0.00723	0.01222	0.76063	0.11718	0.00878	0.01101	0.01024	0.00796	0.01033	0.00701	0.01037	0.00534	0.00387	0.00392	0.00129	0.00516	0.00349	0.00176	0.00456
24	0.01013	0.72904	0.11491	0.00766	0.01133	0.01452	0.04458	0.01185	0.00806	0.00974	0.00574	0.00671	0.00507	0.00339	0.00275	0.00091	0.00449	0.00230	0.00169	0.00513
25	0.00980	0.00931	0.01570	0.04259	0.79552	0.00938	0.01187	0.03531	0.00917	0.01309	0.00742	0.00971	0.00620	0.00354	0.00388	0.00117	0.00466	0.00349	0.00199	0.00618

[dist]
# distance from previous block
# <min> <max>
0	8

# created by:
# /st0/software/busco_prod/Augustus/scripts/msa2prfl.pl ./align_prep/118687.fa
