[name]
unknown

[dist]
# distance from previous block
# <min> <max>
3	598

[block]
# block no. 0 follows, 58 sequences, length 48
# corresponding to MSA columns:
# 634-663,668-671,676-689
name=unknown_A
#
# <colnr> <probs for GDERKNQSTAVLIFYWHMCP>
#	G	D	E	R	K	N	Q	S	T	A	V	L	I	F	Y	W	H	M	C	P
0	0.04072	0.04336	0.01199	0.06651	0.04538	0.08549	0.05171	0.14519	0.07588	0.06530	0.05670	0.04827	0.02247	0.04091	0.09348	0.00213	0.06057	0.00476	0.00328	0.03590
1	0.08289	0.02122	0.11947	0.06586	0.01398	0.03125	0.05326	0.18556	0.02796	0.07496	0.04962	0.01306	0.00949	0.04056	0.08014	0.00196	0.02103	0.00409	0.00320	0.10043
2	0.03826	0.18973	0.09103	0.01088	0.05948	0.14658	0.03696	0.17279	0.02153	0.07625	0.01955	0.01968	0.01855	0.00567	0.01795	0.02053	0.04183	0.00369	0.00295	0.00611
3	0.03806	0.05559	0.10468	0.02666	0.05683	0.10191	0.02798	0.13203	0.05286	0.13997	0.05390	0.02813	0.00985	0.00525	0.00479	0.00130	0.05065	0.00407	0.00337	0.10213
4	0.07102	0.07241	0.13010	0.04355	0.05289	0.02057	0.00846	0.11198	0.07983	0.16440	0.02375	0.10132	0.06001	0.00630	0.00453	0.00141	0.01708	0.00512	0.00363	0.02164
5	0.01025	0.06189	0.03876	0.19006	0.09999	0.01054	0.14903	0.04642	0.05429	0.04853	0.02328	0.02470	0.00931	0.07165	0.00735	0.00174	0.11168	0.03229	0.00266	0.00557
6	0.01121	0.07951	0.04737	0.21262	0.28040	0.09751	0.04057	0.06835	0.01099	0.02921	0.05895	0.02536	0.00917	0.00477	0.00437	0.00134	0.00555	0.00417	0.00256	0.00602
7	0.02051	0.01060	0.10064	0.10351	0.32963	0.00968	0.06786	0.03333	0.02670	0.01403	0.04441	0.05110	0.01020	0.06301	0.00652	0.00164	0.06301	0.01352	0.00253	0.02756
8	0.10487	0.01150	0.03600	0.26491	0.35248	0.12955	0.01170	0.01359	0.00988	0.01370	0.00781	0.01043	0.00627	0.00425	0.00420	0.00136	0.00575	0.00363	0.00221	0.00591
9	0.00883	0.00743	0.03073	0.06000	0.06170	0.06340	0.01840	0.03015	0.02349	0.08913	0.05146	0.20662	0.25877	0.00945	0.00511	0.00156	0.00373	0.06143	0.00384	0.00479
10	0.00940	0.00885	0.01387	0.55808	0.18860	0.03416	0.01191	0.03191	0.03169	0.01263	0.00896	0.04119	0.00731	0.00494	0.00469	0.01416	0.00565	0.00429	0.00225	0.00544
11	0.03717	0.01210	0.03580	0.01062	0.04196	0.01297	0.00856	0.59099	0.14374	0.04238	0.01179	0.01166	0.00849	0.00537	0.00444	0.00137	0.00471	0.00414	0.00431	0.00741
12	0.01088	0.00914	0.00972	0.00872	0.01112	0.01038	0.00677	0.08702	0.63389	0.01875	0.04134	0.06398	0.05491	0.00680	0.00467	0.00152	0.00350	0.00570	0.00451	0.00669
13	0.00807	0.00526	0.00703	0.08004	0.00954	0.00520	0.00534	0.03743	0.02594	0.10048	0.17593	0.40455	0.04286	0.05146	0.00615	0.00176	0.00313	0.02114	0.00421	0.00447
14	0.00910	0.00911	0.00882	0.00845	0.00941	0.19995	0.00642	0.01034	0.00855	0.01056	0.01162	0.10297	0.01163	0.07548	0.40334	0.00444	0.09783	0.00520	0.00254	0.00425
15	0.00639	0.00479	0.00719	0.00719	0.00799	0.00559	0.00559	0.00799	0.00719	0.01038	0.01198	0.01757	0.01118	0.03355	0.82507	0.00719	0.01198	0.00479	0.00240	0.00399
16	0.02226	0.00460	0.00584	0.00589	0.00670	0.00439	0.00430	0.00793	0.02127	0.02584	0.30420	0.13746	0.10969	0.10231	0.00911	0.13243	0.00297	0.08519	0.00394	0.00368
17	0.05265	0.00852	0.00940	0.00800	0.01067	0.00901	0.00636	0.12420	0.33272	0.19378	0.05003	0.01999	0.14172	0.00673	0.00459	0.00145	0.00352	0.00549	0.00462	0.00653
18	0.23400	0.00799	0.00950	0.00749	0.01078	0.00761	0.00619	0.03758	0.01169	0.59990	0.01463	0.01313	0.00943	0.00519	0.00406	0.00138	0.00375	0.00397	0.00482	0.00692
19	0.19417	0.00596	0.00655	0.00616	0.00782	0.00593	0.00461	0.01137	0.03664	0.16052	0.08561	0.23425	0.12282	0.09016	0.00639	0.00181	0.00312	0.00735	0.00404	0.00471
20	0.77576	0.00872	0.00699	0.00623	0.00899	0.01006	0.00509	0.01432	0.08160	0.03754	0.00759	0.00831	0.00580	0.00436	0.00297	0.00140	0.00348	0.00271	0.00299	0.00511
21	0.00599	0.00454	0.00552	0.00531	0.00648	0.00407	0.00397	0.00776	0.01180	0.01598	0.55725	0.05931	0.27579	0.00995	0.00529	0.00145	0.00217	0.00863	0.00467	0.00407
22	0.00627	0.00421	0.00550	0.00622	0.00670	0.00395	0.00429	0.00714	0.00879	0.04300	0.04239	0.62144	0.05536	0.09860	0.00742	0.00206	0.00291	0.06592	0.00407	0.00375
23	0.01060	0.00722	0.00815	0.00721	0.00935	0.00753	0.00563	0.04436	0.32130	0.13493	0.18464	0.02351	0.13429	0.00729	0.00468	0.00143	0.00304	0.00613	0.07284	0.00588
24	0.03349	0.00498	0.00612	0.00580	0.00712	0.00464	0.00436	0.00980	0.03013	0.09319	0.44119	0.14325	0.12641	0.00927	0.00504	0.00145	0.00243	0.00807	0.05877	0.00449
25	0.82086	0.00859	0.00681	0.00601	0.00882	0.00982	0.00495	0.01369	0.00794	0.07007	0.00694	0.00777	0.00523	0.00424	0.00288	0.00138	0.00348	0.00255	0.00294	0.00502
26	0.00713	0.00440	0.00580	0.00640	0.00702	0.00413	0.00450	0.00808	0.00895	0.08479	0.02266	0.59069	0.02579	0.09026	0.00717	0.00201	0.00300	0.08518	0.02810	0.00397
27	0.01612	0.01168	0.01262	0.00992	0.01330	0.01290	0.00812	0.60784	0.16456	0.07703	0.01255	0.01212	0.00894	0.00551	0.00449	0.00138	0.00460	0.00425	0.00456	0.00751
28	0.00640	0.00476	0.00704	0.00704	0.00779	0.00551	0.00541	0.00789	0.00715	0.01028	0.01211	0.01831	0.01150	0.08426	0.77479	0.00701	0.01150	0.00490	0.00242	0.00391
29	0.01983	0.00800	0.01062	0.00814	0.01161	0.00715	0.00673	0.08337	0.01345	0.75550	0.01710	0.01487	0.01080	0.00552	0.00450	0.00138	0.00389	0.00446	0.00545	0.00761
30	0.01985	0.00797	0.01060	0.00813	0.01160	0.00710	0.00671	0.07804	0.01340	0.76091	0.01715	0.01490	0.01082	0.00552	0.00450	0.00138	0.00389	0.00446	0.00546	0.00761
31	0.00633	0.00457	0.00598	0.00563	0.00668	0.00422	0.00422	0.00844	0.01266	0.01794	0.81253	0.03341	0.04221	0.00914	0.00528	0.00141	0.00211	0.00809	0.00492	0.00422
32	0.00928	0.00795	0.00928	0.00663	0.01060	0.00596	0.00530	0.01126	0.00928	0.01458	0.00795	0.00928	0.00663	0.00331	0.00331	0.00066	0.00331	0.00265	0.00265	0.87014
33	0.00560	0.00400	0.00536	0.00640	0.00673	0.00376	0.00441	0.00649	0.00871	0.01159	0.02457	0.77225	0.02926	0.01387	0.00575	0.00184	0.00273	0.07885	0.00415	0.00367
34	0.00639	0.00479	0.00719	0.00719	0.00799	0.00559	0.00559	0.00799	0.00719	0.01038	0.01198	0.01757	0.01118	0.03355	0.82507	0.00719	0.01198	0.00479	0.00240	0.00399
35	0.02917	0.00819	0.01337	0.76530	0.04778	0.01009	0.01214	0.03912	0.00936	0.01229	0.00802	0.01176	0.00602	0.00448	0.00443	0.00148	0.00585	0.00394	0.00210	0.00511
36	0.00615	0.00469	0.00579	0.00632	0.00743	0.00433	0.00508	0.00767	0.01019	0.01294	0.09048	0.15515	0.33524	0.01195	0.00570	0.00176	0.00304	0.31796	0.00420	0.00393
37	0.00651	0.00434	0.00488	0.00488	0.00488	0.00434	0.00271	0.00651	0.00651	0.00867	0.01409	0.02927	0.01626	0.84279	0.02277	0.00434	0.00434	0.00651	0.00271	0.00271
38	0.00834	0.00417	0.00417	0.00417	0.00521	0.00417	0.00313	0.01042	0.00938	0.01668	0.01459	0.01668	0.01147	0.00521	0.00313	0.00104	0.00208	0.00417	0.86763	0.00417
39	0.01129	0.01171	0.02475	0.03520	0.02252	0.01106	0.70983	0.03709	0.01096	0.06502	0.00961	0.01222	0.00706	0.00394	0.00519	0.00150	0.00720	0.00517	0.00252	0.00615
40	0.01891	0.00878	0.01102	0.00852	0.01196	0.00839	0.00702	0.18832	0.05894	0.60443	0.01620	0.01435	0.01048	0.00553	0.00450	0.00138	0.00403	0.00443	0.00525	0.00758
41	0.00794	0.00617	0.00793	0.00756	0.00880	0.00708	0.00581	0.05210	0.17602	0.01291	0.01340	0.01802	0.01194	0.09416	0.54284	0.00545	0.00920	0.00495	0.00298	0.00472
42	0.08778	0.01277	0.01274	0.00998	0.01339	0.07417	0.00817	0.66140	0.01914	0.04151	0.01021	0.01034	0.00731	0.00522	0.00430	0.00133	0.00502	0.00382	0.00419	0.00720
43	0.00634	0.00474	0.00708	0.00714	0.00790	0.00548	0.00551	0.00789	0.00727	0.01044	0.01269	0.06353	0.01221	0.03246	0.77928	0.00689	0.01146	0.00524	0.00249	0.00397
44	0.82086	0.00859	0.00681	0.00601	0.00882	0.00982	0.00495	0.01369	0.00794	0.07007	0.00694	0.00777	0.00523	0.00424	0.00288	0.00138	0.00348	0.00255	0.00294	0.00502
45	0.87439	0.00865	0.00657	0.00588	0.00865	0.01003	0.00484	0.01315	0.00761	0.02007	0.00623	0.00727	0.00484	0.00415	0.00277	0.00138	0.00346	0.00242	0.00277	0.00484
46	0.01101	0.01037	0.05535	0.00931	0.01206	0.01109	0.00761	0.02323	0.76225	0.01846	0.01764	0.01628	0.01321	0.00597	0.00453	0.00151	0.00371	0.00496	0.00440	0.00705
47	0.00841	0.00681	0.00774	0.00720	0.00889	0.00730	0.00548	0.01517	0.37368	0.01758	0.36205	0.08340	0.06159	0.00818	0.00498	0.00149	0.00280	0.00710	0.00467	0.00546

[dist]
# distance from previous block
# <min> <max>
3	5

[block]
# block no. 1 follows, 58 sequences, length 11
# corresponding to MSA columns:
# 696-706
name=unknown_B
#
# <colnr> <probs for GDERKNQSTAVLIFYWHMCP>
#	G	D	E	R	K	N	Q	S	T	A	V	L	I	F	Y	W	H	M	C	P
0	0.09276	0.12055	0.01229	0.00847	0.01165	0.05938	0.00703	0.18043	0.13610	0.24766	0.04358	0.01283	0.01024	0.00525	0.00410	0.00130	0.00427	0.00401	0.00413	0.03399
1	0.03868	0.13291	0.23537	0.04152	0.05131	0.08758	0.01083	0.29585	0.03339	0.01859	0.00885	0.00974	0.00663	0.00466	0.00410	0.00130	0.00563	0.00347	0.00297	0.00663
2	0.03658	0.04386	0.01580	0.03980	0.55522	0.03122	0.01149	0.01451	0.08716	0.03813	0.04180	0.01372	0.02671	0.00478	0.00441	0.00136	0.00490	0.01921	0.00272	0.00664
3	0.00603	0.00453	0.00558	0.00538	0.00651	0.00408	0.00401	0.00784	0.01186	0.01618	0.58517	0.07131	0.23527	0.00991	0.00530	0.00145	0.00217	0.00863	0.00470	0.00408
4	0.09716	0.06533	0.33884	0.03325	0.01557	0.01091	0.04137	0.17480	0.02312	0.07889	0.01044	0.04709	0.01906	0.00515	0.00440	0.00140	0.01982	0.00403	0.00297	0.00640
5	0.01310	0.04319	0.05175	0.01164	0.06555	0.22437	0.03369	0.10956	0.32393	0.01646	0.01192	0.01220	0.00919	0.00532	0.00487	0.00139	0.04800	0.00407	0.00338	0.00643
6	0.00704	0.00503	0.00701	0.00804	0.00900	0.00500	0.00691	0.00897	0.01013	0.01319	0.02378	0.12785	0.02612	0.01252	0.00613	0.00204	0.00397	0.70909	0.00412	0.00407
7	0.01172	0.01129	0.07612	0.01919	0.40896	0.01049	0.08649	0.13523	0.06008	0.05048	0.03186	0.03615	0.03135	0.00500	0.00460	0.00139	0.00515	0.00465	0.00300	0.00679
8	0.01091	0.00908	0.01318	0.04405	0.30550	0.00847	0.02820	0.04636	0.05117	0.06984	0.05763	0.01238	0.00961	0.00434	0.00412	0.00112	0.00428	0.00388	0.00296	0.31292
9	0.00711	0.00583	0.00679	0.04840	0.03790	0.04605	0.00503	0.00886	0.01140	0.03457	0.40953	0.09058	0.25243	0.00937	0.00516	0.00145	0.00284	0.00809	0.00429	0.00433
10	0.01140	0.02537	0.06189	0.05379	0.47948	0.04430	0.05212	0.01397	0.01030	0.08031	0.01074	0.01259	0.04531	0.00453	0.00456	0.00132	0.01860	0.00415	0.00258	0.06267

[dist]
# distance from previous block
# <min> <max>
0	1

[block]
# block no. 2 follows, 58 sequences, length 32
# corresponding to MSA columns:
# 708-739
name=unknown_C
#
# <colnr> <probs for GDERKNQSTAVLIFYWHMCP>
#	G	D	E	R	K	N	Q	S	T	A	V	L	I	F	Y	W	H	M	C	P
0	0.00873	0.00824	0.01393	0.74516	0.11547	0.01001	0.01256	0.01168	0.00908	0.01177	0.00800	0.01183	0.00608	0.00442	0.00447	0.00147	0.00589	0.00398	0.00201	0.00520
1	0.00859	0.00858	0.07949	0.01002	0.10493	0.00671	0.06133	0.02633	0.02056	0.03153	0.19630	0.04243	0.13426	0.00641	0.00452	0.00123	0.00372	0.00564	0.00340	0.24406
2	0.00539	0.00438	0.00474	0.00497	0.00614	0.00377	0.00359	0.00645	0.00983	0.01207	0.06727	0.22595	0.58770	0.03000	0.00577	0.00164	0.00238	0.01008	0.00415	0.00374
3	0.01086	0.01020	0.01646	0.12389	0.60118	0.01067	0.01262	0.02892	0.11208	0.01499	0.00965	0.01189	0.00780	0.00434	0.00445	0.00137	0.00516	0.00412	0.00253	0.00683
4	0.00572	0.00455	0.00513	0.00499	0.00631	0.00396	0.00374	0.00726	0.01122	0.01451	0.36334	0.03906	0.49354	0.01042	0.00528	0.00147	0.00220	0.00888	0.00447	0.00396
5	0.00973	0.00897	0.01404	0.34938	0.28604	0.01012	0.01142	0.04165	0.08244	0.01391	0.02657	0.02484	0.03724	0.00524	0.00506	0.00147	0.04674	0.01669	0.00258	0.00587
6	0.00648	0.00433	0.00489	0.00491	0.00492	0.00432	0.00275	0.00650	0.00656	0.00874	0.01436	0.04964	0.01660	0.82197	0.02234	0.00427	0.00429	0.00666	0.00275	0.00273
7	0.01581	0.01901	0.01229	0.01107	0.01347	0.65574	0.00838	0.05353	0.14296	0.01298	0.00893	0.00960	0.00714	0.00488	0.00414	0.00122	0.00719	0.00329	0.00277	0.00560
8	0.01993	0.00784	0.01052	0.00807	0.01153	0.00692	0.00667	0.05831	0.01319	0.78093	0.01732	0.01501	0.01091	0.00553	0.00450	0.00138	0.00386	0.00448	0.00549	0.00761
9	0.01196	0.84548	0.02344	0.00765	0.01148	0.01770	0.00765	0.01339	0.00909	0.01052	0.00622	0.00718	0.00574	0.00383	0.00287	0.00096	0.00478	0.00239	0.00191	0.00574
10	0.00882	0.00741	0.00831	0.02368	0.02616	0.00806	0.00598	0.01636	0.43806	0.01678	0.17897	0.08713	0.13980	0.00800	0.00489	0.00151	0.00308	0.00686	0.00444	0.00572
11	0.25104	0.00881	0.00992	0.00783	0.01113	0.00887	0.00647	0.16470	0.01293	0.45432	0.01326	0.01223	0.00874	0.00513	0.00403	0.00138	0.00392	0.00385	0.00459	0.00686
12	0.01889	0.00950	0.01155	0.00886	0.01236	0.00938	0.00732	0.32105	0.01597	0.51427	0.01499	0.01350	0.00974	0.00547	0.00449	0.00137	0.00424	0.00432	0.00513	0.00761
13	0.05640	0.01183	0.01328	0.01036	0.01377	0.04453	0.06086	0.53653	0.07084	0.09567	0.01173	0.01245	0.00856	0.00543	0.00449	0.00138	0.00494	0.02555	0.00425	0.00715
14	0.00706	0.00507	0.00702	0.00802	0.00903	0.00503	0.00694	0.00903	0.01021	0.01325	0.02439	0.09072	0.04988	0.01241	0.00613	0.00203	0.00398	0.72161	0.00412	0.00408
15	0.00979	0.00905	0.01658	0.38967	0.06273	0.00966	0.25219	0.03343	0.01006	0.05867	0.01140	0.06905	0.03702	0.00521	0.00483	0.00150	0.00591	0.00519	0.00257	0.00549
16	0.00777	0.00389	0.00583	0.00583	0.00583	0.00389	0.00389	0.00583	0.00583	0.00777	0.00777	0.01360	0.00777	0.01554	0.01748	0.86985	0.00389	0.00389	0.00194	0.00194
17	0.01633	0.08916	0.01359	0.01117	0.01364	0.73415	0.00856	0.04063	0.01263	0.01142	0.00697	0.00807	0.00581	0.00457	0.00395	0.00114	0.00770	0.00287	0.00234	0.00530
18	0.00651	0.00434	0.00488	0.00488	0.00488	0.00434	0.00271	0.00651	0.00651	0.00867	0.01409	0.02927	0.01626	0.84279	0.02277	0.00434	0.00434	0.00651	0.00271	0.00271
19	0.01054	0.01020	0.01742	0.15534	0.60211	0.01076	0.04488	0.01318	0.00977	0.01383	0.00819	0.01116	0.00681	0.00432	0.00517	0.00140	0.06217	0.00403	0.00216	0.00655
20	0.00932	0.00799	0.00930	0.00669	0.01063	0.00609	0.00534	0.01158	0.02921	0.01468	0.00821	0.00946	0.00680	0.00338	0.00334	0.00068	0.00332	0.00271	0.00270	0.84857
21	0.01017	0.01144	0.02478	0.01789	0.02209	0.01073	0.73823	0.01371	0.01041	0.01411	0.01024	0.07501	0.00852	0.00455	0.00531	0.00153	0.00717	0.00584	0.00241	0.00585
22	0.01056	0.01207	0.02640	0.01885	0.02338	0.01131	0.79864	0.01433	0.01056	0.01433	0.00905	0.01207	0.00679	0.00377	0.00528	0.00151	0.00754	0.00528	0.00226	0.00603
23	0.02210	0.02743	0.01173	0.06136	0.06994	0.18381	0.03434	0.06714	0.12513	0.07775	0.01246	0.05421	0.02899	0.00880	0.09744	0.00200	0.02673	0.01301	0.00318	0.07242
24	0.00957	0.15568	0.53466	0.02307	0.01714	0.02797	0.06262	0.01351	0.00929	0.01312	0.00819	0.01054	0.00648	0.05400	0.00537	0.00152	0.02214	0.00349	0.01555	0.00608
25	0.00536	0.00449	0.00466	0.00471	0.00611	0.00379	0.00350	0.00652	0.01023	0.01237	0.08766	0.09503	0.71751	0.01138	0.00531	0.00152	0.00228	0.00958	0.00420	0.00379
26	0.01057	0.02821	0.02483	0.11704	0.32393	0.03619	0.01039	0.01658	0.28360	0.01528	0.01350	0.01586	0.03428	0.00543	0.00454	0.00144	0.00473	0.04401	0.00314	0.00648
27	0.00656	0.05579	0.00691	0.00571	0.00692	0.00498	0.00437	0.00850	0.01207	0.01677	0.67270	0.07466	0.08899	0.00922	0.00515	0.00141	0.00231	0.00807	0.00465	0.00425
28	0.00913	0.00564	0.00741	0.08142	0.00992	0.00541	0.00545	0.03446	0.01089	0.16047	0.21132	0.16178	0.15234	0.04979	0.03821	0.00186	0.00352	0.02360	0.00423	0.02316
29	0.06217	0.00791	0.00906	0.00659	0.01042	0.00619	0.00528	0.01154	0.00932	0.03153	0.02514	0.00979	0.00736	0.00353	0.00335	0.00074	0.00331	0.00279	0.00277	0.78122
30	0.82177	0.00871	0.00679	0.00608	0.00883	0.01010	0.00498	0.01380	0.05633	0.01999	0.00696	0.00784	0.00538	0.00427	0.00288	0.00139	0.00347	0.00258	0.00288	0.00498
31	0.00875	0.02200	0.76993	0.01225	0.01855	0.00999	0.01573	0.01369	0.00949	0.01404	0.01030	0.01149	0.05488	0.00468	0.00431	0.00142	0.00635	0.00368	0.00203	0.00644

[dist]
# distance from previous block
# <min> <max>
0	6

[block]
# block no. 3 follows, 58 sequences, length 28
# corresponding to MSA columns:
# 746-773
name=unknown_D
#
# <colnr> <probs for GDERKNQSTAVLIFYWHMCP>
#	G	D	E	R	K	N	Q	S	T	A	V	L	I	F	Y	W	H	M	C	P
0	0.01261	0.01035	0.01095	0.00940	0.01220	0.01182	0.00744	0.21941	0.60876	0.02110	0.01632	0.01519	0.01213	0.00589	0.00453	0.00147	0.00389	0.00480	0.00453	0.00721
1	0.01954	0.00749	0.01021	0.00787	0.01124	0.00648	0.00648	0.02128	0.01280	0.78698	0.04845	0.01593	0.01228	0.00568	0.00453	0.00139	0.00374	0.00464	0.00551	0.00748
2	0.00545	0.00389	0.00519	0.00623	0.00649	0.00363	0.00415	0.00623	0.00856	0.01142	0.02465	0.83987	0.02959	0.01401	0.00571	0.00182	0.00260	0.01272	0.00415	0.00363
3	0.01748	0.00816	0.01122	0.00891	0.01150	0.00837	0.00738	0.01902	0.01130	0.61453	0.01468	0.01385	0.00976	0.00611	0.00706	0.00153	0.21321	0.00435	0.00463	0.00693
4	0.00915	0.00640	0.00703	0.00624	0.00715	0.00674	0.00417	0.20650	0.01017	0.01359	0.01325	0.02460	0.01408	0.63172	0.01816	0.00358	0.00448	0.00588	0.00316	0.00394
5	0.00616	0.00455	0.00663	0.00689	0.00753	0.00507	0.00516	0.00751	0.00752	0.01060	0.01523	0.22512	0.01595	0.04872	0.59863	0.00576	0.00943	0.00683	0.00285	0.00387
6	0.01014	0.00849	0.00976	0.00975	0.05087	0.00951	0.00741	0.03173	0.53956	0.01730	0.03338	0.02513	0.01680	0.00759	0.00497	0.00164	0.00377	0.20157	0.00433	0.00629
7	0.01683	0.00699	0.00958	0.00803	0.01088	0.00622	0.00673	0.01864	0.01217	0.61519	0.01917	0.02411	0.01477	0.00726	0.00492	0.00155	0.00389	0.20117	0.00518	0.00673
8	0.00968	0.01281	0.23238	0.14482	0.21623	0.01002	0.01195	0.01527	0.19204	0.01478	0.02167	0.03121	0.00941	0.00595	0.03006	0.00162	0.00541	0.01477	0.01359	0.00633
9	0.01530	0.01837	0.01203	0.01091	0.01328	0.61974	0.00825	0.01935	0.21283	0.01290	0.00976	0.01024	0.00775	0.00498	0.00416	0.00124	0.00693	0.00343	0.00287	0.00566
10	0.01143	0.00922	0.01043	0.00765	0.01151	0.00816	0.00619	0.23076	0.01255	0.01837	0.00873	0.00968	0.00690	0.00389	0.00364	0.00085	0.00376	0.00303	0.00316	0.63010
11	0.01268	0.00998	0.01073	0.00920	0.01187	0.01122	0.00726	0.27414	0.46064	0.03697	0.01638	0.09231	0.01314	0.00658	0.00463	0.00149	0.00391	0.00543	0.00451	0.00694
12	0.01372	0.49466	0.05320	0.00903	0.01272	0.12033	0.00837	0.21226	0.01258	0.01519	0.00752	0.00828	0.00621	0.00433	0.00348	0.00110	0.00532	0.00291	0.00261	0.00618
13	0.01216	0.01359	0.06688	0.03888	0.19184	0.26931	0.02848	0.02692	0.02857	0.04452	0.09406	0.03169	0.01150	0.02761	0.00586	0.00146	0.07975	0.01850	0.00279	0.00565
14	0.01265	0.00999	0.01188	0.00885	0.01263	0.04033	0.06525	0.22181	0.02632	0.08626	0.00973	0.01045	0.00736	0.00418	0.00392	0.00100	0.00428	0.00342	0.00337	0.45633
15	0.00729	0.00609	0.00872	0.01088	0.21025	0.00574	0.00643	0.00932	0.01149	0.01579	0.43791	0.02994	0.20612	0.00833	0.00506	0.00141	0.00295	0.00736	0.00407	0.00484
16	0.00760	0.00605	0.00673	0.00653	0.00802	0.00615	0.00487	0.05567	0.20332	0.01529	0.13227	0.23390	0.25926	0.00999	0.00513	0.00156	0.00278	0.00862	0.02144	0.00482
17	0.65647	0.00894	0.00837	0.00736	0.00943	0.01096	0.00609	0.01255	0.00742	0.01772	0.00614	0.00790	0.00510	0.00508	0.00577	0.00153	0.21295	0.00280	0.00256	0.00486
18	0.22458	0.00558	0.00537	0.00512	0.00684	0.00545	0.00395	0.00857	0.01010	0.01542	0.20821	0.03186	0.43579	0.00903	0.00465	0.00146	0.00253	0.00737	0.00398	0.00415
19	0.01700	0.01253	0.01342	0.01029	0.01387	0.01387	0.00850	0.79997	0.02103	0.02819	0.01074	0.01074	0.00761	0.00537	0.00447	0.00134	0.00492	0.00403	0.00447	0.00761
20	0.01131	0.00970	0.01022	0.00914	0.01170	0.01121	0.00712	0.04800	0.78228	0.01901	0.01797	0.01650	0.01347	0.00605	0.00455	0.00151	0.00358	0.00503	0.00455	0.00710
21	0.00907	0.00674	0.00876	0.00797	0.00947	0.00768	0.00633	0.20761	0.01068	0.01487	0.01167	0.01585	0.01028	0.02645	0.61824	0.00572	0.01020	0.00460	0.00292	0.00490
22	0.01756	0.01786	0.01210	0.01063	0.01322	0.61859	0.00812	0.01885	0.01271	0.21436	0.00962	0.00987	0.00710	0.00484	0.00415	0.00121	0.00699	0.00329	0.00312	0.00580
23	0.00974	0.00534	0.00701	0.00616	0.00784	0.00479	0.00477	0.01170	0.01257	0.21927	0.57092	0.02935	0.07582	0.00835	0.00508	0.00141	0.00255	0.00726	0.00504	0.00505
24	0.00942	0.00526	0.00662	0.00598	0.00768	0.00463	0.00459	0.01104	0.01161	0.21735	0.32538	0.11441	0.23975	0.00932	0.00513	0.00147	0.00263	0.00802	0.00479	0.00490
25	0.00928	0.00795	0.00928	0.00663	0.01060	0.00596	0.00530	0.01126	0.00928	0.01458	0.00795	0.00928	0.00663	0.00331	0.00331	0.00066	0.00331	0.00265	0.00265	0.87014
26	0.00667	0.00458	0.00567	0.00593	0.00626	0.00465	0.00410	0.00733	0.00752	0.01001	0.01632	0.03357	0.01820	0.56107	0.09037	0.00402	0.00497	0.20251	0.00304	0.00318
27	0.00907	0.04880	0.79478	0.01259	0.01911	0.01062	0.01625	0.01414	0.00943	0.01405	0.00797	0.00937	0.00567	0.00424	0.00421	0.00140	0.00655	0.00328	0.00189	0.00658

[dist]
# distance from previous block
# <min> <max>
0	3

[block]
# block no. 4 follows, 58 sequences, length 6
# corresponding to MSA columns:
# 777-782
name=unknown_E
#
# <colnr> <probs for GDERKNQSTAVLIFYWHMCP>
#	G	D	E	R	K	N	Q	S	T	A	V	L	I	F	Y	W	H	M	C	P
0	0.01835	0.00723	0.00983	0.00767	0.01083	0.00628	0.00628	0.02013	0.01279	0.71777	0.11722	0.01750	0.01497	0.00599	0.00460	0.00139	0.00359	0.00495	0.00546	0.00719
1	0.73903	0.00849	0.00718	0.00621	0.00909	0.00949	0.00512	0.01452	0.00844	0.14649	0.00804	0.00853	0.00583	0.00437	0.00304	0.00138	0.00352	0.00275	0.00321	0.00528
2	0.01316	0.01131	0.01979	0.01495	0.05053	0.01097	0.42423	0.20728	0.01327	0.11042	0.01035	0.01186	0.00748	0.00434	0.00481	0.00138	0.00607	0.00464	0.00321	0.06994
3	0.00974	0.00548	0.00797	0.00738	0.00883	0.00583	0.00583	0.01137	0.00856	0.20810	0.01337	0.01700	0.01116	0.02669	0.62418	0.00577	0.00998	0.00472	0.00317	0.00488
4	0.00625	0.00423	0.00496	0.00521	0.00527	0.00416	0.00306	0.00644	0.00701	0.00935	0.01668	0.22772	0.01952	0.63989	0.01859	0.00372	0.00391	0.00803	0.00306	0.00294
5	0.22566	0.01654	0.01093	0.00987	0.01206	0.52486	0.00758	0.01572	0.01100	0.01351	0.04577	0.00923	0.00731	0.00496	0.00458	0.00128	0.06847	0.00310	0.00252	0.00503

[dist]
# distance from previous block
# <min> <max>
0	5

[block]
# block no. 5 follows, 58 sequences, length 57
# corresponding to MSA columns:
# 788-810,813-846
name=unknown_F
#
# <colnr> <probs for GDERKNQSTAVLIFYWHMCP>
#	G	D	E	R	K	N	Q	S	T	A	V	L	I	F	Y	W	H	M	C	P
0	0.01061	0.00997	0.01684	0.02515	0.71812	0.00997	0.01295	0.01319	0.01020	0.01447	0.01025	0.01580	0.00933	0.00499	0.00464	0.00142	0.00517	0.09778	0.00244	0.00673
1	0.00611	0.10555	0.00684	0.00493	0.00671	0.00546	0.00393	0.00730	0.01012	0.01203	0.05794	0.03852	0.69869	0.01038	0.00500	0.00144	0.00256	0.00856	0.00390	0.00402
2	0.01063	0.01177	0.02444	0.01768	0.02197	0.01129	0.70356	0.01546	0.10621	0.01486	0.01015	0.01262	0.00761	0.00405	0.00519	0.00151	0.00706	0.00525	0.00254	0.00616
3	0.11237	0.00471	0.00446	0.00438	0.00562	0.00487	0.00333	0.01075	0.00917	0.01708	0.01359	0.01555	0.01067	0.00508	0.00308	0.00108	0.00225	0.00396	0.76374	0.00425
4	0.00649	0.00439	0.00516	0.00516	0.00525	0.00449	0.00306	0.00668	0.00659	0.00888	0.01384	0.02787	0.01565	0.74558	0.11914	0.00468	0.00526	0.00630	0.00267	0.00286
5	0.11237	0.00471	0.00446	0.00438	0.00562	0.00487	0.00333	0.01075	0.00917	0.01708	0.01359	0.01555	0.01067	0.00508	0.00308	0.00108	0.00225	0.00396	0.76374	0.00425
6	0.00684	0.00477	0.00541	0.00509	0.00557	0.00453	0.00302	0.00708	0.00684	0.00938	0.01336	0.02687	0.01511	0.74195	0.02043	0.00390	0.00421	0.00604	0.00270	0.10691
7	0.00938	0.13530	0.71102	0.01205	0.01829	0.01139	0.01532	0.01406	0.00940	0.01367	0.00778	0.00913	0.00568	0.00419	0.00406	0.00135	0.00636	0.00318	0.00189	0.00649
8	0.00897	0.02314	0.81962	0.01275	0.01936	0.01039	0.01653	0.01417	0.00944	0.01417	0.00803	0.00944	0.00567	0.00425	0.00425	0.00142	0.00661	0.00331	0.00189	0.00661
9	0.01040	0.01157	0.02434	0.01738	0.02184	0.01067	0.70334	0.01396	0.01040	0.01436	0.00892	0.01173	0.00677	0.00372	0.00504	0.00141	0.00703	0.00496	0.00231	0.10983
10	0.00879	0.00872	0.01698	0.16595	0.01947	0.00871	0.37254	0.01167	0.00998	0.01324	0.01412	0.11259	0.01376	0.00712	0.00540	0.00167	0.00587	0.19545	0.00287	0.00511
11	0.00556	0.00400	0.00543	0.00634	0.00667	0.00387	0.00433	0.00644	0.00840	0.01129	0.02313	0.74110	0.02738	0.01636	0.10413	0.00246	0.00372	0.01176	0.00394	0.00368
12	0.03051	0.03529	0.01170	0.01032	0.01257	0.65343	0.00782	0.02999	0.01226	0.04041	0.00825	0.00937	0.00665	0.00470	0.00390	0.00115	0.00700	0.00309	0.10640	0.00519
13	0.00918	0.00795	0.00977	0.10578	0.01303	0.00644	0.00616	0.01128	0.00924	0.01420	0.00795	0.00959	0.00655	0.00345	0.00345	0.00076	0.00363	0.00281	0.00257	0.76621
14	0.00974	0.00932	0.01282	0.04571	0.02844	0.02881	0.02222	0.01102	0.00749	0.01164	0.00713	0.01073	0.00659	0.00716	0.01228	0.00179	0.65231	0.00395	0.10596	0.00488
15	0.00990	0.02292	0.72268	0.01260	0.01870	0.10822	0.01558	0.01461	0.00983	0.01378	0.00789	0.00928	0.00568	0.00429	0.00422	0.00138	0.00679	0.00325	0.00194	0.00644
16	0.00972	0.01799	0.45380	0.01581	0.04390	0.01079	0.35449	0.01422	0.00995	0.01425	0.00848	0.01062	0.00619	0.00404	0.00470	0.00145	0.00698	0.00418	0.00206	0.00637
17	0.00633	0.00457	0.00598	0.00563	0.00668	0.00422	0.00422	0.00844	0.01266	0.01794	0.81253	0.03341	0.04221	0.00914	0.00528	0.00141	0.00211	0.00809	0.00492	0.00422
18	0.01196	0.84548	0.02344	0.00765	0.01148	0.01770	0.00765	0.01339	0.00909	0.01052	0.00622	0.00718	0.00574	0.00383	0.00287	0.00096	0.00478	0.00239	0.00191	0.00574
19	0.00713	0.00509	0.00712	0.00815	0.00914	0.00508	0.00707	0.00913	0.01022	0.01330	0.02373	0.08614	0.02592	0.01243	0.00616	0.00205	0.00405	0.74988	0.00412	0.00410
20	0.00928	0.00795	0.00928	0.00663	0.01060	0.00596	0.00530	0.01126	0.00928	0.01458	0.00795	0.00928	0.00663	0.00331	0.00331	0.00066	0.00331	0.00265	0.00265	0.87014
21	0.00633	0.00457	0.00598	0.00563	0.00668	0.00422	0.00422	0.00844	0.01266	0.01794	0.81253	0.03341	0.04221	0.00914	0.00528	0.00141	0.00211	0.00809	0.00492	0.00422
22	0.00651	0.00434	0.00488	0.00488	0.00488	0.00434	0.00271	0.00651	0.00651	0.00867	0.01409	0.02927	0.01626	0.84279	0.02277	0.00434	0.00434	0.00651	0.00271	0.00271
23	0.00651	0.00434	0.00488	0.00488	0.00488	0.00434	0.00271	0.00651	0.00651	0.00867	0.01409	0.02927	0.01626	0.84279	0.02277	0.00434	0.00434	0.00651	0.00271	0.00271
24	0.00640	0.00476	0.00703	0.00703	0.00777	0.00550	0.00539	0.00788	0.00714	0.01027	0.01213	0.01839	0.01154	0.08975	0.76935	0.00699	0.01145	0.00491	0.00242	0.00390
25	0.00531	0.00452	0.00457	0.00458	0.00606	0.00378	0.00343	0.00645	0.01021	0.01218	0.05951	0.05761	0.78392	0.01134	0.00529	0.00151	0.00227	0.00948	0.00417	0.00378
26	0.01196	0.84548	0.02344	0.00765	0.01148	0.01770	0.00765	0.01339	0.00909	0.01052	0.00622	0.00718	0.00574	0.00383	0.00287	0.00096	0.00478	0.00239	0.00191	0.00574
27	0.00928	0.00795	0.00928	0.00663	0.01060	0.00596	0.00530	0.01126	0.00928	0.01458	0.00795	0.00928	0.00663	0.00331	0.00331	0.00066	0.00331	0.00265	0.00265	0.87014
28	0.00971	0.09198	0.69265	0.01235	0.01852	0.01089	0.04293	0.01440	0.00958	0.04508	0.00828	0.00957	0.00592	0.00425	0.00418	0.00138	0.00638	0.00334	0.00205	0.00656
29	0.00630	0.00443	0.00515	0.00515	0.00550	0.00443	0.00323	0.00670	0.00718	0.00945	0.01870	0.02978	0.14078	0.59764	0.13350	0.00430	0.00509	0.00672	0.00289	0.00306
30	0.01121	0.04073	0.00919	0.00780	0.02014	0.04572	0.00612	0.04188	0.20066	0.17012	0.24741	0.02471	0.08251	0.00752	0.00483	0.00145	0.00346	0.06424	0.00454	0.00576
31	0.01073	0.16697	0.50368	0.01253	0.07433	0.05061	0.02573	0.01456	0.00981	0.06612	0.00858	0.02196	0.00652	0.00440	0.00406	0.00132	0.00603	0.00342	0.00222	0.00643
32	0.01196	0.84548	0.02344	0.00765	0.01148	0.01770	0.00765	0.01339	0.00909	0.01052	0.00622	0.00718	0.00574	0.00383	0.00287	0.00096	0.00478	0.00239	0.00191	0.00574
33	0.00928	0.00795	0.00928	0.00663	0.01060	0.00596	0.00530	0.01126	0.00928	0.01458	0.00795	0.00928	0.00663	0.00331	0.00331	0.00066	0.00331	0.00265	0.00265	0.87014
34	0.02627	0.00967	0.01623	0.15547	0.57483	0.00998	0.02558	0.01331	0.00989	0.04935	0.00920	0.02730	0.00770	0.01630	0.02876	0.00158	0.00549	0.00422	0.00238	0.00649
35	0.00678	0.00484	0.00672	0.00775	0.00859	0.00478	0.00647	0.00853	0.00988	0.01291	0.02392	0.24160	0.02667	0.01276	0.00606	0.00200	0.00375	0.59784	0.00413	0.00400
36	0.00897	0.02229	0.77070	0.01284	0.01923	0.01031	0.04503	0.01402	0.00943	0.01408	0.00816	0.00974	0.00584	0.00494	0.02423	0.00156	0.00678	0.00341	0.00191	0.00653
37	0.01981	0.03206	0.10586	0.00826	0.00993	0.15015	0.00691	0.01108	0.03331	0.03070	0.01268	0.11675	0.01294	0.22611	0.13783	0.00310	0.05406	0.02124	0.00276	0.00444
38	0.00654	0.00477	0.00593	0.00592	0.02617	0.00443	0.00427	0.00869	0.02940	0.01658	0.54751	0.05354	0.17056	0.00909	0.00505	0.00140	0.00226	0.00791	0.08573	0.00426
39	0.01259	0.63281	0.07096	0.00903	0.02883	0.14322	0.00850	0.02889	0.00992	0.01123	0.00657	0.00760	0.00580	0.00401	0.00320	0.00103	0.00542	0.00259	0.00203	0.00577
40	0.01118	0.12809	0.40523	0.01101	0.01570	0.10945	0.01198	0.07164	0.14961	0.01504	0.00991	0.02473	0.00763	0.00480	0.00414	0.00134	0.00582	0.00365	0.00263	0.00643
41	0.00534	0.00451	0.00462	0.00464	0.00609	0.00379	0.00346	0.00650	0.01024	0.01230	0.07668	0.07251	0.75141	0.01134	0.00530	0.00152	0.00227	0.00951	0.00419	0.00379
42	0.00794	0.00660	0.00722	0.00674	0.00852	0.00691	0.00515	0.01398	0.33433	0.01613	0.21701	0.04267	0.27253	0.00921	0.02350	0.00162	0.00297	0.00729	0.00446	0.00523
43	0.00545	0.00389	0.00519	0.00623	0.00649	0.00363	0.00415	0.00623	0.00856	0.01142	0.02465	0.83987	0.02959	0.01401	0.00571	0.00182	0.00260	0.01272	0.00415	0.00363
44	0.01700	0.01253	0.01342	0.01029	0.01387	0.01387	0.00850	0.79997	0.02103	0.02819	0.01074	0.01074	0.00761	0.00537	0.00447	0.00134	0.00492	0.00403	0.00447	0.00761
45	0.00639	0.00479	0.00719	0.00719	0.00799	0.00559	0.00559	0.00799	0.00719	0.01038	0.01198	0.01757	0.01118	0.03355	0.82507	0.00719	0.01198	0.00479	0.00240	0.00399
46	0.01113	0.00961	0.01011	0.00910	0.01163	0.01113	0.00708	0.02377	0.80681	0.01871	0.01821	0.01669	0.01365	0.00607	0.00455	0.00152	0.00354	0.00506	0.00455	0.00708
47	0.00651	0.00434	0.00488	0.00488	0.00488	0.00434	0.00271	0.00651	0.00651	0.00867	0.01409	0.02927	0.01626	0.84279	0.02277	0.00434	0.00434	0.00651	0.00271	0.00271
48	0.00651	0.00434	0.00488	0.00488	0.00488	0.00434	0.00271	0.00651	0.00651	0.00867	0.01409	0.02927	0.01626	0.84279	0.02277	0.00434	0.00434	0.00651	0.00271	0.00271
49	0.00897	0.02314	0.81962	0.01275	0.01936	0.01039	0.01653	0.01417	0.00944	0.01417	0.00803	0.00944	0.00567	0.00425	0.00425	0.00142	0.00661	0.00331	0.00189	0.00661
50	0.01913	0.00856	0.01091	0.00839	0.01182	0.00804	0.00692	0.18290	0.01451	0.63641	0.03387	0.01470	0.01105	0.00558	0.00451	0.00138	0.00400	0.00448	0.00530	0.00754
51	0.01079	0.01034	0.01764	0.11499	0.72958	0.01055	0.01359	0.01348	0.01005	0.01427	0.00836	0.01116	0.00696	0.00404	0.00443	0.00135	0.00538	0.00398	0.00219	0.00686
52	0.03229	0.12378	0.49110	0.03894	0.04144	0.03255	0.02902	0.02720	0.00964	0.01399	0.00779	0.00925	0.00589	0.00409	0.00395	0.00125	0.00584	0.00317	0.00209	0.11673
53	0.85150	0.00899	0.00674	0.00603	0.00879	0.03178	0.00495	0.01328	0.00775	0.01983	0.00625	0.00729	0.00487	0.00416	0.00280	0.00138	0.00358	0.00243	0.00276	0.00485
54	0.00653	0.00461	0.00579	0.00630	0.00691	0.00447	0.00444	0.02083	0.03705	0.02539	0.07416	0.45004	0.06569	0.16245	0.00872	0.00223	0.00314	0.10346	0.00398	0.00382
55	0.01243	0.04100	0.01683	0.06473	0.44789	0.09181	0.05724	0.13941	0.05589	0.01630	0.00911	0.01100	0.00727	0.00439	0.00440	0.00133	0.00557	0.00396	0.00269	0.00676
56	0.00554	0.00399	0.00511	0.00596	0.00630	0.00371	0.00395	0.00627	0.00849	0.01121	0.02528	0.69771	0.09070	0.09427	0.00733	0.00204	0.00274	0.01185	0.00401	0.00356

[dist]
# distance from previous block
# <min> <max>
0	2

[block]
# block no. 6 follows, 58 sequences, length 6
# corresponding to MSA columns:
# 849-854
name=unknown_G
#
# <colnr> <probs for GDERKNQSTAVLIFYWHMCP>
#	G	D	E	R	K	N	Q	S	T	A	V	L	I	F	Y	W	H	M	C	P
0	0.01144	0.01033	0.01213	0.00954	0.04306	0.07620	0.07602	0.15129	0.01178	0.01666	0.00847	0.00975	0.00676	0.00385	0.00379	0.00092	0.00444	0.00319	0.00289	0.53748
1	0.00890	0.00827	0.00745	0.00716	0.00864	0.14987	0.00545	0.07370	0.03137	0.01391	0.12407	0.11008	0.24280	0.07890	0.00659	0.00176	0.00396	0.10887	0.00384	0.00442
2	0.00843	0.00716	0.00830	0.00637	0.00971	0.00552	0.00510	0.01027	0.00951	0.01406	0.01562	0.01804	0.15018	0.00534	0.00386	0.00091	0.00318	0.05722	0.00302	0.65823
3	0.06084	0.01035	0.02880	0.00845	0.01081	0.09981	0.02487	0.28161	0.04061	0.08505	0.04341	0.01749	0.03674	0.22100	0.00911	0.00212	0.00481	0.00486	0.00367	0.00560
4	0.00762	0.00611	0.00885	0.01040	0.14992	0.00665	0.00651	0.00995	0.07227	0.01142	0.01233	0.01896	0.01179	0.20622	0.43536	0.00506	0.00842	0.00505	0.00261	0.00450
5	0.02943	0.00716	0.00985	0.00994	0.09997	0.00750	0.00701	0.02929	0.01058	0.21897	0.14969	0.09905	0.07356	0.03564	0.00724	0.00166	0.15006	0.04395	0.00396	0.00547

[dist]
# distance from previous block
# <min> <max>
0	321

# created by:
# /st0/software/busco_prod/Augustus/scripts/msa2prfl.pl ./align_prep/118728.fa
