[name]
unknown

[dist]
# distance from previous block
# <min> <max>
0	41

[block]
# block no. 0 follows, 58 sequences, length 60
# corresponding to MSA columns:
# 41-100
name=unknown_A
#
# <colnr> <probs for GDERKNQSTAVLIFYWHMCP>
#	G	D	E	R	K	N	Q	S	T	A	V	L	I	F	Y	W	H	M	C	P
0	0.01035	0.32205	0.33502	0.00974	0.01423	0.01194	0.01097	0.01340	0.00960	0.05137	0.01023	0.01518	0.00907	0.00537	0.00402	0.00132	0.00531	0.12303	0.00244	0.03538
1	0.01322	0.02816	0.12947	0.00987	0.01337	0.02897	0.00883	0.22317	0.38799	0.08718	0.01427	0.01360	0.01039	0.00550	0.00444	0.00143	0.00449	0.00439	0.00413	0.00713
2	0.00639	0.00479	0.00719	0.00719	0.00799	0.00559	0.00559	0.00799	0.00719	0.01038	0.01198	0.01757	0.01118	0.03355	0.82507	0.00719	0.01198	0.00479	0.00240	0.00399
3	0.00897	0.02314	0.81962	0.01275	0.01936	0.01039	0.01653	0.01417	0.00944	0.01417	0.00803	0.00944	0.00567	0.00425	0.00425	0.00142	0.00661	0.00331	0.00189	0.00661
4	0.01700	0.01253	0.01342	0.01029	0.01387	0.01387	0.00850	0.79997	0.02103	0.02819	0.01074	0.01074	0.00761	0.00537	0.00447	0.00134	0.00492	0.00403	0.00447	0.00761
5	0.00627	0.00457	0.00589	0.00556	0.00664	0.00419	0.00417	0.00832	0.01251	0.01758	0.76531	0.03401	0.08965	0.00928	0.00528	0.00141	0.00212	0.00817	0.00488	0.00419
6	0.00555	0.00400	0.00525	0.00608	0.00649	0.00371	0.00413	0.00650	0.00913	0.01222	0.11930	0.70797	0.06647	0.01331	0.00564	0.00175	0.00252	0.01202	0.00424	0.00371
7	0.00544	0.00394	0.00514	0.00610	0.00645	0.00364	0.00409	0.00624	0.00869	0.01147	0.02626	0.77812	0.09031	0.01381	0.00568	0.00179	0.00257	0.01246	0.00415	0.00364
8	0.00626	0.00457	0.00587	0.00555	0.00664	0.00419	0.00416	0.00829	0.01248	0.01751	0.75690	0.03411	0.09810	0.00930	0.00528	0.00141	0.00212	0.00819	0.00487	0.00419
9	0.01107	0.01063	0.01816	0.02746	0.81489	0.01063	0.01373	0.01373	0.01019	0.01461	0.00841	0.01107	0.00709	0.00399	0.00443	0.00133	0.00531	0.00399	0.00221	0.00709
10	0.01394	0.01347	0.01422	0.01105	0.01448	0.21211	0.12863	0.28021	0.01424	0.01817	0.00877	0.00991	0.00675	0.00449	0.00440	0.00117	0.02157	0.00360	0.00311	0.21571
11	0.00897	0.02314	0.81962	0.01275	0.01936	0.01039	0.01653	0.01417	0.00944	0.01417	0.00803	0.00944	0.00567	0.00425	0.00425	0.00142	0.00661	0.00331	0.00189	0.00661
12	0.00670	0.00466	0.00606	0.00566	0.00680	0.00427	0.00426	0.00876	0.01258	0.04122	0.76216	0.03322	0.06845	0.00912	0.00525	0.00141	0.00217	0.00803	0.00492	0.00430
13	0.00650	0.00436	0.00502	0.00502	0.00507	0.00441	0.00289	0.00660	0.00655	0.00878	0.01396	0.02855	0.01595	0.79270	0.07243	0.00451	0.00481	0.00640	0.00269	0.00279
14	0.00641	0.00477	0.00600	0.00569	0.00686	0.00445	0.00430	0.00880	0.04232	0.01718	0.67489	0.03430	0.13053	0.00936	0.00527	0.00144	0.00223	0.02613	0.00480	0.00427
15	0.00647	0.00447	0.00556	0.00556	0.00580	0.00471	0.00356	0.00694	0.00671	0.00918	0.01347	0.02582	0.01476	0.60413	0.25939	0.00518	0.00659	0.00600	0.00262	0.00309
16	0.01210	0.01235	0.01718	0.02455	0.67013	0.13871	0.01281	0.03285	0.01083	0.01436	0.00823	0.01059	0.00689	0.00412	0.00437	0.00130	0.00574	0.00381	0.00228	0.00680
17	0.00538	0.00452	0.00467	0.00466	0.00611	0.00381	0.00348	0.00658	0.01036	0.01255	0.10826	0.06062	0.73129	0.01121	0.00530	0.00151	0.00226	0.00940	0.00422	0.00381
18	0.00928	0.00795	0.00928	0.00663	0.01060	0.00596	0.00530	0.01126	0.00928	0.01458	0.00795	0.00928	0.00663	0.00331	0.00331	0.00066	0.00331	0.00265	0.00265	0.87014
19	0.00928	0.00795	0.00928	0.00663	0.01060	0.00596	0.00530	0.01126	0.00928	0.01458	0.00795	0.00928	0.00663	0.00331	0.00331	0.00066	0.00331	0.00265	0.00265	0.87014
20	0.00843	0.00796	0.01350	0.69574	0.06969	0.00955	0.04153	0.01127	0.00911	0.01173	0.01012	0.04369	0.03909	0.00505	0.00458	0.00150	0.00572	0.00457	0.00218	0.00502
21	0.01415	0.01004	0.01222	0.00983	0.01295	0.01070	0.07212	0.25379	0.31172	0.16575	0.01579	0.03465	0.03065	0.00585	0.00461	0.00143	0.00427	0.00492	0.00447	0.02008
22	0.01339	0.01094	0.01131	0.00957	0.01241	0.04240	0.00762	0.32396	0.43493	0.02180	0.01516	0.03418	0.01167	0.00608	0.00457	0.00146	0.00424	0.02282	0.00442	0.00706
23	0.01650	0.02063	0.01256	0.01135	0.01368	0.77649	0.00854	0.04715	0.01299	0.01175	0.02450	0.00872	0.00662	0.00474	0.00408	0.00117	0.00782	0.00304	0.00244	0.00526
24	0.00845	0.00795	0.01342	0.83204	0.03081	0.00994	0.01242	0.01143	0.00894	0.01143	0.00795	0.01193	0.00596	0.00447	0.00447	0.00149	0.00596	0.00398	0.00199	0.00497
25	0.78080	0.00882	0.00716	0.00624	0.00909	0.01007	0.00514	0.05855	0.00865	0.06219	0.00708	0.00788	0.00533	0.00429	0.00296	0.00138	0.00356	0.00262	0.00301	0.00515
26	0.00690	0.00559	0.00860	0.00811	0.00896	0.00665	0.03599	0.00852	0.00728	0.01057	0.01123	0.01655	0.01046	0.02974	0.70943	0.00643	0.09776	0.00472	0.00235	0.00416
27	0.00866	0.00817	0.01380	0.76686	0.09433	0.00999	0.01253	0.01162	0.00905	0.01169	0.00799	0.01186	0.00605	0.00443	0.00447	0.00148	0.00591	0.00398	0.00201	0.00514
28	0.02007	0.00761	0.01038	0.00796	0.01142	0.00657	0.00657	0.02180	0.01280	0.81799	0.01765	0.01523	0.01107	0.00554	0.00450	0.00138	0.00381	0.00450	0.00554	0.00761
29	0.01968	0.00782	0.01046	0.00807	0.01150	0.00694	0.00665	0.04472	0.03977	0.76790	0.01746	0.01514	0.01106	0.00555	0.00450	0.00139	0.00383	0.00450	0.00547	0.00759
30	0.01186	0.81781	0.05024	0.00783	0.01175	0.01745	0.00795	0.01342	0.00910	0.01065	0.00628	0.00725	0.00574	0.00384	0.00292	0.00097	0.00485	0.00242	0.00191	0.00577
31	0.00777	0.00389	0.00583	0.00583	0.00583	0.00389	0.00389	0.00583	0.00583	0.00777	0.00777	0.01360	0.00777	0.01554	0.01748	0.86985	0.00389	0.00389	0.00194	0.00194
32	0.01671	0.02132	0.01268	0.01152	0.01383	0.82483	0.00864	0.01786	0.01268	0.01095	0.00691	0.00807	0.00576	0.00461	0.00403	0.00115	0.00807	0.00288	0.00230	0.00519
33	0.00545	0.00389	0.00519	0.00623	0.00649	0.00363	0.00415	0.00623	0.00856	0.01142	0.02465	0.83987	0.02959	0.01401	0.00571	0.00182	0.00260	0.01272	0.00415	0.00363
34	0.14681	0.03952	0.04063	0.01321	0.04007	0.07388	0.32482	0.04119	0.01060	0.13791	0.01004	0.03927	0.00776	0.00480	0.00502	0.00144	0.04964	0.00448	0.00294	0.00597
35	0.00969	0.11771	0.70031	0.01200	0.01818	0.01111	0.01517	0.01433	0.00952	0.04080	0.00814	0.00938	0.00586	0.00424	0.00410	0.00136	0.00631	0.00324	0.00201	0.00654
36	0.00928	0.00795	0.00928	0.00663	0.01060	0.00596	0.00530	0.01126	0.00928	0.01458	0.00795	0.00928	0.00663	0.00331	0.00331	0.00066	0.00331	0.00265	0.00265	0.87014
37	0.01254	0.01093	0.03550	0.01240	0.01593	0.01101	0.27148	0.15934	0.28226	0.09016	0.01444	0.01467	0.03710	0.00526	0.00479	0.00147	0.00518	0.00500	0.00378	0.00675
38	0.00777	0.00389	0.00583	0.00583	0.00583	0.00389	0.00389	0.00583	0.00583	0.00777	0.00777	0.01360	0.00777	0.01554	0.01748	0.86985	0.00389	0.00389	0.00194	0.00194
39	0.01110	0.00988	0.00998	0.00900	0.01145	0.04857	0.00698	0.02262	0.72708	0.01817	0.04167	0.01742	0.03368	0.00622	0.00457	0.00150	0.00368	0.00515	0.00445	0.00683
40	0.87439	0.00865	0.00657	0.00588	0.00865	0.01003	0.00484	0.01315	0.00761	0.02007	0.00623	0.00727	0.00484	0.00415	0.00277	0.00138	0.00346	0.00242	0.00277	0.00484
41	0.00845	0.00795	0.01342	0.83204	0.03081	0.00994	0.01242	0.01143	0.00894	0.01143	0.00795	0.01193	0.00596	0.00447	0.00447	0.00149	0.00596	0.00398	0.00199	0.00497
42	0.00697	0.00498	0.00693	0.00791	0.00885	0.00494	0.00674	0.00888	0.01019	0.01333	0.05360	0.14128	0.02681	0.01243	0.00609	0.00201	0.00387	0.66599	0.00415	0.00407
43	0.00845	0.00795	0.01342	0.83204	0.03081	0.00994	0.01242	0.01143	0.00894	0.01143	0.00795	0.01193	0.00596	0.00447	0.00447	0.00149	0.00596	0.00398	0.00199	0.00497
44	0.00559	0.00401	0.00534	0.00635	0.00670	0.00376	0.00438	0.00648	0.00875	0.01159	0.02510	0.75597	0.04924	0.01381	0.00574	0.00183	0.00271	0.07484	0.00415	0.00368
45	0.00657	0.00473	0.00599	0.00562	0.00681	0.00436	0.00423	0.00879	0.02946	0.03225	0.69416	0.03380	0.12786	0.00926	0.00525	0.00142	0.00219	0.00811	0.00484	0.00430
46	0.03152	0.00981	0.01153	0.00893	0.01234	0.00998	0.00735	0.36585	0.04607	0.40983	0.01437	0.01320	0.00955	0.00545	0.00444	0.00136	0.00425	0.00427	0.02241	0.00748
47	0.01099	0.01089	0.01934	0.02361	0.55077	0.02348	0.20481	0.03230	0.01062	0.01494	0.02923	0.01196	0.00800	0.00414	0.00462	0.00137	0.00574	0.00439	0.02214	0.00667
48	0.77494	0.09098	0.00830	0.00609	0.00898	0.01073	0.00515	0.01332	0.00785	0.03275	0.00642	0.00739	0.00504	0.00414	0.00281	0.00134	0.00360	0.00245	0.00273	0.00498
49	0.01254	0.25519	0.07804	0.04127	0.17948	0.20882	0.00982	0.01571	0.09679	0.03177	0.00940	0.01048	0.02338	0.00454	0.00390	0.00122	0.00566	0.00344	0.00249	0.00607
50	0.01295	0.10267	0.27461	0.01073	0.01511	0.02437	0.07366	0.11653	0.08770	0.18308	0.02791	0.03117	0.00919	0.00508	0.00435	0.00137	0.00524	0.00418	0.00338	0.00671
51	0.00688	0.00433	0.00492	0.00513	0.00606	0.00414	0.00371	0.00873	0.02825	0.01485	0.14685	0.25022	0.12874	0.00910	0.00450	0.00139	0.00229	0.00787	0.35800	0.00404
52	0.01130	0.00846	0.00845	0.00749	0.00952	0.09928	0.00580	0.05566	0.16593	0.15202	0.08503	0.02327	0.18439	0.05541	0.03692	0.00180	0.02094	0.01896	0.04390	0.00546
53	0.00567	0.00440	0.00522	0.00573	0.00671	0.00395	0.00427	0.00686	0.00972	0.01225	0.06090	0.32359	0.39118	0.01235	0.00557	0.00170	0.00266	0.12928	0.00417	0.00379
54	0.01107	0.01063	0.01816	0.02746	0.81489	0.01063	0.01373	0.01373	0.01019	0.01461	0.00841	0.01107	0.00709	0.00399	0.00443	0.00133	0.00531	0.00399	0.00221	0.00709
55	0.00545	0.00389	0.00519	0.00623	0.00649	0.00363	0.00415	0.00623	0.00856	0.01142	0.02465	0.83987	0.02959	0.01401	0.00571	0.00182	0.00260	0.01272	0.00415	0.00363
56	0.00897	0.02314	0.81962	0.01275	0.01936	0.01039	0.01653	0.01417	0.00944	0.01417	0.00803	0.00944	0.00567	0.00425	0.00425	0.00142	0.00661	0.00331	0.00189	0.00661
57	0.01196	0.84548	0.02344	0.00765	0.01148	0.01770	0.00765	0.01339	0.00909	0.01052	0.00622	0.00718	0.00574	0.00383	0.00287	0.00096	0.00478	0.00239	0.00191	0.00574
58	0.01090	0.01045	0.01785	0.08019	0.76350	0.01058	0.01364	0.01358	0.01010	0.01441	0.00838	0.01113	0.00701	0.00402	0.00443	0.00134	0.00536	0.00398	0.00220	0.00695
59	0.01132	0.01036	0.00914	0.00833	0.01048	0.18557	0.00647	0.03459	0.28177	0.07350	0.09886	0.02326	0.16254	0.00738	0.00475	0.00145	0.00424	0.05629	0.00407	0.00564

[dist]
# distance from previous block
# <min> <max>
0	1

[block]
# block no. 1 follows, 58 sequences, length 35
# corresponding to MSA columns:
# 102-108,111-127,134-144
name=unknown_B
#
# <colnr> <probs for GDERKNQSTAVLIFYWHMCP>
#	G	D	E	R	K	N	Q	S	T	A	V	L	I	F	Y	W	H	M	C	P
0	0.87439	0.00865	0.00657	0.00588	0.00865	0.01003	0.00484	0.01315	0.00761	0.02007	0.00623	0.00727	0.00484	0.00415	0.00277	0.00138	0.00346	0.00242	0.00277	0.00484
1	0.02707	0.03344	0.61507	0.01219	0.01803	0.01009	0.06287	0.01540	0.03160	0.11857	0.00955	0.01047	0.00664	0.00443	0.00430	0.00141	0.00613	0.00360	0.00247	0.00667
2	0.00545	0.00389	0.00519	0.00623	0.00649	0.00363	0.00415	0.00623	0.00856	0.01142	0.02465	0.83987	0.02959	0.01401	0.00571	0.00182	0.00260	0.01272	0.00415	0.00363
3	0.00650	0.00436	0.00498	0.00498	0.00502	0.00439	0.00284	0.00657	0.00654	0.00875	0.01400	0.02874	0.01603	0.80601	0.05924	0.00447	0.00468	0.00643	0.00270	0.00277
4	0.02007	0.00761	0.01038	0.00796	0.01142	0.00657	0.00657	0.02180	0.01280	0.81799	0.01765	0.01523	0.01107	0.00554	0.00450	0.00138	0.00381	0.00450	0.00554	0.00761
5	0.01205	0.01273	0.01738	0.05768	0.57299	0.17284	0.06150	0.01449	0.01065	0.01373	0.00814	0.01057	0.00676	0.00412	0.00440	0.00131	0.00603	0.00385	0.00223	0.00655
6	0.00834	0.00417	0.00417	0.00417	0.00521	0.00417	0.00313	0.01042	0.00938	0.01668	0.01459	0.01668	0.01147	0.00521	0.00313	0.00104	0.00208	0.00417	0.86763	0.00417
7	0.00928	0.00795	0.00928	0.00663	0.01060	0.00596	0.00530	0.01126	0.00928	0.01458	0.00795	0.00928	0.00663	0.00331	0.00331	0.00066	0.00331	0.00265	0.00265	0.87014
8	0.00537	0.00453	0.00465	0.00462	0.00609	0.00381	0.00347	0.00659	0.01040	0.01256	0.10831	0.04226	0.74978	0.01115	0.00529	0.00150	0.00225	0.00933	0.00422	0.00381
9	0.01037	0.40464	0.42775	0.01022	0.01546	0.01366	0.01210	0.01373	0.00927	0.01249	0.00719	0.00839	0.00573	0.00403	0.00358	0.00118	0.00567	0.00286	0.00192	0.02976
10	0.01222	0.03307	0.01613	0.01564	0.21691	0.01077	0.17686	0.07738	0.25272	0.09756	0.03537	0.01390	0.01041	0.00497	0.00464	0.00142	0.00496	0.00471	0.00351	0.00684
11	0.00639	0.00479	0.00719	0.00719	0.00799	0.00559	0.00559	0.00799	0.00719	0.01038	0.01198	0.01757	0.01118	0.03355	0.82507	0.00719	0.01198	0.00479	0.00240	0.00399
12	0.00928	0.00795	0.00928	0.00663	0.01060	0.00596	0.00530	0.01126	0.00928	0.01458	0.00795	0.00928	0.00663	0.00331	0.00331	0.00066	0.00331	0.00265	0.00265	0.87014
13	0.84452	0.00879	0.00681	0.00604	0.00883	0.01017	0.00497	0.04056	0.00808	0.02035	0.00639	0.00739	0.00494	0.00419	0.00283	0.00138	0.00351	0.00248	0.00283	0.00494
14	0.00663	0.00500	0.00587	0.00549	0.00695	0.00444	0.00414	0.03107	0.01153	0.03130	0.38849	0.08436	0.33079	0.00977	0.00516	0.00143	0.00238	0.00840	0.00446	0.05236
15	0.03820	0.00778	0.01039	0.00798	0.01143	0.00686	0.00659	0.04433	0.01293	0.77791	0.01720	0.01492	0.01084	0.00550	0.00446	0.00138	0.00383	0.00444	0.00545	0.00755
16	0.00568	0.00444	0.00515	0.00520	0.00634	0.00391	0.00382	0.00710	0.01079	0.01404	0.31224	0.17427	0.40901	0.01101	0.00535	0.00153	0.00227	0.00952	0.00443	0.00391
17	0.00902	0.02281	0.79632	0.01293	0.01948	0.01042	0.03950	0.01417	0.00948	0.01417	0.00806	0.00952	0.00570	0.00424	0.00428	0.00142	0.00664	0.00336	0.00190	0.00659
18	0.01512	0.00887	0.01063	0.00801	0.01166	0.00809	0.00654	0.18734	0.04017	0.32293	0.01259	0.01211	0.00877	0.00470	0.00406	0.00111	0.00386	0.00373	0.00421	0.32550
19	0.00633	0.00457	0.00598	0.00563	0.00668	0.00422	0.00422	0.00844	0.01266	0.01794	0.81253	0.03341	0.04221	0.00914	0.00528	0.00141	0.00211	0.00809	0.00492	0.00422
20	0.01445	0.01165	0.01182	0.00978	0.01280	0.06437	0.00782	0.38200	0.37035	0.04527	0.01402	0.01335	0.01028	0.00564	0.00448	0.00141	0.00448	0.00443	0.00440	0.00722
21	0.01196	0.84548	0.02344	0.00765	0.01148	0.01770	0.00765	0.01339	0.00909	0.01052	0.00622	0.00718	0.00574	0.00383	0.00287	0.00096	0.00478	0.00239	0.00191	0.00574
22	0.01700	0.01253	0.01342	0.01029	0.01387	0.01387	0.00850	0.79997	0.02103	0.02819	0.01074	0.01074	0.00761	0.00537	0.00447	0.00134	0.00492	0.00403	0.00447	0.00761
23	0.01700	0.01253	0.01342	0.01029	0.01387	0.01387	0.00850	0.79997	0.02103	0.02819	0.01074	0.01074	0.00761	0.00537	0.00447	0.00134	0.00492	0.00403	0.00447	0.00761
24	0.00845	0.00795	0.01342	0.83204	0.03081	0.00994	0.01242	0.01143	0.00894	0.01143	0.00795	0.01193	0.00596	0.00447	0.00447	0.00149	0.00596	0.00398	0.00199	0.00497
25	0.00639	0.00479	0.00719	0.00719	0.00799	0.00559	0.00559	0.00799	0.00719	0.01038	0.01198	0.01757	0.01118	0.03355	0.82507	0.00719	0.01198	0.00479	0.00240	0.00399
26	0.00651	0.00434	0.00488	0.00488	0.00488	0.00434	0.00271	0.00651	0.00651	0.00867	0.01409	0.02927	0.01626	0.84279	0.02277	0.00434	0.00434	0.00651	0.00271	0.00271
27	0.00633	0.00457	0.00598	0.00563	0.00668	0.00422	0.00422	0.00844	0.01266	0.01794	0.81253	0.03341	0.04221	0.00914	0.00528	0.00141	0.00211	0.00809	0.00492	0.00422
28	0.00589	0.00415	0.00535	0.00598	0.00658	0.00380	0.00413	0.00693	0.00945	0.03089	0.14205	0.60817	0.12446	0.01279	0.00557	0.00171	0.00251	0.01146	0.00430	0.00383
29	0.00865	0.00815	0.01378	0.77111	0.09019	0.00999	0.01252	0.01160	0.00904	0.01167	0.00799	0.01186	0.00605	0.00444	0.00447	0.00148	0.00591	0.00398	0.00200	0.00513
30	0.00545	0.00452	0.00477	0.00474	0.00615	0.00384	0.00354	0.00672	0.01053	0.01295	0.16078	0.06248	0.67597	0.01107	0.00530	0.00150	0.00225	0.00932	0.00427	0.00384
31	0.01037	0.01160	0.02494	0.01850	0.04931	0.01091	0.72375	0.01400	0.01053	0.01428	0.00992	0.01438	0.00795	0.00430	0.00531	0.00154	0.00726	0.05283	0.00237	0.00595
32	0.01214	0.81374	0.02303	0.00780	0.01157	0.04878	0.00769	0.01357	0.00923	0.01054	0.00625	0.00721	0.00574	0.00386	0.00292	0.00096	0.00491	0.00241	0.00193	0.00572
33	0.03535	0.80391	0.04120	0.00772	0.01158	0.01732	0.00778	0.01341	0.00906	0.01087	0.00626	0.00723	0.00571	0.00385	0.00290	0.00098	0.00479	0.00241	0.00194	0.00574
34	0.01644	0.03702	0.01285	0.01127	0.01367	0.73308	0.00855	0.07537	0.01312	0.01220	0.00728	0.00843	0.00600	0.00520	0.01960	0.00128	0.00784	0.00299	0.00246	0.00535

[dist]
# distance from previous block
# <min> <max>
1	2

[block]
# block no. 2 follows, 58 sequences, length 38
# corresponding to MSA columns:
# 152-176,180-192
name=unknown_C
#
# <colnr> <probs for GDERKNQSTAVLIFYWHMCP>
#	G	D	E	R	K	N	Q	S	T	A	V	L	I	F	Y	W	H	M	C	P
0	0.00846	0.00819	0.03249	0.78454	0.02967	0.00976	0.01221	0.01146	0.00897	0.01167	0.00818	0.01203	0.00614	0.00449	0.00442	0.00147	0.00585	0.00397	0.03106	0.00498
1	0.01596	0.01172	0.01274	0.01011	0.01340	0.05600	0.03344	0.49777	0.13553	0.12037	0.01284	0.01334	0.00938	0.00563	0.00455	0.00139	0.00481	0.02937	0.00441	0.00724
2	0.02007	0.00761	0.01038	0.00796	0.01142	0.00657	0.00657	0.02180	0.01280	0.81799	0.01765	0.01523	0.01107	0.00554	0.00450	0.00138	0.00381	0.00450	0.00554	0.00761
3	0.00681	0.00498	0.00560	0.00557	0.00580	0.03103	0.00349	0.00717	0.00684	0.00910	0.01343	0.02620	0.01489	0.65038	0.18615	0.00482	0.00602	0.00604	0.00263	0.00305
4	0.00530	0.00446	0.00460	0.00471	0.00609	0.00376	0.00348	0.00640	0.01002	0.01201	0.04309	0.12884	0.72871	0.01162	0.00533	0.00154	0.00230	0.00979	0.00415	0.00376
5	0.87439	0.00865	0.00657	0.00588	0.00865	0.01003	0.00484	0.01315	0.00761	0.02007	0.00623	0.00727	0.00484	0.00415	0.00277	0.00138	0.00346	0.00242	0.00277	0.00484
6	0.00575	0.00424	0.00538	0.00574	0.00649	0.00387	0.00406	0.00707	0.01033	0.01392	0.31811	0.41812	0.15683	0.01180	0.00548	0.00162	0.00237	0.01050	0.00444	0.00387
7	0.87439	0.00865	0.00657	0.00588	0.00865	0.01003	0.00484	0.01315	0.00761	0.02007	0.00623	0.00727	0.00484	0.00415	0.00277	0.00138	0.00346	0.00242	0.00277	0.00484
8	0.00650	0.00435	0.00495	0.00495	0.00497	0.00437	0.00280	0.00655	0.00653	0.00872	0.01403	0.02892	0.01611	0.81871	0.04664	0.00442	0.00456	0.00645	0.00270	0.00275
9	0.49358	0.00823	0.00793	0.00703	0.00942	0.00910	0.02367	0.13645	0.01019	0.04496	0.01157	0.19749	0.01115	0.00662	0.00382	0.00148	0.00360	0.00515	0.00343	0.00512
10	0.01196	0.84548	0.02344	0.00765	0.01148	0.01770	0.00765	0.01339	0.00909	0.01052	0.00622	0.00718	0.00574	0.00383	0.00287	0.00096	0.00478	0.00239	0.00191	0.00574
11	0.00845	0.00795	0.01342	0.83204	0.03081	0.00994	0.01242	0.01143	0.00894	0.01143	0.00795	0.01193	0.00596	0.00447	0.00447	0.00149	0.00596	0.00398	0.00199	0.00497
12	0.01700	0.01253	0.01342	0.01029	0.01387	0.01387	0.00850	0.79997	0.02103	0.02819	0.01074	0.01074	0.00761	0.00537	0.00447	0.00134	0.00492	0.00403	0.00447	0.00761
13	0.01196	0.84548	0.02344	0.00765	0.01148	0.01770	0.00765	0.01339	0.00909	0.01052	0.00622	0.00718	0.00574	0.00383	0.00287	0.00096	0.00478	0.00239	0.00191	0.00574
14	0.01700	0.01253	0.01342	0.01029	0.01387	0.01387	0.00850	0.79997	0.02103	0.02819	0.01074	0.01074	0.00761	0.00537	0.00447	0.00134	0.00492	0.00403	0.00447	0.00761
15	0.00651	0.00434	0.00488	0.00488	0.00488	0.00434	0.00271	0.00651	0.00651	0.00867	0.01409	0.02927	0.01626	0.84279	0.02277	0.00434	0.00434	0.00651	0.00271	0.00271
16	0.01196	0.84548	0.02344	0.00765	0.01148	0.01770	0.00765	0.01339	0.00909	0.01052	0.00622	0.00718	0.00574	0.00383	0.00287	0.00096	0.00478	0.00239	0.00191	0.00574
17	0.00560	0.00398	0.00528	0.00626	0.00655	0.00375	0.00423	0.00640	0.00854	0.01137	0.02402	0.75342	0.02865	0.05973	0.00668	0.00197	0.00277	0.05312	0.00407	0.00361
18	0.01671	0.02132	0.01268	0.01152	0.01383	0.82483	0.00864	0.01786	0.01268	0.01095	0.00691	0.00807	0.00576	0.00461	0.00403	0.00115	0.00807	0.00288	0.00230	0.00519
19	0.00633	0.00457	0.00598	0.00563	0.00668	0.00422	0.00422	0.00844	0.01266	0.01794	0.81253	0.03341	0.04221	0.00914	0.00528	0.00141	0.00211	0.00809	0.00492	0.00422
20	0.02007	0.00761	0.01038	0.00796	0.01142	0.00657	0.00657	0.02180	0.01280	0.81799	0.01765	0.01523	0.01107	0.00554	0.00450	0.00138	0.00381	0.00450	0.00554	0.00761
21	0.00545	0.00389	0.00519	0.00623	0.00649	0.00363	0.00415	0.00623	0.00856	0.01142	0.02465	0.83987	0.02959	0.01401	0.00571	0.00182	0.00260	0.01272	0.00415	0.00363
22	0.01056	0.01207	0.02640	0.01885	0.02338	0.01131	0.79864	0.01433	0.01056	0.01433	0.00905	0.01207	0.00679	0.00377	0.00528	0.00151	0.00754	0.00528	0.00226	0.00603
23	0.01196	0.84548	0.02344	0.00765	0.01148	0.01770	0.00765	0.01339	0.00909	0.01052	0.00622	0.00718	0.00574	0.00383	0.00287	0.00096	0.00478	0.00239	0.00191	0.00574
24	0.00979	0.00979	0.01370	0.01174	0.01174	0.01370	0.00979	0.01077	0.00685	0.01077	0.00587	0.00979	0.00587	0.00783	0.01468	0.00196	0.83461	0.00391	0.00196	0.00489
25	0.00651	0.00434	0.00488	0.00488	0.00488	0.00434	0.00271	0.00651	0.00651	0.00867	0.01409	0.02927	0.01626	0.84279	0.02277	0.00434	0.00434	0.00651	0.00271	0.00271
26	0.01155	0.01154	0.01769	0.02610	0.74675	0.07989	0.01330	0.01408	0.01040	0.01430	0.00829	0.01082	0.00697	0.00404	0.00439	0.00131	0.00555	0.00389	0.00222	0.00692
27	0.00772	0.00409	0.00620	0.03827	0.00693	0.00422	0.00431	0.00617	0.00602	0.00806	0.00801	0.01375	0.00789	0.01610	0.06160	0.78816	0.00441	0.00394	0.00197	0.00217
28	0.00598	0.00448	0.00605	0.00710	0.05027	0.00418	0.00463	0.00724	0.00986	0.01337	0.23471	0.52318	0.08820	0.01198	0.00549	0.00166	0.00259	0.01078	0.00425	0.00399
29	0.01085	0.01058	0.01721	0.15468	0.66200	0.03935	0.01334	0.01351	0.01008	0.01398	0.00829	0.01110	0.00686	0.00409	0.00442	0.00135	0.00551	0.00394	0.00218	0.00668
30	0.01335	0.01507	0.01528	0.01963	0.43293	0.36642	0.01113	0.01533	0.01137	0.01314	0.03926	0.01063	0.00788	0.00446	0.00429	0.00125	0.00639	0.00366	0.00236	0.00614
31	0.01091	0.01491	0.30454	0.13446	0.03218	0.01072	0.17490	0.13480	0.04985	0.04114	0.00969	0.01139	0.00704	0.00452	0.00451	0.00142	0.00602	0.00409	0.03654	0.00637
32	0.01011	0.09316	0.44621	0.01526	0.12295	0.01127	0.16738	0.01415	0.00973	0.03241	0.00827	0.01011	0.00621	0.00422	0.00465	0.00140	0.03023	0.00374	0.00209	0.00646
33	0.01044	0.01636	0.35319	0.01593	0.03927	0.01065	0.41352	0.01466	0.01021	0.05868	0.00909	0.01113	0.00657	0.00407	0.00479	0.00146	0.00690	0.00439	0.00229	0.00638
34	0.10199	0.00571	0.00532	0.00514	0.00679	0.02846	0.00388	0.03414	0.01016	0.01333	0.03699	0.06118	0.62110	0.03967	0.00558	0.00159	0.00274	0.00829	0.00391	0.00402
35	0.01049	0.04861	0.64063	0.01200	0.01789	0.02498	0.01459	0.09076	0.03897	0.04699	0.00895	0.00995	0.00635	0.00446	0.00424	0.00139	0.00619	0.00345	0.00238	0.00671
36	0.02901	0.01224	0.10552	0.02270	0.52257	0.01096	0.13541	0.05634	0.01060	0.01526	0.00848	0.01092	0.00683	0.00417	0.00480	0.00139	0.02962	0.00408	0.00231	0.00679
37	0.03925	0.02070	0.67970	0.01193	0.01793	0.01022	0.01479	0.02944	0.05311	0.05173	0.00901	0.01005	0.00638	0.00441	0.00421	0.00140	0.00611	0.00343	0.00229	0.02391

[dist]
# distance from previous block
# <min> <max>
1	6

[block]
# block no. 3 follows, 58 sequences, length 30
# corresponding to MSA columns:
# 199-228
name=unknown_D
#
# <colnr> <probs for GDERKNQSTAVLIFYWHMCP>
#	G	D	E	R	K	N	Q	S	T	A	V	L	I	F	Y	W	H	M	C	P
0	0.07824	0.01045	0.01785	0.03670	0.49538	0.01044	0.16208	0.01477	0.04610	0.07067	0.00944	0.01152	0.00741	0.00417	0.00447	0.00138	0.00542	0.00420	0.00260	0.00671
1	0.03051	0.01063	0.03945	0.01358	0.01788	0.00915	0.44544	0.01333	0.01003	0.03322	0.00875	0.01092	0.00675	0.00366	0.00444	0.00118	0.00576	0.00416	0.00249	0.32867
2	0.05390	0.01751	0.43428	0.01373	0.05427	0.03776	0.17622	0.04934	0.03087	0.07635	0.00924	0.01059	0.00663	0.00434	0.00443	0.00142	0.00627	0.00385	0.00250	0.00651
3	0.00617	0.00410	0.00549	0.00638	0.00681	0.00382	0.00437	0.00703	0.00882	0.04782	0.02431	0.77549	0.02862	0.01358	0.00567	0.00181	0.00270	0.03899	0.00421	0.00383
4	0.01214	0.81403	0.02303	0.00780	0.01157	0.04851	0.00769	0.01357	0.00923	0.01054	0.00625	0.00721	0.00574	0.00386	0.00291	0.00096	0.00491	0.00241	0.00193	0.00572
5	0.00553	0.00393	0.00517	0.00612	0.00636	0.00369	0.00404	0.00625	0.00840	0.01120	0.02381	0.77539	0.02853	0.07994	0.00707	0.00202	0.00273	0.01222	0.00404	0.00356
6	0.37462	0.00892	0.01107	0.32685	0.10838	0.01037	0.00906	0.07593	0.00950	0.01678	0.00750	0.00977	0.00575	0.00435	0.00375	0.00142	0.00475	0.00333	0.00254	0.00537
7	0.00651	0.00434	0.00488	0.00488	0.00488	0.00434	0.00271	0.00651	0.00651	0.00867	0.01409	0.02927	0.01626	0.84279	0.02277	0.00434	0.00434	0.00651	0.00271	0.00271
8	0.01107	0.01063	0.01816	0.02746	0.81489	0.01063	0.01373	0.01373	0.01019	0.01461	0.00841	0.01107	0.00709	0.00399	0.00443	0.00133	0.00531	0.00399	0.00221	0.00709
9	0.00920	0.08698	0.75781	0.01235	0.01875	0.01096	0.01584	0.01411	0.00942	0.01388	0.00789	0.00927	0.00567	0.00422	0.00414	0.00138	0.00647	0.00323	0.00189	0.00654
10	0.87439	0.00865	0.00657	0.00588	0.00865	0.01003	0.00484	0.01315	0.00761	0.02007	0.00623	0.00727	0.00484	0.00415	0.00277	0.00138	0.00346	0.00242	0.00277	0.00484
11	0.00897	0.02314	0.81962	0.01275	0.01936	0.01039	0.01653	0.01417	0.00944	0.01417	0.00803	0.00944	0.00567	0.00425	0.00425	0.00142	0.00661	0.00331	0.00189	0.00661
12	0.01113	0.00961	0.01011	0.00910	0.01163	0.01113	0.00708	0.02377	0.80681	0.01871	0.01821	0.01669	0.01365	0.00607	0.00455	0.00152	0.00354	0.00506	0.00455	0.00708
13	0.00529	0.00453	0.00453	0.00453	0.00604	0.00378	0.00340	0.00642	0.01020	0.01208	0.04532	0.04305	0.81307	0.01133	0.00529	0.00151	0.00227	0.00944	0.00415	0.00378
14	0.01107	0.01063	0.01816	0.02746	0.81489	0.01063	0.01373	0.01373	0.01019	0.01461	0.00841	0.01107	0.00709	0.00399	0.00443	0.00133	0.00531	0.00399	0.00221	0.00709
15	0.00529	0.00453	0.00453	0.00453	0.00604	0.00378	0.00340	0.00642	0.01020	0.01208	0.04532	0.04305	0.81307	0.01133	0.00529	0.00151	0.00227	0.00944	0.00415	0.00378
16	0.01671	0.02132	0.01268	0.01152	0.01383	0.82483	0.00864	0.01786	0.01268	0.01095	0.00691	0.00807	0.00576	0.00461	0.00403	0.00115	0.00807	0.00288	0.00230	0.00519
17	0.00721	0.00515	0.00721	0.00824	0.00927	0.00515	0.00721	0.00927	0.01030	0.01339	0.02368	0.05046	0.02574	0.01236	0.00618	0.00206	0.00412	0.78478	0.00412	0.00412
18	0.01078	0.01034	0.01764	0.11533	0.72926	0.01055	0.01359	0.01348	0.01005	0.01427	0.00836	0.01116	0.00696	0.00404	0.00443	0.00135	0.00539	0.00398	0.00219	0.00685
19	0.00529	0.00453	0.00453	0.00453	0.00604	0.00378	0.00340	0.00642	0.01020	0.01208	0.04532	0.04305	0.81307	0.01133	0.00529	0.00151	0.00227	0.00944	0.00415	0.00378
20	0.01100	0.00947	0.01002	0.00908	0.01156	0.01094	0.00708	0.02331	0.78146	0.01854	0.01838	0.01776	0.01404	0.00627	0.00460	0.00153	0.00356	0.02987	0.00454	0.00699
21	0.01107	0.01063	0.01816	0.02746	0.81489	0.01063	0.01373	0.01373	0.01019	0.01461	0.00841	0.01107	0.00709	0.00399	0.00443	0.00133	0.00531	0.00399	0.00221	0.00709
22	0.01107	0.01063	0.01816	0.02746	0.81489	0.01063	0.01373	0.01373	0.01019	0.01461	0.00841	0.01107	0.00709	0.00399	0.00443	0.00133	0.00531	0.00399	0.00221	0.00709
23	0.01196	0.84548	0.02344	0.00765	0.01148	0.01770	0.00765	0.01339	0.00909	0.01052	0.00622	0.00718	0.00574	0.00383	0.00287	0.00096	0.00478	0.00239	0.00191	0.00574
24	0.87439	0.00865	0.00657	0.00588	0.00865	0.01003	0.00484	0.01315	0.00761	0.02007	0.00623	0.00727	0.00484	0.00415	0.00277	0.00138	0.00346	0.00242	0.00277	0.00484
25	0.01677	0.01256	0.04827	0.01020	0.01388	0.01311	0.00868	0.69049	0.03605	0.08754	0.01130	0.01115	0.00791	0.00535	0.00447	0.00135	0.00488	0.00405	0.00444	0.00755
26	0.04700	0.10443	0.70486	0.01194	0.01811	0.01110	0.01513	0.01405	0.00933	0.01406	0.00777	0.00912	0.00564	0.00420	0.00405	0.00137	0.00629	0.00318	0.00193	0.00645
27	0.33113	0.00809	0.00788	0.00686	0.00918	0.04355	0.00548	0.09219	0.02484	0.11864	0.26790	0.01820	0.01858	0.00629	0.00412	0.00140	0.00343	0.02290	0.00402	0.00530
28	0.05511	0.01080	0.01184	0.00948	0.01265	0.02471	0.02570	0.40980	0.21410	0.10170	0.05024	0.01351	0.01087	0.00559	0.00444	0.00138	0.00435	0.00443	0.00442	0.02490
29	0.09571	0.01042	0.01263	0.13160	0.08683	0.01145	0.02102	0.38894	0.05979	0.06791	0.04655	0.01222	0.00912	0.00516	0.00434	0.00137	0.00471	0.00413	0.00376	0.02233

[dist]
# distance from previous block
# <min> <max>
6	13

[block]
# block no. 4 follows, 58 sequences, length 11
# corresponding to MSA columns:
# 244-254
name=unknown_E
#
# <colnr> <probs for GDERKNQSTAVLIFYWHMCP>
#	G	D	E	R	K	N	Q	S	T	A	V	L	I	F	Y	W	H	M	C	P
0	0.35212	0.00886	0.00874	0.00738	0.01019	0.02967	0.00597	0.10864	0.10159	0.16560	0.06233	0.03308	0.01086	0.00546	0.00386	0.00137	0.00372	0.02091	0.00386	0.05579
1	0.34700	0.00886	0.00868	0.00764	0.00994	0.06835	0.03717	0.10953	0.02903	0.07677	0.06645	0.18612	0.01373	0.00688	0.00413	0.00146	0.00389	0.00553	0.00361	0.00521
2	0.58086	0.00761	0.00659	0.00607	0.00839	0.00846	0.00486	0.02974	0.03115	0.03663	0.06399	0.08699	0.08150	0.00629	0.00362	0.00145	0.00325	0.02443	0.00334	0.00477
3	0.28037	0.00561	0.00555	0.00566	0.00703	0.00577	0.00417	0.00867	0.00888	0.01477	0.09377	0.30878	0.18229	0.04291	0.00533	0.00168	0.00283	0.00813	0.00373	0.00406
4	0.00545	0.00389	0.00519	0.00623	0.00649	0.00363	0.00415	0.00623	0.00856	0.01142	0.02465	0.83987	0.02959	0.01401	0.00571	0.00182	0.00260	0.01272	0.00415	0.00363
5	0.00928	0.00795	0.00928	0.00663	0.01060	0.00596	0.00530	0.01126	0.00928	0.01458	0.00795	0.00928	0.00663	0.00331	0.00331	0.00066	0.00331	0.00265	0.00265	0.87014
6	0.00928	0.00795	0.00928	0.00663	0.01060	0.00596	0.00530	0.01126	0.00928	0.01458	0.00795	0.00928	0.00663	0.00331	0.00331	0.00066	0.00331	0.00265	0.00265	0.87014
7	0.00928	0.00795	0.00928	0.00663	0.01060	0.00596	0.00530	0.01126	0.00928	0.01458	0.00795	0.00928	0.00663	0.00331	0.00331	0.00066	0.00331	0.00265	0.00265	0.87014
8	0.00928	0.00795	0.00928	0.00663	0.01060	0.00596	0.00530	0.01126	0.00928	0.01458	0.00795	0.00928	0.00663	0.00331	0.00331	0.00066	0.00331	0.00265	0.00265	0.87014
9	0.76625	0.00902	0.00774	0.00753	0.06012	0.01031	0.00564	0.06217	0.00861	0.02023	0.00665	0.00772	0.00516	0.00422	0.00298	0.00138	0.00367	0.00262	0.00284	0.00516
10	0.70457	0.00941	0.00761	0.00661	0.00940	0.03906	0.00540	0.10966	0.00964	0.02066	0.03870	0.00876	0.00669	0.00452	0.00312	0.00137	0.00375	0.00286	0.00305	0.00517

[dist]
# distance from previous block
# <min> <max>
6	59

[block]
# block no. 5 follows, 58 sequences, length 14
# corresponding to MSA columns:
# 330-343
name=unknown_F
#
# <colnr> <probs for GDERKNQSTAVLIFYWHMCP>
#	G	D	E	R	K	N	Q	S	T	A	V	L	I	F	Y	W	H	M	C	P
0	0.11790	0.01112	0.01118	0.01003	0.06484	0.11182	0.00748	0.19702	0.16604	0.14892	0.02894	0.01224	0.00939	0.00510	0.00415	0.00131	0.00452	0.00393	0.00389	0.08017
1	0.23021	0.01123	0.01024	0.00852	0.01141	0.17795	0.03894	0.08672	0.06318	0.14562	0.04227	0.01289	0.05101	0.00518	0.00396	0.00129	0.00465	0.00389	0.00351	0.08735
2	0.01370	0.08148	0.19160	0.01045	0.01433	0.14768	0.00984	0.25114	0.15045	0.04883	0.01062	0.01088	0.00787	0.00495	0.00421	0.00131	0.00549	0.00371	0.00335	0.02812
3	0.03313	0.10613	0.43168	0.01113	0.01620	0.05386	0.01238	0.21201	0.03327	0.01742	0.00868	0.00959	0.00638	0.00453	0.00410	0.00132	0.00584	0.00338	0.00267	0.02632
4	0.00762	0.00394	0.00572	0.00572	0.00572	0.00394	0.00375	0.00591	0.00591	0.00787	0.00850	0.01540	0.00875	0.11090	0.01809	0.77008	0.00394	0.00419	0.00203	0.00203
5	0.74344	0.00880	0.00711	0.00637	0.00910	0.01020	0.00518	0.01476	0.12884	0.01986	0.00805	0.00870	0.00618	0.00444	0.00304	0.00140	0.00347	0.00282	0.00304	0.00518
6	0.01082	0.44385	0.37940	0.01009	0.01510	0.04726	0.01167	0.01392	0.00939	0.01217	0.00706	0.00823	0.00571	0.00405	0.00354	0.00117	0.00574	0.00282	0.00192	0.00611
7	0.00649	0.00441	0.00523	0.00523	0.00535	0.00453	0.00315	0.00673	0.00661	0.00893	0.01377	0.02749	0.01549	0.71978	0.14472	0.00477	0.00550	0.00624	0.00266	0.00291
8	0.01544	0.00970	0.01011	0.00851	0.01126	0.11860	0.00673	0.02030	0.24279	0.38476	0.10799	0.01678	0.01469	0.00598	0.00454	0.00139	0.00411	0.00486	0.00474	0.00674
9	0.01595	0.01232	0.01475	0.01122	0.01485	0.01343	0.09951	0.66860	0.06114	0.02610	0.01094	0.01121	0.00783	0.00522	0.00457	0.00137	0.00515	0.00423	0.00422	0.00740
10	0.02007	0.00761	0.01038	0.00796	0.01142	0.00657	0.00657	0.02180	0.01280	0.81799	0.01765	0.01523	0.01107	0.00554	0.00450	0.00138	0.00381	0.00450	0.00554	0.00761
11	0.18911	0.02968	0.01254	0.01017	0.05485	0.03384	0.07035	0.28218	0.03594	0.10834	0.00994	0.01046	0.00728	0.00462	0.00399	0.00127	0.00456	0.00362	0.00358	0.12366
12	0.09732	0.02784	0.02624	0.02211	0.03053	0.12508	0.13916	0.13148	0.05106	0.14520	0.03341	0.01163	0.00855	0.00467	0.00421	0.00126	0.00516	0.00392	0.00339	0.12778
13	0.02762	0.01165	0.01461	0.01179	0.04834	0.12451	0.18012	0.12574	0.10508	0.10022	0.01063	0.01145	0.00795	0.00448	0.00431	0.00123	0.00530	0.00397	0.00328	0.19772

[dist]
# distance from previous block
# <min> <max>
0	18

[block]
# block no. 6 follows, 58 sequences, length 12
# corresponding to MSA columns:
# 362-373
name=unknown_G
#
# <colnr> <probs for GDERKNQSTAVLIFYWHMCP>
#	G	D	E	R	K	N	Q	S	T	A	V	L	I	F	Y	W	H	M	C	P
0	0.01205	0.00941	0.01339	0.01054	0.01317	0.01007	0.13038	0.08491	0.13752	0.14153	0.04512	0.01380	0.02734	0.00580	0.00684	0.00145	0.19490	0.00452	0.00347	0.13379
1	0.05270	0.20180	0.01559	0.00965	0.01320	0.03019	0.11878	0.09550	0.16349	0.09735	0.01083	0.01124	0.00824	0.00452	0.00395	0.00120	0.00462	0.00374	0.00326	0.15015
2	0.04293	0.00912	0.01044	0.00844	0.01128	0.04728	0.05113	0.14189	0.16713	0.05939	0.19546	0.01682	0.01644	0.00575	0.00438	0.00124	0.00384	0.00483	0.00395	0.19824
3	0.03109	0.00893	0.01075	0.00870	0.03314	0.03671	0.04029	0.12182	0.06911	0.18377	0.11242	0.01436	0.01262	0.00509	0.00418	0.00115	0.00391	0.00423	0.00388	0.29386
4	0.07392	0.00998	0.01018	0.00845	0.01122	0.10665	0.04024	0.15023	0.13400	0.16070	0.02010	0.01930	0.19349	0.00656	0.00450	0.00138	0.00423	0.00527	0.00406	0.03555
5	0.01361	0.01590	0.01312	0.01135	0.01365	0.49169	0.10371	0.06004	0.01164	0.01222	0.00856	0.01089	0.00724	0.01119	0.19260	0.00259	0.00872	0.00368	0.00245	0.00515
6	0.01472	0.01017	0.01452	0.01414	0.19761	0.03523	0.10449	0.13885	0.04909	0.26664	0.01208	0.01240	0.00858	0.00470	0.00444	0.00130	0.00485	0.00418	0.00376	0.09823
7	0.01441	0.01511	0.01134	0.00984	0.01220	0.41862	0.00759	0.22586	0.01492	0.01719	0.19280	0.01460	0.01462	0.00585	0.00444	0.00126	0.00586	0.00438	0.00349	0.00562
8	0.00744	0.00404	0.00586	0.00578	0.00602	0.00396	0.00396	0.00643	0.00740	0.01010	0.19243	0.01814	0.01567	0.01407	0.01468	0.67058	0.00348	0.00485	0.00263	0.00247
9	0.00633	0.00457	0.00598	0.00563	0.00668	0.00422	0.00422	0.00844	0.01266	0.01794	0.81253	0.03341	0.04221	0.00914	0.00528	0.00141	0.00211	0.00809	0.00492	0.00422
10	0.01038	0.01154	0.02348	0.01722	0.02071	0.01186	0.61763	0.01351	0.00971	0.01351	0.00832	0.01154	0.00658	0.00470	0.00744	0.00161	0.19732	0.00497	0.00219	0.00577
11	0.00647	0.00439	0.00513	0.00505	0.00529	0.00431	0.00306	0.00695	0.00792	0.01080	0.19730	0.03022	0.02222	0.65150	0.01875	0.00366	0.00383	0.00687	0.00322	0.00306

[dist]
# distance from previous block
# <min> <max>
0	1

# created by:
# /st0/software/busco_prod/Augustus/scripts/msa2prfl.pl ./align_prep/118737.fa
