[name]
unknown

[dist]
# distance from previous block
# <min> <max>
0	11

[block]
# block no. 0 follows, 60 sequences, length 39
# corresponding to MSA columns:
# 19-22,25-53,76-81
name=unknown_A
#
# <colnr> <probs for GDERKNQSTAVLIFYWHMCP>
#	G	D	E	R	K	N	Q	S	T	A	V	L	I	F	Y	W	H	M	C	P
0	0.00804	0.00521	0.00728	0.00801	0.00920	0.00513	0.00698	0.01002	0.01024	0.07810	0.02262	0.04644	0.02395	0.01151	0.00589	0.00196	0.00399	0.72702	0.00413	0.00429
1	0.00890	0.00842	0.01404	0.47988	0.31046	0.00945	0.01186	0.01155	0.00925	0.01231	0.01084	0.01377	0.07145	0.00473	0.00441	0.00140	0.00530	0.00431	0.00219	0.00549
2	0.00520	0.00436	0.00453	0.00462	0.00596	0.00368	0.00341	0.00630	0.00986	0.01190	0.06738	0.12324	0.71213	0.01124	0.00520	0.00150	0.00224	0.00949	0.00407	0.00368
3	0.00629	0.00459	0.00674	0.00671	0.00743	0.00521	0.00512	0.00766	0.00735	0.01052	0.07635	0.01882	0.01346	0.07361	0.68564	0.04305	0.01018	0.00498	0.00253	0.00376
4	0.01034	0.00989	0.01664	0.02497	0.75414	0.00983	0.01258	0.01281	0.00993	0.01405	0.01109	0.01330	0.07207	0.00446	0.00439	0.00131	0.00494	0.00431	0.00231	0.00665
5	0.01114	0.78145	0.02137	0.00722	0.01077	0.01617	0.00713	0.01251	0.00895	0.01038	0.00913	0.00981	0.07086	0.00432	0.00299	0.00098	0.00447	0.00288	0.00204	0.00544
6	0.00550	0.00457	0.00506	0.00539	0.03281	0.00396	0.00375	0.00668	0.00993	0.01226	0.11801	0.09432	0.62791	0.04326	0.00582	0.00158	0.00239	0.00900	0.00401	0.00378
7	0.00596	0.00427	0.00467	0.00471	0.00514	0.00405	0.00289	0.00631	0.00745	0.00951	0.02284	0.06407	0.24550	0.57555	0.01668	0.00335	0.00359	0.00740	0.00310	0.00297
8	0.01122	0.00964	0.01070	0.01039	0.07643	0.01098	0.00752	0.07373	0.69526	0.01853	0.01651	0.01545	0.01241	0.00571	0.00442	0.00145	0.00368	0.00478	0.00425	0.00694
9	0.87753	0.00843	0.00641	0.00574	0.00843	0.00978	0.00472	0.01282	0.00742	0.01957	0.00607	0.00709	0.00472	0.00405	0.00270	0.00135	0.00337	0.00236	0.00270	0.00472
10	0.01166	0.84935	0.02285	0.00746	0.01119	0.01726	0.00746	0.01306	0.00886	0.01026	0.00606	0.00700	0.00560	0.00373	0.00280	0.00093	0.00466	0.00233	0.00187	0.00560
11	0.00875	0.02256	0.82413	0.01243	0.01888	0.01013	0.01611	0.01381	0.00921	0.01381	0.00783	0.00921	0.00552	0.00414	0.00414	0.00138	0.00645	0.00322	0.00184	0.00645
12	0.00696	0.00497	0.00695	0.00795	0.00892	0.00496	0.00691	0.00891	0.00997	0.01297	0.02313	0.08194	0.02525	0.01211	0.00601	0.00200	0.00395	0.75812	0.00402	0.00400
13	0.00634	0.00423	0.00476	0.00476	0.00476	0.00423	0.00264	0.00634	0.00634	0.00846	0.01374	0.02854	0.01586	0.84672	0.02220	0.00423	0.00423	0.00634	0.00264	0.00264
14	0.01688	0.01173	0.01279	0.00981	0.01328	0.01281	0.00810	0.72583	0.01970	0.10778	0.01115	0.01091	0.00776	0.00525	0.00437	0.00131	0.00469	0.00397	0.00447	0.00742
15	0.01166	0.84935	0.02285	0.00746	0.01119	0.01726	0.00746	0.01306	0.00886	0.01026	0.00606	0.00700	0.00560	0.00373	0.00280	0.00093	0.00466	0.00233	0.00187	0.00560
16	0.01143	0.00950	0.01005	0.00887	0.01142	0.01087	0.00695	0.09898	0.70212	0.03288	0.01765	0.01628	0.03135	0.00596	0.00445	0.00146	0.00356	0.00492	0.00444	0.00689
17	0.00624	0.00465	0.00687	0.00687	0.00760	0.00538	0.00528	0.00770	0.00697	0.01002	0.01181	0.01785	0.01121	0.08364	0.77894	0.00684	0.01122	0.00478	0.00236	0.00382
18	0.01073	0.01029	0.01758	0.04812	0.79869	0.01034	0.01335	0.01333	0.00990	0.01417	0.00819	0.01082	0.00688	0.00390	0.00432	0.00130	0.00520	0.00389	0.00215	0.00685
19	0.00617	0.00468	0.00578	0.00617	0.00732	0.00435	0.00504	0.00776	0.01016	0.01297	0.13687	0.04338	0.33098	0.04465	0.00622	0.00181	0.00307	0.35470	0.00408	0.00385
20	0.01079	0.01036	0.01770	0.02677	0.81952	0.01036	0.01339	0.01339	0.00993	0.01425	0.00820	0.01079	0.00691	0.00389	0.00432	0.00130	0.00518	0.00389	0.00216	0.00691
21	0.00531	0.00380	0.00506	0.00607	0.00633	0.00354	0.00405	0.00607	0.00835	0.01113	0.02404	0.84388	0.02885	0.01366	0.00557	0.00177	0.00253	0.01240	0.00405	0.00354
22	0.00594	0.00445	0.00551	0.00524	0.00637	0.00402	0.00393	0.00778	0.01180	0.01619	0.64107	0.03472	0.21811	0.00940	0.00515	0.00139	0.00209	0.00819	0.00463	0.00402
23	0.01185	0.81681	0.02247	0.00756	0.01128	0.01711	0.00749	0.04384	0.00931	0.01093	0.00623	0.00713	0.00567	0.00379	0.00286	0.00095	0.00467	0.00239	0.00196	0.00567
24	0.04729	0.33837	0.45328	0.01020	0.01530	0.04227	0.01204	0.01361	0.00911	0.01259	0.00704	0.00822	0.00552	0.00399	0.00356	0.00120	0.00568	0.00283	0.00190	0.00600
25	0.00617	0.00446	0.00583	0.00549	0.00652	0.00412	0.00412	0.00823	0.01235	0.01749	0.81722	0.03258	0.04115	0.00892	0.00514	0.00137	0.00206	0.00789	0.00480	0.00412
26	0.00555	0.00427	0.00513	0.00567	0.00658	0.00385	0.00421	0.00669	0.00941	0.01191	0.05830	0.35759	0.35780	0.01216	0.00545	0.00167	0.00261	0.13338	0.00407	0.00369
27	0.00623	0.00467	0.00701	0.00701	0.00779	0.00545	0.00545	0.00779	0.00701	0.01012	0.01168	0.01713	0.01090	0.03271	0.82944	0.00701	0.01168	0.00467	0.00234	0.00389
28	0.00875	0.02256	0.82413	0.01243	0.01888	0.01013	0.01611	0.01381	0.00921	0.01381	0.00783	0.00921	0.00552	0.00414	0.00414	0.00138	0.00645	0.00322	0.00184	0.00645
29	0.00617	0.00446	0.00583	0.00549	0.00652	0.00412	0.00412	0.00823	0.01235	0.01749	0.81722	0.03258	0.04115	0.00892	0.00514	0.00137	0.00206	0.00789	0.00480	0.00412
30	0.00737	0.00583	0.00771	0.00747	0.00867	0.00678	0.00581	0.01159	0.20560	0.01213	0.01318	0.01692	0.01150	0.02610	0.62582	0.00564	0.00965	0.00474	0.00286	0.00464
31	0.87753	0.00843	0.00641	0.00574	0.00843	0.00978	0.00472	0.01282	0.00742	0.01957	0.00607	0.00709	0.00472	0.00405	0.00270	0.00135	0.00337	0.00236	0.00270	0.00472
32	0.01057	0.01013	0.01730	0.09815	0.74990	0.01030	0.01327	0.01319	0.00982	0.01397	0.00816	0.01087	0.00681	0.00393	0.00432	0.00131	0.00524	0.00389	0.00214	0.00673
33	0.00575	0.00427	0.00567	0.00635	0.00671	0.00427	0.00441	0.00682	0.02086	0.01169	0.08839	0.67751	0.02781	0.03174	0.02039	0.00189	0.04500	0.02283	0.00395	0.00370
34	0.00643	0.00809	0.17023	0.00661	0.00885	0.00522	0.00633	0.00886	0.01110	0.01530	0.45847	0.03025	0.23066	0.00849	0.00495	0.00140	0.00298	0.00728	0.00402	0.00447
35	0.01167	0.00987	0.01179	0.00985	0.01262	0.01099	0.08273	0.17848	0.52503	0.01954	0.04850	0.01611	0.01291	0.00583	0.00456	0.00145	0.00405	0.02308	0.00422	0.00673
36	0.00824	0.00775	0.01308	0.83624	0.03004	0.00969	0.01211	0.01114	0.00872	0.01114	0.00775	0.01163	0.00581	0.00436	0.00436	0.00145	0.00581	0.00388	0.00194	0.00484
37	0.01175	0.01003	0.01485	0.04661	0.45573	0.01049	0.02437	0.10268	0.18770	0.06056	0.02428	0.01259	0.00910	0.00466	0.00438	0.00135	0.00469	0.00423	0.00312	0.00686
38	0.04905	0.01115	0.09382	0.01236	0.01570	0.03511	0.29838	0.10205	0.01123	0.11292	0.05578	0.06258	0.02849	0.00563	0.00551	0.00147	0.07334	0.01649	0.00311	0.00582

[dist]
# distance from previous block
# <min> <max>
0	1

[block]
# block no. 1 follows, 60 sequences, length 38
# corresponding to MSA columns:
# 83-120
name=unknown_B
#
# <colnr> <probs for GDERKNQSTAVLIFYWHMCP>
#	G	D	E	R	K	N	Q	S	T	A	V	L	I	F	Y	W	H	M	C	P
0	0.78927	0.09415	0.00809	0.00591	0.00872	0.01055	0.00500	0.01284	0.00757	0.01862	0.00607	0.00708	0.00481	0.00402	0.00271	0.00131	0.00351	0.00236	0.00261	0.00481
1	0.02411	0.59633	0.21946	0.00881	0.01315	0.03981	0.00959	0.02460	0.00920	0.01153	0.00658	0.00762	0.00559	0.00388	0.00318	0.00106	0.00518	0.00259	0.00192	0.00580
2	0.00539	0.00441	0.00476	0.00470	0.00604	0.00378	0.00351	0.00671	0.01046	0.01309	0.22237	0.05685	0.62154	0.01061	0.00516	0.00146	0.00218	0.00897	0.00422	0.00378
3	0.01072	0.10199	0.16249	0.02902	0.16537	0.04778	0.26367	0.04923	0.04316	0.02318	0.02468	0.02500	0.00770	0.00438	0.00462	0.00135	0.02291	0.00423	0.00239	0.00612
4	0.00520	0.00423	0.00461	0.00492	0.00602	0.00364	0.00354	0.00620	0.00946	0.01159	0.03808	0.28499	0.57867	0.01184	0.00528	0.00156	0.00231	0.01017	0.00405	0.00364
5	0.01384	0.27411	0.26015	0.00908	0.01349	0.01091	0.00967	0.01645	0.01037	0.32518	0.01090	0.01070	0.00758	0.00450	0.00382	0.00123	0.00483	0.00339	0.00322	0.00656
6	0.87753	0.00843	0.00641	0.00574	0.00843	0.00978	0.00472	0.01282	0.00742	0.01957	0.00607	0.00709	0.00472	0.00405	0.00270	0.00135	0.00337	0.00236	0.00270	0.00472
7	0.01014	0.00542	0.00650	0.00576	0.00678	0.00523	0.00386	0.04941	0.00857	0.21210	0.01444	0.02424	0.01418	0.59577	0.01688	0.00337	0.00413	0.00574	0.00341	0.00407
8	0.01629	0.02079	0.01236	0.01124	0.01348	0.82921	0.00843	0.01742	0.01236	0.01067	0.00674	0.00787	0.00562	0.00449	0.00393	0.00112	0.00787	0.00281	0.00225	0.00506
9	0.00964	0.00773	0.00910	0.00653	0.01038	0.00585	0.00524	0.01156	0.00924	0.05977	0.00828	0.00937	0.00670	0.00335	0.00330	0.00069	0.00326	0.00269	0.00274	0.82458
10	0.01598	0.01177	0.01266	0.00982	0.01314	0.01299	0.00806	0.76220	0.01986	0.02661	0.01120	0.05510	0.00856	0.00569	0.00443	0.00133	0.00468	0.00438	0.00435	0.00721
11	0.01923	0.00750	0.01011	0.00780	0.01114	0.00658	0.00643	0.02133	0.04386	0.79096	0.01723	0.01490	0.01090	0.00542	0.00439	0.00135	0.00370	0.00441	0.00536	0.00740
12	0.00890	0.06683	0.78122	0.01216	0.01847	0.01051	0.01565	0.01377	0.00919	0.01362	0.00773	0.00909	0.00553	0.00412	0.00407	0.00136	0.00635	0.00318	0.00184	0.00640
13	0.00889	0.04780	0.77775	0.01218	0.01844	0.01037	0.01560	0.01404	0.03046	0.01382	0.00804	0.00933	0.00573	0.00418	0.00411	0.00137	0.00631	0.00324	0.00191	0.00643
14	0.01809	0.00778	0.02553	0.00796	0.01136	0.00657	0.02296	0.02012	0.02849	0.71018	0.03702	0.01485	0.01121	0.00532	0.00436	0.00132	0.00376	0.00438	0.00508	0.05364
15	0.02402	0.55651	0.05951	0.00823	0.01181	0.05790	0.00786	0.14062	0.02600	0.02433	0.00782	0.02640	0.00671	0.00434	0.00329	0.00107	0.00479	0.00299	0.01993	0.00586
16	0.00881	0.04073	0.80652	0.01232	0.01871	0.01029	0.01592	0.01380	0.00920	0.01373	0.00779	0.00916	0.00553	0.00413	0.00411	0.00137	0.00641	0.00320	0.00184	0.00643
17	0.79792	0.00839	0.00664	0.00592	0.00859	0.00967	0.00485	0.01351	0.05062	0.03693	0.00708	0.00790	0.00542	0.00420	0.00283	0.00135	0.00336	0.00257	0.01735	0.00489
18	0.01085	0.00936	0.00970	0.00872	0.01112	0.02620	0.00678	0.03758	0.73605	0.01821	0.04140	0.01649	0.01383	0.00595	0.00441	0.00145	0.00348	0.00494	0.02676	0.00672
19	0.01107	0.64438	0.16911	0.00866	0.01285	0.01546	0.02954	0.02708	0.00924	0.01146	0.02308	0.00811	0.00637	0.00394	0.00318	0.00104	0.00501	0.00271	0.00197	0.00576
20	0.01037	0.04101	0.53121	0.01095	0.01609	0.01019	0.01275	0.09533	0.10380	0.06553	0.02923	0.01197	0.03255	0.00485	0.00423	0.00137	0.00548	0.00383	0.00275	0.00650
21	0.07861	0.00885	0.00942	0.00781	0.01055	0.10248	0.00627	0.03088	0.08907	0.45097	0.10042	0.01664	0.02769	0.00585	0.00432	0.00135	0.00394	0.02125	0.01726	0.00636
22	0.00749	0.00539	0.00664	0.00612	0.00745	0.00531	0.00465	0.03482	0.11442	0.04140	0.63384	0.04998	0.03488	0.00838	0.00499	0.00139	0.00238	0.00734	0.01848	0.00465
23	0.00898	0.02124	0.73456	0.01271	0.01885	0.01016	0.07420	0.02981	0.00957	0.01416	0.02163	0.00982	0.00625	0.00421	0.00424	0.00139	0.00641	0.00346	0.00197	0.00638
24	0.01593	0.01189	0.01285	0.03184	0.01380	0.01322	0.00829	0.72590	0.07892	0.02637	0.01094	0.01093	0.00781	0.00526	0.00437	0.00133	0.00473	0.00400	0.00430	0.00731
25	0.87753	0.00843	0.00641	0.00574	0.00843	0.00978	0.00472	0.01282	0.00742	0.01957	0.00607	0.00709	0.00472	0.00405	0.00270	0.00135	0.00337	0.00236	0.00270	0.00472
26	0.00617	0.00446	0.00583	0.00549	0.00652	0.00412	0.00412	0.00823	0.01235	0.01749	0.81722	0.03258	0.04115	0.00892	0.00514	0.00137	0.00206	0.00789	0.00480	0.00412
27	0.01166	0.84935	0.02285	0.00746	0.01119	0.01726	0.00746	0.01306	0.00886	0.01026	0.00606	0.00700	0.00560	0.00373	0.00280	0.00093	0.00466	0.00233	0.00187	0.00560
28	0.00586	0.00445	0.00540	0.00516	0.00632	0.00398	0.00387	0.00763	0.01161	0.01575	0.58115	0.03545	0.27830	0.00957	0.00515	0.00140	0.00210	0.00829	0.00457	0.00398
29	0.00613	0.00446	0.00577	0.00545	0.00649	0.00410	0.00408	0.00815	0.01225	0.01727	0.78687	0.03295	0.07164	0.00900	0.00514	0.00138	0.00206	0.00794	0.00477	0.00410
30	0.00551	0.00393	0.00528	0.00630	0.00663	0.00371	0.00439	0.00641	0.00854	0.01135	0.02393	0.75373	0.02842	0.01348	0.00562	0.00180	0.00270	0.10062	0.00404	0.00360
31	0.01629	0.02079	0.01236	0.01124	0.01348	0.82921	0.00843	0.01742	0.01236	0.01067	0.00674	0.00787	0.00562	0.00449	0.00393	0.00112	0.00787	0.00281	0.00225	0.00506
32	0.00976	0.00991	0.01333	0.01144	0.01152	0.03981	0.00951	0.01072	0.00686	0.01050	0.00576	0.00949	0.00572	0.00753	0.01398	0.00188	0.81180	0.00378	0.00192	0.00478
33	0.00864	0.00841	0.01305	0.79476	0.02921	0.05089	0.01193	0.01146	0.00890	0.01112	0.00770	0.01144	0.00580	0.00437	0.00434	0.00144	0.00592	0.00382	0.00195	0.00486
34	0.00531	0.00380	0.00506	0.00607	0.00633	0.00354	0.00405	0.00607	0.00835	0.01113	0.02404	0.84388	0.02885	0.01366	0.00557	0.00177	0.00253	0.01240	0.00405	0.00354
35	0.00966	0.00806	0.01454	0.01115	0.01380	0.00781	0.33980	0.01285	0.05055	0.07198	0.14477	0.01781	0.01457	0.00549	0.00487	0.00137	0.02974	0.03015	0.20581	0.00523
36	0.00875	0.02256	0.82413	0.01243	0.01888	0.01013	0.01611	0.01381	0.00921	0.01381	0.00783	0.00921	0.00552	0.00414	0.00414	0.00138	0.00645	0.00322	0.00184	0.00645
37	0.01099	0.00869	0.00913	0.00809	0.01040	0.00987	0.00633	0.11093	0.56751	0.01893	0.01624	0.01560	0.01223	0.00568	0.00416	0.00137	0.00334	0.00465	0.16943	0.00642

[dist]
# distance from previous block
# <min> <max>
0	1

[block]
# block no. 2 follows, 60 sequences, length 18
# corresponding to MSA columns:
# 122-139
name=unknown_C
#
# <colnr> <probs for GDERKNQSTAVLIFYWHMCP>
#	G	D	E	R	K	N	Q	S	T	A	V	L	I	F	Y	W	H	M	C	P
0	0.09212	0.00729	0.00938	0.00734	0.01052	0.00650	0.00604	0.01943	0.01186	0.69392	0.01824	0.01618	0.06972	0.00570	0.00430	0.00136	0.00357	0.00457	0.00507	0.00692
1	0.00634	0.00423	0.00476	0.00476	0.00476	0.00423	0.00264	0.00634	0.00634	0.00846	0.01374	0.02854	0.01586	0.84672	0.02220	0.00423	0.00423	0.00634	0.00264	0.00264
2	0.52691	0.00932	0.00828	0.00700	0.00979	0.06068	0.00569	0.06298	0.03637	0.12902	0.00842	0.00895	0.00623	0.00447	0.00365	0.00131	0.03552	0.00292	0.00316	0.06932
3	0.01166	0.84935	0.02285	0.00746	0.01119	0.01726	0.00746	0.01306	0.00886	0.01026	0.00606	0.00700	0.00560	0.00373	0.00280	0.00093	0.00466	0.00233	0.00187	0.00560
4	0.01079	0.01036	0.01770	0.02677	0.81952	0.01036	0.01339	0.01339	0.00993	0.01425	0.00820	0.01079	0.00691	0.00389	0.00432	0.00130	0.00518	0.00389	0.00216	0.00691
5	0.01079	0.01036	0.01770	0.02677	0.81952	0.01036	0.01339	0.01339	0.00993	0.01425	0.00820	0.01079	0.00691	0.00389	0.00432	0.00130	0.00518	0.00389	0.00216	0.00691
6	0.04995	0.01180	0.01472	0.01110	0.01471	0.01269	0.13491	0.61610	0.01804	0.05669	0.01030	0.01072	0.00732	0.00495	0.00442	0.00134	0.00511	0.00408	0.00399	0.00707
7	0.00626	0.00456	0.00643	0.00643	0.00701	0.00514	0.00473	0.00742	0.00684	0.00970	0.01221	0.02007	0.01218	0.24226	0.62164	0.00629	0.00976	0.00510	0.00242	0.00357
8	0.01085	0.00937	0.00986	0.00888	0.01134	0.01085	0.00690	0.02318	0.81164	0.01824	0.01775	0.01627	0.01331	0.00592	0.00444	0.00148	0.00345	0.00493	0.00444	0.00690
9	0.00938	0.00579	0.00717	0.00694	0.00828	0.00569	0.00511	0.10724	0.05781	0.14649	0.05589	0.50580	0.03949	0.01057	0.00513	0.00161	0.00303	0.00935	0.00436	0.00488
10	0.00623	0.00467	0.00701	0.00701	0.00779	0.00545	0.00545	0.00779	0.00701	0.01012	0.01168	0.01713	0.01090	0.03271	0.82944	0.00701	0.01168	0.00467	0.00234	0.00389
11	0.00531	0.00380	0.00506	0.00607	0.00633	0.00354	0.00405	0.00607	0.00835	0.01113	0.02404	0.84388	0.02885	0.01366	0.00557	0.00177	0.00253	0.01240	0.00405	0.00354
12	0.01079	0.01036	0.01770	0.02677	0.81952	0.01036	0.01339	0.01339	0.00993	0.01425	0.00820	0.01079	0.00691	0.00389	0.00432	0.00130	0.00518	0.00389	0.00216	0.00691
13	0.01183	0.74084	0.06809	0.00803	0.01180	0.07666	0.00803	0.01342	0.00914	0.01050	0.00621	0.00719	0.00559	0.00381	0.00296	0.00097	0.00500	0.00242	0.00189	0.00561
14	0.00624	0.00464	0.00683	0.00683	0.00755	0.00535	0.00523	0.00767	0.00696	0.00999	0.01185	0.01805	0.01130	0.09787	0.76482	0.00679	0.01109	0.00481	0.00236	0.00379
15	0.00703	0.00502	0.00703	0.00803	0.00904	0.00502	0.00703	0.00904	0.01004	0.01305	0.02309	0.04920	0.02510	0.01205	0.00602	0.00201	0.00402	0.79016	0.00402	0.00402
16	0.01079	0.01036	0.01770	0.02677	0.81952	0.01036	0.01339	0.01339	0.00993	0.01425	0.00820	0.01079	0.00691	0.00389	0.00432	0.00130	0.00518	0.00389	0.00216	0.00691
17	0.01107	0.01034	0.01709	0.07344	0.71342	0.01056	0.01293	0.07156	0.01064	0.01504	0.00834	0.01082	0.00688	0.00401	0.00432	0.00131	0.00519	0.00389	0.00231	0.00682

[dist]
# distance from previous block
# <min> <max>
0	11

[block]
# block no. 3 follows, 60 sequences, length 45
# corresponding to MSA columns:
# 151-195
name=unknown_D
#
# <colnr> <probs for GDERKNQSTAVLIFYWHMCP>
#	G	D	E	R	K	N	Q	S	T	A	V	L	I	F	Y	W	H	M	C	P
0	0.00546	0.00393	0.00518	0.00591	0.00634	0.00365	0.00404	0.00646	0.00911	0.01228	0.16558	0.67272	0.05767	0.01273	0.00548	0.00169	0.00244	0.01149	0.00418	0.00365
1	0.00600	0.00436	0.00557	0.00544	0.00641	0.00400	0.00401	0.00780	0.01154	0.01611	0.62766	0.13907	0.11107	0.00967	0.00516	0.00143	0.00213	0.00853	0.02004	0.00400
2	0.02678	0.06245	0.11218	0.00904	0.01284	0.00830	0.05667	0.04460	0.05051	0.52787	0.01428	0.01316	0.00940	0.00498	0.00426	0.00132	0.00434	0.00410	0.00436	0.02856
3	0.01042	0.01048	0.03795	0.14780	0.62293	0.02867	0.01297	0.01301	0.00963	0.01351	0.00798	0.01075	0.00662	0.00415	0.00478	0.00135	0.04459	0.00384	0.00211	0.00644
4	0.00541	0.00390	0.00515	0.00612	0.00647	0.00364	0.00420	0.00627	0.00853	0.01128	0.02493	0.75647	0.06573	0.01344	0.00558	0.00177	0.00261	0.06086	0.00405	0.00358
5	0.00900	0.02091	0.71242	0.01266	0.01870	0.01024	0.07552	0.01441	0.05945	0.01410	0.00852	0.00984	0.00609	0.00422	0.00424	0.00139	0.00633	0.00348	0.00203	0.00643
6	0.00927	0.02069	0.70105	0.01367	0.07766	0.01009	0.05674	0.01399	0.00941	0.03591	0.00816	0.00961	0.00583	0.00413	0.00422	0.00138	0.00633	0.00340	0.00198	0.00648
7	0.01199	0.03380	0.04707	0.05975	0.44649	0.18609	0.02452	0.04335	0.07870	0.01402	0.00870	0.01052	0.00705	0.00426	0.00422	0.00128	0.00570	0.00370	0.00242	0.00636
8	0.07056	0.06985	0.01259	0.00947	0.02710	0.10510	0.00765	0.37826	0.01542	0.22958	0.01108	0.01084	0.00775	0.00503	0.00428	0.00129	0.01961	0.00371	0.00403	0.00680
9	0.00951	0.00803	0.00930	0.00668	0.01054	0.00630	0.00536	0.06061	0.00976	0.01504	0.00792	0.00913	0.00652	0.00336	0.00330	0.00069	0.00333	0.00267	0.00270	0.81926
10	0.05710	0.61708	0.10136	0.00836	0.01224	0.01544	0.03108	0.04059	0.05944	0.01230	0.00720	0.00806	0.00612	0.00398	0.00315	0.00106	0.00478	0.00272	0.00216	0.00579
11	0.01004	0.05342	0.19183	0.01663	0.02143	0.01113	0.60224	0.01389	0.01000	0.01376	0.00849	0.01101	0.00634	0.00378	0.00483	0.00143	0.00704	0.00461	0.00211	0.00599
12	0.00612	0.00446	0.00576	0.00543	0.00649	0.00409	0.00408	0.00813	0.01223	0.01721	0.77959	0.03304	0.07895	0.00902	0.00514	0.00138	0.00206	0.00795	0.00476	0.00409
13	0.03471	0.37155	0.35171	0.00996	0.01460	0.10815	0.01109	0.03049	0.00962	0.01239	0.00696	0.00809	0.00558	0.00403	0.00352	0.00116	0.00574	0.00279	0.00198	0.00590
14	0.00695	0.00522	0.00634	0.00590	0.00718	0.00506	0.00446	0.05588	0.06730	0.01719	0.59097	0.06938	0.12351	0.00895	0.00507	0.00141	0.00235	0.00781	0.00463	0.00443
15	0.00634	0.00423	0.00476	0.00476	0.00476	0.00423	0.00264	0.00634	0.00634	0.00846	0.01374	0.02854	0.01586	0.84672	0.02220	0.00423	0.00423	0.00634	0.00264	0.00264
16	0.01079	0.01036	0.01770	0.02677	0.81952	0.01036	0.01339	0.01339	0.00993	0.01425	0.00820	0.01079	0.00691	0.00389	0.00432	0.00130	0.00518	0.00389	0.00216	0.00691
17	0.01156	0.01088	0.01047	0.00993	0.05009	0.12401	0.00733	0.04980	0.59850	0.01705	0.01633	0.02898	0.03392	0.00587	0.00440	0.00142	0.00415	0.00479	0.00401	0.00652
18	0.01615	0.02052	0.01250	0.01164	0.03445	0.80792	0.00856	0.01731	0.01230	0.01077	0.00678	0.00794	0.00565	0.00448	0.00394	0.00113	0.00780	0.00284	0.00224	0.00510
19	0.00719	0.00548	0.00684	0.00735	0.00865	0.00553	0.00619	0.01043	0.11956	0.01356	0.02644	0.04264	0.18268	0.01088	0.00558	0.00181	0.00354	0.51139	0.01991	0.00434
20	0.01605	0.01994	0.01227	0.01108	0.01338	0.76083	0.00835	0.04654	0.05027	0.01165	0.00740	0.00836	0.00605	0.00459	0.00397	0.00115	0.00755	0.00295	0.00243	0.00523
21	0.01088	0.01106	0.04478	0.02586	0.77047	0.03273	0.01334	0.01351	0.00997	0.01414	0.00815	0.01066	0.00683	0.00391	0.00430	0.00129	0.00530	0.00383	0.00215	0.00684
22	0.00775	0.00508	0.00693	0.00619	0.00757	0.00473	0.02629	0.01006	0.03205	0.09821	0.67664	0.02947	0.03578	0.00888	0.02363	0.00150	0.00262	0.00731	0.00473	0.00456
23	0.00703	0.00502	0.00703	0.00803	0.00904	0.00502	0.00703	0.00904	0.01004	0.01305	0.02309	0.04920	0.02510	0.01205	0.00602	0.00201	0.00402	0.79016	0.00402	0.00402
24	0.01079	0.01036	0.01770	0.02677	0.81952	0.01036	0.01339	0.01339	0.00993	0.01425	0.00820	0.01079	0.00691	0.00389	0.00432	0.00130	0.00518	0.00389	0.00216	0.00691
25	0.01127	0.73779	0.13097	0.00813	0.01223	0.01630	0.00863	0.01316	0.00891	0.01074	0.00630	0.00729	0.00559	0.00379	0.00298	0.00099	0.00490	0.00245	0.00186	0.00571
26	0.00523	0.00431	0.00460	0.00477	0.00600	0.00368	0.00349	0.00632	0.00977	0.01194	0.07764	0.18664	0.63771	0.01142	0.00523	0.00152	0.00226	0.00972	0.00409	0.00368
27	0.00531	0.00382	0.00504	0.00601	0.00631	0.00355	0.00402	0.00608	0.00841	0.01116	0.02478	0.81450	0.05774	0.01357	0.00555	0.00176	0.00252	0.01228	0.00405	0.00355
28	0.58517	0.00948	0.00841	0.00710	0.00998	0.01083	0.00582	0.21758	0.07643	0.02150	0.00816	0.00871	0.00612	0.00451	0.00327	0.00135	0.00375	0.00297	0.00327	0.00559
29	0.00824	0.00775	0.01308	0.83624	0.03004	0.00969	0.01211	0.01114	0.00872	0.01114	0.00775	0.01163	0.00581	0.00436	0.00436	0.00145	0.00581	0.00388	0.00194	0.00484
30	0.00634	0.00423	0.00476	0.00476	0.00476	0.00423	0.00264	0.00634	0.00634	0.00846	0.01374	0.02854	0.01586	0.84672	0.02220	0.00423	0.00423	0.00634	0.00264	0.00264
31	0.01079	0.01036	0.01770	0.02677	0.81952	0.01036	0.01339	0.01339	0.00993	0.01425	0.00820	0.01079	0.00691	0.00389	0.00432	0.00130	0.00518	0.00389	0.00216	0.00691
32	0.01012	0.41195	0.44675	0.01009	0.01526	0.01349	0.01204	0.01346	0.00905	0.01214	0.00700	0.00817	0.00556	0.00395	0.00351	0.00117	0.00561	0.00280	0.00185	0.00605
33	0.00531	0.00380	0.00506	0.00607	0.00633	0.00354	0.00405	0.00607	0.00835	0.01113	0.02404	0.84388	0.02885	0.01366	0.00557	0.00177	0.00253	0.01240	0.00405	0.00354
34	0.01029	0.01176	0.02574	0.01838	0.02279	0.01103	0.80368	0.01397	0.01029	0.01397	0.00882	0.01176	0.00662	0.00368	0.00515	0.00147	0.00735	0.00515	0.00221	0.00588
35	0.00634	0.00423	0.00476	0.00476	0.00476	0.00423	0.00264	0.00634	0.00634	0.00846	0.01374	0.02854	0.01586	0.84672	0.02220	0.00423	0.00423	0.00634	0.00264	0.00264
36	0.00634	0.00425	0.00484	0.00484	0.00487	0.00428	0.00275	0.00640	0.00637	0.00852	0.01366	0.02810	0.01566	0.81511	0.05355	0.00434	0.00452	0.00628	0.00263	0.00269
37	0.01085	0.00937	0.00986	0.00888	0.01134	0.01085	0.00690	0.02318	0.81164	0.01824	0.01775	0.01627	0.01331	0.00592	0.00444	0.00148	0.00345	0.00493	0.00444	0.00690
38	0.87753	0.00843	0.00641	0.00574	0.00843	0.00978	0.00472	0.01282	0.00742	0.01957	0.00607	0.00709	0.00472	0.00405	0.00270	0.00135	0.00337	0.00236	0.00270	0.00472
39	0.00868	0.02108	0.74834	0.01190	0.01791	0.00984	0.01510	0.01387	0.04272	0.01404	0.02953	0.01094	0.02787	0.00452	0.00421	0.00139	0.00610	0.00357	0.00208	0.00633
40	0.01656	0.01275	0.01304	0.01011	0.01352	0.06451	0.00830	0.75575	0.02000	0.02644	0.01024	0.01031	0.00730	0.00519	0.00434	0.00130	0.00499	0.00386	0.00423	0.00727
41	0.00730	0.00523	0.00720	0.00809	0.00917	0.00526	0.00706	0.03193	0.01034	0.01347	0.02273	0.04808	0.02459	0.01185	0.00598	0.00199	0.00404	0.76754	0.00403	0.00411
42	0.01148	0.79793	0.07268	0.00777	0.01167	0.01681	0.00800	0.01311	0.00888	0.01048	0.00617	0.00713	0.00559	0.00376	0.00288	0.00096	0.00477	0.00239	0.00186	0.00565
43	0.00681	0.00440	0.00469	0.00456	0.00588	0.00397	0.00344	0.00838	0.01010	0.04150	0.14292	0.03091	0.40381	0.00851	0.00441	0.00130	0.00218	0.00709	0.30114	0.00400
44	0.01098	0.65705	0.20922	0.00862	0.01298	0.01560	0.00947	0.01323	0.00894	0.01109	0.00647	0.00751	0.00558	0.00383	0.00311	0.00104	0.00508	0.00254	0.00186	0.00579

[dist]
# distance from previous block
# <min> <max>
0	1

[block]
# block no. 4 follows, 60 sequences, length 31
# corresponding to MSA columns:
# 197-227
name=unknown_E
#
# <colnr> <probs for GDERKNQSTAVLIFYWHMCP>
#	G	D	E	R	K	N	Q	S	T	A	V	L	I	F	Y	W	H	M	C	P
0	0.87753	0.00843	0.00641	0.00574	0.00843	0.00978	0.00472	0.01282	0.00742	0.01957	0.00607	0.00709	0.00472	0.00405	0.00270	0.00135	0.00337	0.00236	0.00270	0.00472
1	0.00672	0.00503	0.00659	0.00730	0.00828	0.00504	0.00602	0.00893	0.05431	0.01277	0.02536	0.19861	0.12592	0.01181	0.00588	0.00186	0.01813	0.48337	0.00401	0.00406
2	0.00597	0.00445	0.00554	0.00527	0.00639	0.00403	0.00395	0.00783	0.01186	0.01633	0.66060	0.03448	0.19849	0.00935	0.00515	0.00139	0.00209	0.00815	0.00465	0.00403
3	0.29309	0.00787	0.00901	0.00717	0.01033	0.00767	0.00592	0.03849	0.01107	0.54627	0.01348	0.01226	0.00877	0.00496	0.00385	0.00135	0.00363	0.00373	0.00451	0.00656
4	0.00593	0.00430	0.00573	0.00665	0.00728	0.00410	0.00508	0.00718	0.00911	0.01189	0.02545	0.48239	0.09653	0.01284	0.00570	0.00183	0.00305	0.29721	0.00404	0.00373
5	0.00664	0.00451	0.00598	0.00674	0.00754	0.00441	0.00542	0.00831	0.00964	0.01333	0.08642	0.26228	0.02551	0.01128	0.00542	0.00175	0.00317	0.40413	0.12363	0.00390
6	0.00875	0.02256	0.82413	0.01243	0.01888	0.01013	0.01611	0.01381	0.00921	0.01381	0.00783	0.00921	0.00552	0.00414	0.00414	0.00138	0.00645	0.00322	0.00184	0.00645
7	0.00623	0.00467	0.00701	0.00701	0.00779	0.00545	0.00545	0.00779	0.00701	0.01012	0.01168	0.01713	0.01090	0.03271	0.82944	0.00701	0.01168	0.00467	0.00234	0.00389
8	0.00824	0.00775	0.01308	0.83624	0.03004	0.00969	0.01211	0.01114	0.00872	0.01114	0.00775	0.01163	0.00581	0.00436	0.00436	0.00145	0.00581	0.00388	0.00194	0.00484
9	0.01074	0.58716	0.27695	0.00904	0.01363	0.01500	0.01021	0.01330	0.00897	0.01139	0.00662	0.00770	0.00557	0.00386	0.00323	0.00108	0.00523	0.00261	0.00186	0.00587
10	0.00531	0.00441	0.00461	0.00459	0.00595	0.00374	0.00341	0.00650	0.01011	0.01238	0.13639	0.05741	0.68757	0.03141	0.00558	0.00153	0.00225	0.00904	0.00411	0.00371
11	0.05575	0.68716	0.05690	0.00797	0.01163	0.09753	0.00781	0.01352	0.00915	0.01093	0.00621	0.00719	0.00555	0.00384	0.00297	0.00099	0.00500	0.00242	0.00194	0.00554
12	0.79427	0.03812	0.00735	0.00614	0.00884	0.06093	0.00505	0.01311	0.00778	0.01870	0.00611	0.00713	0.00481	0.00407	0.00278	0.00132	0.00370	0.00239	0.00264	0.00477
13	0.04854	0.26930	0.21608	0.00947	0.01320	0.03656	0.08771	0.01299	0.05504	0.01394	0.18181	0.01407	0.01372	0.00510	0.00399	0.00125	0.00478	0.00419	0.00272	0.00553
14	0.01591	0.01274	0.01435	0.01098	0.01448	0.06726	0.09054	0.67105	0.01891	0.02498	0.01005	0.01043	0.00722	0.00503	0.00442	0.00131	0.00527	0.00398	0.00400	0.00710
15	0.00713	0.00559	0.00659	0.00618	0.00759	0.00562	0.00471	0.01142	0.19559	0.01682	0.51577	0.03040	0.13672	0.00857	0.00500	0.00142	0.00244	0.02312	0.00460	0.00470
16	0.00904	0.00775	0.00904	0.00646	0.01034	0.00581	0.00517	0.01098	0.00904	0.01421	0.00775	0.00904	0.00646	0.00323	0.00323	0.00065	0.00323	0.00258	0.00258	0.87339
17	0.00600	0.00445	0.00558	0.00530	0.00641	0.00404	0.00398	0.00789	0.01193	0.01650	0.68306	0.03421	0.17593	0.00929	0.00515	0.00139	0.00208	0.00812	0.00467	0.00404
18	0.00582	0.00411	0.00551	0.00647	0.00691	0.00393	0.00471	0.00688	0.00871	0.01162	0.02328	0.60833	0.02717	0.03959	0.00616	0.00189	0.00293	0.20073	0.02161	0.00364
19	0.00694	0.00496	0.00693	0.00793	0.00890	0.00494	0.00688	0.00888	0.00995	0.01295	0.02314	0.08989	0.02529	0.01213	0.00600	0.00200	0.00394	0.75033	0.00402	0.00399
20	0.00639	0.00419	0.00473	0.00481	0.00490	0.00417	0.00277	0.00659	0.00668	0.00919	0.01454	0.08794	0.01649	0.72695	0.01965	0.00382	0.00395	0.00663	0.06280	0.00281
21	0.00628	0.00424	0.00474	0.00474	0.00482	0.00420	0.00268	0.00634	0.00654	0.00864	0.01544	0.02929	0.06054	0.80015	0.02125	0.00407	0.00412	0.00650	0.00272	0.00270
22	0.01079	0.01036	0.01770	0.02677	0.81952	0.01036	0.01339	0.01339	0.00993	0.01425	0.00820	0.01079	0.00691	0.00389	0.00432	0.00130	0.00518	0.00389	0.00216	0.00691
23	0.00960	0.00971	0.01429	0.01197	0.01231	0.01318	0.06940	0.01076	0.00695	0.01076	0.00596	0.00971	0.00579	0.00734	0.01362	0.00188	0.77607	0.00392	0.00193	0.00485
24	0.87753	0.00843	0.00641	0.00574	0.00843	0.00978	0.00472	0.01282	0.00742	0.01957	0.00607	0.00709	0.00472	0.00405	0.00270	0.00135	0.00337	0.00236	0.00270	0.00472
25	0.00531	0.00380	0.00506	0.00607	0.00633	0.00354	0.00405	0.00607	0.00835	0.01113	0.02404	0.84388	0.02885	0.01366	0.00557	0.00177	0.00253	0.01240	0.00405	0.00354
26	0.00900	0.19160	0.56234	0.01063	0.01583	0.01087	0.01291	0.01287	0.00926	0.01312	0.05356	0.06128	0.00896	0.00491	0.00401	0.00131	0.00559	0.00386	0.00215	0.00596
27	0.00875	0.02256	0.82413	0.01243	0.01888	0.01013	0.01611	0.01381	0.00921	0.01381	0.00783	0.00921	0.00552	0.00414	0.00414	0.00138	0.00645	0.00322	0.00184	0.00645
28	0.00884	0.02194	0.77857	0.01277	0.01910	0.01018	0.06105	0.01382	0.00927	0.01382	0.00788	0.00935	0.00559	0.00412	0.00420	0.00139	0.00650	0.00333	0.00186	0.00641
29	0.01079	0.01036	0.01770	0.02677	0.81952	0.01036	0.01339	0.01339	0.00993	0.01425	0.00820	0.01079	0.00691	0.00389	0.00432	0.00130	0.00518	0.00389	0.00216	0.00691
30	0.00660	0.00420	0.00468	0.00469	0.00488	0.00419	0.00277	0.00698	0.00695	0.00993	0.03008	0.04377	0.01589	0.67945	0.01848	0.00361	0.00380	0.00614	0.14001	0.00292

[dist]
# distance from previous block
# <min> <max>
0	0

# created by:
# /st0/software/busco_prod/Augustus/scripts/msa2prfl.pl ./align_prep/118819.fa
