[name]
unknown

[dist]
# distance from previous block
# <min> <max>
5	61

[block]
# block no. 0 follows, 60 sequences, length 41
# corresponding to MSA columns:
# 76-116
name=unknown_A
#
# <colnr> <probs for GDERKNQSTAVLIFYWHMCP>
#	G	D	E	R	K	N	Q	S	T	A	V	L	I	F	Y	W	H	M	C	P
0	0.06549	0.09248	0.01319	0.03745	0.05260	0.04926	0.07059	0.19705	0.14494	0.13021	0.06068	0.01297	0.01041	0.00508	0.00416	0.00130	0.00447	0.00417	0.02177	0.02171
1	0.04615	0.04334	0.05578	0.02494	0.10784	0.04119	0.04451	0.07780	0.09250	0.11447	0.08969	0.06915	0.03752	0.02774	0.00480	0.00139	0.00419	0.01987	0.00348	0.09367
2	0.03203	0.20280	0.17571	0.02382	0.01293	0.11168	0.02143	0.04389	0.09278	0.08053	0.01012	0.01145	0.01753	0.02103	0.09426	0.01475	0.00594	0.00357	0.00269	0.02104
3	0.03490	0.07258	0.05689	0.01201	0.09658	0.09050	0.14391	0.14390	0.01180	0.08701	0.03073	0.03071	0.01597	0.03343	0.00480	0.00132	0.00515	0.00412	0.00300	0.12068
4	0.01290	0.06381	0.05581	0.01309	0.07674	0.19560	0.19965	0.12443	0.08426	0.05645	0.02230	0.01133	0.00793	0.02023	0.00478	0.00135	0.01502	0.00402	0.00289	0.02741
5	0.01142	0.02612	0.16698	0.02400	0.08456	0.06429	0.10207	0.17881	0.06447	0.04257	0.02524	0.09486	0.00989	0.00557	0.00474	0.00137	0.03072	0.00476	0.00307	0.05449
6	0.02992	0.10946	0.22448	0.00967	0.04139	0.04901	0.02315	0.03994	0.11001	0.06828	0.03247	0.03606	0.03744	0.00491	0.00396	0.00120	0.00463	0.00393	0.00290	0.16718
7	0.00627	0.00450	0.00615	0.00615	0.00663	0.00498	0.00438	0.00724	0.00675	0.00949	0.01247	0.02149	0.01280	0.34364	0.52110	0.00595	0.00884	0.00531	0.00245	0.00342
8	0.01079	0.05946	0.01219	0.28100	0.03094	0.28219	0.02164	0.01257	0.00986	0.01113	0.03286	0.07995	0.01843	0.02855	0.04044	0.00165	0.04280	0.00441	0.00237	0.01677
9	0.00876	0.00745	0.00873	0.00637	0.00997	0.00568	0.00506	0.01064	0.00904	0.01402	0.02807	0.01095	0.02739	0.01877	0.02531	0.00091	0.00342	0.00299	0.00267	0.79378
10	0.00736	0.04685	0.09730	0.05493	0.02357	0.02077	0.00684	0.03153	0.00846	0.01146	0.01573	0.40786	0.01750	0.03110	0.06356	0.06690	0.07316	0.00787	0.00305	0.00421
11	0.77219	0.00857	0.00704	0.02339	0.00923	0.00992	0.00515	0.06872	0.00836	0.01967	0.00659	0.00772	0.00512	0.00500	0.02777	0.00152	0.00378	0.00257	0.00279	0.00489
12	0.00940	0.00774	0.00908	0.00650	0.01036	0.00583	0.00521	0.01133	0.00916	0.04186	0.00808	0.00924	0.00661	0.00330	0.00327	0.00067	0.00325	0.00265	0.00268	0.84377
13	0.00675	0.00575	0.00713	0.02315	0.09271	0.05946	0.00558	0.00782	0.00879	0.01145	0.02050	0.63817	0.02390	0.01246	0.03283	0.00185	0.00357	0.03047	0.00364	0.00404
14	0.00615	0.00446	0.00579	0.00546	0.00650	0.00410	0.00409	0.00818	0.01228	0.01734	0.79713	0.03282	0.06133	0.00897	0.00514	0.00137	0.00206	0.00792	0.00478	0.00410
15	0.00896	0.00823	0.01232	0.05785	0.37325	0.04692	0.02437	0.01114	0.02229	0.01305	0.01473	0.20489	0.01536	0.00775	0.00493	0.00155	0.00453	0.15952	0.00298	0.00538
16	0.00813	0.00407	0.00407	0.00407	0.00508	0.00407	0.00305	0.01016	0.00915	0.01626	0.01423	0.01626	0.01118	0.00508	0.00305	0.00102	0.00203	0.00407	0.87093	0.00407
17	0.01488	0.03704	0.03263	0.02274	0.15505	0.12557	0.00940	0.47931	0.03159	0.02139	0.00940	0.01015	0.00705	0.00487	0.00441	0.00129	0.01919	0.00372	0.00349	0.00684
18	0.00641	0.00436	0.00522	0.00533	0.00551	0.00443	0.00339	0.00677	0.00681	0.00912	0.01456	0.02968	0.01638	0.67735	0.09851	0.00426	0.00493	0.09131	0.00276	0.00291
19	0.00534	0.00382	0.00508	0.00606	0.00633	0.00356	0.00405	0.00614	0.00847	0.01133	0.04795	0.81942	0.02922	0.01352	0.00555	0.00176	0.00252	0.01226	0.00407	0.00356
20	0.01009	0.00839	0.00960	0.00701	0.01079	0.00698	0.00563	0.11503	0.03670	0.01608	0.00843	0.00947	0.00681	0.00358	0.00342	0.00076	0.00344	0.00284	0.00288	0.73209
21	0.00728	0.04803	0.02880	0.08599	0.13582	0.00616	0.00670	0.00835	0.00853	0.01129	0.02879	0.30016	0.10327	0.02511	0.00711	0.13517	0.00370	0.04256	0.00305	0.00414
22	0.00953	0.23068	0.59892	0.01135	0.01705	0.01195	0.03682	0.01363	0.00915	0.01292	0.00741	0.00872	0.00557	0.00403	0.00383	0.00127	0.00602	0.00305	0.00186	0.00622
23	0.00634	0.00423	0.00476	0.00476	0.00476	0.00423	0.00264	0.00634	0.00634	0.00846	0.01374	0.02854	0.01586	0.84672	0.02220	0.00423	0.00423	0.00634	0.00264	0.00264
24	0.00538	0.00413	0.00494	0.00545	0.00626	0.00369	0.00386	0.00641	0.00934	0.01197	0.09694	0.44364	0.33333	0.01222	0.00539	0.00163	0.00241	0.03524	0.00411	0.00366
25	0.01035	0.38322	0.37420	0.01072	0.04130	0.02613	0.03459	0.01395	0.04553	0.01243	0.00753	0.00866	0.00599	0.00403	0.00360	0.00119	0.00554	0.00298	0.00200	0.00607
26	0.00813	0.00407	0.00407	0.00407	0.00508	0.00407	0.00305	0.01016	0.00915	0.01626	0.01423	0.01626	0.01118	0.00508	0.00305	0.00102	0.00203	0.00407	0.87093	0.00407
27	0.01106	0.23522	0.28090	0.01338	0.16834	0.07249	0.04051	0.01394	0.00972	0.06434	0.00901	0.03528	0.01866	0.00447	0.00392	0.00124	0.00552	0.00360	0.00228	0.00612
28	0.01034	0.27765	0.40539	0.01131	0.07494	0.01203	0.01187	0.04227	0.00964	0.03844	0.00816	0.03311	0.00660	0.00432	0.00376	0.00122	0.00542	0.00330	0.00217	0.03807
29	0.00893	0.00733	0.00866	0.00645	0.00994	0.00559	0.00508	0.01074	0.00906	0.03538	0.00970	0.09632	0.00891	0.00438	0.00350	0.00078	0.00317	0.00366	0.00281	0.75959
30	0.00612	0.00576	0.04969	0.00639	0.03494	0.00468	0.01628	0.00794	0.02520	0.01357	0.26667	0.08565	0.37765	0.05695	0.02169	0.00171	0.00290	0.00813	0.00396	0.00410
31	0.01181	0.82256	0.02252	0.00758	0.01127	0.04351	0.00749	0.01320	0.00898	0.01027	0.00609	0.00702	0.00560	0.00376	0.00284	0.00094	0.00477	0.00235	0.00188	0.00558
32	0.00927	0.00917	0.01282	0.01110	0.01112	0.01272	0.00919	0.01021	0.00679	0.01054	0.00691	0.06372	0.00723	0.00803	0.01375	0.00190	0.78445	0.00437	0.00205	0.00469
33	0.01067	0.05408	0.01766	0.07967	0.72465	0.01068	0.01299	0.01322	0.00979	0.01383	0.00806	0.01065	0.00677	0.00391	0.00424	0.00129	0.00520	0.00380	0.00213	0.00670
34	0.70987	0.06440	0.02929	0.00676	0.03051	0.03112	0.00553	0.01270	0.00777	0.01800	0.00679	0.02942	0.00566	0.00494	0.02170	0.00146	0.00387	0.00275	0.00262	0.00484
35	0.01629	0.02079	0.01236	0.01124	0.01348	0.82921	0.00843	0.01742	0.01236	0.01067	0.00674	0.00787	0.00562	0.00449	0.00393	0.00112	0.00787	0.00281	0.00225	0.00506
36	0.01087	0.01041	0.04626	0.13758	0.46064	0.03133	0.02690	0.05152	0.02305	0.04952	0.01866	0.03016	0.00778	0.00472	0.00516	0.00139	0.07117	0.00413	0.00246	0.00630
37	0.01166	0.00977	0.01032	0.00904	0.01165	0.01123	0.00710	0.13381	0.69968	0.01955	0.01672	0.01545	0.01248	0.00582	0.00443	0.00146	0.00364	0.00479	0.00443	0.00698
38	0.01948	0.00757	0.01021	0.00783	0.01121	0.00663	0.00647	0.04522	0.01273	0.79822	0.01700	0.01471	0.01069	0.00539	0.00439	0.00135	0.00374	0.00437	0.00537	0.00742
39	0.00985	0.00950	0.01648	0.28000	0.50721	0.01005	0.06047	0.01257	0.00954	0.01319	0.00842	0.02788	0.00699	0.00422	0.00441	0.00137	0.00546	0.00413	0.00213	0.00613
40	0.01091	0.24566	0.38072	0.01066	0.03152	0.02459	0.05418	0.01437	0.02790	0.10550	0.01042	0.01112	0.04517	0.00452	0.00391	0.00126	0.00542	0.00355	0.00245	0.00616

[dist]
# distance from previous block
# <min> <max>
1	2

[block]
# block no. 1 follows, 60 sequences, length 48
# corresponding to MSA columns:
# 119-126,131,133-171
name=unknown_B
#
# <colnr> <probs for GDERKNQSTAVLIFYWHMCP>
#	G	D	E	R	K	N	Q	S	T	A	V	L	I	F	Y	W	H	M	C	P
0	0.06064	0.01904	0.00980	0.01006	0.11411	0.00744	0.03219	0.03682	0.15769	0.15847	0.07278	0.23081	0.03218	0.00782	0.00471	0.00150	0.00356	0.03074	0.00401	0.00562
1	0.78172	0.00892	0.00769	0.00727	0.04879	0.02592	0.02616	0.02565	0.00793	0.01911	0.00633	0.00746	0.00494	0.00406	0.00289	0.00134	0.00368	0.00254	0.00268	0.00491
2	0.00743	0.00628	0.00891	0.05603	0.02514	0.00776	0.00665	0.00861	0.00720	0.01033	0.02405	0.04325	0.01162	0.17689	0.30045	0.00410	0.25000	0.03890	0.00241	0.00402
3	0.87753	0.00843	0.00641	0.00574	0.00843	0.00978	0.00472	0.01282	0.00742	0.01957	0.00607	0.00709	0.00472	0.00405	0.00270	0.00135	0.00337	0.00236	0.00270	0.00472
4	0.00813	0.00407	0.00407	0.00407	0.00508	0.00407	0.00305	0.01016	0.00915	0.01626	0.01423	0.01626	0.01118	0.00508	0.00305	0.00102	0.00203	0.00407	0.87093	0.00407
5	0.00599	0.00439	0.00563	0.00565	0.00654	0.00409	0.00411	0.00788	0.02921	0.01548	0.54304	0.24613	0.08505	0.01023	0.00524	0.00149	0.00222	0.00909	0.00455	0.00400
6	0.01049	0.01007	0.01711	0.11179	0.71627	0.01037	0.01316	0.01308	0.00972	0.01383	0.00809	0.01085	0.00676	0.00403	0.00457	0.00133	0.02584	0.00388	0.00213	0.00664
7	0.00634	0.00424	0.00482	0.00482	0.00485	0.00427	0.00273	0.00639	0.00636	0.00851	0.01368	0.02820	0.01571	0.82216	0.04656	0.00431	0.00445	0.00629	0.00263	0.00268
8	0.87753	0.00843	0.00641	0.00574	0.00843	0.00978	0.00472	0.01282	0.00742	0.01957	0.00607	0.00709	0.00472	0.00405	0.00270	0.00135	0.00337	0.00236	0.00270	0.00472
9	0.83367	0.00906	0.00671	0.00602	0.00869	0.05152	0.00491	0.01305	0.00767	0.01912	0.00611	0.00712	0.00477	0.00407	0.00276	0.00134	0.00360	0.00238	0.00268	0.00474
10	0.01056	0.00771	0.00969	0.00838	0.01041	0.00818	0.03774	0.28648	0.02529	0.04439	0.17450	0.05801	0.01856	0.01197	0.14367	0.00242	0.00524	0.12742	0.00399	0.00540
11	0.00900	0.00830	0.01221	0.49885	0.10368	0.04435	0.01037	0.02624	0.07380	0.01195	0.00902	0.01272	0.00731	0.03691	0.05514	0.04830	0.02056	0.00405	0.00227	0.00498
12	0.00631	0.00461	0.00685	0.00685	0.00756	0.00531	0.00525	0.00761	0.00691	0.00992	0.01152	0.01733	0.01089	0.06130	0.75322	0.05687	0.01096	0.00468	0.00232	0.00373
13	0.00922	0.13337	0.63623	0.01166	0.01711	0.01141	0.01430	0.01339	0.00891	0.01301	0.00738	0.00894	0.00555	0.00443	0.00496	0.00137	0.08757	0.00316	0.00185	0.00617
14	0.01150	0.60951	0.14615	0.00940	0.03875	0.05801	0.03070	0.03133	0.00943	0.01145	0.00662	0.00771	0.00570	0.00387	0.00321	0.00105	0.00520	0.00266	0.00196	0.00579
15	0.00617	0.00446	0.00583	0.00549	0.00652	0.00412	0.00412	0.00823	0.01235	0.01749	0.81722	0.03258	0.04115	0.00892	0.00514	0.00137	0.00206	0.00789	0.00480	0.00412
16	0.00873	0.02203	0.79512	0.04189	0.01928	0.01011	0.01597	0.01372	0.00919	0.01372	0.00782	0.00929	0.00554	0.00415	0.00415	0.00138	0.00642	0.00325	0.00185	0.00639
17	0.00968	0.00922	0.01500	0.26538	0.41884	0.01032	0.01191	0.01247	0.03848	0.01300	0.02522	0.01207	0.02148	0.00481	0.00566	0.00143	0.11281	0.00409	0.00223	0.00590
18	0.03431	0.00890	0.00984	0.00854	0.01122	0.00981	0.00674	0.02248	0.60867	0.20250	0.01734	0.01572	0.01252	0.00575	0.00438	0.00145	0.00351	0.00474	0.00461	0.00697
19	0.01109	0.01081	0.04153	0.07754	0.59284	0.05669	0.02524	0.02812	0.01035	0.04574	0.03542	0.01229	0.00837	0.00437	0.00437	0.00132	0.00526	0.01970	0.00243	0.00651
20	0.00661	0.00507	0.00707	0.02737	0.03957	0.00485	0.02566	0.00899	0.03600	0.01678	0.67613	0.07521	0.03651	0.00864	0.00509	0.00140	0.00248	0.00772	0.00451	0.00434
21	0.01053	0.01083	0.06493	0.05362	0.05702	0.06664	0.23299	0.14019	0.07843	0.01571	0.06294	0.08647	0.04057	0.03509	0.00560	0.01896	0.00529	0.00548	0.00310	0.00561
22	0.00813	0.00407	0.00407	0.00407	0.00508	0.00407	0.00305	0.01016	0.00915	0.01626	0.01423	0.01626	0.01118	0.00508	0.00305	0.00102	0.00203	0.00407	0.87093	0.00407
23	0.01040	0.00998	0.06342	0.07728	0.13428	0.01027	0.00882	0.06244	0.44586	0.01701	0.06806	0.01594	0.01289	0.00570	0.00467	0.00145	0.02070	0.02071	0.00369	0.00645
24	0.00799	0.00500	0.00650	0.00589	0.00726	0.00464	0.00450	0.01037	0.04094	0.11686	0.68991	0.02981	0.03641	0.00837	0.00503	0.00137	0.00231	0.00735	0.00486	0.00462
25	0.00552	0.00390	0.00508	0.00588	0.00611	0.00372	0.00386	0.00618	0.00797	0.01065	0.02187	0.67761	0.02603	0.15475	0.03710	0.00237	0.00314	0.01111	0.00375	0.00340
26	0.04479	0.18871	0.07396	0.00862	0.01250	0.02303	0.07381	0.07966	0.03378	0.03084	0.00810	0.00921	0.00650	0.00384	0.00364	0.00097	0.01404	0.00302	0.00260	0.37839
27	0.16312	0.40039	0.02768	0.02792	0.06454	0.10772	0.00763	0.05316	0.00947	0.01309	0.00695	0.00867	0.00608	0.02713	0.03220	0.00141	0.03233	0.00286	0.00224	0.00539
28	0.00515	0.00442	0.00442	0.00442	0.00589	0.00368	0.00331	0.00626	0.00994	0.01178	0.04418	0.04197	0.81775	0.01105	0.00515	0.00147	0.00221	0.00920	0.00405	0.00368
29	0.00911	0.12600	0.72387	0.01181	0.01792	0.01102	0.01503	0.01372	0.00916	0.01337	0.00761	0.00893	0.00553	0.00409	0.00398	0.00133	0.00622	0.00311	0.00184	0.00634
30	0.00813	0.00407	0.00407	0.00407	0.00508	0.00407	0.00305	0.01016	0.00915	0.01626	0.01423	0.01626	0.01118	0.00508	0.00305	0.00102	0.00203	0.00407	0.87093	0.00407
31	0.00700	0.00582	0.02763	0.00719	0.00779	0.00651	0.00554	0.01891	0.00698	0.00998	0.01117	0.01890	0.01130	0.26295	0.42332	0.02150	0.13643	0.00496	0.00237	0.00374
32	0.87753	0.00843	0.00641	0.00574	0.00843	0.00978	0.00472	0.01282	0.00742	0.01957	0.00607	0.00709	0.00472	0.00405	0.00270	0.00135	0.00337	0.00236	0.00270	0.00472
33	0.01157	0.04185	0.04489	0.00951	0.05480	0.19161	0.03279	0.08408	0.01101	0.02567	0.02008	0.01017	0.02110	0.00409	0.00370	0.00096	0.00477	0.00317	0.02248	0.40170
34	0.00855	0.00805	0.01346	0.73609	0.10732	0.00978	0.01211	0.01166	0.02867	0.01162	0.00804	0.01166	0.00611	0.00435	0.00436	0.00144	0.00569	0.00390	0.00202	0.00510
35	0.01165	0.01166	0.09423	0.00989	0.02439	0.05293	0.02452	0.14342	0.51163	0.01868	0.03966	0.01455	0.01184	0.00557	0.00440	0.00142	0.00426	0.00457	0.00398	0.00673
36	0.00630	0.00423	0.00475	0.00475	0.00479	0.00421	0.00266	0.00634	0.00646	0.00857	0.01474	0.02898	0.04226	0.81921	0.02164	0.00414	0.00416	0.00644	0.00269	0.00268
37	0.03955	0.00559	0.00726	0.00796	0.07118	0.01422	0.01605	0.02133	0.02713	0.01172	0.04041	0.25293	0.03113	0.23571	0.11185	0.00295	0.01780	0.04637	0.00317	0.03568
38	0.00880	0.00834	0.01407	0.64989	0.19871	0.00989	0.01234	0.01161	0.00895	0.01180	0.00782	0.01142	0.00605	0.00431	0.00451	0.00143	0.01891	0.00388	0.00198	0.00529
39	0.06341	0.43272	0.30125	0.00940	0.02322	0.01350	0.01035	0.01353	0.00901	0.04341	0.00716	0.00822	0.00575	0.00403	0.00359	0.00115	0.02229	0.00278	0.00206	0.02317
40	0.82535	0.00918	0.00677	0.00607	0.00874	0.05943	0.00495	0.01310	0.00772	0.01903	0.00611	0.00713	0.00478	0.00408	0.00277	0.00134	0.00365	0.00239	0.00267	0.00474
41	0.00615	0.00435	0.00524	0.00510	0.00571	0.00412	0.00342	0.00722	0.00950	0.01304	0.39632	0.04485	0.09236	0.36987	0.01249	0.00262	0.00301	0.00740	0.00380	0.00344
42	0.00928	0.00774	0.00907	0.00649	0.01035	0.00583	0.00520	0.01122	0.00912	0.03256	0.00797	0.00918	0.00656	0.00328	0.00326	0.00066	0.00324	0.00262	0.00265	0.85373
43	0.00813	0.00407	0.00407	0.00407	0.00508	0.00407	0.00305	0.01016	0.00915	0.01626	0.01423	0.01626	0.01118	0.00508	0.00305	0.00102	0.00203	0.00407	0.87093	0.00407
44	0.00556	0.00443	0.00499	0.00485	0.00614	0.00386	0.00364	0.00705	0.01091	0.01408	0.35484	0.03820	0.50566	0.01019	0.00515	0.00143	0.00215	0.00868	0.00435	0.00386
45	0.01010	0.00962	0.01619	0.24620	0.57833	0.01020	0.01283	0.01310	0.03600	0.01354	0.00840	0.01120	0.00682	0.00408	0.00433	0.00134	0.00530	0.00392	0.00217	0.00635
46	0.00663	0.00531	0.00722	0.00718	0.00801	0.03778	0.00557	0.00817	0.00722	0.01015	0.01149	0.01677	0.01070	0.03160	0.79704	0.00678	0.01153	0.00460	0.00233	0.00394
47	0.08619	0.01132	0.01212	0.01007	0.04175	0.01262	0.00793	0.56965	0.16234	0.02468	0.01135	0.01125	0.00825	0.00521	0.00424	0.00134	0.00445	0.00398	0.00416	0.00708

[dist]
# distance from previous block
# <min> <max>
5	5

[block]
# block no. 2 follows, 60 sequences, length 55
# corresponding to MSA columns:
# 211-265
name=unknown_C
#
# <colnr> <probs for GDERKNQSTAVLIFYWHMCP>
#	G	D	E	R	K	N	Q	S	T	A	V	L	I	F	Y	W	H	M	C	P
0	0.01074	0.00944	0.00970	0.00879	0.01116	0.03302	0.00680	0.02224	0.75289	0.01772	0.01805	0.04131	0.02625	0.00619	0.00447	0.00148	0.00353	0.00516	0.00436	0.00670
1	0.01085	0.00937	0.00986	0.00888	0.01134	0.01085	0.00690	0.02318	0.81164	0.01824	0.01775	0.01627	0.01331	0.00592	0.00444	0.00148	0.00345	0.00493	0.00444	0.00690
2	0.00531	0.00381	0.00504	0.00603	0.00631	0.00355	0.00403	0.00608	0.00839	0.01115	0.02456	0.82324	0.04914	0.01360	0.00556	0.00176	0.00252	0.01232	0.00405	0.00355
3	0.00536	0.00405	0.00497	0.00568	0.00634	0.00367	0.00399	0.00629	0.00893	0.01144	0.03009	0.55696	0.26772	0.01278	0.00547	0.00169	0.00252	0.05439	0.00405	0.00361
4	0.00623	0.00467	0.00701	0.00701	0.00779	0.00545	0.00545	0.00779	0.00701	0.01012	0.01168	0.01713	0.01090	0.03271	0.82944	0.00701	0.01168	0.00467	0.00234	0.00389
5	0.01658	0.01222	0.01309	0.01003	0.01353	0.01353	0.00829	0.80497	0.02051	0.02749	0.01047	0.01047	0.00742	0.00524	0.00436	0.00131	0.00480	0.00393	0.00436	0.00742
6	0.00524	0.00442	0.00456	0.00465	0.00605	0.00373	0.00351	0.00637	0.00988	0.01181	0.04238	0.07754	0.74865	0.01120	0.00521	0.00151	0.00230	0.04326	0.00405	0.00369
7	0.00536	0.00383	0.00511	0.00613	0.00640	0.00358	0.00413	0.00615	0.00840	0.01119	0.02401	0.82236	0.02874	0.01362	0.00558	0.00178	0.00257	0.03346	0.00405	0.00356
8	0.00531	0.00380	0.00506	0.00607	0.00633	0.00354	0.00405	0.00607	0.00835	0.01113	0.02404	0.84388	0.02885	0.01366	0.00557	0.00177	0.00253	0.01240	0.00405	0.00354
9	0.85385	0.00854	0.00659	0.00585	0.00857	0.00989	0.00482	0.03461	0.00778	0.01979	0.00619	0.00718	0.00480	0.00408	0.00274	0.00135	0.00341	0.00240	0.00274	0.00480
10	0.00634	0.00423	0.00478	0.00477	0.00480	0.00423	0.00268	0.00639	0.00648	0.00867	0.03269	0.02864	0.01645	0.82696	0.02180	0.00416	0.00418	0.00638	0.00269	0.00268
11	0.00533	0.00381	0.00508	0.00606	0.00633	0.00356	0.00405	0.00613	0.00845	0.01129	0.04321	0.82427	0.02914	0.01355	0.00556	0.00176	0.00252	0.01229	0.00407	0.00356
12	0.87753	0.00843	0.00641	0.00574	0.00843	0.00978	0.00472	0.01282	0.00742	0.01957	0.00607	0.00709	0.00472	0.00405	0.00270	0.00135	0.00337	0.00236	0.00270	0.00472
13	0.00696	0.00497	0.00693	0.00782	0.00883	0.00495	0.00679	0.00897	0.01023	0.01342	0.08844	0.04783	0.02642	0.01179	0.00595	0.00196	0.00385	0.72579	0.00408	0.00402
14	0.01166	0.84935	0.02285	0.00746	0.01119	0.01726	0.00746	0.01306	0.00886	0.01026	0.00606	0.00700	0.00560	0.00373	0.00280	0.00093	0.00466	0.00233	0.00187	0.00560
15	0.00824	0.00775	0.01308	0.83624	0.03004	0.00969	0.01211	0.01114	0.00872	0.01114	0.00775	0.01163	0.00581	0.00436	0.00436	0.00145	0.00581	0.00388	0.00194	0.00484
16	0.00634	0.00423	0.00476	0.00476	0.00476	0.00423	0.00264	0.00634	0.00634	0.00846	0.01374	0.02854	0.01586	0.84672	0.02220	0.00423	0.00423	0.00634	0.00264	0.00264
17	0.00876	0.00486	0.00510	0.00481	0.00602	0.00503	0.00367	0.08401	0.01000	0.01673	0.01372	0.01611	0.01094	0.02994	0.05173	0.00148	0.00291	0.00415	0.71570	0.00433
18	0.00531	0.00380	0.00506	0.00607	0.00633	0.00354	0.00405	0.00607	0.00835	0.01113	0.02404	0.84388	0.02885	0.01366	0.00557	0.00177	0.00253	0.01240	0.00405	0.00354
19	0.79661	0.00940	0.00699	0.00623	0.00891	0.06858	0.00507	0.03083	0.00807	0.01911	0.00622	0.00722	0.00485	0.00411	0.00282	0.00133	0.00373	0.00243	0.00270	0.00481
20	0.01025	0.01164	0.02506	0.01800	0.02217	0.01116	0.76018	0.01378	0.01010	0.01378	0.00865	0.01164	0.00657	0.00389	0.00565	0.00149	0.05289	0.00507	0.00219	0.00582
21	0.01116	0.01003	0.01001	0.00901	0.01147	0.05841	0.00699	0.02284	0.76519	0.01780	0.01711	0.01578	0.01287	0.00583	0.00441	0.00146	0.00371	0.00481	0.00431	0.00680
22	0.87753	0.00843	0.00641	0.00574	0.00843	0.00978	0.00472	0.01282	0.00742	0.01957	0.00607	0.00709	0.00472	0.00405	0.00270	0.00135	0.00337	0.00236	0.00270	0.00472
23	0.01046	0.00897	0.00955	0.00856	0.01096	0.01021	0.00665	0.02172	0.72890	0.01806	0.07472	0.01721	0.01509	0.00605	0.00445	0.00145	0.00334	0.00507	0.00441	0.03419
24	0.07863	0.00749	0.00987	0.00762	0.01095	0.00664	0.00629	0.02067	0.01213	0.76726	0.01644	0.01431	0.01038	0.00531	0.00427	0.00135	0.00369	0.00425	0.00521	0.00724
25	0.00612	0.00442	0.00579	0.00552	0.00650	0.00408	0.00411	0.00811	0.01211	0.01712	0.77112	0.07973	0.04044	0.00919	0.00517	0.00139	0.00209	0.00815	0.00476	0.00408
26	0.81516	0.00819	0.00645	0.00590	0.00848	0.00944	0.00489	0.01255	0.00761	0.01910	0.00729	0.01010	0.00618	0.00462	0.00294	0.00140	0.00342	0.05881	0.00279	0.00467
27	0.01079	0.01036	0.01770	0.02677	0.81952	0.01036	0.01339	0.01339	0.00993	0.01425	0.00820	0.01079	0.00691	0.00389	0.00432	0.00130	0.00518	0.00389	0.00216	0.00691
28	0.00531	0.00380	0.00506	0.00607	0.00633	0.00354	0.00405	0.00607	0.00835	0.01113	0.02404	0.84388	0.02885	0.01366	0.00557	0.00177	0.00253	0.01240	0.00405	0.00354
29	0.00542	0.00384	0.00503	0.00594	0.00616	0.00361	0.00390	0.00610	0.00814	0.01085	0.02296	0.75856	0.02749	0.10084	0.00731	0.00203	0.00271	0.01177	0.00390	0.00345
30	0.01153	0.00971	0.01024	0.00901	0.01160	0.01116	0.00707	0.11565	0.71806	0.01934	0.01689	0.01559	0.01262	0.00584	0.00443	0.00146	0.00361	0.00481	0.00443	0.00696
31	0.00551	0.00396	0.00516	0.00603	0.00641	0.00371	0.00414	0.00636	0.00854	0.01130	0.04322	0.67603	0.07268	0.06171	0.00653	0.00190	0.00270	0.06660	0.00398	0.00354
32	0.87753	0.00843	0.00641	0.00574	0.00843	0.00978	0.00472	0.01282	0.00742	0.01957	0.00607	0.00709	0.00472	0.00405	0.00270	0.00135	0.00337	0.00236	0.00270	0.00472
33	0.87753	0.00843	0.00641	0.00574	0.00843	0.00978	0.00472	0.01282	0.00742	0.01957	0.00607	0.00709	0.00472	0.00405	0.00270	0.00135	0.00337	0.00236	0.00270	0.00472
34	0.00702	0.00456	0.00586	0.00590	0.00697	0.00415	0.00440	0.00850	0.01059	0.08665	0.32265	0.28080	0.15331	0.01062	0.00527	0.00156	0.00253	0.07003	0.00445	0.00416
35	0.87753	0.00843	0.00641	0.00574	0.00843	0.00978	0.00472	0.01282	0.00742	0.01957	0.00607	0.00709	0.00472	0.00405	0.00270	0.00135	0.00337	0.00236	0.00270	0.00472
36	0.00569	0.00439	0.00519	0.00509	0.00624	0.00389	0.00378	0.00726	0.01106	0.01466	0.43941	0.09461	0.36272	0.01014	0.00518	0.00144	0.00215	0.00876	0.00444	0.00389
37	0.00758	0.00379	0.00568	0.00568	0.00568	0.00379	0.00379	0.00568	0.00568	0.00758	0.00758	0.01326	0.00758	0.01515	0.01705	0.87311	0.00379	0.00379	0.00189	0.00189
38	0.00758	0.00379	0.00568	0.00568	0.00568	0.00379	0.00379	0.00568	0.00568	0.00758	0.00758	0.01326	0.00758	0.01515	0.01705	0.87311	0.00379	0.00379	0.00189	0.00189
39	0.00545	0.00442	0.00484	0.00476	0.00608	0.00380	0.00356	0.00682	0.01060	0.01342	0.26686	0.05656	0.57659	0.01049	0.00516	0.00145	0.00217	0.00889	0.00427	0.00380
40	0.00602	0.00442	0.00544	0.00521	0.00617	0.00406	0.00378	0.00764	0.01113	0.01530	0.57723	0.03363	0.16982	0.12243	0.00745	0.00177	0.00238	0.00790	0.00438	0.00384
41	0.01166	0.84935	0.02285	0.00746	0.01119	0.01726	0.00746	0.01306	0.00886	0.01026	0.00606	0.00700	0.00560	0.00373	0.00280	0.00093	0.00466	0.00233	0.00187	0.00560
42	0.00572	0.00442	0.00521	0.00505	0.00625	0.00392	0.00378	0.00734	0.01122	0.01491	0.46978	0.05851	0.36828	0.00994	0.00516	0.00143	0.00213	0.00857	0.00446	0.00392
43	0.00546	0.00439	0.00487	0.00485	0.00610	0.00380	0.00360	0.00682	0.01052	0.01339	0.26691	0.09671	0.53602	0.01062	0.00518	0.00146	0.00219	0.00905	0.00427	0.00380
44	0.00539	0.00383	0.00504	0.00598	0.00621	0.00359	0.00395	0.00609	0.00821	0.01094	0.02330	0.78545	0.02792	0.07336	0.00676	0.00195	0.00265	0.01196	0.00395	0.00348
45	0.00531	0.00381	0.00504	0.00603	0.00631	0.00355	0.00403	0.00608	0.00839	0.01115	0.02459	0.82174	0.05062	0.01359	0.00556	0.00176	0.00252	0.01231	0.00405	0.00355
46	0.00681	0.00464	0.00571	0.00536	0.00666	0.00414	0.00405	0.00853	0.01154	0.07334	0.51329	0.05813	0.26267	0.00942	0.00511	0.00141	0.00223	0.00815	0.00460	0.00421
47	0.01105	0.00947	0.00997	0.00892	0.01142	0.01094	0.00695	0.05033	0.78416	0.01857	0.01750	0.01607	0.01311	0.00589	0.00444	0.00147	0.00350	0.00490	0.00444	0.00692
48	0.07267	0.09325	0.01252	0.01023	0.01253	0.64252	0.00788	0.01603	0.01133	0.01119	0.00699	0.00840	0.00594	0.00642	0.06290	0.00154	0.00755	0.00287	0.00225	0.00500
49	0.13747	0.01333	0.01154	0.04588	0.01303	0.24624	0.01817	0.35148	0.01444	0.01904	0.00876	0.01038	0.00693	0.05019	0.02051	0.00154	0.01845	0.00354	0.00322	0.00586
50	0.00541	0.00392	0.00532	0.03241	0.00708	0.00374	0.00430	0.00623	0.00836	0.01113	0.02352	0.81747	0.02812	0.01337	0.00553	0.00176	0.00263	0.01213	0.00398	0.00358
51	0.02069	0.00902	0.02761	0.01217	0.01461	0.00918	0.32385	0.01315	0.15644	0.01390	0.04508	0.21068	0.01432	0.00712	0.00611	0.00159	0.09934	0.00672	0.00312	0.00531
52	0.00904	0.00775	0.00904	0.00646	0.01034	0.00581	0.00517	0.01098	0.00904	0.01421	0.00775	0.00904	0.00646	0.00323	0.00323	0.00065	0.00323	0.00258	0.00258	0.87339
53	0.00903	0.10308	0.74609	0.01195	0.01813	0.01082	0.01527	0.01374	0.00917	0.01347	0.00766	0.00899	0.00553	0.00410	0.00401	0.00134	0.00627	0.00314	0.00184	0.00636
54	0.01193	0.80119	0.02224	0.00768	0.01133	0.06445	0.00752	0.01331	0.00907	0.01029	0.00610	0.00705	0.00560	0.00378	0.00286	0.00094	0.00485	0.00236	0.00189	0.00557

[dist]
# distance from previous block
# <min> <max>
0	2

[block]
# block no. 3 follows, 60 sequences, length 6
# corresponding to MSA columns:
# 268,269,271-274
name=unknown_D
#
# <colnr> <probs for GDERKNQSTAVLIFYWHMCP>
#	G	D	E	R	K	N	Q	S	T	A	V	L	I	F	Y	W	H	M	C	P
0	0.01629	0.02079	0.01236	0.01124	0.01348	0.82921	0.00843	0.01742	0.01236	0.01067	0.00674	0.00787	0.00562	0.00449	0.00393	0.00112	0.00787	0.00281	0.00225	0.00506
1	0.00758	0.00379	0.00568	0.00568	0.00568	0.00379	0.00379	0.00568	0.00568	0.00758	0.00758	0.01326	0.00758	0.01515	0.01705	0.87311	0.00379	0.00379	0.00189	0.00189
2	0.01629	0.02079	0.01236	0.01124	0.01348	0.82921	0.00843	0.01742	0.01236	0.01067	0.00674	0.00787	0.00562	0.00449	0.00393	0.00112	0.00787	0.00281	0.00225	0.00506
3	0.01019	0.00858	0.00971	0.00734	0.01083	0.04897	0.03214	0.03908	0.07103	0.06171	0.01170	0.01232	0.06424	0.00426	0.00366	0.00088	0.00363	0.00347	0.00302	0.59325
4	0.00747	0.00643	0.00866	0.06683	0.07645	0.05419	0.00664	0.00901	0.00761	0.01043	0.01080	0.01646	0.01017	0.10079	0.55103	0.00536	0.04062	0.00457	0.00230	0.00419
5	0.00855	0.00554	0.00693	0.00616	0.00770	0.00530	0.00475	0.06595	0.04697	0.10775	0.60441	0.02876	0.06739	0.00823	0.00498	0.00137	0.00250	0.00715	0.00479	0.00482

[dist]
# distance from previous block
# <min> <max>
0	0

# created by:
# /st0/software/busco_prod/Augustus/scripts/msa2prfl.pl ./align_prep/119037.fa
