[name]
unknown

[dist]
# distance from previous block
# <min> <max>
0	14

[block]
# block no. 0 follows, 58 sequences, length 40
# corresponding to MSA columns:
# 14-53
name=unknown_A
#
# <colnr> <probs for GDERKNQSTAVLIFYWHMCP>
#	G	D	E	R	K	N	Q	S	T	A	V	L	I	F	Y	W	H	M	C	P
0	0.01025	0.10308	0.02192	0.03081	0.09467	0.14348	0.00699	0.01243	0.04738	0.06500	0.15928	0.14242	0.07079	0.00806	0.02314	0.00151	0.00441	0.01999	0.02926	0.00513
1	0.01105	0.22953	0.03354	0.05947	0.06468	0.11857	0.09875	0.07918	0.01082	0.01335	0.03180	0.11479	0.05053	0.00623	0.00478	0.00136	0.04141	0.02196	0.00276	0.00545
2	0.01089	0.01074	0.04136	0.08001	0.69940	0.01052	0.01344	0.03297	0.01035	0.01469	0.00880	0.01202	0.00743	0.00426	0.00447	0.00136	0.00536	0.02277	0.00229	0.00687
3	0.00915	0.02153	0.02658	0.13280	0.04767	0.07430	0.00698	0.05879	0.04751	0.05080	0.01973	0.24139	0.12826	0.00917	0.02525	0.00165	0.00424	0.02911	0.06020	0.00488
4	0.00767	0.00514	0.00613	0.00601	0.00669	0.01965	0.00412	0.00836	0.00800	0.07449	0.01807	0.13836	0.08103	0.41595	0.10967	0.00359	0.02482	0.04081	0.00325	0.01818
5	0.00639	0.00479	0.00719	0.00719	0.00799	0.00559	0.00559	0.00799	0.00719	0.01038	0.01198	0.01757	0.01118	0.03355	0.82507	0.00719	0.01198	0.00479	0.00240	0.00399
6	0.01618	0.01938	0.01232	0.01111	0.01350	0.69123	0.00839	0.03050	0.10463	0.03899	0.00864	0.00934	0.00688	0.00482	0.00412	0.00121	0.00735	0.00320	0.00271	0.00552
7	0.01145	0.01045	0.00981	0.00888	0.01122	0.11058	0.00686	0.02150	0.61952	0.01756	0.03563	0.01603	0.01318	0.00589	0.00438	0.00143	0.00393	0.00478	0.08041	0.00652
8	0.00652	0.00498	0.00593	0.00558	0.00689	0.00463	0.00421	0.03202	0.04110	0.01658	0.53748	0.03492	0.26343	0.00955	0.00523	0.00144	0.00229	0.00825	0.00467	0.00430
9	0.00602	0.00449	0.00595	0.00660	0.00708	0.00444	0.01512	0.00732	0.03523	0.01185	0.02390	0.66548	0.06096	0.03362	0.00634	0.00185	0.03196	0.04116	0.02677	0.00384
10	0.01616	0.01008	0.01121	0.00876	0.01188	0.01070	0.00718	0.50346	0.01733	0.18993	0.01283	0.01269	0.00899	0.00538	0.00425	0.00130	0.00421	0.00415	0.15251	0.00702
11	0.01038	0.01178	0.02565	0.01841	0.02278	0.01104	0.77066	0.01404	0.01049	0.01423	0.00960	0.04122	0.00759	0.00413	0.00529	0.00152	0.00737	0.00554	0.00233	0.00595
12	0.01212	0.00831	0.00937	0.00818	0.01065	0.00897	0.00642	0.03375	0.48854	0.17614	0.12675	0.01923	0.03663	0.00648	0.00462	0.00146	0.00335	0.00543	0.02694	0.00665
13	0.00608	0.00437	0.00487	0.00495	0.00541	0.00416	0.00309	0.00650	0.00771	0.00988	0.02352	0.09385	0.23881	0.52563	0.03980	0.00344	0.00385	0.00774	0.00321	0.00311
14	0.01659	0.01218	0.01304	0.01006	0.01353	0.01348	0.00829	0.75810	0.03486	0.02761	0.01101	0.01106	0.00785	0.00538	0.00443	0.00134	0.00480	0.00405	0.03488	0.00748
15	0.04890	0.00949	0.04510	0.00777	0.01152	0.00816	0.00652	0.12596	0.10256	0.04539	0.00977	0.01047	0.00760	0.00413	0.00380	0.00096	0.01230	0.00322	0.00320	0.53318
16	0.01163	0.22984	0.01207	0.03596	0.01011	0.04655	0.00611	0.18996	0.01207	0.01721	0.01093	0.01227	0.00863	0.00483	0.00345	0.00111	0.00384	0.00360	0.37439	0.00544
17	0.80543	0.00878	0.00762	0.02680	0.03149	0.01009	0.02788	0.01316	0.00780	0.01955	0.00641	0.00762	0.00499	0.00414	0.00293	0.00139	0.00369	0.00258	0.00272	0.00494
18	0.01337	0.01546	0.03317	0.14800	0.18960	0.37822	0.06638	0.05150	0.02893	0.01308	0.00799	0.00998	0.00641	0.00449	0.00443	0.00130	0.01593	0.00359	0.00237	0.00580
19	0.00666	0.00489	0.00672	0.00665	0.00713	0.00556	0.00485	0.00767	0.00706	0.01007	0.01280	0.05878	0.01313	0.26430	0.46869	0.02229	0.05881	0.00557	0.02474	0.00362
20	0.00545	0.00389	0.00519	0.00623	0.00649	0.00363	0.00415	0.00623	0.00856	0.01142	0.02465	0.83987	0.02959	0.01401	0.00571	0.00182	0.00260	0.01272	0.00415	0.00363
21	0.00678	0.00464	0.00558	0.00559	0.00638	0.00440	0.00385	0.00802	0.02907	0.04809	0.18104	0.18762	0.16600	0.27215	0.03810	0.00263	0.00340	0.01902	0.00387	0.00377
22	0.01614	0.00703	0.00910	0.00732	0.01010	0.00643	0.00592	0.04084	0.05800	0.54199	0.13085	0.01795	0.01562	0.00604	0.00445	0.00135	0.00338	0.00499	0.10580	0.00670
23	0.81807	0.00891	0.00702	0.00617	0.00899	0.01029	0.00508	0.06483	0.00849	0.02060	0.00652	0.00749	0.00503	0.00423	0.00288	0.00138	0.00356	0.00253	0.00288	0.00503
24	0.01563	0.16001	0.01436	0.01053	0.01321	0.56167	0.00831	0.10374	0.03255	0.01309	0.00765	0.00859	0.00627	0.00461	0.00388	0.00115	0.00693	0.00300	0.01924	0.00558
25	0.00853	0.00818	0.00779	0.10172	0.02399	0.13960	0.00593	0.01088	0.07711	0.03009	0.03809	0.12036	0.37169	0.00888	0.00489	0.00147	0.00386	0.00740	0.02498	0.00456
26	0.00691	0.02439	0.00704	0.00660	0.00733	0.00557	0.00490	0.00808	0.00720	0.03121	0.01256	0.02039	0.01241	0.24813	0.57008	0.00613	0.00956	0.00519	0.00255	0.00379
27	0.83979	0.02686	0.00707	0.00600	0.00881	0.01027	0.00497	0.02776	0.00789	0.02001	0.00631	0.00733	0.00492	0.00417	0.00280	0.00137	0.00352	0.00245	0.00278	0.00492
28	0.01152	0.43200	0.10522	0.01040	0.01427	0.05666	0.14219	0.04641	0.04197	0.02243	0.02625	0.01056	0.02725	0.00487	0.01581	0.00128	0.01908	0.00356	0.00237	0.00589
29	0.00553	0.00447	0.00491	0.00495	0.00623	0.00386	0.00366	0.00683	0.01055	0.01326	0.20702	0.12779	0.56299	0.01115	0.00533	0.00152	0.00227	0.00951	0.00432	0.00386
30	0.02618	0.00816	0.00942	0.00777	0.00990	0.00852	0.00595	0.27928	0.03291	0.19764	0.02745	0.05834	0.01276	0.26289	0.01040	0.00231	0.02494	0.00538	0.00408	0.00573
31	0.00663	0.00476	0.00599	0.00566	0.00684	0.00439	0.00425	0.00885	0.03415	0.03629	0.64510	0.06204	0.13934	0.00942	0.00525	0.00144	0.00223	0.00826	0.00480	0.00430
32	0.00686	0.00530	0.00794	0.00716	0.00789	0.00539	0.09492	0.00774	0.00730	0.00996	0.01384	0.08911	0.01500	0.48249	0.21554	0.00451	0.00643	0.00644	0.00270	0.00348
33	0.01275	0.32540	0.08452	0.03227	0.03195	0.16745	0.00892	0.13909	0.01146	0.01388	0.01514	0.00967	0.00687	0.02656	0.03389	0.00150	0.06714	0.00325	0.00247	0.00580
34	0.00544	0.00409	0.00504	0.00575	0.00638	0.00369	0.00395	0.00636	0.00915	0.01183	0.05785	0.59752	0.24051	0.01312	0.00558	0.00172	0.00249	0.01167	0.00418	0.00369
35	0.02170	0.09174	0.06978	0.03691	0.11338	0.09031	0.04820	0.24729	0.07325	0.05202	0.02739	0.01836	0.00848	0.01569	0.00496	0.00137	0.04124	0.00400	0.00324	0.03070
36	0.01171	0.04933	0.08996	0.13314	0.36644	0.14579	0.04160	0.03947	0.02104	0.02689	0.00871	0.01149	0.00713	0.00446	0.00436	0.00134	0.00595	0.02255	0.00236	0.00629
37	0.00786	0.00594	0.02626	0.00603	0.00760	0.02912	0.00465	0.02279	0.02801	0.09882	0.16474	0.19023	0.34818	0.03218	0.00565	0.00160	0.00288	0.00871	0.00430	0.00445
38	0.00719	0.05284	0.04363	0.00760	0.00901	0.00619	0.06188	0.00985	0.09263	0.01324	0.09020	0.44672	0.03727	0.02837	0.02531	0.00180	0.00353	0.00916	0.04909	0.00448
39	0.16907	0.04116	0.02394	0.03326	0.12207	0.26281	0.04095	0.11593	0.03284	0.01597	0.02731	0.01096	0.03125	0.00494	0.00441	0.00132	0.03713	0.00364	0.01528	0.00572

[dist]
# distance from previous block
# <min> <max>
3	27

[block]
# block no. 1 follows, 58 sequences, length 9
# corresponding to MSA columns:
# 81-89
name=unknown_B
#
# <colnr> <probs for GDERKNQSTAVLIFYWHMCP>
#	G	D	E	R	K	N	Q	S	T	A	V	L	I	F	Y	W	H	M	C	P
0	0.01068	0.01033	0.01471	0.17289	0.06830	0.07701	0.17515	0.10804	0.07286	0.01500	0.01247	0.08559	0.04891	0.00579	0.00515	0.00144	0.04338	0.00519	0.00292	0.06419
1	0.18249	0.03027	0.03352	0.01317	0.22055	0.00954	0.04726	0.07313	0.05616	0.08597	0.05957	0.04429	0.01052	0.00523	0.00441	0.00136	0.02884	0.00434	0.05119	0.03821
2	0.01040	0.00845	0.01096	0.05465	0.07338	0.00707	0.03159	0.04465	0.01007	0.06534	0.00874	0.01008	0.00695	0.00367	0.00365	0.00086	0.00384	0.00308	0.00282	0.63974
3	0.01068	0.00968	0.02987	0.04905	0.20042	0.05639	0.04873	0.15724	0.08242	0.01653	0.03564	0.15625	0.06536	0.00699	0.00474	0.00145	0.00452	0.01920	0.03897	0.00587
4	0.00949	0.00865	0.01119	0.02993	0.10850	0.08913	0.04066	0.03137	0.00898	0.03184	0.01131	0.07526	0.01083	0.04021	0.25421	0.00336	0.16629	0.03699	0.02690	0.00489
5	0.00864	0.00835	0.05590	0.07458	0.12576	0.00799	0.06750	0.03971	0.06148	0.03022	0.13386	0.06052	0.19176	0.00806	0.02370	0.00163	0.07421	0.00634	0.01456	0.00525
6	0.00670	0.00505	0.00615	0.00594	0.00624	0.00546	0.00400	0.00721	0.00743	0.01003	0.05648	0.06119	0.11121	0.50548	0.08007	0.00369	0.10471	0.00674	0.00294	0.00331
7	0.01102	0.01018	0.07363	0.03476	0.07485	0.02398	0.02720	0.14269	0.20803	0.04434	0.05265	0.05915	0.02710	0.00703	0.03806	0.00158	0.00458	0.02124	0.00362	0.13428
8	0.01077	0.00700	0.01067	0.00870	0.01105	0.00647	0.13952	0.05362	0.01140	0.19057	0.14677	0.13226	0.06900	0.02333	0.00524	0.00150	0.00383	0.04984	0.06917	0.04928

[dist]
# distance from previous block
# <min> <max>
0	4

[block]
# block no. 2 follows, 58 sequences, length 10
# corresponding to MSA columns:
# 94-103
name=unknown_C
#
# <colnr> <probs for GDERKNQSTAVLIFYWHMCP>
#	G	D	E	R	K	N	Q	S	T	A	V	L	I	F	Y	W	H	M	C	P
0	0.11082	0.30002	0.09520	0.03106	0.09603	0.06299	0.08322	0.05245	0.01009	0.03808	0.00764	0.00903	0.00619	0.00414	0.00384	0.00119	0.01910	0.00317	0.00238	0.06334
1	0.05078	0.07242	0.04531	0.01199	0.08547	0.01923	0.21308	0.02951	0.05965	0.01493	0.11940	0.05276	0.06067	0.01956	0.02974	0.00164	0.02302	0.02914	0.05633	0.00538
2	0.01054	0.07749	0.12685	0.05530	0.04470	0.03574	0.38023	0.03347	0.00999	0.01369	0.00813	0.01070	0.00639	0.00444	0.00592	0.00144	0.11241	0.00426	0.00221	0.05609
3	0.00601	0.00475	0.00550	0.00521	0.00664	0.00411	0.00391	0.00761	0.01114	0.01476	0.37409	0.06858	0.39448	0.00996	0.00517	0.00142	0.00228	0.00854	0.00439	0.06146
4	0.01195	0.03060	0.07576	0.00944	0.01192	0.24888	0.07983	0.04358	0.01100	0.06546	0.01297	0.01490	0.06190	0.00686	0.04481	0.00157	0.03355	0.02115	0.20865	0.00521
5	0.01523	0.01042	0.01132	0.00894	0.01196	0.01135	0.00731	0.56196	0.04036	0.08136	0.01215	0.01246	0.00880	0.00624	0.02942	0.00148	0.00453	0.00414	0.15370	0.00689
6	0.00600	0.00435	0.00578	0.00673	0.00734	0.00413	0.00507	0.00721	0.00925	0.01210	0.02601	0.52381	0.09136	0.01327	0.00583	0.00187	0.00306	0.25891	0.00414	0.00380
7	0.01078	0.00685	0.03219	0.00698	0.00886	0.02094	0.00550	0.08598	0.03533	0.20181	0.17843	0.20530	0.07683	0.04956	0.00578	0.00162	0.00328	0.00738	0.05133	0.00526
8	0.01340	0.00936	0.01034	0.00849	0.01096	0.01020	0.00667	0.39253	0.13450	0.08445	0.01326	0.01605	0.01076	0.15933	0.06221	0.00229	0.00487	0.00473	0.03933	0.00626
9	0.03692	0.00939	0.01066	0.03397	0.01170	0.04058	0.00761	0.06561	0.35770	0.03230	0.04301	0.04855	0.02797	0.00789	0.03643	0.00181	0.20179	0.01653	0.00364	0.00594

[dist]
# distance from previous block
# <min> <max>
0	1

[block]
# block no. 3 follows, 58 sequences, length 7
# corresponding to MSA columns:
# 105-111
name=unknown_D
#
# <colnr> <probs for GDERKNQSTAVLIFYWHMCP>
#	G	D	E	R	K	N	Q	S	T	A	V	L	I	F	Y	W	H	M	C	P
0	0.01306	0.17577	0.03426	0.07043	0.19131	0.27108	0.05049	0.05794	0.01131	0.03199	0.00910	0.02868	0.02640	0.00469	0.00410	0.00124	0.00609	0.00372	0.00246	0.00589
1	0.00781	0.00586	0.00644	0.00611	0.00639	0.04685	0.00398	0.00811	0.00711	0.03780	0.01295	0.02522	0.01428	0.64825	0.06179	0.00399	0.08515	0.00591	0.00270	0.00329
2	0.00572	0.00394	0.00510	0.00600	0.00630	0.00372	0.00399	0.00653	0.00849	0.01160	0.02328	0.73097	0.02748	0.06713	0.00664	0.00193	0.00267	0.01173	0.06318	0.00361
3	0.00557	0.00446	0.00499	0.00504	0.00626	0.00387	0.00371	0.00690	0.01060	0.01347	0.23596	0.14820	0.51294	0.01114	0.00534	0.00153	0.00227	0.00954	0.00435	0.00387
4	0.00860	0.00654	0.00753	0.00688	0.00863	0.00679	0.00528	0.01441	0.30065	0.05519	0.40334	0.02754	0.11429	0.00810	0.00498	0.00146	0.00273	0.00697	0.00473	0.00537
5	0.87439	0.00865	0.00657	0.00588	0.00865	0.01003	0.00484	0.01315	0.00761	0.02007	0.00623	0.00727	0.00484	0.00415	0.00277	0.00138	0.00346	0.00242	0.00277	0.00484
6	0.11526	0.00927	0.00975	0.00855	0.01114	0.01038	0.00679	0.14890	0.44169	0.06705	0.01684	0.05125	0.03689	0.00646	0.00446	0.00150	0.00372	0.03919	0.00434	0.00656

[dist]
# distance from previous block
# <min> <max>
0	1

[block]
# block no. 4 follows, 58 sequences, length 13
# corresponding to MSA columns:
# 113-125
name=unknown_E
#
# <colnr> <probs for GDERKNQSTAVLIFYWHMCP>
#	G	D	E	R	K	N	Q	S	T	A	V	L	I	F	Y	W	H	M	C	P
0	0.00979	0.00817	0.00826	0.06177	0.01022	0.12499	0.00591	0.07714	0.01227	0.06866	0.32512	0.02456	0.13258	0.00890	0.04498	0.00166	0.01770	0.00625	0.04623	0.00485
1	0.70459	0.00939	0.00735	0.00648	0.00922	0.07173	0.00526	0.01409	0.00863	0.08848	0.03538	0.00893	0.00676	0.00448	0.00310	0.00137	0.00379	0.00283	0.00305	0.00509
2	0.03953	0.02700	0.46448	0.01086	0.03532	0.00935	0.01199	0.08121	0.03708	0.03007	0.09909	0.05855	0.02797	0.00689	0.03981	0.00168	0.00558	0.00465	0.00283	0.00608
3	0.00556	0.00451	0.00494	0.00489	0.00623	0.00389	0.00364	0.00694	0.01077	0.01357	0.24355	0.07490	0.57923	0.01088	0.00530	0.00150	0.00224	0.00923	0.00435	0.00389
4	0.00913	0.00662	0.00787	0.00746	0.03193	0.00698	0.00553	0.17613	0.04261	0.02861	0.05232	0.07962	0.14955	0.06954	0.21047	0.00304	0.00555	0.00615	0.09599	0.00491
5	0.74977	0.00869	0.00725	0.00628	0.00915	0.00982	0.00517	0.04501	0.00869	0.10529	0.00762	0.00825	0.00562	0.00435	0.00302	0.00138	0.00355	0.00271	0.00313	0.00525
6	0.00682	0.00446	0.00641	0.00635	0.00673	0.00457	0.02719	0.00686	0.00706	0.00962	0.03266	0.15511	0.01500	0.21729	0.20042	0.27572	0.00569	0.00632	0.00268	0.00305
7	0.01144	0.30104	0.16215	0.01129	0.06092	0.06056	0.07159	0.04585	0.09598	0.03006	0.00921	0.02948	0.00760	0.00484	0.00464	0.00129	0.06337	0.00368	0.01893	0.00608
8	0.00765	0.00394	0.00584	0.00581	0.00590	0.00391	0.00391	0.00605	0.00642	0.00865	0.07754	0.01532	0.01076	0.01499	0.01642	0.79456	0.00373	0.00425	0.00220	0.00214
9	0.01228	0.08319	0.03164	0.03870	0.36023	0.21602	0.03309	0.06134	0.01129	0.01392	0.02987	0.06986	0.00912	0.00507	0.00434	0.00130	0.00577	0.00433	0.00255	0.00611
10	0.04477	0.03809	0.11534	0.00987	0.03893	0.08680	0.00852	0.18413	0.06857	0.14362	0.07040	0.02623	0.03776	0.00688	0.02559	0.00157	0.02859	0.05435	0.00376	0.00623
11	0.00855	0.04570	0.09067	0.00842	0.08269	0.00617	0.00653	0.01062	0.01109	0.10808	0.27517	0.05825	0.25393	0.00833	0.00491	0.00142	0.00324	0.00711	0.00405	0.00504
12	0.08527	0.00984	0.04011	0.04113	0.25860	0.05333	0.00884	0.01534	0.21663	0.03963	0.04570	0.03349	0.12131	0.00604	0.00447	0.00142	0.00427	0.00513	0.00336	0.00609

[dist]
# distance from previous block
# <min> <max>
0	10

[block]
# block no. 5 follows, 58 sequences, length 14
# corresponding to MSA columns:
# 136-149
name=unknown_F
#
# <colnr> <probs for GDERKNQSTAVLIFYWHMCP>
#	G	D	E	R	K	N	Q	S	T	A	V	L	I	F	Y	W	H	M	C	P
0	0.03201	0.01001	0.05534	0.03522	0.33572	0.03686	0.03078	0.05911	0.05547	0.04824	0.01288	0.14351	0.02866	0.00608	0.00455	0.00138	0.00463	0.01488	0.00302	0.08164
1	0.01106	0.07213	0.03239	0.02599	0.26673	0.13626	0.00898	0.05969	0.03530	0.04049	0.04202	0.14600	0.06958	0.00657	0.00453	0.00136	0.00480	0.00563	0.00306	0.02743
2	0.13436	0.00992	0.04370	0.00814	0.01113	0.07078	0.02375	0.13835	0.06650	0.08795	0.06959	0.03684	0.06605	0.00591	0.00420	0.00128	0.00410	0.03893	0.00364	0.17487
3	0.02886	0.01053	0.01722	0.02282	0.58255	0.01069	0.07624	0.07523	0.03884	0.03243	0.01035	0.01240	0.03500	0.00452	0.00472	0.00137	0.02246	0.00430	0.00262	0.00685
4	0.00872	0.00661	0.00877	0.13360	0.03798	0.00600	0.00624	0.01073	0.01025	0.07364	0.18452	0.08932	0.07837	0.00649	0.00439	0.00119	0.00340	0.00560	0.01916	0.30503
5	0.01528	0.03890	0.01269	0.04458	0.04134	0.01113	0.02753	0.41652	0.04471	0.17846	0.04600	0.01393	0.03599	0.00564	0.00467	0.00137	0.02091	0.00447	0.02893	0.00694
6	0.00768	0.00392	0.00576	0.00576	0.00576	0.00392	0.00380	0.00588	0.00588	0.00784	0.00823	0.01475	0.00839	0.07614	0.01787	0.80644	0.00392	0.00408	0.00200	0.00200
7	0.01135	0.01198	0.11804	0.03949	0.14575	0.05073	0.03992	0.14612	0.24189	0.01783	0.06441	0.01530	0.04660	0.00557	0.00453	0.00141	0.00474	0.00471	0.02312	0.00651
8	0.00576	0.00470	0.00539	0.00556	0.02778	0.00413	0.00398	0.00721	0.01074	0.01368	0.25197	0.05550	0.54002	0.01129	0.03091	0.00166	0.00262	0.00885	0.00426	0.00399
9	0.01091	0.07336	0.12424	0.08230	0.18766	0.07998	0.21062	0.04422	0.03757	0.01408	0.00925	0.04563	0.00768	0.00463	0.00466	0.00137	0.01940	0.00437	0.00241	0.03566
10	0.00544	0.00438	0.00486	0.00516	0.00630	0.00380	0.00377	0.00655	0.00987	0.01221	0.07283	0.25636	0.54231	0.01199	0.00543	0.00161	0.00241	0.03675	0.00419	0.00377
11	0.00966	0.00840	0.01058	0.00759	0.01158	0.00663	0.05865	0.04170	0.00981	0.01508	0.00813	0.00952	0.00667	0.00342	0.00349	0.00075	0.00366	0.00288	0.00269	0.77911
12	0.03040	0.01034	0.03832	0.00923	0.03086	0.08282	0.02514	0.23233	0.09372	0.12457	0.07897	0.07415	0.08261	0.00675	0.00463	0.00140	0.00432	0.02415	0.00410	0.04118
13	0.04746	0.10006	0.04695	0.02389	0.09209	0.15046	0.16039	0.11698	0.03775	0.04058	0.04163	0.03719	0.00904	0.00519	0.01434	0.00136	0.00572	0.00421	0.00289	0.06182

[dist]
# distance from previous block
# <min> <max>
3	5

[block]
# block no. 6 follows, 58 sequences, length 13
# corresponding to MSA columns:
# 155-167
name=unknown_G
#
# <colnr> <probs for GDERKNQSTAVLIFYWHMCP>
#	G	D	E	R	K	N	Q	S	T	A	V	L	I	F	Y	W	H	M	C	P
0	0.00971	0.19022	0.52171	0.01109	0.01617	0.04619	0.01311	0.01346	0.00943	0.01309	0.03073	0.04944	0.00786	0.00495	0.00455	0.00136	0.04501	0.00371	0.00211	0.00608
1	0.08062	0.00912	0.02827	0.09714	0.38409	0.00907	0.07737	0.01238	0.02878	0.01504	0.11897	0.01738	0.07295	0.00553	0.00459	0.00141	0.00471	0.02383	0.00285	0.00589
2	0.01217	0.00839	0.00943	0.00756	0.01054	0.04426	0.01779	0.07975	0.11657	0.18374	0.06149	0.02868	0.07249	0.00560	0.00417	0.00117	0.00362	0.00460	0.05871	0.26927
3	0.01210	0.63119	0.16308	0.00858	0.01287	0.01549	0.00913	0.01422	0.00946	0.07762	0.00748	0.00824	0.00617	0.00404	0.00325	0.00107	0.00503	0.00273	0.00221	0.00605
4	0.00668	0.00467	0.00596	0.00558	0.00677	0.00425	0.00421	0.00866	0.01239	0.04435	0.69861	0.03389	0.12859	0.00927	0.00525	0.00142	0.00219	0.00812	0.00486	0.00429
5	0.01587	0.01992	0.01203	0.01098	0.01309	0.75731	0.00815	0.01693	0.01217	0.01076	0.00751	0.00981	0.00663	0.07359	0.00558	0.00141	0.00776	0.00318	0.00234	0.00498
6	0.01211	0.03324	0.00966	0.00779	0.00998	0.00892	0.00627	0.31654	0.01345	0.08063	0.01235	0.01467	0.00986	0.04259	0.22880	0.00298	0.00618	0.00434	0.17394	0.00571
7	0.00616	0.00441	0.00595	0.00687	0.00747	0.00424	0.00523	0.00746	0.00938	0.01240	0.06164	0.47183	0.04662	0.03446	0.00629	0.00194	0.00317	0.29651	0.00414	0.00382
8	0.00885	0.00519	0.00723	0.00663	0.00780	0.00490	0.03447	0.01933	0.02396	0.11782	0.19282	0.09339	0.09205	0.04850	0.00960	0.25881	0.00337	0.04315	0.01817	0.00399
9	0.00622	0.00474	0.00656	0.00665	0.00746	0.00484	0.02559	0.00773	0.02593	0.01167	0.08037	0.26751	0.11268	0.09425	0.29162	0.00383	0.00613	0.02888	0.00343	0.00389
10	0.03998	0.10146	0.02427	0.07241	0.03262	0.13503	0.00769	0.23067	0.02931	0.05085	0.02445	0.05054	0.00928	0.00597	0.02074	0.00139	0.02049	0.00413	0.11399	0.02473
11	0.01170	0.03104	0.16588	0.01875	0.37753	0.03711	0.06750	0.04794	0.04958	0.07776	0.00950	0.01113	0.00733	0.00440	0.00466	0.00135	0.02861	0.00392	0.00263	0.04169
12	0.01101	0.15089	0.28160	0.01091	0.04758	0.08536	0.03519	0.07686	0.07177	0.03536	0.09321	0.01372	0.02817	0.00521	0.00423	0.00131	0.00532	0.01594	0.00287	0.02349

[dist]
# distance from previous block
# <min> <max>
0	8

[block]
# block no. 7 follows, 58 sequences, length 10
# corresponding to MSA columns:
# 176-185
name=unknown_H
#
# <colnr> <probs for GDERKNQSTAVLIFYWHMCP>
#	G	D	E	R	K	N	Q	S	T	A	V	L	I	F	Y	W	H	M	C	P
0	0.16296	0.09792	0.18055	0.02723	0.03458	0.16957	0.07286	0.07853	0.01064	0.04080	0.00775	0.00919	0.00603	0.00467	0.00485	0.00136	0.07887	0.00332	0.00250	0.00584
1	0.00802	0.02352	0.03501	0.05736	0.09138	0.00740	0.00705	0.03831	0.11992	0.01383	0.05191	0.19266	0.18489	0.01012	0.03906	0.00182	0.05256	0.05658	0.00361	0.00498
2	0.00554	0.00413	0.00511	0.00572	0.00635	0.00375	0.00394	0.00651	0.00931	0.01216	0.11115	0.54220	0.21476	0.03980	0.00612	0.00178	0.00252	0.01126	0.00419	0.00370
3	0.00651	0.00482	0.00696	0.00692	0.00763	0.00553	0.00527	0.00795	0.00740	0.01069	0.04144	0.03954	0.01313	0.10735	0.65895	0.00630	0.02996	0.00523	0.02453	0.00390
4	0.01711	0.00715	0.00952	0.00751	0.01050	0.00631	0.00612	0.04441	0.01294	0.62798	0.14681	0.01923	0.05099	0.00637	0.00466	0.00139	0.00350	0.00528	0.00534	0.00690
5	0.73873	0.00849	0.00718	0.00621	0.00909	0.00949	0.00512	0.01452	0.00844	0.14677	0.00804	0.00853	0.00583	0.00437	0.00304	0.00138	0.00352	0.00275	0.00321	0.00528
6	0.00834	0.00417	0.00417	0.00417	0.00521	0.00417	0.00313	0.01042	0.00938	0.01668	0.01459	0.01668	0.01147	0.00521	0.00313	0.00104	0.00208	0.00417	0.86763	0.00417
7	0.70505	0.03935	0.00789	0.00641	0.00929	0.03992	0.00530	0.01441	0.00850	0.11880	0.00768	0.00828	0.00569	0.00433	0.00303	0.00136	0.00372	0.00270	0.00307	0.00523
8	0.01255	0.74280	0.02210	0.00814	0.01177	0.11826	0.00778	0.01395	0.00954	0.01058	0.00631	0.00729	0.00574	0.00392	0.00302	0.00098	0.00519	0.00245	0.00196	0.00567
9	0.07541	0.12140	0.01348	0.01109	0.05589	0.55696	0.00824	0.04029	0.01183	0.01255	0.00737	0.00858	0.00611	0.00450	0.00379	0.00115	0.00679	0.00295	0.04625	0.00536

[dist]
# distance from previous block
# <min> <max>
0	1

[block]
# block no. 8 follows, 58 sequences, length 28
# corresponding to MSA columns:
# 187-214
name=unknown_I
#
# <colnr> <probs for GDERKNQSTAVLIFYWHMCP>
#	G	D	E	R	K	N	Q	S	T	A	V	L	I	F	Y	W	H	M	C	P
0	0.00591	0.00458	0.00512	0.00509	0.00643	0.00397	0.00383	0.00728	0.01070	0.03015	0.21934	0.09742	0.53838	0.01093	0.00533	0.00152	0.00234	0.03336	0.00436	0.00396
1	0.00697	0.00563	0.00829	0.03076	0.00911	0.00691	0.00634	0.00847	0.00717	0.01043	0.01100	0.01654	0.01037	0.05034	0.65783	0.00616	0.13656	0.00468	0.00233	0.00412
2	0.02877	0.00737	0.04818	0.00782	0.01007	0.00652	0.07974	0.06321	0.05412	0.11288	0.28312	0.05606	0.13373	0.00775	0.00488	0.00144	0.00341	0.02425	0.06148	0.00521
3	0.00598	0.00447	0.00517	0.00517	0.00596	0.00423	0.00354	0.00687	0.00877	0.01136	0.12172	0.06827	0.31346	0.30604	0.10685	0.00317	0.00412	0.00785	0.00353	0.00347
4	0.01521	0.14925	0.03324	0.01043	0.01336	0.37496	0.00855	0.22480	0.07424	0.01611	0.00867	0.00937	0.00685	0.00489	0.00434	0.00123	0.03213	0.00331	0.00297	0.00608
5	0.00547	0.00404	0.00513	0.00597	0.00648	0.00370	0.00410	0.00635	0.00891	0.01160	0.02840	0.67237	0.17262	0.01348	0.00565	0.00177	0.00258	0.03356	0.00415	0.00367
6	0.00971	0.07298	0.68139	0.04311	0.01890	0.05095	0.01525	0.03283	0.00984	0.01401	0.00792	0.00936	0.00573	0.00428	0.00417	0.00138	0.00651	0.00327	0.00198	0.00645
7	0.02735	0.43463	0.04985	0.00904	0.01242	0.06973	0.03766	0.09201	0.14140	0.01420	0.00913	0.00990	0.00748	0.00518	0.02115	0.00131	0.02811	0.00330	0.02011	0.00604
8	0.70406	0.00851	0.00765	0.11613	0.01167	0.00991	0.00593	0.03379	0.00834	0.01906	0.03627	0.00894	0.00644	0.00441	0.00313	0.00140	0.00378	0.00288	0.00279	0.00491
9	0.01126	0.04388	0.01665	0.22573	0.45888	0.01081	0.03470	0.06434	0.01062	0.05513	0.00881	0.01133	0.00696	0.00432	0.00456	0.00137	0.01771	0.00398	0.00246	0.00650
10	0.00605	0.00519	0.02642	0.02035	0.00743	0.00465	0.00463	0.00766	0.02890	0.01304	0.15064	0.28556	0.33888	0.01116	0.00568	0.00160	0.03385	0.02124	0.02304	0.00403
11	0.00656	0.00544	0.01978	0.00717	0.03731	0.00497	0.03148	0.00887	0.06333	0.01437	0.26416	0.29797	0.18147	0.01043	0.00528	0.00156	0.00277	0.00927	0.02348	0.00433
12	0.01060	0.01028	0.01439	0.41960	0.10165	0.09474	0.07307	0.07026	0.03576	0.02645	0.00914	0.04191	0.00743	0.00509	0.00521	0.00147	0.06061	0.00433	0.00246	0.00553
13	0.01268	0.08973	0.04408	0.01151	0.10188	0.06416	0.02219	0.18504	0.33107	0.03097	0.03045	0.01334	0.01050	0.00531	0.00431	0.00136	0.00456	0.00430	0.02579	0.00678
14	0.00613	0.00429	0.00549	0.00594	0.00622	0.00431	0.00396	0.00679	0.00760	0.01024	0.01829	0.33492	0.02103	0.35703	0.14064	0.00370	0.00486	0.05195	0.00328	0.00334
15	0.01159	0.11067	0.17552	0.07703	0.10883	0.03436	0.11166	0.15293	0.06600	0.03042	0.00986	0.04126	0.00789	0.00490	0.00459	0.00137	0.02405	0.00419	0.00280	0.02008
16	0.80064	0.00882	0.00756	0.00773	0.07752	0.01009	0.00560	0.01320	0.00783	0.01960	0.00642	0.00759	0.00504	0.00414	0.00291	0.00138	0.00362	0.00256	0.00272	0.00504
17	0.00979	0.00979	0.01370	0.01174	0.01174	0.01370	0.00979	0.01077	0.00685	0.01077	0.00587	0.00979	0.00587	0.00783	0.01468	0.00196	0.83461	0.00391	0.00196	0.00489
18	0.01186	0.09308	0.10982	0.01299	0.16007	0.06500	0.00968	0.10912	0.32748	0.01706	0.01258	0.03121	0.00988	0.00526	0.00431	0.00138	0.00479	0.00431	0.00339	0.00676
19	0.02989	0.67703	0.02116	0.00828	0.01186	0.13202	0.00777	0.04694	0.01007	0.01151	0.00651	0.00745	0.00580	0.00401	0.00310	0.00101	0.00523	0.00253	0.00209	0.00572
20	0.00642	0.00468	0.00661	0.00661	0.00721	0.00528	0.00487	0.00762	0.00702	0.00996	0.01251	0.02048	0.01245	0.23486	0.62548	0.00648	0.01008	0.00522	0.00247	0.00367
21	0.00545	0.00452	0.00476	0.00474	0.00615	0.00384	0.00354	0.00672	0.01052	0.01294	0.15879	0.06285	0.67762	0.01108	0.00530	0.00150	0.00225	0.00933	0.00427	0.00384
22	0.00979	0.00979	0.01370	0.01174	0.01174	0.01370	0.00979	0.01077	0.00685	0.01077	0.00587	0.00979	0.00587	0.00783	0.01468	0.00196	0.83461	0.00391	0.00196	0.00489
23	0.07784	0.04877	0.02528	0.00749	0.01007	0.00962	0.00622	0.33235	0.03524	0.06285	0.01193	0.01280	0.00895	0.00544	0.00417	0.02591	0.00374	0.00391	0.30147	0.00593
24	0.00561	0.00435	0.00510	0.00532	0.00634	0.00385	0.00384	0.00689	0.01036	0.01342	0.24055	0.27444	0.38082	0.01154	0.00541	0.00157	0.00232	0.01005	0.00436	0.00385
25	0.01349	0.09640	0.01248	0.03093	0.01204	0.04737	0.02838	0.19206	0.06534	0.17397	0.04533	0.01345	0.01019	0.00809	0.07776	0.00189	0.09623	0.00423	0.06421	0.00616
26	0.31135	0.00798	0.00811	0.00862	0.08326	0.05443	0.00594	0.03361	0.02959	0.04584	0.03762	0.18436	0.08574	0.02933	0.02222	0.00169	0.02599	0.01611	0.00334	0.00487
27	0.01044	0.00885	0.00911	0.02358	0.06562	0.11379	0.00670	0.12906	0.06569	0.02823	0.01783	0.12686	0.08715	0.04389	0.00573	0.00161	0.02389	0.10902	0.11779	0.00513

[dist]
# distance from previous block
# <min> <max>
1	3

[block]
# block no. 9 follows, 58 sequences, length 53
# corresponding to MSA columns:
# 219-252,254-268,270-273
name=unknown_J
#
# <colnr> <probs for GDERKNQSTAVLIFYWHMCP>
#	G	D	E	R	K	N	Q	S	T	A	V	L	I	F	Y	W	H	M	C	P
0	0.16724	0.11402	0.01412	0.01171	0.08884	0.30233	0.06737	0.06414	0.06233	0.01459	0.00798	0.00932	0.00649	0.00485	0.00447	0.02807	0.02066	0.00329	0.00259	0.00560
1	0.01082	0.05061	0.08557	0.07858	0.12846	0.05396	0.36440	0.03596	0.03245	0.03330	0.01104	0.01312	0.04775	0.00451	0.00472	0.00141	0.00625	0.00470	0.02634	0.00603
2	0.00552	0.00414	0.00515	0.00588	0.00652	0.00376	0.00412	0.00650	0.00919	0.01187	0.05185	0.57190	0.23109	0.01310	0.00561	0.00174	0.00258	0.05159	0.00417	0.00371
3	0.01104	0.00565	0.00739	0.00647	0.00834	0.00518	0.00503	0.01261	0.01100	0.30033	0.20776	0.04713	0.16140	0.06023	0.12735	0.00245	0.00435	0.00659	0.00448	0.00521
4	0.01600	0.01203	0.01286	0.01009	0.01349	0.01340	0.00826	0.66745	0.15519	0.02657	0.01201	0.01176	0.00864	0.00549	0.00449	0.00137	0.00469	0.00420	0.00449	0.00752
5	0.25124	0.00792	0.00892	0.00719	0.01020	0.00786	0.00589	0.07424	0.02261	0.45022	0.01373	0.01290	0.00920	0.00512	0.00388	0.00135	0.00361	0.00387	0.09353	0.00650
6	0.34188	0.01079	0.01067	0.00850	0.01176	0.01202	0.00701	0.45979	0.01550	0.06795	0.00941	0.00967	0.00675	0.00492	0.00383	0.00136	0.00431	0.00345	0.00389	0.00656
7	0.00897	0.02314	0.81962	0.01275	0.01936	0.01039	0.01653	0.01417	0.00944	0.01417	0.00803	0.00944	0.00567	0.00425	0.00425	0.00142	0.00661	0.00331	0.00189	0.00661
8	0.01196	0.84548	0.02344	0.00765	0.01148	0.01770	0.00765	0.01339	0.00909	0.01052	0.00622	0.00718	0.00574	0.00383	0.00287	0.00096	0.00478	0.00239	0.00191	0.00574
9	0.87439	0.00865	0.00657	0.00588	0.00865	0.01003	0.00484	0.01315	0.00761	0.02007	0.00623	0.00727	0.00484	0.00415	0.00277	0.00138	0.00346	0.00242	0.00277	0.00484
10	0.01196	0.00934	0.01066	0.00958	0.04156	0.01023	0.02126	0.31023	0.25723	0.02045	0.03107	0.15576	0.03531	0.00733	0.00475	0.00149	0.00395	0.02131	0.03015	0.00639
11	0.00708	0.00474	0.00619	0.00573	0.00694	0.00434	0.00433	0.00915	0.01261	0.06319	0.74786	0.03263	0.06009	0.00900	0.00523	0.00141	0.00221	0.00792	0.00494	0.00440
12	0.00893	0.00864	0.01129	0.47667	0.04851	0.10678	0.00983	0.01122	0.00945	0.01179	0.01221	0.12478	0.03252	0.00710	0.02656	0.00165	0.00555	0.04060	0.04117	0.00476
13	0.00574	0.00423	0.00523	0.00585	0.00646	0.00391	0.00410	0.00670	0.00909	0.01183	0.07665	0.46048	0.19827	0.10446	0.00751	0.00202	0.00282	0.07698	0.00404	0.00364
14	0.00777	0.00389	0.00583	0.00583	0.00583	0.00389	0.00389	0.00583	0.00583	0.00777	0.00777	0.01360	0.00777	0.01554	0.01748	0.86985	0.00389	0.00389	0.00194	0.00194
15	0.01245	0.69851	0.02120	0.00784	0.01148	0.03406	0.00754	0.08036	0.01036	0.03028	0.02761	0.00855	0.00707	0.00418	0.00314	0.00102	0.00472	0.00277	0.02102	0.00586
16	0.00833	0.00704	0.03974	0.03206	0.00968	0.02339	0.02134	0.02867	0.14780	0.04933	0.06343	0.32515	0.08459	0.02702	0.00595	0.01886	0.02631	0.02709	0.02701	0.02721
17	0.00919	0.00932	0.03108	0.64530	0.10991	0.05896	0.02620	0.01203	0.00933	0.01184	0.00840	0.03369	0.00671	0.00467	0.00448	0.00146	0.00597	0.00415	0.00209	0.00522
18	0.03422	0.01181	0.05395	0.03678	0.15071	0.03656	0.32736	0.09464	0.14773	0.01646	0.01095	0.01346	0.00857	0.00472	0.00479	0.00146	0.00594	0.03053	0.00292	0.00642
19	0.04524	0.01086	0.04536	0.05827	0.38476	0.05051	0.04557	0.11067	0.05115	0.01592	0.02212	0.03025	0.00871	0.02829	0.05360	0.00178	0.00564	0.00430	0.00273	0.02428
20	0.02919	0.06261	0.30138	0.01508	0.21461	0.01067	0.04092	0.06460	0.05432	0.08202	0.02857	0.01130	0.00796	0.00462	0.00458	0.00136	0.03012	0.00383	0.00271	0.02955
21	0.01188	0.01079	0.03148	0.02535	0.01170	0.17602	0.04596	0.14398	0.01251	0.07862	0.13121	0.08108	0.03605	0.03293	0.04399	0.00173	0.03217	0.02152	0.02407	0.04697
22	0.01107	0.00929	0.01037	0.00905	0.01121	0.03137	0.02115	0.09573	0.45476	0.03572	0.12544	0.01744	0.01577	0.00708	0.02343	0.00163	0.08328	0.00517	0.02470	0.00634
23	0.08315	0.03012	0.01238	0.01064	0.03370	0.41678	0.02439	0.13788	0.01325	0.14892	0.00946	0.00997	0.00704	0.00487	0.00426	0.00126	0.02045	0.00341	0.02209	0.00598
24	0.00952	0.00829	0.01225	0.03960	0.31126	0.02970	0.04621	0.05156	0.02240	0.03403	0.11211	0.06188	0.13309	0.00712	0.00488	0.00146	0.00427	0.07733	0.02741	0.00562
25	0.00555	0.00431	0.00506	0.00537	0.00633	0.00381	0.00384	0.00675	0.01009	0.01300	0.18977	0.33176	0.37461	0.01188	0.00544	0.00160	0.00236	0.01037	0.00431	0.00381
26	0.00949	0.01799	0.50587	0.03664	0.10052	0.01969	0.07283	0.01495	0.10807	0.01470	0.02780	0.01219	0.02980	0.00472	0.00444	0.00143	0.00595	0.00402	0.00241	0.00648
27	0.00928	0.00795	0.00928	0.00663	0.01060	0.00596	0.00530	0.01126	0.00928	0.01458	0.00795	0.00928	0.00663	0.00331	0.00331	0.00066	0.00331	0.00265	0.00265	0.87014
28	0.00992	0.00835	0.01070	0.00937	0.01019	0.03136	0.00749	0.10979	0.00900	0.03749	0.00941	0.01432	0.00883	0.10987	0.21927	0.02239	0.36044	0.00444	0.00259	0.00479
29	0.01023	0.02712	0.04033	0.05932	0.23965	0.02344	0.00898	0.13919	0.06964	0.02714	0.01497	0.26305	0.01500	0.00775	0.00485	0.00152	0.00436	0.03421	0.00342	0.00583
30	0.01219	0.06502	0.10495	0.05226	0.13820	0.30409	0.00953	0.04229	0.01139	0.02254	0.09071	0.01382	0.04949	0.01693	0.00477	0.00133	0.02553	0.00414	0.02529	0.00555
31	0.03628	0.33106	0.09658	0.02365	0.01295	0.06735	0.03122	0.09927	0.01102	0.08778	0.02235	0.00982	0.00731	0.00447	0.00396	0.00115	0.03052	0.00322	0.02657	0.09348
32	0.01247	0.03529	0.03874	0.07392	0.40264	0.11381	0.07515	0.09314	0.05250	0.04557	0.00926	0.01109	0.00728	0.00439	0.00442	0.00134	0.00572	0.00397	0.00267	0.00664
33	0.00573	0.00424	0.00535	0.00573	0.00648	0.00386	0.00405	0.00703	0.01026	0.01378	0.30042	0.42620	0.16668	0.01188	0.00549	0.00162	0.00237	0.01056	0.00442	0.00386
34	0.03586	0.00920	0.03507	0.00945	0.03377	0.05512	0.05902	0.10730	0.04448	0.32516	0.07224	0.06724	0.01395	0.00646	0.00479	0.00144	0.01660	0.05248	0.04402	0.00634
35	0.00845	0.00795	0.01342	0.83204	0.03081	0.00994	0.01242	0.01143	0.00894	0.01143	0.00795	0.01193	0.00596	0.00447	0.00447	0.00149	0.00596	0.00398	0.00199	0.00497
36	0.01055	0.00886	0.01006	0.00774	0.02776	0.03906	0.01448	0.07027	0.03250	0.04441	0.03007	0.01046	0.00797	0.00384	0.00360	0.00082	0.00370	0.00309	0.00297	0.66778
37	0.01044	0.17100	0.28526	0.09331	0.09100	0.03874	0.01183	0.03500	0.00943	0.03363	0.00817	0.03443	0.00682	0.00529	0.00590	0.01854	0.12944	0.00368	0.00219	0.00590
38	0.00620	0.00470	0.00548	0.00602	0.00663	0.02840	0.00420	0.00703	0.00881	0.01144	0.04059	0.43702	0.16537	0.09974	0.04009	0.03698	0.00337	0.05670	0.02760	0.00361
39	0.87439	0.00865	0.00657	0.00588	0.00865	0.01003	0.00484	0.01315	0.00761	0.02007	0.00623	0.00727	0.00484	0.00415	0.00277	0.00138	0.00346	0.00242	0.00277	0.00484
40	0.01116	0.01114	0.02937	0.04317	0.71299	0.04685	0.01321	0.01374	0.01017	0.01430	0.00827	0.01086	0.00694	0.00409	0.00458	0.00132	0.02197	0.00389	0.00221	0.02976
41	0.00777	0.00389	0.00583	0.00583	0.00583	0.00389	0.00389	0.00583	0.00583	0.00777	0.00777	0.01360	0.00777	0.01554	0.01748	0.86985	0.00389	0.00389	0.00194	0.00194
42	0.00618	0.00549	0.00767	0.00676	0.00850	0.00484	0.10633	0.00778	0.01046	0.01313	0.13733	0.08966	0.53268	0.01028	0.00534	0.00154	0.00301	0.03489	0.00401	0.00413
43	0.87439	0.00865	0.00657	0.00588	0.00865	0.01003	0.00484	0.01315	0.00761	0.02007	0.00623	0.00727	0.00484	0.00415	0.00277	0.00138	0.00346	0.00242	0.00277	0.00484
44	0.04020	0.09167	0.01185	0.00825	0.01158	0.00929	0.00689	0.13990	0.09402	0.49315	0.01513	0.01372	0.01012	0.00535	0.00426	0.00134	0.00399	0.00421	0.02789	0.00721
45	0.00860	0.00506	0.00658	0.00598	0.00745	0.00456	0.00456	0.01048	0.01221	0.15792	0.55471	0.08096	0.10536	0.00901	0.00517	0.00144	0.00245	0.00787	0.00491	0.00474
46	0.03813	0.28537	0.01485	0.00815	0.01152	0.01189	0.00713	0.16923	0.05574	0.28178	0.01200	0.01168	0.00863	0.00562	0.02427	0.00137	0.00446	0.00368	0.03785	0.00667
47	0.00751	0.00512	0.00606	0.00601	0.00697	0.00500	0.00424	0.04155	0.06153	0.05192	0.13931	0.25324	0.12687	0.19998	0.00919	0.00220	0.00310	0.02538	0.04066	0.00414
48	0.07546	0.04977	0.01195	0.00994	0.01262	0.32657	0.00778	0.14464	0.28342	0.01698	0.01129	0.01133	0.00867	0.00516	0.00414	0.00132	0.00556	0.00375	0.00343	0.00622
49	0.02949	0.45579	0.26244	0.01120	0.07454	0.01441	0.04471	0.03796	0.00968	0.01284	0.00719	0.00847	0.00590	0.00402	0.00355	0.00117	0.00547	0.00296	0.00204	0.00615
50	0.01190	0.74968	0.06885	0.00838	0.01234	0.04201	0.03022	0.01360	0.00926	0.01085	0.00642	0.00747	0.00577	0.00387	0.00305	0.00100	0.00507	0.00254	0.00193	0.00578
51	0.00760	0.00396	0.00592	0.00595	0.00602	0.00402	0.00403	0.00601	0.00601	0.00807	0.00853	0.03447	0.00859	0.01697	0.08321	0.77774	0.00451	0.00418	0.00203	0.00215
52	0.00571	0.00422	0.00534	0.00609	0.00671	0.00390	0.00435	0.00676	0.00922	0.01201	0.06450	0.52661	0.17953	0.03776	0.00618	0.00184	0.00275	0.10866	0.00414	0.00372

[dist]
# distance from previous block
# <min> <max>
0	1

[block]
# block no. 10 follows, 58 sequences, length 23
# corresponding to MSA columns:
# 275-297
name=unknown_K
#
# <colnr> <probs for GDERKNQSTAVLIFYWHMCP>
#	G	D	E	R	K	N	Q	S	T	A	V	L	I	F	Y	W	H	M	C	P
0	0.00696	0.00452	0.00583	0.00595	0.00691	0.00411	0.00429	0.00835	0.01062	0.08005	0.31757	0.38079	0.12468	0.01120	0.00540	0.00159	0.00248	0.00995	0.00455	0.00419
1	0.00834	0.00417	0.00417	0.00417	0.00521	0.00417	0.00313	0.01042	0.00938	0.01668	0.01459	0.01668	0.01147	0.00521	0.00313	0.00104	0.00208	0.00417	0.86763	0.00417
2	0.83166	0.00860	0.00677	0.00599	0.00879	0.00986	0.00493	0.01358	0.00787	0.05998	0.00680	0.00766	0.00516	0.00422	0.00285	0.00138	0.00348	0.00253	0.00291	0.00498
3	0.87439	0.00865	0.00657	0.00588	0.00865	0.01003	0.00484	0.01315	0.00761	0.02007	0.00623	0.00727	0.00484	0.00415	0.00277	0.00138	0.00346	0.00242	0.00277	0.00484
4	0.87439	0.00865	0.00657	0.00588	0.00865	0.01003	0.00484	0.01315	0.00761	0.02007	0.00623	0.00727	0.00484	0.00415	0.00277	0.00138	0.00346	0.00242	0.00277	0.00484
5	0.01010	0.00838	0.00960	0.00716	0.01091	0.00705	0.00572	0.04767	0.12281	0.03255	0.00973	0.01051	0.00776	0.00384	0.00356	0.00083	0.00343	0.00309	0.00306	0.69224
6	0.02976	0.00918	0.01393	0.35042	0.25976	0.02685	0.01120	0.08334	0.01062	0.08012	0.00939	0.01210	0.00725	0.00677	0.06884	0.00186	0.00596	0.00403	0.00262	0.00598
7	0.00726	0.00476	0.00613	0.00631	0.00730	0.00423	0.00439	0.00823	0.00893	0.07998	0.03582	0.59164	0.02441	0.07350	0.00657	0.00182	0.00291	0.01022	0.00399	0.11159
8	0.11651	0.01076	0.01177	0.00916	0.01259	0.01151	0.00755	0.49009	0.04092	0.22579	0.01218	0.01165	0.00834	0.00529	0.00429	0.00136	0.00443	0.00399	0.00455	0.00727
9	0.00551	0.00402	0.00520	0.00610	0.00654	0.00371	0.00417	0.00639	0.00888	0.01168	0.04117	0.71003	0.11675	0.01357	0.00567	0.00178	0.00260	0.03839	0.00417	0.00368
10	0.00753	0.00400	0.00579	0.00579	0.00584	0.00404	0.00384	0.00604	0.00599	0.00804	0.00880	0.01577	0.00902	0.11839	0.06706	0.71113	0.00443	0.00426	0.00206	0.00216
11	0.01075	0.04771	0.01376	0.01138	0.01190	0.12848	0.00939	0.01179	0.00778	0.01077	0.00624	0.00969	0.00603	0.00807	0.04008	0.00198	0.65351	0.00373	0.00202	0.00494
12	0.00641	0.00484	0.00664	0.05600	0.00895	0.00483	0.01647	0.00811	0.03051	0.01243	0.05888	0.39954	0.08611	0.03581	0.04241	0.00210	0.00366	0.19470	0.01761	0.00399
13	0.08754	0.00943	0.01283	0.62625	0.04125	0.07703	0.01122	0.05916	0.00987	0.01323	0.00789	0.01110	0.00597	0.00450	0.00428	0.00144	0.00584	0.00375	0.00224	0.00517
14	0.01346	0.01019	0.01223	0.00993	0.01282	0.01107	0.07221	0.33425	0.26217	0.07410	0.01441	0.01679	0.01140	0.07050	0.00608	0.00169	0.00454	0.05122	0.00423	0.00673
15	0.00706	0.00470	0.00631	0.00705	0.00793	0.00447	0.00554	0.00847	0.00969	0.06039	0.02552	0.38844	0.09110	0.01258	0.00580	0.00187	0.00329	0.34148	0.00422	0.00409
16	0.01224	0.14436	0.34114	0.03627	0.01659	0.13928	0.06756	0.05692	0.04622	0.08514	0.00909	0.01004	0.00672	0.00447	0.00413	0.00131	0.00613	0.00348	0.00256	0.00633
17	0.01067	0.00755	0.00818	0.00725	0.00922	0.07087	0.00563	0.06856	0.05230	0.13258	0.17608	0.13652	0.02890	0.00801	0.01816	0.00146	0.01769	0.04380	0.08939	0.10722
18	0.02969	0.00858	0.01025	0.07606	0.01278	0.00912	0.00738	0.17477	0.21437	0.16392	0.08015	0.02044	0.01488	0.00668	0.00472	0.00149	0.00402	0.11435	0.00436	0.04197
19	0.01138	0.00989	0.03424	0.04236	0.01271	0.03854	0.03166	0.05626	0.45941	0.06189	0.01571	0.01752	0.01241	0.00636	0.00543	0.00154	0.07223	0.06462	0.03941	0.00641
20	0.00892	0.10760	0.02145	0.02229	0.00899	0.00684	0.00535	0.04983	0.01168	0.08440	0.33948	0.02606	0.18110	0.00764	0.00464	0.00129	0.00302	0.00641	0.00409	0.09893
21	0.00649	0.00439	0.00514	0.00514	0.00524	0.00448	0.00304	0.00668	0.00658	0.00887	0.01385	0.02793	0.01568	0.74957	0.11519	0.00467	0.00522	0.00631	0.00267	0.00286
22	0.03813	0.29828	0.05278	0.00905	0.02791	0.08737	0.01819	0.06495	0.03330	0.04703	0.00795	0.00906	0.00654	0.00437	0.00439	0.00109	0.07282	0.00301	0.00256	0.21122

[dist]
# distance from previous block
# <min> <max>
3	7

[block]
# block no. 11 follows, 58 sequences, length 9
# corresponding to MSA columns:
# 305-313
name=unknown_L
#
# <colnr> <probs for GDERKNQSTAVLIFYWHMCP>
#	G	D	E	R	K	N	Q	S	T	A	V	L	I	F	Y	W	H	M	C	P
0	0.55608	0.00882	0.02934	0.11107	0.06882	0.00954	0.00672	0.03738	0.00871	0.01786	0.01031	0.01152	0.07723	0.00484	0.00343	0.00139	0.00392	0.00343	0.00278	0.02680
1	0.00560	0.00448	0.00487	0.00487	0.00608	0.00390	0.00354	0.00679	0.01022	0.01282	0.18325	0.08934	0.55101	0.08510	0.00687	0.00176	0.00244	0.00913	0.00417	0.00375
2	0.00979	0.00979	0.01370	0.01174	0.01174	0.01370	0.00979	0.01077	0.00685	0.01077	0.00587	0.00979	0.00587	0.00783	0.01468	0.00196	0.83461	0.00391	0.00196	0.00489
3	0.00691	0.00517	0.02786	0.00581	0.00709	0.00442	0.00450	0.00881	0.01180	0.05580	0.58299	0.07745	0.12977	0.04454	0.00597	0.00156	0.00245	0.00813	0.00464	0.00430
4	0.04276	0.00811	0.00935	0.00778	0.01041	0.00834	0.00622	0.16092	0.17842	0.27976	0.06603	0.05060	0.01357	0.00611	0.00435	0.00137	0.00353	0.00498	0.13086	0.00652
5	0.14036	0.11484	0.15858	0.03735	0.18879	0.08099	0.01009	0.06307	0.01009	0.01474	0.00905	0.01317	0.00799	0.06511	0.00553	0.00157	0.01931	0.05112	0.00249	0.00577
6	0.00612	0.00449	0.00516	0.00538	0.00600	0.00426	0.00360	0.00711	0.03016	0.01104	0.05891	0.20174	0.23106	0.35239	0.01256	0.00275	0.00330	0.04693	0.00360	0.00344
