[name]
unknown

[dist]
# distance from previous block
# <min> <max>
0	21

[block]
# block no. 0 follows, 50 sequences, length 16
# corresponding to MSA columns:
# 53-68
name=unknown_A
#
# <colnr> <probs for GDERKNQSTAVLIFYWHMCP>
#	G	D	E	R	K	N	Q	S	T	A	V	L	I	F	Y	W	H	M	C	P
0	0.21616	0.01303	0.01417	0.01468	0.16899	0.17680	0.07582	0.05169	0.01220	0.11164	0.01158	0.01568	0.00962	0.00583	0.00469	0.00156	0.00593	0.07999	0.00342	0.00652
1	0.17103	0.01213	0.01434	0.01390	0.11990	0.08186	0.06678	0.07879	0.16272	0.01839	0.03527	0.01302	0.00971	0.00616	0.00704	0.00168	0.17283	0.00448	0.00335	0.00660
2	0.12487	0.01096	0.01541	0.24508	0.21208	0.01224	0.03125	0.16981	0.02782	0.05485	0.01002	0.01228	0.00761	0.00523	0.00522	0.00158	0.03930	0.00430	0.00320	0.00691
3	0.01085	0.01002	0.01423	0.06803	0.07729	0.01298	0.01045	0.07413	0.00946	0.01390	0.00868	0.01294	0.00795	0.01340	0.16517	0.00315	0.47456	0.00457	0.00253	0.00571
4	0.01199	0.01157	0.01973	0.16425	0.31566	0.03646	0.20233	0.06221	0.01191	0.02862	0.01088	0.04401	0.00923	0.02958	0.00586	0.00169	0.00654	0.01788	0.00279	0.00682
5	0.01245	0.01172	0.01957	0.08875	0.69702	0.01197	0.01489	0.05360	0.01186	0.01678	0.00947	0.01239	0.00783	0.00456	0.00494	0.00149	0.00595	0.00444	0.00258	0.00775
6	0.01035	0.03013	0.01242	0.09777	0.11855	0.11197	0.05980	0.02316	0.01008	0.01264	0.01481	0.06275	0.05745	0.28251	0.01255	0.00270	0.04727	0.02512	0.00294	0.00500
7	0.00737	0.00659	0.03689	0.01094	0.12888	0.00578	0.02458	0.00897	0.01044	0.01411	0.08762	0.51848	0.09491	0.01255	0.00599	0.00185	0.00357	0.01137	0.00423	0.00489
8	0.01162	0.01111	0.01894	0.22240	0.60753	0.01165	0.01494	0.01467	0.01101	0.01541	0.00925	0.01257	0.00759	0.00457	0.00495	0.00152	0.00610	0.00444	0.00241	0.00732
9	0.01726	0.01377	0.10795	0.01418	0.09769	0.01239	0.09231	0.34859	0.01724	0.20843	0.01297	0.01318	0.00898	0.00553	0.00505	0.00153	0.00577	0.00466	0.00441	0.00810
10	0.01026	0.06433	0.71722	0.01432	0.02140	0.01203	0.06118	0.01575	0.01058	0.01560	0.00891	0.01057	0.00639	0.00468	0.00473	0.00156	0.00733	0.00376	0.00213	0.00728
11	0.01207	0.01157	0.01975	0.10222	0.72420	0.01177	0.01516	0.01506	0.01122	0.01596	0.00933	0.01242	0.00778	0.00449	0.00494	0.00150	0.00599	0.00444	0.00244	0.00768
12	0.02091	0.00969	0.01218	0.00946	0.01326	0.00926	0.00777	0.16559	0.07885	0.59030	0.01827	0.01616	0.01185	0.00618	0.00501	0.00155	0.00445	0.00496	0.00586	0.00843
13	0.01234	0.01184	0.02023	0.03059	0.79373	0.01184	0.01530	0.01530	0.01135	0.01628	0.00938	0.01234	0.00790	0.00444	0.00493	0.00148	0.00592	0.00444	0.00247	0.00790
14	0.00793	0.00605	0.00740	0.00689	0.00837	0.00600	0.00522	0.01225	0.14569	0.01993	0.63578	0.03439	0.06535	0.00968	0.00574	0.00159	0.00263	0.00849	0.00539	0.00523
15	0.01222	0.01177	0.01983	0.02917	0.73037	0.01212	0.01494	0.01503	0.01105	0.01594	0.00915	0.01222	0.00779	0.00479	0.00586	0.00154	0.07165	0.00443	0.00244	0.00770

[dist]
# distance from previous block
# <min> <max>
4	9

[block]
# block no. 1 follows, 50 sequences, length 31
# corresponding to MSA columns:
# 83-113
name=unknown_B
#
# <colnr> <probs for GDERKNQSTAVLIFYWHMCP>
#	G	D	E	R	K	N	Q	S	T	A	V	L	I	F	Y	W	H	M	C	P
0	0.01017	0.06306	0.08767	0.01503	0.20682	0.02348	0.07183	0.01293	0.04561	0.01429	0.03422	0.09567	0.04524	0.14848	0.00925	0.00213	0.05423	0.00612	0.00302	0.05074
1	0.00607	0.00434	0.00578	0.00694	0.00723	0.00405	0.00463	0.00694	0.00954	0.01272	0.02747	0.82157	0.03297	0.01562	0.00636	0.00202	0.00289	0.01417	0.00463	0.00405
2	0.01064	0.00923	0.01120	0.00944	0.07468	0.00747	0.00680	0.01375	0.06471	0.01657	0.00970	0.01108	0.00797	0.00397	0.00389	0.00086	0.00389	0.00326	0.00306	0.72783
3	0.01264	0.01228	0.05148	0.02907	0.73138	0.01165	0.01511	0.01567	0.01143	0.04729	0.00977	0.01245	0.00801	0.00452	0.00493	0.00149	0.00591	0.00443	0.00260	0.00790
4	0.73423	0.00993	0.00812	0.00710	0.01014	0.02912	0.00583	0.01502	0.00892	0.05696	0.00760	0.00873	0.00586	0.00484	0.00377	0.00153	0.03692	0.00289	0.00317	0.03932
5	0.00933	0.00881	0.01540	0.01368	0.06787	0.00866	0.26073	0.01342	0.12654	0.01526	0.01942	0.37900	0.02020	0.00976	0.00591	0.00182	0.00508	0.00949	0.00385	0.00577
6	0.01862	0.02376	0.01413	0.01284	0.01541	0.80482	0.00963	0.01990	0.01413	0.01220	0.00770	0.00899	0.00642	0.00514	0.00449	0.00128	0.00899	0.00321	0.00257	0.00578
7	0.00726	0.00512	0.00658	0.00627	0.00750	0.00468	0.00468	0.00940	0.01356	0.03781	0.65525	0.09018	0.11162	0.01067	0.00589	0.00161	0.00245	0.00940	0.00537	0.00471
8	0.01240	0.01071	0.01127	0.01014	0.01296	0.01240	0.00789	0.02649	0.78473	0.02085	0.02029	0.01860	0.01522	0.00676	0.00507	0.00169	0.00394	0.00564	0.00507	0.00789
9	0.01367	0.37718	0.02199	0.01823	0.33495	0.12819	0.01147	0.01579	0.01120	0.01367	0.00805	0.00993	0.00702	0.00446	0.00410	0.00127	0.00609	0.00347	0.00233	0.00693
10	0.01286	0.01045	0.01123	0.00989	0.01287	0.01172	0.00773	0.02545	0.68846	0.06688	0.01951	0.01796	0.01454	0.00653	0.00498	0.00162	0.00395	0.00542	0.00500	0.06297
11	0.01582	0.16160	0.09877	0.01128	0.01519	0.17282	0.01001	0.28239	0.14726	0.02063	0.01131	0.01164	0.00861	0.00551	0.00456	0.00142	0.00609	0.00402	0.00371	0.00735
12	0.00725	0.00483	0.00544	0.00544	0.00544	0.00483	0.00302	0.00725	0.00725	0.00966	0.01571	0.03262	0.01812	0.82483	0.02537	0.00483	0.00483	0.00725	0.00302	0.00302
13	0.01234	0.01184	0.02023	0.03059	0.79373	0.01184	0.01530	0.01530	0.01135	0.01628	0.00938	0.01234	0.00790	0.00444	0.00493	0.00148	0.00592	0.00444	0.00247	0.00790
14	0.00788	0.00532	0.00670	0.00622	0.00767	0.00479	0.00471	0.01001	0.01362	0.07153	0.60387	0.03781	0.18032	0.01036	0.00582	0.00159	0.00251	0.00902	0.00538	0.00487
15	0.01126	0.01074	0.01828	0.31946	0.51331	0.01156	0.01476	0.01435	0.01084	0.01497	0.00919	0.01269	0.00743	0.00464	0.00495	0.00155	0.00619	0.00444	0.00237	0.00702
16	0.01238	0.01145	0.01898	0.02762	0.69235	0.01119	0.01412	0.01524	0.01132	0.03622	0.00958	0.01225	0.00796	0.00441	0.00481	0.00140	0.00565	0.00430	0.00261	0.09617
17	0.00589	0.00505	0.00505	0.00505	0.00673	0.00421	0.00379	0.00715	0.01136	0.01347	0.05049	0.04797	0.79171	0.01262	0.00589	0.00168	0.00252	0.01052	0.00463	0.00421
18	0.00740	0.00651	0.04237	0.00719	0.00883	0.00557	0.02750	0.01039	0.05977	0.01821	0.52004	0.10975	0.13653	0.01039	0.00583	0.00164	0.00292	0.00916	0.00504	0.00495
19	0.00669	0.00538	0.00581	0.00591	0.00736	0.00481	0.00433	0.05145	0.01159	0.01431	0.04235	0.24516	0.55117	0.01301	0.00596	0.00176	0.00279	0.01111	0.00465	0.00441
20	0.01118	0.00981	0.01581	0.39331	0.19011	0.01082	0.05330	0.01510	0.07291	0.05994	0.03247	0.01414	0.00916	0.00518	0.00524	0.00156	0.02536	0.00466	0.00289	0.06706
21	0.03135	0.09231	0.59309	0.01390	0.02043	0.01255	0.08146	0.05083	0.02949	0.01645	0.00923	0.01076	0.00672	0.00475	0.00468	0.00154	0.00703	0.00384	0.00237	0.00724
22	0.01172	0.01330	0.02860	0.02055	0.02530	0.01276	0.73158	0.01574	0.01153	0.01574	0.00988	0.01330	0.00750	0.00446	0.00649	0.00171	0.05490	0.00579	0.00250	0.00665
23	0.00617	0.00443	0.00578	0.00675	0.00713	0.00412	0.00452	0.00709	0.00975	0.01297	0.06547	0.70959	0.06905	0.05287	0.00720	0.00212	0.00294	0.01342	0.00459	0.00404
24	0.01183	0.01145	0.01969	0.09705	0.62057	0.01161	0.06517	0.01481	0.01114	0.01580	0.01007	0.01308	0.02252	0.00471	0.00525	0.00151	0.02483	0.00461	0.00250	0.03181
25	0.03701	0.05285	0.21397	0.01593	0.10563	0.08870	0.18926	0.05032	0.04060	0.05209	0.02462	0.01304	0.02551	0.00521	0.00545	0.00154	0.04198	0.00458	0.00288	0.02883
26	0.01133	0.01023	0.01499	0.11947	0.09741	0.02518	0.07452	0.06932	0.01092	0.03940	0.07281	0.01576	0.02615	0.04482	0.02400	0.00198	0.27209	0.00507	0.00299	0.06156
27	0.12259	0.28943	0.10351	0.01168	0.04811	0.04546	0.10516	0.05051	0.04193	0.02879	0.00990	0.03338	0.01808	0.00507	0.00436	0.00137	0.01847	0.00399	0.00280	0.05543
28	0.07005	0.09539	0.23517	0.01165	0.03541	0.01081	0.08863	0.05914	0.04415	0.07117	0.10888	0.03153	0.01379	0.03364	0.06732	0.00214	0.00619	0.00508	0.00334	0.00649
29	0.11898	0.04443	0.02608	0.01060	0.05473	0.06172	0.00815	0.19930	0.16781	0.09340	0.04240	0.04785	0.03204	0.00653	0.00498	0.00154	0.02419	0.00508	0.04317	0.00700
30	0.02482	0.12389	0.55323	0.01300	0.01922	0.01215	0.06190	0.01569	0.03238	0.03538	0.01171	0.01289	0.05203	0.00519	0.00467	0.00153	0.00666	0.00416	0.00248	0.00703

[dist]
# distance from previous block
# <min> <max>
0	2

[block]
# block no. 2 follows, 50 sequences, length 17
# corresponding to MSA columns:
# 118,120-124,143-153
name=unknown_C
#
# <colnr> <probs for GDERKNQSTAVLIFYWHMCP>
#	G	D	E	R	K	N	Q	S	T	A	V	L	I	F	Y	W	H	M	C	P
0	0.14622	0.01385	0.07256	0.01052	0.01427	0.05554	0.00903	0.41262	0.12685	0.02527	0.01196	0.01264	0.00896	0.03106	0.00526	0.00161	0.00528	0.00429	0.00425	0.02796
1	0.03157	0.01055	0.04332	0.26924	0.15141	0.01093	0.08529	0.07776	0.11068	0.02787	0.01579	0.04033	0.09123	0.00623	0.00515	0.00163	0.00564	0.00559	0.00328	0.00651
2	0.02815	0.01021	0.01604	0.46870	0.26636	0.03579	0.01348	0.01399	0.02899	0.01444	0.03598	0.01366	0.00858	0.00510	0.00515	0.00160	0.02043	0.00454	0.00250	0.00630
3	0.01247	0.01276	0.01936	0.02410	0.48623	0.09151	0.13045	0.01619	0.07064	0.01599	0.01283	0.01497	0.05934	0.00518	0.00511	0.00152	0.00624	0.00503	0.00283	0.00726
4	0.00746	0.00596	0.00817	0.00824	0.00885	0.00636	0.02924	0.03448	0.01007	0.01370	0.06647	0.55572	0.05746	0.03913	0.00827	0.00207	0.11809	0.01155	0.00423	0.00449
5	0.01832	0.07541	0.01505	0.01233	0.01524	0.62476	0.00953	0.14244	0.01537	0.01529	0.00834	0.00941	0.00675	0.00522	0.00449	0.00130	0.00818	0.00338	0.00293	0.00626
6	0.00710	0.00501	0.00608	0.00606	0.00727	0.00451	0.00445	0.00885	0.01228	0.03881	0.37660	0.19266	0.24388	0.01157	0.00583	0.00167	0.00256	0.01009	0.05018	0.00454
7	0.01261	0.04746	0.02030	0.08711	0.58123	0.07562	0.07297	0.01551	0.01145	0.01547	0.00915	0.01204	0.00759	0.00451	0.00490	0.00148	0.00639	0.00438	0.00245	0.00739
8	0.01154	0.39626	0.44200	0.01158	0.01752	0.01534	0.01385	0.01539	0.01034	0.01391	0.00801	0.00936	0.00635	0.00452	0.00403	0.00134	0.00643	0.00321	0.00212	0.00692
9	0.00817	0.00593	0.00708	0.00743	0.00845	0.00605	0.00529	0.06860	0.10920	0.01587	0.03891	0.55569	0.04068	0.01270	0.00581	0.00185	0.00315	0.01131	0.08288	0.00494
10	0.00610	0.00450	0.00572	0.00668	0.00723	0.00413	0.00458	0.00708	0.00991	0.01292	0.03142	0.66538	0.16405	0.01504	0.00630	0.00197	0.00288	0.03538	0.00463	0.00409
11	0.07166	0.01252	0.01311	0.03813	0.01473	0.05336	0.00874	0.42936	0.14541	0.10018	0.03406	0.01488	0.01107	0.00626	0.00492	0.00155	0.00512	0.02241	0.00478	0.00775
12	0.00977	0.00922	0.01559	0.71852	0.12591	0.01117	0.01402	0.01304	0.01013	0.01316	0.00892	0.01317	0.00680	0.00492	0.00498	0.00164	0.00656	0.00443	0.00225	0.00582
13	0.00614	0.00442	0.00571	0.00672	0.00708	0.00411	0.00447	0.00697	0.00951	0.01257	0.02822	0.71820	0.08222	0.06890	0.00759	0.00219	0.00300	0.01347	0.00452	0.00399
14	0.11509	0.01315	0.01750	0.13994	0.23844	0.13326	0.13210	0.03772	0.05259	0.01625	0.00936	0.01188	0.00746	0.00501	0.00542	0.00157	0.04961	0.00433	0.00272	0.00661
15	0.01200	0.01272	0.01511	0.01305	0.01341	0.12690	0.01072	0.01311	0.00855	0.01202	0.00671	0.01063	0.00653	0.00822	0.01468	0.00205	0.70164	0.00420	0.00224	0.00550
16	0.01101	0.00972	0.01283	0.01107	0.01175	0.01258	0.00893	0.11907	0.00986	0.01434	0.00955	0.01539	0.00930	0.13260	0.11854	0.00323	0.47715	0.00493	0.00277	0.00539

[dist]
# distance from previous block
# <min> <max>
0	3

[block]
# block no. 3 follows, 50 sequences, length 17
# corresponding to MSA columns:
# 157-173
name=unknown_D
#
# <colnr> <probs for GDERKNQSTAVLIFYWHMCP>
#	G	D	E	R	K	N	Q	S	T	A	V	L	I	F	Y	W	H	M	C	P
0	0.01058	0.00781	0.00964	0.00847	0.01037	0.03471	0.04784	0.10926	0.04409	0.07476	0.26668	0.04445	0.07888	0.11959	0.03208	0.00228	0.00442	0.08402	0.00461	0.00544
1	0.01046	0.00966	0.01585	0.63406	0.16231	0.01146	0.01384	0.05690	0.01097	0.01441	0.00912	0.01305	0.00696	0.00495	0.00498	0.00162	0.00646	0.00443	0.00242	0.00611
2	0.02294	0.01171	0.05186	0.05647	0.07073	0.07518	0.15898	0.06868	0.13974	0.07192	0.06527	0.05407	0.07709	0.00782	0.03078	0.00183	0.00585	0.01871	0.00382	0.00656
3	0.05656	0.32085	0.35055	0.01123	0.01666	0.01506	0.01264	0.10335	0.04135	0.01661	0.00887	0.00993	0.00689	0.00478	0.00412	0.00138	0.00608	0.00342	0.00261	0.00705
4	0.09560	0.00901	0.01119	0.00876	0.01240	0.00849	0.00720	0.09799	0.03507	0.59429	0.01762	0.01580	0.01143	0.00601	0.00477	0.00152	0.00423	0.00475	0.04585	0.00801
5	0.00688	0.00489	0.00642	0.00680	0.00768	0.00455	0.03034	0.00829	0.01041	0.01444	0.08188	0.47502	0.14153	0.01281	0.00581	0.00180	0.00295	0.03482	0.13837	0.00432
6	0.02557	0.06842	0.19706	0.24177	0.14450	0.04321	0.02944	0.10457	0.01238	0.04654	0.03376	0.01263	0.00842	0.00510	0.00480	0.00153	0.00633	0.00427	0.00284	0.00685
7	0.28607	0.03866	0.24500	0.01194	0.03867	0.19802	0.05518	0.01613	0.01071	0.01684	0.00819	0.00985	0.00638	0.00587	0.03177	0.00171	0.00679	0.00344	0.00258	0.00621
8	0.00615	0.00445	0.00582	0.00676	0.00722	0.00412	0.00458	0.00719	0.01009	0.01346	0.10110	0.70001	0.08078	0.01492	0.00629	0.00196	0.00282	0.01346	0.00471	0.00412
9	0.01238	0.01101	0.02832	0.21835	0.38658	0.03331	0.01289	0.06940	0.03213	0.05772	0.01187	0.01502	0.02711	0.00534	0.00496	0.00154	0.00579	0.02382	0.03544	0.00702
10	0.01150	0.25970	0.45524	0.01292	0.01882	0.01433	0.07390	0.04613	0.01093	0.01512	0.00849	0.01008	0.00653	0.00473	0.00475	0.00145	0.03249	0.00361	0.00226	0.00702
11	0.00927	0.00608	0.00729	0.00710	0.00869	0.00570	0.00536	0.08219	0.01240	0.10389	0.08601	0.30869	0.26393	0.01221	0.00593	0.00180	0.00325	0.06019	0.00489	0.00510
12	0.00643	0.00487	0.00589	0.00628	0.00728	0.00441	0.00457	0.00782	0.01120	0.01459	0.19934	0.30003	0.29002	0.04593	0.00691	0.00195	0.00286	0.07064	0.00475	0.00424
13	0.01262	0.01052	0.03051	0.01421	0.18426	0.04712	0.02558	0.11879	0.15770	0.08204	0.08661	0.13435	0.03719	0.00785	0.00534	0.00164	0.00471	0.02783	0.00429	0.00686
14	0.03426	0.01050	0.04837	0.04814	0.01413	0.06996	0.10357	0.13585	0.01276	0.06176	0.04925	0.08193	0.08683	0.05858	0.12364	0.00276	0.01787	0.03032	0.00371	0.00582
15	0.11957	0.03448	0.01358	0.06082	0.03365	0.06789	0.05297	0.01263	0.00903	0.01376	0.00963	0.01545	0.00910	0.03777	0.12590	0.00286	0.32118	0.05177	0.00260	0.00536
16	0.01278	0.03700	0.05870	0.04498	0.01502	0.03721	0.05513	0.16289	0.08696	0.04252	0.01274	0.01366	0.04548	0.00534	0.00499	0.00128	0.03732	0.00427	0.00355	0.31820

[dist]
# distance from previous block
# <min> <max>
5	7

[block]
# block no. 4 follows, 50 sequences, length 81
# corresponding to MSA columns:
# 181-189,191-260,273,274
name=unknown_E
#
# <colnr> <probs for GDERKNQSTAVLIFYWHMCP>
#	G	D	E	R	K	N	Q	S	T	A	V	L	I	F	Y	W	H	M	C	P
0	0.01215	0.02764	0.06158	0.03881	0.01556	0.18273	0.11735	0.04251	0.01058	0.01351	0.00936	0.01337	0.00828	0.04955	0.13124	0.00282	0.23552	0.00456	0.01722	0.00566
1	0.00679	0.00481	0.00613	0.00693	0.00733	0.00464	0.00464	0.03456	0.00972	0.01295	0.02493	0.63620	0.02948	0.14986	0.00949	0.00248	0.00336	0.03727	0.00437	0.00405
2	0.22769	0.01383	0.04976	0.00983	0.01270	0.19188	0.00812	0.16801	0.01334	0.04029	0.04696	0.01473	0.01041	0.06057	0.00647	0.00174	0.05165	0.03637	0.00350	0.03215
3	0.03280	0.03801	0.14811	0.01346	0.05350	0.03312	0.14809	0.20838	0.05103	0.09861	0.03814	0.02749	0.01913	0.00556	0.00498	0.00150	0.00590	0.00487	0.00375	0.06356
4	0.00614	0.00466	0.00558	0.00618	0.00699	0.00419	0.00427	0.00721	0.01038	0.01336	0.09100	0.46208	0.28994	0.05515	0.00713	0.00202	0.00283	0.01220	0.00461	0.00410
5	0.00655	0.00498	0.00583	0.00631	0.00729	0.00460	0.00448	0.00827	0.04361	0.01392	0.08148	0.38623	0.29846	0.04488	0.00677	0.00195	0.00288	0.03473	0.03245	0.00431
6	0.01110	0.04019	0.19436	0.05231	0.12495	0.04204	0.22093	0.01492	0.03631	0.01504	0.01070	0.07275	0.00925	0.00585	0.00641	0.00164	0.09648	0.00527	0.00262	0.03687
7	0.47664	0.01116	0.00989	0.00831	0.01158	0.07079	0.00676	0.14738	0.02956	0.14727	0.03146	0.01127	0.00846	0.00534	0.00394	0.00152	0.00454	0.00365	0.00397	0.00648
8	0.00735	0.00550	0.00632	0.00606	0.00763	0.00500	0.00456	0.00981	0.05899	0.04586	0.32755	0.08023	0.39435	0.01126	0.00583	0.00165	0.00263	0.00963	0.00504	0.00477
9	0.03380	0.01019	0.01167	0.00951	0.01279	0.01067	0.00774	0.26006	0.17588	0.26652	0.03044	0.01772	0.01291	0.00657	0.00494	0.00156	0.00438	0.03725	0.07765	0.00774
10	0.05302	0.01056	0.01390	0.11365	0.09652	0.05893	0.06027	0.06646	0.04716	0.24562	0.01310	0.01429	0.00954	0.00644	0.03329	0.00167	0.00559	0.01443	0.00394	0.13161
11	0.05335	0.00509	0.00631	0.00711	0.00782	0.00495	0.00502	0.03320	0.01026	0.01421	0.04327	0.64412	0.06783	0.01431	0.00614	0.00197	0.00312	0.06302	0.00457	0.00433
12	0.01331	0.00856	0.00977	0.00832	0.01094	0.00870	0.00668	0.22325	0.08147	0.15163	0.11750	0.04090	0.17052	0.00859	0.00533	0.00161	0.00386	0.05855	0.06399	0.00652
13	0.00657	0.00503	0.00749	0.00801	0.00867	0.00472	0.05567	0.00775	0.00981	0.01308	0.02626	0.71912	0.03102	0.01474	0.00636	0.00202	0.00336	0.06156	0.00449	0.00426
14	0.01442	0.62449	0.04727	0.00953	0.01365	0.12064	0.00906	0.08555	0.01188	0.01372	0.00755	0.00857	0.00659	0.00455	0.00358	0.00115	0.00588	0.00293	0.00245	0.00654
15	0.04168	0.04844	0.08861	0.08777	0.19858	0.00888	0.02610	0.01237	0.01105	0.02896	0.08508	0.02363	0.16787	0.03423	0.00569	0.00163	0.00473	0.03520	0.02939	0.06011
16	0.01112	0.16740	0.58023	0.01274	0.01911	0.01307	0.01557	0.06841	0.01147	0.01629	0.03474	0.01106	0.00783	0.00492	0.00452	0.00148	0.00671	0.00373	0.00242	0.00718
17	0.05985	0.01163	0.04448	0.20526	0.34820	0.01196	0.01291	0.14378	0.01303	0.07328	0.01022	0.01250	0.00780	0.00504	0.00503	0.00155	0.01869	0.00436	0.00311	0.00729
18	0.03735	0.24444	0.04114	0.01183	0.10976	0.08414	0.00898	0.11649	0.01319	0.12155	0.05797	0.05012	0.04566	0.00607	0.00448	0.00138	0.00518	0.00476	0.00360	0.03192
19	0.00815	0.04588	0.00761	0.00635	0.00806	0.00580	0.00491	0.01064	0.05062	0.06340	0.42360	0.05110	0.27458	0.01035	0.00567	0.00159	0.00275	0.00887	0.00506	0.00500
20	0.00941	0.00886	0.01495	0.81285	0.03433	0.01107	0.01384	0.01274	0.00997	0.01274	0.00886	0.01329	0.00664	0.00498	0.00498	0.00166	0.00664	0.00443	0.00221	0.00554
21	0.01062	0.01037	0.01810	0.37908	0.24602	0.01157	0.11990	0.01390	0.02246	0.01443	0.02725	0.02633	0.00859	0.00530	0.00596	0.00165	0.06472	0.00491	0.00248	0.00636
22	0.07016	0.20761	0.30122	0.02194	0.01655	0.06166	0.03556	0.05493	0.03697	0.10167	0.01070	0.04138	0.00839	0.00533	0.00440	0.00145	0.00606	0.00407	0.00300	0.00694
23	0.01932	0.01055	0.01238	0.00966	0.01329	0.01075	0.00792	0.33654	0.05767	0.37264	0.01621	0.01511	0.01092	0.00609	0.00488	0.00150	0.00458	0.00480	0.07708	0.00813
24	0.00846	0.00629	0.00657	0.00662	0.00753	0.06031	0.00452	0.00939	0.01019	0.06294	0.09140	0.27262	0.14680	0.25209	0.01158	0.00266	0.00386	0.00955	0.02237	0.00424
25	0.01246	0.01192	0.01939	0.07486	0.62472	0.02504	0.03044	0.05088	0.01161	0.01639	0.00924	0.01224	0.00772	0.00487	0.00580	0.00155	0.06633	0.00445	0.00255	0.00754
26	0.01010	0.00637	0.00781	0.00731	0.00901	0.00618	0.00548	0.01375	0.13576	0.14533	0.27742	0.20020	0.10884	0.03540	0.00631	0.00179	0.00313	0.00902	0.00518	0.00559
27	0.00616	0.00447	0.00579	0.00670	0.00717	0.00413	0.00453	0.00716	0.01001	0.01331	0.09122	0.67895	0.09446	0.03229	0.00669	0.00202	0.00286	0.01331	0.00466	0.00409
28	0.13518	0.13161	0.06231	0.01205	0.06741	0.14725	0.00971	0.17946	0.03734	0.03953	0.00983	0.01106	0.01979	0.00571	0.00585	0.00151	0.11064	0.00384	0.00322	0.00670
29	0.01154	0.00860	0.00978	0.00952	0.04798	0.03482	0.00681	0.18444	0.10529	0.06134	0.08652	0.28536	0.05242	0.03642	0.00616	0.00180	0.00400	0.00853	0.03265	0.00603
30	0.00617	0.00496	0.00551	0.00558	0.00696	0.00429	0.00411	0.00761	0.01170	0.01478	0.20862	0.15580	0.52136	0.01252	0.00596	0.00171	0.00254	0.01071	0.00482	0.00429
31	0.00645	0.00449	0.00578	0.00667	0.00697	0.00427	0.00442	0.00727	0.00929	0.01253	0.03776	0.62092	0.02986	0.16021	0.00970	0.00251	0.00327	0.03638	0.02735	0.00391
32	0.12466	0.05501	0.14116	0.01153	0.04804	0.01314	0.01020	0.31382	0.11749	0.08757	0.01238	0.01291	0.00907	0.00567	0.00465	0.00153	0.00527	0.01412	0.00413	0.00764
33	0.01359	0.01165	0.01486	0.01482	0.17229	0.10944	0.08798	0.08184	0.01264	0.11393	0.02693	0.08062	0.03704	0.02382	0.00594	0.00153	0.04347	0.00541	0.00354	0.13864
34	0.00814	0.00575	0.00709	0.00691	0.00827	0.00556	0.00512	0.01134	0.10218	0.05957	0.37781	0.21731	0.12698	0.01166	0.02158	0.00183	0.00300	0.00971	0.00512	0.00506
35	0.05102	0.04904	0.06247	0.01284	0.09288	0.05806	0.05155	0.29857	0.02885	0.04534	0.01152	0.01242	0.02915	0.00531	0.00482	0.00137	0.01937	0.00421	0.00370	0.15752
36	0.04151	0.06368	0.17994	0.02739	0.06505	0.10865	0.01024	0.08986	0.04405	0.05322	0.04071	0.03009	0.09441	0.00633	0.00511	0.00147	0.03436	0.00491	0.03152	0.06749
37	0.01228	0.15183	0.30369	0.01342	0.06831	0.02664	0.08815	0.08919	0.02991	0.05819	0.07326	0.01404	0.01097	0.03243	0.00543	0.00159	0.00615	0.00451	0.00305	0.00697
38	0.01330	0.02642	0.04683	0.06684	0.24115	0.08145	0.27084	0.02945	0.01185	0.08745	0.01059	0.02862	0.00835	0.00509	0.00582	0.00159	0.04949	0.00501	0.00287	0.00699
39	0.00653	0.00503	0.00628	0.04083	0.00843	0.00472	0.00491	0.00814	0.02421	0.01441	0.17401	0.37370	0.24525	0.03150	0.00651	0.00189	0.00296	0.03171	0.00465	0.00433
40	0.01343	0.09016	0.15836	0.06056	0.01484	0.03610	0.00971	0.08476	0.04258	0.19345	0.08296	0.07979	0.04193	0.00745	0.00511	0.00160	0.00504	0.06132	0.00417	0.00669
41	0.01079	0.00878	0.01021	0.00745	0.01168	0.00684	0.00595	0.01350	0.04358	0.04238	0.00997	0.01120	0.00807	0.00398	0.00379	0.00082	0.00367	0.00320	0.03343	0.76070
42	0.00748	0.03438	0.00672	0.00620	0.00662	0.00566	0.00398	0.00844	0.03730	0.01119	0.05012	0.13847	0.02036	0.54839	0.09023	0.00434	0.00521	0.00788	0.00336	0.00367
43	0.00824	0.00541	0.00641	0.03230	0.00748	0.00556	0.00422	0.04590	0.00900	0.02507	0.01677	0.12779	0.01800	0.48546	0.06778	0.00388	0.00488	0.00740	0.11454	0.00389
44	0.01258	0.27489	0.14642	0.01159	0.01525	0.12421	0.05171	0.01491	0.01031	0.01323	0.00766	0.00973	0.00659	0.00537	0.00669	0.00142	0.18279	0.00348	0.00231	0.09885
45	0.00719	0.00576	0.00675	0.00640	0.00798	0.00540	0.00493	0.03397	0.01206	0.01582	0.24160	0.06005	0.39535	0.01302	0.06086	0.00209	0.03040	0.04115	0.00458	0.04465
46	0.00659	0.00488	0.00607	0.00668	0.00750	0.00451	0.00483	0.00781	0.01035	0.01350	0.08761	0.38761	0.19393	0.09629	0.00819	0.00222	0.00324	0.12598	0.00450	0.01769
47	0.03916	0.00975	0.01016	0.00870	0.01132	0.04354	0.00697	0.29446	0.05674	0.05629	0.09257	0.05136	0.19919	0.00876	0.00534	0.00162	0.00423	0.06264	0.03085	0.00635
48	0.01547	0.01204	0.01350	0.07911	0.03291	0.01347	0.00922	0.45574	0.21098	0.02561	0.01560	0.04158	0.03871	0.00661	0.00508	0.00158	0.00502	0.00530	0.00469	0.00777
49	0.00788	0.00653	0.00830	0.00822	0.00918	0.05881	0.00631	0.00955	0.00838	0.01153	0.01308	0.01946	0.01231	0.07004	0.71786	0.00743	0.01269	0.00528	0.00268	0.00447
50	0.00620	0.00445	0.00591	0.00703	0.00742	0.00417	0.00483	0.00717	0.00973	0.01289	0.02816	0.74518	0.05781	0.01539	0.00638	0.00203	0.00299	0.06354	0.00462	0.00409
51	0.01197	0.00933	0.01313	0.39944	0.08056	0.03238	0.01077	0.08046	0.05023	0.10334	0.03553	0.01727	0.06903	0.00603	0.00497	0.00158	0.00545	0.00512	0.05717	0.00624
52	0.01074	0.00605	0.00620	0.00567	0.00726	0.00627	0.00438	0.12667	0.01240	0.02051	0.01561	0.01759	0.01213	0.00583	0.00371	0.00121	0.00280	0.00462	0.72511	0.00522
53	0.13042	0.00858	0.01077	0.00843	0.01206	0.00788	0.00694	0.03954	0.01354	0.64252	0.01768	0.01578	0.01137	0.00595	0.00469	0.00152	0.00413	0.00468	0.04561	0.00790
54	0.00778	0.00556	0.00774	0.00889	0.00992	0.00552	0.00759	0.00989	0.01122	0.01463	0.02653	0.15564	0.02924	0.01401	0.00682	0.00226	0.00437	0.66328	0.00459	0.00452
55	0.01295	0.01098	0.01158	0.01026	0.01317	0.01266	0.00802	0.09011	0.72020	0.02175	0.01958	0.01803	0.01464	0.00670	0.00506	0.00167	0.00408	0.00554	0.00506	0.00794
56	0.01192	0.06126	0.01579	0.01279	0.01333	0.10429	0.01062	0.01306	0.00851	0.01200	0.00670	0.01052	0.00652	0.00805	0.01424	0.00201	0.67650	0.00413	0.00222	0.00555
57	0.00593	0.00501	0.00513	0.00519	0.00678	0.00421	0.00386	0.00719	0.01131	0.01356	0.06510	0.09615	0.72810	0.01276	0.00592	0.00170	0.00254	0.01072	0.00465	0.00421
58	0.01434	0.38231	0.02179	0.01263	0.05348	0.18697	0.11242	0.05818	0.01190	0.02383	0.00851	0.02729	0.00741	0.00508	0.00490	0.00133	0.05487	0.00378	0.00256	0.00642
59	0.02362	0.00999	0.01240	0.06605	0.09081	0.03386	0.02009	0.11541	0.03301	0.05422	0.01234	0.03931	0.03071	0.02376	0.03201	0.00157	0.03950	0.01931	0.00341	0.33861
60	0.06174	0.05191	0.01412	0.19724	0.04268	0.23659	0.02493	0.02896	0.04627	0.15180	0.01118	0.01314	0.00851	0.00639	0.02735	0.00168	0.03207	0.01698	0.00330	0.02316
61	0.00604	0.00504	0.00527	0.00525	0.00683	0.00427	0.00392	0.00744	0.01168	0.01429	0.14497	0.06280	0.68034	0.01237	0.00590	0.00168	0.00251	0.01040	0.00474	0.00427
62	0.01128	0.01195	0.02401	0.17089	0.17784	0.01188	0.45149	0.01500	0.01133	0.01538	0.01039	0.01497	0.00833	0.00479	0.00557	0.00166	0.00743	0.03661	0.00254	0.00664
63	0.01018	0.04555	0.68063	0.01390	0.02066	0.01165	0.05071	0.01606	0.04716	0.01606	0.03542	0.01185	0.00814	0.00498	0.00480	0.00157	0.00703	0.00402	0.00238	0.00725
64	0.01329	0.79706	0.02556	0.00859	0.01280	0.01945	0.00850	0.01536	0.03929	0.01207	0.00743	0.00839	0.00673	0.00436	0.00327	0.00109	0.00528	0.00278	0.00224	0.00645
65	0.01919	0.01357	0.01472	0.01128	0.01526	0.01488	0.00932	0.72329	0.02278	0.08616	0.01252	0.01232	0.00875	0.00600	0.00499	0.00150	0.00540	0.00453	0.00507	0.00848
66	0.00607	0.00434	0.00578	0.00694	0.00723	0.00405	0.00463	0.00694	0.00954	0.01272	0.02747	0.82157	0.03297	0.01562	0.00636	0.00202	0.00289	0.01417	0.00463	0.00405
67	0.00783	0.00656	0.00825	0.00841	0.00912	0.05147	0.03849	0.00893	0.00973	0.02432	0.02300	0.55960	0.03840	0.05600	0.03452	0.00232	0.07148	0.03305	0.00409	0.00442
68	0.00713	0.00492	0.00612	0.00659	0.00694	0.00485	0.00449	0.00789	0.00887	0.01181	0.04962	0.21544	0.02455	0.43840	0.02971	0.00363	0.00439	0.15722	0.00378	0.00365
69	0.00610	0.00439	0.00574	0.00680	0.00715	0.00408	0.00454	0.00696	0.00956	0.01266	0.02819	0.76068	0.06825	0.04055	0.00693	0.00210	0.00293	0.01378	0.00458	0.00402
70	0.01333	0.82783	0.02612	0.00853	0.01279	0.01972	0.00853	0.01493	0.01013	0.01173	0.00693	0.00800	0.00640	0.00426	0.00320	0.00107	0.00533	0.00267	0.00213	0.00640
71	0.00935	0.00612	0.00720	0.00661	0.00833	0.00585	0.00505	0.04978	0.06600	0.08753	0.34648	0.07244	0.18825	0.00963	0.00544	0.00157	0.00284	0.00824	0.10798	0.00530
72	0.00638	0.00450	0.00566	0.00647	0.00690	0.00421	0.00430	0.00727	0.00955	0.01284	0.05064	0.59673	0.08951	0.12383	0.00875	0.00233	0.00308	0.01239	0.04069	0.00397
73	0.00648	0.00468	0.00598	0.00666	0.00739	0.00429	0.00469	0.00772	0.01069	0.02337	0.15235	0.53239	0.15373	0.01409	0.00622	0.00190	0.00284	0.04549	0.00478	0.00425
74	0.01115	0.09665	0.09901	0.05673	0.17909	0.01189	0.17568	0.02915	0.10785	0.01590	0.02917	0.10052	0.01223	0.00638	0.00552	0.00162	0.03102	0.02065	0.00309	0.00671
75	0.01208	0.01160	0.01245	0.05597	0.08329	0.16096	0.00902	0.06867	0.01100	0.01476	0.01089	0.05181	0.00991	0.04420	0.06917	0.00226	0.23102	0.00487	0.13048	0.00559
76	0.04824	0.06485	0.00981	0.00770	0.01003	0.08581	0.00610	0.04121	0.11022	0.09371	0.17083	0.02060	0.04827	0.00776	0.02914	0.00159	0.00416	0.00548	0.18860	0.04589
77	0.11308	0.02410	0.01088	0.00805	0.01200	0.03994	0.00650	0.11222	0.01197	0.02874	0.00932	0.01057	0.00748	0.00434	0.00400	0.00100	0.01562	0.00323	0.03352	0.54343
78	0.13818	0.01284	0.08273	0.02808	0.10758	0.05882	0.08889	0.11795	0.04984	0.05806	0.03036	0.01355	0.00933	0.01848	0.02201	0.00175	0.08788	0.01726	0.00331	0.05312
79	0.00818	0.00630	0.00838	0.04432	0.08127	0.02023	0.00637	0.02259	0.01044	0.03111	0.07376	0.43542	0.05445	0.05114	0.01935	0.00204	0.02556	0.02230	0.04410	0.03268
80	0.00829	0.00570	0.00687	0.00671	0.00802	0.00546	0.00498	0.04604	0.04138	0.05125	0.27813	0.19922	0.15486	0.06360	0.00703	0.00190	0.00305	0.04689	0.05579	0.00483

[dist]
# distance from previous block
# <min> <max>
3	5

[block]
# block no. 5 follows, 50 sequences, length 16
# corresponding to MSA columns:
# 281-296
name=unknown_F
#
# <colnr> <probs for GDERKNQSTAVLIFYWHMCP>
#	G	D	E	R	K	N	Q	S	T	A	V	L	I	F	Y	W	H	M	C	P
0	0.03689	0.01055	0.01325	0.05935	0.04183	0.01092	0.04059	0.32132	0.01651	0.25064	0.01538	0.01751	0.02863	0.08474	0.00701	0.00187	0.00514	0.02574	0.00472	0.00741
1	0.02529	0.10249	0.11233	0.03231	0.01503	0.05598	0.06790	0.08337	0.04370	0.06011	0.03066	0.01379	0.00951	0.05193	0.05926	0.00220	0.19121	0.00451	0.00302	0.03538
2	0.01222	0.01264	0.05487	0.03551	0.51339	0.04743	0.07581	0.03297	0.08083	0.01684	0.04402	0.01453	0.02605	0.00512	0.00506	0.00152	0.00593	0.00489	0.00291	0.00745
3	0.00623	0.00497	0.00560	0.00577	0.00711	0.00434	0.00429	0.00767	0.01155	0.01457	0.17724	0.17582	0.49707	0.01274	0.00601	0.00175	0.00265	0.04555	0.00478	0.00429
4	0.00620	0.00456	0.00569	0.00649	0.00706	0.00419	0.00441	0.00714	0.00989	0.01291	0.05609	0.57934	0.17213	0.07643	0.00771	0.00216	0.00298	0.02604	0.00453	0.00403
5	0.06095	0.04523	0.01181	0.05727	0.01341	0.00837	0.04399	0.01336	0.05764	0.01594	0.01029	0.03576	0.00897	0.04844	0.00534	0.00124	0.01710	0.00390	0.00303	0.53794
6	0.04969	0.05290	0.01204	0.03234	0.03067	0.38340	0.00794	0.03515	0.01273	0.03423	0.07887	0.05093	0.05394	0.00777	0.04007	0.00165	0.00661	0.00483	0.04592	0.05834
7	0.00737	0.00484	0.00557	0.00560	0.00580	0.00487	0.00336	0.00777	0.00784	0.01094	0.03784	0.05689	0.01862	0.65629	0.07073	0.00453	0.00501	0.00719	0.07559	0.00333
8	0.00626	0.00449	0.00578	0.00669	0.00708	0.00420	0.00448	0.00713	0.00959	0.01272	0.05223	0.65058	0.07696	0.10150	0.00836	0.00229	0.00309	0.02811	0.00448	0.00398
9	0.04793	0.56072	0.07544	0.00924	0.01344	0.05585	0.00901	0.07217	0.03096	0.05053	0.00952	0.01022	0.02712	0.00485	0.00370	0.00122	0.00544	0.00328	0.00273	0.00662
10	0.00733	0.00522	0.00716	0.00826	0.00906	0.00513	0.00666	0.00904	0.01063	0.01394	0.02628	0.31413	0.02967	0.05035	0.00753	0.00232	0.00403	0.47440	0.00453	0.00434
11	0.00610	0.00502	0.00537	0.00536	0.00688	0.00429	0.00399	0.00753	0.01174	0.01456	0.17764	0.08558	0.62397	0.01235	0.00591	0.00168	0.00251	0.01045	0.00478	0.00429
12	0.01810	0.01314	0.01405	0.01087	0.01461	0.01451	0.00895	0.70979	0.02229	0.03029	0.01234	0.01255	0.00885	0.00597	0.00485	0.00147	0.00521	0.00450	0.07953	0.00814
13	0.01209	0.01190	0.05906	0.23081	0.38052	0.01217	0.01371	0.09444	0.07651	0.01713	0.01030	0.01292	0.00811	0.00510	0.00535	0.00158	0.03374	0.00450	0.00285	0.00722
14	0.05310	0.00792	0.00986	0.05312	0.07079	0.04286	0.02167	0.08522	0.01158	0.04020	0.06207	0.37786	0.03360	0.03784	0.00679	0.00191	0.03887	0.03537	0.00409	0.00527
15	0.10634	0.00990	0.01417	0.42392	0.08787	0.03054	0.02147	0.05392	0.01042	0.01514	0.00943	0.04614	0.00791	0.00594	0.00641	0.00170	0.12055	0.00463	0.01782	0.00580

[dist]
# distance from previous block
# <min> <max>
2	11

[block]
# block no. 6 follows, 50 sequences, length 10
# corresponding to MSA columns:
# 314-323
name=unknown_G
#
# <colnr> <probs for GDERKNQSTAVLIFYWHMCP>
#	G	D	E	R	K	N	Q	S	T	A	V	L	I	F	Y	W	H	M	C	P
0	0.37208	0.01364	0.05377	0.01066	0.06436	0.14859	0.00831	0.16285	0.01300	0.02118	0.04236	0.01161	0.00866	0.00535	0.00412	0.00148	0.00533	0.01738	0.00340	0.03188
1	0.07531	0.00889	0.01410	0.68734	0.03073	0.01078	0.01268	0.01380	0.01020	0.07594	0.00957	0.01319	0.00700	0.00505	0.00484	0.00164	0.00624	0.00434	0.00260	0.00576
2	0.01210	0.01136	0.01796	0.04412	0.04761	0.01193	0.27587	0.08297	0.31732	0.01889	0.01585	0.04972	0.01290	0.00642	0.00550	0.00171	0.00580	0.05095	0.00393	0.00710
3	0.00613	0.00438	0.00584	0.00690	0.00724	0.00409	0.00463	0.00709	0.00982	0.01316	0.07340	0.77440	0.03381	0.01529	0.00633	0.00200	0.00286	0.01386	0.00468	0.00409
4	0.01194	0.00986	0.01061	0.00951	0.01206	0.01108	0.00737	0.11391	0.53018	0.02106	0.08421	0.09259	0.04786	0.00797	0.00527	0.00169	0.00385	0.00672	0.00504	0.00722
5	0.00936	0.00719	0.00839	0.00792	0.00969	0.00756	0.00603	0.01580	0.29826	0.04255	0.32871	0.13320	0.05976	0.00972	0.00565	0.00170	0.00315	0.03428	0.00518	0.00589
6	0.01487	0.07066	0.01499	0.04687	0.01578	0.37250	0.07656	0.05064	0.19077	0.01540	0.01424	0.01481	0.06852	0.00597	0.00481	0.00145	0.00680	0.00463	0.00335	0.00637
7	0.00661	0.00488	0.00628	0.00696	0.00774	0.00443	0.00489	0.00775	0.00998	0.01342	0.05845	0.60062	0.07585	0.03731	0.00669	0.00199	0.00309	0.06955	0.00449	0.06901
8	0.29972	0.06358	0.04935	0.01047	0.01336	0.31333	0.00868	0.07072	0.01178	0.01710	0.00764	0.00912	0.00623	0.00535	0.00529	0.00148	0.09480	0.00325	0.00282	0.00592
9	0.01508	0.01369	0.05954	0.01201	0.03266	0.08803	0.07366	0.39116	0.04744	0.02288	0.06335	0.01583	0.01185	0.09336	0.00763	0.00189	0.03378	0.00507	0.00406	0.00704

[dist]
# distance from previous block
# <min> <max>
0	1

[block]
# block no. 7 follows, 50 sequences, length 30
# corresponding to MSA columns:
# 325-336,342-359
name=unknown_H
#
# <colnr> <probs for GDERKNQSTAVLIFYWHMCP>
#	G	D	E	R	K	N	Q	S	T	A	V	L	I	F	Y	W	H	M	C	P
0	0.01257	0.01261	0.02009	0.10121	0.49246	0.06598	0.12388	0.03866	0.03497	0.01611	0.00965	0.01250	0.00783	0.00472	0.00532	0.00154	0.02538	0.00460	0.00261	0.00732
1	0.01082	0.02094	0.03603	0.01062	0.03973	0.11453	0.09107	0.09647	0.06500	0.01625	0.06267	0.13311	0.19530	0.02512	0.00633	0.02741	0.00497	0.03410	0.00394	0.00560
2	0.04235	0.01070	0.01117	0.00995	0.01281	0.01230	0.00778	0.07146	0.68809	0.02133	0.02020	0.01869	0.03735	0.00681	0.00502	0.00167	0.00399	0.00561	0.00498	0.00773
3	0.01752	0.03915	0.01429	0.01124	0.01477	0.14337	0.00907	0.45147	0.17554	0.05311	0.01308	0.01289	0.00958	0.00596	0.00487	0.00149	0.00569	0.00448	0.00457	0.00786
4	0.02725	0.00639	0.00800	0.00839	0.05959	0.00618	0.00594	0.05454	0.03898	0.03188	0.35299	0.09522	0.19647	0.01051	0.00579	0.00169	0.00317	0.07698	0.00488	0.00515
5	0.01154	0.01125	0.04602	0.10677	0.53127	0.01101	0.01344	0.05320	0.02788	0.01676	0.05736	0.04226	0.03804	0.00563	0.00507	0.00154	0.00556	0.00524	0.00293	0.00722
6	0.00866	0.00433	0.00649	0.00649	0.00649	0.00433	0.00433	0.00649	0.00649	0.00866	0.00866	0.01515	0.00866	0.01732	0.01948	0.85498	0.00433	0.00433	0.00216	0.00216
7	0.00980	0.00920	0.01519	0.70831	0.09474	0.01120	0.01366	0.01365	0.04982	0.01344	0.00949	0.01348	0.00719	0.00503	0.00498	0.00165	0.00645	0.00449	0.00238	0.00585
8	0.01086	0.00861	0.00986	0.02814	0.03418	0.04691	0.02969	0.09773	0.14118	0.07249	0.17830	0.09175	0.21155	0.00919	0.00551	0.00163	0.00389	0.00784	0.00473	0.00596
9	0.04124	0.01242	0.01979	0.04253	0.62730	0.04456	0.06597	0.05609	0.01201	0.01704	0.00940	0.01213	0.00774	0.00455	0.00492	0.00149	0.00614	0.00443	0.00263	0.00763
10	0.00730	0.00513	0.00665	0.00630	0.00752	0.00471	0.00471	0.00951	0.01374	0.03743	0.69619	0.07728	0.08370	0.01050	0.00588	0.00160	0.00243	0.00926	0.00542	0.00473
11	0.00642	0.00453	0.00591	0.00689	0.00720	0.00431	0.00465	0.00727	0.00934	0.01242	0.02552	0.63383	0.03027	0.14357	0.00941	0.00249	0.00334	0.07433	0.00437	0.00393
12	0.04161	0.01471	0.16165	0.01318	0.05559	0.09524	0.09025	0.14523	0.05378	0.01762	0.01347	0.08338	0.04603	0.00843	0.04729	0.00198	0.09528	0.00548	0.00327	0.00652
13	0.01037	0.00944	0.01522	0.70520	0.07143	0.01148	0.01355	0.07752	0.01118	0.01450	0.00915	0.01313	0.00686	0.00504	0.00498	0.00164	0.00651	0.00444	0.00246	0.00591
14	0.00616	0.00447	0.00583	0.00689	0.00735	0.00415	0.00473	0.00713	0.00980	0.01290	0.02943	0.71469	0.09907	0.01526	0.00635	0.00201	0.00295	0.05212	0.00463	0.00409
15	0.03775	0.01116	0.04180	0.07520	0.03919	0.02585	0.25066	0.04315	0.02326	0.15183	0.01438	0.06243	0.05156	0.00660	0.00708	0.00172	0.13182	0.00580	0.01226	0.00651
16	0.03422	0.08882	0.08124	0.03972	0.04075	0.13237	0.15099	0.08456	0.04718	0.13368	0.03648	0.03500	0.03436	0.00604	0.00501	0.00154	0.00618	0.03146	0.00361	0.00676
17	0.00680	0.00497	0.00619	0.00659	0.00737	0.00475	0.00477	0.00802	0.01014	0.01335	0.12201	0.22806	0.17471	0.19175	0.06842	0.00299	0.00420	0.12661	0.00424	0.00405
18	0.00640	0.00451	0.00586	0.00681	0.00710	0.00429	0.00455	0.00720	0.00925	0.01231	0.02529	0.63279	0.03003	0.16106	0.00981	0.00255	0.00334	0.05861	0.00434	0.00390
19	0.03258	0.02797	0.11921	0.04960	0.09153	0.07382	0.08395	0.13881	0.11365	0.03622	0.03699	0.05044	0.03805	0.02068	0.00595	0.00165	0.04682	0.00531	0.01996	0.00680
20	0.01525	0.01070	0.02369	0.01222	0.11415	0.02430	0.00871	0.21731	0.16588	0.17135	0.07036	0.01764	0.04020	0.00649	0.00516	0.00154	0.01741	0.00530	0.06484	0.00750
21	0.00717	0.00540	0.00640	0.00653	0.00761	0.00516	0.00474	0.03492	0.03464	0.01473	0.16006	0.22120	0.24690	0.12788	0.03932	0.00246	0.00361	0.06238	0.00450	0.00438
22	0.01011	0.00752	0.02444	0.00809	0.03339	0.04903	0.00606	0.05110	0.01304	0.11556	0.29696	0.13524	0.16700	0.01144	0.04639	0.00195	0.00399	0.00848	0.00482	0.00540
23	0.01371	0.10408	0.09065	0.03208	0.16267	0.15485	0.08116	0.10113	0.06381	0.04073	0.02895	0.04466	0.03379	0.00582	0.00506	0.00149	0.02048	0.00485	0.00319	0.00685
24	0.03887	0.07557	0.05430	0.01139	0.03994	0.13710	0.04448	0.08892	0.01161	0.04694	0.02607	0.01482	0.03319	0.04590	0.09788	0.00244	0.16396	0.00460	0.05612	0.00591
25	0.02457	0.06099	0.08065	0.10298	0.14714	0.08313	0.05164	0.03382	0.04641	0.01541	0.05128	0.03093	0.06558	0.03296	0.03035	0.00183	0.05094	0.00520	0.07813	0.00606
26	0.03875	0.02343	0.02927	0.09482	0.34354	0.04174	0.02557	0.09229	0.07705	0.04477	0.07433	0.02547	0.01207	0.02250	0.00576	0.00162	0.03165	0.00500	0.00333	0.00705
27	0.01167	0.08641	0.06510	0.01170	0.08112	0.07558	0.03299	0.10408	0.07739	0.02623	0.05091	0.12841	0.08705	0.00796	0.00600	0.00160	0.07148	0.01961	0.01961	0.03508
28	0.09465	0.01207	0.07000	0.02717	0.05038	0.09835	0.12509	0.05181	0.04445	0.06898	0.03630	0.02610	0.02191	0.00792	0.05794	0.00195	0.05169	0.01423	0.09942	0.03960
29	0.04201	0.06067	0.06784	0.09916	0.10388	0.09937	0.10262	0.05251	0.13576	0.05649	0.03898	0.01503	0.03255	0.00617	0.01996	0.00163	0.00597	0.00480	0.02953	0.02504

[dist]
# distance from previous block
# <min> <max>
10	33

[block]
# block no. 8 follows, 50 sequences, length 9
# corresponding to MSA columns:
# 404-412
name=unknown_I
#
# <colnr> <probs for GDERKNQSTAVLIFYWHMCP>
#	G	D	E	R	K	N	Q	S	T	A	V	L	I	F	Y	W	H	M	C	P
0	0.01291	0.08923	0.06554	0.06030	0.21536	0.07756	0.02354	0.10530	0.06514	0.03966	0.03280	0.01365	0.00987	0.00701	0.04977	0.00177	0.00598	0.00438	0.07377	0.04645
1	0.01180	0.01084	0.06509	0.02643	0.08073	0.04184	0.07480	0.06117	0.14200	0.07488	0.05684	0.10386	0.03359	0.03326	0.00631	0.00169	0.04271	0.02160	0.02690	0.08368
2	0.04726	0.01432	0.05679	0.08140	0.05548	0.21738	0.13452	0.05344	0.02515	0.04315	0.04773	0.06201	0.03572	0.00707	0.02497	0.00172	0.06014	0.00525	0.00312	0.02338
3	0.00947	0.00826	0.01072	0.03215	0.02634	0.05286	0.03299	0.04568	0.00940	0.01303	0.01340	0.01887	0.05014	0.09553	0.33517	0.02343	0.17275	0.00535	0.03957	0.00490
4	0.00680	0.00497	0.00619	0.00630	0.00717	0.00490	0.00450	0.00811	0.00986	0.01337	0.13766	0.14789	0.19959	0.16779	0.20982	0.00386	0.00568	0.00866	0.04278	0.00412
5	0.13318	0.01142	0.03690	0.00901	0.03324	0.09901	0.00712	0.08086	0.02684	0.01804	0.01003	0.04186	0.00845	0.00486	0.00400	0.00112	0.00457	0.00371	0.04280	0.42299
6	0.00727	0.00597	0.00665	0.00690	0.00797	0.04680	0.00497	0.00863	0.01090	0.01424	0.16654	0.36451	0.16218	0.04870	0.03520	0.00213	0.00363	0.04509	0.00445	0.04728
7	0.00856	0.04824	0.00962	0.00900	0.05316	0.02964	0.00630	0.01008	0.02204	0.01224	0.04964	0.06021	0.01519	0.23496	0.30303	0.00477	0.06490	0.00601	0.00297	0.04945
8	0.01237	0.10165	0.01403	0.09223	0.05836	0.15840	0.04363	0.09347	0.05237	0.01553	0.08148	0.04532	0.02502	0.07805	0.02519	0.03888	0.03169	0.00525	0.02132	0.00574

[dist]
# distance from previous block
# <min> <max>
16	36

[block]
# block no. 9 follows, 50 sequences, length 32
# corresponding to MSA columns:
# 451-482
name=unknown_J
#
# <colnr> <probs for GDERKNQSTAVLIFYWHMCP>
#	G	D	E	R	K	N	Q	S	T	A	V	L	I	F	Y	W	H	M	C	P
0	0.10021	0.03292	0.14687	0.05199	0.12927	0.10048	0.07759	0.07453	0.03897	0.02748	0.05549	0.03419	0.02348	0.01912	0.03608	0.00185	0.03511	0.00481	0.00307	0.00649
1	0.02707	0.04202	0.12864	0.01366	0.13070	0.15977	0.04308	0.05213	0.06682	0.03898	0.04847	0.08888	0.07666	0.00739	0.01965	0.00163	0.00590	0.00571	0.00337	0.03947
