[name]
unknown

[dist]
# distance from previous block
# <min> <max>
0	468

[block]
# block no. 0 follows, 62 sequences, length 28
# corresponding to MSA columns:
# 468-495
name=unknown_A
#
# <colnr> <probs for GDERKNQSTAVLIFYWHMCP>
#	G	D	E	R	K	N	Q	S	T	A	V	L	I	F	Y	W	H	M	C	P
0	0.02492	0.28358	0.16811	0.00895	0.01218	0.09706	0.01859	0.04973	0.04637	0.02316	0.01123	0.01807	0.01057	0.01944	0.00433	0.00137	0.00500	0.18939	0.00265	0.00530
1	0.01078	0.01110	0.01186	0.15835	0.14630	0.18996	0.02067	0.01584	0.26040	0.01348	0.01330	0.01417	0.07490	0.00532	0.00460	0.00135	0.03472	0.00432	0.00292	0.00564
2	0.01184	0.03025	0.02018	0.00712	0.01000	0.00735	0.00583	0.15598	0.06235	0.19632	0.13060	0.02563	0.07441	0.00567	0.00410	0.00115	0.00335	0.00465	0.02099	0.22223
3	0.00915	0.00887	0.01319	0.66587	0.11084	0.06622	0.01156	0.04243	0.00932	0.01177	0.00764	0.01096	0.00583	0.00425	0.00422	0.00137	0.00571	0.00371	0.00203	0.00505
4	0.01084	0.00754	0.02801	0.00677	0.00982	0.00623	0.00546	0.05945	0.04728	0.17849	0.01266	0.05982	0.03744	0.08030	0.00536	0.00126	0.00344	0.00415	0.00338	0.43231
5	0.00846	0.00521	0.00666	0.00845	0.17060	0.00521	0.00501	0.01055	0.00908	0.01547	0.01269	0.01479	0.01006	0.00472	0.00322	0.00105	0.00260	0.00393	0.69772	0.00453
6	0.66542	0.04976	0.00817	0.00676	0.00935	0.17651	0.00546	0.01343	0.00828	0.01692	0.00606	0.00706	0.00482	0.00402	0.00288	0.00125	0.00424	0.00239	0.00251	0.00471
7	0.00755	0.00404	0.00431	0.00425	0.00524	0.00398	0.00318	0.00953	0.00955	0.01611	0.17726	0.01908	0.01682	0.00571	0.00339	0.00106	0.00199	0.00472	0.69824	0.00398
8	0.18649	0.00973	0.01504	0.02197	0.65894	0.01000	0.01135	0.01295	0.00919	0.01495	0.00758	0.00980	0.00631	0.00382	0.00389	0.00127	0.00470	0.00349	0.00221	0.00631
9	0.70392	0.00731	0.00611	0.00559	0.00769	0.00836	0.00442	0.01110	0.00690	0.01672	0.00622	0.00813	0.00517	0.00614	0.00546	0.17827	0.00337	0.00259	0.00247	0.00405
10	0.00686	0.00545	0.00749	0.21463	0.06406	0.00564	0.00617	0.00882	0.00971	0.01335	0.17529	0.02555	0.26077	0.00729	0.00443	0.00133	0.00319	0.01879	0.15695	0.00423
11	0.00746	0.00678	0.01118	0.67149	0.02463	0.00824	0.01023	0.00987	0.00844	0.01087	0.01078	0.18050	0.01022	0.00609	0.00449	0.00148	0.00502	0.00546	0.00231	0.00447
12	0.01151	0.18020	0.01262	0.00854	0.01133	0.01221	0.00703	0.12858	0.54367	0.01746	0.01404	0.01327	0.01068	0.00525	0.00400	0.00131	0.00379	0.00416	0.00381	0.00655
13	0.00756	0.00409	0.00455	0.00455	0.00549	0.00424	0.00345	0.00945	0.00850	0.01465	0.01338	0.01604	0.01085	0.01041	0.17098	0.00217	0.00389	0.00409	0.69775	0.00393
14	0.00543	0.00383	0.00484	0.00553	0.00577	0.00363	0.00358	0.00600	0.00773	0.01024	0.02181	0.60785	0.05975	0.22204	0.00946	0.00231	0.00287	0.01049	0.00361	0.00324
15	0.00700	0.00600	0.00802	0.00910	0.13869	0.00573	0.03147	0.05596	0.02000	0.01332	0.09937	0.15094	0.40395	0.00915	0.00507	0.00144	0.01878	0.00791	0.00364	0.00446
16	0.00755	0.00404	0.00431	0.00425	0.00524	0.00398	0.00318	0.00953	0.00955	0.01611	0.17726	0.01908	0.01682	0.00571	0.00339	0.00106	0.00199	0.00472	0.69824	0.00398
17	0.01008	0.01997	0.66344	0.01165	0.01736	0.01055	0.01418	0.17453	0.01121	0.01617	0.00816	0.00923	0.00576	0.00426	0.00409	0.00133	0.00596	0.00328	0.00229	0.00648
18	0.02659	0.01279	0.22555	0.01437	0.20820	0.01796	0.08139	0.06040	0.15087	0.10199	0.01089	0.02262	0.00819	0.00462	0.00436	0.00135	0.01617	0.00404	0.02121	0.00643
19	0.00842	0.12224	0.27347	0.17866	0.05020	0.00959	0.07711	0.01163	0.02907	0.01208	0.01130	0.10976	0.04424	0.01573	0.02725	0.00154	0.00538	0.00476	0.00229	0.00529
20	0.00605	0.00433	0.00573	0.00592	0.00627	0.00466	0.00410	0.00684	0.00698	0.00973	0.01497	0.22681	0.01650	0.30790	0.29951	0.00432	0.03311	0.00695	0.02599	0.00333
21	0.27704	0.09524	0.03378	0.03175	0.07011	0.13188	0.04929	0.04934	0.01011	0.19057	0.00893	0.00950	0.00653	0.00434	0.00370	0.00125	0.01477	0.00319	0.00301	0.00568
22	0.00783	0.00555	0.00663	0.00634	0.04520	0.00467	0.00455	0.00919	0.00961	0.11292	0.02839	0.10655	0.42331	0.00898	0.02448	0.00141	0.00292	0.00704	0.00370	0.18073
23	0.01251	0.04033	0.13879	0.00976	0.04409	0.03043	0.06331	0.11637	0.07891	0.22881	0.04992	0.06125	0.03956	0.00553	0.00428	0.00130	0.00436	0.00468	0.01291	0.05293
24	0.00940	0.01792	0.03678	0.06464	0.31697	0.07210	0.01615	0.02819	0.02272	0.02284	0.02545	0.01734	0.18059	0.02142	0.00472	0.00129	0.01926	0.00477	0.01843	0.09900
25	0.00863	0.05473	0.03198	0.02412	0.16644	0.00714	0.00686	0.04315	0.05300	0.03619	0.21320	0.09387	0.07249	0.01616	0.00452	0.00126	0.00341	0.00564	0.00337	0.15384
26	0.01213	0.32462	0.06325	0.02670	0.11379	0.17060	0.01888	0.08706	0.02643	0.03006	0.02489	0.00964	0.01766	0.00434	0.00375	0.00111	0.01930	0.00318	0.02551	0.01710
27	0.00883	0.03487	0.02397	0.00765	0.02362	0.03369	0.02824	0.17079	0.05514	0.01444	0.03828	0.26903	0.06711	0.12928	0.05685	0.00215	0.00420	0.00710	0.00348	0.02127

[dist]
# distance from previous block
# <min> <max>
3	14

[block]
# block no. 1 follows, 62 sequences, length 20
# corresponding to MSA columns:
# 510-529
name=unknown_B
#
# <colnr> <probs for GDERKNQSTAVLIFYWHMCP>
#	G	D	E	R	K	N	Q	S	T	A	V	L	I	F	Y	W	H	M	C	P
0	0.03202	0.04335	0.12438	0.04902	0.27591	0.07884	0.06373	0.04919	0.06761	0.04694	0.03213	0.01158	0.00814	0.02637	0.02403	0.00146	0.01391	0.00383	0.00256	0.04500
1	0.00956	0.05656	0.12119	0.05672	0.08281	0.05913	0.01960	0.13584	0.02964	0.01443	0.01252	0.18495	0.01203	0.04672	0.05256	0.00178	0.00481	0.00549	0.08851	0.00513
2	0.04414	0.07749	0.11696	0.05242	0.14805	0.12114	0.06941	0.11652	0.02091	0.06658	0.00941	0.05532	0.00777	0.00539	0.02504	0.00139	0.00541	0.00394	0.00270	0.05001
3	0.07529	0.00920	0.00987	0.00837	0.03572	0.03859	0.00646	0.30467	0.08668	0.13297	0.01456	0.01497	0.08773	0.04350	0.01979	0.00148	0.00409	0.00436	0.03063	0.07108
4	0.00662	0.00464	0.00699	0.00679	0.00753	0.00508	0.02967	0.00765	0.00698	0.03095	0.01217	0.08311	0.01199	0.10181	0.55931	0.09856	0.00887	0.00522	0.00247	0.00360
5	0.00904	0.00642	0.00751	0.00649	0.00815	0.00651	0.00501	0.20515	0.03586	0.04651	0.46071	0.02579	0.08178	0.06885	0.00600	0.00153	0.00292	0.00653	0.00439	0.00486
6	0.00615	0.00447	0.00652	0.00652	0.00716	0.00510	0.00492	0.00734	0.00670	0.00957	0.01146	0.01788	0.01107	0.12871	0.70081	0.04486	0.01019	0.00471	0.00230	0.00357
7	0.00793	0.00397	0.00397	0.00397	0.00496	0.00397	0.00297	0.00991	0.00892	0.01586	0.01388	0.01586	0.01091	0.00496	0.00297	0.00099	0.00198	0.00397	0.87408	0.00397
8	0.00856	0.00679	0.00800	0.00629	0.00910	0.00577	0.00498	0.03113	0.02973	0.04900	0.04270	0.03133	0.13715	0.00695	0.05672	0.00131	0.03048	0.00427	0.02339	0.50636
9	0.00834	0.03283	0.09323	0.03799	0.12824	0.04386	0.05057	0.01075	0.06445	0.01147	0.01168	0.08123	0.02530	0.12276	0.15124	0.04531	0.05790	0.01567	0.00249	0.00468
10	0.00793	0.00397	0.00397	0.00397	0.00496	0.00397	0.00297	0.00991	0.00892	0.01586	0.01388	0.01586	0.01091	0.00496	0.00297	0.00099	0.00198	0.00397	0.87408	0.00397
11	0.05145	0.25985	0.13015	0.03749	0.04690	0.31844	0.05882	0.02918	0.01023	0.01177	0.00679	0.00809	0.00557	0.00404	0.00360	0.00113	0.00612	0.00288	0.00207	0.00542
12	0.00912	0.00847	0.01424	0.18088	0.49629	0.00880	0.02311	0.01149	0.00935	0.01296	0.02593	0.10205	0.01070	0.00555	0.00450	0.00140	0.00479	0.06220	0.00244	0.00573
13	0.01174	0.00558	0.00695	0.00612	0.00794	0.00513	0.00469	0.04661	0.01041	0.33418	0.01942	0.19380	0.08553	0.06025	0.00541	0.00152	0.00299	0.00638	0.18019	0.00517
14	0.00733	0.00474	0.00687	0.00654	0.00703	0.00516	0.02062	0.03919	0.00682	0.00937	0.00995	0.02787	0.02432	0.06985	0.26537	0.43573	0.04371	0.00437	0.00220	0.00297
15	0.01018	0.00932	0.07305	0.09474	0.09408	0.00760	0.04273	0.07092	0.01000	0.07353	0.00876	0.02209	0.00691	0.00386	0.00371	0.00098	0.00415	0.00330	0.00269	0.45740
16	0.82099	0.00813	0.00631	0.00562	0.00820	0.00939	0.00462	0.03153	0.00762	0.01913	0.00638	0.00739	0.00495	0.00402	0.00269	0.00130	0.00327	0.00241	0.04140	0.00464
17	0.00805	0.00471	0.00681	0.04412	0.04476	0.00490	0.00477	0.03800	0.03930	0.00922	0.00810	0.01284	0.00759	0.01283	0.01420	0.70621	0.00383	0.00376	0.02335	0.00266
18	0.01260	0.44826	0.12792	0.00911	0.01272	0.21979	0.00874	0.09345	0.01068	0.01226	0.00674	0.00767	0.00563	0.00403	0.00334	0.00105	0.00558	0.00266	0.00215	0.00562
19	0.07641	0.02681	0.00791	0.00667	0.00879	0.02712	0.00526	0.09425	0.11916	0.06674	0.09781	0.06676	0.14657	0.00785	0.02564	0.02947	0.00342	0.03967	0.03642	0.10726

[dist]
# distance from previous block
# <min> <max>
9	17

[block]
# block no. 2 follows, 62 sequences, length 28
# corresponding to MSA columns:
# 549-558,601-618
name=unknown_C
#
# <colnr> <probs for GDERKNQSTAVLIFYWHMCP>
#	G	D	E	R	K	N	Q	S	T	A	V	L	I	F	Y	W	H	M	C	P
0	0.23166	0.00869	0.00892	0.00710	0.01007	0.02997	0.00572	0.17629	0.01093	0.06906	0.00919	0.05200	0.00754	0.00462	0.00375	0.00109	0.02731	0.00342	0.02825	0.30443
1	0.00563	0.00534	0.04752	0.00544	0.00674	0.00439	0.00430	0.00705	0.02533	0.01161	0.07652	0.18691	0.46950	0.06922	0.03192	0.00184	0.02464	0.00864	0.00369	0.00376
2	0.01062	0.25596	0.20714	0.07190	0.02364	0.08164	0.02363	0.05575	0.03923	0.03150	0.00810	0.02170	0.00661	0.00540	0.03805	0.00138	0.02586	0.00322	0.00228	0.08638
3	0.00590	0.00423	0.00548	0.00564	0.00608	0.00439	0.00388	0.00671	0.00724	0.00987	0.05225	0.16356	0.07056	0.32975	0.30090	0.00437	0.00616	0.00687	0.00289	0.00328
4	0.03172	0.05060	0.04781	0.02331	0.01111	0.04150	0.00609	0.06676	0.00968	0.01443	0.00789	0.02450	0.00660	0.00364	0.00333	0.00079	0.00370	0.00284	0.00258	0.64113
5	0.88052	0.00823	0.00625	0.00560	0.00823	0.00955	0.00461	0.01251	0.00724	0.01909	0.00592	0.00691	0.00461	0.00395	0.00263	0.00132	0.00329	0.00230	0.00263	0.00461
6	0.00597	0.00460	0.00550	0.00533	0.00653	0.00426	0.00405	0.00819	0.05393	0.01499	0.47557	0.05449	0.28451	0.00946	0.00504	0.00141	0.00223	0.04557	0.00438	0.00401
7	0.00616	0.00463	0.00673	0.00661	0.00732	0.00505	0.02781	0.00744	0.00735	0.01040	0.04813	0.12799	0.03383	0.13740	0.50246	0.00506	0.02073	0.00599	0.02526	0.00367
8	0.00532	0.00430	0.00472	0.00465	0.00593	0.00371	0.00348	0.00665	0.01033	0.01307	0.26506	0.06067	0.57672	0.01025	0.00504	0.00142	0.00212	0.00870	0.00416	0.00371
9	0.02342	0.05332	0.08274	0.01733	0.32156	0.02768	0.20397	0.01246	0.00954	0.04010	0.01110	0.09896	0.03037	0.00527	0.00467	0.00138	0.02160	0.02625	0.00248	0.00580
10	0.00757	0.00894	0.18509	0.00776	0.00992	0.02739	0.00715	0.00976	0.02871	0.05353	0.01716	0.43022	0.01850	0.00925	0.00496	0.00151	0.02076	0.05364	0.02255	0.07563
11	0.01200	0.48000	0.11206	0.00948	0.01300	0.21301	0.05604	0.01383	0.00953	0.01073	0.00642	0.00763	0.00552	0.00398	0.00364	0.00107	0.03203	0.00270	0.00193	0.00542
12	0.00626	0.00410	0.00469	0.00469	0.00469	0.00410	0.00264	0.00615	0.00615	0.00820	0.01307	0.02701	0.01502	0.80360	0.02138	0.05302	0.00410	0.00605	0.00254	0.00254
13	0.00518	0.00386	0.00483	0.00556	0.00609	0.00350	0.00380	0.00603	0.00861	0.01120	0.05419	0.64605	0.20036	0.01262	0.00533	0.00165	0.00239	0.01128	0.00397	0.00350
14	0.01435	0.03250	0.01224	0.03617	0.03114	0.16074	0.00801	0.42412	0.20048	0.02060	0.01095	0.01102	0.00814	0.00504	0.00416	0.00128	0.00496	0.00382	0.00372	0.00657
15	0.01057	0.08354	0.24129	0.01158	0.09284	0.02819	0.05925	0.10031	0.07872	0.05711	0.03544	0.04811	0.00920	0.00504	0.00451	0.00129	0.03789	0.01795	0.00280	0.07436
16	0.02462	0.21375	0.22724	0.02416	0.05951	0.09075	0.01949	0.06660	0.07326	0.06941	0.01728	0.02644	0.00762	0.00501	0.01300	0.01757	0.00513	0.00348	0.02982	0.00583
17	0.00868	0.05007	0.78218	0.01229	0.03678	0.01012	0.01537	0.01344	0.00899	0.01337	0.00759	0.00895	0.00542	0.00402	0.00400	0.00133	0.00620	0.00313	0.00180	0.00627
18	0.13878	0.01334	0.33675	0.02881	0.01361	0.00869	0.02379	0.04922	0.05119	0.15519	0.01292	0.02579	0.07575	0.00517	0.00420	0.00136	0.02150	0.00404	0.02403	0.00587
19	0.01122	0.08767	0.25011	0.06903	0.15789	0.04885	0.05251	0.06883	0.04586	0.10668	0.03514	0.01192	0.00829	0.00458	0.00414	0.00130	0.00526	0.02183	0.00271	0.00616
20	0.02193	0.05447	0.18401	0.02012	0.06637	0.04024	0.12123	0.14348	0.04115	0.07459	0.04421	0.05007	0.04461	0.01730	0.00488	0.00141	0.02759	0.03346	0.00303	0.00584
21	0.00536	0.00389	0.00509	0.00597	0.00633	0.00367	0.00405	0.00644	0.02824	0.01124	0.04395	0.77410	0.04640	0.01294	0.00539	0.00171	0.00250	0.02518	0.00398	0.00356
22	0.00615	0.00474	0.00620	0.02250	0.03630	0.00450	0.00547	0.00769	0.00961	0.01231	0.07116	0.16334	0.26944	0.01111	0.00542	0.00170	0.00313	0.35149	0.00387	0.00387
23	0.01166	0.08509	0.08511	0.03329	0.31772	0.12876	0.08845	0.05057	0.04371	0.05887	0.00939	0.01089	0.02059	0.00425	0.00408	0.00124	0.00540	0.00374	0.03109	0.00610
24	0.17118	0.13775	0.04180	0.02814	0.03042	0.18314	0.02751	0.07139	0.01037	0.14066	0.00894	0.02039	0.00702	0.02679	0.00459	0.00131	0.04806	0.00333	0.03175	0.00546
25	0.00531	0.00398	0.00496	0.00562	0.00626	0.00362	0.00398	0.00630	0.00889	0.01155	0.07989	0.54256	0.22340	0.01230	0.00534	0.00165	0.00246	0.06439	0.00400	0.00356
26	0.01131	0.77565	0.07531	0.00770	0.01148	0.03838	0.00786	0.01290	0.00876	0.01025	0.00605	0.00699	0.00546	0.00369	0.00285	0.00094	0.00475	0.00235	0.00183	0.00550
27	0.02524	0.12095	0.23845	0.01936	0.04989	0.06669	0.03271	0.17918	0.01177	0.09509	0.03527	0.04780	0.00876	0.00535	0.01267	0.00135	0.02675	0.01372	0.00293	0.00605

[dist]
# distance from previous block
# <min> <max>
0	1

[block]
# block no. 3 follows, 62 sequences, length 13
# corresponding to MSA columns:
# 620-632
name=unknown_D
#
# <colnr> <probs for GDERKNQSTAVLIFYWHMCP>
#	G	D	E	R	K	N	Q	S	T	A	V	L	I	F	Y	W	H	M	C	P
0	0.00597	0.00441	0.00558	0.00615	0.00695	0.00418	0.00463	0.03395	0.00951	0.01243	0.09003	0.42955	0.16899	0.01187	0.00539	0.00168	0.00278	0.18816	0.00401	0.00376
1	0.06284	0.00797	0.00949	0.02645	0.01098	0.00669	0.02780	0.05467	0.02905	0.04735	0.00824	0.00931	0.00657	0.00349	0.00333	0.00079	0.00344	0.00280	0.00275	0.67598
2	0.00739	0.00370	0.00554	0.00554	0.00554	0.00370	0.00370	0.00554	0.00554	0.00739	0.00739	0.01293	0.00739	0.01478	0.01663	0.87620	0.00370	0.00370	0.00185	0.00185
3	0.01039	0.52993	0.16555	0.00911	0.03158	0.01381	0.05711	0.01311	0.04708	0.01179	0.03998	0.00932	0.00747	0.00406	0.00332	0.00107	0.00479	0.00303	0.03189	0.00561
4	0.02382	0.00641	0.00746	0.00694	0.02231	0.02075	0.01875	0.04488	0.12297	0.08059	0.07701	0.18577	0.21567	0.00839	0.00484	0.00140	0.02233	0.02092	0.02812	0.08069
5	0.01618	0.01192	0.01277	0.00979	0.01320	0.01320	0.00809	0.80973	0.02001	0.02682	0.01022	0.01022	0.00724	0.00511	0.00426	0.00128	0.00468	0.00383	0.00426	0.00724
6	0.01004	0.01148	0.02511	0.01793	0.02224	0.01076	0.80846	0.01363	0.01004	0.01363	0.00861	0.01148	0.00646	0.00359	0.00502	0.00143	0.00717	0.00502	0.00215	0.00574
7	0.01618	0.01192	0.01277	0.00979	0.01320	0.01320	0.00809	0.80973	0.02001	0.02682	0.01022	0.01022	0.00724	0.00511	0.00426	0.00128	0.00468	0.00383	0.00426	0.00724
8	0.88052	0.00823	0.00625	0.00560	0.00823	0.00955	0.00461	0.01251	0.00724	0.01909	0.00592	0.00691	0.00461	0.00395	0.00263	0.00132	0.00329	0.00230	0.00263	0.00461
9	0.00804	0.00756	0.01276	0.84023	0.02931	0.00945	0.01182	0.01087	0.00851	0.01087	0.00756	0.01134	0.00567	0.00425	0.00425	0.00142	0.00567	0.00378	0.00189	0.00473
10	0.00804	0.00756	0.01276	0.84023	0.02931	0.00945	0.01182	0.01087	0.00851	0.01087	0.00756	0.01134	0.00567	0.00425	0.00425	0.00142	0.00567	0.00378	0.00189	0.00473
11	0.01053	0.01011	0.01727	0.02612	0.82392	0.01011	0.01306	0.01306	0.00969	0.01390	0.00800	0.01053	0.00674	0.00379	0.00421	0.00126	0.00505	0.00379	0.00211	0.00674
12	0.01007	0.01139	0.02463	0.01843	0.07112	0.01072	0.75997	0.01360	0.01002	0.01365	0.00857	0.01142	0.00647	0.00360	0.00497	0.00142	0.00704	0.00495	0.00215	0.00580

[dist]
# distance from previous block
# <min> <max>
0	7

[block]
# block no. 4 follows, 62 sequences, length 37
# corresponding to MSA columns:
# 640-676
name=unknown_E
#
# <colnr> <probs for GDERKNQSTAVLIFYWHMCP>
#	G	D	E	R	K	N	Q	S	T	A	V	L	I	F	Y	W	H	M	C	P
0	0.01589	0.02028	0.01206	0.01096	0.01315	0.83338	0.00822	0.01699	0.01206	0.01041	0.00658	0.00767	0.00548	0.00438	0.00384	0.00110	0.00767	0.00274	0.00219	0.00493
1	0.00616	0.00423	0.00519	0.00519	0.00538	0.00442	0.00326	0.00654	0.00635	0.00865	0.01291	0.02508	0.01427	0.64717	0.22331	0.00480	0.00593	0.00578	0.00250	0.00288
2	0.88052	0.00823	0.00625	0.00560	0.00823	0.00955	0.00461	0.01251	0.00724	0.01909	0.00592	0.00691	0.00461	0.00395	0.00263	0.00132	0.00329	0.00230	0.00263	0.00461
3	0.00882	0.00756	0.00882	0.00630	0.01008	0.00567	0.00504	0.01071	0.00882	0.01387	0.00756	0.00882	0.00630	0.00315	0.00315	0.00063	0.00315	0.00252	0.00252	0.87647
4	0.01053	0.01011	0.01727	0.02612	0.82392	0.01011	0.01306	0.01306	0.00969	0.01390	0.00800	0.01053	0.00674	0.00379	0.00421	0.00126	0.00505	0.00379	0.00211	0.00674
5	0.00909	0.00606	0.00638	0.00594	0.00753	0.00658	0.00456	0.01495	0.32130	0.03424	0.06240	0.01677	0.01341	0.00550	0.00365	0.00119	0.00256	0.00452	0.46828	0.00511
6	0.01589	0.02028	0.01206	0.01096	0.01315	0.83338	0.00822	0.01699	0.01206	0.01041	0.00658	0.00767	0.00548	0.00438	0.00384	0.00110	0.00767	0.00274	0.00219	0.00493
7	0.00619	0.00413	0.00464	0.00464	0.00464	0.00413	0.00258	0.00619	0.00619	0.00825	0.01341	0.02785	0.01547	0.85046	0.02166	0.00413	0.00413	0.00619	0.00258	0.00258
8	0.01041	0.00998	0.01705	0.06687	0.78414	0.01008	0.01300	0.01295	0.00963	0.01375	0.00798	0.01057	0.00669	0.00381	0.00421	0.00127	0.00509	0.00379	0.00210	0.00664
9	0.01049	0.00998	0.01722	0.06822	0.71310	0.01010	0.05263	0.01304	0.00962	0.02689	0.00811	0.01066	0.00671	0.00390	0.00444	0.00129	0.02104	0.00386	0.00214	0.00655
10	0.00931	0.00905	0.01470	0.44699	0.28054	0.03503	0.06239	0.01248	0.04937	0.01238	0.00848	0.01184	0.00675	0.00427	0.00431	0.00137	0.00549	0.01758	0.00214	0.00553
11	0.00998	0.00954	0.01627	0.20682	0.64754	0.00996	0.01278	0.01257	0.00943	0.01323	0.00791	0.01071	0.00650	0.00389	0.00422	0.00130	0.00519	0.00379	0.00206	0.00629
12	0.00526	0.00391	0.00492	0.00565	0.00621	0.00357	0.00393	0.00618	0.00871	0.01132	0.05765	0.60499	0.19990	0.01253	0.00535	0.00166	0.00245	0.04830	0.00398	0.00353
13	0.00928	0.00869	0.01498	0.30299	0.16835	0.00925	0.17816	0.08087	0.01065	0.01445	0.14696	0.01461	0.01205	0.00486	0.00454	0.00137	0.00516	0.00472	0.00267	0.00541
14	0.00823	0.00728	0.02109	0.00679	0.00843	0.10339	0.00513	0.03967	0.00971	0.04038	0.05742	0.37851	0.07712	0.00899	0.00463	0.00136	0.00340	0.03119	0.01613	0.17117
15	0.85406	0.00820	0.00637	0.00566	0.00831	0.00944	0.00466	0.01276	0.00739	0.04390	0.00626	0.00714	0.00479	0.00399	0.00268	0.00132	0.00330	0.00236	0.00271	0.00469
16	0.01310	0.13740	0.01573	0.01274	0.10845	0.31177	0.11772	0.10920	0.07751	0.01375	0.00849	0.02343	0.00696	0.00450	0.00419	0.00121	0.02197	0.00358	0.00256	0.00572
17	0.00619	0.00413	0.00464	0.00464	0.00464	0.00413	0.00258	0.00619	0.00619	0.00825	0.01341	0.02785	0.01547	0.85046	0.02166	0.00413	0.00413	0.00619	0.00258	0.00258
18	0.03118	0.12586	0.10135	0.05140	0.14022	0.23707	0.04842	0.03553	0.02427	0.08412	0.00993	0.01099	0.04074	0.00451	0.00390	0.00120	0.00554	0.00354	0.03460	0.00566
19	0.88052	0.00823	0.00625	0.00560	0.00823	0.00955	0.00461	0.01251	0.00724	0.01909	0.00592	0.00691	0.00461	0.00395	0.00263	0.00132	0.00329	0.00230	0.00263	0.00461
20	0.00619	0.00413	0.00464	0.00464	0.00464	0.00413	0.00258	0.00619	0.00619	0.00825	0.01341	0.02785	0.01547	0.85046	0.02166	0.00413	0.00413	0.00619	0.00258	0.00258
21	0.00882	0.00756	0.00882	0.00630	0.01008	0.00567	0.00504	0.01071	0.00882	0.01387	0.00756	0.00882	0.00630	0.00315	0.00315	0.00063	0.00315	0.00252	0.00252	0.87647
22	0.04382	0.02809	0.10208	0.06455	0.31974	0.00907	0.08449	0.03596	0.01017	0.16535	0.02232	0.03392	0.02133	0.00455	0.00422	0.00130	0.00484	0.00416	0.00286	0.03719
23	0.05251	0.00672	0.00716	0.00635	0.00785	0.00718	0.00466	0.16581	0.14053	0.02768	0.02839	0.04522	0.04733	0.29695	0.01008	0.00226	0.00360	0.00527	0.11745	0.01698
24	0.01228	0.00998	0.01057	0.00900	0.01171	0.01137	0.00714	0.26074	0.57535	0.02053	0.01517	0.01416	0.01125	0.00557	0.00431	0.00139	0.00377	0.00451	0.00431	0.00689
25	0.00971	0.01190	0.16725	0.13012	0.37144	0.00982	0.14836	0.01280	0.00940	0.03028	0.00867	0.04031	0.00712	0.00430	0.00454	0.00136	0.02021	0.00418	0.00216	0.00607
26	0.00640	0.00432	0.00505	0.00504	0.00523	0.00441	0.00309	0.02235	0.00671	0.00909	0.01366	0.05011	0.01534	0.69873	0.09530	0.00414	0.00472	0.02413	0.01932	0.00287
27	0.00565	0.00423	0.00524	0.00521	0.00618	0.00382	0.00382	0.00722	0.01083	0.01470	0.50259	0.17419	0.22075	0.00998	0.00509	0.00143	0.00212	0.00875	0.00439	0.00382
28	0.00996	0.01130	0.02443	0.04700	0.02227	0.01076	0.76407	0.01346	0.00992	0.01346	0.00851	0.01143	0.00641	0.00369	0.00517	0.00144	0.02395	0.00495	0.00214	0.00568
29	0.01006	0.31872	0.22831	0.10169	0.09963	0.02455	0.12380	0.01309	0.02059	0.01202	0.00730	0.00905	0.00584	0.00386	0.00375	0.00120	0.00557	0.00325	0.00194	0.00578
30	0.00942	0.00898	0.01527	0.38799	0.47071	0.00982	0.01251	0.01209	0.00916	0.01255	0.00781	0.01089	0.00627	0.00400	0.00423	0.00133	0.00533	0.00379	0.00201	0.00585
31	0.00602	0.00406	0.00469	0.00485	0.00489	0.00402	0.00280	0.00614	0.00651	0.00868	0.01505	0.16211	0.01754	0.71336	0.01900	0.00373	0.00385	0.00716	0.00280	0.00272
32	0.02935	0.08360	0.13946	0.10775	0.22825	0.08546	0.01053	0.11967	0.01100	0.07937	0.00892	0.02396	0.00696	0.00447	0.00416	0.00127	0.01962	0.00362	0.02653	0.00607
33	0.03407	0.10062	0.24813	0.01219	0.05378	0.10456	0.14351	0.10370	0.09228	0.03992	0.00899	0.01006	0.00676	0.00434	0.00424	0.00129	0.01928	0.00362	0.00258	0.00609
34	0.00639	0.00600	0.05648	0.00579	0.00725	0.02715	0.00473	0.00860	0.03537	0.01526	0.53968	0.03099	0.19536	0.03576	0.00544	0.00145	0.00257	0.00741	0.00421	0.00413
35	0.02520	0.20560	0.08472	0.00833	0.05114	0.02223	0.00714	0.05981	0.00966	0.05005	0.00818	0.03189	0.00685	0.00390	0.00337	0.00091	0.00401	0.00300	0.00254	0.41146
36	0.00562	0.00481	0.03367	0.00614	0.01986	0.00405	0.00459	0.00683	0.00901	0.01168	0.07377	0.39417	0.26226	0.04138	0.00585	0.00171	0.00276	0.10431	0.00384	0.00370

[dist]
# distance from previous block
# <min> <max>
0	21

[block]
# block no. 5 follows, 62 sequences, length 53
# corresponding to MSA columns:
# 698-750
name=unknown_F
#
# <colnr> <probs for GDERKNQSTAVLIFYWHMCP>
#	G	D	E	R	K	N	Q	S	T	A	V	L	I	F	Y	W	H	M	C	P
0	0.00537	0.00385	0.00514	0.00611	0.00646	0.00362	0.00427	0.00626	0.00836	0.01109	0.02373	0.74129	0.04327	0.01310	0.00547	0.00175	0.00263	0.10076	0.00395	0.00351
1	0.01116	0.03680	0.13145	0.09695	0.34307	0.07531	0.06905	0.05493	0.01014	0.06324	0.00827	0.01027	0.00647	0.00430	0.00482	0.00132	0.06028	0.00369	0.00233	0.00615
2	0.29070	0.33001	0.01406	0.00783	0.01062	0.21663	0.00673	0.01379	0.02215	0.01315	0.00626	0.00731	0.00532	0.00410	0.00343	0.00113	0.03703	0.00250	0.00222	0.00505
3	0.00616	0.00425	0.00527	0.00527	0.00549	0.00447	0.00337	0.00659	0.00638	0.00872	0.01283	0.02464	0.01408	0.61482	0.25540	0.00491	0.00622	0.00572	0.00249	0.00293
4	0.02254	0.01081	0.09029	0.05154	0.12223	0.00960	0.43463	0.01220	0.00932	0.01295	0.01041	0.02756	0.03964	0.04284	0.01988	0.01308	0.03933	0.02349	0.00226	0.00542
5	0.01019	0.00867	0.00925	0.00832	0.01059	0.00991	0.00646	0.03666	0.71151	0.01790	0.10607	0.01752	0.01588	0.00608	0.00440	0.00143	0.00324	0.00511	0.00437	0.00644
6	0.00526	0.00432	0.00463	0.00455	0.00589	0.00369	0.00342	0.00655	0.01025	0.01279	0.22444	0.03881	0.64004	0.01029	0.00503	0.00141	0.00212	0.00868	0.00412	0.00369
7	0.00853	0.02201	0.82841	0.01213	0.01842	0.00988	0.01572	0.01348	0.00898	0.01348	0.00764	0.00898	0.00539	0.00404	0.00404	0.00135	0.00629	0.00314	0.00180	0.00629
8	0.00989	0.01174	0.05628	0.01747	0.02177	0.01058	0.76119	0.01347	0.00996	0.01357	0.00887	0.02812	0.00685	0.00380	0.00499	0.00144	0.00704	0.00509	0.00217	0.00571
9	0.00793	0.00397	0.00397	0.00397	0.00496	0.00397	0.00297	0.00991	0.00892	0.01586	0.01388	0.01586	0.01091	0.00496	0.00297	0.00099	0.00198	0.00397	0.87408	0.00397
10	0.01491	0.01118	0.01196	0.00941	0.01253	0.01243	0.00766	0.65587	0.14314	0.02469	0.01144	0.01179	0.00845	0.03844	0.00495	0.00141	0.00446	0.00408	0.00420	0.00698
11	0.00518	0.00370	0.00494	0.00592	0.00617	0.00346	0.00395	0.00592	0.00815	0.01086	0.02345	0.84768	0.02814	0.01333	0.00543	0.00173	0.00247	0.01210	0.00395	0.00346
12	0.00853	0.02201	0.82841	0.01213	0.01842	0.00988	0.01572	0.01348	0.00898	0.01348	0.00764	0.00898	0.00539	0.00404	0.00404	0.00135	0.00629	0.00314	0.00180	0.00629
13	0.00608	0.00456	0.00684	0.00684	0.00760	0.00532	0.00532	0.00760	0.00684	0.00988	0.01140	0.01672	0.01064	0.03191	0.83360	0.00684	0.01140	0.00456	0.00228	0.00380
14	0.01151	0.57869	0.05084	0.04506	0.01214	0.11421	0.00775	0.03011	0.05864	0.01119	0.00793	0.00879	0.02532	0.00412	0.00317	0.00103	0.00488	0.00281	0.01636	0.00544
15	0.00957	0.00803	0.00929	0.02000	0.01072	0.00663	0.00550	0.08629	0.04161	0.01519	0.00820	0.00927	0.00664	0.00346	0.00332	0.00074	0.00334	0.00275	0.00275	0.74670
16	0.01111	0.05486	0.19067	0.02570	0.07138	0.05123	0.04701	0.14620	0.06589	0.09495	0.01351	0.10674	0.05026	0.00594	0.00431	0.00135	0.00468	0.01731	0.03102	0.00587
17	0.00886	0.00852	0.01375	0.53283	0.27100	0.03028	0.01172	0.01148	0.00901	0.01181	0.00926	0.01232	0.04239	0.00441	0.00427	0.00136	0.00538	0.00399	0.00206	0.00530
18	0.88052	0.00823	0.00625	0.00560	0.00823	0.00955	0.00461	0.01251	0.00724	0.01909	0.00592	0.00691	0.00461	0.00395	0.00263	0.00132	0.00329	0.00230	0.00263	0.00461
19	0.01873	0.00783	0.01024	0.00785	0.01115	0.00712	0.00648	0.11936	0.01316	0.72686	0.01597	0.01395	0.01012	0.00525	0.00428	0.00131	0.00375	0.00422	0.00514	0.00724
20	0.01574	0.01157	0.01257	0.00973	0.01294	0.01287	0.00802	0.74832	0.01910	0.04028	0.01041	0.02668	0.00764	0.00536	0.00466	0.00131	0.03756	0.00400	0.00417	0.00706
21	0.00503	0.00431	0.00431	0.00431	0.00575	0.00359	0.00323	0.00611	0.00970	0.01149	0.04310	0.04095	0.82219	0.01078	0.00503	0.00144	0.00216	0.00898	0.00395	0.00359
22	0.01131	0.83386	0.04089	0.00739	0.01109	0.01668	0.00748	0.01276	0.00865	0.01009	0.00596	0.00688	0.00546	0.00365	0.00276	0.00092	0.00459	0.00230	0.00182	0.00548
23	0.00949	0.00799	0.00914	0.00684	0.02360	0.02687	0.00534	0.02388	0.00921	0.04108	0.00789	0.00903	0.00644	0.00329	0.00324	0.00069	0.00334	0.00263	0.00262	0.79740
24	0.00931	0.00931	0.01303	0.01117	0.01117	0.01303	0.00931	0.01024	0.00652	0.01024	0.00559	0.00931	0.00559	0.00745	0.01396	0.00186	0.84267	0.00372	0.00186	0.00465
25	0.00529	0.00432	0.00467	0.00458	0.00591	0.00370	0.00344	0.00661	0.01031	0.01294	0.24570	0.03856	0.61869	0.01024	0.00503	0.00141	0.00212	0.00865	0.00414	0.00370
26	0.01138	0.85302	0.02230	0.00728	0.01092	0.01684	0.00728	0.01274	0.00865	0.01001	0.00592	0.00683	0.00546	0.00364	0.00273	0.00091	0.00455	0.00228	0.00182	0.00546
27	0.01138	0.85302	0.02230	0.00728	0.01092	0.01684	0.00728	0.01274	0.00865	0.01001	0.00592	0.00683	0.00546	0.00364	0.00273	0.00091	0.00455	0.00228	0.00182	0.00546
28	0.00793	0.00397	0.00397	0.00397	0.00496	0.00397	0.00297	0.00991	0.00892	0.01586	0.01388	0.01586	0.01091	0.00496	0.00297	0.00099	0.00198	0.00397	0.87408	0.00397
29	0.00739	0.00370	0.00554	0.00554	0.00554	0.00370	0.00370	0.00554	0.00554	0.00739	0.00739	0.01293	0.00739	0.01478	0.01663	0.87620	0.00370	0.00370	0.00185	0.00185
30	0.00525	0.00432	0.00462	0.00454	0.00588	0.00369	0.00341	0.00654	0.01022	0.01274	0.21770	0.03889	0.64682	0.01031	0.00503	0.00141	0.00212	0.00869	0.00412	0.00369
31	0.00739	0.00370	0.00554	0.00554	0.00554	0.00370	0.00370	0.00554	0.00554	0.00739	0.00739	0.01293	0.00739	0.01478	0.01663	0.87620	0.00370	0.00370	0.00185	0.00185
32	0.88052	0.00823	0.00625	0.00560	0.00823	0.00955	0.00461	0.01251	0.00724	0.01909	0.00592	0.00691	0.00461	0.00395	0.00263	0.00132	0.00329	0.00230	0.00263	0.00461
33	0.00863	0.04970	0.80155	0.01197	0.01817	0.01011	0.01544	0.01345	0.00897	0.01336	0.00758	0.00891	0.00539	0.00403	0.00400	0.00133	0.00623	0.00312	0.00180	0.00626
34	0.00804	0.00756	0.01276	0.84023	0.02931	0.00945	0.01182	0.01087	0.00851	0.01087	0.00756	0.01134	0.00567	0.00425	0.00425	0.00142	0.00567	0.00378	0.00189	0.00473
35	0.00520	0.00432	0.00455	0.00449	0.00585	0.00367	0.00337	0.00644	0.01011	0.01247	0.17923	0.03935	0.68546	0.01041	0.00503	0.00142	0.00213	0.00876	0.00408	0.00367
36	0.00604	0.00437	0.00547	0.00521	0.00631	0.00395	0.00390	0.00781	0.01145	0.03050	0.62657	0.05998	0.19424	0.00920	0.00502	0.00137	0.00208	0.00803	0.00453	0.00397
37	0.01072	0.00921	0.00970	0.00869	0.01112	0.01065	0.00677	0.04229	0.79633	0.01803	0.01714	0.01573	0.01285	0.00576	0.00433	0.00144	0.00340	0.00479	0.00433	0.00675
38	0.00598	0.00432	0.00565	0.00538	0.00635	0.00399	0.00401	0.00794	0.01187	0.01679	0.78610	0.06815	0.03961	0.00891	0.00504	0.00136	0.00203	0.00789	0.00465	0.00399
39	0.01591	0.01991	0.01209	0.01091	0.01316	0.79682	0.00822	0.05232	0.01241	0.01114	0.00674	0.00779	0.00556	0.00442	0.00386	0.00110	0.00754	0.00279	0.00228	0.00504
40	0.00618	0.00397	0.00478	0.00510	0.00579	0.00376	0.00360	0.00755	0.00926	0.01361	0.19845	0.35233	0.07326	0.03869	0.00517	0.00150	0.00227	0.00841	0.25264	0.00370
41	0.00601	0.00443	0.00618	0.00655	0.00728	0.00416	0.04008	0.00734	0.02948	0.03190	0.04301	0.61940	0.09841	0.01205	0.00534	0.00168	0.00279	0.06619	0.00393	0.00379
42	0.41727	0.00956	0.00932	0.00754	0.01055	0.01057	0.00621	0.32468	0.02732	0.12577	0.00920	0.00933	0.00654	0.00460	0.00351	0.00130	0.00388	0.00320	0.00363	0.00601
43	0.01188	0.76079	0.02116	0.00769	0.01117	0.10727	0.00738	0.01321	0.00902	0.01006	0.00599	0.00692	0.00546	0.00372	0.00285	0.00093	0.00490	0.00233	0.00186	0.00540
44	0.01552	0.01094	0.01189	0.00931	0.01252	0.01200	0.00763	0.61293	0.12715	0.09976	0.01187	0.01150	0.00840	0.00521	0.00424	0.00130	0.00435	0.00401	0.02238	0.00710
45	0.00646	0.00447	0.00583	0.00549	0.00658	0.00411	0.00418	0.00843	0.01189	0.04403	0.73830	0.03213	0.06381	0.00877	0.00503	0.00136	0.00214	0.03824	0.00465	0.00411
46	0.00518	0.00370	0.00494	0.00592	0.00617	0.00346	0.00395	0.00592	0.00815	0.01086	0.02345	0.84768	0.02814	0.01333	0.00543	0.00173	0.00247	0.01210	0.00395	0.00346
47	0.01086	0.00928	0.00978	0.00871	0.01117	0.01071	0.00680	0.06125	0.77714	0.01824	0.01697	0.01560	0.01271	0.00574	0.00433	0.00144	0.00343	0.00476	0.00433	0.00676
48	0.00619	0.00442	0.00610	0.00708	0.00777	0.00433	0.00570	0.00767	0.00914	0.01199	0.02290	0.36515	0.02594	0.01238	0.00570	0.00187	0.00334	0.48467	0.00393	0.00373
49	0.01127	0.00990	0.01002	0.02536	0.03018	0.07496	0.00700	0.09372	0.57416	0.03205	0.04314	0.01591	0.04177	0.00580	0.00433	0.00139	0.00383	0.00475	0.00407	0.00641
50	0.00871	0.00769	0.02645	0.11709	0.07048	0.02275	0.00673	0.01093	0.03175	0.03476	0.04092	0.04800	0.01995	0.04144	0.05651	0.00148	0.01489	0.00389	0.00265	0.43290
51	0.00743	0.00663	0.00759	0.00734	0.00808	0.09803	0.00557	0.00863	0.00735	0.00978	0.01101	0.04208	0.01082	0.13489	0.53916	0.00526	0.07947	0.00473	0.00233	0.00382
52	0.00995	0.07780	0.04571	0.21172	0.12746	0.07736	0.03073	0.07994	0.05904	0.01321	0.03033	0.03316	0.06647	0.01895	0.01545	0.00148	0.08899	0.00435	0.00257	0.00532

[dist]
# distance from previous block
# <min> <max>
2	12

[block]
# block no. 6 follows, 62 sequences, length 9
# corresponding to MSA columns:
# 763-771
name=unknown_G
#
# <colnr> <probs for GDERKNQSTAVLIFYWHMCP>
#	G	D	E	R	K	N	Q	S	T	A	V	L	I	F	Y	W	H	M	C	P
0	0.00965	0.00915	0.01547	0.26547	0.41024	0.00997	0.06847	0.03526	0.00935	0.01304	0.00805	0.01105	0.00655	0.00503	0.02869	0.00152	0.06118	0.00390	0.02217	0.00580
1	0.00608	0.00456	0.00684	0.00684	0.00760	0.00532	0.00532	0.00760	0.00684	0.00988	0.01140	0.01672	0.01064	0.03191	0.83360	0.00684	0.01140	0.00456	0.00228	0.00380
2	0.01589	0.02028	0.01206	0.01096	0.01315	0.83338	0.00822	0.01699	0.01206	0.01041	0.00658	0.00767	0.00548	0.00438	0.00384	0.00110	0.00767	0.00274	0.00219	0.00493
3	0.00531	0.00394	0.00524	0.03555	0.00702	0.00376	0.00422	0.00619	0.00825	0.01088	0.02427	0.70403	0.10348	0.01356	0.04095	0.00191	0.00294	0.01117	0.00380	0.00353
4	0.01042	0.30404	0.04876	0.00903	0.04332	0.08057	0.02080	0.01238	0.04471	0.04260	0.00988	0.03124	0.04192	0.03717	0.05316	0.00165	0.14234	0.00372	0.02483	0.03745
5	0.00881	0.13993	0.00917	0.00655	0.00804	0.00771	0.00520	0.13880	0.01002	0.01404	0.01413	0.23213	0.01427	0.05073	0.09197	0.02279	0.02047	0.02431	0.17644	0.00448
6	0.00947	0.00542	0.00698	0.00612	0.00785	0.00492	0.00478	0.03981	0.01186	0.20411	0.46377	0.05300	0.08096	0.00795	0.00479	0.00135	0.00263	0.03882	0.00461	0.04079
7	0.04654	0.06746	0.15862	0.00953	0.03807	0.08261	0.03306	0.11623	0.05661	0.10199	0.00954	0.01035	0.00719	0.00500	0.02360	0.00128	0.02454	0.00337	0.03882	0.16559
8	0.01105	0.02750	0.17125	0.04429	0.07017	0.15756	0.05182	0.08668	0.16556	0.01436	0.01059	0.01210	0.02860	0.03976	0.00554	0.00144	0.06316	0.00391	0.00273	0.03192

[dist]
# distance from previous block
# <min> <max>
4	106

[block]
# block no. 7 follows, 62 sequences, length 55
# corresponding to MSA columns:
# 880-934
name=unknown_H
#
# <colnr> <probs for GDERKNQSTAVLIFYWHMCP>
#	G	D	E	R	K	N	Q	S	T	A	V	L	I	F	Y	W	H	M	C	P
0	0.04377	0.10632	0.08589	0.05301	0.03345	0.09863	0.01702	0.07530	0.06285	0.08321	0.07661	0.04405	0.04962	0.03411	0.01427	0.00138	0.00445	0.01452	0.02421	0.07731
1	0.02099	0.13839	0.10116	0.02180	0.03033	0.07344	0.02677	0.01119	0.03427	0.03293	0.05394	0.05170	0.04219	0.11873	0.05550	0.00193	0.01420	0.04938	0.02836	0.09283
2	0.04714	0.14187	0.12739	0.03117	0.11850	0.07617	0.04610	0.07074	0.01016	0.02575	0.04532	0.06419	0.05230	0.01914	0.00427	0.00126	0.00468	0.01827	0.00265	0.09293
3	0.05923	0.37038	0.03970	0.03320	0.02285	0.19456	0.02536	0.03189	0.00935	0.01123	0.00773	0.00975	0.02226	0.04239	0.04928	0.01239	0.03767	0.00307	0.00213	0.01556
4	0.00843	0.04845	0.02786	0.02660	0.11243	0.01757	0.02982	0.01064	0.03783	0.06563	0.21769	0.02240	0.18067	0.02414	0.01963	0.00140	0.02023	0.00570	0.00344	0.11945
5	0.00658	0.00488	0.00583	0.00551	0.00679	0.00461	0.00415	0.02258	0.07493	0.03516	0.48389	0.07694	0.23389	0.00910	0.00496	0.00139	0.00226	0.00789	0.00444	0.00423
6	0.00563	0.00430	0.00518	0.00508	0.00618	0.00384	0.00379	0.00722	0.01090	0.01460	0.47861	0.09716	0.30852	0.00982	0.00507	0.00141	0.00213	0.02239	0.00436	0.00383
7	0.00795	0.00745	0.01253	0.81567	0.02863	0.00928	0.01159	0.01073	0.00850	0.01087	0.00803	0.03597	0.00633	0.00452	0.00429	0.00143	0.00558	0.00403	0.00195	0.00469
8	0.00521	0.00416	0.00466	0.00486	0.00594	0.00362	0.00352	0.00633	0.00964	0.01212	0.14743	0.24164	0.51366	0.01112	0.00513	0.00150	0.00221	0.00958	0.00405	0.00362
9	0.00917	0.00742	0.00874	0.00635	0.00999	0.00563	0.00506	0.01101	0.00895	0.05057	0.00851	0.03680	0.00722	0.00358	0.00328	0.00070	0.00315	0.00292	0.00269	0.80828
10	0.00671	0.00479	0.00669	0.00767	0.00858	0.00477	0.00660	0.00856	0.00965	0.01257	0.02261	0.11927	0.02481	0.01189	0.00584	0.00194	0.00379	0.72548	0.00392	0.00388
11	0.00851	0.00730	0.00845	0.00614	0.00973	0.00550	0.00489	0.01034	0.00889	0.01367	0.01047	0.01145	0.07293	0.00377	0.00330	0.00070	0.00307	0.00305	0.00264	0.80519
12	0.01187	0.01103	0.12574	0.34057	0.05937	0.09147	0.02129	0.04640	0.01038	0.19941	0.02424	0.01170	0.00753	0.00456	0.00419	0.00133	0.00533	0.00379	0.01404	0.00573
13	0.11177	0.00802	0.01139	0.51726	0.09886	0.04910	0.00991	0.01095	0.00860	0.01211	0.00938	0.11658	0.00849	0.00533	0.00419	0.00141	0.00502	0.00461	0.00228	0.00475
14	0.01618	0.01192	0.01277	0.00979	0.01320	0.01320	0.00809	0.80973	0.02001	0.02682	0.01022	0.01022	0.00724	0.00511	0.00426	0.00128	0.00468	0.00383	0.00426	0.00724
15	0.00518	0.00372	0.00492	0.00589	0.00616	0.00346	0.00393	0.00593	0.00818	0.01088	0.02393	0.82813	0.04739	0.01327	0.00542	0.00172	0.00246	0.01202	0.00395	0.00346
16	0.00563	0.00419	0.00531	0.00604	0.00676	0.00390	0.00455	0.00677	0.00893	0.01147	0.02768	0.41708	0.21669	0.03071	0.00581	0.00177	0.00283	0.22638	0.00391	0.00360
17	0.00581	0.00433	0.00541	0.00517	0.00624	0.00392	0.00386	0.00761	0.01151	0.01585	0.65410	0.05180	0.19027	0.00920	0.00503	0.00137	0.00205	0.00804	0.00453	0.00392
18	0.00565	0.00411	0.00542	0.00629	0.00688	0.00388	0.00470	0.00677	0.00879	0.01147	0.02541	0.52749	0.11690	0.01259	0.00551	0.00176	0.00285	0.23598	0.00394	0.00360
19	0.00696	0.00527	0.00723	0.00700	0.00791	0.00611	0.00540	0.03438	0.07946	0.01108	0.01180	0.01680	0.01082	0.07654	0.62866	0.02666	0.03184	0.00460	0.01741	0.00408
20	0.75287	0.04217	0.00762	0.02871	0.02890	0.04176	0.00528	0.01281	0.00766	0.03236	0.00624	0.00728	0.00486	0.00398	0.00279	0.00129	0.00362	0.00243	0.00260	0.00476
21	0.01127	0.01296	0.26491	0.00935	0.01367	0.02281	0.03929	0.13004	0.02686	0.12214	0.00977	0.02964	0.00734	0.00432	0.00390	0.00112	0.00463	0.00350	0.00296	0.27953
22	0.01672	0.00773	0.00988	0.00759	0.01085	0.00696	0.00622	0.10131	0.03801	0.58344	0.04371	0.01397	0.01078	0.00511	0.00416	0.00123	0.00360	0.00414	0.00475	0.11983
23	0.00804	0.00756	0.01276	0.84023	0.02931	0.00945	0.01182	0.01087	0.00851	0.01087	0.00756	0.01134	0.00567	0.00425	0.00425	0.00142	0.00567	0.00378	0.00189	0.00473
24	0.00608	0.00455	0.00677	0.00677	0.00751	0.00528	0.00524	0.00756	0.00682	0.00983	0.01146	0.01704	0.01078	0.05607	0.80964	0.00676	0.01118	0.00461	0.00229	0.00376
25	0.04194	0.14080	0.09906	0.01332	0.11255	0.06414	0.19607	0.05594	0.00959	0.02985	0.00846	0.02661	0.02096	0.00505	0.00594	0.02474	0.13324	0.00391	0.00227	0.00554
26	0.00716	0.00380	0.00551	0.00551	0.00555	0.00385	0.00365	0.00575	0.00570	0.00765	0.00840	0.01506	0.00861	0.12176	0.06726	0.71246	0.00422	0.00406	0.00197	0.00206
27	0.00837	0.03695	0.72233	0.01162	0.01731	0.00951	0.03358	0.01288	0.00905	0.01337	0.03254	0.05680	0.00772	0.00468	0.00415	0.00136	0.00593	0.00381	0.00201	0.00603
28	0.00931	0.00931	0.01303	0.01117	0.01117	0.01303	0.00931	0.01024	0.00652	0.01024	0.00559	0.00931	0.00559	0.00745	0.01396	0.00186	0.84267	0.00372	0.00186	0.00465
29	0.01209	0.00851	0.01170	0.08987	0.01351	0.00891	0.12091	0.27611	0.03110	0.11321	0.01267	0.08004	0.01021	0.00561	0.00425	0.00132	0.00427	0.02113	0.16879	0.00578
30	0.00577	0.00434	0.00534	0.00509	0.00620	0.00391	0.00382	0.00754	0.01145	0.01566	0.62540	0.03409	0.23730	0.00922	0.00502	0.00136	0.00204	0.00802	0.00450	0.00391
31	0.00541	0.00391	0.00521	0.00597	0.00635	0.00372	0.00406	0.00622	0.00796	0.01074	0.02147	0.71265	0.02537	0.04805	0.08584	0.00229	0.00341	0.01088	0.00370	0.02679
32	0.00804	0.00756	0.01276	0.84023	0.02931	0.00945	0.01182	0.01087	0.00851	0.01087	0.00756	0.01134	0.00567	0.00425	0.00425	0.00142	0.00567	0.00378	0.00189	0.00473
33	0.00896	0.05702	0.67722	0.01208	0.01776	0.01029	0.07113	0.03241	0.00924	0.01362	0.00777	0.00925	0.00563	0.00413	0.00430	0.00134	0.02850	0.00329	0.01993	0.00614
34	0.01138	0.85302	0.02230	0.00728	0.01092	0.01684	0.00728	0.01274	0.00865	0.01001	0.00592	0.00683	0.00546	0.00364	0.00273	0.00091	0.00455	0.00228	0.00182	0.00546
35	0.00533	0.00432	0.00472	0.00462	0.00593	0.00372	0.00347	0.00668	0.01040	0.01316	0.27569	0.03821	0.58857	0.01016	0.00503	0.00141	0.00211	0.00860	0.00417	0.00372
36	0.01064	0.02620	0.01140	0.05227	0.12657	0.06878	0.04322	0.07879	0.24589	0.05329	0.04788	0.07056	0.04192	0.03278	0.00535	0.00147	0.04314	0.00505	0.02907	0.00574
37	0.07961	0.04549	0.21256	0.01010	0.01402	0.02588	0.04357	0.38540	0.07372	0.03072	0.00993	0.03264	0.00748	0.00490	0.00408	0.00131	0.00495	0.00382	0.00332	0.00649
38	0.00807	0.00756	0.01264	0.79280	0.04414	0.00937	0.01159	0.01102	0.02289	0.01105	0.00806	0.02809	0.00627	0.00445	0.00428	0.00142	0.00556	0.00397	0.00198	0.00478
39	0.00804	0.00756	0.01276	0.84023	0.02931	0.00945	0.01182	0.01087	0.00851	0.01087	0.00756	0.01134	0.00567	0.00425	0.00425	0.00142	0.00567	0.00378	0.00189	0.00473
40	0.00585	0.00430	0.00547	0.00528	0.00627	0.00392	0.00392	0.00765	0.01148	0.01596	0.67209	0.09503	0.12836	0.00929	0.00505	0.00138	0.00206	0.00818	0.00454	0.00392
41	0.00829	0.00407	0.00415	0.00408	0.00514	0.00404	0.00308	0.01026	0.00903	0.04161	0.01397	0.01582	0.01089	0.00497	0.00302	0.00100	0.00203	0.00398	0.84650	0.00407
42	0.00517	0.00396	0.00475	0.00531	0.00603	0.00353	0.00369	0.00610	0.00891	0.01141	0.07150	0.51290	0.31711	0.01217	0.00526	0.00160	0.00233	0.01074	0.00399	0.00353
43	0.01909	0.00724	0.00987	0.00757	0.01086	0.00625	0.00625	0.02074	0.01218	0.82687	0.01679	0.01448	0.01053	0.00527	0.00428	0.00132	0.00362	0.00428	0.00527	0.00724
44	0.00608	0.00455	0.00677	0.00677	0.00751	0.00528	0.00524	0.00756	0.00682	0.00983	0.01146	0.01704	0.01078	0.05603	0.80967	0.00676	0.01118	0.00461	0.00229	0.00376
