[name]
unknown

[dist]
# distance from previous block
# <min> <max>
14	84

[block]
# block no. 0 follows, 56 sequences, length 44
# corresponding to MSA columns:
# 120-163
name=unknown_A
#
# <colnr> <probs for GDERKNQSTAVLIFYWHMCP>
#	G	D	E	R	K	N	Q	S	T	A	V	L	I	F	Y	W	H	M	C	P
0	0.02489	0.03017	0.02798	0.05720	0.16323	0.06558	0.11723	0.07438	0.03786	0.04658	0.04022	0.07326	0.03022	0.04031	0.05455	0.00186	0.00560	0.01901	0.00306	0.08679
1	0.05144	0.10463	0.07738	0.10474	0.20862	0.05435	0.05085	0.06771	0.05311	0.02963	0.00997	0.03951	0.00845	0.00623	0.03747	0.00162	0.02491	0.02041	0.00270	0.04629
2	0.03623	0.10481	0.07539	0.08928	0.20221	0.09116	0.06679	0.13326	0.06695	0.03001	0.00982	0.03602	0.00798	0.00499	0.00465	0.00139	0.02559	0.00416	0.00285	0.00648
3	0.03044	0.07139	0.13988	0.01411	0.19717	0.12775	0.01031	0.12775	0.03732	0.03885	0.02892	0.03984	0.00934	0.06149	0.00581	0.00156	0.01982	0.00426	0.00291	0.03110
4	0.01040	0.02577	0.36288	0.08742	0.25978	0.02157	0.01403	0.04454	0.01039	0.02747	0.00911	0.02556	0.00728	0.00471	0.00465	0.00142	0.02109	0.01738	0.00233	0.04221
5	0.05280	0.03977	0.03166	0.01539	0.28019	0.03498	0.01972	0.11258	0.07502	0.03074	0.00943	0.01090	0.00754	0.00452	0.00466	0.00124	0.04574	0.00369	0.00292	0.21649
6	0.06779	0.02671	0.00749	0.00682	0.02290	0.05214	0.01768	0.03274	0.07175	0.01472	0.13002	0.06033	0.38623	0.02864	0.00543	0.00156	0.00327	0.03431	0.00400	0.02547
7	0.22896	0.05921	0.09574	0.01002	0.05471	0.05608	0.02098	0.13947	0.15217	0.06864	0.01073	0.01154	0.00818	0.02892	0.00453	0.00146	0.00469	0.00374	0.00341	0.03682
8	0.03043	0.02174	0.00847	0.00679	0.00945	0.03333	0.00525	0.03020	0.04164	0.10707	0.07995	0.09570	0.12610	0.05688	0.00550	0.00138	0.00345	0.00569	0.00371	0.32729
9	0.09288	0.00578	0.00674	0.00661	0.00786	0.00601	0.00493	0.03482	0.06073	0.01324	0.01945	0.15321	0.12059	0.13820	0.18715	0.03220	0.00541	0.05760	0.00340	0.04320
10	0.51735	0.03084	0.01070	0.02638	0.18522	0.01056	0.00757	0.06204	0.00977	0.09010	0.00824	0.00934	0.00626	0.00442	0.00351	0.00140	0.00417	0.00316	0.00304	0.00593
11	0.00752	0.00445	0.00631	0.00629	0.00676	0.00456	0.00445	0.00726	0.00730	0.03285	0.04449	0.06883	0.05558	0.08070	0.23095	0.41447	0.00600	0.00548	0.00266	0.00308
12	0.02162	0.00515	0.00585	0.00566	0.00656	0.00504	0.00389	0.03663	0.02675	0.05994	0.07432	0.09786	0.13511	0.37050	0.01295	0.00279	0.00355	0.03187	0.09002	0.00393
13	0.00570	0.00408	0.00539	0.00640	0.00671	0.00382	0.00433	0.00654	0.00883	0.01172	0.02533	0.75872	0.04587	0.04236	0.00647	0.00196	0.00278	0.04507	0.00421	0.00372
14	0.00564	0.00406	0.00532	0.00631	0.00665	0.00378	0.00425	0.00646	0.00886	0.01173	0.02612	0.76419	0.06920	0.03214	0.00623	0.00191	0.00271	0.02647	0.00423	0.00372
15	0.08984	0.00719	0.00801	0.00732	0.00932	0.00741	0.00576	0.13867	0.10208	0.08179	0.12183	0.14704	0.16305	0.00909	0.00505	0.00159	0.00337	0.08177	0.00444	0.00538
16	0.00597	0.00468	0.00515	0.00513	0.00646	0.00407	0.00381	0.00728	0.01070	0.02435	0.18675	0.08114	0.54830	0.05505	0.00641	0.00171	0.00250	0.03223	0.00435	0.00396
17	0.00952	0.00816	0.00952	0.00680	0.01088	0.00612	0.00544	0.01156	0.00952	0.01496	0.00816	0.00952	0.00680	0.00340	0.00340	0.00068	0.00340	0.00272	0.00272	0.86672
18	0.02108	0.00527	0.00631	0.00582	0.00745	0.00474	0.00444	0.01019	0.03025	0.12804	0.35688	0.06741	0.31527	0.00973	0.00527	0.00150	0.00254	0.00832	0.00478	0.00471
19	0.10772	0.00898	0.00955	0.00813	0.01077	0.00971	0.00645	0.20373	0.25311	0.10545	0.06206	0.04235	0.10621	0.02073	0.00489	0.00152	0.00371	0.00551	0.02301	0.00640
20	0.01390	0.00970	0.01066	0.00905	0.01191	0.01068	0.00719	0.15759	0.48171	0.15884	0.01703	0.01580	0.01234	0.00596	0.00456	0.00147	0.00384	0.00485	0.05564	0.00728
21	0.00662	0.00443	0.00502	0.00508	0.00510	0.00441	0.00286	0.00666	0.00679	0.00905	0.01505	0.07321	0.01742	0.79449	0.02243	0.00431	0.00436	0.00702	0.00286	0.00283
22	0.46842	0.00792	0.00757	0.00660	0.00923	0.00846	0.00533	0.04229	0.02340	0.19075	0.01358	0.05609	0.05566	0.02561	0.00420	0.00152	0.00354	0.02135	0.04297	0.00550
23	0.00559	0.00400	0.00533	0.00639	0.00666	0.00373	0.00426	0.00639	0.00879	0.01172	0.02530	0.83566	0.03036	0.01438	0.00586	0.00186	0.00266	0.01305	0.00426	0.00373
24	0.87108	0.00888	0.00675	0.00604	0.00888	0.01030	0.00497	0.01350	0.00781	0.02060	0.00639	0.00746	0.00497	0.00426	0.00284	0.00142	0.00355	0.00249	0.00284	0.00497
25	0.01008	0.00763	0.00814	0.00747	0.00943	0.00848	0.00575	0.04189	0.44339	0.01857	0.10074	0.04665	0.01683	0.00657	0.00437	0.00141	0.00307	0.00550	0.24802	0.00601
26	0.00797	0.00399	0.00598	0.00598	0.00598	0.00399	0.00399	0.00598	0.00598	0.00797	0.00797	0.01396	0.00797	0.01595	0.01794	0.86643	0.00399	0.00399	0.00199	0.00199
27	0.01084	0.01238	0.02709	0.01935	0.02399	0.01161	0.79334	0.01471	0.01084	0.01471	0.00929	0.01238	0.00697	0.00387	0.00542	0.00155	0.00774	0.00542	0.00232	0.00619
28	0.00653	0.00491	0.00608	0.00585	0.00704	0.00459	0.00439	0.00898	0.05108	0.01696	0.57938	0.08180	0.16931	0.00996	0.00543	0.00151	0.00234	0.02468	0.00484	0.00436
29	0.02189	0.00983	0.04919	0.08700	0.28253	0.00968	0.17761	0.01233	0.00945	0.01345	0.00983	0.01401	0.00843	0.01207	0.21050	0.00298	0.04023	0.02081	0.00234	0.00585
30	0.00867	0.00816	0.01377	0.82762	0.03162	0.01020	0.01275	0.01173	0.00918	0.01173	0.00816	0.01224	0.00612	0.00459	0.00459	0.00153	0.00612	0.00408	0.00204	0.00510
31	0.00918	0.00824	0.01363	0.22644	0.37484	0.00873	0.01098	0.01135	0.00953	0.01306	0.01224	0.16866	0.01211	0.00770	0.02355	0.04414	0.00514	0.03221	0.00265	0.00561
32	0.01071	0.01080	0.05448	0.06007	0.31839	0.02682	0.21511	0.02629	0.02691	0.04723	0.03886	0.04979	0.04926	0.03804	0.00563	0.00158	0.00568	0.00532	0.00278	0.00626
33	0.00797	0.00477	0.03780	0.00627	0.00654	0.00424	0.00450	0.00633	0.00619	0.00832	0.00840	0.03367	0.00843	0.01546	0.01712	0.81147	0.00407	0.00418	0.00205	0.00222
34	0.01136	0.01091	0.01863	0.02818	0.81002	0.01091	0.01409	0.01409	0.01045	0.01500	0.00864	0.01136	0.00727	0.00409	0.00455	0.00136	0.00545	0.00409	0.00227	0.00727
35	0.00805	0.01393	0.36632	0.02889	0.01371	0.03953	0.01045	0.01163	0.05393	0.01339	0.01659	0.35663	0.03051	0.00881	0.00502	0.00162	0.00485	0.00765	0.00312	0.00538
36	0.10306	0.16676	0.18466	0.01339	0.06775	0.15041	0.18350	0.02846	0.01052	0.02809	0.00796	0.00962	0.00624	0.00430	0.00430	0.00134	0.01763	0.00359	0.00233	0.00609
37	0.00584	0.00435	0.00622	0.00688	0.00735	0.00406	0.03532	0.00681	0.00904	0.01211	0.05607	0.77110	0.02996	0.01377	0.00582	0.00184	0.00284	0.01256	0.00422	0.00385
38	0.00558	0.00460	0.00492	0.00509	0.00644	0.00394	0.00380	0.00678	0.01036	0.01261	0.07188	0.14213	0.64608	0.01193	0.00552	0.00161	0.00245	0.04609	0.00429	0.00389
39	0.01213	0.14251	0.27713	0.04186	0.20839	0.02527	0.02309	0.04173	0.01081	0.12922	0.01092	0.01196	0.03566	0.00472	0.00429	0.00135	0.00556	0.00389	0.00275	0.00675
40	0.03172	0.26562	0.15193	0.03053	0.15086	0.11653	0.02315	0.01411	0.03251	0.01312	0.01089	0.01484	0.03803	0.00538	0.00417	0.00134	0.00559	0.08123	0.00248	0.00597
41	0.00583	0.00422	0.00557	0.00657	0.00703	0.00396	0.00465	0.00684	0.00914	0.01204	0.02648	0.67699	0.07819	0.01397	0.00590	0.00188	0.00286	0.11980	0.00426	0.00381
42	0.01094	0.01520	0.25510	0.08355	0.20738	0.05925	0.14835	0.03097	0.04306	0.03178	0.00910	0.01130	0.00700	0.00508	0.01902	0.00157	0.04837	0.00411	0.00238	0.00650
43	0.01353	0.06886	0.08901	0.03913	0.10050	0.08059	0.01906	0.16086	0.14789	0.12115	0.01224	0.03856	0.00950	0.00655	0.02608	0.02650	0.02538	0.00440	0.00356	0.00665

[dist]
# distance from previous block
# <min> <max>
0	1

[block]
# block no. 1 follows, 56 sequences, length 49
# corresponding to MSA columns:
# 165-213
name=unknown_B
#
# <colnr> <probs for GDERKNQSTAVLIFYWHMCP>
#	G	D	E	R	K	N	Q	S	T	A	V	L	I	F	Y	W	H	M	C	P
0	0.00948	0.00917	0.01614	0.31658	0.28499	0.00983	0.12530	0.01220	0.00980	0.01325	0.01143	0.10134	0.03323	0.00565	0.00506	0.00152	0.02136	0.00541	0.00246	0.00579
1	0.01064	0.00834	0.00926	0.00861	0.02364	0.00909	0.00656	0.08780	0.42689	0.05706	0.05834	0.11324	0.11307	0.00808	0.00499	0.00158	0.00349	0.03846	0.00458	0.00628
2	0.05626	0.06859	0.02529	0.02810	0.12912	0.26303	0.02357	0.20846	0.06929	0.02810	0.00937	0.01042	0.00731	0.00497	0.00457	0.00133	0.03187	0.00367	0.02026	0.00641
3	0.01298	0.00876	0.02367	0.05361	0.02547	0.00876	0.09002	0.15093	0.05701	0.21550	0.01739	0.10011	0.05880	0.04119	0.00624	0.00170	0.04048	0.07710	0.00415	0.00616
4	0.01144	0.10994	0.27370	0.01045	0.04826	0.02470	0.02104	0.04018	0.04307	0.11324	0.05524	0.01249	0.02249	0.00477	0.00414	0.00122	0.00495	0.00382	0.00301	0.19186
5	0.01033	0.00829	0.00970	0.00702	0.01103	0.00647	0.00563	0.03006	0.02966	0.05730	0.00901	0.01006	0.00724	0.00364	0.00352	0.00076	0.00347	0.00291	0.00297	0.78095
6	0.00643	0.00552	0.02704	0.02131	0.01816	0.00482	0.02196	0.00825	0.01128	0.01508	0.37101	0.05214	0.32763	0.03072	0.02373	0.00171	0.01254	0.01785	0.01853	0.00426
7	0.01152	0.27485	0.22353	0.00966	0.01422	0.07391	0.02955	0.03759	0.02330	0.03752	0.00813	0.00922	0.00648	0.00411	0.00371	0.00109	0.00530	0.00304	0.00242	0.22087
8	0.00603	0.00444	0.00574	0.00649	0.00700	0.00424	0.00456	0.00697	0.00893	0.01182	0.02538	0.58571	0.09414	0.07924	0.00742	0.00205	0.02106	0.09406	0.00406	0.02066
9	0.00940	0.00806	0.00938	0.00674	0.01074	0.00605	0.00538	0.01141	0.00955	0.01489	0.00928	0.01053	0.03021	0.00364	0.00346	0.00071	0.00337	0.00292	0.00277	0.84152
10	0.02541	0.12994	0.36554	0.01185	0.05864	0.02430	0.02281	0.05076	0.08373	0.08435	0.01072	0.05423	0.00854	0.00532	0.00480	0.00143	0.04409	0.00415	0.00281	0.00656
11	0.01415	0.50133	0.04348	0.00937	0.01290	0.25406	0.00846	0.06819	0.01134	0.02933	0.00721	0.00813	0.00614	0.00432	0.00349	0.00109	0.00595	0.00279	0.00234	0.00592
12	0.00623	0.04055	0.00626	0.00617	0.00672	0.00463	0.00421	0.00707	0.00873	0.01167	0.07358	0.55009	0.04331	0.15864	0.03096	0.00237	0.00331	0.01066	0.00387	0.02096
13	0.02990	0.13282	0.22918	0.01103	0.02756	0.11987	0.02613	0.19914	0.08155	0.01718	0.00988	0.02449	0.00786	0.02409	0.02783	0.00159	0.01661	0.00385	0.00297	0.00647
14	0.01083	0.17655	0.46955	0.01224	0.03738	0.03558	0.05402	0.01512	0.04222	0.05533	0.00909	0.01079	0.00694	0.00465	0.00448	0.00139	0.02719	0.01778	0.00233	0.00653
15	0.00560	0.00411	0.00525	0.00613	0.00660	0.00377	0.00415	0.00649	0.00915	0.01201	0.05105	0.69992	0.14125	0.01385	0.00579	0.00181	0.00260	0.01244	0.00428	0.00377
16	0.01253	0.11969	0.25207	0.04154	0.14970	0.08998	0.07270	0.06912	0.01131	0.10016	0.00958	0.02191	0.00733	0.00507	0.01657	0.00145	0.00612	0.00387	0.00270	0.00661
17	0.04681	0.16084	0.13406	0.05645	0.11929	0.09622	0.05326	0.12949	0.08097	0.04312	0.00942	0.01060	0.00728	0.00475	0.00449	0.00135	0.02852	0.00371	0.00285	0.00652
18	0.00731	0.00554	0.00811	0.01025	0.11325	0.00544	0.00709	0.00893	0.00980	0.01304	0.02212	0.31703	0.02474	0.01224	0.00628	0.02715	0.00384	0.38954	0.00392	0.00439
19	0.00920	0.04704	0.76893	0.01274	0.01926	0.01069	0.01634	0.01429	0.00966	0.01435	0.00867	0.03296	0.00651	0.00463	0.00436	0.00145	0.00661	0.00364	0.00200	0.00667
20	0.00657	0.00488	0.00719	0.00719	0.00794	0.00563	0.00550	0.00808	0.00732	0.01052	0.01247	0.01901	0.01190	0.09943	0.75604	0.00714	0.01166	0.00506	0.00249	0.00399
21	0.00851	0.00753	0.01257	0.41355	0.04497	0.00875	0.07866	0.02287	0.00923	0.01264	0.02400	0.02744	0.00938	0.01175	0.18658	0.00282	0.02518	0.02545	0.06316	0.00496
22	0.01004	0.00816	0.01069	0.10568	0.06660	0.00732	0.02388	0.02345	0.06666	0.05484	0.01104	0.07468	0.00948	0.00485	0.00401	0.00106	0.00392	0.00417	0.03050	0.47897
23	0.00627	0.00468	0.00583	0.00560	0.00677	0.00424	0.00421	0.00819	0.01232	0.01690	0.61421	0.05394	0.20475	0.01003	0.00544	0.00149	0.00225	0.02380	0.00485	0.00422
24	0.01070	0.01056	0.03574	0.20170	0.40163	0.04214	0.01209	0.02839	0.08375	0.01445	0.01033	0.01281	0.02567	0.00534	0.01737	0.00154	0.05377	0.00427	0.02137	0.00639
25	0.00691	0.00477	0.00619	0.00584	0.00699	0.00437	0.00438	0.00894	0.01267	0.04622	0.70500	0.07499	0.07610	0.00961	0.00541	0.00147	0.00226	0.00848	0.00500	0.00440
26	0.00994	0.00976	0.03608	0.42757	0.29593	0.01052	0.04347	0.02625	0.05153	0.01385	0.02565	0.01258	0.00776	0.00459	0.00462	0.00147	0.00574	0.00427	0.00237	0.00607
27	0.87108	0.00888	0.00675	0.00604	0.00888	0.01030	0.00497	0.01350	0.00781	0.02060	0.00639	0.00746	0.00497	0.00426	0.00284	0.00142	0.00355	0.00249	0.00284	0.00497
28	0.01019	0.01374	0.22544	0.10016	0.15727	0.01131	0.10184	0.01529	0.14888	0.01471	0.02356	0.01234	0.00835	0.00525	0.00623	0.00156	0.13059	0.00431	0.00260	0.00640
29	0.00668	0.00445	0.00501	0.00501	0.00501	0.00445	0.00278	0.00668	0.00668	0.00890	0.01447	0.03004	0.01669	0.83866	0.02337	0.00445	0.00445	0.00668	0.00278	0.00278
30	0.00719	0.19792	0.00964	0.00659	0.00782	0.00713	0.00505	0.00818	0.00903	0.01153	0.02241	0.54255	0.08968	0.03275	0.00560	0.00170	0.00323	0.02409	0.00369	0.00423
31	0.00918	0.00877	0.01240	0.01089	0.01109	0.01199	0.00897	0.01034	0.00712	0.01095	0.00759	0.01203	0.00738	0.01460	0.21530	0.00334	0.62690	0.00424	0.00212	0.00479
32	0.01274	0.42987	0.21049	0.00980	0.01430	0.02787	0.01023	0.18625	0.03185	0.01590	0.00817	0.00898	0.00650	0.00445	0.00371	0.00120	0.00541	0.00312	0.00261	0.00655
33	0.03683	0.01091	0.01767	0.12070	0.58083	0.04618	0.06763	0.01380	0.01031	0.01450	0.00896	0.03457	0.00764	0.00446	0.00458	0.00140	0.00568	0.00434	0.00233	0.00668
34	0.00921	0.02375	0.81487	0.01309	0.01987	0.01066	0.01696	0.01454	0.00969	0.01454	0.00824	0.00969	0.00582	0.00436	0.00436	0.00145	0.00678	0.00339	0.00194	0.00678
35	0.00637	0.00458	0.00564	0.00612	0.00674	0.00437	0.00440	0.00736	0.00905	0.01178	0.06746	0.22779	0.15497	0.27034	0.01134	0.00265	0.00350	0.18807	0.00384	0.00361
36	0.00675	0.00521	0.00714	0.05868	0.00917	0.00567	0.00563	0.00867	0.04342	0.01217	0.06736	0.25516	0.07342	0.05647	0.28408	0.00378	0.03550	0.03828	0.01928	0.00418
37	0.00672	0.00476	0.00591	0.00631	0.00742	0.00434	0.00486	0.00814	0.01040	0.04857	0.11318	0.26757	0.28928	0.01216	0.00573	0.00176	0.00292	0.19145	0.00440	0.00414
38	0.83346	0.00883	0.00692	0.00613	0.00900	0.01014	0.00505	0.01389	0.00805	0.05566	0.00691	0.00782	0.00525	0.00432	0.00292	0.00142	0.00357	0.00258	0.00297	0.00510
39	0.00953	0.00830	0.00943	0.00691	0.01074	0.02598	0.00548	0.01150	0.00947	0.01458	0.00842	0.01023	0.00716	0.02129	0.03555	0.00103	0.00389	0.00289	0.00270	0.79493
40	0.00874	0.00822	0.01381	0.76170	0.07441	0.01008	0.01258	0.01173	0.00928	0.01193	0.00918	0.01302	0.02695	0.00474	0.00461	0.00152	0.00598	0.00423	0.00211	0.00519
41	0.08129	0.01137	0.01242	0.00967	0.01319	0.01227	0.00796	0.53411	0.06678	0.18521	0.01257	0.01206	0.00869	0.00550	0.00447	0.00140	0.00462	0.00417	0.00469	0.00756
42	0.00594	0.00411	0.00522	0.00601	0.00635	0.00388	0.00398	0.00676	0.00873	0.01188	0.04595	0.63320	0.05051	0.12344	0.00801	0.00214	0.00285	0.01144	0.05595	0.00366
43	0.00563	0.00455	0.00502	0.00535	0.00649	0.00400	0.00384	0.00695	0.02727	0.01243	0.05176	0.30514	0.52065	0.01238	0.00555	0.00165	0.00246	0.01068	0.00429	0.00391
44	0.03058	0.01008	0.15588	0.10778	0.11827	0.00797	0.04992	0.01135	0.02700	0.01500	0.22430	0.07804	0.06682	0.00798	0.02906	0.00169	0.02802	0.02161	0.00329	0.00536
45	0.03349	0.32044	0.09046	0.01032	0.04894	0.13317	0.02675	0.04406	0.02493	0.01329	0.00777	0.00956	0.00665	0.00454	0.00442	0.00116	0.06154	0.01540	0.00237	0.14074
46	0.48908	0.17795	0.04085	0.00841	0.02932	0.07166	0.03469	0.02566	0.00902	0.03398	0.00696	0.00817	0.00560	0.00442	0.00370	0.00134	0.03828	0.00282	0.00262	0.00545
47	0.16762	0.18102	0.11110	0.02385	0.10830	0.05645	0.03211	0.07950	0.03852	0.08067	0.04451	0.01184	0.00887	0.00494	0.00413	0.00135	0.01689	0.01912	0.00298	0.00621
48	0.13670	0.00902	0.02843	0.00840	0.02826	0.00848	0.00680	0.16835	0.01313	0.30966	0.03775	0.03644	0.05359	0.00585	0.00432	0.00135	0.00395	0.01700	0.00437	0.11814

[dist]
# distance from previous block
# <min> <max>
9	17

[block]
# block no. 2 follows, 56 sequences, length 31
# corresponding to MSA columns:
# 233-263
name=unknown_C
#
# <colnr> <probs for GDERKNQSTAVLIFYWHMCP>
#	G	D	E	R	K	N	Q	S	T	A	V	L	I	F	Y	W	H	M	C	P
0	0.03109	0.01188	0.01466	0.07585	0.01612	0.12546	0.17150	0.15219	0.17563	0.03238	0.02728	0.01576	0.06368	0.00586	0.00526	0.00149	0.04253	0.02170	0.00347	0.00621
1	0.87108	0.00888	0.00675	0.00604	0.00888	0.01030	0.00497	0.01350	0.00781	0.02060	0.00639	0.00746	0.00497	0.00426	0.00284	0.00142	0.00355	0.00249	0.00284	0.00497
2	0.00712	0.00518	0.00707	0.00704	0.00768	0.02783	0.00525	0.00794	0.00722	0.01003	0.01155	0.01807	0.01114	0.10046	0.58093	0.16466	0.00998	0.00485	0.00240	0.00363
3	0.00779	0.00671	0.00795	0.00794	0.00859	0.07613	0.02024	0.00886	0.02052	0.01156	0.03166	0.38805	0.01949	0.01540	0.13501	0.07681	0.10571	0.02556	0.02195	0.00407
4	0.00631	0.00467	0.00589	0.00562	0.00675	0.00425	0.00420	0.00828	0.01249	0.01730	0.66921	0.05889	0.15936	0.00987	0.00543	0.00147	0.00220	0.00865	0.00491	0.00425
5	0.00573	0.00466	0.00507	0.00497	0.00639	0.00400	0.00372	0.00717	0.01117	0.01408	0.25940	0.04142	0.59422	0.01100	0.00542	0.00152	0.00228	0.00930	0.00448	0.00400
6	0.01142	0.00986	0.01038	0.00934	0.01194	0.01142	0.00727	0.02440	0.80172	0.01920	0.01869	0.01713	0.01401	0.00623	0.00467	0.00156	0.00363	0.00519	0.00467	0.00727
7	0.00952	0.00816	0.00952	0.00680	0.01088	0.00612	0.00544	0.01156	0.00952	0.01496	0.00816	0.00952	0.00680	0.00340	0.00340	0.00068	0.00340	0.00272	0.00272	0.86672
8	0.00665	0.00444	0.00502	0.00505	0.00505	0.00443	0.00282	0.00667	0.00674	0.00898	0.01477	0.05289	0.01708	0.81528	0.02287	0.00438	0.00440	0.00686	0.00282	0.00281
9	0.01049	0.01022	0.01772	0.05355	0.56701	0.01026	0.10576	0.01316	0.01041	0.01458	0.03500	0.01504	0.07896	0.00503	0.00510	0.00143	0.03230	0.00486	0.00252	0.00660
10	0.00576	0.00419	0.00561	0.02562	0.00731	0.00396	0.00451	0.00675	0.00917	0.01224	0.07880	0.72164	0.05301	0.01370	0.00580	0.00182	0.00274	0.02931	0.00426	0.00382
11	0.01479	0.03161	0.25420	0.01098	0.03086	0.01094	0.02101	0.28846	0.03017	0.20542	0.02665	0.01237	0.00885	0.00595	0.02547	0.00156	0.00545	0.00412	0.00387	0.00726
12	0.09322	0.60417	0.06875	0.00854	0.01228	0.10791	0.00829	0.01424	0.00958	0.01200	0.00657	0.00767	0.00581	0.00416	0.00340	0.00110	0.02184	0.00260	0.00209	0.00578
13	0.01004	0.00980	0.03164	0.54574	0.06427	0.04195	0.04278	0.04920	0.13119	0.01396	0.00993	0.01269	0.00748	0.00483	0.00461	0.00150	0.00582	0.00425	0.00259	0.00575
14	0.17903	0.49343	0.03735	0.00930	0.06029	0.10875	0.00795	0.01421	0.00954	0.01320	0.00669	0.00784	0.00582	0.00409	0.00321	0.00112	0.00508	0.00265	0.00222	0.02823
15	0.00876	0.14116	0.28914	0.01036	0.04689	0.00912	0.04009	0.01152	0.00960	0.03036	0.03724	0.24467	0.03719	0.02953	0.00524	0.00160	0.00485	0.03424	0.00296	0.00547
16	0.00939	0.00831	0.02867	0.03258	0.05697	0.00861	0.00681	0.04716	0.37816	0.01738	0.15362	0.03973	0.17806	0.00775	0.00495	0.00152	0.00342	0.00658	0.00436	0.00598
17	0.00549	0.00465	0.00474	0.00472	0.00624	0.00390	0.00354	0.00671	0.01062	0.01276	0.09207	0.04359	0.76237	0.01149	0.00543	0.00154	0.00232	0.00961	0.00431	0.00390
18	0.00572	0.00408	0.00547	0.00653	0.00686	0.00384	0.00448	0.00661	0.00891	0.01186	0.02523	0.78150	0.03009	0.01427	0.00589	0.00188	0.00277	0.06598	0.00426	0.00376
19	0.00610	0.00468	0.00558	0.00536	0.00661	0.00416	0.00402	0.00789	0.01205	0.01618	0.52469	0.03797	0.32762	0.01022	0.00542	0.00148	0.00223	0.00882	0.00476	0.00416
20	0.01715	0.02188	0.01301	0.01183	0.01419	0.82022	0.00887	0.01833	0.01301	0.01124	0.00710	0.00828	0.00591	0.00473	0.00414	0.00118	0.00828	0.00296	0.00237	0.00532
21	0.00867	0.00816	0.01377	0.82762	0.03162	0.01020	0.01275	0.01173	0.00918	0.01173	0.00816	0.01224	0.00612	0.00459	0.00459	0.00153	0.00612	0.00408	0.00204	0.00510
22	0.87108	0.00888	0.00675	0.00604	0.00888	0.01030	0.00497	0.01350	0.00781	0.02060	0.00639	0.00746	0.00497	0.00426	0.00284	0.00142	0.00355	0.00249	0.00284	0.00497
23	0.00797	0.00399	0.00598	0.00598	0.00598	0.00399	0.00399	0.00598	0.00598	0.00797	0.00797	0.01396	0.00797	0.01595	0.01794	0.86643	0.00399	0.00399	0.00199	0.00199
24	0.00609	0.00464	0.00560	0.00544	0.00663	0.00415	0.00405	0.00785	0.01193	0.01606	0.51347	0.08115	0.29543	0.01040	0.00544	0.00150	0.00225	0.00902	0.00475	0.00415
25	0.01108	0.00951	0.03025	0.00852	0.03218	0.00835	0.00681	0.17443	0.01202	0.01770	0.03203	0.02604	0.00845	0.00450	0.00440	0.00097	0.04633	0.00349	0.00314	0.55981
26	0.01152	0.01109	0.03301	0.22012	0.17031	0.08762	0.11723	0.07240	0.07110	0.04959	0.01074	0.03195	0.00880	0.02529	0.02086	0.00166	0.02304	0.02477	0.00283	0.00607
27	0.01294	0.03284	0.01591	0.06332	0.39928	0.15391	0.02375	0.12716	0.06182	0.01625	0.02415	0.01193	0.00830	0.02279	0.00489	0.00142	0.00576	0.00408	0.00282	0.00668
28	0.00968	0.03857	0.02667	0.02742	0.12022	0.05394	0.08110	0.03770	0.00978	0.03719	0.01364	0.14576	0.01358	0.03536	0.12947	0.00257	0.09839	0.07948	0.03432	0.00519
29	0.03171	0.00892	0.02630	0.23006	0.37765	0.00920	0.02661	0.01221	0.01016	0.02702	0.08939	0.10631	0.01310	0.00593	0.00476	0.00148	0.00498	0.00549	0.00278	0.00594
30	0.01316	0.11904	0.05638	0.02649	0.15023	0.22518	0.00929	0.05603	0.02511	0.06163	0.03079	0.01076	0.00800	0.00533	0.02264	0.00134	0.03546	0.00352	0.00274	0.13688

[dist]
# distance from previous block
# <min> <max>
1	4

[block]
# block no. 3 follows, 56 sequences, length 29
# corresponding to MSA columns:
# 268-296
name=unknown_D
#
# <colnr> <probs for GDERKNQSTAVLIFYWHMCP>
#	G	D	E	R	K	N	Q	S	T	A	V	L	I	F	Y	W	H	M	C	P
0	0.02533	0.02236	0.11933	0.02138	0.10893	0.00893	0.16430	0.03384	0.04330	0.07089	0.01342	0.07742	0.04593	0.02076	0.02004	0.00157	0.02140	0.03677	0.00304	0.14107
1	0.07062	0.05317	0.15474	0.02925	0.15681	0.07469	0.06487	0.06228	0.01126	0.15717	0.01154	0.08589	0.00948	0.00547	0.00445	0.00140	0.00531	0.00465	0.00318	0.03376
2	0.50803	0.04453	0.00943	0.00753	0.01049	0.05269	0.00618	0.16505	0.07458	0.04018	0.00889	0.00949	0.00672	0.00474	0.00345	0.00138	0.00410	0.00316	0.03356	0.00580
3	0.01042	0.02595	0.05751	0.05703	0.09522	0.02825	0.48631	0.01390	0.02371	0.01420	0.01055	0.03740	0.00894	0.01379	0.00577	0.00159	0.03825	0.05268	0.01256	0.00597
4	0.00654	0.00522	0.00650	0.00597	0.00756	0.00463	0.03687	0.00844	0.02686	0.02849	0.30745	0.05151	0.43063	0.01020	0.00537	0.00151	0.00262	0.02547	0.00445	0.02369
5	0.01097	0.07997	0.27105	0.03273	0.12527	0.02388	0.12588	0.04636	0.13130	0.02910	0.01015	0.01144	0.00769	0.00451	0.00442	0.00137	0.00575	0.00399	0.00269	0.07149
6	0.52650	0.18402	0.08282	0.00789	0.03209	0.02795	0.00707	0.01430	0.02141	0.05059	0.00731	0.00825	0.00573	0.00430	0.00317	0.00133	0.00428	0.00274	0.00270	0.00555
7	0.01002	0.04145	0.40151	0.01169	0.05515	0.01026	0.02467	0.06275	0.15536	0.01644	0.07460	0.01426	0.03712	0.00531	0.00447	0.00140	0.00527	0.00436	0.00299	0.06092
8	0.00665	0.00514	0.00688	0.00640	0.00770	0.00478	0.03571	0.00899	0.03725	0.01676	0.55249	0.07747	0.16287	0.00984	0.00546	0.00152	0.00258	0.04241	0.00473	0.00439
9	0.01018	0.10250	0.60408	0.01234	0.03830	0.02694	0.01457	0.01518	0.05335	0.04356	0.03154	0.01080	0.00757	0.00461	0.00428	0.00140	0.00619	0.00359	0.00233	0.00668
10	0.00571	0.00435	0.00520	0.00570	0.00651	0.00391	0.00400	0.00677	0.00974	0.01254	0.10979	0.42158	0.30617	0.05068	0.00648	0.00184	0.00261	0.02836	0.00427	0.00381
11	0.00962	0.01047	0.11027	0.00876	0.01137	0.05047	0.01948	0.03411	0.32669	0.01707	0.19942	0.02284	0.12402	0.00735	0.00515	0.00151	0.02524	0.00610	0.00414	0.00593
12	0.78399	0.00862	0.00687	0.00609	0.00890	0.00983	0.00500	0.01390	0.00821	0.06753	0.00745	0.00835	0.00564	0.00439	0.00296	0.00141	0.00351	0.00269	0.03954	0.00511
13	0.00591	0.00458	0.00539	0.00538	0.00655	0.00405	0.00396	0.00746	0.01134	0.01492	0.37401	0.14717	0.37073	0.01103	0.00548	0.00155	0.00230	0.00954	0.00461	0.00405
14	0.00693	0.00558	0.00622	0.00607	0.00715	0.05158	0.00447	0.00874	0.01205	0.01640	0.55231	0.14859	0.11481	0.00995	0.00535	0.00149	0.00261	0.00871	0.02674	0.00426
15	0.00867	0.00816	0.01377	0.82762	0.03162	0.01020	0.01275	0.01173	0.00918	0.01173	0.00816	0.01224	0.00612	0.00459	0.00459	0.00153	0.00612	0.00408	0.00204	0.00510
16	0.00833	0.02667	0.01015	0.01122	0.13984	0.00682	0.04793	0.03088	0.03567	0.04094	0.05117	0.43264	0.02209	0.02709	0.00614	0.00176	0.03451	0.05743	0.00377	0.00494
17	0.13383	0.02533	0.01262	0.01056	0.03006	0.14881	0.04918	0.16663	0.16998	0.04119	0.01046	0.01122	0.00807	0.00537	0.00545	0.00142	0.10149	0.00387	0.00339	0.06107
18	0.00921	0.02375	0.81487	0.01309	0.01987	0.01066	0.01696	0.01454	0.00969	0.01454	0.00824	0.00969	0.00582	0.00436	0.00436	0.00145	0.00678	0.00339	0.00194	0.00678
19	0.04464	0.01290	0.06866	0.05588	0.19316	0.17057	0.03671	0.05887	0.09755	0.06765	0.05422	0.02728	0.01013	0.00509	0.00442	0.00133	0.00543	0.00424	0.00312	0.07816
20	0.00874	0.00816	0.01344	0.76376	0.03001	0.00988	0.01218	0.01172	0.00921	0.01198	0.00816	0.01203	0.00617	0.00450	0.00450	0.00146	0.00591	0.00397	0.00209	0.07213
21	0.04572	0.00832	0.00976	0.01979	0.01134	0.00672	0.00580	0.04120	0.01030	0.10725	0.00933	0.01023	0.00728	0.00379	0.00358	0.00083	0.00357	0.00300	0.00312	0.68907
22	0.01105	0.01058	0.01616	0.01193	0.01585	0.03801	0.28320	0.08905	0.08058	0.01660	0.04444	0.01237	0.00914	0.00432	0.00445	0.00118	0.00522	0.00427	0.00302	0.33858
23	0.00664	0.00446	0.00511	0.00514	0.00518	0.00448	0.00294	0.00673	0.00677	0.00905	0.01469	0.05296	0.01688	0.78209	0.05519	0.00449	0.00472	0.00679	0.00281	0.00286
24	0.06625	0.00732	0.00814	0.00776	0.00956	0.02310	0.00624	0.08958	0.17858	0.01771	0.20520	0.05289	0.08895	0.00910	0.00524	0.00165	0.00354	0.20948	0.00443	0.00527
25	0.03048	0.00828	0.01011	0.03150	0.02549	0.00686	0.02632	0.04015	0.02589	0.01548	0.02546	0.01230	0.00858	0.02325	0.00416	0.00095	0.00372	0.02996	0.00289	0.66817
26	0.01194	0.10119	0.08658	0.06847	0.37439	0.07198	0.02441	0.07100	0.04057	0.03542	0.00962	0.04433	0.00812	0.00492	0.00469	0.00138	0.02754	0.00421	0.00262	0.00663
27	0.01540	0.01860	0.01377	0.01258	0.04373	0.59062	0.03874	0.04760	0.01217	0.01217	0.00739	0.00918	0.00625	0.00601	0.02881	0.00150	0.12427	0.00334	0.00240	0.00545
28	0.01224	0.05574	0.07057	0.12922	0.22321	0.12632	0.07273	0.07682	0.02360	0.06080	0.02462	0.01370	0.04282	0.00517	0.00484	0.00141	0.02732	0.01981	0.00280	0.00626

[dist]
# distance from previous block
# <min> <max>
0	2

[block]
# block no. 4 follows, 56 sequences, length 6
# corresponding to MSA columns:
# 299-304
name=unknown_E
#
# <colnr> <probs for GDERKNQSTAVLIFYWHMCP>
#	G	D	E	R	K	N	Q	S	T	A	V	L	I	F	Y	W	H	M	C	P
0	0.21126	0.03301	0.01192	0.02684	0.14134	0.02600	0.02437	0.15216	0.03749	0.07896	0.07382	0.04129	0.01087	0.00548	0.00460	0.00138	0.03870	0.00430	0.00346	0.07274
1	0.30480	0.09363	0.01236	0.12748	0.06449	0.20223	0.00828	0.01481	0.00981	0.06096	0.00761	0.00921	0.00603	0.00469	0.00438	0.00137	0.05665	0.00314	0.00260	0.00548
2	0.00945	0.00707	0.00818	0.02847	0.00963	0.04032	0.02224	0.09865	0.06480	0.07716	0.19488	0.14889	0.17051	0.04489	0.00603	0.00169	0.00352	0.05421	0.00436	0.00504
3	0.00755	0.00418	0.00591	0.00591	0.00599	0.00426	0.00390	0.00635	0.00627	0.00844	0.00980	0.01782	0.01020	0.19487	0.09859	0.59580	0.00491	0.00466	0.00221	0.00237
4	0.00776	0.00570	0.00767	0.00735	0.00798	0.00622	0.02554	0.00914	0.03917	0.04554	0.04028	0.19479	0.01839	0.29901	0.11879	0.00345	0.10398	0.05193	0.00330	0.00403
5	0.00744	0.00531	0.00759	0.00738	0.00832	0.00608	0.00572	0.00941	0.03330	0.04330	0.04467	0.01873	0.01286	0.05920	0.64996	0.00625	0.03655	0.00507	0.02854	0.00434

[dist]
# distance from previous block
# <min> <max>
0	18

[block]
# block no. 5 follows, 56 sequences, length 21
# corresponding to MSA columns:
# 340-360
name=unknown_F
#
# <colnr> <probs for GDERKNQSTAVLIFYWHMCP>
#	G	D	E	R	K	N	Q	S	T	A	V	L	I	F	Y	W	H	M	C	P
0	0.00895	0.00863	0.01514	0.72997	0.05368	0.01035	0.08452	0.01207	0.00937	0.01210	0.00828	0.01223	0.00623	0.00451	0.00466	0.00153	0.00625	0.00420	0.00207	0.00526
1	0.01227	0.71949	0.09610	0.00856	0.01266	0.06327	0.00875	0.01408	0.00957	0.01117	0.00659	0.00763	0.00589	0.00401	0.00314	0.00104	0.00527	0.00257	0.00198	0.00594
2	0.00579	0.00419	0.00543	0.00611	0.00663	0.00388	0.00418	0.00687	0.00970	0.01304	0.18308	0.59993	0.08702	0.03365	0.00617	0.00182	0.00258	0.01171	0.00438	0.00384
3	0.01083	0.14877	0.19704	0.01189	0.05819	0.09854	0.09660	0.01384	0.02926	0.02364	0.03564	0.01136	0.00821	0.00718	0.07494	0.00180	0.05511	0.00377	0.00241	0.11098
4	0.01219	0.01177	0.11410	0.09135	0.13145	0.01029	0.22126	0.02946	0.12628	0.14965	0.01222	0.03498	0.00918	0.00505	0.00500	0.00150	0.01950	0.00485	0.00323	0.00669
5	0.00718	0.00513	0.00715	0.00821	0.00917	0.00510	0.00703	0.00914	0.01036	0.01350	0.02443	0.14437	0.02689	0.01288	0.00628	0.00208	0.00404	0.68863	0.00423	0.00417
6	0.01710	0.00845	0.01013	0.00799	0.01103	0.00830	0.00653	0.23509	0.01473	0.42103	0.01545	0.01467	0.01046	0.00556	0.00430	0.00133	0.00384	0.00441	0.19256	0.00704
7	0.01303	0.04114	0.35247	0.01414	0.12447	0.06265	0.06907	0.06170	0.02527	0.17625	0.01057	0.01136	0.00748	0.00467	0.00448	0.00141	0.00598	0.00390	0.00300	0.00696
8	0.00942	0.00717	0.02339	0.01091	0.14345	0.00714	0.00725	0.03834	0.04150	0.09615	0.13056	0.16269	0.09976	0.02837	0.07471	0.00215	0.06471	0.04322	0.00382	0.00530
9	0.06904	0.00785	0.00903	0.02601	0.01051	0.00818	0.00611	0.08682	0.22093	0.21894	0.06225	0.08223	0.05751	0.10553	0.00692	0.00186	0.00375	0.00594	0.00449	0.00611
10	0.47166	0.18815	0.09252	0.02689	0.02883	0.04987	0.04230	0.01386	0.00877	0.01672	0.00681	0.00815	0.00548	0.00428	0.00349	0.00134	0.02010	0.00282	0.00247	0.00547
11	0.01618	0.00864	0.01023	0.00835	0.01135	0.00876	0.00673	0.12753	0.23073	0.39047	0.01692	0.01559	0.01165	0.00577	0.00446	0.00141	0.00377	0.00467	0.10956	0.00723
12	0.01436	0.13005	0.16102	0.03181	0.01453	0.01140	0.03728	0.24718	0.02726	0.19249	0.01255	0.07829	0.00981	0.00576	0.00446	0.00140	0.00501	0.00465	0.00380	0.00688
13	0.00982	0.00974	0.08430	0.04030	0.01294	0.00702	0.02890	0.01223	0.00962	0.03766	0.00845	0.00991	0.00680	0.00370	0.00384	0.00085	0.01927	0.00299	0.00268	0.68898
14	0.08611	0.00520	0.00591	0.00560	0.00710	0.00492	0.00428	0.00883	0.01111	0.04712	0.35107	0.03350	0.32458	0.01165	0.07124	0.00196	0.00324	0.00787	0.00437	0.00434
15	0.00674	0.00454	0.00598	0.00611	0.00643	0.00476	0.00415	0.00716	0.00716	0.00977	0.01437	0.09177	0.01563	0.39010	0.26119	0.10974	0.00661	0.04179	0.00278	0.00323
16	0.00701	0.00457	0.00570	0.00609	0.00704	0.00411	0.00432	0.00805	0.00975	0.08574	0.05310	0.49692	0.23305	0.02873	0.00597	0.00178	0.00274	0.02678	0.00439	0.00415
17	0.01178	0.70865	0.15247	0.00870	0.01310	0.01695	0.00933	0.01388	0.00939	0.01141	0.00668	0.00774	0.00588	0.00400	0.00318	0.00106	0.00521	0.00261	0.00196	0.00604
18	0.01505	0.00677	0.00937	0.00794	0.01054	0.00599	0.02849	0.01673	0.01186	0.49762	0.02231	0.14277	0.08916	0.00834	0.00512	0.00159	0.00373	0.10520	0.00506	0.00635
19	0.01013	0.10793	0.01222	0.05142	0.12872	0.00974	0.02049	0.07740	0.19583	0.01654	0.14077	0.07173	0.06294	0.00700	0.00494	0.02252	0.00393	0.00576	0.04414	0.00586
20	0.11632	0.11959	0.06631	0.00806	0.01084	0.05156	0.00704	0.07553	0.04806	0.13708	0.09867	0.01588	0.03480	0.02681	0.14740	0.00245	0.00574	0.00449	0.00350	0.01986

[dist]
# distance from previous block
# <min> <max>
3	17

[block]
# block no. 6 follows, 56 sequences, length 38
# corresponding to MSA columns:
# 379-410,420-425
name=unknown_G
#
# <colnr> <probs for GDERKNQSTAVLIFYWHMCP>
#	G	D	E	R	K	N	Q	S	T	A	V	L	I	F	Y	W	H	M	C	P
0	0.02410	0.02145	0.03183	0.00674	0.00858	0.00576	0.00529	0.02117	0.07588	0.04003	0.25369	0.24318	0.08764	0.00927	0.00502	0.00146	0.00295	0.01701	0.00421	0.13474
1	0.01065	0.03643	0.07470	0.04312	0.03032	0.03969	0.05570	0.04512	0.06500	0.02557	0.00874	0.01051	0.00712	0.00480	0.00600	0.00121	0.15766	0.00351	0.00268	0.37145
2	0.35377	0.06918	0.08152	0.02051	0.03416	0.11541	0.18257	0.01433	0.00944	0.01606	0.00733	0.00915	0.00581	0.00446	0.00456	0.00143	0.05886	0.00343	0.00245	0.00556
3	0.48126	0.01059	0.15666	0.00765	0.01069	0.00897	0.00736	0.01252	0.00827	0.03871	0.00884	0.01248	0.00751	0.00819	0.06203	0.09038	0.00486	0.05532	0.00273	0.00497
4	0.00973	0.01104	0.15883	0.00800	0.01257	0.00698	0.00761	0.01238	0.00964	0.03448	0.00842	0.00970	0.00673	0.00363	0.00361	0.00084	0.00404	0.00289	0.00265	0.68623
5	0.00637	0.00480	0.00520	0.01577	0.01922	0.00432	0.00391	0.00806	0.02533	0.01399	0.11220	0.07476	0.51086	0.01007	0.00500	0.00146	0.00241	0.00847	0.16368	0.00412
6	0.63430	0.00888	0.00784	0.00658	0.00969	0.00961	0.00540	0.05277	0.00926	0.10376	0.00807	0.00875	0.00601	0.00437	0.00318	0.00133	0.00364	0.00282	0.00321	0.11053
7	0.55802	0.16474	0.01100	0.00753	0.02582	0.10731	0.00617	0.02818	0.00905	0.01763	0.00681	0.00791	0.00551	0.00430	0.00309	0.00130	0.00439	0.00264	0.02332	0.00526
8	0.01201	0.01414	0.02448	0.01796	0.02218	0.16150	0.64793	0.01538	0.01124	0.01406	0.00888	0.01162	0.00677	0.00403	0.00518	0.00148	0.00784	0.00496	0.00233	0.00603
9	0.01051	0.00890	0.00959	0.00868	0.01100	0.01011	0.00672	0.02148	0.65552	0.01906	0.16492	0.02031	0.01945	0.00681	0.00481	0.00154	0.00336	0.00577	0.00474	0.00672
10	0.00955	0.01218	0.16220	0.49105	0.07489	0.07278	0.02609	0.01296	0.02228	0.01279	0.02435	0.01274	0.02672	0.00481	0.00454	0.00147	0.00614	0.00413	0.01274	0.00556
11	0.00875	0.00805	0.00737	0.00688	0.00832	0.15571	0.00515	0.02497	0.01254	0.03095	0.47662	0.05907	0.14755	0.02126	0.00543	0.00147	0.00346	0.00752	0.00438	0.00453
12	0.17229	0.03582	0.05354	0.00943	0.01249	0.09676	0.02118	0.15806	0.31993	0.02802	0.02531	0.01283	0.00999	0.00588	0.01769	0.00153	0.00476	0.00414	0.00379	0.00656
13	0.00673	0.00572	0.00947	0.00880	0.01005	0.00535	0.15071	0.00822	0.00942	0.01245	0.02381	0.53522	0.09031	0.02756	0.00611	0.00185	0.00374	0.07638	0.00387	0.00422
14	0.00909	0.00882	0.01583	0.61812	0.02856	0.01010	0.15687	0.01211	0.00941	0.01232	0.00836	0.01220	0.00636	0.00473	0.00507	0.02619	0.00624	0.00427	0.00212	0.04322
15	0.01595	0.22339	0.01573	0.01085	0.01360	0.62301	0.00862	0.01720	0.01210	0.01113	0.00692	0.00805	0.00591	0.00453	0.00385	0.00113	0.00745	0.00283	0.00227	0.00546
16	0.00984	0.09804	0.70757	0.01255	0.01888	0.04706	0.01578	0.01463	0.00981	0.01405	0.00802	0.00942	0.00583	0.00434	0.00422	0.00140	0.00668	0.00329	0.00196	0.00664
17	0.01046	0.16415	0.01591	0.01127	0.01200	0.01482	0.00964	0.01155	0.00746	0.01100	0.00609	0.00955	0.00600	0.00727	0.01282	0.00182	0.67726	0.00373	0.00200	0.00518
18	0.00674	0.00804	0.15570	0.00769	0.00932	0.00549	0.00678	0.00885	0.03631	0.01252	0.04085	0.47261	0.03625	0.10323	0.00750	0.00207	0.00376	0.06822	0.00370	0.00437
19	0.01605	0.16646	0.01542	0.01000	0.01361	0.03521	0.00846	0.57426	0.07579	0.02442	0.01062	0.01072	0.00786	0.00525	0.00428	0.00131	0.00500	0.00387	0.00405	0.00735
20	0.00762	0.15998	0.01047	0.00747	0.00886	0.00804	0.00613	0.00923	0.00774	0.01068	0.01120	0.01606	0.01044	0.02878	0.66892	0.00619	0.01093	0.00446	0.00237	0.00443
21	0.00580	0.00470	0.00512	0.00525	0.00658	0.00410	0.00390	0.01974	0.01055	0.01302	0.09405	0.17456	0.58447	0.01187	0.00552	0.00161	0.00249	0.03838	0.00432	0.00396
22	0.00741	0.00558	0.00645	0.00633	0.00763	0.00550	0.00464	0.01086	0.15716	0.03899	0.20893	0.19931	0.22399	0.07644	0.00679	0.00183	0.00285	0.02024	0.00445	0.00462
23	0.01101	0.01244	0.15951	0.01004	0.01341	0.01128	0.00906	0.02257	0.65491	0.01834	0.01675	0.01575	0.01249	0.00588	0.00461	0.00154	0.00422	0.00486	0.00416	0.00718
24	0.00753	0.00399	0.00586	0.00606	0.00611	0.00394	0.00404	0.00606	0.00650	0.00867	0.01119	0.16627	0.01212	0.01566	0.01570	0.70617	0.00374	0.00567	0.00241	0.00232
25	0.00914	0.00533	0.00744	0.00703	0.00817	0.00560	0.00529	0.01046	0.00837	0.15913	0.01432	0.05304	0.01323	0.18388	0.48202	0.00548	0.00883	0.00553	0.00319	0.00452
26	0.18639	0.01073	0.01110	0.00896	0.01211	0.01187	0.00736	0.45885	0.07827	0.06510	0.01183	0.01299	0.00888	0.00559	0.00423	0.00141	0.00437	0.03398	0.05915	0.00684
27	0.00583	0.00413	0.00528	0.00606	0.00635	0.00389	0.00397	0.00655	0.00863	0.01151	0.05841	0.62822	0.05076	0.16688	0.00907	0.00232	0.00296	0.01156	0.00402	0.00358
28	0.01512	0.01110	0.01258	0.01000	0.01266	0.01269	0.00822	0.52199	0.01702	0.05899	0.01087	0.01207	0.00822	0.02551	0.00684	0.00154	0.15768	0.00421	0.08585	0.00684
29	0.14586	0.00647	0.00756	0.00660	0.00867	0.00618	0.00502	0.01403	0.02085	0.32154	0.04223	0.12440	0.09903	0.16171	0.00808	0.00205	0.00357	0.00639	0.00434	0.00540
30	0.06094	0.00753	0.01119	0.00897	0.01145	0.00715	0.15119	0.06020	0.01125	0.21275	0.07005	0.07552	0.11338	0.11326	0.00726	0.00187	0.00427	0.02153	0.04477	0.00549
31	0.01078	0.00904	0.00975	0.00874	0.01110	0.01023	0.00679	0.05576	0.62080	0.01949	0.16458	0.02004	0.01917	0.00678	0.00481	0.00153	0.00342	0.00572	0.00474	0.00675
32	0.21274	0.01050	0.01116	0.00884	0.01217	0.01130	0.00728	0.40596	0.02599	0.20101	0.01195	0.01241	0.00853	0.01985	0.00456	0.00147	0.00441	0.01848	0.00440	0.00700
33	0.00728	0.00536	0.00779	0.15862	0.01165	0.00591	0.00615	0.00863	0.00841	0.03052	0.08469	0.07237	0.06265	0.13994	0.30049	0.06950	0.00708	0.00603	0.00292	0.00401
34	0.00696	0.00480	0.00652	0.00731	0.00809	0.00470	0.00575	0.00841	0.00957	0.03532	0.02389	0.32778	0.05299	0.06145	0.06186	0.00247	0.00415	0.35986	0.00408	0.00405
35	0.00799	0.00400	0.00593	0.00593	0.00596	0.00400	0.00396	0.00612	0.00609	0.00825	0.00819	0.01405	0.00809	0.01563	0.01749	0.84013	0.00393	0.00400	0.02820	0.00206
36	0.00793	0.00660	0.00995	0.01149	0.15686	0.00751	0.00741	0.00936	0.00797	0.01143	0.02364	0.04689	0.02463	0.09780	0.40243	0.03671	0.11909	0.00520	0.00251	0.00460
37	0.00916	0.00828	0.01372	0.56833	0.17276	0.00964	0.01196	0.01197	0.01918	0.02522	0.01031	0.04990	0.02299	0.00554	0.00503	0.02347	0.00562	0.01918	0.00235	0.00539

[dist]
# distance from previous block
# <min> <max>
0	138

# created by:
# /st0/software/busco_prod/Augustus/scripts/msa2prfl.pl ./align_prep/119786.fa
