[name]
unknown

[dist]
# distance from previous block
# <min> <max>
12	64

[block]
# block no. 0 follows, 57 sequences, length 32
# corresponding to MSA columns:
# 76-107
name=unknown_A
#
# <colnr> <probs for GDERKNQSTAVLIFYWHMCP>
#	G	D	E	R	K	N	Q	S	T	A	V	L	I	F	Y	W	H	M	C	P
0	0.05333	0.00884	0.01002	0.00899	0.03655	0.07820	0.04232	0.05988	0.10084	0.09690	0.03822	0.05678	0.05059	0.03879	0.04620	0.00180	0.05623	0.04426	0.07977	0.09149
1	0.09331	0.00895	0.00972	0.11437	0.04896	0.11663	0.03003	0.01246	0.07839	0.02624	0.11056	0.12061	0.08438	0.00729	0.00497	0.00146	0.03399	0.02338	0.03678	0.03750
2	0.00927	0.00791	0.00837	0.05565	0.03388	0.08646	0.00604	0.09739	0.07409	0.03003	0.02072	0.28248	0.13114	0.08840	0.00705	0.01348	0.01423	0.00787	0.00371	0.02183
3	0.20249	0.02014	0.01056	0.13207	0.05325	0.06463	0.04994	0.10365	0.01068	0.01621	0.04735	0.11939	0.05195	0.03065	0.01827	0.00162	0.01409	0.00532	0.02578	0.02195
4	0.03265	0.00938	0.01344	0.44203	0.09737	0.06966	0.05522	0.05584	0.01052	0.02686	0.07167	0.03818	0.01002	0.00560	0.01718	0.00153	0.00568	0.00456	0.00262	0.03000
5	0.01170	0.00975	0.04151	0.09834	0.03752	0.09601	0.04463	0.07809	0.07989	0.13463	0.05716	0.09523	0.06195	0.03138	0.01412	0.00159	0.01497	0.02094	0.03781	0.03277
6	0.00975	0.00723	0.00851	0.03233	0.00983	0.00784	0.00602	0.21698	0.07742	0.01688	0.05349	0.18969	0.03949	0.11522	0.08771	0.00248	0.02035	0.04620	0.04747	0.00510
7	0.03988	0.01032	0.01131	0.00909	0.01200	0.05199	0.03009	0.36859	0.07214	0.15806	0.06663	0.04176	0.02444	0.03112	0.00509	0.00147	0.00441	0.00489	0.05004	0.00666
8	0.00652	0.00466	0.00631	0.00631	0.00678	0.00514	0.00445	0.00747	0.00699	0.00980	0.01303	0.02272	0.01346	0.36889	0.49081	0.00608	0.00892	0.00558	0.00256	0.00351
9	0.01109	0.01170	0.08309	0.06579	0.66571	0.01082	0.01375	0.03768	0.02918	0.01512	0.00877	0.01125	0.00718	0.00418	0.00448	0.00137	0.00547	0.00401	0.00233	0.00705
10	0.01721	0.01314	0.01356	0.01049	0.01405	0.05493	0.00862	0.75797	0.02088	0.02767	0.01068	0.01074	0.00761	0.00540	0.00451	0.00135	0.00515	0.00402	0.00442	0.00758
11	0.01671	0.15395	0.02679	0.00843	0.01191	0.03656	0.00724	0.17384	0.01370	0.40466	0.03003	0.01440	0.05022	0.00553	0.00427	0.00130	0.00432	0.00430	0.00444	0.02741
12	0.00579	0.00448	0.00526	0.00541	0.00639	0.00414	0.00388	0.00690	0.00949	0.01218	0.12114	0.18878	0.38518	0.11004	0.10777	0.00261	0.00379	0.00912	0.00391	0.00375
13	0.04270	0.01157	0.01249	0.00967	0.01309	0.01263	0.00796	0.65277	0.01937	0.09680	0.01162	0.01158	0.00819	0.00541	0.00439	0.00134	0.00465	0.00408	0.06231	0.00739
14	0.00578	0.00438	0.00633	0.00691	0.00742	0.00408	0.04422	0.00673	0.00882	0.01174	0.02477	0.77341	0.05105	0.01359	0.00575	0.00182	0.00287	0.01241	0.00411	0.00381
15	0.01116	0.21718	0.41533	0.04052	0.08487	0.01250	0.02576	0.08543	0.01074	0.04442	0.00835	0.00962	0.00629	0.00433	0.00404	0.00131	0.00587	0.00335	0.00233	0.00659
16	0.01370	0.01512	0.01392	0.03193	0.24623	0.36366	0.00998	0.04655	0.13735	0.01429	0.03320	0.01143	0.00866	0.00498	0.00466	0.00132	0.03020	0.00385	0.00281	0.00617
17	0.00556	0.00408	0.00524	0.00614	0.00661	0.00376	0.00421	0.00645	0.00898	0.01174	0.02795	0.69423	0.14227	0.01374	0.00574	0.00180	0.00264	0.04093	0.00421	0.00372
18	0.00670	0.00517	0.00763	0.00750	0.00824	0.00615	0.00584	0.00822	0.00724	0.01049	0.01181	0.01767	0.01115	0.05815	0.74527	0.00685	0.06459	0.00485	0.00241	0.00406
19	0.00954	0.00809	0.00942	0.00681	0.01074	0.00622	0.00544	0.03459	0.00973	0.01510	0.00854	0.02906	0.00729	0.00367	0.00345	0.00072	0.00339	0.00297	0.00278	0.82246
20	0.10666	0.04659	0.03912	0.01406	0.15249	0.30786	0.07645	0.12761	0.05903	0.01605	0.00861	0.00986	0.00679	0.00459	0.00418	0.00130	0.00625	0.00356	0.00278	0.00615
21	0.01711	0.01244	0.01367	0.01099	0.04403	0.01366	0.00874	0.73968	0.02059	0.05666	0.01104	0.01106	0.00781	0.00539	0.00453	0.00136	0.00496	0.00410	0.00449	0.00769
22	0.01546	0.01387	0.01394	0.09309	0.11128	0.18811	0.00964	0.44111	0.03401	0.02126	0.00965	0.01058	0.00721	0.00503	0.00443	0.00134	0.00580	0.00384	0.00354	0.00684
23	0.00656	0.00505	0.00732	0.00748	0.00828	0.00483	0.06230	0.04706	0.00964	0.01287	0.04223	0.68257	0.03736	0.01279	0.00569	0.00179	0.00314	0.03484	0.00410	0.00409
24	0.01216	0.01291	0.06251	0.04554	0.43528	0.11388	0.09675	0.09826	0.02433	0.01562	0.00927	0.03576	0.00771	0.00461	0.00457	0.00137	0.00592	0.00429	0.00258	0.00668
25	0.00552	0.00408	0.00512	0.00594	0.00643	0.00373	0.00402	0.00635	0.00892	0.01160	0.02854	0.66307	0.17538	0.04065	0.00627	0.00187	0.00262	0.01206	0.00416	0.00368
26	0.01010	0.00845	0.00987	0.00946	0.05030	0.03285	0.00692	0.10625	0.26667	0.01538	0.01352	0.01712	0.01165	0.12772	0.22761	0.00346	0.06881	0.00492	0.00338	0.00557
27	0.01162	0.00958	0.01032	0.00914	0.01166	0.01100	0.00717	0.07542	0.66012	0.04449	0.01823	0.01709	0.03634	0.00709	0.02860	0.00170	0.02384	0.00513	0.00450	0.00698
28	0.00979	0.00791	0.00932	0.00674	0.01063	0.00600	0.00539	0.01179	0.00969	0.05152	0.03825	0.01058	0.00825	0.00368	0.00348	0.00073	0.00333	0.00297	0.00290	0.79704
29	0.01249	0.04989	0.03137	0.01029	0.06522	0.06925	0.02669	0.15001	0.24821	0.07527	0.08843	0.01560	0.03607	0.00569	0.00444	0.00133	0.00433	0.00467	0.00392	0.09687
30	0.00893	0.00785	0.03144	0.01118	0.17924	0.00694	0.03042	0.03586	0.00902	0.01300	0.02572	0.01801	0.01118	0.31508	0.02136	0.00236	0.00453	0.00470	0.00268	0.26052
31	0.00881	0.03256	0.02822	0.00820	0.06068	0.01592	0.01415	0.02693	0.04382	0.03292	0.27536	0.03348	0.06938	0.00653	0.00446	0.00118	0.00331	0.02812	0.00370	0.30226

[dist]
# distance from previous block
# <min> <max>
1	6

[block]
# block no. 1 follows, 57 sequences, length 56
# corresponding to MSA columns:
# 114-169
name=unknown_B
#
# <colnr> <probs for GDERKNQSTAVLIFYWHMCP>
#	G	D	E	R	K	N	Q	S	T	A	V	L	I	F	Y	W	H	M	C	P
0	0.12659	0.09593	0.01400	0.01219	0.11653	0.23733	0.04821	0.11213	0.05047	0.04350	0.00982	0.01088	0.03003	0.00493	0.00446	0.00130	0.03925	0.00364	0.02135	0.01745
1	0.07886	0.13911	0.14601	0.01028	0.05664	0.03845	0.03989	0.07713	0.04935	0.18613	0.05026	0.05471	0.01060	0.00538	0.00420	0.00133	0.00474	0.00434	0.00345	0.03913
2	0.02810	0.02495	0.04386	0.04419	0.60076	0.02804	0.04828	0.03130	0.03384	0.02715	0.00918	0.02573	0.00765	0.00434	0.00446	0.00135	0.00538	0.00416	0.00245	0.02481
3	0.00659	0.00439	0.00494	0.00494	0.00494	0.00439	0.00275	0.00659	0.00659	0.00879	0.01428	0.02965	0.01647	0.84075	0.02306	0.00439	0.00439	0.00659	0.00275	0.00275
4	0.01616	0.05724	0.01344	0.01060	0.01365	0.30582	0.00845	0.38567	0.10982	0.02022	0.01014	0.01043	0.00766	0.00517	0.00430	0.00129	0.00596	0.00370	0.00362	0.00666
5	0.87276	0.00876	0.00666	0.00596	0.00876	0.01017	0.00491	0.01332	0.00771	0.02033	0.00631	0.00736	0.00491	0.00421	0.00280	0.00140	0.00351	0.00245	0.00280	0.00491
6	0.00649	0.00468	0.00644	0.00645	0.00699	0.00517	0.00464	0.00757	0.00721	0.01014	0.03124	0.03912	0.01413	0.29965	0.52293	0.00608	0.00915	0.00567	0.00263	0.00361
7	0.00544	0.00458	0.00471	0.00471	0.00618	0.00385	0.00352	0.00665	0.01047	0.01266	0.10102	0.06022	0.73777	0.01137	0.00536	0.00153	0.00229	0.00954	0.00426	0.00385
8	0.00940	0.00805	0.00940	0.00671	0.01074	0.00604	0.00537	0.01141	0.00940	0.01477	0.00805	0.00940	0.00671	0.00336	0.00336	0.00067	0.00336	0.00268	0.00268	0.86845
9	0.00589	0.00453	0.00544	0.00580	0.00685	0.00408	0.00438	0.00727	0.01038	0.01335	0.17632	0.24564	0.35219	0.01193	0.00560	0.00167	0.00264	0.12779	0.00434	0.00392
10	0.01176	0.32834	0.27455	0.01285	0.11984	0.14128	0.02559	0.01459	0.01007	0.01252	0.00734	0.00875	0.00599	0.00416	0.00379	0.00121	0.00608	0.00306	0.00204	0.00619
11	0.01063	0.06237	0.20070	0.03532	0.40706	0.01126	0.17908	0.01408	0.01014	0.01434	0.00843	0.01084	0.00669	0.00405	0.00454	0.00139	0.00614	0.00406	0.00216	0.00673
12	0.00556	0.00402	0.00526	0.00618	0.00656	0.00372	0.00417	0.00644	0.00899	0.01196	0.06884	0.75029	0.07369	0.01378	0.00574	0.00180	0.00258	0.01244	0.00425	0.00372
13	0.01141	0.25447	0.19334	0.01333	0.08457	0.06419	0.16670	0.05312	0.04935	0.01411	0.03096	0.01060	0.00766	0.00445	0.00439	0.00131	0.02363	0.00378	0.00240	0.00624
14	0.00548	0.00460	0.00476	0.00472	0.00620	0.00388	0.00354	0.00674	0.01062	0.01293	0.13410	0.04248	0.72203	0.01122	0.00535	0.00152	0.00228	0.00941	0.00430	0.00388
15	0.01157	0.00994	0.01109	0.03206	0.06607	0.01138	0.00786	0.07153	0.68119	0.01909	0.01703	0.01602	0.01280	0.00592	0.00460	0.00151	0.00386	0.00496	0.00438	0.00715
16	0.00689	0.00501	0.00743	0.00733	0.00817	0.00581	0.00570	0.00846	0.00740	0.03097	0.01222	0.01789	0.01135	0.05265	0.76735	0.00696	0.02689	0.00487	0.00251	0.00412
17	0.01659	0.03844	0.01341	0.01003	0.01351	0.02764	0.00830	0.71762	0.02015	0.02708	0.01088	0.01104	0.00782	0.00537	0.00440	0.00133	0.00488	0.00402	0.05007	0.00742
18	0.05434	0.00847	0.01291	0.58017	0.05614	0.00995	0.01109	0.05513	0.04414	0.10988	0.00976	0.01235	0.00707	0.00474	0.00445	0.00148	0.00546	0.00406	0.00274	0.00566
19	0.01732	0.01254	0.01350	0.01035	0.01397	0.01382	0.00855	0.77307	0.02104	0.05323	0.01110	0.01102	0.00782	0.00544	0.00453	0.00136	0.00495	0.00409	0.00457	0.00771
20	0.03018	0.01205	0.01289	0.01000	0.01354	0.01322	0.00821	0.65978	0.09709	0.02662	0.01137	0.01132	0.00820	0.00536	0.00444	0.00134	0.00472	0.00407	0.00440	0.06121
21	0.87276	0.00876	0.00666	0.00596	0.00876	0.01017	0.00491	0.01332	0.00771	0.02033	0.00631	0.00736	0.00491	0.00421	0.00280	0.00140	0.00351	0.00245	0.00280	0.00491
22	0.01048	0.00802	0.00951	0.00685	0.01082	0.00610	0.00550	0.01247	0.00975	0.09396	0.00903	0.00999	0.00716	0.00358	0.00347	0.00074	0.00341	0.00287	0.00297	0.78333
23	0.87276	0.00876	0.00666	0.00596	0.00876	0.01017	0.00491	0.01332	0.00771	0.02033	0.00631	0.00736	0.00491	0.00421	0.00280	0.00140	0.00351	0.00245	0.00280	0.00491
24	0.87276	0.00876	0.00666	0.00596	0.00876	0.01017	0.00491	0.01332	0.00771	0.02033	0.00631	0.00736	0.00491	0.00421	0.00280	0.00140	0.00351	0.00245	0.00280	0.00491
25	0.01070	0.01222	0.02674	0.01910	0.02368	0.01146	0.79603	0.01451	0.01070	0.01451	0.00917	0.01222	0.00688	0.00382	0.00535	0.00153	0.00764	0.00535	0.00229	0.00611
26	0.01472	0.01764	0.01319	0.01171	0.01334	0.54327	0.00912	0.03823	0.01122	0.01153	0.00678	0.00880	0.00593	0.00572	0.00751	0.00143	0.26905	0.00328	0.00229	0.00523
27	0.00641	0.00463	0.00606	0.00570	0.00677	0.00428	0.00428	0.00855	0.01283	0.01817	0.81009	0.03385	0.04276	0.00926	0.00534	0.00143	0.00214	0.00819	0.00499	0.00428
28	0.01670	0.03473	0.01336	0.01179	0.01421	0.78950	0.02813	0.01793	0.01273	0.01117	0.00705	0.00826	0.00586	0.00464	0.00410	0.00117	0.00810	0.00297	0.00233	0.00528
29	0.01042	0.00902	0.01306	0.14283	0.32208	0.00977	0.01012	0.03340	0.21983	0.01593	0.01261	0.01531	0.01016	0.00523	0.00443	0.00142	0.00452	0.03797	0.11553	0.00634
30	0.00718	0.00537	0.00666	0.00619	0.00748	0.00526	0.00468	0.03275	0.09468	0.01827	0.67119	0.04920	0.05557	0.00899	0.00526	0.00145	0.00238	0.00789	0.00490	0.00465
31	0.01628	0.05846	0.01343	0.01117	0.01358	0.57647	0.00869	0.10697	0.01312	0.05473	0.00788	0.00897	0.00634	0.00506	0.00507	0.00126	0.08096	0.00321	0.00271	0.00566
32	0.01202	0.01010	0.01067	0.00937	0.01207	0.01162	0.00735	0.12083	0.70633	0.02016	0.01750	0.01615	0.01307	0.00606	0.00460	0.00151	0.00376	0.00499	0.00460	0.00724
33	0.01122	0.01077	0.01839	0.02781	0.81248	0.01077	0.01391	0.01391	0.01032	0.01480	0.00852	0.01122	0.00718	0.00404	0.00449	0.00135	0.00538	0.00404	0.00224	0.00718
34	0.00641	0.00463	0.00606	0.00570	0.00677	0.00428	0.00428	0.00855	0.01283	0.01817	0.81009	0.03385	0.04276	0.00926	0.00534	0.00143	0.00214	0.00819	0.00499	0.00428
35	0.01217	0.80378	0.04102	0.00797	0.01187	0.03887	0.00798	0.01370	0.00931	0.01075	0.00636	0.00734	0.00581	0.00391	0.00297	0.00098	0.00497	0.00246	0.00195	0.00582
36	0.00576	0.00426	0.00540	0.00591	0.00661	0.00389	0.00416	0.00699	0.01006	0.01342	0.23046	0.47930	0.16506	0.01243	0.00561	0.00169	0.00248	0.02823	0.00441	0.00387
37	0.00856	0.00805	0.01359	0.82986	0.03121	0.01007	0.01258	0.01158	0.00906	0.01158	0.00805	0.01208	0.00604	0.00453	0.00453	0.00151	0.00604	0.00403	0.00201	0.00503
38	0.00654	0.00437	0.00496	0.00500	0.00501	0.00436	0.00281	0.00658	0.00668	0.00891	0.01474	0.06444	0.01705	0.80518	0.02232	0.00428	0.00432	0.00686	0.00281	0.00279
39	0.01112	0.01195	0.03020	0.03764	0.22599	0.10871	0.09084	0.01300	0.00902	0.01240	0.00717	0.01034	0.00635	0.00595	0.00943	0.00165	0.39640	0.00399	0.00212	0.00573
40	0.00614	0.00449	0.00581	0.00591	0.00680	0.00410	0.00425	0.00775	0.01112	0.01544	0.47080	0.32596	0.06606	0.01096	0.00544	0.00156	0.00236	0.00978	0.00460	0.03067
41	0.01361	0.05404	0.18044	0.01442	0.13445	0.10894	0.14364	0.08416	0.01202	0.17229	0.03132	0.01188	0.00838	0.00469	0.00451	0.00137	0.00593	0.00412	0.00311	0.00668
42	0.04019	0.07978	0.14874	0.01049	0.01443	0.06444	0.02318	0.39375	0.11292	0.05167	0.01084	0.01103	0.00789	0.00511	0.00431	0.00136	0.00525	0.00387	0.00371	0.00706
43	0.01971	0.00758	0.01032	0.00796	0.01135	0.00655	0.00655	0.02148	0.01296	0.78030	0.05297	0.01624	0.01261	0.00577	0.00459	0.00140	0.00378	0.00472	0.00558	0.00756
44	0.01180	0.23175	0.11171	0.05495	0.18257	0.05653	0.02116	0.03094	0.19839	0.04178	0.01051	0.01136	0.00824	0.00466	0.00407	0.00131	0.00513	0.00376	0.00283	0.00656
45	0.00783	0.00395	0.00588	0.00588	0.00588	0.00395	0.00390	0.00592	0.00592	0.00790	0.00805	0.01422	0.00812	0.03915	0.01786	0.84365	0.00395	0.00401	0.00199	0.00199
46	0.00546	0.00416	0.00503	0.00573	0.00642	0.00373	0.00395	0.00638	0.00924	0.01180	0.03207	0.56850	0.29468	0.01327	0.00564	0.00174	0.00252	0.01176	0.00421	0.00373
47	0.01389	0.10833	0.01376	0.00966	0.01281	0.15306	0.01917	0.26816	0.01368	0.03677	0.00861	0.00966	0.00681	0.00487	0.00510	0.00118	0.09320	0.00337	0.00313	0.21477
48	0.02457	0.21294	0.41780	0.01146	0.03338	0.04434	0.05490	0.01452	0.02352	0.04324	0.00822	0.00945	0.00626	0.00419	0.00394	0.00126	0.00587	0.00325	0.00222	0.07468
49	0.01119	0.27273	0.38534	0.01240	0.07967	0.03775	0.04344	0.03920	0.02484	0.04208	0.00823	0.00944	0.00633	0.00426	0.00395	0.00128	0.00589	0.00328	0.00224	0.00647
50	0.00708	0.00562	0.00626	0.00608	0.00758	0.00548	0.00455	0.01079	0.17316	0.02891	0.20128	0.14660	0.35917	0.01019	0.00525	0.00155	0.00260	0.00874	0.00448	0.00466
51	0.01002	0.00954	0.01623	0.38957	0.46010	0.01045	0.01331	0.01286	0.00975	0.01335	0.00831	0.01161	0.00666	0.00426	0.00451	0.00142	0.00568	0.00403	0.00214	0.00621
52	0.01253	0.09433	0.14573	0.01545	0.17182	0.09293	0.16442	0.08049	0.08029	0.07040	0.00991	0.01119	0.00751	0.00448	0.00444	0.00135	0.00594	0.00403	0.00281	0.01996
53	0.01137	0.01091	0.01736	0.11606	0.61197	0.05631	0.04167	0.01399	0.01038	0.03719	0.00899	0.02711	0.00751	0.00436	0.00453	0.00137	0.00560	0.00421	0.00236	0.00674
54	0.00566	0.00413	0.00537	0.00631	0.00678	0.00383	0.00440	0.00661	0.00901	0.01182	0.02711	0.68257	0.11243	0.01376	0.00578	0.00183	0.00273	0.08192	0.00420	0.00374
55	0.00925	0.00566	0.00745	0.00749	0.02875	0.00536	0.01689	0.05543	0.02367	0.15356	0.06267	0.42203	0.09188	0.04466	0.00610	0.00178	0.00323	0.04493	0.00438	0.00483

[dist]
# distance from previous block
# <min> <max>
1	28

[block]
# block no. 2 follows, 57 sequences, length 42
# corresponding to MSA columns:
# 198-239
name=unknown_C
#
# <colnr> <probs for GDERKNQSTAVLIFYWHMCP>
#	G	D	E	R	K	N	Q	S	T	A	V	L	I	F	Y	W	H	M	C	P
0	0.02203	0.02177	0.01507	0.03089	0.22543	0.07498	0.16932	0.04054	0.03544	0.02569	0.06606	0.16878	0.02556	0.00686	0.00529	0.00151	0.03280	0.02321	0.00307	0.00571
1	0.00882	0.00878	0.03958	0.00935	0.03655	0.10899	0.02707	0.01024	0.00860	0.01167	0.01287	0.18183	0.01326	0.07228	0.18817	0.00306	0.17486	0.00606	0.07347	0.00449
2	0.03983	0.02392	0.02974	0.04914	0.35062	0.04488	0.18016	0.06760	0.02043	0.06759	0.01828	0.01160	0.00761	0.00447	0.00500	0.00140	0.04070	0.00424	0.00269	0.03008
3	0.03923	0.03182	0.01268	0.01146	0.05110	0.44134	0.02309	0.12154	0.15327	0.01536	0.01116	0.01205	0.03474	0.00530	0.00430	0.00130	0.00635	0.01483	0.00312	0.00596
4	0.01028	0.00987	0.01696	0.30542	0.52036	0.01054	0.03474	0.01312	0.00989	0.01368	0.00838	0.01154	0.00678	0.00420	0.00452	0.00141	0.00567	0.00407	0.00216	0.00641
5	0.00560	0.00438	0.00509	0.00554	0.00652	0.00388	0.00401	0.00672	0.00985	0.01243	0.08409	0.34844	0.41799	0.01244	0.00557	0.00167	0.00252	0.05517	0.00425	0.00382
6	0.01394	0.01437	0.01153	0.01024	0.01283	0.30786	0.00790	0.10040	0.43574	0.01706	0.01350	0.01310	0.01029	0.00554	0.00441	0.00138	0.00540	0.00421	0.00377	0.00653
7	0.01142	0.01082	0.01761	0.09565	0.68641	0.02397	0.01341	0.05883	0.01088	0.01526	0.00859	0.01122	0.00709	0.00417	0.00449	0.00136	0.00546	0.00402	0.00236	0.00699
8	0.01090	0.45289	0.36409	0.01016	0.01513	0.03658	0.01168	0.01398	0.00942	0.01226	0.00710	0.00833	0.00579	0.00416	0.00377	0.00119	0.02161	0.00286	0.00194	0.00616
9	0.87276	0.00876	0.00666	0.00596	0.00876	0.01017	0.00491	0.01332	0.00771	0.02033	0.00631	0.00736	0.00491	0.00421	0.00280	0.00140	0.00351	0.00245	0.00280	0.00491
10	0.00673	0.01764	0.00720	0.00689	0.00755	0.00583	0.00517	0.00799	0.00719	0.01027	0.01235	0.01992	0.01218	0.20612	0.59722	0.00628	0.03775	0.00515	0.01677	0.00383
11	0.00579	0.00411	0.00540	0.00616	0.00645	0.00397	0.00410	0.00656	0.00833	0.01120	0.04054	0.62457	0.02660	0.14408	0.07721	0.00268	0.00369	0.01112	0.00385	0.00358
12	0.00596	0.00460	0.00536	0.00521	0.00638	0.00415	0.00383	0.00745	0.01094	0.01440	0.36736	0.03714	0.38074	0.08291	0.04196	0.00198	0.00283	0.00852	0.00434	0.00393
13	0.00581	0.00455	0.00504	0.00501	0.00613	0.00404	0.00359	0.00698	0.01013	0.01289	0.20182	0.07324	0.47063	0.14315	0.02538	0.00210	0.00282	0.00885	0.00410	0.00375
14	0.01020	0.00971	0.01617	0.32339	0.44741	0.01062	0.02495	0.01357	0.05545	0.01376	0.00887	0.01185	0.00711	0.00442	0.00475	0.00143	0.02362	0.00411	0.00229	0.00632
15	0.01723	0.01269	0.01360	0.01043	0.01405	0.01405	0.00861	0.79738	0.02131	0.02856	0.01088	0.01088	0.00771	0.00544	0.00453	0.00136	0.00499	0.00408	0.00453	0.00771
16	0.01131	0.62601	0.23418	0.00912	0.01375	0.01597	0.01014	0.01378	0.00930	0.01164	0.00679	0.00788	0.00580	0.00399	0.00328	0.00109	0.00534	0.00267	0.00193	0.00605
17	0.00746	0.00594	0.00882	0.07079	0.17356	0.00591	0.00693	0.00924	0.02922	0.02892	0.06269	0.48279	0.04519	0.01054	0.00530	0.00166	0.00347	0.02007	0.01678	0.00471
18	0.01144	0.00982	0.01034	0.00926	0.01185	0.01135	0.00721	0.04589	0.78222	0.01923	0.01823	0.01674	0.01366	0.00613	0.00461	0.00153	0.00363	0.00509	0.00461	0.00719
19	0.00863	0.00813	0.01373	0.80720	0.05328	0.01009	0.01262	0.01164	0.00910	0.01167	0.00807	0.01206	0.00607	0.00452	0.00453	0.00151	0.00602	0.00403	0.00202	0.00509
20	0.01586	0.01173	0.01281	0.01002	0.01323	0.01306	0.00821	0.69159	0.01939	0.02609	0.01099	0.01204	0.00825	0.03602	0.07018	0.00194	0.02291	0.00422	0.00425	0.00719
21	0.01070	0.01222	0.02674	0.01910	0.02368	0.01146	0.79603	0.01451	0.01070	0.01451	0.00917	0.01222	0.00688	0.00382	0.00535	0.00153	0.00764	0.00535	0.00229	0.00611
22	0.01033	0.01093	0.02175	0.01608	0.01946	0.01105	0.55243	0.01356	0.02998	0.03118	0.01102	0.03399	0.03895	0.03154	0.00747	0.00170	0.14487	0.00548	0.00251	0.00573
23	0.00608	0.00437	0.00600	0.00694	0.00747	0.00429	0.00517	0.00730	0.00899	0.01198	0.02337	0.54691	0.02700	0.01583	0.09153	0.00247	0.00403	0.21241	0.00401	0.00385
24	0.01693	0.02160	0.01284	0.01167	0.01401	0.82256	0.00876	0.01809	0.01284	0.01109	0.00700	0.00817	0.00584	0.00467	0.00409	0.00117	0.00817	0.00292	0.00233	0.00525
25	0.00647	0.00523	0.00785	0.00772	0.00871	0.00498	0.08740	0.00834	0.04983	0.01281	0.07769	0.58301	0.07237	0.01215	0.00564	0.00175	0.00320	0.03659	0.00408	0.00418
26	0.01985	0.00807	0.01068	0.00824	0.01172	0.00724	0.00679	0.06674	0.03989	0.74373	0.01749	0.01521	0.01110	0.00562	0.00456	0.00140	0.00391	0.00455	0.00551	0.00769
27	0.01239	0.79621	0.02312	0.00798	0.01177	0.06420	0.00781	0.01383	0.00942	0.01069	0.00634	0.00732	0.00582	0.00392	0.00298	0.00098	0.00504	0.00245	0.00196	0.00578
28	0.01630	0.00656	0.00847	0.00683	0.00951	0.00585	0.00553	0.01817	0.01192	0.54894	0.04162	0.01644	0.01232	0.00562	0.00416	0.00130	0.00327	0.00457	0.26607	0.00655
29	0.00580	0.00419	0.00553	0.00648	0.00696	0.00393	0.00461	0.00684	0.00916	0.01208	0.04614	0.64523	0.08445	0.01363	0.00581	0.00184	0.00282	0.12649	0.00422	0.00378
30	0.03389	0.04618	0.51531	0.04105	0.01811	0.02782	0.08234	0.01447	0.06699	0.01438	0.00992	0.03169	0.00797	0.00512	0.00475	0.00149	0.02868	0.04123	0.00234	0.00627
31	0.01056	0.01001	0.01681	0.09572	0.66789	0.01017	0.01290	0.01333	0.02249	0.01455	0.03518	0.03308	0.02777	0.00470	0.00457	0.00138	0.00517	0.00453	0.00244	0.00673
32	0.00553	0.00405	0.00519	0.00605	0.00652	0.00372	0.00410	0.00641	0.00903	0.01187	0.05235	0.70217	0.13907	0.01366	0.00571	0.00178	0.00257	0.01227	0.00423	0.00372
33	0.00856	0.00805	0.01359	0.82986	0.03121	0.01007	0.01258	0.01158	0.00906	0.01158	0.00805	0.01208	0.00604	0.00453	0.00453	0.00151	0.00604	0.00403	0.00201	0.00503
34	0.01299	0.01435	0.16053	0.03122	0.06261	0.16597	0.05564	0.06463	0.20673	0.10788	0.02310	0.01454	0.01014	0.00548	0.00457	0.00143	0.00556	0.04267	0.00343	0.00651
35	0.00799	0.00529	0.00673	0.00707	0.00822	0.00514	0.00559	0.04241	0.02713	0.06851	0.04692	0.25795	0.10984	0.04710	0.00637	0.00191	0.00341	0.29734	0.04069	0.00440
36	0.00545	0.00454	0.00476	0.00482	0.00621	0.00385	0.00357	0.00664	0.01038	0.01264	0.10316	0.11025	0.68508	0.01154	0.00539	0.00155	0.00231	0.00974	0.00427	0.00385
37	0.00819	0.00699	0.01137	0.55955	0.02323	0.00851	0.01002	0.01009	0.00839	0.01096	0.02595	0.04115	0.00848	0.03459	0.04554	0.14012	0.03581	0.00451	0.00218	0.00436
38	0.01283	0.14024	0.19823	0.06385	0.14598	0.10128	0.04323	0.07547	0.01143	0.12023	0.02024	0.01176	0.00790	0.00475	0.00427	0.00133	0.00574	0.02195	0.00282	0.00648
39	0.01503	0.00775	0.01049	0.00851	0.01125	0.00748	0.05129	0.08700	0.07785	0.41685	0.06584	0.09001	0.02494	0.00806	0.04625	0.00175	0.01647	0.00563	0.04097	0.00658
40	0.01044	0.01079	0.23667	0.00842	0.01165	0.00673	0.00836	0.02698	0.02753	0.20750	0.04738	0.20946	0.15244	0.00836	0.00493	0.00154	0.00407	0.00712	0.00394	0.00570
41	0.05870	0.02924	0.11329	0.02459	0.18097	0.00822	0.06829	0.01244	0.05800	0.03921	0.24340	0.03325	0.06735	0.00746	0.03466	0.00164	0.00453	0.00571	0.00342	0.00564

[dist]
# distance from previous block
# <min> <max>
1	3

[block]
# block no. 3 follows, 57 sequences, length 41
# corresponding to MSA columns:
# 245-269,285-300
name=unknown_D
#
# <colnr> <probs for GDERKNQSTAVLIFYWHMCP>
#	G	D	E	R	K	N	Q	S	T	A	V	L	I	F	Y	W	H	M	C	P
0	0.02306	0.02160	0.04170	0.03785	0.20913	0.00816	0.02154	0.05256	0.03343	0.09552	0.09461	0.04221	0.01204	0.00503	0.00423	0.00117	0.00414	0.00438	0.00324	0.28439
1	0.01146	0.00873	0.03171	0.07744	0.12700	0.00776	0.02922	0.06385	0.02288	0.14514	0.06301	0.01515	0.04761	0.00550	0.01650	0.00127	0.00427	0.01826	0.00340	0.29984
2	0.02097	0.03666	0.45407	0.01354	0.08070	0.02306	0.10880	0.03286	0.02213	0.06534	0.04058	0.01137	0.00801	0.00449	0.00440	0.00137	0.00600	0.00388	0.00251	0.05924
3	0.00786	0.00655	0.00791	0.00649	0.00916	0.00533	0.01842	0.00984	0.02561	0.01439	0.11447	0.12118	0.15206	0.00716	0.00439	0.00113	0.00304	0.03234	0.00349	0.44918
4	0.01610	0.05861	0.01354	0.01018	0.02782	0.01327	0.00827	0.60161	0.09195	0.06217	0.01163	0.01154	0.00838	0.00536	0.00440	0.00134	0.00472	0.00408	0.02200	0.02305
5	0.00978	0.03454	0.33574	0.01024	0.01517	0.00857	0.06892	0.02552	0.00985	0.04490	0.00938	0.05064	0.00764	0.00444	0.00406	0.00115	0.00506	0.00374	0.00254	0.34812
6	0.00903	0.05416	0.68302	0.01263	0.03742	0.01030	0.03154	0.01373	0.00967	0.01423	0.03827	0.04818	0.00826	0.00490	0.00438	0.00143	0.00626	0.00398	0.00215	0.00643
7	0.02682	0.04074	0.01139	0.00985	0.04057	0.01152	0.00754	0.11444	0.59200	0.06886	0.01651	0.01539	0.01227	0.00584	0.00450	0.00148	0.00388	0.00478	0.00445	0.00718
8	0.00910	0.01035	0.18183	0.03049	0.05587	0.01773	0.10987	0.01162	0.01012	0.09753	0.06266	0.27544	0.07384	0.00845	0.00512	0.00159	0.00455	0.02499	0.00348	0.00535
9	0.01012	0.06228	0.65983	0.01223	0.01806	0.01086	0.01506	0.01462	0.00960	0.07208	0.00859	0.00990	0.00616	0.00465	0.00503	0.00145	0.06727	0.00344	0.00219	0.00660
10	0.00930	0.00807	0.01302	0.20729	0.35371	0.00840	0.01045	0.01157	0.00989	0.04272	0.02859	0.12845	0.07786	0.02047	0.00517	0.00156	0.00472	0.05021	0.00290	0.00566
11	0.00730	0.00633	0.00925	0.03556	0.13905	0.00620	0.05107	0.00887	0.00982	0.02418	0.04999	0.23070	0.31716	0.00998	0.00585	0.00161	0.05080	0.02803	0.00363	0.00464
12	0.00851	0.00797	0.01360	0.75373	0.02952	0.00976	0.04007	0.01137	0.00904	0.01161	0.00871	0.04258	0.00699	0.00509	0.00487	0.01920	0.00593	0.00440	0.00210	0.00496
13	0.00993	0.00970	0.01650	0.32260	0.38214	0.02485	0.08894	0.01272	0.00987	0.01333	0.00991	0.04269	0.02732	0.00477	0.00465	0.00144	0.00572	0.00460	0.00228	0.00603
14	0.01024	0.02665	0.01514	0.58117	0.06157	0.09937	0.08840	0.02408	0.00995	0.02894	0.00828	0.01159	0.00628	0.00448	0.00453	0.00145	0.00632	0.00401	0.00220	0.00537
15	0.00947	0.00955	0.03649	0.06536	0.14945	0.00979	0.24251	0.01184	0.00942	0.02605	0.01241	0.13760	0.02343	0.02777	0.00745	0.00173	0.15967	0.05187	0.00269	0.00546
16	0.00749	0.01411	0.42192	0.00968	0.01343	0.00733	0.01080	0.01073	0.00950	0.01336	0.03773	0.26917	0.08356	0.00865	0.00501	0.00161	0.00479	0.06281	0.00305	0.00529
17	0.01111	0.00990	0.01628	0.19842	0.53912	0.01036	0.01268	0.03166	0.03977	0.05327	0.02779	0.01233	0.00821	0.00445	0.00452	0.00139	0.00530	0.00420	0.00256	0.00669
18	0.01922	0.00821	0.01094	0.00848	0.01188	0.02181	0.02619	0.06352	0.01330	0.70056	0.03632	0.01624	0.01193	0.00579	0.00463	0.00142	0.00405	0.02270	0.00536	0.00746
19	0.03954	0.01055	0.01070	0.00869	0.01177	0.16592	0.00697	0.06191	0.03614	0.51856	0.05804	0.01503	0.02392	0.00568	0.00448	0.00136	0.00462	0.00445	0.00476	0.00690
20	0.00886	0.00861	0.01430	0.67567	0.06180	0.02863	0.07012	0.01179	0.00939	0.01195	0.01004	0.01355	0.04668	0.00481	0.00462	0.00150	0.00599	0.00438	0.00216	0.00515
21	0.00906	0.02613	0.50682	0.03387	0.06156	0.00992	0.10753	0.01341	0.02329	0.01403	0.01108	0.06876	0.02338	0.00559	0.00488	0.00152	0.02300	0.04765	0.00235	0.00618
22	0.00856	0.00805	0.01359	0.82986	0.03121	0.01007	0.01258	0.01158	0.00906	0.01158	0.00805	0.01208	0.00604	0.00453	0.00453	0.00151	0.00604	0.00403	0.00201	0.00503
23	0.00568	0.00411	0.00537	0.00610	0.00658	0.00380	0.00418	0.00674	0.00955	0.01284	0.17341	0.64171	0.07692	0.01312	0.00568	0.00174	0.00252	0.01181	0.00435	0.00380
24	0.01029	0.00638	0.00865	0.00756	0.00898	0.00648	0.04429	0.02326	0.02220	0.19298	0.05159	0.08871	0.10216	0.24874	0.02734	0.00253	0.09373	0.04556	0.00377	0.00477
25	0.00920	0.02573	0.28755	0.01125	0.07525	0.00814	0.07324	0.01286	0.04821	0.07300	0.15224	0.06375	0.11837	0.00681	0.00483	0.00147	0.00470	0.01431	0.00333	0.00580
26	0.01122	0.01077	0.01839	0.02781	0.81248	0.01077	0.01391	0.01391	0.01032	0.01480	0.00852	0.01122	0.00718	0.00404	0.00449	0.00135	0.00538	0.00404	0.00224	0.00718
27	0.00906	0.00846	0.01408	0.72590	0.11037	0.01025	0.01261	0.03312	0.00952	0.01237	0.00818	0.01196	0.00620	0.00450	0.00453	0.00149	0.00594	0.00403	0.00211	0.00532
28	0.02993	0.00982	0.10371	0.02851	0.08720	0.03007	0.08930	0.04912	0.01071	0.08204	0.03255	0.06799	0.04546	0.02914	0.00622	0.00175	0.05217	0.23548	0.00342	0.00544
29	0.00986	0.03635	0.05156	0.45495	0.09838	0.06127	0.01169	0.01235	0.00917	0.02747	0.00874	0.01195	0.02628	0.00527	0.00633	0.00154	0.15531	0.00401	0.00217	0.00536
30	0.07051	0.01210	0.01296	0.00999	0.01355	0.01330	0.00825	0.69511	0.01989	0.08249	0.01108	0.01098	0.00778	0.00537	0.00443	0.00137	0.00482	0.00401	0.00450	0.00753
31	0.00879	0.11061	0.09771	0.01136	0.01418	0.00891	0.24168	0.01124	0.00973	0.02309	0.01586	0.22847	0.02916	0.02213	0.00566	0.00167	0.02035	0.13122	0.00307	0.00511
32	0.00899	0.03883	0.01011	0.06947	0.11840	0.03740	0.00720	0.01404	0.24800	0.01490	0.09080	0.06255	0.23027	0.00773	0.00502	0.00149	0.01894	0.00653	0.00378	0.00554
33	0.01075	0.01028	0.01743	0.10515	0.70755	0.01045	0.01340	0.01342	0.01020	0.01440	0.00981	0.01246	0.03575	0.00435	0.00452	0.00137	0.00534	0.00423	0.00229	0.00685
34	0.03381	0.01198	0.09636	0.08646	0.08569	0.05188	0.20585	0.11574	0.01233	0.20555	0.01157	0.01360	0.00848	0.00496	0.00472	0.00145	0.00578	0.03382	0.00338	0.00660
35	0.09993	0.22616	0.04952	0.02917	0.01363	0.13585	0.09313	0.12341	0.02453	0.03320	0.01008	0.08395	0.00908	0.00559	0.00432	0.00134	0.02226	0.02619	0.00288	0.00576
36	0.00881	0.00832	0.01405	0.75237	0.10670	0.01013	0.01271	0.01180	0.00918	0.01189	0.00810	0.01200	0.00615	0.00448	0.00453	0.00149	0.00598	0.00403	0.00204	0.00524
37	0.01085	0.01186	0.01981	0.23967	0.14533	0.10856	0.35381	0.01391	0.01044	0.01331	0.00917	0.01211	0.02112	0.00429	0.00484	0.00145	0.00683	0.00457	0.00225	0.00584
38	0.14970	0.07243	0.06943	0.00846	0.01187	0.03154	0.03620	0.11333	0.03350	0.24011	0.05126	0.03117	0.04913	0.00552	0.00415	0.00132	0.00425	0.00435	0.00388	0.07839
39	0.04096	0.07296	0.02730	0.00746	0.01091	0.04203	0.00612	0.06071	0.06784	0.01542	0.02362	0.08232	0.00973	0.00487	0.00376	0.00098	0.00378	0.00392	0.00303	0.51227
40	0.01140	0.14218	0.08753	0.00879	0.01169	0.07606	0.00772	0.13685	0.17484	0.02673	0.06293	0.04204	0.04922	0.06480	0.00580	0.00157	0.01393	0.03304	0.00350	0.03938

[dist]
# distance from previous block
# <min> <max>
0	5

# created by:
# /st0/software/busco_prod/Augustus/scripts/msa2prfl.pl ./align_prep/120047.fa
