[name]
unknown

[dist]
# distance from previous block
# <min> <max>
48	441

[block]
# block no. 0 follows, 57 sequences, length 11
# corresponding to MSA columns:
# 960-970
name=unknown_A
#
# <colnr> <probs for GDERKNQSTAVLIFYWHMCP>
#	G	D	E	R	K	N	Q	S	T	A	V	L	I	F	Y	W	H	M	C	P
0	0.03087	0.00538	0.00639	0.00636	0.00766	0.00514	0.00474	0.03009	0.05774	0.09376	0.09640	0.27362	0.21591	0.07101	0.00663	0.00185	0.00303	0.07462	0.00430	0.00449
1	0.11310	0.00621	0.03355	0.00736	0.00887	0.00578	0.00604	0.01085	0.03182	0.10756	0.06871	0.26240	0.02224	0.01066	0.00577	0.03414	0.00354	0.25268	0.00409	0.00462
2	0.24614	0.06928	0.02689	0.01019	0.03714	0.25404	0.02970	0.21372	0.04275	0.01853	0.00831	0.00914	0.00643	0.00469	0.00385	0.00130	0.00559	0.00325	0.00306	0.00600
3	0.00606	0.00448	0.00597	0.00656	0.00705	0.00453	0.00470	0.00709	0.00862	0.01158	0.05001	0.47790	0.07452	0.08560	0.13139	0.00287	0.03207	0.07145	0.00376	0.00377
4	0.00620	0.00432	0.00559	0.00628	0.00695	0.00398	0.00448	0.00729	0.00952	0.03720	0.08972	0.57021	0.13194	0.01303	0.00570	0.00178	0.00273	0.08484	0.00431	0.00392
5	0.00954	0.00819	0.00946	0.00691	0.01082	0.00645	0.00551	0.01241	0.07217	0.01510	0.00887	0.00999	0.00727	0.00358	0.00345	0.00074	0.00337	0.00288	0.00284	0.80044
6	0.00826	0.00562	0.00710	0.00726	0.00845	0.00558	0.00558	0.07186	0.05958	0.06709	0.11367	0.37192	0.05302	0.01141	0.00558	0.00175	0.00323	0.18395	0.00443	0.00466
7	0.00778	0.00481	0.00604	0.00597	0.00721	0.00429	0.00438	0.00916	0.01081	0.12513	0.24452	0.31012	0.22052	0.01099	0.00539	0.00159	0.00258	0.00963	0.00462	0.00444
8	0.00685	0.00477	0.00632	0.00698	0.00792	0.00452	0.00554	0.00841	0.01020	0.03956	0.10591	0.29088	0.12459	0.01236	0.00585	0.00185	0.00325	0.34582	0.00432	0.00410
9	0.04809	0.05410	0.06955	0.01321	0.01694	0.22240	0.24934	0.21085	0.04158	0.01733	0.00905	0.01041	0.00686	0.00458	0.00451	0.00136	0.00662	0.00401	0.00292	0.00630
10	0.04781	0.00982	0.01119	0.00960	0.02646	0.07822	0.05901	0.10892	0.22479	0.21076	0.03718	0.10317	0.03950	0.00665	0.00469	0.00147	0.00432	0.00562	0.00434	0.00648

[dist]
# distance from previous block
# <min> <max>
7	30

[block]
# block no. 1 follows, 57 sequences, length 8
# corresponding to MSA columns:
# 1001-1008
name=unknown_B
#
# <colnr> <probs for GDERKNQSTAVLIFYWHMCP>
#	G	D	E	R	K	N	Q	S	T	A	V	L	I	F	Y	W	H	M	C	P
0	0.04340	0.00987	0.02640	0.00973	0.01217	0.05748	0.10368	0.26541	0.04952	0.01717	0.00994	0.01319	0.00826	0.00853	0.00867	0.27284	0.00498	0.02987	0.00312	0.04579
1	0.00724	0.00524	0.00727	0.00857	0.09684	0.00521	0.00536	0.00836	0.00864	0.03773	0.06680	0.24096	0.04909	0.24463	0.13477	0.00329	0.00497	0.05755	0.00340	0.00407
2	0.00757	0.00458	0.00601	0.00639	0.00715	0.00426	0.00454	0.00844	0.00921	0.10151	0.05264	0.48120	0.07250	0.09698	0.00796	0.04278	0.00310	0.07502	0.00414	0.00403
3	0.01067	0.10231	0.01151	0.00747	0.01112	0.05074	0.00616	0.01250	0.00958	0.05338	0.00816	0.00942	0.00674	0.00388	0.00411	0.00085	0.05475	0.00284	0.00268	0.63112
4	0.01103	0.00967	0.00991	0.00753	0.01123	0.09778	0.00595	0.01369	0.06619	0.06276	0.00926	0.01015	0.00739	0.00384	0.00360	0.00083	0.00394	0.00300	0.00296	0.65930
5	0.00616	0.00447	0.00538	0.00542	0.00609	0.00424	0.00369	0.00719	0.00937	0.01256	0.24696	0.13809	0.17219	0.29234	0.06363	0.00287	0.00363	0.00830	0.00382	0.00358
6	0.00564	0.00413	0.00533	0.00620	0.00670	0.00381	0.00430	0.00661	0.00914	0.01202	0.05643	0.66032	0.12806	0.01357	0.00574	0.00180	0.00266	0.05956	0.00423	0.00375
7	0.01202	0.01960	0.50407	0.01237	0.01772	0.11441	0.06895	0.03896	0.03225	0.12269	0.00973	0.01060	0.00685	0.00458	0.00440	0.00140	0.00644	0.00367	0.00264	0.00665

[dist]
# distance from previous block
# <min> <max>
0	3

[block]
# block no. 2 follows, 57 sequences, length 13
# corresponding to MSA columns:
# 1012-1024
name=unknown_C
#
# <colnr> <probs for GDERKNQSTAVLIFYWHMCP>
#	G	D	E	R	K	N	Q	S	T	A	V	L	I	F	Y	W	H	M	C	P
0	0.02684	0.09039	0.03439	0.00871	0.01097	0.07087	0.11286	0.04168	0.04170	0.03019	0.25980	0.13018	0.10728	0.00795	0.00491	0.00144	0.00405	0.00700	0.00378	0.00501
1	0.00752	0.00537	0.00796	0.00762	0.00881	0.00533	0.06177	0.00904	0.00916	0.06245	0.05344	0.18304	0.09420	0.10128	0.22050	0.00347	0.00595	0.14532	0.00357	0.00423
2	0.00753	0.00404	0.00569	0.00569	0.00581	0.00398	0.00376	0.00603	0.00632	0.00831	0.01155	0.01790	0.07107	0.10943	0.01736	0.70256	0.00386	0.00467	0.00223	0.00220
3	0.01110	0.51331	0.20045	0.04105	0.01421	0.01521	0.01005	0.01433	0.07078	0.01218	0.00770	0.00887	0.00644	0.00441	0.00411	0.00120	0.05342	0.00299	0.00215	0.00604
4	0.01104	0.01011	0.01247	0.01061	0.01196	0.10345	0.06913	0.01334	0.07094	0.08807	0.05820	0.05705	0.06402	0.00825	0.03238	0.00185	0.36363	0.00519	0.00304	0.00531
5	0.00641	0.00432	0.00499	0.00517	0.00521	0.00428	0.00299	0.00654	0.00694	0.00925	0.01605	0.16355	0.01871	0.70380	0.02020	0.00397	0.00410	0.00763	0.00299	0.00290
6	0.01074	0.00880	0.01044	0.05425	0.14342	0.05570	0.00756	0.15470	0.08532	0.04980	0.02089	0.06831	0.21270	0.00814	0.00578	0.06352	0.00421	0.02650	0.00365	0.00557
7	0.01542	0.01738	0.03317	0.01328	0.07209	0.44803	0.08194	0.18695	0.01389	0.01555	0.00812	0.00949	0.00644	0.00489	0.00496	0.00131	0.05474	0.00355	0.00277	0.00602
8	0.01723	0.01269	0.01360	0.01043	0.01405	0.01405	0.00861	0.79738	0.02131	0.02856	0.01088	0.01088	0.00771	0.00544	0.00453	0.00136	0.00499	0.00408	0.00453	0.00771
9	0.09182	0.22809	0.47503	0.01102	0.03441	0.01214	0.01270	0.01450	0.00952	0.06067	0.00807	0.00916	0.00603	0.00426	0.00383	0.00131	0.00573	0.00312	0.00223	0.00638
10	0.06975	0.00532	0.00650	0.00683	0.00791	0.00527	0.00506	0.01016	0.07096	0.08872	0.03644	0.45564	0.05006	0.04501	0.00611	0.00186	0.00315	0.11656	0.00422	0.00446
11	0.49539	0.00795	0.00775	0.00668	0.00922	0.00863	0.00537	0.05423	0.00930	0.18686	0.00967	0.01101	0.00732	0.02808	0.05294	0.08337	0.00422	0.00336	0.00338	0.00526
12	0.09173	0.09384	0.05984	0.13684	0.29452	0.01153	0.19285	0.01377	0.02357	0.01436	0.00829	0.01081	0.00662	0.00417	0.00453	0.00140	0.01885	0.00401	0.00226	0.00621

[dist]
# distance from previous block
# <min> <max>
4	8

[block]
# block no. 3 follows, 57 sequences, length 23
# corresponding to MSA columns:
# 1033-1042,1044-1049,1051-1057
name=unknown_D
#
# <colnr> <probs for GDERKNQSTAVLIFYWHMCP>
#	G	D	E	R	K	N	Q	S	T	A	V	L	I	F	Y	W	H	M	C	P
0	0.08626	0.04767	0.12943	0.09815	0.09008	0.10540	0.05728	0.11849	0.01184	0.14273	0.00968	0.01081	0.00708	0.00475	0.00463	0.00137	0.03588	0.00373	0.00306	0.03168
1	0.01203	0.02291	0.05209	0.11968	0.26183	0.07311	0.09669	0.04549	0.06255	0.09234	0.00992	0.01195	0.00770	0.00582	0.03273	0.00164	0.07821	0.00418	0.00276	0.00638
2	0.02634	0.00559	0.00641	0.00614	0.00759	0.00542	0.00455	0.01085	0.11789	0.09024	0.12162	0.14400	0.28173	0.10249	0.03440	0.00206	0.00326	0.02058	0.00424	0.00460
3	0.00756	0.06580	0.00736	0.00627	0.00738	0.00563	0.00470	0.00927	0.04158	0.05247	0.21960	0.19913	0.08760	0.17400	0.00878	0.00214	0.00325	0.08925	0.00403	0.00420
4	0.17440	0.03712	0.01465	0.07793	0.33283	0.02957	0.05686	0.04988	0.09143	0.06475	0.02252	0.01160	0.00809	0.00456	0.00420	0.00139	0.00491	0.00395	0.00292	0.00645
5	0.12875	0.00782	0.01047	0.02871	0.01146	0.00812	0.09926	0.08574	0.07079	0.11326	0.13469	0.15310	0.06593	0.00770	0.00527	0.00154	0.04190	0.01604	0.00398	0.00545
6	0.00671	0.00458	0.00544	0.00567	0.00593	0.00456	0.00374	0.00719	0.00751	0.00990	0.01712	0.03461	0.03738	0.64256	0.01902	0.00383	0.00430	0.17379	0.00309	0.00308
7	0.01168	0.00901	0.01133	0.02909	0.09368	0.03002	0.04753	0.14586	0.21515	0.09509	0.07187	0.14287	0.04148	0.00736	0.00490	0.00152	0.00414	0.02704	0.00416	0.00624
8	0.21495	0.51379	0.01779	0.00761	0.01112	0.05516	0.00706	0.03178	0.00964	0.08529	0.00747	0.00814	0.00613	0.00418	0.00313	0.00113	0.00461	0.00268	0.00255	0.00579
9	0.05418	0.03084	0.25006	0.09267	0.09459	0.00977	0.03782	0.10495	0.01113	0.08494	0.00976	0.03729	0.00756	0.00467	0.00421	0.00130	0.00520	0.00387	0.00284	0.15235
10	0.01183	0.29771	0.13544	0.03713	0.05012	0.18427	0.02593	0.02391	0.04950	0.01244	0.02051	0.01188	0.06526	0.00511	0.00451	0.00126	0.05136	0.00368	0.00241	0.00575
11	0.80975	0.00841	0.00656	0.00598	0.00860	0.00969	0.00486	0.01281	0.00778	0.01969	0.00767	0.06769	0.00673	0.00493	0.00302	0.00143	0.00344	0.00321	0.00291	0.00482
12	0.01181	0.03075	0.04218	0.20961	0.19068	0.14754	0.07282	0.10667	0.01150	0.01465	0.03406	0.01160	0.00780	0.00556	0.02450	0.00155	0.06417	0.00404	0.00254	0.00596
13	0.00581	0.00439	0.00498	0.00527	0.00603	0.00399	0.00358	0.00663	0.00901	0.01141	0.06142	0.24683	0.34732	0.23220	0.01019	0.00238	0.00298	0.02822	0.00385	0.00353
14	0.01227	0.20556	0.06048	0.04453	0.05572	0.05438	0.17511	0.18917	0.01255	0.01642	0.01996	0.04251	0.00830	0.00486	0.00429	0.00128	0.00557	0.01529	0.00285	0.06890
15	0.03451	0.00520	0.00663	0.00655	0.00733	0.00562	0.00475	0.02443	0.06213	0.01175	0.06058	0.08517	0.03452	0.21610	0.32024	0.07950	0.00690	0.02123	0.00303	0.00385
16	0.01132	0.24049	0.37386	0.04603	0.04187	0.03973	0.02892	0.07120	0.01053	0.04709	0.00818	0.00946	0.00624	0.00440	0.00422	0.00129	0.02598	0.00328	0.00232	0.02358
17	0.00989	0.00975	0.05525	0.23627	0.38953	0.00960	0.04081	0.01287	0.03283	0.03419	0.01103	0.11708	0.01000	0.00557	0.00469	0.00147	0.00526	0.00522	0.00257	0.00611
18	0.00800	0.00506	0.00619	0.00619	0.00744	0.00466	0.00463	0.00955	0.03335	0.11746	0.08814	0.21926	0.25105	0.10853	0.00752	0.00198	0.00309	0.10927	0.00429	0.00435
19	0.02684	0.00500	0.00622	0.00665	0.03254	0.00478	0.00443	0.00780	0.00856	0.01186	0.08792	0.21570	0.04681	0.33111	0.02679	0.00279	0.00377	0.10056	0.00347	0.06641
20	0.05089	0.21060	0.29879	0.04902	0.13811	0.04439	0.03471	0.05073	0.01034	0.04441	0.00846	0.01039	0.00668	0.00443	0.00402	0.00131	0.00574	0.01825	0.00235	0.00637
21	0.01449	0.01198	0.01210	0.06947	0.01410	0.11608	0.00831	0.48404	0.03118	0.02220	0.03896	0.07995	0.01163	0.00659	0.00472	0.00144	0.00511	0.05710	0.00403	0.00651
22	0.00608	0.00425	0.00532	0.00596	0.00625	0.00409	0.00396	0.00672	0.00815	0.01079	0.02170	0.44375	0.04979	0.31138	0.01204	0.00277	0.00341	0.08651	0.00368	0.00340

[dist]
# distance from previous block
# <min> <max>
0	7

[block]
# block no. 4 follows, 57 sequences, length 14
# corresponding to MSA columns:
# 1065-1078
name=unknown_E
#
# <colnr> <probs for GDERKNQSTAVLIFYWHMCP>
#	G	D	E	R	K	N	Q	S	T	A	V	L	I	F	Y	W	H	M	C	P
0	0.01013	0.00991	0.01334	0.35991	0.07942	0.09034	0.01091	0.01245	0.02345	0.02712	0.00903	0.01428	0.00792	0.00617	0.00759	0.00164	0.24280	0.06604	0.00234	0.00521
1	0.00792	0.00438	0.00617	0.00591	0.00630	0.00418	0.00398	0.00650	0.00630	0.00862	0.00840	0.01461	0.00844	0.08039	0.01673	0.71426	0.00392	0.00402	0.00210	0.08688
2	0.00560	0.00447	0.00486	0.00501	0.00614	0.00390	0.00357	0.00666	0.00991	0.01232	0.10680	0.17229	0.53643	0.09293	0.00716	0.00185	0.00254	0.00970	0.00413	0.00374
3	0.01173	0.01081	0.04747	0.22499	0.37652	0.03428	0.08553	0.04728	0.01080	0.09284	0.00942	0.01177	0.00719	0.00438	0.00457	0.00141	0.00573	0.00415	0.00261	0.00654
4	0.03271	0.00978	0.01128	0.04315	0.05450	0.02227	0.00766	0.37097	0.05530	0.12595	0.02763	0.02745	0.03077	0.09700	0.00668	0.00177	0.00458	0.05991	0.00416	0.00646
5	0.01009	0.00594	0.00732	0.00691	0.00859	0.00568	0.00524	0.02707	0.11084	0.20279	0.08839	0.28615	0.14772	0.02298	0.00551	0.00166	0.00309	0.04415	0.00463	0.00522
6	0.01253	0.00841	0.00953	0.00827	0.01065	0.00903	0.00640	0.07969	0.41104	0.18156	0.08510	0.04479	0.01606	0.08823	0.00650	0.00178	0.00367	0.00558	0.00465	0.00653
7	0.03320	0.05077	0.07648	0.01259	0.16831	0.16840	0.00883	0.09422	0.03884	0.09092	0.03180	0.06606	0.10106	0.03257	0.00508	0.00146	0.00510	0.00508	0.00328	0.00595
8	0.00737	0.00579	0.00844	0.11849	0.10667	0.00631	0.00630	0.00860	0.00758	0.01042	0.01209	0.02143	0.01238	0.37963	0.26495	0.00453	0.00712	0.00541	0.00249	0.00399
9	0.00613	0.00442	0.00543	0.00570	0.00664	0.00397	0.00407	0.00741	0.01039	0.03613	0.24181	0.36914	0.25847	0.01184	0.00551	0.00163	0.00243	0.01043	0.00446	0.00400
10	0.05534	0.00852	0.01063	0.07395	0.01303	0.00860	0.00731	0.14668	0.10272	0.40871	0.06626	0.01703	0.01293	0.00604	0.00461	0.00145	0.00407	0.04039	0.00480	0.00693
11	0.02860	0.35483	0.28994	0.04311	0.01566	0.07850	0.03316	0.03416	0.05878	0.01324	0.00799	0.00913	0.00635	0.00429	0.00375	0.00123	0.00576	0.00313	0.00222	0.00616
12	0.00790	0.00519	0.00752	0.00865	0.08592	0.00525	0.00573	0.00830	0.04077	0.01065	0.01450	0.05492	0.05140	0.04763	0.04980	0.42638	0.00438	0.15892	0.00279	0.00341
13	0.00808	0.00493	0.00623	0.00605	0.00736	0.00442	0.00451	0.00956	0.01105	0.13468	0.28270	0.23878	0.20132	0.02481	0.00568	0.00162	0.00267	0.03640	0.00464	0.00451

[dist]
# distance from previous block
# <min> <max>
0	6

[block]
# block no. 5 follows, 57 sequences, length 17
# corresponding to MSA columns:
# 1085-1101
name=unknown_F
#
# <colnr> <probs for GDERKNQSTAVLIFYWHMCP>
#	G	D	E	R	K	N	Q	S	T	A	V	L	I	F	Y	W	H	M	C	P
0	0.01295	0.01055	0.01316	0.01423	0.23281	0.08289	0.03887	0.21878	0.01409	0.09628	0.13936	0.01742	0.07645	0.00602	0.00471	0.00137	0.00471	0.00514	0.00377	0.00643
1	0.00897	0.00754	0.01087	0.00950	0.01035	0.00939	0.04691	0.02628	0.00809	0.04228	0.01132	0.01537	0.04396	0.03845	0.27982	0.00366	0.35356	0.00469	0.06428	0.00471
2	0.00847	0.00542	0.00662	0.00624	0.00761	0.00508	0.00465	0.06561	0.01155	0.10877	0.26926	0.19719	0.17372	0.07994	0.00680	0.00179	0.00292	0.02927	0.00451	0.00459
3	0.01706	0.01003	0.01227	0.01061	0.06981	0.01043	0.00806	0.29684	0.11313	0.34961	0.01434	0.01348	0.00980	0.00559	0.00494	0.00142	0.03597	0.00440	0.00472	0.00750
4	0.01238	0.42359	0.04116	0.01250	0.15903	0.17044	0.00936	0.01414	0.01014	0.01182	0.00815	0.01145	0.00752	0.00482	0.00408	0.00120	0.03147	0.05868	0.00223	0.00584
5	0.01048	0.04572	0.01051	0.00729	0.01119	0.05051	0.00589	0.06811	0.01042	0.01538	0.00812	0.00934	0.00670	0.00360	0.00346	0.00076	0.00379	0.00279	0.00277	0.72318
6	0.04392	0.12712	0.23428	0.01152	0.04897	0.08753	0.07575	0.07731	0.06735	0.10048	0.02209	0.02109	0.02076	0.00576	0.02618	0.00152	0.00577	0.01327	0.00297	0.00636
7	0.00848	0.00696	0.00752	0.00719	0.00859	0.05310	0.00540	0.03803	0.20412	0.01584	0.27408	0.15797	0.07883	0.00970	0.00615	0.06977	0.00324	0.03592	0.00428	0.00484
8	0.00983	0.00981	0.01887	0.09752	0.01926	0.01004	0.42383	0.06846	0.01035	0.01413	0.01022	0.01455	0.00846	0.01147	0.19659	0.00289	0.03642	0.02925	0.00250	0.00553
9	0.01145	0.01073	0.01756	0.08839	0.34407	0.05330	0.19437	0.03828	0.04765	0.06214	0.01080	0.06465	0.00913	0.02102	0.00512	0.00150	0.00573	0.00498	0.00275	0.00639
10	0.00988	0.00923	0.01549	0.56849	0.14319	0.01064	0.08378	0.07966	0.01044	0.01377	0.00847	0.01186	0.00643	0.00447	0.00460	0.00147	0.00600	0.00415	0.00229	0.00567
11	0.00640	0.00480	0.00687	0.00687	0.00767	0.00541	0.00524	0.00784	0.00746	0.01051	0.01498	0.02084	0.07470	0.10049	0.69075	0.00659	0.01071	0.00537	0.00259	0.00392
12	0.00701	0.00466	0.00609	0.03427	0.00776	0.00439	0.00463	0.00826	0.00991	0.06869	0.18878	0.39706	0.10109	0.08721	0.00712	0.00193	0.00294	0.04987	0.00426	0.00408
13	0.01389	0.01109	0.03028	0.01210	0.10794	0.09531	0.06575	0.16133	0.16557	0.16697	0.02556	0.07898	0.03229	0.00611	0.00469	0.00144	0.00483	0.00521	0.00400	0.00668
14	0.08067	0.01050	0.01046	0.00920	0.01186	0.07156	0.00734	0.15097	0.43150	0.06512	0.01585	0.01761	0.01250	0.00633	0.00457	0.00151	0.00423	0.07724	0.00430	0.00669
15	0.20959	0.07314	0.00954	0.00704	0.00982	0.00800	0.00579	0.01625	0.04975	0.35025	0.10866	0.03008	0.06626	0.01977	0.00452	0.00145	0.00353	0.01613	0.00438	0.00605
16	0.01096	0.07799	0.11250	0.04217	0.02040	0.01094	0.49970	0.01439	0.01049	0.07078	0.01097	0.01302	0.04216	0.00435	0.00488	0.00143	0.00660	0.00488	0.00255	0.03885

[dist]
# distance from previous block
# <min> <max>
9	24

[block]
# block no. 6 follows, 57 sequences, length 19
# corresponding to MSA columns:
# 1127-1145
name=unknown_G
#
# <colnr> <probs for GDERKNQSTAVLIFYWHMCP>
#	G	D	E	R	K	N	Q	S	T	A	V	L	I	F	Y	W	H	M	C	P
0	0.07585	0.01192	0.17434	0.00921	0.01273	0.00977	0.00869	0.18806	0.16217	0.13007	0.15433	0.01619	0.01496	0.00595	0.00452	0.00143	0.00430	0.00480	0.00412	0.00659
1	0.01007	0.05684	0.56409	0.01416	0.09278	0.05000	0.07402	0.01440	0.00992	0.03269	0.00887	0.03599	0.00686	0.00458	0.00438	0.00141	0.00644	0.00383	0.00215	0.00652
2	0.01581	0.01199	0.01280	0.01014	0.01351	0.01339	0.00827	0.61342	0.20757	0.02627	0.01268	0.01231	0.00916	0.00561	0.00455	0.00140	0.00465	0.00433	0.00455	0.00758
3	0.00547	0.00430	0.00489	0.00535	0.00627	0.00378	0.00375	0.00642	0.00947	0.01182	0.03561	0.38963	0.44087	0.04309	0.00619	0.00177	0.00252	0.01090	0.00415	0.00372
4	0.01470	0.01076	0.01162	0.00941	0.01253	0.01182	0.00761	0.43872	0.25838	0.08498	0.01653	0.01568	0.07409	0.00615	0.00462	0.00143	0.00426	0.00487	0.00461	0.00723
5	0.01274	0.01149	0.01200	0.25515	0.03987	0.20622	0.00915	0.07784	0.05659	0.11421	0.05046	0.03998	0.02874	0.01891	0.00533	0.00147	0.04647	0.00454	0.00317	0.00567
6	0.00570	0.00416	0.00532	0.00604	0.00657	0.00384	0.00417	0.00670	0.00934	0.01237	0.11705	0.59115	0.12853	0.04320	0.00632	0.00185	0.00265	0.03704	0.00424	0.00375
7	0.00837	0.00523	0.00619	0.00580	0.00738	0.00469	0.00438	0.02251	0.02449	0.14126	0.18660	0.12847	0.36108	0.04143	0.00590	0.00163	0.00272	0.01965	0.01763	0.00460
8	0.01550	0.26776	0.01615	0.01044	0.01330	0.54195	0.00845	0.05451	0.01216	0.01181	0.00698	0.00803	0.00592	0.00447	0.00375	0.00112	0.00702	0.00283	0.00232	0.00554
9	0.04308	0.00752	0.03400	0.00842	0.01007	0.00793	0.00691	0.01342	0.03834	0.23749	0.04159	0.06102	0.01256	0.06566	0.20245	0.00315	0.17875	0.01868	0.00354	0.00540
10	0.06441	0.00534	0.00634	0.00601	0.00731	0.00515	0.00447	0.01011	0.04687	0.08693	0.34569	0.09693	0.12116	0.13047	0.00773	0.00193	0.00292	0.04144	0.00436	0.00443
11	0.04692	0.00678	0.00845	0.00714	0.00942	0.00636	0.00552	0.05775	0.04055	0.38436	0.06891	0.13948	0.01627	0.11234	0.00696	0.00181	0.00358	0.00613	0.04207	0.02919
12	0.01054	0.01079	0.05606	0.14528	0.56468	0.01048	0.04732	0.01378	0.03737	0.01438	0.00940	0.01303	0.00788	0.00451	0.00459	0.00142	0.00554	0.03393	0.00235	0.00667
13	0.04127	0.01010	0.05807	0.39223	0.24807	0.01073	0.05622	0.01290	0.03148	0.01327	0.00830	0.01149	0.00656	0.00466	0.00537	0.00150	0.07572	0.00404	0.00219	0.00584
14	0.00888	0.00847	0.01106	0.03472	0.01127	0.07651	0.05031	0.01062	0.02928	0.01107	0.00973	0.01466	0.00911	0.06713	0.35674	0.00426	0.27476	0.00452	0.00233	0.00459
15	0.00593	0.00416	0.00535	0.00611	0.00638	0.00398	0.00407	0.00665	0.00838	0.01117	0.03962	0.56377	0.02664	0.21798	0.01007	0.00248	0.00316	0.06673	0.00386	0.00350
16	0.27254	0.21687	0.01384	0.00899	0.01187	0.28452	0.02571	0.03457	0.01037	0.03380	0.00736	0.00898	0.00618	0.00461	0.00380	0.00125	0.02786	0.01896	0.00254	0.00540
17	0.00757	0.00562	0.00798	0.00774	0.00904	0.00544	0.06038	0.00996	0.05629	0.04317	0.18424	0.17347	0.07958	0.07170	0.00694	0.00195	0.00358	0.25674	0.00419	0.00442
18	0.01150	0.13714	0.04758	0.04571	0.42505	0.08379	0.09006	0.01451	0.04482	0.01384	0.00909	0.01213	0.00772	0.00447	0.00436	0.00134	0.00572	0.03232	0.00236	0.00650

[dist]
# distance from previous block
# <min> <max>
0	1

[block]
# block no. 7 follows, 57 sequences, length 24
# corresponding to MSA columns:
# 1147-1170
name=unknown_H
#
# <colnr> <probs for GDERKNQSTAVLIFYWHMCP>
#	G	D	E	R	K	N	Q	S	T	A	V	L	I	F	Y	W	H	M	C	P
0	0.00715	0.00537	0.00609	0.00593	0.00738	0.00509	0.00444	0.01009	0.12079	0.05078	0.19928	0.15190	0.36587	0.02176	0.00553	0.00159	0.00261	0.01933	0.00447	0.00453
1	0.01300	0.52151	0.02929	0.03515	0.03306	0.17034	0.00827	0.06164	0.01069	0.02438	0.01810	0.00883	0.00677	0.00543	0.03540	0.00132	0.00580	0.00293	0.00230	0.00578
2	0.01496	0.01048	0.01164	0.00919	0.01222	0.01129	0.00748	0.54920	0.03559	0.08555	0.18687	0.01639	0.01579	0.00631	0.00471	0.00138	0.00425	0.00504	0.00472	0.00694
3	0.13257	0.00950	0.03718	0.13541	0.10030	0.00980	0.02720	0.18251	0.02751	0.12188	0.04733	0.01608	0.02280	0.00682	0.03503	0.00169	0.01407	0.06264	0.00355	0.00613
4	0.03890	0.01209	0.14376	0.02817	0.12279	0.00993	0.20277	0.07909	0.09137	0.06167	0.03860	0.01477	0.06570	0.00510	0.00465	0.00140	0.00533	0.00477	0.00309	0.06605
5	0.00692	0.00495	0.00739	0.00731	0.00820	0.00570	0.00570	0.00854	0.00747	0.03654	0.01232	0.01772	0.01132	0.03307	0.79634	0.00709	0.01187	0.00485	0.00253	0.00416
6	0.00604	0.00457	0.00557	0.00542	0.00657	0.00410	0.00403	0.00780	0.01181	0.01598	0.53272	0.09358	0.26474	0.01025	0.00538	0.00149	0.00222	0.00892	0.00471	0.00410
7	0.01070	0.01095	0.08748	0.16225	0.48130	0.01016	0.01275	0.05150	0.01080	0.03460	0.06142	0.01348	0.00963	0.00474	0.00457	0.00140	0.00532	0.01780	0.00258	0.00656
8	0.01024	0.00829	0.00966	0.00696	0.01095	0.00649	0.00559	0.05338	0.01017	0.04675	0.00859	0.00971	0.00694	0.00355	0.00346	0.00074	0.00346	0.00283	0.00290	0.78935
9	0.01905	0.00776	0.01029	0.00801	0.01131	0.00691	0.00655	0.06874	0.01317	0.70718	0.01832	0.04207	0.03196	0.02065	0.00494	0.00147	0.00386	0.00495	0.00541	0.00740
10	0.00706	0.00505	0.01739	0.00588	0.00721	0.00441	0.00455	0.00888	0.01178	0.06608	0.47903	0.10368	0.20695	0.01002	0.00536	0.00151	0.00248	0.04361	0.00471	0.00437
11	0.15624	0.06195	0.14949	0.03228	0.09219	0.04070	0.02614	0.07390	0.01132	0.27207	0.01122	0.01182	0.00798	0.02785	0.00463	0.00145	0.00489	0.00379	0.00352	0.00658
12	0.00660	0.00505	0.00767	0.05802	0.00952	0.00594	0.00609	0.00831	0.00739	0.01058	0.01189	0.01745	0.01100	0.03217	0.77232	0.00693	0.01176	0.00480	0.00240	0.00411
13	0.00795	0.00506	0.00618	0.00595	0.00719	0.00467	0.00434	0.01826	0.03255	0.10989	0.23647	0.19617	0.20480	0.11738	0.00761	0.00193	0.00288	0.02192	0.00441	0.00438
14	0.01105	0.01270	0.08356	0.04725	0.37453	0.06172	0.29049	0.01413	0.01039	0.01415	0.00859	0.01135	0.00686	0.00435	0.00510	0.02431	0.00644	0.00437	0.00223	0.00644
15	0.01056	0.30971	0.35651	0.01313	0.07355	0.01330	0.13624	0.01407	0.00967	0.01311	0.00768	0.00929	0.00605	0.00406	0.00399	0.00128	0.00610	0.00339	0.00201	0.00633
16	0.00642	0.00488	0.00591	0.00637	0.00715	0.00480	0.00448	0.00886	0.10883	0.01300	0.09337	0.48935	0.12295	0.07088	0.00678	0.00192	0.00284	0.03285	0.00422	0.00413
17	0.00730	0.00475	0.00600	0.00620	0.00707	0.00448	0.00443	0.00868	0.02819	0.07879	0.13603	0.34190	0.11791	0.13953	0.03180	0.00227	0.00330	0.06313	0.00416	0.00410
18	0.04377	0.01158	0.07238	0.15012	0.33985	0.06653	0.06035	0.05378	0.01090	0.09901	0.00977	0.03283	0.00772	0.00473	0.00463	0.00141	0.01722	0.00422	0.00273	0.00647
19	0.06798	0.00523	0.00631	0.00686	0.00781	0.00526	0.00513	0.03356	0.05867	0.01385	0.05276	0.47308	0.07380	0.01205	0.00551	0.00179	0.00308	0.15888	0.00416	0.00424
20	0.36498	0.00947	0.06612	0.00767	0.01108	0.00875	0.00674	0.04043	0.04172	0.38241	0.01231	0.01166	0.00827	0.00496	0.00383	0.00141	0.00394	0.00363	0.00414	0.00648
21	0.01121	0.01236	0.11787	0.13955	0.13746	0.01106	0.26615	0.15699	0.01218	0.01660	0.01014	0.01423	0.00816	0.00493	0.00488	0.00150	0.00622	0.05944	0.00274	0.00633
22	0.04573	0.01378	0.13547	0.03894	0.18238	0.12165	0.02894	0.14496	0.08001	0.14746	0.01093	0.01157	0.00796	0.00485	0.00439	0.00137	0.00550	0.00394	0.00334	0.00684
23	0.04407	0.00994	0.01402	0.19937	0.30256	0.04177	0.01069	0.10400	0.04689	0.11795	0.03702	0.01342	0.02840	0.00498	0.00449	0.00140	0.00507	0.00432	0.00315	0.00649

[dist]
# distance from previous block
# <min> <max>
0	21

[block]
# block no. 8 follows, 57 sequences, length 33
# corresponding to MSA columns:
# 1192-1224
name=unknown_I
#
# <colnr> <probs for GDERKNQSTAVLIFYWHMCP>
#	G	D	E	R	K	N	Q	S	T	A	V	L	I	F	Y	W	H	M	C	P
0	0.07081	0.00715	0.03302	0.02551	0.00878	0.05897	0.00546	0.05533	0.01085	0.02560	0.19696	0.15328	0.16961	0.07093	0.03703	0.00197	0.00383	0.05660	0.00389	0.00443
1	0.03170	0.16316	0.01445	0.01021	0.01315	0.36211	0.00826	0.21067	0.07641	0.03356	0.00939	0.01060	0.00754	0.00505	0.00407	0.00124	0.00615	0.02303	0.00311	0.00613
2	0.02679	0.00837	0.01006	0.00816	0.01109	0.00834	0.00659	0.16297	0.12414	0.30577	0.03766	0.01639	0.05418	0.00930	0.10465	0.00207	0.00486	0.00474	0.00447	0.08940
3	0.01144	0.01053	0.01338	0.28150	0.09036	0.10939	0.05297	0.03348	0.15303	0.06658	0.01116	0.01393	0.00878	0.00525	0.00498	0.00145	0.04071	0.03550	0.00297	0.05263
4	0.03509	0.11476	0.56203	0.01187	0.01763	0.01094	0.05611	0.01519	0.00995	0.11219	0.00912	0.01010	0.00646	0.00439	0.00419	0.00138	0.00610	0.00347	0.00241	0.00664
5	0.00595	0.00460	0.00537	0.00577	0.00666	0.00427	0.00407	0.00757	0.05214	0.01247	0.07990	0.37923	0.30950	0.07183	0.00679	0.00188	0.00270	0.03122	0.00417	0.00390
6	0.01398	0.01484	0.24105	0.01065	0.01490	0.02466	0.01044	0.37092	0.12479	0.08337	0.03706	0.01238	0.00935	0.00534	0.00450	0.00141	0.00515	0.00416	0.00386	0.00720
7	0.01437	0.36095	0.05546	0.02394	0.01345	0.35173	0.00874	0.05332	0.01138	0.03778	0.00729	0.00834	0.00609	0.00447	0.00392	0.00114	0.02665	0.00289	0.00235	0.00574
8	0.01052	0.01002	0.01663	0.22353	0.55153	0.01072	0.01309	0.01379	0.05288	0.01411	0.00886	0.01169	0.00722	0.00440	0.00483	0.00142	0.03178	0.00409	0.00231	0.00658
9	0.00557	0.00400	0.00530	0.00632	0.00665	0.00373	0.00428	0.00641	0.00878	0.01165	0.02561	0.78721	0.05470	0.01406	0.00579	0.00184	0.00267	0.03751	0.00421	0.00370
10	0.01612	0.01021	0.01155	0.00932	0.01254	0.01091	0.00754	0.30461	0.28487	0.25881	0.01553	0.01428	0.01083	0.00573	0.00457	0.00143	0.00418	0.00458	0.00488	0.00753
11	0.01120	0.53096	0.28248	0.00957	0.01426	0.04444	0.01069	0.01389	0.00942	0.01188	0.00703	0.00824	0.00589	0.00457	0.01774	0.00124	0.00570	0.00279	0.00195	0.00605
12	0.01121	0.00850	0.00947	0.00858	0.01089	0.00936	0.00677	0.06616	0.49317	0.08645	0.07486	0.05834	0.04406	0.00745	0.00489	0.00158	0.00356	0.08357	0.00464	0.00648
13	0.00557	0.00433	0.00500	0.00544	0.00634	0.00384	0.00384	0.00658	0.00958	0.01209	0.07021	0.37178	0.39810	0.05332	0.00642	0.00181	0.00256	0.02530	0.00417	0.00374
14	0.01679	0.04820	0.01327	0.01144	0.01393	0.72798	0.00871	0.08330	0.01343	0.01254	0.00731	0.00837	0.00599	0.00471	0.00408	0.00118	0.00779	0.00300	0.00251	0.00548
15	0.06386	0.01176	0.04250	0.01007	0.03181	0.23244	0.04967	0.08097	0.01118	0.03972	0.01441	0.28168	0.01498	0.00830	0.00539	0.00155	0.05020	0.04111	0.00331	0.00510
16	0.04716	0.29988	0.47406	0.01074	0.01606	0.01304	0.01279	0.01409	0.00936	0.02913	0.00756	0.00882	0.00584	0.00429	0.00409	0.00129	0.03043	0.00304	0.00204	0.00629
17	0.00597	0.00452	0.00538	0.00534	0.00639	0.00406	0.00387	0.00744	0.01100	0.01466	0.39760	0.13387	0.29622	0.07525	0.00678	0.00174	0.00243	0.00909	0.00446	0.00393
18	0.00546	0.00452	0.00478	0.00488	0.00622	0.00384	0.00360	0.00664	0.01033	0.01263	0.10407	0.13534	0.65881	0.01162	0.00540	0.00156	0.00232	0.00984	0.00427	0.00384
19	0.03468	0.06526	0.58959	0.01169	0.01738	0.04832	0.01404	0.03997	0.01032	0.09571	0.00909	0.01013	0.00646	0.00511	0.02192	0.00152	0.00635	0.00343	0.00243	0.00661
20	0.07759	0.00811	0.00918	0.00665	0.01058	0.00637	0.00533	0.01156	0.00926	0.01521	0.00792	0.00924	0.00657	0.00342	0.00331	0.00073	0.00337	0.00267	0.00269	0.80024
21	0.00695	0.00489	0.00591	0.00582	0.00709	0.00444	0.00440	0.02534	0.01129	0.05656	0.30845	0.15263	0.29726	0.02423	0.00571	0.00161	0.00260	0.06601	0.00454	0.00426
22	0.00680	0.00444	0.00588	0.00655	0.00718	0.00417	0.00460	0.00808	0.02652	0.06661	0.08072	0.66571	0.02907	0.01300	0.00567	0.00179	0.00278	0.05195	0.00436	0.00410
23	0.00966	0.00923	0.01584	0.49362	0.33641	0.01038	0.03505	0.01257	0.00960	0.01292	0.00827	0.01175	0.00651	0.00432	0.00454	0.00145	0.00583	0.00407	0.00211	0.00590
24	0.00883	0.00596	0.00737	0.00653	0.00814	0.00582	0.00504	0.09082	0.05507	0.08094	0.61419	0.02934	0.04691	0.00846	0.00516	0.00142	0.00264	0.00735	0.00496	0.00504
25	0.00878	0.00767	0.00900	0.05271	0.01009	0.10677	0.00663	0.00939	0.00764	0.01001	0.00924	0.01422	0.00871	0.03488	0.32854	0.22131	0.14410	0.00423	0.00221	0.00385
26	0.00867	0.00828	0.01430	0.78633	0.03081	0.01014	0.05464	0.01174	0.00915	0.01174	0.00811	0.01209	0.00609	0.00449	0.00457	0.00151	0.00613	0.00410	0.00203	0.00509
27	0.03704	0.00756	0.01018	0.00789	0.01124	0.00660	0.00649	0.02114	0.01285	0.75427	0.06237	0.01630	0.01287	0.00579	0.00457	0.00140	0.00375	0.00472	0.00552	0.00746
28	0.00695	0.00537	0.00763	0.00749	0.00830	0.00631	0.00581	0.00903	0.05043	0.01095	0.01259	0.01900	0.01191	0.08827	0.65786	0.00635	0.05496	0.02404	0.00259	0.00417
29	0.00986	0.03702	0.01621	0.30887	0.36453	0.01023	0.06996	0.01270	0.02775	0.01321	0.00943	0.05641	0.00811	0.00514	0.00498	0.02721	0.00553	0.00458	0.00231	0.00595
30	0.00754	0.00539	0.00764	0.00715	0.00745	0.00615	0.02485	0.00758	0.00670	0.00937	0.01055	0.01895	0.01098	0.27241	0.20002	0.25592	0.13077	0.00500	0.00232	0.00323
31	0.07986	0.00834	0.00992	0.00803	0.01101	0.00824	0.00650	0.15995	0.08571	0.41237	0.05893	0.06114	0.05664	0.00650	0.00458	0.00144	0.00377	0.00528	0.00493	0.00684
32	0.03084	0.00808	0.01038	0.05665	0.12047	0.01607	0.02672	0.08193	0.17648	0.03436	0.14191	0.07163	0.14474	0.00761	0.00522	0.00151	0.03042	0.02538	0.00391	0.00567

[dist]
# distance from previous block
# <min> <max>
0	1

[block]
# block no. 9 follows, 57 sequences, length 17
# corresponding to MSA columns:
# 1226-1242
name=unknown_J
#
# <colnr> <probs for GDERKNQSTAVLIFYWHMCP>
#	G	D	E	R	K	N	Q	S	T	A	V	L	I	F	Y	W	H	M	C	P
0	0.01180	0.05099	0.03472	0.12382	0.42319	0.02949	0.03008	0.09070	0.09158	0.04228	0.02158	0.01206	0.00827	0.00458	0.00445	0.00137	0.00527	0.00414	0.00281	0.00678
1	0.01144	0.03161	0.06634	0.10790	0.04431	0.06778	0.03952	0.08495	0.06961	0.10401	0.08435	0.01807	0.03563	0.00786	0.04537	0.00181	0.10404	0.06623	0.00338	0.00577
2	0.00986	0.00827	0.01003	0.00732	0.01117	0.00664	0.02581	0.01237	0.04499	0.03953	0.00879	0.01000	0.00715	0.00368	0.00380	0.00079	0.02540	0.00295	0.00283	0.75858
3	0.01062	0.01261	0.14660	0.06907	0.03277	0.01176	0.23003	0.06972	0.04830	0.03244	0.00985	0.01224	0.03163	0.00569	0.00785	0.00163	0.25423	0.00451	0.00252	0.00594
4	0.00845	0.00422	0.00422	0.00422	0.00528	0.00422	0.00317	0.01056	0.00950	0.01689	0.01478	0.01689	0.01161	0.00528	0.00317	0.00106	0.00211	0.00422	0.86591	0.00422
5	0.05581	0.39904	0.03465	0.02795	0.01326	0.01322	0.07890	0.05253	0.04905	0.20344	0.01051	0.01128	0.00801	0.00467	0.00380	0.00123	0.00480	0.01831	0.00317	0.00637
6	0.01085	0.01141	0.12125	0.25661	0.23273	0.01033	0.05648	0.09481	0.04035	0.05173	0.01120	0.01321	0.04582	0.00485	0.00456	0.00143	0.00552	0.00433	0.00271	0.01982
7	0.00810	0.00743	0.01144	0.00992	0.01111	0.03374	0.11905	0.00981	0.00784	0.01110	0.01041	0.01569	0.00969	0.06281	0.47901	0.00506	0.17618	0.00477	0.00233	0.00450
8	0.00592	0.00454	0.00545	0.00562	0.00663	0.00413	0.00406	0.00760	0.03081	0.01427	0.30451	0.28439	0.28273	0.01141	0.00546	0.00159	0.00238	0.01000	0.00449	0.00402
9	0.00598	0.00433	0.00551	0.00622	0.00679	0.00408	0.00444	0.00700	0.00914	0.01198	0.06624	0.45727	0.13261	0.11710	0.00795	0.00214	0.00304	0.14041	0.00406	0.00370
10	0.00845	0.00422	0.00422	0.00422	0.00528	0.00422	0.00317	0.01056	0.00950	0.01689	0.01478	0.01689	0.01161	0.00528	0.00317	0.00106	0.00211	0.00422	0.86591	0.00422
11	0.00904	0.01022	0.15952	0.00952	0.01226	0.00799	0.08678	0.05512	0.17383	0.03269	0.10677	0.21319	0.04521	0.00844	0.00564	0.04331	0.00423	0.00704	0.00370	0.00549
12	0.00624	0.00459	0.00547	0.00552	0.00669	0.00408	0.00409	0.00771	0.01094	0.03727	0.29905	0.18836	0.35501	0.01110	0.00544	0.00157	0.00241	0.03587	0.00451	0.00407
13	0.01710	0.02055	0.01276	0.01145	0.01389	0.74958	0.00865	0.05033	0.01320	0.05099	0.00769	0.00864	0.00618	0.00475	0.00413	0.00119	0.00783	0.00305	0.00258	0.00547
14	0.01094	0.03661	0.18847	0.27686	0.02272	0.01125	0.19059	0.12030	0.01129	0.04594	0.00896	0.01133	0.00658	0.00458	0.00497	0.00147	0.03431	0.00416	0.00253	0.00612
15	0.05186	0.01177	0.14215	0.05293	0.13490	0.03915	0.06348	0.01276	0.00922	0.05560	0.01043	0.03074	0.04066	0.03200	0.00749	0.00160	0.20405	0.01469	0.00253	0.08197
16	0.05198	0.13344	0.12303	0.00996	0.03133	0.11772	0.02312	0.07419	0.07641	0.08486	0.04193	0.01292	0.00950	0.00525	0.00470	0.00130	0.05163	0.03563	0.00308	0.10801

[dist]
# distance from previous block
# <min> <max>
2	34

[block]
# block no. 10 follows, 57 sequences, length 22
# corresponding to MSA columns:
# 1352-1373
name=unknown_K
#
# <colnr> <probs for GDERKNQSTAVLIFYWHMCP>
#	G	D	E	R	K	N	Q	S	T	A	V	L	I	F	Y	W	H	M	C	P
0	0.20115	0.02348	0.03617	0.03240	0.04760	0.10797	0.04330	0.12307	0.07009	0.05349	0.02806	0.11908	0.01092	0.00656	0.02018	0.00150	0.00478	0.00485	0.00335	0.06200
1	0.07608	0.04964	0.08084	0.08697	0.05478	0.00745	0.04401	0.03985	0.00985	0.03003	0.04659	0.27227	0.11158	0.02586	0.00524	0.00161	0.00402	0.02465	0.00338	0.02532
2	0.08462	0.03389	0.02671	0.00787	0.01128	0.02446	0.00652	0.15971	0.03502	0.15460	0.04924	0.02317	0.00989	0.00603	0.03769	0.00137	0.00426	0.00381	0.00367	0.31620
3	0.51830	0.00956	0.06953	0.09063	0.01222	0.00966	0.00694	0.04811	0.04478	0.03962	0.02533	0.03487	0.00809	0.00528	0.00380	0.01514	0.00406	0.03072	0.00301	0.02034
4	0.00593	0.00421	0.00532	0.00581	0.00623	0.00397	0.00386	0.00683	0.00912	0.01232	0.18264	0.46195	0.06234	0.19670	0.00952	0.00231	0.00291	0.01039	0.00404	0.00360
5	0.01078	0.00990	0.01608	0.35413	0.38673	0.01086	0.03023	0.09954	0.01103	0.01500	0.00861	0.01155	0.00676	0.00439	0.00453	0.00142	0.00566	0.00407	0.00240	0.00633
6	0.04365	0.02659	0.01225	0.04414	0.08868	0.02678	0.04304	0.15175	0.05260	0.11728	0.03785	0.02806	0.00940	0.00482	0.00427	0.00117	0.01464	0.00398	0.00347	0.28556
7	0.46968	0.00871	0.00893	0.00910	0.09818	0.00952	0.00643	0.07182	0.06541	0.08591	0.06169	0.02965	0.03273	0.00542	0.00375	0.00143	0.00373	0.01881	0.00346	0.00565
8	0.00567	0.00428	0.00524	0.00569	0.00649	0.00385	0.00400	0.00685	0.01004	0.01318	0.20001	0.43934	0.25420	0.01236	0.00557	0.00166	0.00243	0.01093	0.00438	0.00385
9	0.01008	0.00810	0.00914	0.00852	0.02400	0.00892	0.00643	0.13743	0.35639	0.01805	0.09441	0.16303	0.05566	0.01006	0.06659	0.00198	0.00411	0.00679	0.00434	0.00597
10	0.01089	0.01043	0.01781	0.12584	0.71699	0.01068	0.01375	0.01362	0.01016	0.01441	0.00847	0.01132	0.00704	0.00410	0.00449	0.00137	0.00546	0.00404	0.00221	0.00692
11	0.10903	0.00552	0.00643	0.00619	0.00756	0.00535	0.00457	0.03219	0.01035	0.11632	0.18538	0.25506	0.11634	0.09397	0.00686	0.00186	0.00303	0.02523	0.00424	0.00451
12	0.16814	0.00917	0.01025	0.00833	0.01143	0.00960	0.00678	0.18870	0.15010	0.32166	0.02974	0.01371	0.01041	0.00651	0.03381	0.00163	0.00426	0.00426	0.00458	0.00692
13	0.01698	0.01257	0.01346	0.01038	0.01396	0.01394	0.00855	0.76563	0.05345	0.02816	0.01119	0.01113	0.00796	0.00547	0.00454	0.00137	0.00493	0.00412	0.00454	0.00768
14	0.00623	0.00444	0.00566	0.00622	0.00670	0.00436	0.00441	0.00713	0.00840	0.01108	0.02232	0.31574	0.09079	0.25858	0.08234	0.00309	0.00423	0.15111	0.00361	0.00354
15	0.12229	0.00687	0.00787	0.00658	0.00920	0.00622	0.00523	0.01250	0.04338	0.13903	0.16476	0.03778	0.09641	0.01949	0.00461	0.00130	0.00318	0.05056	0.00393	0.25879
16	0.01902	0.00771	0.01029	0.00804	0.01134	0.00686	0.00658	0.04275	0.04084	0.71526	0.04544	0.03936	0.01284	0.00599	0.00462	0.00142	0.00378	0.00493	0.00548	0.00746
17	0.06308	0.00961	0.01125	0.00875	0.01215	0.00972	0.00720	0.31779	0.04080	0.41646	0.01502	0.01382	0.02314	0.00558	0.00444	0.00138	0.00420	0.00436	0.02386	0.00740
18	0.00879	0.00435	0.00620	0.00597	0.00640	0.00420	0.00410	0.00746	0.00688	0.08243	0.01160	0.01661	0.06183	0.05094	0.01592	0.69287	0.00384	0.00448	0.00249	0.00265
19	0.02883	0.00568	0.00699	0.00619	0.00751	0.00546	0.00435	0.01205	0.02997	0.25704	0.01628	0.02412	0.04204	0.45729	0.07399	0.00345	0.00468	0.00582	0.00370	0.00456
20	0.00565	0.00433	0.00519	0.00562	0.00651	0.00387	0.00401	0.00683	0.01003	0.01298	0.16539	0.38979	0.32054	0.01232	0.00556	0.00166	0.00246	0.02907	0.00434	0.00385
21	0.03182	0.01220	0.01326	0.03982	0.01442	0.01351	0.00858	0.70383	0.04757	0.05237	0.01118	0.01121	0.00792	0.00542	0.00451	0.00137	0.00491	0.00410	0.00445	0.00754

[dist]
# distance from previous block
# <min> <max>
0	1

[block]
# block no. 11 follows, 57 sequences, length 17
# corresponding to MSA columns:
# 1375-1391
name=unknown_L
#
# <colnr> <probs for GDERKNQSTAVLIFYWHMCP>
#	G	D	E	R	K	N	Q	S	T	A	V	L	I	F	Y	W	H	M	C	P
0	0.16233	0.03487	0.03632	0.07092	0.02880	0.18700	0.04560	0.06956	0.13095	0.01524	0.01073	0.04240	0.00929	0.08941	0.04623	0.00197	0.00568	0.00429	0.00298	0.00541
1	0.02497	0.03744	0.15967	0.05855	0.19697	0.13017	0.09118	0.05035	0.05837	0.01426	0.00860	0.01070	0.00688	0.00531	0.01756	0.00153	0.11499	0.00388	0.00241	0.00620
2	0.01207	0.02268	0.01107	0.03117	0.02741	0.08768	0.02687	0.13296	0.36430	0.05517	0.04079	0.09337	0.04779	0.00681	0.00486	0.00149	0.01734	0.00564	0.00413	0.00640
3	0.54669	0.02921	0.03636	0.02207	0.03835	0.15365	0.01975	0.03245	0.00915	0.01751	0.00683	0.00822	0.00546	0.00495	0.01711	0.00147	0.04008	0.00283	0.00263	0.00520
4	0.02402	0.00954	0.02625	0.02268	0.07834	0.01013	0.03059	0.13982	0.38700	0.03419	0.07274	0.03455	0.09705	0.00662	0.00473	0.00148	0.00392	0.00560	0.00421	0.00655
5	0.12621	0.01261	0.07055	0.00880	0.01234	0.15458	0.00747	0.17568	0.03317	0.03031	0.00907	0.03006	0.00729	0.00458	0.00384	0.00112	0.00482	0.00338	0.00310	0.30102
6	0.00657	0.00446	0.00528	0.00528	0.00540	0.00458	0.00317	0.00681	0.00669	0.00904	0.01397	0.02794	0.01573	0.72438	0.13842	0.00481	0.00551	0.00634	0.00270	0.00293
7	0.00763	0.00404	0.00594	0.00609	0.00619	0.00402	0.00418	0.00621	0.00645	0.00858	0.01044	0.07539	0.01101	0.03602	0.01615	0.72069	0.00387	0.06251	0.00231	0.00227
8	0.01293	0.17170	0.01440	0.01131	0.09895	0.09435	0.00832	0.13557	0.34096	0.03056	0.01286	0.02778	0.01010	0.00537	0.00423	0.00135	0.00468	0.00424	0.00361	0.00674
9	0.00556	0.00406	0.00518	0.00603	0.00646	0.00374	0.00406	0.00640	0.00892	0.01173	0.04680	0.68812	0.13114	0.04102	0.00629	0.00187	0.00263	0.01213	0.00418	0.00368
10	0.00646	0.00475	0.00684	0.00688	0.00754	0.00539	0.00515	0.00779	0.00722	0.01028	0.01291	0.04694	0.01277	0.16248	0.66762	0.00664	0.01058	0.00540	0.00254	0.00383
11	0.21955	0.09365	0.02551	0.00880	0.01158	0.22116	0.00731	0.09495	0.01164	0.13069	0.01075	0.01421	0.00895	0.00651	0.03105	0.00156	0.00546	0.08768	0.00330	0.00570
12	0.01584	0.02346	0.07001	0.00808	0.01134	0.00744	0.00706	0.10781	0.01337	0.47494	0.12512	0.01921	0.08289	0.00645	0.00468	0.00141	0.00385	0.00529	0.00494	0.00681
13	0.00841	0.00547	0.00627	0.00575	0.00756	0.00492	0.00442	0.01071	0.07026	0.14303	0.18839	0.05396	0.45415	0.00977	0.00518	0.00150	0.00262	0.00824	0.00462	0.00478
14	0.01085	0.01014	0.01166	0.02126	0.02601	0.14806	0.11385	0.03821	0.16213	0.05195	0.13166	0.06538	0.04924	0.00758	0.00507	0.00154	0.00483	0.13126	0.00382	0.00550
15	0.01280	0.24736	0.31436	0.01106	0.04368	0.09459	0.01134	0.07788	0.02498	0.10837	0.00907	0.00977	0.00676	0.00449	0.00395	0.00127	0.00576	0.00330	0.00266	0.00653
16	0.11238	0.21579	0.06432	0.00942	0.01272	0.11941	0.04682	0.05143	0.03582	0.08322	0.00845	0.00951	0.00670	0.00467	0.00478	0.00124	0.08756	0.00323	0.00273	0.11981

[dist]
# distance from previous block
# <min> <max>
5	7

[block]
# block no. 12 follows, 57 sequences, length 18
# corresponding to MSA columns:
# 1402-1404,1407-1410,1412-1422
name=unknown_M
#
# <colnr> <probs for GDERKNQSTAVLIFYWHMCP>
#	G	D	E	R	K	N	Q	S	T	A	V	L	I	F	Y	W	H	M	C	P
0	0.01035	0.01019	0.04939	0.03233	0.46890	0.01006	0.07639	0.01283	0.01909	0.02887	0.00968	0.04658	0.00859	0.00757	0.06396	0.03581	0.08763	0.01317	0.00240	0.00623
1	0.00682	0.00525	0.00751	0.00732	0.00791	0.00622	0.00557	0.00810	0.00713	0.01026	0.01192	0.01908	0.01170	0.16898	0.61040	0.00629	0.08814	0.00507	0.00244	0.00391
2	0.01104	0.01004	0.01176	0.06389	0.01376	0.07125	0.06470	0.10898	0.03714	0.01608	0.00874	0.01012	0.00696	0.00392	0.00382	0.00094	0.00443	0.00324	0.00287	0.54632
3	0.03294	0.06771	0.04385	0.00895	0.07238	0.00750	0.00688	0.01537	0.06431	0.28954	0.24074	0.02102	0.05145	0.00664	0.00463	0.00138	0.00358	0.02092	0.00444	0.03578
4	0.06952	0.49172	0.09760	0.00981	0.07156	0.06885	0.00873	0.01443	0.00982	0.07961	0.00903	0.00979	0.03397	0.00441	0.00346	0.00114	0.00503	0.00309	0.00243	0.00600
5	0.00845	0.00422	0.00422	0.00422	0.00528	0.00422	0.00317	0.01056	0.00950	0.01689	0.01478	0.01689	0.01161	0.00528	0.00317	0.00106	0.00211	0.00422	0.86591	0.00422
6	0.02295	0.09716	0.04045	0.01134	0.06256	0.11934	0.07306	0.11970	0.15845	0.12867	0.04274	0.01439	0.01870	0.00560	0.00489	0.00140	0.03944	0.02910	0.00361	0.00646
