[name]
unknown

[dist]
# distance from previous block
# <min> <max>
12	44

[block]
# block no. 0 follows, 57 sequences, length 52
# corresponding to MSA columns:
# 49-100
name=unknown_A
#
# <colnr> <probs for GDERKNQSTAVLIFYWHMCP>
#	G	D	E	R	K	N	Q	S	T	A	V	L	I	F	Y	W	H	M	C	P
0	0.09198	0.05958	0.00967	0.01997	0.01043	0.06418	0.00602	0.04752	0.05771	0.12651	0.02652	0.19817	0.01387	0.00695	0.00430	0.00130	0.00383	0.02843	0.00364	0.21942
1	0.00955	0.10016	0.72519	0.01240	0.01874	0.02919	0.01572	0.01436	0.00961	0.01393	0.00794	0.00932	0.00575	0.00427	0.00417	0.00139	0.00656	0.00325	0.00193	0.00658
2	0.00719	0.00517	0.00679	0.02900	0.00885	0.00508	0.00595	0.04364	0.01039	0.02861	0.03975	0.30188	0.12421	0.01222	0.00582	0.00186	0.00348	0.35172	0.00419	0.00422
3	0.87276	0.00876	0.00666	0.00596	0.00876	0.01017	0.00491	0.01332	0.00771	0.02033	0.00631	0.00736	0.00491	0.00421	0.00280	0.00140	0.00351	0.00245	0.00280	0.00491
4	0.00596	0.00466	0.00541	0.00532	0.00657	0.00408	0.00389	0.00739	0.01075	0.01413	0.29750	0.15167	0.37502	0.04148	0.00598	0.00161	0.00242	0.00916	0.00435	0.04268
5	0.01052	0.01406	0.17396	0.01698	0.04452	0.02746	0.53496	0.02768	0.01052	0.01465	0.00908	0.01172	0.00685	0.00416	0.00530	0.00149	0.03421	0.00476	0.04096	0.00614
6	0.00656	0.00483	0.00715	0.00715	0.00797	0.00560	0.00555	0.00820	0.00738	0.01080	0.01226	0.01776	0.01134	0.03270	0.78605	0.00700	0.01169	0.00483	0.04114	0.00405
7	0.02954	0.01516	0.01312	0.01068	0.01386	0.25560	0.00854	0.51811	0.05367	0.02278	0.00999	0.01029	0.00738	0.00522	0.00438	0.00131	0.00585	0.00376	0.00385	0.00691
8	0.00552	0.00394	0.00526	0.00631	0.00657	0.00368	0.00421	0.00631	0.00868	0.01157	0.02498	0.83779	0.02997	0.01420	0.00578	0.00184	0.00263	0.01288	0.00421	0.00368
9	0.00667	0.00503	0.00717	0.00707	0.00768	0.00584	0.00532	0.00794	0.00713	0.01020	0.01223	0.01970	0.01205	0.18929	0.62588	0.00645	0.05290	0.00515	0.00247	0.00384
10	0.01147	0.05269	0.26953	0.03743	0.06068	0.04381	0.16699	0.10227	0.16327	0.03115	0.01068	0.01175	0.00792	0.00470	0.00454	0.00143	0.00593	0.00418	0.00290	0.00668
11	0.01118	0.01074	0.01826	0.02735	0.78912	0.01086	0.01379	0.01382	0.01022	0.01469	0.00845	0.01118	0.00714	0.00415	0.00479	0.00136	0.02952	0.00404	0.00224	0.00711
12	0.00536	0.00459	0.00459	0.00459	0.00612	0.00383	0.00344	0.00650	0.01033	0.01224	0.04590	0.04361	0.81065	0.01148	0.00536	0.00153	0.00230	0.00956	0.00421	0.00383
13	0.01259	0.76183	0.02266	0.00814	0.01187	0.09786	0.00785	0.01402	0.00957	0.01070	0.00637	0.00736	0.00582	0.00396	0.00302	0.00099	0.00518	0.00247	0.00198	0.00576
14	0.00856	0.00723	0.00996	0.02835	0.21410	0.00738	0.00773	0.02701	0.14592	0.01470	0.04585	0.17380	0.14348	0.00884	0.00513	0.00160	0.00374	0.11621	0.02502	0.00540
15	0.01155	0.31788	0.25780	0.01060	0.01489	0.08540	0.07233	0.01454	0.02843	0.05947	0.00961	0.03816	0.02528	0.00487	0.00428	0.00128	0.03146	0.00372	0.00240	0.00605
16	0.03593	0.04139	0.01317	0.07911	0.03866	0.67816	0.00907	0.01727	0.01224	0.02479	0.00728	0.00866	0.00596	0.00462	0.00408	0.00120	0.00765	0.00305	0.00236	0.00534
17	0.00623	0.00435	0.00568	0.00604	0.00678	0.00401	0.00429	0.00760	0.01051	0.03292	0.33034	0.44916	0.07986	0.01190	0.00557	0.00165	0.00247	0.02206	0.00454	0.00402
18	0.00942	0.04497	0.63437	0.01377	0.01989	0.01080	0.15907	0.01425	0.00982	0.01434	0.02296	0.01043	0.00663	0.00429	0.00447	0.00144	0.00673	0.00378	0.00204	0.00652
19	0.00845	0.00422	0.00422	0.00422	0.00528	0.00422	0.00317	0.01056	0.00950	0.01689	0.01478	0.01689	0.01161	0.00528	0.00317	0.00106	0.00211	0.00422	0.86591	0.00422
20	0.00552	0.00394	0.00526	0.00631	0.00657	0.00368	0.00421	0.00631	0.00868	0.01157	0.02498	0.83779	0.02997	0.01420	0.00578	0.00184	0.00263	0.01288	0.00421	0.00368
21	0.01693	0.02160	0.01284	0.01167	0.01401	0.82256	0.00876	0.01809	0.01284	0.01109	0.00700	0.00817	0.00584	0.00467	0.00409	0.00117	0.00817	0.00292	0.00233	0.00525
22	0.00909	0.02344	0.81727	0.01292	0.01961	0.01052	0.01674	0.01435	0.00957	0.01435	0.00813	0.00957	0.00574	0.00431	0.00431	0.00144	0.00670	0.00335	0.00191	0.00670
23	0.01191	0.02849	0.17769	0.01048	0.06381	0.03293	0.02215	0.13427	0.03603	0.13109	0.05819	0.03833	0.01170	0.02175	0.06168	0.00186	0.03508	0.02516	0.09129	0.00612
24	0.00874	0.02277	0.19452	0.03327	0.01198	0.00774	0.02308	0.08576	0.08633	0.02885	0.26069	0.05688	0.14563	0.00764	0.00491	0.00146	0.00392	0.00649	0.00387	0.00547
25	0.00995	0.18416	0.59521	0.03364	0.01827	0.03727	0.03385	0.01424	0.00961	0.01345	0.00776	0.00920	0.00579	0.00423	0.00405	0.00134	0.00638	0.00322	0.00194	0.00642
26	0.65082	0.06658	0.05567	0.00714	0.01016	0.07450	0.00626	0.01397	0.00846	0.04224	0.00681	0.00785	0.00530	0.00436	0.00335	0.00137	0.02462	0.00264	0.00272	0.00518
27	0.01627	0.02561	0.01311	0.01009	0.01354	0.01284	0.02280	0.55562	0.15866	0.10464	0.01281	0.01236	0.00909	0.00553	0.00454	0.00139	0.00467	0.00431	0.00457	0.00755
28	0.84623	0.00873	0.00678	0.00602	0.00885	0.01006	0.00496	0.01359	0.00788	0.04509	0.00667	0.00761	0.00510	0.00425	0.00286	0.00140	0.00352	0.00252	0.00289	0.00499
29	0.01231	0.00945	0.01552	0.03775	0.52918	0.00922	0.03028	0.01477	0.01101	0.16806	0.07476	0.01523	0.02974	0.00506	0.00464	0.00139	0.00481	0.01679	0.00318	0.00686
30	0.01166	0.01113	0.05871	0.03412	0.20550	0.04746	0.00945	0.08893	0.37717	0.02858	0.02642	0.04138	0.01156	0.00565	0.00455	0.00145	0.00451	0.00482	0.02009	0.00685
31	0.00627	0.00463	0.00586	0.00555	0.00668	0.00421	0.00416	0.00827	0.01249	0.01736	0.70609	0.03518	0.14726	0.00956	0.00535	0.00144	0.00216	0.00838	0.00488	0.00421
32	0.00659	0.00439	0.00494	0.00494	0.00494	0.00439	0.00275	0.00659	0.00659	0.00879	0.01428	0.02965	0.01647	0.84075	0.02306	0.00439	0.00439	0.00659	0.00275	0.00275
33	0.01115	0.01070	0.01827	0.04760	0.79321	0.01075	0.01387	0.01385	0.01029	0.01472	0.00851	0.01124	0.00715	0.00405	0.00449	0.00135	0.00540	0.00404	0.00224	0.00712
34	0.01129	0.00862	0.01028	0.00829	0.04707	0.00739	0.00628	0.07756	0.07934	0.09392	0.02145	0.01117	0.00837	0.00410	0.00375	0.00091	0.00363	0.00333	0.00330	0.58994
35	0.00756	0.00414	0.00621	0.00621	0.00640	0.00432	0.00432	0.00640	0.00621	0.00847	0.00883	0.01468	0.00865	0.01984	0.19865	0.67468	0.00578	0.00414	0.00207	0.00243
36	0.00990	0.06171	0.71875	0.01247	0.01876	0.03734	0.01567	0.03218	0.00999	0.03089	0.00827	0.00956	0.00590	0.00435	0.00424	0.00140	0.00656	0.00333	0.00206	0.00665
37	0.01241	0.26175	0.23091	0.03742	0.08619	0.22373	0.04505	0.02981	0.01063	0.01265	0.00743	0.00889	0.00601	0.00426	0.00391	0.00123	0.00641	0.00315	0.00213	0.00605
38	0.00856	0.00805	0.01359	0.82986	0.03121	0.01007	0.01258	0.01158	0.00906	0.01158	0.00805	0.01208	0.00604	0.00453	0.00453	0.00151	0.00604	0.00403	0.00201	0.00503
39	0.00574	0.00427	0.00606	0.00676	0.00718	0.00399	0.03390	0.00662	0.00870	0.01161	0.02412	0.78727	0.02878	0.03377	0.00618	0.00189	0.00286	0.01245	0.00410	0.00375
40	0.01413	0.43082	0.01815	0.00978	0.02767	0.36183	0.00819	0.02726	0.02233	0.01146	0.00709	0.00816	0.00614	0.00431	0.00350	0.00108	0.00620	0.00277	0.02351	0.00561
41	0.00863	0.00739	0.01054	0.18990	0.08642	0.00855	0.01954	0.02997	0.07648	0.01262	0.03947	0.06840	0.02559	0.19976	0.02010	0.00233	0.12818	0.04170	0.01967	0.00476
42	0.01225	0.22308	0.21480	0.01002	0.01408	0.06989	0.00995	0.13017	0.21248	0.02956	0.01139	0.01161	0.02167	0.00500	0.00407	0.00132	0.00518	0.00377	0.00311	0.00661
43	0.01077	0.02556	0.13017	0.02090	0.48091	0.01022	0.05535	0.01397	0.03494	0.04858	0.02982	0.03908	0.02016	0.00509	0.00496	0.00143	0.03372	0.02508	0.00261	0.00667
44	0.00668	0.00468	0.00595	0.00591	0.00628	0.00505	0.00400	0.00740	0.00705	0.00988	0.01395	0.02464	0.02962	0.47762	0.31160	0.00519	0.02566	0.00586	0.03964	0.00335
45	0.00641	0.00463	0.00606	0.00570	0.00677	0.00428	0.00428	0.00855	0.01283	0.01817	0.81009	0.03385	0.04276	0.00926	0.00534	0.00143	0.00214	0.00819	0.00499	0.00428
46	0.00960	0.04728	0.61326	0.01421	0.06495	0.01093	0.11228	0.01474	0.04396	0.01448	0.00867	0.01023	0.00631	0.00430	0.00441	0.00143	0.00654	0.00368	0.00210	0.00664
47	0.01723	0.01269	0.01360	0.01043	0.01405	0.01405	0.00861	0.79738	0.02131	0.02856	0.01088	0.01088	0.00771	0.00544	0.00453	0.00136	0.00499	0.00408	0.00453	0.00771
48	0.01211	0.84348	0.02374	0.00775	0.01163	0.01793	0.00775	0.01357	0.00921	0.01066	0.00630	0.00727	0.00582	0.00388	0.00291	0.00097	0.00485	0.00242	0.00194	0.00582
49	0.02766	0.00622	0.00800	0.00681	0.00907	0.00566	0.00546	0.01521	0.03547	0.37290	0.25559	0.02485	0.07348	0.00744	0.00479	0.00143	0.00310	0.05108	0.07990	0.00586
50	0.01211	0.84348	0.02374	0.00775	0.01163	0.01793	0.00775	0.01357	0.00921	0.01066	0.00630	0.00727	0.00582	0.00388	0.00291	0.00097	0.00485	0.00242	0.00194	0.00582
51	0.01130	0.08903	0.55332	0.01149	0.01711	0.07049	0.01361	0.01536	0.01018	0.11136	0.00908	0.00998	0.00647	0.00441	0.00416	0.00133	0.00614	0.00335	0.00243	0.04938

[dist]
# distance from previous block
# <min> <max>
0	3

[block]
# block no. 1 follows, 57 sequences, length 23
# corresponding to MSA columns:
# 104-126
name=unknown_B
#
# <colnr> <probs for GDERKNQSTAVLIFYWHMCP>
#	G	D	E	R	K	N	Q	S	T	A	V	L	I	F	Y	W	H	M	C	P
0	0.00909	0.02344	0.81727	0.01292	0.01961	0.01052	0.01674	0.01435	0.00957	0.01435	0.00813	0.00957	0.00574	0.00431	0.00431	0.00144	0.00670	0.00335	0.00191	0.00670
1	0.00558	0.00399	0.00533	0.00638	0.00667	0.00373	0.00431	0.00642	0.00874	0.01164	0.02494	0.81082	0.02984	0.01414	0.00580	0.00185	0.00268	0.03926	0.00421	0.00370
2	0.00552	0.00394	0.00526	0.00631	0.00657	0.00368	0.00421	0.00631	0.00868	0.01157	0.02498	0.83779	0.02997	0.01420	0.00578	0.00184	0.00263	0.01288	0.00421	0.00368
3	0.00648	0.00441	0.00491	0.00491	0.00504	0.00434	0.00281	0.00658	0.00691	0.00908	0.01701	0.03086	0.08498	0.76922	0.02154	0.00415	0.00421	0.00685	0.00287	0.00284
4	0.01661	0.02100	0.01315	0.01256	0.05798	0.77785	0.00904	0.01786	0.01270	0.01129	0.00709	0.00834	0.00591	0.00463	0.00411	0.00118	0.00802	0.00298	0.00233	0.00536
5	0.00544	0.00459	0.00471	0.00468	0.00617	0.00386	0.00351	0.00667	0.01054	0.01274	0.10984	0.04279	0.74640	0.01129	0.00535	0.00152	0.00228	0.00945	0.00427	0.00386
6	0.00940	0.00805	0.00940	0.00671	0.01074	0.00604	0.00537	0.01141	0.00940	0.01477	0.00805	0.00940	0.00671	0.00336	0.00336	0.00067	0.00336	0.00268	0.00268	0.86845
7	0.00659	0.00439	0.00494	0.00494	0.00494	0.00439	0.00275	0.00659	0.00659	0.00879	0.01428	0.02965	0.01647	0.84075	0.02306	0.00439	0.00439	0.00659	0.00275	0.00275
8	0.01084	0.00922	0.00978	0.00883	0.01125	0.01058	0.00686	0.02260	0.72606	0.01884	0.07565	0.01813	0.01587	0.00635	0.00463	0.00152	0.00344	0.00532	0.02735	0.00688
9	0.79492	0.00887	0.00714	0.00625	0.00912	0.01015	0.00515	0.04613	0.00854	0.06033	0.00708	0.00791	0.00534	0.00433	0.00296	0.00140	0.00358	0.00263	0.00302	0.00516
10	0.01585	0.07810	0.01310	0.01100	0.01335	0.71366	0.00837	0.01703	0.01237	0.01111	0.00872	0.03802	0.03026	0.00514	0.00410	0.00119	0.00757	0.00343	0.00243	0.00520
11	0.00588	0.00461	0.00531	0.00514	0.00644	0.00405	0.00385	0.00751	0.01156	0.01516	0.42225	0.03880	0.43248	0.01039	0.00535	0.00148	0.00222	0.00889	0.00459	0.00405
12	0.01122	0.01077	0.01839	0.02781	0.81248	0.01077	0.01391	0.01391	0.01032	0.01480	0.00852	0.01122	0.00718	0.00404	0.00449	0.00135	0.00538	0.00404	0.00224	0.00718
13	0.00551	0.00397	0.00523	0.00624	0.00655	0.00369	0.00417	0.00632	0.00874	0.01160	0.02585	0.80447	0.06273	0.01408	0.00577	0.00183	0.00261	0.01274	0.00421	0.00369
14	0.01122	0.01073	0.01807	0.02707	0.78058	0.01079	0.01364	0.01431	0.04196	0.01497	0.00892	0.01144	0.00744	0.00412	0.00449	0.00135	0.00531	0.00408	0.00234	0.00718
15	0.84212	0.00890	0.00691	0.00612	0.00895	0.01030	0.00504	0.04140	0.00820	0.02063	0.00647	0.00749	0.00501	0.00425	0.00287	0.00140	0.00356	0.00251	0.00287	0.00501
16	0.00556	0.00441	0.00495	0.00519	0.00628	0.00385	0.00372	0.00668	0.01003	0.01260	0.12417	0.25819	0.48676	0.03916	0.00605	0.00170	0.00244	0.01022	0.00425	0.00380
17	0.00604	0.00528	0.00639	0.12196	0.03802	0.00495	0.00514	0.00751	0.01015	0.01233	0.05327	0.05954	0.63284	0.01027	0.00522	0.00153	0.00294	0.00865	0.00384	0.00412
18	0.00604	0.00462	0.00555	0.00543	0.00664	0.00413	0.00410	0.00778	0.01170	0.01563	0.47695	0.06250	0.31988	0.01035	0.00540	0.00150	0.00229	0.04078	0.00465	0.00409
19	0.00786	0.00535	0.00608	0.02093	0.00769	0.00486	0.00441	0.03556	0.03006	0.09834	0.14996	0.06909	0.47041	0.00992	0.00514	0.00149	0.00266	0.02049	0.04515	0.00455
20	0.71223	0.00902	0.00767	0.00657	0.00952	0.01019	0.00542	0.08641	0.00947	0.09730	0.00784	0.00846	0.00577	0.00445	0.00313	0.00140	0.00368	0.00281	0.00323	0.00543
21	0.37550	0.11981	0.19176	0.00838	0.01233	0.03004	0.00843	0.03727	0.00974	0.15604	0.00887	0.00936	0.00641	0.00448	0.00354	0.00135	0.00461	0.00307	0.00302	0.00600
22	0.04180	0.18521	0.30560	0.01118	0.01579	0.16407	0.06921	0.05616	0.01073	0.01401	0.00770	0.00902	0.00602	0.00422	0.00394	0.00123	0.00617	0.00318	0.00226	0.08250

[dist]
# distance from previous block
# <min> <max>
0	1

[block]
# block no. 2 follows, 57 sequences, length 21
# corresponding to MSA columns:
# 128-148
name=unknown_C
#
# <colnr> <probs for GDERKNQSTAVLIFYWHMCP>
#	G	D	E	R	K	N	Q	S	T	A	V	L	I	F	Y	W	H	M	C	P
0	0.08926	0.42404	0.18045	0.01020	0.03067	0.11429	0.05546	0.01445	0.00976	0.02460	0.00714	0.00834	0.00589	0.00412	0.00352	0.00117	0.00567	0.00291	0.00214	0.00592
1	0.02403	0.01010	0.01088	0.00942	0.02623	0.05039	0.00735	0.37697	0.10457	0.04551	0.03027	0.10670	0.01263	0.02148	0.07400	0.00200	0.02285	0.02807	0.03023	0.00631
2	0.01016	0.01011	0.03613	0.02613	0.01245	0.01300	0.02648	0.06828	0.00818	0.01228	0.00704	0.01116	0.00672	0.04317	0.04187	0.00219	0.65322	0.00413	0.00222	0.00511
3	0.00976	0.00804	0.00943	0.00676	0.01077	0.00606	0.00541	0.01177	0.00952	0.04161	0.00838	0.00960	0.00686	0.00343	0.00340	0.00070	0.00337	0.00275	0.00278	0.83960
4	0.01588	0.03073	0.01311	0.01187	0.09483	0.21916	0.00861	0.33747	0.05096	0.10548	0.01122	0.03981	0.00865	0.00542	0.00440	0.00132	0.00550	0.00415	0.02469	0.00674
5	0.01043	0.01044	0.04827	0.13237	0.54871	0.01025	0.03226	0.01387	0.05849	0.01476	0.05308	0.01361	0.00965	0.00468	0.00459	0.00141	0.00527	0.01871	0.00253	0.00663
6	0.00662	0.00477	0.00639	0.00666	0.00766	0.00454	0.00532	0.00859	0.01154	0.01580	0.44315	0.11582	0.05229	0.01092	0.00571	0.00170	0.00290	0.28084	0.00461	0.00417
7	0.01005	0.00945	0.01584	0.43162	0.39588	0.01051	0.01309	0.03507	0.01000	0.01357	0.00835	0.01164	0.00662	0.00433	0.00451	0.00143	0.00570	0.00403	0.00219	0.00611
8	0.00559	0.00405	0.00530	0.00627	0.00666	0.00376	0.00428	0.00646	0.00888	0.01170	0.02651	0.74404	0.08861	0.01392	0.00577	0.00183	0.00267	0.04580	0.00420	0.00371
9	0.00655	0.00457	0.00581	0.00581	0.00612	0.00487	0.00383	0.00715	0.00685	0.00943	0.01348	0.02524	0.01456	0.54015	0.32105	0.00547	0.00728	0.00594	0.00263	0.00323
10	0.01122	0.01077	0.01839	0.02781	0.81248	0.01077	0.01391	0.01391	0.01032	0.01480	0.00852	0.01122	0.00718	0.00404	0.00449	0.00135	0.00538	0.00404	0.00224	0.00718
11	0.01693	0.02160	0.01284	0.01167	0.01401	0.82256	0.00876	0.01809	0.01284	0.01109	0.00700	0.00817	0.00584	0.00467	0.00409	0.00117	0.00817	0.00292	0.00233	0.00525
12	0.00877	0.00827	0.01389	0.71390	0.12082	0.00997	0.01248	0.01170	0.00924	0.01197	0.00917	0.01287	0.02884	0.00467	0.00455	0.00149	0.00586	0.00418	0.00210	0.00525
13	0.00964	0.00972	0.09749	0.00742	0.01173	0.00654	0.00664	0.01200	0.00951	0.03497	0.00831	0.00957	0.00672	0.00352	0.00349	0.00077	0.00373	0.00280	0.00267	0.75275
14	0.08739	0.01200	0.01359	0.12668	0.13282	0.17588	0.02691	0.05187	0.00986	0.02370	0.00761	0.01051	0.00650	0.02084	0.02481	0.00171	0.25572	0.00375	0.00237	0.00549
15	0.00776	0.00530	0.00742	0.00834	0.00947	0.00527	0.00728	0.00984	0.01052	0.04199	0.02378	0.04985	0.02555	0.01227	0.00620	0.00206	0.00416	0.75443	0.00422	0.00430
16	0.01107	0.00948	0.00992	0.00896	0.01136	0.02808	0.00697	0.06723	0.63685	0.01871	0.04936	0.05250	0.03407	0.00683	0.00474	0.00154	0.00366	0.02741	0.00453	0.00674
17	0.00659	0.00441	0.00502	0.00502	0.00504	0.00443	0.00284	0.00664	0.00661	0.00884	0.01421	0.02927	0.01631	0.81471	0.04888	0.00449	0.00464	0.00653	0.00274	0.00279
18	0.01211	0.84348	0.02374	0.00775	0.01163	0.01793	0.00775	0.01357	0.00921	0.01066	0.00630	0.00727	0.00582	0.00388	0.00291	0.00097	0.00485	0.00242	0.00194	0.00582
19	0.01260	0.63580	0.07415	0.00874	0.01245	0.11372	0.00853	0.01426	0.00967	0.03050	0.00677	0.00784	0.00595	0.00421	0.00368	0.00108	0.03952	0.00266	0.00208	0.00582
20	0.01092	0.00614	0.00768	0.00674	0.00870	0.00582	0.00524	0.01424	0.11806	0.24273	0.36803	0.05993	0.08940	0.00809	0.00499	0.00145	0.00285	0.00696	0.02646	0.00557

[dist]
# distance from previous block
# <min> <max>
0	1

[block]
# block no. 3 follows, 57 sequences, length 40
# corresponding to MSA columns:
# 150-171,179-196
name=unknown_D
#
# <colnr> <probs for GDERKNQSTAVLIFYWHMCP>
#	G	D	E	R	K	N	Q	S	T	A	V	L	I	F	Y	W	H	M	C	P
0	0.04473	0.00723	0.00821	0.00723	0.00937	0.02493	0.00570	0.10343	0.09045	0.20314	0.13703	0.10467	0.11488	0.00801	0.00480	0.00148	0.00336	0.04689	0.06877	0.00567
1	0.01154	0.01450	0.27891	0.01482	0.21233	0.03174	0.02462	0.10707	0.03521	0.08056	0.06985	0.01314	0.02231	0.00495	0.00445	0.00135	0.00529	0.00419	0.00301	0.06014
2	0.01369	0.00789	0.00975	0.00728	0.01092	0.00647	0.00590	0.04505	0.01133	0.31799	0.04344	0.01283	0.00996	0.00455	0.00393	0.00101	0.00354	0.00369	0.02004	0.46074
3	0.01150	0.67607	0.18574	0.00881	0.01326	0.01642	0.00959	0.01373	0.00928	0.01141	0.00667	0.00774	0.00580	0.00396	0.00319	0.00106	0.00522	0.00261	0.00193	0.00600
4	0.01070	0.01222	0.02674	0.01910	0.02368	0.01146	0.79603	0.01451	0.01070	0.01451	0.00917	0.01222	0.00688	0.00382	0.00535	0.00153	0.00764	0.00535	0.00229	0.00611
5	0.00922	0.04012	0.65294	0.01326	0.06555	0.01036	0.03652	0.01422	0.03485	0.01460	0.04837	0.01158	0.01916	0.00467	0.00439	0.00143	0.00622	0.00380	0.00221	0.00654
6	0.00659	0.00439	0.00494	0.00494	0.00494	0.00439	0.00275	0.00659	0.00659	0.00879	0.01428	0.02965	0.01647	0.84075	0.02306	0.00439	0.00439	0.00659	0.00275	0.00275
7	0.01004	0.20427	0.56406	0.03079	0.01815	0.01230	0.05062	0.03545	0.00985	0.01386	0.00785	0.00927	0.00587	0.00422	0.00405	0.00134	0.00627	0.00327	0.00201	0.00646
8	0.00555	0.00396	0.00525	0.00627	0.00652	0.00370	0.00416	0.00632	0.00861	0.01148	0.02465	0.81322	0.02956	0.03933	0.00631	0.00192	0.00268	0.01269	0.00416	0.00365
9	0.00957	0.00981	0.07724	0.01011	0.01239	0.03159	0.13046	0.04342	0.09515	0.01525	0.10380	0.01765	0.08207	0.00654	0.00673	0.00149	0.17793	0.00519	0.13201	0.03160
10	0.00996	0.00907	0.01295	0.20990	0.23958	0.04739	0.02122	0.01278	0.04535	0.03876	0.09205	0.01626	0.05531	0.00552	0.00499	0.00137	0.04132	0.02037	0.00287	0.11299
11	0.01211	0.84348	0.02374	0.00775	0.01163	0.01793	0.00775	0.01357	0.00921	0.01066	0.00630	0.00727	0.00582	0.00388	0.00291	0.00097	0.00485	0.00242	0.00194	0.00582
12	0.02989	0.07141	0.03714	0.00986	0.01297	0.14883	0.07545	0.17351	0.08362	0.10410	0.02518	0.06538	0.02120	0.00596	0.01447	0.00138	0.00515	0.00457	0.02848	0.08146
13	0.01137	0.05127	0.06495	0.08342	0.01519	0.18688	0.09507	0.03826	0.12862	0.02357	0.01054	0.01340	0.00874	0.01004	0.13823	0.00240	0.08402	0.02571	0.00274	0.00558
14	0.83891	0.00872	0.00681	0.00604	0.00887	0.01003	0.00498	0.01367	0.00792	0.05191	0.00677	0.00768	0.00516	0.00426	0.00287	0.00140	0.00352	0.00254	0.00292	0.00502
15	0.00822	0.00801	0.08683	0.02282	0.00997	0.00686	0.01731	0.08145	0.12716	0.01705	0.32543	0.12284	0.11669	0.02222	0.00539	0.00155	0.00331	0.00748	0.00428	0.00513
16	0.00775	0.02565	0.00869	0.00789	0.00858	0.00770	0.00612	0.00897	0.02372	0.03815	0.04378	0.29055	0.18417	0.03325	0.00904	0.00184	0.27806	0.00826	0.00345	0.00437
17	0.00914	0.02311	0.79430	0.01309	0.01973	0.01055	0.03938	0.01436	0.00960	0.01436	0.00816	0.00964	0.00577	0.00429	0.00434	0.00144	0.00672	0.00341	0.00192	0.00668
18	0.00647	0.00485	0.00728	0.00728	0.00809	0.00566	0.00566	0.00809	0.00728	0.01052	0.01214	0.01780	0.01133	0.03398	0.82279	0.00728	0.01214	0.00485	0.00243	0.00405
19	0.01459	0.01097	0.01150	0.00888	0.01234	0.07035	0.00716	0.36855	0.02801	0.10888	0.02587	0.01181	0.00867	0.02913	0.00470	0.00124	0.00452	0.00380	0.00389	0.26514
20	0.00885	0.00742	0.00830	0.00716	0.00962	0.00724	0.00553	0.01466	0.30031	0.01646	0.16471	0.06065	0.11586	0.00698	0.00454	0.00129	0.00305	0.00592	0.00407	0.24737
21	0.01049	0.00973	0.01654	0.13757	0.58035	0.00997	0.03385	0.01314	0.01016	0.02674	0.01036	0.03750	0.00927	0.00511	0.00470	0.00145	0.00534	0.06876	0.00248	0.00651
22	0.00739	0.00524	0.00642	0.00596	0.00736	0.00495	0.00452	0.01031	0.08352	0.05833	0.57228	0.03299	0.16505	0.00916	0.00524	0.00145	0.00238	0.00796	0.00486	0.00464
23	0.00800	0.00498	0.00657	0.00597	0.00732	0.00455	0.00455	0.01010	0.01284	0.10924	0.71962	0.03174	0.03915	0.00885	0.00525	0.00142	0.00233	0.00778	0.00506	0.00467
24	0.01118	0.01041	0.01479	0.01976	0.46908	0.02616	0.01095	0.01767	0.31406	0.01625	0.01331	0.01422	0.03162	0.00506	0.00455	0.00142	0.00466	0.00458	0.00320	0.00705
25	0.00659	0.00439	0.00494	0.00494	0.00494	0.00439	0.00275	0.00659	0.00659	0.00879	0.01428	0.02965	0.01647	0.84075	0.02306	0.00439	0.00439	0.00659	0.00275	0.00275
26	0.01708	0.01355	0.01343	0.01055	0.01392	0.11038	0.00861	0.66204	0.01968	0.04743	0.01047	0.01065	0.00753	0.00542	0.00476	0.00135	0.02761	0.00395	0.00423	0.00734
27	0.01667	0.01346	0.01322	0.01046	0.01385	0.10708	0.00850	0.63955	0.08910	0.02570	0.01110	0.01110	0.00803	0.00541	0.00449	0.00135	0.00523	0.00404	0.00429	0.00738
28	0.00640	0.00465	0.00604	0.00575	0.00684	0.00429	0.00436	0.00849	0.01262	0.01772	0.74420	0.03497	0.07740	0.00949	0.00538	0.00146	0.00222	0.03854	0.00492	0.00425
29	0.01093	0.01090	0.03147	0.01136	0.01250	0.07734	0.04396	0.10320	0.03360	0.01340	0.00800	0.01124	0.00713	0.01052	0.11894	0.00250	0.48112	0.00410	0.00246	0.00534
30	0.00978	0.00972	0.01362	0.01172	0.01175	0.01356	0.00975	0.01080	0.00695	0.01089	0.00619	0.01022	0.00616	0.00895	0.04648	0.00219	0.80036	0.00400	0.00200	0.00492
31	0.00552	0.00394	0.00526	0.00631	0.00657	0.00368	0.00421	0.00631	0.00868	0.01157	0.02498	0.83779	0.02997	0.01420	0.00578	0.00184	0.00263	0.01288	0.00421	0.00368
32	0.01447	0.01132	0.01205	0.00987	0.01300	0.01277	0.00795	0.43976	0.38340	0.02412	0.01438	0.01367	0.01054	0.00577	0.00457	0.00144	0.00434	0.00456	0.00457	0.00746
33	0.00582	0.00431	0.00534	0.00605	0.00680	0.00395	0.00439	0.00694	0.00947	0.01232	0.04913	0.48046	0.23654	0.01289	0.00565	0.00176	0.00272	0.11371	0.02796	0.00381
34	0.00907	0.00867	0.01226	0.01077	0.01096	0.01187	0.00887	0.01022	0.00702	0.01081	0.00747	0.01185	0.00727	0.01432	0.21292	0.00328	0.63136	0.00418	0.00209	0.00473
35	0.00644	0.00439	0.00492	0.00496	0.00510	0.00432	0.00286	0.00657	0.00699	0.00919	0.01743	0.05938	0.08669	0.73878	0.02090	0.00405	0.00415	0.00707	0.00293	0.00287
36	0.01053	0.00864	0.00980	0.00755	0.01106	0.00779	0.00601	0.08447	0.17973	0.03076	0.05296	0.01252	0.01029	0.00449	0.00385	0.00097	0.00350	0.00365	0.00343	0.54802
37	0.29940	0.01050	0.01140	0.02256	0.07143	0.02462	0.03876	0.25784	0.13228	0.03527	0.03169	0.01135	0.00854	0.00509	0.00421	0.00142	0.01981	0.00384	0.00362	0.00637
38	0.01553	0.03717	0.01272	0.04704	0.01427	0.64397	0.00873	0.05031	0.03507	0.01219	0.00887	0.01121	0.01954	0.00525	0.00447	0.00126	0.02607	0.03839	0.00257	0.00534
39	0.06199	0.00807	0.07889	0.02419	0.00944	0.03171	0.05384	0.05904	0.00843	0.01194	0.01201	0.02167	0.01242	0.46978	0.10225	0.00369	0.01848	0.00542	0.00269	0.00404

[dist]
# distance from previous block
# <min> <max>
0	4

[block]
# block no. 4 follows, 57 sequences, length 39
# corresponding to MSA columns:
# 201-239
name=unknown_E
#
# <colnr> <probs for GDERKNQSTAVLIFYWHMCP>
#	G	D	E	R	K	N	Q	S	T	A	V	L	I	F	Y	W	H	M	C	P
0	0.01081	0.30117	0.47233	0.01076	0.01615	0.01288	0.01277	0.04074	0.00997	0.04720	0.00830	0.02316	0.00647	0.00442	0.00387	0.00128	0.00582	0.00327	0.00220	0.00642
1	0.01134	0.01078	0.01278	0.16081	0.12277	0.11756	0.05178	0.06315	0.23734	0.02463	0.03327	0.01507	0.02381	0.06446	0.00585	0.00162	0.00518	0.00462	0.00322	0.02995
2	0.01087	0.00916	0.00962	0.00855	0.01105	0.01028	0.00668	0.10028	0.58805	0.01879	0.02237	0.02086	0.14974	0.00699	0.00473	0.00152	0.00351	0.00578	0.00453	0.00665
3	0.00956	0.00898	0.01488	0.46014	0.31569	0.01014	0.01247	0.01287	0.04655	0.01326	0.03025	0.01268	0.00790	0.00510	0.01989	0.00156	0.00570	0.00421	0.00231	0.00588
4	0.00547	0.00452	0.00480	0.00490	0.00623	0.00385	0.00361	0.00666	0.01035	0.01268	0.11035	0.13866	0.64907	0.01161	0.00541	0.00156	0.00232	0.00984	0.00428	0.00385
5	0.00839	0.08451	0.00944	0.00776	0.00902	0.09573	0.00613	0.00986	0.00816	0.02250	0.01158	0.01648	0.02161	0.06192	0.58412	0.00564	0.02582	0.00454	0.00245	0.00435
6	0.00647	0.00485	0.00728	0.00728	0.00809	0.00566	0.00566	0.00809	0.00728	0.01052	0.01214	0.01780	0.01133	0.03398	0.82279	0.00728	0.01214	0.00485	0.00243	0.00405
7	0.00536	0.00456	0.00462	0.00467	0.00614	0.00382	0.00348	0.00649	0.01026	0.01221	0.04499	0.07819	0.77665	0.01159	0.00537	0.00154	0.00231	0.00971	0.00421	0.00382
8	0.87276	0.00876	0.00666	0.00596	0.00876	0.01017	0.00491	0.01332	0.00771	0.02033	0.00631	0.00736	0.00491	0.00421	0.00280	0.00140	0.00351	0.00245	0.00280	0.00491
9	0.00563	0.00400	0.00528	0.00626	0.00653	0.00376	0.00418	0.00640	0.00857	0.01143	0.02423	0.76584	0.02898	0.06970	0.00696	0.00202	0.00278	0.02971	0.00411	0.00363
10	0.01002	0.00955	0.01624	0.38782	0.46180	0.01045	0.01331	0.01286	0.00975	0.01336	0.00831	0.01160	0.00667	0.00426	0.00451	0.00142	0.00568	0.00403	0.00214	0.00622
11	0.87276	0.00876	0.00666	0.00596	0.00876	0.01017	0.00491	0.01332	0.00771	0.02033	0.00631	0.00736	0.00491	0.00421	0.00280	0.00140	0.00351	0.00245	0.00280	0.00491
12	0.00921	0.04394	0.77598	0.01295	0.01952	0.01074	0.03737	0.01433	0.00959	0.01426	0.00811	0.00958	0.00577	0.00428	0.00430	0.00143	0.00668	0.00338	0.00192	0.00666
13	0.00718	0.00426	0.00581	0.00581	0.00595	0.00440	0.00383	0.00653	0.00638	0.00865	0.01084	0.01998	0.01146	0.30460	0.16092	0.41793	0.00553	0.00502	0.00232	0.00260
14	0.01409	0.01106	0.01177	0.00971	0.01274	0.01248	0.00778	0.40416	0.40025	0.02344	0.01462	0.01424	0.01088	0.02545	0.00501	0.00152	0.00429	0.00464	0.00453	0.00733
15	0.00984	0.01490	0.35906	0.01038	0.03166	0.00832	0.04223	0.01333	0.00970	0.04992	0.00858	0.00989	0.00651	0.00390	0.00392	0.00108	0.00503	0.00319	0.00246	0.40612
16	0.25173	0.00831	0.00952	0.02702	0.01123	0.00824	0.00634	0.08370	0.02451	0.43345	0.01382	0.04835	0.00975	0.00548	0.00408	0.00139	0.00383	0.00423	0.00447	0.04055
17	0.00982	0.00970	0.01348	0.01149	0.01175	0.01324	0.00955	0.01088	0.00710	0.01114	0.00620	0.01003	0.00610	0.00814	0.02937	0.00200	0.76562	0.00390	0.00203	0.05847
18	0.00979	0.00977	0.01499	0.34155	0.16829	0.06115	0.07760	0.01221	0.00913	0.01217	0.00819	0.01186	0.00680	0.00779	0.08436	0.00209	0.15057	0.00414	0.00213	0.00543
19	0.00996	0.01006	0.01468	0.01234	0.01263	0.01373	0.05865	0.01113	0.00717	0.01113	0.00615	0.01006	0.00601	0.00768	0.01428	0.00195	0.78132	0.00405	0.00200	0.00503
20	0.87276	0.00876	0.00666	0.00596	0.00876	0.01017	0.00491	0.01332	0.00771	0.02033	0.00631	0.00736	0.00491	0.00421	0.00280	0.00140	0.00351	0.00245	0.00280	0.00491
21	0.00639	0.00463	0.00602	0.00567	0.00675	0.00426	0.00426	0.00850	0.01277	0.01803	0.79151	0.03409	0.06143	0.00932	0.00534	0.00143	0.00214	0.00823	0.00497	0.00426
22	0.01097	0.00942	0.00999	0.00900	0.01147	0.01084	0.00699	0.02312	0.75523	0.01891	0.06752	0.01796	0.01563	0.00634	0.00466	0.00153	0.00350	0.00531	0.00463	0.00699
23	0.00537	0.00455	0.00463	0.00470	0.00615	0.00382	0.00349	0.00649	0.01022	0.01220	0.04455	0.09485	0.76028	0.01165	0.00538	0.00155	0.00232	0.00978	0.00421	0.00382
24	0.00918	0.00444	0.00461	0.00446	0.00567	0.00437	0.00338	0.01127	0.00972	0.06641	0.01497	0.01680	0.01159	0.00530	0.00325	0.00108	0.00222	0.00424	0.81257	0.00444
25	0.01277	0.01199	0.01078	0.00961	0.01212	0.17593	0.00746	0.07741	0.51702	0.03675	0.05061	0.01611	0.01323	0.00605	0.00456	0.00145	0.00457	0.02074	0.00417	0.00664
26	0.00647	0.00485	0.00728	0.00728	0.00809	0.00566	0.00566	0.00809	0.00728	0.01052	0.01214	0.01780	0.01133	0.03398	0.82279	0.00728	0.01214	0.00485	0.00243	0.00405
27	0.00909	0.02344	0.81727	0.01292	0.01961	0.01052	0.01674	0.01435	0.00957	0.01435	0.00813	0.00957	0.00574	0.00431	0.00431	0.00144	0.00670	0.00335	0.00191	0.00670
28	0.01545	0.00836	0.01011	0.00823	0.01104	0.00827	0.00660	0.23706	0.05114	0.35939	0.07696	0.12247	0.04991	0.00722	0.00480	0.00146	0.00381	0.00601	0.00497	0.00674
29	0.00915	0.00796	0.01258	0.57768	0.04887	0.00941	0.02531	0.02923	0.07026	0.04008	0.02544	0.06046	0.02236	0.02432	0.00509	0.00159	0.00538	0.01691	0.00266	0.00526
30	0.01032	0.00802	0.00949	0.00683	0.01081	0.00609	0.00548	0.01231	0.00970	0.08256	0.00889	0.00991	0.00709	0.00355	0.00346	0.00073	0.00340	0.00284	0.00293	0.79558
31	0.01315	0.01524	0.01521	0.01271	0.01535	0.40483	0.21529	0.04901	0.01199	0.01309	0.01134	0.08714	0.01072	0.00625	0.00484	0.00144	0.00693	0.09733	0.00280	0.00532
32	0.02734	0.00580	0.00723	0.00709	0.02896	0.00563	0.00536	0.02835	0.03142	0.06521	0.29880	0.08355	0.19922	0.00953	0.00569	0.00155	0.04150	0.10487	0.00433	0.03858
33	0.04464	0.03231	0.03885	0.01009	0.02525	0.03491	0.03929	0.37098	0.06169	0.22121	0.01282	0.01322	0.00917	0.00670	0.04060	0.00165	0.00513	0.02005	0.00431	0.00713
34	0.01190	0.78593	0.07943	0.00812	0.01219	0.01741	0.00838	0.01362	0.00923	0.01092	0.00643	0.00743	0.00581	0.00391	0.00301	0.00100	0.00498	0.00249	0.00194	0.00588
35	0.00954	0.00937	0.01293	0.01121	0.01147	0.03052	0.02952	0.01066	0.00740	0.01121	0.00811	0.07708	0.00830	0.00933	0.04897	0.00215	0.66586	0.00474	0.02680	0.00483
36	0.01027	0.00928	0.02651	0.01958	0.49743	0.00887	0.01060	0.04698	0.01099	0.03347	0.11179	0.07018	0.04996	0.00576	0.00464	0.00135	0.00447	0.00530	0.00301	0.06957
37	0.02783	0.09913	0.02669	0.02431	0.14556	0.19299	0.01923	0.06588	0.13887	0.03682	0.06341	0.11482	0.01297	0.00624	0.00445	0.00137	0.00508	0.00515	0.00327	0.00594
38	0.03573	0.28258	0.12335	0.01214	0.13846	0.08556	0.02722	0.06453	0.02529	0.01420	0.02443	0.02230	0.00753	0.00438	0.00379	0.00115	0.00521	0.00338	0.00246	0.11633

[dist]
# distance from previous block
# <min> <max>
2	5

[block]
# block no. 5 follows, 57 sequences, length 6
# corresponding to MSA columns:
# 246-251
name=unknown_F
#
# <colnr> <probs for GDERKNQSTAVLIFYWHMCP>
#	G	D	E	R	K	N	Q	S	T	A	V	L	I	F	Y	W	H	M	C	P
0	0.04357	0.07828	0.04802	0.05791	0.05637	0.05575	0.02059	0.17244	0.09552	0.03646	0.05718	0.03231	0.02809	0.04890	0.00579	0.00156	0.03376	0.06803	0.00344	0.05603
1	0.00798	0.00549	0.00671	0.00627	0.00775	0.00515	0.00470	0.01071	0.08886	0.08097	0.35684	0.13640	0.13108	0.05198	0.00608	0.00163	0.00275	0.02904	0.00453	0.05509
2	0.04699	0.04935	0.05049	0.05404	0.01490	0.12299	0.08518	0.22830	0.08511	0.04647	0.02682	0.01132	0.00822	0.00498	0.00477	0.00131	0.04397	0.00390	0.00330	0.10758
3	0.01124	0.01150	0.03855	0.32283	0.09352	0.11883	0.05779	0.10090	0.05732	0.01428	0.00887	0.01154	0.00697	0.00604	0.03433	0.00168	0.09146	0.00403	0.00253	0.00575
4	0.03188	0.02369	0.10663	0.11869	0.01549	0.00880	0.09595	0.02773	0.06948	0.14731	0.10690	0.01802	0.02830	0.02343	0.00573	0.00154	0.05781	0.05060	0.00345	0.05859
5	0.05235	0.00578	0.00769	0.00686	0.00841	0.00555	0.07726	0.00832	0.01044	0.01411	0.21306	0.11197	0.39240	0.00993	0.00582	0.00156	0.05177	0.00847	0.00401	0.00425

[dist]
# distance from previous block
# <min> <max>
0	7

# created by:
# /st0/software/busco_prod/Augustus/scripts/msa2prfl.pl ./align_prep/120070.fa
