[name]
unknown

[dist]
# distance from previous block
# <min> <max>
4	142

[block]
# block no. 0 follows, 53 sequences, length 6
# corresponding to MSA columns:
# 1571-1576
name=unknown_A
#
# <colnr> <probs for GDERKNQSTAVLIFYWHMCP>
#	G	D	E	R	K	N	Q	S	T	A	V	L	I	F	Y	W	H	M	C	P
0	0.06628	0.06513	0.07207	0.01042	0.03700	0.10560	0.04617	0.16355	0.05224	0.03604	0.08614	0.05384	0.01235	0.00588	0.00477	0.00135	0.02735	0.00468	0.02006	0.12909
1	0.01172	0.12936	0.24363	0.01026	0.01450	0.05333	0.01040	0.14916	0.03378	0.01723	0.07000	0.01379	0.04856	0.00559	0.00497	0.00134	0.04951	0.00420	0.00308	0.12558
2	0.03580	0.09323	0.14088	0.01536	0.15339	0.03504	0.12924	0.21265	0.04989	0.04561	0.01013	0.01140	0.00764	0.00479	0.00460	0.00141	0.00591	0.00415	0.00317	0.03569
3	0.00830	0.00415	0.00623	0.00623	0.00623	0.00415	0.00415	0.00623	0.00623	0.00830	0.00830	0.01453	0.00830	0.01660	0.01868	0.86094	0.00415	0.00415	0.00208	0.00208
4	0.07525	0.01238	0.01201	0.01015	0.01324	0.08353	0.00807	0.28754	0.40187	0.02287	0.01472	0.01410	0.01094	0.00594	0.00465	0.00151	0.00472	0.00462	0.00449	0.00741
5	0.00720	0.00523	0.00635	0.00617	0.00719	0.00500	0.00446	0.05012	0.01180	0.01604	0.38799	0.12652	0.13328	0.16900	0.00929	0.00220	0.00305	0.04034	0.00454	0.00426

[dist]
# distance from previous block
# <min> <max>
0	1

[block]
# block no. 1 follows, 53 sequences, length 34
# corresponding to MSA columns:
# 1578-1589,1592-1613
name=unknown_B
#
# <colnr> <probs for GDERKNQSTAVLIFYWHMCP>
#	G	D	E	R	K	N	Q	S	T	A	V	L	I	F	Y	W	H	M	C	P
0	0.01728	0.01298	0.01395	0.01133	0.03923	0.02957	0.00902	0.68399	0.04627	0.02830	0.01199	0.01271	0.00881	0.00585	0.00477	0.00144	0.00519	0.02049	0.02897	0.00786
1	0.04702	0.00880	0.01136	0.00874	0.01243	0.00808	0.00722	0.11467	0.01457	0.68826	0.01759	0.01543	0.01118	0.00585	0.00475	0.00147	0.00420	0.00468	0.00569	0.00804
2	0.01882	0.00993	0.01192	0.00924	0.01277	0.00987	0.00759	0.32381	0.01707	0.42937	0.06232	0.01639	0.03575	0.00625	0.00487	0.00147	0.00438	0.00499	0.00538	0.00780
3	0.01207	0.01340	0.02853	0.02054	0.02539	0.01249	0.77543	0.01584	0.01178	0.01605	0.01046	0.01397	0.00801	0.00457	0.00597	0.00176	0.00829	0.00588	0.00270	0.00685
4	0.01719	0.02079	0.01348	0.01206	0.01448	0.67717	0.00918	0.08810	0.01388	0.01334	0.00788	0.00929	0.00652	0.00614	0.03042	0.00149	0.04691	0.00331	0.00266	0.00572
5	0.00582	0.00416	0.00555	0.00666	0.00693	0.00388	0.00444	0.00666	0.00915	0.01220	0.02634	0.82891	0.03161	0.01497	0.00610	0.00194	0.00277	0.01359	0.00444	0.00388
6	0.01154	0.00860	0.01018	0.00737	0.01154	0.00670	0.00593	0.03641	0.01074	0.11096	0.00983	0.01072	0.00768	0.00389	0.00373	0.00082	0.00365	0.00311	0.00326	0.73333
7	0.02058	0.00833	0.01107	0.00861	0.01222	0.00747	0.00707	0.02348	0.08454	0.73415	0.01891	0.01641	0.01208	0.00597	0.00481	0.00149	0.00404	0.00486	0.00582	0.00808
8	0.00676	0.00489	0.00639	0.00601	0.00714	0.00451	0.00451	0.00902	0.01353	0.01917	0.79969	0.03570	0.04510	0.00977	0.00564	0.00150	0.00225	0.00864	0.00526	0.00451
9	0.00581	0.00422	0.00548	0.00649	0.00689	0.00390	0.00436	0.00667	0.00931	0.01227	0.02835	0.75777	0.10145	0.01471	0.00606	0.00191	0.00274	0.01327	0.00444	0.00390
10	0.01732	0.02151	0.01329	0.01204	0.01450	0.73599	0.00907	0.04317	0.03886	0.01253	0.00808	0.00933	0.00668	0.00599	0.03016	0.00146	0.00849	0.00326	0.00262	0.00565
11	0.01278	0.83490	0.02505	0.00818	0.01227	0.01891	0.00818	0.01431	0.00971	0.01125	0.00664	0.00767	0.00613	0.00409	0.00307	0.00102	0.00511	0.00256	0.00204	0.00613
12	0.00991	0.00850	0.00991	0.00708	0.01133	0.00637	0.00566	0.01203	0.00991	0.01557	0.00850	0.00991	0.00708	0.00354	0.00354	0.00071	0.00354	0.00283	0.00283	0.86124
13	0.04592	0.01507	0.01230	0.09901	0.03511	0.34734	0.00859	0.18207	0.03486	0.01605	0.00997	0.01353	0.00860	0.12877	0.02113	0.00196	0.00674	0.00416	0.00307	0.00575
14	0.01015	0.00964	0.01636	0.50474	0.33997	0.01091	0.01383	0.01319	0.01009	0.01357	0.00869	0.01238	0.00685	0.00457	0.00476	0.00152	0.00609	0.00425	0.00222	0.00621
15	0.70236	0.00929	0.00779	0.00663	0.00981	0.01025	0.00544	0.04601	0.00908	0.03885	0.00737	0.00838	0.00569	0.00441	0.00315	0.00138	0.00375	0.00274	0.00308	0.11453
16	0.01143	0.01095	0.01868	0.14168	0.69298	0.01125	0.01447	0.01432	0.01069	0.01513	0.00892	0.01196	0.00740	0.00433	0.00474	0.00144	0.00578	0.00426	0.00233	0.00725
17	0.01194	0.01284	0.02636	0.01992	0.07535	0.01229	0.66353	0.08532	0.01227	0.01668	0.00979	0.01269	0.00735	0.00420	0.00550	0.00158	0.00765	0.00543	0.00263	0.00667
18	0.03718	0.01248	0.01399	0.03703	0.13272	0.05028	0.00952	0.44115	0.14692	0.02411	0.01322	0.01351	0.03451	0.00575	0.00475	0.00147	0.00513	0.00456	0.00419	0.00754
19	0.01632	0.16732	0.01550	0.01143	0.01411	0.59425	0.00900	0.01830	0.05685	0.01208	0.00790	0.00904	0.00664	0.00500	0.00456	0.00125	0.03906	0.00316	0.00251	0.00575
20	0.00676	0.00460	0.00523	0.00534	0.00546	0.00452	0.00309	0.00692	0.00739	0.00977	0.01800	0.11482	0.06038	0.70376	0.02145	0.00419	0.00432	0.00781	0.00314	0.00306
21	0.00670	0.00453	0.00529	0.00554	0.00560	0.00446	0.00324	0.00688	0.00745	0.00993	0.01761	0.21173	0.02060	0.64717	0.02020	0.00402	0.00421	0.00845	0.00324	0.00312
22	0.01157	0.00993	0.01053	0.00949	0.01210	0.01143	0.00737	0.02437	0.74461	0.01994	0.06844	0.01895	0.01651	0.00669	0.00491	0.00161	0.00369	0.00561	0.00489	0.00737
23	0.01114	0.01123	0.04719	0.19990	0.60716	0.01119	0.01448	0.01415	0.01057	0.01486	0.00887	0.01196	0.00726	0.00438	0.00473	0.00146	0.00588	0.00423	0.00230	0.00706
24	0.01112	0.00982	0.01196	0.01343	0.18245	0.01081	0.00865	0.02082	0.52914	0.01816	0.02004	0.04404	0.08498	0.00678	0.00494	0.00159	0.00404	0.00583	0.00427	0.00713
25	0.00830	0.00415	0.00623	0.00623	0.00623	0.00415	0.00415	0.00623	0.00623	0.00830	0.00830	0.01453	0.00830	0.01660	0.01868	0.86094	0.00415	0.00415	0.00208	0.00208
26	0.86579	0.00924	0.00702	0.00629	0.00924	0.01072	0.00518	0.01405	0.00813	0.02144	0.00666	0.00776	0.00518	0.00444	0.00296	0.00148	0.00370	0.00259	0.00296	0.00518
27	0.01260	0.78833	0.07001	0.00849	0.01275	0.01846	0.00872	0.01436	0.00973	0.01147	0.00676	0.00781	0.00613	0.00412	0.00315	0.00105	0.00522	0.00261	0.00204	0.00619
28	0.14510	0.01180	0.01316	0.01181	0.08492	0.04587	0.02476	0.35241	0.06412	0.09921	0.01220	0.01262	0.03072	0.00577	0.00531	0.00150	0.06324	0.00429	0.00405	0.00713
29	0.00695	0.00463	0.00521	0.00521	0.00521	0.00463	0.00290	0.00695	0.00695	0.00927	0.01506	0.03128	0.01738	0.83203	0.02433	0.00463	0.00463	0.00695	0.00290	0.00290
30	0.00754	0.00577	0.00702	0.00655	0.00797	0.00570	0.00496	0.01158	0.14210	0.01889	0.62143	0.03343	0.08980	0.00938	0.00551	0.00153	0.00252	0.00820	0.00514	0.00498
31	0.01047	0.24780	0.59189	0.01212	0.01837	0.01325	0.01505	0.01491	0.00999	0.01407	0.00805	0.00942	0.00608	0.00442	0.00414	0.00138	0.00653	0.00326	0.00203	0.00681
32	0.02394	0.01022	0.01636	0.20676	0.42798	0.01104	0.03014	0.02673	0.08175	0.01537	0.03404	0.01415	0.03152	0.00518	0.00532	0.00152	0.04391	0.00466	0.00272	0.00670
33	0.01215	0.00920	0.01148	0.00940	0.01204	0.03193	0.08064	0.18256	0.14464	0.09465	0.28112	0.02334	0.07109	0.00745	0.00521	0.00152	0.00408	0.00645	0.00475	0.00633

[dist]
# distance from previous block
# <min> <max>
0	2

[block]
# block no. 2 follows, 53 sequences, length 9
# corresponding to MSA columns:
# 1616-1624
name=unknown_C
#
# <colnr> <probs for GDERKNQSTAVLIFYWHMCP>
#	G	D	E	R	K	N	Q	S	T	A	V	L	I	F	Y	W	H	M	C	P
0	0.02679	0.25282	0.07789	0.01037	0.01364	0.06101	0.04520	0.16765	0.01234	0.04060	0.02263	0.03631	0.02123	0.00684	0.03473	0.00163	0.12208	0.00412	0.00298	0.03914
1	0.00613	0.00494	0.00539	0.00525	0.00670	0.00425	0.00387	0.00750	0.01110	0.01407	0.20415	0.06796	0.53333	0.06677	0.00685	0.00177	0.00259	0.00944	0.00445	0.03348
2	0.17530	0.01051	0.09128	0.02773	0.01271	0.00874	0.01963	0.06937	0.03102	0.06850	0.01037	0.02327	0.02017	0.00602	0.03882	0.00146	0.01958	0.00363	0.00317	0.35875
3	0.04265	0.04435	0.01411	0.01492	0.25805	0.01007	0.00931	0.06951	0.08322	0.11805	0.01097	0.01201	0.00847	0.00472	0.00468	0.00125	0.03381	0.00390	0.00335	0.25263
4	0.01565	0.01172	0.01269	0.00992	0.01341	0.01263	0.00809	0.55678	0.09160	0.02652	0.06526	0.01374	0.01125	0.00584	0.00467	0.00137	0.00464	0.00455	0.03266	0.09701
5	0.01052	0.00939	0.01076	0.00834	0.01181	0.05214	0.03612	0.06295	0.03435	0.01589	0.01216	0.07145	0.04246	0.00542	0.00461	0.00106	0.03781	0.01839	0.00316	0.55120
6	0.00800	0.00691	0.01112	0.19091	0.01521	0.00797	0.07877	0.00985	0.00839	0.01155	0.01231	0.07638	0.01206	0.15042	0.30242	0.00436	0.08044	0.00579	0.00260	0.00454
7	0.00581	0.00421	0.00550	0.00652	0.00690	0.00389	0.00438	0.00667	0.00928	0.01225	0.02793	0.77268	0.08681	0.01477	0.00607	0.00192	0.00275	0.01334	0.00444	0.00389
8	0.01067	0.00847	0.00999	0.00717	0.01138	0.00641	0.00575	0.01278	0.01016	0.06769	0.00918	0.01033	0.00739	0.00370	0.00362	0.00076	0.00357	0.00296	0.00304	0.80497

[dist]
# distance from previous block
# <min> <max>
1	2

[block]
# block no. 3 follows, 53 sequences, length 20
# corresponding to MSA columns:
# 1627-1646
name=unknown_D
#
# <colnr> <probs for GDERKNQSTAVLIFYWHMCP>
#	G	D	E	R	K	N	Q	S	T	A	V	L	I	F	Y	W	H	M	C	P
0	0.00582	0.00485	0.00507	0.00502	0.00656	0.00411	0.00376	0.00718	0.01129	0.01385	0.16142	0.04445	0.68669	0.01175	0.00565	0.00160	0.00240	0.00987	0.00456	0.00411
1	0.05932	0.04172	0.01249	0.03970	0.09904	0.05407	0.00858	0.05699	0.53334	0.01903	0.01577	0.01530	0.01198	0.00587	0.00464	0.00154	0.00444	0.00481	0.00416	0.00722
2	0.00801	0.00681	0.04981	0.00810	0.00936	0.00652	0.00671	0.00930	0.00900	0.03208	0.03146	0.12447	0.10027	0.01685	0.18172	0.11498	0.10334	0.13105	0.00329	0.04686
3	0.01532	0.10017	0.01737	0.04470	0.04066	0.04846	0.17833	0.08797	0.03975	0.26333	0.01255	0.02893	0.00921	0.00558	0.00585	0.00152	0.08490	0.00471	0.00377	0.00691
4	0.01053	0.11251	0.01593	0.01194	0.01267	0.01450	0.03651	0.01178	0.00778	0.01157	0.00688	0.01076	0.00667	0.00954	0.06765	0.00232	0.63892	0.00409	0.00213	0.00532
5	0.00681	0.00457	0.00526	0.00540	0.00543	0.00454	0.00309	0.00691	0.00723	0.00964	0.01649	0.13270	0.01919	0.72814	0.02201	0.00429	0.00440	0.00779	0.00309	0.00302
6	0.01165	0.26961	0.40005	0.01222	0.01770	0.04119	0.08710	0.03948	0.03134	0.03528	0.00870	0.00998	0.00664	0.00449	0.00421	0.00136	0.00640	0.00353	0.00234	0.00674
7	0.05676	0.01077	0.01225	0.01063	0.04446	0.03236	0.02618	0.33365	0.11732	0.06558	0.08033	0.03609	0.04051	0.02237	0.00598	0.00162	0.05757	0.03441	0.00435	0.00681
8	0.00683	0.00510	0.00758	0.00758	0.00840	0.00592	0.00585	0.00847	0.00765	0.01102	0.01290	0.01930	0.01217	0.06900	0.78024	0.00755	0.01246	0.00520	0.00257	0.00421
9	0.00664	0.00462	0.00596	0.04891	0.00827	0.00448	0.00490	0.00800	0.00973	0.01352	0.04679	0.50353	0.09777	0.01240	0.00558	0.00177	0.00295	0.06933	0.14074	0.00412
10	0.08298	0.01051	0.01712	0.16223	0.53688	0.01099	0.03217	0.01449	0.02633	0.03160	0.02433	0.01234	0.00810	0.00454	0.00464	0.00147	0.00555	0.00427	0.00255	0.00691
11	0.01159	0.01081	0.01791	0.24075	0.50214	0.01147	0.04032	0.07868	0.01151	0.01590	0.00909	0.01208	0.00728	0.00451	0.00478	0.00147	0.00591	0.00431	0.00250	0.00697
12	0.00589	0.00483	0.00522	0.00524	0.00661	0.00427	0.00387	0.00710	0.01037	0.01272	0.07138	0.07150	0.61708	0.06809	0.08221	0.00239	0.00354	0.00949	0.00419	0.00399
13	0.40226	0.00899	0.00908	0.00745	0.01067	0.00934	0.00610	0.09772	0.02291	0.25672	0.03288	0.01365	0.05034	0.00554	0.00397	0.00145	0.00386	0.00403	0.00419	0.04886
14	0.01099	0.01050	0.01788	0.26695	0.57118	0.01113	0.01425	0.01393	0.01048	0.01459	0.00884	0.01210	0.00721	0.00441	0.00475	0.00147	0.00589	0.00426	0.00229	0.00689
15	0.00937	0.00884	0.01495	0.72479	0.12601	0.01071	0.01344	0.01251	0.00972	0.01262	0.00856	0.01263	0.00652	0.00472	0.00477	0.00157	0.00629	0.00425	0.00215	0.00558
16	0.00740	0.00573	0.00812	0.00788	0.00867	0.00682	0.00613	0.00923	0.02615	0.01159	0.01330	0.01913	0.02842	0.07517	0.61285	0.00636	0.09489	0.00521	0.04259	0.00437
17	0.00986	0.05243	0.01605	0.59737	0.20745	0.01122	0.01333	0.01288	0.00987	0.01294	0.00851	0.01227	0.00663	0.00462	0.00468	0.00152	0.00615	0.00416	0.00217	0.00587
18	0.01013	0.00890	0.01480	0.38190	0.30867	0.00979	0.01218	0.01262	0.01011	0.03479	0.05182	0.01456	0.02561	0.00603	0.00599	0.07352	0.00557	0.00461	0.00252	0.00587
19	0.01012	0.00995	0.01391	0.01211	0.01216	0.01374	0.01005	0.01120	0.00756	0.01165	0.00803	0.05284	0.00838	0.00889	0.01485	0.00209	0.75001	0.03505	0.00230	0.00513

[dist]
# distance from previous block
# <min> <max>
0	1

[block]
# block no. 4 follows, 53 sequences, length 6
# corresponding to MSA columns:
# 1648-1653
name=unknown_E
#
# <colnr> <probs for GDERKNQSTAVLIFYWHMCP>
#	G	D	E	R	K	N	Q	S	T	A	V	L	I	F	Y	W	H	M	C	P
0	0.01004	0.01074	0.07947	0.55836	0.11608	0.01108	0.07915	0.05261	0.01056	0.01401	0.00881	0.01238	0.00664	0.00469	0.00483	0.00156	0.00644	0.00431	0.00230	0.00594
1	0.05913	0.00572	0.00723	0.09365	0.01063	0.00564	0.00597	0.00888	0.00975	0.01341	0.02484	0.26271	0.16360	0.06805	0.00685	0.00196	0.00369	0.17170	0.00386	0.07273
2	0.04502	0.01432	0.05568	0.01483	0.14428	0.18295	0.11493	0.20557	0.01448	0.07611	0.04038	0.01247	0.00915	0.00514	0.00468	0.00141	0.00613	0.00432	0.04135	0.00680
3	0.06480	0.01326	0.11779	0.01356	0.07987	0.05803	0.15684	0.18295	0.02823	0.06555	0.02851	0.02918	0.06276	0.00587	0.00550	0.00153	0.05450	0.00497	0.01967	0.00662
4	0.06495	0.01321	0.03965	0.01327	0.07796	0.17285	0.15492	0.08868	0.14404	0.05011	0.06013	0.05813	0.02872	0.00602	0.00488	0.00150	0.00579	0.00526	0.00354	0.00641
5	0.06423	0.00927	0.01309	0.07587	0.15974	0.00956	0.05807	0.11469	0.03308	0.12880	0.06544	0.06697	0.04424	0.00635	0.00532	0.00149	0.04592	0.00539	0.03630	0.05619

[dist]
# distance from previous block
# <min> <max>
7	211

[block]
# block no. 5 follows, 53 sequences, length 33
# corresponding to MSA columns:
# 1865-1897
name=unknown_F
#
# <colnr> <probs for GDERKNQSTAVLIFYWHMCP>
#	G	D	E	R	K	N	Q	S	T	A	V	L	I	F	Y	W	H	M	C	P
0	0.04747	0.02843	0.01073	0.00904	0.01150	0.12498	0.00716	0.18698	0.10368	0.10389	0.09625	0.08268	0.09506	0.00777	0.00533	0.00154	0.03213	0.03487	0.00433	0.00619
1	0.01104	0.11519	0.15915	0.01296	0.04277	0.05712	0.19743	0.03487	0.05929	0.02838	0.09454	0.03251	0.03992	0.00574	0.00536	0.00146	0.04746	0.00506	0.00299	0.04675
2	0.02915	0.01056	0.14183	0.00831	0.01075	0.07357	0.00732	0.01349	0.05895	0.14154	0.05589	0.04953	0.05743	0.24582	0.07275	0.00288	0.00553	0.00586	0.00356	0.00529
3	0.04187	0.30413	0.04373	0.01047	0.04200	0.18285	0.00874	0.10637	0.09179	0.01557	0.04538	0.01105	0.00908	0.00514	0.00443	0.00127	0.03679	0.00361	0.00295	0.03275
4	0.00660	0.05751	0.00693	0.00642	0.00733	0.00524	0.00459	0.00809	0.03680	0.01317	0.11331	0.49761	0.15864	0.04672	0.00649	0.00188	0.00292	0.01120	0.00433	0.00421
5	0.03188	0.14868	0.04936	0.04906	0.05974	0.05800	0.02655	0.29294	0.04232	0.05879	0.01111	0.01201	0.00839	0.00518	0.00424	0.00133	0.00507	0.00399	0.12456	0.00680
6	0.01376	0.14529	0.17007	0.01138	0.05075	0.09515	0.01022	0.21153	0.09607	0.05863	0.03497	0.05941	0.01050	0.00583	0.00452	0.00142	0.00551	0.00456	0.00352	0.00690
7	0.00587	0.00485	0.00515	0.00507	0.00659	0.00413	0.00381	0.00729	0.01142	0.01415	0.19721	0.04396	0.65070	0.01164	0.00565	0.00159	0.00239	0.00980	0.00460	0.00413
8	0.00991	0.00850	0.00991	0.00708	0.01133	0.00637	0.00566	0.01203	0.00991	0.01557	0.00850	0.00991	0.00708	0.00354	0.00354	0.00071	0.00354	0.00283	0.00283	0.86124
9	0.05102	0.08224	0.24378	0.06029	0.22334	0.02425	0.10053	0.07555	0.01138	0.03820	0.00971	0.04098	0.00783	0.00490	0.00461	0.00147	0.00610	0.00433	0.00263	0.00684
10	0.00580	0.00484	0.00513	0.00512	0.00662	0.00416	0.00384	0.00712	0.01092	0.01335	0.11091	0.06573	0.67741	0.01308	0.04284	0.00189	0.00289	0.00983	0.00442	0.00408
11	0.00694	0.00469	0.00549	0.00549	0.00559	0.00478	0.00324	0.00713	0.00703	0.00947	0.01481	0.02987	0.01677	0.74245	0.11307	0.00498	0.00555	0.00674	0.00286	0.00305
12	0.00639	0.00467	0.00622	0.02427	0.00784	0.00467	0.00493	0.00773	0.02969	0.01214	0.02345	0.55481	0.04195	0.09229	0.10718	0.00289	0.00437	0.05649	0.00402	0.00400
13	0.01135	0.05174	0.15761	0.08399	0.24805	0.06588	0.10617	0.04766	0.06206	0.01569	0.04542	0.01516	0.02548	0.00534	0.00485	0.00150	0.00604	0.03659	0.00280	0.00664
14	0.01151	0.01112	0.04187	0.01134	0.01536	0.03879	0.19204	0.08571	0.03187	0.03242	0.00977	0.02861	0.00792	0.00457	0.00498	0.00118	0.04882	0.00408	0.00298	0.41505
15	0.02961	0.05423	0.04526	0.01272	0.01579	0.25229	0.14212	0.10316	0.13937	0.04645	0.01049	0.01166	0.00814	0.00549	0.00595	0.00150	0.10194	0.00421	0.00316	0.00645
16	0.00617	0.00431	0.00544	0.00621	0.00640	0.00411	0.00396	0.00675	0.00847	0.01130	0.02286	0.58284	0.02722	0.26703	0.01172	0.00277	0.00335	0.01154	0.00396	0.00358
17	0.01254	0.32269	0.09389	0.03742	0.02761	0.11351	0.05503	0.02873	0.01076	0.04577	0.00878	0.03482	0.00748	0.00459	0.00389	0.00115	0.00554	0.00350	0.00257	0.17974
18	0.00591	0.00419	0.00552	0.00655	0.00681	0.00394	0.00432	0.00668	0.00899	0.01198	0.02551	0.77009	0.03056	0.07522	0.00744	0.00214	0.00291	0.01310	0.00432	0.00381
19	0.01672	0.01610	0.01418	0.01240	0.04966	0.29661	0.00948	0.35423	0.03724	0.03272	0.00962	0.01060	0.00741	0.00573	0.00594	0.00145	0.10566	0.00389	0.00355	0.00682
20	0.01314	0.26442	0.06046	0.05324	0.07149	0.12582	0.13387	0.09541	0.02770	0.01468	0.00831	0.01019	0.00682	0.00492	0.00543	0.00139	0.09005	0.00378	0.00253	0.00635
21	0.01101	0.00949	0.03542	0.09219	0.12586	0.00811	0.00828	0.06066	0.01115	0.05488	0.04714	0.01211	0.00916	0.00435	0.00410	0.00104	0.00430	0.00366	0.00306	0.49404
22	0.02928	0.13196	0.24044	0.03447	0.12016	0.02468	0.05111	0.03236	0.04535	0.16671	0.02550	0.01362	0.00929	0.00517	0.00452	0.00144	0.00559	0.03032	0.00320	0.02483
23	0.01143	0.02228	0.01000	0.00891	0.01108	0.16408	0.00690	0.06298	0.28854	0.01786	0.22152	0.02396	0.08017	0.00769	0.00507	0.00152	0.00435	0.04125	0.00441	0.00598
24	0.00690	0.00461	0.00523	0.00527	0.00529	0.00460	0.00296	0.00694	0.00704	0.00939	0.01554	0.06502	0.01798	0.79746	0.02356	0.00452	0.00456	0.00723	0.00296	0.00294
25	0.03053	0.14389	0.04746	0.01090	0.05990	0.17811	0.00864	0.17522	0.01379	0.15626	0.02777	0.02549	0.00954	0.02875	0.04839	0.00176	0.00604	0.00415	0.01681	0.00660
26	0.01464	0.02519	0.09931	0.01390	0.09822	0.06381	0.17088	0.03572	0.07051	0.26852	0.01435	0.07959	0.01107	0.00588	0.00499	0.00153	0.00561	0.00538	0.00389	0.00702
27	0.00710	0.00497	0.00646	0.00604	0.00725	0.00456	0.00455	0.00931	0.01345	0.03881	0.75677	0.03553	0.06759	0.00975	0.00562	0.00151	0.00231	0.00859	0.00525	0.00459
28	0.00694	0.00466	0.00537	0.00537	0.00542	0.00472	0.00309	0.00705	0.00700	0.00938	0.01492	0.03049	0.01703	0.78170	0.07418	0.00483	0.00515	0.00684	0.00287	0.00298
29	0.04990	0.01026	0.08055	0.00862	0.01262	0.00803	0.03390	0.02549	0.04103	0.04459	0.00961	0.03045	0.00794	0.00451	0.00463	0.00104	0.05652	0.00352	0.00297	0.56383
30	0.22349	0.08232	0.03856	0.00874	0.01106	0.15298	0.04580	0.06311	0.01031	0.01540	0.03621	0.01535	0.01021	0.20026	0.00920	0.00216	0.04029	0.00432	0.02516	0.00507
31	0.01076	0.00831	0.02935	0.00848	0.03877	0.06489	0.00634	0.07482	0.06870	0.13081	0.05705	0.21647	0.21384	0.01078	0.03649	0.00185	0.00415	0.00820	0.00439	0.00553
32	0.15026	0.05748	0.02896	0.01350	0.22495	0.02848	0.00860	0.11934	0.02752	0.01758	0.01321	0.01713	0.05731	0.04955	0.00606	0.04119	0.00462	0.04992	0.07840	0.00594

[dist]
# distance from previous block
# <min> <max>
0	22

[block]
# block no. 6 follows, 53 sequences, length 8
# corresponding to MSA columns:
# 1983-1990
name=unknown_G
#
# <colnr> <probs for GDERKNQSTAVLIFYWHMCP>
#	G	D	E	R	K	N	Q	S	T	A	V	L	I	F	Y	W	H	M	C	P
0	0.01473	0.08722	0.04766	0.01148	0.01478	0.08731	0.07564	0.26928	0.10931	0.06774	0.01097	0.01179	0.00832	0.00568	0.00608	0.00148	0.11655	0.00420	0.00363	0.04616
1	0.09856	0.09802	0.17277	0.00864	0.01175	0.00961	0.00844	0.05484	0.01131	0.05425	0.19456	0.01978	0.09426	0.00694	0.00555	0.00148	0.07878	0.00535	0.04272	0.02238
2	0.01012	0.01025	0.03906	0.33817	0.24910	0.01126	0.08329	0.01297	0.00969	0.01339	0.00869	0.01246	0.00710	0.00686	0.05352	0.00197	0.11940	0.00440	0.00224	0.00604
3	0.01214	0.10371	0.08761	0.01111	0.01441	0.01046	0.16051	0.14075	0.02706	0.09968	0.05530	0.15171	0.01450	0.00711	0.00522	0.00154	0.02332	0.02261	0.04499	0.00624
4	0.00628	0.00455	0.00606	0.00694	0.00755	0.00434	0.00507	0.00753	0.00984	0.01306	0.07967	0.53758	0.08297	0.01510	0.04509	0.00221	0.00350	0.15420	0.00440	0.00405
5	0.01119	0.01262	0.02667	0.01929	0.02358	0.01237	0.69754	0.01488	0.01083	0.01488	0.00929	0.01262	0.00714	0.00452	0.00677	0.00167	0.09997	0.00548	0.00238	0.00631
6	0.01011	0.15720	0.67936	0.01273	0.01931	0.01238	0.01611	0.01500	0.01003	0.01450	0.00826	0.00969	0.00607	0.00447	0.00430	0.00143	0.00674	0.00337	0.00202	0.00691
7	0.01110	0.01413	0.19252	0.07653	0.40530	0.01139	0.09156	0.01595	0.10420	0.01577	0.01018	0.01233	0.00796	0.00460	0.00480	0.00150	0.00604	0.00437	0.00258	0.00719

[dist]
# distance from previous block
# <min> <max>
0	1

[block]
# block no. 7 follows, 53 sequences, length 164
# corresponding to MSA columns:
# 2000-2031,2036-2045,2047-2133,2136-2170
name=unknown_H
#
# <colnr> <probs for GDERKNQSTAVLIFYWHMCP>
#	G	D	E	R	K	N	Q	S	T	A	V	L	I	F	Y	W	H	M	C	P
0	0.00582	0.00416	0.00555	0.00666	0.00693	0.00388	0.00444	0.00666	0.00915	0.01220	0.02634	0.82891	0.03161	0.01497	0.00610	0.00194	0.00277	0.01359	0.00444	0.00388
1	0.03527	0.01308	0.01394	0.01081	0.01454	0.01453	0.00890	0.71680	0.07639	0.02923	0.01194	0.01185	0.00852	0.00576	0.00475	0.00145	0.00512	0.00435	0.00475	0.00803
2	0.01066	0.01041	0.01380	0.01189	0.01253	0.03011	0.02620	0.01387	0.13951	0.01295	0.00901	0.01248	0.00814	0.02771	0.04160	0.00224	0.60422	0.00449	0.00261	0.00557
3	0.00680	0.00509	0.00762	0.00765	0.00849	0.00592	0.00593	0.00848	0.00772	0.01113	0.01317	0.04091	0.01249	0.03528	0.79104	0.00752	0.01253	0.00535	0.00261	0.00426
4	0.00582	0.00416	0.00555	0.00666	0.00693	0.00388	0.00444	0.00666	0.00915	0.01220	0.02634	0.82891	0.03161	0.01497	0.00610	0.00194	0.00277	0.01359	0.00444	0.00388
5	0.01278	0.83490	0.02505	0.00818	0.01227	0.01891	0.00818	0.01431	0.00971	0.01125	0.00664	0.00767	0.00613	0.00409	0.00307	0.00102	0.00511	0.00256	0.00204	0.00613
6	0.00669	0.00539	0.00608	0.00600	0.00751	0.00501	0.00463	0.00934	0.07883	0.01525	0.23894	0.04112	0.44770	0.01157	0.02114	0.00176	0.00288	0.08101	0.00465	0.00450
7	0.00658	0.00488	0.00613	0.00582	0.00703	0.00443	0.00437	0.00866	0.01310	0.01814	0.67614	0.03740	0.16929	0.01016	0.00564	0.00152	0.00228	0.00888	0.00513	0.00443
8	0.00959	0.02472	0.80726	0.01362	0.02069	0.01110	0.01766	0.01514	0.01009	0.01514	0.00858	0.01009	0.00605	0.00454	0.00454	0.00151	0.00706	0.00353	0.00202	0.00706
9	0.00704	0.00615	0.05354	0.00687	0.00837	0.00504	0.00578	0.00943	0.01278	0.01783	0.58903	0.03773	0.07428	0.01015	0.00574	0.00163	0.00290	0.13621	0.00489	0.00462
10	0.01026	0.01028	0.01824	0.20355	0.25838	0.02824	0.21517	0.01309	0.01035	0.01401	0.01142	0.13033	0.01061	0.00604	0.00560	0.00161	0.03817	0.00594	0.00261	0.00609
11	0.00565	0.00484	0.00484	0.00484	0.00646	0.00403	0.00363	0.00686	0.01089	0.01291	0.04842	0.04600	0.80027	0.01210	0.00565	0.00161	0.00242	0.01009	0.00444	0.00403
12	0.02082	0.00913	0.01171	0.00898	0.01270	0.00851	0.00742	0.16843	0.01535	0.65802	0.01745	0.01536	0.01113	0.00588	0.00480	0.00147	0.00429	0.00471	0.00570	0.00813
13	0.01090	0.01446	0.20067	0.07603	0.34289	0.01168	0.17518	0.01448	0.01039	0.01486	0.00877	0.01160	0.00697	0.00466	0.00581	0.00155	0.07560	0.00437	0.00226	0.00687
14	0.01128	0.01289	0.02820	0.02015	0.02498	0.01209	0.78485	0.01531	0.01128	0.01531	0.00967	0.01289	0.00725	0.00403	0.00564	0.00161	0.00806	0.00564	0.00242	0.00645
15	0.00674	0.00488	0.00635	0.00599	0.00713	0.00450	0.00449	0.00897	0.01347	0.01903	0.78288	0.03593	0.06199	0.00982	0.00564	0.00151	0.00226	0.00868	0.00524	0.00450
16	0.02002	0.01043	0.01251	0.00959	0.01334	0.01043	0.00792	0.35621	0.01752	0.46719	0.01564	0.01418	0.01022	0.00584	0.00480	0.00146	0.00459	0.00459	0.00542	0.00813
17	0.01351	0.02834	0.07101	0.01596	0.02036	0.01265	0.43203	0.23438	0.01431	0.05494	0.01063	0.02494	0.00796	0.00493	0.00556	0.00156	0.03162	0.00511	0.00324	0.00696
18	0.01177	0.01129	0.01929	0.04692	0.78512	0.01134	0.01464	0.01461	0.01085	0.01554	0.00898	0.01185	0.00754	0.00427	0.00473	0.00142	0.00569	0.00426	0.00236	0.00752
19	0.01817	0.01339	0.01434	0.01100	0.01482	0.01482	0.00908	0.78627	0.02247	0.03012	0.01148	0.01148	0.00813	0.00574	0.00478	0.00143	0.00526	0.00430	0.00478	0.00813
20	0.14697	0.25131	0.09779	0.01154	0.01585	0.01357	0.18627	0.11091	0.01185	0.09784	0.00938	0.01047	0.00706	0.00457	0.00417	0.00137	0.00567	0.00381	0.00300	0.00660
21	0.02060	0.00823	0.01097	0.00846	0.01207	0.00725	0.00697	0.05735	0.01396	0.73542	0.01982	0.01735	0.04623	0.00618	0.00484	0.00148	0.00405	0.00502	0.00580	0.00795
22	0.00695	0.00463	0.00521	0.00521	0.00521	0.00463	0.00290	0.00695	0.00695	0.00927	0.01506	0.03128	0.01738	0.83203	0.02433	0.00463	0.00463	0.00695	0.00290	0.00290
23	0.00690	0.00461	0.00523	0.00528	0.00529	0.00460	0.00296	0.00694	0.00705	0.00940	0.01555	0.06625	0.01800	0.79620	0.02353	0.00452	0.00455	0.00724	0.00296	0.00294
24	0.01052	0.04763	0.01477	0.01214	0.01241	0.02561	0.01017	0.01163	0.00767	0.01160	0.00739	0.01205	0.01651	0.00832	0.01456	0.00203	0.74015	0.02741	0.00219	0.00523
25	0.02092	0.00825	0.01108	0.00857	0.01221	0.00729	0.00705	0.02341	0.05684	0.76205	0.01889	0.01635	0.01198	0.00595	0.00481	0.00149	0.00405	0.00484	0.00586	0.00810
26	0.00770	0.00550	0.00770	0.00880	0.00990	0.00550	0.00770	0.00990	0.01100	0.01430	0.02531	0.05391	0.02751	0.01320	0.00660	0.00220	0.00440	0.77004	0.00440	0.00440
27	0.01062	0.00902	0.00989	0.03373	0.01198	0.01029	0.00713	0.02134	0.61669	0.01824	0.02047	0.17598	0.01766	0.00809	0.00510	0.00168	0.00366	0.00697	0.00470	0.00678
28	0.01777	0.01319	0.01412	0.01092	0.01467	0.01464	0.00899	0.73776	0.07164	0.02948	0.01198	0.01188	0.00854	0.00579	0.00479	0.00145	0.00517	0.00437	0.00479	0.00809
29	0.01066	0.01106	0.01800	0.01443	0.01563	0.01401	0.20256	0.01245	0.00830	0.01245	0.00712	0.01106	0.00652	0.00729	0.01319	0.00197	0.62105	0.00454	0.00217	0.00553
30	0.01263	0.78233	0.02438	0.00846	0.01229	0.01864	0.00832	0.01413	0.00956	0.01126	0.00662	0.00785	0.00614	0.00436	0.00387	0.00109	0.05728	0.00266	0.00205	0.00608
31	0.01483	0.00870	0.01030	0.00874	0.01160	0.00900	0.00693	0.02230	0.38611	0.32055	0.12821	0.01973	0.01780	0.00673	0.00495	0.00155	0.00368	0.00563	0.00532	0.00736
32	0.00572	0.00457	0.00513	0.00557	0.00665	0.00397	0.00396	0.00678	0.01019	0.01263	0.03951	0.36181	0.49020	0.01326	0.00583	0.00175	0.00256	0.01150	0.00444	0.00397
33	0.00758	0.00542	0.00756	0.00867	0.00971	0.00540	0.00749	0.00970	0.01088	0.01417	0.02537	0.10333	0.02777	0.01332	0.00657	0.00218	0.00430	0.72181	0.00440	0.00437
34	0.01110	0.03824	0.69497	0.01289	0.01949	0.01075	0.01618	0.01612	0.01052	0.11165	0.00980	0.01080	0.00676	0.00470	0.00455	0.00150	0.00666	0.00367	0.00249	0.00718
35	0.01104	0.01475	0.15692	0.01970	0.07834	0.01187	0.60390	0.01524	0.01106	0.01530	0.00944	0.01235	0.00708	0.00413	0.00539	0.00158	0.00773	0.00519	0.00235	0.00663
36	0.00699	0.00504	0.00686	0.00790	0.00877	0.00491	0.00644	0.00870	0.01041	0.01356	0.02692	0.29969	0.07158	0.01371	0.00639	0.00209	0.00377	0.48766	0.00441	0.00422
37	0.16445	0.01111	0.06214	0.11440	0.04489	0.03520	0.00888	0.08623	0.25313	0.15126	0.01354	0.01359	0.00978	0.00549	0.00446	0.00153	0.00470	0.00433	0.00400	0.00690
38	0.01102	0.01318	0.15366	0.08047	0.12568	0.01087	0.28896	0.06494	0.05787	0.03277	0.05694	0.05902	0.01115	0.00544	0.00517	0.00157	0.00629	0.00548	0.00297	0.00657
39	0.01794	0.00917	0.01117	0.00907	0.01243	0.00915	0.00733	0.06625	0.28560	0.48921	0.01866	0.01655	0.01259	0.00610	0.00482	0.00153	0.00403	0.00499	0.00549	0.00794
40	0.00915	0.00622	0.00708	0.00647	0.00827	0.00603	0.00498	0.06134	0.08473	0.09085	0.19702	0.07736	0.30987	0.00958	0.00540	0.00155	0.01538	0.00805	0.08551	0.00516
41	0.01390	0.05513	0.06455	0.04641	0.08289	0.11998	0.06770	0.14912	0.23620	0.06442	0.01331	0.01371	0.02409	0.00557	0.00493	0.00148	0.02135	0.00454	0.00370	0.00703
42	0.01037	0.01199	0.11768	0.01002	0.01272	0.13084	0.07240	0.01487	0.14951	0.03205	0.24875	0.08037	0.04766	0.00769	0.00533	0.00155	0.01680	0.01969	0.00396	0.00573
43	0.00741	0.00490	0.00644	0.00626	0.00735	0.00451	0.00462	0.00934	0.01255	0.06118	0.57944	0.20361	0.03988	0.01060	0.00565	0.00159	0.00247	0.00942	0.01820	0.00458
44	0.02742	0.01060	0.01904	0.29314	0.28313	0.01116	0.20578	0.03819	0.01085	0.01488	0.01022	0.01335	0.03112	0.00467	0.00497	0.00153	0.00636	0.00475	0.00245	0.00639
45	0.01488	0.01221	0.04378	0.05366	0.11241	0.14856	0.07395	0.03888	0.07385	0.23610	0.03148	0.06757	0.01132	0.00614	0.00550	0.00152	0.05256	0.00510	0.00381	0.00672
46	0.00689	0.00521	0.00641	0.00711	0.00778	0.00526	0.00489	0.00981	0.14072	0.01338	0.02469	0.65779	0.02813	0.04938	0.00669	0.00201	0.00302	0.01192	0.00444	0.00446
47	0.00903	0.00850	0.01434	0.82054	0.03292	0.01062	0.01327	0.01221	0.00956	0.01221	0.00850	0.01274	0.00637	0.00478	0.00478	0.00159	0.00637	0.00425	0.00212	0.00531
48	0.06225	0.01316	0.14835	0.04431	0.21755	0.02482	0.06869	0.16962	0.02749	0.07868	0.01131	0.04575	0.00890	0.00531	0.00466	0.00147	0.00550	0.00459	0.05061	0.00698
49	0.01476	0.04661	0.01616	0.08828	0.29761	0.28774	0.01141	0.10041	0.01294	0.04824	0.00893	0.01076	0.00713	0.00485	0.00478	0.00137	0.02478	0.00381	0.00277	0.00665
50	0.00587	0.00472	0.00525	0.00548	0.00674	0.00410	0.00402	0.00714	0.01080	0.01346	0.12240	0.21632	0.52883	0.01252	0.00578	0.00169	0.00254	0.03377	0.00452	0.00406
51	0.05132	0.01091	0.03250	0.19540	0.15127	0.04326	0.11771	0.03171	0.05369	0.06203	0.00974	0.01243	0.00767	0.00604	0.02227	0.00173	0.15786	0.00441	0.02185	0.00619
52	0.02776	0.04163	0.11124	0.09365	0.04847	0.05742	0.31050	0.06872	0.05350	0.01583	0.02618	0.04587	0.00963	0.00548	0.00553	0.00158	0.03960	0.02831	0.00282	0.00629
53	0.00674	0.00488	0.00598	0.00589	0.00711	0.00438	0.00438	0.00848	0.01213	0.03779	0.43849	0.14300	0.26352	0.01111	0.00570	0.00161	0.00247	0.02705	0.00491	0.00438
54	0.01250	0.50917	0.05756	0.01323	0.16699	0.06059	0.01016	0.01440	0.00993	0.01232	0.00719	0.00892	0.00643	0.00462	0.00480	0.00124	0.08835	0.00313	0.00213	0.00633
55	0.04233	0.09021	0.18979	0.03854	0.28113	0.11298	0.06995	0.06710	0.03529	0.01582	0.00893	0.01079	0.00705	0.00456	0.00450	0.00141	0.00634	0.00388	0.00253	0.00689
56	0.07486	0.02962	0.01292	0.01237	0.09421	0.23051	0.00890	0.06728	0.19464	0.06230	0.01169	0.01305	0.00928	0.00630	0.01717	0.00159	0.10584	0.01806	0.02298	0.00642
57	0.00747	0.00521	0.00682	0.00718	0.00800	0.00500	0.02116	0.05735	0.01024	0.04308	0.02513	0.59525	0.06959	0.07132	0.00724	0.00207	0.00328	0.04592	0.00436	0.00433
58	0.01010	0.00659	0.00808	0.00717	0.00903	0.00651	0.00554	0.04385	0.14768	0.12836	0.51458	0.02919	0.04667	0.00856	0.00536	0.00152	0.00289	0.00741	0.00525	0.00567
59	0.01109	0.05045	0.10529	0.12631	0.25460	0.05283	0.07197	0.07425	0.03389	0.01611	0.09233	0.01627	0.06264	0.00562	0.00485	0.00147	0.00560	0.00500	0.00298	0.00645
60	0.01310	0.37876	0.11087	0.01105	0.05750	0.13061	0.04481	0.07912	0.02713	0.01454	0.00873	0.01001	0.00716	0.00459	0.00383	0.00121	0.00573	0.00336	0.08160	0.00629
61	0.01582	0.01146	0.01271	0.00958	0.01353	0.01159	0.00786	0.48664	0.01788	0.08309	0.01109	0.01134	0.00807	0.00506	0.00439	0.00121	0.00463	0.00388	0.00425	0.27591
62	0.00638	0.00452	0.00576	0.00655	0.00689	0.00434	0.00433	0.03037	0.00919	0.01226	0.02404	0.67339	0.02857	0.14858	0.00905	0.00237	0.00315	0.01222	0.00419	0.00385
63	0.02765	0.02254	0.11587	0.10124	0.31494	0.09366	0.08782	0.01480	0.05399	0.01470	0.01079	0.08437	0.00952	0.00555	0.00505	0.00152	0.02183	0.00502	0.00264	0.00652
64	0.00603	0.00465	0.00552	0.00579	0.00685	0.00414	0.00419	0.00742	0.01105	0.01436	0.23785	0.28632	0.34927	0.01240	0.00580	0.00170	0.00252	0.02536	0.00465	0.00412
65	0.00688	0.00486	0.00625	0.00698	0.02502	0.00447	0.00493	0.00818	0.01040	0.04544	0.12148	0.42475	0.19029	0.02874	0.00627	0.00187	0.00296	0.09142	0.00452	0.00428
66	0.07421	0.01090	0.01453	0.28782	0.17550	0.04582	0.02196	0.19999	0.03699	0.05274	0.01032	0.03004	0.00799	0.00520	0.00466	0.00150	0.00564	0.00438	0.00319	0.00661
67	0.00797	0.00568	0.00661	0.00710	0.00788	0.04019	0.00498	0.00966	0.05293	0.06297	0.02290	0.56217	0.02565	0.06115	0.04189	0.00224	0.00372	0.02665	0.04323	0.00442
68	0.03148	0.04084	0.30534	0.01256	0.08316	0.04681	0.01184	0.06089	0.12775	0.19677	0.02773	0.01317	0.00961	0.00529	0.00461	0.00148	0.00553	0.00423	0.00361	0.00730
69	0.00966	0.00920	0.01540	0.62722	0.07790	0.01091	0.07430	0.01392	0.08762	0.01344	0.00971	0.01320	0.00733	0.00486	0.00485	0.00159	0.00621	0.00447	0.00243	0.00576
70	0.01287	0.00806	0.00987	0.11470	0.01331	0.00828	0.00706	0.13663	0.10258	0.21069	0.05428	0.03731	0.18864	0.03005	0.00552	0.00161	0.00400	0.00625	0.04204	0.00626
71	0.01062	0.01089	0.01455	0.52267	0.15823	0.12907	0.01238	0.01335	0.01044	0.01275	0.01062	0.01382	0.05048	0.00512	0.00475	0.00151	0.00637	0.00440	0.00234	0.00565
72	0.01367	0.01197	0.01470	0.07963	0.04631	0.09782	0.12752	0.26431	0.09566	0.03203	0.02451	0.05837	0.01052	0.00594	0.00504	0.00149	0.02144	0.00508	0.07736	0.00661
73	0.01700	0.02136	0.01367	0.01234	0.01452	0.72100	0.00938	0.01821	0.01283	0.01168	0.00726	0.00883	0.00617	0.00532	0.00562	0.00133	0.10235	0.00321	0.00242	0.00551
74	0.00921	0.00856	0.01274	0.14059	0.05110	0.03778	0.08114	0.03201	0.00925	0.01266	0.01229	0.13611	0.01226	0.04470	0.17673	0.00313	0.19127	0.02068	0.00275	0.00505
75	0.08798	0.02700	0.02590	0.04673	0.03089	0.17455	0.07668	0.03506	0.09298	0.01546	0.09096	0.19767	0.01721	0.01936	0.00519	0.00160	0.00504	0.01484	0.02951	0.00539
76	0.01059	0.02693	0.04178	0.03330	0.05572	0.15368	0.07701	0.04232	0.02915	0.03035	0.04546	0.22497	0.08154	0.00898	0.00605	0.00166	0.06227	0.05945	0.00350	0.00531
77	0.00717	0.00518	0.00652	0.00634	0.00753	0.00489	0.00472	0.00978	0.05932	0.03486	0.53778	0.15710	0.10485	0.01055	0.00566	0.00160	0.00252	0.02394	0.00504	0.00463
78	0.00784	0.00710	0.01169	0.01021	0.01151	0.00763	0.15228	0.00954	0.00937	0.01295	0.06448	0.32390	0.06308	0.01445	0.12866	0.00272	0.14573	0.00873	0.00342	0.00470
79	0.01117	0.26685	0.43646	0.01288	0.06103	0.03194	0.03721	0.01495	0.01008	0.02835	0.00811	0.00964	0.00632	0.00458	0.00463	0.00138	0.04220	0.00338	0.00214	0.00670
80	0.01073	0.01009	0.01689	0.05052	0.64433	0.01008	0.01287	0.01325	0.01062	0.01496	0.01280	0.11660	0.04338	0.00595	0.00494	0.00150	0.00520	0.00568	0.00271	0.00689
81	0.00592	0.00423	0.00565	0.00676	0.00708	0.00396	0.00460	0.00682	0.00924	0.01231	0.02629	0.78996	0.03141	0.01489	0.00613	0.00195	0.00285	0.05160	0.00444	0.00391
82	0.01193	0.01154	0.01819	0.13142	0.62063	0.04660	0.01395	0.04341	0.01119	0.01545	0.00889	0.01177	0.00735	0.00450	0.00495	0.00145	0.02300	0.00421	0.00242	0.00716
83	0.00606	0.00458	0.00654	0.00718	0.00773	0.00426	0.03963	0.00705	0.00932	0.01237	0.02656	0.75774	0.06422	0.01435	0.00606	0.00191	0.00300	0.01308	0.00435	0.00400
84	0.00747	0.00543	0.00737	0.00835	0.00951	0.00533	0.00723	0.00955	0.01099	0.01414	0.02796	0.05300	0.11636	0.01308	0.00649	0.00213	0.00417	0.68265	0.00441	0.00436
85	0.09895	0.00959	0.01152	0.00895	0.01259	0.00941	0.00738	0.21315	0.03088	0.52321	0.01589	0.01431	0.01034	0.00575	0.00463	0.00147	0.00433	0.00449	0.00534	0.00785
86	0.01152	0.00977	0.01043	0.00936	0.01192	0.01117	0.00728	0.04669	0.68457	0.02021	0.10484	0.01960	0.01774	0.00682	0.00495	0.00160	0.00366	0.00573	0.00490	0.00725
87	0.00676	0.00489	0.00639	0.00601	0.00714	0.00451	0.00451	0.00902	0.01353	0.01917	0.79969	0.03570	0.04510	0.00977	0.00564	0.00150	0.00225	0.00864	0.00526	0.00451
88	0.00922	0.00901	0.01429	0.03657	0.01365	0.01101	0.13878	0.01083	0.00859	0.01234	0.01311	0.17543	0.04660	0.01053	0.05546	0.00225	0.41791	0.00661	0.00274	0.00506
89	0.01126	0.01289	0.04982	0.02086	0.13695	0.01209	0.60695	0.01500	0.01097	0.01514	0.00935	0.01252	0.00721	0.00432	0.00603	0.00161	0.05280	0.00530	0.00238	0.00656
90	0.01324	0.01094	0.01157	0.01000	0.01295	0.01252	0.00789	0.18967	0.62709	0.02218	0.01773	0.01646	0.01320	0.00632	0.00485	0.00158	0.00410	0.00517	0.00485	0.00769
91	0.01131	0.01282	0.02781	0.02056	0.06007	0.01205	0.75008	0.01528	0.01126	0.01532	0.00964	0.01284	0.00727	0.00404	0.00560	0.00160	0.00795	0.00558	0.00242	0.00650
92	0.01002	0.00859	0.00996	0.00723	0.01139	0.00668	0.00577	0.01277	0.05328	0.01582	0.00910	0.01035	0.00750	0.00370	0.00361	0.00076	0.00355	0.00297	0.00294	0.81400
93	0.00949	0.00762	0.00891	0.00925	0.01087	0.04369	0.00780	0.04759	0.17496	0.01607	0.02267	0.04248	0.02300	0.01110	0.00606	0.00200	0.00450	0.54224	0.00443	0.00528
94	0.00569	0.00467	0.00502	0.00530	0.00658	0.00400	0.00384	0.00681	0.01045	0.01273	0.04280	0.24536	0.60454	0.01284	0.00576	0.00170	0.00251	0.01098	0.00444	0.00400
95	0.01124	0.01278	0.02759	0.01980	0.02442	0.01220	0.74989	0.01514	0.01110	0.01514	0.00952	0.01278	0.00721	0.00422	0.00609	0.00163	0.04486	0.00557	0.00240	0.00639
96	0.00663	0.00476	0.00618	0.00691	0.00749	0.00457	0.00483	0.04664	0.01035	0.01391	0.10360	0.67234	0.03160	0.01390	0.00601	0.00188	0.00292	0.04676	0.00454	0.00418
97	0.00582	0.00416	0.00555	0.00666	0.00693	0.00388	0.00444	0.00666	0.00915	0.01220	0.02634	0.82891	0.03161	0.01497	0.00610	0.00194	0.00277	0.01359	0.00444	0.00388
98	0.00582	0.00416	0.00555	0.00666	0.00693	0.00388	0.00444	0.00666	0.00915	0.01220	0.02634	0.82891	0.03161	0.01497	0.00610	0.00194	0.00277	0.01359	0.00444	0.00388
99	0.16053	0.01246	0.01297	0.01009	0.01377	0.01378	0.00834	0.62226	0.01967	0.06367	0.01100	0.01107	0.00780	0.00553	0.00448	0.00144	0.00494	0.00404	0.00453	0.00763
100	0.01337	0.01052	0.01125	0.00969	0.01262	0.01184	0.00766	0.17451	0.56300	0.06515	0.01915	0.01776	0.04863	0.00656	0.00488	0.00158	0.00403	0.00537	0.00489	0.00755
101	0.01386	0.01113	0.01597	0.01170	0.01591	0.01056	0.20016	0.26249	0.01460	0.08548	0.01060	0.01168	0.00785	0.00456	0.00456	0.00123	0.00526	0.00416	0.00361	0.30463
102	0.01278	0.83490	0.02505	0.00818	0.01227	0.01891	0.00818	0.01431	0.00971	0.01125	0.00664	0.00767	0.00613	0.00409	0.00307	0.00102	0.00511	0.00256	0.00204	0.00613
103	0.00683	0.00511	0.00763	0.00763	0.00847	0.00595	0.00591	0.00850	0.00767	0.01106	0.01285	0.01904	0.01206	0.05237	0.79671	0.00762	0.01263	0.00516	0.00257	0.00424
104	0.00676	0.00489	0.00639	0.00601	0.00714	0.00451	0.00451	0.00902	0.01353	0.01917	0.79969	0.03570	0.04510	0.00977	0.00564	0.00150	0.00225	0.00864	0.00526	0.00451
105	0.11020	0.00831	0.01066	0.00830	0.01190	0.00755	0.00684	0.02238	0.03440	0.70140	0.01759	0.01541	0.01121	0.00578	0.00461	0.00148	0.00402	0.00459	0.00558	0.00781
106	0.02144	0.00813	0.01109	0.00850	0.01220	0.00702	0.00702	0.02329	0.01368	0.80552	0.01886	0.01627	0.01183	0.00592	0.00481	0.00148	0.00407	0.00481	0.00592	0.00813
107	0.00582	0.00416	0.00555	0.00666	0.00693	0.00388	0.00444	0.00666	0.00915	0.01220	0.02634	0.82891	0.03161	0.01497	0.00610	0.00194	0.00277	0.01359	0.00444	0.00388
108	0.01229	0.71064	0.14502	0.00901	0.01356	0.01771	0.00963	0.01444	0.00977	0.01184	0.00694	0.00804	0.00612	0.00416	0.00329	0.00110	0.00541	0.00271	0.00204	0.00628
109	0.00587	0.00420	0.00559	0.00662	0.00694	0.00391	0.00444	0.00678	0.00937	0.01255	0.06562	0.78862	0.03230	0.01471	0.00608	0.00192	0.00275	0.01334	0.00448	0.00391
110	0.00565	0.00484	0.00484	0.00484	0.00646	0.00403	0.00363	0.00686	0.01089	0.01291	0.04842	0.04600	0.80027	0.01210	0.00565	0.00161	0.00242	0.01009	0.00444	0.00403
111	0.17474	0.01127	0.01252	0.00996	0.01317	0.01252	0.03150	0.45138	0.01667	0.08165	0.01095	0.01185	0.00812	0.00856	0.08514	0.00210	0.04264	0.00414	0.00411	0.00701
112	0.03347	0.01125	0.01187	0.01006	0.01313	0.01281	0.00800	0.27145	0.52597	0.02331	0.01658	0.01554	0.01228	0.00620	0.00479	0.00156	0.00426	0.00498	0.00479	0.00769
113	0.01234	0.01091	0.01103	0.00988	0.01260	0.04710	0.00768	0.04821	0.73597	0.01994	0.01868	0.01724	0.01402	0.00639	0.00484	0.00160	0.00404	0.00527	0.00476	0.00749
114	0.01134	0.01274	0.02733	0.02106	0.10208	0.01201	0.70845	0.01525	0.01124	0.01534	0.00960	0.01279	0.00728	0.00405	0.00555	0.00159	0.00782	0.00550	0.00241	0.00656
115	0.01041	0.10347	0.57456	0.04590	0.12144	0.01200	0.01592	0.03595	0.01047	0.01511	0.00851	0.01021	0.00633	0.00450	0.00443	0.00145	0.00661	0.00358	0.00215	0.00700
