[name]
unknown

[dist]
# distance from previous block
# <min> <max>
21	94

[block]
# block no. 0 follows, 61 sequences, length 16
# corresponding to MSA columns:
# 137-152
name=unknown_A
#
# <colnr> <probs for GDERKNQSTAVLIFYWHMCP>
#	G	D	E	R	K	N	Q	S	T	A	V	L	I	F	Y	W	H	M	C	P
0	0.01166	0.05317	0.08558	0.02172	0.04149	0.27855	0.06658	0.05748	0.06239	0.03986	0.03590	0.06149	0.05334	0.00752	0.06702	0.00168	0.00607	0.00443	0.00281	0.04124
1	0.00890	0.00792	0.04766	0.02212	0.03411	0.03032	0.05380	0.11279	0.08289	0.03777	0.03645	0.31125	0.08380	0.02573	0.00511	0.00150	0.00371	0.00741	0.00362	0.08315
2	0.01192	0.03761	0.04825	0.00950	0.06051	0.03091	0.02921	0.20442	0.11244	0.10321	0.05990	0.07706	0.02812	0.00564	0.00422	0.00123	0.00404	0.00470	0.00366	0.16346
3	0.32736	0.02536	0.03940	0.02818	0.01072	0.02325	0.01750	0.08871	0.05364	0.14821	0.04095	0.03794	0.02078	0.00492	0.00362	0.00126	0.00374	0.00371	0.00339	0.11739
4	0.09581	0.08521	0.02658	0.00873	0.04212	0.04524	0.02802	0.14938	0.04933	0.23794	0.02588	0.03359	0.09765	0.02605	0.00484	0.00139	0.02787	0.00459	0.00379	0.00599
5	0.00788	0.02946	0.03413	0.00860	0.10903	0.00579	0.00591	0.04144	0.01024	0.06759	0.13483	0.14587	0.24229	0.06414	0.00604	0.00165	0.00326	0.07354	0.00375	0.00457
6	0.09655	0.13222	0.01284	0.05518	0.04937	0.06594	0.02325	0.24287	0.04780	0.13545	0.02014	0.05017	0.02656	0.00523	0.00398	0.00127	0.00448	0.00408	0.00349	0.01914
7	0.11491	0.08333	0.03623	0.05574	0.05013	0.05325	0.01882	0.26725	0.08320	0.05692	0.01957	0.01262	0.04074	0.02446	0.00483	0.00138	0.03989	0.01437	0.00333	0.01903
8	0.03006	0.00987	0.01508	0.09908	0.55746	0.03743	0.01141	0.01353	0.06930	0.01416	0.03024	0.01140	0.00796	0.00414	0.00417	0.00126	0.00487	0.00385	0.00239	0.07234
9	0.00634	0.00490	0.00688	0.00673	0.00738	0.00568	0.00512	0.00757	0.00702	0.00990	0.01383	0.01991	0.07254	0.15240	0.58264	0.00570	0.07417	0.00514	0.00245	0.00371
10	0.01087	0.05081	0.11730	0.01976	0.39112	0.02656	0.20720	0.07403	0.03346	0.01481	0.00852	0.01061	0.00672	0.00398	0.00438	0.00132	0.00575	0.00401	0.00232	0.00646
11	0.07283	0.00553	0.02265	0.00632	0.02580	0.00495	0.03018	0.00877	0.01085	0.03772	0.45390	0.05617	0.19931	0.02194	0.00509	0.00142	0.00260	0.00730	0.00414	0.02253
12	0.00639	0.00473	0.00626	0.00577	0.00625	0.00459	0.06375	0.00681	0.00701	0.00923	0.01655	0.08094	0.08768	0.65565	0.01808	0.00357	0.00412	0.00681	0.00279	0.00300
13	0.01018	0.08012	0.08898	0.25409	0.16812	0.06780	0.07885	0.03154	0.08499	0.01292	0.00845	0.01073	0.00668	0.00453	0.00500	0.00137	0.07390	0.00378	0.00227	0.00571
14	0.01069	0.54479	0.29368	0.00915	0.01369	0.04061	0.01029	0.01329	0.00898	0.01133	0.00660	0.00768	0.00550	0.00385	0.00325	0.00108	0.00530	0.00262	0.00185	0.00579
15	0.01012	0.10498	0.45542	0.01252	0.06685	0.03244	0.09528	0.02990	0.06167	0.05171	0.02106	0.01076	0.01952	0.00436	0.00413	0.00132	0.00576	0.00365	0.00234	0.00623

[dist]
# distance from previous block
# <min> <max>
0	1

[block]
# block no. 1 follows, 61 sequences, length 12
# corresponding to MSA columns:
# 154-165
name=unknown_B
#
# <colnr> <probs for GDERKNQSTAVLIFYWHMCP>
#	G	D	E	R	K	N	Q	S	T	A	V	L	I	F	Y	W	H	M	C	P
0	0.01624	0.00990	0.01131	0.00890	0.01207	0.01041	0.00727	0.44109	0.09804	0.27940	0.01379	0.04986	0.00993	0.00566	0.00438	0.00134	0.00416	0.00450	0.00463	0.00710
1	0.02842	0.06020	0.18510	0.01011	0.05776	0.02034	0.08018	0.04447	0.06832	0.01487	0.09880	0.03268	0.01099	0.00467	0.00398	0.00113	0.00442	0.00401	0.00278	0.26677
2	0.00632	0.00769	0.14877	0.00641	0.00856	0.00519	0.00600	0.00886	0.04049	0.01423	0.31046	0.05301	0.33250	0.00887	0.00492	0.00142	0.00295	0.02506	0.00390	0.00439
3	0.00514	0.00437	0.00444	0.00442	0.00585	0.00366	0.00331	0.00628	0.00994	0.01193	0.08385	0.04097	0.77960	0.01080	0.00509	0.00145	0.00217	0.00902	0.00404	0.00366
4	0.00675	0.00904	0.21343	0.00821	0.04589	0.00572	0.00721	0.00858	0.00825	0.01145	0.01706	0.33787	0.05390	0.18462	0.00841	0.00208	0.00399	0.02300	0.00301	0.04152
5	0.01197	0.63990	0.02005	0.00834	0.01142	0.13686	0.00773	0.01327	0.00904	0.01022	0.00605	0.00730	0.00554	0.00420	0.00413	0.00105	0.09314	0.00253	0.00190	0.00536
6	0.00781	0.04199	0.00746	0.00630	0.00791	0.00633	0.00488	0.01226	0.21460	0.04248	0.46671	0.02752	0.12088	0.00797	0.00478	0.00137	0.00256	0.00685	0.00446	0.00488
7	0.01148	0.09844	0.24597	0.00919	0.01275	0.04894	0.00923	0.11522	0.04388	0.14331	0.04110	0.01275	0.00931	0.02508	0.15195	0.00234	0.00621	0.00390	0.00303	0.00590
8	0.00919	0.13066	0.65269	0.01214	0.05380	0.01097	0.01432	0.01387	0.03946	0.01336	0.00789	0.00914	0.00582	0.00409	0.00394	0.00131	0.00597	0.00316	0.00193	0.00629
9	0.00996	0.04577	0.64485	0.01287	0.08094	0.04688	0.01444	0.01425	0.00950	0.06943	0.00830	0.00948	0.00593	0.00416	0.00407	0.00133	0.00609	0.00327	0.00210	0.00638
10	0.00837	0.00876	0.05038	0.35140	0.11694	0.03680	0.11234	0.01097	0.00952	0.01238	0.06008	0.03725	0.10993	0.00588	0.00464	0.00144	0.00513	0.05023	0.00257	0.00498
11	0.00893	0.00904	0.08577	0.05003	0.07788	0.05037	0.06016	0.03533	0.03028	0.04842	0.01358	0.13044	0.06106	0.04869	0.13084	0.02369	0.09226	0.00552	0.00278	0.03494

[dist]
# distance from previous block
# <min> <max>
5	20

[block]
# block no. 2 follows, 61 sequences, length 92
# corresponding to MSA columns:
# 190-268,271-283
name=unknown_C
#
# <colnr> <probs for GDERKNQSTAVLIFYWHMCP>
#	G	D	E	R	K	N	Q	S	T	A	V	L	I	F	Y	W	H	M	C	P
0	0.01004	0.10219	0.26200	0.01102	0.05780	0.10816	0.07671	0.01299	0.02297	0.03809	0.04616	0.03699	0.04822	0.00553	0.01938	0.00135	0.02794	0.01438	0.00248	0.09560
1	0.03265	0.04658	0.33287	0.01079	0.04802	0.02506	0.08011	0.01308	0.06186	0.05703	0.03577	0.07856	0.05973	0.00570	0.00433	0.00136	0.00495	0.03309	0.00276	0.06568
2	0.02261	0.04780	0.21569	0.04169	0.03422	0.06463	0.02183	0.07479	0.03301	0.02703	0.09449	0.10984	0.08943	0.01634	0.05019	0.00171	0.01461	0.01884	0.00303	0.01822
3	0.01122	0.06962	0.09787	0.06947	0.03975	0.01035	0.02142	0.18079	0.04513	0.01620	0.05597	0.04014	0.01068	0.00921	0.07506	0.07917	0.09372	0.00452	0.00318	0.06654
4	0.01270	0.49731	0.07340	0.06608	0.01381	0.12272	0.00867	0.06394	0.03569	0.01300	0.02476	0.01087	0.02948	0.00501	0.00383	0.00127	0.00542	0.00336	0.00261	0.00607
5	0.00931	0.05204	0.27731	0.01007	0.06420	0.00850	0.02225	0.03332	0.06477	0.03857	0.02167	0.02487	0.05571	0.00552	0.02751	0.00132	0.01714	0.01295	0.00264	0.25033
6	0.00707	0.00516	0.00674	0.00628	0.00704	0.00542	0.02618	0.06219	0.00791	0.01092	0.04471	0.04418	0.01428	0.41555	0.28984	0.00455	0.00661	0.00564	0.00273	0.02699
7	0.03111	0.15093	0.17348	0.00982	0.08135	0.03118	0.01705	0.03178	0.00967	0.11227	0.05107	0.10076	0.02240	0.03392	0.05744	0.00172	0.00492	0.01677	0.00291	0.05945
8	0.62791	0.14349	0.06372	0.00651	0.00945	0.01074	0.00594	0.01247	0.00772	0.01695	0.00714	0.02129	0.02153	0.00434	0.00318	0.00129	0.02623	0.00272	0.00250	0.00488
9	0.00616	0.00563	0.02312	0.00695	0.03016	0.02112	0.05950	0.00774	0.02247	0.01232	0.10486	0.26313	0.37098	0.01076	0.01836	0.00161	0.00309	0.02422	0.00379	0.00402
10	0.01513	0.05486	0.02269	0.01061	0.02488	0.61572	0.00812	0.11424	0.01289	0.01309	0.03967	0.00931	0.00733	0.00467	0.00392	0.00114	0.00681	0.00315	0.02649	0.00529
11	0.00550	0.00410	0.00561	0.00624	0.00674	0.00384	0.02562	0.00639	0.00839	0.01108	0.02428	0.67177	0.09385	0.04348	0.02877	0.00196	0.00297	0.04198	0.00385	0.00357
12	0.01092	0.01576	0.32199	0.02280	0.13584	0.12169	0.06514	0.08848	0.05056	0.02863	0.01001	0.01127	0.02917	0.00453	0.00415	0.00130	0.00567	0.00375	0.06225	0.00608
13	0.00835	0.02233	0.06899	0.68673	0.02680	0.01008	0.01191	0.01115	0.00845	0.01111	0.00744	0.01104	0.00571	0.00460	0.00524	0.00147	0.08804	0.00375	0.00190	0.00490
14	0.81929	0.00841	0.00680	0.00605	0.00854	0.00991	0.00499	0.01250	0.00728	0.01871	0.00597	0.00716	0.00473	0.00424	0.00345	0.00137	0.06087	0.00243	0.00261	0.00467
15	0.00801	0.00690	0.02335	0.02236	0.16832	0.00671	0.00660	0.06520	0.10037	0.01535	0.24321	0.10838	0.17497	0.02464	0.00514	0.00146	0.00323	0.00695	0.00381	0.00502
16	0.01194	0.05360	0.03559	0.03636	0.05533	0.14635	0.03584	0.08767	0.35715	0.02577	0.01186	0.01223	0.00916	0.00535	0.00528	0.00139	0.09559	0.00406	0.00329	0.00617
17	0.81924	0.00929	0.06267	0.00612	0.00904	0.00969	0.00544	0.01273	0.00745	0.01894	0.00612	0.00714	0.00472	0.00401	0.00276	0.00134	0.00354	0.00239	0.00261	0.00478
18	0.00641	0.00480	0.00656	0.00686	0.06246	0.00449	0.00469	0.00848	0.01203	0.01705	0.76372	0.03070	0.03832	0.00846	0.00502	0.00135	0.00224	0.00752	0.00456	0.00425
19	0.00616	0.00428	0.00514	0.00514	0.00540	0.00439	0.00323	0.00656	0.00665	0.00892	0.01521	0.02676	0.06991	0.62122	0.18921	0.00456	0.00557	0.00612	0.00264	0.00294
20	0.01058	0.54841	0.30318	0.00914	0.01374	0.02755	0.01037	0.01323	0.00893	0.01137	0.00661	0.00769	0.00550	0.00384	0.00325	0.00108	0.00527	0.00262	0.00184	0.00581
21	0.00570	0.00444	0.00483	0.00472	0.00610	0.00380	0.00354	0.00699	0.01033	0.03591	0.19961	0.06209	0.61603	0.01040	0.00508	0.00144	0.00220	0.00878	0.00419	0.00382
22	0.00966	0.15918	0.56709	0.01171	0.01722	0.01117	0.08401	0.01408	0.03703	0.03844	0.00815	0.00937	0.00599	0.00408	0.00398	0.00130	0.00597	0.00330	0.00205	0.00622
23	0.01071	0.59848	0.22395	0.00909	0.01342	0.01498	0.04188	0.01309	0.00887	0.01116	0.00653	0.00768	0.00555	0.00384	0.00334	0.00107	0.01611	0.00266	0.00185	0.00574
24	0.00525	0.00376	0.00499	0.00597	0.00624	0.00350	0.00398	0.00600	0.00828	0.01101	0.02413	0.83021	0.04383	0.01345	0.00549	0.00174	0.00249	0.01218	0.00400	0.00350
25	0.00593	0.00439	0.00554	0.00531	0.00637	0.00400	0.00398	0.00779	0.01170	0.01620	0.67138	0.05679	0.15578	0.00929	0.00511	0.00139	0.00209	0.01836	0.00460	0.00398
26	0.01077	0.18226	0.38532	0.01122	0.03712	0.03893	0.04546	0.09208	0.06056	0.03423	0.00840	0.00948	0.00637	0.00440	0.00439	0.00128	0.04579	0.00332	0.00236	0.01628
27	0.00573	0.00427	0.00546	0.00572	0.00650	0.00406	0.00411	0.00732	0.02905	0.01336	0.30378	0.35639	0.14037	0.01298	0.07842	0.00202	0.00311	0.00940	0.00412	0.00383
28	0.00527	0.00381	0.00498	0.00587	0.00622	0.00353	0.00395	0.00608	0.00849	0.01125	0.05136	0.76369	0.08328	0.01316	0.00546	0.00172	0.00246	0.01188	0.00402	0.00353
29	0.00980	0.02058	0.06707	0.27105	0.33346	0.03287	0.15581	0.01271	0.00943	0.01282	0.00793	0.01083	0.00628	0.00407	0.00464	0.00137	0.02738	0.00397	0.00205	0.00587
30	0.02001	0.00962	0.05248	0.23479	0.36852	0.00977	0.01125	0.10056	0.01049	0.01467	0.03206	0.05385	0.00865	0.00488	0.00454	0.00136	0.02500	0.00433	0.02725	0.00592
31	0.01150	0.25094	0.32142	0.01112	0.01551	0.21158	0.08238	0.02620	0.01002	0.01213	0.00711	0.00841	0.00562	0.00404	0.00376	0.00119	0.00627	0.00302	0.00199	0.00576
32	0.03870	0.01597	0.01401	0.01560	0.25373	0.46163	0.02883	0.06916	0.01167	0.01304	0.00733	0.00893	0.00605	0.00438	0.00436	0.00121	0.03412	0.00324	0.00234	0.00570
33	0.17719	0.00776	0.00923	0.00733	0.01034	0.00751	0.00601	0.10473	0.01213	0.51800	0.05360	0.02976	0.01101	0.00539	0.00406	0.00133	0.00359	0.00423	0.02027	0.00654
34	0.02625	0.03781	0.16965	0.08799	0.24651	0.01913	0.18969	0.01276	0.03174	0.01363	0.04307	0.05080	0.02761	0.00489	0.00448	0.00138	0.00549	0.01891	0.00240	0.00584
35	0.01300	0.40764	0.04629	0.01081	0.06851	0.29680	0.05298	0.03696	0.01043	0.01135	0.00670	0.00790	0.00573	0.00401	0.00347	0.00107	0.00595	0.00280	0.00208	0.00553
36	0.00535	0.00434	0.00475	0.00472	0.00600	0.00374	0.00351	0.00666	0.01033	0.01302	0.23817	0.08310	0.58021	0.01052	0.00511	0.00145	0.00216	0.00894	0.00419	0.00374
37	0.00634	0.00419	0.00477	0.00473	0.00490	0.00416	0.00278	0.00667	0.00703	0.00970	0.09681	0.02793	0.01798	0.71519	0.01914	0.00371	0.00383	0.00630	0.05101	0.00284
38	0.00610	0.00440	0.00576	0.00542	0.00644	0.00406	0.00406	0.00813	0.01219	0.01727	0.81947	0.03218	0.04064	0.00881	0.00508	0.00135	0.00203	0.00779	0.00474	0.00406
39	0.01335	0.00597	0.00766	0.00637	0.00868	0.00530	0.00508	0.01518	0.02345	0.44900	0.14957	0.04358	0.12266	0.00681	0.00441	0.00132	0.00296	0.00570	0.11718	0.00578
40	0.01295	0.01068	0.05568	0.03655	0.21870	0.01068	0.02183	0.28501	0.14407	0.09278	0.01945	0.02592	0.00907	0.00586	0.02984	0.00151	0.00482	0.00425	0.00357	0.00677
41	0.00586	0.00430	0.00550	0.00550	0.00642	0.00394	0.00406	0.00755	0.01113	0.01534	0.55984	0.18308	0.12435	0.01001	0.00519	0.00146	0.00220	0.03586	0.00450	0.00391
42	0.00958	0.00777	0.00904	0.00655	0.01027	0.00610	0.00525	0.04122	0.02395	0.04264	0.00838	0.00945	0.00678	0.00342	0.00329	0.00071	0.00324	0.00273	0.02010	0.77951
43	0.01020	0.01106	0.12262	0.02846	0.35266	0.00914	0.03628	0.05047	0.07546	0.02567	0.03205	0.01119	0.00806	0.00411	0.00406	0.00117	0.00466	0.00370	0.00259	0.20640
44	0.00955	0.21687	0.52299	0.01081	0.01586	0.04458	0.02544	0.01322	0.00917	0.01266	0.03442	0.00972	0.01624	0.00437	0.00421	0.00127	0.03749	0.00323	0.00197	0.00593
45	0.00583	0.00428	0.00537	0.00577	0.00656	0.00408	0.00412	0.01984	0.00872	0.02701	0.02682	0.43447	0.24960	0.02847	0.14535	0.00256	0.00402	0.00967	0.00372	0.00372
46	0.07474	0.01141	0.02326	0.05578	0.30803	0.12782	0.09476	0.10093	0.02323	0.06582	0.02358	0.01094	0.00750	0.00441	0.00437	0.00130	0.02245	0.00383	0.02975	0.00610
47	0.00616	0.00461	0.00688	0.00688	0.00764	0.00536	0.00534	0.00767	0.00691	0.00997	0.01157	0.01712	0.01086	0.04684	0.81713	0.00687	0.01141	0.00464	0.00231	0.00382
48	0.00867	0.00497	0.00657	0.00584	0.00732	0.00450	0.00450	0.01062	0.01219	0.17494	0.65277	0.02887	0.04476	0.00815	0.00493	0.00135	0.00235	0.00713	0.00485	0.00470
49	0.01171	0.67797	0.07029	0.00844	0.02628	0.04765	0.01655	0.05386	0.03231	0.01156	0.00674	0.00763	0.00587	0.00388	0.00306	0.00100	0.00485	0.00258	0.00206	0.00571
50	0.00641	0.00502	0.00735	0.00726	0.00788	0.00599	0.00563	0.00778	0.00701	0.01011	0.01217	0.09902	0.01207	0.03917	0.65281	0.00584	0.09684	0.00531	0.00244	0.00388
51	0.00564	0.00437	0.00517	0.00556	0.00660	0.00395	0.00427	0.00688	0.00956	0.01204	0.08260	0.20158	0.40962	0.03908	0.00592	0.00171	0.00270	0.18508	0.00399	0.00368
52	0.00663	0.00438	0.00521	0.00499	0.00607	0.00414	0.00374	0.00876	0.02658	0.01639	0.50118	0.02826	0.10886	0.00789	0.00449	0.00127	0.00207	0.00680	0.24824	0.00406
53	0.00558	0.00436	0.00505	0.00493	0.00613	0.00383	0.00368	0.00710	0.01089	0.01429	0.41200	0.06682	0.41991	0.01000	0.00510	0.00142	0.00212	0.00859	0.00435	0.00383
54	0.00749	0.00459	0.00586	0.00541	0.00662	0.00425	0.00410	0.00949	0.01175	0.08524	0.63560	0.02837	0.03385	0.00797	0.00472	0.00130	0.00217	0.00695	0.12993	0.00433
55	0.02464	0.01097	0.01123	0.00932	0.01221	0.04917	0.00746	0.37051	0.40226	0.03465	0.01369	0.01301	0.01007	0.00545	0.00430	0.00137	0.00420	0.00429	0.00425	0.00694
56	0.67022	0.00805	0.00702	0.00604	0.00876	0.00892	0.00496	0.03304	0.00858	0.15849	0.00837	0.00881	0.00606	0.00430	0.00301	0.00132	0.00336	0.00279	0.04275	0.00516
57	0.01003	0.00929	0.01428	0.29765	0.38001	0.03197	0.01144	0.06714	0.04494	0.01380	0.00940	0.02593	0.00795	0.02160	0.00472	0.00143	0.00520	0.03493	0.00242	0.00587
58	0.01637	0.01222	0.01291	0.00993	0.01336	0.02807	0.00819	0.79317	0.02011	0.02685	0.01028	0.01030	0.00729	0.00516	0.00430	0.00129	0.00479	0.00386	0.00427	0.00728
59	0.00961	0.00847	0.01304	0.12426	0.19674	0.03401	0.10810	0.02706	0.08747	0.05177	0.03099	0.02763	0.00987	0.06670	0.15055	0.00253	0.01951	0.00459	0.00269	0.02442
60	0.00879	0.00832	0.01410	0.62830	0.23452	0.00974	0.01229	0.01158	0.00892	0.01180	0.00777	0.01127	0.00602	0.00419	0.00430	0.00140	0.00558	0.00383	0.00197	0.00531
61	0.00942	0.00942	0.01319	0.01131	0.01131	0.01319	0.00942	0.01037	0.00660	0.01037	0.00565	0.00942	0.00565	0.00754	0.01414	0.00188	0.84073	0.00377	0.00188	0.00471
62	0.00637	0.00476	0.00631	0.03052	0.00848	0.00462	0.00589	0.00805	0.00975	0.01250	0.05175	0.13081	0.19712	0.01154	0.00564	0.00181	0.00341	0.49285	0.00394	0.00387
63	0.00971	0.03331	0.01223	0.08513	0.13291	0.12702	0.09036	0.06307	0.04895	0.01307	0.01444	0.21344	0.05318	0.00804	0.03218	0.00163	0.02547	0.02782	0.00296	0.00509
64	0.23882	0.00780	0.00919	0.00726	0.01042	0.00750	0.00599	0.05488	0.01142	0.58244	0.01388	0.01251	0.00898	0.00498	0.00391	0.00133	0.00363	0.00380	0.00460	0.00665
65	0.00585	0.00441	0.00548	0.00599	0.00677	0.00419	0.00436	0.00765	0.05699	0.01265	0.14500	0.45213	0.16721	0.01173	0.00535	0.00165	0.00258	0.09203	0.00413	0.00385
66	0.05263	0.00782	0.00995	0.00784	0.01102	0.00732	0.00643	0.06611	0.09865	0.64870	0.01630	0.01471	0.01069	0.00541	0.00429	0.00135	0.00369	0.01492	0.00504	0.00712
67	0.00981	0.04588	0.44446	0.01238	0.01724	0.03359	0.16115	0.01534	0.14514	0.03197	0.01903	0.01103	0.00749	0.00445	0.00449	0.00138	0.02263	0.00387	0.00244	0.00623
68	0.00619	0.00427	0.00508	0.00516	0.00536	0.00433	0.00318	0.00671	0.02010	0.00928	0.03725	0.11762	0.03180	0.61688	0.10546	0.00403	0.00467	0.00682	0.00284	0.00297
69	0.00610	0.00445	0.00548	0.00519	0.00637	0.00400	0.00390	0.00788	0.01158	0.03199	0.60111	0.03424	0.24323	0.00928	0.00507	0.00138	0.00210	0.00806	0.00456	0.00402
70	0.00815	0.00760	0.01275	0.73984	0.07348	0.00928	0.01163	0.01091	0.00871	0.01124	0.00866	0.03743	0.00711	0.00480	0.00439	0.00145	0.00555	0.03011	0.00206	0.00484
71	0.04462	0.00957	0.01612	0.19340	0.59309	0.01001	0.03153	0.01268	0.00947	0.01362	0.00818	0.01131	0.00679	0.00406	0.00426	0.00133	0.00521	0.01637	0.00214	0.00625
72	0.00700	0.00498	0.00633	0.00606	0.00714	0.00491	0.00464	0.00890	0.03279	0.05893	0.41172	0.13456	0.15621	0.00948	0.00571	0.00149	0.05998	0.05326	0.02171	0.00422
73	0.00619	0.00447	0.00618	0.00618	0.00670	0.00498	0.00446	0.00722	0.00670	0.00945	0.01221	0.02067	0.01239	0.30350	0.56257	0.00601	0.00909	0.00516	0.00241	0.00344
74	0.01066	0.01023	0.01748	0.02644	0.82174	0.01023	0.01322	0.01322	0.00981	0.01407	0.00810	0.01066	0.00682	0.00384	0.00426	0.00128	0.00512	0.00384	0.00213	0.00682
75	0.00802	0.00748	0.02323	0.12638	0.22902	0.01745	0.04580	0.00999	0.00924	0.01247	0.04607	0.18976	0.08297	0.00795	0.00555	0.00155	0.06172	0.10750	0.00296	0.00491
76	0.01058	0.01015	0.01734	0.05168	0.79712	0.01021	0.01318	0.01315	0.00977	0.01398	0.00809	0.01069	0.00679	0.00385	0.00427	0.00128	0.00514	0.00384	0.00213	0.00676
77	0.00801	0.00683	0.01091	0.45507	0.11634	0.00783	0.00966	0.01046	0.00905	0.01237	0.03454	0.07479	0.01158	0.00611	0.00448	0.00146	0.00468	0.11036	0.10075	0.00472
78	0.16931	0.02076	0.02141	0.00970	0.03344	0.13819	0.01778	0.01199	0.02918	0.02293	0.00822	0.05389	0.00765	0.01760	0.08508	0.00207	0.32221	0.00394	0.01989	0.00476
79	0.01175	0.05178	0.06025	0.04303	0.32556	0.01028	0.09788	0.14084	0.02380	0.07158	0.00909	0.01061	0.00700	0.00410	0.00415	0.00122	0.00499	0.00376	0.00275	0.11558
80	0.12707	0.04083	0.03334	0.00983	0.03389	0.12923	0.03021	0.17859	0.28733	0.02731	0.01122	0.01139	0.00852	0.00510	0.00451	0.00135	0.04684	0.00382	0.00344	0.00619
81	0.03641	0.71394	0.07500	0.00767	0.01148	0.01563	0.00779	0.01350	0.00898	0.06660	0.00686	0.00759	0.00585	0.00383	0.00296	0.00099	0.00462	0.00250	0.00210	0.00568
82	0.01612	0.00645	0.00872	0.09218	0.07044	0.00637	0.03632	0.04390	0.04400	0.01327	0.07232	0.17287	0.20986	0.02973	0.02022	0.00155	0.02637	0.00688	0.00333	0.11910
83	0.00641	0.00466	0.00517	0.00510	0.00648	0.00410	0.00381	0.00791	0.03489	0.06799	0.09477	0.13400	0.54636	0.03309	0.00554	0.00156	0.00245	0.02763	0.00412	0.00398
84	0.00882	0.00753	0.00881	0.00637	0.01009	0.00567	0.00507	0.01070	0.00891	0.01394	0.00816	0.03495	0.00707	0.00351	0.00326	0.00067	0.00317	0.00285	0.00260	0.84785
85	0.00950	0.00871	0.01417	0.23728	0.41726	0.00925	0.02031	0.01231	0.04415	0.02911	0.01079	0.06956	0.03641	0.00507	0.00465	0.00137	0.02851	0.00462	0.00244	0.03453
86	0.00519	0.00422	0.00460	0.00482	0.00596	0.00363	0.00349	0.00625	0.00957	0.01180	0.08322	0.23666	0.58276	0.01142	0.00519	0.00152	0.00225	0.00978	0.00404	0.00363
87	0.00856	0.02169	0.79922	0.01205	0.01824	0.00981	0.01552	0.01346	0.00920	0.01376	0.03451	0.00986	0.00662	0.00425	0.00413	0.00136	0.00622	0.00334	0.00192	0.00629
88	0.87904	0.00833	0.00633	0.00566	0.00833	0.00966	0.00467	0.01266	0.00733	0.01933	0.00600	0.00700	0.00467	0.00400	0.00267	0.00133	0.00333	0.00233	0.00267	0.00467
89	0.01011	0.06845	0.36439	0.04365	0.22138	0.00985	0.06696	0.01362	0.00978	0.07921	0.06430	0.01164	0.00873	0.00440	0.00421	0.00132	0.00546	0.00385	0.00241	0.00626
90	0.05846	0.15001	0.04259	0.04077	0.13716	0.31424	0.00890	0.06990	0.05553	0.02564	0.00809	0.01858	0.00673	0.01684	0.00436	0.00125	0.02959	0.00329	0.00247	0.00562
91	0.01634	0.01178	0.01243	0.00962	0.01294	0.04082	0.00791	0.69933	0.01907	0.08465	0.01081	0.01074	0.00762	0.00515	0.00426	0.00128	0.00469	0.00388	0.02956	0.00715

[dist]
# distance from previous block
# <min> <max>
0	5

[block]
# block no. 3 follows, 61 sequences, length 41
# corresponding to MSA columns:
# 289-329
name=unknown_D
#
# <colnr> <probs for GDERKNQSTAVLIFYWHMCP>
#	G	D	E	R	K	N	Q	S	T	A	V	L	I	F	Y	W	H	M	C	P
0	0.01084	0.56813	0.21615	0.00959	0.02670	0.03418	0.05712	0.01324	0.00902	0.01127	0.00662	0.00780	0.00559	0.00380	0.00327	0.00107	0.00527	0.00272	0.00187	0.00575
1	0.00748	0.00374	0.00561	0.00561	0.00561	0.00374	0.00374	0.00561	0.00561	0.00748	0.00748	0.01309	0.00748	0.01496	0.01684	0.87467	0.00374	0.00374	0.00187	0.00187
2	0.00616	0.00478	0.00648	0.00668	0.00782	0.00446	0.03681	0.00778	0.00996	0.01292	0.14552	0.17459	0.24207	0.01111	0.00548	0.00169	0.00309	0.30469	0.00402	0.00389
3	0.01933	0.00733	0.01000	0.00766	0.01100	0.00633	0.00633	0.02099	0.01233	0.82473	0.01699	0.01466	0.01066	0.00533	0.00433	0.00133	0.00367	0.00433	0.00533	0.00733
4	0.00569	0.00413	0.00546	0.00634	0.00690	0.00390	0.00469	0.00682	0.00891	0.01171	0.04765	0.55271	0.09355	0.01274	0.00557	0.00177	0.00283	0.21096	0.00401	0.00365
5	0.01152	0.85121	0.02257	0.00737	0.01106	0.01704	0.00737	0.01290	0.00875	0.01013	0.00599	0.00691	0.00553	0.00369	0.00276	0.00092	0.00461	0.00230	0.00184	0.00553
6	0.00534	0.00383	0.00509	0.00606	0.00638	0.00358	0.00414	0.00616	0.00838	0.01112	0.02420	0.78158	0.04841	0.01334	0.00551	0.00175	0.00257	0.05502	0.00400	0.00353
7	0.83064	0.02767	0.00689	0.00589	0.00856	0.03736	0.00485	0.01282	0.00753	0.01883	0.00602	0.00702	0.00471	0.00401	0.00271	0.00132	0.00351	0.00235	0.00263	0.00470
8	0.01609	0.02053	0.01221	0.01110	0.01332	0.83132	0.00832	0.01720	0.01221	0.01054	0.00666	0.00777	0.00555	0.00444	0.00388	0.00111	0.00777	0.00277	0.00222	0.00499
9	0.00513	0.00435	0.00443	0.00444	0.00585	0.00365	0.00332	0.00625	0.00988	0.01184	0.07354	0.05809	0.77281	0.01088	0.00510	0.00146	0.00218	0.00911	0.00403	0.00365
10	0.01587	0.00660	0.00872	0.00693	0.00976	0.00570	0.00564	0.01748	0.01191	0.62313	0.08955	0.02053	0.14557	0.00654	0.00452	0.00135	0.00328	0.00540	0.00506	0.00645
11	0.00530	0.00379	0.00504	0.00596	0.00626	0.00353	0.00400	0.00612	0.00847	0.01135	0.06902	0.79950	0.02918	0.01323	0.00547	0.00173	0.00247	0.01199	0.00404	0.00353
12	0.00942	0.00942	0.01319	0.01131	0.01131	0.01319	0.00942	0.01037	0.00660	0.01037	0.00565	0.00942	0.00565	0.00754	0.01414	0.00188	0.84073	0.00377	0.00188	0.00471
13	0.00533	0.00435	0.00472	0.00475	0.00605	0.00374	0.00357	0.00659	0.01012	0.01258	0.17078	0.08733	0.61733	0.01074	0.00514	0.00147	0.00224	0.03532	0.00412	0.00371
14	0.00630	0.00427	0.00506	0.00528	0.00545	0.00425	0.00337	0.00665	0.00695	0.00922	0.01566	0.08521	0.01791	0.66532	0.01839	0.00368	0.00403	0.12721	0.00291	0.00288
15	0.01533	0.01161	0.03297	0.00970	0.01300	0.01244	0.00813	0.68218	0.05835	0.04167	0.01157	0.03198	0.00882	0.00564	0.00440	0.00134	0.00461	0.03495	0.00425	0.00705
16	0.02345	0.14467	0.10572	0.05081	0.18302	0.04899	0.07814	0.07633	0.05656	0.03886	0.00887	0.01993	0.00720	0.00444	0.00438	0.00124	0.03919	0.01337	0.00253	0.09232
17	0.02615	0.03373	0.18519	0.02483	0.19625	0.04586	0.07354	0.21280	0.04026	0.03318	0.00965	0.01102	0.02079	0.01671	0.00445	0.00132	0.00528	0.00380	0.00282	0.05238
18	0.02905	0.00757	0.02252	0.00788	0.02432	0.00694	0.00636	0.03021	0.12753	0.54820	0.06977	0.01633	0.01298	0.00566	0.00432	0.00135	0.00351	0.01769	0.05107	0.00674
19	0.00813	0.00766	0.01292	0.83826	0.02967	0.00957	0.01196	0.01101	0.00861	0.01101	0.00766	0.01148	0.00574	0.00431	0.00431	0.00144	0.00574	0.00383	0.00191	0.00479
20	0.00963	0.04179	0.38817	0.02707	0.16798	0.00933	0.02528	0.04805	0.03283	0.04721	0.04251	0.05189	0.01991	0.00498	0.00422	0.00133	0.00517	0.01499	0.01386	0.04380
21	0.00870	0.03691	0.05761	0.03003	0.16578	0.05817	0.07029	0.02447	0.03154	0.02413	0.14198	0.13591	0.06638	0.02616	0.03807	0.00171	0.02597	0.04803	0.00315	0.00502
22	0.00616	0.00459	0.00681	0.00681	0.00754	0.00532	0.00525	0.00762	0.00689	0.00992	0.01164	0.01749	0.01101	0.07327	0.79091	0.00678	0.01117	0.00470	0.00232	0.00378
23	0.01152	0.85121	0.02257	0.00737	0.01106	0.01704	0.00737	0.01290	0.00875	0.01013	0.00599	0.00691	0.00553	0.00369	0.00276	0.00092	0.00461	0.00230	0.00184	0.00553
24	0.00524	0.00377	0.00498	0.00595	0.00623	0.00350	0.00398	0.00600	0.00830	0.01102	0.02438	0.82001	0.05387	0.01341	0.00549	0.00174	0.00249	0.01214	0.00400	0.00350
25	0.00899	0.12262	0.72901	0.01168	0.01773	0.01086	0.01488	0.01355	0.00905	0.01322	0.00752	0.00883	0.00547	0.00404	0.00393	0.00131	0.00615	0.00308	0.00182	0.00626
26	0.01315	0.01041	0.01150	0.00944	0.01233	0.01165	0.03294	0.38696	0.38412	0.02194	0.01397	0.03145	0.01052	0.00561	0.00437	0.00138	0.00410	0.00456	0.02272	0.00689
27	0.00525	0.00375	0.00500	0.00600	0.00625	0.00350	0.00400	0.00600	0.00825	0.01100	0.02374	0.84580	0.02849	0.01350	0.00550	0.00175	0.00250	0.01225	0.00400	0.00350
28	0.00748	0.00374	0.00561	0.00561	0.00561	0.00374	0.00374	0.00561	0.00561	0.00748	0.00748	0.01309	0.00748	0.01496	0.01684	0.87467	0.00374	0.00374	0.00187	0.00187
29	0.06740	0.00931	0.01065	0.00841	0.01155	0.00967	0.00688	0.31508	0.12196	0.34369	0.01383	0.01283	0.00940	0.00525	0.00419	0.00132	0.00396	0.00411	0.03351	0.00699
30	0.00573	0.00427	0.00533	0.00532	0.00628	0.00387	0.00389	0.00732	0.01094	0.01491	0.50786	0.19411	0.19401	0.01015	0.00516	0.00145	0.00215	0.00893	0.00445	0.00387
31	0.87904	0.00833	0.00633	0.00566	0.00833	0.00966	0.00467	0.01266	0.00733	0.01933	0.00600	0.00700	0.00467	0.00400	0.00267	0.00133	0.00333	0.00233	0.00267	0.00467
32	0.01278	0.00976	0.03793	0.00905	0.05503	0.00913	0.00712	0.33821	0.01406	0.09801	0.02305	0.01260	0.05829	0.00486	0.00399	0.00110	0.00399	0.00386	0.01618	0.28101
33	0.00953	0.09199	0.41146	0.03064	0.18016	0.01074	0.16442	0.01335	0.00939	0.01335	0.00809	0.02295	0.00631	0.00407	0.00422	0.00133	0.00605	0.00375	0.00199	0.00620
34	0.00640	0.00489	0.00702	0.00689	0.00749	0.00575	0.00524	0.00766	0.00680	0.00977	0.01143	0.01812	0.01116	0.15580	0.64961	0.00615	0.06896	0.00481	0.00232	0.00372
35	0.01142	0.82363	0.04931	0.00753	0.01131	0.01681	0.00765	0.01292	0.00876	0.01025	0.00605	0.00698	0.00553	0.00370	0.00281	0.00094	0.00467	0.00233	0.00184	0.00556
36	0.02278	0.29652	0.15764	0.07289	0.11273	0.04991	0.00955	0.06165	0.01002	0.04542	0.03615	0.05359	0.00843	0.00469	0.00374	0.00118	0.00490	0.00368	0.00244	0.04207
37	0.00913	0.01213	0.21497	0.07136	0.27281	0.02160	0.11208	0.01222	0.02202	0.02425	0.01150	0.14646	0.02592	0.00573	0.00469	0.00142	0.01816	0.00530	0.00246	0.00579
38	0.01049	0.00786	0.00848	0.00737	0.00945	0.02113	0.00579	0.24794	0.15696	0.02839	0.03101	0.08046	0.10944	0.03406	0.05930	0.00179	0.00402	0.02415	0.11730	0.03461
39	0.01316	0.04379	0.01306	0.09955	0.07036	0.49422	0.03976	0.01486	0.02325	0.01133	0.03827	0.01070	0.03265	0.00496	0.00487	0.00125	0.07303	0.00353	0.00232	0.00508
40	0.12124	0.04468	0.04616	0.05859	0.36025	0.02068	0.06155	0.06860	0.05324	0.04108	0.04667	0.01266	0.02029	0.00463	0.00414	0.00132	0.00475	0.02063	0.00273	0.00610

[dist]
# distance from previous block
# <min> <max>
10	18

[block]
# block no. 4 follows, 61 sequences, length 6
# corresponding to MSA columns:
# 349-354
name=unknown_E
#
# <colnr> <probs for GDERKNQSTAVLIFYWHMCP>
#	G	D	E	R	K	N	Q	S	T	A	V	L	I	F	Y	W	H	M	C	P
0	0.02957	0.00677	0.00754	0.08420	0.00979	0.07356	0.00549	0.04255	0.04288	0.01141	0.01296	0.11848	0.01329	0.24559	0.20072	0.00343	0.00602	0.02715	0.00279	0.05580
1	0.00653	0.00485	0.00603	0.00625	0.00719	0.00454	0.00442	0.07115	0.00958	0.01299	0.07051	0.62094	0.05482	0.01148	0.00515	0.00157	0.00270	0.01028	0.00393	0.08508
2	0.10871	0.16143	0.04109	0.03056	0.09148	0.09609	0.00743	0.08414	0.01073	0.14302	0.08494	0.01324	0.01063	0.07288	0.00552	0.00147	0.02406	0.00390	0.00311	0.00557
3	0.11203	0.38230	0.10367	0.00781	0.01104	0.06867	0.00749	0.05234	0.00994	0.05054	0.09542	0.06171	0.01092	0.00512	0.00354	0.00116	0.00443	0.00380	0.00269	0.00537
4	0.00799	0.07491	0.08400	0.00698	0.00860	0.00653	0.00582	0.06123	0.04721	0.04962	0.03546	0.33157	0.05105	0.14987	0.00771	0.00198	0.00362	0.05793	0.00350	0.00441
5	0.01035	0.03358	0.10548	0.04609	0.23519	0.07156	0.25517	0.04339	0.01033	0.01395	0.06560	0.03036	0.00925	0.00465	0.00499	0.00137	0.04592	0.00449	0.00240	0.00587

[dist]
# distance from previous block
# <min> <max>
0	21

# created by:
# /st0/software/busco_prod/Augustus/scripts/msa2prfl.pl ./align_prep/120382.fa
