[name]
unknown

[dist]
# distance from previous block
# <min> <max>
1	69

[block]
# block no. 0 follows, 66 sequences, length 23
# corresponding to MSA columns:
# 80-102
name=unknown_A
#
# <colnr> <probs for GDERKNQSTAVLIFYWHMCP>
#	G	D	E	R	K	N	Q	S	T	A	V	L	I	F	Y	W	H	M	C	P
0	0.00599	0.00424	0.00576	0.00550	0.00643	0.00417	0.00417	0.00776	0.01020	0.03048	0.59901	0.04038	0.03062	0.01375	0.21048	0.00257	0.00415	0.00661	0.00390	0.00383
1	0.00961	0.00757	0.00793	0.00718	0.00917	0.00861	0.00557	0.03983	0.60258	0.01675	0.01553	0.01499	0.01175	0.00530	0.00381	0.00127	0.00292	0.00436	0.21949	0.00579
2	0.00495	0.00373	0.00454	0.00514	0.00572	0.00337	0.00352	0.00576	0.00825	0.01061	0.04938	0.56462	0.26454	0.03894	0.00555	0.00163	0.00230	0.01036	0.00374	0.00332
3	0.00787	0.00770	0.01038	0.00904	0.00938	0.01021	0.00745	0.00879	0.00696	0.01006	0.01412	0.01629	0.20822	0.00788	0.01122	0.00168	0.64149	0.00478	0.00227	0.00419
4	0.00881	0.00750	0.00784	0.00714	0.00919	0.00833	0.00553	0.03085	0.58988	0.01559	0.02236	0.02092	0.21340	0.00665	0.00426	0.00136	0.00291	0.00553	0.02630	0.00563
5	0.01018	0.65358	0.22170	0.00808	0.01217	0.01442	0.00892	0.01232	0.00832	0.01036	0.00604	0.00701	0.00519	0.00357	0.00291	0.00097	0.00475	0.00237	0.00173	0.00540
6	0.00556	0.00402	0.00525	0.00519	0.00601	0.00371	0.00380	0.00721	0.01069	0.01495	0.64834	0.19457	0.05704	0.00923	0.00486	0.00135	0.00201	0.00820	0.00431	0.00371
7	0.88607	0.00785	0.00596	0.00534	0.00785	0.00910	0.00439	0.01193	0.00690	0.01820	0.00565	0.00659	0.00439	0.00377	0.00251	0.00126	0.00314	0.00220	0.00251	0.00439
8	0.00945	0.55440	0.01597	0.00710	0.02478	0.05633	0.00621	0.01076	0.02089	0.00998	0.01086	0.21613	0.03094	0.00598	0.00340	0.00110	0.00394	0.00472	0.00235	0.00471
9	0.00560	0.00400	0.00424	0.00438	0.00550	0.00357	0.00328	0.00687	0.00898	0.01212	0.05225	0.11552	0.48670	0.00915	0.00439	0.00132	0.00212	0.04723	0.21923	0.00353
10	0.00946	0.00904	0.01541	0.22722	0.63437	0.00949	0.01216	0.01194	0.00896	0.01254	0.00753	0.01023	0.00618	0.00372	0.00403	0.00124	0.00496	0.00361	0.00196	0.00595
11	0.00497	0.00390	0.00451	0.00490	0.00577	0.00344	0.00351	0.00595	0.00880	0.01110	0.08391	0.36677	0.43078	0.01116	0.00497	0.00149	0.00222	0.03462	0.00381	0.00341
12	0.01061	0.01752	0.63304	0.01050	0.01579	0.00857	0.01277	0.01455	0.00931	0.21499	0.00943	0.00986	0.00635	0.00414	0.00391	0.00128	0.00537	0.00326	0.00253	0.00622
13	0.00624	0.00486	0.00581	0.00621	0.00702	0.00500	0.00440	0.00966	0.20889	0.01227	0.05751	0.58000	0.05502	0.01065	0.00489	0.00155	0.00253	0.00952	0.00389	0.00409
14	0.00738	0.21488	0.00888	0.00533	0.00629	0.03173	0.00386	0.00781	0.00667	0.00842	0.01073	0.02049	0.01188	0.57870	0.05888	0.00323	0.00450	0.00480	0.00225	0.00326
15	0.00711	0.00383	0.00398	0.00397	0.00468	0.00382	0.00277	0.00854	0.00793	0.01337	0.03141	0.01827	0.01209	0.21448	0.00726	0.00169	0.00239	0.00438	0.64457	0.00346
16	0.00874	0.05567	0.59635	0.01054	0.01551	0.00988	0.01252	0.01496	0.20926	0.01371	0.00948	0.01009	0.00692	0.00424	0.00387	0.00129	0.00524	0.00335	0.00231	0.00607
17	0.01823	0.15772	0.03984	0.00837	0.03101	0.00847	0.06533	0.08916	0.00926	0.11142	0.01154	0.10267	0.01053	0.01322	0.25458	0.00284	0.02214	0.03595	0.00282	0.00490
18	0.00774	0.00492	0.00616	0.21155	0.01078	0.00544	0.00512	0.01039	0.05654	0.01406	0.01195	0.01407	0.00929	0.00461	0.00321	0.00107	0.00283	0.00379	0.61237	0.00412
19	0.00756	0.00631	0.00750	0.00592	0.00870	0.00489	0.00455	0.00909	0.00825	0.01252	0.01094	0.21653	0.01113	0.00539	0.00354	0.00086	0.00284	0.00465	0.00274	0.66609
20	0.00988	0.00947	0.01617	0.08121	0.77707	0.00960	0.01237	0.01231	0.00916	0.01306	0.00760	0.01009	0.00636	0.00365	0.00402	0.00122	0.00486	0.00361	0.00199	0.00630
21	0.01189	0.00722	0.00853	0.00724	0.00953	0.00745	0.00573	0.07290	0.31881	0.26894	0.21591	0.01808	0.01765	0.00600	0.00427	0.00130	0.00305	0.00504	0.00448	0.00597
22	0.01065	0.00616	0.00660	0.00562	0.00739	0.00643	0.00446	0.23689	0.01173	0.08625	0.01249	0.01351	0.00939	0.00479	0.00328	0.00105	0.00274	0.00377	0.56188	0.00491

[dist]
# distance from previous block
# <min> <max>
0	12

[block]
# block no. 1 follows, 66 sequences, length 113
# corresponding to MSA columns:
# 115-169,186-190,193-204,206-246
name=unknown_B
#
# <colnr> <probs for GDERKNQSTAVLIFYWHMCP>
#	G	D	E	R	K	N	Q	S	T	A	V	L	I	F	Y	W	H	M	C	P
0	0.00826	0.03460	0.77731	0.01179	0.01764	0.00958	0.05961	0.01284	0.00862	0.01280	0.00730	0.00866	0.00520	0.00382	0.00389	0.00128	0.00602	0.00308	0.00173	0.00595
1	0.01516	0.01934	0.01150	0.01045	0.01254	0.84113	0.00784	0.01620	0.01150	0.00993	0.00627	0.00732	0.00523	0.00418	0.00366	0.00105	0.00732	0.00261	0.00209	0.00470
2	0.00590	0.00393	0.00442	0.00442	0.00442	0.00393	0.00246	0.00590	0.00590	0.00787	0.01278	0.02655	0.01475	0.85742	0.02065	0.00393	0.00393	0.00590	0.00246	0.00246
3	0.00494	0.00353	0.00471	0.00565	0.00588	0.00330	0.00377	0.00565	0.00777	0.01036	0.02236	0.85477	0.02683	0.01271	0.00518	0.00165	0.00235	0.01153	0.00377	0.00330
4	0.01820	0.00690	0.00942	0.00722	0.01036	0.00596	0.00596	0.01977	0.01161	0.83492	0.01601	0.01381	0.01004	0.00502	0.00408	0.00126	0.00345	0.00408	0.00502	0.00690
5	0.00494	0.00353	0.00471	0.00565	0.00588	0.00330	0.00377	0.00565	0.00777	0.01036	0.02236	0.85477	0.02683	0.01271	0.00518	0.00165	0.00235	0.01153	0.00377	0.00330
6	0.00773	0.00394	0.00396	0.00390	0.00489	0.00397	0.00294	0.02656	0.00873	0.01535	0.01316	0.01501	0.01032	0.00473	0.00286	0.00095	0.00195	0.00378	0.86143	0.00385
7	0.03463	0.00692	0.00935	0.00718	0.01031	0.00602	0.00593	0.01962	0.01152	0.81946	0.01581	0.01367	0.00994	0.00500	0.00405	0.00126	0.00345	0.00404	0.00497	0.00686
8	0.01534	0.01147	0.01212	0.00934	0.01255	0.02773	0.00769	0.79197	0.03097	0.02515	0.00978	0.00978	0.00695	0.00487	0.00405	0.00122	0.00450	0.00365	0.00402	0.00685
9	0.08443	0.68057	0.05232	0.00730	0.01068	0.08760	0.00714	0.01251	0.00843	0.01044	0.00576	0.00667	0.00514	0.00357	0.00274	0.00093	0.00457	0.00224	0.00183	0.00513
10	0.00580	0.00435	0.00652	0.00652	0.00724	0.00507	0.00507	0.00724	0.00652	0.00942	0.01087	0.01594	0.01014	0.03043	0.84134	0.00652	0.01087	0.00435	0.00217	0.00362
11	0.00580	0.00434	0.00647	0.00647	0.00718	0.00505	0.00501	0.00722	0.00651	0.00938	0.01091	0.01617	0.01024	0.04840	0.82350	0.00646	0.01072	0.00438	0.00218	0.00360
12	0.01426	0.14778	0.01315	0.01031	0.03905	0.64041	0.00782	0.04793	0.02409	0.01072	0.00652	0.00750	0.00544	0.00410	0.00353	0.00104	0.00660	0.00265	0.00214	0.00495
13	0.70352	0.01025	0.00712	0.00641	0.00883	0.18350	0.00512	0.01282	0.00787	0.01647	0.00578	0.00674	0.00457	0.00385	0.00275	0.00121	0.00401	0.00228	0.00242	0.00446
14	0.00881	0.00526	0.00510	0.00471	0.00598	0.03241	0.00362	0.11270	0.00995	0.01628	0.01256	0.01418	0.00978	0.00473	0.00302	0.00098	0.00240	0.00373	0.73958	0.00421
15	0.00652	0.00438	0.00541	0.00564	0.00654	0.00414	0.00403	0.00827	0.07013	0.07914	0.10188	0.46813	0.16235	0.03658	0.00539	0.00158	0.00248	0.01961	0.00392	0.00388
16	0.00590	0.00393	0.00442	0.00442	0.00442	0.00393	0.00246	0.00590	0.00590	0.00787	0.01278	0.02655	0.01475	0.85742	0.02065	0.00393	0.00393	0.00590	0.00246	0.00246
17	0.00826	0.00815	0.01119	0.00970	0.00988	0.01107	0.00802	0.00917	0.00664	0.00993	0.01036	0.02851	0.11466	0.00762	0.01204	0.00172	0.72236	0.00436	0.00208	0.00428
18	0.00766	0.00721	0.01217	0.84767	0.02794	0.00901	0.01127	0.01037	0.00811	0.01037	0.00721	0.01082	0.00541	0.00406	0.00406	0.00135	0.00541	0.00361	0.00180	0.00451
19	0.01516	0.01934	0.01150	0.01045	0.01254	0.84113	0.00784	0.01620	0.01150	0.00993	0.00627	0.00732	0.00523	0.00418	0.00366	0.00105	0.00732	0.00261	0.00209	0.00470
20	0.00483	0.00412	0.00416	0.00418	0.00554	0.00345	0.00315	0.00587	0.00925	0.01098	0.04071	0.03918	0.81442	0.01029	0.00481	0.00138	0.00209	0.02439	0.00377	0.00343
21	0.01004	0.00964	0.01647	0.02490	0.83211	0.00964	0.01245	0.01245	0.00924	0.01325	0.00763	0.01004	0.00643	0.00361	0.00402	0.00120	0.00482	0.00361	0.00201	0.00643
22	0.84655	0.00824	0.00622	0.00555	0.00806	0.03384	0.00455	0.02474	0.00723	0.01807	0.00573	0.00666	0.00446	0.00380	0.00257	0.00125	0.00328	0.00223	0.00252	0.00444
23	0.00590	0.00393	0.00442	0.00442	0.00442	0.00393	0.00246	0.00590	0.00590	0.00787	0.01278	0.02655	0.01475	0.85742	0.02065	0.00393	0.00393	0.00590	0.00246	0.00246
24	0.00480	0.00411	0.00411	0.00411	0.00548	0.00343	0.00308	0.00582	0.00925	0.01096	0.04110	0.03905	0.83046	0.01028	0.00480	0.00137	0.00206	0.00856	0.00377	0.00343
25	0.00574	0.00415	0.00542	0.00510	0.00606	0.00383	0.00383	0.00766	0.01148	0.01627	0.82997	0.03031	0.03828	0.00829	0.00479	0.00128	0.00191	0.00734	0.00447	0.00383
26	0.00958	0.01094	0.02394	0.01710	0.02120	0.01026	0.81737	0.01300	0.00958	0.01300	0.00821	0.01094	0.00616	0.00342	0.00479	0.00137	0.00684	0.00479	0.00205	0.00547
27	0.01009	0.00872	0.00917	0.00826	0.01055	0.01009	0.00642	0.02156	0.82478	0.01697	0.01651	0.01514	0.01238	0.00550	0.00413	0.00138	0.00321	0.00459	0.00413	0.00642
28	0.88607	0.00785	0.00596	0.00534	0.00785	0.00910	0.00439	0.01193	0.00690	0.01820	0.00565	0.00659	0.00439	0.00377	0.00251	0.00126	0.00314	0.00220	0.00251	0.00439
29	0.01085	0.85986	0.02126	0.00694	0.01041	0.01605	0.00694	0.01215	0.00824	0.00955	0.00564	0.00651	0.00521	0.00347	0.00260	0.00087	0.00434	0.00217	0.00174	0.00521
30	0.00841	0.00721	0.00841	0.00601	0.00961	0.00541	0.00481	0.01022	0.00841	0.01322	0.00721	0.00841	0.00601	0.00300	0.00300	0.00060	0.00300	0.00240	0.00240	0.88222
31	0.01052	0.00896	0.00931	0.00831	0.01062	0.02904	0.00649	0.06869	0.72220	0.02951	0.01602	0.02758	0.01222	0.00562	0.00415	0.00137	0.00338	0.01562	0.00408	0.00633
32	0.31463	0.02533	0.01201	0.00981	0.01216	0.29550	0.14756	0.01332	0.00888	0.01330	0.00627	0.00787	0.00511	0.00425	0.00462	0.00126	0.10827	0.00295	0.00219	0.00471
33	0.01028	0.00878	0.00925	0.00825	0.01058	0.01012	0.00644	0.05976	0.77490	0.01730	0.01652	0.01520	0.02320	0.00554	0.00413	0.00137	0.00326	0.00460	0.00412	0.00640
34	0.88607	0.00785	0.00596	0.00534	0.00785	0.00910	0.00439	0.01193	0.00690	0.01820	0.00565	0.00659	0.00439	0.00377	0.00251	0.00126	0.00314	0.00220	0.00251	0.00439
35	0.01004	0.00964	0.01647	0.02490	0.83211	0.00964	0.01245	0.01245	0.00924	0.01325	0.00763	0.01004	0.00643	0.00361	0.00402	0.00120	0.00482	0.00361	0.00201	0.00643
36	0.76663	0.00913	0.00687	0.00646	0.03280	0.09840	0.00500	0.01240	0.00747	0.01717	0.00577	0.00677	0.00454	0.00381	0.00268	0.00123	0.00364	0.00228	0.00245	0.00449
37	0.88607	0.00785	0.00596	0.00534	0.00785	0.00910	0.00439	0.01193	0.00690	0.01820	0.00565	0.00659	0.00439	0.00377	0.00251	0.00126	0.00314	0.00220	0.00251	0.00439
38	0.01169	0.01234	0.03149	0.01122	0.08222	0.24301	0.08002	0.08803	0.31077	0.01458	0.01160	0.01229	0.02591	0.00492	0.00434	0.00127	0.02955	0.01598	0.00305	0.00573
39	0.01542	0.01136	0.01218	0.00933	0.01258	0.01258	0.00771	0.81858	0.01908	0.02557	0.00974	0.00974	0.00690	0.00487	0.00406	0.00122	0.00446	0.00365	0.00406	0.00690
40	0.00491	0.00421	0.00422	0.00420	0.00559	0.00357	0.00316	0.00616	0.02697	0.01109	0.04057	0.03853	0.81268	0.01017	0.00478	0.00137	0.00208	0.00848	0.00378	0.00349
41	0.00700	0.00356	0.00534	0.00534	0.00537	0.00359	0.00359	0.00537	0.00534	0.00715	0.00721	0.01248	0.00718	0.01477	0.05005	0.84570	0.00383	0.00356	0.00178	0.00184
42	0.55537	0.05412	0.02160	0.00723	0.02348	0.20390	0.00578	0.02950	0.02719	0.03124	0.00638	0.00724	0.00502	0.00393	0.00293	0.00119	0.00428	0.00245	0.00247	0.00471
43	0.04051	0.00883	0.04909	0.42735	0.24393	0.00945	0.04592	0.02221	0.04148	0.02467	0.00778	0.01048	0.00604	0.00410	0.00441	0.00132	0.04145	0.00363	0.00206	0.00527
44	0.00996	0.00953	0.01616	0.03671	0.79562	0.00950	0.01221	0.01235	0.00920	0.01321	0.00761	0.01000	0.00640	0.00360	0.00399	0.00119	0.00477	0.00358	0.00202	0.03238
45	0.00590	0.00393	0.00442	0.00442	0.00442	0.00393	0.00246	0.00590	0.00590	0.00787	0.01278	0.02655	0.01475	0.85742	0.02065	0.00393	0.00393	0.00590	0.00246	0.00246
46	0.00852	0.11401	0.70975	0.01163	0.05231	0.01017	0.01398	0.01275	0.00856	0.01250	0.00711	0.00840	0.00520	0.00380	0.00372	0.00123	0.00576	0.00293	0.00173	0.00593
47	0.01085	0.85986	0.02126	0.00694	0.01041	0.01605	0.00694	0.01215	0.00824	0.00955	0.00564	0.00651	0.00521	0.00347	0.00260	0.00087	0.00434	0.00217	0.00174	0.00521
48	0.00814	0.02099	0.83640	0.01156	0.01756	0.00942	0.01499	0.01285	0.00857	0.01285	0.00728	0.00857	0.00514	0.00385	0.00385	0.00128	0.00600	0.00300	0.00171	0.00600
49	0.00585	0.00393	0.00446	0.00449	0.00453	0.00392	0.00255	0.00591	0.00603	0.00803	0.01357	0.05595	0.02871	0.80253	0.03062	0.00384	0.00394	0.00612	0.00252	0.00252
50	0.00982	0.00938	0.01562	0.10053	0.72118	0.02123	0.01199	0.01222	0.00914	0.01299	0.00774	0.01023	0.00643	0.00370	0.00398	0.00121	0.00482	0.00360	0.02803	0.00615
51	0.00863	0.17311	0.68858	0.01073	0.01626	0.01062	0.01353	0.01272	0.00851	0.01225	0.00698	0.00819	0.00515	0.00379	0.00363	0.00121	0.00570	0.00285	0.00172	0.00585
52	0.02729	0.11676	0.34712	0.01062	0.01470	0.17299	0.07816	0.05549	0.09182	0.02471	0.00809	0.00904	0.00613	0.00411	0.00389	0.00121	0.01681	0.00318	0.00224	0.00566
53	0.00498	0.00360	0.00474	0.00558	0.00590	0.00335	0.00376	0.00577	0.00796	0.01061	0.05606	0.77148	0.06102	0.01274	0.02006	0.00171	0.00248	0.01111	0.00377	0.00333
54	0.01000	0.00960	0.01639	0.03972	0.81763	0.00963	0.01243	0.01241	0.00922	0.01320	0.00762	0.01006	0.00641	0.00362	0.00402	0.00121	0.00483	0.00361	0.00200	0.00639
55	0.00888	0.00888	0.01243	0.01065	0.01065	0.01243	0.00888	0.00976	0.00621	0.00976	0.00533	0.00888	0.00533	0.00710	0.01331	0.00178	0.84999	0.00355	0.00178	0.00444
56	0.01412	0.03492	0.01147	0.00990	0.02401	0.49912	0.00756	0.19176	0.11540	0.01446	0.03328	0.00955	0.00751	0.00460	0.00382	0.00113	0.00591	0.00324	0.00284	0.00541
57	0.01238	0.13629	0.17676	0.00812	0.01154	0.00874	0.02003	0.05091	0.10820	0.30223	0.08624	0.01341	0.02017	0.00493	0.00388	0.00122	0.00397	0.00397	0.02100	0.00601
58	0.00773	0.00728	0.01229	0.82529	0.04981	0.00903	0.01130	0.01042	0.00814	0.01044	0.00722	0.01080	0.00544	0.00404	0.00406	0.00135	0.00539	0.00361	0.00181	0.00456
59	0.88607	0.00785	0.00596	0.00534	0.00785	0.00910	0.00439	0.01193	0.00690	0.01820	0.00565	0.00659	0.00439	0.00377	0.00251	0.00126	0.00314	0.00220	0.00251	0.00439
60	0.00658	0.00493	0.00612	0.00650	0.00758	0.00496	0.00516	0.00946	0.13092	0.02756	0.05342	0.22976	0.15272	0.01081	0.02575	0.00174	0.00316	0.30502	0.00382	0.00404
61	0.00551	0.00406	0.00515	0.00505	0.00596	0.00370	0.00372	0.00714	0.01067	0.01475	0.61398	0.14560	0.14132	0.00917	0.00484	0.00134	0.00199	0.00808	0.00428	0.00370
62	0.01529	0.01124	0.01204	0.00924	0.01245	0.01244	0.00763	0.80510	0.01890	0.02540	0.00980	0.00983	0.00696	0.00487	0.00404	0.00121	0.00442	0.00365	0.01865	0.00685
63	0.00654	0.00467	0.00654	0.00747	0.00841	0.00467	0.00654	0.00841	0.00934	0.01214	0.02148	0.04576	0.02335	0.01121	0.00560	0.00187	0.00374	0.80480	0.00374	0.00374
64	0.01820	0.00690	0.00942	0.00722	0.01036	0.00596	0.00596	0.01977	0.01161	0.83492	0.01601	0.01381	0.01004	0.00502	0.00408	0.00126	0.00345	0.00408	0.00502	0.00690
65	0.01516	0.01934	0.01150	0.01045	0.01254	0.84113	0.00784	0.01620	0.01150	0.00993	0.00627	0.00732	0.00523	0.00418	0.00366	0.00105	0.00732	0.00261	0.00209	0.00470
66	0.01519	0.01818	0.01160	0.01029	0.01255	0.72129	0.00782	0.13225	0.01259	0.01219	0.00677	0.00767	0.00547	0.00428	0.00372	0.00107	0.00690	0.00276	0.00238	0.00502
67	0.88607	0.00785	0.00596	0.00534	0.00785	0.00910	0.00439	0.01193	0.00690	0.01820	0.00565	0.00659	0.00439	0.00377	0.00251	0.00126	0.00314	0.00220	0.00251	0.00439
68	0.00835	0.00714	0.00834	0.00599	0.00953	0.00537	0.00478	0.01015	0.00849	0.01330	0.02755	0.00895	0.00681	0.00314	0.00305	0.00062	0.00298	0.00253	0.00245	0.86051
69	0.03570	0.01907	0.01137	0.01033	0.01243	0.82151	0.00776	0.01610	0.01139	0.01012	0.00626	0.00730	0.00521	0.00417	0.00363	0.00105	0.00722	0.00260	0.00210	0.00470
70	0.01166	0.00891	0.00964	0.00832	0.01083	0.01003	0.00659	0.14871	0.60801	0.09527	0.01545	0.01457	0.01144	0.00544	0.00413	0.00135	0.00344	0.01552	0.00420	0.00651
71	0.01500	0.01911	0.01139	0.01036	0.01244	0.82884	0.00777	0.01605	0.01146	0.00994	0.00678	0.00778	0.01733	0.00427	0.00367	0.00105	0.00724	0.00270	0.00212	0.00468
72	0.52866	0.00792	0.00856	0.00730	0.03398	0.00838	0.05496	0.03835	0.00887	0.25490	0.00899	0.00915	0.00628	0.00414	0.00320	0.00126	0.00355	0.00299	0.00324	0.00532
73	0.01542	0.01136	0.01218	0.00933	0.01258	0.01258	0.00771	0.81858	0.01908	0.02557	0.00974	0.00974	0.00690	0.00487	0.00406	0.00122	0.00446	0.00365	0.00406	0.00690
74	0.00958	0.01094	0.02394	0.01710	0.02120	0.01026	0.81737	0.01300	0.00958	0.01300	0.00821	0.01094	0.00616	0.00342	0.00479	0.00137	0.00684	0.00479	0.00205	0.00547
75	0.00590	0.00393	0.00442	0.00442	0.00442	0.00393	0.00246	0.00590	0.00590	0.00787	0.01278	0.02655	0.01475	0.85742	0.02065	0.00393	0.00393	0.00590	0.00246	0.00246
76	0.00590	0.00393	0.00442	0.00442	0.00442	0.00393	0.00246	0.00590	0.00590	0.00787	0.01278	0.02655	0.01475	0.85742	0.02065	0.00393	0.00393	0.00590	0.00246	0.00246
77	0.00521	0.00404	0.00431	0.00437	0.00524	0.00362	0.00300	0.00593	0.00815	0.01006	0.04293	0.06982	0.50522	0.28075	0.00989	0.00221	0.00270	0.02607	0.00336	0.00312
78	0.01089	0.00879	0.00939	0.00826	0.01065	0.01001	0.00647	0.09234	0.70061	0.05800	0.01597	0.02709	0.01199	0.00553	0.00414	0.00136	0.00332	0.00458	0.00416	0.00644
79	0.00580	0.00435	0.00652	0.00652	0.00724	0.00507	0.00507	0.00724	0.00652	0.00942	0.01087	0.01594	0.01014	0.03043	0.84134	0.00652	0.01087	0.00435	0.00217	0.00362
80	0.29712	0.00751	0.00867	0.00688	0.00983	0.00740	0.01768	0.06092	0.01048	0.51554	0.01221	0.01122	0.00800	0.00459	0.00358	0.00125	0.00346	0.00346	0.00412	0.00608
81	0.01331	0.00903	0.11700	0.00744	0.01113	0.00649	0.00680	0.04870	0.01039	0.40316	0.01149	0.01105	0.00784	0.00415	0.00367	0.00103	0.00367	0.00333	0.00362	0.31669
82	0.00950	0.01071	0.02261	0.01636	0.01999	0.01051	0.72408	0.01262	0.00919	0.01262	0.00788	0.01071	0.00606	0.00384	0.00577	0.00141	0.10413	0.00465	0.00202	0.00535
83	0.00917	0.00753	0.00892	0.00643	0.01001	0.00597	0.01732	0.06395	0.00922	0.03682	0.00764	0.00869	0.00618	0.00319	0.00313	0.00067	0.00317	0.00257	0.00258	0.78683
84	0.01050	0.00990	0.01210	0.01032	0.01096	0.11263	0.02205	0.01153	0.00745	0.09003	0.00664	0.00934	0.00588	0.00695	0.02769	0.00172	0.63393	0.00352	0.00214	0.00471
85	0.00494	0.00353	0.00471	0.00565	0.00588	0.00330	0.00377	0.00565	0.00777	0.01036	0.02236	0.85477	0.02683	0.01271	0.00518	0.00165	0.00235	0.01153	0.00377	0.00330
86	0.01085	0.85986	0.02126	0.00694	0.01041	0.01605	0.00694	0.01215	0.00824	0.00955	0.00564	0.00651	0.00521	0.00347	0.00260	0.00087	0.00434	0.00217	0.00174	0.00521
87	0.00494	0.00353	0.00471	0.00565	0.00588	0.00330	0.00377	0.00565	0.00777	0.01036	0.02236	0.85477	0.02683	0.01271	0.00518	0.00165	0.00235	0.01153	0.00377	0.00330
88	0.01004	0.00964	0.01647	0.02490	0.83211	0.00964	0.01245	0.01245	0.00924	0.01325	0.00763	0.01004	0.00643	0.00361	0.00402	0.00120	0.00482	0.00361	0.00201	0.00643
89	0.00580	0.00434	0.00647	0.00647	0.00718	0.00505	0.00501	0.00721	0.00651	0.00938	0.01091	0.01618	0.01025	0.04938	0.82253	0.00646	0.01071	0.00438	0.00218	0.00360
90	0.01009	0.00872	0.00917	0.00826	0.01055	0.01009	0.00642	0.02156	0.82478	0.01697	0.01651	0.01514	0.01238	0.00550	0.00413	0.00138	0.00321	0.00459	0.00413	0.00642
91	0.00506	0.00381	0.00470	0.00526	0.00587	0.00348	0.00365	0.00612	0.02033	0.01120	0.10830	0.56219	0.22209	0.01157	0.00503	0.00154	0.00225	0.01029	0.00384	0.00343
92	0.00588	0.00394	0.00445	0.00445	0.00449	0.00394	0.00251	0.00592	0.00598	0.00795	0.01331	0.02662	0.03089	0.82680	0.03401	0.00393	0.00401	0.00593	0.00248	0.00250
93	0.84416	0.00780	0.00613	0.00543	0.00797	0.00895	0.00447	0.01231	0.00713	0.05765	0.00615	0.00694	0.00467	0.00383	0.00259	0.00126	0.00315	0.00229	0.00263	0.00452
94	0.00900	0.00861	0.01473	0.38152	0.46961	0.00938	0.02565	0.01156	0.00876	0.01200	0.00746	0.01039	0.00598	0.00380	0.00405	0.00127	0.00511	0.00363	0.00192	0.00558
95	0.00563	0.00414	0.00527	0.00499	0.00599	0.00378	0.00374	0.00744	0.01122	0.01565	0.73822	0.03132	0.13042	0.00852	0.00479	0.00129	0.00193	0.00748	0.00438	0.00378
96	0.00480	0.00411	0.00411	0.00411	0.00548	0.00343	0.00308	0.00582	0.00925	0.01096	0.04110	0.03905	0.83046	0.01028	0.00480	0.00137	0.00206	0.00856	0.00377	0.00343
97	0.01081	0.84280	0.02108	0.00702	0.01042	0.01598	0.00698	0.01210	0.00820	0.00955	0.00563	0.00656	0.00521	0.00354	0.00282	0.00089	0.02129	0.00220	0.00174	0.00519
98	0.88607	0.00785	0.00596	0.00534	0.00785	0.00910	0.00439	0.01193	0.00690	0.01820	0.00565	0.00659	0.00439	0.00377	0.00251	0.00126	0.00314	0.00220	0.00251	0.00439
99	0.00577	0.00394	0.00466	0.00491	0.00504	0.00389	0.00299	0.01863	0.00671	0.00895	0.01573	0.27605	0.01838	0.57853	0.01553	0.00318	0.00346	0.01795	0.00289	0.00280
100	0.00939	0.39626	0.45142	0.00963	0.01445	0.01241	0.03122	0.01254	0.00845	0.01137	0.00657	0.00770	0.00519	0.00367	0.00332	0.00110	0.00527	0.00267	0.00173	0.00563
101	0.01295	0.00762	0.00897	0.00756	0.01007	0.00792	0.00601	0.04403	0.40002	0.33439	0.10065	0.01603	0.01400	0.00559	0.00418	0.00131	0.00321	0.00465	0.00451	0.00635
102	0.00494	0.00353	0.00471	0.00565	0.00588	0.00330	0.00377	0.00565	0.00777	0.01036	0.02236	0.85477	0.02683	0.01271	0.00518	0.00165	0.00235	0.01153	0.00377	0.00330
103	0.01016	0.64663	0.22845	0.00812	0.01223	0.01437	0.00899	0.01233	0.00833	0.01038	0.00606	0.00703	0.00519	0.00357	0.00292	0.00097	0.00476	0.00238	0.00173	0.00541
104	0.00908	0.12791	0.49868	0.01232	0.01739	0.03670	0.21649	0.01290	0.00887	0.01236	0.00727	0.00886	0.00541	0.00370	0.00392	0.00124	0.00603	0.00333	0.00181	0.00572
105	0.00494	0.00354	0.00470	0.00562	0.00588	0.00330	0.00375	0.00565	0.00780	0.01037	0.02276	0.83753	0.04382	0.01266	0.00517	0.00164	0.00235	0.01147	0.00377	0.00330
106	0.00814	0.02099	0.83640	0.01156	0.01756	0.00942	0.01499	0.01285	0.00857	0.01285	0.00728	0.00857	0.00514	0.00385	0.00385	0.00128	0.00600	0.00300	0.00171	0.00600
107	0.01019	0.00993	0.01632	0.02447	0.80780	0.03430	0.01231	0.01256	0.00931	0.01316	0.00759	0.00996	0.00639	0.00363	0.00401	0.00120	0.00489	0.00359	0.00201	0.00638
108	0.00519	0.00371	0.00498	0.00583	0.00620	0.00350	0.00410	0.00612	0.00822	0.01099	0.08021	0.69938	0.02724	0.01221	0.00520	0.00165	0.00249	0.10559	0.00381	0.00339
109	0.00938	0.00756	0.00987	0.00719	0.01067	0.00612	0.07652	0.02901	0.03311	0.07622	0.03370	0.00995	0.00753	0.00347	0.00335	0.00078	0.00338	0.00298	0.00272	0.66648
110	0.00579	0.00421	0.00546	0.00513	0.00611	0.00391	0.00385	0.00782	0.02262	0.01620	0.80713	0.03023	0.04965	0.00829	0.00478	0.00128	0.00193	0.00732	0.00445	0.00386
111	0.01491	0.01862	0.01145	0.01037	0.01241	0.78715	0.00782	0.01615	0.02624	0.02233	0.00657	0.00761	0.00543	0.00431	0.00398	0.00108	0.03395	0.00270	0.00216	0.00476
112	0.00901	0.00747	0.00867	0.00624	0.00982	0.00588	0.00501	0.06241	0.00915	0.02656	0.00751	0.00858	0.00613	0.00316	0.00309	0.00065	0.00311	0.00251	0.00255	0.81249

[dist]
# distance from previous block
# <min> <max>
0	1

[block]
# block no. 2 follows, 66 sequences, length 20
# corresponding to MSA columns:
# 248-267
name=unknown_C
#
# <colnr> <probs for GDERKNQSTAVLIFYWHMCP>
#	G	D	E	R	K	N	Q	S	T	A	V	L	I	F	Y	W	H	M	C	P
0	0.01366	0.01586	0.01102	0.01017	0.03258	0.55869	0.00756	0.05225	0.23269	0.01260	0.00924	0.00961	0.00727	0.00456	0.00381	0.00115	0.00602	0.00322	0.00273	0.00531
1	0.00600	0.00435	0.00594	0.00588	0.00635	0.00491	0.00427	0.00697	0.00637	0.00912	0.01139	0.01916	0.01150	0.30126	0.51245	0.00531	0.03771	0.00481	0.03298	0.00327
2	0.00909	0.00867	0.01475	0.35444	0.51002	0.00939	0.01198	0.01162	0.00879	0.01210	0.00746	0.01035	0.00602	0.00379	0.00403	0.00126	0.00506	0.00361	0.00193	0.00566
3	0.00841	0.00721	0.00841	0.00601	0.00961	0.00541	0.00481	0.01022	0.00841	0.01322	0.00721	0.00841	0.00601	0.00300	0.00300	0.00060	0.00300	0.00240	0.00240	0.88222
4	0.00568	0.00447	0.00575	0.00614	0.00665	0.00466	0.00442	0.00713	0.05320	0.01103	0.06092	0.56437	0.11036	0.01166	0.02464	0.00171	0.08473	0.02525	0.00359	0.00363
5	0.02467	0.00943	0.03773	0.00807	0.02458	0.11278	0.00635	0.08316	0.33901	0.07737	0.13071	0.03607	0.08050	0.00607	0.00419	0.00130	0.00368	0.00498	0.00380	0.00556
6	0.00956	0.46132	0.40852	0.00914	0.01381	0.01290	0.01077	0.01248	0.00840	0.01111	0.00642	0.00749	0.00517	0.00365	0.00320	0.00107	0.00513	0.00256	0.00172	0.00558
7	0.00967	0.00784	0.00976	0.01109	0.19985	0.02937	0.00702	0.01522	0.32733	0.09023	0.09770	0.01901	0.14642	0.00604	0.00426	0.00131	0.00340	0.00518	0.00364	0.00568
8	0.00879	0.00849	0.01380	0.48232	0.33414	0.02908	0.01155	0.01128	0.00855	0.01144	0.00728	0.01037	0.00579	0.00400	0.00438	0.00130	0.03673	0.00358	0.00189	0.00524
9	0.00484	0.00404	0.00422	0.00433	0.00555	0.00342	0.00319	0.00585	0.00912	0.01103	0.06049	0.14098	0.70797	0.01053	0.00484	0.00140	0.00209	0.00890	0.00379	0.00342
10	0.01377	0.01678	0.01171	0.01039	0.01258	0.64195	0.05635	0.01653	0.13443	0.01119	0.00838	0.03220	0.00696	0.00457	0.00384	0.00113	0.00653	0.00329	0.00244	0.00497
11	0.10749	0.02585	0.01108	0.02218	0.01188	0.13817	0.00720	0.48649	0.07601	0.02050	0.00922	0.00968	0.00688	0.00583	0.04221	0.00145	0.00497	0.00341	0.00344	0.00604
12	0.00552	0.00414	0.00512	0.00487	0.00593	0.00373	0.00365	0.00723	0.01096	0.01504	0.64668	0.03234	0.22234	0.00875	0.00479	0.00130	0.00195	0.00762	0.00430	0.00373
13	0.01043	0.00888	0.00936	0.00833	0.01068	0.01025	0.00650	0.07226	0.77352	0.01752	0.01608	0.01479	0.01204	0.00546	0.00412	0.00137	0.00329	0.00453	0.00412	0.00645
14	0.00487	0.00411	0.00421	0.00419	0.00552	0.00346	0.00314	0.00596	0.00942	0.01137	0.10209	0.03837	0.76922	0.01012	0.00479	0.00136	0.00204	0.00847	0.00382	0.00346
15	0.00888	0.00888	0.01243	0.01065	0.01065	0.01243	0.00888	0.00976	0.00621	0.00976	0.00533	0.00888	0.00533	0.00710	0.01331	0.00178	0.84999	0.00355	0.00178	0.00444
16	0.01820	0.00690	0.00942	0.00722	0.01036	0.00596	0.00596	0.01977	0.01161	0.83492	0.01601	0.01381	0.01004	0.00502	0.00408	0.00126	0.00345	0.00408	0.00502	0.00690
17	0.01516	0.01934	0.01150	0.01045	0.01254	0.84113	0.00784	0.01620	0.01150	0.00993	0.00627	0.00732	0.00523	0.00418	0.00366	0.00105	0.00732	0.00261	0.00209	0.00470
18	0.00841	0.00721	0.00841	0.00601	0.00961	0.00541	0.00481	0.01022	0.00841	0.01322	0.00721	0.00841	0.00601	0.00300	0.00300	0.00060	0.00300	0.00240	0.00240	0.88222
19	0.00503	0.00371	0.00468	0.00542	0.00589	0.00341	0.00374	0.00583	0.00805	0.01047	0.02541	0.63134	0.17415	0.04369	0.00571	0.00169	0.00243	0.05232	0.00372	0.00331

[dist]
# distance from previous block
# <min> <max>
0	19

# created by:
# /st0/software/busco_prod/Augustus/scripts/msa2prfl.pl ./align_prep/120478.fa
