[name]
unknown

[dist]
# distance from previous block
# <min> <max>
0	25

[block]
# block no. 0 follows, 61 sequences, length 9
# corresponding to MSA columns:
# 28-36
name=unknown_A
#
# <colnr> <probs for GDERKNQSTAVLIFYWHMCP>
#	G	D	E	R	K	N	Q	S	T	A	V	L	I	F	Y	W	H	M	C	P
0	0.10922	0.05896	0.07527	0.01221	0.16698	0.00954	0.06858	0.12300	0.06757	0.01628	0.06412	0.03070	0.01114	0.01934	0.00480	0.02314	0.00444	0.06859	0.00300	0.06311
1	0.03002	0.06818	0.18740	0.03322	0.10600	0.07140	0.12113	0.09713	0.04623	0.12713	0.04060	0.01233	0.03038	0.00472	0.00425	0.00131	0.00532	0.00407	0.00298	0.00620
2	0.05657	0.11497	0.20189	0.01105	0.09457	0.09906	0.04194	0.03818	0.04476	0.06534	0.07065	0.03320	0.01036	0.02918	0.00454	0.00134	0.00500	0.02296	0.00275	0.05168
3	0.06273	0.19833	0.30040	0.01023	0.05413	0.04114	0.02322	0.01370	0.10570	0.01343	0.03351	0.04450	0.03091	0.00623	0.04290	0.00154	0.00529	0.00391	0.00247	0.00572
4	0.01214	0.20477	0.12632	0.01132	0.10324	0.16387	0.03798	0.07401	0.05094	0.06323	0.01023	0.01099	0.04683	0.00454	0.00384	0.00116	0.00527	0.00351	0.00263	0.06318
5	0.01019	0.01328	0.28655	0.01376	0.19788	0.00897	0.03886	0.08258	0.02605	0.06246	0.04292	0.05401	0.00980	0.00507	0.00428	0.00130	0.00495	0.03328	0.00276	0.10103
6	0.00831	0.00743	0.06012	0.00734	0.03027	0.02695	0.02731	0.01053	0.03056	0.06622	0.24600	0.06362	0.10038	0.03077	0.03870	0.00150	0.00361	0.00572	0.00354	0.23111
7	0.00641	0.00470	0.00586	0.00598	0.03866	0.00424	0.00419	0.00803	0.01100	0.04342	0.45622	0.05454	0.28715	0.04363	0.00572	0.00151	0.00236	0.00798	0.00431	0.00408
8	0.01086	0.01010	0.01759	0.06329	0.68714	0.01009	0.07590	0.01348	0.00989	0.04762	0.00850	0.01094	0.00691	0.00391	0.00433	0.00130	0.00526	0.00396	0.00226	0.00667

[dist]
# distance from previous block
# <min> <max>
0	1

[block]
# block no. 1 follows, 61 sequences, length 21
# corresponding to MSA columns:
# 38-58
name=unknown_B
#
# <colnr> <probs for GDERKNQSTAVLIFYWHMCP>
#	G	D	E	R	K	N	Q	S	T	A	V	L	I	F	Y	W	H	M	C	P
0	0.00547	0.00452	0.00482	0.00472	0.00611	0.00394	0.00355	0.00709	0.03416	0.01303	0.20814	0.03873	0.63006	0.01031	0.00507	0.00143	0.00219	0.00869	0.00417	0.00382
1	0.01574	0.01996	0.01202	0.01095	0.01312	0.80183	0.00822	0.01686	0.01202	0.01052	0.00683	0.00809	0.00573	0.00543	0.03343	0.00132	0.00790	0.00284	0.00222	0.00495
2	0.01066	0.01023	0.01748	0.02644	0.82174	0.01023	0.01322	0.01322	0.00981	0.01407	0.00810	0.01066	0.00682	0.00384	0.00426	0.00128	0.00512	0.00384	0.00213	0.00682
3	0.00748	0.00374	0.00561	0.00561	0.00561	0.00374	0.00374	0.00561	0.00561	0.00748	0.00748	0.01309	0.00748	0.01496	0.01684	0.87467	0.00374	0.00374	0.00187	0.00187
4	0.01152	0.85121	0.02257	0.00737	0.01106	0.01704	0.00737	0.01290	0.00875	0.01013	0.00599	0.00691	0.00553	0.00369	0.00276	0.00092	0.00461	0.00230	0.00184	0.00553
5	0.76325	0.00820	0.00671	0.00594	0.00854	0.00939	0.00487	0.04171	0.00804	0.04665	0.02129	0.00828	0.00588	0.00545	0.04017	0.00158	0.00374	0.00266	0.00284	0.00481
6	0.01613	0.01025	0.01155	0.00907	0.01225	0.01091	0.00741	0.50475	0.08647	0.22702	0.01325	0.04957	0.00963	0.00564	0.00437	0.00134	0.00425	0.00446	0.00456	0.00711
7	0.01873	0.00761	0.01100	0.00834	0.01174	0.00663	0.05824	0.02053	0.01219	0.77209	0.01646	0.01446	0.01040	0.00522	0.00438	0.00134	0.00390	0.00438	0.00513	0.00723
8	0.00777	0.00476	0.00618	0.00562	0.00694	0.00433	0.00429	0.00972	0.01202	0.11881	0.66247	0.02993	0.07005	0.00836	0.00493	0.00135	0.00224	0.00731	0.02845	0.00446
9	0.01066	0.01023	0.01748	0.02644	0.82174	0.01023	0.01322	0.01322	0.00981	0.01407	0.00810	0.01066	0.00682	0.00384	0.00426	0.00128	0.00512	0.00384	0.00213	0.00682
10	0.01349	0.01633	0.01183	0.01068	0.01220	0.55533	0.00822	0.01454	0.01050	0.01055	0.00837	0.05811	0.02818	0.00592	0.00659	0.00135	0.21698	0.00374	0.00229	0.00480
11	0.01883	0.00759	0.01009	0.00780	0.01109	0.00679	0.00642	0.04984	0.04873	0.75921	0.01677	0.01457	0.01065	0.00535	0.00433	0.00134	0.00369	0.00434	0.00525	0.00731
12	0.00529	0.00392	0.00495	0.00565	0.00618	0.00357	0.00387	0.00622	0.00888	0.01166	0.09619	0.62694	0.17571	0.01261	0.00539	0.00166	0.00240	0.01128	0.00406	0.00357
13	0.01178	0.80259	0.02197	0.00759	0.01119	0.06470	0.00743	0.01315	0.00895	0.01016	0.00603	0.00696	0.00553	0.00373	0.00283	0.00093	0.00479	0.00233	0.00186	0.00550
14	0.01152	0.85121	0.02257	0.00737	0.01106	0.01704	0.00737	0.01290	0.00875	0.01013	0.00599	0.00691	0.00553	0.00369	0.00276	0.00092	0.00461	0.00230	0.00184	0.00553
15	0.04331	0.00759	0.00983	0.00767	0.01082	0.00695	0.00630	0.07351	0.04503	0.66745	0.06280	0.01522	0.01210	0.00550	0.00433	0.00134	0.00362	0.00446	0.00511	0.00704
16	0.00593	0.00438	0.00545	0.00519	0.00622	0.00400	0.00383	0.00767	0.01140	0.01572	0.63332	0.03352	0.17347	0.06368	0.00618	0.00156	0.00220	0.00792	0.00448	0.00390
17	0.01042	0.00962	0.01616	0.18371	0.62129	0.01001	0.01260	0.01328	0.03250	0.03654	0.00854	0.01109	0.00690	0.00403	0.00428	0.00132	0.00515	0.00388	0.00224	0.00644
18	0.01071	0.17793	0.35032	0.01053	0.01466	0.12450	0.02496	0.04247	0.09151	0.01329	0.00877	0.01057	0.00701	0.00472	0.00449	0.00130	0.05458	0.02647	0.01533	0.00588
19	0.00867	0.00515	0.00644	0.00578	0.00731	0.00479	0.00445	0.01115	0.05867	0.15298	0.50034	0.02779	0.10205	0.00792	0.00474	0.00134	0.00240	0.00684	0.07648	0.00473
20	0.00544	0.00386	0.00499	0.00582	0.00608	0.00364	0.00386	0.00612	0.00803	0.01067	0.02260	0.68581	0.04242	0.13783	0.00795	0.00211	0.00278	0.03280	0.00379	0.00338

[dist]
# distance from previous block
# <min> <max>
1	3

[block]
# block no. 2 follows, 61 sequences, length 32
# corresponding to MSA columns:
# 62-93
name=unknown_C
#
# <colnr> <probs for GDERKNQSTAVLIFYWHMCP>
#	G	D	E	R	K	N	Q	S	T	A	V	L	I	F	Y	W	H	M	C	P
0	0.01000	0.06423	0.05032	0.24655	0.48343	0.02424	0.01243	0.01260	0.00934	0.01280	0.00774	0.01050	0.00633	0.00408	0.00443	0.00132	0.02788	0.00369	0.00204	0.00607
1	0.00731	0.00569	0.00736	0.00693	0.02524	0.00566	0.00505	0.03038	0.04330	0.01164	0.01218	0.08707	0.01200	0.15647	0.36052	0.00407	0.00695	0.00504	0.00270	0.20443
2	0.03247	0.01650	0.03349	0.01333	0.10455	0.47868	0.08356	0.06724	0.01146	0.01257	0.00715	0.00882	0.00589	0.00468	0.00521	0.00127	0.10208	0.00330	0.00230	0.00542
3	0.00674	0.00493	0.00653	0.00666	0.00744	0.01977	0.00512	0.02159	0.00798	0.01153	0.01464	0.16882	0.01473	0.02209	0.45915	0.00449	0.02905	0.06176	0.12308	0.00392
4	0.00835	0.00778	0.02826	0.04023	0.29851	0.00760	0.02124	0.01178	0.11364	0.01462	0.19748	0.02247	0.18223	0.00674	0.00481	0.00138	0.01815	0.00594	0.00337	0.00542
5	0.00864	0.02228	0.82630	0.01228	0.01864	0.01000	0.01592	0.01364	0.00909	0.01364	0.00773	0.00909	0.00546	0.00409	0.00409	0.00136	0.00637	0.00318	0.00182	0.00637
6	0.01345	0.03651	0.01374	0.01129	0.01343	0.40292	0.09488	0.10230	0.03892	0.01322	0.02204	0.00974	0.00692	0.00517	0.00606	0.00133	0.17080	0.00353	0.02846	0.00531
7	0.00645	0.00452	0.00532	0.00521	0.00524	0.00478	0.00316	0.00658	0.00632	0.00855	0.01300	0.02651	0.01482	0.75870	0.06004	0.00417	0.05526	0.00603	0.00255	0.00280
8	0.25655	0.00919	0.02481	0.03294	0.03998	0.02859	0.00684	0.15701	0.03102	0.35396	0.01177	0.01130	0.00797	0.00482	0.00385	0.00133	0.00402	0.00362	0.00404	0.00641
9	0.00531	0.00386	0.00502	0.00591	0.00632	0.00358	0.00405	0.00614	0.00848	0.01114	0.02575	0.72859	0.10982	0.01316	0.00548	0.00173	0.00253	0.04561	0.00400	0.00353
10	0.00562	0.00432	0.00511	0.00548	0.00644	0.00391	0.00411	0.00680	0.00945	0.01200	0.10450	0.22525	0.37255	0.06961	0.00650	0.00179	0.00269	0.14628	0.00397	0.00363
11	0.01235	0.70065	0.02069	0.00805	0.01147	0.16463	0.00754	0.01368	0.00938	0.01021	0.00611	0.00707	0.00553	0.00382	0.00297	0.00096	0.00518	0.00239	0.00191	0.00543
12	0.57203	0.00795	0.00699	0.00634	0.00872	0.00907	0.00512	0.02429	0.15423	0.01846	0.07912	0.01294	0.02300	0.00584	0.02453	0.00152	0.00346	0.02817	0.00323	0.00498
13	0.00813	0.00766	0.01292	0.83826	0.02967	0.00957	0.01196	0.01101	0.00861	0.01101	0.00766	0.01148	0.00574	0.00431	0.00431	0.00144	0.00574	0.00383	0.00191	0.00479
14	0.00525	0.00375	0.00500	0.00600	0.00625	0.00350	0.00400	0.00600	0.00825	0.01100	0.02374	0.84580	0.02849	0.01350	0.00550	0.00175	0.00250	0.01225	0.00400	0.00350
15	0.05026	0.00538	0.00660	0.00592	0.00740	0.00503	0.00436	0.01161	0.02328	0.24957	0.17769	0.11443	0.06613	0.21091	0.00878	0.00207	0.00317	0.00654	0.03624	0.00465
16	0.00537	0.00409	0.00493	0.00555	0.00628	0.00370	0.00396	0.00633	0.00890	0.01131	0.03045	0.46301	0.31050	0.03803	0.00590	0.00174	0.00257	0.07988	0.00395	0.00356
17	0.00851	0.00448	0.00453	0.00435	0.00550	0.00455	0.00331	0.05589	0.00968	0.01670	0.01384	0.01573	0.01083	0.00503	0.00309	0.00102	0.00216	0.00401	0.82260	0.00421
18	0.44963	0.00817	0.00803	0.00675	0.00954	0.00877	0.00549	0.06237	0.09629	0.24625	0.01189	0.01178	0.03263	0.02066	0.00385	0.00140	0.00350	0.00354	0.00374	0.00573
19	0.00633	0.00465	0.00546	0.00559	0.00662	0.00432	0.00405	0.05281	0.00999	0.03021	0.12290	0.33468	0.30830	0.05507	0.00608	0.00170	0.00261	0.03068	0.00406	0.00388
20	0.01805	0.00744	0.00989	0.00781	0.01096	0.00670	0.00645	0.04375	0.05706	0.70945	0.01716	0.01656	0.01151	0.00573	0.00443	0.00138	0.00370	0.04968	0.00517	0.00711
21	0.00602	0.00440	0.00565	0.00534	0.00639	0.00403	0.00400	0.00798	0.01201	0.01683	0.75889	0.03290	0.10150	0.00897	0.00508	0.00136	0.00204	0.00789	0.00468	0.00403
22	0.45443	0.00792	0.00755	0.00660	0.00914	0.00862	0.00533	0.06801	0.10123	0.14765	0.01333	0.06276	0.06399	0.00570	0.00364	0.00139	0.00337	0.02037	0.00360	0.00536
23	0.00616	0.00461	0.00575	0.00549	0.00662	0.00431	0.00414	0.00847	0.04698	0.01625	0.63504	0.04747	0.15370	0.00915	0.00508	0.00140	0.00217	0.02852	0.00458	0.00411
24	0.01923	0.00748	0.01009	0.00773	0.01107	0.00655	0.00639	0.04560	0.01258	0.79977	0.01679	0.01453	0.01056	0.00533	0.00433	0.00133	0.00370	0.00432	0.00530	0.00733
25	0.05939	0.00512	0.00608	0.00629	0.00744	0.00502	0.00479	0.04792	0.03699	0.04133	0.09734	0.33800	0.17374	0.01079	0.00515	0.00163	0.00288	0.14186	0.00405	0.00416
26	0.00604	0.00433	0.00537	0.00549	0.00610	0.00421	0.00386	0.00706	0.00868	0.01165	0.19982	0.10872	0.12565	0.31044	0.08940	0.00300	0.00396	0.08929	0.00351	0.00341
27	0.05625	0.00741	0.00983	0.00760	0.01089	0.00657	0.00627	0.02067	0.02906	0.77291	0.01653	0.01436	0.01046	0.00528	0.00426	0.00134	0.00365	0.00426	0.00520	0.00720
28	0.00586	0.00455	0.00616	0.00668	0.00699	0.00485	0.00478	0.00674	0.00813	0.01107	0.04213	0.64242	0.04375	0.01363	0.05405	0.00205	0.10675	0.02206	0.00366	0.00369
29	0.24240	0.00534	0.00569	0.00580	0.00704	0.00545	0.00423	0.00915	0.00851	0.07382	0.05735	0.41642	0.06076	0.04575	0.00524	0.00165	0.00283	0.00810	0.03034	0.00411
30	0.00770	0.00426	0.00584	0.00571	0.00607	0.00441	0.00397	0.04104	0.00685	0.00972	0.00924	0.01468	0.00878	0.06426	0.11213	0.57671	0.00453	0.00403	0.10742	0.00264
31	0.01152	0.85121	0.02257	0.00737	0.01106	0.01704	0.00737	0.01290	0.00875	0.01013	0.00599	0.00691	0.00553	0.00369	0.00276	0.00092	0.00461	0.00230	0.00184	0.00553

[dist]
# distance from previous block
# <min> <max>
0	1

[block]
# block no. 3 follows, 61 sequences, length 7
# corresponding to MSA columns:
# 95-101
name=unknown_D
#
# <colnr> <probs for GDERKNQSTAVLIFYWHMCP>
#	G	D	E	R	K	N	Q	S	T	A	V	L	I	F	Y	W	H	M	C	P
0	0.00659	0.00507	0.00761	0.00721	0.00793	0.00578	0.03604	0.00781	0.00706	0.01008	0.04081	0.01808	0.01185	0.13457	0.56908	0.05332	0.06015	0.00487	0.00238	0.00371
1	0.00680	0.00556	0.00781	0.00787	0.03428	0.00552	0.07087	0.00956	0.12330	0.01255	0.06064	0.42021	0.08766	0.08092	0.00661	0.00184	0.00327	0.04671	0.00376	0.00425
2	0.00769	0.00699	0.00858	0.00812	0.00889	0.08399	0.00641	0.00907	0.00736	0.01012	0.00999	0.01468	0.00934	0.02513	0.60317	0.00545	0.16441	0.00429	0.00222	0.00411
3	0.00975	0.00818	0.00936	0.00689	0.01057	0.00683	0.00552	0.08364	0.07557	0.01554	0.00870	0.00964	0.00702	0.00359	0.00339	0.00076	0.00335	0.00286	0.00286	0.72597
4	0.00626	0.00418	0.00470	0.00470	0.00470	0.00418	0.00261	0.00626	0.00626	0.00835	0.01357	0.02819	0.01566	0.84862	0.02192	0.00418	0.00418	0.00626	0.00261	0.00261
5	0.00898	0.00782	0.00933	0.00685	0.01031	0.00645	0.00551	0.01080	0.00871	0.01369	0.00747	0.00898	0.00631	0.00360	0.00422	0.00076	0.08232	0.00267	0.00249	0.79273
6	0.01191	0.01216	0.13852	0.01265	0.06877	0.08671	0.21483	0.01619	0.13471	0.16513	0.03966	0.05773	0.01043	0.00516	0.00454	0.00139	0.00533	0.00480	0.00324	0.00614

[dist]
# distance from previous block
# <min> <max>
0	5

[block]
# block no. 4 follows, 61 sequences, length 38
# corresponding to MSA columns:
# 107,121-157
name=unknown_E
#
# <colnr> <probs for GDERKNQSTAVLIFYWHMCP>
#	G	D	E	R	K	N	Q	S	T	A	V	L	I	F	Y	W	H	M	C	P
0	0.01618	0.01195	0.01282	0.00982	0.01328	0.01316	0.00811	0.78636	0.01995	0.02680	0.01027	0.01030	0.00730	0.00512	0.00428	0.00128	0.00470	0.00384	0.00426	0.03022
1	0.00938	0.00892	0.01516	0.43921	0.41901	0.00990	0.01258	0.01209	0.00920	0.01251	0.00788	0.01108	0.00627	0.00408	0.00429	0.00136	0.00544	0.00383	0.00202	0.00579
2	0.00857	0.00715	0.00836	0.00639	0.00956	0.00567	0.00496	0.03140	0.02192	0.01380	0.01018	0.11501	0.00972	0.04383	0.00440	0.00097	0.00319	0.00401	0.00281	0.68809
3	0.00617	0.00444	0.00561	0.00532	0.00642	0.00403	0.00399	0.00803	0.01176	0.03075	0.67523	0.05102	0.15284	0.00915	0.00508	0.00138	0.00209	0.00801	0.00463	0.00405
4	0.00530	0.00377	0.00498	0.00593	0.00616	0.00354	0.00392	0.00601	0.00814	0.01085	0.02319	0.80129	0.02779	0.05896	0.00639	0.00188	0.00259	0.01192	0.00392	0.00345
5	0.00654	0.00477	0.00546	0.00545	0.00683	0.00430	0.00418	0.00836	0.04744	0.06158	0.13307	0.12350	0.46959	0.01045	0.00514	0.00152	0.00253	0.09100	0.00419	0.00408
6	0.03016	0.00486	0.00567	0.00535	0.00641	0.00462	0.00380	0.00903	0.03798	0.08846	0.23449	0.04468	0.17143	0.28139	0.01036	0.00230	0.00304	0.02416	0.02788	0.00392
7	0.00929	0.00524	0.00537	0.00491	0.00628	0.00543	0.00380	0.13093	0.01073	0.01774	0.01349	0.01519	0.01048	0.00504	0.00321	0.00105	0.00242	0.00399	0.74089	0.00452
8	0.00707	0.00462	0.00607	0.00558	0.00677	0.00423	0.00423	0.00908	0.01220	0.07678	0.76033	0.03089	0.03843	0.00855	0.00503	0.00135	0.00215	0.00754	0.00479	0.00431
9	0.03132	0.00914	0.01010	0.00828	0.01092	0.00979	0.00664	0.40515	0.11815	0.11160	0.08302	0.08802	0.05163	0.00655	0.00446	0.00136	0.00380	0.00534	0.02839	0.00633
10	0.01144	0.00751	0.00865	0.00776	0.02008	0.00787	0.00587	0.13147	0.26081	0.16954	0.01865	0.16539	0.06599	0.06879	0.00585	0.00165	0.00345	0.00627	0.02714	0.00581
11	0.00615	0.00462	0.00692	0.00692	0.00769	0.00538	0.00538	0.00769	0.00692	0.01000	0.01154	0.01692	0.01077	0.03231	0.83154	0.00692	0.01154	0.00462	0.00231	0.00385
12	0.00626	0.00418	0.00470	0.00470	0.00470	0.00418	0.00261	0.00626	0.00626	0.00835	0.01357	0.02819	0.01566	0.84862	0.02192	0.00418	0.00418	0.00626	0.00261	0.00261
13	0.00834	0.00532	0.00627	0.00575	0.00719	0.00500	0.00427	0.05300	0.04305	0.12689	0.21809	0.09971	0.25766	0.13124	0.00740	0.00183	0.00286	0.00752	0.00419	0.00442
14	0.00627	0.00455	0.00586	0.00651	0.00713	0.00449	0.00473	0.03430	0.04646	0.01239	0.06267	0.55674	0.02641	0.05211	0.00625	0.00186	0.00293	0.15049	0.00399	0.00385
15	0.00698	0.00503	0.00694	0.00788	0.00889	0.00506	0.00683	0.00919	0.03124	0.01296	0.02270	0.07753	0.02462	0.01180	0.00589	0.00196	0.00390	0.74262	0.00398	0.00402
16	0.75354	0.00826	0.00684	0.00596	0.00868	0.00933	0.00490	0.03464	0.00822	0.10202	0.00737	0.00802	0.00546	0.00418	0.00289	0.00133	0.00338	0.00261	0.01738	0.00500
17	0.00608	0.00439	0.00514	0.00514	0.00630	0.00386	0.00377	0.00738	0.01023	0.05078	0.25380	0.19828	0.39670	0.02173	0.00536	0.00152	0.00230	0.00910	0.00425	0.00389
18	0.00524	0.00378	0.00497	0.00592	0.00623	0.00351	0.00396	0.00601	0.00832	0.01103	0.02467	0.80846	0.06524	0.01338	0.00548	0.00174	0.00248	0.01210	0.00400	0.00351
19	0.01099	0.00944	0.00979	0.00879	0.01124	0.02693	0.00684	0.02274	0.78243	0.03358	0.01731	0.01588	0.01295	0.00581	0.00437	0.00145	0.00350	0.00482	0.00436	0.00679
20	0.00536	0.00385	0.00506	0.00592	0.00628	0.00359	0.00402	0.00622	0.00855	0.01139	0.07174	0.72473	0.06215	0.03115	0.00582	0.00177	0.00253	0.03231	0.00401	0.00353
21	0.00677	0.00553	0.00811	0.00775	0.00838	0.00686	0.00615	0.00820	0.00686	0.01007	0.01042	0.01550	0.00980	0.02762	0.67686	0.00597	0.16845	0.00446	0.00223	0.00401
22	0.01093	0.00936	0.00986	0.00881	0.01128	0.01081	0.00687	0.05222	0.78429	0.01836	0.01726	0.01586	0.01293	0.00582	0.00438	0.00145	0.00346	0.00483	0.00438	0.00684
23	0.01144	0.00936	0.01002	0.00885	0.01136	0.01067	0.00699	0.12256	0.65538	0.03640	0.01686	0.01691	0.01292	0.00605	0.00445	0.00146	0.00361	0.04357	0.00437	0.00675
24	0.00621	0.00453	0.00628	0.00628	0.00678	0.00507	0.00455	0.00724	0.00675	0.00953	0.01242	0.04389	0.01270	0.28250	0.54691	0.00586	0.02125	0.00533	0.00244	0.00347
25	0.00919	0.00850	0.01414	0.21224	0.47511	0.00891	0.01125	0.01169	0.00979	0.01361	0.10935	0.01583	0.02434	0.00541	0.01499	0.00143	0.00487	0.04104	0.00252	0.00579
26	0.00864	0.02228	0.82630	0.01228	0.01864	0.01000	0.01592	0.01364	0.00909	0.01364	0.00773	0.00909	0.00546	0.00409	0.00409	0.00136	0.00637	0.00318	0.00182	0.00637
27	0.01060	0.01017	0.01737	0.04757	0.80113	0.01022	0.01319	0.01316	0.00978	0.01399	0.00809	0.01068	0.00680	0.00385	0.00427	0.00128	0.00513	0.00384	0.00213	0.00677
28	0.87904	0.00833	0.00633	0.00566	0.00833	0.00966	0.00467	0.01266	0.00733	0.01933	0.00600	0.00700	0.00467	0.00400	0.00267	0.00133	0.00333	0.00233	0.00267	0.00467
29	0.00632	0.00540	0.00555	0.00533	0.00698	0.00515	0.00405	0.00978	0.17986	0.01319	0.06597	0.03576	0.62148	0.00976	0.00494	0.00145	0.00244	0.00815	0.00411	0.00432
30	0.00620	0.00419	0.00468	0.00468	0.00476	0.00415	0.00265	0.00626	0.00646	0.00853	0.01521	0.02891	0.05945	0.80301	0.02101	0.00403	0.00407	0.00642	0.00269	0.00267
31	0.01146	0.00564	0.00747	0.00635	0.00833	0.00505	0.00499	0.01344	0.02402	0.34328	0.44209	0.04084	0.05384	0.00752	0.00478	0.00136	0.00273	0.00648	0.00494	0.00540
32	0.00614	0.00449	0.00577	0.00544	0.00650	0.00417	0.00408	0.00832	0.02682	0.01705	0.77203	0.03227	0.07300	0.00884	0.00507	0.00136	0.00206	0.00779	0.00470	0.00410
33	0.05258	0.00735	0.00929	0.00747	0.01041	0.00689	0.00610	0.03009	0.11231	0.59292	0.01645	0.01554	0.01111	0.00550	0.00421	0.00134	0.00351	0.02675	0.07337	0.00680
34	0.00754	0.00639	0.00787	0.02091	0.08174	0.03980	0.02826	0.01036	0.09717	0.03226	0.26980	0.09744	0.24089	0.00863	0.00492	0.00143	0.00308	0.03290	0.00397	0.00462
35	0.00973	0.01420	0.23300	0.01630	0.03836	0.01062	0.53631	0.01355	0.00972	0.01364	0.00831	0.01080	0.00623	0.00389	0.00509	0.00142	0.03713	0.00446	0.00208	0.02517
36	0.01022	0.02901	0.06014	0.23578	0.48548	0.03370	0.02246	0.03518	0.02210	0.01349	0.00809	0.01071	0.00651	0.00405	0.00424	0.00132	0.00540	0.00377	0.00215	0.00619
37	0.03032	0.52743	0.06059	0.02377	0.02854	0.07766	0.00791	0.03529	0.03647	0.02329	0.04284	0.01118	0.00848	0.00468	0.00362	0.00112	0.02309	0.04591	0.00234	0.00548

[dist]
# distance from previous block
# <min> <max>
0	7

[block]
# block no. 5 follows, 61 sequences, length 10
# corresponding to MSA columns:
# 165-167,171-177
name=unknown_F
#
# <colnr> <probs for GDERKNQSTAVLIFYWHMCP>
#	G	D	E	R	K	N	Q	S	T	A	V	L	I	F	Y	W	H	M	C	P
0	0.00988	0.01006	0.01082	0.22059	0.12308	0.19103	0.00850	0.02504	0.07791	0.01245	0.03605	0.10427	0.07994	0.02015	0.01778	0.00151	0.00511	0.02373	0.01713	0.00498
1	0.00737	0.00614	0.00789	0.11762	0.05766	0.00642	0.00602	0.01136	0.17526	0.01495	0.31091	0.05141	0.17500	0.02678	0.00518	0.00148	0.00308	0.00678	0.00393	0.00475
2	0.00748	0.00374	0.00561	0.00561	0.00561	0.00374	0.00374	0.00561	0.00561	0.00748	0.00748	0.01309	0.00748	0.01496	0.01684	0.87467	0.00374	0.00374	0.00187	0.00187
3	0.00868	0.01941	0.65290	0.01213	0.01777	0.00973	0.08814	0.01373	0.05596	0.01378	0.01064	0.01176	0.05700	0.00458	0.00426	0.00138	0.00602	0.00383	0.00214	0.00617
4	0.01812	0.00706	0.00961	0.00746	0.01058	0.00612	0.00612	0.01982	0.01232	0.75103	0.09023	0.01626	0.01340	0.00565	0.00440	0.00133	0.00352	0.00465	0.00528	0.00703
5	0.07976	0.01179	0.01244	0.00960	0.01299	0.01309	0.00793	0.74899	0.01930	0.02657	0.01002	0.01010	0.00713	0.00508	0.00419	0.00130	0.00464	0.00376	0.00419	0.00713
6	0.01637	0.01207	0.01293	0.00991	0.01336	0.01336	0.00819	0.80738	0.02025	0.02715	0.01034	0.01034	0.00733	0.00517	0.00431	0.00129	0.00474	0.00388	0.00431	0.00733
7	0.00851	0.18762	0.06357	0.00755	0.00959	0.03364	0.00664	0.02811	0.05895	0.02612	0.04654	0.01602	0.06980	0.01761	0.37515	0.00378	0.02904	0.00441	0.00262	0.00474
8	0.00598	0.00432	0.00580	0.00662	0.00730	0.00413	0.00513	0.00735	0.00933	0.01230	0.09030	0.41594	0.07364	0.01233	0.00562	0.00179	0.00302	0.32132	0.00405	0.00374
9	0.01102	0.01127	0.06749	0.06896	0.63239	0.05050	0.03333	0.01366	0.00993	0.04815	0.00838	0.01066	0.00677	0.00397	0.00426	0.00129	0.00535	0.00380	0.00224	0.00659

[dist]
# distance from previous block
# <min> <max>
0	1

[block]
# block no. 6 follows, 61 sequences, length 16
# corresponding to MSA columns:
# 179-194
name=unknown_G
#
# <colnr> <probs for GDERKNQSTAVLIFYWHMCP>
#	G	D	E	R	K	N	Q	S	T	A	V	L	I	F	Y	W	H	M	C	P
0	0.01046	0.01002	0.01711	0.09269	0.75710	0.01018	0.01312	0.01304	0.00971	0.01382	0.00807	0.01073	0.00673	0.00388	0.00427	0.00129	0.00517	0.00384	0.00211	0.00666
1	0.00702	0.00584	0.00837	0.00787	0.00837	0.00732	0.00620	0.00827	0.00678	0.00995	0.01018	0.01596	0.00987	0.09873	0.54494	0.00536	0.22825	0.00454	0.00222	0.00396
2	0.01143	0.75904	0.02117	0.00752	0.01107	0.01635	0.00731	0.01399	0.09689	0.01100	0.00725	0.00791	0.00636	0.00392	0.00294	0.00098	0.00448	0.00258	0.00212	0.00567
3	0.10648	0.75894	0.02079	0.00718	0.01076	0.01624	0.00707	0.01287	0.00860	0.01114	0.00599	0.00692	0.00543	0.00372	0.00275	0.00097	0.00447	0.00231	0.00193	0.00543
4	0.00990	0.00931	0.01578	0.05604	0.63653	0.00935	0.03563	0.01238	0.00978	0.01371	0.01109	0.01653	0.03424	0.00510	0.00453	0.00139	0.00497	0.10508	0.00242	0.00625
5	0.00615	0.00462	0.00692	0.00692	0.00769	0.00538	0.00538	0.00769	0.00692	0.01000	0.01154	0.01692	0.01077	0.03231	0.83154	0.00692	0.01154	0.00462	0.00231	0.00385
6	0.01242	0.01453	0.05538	0.01047	0.03450	0.38734	0.02406	0.04425	0.15211	0.01283	0.01058	0.02813	0.02591	0.00823	0.09529	0.00190	0.05660	0.00389	0.01628	0.00532
7	0.00525	0.00375	0.00500	0.00600	0.00625	0.00350	0.00400	0.00600	0.00825	0.01100	0.02374	0.84580	0.02849	0.01350	0.00550	0.00175	0.00250	0.01225	0.00400	0.00350
8	0.00832	0.03229	0.02595	0.00718	0.00900	0.00725	0.02152	0.05986	0.25202	0.01714	0.40150	0.06563	0.04277	0.00809	0.02086	0.00150	0.00309	0.00656	0.00431	0.00517
9	0.00548	0.00395	0.00519	0.00606	0.00647	0.00370	0.00423	0.00639	0.00854	0.01130	0.04419	0.66611	0.07040	0.04268	0.00610	0.00184	0.00269	0.09719	0.00396	0.00354
10	0.01199	0.00886	0.01094	0.02755	0.01180	0.00937	0.06477	0.31614	0.13440	0.08060	0.22806	0.01851	0.04511	0.00632	0.00461	0.00136	0.00386	0.00537	0.00429	0.00609
11	0.00648	0.00467	0.00630	0.09673	0.00897	0.00470	0.00503	0.00828	0.01016	0.01437	0.36761	0.14895	0.04587	0.04677	0.03112	0.00174	0.00308	0.08095	0.10428	0.00396
12	0.00954	0.00900	0.01422	0.26785	0.42528	0.02593	0.01132	0.01272	0.06803	0.01318	0.03620	0.01321	0.02471	0.03036	0.01935	0.00153	0.00516	0.00421	0.00237	0.00584
13	0.01248	0.60552	0.04481	0.00825	0.01182	0.08266	0.00781	0.12981	0.03875	0.01304	0.00714	0.00787	0.00606	0.00405	0.00318	0.00102	0.00490	0.00269	0.00232	0.00582
14	0.22799	0.02827	0.08028	0.00861	0.03645	0.00963	0.00730	0.16200	0.11771	0.21358	0.02343	0.01141	0.00848	0.00481	0.00383	0.00131	0.00400	0.00364	0.00376	0.04350
15	0.01177	0.01052	0.01418	0.09337	0.38013	0.10529	0.03392	0.08884	0.03267	0.07863	0.09788	0.01321	0.01078	0.00478	0.00435	0.00130	0.00502	0.00425	0.00293	0.00618

[dist]
# distance from previous block
# <min> <max>
1	3

[block]
# block no. 7 follows, 61 sequences, length 43
# corresponding to MSA columns:
# 198-240
name=unknown_H
#
# <colnr> <probs for GDERKNQSTAVLIFYWHMCP>
#	G	D	E	R	K	N	Q	S	T	A	V	L	I	F	Y	W	H	M	C	P
0	0.00750	0.00618	0.00789	0.04903	0.04830	0.00635	0.02849	0.05799	0.10756	0.01426	0.18306	0.10966	0.22962	0.07913	0.00663	0.00170	0.02999	0.01835	0.00378	0.00454
1	0.01004	0.01044	0.01280	0.57051	0.07376	0.17760	0.01094	0.03348	0.00972	0.01153	0.00807	0.03735	0.00654	0.00462	0.00426	0.00137	0.00599	0.00388	0.00212	0.00498
2	0.00938	0.02043	0.69237	0.01255	0.03366	0.01027	0.05191	0.08133	0.01008	0.01476	0.00806	0.00946	0.00577	0.00456	0.01584	0.00144	0.00632	0.00336	0.00206	0.00640
3	0.03050	0.00805	0.03020	0.04353	0.02796	0.00764	0.02560	0.05326	0.17179	0.40854	0.08984	0.04615	0.02539	0.00595	0.00444	0.00138	0.00371	0.00501	0.00456	0.00651
4	0.01323	0.01155	0.07131	0.00971	0.01291	0.02473	0.03609	0.42282	0.24944	0.02203	0.05625	0.01321	0.01071	0.00542	0.00435	0.00135	0.00441	0.00436	0.01931	0.00678
5	0.00828	0.00616	0.00698	0.00627	0.00782	0.00619	0.00476	0.18794	0.03398	0.01699	0.28831	0.11399	0.20230	0.06449	0.00601	0.00159	0.00290	0.00741	0.02302	0.00462
6	0.01063	0.00964	0.00989	0.00957	0.06773	0.12074	0.02080	0.07048	0.33109	0.02948	0.16010	0.01853	0.05097	0.00694	0.02651	0.00151	0.00417	0.01602	0.02945	0.00576
7	0.01065	0.01038	0.01738	0.06193	0.74808	0.02768	0.03420	0.01322	0.00982	0.01385	0.00807	0.01066	0.00674	0.00387	0.00428	0.00129	0.00526	0.00385	0.00213	0.00667
8	0.01614	0.01184	0.01268	0.00975	0.01313	0.01310	0.00804	0.78539	0.01994	0.02684	0.01044	0.01050	0.00743	0.00517	0.00427	0.00128	0.00466	0.00388	0.02825	0.00723
9	0.00648	0.00428	0.00512	0.00493	0.00584	0.00404	0.00357	0.00816	0.01051	0.01538	0.47162	0.02872	0.08975	0.12070	0.00687	0.00166	0.00233	0.00684	0.19938	0.00383
10	0.01924	0.00747	0.01008	0.00773	0.01107	0.00654	0.00639	0.04415	0.01256	0.80124	0.01680	0.01453	0.01056	0.00533	0.00433	0.00133	0.00370	0.00432	0.00530	0.00733
11	0.01474	0.01672	0.01210	0.02723	0.05040	0.57855	0.03157	0.04841	0.01179	0.05446	0.00810	0.00958	0.00656	0.02200	0.00463	0.00123	0.03346	0.00322	0.06006	0.00519
12	0.00623	0.00430	0.00531	0.00531	0.00551	0.00451	0.00337	0.00665	0.00644	0.00880	0.01302	0.02512	0.01433	0.62592	0.24279	0.00493	0.00618	0.00581	0.00253	0.00295
13	0.00541	0.00433	0.00453	0.00451	0.00562	0.00378	0.00319	0.00633	0.00923	0.01133	0.09102	0.03800	0.59548	0.18835	0.00866	0.00202	0.00259	0.00840	0.00376	0.00345
14	0.01149	0.82533	0.02218	0.00741	0.01106	0.01685	0.00735	0.01321	0.03350	0.01038	0.00634	0.00719	0.00576	0.00375	0.00281	0.00094	0.00457	0.00238	0.00192	0.00557
15	0.00961	0.01139	0.23939	0.00863	0.01185	0.02836	0.02717	0.06676	0.10335	0.09541	0.26874	0.02021	0.07791	0.00647	0.00457	0.00137	0.00404	0.00546	0.00373	0.00560
16	0.01518	0.08004	0.06260	0.01081	0.01343	0.68125	0.00868	0.03702	0.03182	0.01131	0.00704	0.00806	0.00578	0.00442	0.00384	0.00113	0.00727	0.00285	0.00227	0.00522
17	0.87904	0.00833	0.00633	0.00566	0.00833	0.00966	0.00467	0.01266	0.00733	0.01933	0.00600	0.00700	0.00467	0.00400	0.00267	0.00133	0.00333	0.00233	0.00267	0.00467
18	0.00832	0.00727	0.04247	0.01540	0.00943	0.00704	0.03027	0.06022	0.24244	0.02615	0.32220	0.05335	0.10618	0.02550	0.02302	0.00159	0.00327	0.00655	0.00419	0.00515
19	0.00583	0.00430	0.00547	0.00548	0.00642	0.00394	0.00406	0.00750	0.01104	0.01514	0.53056	0.18121	0.14985	0.01009	0.00519	0.00147	0.00222	0.04187	0.00447	0.00390
20	0.00635	0.00455	0.00510	0.00522	0.00624	0.02043	0.00379	0.00770	0.00991	0.03409	0.20320	0.25830	0.27790	0.01007	0.00487	0.00144	0.00236	0.00872	0.12588	0.00387
21	0.00971	0.14587	0.02511	0.01078	0.03801	0.04195	0.18707	0.02936	0.02957	0.01263	0.02446	0.01124	0.00776	0.00884	0.13917	0.00211	0.09275	0.00379	0.00234	0.17748
22	0.04358	0.34411	0.25998	0.01008	0.03979	0.13018	0.01016	0.05003	0.00992	0.03337	0.00717	0.00822	0.00575	0.00408	0.00363	0.00114	0.01619	0.00283	0.00214	0.01764
23	0.00611	0.00427	0.00574	0.00627	0.00689	0.00399	0.02066	0.00732	0.02932	0.04584	0.05788	0.68913	0.07542	0.01240	0.00537	0.00168	0.00263	0.01120	0.00406	0.00383
24	0.00578	0.00430	0.00538	0.00530	0.00629	0.00390	0.00391	0.00745	0.01117	0.01530	0.55779	0.15183	0.18592	0.00988	0.00514	0.00143	0.00213	0.00868	0.00449	0.00390
25	0.03289	0.03117	0.50852	0.01028	0.01520	0.00889	0.01198	0.02671	0.04055	0.17604	0.05584	0.02469	0.02833	0.00497	0.00419	0.00136	0.00519	0.00398	0.00292	0.00630
26	0.01492	0.01357	0.01092	0.00920	0.01199	0.35955	0.00716	0.09482	0.08849	0.17964	0.03424	0.01110	0.00864	0.00477	0.00400	0.00114	0.00538	0.00351	0.00339	0.13353
27	0.00862	0.08054	0.55137	0.01056	0.01548	0.00942	0.02829	0.01298	0.04118	0.02376	0.13781	0.01417	0.02059	0.00512	0.00423	0.00135	0.00532	0.02082	0.00250	0.00587
28	0.00584	0.00434	0.00544	0.00527	0.00630	0.00394	0.00391	0.00760	0.01144	0.01573	0.61178	0.09740	0.18596	0.00957	0.00512	0.00140	0.00210	0.00838	0.00454	0.00394
29	0.01309	0.02712	0.01115	0.00983	0.04849	0.11621	0.00746	0.22007	0.33340	0.07274	0.02384	0.01433	0.01915	0.00606	0.02032	0.00145	0.00454	0.02409	0.02018	0.00647
30	0.02297	0.03139	0.01479	0.35494	0.33898	0.09938	0.01166	0.05146	0.01003	0.01305	0.00779	0.01052	0.00620	0.00416	0.00418	0.00132	0.00560	0.00366	0.00216	0.00575
31	0.00568	0.00410	0.00541	0.00625	0.00677	0.00388	0.00456	0.00676	0.00884	0.01165	0.05819	0.55123	0.08477	0.03842	0.00606	0.00184	0.00283	0.18517	0.00398	0.00361
32	0.00804	0.00738	0.01044	0.04432	0.01036	0.00975	0.00765	0.00922	0.00698	0.01040	0.03533	0.01414	0.02076	0.07092	0.24901	0.00345	0.47100	0.00439	0.00218	0.00429
33	0.01447	0.20543	0.04943	0.01052	0.01330	0.56001	0.03398	0.03158	0.01131	0.01101	0.00668	0.00783	0.00561	0.00429	0.00384	0.00110	0.01940	0.00280	0.00215	0.00524
34	0.04895	0.01150	0.01250	0.00966	0.01293	0.01275	0.00798	0.69187	0.01867	0.07869	0.01042	0.01046	0.00737	0.00524	0.00466	0.00132	0.03985	0.00384	0.00421	0.00711
35	0.00531	0.00383	0.00504	0.00593	0.00629	0.00356	0.00402	0.00616	0.00853	0.01133	0.05840	0.75533	0.06832	0.01314	0.00547	0.00172	0.00249	0.02757	0.00403	0.00354
36	0.01022	0.00849	0.00900	0.00822	0.00997	0.09013	0.03153	0.16961	0.16008	0.04576	0.01779	0.37388	0.02939	0.00887	0.00483	0.00151	0.00383	0.00771	0.00394	0.00524
37	0.03404	0.02806	0.01180	0.03093	0.07346	0.10014	0.00775	0.31670	0.04688	0.22895	0.01283	0.05307	0.02473	0.00550	0.00427	0.00131	0.00460	0.00436	0.00402	0.00660
38	0.03006	0.19672	0.37681	0.01152	0.01624	0.03323	0.14913	0.03044	0.00957	0.04996	0.00859	0.04468	0.00690	0.00444	0.00412	0.00130	0.01439	0.00375	0.00222	0.00594
39	0.00933	0.00954	0.05193	0.40512	0.38037	0.01004	0.01259	0.01208	0.00908	0.01246	0.00777	0.01092	0.00621	0.00422	0.00469	0.00138	0.04069	0.00380	0.00201	0.00576
40	0.01066	0.01023	0.01748	0.02644	0.82174	0.01023	0.01322	0.01322	0.00981	0.01407	0.00810	0.01066	0.00682	0.00384	0.00426	0.00128	0.00512	0.00384	0.00213	0.00682
41	0.01028	0.33763	0.32444	0.03364	0.07129	0.06643	0.01101	0.01347	0.03500	0.01211	0.00885	0.00994	0.04032	0.00429	0.00364	0.00118	0.00541	0.00319	0.00205	0.00584
42	0.01117	0.05011	0.08968	0.03819	0.60588	0.06139	0.01257	0.03553	0.01017	0.03303	0.00815	0.01027	0.00665	0.00397	0.00416	0.00126	0.00534	0.00366	0.00223	0.00660

[dist]
# distance from previous block
# <min> <max>
0	37

# created by:
# /st0/software/busco_prod/Augustus/scripts/msa2prfl.pl ./align_prep/120527.fa
