[name]
unknown

[dist]
# distance from previous block
# <min> <max>
0	11

[block]
# block no. 0 follows, 49 sequences, length 20
# corresponding to MSA columns:
# 27-46
name=unknown_A
#
# <colnr> <probs for GDERKNQSTAVLIFYWHMCP>
#	G	D	E	R	K	N	Q	S	T	A	V	L	I	F	Y	W	H	M	C	P
0	0.11031	0.00622	0.00824	0.00742	0.00904	0.00615	0.04692	0.01053	0.01294	0.01955	0.57176	0.03192	0.03720	0.01160	0.06880	0.00213	0.00384	0.02562	0.00486	0.00495
1	0.01151	0.01087	0.01823	0.10458	0.62006	0.01103	0.01401	0.01443	0.01160	0.01634	0.07303	0.01619	0.04511	0.00538	0.00513	0.00154	0.00564	0.00514	0.00282	0.00735
2	0.00678	0.00556	0.00673	0.00674	0.03063	0.00493	0.02447	0.00838	0.01191	0.01520	0.23069	0.04289	0.48234	0.07594	0.00753	0.00194	0.00300	0.02521	0.00466	0.00448
3	0.28754	0.01000	0.01065	0.00863	0.01200	0.04411	0.02670	0.09952	0.01321	0.33395	0.03038	0.01392	0.01025	0.00570	0.00435	0.00152	0.00444	0.00428	0.07180	0.00705
4	0.00623	0.00444	0.00589	0.00698	0.00730	0.00415	0.00466	0.00715	0.00981	0.01313	0.05775	0.77035	0.03367	0.03374	0.00687	0.00210	0.00296	0.01401	0.00469	0.00411
5	0.01192	0.01293	0.02614	0.04513	0.18284	0.02526	0.54684	0.01561	0.01161	0.01579	0.01013	0.01388	0.00800	0.02628	0.00651	0.01838	0.00779	0.00559	0.00254	0.00682
6	0.00626	0.00511	0.00549	0.00556	0.00705	0.00440	0.00415	0.00764	0.01160	0.01430	0.13142	0.09324	0.60281	0.03952	0.00670	0.00185	0.00273	0.04116	0.00474	0.00429
7	0.01282	0.01145	0.01815	0.14939	0.47312	0.01203	0.03865	0.09756	0.06202	0.03116	0.01086	0.01336	0.00858	0.00498	0.00501	0.00154	0.00588	0.00465	0.03123	0.00756
8	0.06350	0.00754	0.00948	0.00772	0.01069	0.00692	0.00624	0.01982	0.03352	0.48474	0.10492	0.01941	0.01626	0.00657	0.00476	0.00149	0.00366	0.00535	0.18023	0.00718
9	0.01354	0.01412	0.01320	0.12021	0.03976	0.23755	0.03192	0.02117	0.36317	0.01675	0.01602	0.03830	0.03937	0.00646	0.00505	0.00160	0.00595	0.00524	0.00384	0.00679
10	0.00637	0.00451	0.00593	0.00698	0.00729	0.00426	0.00468	0.00722	0.00953	0.01269	0.02661	0.70587	0.03172	0.09793	0.00844	0.00236	0.00321	0.04585	0.00453	0.00402
11	0.01069	0.13712	0.66363	0.01415	0.04558	0.01290	0.01718	0.01588	0.01065	0.01546	0.00880	0.01038	0.00647	0.00473	0.00459	0.00153	0.00714	0.00362	0.00215	0.00735
12	0.10595	0.01909	0.01292	0.05503	0.01518	0.53583	0.00899	0.06063	0.01349	0.03526	0.00900	0.01106	0.00744	0.04097	0.00555	0.00154	0.02002	0.00364	0.03255	0.00587
13	0.00641	0.00509	0.00576	0.00569	0.00712	0.00444	0.00423	0.00806	0.01240	0.01598	0.31336	0.09426	0.47505	0.01212	0.00600	0.00169	0.00252	0.01036	0.00501	0.00444
14	0.09143	0.16582	0.51162	0.01244	0.01861	0.01323	0.02634	0.03800	0.03036	0.03518	0.00918	0.01044	0.00679	0.00482	0.00441	0.00151	0.00657	0.00360	0.00250	0.00717
15	0.01157	0.03986	0.44957	0.01666	0.18577	0.01153	0.01534	0.06811	0.02347	0.04773	0.01327	0.01450	0.06932	0.00554	0.00494	0.00157	0.00641	0.00457	0.00283	0.00744
16	0.00627	0.00454	0.00583	0.00674	0.00720	0.00420	0.00453	0.00722	0.01000	0.01324	0.07368	0.65849	0.10418	0.05922	0.00743	0.00215	0.00297	0.01334	0.00466	0.00410
17	0.01136	0.01063	0.05664	0.11525	0.26454	0.03623	0.01110	0.07416	0.04235	0.02999	0.01180	0.01536	0.00981	0.02973	0.19431	0.00315	0.00763	0.00477	0.06469	0.00650
18	0.01379	0.00977	0.01121	0.00895	0.01270	0.00933	0.00712	0.04144	0.30344	0.16335	0.01550	0.01495	0.01146	0.00546	0.00456	0.00129	0.00400	0.00446	0.00447	0.35276
19	0.05637	0.09913	0.01502	0.01256	0.09003	0.18074	0.02058	0.26490	0.04126	0.03496	0.01183	0.03465	0.00970	0.00599	0.00465	0.00145	0.00587	0.02873	0.07461	0.00697

[dist]
# distance from previous block
# <min> <max>
1	3

[block]
# block no. 1 follows, 49 sequences, length 27
# corresponding to MSA columns:
# 50-76
name=unknown_B
#
# <colnr> <probs for GDERKNQSTAVLIFYWHMCP>
#	G	D	E	R	K	N	Q	S	T	A	V	L	I	F	Y	W	H	M	C	P
0	0.04288	0.40684	0.17742	0.01139	0.01589	0.14910	0.05077	0.03711	0.01135	0.01396	0.00787	0.00931	0.00657	0.00480	0.00447	0.00133	0.03671	0.00329	0.00237	0.00659
1	0.00746	0.00535	0.00693	0.00684	0.00719	0.00588	0.00465	0.00820	0.00767	0.01065	0.01463	0.02708	0.01568	0.48577	0.32557	0.00604	0.04130	0.00649	0.00289	0.00373
2	0.05693	0.04756	0.01477	0.27995	0.04256	0.07213	0.06728	0.06783	0.08893	0.07847	0.01229	0.05823	0.00989	0.00583	0.00488	0.00155	0.00579	0.00498	0.02312	0.05703
3	0.00823	0.00465	0.00651	0.00651	0.00662	0.00476	0.00430	0.00709	0.00697	0.00941	0.01119	0.02043	0.01170	0.22426	0.11913	0.53212	0.00567	0.00527	0.00248	0.00271
4	0.02618	0.00528	0.00664	0.00661	0.00748	0.00553	0.00475	0.00992	0.00898	0.05405	0.01656	0.11014	0.01629	0.22563	0.28493	0.00464	0.00706	0.00666	0.18826	0.00438
5	0.00652	0.00465	0.00606	0.00692	0.00738	0.00438	0.00475	0.00758	0.01012	0.01354	0.10602	0.58493	0.05451	0.09570	0.00835	0.00230	0.00318	0.06438	0.00462	0.00411
6	0.01250	0.01206	0.02079	0.03076	0.76861	0.01204	0.03744	0.01554	0.01153	0.01651	0.00953	0.01255	0.00800	0.00450	0.00503	0.00151	0.00608	0.00455	0.00250	0.00798
7	0.00690	0.00486	0.00590	0.00629	0.00673	0.00465	0.00415	0.00770	0.00947	0.01260	0.11022	0.27725	0.09137	0.36423	0.01475	0.00322	0.00380	0.05805	0.00408	0.00378
8	0.01265	0.01138	0.01690	0.09143	0.38896	0.03867	0.05454	0.03341	0.16462	0.05244	0.02854	0.01590	0.03323	0.01554	0.00536	0.00161	0.00560	0.00512	0.01669	0.00741
9	0.00943	0.00471	0.00471	0.00471	0.00589	0.00471	0.00353	0.01178	0.01060	0.01885	0.01650	0.01885	0.01296	0.00589	0.00353	0.00118	0.00236	0.00471	0.85036	0.00471
10	0.08742	0.01191	0.01120	0.00967	0.01243	0.11278	0.00762	0.20065	0.22091	0.06477	0.01584	0.05981	0.02581	0.00677	0.00501	0.00156	0.02277	0.00524	0.11092	0.00694
11	0.10050	0.02135	0.01358	0.01215	0.01494	0.63480	0.00924	0.06846	0.03488	0.03312	0.00864	0.00967	0.00693	0.00528	0.00448	0.00136	0.00813	0.00340	0.00297	0.00612
12	0.00943	0.00471	0.00471	0.00471	0.00589	0.00471	0.00353	0.01178	0.01060	0.01885	0.01650	0.01885	0.01296	0.00589	0.00353	0.00118	0.00236	0.00471	0.85036	0.00471
13	0.67193	0.03528	0.00921	0.03655	0.01155	0.06701	0.00644	0.03796	0.05267	0.02147	0.00807	0.00917	0.00627	0.00489	0.00347	0.00154	0.00448	0.00306	0.00320	0.00577
14	0.01021	0.02463	0.71352	0.01410	0.02099	0.03436	0.03309	0.01564	0.01075	0.01574	0.01011	0.05578	0.00794	0.00542	0.00491	0.00162	0.00729	0.00436	0.00230	0.00723
15	0.01145	0.01212	0.15586	0.01253	0.10219	0.00952	0.04614	0.10894	0.08911	0.06583	0.21031	0.03704	0.07910	0.00751	0.00539	0.00161	0.00477	0.01812	0.00425	0.01821
16	0.01791	0.05054	0.01500	0.01131	0.01506	0.05633	0.00927	0.60493	0.09587	0.02835	0.01297	0.03654	0.00980	0.00632	0.00500	0.00152	0.00551	0.00481	0.00480	0.00817
17	0.01358	0.41960	0.14891	0.01136	0.04693	0.10162	0.02742	0.06876	0.01183	0.01475	0.00817	0.00946	0.00681	0.00457	0.00395	0.00122	0.00609	0.00324	0.00251	0.08920
18	0.01271	0.01367	0.06249	0.02719	0.63718	0.08853	0.01461	0.01563	0.01174	0.01596	0.01120	0.01371	0.04287	0.00496	0.00500	0.00150	0.00624	0.00462	0.00259	0.00760
19	0.00872	0.00442	0.00654	0.00654	0.00654	0.00442	0.00433	0.00662	0.00662	0.00883	0.00912	0.01620	0.00923	0.05537	0.02004	0.81304	0.00442	0.00453	0.00224	0.00224
20	0.01353	0.01490	0.01550	0.01406	0.05764	0.25531	0.05002	0.02568	0.01061	0.01327	0.00877	0.01181	0.02349	0.00718	0.01079	0.00181	0.41837	0.00430	0.03715	0.00582
21	0.02405	0.33274	0.01581	0.00831	0.01105	0.01240	0.00725	0.04397	0.04502	0.01418	0.05144	0.01502	0.01160	0.01687	0.28931	0.00367	0.00788	0.00431	0.03213	0.05300
22	0.00743	0.00530	0.00657	0.00644	0.00775	0.00477	0.00478	0.00920	0.01238	0.04249	0.38017	0.16908	0.19840	0.04818	0.00688	0.00185	0.00285	0.04659	0.00501	0.03389
23	0.05338	0.01153	0.01250	0.01023	0.01345	0.01274	0.02168	0.41614	0.19450	0.02609	0.03278	0.03030	0.02610	0.00674	0.00497	0.00157	0.00468	0.02598	0.08708	0.00757
24	0.00884	0.01296	0.27822	0.01090	0.01428	0.00779	0.07561	0.02399	0.01082	0.04186	0.05366	0.39781	0.02151	0.01034	0.00576	0.00182	0.00503	0.00930	0.00374	0.00575
25	0.08567	0.15890	0.07180	0.01171	0.05538	0.04364	0.00985	0.37815	0.03320	0.08806	0.01113	0.01147	0.00817	0.00548	0.00454	0.00145	0.00555	0.00404	0.00406	0.00775
26	0.01068	0.19638	0.45169	0.02729	0.01833	0.01319	0.04123	0.01479	0.01054	0.01484	0.04894	0.01272	0.02523	0.00632	0.02676	0.00171	0.06604	0.00412	0.00241	0.00678

[dist]
# distance from previous block
# <min> <max>
5	10

[block]
# block no. 2 follows, 49 sequences, length 25
# corresponding to MSA columns:
# 88-112
name=unknown_C
#
# <colnr> <probs for GDERKNQSTAVLIFYWHMCP>
#	G	D	E	R	K	N	Q	S	T	A	V	L	I	F	Y	W	H	M	C	P
0	0.01445	0.01320	0.01482	0.14657	0.12721	0.15177	0.01070	0.15323	0.02506	0.06451	0.01033	0.02717	0.00828	0.00579	0.00623	0.00151	0.10354	0.00434	0.00327	0.10800
1	0.23347	0.06922	0.04972	0.02598	0.15515	0.03722	0.00938	0.08021	0.04561	0.19046	0.01203	0.01319	0.00897	0.00635	0.02788	0.00172	0.00530	0.01719	0.00382	0.00713
2	0.20290	0.04662	0.11008	0.01054	0.07754	0.05987	0.00854	0.05889	0.01236	0.01920	0.25353	0.02055	0.05930	0.00710	0.00518	0.00156	0.03092	0.00561	0.00380	0.00592
3	0.01354	0.01214	0.01104	0.00969	0.01178	0.22008	0.02910	0.07363	0.09029	0.08851	0.14605	0.02074	0.01758	0.13440	0.04905	0.00237	0.02609	0.00568	0.03241	0.00583
4	0.01444	0.01669	0.01499	0.01317	0.01429	0.35505	0.01051	0.01563	0.01059	0.01226	0.00715	0.01022	0.00658	0.00728	0.01140	0.00182	0.46595	0.00392	0.00238	0.00567
5	0.00723	0.00501	0.00620	0.00631	0.00660	0.00518	0.00407	0.00778	0.00787	0.01066	0.01710	0.08962	0.03179	0.54767	0.20559	0.00534	0.00674	0.02255	0.00316	0.00354
6	0.00898	0.00626	0.00850	0.00778	0.00927	0.00630	0.03307	0.05045	0.03436	0.06247	0.30633	0.10239	0.05755	0.06064	0.19414	0.00335	0.00575	0.00790	0.02938	0.00513
7	0.01402	0.00887	0.01038	0.00900	0.01162	0.00916	0.00732	0.23775	0.06622	0.16195	0.02215	0.05366	0.10781	0.02703	0.05378	0.00216	0.00491	0.13014	0.05542	0.00665
8	0.01282	0.01188	0.01945	0.04637	0.67965	0.01205	0.01460	0.07943	0.01262	0.01787	0.03772	0.01341	0.00946	0.00486	0.00505	0.00151	0.00586	0.00468	0.00282	0.00789
9	0.00943	0.00471	0.00471	0.00471	0.00589	0.00471	0.00353	0.01178	0.01060	0.01885	0.01650	0.01885	0.01296	0.00589	0.00353	0.00118	0.00236	0.00471	0.85036	0.00471
10	0.01216	0.01157	0.01935	0.07688	0.67842	0.01152	0.01462	0.01512	0.01134	0.01630	0.00944	0.01240	0.00789	0.00447	0.00490	0.00145	0.00586	0.00438	0.00253	0.07940
11	0.00749	0.00559	0.00773	0.00940	0.07416	0.00555	0.00623	0.00882	0.00998	0.01357	0.02411	0.44820	0.03964	0.09972	0.00865	0.00232	0.02705	0.15634	0.04095	0.00450
12	0.00943	0.00471	0.00471	0.00471	0.00589	0.00471	0.00353	0.01178	0.01060	0.01885	0.01650	0.01885	0.01296	0.00589	0.00353	0.00118	0.00236	0.00471	0.85036	0.00471
13	0.22446	0.01209	0.01300	0.01170	0.07909	0.04682	0.02397	0.32741	0.02985	0.10034	0.01171	0.02719	0.00901	0.04081	0.00569	0.00170	0.01928	0.00444	0.00419	0.00724
14	0.01096	0.00926	0.01541	0.66497	0.10802	0.01099	0.01363	0.01417	0.01062	0.07941	0.00997	0.01370	0.00736	0.00510	0.00505	0.00166	0.00646	0.00455	0.00261	0.00611
15	0.01042	0.06486	0.60970	0.01534	0.08583	0.01183	0.04976	0.01555	0.01100	0.01611	0.05578	0.01245	0.00908	0.00506	0.00486	0.00157	0.00698	0.00417	0.00239	0.00728
16	0.11435	0.02157	0.01341	0.01207	0.01479	0.65456	0.00915	0.05904	0.01412	0.01460	0.00882	0.00996	0.02202	0.00535	0.00445	0.00135	0.00821	0.00341	0.00284	0.00593
17	0.01679	0.01296	0.01421	0.01129	0.01482	0.03742	0.03453	0.54264	0.11387	0.02728	0.01325	0.01382	0.00984	0.00877	0.07250	0.00209	0.00614	0.00478	0.03510	0.00790
18	0.00661	0.00506	0.00615	0.00666	0.00778	0.00459	0.00505	0.00813	0.01139	0.01461	0.13780	0.27037	0.32469	0.01358	0.00631	0.00191	0.00305	0.15710	0.00480	0.00436
19	0.01340	0.37276	0.04710	0.01141	0.07909	0.03155	0.00930	0.07048	0.19922	0.04011	0.01285	0.04836	0.01094	0.00595	0.00437	0.00142	0.00512	0.02608	0.00343	0.00706
20	0.00609	0.00513	0.00528	0.00524	0.00690	0.00432	0.00393	0.00748	0.01180	0.01430	0.12247	0.04761	0.71705	0.01257	0.00598	0.00170	0.00254	0.01052	0.00478	0.00432
21	0.00642	0.00481	0.00596	0.00645	0.00735	0.00436	0.00459	0.00782	0.01136	0.01501	0.22535	0.40818	0.22701	0.01364	0.00622	0.00186	0.00275	0.03161	0.00491	0.00433
22	0.03019	0.04095	0.49631	0.01518	0.10002	0.01146	0.05902	0.04056	0.01130	0.03958	0.00950	0.01114	0.00700	0.00469	0.00471	0.00148	0.00667	0.00388	0.00254	0.10383
23	0.22926	0.33773	0.04991	0.01364	0.19346	0.01478	0.00973	0.01476	0.01006	0.01596	0.00859	0.04453	0.00775	0.00510	0.00418	0.00140	0.02634	0.00373	0.00260	0.00649
24	0.01697	0.01296	0.01383	0.01108	0.01468	0.01449	0.00897	0.53543	0.24492	0.02816	0.01471	0.01465	0.01085	0.02764	0.00562	0.00166	0.00509	0.00497	0.00503	0.00828

[dist]
# distance from previous block
# <min> <max>
0	107

[block]
# block no. 3 follows, 49 sequences, length 6
# corresponding to MSA columns:
# 230-235
name=unknown_D
#
# <colnr> <probs for GDERKNQSTAVLIFYWHMCP>
#	G	D	E	R	K	N	Q	S	T	A	V	L	I	F	Y	W	H	M	C	P
0	0.01122	0.03859	0.05553	0.00943	0.01174	0.22252	0.03374	0.01338	0.03087	0.03468	0.16156	0.07185	0.22637	0.00895	0.00595	0.00159	0.04551	0.00721	0.00391	0.00539
1	0.12241	0.04276	0.07327	0.07772	0.23711	0.01208	0.09236	0.10609	0.05678	0.09479	0.02953	0.01323	0.00925	0.00519	0.00484	0.00156	0.00573	0.00455	0.00342	0.00733
2	0.07293	0.01092	0.04942	0.01272	0.13962	0.01042	0.00904	0.21216	0.04119	0.10008	0.10531	0.01612	0.01374	0.00753	0.04467	0.00177	0.00511	0.00489	0.03550	0.10685
3	0.00705	0.00529	0.00723	0.00723	0.00811	0.00577	0.00540	0.00848	0.00852	0.01171	0.01971	0.02647	0.13243	0.16437	0.55133	0.00661	0.01043	0.00654	0.00307	0.00424
4	0.04537	0.01073	0.07865	0.04007	0.07655	0.01043	0.00885	0.01958	0.41062	0.01891	0.09651	0.10655	0.04006	0.00783	0.00527	0.00170	0.00424	0.00670	0.00446	0.00692
5	0.03944	0.05851	0.09708	0.01363	0.12243	0.04594	0.07531	0.03421	0.01278	0.31443	0.04708	0.04847	0.03618	0.00631	0.00533	0.00157	0.02434	0.00534	0.00424	0.00737

[dist]
# distance from previous block
# <min> <max>
0	1

[block]
# block no. 4 follows, 49 sequences, length 31
# corresponding to MSA columns:
# 238-268
name=unknown_E
#
# <colnr> <probs for GDERKNQSTAVLIFYWHMCP>
#	G	D	E	R	K	N	Q	S	T	A	V	L	I	F	Y	W	H	M	C	P
0	0.01399	0.26597	0.24367	0.06966	0.02972	0.10022	0.02859	0.13632	0.01314	0.04118	0.00917	0.01046	0.00706	0.00495	0.00440	0.00140	0.00657	0.00365	0.00281	0.00707
1	0.01356	0.60946	0.04869	0.01042	0.03170	0.04539	0.05247	0.05108	0.02479	0.01368	0.00807	0.00939	0.00702	0.00468	0.00407	0.00122	0.03045	0.00323	0.02406	0.00660
2	0.06242	0.07337	0.05650	0.01288	0.01676	0.05609	0.22125	0.16397	0.02535	0.11375	0.04033	0.05661	0.01134	0.00648	0.01847	0.00167	0.00613	0.00538	0.04433	0.00692
3	0.47854	0.09600	0.18027	0.00938	0.01349	0.11882	0.00922	0.01586	0.00999	0.01879	0.00758	0.00886	0.00592	0.00475	0.00369	0.00149	0.00553	0.00302	0.00275	0.00606
4	0.02999	0.01453	0.11068	0.04591	0.41932	0.08424	0.07803	0.06881	0.01246	0.03585	0.01054	0.04742	0.00883	0.00525	0.00506	0.00155	0.00645	0.00484	0.00284	0.00741
5	0.00741	0.00505	0.00593	0.00621	0.02248	0.00506	0.00350	0.00757	0.00756	0.01014	0.01622	0.06520	0.01862	0.74672	0.04851	0.00481	0.00511	0.00753	0.00311	0.00326
6	0.01221	0.01150	0.02054	0.04985	0.53466	0.01134	0.15082	0.01536	0.01189	0.04363	0.07802	0.01512	0.01154	0.00505	0.00527	0.00155	0.00611	0.00519	0.00290	0.00746
7	0.01376	0.02614	0.01337	0.02386	0.01458	0.03668	0.05005	0.15528	0.45754	0.03442	0.01677	0.01682	0.01274	0.00631	0.00503	0.00158	0.00475	0.02062	0.00462	0.08509
8	0.00609	0.00504	0.00535	0.00553	0.00701	0.00430	0.00409	0.00737	0.01136	0.01379	0.06960	0.15537	0.64299	0.01318	0.00607	0.00177	0.00266	0.02944	0.00472	0.00427
9	0.01010	0.00584	0.00758	0.00676	0.00854	0.00525	0.00520	0.01229	0.01407	0.17211	0.56380	0.03480	0.11413	0.00978	0.00579	0.00160	0.00278	0.00850	0.00562	0.00548
10	0.03318	0.00810	0.02735	0.00937	0.05464	0.00784	0.02413	0.01569	0.20686	0.08844	0.28554	0.02999	0.15504	0.00884	0.00554	0.00165	0.00354	0.02312	0.00497	0.00615
11	0.00729	0.00490	0.00563	0.00569	0.00574	0.00491	0.00327	0.00740	0.00750	0.01004	0.01647	0.07371	0.01896	0.75128	0.05326	0.00487	0.00512	0.00765	0.00314	0.00317
12	0.01323	0.75785	0.09148	0.00914	0.01373	0.01931	0.00950	0.01522	0.01031	0.01224	0.00720	0.00833	0.00648	0.00437	0.00338	0.00113	0.00558	0.00279	0.00216	0.00657
13	0.00943	0.00471	0.00471	0.00471	0.00589	0.00471	0.00353	0.01178	0.01060	0.01885	0.01650	0.01885	0.01296	0.00589	0.00353	0.00118	0.00236	0.00471	0.85036	0.00471
14	0.00944	0.00882	0.01480	0.77495	0.03363	0.01095	0.01364	0.01277	0.01030	0.01324	0.04309	0.01454	0.00853	0.00529	0.00510	0.00168	0.00655	0.00470	0.00239	0.00558
15	0.85801	0.00978	0.00743	0.00665	0.00978	0.01134	0.00548	0.01486	0.00861	0.02269	0.00704	0.00821	0.00548	0.00469	0.00313	0.00156	0.00391	0.00274	0.00313	0.00548
16	0.00748	0.00510	0.00627	0.00650	0.00760	0.00460	0.00468	0.00884	0.01135	0.06257	0.18657	0.32462	0.23992	0.06177	0.00732	0.00202	0.00299	0.04040	0.00487	0.00452
17	0.01075	0.05489	0.72660	0.01405	0.02123	0.01226	0.01784	0.05598	0.01135	0.01670	0.00916	0.01066	0.00652	0.00485	0.00476	0.00158	0.00730	0.00374	0.00229	0.00750
18	0.00984	0.00836	0.00977	0.00732	0.01128	0.00637	0.00576	0.01191	0.01047	0.01600	0.01298	0.08780	0.05113	0.00535	0.00412	0.00092	0.00361	0.00446	0.00324	0.72932
19	0.00982	0.02034	0.00934	0.02280	0.08115	0.02402	0.00655	0.07480	0.11200	0.03069	0.22462	0.03059	0.24121	0.00897	0.00539	0.00158	0.00352	0.00759	0.07926	0.00577
20	0.01370	0.45766	0.20261	0.01009	0.01476	0.05666	0.01060	0.01625	0.01089	0.10159	0.00952	0.01121	0.00783	0.05111	0.00516	0.00149	0.00593	0.00351	0.00270	0.00673
21	0.00735	0.00490	0.00552	0.00552	0.00552	0.00490	0.00306	0.00735	0.00735	0.00980	0.01593	0.03309	0.01838	0.82229	0.02574	0.00490	0.00490	0.00735	0.00306	0.00306
22	0.01687	0.10853	0.05086	0.01167	0.03135	0.03905	0.02344	0.50869	0.05594	0.03780	0.01260	0.05773	0.00996	0.00631	0.00492	0.00151	0.00556	0.00491	0.00442	0.00789
23	0.01325	0.00846	0.01028	0.00766	0.01153	0.00672	0.00605	0.01519	0.01117	0.21340	0.01251	0.01460	0.00992	0.09134	0.00642	0.00140	0.00401	0.00399	0.00383	0.54828
24	0.11853	0.00969	0.01474	0.56052	0.12569	0.01152	0.01282	0.03718	0.03416	0.01545	0.00926	0.01281	0.00706	0.00503	0.00481	0.00164	0.00617	0.00431	0.00257	0.00607
25	0.11335	0.12606	0.26542	0.01131	0.01593	0.08327	0.03313	0.06224	0.10324	0.04528	0.03887	0.02838	0.00983	0.00556	0.00467	0.00151	0.01601	0.00423	0.00319	0.02852
26	0.80992	0.00973	0.00761	0.00670	0.00990	0.01108	0.00551	0.01474	0.00871	0.02234	0.00715	0.00834	0.00559	0.00464	0.00316	0.00152	0.00390	0.00275	0.00312	0.05357
27	0.00865	0.00444	0.00649	0.00649	0.00649	0.00444	0.00427	0.00666	0.00666	0.00888	0.00945	0.01703	0.00968	0.09308	0.02032	0.77331	0.00444	0.00467	0.00228	0.00228
28	0.00891	0.00735	0.00975	0.02932	0.09287	0.00710	0.04976	0.03578	0.08519	0.03741	0.12421	0.03385	0.38214	0.01032	0.02515	0.00180	0.00388	0.00822	0.04145	0.00554
29	0.01674	0.00724	0.00968	0.00788	0.01073	0.00639	0.00633	0.01886	0.01422	0.49165	0.27947	0.02425	0.02444	0.00762	0.00530	0.00155	0.00355	0.00644	0.05057	0.00710
30	0.01144	0.01257	0.11451	0.06922	0.42744	0.01086	0.06641	0.04628	0.01197	0.01708	0.06996	0.01608	0.03531	0.01823	0.00540	0.00159	0.00580	0.00511	0.04760	0.00713

[dist]
# distance from previous block
# <min> <max>
0	3

[block]
# block no. 5 follows, 49 sequences, length 6
# corresponding to MSA columns:
# 272-277
name=unknown_F
#
# <colnr> <probs for GDERKNQSTAVLIFYWHMCP>
#	G	D	E	R	K	N	Q	S	T	A	V	L	I	F	Y	W	H	M	C	P
0	0.15294	0.06204	0.04544	0.01100	0.01461	0.20124	0.00916	0.33955	0.07866	0.02314	0.01056	0.01104	0.00794	0.00556	0.00452	0.00147	0.00608	0.00391	0.00389	0.00724
1	0.70214	0.01091	0.00846	0.00744	0.01060	0.07957	0.00604	0.01630	0.00969	0.09849	0.00839	0.00919	0.00627	0.00489	0.00345	0.00154	0.00440	0.00302	0.00339	0.00582
2	0.01269	0.01235	0.01800	0.06394	0.25744	0.05602	0.13140	0.05232	0.19344	0.01743	0.01195	0.01381	0.00943	0.00551	0.00615	0.00161	0.07841	0.00487	0.00324	0.04999
3	0.01105	0.01302	0.17893	0.01571	0.21656	0.01009	0.03236	0.05459	0.12674	0.03967	0.15107	0.02120	0.09343	0.00688	0.00528	0.00160	0.00505	0.00600	0.00380	0.00697
4	0.00723	0.00497	0.00572	0.00572	0.00594	0.00498	0.00342	0.00750	0.00776	0.01029	0.01854	0.03315	0.07954	0.68712	0.09382	0.00494	0.00549	0.00745	0.00316	0.00329
5	0.05122	0.12551	0.20733	0.03796	0.09346	0.08052	0.03814	0.11071	0.10514	0.01750	0.01100	0.01342	0.00892	0.07058	0.00631	0.00177	0.00618	0.00432	0.00308	0.00694

[dist]
# distance from previous block
# <min> <max>
4	6

[block]
# block no. 6 follows, 49 sequences, length 28
# corresponding to MSA columns:
# 286-313
name=unknown_G
#
# <colnr> <probs for GDERKNQSTAVLIFYWHMCP>
#	G	D	E	R	K	N	Q	S	T	A	V	L	I	F	Y	W	H	M	C	P
0	0.01207	0.27467	0.48097	0.01235	0.01851	0.01470	0.01468	0.08823	0.01180	0.01624	0.00873	0.01002	0.00664	0.00478	0.00434	0.00143	0.00665	0.00349	0.00242	0.00727
1	0.31380	0.15978	0.01558	0.01541	0.26538	0.05564	0.00958	0.01512	0.01031	0.03045	0.00914	0.04515	0.00802	0.00580	0.02068	0.00160	0.00532	0.00394	0.00283	0.00648
2	0.01136	0.29786	0.48003	0.01232	0.01853	0.01437	0.03376	0.01558	0.01056	0.01463	0.00840	0.00987	0.00651	0.00458	0.00426	0.00139	0.00663	0.00341	0.00219	0.04374
3	0.00878	0.00439	0.00659	0.00659	0.00659	0.00439	0.00439	0.00659	0.00659	0.00878	0.00878	0.01537	0.00878	0.01757	0.01976	0.85288	0.00439	0.00439	0.00220	0.00220
4	0.05032	0.00863	0.07652	0.00809	0.01081	0.00713	0.00702	0.01608	0.08587	0.22626	0.29490	0.02681	0.06210	0.00815	0.00530	0.00160	0.00365	0.03392	0.06051	0.00633
5	0.03172	0.51716	0.28272	0.01052	0.01577	0.01667	0.01187	0.01526	0.01031	0.01352	0.00789	0.00929	0.00661	0.00541	0.02549	0.00146	0.00628	0.00312	0.00219	0.00674
6	0.00741	0.00527	0.00782	0.00782	0.00858	0.00603	0.00594	0.00866	0.00791	0.01130	0.01309	0.01995	0.01245	0.07209	0.67369	0.10768	0.01206	0.00539	0.00266	0.00417
7	0.01234	0.46618	0.01756	0.00747	0.01050	0.06546	0.00681	0.01422	0.01066	0.01453	0.01062	0.01219	0.00891	0.00497	0.00344	0.00113	0.00451	0.00349	0.31923	0.00578
8	0.01238	0.34021	0.25200	0.01213	0.01722	0.01457	0.12069	0.01628	0.04640	0.05836	0.05656	0.01245	0.00987	0.00505	0.00445	0.00141	0.00616	0.00414	0.00278	0.00691
9	0.01193	0.01208	0.05891	0.10206	0.59948	0.01155	0.01456	0.04230	0.01178	0.01652	0.01226	0.01486	0.05891	0.00517	0.00507	0.00154	0.00591	0.00487	0.00270	0.00753
10	0.01158	0.06569	0.03508	0.00992	0.01257	0.20310	0.07198	0.05231	0.08151	0.01533	0.05840	0.08664	0.25825	0.00869	0.00533	0.00158	0.00530	0.00720	0.00386	0.00567
11	0.04456	0.03459	0.01718	0.01954	0.31644	0.21300	0.08564	0.01625	0.01201	0.04058	0.01092	0.03585	0.00948	0.00567	0.00530	0.00152	0.03336	0.03742	0.05397	0.00670
12	0.01183	0.01720	0.23638	0.06401	0.08913	0.13651	0.18857	0.01623	0.06070	0.01562	0.04115	0.02775	0.06055	0.00575	0.00523	0.00159	0.00701	0.00523	0.00287	0.00668
13	0.01404	0.01100	0.01219	0.00927	0.01320	0.01071	0.00744	0.32776	0.06623	0.02274	0.01147	0.01308	0.00913	0.05430	0.00571	0.00138	0.00458	0.00408	0.00399	0.39771
14	0.00711	0.00515	0.00654	0.00620	0.00740	0.00473	0.00462	0.00934	0.01382	0.01942	0.68792	0.03816	0.10996	0.03035	0.00639	0.00167	0.00246	0.00913	0.02495	0.00468
15	0.55386	0.01152	0.06092	0.02974	0.01246	0.01193	0.00745	0.15990	0.02965	0.04667	0.00894	0.00996	0.00669	0.00539	0.00418	0.02300	0.00456	0.00338	0.00353	0.00628
16	0.00643	0.00514	0.00575	0.00560	0.00711	0.00446	0.00420	0.00814	0.01260	0.01620	0.33448	0.04448	0.50386	0.01186	0.00597	0.00166	0.00249	0.01009	0.00503	0.00446
17	0.00958	0.05854	0.01030	0.00864	0.01026	0.00881	0.00684	0.10618	0.07690	0.01496	0.01370	0.01882	0.01232	0.07335	0.54010	0.00612	0.01073	0.00527	0.00320	0.00537
18	0.01152	0.18897	0.49710	0.01295	0.01890	0.08169	0.04556	0.01582	0.01093	0.01481	0.00936	0.03716	0.00751	0.00511	0.00454	0.00148	0.00698	0.00394	0.01873	0.00694
19	0.00659	0.00488	0.00551	0.00574	0.00647	0.00450	0.00377	0.00735	0.00967	0.01234	0.06656	0.20941	0.29915	0.31991	0.01356	0.00299	0.00352	0.01015	0.00412	0.00380
20	0.03111	0.01959	0.45229	0.05081	0.10140	0.01151	0.12855	0.01697	0.03367	0.09066	0.01062	0.01224	0.00760	0.00490	0.00501	0.00161	0.00696	0.00434	0.00275	0.00743
21	0.01415	0.01151	0.01425	0.01177	0.01356	0.01415	0.00968	0.31771	0.01433	0.03764	0.01000	0.01302	0.00840	0.03195	0.07624	0.01756	0.36929	0.00465	0.00351	0.00662
22	0.01186	0.04410	0.05348	0.19706	0.28444	0.05145	0.16646	0.02809	0.02663	0.01564	0.01041	0.01432	0.00847	0.00505	0.00513	0.00158	0.00665	0.02895	0.03339	0.00683
23	0.00735	0.00490	0.00552	0.00552	0.00552	0.00490	0.00306	0.00735	0.00735	0.00980	0.01593	0.03309	0.01838	0.82229	0.02574	0.00490	0.00490	0.00735	0.00306	0.00306
24	0.00875	0.01230	0.25119	0.00999	0.03573	0.00743	0.04038	0.01199	0.01226	0.04816	0.26983	0.04241	0.21181	0.00874	0.00555	0.00163	0.00444	0.00751	0.00410	0.00580
25	0.01176	0.01096	0.01758	0.26445	0.44130	0.01177	0.01390	0.03917	0.08066	0.01632	0.01041	0.01330	0.00829	0.00491	0.00499	0.00155	0.00596	0.00456	0.00276	0.03539
26	0.00726	0.00559	0.00682	0.00684	0.00814	0.00540	0.00517	0.01012	0.07786	0.01666	0.31717	0.15729	0.22173	0.01356	0.05815	0.00218	0.00355	0.06680	0.00493	0.00480
27	0.01220	0.01162	0.01978	0.02966	0.74357	0.01167	0.01496	0.01513	0.01131	0.01623	0.00976	0.01296	0.00829	0.00652	0.05311	0.00190	0.00646	0.00456	0.00252	0.00780

[dist]
# distance from previous block
# <min> <max>
0	279

# created by:
# /st0/software/busco_prod/Augustus/scripts/msa2prfl.pl ./align_prep/120658.fa
