[name]
unknown

[dist]
# distance from previous block
# <min> <max>
0	257

[block]
# block no. 0 follows, 53 sequences, length 52
# corresponding to MSA columns:
# 258-309
name=unknown_A
#
# <colnr> <probs for GDERKNQSTAVLIFYWHMCP>
#	G	D	E	R	K	N	Q	S	T	A	V	L	I	F	Y	W	H	M	C	P
0	0.00858	0.00739	0.00775	0.00777	0.02816	0.07835	0.00570	0.03006	0.08825	0.01593	0.29189	0.07687	0.14416	0.08579	0.00727	0.00190	0.00367	0.10131	0.00440	0.00480
1	0.03440	0.00762	0.00953	0.05861	0.01165	0.00728	0.02278	0.12373	0.01197	0.12349	0.04485	0.22150	0.04952	0.06569	0.00626	0.00166	0.00393	0.00696	0.00405	0.18452
2	0.00593	0.00442	0.00599	0.00679	0.00729	0.00408	0.02188	0.00687	0.00936	0.01234	0.02805	0.73678	0.10353	0.01446	0.00605	0.00190	0.00286	0.01308	0.00439	0.00395
3	0.03026	0.01253	0.01300	0.01017	0.01358	0.03958	0.00831	0.65314	0.02035	0.02767	0.01176	0.01241	0.00864	0.02422	0.00503	0.00147	0.00502	0.00431	0.09103	0.00751
4	0.00951	0.05621	0.25581	0.04044	0.01434	0.00869	0.04518	0.05136	0.02528	0.03737	0.01426	0.22614	0.01416	0.06510	0.00621	0.00172	0.00500	0.00650	0.00315	0.11356
5	0.19362	0.01094	0.10775	0.00887	0.01279	0.00916	0.00806	0.07630	0.06508	0.39807	0.01407	0.01319	0.00943	0.00535	0.00433	0.00145	0.00440	0.00410	0.00452	0.04851
6	0.01016	0.02459	0.75176	0.01353	0.02027	0.06716	0.01707	0.01541	0.01033	0.01490	0.00849	0.00999	0.00606	0.00457	0.00452	0.00149	0.00717	0.00350	0.00205	0.00696
7	0.01139	0.01143	0.04830	0.02683	0.69812	0.01089	0.03272	0.01416	0.01059	0.01515	0.00942	0.01315	0.00819	0.06214	0.00612	0.00165	0.00572	0.00445	0.00239	0.00720
8	0.01028	0.00867	0.00964	0.00928	0.04052	0.00957	0.00683	0.03830	0.50386	0.01871	0.13052	0.07946	0.09803	0.00799	0.00513	0.00161	0.00347	0.00682	0.00475	0.00655
9	0.00771	0.00533	0.00629	0.00606	0.00647	0.00558	0.00388	0.06173	0.00817	0.01105	0.01441	0.02767	0.01577	0.63287	0.16302	0.00495	0.00613	0.00644	0.00297	0.00351
10	0.00577	0.00485	0.00501	0.00497	0.00653	0.00409	0.00373	0.00709	0.01118	0.01359	0.12982	0.04488	0.71845	0.01185	0.00565	0.00160	0.00240	0.00993	0.00453	0.00409
11	0.00624	0.00457	0.00583	0.00644	0.00712	0.00435	0.00451	0.00772	0.02921	0.01353	0.13671	0.52601	0.12262	0.01490	0.06231	0.00221	0.00337	0.01144	0.02680	0.00412
12	0.01012	0.00992	0.01381	0.01192	0.01194	0.01373	0.00982	0.01111	0.00730	0.01134	0.00705	0.01212	0.00719	0.06664	0.03592	0.00241	0.74608	0.00440	0.00216	0.00504
13	0.78599	0.00903	0.00704	0.00629	0.00918	0.01035	0.00516	0.03145	0.00866	0.02105	0.00969	0.01052	0.06084	0.00500	0.00319	0.00149	0.00364	0.00315	0.00310	0.00516
14	0.00743	0.00503	0.00630	0.00592	0.00718	0.00457	0.00439	0.00928	0.01251	0.06359	0.54919	0.05679	0.17084	0.06758	0.00691	0.00175	0.00257	0.00868	0.00497	0.00451
15	0.01135	0.29319	0.32641	0.01337	0.01879	0.01389	0.21248	0.01508	0.01035	0.03081	0.00843	0.01013	0.00651	0.00429	0.00434	0.00137	0.00660	0.00378	0.00221	0.00662
16	0.04775	0.22894	0.20242	0.01065	0.04065	0.08721	0.03106	0.01574	0.02669	0.13685	0.06159	0.06806	0.01145	0.00573	0.00433	0.00138	0.00541	0.00453	0.00316	0.00640
17	0.05420	0.47512	0.01966	0.00973	0.01312	0.33296	0.00846	0.01619	0.01116	0.01190	0.00694	0.00805	0.00610	0.00444	0.00355	0.00113	0.00644	0.00276	0.00225	0.00585
18	0.00686	0.00488	0.00589	0.00611	0.00650	0.00491	0.00403	0.01968	0.00832	0.01103	0.02073	0.20994	0.09060	0.44378	0.07686	0.00376	0.01952	0.04962	0.00345	0.00353
19	0.00903	0.00850	0.01434	0.82054	0.03292	0.01062	0.01327	0.01221	0.00956	0.01221	0.00850	0.01274	0.00637	0.00478	0.00478	0.00159	0.00637	0.00425	0.00212	0.00531
20	0.01427	0.04610	0.03134	0.00980	0.01234	0.36346	0.00776	0.12129	0.07438	0.02838	0.07638	0.01592	0.07277	0.00615	0.00449	0.00133	0.00585	0.00458	0.09756	0.00583
21	0.01278	0.83490	0.02505	0.00818	0.01227	0.01891	0.00818	0.01431	0.00971	0.01125	0.00664	0.00767	0.00613	0.00409	0.00307	0.00102	0.00511	0.00256	0.00204	0.00613
22	0.86579	0.00924	0.00702	0.00629	0.00924	0.01072	0.00518	0.01405	0.00813	0.02144	0.00666	0.00776	0.00518	0.00444	0.00296	0.00148	0.00370	0.00259	0.00296	0.00518
23	0.00903	0.00850	0.01434	0.82054	0.03292	0.01062	0.01327	0.01221	0.00956	0.01221	0.00850	0.01274	0.00637	0.00478	0.00478	0.00159	0.00637	0.00425	0.00212	0.00531
24	0.01482	0.03114	0.08277	0.06185	0.04237	0.04155	0.05371	0.43114	0.11398	0.02335	0.01321	0.01364	0.04299	0.00574	0.00480	0.00148	0.00546	0.00462	0.00402	0.00737
25	0.01083	0.01097	0.01589	0.50560	0.09741	0.11043	0.09898	0.03231	0.01060	0.01322	0.00871	0.01226	0.00673	0.00501	0.00516	0.02403	0.00663	0.00426	0.01533	0.00564
26	0.04202	0.00903	0.08961	0.17971	0.02420	0.02101	0.07565	0.02430	0.03775	0.01467	0.01893	0.12350	0.13267	0.00853	0.03182	0.00177	0.00490	0.02545	0.12930	0.00517
27	0.03023	0.51131	0.15389	0.01135	0.01602	0.01601	0.15769	0.01484	0.02498	0.01305	0.00778	0.00926	0.00647	0.00421	0.00383	0.00124	0.00594	0.00336	0.00218	0.00635
28	0.00694	0.00506	0.00737	0.00737	0.00818	0.00582	0.00565	0.00856	0.00775	0.01130	0.01308	0.01953	0.01231	0.08534	0.72354	0.00717	0.01177	0.00521	0.04388	0.00419
29	0.00903	0.00850	0.01434	0.82054	0.03292	0.01062	0.01327	0.01221	0.00956	0.01221	0.00850	0.01274	0.00637	0.00478	0.00478	0.00159	0.00637	0.00425	0.00212	0.00531
30	0.01169	0.00920	0.01050	0.00780	0.01176	0.00795	0.00627	0.13404	0.05530	0.04656	0.01019	0.01110	0.00801	0.00420	0.00385	0.00091	0.00379	0.00333	0.03344	0.62010
31	0.00680	0.00513	0.00646	0.00716	0.00834	0.00482	0.00589	0.00848	0.01071	0.01352	0.03320	0.12370	0.29515	0.02954	0.00658	0.00202	0.00357	0.42035	0.00439	0.00420
32	0.01001	0.03685	0.76998	0.01338	0.02029	0.01109	0.01718	0.01538	0.01020	0.03997	0.00887	0.01025	0.00624	0.00458	0.00453	0.00150	0.00694	0.00356	0.00214	0.00708
33	0.00591	0.00443	0.00541	0.00604	0.00675	0.00401	0.00416	0.00693	0.00992	0.01289	0.10055	0.51071	0.24166	0.04896	0.00672	0.00193	0.00271	0.01191	0.00444	0.00394
34	0.00972	0.02378	0.74514	0.01414	0.02103	0.01118	0.07883	0.01515	0.01019	0.01515	0.00866	0.01031	0.00615	0.00450	0.00463	0.00152	0.00714	0.00370	0.00205	0.00701
35	0.01137	0.00961	0.01023	0.00933	0.01181	0.01100	0.00723	0.03951	0.67958	0.01941	0.02021	0.07544	0.02758	0.00724	0.00496	0.00164	0.00370	0.01896	0.02405	0.00714
36	0.18735	0.28288	0.06416	0.05264	0.17287	0.10647	0.00982	0.03924	0.01053	0.02382	0.00770	0.00924	0.00636	0.00442	0.00377	0.00129	0.00551	0.00319	0.00248	0.00626
37	0.00601	0.00463	0.00549	0.00576	0.00680	0.00411	0.00414	0.00737	0.01102	0.01435	0.24250	0.30538	0.34038	0.01244	0.00580	0.00169	0.00249	0.01087	0.00466	0.00411
38	0.00684	0.00504	0.00652	0.00672	0.00788	0.00472	0.00536	0.00886	0.01216	0.01640	0.41049	0.07294	0.15869	0.01141	0.00596	0.00175	0.00297	0.24606	0.00483	0.00438
39	0.03187	0.06230	0.02945	0.01009	0.03421	0.03235	0.04473	0.25745	0.08616	0.06354	0.03833	0.01301	0.02463	0.00516	0.00436	0.00123	0.00465	0.00414	0.00381	0.24853
40	0.01246	0.01284	0.01705	0.01362	0.01579	0.12668	0.18915	0.10326	0.02344	0.01492	0.00868	0.03323	0.00756	0.00648	0.00945	0.00170	0.34825	0.00459	0.00268	0.04816
41	0.01769	0.00832	0.01050	0.00848	0.01167	0.00795	0.00686	0.03985	0.18041	0.52849	0.08382	0.01816	0.01512	0.00634	0.00484	0.00150	0.00382	0.00523	0.03333	0.00759
42	0.01388	0.01293	0.01205	0.01052	0.01246	0.21308	0.00835	0.22433	0.02790	0.03388	0.01212	0.01893	0.01124	0.10835	0.00926	0.00200	0.15207	0.10738	0.00346	0.00580
43	0.86579	0.00924	0.00702	0.00629	0.00924	0.01072	0.00518	0.01405	0.00813	0.02144	0.00666	0.00776	0.00518	0.00444	0.00296	0.00148	0.00370	0.00259	0.00296	0.00518
44	0.01817	0.01339	0.01434	0.01100	0.01482	0.01482	0.00908	0.78627	0.02247	0.03012	0.01148	0.01148	0.00813	0.00574	0.00478	0.00143	0.00526	0.00430	0.00478	0.00813
45	0.02074	0.00846	0.01120	0.00864	0.01228	0.00759	0.00712	0.07244	0.03119	0.72290	0.03366	0.01637	0.01230	0.00599	0.00482	0.00148	0.00410	0.00486	0.00581	0.00805
46	0.00916	0.00863	0.01458	0.78237	0.07003	0.01065	0.01334	0.01233	0.00962	0.01238	0.00852	0.01270	0.00643	0.00475	0.00478	0.00158	0.00634	0.00425	0.00214	0.00542
47	0.00603	0.00433	0.00564	0.00640	0.00686	0.00403	0.00433	0.00707	0.00984	0.01324	0.15604	0.62145	0.06483	0.05746	0.00697	0.00200	0.00277	0.01226	0.00449	0.00394
48	0.00899	0.00810	0.01327	0.63987	0.08513	0.00971	0.01193	0.01192	0.00973	0.01294	0.01119	0.04087	0.03765	0.00541	0.00474	0.00155	0.00572	0.00479	0.07118	0.00531
49	0.00595	0.00453	0.00550	0.00621	0.00695	0.00415	0.00429	0.00726	0.03106	0.01274	0.04571	0.57020	0.25036	0.01384	0.00593	0.00183	0.00269	0.01228	0.00446	0.00404
50	0.32039	0.04842	0.01032	0.00770	0.01116	0.00891	0.00643	0.01958	0.01152	0.48921	0.01394	0.01284	0.00920	0.00530	0.00407	0.00146	0.00399	0.00391	0.00468	0.00699
51	0.01699	0.06072	0.01391	0.01233	0.03987	0.70632	0.00911	0.01850	0.02454	0.01216	0.00789	0.00916	0.00655	0.00491	0.00424	0.00123	0.00804	0.00318	0.03472	0.00562

[dist]
# distance from previous block
# <min> <max>
0	1

[block]
# block no. 1 follows, 53 sequences, length 19
# corresponding to MSA columns:
# 311-329
name=unknown_B
#
# <colnr> <probs for GDERKNQSTAVLIFYWHMCP>
#	G	D	E	R	K	N	Q	S	T	A	V	L	I	F	Y	W	H	M	C	P
0	0.01254	0.01059	0.01117	0.00986	0.01268	0.01219	0.00772	0.10395	0.71397	0.02104	0.01863	0.01718	0.01392	0.00641	0.00485	0.00160	0.00394	0.00529	0.00485	0.00762
1	0.01262	0.79409	0.06444	0.00845	0.01269	0.01852	0.00866	0.01435	0.00973	0.01144	0.00674	0.00779	0.00613	0.00411	0.00314	0.00105	0.00521	0.00260	0.00204	0.00618
2	0.00611	0.00480	0.00552	0.00547	0.00677	0.00421	0.00405	0.00770	0.01178	0.01532	0.34357	0.11397	0.43081	0.01145	0.00569	0.00160	0.00239	0.00984	0.00476	0.00421
3	0.00577	0.00435	0.00535	0.00615	0.00680	0.00393	0.00421	0.00671	0.00964	0.01240	0.03254	0.60899	0.24753	0.01417	0.00597	0.00185	0.00267	0.01260	0.00444	0.00393
4	0.00941	0.00547	0.00724	0.00646	0.00805	0.00496	0.00496	0.01159	0.01356	0.16078	0.65907	0.03220	0.03911	0.00908	0.00549	0.00150	0.00258	0.00795	0.00538	0.00516
5	0.44457	0.00819	0.00748	0.00651	0.00911	0.00898	0.00526	0.08259	0.02759	0.10554	0.01114	0.01201	0.00831	0.00507	0.00347	0.00138	0.00347	0.00356	0.24017	0.00561
6	0.00640	0.00487	0.00589	0.00563	0.00692	0.00436	0.00422	0.00832	0.01267	0.01714	0.55587	0.03904	0.29018	0.01053	0.00564	0.00154	0.00231	0.00911	0.00499	0.00436
7	0.01241	0.01154	0.01894	0.02765	0.72975	0.01168	0.01415	0.08567	0.01195	0.01695	0.00922	0.01180	0.00762	0.00439	0.00474	0.00142	0.00564	0.00426	0.00259	0.00762
8	0.07380	0.00692	0.00795	0.00721	0.00926	0.00696	0.00558	0.01471	0.18705	0.11730	0.25548	0.10043	0.08587	0.00848	0.00506	0.00154	0.00311	0.02555	0.03237	0.04539
9	0.01110	0.14595	0.59237	0.01254	0.01870	0.05084	0.01519	0.07262	0.01112	0.01550	0.00845	0.00976	0.00623	0.00458	0.00433	0.00142	0.00671	0.00342	0.00225	0.00693
10	0.00768	0.00721	0.04714	0.00691	0.00891	0.00650	0.00563	0.01242	0.21043	0.01586	0.16208	0.07610	0.37635	0.01008	0.00544	0.00162	0.00304	0.02687	0.00456	0.00517
11	0.01132	0.62356	0.01991	0.00733	0.01061	0.01521	0.00693	0.01274	0.00960	0.01171	0.01190	0.01403	0.08066	0.07785	0.00520	0.00140	0.00461	0.00378	0.06612	0.00553
12	0.01141	0.00922	0.01122	0.01169	0.12822	0.00994	0.00791	0.09733	0.36182	0.04479	0.21454	0.02130	0.03580	0.00700	0.00504	0.00154	0.00381	0.00601	0.00461	0.00680
13	0.00999	0.00857	0.00995	0.00718	0.01137	0.00659	0.00574	0.01257	0.04109	0.01575	0.00893	0.01023	0.00738	0.00366	0.00359	0.00074	0.00355	0.00293	0.00291	0.82728
14	0.01148	0.07088	0.01166	0.00989	0.04341	0.07025	0.00740	0.18485	0.08947	0.01653	0.01437	0.17060	0.01410	0.09301	0.09425	0.00255	0.07973	0.00630	0.00358	0.00570
15	0.01126	0.06991	0.05049	0.00764	0.01087	0.00751	0.00646	0.05458	0.01105	0.12392	0.08528	0.05066	0.04491	0.00766	0.03090	0.07705	0.00415	0.00468	0.00355	0.33747
16	0.01231	0.30606	0.24887	0.01090	0.01513	0.20026	0.03140	0.01495	0.01070	0.01269	0.00938	0.08886	0.00863	0.00548	0.00415	0.00132	0.00635	0.00412	0.00238	0.00606
17	0.01116	0.01042	0.01524	0.30120	0.26480	0.05025	0.02853	0.02581	0.11870	0.03200	0.01057	0.01369	0.00849	0.04008	0.00616	0.00168	0.04761	0.00451	0.00275	0.00635
18	0.01055	0.00893	0.01041	0.00756	0.01163	0.00729	0.00608	0.06967	0.01076	0.01652	0.00864	0.01005	0.00713	0.00387	0.00405	0.00081	0.03212	0.00299	0.00295	0.76801

[dist]
# distance from previous block
# <min> <max>
0	1

[block]
# block no. 2 follows, 53 sequences, length 39
# corresponding to MSA columns:
# 331-341,371-398
name=unknown_C
#
# <colnr> <probs for GDERKNQSTAVLIFYWHMCP>
#	G	D	E	R	K	N	Q	S	T	A	V	L	I	F	Y	W	H	M	C	P
0	0.07967	0.05335	0.49448	0.02429	0.01773	0.01041	0.08196	0.01406	0.00987	0.03718	0.01060	0.08278	0.00907	0.04754	0.00560	0.00169	0.00620	0.00470	0.00250	0.00633
1	0.79653	0.01035	0.00756	0.00678	0.00970	0.07623	0.00551	0.01446	0.00858	0.02065	0.00672	0.00783	0.00526	0.00448	0.00307	0.00146	0.00410	0.00263	0.00292	0.00521
2	0.01245	0.01259	0.01863	0.04414	0.69709	0.10179	0.01403	0.01512	0.01116	0.01510	0.00880	0.01149	0.00739	0.00434	0.00469	0.00140	0.00602	0.00413	0.00237	0.00729
3	0.00582	0.00444	0.00535	0.00598	0.00678	0.00397	0.00416	0.00687	0.01002	0.01286	0.07946	0.50874	0.30102	0.01367	0.00592	0.00180	0.00262	0.01207	0.00449	0.00397
4	0.01016	0.12479	0.63854	0.01394	0.05394	0.01213	0.05241	0.01502	0.01013	0.01468	0.00841	0.01000	0.00619	0.00445	0.00442	0.00145	0.00681	0.00354	0.00206	0.00694
5	0.00684	0.00464	0.00532	0.00537	0.00549	0.00463	0.00313	0.00700	0.00726	0.00964	0.01695	0.06888	0.05198	0.72397	0.05621	0.00451	0.00480	0.00732	0.00302	0.00305
6	0.00778	0.00549	0.00660	0.00630	0.00662	0.00602	0.00419	0.03338	0.00783	0.01107	0.01392	0.02616	0.01500	0.56812	0.11504	0.00437	0.07963	0.00619	0.07273	0.00357
7	0.00653	0.00488	0.00606	0.00577	0.00700	0.00441	0.00433	0.00857	0.01298	0.01785	0.64172	0.03787	0.20389	0.01026	0.00564	0.00153	0.00229	0.00895	0.00509	0.00441
8	0.01256	0.75612	0.02405	0.00860	0.01229	0.01850	0.00840	0.01404	0.00948	0.01127	0.00661	0.00793	0.00615	0.00450	0.00427	0.00112	0.08329	0.00271	0.00205	0.00605
9	0.00828	0.00446	0.00469	0.00479	0.00563	0.00443	0.00336	0.00999	0.00940	0.01579	0.01647	0.09372	0.01491	0.15289	0.00731	0.00181	0.00270	0.00573	0.62949	0.00413
10	0.01817	0.01339	0.01434	0.01100	0.01482	0.01482	0.00908	0.78627	0.02247	0.03012	0.01148	0.01148	0.00813	0.00574	0.00478	0.00143	0.00526	0.00430	0.00478	0.00813
11	0.10213	0.00824	0.01070	0.00829	0.01192	0.00738	0.00685	0.02241	0.01315	0.73060	0.01769	0.01546	0.01120	0.00577	0.00463	0.00148	0.00403	0.00459	0.00563	0.00785
12	0.01511	0.01818	0.01182	0.01079	0.01309	0.57865	0.00812	0.01781	0.10180	0.01337	0.07739	0.01545	0.08618	0.00618	0.00461	0.00133	0.00696	0.00447	0.00315	0.00554
13	0.02053	0.00834	0.01106	0.00862	0.01222	0.00749	0.00708	0.02349	0.08820	0.73046	0.01891	0.01642	0.01210	0.00597	0.00481	0.00149	0.00404	0.00486	0.00582	0.00808
14	0.01406	0.01088	0.01155	0.00987	0.01281	0.02866	0.00780	0.22793	0.47239	0.07900	0.01739	0.05908	0.01339	0.00666	0.00489	0.00157	0.00425	0.00545	0.00484	0.00752
15	0.00969	0.00826	0.00968	0.00706	0.01109	0.00624	0.00560	0.01175	0.00987	0.01539	0.00945	0.05359	0.00839	0.00415	0.00368	0.00077	0.00350	0.00341	0.00292	0.81552
16	0.01337	0.14742	0.32099	0.08467	0.01786	0.09048	0.03029	0.03642	0.01139	0.16967	0.01110	0.01187	0.02394	0.00498	0.00441	0.00141	0.00613	0.00385	0.00297	0.00677
17	0.00695	0.00463	0.00521	0.00521	0.00521	0.00463	0.00290	0.00695	0.00695	0.00927	0.01506	0.03128	0.01738	0.83203	0.02433	0.00463	0.00463	0.00695	0.00290	0.00290
18	0.00959	0.02472	0.80726	0.01362	0.02069	0.01110	0.01766	0.01514	0.01009	0.01514	0.00858	0.01009	0.00605	0.00454	0.00454	0.00151	0.00706	0.00353	0.00202	0.00706
19	0.86579	0.00924	0.00702	0.00629	0.00924	0.01072	0.00518	0.01405	0.00813	0.02144	0.00666	0.00776	0.00518	0.00444	0.00296	0.00148	0.00370	0.00259	0.00296	0.00518
20	0.00971	0.00919	0.01557	0.62806	0.22007	0.01080	0.01361	0.01281	0.00988	0.01304	0.00862	0.01252	0.00666	0.00465	0.00477	0.00155	0.00620	0.00425	0.00218	0.00586
21	0.63649	0.00896	0.00880	0.08229	0.08692	0.01024	0.00673	0.01330	0.00837	0.01898	0.00718	0.00916	0.00577	0.00544	0.00458	0.07168	0.00417	0.00303	0.00275	0.00516
22	0.86579	0.00924	0.00702	0.00629	0.00924	0.01072	0.00518	0.01405	0.00813	0.02144	0.00666	0.00776	0.00518	0.00444	0.00296	0.00148	0.00370	0.00259	0.00296	0.00518
23	0.01089	0.22946	0.54056	0.01234	0.01840	0.01331	0.04210	0.05419	0.01067	0.01492	0.00827	0.00965	0.00622	0.00447	0.00422	0.00139	0.00651	0.00340	0.00218	0.00686
24	0.02507	0.29576	0.12700	0.01399	0.01848	0.05226	0.31110	0.04123	0.01086	0.01416	0.00826	0.01031	0.00662	0.00441	0.00491	0.00139	0.04147	0.00404	0.00231	0.00636
25	0.00676	0.00519	0.00719	0.00891	0.08320	0.00502	0.00557	0.00850	0.04655	0.01346	0.08752	0.64792	0.02962	0.01313	0.00587	0.00184	0.00306	0.01191	0.00433	0.00446
26	0.04411	0.00957	0.01185	0.00911	0.01282	0.00922	0.00753	0.22742	0.01588	0.57595	0.01654	0.01475	0.01065	0.00583	0.00475	0.00147	0.00438	0.00461	0.00553	0.00805
27	0.01144	0.09188	0.14975	0.01074	0.03016	0.10533	0.04865	0.01714	0.23158	0.04917	0.05373	0.09258	0.04885	0.00695	0.00485	0.00153	0.00511	0.03062	0.00363	0.00632
28	0.04285	0.08812	0.56362	0.01324	0.01935	0.02415	0.08886	0.05293	0.02406	0.02692	0.00890	0.01034	0.00647	0.00457	0.00448	0.00147	0.00671	0.00370	0.00234	0.00691
29	0.00578	0.00474	0.00520	0.00540	0.00671	0.00417	0.00397	0.00696	0.01032	0.01264	0.04156	0.18405	0.59816	0.01456	0.07168	0.00217	0.00333	0.01031	0.00428	0.00403
30	0.04735	0.01167	0.01272	0.01003	0.01354	0.01267	0.00820	0.51428	0.11942	0.13647	0.02945	0.01440	0.03542	0.00609	0.00477	0.00147	0.00470	0.00472	0.00488	0.00775
31	0.01533	0.08220	0.01342	0.04548	0.03260	0.37316	0.00861	0.05270	0.16929	0.08910	0.01212	0.05337	0.00988	0.00618	0.01465	0.00146	0.00638	0.00436	0.00342	0.00629
32	0.00947	0.00671	0.00767	0.01658	0.00912	0.00682	0.00550	0.07005	0.15525	0.07057	0.14371	0.06943	0.21948	0.04513	0.03476	0.00192	0.00358	0.04455	0.07434	0.00535
33	0.00611	0.00433	0.00571	0.00672	0.00704	0.00410	0.00459	0.00698	0.00911	0.01212	0.02517	0.68083	0.02987	0.09288	0.00789	0.00222	0.00310	0.08309	0.00429	0.00384
34	0.04639	0.01514	0.05588	0.05530	0.01670	0.23840	0.11542	0.18553	0.07104	0.13648	0.01128	0.01190	0.00817	0.00520	0.00470	0.00144	0.00640	0.00419	0.00363	0.00682
35	0.01244	0.02295	0.01336	0.09048	0.24136	0.15227	0.00980	0.09514	0.01235	0.06429	0.02614	0.13083	0.05836	0.01941	0.00526	0.00156	0.00541	0.02910	0.00335	0.00614
36	0.01747	0.00768	0.01003	0.00821	0.01119	0.00698	0.00656	0.06663	0.03880	0.55695	0.02104	0.16135	0.04960	0.00780	0.00507	0.00157	0.00383	0.00658	0.00548	0.00718
37	0.00699	0.00533	0.00789	0.00780	0.00859	0.00630	0.00606	0.00860	0.00764	0.01105	0.01260	0.01887	0.01190	0.06299	0.75111	0.00734	0.04699	0.00515	0.00255	0.00426
38	0.06708	0.01447	0.19846	0.04261	0.06483	0.01202	0.16831	0.19255	0.01297	0.05624	0.01013	0.02121	0.00777	0.00587	0.01948	0.00168	0.08037	0.01407	0.00308	0.00680

[dist]
# distance from previous block
# <min> <max>
0	3

[block]
# block no. 3 follows, 53 sequences, length 115
# corresponding to MSA columns:
# 402-424,504-539,541-589,591-597
name=unknown_D
#
# <colnr> <probs for GDERKNQSTAVLIFYWHMCP>
#	G	D	E	R	K	N	Q	S	T	A	V	L	I	F	Y	W	H	M	C	P
0	0.03667	0.00906	0.01106	0.00874	0.01200	0.00889	0.00713	0.21677	0.04552	0.43143	0.14338	0.01806	0.01623	0.00648	0.00490	0.00148	0.00406	0.00527	0.00541	0.00746
1	0.00702	0.00490	0.00563	0.00564	0.00601	0.00487	0.00352	0.00798	0.04063	0.01117	0.09193	0.07614	0.06638	0.60277	0.01913	0.00382	0.00414	0.03149	0.00342	0.00341
2	0.01359	0.52975	0.02120	0.04785	0.08030	0.19369	0.00914	0.01526	0.01066	0.01185	0.00713	0.00851	0.00629	0.00431	0.00357	0.00112	0.00596	0.00290	0.00219	0.02474
3	0.00641	0.00446	0.00591	0.00680	0.00723	0.00426	0.00463	0.02102	0.00937	0.02748	0.02508	0.74598	0.02961	0.02741	0.04760	0.00226	0.00338	0.01273	0.00435	0.00404
4	0.02845	0.01298	0.12079	0.17445	0.28677	0.04786	0.02260	0.08422	0.10806	0.05147	0.01067	0.01247	0.00812	0.00491	0.00470	0.00149	0.00578	0.00426	0.00297	0.00699
5	0.03175	0.04904	0.04461	0.01489	0.15784	0.01158	0.15278	0.18321	0.11436	0.03691	0.01280	0.02411	0.03828	0.02084	0.00512	0.00148	0.00535	0.00479	0.00345	0.08682
6	0.00587	0.00418	0.00553	0.00659	0.00686	0.00391	0.00437	0.00667	0.00906	0.01208	0.02586	0.79474	0.03100	0.04997	0.00688	0.00206	0.00285	0.01330	0.00437	0.00384
7	0.00949	0.00516	0.00524	0.00499	0.00633	0.00527	0.00381	0.06229	0.02565	0.01854	0.01624	0.01813	0.03239	0.00577	0.00352	0.00116	0.00246	0.00461	0.76421	0.00474
8	0.00566	0.00481	0.00488	0.00493	0.00648	0.00403	0.00367	0.00685	0.01081	0.01288	0.04729	0.08606	0.76094	0.01225	0.00567	0.00163	0.00244	0.01027	0.00444	0.00403
9	0.00668	0.00583	0.04290	0.00770	0.04066	0.00496	0.00552	0.00843	0.03041	0.01383	0.15291	0.44079	0.11705	0.05749	0.00684	0.00194	0.00316	0.04423	0.00430	0.00436
10	0.01084	0.02020	0.07558	0.01180	0.15832	0.00785	0.00838	0.01335	0.01029	0.05454	0.00908	0.01057	0.00731	0.00388	0.00390	0.00095	0.00426	0.00325	0.00282	0.58283
11	0.45182	0.01076	0.01233	0.04810	0.07693	0.05266	0.08910	0.05273	0.00963	0.01832	0.00757	0.00963	0.00610	0.00552	0.01825	0.00166	0.11698	0.00349	0.00276	0.00567
12	0.01090	0.01050	0.01808	0.04710	0.30756	0.01089	0.19589	0.06529	0.01145	0.01597	0.07968	0.05262	0.04451	0.00609	0.00640	0.00159	0.10052	0.00563	0.00293	0.00641
13	0.01174	0.01154	0.02114	0.02358	0.43955	0.01144	0.26594	0.03857	0.01128	0.03291	0.01102	0.01362	0.04036	0.00476	0.00553	0.00152	0.04092	0.00496	0.00261	0.00699
14	0.00978	0.00530	0.00539	0.00507	0.00644	0.00543	0.00388	0.08406	0.01119	0.01898	0.01520	0.01722	0.01186	0.00558	0.00348	0.00114	0.00251	0.00444	0.77823	0.00480
15	0.00830	0.00415	0.00623	0.00623	0.00623	0.00415	0.00415	0.00623	0.00623	0.00830	0.00830	0.01453	0.00830	0.01660	0.01868	0.86094	0.00415	0.00415	0.00208	0.00208
16	0.01128	0.01070	0.01813	0.02726	0.72954	0.01067	0.01373	0.01394	0.01072	0.01530	0.01058	0.08649	0.00977	0.00524	0.00486	0.00147	0.00541	0.00511	0.00256	0.00723
17	0.00600	0.00446	0.00563	0.00641	0.00709	0.00409	0.00454	0.00712	0.00997	0.01302	0.08657	0.55053	0.18905	0.01387	0.00601	0.00186	0.00279	0.07249	0.00449	0.00400
18	0.00833	0.08239	0.00939	0.00776	0.00892	0.07709	0.00599	0.00972	0.00831	0.01093	0.01238	0.03621	0.01210	0.14153	0.54054	0.00596	0.01037	0.00515	0.00259	0.00435
19	0.00651	0.00488	0.00604	0.00575	0.00698	0.00440	0.00431	0.00853	0.01293	0.01774	0.62883	0.03804	0.21685	0.01030	0.00564	0.00153	0.00229	0.00897	0.00507	0.00440
20	0.01278	0.83490	0.02505	0.00818	0.01227	0.01891	0.00818	0.01431	0.00971	0.01125	0.00664	0.00767	0.00613	0.00409	0.00307	0.00102	0.00511	0.00256	0.00204	0.00613
21	0.00593	0.00485	0.00523	0.00513	0.00663	0.00415	0.00385	0.00740	0.01155	0.01447	0.23549	0.04343	0.61223	0.01152	0.00565	0.00159	0.00238	0.00973	0.00464	0.00415
22	0.00725	0.00587	0.03951	0.00724	0.00816	0.00521	0.00536	0.07845	0.01045	0.01422	0.02376	0.68336	0.02753	0.01327	0.00579	0.00184	0.00315	0.01191	0.04326	0.00443
23	0.00590	0.00477	0.00525	0.00529	0.00665	0.00412	0.00391	0.00729	0.01126	0.01415	0.20464	0.13141	0.55477	0.01193	0.00570	0.00163	0.00243	0.01017	0.00461	0.00412
24	0.00588	0.00418	0.00553	0.00659	0.00685	0.00392	0.00436	0.00667	0.00904	0.01206	0.02580	0.79019	0.03092	0.05464	0.00699	0.00207	0.00286	0.01327	0.00436	0.00383
25	0.01182	0.01930	0.44885	0.01471	0.02055	0.01192	0.21192	0.15289	0.01268	0.03566	0.00960	0.01119	0.00686	0.00465	0.00487	0.00152	0.00693	0.00424	0.00270	0.00712
26	0.00910	0.00490	0.00508	0.00497	0.00612	0.00497	0.00370	0.04834	0.01042	0.01768	0.01581	0.05502	0.01314	0.04082	0.01986	0.00144	0.00270	0.00498	0.72644	0.00454
27	0.64748	0.14995	0.04349	0.00707	0.01042	0.01214	0.00633	0.03193	0.00893	0.03720	0.00712	0.00812	0.00559	0.00444	0.00312	0.00140	0.00412	0.00271	0.00287	0.00555
28	0.86579	0.00924	0.00702	0.00629	0.00924	0.01072	0.00518	0.01405	0.00813	0.02144	0.00666	0.00776	0.00518	0.00444	0.00296	0.00148	0.00370	0.00259	0.00296	0.00518
29	0.01785	0.02278	0.01354	0.01231	0.01478	0.81284	0.00924	0.01909	0.01354	0.01170	0.00739	0.00862	0.00616	0.00493	0.00431	0.00123	0.00862	0.00308	0.00246	0.00554
30	0.00591	0.00429	0.00557	0.00655	0.00698	0.00398	0.00447	0.00682	0.00934	0.01229	0.02804	0.70787	0.10028	0.03247	0.00648	0.00198	0.00285	0.04553	0.00440	0.00390
31	0.00725	0.00506	0.00643	0.00634	0.00672	0.00555	0.00434	0.00807	0.00753	0.01081	0.01415	0.04018	0.01486	0.44248	0.27514	0.00511	0.04889	0.00612	0.08136	0.00362
32	0.01278	0.83490	0.02505	0.00818	0.01227	0.01891	0.00818	0.01431	0.00971	0.01125	0.00664	0.00767	0.00613	0.00409	0.00307	0.00102	0.00511	0.00256	0.00204	0.00613
33	0.02031	0.00839	0.01106	0.00865	0.01223	0.00760	0.00709	0.02354	0.10633	0.71220	0.01893	0.01645	0.01216	0.00598	0.00481	0.00150	0.00403	0.00488	0.00579	0.00807
34	0.00650	0.00488	0.00603	0.00574	0.00698	0.00440	0.00430	0.00851	0.01291	0.01770	0.62370	0.03811	0.22200	0.01032	0.00564	0.00153	0.00229	0.00898	0.00507	0.00440
35	0.22225	0.01212	0.01242	0.00974	0.01335	0.01344	0.00804	0.56135	0.01857	0.06781	0.01069	0.01083	0.00761	0.00543	0.00434	0.00145	0.00482	0.00392	0.00440	0.00742
36	0.00911	0.00511	0.00655	0.00658	0.00758	0.00471	0.00459	0.01004	0.00982	0.16347	0.05024	0.40534	0.07507	0.19546	0.00989	0.00242	0.00342	0.02170	0.00440	0.00451
37	0.06853	0.00825	0.01086	0.00841	0.01204	0.00736	0.00694	0.02283	0.03427	0.74050	0.01819	0.01583	0.01153	0.00585	0.00470	0.00148	0.00404	0.00470	0.00572	0.00795
38	0.00912	0.00571	0.00728	0.00655	0.00816	0.00533	0.00502	0.02444	0.04909	0.12560	0.60890	0.03236	0.07525	0.00915	0.00548	0.00151	0.00263	0.00797	0.00528	0.00518
39	0.01183	0.01136	0.01940	0.02934	0.80221	0.01136	0.01467	0.01467	0.01088	0.01562	0.00899	0.01183	0.00757	0.00426	0.00473	0.00142	0.00568	0.00426	0.00237	0.00757
40	0.03966	0.00812	0.01079	0.00834	0.01191	0.00717	0.00687	0.03966	0.01360	0.73756	0.01828	0.01604	0.01162	0.00586	0.00470	0.00146	0.00401	0.00473	0.04169	0.00791
41	0.02144	0.00813	0.01109	0.00850	0.01220	0.00702	0.00702	0.02329	0.01368	0.80552	0.01886	0.01627	0.01183	0.00592	0.00481	0.00148	0.00407	0.00481	0.00592	0.00813
42	0.00582	0.00418	0.00552	0.00660	0.00692	0.00389	0.00441	0.00666	0.00920	0.01222	0.02703	0.80470	0.05537	0.01489	0.00609	0.00193	0.00276	0.01348	0.00444	0.00389
43	0.00987	0.00606	0.00778	0.00719	0.00820	0.01782	0.00526	0.04550	0.00890	0.11680	0.01337	0.02067	0.01256	0.25465	0.27191	0.11665	0.03743	0.00536	0.02970	0.00434
44	0.01702	0.04897	0.01365	0.01147	0.01427	0.53407	0.00887	0.15917	0.08626	0.03114	0.01022	0.01081	0.02268	0.00534	0.00444	0.00131	0.00723	0.00366	0.00319	0.00624
45	0.01255	0.01008	0.01079	0.00958	0.01231	0.01147	0.00748	0.06159	0.68349	0.06442	0.01913	0.03559	0.01447	0.00659	0.00486	0.00160	0.00383	0.00549	0.01719	0.00750
46	0.01122	0.01415	0.21464	0.23064	0.14024	0.04740	0.08064	0.05215	0.01105	0.05319	0.01022	0.01427	0.00817	0.00534	0.00533	0.00158	0.04024	0.05049	0.00263	0.00642
47	0.00586	0.00473	0.00521	0.00533	0.00665	0.00409	0.00391	0.00717	0.01103	0.01380	0.16551	0.17511	0.55048	0.01221	0.00572	0.00165	0.00245	0.01044	0.00457	0.00409
48	0.00991	0.00850	0.00991	0.00708	0.01133	0.00637	0.00566	0.01203	0.00991	0.01557	0.00850	0.00991	0.00708	0.00354	0.00354	0.00071	0.00354	0.00283	0.00283	0.86124
49	0.02919	0.01030	0.01514	0.24316	0.31623	0.07147	0.04583	0.02492	0.01038	0.01396	0.01075	0.08744	0.00991	0.05696	0.00623	0.00172	0.02040	0.00521	0.01481	0.00598
50	0.00660	0.00493	0.00616	0.00601	0.00725	0.00450	0.00461	0.00861	0.01270	0.01730	0.55700	0.03974	0.21416	0.01062	0.00573	0.00159	0.00249	0.08060	0.00499	0.00439
51	0.01130	0.01080	0.04719	0.02990	0.21571	0.06098	0.02384	0.07470	0.20413	0.03284	0.12356	0.02049	0.11056	0.00671	0.00499	0.00151	0.00460	0.00577	0.00386	0.00656
52	0.08905	0.02859	0.02680	0.00927	0.02536	0.03041	0.00754	0.14886	0.12453	0.38480	0.05174	0.01571	0.02377	0.00599	0.00465	0.00148	0.00431	0.00474	0.00497	0.00744
53	0.01611	0.00962	0.06974	0.00887	0.01221	0.00838	0.00765	0.09566	0.13366	0.40718	0.15926	0.01911	0.01750	0.00658	0.00494	0.00150	0.00403	0.00545	0.00523	0.00731
54	0.05131	0.09516	0.06044	0.00891	0.01122	0.07439	0.02079	0.02940	0.15231	0.06089	0.04511	0.20086	0.02907	0.02742	0.03071	0.00188	0.02005	0.07060	0.00383	0.00563
55	0.00746	0.00962	0.18835	0.00915	0.03130	0.00646	0.00837	0.01005	0.02531	0.01413	0.09771	0.30957	0.08261	0.02303	0.00618	0.00184	0.02235	0.13771	0.00384	0.00495
56	0.01278	0.83490	0.02505	0.00818	0.01227	0.01891	0.00818	0.01431	0.00971	0.01125	0.00664	0.00767	0.00613	0.00409	0.00307	0.00102	0.00511	0.00256	0.00204	0.00613
57	0.59507	0.01069	0.08179	0.00927	0.07966	0.01029	0.00740	0.01550	0.00933	0.13014	0.00874	0.00952	0.00640	0.00464	0.00352	0.00148	0.00423	0.00313	0.00323	0.00597
58	0.64320	0.06411	0.00989	0.00807	0.02776	0.10884	0.03026	0.01462	0.00917	0.01923	0.02476	0.00874	0.00637	0.00458	0.00331	0.00142	0.00453	0.00291	0.00286	0.00536
59	0.01288	0.03712	0.40284	0.01318	0.05458	0.26086	0.01329	0.06733	0.01216	0.02582	0.02390	0.01150	0.03360	0.00508	0.00453	0.00141	0.00704	0.00378	0.00255	0.00653
60	0.01114	0.00812	0.03175	0.01037	0.08124	0.00709	0.07679	0.01408	0.05212	0.16654	0.24812	0.02404	0.08381	0.00714	0.00507	0.00143	0.00390	0.03362	0.00432	0.12930
61	0.01159	0.50553	0.30658	0.01024	0.01529	0.03104	0.01161	0.01459	0.00996	0.01274	0.00784	0.00976	0.00666	0.00450	0.00371	0.00123	0.00586	0.02275	0.00210	0.00641
62	0.00604	0.00448	0.00552	0.00618	0.00685	0.00411	0.00430	0.00705	0.00973	0.01265	0.07685	0.48531	0.21144	0.08494	0.00758	0.00209	0.00291	0.05371	0.00435	0.00390
63	0.00999	0.04049	0.12000	0.01547	0.10159	0.02743	0.32576	0.01363	0.04387	0.01496	0.06589	0.05276	0.11483	0.02478	0.00569	0.00163	0.00600	0.00619	0.00299	0.00604
64	0.00603	0.00459	0.00555	0.00586	0.00683	0.00411	0.00419	0.00739	0.01098	0.01442	0.25306	0.34068	0.29395	0.01253	0.00582	0.00171	0.00251	0.01101	0.00467	0.00411
65	0.01776	0.01318	0.01411	0.01091	0.01467	0.01463	0.00899	0.73672	0.07269	0.02946	0.01199	0.01189	0.00855	0.00579	0.00479	0.00145	0.00516	0.00437	0.00479	0.00809
66	0.02745	0.70133	0.10435	0.00923	0.01364	0.01767	0.04373	0.01444	0.00979	0.01200	0.00698	0.00815	0.00616	0.00414	0.00333	0.00111	0.00542	0.00279	0.00207	0.00623
67	0.01311	0.67836	0.06673	0.02658	0.01347	0.11002	0.00894	0.01486	0.01017	0.01153	0.00688	0.00802	0.00614	0.00423	0.00333	0.00109	0.00565	0.00271	0.00209	0.00610
68	0.00928	0.00738	0.00876	0.00689	0.01016	0.00579	0.00535	0.01110	0.00998	0.04741	0.01544	0.14176	0.08296	0.00704	0.02511	0.00119	0.00358	0.00531	0.00335	0.59216
69	0.00923	0.00753	0.00853	0.00792	0.00894	0.06108	0.00588	0.10675	0.00979	0.01307	0.01351	0.03934	0.02795	0.26598	0.33340	0.00493	0.06307	0.00566	0.00298	0.00448
70	0.01274	0.73343	0.07470	0.00895	0.01318	0.04927	0.02577	0.01457	0.00992	0.01160	0.00686	0.00797	0.00615	0.00415	0.00327	0.00107	0.00544	0.00271	0.00207	0.00618
71	0.01057	0.00654	0.00679	0.00622	0.00795	0.00700	0.00481	0.08506	0.17528	0.03155	0.01608	0.01722	0.01236	0.00578	0.00381	0.00125	0.00286	0.00465	0.58873	0.00550
72	0.00933	0.07650	0.06746	0.01083	0.10771	0.00844	0.04886	0.01256	0.13832	0.01406	0.09265	0.03608	0.13862	0.00948	0.00817	0.20237	0.00429	0.00582	0.00331	0.00515
73	0.01042	0.00926	0.01470	0.34709	0.19981	0.01023	0.05355	0.02650	0.11454	0.03946	0.04744	0.05313	0.01104	0.00604	0.01674	0.00163	0.00555	0.00512	0.00299	0.02477
74	0.00654	0.00499	0.00626	0.00657	0.00767	0.00434	0.00459	0.00763	0.00944	0.01286	0.02508	0.61476	0.09409	0.01269	0.00560	0.00169	0.00288	0.01137	0.00415	0.15680
75	0.02830	0.55149	0.06546	0.00978	0.02402	0.17720	0.01898	0.02887	0.02466	0.01238	0.00731	0.00839	0.00635	0.00435	0.00352	0.00113	0.00591	0.00286	0.00226	0.01678
76	0.00782	0.00566	0.00664	0.00618	0.00780	0.00532	0.00471	0.01096	0.09940	0.06324	0.41808	0.03599	0.29016	0.00995	0.00551	0.00155	0.00259	0.00854	0.00498	0.00490
77	0.11547	0.05327	0.15735	0.01180	0.05932	0.01281	0.03563	0.27115	0.18558	0.03331	0.01180	0.01213	0.00871	0.00531	0.00448	0.00148	0.00517	0.00417	0.00375	0.00728
78	0.06534	0.09464	0.01408	0.02571	0.05884	0.33553	0.00885	0.12808	0.15579	0.03060	0.01045	0.01109	0.00818	0.00525	0.00446	0.00136	0.01723	0.00375	0.01430	0.00645
79	0.02368	0.00600	0.00767	0.00687	0.00873	0.00564	0.00528	0.01310	0.03152	0.24956	0.17007	0.08737	0.14305	0.06502	0.12666	0.00266	0.00464	0.00718	0.02988	0.00541
80	0.00991	0.00850	0.00991	0.00708	0.01133	0.00637	0.00566	0.01203	0.00991	0.01557	0.00850	0.00991	0.00708	0.00354	0.00354	0.00071	0.00354	0.00283	0.00283	0.86124
81	0.00688	0.00474	0.00559	0.00568	0.00674	0.00439	0.00414	0.01895	0.01137	0.01608	0.29390	0.22071	0.19527	0.01061	0.00529	0.00155	0.00245	0.00923	0.17213	0.00430
82	0.00615	0.00446	0.00572	0.00653	0.00707	0.00418	0.00458	0.00717	0.00956	0.01256	0.06029	0.54572	0.12088	0.08527	0.00767	0.00215	0.00306	0.09873	0.00433	0.00390
83	0.00659	0.00485	0.00616	0.00589	0.00705	0.00443	0.00440	0.00866	0.01304	0.01812	0.67639	0.06649	0.13963	0.01026	0.00566	0.00153	0.00230	0.00901	0.00513	0.00443
84	0.01222	0.01043	0.01100	0.00979	0.01256	0.01205	0.00765	0.06616	0.75226	0.02054	0.01903	0.01749	0.01424	0.00644	0.00486	0.00161	0.00386	0.00534	0.00486	0.00760
85	0.00640	0.00465	0.00606	0.00649	0.00722	0.00437	0.00462	0.00815	0.02890	0.01531	0.34296	0.44442	0.05382	0.01253	0.00589	0.00176	0.00263	0.03479	0.00478	0.00424
86	0.01057	0.00612	0.00639	0.00578	0.00735	0.00640	0.00446	0.14799	0.02590	0.01964	0.01463	0.01656	0.01140	0.00607	0.00426	0.03679	0.00287	0.00443	0.65732	0.00506
87	0.01177	0.01129	0.01929	0.04735	0.78469	0.01134	0.01464	0.01461	0.01085	0.01554	0.00898	0.01185	0.00754	0.00427	0.00473	0.00142	0.00569	0.00426	0.00236	0.00752
88	0.00580	0.00485	0.00505	0.00500	0.00655	0.00410	0.00375	0.00716	0.01126	0.01377	0.15128	0.04459	0.69687	0.01179	0.00565	0.00160	0.00240	0.00989	0.00455	0.00410
89	0.86579	0.00924	0.00702	0.00629	0.00924	0.01072	0.00518	0.01405	0.00813	0.02144	0.00666	0.00776	0.00518	0.00444	0.00296	0.00148	0.00370	0.00259	0.00296	0.00518
90	0.01207	0.54121	0.25700	0.01003	0.01490	0.05642	0.01104	0.01496	0.02122	0.01255	0.00744	0.00858	0.00623	0.00430	0.00359	0.00119	0.00585	0.00291	0.00210	0.00640
91	0.01413	0.01450	0.01514	0.01429	0.11501	0.26174	0.08668	0.16419	0.01319	0.01631	0.00929	0.01154	0.00762	0.00808	0.07610	0.00200	0.11905	0.00411	0.04084	0.00619
92	0.00826	0.00476	0.00537	0.00527	0.00627	0.00482	0.00387	0.02343	0.01017	0.01649	0.13297	0.03626	0.01797	0.09831	0.09341	0.00228	0.00369	0.00558	0.51649	0.00433
93	0.00646	0.00481	0.00602	0.00598	0.00709	0.00437	0.00446	0.00831	0.01231	0.01678	0.51279	0.14393	0.19432	0.01108	0.00574	0.00161	0.00245	0.04221	0.00495	0.00433
94	0.00708	0.00498	0.00635	0.00595	0.00721	0.00453	0.00448	0.00920	0.01321	0.04281	0.68333	0.03636	0.13666	0.00994	0.00561	0.00152	0.00233	0.00870	0.00518	0.00456
95	0.01278	0.83490	0.02505	0.00818	0.01227	0.01891	0.00818	0.01431	0.00971	0.01125	0.00664	0.00767	0.00613	0.00409	0.00307	0.00102	0.00511	0.00256	0.00204	0.00613
96	0.01073	0.00825	0.00980	0.00718	0.01119	0.00631	0.00572	0.01277	0.01021	0.08522	0.01028	0.05023	0.00869	0.00430	0.00378	0.00084	0.00355	0.00353	0.00318	0.74423
97	0.01470	0.01231	0.01230	0.01033	0.01344	0.07063	0.00822	0.32791	0.41520	0.02330	0.01595	0.01517	0.02623	0.00618	0.00481	0.00152	0.00469	0.00489	0.00465	0.00758
98	0.01605	0.00969	0.01054	0.00870	0.01163	0.08155	0.00690	0.15506	0.04683	0.33970	0.04713	0.11450	0.05625	0.00725	0.00490	0.00147	0.00432	0.00595	0.01847	0.05313
99	0.01210	0.05432	0.51359	0.01277	0.05130	0.08032	0.01413	0.01649	0.02596	0.11816	0.01030	0.01127	0.00735	0.00481	0.00445	0.00144	0.00637	0.00373	0.04421	0.00694
100	0.00959	0.02472	0.80726	0.01362	0.02069	0.01110	0.01766	0.01514	0.01009	0.01514	0.00858	0.01009	0.00605	0.00454	0.00454	0.00151	0.00706	0.00353	0.00202	0.00706
101	0.00963	0.02445	0.79206	0.01355	0.02053	0.01112	0.01747	0.01533	0.02504	0.01523	0.00878	0.01024	0.00622	0.00458	0.00455	0.00152	0.00700	0.00357	0.00207	0.00707
102	0.01114	0.01208	0.13863	0.02452	0.04805	0.01001	0.20320	0.12053	0.06538	0.05299	0.10528	0.03460	0.08524	0.00673	0.00546	0.00159	0.02096	0.04364	0.00363	0.00635
103	0.00891	0.00445	0.00445	0.00445	0.00557	0.00445	0.00334	0.01114	0.01002	0.01782	0.01559	0.01782	0.01225	0.00557	0.00334	0.00111	0.00223	0.00445	0.85856	0.00445
104	0.04444	0.01272	0.01371	0.01061	0.01434	0.01398	0.00874	0.67063	0.05649	0.08734	0.01224	0.01201	0.00861	0.00574	0.00473	0.00145	0.00505	0.00434	0.00481	0.00801
105	0.02918	0.00879	0.01035	0.00868	0.01131	0.00915	0.02068	0.20185	0.17210	0.14044	0.23743	0.03594	0.04143	0.00751	0.00511	0.00153	0.00379	0.03058	0.00497	0.01918
106	0.16946	0.00751	0.00854	0.00714	0.00962	0.00736	0.00557	0.07441	0.01188	0.31530	0.09155	0.02156	0.08610	0.15388	0.00810	0.00205	0.00387	0.00559	0.00456	0.00595
107	0.01728	0.01312	0.01354	0.01072	0.01422	0.08114	0.02202	0.53559	0.10826	0.08932	0.01273	0.01257	0.00911	0.00573	0.00472	0.00144	0.00523	0.00439	0.03115	0.00770
108	0.00701	0.00489	0.00565	0.00573	0.00693	0.00453	0.00425	0.00902	0.03510	0.02577	0.22768	0.17949	0.26796	0.01065	0.00531	0.00157	0.00254	0.03453	0.15700	0.00438
109	0.00689	0.00493	0.00623	0.00590	0.00714	0.00447	0.00443	0.00893	0.01299	0.03550	0.64126	0.05999	0.16309	0.01021	0.00563	0.00153	0.00234	0.00893	0.00512	0.00450
110	0.00656	0.00487	0.00615	0.00618	0.00731	0.00447	0.00470	0.00845	0.01226	0.01664	0.48113	0.12434	0.18863	0.01118	0.00580	0.00165	0.00259	0.09786	0.00491	0.00434
111	0.21653	0.00994	0.01110	0.00872	0.01229	0.01018	0.00720	0.24573	0.01498	0.39523	0.01385	0.01288	0.00920	0.00552	0.00437	0.00147	0.00433	0.00414	0.00490	0.00745
112	0.00677	0.00495	0.00629	0.00595	0.00709	0.00459	0.00442	0.00902	0.02489	0.01830	0.69841	0.03603	0.10072	0.04396	0.00640	0.00164	0.00239	0.00863	0.00510	0.00445
113	0.01293	0.01008	0.01106	0.00966	0.01230	0.01119	0.00773	0.30211	0.31484	0.02207	0.01850	0.10739	0.03042	0.00804	0.00519	0.00166	0.00427	0.09889	0.00472	0.00693
114	0.15457	0.03051	0.18855	0.03403	0.11683	0.00936	0.04440	0.01357	0.00990	0.02735	0.00952	0.01267	0.00787	0.00521	0.01813	0.00140	0.00512	0.04265	0.02175	0.24662

[dist]
# distance from previous block
# <min> <max>
3	22

[block]
# block no. 4 follows, 53 sequences, length 25
# corresponding to MSA columns:
# 620-632,635-646
name=unknown_E
#
# <colnr> <probs for GDERKNQSTAVLIFYWHMCP>
#	G	D	E	R	K	N	Q	S	T	A	V	L	I	F	Y	W	H	M	C	P
0	0.10433	0.01141	0.01199	0.00992	0.01299	0.04350	0.00805	0.31368	0.22161	0.11692	0.01407	0.01483	0.01055	0.00622	0.00523	0.00155	0.04705	0.03431	0.00450	0.00728
1	0.03414	0.00623	0.00714	0.00676	0.00841	0.00619	0.00519	0.04347	0.13024	0.03744	0.31501	0.09747	0.22371	0.01003	0.00547	0.00162	0.00290	0.04873	0.00481	0.00506
2	0.05074	0.00723	0.02589	0.06252	0.03383	0.00774	0.00681	0.04686	0.02561	0.02661	0.18728	0.21012	0.06486	0.06069	0.00821	0.00190	0.13848	0.00779	0.02196	0.00487
3	0.01123	0.01029	0.01642	0.01944	0.35447	0.01055	0.11771	0.05481	0.15777	0.01680	0.01435	0.04633	0.01285	0.00650	0.00523	0.00163	0.00533	0.12812	0.00336	0.00681
4	0.02995	0.00898	0.00959	0.00968	0.06569	0.07455	0.01776	0.07905	0.20303	0.01696	0.09720	0.13989	0.17617	0.00900	0.00525	0.00161	0.00396	0.04169	0.00428	0.00571
5	0.77812	0.00942	0.00750	0.00659	0.00957	0.01083	0.00542	0.07088	0.00927	0.02184	0.00823	0.00915	0.02856	0.00476	0.00317	0.00148	0.00378	0.00293	0.00314	0.00536
6	0.16819	0.01053	0.10347	0.00860	0.01178	0.02831	0.00768	0.08905	0.04451	0.07861	0.02757	0.01322	0.00938	0.01198	0.18814	0.00276	0.02041	0.00398	0.01919	0.15265
7	0.82437	0.00932	0.00731	0.00646	0.00945	0.01074	0.00532	0.03360	0.00863	0.04042	0.00707	0.00806	0.00541	0.00450	0.00305	0.00148	0.00375	0.00268	0.00307	0.00532
8	0.01836	0.01308	0.01416	0.01085	0.01467	0.01437	0.00896	0.74196	0.02196	0.07516	0.01190	0.01175	0.00834	0.00575	0.00478	0.00144	0.00519	0.00433	0.00485	0.00813
9	0.00629	0.00453	0.00580	0.00641	0.00698	0.00425	0.00449	0.00744	0.01000	0.01339	0.17227	0.45251	0.08992	0.11546	0.00830	0.00219	0.00302	0.07841	0.00440	0.00393
10	0.01138	0.00992	0.01615	0.03732	0.01544	0.01151	0.19374	0.04354	0.00997	0.09327	0.01181	0.09802	0.01100	0.00784	0.00992	0.00187	0.35709	0.05143	0.00304	0.00574
11	0.01046	0.02156	0.03872	0.06978	0.08518	0.00829	0.00782	0.06375	0.03762	0.01628	0.03358	0.03603	0.00922	0.00463	0.00432	0.00104	0.02308	0.00380	0.00300	0.52184
