[name]
unknown

[dist]
# distance from previous block
# <min> <max>
0	51

[block]
# block no. 0 follows, 64 sequences, length 14
# corresponding to MSA columns:
# 51-64
name=unknown_A
#
# <colnr> <probs for GDERKNQSTAVLIFYWHMCP>
#	G	D	E	R	K	N	Q	S	T	A	V	L	I	F	Y	W	H	M	C	P
0	0.00551	0.00426	0.00484	0.00507	0.00607	0.00386	0.00382	0.00656	0.00889	0.01107	0.05918	0.07954	0.45579	0.15781	0.00793	0.00197	0.00280	0.16798	0.00364	0.00341
1	0.03658	0.03253	0.41216	0.03383	0.04637	0.03785	0.02090	0.02317	0.00951	0.09690	0.07967	0.06788	0.04984	0.00551	0.00431	0.00134	0.01837	0.01504	0.00269	0.00555
2	0.01069	0.00973	0.01176	0.10874	0.07067	0.13212	0.10947	0.11348	0.09698	0.05771	0.07314	0.05883	0.08288	0.00574	0.00433	0.00130	0.00464	0.00499	0.03751	0.00531
3	0.00575	0.00434	0.00535	0.00544	0.00634	0.00409	0.00395	0.00780	0.06109	0.01395	0.40046	0.28871	0.15710	0.01005	0.00498	0.00145	0.00221	0.00888	0.00421	0.00385
4	0.05111	0.00520	0.00728	0.06963	0.09679	0.00526	0.00541	0.00837	0.00789	0.06603	0.06318	0.18036	0.07175	0.10230	0.05906	0.18370	0.00393	0.00610	0.00291	0.00376
5	0.00904	0.00978	0.06721	0.44308	0.27885	0.05271	0.03632	0.01174	0.00895	0.01178	0.00831	0.01116	0.02494	0.00413	0.00415	0.00132	0.00545	0.00376	0.00198	0.00535
6	0.00964	0.01086	0.02321	0.07086	0.02168	0.01052	0.72539	0.01298	0.00955	0.01298	0.00821	0.01110	0.00622	0.00371	0.00524	0.00142	0.04410	0.00477	0.00207	0.00549
7	0.01732	0.00678	0.00922	0.00717	0.01015	0.00588	0.00588	0.01897	0.01188	0.74722	0.09966	0.01588	0.01326	0.00549	0.00425	0.00129	0.00337	0.00452	0.00508	0.00674
8	0.00632	0.00435	0.00569	0.04129	0.02462	0.00416	0.00443	0.00731	0.00847	0.04918	0.06348	0.38249	0.14281	0.11634	0.00729	0.02030	0.00292	0.08039	0.02453	0.00363
9	0.00994	0.04176	0.03441	0.06322	0.29932	0.04233	0.12602	0.02434	0.07942	0.04455	0.04045	0.04084	0.04599	0.01741	0.00526	0.00138	0.07058	0.00453	0.00259	0.00566
10	0.01025	0.00880	0.00951	0.00898	0.04271	0.01011	0.00670	0.02131	0.76263	0.01717	0.01644	0.01529	0.01237	0.00553	0.00418	0.00139	0.00331	0.00463	0.03222	0.00649
11	0.00604	0.00403	0.00453	0.00453	0.00453	0.00403	0.00252	0.00604	0.00604	0.00805	0.01309	0.02718	0.01510	0.85402	0.02114	0.00403	0.00403	0.00604	0.00252	0.00252
12	0.08610	0.19118	0.10444	0.05517	0.03584	0.01156	0.00815	0.24043	0.10684	0.07033	0.00986	0.03201	0.00764	0.00468	0.00370	0.00122	0.00435	0.00357	0.01691	0.00602
13	0.12186	0.12370	0.05661	0.17013	0.06580	0.07446	0.07453	0.09156	0.02152	0.01372	0.00749	0.00957	0.00603	0.01570	0.00471	0.03458	0.03477	0.00328	0.01515	0.05484

[dist]
# distance from previous block
# <min> <max>
1	8

[block]
# block no. 1 follows, 64 sequences, length 26
# corresponding to MSA columns:
# 73-98
name=unknown_B
#
# <colnr> <probs for GDERKNQSTAVLIFYWHMCP>
#	G	D	E	R	K	N	Q	S	T	A	V	L	I	F	Y	W	H	M	C	P
0	0.05238	0.03993	0.04030	0.02973	0.02936	0.07026	0.02741	0.11730	0.02167	0.09217	0.08353	0.15785	0.06100	0.05572	0.05443	0.00182	0.02125	0.02246	0.01657	0.00484
1	0.00673	0.00519	0.04370	0.00526	0.00594	0.00467	0.00373	0.04736	0.00759	0.01064	0.01486	0.10618	0.04219	0.51911	0.02580	0.00303	0.00375	0.02566	0.11535	0.00325
2	0.01079	0.05166	0.16027	0.02996	0.08168	0.09651	0.12413	0.05471	0.02903	0.09449	0.02090	0.06056	0.00844	0.01796	0.02537	0.00144	0.05345	0.00414	0.00264	0.07185
3	0.02130	0.04323	0.16231	0.01295	0.16789	0.06181	0.08446	0.11029	0.12319	0.06779	0.02645	0.06321	0.02634	0.00508	0.00419	0.00130	0.00484	0.00441	0.00295	0.00601
4	0.01554	0.01911	0.01183	0.01060	0.01284	0.76812	0.00801	0.08356	0.01242	0.01151	0.00672	0.00770	0.00549	0.00434	0.00378	0.00108	0.00725	0.00276	0.00231	0.00500
5	0.00559	0.00388	0.00478	0.00526	0.00547	0.00375	0.00337	0.00609	0.00734	0.00978	0.04587	0.40489	0.04188	0.38389	0.01229	0.00271	0.00316	0.04367	0.00329	0.00304
6	0.01104	0.13113	0.19492	0.01018	0.04654	0.11301	0.06283	0.09217	0.02353	0.08689	0.01124	0.07612	0.03874	0.00592	0.02383	0.00138	0.01829	0.02334	0.00274	0.02616
7	0.01047	0.02901	0.03148	0.01591	0.37691	0.03739	0.03028	0.06800	0.02941	0.08894	0.05986	0.09665	0.04134	0.00577	0.00472	0.00133	0.03905	0.02473	0.00295	0.00579
8	0.00514	0.00367	0.00491	0.00587	0.00615	0.00344	0.00399	0.00592	0.00803	0.01069	0.02285	0.81365	0.02731	0.01294	0.00532	0.00170	0.00248	0.04871	0.00385	0.00339
9	0.00910	0.00852	0.01373	0.14149	0.44086	0.02598	0.04943	0.02248	0.01988	0.01274	0.05143	0.05759	0.05556	0.00555	0.00511	0.04650	0.02156	0.00465	0.00239	0.00545
10	0.03078	0.01002	0.03179	0.06920	0.05406	0.08229	0.08780	0.23111	0.03541	0.13040	0.01088	0.05590	0.00860	0.00670	0.05333	0.00162	0.04382	0.00427	0.04624	0.00577
11	0.00678	0.00588	0.01912	0.00770	0.02754	0.05538	0.05848	0.00802	0.00876	0.02971	0.04129	0.52713	0.05457	0.01080	0.00532	0.00161	0.02189	0.10256	0.00356	0.00391
12	0.00815	0.00535	0.00671	0.00668	0.00805	0.00529	0.00529	0.01125	0.13615	0.11623	0.14421	0.18732	0.10323	0.00952	0.00501	0.00157	0.00298	0.22826	0.00417	0.00456
13	0.01249	0.44304	0.09674	0.00922	0.02913	0.26563	0.00836	0.07047	0.01029	0.01146	0.00647	0.00743	0.00548	0.00392	0.00325	0.00102	0.00556	0.00258	0.00206	0.00540
14	0.01026	0.01137	0.12458	0.11988	0.30977	0.06372	0.13870	0.01298	0.00948	0.07044	0.00946	0.03094	0.02411	0.00436	0.00443	0.00130	0.02392	0.00407	0.02042	0.00580
15	0.00587	0.00461	0.00540	0.00575	0.00668	0.00448	0.00413	0.00837	0.12619	0.01213	0.07038	0.43877	0.24888	0.01097	0.00503	0.00155	0.00246	0.03048	0.00395	0.00392
16	0.01067	0.04039	0.01108	0.08619	0.08374	0.01067	0.00772	0.09888	0.56610	0.01703	0.01414	0.01376	0.01067	0.00519	0.00415	0.00136	0.00381	0.00433	0.00372	0.00640
17	0.01461	0.00714	0.00923	0.00769	0.02783	0.00678	0.00602	0.13469	0.01178	0.47018	0.02675	0.04736	0.03053	0.04659	0.10200	0.00203	0.00451	0.00461	0.00429	0.03538
18	0.01023	0.09554	0.40572	0.10316	0.03569	0.05629	0.01141	0.06050	0.00971	0.09408	0.00921	0.05357	0.00733	0.02463	0.00435	0.00134	0.00536	0.00372	0.00240	0.00575
19	0.01132	0.79086	0.02103	0.00735	0.01079	0.03209	0.00720	0.04204	0.00887	0.01039	0.00594	0.00685	0.00540	0.00370	0.00298	0.00093	0.02272	0.00232	0.00187	0.00537
20	0.00545	0.00412	0.00504	0.00505	0.00601	0.00370	0.00369	0.00693	0.01040	0.01399	0.45512	0.18949	0.25602	0.00992	0.00498	0.00141	0.00209	0.00868	0.00424	0.00370
21	0.18914	0.04320	0.04173	0.03798	0.13362	0.17378	0.06124	0.08872	0.02630	0.02670	0.00797	0.02763	0.00655	0.00490	0.01471	0.00134	0.07170	0.00342	0.03407	0.00531
22	0.00540	0.00387	0.00483	0.00530	0.00568	0.00367	0.00351	0.00612	0.00793	0.01056	0.09691	0.45860	0.10293	0.22270	0.04038	0.00239	0.00307	0.00940	0.00353	0.00324
23	0.01129	0.45607	0.10865	0.02172	0.06126	0.14341	0.02340	0.04096	0.00944	0.01126	0.00700	0.00815	0.01792	0.00397	0.00353	0.00104	0.02823	0.00275	0.00200	0.03795
24	0.00943	0.10603	0.11389	0.07857	0.18817	0.03902	0.05552	0.03134	0.05149	0.01270	0.00876	0.03918	0.00760	0.04930	0.02160	0.00140	0.01637	0.00373	0.00230	0.16360
25	0.01093	0.06755	0.16218	0.08382	0.08934	0.09212	0.14086	0.13169	0.04305	0.03574	0.00904	0.02258	0.00719	0.00507	0.02056	0.00140	0.03378	0.02170	0.01568	0.00573

[dist]
# distance from previous block
# <min> <max>
4	27

[block]
# block no. 2 follows, 64 sequences, length 37
# corresponding to MSA columns:
# 127-140,143-165
name=unknown_C
#
# <colnr> <probs for GDERKNQSTAVLIFYWHMCP>
#	G	D	E	R	K	N	Q	S	T	A	V	L	I	F	Y	W	H	M	C	P
0	0.02445	0.02797	0.04440	0.12122	0.03472	0.05892	0.02285	0.08464	0.02919	0.04089	0.09307	0.03552	0.05565	0.00512	0.00404	0.00111	0.01489	0.02064	0.00293	0.27779
1	0.13728	0.10948	0.05137	0.05354	0.02876	0.19083	0.18786	0.02723	0.04274	0.01291	0.00760	0.00952	0.00616	0.01566	0.02350	0.00141	0.06353	0.00343	0.02208	0.00510
2	0.01028	0.02253	0.06659	0.14815	0.27664	0.05280	0.02191	0.08654	0.00991	0.04148	0.02101	0.02080	0.00733	0.02616	0.00536	0.01883	0.06461	0.00372	0.01375	0.08163
3	0.01714	0.00806	0.06325	0.00761	0.01104	0.00637	0.00663	0.01913	0.02469	0.70780	0.01519	0.01343	0.00971	0.00493	0.00409	0.00124	0.00367	0.00399	0.00472	0.06732
4	0.00927	0.00736	0.00868	0.00623	0.00989	0.00557	0.00500	0.01110	0.00883	0.06686	0.00797	0.00897	0.00642	0.00321	0.00315	0.00066	0.00311	0.00257	0.00264	0.82250
5	0.00650	0.00426	0.00530	0.00536	0.00635	0.00408	0.00423	0.00840	0.01036	0.01515	0.39730	0.03090	0.06668	0.00830	0.00456	0.00136	0.00237	0.18207	0.23260	0.00387
6	0.06682	0.00771	0.00818	0.00762	0.02958	0.00867	0.00572	0.07080	0.47447	0.01680	0.01494	0.01515	0.02955	0.02729	0.00485	0.03987	0.00318	0.00438	0.15882	0.00561
7	0.00722	0.00581	0.00670	0.00648	0.00740	0.08020	0.00489	0.00863	0.00827	0.03420	0.16854	0.01933	0.01596	0.10263	0.47140	0.00454	0.00783	0.00501	0.03113	0.00383
8	0.00540	0.00432	0.00489	0.00500	0.00625	0.00381	0.00392	0.00677	0.00990	0.01243	0.18145	0.03956	0.54107	0.01032	0.00505	0.00148	0.00238	0.14839	0.00398	0.00364
9	0.05243	0.30467	0.24128	0.00994	0.02754	0.03362	0.04180	0.03037	0.00853	0.01194	0.02620	0.00867	0.00621	0.00460	0.00546	0.00126	0.17509	0.00305	0.00197	0.00538
10	0.00509	0.00419	0.00448	0.00446	0.00574	0.00357	0.00332	0.00629	0.00981	0.01217	0.18195	0.07308	0.65095	0.01026	0.00492	0.00140	0.00209	0.00867	0.00399	0.00357
11	0.00607	0.00437	0.01912	0.00529	0.00566	0.00430	0.00358	0.00672	0.00669	0.00936	0.01392	0.12053	0.01524	0.49034	0.19474	0.00404	0.00527	0.02202	0.05968	0.00305
12	0.00881	0.11954	0.65561	0.01184	0.01748	0.01054	0.09403	0.01308	0.00883	0.01277	0.00735	0.00876	0.00537	0.00386	0.00389	0.00127	0.00602	0.00315	0.00179	0.00599
13	0.01361	0.26660	0.01470	0.00941	0.01189	0.44957	0.00771	0.08089	0.01098	0.01148	0.00661	0.00773	0.00561	0.00434	0.00413	0.00108	0.06496	0.00272	0.02087	0.00512
14	0.01066	0.21482	0.15013	0.01220	0.16199	0.03323	0.04862	0.11712	0.02419	0.01400	0.00759	0.00900	0.00614	0.00437	0.01620	0.00119	0.03736	0.00313	0.00230	0.12576
15	0.00924	0.26983	0.02359	0.09263	0.02988	0.08334	0.01642	0.01134	0.05800	0.02542	0.02532	0.06513	0.12751	0.01777	0.06239	0.00165	0.05786	0.01536	0.00257	0.00474
16	0.00648	0.00428	0.00521	0.00517	0.00596	0.00399	0.00362	0.00745	0.00882	0.06490	0.20451	0.15772	0.18025	0.26300	0.02850	0.00234	0.00305	0.03755	0.00366	0.00353
17	0.01231	0.01014	0.01011	0.00869	0.01126	0.07952	0.00685	0.17990	0.51860	0.07424	0.01517	0.01418	0.02917	0.00547	0.00418	0.00134	0.00389	0.00439	0.00409	0.00649
18	0.00581	0.00446	0.00547	0.00592	0.00706	0.00413	0.00488	0.00732	0.00963	0.01214	0.08485	0.06208	0.37967	0.01089	0.00530	0.00164	0.00291	0.37828	0.00389	0.00368
19	0.26700	0.01068	0.01093	0.00868	0.01172	0.09017	0.05919	0.33654	0.01342	0.13954	0.00925	0.00949	0.00658	0.00452	0.00371	0.00126	0.00447	0.00335	0.00351	0.00601
20	0.00544	0.00424	0.00497	0.00500	0.00614	0.00377	0.00382	0.00689	0.01022	0.01327	0.32321	0.08339	0.41743	0.01002	0.00501	0.00143	0.00224	0.08570	0.00411	0.00368
21	0.00604	0.00403	0.00453	0.00453	0.00453	0.00403	0.00252	0.00604	0.00604	0.00805	0.01309	0.02718	0.01510	0.85402	0.02114	0.00403	0.00403	0.00604	0.00252	0.00252
22	0.00541	0.00421	0.00492	0.00485	0.00598	0.00372	0.00363	0.00689	0.01045	0.01374	0.40403	0.07906	0.39964	0.00973	0.00495	0.00139	0.00209	0.02743	0.00419	0.00370
23	0.00524	0.00378	0.00498	0.00580	0.00621	0.00352	0.00403	0.00616	0.00844	0.01124	0.08748	0.68992	0.06599	0.01243	0.00528	0.00166	0.00246	0.06802	0.00391	0.00346
24	0.00978	0.00918	0.01500	0.29242	0.44224	0.02317	0.03175	0.03082	0.00921	0.03006	0.00774	0.01052	0.00623	0.00415	0.00476	0.00132	0.06008	0.00372	0.00209	0.00577
25	0.07345	0.06749	0.12289	0.03658	0.06581	0.03023	0.04178	0.06305	0.01963	0.02397	0.00729	0.00896	0.00593	0.00431	0.00523	0.00115	0.14898	0.00307	0.00231	0.26788
26	0.60646	0.07778	0.02720	0.00709	0.02976	0.12124	0.00576	0.02884	0.00833	0.04684	0.00643	0.00731	0.00501	0.00396	0.00290	0.00122	0.00403	0.00246	0.00254	0.00484
27	0.03801	0.00726	0.02389	0.00793	0.00981	0.00738	0.07026	0.17986	0.02502	0.07928	0.13845	0.02055	0.02605	0.12546	0.12887	0.00252	0.02525	0.07585	0.00344	0.00485
28	0.01038	0.00930	0.01354	0.10583	0.28707	0.01004	0.07344	0.06020	0.32646	0.02952	0.02370	0.01283	0.00940	0.00465	0.00424	0.00133	0.00443	0.00425	0.00309	0.00628
29	0.00584	0.00425	0.00566	0.00651	0.00723	0.00407	0.00515	0.00718	0.00891	0.01156	0.02468	0.36636	0.11824	0.01198	0.00547	0.00176	0.00306	0.39464	0.00384	0.00361
30	0.00861	0.00738	0.00861	0.00615	0.00984	0.00554	0.00492	0.01046	0.00861	0.01354	0.00738	0.00861	0.00615	0.00308	0.00308	0.00062	0.00308	0.00246	0.00246	0.87941
31	0.00541	0.00394	0.00518	0.00603	0.00656	0.00371	0.00442	0.00644	0.00848	0.01108	0.02478	0.58059	0.11383	0.01239	0.00536	0.00171	0.00270	0.19004	0.00385	0.00349
32	0.00909	0.00909	0.01272	0.01091	0.01091	0.01272	0.00909	0.01000	0.00636	0.01000	0.00545	0.00909	0.00545	0.00727	0.01363	0.00182	0.84642	0.00364	0.00182	0.00454
33	0.01165	0.75294	0.02053	0.00755	0.01093	0.11806	0.00722	0.01295	0.00885	0.00982	0.00585	0.00677	0.00533	0.00364	0.00280	0.00091	0.00482	0.00228	0.00182	0.00527
34	0.00909	0.00909	0.01272	0.01091	0.01091	0.01272	0.00909	0.01000	0.00636	0.01000	0.00545	0.00909	0.00545	0.00727	0.01363	0.00182	0.84642	0.00364	0.00182	0.00454
35	0.00861	0.00738	0.00861	0.00615	0.00984	0.00554	0.00492	0.01046	0.00861	0.01354	0.00738	0.00861	0.00615	0.00308	0.00308	0.00062	0.00308	0.00246	0.00246	0.87941
36	0.19132	0.00890	0.07402	0.03412	0.01238	0.02697	0.18122	0.02484	0.00864	0.03132	0.01112	0.11661	0.01050	0.01877	0.00532	0.00148	0.08629	0.07704	0.07446	0.00470

[dist]
# distance from previous block
# <min> <max>
0	1

[block]
# block no. 3 follows, 64 sequences, length 8
# corresponding to MSA columns:
# 167-174
name=unknown_D
#
# <colnr> <probs for GDERKNQSTAVLIFYWHMCP>
#	G	D	E	R	K	N	Q	S	T	A	V	L	I	F	Y	W	H	M	C	P
0	0.00813	0.00772	0.00986	0.00881	0.00914	0.05252	0.00703	0.00906	0.00680	0.00971	0.00932	0.01435	0.04194	0.12707	0.19802	0.00315	0.46689	0.00431	0.00210	0.00405
1	0.88336	0.00803	0.00611	0.00546	0.00803	0.00932	0.00450	0.01221	0.00707	0.01864	0.00578	0.00675	0.00450	0.00386	0.00257	0.00129	0.00321	0.00225	0.00257	0.00450
2	0.00523	0.00388	0.00478	0.00532	0.00592	0.00355	0.00369	0.00613	0.00859	0.01121	0.10470	0.49473	0.21546	0.07408	0.00635	0.00176	0.00246	0.03492	0.00383	0.00341
3	0.00531	0.00373	0.00472	0.00543	0.00590	0.00346	0.00371	0.00624	0.00840	0.01143	0.07275	0.65100	0.10859	0.01182	0.00504	0.00158	0.00231	0.01060	0.07451	0.00346
4	0.00972	0.00930	0.01585	0.21388	0.64411	0.00972	0.01247	0.01226	0.00919	0.01289	0.00771	0.01046	0.00634	0.00380	0.00412	0.00127	0.00507	0.00370	0.00201	0.00613
5	0.07914	0.00452	0.00543	0.00511	0.00622	0.00436	0.00387	0.00838	0.01107	0.01671	0.67840	0.02749	0.03352	0.00775	0.00451	0.00127	0.00206	0.00672	0.08948	0.00396
6	0.00510	0.00413	0.00453	0.00461	0.00577	0.00356	0.00339	0.00626	0.00965	0.01207	0.17415	0.15300	0.57825	0.01052	0.00496	0.00143	0.00212	0.00898	0.00398	0.00356
7	0.05738	0.00781	0.00920	0.00838	0.04335	0.03990	0.00635	0.19222	0.01090	0.14032	0.02450	0.04082	0.01027	0.05991	0.07970	0.08274	0.08962	0.05242	0.03918	0.00503

[dist]
# distance from previous block
# <min> <max>
0	1

[block]
# block no. 4 follows, 64 sequences, length 13
# corresponding to MSA columns:
# 176-188
name=unknown_E
#
# <colnr> <probs for GDERKNQSTAVLIFYWHMCP>
#	G	D	E	R	K	N	Q	S	T	A	V	L	I	F	Y	W	H	M	C	P
0	0.88336	0.00803	0.00611	0.00546	0.00803	0.00932	0.00450	0.01221	0.00707	0.01864	0.00578	0.00675	0.00450	0.00386	0.00257	0.00129	0.00321	0.00225	0.00257	0.00450
1	0.01058	0.00884	0.03530	0.03381	0.20497	0.00875	0.10226	0.04750	0.22993	0.10728	0.07900	0.01630	0.03477	0.00535	0.00437	0.00135	0.00418	0.03703	0.02245	0.00601
2	0.00600	0.00421	0.00539	0.00527	0.00623	0.00384	0.00388	0.00762	0.01084	0.03869	0.57174	0.17350	0.12839	0.00941	0.00495	0.00138	0.00210	0.00830	0.00438	0.00387
3	0.02766	0.01065	0.09756	0.17171	0.34071	0.03649	0.08243	0.04773	0.02448	0.01328	0.00911	0.02717	0.02235	0.00458	0.00466	0.00134	0.04478	0.02535	0.00224	0.00572
4	0.00517	0.00419	0.00461	0.00465	0.00586	0.00362	0.00348	0.00641	0.00981	0.01230	0.19632	0.10258	0.57935	0.01034	0.00497	0.00142	0.00216	0.03517	0.00400	0.00359
5	0.01062	0.09486	0.01710	0.18125	0.05405	0.14756	0.28203	0.03812	0.06650	0.01261	0.02062	0.01067	0.00693	0.00414	0.00436	0.00128	0.02163	0.00392	0.01644	0.00533
6	0.01459	0.01198	0.01167	0.00947	0.01237	0.12388	0.00771	0.57926	0.08020	0.02221	0.01100	0.01304	0.00863	0.00546	0.00423	0.00129	0.00481	0.06788	0.00386	0.00646
7	0.00674	0.00557	0.00648	0.00639	0.00704	0.07195	0.00466	0.00777	0.00691	0.00924	0.01130	0.01868	0.01131	0.26169	0.53946	0.00547	0.00883	0.00476	0.00230	0.00346
8	0.01290	0.00998	0.01071	0.00884	0.01156	0.01117	0.00708	0.45553	0.31544	0.02166	0.01358	0.07985	0.01079	0.00587	0.00427	0.00134	0.00392	0.00474	0.00416	0.00659
9	0.00708	0.00763	0.11802	0.00844	0.04825	0.00587	0.06537	0.02873	0.00917	0.02383	0.14545	0.27001	0.06251	0.08253	0.00643	0.00167	0.02625	0.03459	0.00326	0.04492
10	0.00873	0.06913	0.06025	0.03324	0.13087	0.08536	0.09069	0.01134	0.06040	0.02687	0.13885	0.06470	0.12488	0.02010	0.05489	0.00166	0.00469	0.00546	0.00296	0.00492
11	0.04710	0.11470	0.04365	0.00823	0.03108	0.03480	0.04681	0.06506	0.12877	0.09106	0.08861	0.07388	0.04514	0.00612	0.02128	0.00131	0.01548	0.00463	0.00327	0.12902
12	0.04591	0.08742	0.09529	0.07616	0.10608	0.14143	0.02861	0.07541	0.02927	0.04134	0.09089	0.08404	0.02557	0.00601	0.02219	0.00136	0.00486	0.00449	0.00279	0.03087

[dist]
# distance from previous block
# <min> <max>
1	63

[block]
# block no. 5 follows, 64 sequences, length 16
# corresponding to MSA columns:
# 252-267
name=unknown_F
#
# <colnr> <probs for GDERKNQSTAVLIFYWHMCP>
#	G	D	E	R	K	N	Q	S	T	A	V	L	I	F	Y	W	H	M	C	P
0	0.08840	0.06504	0.04064	0.10149	0.08983	0.15373	0.07623	0.04116	0.03569	0.04834	0.00898	0.03796	0.01742	0.01934	0.02259	0.00138	0.05139	0.00370	0.01394	0.08273
1	0.04475	0.06374	0.08853	0.14809	0.18665	0.03978	0.02290	0.04284	0.04598	0.07881	0.04218	0.04408	0.03230	0.00640	0.04998	0.00158	0.01874	0.00420	0.03303	0.00543
2	0.02765	0.01058	0.20625	0.09601	0.02762	0.02170	0.00854	0.10136	0.08830	0.01445	0.07328	0.08520	0.09153	0.02687	0.01835	0.00152	0.03154	0.02774	0.02326	0.01824
3	0.00569	0.00434	0.00548	0.00575	0.01821	0.00417	0.00404	0.00715	0.02767	0.01277	0.29615	0.30781	0.17312	0.05896	0.02434	0.00174	0.02618	0.00881	0.00391	0.00369
4	0.00836	0.05954	0.02177	0.00769	0.04762	0.02194	0.02028	0.05619	0.12680	0.04747	0.08176	0.18130	0.09985	0.07507	0.04172	0.00181	0.00371	0.04377	0.01524	0.03810
5	0.01422	0.00682	0.00964	0.00831	0.05489	0.00620	0.03801	0.04084	0.02769	0.49887	0.22812	0.01815	0.01746	0.00588	0.00439	0.00129	0.00336	0.00505	0.00465	0.00615
6	0.00882	0.01044	0.14258	0.02458	0.13764	0.07263	0.03146	0.04711	0.09040	0.01321	0.08231	0.05863	0.10513	0.06608	0.03113	0.00171	0.06306	0.00514	0.00285	0.00509
7	0.05732	0.00815	0.03621	0.10517	0.30809	0.00793	0.03283	0.05481	0.01015	0.05812	0.14555	0.06133	0.04534	0.00567	0.00431	0.00131	0.00410	0.02721	0.00297	0.02343
8	0.01021	0.04468	0.20961	0.01046	0.04480	0.10521	0.00955	0.09033	0.04757	0.02713	0.01006	0.03690	0.04510	0.01973	0.00696	0.00146	0.23786	0.01389	0.02318	0.00531
9	0.02701	0.04310	0.12335	0.07659	0.04245	0.03573	0.10626	0.04860	0.04257	0.09194	0.07231	0.01178	0.00926	0.00426	0.00387	0.00111	0.00445	0.00370	0.01848	0.23317
10	0.03745	0.13692	0.17534	0.00834	0.01207	0.06894	0.03078	0.08560	0.04224	0.02903	0.02482	0.01072	0.04303	0.00422	0.00355	0.00103	0.00439	0.00326	0.01843	0.25985
11	0.00813	0.00736	0.03659	0.09859	0.13264	0.02635	0.06530	0.03892	0.03898	0.03883	0.14972	0.06311	0.17249	0.00713	0.00460	0.00138	0.00380	0.07202	0.02925	0.00479
12	0.00723	0.06445	0.05537	0.05226	0.00910	0.00664	0.00551	0.04949	0.11489	0.01292	0.09354	0.12243	0.26964	0.06804	0.02725	0.00170	0.01466	0.00675	0.01373	0.00439
13	0.00701	0.00433	0.00551	0.00539	0.00639	0.00408	0.00403	0.00861	0.01007	0.07721	0.38013	0.16201	0.06012	0.03392	0.05086	0.00172	0.00279	0.03656	0.13528	0.00399
14	0.05605	0.16307	0.04639	0.04742	0.06245	0.07288	0.00780	0.14584	0.13181	0.03946	0.00912	0.01027	0.00724	0.00531	0.00539	0.04950	0.09355	0.00342	0.03750	0.00552
15	0.01187	0.06617	0.08688	0.01016	0.06198	0.05392	0.08349	0.14147	0.08799	0.14149	0.05469	0.01316	0.03240	0.03109	0.00487	0.00131	0.02960	0.00409	0.00326	0.08011

[dist]
# distance from previous block
# <min> <max>
0	4

[block]
# block no. 6 follows, 64 sequences, length 18
# corresponding to MSA columns:
# 272-289
name=unknown_G
#
# <colnr> <probs for GDERKNQSTAVLIFYWHMCP>
#	G	D	E	R	K	N	Q	S	T	A	V	L	I	F	Y	W	H	M	C	P
0	0.03821	0.04827	0.11874	0.10975	0.03494	0.26095	0.02756	0.15015	0.06215	0.05592	0.02588	0.00998	0.00711	0.00457	0.00419	0.00124	0.02865	0.00340	0.00272	0.00561
1	0.04195	0.27198	0.03684	0.00870	0.01182	0.13696	0.00760	0.30547	0.04498	0.04467	0.00898	0.01047	0.00723	0.00470	0.00365	0.00115	0.00485	0.03906	0.00303	0.00592
2	0.07686	0.16929	0.14304	0.00827	0.03407	0.03750	0.00760	0.08395	0.02928	0.02239	0.00808	0.00955	0.00660	0.00706	0.10272	0.00168	0.00511	0.00299	0.02074	0.22323
3	0.01323	0.00774	0.01053	0.00821	0.01105	0.00748	0.10182	0.11507	0.10747	0.30925	0.02927	0.01356	0.00999	0.00483	0.00396	0.00120	0.00369	0.00414	0.16139	0.07610
4	0.02674	0.00463	0.00530	0.00527	0.02220	0.00452	0.00386	0.02343	0.02275	0.09414	0.09512	0.11760	0.05110	0.00651	0.00369	0.00117	0.00234	0.01671	0.48863	0.00427
5	0.00635	0.00482	0.00602	0.00603	0.00709	0.00489	0.00462	0.00912	0.10900	0.01355	0.27683	0.12829	0.12904	0.02878	0.13185	0.00231	0.00385	0.10297	0.02054	0.00405
6	0.00510	0.00363	0.00481	0.00573	0.00596	0.00340	0.00380	0.00579	0.00787	0.01050	0.02248	0.81651	0.02695	0.04852	0.00597	0.00179	0.00248	0.01156	0.00380	0.00334
7	0.03123	0.03380	0.08018	0.04522	0.01217	0.01044	0.00754	0.15387	0.49365	0.01784	0.01391	0.02744	0.01056	0.00531	0.00407	0.00134	0.00381	0.00431	0.03701	0.00629
8	0.01010	0.00741	0.00894	0.00654	0.01000	0.00594	0.00528	0.01187	0.00899	0.13302	0.00862	0.00944	0.00673	0.00356	0.00370	0.00077	0.04010	0.00276	0.00282	0.71340
9	0.01008	0.02664	0.04727	0.12845	0.03383	0.16552	0.02357	0.07246	0.18949	0.01343	0.03885	0.06424	0.07169	0.06677	0.00569	0.00152	0.02760	0.00483	0.00300	0.00509
10	0.00928	0.10138	0.26596	0.08019	0.09922	0.03239	0.01027	0.07791	0.02225	0.02954	0.03629	0.03477	0.04116	0.00613	0.01597	0.00143	0.00497	0.12283	0.00263	0.00543
11	0.11286	0.00894	0.03226	0.28593	0.28868	0.00963	0.03453	0.07482	0.00943	0.01415	0.00783	0.01032	0.00617	0.00416	0.00426	0.00130	0.03645	0.00356	0.04925	0.00547
12	0.01490	0.01850	0.01149	0.01043	0.01260	0.73880	0.00785	0.01724	0.10815	0.01102	0.00767	0.00844	0.00622	0.00444	0.00380	0.00111	0.00699	0.00292	0.00239	0.00503
13	0.00530	0.00389	0.00503	0.00557	0.00605	0.00377	0.00384	0.00615	0.00786	0.01043	0.04298	0.49916	0.13534	0.09950	0.14216	0.00268	0.00393	0.00950	0.00348	0.00338
14	0.00871	0.00851	0.01187	0.01023	0.01035	0.01167	0.00847	0.00974	0.00700	0.01079	0.10321	0.01170	0.00947	0.00742	0.01259	0.00176	0.74580	0.00410	0.00215	0.00447
15	0.00950	0.01889	0.62729	0.01197	0.01736	0.01026	0.08025	0.12243	0.01025	0.01484	0.00781	0.00915	0.00560	0.00416	0.00436	0.00133	0.03294	0.00333	0.00211	0.00617
16	0.00529	0.00415	0.00424	0.00427	0.00556	0.00356	0.00318	0.00647	0.00941	0.01191	0.06776	0.06855	0.66791	0.00986	0.00469	0.00136	0.00209	0.00825	0.10793	0.00356
17	0.01033	0.04339	0.15429	0.12907	0.05097	0.01023	0.05333	0.15059	0.22514	0.02862	0.01191	0.03186	0.03152	0.00507	0.00441	0.00134	0.02809	0.00421	0.01968	0.00594

[dist]
# distance from previous block
# <min> <max>
4	11

[block]
# block no. 7 follows, 64 sequences, length 14
# corresponding to MSA columns:
# 307-320
name=unknown_H
#
# <colnr> <probs for GDERKNQSTAVLIFYWHMCP>
#	G	D	E	R	K	N	Q	S	T	A	V	L	I	F	Y	W	H	M	C	P
0	0.04347	0.00768	0.02407	0.00666	0.00981	0.00661	0.00539	0.01281	0.17129	0.02904	0.06702	0.01180	0.00989	0.00481	0.02588	0.00104	0.00333	0.00335	0.00299	0.55307
1	0.04074	0.00781	0.00971	0.00755	0.01057	0.00745	0.00621	0.19105	0.01330	0.55594	0.06130	0.01453	0.02734	0.00536	0.00416	0.00127	0.00360	0.00430	0.02112	0.00669
2	0.01617	0.00637	0.00842	0.00666	0.00937	0.00561	0.00543	0.01785	0.01129	0.65076	0.04243	0.01495	0.01130	0.00519	0.00396	0.00123	0.00318	0.00423	0.16924	0.00636
3	0.00604	0.00403	0.00453	0.00453	0.00453	0.00403	0.00252	0.00604	0.00604	0.00805	0.01309	0.02718	0.01510	0.85402	0.02114	0.00403	0.00403	0.00604	0.00252	0.00252
4	0.00598	0.00448	0.00552	0.00550	0.00646	0.00396	0.00378	0.00690	0.00811	0.01123	0.08809	0.43276	0.05649	0.16828	0.00780	0.00188	0.00279	0.00847	0.00340	0.16815
5	0.17528	0.69682	0.01882	0.00680	0.01017	0.01510	0.00662	0.01239	0.00818	0.01144	0.00578	0.00668	0.00517	0.00361	0.00265	0.00096	0.00421	0.00223	0.00193	0.00517
6	0.00532	0.00426	0.00497	0.00490	0.00608	0.00392	0.00371	0.00665	0.00945	0.01213	0.20955	0.03354	0.49878	0.01395	0.16163	0.00237	0.00377	0.00768	0.00371	0.00364
7	0.00524	0.00372	0.00473	0.00547	0.00572	0.00350	0.00357	0.00584	0.00767	0.01016	0.02202	0.65489	0.06582	0.17118	0.00826	0.00211	0.00270	0.01057	0.00360	0.00322
8	0.08278	0.00858	0.00956	0.00758	0.01045	0.00880	0.00620	0.36060	0.01436	0.26451	0.01761	0.01662	0.16205	0.00599	0.00418	0.00129	0.00369	0.00470	0.00427	0.00619
9	0.00894	0.00767	0.00876	0.00659	0.01002	0.00644	0.00523	0.01264	0.16144	0.01426	0.00918	0.00991	0.00738	0.00356	0.00329	0.00076	0.00312	0.00288	0.00279	0.71513
10	0.00902	0.00763	0.00883	0.00635	0.01002	0.00596	0.00509	0.05627	0.00924	0.01426	0.00753	0.00869	0.00620	0.00319	0.00314	0.00065	0.00316	0.00253	0.00256	0.82970
11	0.00593	0.00445	0.00668	0.00668	0.00742	0.00519	0.00519	0.00742	0.00668	0.00964	0.01113	0.01632	0.01038	0.03115	0.83756	0.00668	0.01113	0.00445	0.00223	0.00371
12	0.04859	0.29576	0.22731	0.00974	0.06579	0.09290	0.00919	0.04791	0.00915	0.01215	0.00777	0.01046	0.00677	0.06280	0.01967	0.00143	0.02036	0.02132	0.02560	0.00530
13	0.02322	0.00871	0.03978	0.00815	0.02330	0.00881	0.00657	0.17779	0.31275	0.10439	0.15423	0.01652	0.02799	0.00617	0.01723	0.00138	0.00357	0.00477	0.00409	0.05057

[dist]
# distance from previous block
# <min> <max>
3	9

[block]
# block no. 8 follows, 64 sequences, length 10
# corresponding to MSA columns:
# 331-340
name=unknown_I
#
# <colnr> <probs for GDERKNQSTAVLIFYWHMCP>
#	G	D	E	R	K	N	Q	S	T	A	V	L	I	F	Y	W	H	M	C	P
0	0.03498	0.00817	0.01273	0.63812	0.05330	0.04018	0.05548	0.01110	0.00855	0.01135	0.00737	0.01057	0.00563	0.00400	0.00403	0.00130	0.00538	0.00357	0.00195	0.08223
1	0.00966	0.03671	0.04976	0.10353	0.15506	0.00847	0.11835	0.07752	0.04099	0.04192	0.05615	0.06132	0.00979	0.00466	0.00405	0.00117	0.00441	0.00428	0.01631	0.19588
2	0.00758	0.00392	0.00412	0.00412	0.00507	0.00399	0.00311	0.00948	0.00853	0.01497	0.01334	0.01556	0.01062	0.00717	0.07684	0.00147	0.00275	0.00392	0.79958	0.00386
3	0.03651	0.00974	0.01039	0.12247	0.01309	0.11708	0.00764	0.10466	0.24585	0.01433	0.01116	0.05853	0.00937	0.00806	0.07945	0.00189	0.13713	0.00432	0.00300	0.00532
4	0.00598	0.00426	0.00570	0.00570	0.00610	0.00466	0.00397	0.00679	0.00639	0.00892	0.01202	0.02127	0.01253	0.40614	0.46552	0.00547	0.00789	0.00517	0.00236	0.00317
5	0.00598	0.00425	0.00566	0.00566	0.00606	0.00464	0.00393	0.00677	0.00638	0.00889	0.01205	0.02144	0.01261	0.41934	0.45242	0.00543	0.00778	0.00520	0.00236	0.00315
6	0.00894	0.00922	0.07910	0.26195	0.23229	0.02227	0.08187	0.01164	0.02464	0.04011	0.02354	0.04093	0.02529	0.03117	0.03587	0.00163	0.02816	0.01909	0.01701	0.00527
7	0.00899	0.03884	0.22612	0.05352	0.13126	0.00822	0.04042	0.02534	0.09632	0.05859	0.16387	0.01607	0.05947	0.00533	0.00421	0.00127	0.00428	0.00460	0.00298	0.05031
8	0.04091	0.00642	0.03832	0.00767	0.06822	0.01856	0.01877	0.04695	0.04594	0.07011	0.29081	0.16220	0.11173	0.00794	0.00456	0.00136	0.00293	0.00691	0.04511	0.00460
9	0.14915	0.03696	0.04506	0.04632	0.09618	0.12146	0.02742	0.10333	0.02594	0.03933	0.00970	0.05969	0.02885	0.00550	0.02901	0.00131	0.00464	0.00373	0.00272	0.16368

[dist]
# distance from previous block
# <min> <max>
2	28

[block]
# block no. 9 follows, 64 sequences, length 24
# corresponding to MSA columns:
# 369-392
name=unknown_J
#
# <colnr> <probs for GDERKNQSTAVLIFYWHMCP>
#	G	D	E	R	K	N	Q	S	T	A	V	L	I	F	Y	W	H	M	C	P
0	0.10537	0.08881	0.18670	0.04354	0.04258	0.16981	0.00880	0.11975	0.02770	0.02354	0.03212	0.03810	0.01798	0.00460	0.00371	0.00118	0.00503	0.00346	0.00258	0.07466
1	0.00848	0.02646	0.17025	0.09331	0.08312	0.04458	0.05614	0.04279	0.02123	0.04176	0.13760	0.13462	0.05959	0.00757	0.03930	0.00159	0.01802	0.00565	0.00294	0.00499
2	0.00694	0.00549	0.02671	0.02377	0.02613	0.00515	0.02108	0.02673	0.06892	0.03139	0.39789	0.07999	0.07812	0.09013	0.03168	0.03245	0.00313	0.03633	0.00384	0.00413
3	0.00847	0.00943	0.09734	0.12662	0.19044	0.02998	0.14233	0.01132	0.04103	0.01264	0.07526	0.03317	0.05316	0.03658	0.05746	0.01572	0.01382	0.02110	0.01903	0.00510
4	0.00512	0.00366	0.00488	0.00582	0.00609	0.00342	0.00393	0.00590	0.00808	0.01078	0.04031	0.81333	0.02764	0.01288	0.00530	0.00168	0.00244	0.03148	0.00387	0.00340
5	0.00874	0.01013	0.14569	0.07183	0.07190	0.00846	0.19022	0.06888	0.00995	0.02958	0.09951	0.10553	0.05148	0.00619	0.00530	0.00142	0.07107	0.02628	0.01269	0.00515
6	0.02112	0.00938	0.13915	0.12374	0.17150	0.00769	0.04966	0.01173	0.04538	0.05935	0.14623	0.01572	0.04981	0.00577	0.01527	0.02190	0.01940	0.00455	0.04744	0.03524
7	0.00648	0.00519	0.00559	0.00537	0.00685	0.00497	0.00408	0.02231	0.14708	0.02845	0.11471	0.05337	0.49687	0.04163	0.00543	0.00152	0.00251	0.03946	0.00397	0.00416
8	0.02271	0.08224	0.17870	0.08052	0.09047	0.05989	0.00899	0.07397	0.03012	0.03027	0.00784	0.00914	0.00613	0.00378	0.00357	0.00102	0.00460	0.00298	0.00238	0.30067
9	0.07093	0.04323	0.02995	0.02457	0.04184	0.06355	0.02897	0.24800	0.13377	0.10206	0.08314	0.01288	0.01079	0.00503	0.00395	0.00123	0.00407	0.00401	0.05256	0.03547
10	0.00846	0.00729	0.00883	0.00658	0.00987	0.00588	0.01976	0.01048	0.02747	0.01339	0.02352	0.04765	0.00809	0.00397	0.00372	0.00077	0.03588	0.01415	0.00259	0.74165
11	0.03055	0.04915	0.04296	0.04074	0.05011	0.05402	0.03335	0.17030	0.01101	0.01547	0.04501	0.08041	0.00940	0.00486	0.00402	0.00106	0.02625	0.00395	0.00286	0.32453
12	0.03130	0.23901	0.13053	0.00821	0.01079	0.04721	0.00770	0.07022	0.08159	0.02781	0.00847	0.02379	0.00718	0.00671	0.02356	0.12527	0.09894	0.00337	0.04340	0.00495
13	0.00598	0.00427	0.00574	0.00574	0.00616	0.00468	0.00402	0.00682	0.00640	0.00895	0.01198	0.02106	0.01244	0.39042	0.48111	0.00552	0.00803	0.00514	0.00235	0.00319
14	0.00699	0.02232	0.00673	0.00630	0.00687	0.01979	0.00466	0.01985	0.02360	0.00920	0.00979	0.01536	0.00942	0.09314	0.40245	0.29781	0.02699	0.00420	0.01139	0.00316
15	0.01147	0.00861	0.00860	0.00734	0.00951	0.05127	0.00580	0.27494	0.23681	0.01921	0.01295	0.01329	0.00977	0.00508	0.00372	0.00119	0.00345	0.00400	0.30730	0.00570
16	0.03608	0.61630	0.03553	0.02847	0.03268	0.02364	0.00739	0.03998	0.05196	0.02576	0.02332	0.00872	0.01980	0.00411	0.00337	0.00103	0.03151	0.00279	0.00217	0.00541
17	0.01146	0.01001	0.04770	0.00929	0.02746	0.05559	0.06609	0.27074	0.18620	0.04255	0.10013	0.01617	0.06655	0.00596	0.00468	0.01778	0.01624	0.01751	0.02203	0.00585
18	0.02708	0.00659	0.05511	0.00718	0.02424	0.00568	0.01428	0.02682	0.04708	0.25076	0.06965	0.20084	0.10085	0.03967	0.06479	0.00189	0.01205	0.02750	0.01292	0.00500
19	0.00893	0.11817	0.15590	0.03994	0.13162	0.00875	0.03388	0.01135	0.00872	0.01264	0.02267	0.02345	0.00751	0.00470	0.02098	0.00116	0.03814	0.03030	0.00223	0.31895
20	0.00704	0.00500	0.00701	0.00675	0.00785	0.00558	0.00527	0.00929	0.06774	0.05865	0.01285	0.01676	0.03895	0.02630	0.67652	0.00563	0.00958	0.00455	0.00261	0.02606
21	0.00902	0.05248	0.07146	0.00904	0.04335	0.03323	0.05683	0.05389	0.19628	0.02970	0.01477	0.20379	0.04065	0.01777	0.01820	0.00148	0.04275	0.01521	0.00322	0.08686
22	0.64681	0.00984	0.12035	0.00690	0.02649	0.00909	0.00625	0.01252	0.03719	0.01741	0.02326	0.00802	0.00574	0.00398	0.00293	0.00126	0.00362	0.00260	0.00254	0.05320
23	0.00960	0.03804	0.04823	0.00756	0.03699	0.00691	0.01798	0.05656	0.04223	0.05025	0.02987	0.00983	0.00746	0.00360	0.00337	0.00080	0.00347	0.00293	0.00273	0.62160

[dist]
# distance from previous block
# <min> <max>
0	45

# created by:
# /st0/software/busco_prod/Augustus/scripts/msa2prfl.pl ./align_prep/120854.fa
