[name]
unknown

[dist]
# distance from previous block
# <min> <max>
0	95

[block]
# block no. 0 follows, 48 sequences, length 150
# corresponding to MSA columns:
# 107-170,197-236,243-288
name=unknown_A
#
# <colnr> <probs for GDERKNQSTAVLIFYWHMCP>
#	G	D	E	R	K	N	Q	S	T	A	V	L	I	F	Y	W	H	M	C	P
0	0.02499	0.01023	0.13980	0.04562	0.01383	0.00784	0.04199	0.01295	0.06111	0.03058	0.11313	0.06092	0.04368	0.03568	0.04860	0.00231	0.00544	0.25214	0.00402	0.04512
1	0.14556	0.02593	0.05906	0.03892	0.05041	0.03329	0.08295	0.11535	0.02591	0.05614	0.03414	0.10123	0.07546	0.00874	0.04691	0.00193	0.00552	0.00597	0.00374	0.08282
2	0.02459	0.16874	0.07455	0.01107	0.05018	0.03640	0.03398	0.08722	0.13498	0.09188	0.01420	0.01513	0.04645	0.03356	0.00564	0.00153	0.02712	0.00457	0.00369	0.13454
3	0.56169	0.06012	0.01086	0.06781	0.06450	0.01201	0.00737	0.07072	0.01050	0.02153	0.02261	0.01011	0.00711	0.00494	0.00368	0.00152	0.00448	0.00332	0.01420	0.04093
4	0.02564	0.00643	0.00805	0.04434	0.01004	0.00613	0.00578	0.04317	0.02730	0.11603	0.44457	0.03497	0.17524	0.00990	0.00581	0.00165	0.00313	0.02100	0.00532	0.00550
5	0.01326	0.00748	0.00939	0.00791	0.01040	0.00706	0.00624	0.06579	0.07452	0.24421	0.40256	0.02743	0.03034	0.00833	0.00552	0.00156	0.00339	0.00713	0.02144	0.04603
6	0.01303	0.01221	0.05134	0.02796	0.66384	0.01148	0.01474	0.01604	0.01186	0.07233	0.01237	0.01468	0.04473	0.00511	0.00512	0.00154	0.00587	0.00487	0.00290	0.00797
7	0.01113	0.01058	0.01009	0.00909	0.01104	0.15595	0.04035	0.01593	0.19931	0.01674	0.17606	0.02564	0.09000	0.11583	0.03225	0.00222	0.00508	0.00665	0.06040	0.00566
8	0.85592	0.00992	0.00754	0.00675	0.00992	0.01151	0.00556	0.01508	0.00873	0.02302	0.00714	0.00834	0.00556	0.00476	0.00318	0.00159	0.00397	0.00278	0.00318	0.00556
9	0.55031	0.00941	0.00899	0.00763	0.01096	0.01010	0.00628	0.01817	0.02445	0.26010	0.01194	0.01251	0.00854	0.00616	0.02021	0.00174	0.00431	0.01743	0.00421	0.00655
10	0.00785	0.00574	0.00839	0.00822	0.00887	0.00673	0.00625	0.00893	0.00794	0.01138	0.01273	0.01987	0.01227	0.09290	0.57292	0.12509	0.07162	0.00543	0.00267	0.00422
11	0.03054	0.01004	0.01694	0.44554	0.27772	0.01124	0.04356	0.01390	0.01108	0.01522	0.06643	0.01506	0.01033	0.00530	0.00517	0.00164	0.00628	0.00493	0.00265	0.00647
12	0.00748	0.00568	0.00839	0.00830	0.00914	0.00669	0.00642	0.00919	0.00819	0.01182	0.01361	0.02053	0.01291	0.07863	0.72920	0.00785	0.04312	0.00556	0.00275	0.00454
13	0.09526	0.18644	0.48863	0.01253	0.01858	0.08566	0.01474	0.01634	0.01088	0.01573	0.00847	0.00991	0.00643	0.00480	0.00436	0.00149	0.00695	0.00343	0.00232	0.00703
14	0.04558	0.55872	0.10941	0.03437	0.01514	0.13582	0.01013	0.01615	0.01102	0.01305	0.00755	0.00884	0.00655	0.00462	0.00372	0.00123	0.00627	0.00300	0.00230	0.00653
15	0.71141	0.02695	0.00895	0.00742	0.01075	0.01192	0.00614	0.09068	0.01061	0.06445	0.00835	0.00921	0.00627	0.00498	0.00348	0.00157	0.00419	0.00309	0.00352	0.00606
16	0.01529	0.01115	0.01239	0.01057	0.01368	0.01253	0.00841	0.13338	0.51219	0.14444	0.01888	0.01752	0.01377	0.00684	0.00575	0.00171	0.04260	0.00547	0.00525	0.00819
17	0.00993	0.00912	0.01486	0.33454	0.26263	0.00986	0.02752	0.01285	0.01145	0.01546	0.10956	0.02091	0.10857	0.00658	0.00533	0.00163	0.00548	0.00595	0.02158	0.00619
18	0.00733	0.00550	0.00825	0.00825	0.00916	0.00641	0.00641	0.00916	0.00825	0.01191	0.01374	0.02016	0.01283	0.03848	0.79934	0.00825	0.01374	0.00550	0.00275	0.00458
19	0.00669	0.00519	0.00601	0.00588	0.00728	0.00465	0.00438	0.00820	0.01208	0.01562	0.28507	0.04204	0.44601	0.02855	0.05830	0.04186	0.00339	0.00962	0.00477	0.00439
20	0.85592	0.00992	0.00754	0.00675	0.00992	0.01151	0.00556	0.01508	0.00873	0.02302	0.00714	0.00834	0.00556	0.00476	0.00318	0.00159	0.00397	0.00278	0.00318	0.00556
21	0.08564	0.42093	0.18103	0.01037	0.01518	0.03966	0.01071	0.10754	0.03325	0.04034	0.00899	0.00988	0.00717	0.00489	0.00398	0.00134	0.00585	0.00336	0.00285	0.00705
22	0.00891	0.00446	0.00668	0.00668	0.00668	0.00446	0.00446	0.00668	0.00668	0.00891	0.00891	0.01560	0.00891	0.01783	0.02005	0.85071	0.00446	0.00446	0.00223	0.00223
23	0.01876	0.05079	0.01489	0.01290	0.01568	0.70737	0.00980	0.05468	0.04345	0.01377	0.00859	0.00973	0.00704	0.00536	0.00463	0.00134	0.00877	0.00344	0.00284	0.00618
24	0.07467	0.06628	0.01872	0.09287	0.04632	0.11454	0.21140	0.12331	0.03721	0.09645	0.02964	0.01417	0.00958	0.00545	0.00509	0.00157	0.00661	0.02007	0.00352	0.02251
25	0.06798	0.06945	0.01750	0.36668	0.24829	0.05426	0.04430	0.01449	0.01087	0.01487	0.00969	0.04165	0.00812	0.00526	0.00492	0.00160	0.00640	0.00467	0.00253	0.00647
26	0.85592	0.00992	0.00754	0.00675	0.00992	0.01151	0.00556	0.01508	0.00873	0.02302	0.00714	0.00834	0.00556	0.00476	0.00318	0.00159	0.00397	0.00278	0.00318	0.00556
27	0.01021	0.01016	0.01933	0.05158	0.12874	0.00988	0.33732	0.01367	0.04547	0.01552	0.01669	0.25799	0.01681	0.00841	0.00602	0.00183	0.00615	0.03460	0.00342	0.00618
28	0.01168	0.01087	0.01821	0.18870	0.53700	0.01124	0.01425	0.01451	0.01112	0.01561	0.01002	0.01431	0.00853	0.00554	0.00576	0.03946	0.00603	0.02736	0.00256	0.04726
29	0.01132	0.01219	0.06806	0.01358	0.01456	0.01480	0.05514	0.02673	0.02289	0.01365	0.00789	0.01184	0.00725	0.00822	0.01444	0.00211	0.64756	0.00457	0.03730	0.00589
30	0.83014	0.01043	0.03149	0.00699	0.01030	0.01152	0.00597	0.01512	0.00880	0.02281	0.00721	0.00841	0.00559	0.00477	0.00323	0.00159	0.00408	0.00281	0.00314	0.00562
31	0.01248	0.00990	0.12176	0.00928	0.01221	0.00754	0.00845	0.05100	0.04846	0.21362	0.06376	0.13704	0.08916	0.02886	0.03395	0.00212	0.00482	0.13446	0.00477	0.00636
32	0.85592	0.00992	0.00754	0.00675	0.00992	0.01151	0.00556	0.01508	0.00873	0.02302	0.00714	0.00834	0.00556	0.00476	0.00318	0.00159	0.00397	0.00278	0.00318	0.00556
33	0.01343	0.01170	0.01477	0.01310	0.05041	0.04874	0.02694	0.17401	0.02565	0.05355	0.01206	0.06826	0.03345	0.00896	0.02726	0.00207	0.40031	0.00546	0.00340	0.00647
34	0.00652	0.00465	0.00623	0.00733	0.00775	0.00439	0.00510	0.00762	0.01020	0.01361	0.06060	0.69425	0.03390	0.02661	0.00685	0.00213	0.00316	0.09009	0.00477	0.00424
35	0.01011	0.00997	0.07555	0.05086	0.07978	0.00858	0.18960	0.02391	0.02879	0.05820	0.08814	0.24733	0.04382	0.00936	0.00596	0.00182	0.00531	0.05299	0.00392	0.00599
36	0.00697	0.00496	0.00615	0.00686	0.00720	0.00485	0.00446	0.00825	0.04559	0.01255	0.02414	0.52242	0.02824	0.26604	0.01259	0.00297	0.00368	0.02377	0.00427	0.00403
37	0.01350	0.00958	0.01227	0.03752	0.04712	0.00817	0.02978	0.06115	0.03047	0.15967	0.03140	0.01318	0.00983	0.00475	0.00439	0.00110	0.00433	0.00395	0.00383	0.51399
38	0.01462	0.69181	0.02491	0.00944	0.01361	0.11265	0.00896	0.04968	0.01153	0.01303	0.00746	0.00853	0.00668	0.00458	0.00353	0.00114	0.00594	0.00289	0.00238	0.00660
39	0.68124	0.01108	0.00925	0.02270	0.06156	0.06864	0.00681	0.03211	0.00970	0.02155	0.00772	0.00923	0.00612	0.00586	0.02781	0.00177	0.00488	0.00309	0.00311	0.00580
40	0.01411	0.01142	0.01185	0.01032	0.01335	0.03976	0.00811	0.13037	0.54705	0.06792	0.03736	0.01959	0.05145	0.00712	0.00524	0.00169	0.00438	0.00582	0.00517	0.00792
41	0.00953	0.00890	0.01495	0.76994	0.03404	0.01106	0.01381	0.01283	0.01024	0.01311	0.01002	0.05120	0.00811	0.00564	0.00520	0.00173	0.00666	0.00503	0.00240	0.00563
42	0.00728	0.00544	0.00809	0.00814	0.00901	0.00628	0.00627	0.00904	0.00831	0.01193	0.01447	0.05763	0.01393	0.05238	0.74749	0.00790	0.01307	0.00596	0.00285	0.00453
43	0.05069	0.61191	0.08185	0.01072	0.01524	0.01833	0.09584	0.01545	0.01049	0.01337	0.00764	0.00915	0.00667	0.00457	0.00413	0.00126	0.03052	0.00325	0.00228	0.00662
44	0.81682	0.01013	0.00791	0.00698	0.01020	0.01172	0.00575	0.05040	0.00945	0.02346	0.00739	0.00852	0.00571	0.00483	0.00327	0.00159	0.00405	0.00286	0.00327	0.00571
45	0.19378	0.03368	0.05091	0.01093	0.01455	0.04332	0.11403	0.09601	0.05318	0.20791	0.01314	0.01450	0.00976	0.03709	0.08289	0.00235	0.00632	0.00466	0.00404	0.00695
46	0.00746	0.00497	0.00560	0.00560	0.00560	0.00497	0.00311	0.00746	0.00746	0.00995	0.01617	0.03358	0.01865	0.81967	0.02612	0.00497	0.00497	0.00746	0.00311	0.00311
47	0.01159	0.03815	0.13443	0.01469	0.01864	0.01170	0.29981	0.09247	0.04134	0.01785	0.07857	0.05822	0.01339	0.03664	0.00715	0.00182	0.06813	0.00606	0.04277	0.00657
48	0.01679	0.19257	0.13548	0.01233	0.01618	0.46779	0.01097	0.04089	0.01339	0.03739	0.00846	0.00962	0.00684	0.00509	0.00441	0.00134	0.00795	0.00336	0.00266	0.00650
49	0.75644	0.04896	0.00895	0.00731	0.01050	0.06850	0.00602	0.01548	0.00923	0.02176	0.00720	0.00840	0.00568	0.00478	0.00329	0.00155	0.00442	0.00281	0.00309	0.00563
50	0.00658	0.00473	0.00631	0.00726	0.00779	0.00446	0.00511	0.00782	0.01058	0.01420	0.12112	0.61972	0.04884	0.01569	0.02522	0.00219	0.00331	0.07995	0.00482	0.00431
51	0.01093	0.00636	0.00685	0.00622	0.00758	0.00652	0.00449	0.11703	0.01180	0.05424	0.01611	0.02254	0.01420	0.25585	0.01079	0.00242	0.00373	0.00560	0.43173	0.00500
52	0.01703	0.01535	0.01538	0.01247	0.01553	0.17711	0.04989	0.39186	0.05371	0.02329	0.01109	0.01224	0.00848	0.00633	0.00675	0.00160	0.12598	0.00447	0.04407	0.00738
53	0.85592	0.00992	0.00754	0.00675	0.00992	0.01151	0.00556	0.01508	0.00873	0.02302	0.00714	0.00834	0.00556	0.00476	0.00318	0.00159	0.00397	0.00278	0.00318	0.00556
54	0.00657	0.00489	0.00647	0.00738	0.00780	0.00479	0.00513	0.00759	0.01006	0.01343	0.05421	0.68614	0.07523	0.01532	0.00700	0.00206	0.04073	0.03624	0.00467	0.00428
55	0.85592	0.00992	0.00754	0.00675	0.00992	0.01151	0.00556	0.01508	0.00873	0.02302	0.00714	0.00834	0.00556	0.00476	0.00318	0.00159	0.00397	0.00278	0.00318	0.00556
56	0.00745	0.00520	0.00639	0.00615	0.00743	0.00480	0.00466	0.00972	0.01352	0.01927	0.55098	0.03784	0.14376	0.01033	0.00575	0.00160	0.00252	0.03482	0.12304	0.00476
57	0.00678	0.00501	0.00639	0.00730	0.00810	0.00468	0.00544	0.00811	0.01063	0.01372	0.03231	0.43622	0.18331	0.04419	0.00730	0.00219	0.00343	0.20587	0.00469	0.00431
58	0.01126	0.00952	0.01118	0.00966	0.01188	0.06497	0.07548	0.07013	0.22759	0.01821	0.14640	0.02285	0.08566	0.00981	0.02508	0.12023	0.00471	0.00632	0.06317	0.00589
59	0.00746	0.00500	0.00571	0.00571	0.00575	0.00504	0.00325	0.00754	0.00750	0.01003	0.01606	0.03300	0.01840	0.78602	0.05943	0.00512	0.00535	0.00738	0.00309	0.00317
60	0.01340	0.00988	0.01147	0.00841	0.01279	0.00838	0.00680	0.13891	0.01329	0.10170	0.01094	0.01176	0.00841	0.00449	0.00416	0.00098	0.00414	0.00355	0.01590	0.61062
61	0.01372	0.82276	0.02689	0.00878	0.01317	0.02030	0.00878	0.01536	0.01043	0.01207	0.00713	0.00823	0.00658	0.00439	0.00329	0.00110	0.00549	0.00274	0.00219	0.00658
62	0.85592	0.00992	0.00754	0.00675	0.00992	0.01151	0.00556	0.01508	0.00873	0.02302	0.00714	0.00834	0.00556	0.00476	0.00318	0.00159	0.00397	0.00278	0.00318	0.00556
63	0.02277	0.00913	0.01216	0.00932	0.01330	0.00814	0.00770	0.07794	0.01536	0.73734	0.01968	0.01710	0.01242	0.00634	0.00516	0.00158	0.00446	0.00512	0.00626	0.00873
64	0.01244	0.01192	0.02035	0.09955	0.72167	0.01212	0.01562	0.01552	0.01156	0.01644	0.00960	0.01279	0.00801	0.00462	0.00508	0.00154	0.00616	0.00457	0.00252	0.00791
65	0.00733	0.00549	0.00820	0.00820	0.00910	0.00639	0.00636	0.00913	0.00823	0.01188	0.01378	0.02038	0.01292	0.05148	0.78648	0.00819	0.01360	0.00553	0.00275	0.00456
66	0.01029	0.02654	0.79309	0.01462	0.02221	0.01192	0.01896	0.01625	0.01083	0.01625	0.00921	0.01083	0.00650	0.00487	0.00487	0.00162	0.00758	0.00379	0.00217	0.00758
67	0.85592	0.00992	0.00754	0.00675	0.00992	0.01151	0.00556	0.01508	0.00873	0.02302	0.00714	0.00834	0.00556	0.00476	0.00318	0.00159	0.00397	0.00278	0.00318	0.00556
68	0.01044	0.06208	0.75889	0.01436	0.02180	0.01229	0.01850	0.01621	0.01081	0.01606	0.00912	0.01072	0.00650	0.00485	0.00480	0.00160	0.00749	0.00374	0.00217	0.00754
69	0.00735	0.00498	0.00565	0.00574	0.00586	0.00492	0.00334	0.00751	0.00787	0.01041	0.01871	0.07614	0.05553	0.72304	0.02376	0.00462	0.00475	0.02327	0.00331	0.00326
70	0.01004	0.00712	0.00928	0.00945	0.01090	0.00746	0.00791	0.10449	0.01302	0.04423	0.05979	0.12772	0.02624	0.03467	0.00771	0.00223	0.04724	0.46051	0.00470	0.00531
71	0.01317	0.05579	0.13407	0.01865	0.04131	0.15096	0.46399	0.01698	0.01220	0.01546	0.00955	0.01228	0.00733	0.00466	0.00567	0.00162	0.02192	0.00504	0.00252	0.00683
72	0.85592	0.00992	0.00754	0.00675	0.00992	0.01151	0.00556	0.01508	0.00873	0.02302	0.00714	0.00834	0.00556	0.00476	0.00318	0.00159	0.00397	0.00278	0.00318	0.00556
73	0.00891	0.00446	0.00668	0.00668	0.00668	0.00446	0.00446	0.00668	0.00668	0.00891	0.00891	0.01560	0.00891	0.01783	0.02005	0.85071	0.00446	0.00446	0.00223	0.00223
74	0.00746	0.00497	0.00560	0.00560	0.00560	0.00497	0.00311	0.00746	0.00746	0.00995	0.01617	0.03358	0.01865	0.81967	0.02612	0.00497	0.00497	0.00746	0.00311	0.00311
75	0.01123	0.01123	0.01572	0.01347	0.01347	0.01572	0.01123	0.01235	0.00786	0.01235	0.00674	0.01123	0.00674	0.00898	0.01684	0.00225	0.81028	0.00449	0.00225	0.00561
76	0.85592	0.00992	0.00754	0.00675	0.00992	0.01151	0.00556	0.01508	0.00873	0.02302	0.00714	0.00834	0.00556	0.00476	0.00318	0.00159	0.00397	0.00278	0.00318	0.00556
77	0.01091	0.01034	0.01346	0.01175	0.01220	0.04080	0.00953	0.04786	0.00897	0.01306	0.00988	0.01538	0.02581	0.09015	0.12160	0.00323	0.54210	0.00501	0.00260	0.00537
78	0.85592	0.00992	0.00754	0.00675	0.00992	0.01151	0.00556	0.01508	0.00873	0.02302	0.00714	0.00834	0.00556	0.00476	0.00318	0.00159	0.00397	0.00278	0.00318	0.00556
79	0.00704	0.00549	0.00644	0.00624	0.00773	0.00501	0.00474	0.00950	0.04479	0.01764	0.42131	0.04289	0.34741	0.01153	0.00607	0.00170	0.00266	0.04182	0.00523	0.00476
80	0.00746	0.00497	0.00560	0.00560	0.00560	0.00497	0.00311	0.00746	0.00746	0.00995	0.01617	0.03358	0.01865	0.81967	0.02612	0.00497	0.00497	0.00746	0.00311	0.00311
81	0.00891	0.00448	0.00657	0.00657	0.00663	0.00448	0.00439	0.00695	0.00689	0.00942	0.00944	0.01616	0.00933	0.03479	0.01940	0.79191	0.00437	0.00454	0.04239	0.00237
82	0.00969	0.00912	0.01539	0.80734	0.03534	0.01140	0.01425	0.01311	0.01026	0.01311	0.00912	0.01368	0.00684	0.00513	0.00513	0.00171	0.00684	0.00456	0.00228	0.00570
83	0.02169	0.01082	0.01294	0.01002	0.01396	0.03415	0.00824	0.23027	0.03529	0.54026	0.01770	0.01584	0.01149	0.00628	0.00514	0.00157	0.00486	0.00497	0.00588	0.00863
84	0.01372	0.82276	0.02689	0.00878	0.01317	0.02030	0.00878	0.01536	0.01043	0.01207	0.00713	0.00823	0.00658	0.00439	0.00329	0.00110	0.00549	0.00274	0.00219	0.00658
85	0.81622	0.01013	0.00791	0.00699	0.01021	0.01172	0.00576	0.05094	0.00946	0.02346	0.00739	0.00852	0.00571	0.00483	0.00327	0.00159	0.00405	0.00287	0.00327	0.00571
86	0.00882	0.00653	0.00868	0.00957	0.01096	0.00675	0.00825	0.01267	0.10583	0.01610	0.02640	0.05313	0.02783	0.01329	0.00686	0.00229	0.00464	0.66147	0.00479	0.00514
87	0.01208	0.01156	0.01970	0.19212	0.63191	0.01203	0.01544	0.01520	0.01139	0.01601	0.00954	0.01290	0.00786	0.00469	0.00509	0.00156	0.00625	0.00457	0.00249	0.00762
88	0.00806	0.00629	0.00853	0.00814	0.00854	0.00748	0.00598	0.00906	0.00788	0.01124	0.01345	0.02375	0.01400	0.33282	0.36694	0.00595	0.14881	0.00608	0.00280	0.00420
89	0.01029	0.02654	0.79309	0.01462	0.02221	0.01192	0.01896	0.01625	0.01083	0.01625	0.00921	0.01083	0.00650	0.00487	0.00487	0.00162	0.00758	0.00379	0.00217	0.00758
90	0.85592	0.00992	0.00754	0.00675	0.00992	0.01151	0.00556	0.01508	0.00873	0.02302	0.00714	0.00834	0.00556	0.00476	0.00318	0.00159	0.00397	0.00278	0.00318	0.00556
91	0.01052	0.02495	0.69740	0.01550	0.02279	0.01205	0.11305	0.01627	0.01099	0.01627	0.00936	0.01121	0.00666	0.00481	0.00502	0.00164	0.00772	0.00408	0.00222	0.00750
92	0.00746	0.00500	0.00571	0.00571	0.00574	0.00503	0.00325	0.00753	0.00749	0.01003	0.01607	0.03302	0.01841	0.78742	0.05804	0.00511	0.00534	0.00738	0.00309	0.00317
93	0.00990	0.00921	0.01529	0.70539	0.06844	0.01141	0.01380	0.01316	0.01023	0.01345	0.00930	0.01371	0.00712	0.00532	0.00563	0.00171	0.04478	0.00456	0.03181	0.00578
94	0.85592	0.00992	0.00754	0.00675	0.00992	0.01151	0.00556	0.01508	0.00873	0.02302	0.00714	0.00834	0.00556	0.00476	0.00318	0.00159	0.00397	0.00278	0.00318	0.00556
95	0.85592	0.00992	0.00754	0.00675	0.00992	0.01151	0.00556	0.01508	0.00873	0.02302	0.00714	0.00834	0.00556	0.00476	0.00318	0.00159	0.00397	0.00278	0.00318	0.00556
96	0.01091	0.01036	0.01759	0.49295	0.34020	0.01172	0.01486	0.01418	0.01084	0.01459	0.00934	0.01328	0.00736	0.00490	0.00511	0.00163	0.00654	0.00456	0.00239	0.00668
97	0.00665	0.00530	0.00602	0.00607	0.00760	0.00467	0.00471	0.00837	0.01242	0.01574	0.23166	0.04775	0.50153	0.01253	0.00620	0.00179	0.00284	0.10867	0.00498	0.00451
98	0.00895	0.00482	0.00718	0.00708	0.00712	0.00508	0.00486	0.00706	0.00681	0.00921	0.00902	0.01559	0.00898	0.01833	0.05469	0.77284	0.04311	0.00450	0.00225	0.00249
99	0.85592	0.00992	0.00754	0.00675	0.00992	0.01151	0.00556	0.01508	0.00873	0.02302	0.00714	0.00834	0.00556	0.00476	0.00318	0.00159	0.00397	0.00278	0.00318	0.00556
100	0.00648	0.00476	0.00642	0.00743	0.00774	0.00470	0.00508	0.00743	0.00968	0.01302	0.02683	0.75081	0.03198	0.01681	0.04232	0.00236	0.03352	0.01381	0.00458	0.00424
101	0.85592	0.00992	0.00754	0.00675	0.00992	0.01151	0.00556	0.01508	0.00873	0.02302	0.00714	0.00834	0.00556	0.00476	0.00318	0.00159	0.00397	0.00278	0.00318	0.00556
102	0.00637	0.00455	0.00609	0.00728	0.00763	0.00427	0.00497	0.00735	0.00994	0.01323	0.02821	0.77104	0.03367	0.01596	0.00658	0.00210	0.00308	0.05868	0.00476	0.00420
103	0.00801	0.00621	0.00743	0.00717	0.00867	0.00614	0.00543	0.01223	0.14633	0.01887	0.44553	0.10535	0.14585	0.01090	0.00600	0.00173	0.00289	0.04466	0.00533	0.00527
104	0.01276	0.01102	0.01160	0.01044	0.01334	0.01276	0.00812	0.02727	0.77840	0.02146	0.02088	0.01914	0.01566	0.00696	0.00522	0.00174	0.00406	0.00580	0.00522	0.00812
105	0.00742	0.00513	0.00640	0.00640	0.00668	0.00541	0.00411	0.00798	0.00770	0.01055	0.01543	0.02950	0.01688	0.58213	0.26123	0.00597	0.00764	0.00686	0.00300	0.00356
106	0.01743	0.01357	0.01573	0.04160	0.11969	0.12467	0.06132	0.23266	0.06460	0.18232	0.01308	0.01347	0.00941	0.00560	0.00504	0.00150	0.00598	0.00460	0.00428	0.06347
107	0.01372	0.82276	0.02689	0.00878	0.01317	0.02030	0.00878	0.01536	0.01043	0.01207	0.00713	0.00823	0.00658	0.00439	0.00329	0.00110	0.00549	0.00274	0.00219	0.00658
108	0.53204	0.06648	0.03265	0.02700	0.01166	0.05781	0.03922	0.01432	0.00929	0.01895	0.00898	0.02957	0.00806	0.10320	0.00658	0.00198	0.01989	0.00387	0.00301	0.00545
109	0.01647	0.01334	0.01404	0.01219	0.05140	0.05098	0.00932	0.41327	0.29859	0.02627	0.01519	0.01510	0.01133	0.02190	0.00554	0.00167	0.00524	0.00504	0.00489	0.00824
110	0.01276	0.01370	0.01537	0.01333	0.01392	0.16254	0.01089	0.01431	0.03183	0.01266	0.00738	0.01109	0.00698	0.00823	0.01421	0.00206	0.63629	0.00431	0.00241	0.00575
111	0.85592	0.00992	0.00754	0.00675	0.00992	0.01151	0.00556	0.01508	0.00873	0.02302	0.00714	0.00834	0.00556	0.00476	0.00318	0.00159	0.00397	0.00278	0.00318	0.00556
112	0.00741	0.00495	0.00561	0.00566	0.00568	0.00494	0.00318	0.00745	0.00756	0.01008	0.01669	0.06730	0.01931	0.78505	0.02527	0.00485	0.00489	0.00777	0.00318	0.00315
113	0.01064	0.00912	0.01064	0.00760	0.01216	0.00684	0.00608	0.01292	0.01064	0.01672	0.00912	0.01064	0.00760	0.00380	0.00380	0.00076	0.00380	0.00304	0.00304	0.85104
114	0.00987	0.00928	0.01564	0.74320	0.08532	0.01137	0.01426	0.01325	0.01038	0.01339	0.00943	0.01429	0.00727	0.00523	0.00516	0.00171	0.00676	0.01602	0.00233	0.00585
115	0.01688	0.02040	0.01357	0.01236	0.01451	0.60599	0.00944	0.01831	0.01325	0.01306	0.00922	0.01203	0.00800	0.00717	0.03369	0.00169	0.09568	0.02652	0.06251	0.00574
116	0.01029	0.02654	0.79309	0.01462	0.02221	0.01192	0.01896	0.01625	0.01083	0.01625	0.00921	0.01083	0.00650	0.00487	0.00487	0.00162	0.00758	0.00379	0.00217	0.00758
117	0.85592	0.00992	0.00754	0.00675	0.00992	0.01151	0.00556	0.01508	0.00873	0.02302	0.00714	0.00834	0.00556	0.00476	0.00318	0.00159	0.00397	0.00278	0.00318	0.00556
118	0.00743	0.00509	0.00617	0.00617	0.00638	0.00529	0.00383	0.00783	0.00763	0.01038	0.01564	0.03065	0.01738	0.64910	0.19495	0.00569	0.00689	0.00703	0.00303	0.00343
119	0.00746	0.00499	0.00567	0.00567	0.00570	0.00502	0.00321	0.00751	0.00748	0.01001	0.01610	0.03318	0.01848	0.79664	0.04891	0.00507	0.00523	0.00740	0.00310	0.00315
120	0.01206	0.01429	0.06137	0.02176	0.05941	0.01290	0.70561	0.01640	0.01204	0.01644	0.01030	0.01367	0.00775	0.00436	0.00596	0.00172	0.00850	0.00590	0.00258	0.00700
121	0.01379	0.75426	0.06058	0.00922	0.01368	0.05209	0.00928	0.01562	0.01061	0.01228	0.00726	0.00839	0.00658	0.00445	0.00342	0.00113	0.00574	0.00281	0.00221	0.00660
122	0.00956	0.00478	0.00478	0.00478	0.00598	0.00478	0.00359	0.01196	0.01076	0.01913	0.01674	0.01913	0.01315	0.00598	0.00359	0.00120	0.00239	0.00478	0.84816	0.00478
123	0.01073	0.01026	0.01781	0.47228	0.26692	0.01150	0.06874	0.01405	0.01091	0.01459	0.01023	0.01548	0.00838	0.00533	0.00527	0.00168	0.00664	0.04020	0.00250	0.00649
124	0.00664	0.00471	0.00608	0.00702	0.00739	0.00447	0.00476	0.00753	0.00966	0.01278	0.02690	0.58407	0.05710	0.15571	0.00999	0.00260	0.00347	0.08061	0.00447	0.00404
125	0.00756	0.00573	0.00780	0.00869	0.06413	0.00539	0.00604	0.00970	0.01302	0.01790	0.44800	0.14965	0.10434	0.01161	0.00621	0.00179	0.00312	0.11933	0.00509	0.00492
126	0.01033	0.00987	0.01700	0.63491	0.16936	0.01161	0.04704	0.01372	0.01059	0.01391	0.00927	0.01351	0.00711	0.00500	0.00516	0.00168	0.00679	0.00463	0.00234	0.00619
127	0.05058	0.01049	0.01734	0.38060	0.38971	0.01158	0.01429	0.01429	0.01085	0.01530	0.00980	0.03489	0.00813	0.00515	0.00505	0.00163	0.00625	0.00476	0.00251	0.00680
128	0.01080	0.01050	0.01835	0.35497	0.30023	0.01138	0.10617	0.01398	0.01103	0.01485	0.01244	0.03038	0.05636	0.00560	0.00552	0.00166	0.02124	0.00532	0.00261	0.00660
129	0.01108	0.02554	0.01640	0.46599	0.16855	0.02898	0.02869	0.04748	0.01114	0.01485	0.00963	0.03184	0.00785	0.00546	0.00575	0.00163	0.05485	0.00468	0.00257	0.05704
130	0.00956	0.00478	0.00478	0.00478	0.00598	0.00478	0.00359	0.01196	0.01076	0.01913	0.01674	0.01913	0.01315	0.00598	0.00359	0.00120	0.00239	0.00478	0.84816	0.00478
131	0.01086	0.04791	0.01203	0.00813	0.01267	0.00775	0.02955	0.01336	0.02215	0.01656	0.00924	0.01075	0.00768	0.00389	0.00387	0.00082	0.00403	0.00316	0.00302	0.77258
132	0.01219	0.33966	0.45738	0.01208	0.01825	0.01503	0.01445	0.01628	0.01084	0.04799	0.00887	0.01009	0.00680	0.00475	0.00426	0.00142	0.00662	0.00344	0.00236	0.00724
133	0.00816	0.00565	0.00665	0.00622	0.00792	0.00503	0.00473	0.01034	0.03130	0.08086	0.38215	0.04102	0.36863	0.01117	0.00596	0.00167	0.00270	0.00954	0.00531	0.00501
134	0.00695	0.00523	0.00642	0.00613	0.00747	0.00471	0.00459	0.00907	0.01378	0.01881	0.59254	0.04123	0.24193	0.01115	0.00606	0.00165	0.00247	0.00969	0.00542	0.00471
135	0.01190	0.01333	0.02782	0.02017	0.02494	0.02402	0.68044	0.01642	0.04503	0.01640	0.01184	0.06088	0.00964	0.00514	0.00603	0.00175	0.00813	0.00650	0.00284	0.00680
136	0.01157	0.04591	0.01896	0.33411	0.45991	0.01223	0.01486	0.01470	0.01107	0.01513	0.00934	0.01289	0.00756	0.00478	0.00502	0.00158	0.00636	0.00449	0.00242	0.00711
137	0.02259	0.00890	0.01194	0.00922	0.01315	0.00785	0.00759	0.03547	0.04343	0.75182	0.02016	0.01746	0.01276	0.00637	0.00516	0.00159	0.00437	0.00518	0.00629	0.00871
138	0.01208	0.01406	0.04314	0.02151	0.02674	0.01296	0.75638	0.01643	0.01209	0.01643	0.01036	0.01379	0.00776	0.00433	0.00604	0.00173	0.00863	0.00602	0.00259	0.00693
139	0.01234	0.01175	0.01999	0.07642	0.71113	0.01189	0.01535	0.01538	0.01160	0.01649	0.01034	0.01462	0.00894	0.00500	0.00517	0.00157	0.00608	0.03548	0.00261	0.00784
140	0.00845	0.00549	0.00626	0.00594	0.00765	0.00486	0.00455	0.01029	0.01258	0.08622	0.23549	0.03963	0.39468	0.01080	0.00566	0.00163	0.00274	0.02934	0.12281	0.00493
141	0.02174	0.01078	0.01318	0.01010	0.01412	0.01059	0.00835	0.29623	0.01812	0.51514	0.01736	0.01559	0.01126	0.00628	0.00515	0.00157	0.00483	0.00496	0.00591	0.00873
142	0.00699	0.00492	0.00643	0.00736	0.00781	0.00475	0.00524	0.00804	0.00979	0.01296	0.02543	0.46876	0.02962	0.18724	0.01086	0.00277	0.00382	0.18873	0.00440	0.00407
143	0.00805	0.00575	0.00800	0.00911	0.01022	0.00571	0.00781	0.01028	0.01176	0.01539	0.06109	0.12316	0.03076	0.01418	0.00699	0.00230	0.00447	0.65551	0.00477	0.00468
144	0.02264	0.00882	0.01190	0.00918	0.01311	0.00774	0.00756	0.02509	0.04329	0.76239	0.02027	0.01753	0.01281	0.00637	0.00516	0.00159	0.00435	0.00518	0.00631	0.00871
145	0.00980	0.00923	0.01559	0.77828	0.06352	0.01143	0.01431	0.01321	0.01031	0.01325	0.00914	0.01364	0.00689	0.00511	0.00513	0.00170	0.00681	0.00456	0.00229	0.00579
146	0.01700	0.01146	0.01254	0.01089	0.04518	0.11681	0.03642	0.13792	0.05965	0.29664	0.04602	0.05803	0.11343	0.00752	0.00533	0.00160	0.00509	0.00619	0.00499	0.00731
147	0.01204	0.01237	0.02375	0.06824	0.02308	0.04395	0.51566	0.01609	0.04605	0.05256	0.01306	0.09543	0.01108	0.00701	0.03359	0.00197	0.00776	0.00664	0.00310	0.00658
148	0.03417	0.00683	0.00737	0.00729	0.03518	0.02093	0.00516	0.05474	0.07422	0.04531	0.04279	0.02347	0.08568	0.12435	0.04296	0.00221	0.00397	0.00589	0.37218	0.00529
149	0.01288	0.18842	0.21963	0.08676	0.01822	0.09244	0.05044	0.10892	0.02468	0.02959	0.04355	0.04922	0.03146	0.00640	0.01470	0.00159	0.00647	0.00479	0.00307	0.00677

[dist]
# distance from previous block
# <min> <max>
0	11

# created by:
# /st0/software/busco_prod/Augustus/scripts/msa2prfl.pl ./align_prep/120971.fa
