[name]
unknown

[dist]
# distance from previous block
# <min> <max>
0	1026

[block]
# block no. 0 follows, 59 sequences, length 21
# corresponding to MSA columns:
# 1120-1140
name=unknown_A
#
# <colnr> <probs for GDERKNQSTAVLIFYWHMCP>
#	G	D	E	R	K	N	Q	S	T	A	V	L	I	F	Y	W	H	M	C	P
0	0.17760	0.03567	0.07424	0.02143	0.01401	0.01016	0.18841	0.16447	0.04565	0.04007	0.04450	0.01238	0.00891	0.02106	0.07972	0.00193	0.00563	0.00415	0.01842	0.03159
1	0.09958	0.00977	0.04515	0.08578	0.06041	0.03425	0.15012	0.09226	0.08143	0.12303	0.02044	0.01325	0.02324	0.00603	0.03738	0.00160	0.01602	0.00430	0.09003	0.00591
2	0.00913	0.00869	0.01370	0.70705	0.04264	0.04831	0.04675	0.01196	0.00919	0.02845	0.00806	0.01159	0.00606	0.00438	0.00440	0.00143	0.00593	0.00391	0.00208	0.02629
3	0.11608	0.03065	0.05775	0.01192	0.13353	0.11172	0.04108	0.07535	0.09393	0.03089	0.00979	0.01222	0.00814	0.05254	0.08372	0.00207	0.07851	0.00391	0.03059	0.01561
4	0.00666	0.00532	0.00714	0.00633	0.00774	0.00493	0.07655	0.00819	0.02744	0.03269	0.12552	0.03263	0.38001	0.19468	0.06269	0.00246	0.00384	0.00762	0.00364	0.00394
5	0.01139	0.01096	0.01629	0.04484	0.49206	0.05231	0.02599	0.08520	0.01042	0.01455	0.00790	0.01052	0.00668	0.00492	0.00656	0.00145	0.18534	0.00389	0.00233	0.00640
6	0.00878	0.08473	0.01437	0.72048	0.06583	0.01055	0.01190	0.01157	0.00890	0.01135	0.00772	0.01131	0.00592	0.00433	0.00427	0.00142	0.00575	0.00378	0.00197	0.00507
7	0.00861	0.00718	0.08153	0.00725	0.00819	0.04669	0.00584	0.04390	0.00727	0.00969	0.00806	0.01281	0.00758	0.01451	0.08516	0.59237	0.04436	0.00382	0.00208	0.00307
8	0.00636	0.00472	0.00644	0.08136	0.00871	0.00459	0.00487	0.00822	0.01143	0.01593	0.60567	0.12599	0.05478	0.00941	0.00554	0.02686	0.00254	0.00807	0.00440	0.00409
9	0.04281	0.00829	0.01096	0.13252	0.01436	0.00823	0.00761	0.14710	0.01309	0.51413	0.01452	0.01423	0.00968	0.00593	0.02140	0.00151	0.00442	0.01772	0.00460	0.00691
10	0.00992	0.08539	0.04909	0.00724	0.01105	0.00756	0.00625	0.01192	0.00920	0.05248	0.00805	0.00928	0.00659	0.00369	0.00389	0.00081	0.04530	0.00277	0.00262	0.66687
11	0.00986	0.00827	0.00906	0.00835	0.01047	0.00933	0.00654	0.01968	0.60564	0.01787	0.14906	0.02223	0.01919	0.00706	0.00476	0.00153	0.00332	0.07702	0.00452	0.00626
12	0.00701	0.00571	0.02867	0.02302	0.03572	0.00518	0.06891	0.00836	0.00910	0.05235	0.03594	0.52949	0.09595	0.02130	0.00584	0.00172	0.02473	0.03296	0.00380	0.00424
13	0.00947	0.00828	0.02975	0.32640	0.23223	0.00858	0.04217	0.01192	0.00963	0.07269	0.01387	0.03181	0.08720	0.03824	0.00535	0.00157	0.00504	0.05765	0.00270	0.00545
14	0.00967	0.03988	0.58987	0.01132	0.01670	0.00973	0.03079	0.05334	0.02454	0.05747	0.10446	0.01262	0.01042	0.00490	0.00433	0.00138	0.00569	0.00397	0.00259	0.00632
15	0.00546	0.00409	0.00501	0.00571	0.00632	0.00372	0.00395	0.00634	0.00886	0.01140	0.02935	0.55118	0.24310	0.05452	0.00638	0.00184	0.00262	0.04252	0.00403	0.00360
16	0.01136	0.01003	0.03360	0.09584	0.31812	0.06419	0.00983	0.03361	0.15526	0.08905	0.02731	0.01438	0.00992	0.08222	0.02482	0.00176	0.00506	0.00441	0.00304	0.00619
17	0.00981	0.00879	0.01445	0.39261	0.30467	0.00982	0.02384	0.03630	0.00973	0.03965	0.02689	0.03870	0.00821	0.01831	0.00517	0.00148	0.03912	0.00437	0.00238	0.00573
18	0.00835	0.00784	0.01320	0.78559	0.05641	0.00968	0.01210	0.01123	0.00886	0.01139	0.00829	0.03308	0.00652	0.00464	0.00445	0.00147	0.00578	0.00415	0.00203	0.00494
19	0.01066	0.01100	0.08114	0.12935	0.53844	0.01016	0.07562	0.01356	0.00997	0.04618	0.00896	0.01201	0.00728	0.00424	0.00447	0.00137	0.00552	0.02118	0.00231	0.00656
20	0.01083	0.24267	0.07929	0.12187	0.20976	0.04181	0.12185	0.01331	0.00976	0.04096	0.01924	0.01170	0.02684	0.00453	0.00426	0.01190	0.00549	0.01576	0.00228	0.00590

[dist]
# distance from previous block
# <min> <max>
5	13

[block]
# block no. 1 follows, 59 sequences, length 54
# corresponding to MSA columns:
# 1157-1210
name=unknown_B
#
# <colnr> <probs for GDERKNQSTAVLIFYWHMCP>
#	G	D	E	R	K	N	Q	S	T	A	V	L	I	F	Y	W	H	M	C	P
0	0.00896	0.01114	0.22243	0.00875	0.03584	0.00718	0.00831	0.02656	0.04470	0.05398	0.05665	0.08499	0.10543	0.00600	0.00442	0.00121	0.01957	0.00497	0.00306	0.28586
1	0.01172	0.02691	0.07039	0.04061	0.05377	0.16405	0.13542	0.03676	0.04579	0.08063	0.04200	0.05127	0.00950	0.00483	0.00424	0.00120	0.00529	0.00421	0.00291	0.20851
2	0.00958	0.00872	0.01205	0.17826	0.18749	0.02922	0.00875	0.01177	0.00934	0.02456	0.02034	0.01152	0.03220	0.00432	0.00457	0.00110	0.05699	0.00356	0.00246	0.38322
3	0.00834	0.00785	0.01325	0.83417	0.03042	0.00981	0.01227	0.01128	0.00883	0.01128	0.00785	0.01178	0.00589	0.00442	0.00442	0.00147	0.00589	0.00393	0.00196	0.00491
4	0.04195	0.01395	0.01299	0.02992	0.03934	0.19387	0.00854	0.54997	0.01780	0.03461	0.00960	0.01002	0.00702	0.00504	0.00427	0.00129	0.00553	0.00368	0.00378	0.00682
5	0.14515	0.03906	0.04588	0.01014	0.04735	0.05987	0.04470	0.16837	0.31236	0.06377	0.01241	0.01228	0.00922	0.00511	0.00414	0.00139	0.00445	0.00405	0.00373	0.00656
6	0.00662	0.00468	0.00576	0.00564	0.00578	0.00505	0.00362	0.00692	0.00655	0.00897	0.01294	0.02542	0.01440	0.63581	0.16408	0.02074	0.05551	0.00592	0.00256	0.00302
7	0.00622	0.00471	0.00568	0.00606	0.00692	0.00451	0.00429	0.04535	0.04519	0.01301	0.08790	0.50820	0.20651	0.01245	0.01972	0.00175	0.00277	0.01059	0.00416	0.00401
8	0.00962	0.23588	0.61554	0.01129	0.01711	0.01212	0.01405	0.01379	0.00923	0.01306	0.00746	0.00875	0.00561	0.00409	0.00384	0.00128	0.00606	0.00303	0.00187	0.00631
9	0.00767	0.00384	0.00575	0.00575	0.00575	0.00384	0.00384	0.00575	0.00575	0.00767	0.00767	0.01343	0.00767	0.01534	0.01726	0.87150	0.00384	0.00384	0.00192	0.00192
10	0.01650	0.02105	0.01252	0.01138	0.01365	0.82705	0.00853	0.01764	0.01252	0.01081	0.00683	0.00796	0.00569	0.00455	0.00398	0.00114	0.00796	0.00284	0.00228	0.00512
11	0.00697	0.00646	0.04679	0.21159	0.01408	0.00682	0.02208	0.00895	0.00781	0.01082	0.01187	0.10234	0.01139	0.04449	0.44664	0.00461	0.02426	0.00533	0.00242	0.00428
12	0.02838	0.21773	0.20194	0.10845	0.09790	0.10465	0.01080	0.10292	0.01091	0.04134	0.00806	0.00969	0.00635	0.01772	0.00431	0.00130	0.01579	0.00330	0.00240	0.00605
13	0.03083	0.00826	0.01042	0.00810	0.01136	0.00780	0.00666	0.15891	0.03811	0.59249	0.05371	0.01548	0.02553	0.00570	0.00446	0.00137	0.00384	0.00459	0.00516	0.00724
14	0.00886	0.02285	0.82190	0.01259	0.01912	0.01026	0.01632	0.01399	0.00932	0.01399	0.00793	0.00932	0.00559	0.00420	0.00420	0.00140	0.00653	0.00326	0.00186	0.00653
15	0.00547	0.00423	0.00500	0.00553	0.00634	0.00381	0.00387	0.00666	0.02536	0.01193	0.06371	0.47995	0.33734	0.01245	0.00543	0.00165	0.00243	0.01095	0.00414	0.00373
16	0.00649	0.00465	0.00633	0.04460	0.00751	0.00513	0.00452	0.00734	0.00685	0.00948	0.01248	0.02217	0.01297	0.39491	0.40967	0.02562	0.00799	0.00543	0.00248	0.00337
17	0.03311	0.00769	0.01009	0.00780	0.01110	0.00690	0.00643	0.07094	0.01292	0.71889	0.01666	0.01469	0.01063	0.00542	0.00435	0.00135	0.00374	0.00436	0.04562	0.00731
18	0.00642	0.00428	0.00482	0.00482	0.00482	0.00428	0.00268	0.00642	0.00642	0.00856	0.01392	0.02890	0.01606	0.84478	0.02248	0.00428	0.00428	0.00642	0.00268	0.00268
19	0.50904	0.01244	0.00905	0.00792	0.01063	0.24255	0.00629	0.09465	0.01049	0.05122	0.00726	0.00807	0.00557	0.00441	0.00333	0.00130	0.00487	0.00277	0.00289	0.00527
20	0.01128	0.01152	0.04520	0.04768	0.54067	0.05808	0.12572	0.03615	0.02244	0.02995	0.02347	0.01143	0.00762	0.00416	0.00449	0.00134	0.00566	0.00413	0.00239	0.00663
21	0.00834	0.00785	0.01325	0.83417	0.03042	0.00981	0.01227	0.01128	0.00883	0.01128	0.00785	0.01178	0.00589	0.00442	0.00442	0.00147	0.00589	0.00393	0.00196	0.00491
22	0.00537	0.00388	0.00509	0.00606	0.00638	0.00360	0.00406	0.00616	0.00855	0.01131	0.02548	0.79736	0.07302	0.01369	0.00561	0.00178	0.00254	0.01238	0.00410	0.00360
23	0.34286	0.01132	0.01154	0.02242	0.09303	0.09843	0.04088	0.22467	0.03244	0.01949	0.00805	0.00921	0.00621	0.00472	0.00439	0.00137	0.05673	0.00332	0.00304	0.00588
24	0.00886	0.02285	0.82190	0.01259	0.01912	0.01026	0.01632	0.01399	0.00932	0.01399	0.00793	0.00932	0.00559	0.00420	0.00420	0.00140	0.00653	0.00326	0.00186	0.00653
25	0.01215	0.18523	0.23259	0.01284	0.10852	0.14373	0.05551	0.11220	0.06976	0.01484	0.00855	0.00967	0.00666	0.00438	0.00401	0.00126	0.00587	0.00342	0.00250	0.00630
26	0.00633	0.00427	0.00485	0.00489	0.00498	0.00423	0.00280	0.00646	0.00680	0.00904	0.03623	0.06804	0.04379	0.75607	0.02066	0.00400	0.00408	0.00685	0.00285	0.00279
27	0.01172	0.40977	0.16999	0.03385	0.06046	0.13206	0.04187	0.01425	0.02607	0.02665	0.00782	0.00979	0.00663	0.00432	0.00365	0.00117	0.00564	0.02630	0.00216	0.00583
28	0.06728	0.02896	0.04421	0.06625	0.03462	0.05890	0.02751	0.09236	0.12034	0.04089	0.03387	0.15156	0.06814	0.00706	0.00449	0.00140	0.00412	0.04471	0.00348	0.09984
29	0.05163	0.20923	0.22512	0.01129	0.08417	0.12052	0.02394	0.08709	0.01092	0.02931	0.04256	0.00994	0.00763	0.00438	0.00382	0.00119	0.00544	0.00330	0.00248	0.06604
30	0.00781	0.00584	0.02266	0.00949	0.12662	0.00537	0.00606	0.03254	0.00990	0.07157	0.10635	0.45529	0.06135	0.02577	0.00556	0.00167	0.00320	0.03442	0.00394	0.00461
31	0.00538	0.00384	0.00512	0.00615	0.00641	0.00359	0.00410	0.00615	0.00846	0.01127	0.02434	0.84190	0.02921	0.01384	0.00564	0.00179	0.00256	0.01256	0.00410	0.00359
32	0.00974	0.04128	0.13584	0.18171	0.10618	0.07787	0.18695	0.02547	0.02862	0.01337	0.05251	0.09932	0.01066	0.00545	0.00464	0.00143	0.00577	0.00512	0.00253	0.00557
33	0.01047	0.01190	0.09216	0.17104	0.05762	0.02543	0.45577	0.01446	0.05351	0.04923	0.00944	0.01193	0.00700	0.00412	0.00484	0.00146	0.00661	0.00465	0.00241	0.00596
34	0.01957	0.00792	0.01050	0.00805	0.01147	0.00708	0.00665	0.08576	0.01331	0.75511	0.01686	0.01467	0.01065	0.00545	0.00444	0.00136	0.00385	0.00440	0.00538	0.00752
35	0.00608	0.00415	0.00495	0.00527	0.00539	0.00405	0.00318	0.00639	0.00726	0.00970	0.03973	0.29431	0.02107	0.55024	0.01650	0.00339	0.00366	0.00847	0.00320	0.00302
36	0.00948	0.00806	0.00861	0.00791	0.01002	0.00900	0.00609	0.01887	0.58636	0.01718	0.09854	0.05796	0.12842	0.00735	0.00471	0.00150	0.00314	0.00622	0.00446	0.00612
37	0.01049	0.15758	0.08570	0.01235	0.01487	0.02951	0.19451	0.03272	0.05197	0.01252	0.00767	0.01031	0.00655	0.01599	0.00852	0.00159	0.33545	0.00394	0.00221	0.00554
38	0.00911	0.00967	0.06595	0.51701	0.14995	0.02279	0.05905	0.01207	0.00924	0.01240	0.00797	0.01119	0.00615	0.00418	0.00433	0.00136	0.00571	0.00382	0.00207	0.08596
39	0.01550	0.03443	0.11713	0.01034	0.01423	0.01321	0.00933	0.67033	0.01889	0.02548	0.02163	0.01067	0.00771	0.00518	0.00436	0.00133	0.00503	0.00390	0.00403	0.00729
40	0.00639	0.00461	0.00665	0.00665	0.00726	0.00523	0.00496	0.00754	0.00692	0.00984	0.01199	0.01914	0.01174	0.17116	0.65183	0.04691	0.01017	0.00498	0.00240	0.00363
41	0.00776	0.00490	0.00586	0.00545	0.00697	0.00429	0.00413	0.00925	0.01112	0.13298	0.30375	0.08173	0.36862	0.02653	0.00547	0.00151	0.00247	0.00827	0.00454	0.00441
42	0.00945	0.03627	0.06479	0.00840	0.05041	0.10176	0.01909	0.02739	0.04026	0.08948	0.06183	0.12595	0.27096	0.04323	0.00581	0.00156	0.02794	0.00691	0.00360	0.00490
43	0.00992	0.02534	0.07117	0.11392	0.18947	0.02271	0.33982	0.03493	0.01037	0.01411	0.04738	0.05796	0.00996	0.00497	0.00484	0.00145	0.00602	0.02732	0.00250	0.00585
44	0.00908	0.02018	0.64247	0.01362	0.01958	0.01027	0.17221	0.01382	0.00952	0.01395	0.00855	0.03129	0.00642	0.00435	0.00444	0.00143	0.00661	0.00389	0.00200	0.00634
45	0.02300	0.01894	0.61613	0.03259	0.04096	0.00958	0.02673	0.01394	0.03857	0.04756	0.01075	0.03774	0.03233	0.00504	0.00435	0.00143	0.00589	0.02585	0.00234	0.00628
46	0.00925	0.10100	0.14927	0.03882	0.08235	0.00886	0.12283	0.02587	0.02617	0.04840	0.04065	0.07896	0.06227	0.05917	0.00587	0.00167	0.00492	0.12536	0.00299	0.00534
47	0.01029	0.02225	0.08237	0.19226	0.44801	0.02610	0.09006	0.01370	0.04626	0.01377	0.00863	0.01122	0.00688	0.00414	0.00443	0.00137	0.00566	0.00401	0.00222	0.00637
48	0.01100	0.01057	0.02192	0.06542	0.02093	0.00999	0.60358	0.01423	0.01044	0.10604	0.01099	0.07399	0.00881	0.00472	0.00511	0.00150	0.00657	0.00559	0.00273	0.00590
49	0.01051	0.01135	0.12331	0.19066	0.44382	0.01002	0.04495	0.01365	0.02273	0.05926	0.00912	0.02488	0.00726	0.00434	0.00442	0.00138	0.00548	0.00408	0.00235	0.00643
50	0.02383	0.07784	0.34366	0.03405	0.15585	0.03621	0.09943	0.06327	0.02368	0.08747	0.00910	0.01042	0.00669	0.00429	0.00426	0.00135	0.00586	0.00370	0.00252	0.00653
51	0.00723	0.00554	0.02637	0.00767	0.04646	0.00498	0.02068	0.00923	0.02682	0.05215	0.32338	0.23112	0.06463	0.02199	0.00559	0.00164	0.00302	0.13285	0.00426	0.00441
52	0.78705	0.03317	0.05532	0.00634	0.00932	0.02279	0.00560	0.01312	0.00774	0.01907	0.00627	0.00731	0.00487	0.00410	0.00284	0.00135	0.00371	0.00245	0.00265	0.00492
53	0.02352	0.04389	0.00587	0.00525	0.00657	0.00477	0.00394	0.00749	0.02872	0.01260	0.12408	0.15379	0.47345	0.05550	0.00605	0.00166	0.00260	0.03236	0.00399	0.00390

[dist]
# distance from previous block
# <min> <max>
2	10

[block]
# block no. 2 follows, 59 sequences, length 28
# corresponding to MSA columns:
# 1279-1306
name=unknown_C
#
# <colnr> <probs for GDERKNQSTAVLIFYWHMCP>
#	G	D	E	R	K	N	Q	S	T	A	V	L	I	F	Y	W	H	M	C	P
0	0.07545	0.13894	0.07658	0.01273	0.11832	0.12645	0.12541	0.07259	0.04865	0.05210	0.03628	0.01121	0.00818	0.02483	0.00479	0.00135	0.02791	0.00380	0.00271	0.03170
1	0.02779	0.02161	0.00713	0.00770	0.06395	0.00530	0.00548	0.03022	0.01018	0.01365	0.13856	0.21806	0.21168	0.01112	0.02745	0.00176	0.00330	0.16760	0.00392	0.02352
2	0.01069	0.01187	0.14717	0.04258	0.21148	0.03672	0.11169	0.10113	0.03747	0.05003	0.03748	0.07283	0.04532	0.00631	0.02699	0.00156	0.02080	0.00499	0.00291	0.01997
3	0.01153	0.56534	0.04206	0.00862	0.01159	0.01578	0.00816	0.06922	0.00938	0.01198	0.00669	0.00822	0.00600	0.00476	0.00541	0.00119	0.17729	0.00287	0.02832	0.00560
4	0.01650	0.02105	0.01252	0.01138	0.01365	0.82705	0.00853	0.01764	0.01252	0.01081	0.00683	0.00796	0.00569	0.00455	0.00398	0.00114	0.00796	0.00284	0.00228	0.00512
5	0.02498	0.02083	0.08965	0.22440	0.06071	0.01046	0.05593	0.14590	0.12912	0.04246	0.01090	0.02533	0.00866	0.02542	0.04819	0.00182	0.04914	0.01718	0.00299	0.00593
6	0.02505	0.12271	0.44848	0.01215	0.04329	0.02562	0.07618	0.05228	0.03531	0.03228	0.00863	0.01049	0.00663	0.00452	0.00453	0.00135	0.03852	0.01936	0.00229	0.03035
7	0.00574	0.00407	0.00537	0.00626	0.00659	0.00389	0.00433	0.00659	0.00840	0.01118	0.02277	0.63301	0.02686	0.11175	0.02267	0.00221	0.00312	0.10776	0.00390	0.00355
8	0.01000	0.00597	0.00696	0.00603	0.00810	0.00544	0.00474	0.08802	0.01217	0.20610	0.17726	0.03112	0.40296	0.00886	0.00496	0.00143	0.00283	0.00740	0.00460	0.00508
9	0.02951	0.06269	0.33498	0.04235	0.14152	0.02998	0.07395	0.07635	0.02375	0.02987	0.03459	0.03526	0.04074	0.00509	0.00437	0.00138	0.00555	0.01933	0.00257	0.00617
10	0.01024	0.05328	0.31697	0.09131	0.21291	0.05841	0.05132	0.02390	0.02627	0.03448	0.00959	0.03673	0.01876	0.00479	0.00454	0.00139	0.02219	0.01443	0.00231	0.00619
11	0.87598	0.00854	0.00649	0.00581	0.00854	0.00991	0.00478	0.01298	0.00752	0.01982	0.00615	0.00717	0.00478	0.00410	0.00273	0.00137	0.00342	0.00239	0.00273	0.00478
12	0.09065	0.10384	0.23130	0.10747	0.12172	0.05533	0.03920	0.02588	0.03195	0.08503	0.00912	0.02729	0.00712	0.00523	0.02255	0.00148	0.02263	0.00369	0.00252	0.00601
13	0.01066	0.05532	0.22272	0.06035	0.20982	0.03047	0.10421	0.05691	0.05608	0.03882	0.00937	0.01171	0.00739	0.00551	0.03001	0.00157	0.05231	0.01754	0.01292	0.00627
14	0.00548	0.00415	0.00483	0.00530	0.00599	0.00375	0.00359	0.00626	0.00875	0.01110	0.03045	0.41080	0.32568	0.14322	0.00812	0.00207	0.00271	0.01037	0.00388	0.00350
15	0.00899	0.00616	0.00707	0.00664	0.00850	0.00604	0.00524	0.02723	0.18168	0.12510	0.07772	0.07142	0.32970	0.00931	0.00508	0.00155	0.00301	0.11006	0.00442	0.00508
16	0.04730	0.04016	0.04687	0.06019	0.09372	0.05813	0.03052	0.42473	0.06511	0.03610	0.00992	0.01069	0.00736	0.00499	0.00461	0.00134	0.03273	0.00385	0.00354	0.01815
17	0.01121	0.10283	0.21529	0.11017	0.08397	0.09359	0.10300	0.02913	0.04450	0.08569	0.01073	0.05605	0.02454	0.00501	0.00433	0.00136	0.00570	0.00430	0.00264	0.00598
18	0.00645	0.00469	0.00608	0.00599	0.00689	0.00493	0.00447	0.00820	0.03236	0.01225	0.15210	0.02492	0.12930	0.12989	0.37926	0.00434	0.00684	0.00610	0.07103	0.00389
19	0.00631	0.00455	0.00554	0.00533	0.00654	0.00406	0.00398	0.00799	0.01145	0.04210	0.48854	0.09252	0.28495	0.00993	0.00522	0.00145	0.00222	0.00861	0.00459	0.00410
20	0.01015	0.06779	0.16754	0.09418	0.15013	0.07548	0.10652	0.03841	0.04221	0.02861	0.03937	0.06431	0.06598	0.00547	0.00446	0.00137	0.00537	0.00484	0.00267	0.02515
21	0.07100	0.01106	0.03010	0.07502	0.11246	0.14524	0.07811	0.07399	0.04098	0.21769	0.01298	0.03949	0.04392	0.00529	0.00435	0.00136	0.00510	0.00443	0.02131	0.00613
22	0.00767	0.00687	0.08560	0.00737	0.00870	0.00621	0.00617	0.02531	0.00773	0.05568	0.01200	0.01870	0.01140	0.21499	0.46905	0.00527	0.03955	0.00492	0.00259	0.00420
23	0.00547	0.00398	0.00525	0.00607	0.00649	0.00376	0.00415	0.00638	0.00864	0.01152	0.05816	0.68846	0.08625	0.01486	0.06599	0.00214	0.00320	0.01155	0.00400	0.00365
24	0.07751	0.01146	0.09743	0.22511	0.07919	0.08766	0.04306	0.10388	0.06584	0.07168	0.03165	0.05249	0.00903	0.00524	0.00452	0.00141	0.01974	0.00434	0.00295	0.00583
25	0.03668	0.01018	0.06866	0.01224	0.11235	0.03077	0.10806	0.08055	0.14238	0.04917	0.04877	0.05774	0.04121	0.02118	0.05303	0.00183	0.08536	0.00505	0.00319	0.03162
26	0.01277	0.00891	0.02394	0.00916	0.03550	0.03245	0.04011	0.21935	0.07863	0.17687	0.15450	0.05280	0.03171	0.02624	0.03339	0.00167	0.02128	0.01877	0.01587	0.00609
27	0.00574	0.00411	0.00554	0.00628	0.00664	0.00407	0.00436	0.00663	0.00810	0.01092	0.02105	0.57480	0.02451	0.10185	0.15062	0.00298	0.00443	0.05014	0.00365	0.00358

[dist]
# distance from previous block
# <min> <max>
0	3

[block]
# block no. 3 follows, 59 sequences, length 33
# corresponding to MSA columns:
# 1310-1342
name=unknown_D
#
# <colnr> <probs for GDERKNQSTAVLIFYWHMCP>
#	G	D	E	R	K	N	Q	S	T	A	V	L	I	F	Y	W	H	M	C	P
0	0.00945	0.00802	0.00931	0.00668	0.01059	0.00618	0.00535	0.04102	0.00960	0.01490	0.00795	0.00921	0.00658	0.00335	0.00331	0.00068	0.00333	0.00267	0.00268	0.83913
1	0.01013	0.02808	0.36018	0.06937	0.07646	0.04087	0.03994	0.04237	0.02466	0.07401	0.02818	0.07630	0.01019	0.00585	0.00499	0.00147	0.04424	0.05402	0.00271	0.00597
2	0.00973	0.12566	0.54082	0.02859	0.03847	0.01076	0.03200	0.04313	0.00987	0.03197	0.02582	0.02181	0.01589	0.00447	0.00408	0.00131	0.00581	0.00355	0.00222	0.04403
3	0.50613	0.00745	0.00644	0.00590	0.00797	0.03241	0.00469	0.01138	0.00841	0.01723	0.08347	0.01403	0.05802	0.02733	0.07003	0.00186	0.01973	0.00382	0.09288	0.02080
4	0.00620	0.00507	0.00632	0.01935	0.02723	0.00460	0.03210	0.00763	0.01036	0.02829	0.19227	0.08077	0.50756	0.02871	0.00576	0.00155	0.01953	0.00860	0.00406	0.00406
5	0.02355	0.03807	0.12225	0.04721	0.09079	0.06070	0.07236	0.03835	0.02172	0.04956	0.03196	0.08756	0.14302	0.01812	0.02060	0.00160	0.00474	0.07933	0.04328	0.00522
6	0.09158	0.00938	0.01111	0.00922	0.04385	0.03579	0.01847	0.20761	0.03527	0.45200	0.01393	0.01292	0.00927	0.00520	0.00425	0.00134	0.00420	0.00410	0.02343	0.00707
7	0.00563	0.00431	0.00499	0.00516	0.00607	0.00386	0.00363	0.00674	0.00977	0.01263	0.20497	0.23217	0.35920	0.11184	0.00740	0.00188	0.00253	0.00946	0.00410	0.00366
8	0.01051	0.00880	0.01342	0.17477	0.11454	0.01055	0.04983	0.02354	0.04210	0.10126	0.02273	0.04371	0.00862	0.00738	0.04305	0.00186	0.31067	0.00450	0.00266	0.00550
9	0.05167	0.27913	0.10490	0.06609	0.05415	0.21014	0.02447	0.12037	0.01152	0.02872	0.00758	0.00876	0.00607	0.00431	0.00373	0.00118	0.00580	0.00307	0.00245	0.00589
10	0.00761	0.00586	0.00833	0.00781	0.00844	0.00713	0.00609	0.00886	0.00717	0.04399	0.01103	0.01707	0.01054	0.12996	0.51473	0.00538	0.18868	0.00475	0.00244	0.00412
11	0.00538	0.00384	0.00512	0.00615	0.00641	0.00359	0.00410	0.00615	0.00846	0.01127	0.02434	0.84190	0.02921	0.01384	0.00564	0.00179	0.00256	0.01256	0.00410	0.00359
12	0.00727	0.00560	0.00674	0.00703	0.00812	0.00576	0.00527	0.04069	0.17199	0.01417	0.07966	0.40926	0.07845	0.01115	0.00537	0.00170	0.00302	0.12997	0.00424	0.00455
13	0.01545	0.01225	0.02982	0.03101	0.05073	0.05712	0.00862	0.57826	0.07683	0.05050	0.01175	0.01220	0.02310	0.00541	0.00443	0.00135	0.00491	0.01504	0.00411	0.00712
14	0.01009	0.14905	0.36244	0.01093	0.01551	0.05452	0.07761	0.01526	0.14922	0.01416	0.04002	0.01181	0.02245	0.00468	0.00412	0.00131	0.00548	0.00381	0.00256	0.04497
15	0.06429	0.16908	0.43972	0.01197	0.07044	0.01131	0.04923	0.02433	0.02072	0.06189	0.00830	0.00946	0.00618	0.00416	0.00391	0.00129	0.00563	0.00327	0.00227	0.03257
16	0.00879	0.00766	0.00858	0.00854	0.05040	0.06289	0.02490	0.04929	0.18952	0.01568	0.18526	0.04952	0.16648	0.00845	0.00501	0.00152	0.00357	0.13113	0.01772	0.00509
17	0.00546	0.00392	0.00519	0.00613	0.00646	0.00365	0.00415	0.00632	0.00873	0.01165	0.06368	0.76831	0.04682	0.01351	0.00562	0.00177	0.00256	0.02832	0.00414	0.00363
18	0.05329	0.00864	0.01077	0.00829	0.01170	0.00823	0.00685	0.19466	0.01424	0.61234	0.01546	0.01374	0.00993	0.00538	0.00437	0.00136	0.00399	0.00426	0.00512	0.00741
19	0.01147	0.04386	0.03056	0.03032	0.14621	0.19150	0.00959	0.03727	0.07251	0.01251	0.00840	0.03138	0.00746	0.00726	0.04692	0.00179	0.29917	0.00394	0.00240	0.00550
20	0.00811	0.00528	0.00653	0.02250	0.00785	0.00491	0.00462	0.02171	0.05007	0.11828	0.42797	0.06238	0.22470	0.00900	0.00507	0.00143	0.00254	0.00775	0.00464	0.00466
21	0.10166	0.01001	0.01125	0.00874	0.01209	0.01044	0.00721	0.42058	0.01623	0.31145	0.01364	0.01282	0.03269	0.00542	0.00429	0.00135	0.00424	0.00415	0.00462	0.00713
22	0.01093	0.00995	0.05594	0.03842	0.16306	0.06102	0.02204	0.20926	0.03861	0.03063	0.02933	0.19282	0.02619	0.07371	0.00610	0.00167	0.00457	0.00613	0.01394	0.00568
23	0.06982	0.01070	0.01277	0.01151	0.04230	0.11131	0.02419	0.02498	0.00806	0.01183	0.00742	0.06499	0.00737	0.00724	0.01108	0.00175	0.56128	0.00425	0.00223	0.00493
24	0.00534	0.00415	0.00486	0.00537	0.00621	0.00367	0.00376	0.00631	0.00932	0.01178	0.05959	0.45271	0.38625	0.01248	0.00543	0.00164	0.00240	0.01094	0.00413	0.00367
25	0.87598	0.00854	0.00649	0.00581	0.00854	0.00991	0.00478	0.01298	0.00752	0.01982	0.00615	0.00717	0.00478	0.00410	0.00273	0.00137	0.00342	0.00239	0.00273	0.00478
26	0.01012	0.00749	0.00842	0.00784	0.00985	0.00806	0.00614	0.05589	0.38924	0.08731	0.02210	0.13322	0.11016	0.00828	0.00488	0.00157	0.00335	0.09841	0.02182	0.00583
27	0.01170	0.09612	0.01662	0.04112	0.49055	0.03288	0.03058	0.04519	0.10035	0.05953	0.01048	0.01199	0.02440	0.00446	0.00426	0.00131	0.00498	0.00404	0.00272	0.00671
28	0.01120	0.67755	0.18771	0.00859	0.01294	0.01599	0.00936	0.01338	0.00905	0.01113	0.00651	0.00755	0.00565	0.00386	0.00311	0.00104	0.00509	0.00255	0.00188	0.00584
29	0.00530	0.00414	0.00482	0.00536	0.00620	0.00365	0.00375	0.00624	0.00922	0.01158	0.03399	0.46403	0.40086	0.01258	0.00544	0.00165	0.00241	0.01103	0.00410	0.00365
30	0.00542	0.00441	0.00481	0.00497	0.00622	0.00380	0.00369	0.00662	0.01008	0.01247	0.11841	0.15938	0.59182	0.01140	0.00531	0.00155	0.00234	0.03937	0.00418	0.00376
31	0.00599	0.00464	0.00701	0.00753	0.02211	0.00440	0.06124	0.00709	0.00867	0.01159	0.02245	0.68463	0.02635	0.02864	0.02285	0.00193	0.00328	0.06189	0.00387	0.00384
32	0.01336	0.09322	0.01147	0.00837	0.01120	0.01078	0.00685	0.23426	0.28921	0.12807	0.05048	0.01448	0.01178	0.00556	0.00419	0.00133	0.00382	0.00442	0.09050	0.00666

[dist]
# distance from previous block
# <min> <max>
5	8

[block]
# block no. 4 follows, 59 sequences, length 20
# corresponding to MSA columns:
# 1391-1410
name=unknown_E
#
# <colnr> <probs for GDERKNQSTAVLIFYWHMCP>
#	G	D	E	R	K	N	Q	S	T	A	V	L	I	F	Y	W	H	M	C	P
0	0.02440	0.16639	0.24970	0.03029	0.04175	0.03444	0.01029	0.16591	0.10775	0.08001	0.01089	0.03093	0.01837	0.00497	0.00408	0.00131	0.00508	0.00385	0.00308	0.00650
1	0.02219	0.03728	0.22158	0.02522	0.17535	0.12328	0.11074	0.05556	0.06260	0.03501	0.02205	0.01196	0.03717	0.00462	0.00433	0.00132	0.00580	0.00401	0.00259	0.03730
2	0.04773	0.06840	0.25319	0.03085	0.07166	0.04159	0.06881	0.13296	0.05507	0.04077	0.03569	0.03670	0.00906	0.01504	0.03970	0.00163	0.00557	0.00415	0.03533	0.00610
3	0.01165	0.00944	0.00990	0.00863	0.01111	0.02999	0.00676	0.18582	0.46442	0.04089	0.04846	0.06427	0.07563	0.00675	0.00461	0.00146	0.00370	0.00558	0.00441	0.00652
4	0.00581	0.00441	0.00622	0.02602	0.00771	0.00433	0.02480	0.00682	0.00856	0.01141	0.02316	0.68232	0.04964	0.01381	0.03843	0.00200	0.02400	0.05293	0.00388	0.00375
5	0.01739	0.00843	0.01103	0.00854	0.01177	0.00802	0.03802	0.19169	0.01419	0.52751	0.06555	0.01567	0.01219	0.00569	0.00450	0.00136	0.00400	0.01740	0.02995	0.00709
6	0.01258	0.12403	0.05015	0.16326	0.08632	0.25395	0.03510	0.04576	0.10704	0.04508	0.02962	0.01103	0.00799	0.00468	0.00412	0.00128	0.00587	0.00366	0.00268	0.00579
7	0.05771	0.00945	0.00976	0.00851	0.01103	0.02341	0.00670	0.14857	0.51947	0.03363	0.03956	0.01536	0.01254	0.00577	0.00428	0.00141	0.00362	0.00466	0.07796	0.00661
8	0.00591	0.00409	0.00495	0.00542	0.00558	0.00395	0.00335	0.00630	0.00745	0.00990	0.01952	0.40300	0.04303	0.44096	0.01429	0.00306	0.00344	0.00932	0.00337	0.00312
9	0.00876	0.00808	0.02915	0.04526	0.38703	0.00797	0.02174	0.02304	0.01831	0.01306	0.01402	0.19468	0.04464	0.06244	0.06184	0.00203	0.02597	0.00626	0.02028	0.00544
10	0.05169	0.00792	0.01033	0.00795	0.01135	0.00716	0.00657	0.07977	0.01306	0.73085	0.01649	0.01441	0.01045	0.00540	0.00438	0.00136	0.00383	0.00433	0.00529	0.00741
11	0.00570	0.00424	0.00531	0.00558	0.00640	0.00385	0.00398	0.00707	0.01041	0.01401	0.34923	0.35867	0.18656	0.01137	0.00538	0.00157	0.00231	0.01007	0.00441	0.00385
12	0.00652	0.00486	0.00578	0.00546	0.00679	0.00447	0.00412	0.00887	0.05701	0.03517	0.50386	0.03467	0.28709	0.00946	0.00515	0.00143	0.00225	0.00816	0.00461	0.00427
13	0.41278	0.00948	0.04174	0.00801	0.01117	0.00959	0.04221	0.11372	0.01084	0.25435	0.01019	0.01029	0.00708	0.00477	0.00405	0.00139	0.03524	0.00341	0.00366	0.00605
14	0.01863	0.00731	0.00980	0.00762	0.01083	0.00643	0.00626	0.02066	0.03424	0.73547	0.03275	0.01551	0.01162	0.00553	0.00438	0.00135	0.00362	0.00451	0.05624	0.00724
15	0.00538	0.00397	0.00504	0.00586	0.00634	0.00363	0.00398	0.00625	0.00885	0.01159	0.05292	0.68569	0.15783	0.01325	0.00556	0.00173	0.00249	0.01188	0.00412	0.00363
16	0.01228	0.01101	0.14960	0.04287	0.04756	0.05206	0.07468	0.06863	0.04077	0.22525	0.06323	0.06201	0.03049	0.05310	0.02164	0.00170	0.00497	0.02854	0.00363	0.00600
17	0.00941	0.07145	0.26669	0.18276	0.09591	0.01033	0.13312	0.04841	0.00988	0.01363	0.01988	0.08813	0.00871	0.00518	0.00462	0.00143	0.01766	0.00467	0.00234	0.00581
18	0.04225	0.01158	0.01230	0.00958	0.01288	0.01283	0.00787	0.69279	0.05272	0.02644	0.01103	0.01114	0.00793	0.00528	0.00428	0.00131	0.00457	0.00398	0.06206	0.00718
19	0.01375	0.01124	0.03727	0.00990	0.01301	0.03920	0.06685	0.50507	0.04233	0.02341	0.16088	0.01505	0.01397	0.00584	0.00458	0.00135	0.00460	0.00479	0.02034	0.00658

[dist]
# distance from previous block
# <min> <max>
0	8

[block]
# block no. 5 follows, 59 sequences, length 26
# corresponding to MSA columns:
# 1422-1447
name=unknown_F
#
# <colnr> <probs for GDERKNQSTAVLIFYWHMCP>
#	G	D	E	R	K	N	Q	S	T	A	V	L	I	F	Y	W	H	M	C	P
0	0.00883	0.00859	0.01413	0.56238	0.02492	0.01089	0.06145	0.01129	0.00838	0.01129	0.00737	0.01122	0.00591	0.00526	0.00716	0.00160	0.22841	0.00399	0.00197	0.00495
1	0.04414	0.00787	0.00990	0.00784	0.01096	0.00742	0.00639	0.07268	0.10767	0.56836	0.06163	0.01561	0.01249	0.00563	0.00438	0.00136	0.00365	0.00457	0.02470	0.02276
2	0.13263	0.02409	0.09111	0.03026	0.03745	0.04009	0.04043	0.15191	0.01138	0.19120	0.01119	0.01374	0.00882	0.11889	0.05747	0.00211	0.02384	0.00414	0.00340	0.00584
3	0.00926	0.00887	0.05526	0.08397	0.10307	0.07498	0.02050	0.04827	0.04785	0.04861	0.06079	0.28450	0.04271	0.02499	0.00592	0.00160	0.06330	0.00716	0.00334	0.00504
4	0.00634	0.00425	0.00484	0.00492	0.00494	0.00423	0.00279	0.00640	0.00658	0.00877	0.01472	0.09175	0.01707	0.78054	0.02118	0.00409	0.00415	0.00690	0.00279	0.00275
5	0.00601	0.00449	0.00557	0.00534	0.00646	0.00406	0.00399	0.00785	0.01187	0.01630	0.62796	0.05527	0.20933	0.00962	0.00522	0.00142	0.00213	0.00839	0.00468	0.00406
6	0.00875	0.00871	0.03533	0.66919	0.12268	0.01007	0.02910	0.01166	0.00895	0.01177	0.00785	0.01154	0.00603	0.00446	0.00479	0.00147	0.03651	0.00393	0.00199	0.00522
7	0.01181	0.84744	0.02314	0.00756	0.01134	0.01748	0.00756	0.01323	0.00897	0.01039	0.00614	0.00708	0.00567	0.00378	0.00283	0.00094	0.00472	0.00236	0.00189	0.00567
8	0.00617	0.00422	0.00485	0.00502	0.00516	0.00413	0.00296	0.00637	0.00701	0.00925	0.01770	0.16963	0.06989	0.64807	0.01847	0.00367	0.00385	0.00766	0.00301	0.00290
9	0.00563	0.00425	0.00520	0.00547	0.00634	0.00382	0.00391	0.00694	0.01027	0.01362	0.29493	0.34090	0.25974	0.01146	0.00537	0.00157	0.00231	0.01009	0.00436	0.00382
10	0.00597	0.00434	0.00485	0.00500	0.00610	0.00389	0.00368	0.00734	0.00999	0.01342	0.15787	0.16987	0.39360	0.02720	0.00534	0.00153	0.00234	0.03591	0.13793	0.00383
11	0.03202	0.00875	0.00968	0.00825	0.01085	0.00947	0.00653	0.13658	0.40651	0.13546	0.10879	0.01687	0.01500	0.00600	0.00442	0.00139	0.00350	0.00494	0.04115	0.03385
12	0.06307	0.01074	0.03795	0.04562	0.04429	0.01023	0.50318	0.03864	0.06934	0.02869	0.01254	0.03978	0.06468	0.00487	0.00490	0.00148	0.00610	0.00536	0.00272	0.00581
13	0.00553	0.00398	0.00527	0.00625	0.00663	0.00373	0.00434	0.00643	0.00869	0.01148	0.02520	0.73335	0.06531	0.01357	0.00566	0.00180	0.00268	0.08236	0.00410	0.00364
14	0.01568	0.01183	0.02680	0.00914	0.01192	0.24493	0.03951	0.09350	0.01301	0.31778	0.10530	0.01448	0.01239	0.00548	0.00434	0.00128	0.00499	0.00433	0.05716	0.00614
15	0.30498	0.14009	0.17692	0.01048	0.01452	0.01147	0.17933	0.02708	0.05582	0.02977	0.00806	0.00935	0.00615	0.00414	0.00374	0.00134	0.00514	0.00338	0.00250	0.00574
16	0.01044	0.01023	0.03372	0.11708	0.54200	0.02481	0.08514	0.01309	0.00997	0.02886	0.04013	0.01269	0.00858	0.03820	0.00521	0.00147	0.00541	0.00429	0.00234	0.00634
17	0.01169	0.76444	0.05551	0.00784	0.01161	0.04302	0.00786	0.01327	0.00920	0.01075	0.02737	0.00788	0.00661	0.00396	0.00299	0.00098	0.00483	0.00256	0.00198	0.00565
18	0.00567	0.00419	0.00531	0.00576	0.00648	0.00383	0.00409	0.00694	0.01000	0.01338	0.26496	0.43874	0.16506	0.01189	0.00545	0.00163	0.00241	0.03607	0.00433	0.00380
19	0.01134	0.01147	0.02624	0.02648	0.01139	0.23562	0.00719	0.07127	0.17855	0.02860	0.01389	0.08838	0.03248	0.04371	0.09962	0.00219	0.03852	0.04575	0.00326	0.02405
20	0.01085	0.18472	0.45458	0.01159	0.04860	0.03018	0.02815	0.08921	0.01057	0.03980	0.00813	0.00925	0.00608	0.00420	0.00393	0.00126	0.00576	0.00321	0.00229	0.04762
21	0.00569	0.00434	0.00517	0.00545	0.00630	0.00404	0.00390	0.00673	0.00906	0.01163	0.08801	0.24046	0.33864	0.12324	0.09176	0.00252	0.00364	0.04202	0.00379	0.00362
22	0.00761	0.00413	0.00574	0.00574	0.00598	0.00417	0.00390	0.00687	0.03877	0.00907	0.01067	0.05015	0.03466	0.03923	0.02690	0.67279	0.00372	0.00453	0.06291	0.00246
23	0.01115	0.04004	0.09882	0.01027	0.04612	0.12468	0.07343	0.06178	0.14700	0.04850	0.05322	0.01526	0.02834	0.00626	0.01626	0.02880	0.03656	0.02884	0.11903	0.00563
24	0.04002	0.00680	0.00766	0.00604	0.00898	0.00553	0.00474	0.03031	0.00971	0.01427	0.05240	0.04503	0.21553	0.00658	0.02113	0.00111	0.00316	0.00494	0.00318	0.51285
25	0.05197	0.09039	0.35508	0.01167	0.06305	0.04872	0.04985	0.10304	0.03777	0.07177	0.02857	0.01172	0.03725	0.00476	0.00416	0.00133	0.00548	0.00380	0.00275	0.01689

[dist]
# distance from previous block
# <min> <max>
0	2

[block]
# block no. 6 follows, 59 sequences, length 11
# corresponding to MSA columns:
# 1450-1460
name=unknown_G
#
# <colnr> <probs for GDERKNQSTAVLIFYWHMCP>
#	G	D	E	R	K	N	Q	S	T	A	V	L	I	F	Y	W	H	M	C	P
0	0.01276	0.20024	0.10490	0.03011	0.11950	0.28614	0.10615	0.03595	0.01075	0.01240	0.00733	0.00899	0.00602	0.00430	0.00437	0.00123	0.03760	0.00330	0.00217	0.00579
1	0.00975	0.00796	0.00962	0.00756	0.04808	0.00613	0.00568	0.01173	0.00937	0.05295	0.00833	0.00952	0.00677	0.00341	0.00338	0.00072	0.00339	0.00277	0.00273	0.79015
2	0.00679	0.00594	0.06028	0.00678	0.01901	0.00515	0.00520	0.00861	0.06654	0.01175	0.06997	0.22562	0.09028	0.15266	0.10275	0.09209	0.00440	0.04051	0.02180	0.00388
3	0.02890	0.09745	0.43403	0.03472	0.07131	0.01079	0.07583	0.06499	0.02941	0.06814	0.02325	0.02514	0.00749	0.00456	0.00421	0.00136	0.00575	0.00379	0.00250	0.00640
4	0.00779	0.00719	0.05794	0.00851	0.05275	0.01686	0.00659	0.01123	0.13616	0.02804	0.05200	0.15404	0.11597	0.02813	0.15683	0.00265	0.01937	0.10899	0.00353	0.02542
5	0.00554	0.00395	0.00523	0.00615	0.00646	0.00371	0.00417	0.00637	0.00856	0.01143	0.04932	0.73702	0.02876	0.05651	0.00651	0.00192	0.00271	0.04804	0.00405	0.00358
6	0.01211	0.06614	0.04324	0.08716	0.13935	0.19343	0.08599	0.04952	0.06304	0.07436	0.01234	0.05180	0.05041	0.00542	0.00437	0.00134	0.00550	0.01768	0.03104	0.00577
7	0.11097	0.15577	0.19434	0.04953	0.05785	0.04172	0.09677	0.09136	0.05322	0.08120	0.02183	0.01047	0.00734	0.00445	0.00399	0.00131	0.00530	0.00361	0.00277	0.00618
8	0.00664	0.00505	0.00617	0.00598	0.00729	0.00476	0.01917	0.02656	0.03004	0.03883	0.15706	0.15846	0.37763	0.02597	0.05399	0.00193	0.01656	0.04968	0.00409	0.00414
9	0.00681	0.00422	0.00522	0.00562	0.00632	0.00398	0.00392	0.00793	0.00897	0.05421	0.06233	0.45787	0.08458	0.06909	0.03027	0.00191	0.00287	0.00938	0.17060	0.00388
10	0.04644	0.03203	0.07546	0.05478	0.16086	0.05178	0.13587	0.10667	0.02823	0.06905	0.01057	0.07478	0.00906	0.00554	0.00536	0.00144	0.07707	0.02288	0.00289	0.02922

[dist]
# distance from previous block
# <min> <max>
1	5

[block]
# block no. 7 follows, 59 sequences, length 25
# corresponding to MSA columns:
# 1466-1490
name=unknown_H
#
# <colnr> <probs for GDERKNQSTAVLIFYWHMCP>
#	G	D	E	R	K	N	Q	S	T	A	V	L	I	F	Y	W	H	M	C	P
0	0.01034	0.05802	0.16873	0.01022	0.07532	0.04781	0.02379	0.09120	0.02286	0.05022	0.02225	0.13085	0.01070	0.01908	0.02080	0.00138	0.00470	0.00476	0.00295	0.22404
1	0.00999	0.00616	0.00748	0.00611	0.00858	0.00512	0.00476	0.01166	0.01053	0.18928	0.16083	0.04974	0.15617	0.04125	0.00507	0.00129	0.00295	0.00569	0.03936	0.27798
2	0.00898	0.05782	0.78802	0.01237	0.01879	0.01056	0.01595	0.01395	0.00931	0.01383	0.00785	0.00923	0.00560	0.00418	0.00414	0.00138	0.00645	0.00323	0.00187	0.00649
3	0.01061	0.00787	0.00929	0.00683	0.01046	0.00633	0.00545	0.05751	0.01006	0.10373	0.00939	0.01087	0.00757	0.03986	0.01917	0.00104	0.00361	0.00310	0.00303	0.67422
4	0.00834	0.00785	0.01325	0.83417	0.03042	0.00981	0.01227	0.01128	0.00883	0.01128	0.00785	0.01178	0.00589	0.00442	0.00442	0.00147	0.00589	0.00393	0.00196	0.00491
5	0.00577	0.00433	0.00526	0.00587	0.00657	0.00400	0.00407	0.03622	0.00934	0.01207	0.02910	0.60393	0.23162	0.01283	0.00548	0.00170	0.00256	0.01140	0.00411	0.00377
6	0.00651	0.00486	0.00536	0.00515	0.00667	0.00431	0.01453	0.00829	0.04406	0.04930	0.08423	0.08912	0.57060	0.01015	0.00501	0.00146	0.00243	0.00857	0.07527	0.00412
7	0.40969	0.00951	0.00859	0.00726	0.00996	0.08454	0.00583	0.11511	0.01083	0.18767	0.02918	0.01136	0.00817	0.04334	0.02634	0.00162	0.00430	0.00347	0.01764	0.00559
8	0.01026	0.07588	0.32492	0.01419	0.06452	0.03143	0.24504	0.03489	0.00995	0.03552	0.00899	0.04169	0.00719	0.00469	0.00511	0.00142	0.05912	0.00425	0.01485	0.00609
9	0.01237	0.00792	0.00890	0.00753	0.00980	0.02200	0.00591	0.17336	0.17584	0.17890	0.15702	0.03226	0.03842	0.06179	0.00568	0.00156	0.00352	0.00542	0.08584	0.00597
10	0.68014	0.00863	0.00755	0.00643	0.00933	0.00960	0.00530	0.06646	0.00922	0.15045	0.00828	0.00868	0.00596	0.00440	0.00312	0.00136	0.00357	0.00283	0.00329	0.00541
11	0.02139	0.00865	0.02766	0.08877	0.27490	0.00839	0.08128	0.03912	0.04130	0.09796	0.19964	0.01770	0.03966	0.00564	0.00463	0.00136	0.00439	0.00519	0.00336	0.02903
12	0.06811	0.01956	0.01206	0.01090	0.01325	0.72072	0.00823	0.03690	0.04859	0.01212	0.00739	0.00837	0.00603	0.00461	0.00394	0.00117	0.00741	0.00294	0.00246	0.00524
13	0.01120	0.00943	0.01009	0.00897	0.01145	0.01087	0.00702	0.09290	0.68501	0.01878	0.01690	0.01600	0.01278	0.00772	0.05877	0.00185	0.00417	0.00488	0.00435	0.00684
14	0.00548	0.00422	0.00498	0.00540	0.00626	0.00376	0.00383	0.00654	0.00954	0.01221	0.11704	0.38165	0.35665	0.03545	0.00590	0.00170	0.00246	0.02910	0.00414	0.00369
15	0.00571	0.00465	0.03212	0.00631	0.00690	0.00401	0.00454	0.00689	0.02268	0.01161	0.02424	0.70423	0.06642	0.03293	0.00592	0.00181	0.00277	0.03249	0.02000	0.00375
16	0.01574	0.00810	0.04613	0.00765	0.01088	0.00668	0.00644	0.06334	0.01205	0.51000	0.07457	0.01594	0.01250	0.06073	0.00551	0.00146	0.00379	0.00450	0.00461	0.12939
17	0.07104	0.00943	0.00897	0.00763	0.01001	0.15066	0.00601	0.07339	0.06071	0.26852	0.13863	0.01607	0.01438	0.00574	0.00416	0.00128	0.00401	0.00453	0.13898	0.00583
18	0.00667	0.00497	0.00709	0.00697	0.00764	0.00583	0.00535	0.00808	0.00715	0.01052	0.01182	0.01795	0.01122	0.11074	0.63944	0.00608	0.06424	0.00480	0.05957	0.00389
19	0.00993	0.01028	0.03812	0.23660	0.02002	0.05689	0.25322	0.01249	0.00913	0.03378	0.00849	0.01183	0.00682	0.01631	0.04182	0.00180	0.18169	0.00432	0.04122	0.00524
20	0.00602	0.00451	0.00558	0.00531	0.00646	0.00407	0.00399	0.00789	0.01196	0.01641	0.64201	0.03513	0.21537	0.00951	0.00521	0.00141	0.00212	0.00829	0.00469	0.00407
21	0.61265	0.00823	0.00765	0.00644	0.00938	0.00886	0.00531	0.01561	0.00909	0.26602	0.00962	0.00959	0.00667	0.00452	0.00326	0.00137	0.00352	0.00302	0.00357	0.00562
22	0.00566	0.00430	0.00520	0.00559	0.00646	0.00389	0.00406	0.00686	0.00978	0.01269	0.17021	0.33184	0.29651	0.04322	0.00609	0.00173	0.00256	0.07543	0.00418	0.00374
23	0.00632	0.00470	0.00693	0.00693	0.00766	0.00543	0.00531	0.00778	0.00705	0.01013	0.01198	0.01819	0.01141	0.09239	0.76852	0.00689	0.01128	0.00486	0.00239	0.00385
24	0.01356	0.02697	0.06467	0.00902	0.01203	0.04359	0.02654	0.40901	0.03948	0.07545	0.08438	0.04342	0.02185	0.00585	0.00435	0.00132	0.00436	0.00469	0.10307	0.00639

[dist]
# distance from previous block
# <min> <max>
2	4

[block]
# block no. 8 follows, 59 sequences, length 30
# corresponding to MSA columns:
# 1497-1526
name=unknown_I
#
# <colnr> <probs for GDERKNQSTAVLIFYWHMCP>
#	G	D	E	R	K	N	Q	S	T	A	V	L	I	F	Y	W	H	M	C	P
0	0.01019	0.01440	0.24910	0.05853	0.32147	0.02521	0.20416	0.01408	0.03377	0.01414	0.00859	0.01086	0.00664	0.00405	0.00452	0.00139	0.00617	0.00406	0.00217	0.00648
1	0.00645	0.00450	0.00566	0.00613	0.00660	0.00454	0.00442	0.00743	0.00832	0.01143	0.02052	0.30242	0.06282	0.23248	0.02590	0.00251	0.03588	0.16011	0.08831	0.00355
2	0.00547	0.00412	0.00507	0.00566	0.00636	0.00372	0.00396	0.00650	0.00938	0.01221	0.11759	0.51657	0.24743	0.01254	0.00548	0.00167	0.00245	0.02595	0.00418	0.00370
3	0.70457	0.00903	0.00767	0.00655	0.00943	0.01025	0.00540	0.12605	0.00970	0.06667	0.00743	0.00811	0.00552	0.00435	0.00307	0.00136	0.00364	0.00273	0.00313	0.00533
4	0.01179	0.00889	0.01102	0.07697	0.10174	0.00962	0.00783	0.25326	0.13924	0.07754	0.02964	0.12975	0.07244	0.01952	0.00523	0.00151	0.02814	0.00585	0.00390	0.00613
5	0.81444	0.00837	0.00658	0.00585	0.00856	0.00960	0.00481	0.01327	0.00779	0.05383	0.00687	0.00778	0.00523	0.00419	0.00282	0.00136	0.00339	0.00253	0.02787	0.00488
6	0.00803	0.03817	0.00702	0.00613	0.00696	0.00622	0.00432	0.06414	0.08281	0.01172	0.01305	0.02187	0.01308	0.39799	0.13738	0.08801	0.00519	0.01926	0.06487	0.00378
7	0.80472	0.00972	0.07350	0.00637	0.00941	0.00994	0.00573	0.01307	0.00766	0.01934	0.00630	0.00735	0.00485	0.00411	0.00285	0.00137	0.00367	0.00246	0.00266	0.00493
8	0.00950	0.06806	0.62724	0.01279	0.01867	0.01081	0.11153	0.04745	0.00999	0.01447	0.02455	0.01005	0.00655	0.00426	0.00427	0.00138	0.00637	0.00358	0.00208	0.00640
9	0.01345	0.14771	0.01346	0.00974	0.02543	0.15381	0.00779	0.20618	0.34127	0.01801	0.01222	0.01200	0.00934	0.00519	0.00412	0.00130	0.00482	0.00394	0.00363	0.00658
10	0.00588	0.00479	0.00566	0.00533	0.00677	0.00426	0.01893	0.00760	0.02459	0.01392	0.28936	0.03655	0.48266	0.01115	0.04432	0.00171	0.00279	0.00839	0.00421	0.02114
11	0.01176	0.09358	0.23770	0.01359	0.11375	0.04404	0.14177	0.07858	0.07608	0.08880	0.00982	0.01097	0.00731	0.00461	0.00454	0.01853	0.00563	0.00386	0.00276	0.03235
12	0.04325	0.07935	0.16610	0.00807	0.01103	0.06656	0.00761	0.01392	0.20993	0.01463	0.09801	0.02193	0.22821	0.00697	0.00446	0.00139	0.00402	0.00564	0.00348	0.00543
