[name]
unknown

[dist]
# distance from previous block
# <min> <max>
0	33

[block]
# block no. 0 follows, 63 sequences, length 204
# corresponding to MSA columns:
# 33-57,66-86,88-245
name=unknown_A
#
# <colnr> <probs for GDERKNQSTAVLIFYWHMCP>
#	G	D	E	R	K	N	Q	S	T	A	V	L	I	F	Y	W	H	M	C	P
0	0.00677	0.00484	0.00677	0.00774	0.00871	0.00484	0.00677	0.00871	0.00968	0.01258	0.02226	0.04742	0.02419	0.01161	0.00581	0.00194	0.00387	0.79775	0.00387	0.00387
1	0.86124	0.00811	0.00626	0.00558	0.00819	0.00935	0.00459	0.01255	0.00727	0.03830	0.00611	0.00701	0.00469	0.00393	0.00264	0.00130	0.00326	0.00232	0.00266	0.00462
2	0.06019	0.00720	0.00958	0.00739	0.01061	0.00633	0.00610	0.02010	0.01180	0.79016	0.01607	0.01395	0.01013	0.00514	0.00415	0.00130	0.00356	0.00413	0.00508	0.00703
3	0.00608	0.00462	0.00690	0.00686	0.00759	0.00544	0.00535	0.00757	0.00675	0.00977	0.01112	0.01634	0.01039	0.03095	0.81588	0.00664	0.03126	0.00448	0.00224	0.00377
4	0.00954	0.00903	0.01523	0.34601	0.49858	0.00979	0.01233	0.02634	0.00930	0.01279	0.00778	0.01071	0.00625	0.00395	0.00418	0.00131	0.00523	0.00374	0.00204	0.00589
5	0.00601	0.00448	0.00663	0.00663	0.00733	0.00518	0.00509	0.00742	0.00672	0.00966	0.01138	0.01717	0.01080	0.08077	0.78676	0.00660	0.01083	0.00460	0.00227	0.00368
6	0.00585	0.00450	0.00549	0.00582	0.00699	0.00413	0.00476	0.00742	0.01000	0.01276	0.16405	0.04174	0.37371	0.01069	0.00530	0.00161	0.00280	0.32459	0.00401	0.00375
7	0.01066	0.01120	0.02307	0.01658	0.02069	0.01069	0.70643	0.07606	0.03015	0.03742	0.00906	0.01143	0.00671	0.00376	0.00487	0.00140	0.00671	0.00484	0.00243	0.00585
8	0.00843	0.02174	0.83048	0.01198	0.01819	0.00976	0.01553	0.01331	0.00888	0.01331	0.00754	0.00888	0.00533	0.00399	0.00399	0.00133	0.00621	0.00311	0.00178	0.00621
9	0.00513	0.00370	0.00487	0.00577	0.00608	0.00343	0.00387	0.00591	0.00821	0.01091	0.04317	0.79356	0.06394	0.01295	0.00534	0.00169	0.00241	0.01171	0.00392	0.00343
10	0.00628	0.00471	0.00692	0.00684	0.00766	0.00547	0.00533	0.03004	0.00712	0.01023	0.01123	0.01633	0.01042	0.03079	0.81232	0.00660	0.01107	0.00448	0.00231	0.00385
11	0.00798	0.00751	0.01268	0.82962	0.04120	0.00935	0.01169	0.01077	0.00842	0.01079	0.00748	0.01120	0.00562	0.00420	0.00420	0.00140	0.00559	0.00374	0.00187	0.00470
12	0.01040	0.00999	0.01706	0.02580	0.82604	0.00999	0.01290	0.01290	0.00957	0.01373	0.00791	0.01040	0.00666	0.00375	0.00416	0.00125	0.00499	0.00375	0.00208	0.00666
13	0.01040	0.00999	0.01706	0.02580	0.82604	0.00999	0.01290	0.01290	0.00957	0.01373	0.00791	0.01040	0.00666	0.00375	0.00416	0.00125	0.00499	0.00375	0.00208	0.00666
14	0.00948	0.01062	0.02283	0.01655	0.02038	0.01002	0.72568	0.01273	0.00970	0.01317	0.00976	0.08597	0.00827	0.00446	0.00514	0.00145	0.02048	0.00556	0.00228	0.00545
15	0.03146	0.01171	0.01250	0.00960	0.01295	0.01297	0.00793	0.79773	0.01954	0.02636	0.01002	0.01003	0.00710	0.00503	0.00418	0.00126	0.00460	0.00376	0.00418	0.00710
16	0.01116	0.83146	0.04467	0.00733	0.01100	0.01644	0.00743	0.01261	0.00855	0.00999	0.00589	0.00680	0.00539	0.00361	0.00273	0.00091	0.00454	0.00227	0.00180	0.00542
17	0.00696	0.00458	0.00599	0.00553	0.00671	0.00423	0.00421	0.00905	0.02302	0.07548	0.74146	0.03021	0.03693	0.00836	0.00491	0.00133	0.00215	0.02002	0.00465	0.00423
18	0.00591	0.00422	0.00578	0.00676	0.00735	0.00409	0.00527	0.00722	0.00883	0.01161	0.02273	0.46627	0.02608	0.01243	0.00558	0.00182	0.00312	0.38741	0.00389	0.00363
19	0.00801	0.00754	0.01273	0.81919	0.05138	0.00936	0.01171	0.01080	0.00844	0.01082	0.00748	0.01119	0.00563	0.00419	0.00420	0.00140	0.00559	0.00374	0.00187	0.00473
20	0.00611	0.00425	0.00545	0.00545	0.00578	0.00455	0.00366	0.00677	0.00644	0.00898	0.01245	0.02276	0.01324	0.49891	0.35133	0.00509	0.00694	0.00541	0.02338	0.00307
21	0.00513	0.00371	0.00485	0.00575	0.00608	0.00343	0.00386	0.00590	0.00821	0.01088	0.03865	0.78635	0.07580	0.01294	0.00533	0.00168	0.00241	0.01169	0.00392	0.00343
22	0.00537	0.00399	0.00536	0.00616	0.00639	0.00398	0.00422	0.00611	0.00795	0.01069	0.02211	0.79910	0.02647	0.01282	0.00587	0.00172	0.05296	0.01145	0.00378	0.00349
23	0.00794	0.00747	0.01261	0.84216	0.02895	0.00934	0.01167	0.01074	0.00841	0.01074	0.00747	0.01121	0.00560	0.00420	0.00420	0.00140	0.00560	0.00374	0.00187	0.00467
24	0.00542	0.00428	0.00488	0.00473	0.00595	0.00374	0.00355	0.00690	0.01064	0.01387	0.39920	0.03632	0.46615	0.00971	0.00496	0.00138	0.00206	0.00829	0.00423	0.00374
25	0.00794	0.00747	0.01261	0.84216	0.02895	0.00934	0.01167	0.01074	0.00841	0.01074	0.00747	0.01121	0.00560	0.00420	0.00420	0.00140	0.00560	0.00374	0.00187	0.00467
26	0.00673	0.00425	0.00507	0.00485	0.00587	0.00408	0.00364	0.00891	0.02722	0.01644	0.51002	0.02531	0.02851	0.00718	0.00420	0.00120	0.00200	0.00619	0.32431	0.00400
27	0.00730	0.00365	0.00548	0.00548	0.00548	0.00365	0.00365	0.00548	0.00548	0.00730	0.00730	0.01278	0.00730	0.01460	0.01643	0.87769	0.00365	0.00365	0.00183	0.00183
28	0.00990	0.01129	0.02452	0.01756	0.02171	0.01068	0.79154	0.01339	0.00984	0.01339	0.00843	0.01129	0.00636	0.00364	0.00517	0.00143	0.02719	0.00493	0.00212	0.00564
29	0.00601	0.00449	0.00668	0.00668	0.00740	0.00521	0.00516	0.00746	0.00673	0.00970	0.01133	0.01690	0.01068	0.06062	0.80674	0.00666	0.01101	0.00456	0.00226	0.00371
30	0.00794	0.00747	0.01261	0.84216	0.02895	0.00934	0.01167	0.01074	0.00841	0.01074	0.00747	0.01121	0.00560	0.00420	0.00420	0.00140	0.00560	0.00374	0.00187	0.00467
31	0.00992	0.01134	0.02481	0.01772	0.02197	0.01063	0.81077	0.01347	0.00992	0.01347	0.00850	0.01134	0.00638	0.00354	0.00496	0.00142	0.00709	0.00496	0.00213	0.00567
32	0.00541	0.00386	0.00521	0.00618	0.00655	0.00366	0.00440	0.00635	0.00833	0.01105	0.02301	0.70933	0.02717	0.01290	0.00544	0.00175	0.00269	0.14929	0.00390	0.00349
33	0.01067	0.00914	0.00963	0.00860	0.01101	0.01056	0.00671	0.05346	0.78697	0.01794	0.01683	0.01546	0.01261	0.00568	0.00427	0.00142	0.00338	0.00471	0.00427	0.00667
34	0.00980	0.00931	0.01551	0.22572	0.58093	0.00986	0.01222	0.01294	0.05781	0.01323	0.00835	0.01092	0.00677	0.00398	0.00418	0.00130	0.00504	0.00380	0.00216	0.00617
35	0.00586	0.00421	0.00563	0.00643	0.00704	0.00405	0.00494	0.00713	0.00890	0.01175	0.07380	0.41040	0.05881	0.05263	0.00627	0.00187	0.00304	0.31978	0.00387	0.00359
36	0.00914	0.00911	0.01275	0.01093	0.01095	0.01272	0.00910	0.01008	0.00654	0.01024	0.02006	0.00959	0.00612	0.00738	0.01364	0.00183	0.82960	0.00375	0.00189	0.00459
37	0.00798	0.00751	0.01267	0.83000	0.04082	0.00935	0.01169	0.01077	0.00842	0.01079	0.00748	0.01120	0.00562	0.00420	0.00420	0.00140	0.00559	0.00374	0.00187	0.00470
38	0.01760	0.00769	0.00994	0.00769	0.01082	0.00711	0.00632	0.13584	0.02305	0.65522	0.06149	0.01468	0.01162	0.00538	0.00427	0.00130	0.00364	0.00436	0.00501	0.00697
39	0.00872	0.00747	0.00872	0.00623	0.00996	0.00560	0.00498	0.01058	0.00872	0.01370	0.00747	0.00872	0.00623	0.00311	0.00311	0.00062	0.00311	0.00249	0.00249	0.87796
40	0.00804	0.00757	0.01279	0.80948	0.06086	0.00937	0.01172	0.01083	0.00845	0.01086	0.00749	0.01118	0.00565	0.00418	0.00420	0.00139	0.00558	0.00374	0.00188	0.00475
41	0.00926	0.00780	0.00901	0.00649	0.01019	0.00616	0.00521	0.07103	0.00955	0.01466	0.00767	0.00882	0.00630	0.00326	0.00320	0.00067	0.00323	0.00259	0.00262	0.81228
42	0.01383	0.01070	0.01140	0.00924	0.01222	0.01203	0.00747	0.50420	0.33109	0.02302	0.01283	0.01227	0.00936	0.00530	0.00423	0.00133	0.00412	0.00416	0.00423	0.00696
43	0.00794	0.00747	0.01261	0.84216	0.02895	0.00934	0.01167	0.01074	0.00841	0.01074	0.00747	0.01121	0.00560	0.00420	0.00420	0.00140	0.00560	0.00374	0.00187	0.00467
44	0.00872	0.00747	0.00872	0.00623	0.00996	0.00560	0.00498	0.01058	0.00872	0.01370	0.00747	0.00872	0.00623	0.00311	0.00311	0.00062	0.00311	0.00249	0.00249	0.87796
45	0.01116	0.83146	0.04467	0.00733	0.01100	0.01644	0.00743	0.01261	0.00855	0.00999	0.00589	0.00680	0.00539	0.00361	0.00273	0.00091	0.00454	0.00227	0.00180	0.00542
46	0.01040	0.00999	0.01706	0.02580	0.82604	0.00999	0.01290	0.01290	0.00957	0.01373	0.00791	0.01040	0.00666	0.00375	0.00416	0.00125	0.00499	0.00375	0.00208	0.00666
47	0.01886	0.00715	0.00976	0.00748	0.01073	0.00618	0.00618	0.02049	0.01203	0.82895	0.01658	0.01431	0.01041	0.00520	0.00423	0.00130	0.00358	0.00423	0.00520	0.00715
48	0.00794	0.00747	0.01261	0.84216	0.02895	0.00934	0.01167	0.01074	0.00841	0.01074	0.00747	0.01121	0.00560	0.00420	0.00420	0.00140	0.00560	0.00374	0.00187	0.00467
49	0.00824	0.00797	0.01258	0.80940	0.02832	0.04189	0.01153	0.01098	0.00854	0.01072	0.00743	0.01106	0.00560	0.00421	0.00419	0.00139	0.00568	0.00370	0.00188	0.00468
50	0.00535	0.00382	0.00514	0.00609	0.00644	0.00361	0.00428	0.00626	0.00833	0.01108	0.03775	0.73041	0.02755	0.01288	0.00542	0.00173	0.00262	0.11385	0.00391	0.00348
51	0.88196	0.00813	0.00618	0.00553	0.00813	0.00943	0.00455	0.01236	0.00715	0.01886	0.00585	0.00683	0.00455	0.00390	0.00260	0.00130	0.00325	0.00228	0.00260	0.00455
52	0.00601	0.00448	0.00665	0.00665	0.00737	0.00520	0.00513	0.00744	0.00673	0.00968	0.01135	0.01704	0.01074	0.07037	0.79707	0.00663	0.01092	0.00458	0.00227	0.00370
53	0.00914	0.00870	0.01478	0.44369	0.41802	0.00966	0.01227	0.01180	0.00897	0.01220	0.00768	0.01082	0.00612	0.00398	0.00418	0.00133	0.00531	0.00374	0.00197	0.00564
54	0.01856	0.00839	0.00996	0.00780	0.01095	0.08563	0.00636	0.02013	0.01202	0.75051	0.01562	0.01366	0.00993	0.00512	0.00419	0.00128	0.00396	0.00408	0.00491	0.00694
55	0.01040	0.00999	0.01706	0.02580	0.82604	0.00999	0.01290	0.01290	0.00957	0.01373	0.00791	0.01040	0.00666	0.00375	0.00416	0.00125	0.00499	0.00375	0.00208	0.00666
56	0.00989	0.01143	0.03439	0.01753	0.02173	0.01066	0.78667	0.01340	0.00985	0.01340	0.00844	0.01127	0.00635	0.00362	0.00511	0.00142	0.02215	0.00492	0.00212	0.00566
57	0.88196	0.00813	0.00618	0.00553	0.00813	0.00943	0.00455	0.01236	0.00715	0.01886	0.00585	0.00683	0.00455	0.00390	0.00260	0.00130	0.00325	0.00228	0.00260	0.00455
58	0.00608	0.00421	0.00525	0.00525	0.00548	0.00444	0.00338	0.00654	0.00631	0.00864	0.01264	0.02413	0.01382	0.60012	0.27154	0.00490	0.00628	0.00562	0.00246	0.00292
59	0.00778	0.00519	0.00642	0.00580	0.00713	0.00502	0.00443	0.09552	0.01230	0.06025	0.58194	0.07317	0.04413	0.00807	0.00473	0.00131	0.00238	0.00703	0.06295	0.00444
60	0.00504	0.00426	0.00435	0.00433	0.00572	0.00358	0.00325	0.00616	0.00974	0.01173	0.09636	0.03983	0.77032	0.01051	0.00497	0.00141	0.00212	0.00878	0.00395	0.00358
61	0.00608	0.00421	0.00527	0.00527	0.00551	0.00445	0.00340	0.00655	0.00632	0.00866	0.01262	0.02403	0.01377	0.59253	0.27906	0.00492	0.00635	0.00560	0.00245	0.00293
62	0.00794	0.00747	0.01261	0.84216	0.02895	0.00934	0.01167	0.01074	0.00841	0.01074	0.00747	0.01121	0.00560	0.00420	0.00420	0.00140	0.00560	0.00374	0.00187	0.00467
63	0.00558	0.00474	0.00488	0.00476	0.00624	0.00427	0.00359	0.00779	0.09015	0.01237	0.09568	0.03735	0.68780	0.01001	0.00490	0.00141	0.00224	0.00837	0.00399	0.00389
64	0.00820	0.00843	0.06169	0.73091	0.05901	0.00935	0.01173	0.02433	0.00868	0.01137	0.00765	0.01110	0.00575	0.00420	0.00417	0.00138	0.00553	0.00370	0.01795	0.00487
65	0.00583	0.00429	0.00546	0.00517	0.00621	0.00392	0.00388	0.00771	0.01163	0.01621	0.73157	0.03247	0.13232	0.00884	0.00496	0.00133	0.00200	0.00775	0.00454	0.00392
66	0.00794	0.00747	0.01261	0.84216	0.02895	0.00934	0.01167	0.01074	0.00841	0.01074	0.00747	0.01121	0.00560	0.00420	0.00420	0.00140	0.00560	0.00374	0.00187	0.00467
67	0.00794	0.00747	0.01261	0.84216	0.02895	0.00934	0.01167	0.01074	0.00841	0.01074	0.00747	0.01121	0.00560	0.00420	0.00420	0.00140	0.00560	0.00374	0.00187	0.00467
68	0.88196	0.00813	0.00618	0.00553	0.00813	0.00943	0.00455	0.01236	0.00715	0.01886	0.00585	0.00683	0.00455	0.00390	0.00260	0.00130	0.00325	0.00228	0.00260	0.00455
69	0.84782	0.00860	0.00640	0.00574	0.00832	0.04198	0.00469	0.01253	0.00734	0.01852	0.00588	0.00686	0.00459	0.00392	0.00265	0.00129	0.00342	0.00229	0.00258	0.00457
70	0.00794	0.00747	0.01261	0.84216	0.02895	0.00934	0.01167	0.01074	0.00841	0.01074	0.00747	0.01121	0.00560	0.00420	0.00420	0.00140	0.00560	0.00374	0.00187	0.00467
71	0.01031	0.00989	0.01689	0.05797	0.79463	0.00996	0.01285	0.01282	0.00953	0.01362	0.00789	0.01044	0.00662	0.00376	0.00416	0.00125	0.00502	0.00375	0.00207	0.00658
72	0.00808	0.00762	0.01286	0.79529	0.07471	0.00938	0.01175	0.01086	0.00847	0.01091	0.00750	0.01116	0.00566	0.00418	0.00420	0.00139	0.00557	0.00374	0.00188	0.00478
73	0.00872	0.00747	0.00872	0.00623	0.00996	0.00560	0.00498	0.01058	0.00872	0.01370	0.00747	0.00872	0.00623	0.00311	0.00311	0.00062	0.00311	0.00249	0.00249	0.87796
74	0.00595	0.00430	0.00562	0.00529	0.00628	0.00397	0.00397	0.00793	0.01190	0.01686	0.82382	0.03140	0.03966	0.00859	0.00496	0.00132	0.00198	0.00760	0.00463	0.00397
75	0.00983	0.00747	0.00890	0.00644	0.01006	0.00579	0.00518	0.01166	0.00904	0.10249	0.00843	0.00933	0.00667	0.00341	0.00341	0.00072	0.01720	0.00270	0.00278	0.76849
76	0.01040	0.00999	0.01706	0.02580	0.82604	0.00999	0.01290	0.01290	0.00957	0.01373	0.00791	0.01040	0.00666	0.00375	0.00416	0.00125	0.00499	0.00375	0.00208	0.00666
77	0.88196	0.00813	0.00618	0.00553	0.00813	0.00943	0.00455	0.01236	0.00715	0.01886	0.00585	0.00683	0.00455	0.00390	0.00260	0.00130	0.00325	0.00228	0.00260	0.00455
78	0.01560	0.00620	0.00803	0.00642	0.00900	0.00551	0.00522	0.01732	0.01108	0.58806	0.01573	0.01471	0.01052	0.00511	0.00385	0.00121	0.00310	0.00414	0.26301	0.00620
79	0.01038	0.00904	0.00971	0.00870	0.01094	0.01060	0.00681	0.02160	0.76973	0.01714	0.01641	0.01529	0.01239	0.00580	0.00485	0.00145	0.05380	0.00469	0.00413	0.00653
80	0.00601	0.00448	0.00662	0.00662	0.00732	0.00518	0.00508	0.00742	0.00671	0.00965	0.01139	0.01722	0.01082	0.08446	0.78310	0.00658	0.01080	0.00461	0.00227	0.00368
81	0.88196	0.00813	0.00618	0.00553	0.00813	0.00943	0.00455	0.01236	0.00715	0.01886	0.00585	0.00683	0.00455	0.00390	0.00260	0.00130	0.00325	0.00228	0.00260	0.00455
82	0.01040	0.00999	0.01706	0.02580	0.82604	0.00999	0.01290	0.01290	0.00957	0.01373	0.00791	0.01040	0.00666	0.00375	0.00416	0.00125	0.00499	0.00375	0.00208	0.00666
83	0.00872	0.00747	0.00872	0.00623	0.00996	0.00560	0.00498	0.01058	0.00872	0.01370	0.00747	0.00872	0.00623	0.00311	0.00311	0.00062	0.00311	0.00249	0.00249	0.87796
84	0.01022	0.00980	0.01673	0.08606	0.76720	0.00994	0.01281	0.01274	0.00949	0.01351	0.00788	0.01046	0.00658	0.00378	0.00416	0.00126	0.00504	0.00374	0.00207	0.00651
85	0.06708	0.01130	0.01163	0.00917	0.01222	0.04454	0.00748	0.67460	0.01786	0.02432	0.01053	0.06023	0.00821	0.00544	0.00415	0.00128	0.00450	0.00414	0.01469	0.00664
86	0.00933	0.00935	0.01357	0.01139	0.01185	0.01256	0.06904	0.01110	0.05541	0.01082	0.00644	0.00975	0.00602	0.00697	0.01256	0.00178	0.73141	0.00384	0.00201	0.00480
87	0.82955	0.00895	0.05563	0.00592	0.00873	0.00945	0.00521	0.01241	0.00726	0.01853	0.00595	0.00695	0.00460	0.00391	0.00269	0.00130	0.00343	0.00233	0.00255	0.00465
88	0.00586	0.00426	0.00551	0.00528	0.00624	0.00391	0.00393	0.00772	0.01156	0.01624	0.74003	0.08090	0.07487	0.00896	0.00498	0.00135	0.00202	0.00792	0.00455	0.00391
89	0.01570	0.02004	0.01191	0.01083	0.01300	0.83539	0.00812	0.01679	0.01191	0.01029	0.00650	0.00758	0.00541	0.00433	0.00379	0.00108	0.00758	0.00271	0.00217	0.00487
90	0.00958	0.01373	0.21132	0.01651	0.03352	0.01042	0.61423	0.01342	0.00967	0.01343	0.00827	0.01075	0.00614	0.00365	0.00472	0.00139	0.00685	0.00451	0.00204	0.00581
91	0.00512	0.00366	0.00488	0.00585	0.00610	0.00341	0.00390	0.00585	0.00805	0.01073	0.02317	0.84952	0.02780	0.01317	0.00537	0.00171	0.00244	0.01195	0.00390	0.00341
92	0.01040	0.00999	0.01706	0.02580	0.82604	0.00999	0.01290	0.01290	0.00957	0.01373	0.00791	0.01040	0.00666	0.00375	0.00416	0.00125	0.00499	0.00375	0.00208	0.00666
93	0.00872	0.00747	0.00872	0.00623	0.00996	0.00560	0.00498	0.01058	0.00872	0.01370	0.00747	0.00872	0.00623	0.00311	0.00311	0.00062	0.00311	0.00249	0.00249	0.87796
94	0.00911	0.00785	0.00971	0.00887	0.02997	0.00883	0.05453	0.01727	0.51330	0.01552	0.07989	0.01674	0.01396	0.01125	0.18112	0.00255	0.00517	0.00492	0.00369	0.00576
95	0.00797	0.00833	0.06168	0.79235	0.02831	0.00937	0.01191	0.01089	0.00843	0.01089	0.00748	0.01107	0.00559	0.00419	0.00419	0.00140	0.00564	0.00370	0.00186	0.00476
96	0.12389	0.01343	0.01197	0.01357	0.23750	0.34195	0.00852	0.09596	0.01118	0.01448	0.00782	0.00925	0.00631	0.00424	0.00371	0.00117	0.00550	0.00316	0.08091	0.00548
97	0.00512	0.00366	0.00488	0.00585	0.00610	0.00341	0.00390	0.00585	0.00805	0.01073	0.02317	0.84952	0.02780	0.01317	0.00537	0.00171	0.00244	0.01195	0.00390	0.00341
98	0.00991	0.01129	0.02454	0.01757	0.02173	0.01068	0.79312	0.01339	0.00985	0.01339	0.00844	0.01129	0.00636	0.00363	0.00516	0.00143	0.02554	0.00493	0.00212	0.00565
99	0.01668	0.01080	0.01190	0.00916	0.01247	0.02667	0.00755	0.60321	0.01772	0.22287	0.01162	0.01108	0.00791	0.00507	0.00420	0.00127	0.00442	0.00387	0.00441	0.00711
100	0.00556	0.00426	0.00513	0.00522	0.00629	0.00383	0.00396	0.00704	0.01032	0.01358	0.34624	0.13311	0.33607	0.01024	0.00510	0.00147	0.00229	0.09234	0.00419	0.00373
101	0.01804	0.00694	0.00946	0.00738	0.01045	0.00601	0.00604	0.01961	0.01179	0.77986	0.01698	0.06442	0.01145	0.00568	0.00430	0.00133	0.00351	0.00469	0.00512	0.00693
102	0.00888	0.02115	0.78141	0.01184	0.01788	0.00996	0.01508	0.06123	0.00953	0.01410	0.00770	0.00895	0.00543	0.00406	0.00401	0.00133	0.00612	0.00315	0.00192	0.00627
103	0.00879	0.04941	0.73742	0.01262	0.06630	0.02685	0.01494	0.01333	0.00897	0.01316	0.00749	0.00887	0.00541	0.00397	0.00396	0.00131	0.00611	0.00311	0.00180	0.00618
104	0.00799	0.00753	0.01271	0.82418	0.04651	0.00935	0.01170	0.01079	0.00843	0.01081	0.00748	0.01119	0.00563	0.00419	0.00420	0.00140	0.00559	0.00374	0.00187	0.00471
105	0.00595	0.00430	0.00562	0.00529	0.00628	0.00397	0.00397	0.00793	0.01190	0.01686	0.82382	0.03140	0.03966	0.00859	0.00496	0.00132	0.00198	0.00760	0.00463	0.00397
106	0.88196	0.00813	0.00618	0.00553	0.00813	0.00943	0.00455	0.01236	0.00715	0.01886	0.00585	0.00683	0.00455	0.00390	0.00260	0.00130	0.00325	0.00228	0.00260	0.00455
107	0.00794	0.00747	0.01261	0.84216	0.02895	0.00934	0.01167	0.01074	0.00841	0.01074	0.00747	0.01121	0.00560	0.00420	0.00420	0.00140	0.00560	0.00374	0.00187	0.00467
108	0.00798	0.00748	0.01249	0.76085	0.05535	0.00924	0.01135	0.01069	0.00854	0.01107	0.03961	0.01193	0.00698	0.00444	0.00446	0.00140	0.02557	0.00389	0.00198	0.00471
109	0.00754	0.00397	0.00428	0.00439	0.00528	0.00391	0.00323	0.00927	0.00883	0.02995	0.04100	0.13897	0.01448	0.02140	0.00376	0.00117	0.00213	0.01850	0.67406	0.00388
110	0.86770	0.00811	0.00624	0.00556	0.00817	0.00938	0.00458	0.01249	0.00723	0.03224	0.00603	0.00695	0.00465	0.00392	0.00263	0.00130	0.00326	0.00231	0.00264	0.00460
111	0.78851	0.00902	0.00673	0.00600	0.00858	0.07292	0.00488	0.01295	0.00767	0.04330	0.00624	0.00712	0.00480	0.00398	0.00274	0.00128	0.00360	0.00237	0.00265	0.00466
112	0.00512	0.00366	0.00488	0.00585	0.00610	0.00341	0.00390	0.00585	0.00805	0.01073	0.02317	0.84952	0.02780	0.01317	0.00537	0.00171	0.00244	0.01195	0.00390	0.00341
113	0.00794	0.00747	0.01261	0.84216	0.02895	0.00934	0.01167	0.01074	0.00841	0.01074	0.00747	0.01121	0.00560	0.00420	0.00420	0.00140	0.00560	0.00374	0.00187	0.00467
114	0.00595	0.00430	0.00562	0.00529	0.00628	0.00397	0.00397	0.00793	0.01190	0.01686	0.82382	0.03140	0.03966	0.00859	0.00496	0.00132	0.00198	0.00760	0.00463	0.00397
115	0.00580	0.00417	0.00538	0.00612	0.00656	0.00402	0.00420	0.05427	0.00878	0.01171	0.02237	0.78422	0.02650	0.01265	0.00530	0.00168	0.00260	0.02610	0.00392	0.00365
116	0.01571	0.01992	0.01192	0.01081	0.01300	0.82363	0.00812	0.02816	0.01203	0.01052	0.00655	0.00762	0.00544	0.00434	0.00380	0.00109	0.00754	0.00272	0.00220	0.00491
117	0.01598	0.01177	0.01262	0.00967	0.01304	0.01304	0.00799	0.81202	0.01976	0.02649	0.01009	0.01009	0.00715	0.00505	0.00421	0.00126	0.00463	0.00378	0.00421	0.00715
118	0.00601	0.00450	0.00676	0.00676	0.00751	0.00525	0.00525	0.00751	0.00676	0.00976	0.01126	0.01651	0.01051	0.03153	0.83560	0.00676	0.01126	0.00450	0.00225	0.00375
119	0.00730	0.00365	0.00548	0.00548	0.00548	0.00365	0.00365	0.00548	0.00548	0.00730	0.00730	0.01278	0.00730	0.01460	0.01643	0.87769	0.00365	0.00365	0.00183	0.00183
120	0.00599	0.00426	0.00555	0.00525	0.00620	0.00393	0.00391	0.00770	0.01141	0.01603	0.73866	0.03070	0.07406	0.00905	0.00565	0.05390	0.00209	0.00742	0.00443	0.00382
121	0.10915	0.00728	0.00932	0.00720	0.01041	0.00649	0.00594	0.01904	0.01132	0.69473	0.01491	0.01319	0.00954	0.00494	0.00399	0.00126	0.00351	0.00392	0.00477	0.05912
122	0.00989	0.01166	0.05528	0.01798	0.07006	0.01056	0.73237	0.01343	0.00986	0.01348	0.00843	0.01119	0.00635	0.00357	0.00488	0.00140	0.00693	0.00482	0.00211	0.00575
123	0.01152	0.80422	0.02146	0.00734	0.01092	0.01642	0.00724	0.06055	0.00921	0.01089	0.00610	0.00694	0.00550	0.00368	0.00279	0.00092	0.00450	0.00234	0.00194	0.00550
124	0.01669	0.01095	0.01187	0.00917	0.01246	0.04373	0.00754	0.58289	0.01752	0.22639	0.01157	0.01105	0.00789	0.00506	0.00419	0.00126	0.00448	0.00385	0.00437	0.00706
125	0.01406	0.01025	0.01119	0.02731	0.01233	0.01131	0.00737	0.47879	0.24140	0.08769	0.01378	0.01320	0.04085	0.00544	0.00426	0.00132	0.00410	0.00429	0.00424	0.00682
126	0.00613	0.00467	0.00693	0.00686	0.00757	0.00551	0.00534	0.00757	0.00673	0.00973	0.01110	0.01651	0.01044	0.05024	0.78586	0.00651	0.04181	0.00451	0.00224	0.00376
127	0.01030	0.00984	0.01676	0.02528	0.80229	0.00984	0.01272	0.01278	0.00958	0.01370	0.00832	0.01148	0.00717	0.00397	0.00421	0.00127	0.00496	0.02682	0.00213	0.00658
128	0.00601	0.00449	0.00670	0.00670	0.00744	0.00523	0.00519	0.00747	0.00674	0.00972	0.01131	0.01678	0.01062	0.05114	0.81615	0.00669	0.01109	0.00454	0.00226	0.00372
129	0.00605	0.00431	0.00577	0.00577	0.00618	0.00472	0.00403	0.00688	0.00646	0.00903	0.01216	0.02149	0.01267	0.40323	0.46686	0.00554	0.00801	0.00523	0.00239	0.00321
130	0.00843	0.02174	0.83048	0.01198	0.01819	0.00976	0.01553	0.01331	0.00888	0.01331	0.00754	0.00888	0.00533	0.00399	0.00399	0.00133	0.00621	0.00311	0.00178	0.00621
131	0.00591	0.00430	0.00556	0.00524	0.00625	0.00395	0.00393	0.00785	0.01180	0.01662	0.78950	0.03180	0.07414	0.00868	0.00496	0.00133	0.00199	0.00766	0.00460	0.00395
132	0.00499	0.00426	0.00428	0.00428	0.00569	0.00356	0.00321	0.00607	0.00962	0.01146	0.05693	0.04029	0.80993	0.01061	0.00497	0.00142	0.00213	0.00885	0.00392	0.00356
133	0.01009	0.00717	0.00819	0.00868	0.00958	0.00657	0.00595	0.01085	0.07485	0.01576	0.02451	0.60069	0.02683	0.01357	0.00662	0.00230	0.00395	0.04909	0.10888	0.00587
134	0.00568	0.00426	0.00517	0.00497	0.00601	0.00385	0.00367	0.00727	0.01086	0.01474	0.54904	0.04465	0.25439	0.05984	0.00595	0.00152	0.00216	0.00792	0.00429	0.00376
135	0.01124	0.85479	0.02203	0.00719	0.01079	0.01663	0.00719	0.01259	0.00854	0.00989	0.00584	0.00674	0.00539	0.00360	0.00270	0.00090	0.00450	0.00225	0.00180	0.00539
136	0.00880	0.00755	0.00863	0.00647	0.00991	0.00620	0.00514	0.01205	0.12334	0.01415	0.01037	0.01109	0.04300	0.00381	0.00336	0.00077	0.00310	0.00309	0.00281	0.71636
137	0.01492	0.00810	0.01015	0.00811	0.01044	0.00849	0.00654	0.20228	0.01216	0.40108	0.01293	0.01444	0.00961	0.12665	0.00811	0.00177	0.12972	0.00431	0.00409	0.00611
138	0.00920	0.00920	0.01288	0.01104	0.01104	0.01288	0.00920	0.01012	0.00644	0.01012	0.00552	0.00920	0.00552	0.00736	0.01380	0.00184	0.84457	0.00368	0.00184	0.00460
139	0.02248	0.01273	0.01508	0.02010	0.52918	0.23379	0.01103	0.06034	0.01075	0.01360	0.00762	0.00954	0.00631	0.00397	0.00402	0.00119	0.00561	0.00342	0.00224	0.02699
140	0.01856	0.00758	0.03360	0.00761	0.01095	0.00628	0.00645	0.02028	0.01194	0.80525	0.01632	0.01415	0.01026	0.00517	0.00422	0.00130	0.00365	0.00419	0.00510	0.00713
141	0.00500	0.00426	0.00431	0.00429	0.00570	0.00356	0.00322	0.00610	0.00966	0.01155	0.06975	0.04014	0.79705	0.01058	0.00497	0.00142	0.00212	0.00883	0.00393	0.00356
142	0.00794	0.00747	0.01261	0.84216	0.02895	0.00934	0.01167	0.01074	0.00841	0.01074	0.00747	0.01121	0.00560	0.00420	0.00420	0.00140	0.00560	0.00374	0.00187	0.00467
143	0.00994	0.01068	0.01250	0.60855	0.03474	0.21609	0.01076	0.01227	0.00926	0.01065	0.00720	0.01025	0.00557	0.00429	0.00428	0.00133	0.02150	0.00348	0.00194	0.00474
144	0.01124	0.85479	0.02203	0.00719	0.01079	0.01663	0.00719	0.01259	0.00854	0.00989	0.00584	0.00674	0.00539	0.00360	0.00270	0.00090	0.00450	0.00225	0.00180	0.00539
145	0.01108	0.00740	0.00896	0.00652	0.01014	0.00574	0.00526	0.01289	0.00949	0.20376	0.00960	0.01002	0.00720	0.00360	0.00337	0.00078	0.00322	0.00290	0.00312	0.67494
146	0.01049	0.01015	0.01698	0.02556	0.81265	0.02358	0.01282	0.01297	0.00961	0.01368	0.00788	0.01036	0.00664	0.00376	0.00416	0.00125	0.00504	0.00373	0.00208	0.00663
147	0.00690	0.00468	0.00564	0.00524	0.00661	0.00421	0.00400	0.02601	0.01119	0.08289	0.44412	0.04385	0.31186	0.00905	0.00490	0.00137	0.00225	0.01667	0.00439	0.00415
148	0.01571	0.01991	0.01192	0.01081	0.01300	0.82277	0.00812	0.02899	0.01203	0.01054	0.00655	0.00762	0.00544	0.00434	0.00380	0.00109	0.00754	0.00272	0.00220	0.00491
149	0.00730	0.00365	0.00548	0.00548	0.00548	0.00365	0.00365	0.00548	0.00548	0.00730	0.00730	0.01278	0.00730	0.01460	0.01643	0.87769	0.00365	0.00365	0.00183	0.00183
150	0.00503	0.00420	0.00439	0.00448	0.00575	0.00355	0.00331	0.00610	0.00953	0.01155	0.07735	0.12582	0.70289	0.01082	0.00501	0.00145	0.00216	0.00914	0.00394	0.00355
151	0.00753	0.00414	0.00441	0.00432	0.00534	0.00411	0.00325	0.00978	0.03205	0.01596	0.17464	0.01880	0.01657	0.00565	0.00338	0.00106	0.00200	0.00467	0.67834	0.00400
152	0.02831	0.05870	0.02920	0.04036	0.24268	0.47708	0.02152	0.01518	0.01081	0.02820	0.00714	0.00865	0.00587	0.00412	0.00386	0.00115	0.00645	0.00307	0.00218	0.00547
153	0.01524	0.00785	0.01012	0.00779	0.01079	0.00739	0.00641	0.08384	0.01130	0.48526	0.01273	0.01212	0.00864	0.00497	0.00507	0.00121	0.09970	0.00374	0.00413	0.20170
154	0.00595	0.00430	0.00562	0.00529	0.00628	0.00397	0.00397	0.00793	0.01190	0.01686	0.82382	0.03140	0.03966	0.00859	0.00496	0.00132	0.00198	0.00760	0.00463	0.00397
155	0.00920	0.00936	0.01467	0.01205	0.01285	0.01208	0.15049	0.01064	0.00721	0.01083	0.00688	0.01149	0.00661	0.00690	0.01184	0.00177	0.65471	0.04368	0.00199	0.00475
156	0.01040	0.00999	0.01706	0.02580	0.82604	0.00999	0.01290	0.01290	0.00957	0.01373	0.00791	0.01040	0.00666	0.00375	0.00416	0.00125	0.00499	0.00375	0.00208	0.00666
157	0.00918	0.00917	0.01287	0.02477	0.01133	0.01282	0.00924	0.01013	0.00647	0.01013	0.00555	0.00923	0.00552	0.00731	0.01364	0.00183	0.83071	0.00368	0.00184	0.00460
158	0.00794	0.00747	0.01261	0.84216	0.02895	0.00934	0.01167	0.01074	0.00841	0.01074	0.00747	0.01121	0.00560	0.00420	0.00420	0.00140	0.00560	0.00374	0.00187	0.00467
159	0.00843	0.02174	0.83048	0.01198	0.01819	0.00976	0.01553	0.01331	0.00888	0.01331	0.00754	0.00888	0.00533	0.00399	0.00399	0.00133	0.00621	0.00311	0.00178	0.00621
160	0.00572	0.00422	0.00550	0.00644	0.00691	0.01589	0.00474	0.00679	0.00855	0.01123	0.02268	0.61940	0.02650	0.01262	0.00546	0.00176	0.00290	0.22527	0.00387	0.00356
161	0.00794	0.00747	0.01261	0.84216	0.02895	0.00934	0.01167	0.01074	0.00841	0.01074	0.00747	0.01121	0.00560	0.00420	0.00420	0.00140	0.00560	0.00374	0.00187	0.00467
162	0.88196	0.00813	0.00618	0.00553	0.00813	0.00943	0.00455	0.01236	0.00715	0.01886	0.00585	0.00683	0.00455	0.00390	0.00260	0.00130	0.00325	0.00228	0.00260	0.00455
163	0.00770	0.00675	0.01084	0.01561	0.40699	0.00663	0.00830	0.00930	0.00879	0.01220	0.01571	0.43925	0.01747	0.00856	0.00478	0.00148	0.00369	0.00794	0.00301	0.00500
164	0.01046	0.00903	0.00951	0.00855	0.01093	0.01046	0.00665	0.02234	0.81845	0.01759	0.01711	0.01568	0.01283	0.00570	0.00428	0.00143	0.00333	0.00475	0.00428	0.00665
165	0.01598	0.01177	0.01262	0.00967	0.01304	0.01304	0.00799	0.81202	0.01976	0.02649	0.01009	0.01009	0.00715	0.00505	0.00421	0.00126	0.00463	0.00378	0.00421	0.00715
166	0.01779	0.00705	0.00944	0.00731	0.01042	0.00615	0.00601	0.03765	0.01206	0.75061	0.02878	0.01601	0.05955	0.00557	0.00428	0.00131	0.00349	0.00454	0.00509	0.00690
167	0.83000	0.00835	0.00656	0.00578	0.00842	0.00965	0.00476	0.06033	0.00791	0.01932	0.00611	0.00702	0.00471	0.00397	0.00270	0.00130	0.00333	0.00237	0.00270	0.00471
168	0.00892	0.00847	0.01437	0.51870	0.34478	0.00960	0.01216	0.01160	0.00887	0.01193	0.00764	0.01089	0.00602	0.00402	0.00419	0.00134	0.00536	0.00374	0.00195	0.00546
169	0.01434	0.01122	0.01382	0.02661	0.23415	0.01215	0.00938	0.58284	0.01682	0.02279	0.00946	0.01019	0.00699	0.00468	0.00419	0.00126	0.00474	0.00377	0.00359	0.00698
170	0.01598	0.01177	0.01262	0.00967	0.01304	0.01304	0.00799	0.81202	0.01976	0.02649	0.01009	0.01009	0.00715	0.00505	0.00421	0.00126	0.00463	0.00378	0.00421	0.00715
171	0.00794	0.00747	0.01261	0.84216	0.02895	0.00934	0.01167	0.01074	0.00841	0.01074	0.00747	0.01121	0.00560	0.00420	0.00420	0.00140	0.00560	0.00374	0.00187	0.00467
172	0.88196	0.00813	0.00618	0.00553	0.00813	0.00943	0.00455	0.01236	0.00715	0.01886	0.00585	0.00683	0.00455	0.00390	0.00260	0.00130	0.00325	0.00228	0.00260	0.00455
173	0.00512	0.00373	0.00482	0.00567	0.00605	0.00344	0.00382	0.00591	0.00828	0.01090	0.03783	0.74735	0.11599	0.01282	0.00532	0.00167	0.00240	0.01154	0.00391	0.00344
174	0.88196	0.00813	0.00618	0.00553	0.00813	0.00943	0.00455	0.01236	0.00715	0.01886	0.00585	0.00683	0.00455	0.00390	0.00260	0.00130	0.00325	0.00228	0.00260	0.00455
175	0.01031	0.00989	0.01689	0.05797	0.79463	0.00996	0.01285	0.01282	0.00953	0.01362	0.00789	0.01044	0.00662	0.00376	0.00416	0.00125	0.00502	0.00375	0.00207	0.00658
176	0.88196	0.00813	0.00618	0.00553	0.00813	0.00943	0.00455	0.01236	0.00715	0.01886	0.00585	0.00683	0.00455	0.00390	0.00260	0.00130	0.00325	0.00228	0.00260	0.00455
177	0.00850	0.00813	0.01141	0.00994	0.01024	0.01097	0.00819	0.00958	0.00660	0.01018	0.00682	0.01073	0.00661	0.01233	0.18810	0.00284	0.63424	0.00381	0.00195	0.03883
178	0.08132	0.00758	0.01214	0.72889	0.05832	0.00930	0.01102	0.01090	0.00834	0.01154	0.00756	0.02176	0.00585	0.00428	0.00408	0.00139	0.00534	0.00372	0.00196	0.00472
179	0.00604	0.00438	0.00611	0.00611	0.00664	0.00491	0.00445	0.00709	0.00657	0.00928	0.01185	0.01977	0.01192	0.27486	0.59421	0.00596	0.00913	0.00498	0.00234	0.00340
180	0.01621	0.01087	0.01199	0.00925	0.01255	0.01176	0.00762	0.64208	0.05567	0.16107	0.01151	0.01106	0.00796	0.00510	0.00421	0.00128	0.00439	0.00390	0.00438	0.00713
181	0.00987	0.01120	0.02400	0.01727	0.02123	0.01078	0.75674	0.01324	0.00969	0.01324	0.00830	0.01120	0.00632	0.00380	0.00556	0.00145	0.06354	0.00487	0.00211	0.00560
182	0.01046	0.00903	0.00951	0.00855	0.01093	0.01046	0.00665	0.02234	0.81845	0.01759	0.01711	0.01568	0.01283	0.00570	0.00428	0.00143	0.00333	0.00475	0.00428	0.00665
183	0.00628	0.00558	0.00693	0.00851	0.15900	0.00512	0.00519	0.00819	0.05308	0.01213	0.03475	0.03352	0.62815	0.00909	0.00478	0.00139	0.00273	0.00769	0.00358	0.00430
184	0.88196	0.00813	0.00618	0.00553	0.00813	0.00943	0.00455	0.01236	0.00715	0.01886	0.00585	0.00683	0.00455	0.00390	0.00260	0.00130	0.00325	0.00228	0.00260	0.00455
185	0.88196	0.00813	0.00618	0.00553	0.00813	0.00943	0.00455	0.01236	0.00715	0.01886	0.00585	0.00683	0.00455	0.00390	0.00260	0.00130	0.00325	0.00228	0.00260	0.00455
186	0.01598	0.01177	0.01262	0.00967	0.01304	0.01304	0.00799	0.81202	0.01976	0.02649	0.01009	0.01009	0.00715	0.00505	0.00421	0.00126	0.00463	0.00378	0.00421	0.00715
187	0.02202	0.00754	0.01268	0.81683	0.02852	0.00936	0.02307	0.01081	0.00841	0.01091	0.00746	0.01114	0.00560	0.00419	0.00419	0.00140	0.00559	0.00373	0.00188	0.00468
188	0.00871	0.00802	0.01316	0.62660	0.13160	0.00975	0.01144	0.02085	0.00858	0.02795	0.00756	0.01096	0.00585	0.00448	0.00513	0.00142	0.08720	0.00374	0.00199	0.00501
189	0.01853	0.00727	0.01004	0.00820	0.04286	0.00633	0.00644	0.02019	0.01193	0.79683	0.01624	0.01415	0.01026	0.00515	0.00422	0.00130	0.00363	0.00421	0.00508	0.00713
190	0.01689	0.00696	0.00905	0.00714	0.00995	0.01749	0.00584	0.01867	0.02171	0.67029	0.01574	0.01428	0.01028	0.00521	0.00431	0.00127	0.02696	0.00415	0.12720	0.00659
191	0.00730	0.00365	0.00548	0.00548	0.00548	0.00365	0.00365	0.00548	0.00548	0.00730	0.00730	0.01278	0.00730	0.01460	0.01643	0.87769	0.00365	0.00365	0.00183	0.00183
192	0.00690	0.00596	0.00912	0.17762	0.19427	0.00612	0.00739	0.00856	0.00889	0.01186	0.06720	0.33811	0.12414	0.00866	0.00479	0.00148	0.00358	0.00780	0.00313	0.00444
193	0.00801	0.00754	0.01273	0.81929	0.05128	0.00936	0.01171	0.01080	0.00844	0.01082	0.00748	0.01119	0.00563	0.00419	0.00420	0.00140	0.00559	0.00374	0.00187	0.00473
194	0.00861	0.00828	0.01440	0.60828	0.20257	0.00957	0.06581	0.01140	0.00876	0.01158	0.00764	0.01104	0.00589	0.00406	0.00424	0.00137	0.00557	0.00382	0.00193	0.00517
195	0.01570	0.02004	0.01191	0.01083	0.01300	0.83539	0.00812	0.01679	0.01191	0.01029	0.00650	0.00758	0.00541	0.00433	0.00379	0.00108	0.00758	0.00271	0.00217	0.00487
196	0.01228	0.00988	0.01136	0.16230	0.01512	0.01132	0.00813	0.34650	0.33948	0.02001	0.01244	0.01255	0.00915	0.00516	0.00423	0.00135	0.00428	0.00417	0.00380	0.00649
197	0.00526	0.00443	0.04018	0.00612	0.00661	0.00369	0.00440	0.00617	0.00808	0.01084	0.02250	0.81357	0.02684	0.01278	0.00531	0.00169	0.00260	0.01157	0.00381	0.00353
198	0.01170	0.01187	0.06711	0.01362	0.01696	0.02407	0.36401	0.26325	0.01239	0.01693	0.00841	0.01038	0.00640	0.00470	0.00614	0.00143	0.14772	0.00423	0.00271	0.00597
199	0.00537	0.00384	0.00516	0.00612	0.00648	0.00363	0.00432	0.00630	0.00834	0.01108	0.03391	0.72125	0.02744	0.01288	0.00542	0.00174	0.00264	0.12667	0.00391	0.00349
200	0.00814	0.00775	0.01254	0.66999	0.02517	0.00993	0.01108	0.01055	0.00802	0.01062	0.00733	0.02338	0.00592	0.00494	0.00606	0.00149	0.16671	0.00385	0.00189	0.00464
201	0.00794	0.00747	0.01261	0.84216	0.02895	0.00934	0.01167	0.01074	0.00841	0.01074	0.00747	0.01121	0.00560	0.00420	0.00420	0.00140	0.00560	0.00374	0.00187	0.00467
202	0.01005	0.00955	0.01623	0.02427	0.76013	0.00961	0.01229	0.01247	0.00935	0.01341	0.00818	0.01090	0.00697	0.00598	0.07111	0.00169	0.00550	0.00381	0.00209	0.00642
203	0.00794	0.00747	0.01261	0.84216	0.02895	0.00934	0.01167	0.01074	0.00841	0.01074	0.00747	0.01121	0.00560	0.00420	0.00420	0.00140	0.00560	0.00374	0.00187	0.00467

[dist]
# distance from previous block
# <min> <max>
0	0

# created by:
# /st0/software/busco_prod/Augustus/scripts/msa2prfl.pl ./align_prep/121327.fa
