[name]
unknown

[dist]
# distance from previous block
# <min> <max>
0	26

[block]
# block no. 0 follows, 60 sequences, length 16
# corresponding to MSA columns:
# 53-68
name=unknown_A
#
# <colnr> <probs for GDERKNQSTAVLIFYWHMCP>
#	G	D	E	R	K	N	Q	S	T	A	V	L	I	F	Y	W	H	M	C	P
0	0.01025	0.04831	0.18700	0.07801	0.12121	0.06174	0.05830	0.03339	0.10421	0.06441	0.03369	0.03655	0.06410	0.02203	0.00483	0.00146	0.00505	0.05669	0.00296	0.00581
1	0.03837	0.00967	0.05566	0.06612	0.06302	0.00893	0.25662	0.05581	0.04612	0.15001	0.06276	0.01587	0.05388	0.00610	0.03017	0.00158	0.02143	0.02249	0.00324	0.03217
2	0.04171	0.08114	0.04926	0.15191	0.13271	0.04946	0.03380	0.14272	0.04031	0.07041	0.02975	0.04254	0.00897	0.00512	0.00449	0.00132	0.02975	0.02158	0.00296	0.06011
3	0.01060	0.03822	0.05236	0.06137	0.03951	0.06538	0.02479	0.10176	0.06904	0.09762	0.06291	0.03390	0.13313	0.05228	0.02235	0.00164	0.02513	0.03979	0.03573	0.03249
4	0.04665	0.05884	0.02432	0.07557	0.01066	0.02200	0.02514	0.10016	0.01065	0.01456	0.07572	0.14197	0.21763	0.00773	0.00465	0.00134	0.01987	0.00646	0.03756	0.09851
5	0.01051	0.51049	0.08495	0.15250	0.01489	0.04233	0.00879	0.01247	0.00904	0.01110	0.03198	0.03260	0.00741	0.00442	0.00365	0.00112	0.02397	0.00319	0.00206	0.03254
6	0.05395	0.08876	0.18424	0.14571	0.21513	0.03171	0.05443	0.03989	0.04116	0.02709	0.00954	0.01133	0.03464	0.00446	0.00428	0.00132	0.01921	0.00377	0.00235	0.02703
7	0.05080	0.13331	0.04635	0.05936	0.05911	0.23328	0.02790	0.04176	0.01052	0.11668	0.01961	0.01208	0.01777	0.00893	0.12791	0.00210	0.00658	0.01774	0.00275	0.00546
8	0.00904	0.00775	0.00904	0.00646	0.01034	0.00581	0.00517	0.01098	0.00904	0.01421	0.00775	0.00904	0.00646	0.00323	0.00323	0.00065	0.00323	0.00258	0.00258	0.87339
9	0.00634	0.00423	0.00476	0.00476	0.00476	0.00423	0.00264	0.00634	0.00634	0.00846	0.01374	0.02854	0.01586	0.84672	0.02220	0.00423	0.00423	0.00634	0.00264	0.00264
10	0.03087	0.10106	0.22855	0.10382	0.10684	0.00993	0.06010	0.02746	0.03483	0.07500	0.04753	0.01295	0.03773	0.00491	0.00455	0.00134	0.04077	0.00404	0.06190	0.00582
11	0.31420	0.06071	0.04711	0.03296	0.06188	0.12910	0.03215	0.05415	0.00922	0.01513	0.00771	0.03115	0.00673	0.00610	0.03416	0.00160	0.12812	0.02020	0.00250	0.00515
12	0.00627	0.00441	0.00596	0.00672	0.00727	0.00438	0.00513	0.00742	0.00857	0.01135	0.02084	0.32477	0.02360	0.13875	0.06983	0.02205	0.00409	0.32137	0.00365	0.00359
13	0.01048	0.03325	0.01432	0.15445	0.39910	0.04975	0.01073	0.03944	0.02371	0.04898	0.01162	0.06931	0.05469	0.00544	0.00500	0.00139	0.05512	0.00471	0.00260	0.00594
14	0.00517	0.00435	0.00449	0.00459	0.00594	0.00367	0.00339	0.00624	0.00977	0.01171	0.04206	0.12644	0.73465	0.01132	0.00520	0.00150	0.00224	0.00954	0.00405	0.00367
15	0.05310	0.23119	0.06367	0.02152	0.02862	0.09534	0.02298	0.18661	0.06010	0.18088	0.01027	0.01035	0.00751	0.00465	0.00385	0.00122	0.00488	0.00346	0.00336	0.00642

[dist]
# distance from previous block
# <min> <max>
0	1

[block]
# block no. 1 follows, 60 sequences, length 7
# corresponding to MSA columns:
# 70-76
name=unknown_B
#
# <colnr> <probs for GDERKNQSTAVLIFYWHMCP>
#	G	D	E	R	K	N	Q	S	T	A	V	L	I	F	Y	W	H	M	C	P
0	0.04781	0.47201	0.07169	0.00955	0.04257	0.22583	0.00844	0.05524	0.01037	0.01202	0.00666	0.00769	0.00571	0.00405	0.00331	0.00106	0.00558	0.00266	0.00214	0.00562
1	0.01229	0.04429	0.01024	0.00836	0.01033	0.12100	0.00651	0.09884	0.18248	0.11589	0.01112	0.01269	0.00884	0.02617	0.00829	0.20547	0.06485	0.00393	0.00324	0.04516
2	0.03343	0.05754	0.09510	0.04210	0.12907	0.07011	0.03878	0.18300	0.06705	0.07383	0.01204	0.01359	0.04990	0.00535	0.00482	0.00136	0.05274	0.02529	0.03877	0.00615
3	0.00746	0.00700	0.03497	0.02522	0.04600	0.06594	0.03092	0.00894	0.00966	0.02721	0.10651	0.11089	0.29088	0.10022	0.02941	0.00184	0.00373	0.00715	0.02981	0.05624
4	0.00531	0.00380	0.00506	0.00607	0.00633	0.00354	0.00405	0.00607	0.00835	0.01113	0.02404	0.84388	0.02885	0.01366	0.00557	0.00177	0.00253	0.01240	0.00405	0.00354
5	0.02891	0.30682	0.15625	0.03832	0.06362	0.07953	0.03985	0.04572	0.00952	0.01236	0.00841	0.05272	0.00764	0.00618	0.03883	0.00151	0.07466	0.02136	0.00223	0.00554
6	0.01256	0.09885	0.07097	0.01126	0.06605	0.12785	0.08571	0.11044	0.19870	0.08077	0.01186	0.04051	0.00944	0.00519	0.00425	0.00131	0.00506	0.02058	0.00330	0.03531

[dist]
# distance from previous block
# <min> <max>
0	1

[block]
# block no. 2 follows, 60 sequences, length 19
# corresponding to MSA columns:
# 78-96
name=unknown_C
#
# <colnr> <probs for GDERKNQSTAVLIFYWHMCP>
#	G	D	E	R	K	N	Q	S	T	A	V	L	I	F	Y	W	H	M	C	P
0	0.00618	0.00488	0.00569	0.00600	0.02631	0.00451	0.00425	0.04562	0.02645	0.01338	0.14404	0.26214	0.39898	0.01094	0.00521	0.00154	0.00253	0.02318	0.00413	0.00403
1	0.03901	0.15728	0.42306	0.01167	0.03328	0.06303	0.08740	0.04910	0.02935	0.01382	0.00865	0.04950	0.00705	0.00460	0.00404	0.00131	0.00586	0.00373	0.00222	0.00603
2	0.46394	0.08840	0.14232	0.00860	0.03894	0.02544	0.03392	0.07255	0.00930	0.03714	0.00764	0.00921	0.00598	0.00433	0.00334	0.00132	0.00437	0.01952	0.01828	0.00544
3	0.00824	0.00775	0.01308	0.83624	0.03004	0.00969	0.01211	0.01114	0.00872	0.01114	0.00775	0.01163	0.00581	0.00436	0.00436	0.00145	0.00581	0.00388	0.00194	0.00484
4	0.01172	0.04974	0.12049	0.07728	0.04491	0.01137	0.06033	0.27314	0.06547	0.02928	0.01013	0.01301	0.00822	0.04912	0.03234	0.00176	0.10399	0.02856	0.00307	0.00608
5	0.00963	0.03254	0.00898	0.00828	0.07403	0.03173	0.00591	0.06044	0.08442	0.08547	0.06563	0.08829	0.19071	0.00709	0.00441	0.00126	0.00338	0.02850	0.02138	0.18794
6	0.00813	0.00407	0.00407	0.00407	0.00508	0.00407	0.00305	0.01016	0.00915	0.01626	0.01423	0.01626	0.01118	0.00508	0.00305	0.00102	0.00203	0.00407	0.87093	0.00407
7	0.11983	0.08669	0.13853	0.03229	0.03517	0.02062	0.03902	0.07718	0.08008	0.01592	0.06345	0.02572	0.00941	0.00457	0.00378	0.00115	0.00429	0.00365	0.00285	0.23579
8	0.00961	0.02165	0.01442	0.22135	0.30532	0.03448	0.07760	0.04487	0.03098	0.01331	0.02352	0.07816	0.03693	0.04597	0.00557	0.00154	0.02161	0.00499	0.00253	0.00559
9	0.00813	0.00407	0.00407	0.00407	0.00508	0.00407	0.00305	0.01016	0.00915	0.01626	0.01423	0.01626	0.01118	0.00508	0.00305	0.00102	0.00203	0.00407	0.87093	0.00407
10	0.15908	0.01106	0.01132	0.02747	0.07079	0.21530	0.08386	0.02689	0.04592	0.03822	0.00949	0.02891	0.00813	0.03473	0.17041	0.00255	0.02994	0.00394	0.01696	0.00505
11	0.01048	0.00967	0.01641	0.21145	0.61361	0.01009	0.01288	0.01312	0.00973	0.03874	0.00838	0.01111	0.00678	0.00404	0.00433	0.00133	0.00528	0.00390	0.00221	0.00645
12	0.01635	0.01210	0.01296	0.00999	0.01344	0.01342	0.00823	0.77326	0.05259	0.02711	0.01077	0.01071	0.00766	0.00526	0.00437	0.00132	0.00474	0.00397	0.00437	0.00740
13	0.00824	0.00775	0.01308	0.83624	0.03004	0.00969	0.01211	0.01114	0.00872	0.01114	0.00775	0.01163	0.00581	0.00436	0.00436	0.00145	0.00581	0.00388	0.00194	0.00484
14	0.00992	0.00918	0.01536	0.02273	0.64876	0.00917	0.01190	0.01233	0.00987	0.01390	0.01138	0.05726	0.01092	0.00568	0.00465	0.00143	0.00486	0.13185	0.00255	0.00628
15	0.00626	0.00443	0.00586	0.00589	0.00628	0.00480	0.00405	0.00704	0.00673	0.00935	0.01306	0.04800	0.01385	0.42617	0.41342	0.00550	0.00779	0.00572	0.00254	0.00328
16	0.00633	0.00429	0.00507	0.00507	0.00518	0.00440	0.00303	0.00654	0.00644	0.00869	0.01346	0.02696	0.01517	0.73356	0.13442	0.00461	0.00526	0.00611	0.00260	0.00282
17	0.00813	0.00407	0.00407	0.00407	0.00508	0.00407	0.00305	0.01016	0.00915	0.01626	0.01423	0.01626	0.01118	0.00508	0.00305	0.00102	0.00203	0.00407	0.87093	0.00407
18	0.00623	0.00467	0.00701	0.00701	0.00779	0.00545	0.00545	0.00779	0.00701	0.01012	0.01168	0.01713	0.01090	0.03271	0.82944	0.00701	0.01168	0.00467	0.00234	0.00389

[dist]
# distance from previous block
# <min> <max>
0	2

[block]
# block no. 3 follows, 60 sequences, length 9
# corresponding to MSA columns:
# 99-107
name=unknown_D
#
# <colnr> <probs for GDERKNQSTAVLIFYWHMCP>
#	G	D	E	R	K	N	Q	S	T	A	V	L	I	F	Y	W	H	M	C	P
0	0.03206	0.01052	0.01040	0.00907	0.01153	0.08225	0.00712	0.17387	0.48768	0.01899	0.05335	0.03661	0.01284	0.00601	0.00466	0.00143	0.02617	0.00480	0.00413	0.00651
1	0.00813	0.00407	0.00407	0.00407	0.00508	0.00407	0.00305	0.01016	0.00915	0.01626	0.01423	0.01626	0.01118	0.00508	0.00305	0.00102	0.00203	0.00407	0.87093	0.00407
2	0.00733	0.00576	0.00669	0.00656	0.00730	0.06278	0.00487	0.00861	0.00756	0.01076	0.01194	0.01836	0.01139	0.18489	0.46764	0.00502	0.03282	0.00475	0.13117	0.00378
3	0.00733	0.00590	0.00673	0.00661	0.02323	0.02768	0.00485	0.03405	0.08737	0.03409	0.26250	0.16041	0.26611	0.00956	0.00546	0.00149	0.03987	0.00812	0.00417	0.00445
4	0.01018	0.00772	0.00916	0.00660	0.01042	0.00588	0.00530	0.01209	0.00941	0.10117	0.00877	0.00967	0.00693	0.00346	0.00335	0.00072	0.00328	0.00278	0.00289	0.78023
5	0.00612	0.00459	0.00589	0.00576	0.00673	0.00435	0.00436	0.00789	0.01132	0.01563	0.56346	0.11226	0.13928	0.00981	0.00553	0.00148	0.02879	0.05825	0.00449	0.00402
6	0.09874	0.04898	0.05801	0.00723	0.02394	0.02832	0.02052	0.07330	0.02725	0.06696	0.04869	0.05428	0.26008	0.00684	0.00423	0.00126	0.00351	0.00557	0.00344	0.15886
7	0.04172	0.26260	0.19562	0.00995	0.02990	0.08840	0.05096	0.08553	0.01064	0.03415	0.06036	0.02543	0.00871	0.00466	0.00403	0.00119	0.02452	0.00354	0.00254	0.05556
8	0.00706	0.03153	0.07744	0.02949	0.04133	0.01986	0.04631	0.02984	0.00926	0.01244	0.05821	0.38319	0.11405	0.07349	0.00629	0.00175	0.00356	0.00858	0.04204	0.00427

[dist]
# distance from previous block
# <min> <max>
0	1

[block]
# block no. 4 follows, 60 sequences, length 44
# corresponding to MSA columns:
# 109-114,234-236,244-250,257-284
name=unknown_E
#
# <colnr> <probs for GDERKNQSTAVLIFYWHMCP>
#	G	D	E	R	K	N	Q	S	T	A	V	L	I	F	Y	W	H	M	C	P
0	0.23591	0.16111	0.12743	0.03647	0.14359	0.07203	0.02383	0.05851	0.00970	0.02722	0.02341	0.02033	0.00680	0.00445	0.00396	0.00128	0.03257	0.00327	0.00245	0.00569
1	0.00733	0.02232	0.00942	0.13609	0.11659	0.00681	0.01894	0.00922	0.02315	0.01157	0.04922	0.10486	0.07683	0.09021	0.24802	0.00335	0.02685	0.02005	0.01475	0.00442
2	0.00602	0.00461	0.00536	0.00551	0.00640	0.00441	0.00387	0.00788	0.07134	0.01236	0.14702	0.25491	0.26506	0.15023	0.03321	0.00217	0.00299	0.00894	0.00391	0.00379
3	0.00904	0.00775	0.00904	0.00646	0.01034	0.00581	0.00517	0.01098	0.00904	0.01421	0.00775	0.00904	0.00646	0.00323	0.00323	0.00065	0.00323	0.00258	0.00258	0.87339
4	0.00955	0.00942	0.02623	0.27850	0.26604	0.04129	0.03689	0.01273	0.07517	0.01274	0.02166	0.02689	0.02125	0.02619	0.02349	0.00163	0.09806	0.00432	0.00237	0.00558
5	0.00617	0.00436	0.00535	0.00520	0.00624	0.00400	0.00387	0.00797	0.01131	0.01598	0.54711	0.09225	0.15961	0.00918	0.00494	0.00138	0.00211	0.00800	0.10095	0.00400
6	0.02713	0.03729	0.09637	0.03438	0.49062	0.06439	0.04007	0.06643	0.06053	0.02815	0.00887	0.01070	0.00707	0.00419	0.00424	0.00130	0.00537	0.00380	0.00247	0.00663
7	0.00530	0.00385	0.00501	0.00593	0.00629	0.00355	0.00399	0.00609	0.00849	0.01119	0.02575	0.77563	0.09599	0.01344	0.00553	0.00175	0.00250	0.01213	0.00405	0.00355
8	0.03785	0.00777	0.00896	0.00644	0.01027	0.00595	0.00515	0.01104	0.00899	0.01439	0.00770	0.00898	0.00640	0.00326	0.00321	0.00067	0.00323	0.00258	0.00259	0.84457
9	0.00539	0.00425	0.00482	0.00504	0.00606	0.00373	0.00361	0.00651	0.00974	0.01234	0.15353	0.25768	0.45810	0.04178	0.00588	0.00164	0.00235	0.00977	0.00411	0.00367
10	0.01080	0.06790	0.04048	0.04878	0.64368	0.02848	0.07007	0.01344	0.00988	0.01377	0.00805	0.01053	0.00670	0.00389	0.00426	0.00129	0.00541	0.00383	0.00213	0.00663
11	0.00547	0.00443	0.00485	0.00474	0.00608	0.00381	0.00356	0.00686	0.01067	0.01352	0.28008	0.03911	0.58076	0.01040	0.00515	0.00144	0.00216	0.00880	0.00428	0.00381
12	0.01178	0.82843	0.02259	0.00756	0.01125	0.03776	0.00749	0.01317	0.00895	0.01027	0.00608	0.00702	0.00560	0.00375	0.00283	0.00094	0.00474	0.00234	0.00188	0.00558
13	0.00526	0.00442	0.00457	0.00453	0.00596	0.00373	0.00340	0.00647	0.01020	0.01239	0.12647	0.04097	0.73508	0.01082	0.00515	0.00146	0.00219	0.00906	0.00413	0.00373
14	0.00522	0.00442	0.00451	0.00449	0.00593	0.00371	0.00337	0.00639	0.01010	0.01216	0.09512	0.04135	0.76658	0.01091	0.00515	0.00147	0.00220	0.00912	0.00410	0.00371
15	0.01079	0.01036	0.01770	0.02677	0.81952	0.01036	0.01339	0.01339	0.00993	0.01425	0.00820	0.01079	0.00691	0.00389	0.00432	0.00130	0.00518	0.00389	0.00216	0.00691
16	0.00954	0.00954	0.01336	0.01145	0.01145	0.01336	0.00954	0.01050	0.00668	0.01050	0.00573	0.00954	0.00573	0.00763	0.01431	0.00191	0.83874	0.00382	0.00191	0.00477
17	0.01144	0.00935	0.04103	0.12391	0.30272	0.00878	0.05359	0.04003	0.01033	0.14029	0.02587	0.01183	0.00805	0.00433	0.00437	0.00124	0.02110	0.00388	0.03119	0.14667
18	0.02854	0.01001	0.01500	0.39758	0.26491	0.07434	0.05584	0.03382	0.00964	0.01279	0.00780	0.01085	0.00619	0.00438	0.00486	0.00140	0.05050	0.00383	0.00212	0.00561
19	0.00875	0.02256	0.82413	0.01243	0.01888	0.01013	0.01611	0.01381	0.00921	0.01381	0.00783	0.00921	0.00552	0.00414	0.00414	0.00138	0.00645	0.00322	0.00184	0.00645
20	0.00538	0.00459	0.00465	0.00461	0.00610	0.00394	0.00346	0.00690	0.03687	0.01221	0.07184	0.04077	0.76214	0.01080	0.00513	0.00147	0.00225	0.00901	0.00409	0.00381
21	0.01172	0.71689	0.09230	0.00797	0.01190	0.03335	0.00817	0.01345	0.00909	0.03748	0.00663	0.00750	0.00578	0.00383	0.00300	0.00099	0.00483	0.00249	0.00200	0.02063
22	0.87753	0.00843	0.00641	0.00574	0.00843	0.00978	0.00472	0.01282	0.00742	0.01957	0.00607	0.00709	0.00472	0.00405	0.00270	0.00135	0.00337	0.00236	0.00270	0.00472
23	0.01079	0.01036	0.01770	0.02677	0.81952	0.01036	0.01339	0.01339	0.00993	0.01425	0.00820	0.01079	0.00691	0.00389	0.00432	0.00130	0.00518	0.00389	0.00216	0.00691
24	0.01668	0.01206	0.01299	0.00996	0.01345	0.01329	0.00823	0.77873	0.02024	0.05411	0.01070	0.01062	0.00753	0.00524	0.00436	0.00131	0.00476	0.00394	0.00440	0.00742
25	0.01104	0.00946	0.00997	0.00891	0.01141	0.01094	0.00695	0.04948	0.78502	0.01856	0.01751	0.01608	0.01312	0.00589	0.00444	0.00147	0.00350	0.00490	0.00444	0.00692
26	0.01906	0.00824	0.01062	0.00815	0.01154	0.00762	0.00673	0.15411	0.01384	0.68777	0.01606	0.01410	0.01022	0.00537	0.00438	0.00134	0.00390	0.00431	0.00522	0.00742
27	0.07496	0.00586	0.00695	0.00599	0.00809	0.00534	0.00473	0.03040	0.01145	0.27142	0.24033	0.02753	0.27360	0.00803	0.00471	0.00139	0.00279	0.00669	0.00459	0.00515
28	0.00954	0.00954	0.01336	0.01145	0.01145	0.01336	0.00954	0.01050	0.00668	0.01050	0.00573	0.00954	0.00573	0.00763	0.01431	0.00191	0.83874	0.00382	0.00191	0.00477
29	0.04278	0.00738	0.00992	0.00765	0.01095	0.00645	0.00631	0.02072	0.01234	0.78201	0.03530	0.01504	0.01133	0.00544	0.00436	0.00135	0.00366	0.00441	0.00531	0.00727
30	0.01854	0.00736	0.01006	0.00809	0.02757	0.00645	0.00649	0.02042	0.02398	0.75005	0.04662	0.01605	0.01213	0.00562	0.00444	0.00136	0.00368	0.01859	0.00527	0.00722
31	0.00568	0.00440	0.00518	0.00507	0.00624	0.00389	0.00377	0.00725	0.01106	0.01464	0.43511	0.08809	0.37368	0.01013	0.00518	0.00144	0.00215	0.00874	0.00443	0.00389
32	0.00530	0.00393	0.00495	0.00573	0.00624	0.00358	0.00390	0.00615	0.00875	0.01139	0.04390	0.66721	0.18696	0.01305	0.00548	0.00170	0.00246	0.01167	0.00406	0.00358
33	0.01906	0.00745	0.00999	0.00769	0.01099	0.00654	0.00635	0.04472	0.01261	0.76902	0.01689	0.01476	0.01071	0.00538	0.00434	0.00134	0.00368	0.00436	0.03683	0.00730
34	0.00925	0.00807	0.01009	0.02848	0.03548	0.00649	0.03145	0.02443	0.00925	0.01428	0.00781	0.00928	0.00646	0.00341	0.00358	0.00075	0.01960	0.00278	0.00256	0.76650
35	0.03810	0.23022	0.31488	0.02781	0.01476	0.13785	0.02500	0.02431	0.02514	0.03978	0.00823	0.02034	0.00669	0.00530	0.02634	0.00141	0.02912	0.01672	0.00223	0.00578
36	0.01116	0.59926	0.03461	0.05445	0.01325	0.04275	0.07130	0.01281	0.00884	0.01066	0.00656	0.00839	0.00592	0.02230	0.00461	0.00118	0.08170	0.00289	0.00193	0.00544
37	0.00613	0.00446	0.00577	0.00544	0.00649	0.00410	0.00408	0.00814	0.01224	0.01723	0.78181	0.03301	0.07672	0.00901	0.00514	0.00138	0.00206	0.00795	0.00477	0.00410
38	0.01167	0.01234	0.03358	0.22745	0.16719	0.20506	0.01021	0.05801	0.17811	0.01401	0.00977	0.01136	0.00761	0.00477	0.00456	0.00136	0.03053	0.00383	0.00270	0.00588
39	0.00549	0.00445	0.00488	0.00482	0.00616	0.00384	0.00364	0.00688	0.01060	0.01337	0.25337	0.03964	0.58281	0.01050	0.00518	0.00146	0.00222	0.03263	0.00425	0.00381
40	0.00651	0.00500	0.00721	0.00706	0.00767	0.00592	0.00540	0.00781	0.00689	0.00993	0.01149	0.01808	0.01116	0.14143	0.65469	0.00622	0.07657	0.00483	0.00234	0.00379
41	0.01013	0.00885	0.02957	0.02350	0.01103	0.00957	0.00666	0.02005	0.62884	0.04102	0.02139	0.01994	0.13726	0.00662	0.00454	0.00147	0.00339	0.00551	0.00430	0.00637
42	0.00624	0.00464	0.00686	0.00686	0.00759	0.00537	0.00526	0.00769	0.00696	0.01001	0.01182	0.01790	0.01123	0.08710	0.77551	0.00682	0.01118	0.00478	0.00236	0.00381
43	0.00904	0.00775	0.00904	0.00646	0.01034	0.00581	0.00517	0.01098	0.00904	0.01421	0.00775	0.00904	0.00646	0.00323	0.00323	0.00065	0.00323	0.00258	0.00258	0.87339

[dist]
# distance from previous block
# <min> <max>
0	1

[block]
# block no. 5 follows, 60 sequences, length 7
# corresponding to MSA columns:
# 286-292
name=unknown_F
#
# <colnr> <probs for GDERKNQSTAVLIFYWHMCP>
#	G	D	E	R	K	N	Q	S	T	A	V	L	I	F	Y	W	H	M	C	P
0	0.01217	0.40654	0.12922	0.00896	0.01255	0.14422	0.03165	0.05003	0.03679	0.04509	0.00822	0.00915	0.00664	0.00423	0.00344	0.00110	0.00521	0.00300	0.07609	0.00570
1	0.00580	0.00439	0.00483	0.00486	0.00573	0.00400	0.00337	0.00664	0.00886	0.01119	0.10527	0.03662	0.40425	0.31552	0.01142	0.00250	0.00304	0.05474	0.00361	0.00336
2	0.00904	0.00775	0.00904	0.00646	0.01034	0.00581	0.00517	0.01098	0.00904	0.01421	0.00775	0.00904	0.00646	0.00323	0.00323	0.00065	0.00323	0.00258	0.00258	0.87339
3	0.01149	0.31136	0.28880	0.01130	0.07764	0.09049	0.01098	0.06048	0.03044	0.03631	0.00775	0.00885	0.00613	0.00425	0.00395	0.00120	0.02716	0.00305	0.00223	0.00610
4	0.00627	0.00480	0.00641	0.00640	0.00732	0.00521	0.00488	0.00808	0.04332	0.01076	0.01899	0.02436	0.17064	0.10642	0.51923	0.00521	0.00842	0.03656	0.00286	0.00387
5	0.04343	0.11498	0.08148	0.06747	0.01297	0.04905	0.02314	0.23625	0.05925	0.01727	0.06899	0.11970	0.02924	0.00619	0.00425	0.00132	0.00443	0.00505	0.00335	0.05220
6	0.04244	0.07515	0.07832	0.03208	0.18622	0.15252	0.02183	0.04019	0.06124	0.06755	0.03853	0.09053	0.03505	0.00556	0.00420	0.00129	0.00492	0.00462	0.00292	0.05484

[dist]
# distance from previous block
# <min> <max>
2	6

[block]
# block no. 6 follows, 60 sequences, length 11
# corresponding to MSA columns:
# 299-302,306-312
name=unknown_G
#
# <colnr> <probs for GDERKNQSTAVLIFYWHMCP>
#	G	D	E	R	K	N	Q	S	T	A	V	L	I	F	Y	W	H	M	C	P
0	0.00868	0.00725	0.03160	0.00721	0.00912	0.00732	0.00573	0.01531	0.36516	0.04251	0.37867	0.02459	0.06392	0.00744	0.00478	0.00142	0.00286	0.00640	0.00454	0.00550
1	0.00591	0.00442	0.00549	0.00528	0.00637	0.00400	0.00394	0.00771	0.01166	0.01598	0.61544	0.06801	0.21057	0.00958	0.00516	0.00141	0.00211	0.00836	0.00461	0.00400
2	0.00541	0.00386	0.00517	0.00618	0.00647	0.00362	0.00421	0.00623	0.00844	0.01124	0.02399	0.80074	0.02864	0.01358	0.00559	0.00178	0.00261	0.05462	0.00405	0.00357
3	0.00540	0.00435	0.00481	0.00486	0.00608	0.00376	0.00358	0.00666	0.01026	0.01293	0.20886	0.14375	0.54756	0.01092	0.00521	0.00149	0.00222	0.00933	0.00421	0.00376
4	0.00631	0.00436	0.00543	0.00543	0.00566	0.00459	0.00348	0.00677	0.00654	0.00895	0.01313	0.02514	0.01438	0.60419	0.26271	0.00506	0.00645	0.00585	0.00255	0.00302
5	0.00904	0.00775	0.00904	0.00646	0.01034	0.00581	0.00517	0.01098	0.00904	0.01421	0.00775	0.00904	0.00646	0.00323	0.00323	0.00065	0.00323	0.00258	0.00258	0.87339
6	0.33518	0.01079	0.01021	0.00832	0.01138	0.04625	0.00680	0.38652	0.08339	0.04743	0.00952	0.00974	0.00696	0.00483	0.00374	0.00133	0.00425	0.00340	0.00369	0.00627
7	0.01115	0.00966	0.03577	0.01707	0.34029	0.00917	0.13122	0.05098	0.03071	0.10003	0.07492	0.01328	0.01029	0.00524	0.02229	0.00142	0.03108	0.00438	0.02236	0.07871
8	0.01151	0.15896	0.14489	0.02934	0.09854	0.14755	0.03134	0.06104	0.18275	0.01428	0.02669	0.01188	0.02091	0.02323	0.00459	0.00134	0.01855	0.00381	0.00277	0.00602
9	0.07490	0.00838	0.01038	0.00799	0.01136	0.00791	0.00659	0.16421	0.01348	0.58981	0.01484	0.01329	0.00959	0.00519	0.00422	0.00131	0.00387	0.00409	0.00491	0.04367
10	0.00790	0.00640	0.00873	0.09229	0.10112	0.00654	0.02205	0.07378	0.05368	0.01470	0.15187	0.15290	0.16218	0.02334	0.00524	0.00154	0.00349	0.07224	0.03525	0.00475

[dist]
# distance from previous block
# <min> <max>
1	4

[block]
# block no. 7 follows, 60 sequences, length 6
# corresponding to MSA columns:
# 317-322
name=unknown_H
#
# <colnr> <probs for GDERKNQSTAVLIFYWHMCP>
#	G	D	E	R	K	N	Q	S	T	A	V	L	I	F	Y	W	H	M	C	P
0	0.00568	0.00428	0.00525	0.00535	0.00630	0.00385	0.00388	0.00715	0.01067	0.01432	0.40510	0.24227	0.24857	0.01071	0.00525	0.00150	0.00222	0.00940	0.00441	0.00385
1	0.05424	0.15565	0.24760	0.03242	0.07628	0.01135	0.07224	0.14447	0.01131	0.08211	0.00875	0.00977	0.00650	0.00424	0.00393	0.00124	0.00523	0.00341	0.00270	0.06654
2	0.03709	0.15115	0.25056	0.03400	0.01582	0.06093	0.11211	0.12371	0.05049	0.04365	0.00857	0.00985	0.00652	0.00460	0.00487	0.00134	0.07252	0.00356	0.00255	0.00612
3	0.00647	0.00506	0.04857	0.00624	0.00703	0.00423	0.00466	0.00743	0.00839	0.04251	0.05109	0.51336	0.04639	0.08005	0.05359	0.05625	0.00346	0.00952	0.04197	0.00374
4	0.00651	0.00478	0.00586	0.00641	0.04871	0.00468	0.00400	0.00761	0.03419	0.01105	0.11207	0.10188	0.11714	0.45174	0.01417	0.00297	0.00359	0.05587	0.00330	0.00347
5	0.01164	0.11174	0.07615	0.05204	0.08162	0.05390	0.10363	0.15749	0.10064	0.05060	0.03225	0.02770	0.03842	0.02170	0.00497	0.00140	0.03093	0.01775	0.00310	0.02233

[dist]
# distance from previous block
# <min> <max>
4	73

[block]
# block no. 8 follows, 60 sequences, length 65
# corresponding to MSA columns:
# 400-464
name=unknown_I
#
# <colnr> <probs for GDERKNQSTAVLIFYWHMCP>
#	G	D	E	R	K	N	Q	S	T	A	V	L	I	F	Y	W	H	M	C	P
0	0.00945	0.00836	0.03190	0.00747	0.03249	0.00670	0.00588	0.06984	0.04752	0.01511	0.00997	0.04286	0.02596	0.01711	0.00385	0.00089	0.00346	0.00343	0.00286	0.65488
1	0.00562	0.00440	0.00485	0.00482	0.00590	0.00388	0.00342	0.00669	0.00962	0.01222	0.17752	0.09221	0.46727	0.15942	0.00818	0.00195	0.00258	0.00857	0.00391	0.01696
2	0.01131	0.08897	0.11187	0.07514	0.24730	0.07811	0.02231	0.08084	0.17403	0.01505	0.00984	0.01113	0.00773	0.00468	0.00462	0.00134	0.04284	0.00381	0.00272	0.00636
3	0.00898	0.00858	0.01460	0.58330	0.21214	0.01001	0.04288	0.01193	0.02091	0.01206	0.00799	0.01145	0.00621	0.00433	0.00464	0.00143	0.02717	0.00394	0.00204	0.00539
4	0.01559	0.00654	0.00880	0.00707	0.00975	0.00571	0.00571	0.01733	0.01229	0.58583	0.21334	0.03481	0.04427	0.00658	0.00462	0.00137	0.00324	0.00554	0.00519	0.00643
5	0.00584	0.00444	0.00536	0.00513	0.00631	0.00397	0.00385	0.00758	0.01155	0.01560	0.56136	0.03569	0.29819	0.00962	0.00515	0.00141	0.00211	0.00832	0.00455	0.00397
6	0.00619	0.00418	0.00478	0.00490	0.00497	0.00414	0.00282	0.00631	0.00666	0.00885	0.01570	0.12202	0.03802	0.73002	0.01986	0.00388	0.00398	0.00711	0.00284	0.00277
7	0.00515	0.00442	0.00442	0.00442	0.00589	0.00368	0.00331	0.00626	0.00994	0.01178	0.04418	0.04197	0.81775	0.01105	0.00515	0.00147	0.00221	0.00920	0.00405	0.00368
8	0.01166	0.84935	0.02285	0.00746	0.01119	0.01726	0.00746	0.01306	0.00886	0.01026	0.00606	0.00700	0.00560	0.00373	0.00280	0.00093	0.00466	0.00233	0.00187	0.00560
9	0.01684	0.01179	0.01283	0.00983	0.01331	0.01290	0.00812	0.73587	0.01980	0.09759	0.01107	0.01086	0.00772	0.00525	0.00437	0.00131	0.00470	0.00397	0.00445	0.00742
10	0.01085	0.00937	0.00986	0.00888	0.01134	0.01085	0.00690	0.02318	0.81164	0.01824	0.01775	0.01627	0.01331	0.00592	0.00444	0.00148	0.00345	0.00493	0.00444	0.00690
11	0.00758	0.00379	0.00568	0.00568	0.00568	0.00379	0.00379	0.00568	0.00568	0.00758	0.00758	0.01326	0.00758	0.01515	0.01705	0.87311	0.00379	0.00379	0.00189	0.00189
12	0.01385	0.03532	0.01374	0.01143	0.01364	0.47576	0.07879	0.05333	0.04041	0.01219	0.00735	0.00899	0.00614	0.00501	0.00594	0.00129	0.16095	0.00331	0.00237	0.05017
13	0.01029	0.01176	0.02574	0.01838	0.02279	0.01103	0.80368	0.01397	0.01029	0.01397	0.00882	0.01176	0.00662	0.00368	0.00515	0.00147	0.00735	0.00515	0.00221	0.00588
14	0.01361	0.01004	0.01066	0.00868	0.01147	0.01116	0.00701	0.46388	0.22129	0.02313	0.01300	0.01298	0.00959	0.00538	0.00415	0.00130	0.00396	0.00421	0.15777	0.00669
15	0.00973	0.00936	0.01553	0.39181	0.44957	0.02394	0.01273	0.01244	0.00943	0.01279	0.00798	0.01112	0.00639	0.00411	0.00433	0.00136	0.00551	0.00386	0.00206	0.00595
16	0.47273	0.00956	0.02555	0.03772	0.01124	0.01039	0.01933	0.19952	0.06316	0.08881	0.00943	0.00986	0.01681	0.00466	0.00350	0.00136	0.00394	0.00327	0.00339	0.00577
17	0.00515	0.00442	0.00442	0.00442	0.00589	0.00368	0.00331	0.00626	0.00994	0.01178	0.04418	0.04197	0.81775	0.01105	0.00515	0.00147	0.00221	0.00920	0.00405	0.00368
18	0.00623	0.00458	0.00662	0.00674	0.00740	0.00516	0.00511	0.00757	0.00718	0.01015	0.01331	0.07366	0.01338	0.12549	0.63921	0.00609	0.00982	0.04599	0.00257	0.00373
19	0.01292	0.01048	0.01546	0.03442	0.55953	0.07292	0.01138	0.02843	0.01076	0.17335	0.01013	0.02355	0.00789	0.00440	0.00432	0.00130	0.00506	0.00403	0.00287	0.00679
20	0.01155	0.80592	0.02236	0.00767	0.01121	0.01706	0.00757	0.01293	0.00875	0.01027	0.00605	0.00713	0.00560	0.00393	0.00339	0.00098	0.04780	0.00241	0.00187	0.00555
21	0.01089	0.02430	0.30886	0.02639	0.05047	0.01004	0.14925	0.12751	0.02068	0.06060	0.02337	0.01072	0.00720	0.00435	0.00452	0.00129	0.02718	0.00378	0.00267	0.12593
22	0.00871	0.00803	0.01316	0.77954	0.04281	0.00990	0.01194	0.05223	0.00935	0.01204	0.00790	0.01155	0.00592	0.00440	0.00436	0.00144	0.00575	0.00388	0.00207	0.00501
23	0.00545	0.00410	0.00497	0.00543	0.00615	0.00370	0.00377	0.00646	0.00932	0.01214	0.14797	0.44254	0.26501	0.05440	0.00622	0.00175	0.00245	0.01047	0.00409	0.00362
24	0.02568	0.00950	0.01565	0.37967	0.23589	0.04254	0.13303	0.02437	0.00961	0.03132	0.00849	0.01179	0.00670	0.02705	0.00489	0.00146	0.00575	0.00409	0.01693	0.00558
25	0.14394	0.12238	0.09667	0.05602	0.14155	0.09881	0.03089	0.08336	0.03212	0.06824	0.00882	0.01022	0.00688	0.00580	0.04648	0.00156	0.00540	0.00341	0.03160	0.00584
26	0.00533	0.00390	0.00501	0.00589	0.00632	0.00359	0.00401	0.00616	0.00859	0.01126	0.02669	0.72172	0.13348	0.01328	0.00552	0.00174	0.00252	0.02736	0.00405	0.00357
27	0.00932	0.02059	0.01191	0.12542	0.08841	0.00766	0.06523	0.01208	0.04973	0.01387	0.00833	0.01011	0.00675	0.00368	0.00381	0.00094	0.01389	0.00320	0.00250	0.54256
28	0.00924	0.00591	0.00706	0.03945	0.08877	0.00610	0.00521	0.02465	0.11716	0.03800	0.01361	0.01511	0.01057	0.00498	0.00348	0.00112	0.00282	0.00410	0.56214	0.04052
29	0.00592	0.00443	0.00546	0.00524	0.00632	0.00400	0.00389	0.00767	0.01152	0.01577	0.59724	0.05548	0.21825	0.03276	0.00563	0.00148	0.00216	0.00826	0.00455	0.00396
30	0.00615	0.00470	0.00567	0.00539	0.00660	0.00435	0.00405	0.00849	0.05306	0.01606	0.57642	0.03416	0.24008	0.00931	0.00511	0.00140	0.00217	0.00807	0.00459	0.00415
31	0.00532	0.00388	0.00498	0.00585	0.00624	0.00358	0.00393	0.00610	0.00848	0.01114	0.02608	0.73101	0.11893	0.03478	0.00595	0.00180	0.00254	0.01188	0.00401	0.00354
32	0.01040	0.01232	0.08960	0.08087	0.26178	0.04347	0.40891	0.01371	0.01006	0.01370	0.00839	0.01109	0.00651	0.00386	0.00471	0.00140	0.00653	0.00442	0.00214	0.00613
33	0.01527	0.01538	0.01317	0.06682	0.09956	0.37016	0.00910	0.30332	0.02446	0.02899	0.00860	0.00957	0.00659	0.00472	0.00417	0.00124	0.00622	0.00345	0.00306	0.00615
34	0.00831	0.00782	0.01321	0.81437	0.05137	0.00971	0.01215	0.01120	0.00875	0.01123	0.00776	0.01161	0.00584	0.00435	0.00436	0.00145	0.00580	0.00388	0.00194	0.00490
35	0.00684	0.00556	0.03708	0.00545	0.00721	0.00444	0.00436	0.02015	0.01003	0.06601	0.07079	0.12211	0.50129	0.02048	0.01498	0.00153	0.00275	0.01766	0.02830	0.05298
36	0.01608	0.01197	0.01281	0.00993	0.01333	0.01329	0.00817	0.73641	0.08989	0.02668	0.01111	0.01098	0.00793	0.00530	0.00437	0.00132	0.00468	0.00401	0.00437	0.00737
37	0.01008	0.01140	0.02477	0.01779	0.02202	0.01074	0.76240	0.01365	0.01012	0.01377	0.00897	0.01204	0.00684	0.00518	0.04777	0.00176	0.00758	0.00512	0.00221	0.00578
38	0.00634	0.00423	0.00476	0.00476	0.00476	0.00423	0.00264	0.00634	0.00634	0.00846	0.01374	0.02854	0.01586	0.84672	0.02220	0.00423	0.00423	0.00634	0.00264	0.00264
39	0.00758	0.00379	0.00568	0.00568	0.00568	0.00379	0.00379	0.00568	0.00568	0.00758	0.00758	0.01326	0.00758	0.01515	0.01705	0.87311	0.00379	0.00379	0.00189	0.00189
40	0.00824	0.00775	0.01308	0.83624	0.03004	0.00969	0.01211	0.01114	0.00872	0.01114	0.00775	0.01163	0.00581	0.00436	0.00436	0.00145	0.00581	0.00388	0.00194	0.00484
41	0.00982	0.00970	0.01311	0.01124	0.01144	0.02955	0.00933	0.03951	0.00731	0.01111	0.00613	0.00981	0.00596	0.00836	0.04210	0.00205	0.76279	0.00383	0.00202	0.00484
42	0.01033	0.04225	0.02535	0.01783	0.02211	0.01131	0.75651	0.01386	0.01016	0.01376	0.00865	0.01154	0.00656	0.00377	0.00527	0.00146	0.02624	0.00501	0.00219	0.00585
43	0.01069	0.01088	0.03463	0.14575	0.62267	0.06086	0.01289	0.01327	0.00984	0.01350	0.00800	0.01068	0.00662	0.00405	0.00444	0.00132	0.01755	0.00380	0.00212	0.00645
44	0.49497	0.03894	0.01060	0.01150	0.19057	0.15084	0.00744	0.02523	0.00907	0.01666	0.00673	0.00809	0.00543	0.00410	0.00330	0.00128	0.00461	0.00280	0.00250	0.00534
45	0.01592	0.01174	0.01259	0.00975	0.01308	0.01298	0.00802	0.73879	0.04890	0.02665	0.03272	0.01140	0.00862	0.00536	0.00436	0.00131	0.00462	0.00407	0.02186	0.00724
46	0.00904	0.00775	0.00904	0.00646	0.01034	0.00581	0.00517	0.01098	0.00904	0.01421	0.00775	0.00904	0.00646	0.00323	0.00323	0.00065	0.00323	0.00258	0.00258	0.87339
47	0.00812	0.00762	0.01275	0.80407	0.02910	0.00946	0.01177	0.01095	0.00877	0.01117	0.00916	0.01280	0.03722	0.00462	0.00439	0.00145	0.00567	0.00408	0.00202	0.00480
48	0.00779	0.00415	0.00595	0.00589	0.00605	0.00425	0.00399	0.00681	0.05787	0.00827	0.00823	0.01345	0.00795	0.01455	0.01623	0.81666	0.00377	0.00386	0.00206	0.00222
49	0.00655	0.00505	0.00726	0.00708	0.00767	0.00600	0.00541	0.00782	0.00688	0.00991	0.01144	0.01813	0.01116	0.15141	0.63452	0.00613	0.08659	0.00484	0.00234	0.00379
50	0.00531	0.00380	0.00506	0.00607	0.00633	0.00354	0.00405	0.00607	0.00835	0.01113	0.02404	0.84388	0.02885	0.01366	0.00557	0.00177	0.00253	0.01240	0.00405	0.00354
51	0.01885	0.00857	0.01083	0.00830	0.01171	0.00811	0.00686	0.20885	0.01440	0.63223	0.01559	0.01380	0.00999	0.00536	0.00438	0.00134	0.00397	0.00428	0.00515	0.00742
52	0.01085	0.00937	0.00986	0.00888	0.01134	0.01085	0.00690	0.02318	0.81164	0.01824	0.01775	0.01627	0.01331	0.00592	0.00444	0.00148	0.00345	0.00493	0.00444	0.00690
53	0.00541	0.00442	0.00479	0.00472	0.00606	0.00379	0.00353	0.00675	0.01052	0.01321	0.23930	0.05307	0.60814	0.01055	0.00516	0.00145	0.00218	0.00893	0.00424	0.00379
54	0.00875	0.02256	0.82413	0.01243	0.01888	0.01013	0.01611	0.01381	0.00921	0.01381	0.00783	0.00921	0.00552	0.00414	0.00414	0.00138	0.00645	0.00322	0.00184	0.00645
55	0.01945	0.00762	0.01024	0.00785	0.01123	0.00670	0.00649	0.05323	0.01281	0.79010	0.01693	0.01467	0.01066	0.00539	0.00439	0.00135	0.00376	0.00437	0.00536	0.00742
56	0.00531	0.00433	0.00470	0.00481	0.00604	0.00372	0.00353	0.00649	0.01001	0.01242	0.14100	0.16135	0.59880	0.01116	0.00522	0.00150	0.00224	0.00951	0.00415	0.00372
57	0.00954	0.00954	0.01336	0.01145	0.01145	0.01336	0.00954	0.01050	0.00668	0.01050	0.00573	0.00954	0.00573	0.00763	0.01431	0.00191	0.83874	0.00382	0.00191	0.00477
58	0.01023	0.01224	0.06472	0.01784	0.02231	0.01098	0.74433	0.01420	0.03084	0.01407	0.00900	0.01175	0.00674	0.00376	0.00508	0.00147	0.00721	0.00505	0.00225	0.00594
59	0.00610	0.00412	0.00483	0.00507	0.00513	0.00406	0.00298	0.00628	0.00682	0.00910	0.01621	0.22366	0.01896	0.64736	0.01822	0.00364	0.00382	0.00779	0.00298	0.00286
60	0.00556	0.00395	0.00521	0.00602	0.00637	0.00373	0.00411	0.00645	0.00864	0.01160	0.09445	0.66535	0.02875	0.07756	0.00684	0.00194	0.00270	0.05322	0.00401	0.00355
61	0.00568	0.00425	0.00524	0.00538	0.00627	0.00385	0.00387	0.00708	0.01045	0.01403	0.37826	0.27165	0.22583	0.03099	0.00568	0.00158	0.00228	0.00949	0.00435	0.00381
62	0.00883	0.04549	0.80190	0.01229	0.01866	0.01033	0.01587	0.01379	0.00920	0.01371	0.00778	0.00915	0.00553	0.00413	0.00411	0.00137	0.00640	0.00320	0.00184	0.00642
63	0.00573	0.00417	0.00559	0.00613	0.00673	0.00404	0.00443	0.00696	0.00916	0.01243	0.18325	0.46499	0.07057	0.01520	0.12391	0.00244	0.00383	0.06272	0.00395	0.00375
64	0.00945	0.05304	0.03528	0.01077	0.01139	0.03360	0.03096	0.01060	0.00730	0.01081	0.03681	0.01109	0.00753	0.02708	0.04434	0.02302	0.62617	0.00398	0.00206	0.00472

[dist]
# distance from previous block
# <min> <max>
0	110

[block]
# block no. 9 follows, 60 sequences, length 37
# corresponding to MSA columns:
# 575-604,606-612
name=unknown_J
#
# <colnr> <probs for GDERKNQSTAVLIFYWHMCP>
#	G	D	E	R	K	N	Q	S	T	A	V	L	I	F	Y	W	H	M	C	P
0	0.06573	0.05433	0.07482	0.03734	0.11132	0.05047	0.15526	0.09350	0.02219	0.10208	0.03232	0.05586	0.04342	0.00570	0.01913	0.00143	0.01396	0.00462	0.00303	0.05351
1	0.01104	0.00945	0.07041	0.07919	0.13037	0.02164	0.00814	0.05619	0.04945	0.12575	0.03819	0.04148	0.00937	0.00461	0.00399	0.00111	0.00414	0.00390	0.00311	0.32847
2	0.00670	0.00541	0.00742	0.00732	0.00812	0.03438	0.00570	0.00822	0.00718	0.01016	0.01130	0.01654	0.01053	0.03083	0.77150	0.00662	0.04121	0.00458	0.00232	0.00397
3	0.01414	0.15419	0.03967	0.02967	0.03962	0.38063	0.00822	0.12760	0.02274	0.04583	0.02215	0.01010	0.01905	0.00473	0.00398	0.00117	0.01670	0.00331	0.05088	0.00561
4	0.82682	0.00916	0.00676	0.00606	0.00873	0.05803	0.00494	0.01309	0.00771	0.01904	0.00611	0.00713	0.00478	0.00407	0.00277	0.00134	0.00364	0.00239	0.00267	0.00474
5	0.01019	0.03474	0.14544	0.07164	0.04961	0.01087	0.55022	0.01383	0.00997	0.03310	0.00866	0.01125	0.00647	0.00391	0.00499	0.00144	0.02094	0.00461	0.00219	0.00595
6	0.00624	0.00463	0.00680	0.00680	0.00751	0.00534	0.00519	0.00765	0.00695	0.00997	0.01187	0.01819	0.01136	0.10842	0.75435	0.00675	0.01099	0.00483	0.00236	0.00378
7	0.01166	0.84935	0.02285	0.00746	0.01119	0.01726	0.00746	0.01306	0.00886	0.01026	0.00606	0.00700	0.00560	0.00373	0.00280	0.00093	0.00466	0.00233	0.00187	0.00560
8	0.01591	0.11043	0.01342	0.01070	0.01315	0.71119	0.00825	0.01708	0.01198	0.03994	0.00705	0.00802	0.00580	0.00444	0.00383	0.00111	0.00737	0.00281	0.00232	0.00520
9	0.00533	0.00382	0.00506	0.00603	0.00632	0.00356	0.00403	0.00612	0.00846	0.01127	0.03952	0.81178	0.04549	0.01352	0.00555	0.00176	0.00251	0.01225	0.00406	0.00356
10	0.00542	0.00386	0.00514	0.00613	0.00641	0.00363	0.00415	0.00621	0.00838	0.01115	0.02374	0.78794	0.02836	0.03410	0.00600	0.00184	0.00264	0.04735	0.00401	0.00354
11	0.00629	0.00442	0.00574	0.00574	0.00608	0.00476	0.00387	0.00697	0.00663	0.00918	0.01284	0.02357	0.01370	0.49197	0.37400	0.00544	0.00748	0.00561	0.00251	0.00319
12	0.00632	0.00422	0.00476	0.00479	0.00479	0.00421	0.00268	0.00634	0.00639	0.00852	0.01398	0.04773	0.01616	0.82712	0.02181	0.00417	0.00419	0.00649	0.00268	0.00266
13	0.00634	0.00423	0.00476	0.00476	0.00476	0.00423	0.00264	0.00634	0.00634	0.00846	0.01374	0.02854	0.01586	0.84672	0.02220	0.00423	0.00423	0.00634	0.00264	0.00264
14	0.01101	0.00991	0.04440	0.18166	0.42218	0.02418	0.05368	0.01385	0.02969	0.09992	0.02294	0.02496	0.00812	0.00451	0.00455	0.00136	0.01871	0.00419	0.01390	0.00628
15	0.00770	0.00675	0.00764	0.00727	0.00780	0.08488	0.00534	0.00857	0.00727	0.00968	0.01131	0.03719	0.01173	0.30435	0.33698	0.00463	0.12967	0.00511	0.00241	0.00370
16	0.00693	0.00497	0.00691	0.00788	0.00888	0.00495	0.00685	0.00889	0.00999	0.01297	0.02368	0.06931	0.04653	0.01206	0.00599	0.00199	0.00393	0.74926	0.00402	0.00399
17	0.00630	0.00476	0.00707	0.00703	0.00778	0.00558	0.00545	0.00780	0.00698	0.01008	0.01162	0.01731	0.01094	0.05557	0.78976	0.00683	0.02821	0.00470	0.00234	0.00388
18	0.01117	0.21596	0.29076	0.04046	0.02732	0.09062	0.02566	0.10921	0.01047	0.01377	0.00752	0.00911	0.00600	0.00536	0.02732	0.00145	0.09646	0.00323	0.00223	0.00592
19	0.00894	0.00835	0.02546	0.01887	0.49774	0.00820	0.01015	0.01110	0.02008	0.01330	0.02498	0.23245	0.03542	0.00715	0.00503	0.00147	0.02824	0.03450	0.00283	0.00573
20	0.00518	0.00432	0.00451	0.00467	0.00596	0.00366	0.00342	0.00623	0.00970	0.01168	0.04115	0.16251	0.69916	0.01144	0.00522	0.00152	0.00226	0.00968	0.00405	0.00366
21	0.00954	0.00954	0.01336	0.01145	0.01145	0.01336	0.00954	0.01050	0.00668	0.01050	0.00573	0.00954	0.00573	0.00763	0.01431	0.00191	0.83874	0.00382	0.00191	0.00477
22	0.01200	0.04450	0.07441	0.03542	0.16287	0.01130	0.04302	0.21769	0.27523	0.02962	0.01272	0.03191	0.01902	0.00524	0.00437	0.00138	0.00459	0.00445	0.00354	0.00674
23	0.00574	0.00437	0.00579	0.00624	0.00694	0.00441	0.00460	0.00689	0.00835	0.01107	0.02407	0.36822	0.18400	0.01860	0.25141	0.00329	0.02063	0.05815	0.00350	0.00373
24	0.00623	0.00467	0.00701	0.00701	0.00779	0.00545	0.00545	0.00779	0.00701	0.01012	0.01168	0.01713	0.01090	0.03271	0.82944	0.00701	0.01168	0.00467	0.00234	0.00389
25	0.01153	0.47563	0.10990	0.02911	0.08477	0.08250	0.04710	0.04182	0.00978	0.01209	0.00693	0.00823	0.00588	0.00389	0.00341	0.00107	0.00525	0.00285	0.00207	0.05620
26	0.01008	0.01002	0.01330	0.03505	0.01216	0.04271	0.00952	0.04866	0.00760	0.01133	0.00605	0.00959	0.00580	0.00731	0.01318	0.00184	0.74506	0.00379	0.00204	0.00491
27	0.01139	0.31759	0.27602	0.04057	0.02837	0.15618	0.04286	0.03149	0.00984	0.01210	0.00704	0.00843	0.00569	0.00418	0.00400	0.00119	0.03228	0.00298	0.00200	0.00579
28	0.01180	0.28555	0.06474	0.01337	0.15587	0.06879	0.12754	0.11613	0.05245	0.01447	0.00942	0.01112	0.02696	0.00447	0.00397	0.00123	0.00536	0.01810	0.00254	0.00611
29	0.00539	0.00385	0.00515	0.00616	0.00645	0.00361	0.00418	0.00621	0.00843	0.01122	0.02400	0.80754	0.02867	0.01359	0.00559	0.00178	0.00260	0.04796	0.00405	0.00356
30	0.00759	0.00626	0.00995	0.14398	0.17089	0.00654	0.03520	0.02303	0.00861	0.01164	0.01505	0.29269	0.04297	0.01176	0.08967	0.10503	0.00485	0.00704	0.00285	0.00441
31	0.01853	0.00910	0.01116	0.00855	0.01197	0.00889	0.00707	0.29474	0.01528	0.54510	0.01486	0.01332	0.00962	0.00534	0.00438	0.00134	0.00409	0.00423	0.00504	0.00742
32	0.00623	0.00467	0.00701	0.00701	0.00779	0.00545	0.00545	0.00779	0.00701	0.01012	0.01168	0.01713	0.01090	0.03271	0.82944	0.00701	0.01168	0.00467	0.00234	0.00389
33	0.01037	0.00997	0.01714	0.15675	0.67477	0.01027	0.03083	0.01304	0.00974	0.01374	0.00814	0.01095	0.00673	0.00396	0.00434	0.00132	0.00533	0.00391	0.00212	0.00655
34	0.00824	0.00775	0.01308	0.83624	0.03004	0.00969	0.01211	0.01114	0.00872	0.01114	0.00775	0.01163	0.00581	0.00436	0.00436	0.00145	0.00581	0.00388	0.00194	0.00484
35	0.00929	0.02343	0.03146	0.11506	0.04225	0.00705	0.00679	0.03700	0.00941	0.01417	0.00783	0.00946	0.00638	0.00350	0.00347	0.00082	0.00380	0.00285	0.00251	0.66348
36	0.00581	0.00433	0.00550	0.00628	0.00698	0.00409	0.00465	0.00721	0.02992	0.01186	0.02738	0.49800	0.17309	0.01262	0.00556	0.00176	0.00283	0.18433	0.00405	0.00376

[dist]
# distance from previous block
# <min> <max>
0	37

# created by:
# /st0/software/busco_prod/Augustus/scripts/msa2prfl.pl ./align_prep/121435.fa
