[name]
unknown

[dist]
# distance from previous block
# <min> <max>
0	24

[block]
# block no. 0 follows, 62 sequences, length 17
# corresponding to MSA columns:
# 26-42
name=unknown_A
#
# <colnr> <probs for GDERKNQSTAVLIFYWHMCP>
#	G	D	E	R	K	N	Q	S	T	A	V	L	I	F	Y	W	H	M	C	P
0	0.28869	0.04482	0.09967	0.00830	0.01159	0.02066	0.02096	0.24011	0.05352	0.06963	0.00980	0.01186	0.00769	0.00493	0.00373	0.00131	0.00425	0.05513	0.00329	0.04005
1	0.04957	0.00985	0.03158	0.00851	0.03336	0.07896	0.00671	0.18828	0.10005	0.13640	0.01227	0.07711	0.02322	0.00529	0.00399	0.00117	0.00404	0.00424	0.00358	0.22182
2	0.04002	0.02740	0.02885	0.03125	0.02533	0.03270	0.00694	0.28147	0.11271	0.13820	0.05671	0.01493	0.07698	0.00591	0.01620	0.00133	0.00407	0.00440	0.00390	0.09071
3	0.04520	0.00966	0.01347	0.19229	0.16627	0.01051	0.07265	0.26582	0.07611	0.03370	0.01178	0.01303	0.06059	0.00494	0.00430	0.00134	0.00482	0.00427	0.00312	0.00610
4	0.12761	0.01009	0.06049	0.19129	0.17450	0.02708	0.05076	0.14255	0.07346	0.01608	0.01099	0.01245	0.06013	0.00474	0.00408	0.00133	0.00477	0.00400	0.00277	0.02083
5	0.18953	0.01475	0.01061	0.05817	0.01268	0.44444	0.00746	0.12014	0.01152	0.01433	0.00736	0.00878	0.00595	0.00655	0.06892	0.00164	0.00657	0.00300	0.00254	0.00507
6	0.09979	0.00619	0.00749	0.00769	0.07801	0.00614	0.00529	0.07270	0.02713	0.07531	0.23845	0.07799	0.15189	0.05960	0.03416	0.00172	0.00332	0.01837	0.00381	0.02495
7	0.00682	0.00514	0.00651	0.00697	0.07057	0.00495	0.00454	0.05478	0.01043	0.01426	0.35351	0.09646	0.14562	0.17720	0.00824	0.00193	0.00289	0.00735	0.01781	0.00402
8	0.01296	0.00984	0.01124	0.02737	0.07999	0.01071	0.00753	0.43963	0.15413	0.04461	0.04967	0.01538	0.07368	0.03755	0.00502	0.00143	0.00414	0.00467	0.00400	0.00645
9	0.00968	0.00984	0.01701	0.01509	0.14291	0.06289	0.36940	0.01245	0.03762	0.03833	0.01333	0.15206	0.05834	0.00598	0.00515	0.00145	0.03438	0.00601	0.00272	0.00538
10	0.10740	0.00636	0.00729	0.00650	0.00838	0.00634	0.00492	0.02869	0.13238	0.25165	0.03348	0.15155	0.09465	0.13292	0.00696	0.00183	0.00328	0.00619	0.00406	0.00515
11	0.00737	0.00487	0.00619	0.05457	0.00758	0.00491	0.00429	0.06320	0.00856	0.02765	0.11203	0.04543	0.14434	0.20597	0.03485	0.25231	0.00371	0.00587	0.00300	0.00331
12	0.05248	0.00893	0.01133	0.07923	0.15232	0.06281	0.06520	0.04518	0.23428	0.01459	0.04565	0.06836	0.03392	0.07989	0.00591	0.00164	0.00439	0.02524	0.00318	0.00546
13	0.03585	0.00806	0.01138	0.51844	0.04102	0.05737	0.00977	0.04553	0.00887	0.01167	0.00903	0.06664	0.00792	0.03641	0.07056	0.00195	0.04827	0.00436	0.00223	0.00466
14	0.00524	0.00396	0.00473	0.00527	0.00592	0.00357	0.00360	0.00608	0.00864	0.01107	0.05537	0.48707	0.29273	0.07815	0.00656	0.00181	0.00248	0.01045	0.00387	0.00345
15	0.10376	0.01081	0.06190	0.01030	0.04810	0.01091	0.07827	0.43741	0.01448	0.02056	0.01038	0.06619	0.00874	0.07180	0.00582	0.00157	0.02503	0.00446	0.00345	0.00607
16	0.01004	0.01148	0.02511	0.01793	0.02224	0.01076	0.80846	0.01363	0.01004	0.01363	0.00861	0.01148	0.00646	0.00359	0.00502	0.00143	0.00717	0.00502	0.00215	0.00574

[dist]
# distance from previous block
# <min> <max>
0	23

[block]
# block no. 1 follows, 62 sequences, length 67
# corresponding to MSA columns:
# 66-132
name=unknown_B
#
# <colnr> <probs for GDERKNQSTAVLIFYWHMCP>
#	G	D	E	R	K	N	Q	S	T	A	V	L	I	F	Y	W	H	M	C	P
0	0.00678	0.00552	0.00740	0.16453	0.05277	0.00566	0.00600	0.00891	0.06305	0.02298	0.07801	0.11967	0.30817	0.02866	0.01852	0.04423	0.00345	0.04815	0.00340	0.00415
1	0.00620	0.00474	0.00702	0.00696	0.00766	0.00559	0.00540	0.00764	0.00684	0.00988	0.01146	0.03576	0.01092	0.04739	0.76218	0.00645	0.04705	0.00473	0.00231	0.00380
2	0.01004	0.01148	0.02511	0.01793	0.02224	0.01076	0.80846	0.01363	0.01004	0.01363	0.00861	0.01148	0.00646	0.00359	0.00502	0.00143	0.00717	0.00502	0.00215	0.00574
3	0.14572	0.01006	0.03072	0.13750	0.19298	0.03088	0.00906	0.23696	0.07522	0.04222	0.00979	0.04320	0.00777	0.00485	0.00403	0.00133	0.00459	0.00395	0.00309	0.00608
4	0.00819	0.00590	0.00773	0.00722	0.00851	0.01785	0.03654	0.02310	0.14926	0.06960	0.08454	0.16722	0.01669	0.05081	0.23890	0.05031	0.00561	0.01904	0.02847	0.00450
5	0.00524	0.00375	0.00499	0.00588	0.00618	0.00350	0.00395	0.00608	0.00843	0.01131	0.08055	0.78932	0.02900	0.01300	0.00540	0.00170	0.00244	0.01178	0.00400	0.00350
6	0.01138	0.85302	0.02230	0.00728	0.01092	0.01684	0.00728	0.01274	0.00865	0.01001	0.00592	0.00683	0.00546	0.00364	0.00273	0.00091	0.00455	0.00228	0.00182	0.00546
7	0.00871	0.19333	0.01381	0.21290	0.15736	0.00960	0.03678	0.03334	0.00911	0.01188	0.02169	0.23173	0.01263	0.00665	0.00429	0.00137	0.00441	0.02280	0.00261	0.00499
8	0.00922	0.00598	0.00729	0.00658	0.00770	0.00629	0.00486	0.18347	0.06763	0.01369	0.07231	0.04359	0.06609	0.01103	0.01072	0.44966	0.00358	0.00474	0.02179	0.00376
9	0.01034	0.00856	0.00920	0.00827	0.01055	0.00974	0.00642	0.02097	0.70459	0.04186	0.10497	0.01757	0.01588	0.00608	0.00440	0.00143	0.00323	0.00511	0.00440	0.00645
10	0.00882	0.00756	0.00882	0.00630	0.01008	0.00567	0.00504	0.01071	0.00882	0.01387	0.00756	0.00882	0.00630	0.00315	0.00315	0.00063	0.00315	0.00252	0.00252	0.87647
11	0.00846	0.00790	0.01053	0.02062	0.00977	0.03460	0.00751	0.00925	0.00669	0.00982	0.00784	0.02476	0.00800	0.11965	0.13482	0.04544	0.52391	0.00425	0.00205	0.00412
12	0.01051	0.00785	0.00965	0.04632	0.01130	0.00845	0.04532	0.05283	0.40351	0.11389	0.19101	0.03682	0.03104	0.00638	0.00453	0.00140	0.00341	0.00552	0.00428	0.00597
13	0.00820	0.00708	0.01033	0.09446	0.22758	0.00718	0.03146	0.01143	0.10997	0.03140	0.15564	0.02365	0.20039	0.03096	0.00513	0.00146	0.00370	0.03149	0.00336	0.00513
14	0.24194	0.00854	0.00887	0.00748	0.00993	0.00931	0.00602	0.30347	0.05406	0.08311	0.04551	0.08139	0.01103	0.01662	0.00474	0.03950	0.00373	0.03400	0.02517	0.00558
15	0.00804	0.00756	0.01276	0.84023	0.02931	0.00945	0.01182	0.01087	0.00851	0.01087	0.00756	0.01134	0.00567	0.00425	0.00425	0.00142	0.00567	0.00378	0.00189	0.00473
16	0.00739	0.00370	0.00554	0.00554	0.00554	0.00370	0.00370	0.00554	0.00554	0.00739	0.00739	0.01293	0.00739	0.01478	0.01663	0.87620	0.00370	0.00370	0.00185	0.00185
17	0.04919	0.00559	0.00632	0.00581	0.00742	0.00540	0.00443	0.07079	0.06067	0.09044	0.23908	0.11435	0.28221	0.02089	0.00499	0.00144	0.00263	0.00745	0.01638	0.00454
18	0.24375	0.00601	0.00620	0.00556	0.00698	0.00626	0.00400	0.04827	0.00853	0.11531	0.08837	0.02012	0.02757	0.37094	0.01142	0.00253	0.00360	0.00495	0.01553	0.00410
19	0.03754	0.00769	0.00982	0.00767	0.01081	0.00715	0.00629	0.09143	0.06440	0.65509	0.01588	0.01406	0.01027	0.00524	0.00420	0.00131	0.00363	0.00422	0.03626	0.00703
20	0.16420	0.00563	0.00621	0.00572	0.00720	0.00563	0.00425	0.02720	0.03349	0.13498	0.16814	0.13243	0.08420	0.15842	0.00740	0.00188	0.00302	0.00633	0.03929	0.00438
21	0.01904	0.00468	0.00571	0.00575	0.00646	0.00456	0.00395	0.05751	0.00930	0.04773	0.17067	0.35666	0.04345	0.23363	0.00949	0.00223	0.00301	0.00863	0.00378	0.00375
22	0.00560	0.00429	0.00521	0.00605	0.00641	0.02975	0.00410	0.00640	0.00839	0.01101	0.04625	0.75167	0.03864	0.03213	0.00575	0.00175	0.00268	0.02653	0.00388	0.00351
23	0.00582	0.00440	0.00544	0.00577	0.00657	0.00419	0.00412	0.00783	0.07031	0.01320	0.24430	0.43224	0.14485	0.01110	0.00518	0.00156	0.00239	0.02266	0.00418	0.00388
24	0.04640	0.00443	0.00533	0.00554	0.00642	0.00415	0.00391	0.00787	0.00892	0.07725	0.10566	0.39981	0.15247	0.10110	0.00676	0.00182	0.00268	0.01917	0.03651	0.00382
25	0.04359	0.00509	0.00614	0.00597	0.00717	0.00488	0.00433	0.02697	0.05382	0.13277	0.13470	0.32558	0.11978	0.10111	0.00672	0.00180	0.00285	0.00833	0.00407	0.00432
26	0.00619	0.00413	0.00464	0.00464	0.00464	0.00413	0.00258	0.00619	0.00619	0.00825	0.01341	0.02785	0.01547	0.85046	0.02166	0.00413	0.00413	0.00619	0.00258	0.00258
27	0.03631	0.00446	0.00554	0.00586	0.00669	0.00425	0.00428	0.02394	0.00957	0.03060	0.20280	0.39056	0.11605	0.04956	0.00594	0.00171	0.00266	0.09137	0.00404	0.00380
28	0.05590	0.00506	0.00634	0.00625	0.00756	0.00474	0.00458	0.01064	0.03482	0.21589	0.03298	0.48477	0.07457	0.01016	0.00487	0.00155	0.00279	0.00894	0.02300	0.00460
29	0.00804	0.00756	0.01276	0.84023	0.02931	0.00945	0.01182	0.01087	0.00851	0.01087	0.00756	0.01134	0.00567	0.00425	0.00425	0.00142	0.00567	0.00378	0.00189	0.00473
30	0.00544	0.00433	0.00488	0.00474	0.00600	0.00377	0.00356	0.00690	0.01067	0.01380	0.36592	0.03715	0.49794	0.00991	0.00502	0.00140	0.00209	0.00845	0.00426	0.00377
31	0.00587	0.00408	0.00487	0.00507	0.00532	0.00400	0.00316	0.00630	0.00723	0.00963	0.06153	0.21147	0.07659	0.51179	0.06200	0.00340	0.00391	0.00770	0.00308	0.00299
32	0.00618	0.00473	0.00559	0.00588	0.00684	0.00463	0.00427	0.00851	0.10811	0.02168	0.04590	0.35549	0.25039	0.05994	0.04645	0.00199	0.00310	0.05248	0.00387	0.00395
33	0.01146	0.00841	0.02760	0.01037	0.11696	0.04318	0.00733	0.16085	0.08368	0.14790	0.01513	0.16974	0.01386	0.00914	0.06811	0.00186	0.00460	0.07812	0.01601	0.00570
34	0.00997	0.01176	0.05420	0.01763	0.03830	0.01080	0.73230	0.01348	0.00986	0.01350	0.00845	0.01128	0.00639	0.00375	0.00531	0.00144	0.03883	0.00488	0.00213	0.00574
35	0.88052	0.00823	0.00625	0.00560	0.00823	0.00955	0.00461	0.01251	0.00724	0.01909	0.00592	0.00691	0.00461	0.00395	0.00263	0.00132	0.00329	0.00230	0.00263	0.00461
36	0.00739	0.00370	0.00554	0.00554	0.00554	0.00370	0.00370	0.00554	0.00554	0.00739	0.00739	0.01293	0.00739	0.01478	0.01663	0.87620	0.00370	0.00370	0.00185	0.00185
37	0.00608	0.00456	0.00684	0.00684	0.00760	0.00532	0.00532	0.00760	0.00684	0.00988	0.01140	0.01672	0.01064	0.03191	0.83360	0.00684	0.01140	0.00456	0.00228	0.00380
38	0.00507	0.00431	0.00437	0.00436	0.00577	0.00361	0.00327	0.00619	0.00980	0.01174	0.07802	0.04054	0.78712	0.01068	0.00503	0.00143	0.00215	0.00892	0.00398	0.00361
39	0.00579	0.00434	0.00536	0.00511	0.00621	0.00391	0.00383	0.00757	0.01149	0.01574	0.63642	0.03397	0.22622	0.00919	0.00502	0.00136	0.00204	0.00800	0.00451	0.00391
40	0.01081	0.00774	0.00835	0.00746	0.00966	0.00854	0.00582	0.01929	0.53763	0.10916	0.01768	0.01676	0.04605	0.00577	0.00410	0.00134	0.00308	0.00476	0.16985	0.00613
41	0.00608	0.00456	0.00684	0.00684	0.00760	0.00532	0.00532	0.00760	0.00684	0.00988	0.01140	0.01672	0.01064	0.03191	0.83360	0.00684	0.01140	0.00456	0.00228	0.00380
42	0.04160	0.00727	0.00978	0.00752	0.01079	0.00634	0.00621	0.02052	0.01205	0.80575	0.01650	0.01428	0.01038	0.00523	0.00424	0.00132	0.00361	0.00423	0.00520	0.00717
43	0.00520	0.00372	0.00496	0.00591	0.00618	0.00347	0.00395	0.00597	0.00824	0.01101	0.04235	0.82836	0.02843	0.01322	0.00542	0.00172	0.00246	0.01199	0.00397	0.00347
44	0.84866	0.00819	0.00639	0.00567	0.00833	0.00942	0.00467	0.01281	0.00742	0.04896	0.00633	0.00719	0.00483	0.00400	0.00269	0.00132	0.00330	0.00238	0.00273	0.00471
45	0.00503	0.00431	0.00431	0.00431	0.00575	0.00359	0.00323	0.00611	0.00970	0.01149	0.04310	0.04095	0.82219	0.01078	0.00503	0.00144	0.00216	0.00898	0.00395	0.00359
46	0.00608	0.00455	0.00679	0.00679	0.00754	0.00530	0.00526	0.00757	0.00683	0.00985	0.01144	0.01694	0.01073	0.04808	0.81756	0.00678	0.01125	0.00459	0.00229	0.00377
47	0.00931	0.05699	0.01333	0.01079	0.01102	0.01296	0.00904	0.01028	0.00665	0.01021	0.00582	0.00945	0.00577	0.00815	0.04402	0.00199	0.76400	0.00367	0.00188	0.00467
48	0.00518	0.00370	0.00494	0.00592	0.00617	0.00346	0.00395	0.00592	0.00815	0.01086	0.02345	0.84768	0.02814	0.01333	0.00543	0.00173	0.00247	0.01210	0.00395	0.00346
49	0.01589	0.02028	0.01206	0.01096	0.01315	0.83338	0.00822	0.01699	0.01206	0.01041	0.00658	0.00767	0.00548	0.00438	0.00384	0.00110	0.00767	0.00274	0.00219	0.00493
50	0.00518	0.00370	0.00494	0.00592	0.00617	0.00346	0.00395	0.00592	0.00815	0.01086	0.02345	0.84768	0.02814	0.01333	0.00543	0.00173	0.00247	0.01210	0.00395	0.00346
51	0.00619	0.00413	0.00464	0.00464	0.00464	0.00413	0.00258	0.00619	0.00619	0.00825	0.01341	0.02785	0.01547	0.85046	0.02166	0.00413	0.00413	0.00619	0.00258	0.00258
52	0.00509	0.00431	0.00440	0.00438	0.00579	0.00362	0.00328	0.00623	0.00985	0.01186	0.09464	0.04034	0.77043	0.01064	0.00503	0.00143	0.00215	0.00890	0.00400	0.00362
53	0.06458	0.00757	0.00985	0.00760	0.01086	0.00684	0.00627	0.06652	0.01238	0.73718	0.01583	0.01383	0.01003	0.00519	0.00419	0.00131	0.00367	0.00415	0.00507	0.00710
54	0.00619	0.00413	0.00464	0.00464	0.00464	0.00413	0.00258	0.00619	0.00619	0.00825	0.01341	0.02785	0.01547	0.85046	0.02166	0.00413	0.00413	0.00619	0.00258	0.00258
55	0.00518	0.00373	0.00491	0.00586	0.00616	0.00346	0.00392	0.00593	0.00820	0.01089	0.02419	0.81747	0.05788	0.01324	0.00542	0.00172	0.00246	0.01198	0.00395	0.00346
56	0.01144	0.00956	0.01010	0.00883	0.01139	0.01098	0.00694	0.14271	0.69474	0.01918	0.01623	0.01501	0.01211	0.00567	0.00432	0.00142	0.00357	0.00466	0.00432	0.00681
57	0.00882	0.00756	0.00882	0.00630	0.01008	0.00567	0.00504	0.01071	0.00882	0.01387	0.00756	0.00882	0.00630	0.00315	0.00315	0.00063	0.00315	0.00252	0.00252	0.87647
58	0.01037	0.00995	0.01698	0.07788	0.77339	0.01007	0.01298	0.01292	0.00961	0.01371	0.00798	0.01058	0.00667	0.00382	0.00422	0.00127	0.00509	0.00379	0.00209	0.00661
59	0.00724	0.00585	0.00577	0.00548	0.00714	0.04923	0.00426	0.05668	0.01060	0.05872	0.03596	0.03635	0.61752	0.00985	0.00494	0.00144	0.00283	0.07205	0.00395	0.00412
60	0.01138	0.85302	0.02230	0.00728	0.01092	0.01684	0.00728	0.01274	0.00865	0.01001	0.00592	0.00683	0.00546	0.00364	0.00273	0.00091	0.00455	0.00228	0.00182	0.00546
61	0.00862	0.00734	0.00860	0.00628	0.00986	0.00555	0.00498	0.01044	0.00878	0.01369	0.00846	0.05640	0.00754	0.00373	0.00328	0.00069	0.00311	0.00306	0.00260	0.82695
62	0.03485	0.00910	0.10746	0.00809	0.01155	0.00702	0.00731	0.06533	0.01178	0.61937	0.01455	0.01333	0.00942	0.00562	0.00492	0.05094	0.00400	0.00404	0.00454	0.00677
63	0.00615	0.00439	0.00586	0.00667	0.00731	0.00428	0.00523	0.00745	0.00886	0.01162	0.03541	0.30484	0.05330	0.11233	0.00757	0.00211	0.00338	0.40586	0.00378	0.00360
64	0.06720	0.67119	0.06202	0.00760	0.01129	0.01540	0.00757	0.06581	0.00945	0.04009	0.00667	0.00743	0.00570	0.00383	0.00295	0.00100	0.00454	0.00249	0.00215	0.00563
65	0.00742	0.06627	0.02597	0.00582	0.00701	0.00564	0.00426	0.03083	0.00784	0.03346	0.01456	0.14206	0.03815	0.40919	0.05125	0.00288	0.00413	0.03262	0.00289	0.10774
66	0.00974	0.49928	0.07702	0.00761	0.01042	0.03580	0.00728	0.01130	0.00823	0.01022	0.00811	0.01164	0.00770	0.06772	0.16155	0.00235	0.02994	0.02711	0.00203	0.00492

[dist]
# distance from previous block
# <min> <max>
1	7

[block]
# block no. 2 follows, 62 sequences, length 82
# corresponding to MSA columns:
# 140-212,217-225
name=unknown_C
#
# <colnr> <probs for GDERKNQSTAVLIFYWHMCP>
#	G	D	E	R	K	N	Q	S	T	A	V	L	I	F	Y	W	H	M	C	P
0	0.80378	0.02875	0.00693	0.00586	0.00853	0.00985	0.00484	0.03234	0.03985	0.01901	0.00648	0.00735	0.00503	0.00404	0.00274	0.00131	0.00336	0.00244	0.00272	0.00478
1	0.04350	0.00746	0.00863	0.00635	0.00995	0.00579	0.00511	0.01069	0.00881	0.01402	0.00822	0.01065	0.00712	0.00360	0.00326	0.00072	0.00319	0.04096	0.00259	0.79938
2	0.03058	0.01824	0.52014	0.01152	0.01657	0.09311	0.07702	0.05514	0.01020	0.08031	0.00986	0.01079	0.03856	0.00446	0.00414	0.00133	0.00597	0.00360	0.00238	0.00609
3	0.00574	0.00384	0.00513	0.00599	0.00636	0.00357	0.00404	0.00652	0.00831	0.04341	0.02319	0.81445	0.02744	0.01301	0.00539	0.00171	0.00251	0.01178	0.00400	0.00361
4	0.00911	0.00807	0.00895	0.00649	0.01021	0.03869	0.00517	0.01096	0.00895	0.01373	0.00752	0.00878	0.00627	0.00320	0.00318	0.00065	0.00333	0.00253	0.00251	0.84171
5	0.01042	0.00895	0.00950	0.00862	0.01096	0.01033	0.00674	0.02200	0.78038	0.01757	0.01755	0.01730	0.01350	0.00604	0.00440	0.00147	0.00339	0.03995	0.00431	0.00661
6	0.00848	0.00797	0.01317	0.70695	0.09631	0.00979	0.01171	0.02637	0.00872	0.01140	0.00754	0.01114	0.00579	0.00441	0.00480	0.00143	0.05335	0.00378	0.00195	0.00494
7	0.01723	0.00930	0.01104	0.00854	0.01180	0.00940	0.00703	0.36386	0.04765	0.43093	0.02942	0.01301	0.00977	0.00528	0.00429	0.00130	0.00404	0.00417	0.00478	0.00716
8	0.01543	0.01851	0.01220	0.01134	0.04539	0.68128	0.00832	0.09049	0.05508	0.01246	0.00754	0.00845	0.00609	0.00450	0.00392	0.00114	0.00707	0.00299	0.00249	0.00531
9	0.00861	0.03436	0.80060	0.01217	0.01838	0.01000	0.03103	0.01347	0.00900	0.01343	0.00763	0.00900	0.00541	0.00403	0.00404	0.00134	0.00628	0.00317	0.00180	0.00627
10	0.00853	0.02201	0.82841	0.01213	0.01842	0.00988	0.01572	0.01348	0.00898	0.01348	0.00764	0.00898	0.00539	0.00404	0.00404	0.00135	0.00629	0.00314	0.00180	0.00629
11	0.00619	0.00413	0.00464	0.00464	0.00464	0.00413	0.00258	0.00619	0.00619	0.00825	0.01341	0.02785	0.01547	0.85046	0.02166	0.00413	0.00413	0.00619	0.00258	0.00258
12	0.00810	0.00763	0.01287	0.82016	0.04890	0.00947	0.01185	0.01093	0.00854	0.01095	0.00757	0.01132	0.00570	0.00424	0.00425	0.00141	0.00566	0.00378	0.00190	0.00478
13	0.00882	0.00756	0.00882	0.00630	0.01008	0.00567	0.00504	0.01071	0.00882	0.01387	0.00756	0.00882	0.00630	0.00315	0.00315	0.00063	0.00315	0.00252	0.00252	0.87647
14	0.00619	0.00413	0.00464	0.00464	0.00464	0.00413	0.00258	0.00619	0.00619	0.00825	0.01341	0.02785	0.01547	0.85046	0.02166	0.00413	0.00413	0.00619	0.00258	0.00258
15	0.00508	0.00431	0.00439	0.00437	0.00578	0.00362	0.00328	0.00621	0.00983	0.01180	0.08649	0.04044	0.77861	0.01066	0.00503	0.00143	0.00215	0.00891	0.00399	0.00362
16	0.00804	0.00756	0.01276	0.84023	0.02931	0.00945	0.01182	0.01087	0.00851	0.01087	0.00756	0.01134	0.00567	0.00425	0.00425	0.00142	0.00567	0.00378	0.00189	0.00473
17	0.00804	0.00756	0.01276	0.84023	0.02931	0.00945	0.01182	0.01087	0.00851	0.01087	0.00756	0.01134	0.00567	0.00425	0.00425	0.00142	0.00567	0.00378	0.00189	0.00473
18	0.00518	0.00370	0.00494	0.00592	0.00617	0.00346	0.00395	0.00592	0.00815	0.01086	0.02345	0.84768	0.02814	0.01333	0.00543	0.00173	0.00247	0.01210	0.00395	0.00346
19	0.00882	0.00756	0.00882	0.00630	0.01008	0.00567	0.00504	0.01071	0.00882	0.01387	0.00756	0.00882	0.00630	0.00315	0.00315	0.00063	0.00315	0.00252	0.00252	0.87647
20	0.00853	0.02201	0.82841	0.01213	0.01842	0.00988	0.01572	0.01348	0.00898	0.01348	0.00764	0.00898	0.00539	0.00404	0.00404	0.00135	0.00629	0.00314	0.00180	0.00629
21	0.00619	0.00413	0.00464	0.00464	0.00464	0.00413	0.00258	0.00619	0.00619	0.00825	0.01341	0.02785	0.01547	0.85046	0.02166	0.00413	0.00413	0.00619	0.00258	0.00258
22	0.01053	0.01011	0.01727	0.02612	0.82392	0.01011	0.01306	0.01306	0.00969	0.01390	0.00800	0.01053	0.00674	0.00379	0.00421	0.00126	0.00505	0.00379	0.00211	0.00674
23	0.00619	0.00413	0.00464	0.00464	0.00464	0.00413	0.00258	0.00619	0.00619	0.00825	0.01341	0.02785	0.01547	0.85046	0.02166	0.00413	0.00413	0.00619	0.00258	0.00258
24	0.00739	0.00370	0.00554	0.00554	0.00554	0.00370	0.00370	0.00554	0.00554	0.00739	0.00739	0.01293	0.00739	0.01478	0.01663	0.87620	0.00370	0.00370	0.00185	0.00185
25	0.00591	0.00440	0.00649	0.00667	0.00734	0.00498	0.00507	0.00729	0.00708	0.01006	0.01360	0.16885	0.01384	0.02851	0.68198	0.00590	0.00976	0.00594	0.00259	0.00374
26	0.01650	0.01139	0.01244	0.00954	0.01293	0.01242	0.00788	0.72111	0.01913	0.11668	0.01095	0.01070	0.00761	0.00513	0.00426	0.00128	0.00456	0.00388	0.00437	0.00724
27	0.00592	0.00437	0.00552	0.00530	0.00635	0.00400	0.00400	0.00774	0.01145	0.01583	0.64928	0.03383	0.15373	0.02894	0.00545	0.00145	0.00217	0.04627	0.00449	0.00391
28	0.01142	0.00821	0.00914	0.00805	0.01038	0.00891	0.00648	0.16858	0.35802	0.10291	0.03126	0.02114	0.07162	0.00679	0.00452	0.00145	0.00354	0.11411	0.04738	0.00609
29	0.01050	0.01016	0.01675	0.03600	0.77016	0.03023	0.01267	0.01298	0.00980	0.01386	0.03103	0.01107	0.00764	0.00395	0.00423	0.00126	0.00504	0.00388	0.00218	0.00659
30	0.01602	0.01184	0.01268	0.00976	0.01314	0.01312	0.00805	0.78742	0.04258	0.02656	0.01042	0.01038	0.00740	0.00513	0.00426	0.00128	0.00464	0.00386	0.00426	0.00722
31	0.01058	0.00914	0.00962	0.00866	0.01106	0.01058	0.00673	0.02261	0.81623	0.01780	0.01732	0.01588	0.01299	0.00577	0.00433	0.00144	0.00337	0.00481	0.00433	0.00673
32	0.02021	0.00452	0.00547	0.00563	0.00655	0.00434	0.00407	0.00821	0.07217	0.01399	0.31154	0.33596	0.14619	0.01032	0.00502	0.00150	0.00233	0.00911	0.02889	0.00396
33	0.00538	0.00427	0.00461	0.00459	0.00568	0.00374	0.00327	0.00642	0.00944	0.01182	0.16130	0.06495	0.53785	0.14881	0.00778	0.00187	0.00247	0.00842	0.00384	0.00349
34	0.25242	0.00782	0.00909	0.00718	0.01030	0.00761	0.00593	0.07092	0.01136	0.55474	0.01341	0.01215	0.00871	0.00490	0.00383	0.00131	0.00360	0.00371	0.00449	0.00653
35	0.00608	0.00461	0.00551	0.00589	0.00674	0.00446	0.00434	0.00801	0.07580	0.01183	0.05963	0.27674	0.22619	0.13093	0.00762	0.00200	0.00295	0.15312	0.00381	0.00375
36	0.00613	0.00453	0.00493	0.00477	0.00587	0.00415	0.00339	0.01783	0.02923	0.02773	0.14834	0.03388	0.43214	0.21366	0.00894	0.00205	0.00270	0.00765	0.03846	0.00362
37	0.00771	0.00397	0.00405	0.00408	0.00498	0.00396	0.00298	0.00951	0.00870	0.01515	0.01417	0.04519	0.01182	0.06571	0.00439	0.00124	0.00215	0.00440	0.78198	0.00385
38	0.01081	0.00925	0.00975	0.00870	0.01115	0.01069	0.00679	0.05437	0.78411	0.01816	0.01703	0.01565	0.01276	0.00575	0.00433	0.00144	0.00342	0.00477	0.00433	0.00676
39	0.00610	0.00415	0.00503	0.00540	0.00562	0.00410	0.00354	0.00660	0.00721	0.00964	0.01699	0.20862	0.01952	0.52546	0.01539	0.00322	0.00370	0.12835	0.01837	0.00300
40	0.00612	0.00414	0.00465	0.00464	0.00475	0.00409	0.00265	0.00624	0.00654	0.00868	0.03835	0.02865	0.05870	0.78186	0.02030	0.00390	0.00396	0.00638	0.00271	0.00267
41	0.01065	0.59486	0.23289	0.00897	0.01330	0.02678	0.03692	0.01303	0.00883	0.01105	0.00647	0.00756	0.00548	0.00375	0.00317	0.00105	0.00514	0.00260	0.00183	0.00568
42	0.00840	0.00448	0.00506	0.00479	0.00584	0.00434	0.00349	0.02099	0.00929	0.09095	0.11669	0.03526	0.03585	0.16279	0.00698	0.00169	0.00262	0.01685	0.45960	0.00405
43	0.00616	0.00410	0.00465	0.00470	0.00473	0.00408	0.00266	0.00623	0.00634	0.00851	0.01399	0.07434	0.01612	0.79050	0.02046	0.00394	0.00400	0.00649	0.01535	0.00265
44	0.01561	0.07225	0.01270	0.01073	0.01301	0.78242	0.00816	0.01673	0.01185	0.01039	0.00654	0.00762	0.00548	0.00434	0.00377	0.00108	0.00748	0.00271	0.00217	0.00497
45	0.00538	0.00432	0.00480	0.00468	0.00596	0.00374	0.00351	0.00678	0.01052	0.01346	0.31728	0.03772	0.54679	0.01004	0.00503	0.00140	0.00210	0.00853	0.00421	0.00374
46	0.00882	0.00756	0.00882	0.00630	0.01008	0.00567	0.00504	0.01071	0.00882	0.01387	0.00756	0.00882	0.00630	0.00315	0.00315	0.00063	0.00315	0.00252	0.00252	0.87647
47	0.00602	0.00435	0.00569	0.00535	0.00636	0.00401	0.00401	0.00803	0.01204	0.01706	0.82167	0.03178	0.04015	0.00870	0.00502	0.00134	0.00201	0.00770	0.00468	0.00401
48	0.00619	0.00413	0.00464	0.00464	0.00464	0.00413	0.00258	0.00619	0.00619	0.00825	0.01341	0.02785	0.01547	0.85046	0.02166	0.00413	0.00413	0.00619	0.00258	0.00258
49	0.00739	0.00370	0.00554	0.00554	0.00554	0.00370	0.00370	0.00554	0.00554	0.00739	0.00739	0.01293	0.00739	0.01478	0.01663	0.87620	0.00370	0.00370	0.00185	0.00185
50	0.00882	0.00756	0.00882	0.00630	0.01008	0.00567	0.00504	0.01071	0.00882	0.01387	0.00756	0.00882	0.00630	0.00315	0.00315	0.00063	0.00315	0.00252	0.00252	0.87647
51	0.00503	0.00431	0.00431	0.00431	0.00575	0.00359	0.00323	0.00611	0.00970	0.01149	0.04310	0.04095	0.82219	0.01078	0.00503	0.00144	0.00216	0.00898	0.00395	0.00359
52	0.00518	0.00370	0.00494	0.00592	0.00617	0.00346	0.00395	0.00592	0.00815	0.01086	0.02345	0.84768	0.02814	0.01333	0.00543	0.00173	0.00247	0.01210	0.00395	0.00346
53	0.00602	0.00435	0.00569	0.00535	0.00636	0.00401	0.00401	0.00803	0.01204	0.01706	0.82167	0.03178	0.04015	0.00870	0.00502	0.00134	0.00201	0.00770	0.00468	0.00401
54	0.00662	0.00473	0.00659	0.00757	0.00844	0.00469	0.00645	0.00841	0.00956	0.01247	0.02266	0.16073	0.02500	0.01198	0.00581	0.00193	0.00371	0.68487	0.00392	0.00385
55	0.00608	0.00456	0.00684	0.00684	0.00760	0.00532	0.00532	0.00760	0.00684	0.00988	0.01140	0.01672	0.01064	0.03191	0.83360	0.00684	0.01140	0.00456	0.00228	0.00380
56	0.00619	0.00413	0.00464	0.00464	0.00464	0.00413	0.00258	0.00619	0.00619	0.00825	0.01341	0.02785	0.01547	0.85046	0.02166	0.00413	0.00413	0.00619	0.00258	0.00258
57	0.00509	0.00428	0.00435	0.00440	0.00571	0.00361	0.00323	0.00610	0.00946	0.01131	0.04079	0.07487	0.74823	0.05245	0.00587	0.00158	0.00227	0.00898	0.00388	0.00354
58	0.01048	0.00895	0.00950	0.00856	0.01091	0.01030	0.00668	0.03994	0.75391	0.01788	0.04479	0.01695	0.01402	0.00598	0.00438	0.00145	0.00336	0.02104	0.00433	0.00660
59	0.00518	0.00370	0.00494	0.00592	0.00617	0.00346	0.00395	0.00592	0.00815	0.01086	0.02345	0.84768	0.02814	0.01333	0.00543	0.00173	0.00247	0.01210	0.00395	0.00346
60	0.00626	0.00424	0.00485	0.00486	0.00498	0.00425	0.00287	0.00663	0.02058	0.00897	0.04773	0.04115	0.01695	0.76068	0.01990	0.00386	0.00399	0.03173	0.00276	0.00277
61	0.07941	0.00460	0.00459	0.00439	0.00568	0.00462	0.00336	0.02164	0.00921	0.04993	0.03430	0.01710	0.06694	0.00538	0.00321	0.00107	0.00221	0.00427	0.67392	0.00418
62	0.00505	0.00430	0.00434	0.00436	0.00576	0.00360	0.00326	0.00613	0.00971	0.01157	0.05484	0.05542	0.79567	0.01079	0.00504	0.00144	0.00216	0.00902	0.00396	0.00360
63	0.01058	0.00914	0.00962	0.00866	0.01106	0.01058	0.00673	0.02261	0.81623	0.01780	0.01732	0.01588	0.01299	0.00577	0.00433	0.00144	0.00337	0.00481	0.00433	0.00673
64	0.00686	0.00490	0.00686	0.00784	0.00882	0.00490	0.00686	0.00882	0.00980	0.01273	0.02253	0.04800	0.02449	0.01175	0.00588	0.00196	0.00392	0.79528	0.00392	0.00392
65	0.01029	0.00987	0.01684	0.10427	0.74764	0.01005	0.01294	0.01285	0.00958	0.01361	0.00796	0.01061	0.00664	0.00384	0.00422	0.00128	0.00511	0.00379	0.00209	0.00655
66	0.00817	0.00770	0.01301	0.79487	0.07359	0.00949	0.01189	0.01099	0.00857	0.01104	0.00759	0.01130	0.00573	0.00423	0.00425	0.00141	0.00564	0.00378	0.00190	0.00484
67	0.01004	0.01148	0.02511	0.01793	0.02224	0.01076	0.80846	0.01363	0.01004	0.01363	0.00861	0.01148	0.00646	0.00359	0.00502	0.00143	0.00717	0.00502	0.00215	0.00574
68	0.00503	0.00431	0.00431	0.00431	0.00575	0.00359	0.00323	0.00611	0.00970	0.01149	0.04310	0.04095	0.82219	0.01078	0.00503	0.00144	0.00216	0.00898	0.00395	0.00359
69	0.00977	0.00921	0.01558	0.16906	0.61516	0.00954	0.01227	0.01230	0.00953	0.01335	0.02546	0.01345	0.00834	0.00447	0.00434	0.00134	0.00503	0.05340	0.00223	0.00615
70	0.00936	0.00945	0.01381	0.01161	0.01189	0.01289	0.06100	0.01046	0.00674	0.01046	0.00578	0.00945	0.00564	0.00720	0.01339	0.00183	0.78863	0.00381	0.00188	0.00472
71	0.00746	0.00535	0.00724	0.00796	0.00910	0.00543	0.00694	0.06062	0.01046	0.01364	0.02173	0.04555	0.02337	0.01132	0.00577	0.00191	0.00397	0.74409	0.00394	0.00413
72	0.00515	0.00427	0.00447	0.00451	0.00580	0.00363	0.00333	0.00625	0.00971	0.01183	0.10486	0.09208	0.68828	0.03009	0.00544	0.00151	0.00221	0.00901	0.00398	0.00359
73	0.01009	0.00965	0.01628	0.05257	0.74380	0.00967	0.01238	0.01253	0.00965	0.01364	0.01026	0.01253	0.05945	0.00426	0.00427	0.00128	0.00489	0.00413	0.00222	0.00647
74	0.00616	0.00469	0.00693	0.00692	0.00760	0.00550	0.00535	0.00758	0.00690	0.00993	0.01197	0.07034	0.01164	0.04304	0.73317	0.00626	0.04482	0.00504	0.00238	0.00379
75	0.00835	0.00781	0.01317	0.64371	0.16710	0.00930	0.01161	0.01104	0.00861	0.01134	0.00789	0.01155	0.00618	0.00596	0.05789	0.00174	0.00593	0.00383	0.00195	0.00502
76	0.00621	0.00475	0.00722	0.06074	0.00900	0.00559	0.00574	0.00781	0.00695	0.00994	0.01115	0.01637	0.01032	0.03012	0.77996	0.00649	0.01103	0.00451	0.00225	0.00386
77	0.00593	0.00430	0.00545	0.00606	0.00661	0.00412	0.00418	0.05803	0.00919	0.01223	0.06237	0.71070	0.06993	0.01244	0.00531	0.00166	0.00257	0.01118	0.00401	0.00373
78	0.00949	0.00754	0.00889	0.00638	0.01013	0.00571	0.00512	0.01136	0.00904	0.06645	0.00816	0.00919	0.00658	0.00329	0.00322	0.00067	0.00318	0.00263	0.00270	0.82025
79	0.00618	0.00415	0.00478	0.00478	0.00483	0.00420	0.00276	0.00628	0.00623	0.00836	0.01328	0.02713	0.01516	0.79752	0.07417	0.00430	0.00460	0.00608	0.00256	0.00266
80	0.01091	0.06386	0.01059	0.00862	0.01116	0.01111	0.00684	0.06015	0.72538	0.01773	0.01624	0.01502	0.01222	0.00560	0.00422	0.00140	0.00351	0.00460	0.00416	0.00668
81	0.00899	0.00878	0.01312	0.09526	0.01331	0.01169	0.06082	0.01019	0.00697	0.01042	0.00657	0.01080	0.00625	0.00802	0.03596	0.04434	0.62277	0.01925	0.00193	0.00456

[dist]
# distance from previous block
# <min> <max>
0	8

[block]
# block no. 3 follows, 62 sequences, length 12
# corresponding to MSA columns:
# 234-245
name=unknown_D
#
# <colnr> <probs for GDERKNQSTAVLIFYWHMCP>
#	G	D	E	R	K	N	Q	S	T	A	V	L	I	F	Y	W	H	M	C	P
0	0.40391	0.01076	0.00870	0.00755	0.00990	0.17048	0.00594	0.18550	0.01072	0.01746	0.00719	0.00861	0.00573	0.00578	0.00515	0.12156	0.00451	0.00291	0.00279	0.00486
1	0.01053	0.01011	0.01727	0.02612	0.82392	0.01011	0.01306	0.01306	0.00969	0.01390	0.00800	0.01053	0.00674	0.00379	0.00421	0.00126	0.00505	0.00379	0.00211	0.00674
2	0.00907	0.00778	0.00893	0.00663	0.01022	0.00635	0.00527	0.01235	0.11984	0.01441	0.00890	0.00979	0.00722	0.00351	0.00331	0.00074	0.00318	0.00284	0.00277	0.75689
3	0.00998	0.00942	0.01579	0.26511	0.56312	0.01002	0.01253	0.03895	0.00968	0.01344	0.00795	0.01076	0.00644	0.00397	0.00423	0.00131	0.00522	0.00379	0.00211	0.00616
4	0.00607	0.00453	0.00668	0.00663	0.00743	0.00514	0.00514	0.00766	0.00755	0.01087	0.12281	0.01879	0.01470	0.02872	0.71967	0.00608	0.01011	0.00499	0.00261	0.00383
5	0.01002	0.01014	0.04833	0.04995	0.07255	0.00947	0.48242	0.02837	0.00991	0.04732	0.00988	0.01300	0.00769	0.00430	0.00491	0.00138	0.03516	0.02742	0.12222	0.00554
6	0.14429	0.01154	0.01114	0.22743	0.03830	0.20576	0.00839	0.12482	0.10855	0.03982	0.00892	0.01018	0.00676	0.00452	0.00388	0.00128	0.00521	0.00342	0.00282	0.03296
7	0.00868	0.00706	0.00896	0.00804	0.00887	0.03403	0.00634	0.05298	0.00985	0.06367	0.27291	0.16901	0.02121	0.00856	0.00809	0.00158	0.29559	0.00653	0.00350	0.00454
8	0.05364	0.12000	0.29001	0.01239	0.15439	0.11103	0.01070	0.01341	0.00959	0.04842	0.04026	0.02503	0.00770	0.00431	0.00381	0.00119	0.00525	0.00339	0.00231	0.08317
9	0.03557	0.30703	0.13523	0.12341	0.01512	0.06270	0.05779	0.05394	0.05970	0.01307	0.05637	0.01041	0.00818	0.00432	0.00367	0.00117	0.00500	0.00338	0.00237	0.04158
10	0.08453	0.01037	0.06235	0.00977	0.01297	0.03349	0.12930	0.10690	0.29654	0.06432	0.01286	0.02882	0.02538	0.00500	0.00416	0.00131	0.00435	0.00430	0.00347	0.09984
11	0.28188	0.00878	0.03548	0.02540	0.07540	0.02471	0.04025	0.11938	0.04127	0.09318	0.10062	0.02657	0.05984	0.00555	0.00394	0.00134	0.00384	0.02712	0.00340	0.02204

[dist]
# distance from previous block
# <min> <max>
0	25

# created by:
# /st0/software/busco_prod/Augustus/scripts/msa2prfl.pl ./align_prep/121508.fa
