[name]
unknown

[dist]
# distance from previous block
# <min> <max>
0	175

[block]
# block no. 0 follows, 66 sequences, length 163
# corresponding to MSA columns:
# 177-260,273-351
name=unknown_A
#
# <colnr> <probs for GDERKNQSTAVLIFYWHMCP>
#	G	D	E	R	K	N	Q	S	T	A	V	L	I	F	Y	W	H	M	C	P
0	0.00656	0.00470	0.00654	0.02510	0.00864	0.00470	0.00640	0.00840	0.00922	0.01214	0.02074	0.07394	0.02244	0.01079	0.00543	0.00180	0.00365	0.72166	0.02879	0.01836
1	0.00835	0.05166	0.75066	0.01110	0.01675	0.00962	0.01407	0.02633	0.03214	0.01301	0.00824	0.00934	0.02289	0.00404	0.00384	0.00127	0.00574	0.00314	0.00187	0.00594
2	0.01006	0.01278	0.18192	0.02969	0.56354	0.09142	0.01238	0.01279	0.00927	0.01275	0.00748	0.00958	0.00610	0.00417	0.01792	0.00130	0.00541	0.00340	0.00196	0.00610
3	0.01168	0.01108	0.01178	0.01012	0.01106	0.20791	0.00822	0.01270	0.00823	0.12647	0.00706	0.00920	0.00597	0.00611	0.00972	0.00153	0.53059	0.00340	0.00231	0.00485
4	0.00492	0.00361	0.00462	0.00543	0.00583	0.00331	0.00367	0.00567	0.00798	0.01044	0.02501	0.73943	0.14046	0.01237	0.00512	0.00161	0.00231	0.01111	0.00377	0.00331
5	0.00590	0.00393	0.00442	0.00442	0.00442	0.00393	0.00246	0.00590	0.00590	0.00787	0.01278	0.02655	0.01475	0.85742	0.02065	0.00393	0.00393	0.00590	0.00246	0.00246
6	0.01437	0.01815	0.01326	0.01139	0.01377	0.72365	0.12230	0.01575	0.01123	0.01036	0.00655	0.00783	0.00536	0.00407	0.00382	0.00109	0.00725	0.00292	0.00208	0.00481
7	0.00494	0.00353	0.00471	0.00565	0.00588	0.00330	0.00377	0.00565	0.00777	0.01036	0.02236	0.85477	0.02683	0.01271	0.00518	0.00165	0.00235	0.01153	0.00377	0.00330
8	0.01004	0.00964	0.01647	0.02490	0.83211	0.00964	0.01245	0.01245	0.00924	0.01325	0.00763	0.01004	0.00643	0.00361	0.00402	0.00120	0.00482	0.00361	0.00201	0.00643
9	0.00590	0.00393	0.00442	0.00442	0.00442	0.00393	0.00246	0.00590	0.00590	0.00787	0.01278	0.02655	0.01475	0.85742	0.02065	0.00393	0.00393	0.00590	0.00246	0.00246
10	0.01781	0.00754	0.00981	0.00752	0.01067	0.00690	0.00621	0.13272	0.01267	0.72048	0.01512	0.01323	0.00960	0.00500	0.00408	0.00125	0.00360	0.00402	0.00489	0.00690
11	0.00835	0.00500	0.00645	0.00570	0.00714	0.00467	0.00440	0.04407	0.02539	0.15648	0.64289	0.02637	0.03171	0.00754	0.00462	0.00127	0.00231	0.00658	0.00454	0.00453
12	0.01004	0.00964	0.01647	0.02490	0.83211	0.00964	0.01245	0.01245	0.00924	0.01325	0.00763	0.01004	0.00643	0.00361	0.00402	0.00120	0.00482	0.00361	0.00201	0.00643
13	0.00851	0.13520	0.72541	0.01093	0.01659	0.01033	0.01389	0.01275	0.00852	0.01240	0.00706	0.00829	0.00515	0.00380	0.00368	0.00123	0.00577	0.00289	0.00172	0.00589
14	0.00560	0.00458	0.00743	0.00727	0.00805	0.00428	0.11880	0.00669	0.00802	0.01073	0.02036	0.73546	0.02391	0.01140	0.00512	0.00161	0.00299	0.01058	0.00352	0.00360
15	0.00817	0.02072	0.81524	0.01171	0.01765	0.00944	0.03588	0.01285	0.00859	0.01285	0.00730	0.00863	0.00517	0.00384	0.00388	0.00129	0.00602	0.00304	0.00172	0.00598
16	0.00766	0.00721	0.01217	0.84767	0.02794	0.00901	0.01127	0.01037	0.00811	0.01037	0.00721	0.01082	0.00541	0.00406	0.00406	0.00135	0.00541	0.00361	0.00180	0.00451
17	0.01360	0.01638	0.01076	0.00960	0.01172	0.64050	0.02357	0.07794	0.01174	0.01137	0.01151	0.01207	0.12206	0.00508	0.00387	0.00111	0.00634	0.00358	0.00248	0.00471
18	0.01456	0.00989	0.01074	0.00836	0.01127	0.01074	0.00687	0.63263	0.01691	0.09659	0.01080	0.01087	0.00768	0.00486	0.00389	0.00118	0.00401	0.00371	0.12799	0.00646
19	0.01004	0.00964	0.01647	0.02490	0.83211	0.00964	0.01245	0.01245	0.00924	0.01325	0.00763	0.01004	0.00643	0.00361	0.00402	0.00120	0.00482	0.00361	0.00201	0.00643
20	0.00943	0.00901	0.01536	0.23688	0.62492	0.00948	0.01215	0.01191	0.00895	0.01251	0.00752	0.01024	0.00616	0.00373	0.00403	0.00124	0.00497	0.00361	0.00196	0.00593
21	0.00774	0.00383	0.00387	0.00384	0.00482	0.00382	0.00289	0.00962	0.00856	0.02840	0.01328	0.01510	0.01039	0.00473	0.00286	0.00095	0.00192	0.00379	0.86577	0.00383
22	0.00773	0.04480	0.67834	0.01047	0.01548	0.00867	0.01295	0.01172	0.00849	0.01245	0.02385	0.12853	0.00879	0.00517	0.00402	0.00132	0.00536	0.00426	0.00205	0.00555
23	0.01004	0.00964	0.01647	0.02490	0.83211	0.00964	0.01245	0.01245	0.00924	0.01325	0.00763	0.01004	0.00643	0.00361	0.00402	0.00120	0.00482	0.00361	0.00201	0.00643
24	0.00913	0.02075	0.71976	0.01141	0.01685	0.12702	0.01398	0.01332	0.00898	0.01244	0.00714	0.00839	0.00515	0.00390	0.00383	0.00125	0.00618	0.00294	0.00177	0.00581
25	0.00812	0.02053	0.80918	0.03917	0.01790	0.00941	0.01487	0.01277	0.00855	0.01277	0.00728	0.00864	0.00515	0.00386	0.00386	0.00129	0.00598	0.00302	0.00172	0.00595
26	0.00958	0.00884	0.01495	0.20891	0.60237	0.00921	0.01173	0.01202	0.00912	0.03423	0.03491	0.01098	0.00734	0.00391	0.00405	0.00124	0.00482	0.00375	0.00212	0.00592
27	0.00797	0.00576	0.00913	0.00861	0.05789	0.00535	0.12889	0.00974	0.02733	0.12360	0.10568	0.33752	0.11820	0.00875	0.00480	0.00145	0.00330	0.02791	0.00365	0.00445
28	0.00814	0.02099	0.83640	0.01156	0.01756	0.00942	0.01499	0.01285	0.00857	0.01285	0.00728	0.00857	0.00514	0.00385	0.00385	0.00128	0.00600	0.00300	0.00171	0.00600
29	0.00964	0.00966	0.04277	0.03702	0.74520	0.00927	0.01199	0.01206	0.00920	0.01306	0.00950	0.01164	0.05282	0.00401	0.00406	0.00122	0.00471	0.00387	0.00209	0.00621
30	0.04224	0.01902	0.18547	0.00809	0.01140	0.00692	0.01964	0.03186	0.04553	0.44392	0.02344	0.12138	0.01123	0.00574	0.00413	0.00131	0.00389	0.00479	0.00393	0.00607
31	0.01004	0.00964	0.01647	0.02490	0.83211	0.00964	0.01245	0.01245	0.00924	0.01325	0.00763	0.01004	0.00643	0.00361	0.00402	0.00120	0.00482	0.00361	0.00201	0.00643
32	0.01195	0.00665	0.00791	0.00677	0.00904	0.00662	0.00539	0.01668	0.27050	0.32989	0.08742	0.01946	0.10795	0.00620	0.00419	0.00130	0.00298	0.02598	0.06733	0.00578
33	0.01004	0.00964	0.01647	0.02490	0.83211	0.00964	0.01245	0.01245	0.00924	0.01325	0.00763	0.01004	0.00643	0.00361	0.00402	0.00120	0.00482	0.00361	0.00201	0.00643
34	0.00997	0.00984	0.01761	0.02371	0.70826	0.00973	0.13538	0.01253	0.00929	0.01322	0.00772	0.01018	0.00639	0.00359	0.00413	0.00123	0.00513	0.00379	0.00201	0.00628
35	0.01820	0.00690	0.00942	0.00722	0.01036	0.00596	0.00596	0.01977	0.01161	0.83492	0.01601	0.01381	0.01004	0.00502	0.00408	0.00126	0.00345	0.00408	0.00502	0.00690
36	0.00480	0.00411	0.00411	0.00411	0.00548	0.00343	0.00308	0.00582	0.00925	0.01096	0.04110	0.03905	0.83046	0.01028	0.00480	0.00137	0.00206	0.00856	0.00377	0.00343
37	0.00892	0.00990	0.02122	0.01548	0.01904	0.00928	0.70234	0.01196	0.00932	0.01262	0.01021	0.13025	0.00908	0.00473	0.00484	0.00141	0.00621	0.00574	0.00229	0.00516
38	0.01004	0.00964	0.01647	0.02490	0.83211	0.00964	0.01245	0.01245	0.00924	0.01325	0.00763	0.01004	0.00643	0.00361	0.00402	0.00120	0.00482	0.00361	0.00201	0.00643
39	0.86416	0.00814	0.00610	0.00546	0.00796	0.03004	0.00448	0.01203	0.00702	0.01799	0.00566	0.00661	0.00441	0.00378	0.00254	0.00125	0.00324	0.00221	0.00250	0.00440
40	0.01516	0.01907	0.01152	0.01042	0.01254	0.81377	0.00783	0.04269	0.01175	0.01045	0.00639	0.00740	0.00528	0.00420	0.00367	0.00105	0.00722	0.00265	0.00216	0.00478
41	0.00690	0.00534	0.00674	0.00733	0.00837	0.02698	0.00620	0.00939	0.07273	0.01251	0.06412	0.07897	0.05292	0.01039	0.00548	0.00175	0.01846	0.59774	0.00373	0.00395
42	0.00888	0.25125	0.61265	0.01030	0.01560	0.01124	0.01278	0.01266	0.00848	0.01194	0.00683	0.00800	0.00516	0.00375	0.00351	0.00117	0.00554	0.00277	0.00172	0.00578
43	0.30734	0.00541	0.00561	0.00518	0.00667	0.00563	0.00402	0.00912	0.00992	0.01693	0.54756	0.02218	0.02667	0.00674	0.00401	0.00127	0.00233	0.00558	0.00380	0.00402
44	0.03109	0.00692	0.00936	0.00719	0.01032	0.00601	0.00594	0.01966	0.01154	0.82279	0.01585	0.01370	0.00996	0.00500	0.00406	0.00126	0.00345	0.00405	0.00498	0.00687
45	0.00779	0.00734	0.01241	0.80235	0.07224	0.00905	0.01133	0.01048	0.00817	0.01053	0.00723	0.01077	0.00546	0.00403	0.00405	0.00134	0.00538	0.00361	0.00181	0.00461
46	0.00480	0.00411	0.00411	0.00411	0.00548	0.00343	0.00308	0.00582	0.00925	0.01096	0.04110	0.03905	0.83046	0.01028	0.00480	0.00137	0.00206	0.00856	0.00377	0.00343
47	0.00888	0.00888	0.01243	0.01065	0.01065	0.01243	0.00888	0.00976	0.00621	0.00976	0.00533	0.00888	0.00533	0.00710	0.01331	0.00178	0.84999	0.00355	0.00178	0.00444
48	0.01820	0.00690	0.00942	0.00722	0.01036	0.00596	0.00596	0.01977	0.01161	0.83492	0.01601	0.01381	0.01004	0.00502	0.00408	0.00126	0.00345	0.00408	0.00502	0.00690
49	0.00814	0.02099	0.83640	0.01156	0.01756	0.00942	0.01499	0.01285	0.00857	0.01285	0.00728	0.00857	0.00514	0.00385	0.00385	0.00128	0.00600	0.00300	0.00171	0.00600
50	0.01516	0.01934	0.01150	0.01045	0.01254	0.84113	0.00784	0.01620	0.01150	0.00993	0.00627	0.00732	0.00523	0.00418	0.00366	0.00105	0.00732	0.00261	0.00209	0.00470
51	0.01820	0.00690	0.00942	0.00722	0.01036	0.00596	0.00596	0.01977	0.01161	0.83492	0.01601	0.01381	0.01004	0.00502	0.00408	0.00126	0.00345	0.00408	0.00502	0.00690
52	0.00480	0.00411	0.00411	0.00411	0.00548	0.00343	0.00308	0.00582	0.00925	0.01096	0.04110	0.03905	0.83046	0.01028	0.00480	0.00137	0.00206	0.00856	0.00377	0.00343
53	0.00766	0.00721	0.01217	0.84767	0.02794	0.00901	0.01127	0.01037	0.00811	0.01037	0.00721	0.01082	0.00541	0.00406	0.00406	0.00135	0.00541	0.00361	0.00180	0.00451
54	0.00937	0.01236	0.13881	0.01632	0.02069	0.01014	0.70392	0.01298	0.00943	0.01298	0.00808	0.01061	0.00601	0.00348	0.00466	0.00136	0.00672	0.00453	0.00200	0.00555
55	0.00992	0.00952	0.01623	0.06093	0.78585	0.00965	0.01235	0.01232	0.00915	0.01308	0.00758	0.01006	0.00637	0.00368	0.00414	0.00122	0.01602	0.00361	0.00200	0.00632
56	0.01429	0.01729	0.01168	0.01040	0.01228	0.66494	0.00798	0.07244	0.01129	0.01102	0.00638	0.00771	0.00536	0.00464	0.00505	0.00116	0.12626	0.00282	0.00219	0.00482
57	0.00958	0.01094	0.02394	0.01710	0.02120	0.01026	0.81737	0.01300	0.00958	0.01300	0.00821	0.01094	0.00616	0.00342	0.00479	0.00137	0.00684	0.00479	0.00205	0.00547
58	0.03565	0.00847	0.01030	0.00791	0.01107	0.00832	0.00654	0.29657	0.01410	0.53697	0.01361	0.01225	0.00883	0.00494	0.00404	0.00124	0.00380	0.00389	0.00463	0.00685
59	0.00583	0.00447	0.00542	0.00571	0.00653	0.00439	0.00407	0.00836	0.12428	0.01266	0.20052	0.45489	0.12661	0.01042	0.00490	0.00149	0.00234	0.00927	0.00397	0.00387
60	0.01516	0.01934	0.01150	0.01045	0.01254	0.84113	0.00784	0.01620	0.01150	0.00993	0.00627	0.00732	0.00523	0.00418	0.00366	0.00105	0.00732	0.00261	0.00209	0.00470
61	0.00580	0.00435	0.00652	0.00652	0.00724	0.00507	0.00507	0.00724	0.00652	0.00942	0.01087	0.01594	0.01014	0.03043	0.84134	0.00652	0.01087	0.00435	0.00217	0.00362
62	0.00494	0.00353	0.00471	0.00565	0.00588	0.00330	0.00377	0.00565	0.00777	0.01036	0.02236	0.85477	0.02683	0.01271	0.00518	0.00165	0.00235	0.01153	0.00377	0.00330
63	0.00883	0.00903	0.01226	0.69327	0.06098	0.12670	0.01083	0.01128	0.00864	0.01043	0.00710	0.01029	0.00543	0.00405	0.00400	0.00130	0.00565	0.00347	0.00185	0.00462
64	0.00654	0.00467	0.00654	0.00747	0.00841	0.00467	0.00654	0.00841	0.00934	0.01214	0.02148	0.04576	0.02335	0.01121	0.00560	0.00187	0.00374	0.80480	0.00374	0.00374
65	0.01582	0.01073	0.01179	0.00904	0.01227	0.01165	0.00746	0.70564	0.01802	0.14000	0.01063	0.01032	0.00734	0.00489	0.00406	0.00122	0.00432	0.00371	0.00419	0.00690
66	0.01820	0.00690	0.00942	0.00722	0.01036	0.00596	0.00596	0.01977	0.01161	0.83492	0.01601	0.01381	0.01004	0.00502	0.00408	0.00126	0.00345	0.00408	0.00502	0.00690
67	0.00800	0.00755	0.01278	0.73133	0.14165	0.00910	0.01143	0.01066	0.00827	0.01077	0.00727	0.01071	0.00555	0.00399	0.00405	0.00133	0.00533	0.00361	0.00183	0.00478
68	0.00560	0.00414	0.00522	0.00495	0.00597	0.00377	0.00371	0.00737	0.01114	0.01545	0.70829	0.03165	0.16047	0.00860	0.00479	0.00129	0.00194	0.00753	0.00436	0.00377
69	0.01085	0.85986	0.02126	0.00694	0.01041	0.01605	0.00694	0.01215	0.00824	0.00955	0.00564	0.00651	0.00521	0.00347	0.00260	0.00087	0.00434	0.00217	0.00174	0.00521
70	0.01816	0.00698	0.00946	0.00725	0.01039	0.00607	0.00599	0.03287	0.01173	0.82165	0.01590	0.01374	0.00999	0.00502	0.00408	0.00125	0.00347	0.00407	0.00501	0.00690
71	0.00600	0.00410	0.00519	0.00492	0.00587	0.00382	0.00369	0.00791	0.01106	0.01611	0.71449	0.02816	0.03434	0.00779	0.00451	0.00123	0.00191	0.00683	0.12825	0.00382
72	0.01793	0.00734	0.00968	0.00742	0.01057	0.00661	0.00613	0.09735	0.01234	0.75632	0.01540	0.01341	0.00974	0.00501	0.00408	0.00125	0.00355	0.00404	0.00493	0.00690
73	0.01460	0.01130	0.01384	0.01043	0.01380	0.01225	0.12219	0.70468	0.01773	0.02379	0.00952	0.00991	0.00679	0.00467	0.00416	0.00124	0.00480	0.00381	0.00377	0.00670
74	0.00789	0.00744	0.01258	0.76912	0.10471	0.00907	0.01138	0.01057	0.00822	0.01064	0.00725	0.01074	0.00551	0.00401	0.00405	0.00134	0.00535	0.00361	0.00182	0.00469
75	0.00583	0.00422	0.00555	0.00541	0.00638	0.00394	0.00419	0.00771	0.01112	0.01555	0.69511	0.03272	0.05680	0.00876	0.00490	0.00136	0.00218	0.12012	0.00434	0.00380
76	0.00958	0.01094	0.02394	0.01710	0.02120	0.01026	0.81737	0.01300	0.00958	0.01300	0.00821	0.01094	0.00616	0.00342	0.00479	0.00137	0.00684	0.00479	0.00205	0.00547
77	0.02679	0.00931	0.01013	0.00841	0.01114	0.01030	0.00674	0.27986	0.43538	0.13543	0.01407	0.01306	0.01015	0.00520	0.00407	0.00131	0.00365	0.00417	0.00421	0.00661
78	0.01820	0.00690	0.00942	0.00722	0.01036	0.00596	0.00596	0.01977	0.01161	0.83492	0.01601	0.01381	0.01004	0.00502	0.00408	0.00126	0.00345	0.00408	0.00502	0.00690
79	0.00503	0.00360	0.00478	0.00559	0.00590	0.00335	0.00377	0.00586	0.00816	0.01099	0.10846	0.76687	0.02805	0.01224	0.00514	0.00161	0.00231	0.01109	0.00384	0.00335
80	0.01108	0.00828	0.00909	0.00808	0.01043	0.00927	0.00636	0.02073	0.67410	0.13241	0.01666	0.01629	0.01253	0.00569	0.00419	0.00138	0.00327	0.03955	0.00424	0.00637
81	0.00973	0.00802	0.00841	0.00762	0.00973	0.00920	0.00591	0.01985	0.70937	0.01671	0.01605	0.01514	0.01210	0.00539	0.00395	0.00132	0.00302	0.00447	0.12796	0.00605
82	0.00892	0.00903	0.01207	0.70733	0.02536	0.12676	0.01069	0.03236	0.00888	0.01070	0.00714	0.01029	0.00542	0.00410	0.00400	0.00131	0.00565	0.00347	0.00190	0.00460
83	0.00979	0.00960	0.01547	0.18983	0.62293	0.04701	0.02222	0.01221	0.00912	0.01252	0.00749	0.01009	0.00616	0.00373	0.00402	0.00123	0.00508	0.00358	0.00197	0.00595
84	0.00636	0.00479	0.00595	0.00555	0.00670	0.00471	0.00419	0.00962	0.12648	0.01637	0.71495	0.02816	0.03462	0.00790	0.00469	0.00129	0.00210	0.00695	0.00442	0.00419
85	0.01124	0.00846	0.00921	0.00811	0.01052	0.00951	0.00636	0.02131	0.70980	0.13262	0.01644	0.01495	0.01205	0.00544	0.00412	0.00136	0.00324	0.00452	0.00425	0.00649
86	0.06027	0.01329	0.01776	0.01352	0.01680	0.27337	0.43879	0.05500	0.02023	0.04013	0.00789	0.00964	0.00600	0.00383	0.00424	0.00125	0.00651	0.00387	0.00231	0.00530
87	0.01393	0.01046	0.01110	0.00884	0.01163	0.03284	0.00716	0.68275	0.01728	0.02301	0.01143	0.12916	0.00967	0.00596	0.00421	0.00127	0.00424	0.00474	0.00397	0.00633
88	0.00654	0.00467	0.00654	0.00747	0.00841	0.00467	0.00654	0.00841	0.00934	0.01214	0.02148	0.04576	0.02335	0.01121	0.00560	0.00187	0.00374	0.80480	0.00374	0.00374
89	0.05298	0.00912	0.12629	0.00784	0.01135	0.00688	0.00724	0.04555	0.02457	0.64358	0.01413	0.01265	0.00904	0.00481	0.00398	0.00126	0.00383	0.00384	0.00440	0.00666
90	0.76187	0.00776	0.00684	0.12443	0.01069	0.00909	0.00537	0.01171	0.00708	0.01709	0.00587	0.00719	0.00454	0.00381	0.00273	0.00127	0.00346	0.00240	0.00241	0.00441
91	0.00574	0.00415	0.00542	0.00510	0.00606	0.00383	0.00383	0.00766	0.01148	0.01627	0.82997	0.03031	0.03828	0.00829	0.00479	0.00128	0.00191	0.00734	0.00447	0.00383
92	0.00578	0.00414	0.00539	0.00508	0.00603	0.00383	0.00381	0.00769	0.01142	0.01625	0.81264	0.02998	0.03769	0.00822	0.00474	0.00127	0.00191	0.00726	0.02304	0.00383
93	0.00981	0.00949	0.01576	0.14094	0.70179	0.02641	0.01219	0.01223	0.00912	0.01278	0.00754	0.01010	0.00626	0.00369	0.00401	0.00122	0.00495	0.00359	0.00198	0.00612
94	0.01783	0.00711	0.00950	0.00732	0.01044	0.00632	0.00604	0.04621	0.03959	0.78030	0.01582	0.01372	0.01002	0.00503	0.00408	0.00126	0.00348	0.00408	0.00496	0.00689
95	0.00776	0.00674	0.00724	0.00789	0.00899	0.12294	0.00672	0.00951	0.00964	0.01183	0.01933	0.04033	0.02079	0.01021	0.00533	0.00175	0.00424	0.69138	0.00350	0.00387
96	0.01085	0.85986	0.02126	0.00694	0.01041	0.01605	0.00694	0.01215	0.00824	0.00955	0.00564	0.00651	0.00521	0.00347	0.00260	0.00087	0.00434	0.00217	0.00174	0.00521
97	0.01587	0.00662	0.00895	0.00699	0.00986	0.00577	0.02276	0.03075	0.01136	0.67409	0.03263	0.01752	0.12637	0.00578	0.00421	0.00127	0.00332	0.00478	0.00476	0.00633
98	0.01644	0.00651	0.00885	0.00692	0.00975	0.00566	0.00566	0.01806	0.01159	0.71917	0.13109	0.01614	0.01404	0.00548	0.00418	0.00126	0.00323	0.00454	0.00494	0.00647
99	0.13090	0.00512	0.00646	0.00717	0.00833	0.00530	0.00623	0.00890	0.00900	0.01300	0.01924	0.04023	0.02067	0.01016	0.00517	0.00178	0.00365	0.69132	0.00356	0.00383
100	0.00980	0.00906	0.01444	0.03816	0.67386	0.03412	0.01093	0.01210	0.00918	0.01336	0.00837	0.01069	0.00693	0.00380	0.00384	0.00117	0.00449	0.00361	0.12614	0.00596
101	0.15045	0.01032	0.01124	0.03658	0.01208	0.01190	0.00747	0.55134	0.01499	0.02168	0.00839	0.00916	0.00624	0.00499	0.00513	0.00131	0.12384	0.00341	0.00342	0.00608
102	0.00697	0.00556	0.00900	0.00883	0.01022	0.00546	0.12118	0.00905	0.00937	0.01226	0.01960	0.04084	0.02092	0.01011	0.00549	0.00180	0.00417	0.69169	0.00350	0.00398
103	0.01499	0.01902	0.01166	0.01093	0.03960	0.81367	0.00799	0.01608	0.01142	0.01004	0.00632	0.00741	0.00527	0.00416	0.00367	0.00105	0.00723	0.00265	0.00209	0.00476
104	0.00543	0.00405	0.00523	0.00570	0.00641	0.00359	0.00391	0.00629	0.00786	0.01076	0.02022	0.73510	0.02389	0.01134	0.00487	0.00150	0.00245	0.01024	0.00357	0.12757
105	0.00814	0.02099	0.83640	0.01156	0.01756	0.00942	0.01499	0.01285	0.00857	0.01285	0.00728	0.00857	0.00514	0.00385	0.00385	0.00128	0.00600	0.00300	0.00171	0.00600
106	0.00998	0.01001	0.04354	0.02446	0.80521	0.00963	0.01254	0.01246	0.00922	0.01324	0.00762	0.00999	0.00638	0.00362	0.00401	0.00121	0.00486	0.00359	0.00200	0.00641
107	0.00506	0.00419	0.00448	0.00460	0.00590	0.00361	0.00358	0.00622	0.00930	0.01122	0.05222	0.03984	0.70240	0.01037	0.00491	0.00144	0.00229	0.12112	0.00378	0.00348
108	0.01417	0.01042	0.01138	0.00907	0.01199	0.01146	0.00755	0.70403	0.01770	0.02367	0.01140	0.01483	0.00923	0.00577	0.00428	0.00131	0.00436	0.11693	0.00401	0.00645
109	0.28872	0.01038	0.00938	0.00779	0.01053	0.12368	0.00628	0.24611	0.10086	0.14414	0.00968	0.00963	0.00696	0.00452	0.00353	0.00123	0.00415	0.00322	0.00346	0.00576
110	0.00500	0.00367	0.00469	0.00538	0.00584	0.00336	0.00368	0.00587	0.00833	0.01101	0.10211	0.66073	0.14155	0.01194	0.00509	0.00157	0.00227	0.01071	0.00383	0.00336
111	0.00631	0.00451	0.00628	0.00721	0.00805	0.00448	0.00615	0.00802	0.00912	0.01189	0.02161	0.16015	0.02384	0.01142	0.00554	0.00184	0.00354	0.69264	0.00374	0.00367
112	0.01023	0.66735	0.20832	0.00800	0.01205	0.01453	0.00879	0.01231	0.00832	0.01030	0.00602	0.00698	0.00519	0.00356	0.00289	0.00096	0.00472	0.00236	0.00173	0.00539
113	0.01004	0.00964	0.01647	0.02490	0.83211	0.00964	0.01245	0.01245	0.00924	0.01325	0.00763	0.01004	0.00643	0.00361	0.00402	0.00120	0.00482	0.00361	0.00201	0.00643
114	0.00590	0.00393	0.00442	0.00442	0.00442	0.00393	0.00246	0.00590	0.00590	0.00787	0.01278	0.02655	0.01475	0.85742	0.02065	0.00393	0.00393	0.00590	0.00246	0.00246
115	0.00814	0.02099	0.83640	0.01156	0.01756	0.00942	0.01499	0.01285	0.00857	0.01285	0.00728	0.00857	0.00514	0.00385	0.00385	0.00128	0.00600	0.00300	0.00171	0.00600
116	0.01272	0.01240	0.04327	0.01358	0.13054	0.13427	0.19843	0.33037	0.03971	0.01759	0.00863	0.00983	0.00650	0.00427	0.00431	0.00124	0.01958	0.00377	0.00289	0.00609
117	0.00958	0.01094	0.02394	0.01710	0.02120	0.01026	0.81737	0.01300	0.00958	0.01300	0.00821	0.01094	0.00616	0.00342	0.00479	0.00137	0.00684	0.00479	0.00205	0.00547
118	0.00725	0.00498	0.00552	0.00512	0.00558	0.00516	0.00320	0.12081	0.00776	0.01037	0.01235	0.02417	0.01364	0.73687	0.01830	0.00355	0.00401	0.00558	0.00268	0.00309
119	0.00814	0.02099	0.83640	0.01156	0.01756	0.00942	0.01499	0.01285	0.00857	0.01285	0.00728	0.00857	0.00514	0.00385	0.00385	0.00128	0.00600	0.00300	0.00171	0.00600
120	0.01085	0.85986	0.02126	0.00694	0.01041	0.01605	0.00694	0.01215	0.00824	0.00955	0.00564	0.00651	0.00521	0.00347	0.00260	0.00087	0.00434	0.00217	0.00174	0.00521
121	0.00517	0.00369	0.00497	0.00591	0.00624	0.00349	0.00416	0.00604	0.00799	0.01061	0.02224	0.74038	0.02634	0.01250	0.00524	0.00168	0.00255	0.12369	0.00376	0.00336
122	0.09440	0.77852	0.01980	0.00679	0.01017	0.01539	0.00670	0.01213	0.00812	0.01037	0.00564	0.00652	0.00513	0.00350	0.00259	0.00090	0.00422	0.00217	0.00181	0.00513
123	0.00574	0.00415	0.00542	0.00510	0.00606	0.00383	0.00383	0.00766	0.01148	0.01627	0.82997	0.03031	0.03828	0.00829	0.00479	0.00128	0.00191	0.00734	0.00447	0.00383
124	0.00963	0.01073	0.02273	0.01812	0.13572	0.01020	0.69257	0.01287	0.00948	0.01299	0.00809	0.01079	0.00618	0.00350	0.00479	0.00135	0.01802	0.00461	0.00204	0.00559
125	0.01491	0.01111	0.01189	0.00923	0.01239	0.01234	0.00759	0.74250	0.09599	0.02475	0.01039	0.01026	0.00742	0.00493	0.00407	0.00123	0.00434	0.00374	0.00407	0.00685
126	0.16579	0.09211	0.01194	0.00846	0.01155	0.04977	0.00707	0.56559	0.01559	0.02206	0.00848	0.00878	0.00623	0.00451	0.00363	0.00118	0.00435	0.00321	0.00348	0.00620
127	0.00577	0.00426	0.00604	0.00591	0.00673	0.00453	0.00453	0.00742	0.00867	0.01239	0.36606	0.02217	0.02234	0.02083	0.47858	0.00425	0.00698	0.00564	0.00317	0.00371
128	0.00627	0.00449	0.00621	0.00696	0.00783	0.00442	0.00589	0.00804	0.00949	0.01255	0.13588	0.12081	0.02579	0.01094	0.00545	0.00176	0.00335	0.61632	0.00384	0.00371
129	0.00917	0.03399	0.70690	0.01133	0.01674	0.12712	0.01385	0.01331	0.00898	0.01238	0.00711	0.00836	0.00515	0.00389	0.00381	0.00124	0.00616	0.00293	0.00177	0.00580
130	0.04455	0.01754	0.01134	0.01006	0.01234	0.67354	0.00767	0.12965	0.03420	0.01261	0.00702	0.00784	0.00563	0.00430	0.00369	0.00109	0.00666	0.00280	0.00244	0.00505
131	0.01447	0.00782	0.00936	0.00773	0.01049	0.00797	0.00621	0.03724	0.38066	0.44699	0.01611	0.01433	0.01104	0.00524	0.00410	0.00131	0.00336	0.00430	0.00460	0.00669
132	0.00629	0.00459	0.00619	0.00700	0.00799	0.00449	0.00605	0.00804	0.00933	0.01197	0.02426	0.04481	0.13747	0.01108	0.00549	0.00180	0.00350	0.69222	0.00374	0.00369
133	0.04287	0.01108	0.01188	0.00913	0.01235	0.01222	0.00754	0.76288	0.01841	0.05611	0.00985	0.00980	0.00694	0.00484	0.00401	0.00122	0.00438	0.00362	0.00405	0.00682
134	0.01066	0.08692	0.02157	0.01502	0.01876	0.12832	0.60593	0.03884	0.01003	0.01266	0.00776	0.01000	0.00596	0.00358	0.00441	0.00127	0.00661	0.00421	0.00209	0.00539
135	0.01113	0.00935	0.00975	0.00848	0.01095	0.02237	0.00668	0.16656	0.66655	0.01844	0.01513	0.01404	0.01128	0.00537	0.00411	0.00134	0.00350	0.00439	0.00409	0.00648
136	0.00927	0.00785	0.00846	0.00766	0.00970	0.00890	0.00593	0.01892	0.67039	0.01684	0.17093	0.01802	0.01730	0.00603	0.00425	0.00136	0.00296	0.00511	0.00419	0.00593
137	0.01009	0.00872	0.00917	0.00826	0.01055	0.01009	0.00642	0.02156	0.82478	0.01697	0.01651	0.01514	0.01238	0.00550	0.00413	0.00138	0.00321	0.00459	0.00413	0.00642
138	0.01009	0.00872	0.00917	0.00826	0.01055	0.01009	0.00642	0.02156	0.82478	0.01697	0.01651	0.01514	0.01238	0.00550	0.00413	0.00138	0.00321	0.00459	0.00413	0.00642
139	0.01212	0.01030	0.00944	0.00831	0.01039	0.18749	0.00642	0.23920	0.14753	0.08852	0.01383	0.21113	0.01268	0.00679	0.00427	0.00132	0.00427	0.01689	0.00366	0.00545
140	0.00562	0.00414	0.00526	0.00498	0.00599	0.00378	0.00374	0.00743	0.01121	0.01561	0.73173	0.03139	0.13693	0.00854	0.00479	0.00129	0.00193	0.00749	0.00438	0.00378
141	0.00841	0.00721	0.00841	0.00601	0.00961	0.00541	0.00481	0.01022	0.00841	0.01322	0.00721	0.00841	0.00601	0.00300	0.00300	0.00060	0.00300	0.00240	0.00240	0.88222
142	0.00937	0.01236	0.13881	0.01632	0.02069	0.01014	0.70392	0.01298	0.00943	0.01298	0.00808	0.01061	0.00601	0.00348	0.00466	0.00136	0.00672	0.00453	0.00200	0.00555
143	0.21624	0.01435	0.01030	0.00912	0.01111	0.45994	0.00711	0.05391	0.01006	0.04264	0.00652	0.00772	0.00531	0.00456	0.00479	0.00121	0.12521	0.00275	0.00235	0.00478
144	0.01057	0.77470	0.10401	0.00741	0.01114	0.01538	0.00776	0.01222	0.00828	0.00988	0.00581	0.00672	0.00520	0.00351	0.00273	0.00091	0.00451	0.00225	0.00173	0.00529
145	0.00574	0.00415	0.00542	0.00510	0.00606	0.00383	0.00383	0.00766	0.01148	0.01627	0.82997	0.03031	0.03828	0.00829	0.00479	0.00128	0.00191	0.00734	0.00447	0.00383
146	0.01091	0.57216	0.18396	0.00837	0.01215	0.13138	0.00869	0.01286	0.00877	0.01026	0.00606	0.00704	0.00520	0.00365	0.00300	0.00098	0.00509	0.00240	0.00178	0.00529
147	0.07399	0.01431	0.01164	0.01013	0.03793	0.37783	0.02877	0.30752	0.04826	0.02938	0.00835	0.01843	0.00646	0.00453	0.00381	0.00116	0.00561	0.00326	0.00298	0.00565
148	0.00494	0.00353	0.00471	0.00565	0.00588	0.00330	0.00377	0.00565	0.00777	0.01036	0.02236	0.85477	0.02683	0.01271	0.00518	0.00165	0.00235	0.01153	0.00377	0.00330
149	0.00594	0.00424	0.00585	0.00678	0.00745	0.00415	0.00549	0.00736	0.00875	0.01147	0.02181	0.35142	0.02467	0.01178	0.00544	0.00178	0.00321	0.50510	0.00375	0.00357
150	0.00951	0.01072	0.02300	0.01711	0.05785	0.01018	0.74690	0.01277	0.00945	0.01288	0.00832	0.02385	0.00647	0.00367	0.00498	0.00138	0.02863	0.00481	0.00207	0.00546
151	0.00940	0.01130	0.07204	0.06384	0.04814	0.01012	0.69695	0.01282	0.00942	0.01285	0.00808	0.01076	0.00606	0.00349	0.00466	0.00136	0.00664	0.00457	0.00202	0.00548
152	0.00559	0.00414	0.00521	0.00494	0.00597	0.00376	0.00371	0.00736	0.01112	0.01540	0.70042	0.03174	0.16837	0.00862	0.00479	0.00129	0.00194	0.00754	0.00435	0.00376
153	0.01820	0.00690	0.00942	0.00722	0.01036	0.00596	0.00596	0.01977	0.01161	0.83492	0.01601	0.01381	0.01004	0.00502	0.00408	0.00126	0.00345	0.00408	0.00502	0.00690
154	0.01080	0.84640	0.03434	0.00702	0.01053	0.01595	0.00707	0.01216	0.00825	0.00960	0.00567	0.00654	0.00521	0.00348	0.00262	0.00087	0.00437	0.00218	0.00174	0.00522
155	0.00814	0.02099	0.83640	0.01156	0.01756	0.00942	0.01499	0.01285	0.00857	0.01285	0.00728	0.00857	0.00514	0.00385	0.00385	0.00128	0.00600	0.00300	0.00171	0.00600
156	0.01820	0.00690	0.00942	0.00722	0.01036	0.00596	0.00596	0.01977	0.01161	0.83492	0.01601	0.01381	0.01004	0.00502	0.00408	0.00126	0.00345	0.00408	0.00502	0.00690
157	0.88607	0.00785	0.00596	0.00534	0.00785	0.00910	0.00439	0.01193	0.00690	0.01820	0.00565	0.00659	0.00439	0.00377	0.00251	0.00126	0.00314	0.00220	0.00251	0.00439
158	0.00494	0.00354	0.00470	0.00562	0.00588	0.00330	0.00375	0.00565	0.00780	0.01037	0.02275	0.83776	0.04359	0.01266	0.00517	0.00164	0.00235	0.01147	0.00377	0.00330
159	0.00861	0.19407	0.64599	0.01045	0.01578	0.01063	0.01303	0.01252	0.00848	0.01210	0.00734	0.03030	0.00572	0.00401	0.00363	0.00121	0.00556	0.00305	0.00177	0.00576
160	0.02805	0.00367	0.00478	0.00568	0.00599	0.00348	0.00384	0.00587	0.00778	0.01060	0.02191	0.81569	0.02617	0.01245	0.00512	0.00164	0.00240	0.02783	0.00373	0.00333
161	0.01381	0.01652	0.01105	0.01034	0.03853	0.62514	0.00758	0.02968	0.16192	0.01154	0.00844	0.00939	0.00687	0.02677	0.00421	0.00119	0.00634	0.00311	0.00251	0.00505
162	0.00619	0.00482	0.02783	0.00713	0.00803	0.00446	0.00608	0.00785	0.00894	0.01172	0.02132	0.24217	0.02372	0.01138	0.00545	0.00180	0.00346	0.59026	0.00369	0.00369

[dist]
# distance from previous block
# <min> <max>
12	27

[block]
# block no. 1 follows, 66 sequences, length 7
# corresponding to MSA columns:
# 381-387
name=unknown_B
#
# <colnr> <probs for GDERKNQSTAVLIFYWHMCP>
#	G	D	E	R	K	N	Q	S	T	A	V	L	I	F	Y	W	H	M	C	P
0	0.01280	0.00913	0.03184	0.02923	0.03781	0.03784	0.23986	0.07824	0.08002	0.29680	0.09223	0.01388	0.01116	0.00479	0.00433	0.00129	0.00461	0.00451	0.00363	0.00598
1	0.00834	0.00498	0.00619	0.00560	0.00718	0.00456	0.00438	0.01049	0.05599	0.18208	0.37808	0.02912	0.22587	0.00812	0.00465	0.00133	0.00244	0.05175	0.00435	0.00450
2	0.01255	0.00961	0.01050	0.00816	0.01122	0.01006	0.00663	0.48809	0.10785	0.02115	0.06883	0.01153	0.00958	0.00477	0.00388	0.00110	0.00381	0.00374	0.00372	0.20321
3	0.00894	0.00966	0.01632	0.01236	0.01533	0.06843	0.44512	0.01258	0.11232	0.01270	0.01640	0.01745	0.19197	0.00541	0.00493	0.00136	0.03558	0.00541	0.00269	0.00504
4	0.00814	0.02099	0.83640	0.01156	0.01756	0.00942	0.01499	0.01285	0.00857	0.01285	0.00728	0.00857	0.00514	0.00385	0.00385	0.00128	0.00600	0.00300	0.00171	0.00600
5	0.01151	0.01004	0.02068	0.01488	0.01877	0.00929	0.63514	0.01452	0.01003	0.19759	0.00996	0.01159	0.00703	0.00378	0.00463	0.00134	0.00608	0.00463	0.00272	0.00579
6	0.01181	0.67109	0.01907	0.00773	0.01089	0.20135	0.00714	0.01306	0.00897	0.00963	0.00578	0.00669	0.00521	0.00363	0.00284	0.00091	0.00501	0.00227	0.00182	0.00509

[dist]
# distance from previous block
# <min> <max>
0	2

[block]
# block no. 2 follows, 66 sequences, length 9
# corresponding to MSA columns:
# 390-398
name=unknown_C
#
# <colnr> <probs for GDERKNQSTAVLIFYWHMCP>
#	G	D	E	R	K	N	Q	S	T	A	V	L	I	F	Y	W	H	M	C	P
0	0.00981	0.00790	0.00865	0.00756	0.00965	0.00877	0.00592	0.15781	0.45440	0.01829	0.24406	0.01845	0.01870	0.00618	0.00430	0.00132	0.00307	0.00520	0.00421	0.00578
1	0.00890	0.00871	0.01724	0.01269	0.01595	0.00801	0.52590	0.01150	0.00964	0.07573	0.01806	0.01907	0.23825	0.00547	0.00474	0.00136	0.00523	0.00579	0.00276	0.00501
2	0.00977	0.01062	0.01198	0.61224	0.02361	0.24300	0.01030	0.01201	0.00906	0.01024	0.00695	0.00983	0.00536	0.00409	0.00394	0.00127	0.00594	0.00333	0.00188	0.00456
3	0.00494	0.00353	0.00471	0.00565	0.00588	0.00330	0.00377	0.00565	0.00777	0.01036	0.02236	0.85477	0.02683	0.01271	0.00518	0.00165	0.00235	0.01153	0.00377	0.00330
4	0.01752	0.00706	0.00940	0.00731	0.01037	0.00631	0.00600	0.01992	0.07979	0.76634	0.01605	0.01392	0.01024	0.00506	0.00408	0.00127	0.00343	0.00412	0.00495	0.00686
5	0.00801	0.00757	0.01280	0.72675	0.14612	0.00911	0.01144	0.01067	0.00828	0.01079	0.00727	0.01070	0.00556	0.00399	0.00405	0.00133	0.00532	0.00361	0.00183	0.00479
6	0.00789	0.00573	0.00681	0.00669	0.00777	0.00591	0.00488	0.23424	0.01095	0.01463	0.01881	0.61715	0.02123	0.01051	0.00486	0.00153	0.00295	0.00932	0.00385	0.00431
7	0.00984	0.00838	0.01217	0.61193	0.02362	0.01002	0.01027	0.23763	0.01120	0.01464	0.00792	0.01051	0.00583	0.00429	0.00406	0.00131	0.00514	0.00362	0.00244	0.00518
8	0.00829	0.01073	0.16035	0.01257	0.01585	0.00833	0.44808	0.01097	0.00837	0.01153	0.00933	0.01492	0.00840	0.24364	0.00909	0.00207	0.00588	0.00479	0.00211	0.00472

[dist]
# distance from previous block
# <min> <max>
0	7

# created by:
# /st0/software/busco_prod/Augustus/scripts/msa2prfl.pl ./align_prep/121522.fa
