[name]
unknown

[dist]
# distance from previous block
# <min> <max>
0	42

[block]
# block no. 0 follows, 57 sequences, length 24
# corresponding to MSA columns:
# 76-82,87-89,92-98,116,117,120-124
name=unknown_A
#
# <colnr> <probs for GDERKNQSTAVLIFYWHMCP>
#	G	D	E	R	K	N	Q	S	T	A	V	L	I	F	Y	W	H	M	C	P
0	0.00863	0.00718	0.00856	0.00674	0.00996	0.00564	0.00539	0.01056	0.00971	0.01456	0.05859	0.05858	0.04426	0.00562	0.00401	0.00097	0.00330	0.09372	0.00313	0.64088
1	0.01033	0.04450	0.07796	0.12528	0.30400	0.02869	0.07282	0.02750	0.01021	0.04674	0.05561	0.05079	0.01121	0.05694	0.00607	0.00163	0.02754	0.03354	0.00270	0.00594
2	0.02237	0.00655	0.00884	0.14229	0.12296	0.01860	0.00695	0.01032	0.01005	0.03929	0.10470	0.07614	0.19367	0.00748	0.00502	0.00143	0.03927	0.00631	0.17295	0.00481
3	0.00595	0.00586	0.05515	0.00549	0.00723	0.00450	0.00455	0.00782	0.02841	0.01379	0.20847	0.05843	0.55720	0.01050	0.00528	0.00151	0.00257	0.00887	0.00424	0.00417
4	0.00601	0.00467	0.00674	0.00690	0.00767	0.00441	0.05302	0.00719	0.00917	0.01224	0.09529	0.53949	0.11093	0.03973	0.07193	0.00227	0.00368	0.01081	0.00397	0.00390
5	0.00630	0.00460	0.00579	0.00645	0.00708	0.00439	0.00450	0.05525	0.00978	0.01294	0.05061	0.66974	0.09837	0.01321	0.00567	0.00178	0.00277	0.03256	0.00425	0.00397
6	0.00659	0.00482	0.00585	0.00650	0.05524	0.00465	0.00384	0.00718	0.00807	0.01062	0.06925	0.08666	0.15531	0.52206	0.01626	0.00331	0.00383	0.02334	0.00323	0.00339
7	0.01697	0.01301	0.01330	0.01033	0.01381	0.06363	0.00847	0.72782	0.02046	0.02716	0.01075	0.01088	0.00770	0.00539	0.00447	0.00134	0.00510	0.00401	0.02795	0.00746
8	0.87276	0.00876	0.00666	0.00596	0.00876	0.01017	0.00491	0.01332	0.00771	0.02033	0.00631	0.00736	0.00491	0.00421	0.00280	0.00140	0.00351	0.00245	0.00280	0.00491
9	0.01122	0.01077	0.01839	0.02781	0.81248	0.01077	0.01391	0.01391	0.01032	0.01480	0.00852	0.01122	0.00718	0.00404	0.00449	0.00135	0.00538	0.00404	0.00224	0.00718
10	0.00856	0.00805	0.01359	0.82986	0.03121	0.01007	0.01258	0.01158	0.00906	0.01158	0.00805	0.01208	0.00604	0.00453	0.00453	0.00151	0.00604	0.00403	0.00201	0.00503
11	0.01122	0.01077	0.01839	0.02781	0.81248	0.01077	0.01391	0.01391	0.01032	0.01480	0.00852	0.01122	0.00718	0.00404	0.00449	0.00135	0.00538	0.00404	0.00224	0.00718
12	0.01446	0.01002	0.01065	0.00847	0.01129	0.01096	0.00690	0.54954	0.01759	0.02488	0.01211	0.01277	0.00894	0.00539	0.00410	0.00126	0.00408	0.00412	0.27585	0.00661
13	0.87276	0.00876	0.00666	0.00596	0.00876	0.01017	0.00491	0.01332	0.00771	0.02033	0.00631	0.00736	0.00491	0.00421	0.00280	0.00140	0.00351	0.00245	0.00280	0.00491
14	0.01122	0.01077	0.01839	0.02781	0.81248	0.01077	0.01391	0.01391	0.01032	0.01480	0.00852	0.01122	0.00718	0.00404	0.00449	0.00135	0.00538	0.00404	0.00224	0.00718
15	0.01211	0.84348	0.02374	0.00775	0.01163	0.01793	0.00775	0.01357	0.00921	0.01066	0.00630	0.00727	0.00582	0.00388	0.00291	0.00097	0.00485	0.00242	0.00194	0.00582
16	0.00664	0.00484	0.00655	0.00648	0.00693	0.00542	0.00461	0.00757	0.00699	0.00982	0.01281	0.02239	0.01326	0.36394	0.46743	0.00592	0.03679	0.00554	0.00254	0.00354
17	0.00547	0.00443	0.00486	0.00511	0.00628	0.00382	0.00369	0.00659	0.01006	0.01245	0.08988	0.24863	0.55886	0.01204	0.00547	0.00160	0.00237	0.01033	0.00426	0.00382
18	0.01301	0.00963	0.01040	0.00893	0.01166	0.01076	0.00707	0.16048	0.52438	0.09961	0.01676	0.01569	0.01231	0.00590	0.00448	0.00145	0.00375	0.00481	0.07184	0.00709
19	0.01223	0.36622	0.30887	0.01012	0.01481	0.09146	0.01103	0.03384	0.02487	0.07605	0.00828	0.00909	0.00641	0.00432	0.00373	0.00121	0.00574	0.00306	0.00237	0.00630
20	0.01091	0.00967	0.04470	0.17458	0.19193	0.04959	0.02005	0.02837	0.05625	0.10768	0.03812	0.04031	0.10255	0.00631	0.00572	0.00150	0.08733	0.01546	0.00313	0.00587
21	0.00554	0.00400	0.00525	0.00620	0.00656	0.00371	0.00417	0.00639	0.00889	0.01182	0.05186	0.77204	0.06901	0.01390	0.00575	0.00181	0.00260	0.01256	0.00423	0.00371
22	0.00865	0.00809	0.01368	0.02746	0.12530	0.00857	0.18820	0.01077	0.02973	0.01252	0.01386	0.18505	0.03250	0.11543	0.04874	0.00227	0.13455	0.00668	0.02299	0.00496
23	0.03416	0.07124	0.17044	0.04795	0.19906	0.13037	0.09188	0.04133	0.02935	0.03736	0.01132	0.01350	0.05678	0.00507	0.00462	0.00139	0.02042	0.02501	0.00258	0.00616

[dist]
# distance from previous block
# <min> <max>
4	5

[block]
# block no. 1 follows, 57 sequences, length 22
# corresponding to MSA columns:
# 130-147,151-154
name=unknown_B
#
# <colnr> <probs for GDERKNQSTAVLIFYWHMCP>
#	G	D	E	R	K	N	Q	S	T	A	V	L	I	F	Y	W	H	M	C	P
0	0.02349	0.04690	0.04607	0.17285	0.23320	0.17978	0.04537	0.02763	0.04143	0.01363	0.03928	0.02424	0.00851	0.00489	0.00481	0.00136	0.04095	0.00405	0.01704	0.02454
1	0.01223	0.00718	0.00796	0.00670	0.00884	0.00738	0.00533	0.22668	0.03088	0.12867	0.09414	0.01751	0.03686	0.00596	0.00404	0.00125	0.00317	0.00480	0.38471	0.00571
2	0.02232	0.00961	0.11994	0.03565	0.01270	0.00790	0.09612	0.03432	0.14826	0.10716	0.24965	0.02068	0.04645	0.00652	0.00476	0.00143	0.00404	0.00574	0.06093	0.00580
3	0.00578	0.00472	0.00514	0.00517	0.00658	0.00414	0.00394	0.00738	0.02783	0.01335	0.15951	0.07289	0.59415	0.01120	0.00541	0.00156	0.00244	0.06049	0.00433	0.00398
4	0.00565	0.00451	0.00505	0.00511	0.00635	0.00392	0.00376	0.00699	0.01073	0.01365	0.23619	0.15107	0.50847	0.01129	0.00541	0.00155	0.00230	0.00968	0.00440	0.00392
5	0.00982	0.00935	0.01580	0.43722	0.38911	0.01050	0.01311	0.01263	0.00957	0.01304	0.00821	0.01162	0.00656	0.00441	0.00482	0.00145	0.03063	0.00403	0.00212	0.00602
6	0.00542	0.00436	0.00483	0.00521	0.00628	0.00377	0.00372	0.00643	0.00973	0.01200	0.03832	0.33148	0.52767	0.01246	0.00551	0.00164	0.00242	0.01077	0.00421	0.00377
7	0.01723	0.01269	0.01360	0.01043	0.01405	0.01405	0.00861	0.79738	0.02131	0.02856	0.01088	0.01088	0.00771	0.00544	0.00453	0.00136	0.00499	0.00408	0.00453	0.00771
8	0.42544	0.01180	0.17526	0.02051	0.02396	0.00970	0.03676	0.03248	0.00966	0.18755	0.00939	0.00994	0.00662	0.00460	0.00387	0.00142	0.01853	0.00329	0.00320	0.00601
9	0.00940	0.00805	0.00940	0.00671	0.01074	0.00604	0.00537	0.01141	0.00940	0.01477	0.00805	0.00940	0.00671	0.00336	0.00336	0.00067	0.00336	0.00268	0.00268	0.86845
10	0.00538	0.00450	0.00468	0.00483	0.00618	0.00381	0.00355	0.00648	0.01010	0.01215	0.04300	0.15372	0.70241	0.01185	0.00541	0.00157	0.00234	0.01002	0.00421	0.00381
11	0.01122	0.01077	0.01839	0.02781	0.81248	0.01077	0.01391	0.01391	0.01032	0.01480	0.00852	0.01122	0.00718	0.00404	0.00449	0.00135	0.00538	0.00404	0.00224	0.00718
12	0.01236	0.02625	0.02826	0.09338	0.06557	0.01115	0.06251	0.32605	0.10436	0.01992	0.03729	0.06162	0.04179	0.02523	0.00546	0.00152	0.03588	0.00513	0.02989	0.00637
13	0.00947	0.01062	0.10348	0.01184	0.04347	0.01156	0.04099	0.03705	0.00820	0.01228	0.00887	0.07911	0.00867	0.02110	0.06837	0.00223	0.49435	0.00479	0.01835	0.00516
14	0.00760	0.00426	0.00619	0.00614	0.00624	0.00447	0.00419	0.00639	0.00618	0.00839	0.00907	0.01590	0.00920	0.10648	0.12341	0.64052	0.02652	0.00434	0.00211	0.00240
15	0.01981	0.00806	0.01067	0.00823	0.01171	0.00723	0.00678	0.06359	0.04418	0.74259	0.01752	0.01524	0.01113	0.00562	0.00456	0.00141	0.00391	0.00455	0.00551	0.00769
16	0.01089	0.06076	0.14085	0.09588	0.47244	0.04269	0.06536	0.01417	0.02798	0.01413	0.00850	0.01089	0.00685	0.00417	0.00442	0.00136	0.00583	0.00391	0.00221	0.00668
17	0.01187	0.01314	0.17603	0.04790	0.15107	0.05019	0.01048	0.18688	0.14270	0.04161	0.04033	0.04643	0.04972	0.00578	0.00459	0.00143	0.00502	0.00480	0.00343	0.00663
18	0.01024	0.01004	0.02573	0.04861	0.23097	0.11264	0.02277	0.04121	0.01007	0.02569	0.01327	0.22608	0.01379	0.01859	0.00666	0.00163	0.12791	0.04574	0.00295	0.00540
19	0.26755	0.07184	0.02513	0.03393	0.01346	0.42595	0.05379	0.03529	0.01101	0.01448	0.00702	0.00831	0.00567	0.00444	0.00373	0.00126	0.00638	0.00296	0.00248	0.00532
20	0.00555	0.00397	0.00529	0.00629	0.00658	0.00370	0.00421	0.00640	0.00883	0.01182	0.05495	0.80710	0.03046	0.01401	0.00577	0.00182	0.00261	0.01270	0.00424	0.00370
21	0.01387	0.47908	0.01945	0.00982	0.03270	0.20128	0.03217	0.09740	0.03209	0.03336	0.00769	0.00856	0.00643	0.00433	0.00355	0.00111	0.00566	0.00296	0.00248	0.00601

[dist]
# distance from previous block
# <min> <max>
0	3

[block]
# block no. 2 follows, 57 sequences, length 41
# corresponding to MSA columns:
# 158-172,176-191,197-206
name=unknown_C
#
# <colnr> <probs for GDERKNQSTAVLIFYWHMCP>
#	G	D	E	R	K	N	Q	S	T	A	V	L	I	F	Y	W	H	M	C	P
0	0.00655	0.00441	0.00560	0.00601	0.00667	0.00414	0.00415	0.00748	0.00902	0.05233	0.07736	0.45312	0.13177	0.13623	0.06030	0.00248	0.00350	0.02104	0.00400	0.00384
1	0.03031	0.26608	0.11108	0.01250	0.11943	0.20033	0.03075	0.06455	0.04092	0.05502	0.00838	0.00946	0.00670	0.00449	0.00411	0.00123	0.02261	0.00328	0.00255	0.00621
2	0.02269	0.08704	0.34874	0.01394	0.09055	0.01051	0.17229	0.01445	0.03120	0.07473	0.03085	0.06336	0.00920	0.00504	0.00454	0.00143	0.00589	0.00459	0.00261	0.00636
3	0.00559	0.00399	0.00534	0.00639	0.00668	0.00374	0.00432	0.00643	0.00874	0.01164	0.02494	0.80809	0.02982	0.01413	0.00580	0.00185	0.00269	0.04192	0.00421	0.00370
4	0.00613	0.00436	0.00588	0.00687	0.00736	0.00419	0.00509	0.00728	0.00911	0.01204	0.02413	0.55325	0.02808	0.05550	0.00681	0.00205	0.00320	0.25077	0.00412	0.00379
5	0.36936	0.04083	0.01054	0.00820	0.01134	0.02764	0.00676	0.32765	0.06651	0.05916	0.00965	0.00997	0.00709	0.00491	0.00373	0.00137	0.00423	0.00342	0.02130	0.00633
6	0.01311	0.53355	0.06805	0.00874	0.01252	0.02919	0.00839	0.13114	0.06726	0.05837	0.00859	0.00914	0.00696	0.00449	0.00373	0.00115	0.02350	0.00308	0.00272	0.00632
7	0.57142	0.01017	0.03025	0.02727	0.05035	0.04145	0.00659	0.11801	0.05383	0.02014	0.00829	0.03006	0.00661	0.00475	0.00342	0.00141	0.00410	0.00324	0.00308	0.00555
8	0.03711	0.03011	0.34378	0.01206	0.09174	0.03078	0.04323	0.02912	0.01984	0.04513	0.00894	0.02572	0.00699	0.00427	0.00406	0.00120	0.00530	0.00351	0.00249	0.25460
9	0.00694	0.00560	0.00729	0.00733	0.00814	0.04586	0.00560	0.00840	0.00769	0.01061	0.01321	0.08145	0.01304	0.06994	0.66396	0.00632	0.01067	0.02131	0.00261	0.00402
10	0.01122	0.01077	0.01839	0.02781	0.81248	0.01077	0.01391	0.01391	0.01032	0.01480	0.00852	0.01122	0.00718	0.00404	0.00449	0.00135	0.00538	0.00404	0.00224	0.00718
11	0.00909	0.02344	0.81727	0.01292	0.01961	0.01052	0.01674	0.01435	0.00957	0.01435	0.00813	0.00957	0.00574	0.00431	0.00431	0.00144	0.00670	0.00335	0.00191	0.00670
12	0.01117	0.01188	0.06854	0.06492	0.28798	0.09826	0.16709	0.02520	0.04034	0.04850	0.01204	0.07734	0.04018	0.00589	0.01922	0.00154	0.00591	0.00511	0.00273	0.00617
13	0.00706	0.00567	0.00815	0.00780	0.00841	0.00689	0.00608	0.00847	0.00744	0.01082	0.05074	0.01823	0.01239	0.09478	0.57909	0.00585	0.15050	0.00501	0.00250	0.00411
14	0.00856	0.00805	0.01359	0.82986	0.03121	0.01007	0.01258	0.01158	0.00906	0.01158	0.00805	0.01208	0.00604	0.00453	0.00453	0.00151	0.00604	0.00403	0.00201	0.00503
15	0.02365	0.00740	0.01180	0.09743	0.27083	0.00738	0.04770	0.01101	0.00970	0.07116	0.01737	0.29246	0.06965	0.02257	0.01765	0.00170	0.00437	0.00752	0.00328	0.00538
16	0.01162	0.26947	0.35734	0.01232	0.07550	0.04135	0.05500	0.04798	0.01042	0.06714	0.00839	0.00953	0.00638	0.00428	0.00397	0.00128	0.00588	0.00332	0.00234	0.00649
17	0.00726	0.00518	0.00725	0.00830	0.00932	0.00518	0.00723	0.00931	0.01039	0.01351	0.02402	0.07028	0.02617	0.01256	0.00625	0.00208	0.00413	0.76325	0.00417	0.00416
18	0.00717	0.00513	0.00558	0.00532	0.00699	0.00454	0.00404	0.00910	0.05597	0.08506	0.09509	0.07720	0.58811	0.01052	0.00523	0.00152	0.00251	0.00884	0.01769	0.00440
19	0.01021	0.04186	0.17976	0.03476	0.36227	0.03471	0.05069	0.01350	0.03604	0.02797	0.07139	0.03635	0.05373	0.00534	0.00478	0.00141	0.02148	0.00476	0.00266	0.00635
20	0.00783	0.00395	0.00587	0.00587	0.00587	0.00395	0.00390	0.00593	0.00593	0.00790	0.00808	0.01430	0.00816	0.04325	0.01789	0.83936	0.00395	0.00402	0.00199	0.00199
21	0.27115	0.01153	0.01154	0.00910	0.01248	0.01290	0.00751	0.56466	0.01727	0.02612	0.00952	0.00983	0.00688	0.00507	0.00402	0.00137	0.00455	0.00360	0.00402	0.00688
22	0.00999	0.26701	0.58157	0.01138	0.01724	0.01272	0.01407	0.01412	0.00946	0.01325	0.00759	0.00888	0.00576	0.00418	0.00389	0.00130	0.00615	0.00307	0.00192	0.00643
23	0.04665	0.14856	0.25344	0.01198	0.05907	0.07655	0.06013	0.17324	0.01233	0.04859	0.00946	0.01182	0.00750	0.00496	0.00440	0.00136	0.01865	0.04203	0.00282	0.00645
24	0.00724	0.00664	0.04552	0.04176	0.09097	0.00586	0.02430	0.00952	0.02451	0.01431	0.18894	0.06463	0.22226	0.00979	0.00544	0.00165	0.00360	0.22448	0.00393	0.00464
25	0.00856	0.00805	0.01359	0.82986	0.03121	0.01007	0.01258	0.01158	0.00906	0.01158	0.00805	0.01208	0.00604	0.00453	0.00453	0.00151	0.00604	0.00403	0.00201	0.00503
26	0.04629	0.04914	0.05244	0.06097	0.17529	0.14331	0.04657	0.08777	0.01187	0.17589	0.02430	0.05718	0.00965	0.03337	0.00505	0.00147	0.00538	0.00449	0.00330	0.00629
27	0.04057	0.01388	0.20294	0.10145	0.39313	0.04650	0.06330	0.01454	0.05347	0.01461	0.00883	0.01103	0.00694	0.00428	0.00443	0.00140	0.00586	0.00391	0.00230	0.00662
28	0.01217	0.75395	0.07049	0.00825	0.01222	0.05730	0.00834	0.01384	0.00941	0.01090	0.00644	0.00745	0.00581	0.00394	0.00305	0.00101	0.00512	0.00250	0.00196	0.00584
29	0.00877	0.00698	0.00856	0.00756	0.00936	0.03477	0.00593	0.08042	0.00933	0.02611	0.01158	0.01565	0.02335	0.05225	0.45121	0.00457	0.03422	0.00436	0.01778	0.18722
30	0.87276	0.00876	0.00666	0.00596	0.00876	0.01017	0.00491	0.01332	0.00771	0.02033	0.00631	0.00736	0.00491	0.00421	0.00280	0.00140	0.00351	0.00245	0.00280	0.00491
31	0.00674	0.00467	0.00640	0.00638	0.00716	0.00512	0.00480	0.00816	0.00794	0.01166	0.06332	0.02086	0.04920	0.10708	0.52003	0.03425	0.00870	0.00533	0.11834	0.00388
32	0.00659	0.00439	0.00494	0.00494	0.00494	0.00439	0.00275	0.00659	0.00659	0.00879	0.01428	0.02965	0.01647	0.84075	0.02306	0.00439	0.00439	0.00659	0.00275	0.00275
33	0.00834	0.00424	0.00424	0.00424	0.00531	0.00421	0.00318	0.01042	0.00953	0.01673	0.01586	0.01782	0.03934	0.00549	0.00324	0.00107	0.00212	0.00441	0.83600	0.00421
34	0.00951	0.01020	0.07239	0.56559	0.16608	0.02962	0.04202	0.02777	0.00971	0.01277	0.00821	0.01164	0.00628	0.00442	0.00453	0.00147	0.00606	0.00400	0.00211	0.00563
35	0.01634	0.02305	0.02710	0.00876	0.03797	0.00737	0.02114	0.05304	0.05867	0.51817	0.05483	0.01846	0.07632	0.00619	0.00463	0.00140	0.00387	0.02086	0.00492	0.03691
36	0.01971	0.00810	0.01068	0.00825	0.01172	0.00731	0.00680	0.06642	0.05260	0.73130	0.01751	0.01524	0.01115	0.00563	0.00456	0.00141	0.00391	0.00456	0.00550	0.00768
37	0.00725	0.00519	0.00563	0.00555	0.00697	0.00499	0.00428	0.03570	0.07127	0.01507	0.09848	0.06893	0.35142	0.00933	0.00482	0.00146	0.00260	0.07604	0.22063	0.00437
38	0.01137	0.20932	0.22239	0.02752	0.05901	0.07884	0.17714	0.02991	0.02788	0.04892	0.00959	0.06069	0.00803	0.00485	0.00431	0.00134	0.00603	0.00426	0.00247	0.00613
39	0.02478	0.03005	0.09855	0.01174	0.12488	0.06238	0.00919	0.03345	0.02638	0.01405	0.01801	0.06271	0.04502	0.00911	0.00560	0.00175	0.02641	0.38739	0.00341	0.00515
40	0.02953	0.00646	0.00852	0.00738	0.00944	0.00641	0.00583	0.05281	0.02619	0.32766	0.02960	0.03355	0.05666	0.06634	0.29534	0.00367	0.00670	0.00521	0.01704	0.00565

[dist]
# distance from previous block
# <min> <max>
2	8

[block]
# block no. 3 follows, 57 sequences, length 22
# corresponding to MSA columns:
# 215,219-224,235-249
name=unknown_D
#
# <colnr> <probs for GDERKNQSTAVLIFYWHMCP>
#	G	D	E	R	K	N	Q	S	T	A	V	L	I	F	Y	W	H	M	C	P
0	0.01043	0.05826	0.16703	0.03446	0.06262	0.00871	0.00871	0.08554	0.01058	0.02841	0.00853	0.01010	0.00682	0.01891	0.00410	0.00104	0.00447	0.00315	0.00267	0.46544
1	0.00586	0.00469	0.00528	0.00522	0.00650	0.00423	0.00387	0.00746	0.02714	0.01351	0.22239	0.07335	0.49370	0.04386	0.06082	0.00201	0.00304	0.00886	0.00423	0.00397
2	0.00753	0.00409	0.00567	0.00563	0.00597	0.00399	0.00387	0.00661	0.00735	0.01010	0.10139	0.01894	0.08443	0.01384	0.01411	0.62751	0.00345	0.00494	0.06801	0.00256
3	0.00541	0.00457	0.00468	0.00470	0.00617	0.00384	0.00351	0.00660	0.01040	0.01251	0.08313	0.06819	0.74793	0.01145	0.00537	0.00153	0.00230	0.00960	0.00425	0.00384
4	0.00627	0.00463	0.00585	0.00555	0.00668	0.00421	0.00416	0.00827	0.01248	0.01735	0.70468	0.03519	0.14868	0.00957	0.00535	0.00144	0.00216	0.00838	0.00488	0.00421
5	0.01702	0.01259	0.01349	0.01039	0.01398	0.01396	0.00856	0.77114	0.04787	0.02823	0.01114	0.01108	0.00791	0.00546	0.00454	0.00137	0.00494	0.00412	0.00454	0.00769
6	0.01211	0.84348	0.02374	0.00775	0.01163	0.01793	0.00775	0.01357	0.00921	0.01066	0.00630	0.00727	0.00582	0.00388	0.00291	0.00097	0.00485	0.00242	0.00194	0.00582
7	0.00898	0.00554	0.00661	0.00603	0.00783	0.00501	0.00468	0.01129	0.06229	0.16860	0.25550	0.05170	0.34493	0.00947	0.00519	0.00150	0.00270	0.03252	0.00472	0.00492
8	0.00856	0.00805	0.01359	0.82986	0.03121	0.01007	0.01258	0.01158	0.00906	0.01158	0.00805	0.01208	0.00604	0.00453	0.00453	0.00151	0.00604	0.00403	0.00201	0.00503
9	0.00856	0.00805	0.01359	0.82986	0.03121	0.01007	0.01258	0.01158	0.00906	0.01158	0.00805	0.01208	0.00604	0.00453	0.00453	0.00151	0.00604	0.00403	0.00201	0.00503
10	0.01083	0.01040	0.01797	0.08055	0.68245	0.01050	0.05302	0.01357	0.01026	0.01451	0.00925	0.01319	0.00797	0.00446	0.00462	0.00140	0.00549	0.04042	0.00232	0.00684
11	0.01281	0.01149	0.01105	0.00968	0.01238	0.10062	0.00757	0.14259	0.59689	0.01957	0.01602	0.01502	0.01201	0.00588	0.00454	0.00147	0.00430	0.00472	0.00435	0.00704
12	0.01211	0.84348	0.02374	0.00775	0.01163	0.01793	0.00775	0.01357	0.00921	0.01066	0.00630	0.00727	0.00582	0.00388	0.00291	0.00097	0.00485	0.00242	0.00194	0.00582
13	0.00557	0.00447	0.00498	0.00520	0.00638	0.00388	0.00381	0.00677	0.01025	0.01280	0.12754	0.21851	0.52882	0.01186	0.00547	0.00160	0.00240	0.03153	0.00430	0.00385
14	0.01106	0.01216	0.09015	0.17122	0.34608	0.04872	0.15474	0.04252	0.01055	0.02983	0.00863	0.01130	0.00678	0.00435	0.00495	0.00143	0.03264	0.00417	0.00232	0.00641
15	0.00759	0.00409	0.00599	0.00599	0.00609	0.00419	0.00405	0.00623	0.00613	0.00828	0.00895	0.01564	0.00904	0.08918	0.11826	0.68661	0.00499	0.00428	0.00209	0.00229
16	0.00659	0.00439	0.00494	0.00494	0.00494	0.00439	0.00275	0.00659	0.00659	0.00879	0.01428	0.02965	0.01647	0.84075	0.02306	0.00439	0.00439	0.00659	0.00275	0.00275
17	0.01014	0.02292	0.01447	0.27610	0.26036	0.03781	0.05105	0.03802	0.06276	0.02831	0.03126	0.06288	0.03024	0.00607	0.01966	0.00158	0.02184	0.01594	0.00272	0.00587
18	0.01064	0.06613	0.54991	0.02800	0.05854	0.05575	0.07417	0.05883	0.01059	0.03399	0.00845	0.00991	0.00616	0.00435	0.00433	0.00139	0.00650	0.00354	0.00222	0.00660
19	0.01361	0.01505	0.02890	0.01080	0.01312	0.37682	0.04640	0.02832	0.22352	0.03528	0.02391	0.01216	0.00919	0.00636	0.03114	0.00156	0.07907	0.00398	0.03499	0.00582
20	0.03859	0.00486	0.00657	0.00654	0.00723	0.00546	0.00482	0.00798	0.00719	0.01064	0.01255	0.02039	0.01241	0.23667	0.56364	0.00614	0.00954	0.00519	0.02983	0.00375
21	0.52359	0.04160	0.03233	0.02260	0.08590	0.02736	0.03155	0.03486	0.00881	0.03060	0.00770	0.01006	0.00639	0.03540	0.00444	0.00149	0.03040	0.01745	0.00274	0.04476

[dist]
# distance from previous block
# <min> <max>
1	4

[block]
# block no. 4 follows, 57 sequences, length 19
# corresponding to MSA columns:
# 254-272
name=unknown_E
#
# <colnr> <probs for GDERKNQSTAVLIFYWHMCP>
#	G	D	E	R	K	N	Q	S	T	A	V	L	I	F	Y	W	H	M	C	P
0	0.00679	0.00457	0.00519	0.00516	0.00631	0.00427	0.00385	0.00878	0.02801	0.01564	0.28146	0.09602	0.23152	0.00907	0.00475	0.00139	0.00228	0.02353	0.25725	0.00416
1	0.01003	0.00931	0.01540	0.19606	0.46509	0.00981	0.03143	0.03471	0.01029	0.01434	0.04582	0.06039	0.03033	0.00529	0.00487	0.00143	0.02477	0.00490	0.01956	0.00618
2	0.01079	0.00922	0.00958	0.00908	0.03127	0.05094	0.00677	0.04849	0.52878	0.03222	0.01926	0.13506	0.04776	0.00733	0.00473	0.00153	0.00369	0.00620	0.03090	0.00638
3	0.00582	0.00457	0.00538	0.00536	0.00655	0.00413	0.00399	0.00730	0.01071	0.01395	0.29005	0.11314	0.41359	0.01306	0.07989	0.00205	0.00317	0.00900	0.00430	0.00398
4	0.00869	0.00810	0.01346	0.74755	0.05184	0.01008	0.01223	0.01158	0.00902	0.01180	0.00818	0.01211	0.00623	0.00468	0.00493	0.00151	0.04141	0.00403	0.02750	0.00507
5	0.00552	0.00451	0.00487	0.00496	0.00626	0.00387	0.00365	0.00675	0.01044	0.01293	0.14317	0.14529	0.60898	0.01154	0.00541	0.00156	0.00232	0.00981	0.00431	0.00387
6	0.00977	0.02140	0.09006	0.02321	0.04486	0.02683	0.01773	0.09804	0.19965	0.02715	0.21782	0.03447	0.08283	0.03205	0.00557	0.00157	0.01596	0.04126	0.00403	0.00573
7	0.01552	0.00779	0.00921	0.00744	0.01016	0.00771	0.00602	0.17849	0.05983	0.36191	0.01552	0.01502	0.01077	0.00550	0.00413	0.00130	0.00354	0.00439	0.26916	0.00661
8	0.02625	0.47745	0.04566	0.06453	0.05060	0.05759	0.00860	0.12694	0.01119	0.01413	0.00742	0.00859	0.00622	0.00417	0.00347	0.00109	0.00507	0.00292	0.00243	0.07568
9	0.00950	0.29783	0.26979	0.00990	0.03702	0.01134	0.03540	0.01218	0.00937	0.01258	0.01198	0.15057	0.04381	0.00605	0.00410	0.00130	0.00495	0.00495	0.00248	0.06490
10	0.02277	0.13738	0.28815	0.02347	0.03836	0.01082	0.08649	0.07851	0.04453	0.02612	0.11077	0.03723	0.01198	0.00534	0.00454	0.00136	0.02001	0.00447	0.01504	0.03267
11	0.00734	0.00587	0.00673	0.00633	0.00785	0.00588	0.00479	0.01185	0.20776	0.01680	0.41412	0.05320	0.21568	0.00914	0.00518	0.00149	0.00255	0.00788	0.00469	0.00487
12	0.00838	0.00772	0.01280	0.75468	0.02882	0.00955	0.01169	0.01112	0.00884	0.01132	0.00862	0.01368	0.00699	0.08074	0.00622	0.00177	0.00589	0.00426	0.00208	0.00483
13	0.01092	0.01121	0.07684	0.11536	0.29974	0.03175	0.12532	0.07316	0.04219	0.04089	0.03964	0.01484	0.07037	0.00517	0.00491	0.00143	0.02233	0.00477	0.00281	0.00633
14	0.03001	0.04647	0.15963	0.04523	0.23483	0.10356	0.14506	0.05774	0.01122	0.09211	0.00960	0.02725	0.00745	0.00456	0.00450	0.00138	0.00606	0.00414	0.00268	0.00653
15	0.00932	0.00929	0.01352	0.75529	0.02964	0.08412	0.01224	0.01217	0.00941	0.01153	0.00796	0.01172	0.00602	0.00454	0.00449	0.00148	0.00623	0.00393	0.00204	0.00505
16	0.87276	0.00876	0.00666	0.00596	0.00876	0.01017	0.00491	0.01332	0.00771	0.02033	0.00631	0.00736	0.00491	0.00421	0.00280	0.00140	0.00351	0.00245	0.00280	0.00491
17	0.00787	0.00482	0.00783	0.00714	0.00763	0.00483	0.07617	0.00696	0.00653	0.00881	0.00902	0.01558	0.00895	0.09819	0.09106	0.62440	0.00507	0.00441	0.00212	0.00261
18	0.00933	0.02091	0.02252	0.01103	0.12237	0.13258	0.06359	0.01207	0.07107	0.01453	0.21532	0.04751	0.19357	0.00769	0.00518	0.00144	0.02392	0.01662	0.00361	0.00514

[dist]
# distance from previous block
# <min> <max>
0	67

[block]
# block no. 5 follows, 57 sequences, length 17
# corresponding to MSA columns:
# 341-357
name=unknown_F
#
# <colnr> <probs for GDERKNQSTAVLIFYWHMCP>
#	G	D	E	R	K	N	Q	S	T	A	V	L	I	F	Y	W	H	M	C	P
0	0.00682	0.00467	0.00547	0.00531	0.00570	0.00464	0.00328	0.00723	0.00697	0.00970	0.01366	0.02644	0.01505	0.65650	0.11911	0.00438	0.00519	0.00604	0.03818	0.05568
1	0.01060	0.01007	0.06518	0.01053	0.02804	0.00978	0.12723	0.08250	0.35719	0.03303	0.15441	0.01893	0.04350	0.00627	0.00482	0.00148	0.00424	0.00559	0.02026	0.00636
2	0.01135	0.07078	0.09315	0.03685	0.09738	0.04226	0.07751	0.06207	0.05691	0.09121	0.05187	0.03655	0.04295	0.00512	0.00428	0.00123	0.00470	0.00440	0.00316	0.20627
3	0.82035	0.05959	0.00770	0.00607	0.00894	0.01064	0.00508	0.01334	0.00780	0.01974	0.00631	0.00736	0.00496	0.00419	0.00281	0.00138	0.00359	0.00245	0.00275	0.00496
4	0.00580	0.00461	0.00521	0.00506	0.00640	0.00402	0.00380	0.00737	0.01139	0.01475	0.36986	0.03947	0.48513	0.01054	0.00535	0.00149	0.00223	0.00898	0.00454	0.00402
5	0.01211	0.84348	0.02374	0.00775	0.01163	0.01793	0.00775	0.01357	0.00921	0.01066	0.00630	0.00727	0.00582	0.00388	0.00291	0.00097	0.00485	0.00242	0.00194	0.00582
6	0.01255	0.76987	0.02277	0.00810	0.01184	0.08999	0.00784	0.01397	0.00953	0.01070	0.00636	0.00735	0.00582	0.00395	0.00301	0.00099	0.00514	0.00247	0.00197	0.00576
7	0.01324	0.00858	0.04287	0.00864	0.04223	0.00800	0.00684	0.19611	0.05133	0.23760	0.21762	0.02092	0.07267	0.02225	0.00510	0.00146	0.00370	0.00569	0.02883	0.00630
8	0.01053	0.01716	0.47012	0.01214	0.04175	0.00966	0.06944	0.02861	0.07909	0.09527	0.01220	0.01342	0.04534	0.00501	0.00447	0.00142	0.00569	0.01873	0.00279	0.05717
9	0.05487	0.01128	0.01188	0.00972	0.01286	0.01271	0.00784	0.43902	0.34629	0.02418	0.01381	0.01322	0.01012	0.00568	0.00448	0.00144	0.00433	0.00444	0.00448	0.00735
10	0.00909	0.02344	0.81727	0.01292	0.01961	0.01052	0.01674	0.01435	0.00957	0.01435	0.00813	0.00957	0.00574	0.00431	0.00431	0.00144	0.00670	0.00335	0.00191	0.00670
11	0.00845	0.00422	0.00422	0.00422	0.00528	0.00422	0.00317	0.01056	0.00950	0.01689	0.01478	0.01689	0.01161	0.00528	0.00317	0.00106	0.00211	0.00422	0.86591	0.00422
12	0.13674	0.66883	0.02056	0.00775	0.01137	0.06975	0.00741	0.01383	0.00923	0.01209	0.00635	0.00734	0.00569	0.00398	0.00297	0.00104	0.00487	0.00246	0.00209	0.00565
13	0.00552	0.00394	0.00526	0.00631	0.00657	0.00368	0.00421	0.00631	0.00868	0.01157	0.02498	0.83779	0.02997	0.01420	0.00578	0.00184	0.00263	0.01288	0.00421	0.00368
14	0.01211	0.84348	0.02374	0.00775	0.01163	0.01793	0.00775	0.01357	0.00921	0.01066	0.00630	0.00727	0.00582	0.00388	0.00291	0.00097	0.00485	0.00242	0.00194	0.00582
15	0.04244	0.68024	0.02146	0.00816	0.01186	0.05024	0.02353	0.05842	0.01010	0.02759	0.00707	0.00800	0.00616	0.00408	0.00313	0.00104	0.00492	0.00268	0.02302	0.00587
16	0.00671	0.00499	0.00684	0.05643	0.00848	0.00530	0.00511	0.00803	0.00914	0.01262	0.24645	0.05305	0.08032	0.13913	0.23661	0.05744	0.03374	0.02241	0.00337	0.00386

[dist]
# distance from previous block
# <min> <max>
0	1

[block]
# block no. 6 follows, 57 sequences, length 11
# corresponding to MSA columns:
# 359-369
name=unknown_G
#
# <colnr> <probs for GDERKNQSTAVLIFYWHMCP>
#	G	D	E	R	K	N	Q	S	T	A	V	L	I	F	Y	W	H	M	C	P
0	0.01223	0.15152	0.09159	0.01063	0.03141	0.19797	0.05694	0.08142	0.10006	0.03211	0.04640	0.09203	0.01120	0.00663	0.02364	0.00150	0.03914	0.00472	0.00302	0.00582
1	0.09818	0.20572	0.12335	0.01072	0.06587	0.06500	0.04053	0.15208	0.06092	0.02708	0.01008	0.03793	0.02087	0.00595	0.03208	0.00149	0.00535	0.00385	0.00290	0.03004
2	0.00772	0.00399	0.00579	0.00579	0.00579	0.00399	0.00380	0.00598	0.00598	0.00798	0.00863	0.01565	0.00889	0.11301	0.01834	0.76632	0.00399	0.00425	0.00206	0.00206
3	0.01283	0.72302	0.02219	0.00827	0.01198	0.09710	0.00789	0.05119	0.01014	0.01155	0.00659	0.00753	0.00591	0.00403	0.00310	0.00101	0.00518	0.00255	0.00210	0.00585
4	0.00655	0.00475	0.00654	0.00749	0.04552	0.00472	0.00503	0.00729	0.00883	0.01190	0.09604	0.44824	0.06326	0.04838	0.00838	0.11299	0.04065	0.06597	0.00373	0.00375
5	0.00830	0.03214	0.08827	0.01014	0.09926	0.02338	0.04468	0.04184	0.04941	0.01553	0.26807	0.11263	0.13442	0.00829	0.00527	0.00149	0.02266	0.02528	0.00380	0.00514
6	0.00583	0.00451	0.00529	0.00541	0.00650	0.00402	0.00398	0.00723	0.01070	0.01392	0.27931	0.18127	0.37511	0.03715	0.00602	0.00166	0.00245	0.04133	0.00440	0.00392
7	0.01186	0.05638	0.12380	0.01119	0.05293	0.11552	0.10262	0.03232	0.14160	0.10292	0.05208	0.03999	0.05197	0.00607	0.01688	0.00146	0.00522	0.00482	0.02720	0.04315
8	0.01693	0.02160	0.01284	0.01167	0.01401	0.82256	0.00876	0.01809	0.01284	0.01109	0.00700	0.00817	0.00584	0.00467	0.00409	0.00117	0.00817	0.00292	0.00233	0.00525
9	0.07116	0.16926	0.09237	0.01047	0.01366	0.46359	0.00899	0.05710	0.01197	0.05150	0.00766	0.00858	0.00612	0.00454	0.00386	0.00119	0.00675	0.00298	0.00252	0.00572
10	0.29284	0.12977	0.07428	0.05719	0.04346	0.11876	0.00796	0.07951	0.02640	0.03114	0.00869	0.04676	0.00733	0.00560	0.02191	0.00147	0.01949	0.00355	0.01834	0.00556

[dist]
# distance from previous block
# <min> <max>
3	5

[block]
# block no. 7 follows, 57 sequences, length 11
# corresponding to MSA columns:
# 376-386
name=unknown_H
#
# <colnr> <probs for GDERKNQSTAVLIFYWHMCP>
#	G	D	E	R	K	N	Q	S	T	A	V	L	I	F	Y	W	H	M	C	P
0	0.04107	0.21519	0.45191	0.01191	0.03677	0.03912	0.06350	0.01387	0.00951	0.01341	0.00821	0.03853	0.00671	0.00462	0.00432	0.00135	0.02812	0.00358	0.00208	0.00620
1	0.04671	0.12719	0.17787	0.04108	0.03402	0.06997	0.03799	0.02931	0.04496	0.08475	0.05966	0.06986	0.03262	0.02461	0.03573	0.00165	0.02557	0.00471	0.01678	0.03497
2	0.07752	0.00728	0.00928	0.00821	0.02997	0.02739	0.08881	0.06412	0.02355	0.08467	0.06583	0.10578	0.26712	0.05769	0.00623	0.00167	0.02618	0.00709	0.03670	0.00492
3	0.00582	0.00451	0.00535	0.00578	0.00673	0.00411	0.00417	0.00732	0.03339	0.01287	0.11845	0.37613	0.33249	0.01228	0.00556	0.00168	0.00256	0.05257	0.00430	0.00393
4	0.04075	0.16660	0.14766	0.03379	0.10673	0.10282	0.14185	0.06504	0.01095	0.05781	0.00917	0.02878	0.00733	0.00462	0.00435	0.00132	0.01898	0.00390	0.04141	0.00614
5	0.01116	0.01186	0.11317	0.09185	0.11210	0.06119	0.14407	0.12133	0.03848	0.05151	0.04180	0.06945	0.06091	0.00609	0.00503	0.00148	0.02188	0.02747	0.00314	0.00603
6	0.00576	0.00455	0.00517	0.00550	0.00655	0.00409	0.00398	0.00716	0.03114	0.01248	0.07996	0.29140	0.43487	0.04373	0.00619	0.00176	0.00259	0.04506	0.00421	0.00387
7	0.00667	0.00576	0.03062	0.02762	0.06012	0.00517	0.00546	0.02409	0.03028	0.01322	0.11445	0.28147	0.24982	0.05868	0.02975	0.00195	0.00337	0.04329	0.00393	0.00429
8	0.06753	0.23317	0.10596	0.04797	0.07483	0.15688	0.08276	0.05333	0.05859	0.03665	0.00976	0.01087	0.03383	0.00464	0.00399	0.00127	0.00573	0.00363	0.00259	0.00601
9	0.00788	0.05459	0.00906	0.02407	0.08149	0.04343	0.00627	0.00917	0.02836	0.01174	0.04068	0.30788	0.06920	0.06487	0.05019	0.06474	0.07378	0.04503	0.00327	0.00429
10	0.00706	0.00495	0.00585	0.00585	0.00704	0.00459	0.00433	0.02973	0.02741	0.05222	0.17616	0.21417	0.28812	0.06568	0.00653	0.00178	0.00277	0.05896	0.03259	0.00420

[dist]
# distance from previous block
# <min> <max>
0	20

# created by:
# /st0/software/busco_prod/Augustus/scripts/msa2prfl.pl ./align_prep/121686.fa
