[name]
unknown

[dist]
# distance from previous block
# <min> <max>
0	14

[block]
# block no. 0 follows, 49 sequences, length 25
# corresponding to MSA columns:
# 134-158
name=unknown_A
#
# <colnr> <probs for GDERKNQSTAVLIFYWHMCP>
#	G	D	E	R	K	N	Q	S	T	A	V	L	I	F	Y	W	H	M	C	P
0	0.00872	0.00691	0.01049	0.01112	0.04186	0.00723	0.05482	0.01108	0.01119	0.01487	0.02296	0.04747	0.02452	0.01377	0.04534	0.00253	0.06601	0.58996	0.00417	0.00498
1	0.01771	0.01338	0.01512	0.01358	0.10490	0.03862	0.00999	0.54304	0.04752	0.06559	0.01232	0.01277	0.00898	0.00600	0.00544	0.00153	0.03731	0.00458	0.03343	0.00817
2	0.00691	0.00552	0.00706	0.00819	0.07140	0.00502	0.00538	0.00851	0.01167	0.01527	0.21160	0.25439	0.32190	0.01242	0.00606	0.00178	0.00297	0.03457	0.00472	0.00466
3	0.00735	0.00678	0.04466	0.00811	0.03536	0.00591	0.00601	0.00966	0.05937	0.01456	0.08890	0.37611	0.23117	0.01242	0.00638	0.00182	0.03513	0.01080	0.00444	0.03504
4	0.00829	0.00737	0.05920	0.00867	0.05532	0.00664	0.00637	0.04575	0.00990	0.01376	0.02081	0.07810	0.14248	0.21652	0.21475	0.00410	0.01902	0.00706	0.07116	0.00472
5	0.01312	0.06413	0.20987	0.09532	0.14671	0.02817	0.01252	0.09957	0.14499	0.07738	0.01301	0.01398	0.02114	0.00552	0.00485	0.00155	0.00578	0.00454	0.03040	0.00744
6	0.02865	0.05891	0.09748	0.01225	0.03147	0.26004	0.03071	0.18819	0.13408	0.05415	0.02941	0.03035	0.01018	0.00592	0.00484	0.00149	0.00651	0.00450	0.00375	0.00713
7	0.03602	0.20389	0.20954	0.09387	0.14298	0.09020	0.01271	0.05591	0.03745	0.04219	0.00940	0.01101	0.00735	0.00487	0.00445	0.00142	0.00635	0.00376	0.00269	0.02394
8	0.06813	0.13039	0.11536	0.01138	0.05184	0.18630	0.02649	0.03764	0.08113	0.01520	0.02872	0.01709	0.09534	0.06019	0.02263	0.00185	0.03625	0.00487	0.00311	0.00612
9	0.39491	0.00778	0.00755	0.00670	0.00923	0.00830	0.00537	0.01526	0.01038	0.16601	0.03752	0.03275	0.01105	0.00763	0.04972	0.00186	0.00408	0.00429	0.21383	0.00577
10	0.00885	0.00546	0.00730	0.00771	0.04732	0.00535	0.00512	0.03077	0.00965	0.03502	0.08912	0.08595	0.11360	0.06458	0.05392	0.32828	0.00429	0.00670	0.08707	0.00393
11	0.00710	0.00505	0.00616	0.00630	0.00721	0.00478	0.00441	0.00824	0.01022	0.03563	0.12712	0.21953	0.23258	0.18922	0.11038	0.00326	0.00456	0.00981	0.00425	0.00419
12	0.00620	0.00489	0.00553	0.00587	0.00701	0.00429	0.00417	0.00740	0.01102	0.01387	0.10913	0.29590	0.44765	0.04498	0.00690	0.00193	0.00276	0.01160	0.00471	0.00422
13	0.01710	0.26286	0.01835	0.01081	0.01472	0.10261	0.00925	0.42169	0.05739	0.02309	0.01054	0.01092	0.00808	0.00548	0.00445	0.00137	0.00582	0.00391	0.00391	0.00763
14	0.01092	0.01080	0.01512	0.01308	0.01314	0.01500	0.01092	0.01208	0.00794	0.01232	0.00765	0.01337	0.00777	0.00911	0.01611	0.00222	0.77246	0.04219	0.00234	0.00549
15	0.01094	0.04311	0.11347	0.15362	0.09840	0.11052	0.02322	0.05167	0.01128	0.01461	0.01378	0.20241	0.01365	0.00919	0.03439	0.02492	0.02923	0.00656	0.02921	0.00582
16	0.03679	0.12802	0.13259	0.10682	0.19206	0.07994	0.06952	0.02990	0.06181	0.02891	0.00992	0.02471	0.00808	0.00534	0.00559	0.00155	0.06454	0.00434	0.00270	0.00689
17	0.00741	0.00577	0.00845	0.00818	0.00893	0.00624	0.04461	0.00868	0.00858	0.01190	0.01778	0.21603	0.03444	0.19734	0.34508	0.00520	0.04975	0.00809	0.00327	0.00427
18	0.00687	0.00560	0.00646	0.04731	0.00898	0.00525	0.00504	0.02227	0.04740	0.01452	0.08052	0.22931	0.45597	0.01264	0.00602	0.00180	0.00303	0.03176	0.00464	0.00459
19	0.01596	0.11261	0.01699	0.03274	0.14420	0.36714	0.04042	0.07321	0.06297	0.03631	0.01015	0.03430	0.00848	0.00551	0.00486	0.00142	0.01886	0.00417	0.00302	0.00668
20	0.01448	0.06524	0.17084	0.01685	0.18695	0.22491	0.03393	0.07921	0.07176	0.03193	0.00997	0.01149	0.00783	0.00530	0.00538	0.00150	0.04833	0.00406	0.00291	0.00714
21	0.00894	0.00658	0.00884	0.00791	0.00987	0.00615	0.06517	0.03689	0.04273	0.08248	0.15391	0.13706	0.32015	0.01244	0.04667	0.00207	0.00400	0.03819	0.00473	0.00522
22	0.00827	0.00590	0.00887	0.00927	0.04912	0.00663	0.00676	0.01010	0.00860	0.05121	0.01373	0.01973	0.01256	0.05657	0.69972	0.00737	0.01245	0.00541	0.00289	0.00486
23	0.01406	0.05400	0.08347	0.06786	0.25131	0.13605	0.08376	0.13614	0.03995	0.01788	0.00986	0.01182	0.00776	0.00499	0.00504	0.00147	0.01757	0.00427	0.00298	0.04978
24	0.04796	0.04783	0.09409	0.04906	0.09452	0.29672	0.04584	0.07900	0.05230	0.01631	0.04976	0.01363	0.02871	0.00676	0.03208	0.00169	0.01626	0.00439	0.01663	0.00646

[dist]
# distance from previous block
# <min> <max>
0	12

[block]
# block no. 1 follows, 49 sequences, length 17
# corresponding to MSA columns:
# 174-190
name=unknown_B
#
# <colnr> <probs for GDERKNQSTAVLIFYWHMCP>
#	G	D	E	R	K	N	Q	S	T	A	V	L	I	F	Y	W	H	M	C	P
0	0.00754	0.00579	0.00718	0.00737	0.00780	0.02915	0.00514	0.00838	0.00869	0.01176	0.04131	0.27470	0.02127	0.25474	0.21046	0.02888	0.05359	0.00876	0.00348	0.00401
1	0.03479	0.01374	0.13778	0.11343	0.09980	0.04671	0.12008	0.06889	0.10938	0.11287	0.02250	0.01535	0.04224	0.00580	0.00553	0.00163	0.03379	0.00503	0.00353	0.00713
2	0.00723	0.00526	0.00616	0.00659	0.00721	0.02294	0.00442	0.00811	0.00979	0.03165	0.07424	0.40683	0.12540	0.21874	0.03932	0.00288	0.00390	0.01100	0.00426	0.00407
3	0.01349	0.06924	0.01446	0.11955	0.15938	0.20760	0.01005	0.05590	0.07685	0.04256	0.01281	0.10065	0.01136	0.00710	0.02141	0.00165	0.00617	0.00530	0.05807	0.00639
4	0.07781	0.06715	0.23441	0.01306	0.09049	0.05822	0.02525	0.13127	0.01337	0.11495	0.03747	0.01241	0.00914	0.00521	0.00462	0.00144	0.00583	0.00409	0.00344	0.09038
5	0.02919	0.10725	0.15068	0.01685	0.23794	0.05220	0.03180	0.08229	0.07677	0.04681	0.03569	0.03488	0.02593	0.00605	0.00494	0.00155	0.00579	0.04290	0.00330	0.00720
6	0.00629	0.00460	0.00587	0.00679	0.00733	0.00425	0.00466	0.00729	0.01004	0.01317	0.05050	0.63010	0.13577	0.04796	0.00718	0.00212	0.00302	0.04427	0.00465	0.00413
7	0.00735	0.00490	0.00552	0.00552	0.00552	0.00490	0.00306	0.00735	0.00735	0.00980	0.01593	0.03309	0.01838	0.82229	0.02574	0.00490	0.00490	0.00735	0.00306	0.00306
8	0.01431	0.08536	0.14388	0.04045	0.10584	0.13104	0.07382	0.11784	0.01303	0.07595	0.01016	0.01198	0.00787	0.00637	0.02702	0.00172	0.09412	0.00423	0.02804	0.00696
9	0.00673	0.00573	0.00561	0.00559	0.00695	0.03245	0.00398	0.00782	0.01093	0.01318	0.07320	0.07081	0.56705	0.15664	0.00946	0.00227	0.00321	0.00989	0.00437	0.00413
10	0.01350	0.01456	0.04441	0.03627	0.05218	0.25470	0.03546	0.11051	0.05401	0.01627	0.05530	0.08222	0.04408	0.03671	0.02103	0.00186	0.08757	0.02984	0.00347	0.00606
11	0.04487	0.03705	0.03630	0.03763	0.06469	0.09348	0.00933	0.26070	0.14540	0.09136	0.01348	0.04126	0.01041	0.00615	0.00513	0.00152	0.02502	0.00478	0.02180	0.04966
12	0.02856	0.03602	0.05330	0.10849	0.12284	0.05331	0.17066	0.03877	0.01143	0.01601	0.01058	0.01302	0.02897	0.00578	0.03227	0.00156	0.00629	0.00438	0.00277	0.25500
13	0.03425	0.00743	0.01016	0.03826	0.10250	0.02653	0.02694	0.03360	0.03241	0.03526	0.04736	0.07860	0.03476	0.16610	0.29834	0.00459	0.00807	0.00641	0.00329	0.00513
14	0.01156	0.06018	0.01278	0.05708	0.08070	0.08062	0.03516	0.08534	0.13355	0.03490	0.07013	0.19451	0.05601	0.00887	0.00574	0.00170	0.02698	0.03394	0.00408	0.00617
15	0.01252	0.08923	0.04377	0.24068	0.19166	0.11849	0.03828	0.06572	0.04269	0.01551	0.03400	0.01415	0.02762	0.02259	0.00554	0.00160	0.02199	0.00459	0.00283	0.00655
16	0.02417	0.10537	0.12075	0.06957	0.06450	0.05366	0.13450	0.08555	0.01289	0.11348	0.07724	0.03931	0.02784	0.02999	0.00564	0.00163	0.00596	0.00528	0.00351	0.01916

[dist]
# distance from previous block
# <min> <max>
6	59

[block]
# block no. 2 follows, 49 sequences, length 6
# corresponding to MSA columns:
# 250-255
name=unknown_C
#
# <colnr> <probs for GDERKNQSTAVLIFYWHMCP>
#	G	D	E	R	K	N	Q	S	T	A	V	L	I	F	Y	W	H	M	C	P
0	0.01003	0.00775	0.00887	0.00841	0.02464	0.04742	0.02682	0.04714	0.09300	0.07455	0.16201	0.14020	0.21227	0.01033	0.00572	0.00171	0.00374	0.06579	0.02721	0.02241
1	0.03384	0.09260	0.10043	0.04663	0.05467	0.19219	0.04223	0.11166	0.05343	0.03316	0.01260	0.08081	0.02483	0.00680	0.00579	0.00159	0.06607	0.03086	0.00328	0.00650
2	0.02949	0.14952	0.11904	0.05067	0.08848	0.06818	0.07372	0.04693	0.01095	0.01473	0.02982	0.05650	0.01124	0.10487	0.06382	0.00235	0.02412	0.00509	0.02769	0.02280
3	0.00810	0.00760	0.05390	0.00721	0.00896	0.03612	0.00581	0.03652	0.04767	0.01747	0.37751	0.11393	0.19535	0.05297	0.00686	0.00183	0.00335	0.00904	0.00481	0.00499
4	0.01241	0.01399	0.11559	0.07875	0.32441	0.05313	0.14914	0.01644	0.05711	0.04260	0.01054	0.01304	0.00826	0.00506	0.00573	0.00160	0.05056	0.00470	0.02970	0.00723
5	0.01228	0.03683	0.17644	0.05912	0.15895	0.05613	0.10076	0.07296	0.09594	0.04977	0.01459	0.08651	0.04435	0.00642	0.00520	0.00162	0.00606	0.00570	0.00334	0.00703

[dist]
# distance from previous block
# <min> <max>
0	1

[block]
# block no. 3 follows, 49 sequences, length 6
# corresponding to MSA columns:
# 257-262
name=unknown_D
#
# <colnr> <probs for GDERKNQSTAVLIFYWHMCP>
#	G	D	E	R	K	N	Q	S	T	A	V	L	I	F	Y	W	H	M	C	P
0	0.03544	0.00612	0.00748	0.00714	0.00815	0.00644	0.00512	0.05920	0.00991	0.04951	0.04945	0.11274	0.09036	0.29449	0.20801	0.00440	0.03040	0.00750	0.00366	0.00448
1	0.01365	0.05166	0.24438	0.01309	0.05240	0.13545	0.07039	0.10607	0.04613	0.08024	0.01403	0.03562	0.05640	0.00667	0.02209	0.00167	0.00657	0.00488	0.03164	0.00696
2	0.02737	0.03824	0.14098	0.09381	0.21253	0.01070	0.04070	0.07140	0.02677	0.05251	0.03635	0.07691	0.04057	0.00657	0.00539	0.00159	0.02585	0.03171	0.00327	0.05676
3	0.00682	0.00504	0.00596	0.00620	0.00702	0.00476	0.00435	0.00786	0.00999	0.01293	0.09705	0.15223	0.25465	0.26945	0.06320	0.00322	0.00423	0.07695	0.00413	0.00396
4	0.00745	0.00635	0.03204	0.00863	0.05366	0.00564	0.00624	0.03775	0.01123	0.01466	0.06004	0.34032	0.23510	0.01416	0.04145	0.00218	0.00393	0.10995	0.00444	0.00477
5	0.05140	0.07034	0.11657	0.01491	0.15193	0.06010	0.06857	0.15082	0.04683	0.07840	0.01313	0.04141	0.03903	0.02191	0.00555	0.00159	0.02362	0.00492	0.00351	0.03546

[dist]
# distance from previous block
# <min> <max>
10	34

[block]
# block no. 4 follows, 49 sequences, length 7
# corresponding to MSA columns:
# 323-329
name=unknown_E
#
# <colnr> <probs for GDERKNQSTAVLIFYWHMCP>
#	G	D	E	R	K	N	Q	S	T	A	V	L	I	F	Y	W	H	M	C	P
0	0.00988	0.04000	0.01408	0.37671	0.02292	0.01022	0.07588	0.05075	0.08129	0.01530	0.04356	0.10669	0.06495	0.00765	0.00545	0.00174	0.00556	0.05824	0.00338	0.00577
1	0.01287	0.13050	0.25709	0.01304	0.06912	0.18806	0.01202	0.06589	0.04360	0.01552	0.01208	0.10876	0.01109	0.00661	0.00485	0.00153	0.00655	0.03122	0.00298	0.00661
2	0.05441	0.00995	0.05123	0.01007	0.06454	0.06283	0.00747	0.06217	0.09148	0.08539	0.06239	0.15089	0.06510	0.09094	0.00730	0.00194	0.00453	0.03111	0.00412	0.08212
3	0.01538	0.00905	0.01066	0.00890	0.01165	0.00913	0.00712	0.26934	0.01608	0.22966	0.06045	0.09394	0.07017	0.06676	0.00686	0.00188	0.00438	0.06261	0.03912	0.00686
4	0.01311	0.06970	0.09570	0.04313	0.17102	0.08507	0.09538	0.08148	0.05248	0.03625	0.01042	0.01288	0.00839	0.00520	0.00540	0.00144	0.04855	0.02090	0.00301	0.14047
5	0.01153	0.04517	0.09642	0.27350	0.15492	0.06168	0.07041	0.05051	0.03403	0.02946	0.01195	0.03713	0.02437	0.02681	0.02226	0.00184	0.00658	0.03217	0.00284	0.00644
6	0.00849	0.00575	0.00738	0.00713	0.00788	0.00601	0.00511	0.00944	0.00945	0.06634	0.09796	0.11211	0.09475	0.29495	0.12802	0.02772	0.07216	0.03133	0.00377	0.00428

[dist]
# distance from previous block
# <min> <max>
5	12

[block]
# block no. 5 follows, 49 sequences, length 15
# corresponding to MSA columns:
# 342-356
name=unknown_F
#
# <colnr> <probs for GDERKNQSTAVLIFYWHMCP>
#	G	D	E	R	K	N	Q	S	T	A	V	L	I	F	Y	W	H	M	C	P
0	0.01114	0.03693	0.06128	0.01028	0.03319	0.09229	0.05161	0.04300	0.04550	0.05867	0.13171	0.05047	0.06372	0.16662	0.03478	0.00248	0.09074	0.00642	0.00366	0.00552
1	0.09407	0.03087	0.15199	0.03834	0.06665	0.05694	0.01911	0.04627	0.07317	0.03014	0.01231	0.05588	0.02278	0.00659	0.01941	0.00158	0.04662	0.02378	0.02660	0.17691
2	0.11274	0.03548	0.04210	0.03506	0.14535	0.20660	0.12121	0.06302	0.01232	0.01632	0.01245	0.03850	0.05831	0.00769	0.05351	0.00191	0.00702	0.00486	0.00297	0.02257
3	0.00739	0.00495	0.00582	0.00596	0.00652	0.00474	0.00386	0.00817	0.00936	0.03120	0.09289	0.19134	0.12313	0.39828	0.03639	0.00342	0.00405	0.00910	0.04957	0.00384
4	0.01196	0.01167	0.01327	0.02872	0.09402	0.13742	0.00951	0.08243	0.01082	0.01426	0.01045	0.04141	0.00987	0.06677	0.17848	0.00334	0.26208	0.00499	0.00281	0.00570
5	0.80990	0.00971	0.00768	0.00679	0.00996	0.01112	0.00559	0.01543	0.00894	0.06712	0.00778	0.00873	0.00588	0.00478	0.00324	0.00156	0.00393	0.00287	0.00331	0.00566
6	0.22525	0.01099	0.12246	0.03586	0.03251	0.00932	0.00826	0.06069	0.05038	0.15283	0.02915	0.01654	0.03335	0.02369	0.00483	0.00161	0.00445	0.02439	0.14702	0.00643
7	0.01891	0.02359	0.01437	0.01296	0.01564	0.76184	0.00976	0.05868	0.01481	0.01337	0.00804	0.00927	0.00662	0.00525	0.00458	0.00131	0.00894	0.00332	0.00273	0.00600
8	0.01518	0.12090	0.05336	0.01234	0.04920	0.18391	0.07635	0.13884	0.08203	0.08214	0.07338	0.01416	0.01169	0.00611	0.00532	0.03004	0.00610	0.00458	0.00367	0.03071
9	0.06242	0.03461	0.03395	0.06027	0.12118	0.03407	0.00972	0.21923	0.18841	0.04098	0.01567	0.06885	0.03578	0.00695	0.00527	0.00164	0.01922	0.03036	0.00416	0.00725
10	0.09876	0.32862	0.06396	0.01099	0.03693	0.15467	0.04020	0.09613	0.03422	0.03775	0.00898	0.01003	0.00726	0.00486	0.00403	0.00130	0.00602	0.00344	0.01671	0.03513
11	0.01186	0.12413	0.04800	0.06000	0.04167	0.02759	0.04162	0.07151	0.09136	0.08535	0.08812	0.05392	0.09472	0.03632	0.03829	0.00193	0.01747	0.02191	0.01599	0.02825
12	0.06927	0.00878	0.00991	0.00809	0.01116	0.02969	0.00632	0.03631	0.09765	0.23341	0.02720	0.01935	0.04208	0.12216	0.02337	0.00199	0.00445	0.02079	0.00434	0.22369
13	0.00776	0.00795	0.05600	0.01010	0.04311	0.00655	0.13932	0.00994	0.01147	0.01504	0.13911	0.19102	0.29918	0.03215	0.00648	0.00183	0.00413	0.00964	0.00417	0.00506
14	0.00974	0.00886	0.01273	0.08311	0.22450	0.02523	0.04906	0.03489	0.07253	0.01658	0.14206	0.05935	0.22396	0.00836	0.00553	0.00163	0.00450	0.00741	0.00391	0.00606

[dist]
# distance from previous block
# <min> <max>
4	8

[block]
# block no. 6 follows, 49 sequences, length 22
# corresponding to MSA columns:
# 368-389
name=unknown_G
#
# <colnr> <probs for GDERKNQSTAVLIFYWHMCP>
#	G	D	E	R	K	N	Q	S	T	A	V	L	I	F	Y	W	H	M	C	P
0	0.03286	0.06242	0.17397	0.09342	0.14618	0.10658	0.06021	0.07857	0.08384	0.03756	0.02551	0.02961	0.00931	0.00557	0.00528	0.00157	0.03289	0.00457	0.00306	0.00703
1	0.01148	0.03399	0.07468	0.12136	0.19207	0.10502	0.01092	0.06600	0.04998	0.01560	0.03172	0.08570	0.03819	0.01143	0.12709	0.00258	0.00713	0.00563	0.00312	0.00631
2	0.00735	0.00521	0.00709	0.00709	0.00768	0.00576	0.00508	0.00854	0.00794	0.01131	0.01449	0.02448	0.01467	0.31277	0.50082	0.00675	0.01011	0.00607	0.03279	0.00401
3	0.00681	0.00488	0.00620	0.00663	0.00753	0.00446	0.00474	0.00828	0.01155	0.02994	0.26279	0.41387	0.16173	0.01343	0.00622	0.00186	0.00279	0.03687	0.00499	0.00444
4	0.00677	0.00503	0.00553	0.00563	0.00645	0.00465	0.00376	0.00752	0.00960	0.01210	0.05277	0.06875	0.34357	0.38986	0.01525	0.00324	0.00377	0.04806	0.00396	0.00374
5	0.01049	0.00899	0.01049	0.00749	0.01198	0.00674	0.00599	0.01273	0.01049	0.01648	0.00899	0.01049	0.00749	0.00374	0.00374	0.00075	0.00374	0.00300	0.00300	0.85320
6	0.01266	0.04096	0.12636	0.06835	0.11391	0.05346	0.08892	0.07365	0.01220	0.05875	0.00990	0.01163	0.00764	0.00455	0.00457	0.00127	0.00577	0.00393	0.00300	0.29853
7	0.01399	0.03638	0.03821	0.09804	0.17514	0.27468	0.08768	0.05058	0.01236	0.01479	0.00934	0.01204	0.00769	0.00742	0.05944	0.00195	0.05834	0.00423	0.03131	0.00640
8	0.01325	0.00819	0.00865	0.00734	0.00962	0.00870	0.00583	0.26814	0.03696	0.04939	0.01527	0.01655	0.01155	0.00599	0.00414	0.00132	0.00354	0.00470	0.51464	0.00624
9	0.01197	0.02502	0.07043	0.24533	0.16517	0.03819	0.08708	0.11230	0.07910	0.01736	0.02843	0.03620	0.02584	0.00663	0.02766	0.00180	0.00642	0.00515	0.00314	0.00680
10	0.00735	0.00490	0.00552	0.00552	0.00552	0.00490	0.00306	0.00735	0.00735	0.00980	0.01593	0.03309	0.01838	0.82229	0.02574	0.00490	0.00490	0.00735	0.00306	0.00306
11	0.00739	0.00552	0.00742	0.00734	0.00790	0.00618	0.00530	0.00847	0.00808	0.01126	0.01652	0.05930	0.05553	0.30069	0.41625	0.00609	0.05705	0.00667	0.00299	0.00405
12	0.01371	0.01110	0.00916	0.00816	0.01024	0.20145	0.00629	0.12819	0.01373	0.05760	0.04104	0.01609	0.01193	0.00694	0.02941	0.00151	0.00494	0.00453	0.41821	0.00576
13	0.16871	0.00953	0.01173	0.01247	0.13302	0.04857	0.02913	0.05901	0.01032	0.01665	0.01107	0.03281	0.00980	0.03295	0.20537	0.00331	0.10757	0.00469	0.08757	0.00572
14	0.01467	0.43194	0.03843	0.01046	0.03957	0.24183	0.00891	0.04022	0.01195	0.01370	0.00860	0.00994	0.00733	0.00483	0.00381	0.00120	0.00621	0.00323	0.09693	0.00625
15	0.00664	0.00511	0.00607	0.00591	0.00726	0.00454	0.00440	0.00852	0.01298	0.01731	0.46062	0.08271	0.33646	0.01159	0.00599	0.00166	0.00248	0.01001	0.00518	0.00454
16	0.02363	0.07341	0.08150	0.26280	0.16107	0.11998	0.03881	0.06653	0.04404	0.01568	0.01041	0.03179	0.00855	0.00545	0.00488	0.00155	0.00652	0.01855	0.01829	0.00657
17	0.04115	0.28570	0.26585	0.03413	0.03389	0.09631	0.05027	0.02798	0.01118	0.03548	0.02837	0.01076	0.00779	0.00506	0.00491	0.00143	0.04683	0.00368	0.00251	0.00673
18	0.02757	0.00666	0.03341	0.00872	0.02790	0.00580	0.07180	0.00915	0.01091	0.01437	0.05753	0.28929	0.27671	0.01301	0.02327	0.00202	0.00397	0.10887	0.00432	0.00473
19	0.08513	0.08900	0.15540	0.02333	0.01454	0.06695	0.05428	0.05149	0.08550	0.07091	0.01183	0.01298	0.00899	0.00530	0.00466	0.00141	0.02811	0.00410	0.14289	0.08319
20	0.02868	0.03401	0.10534	0.05517	0.24407	0.05486	0.08397	0.06138	0.06385	0.06086	0.01168	0.05353	0.00974	0.00725	0.03427	0.02233	0.05386	0.00505	0.00310	0.00698
21	0.01141	0.01134	0.06363	0.01925	0.36526	0.06337	0.01139	0.03189	0.01148	0.04162	0.05463	0.15911	0.01549	0.03597	0.02765	0.00194	0.04098	0.02376	0.00329	0.00655

[dist]
# distance from previous block
# <min> <max>
2	9

[block]
# block no. 7 follows, 49 sequences, length 21
# corresponding to MSA columns:
# 400-420
name=unknown_H
#
# <colnr> <probs for GDERKNQSTAVLIFYWHMCP>
#	G	D	E	R	K	N	Q	S	T	A	V	L	I	F	Y	W	H	M	C	P
0	0.04903	0.01130	0.04026	0.09185	0.25008	0.02430	0.18993	0.03524	0.04243	0.03055	0.04879	0.01670	0.05385	0.02019	0.00551	0.00162	0.00592	0.00536	0.04551	0.03159
1	0.00728	0.00519	0.00699	0.00699	0.00750	0.00570	0.00490	0.00830	0.00779	0.01090	0.01459	0.02563	0.01514	0.37966	0.46394	0.00672	0.00978	0.00626	0.00286	0.00388
2	0.01398	0.75684	0.02546	0.00903	0.01321	0.08686	0.00875	0.01557	0.01062	0.01194	0.00710	0.00820	0.00649	0.00440	0.00336	0.00110	0.00573	0.00275	0.00220	0.00644
3	0.00715	0.00482	0.00584	0.00630	0.00678	0.00454	0.00407	0.00779	0.00921	0.03864	0.02607	0.40249	0.12139	0.31564	0.01353	0.00306	0.00367	0.01098	0.00414	0.00389
4	0.00634	0.00508	0.00566	0.00563	0.00708	0.00441	0.00418	0.00792	0.01221	0.01556	0.26678	0.10216	0.51460	0.01230	0.00601	0.00170	0.00254	0.01049	0.00495	0.00441
5	0.00645	0.00480	0.00601	0.00643	0.00731	0.00436	0.00455	0.00791	0.01158	0.01550	0.28387	0.40617	0.18970	0.01341	0.00620	0.00183	0.00268	0.01190	0.00498	0.00436
6	0.00948	0.00557	0.00739	0.00773	0.00903	0.00514	0.00595	0.01099	0.01131	0.14624	0.04903	0.38700	0.10876	0.01327	0.00629	0.00199	0.00355	0.20125	0.00497	0.00504
7	0.01352	0.82533	0.02650	0.00865	0.01298	0.02001	0.00865	0.01514	0.01027	0.01190	0.00703	0.00811	0.00649	0.00433	0.00324	0.00108	0.00541	0.00270	0.00216	0.00649
8	0.01013	0.00858	0.01011	0.00758	0.01169	0.00658	0.00612	0.01236	0.01062	0.01627	0.01191	0.01585	0.03393	0.00495	0.00411	0.00092	0.00379	0.07076	0.00320	0.75056
9	0.01049	0.00899	0.01049	0.00749	0.01198	0.00674	0.00599	0.01273	0.01049	0.01648	0.00899	0.01049	0.00749	0.00374	0.00374	0.00075	0.00374	0.00300	0.00300	0.85320
10	0.00878	0.00439	0.00659	0.00659	0.00659	0.00439	0.00439	0.00659	0.00659	0.00878	0.00878	0.01537	0.00878	0.01757	0.01976	0.85288	0.00439	0.00439	0.00220	0.00220
11	0.00907	0.00578	0.00936	0.11836	0.05171	0.00604	0.03663	0.00832	0.00769	0.01025	0.00986	0.05515	0.00966	0.01457	0.01578	0.61631	0.00489	0.00497	0.00236	0.00324
12	0.01889	0.02410	0.01433	0.01303	0.01563	0.80199	0.00977	0.02019	0.01433	0.01238	0.00782	0.00912	0.00651	0.00521	0.00456	0.00130	0.00912	0.00326	0.00261	0.00586
13	0.01227	0.01177	0.02009	0.09426	0.72940	0.01195	0.01540	0.01531	0.01140	0.01623	0.00947	0.01259	0.00791	0.00455	0.00501	0.00152	0.00607	0.00450	0.00248	0.00782
14	0.01008	0.00752	0.00967	0.00880	0.01029	0.00857	0.00686	0.18280	0.01159	0.01612	0.01327	0.01925	0.01215	0.11330	0.51485	0.00610	0.03477	0.00540	0.00327	0.00532
15	0.00611	0.00513	0.00530	0.00526	0.00691	0.00432	0.00395	0.00751	0.01184	0.01440	0.13326	0.04745	0.70620	0.01253	0.00598	0.00169	0.00254	0.01050	0.00479	0.00432
16	0.00997	0.00942	0.01592	0.70016	0.14153	0.01134	0.01425	0.01329	0.01031	0.01343	0.00906	0.01335	0.00692	0.00498	0.00505	0.00166	0.00664	0.00450	0.00228	0.00596
17	0.00955	0.00899	0.01517	0.81013	0.03483	0.01123	0.01404	0.01292	0.01011	0.01292	0.00899	0.01348	0.00674	0.00506	0.00506	0.00169	0.00674	0.00449	0.00225	0.00562
18	0.00996	0.00902	0.01383	0.04133	0.39815	0.02741	0.01056	0.01246	0.03433	0.01532	0.05672	0.31195	0.01961	0.00910	0.00559	0.00172	0.00472	0.00840	0.00355	0.00628
19	0.01238	0.01219	0.01930	0.15760	0.62407	0.05562	0.01496	0.01535	0.01144	0.01570	0.00933	0.01249	0.00772	0.00463	0.00499	0.00152	0.00630	0.00443	0.00247	0.00750
20	0.07290	0.01200	0.03735	0.11449	0.25405	0.08627	0.02920	0.05068	0.08967	0.09340	0.02534	0.03783	0.01144	0.00617	0.00507	0.00162	0.00573	0.05627	0.00352	0.00699

[dist]
# distance from previous block
# <min> <max>
0	5

[block]
# block no. 8 follows, 49 sequences, length 72
# corresponding to MSA columns:
# 855-875,877-902,906-920,922-931
name=unknown_I
#
# <colnr> <probs for GDERKNQSTAVLIFYWHMCP>
#	G	D	E	R	K	N	Q	S	T	A	V	L	I	F	Y	W	H	M	C	P
0	0.01349	0.04358	0.03666	0.01045	0.03354	0.04342	0.05744	0.10409	0.01284	0.20485	0.01896	0.31103	0.01847	0.02350	0.00640	0.00180	0.04036	0.00828	0.00450	0.00634
1	0.30509	0.01136	0.01167	0.00928	0.01295	0.01231	0.00766	0.34641	0.01646	0.18996	0.01212	0.01197	0.00843	0.00564	0.00439	0.00154	0.00469	0.00405	0.01654	0.00748
2	0.00722	0.00542	0.00813	0.00813	0.00903	0.00632	0.00632	0.00903	0.00813	0.01174	0.01354	0.01987	0.01264	0.03792	0.80225	0.00813	0.01354	0.00542	0.00271	0.00451
3	0.01404	0.11135	0.07539	0.01747	0.21955	0.10007	0.09393	0.15505	0.06006	0.01805	0.01041	0.01281	0.00849	0.04256	0.00626	0.00166	0.03808	0.00447	0.00309	0.00721
4	0.00835	0.00605	0.00830	0.00936	0.01060	0.00613	0.00814	0.01123	0.04686	0.01541	0.02649	0.05529	0.02848	0.01364	0.00690	0.00230	0.00463	0.72236	0.00468	0.00481
5	0.00736	0.00528	0.00723	0.00837	0.00923	0.00515	0.00677	0.00914	0.01092	0.01428	0.02784	0.33466	0.05137	0.01462	0.00676	0.00221	0.00397	0.46570	0.00467	0.00445
6	0.01021	0.11028	0.01208	0.07108	0.01247	0.03758	0.00764	0.10724	0.01069	0.01431	0.01200	0.01720	0.01092	0.07572	0.44430	0.00533	0.02777	0.00492	0.00291	0.00534
7	0.01771	0.11890	0.01556	0.01223	0.01510	0.62109	0.00948	0.03872	0.07985	0.01355	0.00892	0.00991	0.00733	0.00527	0.00446	0.00132	0.00815	0.00343	0.00283	0.00619
8	0.01141	0.18778	0.45494	0.01354	0.06883	0.04614	0.01458	0.03180	0.01117	0.01550	0.03654	0.01252	0.00874	0.00526	0.00480	0.00149	0.02336	0.02234	0.02227	0.00699
9	0.02724	0.36229	0.29663	0.01236	0.03971	0.03017	0.06046	0.04600	0.03567	0.03342	0.00897	0.01023	0.00707	0.00471	0.00422	0.00138	0.00633	0.00356	0.00252	0.00705
10	0.00612	0.00463	0.00566	0.00645	0.00719	0.00417	0.00444	0.00715	0.01032	0.01327	0.04908	0.57227	0.26132	0.01482	0.00630	0.00194	0.00281	0.01316	0.00471	0.00417
11	0.01488	0.00970	0.03108	0.01408	0.19182	0.02485	0.00931	0.08977	0.03043	0.26705	0.03929	0.10410	0.06731	0.00802	0.00544	0.00167	0.00471	0.07466	0.00465	0.00716
12	0.01415	0.06159	0.08607	0.02044	0.32669	0.11188	0.09579	0.08793	0.01294	0.06667	0.01059	0.03690	0.00864	0.00533	0.00536	0.00153	0.03246	0.00468	0.00301	0.00737
13	0.00625	0.00508	0.00553	0.00582	0.00721	0.00441	0.00435	0.00754	0.01114	0.01357	0.04437	0.16181	0.58142	0.03862	0.00676	0.00192	0.00289	0.08242	0.00464	0.00424
14	0.01049	0.00899	0.01049	0.00749	0.01198	0.00674	0.00599	0.01273	0.01049	0.01648	0.00899	0.01049	0.00749	0.00374	0.00374	0.00075	0.00374	0.00300	0.00300	0.85320
15	0.00641	0.00499	0.00584	0.00612	0.00733	0.00443	0.00451	0.00789	0.01167	0.01499	0.20283	0.23925	0.39441	0.01310	0.00615	0.00181	0.00274	0.05626	0.00488	0.00436
16	0.20173	0.01547	0.21910	0.03219	0.08577	0.06530	0.02554	0.09306	0.01236	0.11524	0.01076	0.01261	0.00809	0.00529	0.00452	0.00153	0.00578	0.02573	0.00336	0.05659
17	0.01432	0.04648	0.07701	0.07274	0.29765	0.17993	0.08108	0.07059	0.01278	0.04924	0.00956	0.01176	0.00757	0.00507	0.00544	0.00152	0.04303	0.00427	0.00280	0.00715
18	0.00655	0.00475	0.00642	0.00740	0.00780	0.00468	0.00519	0.00760	0.00962	0.01290	0.02592	0.65379	0.03053	0.04231	0.06539	0.00261	0.02076	0.07717	0.00444	0.00418
19	0.00749	0.00552	0.00671	0.00718	0.00820	0.00537	0.00516	0.01018	0.10037	0.03286	0.07903	0.45525	0.15773	0.04118	0.00685	0.00203	0.00316	0.05622	0.00478	0.00473
20	0.03498	0.03765	0.01513	0.03053	0.11162	0.08705	0.03070	0.18162	0.01378	0.11432	0.03040	0.01317	0.00937	0.00645	0.00773	0.00165	0.20649	0.00452	0.05592	0.00692
21	0.01373	0.14972	0.08880	0.03623	0.06471	0.06437	0.00979	0.18141	0.09895	0.02752	0.01155	0.01389	0.00941	0.02201	0.00496	0.00143	0.00545	0.03352	0.00348	0.15907
22	0.12760	0.06826	0.01525	0.06364	0.08336	0.31250	0.03655	0.06022	0.05528	0.04020	0.00919	0.01081	0.00737	0.00550	0.00563	0.00151	0.08395	0.00381	0.00297	0.00638
23	0.39698	0.01028	0.00968	0.00815	0.01126	0.01149	0.00663	0.21893	0.08389	0.06055	0.01159	0.01217	0.00861	0.00550	0.00398	0.00151	0.00416	0.00389	0.12419	0.00658
24	0.00622	0.00473	0.00573	0.00640	0.00725	0.00425	0.00449	0.00737	0.01068	0.01374	0.08998	0.48764	0.28720	0.01439	0.00627	0.00191	0.00281	0.02994	0.00476	0.00422
25	0.00694	0.00511	0.00650	0.00627	0.00745	0.00466	0.00466	0.00909	0.01364	0.01896	0.64550	0.09707	0.13325	0.01104	0.00600	0.00164	0.00245	0.00971	0.00540	0.00466
26	0.08187	0.00797	0.01031	0.00829	0.01159	0.00714	0.00672	0.02071	0.01359	0.58514	0.08712	0.07017	0.05184	0.00740	0.00514	0.00160	0.00394	0.00610	0.00580	0.00756
27	0.00674	0.00508	0.00623	0.00609	0.00734	0.00457	0.00451	0.00868	0.01310	0.01776	0.51319	0.11869	0.24640	0.01155	0.00602	0.00167	0.00249	0.01008	0.00524	0.00457
28	0.00878	0.00439	0.00659	0.00659	0.00659	0.00439	0.00439	0.00659	0.00659	0.00878	0.00878	0.01537	0.00878	0.01757	0.01976	0.85288	0.00439	0.00439	0.00220	0.00220
29	0.00943	0.00471	0.00471	0.00471	0.00589	0.00471	0.00353	0.01178	0.01060	0.01885	0.01650	0.01885	0.01296	0.00589	0.00353	0.00118	0.00236	0.00471	0.85036	0.00471
30	0.01276	0.01095	0.01154	0.01033	0.01322	0.01266	0.00805	0.04764	0.76053	0.02145	0.02035	0.01868	0.01525	0.00684	0.00514	0.00171	0.00405	0.00568	0.00514	0.00802
31	0.01889	0.02410	0.01433	0.01303	0.01563	0.80199	0.00977	0.02019	0.01433	0.01238	0.00782	0.00912	0.00651	0.00521	0.00456	0.00130	0.00912	0.00326	0.00261	0.00586
32	0.04285	0.01167	0.01329	0.01027	0.01411	0.01218	0.00846	0.45631	0.01951	0.29867	0.01494	0.01411	0.01008	0.00609	0.00495	0.00152	0.00493	0.00470	0.04301	0.00834
33	0.01208	0.03123	0.03483	0.03496	0.04526	0.03128	0.13611	0.08640	0.05507	0.03373	0.01198	0.01399	0.03264	0.00492	0.00461	0.00122	0.00518	0.01986	0.00330	0.40136
34	0.01625	0.04287	0.04094	0.01404	0.03870	0.07343	0.17379	0.40050	0.06266	0.04091	0.01223	0.03850	0.00937	0.00584	0.00519	0.00156	0.00633	0.00506	0.00410	0.00771
35	0.01217	0.01301	0.01508	0.01307	0.01364	0.14995	0.02621	0.01336	0.00906	0.01233	0.00803	0.05329	0.00805	0.00850	0.01377	0.00204	0.61572	0.00478	0.00242	0.00554
36	0.00752	0.00676	0.01071	0.03466	0.01181	0.00641	0.14565	0.00937	0.01094	0.01416	0.07022	0.28562	0.28598	0.01227	0.02257	0.00197	0.02671	0.02771	0.00416	0.00480
37	0.01344	0.06628	0.06479	0.11685	0.07288	0.17652	0.05130	0.05087	0.16802	0.04394	0.01297	0.07635	0.01094	0.00643	0.00556	0.00160	0.04599	0.00520	0.00339	0.00667
38	0.01891	0.05086	0.03737	0.00967	0.01344	0.01057	0.00822	0.24826	0.03577	0.39758	0.01713	0.01615	0.03336	0.00764	0.03976	0.00181	0.00511	0.00494	0.03543	0.00801
39	0.00635	0.00487	0.00583	0.00623	0.00727	0.00435	0.00447	0.00774	0.01141	0.01481	0.19784	0.34255	0.32230	0.01348	0.00618	0.00183	0.00272	0.03055	0.00488	0.00432
40	0.01017	0.00990	0.06340	0.06339	0.23060	0.00912	0.05933	0.07096	0.01187	0.01637	0.09042	0.11057	0.08912	0.09509	0.00784	0.00200	0.02248	0.00698	0.02434	0.00604
41	0.01422	0.13090	0.22784	0.01444	0.06578	0.30698	0.08166	0.01780	0.04892	0.01430	0.00911	0.01072	0.00724	0.00565	0.02209	0.00157	0.00778	0.00380	0.00253	0.00667
42	0.01150	0.18639	0.28086	0.04840	0.03837	0.07613	0.03642	0.05323	0.02701	0.01576	0.07935	0.04601	0.05211	0.00632	0.00480	0.00151	0.00605	0.02025	0.00299	0.00653
43	0.00644	0.00502	0.00570	0.00600	0.00714	0.00452	0.00436	0.00763	0.01069	0.01338	0.07018	0.19408	0.43653	0.11389	0.03027	0.00239	0.00338	0.06978	0.00447	0.00415
44	0.00700	0.00477	0.00567	0.00599	0.00612	0.00467	0.00360	0.00735	0.00830	0.01111	0.04968	0.25972	0.02387	0.55805	0.01941	0.00395	0.00424	0.00945	0.00363	0.00343
45	0.01106	0.04219	0.02731	0.02699	0.05906	0.04423	0.00735	0.01360	0.02512	0.01608	0.00959	0.01194	0.00814	0.00427	0.00400	0.00093	0.00436	0.02370	0.00297	0.65711
46	0.01831	0.01437	0.04050	0.01927	0.27229	0.05996	0.04838	0.25692	0.01714	0.15570	0.01426	0.03187	0.01108	0.00681	0.00587	0.00187	0.00645	0.00539	0.00464	0.00891
47	0.00878	0.00439	0.00659	0.00659	0.00659	0.00439	0.00439	0.00659	0.00659	0.00878	0.00878	0.01537	0.00878	0.01757	0.01976	0.85288	0.00439	0.00439	0.00220	0.00220
48	0.44026	0.03579	0.03926	0.01073	0.03730	0.29303	0.04666	0.01689	0.01101	0.01800	0.00762	0.00903	0.00609	0.00485	0.00390	0.00147	0.00622	0.00317	0.00284	0.00585
49	0.00685	0.00491	0.00615	0.00646	0.00744	0.00444	0.00461	0.00834	0.01174	0.03383	0.28975	0.37834	0.19220	0.01313	0.00616	0.00181	0.00270	0.01163	0.00503	0.00447
50	0.01161	0.01573	0.24191	0.13664	0.22388	0.03039	0.05007	0.04237	0.14635	0.01699	0.01219	0.01395	0.02472	0.00531	0.00504	0.00160	0.00629	0.00466	0.00296	0.00733
51	0.00714	0.00534	0.00725	0.00738	0.00809	0.00570	0.00535	0.00840	0.00878	0.01221	0.04573	0.21937	0.05009	0.16306	0.36816	0.00521	0.03331	0.00819	0.00343	0.02780
52	0.00751	0.00596	0.00833	0.11077	0.04329	0.00595	0.01589	0.00969	0.02050	0.01618	0.31619	0.18507	0.14288	0.02666	0.02792	0.00196	0.00372	0.02565	0.02106	0.00483
53	0.11357	0.01005	0.01238	0.01008	0.01292	0.01102	0.00830	0.08965	0.09596	0.37569	0.01481	0.01451	0.01034	0.00672	0.00748	0.00172	0.18788	0.00469	0.00475	0.00749
54	0.01252	0.01127	0.01571	0.05621	0.36819	0.01213	0.01164	0.05830	0.33015	0.01895	0.01565	0.01643	0.03839	0.00587	0.00510	0.00161	0.00507	0.00522	0.00379	0.00780
55	0.00830	0.00451	0.00658	0.00682	0.00698	0.00445	0.00469	0.00700	0.00762	0.01017	0.03749	0.13940	0.01502	0.01685	0.01651	0.64381	0.00413	0.05412	0.00283	0.00272
56	0.00855	0.00722	0.01122	0.06172	0.08942	0.00829	0.04280	0.01035	0.00861	0.01226	0.01230	0.01944	0.01177	0.14397	0.43506	0.00564	0.09832	0.00547	0.00265	0.00493
57	0.00878	0.00439	0.00659	0.00659	0.00659	0.00439	0.00439	0.00659	0.00659	0.00878	0.00878	0.01537	0.00878	0.01757	0.01976	0.85288	0.00439	0.00439	0.00220	0.00220
58	0.00695	0.00494	0.00626	0.00657	0.00741	0.00463	0.00465	0.00831	0.01100	0.02974	0.23462	0.33648	0.14445	0.09558	0.05829	0.00254	0.00365	0.02492	0.00467	0.00433
59	0.01252	0.01201	0.02053	0.03104	0.79074	0.01201	0.01552	0.01552	0.01151	0.01652	0.00951	0.01252	0.00801	0.00451	0.00501	0.00150	0.00601	0.00451	0.00250	0.00801
60	0.00672	0.00506	0.00615	0.00606	0.00725	0.00456	0.00444	0.00854	0.01274	0.01719	0.46675	0.12832	0.25179	0.04352	0.00680	0.00181	0.00260	0.01009	0.00513	0.00449
61	0.01432	0.06803	0.01317	0.01069	0.01370	0.14258	0.00843	0.07200	0.53935	0.03669	0.01703	0.01608	0.01288	0.00636	0.00491	0.00159	0.00504	0.00502	0.00455	0.00760
62	0.01136	0.03283	0.01700	0.12630	0.12059	0.02492	0.18581	0.04312	0.18692	0.01771	0.10418	0.01913	0.04243	0.00626	0.00534	0.00163	0.00560	0.01548	0.02671	0.00670
63	0.05261	0.18007	0.03860	0.02165	0.05573	0.11991	0.00918	0.21807	0.04107	0.10837	0.01189	0.03844	0.00969	0.03907	0.00571	0.00160	0.02460	0.01291	0.00377	0.00706
64	0.68382	0.00914	0.00774	0.00712	0.00970	0.01061	0.00576	0.01365	0.00878	0.02069	0.01043	0.09446	0.02483	0.00644	0.00445	0.00167	0.05477	0.01735	0.00329	0.00530
65	0.02711	0.10313	0.29005	0.03321	0.12744	0.11088	0.10536	0.03267	0.01172	0.03673	0.02642	0.01259	0.02757	0.00520	0.00515	0.00153	0.02935	0.00431	0.00263	0.00696
66	0.00967	0.00804	0.00936	0.00796	0.01091	0.00715	0.00608	0.01392	0.16251	0.01640	0.01681	0.23362	0.01661	0.00788	0.00483	0.00133	0.00359	0.02313	0.00392	0.43626
67	0.00640	0.00507	0.00568	0.00565	0.00702	0.00444	0.00414	0.00793	0.01203	0.01540	0.26768	0.10017	0.47809	0.04931	0.00691	0.00184	0.00264	0.01033	0.00488	0.00435
68	0.11605	0.00703	0.00651	0.00601	0.00779	0.04289	0.00466	0.06698	0.01155	0.04477	0.01468	0.01658	0.01141	0.00622	0.01587	0.00137	0.00332	0.00441	0.60662	0.00526
69	0.02894	0.07635	0.05713	0.01114	0.01501	0.26154	0.06132	0.08921	0.01314	0.02847	0.02484	0.01089	0.00802	0.00485	0.00458	0.00120	0.02019	0.00363	0.00302	0.27653
70	0.00714	0.00503	0.00570	0.00571	0.00616	0.00482	0.00349	0.00752	0.00831	0.01092	0.02201	0.10626	0.13416	0.58537	0.03633	0.00410	0.00451	0.00831	0.00345	0.03069
71	0.11461	0.06731	0.05151	0.03579	0.09326	0.17602	0.05805	0.22361	0.05654	0.03361	0.01035	0.01160	0.00797	0.00634	0.03050	0.00170	0.00660	0.00410	0.00347	0.00706

[dist]
# distance from previous block
# <min> <max>
1	4

[block]
# block no. 9 follows, 49 sequences, length 15
# corresponding to MSA columns:
# 937-951
name=unknown_J
#
# <colnr> <probs for GDERKNQSTAVLIFYWHMCP>
#	G	D	E	R	K	N	Q	S	T	A	V	L	I	F	Y	W	H	M	C	P
0	0.36719	0.01130	0.03626	0.04862	0.08637	0.07415	0.07221	0.04056	0.02534	0.03361	0.05648	0.01434	0.01041	0.04290	0.04496	0.00205	0.00567	0.01842	0.00322	0.00593
1	0.01252	0.01201	0.02053	0.03104	0.79074	0.01201	0.01552	0.01552	0.01151	0.01652	0.00951	0.01252	0.00801	0.00451	0.00501	0.00150	0.00601	0.00451	0.00250	0.00801
2	0.01187	0.01330	0.02844	0.05912	0.08539	0.01266	0.67875	0.01599	0.01182	0.01607	0.01012	0.01355	0.00765	0.00432	0.00585	0.00169	0.00825	0.00579	0.00254	0.00685
3	0.01049	0.00899	0.01049	0.00749	0.01198	0.00674	0.00599	0.01273	0.01049	0.01648	0.00899	0.01049	0.00749	0.00374	0.00374	0.00075	0.00374	0.00300	0.00300	0.85320
4	0.00727	0.00524	0.00723	0.00723	0.00783	0.00584	0.00521	0.00846	0.00786	0.01108	0.01436	0.02439	0.01461	0.30625	0.53661	0.00702	0.01059	0.00608	0.00283	0.00402
5	0.01014	0.02616	0.79609	0.01441	0.02189	0.01174	0.01868	0.01601	0.01068	0.01601	0.00907	0.01068	0.00641	0.00480	0.00480	0.00160	0.00747	0.00374	0.00214	0.00747
6	0.00920	0.00855	0.01498	0.22248	0.02001	0.00906	0.19608	0.01238	0.04888	0.01427	0.01712	0.22806	0.01745	0.03814	0.00691	0.00199	0.02607	0.09951	0.00342	0.00543
7	0.00607	0.00474	0.00552	0.00613	0.00710	0.00418	0.00429	0.00714	0.01055	0.01326	0.03891	0.45476	0.39055	0.01441	0.00623	0.00189	0.00276	0.01262	0.00469	0.00418
8	0.00650	0.00503	0.00587	0.00600	0.00708	0.00466	0.00429	0.00773	0.01054	0.01352	0.12414	0.15754	0.37753	0.13282	0.11102	0.00303	0.00434	0.00990	0.00431	0.00416
9	0.00656	0.00485	0.00560	0.00591	0.00664	0.00446	0.00393	0.00743	0.00996	0.01285	0.09898	0.26519	0.26890	0.26167	0.01217	0.00278	0.00337	0.01059	0.00427	0.00390
10	0.53283	0.00927	0.00879	0.00755	0.01073	0.01001	0.00614	0.01793	0.06254	0.23046	0.01248	0.05173	0.00944	0.00582	0.00396	0.00160	0.00397	0.00415	0.00419	0.00642
11	0.03322	0.00892	0.01091	0.04252	0.08442	0.00962	0.00770	0.17644	0.06194	0.10760	0.03317	0.01625	0.01173	0.00740	0.03714	0.00173	0.05055	0.00483	0.28733	0.00658
12	0.01160	0.00897	0.01266	0.08029	0.13128	0.01001	0.00925	0.04974	0.05182	0.09792	0.20914	0.04842	0.01958	0.00779	0.00782	0.00171	0.18312	0.00611	0.02454	0.02826
13	0.15345	0.06174	0.01217	0.05048	0.07793	0.03836	0.04348	0.09420	0.06897	0.05030	0.07725	0.13604	0.05020	0.00758	0.00488	0.00160	0.00450	0.00636	0.05438	0.00612
14	0.09754	0.15560	0.13778	0.01360	0.11207	0.13401	0.02829	0.08189	0.05848	0.06814	0.02958	0.01179	0.00875	0.00534	0.00492	0.00147	0.03665	0.00397	0.00315	0.00697

[dist]
# distance from previous block
# <min> <max>
3	9

[block]
# block no. 10 follows, 49 sequences, length 21
# corresponding to MSA columns:
# 1061-1081
name=unknown_K
#
# <colnr> <probs for GDERKNQSTAVLIFYWHMCP>
#	G	D	E	R	K	N	Q	S	T	A	V	L	I	F	Y	W	H	M	C	P
0	0.01061	0.03823	0.10365	0.05533	0.05415	0.00891	0.08397	0.01381	0.03160	0.01597	0.01025	0.02723	0.00868	0.01927	0.00476	0.00120	0.00501	0.02027	0.00289	0.48421
1	0.01323	0.41307	0.11719	0.05748	0.09036	0.10690	0.05846	0.02861	0.01127	0.01373	0.00847	0.01077	0.00725	0.00476	0.00415	0.00131	0.00636	0.01950	0.00239	0.02474
2	0.27870	0.10415	0.06912	0.01119	0.09571	0.05674	0.02074	0.09470	0.02989	0.03722	0.09110	0.01503	0.03637	0.03351	0.00504	0.00161	0.00495	0.00446	0.00346	0.00632
3	0.01209	0.03499	0.07311	0.15310	0.38392	0.04430	0.08102	0.03972	0.05221	0.01637	0.03935	0.01364	0.00944	0.00509	0.00526	0.00156	0.02015	0.00472	0.00277	0.00720
4	0.00717	0.00498	0.00610	0.00650	0.00728	0.00467	0.00447	0.00863	0.03022	0.03513	0.14211	0.40780	0.14397	0.12773	0.00887	0.00228	0.00312	0.01125	0.03337	0.00432
5	0.00647	0.00505	0.00583	0.00599	0.00725	0.00447	0.00442	0.00797	0.01178	0.01514	0.22916	0.17252	0.41190	0.04025	0.00678	0.00188	0.00277	0.05118	0.00486	0.00435
6	0.00818	0.00545	0.00672	0.00649	0.00779	0.00505	0.00476	0.01009	0.02926	0.07750	0.33887	0.13257	0.19305	0.10563	0.02827	0.00223	0.00330	0.02510	0.00494	0.00475
7	0.05078	0.01400	0.01488	0.01145	0.01546	0.01552	0.00946	0.74533	0.02320	0.03152	0.01195	0.01199	0.00848	0.00602	0.00499	0.00152	0.00550	0.00448	0.00499	0.00848
8	0.00708	0.00534	0.00659	0.00624	0.00752	0.00501	0.00472	0.00915	0.01329	0.01835	0.55741	0.03890	0.22518	0.01074	0.00625	0.00163	0.02972	0.00921	0.03302	0.00467
9	0.01049	0.00899	0.01049	0.00749	0.01198	0.00674	0.00599	0.01273	0.01049	0.01648	0.00899	0.01049	0.00749	0.00374	0.00374	0.00075	0.00374	0.00300	0.00300	0.85320
10	0.01922	0.01416	0.01518	0.01163	0.01568	0.01568	0.00961	0.77388	0.02378	0.03187	0.01214	0.01214	0.00860	0.00607	0.00506	0.00152	0.00556	0.00455	0.00506	0.00860
11	0.01940	0.00840	0.01080	0.00850	0.01202	0.00749	0.00695	0.07832	0.01465	0.59512	0.02502	0.02252	0.15273	0.00743	0.00524	0.00159	0.00408	0.00606	0.00588	0.00782
12	0.00642	0.00494	0.00587	0.00606	0.00721	0.00439	0.00438	0.00797	0.01197	0.01569	0.29310	0.25290	0.33529	0.01279	0.00610	0.00176	0.00260	0.01116	0.00499	0.00439
13	0.01106	0.01106	0.01549	0.01328	0.01328	0.01549	0.01106	0.01217	0.00774	0.01217	0.00664	0.01106	0.00664	0.00885	0.01659	0.00221	0.81303	0.00443	0.00221	0.00553
14	0.01922	0.01416	0.01518	0.01163	0.01568	0.01568	0.00961	0.77388	0.02378	0.03187	0.01214	0.01214	0.00860	0.00607	0.00506	0.00152	0.00556	0.00455	0.00506	0.00860
15	0.01110	0.01116	0.01603	0.01358	0.01377	0.01539	0.03974	0.01232	0.00790	0.01232	0.00677	0.01116	0.00668	0.00868	0.01619	0.00219	0.78273	0.00448	0.00223	0.00558
16	0.01252	0.01201	0.02053	0.03104	0.79074	0.01201	0.01552	0.01552	0.01151	0.01652	0.00951	0.01252	0.00801	0.00451	0.00501	0.00150	0.00601	0.00451	0.00250	0.00801
17	0.01049	0.00899	0.01049	0.00749	0.01198	0.00674	0.00599	0.01273	0.01049	0.01648	0.00899	0.01049	0.00749	0.00374	0.00374	0.00075	0.00374	0.00300	0.00300	0.85320
18	0.01096	0.00897	0.01053	0.00755	0.01202	0.00677	0.00605	0.01320	0.01064	0.04690	0.00942	0.01075	0.00769	0.00384	0.00380	0.00078	0.00377	0.00308	0.00312	0.82016
19	0.00617	0.00448	0.00583	0.00686	0.00730	0.00414	0.00462	0.00713	0.00997	0.01317	0.05057	0.73052	0.09975	0.01543	0.00640	0.00201	0.00289	0.01391	0.00472	0.00414
20	0.00922	0.00832	0.04092	0.00833	0.01039	0.02481	0.02244	0.04699	0.19773	0.01776	0.18960	0.18179	0.13993	0.01092	0.03089	0.00190	0.00392	0.00860	0.01945	0.02609

[dist]
# distance from previous block
# <min> <max>
0	88

[block]
# block no. 11 follows, 49 sequences, length 6
# corresponding to MSA columns:
# 1170-1175
name=unknown_L
#
# <colnr> <probs for GDERKNQSTAVLIFYWHMCP>
