[name]
unknown

[dist]
# distance from previous block
# <min> <max>
0	378

[block]
# block no. 0 follows, 59 sequences, length 63
# corresponding to MSA columns:
# 386-448
name=unknown_A
#
# <colnr> <probs for GDERKNQSTAVLIFYWHMCP>
#	G	D	E	R	K	N	Q	S	T	A	V	L	I	F	Y	W	H	M	C	P
0	0.00725	0.04720	0.00774	0.00783	0.00898	0.00561	0.00682	0.00917	0.01008	0.01305	0.04600	0.04644	0.04977	0.03216	0.00629	0.00200	0.00399	0.68156	0.00395	0.00410
1	0.02817	0.00473	0.00531	0.00516	0.00539	0.00487	0.00311	0.02986	0.00698	0.00956	0.01419	0.02754	0.03479	0.74391	0.04150	0.00409	0.01890	0.00624	0.00274	0.00296
2	0.01081	0.01009	0.01664	0.02442	0.70771	0.01012	0.01249	0.05529	0.01067	0.01511	0.03536	0.03365	0.02861	0.00460	0.00445	0.00133	0.00498	0.00442	0.00249	0.00677
3	0.01039	0.00991	0.01680	0.10703	0.69752	0.01008	0.01293	0.01296	0.00989	0.01397	0.00957	0.03306	0.02737	0.00442	0.00443	0.00134	0.00517	0.00429	0.00226	0.00662
4	0.00642	0.00428	0.00482	0.00482	0.00482	0.00428	0.00268	0.00642	0.00642	0.00856	0.01392	0.02890	0.01606	0.84478	0.02248	0.00428	0.00428	0.00642	0.00268	0.00268
5	0.01164	0.68789	0.10802	0.00828	0.01220	0.06555	0.00848	0.01346	0.00931	0.01098	0.02617	0.00801	0.00654	0.00400	0.00311	0.00102	0.00505	0.00263	0.00198	0.00569
6	0.00914	0.10055	0.74662	0.01211	0.01838	0.01094	0.01549	0.01392	0.00929	0.01365	0.00776	0.00911	0.00560	0.00416	0.00407	0.00136	0.00636	0.00318	0.00187	0.00645
7	0.01093	0.01049	0.01793	0.02711	0.81723	0.01049	0.01355	0.01355	0.01006	0.01443	0.00831	0.01093	0.00700	0.00394	0.00437	0.00131	0.00525	0.00394	0.00219	0.00700
8	0.00984	0.29776	0.55560	0.01091	0.01652	0.01266	0.01340	0.01373	0.00921	0.01279	0.00733	0.00858	0.00562	0.00406	0.00374	0.00125	0.00593	0.00296	0.00187	0.00624
9	0.04612	0.01271	0.01298	0.01008	0.01352	0.05804	0.00828	0.73262	0.01986	0.02663	0.01025	0.01034	0.00732	0.00522	0.00434	0.00132	0.00498	0.00386	0.00424	0.00729
10	0.00577	0.00448	0.00524	0.00508	0.00631	0.00396	0.00380	0.00739	0.01133	0.01498	0.45223	0.05242	0.39095	0.01009	0.00522	0.00144	0.00216	0.00868	0.00450	0.00396
11	0.01635	0.01209	0.01295	0.00998	0.01344	0.01337	0.00823	0.76525	0.03566	0.02721	0.01170	0.01161	0.03020	0.00548	0.00444	0.00133	0.00476	0.00415	0.00441	0.00740
12	0.66912	0.00901	0.00762	0.00652	0.00931	0.01029	0.00536	0.15931	0.01007	0.02112	0.00743	0.00832	0.00565	0.00438	0.00307	0.00134	0.00361	0.00278	0.05045	0.00525
13	0.00667	0.00522	0.00614	0.00585	0.00719	0.00505	0.00443	0.00999	0.12730	0.01613	0.47185	0.05765	0.22676	0.00932	0.00514	0.00145	0.00238	0.02245	0.00458	0.00445
14	0.00960	0.01057	0.02256	0.01650	0.02028	0.00991	0.66689	0.01286	0.01021	0.01384	0.03360	0.12918	0.01084	0.00529	0.00527	0.00153	0.00661	0.00632	0.00257	0.00557
15	0.01042	0.01191	0.02606	0.01862	0.02308	0.01117	0.80119	0.01415	0.01042	0.01415	0.00894	0.01191	0.00670	0.00372	0.00521	0.00149	0.00745	0.00521	0.00223	0.00596
16	0.00538	0.00384	0.00512	0.00615	0.00641	0.00359	0.00410	0.00615	0.00846	0.01127	0.02434	0.84190	0.02921	0.01384	0.00564	0.00179	0.00256	0.01256	0.00410	0.00359
17	0.01093	0.01049	0.01793	0.02711	0.81723	0.01049	0.01355	0.01355	0.01006	0.01443	0.00831	0.01093	0.00700	0.00394	0.00437	0.00131	0.00525	0.00394	0.00219	0.00700
18	0.01679	0.01237	0.01325	0.01016	0.01370	0.01370	0.00839	0.80251	0.02077	0.02783	0.01060	0.01060	0.00751	0.00530	0.00442	0.00133	0.00486	0.00398	0.00442	0.00751
19	0.01679	0.01237	0.01325	0.01016	0.01370	0.01370	0.00839	0.80251	0.02077	0.02783	0.01060	0.01060	0.00751	0.00530	0.00442	0.00133	0.00486	0.00398	0.00442	0.00751
20	0.00621	0.00451	0.00584	0.00551	0.00657	0.00415	0.00413	0.00825	0.01240	0.01746	0.78141	0.03340	0.07532	0.00912	0.00521	0.00139	0.00209	0.00805	0.00483	0.00415
21	0.01042	0.01191	0.02606	0.01862	0.02308	0.01117	0.80119	0.01415	0.01042	0.01415	0.00894	0.01191	0.00670	0.00372	0.00521	0.00149	0.00745	0.00521	0.00223	0.00596
22	0.01093	0.01049	0.01793	0.02711	0.81723	0.01049	0.01355	0.01355	0.01006	0.01443	0.00831	0.01093	0.00700	0.00394	0.00437	0.00131	0.00525	0.00394	0.00219	0.00700
23	0.77744	0.00888	0.00720	0.00626	0.00908	0.01019	0.00516	0.08659	0.00886	0.03799	0.00681	0.00766	0.00517	0.00424	0.00293	0.00136	0.00356	0.00258	0.00295	0.00510
24	0.00522	0.00447	0.00447	0.00447	0.00597	0.00373	0.00336	0.00634	0.01007	0.01193	0.04474	0.04250	0.81544	0.01119	0.00522	0.00149	0.00224	0.00932	0.00410	0.00373
25	0.00840	0.00791	0.01336	0.81517	0.04894	0.00983	0.01230	0.01134	0.00886	0.01136	0.00786	0.01176	0.00591	0.00440	0.00441	0.00147	0.00587	0.00393	0.00197	0.00496
26	0.03341	0.01133	0.01146	0.00928	0.01240	0.11461	0.00747	0.29179	0.16953	0.27160	0.01360	0.01272	0.00945	0.00537	0.00435	0.00135	0.00462	0.00414	0.00445	0.00705
27	0.01062	0.01018	0.01737	0.12331	0.72344	0.01041	0.01340	0.01328	0.00991	0.01405	0.00825	0.01103	0.00686	0.00399	0.00438	0.00133	0.00532	0.00393	0.00216	0.00675
28	0.00537	0.00388	0.00508	0.00605	0.00638	0.00360	0.00405	0.00616	0.00856	0.01132	0.02561	0.79236	0.07794	0.01367	0.00561	0.00177	0.00254	0.01236	0.00410	0.00360
29	0.00560	0.00424	0.00578	0.00628	0.00690	0.00390	0.02971	0.00662	0.00907	0.01200	0.09416	0.64244	0.13130	0.01276	0.00553	0.00171	0.00264	0.01151	0.00411	0.00373
30	0.00944	0.18610	0.66376	0.01159	0.01758	0.01169	0.01458	0.01384	0.00926	0.01328	0.00757	0.00888	0.00561	0.00411	0.00393	0.00131	0.00617	0.00309	0.00187	0.00636
31	0.00963	0.00846	0.01419	0.01137	0.01388	0.00841	0.28961	0.09069	0.11900	0.04093	0.01606	0.29696	0.01570	0.00775	0.00508	0.00156	0.00468	0.00751	0.03309	0.00543
32	0.00634	0.00462	0.00655	0.00655	0.00715	0.00522	0.00484	0.00754	0.00694	0.00985	0.01233	0.02011	0.01224	0.22711	0.63493	0.00642	0.01003	0.00514	0.00244	0.00364
33	0.00915	0.00821	0.02887	0.00669	0.01068	0.00599	0.00550	0.01119	0.00916	0.01438	0.00785	0.00916	0.00652	0.00329	0.00329	0.00067	0.00335	0.00263	0.00260	0.85079
34	0.00881	0.02824	0.03401	0.01051	0.05177	0.01050	0.00819	0.01083	0.06801	0.01146	0.01027	0.11065	0.01043	0.07388	0.08000	0.00240	0.44308	0.00518	0.00250	0.01929
35	0.00536	0.00393	0.00503	0.00592	0.00635	0.00361	0.00400	0.00618	0.00868	0.01137	0.02716	0.73149	0.13780	0.01347	0.00558	0.00175	0.00252	0.01211	0.00410	0.00361
36	0.00972	0.14963	0.66834	0.01164	0.01762	0.01123	0.01460	0.01415	0.00939	0.04343	0.00800	0.00919	0.00580	0.00418	0.00399	0.00133	0.00615	0.00317	0.00200	0.00643
37	0.13837	0.09311	0.04911	0.01095	0.07686	0.22945	0.00844	0.19933	0.11072	0.01740	0.00906	0.00975	0.00704	0.00475	0.00405	0.00128	0.01777	0.00338	0.00305	0.00612
38	0.00765	0.00666	0.00946	0.00869	0.00909	0.00860	0.00692	0.00885	0.00691	0.01025	0.00961	0.01531	0.00940	0.09470	0.43255	0.00479	0.33962	0.00454	0.00222	0.00419
39	0.00540	0.00441	0.00478	0.00484	0.00612	0.00378	0.00357	0.00664	0.01028	0.01279	0.16709	0.13103	0.60163	0.01114	0.00527	0.00151	0.00225	0.00947	0.00422	0.00378
40	0.01162	0.79375	0.07515	0.00788	0.01184	0.01701	0.00813	0.01327	0.00900	0.01063	0.00626	0.00723	0.00566	0.00381	0.00292	0.00097	0.00484	0.00242	0.00189	0.00572
41	0.04294	0.00910	0.01264	0.01029	0.01281	0.07371	0.19359	0.06923	0.09356	0.11870	0.13195	0.14609	0.01730	0.00709	0.00490	0.00149	0.00459	0.04068	0.00381	0.00555
42	0.00541	0.00448	0.00474	0.00468	0.00608	0.00381	0.00351	0.00671	0.01052	0.01302	0.18957	0.04072	0.66993	0.01078	0.00522	0.00147	0.00221	0.00907	0.00424	0.00381
43	0.00541	0.00402	0.00505	0.00585	0.00639	0.00366	0.00403	0.00630	0.00890	0.01156	0.04073	0.64283	0.19230	0.01317	0.00556	0.00173	0.00253	0.03225	0.00411	0.00364
44	0.00916	0.00785	0.00916	0.00654	0.01047	0.00589	0.00523	0.01112	0.00916	0.01439	0.00785	0.00916	0.00654	0.00327	0.00327	0.00065	0.00327	0.00262	0.00262	0.87178
45	0.01093	0.01049	0.01793	0.02711	0.81723	0.01049	0.01355	0.01355	0.01006	0.01443	0.00831	0.01093	0.00700	0.00394	0.00437	0.00131	0.00525	0.00394	0.00219	0.00700
46	0.01093	0.01049	0.01793	0.02711	0.81723	0.01049	0.01355	0.01355	0.01006	0.01443	0.00831	0.01093	0.00700	0.00394	0.00437	0.00131	0.00525	0.00394	0.00219	0.00700
47	0.01159	0.78552	0.08312	0.00793	0.01192	0.01693	0.00821	0.01328	0.00900	0.01066	0.00627	0.00725	0.00566	0.00381	0.00294	0.00098	0.00486	0.00243	0.00189	0.00573
48	0.01535	0.01017	0.01099	0.00902	0.01197	0.08014	0.01984	0.18052	0.25329	0.28978	0.05994	0.01491	0.01220	0.00568	0.00447	0.00138	0.00423	0.00459	0.00460	0.00694
49	0.00625	0.00428	0.00520	0.00535	0.00551	0.00436	0.00331	0.00660	0.00683	0.00922	0.01517	0.14879	0.01729	0.60133	0.13814	0.00432	0.00513	0.00709	0.00284	0.00300
50	0.00869	0.00820	0.01387	0.72612	0.13575	0.00990	0.01244	0.01159	0.00900	0.01171	0.00791	0.01166	0.00604	0.00435	0.00441	0.00145	0.00580	0.00393	0.00199	0.00519
51	0.00529	0.00436	0.00466	0.00490	0.00612	0.00373	0.00359	0.00636	0.00973	0.01182	0.04005	0.20929	0.63524	0.01176	0.00533	0.00157	0.00234	0.02607	0.00410	0.00371
52	0.00762	0.00481	0.00617	0.00573	0.00704	0.00434	0.00433	0.00944	0.01191	0.10897	0.56652	0.09215	0.13550	0.00925	0.00515	0.00143	0.00233	0.00809	0.00478	0.00445
53	0.01093	0.01049	0.01793	0.02711	0.81723	0.01049	0.01355	0.01355	0.01006	0.01443	0.00831	0.01093	0.00700	0.00394	0.00437	0.00131	0.00525	0.00394	0.00219	0.00700
54	0.00823	0.00412	0.00412	0.00412	0.00515	0.00412	0.00309	0.01029	0.00926	0.01647	0.01441	0.01647	0.01132	0.00515	0.00309	0.00103	0.00206	0.00412	0.86930	0.00412
55	0.00970	0.00977	0.01413	0.01193	0.01215	0.01341	0.04759	0.01080	0.00694	0.01080	0.00595	0.00977	0.00584	0.00754	0.01405	0.00191	0.79697	0.00393	0.00195	0.00489
56	0.01157	0.78069	0.08780	0.00796	0.01197	0.01689	0.00827	0.01329	0.00900	0.01068	0.00628	0.00727	0.00566	0.00381	0.00294	0.00098	0.00487	0.00243	0.00189	0.00574
57	0.00966	0.00966	0.01353	0.01160	0.01160	0.01353	0.00966	0.01063	0.00676	0.01063	0.00580	0.00966	0.00580	0.00773	0.01449	0.00193	0.83670	0.00387	0.00193	0.00483
58	0.00533	0.00445	0.00464	0.00465	0.00605	0.00377	0.00347	0.00653	0.01024	0.01247	0.11960	0.07346	0.70805	0.01108	0.00524	0.00149	0.00223	0.00932	0.00418	0.00377
59	0.00886	0.02285	0.82190	0.01259	0.01912	0.01026	0.01632	0.01399	0.00932	0.01399	0.00793	0.00932	0.00559	0.00420	0.00420	0.00140	0.00653	0.00326	0.00186	0.00653
60	0.00524	0.00438	0.00457	0.00473	0.00603	0.00371	0.00347	0.00631	0.00982	0.01183	0.04161	0.16531	0.69466	0.01159	0.00528	0.00154	0.00229	0.00982	0.00410	0.00371
61	0.00572	0.00444	0.00526	0.00575	0.00677	0.00401	0.00438	0.00695	0.00964	0.01210	0.05081	0.25589	0.40113	0.02872	0.00587	0.00174	0.00276	0.18023	0.00408	0.00375
62	0.00662	0.00458	0.00591	0.00560	0.00671	0.00418	0.00419	0.00854	0.01207	0.04673	0.67804	0.08565	0.09573	0.00937	0.00521	0.00142	0.00219	0.00825	0.00478	0.00422

[dist]
# distance from previous block
# <min> <max>
0	3

[block]
# block no. 1 follows, 59 sequences, length 20
# corresponding to MSA columns:
# 454-473
name=unknown_B
#
# <colnr> <probs for GDERKNQSTAVLIFYWHMCP>
#	G	D	E	R	K	N	Q	S	T	A	V	L	I	F	Y	W	H	M	C	P
0	0.87598	0.00854	0.00649	0.00581	0.00854	0.00991	0.00478	0.01298	0.00752	0.01982	0.00615	0.00717	0.00478	0.00410	0.00273	0.00137	0.00342	0.00239	0.00273	0.00478
1	0.00970	0.25691	0.59517	0.01116	0.01691	0.01231	0.01383	0.01377	0.00923	0.01297	0.00742	0.00869	0.00562	0.00408	0.00381	0.00127	0.00602	0.00301	0.00187	0.00628
2	0.00654	0.00557	0.00936	0.00852	0.00976	0.00519	0.16868	0.00801	0.00901	0.01215	0.02209	0.57774	0.07722	0.01116	0.00540	0.00167	0.00353	0.01043	0.04387	0.00411
3	0.00656	0.00435	0.00597	0.00644	0.00712	0.00402	0.01997	0.00760	0.00921	0.06698	0.09104	0.65831	0.05543	0.01254	0.00551	0.00172	0.00272	0.02633	0.00422	0.00396
4	0.00642	0.00428	0.00482	0.00482	0.00482	0.00428	0.00268	0.00642	0.00642	0.00856	0.01392	0.02890	0.01606	0.84478	0.02248	0.00428	0.00428	0.00642	0.00268	0.00268
5	0.00642	0.00431	0.00494	0.00494	0.00498	0.00435	0.00283	0.00650	0.00646	0.00866	0.01380	0.02827	0.01578	0.80067	0.06622	0.00443	0.00469	0.00633	0.00266	0.00275
6	0.00839	0.00791	0.01326	0.80486	0.02975	0.00994	0.01217	0.01126	0.00876	0.01126	0.00778	0.01170	0.00588	0.00453	0.00477	0.00149	0.03549	0.00392	0.00196	0.00490
7	0.01025	0.01081	0.01943	0.01486	0.01708	0.01242	0.38285	0.03764	0.00894	0.01284	0.00743	0.01075	0.00628	0.00576	0.00979	0.00170	0.41905	0.00450	0.00215	0.00545
8	0.00834	0.00785	0.01325	0.83417	0.03042	0.00981	0.01227	0.01128	0.00883	0.01128	0.00785	0.01178	0.00589	0.00442	0.00442	0.00147	0.00589	0.00393	0.00196	0.00491
9	0.00969	0.15561	0.65565	0.01172	0.01761	0.04933	0.01455	0.01403	0.00942	0.01326	0.00759	0.00890	0.00561	0.00415	0.00397	0.00131	0.00630	0.00310	0.00189	0.00632
10	0.71885	0.05428	0.00789	0.00621	0.00900	0.01041	0.00518	0.08144	0.00882	0.01986	0.00687	0.00785	0.00534	0.00423	0.00290	0.00133	0.00356	0.00260	0.03834	0.00504
11	0.01056	0.00954	0.01320	0.00992	0.01346	0.05662	0.18115	0.06213	0.01058	0.04787	0.02617	0.02901	0.00894	0.00455	0.00430	0.00107	0.01910	0.04634	0.00288	0.44260
12	0.00767	0.00384	0.00575	0.00575	0.00575	0.00384	0.00384	0.00575	0.00575	0.00767	0.00767	0.01343	0.00767	0.01534	0.01726	0.87150	0.00384	0.00384	0.00192	0.00192
13	0.00687	0.00495	0.00684	0.00776	0.00874	0.00493	0.00665	0.00875	0.00993	0.01290	0.02417	0.09920	0.06948	0.01311	0.03967	0.00220	0.00419	0.66167	0.00400	0.00401
14	0.00916	0.00785	0.00916	0.00654	0.01047	0.00589	0.00523	0.01112	0.00916	0.01439	0.00785	0.00916	0.00654	0.00327	0.00327	0.00065	0.00327	0.00262	0.00262	0.87178
15	0.01125	0.00962	0.01013	0.00904	0.01158	0.01111	0.00705	0.05866	0.77364	0.01890	0.01764	0.01621	0.01321	0.00596	0.00449	0.00149	0.00356	0.00495	0.00449	0.00701
16	0.00538	0.00384	0.00512	0.00615	0.00641	0.00359	0.00410	0.00615	0.00846	0.01127	0.02434	0.84190	0.02921	0.01384	0.00564	0.00179	0.00256	0.01256	0.00410	0.00359
17	0.00923	0.00875	0.01485	0.55848	0.29919	0.01005	0.01271	0.01206	0.00925	0.01236	0.00801	0.01149	0.00627	0.00425	0.00440	0.00142	0.00567	0.00393	0.00204	0.00562
18	0.00542	0.00386	0.00511	0.00610	0.00634	0.00362	0.00404	0.00616	0.00837	0.01117	0.02392	0.80924	0.02868	0.04722	0.00631	0.00189	0.00263	0.01231	0.00404	0.00355
19	0.00556	0.00396	0.00524	0.00608	0.00635	0.00381	0.00406	0.00631	0.00814	0.01091	0.02229	0.69345	0.02644	0.10215	0.07068	0.00246	0.00346	0.01131	0.00382	0.00352

[dist]
# distance from previous block
# <min> <max>
0	6

[block]
# block no. 2 follows, 59 sequences, length 45
# corresponding to MSA columns:
# 480-524
name=unknown_C
#
# <colnr> <probs for GDERKNQSTAVLIFYWHMCP>
#	G	D	E	R	K	N	Q	S	T	A	V	L	I	F	Y	W	H	M	C	P
0	0.00950	0.00947	0.01320	0.01134	0.01139	0.01317	0.00943	0.01047	0.00688	0.01068	0.00722	0.01086	0.03534	0.00786	0.01416	0.00192	0.80625	0.00406	0.00201	0.00479
1	0.01106	0.01048	0.01761	0.05204	0.76301	0.01059	0.01333	0.04227	0.01041	0.01482	0.00838	0.01095	0.00698	0.00400	0.00438	0.00132	0.00525	0.00394	0.00226	0.00695
2	0.00654	0.03537	0.00714	0.00657	0.00728	0.00566	0.00492	0.00773	0.00701	0.00986	0.01212	0.01973	0.01204	0.22522	0.60567	0.00620	0.00977	0.00505	0.00242	0.00370
3	0.00916	0.00785	0.00916	0.00654	0.01047	0.00589	0.00523	0.01112	0.00916	0.01439	0.00785	0.00916	0.00654	0.00327	0.00327	0.00065	0.00327	0.00262	0.00262	0.87178
4	0.00640	0.00435	0.00518	0.00518	0.00532	0.00446	0.00314	0.00669	0.00667	0.00903	0.03244	0.02727	0.01591	0.70389	0.14229	0.00463	0.00536	0.00621	0.00268	0.00290
5	0.00639	0.00432	0.00494	0.00503	0.00515	0.00429	0.00299	0.00656	0.00682	0.00902	0.01583	0.05539	0.04464	0.74442	0.02046	0.00398	0.00415	0.04996	0.00285	0.00282
6	0.00554	0.00396	0.00526	0.00604	0.00644	0.00369	0.00411	0.00654	0.00917	0.01241	0.16439	0.69860	0.03142	0.01299	0.00556	0.00172	0.00248	0.01175	0.00423	0.00369
7	0.01082	0.00935	0.01022	0.00775	0.01158	0.03872	0.00603	0.01300	0.05703	0.01566	0.00968	0.01129	0.00812	0.00434	0.00393	0.00097	0.00391	0.00320	0.00314	0.77126
8	0.00750	0.00561	0.00813	0.03925	0.09060	0.00556	0.00717	0.00912	0.00954	0.01264	0.03267	0.07354	0.04891	0.02486	0.00706	0.08669	0.00404	0.48814	0.00353	0.03544
9	0.00951	0.01587	0.34582	0.01548	0.02054	0.01037	0.43983	0.01363	0.00987	0.01392	0.00940	0.05757	0.00752	0.00448	0.00483	0.00147	0.00680	0.00484	0.00219	0.00605
10	0.01035	0.01177	0.02560	0.04805	0.02335	0.01112	0.77272	0.01404	0.01037	0.01404	0.00890	0.01191	0.00667	0.00375	0.00518	0.00149	0.00739	0.00517	0.00222	0.00592
11	0.00625	0.00451	0.00590	0.00556	0.00660	0.00417	0.00417	0.00833	0.01250	0.01771	0.81490	0.03299	0.04167	0.00903	0.00521	0.00139	0.00208	0.00799	0.00486	0.00417
12	0.01181	0.84744	0.02314	0.00756	0.01134	0.01748	0.00756	0.01323	0.00897	0.01039	0.00614	0.00708	0.00567	0.00378	0.00283	0.00094	0.00472	0.00236	0.00189	0.00567
13	0.01059	0.01009	0.01716	0.04101	0.75945	0.01011	0.01303	0.01312	0.00995	0.01420	0.00915	0.05516	0.00816	0.00447	0.00444	0.00134	0.00512	0.00439	0.00228	0.00678
14	0.87598	0.00854	0.00649	0.00581	0.00854	0.00991	0.00478	0.01298	0.00752	0.01982	0.00615	0.00717	0.00478	0.00410	0.00273	0.00137	0.00342	0.00239	0.00273	0.00478
15	0.01982	0.00752	0.01025	0.00786	0.01127	0.00649	0.00649	0.02152	0.01264	0.82029	0.01742	0.01503	0.01093	0.00547	0.00444	0.00137	0.00376	0.00444	0.00547	0.00752
16	0.00522	0.00447	0.00447	0.00447	0.00597	0.00373	0.00336	0.00634	0.01007	0.01193	0.04474	0.04250	0.81544	0.01119	0.00522	0.00149	0.00224	0.00932	0.00410	0.00373
17	0.00882	0.00834	0.01412	0.68410	0.17672	0.00994	0.01251	0.01171	0.00906	0.01187	0.00794	0.01162	0.00609	0.00433	0.00441	0.00144	0.00577	0.00393	0.00200	0.00529
18	0.00642	0.00429	0.00487	0.00487	0.00489	0.00431	0.00274	0.00646	0.00644	0.00860	0.01387	0.02865	0.01595	0.82672	0.04039	0.00434	0.00445	0.00639	0.00267	0.00270
19	0.00625	0.00451	0.00590	0.00556	0.00660	0.00417	0.00417	0.00833	0.01250	0.01771	0.81490	0.03299	0.04167	0.00903	0.00521	0.00139	0.00208	0.00799	0.00486	0.00417
20	0.00547	0.00391	0.00523	0.00626	0.00655	0.00367	0.00426	0.00631	0.00855	0.01138	0.02429	0.79975	0.02901	0.01375	0.00566	0.00181	0.00264	0.05379	0.00410	0.00361
21	0.01679	0.01237	0.01325	0.01016	0.01370	0.01370	0.00839	0.80251	0.02077	0.02783	0.01060	0.01060	0.00751	0.00530	0.00442	0.00133	0.00486	0.00398	0.00442	0.00751
22	0.87598	0.00854	0.00649	0.00581	0.00854	0.00991	0.00478	0.01298	0.00752	0.01982	0.00615	0.00717	0.00478	0.00410	0.00273	0.00137	0.00342	0.00239	0.00273	0.00478
23	0.01982	0.00752	0.01025	0.00786	0.01127	0.00649	0.00649	0.02152	0.01264	0.82029	0.01742	0.01503	0.01093	0.00547	0.00444	0.00137	0.00376	0.00444	0.00547	0.00752
24	0.01633	0.02079	0.01289	0.01158	0.01392	0.80423	0.03070	0.01754	0.01246	0.01090	0.00689	0.00808	0.00572	0.00453	0.00402	0.00115	0.00795	0.00291	0.00227	0.00514
25	0.00528	0.00448	0.00456	0.00454	0.00600	0.00376	0.00341	0.00646	0.01022	0.01229	0.09210	0.04192	0.76786	0.01105	0.00522	0.00149	0.00223	0.00924	0.00415	0.00376
26	0.00712	0.00508	0.00712	0.00813	0.00915	0.00508	0.00712	0.00915	0.01017	0.01322	0.02338	0.04982	0.02542	0.01220	0.00610	0.00203	0.00407	0.78750	0.00407	0.00407
27	0.00823	0.00412	0.00412	0.00412	0.00515	0.00412	0.00309	0.01029	0.00926	0.01647	0.01441	0.01647	0.01132	0.00515	0.00309	0.00103	0.00206	0.00412	0.86930	0.00412
28	0.00916	0.00785	0.00916	0.00654	0.01047	0.00589	0.00523	0.01112	0.00916	0.01439	0.00785	0.00916	0.00654	0.00327	0.00327	0.00065	0.00327	0.00262	0.00262	0.87178
29	0.87598	0.00854	0.00649	0.00581	0.00854	0.00991	0.00478	0.01298	0.00752	0.01982	0.00615	0.00717	0.00478	0.00410	0.00273	0.00137	0.00342	0.00239	0.00273	0.00478
30	0.00538	0.00384	0.00512	0.00615	0.00641	0.00359	0.00410	0.00615	0.00846	0.01127	0.02434	0.84190	0.02921	0.01384	0.00564	0.00179	0.00256	0.01256	0.00410	0.00359
31	0.01099	0.00949	0.00999	0.00899	0.01148	0.01099	0.00699	0.02347	0.80925	0.01848	0.01798	0.01648	0.01348	0.00599	0.00449	0.00150	0.00350	0.00499	0.00449	0.00699
32	0.01679	0.01237	0.01325	0.01016	0.01370	0.01370	0.00839	0.80251	0.02077	0.02783	0.01060	0.01060	0.00751	0.00530	0.00442	0.00133	0.00486	0.00398	0.00442	0.00751
33	0.01006	0.00885	0.02534	0.01262	0.24324	0.00731	0.00786	0.01225	0.00955	0.04410	0.00834	0.00989	0.00682	0.00356	0.00365	0.00088	0.00391	0.00307	0.00259	0.57611
34	0.84431	0.00900	0.00671	0.00601	0.00873	0.04002	0.00492	0.01315	0.00770	0.01948	0.00617	0.00720	0.00482	0.00412	0.00278	0.00136	0.00358	0.00241	0.00272	0.00480
35	0.01982	0.00752	0.01025	0.00786	0.01127	0.00649	0.00649	0.02152	0.01264	0.82029	0.01742	0.01503	0.01093	0.00547	0.00444	0.00137	0.00376	0.00444	0.00547	0.00752
36	0.00963	0.00882	0.01493	0.12121	0.45515	0.00896	0.08094	0.01214	0.00974	0.01387	0.01175	0.03139	0.04743	0.02474	0.00487	0.00143	0.00491	0.03488	0.09731	0.00589
37	0.00702	0.00505	0.00698	0.00794	0.00898	0.00501	0.00692	0.00900	0.01016	0.01315	0.02452	0.04943	0.06746	0.01215	0.00605	0.00200	0.00397	0.74610	0.00407	0.00405
38	0.01141	0.01060	0.05323	0.00913	0.01180	0.05257	0.00753	0.11172	0.54670	0.01845	0.01669	0.01727	0.02799	0.00615	0.00449	0.00147	0.00400	0.04678	0.03542	0.00661
39	0.01054	0.08959	0.04672	0.01002	0.10002	0.00889	0.03111	0.06981	0.08534	0.03005	0.00910	0.01014	0.00727	0.00389	0.00367	0.00095	0.00403	0.00320	0.00281	0.47284
40	0.00949	0.00544	0.00709	0.00621	0.00784	0.00501	0.00481	0.04037	0.01284	0.18680	0.61762	0.02839	0.03395	0.00814	0.00502	0.00138	0.00254	0.00709	0.00497	0.00499
41	0.01021	0.24531	0.28715	0.00904	0.01370	0.02284	0.00975	0.02689	0.02248	0.02816	0.02066	0.00925	0.00674	0.00395	0.00356	0.00104	0.00486	0.00295	0.00231	0.26913
42	0.01104	0.01061	0.01825	0.02626	0.75615	0.01060	0.05535	0.03207	0.01033	0.01473	0.00839	0.01098	0.00699	0.00396	0.00442	0.00132	0.00535	0.00400	0.00224	0.00695
43	0.60792	0.10366	0.03903	0.00795	0.05058	0.10326	0.00637	0.01360	0.00844	0.01727	0.00640	0.00752	0.00512	0.00411	0.00302	0.00129	0.00428	0.00255	0.00253	0.00509
44	0.01136	0.00966	0.01143	0.00976	0.01248	0.01083	0.07610	0.05500	0.66586	0.04447	0.01736	0.01627	0.02741	0.00584	0.00457	0.00149	0.00388	0.00503	0.00432	0.00688

[dist]
# distance from previous block
# <min> <max>
0	2

[block]
# block no. 3 follows, 59 sequences, length 49
# corresponding to MSA columns:
# 530-578
name=unknown_D
#
# <colnr> <probs for GDERKNQSTAVLIFYWHMCP>
#	G	D	E	R	K	N	Q	S	T	A	V	L	I	F	Y	W	H	M	C	P
0	0.01948	0.00742	0.01007	0.00775	0.01110	0.00642	0.00639	0.02120	0.01254	0.79708	0.01734	0.01507	0.01094	0.00546	0.00440	0.00136	0.00371	0.00443	0.03041	0.00742
1	0.00572	0.00449	0.00517	0.00500	0.00627	0.00394	0.00375	0.00731	0.01125	0.01474	0.41965	0.03787	0.43877	0.01014	0.00521	0.00144	0.00216	0.00867	0.00447	0.00394
2	0.00700	0.00503	0.00697	0.00795	0.00896	0.00499	0.00690	0.00897	0.01011	0.01312	0.02414	0.07244	0.05233	0.01221	0.00606	0.00201	0.00396	0.73873	0.00407	0.00404
3	0.01982	0.00752	0.01025	0.00786	0.01127	0.00649	0.00649	0.02152	0.01264	0.82029	0.01742	0.01503	0.01093	0.00547	0.00444	0.00137	0.00376	0.00444	0.00547	0.00752
4	0.00886	0.02285	0.82190	0.01259	0.01912	0.01026	0.01632	0.01399	0.00932	0.01399	0.00793	0.00932	0.00559	0.00420	0.00420	0.00140	0.00653	0.00326	0.00186	0.00653
5	0.87598	0.00854	0.00649	0.00581	0.00854	0.00991	0.00478	0.01298	0.00752	0.01982	0.00615	0.00717	0.00478	0.00410	0.00273	0.00137	0.00342	0.00239	0.00273	0.00478
6	0.01093	0.01049	0.01793	0.02711	0.81723	0.01049	0.01355	0.01355	0.01006	0.01443	0.00831	0.01093	0.00700	0.00394	0.00437	0.00131	0.00525	0.00394	0.00219	0.00700
7	0.01018	0.05150	0.24475	0.01588	0.02075	0.02494	0.49762	0.01458	0.04902	0.01409	0.00894	0.01114	0.00666	0.00398	0.00477	0.00143	0.00689	0.00450	0.00223	0.00614
8	0.00991	0.01008	0.01349	0.01159	0.01167	0.04318	0.00962	0.01088	0.00697	0.01064	0.00584	0.00960	0.00579	0.00761	0.01411	0.00190	0.80649	0.00383	0.00195	0.00484
9	0.01939	0.00739	0.01003	0.00772	0.01105	0.00640	0.00637	0.02111	0.01252	0.79099	0.01731	0.01508	0.01095	0.00545	0.00439	0.00135	0.00370	0.00443	0.03696	0.00739
10	0.00538	0.00386	0.00511	0.00611	0.00640	0.00359	0.00408	0.00615	0.00849	0.01129	0.02480	0.82388	0.04693	0.01378	0.00563	0.00179	0.00256	0.01248	0.00410	0.00359
11	0.01975	0.00763	0.01032	0.00791	0.01133	0.00666	0.00654	0.03960	0.01283	0.80195	0.01727	0.01493	0.01085	0.00546	0.00444	0.00137	0.00378	0.00443	0.00544	0.00752
12	0.00574	0.00449	0.00519	0.00501	0.00628	0.00395	0.00376	0.00734	0.01128	0.01482	0.42952	0.03775	0.42886	0.01011	0.00521	0.00144	0.00216	0.00865	0.00448	0.00395
13	0.87598	0.00854	0.00649	0.00581	0.00854	0.00991	0.00478	0.01298	0.00752	0.01982	0.00615	0.00717	0.00478	0.00410	0.00273	0.00137	0.00342	0.00239	0.00273	0.00478
14	0.00639	0.00527	0.00685	0.02112	0.05451	0.00493	0.03001	0.00841	0.04630	0.01350	0.17273	0.16987	0.36558	0.01021	0.00521	0.00154	0.00282	0.05391	0.01661	0.00424
15	0.01072	0.00901	0.00961	0.00875	0.01109	0.01032	0.00676	0.02208	0.73174	0.03323	0.01846	0.08066	0.01466	0.00659	0.00458	0.00152	0.00343	0.00557	0.00448	0.00674
16	0.01366	0.00972	0.01092	0.00962	0.03920	0.01068	0.00739	0.17032	0.49075	0.16310	0.01615	0.01492	0.01168	0.00570	0.00447	0.00144	0.00386	0.00467	0.00457	0.00718
17	0.00553	0.00395	0.00530	0.00633	0.00665	0.00372	0.00437	0.00642	0.00861	0.01145	0.02426	0.77171	0.02888	0.01369	0.00568	0.00181	0.00270	0.08123	0.00410	0.00363
18	0.01679	0.01237	0.01325	0.01016	0.01370	0.01370	0.00839	0.80251	0.02077	0.02783	0.01060	0.01060	0.00751	0.00530	0.00442	0.00133	0.00486	0.00398	0.00442	0.00751
19	0.01131	0.00965	0.01017	0.00905	0.01161	0.01114	0.00707	0.06745	0.76474	0.01900	0.01756	0.01615	0.01315	0.00595	0.00449	0.00149	0.00357	0.00494	0.00449	0.00702
20	0.02755	0.39688	0.37839	0.01030	0.01522	0.02904	0.04357	0.01360	0.00925	0.01240	0.00741	0.00915	0.00606	0.00415	0.00362	0.00120	0.00566	0.01860	0.00196	0.00600
21	0.01113	0.65920	0.20548	0.00871	0.01311	0.01583	0.00956	0.01340	0.00905	0.01121	0.00655	0.00760	0.00565	0.00387	0.00314	0.00105	0.00514	0.00257	0.00188	0.00586
22	0.00522	0.00447	0.00447	0.00447	0.00597	0.00373	0.00336	0.00634	0.01007	0.01193	0.04474	0.04250	0.81544	0.01119	0.00522	0.00149	0.00224	0.00932	0.00410	0.00373
23	0.03067	0.00723	0.00929	0.00755	0.01032	0.00663	0.00606	0.09727	0.01265	0.53752	0.05074	0.13252	0.05736	0.00705	0.00465	0.00143	0.00355	0.00590	0.00502	0.00658
24	0.01203	0.01055	0.01698	0.02443	0.69731	0.02447	0.01264	0.05680	0.01088	0.07778	0.00912	0.01118	0.00731	0.00414	0.00437	0.00131	0.00516	0.00396	0.00256	0.00703
25	0.00652	0.00498	0.00670	0.00713	0.06960	0.00462	0.00482	0.00855	0.01208	0.01690	0.67871	0.03218	0.11276	0.00884	0.00515	0.00139	0.00234	0.00780	0.00458	0.00435
26	0.01650	0.02105	0.01252	0.01138	0.01365	0.82705	0.00853	0.01764	0.01252	0.01081	0.00683	0.00796	0.00569	0.00455	0.00398	0.00114	0.00796	0.00284	0.00228	0.00512
27	0.01084	0.01040	0.01777	0.05449	0.79054	0.01047	0.01351	0.01348	0.01002	0.01432	0.00829	0.01096	0.00696	0.00395	0.00437	0.00132	0.00527	0.00393	0.00218	0.00693
28	0.87598	0.00854	0.00649	0.00581	0.00854	0.00991	0.00478	0.01298	0.00752	0.01982	0.00615	0.00717	0.00478	0.00410	0.00273	0.00137	0.00342	0.00239	0.00273	0.00478
29	0.00583	0.00450	0.00533	0.00512	0.00634	0.00399	0.00384	0.00753	0.01152	0.01538	0.50381	0.03683	0.35422	0.00990	0.00521	0.00143	0.00215	0.00853	0.00455	0.00399
30	0.87598	0.00854	0.00649	0.00581	0.00854	0.00991	0.00478	0.01298	0.00752	0.01982	0.00615	0.00717	0.00478	0.00410	0.00273	0.00137	0.00342	0.00239	0.00273	0.00478
31	0.00573	0.00449	0.00519	0.00501	0.00628	0.00395	0.00376	0.00733	0.01128	0.01481	0.42804	0.03777	0.43035	0.01011	0.00521	0.00144	0.00216	0.00866	0.00448	0.00395
32	0.00886	0.02285	0.82190	0.01259	0.01912	0.01026	0.01632	0.01399	0.00932	0.01399	0.00793	0.00932	0.00559	0.00420	0.00420	0.00140	0.00653	0.00326	0.00186	0.00653
33	0.01595	0.01989	0.01226	0.01114	0.01344	0.74523	0.00838	0.01822	0.09240	0.01158	0.00794	0.00882	0.00647	0.00470	0.00403	0.00117	0.00752	0.00306	0.00250	0.00531
34	0.00788	0.00429	0.00464	0.00460	0.00558	0.00440	0.00347	0.00980	0.00904	0.01545	0.03088	0.01790	0.03918	0.02436	0.08877	0.00175	0.01649	0.00447	0.70298	0.00407
35	0.00966	0.00966	0.01353	0.01160	0.01160	0.01353	0.00966	0.01063	0.00676	0.01063	0.00580	0.00966	0.00580	0.00773	0.01449	0.00193	0.83670	0.00387	0.00193	0.00483
36	0.00632	0.00470	0.00692	0.00692	0.00765	0.00542	0.00530	0.00777	0.00705	0.01012	0.01199	0.01825	0.01143	0.09626	0.76467	0.00688	0.01124	0.00486	0.00239	0.00384
37	0.00538	0.00384	0.00512	0.00615	0.00641	0.00359	0.00410	0.00615	0.00846	0.01127	0.02434	0.84190	0.02921	0.01384	0.00564	0.00179	0.00256	0.01256	0.00410	0.00359
38	0.01650	0.02105	0.01252	0.01138	0.01365	0.82705	0.00853	0.01764	0.01252	0.01081	0.00683	0.00796	0.00569	0.00455	0.00398	0.00114	0.00796	0.00284	0.00228	0.00512
39	0.01181	0.84744	0.02314	0.00756	0.01134	0.01748	0.00756	0.01323	0.00897	0.01039	0.00614	0.00708	0.00567	0.00378	0.00283	0.00094	0.00472	0.00236	0.00189	0.00567
40	0.87598	0.00854	0.00649	0.00581	0.00854	0.00991	0.00478	0.01298	0.00752	0.01982	0.00615	0.00717	0.00478	0.00410	0.00273	0.00137	0.00342	0.00239	0.00273	0.00478
41	0.00538	0.00384	0.00512	0.00615	0.00641	0.00359	0.00410	0.00615	0.00846	0.01127	0.02434	0.84190	0.02921	0.01384	0.00564	0.00179	0.00256	0.01256	0.00410	0.00359
42	0.00767	0.00384	0.00575	0.00575	0.00575	0.00384	0.00384	0.00575	0.00575	0.00767	0.00767	0.01343	0.00767	0.01534	0.01726	0.87150	0.00384	0.00384	0.00192	0.00192
43	0.03017	0.01178	0.02294	0.01889	0.14655	0.04095	0.57285	0.01390	0.01011	0.01394	0.00847	0.01134	0.00660	0.00409	0.00565	0.00148	0.06732	0.00476	0.00222	0.00598
44	0.00787	0.00565	0.00759	0.00829	0.00950	0.00575	0.00722	0.07087	0.01099	0.01435	0.02239	0.04677	0.02403	0.01166	0.00597	0.00198	0.00413	0.72655	0.00409	0.00433
45	0.01093	0.01049	0.01793	0.02711	0.81723	0.01049	0.01355	0.01355	0.01006	0.01443	0.00831	0.01093	0.00700	0.00394	0.00437	0.00131	0.00525	0.00394	0.00219	0.00700
46	0.01127	0.00765	0.00920	0.00697	0.01031	0.00641	0.00560	0.05398	0.02207	0.17429	0.06054	0.02764	0.04979	0.00486	0.00408	0.00098	0.02205	0.00393	0.00352	0.51488
47	0.00614	0.00449	0.00565	0.00537	0.00638	0.00412	0.00395	0.00794	0.01172	0.01628	0.65834	0.03380	0.13243	0.07626	0.00659	0.00163	0.00228	0.00802	0.00460	0.00400
48	0.01093	0.01049	0.01793	0.02711	0.81723	0.01049	0.01355	0.01355	0.01006	0.01443	0.00831	0.01093	0.00700	0.00394	0.00437	0.00131	0.00525	0.00394	0.00219	0.00700

[dist]
# distance from previous block
# <min> <max>
0	0

# created by:
# /st0/software/busco_prod/Augustus/scripts/msa2prfl.pl ./align_prep/122191.fa
