[name]
unknown

[dist]
# distance from previous block
# <min> <max>
8	92

[block]
# block no. 0 follows, 60 sequences, length 24
# corresponding to MSA columns:
# 98-121
name=unknown_A
#
# <colnr> <probs for GDERKNQSTAVLIFYWHMCP>
#	G	D	E	R	K	N	Q	S	T	A	V	L	I	F	Y	W	H	M	C	P
0	0.01007	0.00876	0.01162	0.08800	0.26696	0.05544	0.00858	0.09036	0.06638	0.03563	0.05958	0.13331	0.04082	0.06331	0.00574	0.00157	0.00439	0.00565	0.00314	0.04070
1	0.02643	0.01068	0.01119	0.03202	0.04394	0.16558	0.06719	0.20561	0.02564	0.03786	0.04061	0.10521	0.07594	0.02829	0.00548	0.02402	0.02503	0.00531	0.03443	0.02954
2	0.00987	0.00792	0.03413	0.08981	0.04476	0.05649	0.02735	0.07365	0.04221	0.11687	0.11387	0.17742	0.10868	0.03977	0.01580	0.00164	0.02424	0.00675	0.00372	0.00506
3	0.02221	0.00754	0.00849	0.00852	0.07357	0.05584	0.01483	0.12471	0.06009	0.04605	0.13003	0.16269	0.16257	0.06926	0.00604	0.00162	0.00358	0.00700	0.00383	0.03154
4	0.02282	0.00833	0.00829	0.02183	0.03116	0.11355	0.00582	0.11504	0.07674	0.06319	0.05376	0.15801	0.12796	0.11286	0.02951	0.00195	0.00426	0.03640	0.00367	0.00485
5	0.01124	0.00898	0.01123	0.03252	0.08868	0.04658	0.06774	0.22022	0.05783	0.05526	0.06585	0.09615	0.03364	0.09173	0.00629	0.00163	0.00435	0.00543	0.03655	0.05811
6	0.04671	0.02900	0.07207	0.03164	0.01145	0.10241	0.06887	0.06983	0.07431	0.03543	0.13991	0.08301	0.10266	0.02199	0.03074	0.03073	0.02161	0.00571	0.00335	0.01857
7	0.02895	0.01086	0.02586	0.00996	0.01295	0.11623	0.13909	0.21151	0.04187	0.04198	0.03247	0.05692	0.03282	0.03252	0.02754	0.00149	0.00513	0.00459	0.02742	0.13984
8	0.03308	0.01031	0.01099	0.08681	0.06202	0.15943	0.04774	0.09479	0.12757	0.06885	0.10113	0.06958	0.07232	0.01915	0.00491	0.00142	0.01559	0.00530	0.00349	0.00551
9	0.00832	0.00788	0.01342	0.70693	0.08066	0.00946	0.04185	0.01113	0.00889	0.01148	0.00931	0.03214	0.03096	0.00472	0.00444	0.00145	0.00564	0.00429	0.00208	0.00495
10	0.10527	0.03466	0.01181	0.00974	0.03119	0.17014	0.04220	0.23504	0.09123	0.10081	0.02066	0.03393	0.00872	0.00600	0.02923	0.00147	0.01770	0.00397	0.01765	0.02860
11	0.00556	0.00427	0.00475	0.00489	0.00576	0.00383	0.00336	0.00645	0.00907	0.01147	0.11134	0.17513	0.41695	0.20687	0.00921	0.00216	0.00272	0.00895	0.00380	0.00346
12	0.03529	0.01062	0.01185	0.00950	0.01214	0.04078	0.02816	0.43106	0.09457	0.09379	0.01123	0.01263	0.00863	0.06845	0.00696	0.02512	0.08474	0.00419	0.00386	0.00642
13	0.00794	0.00616	0.00722	0.00735	0.03042	0.00638	0.00526	0.03275	0.25476	0.03905	0.10704	0.32264	0.13618	0.00969	0.00502	0.00156	0.00288	0.00850	0.00424	0.00496
14	0.01338	0.01016	0.01093	0.00902	0.01180	0.01136	0.00721	0.39515	0.33008	0.04204	0.01379	0.01406	0.01042	0.04531	0.03046	0.00168	0.00435	0.00447	0.02754	0.00680
15	0.04523	0.00923	0.01087	0.03948	0.05646	0.06416	0.02177	0.13583	0.03931	0.29367	0.03263	0.01376	0.00985	0.00516	0.00436	0.00126	0.02126	0.02939	0.03693	0.12939
16	0.01029	0.00810	0.01149	0.03501	0.06619	0.00799	0.10393	0.05073	0.15720	0.09321	0.14432	0.01703	0.05066	0.00605	0.00525	0.03604	0.02948	0.00494	0.00356	0.15853
17	0.01022	0.00915	0.00986	0.04449	0.04186	0.13944	0.04218	0.09246	0.09886	0.04970	0.06557	0.29799	0.01769	0.00841	0.00510	0.00151	0.02598	0.03079	0.00364	0.00509
18	0.02425	0.00969	0.01297	0.20066	0.08640	0.11887	0.11228	0.03137	0.02214	0.03508	0.01070	0.08448	0.00973	0.03023	0.04742	0.00182	0.08090	0.03465	0.04130	0.00506
19	0.00533	0.00410	0.00487	0.00536	0.00617	0.00365	0.00376	0.00634	0.00935	0.01196	0.10344	0.44997	0.34569	0.01219	0.00536	0.00162	0.00236	0.01071	0.00412	0.00365
20	0.01066	0.01023	0.01747	0.06777	0.77953	0.01033	0.01332	0.01327	0.00987	0.01409	0.00818	0.01084	0.00685	0.00391	0.00432	0.00130	0.00521	0.00389	0.00215	0.00680
21	0.00898	0.02092	0.70265	0.01334	0.01947	0.01027	0.13594	0.01384	0.00937	0.01384	0.00798	0.00960	0.00569	0.00407	0.00430	0.00139	0.00658	0.00352	0.00190	0.00636
22	0.00526	0.00439	0.00453	0.00455	0.00590	0.00372	0.00336	0.00637	0.00990	0.01197	0.08672	0.06918	0.71875	0.03895	0.00574	0.00157	0.00228	0.00915	0.00405	0.00367
23	0.00835	0.00908	0.07594	0.18434	0.10542	0.02336	0.08187	0.01080	0.02436	0.01258	0.09175	0.01851	0.13732	0.03264	0.03199	0.00175	0.13703	0.00526	0.00267	0.00498

[dist]
# distance from previous block
# <min> <max>
3	4

[block]
# block no. 1 follows, 60 sequences, length 23
# corresponding to MSA columns:
# 127-149
name=unknown_B
#
# <colnr> <probs for GDERKNQSTAVLIFYWHMCP>
#	G	D	E	R	K	N	Q	S	T	A	V	L	I	F	Y	W	H	M	C	P
0	0.00987	0.08325	0.46460	0.01207	0.06967	0.08542	0.04339	0.01376	0.02793	0.03528	0.08340	0.01243	0.03058	0.00480	0.00420	0.00132	0.00573	0.00389	0.00240	0.00601
1	0.48690	0.10634	0.03501	0.00973	0.11039	0.14740	0.00713	0.02850	0.00902	0.01635	0.00658	0.00779	0.00532	0.00409	0.00319	0.00126	0.00461	0.00268	0.00247	0.00525
2	0.05226	0.10453	0.01465	0.01427	0.20758	0.41001	0.02092	0.06862	0.04359	0.01336	0.00771	0.00901	0.00633	0.00434	0.00392	0.00119	0.00629	0.00319	0.00243	0.00579
3	0.01127	0.01170	0.09422	0.01189	0.11493	0.10416	0.04886	0.07284	0.27017	0.04814	0.12729	0.01533	0.01373	0.00561	0.00476	0.00138	0.02933	0.00469	0.00353	0.00619
4	0.00590	0.00452	0.00584	0.03600	0.02029	0.00439	0.00467	0.00758	0.05577	0.01199	0.05504	0.58818	0.12995	0.01215	0.00539	0.00169	0.00274	0.04002	0.00399	0.00390
5	0.00681	0.00626	0.04244	0.00607	0.00781	0.00560	0.00489	0.01071	0.17901	0.01486	0.25961	0.05626	0.36490	0.00912	0.00497	0.00145	0.00262	0.00776	0.00425	0.00460
6	0.00551	0.00438	0.00482	0.00482	0.00595	0.00388	0.00348	0.00663	0.00969	0.01219	0.16147	0.08144	0.52401	0.11266	0.03805	0.00201	0.00280	0.00865	0.00394	0.00363
7	0.01013	0.01948	0.58729	0.02818	0.03941	0.04156	0.04916	0.12018	0.01084	0.01539	0.00831	0.00977	0.00604	0.00514	0.02907	0.00153	0.00643	0.00346	0.00224	0.00640
8	0.55169	0.00805	0.00782	0.00650	0.00946	0.00850	0.00536	0.01602	0.00934	0.32452	0.01030	0.01003	0.00703	0.00456	0.00334	0.00135	0.00350	0.00313	0.00372	0.00575
9	0.00800	0.03355	0.11133	0.02817	0.08148	0.02800	0.02485	0.01042	0.02070	0.04961	0.37918	0.03961	0.14015	0.00756	0.00493	0.00138	0.01588	0.00651	0.00377	0.00489
10	0.00807	0.02747	0.00838	0.04139	0.00965	0.10808	0.03641	0.02241	0.07060	0.01218	0.05414	0.04483	0.30348	0.05597	0.12731	0.00240	0.02989	0.02965	0.00329	0.00437
11	0.00735	0.00610	0.00882	0.03210	0.18088	0.00589	0.01891	0.02950	0.01119	0.01536	0.39168	0.06399	0.16289	0.00855	0.01728	0.00149	0.00321	0.02617	0.00389	0.00474
12	0.01014	0.03754	0.14153	0.02189	0.06077	0.02759	0.00787	0.05619	0.01007	0.05353	0.02954	0.02414	0.00781	0.00402	0.00367	0.00094	0.00413	0.00325	0.00271	0.49268
13	0.01458	0.12082	0.01462	0.00987	0.01322	0.01305	0.04863	0.51916	0.01633	0.04312	0.00943	0.01002	0.00703	0.00497	0.00481	0.00126	0.06339	0.00367	0.00363	0.07839
14	0.04538	0.07593	0.08219	0.00877	0.07983	0.00769	0.00699	0.01191	0.02352	0.02498	0.00883	0.01002	0.02725	0.00372	0.00343	0.00086	0.00378	0.00296	0.00254	0.56940
15	0.00951	0.02446	0.01282	0.57589	0.09301	0.07766	0.01086	0.01183	0.00903	0.04187	0.00822	0.01184	0.00648	0.02497	0.01788	0.04698	0.00578	0.00384	0.00213	0.00493
16	0.01179	0.08840	0.36808	0.01146	0.05362	0.01041	0.05111	0.09496	0.07825	0.14544	0.03740	0.01162	0.00853	0.00469	0.00420	0.00134	0.00527	0.00383	0.00302	0.00658
17	0.02139	0.12916	0.16137	0.04223	0.05806	0.11763	0.02756	0.05300	0.00982	0.04075	0.00755	0.00922	0.00612	0.00465	0.00554	0.00125	0.14634	0.00321	0.00232	0.15286
18	0.00756	0.00662	0.00956	0.12759	0.07623	0.03198	0.05181	0.00970	0.04934	0.01161	0.01454	0.27241	0.01520	0.06898	0.17309	0.00282	0.02378	0.00689	0.00292	0.03739
19	0.00650	0.00544	0.02845	0.00751	0.00849	0.00495	0.06769	0.03139	0.02303	0.01237	0.05142	0.55828	0.02503	0.05004	0.00624	0.00184	0.00332	0.10016	0.00382	0.00401
20	0.00553	0.00403	0.00516	0.00578	0.00632	0.00372	0.00400	0.00655	0.00918	0.01224	0.16112	0.55973	0.12222	0.04481	0.00610	0.00177	0.00252	0.03146	0.00412	0.00363
21	0.02908	0.02907	0.01648	0.13316	0.53974	0.02744	0.05341	0.01344	0.00984	0.05292	0.00846	0.01084	0.00681	0.00399	0.00424	0.00129	0.00522	0.00382	0.00232	0.04840
22	0.01274	0.01210	0.08035	0.00999	0.01313	0.15267	0.08212	0.11455	0.12125	0.12537	0.03253	0.04887	0.01028	0.00545	0.00457	0.00130	0.02525	0.02767	0.00343	0.11637

[dist]
# distance from previous block
# <min> <max>
1	21

[block]
# block no. 2 follows, 60 sequences, length 66
# corresponding to MSA columns:
# 171-186,197-237,254-262
name=unknown_C
#
# <colnr> <probs for GDERKNQSTAVLIFYWHMCP>
#	G	D	E	R	K	N	Q	S	T	A	V	L	I	F	Y	W	H	M	C	P
0	0.01292	0.02253	0.04748	0.02513	0.19994	0.15562	0.02159	0.18226	0.11924	0.04772	0.02384	0.01135	0.00833	0.00467	0.00416	0.00124	0.00509	0.00380	0.02252	0.08058
1	0.31147	0.04461	0.08629	0.04950	0.13360	0.08587	0.05623	0.04834	0.06265	0.02432	0.00795	0.00935	0.00622	0.00435	0.00404	0.00133	0.03422	0.00326	0.00259	0.02381
2	0.01365	0.00660	0.00844	0.00727	0.03336	0.00607	0.00543	0.03063	0.05371	0.40696	0.06582	0.01846	0.02629	0.15325	0.00737	0.00179	0.00353	0.00489	0.08884	0.05764
3	0.00813	0.00407	0.00407	0.00407	0.00508	0.00407	0.00305	0.01016	0.00915	0.01626	0.01423	0.01626	0.01118	0.00508	0.00305	0.00102	0.00203	0.00407	0.87093	0.00407
4	0.01067	0.00792	0.00935	0.00715	0.01044	0.00695	0.00573	0.13089	0.02209	0.08776	0.01072	0.03591	0.02360	0.00725	0.08864	0.00152	0.00434	0.00361	0.00317	0.52230
5	0.00633	0.00651	0.08605	0.00781	0.04213	0.00500	0.03536	0.00808	0.00965	0.01294	0.15203	0.35393	0.16256	0.01060	0.00527	0.00161	0.00321	0.08292	0.00381	0.00421
6	0.00813	0.00407	0.00407	0.00407	0.00508	0.00407	0.00305	0.01016	0.00915	0.01626	0.01423	0.01626	0.01118	0.00508	0.00305	0.00102	0.00203	0.00407	0.87093	0.00407
7	0.01641	0.00972	0.01133	0.05601	0.01313	0.02752	0.00751	0.29479	0.14290	0.35232	0.01418	0.01321	0.00962	0.00535	0.00438	0.00136	0.00426	0.00425	0.00462	0.00714
8	0.01056	0.00703	0.00823	0.00762	0.00929	0.01779	0.00574	0.16391	0.12665	0.13467	0.01908	0.42211	0.01926	0.00953	0.00509	0.00157	0.01388	0.00829	0.00431	0.00537
9	0.65735	0.08207	0.02565	0.00785	0.06218	0.07870	0.00606	0.01328	0.00816	0.01756	0.00630	0.00743	0.00503	0.00405	0.00295	0.00129	0.00404	0.00251	0.00254	0.00500
10	0.00547	0.00393	0.00519	0.00593	0.00635	0.00365	0.00405	0.00649	0.00914	0.01235	0.17472	0.67552	0.04555	0.01272	0.00548	0.00169	0.00243	0.01149	0.00419	0.00365
11	0.01180	0.52921	0.13845	0.00906	0.01283	0.12270	0.02338	0.04393	0.00975	0.01157	0.00679	0.00801	0.00584	0.00488	0.02781	0.00125	0.02233	0.00274	0.00203	0.00566
12	0.00576	0.00443	0.00527	0.00509	0.00627	0.00394	0.00381	0.00742	0.01133	0.01515	0.50187	0.05583	0.33835	0.00985	0.00516	0.00142	0.00213	0.00850	0.00450	0.00394
13	0.01070	0.01026	0.01753	0.05782	0.78923	0.01034	0.01334	0.01330	0.00988	0.01413	0.00819	0.01083	0.00687	0.00390	0.00432	0.00130	0.00521	0.00389	0.00215	0.00683
14	0.00954	0.00954	0.01336	0.01145	0.01145	0.01336	0.00954	0.01050	0.00668	0.01050	0.00573	0.00954	0.00573	0.00763	0.01431	0.00191	0.83874	0.00382	0.00191	0.00477
15	0.01085	0.00937	0.00986	0.00888	0.01134	0.01085	0.00690	0.02318	0.81164	0.01824	0.01775	0.01627	0.01331	0.00592	0.00444	0.00148	0.00345	0.00493	0.00444	0.00690
16	0.01166	0.84935	0.02285	0.00746	0.01119	0.01726	0.00746	0.01306	0.00886	0.01026	0.00606	0.00700	0.00560	0.00373	0.00280	0.00093	0.00466	0.00233	0.00187	0.00560
17	0.00609	0.00445	0.00571	0.00540	0.00646	0.00408	0.00405	0.00806	0.01214	0.01700	0.75138	0.03338	0.10729	0.00910	0.00514	0.00138	0.00207	0.00800	0.00474	0.00408
18	0.00548	0.00399	0.00535	0.02529	0.00698	0.00375	0.00427	0.00632	0.00838	0.01122	0.02322	0.80219	0.02771	0.01317	0.00548	0.00173	0.00263	0.01194	0.00396	0.02694
19	0.00516	0.00439	0.00445	0.00450	0.00591	0.00368	0.00335	0.00625	0.00987	0.01175	0.04323	0.08003	0.78030	0.01117	0.00517	0.00149	0.00222	0.00936	0.00405	0.00368
20	0.00532	0.00386	0.00503	0.00593	0.00630	0.00357	0.00399	0.00614	0.00857	0.01133	0.04401	0.76076	0.09244	0.01334	0.00552	0.00174	0.00249	0.01204	0.00407	0.00357
21	0.01568	0.01232	0.01360	0.02872	0.12523	0.06745	0.00903	0.60601	0.01805	0.04557	0.01004	0.01048	0.00729	0.00499	0.00433	0.00130	0.00505	0.00386	0.00390	0.00714
22	0.01023	0.01223	0.05984	0.01813	0.02263	0.01099	0.77003	0.01396	0.01025	0.01396	0.00878	0.01166	0.00657	0.00370	0.00510	0.00147	0.00731	0.00506	0.00219	0.00591
23	0.00632	0.00431	0.00519	0.00519	0.00533	0.00446	0.00318	0.00662	0.00647	0.00877	0.01335	0.02637	0.01491	0.69164	0.17599	0.00476	0.00565	0.00602	0.00258	0.00288
24	0.00626	0.00456	0.00579	0.00581	0.00673	0.00434	0.00426	0.00852	0.05519	0.01561	0.50748	0.24233	0.05394	0.00998	0.00517	0.00149	0.00230	0.02492	0.03122	0.00411
25	0.04584	0.06029	0.01326	0.70116	0.02690	0.02522	0.01123	0.01193	0.04084	0.01172	0.00796	0.01126	0.00605	0.00437	0.00419	0.00141	0.00558	0.00374	0.00207	0.00497
26	0.01536	0.01181	0.01311	0.01080	0.05334	0.02512	0.00847	0.65220	0.01822	0.02460	0.00980	0.01030	0.00719	0.00523	0.00503	0.00131	0.06670	0.00383	0.00394	0.05363
27	0.01210	0.69462	0.03821	0.02398	0.01222	0.12078	0.02244	0.01361	0.00934	0.01047	0.00627	0.00733	0.00562	0.00385	0.00304	0.00099	0.00518	0.00249	0.00192	0.00554
28	0.82431	0.00837	0.00664	0.00586	0.00860	0.00957	0.00483	0.01334	0.00774	0.06938	0.00676	0.00757	0.00510	0.00413	0.00280	0.00135	0.00339	0.00249	0.00287	0.00489
29	0.02695	0.00610	0.00692	0.06660	0.05875	0.02353	0.00524	0.04235	0.08719	0.01610	0.01305	0.01490	0.01023	0.00564	0.02122	0.00127	0.01842	0.00407	0.56671	0.00474
30	0.00657	0.00478	0.00645	0.00733	0.00828	0.00466	0.00617	0.00831	0.00983	0.01271	0.03634	0.15479	0.11546	0.01211	0.00585	0.00191	0.00359	0.58690	0.00403	0.00392
31	0.00554	0.00404	0.00561	0.00643	0.00682	0.00386	0.01714	0.00646	0.00838	0.01121	0.02298	0.73871	0.02718	0.01460	0.05669	0.00210	0.00325	0.05145	0.00391	0.00363
32	0.00928	0.00774	0.00907	0.00649	0.01035	0.00583	0.00520	0.01121	0.00912	0.03226	0.00796	0.00917	0.00656	0.00328	0.00326	0.00066	0.00324	0.00262	0.00265	0.85406
33	0.00854	0.00810	0.01382	0.73698	0.10951	0.00979	0.02929	0.01143	0.00888	0.01152	0.00782	0.01155	0.00594	0.00430	0.00437	0.00144	0.00578	0.00390	0.00197	0.00508
34	0.00922	0.00855	0.01291	0.74967	0.02820	0.06039	0.01164	0.01196	0.00911	0.04578	0.00809	0.01153	0.00601	0.00441	0.00434	0.00143	0.00585	0.00383	0.00210	0.00497
35	0.00543	0.00442	0.00481	0.00474	0.00607	0.00380	0.00354	0.00678	0.01055	0.01330	0.25091	0.05553	0.59385	0.01053	0.00516	0.00145	0.00217	0.00892	0.00425	0.00380
36	0.01085	0.00937	0.00986	0.00888	0.01134	0.01085	0.00690	0.02318	0.81164	0.01824	0.01775	0.01627	0.01331	0.00592	0.00444	0.00148	0.00345	0.00493	0.00444	0.00690
37	0.76234	0.00965	0.00733	0.01973	0.02736	0.08804	0.00539	0.01325	0.00797	0.01847	0.00621	0.00731	0.00487	0.00409	0.00288	0.00133	0.00388	0.00246	0.00263	0.00481
38	0.00531	0.00380	0.00506	0.00607	0.00633	0.00354	0.00405	0.00607	0.00835	0.01113	0.02404	0.84388	0.02885	0.01366	0.00557	0.00177	0.00253	0.01240	0.00405	0.00354
39	0.00813	0.00407	0.00407	0.00407	0.00508	0.00407	0.00305	0.01016	0.00915	0.01626	0.01423	0.01626	0.01118	0.00508	0.00305	0.00102	0.00203	0.00407	0.87093	0.00407
40	0.03442	0.02333	0.02794	0.26910	0.29881	0.08188	0.02702	0.03658	0.00983	0.03800	0.00861	0.01190	0.00706	0.00567	0.03737	0.00159	0.03888	0.02392	0.00232	0.01577
41	0.00816	0.00700	0.00965	0.22144	0.10570	0.01888	0.00774	0.02114	0.13587	0.01372	0.14084	0.06847	0.12619	0.00766	0.00551	0.05553	0.00393	0.03437	0.00331	0.00488
42	0.01029	0.01176	0.02574	0.01838	0.02279	0.01103	0.80368	0.01397	0.01029	0.01397	0.00882	0.01176	0.00662	0.00368	0.00515	0.00147	0.00735	0.00515	0.00221	0.00588
43	0.01024	0.01161	0.02487	0.01790	0.02200	0.01119	0.74842	0.01373	0.01004	0.01373	0.00861	0.01161	0.00656	0.00395	0.00578	0.00150	0.06521	0.00505	0.00219	0.00581
44	0.01043	0.01019	0.01700	0.17952	0.61861	0.03125	0.04333	0.01309	0.00978	0.01356	0.00810	0.01091	0.00666	0.00398	0.00435	0.00133	0.00545	0.00390	0.00212	0.00643
45	0.00938	0.00900	0.01445	0.55547	0.26614	0.03519	0.01232	0.02402	0.00937	0.01231	0.00790	0.01124	0.00616	0.00424	0.00433	0.00139	0.00567	0.00385	0.00205	0.00551
46	0.00593	0.00458	0.00551	0.00574	0.00694	0.00416	0.00458	0.00750	0.01048	0.01345	0.21685	0.06545	0.38892	0.01091	0.00541	0.00161	0.00270	0.23119	0.00421	0.00387
47	0.32704	0.01115	0.01052	0.00947	0.06142	0.08677	0.00716	0.30462	0.09178	0.03708	0.00924	0.00968	0.00689	0.00472	0.00373	0.00132	0.00444	0.00336	0.00346	0.00614
48	0.01134	0.00905	0.01130	0.01232	0.19625	0.02907	0.00798	0.20014	0.14975	0.06125	0.07463	0.01755	0.10263	0.00869	0.08640	0.00192	0.00486	0.00505	0.00367	0.00614
49	0.00605	0.00432	0.00591	0.00692	0.00749	0.00418	0.00533	0.00735	0.00908	0.01196	0.02363	0.50130	0.02723	0.01297	0.00576	0.00187	0.00317	0.34768	0.00403	0.00375
50	0.00688	0.00462	0.00594	0.00559	0.00677	0.00421	0.00422	0.00877	0.01191	0.06653	0.64595	0.06731	0.11417	0.00916	0.00513	0.00141	0.00223	0.02022	0.00472	0.00425
51	0.01230	0.00938	0.06121	0.00919	0.01209	0.00896	0.07004	0.07876	0.33970	0.20131	0.01774	0.09071	0.05589	0.00643	0.00460	0.00146	0.00396	0.00554	0.00426	0.00648
52	0.00703	0.00502	0.00703	0.00803	0.00904	0.00502	0.00703	0.00904	0.01004	0.01305	0.02309	0.04920	0.02510	0.01205	0.00602	0.00201	0.00402	0.79016	0.00402	0.00402
53	0.01948	0.00756	0.01021	0.00783	0.01120	0.00662	0.00647	0.04432	0.01272	0.79914	0.01701	0.01472	0.01070	0.00539	0.00439	0.00135	0.00374	0.00437	0.00537	0.00742
54	0.01003	0.01100	0.02138	0.04155	0.04042	0.03047	0.56827	0.01372	0.05962	0.01361	0.01082	0.03015	0.04202	0.00474	0.00586	0.00150	0.08152	0.00521	0.00243	0.00568
55	0.01018	0.00963	0.01612	0.19052	0.58554	0.01020	0.01260	0.02949	0.00970	0.01362	0.00821	0.01116	0.00681	0.00522	0.03582	0.00156	0.03122	0.00391	0.00216	0.00632
56	0.01952	0.00750	0.01017	0.00780	0.01117	0.00653	0.00644	0.03465	0.01262	0.80895	0.01709	0.01477	0.01074	0.00540	0.00439	0.00135	0.00373	0.00438	0.00538	0.00742
57	0.87753	0.00843	0.00641	0.00574	0.00843	0.00978	0.00472	0.01282	0.00742	0.01957	0.00607	0.00709	0.00472	0.00405	0.00270	0.00135	0.00337	0.00236	0.00270	0.00472
58	0.00531	0.00382	0.00504	0.00601	0.00631	0.00355	0.00402	0.00608	0.00841	0.01116	0.02481	0.81311	0.05911	0.01356	0.00555	0.00176	0.00252	0.01228	0.00405	0.00355
59	0.00676	0.00487	0.00669	0.00763	0.00860	0.00480	0.00653	0.00860	0.00988	0.01280	0.02449	0.12043	0.07461	0.01213	0.00593	0.00195	0.00377	0.67156	0.00402	0.00395
60	0.02364	0.00889	0.00901	0.00723	0.01015	0.09275	0.00567	0.09258	0.03010	0.05575	0.01379	0.08040	0.09220	0.00551	0.00407	0.00104	0.01792	0.00441	0.02188	0.42299
61	0.02864	0.03763	0.01169	0.04550	0.04388	0.52973	0.00796	0.08321	0.02441	0.01267	0.01194	0.03794	0.09566	0.00552	0.00414	0.00122	0.00640	0.00400	0.00270	0.00516
62	0.00629	0.00480	0.00674	0.06040	0.08062	0.00463	0.00536	0.00744	0.00888	0.02890	0.03963	0.58367	0.12286	0.01161	0.00529	0.00165	0.00295	0.01044	0.00379	0.00404
63	0.08118	0.02831	0.01056	0.00929	0.04515	0.15588	0.01966	0.07735	0.16624	0.22693	0.01451	0.08498	0.03162	0.02302	0.00464	0.00142	0.00447	0.00482	0.00389	0.00607
64	0.00912	0.00808	0.01054	0.05886	0.01249	0.00654	0.06434	0.01146	0.02540	0.01409	0.00803	0.00955	0.00657	0.00339	0.00347	0.00077	0.00370	0.00290	0.00255	0.73815
65	0.02291	0.02048	0.15533	0.03173	0.13823	0.00908	0.00944	0.16834	0.01227	0.22909	0.01164	0.05340	0.00878	0.00502	0.00422	0.00128	0.00457	0.00416	0.00352	0.10653

[dist]
# distance from previous block
# <min> <max>
5	10

[block]
# block no. 3 follows, 60 sequences, length 17
# corresponding to MSA columns:
# 273-289
name=unknown_D
#
# <colnr> <probs for GDERKNQSTAVLIFYWHMCP>
#	G	D	E	R	K	N	Q	S	T	A	V	L	I	F	Y	W	H	M	C	P
0	0.02107	0.04868	0.03275	0.12859	0.13065	0.03442	0.03372	0.03133	0.00870	0.01193	0.05326	0.01643	0.01094	0.18053	0.15283	0.03622	0.00601	0.00455	0.00246	0.05492
1	0.29027	0.11752	0.07561	0.02342	0.22646	0.02351	0.07408	0.01261	0.00890	0.01503	0.00968	0.03505	0.05022	0.00499	0.01481	0.00139	0.00471	0.00378	0.00243	0.00555
2	0.00786	0.00537	0.00678	0.00654	0.00686	0.04927	0.00464	0.00717	0.00646	0.00858	0.00869	0.01474	0.00867	0.09604	0.15440	0.51926	0.06469	0.00411	0.00207	0.01778
3	0.01020	0.00971	0.01649	0.13381	0.67588	0.00995	0.01278	0.01274	0.00970	0.01369	0.00889	0.05013	0.00780	0.00441	0.00438	0.00134	0.00514	0.00429	0.00222	0.00647
4	0.09110	0.01023	0.01599	0.05172	0.65684	0.03218	0.01208	0.01374	0.00985	0.05324	0.00838	0.01060	0.00682	0.00401	0.00416	0.00130	0.00504	0.00374	0.00236	0.00661
5	0.00715	0.00568	0.00585	0.00580	0.00618	0.07344	0.00376	0.00763	0.00712	0.00925	0.01314	0.05542	0.01439	0.56022	0.18532	0.00438	0.00595	0.00589	0.02028	0.00316
6	0.01551	0.01938	0.01285	0.01252	0.07943	0.72233	0.00889	0.01675	0.01188	0.01096	0.00681	0.00819	0.00573	0.00460	0.00447	0.00118	0.04816	0.00295	0.00222	0.00519
7	0.01067	0.00916	0.01176	0.05321	0.19898	0.01018	0.00860	0.05644	0.42451	0.03247	0.07833	0.01608	0.01327	0.00574	0.00486	0.00144	0.03590	0.01820	0.00373	0.00648
8	0.00623	0.00467	0.00701	0.00701	0.00779	0.00545	0.00545	0.00779	0.00701	0.01012	0.01168	0.01713	0.01090	0.03271	0.82944	0.00701	0.01168	0.00467	0.00234	0.00389
9	0.00630	0.00439	0.00557	0.00557	0.00585	0.00467	0.00366	0.00686	0.00658	0.00906	0.01300	0.02443	0.01407	0.55305	0.31343	0.00523	0.00692	0.00574	0.00253	0.00309
10	0.01106	0.69921	0.06745	0.00771	0.01123	0.03757	0.00766	0.01260	0.00886	0.01048	0.00743	0.05304	0.00718	0.02498	0.01701	0.00119	0.00484	0.00307	0.00202	0.00542
11	0.00875	0.02256	0.82413	0.01243	0.01888	0.01013	0.01611	0.01381	0.00921	0.01381	0.00783	0.00921	0.00552	0.00414	0.00414	0.00138	0.00645	0.00322	0.00184	0.00645
12	0.01303	0.08849	0.05286	0.02936	0.13450	0.05420	0.01998	0.30692	0.10335	0.04304	0.01188	0.01247	0.05123	0.00530	0.00482	0.00134	0.05325	0.00410	0.00337	0.00652
13	0.01109	0.00999	0.03574	0.01009	0.05863	0.01094	0.00764	0.06441	0.69760	0.01837	0.01650	0.01542	0.01238	0.00571	0.00442	0.00146	0.00372	0.00476	0.00422	0.00692
14	0.00549	0.00469	0.00476	0.00473	0.00622	0.00409	0.00355	0.00724	0.05645	0.01214	0.04199	0.06661	0.74532	0.01083	0.00513	0.00148	0.00229	0.00906	0.00407	0.00386
15	0.00959	0.00942	0.04156	0.15805	0.50111	0.00922	0.02648	0.01198	0.00926	0.01299	0.00946	0.01348	0.02373	0.10084	0.00636	0.00164	0.00512	0.00422	0.00222	0.04327
16	0.01008	0.01639	0.05685	0.03301	0.04517	0.02110	0.03897	0.07879	0.01825	0.10751	0.03295	0.05954	0.01158	0.03404	0.14842	0.03701	0.01478	0.04823	0.07276	0.11455

[dist]
# distance from previous block
# <min> <max>
0	40

# created by:
# /st0/software/busco_prod/Augustus/scripts/msa2prfl.pl ./align_prep/122192.fa
