[name]
unknown

[dist]
# distance from previous block
# <min> <max>
19	253

[block]
# block no. 0 follows, 60 sequences, length 10
# corresponding to MSA columns:
# 289-298
name=unknown_A
#
# <colnr> <probs for GDERKNQSTAVLIFYWHMCP>
#	G	D	E	R	K	N	Q	S	T	A	V	L	I	F	Y	W	H	M	C	P
0	0.07465	0.10944	0.08653	0.06325	0.03199	0.11667	0.02777	0.17753	0.02422	0.12026	0.01049	0.03691	0.01969	0.00609	0.03834	0.00150	0.00532	0.00384	0.00315	0.04238
1	0.09050	0.18537	0.16434	0.00925	0.02521	0.09591	0.00874	0.10983	0.02805	0.19235	0.02852	0.02582	0.00828	0.00481	0.00385	0.00125	0.00490	0.00358	0.00321	0.00621
2	0.03240	0.12566	0.11134	0.01600	0.27244	0.11845	0.09658	0.06805	0.01088	0.06288	0.02161	0.02808	0.00760	0.00443	0.00414	0.00127	0.00558	0.00384	0.00254	0.00622
3	0.06202	0.24505	0.43672	0.01086	0.01588	0.01197	0.08034	0.01370	0.03527	0.01346	0.03190	0.00963	0.00691	0.00419	0.00382	0.00127	0.00562	0.00329	0.00210	0.00601
4	0.00920	0.00853	0.00775	0.00749	0.04216	0.17216	0.00543	0.01062	0.01090	0.07220	0.16998	0.02757	0.35777	0.00817	0.00504	0.00135	0.03161	0.00663	0.00371	0.04172
5	0.00998	0.07683	0.06233	0.00780	0.01161	0.06246	0.03311	0.04034	0.02604	0.01411	0.00828	0.02885	0.00698	0.00380	0.00348	0.00084	0.00404	0.00303	0.00258	0.59349
6	0.04791	0.00612	0.00757	0.00689	0.00869	0.00587	0.01805	0.05942	0.06966	0.16792	0.12176	0.28918	0.08532	0.00901	0.00485	0.00149	0.00307	0.03060	0.00428	0.05233
7	0.01177	0.01241	0.12707	0.01061	0.06147	0.06545	0.00880	0.17213	0.38626	0.01831	0.01411	0.01382	0.03625	0.00539	0.00432	0.00137	0.00449	0.00434	0.00369	0.03793
8	0.01225	0.01111	0.01537	0.09291	0.45804	0.05901	0.01135	0.20062	0.06598	0.01715	0.00925	0.01099	0.00728	0.00442	0.00432	0.00131	0.00519	0.00390	0.00282	0.00674
9	0.00615	0.00474	0.00631	0.00755	0.08697	0.00446	0.00465	0.00728	0.00921	0.01234	0.17303	0.35215	0.15741	0.13813	0.00783	0.00197	0.00291	0.00926	0.00379	0.00387

[dist]
# distance from previous block
# <min> <max>
3	11

[block]
# block no. 1 follows, 60 sequences, length 9
# corresponding to MSA columns:
# 310-318
name=unknown_B
#
# <colnr> <probs for GDERKNQSTAVLIFYWHMCP>
#	G	D	E	R	K	N	Q	S	T	A	V	L	I	F	Y	W	H	M	C	P
0	0.65350	0.00848	0.00808	0.00681	0.00961	0.00942	0.04632	0.04364	0.02916	0.09655	0.04720	0.00967	0.00750	0.00449	0.00321	0.00136	0.00360	0.00309	0.00314	0.00517
1	0.01029	0.00825	0.01079	0.00811	0.01126	0.00750	0.04734	0.01211	0.00904	0.09730	0.00842	0.00987	0.00679	0.00427	0.00544	0.00099	0.15341	0.00312	0.00273	0.58298
2	0.01024	0.00867	0.00916	0.00820	0.01053	0.00975	0.00638	0.07052	0.61701	0.01794	0.05718	0.02008	0.12196	0.00670	0.00456	0.00146	0.00331	0.00557	0.00440	0.00638
3	0.00591	0.00426	0.00572	0.00667	0.00725	0.00407	0.00505	0.00712	0.00903	0.01184	0.02479	0.52186	0.06991	0.01296	0.00571	0.00184	0.00303	0.28523	0.00404	0.00372
4	0.01169	0.01193	0.01525	0.09457	0.43007	0.15740	0.03732	0.03599	0.13490	0.01428	0.00946	0.01122	0.00757	0.00438	0.00430	0.00131	0.00551	0.00390	0.00257	0.00637
5	0.00610	0.00429	0.00483	0.00479	0.00520	0.00411	0.00296	0.00657	0.00781	0.01026	0.12422	0.03161	0.17121	0.57907	0.01674	0.00333	0.00356	0.00709	0.00319	0.00303
6	0.00619	0.00431	0.00580	0.00630	0.00671	0.00439	0.00440	0.00705	0.00792	0.03235	0.01947	0.49724	0.02231	0.14185	0.16279	0.00312	0.02701	0.03366	0.00349	0.00363
7	0.00624	0.00465	0.00687	0.00687	0.00760	0.00538	0.00528	0.00770	0.00697	0.01002	0.01181	0.01783	0.01121	0.08234	0.78022	0.00684	0.01123	0.00477	0.00236	0.00382
8	0.00810	0.00405	0.00416	0.00416	0.00512	0.00405	0.00309	0.00989	0.00894	0.01573	0.01382	0.01608	0.01096	0.00570	0.00390	0.05419	0.00214	0.00405	0.81794	0.00393

[dist]
# distance from previous block
# <min> <max>
0	5

[block]
# block no. 2 follows, 60 sequences, length 59
# corresponding to MSA columns:
# 324-382
name=unknown_C
#
# <colnr> <probs for GDERKNQSTAVLIFYWHMCP>
#	G	D	E	R	K	N	Q	S	T	A	V	L	I	F	Y	W	H	M	C	P
0	0.00645	0.02877	0.00758	0.03422	0.00851	0.00588	0.00563	0.00800	0.00710	0.01010	0.01146	0.01706	0.01075	0.05884	0.75114	0.00656	0.01103	0.00464	0.00232	0.00393
1	0.01658	0.01222	0.01309	0.01003	0.01353	0.01353	0.00829	0.80497	0.02051	0.02749	0.01047	0.01047	0.00742	0.00524	0.00436	0.00131	0.00480	0.00393	0.00436	0.00742
2	0.00837	0.00430	0.00432	0.00423	0.00532	0.00433	0.00320	0.03275	0.00947	0.01658	0.01412	0.01610	0.01107	0.00509	0.00309	0.00102	0.00211	0.00406	0.84630	0.00416
3	0.87753	0.00843	0.00641	0.00574	0.00843	0.00978	0.00472	0.01282	0.00742	0.01957	0.00607	0.00709	0.00472	0.00405	0.00270	0.00135	0.00337	0.00236	0.00270	0.00472
4	0.00623	0.00467	0.00701	0.00701	0.00779	0.00545	0.00545	0.00779	0.00701	0.01012	0.01168	0.01713	0.01090	0.03271	0.82944	0.00701	0.01168	0.00467	0.00234	0.00389
5	0.00877	0.00840	0.01453	0.65863	0.15911	0.00987	0.05574	0.01167	0.00901	0.01181	0.00788	0.01150	0.00604	0.00425	0.00440	0.00143	0.00579	0.00395	0.00199	0.00524
6	0.01121	0.01121	0.01710	0.04849	0.72564	0.08282	0.01291	0.01368	0.01011	0.01384	0.00806	0.01056	0.00676	0.00395	0.00428	0.00128	0.00544	0.00379	0.00216	0.00669
7	0.01319	0.00612	0.00820	0.00696	0.00920	0.00551	0.00560	0.01527	0.03168	0.42925	0.29837	0.04919	0.02323	0.00744	0.00482	0.00143	0.00311	0.07055	0.00501	0.00585
8	0.00633	0.00430	0.00510	0.00510	0.00522	0.00442	0.00307	0.00656	0.00644	0.00871	0.01343	0.02679	0.01510	0.72208	0.14581	0.00465	0.00537	0.00609	0.00260	0.00283
9	0.00976	0.29320	0.53412	0.01101	0.01649	0.01250	0.04026	0.01357	0.00913	0.01265	0.00728	0.00857	0.00559	0.00399	0.00374	0.00124	0.00589	0.00300	0.00186	0.00615
10	0.01042	0.37871	0.23187	0.03701	0.01695	0.01346	0.22833	0.01345	0.00934	0.01223	0.00733	0.00902	0.00586	0.00384	0.00384	0.00121	0.00590	0.00338	0.00195	0.00587
11	0.00623	0.00466	0.00694	0.00694	0.00769	0.00541	0.00536	0.00774	0.00699	0.01007	0.01175	0.01751	0.01107	0.05949	0.80288	0.00692	0.01144	0.00473	0.00235	0.00385
12	0.04149	0.00698	0.00883	0.00736	0.00954	0.00696	0.02243	0.11400	0.06644	0.23908	0.35600	0.02157	0.02306	0.00771	0.03018	0.00155	0.02071	0.00580	0.00462	0.00569
13	0.13356	0.04520	0.01186	0.01000	0.03206	0.33975	0.02053	0.17475	0.09036	0.06164	0.03379	0.01034	0.00802	0.00485	0.00395	0.00125	0.00561	0.00347	0.00318	0.00584
14	0.00524	0.00439	0.00456	0.00468	0.00604	0.00372	0.00351	0.00635	0.00982	0.01178	0.04184	0.10450	0.72725	0.01129	0.00522	0.00152	0.00230	0.03827	0.00405	0.00368
15	0.00526	0.00409	0.00479	0.00532	0.00614	0.00362	0.00372	0.00621	0.00916	0.01158	0.05246	0.46599	0.38136	0.01238	0.00537	0.00163	0.00238	0.01086	0.00407	0.00362
16	0.07294	0.01110	0.01686	0.15272	0.06823	0.09139	0.28916	0.09101	0.02752	0.02501	0.00907	0.04560	0.00740	0.00484	0.00526	0.00144	0.06777	0.00450	0.00255	0.00562
17	0.03961	0.04604	0.26418	0.01620	0.07253	0.01094	0.44686	0.01376	0.00974	0.01394	0.00824	0.01056	0.00619	0.00390	0.00475	0.00141	0.01871	0.00427	0.00209	0.00605
18	0.01054	0.01011	0.01725	0.10636	0.74189	0.01030	0.01326	0.01316	0.00981	0.01394	0.00816	0.01088	0.00680	0.00393	0.00432	0.00131	0.00524	0.00389	0.00214	0.00671
19	0.00623	0.00466	0.00694	0.00694	0.00769	0.00541	0.00536	0.00774	0.00699	0.01007	0.01175	0.01750	0.01106	0.05919	0.80318	0.00692	0.01144	0.00473	0.00235	0.00385
20	0.00904	0.00775	0.00904	0.00646	0.01034	0.00581	0.00517	0.01098	0.00904	0.01421	0.00775	0.00904	0.00646	0.00323	0.00323	0.00065	0.00323	0.00258	0.00258	0.87339
21	0.03232	0.11979	0.46721	0.01130	0.01600	0.01042	0.10140	0.01260	0.00886	0.01283	0.00897	0.01155	0.02368	0.05798	0.05703	0.00188	0.03469	0.00373	0.00204	0.00572
22	0.00525	0.00424	0.00468	0.00501	0.00609	0.00367	0.00362	0.00628	0.00949	0.01169	0.04846	0.28919	0.54910	0.01184	0.00530	0.00157	0.00234	0.02448	0.00406	0.00365
23	0.01124	0.01006	0.01380	0.01149	0.04112	0.03653	0.16128	0.17342	0.16713	0.03628	0.01485	0.04123	0.09872	0.00634	0.00642	0.00151	0.15414	0.00516	0.00336	0.00592
24	0.00566	0.00442	0.00514	0.00500	0.00621	0.00389	0.00373	0.00723	0.01108	0.01458	0.42485	0.06342	0.40901	0.01008	0.00516	0.00143	0.00214	0.00866	0.00442	0.00389
25	0.00965	0.18637	0.20934	0.04025	0.05213	0.04926	0.03678	0.02485	0.08376	0.01278	0.02666	0.05301	0.05184	0.00724	0.05422	0.00170	0.08018	0.01191	0.00251	0.00555
26	0.87753	0.00843	0.00641	0.00574	0.00843	0.00978	0.00472	0.01282	0.00742	0.01957	0.00607	0.00709	0.00472	0.00405	0.00270	0.00135	0.00337	0.00236	0.00270	0.00472
27	0.23846	0.08294	0.24654	0.02892	0.01387	0.01007	0.05143	0.07063	0.01023	0.17886	0.00962	0.01060	0.00693	0.00453	0.00381	0.00134	0.00482	0.01730	0.00302	0.00608
28	0.01497	0.01871	0.01167	0.01073	0.01270	0.71915	0.00803	0.01605	0.01177	0.01071	0.00843	0.09106	0.00793	0.00551	0.00445	0.00121	0.03580	0.00380	0.00241	0.00490
29	0.00625	0.00461	0.00668	0.00668	0.00735	0.00527	0.00504	0.00758	0.00691	0.00988	0.01198	0.01879	0.01162	0.15074	0.71239	0.00661	0.01060	0.00491	0.00238	0.00371
30	0.01148	0.44398	0.11215	0.00892	0.01250	0.15908	0.03542	0.01351	0.01903	0.01153	0.03581	0.00991	0.03448	0.00438	0.00359	0.00107	0.01568	0.00311	0.00219	0.06219
31	0.00934	0.00774	0.00907	0.00650	0.01036	0.00583	0.00520	0.01127	0.00914	0.03714	0.00802	0.00921	0.00658	0.00329	0.00326	0.00067	0.00324	0.00264	0.00266	0.84882
32	0.03237	0.00857	0.00977	0.00716	0.01091	0.00735	0.00579	0.15653	0.01127	0.05810	0.00869	0.00955	0.00681	0.00373	0.00348	0.00082	0.00354	0.00292	0.00306	0.64957
33	0.62128	0.03245	0.00801	0.00682	0.02580	0.00979	0.00544	0.06601	0.03832	0.03971	0.00774	0.00940	0.00622	0.02209	0.00362	0.00138	0.01467	0.01898	0.00292	0.05935
34	0.00735	0.00570	0.00674	0.00676	0.00753	0.05232	0.00499	0.00841	0.00834	0.04890	0.03496	0.23769	0.08722	0.14057	0.22795	0.00346	0.05346	0.05052	0.00324	0.00389
35	0.01375	0.01623	0.01231	0.04021	0.08637	0.52858	0.00867	0.04177	0.01119	0.01150	0.00828	0.01041	0.02549	0.03072	0.04939	0.00165	0.09263	0.00344	0.00232	0.00510
36	0.00739	0.00539	0.00708	0.00765	0.00876	0.00550	0.00641	0.05504	0.03756	0.01353	0.02247	0.12075	0.06190	0.03967	0.04490	0.00221	0.00418	0.54147	0.00393	0.00420
37	0.02032	0.00464	0.00622	0.00637	0.00694	0.00486	0.01850	0.00717	0.00766	0.01051	0.01832	0.26308	0.07314	0.22514	0.23487	0.00380	0.03110	0.05072	0.00311	0.00355
38	0.00574	0.00411	0.00502	0.00555	0.00617	0.00376	0.00379	0.00657	0.00871	0.02786	0.04718	0.49491	0.22284	0.11485	0.00748	0.00198	0.00270	0.02328	0.00392	0.00357
39	0.01775	0.00870	0.01074	0.00832	0.01158	0.00846	0.00684	0.24573	0.03745	0.52829	0.05808	0.01458	0.01152	0.00555	0.00442	0.00134	0.00393	0.00446	0.00504	0.00723
40	0.00989	0.00951	0.01637	0.30711	0.51864	0.01015	0.03991	0.01263	0.00952	0.01316	0.00807	0.01112	0.00652	0.00404	0.00436	0.00136	0.00547	0.00393	0.00208	0.00616
41	0.03187	0.00537	0.00650	0.00617	0.00757	0.00506	0.00461	0.05569	0.01037	0.15576	0.10741	0.23167	0.18153	0.11020	0.00711	0.00187	0.00308	0.05951	0.00418	0.00449
42	0.00566	0.00431	0.00519	0.00576	0.00646	0.00405	0.00398	0.00720	0.05601	0.01180	0.05131	0.54104	0.22670	0.04164	0.00597	0.00175	0.00255	0.01081	0.00404	0.00376
43	0.48758	0.00860	0.00722	0.00648	0.00862	0.06394	0.00503	0.10833	0.00946	0.01771	0.02651	0.08121	0.00948	0.10858	0.00568	0.00171	0.00381	0.00409	0.03128	0.00469
44	0.02450	0.00548	0.00654	0.00609	0.00755	0.00522	0.00453	0.01130	0.08441	0.17234	0.11640	0.10855	0.18911	0.18159	0.00850	0.00206	0.00318	0.05394	0.00412	0.00458
45	0.16483	0.00660	0.00770	0.00684	0.00893	0.00653	0.00531	0.05330	0.05183	0.28526	0.09407	0.24643	0.02880	0.00790	0.00450	0.00148	0.00318	0.00667	0.00437	0.00547
46	0.01072	0.01029	0.01757	0.05011	0.79675	0.01034	0.01335	0.01332	0.00990	0.01416	0.00819	0.01082	0.00688	0.00390	0.00432	0.00130	0.00520	0.00389	0.00215	0.00685
47	0.00643	0.00467	0.00580	0.00624	0.00740	0.00432	0.00503	0.00790	0.00986	0.03899	0.05400	0.15052	0.33787	0.01200	0.02294	0.00183	0.00320	0.31299	0.00407	0.00393
48	0.03661	0.00471	0.00583	0.00606	0.00701	0.00446	0.00438	0.03592	0.00998	0.06517	0.17143	0.46336	0.11099	0.01119	0.00521	0.00160	0.00263	0.03297	0.01637	0.00411
49	0.00647	0.00441	0.00532	0.00548	0.00648	0.00398	0.00397	0.00768	0.00979	0.06024	0.17098	0.28464	0.28138	0.06233	0.00625	0.00172	0.00256	0.04181	0.03060	0.00390
50	0.00530	0.00443	0.00464	0.00476	0.00614	0.00377	0.00362	0.00645	0.00987	0.01184	0.04164	0.08342	0.72065	0.01125	0.00524	0.00153	0.00236	0.06536	0.00405	0.00370
51	0.00759	0.00500	0.00617	0.00598	0.00731	0.00462	0.00461	0.03815	0.01105	0.09179	0.28197	0.13490	0.23423	0.03608	0.00575	0.00162	0.00274	0.11175	0.00438	0.00431
52	0.00936	0.00530	0.00615	0.00580	0.00719	0.00521	0.00437	0.07567	0.03661	0.11780	0.07115	0.22892	0.05732	0.00790	0.00425	0.00134	0.00265	0.00675	0.34155	0.00471
53	0.00540	0.00441	0.00477	0.00480	0.00612	0.00379	0.00361	0.00667	0.01027	0.01275	0.17219	0.08181	0.62082	0.01086	0.00520	0.00149	0.00226	0.03484	0.00417	0.00376
54	0.04218	0.00442	0.00550	0.00591	0.00672	0.00419	0.00435	0.00737	0.00979	0.01353	0.24939	0.36233	0.12315	0.03347	0.00578	0.00170	0.00263	0.10962	0.00416	0.00381
55	0.12163	0.01019	0.01082	0.00910	0.03789	0.02281	0.00704	0.47883	0.03815	0.06503	0.01125	0.04072	0.00902	0.08385	0.00582	0.00160	0.00437	0.00429	0.03127	0.00633
56	0.52343	0.04107	0.00955	0.00827	0.05451	0.06461	0.00634	0.16882	0.01079	0.06596	0.00773	0.00845	0.00581	0.00437	0.00330	0.00131	0.00412	0.00290	0.00309	0.00558
57	0.00646	0.00466	0.00558	0.00547	0.00650	0.00440	0.00401	0.00805	0.03272	0.03637	0.26586	0.05573	0.25717	0.17386	0.06375	0.00239	0.00339	0.05585	0.00394	0.00384
58	0.01480	0.29022	0.01581	0.00995	0.01274	0.52655	0.00811	0.05291	0.01160	0.01133	0.00670	0.00770	0.00570	0.00428	0.00358	0.00107	0.00668	0.00271	0.00222	0.00534

[dist]
# distance from previous block
# <min> <max>
9	16

[block]
# block no. 3 follows, 60 sequences, length 46
# corresponding to MSA columns:
# 401-446
name=unknown_D
#
# <colnr> <probs for GDERKNQSTAVLIFYWHMCP>
#	G	D	E	R	K	N	Q	S	T	A	V	L	I	F	Y	W	H	M	C	P
0	0.03747	0.02055	0.07387	0.08685	0.02894	0.03795	0.24533	0.09910	0.18469	0.01581	0.02280	0.03285	0.04555	0.00592	0.02623	0.00158	0.02070	0.00485	0.00304	0.00592
1	0.00780	0.00444	0.00655	0.00633	0.00633	0.00487	0.00444	0.00623	0.00579	0.00791	0.00737	0.01284	0.00737	0.01430	0.01674	0.77447	0.09832	0.00379	0.00190	0.00222
2	0.00828	0.00419	0.00444	0.00447	0.00550	0.00412	0.00335	0.01018	0.00921	0.04626	0.01543	0.09472	0.01309	0.00603	0.00339	0.00112	0.00218	0.01988	0.74000	0.00414
3	0.00733	0.00606	0.00790	0.02926	0.02734	0.00621	0.04544	0.01139	0.20207	0.01394	0.10716	0.27067	0.14346	0.02470	0.00545	0.00164	0.00320	0.07809	0.00400	0.00468
4	0.01205	0.17532	0.33995	0.01059	0.01504	0.13527	0.02767	0.07278	0.08198	0.07603	0.00914	0.00979	0.00681	0.00444	0.00394	0.00126	0.00575	0.00332	0.00260	0.00625
5	0.01629	0.02079	0.01236	0.01124	0.01348	0.82921	0.00843	0.01742	0.01236	0.01067	0.00674	0.00787	0.00562	0.00449	0.00393	0.00112	0.00787	0.00281	0.00225	0.00506
6	0.01004	0.00959	0.01633	0.26642	0.58579	0.01016	0.01301	0.01272	0.00957	0.01333	0.00807	0.01104	0.00658	0.00403	0.00433	0.00134	0.00537	0.00388	0.00209	0.00630
7	0.00560	0.00413	0.00497	0.00548	0.00606	0.00381	0.00375	0.00640	0.00858	0.01107	0.05086	0.40587	0.23018	0.17847	0.00878	0.00218	0.00285	0.05373	0.00379	0.00344
8	0.00629	0.00460	0.00677	0.00677	0.00746	0.00529	0.00516	0.00759	0.00691	0.00989	0.01170	0.01794	0.01120	0.09994	0.73265	0.03821	0.01077	0.00478	0.00235	0.00372
9	0.01818	0.00922	0.01118	0.00862	0.01200	0.00913	0.00710	0.30310	0.04452	0.50734	0.01480	0.01332	0.00967	0.00536	0.00438	0.00134	0.00409	0.00424	0.00499	0.00740
10	0.00831	0.00437	0.00448	0.00436	0.00546	0.00440	0.00329	0.03755	0.00973	0.01672	0.06132	0.01702	0.01281	0.00531	0.00322	0.00105	0.00213	0.00429	0.79002	0.00418
11	0.00694	0.00512	0.00640	0.00699	0.00800	0.02346	0.00564	0.00872	0.02515	0.03396	0.09614	0.22323	0.12654	0.01154	0.00561	0.00178	0.00335	0.39326	0.00410	0.00404
12	0.00683	0.00491	0.00674	0.00765	0.00856	0.00489	0.00646	0.00884	0.02501	0.01296	0.04955	0.15209	0.02574	0.02724	0.00620	0.00199	0.00375	0.63258	0.00403	0.00399
13	0.00577	0.00451	0.00514	0.00535	0.00648	0.00409	0.00398	0.00745	0.04027	0.01289	0.14131	0.21480	0.42745	0.01103	0.00522	0.00155	0.00243	0.06633	0.03009	0.00387
14	0.00634	0.00424	0.00484	0.00484	0.00487	0.00427	0.00275	0.00640	0.00637	0.00852	0.01367	0.02813	0.01568	0.81702	0.05165	0.00433	0.00450	0.00628	0.00263	0.00269
15	0.00627	0.00421	0.00485	0.00492	0.00497	0.00421	0.00284	0.00640	0.00662	0.00887	0.03169	0.08383	0.01717	0.75250	0.04004	0.00407	0.00424	0.00675	0.00278	0.00277
16	0.03560	0.00466	0.00562	0.00594	0.00683	0.00448	0.00428	0.00834	0.05357	0.03846	0.14437	0.40499	0.14029	0.05245	0.00604	0.00174	0.00268	0.05217	0.02351	0.00399
17	0.20651	0.00739	0.00745	0.00640	0.00856	0.00797	0.00506	0.16163	0.08255	0.09945	0.01227	0.01373	0.00946	0.05700	0.00466	0.00142	0.00328	0.00391	0.29596	0.00534
18	0.01629	0.02079	0.01236	0.01124	0.01348	0.82921	0.00843	0.01742	0.01236	0.01067	0.00674	0.00787	0.00562	0.00449	0.00393	0.00112	0.00787	0.00281	0.00225	0.00506
19	0.01234	0.00605	0.00808	0.00743	0.00946	0.00560	0.00611	0.01437	0.04019	0.36518	0.03957	0.09753	0.06453	0.03065	0.00557	0.00169	0.00360	0.27191	0.00462	0.00551
20	0.00580	0.00434	0.00494	0.00511	0.00621	0.00380	0.00368	0.00690	0.00973	0.03762	0.12270	0.26088	0.46150	0.03935	0.00581	0.00163	0.00240	0.00969	0.00413	0.00377
21	0.00875	0.02256	0.82413	0.01243	0.01888	0.01013	0.01611	0.01381	0.00921	0.01381	0.00783	0.00921	0.00552	0.00414	0.00414	0.00138	0.00645	0.00322	0.00184	0.00645
22	0.69852	0.00869	0.00747	0.00638	0.00923	0.00978	0.00526	0.09132	0.00926	0.10898	0.00773	0.00827	0.00566	0.00431	0.00305	0.00135	0.00355	0.00274	0.00316	0.00529
23	0.01006	0.01106	0.02108	0.01573	0.01907	0.05058	0.56306	0.01326	0.02772	0.01323	0.00973	0.02625	0.00818	0.00627	0.04743	0.00181	0.09945	0.04816	0.00236	0.00550
24	0.00551	0.00391	0.00516	0.00608	0.00636	0.00370	0.00411	0.00628	0.00828	0.01101	0.02305	0.72053	0.02744	0.08847	0.00709	0.00201	0.00278	0.06083	0.00392	0.00349
25	0.00559	0.00444	0.00504	0.00501	0.00627	0.00389	0.00379	0.00704	0.01069	0.01372	0.29997	0.06845	0.49175	0.01048	0.00521	0.00148	0.00226	0.04680	0.00430	0.00384
26	0.01615	0.01162	0.01429	0.01079	0.01438	0.01242	0.10434	0.62119	0.01837	0.11518	0.01103	0.01112	0.00770	0.00507	0.00446	0.00133	0.00499	0.00413	0.00422	0.00723
27	0.01490	0.01138	0.01214	0.00970	0.01288	0.01274	0.00788	0.57573	0.25248	0.02478	0.01261	0.01217	0.00915	0.00544	0.00438	0.00136	0.00440	0.00422	0.00438	0.00727
28	0.87753	0.00843	0.00641	0.00574	0.00843	0.00978	0.00472	0.01282	0.00742	0.01957	0.00607	0.00709	0.00472	0.00405	0.00270	0.00135	0.00337	0.00236	0.00270	0.00472
29	0.01957	0.00742	0.01012	0.00776	0.01113	0.00641	0.00641	0.02126	0.01248	0.82254	0.01721	0.01484	0.01080	0.00540	0.00439	0.00135	0.00371	0.00439	0.00540	0.00742
30	0.00634	0.00423	0.00476	0.00476	0.00476	0.00423	0.00264	0.00634	0.00634	0.00846	0.01374	0.02854	0.01586	0.84672	0.02220	0.00423	0.00423	0.00634	0.00264	0.00264
31	0.00875	0.02256	0.82413	0.01243	0.01888	0.01013	0.01611	0.01381	0.00921	0.01381	0.00783	0.00921	0.00552	0.00414	0.00414	0.00138	0.00645	0.00322	0.00184	0.00645
32	0.00522	0.00442	0.00453	0.00459	0.00601	0.00372	0.00346	0.00635	0.00989	0.01180	0.04281	0.06908	0.76493	0.01117	0.00520	0.00150	0.00228	0.03531	0.00405	0.00369
33	0.01214	0.00938	0.01102	0.00926	0.01121	0.01093	0.00744	0.30257	0.14943	0.05927	0.01292	0.07594	0.02770	0.04292	0.04763	0.00191	0.19369	0.00498	0.00367	0.00599
34	0.00567	0.00396	0.00494	0.00557	0.00576	0.00379	0.00353	0.00617	0.00767	0.01020	0.02084	0.53756	0.04164	0.30853	0.01145	0.00263	0.00312	0.01018	0.00355	0.00323
35	0.01607	0.06092	0.01287	0.01105	0.01337	0.78988	0.00838	0.01720	0.01219	0.01065	0.00671	0.00782	0.00562	0.00446	0.00388	0.00111	0.00771	0.00279	0.00223	0.00508
36	0.01212	0.76647	0.02180	0.00784	0.01142	0.09847	0.00756	0.01350	0.00921	0.01030	0.00613	0.00708	0.00560	0.00381	0.00291	0.00095	0.00498	0.00238	0.00190	0.00554
37	0.00601	0.00452	0.00560	0.00552	0.00666	0.00411	0.00427	0.00780	0.01141	0.01539	0.50897	0.03720	0.24845	0.00988	0.00526	0.00148	0.00234	0.10664	0.00450	0.00399
38	0.00904	0.00775	0.00904	0.00646	0.01034	0.00581	0.00517	0.01098	0.00904	0.01421	0.00775	0.00904	0.00646	0.00323	0.00323	0.00065	0.00323	0.00258	0.00258	0.87339
39	0.00596	0.00439	0.00557	0.00541	0.00642	0.00400	0.00401	0.00777	0.01164	0.01613	0.64029	0.11491	0.13796	0.00966	0.00519	0.00142	0.00212	0.00851	0.00463	0.00400
40	0.00758	0.00379	0.00568	0.00568	0.00568	0.00379	0.00379	0.00568	0.00568	0.00758	0.00758	0.01326	0.00758	0.01515	0.01705	0.87311	0.00379	0.00379	0.00189	0.00189
41	0.01658	0.01222	0.01309	0.01003	0.01353	0.01353	0.00829	0.80497	0.02051	0.02749	0.01047	0.01047	0.00742	0.00524	0.00436	0.00131	0.00480	0.00393	0.00436	0.00742
42	0.01079	0.01036	0.01770	0.02677	0.81952	0.01036	0.01339	0.01339	0.00993	0.01425	0.00820	0.01079	0.00691	0.00389	0.00432	0.00130	0.00518	0.00389	0.00216	0.00691
43	0.00530	0.00385	0.00501	0.00594	0.00629	0.00355	0.00399	0.00609	0.00848	0.01119	0.02568	0.77863	0.09303	0.01345	0.00553	0.00175	0.00250	0.01214	0.00405	0.00355
44	0.00948	0.04619	0.64874	0.01299	0.01893	0.01035	0.13338	0.01409	0.00948	0.04436	0.00828	0.00974	0.00589	0.00411	0.00426	0.00138	0.00642	0.00353	0.00203	0.00637
45	0.01074	0.00921	0.00973	0.00877	0.01120	0.01060	0.00685	0.03762	0.75992	0.01816	0.01836	0.01748	0.03273	0.00616	0.00449	0.00149	0.00346	0.02183	0.00442	0.00677

[dist]
# distance from previous block
# <min> <max>
0	2

[block]
# block no. 4 follows, 60 sequences, length 19
# corresponding to MSA columns:
# 449-467
name=unknown_E
#
# <colnr> <probs for GDERKNQSTAVLIFYWHMCP>
#	G	D	E	R	K	N	Q	S	T	A	V	L	I	F	Y	W	H	M	C	P
0	0.00600	0.00453	0.00483	0.00470	0.00604	0.00390	0.00344	0.00709	0.00986	0.04662	0.10890	0.03844	0.62235	0.10565	0.00706	0.00177	0.00249	0.00855	0.00402	0.00376
1	0.00904	0.00775	0.00904	0.00646	0.01034	0.00581	0.00517	0.01098	0.00904	0.01421	0.00775	0.00904	0.00646	0.00323	0.00323	0.00065	0.00323	0.00258	0.00258	0.87339
2	0.01212	0.01162	0.05657	0.01587	0.02014	0.01051	0.58699	0.07929	0.01140	0.13511	0.01016	0.01201	0.00726	0.00408	0.00493	0.00144	0.00657	0.00485	0.00284	0.00626
3	0.00882	0.00750	0.00880	0.00641	0.01007	0.00568	0.00509	0.01072	0.00913	0.01421	0.03475	0.03940	0.00839	0.00379	0.00338	0.00071	0.00317	0.00310	0.00271	0.81418
4	0.01043	0.00948	0.07174	0.00926	0.01271	0.02993	0.13808	0.03874	0.04394	0.10494	0.01149	0.10337	0.01001	0.03488	0.00478	0.00124	0.00435	0.00462	0.00307	0.35293
5	0.00856	0.02122	0.76374	0.01192	0.01796	0.00969	0.01523	0.01340	0.00944	0.01408	0.06756	0.01093	0.00815	0.00450	0.00422	0.00138	0.00612	0.00357	0.00206	0.00627
6	0.00538	0.00384	0.00514	0.00615	0.00643	0.00360	0.00417	0.00619	0.00842	0.01121	0.02400	0.81215	0.02870	0.01360	0.00559	0.00178	0.00259	0.04345	0.00405	0.00356
7	0.00629	0.00421	0.00477	0.00482	0.00483	0.00420	0.00271	0.00633	0.00644	0.00858	0.01423	0.06742	0.01648	0.80700	0.02141	0.00411	0.00415	0.00663	0.00271	0.00269
8	0.01052	0.03479	0.02478	0.01788	0.04239	0.01131	0.71906	0.03773	0.01047	0.01420	0.00871	0.01152	0.00660	0.00382	0.00525	0.00146	0.02636	0.00497	0.00225	0.00592
9	0.00515	0.00442	0.00442	0.00442	0.00589	0.00368	0.00331	0.00626	0.00994	0.01178	0.04418	0.04197	0.81775	0.01105	0.00515	0.00147	0.00221	0.00920	0.00405	0.00368
10	0.00516	0.00439	0.00444	0.00448	0.00591	0.00368	0.00334	0.00625	0.00988	0.01176	0.04340	0.07328	0.78695	0.01115	0.00517	0.00148	0.00222	0.00933	0.00405	0.00368
11	0.01122	0.72556	0.14282	0.00821	0.01234	0.01619	0.00876	0.01317	0.00891	0.01079	0.00633	0.00733	0.00559	0.00379	0.00300	0.00100	0.00493	0.00247	0.00186	0.00572
12	0.01507	0.01634	0.01185	0.03005	0.01314	0.48781	0.00798	0.21058	0.07950	0.01529	0.00905	0.01064	0.00737	0.06006	0.00529	0.00141	0.00646	0.00352	0.00297	0.00562
13	0.00957	0.00967	0.01528	0.01242	0.01357	0.01216	0.17547	0.01194	0.06448	0.01175	0.00762	0.01099	0.00680	0.00836	0.06625	0.00213	0.55002	0.00423	0.00218	0.00510
14	0.00580	0.00417	0.00561	0.00658	0.00710	0.00398	0.00488	0.00694	0.00890	0.01172	0.02454	0.58253	0.05811	0.01309	0.00568	0.00183	0.00295	0.23787	0.00404	0.00369
15	0.05071	0.04384	0.03043	0.14815	0.03117	0.09800	0.36461	0.04692	0.01018	0.01349	0.00921	0.06200	0.00785	0.00490	0.00512	0.00144	0.04822	0.01594	0.00239	0.00542
16	0.00646	0.00440	0.00545	0.00583	0.00614	0.00437	0.00405	0.00706	0.00757	0.01000	0.01727	0.11641	0.01958	0.50783	0.01584	0.02394	0.00399	0.22756	0.00315	0.00310
17	0.07719	0.05322	0.05250	0.02187	0.02329	0.00971	0.18614	0.09799	0.15446	0.12588	0.01401	0.07568	0.03923	0.00655	0.02939	0.00159	0.00490	0.01690	0.00350	0.00602
18	0.01053	0.18186	0.12008	0.01032	0.10231	0.09072	0.00819	0.04575	0.05951	0.04298	0.00990	0.01368	0.00885	0.15592	0.08575	0.00227	0.00570	0.00392	0.00254	0.03922

[dist]
# distance from previous block
# <min> <max>
0	15

# created by:
# /st0/software/busco_prod/Augustus/scripts/msa2prfl.pl ./align_prep/122330.fa
