[name]
unknown

[dist]
# distance from previous block
# <min> <max>
0	321

[block]
# block no. 0 follows, 58 sequences, length 17
# corresponding to MSA columns:
# 339-355
name=unknown_A
#
# <colnr> <probs for GDERKNQSTAVLIFYWHMCP>
#	G	D	E	R	K	N	Q	S	T	A	V	L	I	F	Y	W	H	M	C	P
0	0.03868	0.17552	0.12876	0.02538	0.06961	0.06850	0.05405	0.03898	0.09002	0.10321	0.05151	0.02948	0.01004	0.00561	0.01882	0.00140	0.02523	0.01356	0.00302	0.04863
1	0.13541	0.04936	0.31256	0.02414	0.02782	0.01046	0.01029	0.16145	0.03898	0.01731	0.05804	0.01316	0.02280	0.07005	0.00584	0.00162	0.02785	0.00402	0.00289	0.00596
2	0.00893	0.06457	0.36780	0.00975	0.01368	0.02383	0.02171	0.03190	0.07749	0.03313	0.06759	0.11374	0.11226	0.00688	0.00485	0.00146	0.02605	0.00566	0.00302	0.00571
3	0.07051	0.10481	0.11235	0.00832	0.01090	0.08136	0.00747	0.06074	0.02818	0.04112	0.01016	0.01357	0.00885	0.06891	0.30177	0.00357	0.00765	0.00394	0.00262	0.05323
4	0.00592	0.00429	0.00550	0.00632	0.00681	0.00406	0.00434	0.03574	0.00919	0.01214	0.02556	0.73161	0.08357	0.01346	0.00565	0.00178	0.00270	0.03338	0.00416	0.00380
5	0.00644	0.00459	0.00615	0.00615	0.00659	0.00503	0.00429	0.00732	0.00688	0.00961	0.01293	0.02285	0.01347	0.39857	0.46318	0.00590	0.00853	0.00557	0.00254	0.00342
6	0.01339	0.42970	0.01796	0.00963	0.04195	0.23824	0.00803	0.08234	0.01112	0.01270	0.00714	0.00823	0.00612	0.00425	0.00364	0.00106	0.02113	0.00280	0.01755	0.06304
7	0.03896	0.04268	0.01094	0.03274	0.04333	0.00826	0.00656	0.13609	0.03182	0.09072	0.01000	0.01076	0.01951	0.00414	0.00371	0.00096	0.00382	0.00327	0.00321	0.49853
8	0.04782	0.08321	0.20092	0.03438	0.08643	0.14820	0.07010	0.13302	0.04219	0.07109	0.03461	0.01097	0.00799	0.00470	0.00424	0.00132	0.00581	0.00376	0.00289	0.00634
9	0.00585	0.00453	0.00539	0.00590	0.00677	0.00422	0.00421	0.00757	0.05742	0.01246	0.06737	0.46126	0.28452	0.01237	0.00550	0.00169	0.00258	0.04224	0.00421	0.00393
10	0.00552	0.00396	0.00533	0.00630	0.00659	0.00377	0.00425	0.00635	0.00847	0.01135	0.02377	0.78225	0.02830	0.01538	0.06313	0.00219	0.00325	0.01216	0.00403	0.00366
11	0.07130	0.09740	0.19173	0.01404	0.20636	0.01022	0.04281	0.04185	0.01936	0.08219	0.01119	0.11757	0.01006	0.00585	0.00484	0.00143	0.04428	0.01860	0.00281	0.00611
12	0.04510	0.03568	0.04697	0.30832	0.24168	0.06614	0.03206	0.03134	0.03962	0.06199	0.00962	0.04488	0.00781	0.00482	0.00438	0.00140	0.00548	0.00423	0.00256	0.00593
13	0.00635	0.00423	0.00546	0.00610	0.00674	0.00385	0.00421	0.00729	0.00921	0.06036	0.06251	0.65541	0.12564	0.01295	0.00556	0.00173	0.00261	0.01161	0.00427	0.00392
14	0.01289	0.38256	0.03578	0.00898	0.01231	0.10420	0.03272	0.10473	0.09503	0.06122	0.05019	0.01084	0.00903	0.00477	0.00397	0.00117	0.02348	0.00348	0.00293	0.03971
15	0.00857	0.06284	0.00753	0.00632	0.00717	0.07814	0.00443	0.00887	0.00819	0.05841	0.01666	0.14494	0.09124	0.32773	0.01354	0.11582	0.02638	0.00658	0.00302	0.00363
16	0.02940	0.02884	0.05370	0.03118	0.04290	0.04141	0.08190	0.27524	0.01332	0.10166	0.01123	0.03189	0.02955	0.02509	0.02103	0.02167	0.11123	0.00439	0.00339	0.04099

[dist]
# distance from previous block
# <min> <max>
2	18

[block]
# block no. 1 follows, 58 sequences, length 43
# corresponding to MSA columns:
# 375-404,406-410,431-438
name=unknown_B
#
# <colnr> <probs for GDERKNQSTAVLIFYWHMCP>
#	G	D	E	R	K	N	Q	S	T	A	V	L	I	F	Y	W	H	M	C	P
0	0.22288	0.04308	0.00882	0.00800	0.04298	0.08840	0.00578	0.05194	0.00816	0.01282	0.00741	0.01084	0.00670	0.01009	0.02767	0.38466	0.05018	0.00340	0.00234	0.00386
1	0.00581	0.00420	0.00558	0.00649	0.00698	0.00400	0.00467	0.00685	0.00886	0.01170	0.02494	0.60312	0.07396	0.03200	0.04120	0.00212	0.00328	0.14647	0.00404	0.00372
2	0.00769	0.00618	0.00930	0.07381	0.22544	0.00612	0.00722	0.00925	0.00947	0.02242	0.07458	0.31374	0.10349	0.00938	0.00555	0.04076	0.00355	0.00799	0.05933	0.00472
3	0.00604	0.00451	0.00552	0.00541	0.00645	0.00409	0.00398	0.00768	0.01133	0.01537	0.50315	0.09502	0.22692	0.06220	0.00642	0.00166	0.00236	0.02339	0.00453	0.00397
4	0.00845	0.00795	0.01342	0.83204	0.03081	0.00994	0.01242	0.01143	0.00894	0.01143	0.00795	0.01193	0.00596	0.00447	0.00447	0.00149	0.00596	0.00398	0.00199	0.00497
5	0.00944	0.00805	0.00937	0.00671	0.01067	0.00614	0.00537	0.02843	0.00953	0.01487	0.00801	0.00931	0.00665	0.00336	0.00334	0.00068	0.00335	0.00268	0.00269	0.85136
6	0.00555	0.00396	0.00530	0.00634	0.00664	0.00372	0.00432	0.00640	0.00866	0.01153	0.02460	0.79648	0.02937	0.01392	0.00574	0.00183	0.00268	0.05516	0.00415	0.00366
7	0.01167	0.01151	0.03779	0.14833	0.20885	0.09453	0.20185	0.10105	0.01151	0.03482	0.00939	0.01168	0.00722	0.00439	0.00448	0.00136	0.00590	0.00420	0.08339	0.00608
8	0.00980	0.06887	0.02285	0.09291	0.05609	0.01959	0.00715	0.17307	0.09288	0.01639	0.06952	0.15862	0.14912	0.00798	0.00477	0.00147	0.00390	0.02375	0.01586	0.00542
9	0.21898	0.03044	0.13897	0.02161	0.04052	0.06174	0.00836	0.12223	0.15421	0.06550	0.01077	0.01140	0.00807	0.00593	0.03427	0.00158	0.00486	0.00367	0.05079	0.00612
10	0.01196	0.84548	0.02344	0.00765	0.01148	0.01770	0.00765	0.01339	0.00909	0.01052	0.00622	0.00718	0.00574	0.00383	0.00287	0.00096	0.00478	0.00239	0.00191	0.00574
11	0.00641	0.00471	0.00678	0.00678	0.00744	0.00537	0.00508	0.00773	0.00707	0.01008	0.01235	0.01963	0.01208	0.17611	0.68373	0.00669	0.01063	0.00509	0.00245	0.00377
12	0.01137	0.56205	0.15707	0.04104	0.03152	0.03169	0.00966	0.03244	0.00938	0.01172	0.00674	0.00811	0.00582	0.00425	0.00406	0.00114	0.06128	0.00280	0.00199	0.00587
13	0.01047	0.00950	0.01547	0.26356	0.42846	0.01044	0.01224	0.04204	0.02010	0.03591	0.00872	0.01169	0.00705	0.00579	0.04030	0.00168	0.06402	0.00404	0.00234	0.00620
14	0.84632	0.03588	0.00712	0.00594	0.00874	0.01028	0.00494	0.01316	0.00766	0.01976	0.00623	0.00726	0.00487	0.00414	0.00277	0.00137	0.00350	0.00242	0.00274	0.00487
15	0.00640	0.00446	0.00552	0.00555	0.00583	0.00465	0.00358	0.00691	0.00689	0.00935	0.01496	0.04911	0.04471	0.56355	0.24510	0.00496	0.00634	0.00631	0.00272	0.00313
16	0.00568	0.00418	0.00538	0.00614	0.00672	0.00384	0.00430	0.00670	0.00914	0.01209	0.07455	0.62722	0.12057	0.01307	0.00562	0.00175	0.00265	0.06472	0.00417	0.02152
17	0.03691	0.07073	0.14212	0.01617	0.04991	0.01132	0.50824	0.04299	0.01067	0.01491	0.04550	0.01208	0.00815	0.00417	0.00482	0.00144	0.00666	0.00473	0.00240	0.00608
18	0.00589	0.00433	0.00543	0.00612	0.00671	0.00406	0.00421	0.03681	0.00939	0.01233	0.04783	0.67193	0.14202	0.01317	0.00559	0.00174	0.00262	0.01179	0.00419	0.00382
19	0.00545	0.00389	0.00519	0.00623	0.00649	0.00363	0.00415	0.00623	0.00856	0.01142	0.02465	0.83987	0.02959	0.01401	0.00571	0.00182	0.00260	0.01272	0.00415	0.00363
20	0.24063	0.01137	0.01148	0.00965	0.04192	0.04020	0.00758	0.46386	0.05337	0.06313	0.01003	0.01025	0.00726	0.00502	0.00402	0.00136	0.00454	0.00364	0.00393	0.00676
21	0.01060	0.01194	0.02569	0.01959	0.09110	0.01125	0.73149	0.01428	0.01053	0.01435	0.00900	0.01198	0.00681	0.00379	0.00521	0.00149	0.00735	0.00517	0.00226	0.00612
22	0.00545	0.00389	0.00519	0.00623	0.00649	0.00363	0.00415	0.00623	0.00856	0.01142	0.02465	0.83987	0.02959	0.01401	0.00571	0.00182	0.00260	0.01272	0.00415	0.00363
23	0.01113	0.00961	0.01011	0.00910	0.01163	0.01113	0.00708	0.02377	0.80681	0.01871	0.01821	0.01669	0.01365	0.00607	0.00455	0.00152	0.00354	0.00506	0.00455	0.00708
24	0.01246	0.16072	0.17186	0.01181	0.09807	0.03792	0.01012	0.20298	0.10792	0.04547	0.04424	0.01160	0.00902	0.00510	0.00474	0.00134	0.05104	0.00387	0.00314	0.00659
25	0.00712	0.00534	0.00660	0.00611	0.00741	0.00523	0.00463	0.03201	0.09911	0.01818	0.68694	0.03118	0.05530	0.00875	0.00518	0.00142	0.00235	0.00768	0.00485	0.00462
26	0.87439	0.00865	0.00657	0.00588	0.00865	0.01003	0.00484	0.01315	0.00761	0.02007	0.00623	0.00727	0.00484	0.00415	0.00277	0.00138	0.00346	0.00242	0.00277	0.00484
27	0.01433	0.19029	0.06832	0.01085	0.02863	0.40905	0.00904	0.09887	0.01196	0.01306	0.00722	0.00849	0.00601	0.00473	0.00475	0.00121	0.07713	0.00303	0.00241	0.03063
28	0.00615	0.00468	0.00574	0.00547	0.00672	0.00421	0.00414	0.00798	0.01168	0.01591	0.53722	0.03540	0.25111	0.01034	0.02784	0.00159	0.00251	0.02866	0.00456	0.02810
29	0.04947	0.03854	0.01174	0.00939	0.01241	0.06728	0.00753	0.30468	0.36432	0.02120	0.01328	0.01283	0.00991	0.00541	0.00429	0.00136	0.00438	0.00421	0.00411	0.05365
30	0.00966	0.00967	0.06348	0.28707	0.31915	0.00958	0.04543	0.01263	0.02903	0.03447	0.05367	0.04394	0.00990	0.03063	0.00533	0.00153	0.02180	0.00466	0.00250	0.00587
31	0.01141	0.10748	0.24790	0.01360	0.14700	0.05534	0.05730	0.03740	0.10777	0.07941	0.02833	0.03741	0.00901	0.00505	0.00469	0.00138	0.03609	0.00416	0.00282	0.00644
32	0.01078	0.10978	0.07577	0.01649	0.05363	0.01157	0.54549	0.01442	0.03120	0.03635	0.00973	0.01313	0.00771	0.00429	0.00489	0.00145	0.00671	0.03810	0.00243	0.00607
33	0.00650	0.00437	0.00506	0.00506	0.00512	0.00444	0.00294	0.00662	0.00656	0.00881	0.01393	0.02836	0.01586	0.77934	0.08568	0.00456	0.00494	0.00637	0.00269	0.00281
34	0.00793	0.09472	0.13719	0.00858	0.03454	0.05215	0.00730	0.03018	0.00942	0.01236	0.02824	0.45554	0.05367	0.00997	0.00533	0.00159	0.03467	0.00861	0.00334	0.00468
35	0.03380	0.12268	0.13410	0.10492	0.05340	0.27407	0.01002	0.09851	0.06960	0.01439	0.02575	0.01082	0.00766	0.00480	0.00410	0.00129	0.00610	0.01546	0.00264	0.00588
36	0.00935	0.00920	0.01619	0.47905	0.05983	0.01037	0.19933	0.01359	0.10233	0.01323	0.02592	0.01289	0.00785	0.00461	0.00483	0.00150	0.01747	0.00450	0.00242	0.00554
37	0.00650	0.00437	0.00504	0.00504	0.00510	0.00443	0.00292	0.00661	0.00655	0.00880	0.01394	0.02843	0.01590	0.78470	0.08037	0.00454	0.00489	0.00638	0.00269	0.00280
38	0.01143	0.05525	0.05900	0.14804	0.05534	0.00983	0.05831	0.09487	0.08034	0.12071	0.01067	0.01291	0.00832	0.01792	0.08094	0.08825	0.07501	0.00419	0.00300	0.00567
39	0.03734	0.01238	0.13720	0.01613	0.21337	0.05123	0.19479	0.06792	0.01121	0.08538	0.04518	0.05806	0.01044	0.00531	0.00471	0.00144	0.00563	0.03310	0.00293	0.00627
40	0.00710	0.00511	0.00706	0.00803	0.00909	0.00507	0.00700	0.00911	0.01029	0.01332	0.02487	0.05005	0.06902	0.01230	0.00613	0.00203	0.00402	0.74216	0.00412	0.00410
41	0.01051	0.01020	0.01776	0.13758	0.58915	0.01054	0.08116	0.01324	0.00994	0.01399	0.00875	0.01233	0.00738	0.00439	0.00489	0.00141	0.03215	0.02585	0.00223	0.00655
42	0.01444	0.01123	0.05729	0.04330	0.12527	0.08830	0.09185	0.10594	0.05189	0.25774	0.01257	0.02556	0.00937	0.00539	0.00498	0.00142	0.03937	0.03070	0.01678	0.00662

[dist]
# distance from previous block
# <min> <max>
0	1

[block]
# block no. 2 follows, 58 sequences, length 12
# corresponding to MSA columns:
# 440-451
name=unknown_C
#
# <colnr> <probs for GDERKNQSTAVLIFYWHMCP>
#	G	D	E	R	K	N	Q	S	T	A	V	L	I	F	Y	W	H	M	C	P
0	0.01480	0.00994	0.01186	0.06174	0.06796	0.02458	0.00796	0.27535	0.12730	0.21255	0.03436	0.01316	0.00995	0.00521	0.00437	0.00131	0.00435	0.00421	0.00420	0.10483
1	0.65848	0.04771	0.02785	0.00700	0.00987	0.12244	0.00585	0.01423	0.00866	0.05455	0.00689	0.00779	0.00531	0.00427	0.00306	0.00133	0.00424	0.00260	0.00277	0.00510
2	0.30829	0.19722	0.01237	0.00783	0.01082	0.02582	0.02188	0.12028	0.16677	0.01808	0.01067	0.01160	0.02551	0.00498	0.00358	0.00132	0.00408	0.02050	0.02256	0.00583
3	0.00680	0.00540	0.00798	0.00775	0.00845	0.00658	0.00610	0.00833	0.00715	0.01043	0.01124	0.01662	0.01053	0.03041	0.72612	0.00655	0.11242	0.00469	0.00234	0.00410
4	0.00641	0.00472	0.00684	0.00684	0.00752	0.00540	0.00516	0.00777	0.00709	0.01013	0.01230	0.01933	0.01195	0.15510	0.70456	0.00676	0.01083	0.00505	0.00244	0.00380
5	0.00598	0.00456	0.00550	0.00526	0.00647	0.00407	0.00395	0.00777	0.01184	0.01599	0.55694	0.03662	0.29902	0.00987	0.00528	0.00144	0.00216	0.00854	0.00467	0.00407
6	0.00949	0.00768	0.00827	0.00753	0.00966	0.00832	0.00582	0.01761	0.48433	0.04958	0.12304	0.02505	0.20959	0.00769	0.00482	0.00150	0.00307	0.00647	0.00454	0.00595
7	0.00628	0.00457	0.00590	0.00557	0.00665	0.00420	0.00418	0.00833	0.01253	0.01763	0.77195	0.03392	0.08298	0.00926	0.00528	0.00141	0.00212	0.00816	0.00488	0.00420
8	0.00645	0.00486	0.00531	0.00508	0.00663	0.00424	0.00385	0.00817	0.03588	0.05517	0.20014	0.03881	0.58860	0.01042	0.00522	0.00148	0.00235	0.00877	0.00440	0.00417
9	0.00887	0.02127	0.72155	0.01258	0.01870	0.01001	0.05699	0.01378	0.00973	0.01444	0.06362	0.01124	0.00825	0.00456	0.00438	0.00142	0.00635	0.00374	0.00212	0.00642
10	0.01196	0.84548	0.02344	0.00765	0.01148	0.01770	0.00765	0.01339	0.00909	0.01052	0.00622	0.00718	0.00574	0.00383	0.00287	0.00096	0.00478	0.00239	0.00191	0.00574
11	0.00955	0.00747	0.00914	0.05258	0.06794	0.00798	0.00672	0.03301	0.32607	0.06256	0.09677	0.18433	0.06733	0.00809	0.00489	0.00154	0.00344	0.02470	0.00419	0.02168

[dist]
# distance from previous block
# <min> <max>
0	2

[block]
# block no. 3 follows, 58 sequences, length 52
# corresponding to MSA columns:
# 454-489,494-505,542-545
name=unknown_D
#
# <colnr> <probs for GDERKNQSTAVLIFYWHMCP>
#	G	D	E	R	K	N	Q	S	T	A	V	L	I	F	Y	W	H	M	C	P
0	0.27452	0.05932	0.04377	0.02292	0.06970	0.30328	0.00790	0.06669	0.02714	0.01521	0.00735	0.00879	0.00597	0.00509	0.00457	0.04841	0.01847	0.00302	0.00256	0.00532
1	0.01060	0.05643	0.09733	0.12824	0.36766	0.01067	0.05211	0.05408	0.08457	0.01507	0.00992	0.01250	0.00797	0.00456	0.00435	0.00137	0.00523	0.02019	0.05073	0.00643
2	0.00569	0.00450	0.00512	0.00507	0.00632	0.00393	0.00376	0.00716	0.01099	0.01421	0.32963	0.10062	0.46568	0.01072	0.00532	0.00150	0.00223	0.00919	0.00444	0.00393
3	0.00549	0.00454	0.00481	0.00474	0.00617	0.00386	0.00356	0.00681	0.01067	0.01322	0.19364	0.04119	0.66404	0.01091	0.00528	0.00149	0.00224	0.00918	0.00430	0.00386
4	0.59081	0.00831	0.00784	0.00657	0.00957	0.00889	0.00542	0.01602	0.00934	0.28493	0.01002	0.00991	0.00691	0.00461	0.00334	0.00138	0.00358	0.00311	0.00369	0.00576
5	0.01632	0.00970	0.01109	0.00882	0.01198	0.01016	0.00718	0.33589	0.15908	0.29336	0.01472	0.01379	0.01017	0.00554	0.00439	0.00137	0.00408	0.00438	0.07073	0.00725
6	0.15949	0.00848	0.01010	0.00796	0.01127	0.00826	0.00655	0.11339	0.05608	0.54925	0.01498	0.01346	0.00978	0.00532	0.00421	0.00139	0.00387	0.00413	0.00490	0.00713
7	0.01232	0.01020	0.01079	0.00935	0.01209	0.01168	0.00737	0.18164	0.64699	0.02064	0.01669	0.01548	0.01242	0.00593	0.00454	0.00148	0.00382	0.00485	0.00454	0.00719
8	0.00545	0.00389	0.00519	0.00623	0.00649	0.00363	0.00415	0.00623	0.00856	0.01142	0.02465	0.83987	0.02959	0.01401	0.00571	0.00182	0.00260	0.01272	0.00415	0.00363
9	0.00681	0.00518	0.00623	0.00596	0.00712	0.00508	0.00439	0.00998	0.11961	0.01614	0.49370	0.08958	0.12408	0.07827	0.00666	0.00171	0.00254	0.00803	0.00455	0.00439
10	0.00713	0.00560	0.00629	0.00601	0.00752	0.00546	0.00453	0.02678	0.15367	0.02803	0.25770	0.11591	0.33880	0.00982	0.00517	0.00151	0.00256	0.00841	0.00448	0.00462
11	0.00897	0.02314	0.81962	0.01275	0.01936	0.01039	0.01653	0.01417	0.00944	0.01417	0.00803	0.00944	0.00567	0.00425	0.00425	0.00142	0.00661	0.00331	0.00189	0.00661
12	0.00956	0.01001	0.01949	0.11551	0.06420	0.01037	0.43425	0.01230	0.00937	0.01286	0.00981	0.06291	0.00872	0.06698	0.02026	0.00187	0.11843	0.00539	0.00233	0.00539
13	0.01107	0.01063	0.01816	0.02746	0.81489	0.01063	0.01373	0.01373	0.01019	0.01461	0.00841	0.01107	0.00709	0.00399	0.00443	0.00133	0.00531	0.00399	0.00221	0.00709
14	0.00652	0.00435	0.00493	0.00495	0.00497	0.00435	0.00280	0.00656	0.00658	0.00877	0.01429	0.02971	0.01646	0.82560	0.02242	0.00429	0.00433	0.02262	0.00274	0.00274
15	0.00529	0.00453	0.00453	0.00453	0.00604	0.00378	0.00340	0.00642	0.01020	0.01208	0.04532	0.04305	0.81307	0.01133	0.00529	0.00151	0.00227	0.00944	0.00415	0.00378
16	0.00979	0.00979	0.01370	0.01174	0.01174	0.01370	0.00979	0.01077	0.00685	0.01077	0.00587	0.00979	0.00587	0.00783	0.01468	0.00196	0.83461	0.00391	0.00196	0.00489
17	0.14379	0.04128	0.05311	0.02233	0.02577	0.45980	0.00831	0.11942	0.01243	0.01484	0.00838	0.05479	0.00721	0.00511	0.00399	0.00126	0.00641	0.00355	0.00273	0.00548
18	0.00834	0.00417	0.00417	0.00417	0.00521	0.00417	0.00313	0.01042	0.00938	0.01668	0.01459	0.01668	0.01147	0.00521	0.00313	0.00104	0.00208	0.00417	0.86763	0.00417
19	0.25373	0.00894	0.01008	0.03699	0.01186	0.00917	0.00671	0.18134	0.01296	0.40557	0.01273	0.01199	0.00846	0.00508	0.00402	0.00138	0.00402	0.00381	0.00443	0.00676
20	0.00728	0.00578	0.02013	0.00729	0.01996	0.02703	0.04904	0.00893	0.02005	0.05722	0.21317	0.36312	0.13950	0.01074	0.00537	0.00161	0.00308	0.03217	0.00420	0.00434
21	0.00855	0.00805	0.01359	0.80200	0.06008	0.00996	0.01247	0.01151	0.00899	0.01155	0.00797	0.01189	0.00600	0.00445	0.00447	0.00148	0.00594	0.00398	0.00200	0.00505
22	0.75055	0.00850	0.00713	0.00618	0.00905	0.00953	0.00510	0.01440	0.00837	0.13573	0.00788	0.00842	0.00575	0.00435	0.00302	0.00138	0.00351	0.00272	0.00317	0.00525
23	0.00870	0.00826	0.01363	0.70754	0.05785	0.01040	0.01217	0.01144	0.00875	0.01147	0.00773	0.01165	0.00599	0.00484	0.00565	0.00154	0.10139	0.00397	0.00199	0.00504
24	0.00544	0.00403	0.00508	0.00588	0.00640	0.00367	0.00400	0.00631	0.00898	0.01169	0.04517	0.66402	0.18626	0.01338	0.00562	0.00175	0.00252	0.01197	0.00417	0.00367
25	0.00897	0.02314	0.81962	0.01275	0.01936	0.01039	0.01653	0.01417	0.00944	0.01417	0.00803	0.00944	0.00567	0.00425	0.00425	0.00142	0.00661	0.00331	0.00189	0.00661
26	0.01196	0.84548	0.02344	0.00765	0.01148	0.01770	0.00765	0.01339	0.00909	0.01052	0.00622	0.00718	0.00574	0.00383	0.00287	0.00096	0.00478	0.00239	0.00191	0.00574
27	0.00620	0.00457	0.00579	0.00549	0.00660	0.00416	0.00411	0.00818	0.01234	0.01718	0.71366	0.03466	0.14154	0.00943	0.00528	0.00142	0.00213	0.00826	0.00482	0.00416
28	0.00633	0.00457	0.00598	0.00563	0.00668	0.00422	0.00422	0.00844	0.01266	0.01794	0.81253	0.03341	0.04221	0.00914	0.00528	0.00141	0.00211	0.00809	0.00492	0.00422
29	0.00627	0.00457	0.00590	0.00557	0.00665	0.00420	0.00418	0.00833	0.01253	0.01762	0.77090	0.03394	0.08403	0.00926	0.00528	0.00141	0.00212	0.00816	0.00488	0.00420
30	0.01500	0.13693	0.01390	0.01111	0.04616	0.54609	0.00843	0.06988	0.01238	0.01256	0.00832	0.01085	0.00723	0.00497	0.00400	0.00119	0.00684	0.04540	0.03334	0.00542
31	0.01361	0.30775	0.11186	0.01060	0.04350	0.26187	0.00930	0.11557	0.06147	0.01399	0.00805	0.00891	0.00652	0.00446	0.00376	0.00117	0.00596	0.00308	0.00253	0.00605
32	0.01219	0.03915	0.12226	0.01251	0.12316	0.14511	0.00961	0.05803	0.38433	0.02776	0.01288	0.01291	0.00979	0.00519	0.00435	0.00139	0.00506	0.00417	0.00343	0.00670
33	0.00667	0.00497	0.00741	0.00774	0.03660	0.00569	0.00574	0.00833	0.00742	0.01089	0.01200	0.01729	0.01105	0.03092	0.75002	0.00664	0.01119	0.00473	0.05060	0.00411
34	0.00845	0.00795	0.01342	0.83204	0.03081	0.00994	0.01242	0.01143	0.00894	0.01143	0.00795	0.01193	0.00596	0.00447	0.00447	0.00149	0.00596	0.00398	0.00199	0.00497
35	0.83862	0.04336	0.00727	0.00596	0.00877	0.01035	0.00496	0.01316	0.00767	0.01967	0.00623	0.00726	0.00488	0.00414	0.00277	0.00137	0.00352	0.00242	0.00273	0.00488
36	0.01067	0.01032	0.01802	0.04276	0.69027	0.01029	0.07669	0.01332	0.01010	0.01435	0.00934	0.05614	0.00826	0.00452	0.00457	0.00137	0.00536	0.00456	0.00232	0.00677
37	0.01089	0.01156	0.02295	0.06364	0.08759	0.01157	0.56440	0.07099	0.01088	0.01489	0.00879	0.01168	0.00675	0.00429	0.00592	0.00152	0.07835	0.00489	0.00238	0.00608
38	0.00550	0.00394	0.00515	0.00608	0.00638	0.00368	0.00404	0.00625	0.00852	0.01129	0.02492	0.76166	0.06134	0.06008	0.00664	0.00194	0.00268	0.01223	0.00407	0.00359
39	0.87439	0.00865	0.00657	0.00588	0.00865	0.01003	0.00484	0.01315	0.00761	0.02007	0.00623	0.00727	0.00484	0.00415	0.00277	0.00138	0.00346	0.00242	0.00277	0.00484
40	0.01079	0.01045	0.01820	0.05959	0.70275	0.01047	0.06954	0.01353	0.01023	0.01456	0.03134	0.01181	0.00802	0.00414	0.00452	0.00135	0.00541	0.00419	0.00229	0.00684
41	0.00544	0.00395	0.00513	0.00607	0.00645	0.00365	0.00408	0.00625	0.00871	0.01148	0.02654	0.76733	0.10092	0.01377	0.00567	0.00179	0.00257	0.01242	0.00415	0.00365
42	0.00622	0.00525	0.00556	0.00569	0.00692	0.03944	0.00431	0.00761	0.01059	0.01326	0.19245	0.14691	0.43233	0.01107	0.00539	0.00158	0.00273	0.09453	0.00422	0.00394
43	0.00642	0.00483	0.00635	0.00645	0.04150	0.00445	0.00454	0.00845	0.01229	0.01716	0.69409	0.03350	0.12482	0.00916	0.00524	0.00141	0.00227	0.00806	0.00472	0.00430
44	0.04086	0.00793	0.00975	0.02332	0.05019	0.05468	0.05042	0.09097	0.08768	0.07082	0.22958	0.14807	0.02144	0.00827	0.00566	0.03898	0.01951	0.03267	0.00399	0.00522
45	0.00987	0.00818	0.00925	0.08950	0.01227	0.00917	0.00681	0.01856	0.51701	0.04347	0.06048	0.04995	0.13223	0.00710	0.00473	0.00151	0.00350	0.00600	0.00428	0.00614
46	0.00626	0.00451	0.00563	0.00563	0.00663	0.00411	0.00413	0.00784	0.01108	0.02999	0.44058	0.18456	0.18704	0.04650	0.00613	0.00165	0.00243	0.03676	0.00452	0.00402
47	0.01224	0.00946	0.01066	0.00989	0.07119	0.02035	0.00722	0.34088	0.15866	0.03699	0.05028	0.08921	0.10105	0.04319	0.00552	0.00157	0.00407	0.01710	0.00419	0.00628
48	0.00875	0.00871	0.09772	0.01056	0.04580	0.02073	0.14871	0.01074	0.00953	0.08605	0.01849	0.38710	0.06104	0.00928	0.00578	0.00164	0.05253	0.00840	0.00346	0.00500
49	0.00557	0.00398	0.00532	0.00630	0.00663	0.00373	0.00430	0.00647	0.00883	0.01180	0.05862	0.76685	0.02994	0.01372	0.00571	0.00181	0.00265	0.04988	0.00418	0.00368
50	0.01919	0.00856	0.01154	0.00879	0.01231	0.00790	0.04106	0.14061	0.01397	0.66238	0.01622	0.01440	0.01036	0.00543	0.00453	0.00138	0.00414	0.00446	0.00523	0.00754
51	0.04714	0.01209	0.14794	0.22340	0.26803	0.01048	0.17400	0.01320	0.00971	0.01392	0.02071	0.01139	0.00694	0.00425	0.00468	0.00143	0.01829	0.00413	0.00218	0.00609

[dist]
# distance from previous block
# <min> <max>
0	1

[block]
# block no. 4 follows, 58 sequences, length 9
# corresponding to MSA columns:
# 547-555
name=unknown_E
#
# <colnr> <probs for GDERKNQSTAVLIFYWHMCP>
#	G	D	E	R	K	N	Q	S	T	A	V	L	I	F	Y	W	H	M	C	P
0	0.00897	0.02375	0.11834	0.05436	0.10010	0.02498	0.03588	0.05844	0.00900	0.01258	0.02399	0.01612	0.03005	0.15044	0.17689	0.00315	0.14080	0.00467	0.00247	0.00500
1	0.00572	0.00406	0.00514	0.00583	0.00613	0.00383	0.00381	0.00642	0.00842	0.01122	0.06845	0.58190	0.06138	0.19473	0.00939	0.00233	0.00293	0.01095	0.00388	0.00347
2	0.48886	0.01038	0.01111	0.07634	0.05858	0.08403	0.08295	0.03229	0.00885	0.01696	0.00690	0.00873	0.00550	0.00457	0.00458	0.00144	0.08707	0.00314	0.00254	0.00520
3	0.00897	0.00533	0.00552	0.00523	0.00660	0.00559	0.00399	0.04075	0.13293	0.01748	0.06037	0.01742	0.01341	0.00557	0.00352	0.00115	0.00241	0.00452	0.65450	0.00474
4	0.00803	0.00599	0.00815	0.00767	0.00890	0.00687	0.00604	0.13010	0.00932	0.01313	0.01179	0.01652	0.01063	0.02920	0.69855	0.00629	0.01089	0.00467	0.00272	0.00455
5	0.01194	0.01228	0.01731	0.02500	0.69138	0.13616	0.01294	0.01437	0.01057	0.01405	0.00818	0.01061	0.00688	0.00408	0.00437	0.00130	0.00574	0.00382	0.00223	0.00679
6	0.00625	0.00454	0.00604	0.00683	0.00760	0.00433	0.00534	0.00772	0.00986	0.01297	0.10965	0.35933	0.10093	0.01258	0.00582	0.00184	0.00314	0.32713	0.00422	0.00391
7	0.01612	0.01209	0.01293	0.01011	0.01354	0.01346	0.00829	0.68361	0.13883	0.02677	0.01186	0.01163	0.00851	0.00547	0.00449	0.00137	0.00472	0.00418	0.00449	0.00753
8	0.00545	0.00389	0.00519	0.00623	0.00649	0.00363	0.00415	0.00623	0.00856	0.01142	0.02465	0.83987	0.02959	0.01401	0.00571	0.00182	0.00260	0.01272	0.00415	0.00363

[dist]
# distance from previous block
# <min> <max>
0	9

[block]
# block no. 5 follows, 58 sequences, length 9
# corresponding to MSA columns:
# 565-573
name=unknown_F
#
# <colnr> <probs for GDERKNQSTAVLIFYWHMCP>
#	G	D	E	R	K	N	Q	S	T	A	V	L	I	F	Y	W	H	M	C	P
0	0.01121	0.51081	0.17220	0.01288	0.18604	0.01480	0.01063	0.01361	0.00939	0.01209	0.00703	0.00844	0.00602	0.00394	0.00347	0.00112	0.00524	0.00291	0.00197	0.00619
1	0.19491	0.00513	0.00469	0.00454	0.00595	0.00543	0.00350	0.01101	0.00900	0.01741	0.01279	0.01465	0.01004	0.00498	0.00305	0.00112	0.00238	0.00379	0.68132	0.00431
2	0.01055	0.01001	0.01671	0.08010	0.68054	0.01016	0.01276	0.01351	0.03783	0.01458	0.03777	0.01309	0.03345	0.00450	0.00449	0.00135	0.00509	0.00433	0.00243	0.00674
3	0.01132	0.66833	0.19495	0.00875	0.01318	0.01612	0.00957	0.01356	0.00917	0.01131	0.00661	0.00766	0.00572	0.00392	0.00317	0.00106	0.00518	0.00259	0.00191	0.00593
4	0.01325	0.01361	0.04668	0.13486	0.15329	0.23217	0.03260	0.12759	0.04453	0.05449	0.00893	0.01057	0.00693	0.00483	0.00502	0.00134	0.06283	0.00371	0.00278	0.03999
5	0.00744	0.00677	0.00659	0.00696	0.00780	0.12730	0.00501	0.00866	0.01024	0.01291	0.19249	0.45740	0.06040	0.01133	0.00538	0.00163	0.00340	0.06023	0.00404	0.00403
6	0.00599	0.00473	0.00574	0.04714	0.00763	0.00432	0.00429	0.00773	0.01142	0.01510	0.44352	0.03644	0.37007	0.00984	0.00524	0.00146	0.00237	0.00846	0.00445	0.00407
7	0.01115	0.00988	0.01195	0.02913	0.14898	0.05695	0.03026	0.08032	0.18249	0.03307	0.01132	0.04519	0.00926	0.00479	0.00411	0.00115	0.00427	0.00407	0.00321	0.31844
8	0.00631	0.00438	0.00501	0.00501	0.00539	0.00427	0.00311	0.00654	0.00730	0.00947	0.02031	0.03056	0.18708	0.56238	0.07077	0.05493	0.00436	0.00687	0.00296	0.00298

[dist]
# distance from previous block
# <min> <max>
0	11

[block]
# block no. 6 follows, 58 sequences, length 19
# corresponding to MSA columns:
# 585-593,595-604
name=unknown_G
#
# <colnr> <probs for GDERKNQSTAVLIFYWHMCP>
#	G	D	E	R	K	N	Q	S	T	A	V	L	I	F	Y	W	H	M	C	P
0	0.00827	0.00518	0.00763	0.00729	0.00846	0.00573	0.00573	0.00988	0.00796	0.12113	0.01276	0.01725	0.01117	0.02971	0.71255	0.00639	0.01086	0.00475	0.00283	0.00449
1	0.04084	0.01531	0.35400	0.04104	0.18568	0.00988	0.01238	0.07766	0.03630	0.03649	0.02586	0.01077	0.00741	0.00436	0.00417	0.00129	0.00535	0.00360	0.00255	0.12508
2	0.02952	0.01155	0.01291	0.04207	0.07255	0.07825	0.03626	0.43419	0.08161	0.02130	0.01080	0.01200	0.00827	0.00902	0.11696	0.00215	0.00617	0.00413	0.00365	0.00663
3	0.00583	0.00432	0.00534	0.00602	0.00664	0.00402	0.00417	0.02811	0.00923	0.01199	0.02810	0.59772	0.18891	0.04233	0.00621	0.00184	0.00271	0.03866	0.00411	0.00376
4	0.83491	0.00923	0.00686	0.00614	0.00889	0.04755	0.00502	0.01337	0.00785	0.01965	0.00626	0.00730	0.00489	0.00417	0.00283	0.00137	0.00367	0.00244	0.00275	0.00486
5	0.00643	0.00463	0.00634	0.00634	0.00685	0.00513	0.00454	0.00745	0.00694	0.00976	0.01275	0.02185	0.01304	0.32923	0.53192	0.00615	0.00919	0.00542	0.00251	0.00352
6	0.00932	0.00812	0.01266	0.04789	0.38288	0.01913	0.02958	0.02501	0.02133	0.03699	0.19473	0.13118	0.04840	0.00692	0.00485	0.00143	0.00415	0.00636	0.00332	0.00573
7	0.00803	0.03419	0.01093	0.15063	0.14465	0.00717	0.05843	0.01015	0.03003	0.03488	0.02035	0.27968	0.14011	0.00883	0.00506	0.00158	0.00408	0.04301	0.00332	0.00489
8	0.00820	0.01894	0.63945	0.01119	0.01649	0.00892	0.01374	0.01247	0.00944	0.01373	0.02860	0.12595	0.06160	0.00614	0.00454	0.00148	0.00569	0.00509	0.00240	0.00597
9	0.01016	0.00895	0.03408	0.00907	0.02782	0.00718	0.11472	0.02388	0.02240	0.06424	0.00983	0.02439	0.02206	0.00401	0.00398	0.00093	0.01649	0.00353	0.00284	0.58941
10	0.50127	0.01195	0.03796	0.00800	0.01102	0.14191	0.00667	0.17240	0.01138	0.04985	0.00774	0.00847	0.00581	0.00453	0.00343	0.00134	0.00462	0.00293	0.00311	0.00562
11	0.01566	0.02126	0.12335	0.01165	0.01459	0.68434	0.00972	0.04514	0.01253	0.01200	0.00720	0.00835	0.00581	0.00459	0.00408	0.00120	0.00776	0.00298	0.00232	0.00547
12	0.08553	0.00931	0.01060	0.00835	0.01133	0.00961	0.00672	0.34576	0.01498	0.31130	0.01334	0.01463	0.00983	0.12016	0.00685	0.00177	0.00432	0.00441	0.00448	0.00672
13	0.01671	0.02132	0.01268	0.01152	0.01383	0.82483	0.00864	0.01786	0.01268	0.01095	0.00691	0.00807	0.00576	0.00461	0.00403	0.00115	0.00807	0.00288	0.00230	0.00519
14	0.01190	0.00840	0.00991	0.00849	0.01048	0.00929	0.00669	0.30353	0.07103	0.08290	0.01396	0.12788	0.01258	0.07350	0.15779	0.00276	0.06021	0.00565	0.01730	0.00577
15	0.00857	0.00597	0.04440	0.00786	0.00927	0.00517	0.00672	0.01038	0.01013	0.12322	0.02240	0.25885	0.02386	0.01150	0.00573	0.00187	0.00378	0.43152	0.00422	0.00458
16	0.01151	0.01332	0.05012	0.01108	0.01363	0.28041	0.14935	0.01527	0.13339	0.01428	0.15928	0.01747	0.04609	0.00610	0.00508	0.00140	0.03648	0.02707	0.00322	0.00542
17	0.04881	0.00559	0.00704	0.00669	0.00846	0.00512	0.02196	0.01076	0.01059	0.17611	0.06368	0.11318	0.29955	0.01007	0.00526	0.00163	0.00321	0.19319	0.00436	0.00474
18	0.00814	0.00758	0.01217	0.65246	0.05398	0.00894	0.01090	0.01082	0.00917	0.01178	0.01309	0.01604	0.11671	0.00534	0.00453	0.00145	0.00531	0.00466	0.00232	0.04460

[dist]
# distance from previous block
# <min> <max>
0	135

# created by:
# /st0/software/busco_prod/Augustus/scripts/msa2prfl.pl ./align_prep/122309.fa
