[name]
unknown

[dist]
# distance from previous block
# <min> <max>
0	247

[block]
# block no. 0 follows, 65 sequences, length 15
# corresponding to MSA columns:
# 249-263
name=unknown_A
#
# <colnr> <probs for GDERKNQSTAVLIFYWHMCP>
#	G	D	E	R	K	N	Q	S	T	A	V	L	I	F	Y	W	H	M	C	P
0	0.11477	0.04667	0.03022	0.02496	0.06232	0.00814	0.02569	0.13653	0.06567	0.16868	0.07907	0.03510	0.03874	0.00600	0.00412	0.00132	0.00370	0.10085	0.02404	0.02340
1	0.03087	0.00857	0.03719	0.08651	0.16673	0.02346	0.00798	0.11784	0.06671	0.27601	0.08724	0.01475	0.04736	0.00519	0.00416	0.00128	0.00399	0.00437	0.00370	0.00608
2	0.05189	0.00924	0.02643	0.09123	0.15630	0.02998	0.13715	0.11565	0.07921	0.17702	0.02729	0.02402	0.04616	0.00481	0.00420	0.00130	0.00459	0.00433	0.00324	0.00595
3	0.06221	0.00775	0.01102	0.21578	0.20354	0.02459	0.00849	0.03001	0.06891	0.16931	0.08607	0.05283	0.01138	0.02495	0.00452	0.00137	0.00418	0.00449	0.00311	0.00549
4	0.05557	0.00775	0.00867	0.00907	0.10270	0.07611	0.00619	0.08410	0.11247	0.11863	0.09853	0.19636	0.04226	0.00716	0.00434	0.00135	0.00353	0.02586	0.03420	0.00514
5	0.02223	0.05276	0.01065	0.08573	0.07549	0.03896	0.04791	0.15338	0.10581	0.04622	0.01319	0.12506	0.03897	0.13428	0.01798	0.00180	0.01614	0.00530	0.00311	0.00503
6	0.00567	0.00425	0.00600	0.00633	0.00701	0.00428	0.02466	0.00686	0.00791	0.01062	0.03989	0.34442	0.08287	0.06572	0.23569	0.00315	0.00514	0.13275	0.00326	0.00352
7	0.00584	0.00400	0.00510	0.00560	0.00608	0.00378	0.00380	0.02728	0.00845	0.03439	0.09674	0.60270	0.05682	0.11065	0.00696	0.00187	0.00260	0.01007	0.00376	0.00349
8	0.00514	0.00372	0.00490	0.00579	0.00616	0.00347	0.00403	0.00599	0.00810	0.01069	0.02377	0.72560	0.07864	0.01256	0.00525	0.00167	0.00249	0.08485	0.00381	0.00338
9	0.84795	0.00790	0.00618	0.00548	0.00805	0.00907	0.00451	0.01240	0.00719	0.05300	0.00616	0.00698	0.00469	0.00386	0.00261	0.00127	0.00319	0.00230	0.00265	0.00455
10	0.00870	0.00952	0.07905	0.11601	0.18073	0.00879	0.22783	0.01254	0.10497	0.01368	0.13111	0.01529	0.04794	0.00496	0.00460	0.00134	0.02002	0.00482	0.00269	0.00541
11	0.00783	0.00409	0.00416	0.00406	0.00509	0.00411	0.00307	0.03527	0.00907	0.01569	0.04487	0.01573	0.01150	0.00493	0.00299	0.00098	0.00200	0.00396	0.81669	0.00393
12	0.00621	0.00452	0.00621	0.00616	0.00720	0.00428	0.02518	0.00798	0.01032	0.02721	0.42303	0.08937	0.08918	0.02439	0.02893	0.00169	0.00293	0.22732	0.00406	0.00384
13	0.00837	0.00714	0.00836	0.00603	0.00954	0.00539	0.00481	0.01020	0.00867	0.01353	0.04918	0.00964	0.00775	0.00331	0.00313	0.00064	0.00298	0.00269	0.00254	0.83607
14	0.01163	0.00823	0.00871	0.00725	0.00947	0.00906	0.00577	0.36983	0.17583	0.02011	0.01247	0.01329	0.00951	0.03467	0.00431	0.00127	0.00341	0.00401	0.28547	0.00571

[dist]
# distance from previous block
# <min> <max>
0	4

[block]
# block no. 1 follows, 65 sequences, length 26
# corresponding to MSA columns:
# 268-293
name=unknown_B
#
# <colnr> <probs for GDERKNQSTAVLIFYWHMCP>
#	G	D	E	R	K	N	Q	S	T	A	V	L	I	F	Y	W	H	M	C	P
0	0.02927	0.00564	0.00690	0.02482	0.00802	0.00565	0.00484	0.12378	0.03981	0.08134	0.32997	0.14363	0.07582	0.00865	0.00561	0.07627	0.00282	0.01877	0.00399	0.00440
1	0.00985	0.00988	0.04489	0.02371	0.76119	0.00945	0.01224	0.01233	0.00938	0.01341	0.02788	0.01133	0.02808	0.00395	0.00410	0.00123	0.00478	0.00385	0.00213	0.00635
2	0.06000	0.01147	0.13540	0.05260	0.05822	0.01002	0.33816	0.05253	0.09278	0.02141	0.01584	0.01071	0.00689	0.00419	0.00494	0.00134	0.06838	0.00404	0.00240	0.04868
3	0.06815	0.03813	0.01158	0.01012	0.01236	0.71976	0.01772	0.01618	0.02069	0.03966	0.00678	0.00771	0.00550	0.00422	0.00364	0.00108	0.00688	0.00271	0.00226	0.00486
4	0.01726	0.00687	0.00925	0.00720	0.01019	0.00605	0.00591	0.01925	0.04293	0.74688	0.07062	0.01514	0.01217	0.00532	0.00418	0.00128	0.00338	0.00437	0.00501	0.00676
5	0.01487	0.00887	0.01028	0.00812	0.01101	0.00920	0.00662	0.37393	0.09882	0.29538	0.10636	0.01419	0.01226	0.00544	0.00421	0.00127	0.00375	0.00437	0.00449	0.00658
6	0.00985	0.00943	0.01610	0.13209	0.72569	0.00967	0.01244	0.01232	0.00920	0.01303	0.00767	0.01026	0.00637	0.00372	0.00407	0.00124	0.00495	0.00366	0.00200	0.00625
7	0.00529	0.00414	0.00458	0.00449	0.00554	0.00366	0.00323	0.00642	0.00946	0.01209	0.25489	0.03510	0.48418	0.14037	0.00733	0.00176	0.00233	0.00790	0.00380	0.00343
8	0.00884	0.00892	0.06014	0.45595	0.09386	0.04724	0.08929	0.01176	0.03561	0.04269	0.03001	0.05080	0.00806	0.00462	0.00418	0.00133	0.00518	0.00421	0.03235	0.00498
9	0.00541	0.00417	0.00490	0.00472	0.00583	0.00371	0.00351	0.00691	0.01049	0.01394	0.47252	0.03423	0.36803	0.03706	0.00537	0.00142	0.00206	0.00789	0.00416	0.00366
10	0.00976	0.00852	0.01298	0.22132	0.29689	0.00904	0.03249	0.07169	0.06707	0.04034	0.00888	0.01159	0.00722	0.05314	0.00530	0.00139	0.03431	0.00377	0.00245	0.10184
11	0.05892	0.00881	0.04239	0.48534	0.11625	0.03217	0.10398	0.01135	0.01873	0.01190	0.02910	0.01147	0.02141	0.00428	0.00436	0.00135	0.02736	0.00385	0.00206	0.00493
12	0.00642	0.00460	0.00601	0.00646	0.00700	0.00472	0.00479	0.04083	0.00844	0.02593	0.01948	0.45503	0.02229	0.12421	0.00784	0.00201	0.05172	0.19507	0.00355	0.00361
13	0.02151	0.09570	0.58933	0.01201	0.07945	0.00980	0.04867	0.01253	0.00892	0.01305	0.06510	0.01022	0.00771	0.00414	0.00388	0.00126	0.00552	0.00338	0.00198	0.00582
14	0.00531	0.00375	0.00490	0.00554	0.00578	0.00368	0.00367	0.00595	0.00730	0.00982	0.01920	0.57809	0.02258	0.20071	0.10118	0.00272	0.00369	0.00961	0.00334	0.00318
15	0.01133	0.79069	0.02071	0.00731	0.01071	0.08250	0.00710	0.01262	0.00861	0.00969	0.00576	0.00665	0.00527	0.00357	0.00272	0.00089	0.00463	0.00223	0.00178	0.00523
16	0.01060	0.11283	0.14486	0.01370	0.17483	0.04480	0.13723	0.05736	0.15947	0.04113	0.00938	0.01052	0.00725	0.00434	0.00454	0.00128	0.05361	0.00373	0.00256	0.00599
17	0.01183	0.01372	0.01156	0.05964	0.10085	0.43925	0.00836	0.01318	0.00955	0.01033	0.00714	0.00954	0.00624	0.00884	0.13798	0.00209	0.13990	0.00324	0.00205	0.00472
18	0.00498	0.00364	0.00469	0.00554	0.00591	0.00335	0.00373	0.00574	0.00803	0.01055	0.02482	0.75871	0.12008	0.01257	0.00519	0.00163	0.00235	0.01132	0.00381	0.00335
19	0.00963	0.01025	0.00911	0.00890	0.02877	0.27488	0.00654	0.03869	0.00919	0.01083	0.01308	0.35951	0.01449	0.00843	0.00635	0.00147	0.17618	0.00665	0.00282	0.00423
20	0.00674	0.00488	0.00674	0.00778	0.03007	0.00488	0.00651	0.00879	0.02397	0.01246	0.02173	0.04344	0.05286	0.01077	0.00547	0.00181	0.00367	0.70899	0.03456	0.00389
21	0.00627	0.00496	0.00720	0.00695	0.00756	0.00597	0.00542	0.00760	0.00675	0.00981	0.04835	0.01649	0.01122	0.07417	0.64655	0.00558	0.11863	0.00452	0.00227	0.00371
22	0.00594	0.00400	0.00458	0.00458	0.00467	0.00400	0.00266	0.00601	0.00614	0.00815	0.01404	0.02662	0.05234	0.75941	0.05603	0.02559	0.00419	0.00597	0.00252	0.00257
23	0.02683	0.04412	0.03522	0.23365	0.25429	0.08923	0.03638	0.03049	0.04193	0.05595	0.00831	0.01045	0.00656	0.00531	0.04295	0.00148	0.02222	0.00353	0.00229	0.04880
24	0.01001	0.04378	0.18250	0.04062	0.42979	0.02534	0.01145	0.03246	0.08785	0.04239	0.00944	0.04949	0.00782	0.00442	0.00404	0.00126	0.00484	0.00394	0.00240	0.00616
25	0.00883	0.24574	0.04410	0.04754	0.05758	0.04990	0.00719	0.03171	0.02745	0.01084	0.02126	0.05457	0.06640	0.03998	0.15638	0.00231	0.11704	0.00420	0.00230	0.00466

[dist]
# distance from previous block
# <min> <max>
0	2

[block]
# block no. 2 follows, 65 sequences, length 53
# corresponding to MSA columns:
# 296-348
name=unknown_C
#
# <colnr> <probs for GDERKNQSTAVLIFYWHMCP>
#	G	D	E	R	K	N	Q	S	T	A	V	L	I	F	Y	W	H	M	C	P
0	0.00560	0.00413	0.00512	0.00512	0.00594	0.00401	0.00371	0.00682	0.00870	0.01180	0.23112	0.10038	0.22848	0.13491	0.18842	0.00287	0.00427	0.00710	0.03803	0.00348
1	0.00593	0.00436	0.00610	0.00609	0.00660	0.00493	0.00447	0.00697	0.00646	0.00914	0.01172	0.04187	0.01188	0.25111	0.57987	0.00566	0.02618	0.00500	0.00231	0.00336
2	0.01644	0.00647	0.00866	0.00680	0.00957	0.00567	0.00553	0.01802	0.01127	0.69416	0.05470	0.01535	0.01173	0.03580	0.00466	0.00134	0.00330	0.00433	0.07980	0.00640
3	0.00932	0.03343	0.01216	0.01008	0.01078	0.05425	0.04446	0.01947	0.03140	0.03577	0.03671	0.02639	0.00785	0.00896	0.08797	0.00210	0.55813	0.00397	0.00219	0.00462
4	0.01097	0.85821	0.02151	0.00702	0.01054	0.01624	0.00702	0.01229	0.00834	0.00966	0.00571	0.00658	0.00527	0.00351	0.00263	0.00088	0.00439	0.00219	0.00176	0.00527
5	0.00911	0.00800	0.00936	0.00681	0.01039	0.02937	0.03426	0.04830	0.02608	0.01393	0.00762	0.00878	0.00624	0.00323	0.00320	0.00069	0.00337	0.00263	0.00252	0.76611
6	0.04613	0.15527	0.25448	0.01170	0.07499	0.15052	0.11421	0.05257	0.00985	0.05494	0.00781	0.01762	0.00610	0.00457	0.02104	0.00130	0.00578	0.00328	0.00222	0.00563
7	0.01009	0.00969	0.01645	0.07882	0.65236	0.02668	0.07846	0.01257	0.00939	0.02653	0.00830	0.01146	0.00700	0.00395	0.00418	0.00126	0.00508	0.02943	0.00213	0.00618
8	0.00688	0.02448	0.00865	0.06258	0.18352	0.00589	0.01901	0.00890	0.04144	0.01269	0.16209	0.21976	0.17888	0.00825	0.00462	0.00139	0.00314	0.02184	0.02157	0.00443
9	0.00809	0.00414	0.00429	0.00414	0.00522	0.00415	0.00315	0.03230	0.00902	0.03723	0.03063	0.01545	0.01101	0.00525	0.01523	0.00106	0.00216	0.00392	0.79954	0.00400
10	0.01027	0.00996	0.01656	0.02489	0.81290	0.02724	0.01250	0.01268	0.00939	0.01334	0.00769	0.01010	0.00648	0.00367	0.00406	0.00122	0.00493	0.00364	0.00203	0.00647
11	0.01048	0.00874	0.00931	0.00816	0.01058	0.00985	0.00639	0.09092	0.66555	0.02818	0.03886	0.01545	0.02966	0.00558	0.00415	0.00134	0.00329	0.00462	0.00411	0.04480
12	0.86488	0.00820	0.00616	0.00552	0.00805	0.02817	0.00453	0.01217	0.00709	0.01823	0.00573	0.00669	0.00446	0.00382	0.00257	0.00127	0.00327	0.00223	0.00253	0.00445
13	0.01097	0.85821	0.02151	0.00702	0.01054	0.01624	0.00702	0.01229	0.00834	0.00966	0.00571	0.00658	0.00527	0.00351	0.00263	0.00088	0.00439	0.00219	0.00176	0.00527
14	0.00629	0.00503	0.00578	0.00555	0.00686	0.00495	0.00420	0.00966	0.16278	0.01421	0.33296	0.08092	0.28862	0.00948	0.02844	0.00153	0.00255	0.02190	0.00410	0.00419
15	0.00607	0.00427	0.00547	0.00512	0.00620	0.00389	0.00386	0.00791	0.01140	0.03909	0.72612	0.03107	0.11707	0.00850	0.00482	0.00130	0.00200	0.00745	0.00446	0.00392
16	0.00500	0.00357	0.00476	0.00572	0.00595	0.00333	0.00381	0.00572	0.00786	0.01048	0.02262	0.85306	0.02715	0.01286	0.00524	0.00167	0.00238	0.01167	0.00381	0.00333
17	0.00505	0.00413	0.00446	0.00446	0.00569	0.00354	0.00331	0.00624	0.00970	0.01210	0.19469	0.09351	0.61850	0.01017	0.00488	0.00139	0.00207	0.00863	0.00395	0.00354
18	0.00901	0.01306	0.25164	0.16567	0.16277	0.00980	0.30302	0.01253	0.00907	0.01267	0.00775	0.01020	0.00585	0.00374	0.00431	0.00133	0.00606	0.00391	0.00193	0.00568
19	0.01104	0.01481	0.32927	0.02076	0.09989	0.08350	0.09316	0.07221	0.02899	0.08230	0.05139	0.04390	0.00997	0.00535	0.00450	0.00144	0.00555	0.03297	0.00287	0.00614
20	0.00500	0.00357	0.00476	0.00572	0.00595	0.00333	0.00381	0.00572	0.00786	0.01048	0.02262	0.85306	0.02715	0.01286	0.00524	0.00167	0.00238	0.01167	0.00381	0.00333
21	0.00940	0.04717	0.00979	0.00672	0.01029	0.01567	0.03114	0.02259	0.03816	0.05522	0.00807	0.00903	0.00649	0.00331	0.00320	0.00072	0.00333	0.00268	0.00261	0.71441
22	0.00947	0.03322	0.38275	0.02419	0.13688	0.03386	0.25907	0.03881	0.01807	0.01338	0.00782	0.00967	0.00585	0.00378	0.00419	0.00130	0.00607	0.00370	0.00200	0.00593
23	0.00975	0.00933	0.01592	0.16532	0.69323	0.00965	0.01239	0.01224	0.00915	0.01291	0.00765	0.01029	0.00633	0.00373	0.00407	0.00124	0.00498	0.00366	0.00200	0.00617
24	0.00564	0.00416	0.00570	0.00686	0.03846	0.00397	0.00485	0.00677	0.00850	0.01125	0.04410	0.55015	0.06300	0.01187	0.00528	0.00168	0.00282	0.21760	0.00375	0.00359
25	0.01076	0.00909	0.00959	0.00846	0.01088	0.01047	0.00663	0.10228	0.74136	0.01805	0.01601	0.01476	0.01197	0.00550	0.00417	0.00138	0.00338	0.00455	0.00417	0.00655
26	0.00895	0.00847	0.01243	0.47817	0.17657	0.03913	0.01038	0.01309	0.15190	0.01232	0.00900	0.01134	0.00693	0.00424	0.00405	0.00130	0.00494	0.00374	0.00231	0.04075
27	0.00554	0.02735	0.00553	0.00583	0.00627	0.00404	0.00405	0.00632	0.00802	0.02473	0.03914	0.72036	0.06720	0.02206	0.00556	0.00165	0.02843	0.01072	0.00371	0.00349
28	0.00510	0.00427	0.00446	0.00445	0.00580	0.00367	0.00337	0.00644	0.02445	0.01173	0.11150	0.03851	0.71321	0.01016	0.00487	0.00140	0.00215	0.03702	0.00388	0.00357
29	0.01096	0.03319	0.01034	0.00864	0.01116	0.01051	0.02921	0.09685	0.67816	0.04011	0.01549	0.01439	0.01156	0.00538	0.00414	0.00136	0.00351	0.00447	0.00407	0.00649
30	0.00892	0.00889	0.01246	0.01069	0.01071	0.01243	0.00890	0.00983	0.00629	0.00987	0.00550	0.00912	0.00548	0.00765	0.02971	0.00189	0.83176	0.00361	0.00180	0.00447
31	0.01014	0.01235	0.21883	0.12987	0.38689	0.01825	0.03932	0.05470	0.01876	0.05971	0.00827	0.01015	0.00632	0.00394	0.00406	0.00127	0.00523	0.00357	0.00224	0.00613
32	0.00566	0.00417	0.00530	0.00505	0.00605	0.00381	0.00377	0.00745	0.01123	0.01561	0.70467	0.05362	0.14079	0.00877	0.00485	0.00131	0.00197	0.00770	0.00441	0.00381
33	0.00737	0.02320	0.14513	0.01160	0.22319	0.01960	0.00811	0.00960	0.00961	0.01321	0.20843	0.12354	0.13626	0.00722	0.00451	0.00135	0.00366	0.03647	0.00311	0.00483
34	0.00937	0.11164	0.46139	0.02908	0.23639	0.04526	0.02532	0.01291	0.00895	0.01257	0.00725	0.00886	0.00558	0.00380	0.00381	0.00122	0.00562	0.00313	0.00184	0.00601
35	0.00557	0.00419	0.00515	0.00491	0.00598	0.00377	0.00368	0.00727	0.01104	0.01509	0.62724	0.03292	0.24031	0.00890	0.00484	0.00132	0.00197	0.00774	0.00434	0.00377
36	0.00547	0.00416	0.00503	0.00486	0.00594	0.00372	0.00363	0.00707	0.01074	0.01450	0.54392	0.06600	0.29157	0.00921	0.00486	0.00134	0.00200	0.00799	0.00426	0.00372
37	0.00601	0.00455	0.00667	0.00661	0.00726	0.00533	0.00510	0.00734	0.00659	0.00947	0.01112	0.01725	0.01068	0.09584	0.72556	0.00611	0.04371	0.01897	0.00223	0.00361
38	0.00876	0.00764	0.00957	0.03180	0.06399	0.00626	0.01753	0.02527	0.00871	0.01342	0.00733	0.00876	0.00609	0.00327	0.00348	0.00073	0.02730	0.00264	0.00240	0.74508
39	0.00565	0.00407	0.00524	0.00588	0.00626	0.00406	0.00409	0.00687	0.03992	0.01072	0.02012	0.59050	0.02328	0.11055	0.03082	0.00206	0.02225	0.06724	0.03697	0.00345
40	0.88473	0.00794	0.00603	0.00540	0.00794	0.00921	0.00445	0.01207	0.00699	0.01842	0.00572	0.00667	0.00445	0.00381	0.00254	0.00127	0.00318	0.00222	0.00254	0.00445
41	0.01115	0.82506	0.02112	0.00716	0.01062	0.04877	0.00706	0.01245	0.00847	0.00967	0.00573	0.00662	0.00527	0.00354	0.00268	0.00089	0.00451	0.00221	0.00177	0.00525
42	0.00532	0.00419	0.00477	0.00470	0.00586	0.00369	0.00353	0.00669	0.01004	0.01295	0.32188	0.03616	0.47393	0.04313	0.00552	0.00148	0.00219	0.04638	0.00401	0.00359
43	0.00930	0.00800	0.00903	0.00827	0.02530	0.00896	0.02756	0.01859	0.62692	0.01657	0.13027	0.01872	0.05036	0.00616	0.00434	0.00138	0.00315	0.01708	0.00411	0.00594
44	0.01084	0.82359	0.02079	0.00689	0.01030	0.01574	0.00686	0.01218	0.00835	0.00989	0.00602	0.00694	0.00548	0.00356	0.00264	0.00088	0.00429	0.00226	0.03728	0.00521
45	0.00851	0.00730	0.00851	0.00608	0.00973	0.00547	0.00486	0.01034	0.00851	0.01338	0.00730	0.00851	0.00608	0.00304	0.00304	0.00061	0.00304	0.00243	0.00243	0.88083
46	0.00509	0.00409	0.00450	0.00455	0.00567	0.00355	0.00332	0.00623	0.00949	0.01193	0.18907	0.13498	0.55099	0.04133	0.00548	0.00150	0.00216	0.00869	0.00390	0.00349
47	0.01062	0.00902	0.00952	0.00844	0.01083	0.01040	0.00660	0.08284	0.76102	0.01784	0.01618	0.01490	0.01210	0.00552	0.00417	0.00138	0.00335	0.00457	0.00417	0.00653
48	0.76201	0.00916	0.00714	0.00626	0.00882	0.08402	0.02393	0.03460	0.00781	0.01774	0.00595	0.00693	0.00463	0.00387	0.00274	0.00125	0.00368	0.00236	0.00253	0.00457
49	0.01001	0.00982	0.03105	0.06559	0.75739	0.00973	0.01245	0.01270	0.02715	0.01334	0.00789	0.01029	0.00656	0.00373	0.00407	0.00123	0.00489	0.00367	0.00206	0.00640
50	0.01054	0.01021	0.02612	0.05321	0.72176	0.04269	0.01216	0.03754	0.00973	0.02549	0.00784	0.01011	0.00647	0.00376	0.00405	0.00122	0.00498	0.00362	0.00213	0.00638
51	0.00597	0.00427	0.00533	0.00505	0.00608	0.00395	0.00379	0.02020	0.01122	0.01584	0.66235	0.04831	0.11779	0.00840	0.00471	0.00129	0.00200	0.00735	0.06223	0.00386
52	0.00878	0.00525	0.00669	0.00588	0.00741	0.00495	0.00455	0.05522	0.03595	0.16600	0.57312	0.02625	0.04413	0.02288	0.00495	0.00134	0.00246	0.01498	0.00453	0.00466

[dist]
# distance from previous block
# <min> <max>
1	6

[block]
# block no. 3 follows, 65 sequences, length 51
# corresponding to MSA columns:
# 357-375,377-408
name=unknown_D
#
# <colnr> <probs for GDERKNQSTAVLIFYWHMCP>
#	G	D	E	R	K	N	Q	S	T	A	V	L	I	F	Y	W	H	M	C	P
0	0.43807	0.05145	0.08128	0.00712	0.00995	0.00959	0.03032	0.15322	0.03938	0.01778	0.02843	0.01027	0.02379	0.03415	0.01983	0.00144	0.00392	0.00320	0.03176	0.00504
1	0.00954	0.00956	0.04119	0.12352	0.46412	0.02830	0.07230	0.02648	0.04214	0.01319	0.05049	0.01200	0.00846	0.02974	0.00502	0.00136	0.03839	0.00401	0.01444	0.00577
2	0.00603	0.02991	0.00674	0.00631	0.00702	0.00530	0.00481	0.00728	0.00656	0.00931	0.01111	0.01737	0.01078	0.14779	0.69750	0.00605	0.00980	0.00456	0.00223	0.00354
3	0.00780	0.00734	0.01240	0.82968	0.04409	0.00913	0.01142	0.01053	0.00823	0.01055	0.00730	0.01093	0.00549	0.00410	0.00410	0.00137	0.00546	0.00365	0.00183	0.00460
4	0.00991	0.51298	0.32132	0.00925	0.03244	0.01354	0.01020	0.01251	0.00844	0.01098	0.00636	0.00748	0.00527	0.00373	0.00334	0.00106	0.02126	0.00257	0.00175	0.00558
5	0.01044	0.35485	0.13015	0.00959	0.01283	0.08085	0.09983	0.03728	0.08282	0.01185	0.02321	0.02128	0.00715	0.01499	0.00468	0.00121	0.08608	0.00333	0.00220	0.00537
6	0.00541	0.00485	0.01680	0.00502	0.00643	0.01980	0.02038	0.00669	0.00959	0.01178	0.12578	0.07186	0.61750	0.00998	0.00488	0.00141	0.00243	0.05200	0.00379	0.00363
7	0.03033	0.16312	0.34926	0.01187	0.12395	0.02496	0.02818	0.07198	0.00955	0.02730	0.02259	0.01072	0.00708	0.00443	0.00419	0.00124	0.04283	0.03448	0.02621	0.00574
8	0.00962	0.04309	0.43561	0.06068	0.14248	0.00909	0.05272	0.02305	0.00933	0.09603	0.02679	0.01209	0.02091	0.00447	0.00407	0.00130	0.00531	0.03510	0.00234	0.00592
9	0.00988	0.14456	0.09972	0.00791	0.02500	0.00792	0.05511	0.01274	0.07820	0.16958	0.19258	0.02853	0.09660	0.00723	0.04516	0.00151	0.00400	0.00505	0.00347	0.00524
10	0.01450	0.08674	0.01162	0.03389	0.01197	0.28844	0.00719	0.11654	0.12351	0.21698	0.01135	0.01116	0.02521	0.00482	0.00402	0.00119	0.01813	0.00355	0.00337	0.00583
11	0.00979	0.05548	0.29597	0.06527	0.26609	0.03133	0.13546	0.01303	0.00920	0.05328	0.00820	0.02391	0.00639	0.00397	0.00407	0.00127	0.00556	0.00369	0.00209	0.00596
12	0.00581	0.00468	0.03777	0.01781	0.00705	0.00405	0.00461	0.00696	0.00858	0.03383	0.12481	0.56326	0.06598	0.02909	0.00556	0.00164	0.01691	0.05416	0.00376	0.00366
13	0.00598	0.00437	0.00598	0.00593	0.00638	0.00489	0.00427	0.00691	0.00650	0.00917	0.03086	0.03312	0.01269	0.31937	0.49425	0.00533	0.03326	0.00511	0.00237	0.00328
14	0.88473	0.00794	0.00603	0.00540	0.00794	0.00921	0.00445	0.01207	0.00699	0.01842	0.00572	0.00667	0.00445	0.00381	0.00254	0.00127	0.00318	0.00222	0.00254	0.00445
15	0.00958	0.02891	0.22873	0.05195	0.47901	0.02618	0.01228	0.01250	0.00923	0.02991	0.03070	0.02230	0.01557	0.00409	0.00401	0.00124	0.00505	0.00370	0.00212	0.02295
16	0.01123	0.00917	0.02455	0.03253	0.10043	0.08767	0.00711	0.25174	0.06344	0.07932	0.03886	0.24804	0.01394	0.00707	0.00441	0.00136	0.00405	0.00603	0.00359	0.00548
17	0.00960	0.15946	0.28202	0.01270	0.20436	0.00996	0.01053	0.03681	0.02275	0.02373	0.00750	0.00884	0.00594	0.00367	0.00355	0.00106	0.00474	0.00297	0.00211	0.18768
18	0.07200	0.04696	0.01261	0.04231	0.07726	0.11808	0.04678	0.36299	0.14710	0.01905	0.00974	0.01021	0.00730	0.00461	0.00393	0.00124	0.00476	0.00360	0.00331	0.00617
19	0.09463	0.00800	0.00973	0.08715	0.02786	0.02559	0.00685	0.12513	0.09011	0.38548	0.02631	0.01503	0.01026	0.00537	0.00410	0.00133	0.00387	0.06298	0.00409	0.00613
20	0.00596	0.00403	0.00472	0.00472	0.00481	0.00411	0.00280	0.00613	0.00604	0.00814	0.01271	0.02561	0.01438	0.75961	0.11628	0.00428	0.00480	0.00579	0.00245	0.00262
21	0.01103	0.48383	0.05848	0.01124	0.15737	0.12399	0.03610	0.01278	0.00910	0.01092	0.02216	0.00870	0.00647	0.00387	0.00325	0.00102	0.00495	0.01319	0.01616	0.00540
22	0.00597	0.00454	0.00672	0.00666	0.00734	0.00534	0.00516	0.00736	0.00656	0.00948	0.01088	0.01630	0.01028	0.06228	0.77912	0.00633	0.03941	0.00443	0.00220	0.00365
23	0.03999	0.37892	0.21046	0.00945	0.04145	0.07775	0.02168	0.08295	0.06487	0.02645	0.00754	0.00833	0.00600	0.00396	0.00335	0.00110	0.00496	0.00285	0.00224	0.00570
24	0.01067	0.03938	0.10057	0.02089	0.59817	0.06131	0.01192	0.05108	0.03129	0.02424	0.00798	0.00989	0.00648	0.00384	0.00398	0.00121	0.00506	0.00352	0.00219	0.00634
25	0.01696	0.00734	0.00953	0.02976	0.01090	0.02390	0.00616	0.04539	0.02813	0.68988	0.01542	0.04218	0.01030	0.00523	0.00411	0.00126	0.00360	0.00427	0.00473	0.04095
26	0.04297	0.00759	0.00875	0.00691	0.04084	0.01984	0.00523	0.01073	0.02257	0.01350	0.00748	0.00876	0.00622	0.00374	0.02075	0.00080	0.00336	0.00255	0.00244	0.76499
27	0.00969	0.00935	0.08331	0.03511	0.18799	0.00734	0.06918	0.02155	0.00914	0.07091	0.00812	0.00954	0.00639	0.00347	0.00359	0.00093	0.00411	0.00310	0.00245	0.45473
28	0.00775	0.00730	0.01231	0.84587	0.02827	0.00912	0.01140	0.01049	0.00821	0.01049	0.00730	0.01094	0.00547	0.00410	0.00410	0.00137	0.00547	0.00365	0.00182	0.00456
29	0.88473	0.00794	0.00603	0.00540	0.00794	0.00921	0.00445	0.01207	0.00699	0.01842	0.00572	0.00667	0.00445	0.00381	0.00254	0.00127	0.00318	0.00222	0.00254	0.00445
30	0.02523	0.01996	0.00849	0.16396	0.03368	0.00680	0.00616	0.13549	0.00855	0.01147	0.00951	0.01297	0.05448	0.00978	0.01039	0.44405	0.02933	0.00385	0.00230	0.00354
31	0.00814	0.00813	0.01546	0.01213	0.01468	0.00786	0.42292	0.01160	0.10236	0.01276	0.01449	0.26330	0.01442	0.00706	0.00495	0.00151	0.00493	0.06549	0.00296	0.00487
32	0.00871	0.09438	0.73180	0.01145	0.03203	0.01006	0.01423	0.01307	0.00871	0.02863	0.00740	0.00861	0.00533	0.00388	0.00380	0.00126	0.00585	0.00299	0.00181	0.00602
33	0.40604	0.35473	0.01307	0.00673	0.00962	0.11256	0.00595	0.01285	0.00820	0.03117	0.00601	0.00688	0.00500	0.00377	0.00275	0.00109	0.00419	0.00230	0.00222	0.00487
34	0.00962	0.00901	0.01376	0.03310	0.56168	0.02463	0.01031	0.02412	0.12138	0.01405	0.07039	0.01432	0.06604	0.00476	0.00418	0.00126	0.00430	0.00439	0.00265	0.00605
35	0.00903	0.00862	0.01478	0.35926	0.45815	0.00934	0.03454	0.01157	0.00885	0.01213	0.00796	0.03301	0.00663	0.00408	0.00413	0.00130	0.00511	0.00390	0.00200	0.00560
36	0.01093	0.80907	0.02080	0.00710	0.01054	0.01589	0.00699	0.01284	0.05545	0.01009	0.00634	0.00709	0.00569	0.00363	0.00272	0.00091	0.00432	0.00234	0.00190	0.00534
37	0.00646	0.00442	0.00495	0.00481	0.00506	0.00447	0.00288	0.05287	0.00692	0.00919	0.01405	0.04322	0.04651	0.74536	0.02962	0.00371	0.00399	0.00604	0.00266	0.00282
38	0.01145	0.00928	0.00989	0.00851	0.01099	0.01053	0.00671	0.24730	0.54665	0.01926	0.01510	0.06222	0.01179	0.00581	0.00422	0.00136	0.00356	0.00478	0.00414	0.00645
39	0.01083	0.09583	0.01296	0.02160	0.01135	0.07181	0.00826	0.13143	0.06666	0.02949	0.00730	0.00946	0.00630	0.00650	0.02460	0.00161	0.47298	0.00350	0.00240	0.00514
40	0.08612	0.00986	0.09375	0.09147	0.45641	0.00892	0.06086	0.01175	0.00910	0.01363	0.07106	0.05078	0.00952	0.00451	0.00408	0.00128	0.00468	0.00421	0.00231	0.00570
41	0.00907	0.03604	0.36304	0.02794	0.21887	0.00907	0.03701	0.02570	0.04087	0.01342	0.00783	0.00935	0.00605	0.00373	0.00379	0.00114	0.00502	0.00319	0.00209	0.17677
42	0.02403	0.00835	0.00903	0.00794	0.01018	0.00935	0.00626	0.14883	0.50976	0.03540	0.11768	0.02777	0.02761	0.00614	0.00430	0.00137	0.00329	0.03248	0.00418	0.00605
43	0.00581	0.00438	0.00642	0.00642	0.00718	0.00501	0.00497	0.00722	0.00675	0.00959	0.01280	0.01767	0.05768	0.04445	0.77645	0.00625	0.01035	0.00467	0.00230	0.00363
44	0.00638	0.00509	0.00621	0.03690	0.03841	0.00501	0.00476	0.00909	0.12123	0.02168	0.15582	0.16703	0.31196	0.00976	0.01976	0.01517	0.00279	0.05505	0.00379	0.00411
45	0.01040	0.01026	0.01627	0.04376	0.76388	0.05773	0.01230	0.01277	0.00945	0.01315	0.00763	0.01002	0.00641	0.00370	0.00404	0.00121	0.00504	0.00360	0.00203	0.00636
46	0.00599	0.00456	0.00649	0.00642	0.00711	0.00525	0.00491	0.00741	0.01854	0.00959	0.01285	0.01827	0.05792	0.10925	0.67056	0.00580	0.03836	0.00477	0.00234	0.00361
47	0.00964	0.00959	0.01180	0.01067	0.04296	0.10979	0.03742	0.06155	0.00822	0.01126	0.00775	0.01218	0.00732	0.01012	0.13183	0.00234	0.45886	0.04987	0.00217	0.00463
48	0.02452	0.18692	0.41657	0.00956	0.04118	0.02218	0.01048	0.01201	0.00897	0.03218	0.10387	0.01162	0.00980	0.00547	0.03639	0.00139	0.00506	0.00350	0.05292	0.00541
49	0.01003	0.47774	0.04358	0.00708	0.00974	0.03533	0.00643	0.07749	0.05354	0.01150	0.02814	0.06000	0.00932	0.11969	0.03326	0.00162	0.00447	0.00374	0.00239	0.00492
50	0.29235	0.11774	0.08350	0.00764	0.05735	0.00874	0.00641	0.02567	0.00835	0.04277	0.00736	0.02406	0.00603	0.00378	0.00306	0.00101	0.00364	0.00274	0.01816	0.27964

[dist]
# distance from previous block
# <min> <max>
6	33

# created by:
# /st0/software/busco_prod/Augustus/scripts/msa2prfl.pl ./align_prep/122922.fa
