[name]
unknown

[dist]
# distance from previous block
# <min> <max>
0	25

[block]
# block no. 0 follows, 67 sequences, length 38
# corresponding to MSA columns:
# 25-62
name=unknown_A
#
# <colnr> <probs for GDERKNQSTAVLIFYWHMCP>
#	G	D	E	R	K	N	Q	S	T	A	V	L	I	F	Y	W	H	M	C	P
0	0.00646	0.00462	0.00646	0.00739	0.00831	0.00462	0.00646	0.00831	0.00923	0.01200	0.02123	0.04524	0.02308	0.01108	0.00554	0.00185	0.00369	0.80704	0.00369	0.00369
1	0.04218	0.00722	0.00829	0.00597	0.00949	0.00561	0.00479	0.02388	0.00844	0.01346	0.00711	0.00827	0.00589	0.00303	0.00297	0.00063	0.00300	0.00239	0.00241	0.83499
2	0.00583	0.00389	0.00437	0.00437	0.00437	0.00389	0.00243	0.00583	0.00583	0.00778	0.01264	0.02624	0.01458	0.85906	0.02041	0.00389	0.00389	0.00583	0.00243	0.00243
3	0.00640	0.00457	0.00639	0.00732	0.00821	0.00456	0.00636	0.00820	0.00917	0.01193	0.02127	0.07638	0.02321	0.01114	0.00552	0.00184	0.00364	0.77650	0.00369	0.00368
4	0.00790	0.00738	0.01144	0.01615	0.48044	0.00728	0.00862	0.00971	0.00904	0.01220	0.03927	0.03537	0.29152	0.00625	0.00465	0.00128	0.03822	0.00548	0.00266	0.00513
5	0.88738	0.00776	0.00589	0.00527	0.00776	0.00900	0.00434	0.01179	0.00683	0.01799	0.00558	0.00651	0.00434	0.00372	0.00248	0.00124	0.00310	0.00217	0.00248	0.00434
6	0.00940	0.00844	0.04355	0.32629	0.17905	0.02995	0.02017	0.02077	0.01814	0.08856	0.03447	0.01136	0.02192	0.00424	0.00425	0.00119	0.03908	0.00362	0.00238	0.13318
7	0.01590	0.02203	0.11197	0.00779	0.01114	0.02481	0.00708	0.07334	0.01156	0.61515	0.04722	0.01315	0.01008	0.00490	0.00400	0.00123	0.00383	0.00394	0.00436	0.00652
8	0.00832	0.00713	0.00832	0.00594	0.00950	0.00535	0.00475	0.01010	0.00832	0.01307	0.00713	0.00832	0.00594	0.00297	0.00297	0.00059	0.00297	0.00238	0.00238	0.88357
9	0.00523	0.00414	0.00446	0.00437	0.00568	0.00354	0.00330	0.00644	0.00961	0.02959	0.18969	0.03653	0.65083	0.00969	0.00474	0.00134	0.00206	0.02134	0.00388	0.00354
10	0.00757	0.00713	0.01203	0.84942	0.02762	0.00891	0.01114	0.01025	0.00802	0.01025	0.00713	0.01069	0.00535	0.00401	0.00401	0.00134	0.00535	0.00356	0.00178	0.00446
11	0.00757	0.00713	0.01203	0.84942	0.02762	0.00891	0.01114	0.01025	0.00802	0.01025	0.00713	0.01069	0.00535	0.00401	0.00401	0.00134	0.00535	0.00356	0.00178	0.00446
12	0.01026	0.00876	0.00923	0.00822	0.01054	0.01011	0.00642	0.06470	0.78294	0.01724	0.01596	0.01467	0.01195	0.00541	0.00408	0.00135	0.00324	0.00448	0.00408	0.00637
13	0.00535	0.00391	0.00506	0.00588	0.03176	0.00358	0.00393	0.00625	0.00833	0.02558	0.08187	0.56947	0.18915	0.01136	0.00512	0.01421	0.00237	0.01965	0.00371	0.00346
14	0.02899	0.03390	0.09148	0.06734	0.43784	0.09112	0.12818	0.01247	0.00926	0.01264	0.03313	0.01014	0.00693	0.00378	0.00398	0.00120	0.00527	0.00362	0.00205	0.01669
15	0.00573	0.00428	0.00636	0.00636	0.00704	0.00497	0.00490	0.00711	0.00642	0.00925	0.01082	0.01619	0.01022	0.06481	0.80869	0.00634	0.01046	0.00436	0.00216	0.00353
16	0.00489	0.00349	0.00465	0.00558	0.00582	0.00326	0.00372	0.00558	0.00768	0.01024	0.02210	0.85644	0.02653	0.01256	0.00512	0.00163	0.00233	0.01140	0.00372	0.00326
17	0.01067	0.01746	0.37501	0.01160	0.05563	0.29211	0.05530	0.02953	0.03655	0.01208	0.00818	0.01087	0.00666	0.00443	0.00393	0.00123	0.00609	0.05517	0.00211	0.00537
18	0.04570	0.00786	0.01011	0.03456	0.04476	0.00755	0.00661	0.17902	0.01260	0.58770	0.01363	0.01236	0.00883	0.00481	0.00397	0.00123	0.00372	0.00385	0.00447	0.00665
19	0.85848	0.00772	0.00601	0.00534	0.00784	0.00889	0.00439	0.01205	0.00698	0.04522	0.00592	0.00675	0.00453	0.00376	0.00253	0.00124	0.00311	0.00223	0.00256	0.00443
20	0.02661	0.00881	0.02662	0.32808	0.43398	0.00927	0.05343	0.02393	0.00881	0.01231	0.00740	0.01013	0.00591	0.00374	0.00397	0.00124	0.00502	0.00357	0.00196	0.02523
21	0.00486	0.00359	0.00455	0.00532	0.00575	0.00328	0.00361	0.00561	0.00793	0.01034	0.02526	0.71696	0.16397	0.01215	0.00505	0.00158	0.00228	0.01090	0.00372	0.00328
22	0.00652	0.00436	0.00536	0.00504	0.00611	0.00404	0.00374	0.00816	0.02775	0.07091	0.45153	0.02961	0.17962	0.12652	0.01776	0.00172	0.00249	0.02847	0.01650	0.00378
23	0.00509	0.00358	0.00459	0.00532	0.00550	0.00340	0.00344	0.00564	0.00727	0.00970	0.02003	0.67435	0.02391	0.19822	0.00847	0.00212	0.00267	0.01018	0.00344	0.00308
24	0.00989	0.00961	0.01572	0.05317	0.76156	0.03545	0.01194	0.01220	0.00913	0.01284	0.00780	0.02827	0.00672	0.00380	0.00399	0.00120	0.00481	0.00371	0.00202	0.00616
25	0.01043	0.58449	0.18873	0.00861	0.03774	0.07730	0.00871	0.01244	0.00849	0.01031	0.00604	0.00705	0.00518	0.00356	0.00296	0.00096	0.00485	0.00240	0.00176	0.01799
26	0.02846	0.01055	0.05789	0.15930	0.37029	0.05854	0.14452	0.08457	0.00995	0.02620	0.00774	0.00993	0.00606	0.00380	0.00405	0.00124	0.00531	0.00366	0.00218	0.00576
27	0.00499	0.00403	0.00444	0.00443	0.00560	0.00348	0.00329	0.00621	0.00959	0.01213	0.24169	0.09992	0.56646	0.00984	0.00477	0.00135	0.00202	0.00838	0.00390	0.00348
28	0.00950	0.00961	0.01792	0.12422	0.49566	0.00963	0.24921	0.01221	0.00909	0.01267	0.00766	0.01028	0.00615	0.00357	0.00420	0.00126	0.00542	0.00391	0.00197	0.00584
29	0.00486	0.00407	0.00422	0.00418	0.00549	0.00343	0.00314	0.00598	0.00941	0.01148	0.13807	0.03753	0.73457	0.00992	0.00474	0.00134	0.00201	0.00831	0.00381	0.00343
30	0.00583	0.00393	0.00466	0.00487	0.00504	0.00390	0.00309	0.00620	0.00661	0.00887	0.03077	0.12430	0.01733	0.62692	0.01622	0.00327	0.00360	0.10085	0.02100	0.00273
31	0.01445	0.00993	0.01112	0.00874	0.01173	0.01078	0.02118	0.52358	0.16354	0.14704	0.01183	0.01133	0.00833	0.00492	0.00402	0.00123	0.00403	0.00386	0.02170	0.00665
32	0.00512	0.00405	0.00461	0.00454	0.00567	0.00354	0.00338	0.00647	0.00994	0.01289	0.35526	0.08093	0.47032	0.00951	0.00476	0.00133	0.00199	0.00815	0.00400	0.00354
33	0.03025	0.01744	0.01114	0.00999	0.01206	0.72208	0.00758	0.01594	0.01106	0.07798	0.00694	0.00782	0.00555	0.00432	0.00406	0.00109	0.04486	0.00274	0.00230	0.00481
34	0.00580	0.00435	0.00640	0.00637	0.00702	0.00507	0.00489	0.00711	0.00639	0.00920	0.01078	0.01640	0.01027	0.09119	0.76619	0.00617	0.02632	0.00440	0.00216	0.00351
35	0.01463	0.01819	0.01145	0.01030	0.01229	0.76034	0.00780	0.04843	0.01136	0.01044	0.00628	0.00742	0.00524	0.00433	0.00419	0.00108	0.05670	0.00268	0.00213	0.00472
36	0.00888	0.00726	0.00782	0.00703	0.00893	0.00796	0.00543	0.11165	0.43362	0.01608	0.10743	0.05433	0.14848	0.03956	0.00494	0.00144	0.00300	0.01686	0.00397	0.00534
37	0.03306	0.00728	0.00898	0.04242	0.03205	0.04763	0.01550	0.07119	0.06842	0.05439	0.10376	0.04864	0.02437	0.08088	0.15764	0.00252	0.18925	0.00470	0.00284	0.00448

[dist]
# distance from previous block
# <min> <max>
0	4

[block]
# block no. 1 follows, 67 sequences, length 43
# corresponding to MSA columns:
# 68-110
name=unknown_B
#
# <colnr> <probs for GDERKNQSTAVLIFYWHMCP>
#	G	D	E	R	K	N	Q	S	T	A	V	L	I	F	Y	W	H	M	C	P
0	0.76808	0.03092	0.02840	0.00575	0.00837	0.03170	0.00489	0.02447	0.00740	0.05185	0.00613	0.00693	0.00468	0.00380	0.00264	0.00123	0.00335	0.00230	0.00256	0.00456
1	0.01002	0.29827	0.19288	0.01110	0.07612	0.07580	0.14480	0.03116	0.02371	0.02056	0.02098	0.00987	0.03751	0.00401	0.00369	0.00112	0.01401	0.00333	0.00207	0.01901
2	0.01049	0.01072	0.01175	0.02110	0.01105	0.17964	0.00829	0.03626	0.01700	0.04181	0.02853	0.00934	0.00643	0.00627	0.01016	0.00155	0.57943	0.00346	0.00211	0.00461
3	0.00979	0.01015	0.01216	0.01046	0.01083	0.11549	0.00860	0.04122	0.00727	0.01026	0.00555	0.00862	0.00531	0.00658	0.01163	0.00164	0.71465	0.00340	0.00188	0.00451
4	0.02963	0.03709	0.11481	0.07435	0.24313	0.02619	0.20195	0.06855	0.01787	0.07470	0.02774	0.01905	0.00739	0.00417	0.00434	0.00127	0.02722	0.01241	0.00242	0.00573
5	0.88738	0.00776	0.00589	0.00527	0.00776	0.00900	0.00434	0.01179	0.00683	0.01799	0.00558	0.00651	0.00434	0.00372	0.00248	0.00124	0.00310	0.00217	0.00248	0.00434
6	0.01516	0.00673	0.00863	0.00694	0.00967	0.00618	0.00562	0.01808	0.13150	0.61287	0.01857	0.03536	0.09458	0.00574	0.00414	0.00128	0.00321	0.00473	0.00468	0.00632
7	0.00827	0.00787	0.01346	0.58056	0.25531	0.00905	0.03329	0.01087	0.00839	0.01115	0.00749	0.01101	0.00592	0.00398	0.00404	0.00130	0.00519	0.01594	0.00188	0.00501
8	0.01046	0.50044	0.26446	0.01970	0.01283	0.05473	0.00935	0.04371	0.00891	0.03347	0.00655	0.00746	0.00532	0.00368	0.00311	0.00102	0.00492	0.00254	0.00190	0.00546
9	0.00581	0.00389	0.00441	0.00443	0.00444	0.00389	0.00249	0.00585	0.00587	0.00784	0.01277	0.04032	0.01471	0.83160	0.03298	0.00389	0.00397	0.00590	0.00245	0.00246
10	0.00676	0.00440	0.00555	0.00511	0.00633	0.00400	0.00388	0.00860	0.02157	0.09156	0.60869	0.02939	0.15991	0.00812	0.00463	0.00127	0.00207	0.00706	0.01705	0.00404
11	0.00589	0.00402	0.00463	0.00460	0.00462	0.00412	0.00268	0.00595	0.00589	0.00791	0.01262	0.04460	0.01452	0.80117	0.03579	0.00383	0.02633	0.00587	0.00244	0.00252
12	0.00697	0.00348	0.00522	0.00522	0.00522	0.00348	0.00348	0.00522	0.00522	0.00697	0.00697	0.01219	0.00697	0.01393	0.01567	0.88332	0.00348	0.00348	0.00174	0.00174
13	0.00888	0.00899	0.00995	0.01982	0.02125	0.15347	0.00718	0.01027	0.02947	0.00990	0.00778	0.01144	0.00724	0.04141	0.24785	0.00300	0.37093	0.00369	0.02327	0.00420
14	0.00499	0.00361	0.00465	0.00540	0.00576	0.00336	0.00365	0.00573	0.00783	0.01033	0.04219	0.68780	0.10153	0.06443	0.00603	0.00174	0.00242	0.03166	0.00366	0.00324
15	0.02408	0.00752	0.00897	0.00658	0.00994	0.00628	0.03499	0.08492	0.03093	0.01446	0.00792	0.00902	0.00639	0.00332	0.00314	0.00073	0.00319	0.00270	0.04793	0.68700
16	0.00944	0.01076	0.02332	0.01671	0.02064	0.01021	0.79461	0.01275	0.00936	0.01275	0.00803	0.01076	0.00606	0.00349	0.00499	0.00136	0.03267	0.00470	0.00202	0.00538
17	0.00503	0.00393	0.00456	0.00471	0.00567	0.00346	0.00342	0.00621	0.00937	0.01211	0.25132	0.24224	0.41317	0.01023	0.00483	0.00140	0.00207	0.00887	0.00391	0.00346
18	0.00914	0.01025	0.02214	0.01602	0.01978	0.00962	0.75106	0.01234	0.00937	0.01269	0.00926	0.05106	0.00767	0.00410	0.00478	0.00138	0.00644	0.03548	0.00217	0.00524
19	0.00591	0.00445	0.00634	0.00624	0.00677	0.00517	0.00469	0.00702	0.00630	0.00901	0.01084	0.01753	0.01070	0.19905	0.62937	0.00567	0.05477	0.00457	0.00219	0.00339
20	0.01006	0.00985	0.01592	0.05280	0.77076	0.04514	0.01207	0.01239	0.00919	0.01286	0.00747	0.00984	0.00627	0.00361	0.00396	0.00119	0.00489	0.00353	0.00198	0.00621
21	0.01499	0.01891	0.01138	0.01030	0.01240	0.82192	0.00775	0.03640	0.01155	0.01021	0.00629	0.00729	0.00521	0.00415	0.00363	0.00104	0.00716	0.00261	0.00212	0.00470
22	0.00831	0.00717	0.00865	0.04816	0.02617	0.00560	0.00521	0.01015	0.00832	0.01293	0.00714	0.00846	0.00592	0.00303	0.00304	0.00064	0.00312	0.00246	0.00234	0.82316
23	0.01237	0.23841	0.08268	0.01005	0.02704	0.32974	0.07676	0.06038	0.05251	0.03490	0.00726	0.00824	0.00585	0.00408	0.00384	0.00109	0.03441	0.00293	0.00223	0.00524
24	0.00568	0.00410	0.00536	0.00505	0.00599	0.00378	0.00378	0.00757	0.01135	0.01608	0.83192	0.02996	0.03784	0.00820	0.00473	0.00126	0.00189	0.00725	0.00441	0.00378
25	0.00944	0.01074	0.02325	0.01667	0.02058	0.01022	0.78958	0.01273	0.00934	0.01273	0.00801	0.01074	0.00605	0.00351	0.00504	0.00137	0.03791	0.00469	0.00202	0.00537
26	0.00536	0.00405	0.00477	0.00464	0.00571	0.00361	0.00346	0.00686	0.01024	0.01379	0.46301	0.06475	0.34226	0.00898	0.00467	0.00130	0.00196	0.00774	0.03924	0.00361
27	0.00758	0.00544	0.01805	0.00597	0.00744	0.03467	0.03763	0.00926	0.01053	0.11840	0.43572	0.09024	0.16390	0.00805	0.00461	0.00130	0.00262	0.01968	0.01471	0.00419
28	0.01013	0.00890	0.05886	0.00798	0.01043	0.00918	0.00659	0.05779	0.60948	0.06165	0.05971	0.01560	0.03194	0.00552	0.00408	0.00132	0.00328	0.00458	0.02688	0.00610
29	0.00555	0.00385	0.00451	0.00472	0.00493	0.00376	0.00291	0.00586	0.00659	0.00869	0.01713	0.20308	0.08586	0.56853	0.03709	0.00322	0.00358	0.02459	0.00283	0.00274
30	0.00958	0.00915	0.01545	0.14629	0.69223	0.00945	0.01197	0.01225	0.03122	0.01278	0.00772	0.01018	0.00636	0.00369	0.00398	0.00122	0.00481	0.00360	0.00201	0.00607
31	0.01467	0.05009	0.03067	0.01021	0.01243	0.78090	0.00788	0.02787	0.01129	0.01010	0.00625	0.00727	0.00519	0.00411	0.00359	0.00103	0.00705	0.00259	0.00207	0.00473
32	0.00601	0.00457	0.00636	0.05796	0.03785	0.00452	0.00575	0.00753	0.00881	0.01146	0.04733	0.25094	0.12095	0.01057	0.00516	0.00166	0.00322	0.40212	0.00355	0.00369
33	0.01009	0.00867	0.00913	0.00819	0.01047	0.01003	0.00638	0.03892	0.80900	0.01696	0.01618	0.01485	0.01212	0.00543	0.00408	0.00136	0.00320	0.00451	0.00408	0.00636
34	0.00832	0.00713	0.00832	0.00594	0.00950	0.00535	0.00475	0.01010	0.00832	0.01307	0.00713	0.00832	0.00594	0.00297	0.00297	0.00059	0.00297	0.00238	0.00238	0.88357
35	0.01364	0.01044	0.01113	0.00890	0.01183	0.01169	0.00724	0.57755	0.26458	0.02269	0.01166	0.01125	0.00847	0.00500	0.00403	0.00125	0.00404	0.00389	0.00403	0.00668
36	0.00832	0.00713	0.00832	0.00594	0.00950	0.00535	0.00475	0.01010	0.00832	0.01307	0.00713	0.00832	0.00594	0.00297	0.00297	0.00059	0.00297	0.00238	0.00238	0.88357
37	0.00583	0.00390	0.00443	0.00443	0.00445	0.00392	0.00250	0.00587	0.00585	0.00782	0.01258	0.02596	0.01446	0.83650	0.04280	0.00396	0.00407	0.00579	0.00242	0.00246
38	0.00500	0.00405	0.00442	0.00442	0.00559	0.00350	0.00329	0.00618	0.00944	0.01182	0.19885	0.07412	0.59492	0.03140	0.00517	0.00142	0.00210	0.02703	0.00383	0.00344
39	0.00850	0.00784	0.01280	0.45176	0.24747	0.00894	0.03157	0.01171	0.09217	0.01157	0.00818	0.01099	0.00645	0.00466	0.00484	0.05462	0.01513	0.00369	0.00208	0.00503
40	0.00773	0.00398	0.00415	0.00404	0.00506	0.00397	0.00304	0.00981	0.03024	0.04013	0.05778	0.01595	0.01190	0.02148	0.00332	0.00103	0.00199	0.00400	0.76651	0.00388
41	0.00577	0.00413	0.00562	0.00562	0.00605	0.00456	0.00398	0.00663	0.00620	0.00870	0.01150	0.01994	0.01184	0.36096	0.51477	0.00542	0.00801	0.00491	0.00226	0.00312
42	0.00590	0.00430	0.00572	0.00577	0.00628	0.00472	0.00412	0.00726	0.04408	0.00925	0.01271	0.08656	0.01319	0.30734	0.44671	0.00489	0.00730	0.01813	0.00248	0.00330

[dist]
# distance from previous block
# <min> <max>
0	18

[block]
# block no. 2 follows, 67 sequences, length 38
# corresponding to MSA columns:
# 129-166
name=unknown_C
#
# <colnr> <probs for GDERKNQSTAVLIFYWHMCP>
#	G	D	E	R	K	N	Q	S	T	A	V	L	I	F	Y	W	H	M	C	P
0	0.03587	0.37960	0.40776	0.02363	0.01395	0.02522	0.01066	0.03188	0.00860	0.02034	0.00659	0.00764	0.00519	0.00369	0.00325	0.00109	0.00509	0.00262	0.00182	0.00553
1	0.03105	0.37289	0.01490	0.00831	0.01101	0.33244	0.00702	0.04232	0.10084	0.01116	0.00807	0.00864	0.02757	0.00415	0.00325	0.00101	0.00522	0.00279	0.00226	0.00508
2	0.86789	0.00783	0.00603	0.00536	0.00786	0.00907	0.00442	0.02987	0.00709	0.01816	0.00567	0.00658	0.00440	0.00375	0.00252	0.00124	0.00313	0.00220	0.00252	0.00440
3	0.00965	0.14508	0.13169	0.17769	0.24124	0.05866	0.03795	0.04437	0.02761	0.01201	0.00730	0.00939	0.00590	0.00466	0.02637	0.00135	0.04836	0.00328	0.00199	0.00545
4	0.00989	0.15165	0.12884	0.08862	0.09634	0.06851	0.17433	0.03500	0.12191	0.01258	0.00831	0.00981	0.00652	0.00405	0.00426	0.00122	0.04398	0.00352	0.00224	0.02843
5	0.00615	0.00463	0.00588	0.00641	0.00743	0.00455	0.00528	0.00834	0.06574	0.01204	0.06569	0.11775	0.18655	0.02983	0.00554	0.00171	0.00311	0.45589	0.00374	0.00375
6	0.00490	0.00354	0.00464	0.00547	0.00580	0.00328	0.00368	0.00565	0.00788	0.01044	0.04652	0.78134	0.07747	0.01229	0.00508	0.00160	0.00230	0.01110	0.00374	0.00328
7	0.00493	0.00405	0.00433	0.00430	0.00554	0.00346	0.00321	0.00611	0.00953	0.01184	0.19496	0.06137	0.65279	0.00985	0.00475	0.00134	0.00201	0.00831	0.00386	0.00346
8	0.01072	0.86147	0.02102	0.00686	0.01029	0.01587	0.00686	0.01201	0.00815	0.00944	0.00558	0.00643	0.00515	0.00343	0.00257	0.00086	0.00429	0.00214	0.00172	0.00515
9	0.00549	0.00417	0.00466	0.00457	0.00577	0.00369	0.00341	0.00698	0.02573	0.02896	0.26746	0.08208	0.49140	0.00933	0.00466	0.00133	0.00205	0.00794	0.03669	0.00363
10	0.01022	0.74269	0.06373	0.00703	0.01030	0.01467	0.00705	0.01160	0.00797	0.00951	0.00611	0.00787	0.00575	0.05859	0.00402	0.00109	0.02260	0.00246	0.00176	0.00500
11	0.24413	0.02211	0.01026	0.00831	0.01107	0.16595	0.00673	0.41671	0.03538	0.01989	0.00820	0.00893	0.00619	0.00448	0.00354	0.00119	0.00455	0.01347	0.00322	0.00569
12	0.00928	0.00892	0.01528	0.24495	0.56728	0.00940	0.04451	0.01197	0.02652	0.01241	0.00765	0.01028	0.00620	0.00372	0.00401	0.00124	0.00497	0.00364	0.00198	0.00581
13	0.02518	0.07676	0.03631	0.01080	0.10575	0.10510	0.02549	0.33546	0.18884	0.01812	0.00992	0.01022	0.00750	0.00451	0.00383	0.00118	0.00454	0.00354	0.00324	0.02371
14	0.00967	0.00938	0.01481	0.18907	0.58624	0.04809	0.01158	0.02562	0.00914	0.01250	0.00776	0.01086	0.00652	0.00395	0.00414	0.00124	0.01712	0.02449	0.00202	0.00580
15	0.00898	0.25170	0.56011	0.01021	0.01518	0.02962	0.02510	0.01250	0.00840	0.01166	0.00669	0.00793	0.00512	0.00379	0.00373	0.00117	0.02799	0.00277	0.00171	0.00563
16	0.00910	0.28161	0.51961	0.03024	0.01537	0.01145	0.03426	0.03386	0.00866	0.01196	0.00678	0.00798	0.00518	0.00371	0.00346	0.00114	0.00539	0.00279	0.00177	0.00566
17	0.00484	0.00406	0.00421	0.00419	0.00548	0.00342	0.00314	0.00594	0.00934	0.01136	0.12077	0.05392	0.73560	0.01001	0.00475	0.00135	0.00202	0.00840	0.00379	0.00342
18	0.00604	0.00532	0.02736	0.00703	0.00767	0.00554	0.02861	0.00713	0.00769	0.01050	0.03613	0.42828	0.08252	0.02982	0.05723	0.00196	0.16008	0.08428	0.00315	0.00366
19	0.02068	0.27205	0.28008	0.00980	0.01381	0.08468	0.07712	0.10549	0.00999	0.05119	0.00757	0.00893	0.00592	0.00403	0.00370	0.00114	0.01918	0.01682	0.00222	0.00560
20	0.00879	0.00882	0.01252	0.01066	0.01075	0.01224	0.02580	0.00972	0.00621	0.00972	0.00532	0.00882	0.00528	0.00694	0.01298	0.00175	0.83397	0.00354	0.00176	0.00441
21	0.00510	0.00357	0.00468	0.00543	0.00578	0.00334	0.00368	0.00599	0.00811	0.01111	0.10934	0.72377	0.02692	0.01169	0.00496	0.00155	0.00226	0.01056	0.04882	0.00334
22	0.00652	0.00530	0.00704	0.05679	0.03944	0.00516	0.04366	0.06381	0.02269	0.01269	0.11544	0.15985	0.31105	0.03005	0.00510	0.00147	0.00298	0.08642	0.02058	0.00398
23	0.01089	0.04312	0.01465	0.16776	0.32703	0.18656	0.07728	0.04017	0.03586	0.02999	0.00764	0.00964	0.00611	0.00395	0.00411	0.00120	0.02290	0.00344	0.00215	0.00551
24	0.00634	0.00467	0.00570	0.00534	0.00647	0.00459	0.00403	0.00946	0.11941	0.01592	0.63972	0.02722	0.05975	0.00766	0.00451	0.00126	0.00207	0.00669	0.06510	0.00411
25	0.00556	0.00434	0.00509	0.00498	0.00608	0.00402	0.00370	0.00768	0.06669	0.01368	0.41403	0.11902	0.31207	0.00915	0.00473	0.00134	0.00208	0.00792	0.00408	0.00377
26	0.71605	0.00698	0.00552	0.00502	0.00714	0.00798	0.00402	0.01107	0.00696	0.01690	0.00701	0.00894	0.00580	0.06310	0.00376	0.00139	0.00300	0.00262	0.11260	0.00413
27	0.00958	0.00911	0.01547	0.02330	0.77666	0.00909	0.01171	0.01184	0.00903	0.01290	0.00855	0.06857	0.00775	0.00420	0.00405	0.00122	0.00460	0.00412	0.00211	0.00614
28	0.01287	0.02259	0.01090	0.00850	0.01138	0.01082	0.02269	0.50107	0.20181	0.02134	0.01115	0.01111	0.00820	0.00478	0.00387	0.00118	0.00390	0.00375	0.06463	0.06345
29	0.02897	0.06594	0.16054	0.06819	0.37564	0.00928	0.04826	0.04380	0.02673	0.02147	0.02219	0.08033	0.00835	0.00497	0.01713	0.00133	0.00481	0.00414	0.00226	0.00567
30	0.00935	0.14500	0.43080	0.01151	0.09034	0.01034	0.04732	0.03455	0.06553	0.04527	0.00885	0.00988	0.02759	0.00421	0.00415	0.00123	0.04285	0.00331	0.00215	0.00578
31	0.00745	0.00674	0.03150	0.06653	0.02866	0.00652	0.12937	0.01136	0.16210	0.02751	0.37050	0.06240	0.05907	0.00670	0.00453	0.00132	0.00333	0.00612	0.00363	0.00467
32	0.00545	0.06318	0.00640	0.00601	0.00660	0.00436	0.02928	0.00630	0.00786	0.01041	0.04068	0.75070	0.02469	0.01154	0.00492	0.00156	0.00259	0.01045	0.00355	0.00347
33	0.01126	0.15497	0.23565	0.04060	0.11982	0.03463	0.05702	0.04602	0.00966	0.18184	0.00973	0.01138	0.01553	0.00439	0.00396	0.00121	0.01847	0.03540	0.00264	0.00581
34	0.01229	0.00913	0.12493	0.02549	0.14880	0.00713	0.07535	0.02654	0.01034	0.35351	0.09374	0.04151	0.01202	0.00522	0.00421	0.00128	0.00413	0.03488	0.00357	0.00593
35	0.00804	0.02074	0.83828	0.01143	0.01736	0.00931	0.01482	0.01270	0.00847	0.01270	0.00720	0.00847	0.00508	0.00381	0.00381	0.00127	0.00593	0.00296	0.00169	0.00593
36	0.01400	0.00925	0.13240	0.02039	0.02004	0.02873	0.00739	0.07628	0.04086	0.46943	0.01465	0.07656	0.02027	0.00568	0.00415	0.00130	0.00391	0.04451	0.00405	0.00612
37	0.00737	0.00714	0.05007	0.09443	0.10932	0.00669	0.06113	0.03161	0.10765	0.02210	0.10661	0.06722	0.28172	0.00708	0.00460	0.00134	0.01992	0.00614	0.00320	0.00465

[dist]
# distance from previous block
# <min> <max>
0	2

[block]
# block no. 3 follows, 67 sequences, length 44
# corresponding to MSA columns:
# 169-212
name=unknown_D
#
# <colnr> <probs for GDERKNQSTAVLIFYWHMCP>
#	G	D	E	R	K	N	Q	S	T	A	V	L	I	F	Y	W	H	M	C	P
0	0.00855	0.01801	0.64327	0.01211	0.05275	0.00930	0.08744	0.01335	0.06493	0.02872	0.01961	0.00959	0.00627	0.00396	0.00394	0.00128	0.00566	0.00334	0.00200	0.00591
1	0.00990	0.01038	0.09442	0.05284	0.57554	0.00944	0.02687	0.09381	0.00999	0.01405	0.00910	0.02658	0.03041	0.00418	0.00404	0.00123	0.00477	0.01409	0.00226	0.00609
2	0.00967	0.00962	0.03858	0.02213	0.69726	0.00935	0.04037	0.01269	0.06293	0.01324	0.00936	0.01132	0.03743	0.00394	0.00403	0.00122	0.00466	0.00384	0.00218	0.00620
3	0.01009	0.65407	0.10598	0.00723	0.01062	0.01361	0.00737	0.01184	0.01838	0.03332	0.03091	0.06605	0.00776	0.00430	0.00300	0.00098	0.00422	0.00310	0.00205	0.00512
4	0.01460	0.01854	0.01221	0.01078	0.01299	0.78571	0.06354	0.01580	0.01123	0.01002	0.00633	0.00748	0.00523	0.00408	0.00369	0.00106	0.00720	0.00273	0.00206	0.00470
5	0.00859	0.00731	0.00842	0.00617	0.00960	0.00586	0.00493	0.03658	0.06492	0.01368	0.00838	0.00930	0.01973	0.00331	0.00311	0.00068	0.00301	0.00266	0.00257	0.78119
6	0.03294	0.00678	0.00896	0.00695	0.00992	0.00596	0.00572	0.04101	0.01144	0.74219	0.01717	0.01512	0.06627	0.00529	0.00405	0.00125	0.00334	0.00429	0.00481	0.00654
7	0.01470	0.01865	0.01141	0.01034	0.01231	0.80592	0.00779	0.01573	0.01113	0.00981	0.00616	0.00730	0.00517	0.00426	0.00404	0.00107	0.04489	0.00262	0.00205	0.00464
8	0.00581	0.00389	0.00437	0.00437	0.00440	0.00388	0.00244	0.00583	0.00591	0.00785	0.01330	0.02654	0.03398	0.83892	0.02004	0.00383	0.00384	0.00589	0.00246	0.00245
9	0.88738	0.00776	0.00589	0.00527	0.00776	0.00900	0.00434	0.01179	0.00683	0.01799	0.00558	0.00651	0.00434	0.00372	0.00248	0.00124	0.00310	0.00217	0.00248	0.00434
10	0.00673	0.00511	0.00634	0.00614	0.01606	0.03578	0.00459	0.00837	0.02608	0.04914	0.29052	0.03985	0.09480	0.07022	0.29417	0.00323	0.02997	0.00582	0.00326	0.00385
11	0.59918	0.02580	0.03210	0.00691	0.03589	0.06592	0.02082	0.01143	0.00741	0.01557	0.00733	0.03117	0.00652	0.03590	0.02953	0.00152	0.02032	0.03986	0.00245	0.00437
12	0.00744	0.00375	0.00379	0.00379	0.00472	0.00376	0.00285	0.00930	0.00837	0.01484	0.01303	0.01497	0.01027	0.00519	0.02004	0.00105	0.00205	0.00375	0.86328	0.00373
13	0.01839	0.19573	0.27358	0.02986	0.15242	0.04902	0.02951	0.06498	0.00940	0.04305	0.00805	0.03996	0.00667	0.00417	0.00362	0.00114	0.00492	0.01293	0.00219	0.05040
14	0.00827	0.00779	0.01314	0.54313	0.28987	0.00890	0.01124	0.01081	0.00850	0.01137	0.03104	0.01153	0.00688	0.00410	0.00404	0.00129	0.00503	0.01608	0.00195	0.00504
15	0.01120	0.00996	0.01215	0.02146	0.03063	0.06334	0.02974	0.22841	0.02087	0.03991	0.00724	0.00921	0.00600	0.00567	0.00846	0.00143	0.42344	0.00347	0.00256	0.06483
16	0.00748	0.00374	0.00374	0.00374	0.00467	0.00374	0.00280	0.00934	0.00841	0.01495	0.01308	0.01495	0.01028	0.00467	0.00280	0.00093	0.00187	0.00374	0.88132	0.00374
17	0.00523	0.00418	0.00452	0.00464	0.00594	0.00361	0.00362	0.00637	0.00916	0.02544	0.03691	0.05672	0.68009	0.01026	0.00485	0.00143	0.00231	0.12747	0.00374	0.00349
18	0.00748	0.00374	0.00374	0.00374	0.00467	0.00374	0.00280	0.00934	0.00841	0.01495	0.01308	0.01495	0.01028	0.00467	0.00280	0.00093	0.00187	0.00374	0.88132	0.00374
19	0.00790	0.01719	0.62167	0.03465	0.01584	0.02000	0.03816	0.01180	0.00867	0.01267	0.08722	0.01150	0.03099	0.00461	0.00456	0.00130	0.06012	0.00363	0.00203	0.00548
20	0.00515	0.00411	0.00460	0.00456	0.00571	0.00362	0.00339	0.00655	0.02108	0.01240	0.27397	0.08008	0.51023	0.02687	0.00508	0.00140	0.00209	0.02167	0.00391	0.00352
21	0.00785	0.00667	0.00783	0.00614	0.00892	0.01940	0.00486	0.00946	0.00811	0.01223	0.00917	0.04464	0.00861	0.04506	0.07288	0.00137	0.01624	0.05836	0.00249	0.64971
22	0.86711	0.02750	0.00624	0.00531	0.00781	0.00916	0.00440	0.01179	0.00686	0.01780	0.00558	0.00651	0.00436	0.00372	0.00248	0.00123	0.00313	0.00217	0.00246	0.00436
23	0.00947	0.01082	0.02366	0.01690	0.02096	0.01014	0.81947	0.01285	0.00947	0.01285	0.00811	0.01082	0.00609	0.00338	0.00473	0.00135	0.00676	0.00473	0.00203	0.00541
24	0.00543	0.00399	0.00508	0.00502	0.00589	0.00364	0.00368	0.00701	0.01045	0.01444	0.59589	0.17314	0.13307	0.00919	0.00480	0.00134	0.00198	0.00811	0.00421	0.00364
25	0.00855	0.00718	0.00836	0.00605	0.00955	0.00554	0.00484	0.01071	0.04113	0.02746	0.00765	0.00867	0.00626	0.00310	0.00303	0.00064	0.00299	0.00249	0.00249	0.83330
26	0.00748	0.00374	0.00374	0.00374	0.00467	0.00374	0.00280	0.00934	0.00841	0.01495	0.01308	0.01495	0.01028	0.00467	0.00280	0.00093	0.00187	0.00374	0.88132	0.00374
27	0.00916	0.00766	0.00876	0.00644	0.00988	0.00641	0.00516	0.09626	0.06568	0.01461	0.00802	0.00891	0.00647	0.00333	0.00316	0.00071	0.00314	0.00265	0.00267	0.73091
28	0.59356	0.00815	0.00774	0.04357	0.00981	0.00910	0.01493	0.13231	0.00931	0.12763	0.00764	0.00816	0.00552	0.00406	0.00301	0.00124	0.00348	0.00272	0.00300	0.00506
29	0.00602	0.00469	0.00555	0.00546	0.00656	0.00459	0.00404	0.00901	0.14148	0.01393	0.37351	0.20240	0.18940	0.00906	0.00471	0.00137	0.00222	0.00792	0.00408	0.00401
30	0.00590	0.00415	0.00530	0.00521	0.02091	0.00386	0.00379	0.00773	0.01082	0.01555	0.67402	0.03934	0.07501	0.00788	0.00451	0.00123	0.00195	0.00691	0.10213	0.00380
31	0.00903	0.00722	0.00897	0.02573	0.06823	0.00573	0.00549	0.01084	0.00858	0.06959	0.00798	0.02177	0.00654	0.00332	0.00317	0.00071	0.00317	0.00274	0.00253	0.72867
32	0.00501	0.00358	0.00476	0.00550	0.00584	0.00334	0.00373	0.00588	0.00823	0.01112	0.14394	0.73209	0.02823	0.01191	0.00506	0.00157	0.00226	0.01078	0.00383	0.00334
33	0.00832	0.00713	0.00832	0.00594	0.00950	0.00535	0.00475	0.01010	0.00832	0.01307	0.00713	0.00832	0.00594	0.00297	0.00297	0.00059	0.00297	0.00238	0.00238	0.88357
34	0.00947	0.15491	0.05281	0.02364	0.34672	0.09508	0.01932	0.01130	0.00854	0.01117	0.01632	0.03982	0.00785	0.05641	0.10723	0.00195	0.02650	0.00374	0.00206	0.00518
35	0.00840	0.00812	0.03339	0.04009	0.02466	0.00994	0.02236	0.05281	0.04837	0.01121	0.02927	0.02259	0.06456	0.07782	0.03621	0.00193	0.48497	0.00431	0.01458	0.00442
36	0.00642	0.00442	0.00623	0.00701	0.00778	0.00443	0.00593	0.00777	0.00858	0.01122	0.01919	0.07830	0.02085	0.01217	0.03682	0.10737	0.00386	0.64481	0.00341	0.00344
37	0.00767	0.00771	0.04199	0.76173	0.04301	0.00888	0.03330	0.01041	0.00812	0.01050	0.00747	0.01134	0.00576	0.00413	0.00405	0.00134	0.00536	0.02084	0.00183	0.00456
38	0.79699	0.00768	0.00644	0.03615	0.03106	0.00884	0.00482	0.01177	0.00711	0.03071	0.02537	0.00743	0.00531	0.00385	0.00266	0.00124	0.00320	0.00241	0.00253	0.00443
39	0.00961	0.00917	0.01549	0.04512	0.70643	0.00918	0.04052	0.03090	0.00934	0.01315	0.00988	0.01194	0.06311	0.00406	0.00405	0.00121	0.00466	0.00395	0.00215	0.00607
40	0.00680	0.00543	0.00681	0.00710	0.04840	0.03712	0.00494	0.02730	0.05080	0.01016	0.01320	0.07553	0.05722	0.16880	0.38275	0.04507	0.02683	0.00512	0.01695	0.00368
41	0.00749	0.00684	0.01037	0.09992	0.30762	0.01576	0.03683	0.00953	0.03120	0.01188	0.03685	0.07822	0.25564	0.00741	0.03210	0.01445	0.00394	0.00574	0.02348	0.00472
42	0.00810	0.00806	0.03156	0.04824	0.05741	0.13867	0.00609	0.02177	0.00806	0.01040	0.04850	0.06330	0.03043	0.17131	0.20225	0.00293	0.07150	0.00463	0.00239	0.06439
43	0.03273	0.07706	0.07188	0.02292	0.09603	0.06507	0.16373	0.02851	0.00973	0.24241	0.01057	0.03197	0.00820	0.02949	0.02398	0.00142	0.01544	0.02586	0.00295	0.04006

[dist]
# distance from previous block
# <min> <max>
0	248

# created by:
# /st0/software/busco_prod/Augustus/scripts/msa2prfl.pl ./align_prep/122927.fa
