[name]
unknown

[dist]
# distance from previous block
# <min> <max>
0	26

[block]
# block no. 0 follows, 63 sequences, length 21
# corresponding to MSA columns:
# 131-151
name=unknown_A
#
# <colnr> <probs for GDERKNQSTAVLIFYWHMCP>
#	G	D	E	R	K	N	Q	S	T	A	V	L	I	F	Y	W	H	M	C	P
0	0.08718	0.00760	0.00949	0.00761	0.01056	0.00723	0.00631	0.12966	0.01249	0.55505	0.03228	0.01664	0.01141	0.00576	0.00426	0.00136	0.00369	0.08015	0.00471	0.00656
1	0.01060	0.56631	0.18075	0.00821	0.01207	0.04149	0.00866	0.04107	0.00938	0.01171	0.06884	0.00920	0.00806	0.00413	0.00322	0.00104	0.00475	0.00290	0.00211	0.00549
2	0.00947	0.29867	0.49622	0.01078	0.03404	0.01200	0.04050	0.01301	0.00881	0.01219	0.00702	0.00828	0.00544	0.00382	0.00358	0.00117	0.00558	0.00289	0.00182	0.02473
3	0.00954	0.03670	0.00731	0.00602	0.00789	0.02944	0.00475	0.11463	0.08722	0.09349	0.13038	0.02275	0.22234	0.00693	0.00416	0.00125	0.00288	0.00568	0.20175	0.00489
4	0.00524	0.00382	0.00494	0.00560	0.00609	0.00352	0.00384	0.00621	0.00883	0.01180	0.15727	0.63547	0.10750	0.01217	0.00526	0.00162	0.00233	0.01093	0.00402	0.00352
5	0.00587	0.00401	0.00474	0.00495	0.00507	0.00398	0.00298	0.00612	0.00664	0.00885	0.01600	0.20248	0.03796	0.61467	0.05503	0.00363	0.00401	0.00735	0.00286	0.00281
6	0.00919	0.24711	0.61177	0.01069	0.01619	0.01162	0.01328	0.01312	0.00879	0.01239	0.00708	0.00830	0.00534	0.00389	0.00364	0.00121	0.00575	0.00287	0.00178	0.00599
7	0.00595	0.00413	0.00535	0.00561	0.00607	0.00429	0.00392	0.00686	0.00724	0.01014	0.01644	0.22118	0.04987	0.25931	0.28069	0.00397	0.00577	0.02632	0.07356	0.00333
8	0.00511	0.00371	0.00482	0.00570	0.00606	0.00343	0.00384	0.00587	0.00819	0.01079	0.02499	0.77366	0.10249	0.01293	0.00533	0.00168	0.00241	0.01166	0.00390	0.00343
9	0.00920	0.00920	0.01288	0.01104	0.01104	0.01288	0.00920	0.01012	0.00644	0.01012	0.00552	0.00920	0.00552	0.00736	0.01380	0.00184	0.84457	0.00368	0.00184	0.00460
10	0.06089	0.00838	0.00985	0.00781	0.01064	0.00851	0.00632	0.27810	0.04458	0.37670	0.01404	0.01429	0.02832	0.07091	0.03967	0.00173	0.00422	0.00426	0.00435	0.00642
11	0.00843	0.02174	0.83048	0.01198	0.01819	0.00976	0.01553	0.01331	0.00888	0.01331	0.00754	0.00888	0.00533	0.00399	0.00399	0.00133	0.00621	0.00311	0.00178	0.00621
12	0.00526	0.00416	0.00477	0.00511	0.00615	0.00367	0.00381	0.00638	0.00932	0.01164	0.08080	0.25544	0.48232	0.01130	0.00516	0.00154	0.00239	0.09326	0.00394	0.00357
13	0.00577	0.00431	0.00538	0.00516	0.00624	0.00391	0.00390	0.00757	0.01135	0.01558	0.63585	0.03380	0.20108	0.00912	0.00499	0.00136	0.00208	0.03423	0.00445	0.00388
14	0.03508	0.04063	0.01234	0.01129	0.06647	0.59079	0.00821	0.10926	0.04090	0.03589	0.00763	0.00849	0.00608	0.00442	0.00384	0.00113	0.00662	0.00299	0.00256	0.00539
15	0.00601	0.00450	0.00676	0.00676	0.00751	0.00525	0.00525	0.00751	0.00676	0.00976	0.01126	0.01651	0.01051	0.03153	0.83560	0.00676	0.01126	0.00450	0.00225	0.00375
16	0.00930	0.00597	0.00701	0.00617	0.00784	0.00599	0.00478	0.11070	0.09762	0.10825	0.35126	0.04353	0.07197	0.02623	0.00482	0.00135	0.00270	0.00609	0.12349	0.00493
17	0.00693	0.00493	0.00603	0.00617	0.00716	0.00483	0.00449	0.06619	0.06461	0.04292	0.14977	0.46533	0.10945	0.01076	0.00507	0.00156	0.00264	0.03289	0.00411	0.00415
18	0.10746	0.10114	0.16588	0.01034	0.02918	0.11306	0.06762	0.22689	0.04137	0.03522	0.00836	0.00935	0.00635	0.00501	0.02126	0.00137	0.03810	0.00334	0.00278	0.00592
19	0.02925	0.06455	0.04849	0.08731	0.26906	0.11444	0.08294	0.13165	0.05433	0.01493	0.00934	0.01991	0.02197	0.00440	0.00407	0.00125	0.00524	0.00382	0.02712	0.00593
20	0.04439	0.03651	0.10721	0.01141	0.09226	0.27810	0.00898	0.23407	0.06270	0.05600	0.00896	0.00982	0.00684	0.01927	0.00425	0.00126	0.00561	0.00338	0.00296	0.00601

[dist]
# distance from previous block
# <min> <max>
1	17

[block]
# block no. 1 follows, 63 sequences, length 14
# corresponding to MSA columns:
# 169-182
name=unknown_B
#
# <colnr> <probs for GDERKNQSTAVLIFYWHMCP>
#	G	D	E	R	K	N	Q	S	T	A	V	L	I	F	Y	W	H	M	C	P
0	0.01007	0.14971	0.29688	0.01580	0.28625	0.01121	0.05054	0.04884	0.05319	0.01367	0.00803	0.00959	0.00632	0.00402	0.00407	0.00125	0.01878	0.00340	0.00214	0.00624
1	0.19072	0.04020	0.20742	0.00943	0.05068	0.08478	0.00862	0.04486	0.07923	0.01531	0.14037	0.01328	0.01185	0.00529	0.00460	0.00134	0.06689	0.01701	0.00281	0.00529
2	0.01125	0.42915	0.10105	0.00892	0.04733	0.18521	0.00798	0.01303	0.00927	0.01108	0.00731	0.00868	0.00624	0.00527	0.04310	0.00129	0.00541	0.00278	0.09047	0.00520
3	0.00563	0.00423	0.00531	0.00567	0.00647	0.00375	0.00391	0.00657	0.00841	0.01139	0.06848	0.59245	0.09880	0.04685	0.00571	0.00163	0.00253	0.01004	0.00372	0.10846
4	0.03970	0.01140	0.01220	0.00944	0.01273	0.01260	0.00777	0.72692	0.05796	0.05088	0.01052	0.01041	0.00745	0.00505	0.00417	0.00127	0.00449	0.00380	0.00420	0.00705
5	0.02269	0.02222	0.02047	0.08096	0.02124	0.04812	0.01417	0.05020	0.23636	0.05934	0.15145	0.03681	0.06573	0.00607	0.00416	0.00128	0.00343	0.00508	0.10846	0.04175
6	0.00527	0.00389	0.00493	0.00548	0.00607	0.00355	0.00380	0.00632	0.00910	0.01211	0.19363	0.54708	0.15973	0.01180	0.00522	0.00158	0.00229	0.01054	0.00405	0.00355
7	0.00839	0.01816	0.64792	0.01043	0.01576	0.00864	0.01295	0.01261	0.00885	0.01364	0.00828	0.00968	0.00607	0.00401	0.00378	0.00122	0.00539	0.00314	0.10680	0.09429
8	0.00676	0.00523	0.00838	0.00757	0.00842	0.00575	0.08646	0.00773	0.00678	0.00956	0.01039	0.01662	0.01004	0.13999	0.47491	0.13709	0.04799	0.00461	0.00220	0.00353
9	0.00582	0.00431	0.00505	0.00538	0.00643	0.00386	0.00407	0.00693	0.00914	0.03662	0.03204	0.22757	0.42641	0.05500	0.00604	0.00171	0.00267	0.15344	0.00387	0.00364
10	0.68865	0.00824	0.00805	0.10807	0.09353	0.00948	0.00625	0.01222	0.00755	0.01737	0.00626	0.00772	0.00489	0.00392	0.00295	0.00131	0.00371	0.00260	0.00246	0.00478
11	0.00728	0.00505	0.00582	0.00547	0.00596	0.00530	0.00354	0.10308	0.00783	0.01055	0.01262	0.02405	0.01371	0.64816	0.12086	0.00407	0.00504	0.00563	0.00271	0.00325
12	0.04615	0.01069	0.00994	0.00841	0.01087	0.15216	0.00663	0.31570	0.10447	0.09058	0.01468	0.09818	0.07441	0.00623	0.00422	0.00130	0.00435	0.00492	0.03029	0.00584
13	0.01082	0.00876	0.00861	0.00776	0.00974	0.10719	0.00596	0.05549	0.35457	0.09663	0.13766	0.10118	0.01688	0.00661	0.00435	0.00135	0.00356	0.00552	0.05172	0.00563

[dist]
# distance from previous block
# <min> <max>
0	3

[block]
# block no. 2 follows, 63 sequences, length 14
# corresponding to MSA columns:
# 188-194,201-207
name=unknown_C
#
# <colnr> <probs for GDERKNQSTAVLIFYWHMCP>
#	G	D	E	R	K	N	Q	S	T	A	V	L	I	F	Y	W	H	M	C	P
0	0.71959	0.00889	0.00654	0.00591	0.00836	0.08627	0.00476	0.01219	0.00782	0.01736	0.00932	0.01001	0.08055	0.00457	0.00293	0.00129	0.00355	0.00293	0.00268	0.00449
1	0.00591	0.00425	0.00604	0.00623	0.00675	0.00468	0.00455	0.00692	0.00685	0.00961	0.01360	0.17311	0.01428	0.14435	0.53163	0.04084	0.00828	0.00609	0.00258	0.00344
2	0.00822	0.00711	0.01153	0.58736	0.12078	0.00841	0.01020	0.01083	0.00862	0.01202	0.00869	0.01194	0.00669	0.00428	0.00396	0.00130	0.00485	0.00377	0.16466	0.00477
3	0.00513	0.00412	0.00460	0.00489	0.00595	0.00359	0.00357	0.00618	0.00927	0.01149	0.07265	0.26131	0.53674	0.01128	0.00511	0.00152	0.00228	0.04284	0.00394	0.00355
4	0.00553	0.00432	0.00462	0.00478	0.00603	0.00383	0.00363	0.00695	0.02656	0.01194	0.03573	0.11315	0.58568	0.01032	0.00488	0.00145	0.00232	0.07903	0.08558	0.00367
5	0.00817	0.01877	0.67737	0.08816	0.01792	0.00919	0.01396	0.01240	0.00857	0.01259	0.00807	0.01084	0.00628	0.08349	0.00564	0.00159	0.00596	0.00345	0.00186	0.00573
6	0.00807	0.00760	0.01284	0.80014	0.06998	0.00937	0.01174	0.01085	0.00847	0.01089	0.00749	0.01117	0.00566	0.00418	0.00420	0.00139	0.00557	0.00374	0.00188	0.00477
7	0.00517	0.00374	0.00490	0.00580	0.00616	0.00347	0.00395	0.00596	0.00821	0.01084	0.02451	0.76537	0.08400	0.01294	0.00535	0.00169	0.00247	0.03813	0.00390	0.00344
8	0.01069	0.00915	0.00964	0.00860	0.01102	0.01056	0.00671	0.05547	0.78494	0.01796	0.01682	0.01545	0.01259	0.00568	0.00427	0.00142	0.00338	0.00471	0.00427	0.00667
9	0.00908	0.00855	0.01450	0.43138	0.40478	0.00948	0.01201	0.01160	0.00887	0.01205	0.00767	0.01088	0.00615	0.00430	0.00455	0.02767	0.00526	0.00374	0.00197	0.00552
10	0.00957	0.35924	0.50295	0.01004	0.01519	0.01255	0.01215	0.01302	0.00874	0.01193	0.00686	0.00801	0.00535	0.00383	0.00347	0.00116	0.00552	0.00276	0.00178	0.00588
11	0.00726	0.00416	0.00594	0.01804	0.00663	0.00422	0.00436	0.00708	0.03133	0.02331	0.08002	0.06142	0.01342	0.01382	0.05488	0.54690	0.00385	0.09377	0.01686	0.00273
12	0.01094	0.00901	0.00995	0.00770	0.01099	0.03604	0.01945	0.16110	0.17391	0.04287	0.02331	0.01092	0.00837	0.00419	0.00367	0.00096	0.00365	0.00337	0.00327	0.45633
13	0.00797	0.00747	0.01244	0.80524	0.02811	0.00917	0.01138	0.01073	0.00842	0.01087	0.00747	0.01110	0.00563	0.00415	0.00415	0.00137	0.00549	0.00368	0.00190	0.04324

[dist]
# distance from previous block
# <min> <max>
0	2

[block]
# block no. 3 follows, 63 sequences, length 48
# corresponding to MSA columns:
# 210-257
name=unknown_D
#
# <colnr> <probs for GDERKNQSTAVLIFYWHMCP>
#	G	D	E	R	K	N	Q	S	T	A	V	L	I	F	Y	W	H	M	C	P
0	0.00611	0.00409	0.00466	0.00466	0.00469	0.00412	0.00265	0.00616	0.00614	0.00821	0.01317	0.02711	0.01511	0.82227	0.05115	0.00417	0.00434	0.00605	0.00254	0.00259
1	0.01052	0.01026	0.01710	0.02526	0.78881	0.03016	0.03003	0.01301	0.00964	0.01364	0.00789	0.01036	0.00662	0.00376	0.00417	0.00125	0.00510	0.00375	0.00208	0.00659
2	0.01128	0.75456	0.07715	0.00771	0.01141	0.05824	0.00781	0.01285	0.00874	0.01015	0.00599	0.00693	0.00539	0.00366	0.00284	0.00094	0.00477	0.00233	0.00182	0.00542
3	0.00850	0.04107	0.81173	0.01187	0.01802	0.00992	0.01534	0.01330	0.00887	0.01323	0.00750	0.00883	0.00533	0.00398	0.00396	0.00132	0.00617	0.00309	0.00178	0.00619
4	0.00512	0.00366	0.00488	0.00585	0.00610	0.00341	0.00390	0.00585	0.00805	0.01073	0.02317	0.84952	0.02780	0.01317	0.00537	0.00171	0.00244	0.01195	0.00390	0.00341
5	0.01040	0.60675	0.26274	0.00862	0.01299	0.01459	0.00968	0.01280	0.00864	0.01091	0.00635	0.00738	0.00537	0.00371	0.00308	0.00103	0.00501	0.00250	0.00179	0.00564
6	0.00923	0.00774	0.00851	0.00801	0.01000	0.00869	0.00637	0.01814	0.58067	0.01620	0.04915	0.02401	0.06542	0.00727	0.00465	0.00152	0.00331	0.16110	0.00419	0.00582
7	0.00589	0.00444	0.00558	0.00603	0.00708	0.00414	0.00488	0.00742	0.00981	0.01262	0.14865	0.12641	0.28968	0.01101	0.00536	0.00165	0.00287	0.33876	0.00400	0.00373
8	0.01040	0.00999	0.01706	0.02580	0.82604	0.00999	0.01290	0.01290	0.00957	0.01373	0.00791	0.01040	0.00666	0.00375	0.00416	0.00125	0.00499	0.00375	0.00208	0.00666
9	0.00611	0.00410	0.00469	0.00469	0.00473	0.00413	0.00268	0.00618	0.00614	0.00823	0.01315	0.02698	0.01505	0.81260	0.06075	0.00421	0.00442	0.00604	0.00253	0.00261
10	0.00504	0.00425	0.00438	0.00447	0.00581	0.00359	0.00336	0.00613	0.00951	0.01137	0.04086	0.08071	0.75479	0.01081	0.00502	0.00145	0.00221	0.03877	0.00390	0.00355
11	0.00784	0.00392	0.00392	0.00392	0.00490	0.00392	0.00294	0.00980	0.00882	0.01567	0.01371	0.01567	0.01077	0.00490	0.00294	0.00098	0.00196	0.00392	0.87560	0.00392
12	0.01037	0.00894	0.00944	0.00854	0.01088	0.01033	0.00666	0.02203	0.80012	0.01747	0.01723	0.01640	0.01309	0.00584	0.00431	0.00144	0.00334	0.02272	0.00427	0.00659
13	0.01097	0.77374	0.10069	0.00766	0.01151	0.01597	0.00800	0.01266	0.00857	0.01022	0.00601	0.00695	0.00539	0.00364	0.00282	0.00094	0.00466	0.00233	0.00180	0.00547
14	0.00597	0.00403	0.00468	0.00483	0.00488	0.00401	0.00281	0.00611	0.00641	0.00857	0.01463	0.14589	0.01696	0.70932	0.04071	0.00380	0.00403	0.00691	0.00273	0.00270
15	0.00730	0.00365	0.00548	0.00548	0.00548	0.00365	0.00365	0.00548	0.00548	0.00730	0.00730	0.01278	0.00730	0.01460	0.01643	0.87769	0.00365	0.00365	0.00183	0.00183
16	0.01338	0.01026	0.01091	0.00885	0.01176	0.02362	0.00715	0.45243	0.25702	0.04172	0.01338	0.02387	0.02942	0.00549	0.00421	0.00130	0.00405	0.01737	0.01501	0.04882
17	0.02567	0.00894	0.00996	0.00800	0.01069	0.00948	0.00647	0.43921	0.04758	0.16993	0.01359	0.08014	0.02374	0.00582	0.00413	0.00128	0.00379	0.00465	0.12064	0.00630
18	0.00517	0.00410	0.00465	0.00487	0.00589	0.00358	0.00352	0.00629	0.00952	0.01207	0.16280	0.26571	0.47494	0.01102	0.00508	0.00148	0.00219	0.00953	0.00402	0.00358
19	0.00617	0.00472	0.00667	0.00666	0.00737	0.01855	0.00509	0.00755	0.00679	0.00964	0.01134	0.01721	0.01079	0.09401	0.75977	0.00646	0.01065	0.00460	0.00227	0.00368
20	0.00963	0.00929	0.01541	0.06503	0.50951	0.01012	0.04934	0.01176	0.00880	0.01262	0.00858	0.05189	0.00789	0.00521	0.00633	0.00143	0.18133	0.02783	0.00216	0.00583
21	0.01040	0.00999	0.01706	0.02580	0.82604	0.00999	0.01290	0.01290	0.00957	0.01373	0.00791	0.01040	0.00666	0.00375	0.00416	0.00125	0.00499	0.00375	0.00208	0.00666
22	0.00982	0.01102	0.02347	0.01677	0.02098	0.01022	0.74413	0.01323	0.00982	0.01348	0.00842	0.01112	0.00637	0.00351	0.00481	0.00135	0.00676	0.00476	0.00216	0.07781
23	0.00517	0.00427	0.00453	0.00447	0.00580	0.00363	0.00335	0.00642	0.01005	0.01247	0.20039	0.03863	0.66583	0.01023	0.00497	0.00140	0.00210	0.00862	0.00405	0.00363
24	0.01124	0.85479	0.02203	0.00719	0.01079	0.01663	0.00719	0.01259	0.00854	0.00989	0.00584	0.00674	0.00539	0.00360	0.00270	0.00090	0.00450	0.00225	0.00180	0.00539
25	0.01570	0.02004	0.01191	0.01083	0.01300	0.83539	0.00812	0.01679	0.01191	0.01029	0.00650	0.00758	0.00541	0.00433	0.00379	0.00108	0.00758	0.00271	0.00217	0.00487
26	0.00512	0.00366	0.00488	0.00585	0.00610	0.00341	0.00390	0.00585	0.00805	0.01073	0.02317	0.84952	0.02780	0.01317	0.00537	0.00171	0.00244	0.01195	0.00390	0.00341
27	0.00806	0.00759	0.01282	0.80338	0.06681	0.00937	0.01173	0.01084	0.00846	0.01088	0.00749	0.01117	0.00565	0.00418	0.00420	0.00139	0.00557	0.00374	0.00188	0.00476
28	0.01046	0.00903	0.00951	0.00855	0.01093	0.01046	0.00665	0.02234	0.81845	0.01759	0.01711	0.01568	0.01283	0.00570	0.00428	0.00143	0.00333	0.00475	0.00428	0.00665
29	0.01570	0.02004	0.01191	0.01083	0.01300	0.83539	0.00812	0.01679	0.01191	0.01029	0.00650	0.00758	0.00541	0.00433	0.00379	0.00108	0.00758	0.00271	0.00217	0.00487
30	0.00988	0.01037	0.01245	0.01080	0.01112	0.11865	0.00887	0.01085	0.00716	0.01012	0.00593	0.00935	0.00575	0.00815	0.05275	0.00198	0.69574	0.00359	0.00190	0.00459
31	0.01018	0.01052	0.01940	0.01589	0.09934	0.02622	0.42834	0.01266	0.00889	0.04312	0.00776	0.01060	0.00627	0.00486	0.00766	0.00152	0.27480	0.00436	0.00215	0.00547
32	0.88196	0.00813	0.00618	0.00553	0.00813	0.00943	0.00455	0.01236	0.00715	0.01886	0.00585	0.00683	0.00455	0.00390	0.00260	0.00130	0.00325	0.00228	0.00260	0.00455
33	0.00638	0.00479	0.00600	0.00578	0.00691	0.00464	0.00444	0.00923	0.08928	0.01605	0.60494	0.04649	0.08704	0.00882	0.00498	0.00140	0.00231	0.08187	0.00446	0.00418
34	0.00601	0.00448	0.00665	0.00665	0.00737	0.00520	0.00512	0.00744	0.00672	0.00968	0.01136	0.01705	0.01074	0.07119	0.79625	0.00663	0.01091	0.00458	0.00227	0.00370
35	0.00593	0.00429	0.00562	0.00542	0.00638	0.00398	0.00409	0.00784	0.01157	0.01626	0.73351	0.07238	0.05051	0.00900	0.00502	0.00137	0.00210	0.04625	0.00454	0.00393
36	0.00521	0.00373	0.00496	0.00579	0.00612	0.00348	0.00391	0.00608	0.00848	0.01141	0.11230	0.75844	0.02912	0.01266	0.00532	0.00166	0.00239	0.01147	0.00398	0.00348
37	0.00962	0.01070	0.02210	0.01618	0.01958	0.01073	0.64928	0.01263	0.00928	0.01281	0.00857	0.04260	0.00705	0.00453	0.00642	0.00150	0.14384	0.00501	0.00215	0.00541
38	0.01118	0.83745	0.03886	0.00729	0.01094	0.01649	0.00737	0.01260	0.00855	0.00996	0.00588	0.00679	0.00539	0.00360	0.00272	0.00091	0.00453	0.00227	0.00180	0.00541
39	0.01477	0.01830	0.01223	0.02637	0.08958	0.70976	0.00852	0.01604	0.01147	0.01075	0.00681	0.00813	0.00567	0.00434	0.00397	0.00111	0.02082	0.00287	0.02348	0.00501
40	0.04428	0.01126	0.12355	0.00887	0.01236	0.06836	0.00803	0.19298	0.04731	0.40551	0.01266	0.01187	0.00845	0.00496	0.00428	0.00130	0.01935	0.00381	0.00411	0.00671
41	0.00611	0.00408	0.00458	0.00458	0.00458	0.00408	0.00255	0.00611	0.00611	0.00815	0.01325	0.02751	0.01528	0.85226	0.02140	0.00408	0.00408	0.00611	0.00255	0.00255
42	0.00794	0.00747	0.01261	0.84216	0.02895	0.00934	0.01167	0.01074	0.00841	0.01074	0.00747	0.01121	0.00560	0.00420	0.00420	0.00140	0.00560	0.00374	0.00187	0.00467
43	0.00579	0.00396	0.00474	0.00505	0.00515	0.00390	0.00306	0.00607	0.00675	0.00902	0.01634	0.28852	0.01912	0.56105	0.04055	0.00340	0.00377	0.00792	0.00297	0.00286
44	0.00529	0.00379	0.00500	0.00590	0.00624	0.00356	0.00406	0.00611	0.00817	0.01081	0.02346	0.72264	0.05709	0.04361	0.00597	0.00180	0.00261	0.07661	0.00385	0.00343
45	0.02415	0.12626	0.01199	0.02528	0.04903	0.09628	0.00723	0.15377	0.27398	0.07904	0.05407	0.01451	0.02803	0.00543	0.00407	0.00128	0.00422	0.03173	0.00360	0.00605
46	0.01061	0.01098	0.01513	0.21423	0.40584	0.13936	0.04259	0.02333	0.00957	0.01237	0.00745	0.01009	0.00612	0.00423	0.00489	0.00131	0.07050	0.00362	0.00206	0.00572
47	0.00537	0.00414	0.00482	0.00512	0.00603	0.00372	0.00372	0.00644	0.00917	0.01167	0.12343	0.24821	0.39127	0.08107	0.00651	0.00175	0.00251	0.07767	0.00387	0.00351

[dist]
# distance from previous block
# <min> <max>
0	4

[block]
# block no. 4 follows, 63 sequences, length 38
# corresponding to MSA columns:
# 262-299
name=unknown_E
#
# <colnr> <probs for GDERKNQSTAVLIFYWHMCP>
#	G	D	E	R	K	N	Q	S	T	A	V	L	I	F	Y	W	H	M	C	P
0	0.01556	0.01203	0.01252	0.01022	0.04284	0.06934	0.00806	0.67476	0.04205	0.04365	0.01009	0.01018	0.00724	0.00495	0.00416	0.00125	0.00476	0.00373	0.00399	0.01864
1	0.08729	0.04871	0.01138	0.00923	0.01192	0.38530	0.00726	0.18199	0.06802	0.07207	0.00875	0.00920	0.00668	0.00450	0.00374	0.00114	0.00556	0.00312	0.01401	0.06013
2	0.55599	0.01006	0.00871	0.00761	0.02811	0.07848	0.01621	0.19706	0.03349	0.01969	0.00728	0.00803	0.00553	0.00424	0.00318	0.00128	0.00402	0.00280	0.00296	0.00530
3	0.01084	0.03199	0.03077	0.07626	0.31228	0.04084	0.05332	0.09399	0.10060	0.02817	0.00875	0.01067	0.00705	0.00483	0.00594	0.00138	0.16034	0.00382	0.00253	0.01563
4	0.00996	0.01122	0.02415	0.01841	0.09041	0.01058	0.74286	0.01342	0.00989	0.01349	0.00845	0.01126	0.00640	0.00356	0.00489	0.00140	0.00691	0.00486	0.00212	0.00575
5	0.00665	0.00535	0.00862	0.00787	0.00902	0.00598	0.08132	0.03027	0.00741	0.01057	0.01097	0.01585	0.01003	0.02816	0.73430	0.00610	0.01068	0.00453	0.00229	0.00403
6	0.00512	0.00366	0.00488	0.00585	0.00610	0.00341	0.00390	0.00585	0.00805	0.01073	0.02317	0.84952	0.02780	0.01317	0.00537	0.00171	0.00244	0.01195	0.00390	0.00341
7	0.00902	0.10674	0.49185	0.07584	0.08860	0.01039	0.10213	0.01290	0.00898	0.01287	0.00764	0.00939	0.00573	0.00391	0.00396	0.00128	0.00583	0.00334	0.02274	0.01686
8	0.00849	0.01025	0.22574	0.00858	0.01101	0.00770	0.00837	0.06527	0.00916	0.06404	0.09553	0.04187	0.03469	0.05428	0.21748	0.00292	0.11237	0.01456	0.00277	0.00491
9	0.01783	0.00798	0.01013	0.00781	0.01100	0.00751	0.00644	0.17293	0.02704	0.63573	0.01525	0.01356	0.00983	0.00517	0.00418	0.00129	0.00373	0.00414	0.03141	0.00705
10	0.05463	0.00751	0.00858	0.00619	0.00987	0.00580	0.00496	0.01068	0.00863	0.01397	0.00739	0.00862	0.00614	0.00315	0.00309	0.00066	0.00312	0.00248	0.00250	0.83204
11	0.00894	0.00809	0.01356	0.49465	0.28919	0.00913	0.01153	0.01153	0.00894	0.03495	0.00887	0.03127	0.00740	0.00461	0.00429	0.00138	0.00520	0.03897	0.00217	0.00533
12	0.00671	0.13713	0.00844	0.00632	0.00723	0.00656	0.00483	0.00770	0.00724	0.00974	0.01364	0.22805	0.01483	0.17210	0.32266	0.00393	0.03022	0.00631	0.00264	0.00373
13	0.00610	0.00426	0.00529	0.00528	0.00629	0.00383	0.00386	0.00752	0.01037	0.05173	0.39164	0.23767	0.23038	0.01009	0.00503	0.00144	0.00221	0.00885	0.00429	0.00387
14	0.16140	0.00729	0.00863	0.00700	0.00974	0.00709	0.00566	0.05006	0.08446	0.47695	0.07568	0.01541	0.03377	0.03244	0.00458	0.00140	0.00340	0.00437	0.00448	0.00619
15	0.00592	0.00414	0.00474	0.00474	0.00503	0.00411	0.00291	0.00623	0.00672	0.00880	0.01764	0.02849	0.14118	0.64283	0.09620	0.00392	0.00445	0.00639	0.00273	0.00282
16	0.01068	0.00930	0.01082	0.01130	0.13832	0.01049	0.00769	0.05449	0.65812	0.01736	0.01537	0.01462	0.01163	0.00537	0.00426	0.00139	0.00364	0.00455	0.00393	0.00668
17	0.00821	0.00458	0.00494	0.00490	0.00603	0.00467	0.00387	0.06286	0.00968	0.01591	0.01481	0.02026	0.01263	0.00596	0.00347	0.00115	0.00243	0.12788	0.68164	0.00413
18	0.74598	0.14035	0.00865	0.00579	0.00855	0.01056	0.00496	0.01239	0.00737	0.01746	0.00585	0.00682	0.00468	0.00385	0.00262	0.00124	0.00345	0.00227	0.00248	0.00468
19	0.00687	0.00500	0.00611	0.00634	0.00717	0.00496	0.00451	0.13190	0.01022	0.01364	0.07700	0.62391	0.06316	0.01147	0.00514	0.00160	0.00273	0.01023	0.00400	0.00404
20	0.00617	0.13687	0.00750	0.00548	0.00673	0.00562	0.00421	0.00732	0.00926	0.01185	0.16535	0.33107	0.26735	0.01012	0.00476	0.00143	0.00259	0.00875	0.00370	0.00386
21	0.14443	0.00757	0.01160	0.71150	0.02570	0.00935	0.01056	0.01099	0.00821	0.01201	0.00722	0.01052	0.00544	0.00416	0.00395	0.00139	0.00524	0.00351	0.00198	0.00465
22	0.74672	0.00870	0.00718	0.00618	0.00890	0.00999	0.00509	0.13724	0.00912	0.02005	0.00652	0.00734	0.00496	0.00408	0.00285	0.00129	0.00347	0.00251	0.00285	0.00496
23	0.10088	0.00917	0.01124	0.01076	0.13832	0.00945	0.00755	0.28852	0.03647	0.28667	0.01183	0.01162	0.00822	0.00479	0.00399	0.00127	0.00404	0.00381	0.04473	0.00665
24	0.00677	0.00622	0.00598	0.00663	0.00717	0.13334	0.00456	0.00756	0.00865	0.01066	0.02057	0.71804	0.02431	0.01179	0.00512	0.00161	0.00324	0.01051	0.00363	0.00364
25	0.05363	0.00783	0.03479	0.00763	0.01044	0.00715	0.00631	0.13786	0.03796	0.48424	0.01595	0.15172	0.01246	0.00642	0.00434	0.00137	0.00361	0.00534	0.00458	0.00637
26	0.01570	0.02004	0.01191	0.01083	0.01300	0.83539	0.00812	0.01679	0.01191	0.01029	0.00650	0.00758	0.00541	0.00433	0.00379	0.00108	0.00758	0.00271	0.00217	0.00487
27	0.00579	0.00454	0.00612	0.00662	0.00682	0.00491	0.00469	0.00653	0.00774	0.01055	0.02010	0.69267	0.02393	0.03841	0.00718	0.00180	0.13400	0.01048	0.00354	0.00357
28	0.64095	0.01028	0.00733	0.00657	0.00902	0.16848	0.00524	0.03501	0.00851	0.01723	0.00655	0.00757	0.00515	0.00407	0.00289	0.00124	0.00405	0.00250	0.05271	0.00465
29	0.00530	0.00430	0.00443	0.00440	0.00581	0.00361	0.00330	0.00638	0.00965	0.02907	0.06015	0.06250	0.76559	0.01055	0.00496	0.00142	0.00217	0.00883	0.00395	0.00363
30	0.01198	0.02377	0.01100	0.13939	0.02260	0.34648	0.03464	0.05077	0.05069	0.06710	0.07220	0.02645	0.10222	0.00562	0.00434	0.00126	0.01720	0.00440	0.00291	0.00500
31	0.01413	0.00944	0.01020	0.00805	0.01080	0.01022	0.00658	0.55032	0.01642	0.08283	0.01149	0.01182	0.00831	0.00502	0.00389	0.00119	0.00387	0.00385	0.22524	0.00633
32	0.00723	0.00595	0.00652	0.00626	0.00781	0.00614	0.00475	0.02764	0.28344	0.01441	0.13153	0.14626	0.29858	0.00898	0.00480	0.00146	0.00265	0.02674	0.00413	0.00471
33	0.00797	0.00474	0.00627	0.00563	0.00698	0.00431	0.00431	0.00989	0.01192	0.14368	0.69776	0.02873	0.03510	0.00806	0.00484	0.00132	0.00223	0.00708	0.00472	0.00446
34	0.01241	0.00971	0.01057	0.01019	0.08646	0.06556	0.00733	0.06232	0.52135	0.14392	0.01509	0.01414	0.01108	0.00532	0.00422	0.00136	0.00388	0.00439	0.00407	0.00664
35	0.01592	0.00689	0.00923	0.00742	0.01017	0.00639	0.00604	0.04141	0.05383	0.60949	0.04075	0.01513	0.01137	0.00944	0.13409	0.00216	0.00474	0.00439	0.00465	0.00650
36	0.00966	0.03524	0.68815	0.01153	0.01726	0.01040	0.01420	0.13803	0.01057	0.01531	0.00791	0.00903	0.00561	0.00415	0.00400	0.00131	0.00593	0.00320	0.00216	0.00634
37	0.00570	0.00451	0.00516	0.00495	0.00622	0.00408	0.00373	0.00772	0.05025	0.01425	0.40892	0.03498	0.41543	0.00944	0.00493	0.00137	0.00212	0.00807	0.00426	0.00390

[dist]
# distance from previous block
# <min> <max>
0	5

[block]
# block no. 5 follows, 63 sequences, length 9
# corresponding to MSA columns:
# 305-313
name=unknown_F
#
# <colnr> <probs for GDERKNQSTAVLIFYWHMCP>
#	G	D	E	R	K	N	Q	S	T	A	V	L	I	F	Y	W	H	M	C	P
0	0.01072	0.03161	0.22238	0.01318	0.05253	0.06791	0.26889	0.11229	0.08186	0.03298	0.02318	0.02524	0.02825	0.00455	0.00439	0.00134	0.00576	0.00430	0.00266	0.00597
1	0.01084	0.00849	0.00923	0.02908	0.01062	0.08097	0.03207	0.10632	0.24716	0.10932	0.03134	0.21971	0.02983	0.00723	0.00447	0.00140	0.00376	0.00620	0.02118	0.03078
2	0.00579	0.00421	0.00560	0.00647	0.00713	0.00402	0.00502	0.00705	0.00887	0.01156	0.02473	0.43767	0.10589	0.01228	0.00551	0.00177	0.00300	0.33593	0.00389	0.00362
3	0.20801	0.00762	0.00814	0.00607	0.00954	0.00648	0.00488	0.01099	0.00836	0.01488	0.00710	0.00829	0.00584	0.00329	0.00300	0.00078	0.00314	0.00244	0.00252	0.67863
4	0.03570	0.00905	0.01000	0.00821	0.01091	0.00976	0.00660	0.32178	0.24298	0.15523	0.07105	0.03142	0.03161	0.00577	0.00425	0.00132	0.00368	0.00465	0.02958	0.00647
5	0.00708	0.00389	0.00426	0.00446	0.00527	0.00381	0.00323	0.00877	0.00886	0.01463	0.07247	0.20707	0.01668	0.00704	0.00363	0.00117	0.00207	0.00601	0.61581	0.00381
6	0.01060	0.00944	0.01456	0.02030	0.57503	0.00970	0.01084	0.01515	0.19428	0.05062	0.01161	0.01284	0.03702	0.00450	0.00422	0.00130	0.00445	0.00418	0.00278	0.00657
7	0.00589	0.00398	0.00465	0.00487	0.00493	0.00392	0.00286	0.00605	0.00655	0.00874	0.01551	0.21511	0.01814	0.66077	0.01774	0.00354	0.00370	0.00745	0.00286	0.00275
8	0.00934	0.00953	0.01275	0.20070	0.01526	0.06697	0.00969	0.01070	0.00725	0.01027	0.00603	0.00955	0.00553	0.00644	0.01094	0.00169	0.59723	0.00363	0.00187	0.00463

[dist]
# distance from previous block
# <min> <max>
0	10

# created by:
# /st0/software/busco_prod/Augustus/scripts/msa2prfl.pl ./align_prep/123043.fa
