[name]
unknown

[dist]
# distance from previous block
# <min> <max>
27	67

[block]
# block no. 0 follows, 61 sequences, length 7
# corresponding to MSA columns:
# 97-103
name=unknown_A
#
# <colnr> <probs for GDERKNQSTAVLIFYWHMCP>
#	G	D	E	R	K	N	Q	S	T	A	V	L	I	F	Y	W	H	M	C	P
0	0.03733	0.03248	0.27658	0.06640	0.03328	0.05794	0.05630	0.01449	0.13973	0.06878	0.05505	0.07557	0.01105	0.02449	0.00468	0.00143	0.00496	0.00462	0.00292	0.03192
1	0.04226	0.06831	0.09723	0.00896	0.04433	0.00795	0.07917	0.02744	0.08573	0.07357	0.15813	0.05613	0.07469	0.05712	0.00568	0.00150	0.02696	0.00541	0.03026	0.04918
2	0.02999	0.08837	0.08327	0.00749	0.01019	0.03574	0.03145	0.04380	0.04115	0.05748	0.09327	0.05819	0.08946	0.09142	0.00614	0.00148	0.02718	0.00494	0.00311	0.19588
3	0.03835	0.12485	0.12452	0.02926	0.02477	0.02665	0.02301	0.03248	0.04677	0.04701	0.13709	0.05494	0.16189	0.05738	0.02838	0.00163	0.00410	0.00558	0.00321	0.02814
4	0.03064	0.14648	0.13473	0.00828	0.01099	0.05295	0.04971	0.01201	0.08011	0.03511	0.09954	0.04310	0.05738	0.06778	0.12388	0.00227	0.00546	0.00479	0.00286	0.03192
5	0.00967	0.17339	0.15633	0.04969	0.04101	0.04813	0.00835	0.04977	0.07852	0.04402	0.05644	0.09823	0.09640	0.00681	0.02028	0.00142	0.02965	0.00507	0.00295	0.02385
6	0.05722	0.23197	0.28013	0.01025	0.04438	0.04785	0.03076	0.05130	0.08725	0.03912	0.03302	0.01065	0.00787	0.02953	0.00449	0.00133	0.02104	0.00344	0.00249	0.00591

[dist]
# distance from previous block
# <min> <max>
1	6

[block]
# block no. 1 follows, 61 sequences, length 30
# corresponding to MSA columns:
# 110-139
name=unknown_B
#
# <colnr> <probs for GDERKNQSTAVLIFYWHMCP>
#	G	D	E	R	K	N	Q	S	T	A	V	L	I	F	Y	W	H	M	C	P
0	0.03091	0.04973	0.42992	0.04142	0.04318	0.04470	0.05759	0.07089	0.03516	0.06525	0.04089	0.01195	0.03551	0.00516	0.01814	0.00143	0.00567	0.00384	0.00256	0.00608
1	0.02574	0.06568	0.25901	0.07833	0.04837	0.04201	0.04427	0.05703	0.01072	0.18667	0.06462	0.03148	0.05678	0.00529	0.00426	0.00133	0.00493	0.00437	0.00313	0.00599
2	0.02343	0.04850	0.44413	0.07912	0.06809	0.04588	0.05988	0.07506	0.03043	0.01426	0.00878	0.02707	0.00687	0.00545	0.03233	0.00154	0.00610	0.01480	0.00225	0.00603
3	0.02650	0.00482	0.00582	0.07031	0.02147	0.00455	0.00455	0.00735	0.02399	0.01213	0.08106	0.26182	0.40030	0.01085	0.02142	0.00161	0.00285	0.00891	0.00376	0.02592
4	0.00976	0.04034	0.45377	0.03041	0.06728	0.02766	0.07923	0.01361	0.02097	0.08517	0.06206	0.04425	0.00999	0.00509	0.00435	0.00138	0.00555	0.03054	0.00257	0.00601
5	0.00994	0.02267	0.04119	0.22212	0.18104	0.01768	0.09129	0.04281	0.04106	0.07424	0.08194	0.04076	0.02885	0.00538	0.00464	0.00138	0.01837	0.03150	0.00288	0.04028
6	0.01023	0.03028	0.01464	0.05429	0.51351	0.06275	0.02337	0.03076	0.01014	0.02391	0.01289	0.03486	0.08124	0.00548	0.00447	0.00136	0.00489	0.07235	0.00258	0.00599
7	0.00818	0.00759	0.01292	0.72009	0.02716	0.00918	0.05749	0.01094	0.00863	0.01130	0.00824	0.01234	0.00641	0.03629	0.00496	0.00152	0.00560	0.00400	0.04244	0.00473
8	0.01498	0.15596	0.01366	0.01032	0.01271	0.67032	0.00802	0.01612	0.01151	0.01049	0.00712	0.03566	0.00631	0.00462	0.00375	0.00110	0.00707	0.00301	0.00222	0.00503
9	0.01010	0.00960	0.01612	0.02408	0.73268	0.00954	0.01217	0.01255	0.00993	0.01410	0.05203	0.01354	0.05539	0.00450	0.00435	0.00129	0.00479	0.00434	0.00237	0.00650
10	0.01637	0.01207	0.01293	0.00991	0.01336	0.01336	0.00819	0.80738	0.02025	0.02715	0.01034	0.01034	0.00733	0.00517	0.00431	0.00129	0.00474	0.00388	0.00431	0.00733
11	0.14407	0.00887	0.01166	0.59468	0.03533	0.08469	0.01030	0.01174	0.00877	0.01232	0.00782	0.02664	0.00626	0.00454	0.00406	0.00140	0.00546	0.01448	0.00213	0.00478
12	0.00525	0.00375	0.00500	0.00600	0.00625	0.00350	0.00400	0.00600	0.00825	0.01100	0.02374	0.84580	0.02849	0.01350	0.00550	0.00175	0.00250	0.01225	0.00400	0.00350
13	0.01166	0.01148	0.04414	0.12766	0.08205	0.19043	0.02619	0.13641	0.09326	0.04744	0.01183	0.13719	0.01059	0.00691	0.02586	0.01794	0.00534	0.00502	0.00309	0.00552
14	0.01061	0.05489	0.07428	0.02472	0.05751	0.06839	0.05668	0.06219	0.06122	0.04869	0.00977	0.02001	0.01944	0.00435	0.00403	0.00105	0.02282	0.02117	0.00277	0.37542
15	0.08703	0.01164	0.05946	0.02314	0.02753	0.07292	0.31009	0.11735	0.01134	0.13255	0.00942	0.01080	0.00687	0.00442	0.00497	0.00136	0.05683	0.00408	0.00293	0.04525
16	0.01003	0.14714	0.01468	0.01066	0.01135	0.04645	0.00905	0.01105	0.00717	0.01034	0.00575	0.00895	0.00563	0.00679	0.01187	0.00170	0.67117	0.00349	0.00189	0.00486
17	0.00817	0.00752	0.01266	0.59214	0.07385	0.00903	0.04469	0.01058	0.00834	0.01097	0.00819	0.01252	0.00670	0.04074	0.07052	0.03637	0.03633	0.00404	0.00199	0.00468
18	0.01513	0.01865	0.01207	0.06716	0.03166	0.71150	0.00847	0.03078	0.01194	0.01116	0.00711	0.00844	0.00583	0.00445	0.00390	0.00113	0.00730	0.00294	0.03534	0.00502
19	0.00604	0.00489	0.00633	0.09626	0.02845	0.00471	0.00532	0.00758	0.00977	0.01243	0.12302	0.14572	0.36712	0.01031	0.00520	0.00157	0.00299	0.15453	0.00381	0.00393
20	0.00595	0.00413	0.00531	0.00584	0.00648	0.00381	0.00406	0.00715	0.02110	0.04075	0.15855	0.58690	0.10976	0.01205	0.00533	0.00163	0.00244	0.01079	0.00418	0.00379
21	0.00902	0.00872	0.01031	0.02894	0.01041	0.10870	0.03388	0.02581	0.00820	0.01093	0.01105	0.10301	0.01158	0.12360	0.07122	0.00241	0.32718	0.07451	0.01622	0.00429
22	0.41996	0.16295	0.05498	0.00856	0.04302	0.19403	0.00707	0.01371	0.00884	0.01490	0.00631	0.00750	0.00518	0.00416	0.00350	0.00123	0.03415	0.00258	0.00233	0.00507
23	0.00896	0.00964	0.07445	0.24735	0.23722	0.01965	0.13787	0.01196	0.02850	0.01312	0.04455	0.05160	0.05329	0.00508	0.00448	0.00138	0.00520	0.00483	0.03538	0.00549
24	0.00905	0.00791	0.01033	0.21808	0.13495	0.06933	0.00797	0.01116	0.00980	0.03965	0.13079	0.08270	0.01394	0.00570	0.00423	0.00124	0.00419	0.02123	0.05946	0.15827
25	0.00874	0.00744	0.00872	0.00633	0.00997	0.00563	0.00504	0.01063	0.00904	0.01409	0.03891	0.02924	0.00820	0.00364	0.00332	0.00069	0.00313	0.00298	0.00267	0.82159
26	0.00697	0.03746	0.00801	0.00724	0.00820	0.02284	0.01775	0.02590	0.00748	0.01042	0.01144	0.01752	0.01086	0.06416	0.65339	0.02825	0.02361	0.03216	0.00238	0.00395
27	0.02580	0.20439	0.16240	0.01098	0.07553	0.13588	0.03953	0.11278	0.03729	0.01422	0.01968	0.03086	0.00734	0.00495	0.01665	0.00127	0.02397	0.00346	0.00249	0.07052
28	0.02048	0.08514	0.45711	0.01217	0.06112	0.03384	0.07167	0.02924	0.07312	0.06526	0.00943	0.01103	0.00709	0.00505	0.02275	0.00146	0.00586	0.01952	0.00241	0.00623
29	0.01209	0.04209	0.06479	0.00855	0.03991	0.05165	0.00705	0.15172	0.03189	0.13003	0.03121	0.01141	0.02613	0.00439	0.00378	0.00101	0.00405	0.00346	0.00327	0.37151

[dist]
# distance from previous block
# <min> <max>
3	6

[block]
# block no. 2 follows, 61 sequences, length 16
# corresponding to MSA columns:
# 146-161
name=unknown_C
#
# <colnr> <probs for GDERKNQSTAVLIFYWHMCP>
#	G	D	E	R	K	N	Q	S	T	A	V	L	I	F	Y	W	H	M	C	P
0	0.00932	0.05351	0.01327	0.01083	0.01104	0.01290	0.00904	0.01028	0.00679	0.01039	0.00659	0.05194	0.00681	0.00764	0.01310	0.00183	0.75391	0.00412	0.00199	0.00469
1	0.06426	0.10123	0.09369	0.02224	0.12982	0.19186	0.04646	0.05769	0.03681	0.02380	0.01034	0.13822	0.00975	0.00619	0.01651	0.00141	0.03696	0.00469	0.00264	0.00543
2	0.01105	0.01018	0.05398	0.03736	0.02974	0.01088	0.00774	0.09649	0.65107	0.01833	0.01579	0.01488	0.01180	0.00559	0.00436	0.00144	0.00381	0.00463	0.00411	0.00677
3	0.00610	0.00592	0.07985	0.00608	0.00748	0.00449	0.00509	0.00802	0.01077	0.01488	0.47676	0.16695	0.12804	0.02809	0.00546	0.00152	0.00263	0.03359	0.00419	0.00409
4	0.00974	0.00910	0.01493	0.18841	0.50580	0.02973	0.02757	0.01189	0.00909	0.01253	0.00811	0.01133	0.00683	0.00647	0.04905	0.08217	0.00557	0.00387	0.00208	0.00573
5	0.00623	0.00455	0.00677	0.00677	0.00747	0.00525	0.00519	0.00753	0.00683	0.00981	0.01141	0.01716	0.01079	0.06302	0.75866	0.05106	0.01086	0.00463	0.00230	0.00370
6	0.01081	0.01099	0.01545	0.11331	0.36927	0.13816	0.10735	0.02383	0.01025	0.02680	0.05173	0.05009	0.00956	0.00492	0.00468	0.00134	0.02637	0.01683	0.00245	0.00580
7	0.00879	0.00847	0.01478	0.61560	0.18478	0.00980	0.07333	0.01166	0.00897	0.01182	0.00783	0.01133	0.00602	0.00416	0.00436	0.00141	0.00574	0.00393	0.00198	0.00526
8	0.02814	0.00874	0.01449	0.37955	0.39525	0.00963	0.01200	0.01217	0.02429	0.01285	0.00890	0.01325	0.00747	0.00455	0.00435	0.00139	0.00525	0.04980	0.00220	0.00572
9	0.00743	0.00586	0.00775	0.00778	0.00911	0.02310	0.04805	0.01031	0.09610	0.02701	0.09490	0.15204	0.10009	0.01040	0.00544	0.00173	0.00360	0.38095	0.00398	0.00436
10	0.00587	0.00419	0.00550	0.00579	0.00620	0.00431	0.00396	0.00669	0.00743	0.01013	0.04808	0.27793	0.04758	0.28006	0.26227	0.00406	0.00575	0.00777	0.00308	0.00335
11	0.84309	0.00829	0.00648	0.00575	0.00844	0.00952	0.00473	0.01301	0.00754	0.05301	0.00646	0.00732	0.00492	0.00405	0.00274	0.00133	0.00335	0.00242	0.00278	0.00478
12	0.00862	0.00802	0.01310	0.60435	0.15798	0.00948	0.01149	0.01199	0.06246	0.01204	0.00922	0.03080	0.00752	0.00477	0.00438	0.00144	0.00536	0.02956	0.00223	0.00520
13	0.00623	0.00456	0.00678	0.00678	0.00749	0.00526	0.00521	0.00754	0.00683	0.00981	0.01138	0.01706	0.01074	0.05639	0.76317	0.05324	0.01090	0.00462	0.00229	0.00370
14	0.87904	0.00833	0.00633	0.00566	0.00833	0.00966	0.00467	0.01266	0.00733	0.01933	0.00600	0.00700	0.00467	0.00400	0.00267	0.00133	0.00333	0.00233	0.00267	0.00467
15	0.00881	0.01652	0.04463	0.00863	0.04428	0.07522	0.02504	0.07599	0.02751	0.04388	0.08402	0.19417	0.09145	0.02991	0.07302	0.00204	0.03835	0.10837	0.00350	0.00467

[dist]
# distance from previous block
# <min> <max>
2	3

[block]
# block no. 3 follows, 61 sequences, length 20
# corresponding to MSA columns:
# 166-185
name=unknown_D
#
# <colnr> <probs for GDERKNQSTAVLIFYWHMCP>
#	G	D	E	R	K	N	Q	S	T	A	V	L	I	F	Y	W	H	M	C	P
0	0.44354	0.12988	0.03300	0.03506	0.05096	0.16050	0.00686	0.03567	0.00915	0.03233	0.00705	0.00870	0.00576	0.00428	0.00323	0.00125	0.00463	0.02052	0.00252	0.00512
1	0.04512	0.00637	0.06758	0.00604	0.00780	0.00522	0.00507	0.00990	0.06441	0.05631	0.44198	0.02923	0.19649	0.03324	0.00532	0.00147	0.00268	0.00707	0.00422	0.00448
2	0.01226	0.26973	0.02994	0.00898	0.01215	0.26896	0.04207	0.04846	0.03651	0.01233	0.00820	0.02827	0.01809	0.00429	0.00354	0.00101	0.00534	0.00312	0.00239	0.18437
3	0.01067	0.00734	0.00881	0.00650	0.01003	0.00570	0.00522	0.01249	0.00971	0.17069	0.02939	0.01236	0.05308	0.00416	0.00356	0.00083	0.00320	0.00337	0.00322	0.63967
4	0.42200	0.00886	0.00978	0.26127	0.03415	0.02390	0.00772	0.12512	0.00989	0.05005	0.00762	0.00925	0.00568	0.00432	0.00352	0.00135	0.00440	0.00313	0.00276	0.00524
5	0.00692	0.00470	0.00543	0.00533	0.00656	0.00433	0.00390	0.00848	0.04198	0.08218	0.08837	0.16514	0.37999	0.09358	0.05147	0.00203	0.00310	0.00823	0.03425	0.00402
6	0.01045	0.00501	0.00601	0.00559	0.00711	0.00476	0.00438	0.02545	0.01007	0.21049	0.03173	0.11226	0.01463	0.00673	0.00393	0.00127	0.00268	0.07524	0.45738	0.00481
7	0.00711	0.00389	0.00541	0.00541	0.00543	0.00391	0.00349	0.00586	0.00583	0.00780	0.00927	0.01731	0.00981	0.24173	0.04479	0.61017	0.00411	0.00445	0.00209	0.00214
8	0.00923	0.07955	0.05569	0.00695	0.01071	0.00718	0.00602	0.03883	0.00920	0.01391	0.00784	0.00929	0.00655	0.00506	0.05174	0.00109	0.00403	0.00273	0.00250	0.67191
9	0.01085	0.00926	0.00984	0.00907	0.03682	0.03286	0.00683	0.11287	0.56416	0.01832	0.07925	0.04090	0.03735	0.00625	0.00446	0.00143	0.00357	0.00522	0.00425	0.00643
10	0.02032	0.00977	0.04970	0.07451	0.44806	0.02638	0.02811	0.01341	0.02105	0.09968	0.02480	0.05503	0.00884	0.00461	0.00423	0.00126	0.00472	0.00424	0.00267	0.09861
11	0.01110	0.07739	0.36635	0.01323	0.11672	0.05187	0.08263	0.06830	0.03943	0.09010	0.00960	0.03743	0.00737	0.00457	0.00419	0.00132	0.00564	0.00386	0.00257	0.00632
12	0.05074	0.27176	0.48279	0.05652	0.01637	0.02829	0.01243	0.01329	0.00894	0.01264	0.00710	0.00844	0.00546	0.00398	0.00363	0.00123	0.00568	0.00290	0.00188	0.00592
13	0.00744	0.00567	0.00630	0.02057	0.00775	0.03377	0.00463	0.05328	0.04862	0.05577	0.17341	0.23184	0.29129	0.01000	0.00504	0.00150	0.00282	0.03184	0.00414	0.00431
14	0.05188	0.09912	0.20967	0.02085	0.09429	0.02109	0.13854	0.03720	0.01756	0.12705	0.03347	0.04330	0.05000	0.00587	0.03013	0.00151	0.00531	0.00442	0.00283	0.00590
15	0.01128	0.35261	0.23746	0.00977	0.04679	0.03455	0.01941	0.04185	0.04789	0.08939	0.03358	0.02284	0.02618	0.00459	0.00369	0.00118	0.00492	0.00348	0.00256	0.00598
16	0.01037	0.00793	0.01212	0.09654	0.27941	0.00795	0.04305	0.04490	0.05223	0.12866	0.03773	0.06740	0.12571	0.00649	0.00465	0.00142	0.00424	0.06010	0.00334	0.00576
17	0.01058	0.03294	0.02749	0.03891	0.27787	0.00882	0.06605	0.06422	0.04219	0.10596	0.01444	0.12059	0.05714	0.00655	0.00516	0.00145	0.05107	0.05960	0.00316	0.00582
18	0.00877	0.01893	0.61211	0.10665	0.01874	0.05528	0.02723	0.01296	0.00917	0.01297	0.00889	0.07264	0.00725	0.00484	0.00423	0.00139	0.00609	0.00395	0.00202	0.00588
19	0.00723	0.00505	0.00772	0.01860	0.00846	0.00554	0.04297	0.00863	0.00736	0.05558	0.01173	0.01721	0.01076	0.09484	0.60605	0.04370	0.00956	0.00469	0.03036	0.00396

[dist]
# distance from previous block
# <min> <max>
0	4

[block]
# block no. 4 follows, 61 sequences, length 51
# corresponding to MSA columns:
# 190-239,258
name=unknown_E
#
# <colnr> <probs for GDERKNQSTAVLIFYWHMCP>
#	G	D	E	R	K	N	Q	S	T	A	V	L	I	F	Y	W	H	M	C	P
0	0.01653	0.00823	0.03141	0.00931	0.07624	0.02802	0.00704	0.05269	0.03725	0.58081	0.01671	0.06962	0.03421	0.00586	0.00441	0.00136	0.00388	0.00488	0.00470	0.00683
1	0.00712	0.02854	0.08045	0.00742	0.00858	0.01968	0.02112	0.00853	0.00714	0.01013	0.01100	0.01810	0.01087	0.24846	0.39267	0.00473	0.08503	0.00477	0.02176	0.00391
2	0.00887	0.00764	0.00920	0.00663	0.01038	0.00580	0.02283	0.01079	0.00894	0.01395	0.00809	0.03040	0.00695	0.00346	0.00329	0.00068	0.00326	0.00286	0.00258	0.83339
3	0.00782	0.06060	0.07029	0.03273	0.07425	0.04252	0.00695	0.02460	0.00814	0.01101	0.01263	0.17441	0.01320	0.13649	0.22740	0.00333	0.06957	0.01710	0.00261	0.00434
4	0.01273	0.04069	0.01136	0.00956	0.03284	0.05299	0.00742	0.22637	0.49413	0.04257	0.01444	0.01365	0.01074	0.00545	0.00428	0.00137	0.00407	0.00437	0.00413	0.00683
5	0.00527	0.00418	0.00466	0.00493	0.00593	0.00365	0.00350	0.00627	0.00934	0.01167	0.09000	0.27220	0.49595	0.05500	0.00608	0.00167	0.00237	0.00976	0.00398	0.00357
6	0.01021	0.01033	0.03299	0.02489	0.08552	0.00967	0.50283	0.03220	0.05143	0.05110	0.01103	0.06400	0.02266	0.00522	0.01733	0.01548	0.00610	0.00525	0.00263	0.03913
7	0.02616	0.05716	0.57527	0.01289	0.03867	0.01046	0.13324	0.04010	0.02245	0.01422	0.02509	0.01001	0.00657	0.00416	0.00419	0.00135	0.00614	0.00358	0.00208	0.00621
8	0.00784	0.00610	0.01881	0.12129	0.01186	0.00624	0.01953	0.07101	0.02950	0.02405	0.06874	0.15233	0.03496	0.00980	0.00532	0.00172	0.00394	0.38487	0.01764	0.00444
9	0.00695	0.00460	0.00652	0.02088	0.00766	0.00441	0.02559	0.00778	0.00919	0.03416	0.20674	0.12629	0.09637	0.01153	0.00831	0.22581	0.00323	0.18688	0.00357	0.00352
10	0.01147	0.06830	0.26155	0.03085	0.17465	0.02439	0.10778	0.08797	0.01095	0.11993	0.03323	0.01191	0.02841	0.00454	0.00427	0.00132	0.00540	0.00399	0.00276	0.00636
11	0.01058	0.02221	0.10206	0.14814	0.25823	0.03081	0.06674	0.03625	0.09882	0.07910	0.02043	0.01504	0.02914	0.00509	0.00444	0.00139	0.00507	0.05757	0.00283	0.00606
12	0.01128	0.00864	0.05979	0.00799	0.01051	0.07098	0.06977	0.06707	0.01960	0.22543	0.08079	0.06312	0.21654	0.04471	0.02266	0.00162	0.00415	0.00611	0.00391	0.00532
13	0.01108	0.01206	0.19867	0.12114	0.27998	0.03562	0.03353	0.01395	0.00992	0.14731	0.02473	0.04682	0.00874	0.00490	0.00452	0.00137	0.01972	0.01702	0.00272	0.00618
14	0.01055	0.04910	0.23618	0.01350	0.15781	0.04496	0.12111	0.02253	0.03027	0.10985	0.01216	0.07861	0.04110	0.04681	0.00526	0.00150	0.00526	0.00479	0.00275	0.00589
15	0.01081	0.04881	0.15904	0.07790	0.33436	0.04031	0.05719	0.02313	0.03171	0.09189	0.02327	0.04547	0.02743	0.00477	0.00430	0.00133	0.00517	0.00429	0.00261	0.00621
16	0.00971	0.01022	0.05119	0.22301	0.32115	0.07358	0.04250	0.02895	0.02767	0.01304	0.03095	0.01450	0.09500	0.00509	0.00473	0.00136	0.03483	0.00445	0.00242	0.00564
17	0.02559	0.01157	0.19308	0.05704	0.29534	0.00878	0.07816	0.02928	0.01000	0.07140	0.03698	0.03904	0.09649	0.00540	0.00446	0.00138	0.00495	0.02238	0.00271	0.00596
18	0.01004	0.02453	0.43144	0.05113	0.10377	0.00915	0.06367	0.03422	0.00994	0.09904	0.02175	0.02493	0.01693	0.00500	0.00435	0.00139	0.00551	0.05640	0.02070	0.00612
19	0.01021	0.04089	0.23472	0.12381	0.31928	0.03396	0.08451	0.01339	0.00956	0.04865	0.00847	0.02279	0.00668	0.00424	0.00444	0.00134	0.02087	0.00384	0.00218	0.00619
20	0.01092	0.01361	0.28625	0.03935	0.06571	0.06424	0.12469	0.01419	0.02699	0.15901	0.03845	0.03848	0.08799	0.00538	0.00446	0.00137	0.00529	0.00471	0.00297	0.00593
21	0.00984	0.09444	0.39702	0.06790	0.06216	0.00963	0.05270	0.04064	0.00973	0.08575	0.01114	0.10196	0.02780	0.00537	0.00425	0.00137	0.00531	0.00453	0.00255	0.00592
22	0.02620	0.04266	0.09121	0.09044	0.19678	0.00888	0.05517	0.04108	0.08181	0.16389	0.02741	0.04178	0.04730	0.02113	0.01581	0.00150	0.00469	0.03300	0.00321	0.00603
23	0.00629	0.02151	0.02435	0.03277	0.03139	0.02574	0.00461	0.00799	0.03840	0.02291	0.07719	0.10648	0.56511	0.00990	0.00494	0.00145	0.00275	0.00834	0.00381	0.00407
24	0.00911	0.03011	0.07870	0.15050	0.14345	0.03134	0.10210	0.02300	0.00965	0.05963	0.03509	0.12073	0.06755	0.02960	0.00537	0.01528	0.00479	0.07598	0.00289	0.00513
25	0.01227	0.01079	0.13491	0.07272	0.17100	0.03052	0.10858	0.01533	0.04849	0.24975	0.01297	0.07726	0.02494	0.00531	0.00447	0.00138	0.00492	0.00481	0.00330	0.00626
26	0.00847	0.00819	0.01339	0.72211	0.06998	0.03085	0.04157	0.01127	0.00886	0.01128	0.00861	0.01211	0.02651	0.00443	0.00434	0.00142	0.00573	0.00398	0.00200	0.00491
27	0.00955	0.13226	0.43362	0.01350	0.01868	0.01134	0.27277	0.01351	0.00933	0.01313	0.00776	0.00963	0.00582	0.00397	0.00449	0.00135	0.02762	0.00370	0.00194	0.00603
28	0.01090	0.05909	0.39808	0.02284	0.11143	0.03758	0.11787	0.04117	0.01018	0.10682	0.00946	0.01154	0.00711	0.00445	0.00427	0.00135	0.00584	0.03124	0.00248	0.00630
29	0.01080	0.17444	0.34817	0.05563	0.14827	0.01102	0.03661	0.01453	0.04635	0.10159	0.00895	0.01006	0.00666	0.00419	0.00395	0.00127	0.00539	0.00342	0.00239	0.00631
30	0.00528	0.00430	0.00467	0.00472	0.00597	0.00369	0.00349	0.00649	0.01004	0.01251	0.17177	0.12922	0.60117	0.01084	0.00513	0.00147	0.00219	0.00922	0.00412	0.00369
31	0.01274	0.11644	0.05253	0.00757	0.01031	0.02541	0.00655	0.08002	0.05892	0.29528	0.05619	0.06850	0.13990	0.00676	0.00465	0.00135	0.02876	0.01817	0.00405	0.00587
32	0.01273	0.04213	0.11635	0.04737	0.26102	0.04443	0.03220	0.01557	0.04201	0.25232	0.03349	0.02847	0.00970	0.00536	0.01648	0.00141	0.00490	0.02439	0.00326	0.00643
33	0.01227	0.01298	0.01534	0.03504	0.52404	0.24682	0.01133	0.01464	0.03139	0.02887	0.02206	0.01043	0.00726	0.00419	0.00417	0.00124	0.00577	0.00364	0.00232	0.00622
34	0.00642	0.00447	0.00589	0.00646	0.00720	0.00430	0.00499	0.00776	0.00928	0.02928	0.11547	0.26485	0.07740	0.11371	0.01718	0.00212	0.00333	0.31225	0.00391	0.00373
35	0.03778	0.02100	0.20996	0.01183	0.12247	0.02173	0.03489	0.09566	0.02539	0.29283	0.01230	0.03803	0.00908	0.00561	0.01922	0.00146	0.00491	0.02572	0.00353	0.00657
36	0.02577	0.01140	0.01591	0.02236	0.62288	0.11061	0.01185	0.04639	0.05002	0.01443	0.00870	0.01115	0.00727	0.00421	0.00423	0.00128	0.00529	0.01732	0.00238	0.00654
37	0.00595	0.00443	0.00564	0.00645	0.00690	0.01952	0.00467	0.00697	0.00869	0.01148	0.05707	0.56954	0.02676	0.06491	0.00667	0.00192	0.01278	0.17215	0.00388	0.00361
38	0.04059	0.28966	0.38098	0.01107	0.04874	0.06672	0.04907	0.01387	0.00933	0.04261	0.00744	0.00861	0.00576	0.00399	0.00366	0.00120	0.00567	0.00300	0.00204	0.00597
39	0.07775	0.06250	0.04642	0.03034	0.19515	0.02209	0.40429	0.03360	0.02228	0.01443	0.02674	0.01189	0.00759	0.00411	0.00450	0.00137	0.00597	0.02075	0.00235	0.00589
40	0.00717	0.00382	0.00562	0.00577	0.00588	0.00379	0.00395	0.00589	0.00630	0.00840	0.03047	0.10764	0.01156	0.01448	0.01471	0.70982	0.00357	0.04664	0.00229	0.00222
41	0.00961	0.00904	0.02802	0.01890	0.49233	0.00881	0.04455	0.02646	0.07862	0.02497	0.04451	0.06153	0.11217	0.00575	0.00453	0.00136	0.00442	0.01548	0.00286	0.00607
42	0.01169	0.01024	0.06567	0.10273	0.27048	0.05020	0.10805	0.03795	0.02308	0.16477	0.03749	0.04490	0.04301	0.00507	0.00446	0.00135	0.00503	0.00466	0.00303	0.00613
43	0.01012	0.27457	0.45296	0.01095	0.03193	0.01213	0.04676	0.05169	0.00963	0.02889	0.00795	0.02973	0.00632	0.00425	0.00378	0.00124	0.00561	0.00329	0.00209	0.00609
44	0.00564	0.00448	0.02591	0.00614	0.00681	0.00395	0.00454	0.00683	0.00904	0.01215	0.14586	0.54895	0.07337	0.02728	0.02806	0.00187	0.00291	0.07853	0.00399	0.00370
45	0.01093	0.01323	0.10914	0.07150	0.19780	0.19288	0.14481	0.01361	0.02872	0.02437	0.00890	0.04311	0.00759	0.02085	0.04650	0.00168	0.05233	0.00417	0.00228	0.00559
46	0.01467	0.10010	0.14329	0.00953	0.01305	0.13974	0.03967	0.05429	0.05832	0.32240	0.01227	0.02061	0.01995	0.00500	0.00438	0.00129	0.02765	0.00387	0.00356	0.00636
47	0.00996	0.00965	0.01580	0.30010	0.53173	0.03295	0.01266	0.01258	0.00947	0.01294	0.00791	0.01086	0.00642	0.00401	0.00427	0.00133	0.00540	0.00380	0.00206	0.00608
48	0.00722	0.00517	0.00615	0.02085	0.02938	0.00475	0.00452	0.02952	0.03805	0.08005	0.19738	0.09494	0.42439	0.00961	0.00500	0.00145	0.00260	0.03043	0.00420	0.00434
49	0.01568	0.05322	0.09095	0.02400	0.04332	0.05300	0.05119	0.03288	0.02939	0.48949	0.01407	0.03447	0.00985	0.00539	0.00447	0.01272	0.00448	0.02067	0.00414	0.00662
50	0.01044	0.01003	0.03277	0.04751	0.66722	0.00985	0.03521	0.01313	0.02375	0.03483	0.01030	0.01246	0.04937	0.00436	0.00451	0.00132	0.01992	0.00416	0.00234	0.00653

[dist]
# distance from previous block
# <min> <max>
0	20

[block]
# block no. 5 follows, 61 sequences, length 69
# corresponding to MSA columns:
# 291-302,304-360
name=unknown_F
#
# <colnr> <probs for GDERKNQSTAVLIFYWHMCP>
#	G	D	E	R	K	N	Q	S	T	A	V	L	I	F	Y	W	H	M	C	P
0	0.01049	0.00994	0.01701	0.07031	0.73439	0.01001	0.02797	0.01304	0.00974	0.02357	0.00856	0.02997	0.00730	0.00410	0.00431	0.00130	0.00512	0.00406	0.00220	0.00662
1	0.00875	0.01447	0.37771	0.05741	0.10206	0.00895	0.14108	0.01259	0.03636	0.02901	0.01890	0.15164	0.01038	0.00572	0.00454	0.00144	0.00550	0.00525	0.00247	0.00577
2	0.02489	0.00957	0.08937	0.01989	0.06256	0.00791	0.12218	0.03525	0.05311	0.45064	0.01446	0.02727	0.01029	0.00534	0.00450	0.00140	0.00455	0.04604	0.00412	0.00667
3	0.01065	0.20224	0.42134	0.00989	0.01458	0.01050	0.02589	0.01418	0.02675	0.12789	0.05042	0.02952	0.00881	0.00467	0.00391	0.00126	0.00514	0.00367	0.02259	0.00608
4	0.01292	0.00804	0.09487	0.00765	0.01028	0.02478	0.00674	0.01484	0.01104	0.40650	0.10436	0.14712	0.04482	0.00760	0.00473	0.00146	0.00367	0.07834	0.00445	0.00580
5	0.00855	0.01036	0.19873	0.11742	0.05090	0.01430	0.10696	0.01143	0.03299	0.07120	0.02353	0.29122	0.01474	0.00753	0.00479	0.00152	0.00468	0.02098	0.00302	0.00516
6	0.01475	0.01133	0.21748	0.00998	0.04312	0.01594	0.04825	0.01735	0.01100	0.47705	0.01428	0.03788	0.01943	0.00589	0.02338	0.00149	0.00476	0.01596	0.00399	0.00668
7	0.01835	0.00768	0.02464	0.00779	0.01106	0.00664	0.00650	0.04327	0.03609	0.73681	0.02437	0.03374	0.01124	0.00554	0.00436	0.00135	0.00370	0.00453	0.00517	0.00718
8	0.01005	0.00976	0.01703	0.18768	0.59312	0.01008	0.07333	0.01274	0.00960	0.01341	0.00847	0.01126	0.01603	0.00400	0.00434	0.00133	0.00537	0.00399	0.00211	0.00630
9	0.01059	0.05436	0.26441	0.01270	0.08659	0.00887	0.18255	0.01366	0.00988	0.15304	0.02127	0.11656	0.02568	0.00561	0.00452	0.00141	0.00526	0.01419	0.00290	0.00595
10	0.00951	0.00920	0.01500	0.35046	0.37939	0.03341	0.04362	0.01201	0.00912	0.01231	0.00812	0.01184	0.00678	0.04917	0.00555	0.00152	0.03133	0.00398	0.00207	0.00562
11	0.01020	0.00976	0.01664	0.17573	0.67608	0.01011	0.01299	0.01281	0.00959	0.01351	0.00802	0.01081	0.00662	0.00392	0.00427	0.00131	0.00523	0.00384	0.00209	0.00645
12	0.00998	0.24301	0.46801	0.01118	0.01634	0.01191	0.08633	0.01417	0.05209	0.03700	0.00815	0.00928	0.00614	0.00407	0.00385	0.00126	0.00574	0.00325	0.00210	0.00614
13	0.00927	0.00793	0.01317	0.67670	0.10879	0.00946	0.01162	0.01198	0.00898	0.07297	0.00837	0.01160	0.00622	0.00440	0.00449	0.00142	0.02139	0.00387	0.00219	0.00518
14	0.00646	0.00486	0.00707	0.11940	0.06265	0.00489	0.00579	0.00771	0.00871	0.03507	0.04580	0.59428	0.04140	0.01115	0.00521	0.00165	0.00315	0.02706	0.00366	0.00403
15	0.00554	0.00431	0.00505	0.00517	0.00626	0.00382	0.00385	0.00692	0.01031	0.01337	0.28162	0.16935	0.40201	0.01073	0.00520	0.00150	0.00229	0.05470	0.00423	0.00377
16	0.00911	0.07412	0.71961	0.01245	0.04444	0.01041	0.02898	0.01372	0.00917	0.02834	0.00782	0.00915	0.00562	0.00407	0.00404	0.00133	0.00618	0.00320	0.00190	0.00634
17	0.00886	0.06582	0.75654	0.01249	0.04520	0.01038	0.01537	0.01359	0.00910	0.01347	0.00765	0.00903	0.00551	0.00406	0.00403	0.00134	0.00623	0.00316	0.00183	0.00634
18	0.00586	0.00440	0.00544	0.00525	0.00635	0.00398	0.00395	0.00764	0.01148	0.01566	0.59267	0.05010	0.22963	0.00950	0.00512	0.00140	0.00213	0.03097	0.00452	0.00395
19	0.00834	0.00786	0.01328	0.77343	0.09293	0.00962	0.01206	0.01118	0.00871	0.01125	0.00769	0.01142	0.00583	0.00427	0.00430	0.00142	0.00569	0.00383	0.00193	0.00495
20	0.00842	0.02726	0.06264	0.57064	0.10288	0.00935	0.05219	0.01125	0.00885	0.01176	0.00894	0.05618	0.00745	0.00479	0.00434	0.00142	0.00547	0.01301	0.02813	0.00505
21	0.00953	0.01097	0.08736	0.01314	0.04415	0.01241	0.14727	0.01135	0.00755	0.01139	0.00646	0.00982	0.00583	0.00642	0.01132	0.00174	0.59228	0.00395	0.00194	0.00513
22	0.00599	0.00411	0.00484	0.00505	0.00520	0.00404	0.00305	0.00628	0.00696	0.00927	0.03167	0.20971	0.04779	0.59414	0.04086	0.00357	0.00391	0.00767	0.00300	0.00291
23	0.65902	0.00853	0.00685	0.03475	0.00918	0.05277	0.00507	0.03806	0.00833	0.01779	0.01047	0.04190	0.08317	0.00508	0.00318	0.00135	0.00356	0.00347	0.00285	0.00463
24	0.00881	0.00494	0.00647	0.00603	0.00694	0.00498	0.00427	0.00965	0.00773	0.17195	0.01383	0.03994	0.01339	0.40228	0.27544	0.00443	0.00638	0.00549	0.00309	0.00397
25	0.01115	0.01103	0.06917	0.04858	0.33602	0.05262	0.07268	0.02592	0.22970	0.06274	0.01151	0.03065	0.00904	0.00475	0.00436	0.00136	0.00492	0.00433	0.00298	0.00650
26	0.17995	0.00510	0.00528	0.00516	0.00657	0.00496	0.00389	0.00809	0.00991	0.01494	0.28685	0.12472	0.31133	0.00914	0.00465	0.00143	0.00240	0.00768	0.00398	0.00397
27	0.01210	0.51913	0.03575	0.00841	0.01157	0.11433	0.00771	0.09146	0.05967	0.01247	0.00846	0.00925	0.03290	0.00454	0.00395	0.00110	0.05623	0.00300	0.00236	0.00562
28	0.00871	0.00769	0.05180	0.00675	0.00984	0.00586	0.00571	0.04051	0.00997	0.03570	0.13998	0.01718	0.02196	0.03572	0.00454	0.00108	0.00333	0.06931	0.00314	0.52122
29	0.01022	0.00955	0.01299	0.48590	0.07626	0.06555	0.01072	0.11769	0.06453	0.01373	0.00845	0.01115	0.00650	0.00480	0.00520	0.00143	0.08368	0.00383	0.00243	0.00540
30	0.01174	0.65061	0.05243	0.00900	0.06291	0.04223	0.00804	0.01405	0.06226	0.04147	0.00739	0.00816	0.00630	0.00394	0.00311	0.00102	0.00470	0.00270	0.00217	0.00578
31	0.00987	0.09149	0.58507	0.01144	0.01684	0.06315	0.03172	0.05868	0.03531	0.01411	0.01996	0.00951	0.00638	0.00423	0.00400	0.00129	0.00601	0.00327	0.00214	0.02553
32	0.00926	0.00891	0.01542	0.46789	0.34801	0.00991	0.05479	0.01205	0.00918	0.01239	0.00789	0.01116	0.00622	0.00408	0.00433	0.00137	0.00557	0.00390	0.00202	0.00566
33	0.00611	0.00418	0.00478	0.00491	0.00507	0.00410	0.00294	0.00633	0.00683	0.00899	0.01697	0.10749	0.07362	0.68162	0.01863	0.00368	0.00387	0.03420	0.00289	0.00281
34	0.01078	0.01205	0.10260	0.02136	0.47099	0.03863	0.20115	0.01408	0.03531	0.03822	0.00872	0.01092	0.00688	0.00394	0.00443	0.00133	0.00575	0.00408	0.00228	0.00649
35	0.00939	0.01817	0.59383	0.01272	0.07417	0.00930	0.05126	0.01368	0.01927	0.06992	0.00991	0.05569	0.00792	0.00492	0.00431	0.00140	0.00581	0.02981	0.00232	0.00621
36	0.00825	0.00605	0.05048	0.00742	0.00895	0.00520	0.00639	0.01042	0.03995	0.11582	0.04602	0.18881	0.09087	0.01055	0.00540	0.00174	0.00355	0.38552	0.00407	0.00451
37	0.00555	0.00407	0.00529	0.00600	0.00657	0.00372	0.00417	0.00649	0.00862	0.01155	0.05783	0.68250	0.07265	0.01255	0.00537	0.00167	0.00257	0.05197	0.00396	0.04690
38	0.01085	0.02344	0.40483	0.01141	0.05814	0.00875	0.06579	0.03821	0.03566	0.17167	0.05240	0.05189	0.03708	0.00527	0.00437	0.00138	0.00514	0.00449	0.00302	0.00623
39	0.01002	0.04053	0.16791	0.01933	0.37758	0.01006	0.20181	0.01316	0.00977	0.02911	0.00987	0.02015	0.02510	0.00447	0.00449	0.00137	0.00567	0.04108	0.00228	0.00623
40	0.05340	0.00879	0.01427	0.14615	0.49737	0.00913	0.01111	0.01263	0.00955	0.06344	0.03649	0.01341	0.00886	0.00639	0.06001	0.00172	0.00532	0.03343	0.00249	0.00603
41	0.00938	0.06220	0.72850	0.01190	0.01793	0.01017	0.02941	0.01400	0.00927	0.05670	0.00816	0.00933	0.00576	0.00413	0.00406	0.00134	0.00615	0.00324	0.00201	0.00637
42	0.05371	0.01000	0.01668	0.06986	0.73792	0.01017	0.01273	0.01307	0.00962	0.01417	0.00797	0.01052	0.00666	0.00387	0.00419	0.00129	0.00506	0.00376	0.00215	0.00660
43	0.05256	0.11944	0.58668	0.01161	0.01710	0.01068	0.07963	0.01351	0.00911	0.03096	0.00807	0.02752	0.00614	0.00423	0.00398	0.00132	0.00594	0.00342	0.00202	0.00609
44	0.00961	0.21852	0.32003	0.01257	0.01724	0.01159	0.26649	0.01303	0.00928	0.01265	0.00853	0.05407	0.00712	0.00472	0.01515	0.00138	0.00609	0.00408	0.00206	0.00580
45	0.01072	0.00964	0.01617	0.17712	0.61843	0.00997	0.01255	0.02770	0.00990	0.05406	0.00850	0.01101	0.00682	0.00402	0.00428	0.00131	0.00516	0.00386	0.00229	0.00648
46	0.05367	0.01071	0.05990	0.04872	0.71500	0.01017	0.01290	0.01315	0.00961	0.01422	0.00796	0.01042	0.00661	0.00387	0.00418	0.00129	0.00511	0.00373	0.00214	0.00663
47	0.05303	0.00848	0.01353	0.10595	0.41658	0.00868	0.04297	0.02774	0.03284	0.05584	0.01980	0.15510	0.02909	0.00591	0.00447	0.00140	0.00451	0.00547	0.00280	0.00582
48	0.05586	0.02663	0.14049	0.01611	0.33309	0.01837	0.06359	0.01220	0.00968	0.05005	0.05302	0.10216	0.02948	0.00596	0.00449	0.00141	0.00474	0.06413	0.00276	0.00577
49	0.05372	0.01001	0.01669	0.06752	0.74019	0.01017	0.01273	0.01308	0.00962	0.01417	0.00797	0.01052	0.00666	0.00387	0.00419	0.00129	0.00506	0.00376	0.00215	0.00661
50	0.05283	0.02944	0.50745	0.01219	0.01732	0.00954	0.16058	0.01364	0.00939	0.07475	0.00959	0.06683	0.00758	0.00473	0.00430	0.00140	0.00589	0.00418	0.00234	0.00604
51	0.01411	0.01961	0.17350	0.00934	0.01294	0.00722	0.08039	0.01654	0.01091	0.44982	0.01560	0.09065	0.02353	0.00610	0.00454	0.00142	0.00443	0.04887	0.00409	0.00639
52	0.01022	0.05157	0.01686	0.18077	0.62992	0.01045	0.01269	0.01278	0.00953	0.01329	0.00791	0.01063	0.00655	0.00392	0.00420	0.00129	0.00521	0.00376	0.00208	0.00637
53	0.01059	0.05126	0.01603	0.13462	0.57400	0.01001	0.01193	0.02511	0.00984	0.05132	0.00928	0.02823	0.00794	0.00450	0.00429	0.00132	0.00501	0.03601	0.00238	0.00633
54	0.05419	0.02683	0.08628	0.01850	0.37352	0.00971	0.18302	0.01405	0.03392	0.09713	0.01008	0.05556	0.00825	0.00455	0.00439	0.00136	0.00525	0.00448	0.00263	0.00631
55	0.01257	0.02499	0.11872	0.06504	0.13672	0.00773	0.05793	0.01513	0.02558	0.31689	0.06130	0.09920	0.01262	0.00591	0.00450	0.00139	0.00440	0.01950	0.00369	0.00618
56	0.01080	0.00875	0.01466	0.19316	0.41046	0.00894	0.05612	0.01323	0.00988	0.12681	0.01162	0.04127	0.03879	0.00499	0.00446	0.00138	0.00493	0.03093	0.00273	0.00608
57	0.00890	0.04173	0.36636	0.01173	0.08069	0.00860	0.05947	0.01201	0.00915	0.06298	0.01241	0.17418	0.01182	0.00691	0.01257	0.00154	0.05021	0.06049	0.00266	0.00557
58	0.01042	0.03829	0.52842	0.02880	0.08637	0.00973	0.07265	0.01467	0.02756	0.12084	0.01679	0.01051	0.00685	0.00428	0.00420	0.00135	0.00581	0.00360	0.00242	0.00643
59	0.00978	0.01013	0.07960	0.18561	0.47021	0.01718	0.02151	0.02118	0.00972	0.03205	0.03143	0.04164	0.03448	0.00477	0.00437	0.00135	0.00508	0.01148	0.00237	0.00605
60	0.00763	0.04854	0.04390	0.00920	0.04044	0.00640	0.11080	0.00955	0.01877	0.03498	0.04830	0.23738	0.01948	0.08175	0.04997	0.00215	0.00452	0.21850	0.00335	0.00438
61	0.06748	0.00644	0.00960	0.01016	0.11469	0.00625	0.09262	0.01017	0.03256	0.05664	0.07035	0.21588	0.13838	0.00893	0.00500	0.00157	0.00367	0.14131	0.00359	0.00469
62	0.01292	0.03994	0.14859	0.02256	0.13430	0.02985	0.11505	0.04995	0.02059	0.27413	0.01268	0.07328	0.00995	0.00539	0.00445	0.00138	0.00494	0.03028	0.00342	0.00635
63	0.00898	0.05342	0.05707	0.13162	0.25465	0.00858	0.01697	0.04672	0.02892	0.01296	0.01211	0.04359	0.05022	0.03296	0.08530	0.03458	0.00533	0.06490	0.00256	0.04855
64	0.05100	0.00522	0.00666	0.00736	0.05073	0.01634	0.00506	0.00904	0.00919	0.10491	0.06338	0.46167	0.07557	0.01139	0.03361	0.00178	0.00326	0.05937	0.00391	0.02054
65	0.02183	0.02298	0.17437	0.01091	0.04293	0.01930	0.16212	0.01323	0.03280	0.15864	0.04085	0.09175	0.08700	0.00666	0.00491	0.00147	0.02065	0.07873	0.00330	0.00558
66	0.09807	0.02319	0.12309	0.04153	0.28370	0.02750	0.07085	0.06980	0.05362	0.12674	0.01920	0.02648	0.00801	0.00454	0.00417	0.00133	0.00494	0.00398	0.00291	0.00636
67	0.01978	0.02191	0.03453	0.10832	0.26727	0.05462	0.12056	0.03704	0.03033	0.04348	0.03035	0.11730	0.03782	0.00598	0.00460	0.00141	0.00497	0.04436	0.00280	0.01259
68	0.06479	0.01128	0.10687	0.01028	0.08544	0.12047	0.01716	0.11962	0.07910	0.06704	0.02282	0.10907	0.03458	0.05114	0.00527	0.00151	0.00465	0.04309	0.00325	0.04255

[dist]
# distance from previous block
# <min> <max>
0	53

# created by:
# /st0/software/busco_prod/Augustus/scripts/msa2prfl.pl ./align_prep/123003.fa
