[name]
unknown

[dist]
# distance from previous block
# <min> <max>
0	3

[block]
# block no. 0 follows, 44 sequences, length 10
# corresponding to MSA columns:
# 46-55
name=unknown_A
#
# <colnr> <probs for GDERKNQSTAVLIFYWHMCP>
#	G	D	E	R	K	N	Q	S	T	A	V	L	I	F	Y	W	H	M	C	P
0	0.00838	0.00599	0.00832	0.00958	0.01066	0.00593	0.00808	0.01060	0.01215	0.01586	0.02909	0.20154	0.03226	0.01544	0.00742	0.00245	0.00467	0.60165	0.00503	0.00491
1	0.01186	0.00999	0.01086	0.01015	0.01259	0.01127	0.00772	0.02369	0.57220	0.02107	0.07396	0.16950	0.02264	0.00947	0.00587	0.00191	0.00398	0.00817	0.00549	0.00760
2	0.00686	0.00539	0.00620	0.00631	0.00770	0.00473	0.00461	0.00851	0.01295	0.01670	0.26342	0.19072	0.41925	0.01363	0.00654	0.00187	0.00278	0.01177	0.00534	0.00473
3	0.00666	0.00529	0.00599	0.00632	0.00763	0.00462	0.00455	0.00806	0.01219	0.01536	0.13628	0.27938	0.45950	0.01447	0.00660	0.00194	0.00286	0.01251	0.00518	0.00462
4	0.01603	0.01214	0.01395	0.01307	0.08176	0.01328	0.00952	0.16404	0.44648	0.10848	0.01886	0.01782	0.01387	0.00681	0.00545	0.00173	0.00485	0.00562	0.00532	0.04092
5	0.01445	0.16280	0.02190	0.02576	0.52947	0.01384	0.01421	0.01728	0.01245	0.08396	0.01159	0.01522	0.00978	0.00545	0.00514	0.00158	0.00613	0.03768	0.00309	0.00822
6	0.01324	0.00908	0.01078	0.00828	0.01218	0.00751	0.00648	0.04068	0.03695	0.14847	0.01595	0.05024	0.04821	0.07676	0.00672	0.00153	0.00423	0.00510	0.00416	0.49346
7	0.01203	0.00971	0.00976	0.04155	0.01178	0.07718	0.00672	0.07857	0.16217	0.06808	0.02634	0.08321	0.18391	0.19212	0.01084	0.00259	0.00489	0.00795	0.00459	0.00602
8	0.13501	0.06322	0.01097	0.00861	0.01120	0.03418	0.00661	0.09892	0.12395	0.05323	0.01794	0.09791	0.05474	0.17584	0.00977	0.00240	0.00476	0.00653	0.00422	0.07999
9	0.05168	0.08341	0.39775	0.05265	0.12012	0.01198	0.01471	0.01514	0.01078	0.01591	0.01095	0.01612	0.00955	0.15642	0.00925	0.00234	0.00692	0.00477	0.00260	0.00695

[dist]
# distance from previous block
# <min> <max>
24	51

[block]
# block no. 1 follows, 44 sequences, length 9
# corresponding to MSA columns:
# 132-140
name=unknown_B
#
# <colnr> <probs for GDERKNQSTAVLIFYWHMCP>
#	G	D	E	R	K	N	Q	S	T	A	V	L	I	F	Y	W	H	M	C	P
0	0.01151	0.05781	0.01690	0.28255	0.05401	0.01181	0.08762	0.01418	0.01085	0.04558	0.01150	0.06190	0.01018	0.04070	0.02933	0.00206	0.12042	0.00548	0.00295	0.12266
1	0.04246	0.01033	0.01700	0.40371	0.06024	0.01167	0.10189	0.01566	0.01147	0.10254	0.01186	0.04364	0.00935	0.00622	0.00658	0.00181	0.07771	0.00537	0.02223	0.03827
2	0.01037	0.00744	0.00929	0.05193	0.01148	0.00725	0.00658	0.06971	0.01333	0.06772	0.20735	0.08626	0.12999	0.09760	0.03230	0.00232	0.02834	0.05024	0.00473	0.10577
3	0.01707	0.01545	0.01588	0.04333	0.07541	0.17916	0.01099	0.24993	0.04428	0.06332	0.01143	0.01331	0.00900	0.00888	0.05441	0.00218	0.16990	0.00471	0.00386	0.00751
4	0.05674	0.01052	0.01137	0.05320	0.01365	0.03659	0.00786	0.24073	0.07902	0.07766	0.11357	0.02068	0.03064	0.00727	0.00517	0.00160	0.00460	0.02406	0.16754	0.03752
5	0.01325	0.00832	0.01010	0.02585	0.01215	0.00837	0.00744	0.07272	0.15462	0.18079	0.07733	0.13567	0.13199	0.01084	0.00622	0.00194	0.00419	0.12585	0.00554	0.00681
6	0.01614	0.01125	0.01426	0.01501	0.16203	0.01194	0.00996	0.07273	0.36189	0.18545	0.01836	0.01792	0.01349	0.00739	0.00644	0.05173	0.00494	0.00559	0.00506	0.00844
7	0.01485	0.01165	0.01194	0.01058	0.01351	0.06803	0.00822	0.08634	0.43076	0.11253	0.05486	0.09583	0.03999	0.00839	0.00569	0.00181	0.00467	0.00699	0.00544	0.00792
8	0.07029	0.00601	0.00732	0.00730	0.00845	0.00594	0.00518	0.01089	0.01081	0.08960	0.10919	0.25739	0.06003	0.18679	0.10914	0.00350	0.00517	0.00958	0.03246	0.00494

[dist]
# distance from previous block
# <min> <max>
0	2

[block]
# block no. 2 follows, 44 sequences, length 25
# corresponding to MSA columns:
# 149-173
name=unknown_C
#
# <colnr> <probs for GDERKNQSTAVLIFYWHMCP>
#	G	D	E	R	K	N	Q	S	T	A	V	L	I	F	Y	W	H	M	C	P
0	0.00771	0.00543	0.00635	0.00653	0.00720	0.00524	0.00430	0.02315	0.01045	0.01401	0.09375	0.21554	0.14855	0.34608	0.04271	0.00357	0.00436	0.01018	0.04071	0.00419
1	0.00685	0.00491	0.00643	0.00736	0.00784	0.00457	0.00497	0.00800	0.01108	0.01491	0.13553	0.64227	0.05565	0.05252	0.00783	0.00227	0.00317	0.01425	0.00511	0.00448
2	0.01155	0.00789	0.00924	0.00864	0.01082	0.00802	0.00663	0.01760	0.24828	0.12532	0.15465	0.16683	0.14659	0.01099	0.00617	0.00190	0.00365	0.04303	0.00561	0.00660
3	0.09545	0.00922	0.01125	0.00917	0.01272	0.00877	0.00753	0.07392	0.05293	0.46918	0.02201	0.02236	0.06168	0.00756	0.00536	0.00172	0.00444	0.05204	0.06461	0.00808
4	0.00923	0.00669	0.00815	0.00824	0.00943	0.00668	0.00599	0.12789	0.01361	0.01826	0.13049	0.45586	0.06253	0.06003	0.00786	0.00223	0.00374	0.05267	0.00515	0.00528
5	0.00951	0.00652	0.00794	0.00812	0.00959	0.00639	0.00615	0.03768	0.08786	0.06583	0.09331	0.32686	0.13797	0.01328	0.00648	0.00202	0.00360	0.11790	0.04747	0.00553
6	0.09083	0.00640	0.00738	0.00701	0.00864	0.00626	0.00529	0.01155	0.06139	0.02078	0.51103	0.07658	0.14477	0.01098	0.00610	0.00176	0.00290	0.00946	0.00553	0.00533
7	0.00874	0.00591	0.00747	0.00778	0.00904	0.00557	0.00596	0.01075	0.03010	0.06387	0.15233	0.21421	0.16422	0.09267	0.00886	0.00241	0.00380	0.19616	0.00515	0.00502
8	0.07094	0.00994	0.01088	0.00970	0.01231	0.01068	0.00768	0.26243	0.11686	0.04322	0.02268	0.19189	0.07449	0.01018	0.00584	0.00188	0.00450	0.07962	0.04735	0.00694
9	0.00821	0.00617	0.00711	0.00727	0.00872	0.00589	0.00555	0.04012	0.04506	0.01658	0.09522	0.15509	0.30837	0.07851	0.00823	0.00225	0.00360	0.14138	0.05170	0.00498
10	0.73589	0.01018	0.00839	0.00753	0.01083	0.01156	0.00624	0.01647	0.00993	0.07697	0.00992	0.01288	0.00805	0.00581	0.00379	0.00174	0.00430	0.04973	0.00372	0.00609
11	0.00810	0.00586	0.00708	0.00717	0.00867	0.00536	0.00549	0.01034	0.03485	0.04802	0.24979	0.15956	0.30250	0.01324	0.00660	0.00195	0.00320	0.11174	0.00541	0.00509
12	0.00712	0.00527	0.00605	0.00648	0.00755	0.00477	0.00460	0.00843	0.01142	0.01490	0.08053	0.28076	0.32855	0.10243	0.00884	0.00233	0.00325	0.04865	0.06357	0.00449
13	0.54525	0.01012	0.00910	0.00803	0.01117	0.01144	0.00650	0.05381	0.09126	0.07596	0.03406	0.01321	0.00994	0.00801	0.05365	0.00213	0.00488	0.00405	0.04095	0.00647
14	0.78905	0.01045	0.00834	0.00735	0.01078	0.01193	0.00605	0.01677	0.00972	0.07749	0.00857	0.00954	0.00644	0.00518	0.00352	0.00169	0.00425	0.00313	0.00361	0.00614
15	0.00923	0.00788	0.05770	0.03848	0.05025	0.00698	0.00735	0.03137	0.03727	0.04408	0.12392	0.25493	0.05255	0.10947	0.10990	0.03392	0.00565	0.00940	0.00430	0.00535
16	0.00964	0.00736	0.00930	0.00878	0.01003	0.00841	0.00678	0.05296	0.08172	0.01565	0.01896	0.02567	0.07565	0.12745	0.32403	0.00509	0.08664	0.03327	0.08723	0.00537
17	0.00665	0.00526	0.00599	0.00641	0.00761	0.00469	0.00456	0.00785	0.01135	0.01415	0.04281	0.30551	0.44811	0.05252	0.04863	0.00249	0.00364	0.01240	0.00487	0.00450
18	0.00779	0.00584	0.00876	0.00876	0.00974	0.00681	0.00681	0.00974	0.00876	0.01266	0.01460	0.02142	0.01363	0.04089	0.78680	0.00876	0.01460	0.00584	0.00292	0.00487
19	0.01217	0.03353	0.01770	0.47264	0.18882	0.06445	0.01448	0.04103	0.01191	0.01536	0.01032	0.01420	0.01915	0.00573	0.00614	0.00176	0.05642	0.00480	0.00265	0.00673
20	0.01376	0.01365	0.06922	0.08386	0.02486	0.01235	0.45215	0.06392	0.01357	0.09873	0.01385	0.05996	0.01118	0.00616	0.00619	0.00185	0.00778	0.03608	0.00351	0.00736
21	0.00783	0.00574	0.00781	0.03095	0.00910	0.00630	0.00568	0.00911	0.00877	0.01211	0.01792	0.02810	0.06369	0.30297	0.45217	0.00692	0.01042	0.00689	0.00317	0.00435
22	0.17639	0.00843	0.01054	0.00900	0.01197	0.00806	0.04435	0.01747	0.02631	0.29954	0.03880	0.17704	0.09048	0.00930	0.00555	0.00182	0.00426	0.02755	0.00522	0.02792
23	0.01265	0.01236	0.03838	0.37384	0.04000	0.08410	0.03378	0.05344	0.01217	0.04107	0.01033	0.02799	0.00826	0.00588	0.00638	0.00165	0.08122	0.00468	0.00295	0.14887
24	0.01525	0.01239	0.08751	0.01117	0.01504	0.01112	0.04689	0.16395	0.18731	0.15557	0.12705	0.04783	0.02833	0.00752	0.00562	0.00170	0.00498	0.00636	0.00518	0.05923

[dist]
# distance from previous block
# <min> <max>
2	20

[block]
# block no. 3 follows, 44 sequences, length 9
# corresponding to MSA columns:
# 195-198,201-205
name=unknown_D
#
# <colnr> <probs for GDERKNQSTAVLIFYWHMCP>
#	G	D	E	R	K	N	Q	S	T	A	V	L	I	F	Y	W	H	M	C	P
0	0.50277	0.00965	0.00921	0.00899	0.04269	0.01066	0.00670	0.01699	0.08823	0.09585	0.01439	0.14658	0.01300	0.00750	0.00450	0.00179	0.00418	0.00574	0.00419	0.00638
1	0.01117	0.00870	0.03677	0.05615	0.01173	0.06066	0.00710	0.03854	0.08492	0.04712	0.03509	0.11380	0.04284	0.03762	0.04051	0.34696	0.00540	0.00662	0.00357	0.00474
2	0.09366	0.00641	0.00697	0.00661	0.00830	0.00665	0.00508	0.04387	0.01183	0.06849	0.04835	0.07365	0.01597	0.01162	0.10475	0.00240	0.00458	0.00590	0.46938	0.00554
3	0.03529	0.13475	0.03585	0.09655	0.06167	0.08730	0.06770	0.13628	0.11878	0.03061	0.01308	0.04254	0.01078	0.01009	0.09285	0.00243	0.00736	0.00518	0.00365	0.00725
4	0.00684	0.00557	0.00599	0.00602	0.00766	0.00482	0.00454	0.00837	0.01257	0.01550	0.14013	0.05075	0.59250	0.05531	0.00764	0.00205	0.00303	0.06099	0.00508	0.00463
5	0.01261	0.00965	0.01144	0.00824	0.01302	0.00734	0.00661	0.01500	0.01173	0.09300	0.01086	0.01202	0.00861	0.00431	0.00418	0.00089	0.00410	0.00345	0.00358	0.75937
6	0.00787	0.00596	0.00868	0.00938	0.04083	0.00647	0.00680	0.00972	0.00987	0.01379	0.05904	0.13660	0.05129	0.05456	0.49903	0.00639	0.01064	0.05454	0.00361	0.00493
7	0.01416	0.18080	0.26247	0.01243	0.03179	0.12121	0.01251	0.06939	0.01300	0.05345	0.01104	0.01419	0.00913	0.04115	0.02017	0.00178	0.00700	0.03006	0.00307	0.09120
8	0.03312	0.14961	0.12020	0.02919	0.03699	0.05400	0.09740	0.10713	0.04037	0.09864	0.01284	0.04344	0.01042	0.00604	0.00507	0.00154	0.00623	0.02718	0.00369	0.11691

[dist]
# distance from previous block
# <min> <max>
8	79

[block]
# block no. 4 follows, 44 sequences, length 12
# corresponding to MSA columns:
# 294-305
name=unknown_E
#
# <colnr> <probs for GDERKNQSTAVLIFYWHMCP>
#	G	D	E	R	K	N	Q	S	T	A	V	L	I	F	Y	W	H	M	C	P
0	0.02691	0.14932	0.05508	0.04702	0.05218	0.03208	0.05622	0.07781	0.01309	0.07369	0.05083	0.03686	0.10931	0.02292	0.07393	0.00224	0.00624	0.02457	0.00379	0.08590
1	0.08833	0.21201	0.06591	0.04677	0.21468	0.06729	0.03227	0.08579	0.04869	0.01817	0.01155	0.01337	0.03141	0.00679	0.03361	0.00180	0.00658	0.00441	0.00311	0.00746
2	0.03736	0.19745	0.06010	0.06677	0.13988	0.19832	0.02942	0.09219	0.04295	0.03451	0.01030	0.01211	0.00833	0.00696	0.03950	0.00182	0.00745	0.00415	0.00311	0.00732
3	0.00989	0.00782	0.03186	0.00827	0.00960	0.00791	0.00613	0.09027	0.09009	0.01533	0.01785	0.06142	0.03893	0.34170	0.20604	0.03351	0.00743	0.00713	0.00374	0.00508
4	0.00774	0.00525	0.00596	0.00606	0.00618	0.00518	0.00349	0.00789	0.00837	0.01106	0.02022	0.09988	0.06033	0.70187	0.02493	0.00485	0.00498	0.00874	0.00354	0.00346
5	0.01259	0.01401	0.07705	0.17419	0.27778	0.03029	0.20169	0.01709	0.06050	0.01687	0.01085	0.01412	0.00855	0.00539	0.00641	0.00178	0.05525	0.00524	0.00280	0.00756
6	0.01110	0.02702	0.71473	0.01619	0.02402	0.01276	0.08438	0.01728	0.01163	0.01728	0.00989	0.01179	0.00703	0.00513	0.00529	0.00174	0.00816	0.00424	0.00234	0.00800
7	0.01304	0.10287	0.29063	0.17578	0.05786	0.05613	0.09629	0.09415	0.01322	0.01780	0.01013	0.01254	0.00762	0.00529	0.00519	0.00166	0.00748	0.00446	0.02040	0.00745
8	0.00764	0.00531	0.00622	0.00632	0.00666	0.00524	0.00391	0.00814	0.00905	0.01203	0.06142	0.11230	0.09351	0.55844	0.07726	0.00472	0.00537	0.00896	0.00376	0.00375
9	0.01093	0.09602	0.65772	0.01427	0.02157	0.01287	0.01803	0.01650	0.01154	0.01669	0.01286	0.01422	0.06205	0.00576	0.00512	0.00169	0.00748	0.00447	0.00250	0.00771
10	0.00715	0.00544	0.00646	0.00696	0.00808	0.00496	0.00516	0.00856	0.01168	0.01486	0.09180	0.23731	0.32756	0.10158	0.00909	0.00242	0.00352	0.13797	0.00493	0.00453
11	0.05116	0.62868	0.05504	0.01137	0.06131	0.08720	0.01016	0.01685	0.01148	0.01386	0.00790	0.00924	0.00705	0.00480	0.00380	0.00126	0.00624	0.00313	0.00244	0.00703

[dist]
# distance from previous block
# <min> <max>
7	12

[block]
# block no. 5 follows, 44 sequences, length 79
# corresponding to MSA columns:
# 319-325,327-359,361-399
name=unknown_F
#
# <colnr> <probs for GDERKNQSTAVLIFYWHMCP>
#	G	D	E	R	K	N	Q	S	T	A	V	L	I	F	Y	W	H	M	C	P
0	0.01144	0.00981	0.01136	0.00825	0.01299	0.00764	0.00659	0.01462	0.05543	0.01806	0.01042	0.01183	0.00858	0.00423	0.00413	0.00087	0.00405	0.00340	0.00337	0.79293
1	0.01395	0.59821	0.06923	0.00962	0.01404	0.03922	0.00948	0.05896	0.01241	0.01501	0.05477	0.01391	0.06038	0.00581	0.00411	0.00131	0.00569	0.00408	0.00292	0.00691
2	0.00784	0.00525	0.00597	0.00606	0.00608	0.00523	0.00342	0.00791	0.00809	0.01079	0.01803	0.08666	0.02090	0.75595	0.02637	0.00508	0.00514	0.00843	0.00342	0.00338
3	0.01183	0.01256	0.07916	0.42972	0.18120	0.01259	0.07588	0.05505	0.01219	0.01651	0.01007	0.01385	0.00774	0.00530	0.00563	0.00173	0.01911	0.00485	0.00269	0.04236
4	0.37233	0.31346	0.03385	0.05526	0.01406	0.05277	0.00834	0.03164	0.01079	0.01852	0.00887	0.04301	0.00782	0.00550	0.00385	0.00151	0.00535	0.00367	0.00299	0.00640
5	0.72034	0.01085	0.01003	0.02687	0.01253	0.01228	0.04903	0.03851	0.01027	0.05599	0.00859	0.00986	0.00649	0.00516	0.00375	0.00170	0.00464	0.00336	0.00352	0.00623
6	0.01099	0.01072	0.01713	0.69438	0.07956	0.04496	0.03730	0.01453	0.01124	0.01424	0.00971	0.01428	0.00737	0.00540	0.00545	0.00179	0.00739	0.00484	0.00247	0.00626
7	0.01405	0.03120	0.04028	0.14653	0.05420	0.06902	0.22677	0.14113	0.05037	0.01922	0.03092	0.01434	0.00954	0.00602	0.00706	0.00177	0.09761	0.00530	0.00333	0.03134
8	0.64658	0.01189	0.00972	0.00836	0.01187	0.05781	0.00683	0.10081	0.01194	0.07853	0.00925	0.01008	0.00689	0.00538	0.00385	0.00166	0.00478	0.00339	0.00382	0.00655
9	0.01127	0.01039	0.01701	0.66330	0.11966	0.01249	0.01504	0.05773	0.01194	0.01556	0.00995	0.01433	0.00754	0.00545	0.00544	0.00178	0.00710	0.00485	0.00263	0.00654
10	0.00792	0.00530	0.00601	0.00601	0.00604	0.00532	0.00339	0.00797	0.00795	0.01062	0.01712	0.03533	0.01967	0.78999	0.04596	0.00537	0.00551	0.00788	0.00329	0.00334
11	0.00684	0.00556	0.00612	0.00636	0.00797	0.00484	0.00489	0.00840	0.01245	0.01527	0.09022	0.11571	0.57264	0.01409	0.00663	0.00195	0.00308	0.10719	0.00511	0.00467
12	0.01169	0.01157	0.01623	0.01399	0.01404	0.01612	0.01163	0.01292	0.00837	0.01309	0.00759	0.01248	0.00754	0.01138	0.06293	0.00276	0.75251	0.00483	0.00242	0.00590
13	0.01458	0.81168	0.02857	0.00933	0.01399	0.02157	0.00933	0.01632	0.01108	0.01283	0.00758	0.00875	0.00700	0.00466	0.00350	0.00117	0.00583	0.00292	0.00233	0.00700
14	0.00792	0.00533	0.00616	0.00616	0.00624	0.00540	0.00357	0.00807	0.00799	0.01073	0.01698	0.03458	0.01934	0.74918	0.08631	0.00555	0.00600	0.00777	0.00327	0.00342
15	0.01741	0.01826	0.01825	0.01959	0.23492	0.30724	0.05613	0.16850	0.05555	0.01960	0.01089	0.01261	0.00865	0.00632	0.02079	0.00171	0.00786	0.00454	0.00345	0.00773
16	0.01429	0.01441	0.09977	0.01158	0.02820	0.12213	0.03166	0.11569	0.18217	0.08044	0.02244	0.02274	0.14886	0.03257	0.04662	0.00218	0.00624	0.00630	0.00445	0.00726
17	0.02037	0.02598	0.01545	0.01404	0.01685	0.78652	0.01053	0.02177	0.01545	0.01334	0.00843	0.00983	0.00702	0.00562	0.00492	0.00140	0.00983	0.00351	0.00281	0.00632
18	0.01173	0.01254	0.06556	0.02245	0.30269	0.01138	0.22951	0.01564	0.03963	0.01740	0.04740	0.07780	0.04190	0.00795	0.02697	0.00200	0.00687	0.04994	0.00334	0.00731
19	0.01491	0.01238	0.01309	0.01137	0.01469	0.01419	0.00896	0.16602	0.62530	0.02498	0.02047	0.01897	0.01525	0.00724	0.00553	0.00181	0.00463	0.00593	0.00553	0.00875
20	0.60467	0.01036	0.00935	0.00802	0.01155	0.01142	0.00657	0.01931	0.06892	0.18740	0.01173	0.01184	0.00838	0.00561	0.00400	0.00170	0.00432	0.00375	0.00427	0.00684
21	0.00644	0.00552	0.00552	0.00552	0.00736	0.00460	0.00414	0.00782	0.01243	0.01473	0.05523	0.05247	0.77218	0.01381	0.00644	0.00184	0.00276	0.01151	0.00506	0.00460
22	0.00682	0.00552	0.00606	0.00597	0.00760	0.00475	0.00446	0.00853	0.01324	0.01677	0.26205	0.06924	0.54366	0.01312	0.00645	0.00181	0.00272	0.01114	0.00533	0.00475
23	0.01458	0.81168	0.02857	0.00933	0.01399	0.02157	0.00933	0.01632	0.01108	0.01283	0.00758	0.00875	0.00700	0.00466	0.00350	0.00117	0.00583	0.00292	0.00233	0.00700
24	0.04428	0.00932	0.05825	0.02662	0.03384	0.00837	0.05115	0.04861	0.11760	0.03273	0.16302	0.10652	0.23529	0.01045	0.00608	0.00184	0.00420	0.03085	0.00485	0.00613
25	0.01450	0.43387	0.05701	0.01011	0.01427	0.01706	0.00937	0.03979	0.22876	0.06223	0.05283	0.01458	0.01254	0.00599	0.00449	0.00146	0.00526	0.00447	0.00379	0.00761
26	0.48949	0.01120	0.01059	0.05272	0.01368	0.03381	0.00753	0.08126	0.07591	0.15931	0.01192	0.01227	0.00856	0.00572	0.00427	0.00170	0.00478	0.00396	0.00427	0.00704
27	0.05988	0.02968	0.02120	0.13741	0.17178	0.16614	0.20449	0.01700	0.01220	0.01595	0.00943	0.01271	0.00766	0.00562	0.00698	0.00175	0.10564	0.00485	0.00269	0.00695
28	0.01077	0.00901	0.01401	0.58826	0.02993	0.01087	0.01252	0.05176	0.01183	0.01635	0.02288	0.01599	0.00935	0.00577	0.00514	0.00170	0.00620	0.00497	0.16667	0.00602
29	0.01016	0.00508	0.00508	0.00508	0.00635	0.00508	0.00381	0.01270	0.01143	0.02033	0.01778	0.02033	0.01397	0.00635	0.00381	0.00127	0.00254	0.00508	0.83867	0.00508
30	0.00793	0.00529	0.00595	0.00595	0.00595	0.00529	0.00330	0.00793	0.00793	0.01057	0.01718	0.03568	0.01982	0.80840	0.02775	0.00529	0.00529	0.00793	0.00330	0.00330
31	0.00732	0.00553	0.00675	0.00649	0.00791	0.00497	0.00485	0.00950	0.01443	0.01959	0.54451	0.06565	0.25839	0.01208	0.00645	0.00177	0.00264	0.01049	0.00570	0.00497
32	0.00871	0.00624	0.00878	0.00994	0.01117	0.00632	0.00863	0.01117	0.01226	0.01603	0.02777	0.05840	0.03001	0.01705	0.06766	0.00299	0.00576	0.68123	0.00486	0.00501
33	0.01165	0.00968	0.01134	0.00812	0.01295	0.00729	0.00650	0.01406	0.01142	0.03745	0.01000	0.01149	0.00822	0.00411	0.00407	0.00083	0.00405	0.00329	0.00332	0.82018
34	0.00664	0.00474	0.00633	0.00759	0.00791	0.00443	0.00506	0.00759	0.01044	0.01392	0.03005	0.80485	0.03606	0.01708	0.00696	0.00221	0.00316	0.01550	0.00506	0.00443
35	0.01758	0.40343	0.02175	0.01178	0.01548	0.41905	0.00995	0.01915	0.01335	0.01309	0.00802	0.00931	0.00701	0.00516	0.00423	0.00129	0.00791	0.00322	0.00258	0.00664
36	0.01015	0.00946	0.01578	0.71139	0.03471	0.01184	0.01440	0.01358	0.01066	0.01381	0.00999	0.01499	0.00776	0.00831	0.06611	0.00237	0.03136	0.00492	0.00246	0.00596
37	0.04492	0.19301	0.13829	0.02694	0.03619	0.04407	0.20994	0.09374	0.08123	0.06321	0.01164	0.01305	0.00880	0.00535	0.00515	0.00162	0.00700	0.00476	0.00337	0.00772
38	0.01333	0.01156	0.01375	0.21084	0.05953	0.09044	0.01062	0.03381	0.19989	0.07987	0.09133	0.05508	0.01646	0.00766	0.00655	0.00182	0.06392	0.02233	0.00420	0.00699
39	0.00877	0.00674	0.00817	0.00761	0.00926	0.00672	0.00576	0.01374	0.15799	0.02172	0.59669	0.03737	0.07710	0.01055	0.00626	0.00175	0.00291	0.00923	0.00587	0.00578
40	0.00664	0.00474	0.00633	0.00759	0.00791	0.00443	0.00506	0.00759	0.01044	0.01392	0.03005	0.80485	0.03606	0.01708	0.00696	0.00221	0.00316	0.01550	0.00506	0.00443
41	0.01116	0.00954	0.01115	0.00806	0.01277	0.00718	0.00642	0.01354	0.01128	0.01765	0.01030	0.03520	0.00892	0.00443	0.00413	0.00085	0.00401	0.00360	0.00329	0.81652
42	0.01130	0.00969	0.01130	0.00807	0.01292	0.00727	0.00646	0.01373	0.01130	0.01776	0.00969	0.01130	0.00807	0.00404	0.00404	0.00081	0.00404	0.00323	0.00323	0.84173
43	0.01303	0.01306	0.07392	0.27940	0.31566	0.03312	0.05588	0.03041	0.02659	0.06161	0.01182	0.01483	0.02357	0.00552	0.00566	0.00172	0.01864	0.00504	0.00297	0.00754
44	0.02008	0.03884	0.01620	0.01281	0.01667	0.23420	0.01029	0.49032	0.06222	0.02724	0.01212	0.01245	0.00897	0.00628	0.00526	0.00157	0.00699	0.00453	0.00463	0.00834
45	0.00751	0.00534	0.00706	0.00813	0.00875	0.00515	0.00603	0.00886	0.01085	0.01429	0.02862	0.43970	0.05155	0.12033	0.00987	0.00271	0.00404	0.25191	0.00482	0.00448
46	0.01031	0.00785	0.00946	0.05345	0.01131	0.05298	0.00690	0.02906	0.01078	0.06545	0.07283	0.06432	0.04859	0.21215	0.23776	0.00470	0.05485	0.03838	0.00377	0.00510
47	0.01458	0.81168	0.02857	0.00933	0.01399	0.02157	0.00933	0.01632	0.01108	0.01283	0.00758	0.00875	0.00700	0.00466	0.00350	0.00117	0.00583	0.00292	0.00233	0.00700
48	0.00673	0.00481	0.00640	0.00753	0.00793	0.00448	0.00507	0.00780	0.01082	0.01453	0.08726	0.74589	0.03724	0.01662	0.00692	0.00218	0.00312	0.01506	0.00513	0.00448
49	0.00705	0.00527	0.00653	0.00721	0.00816	0.00484	0.00524	0.00847	0.01173	0.01525	0.12403	0.38551	0.23158	0.04782	0.00769	0.00222	0.00332	0.10838	0.00510	0.00459
50	0.01234	0.01401	0.06885	0.12838	0.13878	0.10848	0.18796	0.03093	0.01253	0.01595	0.01695	0.02087	0.11275	0.04075	0.00731	0.00193	0.04432	0.02716	0.00312	0.00665
51	0.01349	0.01295	0.02213	0.03346	0.77440	0.01295	0.01673	0.01673	0.01241	0.01781	0.01025	0.01349	0.00864	0.00486	0.00540	0.00162	0.00648	0.00486	0.00270	0.00864
52	0.00861	0.00619	0.00855	0.00975	0.01100	0.00614	0.00845	0.01102	0.01248	0.01617	0.03017	0.08344	0.06728	0.01506	0.00746	0.00247	0.00486	0.68090	0.00502	0.00498
53	0.08748	0.00892	0.01427	0.09684	0.01640	0.00956	0.15311	0.07284	0.01082	0.01581	0.01143	0.01660	0.00994	0.03010	0.22200	0.20169	0.00863	0.00528	0.00296	0.00532
54	0.01636	0.18302	0.04582	0.03133	0.03253	0.18623	0.02986	0.15206	0.17588	0.03566	0.01309	0.03595	0.01052	0.00633	0.00525	0.00158	0.02225	0.00477	0.00388	0.00762
55	0.84691	0.01054	0.00801	0.00717	0.01054	0.01223	0.00590	0.01603	0.00928	0.02446	0.00759	0.00886	0.00590	0.00506	0.00337	0.00169	0.00422	0.00295	0.00337	0.00590
56	0.00835	0.00682	0.02880	0.00917	0.01040	0.00748	0.00737	0.03248	0.00933	0.01344	0.01428	0.02071	0.01319	0.03828	0.72700	0.00823	0.03087	0.00574	0.00297	0.00510
57	0.00779	0.00584	0.00876	0.00876	0.00974	0.00681	0.00681	0.00974	0.00876	0.01266	0.01460	0.02142	0.01363	0.04089	0.78680	0.00876	0.01460	0.00584	0.00292	0.00487
58	0.01393	0.07818	0.32581	0.03638	0.10076	0.17491	0.01436	0.01836	0.05684	0.04809	0.01119	0.01394	0.00898	0.06738	0.00681	0.00189	0.00750	0.00444	0.00291	0.00734
59	0.00759	0.00583	0.00707	0.00664	0.00829	0.00512	0.00497	0.00974	0.01402	0.01918	0.47890	0.08634	0.23878	0.01165	0.00628	0.00171	0.00277	0.01012	0.00548	0.06951
60	0.01644	0.55881	0.02435	0.01085	0.01491	0.26777	0.00972	0.01808	0.01248	0.01299	0.00785	0.00909	0.00700	0.00497	0.00395	0.00124	0.00712	0.00311	0.00249	0.00678
61	0.01320	0.01103	0.01179	0.01050	0.01349	0.01241	0.00810	0.02639	0.64426	0.03732	0.03713	0.02110	0.01700	0.05419	0.00678	0.00198	0.00432	0.00616	0.00531	0.05755
62	0.03605	0.11640	0.26164	0.04884	0.03910	0.11945	0.04094	0.13555	0.03450	0.10029	0.01143	0.01242	0.00835	0.00560	0.00505	0.00160	0.00711	0.00429	0.00349	0.00788
63	0.00924	0.00806	0.01038	0.11179	0.01393	0.04022	0.05111	0.03170	0.05127	0.01896	0.37490	0.03536	0.20162	0.01007	0.00617	0.00176	0.00411	0.00879	0.00495	0.00560
64	0.00730	0.00536	0.00684	0.00688	0.00799	0.00490	0.00500	0.00933	0.01384	0.01905	0.50302	0.23154	0.13284	0.01293	0.00656	0.00185	0.00274	0.01145	0.00566	0.00490
65	0.01118	0.01026	0.01684	0.63471	0.09863	0.01225	0.02939	0.05805	0.01201	0.01564	0.01078	0.01635	0.00854	0.00585	0.00555	0.00182	0.00707	0.03588	0.00274	0.00645
66	0.01183	0.04475	0.42316	0.10759	0.16643	0.02875	0.07439	0.01669	0.01165	0.01662	0.00975	0.01237	0.00739	0.00528	0.00583	0.00173	0.04115	0.00445	0.00244	0.00773
67	0.01556	0.01469	0.01429	0.01396	0.08926	0.14601	0.00995	0.11217	0.47599	0.02206	0.01760	0.01702	0.01335	0.00674	0.00541	0.00173	0.00567	0.00543	0.00479	0.00831
68	0.00873	0.00625	0.00878	0.00996	0.01120	0.00631	0.00867	0.01120	0.01233	0.01610	0.02802	0.05912	0.03033	0.01659	0.05364	0.00288	0.00559	0.69440	0.00490	0.00501
69	0.01135	0.01188	0.06364	0.50399	0.25557	0.01244	0.03379	0.01505	0.01143	0.01537	0.00990	0.01405	0.00768	0.00524	0.00544	0.00175	0.00713	0.00484	0.00251	0.00697
70	0.00953	0.00598	0.00783	0.00714	0.00876	0.00545	0.00544	0.01202	0.01537	0.10527	0.66997	0.03858	0.06601	0.01073	0.00633	0.00171	0.00281	0.00942	0.00606	0.00559
71	0.00769	0.00572	0.00717	0.00678	0.00819	0.00528	0.00509	0.01042	0.03409	0.02090	0.65293	0.04184	0.15068	0.01142	0.00641	0.00174	0.00264	0.00999	0.00586	0.00516
72	0.01112	0.01043	0.05609	0.01082	0.04460	0.01038	0.00831	0.02047	0.41952	0.01971	0.08962	0.13134	0.06910	0.05094	0.00703	0.00206	0.00429	0.02198	0.00505	0.00712
73	0.01144	0.00981	0.01137	0.00825	0.01299	0.00764	0.00659	0.01463	0.05587	0.01806	0.01043	0.01184	0.00858	0.00424	0.00413	0.00087	0.00405	0.00340	0.00337	0.79244
74	0.01392	0.01209	0.11506	0.05791	0.01608	0.00844	0.00915	0.01687	0.01220	0.17489	0.01215	0.01303	0.00899	0.00484	0.00458	0.00118	0.00490	0.00390	0.00378	0.50605
75	0.00670	0.00537	0.00599	0.00625	0.00767	0.00467	0.00457	0.00815	0.01236	0.01546	0.13755	0.21850	0.50303	0.01423	0.00658	0.00192	0.00288	0.02830	0.00518	0.00464
76	0.01477	0.09804	0.12970	0.01405	0.07694	0.03183	0.04287	0.17213	0.29711	0.02241	0.01515	0.01534	0.01143	0.00623	0.00523	0.00167	0.00582	0.00508	0.02588	0.00831
77	0.01471	0.70395	0.02688	0.00999	0.01418	0.06600	0.00960	0.01640	0.01112	0.01288	0.00760	0.00905	0.00701	0.00510	0.00469	0.00127	0.06722	0.00309	0.00236	0.00688
78	0.00923	0.02625	0.04163	0.13761	0.01483	0.03577	0.00823	0.02316	0.05829	0.01503	0.02291	0.31232	0.06681	0.06008	0.04433	0.00248	0.00529	0.07162	0.00413	0.04000

[dist]
# distance from previous block
# <min> <max>
0	2

[block]
# block no. 6 follows, 44 sequences, length 23
# corresponding to MSA columns:
# 402-404,410-429
name=unknown_G
#
# <colnr> <probs for GDERKNQSTAVLIFYWHMCP>
#	G	D	E	R	K	N	Q	S	T	A	V	L	I	F	Y	W	H	M	C	P
0	0.01755	0.05584	0.08787	0.04515	0.07639	0.01511	0.01150	0.41700	0.09340	0.07052	0.03222	0.01450	0.01078	0.00641	0.00558	0.00167	0.02016	0.00499	0.00471	0.00864
1	0.04043	0.12287	0.05819	0.05583	0.04583	0.02899	0.00936	0.14685	0.06493	0.03374	0.07197	0.13453	0.02778	0.01165	0.07609	0.00239	0.00608	0.05158	0.00417	0.00673
2	0.00793	0.00561	0.00692	0.00687	0.00828	0.00507	0.00512	0.00982	0.01336	0.05191	0.34493	0.17856	0.26115	0.01385	0.03105	0.00209	0.00328	0.03371	0.00546	0.00503
3	0.57029	0.01213	0.01081	0.00897	0.01267	0.01380	0.00740	0.26386	0.01475	0.02777	0.00943	0.01027	0.00703	0.00556	0.00407	0.00167	0.00481	0.00361	0.00407	0.00703
4	0.02638	0.02898	0.17073	0.01110	0.02573	0.03079	0.01030	0.06958	0.18724	0.01933	0.03777	0.06280	0.07637	0.00874	0.02282	0.00185	0.00543	0.07077	0.00416	0.12914
5	0.00913	0.00776	0.01214	0.22849	0.06176	0.00933	0.00996	0.01149	0.00950	0.01327	0.01252	0.01884	0.01131	0.05385	0.43992	0.00582	0.07123	0.00550	0.00274	0.00544
6	0.00716	0.00608	0.00624	0.00610	0.00802	0.00544	0.00461	0.00988	0.08053	0.01587	0.09355	0.04889	0.66238	0.01307	0.00636	0.00183	0.00289	0.01093	0.00516	0.00500
7	0.03763	0.01162	0.03985	0.03461	0.01712	0.02911	0.12365	0.09159	0.05773	0.42922	0.01826	0.05704	0.01292	0.00681	0.00564	0.00174	0.00567	0.00596	0.00543	0.00842
8	0.01355	0.05469	0.01858	0.28783	0.18033	0.14161	0.06855	0.04783	0.05614	0.01619	0.01120	0.04441	0.00932	0.00594	0.00561	0.00170	0.02142	0.00514	0.00297	0.00699
9	0.01206	0.09384	0.57482	0.01356	0.02041	0.01231	0.01665	0.01716	0.01192	0.08486	0.01474	0.01560	0.07662	0.00605	0.00517	0.00168	0.00708	0.00474	0.00295	0.00776
10	0.01016	0.00508	0.00508	0.00508	0.00635	0.00508	0.00381	0.01270	0.01143	0.02033	0.01778	0.02033	0.01397	0.00635	0.00381	0.00127	0.00254	0.00508	0.83867	0.00508
11	0.01250	0.01438	0.13563	0.07035	0.05475	0.05120	0.20783	0.06197	0.07517	0.04130	0.02863	0.01723	0.01129	0.05827	0.13193	0.00308	0.00855	0.00565	0.00331	0.00698
12	0.17225	0.35787	0.07353	0.03152	0.03174	0.11258	0.05398	0.03469	0.01188	0.01653	0.00950	0.01281	0.00835	0.00555	0.00431	0.00149	0.00638	0.04540	0.00285	0.00675
13	0.00815	0.00593	0.00823	0.02475	0.02658	0.00597	0.00721	0.00999	0.01126	0.01499	0.05916	0.23557	0.02956	0.10520	0.08111	0.00325	0.00544	0.34830	0.00459	0.00477
14	0.06032	0.01047	0.01387	0.05284	0.18735	0.00911	0.00924	0.01492	0.01154	0.03965	0.01003	0.01203	0.00819	0.00443	0.00442	0.00112	0.00478	0.00373	0.00318	0.53878
15	0.00865	0.00729	0.00809	0.00811	0.03637	0.00716	0.00586	0.01371	0.19465	0.01812	0.17986	0.04112	0.42757	0.01144	0.00619	0.00181	0.00323	0.00967	0.00527	0.00582
16	0.00780	0.00581	0.00860	0.00860	0.00952	0.00673	0.00661	0.00963	0.00871	0.01254	0.01475	0.02223	0.01398	0.08474	0.74343	0.00856	0.01407	0.00596	0.00294	0.00478
17	0.01102	0.00983	0.01621	0.17243	0.29455	0.01029	0.04738	0.01433	0.02721	0.01652	0.01743	0.05032	0.01715	0.00889	0.00624	0.00200	0.00612	0.26181	0.00358	0.00670
18	0.00675	0.00482	0.00645	0.00772	0.00808	0.00452	0.00526	0.00778	0.01055	0.01404	0.02999	0.76598	0.03581	0.01697	0.00699	0.00223	0.00326	0.05326	0.00506	0.00446
19	0.01136	0.02481	0.61466	0.02892	0.04436	0.01293	0.06480	0.01799	0.07057	0.01754	0.01076	0.01252	0.00782	0.00545	0.00570	0.00176	0.03306	0.00441	0.00260	0.00797
20	0.01390	0.01353	0.02048	0.02842	0.59918	0.06232	0.02990	0.03977	0.01290	0.01803	0.01018	0.01302	0.00848	0.00486	0.00523	0.00152	0.00645	0.00462	0.00285	0.10438
21	0.00814	0.00564	0.00731	0.00726	0.00828	0.00557	0.00528	0.00973	0.01141	0.04245	0.23176	0.11876	0.11491	0.17491	0.19691	0.00419	0.00621	0.03203	0.00453	0.00472
22	0.01173	0.05775	0.05494	0.00945	0.01193	0.16909	0.00776	0.03422	0.09057	0.01918	0.37570	0.02901	0.08909	0.00901	0.00577	0.00164	0.00485	0.00745	0.00479	0.00607

[dist]
# distance from previous block
# <min> <max>
1	4

[block]
# block no. 7 follows, 44 sequences, length 8
# corresponding to MSA columns:
# 440-447
name=unknown_H
#
# <colnr> <probs for GDERKNQSTAVLIFYWHMCP>
#	G	D	E	R	K	N	Q	S	T	A	V	L	I	F	Y	W	H	M	C	P
0	0.41582	0.01315	0.01214	0.03492	0.08860	0.10375	0.00862	0.10378	0.07667	0.04429	0.01038	0.01145	0.00796	0.00549	0.00433	0.00162	0.00541	0.00385	0.00373	0.04405
1	0.00750	0.00556	0.00699	0.00664	0.00801	0.00505	0.00498	0.00988	0.01493	0.02067	0.65208	0.04268	0.17162	0.01159	0.00643	0.00174	0.00260	0.01013	0.00584	0.00505
2	0.00915	0.03493	0.05920	0.03435	0.01068	0.02890	0.00681	0.03938	0.01237	0.01701	0.31319	0.03039	0.02877	0.19914	0.14874	0.00376	0.00628	0.00756	0.00424	0.00514
3	0.01349	0.01295	0.02213	0.03346	0.77440	0.01295	0.01673	0.01673	0.01241	0.01781	0.01025	0.01349	0.00864	0.00486	0.00540	0.00162	0.00648	0.00486	0.00270	0.00864
4	0.01030	0.00969	0.01635	0.79530	0.03755	0.01211	0.01514	0.01393	0.01090	0.01393	0.00969	0.01453	0.00727	0.00545	0.00545	0.00182	0.00727	0.00484	0.00242	0.00606
5	0.01949	0.05247	0.08990	0.01279	0.01741	0.06687	0.01126	0.60491	0.02297	0.03040	0.01223	0.01253	0.00880	0.00627	0.00531	0.00161	0.00644	0.00464	0.00484	0.00886
6	0.01793	0.00827	0.01068	0.00860	0.01200	0.00723	0.00692	0.02053	0.04294	0.46954	0.14623	0.02651	0.12673	0.00830	0.00568	0.00166	0.00399	0.00692	0.00611	0.06324
7	0.05217	0.19946	0.13844	0.01436	0.12298	0.03366	0.01172	0.21111	0.01538	0.05155	0.01336	0.06572	0.03441	0.00651	0.00498	0.00158	0.00602	0.00512	0.00371	0.00777

[dist]
# distance from previous block
# <min> <max>
0	5

[block]
# block no. 8 follows, 44 sequences, length 11
# corresponding to MSA columns:
# 453-463
name=unknown_I
#
# <colnr> <probs for GDERKNQSTAVLIFYWHMCP>
#	G	D	E	R	K	N	Q	S	T	A	V	L	I	F	Y	W	H	M	C	P
0	0.08047	0.13560	0.10161	0.03533	0.01723	0.17333	0.06403	0.08907	0.09407	0.05506	0.03309	0.01317	0.00986	0.00611	0.00595	0.00164	0.06916	0.00448	0.00350	0.00725
1	0.25651	0.03932	0.04254	0.01365	0.15873	0.05607	0.00939	0.03259	0.01293	0.20490	0.08700	0.01669	0.03511	0.00633	0.00486	0.00165	0.00512	0.00496	0.00430	0.00735
2	0.01190	0.00944	0.01399	0.04365	0.25448	0.00930	0.03066	0.03673	0.06909	0.08128	0.17293	0.07428	0.10562	0.00857	0.00590	0.00174	0.00473	0.03022	0.00448	0.03103
3	0.00790	0.00538	0.00644	0.00644	0.00661	0.00555	0.00392	0.00825	0.00807	0.01094	0.01673	0.03317	0.01873	0.67359	0.16107	0.00590	0.00692	0.00756	0.00324	0.00358
4	0.23326	0.00992	0.01086	0.00912	0.01254	0.01031	0.00739	0.05536	0.16587	0.30542	0.06103	0.01854	0.01462	0.00687	0.00499	0.00172	0.00433	0.02277	0.03730	0.00777
5	0.01230	0.01618	0.24928	0.01574	0.02077	0.01115	0.27466	0.01657	0.01294	0.09410	0.14712	0.04384	0.01689	0.00673	0.00640	0.00180	0.03620	0.00645	0.00366	0.00722
6	0.00780	0.00531	0.00633	0.00644	0.00658	0.00541	0.00389	0.00813	0.00824	0.01111	0.01791	0.09719	0.02038	0.64688	0.12138	0.00547	0.00628	0.00829	0.00340	0.00359
7	0.06941	0.07726	0.01422	0.01037	0.01424	0.05642	0.00868	0.16759	0.01654	0.40656	0.01782	0.01969	0.01301	0.00716	0.00535	0.00170	0.00532	0.07480	0.00554	0.00831
8	0.84691	0.01054	0.00801	0.00717	0.01054	0.01223	0.00590	0.01603	0.00928	0.02446	0.00759	0.00886	0.00590	0.00506	0.00337	0.00169	0.00422	0.00295	0.00337	0.00590
9	0.01368	0.04375	0.04028	0.09142	0.35403	0.13083	0.05678	0.03168	0.04080	0.01715	0.07303	0.01550	0.01205	0.00668	0.02494	0.00182	0.02989	0.00513	0.00310	0.00746
10	0.23219	0.05139	0.01594	0.01366	0.05581	0.26312	0.09233	0.05357	0.05688	0.01857	0.01043	0.01349	0.00873	0.00608	0.00559	0.00167	0.05348	0.03711	0.00328	0.00667

[dist]
# distance from previous block
# <min> <max>
0	1

[block]
# block no. 9 follows, 44 sequences, length 12
# corresponding to MSA columns:
# 465-476
name=unknown_J
#
# <colnr> <probs for GDERKNQSTAVLIFYWHMCP>
#	G	D	E	R	K	N	Q	S	T	A	V	L	I	F	Y	W	H	M	C	P
0	0.00955	0.05969	0.01105	0.05696	0.01241	0.00834	0.04406	0.04760	0.08709	0.01780	0.19159	0.14221	0.16792	0.01146	0.00683	0.03620	0.00416	0.07467	0.00477	0.00564
1	0.01291	0.02256	0.52154	0.01493	0.02158	0.01226	0.08526	0.06624	0.04391	0.08911	0.01267	0.05055	0.00958	0.00602	0.00544	0.00176	0.00732	0.00508	0.00323	0.00804
2	0.00747	0.00538	0.00657	0.00669	0.00735	0.00529	0.00449	0.00848	0.01015	0.01358	0.12921	0.14328	0.14250	0.34166	0.14004	0.00438	0.00571	0.00947	0.00413	0.00417
3	0.03934	0.42968	0.06894	0.01136	0.01513	0.18154	0.01046	0.01750	0.01178	0.04488	0.00840	0.00999	0.00725	0.00568	0.00599	0.00146	0.11766	0.00348	0.00265	0.00684
4	0.00664	0.00544	0.00574	0.00584	0.00738	0.00466	0.00424	0.00797	0.01215	0.01485	0.09699	0.12434	0.60627	0.06352	0.00782	0.00208	0.00295	0.01157	0.00501	0.00454
5	0.00957	0.00824	0.06696	0.00867	0.01081	0.00677	0.02617	0.05839	0.01471	0.05626	0.42479	0.13635	0.07764	0.01121	0.00638	0.00184	0.00373	0.06037	0.00540	0.00575
6	0.02037	0.02598	0.01545	0.01404	0.01685	0.78652	0.01053	0.02177	0.01545	0.01334	0.00843	0.00983	0.00702	0.00562	0.00492	0.00140	0.00983	0.00351	0.00281	0.00632
7	0.00764	0.00546	0.00691	0.00747	0.00846	0.00518	0.00551	0.00904	0.01120	0.03344	0.06566	0.31745	0.20579	0.08673	0.08404	0.00304	0.00465	0.12289	0.00478	0.00466
8	0.04229	0.21068	0.17512	0.01479	0.08553	0.07820	0.08214	0.01872	0.01238	0.15428	0.01116	0.01241	0.00841	0.00561	0.00583	0.00161	0.06563	0.00430	0.00328	0.00764
9	0.06460	0.34086	0.34040	0.01249	0.01845	0.03859	0.03942	0.03648	0.01185	0.03834	0.00919	0.01054	0.00718	0.00504	0.00444	0.00149	0.00686	0.00365	0.00262	0.00749
10	0.00820	0.00556	0.00677	0.00676	0.00801	0.00502	0.00484	0.00974	0.01258	0.06548	0.26253	0.23088	0.24037	0.09767	0.00877	0.00225	0.00319	0.01122	0.00527	0.00489
11	0.01196	0.11908	0.29464	0.01313	0.01798	0.08535	0.07644	0.02942	0.01212	0.01608	0.01474	0.08154	0.04537	0.00743	0.00587	0.00171	0.03694	0.06909	0.00309	0.05801

[dist]
# distance from previous block
# <min> <max>
0	14

# created by:
# /st0/software/busco_prod/Augustus/scripts/msa2prfl.pl ./align_prep/123184.fa
