[name]
unknown

[dist]
# distance from previous block
# <min> <max>
0	509

[block]
# block no. 0 follows, 52 sequences, length 15
# corresponding to MSA columns:
# 511-525
name=unknown_A
#
# <colnr> <probs for GDERKNQSTAVLIFYWHMCP>
#	G	D	E	R	K	N	Q	S	T	A	V	L	I	F	Y	W	H	M	C	P
0	0.05960	0.04257	0.14634	0.01511	0.19417	0.07027	0.02275	0.19242	0.04830	0.01906	0.03050	0.05617	0.01077	0.00600	0.00477	0.00150	0.00558	0.04332	0.00334	0.02747
1	0.06766	0.16628	0.11061	0.01146	0.03088	0.15331	0.05817	0.17016	0.08835	0.03683	0.01029	0.01159	0.00806	0.00513	0.00435	0.00137	0.00595	0.01791	0.00323	0.03841
2	0.05360	0.12566	0.17812	0.01205	0.06556	0.13489	0.03610	0.09056	0.09315	0.06724	0.03298	0.03445	0.02383	0.00552	0.00448	0.00141	0.00578	0.00432	0.00324	0.02705
3	0.01292	0.15817	0.31512	0.03112	0.04774	0.03214	0.01219	0.20572	0.01359	0.05015	0.01241	0.01313	0.06403	0.00544	0.00451	0.00143	0.00587	0.00417	0.00311	0.00703
4	0.05197	0.10620	0.20999	0.01240	0.07105	0.11799	0.03443	0.15460	0.04834	0.04995	0.01153	0.01233	0.04233	0.00521	0.00445	0.00139	0.00593	0.00402	0.00314	0.05274
5	0.05309	0.06014	0.20146	0.01239	0.06845	0.02694	0.06324	0.14560	0.08883	0.11932	0.02911	0.01509	0.03088	0.00568	0.00473	0.00149	0.00545	0.03081	0.00365	0.03365
6	0.07696	0.04225	0.05670	0.01176	0.09093	0.03762	0.04300	0.18388	0.10532	0.09111	0.08301	0.01513	0.01239	0.00568	0.00462	0.00140	0.00480	0.01820	0.00394	0.11131
7	0.08214	0.06520	0.18513	0.03128	0.01477	0.02199	0.04353	0.14981	0.11363	0.04882	0.05510	0.01594	0.06495	0.02544	0.00526	0.00155	0.01746	0.00477	0.00357	0.04967
8	0.03519	0.01370	0.11822	0.05943	0.48109	0.07573	0.01345	0.03629	0.01135	0.03477	0.00982	0.01203	0.02101	0.00462	0.00464	0.00141	0.00593	0.00412	0.00258	0.05464
9	0.00640	0.00516	0.00575	0.00548	0.00708	0.00441	0.00408	0.00793	0.01149	0.01485	0.24582	0.07240	0.47884	0.03850	0.00622	0.00165	0.00258	0.00933	0.00455	0.06747
10	0.01025	0.01111	0.10491	0.01589	0.21063	0.00943	0.14554	0.07728	0.03378	0.01719	0.16582	0.07993	0.06011	0.02929	0.00582	0.00165	0.00515	0.00648	0.00350	0.00626
11	0.00726	0.00503	0.00604	0.00660	0.04610	0.00502	0.00361	0.00744	0.00734	0.00984	0.01540	0.06146	0.01767	0.75583	0.02293	0.00443	0.00468	0.00717	0.00297	0.00322
12	0.01170	0.01124	0.01821	0.02674	0.69316	0.02950	0.01364	0.01445	0.01115	0.01581	0.03918	0.01351	0.02712	0.00469	0.00478	0.00141	0.00551	0.00452	0.00258	0.05113
13	0.01191	0.01087	0.01642	0.12685	0.40757	0.03129	0.03267	0.05745	0.01137	0.03463	0.00923	0.01170	0.00747	0.00446	0.00482	0.00133	0.02438	0.00403	0.00269	0.18887
14	0.01174	0.01058	0.01638	0.10275	0.50660	0.02624	0.01242	0.06918	0.03067	0.03472	0.05913	0.03736	0.04969	0.00560	0.00494	0.00149	0.00532	0.00515	0.00303	0.00700

[dist]
# distance from previous block
# <min> <max>
0	3

[block]
# block no. 1 follows, 52 sequences, length 11
# corresponding to MSA columns:
# 529-539
name=unknown_B
#
# <colnr> <probs for GDERKNQSTAVLIFYWHMCP>
#	G	D	E	R	K	N	Q	S	T	A	V	L	I	F	Y	W	H	M	C	P
0	0.03317	0.01077	0.01415	0.32050	0.23826	0.11611	0.01141	0.01337	0.01103	0.01429	0.08258	0.01637	0.06566	0.00566	0.00483	0.00149	0.00577	0.00489	0.00276	0.02695
1	0.01174	0.01100	0.01794	0.12231	0.59896	0.01146	0.01374	0.05372	0.03336	0.01610	0.01073	0.01336	0.03369	0.00489	0.00512	0.00149	0.02599	0.00454	0.00263	0.00725
2	0.01574	0.01567	0.01334	0.01095	0.01422	0.35238	0.05453	0.14530	0.01412	0.07720	0.01020	0.03443	0.00818	0.00516	0.00443	0.00123	0.00635	0.00391	0.02162	0.19104
3	0.00637	0.00477	0.00630	0.06327	0.00882	0.00467	0.00507	0.00744	0.00933	0.01220	0.02647	0.51435	0.12396	0.10867	0.03196	0.00240	0.00363	0.05224	0.00410	0.00398
4	0.00915	0.00861	0.01453	0.81804	0.03338	0.01077	0.01346	0.01238	0.00969	0.01238	0.00861	0.01292	0.00646	0.00484	0.00484	0.00161	0.00646	0.00431	0.00215	0.00538
5	0.01111	0.01112	0.02040	0.10857	0.37943	0.01115	0.24933	0.01483	0.04768	0.01560	0.03669	0.01533	0.02723	0.00499	0.00519	0.00155	0.00626	0.02400	0.00270	0.00682
6	0.01018	0.00935	0.01522	0.65605	0.13465	0.01116	0.01335	0.06666	0.01079	0.01411	0.00889	0.01271	0.00675	0.00484	0.00484	0.00158	0.00629	0.00431	0.00237	0.00589
7	0.01041	0.05256	0.06902	0.06431	0.23917	0.05889	0.07156	0.01287	0.01120	0.04402	0.09689	0.09257	0.12861	0.00722	0.00528	0.00154	0.01819	0.00640	0.00328	0.00602
8	0.02871	0.11825	0.04034	0.05635	0.19554	0.04361	0.03064	0.04855	0.02612	0.05210	0.14584	0.04150	0.04076	0.00601	0.00464	0.00136	0.00474	0.00514	0.00336	0.10643
9	0.01470	0.09165	0.09499	0.01063	0.01444	0.01340	0.03106	0.43425	0.10780	0.02363	0.03132	0.03068	0.05029	0.02287	0.00518	0.00154	0.00513	0.00492	0.00419	0.00734
10	0.01473	0.25309	0.16493	0.01072	0.01520	0.05764	0.01042	0.32882	0.03760	0.02037	0.00957	0.01023	0.00731	0.00501	0.00423	0.00132	0.00571	0.00362	0.00333	0.03614

[dist]
# distance from previous block
# <min> <max>
2	13

[block]
# block no. 2 follows, 52 sequences, length 37
# corresponding to MSA columns:
# 553-589
name=unknown_C
#
# <colnr> <probs for GDERKNQSTAVLIFYWHMCP>
#	G	D	E	R	K	N	Q	S	T	A	V	L	I	F	Y	W	H	M	C	P
0	0.03326	0.24545	0.30457	0.04180	0.04274	0.08026	0.01173	0.01486	0.02542	0.02616	0.04441	0.02567	0.02282	0.00506	0.00419	0.00133	0.00588	0.00383	0.00253	0.05805
1	0.01233	0.15371	0.17097	0.01238	0.07536	0.08435	0.07196	0.04174	0.07413	0.07882	0.05485	0.05643	0.02295	0.00605	0.00469	0.00145	0.00560	0.03471	0.00325	0.03427
2	0.03235	0.11306	0.26810	0.01201	0.01660	0.04738	0.10576	0.14886	0.02509	0.04741	0.04619	0.02907	0.00980	0.03640	0.00556	0.00158	0.01868	0.00446	0.00308	0.02856
3	0.00853	0.05833	0.06963	0.00724	0.00936	0.05286	0.00616	0.02332	0.04699	0.03334	0.37214	0.06333	0.21169	0.00934	0.00535	0.00153	0.00343	0.00791	0.00448	0.00507
4	0.01007	0.00884	0.01226	0.23821	0.05381	0.04067	0.05912	0.12354	0.01184	0.01551	0.01648	0.24034	0.05084	0.02330	0.00589	0.00172	0.02250	0.02698	0.00344	0.03464
5	0.04381	0.01264	0.10378	0.01072	0.04352	0.07154	0.00895	0.22762	0.10841	0.16606	0.04536	0.07807	0.01290	0.03759	0.00562	0.00165	0.00502	0.00535	0.00433	0.00704
6	0.01187	0.01142	0.01788	0.07778	0.56687	0.04273	0.04218	0.04061	0.04501	0.01612	0.03158	0.01389	0.03344	0.00490	0.00485	0.00145	0.00568	0.00465	0.00273	0.02434
7	0.00603	0.00437	0.00570	0.00653	0.00703	0.00404	0.00445	0.00710	0.01003	0.01343	0.13834	0.66167	0.08487	0.01423	0.00609	0.00188	0.00271	0.01282	0.00462	0.00404
8	0.04872	0.08724	0.62236	0.01318	0.03317	0.01190	0.03108	0.02967	0.03476	0.03158	0.00909	0.01041	0.00658	0.00466	0.00446	0.00149	0.00665	0.00361	0.00233	0.00706
9	0.01058	0.15506	0.64723	0.01287	0.01936	0.04471	0.01601	0.01537	0.01031	0.01457	0.00833	0.00978	0.00616	0.00455	0.00435	0.00144	0.00691	0.00340	0.00207	0.00695
10	0.00873	0.00630	0.00774	0.00805	0.00949	0.00641	0.00638	0.01284	0.17315	0.05927	0.02721	0.24391	0.11988	0.01188	0.00597	0.00193	0.00364	0.27742	0.00466	0.00516
11	0.01189	0.01140	0.01948	0.05947	0.77057	0.01149	0.01482	0.01478	0.01098	0.01570	0.00910	0.01203	0.00763	0.00434	0.00480	0.00145	0.00578	0.00432	0.00239	0.00759
12	0.01004	0.03089	0.27978	0.01046	0.03401	0.00939	0.01035	0.04340	0.18677	0.04740	0.06428	0.09480	0.12549	0.00769	0.00509	0.00161	0.00475	0.02362	0.00378	0.00641
13	0.00711	0.00577	0.00778	0.14098	0.05189	0.00568	0.00635	0.00880	0.01068	0.02754	0.10227	0.23188	0.32704	0.01107	0.00567	0.00171	0.00346	0.03561	0.00411	0.00458
14	0.01144	0.01307	0.02859	0.02042	0.02533	0.01225	0.78186	0.01552	0.01144	0.01552	0.00980	0.01307	0.00735	0.00408	0.00572	0.00163	0.00817	0.00572	0.00245	0.00654
15	0.01256	0.01279	0.01816	0.10076	0.60099	0.11991	0.01381	0.01553	0.03125	0.01508	0.00912	0.01179	0.00755	0.00452	0.00475	0.00144	0.00618	0.00418	0.00245	0.00718
16	0.00598	0.00430	0.00570	0.00678	0.00715	0.00401	0.00462	0.00690	0.00942	0.01249	0.02739	0.76704	0.05675	0.01501	0.00619	0.00197	0.00287	0.04696	0.00450	0.00396
17	0.00915	0.00861	0.01453	0.81804	0.03338	0.01077	0.01346	0.01238	0.00969	0.01238	0.00861	0.01292	0.00646	0.00484	0.00484	0.00161	0.00646	0.00431	0.00215	0.00538
18	0.03809	0.05018	0.37953	0.01743	0.16955	0.07087	0.15686	0.01571	0.01087	0.03318	0.00899	0.01096	0.00677	0.00449	0.00473	0.00149	0.00694	0.00404	0.00234	0.00696
19	0.00937	0.00884	0.01493	0.75686	0.09284	0.01082	0.01357	0.01257	0.00979	0.01265	0.00865	0.01285	0.00655	0.00480	0.00484	0.00160	0.00641	0.00431	0.00217	0.00556
20	0.01027	0.00913	0.01196	0.02721	0.01336	0.00741	0.07969	0.01324	0.05162	0.01593	0.00932	0.01083	0.00758	0.00382	0.00389	0.00087	0.00410	0.00331	0.00292	0.71353
21	0.03363	0.01734	0.01462	0.06287	0.12831	0.44250	0.01044	0.04221	0.01222	0.04013	0.00812	0.01011	0.00672	0.00553	0.00641	0.00147	0.14510	0.00364	0.00261	0.00601
22	0.86392	0.00937	0.00712	0.00637	0.00937	0.01087	0.00525	0.01425	0.00825	0.02174	0.00675	0.00787	0.00525	0.00450	0.00300	0.00150	0.00375	0.00262	0.00300	0.00525
23	0.00673	0.00495	0.00630	0.00596	0.00716	0.00452	0.00447	0.00890	0.01341	0.01871	0.71222	0.03738	0.13086	0.01017	0.00572	0.00154	0.00231	0.00893	0.00524	0.00452
24	0.01787	0.08009	0.01503	0.01149	0.01481	0.35029	0.00920	0.40285	0.01798	0.02121	0.00952	0.01012	0.00724	0.00534	0.00451	0.00134	0.00676	0.00370	0.00365	0.00698
25	0.00689	0.00499	0.00588	0.00575	0.00713	0.00439	0.00427	0.00852	0.01201	0.05009	0.33836	0.13030	0.38097	0.01140	0.00574	0.00162	0.00250	0.00982	0.00489	0.00444
26	0.00759	0.00519	0.00657	0.02715	0.00815	0.00474	0.00484	0.00943	0.01234	0.07177	0.42403	0.14057	0.21980	0.01084	0.00572	0.00163	0.00268	0.02735	0.00497	0.00465
27	0.45844	0.01037	0.00982	0.00821	0.01146	0.01159	0.00671	0.19508	0.12051	0.10859	0.01102	0.01110	0.00800	0.00525	0.00390	0.00151	0.00417	0.00367	0.00402	0.00660
28	0.00598	0.00427	0.00571	0.00683	0.00715	0.00400	0.00463	0.00688	0.00935	0.01246	0.02667	0.79598	0.03189	0.01511	0.00621	0.00198	0.00288	0.04358	0.00450	0.00396
29	0.02096	0.00842	0.01122	0.00872	0.01239	0.00752	0.00717	0.02379	0.07689	0.73933	0.01917	0.01662	0.01222	0.00604	0.00488	0.00151	0.00410	0.00492	0.00591	0.00820
30	0.00686	0.00497	0.00622	0.00687	0.00765	0.00478	0.00483	0.00895	0.07421	0.03173	0.07301	0.59101	0.11265	0.01360	0.00599	0.00188	0.00290	0.03285	0.00462	0.00441
31	0.86392	0.00937	0.00712	0.00637	0.00937	0.01087	0.00525	0.01425	0.00825	0.02174	0.00675	0.00787	0.00525	0.00450	0.00300	0.00150	0.00375	0.00262	0.00300	0.00525
32	0.01119	0.03819	0.32572	0.03763	0.26712	0.01185	0.12829	0.03975	0.06362	0.01616	0.00977	0.01178	0.00746	0.00460	0.00483	0.00151	0.00652	0.00427	0.00250	0.00724
33	0.01284	0.01237	0.01832	0.02589	0.63548	0.08992	0.02637	0.01587	0.03683	0.04534	0.02808	0.01262	0.00881	0.00465	0.00480	0.00143	0.00589	0.00439	0.00270	0.00740
34	0.03533	0.00560	0.00666	0.00627	0.00789	0.00515	0.00475	0.01051	0.03966	0.09601	0.32391	0.11308	0.25960	0.02600	0.00591	0.00166	0.00279	0.02558	0.00488	0.01875
35	0.03502	0.03688	0.02587	0.00982	0.01327	0.03042	0.00805	0.22950	0.31587	0.17058	0.01559	0.01466	0.01121	0.00589	0.00470	0.00148	0.00449	0.00467	0.00475	0.05729
36	0.06709	0.02944	0.08767	0.04388	0.07065	0.00878	0.03377	0.08155	0.04429	0.08801	0.04707	0.06163	0.10769	0.00653	0.00467	0.00139	0.00441	0.01919	0.00366	0.18866

[dist]
# distance from previous block
# <min> <max>
2	7

[block]
# block no. 3 follows, 52 sequences, length 24
# corresponding to MSA columns:
# 605-628
name=unknown_D
#
# <colnr> <probs for GDERKNQSTAVLIFYWHMCP>
#	G	D	E	R	K	N	Q	S	T	A	V	L	I	F	Y	W	H	M	C	P
0	0.01219	0.02323	0.00953	0.00857	0.03076	0.08553	0.00650	0.08034	0.14231	0.12420	0.15564	0.04674	0.10533	0.00778	0.00497	0.00150	0.00393	0.03595	0.10898	0.00602
1	0.01422	0.02931	0.01657	0.01986	0.39303	0.07123	0.01163	0.24891	0.07823	0.02041	0.04134	0.01300	0.00978	0.00522	0.00479	0.00144	0.00554	0.00448	0.00346	0.00754
2	0.01296	0.83261	0.02539	0.00829	0.01244	0.01917	0.00829	0.01451	0.00985	0.01140	0.00674	0.00777	0.00622	0.00415	0.00311	0.00104	0.00518	0.00259	0.00207	0.00622
3	0.01028	0.00856	0.01030	0.00759	0.01161	0.00676	0.02264	0.01302	0.04918	0.03655	0.04053	0.02725	0.00966	0.00428	0.00387	0.00086	0.00365	0.00355	0.00317	0.72667
4	0.00704	0.00473	0.00547	0.00547	0.00553	0.00480	0.00316	0.00716	0.00710	0.00953	0.01510	0.03080	0.01722	0.77234	0.08147	0.00492	0.00530	0.00691	0.00291	0.00304
5	0.01536	0.01676	0.01618	0.04747	0.35415	0.39262	0.01176	0.01742	0.01244	0.05814	0.00889	0.01073	0.00719	0.00475	0.00460	0.00136	0.00711	0.00378	0.00264	0.00665
6	0.00774	0.00538	0.00661	0.00628	0.00771	0.00496	0.00475	0.01022	0.05064	0.06661	0.47107	0.09489	0.20797	0.01049	0.00568	0.00160	0.00260	0.02491	0.00509	0.00480
7	0.01209	0.01222	0.03411	0.02747	0.68147	0.04285	0.04283	0.01490	0.01094	0.01542	0.00891	0.01180	0.00751	0.00458	0.00544	0.00148	0.05190	0.00430	0.00238	0.00741
8	0.02910	0.01137	0.01204	0.01027	0.02950	0.04826	0.00802	0.29426	0.29163	0.10939	0.06393	0.01696	0.04028	0.00648	0.00491	0.00153	0.00452	0.00520	0.00483	0.00749
9	0.86392	0.00937	0.00712	0.00637	0.00937	0.01087	0.00525	0.01425	0.00825	0.02174	0.00675	0.00787	0.00525	0.00450	0.00300	0.00150	0.00375	0.00262	0.00300	0.00525
10	0.86392	0.00937	0.00712	0.00637	0.00937	0.01087	0.00525	0.01425	0.00825	0.02174	0.00675	0.00787	0.00525	0.00450	0.00300	0.00150	0.00375	0.00262	0.00300	0.00525
11	0.00712	0.00510	0.00700	0.00809	0.00894	0.00499	0.00659	0.00885	0.01052	0.01375	0.02657	0.31569	0.04748	0.01397	0.00650	0.00213	0.00386	0.49411	0.00448	0.00428
12	0.00661	0.00494	0.00613	0.00583	0.00709	0.00447	0.00437	0.00866	0.01312	0.01803	0.63094	0.03852	0.21257	0.01043	0.00572	0.00155	0.00232	0.00909	0.00515	0.00447
13	0.01780	0.02258	0.01378	0.01249	0.01489	0.77766	0.00941	0.01904	0.01347	0.01185	0.00744	0.00882	0.00625	0.00514	0.00484	0.00128	0.04200	0.00317	0.00248	0.00561
14	0.00781	0.00558	0.00781	0.00892	0.01004	0.00558	0.00781	0.01004	0.01116	0.01450	0.02566	0.05466	0.02789	0.01339	0.00669	0.00223	0.00446	0.76685	0.00446	0.00446
15	0.01527	0.01221	0.01975	0.01722	0.14968	0.06573	0.30097	0.08868	0.02583	0.21911	0.01218	0.01337	0.00871	0.00497	0.00538	0.00153	0.02363	0.00493	0.00361	0.00725
16	0.01923	0.01034	0.01205	0.00954	0.01304	0.06611	0.02146	0.14604	0.09071	0.50019	0.04761	0.01602	0.01249	0.00607	0.00489	0.00149	0.00462	0.00489	0.00537	0.00783
17	0.00589	0.00426	0.00558	0.00664	0.00700	0.00394	0.00445	0.00676	0.00938	0.01241	0.02797	0.78260	0.07517	0.01502	0.00616	0.00195	0.00279	0.01358	0.00450	0.00394
18	0.01199	0.01151	0.01967	0.02974	0.79946	0.01151	0.01487	0.01487	0.01103	0.01583	0.00912	0.01199	0.00768	0.00432	0.00480	0.00144	0.00576	0.00432	0.00240	0.00768
19	0.04561	0.01575	0.01390	0.01169	0.03515	0.24455	0.00911	0.44915	0.04893	0.06287	0.01090	0.01118	0.00799	0.00554	0.00465	0.00141	0.00616	0.00401	0.00410	0.00735
20	0.61308	0.00959	0.00818	0.00717	0.01013	0.02730	0.00582	0.04549	0.08973	0.08053	0.04070	0.01157	0.02355	0.00524	0.00360	0.00151	0.00387	0.00355	0.00360	0.00580
21	0.01315	0.01272	0.01942	0.02565	0.58971	0.08374	0.08443	0.05925	0.01207	0.03940	0.00947	0.01191	0.00768	0.00449	0.00485	0.00144	0.00618	0.00436	0.00266	0.00743
22	0.00682	0.00528	0.00686	0.00727	0.02564	0.00518	0.00527	0.00839	0.01114	0.01504	0.28581	0.26719	0.16782	0.02857	0.00693	0.00184	0.05217	0.08386	0.00455	0.00437
23	0.01184	0.01198	0.04204	0.05621	0.54460	0.03729	0.09333	0.03523	0.04200	0.01628	0.05395	0.01358	0.00994	0.00479	0.00493	0.00148	0.00589	0.00470	0.00272	0.00723

[dist]
# distance from previous block
# <min> <max>
1	4

[block]
# block no. 4 follows, 52 sequences, length 24
# corresponding to MSA columns:
# 633-656
name=unknown_E
#
# <colnr> <probs for GDERKNQSTAVLIFYWHMCP>
#	G	D	E	R	K	N	Q	S	T	A	V	L	I	F	Y	W	H	M	C	P
0	0.01296	0.83261	0.02539	0.00829	0.01244	0.01917	0.00829	0.01451	0.00985	0.01140	0.00674	0.00777	0.00622	0.00415	0.00311	0.00104	0.00518	0.00259	0.00207	0.00622
1	0.02053	0.00838	0.01116	0.00860	0.01233	0.00733	0.00706	0.02302	0.05307	0.71427	0.01850	0.01617	0.01184	0.00588	0.00480	0.00146	0.00408	0.00478	0.00575	0.06101
2	0.00692	0.00519	0.00779	0.00779	0.00865	0.00606	0.00606	0.00865	0.00779	0.01125	0.01298	0.01904	0.01211	0.03634	0.81049	0.00779	0.01298	0.00519	0.00260	0.00433
3	0.01265	0.68722	0.13944	0.00924	0.01378	0.04419	0.00974	0.01479	0.01003	0.01200	0.00705	0.00817	0.00621	0.00424	0.00337	0.00112	0.00559	0.00275	0.00208	0.00634
4	0.01102	0.00933	0.01007	0.00911	0.01154	0.01057	0.00705	0.02245	0.63631	0.02011	0.17416	0.02168	0.02094	0.00724	0.00509	0.00162	0.00353	0.00613	0.00501	0.00705
5	0.82100	0.00959	0.00750	0.00662	0.00966	0.01108	0.00545	0.05329	0.00899	0.02219	0.00700	0.00806	0.00540	0.00457	0.00309	0.00150	0.00383	0.00271	0.00309	0.00540
6	0.00573	0.00491	0.00491	0.00491	0.00655	0.00409	0.00368	0.00695	0.01105	0.01309	0.04909	0.04664	0.79750	0.01227	0.00573	0.00164	0.00245	0.01023	0.00450	0.00409
7	0.86392	0.00937	0.00712	0.00637	0.00937	0.01087	0.00525	0.01425	0.00825	0.02174	0.00675	0.00787	0.00525	0.00450	0.00300	0.00150	0.00375	0.00262	0.00300	0.00525
8	0.01205	0.01041	0.01096	0.00986	0.01260	0.01205	0.00767	0.02575	0.79071	0.02027	0.01972	0.01808	0.01479	0.00657	0.00493	0.00164	0.00384	0.00548	0.00493	0.00767
9	0.01146	0.01301	0.02826	0.02078	0.05460	0.01223	0.75286	0.01550	0.01142	0.01553	0.00978	0.01303	0.00737	0.00409	0.00568	0.00163	0.00808	0.00567	0.00245	0.00658
10	0.00705	0.00470	0.00529	0.00529	0.00529	0.00470	0.00294	0.00705	0.00705	0.00940	0.01527	0.03171	0.01762	0.82969	0.02467	0.00470	0.00470	0.00705	0.00294	0.00294
11	0.01833	0.01626	0.01431	0.01153	0.01501	0.23936	0.00925	0.56779	0.02023	0.02527	0.01047	0.01082	0.00768	0.00559	0.00471	0.00140	0.00629	0.00401	0.00418	0.00750
12	0.01945	0.00774	0.01051	0.00823	0.01158	0.00673	0.00673	0.02139	0.01385	0.68233	0.13875	0.01952	0.01718	0.00660	0.00500	0.00150	0.00384	0.00547	0.00590	0.00768
13	0.00972	0.02507	0.80458	0.01381	0.02097	0.01125	0.01790	0.01535	0.01023	0.01535	0.00870	0.01023	0.00614	0.00460	0.00460	0.00153	0.00716	0.00358	0.00205	0.00716
14	0.01205	0.01041	0.01096	0.00986	0.01260	0.01205	0.00767	0.02575	0.79071	0.02027	0.01972	0.01808	0.01479	0.00657	0.00493	0.00164	0.00384	0.00548	0.00493	0.00767
15	0.01810	0.02310	0.01373	0.01248	0.01498	0.81024	0.00936	0.01935	0.01373	0.01186	0.00749	0.00874	0.00624	0.00499	0.00437	0.00125	0.00874	0.00312	0.00250	0.00562
16	0.01199	0.01151	0.01967	0.02974	0.79946	0.01151	0.01487	0.01487	0.01103	0.01583	0.00912	0.01199	0.00768	0.00432	0.00480	0.00144	0.00576	0.00432	0.00240	0.00768
17	0.00915	0.00861	0.01453	0.81804	0.03338	0.01077	0.01346	0.01238	0.00969	0.01238	0.00861	0.01292	0.00646	0.00484	0.00484	0.00161	0.00646	0.00431	0.00215	0.00538
18	0.01296	0.83261	0.02539	0.00829	0.01244	0.01917	0.00829	0.01451	0.00985	0.01140	0.00674	0.00777	0.00622	0.00415	0.00311	0.00104	0.00518	0.00259	0.00207	0.00622
19	0.00972	0.02507	0.80458	0.01381	0.02097	0.01125	0.01790	0.01535	0.01023	0.01535	0.00870	0.01023	0.00614	0.00460	0.00460	0.00153	0.00716	0.00358	0.00205	0.00716
20	0.01296	0.83261	0.02539	0.00829	0.01244	0.01917	0.00829	0.01451	0.00985	0.01140	0.00674	0.00777	0.00622	0.00415	0.00311	0.00104	0.00518	0.00259	0.00207	0.00622
21	0.01009	0.11767	0.71523	0.01318	0.02000	0.01216	0.01680	0.01525	0.01019	0.01489	0.00847	0.00995	0.00615	0.00455	0.00443	0.00148	0.00693	0.00347	0.00205	0.00705
22	0.00985	0.05636	0.77439	0.01360	0.02064	0.01156	0.01753	0.01531	0.01022	0.01519	0.00862	0.01014	0.00614	0.00459	0.00455	0.00152	0.00709	0.00354	0.00205	0.00713
23	0.00781	0.00558	0.00781	0.00892	0.01004	0.00558	0.00781	0.01004	0.01116	0.01450	0.02566	0.05466	0.02789	0.01339	0.00669	0.00223	0.00446	0.76685	0.00446	0.00446

[dist]
# distance from previous block
# <min> <max>
0	2

[block]
# block no. 5 follows, 52 sequences, length 18
# corresponding to MSA columns:
# 659-676
name=unknown_F
#
# <colnr> <probs for GDERKNQSTAVLIFYWHMCP>
#	G	D	E	R	K	N	Q	S	T	A	V	L	I	F	Y	W	H	M	C	P
0	0.00762	0.00545	0.00754	0.00836	0.00948	0.00538	0.00716	0.00986	0.01167	0.01549	0.17974	0.05097	0.03145	0.01269	0.00650	0.00209	0.00403	0.61539	0.00464	0.00448
1	0.01186	0.01138	0.01944	0.06563	0.76459	0.01148	0.01481	0.01476	0.01097	0.01567	0.00909	0.01204	0.00762	0.00434	0.00480	0.00145	0.00579	0.00432	0.00239	0.00757
2	0.00694	0.00511	0.00738	0.00738	0.00810	0.00583	0.00554	0.00839	0.00767	0.01094	0.01336	0.02112	0.01302	0.16681	0.68126	0.00728	0.01162	0.00550	0.00265	0.00410
3	0.00573	0.00491	0.00491	0.00491	0.00655	0.00409	0.00368	0.00695	0.01105	0.01309	0.04909	0.04664	0.79750	0.01227	0.00573	0.00164	0.00245	0.01023	0.00450	0.00409
4	0.01022	0.14971	0.68431	0.01296	0.01966	0.01248	0.01642	0.01522	0.01017	0.01474	0.00839	0.00985	0.00615	0.00453	0.00437	0.00146	0.00686	0.00343	0.00205	0.00702
5	0.01010	0.05543	0.58408	0.01385	0.01995	0.03533	0.11531	0.01493	0.01062	0.01519	0.04147	0.02932	0.00885	0.00513	0.00480	0.00154	0.00692	0.01808	0.00234	0.00677
6	0.01062	0.01882	0.40300	0.01750	0.04530	0.01175	0.39114	0.01542	0.01084	0.01545	0.00925	0.01167	0.00678	0.00434	0.00515	0.00158	0.00761	0.00465	0.00225	0.00687
7	0.00601	0.00430	0.00571	0.00668	0.00705	0.00400	0.00451	0.00700	0.00975	0.01313	0.10928	0.74180	0.03352	0.01462	0.00613	0.00192	0.00276	0.01324	0.00459	0.00400
8	0.05379	0.01149	0.01479	0.01129	0.01509	0.01194	0.10410	0.36990	0.05628	0.26302	0.01378	0.01344	0.00944	0.00570	0.00512	0.00152	0.02206	0.00467	0.00477	0.00782
9	0.01144	0.01081	0.01826	0.02721	0.71453	0.01077	0.01377	0.01426	0.01132	0.01622	0.09358	0.01459	0.01176	0.00492	0.00490	0.00145	0.00538	0.00479	0.00271	0.00734
10	0.00964	0.00917	0.01571	0.67870	0.14485	0.01092	0.03716	0.01284	0.00994	0.01298	0.00872	0.01279	0.00666	0.00474	0.00486	0.00159	0.00641	0.00435	0.00220	0.00575
11	0.01200	0.01140	0.01874	0.02761	0.71510	0.01157	0.01410	0.01604	0.09463	0.01631	0.01025	0.01265	0.00844	0.00456	0.00481	0.00146	0.00555	0.00444	0.00267	0.00768
12	0.54833	0.01274	0.06547	0.03434	0.02768	0.12619	0.00749	0.08103	0.01056	0.02014	0.00770	0.00893	0.00594	0.00472	0.00357	0.00146	0.00494	0.00304	0.02002	0.00573
13	0.12755	0.01059	0.01440	0.11548	0.35831	0.06583	0.02414	0.04084	0.02452	0.01613	0.02748	0.10200	0.04039	0.00613	0.00475	0.00153	0.00526	0.00539	0.00295	0.00632
14	0.07767	0.03133	0.09690	0.02461	0.09938	0.12637	0.00955	0.05152	0.17551	0.10490	0.06196	0.03222	0.01293	0.00634	0.00506	0.00155	0.02667	0.04510	0.00377	0.00666
15	0.03801	0.11084	0.11095	0.01442	0.18075	0.07552	0.03805	0.11551	0.08933	0.01765	0.09538	0.02690	0.02430	0.00633	0.02133	0.00156	0.00553	0.00475	0.00330	0.01959
16	0.04988	0.29560	0.14201	0.01047	0.01451	0.11549	0.05519	0.07087	0.04847	0.04603	0.01078	0.04853	0.02157	0.00543	0.00420	0.00134	0.00575	0.01756	0.00289	0.03343
17	0.03030	0.19313	0.14632	0.01259	0.09250	0.11558	0.05009	0.04301	0.13678	0.04273	0.06270	0.01385	0.02932	0.00543	0.00446	0.00140	0.00565	0.00434	0.00315	0.00665

[dist]
# distance from previous block
# <min> <max>
0	15

[block]
# block no. 6 follows, 52 sequences, length 88
# corresponding to MSA columns:
# 698-723,726-748,753-775,778,779,781-794
name=unknown_G
#
# <colnr> <probs for GDERKNQSTAVLIFYWHMCP>
#	G	D	E	R	K	N	Q	S	T	A	V	L	I	F	Y	W	H	M	C	P
0	0.09378	0.09046	0.16036	0.01121	0.04199	0.20028	0.00990	0.10757	0.08269	0.04499	0.02523	0.03507	0.02189	0.03409	0.00530	0.00155	0.01979	0.00424	0.00319	0.00640
1	0.06420	0.28830	0.11581	0.01210	0.09377	0.09418	0.01018	0.14648	0.04614	0.03706	0.02240	0.01049	0.00784	0.00497	0.00438	0.00133	0.02709	0.00358	0.00295	0.00677
2	0.05491	0.08683	0.03758	0.04575	0.34923	0.02705	0.01100	0.12080	0.02618	0.05739	0.06079	0.02651	0.01055	0.00517	0.00456	0.00139	0.00514	0.00444	0.00320	0.06154
3	0.15457	0.01230	0.03208	0.02554	0.03144	0.14250	0.04537	0.17861	0.04027	0.05124	0.04015	0.09873	0.02703	0.00676	0.00515	0.00152	0.04024	0.02107	0.00368	0.04175
4	0.01295	0.01200	0.01682	0.02277	0.52223	0.07454	0.01237	0.10228	0.06268	0.03300	0.02353	0.04194	0.03035	0.00539	0.00487	0.00147	0.00555	0.00487	0.00309	0.00732
5	0.00692	0.00519	0.00779	0.00779	0.00865	0.00606	0.00606	0.00865	0.00779	0.01125	0.01298	0.01904	0.01211	0.03634	0.81049	0.00779	0.01298	0.00519	0.00260	0.00433
6	0.00763	0.00462	0.00540	0.02646	0.00713	0.00456	0.00423	0.00949	0.02533	0.01532	0.02141	0.37525	0.04226	0.01003	0.00475	0.00154	0.00265	0.00877	0.41885	0.00433
7	0.01680	0.01272	0.01365	0.01067	0.01439	0.01396	0.00872	0.60573	0.14957	0.02785	0.01278	0.01260	0.00926	0.00579	0.00478	0.00144	0.00497	0.00445	0.00473	0.06516
8	0.01040	0.00860	0.01008	0.00722	0.01151	0.00648	0.00578	0.01254	0.01016	0.03938	0.00893	0.01024	0.00732	0.00366	0.00363	0.00074	0.00360	0.00293	0.00296	0.83380
9	0.00972	0.02507	0.80458	0.01381	0.02097	0.01125	0.01790	0.01535	0.01023	0.01535	0.00870	0.01023	0.00614	0.00460	0.00460	0.00153	0.00716	0.00358	0.00205	0.00716
10	0.00981	0.07282	0.73575	0.01329	0.02008	0.01153	0.01696	0.01506	0.01018	0.01503	0.00908	0.03276	0.00686	0.00487	0.00456	0.00152	0.00692	0.00380	0.00212	0.00702
11	0.02165	0.00839	0.01134	0.00869	0.01244	0.00734	0.00718	0.04421	0.01411	0.78188	0.01892	0.01636	0.01189	0.00599	0.00487	0.00150	0.00416	0.00486	0.00597	0.00825
12	0.02174	0.00825	0.01125	0.00862	0.01237	0.00712	0.00712	0.02362	0.01387	0.80282	0.01912	0.01649	0.01200	0.00600	0.00487	0.00150	0.00412	0.00487	0.00600	0.00825
13	0.00590	0.00422	0.00562	0.00675	0.00703	0.00394	0.00450	0.00675	0.00928	0.01237	0.02671	0.82653	0.03205	0.01518	0.00619	0.00197	0.00281	0.01378	0.00450	0.00394
14	0.00946	0.00967	0.01818	0.10157	0.01917	0.03310	0.38206	0.01224	0.01042	0.01382	0.01473	0.22003	0.01467	0.02338	0.06653	0.00224	0.00683	0.03342	0.00302	0.00543
15	0.02075	0.00937	0.01186	0.00911	0.01284	0.00885	0.00752	0.19390	0.01580	0.61423	0.01737	0.01543	0.01116	0.00595	0.00484	0.00148	0.00436	0.00475	0.02226	0.00817
16	0.00646	0.00468	0.00609	0.00629	0.00713	0.00432	0.00451	0.00816	0.01196	0.01654	0.47953	0.32986	0.07245	0.01196	0.00589	0.00169	0.00249	0.01069	0.00499	0.00432
17	0.01005	0.00861	0.01005	0.00718	0.01148	0.00646	0.00574	0.01220	0.01005	0.01579	0.00861	0.01005	0.00718	0.00359	0.00359	0.00072	0.00359	0.00287	0.00287	0.85932
18	0.02545	0.29107	0.33588	0.01090	0.01607	0.01398	0.01206	0.08546	0.07545	0.07599	0.00998	0.01062	0.00750	0.00483	0.00415	0.00137	0.00578	0.00356	0.00286	0.00704
19	0.01051	0.01046	0.01466	0.01259	0.01262	0.01461	0.01048	0.01158	0.00743	0.01165	0.00654	0.01082	0.00651	0.00921	0.03679	0.00227	0.79959	0.00427	0.00213	0.00528
20	0.00590	0.00422	0.00562	0.00675	0.00703	0.00394	0.00450	0.00675	0.00928	0.01237	0.02671	0.82653	0.03205	0.01518	0.00619	0.00197	0.00281	0.01378	0.00450	0.00394
21	0.01006	0.00915	0.01459	0.70134	0.05773	0.01116	0.01298	0.07177	0.03769	0.01416	0.00924	0.01297	0.00693	0.00496	0.00485	0.00160	0.00626	0.00435	0.00246	0.00576
22	0.01175	0.01391	0.15579	0.01501	0.01929	0.03326	0.36032	0.08818	0.01246	0.05684	0.08259	0.01629	0.05449	0.00568	0.00592	0.00160	0.05145	0.00555	0.00314	0.00649
23	0.01794	0.01333	0.01427	0.01105	0.01484	0.01480	0.00909	0.72549	0.08139	0.02976	0.01225	0.01213	0.00874	0.00588	0.00485	0.00147	0.00522	0.00445	0.00485	0.00820
24	0.01782	0.01328	0.01421	0.01103	0.01480	0.01475	0.00907	0.71228	0.09478	0.02958	0.01239	0.01224	0.00886	0.00589	0.00486	0.00147	0.00519	0.00447	0.00486	0.00819
25	0.01595	0.01070	0.01214	0.01006	0.01320	0.01167	0.00817	0.27258	0.29596	0.19327	0.01683	0.01754	0.01252	0.00667	0.00538	0.00160	0.03266	0.05038	0.00501	0.00771
26	0.01153	0.01215	0.01733	0.05706	0.12444	0.09424	0.13390	0.01346	0.00939	0.01299	0.00790	0.02496	0.00714	0.00670	0.01063	0.00181	0.42684	0.00451	0.00230	0.02069
27	0.00964	0.00911	0.01534	0.68045	0.13189	0.01092	0.02658	0.01312	0.03107	0.01310	0.00900	0.01294	0.00686	0.00481	0.00486	0.00159	0.00633	0.00436	0.00227	0.00576
28	0.01840	0.01412	0.01450	0.01123	0.01503	0.06094	0.00922	0.73920	0.02226	0.02946	0.01140	0.01147	0.00813	0.00577	0.00482	0.00144	0.00553	0.00429	0.00471	0.00809
29	0.00972	0.02507	0.80458	0.01381	0.02097	0.01125	0.01790	0.01535	0.01023	0.01535	0.00870	0.01023	0.00614	0.00460	0.00460	0.00153	0.00716	0.00358	0.00205	0.00716
30	0.00972	0.02507	0.80458	0.01381	0.02097	0.01125	0.01790	0.01535	0.01023	0.01535	0.00870	0.01023	0.00614	0.00460	0.00460	0.00153	0.00716	0.00358	0.00205	0.00716
31	0.00781	0.00558	0.00781	0.00892	0.01004	0.00558	0.00781	0.01004	0.01116	0.01450	0.02566	0.05466	0.02789	0.01339	0.00669	0.00223	0.00446	0.76685	0.00446	0.00446
32	0.00590	0.00422	0.00562	0.00675	0.00703	0.00394	0.00450	0.00675	0.00928	0.01237	0.02671	0.82653	0.03205	0.01518	0.00619	0.00197	0.00281	0.01378	0.00450	0.00394
33	0.01842	0.01357	0.01454	0.01115	0.01503	0.01503	0.00921	0.78330	0.02278	0.03054	0.01163	0.01163	0.00824	0.00582	0.00485	0.00145	0.00533	0.00436	0.00485	0.00824
34	0.01779	0.02257	0.01378	0.01249	0.01489	0.77660	0.00942	0.01903	0.01347	0.01185	0.00744	0.00882	0.00625	0.00514	0.00486	0.00129	0.04309	0.00317	0.00248	0.00560
35	0.01144	0.01307	0.02859	0.02042	0.02533	0.01225	0.78186	0.01552	0.01144	0.01552	0.00980	0.01307	0.00735	0.00408	0.00572	0.00163	0.00817	0.00572	0.00245	0.00654
36	0.00781	0.00558	0.00781	0.00892	0.01004	0.00558	0.00781	0.01004	0.01116	0.01450	0.02566	0.05466	0.02789	0.01339	0.00669	0.00223	0.00446	0.76685	0.00446	0.00446
37	0.00590	0.00422	0.00562	0.00675	0.00703	0.00394	0.00450	0.00675	0.00928	0.01237	0.02671	0.82653	0.03205	0.01518	0.00619	0.00197	0.00281	0.01378	0.00450	0.00394
38	0.01835	0.01566	0.01437	0.01144	0.01502	0.18917	0.00924	0.61601	0.02080	0.02645	0.01073	0.01100	0.00780	0.00564	0.00474	0.00141	0.00608	0.00409	0.00433	0.00767
39	0.86392	0.00937	0.00712	0.00637	0.00937	0.01087	0.00525	0.01425	0.00825	0.02174	0.00675	0.00787	0.00525	0.00450	0.00300	0.00150	0.00375	0.00262	0.00300	0.00525
40	0.00573	0.00491	0.00491	0.00491	0.00655	0.00409	0.00368	0.00695	0.01105	0.01309	0.04909	0.04664	0.79750	0.01227	0.00573	0.00164	0.00245	0.01023	0.00450	0.00409
41	0.01005	0.00861	0.01005	0.00718	0.01148	0.00646	0.00574	0.01220	0.01005	0.01579	0.00861	0.01005	0.00718	0.00359	0.00359	0.00072	0.00359	0.00287	0.00287	0.85932
42	0.00972	0.02507	0.80458	0.01381	0.02097	0.01125	0.01790	0.01535	0.01023	0.01535	0.00870	0.01023	0.00614	0.00460	0.00460	0.00153	0.00716	0.00358	0.00205	0.00716
43	0.00680	0.00495	0.00640	0.00604	0.00720	0.00455	0.00453	0.00903	0.01358	0.01911	0.75867	0.03673	0.08416	0.01003	0.00572	0.00153	0.00229	0.00884	0.00529	0.00455
44	0.01296	0.83261	0.02539	0.00829	0.01244	0.01917	0.00829	0.01451	0.00985	0.01140	0.00674	0.00777	0.00622	0.00415	0.00311	0.00104	0.00518	0.00259	0.00207	0.00622
45	0.00590	0.00422	0.00562	0.00675	0.00703	0.00394	0.00450	0.00675	0.00928	0.01237	0.02671	0.82653	0.03205	0.01518	0.00619	0.00197	0.00281	0.01378	0.00450	0.00394
46	0.86392	0.00937	0.00712	0.00637	0.00937	0.01087	0.00525	0.01425	0.00825	0.02174	0.00675	0.00787	0.00525	0.00450	0.00300	0.00150	0.00375	0.00262	0.00300	0.00525
47	0.00573	0.00491	0.00491	0.00491	0.00655	0.00409	0.00368	0.00695	0.01105	0.01309	0.04909	0.04664	0.79750	0.01227	0.00573	0.00164	0.00245	0.01023	0.00450	0.00409
48	0.01058	0.23599	0.55335	0.01248	0.01865	0.01324	0.04607	0.01501	0.01025	0.01440	0.02348	0.01020	0.00697	0.00457	0.00428	0.00141	0.00659	0.00351	0.00213	0.00684
49	0.02088	0.00806	0.01097	0.00848	0.01207	0.00697	0.00697	0.02278	0.01386	0.75745	0.06416	0.01764	0.01395	0.00622	0.00492	0.00150	0.00402	0.00510	0.00596	0.00803
50	0.01199	0.01151	0.01967	0.02974	0.79946	0.01151	0.01487	0.01487	0.01103	0.01583	0.00912	0.01199	0.00768	0.00432	0.00480	0.00144	0.00576	0.00432	0.00240	0.00768
51	0.00573	0.00491	0.00491	0.00491	0.00655	0.00409	0.00368	0.00695	0.01105	0.01309	0.04909	0.04664	0.79750	0.01227	0.00573	0.00164	0.00245	0.01023	0.00450	0.00409
52	0.01077	0.01017	0.01724	0.35165	0.46868	0.01105	0.01404	0.01377	0.01047	0.01447	0.00906	0.01251	0.00728	0.00456	0.00479	0.00150	0.00597	0.00432	0.02103	0.00667
53	0.01810	0.02310	0.01373	0.01248	0.01498	0.81024	0.00936	0.01935	0.01373	0.01186	0.00749	0.00874	0.00624	0.00499	0.00437	0.00125	0.00874	0.00312	0.00250	0.00562
54	0.00573	0.00491	0.00491	0.00491	0.00655	0.00409	0.00368	0.00695	0.01105	0.01309	0.04909	0.04664	0.79750	0.01227	0.00573	0.00164	0.00245	0.01023	0.00450	0.00409
55	0.00972	0.02507	0.80458	0.01381	0.02097	0.01125	0.01790	0.01535	0.01023	0.01535	0.00870	0.01023	0.00614	0.00460	0.00460	0.00153	0.00716	0.00358	0.00205	0.00716
56	0.02167	0.00836	0.01131	0.00867	0.01243	0.00729	0.00717	0.03947	0.01406	0.78670	0.01896	0.01639	0.01192	0.00599	0.00487	0.00150	0.00415	0.00486	0.00597	0.00825
57	0.01205	0.01041	0.01096	0.00986	0.01260	0.01205	0.00767	0.02575	0.79071	0.02027	0.01972	0.01808	0.01479	0.00657	0.00493	0.00164	0.00384	0.00548	0.00493	0.00767
58	0.00972	0.02507	0.80458	0.01381	0.02097	0.01125	0.01790	0.01535	0.01023	0.01535	0.00870	0.01023	0.00614	0.00460	0.00460	0.00153	0.00716	0.00358	0.00205	0.00716
59	0.01069	0.19103	0.62387	0.01254	0.01900	0.01278	0.01565	0.01538	0.01024	0.03455	0.00856	0.00988	0.00630	0.00455	0.00430	0.00143	0.00668	0.00341	0.00215	0.00700
60	0.02174	0.00825	0.01125	0.00862	0.01237	0.00712	0.00712	0.02362	0.01387	0.80282	0.01912	0.01649	0.01200	0.00600	0.00487	0.00150	0.00412	0.00487	0.00600	0.00825
61	0.01199	0.01151	0.01967	0.02974	0.79946	0.01151	0.01487	0.01487	0.01103	0.01583	0.00912	0.01199	0.00768	0.00432	0.00480	0.00144	0.00576	0.00432	0.00240	0.00768
62	0.00736	0.00654	0.02998	0.00936	0.01080	0.00588	0.12798	0.02384	0.01025	0.01362	0.02437	0.51646	0.06806	0.01258	0.00609	0.00191	0.00402	0.11219	0.00412	0.00459
63	0.01159	0.01124	0.01851	0.18419	0.62884	0.03183	0.01445	0.01450	0.01084	0.01505	0.00898	0.01209	0.00740	0.00444	0.00480	0.00147	0.00597	0.00428	0.00235	0.00717
64	0.00599	0.00427	0.00567	0.00671	0.00699	0.00403	0.00447	0.00682	0.00913	0.01220	0.02577	0.76552	0.03080	0.05531	0.02942	0.00226	0.00319	0.01321	0.00437	0.00390
65	0.00604	0.00434	0.00577	0.00686	0.00725	0.00407	0.00473	0.00700	0.00947	0.01255	0.02725	0.74596	0.05300	0.01496	0.00621	0.00198	0.00293	0.07115	0.00450	0.00398
66	0.00960	0.00689	0.01263	0.05382	0.03626	0.00678	0.19238	0.00952	0.00805	0.02912	0.00903	0.01419	0.00812	0.01250	0.01425	0.56100	0.00533	0.00460	0.00229	0.00366
67	0.01148	0.30539	0.47620	0.01170	0.01757	0.01428	0.01393	0.07056	0.01100	0.01507	0.00823	0.00948	0.00632	0.00453	0.00410	0.00136	0.00634	0.00329	0.00226	0.00691
68	0.01169	0.01153	0.05210	0.32443	0.19798	0.03173	0.18981	0.04609	0.01130	0.06203	0.00972	0.01269	0.00732	0.00466	0.00501	0.00155	0.00660	0.00461	0.00262	0.00652
69	0.01113	0.01149	0.01873	0.08627	0.17043	0.04049	0.19071	0.01347	0.00956	0.01351	0.00842	0.01271	0.00740	0.00635	0.00980	0.00180	0.35524	0.02411	0.00233	0.00605
70	0.01490	0.01754	0.01403	0.26937	0.04132	0.49345	0.01071	0.04344	0.01265	0.01280	0.00873	0.01089	0.01957	0.00508	0.00457	0.00138	0.00771	0.00369	0.00250	0.00566
71	0.01188	0.01137	0.01960	0.02859	0.74273	0.01134	0.04717	0.01479	0.01103	0.01589	0.00935	0.01222	0.00780	0.00435	0.00479	0.00144	0.00575	0.00438	0.02801	0.00753
72	0.01209	0.01178	0.01985	0.02912	0.75993	0.02645	0.03943	0.01498	0.01110	0.01575	0.00911	0.01197	0.00764	0.00432	0.00482	0.00144	0.00589	0.00434	0.00240	0.00760
73	0.01305	0.76337	0.05787	0.00867	0.01291	0.03267	0.00874	0.03417	0.01026	0.01206	0.00696	0.00799	0.00627	0.00422	0.00324	0.00107	0.00533	0.00269	0.00215	0.00630
74	0.72816	0.00886	0.00729	0.00657	0.00940	0.01003	0.00537	0.01433	0.00878	0.07320	0.00922	0.05242	0.00776	0.00539	0.00339	0.00154	0.00372	0.02188	0.01735	0.00535
75	0.01005	0.00861	0.01005	0.00718	0.01148	0.00646	0.00574	0.01220	0.01005	0.01579	0.00861	0.01005	0.00718	0.00359	0.00359	0.00072	0.00359	0.00287	0.00287	0.85932
76	0.01842	0.01357	0.01454	0.01115	0.01503	0.01503	0.00921	0.78330	0.02278	0.03054	0.01163	0.01163	0.00824	0.00582	0.00485	0.00145	0.00533	0.00436	0.00485	0.00824
77	0.01126	0.01254	0.02593	0.01881	0.02302	0.01236	0.64354	0.01485	0.01083	0.01501	0.00928	0.01261	0.00721	0.00466	0.00701	0.00166	0.11848	0.00540	0.00242	0.04312
78	0.00705	0.00470	0.00529	0.00529	0.00529	0.00470	0.00294	0.00705	0.00705	0.00940	0.01527	0.03171	0.01762	0.82969	0.02467	0.00470	0.00470	0.00705	0.00294	0.00294
79	0.00686	0.00495	0.00648	0.00610	0.00724	0.00457	0.00457	0.00914	0.01372	0.01943	0.79691	0.03620	0.04572	0.00991	0.00572	0.00152	0.00229	0.00876	0.00533	0.00457
80	0.01005	0.00861	0.01005	0.00718	0.01148	0.00646	0.00574	0.01220	0.01005	0.01579	0.00861	0.01005	0.00718	0.00359	0.00359	0.00072	0.00359	0.00287	0.00287	0.85932
81	0.01306	0.01091	0.01152	0.01006	0.01298	0.01252	0.00791	0.14493	0.66990	0.02189	0.01845	0.01707	0.01376	0.00646	0.00492	0.00161	0.00407	0.00530	0.00492	0.00776
82	0.01810	0.02310	0.01373	0.01248	0.01498	0.81024	0.00936	0.01935	0.01373	0.01186	0.00749	0.00874	0.00624	0.00499	0.00437	0.00125	0.00874	0.00312	0.00250	0.00562
83	0.00772	0.00555	0.00769	0.00875	0.00989	0.00551	0.00763	0.00991	0.01115	0.01444	0.02665	0.05432	0.06044	0.01334	0.00665	0.00221	0.00438	0.73484	0.00446	0.00445
84	0.02133	0.00834	0.01123	0.00867	0.01238	0.00733	0.00715	0.02371	0.04673	0.76972	0.01914	0.01656	0.01211	0.00602	0.00488	0.00151	0.00411	0.00490	0.00595	0.00822
85	0.00826	0.00598	0.00747	0.00695	0.00827	0.00553	0.00517	0.03661	0.01458	0.02063	0.75896	0.03629	0.04476	0.01033	0.00608	0.00170	0.00275	0.00885	0.00561	0.00521
86	0.01894	0.02355	0.01434	0.01307	0.01562	0.79880	0.00973	0.01992	0.01429	0.01279	0.00847	0.01009	0.00716	0.00563	0.00478	0.00143	0.00900	0.00345	0.00283	0.00611
87	0.00805	0.00543	0.00602	0.00598	0.00607	0.00529	0.00340	0.00780	0.00770	0.01036	0.01613	0.03272	0.01837	0.81801	0.02478	0.00483	0.00502	0.00731	0.00326	0.00347

[dist]
# distance from previous block
# <min> <max>
0	24

[block]
# block no. 7 follows, 52 sequences, length 13
# corresponding to MSA columns:
# 819-831
name=unknown_H
#
# <colnr> <probs for GDERKNQSTAVLIFYWHMCP>
#	G	D	E	R	K	N	Q	S	T	A	V	L	I	F	Y	W	H	M	C	P
0	0.00751	0.00525	0.00678	0.00680	0.00811	0.00488	0.00543	0.00960	0.01259	0.04700	0.43354	0.04225	0.15811	0.01110	0.00596	0.00174	0.00299	0.22076	0.00498	0.00461
1	0.01066	0.01190	0.02491	0.01807	0.02233	0.01131	0.64635	0.01424	0.01121	0.01503	0.01474	0.01731	0.10963	0.00534	0.00618	0.00166	0.04403	0.00624	0.00270	0.00616
2	0.01007	0.01000	0.01493	0.01266	0.01316	0.01319	0.08148	0.01138	0.00804	0.01211	0.00932	0.11650	0.00978	0.00894	0.01370	0.00206	0.63937	0.00561	0.00246	0.00524
3	0.01614	0.01960	0.01299	0.01250	0.06215	0.62062	0.00896	0.05214	0.01363	0.01311	0.01317	0.01398	0.10889	0.00593	0.00459	0.00132	0.00759	0.00417	0.00286	0.00567
4	0.01062	0.00953	0.01501	0.64030	0.10219	0.01139	0.01304	0.11245	0.01151	0.01505	0.00905	0.01267	0.00680	0.00492	0.00484	0.00158	0.00625	0.00431	0.00253	0.00597
5	0.00708	0.00487	0.00595	0.00600	0.00634	0.00491	0.00394	0.00777	0.00837	0.01137	0.11721	0.03305	0.02162	0.56181	0.10559	0.00439	0.00526	0.07767	0.00335	0.00344
6	0.01738	0.02185	0.01406	0.05097	0.05473	0.73329	0.00983	0.01880	0.01341	0.01208	0.00762	0.00910	0.00632	0.00495	0.00441	0.00128	0.00848	0.00324	0.00248	0.00571
7	0.00722	0.00679	0.00796	0.00719	0.00905	0.05454	0.07665	0.00884	0.01141	0.01385	0.10949	0.07761	0.53598	0.01103	0.00571	0.00164	0.00346	0.04284	0.00426	0.00447
8	0.01151	0.47073	0.37456	0.01077	0.01626	0.01563	0.01260	0.01489	0.01002	0.01317	0.00762	0.00887	0.00618	0.00435	0.00378	0.00126	0.00607	0.00303	0.00206	0.00664
9	0.01299	0.45671	0.07826	0.05993	0.01549	0.08378	0.07371	0.05679	0.02527	0.03730	0.03908	0.01117	0.02112	0.00483	0.00397	0.00125	0.00576	0.00365	0.00263	0.00631
10	0.02806	0.07416	0.04798	0.00951	0.01288	0.07762	0.01872	0.20151	0.05565	0.12309	0.02950	0.10853	0.01198	0.00643	0.00482	0.00137	0.02045	0.00514	0.00397	0.15864
11	0.07163	0.20713	0.22666	0.01029	0.02611	0.09984	0.01027	0.05461	0.01164	0.09016	0.06511	0.01276	0.03011	0.00523	0.00420	0.00133	0.00555	0.00390	0.00304	0.06044
12	0.01042	0.03647	0.04285	0.01088	0.09306	0.00779	0.08107	0.02282	0.02566	0.07719	0.08707	0.02153	0.04425	0.15109	0.00827	0.00192	0.00460	0.05210	0.00344	0.21752

[dist]
# distance from previous block
# <min> <max>
10	32

[block]
# block no. 8 follows, 52 sequences, length 25
# corresponding to MSA columns:
# 864-888
name=unknown_I
#
# <colnr> <probs for GDERKNQSTAVLIFYWHMCP>
#	G	D	E	R	K	N	Q	S	T	A	V	L	I	F	Y	W	H	M	C	P
0	0.16814	0.13313	0.07299	0.03861	0.12648	0.01165	0.13119	0.05880	0.01112	0.03362	0.05875	0.01516	0.07835	0.00555	0.00471	0.00146	0.02259	0.00469	0.00302	0.02000
