[name]
unknown

[dist]
# distance from previous block
# <min> <max>
0	103

[block]
# block no. 0 follows, 60 sequences, length 69
# corresponding to MSA columns:
# 156-224
name=unknown_A
#
# <colnr> <probs for GDERKNQSTAVLIFYWHMCP>
#	G	D	E	R	K	N	Q	S	T	A	V	L	I	F	Y	W	H	M	C	P
0	0.00746	0.00577	0.00752	0.00831	0.00930	0.03270	0.00720	0.00939	0.00995	0.01284	0.02168	0.04583	0.02348	0.01158	0.00637	0.00197	0.04617	0.72453	0.00385	0.00409
1	0.01100	0.00930	0.00982	0.00875	0.01116	0.01069	0.00678	0.07437	0.71843	0.01837	0.01706	0.01650	0.01305	0.04820	0.00533	0.00161	0.00358	0.00494	0.00434	0.00672
2	0.03979	0.00991	0.00987	0.00889	0.01135	0.05201	0.00691	0.02254	0.74479	0.01791	0.01681	0.01555	0.01264	0.00578	0.00435	0.00146	0.00367	0.00474	0.00427	0.00674
3	0.01925	0.00753	0.01015	0.00780	0.01114	0.00661	0.00643	0.04696	0.01275	0.78285	0.03029	0.01500	0.01119	0.00545	0.00440	0.00135	0.00372	0.00443	0.00535	0.00737
4	0.01912	0.00767	0.01024	0.00784	0.01123	0.00675	0.00647	0.06043	0.01279	0.76002	0.01660	0.01446	0.01051	0.00533	0.00435	0.00133	0.00375	0.00431	0.00527	0.03152
5	0.00824	0.00775	0.01308	0.83624	0.03004	0.00969	0.01211	0.01114	0.00872	0.01114	0.00775	0.01163	0.00581	0.00436	0.00436	0.00145	0.00581	0.00388	0.00194	0.00484
6	0.00934	0.00774	0.00907	0.00650	0.01036	0.00583	0.00520	0.01127	0.00914	0.03671	0.00802	0.00921	0.00658	0.00329	0.00326	0.00067	0.00324	0.00263	0.00266	0.84929
7	0.01085	0.00937	0.00986	0.00888	0.01134	0.01085	0.00690	0.02318	0.81164	0.01824	0.01775	0.01627	0.01331	0.00592	0.00444	0.00148	0.00345	0.00493	0.00444	0.00690
8	0.00634	0.00423	0.00476	0.00476	0.00476	0.00423	0.00264	0.00634	0.00634	0.00846	0.01374	0.02854	0.01586	0.84672	0.02220	0.00423	0.00423	0.00634	0.00264	0.00264
9	0.01027	0.45512	0.40492	0.00983	0.01486	0.01386	0.01159	0.01342	0.00903	0.01195	0.00690	0.00805	0.00556	0.00393	0.00344	0.00115	0.00551	0.00276	0.00185	0.00600
10	0.03824	0.00787	0.00901	0.00658	0.01033	0.00625	0.00526	0.01178	0.05778	0.01464	0.00830	0.00942	0.00682	0.00342	0.00329	0.00072	0.00325	0.00272	0.00270	0.79162
11	0.01957	0.00742	0.01012	0.00776	0.01113	0.00641	0.00641	0.02126	0.01248	0.82254	0.01721	0.01484	0.01080	0.00540	0.00439	0.00135	0.00371	0.00439	0.00540	0.00742
12	0.00824	0.00775	0.01308	0.83624	0.03004	0.00969	0.01211	0.01114	0.00872	0.01114	0.00775	0.01163	0.00581	0.00436	0.00436	0.00145	0.00581	0.00388	0.00194	0.00484
13	0.87753	0.00843	0.00641	0.00574	0.00843	0.00978	0.00472	0.01282	0.00742	0.01957	0.00607	0.00709	0.00472	0.00405	0.00270	0.00135	0.00337	0.00236	0.00270	0.00472
14	0.87753	0.00843	0.00641	0.00574	0.00843	0.00978	0.00472	0.01282	0.00742	0.01957	0.00607	0.00709	0.00472	0.00405	0.00270	0.00135	0.00337	0.00236	0.00270	0.00472
15	0.01198	0.01172	0.02135	0.01555	0.01959	0.01167	0.54128	0.22252	0.06659	0.01781	0.00985	0.01173	0.00728	0.00424	0.00489	0.00143	0.00642	0.00481	0.00292	0.00635
16	0.84914	0.00884	0.00661	0.00592	0.00860	0.03679	0.00485	0.01297	0.00759	0.01927	0.00609	0.00711	0.00475	0.00406	0.00274	0.00134	0.00352	0.00238	0.00268	0.00473
17	0.00837	0.00789	0.01333	0.79245	0.07275	0.00973	0.01218	0.01126	0.00879	0.01131	0.00778	0.01158	0.00587	0.00433	0.00436	0.00144	0.00578	0.00388	0.00195	0.00496
18	0.75796	0.00995	0.00725	0.00647	0.00914	0.10409	0.00523	0.03225	0.00830	0.01873	0.00625	0.00726	0.00489	0.00413	0.00288	0.00132	0.00392	0.00245	0.00269	0.00483
19	0.00875	0.02256	0.82413	0.01243	0.01888	0.01013	0.01611	0.01381	0.00921	0.01381	0.00783	0.00921	0.00552	0.00414	0.00414	0.00138	0.00645	0.00322	0.00184	0.00645
20	0.01108	0.01090	0.01743	0.02597	0.77775	0.05279	0.01313	0.01359	0.01006	0.01406	0.00813	0.01064	0.00684	0.00392	0.00430	0.00129	0.00532	0.00383	0.00216	0.00681
21	0.01166	0.84935	0.02285	0.00746	0.01119	0.01726	0.00746	0.01306	0.00886	0.01026	0.00606	0.00700	0.00560	0.00373	0.00280	0.00093	0.00466	0.00233	0.00187	0.00560
22	0.00531	0.00380	0.00506	0.00607	0.00633	0.00354	0.00405	0.00607	0.00835	0.01113	0.02404	0.84388	0.02885	0.01366	0.00557	0.00177	0.00253	0.01240	0.00405	0.00354
23	0.01658	0.01222	0.01309	0.01003	0.01353	0.01353	0.00829	0.80497	0.02051	0.02749	0.01047	0.01047	0.00742	0.00524	0.00436	0.00131	0.00480	0.00393	0.00436	0.00742
24	0.01957	0.00742	0.01012	0.00776	0.01113	0.00641	0.00641	0.02126	0.01248	0.82254	0.01721	0.01484	0.01080	0.00540	0.00439	0.00135	0.00371	0.00439	0.00540	0.00742
25	0.00521	0.00422	0.00463	0.00495	0.00603	0.00364	0.00355	0.00620	0.00943	0.01157	0.03768	0.30063	0.56328	0.01189	0.00529	0.00157	0.00231	0.01023	0.00405	0.00364
26	0.01658	0.01222	0.01309	0.01003	0.01353	0.01353	0.00829	0.80497	0.02051	0.02749	0.01047	0.01047	0.00742	0.00524	0.00436	0.00131	0.00480	0.00393	0.00436	0.00742
27	0.00978	0.00926	0.01568	0.27161	0.53752	0.00983	0.01252	0.01244	0.00969	0.01347	0.04998	0.01218	0.00835	0.00429	0.00437	0.00135	0.00521	0.00409	0.00223	0.00614
28	0.01029	0.01176	0.02574	0.01838	0.02279	0.01103	0.80368	0.01397	0.01029	0.01397	0.00882	0.01176	0.00662	0.00368	0.00515	0.00147	0.00735	0.00515	0.00221	0.00588
29	0.00623	0.00466	0.00696	0.00696	0.00773	0.00543	0.00540	0.00776	0.00700	0.01009	0.01172	0.01736	0.01100	0.04910	0.81318	0.00695	0.01153	0.00471	0.00234	0.00387
30	0.01658	0.01222	0.01309	0.01003	0.01353	0.01353	0.00829	0.80497	0.02051	0.02749	0.01047	0.01047	0.00742	0.00524	0.00436	0.00131	0.00480	0.00393	0.00436	0.00742
31	0.01658	0.01222	0.01309	0.01003	0.01353	0.01353	0.00829	0.80497	0.02051	0.02749	0.01047	0.01047	0.00742	0.00524	0.00436	0.00131	0.00480	0.00393	0.00436	0.00742
32	0.00824	0.00775	0.01308	0.83624	0.03004	0.00969	0.01211	0.01114	0.00872	0.01114	0.00775	0.01163	0.00581	0.00436	0.00436	0.00145	0.00581	0.00388	0.00194	0.00484
33	0.01166	0.84935	0.02285	0.00746	0.01119	0.01726	0.00746	0.01306	0.00886	0.01026	0.00606	0.00700	0.00560	0.00373	0.00280	0.00093	0.00466	0.00233	0.00187	0.00560
34	0.00531	0.00380	0.00506	0.00607	0.00633	0.00354	0.00405	0.00607	0.00835	0.01113	0.02404	0.84388	0.02885	0.01366	0.00557	0.00177	0.00253	0.01240	0.00405	0.00354
35	0.00904	0.00775	0.00904	0.00646	0.01034	0.00581	0.00517	0.01098	0.00904	0.01421	0.00775	0.00904	0.00646	0.00323	0.00323	0.00065	0.00323	0.00258	0.00258	0.87339
36	0.44230	0.01012	0.00965	0.00780	0.01090	0.01134	0.00644	0.37682	0.01366	0.06068	0.00861	0.00900	0.00624	0.00466	0.00354	0.00133	0.00404	0.00317	0.00359	0.00609
37	0.00954	0.00954	0.01336	0.01145	0.01145	0.01336	0.00954	0.01050	0.00668	0.01050	0.00573	0.00954	0.00573	0.00763	0.01431	0.00191	0.83874	0.00382	0.00191	0.00477
38	0.01109	0.00988	0.00997	0.00898	0.01144	0.04758	0.00697	0.02292	0.77576	0.01790	0.01726	0.01589	0.01297	0.00585	0.00442	0.00146	0.00365	0.00484	0.00434	0.00682
39	0.01074	0.01031	0.01760	0.04457	0.80216	0.01035	0.01336	0.01334	0.00990	0.01418	0.00819	0.01081	0.00688	0.00390	0.00432	0.00130	0.00520	0.00389	0.00215	0.00686
40	0.00531	0.00380	0.00506	0.00607	0.00633	0.00354	0.00405	0.00607	0.00835	0.01113	0.02404	0.84388	0.02885	0.01366	0.00557	0.00177	0.00253	0.01240	0.00405	0.00354
41	0.01079	0.01036	0.01770	0.02677	0.81952	0.01036	0.01339	0.01339	0.00993	0.01425	0.00820	0.01079	0.00691	0.00389	0.00432	0.00130	0.00518	0.00389	0.00216	0.00691
42	0.00624	0.00463	0.00680	0.00680	0.00750	0.00534	0.00518	0.00765	0.00695	0.00997	0.01188	0.01822	0.01137	0.11006	0.75274	0.00675	0.01097	0.00483	0.00237	0.00378
43	0.00824	0.00775	0.01308	0.83624	0.03004	0.00969	0.01211	0.01114	0.00872	0.01114	0.00775	0.01163	0.00581	0.00436	0.00436	0.00145	0.00581	0.00388	0.00194	0.00484
44	0.00878	0.06737	0.73862	0.01181	0.01783	0.01022	0.01503	0.01349	0.00935	0.01380	0.04848	0.01026	0.00732	0.00436	0.00412	0.00136	0.00613	0.00341	0.00199	0.00628
45	0.01016	0.00952	0.01386	0.01112	0.01293	0.01117	0.12585	0.05252	0.09425	0.02829	0.00841	0.01086	0.00711	0.00665	0.03130	0.00169	0.40900	0.00397	0.00253	0.14883
46	0.83419	0.00862	0.00675	0.00595	0.00869	0.00997	0.00490	0.05270	0.00808	0.01997	0.00629	0.00726	0.00486	0.00411	0.00278	0.00135	0.00345	0.00244	0.00278	0.00486
47	0.01029	0.01176	0.02574	0.01838	0.02279	0.01103	0.80368	0.01397	0.01029	0.01397	0.00882	0.01176	0.00662	0.00368	0.00515	0.00147	0.00735	0.00515	0.00221	0.00588
48	0.82282	0.00883	0.00682	0.00603	0.00876	0.02454	0.00495	0.04914	0.00811	0.01977	0.00629	0.00725	0.00486	0.00411	0.00280	0.00134	0.00352	0.00244	0.00277	0.00485
49	0.01085	0.00937	0.00986	0.00888	0.01134	0.01085	0.00690	0.02318	0.81164	0.01824	0.01775	0.01627	0.01331	0.00592	0.00444	0.00148	0.00345	0.00493	0.00444	0.00690
50	0.01176	0.00941	0.00965	0.00819	0.01061	0.08566	0.02205	0.20021	0.21170	0.08644	0.13809	0.02075	0.15298	0.00686	0.00461	0.00138	0.00386	0.00563	0.00424	0.00591
51	0.00999	0.30742	0.52969	0.01061	0.01605	0.01251	0.01291	0.01372	0.00916	0.03051	0.00743	0.00857	0.00567	0.00403	0.00369	0.00123	0.00577	0.00294	0.00193	0.00617
52	0.00875	0.02256	0.82413	0.01243	0.01888	0.01013	0.01611	0.01381	0.00921	0.01381	0.00783	0.00921	0.00552	0.00414	0.00414	0.00138	0.00645	0.00322	0.00184	0.00645
53	0.00596	0.00460	0.00555	0.00625	0.00684	0.01656	0.00430	0.00779	0.07901	0.01190	0.03657	0.68013	0.09300	0.01256	0.00540	0.00171	0.00266	0.01127	0.00407	0.00388
54	0.00873	0.00814	0.01402	0.72021	0.08656	0.00975	0.05311	0.01164	0.00896	0.02617	0.00801	0.01163	0.00602	0.00431	0.00440	0.00144	0.00581	0.00395	0.00203	0.00509
55	0.04438	0.01562	0.01257	0.01126	0.05496	0.40819	0.02265	0.23724	0.06197	0.07600	0.00930	0.00980	0.00701	0.00479	0.00412	0.00124	0.00615	0.00345	0.00321	0.00610
56	0.00834	0.00796	0.01374	0.79387	0.02966	0.00976	0.05313	0.01129	0.00880	0.01129	0.00781	0.01163	0.00586	0.00433	0.00440	0.00145	0.00589	0.00394	0.00195	0.00490
57	0.01159	0.82962	0.04197	0.00758	0.01138	0.01709	0.00767	0.01308	0.00887	0.01035	0.00611	0.00705	0.00560	0.00374	0.00283	0.00094	0.00471	0.00235	0.00187	0.00562
58	0.00631	0.00421	0.00477	0.00480	0.00481	0.00421	0.00269	0.00633	0.00641	0.00854	0.01408	0.05542	0.01628	0.81926	0.02165	0.00415	0.00417	0.00654	0.00269	0.00267
59	0.00882	0.00773	0.01293	0.79331	0.02906	0.00952	0.01182	0.01167	0.00892	0.05318	0.00824	0.01179	0.00607	0.00441	0.00436	0.00145	0.00571	0.00390	0.00212	0.00498
60	0.01042	0.01077	0.06182	0.10947	0.69382	0.01028	0.01340	0.01318	0.00977	0.01390	0.00814	0.01079	0.00672	0.00395	0.00431	0.00132	0.00532	0.00385	0.00212	0.00667
61	0.00878	0.06989	0.73495	0.01178	0.01779	0.01023	0.01499	0.01348	0.00935	0.01380	0.04966	0.01029	0.00738	0.00437	0.00412	0.00135	0.00611	0.00341	0.00200	0.00628
62	0.00531	0.00380	0.00506	0.00607	0.00633	0.00354	0.00405	0.00607	0.00835	0.01113	0.02404	0.84388	0.02885	0.01366	0.00557	0.00177	0.00253	0.01240	0.00405	0.00354
63	0.00905	0.10904	0.74031	0.01191	0.01807	0.01087	0.01521	0.01373	0.00917	0.01344	0.00764	0.00898	0.00553	0.00410	0.00400	0.00133	0.00626	0.00313	0.00184	0.00636
64	0.00948	0.19808	0.60878	0.01217	0.06151	0.01166	0.01412	0.01363	0.00917	0.01308	0.00747	0.00882	0.00562	0.00404	0.00387	0.00128	0.00600	0.00307	0.00186	0.00629
65	0.00855	0.00808	0.01366	0.73561	0.12818	0.00977	0.01227	0.01142	0.00887	0.01153	0.00781	0.01152	0.00595	0.00430	0.00436	0.00143	0.00574	0.00388	0.00197	0.00510
66	0.00880	0.03784	0.80932	0.01234	0.01873	0.01026	0.01595	0.01380	0.00920	0.01375	0.00779	0.00917	0.00553	0.00414	0.00412	0.00137	0.00641	0.00321	0.00184	0.00643
67	0.02687	0.00888	0.01428	0.52212	0.19637	0.03665	0.05154	0.01246	0.00941	0.05278	0.02253	0.01177	0.00693	0.00435	0.00436	0.00140	0.00560	0.00397	0.00225	0.00546
68	0.04552	0.19083	0.42233	0.02545	0.04272	0.05411	0.05210	0.03995	0.02096	0.02802	0.01885	0.00938	0.00638	0.00426	0.00409	0.00129	0.02227	0.00326	0.00216	0.00608

[dist]
# distance from previous block
# <min> <max>
19	55

[block]
# block no. 1 follows, 60 sequences, length 14
# corresponding to MSA columns:
# 294-307
name=unknown_B
#
# <colnr> <probs for GDERKNQSTAVLIFYWHMCP>
#	G	D	E	R	K	N	Q	S	T	A	V	L	I	F	Y	W	H	M	C	P
0	0.01502	0.00845	0.05495	0.00813	0.01158	0.00691	0.04214	0.01791	0.08157	0.48029	0.01684	0.01560	0.06975	0.00537	0.00428	0.00126	0.00381	0.00447	0.00442	0.14726
1	0.01579	0.00781	0.01139	0.00882	0.01191	0.00719	0.09809	0.04807	0.07022	0.52338	0.13330	0.01703	0.01482	0.00575	0.00459	0.00137	0.00391	0.00501	0.00483	0.00672
2	0.01603	0.01563	0.01254	0.01046	0.01335	0.35823	0.00824	0.41392	0.07580	0.01969	0.00943	0.00980	0.00709	0.00497	0.00419	0.00124	0.00600	0.00353	0.00347	0.00638
3	0.00560	0.00407	0.00537	0.00618	0.00667	0.00373	0.00424	0.00648	0.00846	0.01139	0.02310	0.76211	0.02745	0.01302	0.00546	0.00172	0.00264	0.04697	0.00397	0.05139
4	0.01166	0.84935	0.02285	0.00746	0.01119	0.01726	0.00746	0.01306	0.00886	0.01026	0.00606	0.00700	0.00560	0.00373	0.00280	0.00093	0.00466	0.00233	0.00187	0.00560
5	0.01768	0.00727	0.01030	0.00796	0.01111	0.00635	0.03991	0.01949	0.01238	0.69831	0.10628	0.01670	0.01401	0.00572	0.00450	0.00136	0.00368	0.00481	0.00520	0.00699
6	0.01166	0.84935	0.02285	0.00746	0.01119	0.01726	0.00746	0.01306	0.00886	0.01026	0.00606	0.00700	0.00560	0.00373	0.00280	0.00093	0.00466	0.00233	0.00187	0.00560
7	0.01128	0.74155	0.12733	0.00811	0.01220	0.01633	0.00859	0.01316	0.00891	0.01072	0.00629	0.00728	0.00559	0.00379	0.00297	0.00099	0.00490	0.00245	0.00186	0.00571
8	0.01018	0.00772	0.00916	0.00660	0.01042	0.00588	0.00530	0.01209	0.00941	0.10115	0.00877	0.00967	0.00693	0.00346	0.00335	0.00072	0.00328	0.00278	0.00289	0.78025
9	0.00561	0.00412	0.00529	0.00577	0.00643	0.00376	0.00402	0.00675	0.00952	0.01285	0.22174	0.54160	0.11045	0.01196	0.00536	0.00161	0.00240	0.01071	0.00420	0.02585
10	0.01117	0.70228	0.13966	0.00831	0.01232	0.01609	0.00879	0.01309	0.00884	0.01079	0.00631	0.00740	0.00559	0.00391	0.00335	0.00103	0.03098	0.00251	0.00186	0.00570
11	0.07615	0.26537	0.23245	0.01009	0.04629	0.13520	0.00973	0.07129	0.01023	0.01354	0.00842	0.07031	0.00745	0.00482	0.00371	0.00121	0.00537	0.00358	0.00235	0.02244
12	0.01196	0.57842	0.15428	0.00870	0.01284	0.01548	0.00903	0.13967	0.01078	0.01360	0.00706	0.00792	0.00588	0.00404	0.00327	0.00107	0.00498	0.00273	0.00226	0.00603
13	0.01399	0.29217	0.11883	0.00937	0.01319	0.07260	0.00884	0.30423	0.03625	0.07758	0.00911	0.00945	0.00686	0.00457	0.00379	0.00119	0.00507	0.00329	0.00314	0.00650

[dist]
# distance from previous block
# <min> <max>
3	9

[block]
# block no. 2 follows, 60 sequences, length 49
# corresponding to MSA columns:
# 320-368
name=unknown_C
#
# <colnr> <probs for GDERKNQSTAVLIFYWHMCP>
#	G	D	E	R	K	N	Q	S	T	A	V	L	I	F	Y	W	H	M	C	P
0	0.01364	0.41798	0.07548	0.00896	0.01278	0.01509	0.00845	0.36557	0.01407	0.01818	0.00815	0.00870	0.00640	0.00443	0.00359	0.00113	0.00485	0.00311	0.00298	0.00647
1	0.01009	0.40494	0.45354	0.01013	0.01532	0.01343	0.01211	0.01346	0.00905	0.01217	0.00701	0.00819	0.00556	0.00395	0.00352	0.00117	0.00562	0.00281	0.00185	0.00605
2	0.01144	0.78679	0.08348	0.00784	0.01178	0.01672	0.00812	0.01312	0.00889	0.01053	0.00620	0.00716	0.00559	0.00376	0.00290	0.00097	0.00480	0.00240	0.00186	0.00566
3	0.01188	0.81165	0.02241	0.00758	0.01130	0.01709	0.00750	0.04872	0.00939	0.01104	0.00626	0.00715	0.00568	0.00380	0.00287	0.00095	0.00467	0.00240	0.00198	0.00568
4	0.01203	0.07927	0.02266	0.00872	0.01147	0.01090	0.00709	0.05453	0.59897	0.10658	0.01636	0.01554	0.01223	0.00572	0.00431	0.00142	0.00369	0.01741	0.00428	0.00682
5	0.01627	0.01150	0.23329	0.00898	0.01314	0.00737	0.00901	0.01889	0.01158	0.58071	0.03451	0.01374	0.01010	0.00514	0.00434	0.00136	0.00442	0.00415	0.00441	0.00707
6	0.01734	0.00877	0.07299	0.00865	0.01218	0.00701	0.05232	0.03240	0.02238	0.64853	0.05879	0.01514	0.01176	0.00540	0.00445	0.00136	0.00405	0.00453	0.00488	0.00708
7	0.00531	0.00381	0.00504	0.00602	0.00631	0.00355	0.00403	0.00608	0.00840	0.01115	0.02465	0.81956	0.05277	0.01358	0.00555	0.00176	0.00252	0.01230	0.00405	0.00355
8	0.00557	0.00398	0.00529	0.00623	0.00661	0.00376	0.00436	0.00648	0.00859	0.01140	0.03559	0.69180	0.04521	0.03860	0.00611	0.00186	0.00275	0.10822	0.00401	0.00359
9	0.01761	0.00749	0.03477	0.00775	0.01087	0.00622	0.00650	0.01932	0.01194	0.70287	0.01769	0.09421	0.01266	0.00629	0.00453	0.00140	0.00369	0.02212	0.00513	0.00695
10	0.00875	0.02256	0.82413	0.01243	0.01888	0.01013	0.01611	0.01381	0.00921	0.01381	0.00783	0.00921	0.00552	0.00414	0.00414	0.00138	0.00645	0.00322	0.00184	0.00645
11	0.00531	0.00380	0.00506	0.00607	0.00633	0.00354	0.00405	0.00607	0.00835	0.01113	0.02404	0.84388	0.02885	0.01366	0.00557	0.00177	0.00253	0.01240	0.00405	0.00354
12	0.01338	0.01537	0.04231	0.01413	0.03173	0.33821	0.32794	0.05385	0.04016	0.04967	0.00866	0.01030	0.00664	0.00434	0.00472	0.00132	0.02502	0.00400	0.00253	0.00574
13	0.00980	0.00955	0.01612	0.36370	0.43109	0.02541	0.05644	0.01256	0.00949	0.01287	0.00802	0.01114	0.00641	0.00408	0.00437	0.00137	0.00562	0.00393	0.00207	0.00596
14	0.00518	0.00442	0.00445	0.00444	0.00591	0.00369	0.00333	0.00630	0.01000	0.01191	0.06157	0.04176	0.80028	0.01100	0.00515	0.00147	0.00221	0.00918	0.00407	0.00369
15	0.01059	0.01016	0.01734	0.08997	0.75788	0.01031	0.01329	0.01321	0.00984	0.01401	0.00817	0.01086	0.00682	0.00392	0.00432	0.00131	0.00523	0.00389	0.00214	0.00675
16	0.01060	0.01036	0.01824	0.08677	0.61841	0.01053	0.11899	0.02702	0.00999	0.01411	0.00823	0.01095	0.00677	0.00401	0.00468	0.00135	0.02619	0.00405	0.00218	0.00657
17	0.00875	0.02256	0.82413	0.01243	0.01888	0.01013	0.01611	0.01381	0.00921	0.01381	0.00783	0.00921	0.00552	0.00414	0.00414	0.00138	0.00645	0.00322	0.00184	0.00645
18	0.00824	0.00775	0.01308	0.83624	0.03004	0.00969	0.01211	0.01114	0.00872	0.01114	0.00775	0.01163	0.00581	0.00436	0.00436	0.00145	0.00581	0.00388	0.00194	0.00484
19	0.01660	0.00692	0.00934	0.00769	0.01048	0.00618	0.00630	0.04215	0.01203	0.62353	0.01837	0.10321	0.01416	0.00699	0.00469	0.00147	0.00366	0.09453	0.00507	0.00664
20	0.01303	0.00778	0.02946	0.00950	0.01242	0.00681	0.16734	0.02606	0.01120	0.37032	0.02024	0.06308	0.13074	0.00709	0.00491	0.00150	0.00428	0.10409	0.00422	0.00592
21	0.00924	0.17492	0.66308	0.01140	0.01726	0.01135	0.01432	0.01358	0.00919	0.01322	0.02047	0.00917	0.00611	0.00414	0.00391	0.00130	0.00605	0.00313	0.00189	0.00625
22	0.01131	0.01222	0.11373	0.01453	0.01858	0.03829	0.45395	0.01587	0.11393	0.10736	0.01139	0.01395	0.00863	0.00462	0.00485	0.00146	0.00619	0.04007	0.00290	0.00614
23	0.01726	0.00808	0.03513	0.00801	0.01119	0.02395	0.01834	0.01969	0.06358	0.64862	0.01790	0.05549	0.04026	0.00595	0.00447	0.00138	0.00381	0.00492	0.00500	0.00697
24	0.01002	0.00972	0.01630	0.29867	0.51458	0.02495	0.03733	0.01272	0.00958	0.01313	0.00804	0.01105	0.00651	0.00405	0.00435	0.00135	0.00551	0.00390	0.00209	0.00615
25	0.01015	0.00966	0.01657	0.13342	0.62224	0.00989	0.04216	0.01277	0.00979	0.01373	0.00930	0.01388	0.00814	0.00457	0.00448	0.00138	0.00526	0.06398	0.00227	0.00637
26	0.00936	0.13313	0.66586	0.01142	0.01722	0.01077	0.01428	0.01370	0.00923	0.03784	0.00838	0.03492	0.00642	0.00442	0.00401	0.00133	0.00600	0.00342	0.00202	0.00627
27	0.01156	0.00739	0.02194	0.02480	0.01162	0.00685	0.11059	0.06977	0.04019	0.25199	0.05721	0.06395	0.15362	0.00780	0.00498	0.00152	0.00400	0.14043	0.00420	0.00558
28	0.00898	0.09807	0.71726	0.01177	0.01776	0.01066	0.01488	0.01376	0.02474	0.01351	0.00820	0.02670	0.00617	0.00434	0.00406	0.00135	0.00614	0.00337	0.00194	0.00632
29	0.01023	0.00982	0.01685	0.20321	0.63167	0.01023	0.02859	0.01291	0.00967	0.01357	0.00812	0.01100	0.00666	0.00399	0.00434	0.00133	0.00536	0.00391	0.00211	0.00644
30	0.00968	0.00889	0.01521	0.49616	0.26186	0.00997	0.06564	0.03199	0.00959	0.03733	0.00831	0.01146	0.00638	0.00423	0.00440	0.00140	0.00564	0.00398	0.00219	0.00567
31	0.01022	0.01227	0.08549	0.05383	0.02226	0.01089	0.67007	0.01385	0.01007	0.02792	0.00875	0.01155	0.00654	0.00389	0.00530	0.00147	0.03262	0.00489	0.00221	0.00587
32	0.00957	0.02140	0.76196	0.01207	0.01829	0.00984	0.01537	0.01438	0.00946	0.07558	0.00854	0.00964	0.00593	0.00424	0.00416	0.00138	0.00624	0.00331	0.00211	0.00652
33	0.00911	0.12528	0.72458	0.01181	0.01792	0.01101	0.01504	0.01372	0.00917	0.01337	0.00761	0.00893	0.00553	0.00409	0.00398	0.00133	0.00622	0.00311	0.00184	0.00634
34	0.00875	0.02256	0.82413	0.01243	0.01888	0.01013	0.01611	0.01381	0.00921	0.01381	0.00783	0.00921	0.00552	0.00414	0.00414	0.00138	0.00645	0.00322	0.00184	0.00645
35	0.00872	0.00854	0.01418	0.72184	0.05518	0.03473	0.07250	0.01162	0.00899	0.01145	0.00782	0.01150	0.00591	0.00430	0.00441	0.00144	0.00597	0.00394	0.00198	0.00500
36	0.00515	0.00442	0.00442	0.00442	0.00589	0.00368	0.00331	0.00626	0.00994	0.01178	0.04418	0.04197	0.81775	0.01105	0.00515	0.00147	0.00221	0.00920	0.00405	0.00368
37	0.00824	0.00775	0.01308	0.83624	0.03004	0.00969	0.01211	0.01114	0.00872	0.01114	0.00775	0.01163	0.00581	0.00436	0.00436	0.00145	0.00581	0.00388	0.00194	0.00484
38	0.00689	0.00497	0.00683	0.00776	0.00880	0.00492	0.00674	0.00882	0.01003	0.01296	0.02470	0.04865	0.08564	0.01197	0.00596	0.00197	0.00388	0.73052	0.00402	0.00399
39	0.00887	0.02174	0.76315	0.01289	0.01918	0.01020	0.07626	0.01382	0.00929	0.01382	0.00790	0.00940	0.00561	0.00411	0.00422	0.00139	0.00651	0.00337	0.00187	0.00640
40	0.01579	0.02005	0.01200	0.01093	0.01314	0.79204	0.00820	0.01691	0.01225	0.01072	0.00843	0.00940	0.04219	0.00479	0.00399	0.00114	0.00761	0.00310	0.00233	0.00499
41	0.00524	0.00441	0.00448	0.00447	0.00586	0.00372	0.00331	0.00632	0.00985	0.01181	0.06650	0.04108	0.75785	0.04861	0.00592	0.00159	0.00230	0.00904	0.00401	0.00365
42	0.00531	0.00381	0.00505	0.00604	0.00632	0.00355	0.00403	0.00608	0.00839	0.01115	0.02450	0.82557	0.04686	0.01360	0.00556	0.00176	0.00252	0.01233	0.00405	0.00355
43	0.01610	0.01218	0.01405	0.01067	0.01423	0.01333	0.06903	0.74456	0.01973	0.02645	0.01035	0.01057	0.00736	0.00512	0.00442	0.00132	0.00499	0.00402	0.00420	0.00730
44	0.87753	0.00843	0.00641	0.00574	0.00843	0.00978	0.00472	0.01282	0.00742	0.01957	0.00607	0.00709	0.00472	0.00405	0.00270	0.00135	0.00337	0.00236	0.00270	0.00472
45	0.01629	0.02079	0.01236	0.01124	0.01348	0.82921	0.00843	0.01742	0.01236	0.01067	0.00674	0.00787	0.00562	0.00449	0.00393	0.00112	0.00787	0.00281	0.00225	0.00506
46	0.00904	0.00775	0.00904	0.00646	0.01034	0.00581	0.00517	0.01098	0.00904	0.01421	0.00775	0.00904	0.00646	0.00323	0.00323	0.00065	0.00323	0.00258	0.00258	0.87339
47	0.00531	0.00380	0.00506	0.00607	0.00633	0.00354	0.00405	0.00607	0.00835	0.01113	0.02404	0.84388	0.02885	0.01366	0.00557	0.00177	0.00253	0.01240	0.00405	0.00354
48	0.00533	0.00390	0.00503	0.00592	0.00633	0.00359	0.00402	0.00616	0.00857	0.01125	0.02640	0.73227	0.12209	0.01332	0.00553	0.00174	0.00252	0.02841	0.00405	0.00357

[dist]
# distance from previous block
# <min> <max>
6	17

[block]
# block no. 3 follows, 60 sequences, length 26
# corresponding to MSA columns:
# 387-391,466-486
name=unknown_D
#
# <colnr> <probs for GDERKNQSTAVLIFYWHMCP>
#	G	D	E	R	K	N	Q	S	T	A	V	L	I	F	Y	W	H	M	C	P
0	0.09856	0.00961	0.01469	0.27896	0.41463	0.03920	0.02627	0.01286	0.02385	0.01381	0.02253	0.01108	0.00702	0.00420	0.00418	0.00135	0.00525	0.00380	0.00224	0.00590
1	0.16859	0.00952	0.00947	0.00831	0.02700	0.07067	0.00644	0.13145	0.24110	0.12523	0.09544	0.01522	0.04053	0.00568	0.00413	0.00135	0.00384	0.00446	0.00401	0.02754
2	0.01169	0.68217	0.11844	0.00837	0.01231	0.08271	0.00858	0.01351	0.00919	0.01072	0.00633	0.00733	0.00559	0.00384	0.00305	0.00100	0.00514	0.00248	0.00189	0.00565
3	0.00717	0.00590	0.00822	0.00832	0.00920	0.02077	0.04927	0.00914	0.04664	0.01228	0.02021	0.34571	0.02249	0.01130	0.00661	0.00184	0.09631	0.31077	0.00368	0.00417
4	0.01079	0.01036	0.01770	0.02677	0.81952	0.01036	0.01339	0.01339	0.00993	0.01425	0.00820	0.01079	0.00691	0.00389	0.00432	0.00130	0.00518	0.00389	0.00216	0.00691
5	0.00610	0.00446	0.00573	0.00541	0.00647	0.00409	0.00406	0.00809	0.01218	0.01710	0.76391	0.03323	0.09471	0.00906	0.00514	0.00138	0.00207	0.00798	0.00475	0.00409
6	0.01009	0.00964	0.01642	0.25076	0.60106	0.01018	0.01303	0.01276	0.00960	0.01339	0.00808	0.01103	0.00661	0.00402	0.00433	0.00134	0.00536	0.00388	0.00210	0.00634
7	0.00824	0.00775	0.01308	0.83624	0.03004	0.00969	0.01211	0.01114	0.00872	0.01114	0.00775	0.01163	0.00581	0.00436	0.00436	0.00145	0.00581	0.00388	0.00194	0.00484
8	0.00824	0.00775	0.01308	0.83624	0.03004	0.00969	0.01211	0.01114	0.00872	0.01114	0.00775	0.01163	0.00581	0.00436	0.00436	0.00145	0.00581	0.00388	0.00194	0.00484
9	0.00758	0.00379	0.00568	0.00568	0.00568	0.00379	0.00379	0.00568	0.00568	0.00758	0.00758	0.01326	0.00758	0.01515	0.01705	0.87311	0.00379	0.00379	0.00189	0.00189
10	0.01204	0.78168	0.02200	0.00777	0.01138	0.08357	0.00754	0.01342	0.00915	0.01029	0.00612	0.00707	0.00560	0.00379	0.00289	0.00095	0.00493	0.00237	0.00190	0.00555
11	0.01166	0.84935	0.02285	0.00746	0.01119	0.01726	0.00746	0.01306	0.00886	0.01026	0.00606	0.00700	0.00560	0.00373	0.00280	0.00093	0.00466	0.00233	0.00187	0.00560
12	0.01166	0.84935	0.02285	0.00746	0.01119	0.01726	0.00746	0.01306	0.00886	0.01026	0.00606	0.00700	0.00560	0.00373	0.00280	0.00093	0.00466	0.00233	0.00187	0.00560
13	0.00617	0.00446	0.00583	0.00549	0.00652	0.00412	0.00412	0.00823	0.01235	0.01749	0.81722	0.03258	0.04115	0.00892	0.00514	0.00137	0.00206	0.00789	0.00480	0.00412
14	0.00617	0.00446	0.00583	0.00549	0.00652	0.00412	0.00412	0.00823	0.01235	0.01749	0.81722	0.03258	0.04115	0.00892	0.00514	0.00137	0.00206	0.00789	0.00480	0.00412
15	0.00634	0.00423	0.00476	0.00476	0.00476	0.00423	0.00264	0.00634	0.00634	0.00846	0.01374	0.02854	0.01586	0.84672	0.02220	0.00423	0.00423	0.00634	0.00264	0.00264
16	0.01079	0.01036	0.01770	0.02677	0.81952	0.01036	0.01339	0.01339	0.00993	0.01425	0.00820	0.01079	0.00691	0.00389	0.00432	0.00130	0.00518	0.00389	0.00216	0.00691
17	0.01629	0.02079	0.01236	0.01124	0.01348	0.82921	0.00843	0.01742	0.01236	0.01067	0.00674	0.00787	0.00562	0.00449	0.00393	0.00112	0.00787	0.00281	0.00225	0.00506
18	0.00813	0.00407	0.00407	0.00407	0.00508	0.00407	0.00305	0.01016	0.00915	0.01626	0.01423	0.01626	0.01118	0.00508	0.00305	0.00102	0.00203	0.00407	0.87093	0.00407
19	0.01947	0.00757	0.01021	0.00783	0.01121	0.00663	0.00647	0.04574	0.01273	0.79770	0.01700	0.01471	0.01069	0.00539	0.00439	0.00135	0.00375	0.00437	0.00537	0.00742
20	0.00842	0.00794	0.01341	0.77824	0.08661	0.00974	0.01220	0.01130	0.00881	0.01137	0.00778	0.01157	0.00589	0.00433	0.00436	0.00144	0.00577	0.00388	0.00195	0.00499
21	0.01491	0.01130	0.01215	0.00961	0.01283	0.01254	0.00784	0.60057	0.18201	0.02474	0.01192	0.01180	0.00870	0.00608	0.02705	0.00148	0.00467	0.00412	0.00427	0.03140
22	0.00923	0.02134	0.76225	0.01202	0.01817	0.00979	0.01532	0.01405	0.00945	0.05479	0.02880	0.01008	0.00669	0.00433	0.00418	0.00138	0.00620	0.00340	0.00210	0.00644
23	0.00894	0.00771	0.00934	0.00673	0.01049	0.00587	0.02651	0.01093	0.00923	0.01436	0.04572	0.01022	0.00809	0.00351	0.00337	0.00070	0.00329	0.00290	0.00268	0.80940
24	0.00998	0.11739	0.43655	0.01590	0.23874	0.01119	0.04520	0.03555	0.02447	0.01397	0.00801	0.00965	0.00615	0.00407	0.00408	0.00131	0.00582	0.00343	0.00206	0.00648
25	0.01096	0.01137	0.05197	0.02544	0.74781	0.04839	0.01327	0.01359	0.01001	0.01406	0.00812	0.01059	0.00679	0.00393	0.00429	0.00129	0.00536	0.00381	0.00215	0.00680

[dist]
# distance from previous block
# <min> <max>
0	3

[block]
# block no. 4 follows, 60 sequences, length 22
# corresponding to MSA columns:
# 490-511
name=unknown_E
#
# <colnr> <probs for GDERKNQSTAVLIFYWHMCP>
#	G	D	E	R	K	N	Q	S	T	A	V	L	I	F	Y	W	H	M	C	P
0	0.02571	0.43056	0.02896	0.00871	0.01203	0.17431	0.01849	0.08026	0.10516	0.01319	0.00811	0.00877	0.00671	0.00424	0.00342	0.00107	0.00511	0.00293	0.00251	0.05974
1	0.00750	0.00679	0.02000	0.00790	0.00963	0.00683	0.09568	0.01050	0.10670	0.02707	0.17754	0.04027	0.32219	0.00865	0.00621	0.00152	0.10678	0.02984	0.00376	0.00464
2	0.01074	0.00529	0.00654	0.00576	0.00688	0.00495	0.00390	0.01131	0.00839	0.27939	0.01490	0.02398	0.01417	0.56672	0.01627	0.00327	0.00406	0.00569	0.00356	0.00423
3	0.00623	0.00430	0.00441	0.00439	0.00567	0.00384	0.00329	0.00772	0.00987	0.01373	0.09606	0.03266	0.48718	0.00889	0.00445	0.00131	0.00214	0.00739	0.29262	0.00384
4	0.01405	0.01704	0.01269	0.01131	0.01281	0.55769	0.00880	0.01511	0.01047	0.01061	0.00640	0.00842	0.00565	0.00554	0.00739	0.00138	0.28439	0.00314	0.00213	0.00496
5	0.29983	0.56948	0.01738	0.00689	0.01028	0.01477	0.00655	0.01298	0.00838	0.01336	0.00607	0.00703	0.00531	0.00384	0.00277	0.00107	0.00423	0.00234	0.00214	0.00531
6	0.30296	0.01039	0.01037	0.00826	0.01138	0.01154	0.00680	0.46904	0.01529	0.06742	0.00951	0.00980	0.00684	0.00484	0.00376	0.00131	0.00416	0.00344	0.03649	0.00639
7	0.01005	0.00503	0.00672	0.00657	0.00791	0.00450	0.00481	0.01113	0.00979	0.28120	0.02252	0.53777	0.05254	0.01081	0.00516	0.00162	0.00291	0.00961	0.00450	0.00484
8	0.00824	0.00775	0.01308	0.83624	0.03004	0.00969	0.01211	0.01114	0.00872	0.01114	0.00775	0.01163	0.00581	0.00436	0.00436	0.00145	0.00581	0.00388	0.00194	0.00484
9	0.01288	0.00956	0.00999	0.00811	0.01032	0.03680	0.00624	0.48644	0.01514	0.02022	0.01157	0.01660	0.01029	0.28526	0.01024	0.00226	0.00462	0.00470	0.03313	0.00564
10	0.00915	0.18007	0.39678	0.28563	0.02108	0.01138	0.01308	0.01278	0.00898	0.01223	0.00746	0.00958	0.00564	0.00413	0.00395	0.00132	0.00589	0.00327	0.00188	0.00575
11	0.00782	0.00627	0.00907	0.01208	0.27592	0.00627	0.00622	0.00869	0.00754	0.01038	0.01190	0.02263	0.01288	0.56622	0.01625	0.00325	0.00455	0.00552	0.00248	0.00406
12	0.00928	0.01387	0.28319	0.01178	0.01392	0.01228	0.01173	0.01160	0.00752	0.01160	0.00642	0.00943	0.00566	0.00647	0.01093	0.00173	0.56174	0.00362	0.00189	0.00533
13	0.00938	0.00865	0.01332	0.28290	0.29381	0.00863	0.01024	0.01186	0.00924	0.01323	0.00791	0.01048	0.00640	0.00382	0.00397	0.00113	0.00474	0.00345	0.00223	0.29461
14	0.01021	0.00947	0.01464	0.01959	0.53136	0.00886	0.01050	0.01281	0.02834	0.01433	0.00828	0.01034	0.00691	0.00372	0.00396	0.00108	0.00449	0.00348	0.00235	0.29528
15	0.00629	0.00430	0.00511	0.00500	0.00534	0.00419	0.00313	0.00697	0.00834	0.01146	0.28115	0.02989	0.02428	0.56789	0.01652	0.00328	0.00351	0.00686	0.00336	0.00313
16	0.00743	0.00593	0.00904	0.28367	0.01603	0.00657	0.00872	0.00974	0.00960	0.01242	0.01799	0.03669	0.01868	0.00949	0.00547	0.00182	0.00461	0.52848	0.00332	0.00429
17	0.01187	0.16513	0.41270	0.01076	0.01574	0.01252	0.01198	0.27699	0.01291	0.01774	0.00840	0.00924	0.00617	0.00443	0.00398	0.00128	0.00558	0.00330	0.00269	0.00662
18	0.01081	0.01003	0.01509	0.02081	0.55055	0.01052	0.01123	0.01664	0.27675	0.01558	0.01138	0.01262	0.00904	0.00456	0.00436	0.00136	0.00461	0.00423	0.00292	0.00691
19	0.00627	0.00452	0.00626	0.00626	0.00678	0.00504	0.00452	0.00731	0.00679	0.00957	0.01237	0.02093	0.01255	0.30362	0.56078	0.00608	0.00920	0.00523	0.00244	0.00348
20	0.00587	0.00445	0.00541	0.00517	0.00633	0.00399	0.00388	0.00765	0.01163	0.01580	0.58852	0.03536	0.27090	0.00955	0.00515	0.00140	0.00210	0.00828	0.00458	0.00399
21	0.01281	0.01419	0.01574	0.02107	0.52390	0.31068	0.01157	0.01486	0.01082	0.01294	0.00767	0.00972	0.00644	0.00411	0.00418	0.00123	0.00617	0.00349	0.00219	0.00623

[dist]
# distance from previous block
# <min> <max>
0	100

# created by:
# /st0/software/busco_prod/Augustus/scripts/msa2prfl.pl ./align_prep/123130.fa
