[name]
unknown

[dist]
# distance from previous block
# <min> <max>
0	31

[block]
# block no. 0 follows, 62 sequences, length 20
# corresponding to MSA columns:
# 33-52
name=unknown_A
#
# <colnr> <probs for GDERKNQSTAVLIFYWHMCP>
#	G	D	E	R	K	N	Q	S	T	A	V	L	I	F	Y	W	H	M	C	P
0	0.09681	0.01098	0.15541	0.08603	0.22348	0.04234	0.05000	0.02379	0.00958	0.05405	0.05755	0.08068	0.01068	0.00533	0.00422	0.00134	0.00477	0.03462	0.00267	0.04567
1	0.03538	0.00966	0.01266	0.13767	0.25502	0.08043	0.03450	0.11301	0.01086	0.03443	0.04257	0.02310	0.04291	0.02741	0.01854	0.00139	0.00489	0.00411	0.00271	0.10875
2	0.03160	0.01797	0.03627	0.12798	0.08938	0.06579	0.02300	0.10029	0.09441	0.03536	0.21778	0.01925	0.09652	0.00628	0.00461	0.00134	0.01814	0.00528	0.00346	0.00526
3	0.05747	0.00680	0.02161	0.00700	0.02150	0.05073	0.04438	0.02774	0.01783	0.04144	0.01400	0.08691	0.04598	0.39242	0.01249	0.00262	0.02572	0.04258	0.00288	0.07793
4	0.00768	0.00664	0.02829	0.02952	0.00827	0.06352	0.00515	0.06480	0.02655	0.01200	0.04129	0.19482	0.07265	0.26091	0.00995	0.00231	0.00390	0.12682	0.00330	0.03164
5	0.07280	0.11446	0.10834	0.00946	0.01264	0.13711	0.05062	0.11448	0.21476	0.01554	0.01013	0.01093	0.00792	0.02121	0.02252	0.00142	0.01651	0.00359	0.00295	0.05263
6	0.05201	0.29626	0.09550	0.01045	0.05493	0.20430	0.06571	0.07484	0.01041	0.01289	0.00698	0.00821	0.00576	0.00401	0.00368	0.00109	0.01867	0.00290	0.00222	0.06919
7	0.02408	0.05901	0.24194	0.00948	0.03257	0.10749	0.00916	0.04192	0.02169	0.20453	0.03366	0.03937	0.01870	0.00511	0.00405	0.00124	0.00484	0.03510	0.00314	0.10293
8	0.01013	0.34395	0.33360	0.00969	0.01414	0.04645	0.03468	0.01398	0.08516	0.01251	0.02918	0.00940	0.00711	0.00415	0.00358	0.00116	0.00522	0.00310	0.00217	0.03063
9	0.00618	0.00394	0.00540	0.00579	0.00609	0.00389	0.00399	0.00632	0.00748	0.01010	0.08491	0.32556	0.02001	0.11514	0.07788	0.25572	0.00379	0.05171	0.00310	0.00299
10	0.01076	0.57932	0.04992	0.00829	0.04601	0.04025	0.00741	0.04042	0.02268	0.02260	0.02453	0.10042	0.02198	0.00507	0.00336	0.00108	0.00440	0.00380	0.00234	0.00536
11	0.01159	0.04337	0.09661	0.04289	0.16533	0.07569	0.05368	0.16286	0.04129	0.07426	0.03580	0.03887	0.00914	0.02803	0.05480	0.00173	0.05098	0.00423	0.00293	0.00592
12	0.00570	0.00449	0.00620	0.00640	0.00732	0.00413	0.04791	0.00694	0.00914	0.01185	0.08067	0.43034	0.22866	0.01162	0.00534	0.00164	0.00282	0.12120	0.00390	0.00372
13	0.02961	0.00789	0.01024	0.00807	0.01109	0.00754	0.03681	0.07337	0.14599	0.52711	0.01551	0.01476	0.01062	0.05114	0.00520	0.00147	0.00380	0.00439	0.00466	0.03072
14	0.00867	0.00784	0.01146	0.15755	0.20408	0.05641	0.05792	0.01077	0.00994	0.03854	0.16387	0.09870	0.06793	0.00684	0.00493	0.00142	0.02550	0.05959	0.00306	0.00497
15	0.00770	0.00742	0.03283	0.00859	0.02351	0.07132	0.02274	0.00915	0.00732	0.01015	0.00979	0.01476	0.00922	0.06787	0.51163	0.00492	0.17043	0.00430	0.00219	0.00415
16	0.00598	0.00417	0.00530	0.05061	0.00665	0.00421	0.00369	0.00641	0.00710	0.00949	0.03334	0.30590	0.01939	0.45112	0.03835	0.03045	0.00380	0.00798	0.00302	0.00304
17	0.00572	0.00444	0.00524	0.00524	0.00632	0.00407	0.00385	0.00763	0.04817	0.01395	0.35595	0.18451	0.31903	0.01016	0.00507	0.00145	0.00221	0.00883	0.00427	0.00389
18	0.65076	0.05287	0.00778	0.00615	0.00871	0.00994	0.00503	0.10174	0.02641	0.01861	0.00724	0.00910	0.00597	0.06979	0.00433	0.00151	0.00358	0.00283	0.00281	0.00484
19	0.04765	0.05426	0.01213	0.01024	0.01265	0.57026	0.02418	0.06110	0.13140	0.01281	0.00885	0.00949	0.01762	0.00465	0.00388	0.00117	0.00648	0.00320	0.00265	0.00534

[dist]
# distance from previous block
# <min> <max>
0	1

[block]
# block no. 1 follows, 62 sequences, length 63
# corresponding to MSA columns:
# 54-116
name=unknown_B
#
# <colnr> <probs for GDERKNQSTAVLIFYWHMCP>
#	G	D	E	R	K	N	Q	S	T	A	V	L	I	F	Y	W	H	M	C	P
0	0.00931	0.05141	0.04650	0.03493	0.03286	0.02814	0.33401	0.02140	0.03079	0.02944	0.00949	0.02163	0.00801	0.04339	0.16542	0.00254	0.07312	0.00450	0.01862	0.03450
1	0.00828	0.00790	0.01364	0.75227	0.07497	0.00956	0.05144	0.01114	0.00865	0.01118	0.00764	0.01130	0.00577	0.00419	0.00429	0.00141	0.00571	0.00384	0.00192	0.00489
2	0.00645	0.00489	0.00712	0.00660	0.00736	0.00515	0.05449	0.00745	0.00686	0.00957	0.01233	0.02086	0.02439	0.35059	0.41595	0.01745	0.00780	0.00523	0.00241	0.02704
3	0.00804	0.00756	0.01276	0.84023	0.02931	0.00945	0.01182	0.01087	0.00851	0.01087	0.00756	0.01134	0.00567	0.00425	0.00425	0.00142	0.00567	0.00378	0.00189	0.00473
4	0.00882	0.10528	0.74764	0.01164	0.01767	0.01058	0.01488	0.01340	0.00895	0.01313	0.00746	0.00877	0.00540	0.00400	0.00391	0.00130	0.00611	0.00306	0.00180	0.00621
5	0.01507	0.01879	0.01216	0.01159	0.05318	0.72860	0.00843	0.01644	0.02529	0.01077	0.00726	0.00917	0.00622	0.00469	0.00424	0.00116	0.03385	0.02580	0.00226	0.00501
6	0.00514	0.00433	0.00446	0.00447	0.00587	0.00365	0.00338	0.00629	0.00984	0.01185	0.08702	0.04062	0.75592	0.01068	0.00505	0.00145	0.00219	0.03020	0.00399	0.00363
7	0.00534	0.00435	0.00475	0.00472	0.00604	0.00375	0.00359	0.00667	0.01023	0.01281	0.21670	0.03924	0.60719	0.01036	0.00507	0.00144	0.00221	0.04773	0.00411	0.00370
8	0.00518	0.00433	0.00452	0.00457	0.00594	0.00368	0.00347	0.00635	0.00981	0.01186	0.08588	0.05188	0.72740	0.01074	0.00508	0.00146	0.00224	0.04799	0.00399	0.00363
9	0.00882	0.00756	0.00882	0.00630	0.01008	0.00567	0.00504	0.01071	0.00882	0.01387	0.00756	0.00882	0.00630	0.00315	0.00315	0.00063	0.00315	0.00252	0.00252	0.87647
10	0.00992	0.00957	0.01355	0.48456	0.21652	0.09010	0.01133	0.04446	0.02726	0.02416	0.00831	0.01160	0.00656	0.00438	0.00424	0.00135	0.00557	0.01895	0.00221	0.00539
11	0.05557	0.00961	0.00896	0.00800	0.01010	0.14081	0.00626	0.11030	0.23200	0.07715	0.08541	0.04666	0.09121	0.01833	0.00477	0.00142	0.01603	0.05483	0.01709	0.00549
12	0.00765	0.00610	0.00728	0.00714	0.00823	0.07876	0.04451	0.00895	0.00971	0.05950	0.16603	0.33887	0.06593	0.01085	0.02343	0.03266	0.00356	0.11297	0.00380	0.00404
13	0.78388	0.00816	0.00665	0.00584	0.00853	0.00927	0.00480	0.01347	0.02496	0.09227	0.00715	0.00779	0.00532	0.00411	0.00282	0.00132	0.00332	0.00254	0.00291	0.00489
14	0.03320	0.00778	0.00919	0.09988	0.01217	0.02383	0.00584	0.01086	0.00888	0.01367	0.02507	0.00952	0.00690	0.00344	0.00332	0.00076	0.00351	0.00277	0.00249	0.71690
15	0.06164	0.00486	0.00591	0.00543	0.00674	0.00454	0.00412	0.00859	0.02218	0.01676	0.67459	0.02897	0.06956	0.00810	0.00474	0.00130	0.00218	0.00705	0.00438	0.05836
16	0.01022	0.06189	0.03409	0.02413	0.17491	0.00937	0.21304	0.04703	0.02659	0.08299	0.08109	0.01529	0.07351	0.00646	0.04324	0.00160	0.06445	0.00480	0.00286	0.02242
17	0.00511	0.00426	0.00446	0.00452	0.00583	0.00361	0.00335	0.00623	0.00974	0.01184	0.09760	0.10869	0.69846	0.01084	0.00506	0.00145	0.00217	0.00915	0.00400	0.00361
18	0.01015	0.00965	0.01640	0.06515	0.73770	0.00974	0.01257	0.01263	0.00960	0.01364	0.00884	0.03286	0.00780	0.00431	0.00430	0.00131	0.00498	0.02969	0.00220	0.00647
19	0.01275	0.01050	0.01083	0.00914	0.01189	0.03822	0.00727	0.30381	0.50549	0.02078	0.01443	0.01359	0.01069	0.00549	0.00429	0.00137	0.00398	0.00439	0.00423	0.00686
20	0.01431	0.05534	0.01243	0.01110	0.04918	0.65327	0.02300	0.01559	0.01159	0.01109	0.06349	0.01017	0.02358	0.00480	0.00415	0.00114	0.02515	0.00329	0.00237	0.00496
21	0.00856	0.04696	0.75869	0.01185	0.01783	0.00991	0.03031	0.01326	0.00910	0.01350	0.03654	0.00978	0.00665	0.00419	0.00406	0.00134	0.00610	0.00332	0.00191	0.00617
22	0.00869	0.05105	0.77002	0.01217	0.01829	0.01016	0.04487	0.01346	0.00901	0.01336	0.00761	0.00900	0.00543	0.00401	0.00403	0.00134	0.00626	0.00318	0.00181	0.00624
23	0.01049	0.01018	0.01694	0.02505	0.76789	0.02844	0.02670	0.01295	0.00970	0.01373	0.00843	0.03471	0.00733	0.00408	0.00425	0.00128	0.00508	0.00403	0.00216	0.00659
24	0.00854	0.00619	0.00869	0.13524	0.02091	0.00652	0.02877	0.02374	0.11092	0.08355	0.01897	0.14459	0.04150	0.02034	0.00536	0.00171	0.00395	0.32211	0.00370	0.00472
25	0.00568	0.00437	0.00524	0.00535	0.00648	0.00394	0.00413	0.00720	0.01043	0.01360	0.31132	0.09533	0.36643	0.01038	0.00519	0.00151	0.00240	0.13306	0.00420	0.00378
26	0.00891	0.10711	0.69898	0.01196	0.01786	0.01065	0.06053	0.01341	0.00901	0.01313	0.00751	0.00890	0.00546	0.00397	0.00396	0.00131	0.00616	0.00316	0.00182	0.00617
27	0.01469	0.00956	0.01134	0.11632	0.05712	0.05913	0.00792	0.23144	0.10753	0.28075	0.01254	0.01278	0.00884	0.00543	0.00470	0.03231	0.00447	0.01271	0.00396	0.00646
28	0.02011	0.00582	0.00709	0.00622	0.00791	0.00558	0.00468	0.01312	0.11213	0.25734	0.18190	0.02462	0.09888	0.20868	0.00868	0.00203	0.00324	0.02282	0.00420	0.00495
29	0.00720	0.00483	0.00607	0.00622	0.00709	0.00475	0.00474	0.00894	0.04912	0.05636	0.14188	0.06722	0.07073	0.26824	0.01036	0.00243	0.00348	0.27281	0.00372	0.00380
30	0.00861	0.04292	0.80813	0.01201	0.01823	0.01006	0.01551	0.01346	0.00898	0.01339	0.00759	0.00893	0.00539	0.00403	0.00401	0.00134	0.00624	0.00312	0.00180	0.00627
31	0.01618	0.01192	0.01277	0.00979	0.01320	0.01320	0.00809	0.80973	0.02001	0.02682	0.01022	0.01022	0.00724	0.00511	0.00426	0.00128	0.00468	0.00383	0.00426	0.00724
32	0.00793	0.00397	0.00397	0.00397	0.00496	0.00397	0.00297	0.00991	0.00892	0.01586	0.01388	0.01586	0.01091	0.00496	0.00297	0.00099	0.00198	0.00397	0.87408	0.00397
33	0.10983	0.00699	0.00805	0.00669	0.00921	0.00670	0.00527	0.01516	0.15054	0.26907	0.08898	0.03626	0.07000	0.05924	0.00517	0.00143	0.00322	0.00482	0.00404	0.13935
34	0.00621	0.00415	0.00471	0.00474	0.00478	0.00415	0.00272	0.00627	0.00630	0.00840	0.01370	0.02850	0.01576	0.82324	0.02115	0.00405	0.00412	0.03180	0.00262	0.00262
35	0.01053	0.01011	0.01727	0.02612	0.82392	0.01011	0.01306	0.01306	0.00969	0.01390	0.00800	0.01053	0.00674	0.00379	0.00421	0.00126	0.00505	0.00379	0.00211	0.00674
36	0.01423	0.01049	0.01123	0.00896	0.01191	0.01162	0.00728	0.56404	0.17055	0.03475	0.02970	0.01230	0.00941	0.00530	0.00418	0.00129	0.00413	0.00412	0.07771	0.00679
37	0.02263	0.00463	0.00542	0.00528	0.00649	0.00422	0.00389	0.00837	0.02059	0.08865	0.19480	0.14568	0.31477	0.10216	0.00677	0.00175	0.00261	0.03345	0.02388	0.00397
38	0.02639	0.00569	0.00708	0.00747	0.00875	0.00593	0.00621	0.03688	0.13512	0.02575	0.02098	0.12682	0.03936	0.01013	0.00527	0.00174	0.00353	0.47114	0.05127	0.00447
39	0.01644	0.01125	0.01233	0.00948	0.01285	0.01224	0.00782	0.69101	0.03569	0.13027	0.01122	0.01089	0.00778	0.00514	0.00426	0.00129	0.00452	0.00391	0.00439	0.00723
40	0.06247	0.00452	0.00445	0.00437	0.00553	0.00468	0.00331	0.01071	0.05440	0.01607	0.01377	0.03224	0.01098	0.00511	0.00308	0.00105	0.00215	0.00408	0.75286	0.00415
41	0.00593	0.00434	0.00551	0.00522	0.00623	0.00398	0.00388	0.00777	0.01159	0.01617	0.71255	0.03259	0.12002	0.03884	0.00561	0.00145	0.00210	0.00777	0.00453	0.00392
42	0.00626	0.00443	0.00550	0.00585	0.00690	0.00404	0.00452	0.00759	0.00971	0.04868	0.12510	0.25253	0.29171	0.01119	0.00530	0.00162	0.00271	0.19843	0.00409	0.00385
43	0.88052	0.00823	0.00625	0.00560	0.00823	0.00955	0.00461	0.01251	0.00724	0.01909	0.00592	0.00691	0.00461	0.00395	0.00263	0.00132	0.00329	0.00230	0.00263	0.00461
44	0.00610	0.00448	0.00646	0.00646	0.00709	0.00511	0.00485	0.00736	0.00673	0.00960	0.01174	0.01863	0.01147	0.17272	0.69392	0.00637	0.01015	0.00484	0.00233	0.00359
45	0.79094	0.00813	0.00663	0.00580	0.00850	0.00920	0.00478	0.01336	0.00775	0.10309	0.00705	0.00770	0.00522	0.00409	0.00280	0.00132	0.00333	0.00251	0.00291	0.00488
46	0.00522	0.00374	0.00490	0.00582	0.00610	0.00349	0.00387	0.00594	0.00812	0.01078	0.02372	0.78857	0.05441	0.04585	0.00605	0.00181	0.00252	0.01176	0.00390	0.00343
47	0.88052	0.00823	0.00625	0.00560	0.00823	0.00955	0.00461	0.01251	0.00724	0.01909	0.00592	0.00691	0.00461	0.00395	0.00263	0.00132	0.00329	0.00230	0.00263	0.00461
48	0.12395	0.00703	0.00886	0.00700	0.00992	0.00642	0.00571	0.01839	0.01119	0.64013	0.03329	0.01448	0.01066	0.03510	0.00464	0.00140	0.00348	0.00416	0.04767	0.00652
49	0.01810	0.00702	0.00956	0.00740	0.01052	0.00608	0.00608	0.01977	0.01217	0.76517	0.07811	0.01580	0.01279	0.00553	0.00434	0.00132	0.00350	0.00454	0.00522	0.00700
50	0.00519	0.00424	0.00454	0.00460	0.00582	0.00364	0.00337	0.00630	0.00967	0.01192	0.12390	0.12474	0.62688	0.03912	0.00563	0.00155	0.00224	0.00908	0.00398	0.00359
51	0.88052	0.00823	0.00625	0.00560	0.00823	0.00955	0.00461	0.01251	0.00724	0.01909	0.00592	0.00691	0.00461	0.00395	0.00263	0.00132	0.00329	0.00230	0.00263	0.00461
52	0.00526	0.00370	0.00496	0.00591	0.00615	0.00346	0.00394	0.00591	0.00805	0.01074	0.02288	0.81801	0.02740	0.01338	0.00583	0.03282	0.00251	0.01180	0.00388	0.00340
53	0.00619	0.00413	0.00464	0.00464	0.00464	0.00413	0.00258	0.00619	0.00619	0.00825	0.01341	0.02785	0.01547	0.85046	0.02166	0.00413	0.00413	0.00619	0.00258	0.00258
54	0.01366	0.01067	0.01135	0.00928	0.01224	0.01202	0.00748	0.45602	0.37781	0.02276	0.01341	0.01276	0.00982	0.00541	0.00429	0.00135	0.00409	0.00427	0.00429	0.00701
55	0.01691	0.01033	0.01173	0.00904	0.01237	0.01088	0.00745	0.52966	0.04570	0.28223	0.01257	0.01178	0.00849	0.00518	0.00427	0.00130	0.00430	0.00401	0.00458	0.00722
56	0.04530	0.01179	0.01255	0.00965	0.01303	0.01307	0.00797	0.78286	0.01958	0.02656	0.01007	0.01010	0.00715	0.00507	0.00420	0.00128	0.00464	0.00378	0.00420	0.00715
57	0.00622	0.00437	0.00571	0.00552	0.00651	0.00403	0.00414	0.00807	0.01152	0.03312	0.67359	0.10563	0.06487	0.00924	0.00508	0.00140	0.00217	0.04021	0.00457	0.00401
58	0.12075	0.01686	0.01136	0.01024	0.01248	0.60403	0.03599	0.03973	0.01144	0.01230	0.00811	0.01141	0.00717	0.00499	0.00393	0.00122	0.00669	0.07394	0.00246	0.00490
59	0.00882	0.00756	0.00882	0.00630	0.01008	0.00567	0.00504	0.01071	0.00882	0.01387	0.00756	0.00882	0.00630	0.00315	0.00315	0.00063	0.00315	0.00252	0.00252	0.87647
60	0.01444	0.02769	0.01269	0.01060	0.01327	0.44489	0.06502	0.15995	0.11830	0.03425	0.00934	0.01039	0.00734	0.00474	0.00407	0.00120	0.00617	0.01764	0.00295	0.03506
61	0.00687	0.00505	0.00606	0.00583	0.00709	0.00484	0.00450	0.05514	0.03912	0.03098	0.34239	0.06199	0.23255	0.05551	0.02153	0.00171	0.00283	0.10770	0.00419	0.00414
62	0.02874	0.00812	0.01033	0.00895	0.05131	0.00803	0.02980	0.07901	0.21721	0.35820	0.06679	0.01580	0.02272	0.00552	0.00430	0.00132	0.00366	0.01846	0.00442	0.05730

[dist]
# distance from previous block
# <min> <max>
1	61

[block]
# block no. 2 follows, 62 sequences, length 40
# corresponding to MSA columns:
# 178-217
name=unknown_C
#
# <colnr> <probs for GDERKNQSTAVLIFYWHMCP>
#	G	D	E	R	K	N	Q	S	T	A	V	L	I	F	Y	W	H	M	C	P
0	0.07457	0.09740	0.33847	0.00968	0.01385	0.00906	0.06883	0.01373	0.02502	0.14483	0.09575	0.02642	0.02354	0.00509	0.00409	0.00131	0.00480	0.02194	0.00292	0.01869
1	0.01009	0.01163	0.13512	0.10020	0.41896	0.01006	0.13873	0.01323	0.02378	0.03629	0.00831	0.01066	0.00656	0.00406	0.00470	0.00134	0.03963	0.00390	0.00217	0.02058
2	0.01073	0.01212	0.04798	0.01695	0.15765	0.09428	0.43720	0.01508	0.12311	0.01393	0.00947	0.01141	0.00728	0.00402	0.00460	0.00136	0.00623	0.00444	0.00245	0.01972
3	0.01008	0.01179	0.05706	0.01712	0.02147	0.01061	0.73089	0.03151	0.01018	0.01393	0.00857	0.01126	0.00643	0.00363	0.00490	0.00140	0.00695	0.00483	0.00220	0.03521
4	0.01174	0.00971	0.01027	0.00889	0.01150	0.01112	0.00701	0.18482	0.65214	0.01966	0.01585	0.01471	0.01180	0.00564	0.00431	0.00141	0.00364	0.00461	0.00431	0.00684
5	0.01616	0.00658	0.00889	0.00704	0.00978	0.00575	0.00569	0.01780	0.01190	0.64424	0.16424	0.01821	0.01617	0.04114	0.00514	0.00144	0.00335	0.00499	0.00505	0.00646
6	0.00849	0.00803	0.01358	0.69183	0.17416	0.00957	0.01204	0.01127	0.00872	0.01142	0.00764	0.01120	0.00587	0.00417	0.00425	0.00139	0.00556	0.00378	0.00193	0.00509
7	0.00870	0.02086	0.74088	0.01276	0.01883	0.00998	0.10211	0.01349	0.00910	0.01349	0.00774	0.00926	0.00551	0.00399	0.00415	0.00136	0.00638	0.00335	0.00184	0.00623
8	0.00563	0.00450	0.00506	0.00489	0.00619	0.00402	0.00368	0.00749	0.04036	0.01398	0.35670	0.03632	0.47643	0.00975	0.00500	0.00140	0.00214	0.00831	0.00426	0.00388
9	0.00569	0.00397	0.00474	0.00514	0.00535	0.00381	0.00319	0.00607	0.00726	0.00957	0.01983	0.36472	0.08330	0.44232	0.01372	0.00293	0.00329	0.00883	0.00325	0.00302
10	0.00874	0.00841	0.01360	0.64562	0.15281	0.03044	0.02513	0.01165	0.02588	0.01152	0.00780	0.01119	0.00600	0.00426	0.00442	0.00139	0.02024	0.00380	0.00199	0.00511
11	0.00912	0.19455	0.66104	0.01112	0.01686	0.01133	0.01397	0.01332	0.00891	0.01276	0.00728	0.00854	0.00540	0.00396	0.00377	0.00126	0.00593	0.00296	0.00180	0.00612
12	0.00673	0.00480	0.00667	0.00762	0.00853	0.00478	0.00655	0.00855	0.00959	0.01249	0.02233	0.09917	0.02447	0.03545	0.00629	0.00201	0.00383	0.72240	0.00388	0.00385
13	0.05827	0.00937	0.01554	0.22671	0.58168	0.00992	0.01228	0.01249	0.00926	0.01344	0.00778	0.01053	0.00636	0.00391	0.00414	0.00130	0.00511	0.00371	0.00208	0.00612
14	0.09736	0.01002	0.01034	0.00989	0.07859	0.08302	0.00722	0.15499	0.32786	0.07185	0.05015	0.01509	0.02338	0.00560	0.00420	0.00136	0.00407	0.03497	0.00383	0.00621
15	0.01228	0.00953	0.01024	0.00879	0.01146	0.01076	0.00696	0.17271	0.60433	0.07982	0.01592	0.01469	0.01171	0.00561	0.00431	0.00140	0.00364	0.00458	0.00439	0.00687
16	0.01072	0.00851	0.00940	0.00857	0.01082	0.00956	0.00688	0.09880	0.54653	0.04750	0.01762	0.02164	0.01461	0.00688	0.00463	0.00152	0.00362	0.16170	0.00428	0.00624
17	0.00681	0.00553	0.00731	0.00734	0.00777	0.00629	0.00547	0.05174	0.00862	0.01185	0.04500	0.54418	0.04210	0.01125	0.00735	0.00172	0.19923	0.02296	0.00350	0.00398
18	0.28402	0.01064	0.01060	0.00844	0.01155	0.01194	0.00694	0.52526	0.05366	0.02399	0.00922	0.00946	0.00669	0.00478	0.00376	0.00130	0.00419	0.00340	0.00376	0.00640
19	0.00623	0.00478	0.00713	0.00704	0.00777	0.00568	0.00551	0.00772	0.00682	0.00989	0.01112	0.01637	0.01040	0.03076	0.79487	0.00660	0.05067	0.00452	0.00226	0.00384
20	0.14838	0.00739	0.00933	0.00727	0.01047	0.00675	0.00601	0.01950	0.01144	0.70563	0.01516	0.01335	0.00964	0.00507	0.00403	0.00132	0.00357	0.00398	0.00487	0.00685
21	0.01053	0.01011	0.01727	0.02612	0.82392	0.01011	0.01306	0.01306	0.00969	0.01390	0.00800	0.01053	0.00674	0.00379	0.00421	0.00126	0.00505	0.00379	0.00211	0.00674
22	0.01589	0.02028	0.01206	0.01096	0.01315	0.83338	0.00822	0.01699	0.01206	0.01041	0.00658	0.00767	0.00548	0.00438	0.00384	0.00110	0.00767	0.00274	0.00219	0.00493
23	0.00619	0.00413	0.00464	0.00464	0.00464	0.00413	0.00258	0.00619	0.00619	0.00825	0.01341	0.02785	0.01547	0.85046	0.02166	0.00413	0.00413	0.00619	0.00258	0.00258
24	0.01909	0.00724	0.00987	0.00757	0.01086	0.00625	0.00625	0.02074	0.01218	0.82687	0.01679	0.01448	0.01053	0.00527	0.00428	0.00132	0.00362	0.00428	0.00527	0.00724
25	0.00663	0.00455	0.00568	0.00590	0.00697	0.00420	0.00449	0.00824	0.03017	0.06681	0.17124	0.28035	0.23498	0.01084	0.00522	0.00159	0.00265	0.14131	0.00417	0.00400
26	0.00541	0.00421	0.00486	0.00493	0.00596	0.00372	0.00357	0.00668	0.01001	0.01298	0.28057	0.17617	0.40895	0.04558	0.00579	0.00157	0.00225	0.00900	0.00412	0.00366
27	0.84460	0.00819	0.00640	0.00568	0.00834	0.00941	0.00468	0.01285	0.00745	0.05277	0.00638	0.00723	0.00486	0.00400	0.00270	0.00132	0.00331	0.00239	0.00274	0.00472
28	0.04964	0.00582	0.00723	0.00624	0.00828	0.00542	0.00490	0.01472	0.02841	0.39806	0.01635	0.11023	0.01320	0.05629	0.00509	0.00147	0.00309	0.03330	0.22679	0.00546
29	0.00586	0.00430	0.00550	0.00549	0.00642	0.00396	0.00411	0.00756	0.01100	0.01515	0.55559	0.14147	0.12555	0.02317	0.00540	0.00149	0.00226	0.06742	0.00441	0.00386
30	0.00619	0.00413	0.00464	0.00464	0.00464	0.00413	0.00258	0.00619	0.00619	0.00825	0.01341	0.02785	0.01547	0.85046	0.02166	0.00413	0.00413	0.00619	0.00258	0.00258
31	0.01557	0.01062	0.01172	0.00915	0.01233	0.01152	0.00750	0.58270	0.09597	0.13964	0.05018	0.01239	0.00982	0.00536	0.00430	0.00130	0.00428	0.00417	0.00443	0.00704
32	0.29930	0.00765	0.00859	0.00694	0.00992	0.00758	0.00570	0.03128	0.04865	0.48851	0.02490	0.01262	0.02047	0.00498	0.00377	0.00132	0.00348	0.00377	0.00432	0.00626
33	0.00572	0.00434	0.00527	0.00504	0.00617	0.00389	0.00378	0.00745	0.01134	0.01539	0.58746	0.03454	0.27541	0.00932	0.00502	0.00137	0.00205	0.00808	0.00446	0.00389
34	0.00853	0.02201	0.82841	0.01213	0.01842	0.00988	0.01572	0.01348	0.00898	0.01348	0.00764	0.00898	0.00539	0.00404	0.00404	0.00135	0.00629	0.00314	0.00180	0.00629
35	0.00793	0.00397	0.00397	0.00397	0.00496	0.00397	0.00297	0.00991	0.00892	0.01586	0.01388	0.01586	0.01091	0.00496	0.00297	0.00099	0.00198	0.00397	0.87408	0.00397
36	0.01201	0.00811	0.00891	0.01958	0.01022	0.02133	0.00608	0.14815	0.31759	0.15319	0.05087	0.03719	0.04566	0.00593	0.00418	0.00132	0.00339	0.00486	0.13531	0.00610
37	0.00507	0.00431	0.00437	0.00435	0.00577	0.00361	0.00326	0.00619	0.00979	0.01172	0.07488	0.04058	0.79028	0.01069	0.00503	0.00143	0.00215	0.00893	0.00398	0.00361
38	0.00853	0.02201	0.82841	0.01213	0.01842	0.00988	0.01572	0.01348	0.00898	0.01348	0.00764	0.00898	0.00539	0.00404	0.00404	0.00135	0.00629	0.00314	0.00180	0.00629
39	0.01503	0.01135	0.01212	0.00956	0.01276	0.01266	0.00781	0.64818	0.18342	0.02497	0.01167	0.01138	0.00842	0.00524	0.00427	0.00131	0.00441	0.00403	0.00427	0.00713

[dist]
# distance from previous block
# <min> <max>
0	8

[block]
# block no. 3 follows, 62 sequences, length 49
# corresponding to MSA columns:
# 233-281
name=unknown_D
#
# <colnr> <probs for GDERKNQSTAVLIFYWHMCP>
#	G	D	E	R	K	N	Q	S	T	A	V	L	I	F	Y	W	H	M	C	P
0	0.01057	0.00708	0.02315	0.00918	0.05338	0.00742	0.04394	0.07227	0.00948	0.19311	0.01230	0.01506	0.02343	0.01671	0.35508	0.00370	0.09392	0.01474	0.03027	0.00520
1	0.00804	0.00756	0.01276	0.84023	0.02931	0.00945	0.01182	0.01087	0.00851	0.01087	0.00756	0.01134	0.00567	0.00425	0.00425	0.00142	0.00567	0.00378	0.00189	0.00473
2	0.88052	0.00823	0.00625	0.00560	0.00823	0.00955	0.00461	0.01251	0.00724	0.01909	0.00592	0.00691	0.00461	0.00395	0.00263	0.00132	0.00329	0.00230	0.00263	0.00461
3	0.00966	0.00931	0.02844	0.06785	0.60481	0.00917	0.03344	0.01238	0.02551	0.01427	0.13138	0.01390	0.01183	0.00460	0.00436	0.00129	0.00467	0.00442	0.00252	0.00618
4	0.01387	0.01117	0.01134	0.00934	0.01225	0.06246	0.00749	0.41353	0.35348	0.03932	0.01311	0.01253	0.00961	0.00535	0.00426	0.00134	0.00429	0.00418	0.00418	0.00688
5	0.01138	0.85302	0.02230	0.00728	0.01092	0.01684	0.00728	0.01274	0.00865	0.01001	0.00592	0.00683	0.00546	0.00364	0.00273	0.00091	0.00455	0.00228	0.00182	0.00546
6	0.00739	0.00370	0.00554	0.00554	0.00554	0.00370	0.00370	0.00554	0.00554	0.00739	0.00739	0.01293	0.00739	0.01478	0.01663	0.87620	0.00370	0.00370	0.00185	0.00185
7	0.00961	0.00911	0.01545	0.27218	0.54708	0.00968	0.01241	0.01221	0.00934	0.01293	0.00851	0.01243	0.00720	0.00428	0.00430	0.00134	0.00519	0.03864	0.00212	0.00601
8	0.01589	0.02028	0.01206	0.01096	0.01315	0.83338	0.00822	0.01699	0.01206	0.01041	0.00658	0.00767	0.00548	0.00438	0.00384	0.00110	0.00767	0.00274	0.00219	0.00493
9	0.82694	0.00828	0.00646	0.00578	0.00840	0.00961	0.00474	0.01313	0.05706	0.01901	0.00663	0.00746	0.00512	0.00406	0.00274	0.00132	0.00330	0.00246	0.00274	0.00474
10	0.01111	0.00902	0.00964	0.00859	0.01105	0.01032	0.00671	0.02249	0.76671	0.06762	0.01729	0.01579	0.01284	0.00574	0.00433	0.00144	0.00338	0.00478	0.00439	0.00677
11	0.00640	0.00478	0.00693	0.00689	0.00771	0.00548	0.00533	0.03767	0.00743	0.01058	0.01220	0.07485	0.01174	0.02960	0.74421	0.00627	0.01052	0.00506	0.00247	0.00390
12	0.01901	0.00736	0.00995	0.00763	0.01092	0.00644	0.00630	0.04142	0.01238	0.80589	0.01661	0.01437	0.01045	0.00526	0.00428	0.00132	0.00365	0.00427	0.00524	0.00724
13	0.88052	0.00823	0.00625	0.00560	0.00823	0.00955	0.00461	0.01251	0.00724	0.01909	0.00592	0.00691	0.00461	0.00395	0.00263	0.00132	0.00329	0.00230	0.00263	0.00461
14	0.60708	0.00781	0.00724	0.00614	0.00889	0.00842	0.00505	0.01464	0.00880	0.24456	0.03966	0.00996	0.00760	0.00450	0.00318	0.00132	0.00334	0.00306	0.00345	0.00532
15	0.00567	0.00420	0.00525	0.00531	0.00619	0.00383	0.00386	0.00716	0.01054	0.01433	0.46544	0.21611	0.17874	0.03574	0.00563	0.00154	0.00223	0.02016	0.00431	0.00377
16	0.01072	0.00921	0.00970	0.00869	0.01112	0.01065	0.00677	0.04164	0.79698	0.01802	0.01715	0.01574	0.01285	0.00576	0.00433	0.00144	0.00340	0.00479	0.00433	0.00675
17	0.88052	0.00823	0.00625	0.00560	0.00823	0.00955	0.00461	0.01251	0.00724	0.01909	0.00592	0.00691	0.00461	0.00395	0.00263	0.00132	0.00329	0.00230	0.00263	0.00461
18	0.86149	0.00821	0.00633	0.00564	0.00829	0.00947	0.00464	0.01269	0.00735	0.03693	0.00616	0.00708	0.00474	0.00398	0.00267	0.00132	0.00330	0.00235	0.00269	0.00467
19	0.00545	0.00399	0.00496	0.00559	0.00625	0.00361	0.00392	0.00639	0.00883	0.02349	0.05913	0.56259	0.23282	0.01231	0.00531	0.00164	0.00245	0.04367	0.00400	0.00359
20	0.00504	0.00425	0.00437	0.00447	0.00579	0.00358	0.00330	0.00609	0.00955	0.01143	0.04118	0.11988	0.74450	0.01103	0.00507	0.00147	0.00219	0.00929	0.00395	0.00358
21	0.88052	0.00823	0.00625	0.00560	0.00823	0.00955	0.00461	0.01251	0.00724	0.01909	0.00592	0.00691	0.00461	0.00395	0.00263	0.00132	0.00329	0.00230	0.00263	0.00461
22	0.00522	0.00374	0.00493	0.00585	0.00612	0.00349	0.00390	0.00597	0.00819	0.01091	0.03698	0.79585	0.04329	0.03625	0.00586	0.00178	0.00250	0.01180	0.00392	0.00344
23	0.00804	0.00756	0.01276	0.84023	0.02931	0.00945	0.01182	0.01087	0.00851	0.01087	0.00756	0.01134	0.00567	0.00425	0.00425	0.00142	0.00567	0.00378	0.00189	0.00473
24	0.10896	0.00734	0.00950	0.00736	0.01059	0.00660	0.00608	0.01988	0.01166	0.74259	0.01565	0.01369	0.00991	0.00513	0.00411	0.00132	0.00359	0.00407	0.00499	0.00697
25	0.88052	0.00823	0.00625	0.00560	0.00823	0.00955	0.00461	0.01251	0.00724	0.01909	0.00592	0.00691	0.00461	0.00395	0.00263	0.00132	0.00329	0.00230	0.00263	0.00461
26	0.00601	0.00432	0.00535	0.00524	0.00630	0.00389	0.00387	0.00759	0.01088	0.03704	0.48627	0.15721	0.23066	0.00982	0.00506	0.00142	0.00216	0.00859	0.00441	0.00391
27	0.01032	0.00986	0.01679	0.06101	0.76713	0.00994	0.01284	0.01285	0.00964	0.01374	0.00838	0.01159	0.00718	0.00403	0.00426	0.00129	0.00505	0.02539	0.00215	0.00658
28	0.01881	0.00725	0.00985	0.00754	0.01084	0.00624	0.00622	0.02046	0.01209	0.80468	0.01654	0.01433	0.01042	0.00521	0.00425	0.00130	0.00361	0.00423	0.00519	0.03096
29	0.86066	0.00821	0.00634	0.00564	0.00829	0.00947	0.00465	0.01270	0.00736	0.03771	0.00618	0.00709	0.00474	0.00398	0.00267	0.00132	0.00330	0.00235	0.00269	0.00467
30	0.00553	0.00421	0.00488	0.00511	0.00615	0.00370	0.00373	0.00669	0.00966	0.02617	0.15740	0.27426	0.43063	0.01113	0.00516	0.00152	0.00230	0.03400	0.00409	0.00369
31	0.00571	0.00419	0.00481	0.00482	0.00551	0.00388	0.00323	0.00656	0.00877	0.01150	0.20966	0.10763	0.26505	0.32717	0.01133	0.00245	0.00289	0.00792	0.00360	0.00329
32	0.88052	0.00823	0.00625	0.00560	0.00823	0.00955	0.00461	0.01251	0.00724	0.01909	0.00592	0.00691	0.00461	0.00395	0.00263	0.00132	0.00329	0.00230	0.00263	0.00461
33	0.06150	0.00729	0.00970	0.00747	0.01073	0.00642	0.00617	0.02033	0.01194	0.78710	0.01625	0.01411	0.01024	0.00520	0.00420	0.00132	0.00360	0.00418	0.00514	0.00711
34	0.01600	0.00650	0.00878	0.00715	0.00982	0.00569	0.00578	0.01756	0.01150	0.63666	0.05351	0.11551	0.02608	0.00666	0.00448	0.00138	0.00336	0.03114	0.02603	0.00641
35	0.84798	0.00837	0.00650	0.00575	0.00842	0.00968	0.00474	0.04252	0.00772	0.01938	0.00609	0.00704	0.00471	0.00399	0.00269	0.00132	0.00334	0.00236	0.00269	0.00471
36	0.00619	0.00413	0.00464	0.00464	0.00464	0.00413	0.00258	0.00619	0.00619	0.00825	0.01341	0.02785	0.01547	0.85046	0.02166	0.00413	0.00413	0.00619	0.00258	0.00258
37	0.01909	0.00724	0.00987	0.00757	0.01086	0.00625	0.00625	0.02074	0.01218	0.82687	0.01679	0.01448	0.01053	0.00527	0.00428	0.00132	0.00362	0.00428	0.00527	0.00724
38	0.01788	0.00711	0.00957	0.00750	0.01058	0.00627	0.00613	0.01993	0.04507	0.74232	0.03449	0.04939	0.01200	0.00570	0.00434	0.00134	0.00353	0.00470	0.00516	0.00699
39	0.00619	0.00413	0.00464	0.00464	0.00464	0.00413	0.00258	0.00619	0.00619	0.00825	0.01341	0.02785	0.01547	0.85046	0.02166	0.00413	0.00413	0.00619	0.00258	0.00258
40	0.01618	0.01192	0.01277	0.00979	0.01320	0.01320	0.00809	0.80973	0.02001	0.02682	0.01022	0.01022	0.00724	0.00511	0.00426	0.00128	0.00468	0.00383	0.00426	0.00724
41	0.01038	0.00894	0.00945	0.00856	0.01088	0.01032	0.00663	0.02198	0.78581	0.01754	0.01755	0.04719	0.01356	0.00606	0.00437	0.00145	0.00333	0.00508	0.00432	0.00661
42	0.01445	0.00621	0.00833	0.00676	0.00925	0.00544	0.00543	0.01614	0.01192	0.54285	0.24203	0.04407	0.05471	0.00669	0.00455	0.00134	0.00308	0.00566	0.00501	0.00608
43	0.00514	0.00433	0.00447	0.00449	0.00589	0.00366	0.00340	0.00629	0.00981	0.01179	0.07661	0.04081	0.75774	0.01072	0.00506	0.00145	0.00222	0.03851	0.00398	0.00362
44	0.01138	0.85302	0.02230	0.00728	0.01092	0.01684	0.00728	0.01274	0.00865	0.01001	0.00592	0.00683	0.00546	0.00364	0.00273	0.00091	0.00455	0.00228	0.00182	0.00546
45	0.00608	0.00456	0.00684	0.00684	0.00760	0.00532	0.00532	0.00760	0.00684	0.00988	0.01140	0.01672	0.01064	0.03191	0.83360	0.00684	0.01140	0.00456	0.00228	0.00380
46	0.00608	0.00454	0.00674	0.00674	0.00747	0.00527	0.00520	0.00754	0.00681	0.00981	0.01149	0.01721	0.01085	0.06795	0.79785	0.00672	0.01108	0.00463	0.00229	0.00375
47	0.00693	0.00504	0.00686	0.00773	0.00878	0.00506	0.00672	0.00923	0.04015	0.01288	0.02311	0.04652	0.05407	0.01149	0.00579	0.00192	0.00383	0.73593	0.00393	0.00401
48	0.00962	0.00985	0.01265	0.21171	0.01568	0.09112	0.00966	0.01138	0.03279	0.01064	0.00663	0.00999	0.00592	0.00678	0.02558	0.00176	0.51781	0.00369	0.00199	0.00475

[dist]
# distance from previous block
# <min> <max>
0	34

# created by:
# /st0/software/busco_prod/Augustus/scripts/msa2prfl.pl ./align_prep/123578.fa
