[name]
unknown

[dist]
# distance from previous block
# <min> <max>
2	35

[block]
# block no. 0 follows, 57 sequences, length 27
# corresponding to MSA columns:
# 113-139
name=unknown_A
#
# <colnr> <probs for GDERKNQSTAVLIFYWHMCP>
#	G	D	E	R	K	N	Q	S	T	A	V	L	I	F	Y	W	H	M	C	P
0	0.01168	0.05670	0.08893	0.00904	0.02709	0.03887	0.00765	0.09071	0.23611	0.12581	0.11388	0.08621	0.03822	0.00767	0.02705	0.00162	0.00428	0.01813	0.00413	0.00623
1	0.00783	0.00534	0.00712	0.02919	0.00845	0.00540	0.01776	0.03466	0.02864	0.07361	0.12552	0.27849	0.08139	0.08281	0.15344	0.00286	0.01818	0.00822	0.02671	0.00439
2	0.01160	0.17243	0.19744	0.02660	0.05630	0.02797	0.22465	0.09816	0.03760	0.04698	0.05017	0.01180	0.00873	0.00458	0.00443	0.00136	0.00592	0.00419	0.00272	0.00638
3	0.01213	0.06024	0.01141	0.02204	0.05237	0.16446	0.02803	0.16403	0.07391	0.05792	0.03906	0.21203	0.03911	0.01956	0.00497	0.00148	0.00473	0.00634	0.02052	0.00565
4	0.00633	0.00474	0.00556	0.00565	0.00670	0.00443	0.00406	0.00798	0.04365	0.02972	0.15121	0.21469	0.32715	0.09862	0.06662	0.00229	0.00337	0.00915	0.00409	0.00399
5	0.00881	0.00812	0.01258	0.49915	0.04888	0.02840	0.05248	0.03628	0.03625	0.01341	0.10081	0.05897	0.03779	0.00617	0.01327	0.00156	0.01362	0.00523	0.01312	0.00510
6	0.01079	0.01250	0.06354	0.06407	0.19838	0.03335	0.51997	0.01431	0.01053	0.01432	0.00885	0.01175	0.00681	0.00395	0.00503	0.00147	0.00702	0.00482	0.00225	0.00630
7	0.02585	0.31245	0.26205	0.06639	0.01519	0.10600	0.01053	0.02788	0.01022	0.03496	0.04997	0.01046	0.00814	0.00456	0.00379	0.00123	0.00558	0.00333	0.03552	0.00589
8	0.00545	0.00437	0.00487	0.00521	0.00630	0.00379	0.00373	0.00651	0.00985	0.01221	0.06416	0.31255	0.52048	0.01232	0.00550	0.00163	0.00240	0.01064	0.00423	0.00379
9	0.00945	0.00630	0.00733	0.00656	0.00847	0.00612	0.00508	0.05377	0.14118	0.13212	0.28061	0.05585	0.25143	0.00882	0.00509	0.00148	0.00283	0.00750	0.00474	0.00527
10	0.01182	0.15298	0.08512	0.05227	0.35059	0.09375	0.06030	0.04095	0.08257	0.01437	0.00896	0.01071	0.00725	0.00434	0.00423	0.00131	0.00567	0.00378	0.00246	0.00658
11	0.01166	0.01327	0.04832	0.00998	0.01163	0.29745	0.00805	0.01435	0.09922	0.01226	0.01112	0.01369	0.04252	0.04453	0.11177	0.00233	0.19183	0.00417	0.04676	0.00510
12	0.01327	0.07296	0.01410	0.01138	0.01307	0.37450	0.03821	0.04460	0.01049	0.01178	0.00761	0.00994	0.01700	0.00736	0.05074	0.00178	0.29010	0.00357	0.00230	0.00524
13	0.00578	0.00406	0.00522	0.00600	0.00624	0.00385	0.00390	0.00645	0.00840	0.01124	0.05293	0.63819	0.02764	0.18655	0.00937	0.00236	0.00298	0.01139	0.00393	0.00351
14	0.01155	0.03952	0.08467	0.04185	0.04550	0.01119	0.44249	0.06650	0.08336	0.07085	0.01085	0.03445	0.00832	0.00469	0.00516	0.00149	0.02329	0.00502	0.00287	0.00637
15	0.00751	0.00474	0.00609	0.00600	0.00711	0.00429	0.00438	0.00902	0.01113	0.10111	0.37200	0.28471	0.12932	0.02427	0.00569	0.00161	0.00253	0.00941	0.00468	0.00438
16	0.01152	0.01088	0.01630	0.10672	0.55950	0.05687	0.01240	0.01546	0.11458	0.03660	0.00994	0.01199	0.00797	0.00444	0.00449	0.00138	0.00533	0.00413	0.00263	0.00686
17	0.01933	0.00892	0.01085	0.00845	0.01183	0.05025	0.00692	0.11143	0.01393	0.65579	0.04257	0.01512	0.01156	0.00566	0.00456	0.00139	0.00416	0.00454	0.00529	0.00747
18	0.00633	0.00529	0.00558	0.00582	0.00691	0.03900	0.00418	0.02863	0.01031	0.01290	0.10280	0.34939	0.38270	0.01188	0.00544	0.00162	0.00273	0.01030	0.00421	0.00398
19	0.00544	0.00462	0.00470	0.00475	0.00626	0.00388	0.00360	0.00662	0.01033	0.01230	0.04499	0.04392	0.77788	0.01152	0.00539	0.00155	0.00237	0.04182	0.00421	0.00384
20	0.01039	0.01164	0.02502	0.01810	0.02232	0.01106	0.72105	0.01400	0.01047	0.01424	0.00970	0.01366	0.00766	0.00547	0.04043	0.00180	0.02444	0.03025	0.00235	0.00594
21	0.01211	0.77383	0.06503	0.00815	0.01213	0.04360	0.00826	0.01376	0.00934	0.01087	0.00642	0.00742	0.00581	0.00392	0.00302	0.00100	0.00505	0.00249	0.00195	0.00584
22	0.00536	0.00459	0.00459	0.00459	0.00612	0.00383	0.00344	0.00650	0.01033	0.01224	0.04590	0.04361	0.81065	0.01148	0.00536	0.00153	0.00230	0.00956	0.00421	0.00383
23	0.03754	0.00882	0.01277	0.01092	0.02437	0.07622	0.19882	0.05751	0.02260	0.01374	0.04160	0.26844	0.01586	0.01215	0.12728	0.00246	0.05357	0.00723	0.00317	0.00494
24	0.03195	0.02769	0.11173	0.01218	0.01577	0.17718	0.18025	0.05688	0.04789	0.21849	0.01100	0.01169	0.00787	0.00499	0.00526	0.00142	0.06389	0.00413	0.00330	0.00643
25	0.00852	0.00463	0.00485	0.00471	0.00578	0.00471	0.00349	0.04299	0.00975	0.01646	0.03615	0.01823	0.01270	0.07752	0.03900	0.00162	0.00284	0.00455	0.69726	0.00424
26	0.01135	0.04268	0.06254	0.29307	0.04490	0.06998	0.00991	0.10352	0.13563	0.06129	0.04305	0.01504	0.02159	0.00548	0.00452	0.00143	0.00519	0.03569	0.00319	0.02996

[dist]
# distance from previous block
# <min> <max>
0	1

[block]
# block no. 1 follows, 57 sequences, length 35
# corresponding to MSA columns:
# 141-175
name=unknown_B
#
# <colnr> <probs for GDERKNQSTAVLIFYWHMCP>
#	G	D	E	R	K	N	Q	S	T	A	V	L	I	F	Y	W	H	M	C	P
0	0.01229	0.00997	0.01093	0.00820	0.01198	0.02431	0.00663	0.27777	0.05775	0.01959	0.00957	0.01029	0.00743	0.00424	0.00384	0.00096	0.00401	0.00330	0.00341	0.51355
1	0.00665	0.00485	0.00637	0.02038	0.02445	0.00455	0.00520	0.00809	0.02317	0.03290	0.02573	0.48870	0.12281	0.01235	0.00562	0.00177	0.00307	0.15787	0.00410	0.04137
2	0.01074	0.07481	0.49563	0.05235	0.01810	0.01087	0.06128	0.05224	0.02503	0.08470	0.03157	0.01110	0.00759	0.00475	0.00479	0.00143	0.04020	0.00377	0.00253	0.00653
3	0.00900	0.05195	0.21521	0.00995	0.05868	0.00781	0.02165	0.04882	0.04318	0.06001	0.12361	0.25408	0.01938	0.00880	0.01978	0.00165	0.00440	0.03301	0.00355	0.00546
4	0.00552	0.00394	0.00526	0.00631	0.00657	0.00368	0.00421	0.00631	0.00868	0.01157	0.02498	0.83779	0.02997	0.01420	0.00578	0.00184	0.00263	0.01288	0.00421	0.00368
5	0.01353	0.09404	0.15985	0.01212	0.02910	0.42527	0.06428	0.01600	0.03259	0.01218	0.00803	0.01014	0.00668	0.00547	0.02139	0.00143	0.05981	0.02014	0.00230	0.00564
6	0.03825	0.11246	0.39780	0.01235	0.08030	0.05569	0.03352	0.01566	0.05408	0.11154	0.03964	0.01139	0.00837	0.00468	0.00421	0.00136	0.00570	0.00373	0.00272	0.00654
7	0.00558	0.00399	0.00533	0.00638	0.00667	0.00373	0.00431	0.00642	0.00874	0.01164	0.02494	0.81070	0.02984	0.01414	0.00580	0.00185	0.00268	0.03937	0.00421	0.00370
8	0.01693	0.02160	0.01284	0.01167	0.01401	0.82256	0.00876	0.01809	0.01284	0.01109	0.00700	0.00817	0.00584	0.00467	0.00409	0.00117	0.00817	0.00292	0.00233	0.00525
9	0.05668	0.03533	0.26373	0.04865	0.01504	0.00931	0.01019	0.10012	0.02777	0.35114	0.01334	0.01295	0.02495	0.00515	0.00436	0.00141	0.00494	0.00406	0.00388	0.00699
10	0.01284	0.08379	0.31990	0.01374	0.16436	0.01024	0.01207	0.03176	0.01077	0.22589	0.02860	0.01182	0.00834	0.00485	0.00477	0.00139	0.04104	0.00387	0.00308	0.00687
11	0.87276	0.00876	0.00666	0.00596	0.00876	0.01017	0.00491	0.01332	0.00771	0.02033	0.00631	0.00736	0.00491	0.00421	0.00280	0.00140	0.00351	0.00245	0.00280	0.00491
12	0.00856	0.00805	0.01359	0.82986	0.03121	0.01007	0.01258	0.01158	0.00906	0.01158	0.00805	0.01208	0.00604	0.00453	0.00453	0.00151	0.00604	0.00403	0.00201	0.00503
13	0.05856	0.03013	0.08402	0.04464	0.01346	0.04262	0.00832	0.18795	0.09244	0.30642	0.03435	0.01343	0.01004	0.00614	0.02394	0.00155	0.02657	0.00425	0.00424	0.00692
14	0.01102	0.01045	0.01761	0.06078	0.65901	0.02432	0.05479	0.01363	0.01028	0.03066	0.00966	0.05938	0.00849	0.00468	0.00460	0.00139	0.00539	0.00461	0.00242	0.00680
15	0.00541	0.00437	0.00482	0.00518	0.00628	0.00378	0.00371	0.00644	0.00976	0.01201	0.03868	0.31781	0.54111	0.01242	0.00550	0.00164	0.00241	0.01071	0.00421	0.00378
16	0.03801	0.01101	0.05034	0.03088	0.01331	0.06700	0.00800	0.24549	0.04916	0.41809	0.01411	0.01310	0.00939	0.00539	0.00446	0.00138	0.00466	0.00421	0.00468	0.00733
17	0.01293	0.06095	0.04181	0.02036	0.07735	0.00780	0.05723	0.01580	0.07298	0.30659	0.09650	0.08887	0.06835	0.00729	0.02120	0.00155	0.00414	0.00583	0.02626	0.00622
18	0.00561	0.00403	0.00521	0.00609	0.00644	0.00375	0.00406	0.00639	0.00873	0.01157	0.04395	0.71386	0.07682	0.07193	0.00696	0.00199	0.00272	0.01213	0.00412	0.00364
19	0.00909	0.00896	0.02946	0.64928	0.15423	0.01025	0.05054	0.01214	0.00935	0.01228	0.00818	0.01191	0.00626	0.00441	0.00456	0.00148	0.00603	0.00408	0.00206	0.00545
20	0.01252	0.09534	0.09619	0.07064	0.29886	0.07768	0.01126	0.19518	0.02707	0.01688	0.00930	0.02752	0.00760	0.01552	0.01793	0.00147	0.00565	0.00397	0.00279	0.00664
21	0.01144	0.01210	0.13686	0.02951	0.02584	0.09350	0.03414	0.23211	0.01273	0.01710	0.01253	0.12758	0.01159	0.06775	0.03449	0.00186	0.03686	0.02101	0.07536	0.00566
22	0.00568	0.00472	0.00500	0.00515	0.00651	0.00415	0.00381	0.00729	0.04432	0.01245	0.04084	0.17143	0.63226	0.01171	0.00541	0.00159	0.00245	0.02703	0.00422	0.00395
23	0.01095	0.26746	0.41596	0.01128	0.01623	0.04739	0.03653	0.06438	0.01021	0.01379	0.00760	0.00901	0.00594	0.00449	0.00463	0.00132	0.06119	0.00320	0.00212	0.00630
24	0.03216	0.04806	0.06211	0.16521	0.23696	0.11519	0.06179	0.06148	0.02222	0.03183	0.00905	0.04424	0.00762	0.00511	0.00534	0.00143	0.07745	0.00421	0.00250	0.00604
25	0.00574	0.00409	0.00536	0.00620	0.00650	0.00391	0.00415	0.00651	0.00841	0.01122	0.02337	0.65844	0.04355	0.11946	0.05048	0.00244	0.00337	0.02926	0.00393	0.00360
26	0.10652	0.14074	0.36026	0.00994	0.01454	0.02819	0.01096	0.05044	0.05166	0.09964	0.04430	0.01182	0.02238	0.00555	0.02327	0.00149	0.00542	0.00370	0.00286	0.00630
27	0.03206	0.24076	0.01373	0.02663	0.01126	0.02629	0.01789	0.21896	0.06545	0.03190	0.06490	0.11112	0.02925	0.05400	0.00577	0.03136	0.00433	0.00521	0.00346	0.00570
28	0.00674	0.00454	0.00602	0.00615	0.00689	0.00450	0.00443	0.00762	0.02568	0.02837	0.10937	0.21351	0.15256	0.03861	0.18819	0.17702	0.00496	0.00774	0.00345	0.00364
29	0.14062	0.00776	0.00962	0.00766	0.01080	0.00726	0.00626	0.04425	0.03015	0.58456	0.07097	0.03508	0.01289	0.00587	0.00439	0.00142	0.00369	0.00470	0.00507	0.00696
30	0.01034	0.01377	0.24073	0.22741	0.30260	0.03180	0.01363	0.03379	0.02514	0.03024	0.00879	0.01140	0.00683	0.01885	0.00476	0.00147	0.00590	0.00389	0.00227	0.00639
31	0.01047	0.25850	0.30983	0.10927	0.03378	0.03196	0.02521	0.03076	0.09041	0.01364	0.00955	0.01082	0.02266	0.00457	0.00398	0.00130	0.00558	0.00353	0.01800	0.00617
32	0.01116	0.01508	0.32256	0.03546	0.05177	0.04700	0.04751	0.07811	0.11624	0.07974	0.01339	0.01543	0.04909	0.00563	0.00478	0.00147	0.02319	0.04472	0.03127	0.00641
33	0.19643	0.05905	0.04311	0.12550	0.09251	0.05668	0.04094	0.04125	0.02430	0.06223	0.02843	0.09146	0.06152	0.02275	0.00458	0.00147	0.00460	0.00489	0.00302	0.03529
34	0.01279	0.44120	0.05034	0.01035	0.07638	0.14123	0.00856	0.10610	0.01130	0.01347	0.02538	0.01094	0.00794	0.04067	0.00448	0.00128	0.00540	0.02380	0.00249	0.00588

[dist]
# distance from previous block
# <min> <max>
0	4

[block]
# block no. 2 follows, 57 sequences, length 8
# corresponding to MSA columns:
# 180-187
name=unknown_C
#
# <colnr> <probs for GDERKNQSTAVLIFYWHMCP>
#	G	D	E	R	K	N	Q	S	T	A	V	L	I	F	Y	W	H	M	C	P
0	0.01199	0.04748	0.12556	0.02808	0.03070	0.03519	0.08995	0.10686	0.08273	0.12152	0.03003	0.03556	0.04877	0.00561	0.00479	0.00135	0.03064	0.02502	0.00342	0.13473
1	0.01106	0.09497	0.35119	0.03877	0.14088	0.08162	0.04966	0.04009	0.03398	0.04828	0.04354	0.02795	0.00865	0.00480	0.00434	0.00137	0.00593	0.00397	0.00252	0.00641
2	0.00599	0.00425	0.00550	0.00605	0.00661	0.00414	0.00423	0.00708	0.00882	0.01210	0.07673	0.46771	0.09993	0.06479	0.14300	0.00279	0.00422	0.00995	0.06235	0.00378
3	0.00812	0.03580	0.00889	0.00777	0.00921	0.00619	0.07147	0.05150	0.03479	0.05594	0.06036	0.32478	0.09073	0.05325	0.09809	0.00241	0.00453	0.05156	0.02003	0.00457
4	0.07028	0.01093	0.10334	0.03868	0.18841	0.03564	0.00931	0.14813	0.05030	0.09581	0.07583	0.07376	0.06767	0.00625	0.00458	0.00143	0.00455	0.00526	0.00356	0.00628
5	0.01019	0.11416	0.50546	0.01155	0.03958	0.02973	0.01312	0.01439	0.03151	0.06761	0.03535	0.01439	0.03069	0.00530	0.00436	0.00142	0.00578	0.05653	0.00257	0.00633
6	0.00836	0.00499	0.00642	0.00605	0.00742	0.00448	0.00453	0.01003	0.01168	0.14591	0.41971	0.19130	0.14159	0.00995	0.00530	0.00152	0.00254	0.00872	0.00483	0.00465
7	0.01105	0.24680	0.21261	0.06207	0.10139	0.05823	0.01040	0.04496	0.01080	0.05506	0.11583	0.01351	0.02880	0.00512	0.00412	0.00128	0.00516	0.00405	0.00274	0.00602

[dist]
# distance from previous block
# <min> <max>
1	2

[block]
# block no. 3 follows, 57 sequences, length 7
# corresponding to MSA columns:
# 192-198
name=unknown_D
#
# <colnr> <probs for GDERKNQSTAVLIFYWHMCP>
#	G	D	E	R	K	N	Q	S	T	A	V	L	I	F	Y	W	H	M	C	P
0	0.00881	0.01042	0.12186	0.08778	0.01536	0.03682	0.15627	0.01129	0.00863	0.01219	0.00993	0.03705	0.00879	0.03395	0.24211	0.00330	0.15133	0.00469	0.03436	0.00505
1	0.01040	0.01052	0.01574	0.43560	0.30081	0.09108	0.04566	0.01316	0.00994	0.01277	0.00816	0.01140	0.00645	0.00434	0.00451	0.00142	0.00609	0.00398	0.00214	0.00585
2	0.04720	0.10534	0.28268	0.01238	0.03310	0.01209	0.13335	0.15384	0.01150	0.03351	0.00875	0.01042	0.00666	0.00549	0.02497	0.00157	0.08660	0.00381	0.02040	0.00636
3	0.00955	0.01096	0.05627	0.01612	0.01989	0.00983	0.59214	0.01282	0.01015	0.01383	0.01200	0.15607	0.01103	0.00689	0.03893	0.00181	0.00691	0.00655	0.00261	0.00563
4	0.00673	0.00495	0.00627	0.00650	0.00734	0.00473	0.00453	0.04811	0.00902	0.01234	0.02005	0.53785	0.02309	0.10968	0.08895	0.00254	0.00397	0.00989	0.00373	0.08972
5	0.09891	0.01053	0.01066	0.00994	0.06089	0.10223	0.00731	0.14697	0.24254	0.12028	0.04449	0.04500	0.01198	0.03147	0.03520	0.00173	0.00472	0.00474	0.00400	0.00640
6	0.06030	0.01012	0.01127	0.06701	0.10426	0.05740	0.00796	0.27901	0.10120	0.03423	0.03655	0.01769	0.10209	0.03844	0.00525	0.00153	0.00452	0.02453	0.03046	0.00618

[dist]
# distance from previous block
# <min> <max>
0	83

[block]
# block no. 4 follows, 57 sequences, length 26
# corresponding to MSA columns:
# 282-307
name=unknown_E
#
# <colnr> <probs for GDERKNQSTAVLIFYWHMCP>
#	G	D	E	R	K	N	Q	S	T	A	V	L	I	F	Y	W	H	M	C	P
0	0.01346	0.01028	0.01067	0.00917	0.01178	0.06578	0.00724	0.24683	0.30514	0.10412	0.03548	0.11125	0.01412	0.00696	0.00474	0.00149	0.00421	0.02608	0.00449	0.00670
1	0.00652	0.00477	0.00610	0.00679	0.00749	0.00468	0.00497	0.03691	0.03402	0.01272	0.02479	0.52841	0.08173	0.04212	0.03036	0.00208	0.00335	0.15405	0.00412	0.00402
2	0.04851	0.11099	0.04592	0.03123	0.12350	0.01057	0.12393	0.09048	0.07795	0.21811	0.04333	0.01391	0.03098	0.00512	0.00444	0.00138	0.00486	0.00447	0.00364	0.00668
3	0.01678	0.04374	0.11373	0.00936	0.01302	0.00854	0.03194	0.08091	0.01257	0.51113	0.01526	0.01595	0.01063	0.00584	0.00501	0.00146	0.03860	0.05385	0.00457	0.00712
4	0.00659	0.00439	0.00494	0.00494	0.00494	0.00439	0.00275	0.00659	0.00659	0.00879	0.01428	0.02965	0.01647	0.84075	0.02306	0.00439	0.00439	0.00659	0.00275	0.00275
5	0.00959	0.00905	0.01543	0.49106	0.31898	0.01020	0.03199	0.01248	0.00958	0.01299	0.00844	0.01190	0.00663	0.00435	0.00450	0.00144	0.00573	0.00407	0.02577	0.00583
6	0.01102	0.04382	0.11407	0.05564	0.57914	0.04837	0.03761	0.01392	0.01026	0.01423	0.00906	0.01143	0.02269	0.00425	0.00443	0.00135	0.00568	0.00399	0.00223	0.00680
7	0.02033	0.00771	0.01052	0.00806	0.01157	0.00666	0.00666	0.02208	0.01297	0.81562	0.01788	0.01542	0.01122	0.00561	0.00456	0.00140	0.00386	0.00456	0.00561	0.00771
8	0.01693	0.02160	0.01284	0.01167	0.01401	0.82256	0.00876	0.01809	0.01284	0.01109	0.00700	0.00817	0.00584	0.00467	0.00409	0.00117	0.00817	0.00292	0.00233	0.00525
9	0.00591	0.00462	0.00538	0.00535	0.00661	0.00409	0.00406	0.00749	0.01124	0.01463	0.34367	0.07501	0.42225	0.01080	0.00543	0.00154	0.00237	0.06101	0.00451	0.00402
10	0.03862	0.03171	0.05265	0.03548	0.12025	0.05144	0.00806	0.14394	0.05379	0.13075	0.13843	0.05575	0.05312	0.02953	0.00520	0.00151	0.00432	0.03549	0.00391	0.00604
11	0.04030	0.00998	0.01067	0.00864	0.01153	0.01093	0.00700	0.42726	0.15037	0.07827	0.01331	0.01335	0.00971	0.00550	0.00421	0.00133	0.00403	0.00427	0.18252	0.00681
12	0.00969	0.00571	0.00801	0.03619	0.03190	0.00549	0.00679	0.01151	0.01068	0.17483	0.05643	0.17969	0.03660	0.01076	0.00567	0.00183	0.00381	0.39514	0.00438	0.00491
13	0.00806	0.00576	0.00684	0.00723	0.04036	0.04765	0.02890	0.00922	0.00909	0.05382	0.01919	0.35153	0.04642	0.16221	0.00819	0.00205	0.00346	0.00832	0.17754	0.00413
14	0.01371	0.01021	0.12826	0.07630	0.01359	0.02640	0.00834	0.06892	0.07996	0.32483	0.18264	0.01785	0.01653	0.00612	0.00468	0.00142	0.00424	0.00509	0.00441	0.00651
15	0.00536	0.00459	0.00459	0.00459	0.00612	0.00383	0.00344	0.00650	0.01033	0.01224	0.04590	0.04361	0.81065	0.01148	0.00536	0.00153	0.00230	0.00956	0.00421	0.00383
16	0.00988	0.22649	0.57868	0.01158	0.01723	0.01254	0.01416	0.01398	0.00934	0.01326	0.00756	0.00901	0.00577	0.00439	0.00450	0.00135	0.04883	0.00315	0.00192	0.00639
17	0.01131	0.01074	0.03857	0.09422	0.69289	0.01053	0.01357	0.01406	0.01030	0.04750	0.00886	0.01142	0.00721	0.00415	0.00449	0.00136	0.00541	0.00404	0.00235	0.00701
18	0.05893	0.00855	0.01109	0.05472	0.07458	0.02419	0.03943	0.17999	0.01300	0.21311	0.05162	0.15396	0.01510	0.00742	0.00486	0.00153	0.00430	0.07329	0.00419	0.00613
19	0.03177	0.03648	0.04920	0.01106	0.01440	0.17026	0.12938	0.16976	0.04309	0.20107	0.02659	0.01497	0.02318	0.00558	0.00462	0.00141	0.00561	0.05135	0.00376	0.00647
20	0.01048	0.00984	0.01647	0.33888	0.44904	0.01068	0.03115	0.05342	0.01040	0.01425	0.00848	0.01156	0.00676	0.00430	0.00453	0.00141	0.00567	0.00407	0.00227	0.00635
21	0.01049	0.16815	0.54975	0.01225	0.04071	0.01169	0.04313	0.01496	0.03424	0.06143	0.00875	0.00988	0.00641	0.00434	0.00412	0.00135	0.00610	0.00340	0.00224	0.00661
22	0.00987	0.07941	0.58579	0.01288	0.01854	0.05871	0.09181	0.01425	0.00983	0.01381	0.00865	0.01130	0.00670	0.00466	0.00460	0.00143	0.02382	0.03553	0.00207	0.00635
23	0.00552	0.00394	0.00526	0.00631	0.00657	0.00368	0.00421	0.00631	0.00868	0.01157	0.02498	0.83779	0.02997	0.01420	0.00578	0.00184	0.00263	0.01288	0.00421	0.00368
24	0.00612	0.00431	0.00564	0.00643	0.00680	0.00419	0.00452	0.00701	0.00852	0.01131	0.02209	0.48869	0.02576	0.19337	0.03362	0.00260	0.00358	0.15802	0.00383	0.00358
25	0.10519	0.06261	0.01511	0.03936	0.22910	0.07079	0.06423	0.16728	0.03511	0.11190	0.00983	0.01096	0.00742	0.00472	0.00456	0.00135	0.03071	0.00385	0.00320	0.02273

[dist]
# distance from previous block
# <min> <max>
12	31

[block]
# block no. 5 follows, 57 sequences, length 68
# corresponding to MSA columns:
# 346-361,363-381,397-425,432-435
name=unknown_F
#
# <colnr> <probs for GDERKNQSTAVLIFYWHMCP>
#	G	D	E	R	K	N	Q	S	T	A	V	L	I	F	Y	W	H	M	C	P
0	0.11518	0.08668	0.19290	0.06959	0.08273	0.01100	0.15430	0.08573	0.02513	0.07130	0.05558	0.01196	0.00884	0.00467	0.00433	0.00140	0.00550	0.00409	0.00285	0.00625
1	0.23026	0.02535	0.02108	0.00958	0.01257	0.23286	0.00775	0.30917	0.02794	0.04843	0.00884	0.00944	0.00663	0.00497	0.00422	0.00133	0.02658	0.00336	0.00341	0.00622
2	0.01844	0.00438	0.00571	0.00641	0.00701	0.00410	0.00449	0.00762	0.00917	0.05790	0.05497	0.63929	0.05551	0.04222	0.00628	0.00189	0.00285	0.06357	0.00424	0.00396
3	0.01045	0.00565	0.00733	0.00678	0.00848	0.00520	0.00523	0.01260	0.04999	0.24735	0.24244	0.21504	0.09374	0.00960	0.00524	0.00157	0.00297	0.06027	0.00485	0.00523
4	0.01315	0.05653	0.01668	0.01935	0.40980	0.15991	0.05109	0.15287	0.01253	0.01608	0.00882	0.01121	0.00732	0.03901	0.00515	0.00143	0.00587	0.00393	0.00267	0.00661
5	0.01065	0.00877	0.04443	0.01176	0.04427	0.00816	0.19264	0.02401	0.12055	0.12294	0.03768	0.05567	0.01671	0.00792	0.00538	0.00170	0.00491	0.27224	0.00385	0.00576
6	0.01581	0.01326	0.08051	0.01145	0.01540	0.01313	0.09494	0.59933	0.03888	0.05509	0.01092	0.01124	0.00774	0.00519	0.00461	0.00139	0.00534	0.00420	0.00412	0.00744
7	0.02932	0.01497	0.10054	0.01070	0.01432	0.14815	0.00931	0.48672	0.10230	0.02294	0.01067	0.01087	0.00779	0.00524	0.00441	0.00136	0.00553	0.00389	0.00386	0.00709
8	0.14874	0.10734	0.01620	0.04434	0.08022	0.15616	0.16550	0.14453	0.04690	0.01675	0.00895	0.02837	0.00721	0.00468	0.00419	0.00134	0.00579	0.00392	0.00284	0.00604
9	0.00667	0.00463	0.00593	0.00576	0.00684	0.00422	0.00426	0.00846	0.01187	0.04627	0.56495	0.16645	0.12629	0.01019	0.00539	0.00150	0.00230	0.00898	0.00479	0.00426
10	0.01187	0.01003	0.01059	0.00934	0.01201	0.01155	0.00732	0.10236	0.72504	0.01993	0.01768	0.01630	0.01321	0.00608	0.00460	0.00152	0.00373	0.00502	0.00460	0.00723
11	0.01122	0.46336	0.33958	0.01007	0.01497	0.06687	0.01140	0.01417	0.00959	0.01216	0.00708	0.00824	0.00579	0.00410	0.00354	0.00117	0.00580	0.00282	0.00195	0.00613
12	0.01037	0.01073	0.02051	0.20055	0.27036	0.01102	0.33861	0.01369	0.02225	0.01389	0.00875	0.01187	0.00686	0.00423	0.00523	0.00148	0.03659	0.00459	0.00224	0.00618
13	0.00586	0.00419	0.00565	0.00670	0.00711	0.00397	0.00480	0.00690	0.00901	0.01195	0.02479	0.68782	0.02923	0.01388	0.00587	0.00189	0.00292	0.15951	0.00420	0.00377
14	0.00574	0.00419	0.00562	0.03611	0.00753	0.00401	0.00458	0.00666	0.00878	0.01161	0.02486	0.71302	0.06082	0.03869	0.00627	0.00190	0.00287	0.04893	0.00408	0.00373
15	0.03025	0.02938	0.04409	0.01000	0.01357	0.02743	0.00848	0.58482	0.04253	0.11472	0.01160	0.01159	0.00822	0.00641	0.03431	0.00158	0.00518	0.00408	0.00436	0.00739
16	0.00542	0.00459	0.00467	0.00465	0.00616	0.00385	0.00349	0.00662	0.01047	0.01258	0.08938	0.04305	0.76696	0.01135	0.00535	0.00152	0.00229	0.00949	0.00425	0.00385
17	0.01734	0.01250	0.01348	0.01034	0.01396	0.01377	0.00854	0.76765	0.02099	0.05873	0.01115	0.01105	0.00784	0.00545	0.00453	0.00136	0.00494	0.00410	0.00457	0.00771
18	0.00902	0.00860	0.01476	0.68502	0.14344	0.01022	0.04113	0.01202	0.00930	0.01215	0.00816	0.01196	0.00623	0.00443	0.00455	0.00149	0.00600	0.00408	0.00206	0.00538
19	0.01124	0.01116	0.01732	0.01358	0.01577	0.06195	0.27453	0.07226	0.03976	0.03306	0.00906	0.03254	0.00768	0.00666	0.02569	0.00178	0.33094	0.00469	0.02469	0.00565
20	0.00552	0.00394	0.00526	0.00631	0.00657	0.00368	0.00421	0.00631	0.00868	0.01157	0.02498	0.83779	0.02997	0.01420	0.00578	0.00184	0.00263	0.01288	0.00421	0.00368
21	0.01947	0.00849	0.01108	0.00855	0.01192	0.00798	0.00706	0.12845	0.01387	0.67387	0.01642	0.01457	0.01052	0.00568	0.00498	0.00142	0.03830	0.00447	0.00531	0.00760
22	0.01100	0.30975	0.46473	0.01080	0.01622	0.01322	0.01278	0.06294	0.01027	0.03824	0.00796	0.00902	0.00605	0.00426	0.00384	0.00127	0.00586	0.00311	0.00220	0.00648
23	0.01162	0.00966	0.01026	0.00918	0.01177	0.01109	0.00715	0.02400	0.77369	0.04977	0.01842	0.01685	0.01373	0.00613	0.00461	0.00153	0.00360	0.00510	0.00465	0.00719
24	0.01251	0.01032	0.01051	0.00919	0.01186	0.05470	0.00721	0.11194	0.58147	0.06708	0.03010	0.01693	0.04336	0.00620	0.00461	0.00149	0.00394	0.00507	0.00453	0.00699
25	0.01062	0.01286	0.08616	0.01958	0.12227	0.01135	0.62278	0.01436	0.01049	0.01447	0.00894	0.01185	0.00681	0.00396	0.00534	0.00151	0.02314	0.00500	0.00225	0.00627
26	0.00944	0.00918	0.01625	0.43315	0.24150	0.01018	0.12038	0.01230	0.00956	0.01285	0.00924	0.05862	0.00782	0.00493	0.00495	0.00150	0.02553	0.00471	0.00224	0.00569
27	0.03030	0.01290	0.01338	0.01037	0.01391	0.04474	0.00852	0.73572	0.04083	0.02752	0.01085	0.01088	0.00775	0.00541	0.00449	0.00136	0.00505	0.00404	0.00442	0.00756
28	0.06291	0.03892	0.01245	0.00916	0.01262	0.00815	0.08732	0.07632	0.01274	0.57001	0.01576	0.05015	0.01081	0.00565	0.00454	0.00142	0.00429	0.00478	0.00485	0.00715
29	0.01223	0.41812	0.07404	0.00875	0.04195	0.07260	0.00784	0.01404	0.01040	0.12672	0.06388	0.01449	0.09333	0.00584	0.01691	0.00128	0.00478	0.00405	0.00294	0.00582
30	0.01183	0.00961	0.01026	0.00915	0.01177	0.01098	0.00714	0.02395	0.75515	0.06843	0.01841	0.01681	0.01367	0.00611	0.00461	0.00153	0.00360	0.00509	0.00467	0.00721
31	0.00554	0.00396	0.00527	0.00630	0.00658	0.00369	0.00421	0.00636	0.00876	0.01170	0.04105	0.82133	0.03023	0.01410	0.00577	0.00183	0.00262	0.01279	0.00422	0.00369
32	0.02480	0.58591	0.22156	0.00933	0.01386	0.04060	0.02363	0.01392	0.00941	0.01181	0.00683	0.00796	0.00580	0.00401	0.00333	0.00111	0.00544	0.00272	0.00196	0.00601
33	0.01243	0.01037	0.01068	0.00941	0.01195	0.05980	0.00742	0.10496	0.55643	0.06222	0.03297	0.01720	0.01341	0.00634	0.00497	0.00152	0.02957	0.03703	0.00443	0.00689
34	0.00552	0.00396	0.00524	0.00626	0.00656	0.00368	0.00418	0.00632	0.00873	0.01159	0.02562	0.81331	0.05404	0.01411	0.00577	0.00183	0.00262	0.01278	0.00421	0.00368
35	0.00810	0.00509	0.00636	0.00599	0.00741	0.00463	0.00451	0.01010	0.03608	0.12431	0.39773	0.15755	0.19487	0.00989	0.00529	0.00151	0.00252	0.00862	0.00478	0.00465
36	0.01338	0.01108	0.01113	0.01004	0.04710	0.12442	0.02139	0.14050	0.32855	0.11634	0.01832	0.01746	0.10760	0.00628	0.00462	0.00143	0.00448	0.00508	0.00421	0.00663
37	0.01698	0.01257	0.01346	0.01038	0.01396	0.01394	0.00855	0.76537	0.05371	0.02816	0.01119	0.01113	0.00796	0.00547	0.00454	0.00137	0.00493	0.00412	0.00454	0.00768
38	0.01710	0.01263	0.01353	0.01040	0.01400	0.01399	0.00858	0.78089	0.03800	0.02835	0.01104	0.01101	0.00784	0.00545	0.00453	0.00136	0.00496	0.00410	0.00453	0.00769
39	0.05444	0.31816	0.07753	0.00991	0.01370	0.01412	0.07287	0.22352	0.08014	0.05055	0.00970	0.01077	0.00761	0.00482	0.00413	0.00128	0.02009	0.01701	0.00312	0.00651
40	0.01339	0.01262	0.01349	0.01527	0.25320	0.18173	0.00956	0.11613	0.23340	0.05310	0.03133	0.01336	0.02258	0.00525	0.00448	0.00137	0.00522	0.00432	0.00346	0.00674
41	0.00638	0.00463	0.00601	0.00567	0.00675	0.00426	0.00425	0.00849	0.01275	0.01799	0.78654	0.03415	0.06643	0.00933	0.00534	0.00143	0.00214	0.00824	0.00496	0.00426
42	0.04967	0.03952	0.15097	0.01058	0.04368	0.04815	0.02588	0.11954	0.16918	0.01620	0.02215	0.03158	0.07113	0.05188	0.00701	0.00167	0.12727	0.00477	0.00319	0.00598
43	0.43837	0.02921	0.01044	0.00845	0.01149	0.12536	0.03704	0.16652	0.03679	0.08514	0.00873	0.00930	0.00647	0.00466	0.00362	0.00136	0.00467	0.00320	0.00332	0.00586
44	0.01088	0.00936	0.00983	0.00886	0.01135	0.01070	0.00689	0.03465	0.72701	0.01855	0.02058	0.01900	0.07909	0.00657	0.00467	0.00153	0.00350	0.00547	0.00458	0.00691
45	0.01158	0.01156	0.01841	0.19327	0.21661	0.07000	0.23081	0.11130	0.01149	0.01523	0.00862	0.01134	0.00674	0.00455	0.00537	0.00146	0.05866	0.00432	0.00248	0.00621
46	0.06825	0.31692	0.21161	0.01078	0.05968	0.03692	0.02355	0.11512	0.05735	0.04775	0.00870	0.00952	0.00676	0.00443	0.00378	0.00125	0.00529	0.00326	0.00266	0.00643
47	0.00909	0.02344	0.81727	0.01292	0.01961	0.01052	0.01674	0.01435	0.00957	0.01435	0.00813	0.00957	0.00574	0.00431	0.00431	0.00144	0.00670	0.00335	0.00191	0.00670
48	0.00551	0.00397	0.00523	0.00623	0.00655	0.00369	0.00417	0.00632	0.00875	0.01160	0.02589	0.80293	0.06424	0.01408	0.00576	0.00183	0.00261	0.01274	0.00421	0.00369
49	0.00953	0.02572	0.29034	0.07307	0.17838	0.01020	0.13344	0.02365	0.01922	0.01393	0.01052	0.10231	0.00942	0.00570	0.00538	0.00152	0.05901	0.02013	0.00241	0.00610
50	0.01247	0.07578	0.04400	0.01165	0.04615	0.21620	0.05507	0.06665	0.06718	0.03844	0.05396	0.01299	0.02187	0.01464	0.00739	0.00153	0.22731	0.01827	0.00281	0.00565
51	0.01134	0.01035	0.01574	0.01245	0.01569	0.01095	0.27491	0.02032	0.48120	0.05225	0.01542	0.03477	0.01174	0.00552	0.00489	0.00154	0.00495	0.00536	0.00386	0.00675
52	0.16841	0.01024	0.01637	0.02932	0.08078	0.01013	0.27527	0.10272	0.01189	0.23364	0.01113	0.01198	0.00780	0.00458	0.00450	0.00144	0.00537	0.00434	0.00352	0.00657
53	0.31137	0.01105	0.01552	0.01177	0.01540	0.01171	0.27461	0.22885	0.04429	0.02055	0.00902	0.01036	0.00670	0.00449	0.00421	0.00144	0.00532	0.00399	0.00318	0.00617
54	0.01083	0.00725	0.00884	0.00820	0.04263	0.00741	0.00605	0.06975	0.21752	0.14614	0.35935	0.02402	0.03626	0.02867	0.00539	0.00152	0.00318	0.00634	0.00478	0.00589
55	0.00542	0.00453	0.00466	0.00475	0.00611	0.00384	0.00348	0.00649	0.01005	0.01205	0.04294	0.10921	0.71491	0.04378	0.00608	0.00167	0.00240	0.00972	0.00415	0.00377
56	0.08484	0.00969	0.01090	0.00926	0.02222	0.05994	0.04559	0.22614	0.09727	0.07613	0.16793	0.07416	0.01666	0.02338	0.00563	0.00152	0.05315	0.00554	0.00407	0.00597
57	0.01043	0.01193	0.03614	0.01833	0.02271	0.01104	0.73824	0.01414	0.01063	0.01441	0.01006	0.03195	0.00810	0.00438	0.00538	0.00155	0.00738	0.03481	0.00240	0.00599
58	0.01723	0.01269	0.01360	0.01043	0.01405	0.01405	0.00861	0.79738	0.02131	0.02856	0.01088	0.01088	0.00771	0.00544	0.00453	0.00136	0.00499	0.00408	0.00453	0.00771
59	0.71164	0.00978	0.04324	0.04082	0.01071	0.01057	0.00612	0.09342	0.00924	0.02055	0.00693	0.00801	0.00528	0.00435	0.00312	0.00140	0.00390	0.00272	0.00291	0.00528
60	0.01111	0.01068	0.01824	0.05665	0.75862	0.01076	0.02705	0.01398	0.02214	0.01474	0.00867	0.01135	0.00723	0.00408	0.00450	0.00136	0.00542	0.00408	0.00227	0.00708
61	0.00556	0.00398	0.00533	0.00634	0.00663	0.00375	0.00426	0.00637	0.00862	0.01153	0.02451	0.80788	0.02929	0.01492	0.03559	0.00204	0.00298	0.01259	0.00414	0.00369
62	0.00555	0.00397	0.00529	0.00629	0.00658	0.00370	0.00421	0.00639	0.00883	0.01182	0.05490	0.80715	0.03046	0.01401	0.00577	0.00182	0.00261	0.01270	0.00424	0.00370
63	0.24865	0.07053	0.01278	0.04329	0.16008	0.10307	0.04068	0.01608	0.04656	0.17653	0.03405	0.01139	0.00844	0.00472	0.00395	0.00135	0.00478	0.00369	0.00324	0.00613
64	0.01104	0.01056	0.01800	0.02717	0.78823	0.01055	0.01361	0.01368	0.01027	0.01471	0.00902	0.03609	0.00786	0.00434	0.00453	0.00136	0.00530	0.00430	0.00230	0.00707
65	0.00645	0.00482	0.00716	0.00719	0.00797	0.00557	0.00555	0.00800	0.00731	0.01051	0.01258	0.04278	0.01202	0.05400	0.77777	0.00704	0.01165	0.00514	0.00249	0.00400
66	0.68947	0.05900	0.02908	0.00669	0.00966	0.01082	0.00572	0.09004	0.00921	0.02015	0.00737	0.03275	0.00601	0.00461	0.00311	0.00139	0.00379	0.00295	0.00294	0.00524
67	0.00870	0.00878	0.03530	0.69832	0.02936	0.01004	0.09530	0.01181	0.00928	0.01198	0.00931	0.01298	0.03033	0.00466	0.00464	0.00151	0.00611	0.00432	0.00211	0.00515

[dist]
# distance from previous block
# <min> <max>
5	15

[block]
# block no. 6 follows, 57 sequences, length 20
# corresponding to MSA columns:
# 451-470
name=unknown_G
#
# <colnr> <probs for GDERKNQSTAVLIFYWHMCP>
#	G	D	E	R	K	N	Q	S	T	A	V	L	I	F	Y	W	H	M	C	P
0	0.00927	0.00530	0.00686	0.00666	0.00814	0.00485	0.00514	0.01104	0.02764	0.18817	0.18911	0.24496	0.14406	0.01049	0.00541	0.00164	0.00298	0.11876	0.00468	0.00484
1	0.00831	0.00558	0.00674	0.00618	0.00750	0.00519	0.00443	0.00996	0.04848	0.07528	0.12920	0.06903	0.03087	0.34941	0.01231	0.00262	0.00369	0.08253	0.00361	0.13909
2	0.04046	0.00460	0.00546	0.00552	0.00612	0.00442	0.00364	0.00749	0.00791	0.05306	0.02052	0.19614	0.14618	0.32843	0.01399	0.13813	0.00355	0.00770	0.00332	0.00334
3	0.19422	0.00745	0.00902	0.00726	0.01024	0.00701	0.00593	0.01816	0.01186	0.52671	0.13932	0.01664	0.01484	0.00589	0.00432	0.00141	0.00351	0.00469	0.00493	0.00660
4	0.11717	0.00790	0.13215	0.00640	0.00782	0.00604	0.00530	0.00864	0.00732	0.01129	0.01295	0.07294	0.01415	0.55314	0.01650	0.00339	0.00453	0.00594	0.00271	0.00370
5	0.05548	0.00673	0.00796	0.00692	0.00922	0.00644	0.00544	0.02977	0.12364	0.29827	0.09056	0.08919	0.20012	0.01914	0.00506	0.00153	0.00320	0.01522	0.02029	0.00582
6	0.00623	0.00424	0.00505	0.00540	0.00549	0.00415	0.00323	0.00650	0.00729	0.00972	0.01786	0.30010	0.02099	0.56414	0.01728	0.00354	0.00380	0.00870	0.00323	0.00306
7	0.00695	0.00486	0.00551	0.00517	0.00568	0.00460	0.00308	0.00720	0.00695	0.00955	0.01349	0.02707	0.01523	0.73416	0.02055	0.00392	0.00426	0.00609	0.00274	0.11295
8	0.14185	0.00733	0.10892	0.00694	0.00859	0.00568	0.00586	0.00884	0.00898	0.02671	0.06587	0.46742	0.07097	0.03808	0.00563	0.00175	0.00331	0.00922	0.00371	0.00433
9	0.01576	0.00819	0.01206	0.01329	0.23795	0.00760	0.00832	0.03021	0.01201	0.46061	0.07748	0.01616	0.01271	0.03505	0.00521	0.00148	0.00414	0.00475	0.03000	0.00701
10	0.00897	0.00606	0.00864	0.00719	0.00896	0.00596	0.12762	0.05878	0.01100	0.01746	0.15486	0.01881	0.01616	0.00577	0.00398	0.00121	0.00316	0.00510	0.52557	0.00474
11	0.00952	0.00754	0.10984	0.00681	0.00907	0.00548	0.00612	0.01193	0.01190	0.16408	0.42477	0.02574	0.06666	0.00757	0.00480	0.00138	0.00304	0.00648	0.11208	0.00519
12	0.00771	0.13600	0.00928	0.11091	0.01018	0.00705	0.00546	0.00880	0.00868	0.03492	0.06200	0.26532	0.06349	0.23911	0.00987	0.00231	0.00389	0.00768	0.00325	0.00409
13	0.00748	0.00591	0.00846	0.00804	0.00889	0.00716	0.00636	0.05035	0.00798	0.01153	0.01128	0.01643	0.01045	0.02915	0.67651	0.00629	0.11618	0.00470	0.00248	0.00436
14	0.00921	0.00765	0.00682	0.00628	0.00813	0.13222	0.00479	0.01056	0.01138	0.11508	0.13355	0.03324	0.48532	0.00938	0.00505	0.00144	0.00339	0.00771	0.00419	0.00460
15	0.00753	0.00552	0.00694	0.00665	0.00782	0.00557	0.00499	0.10823	0.01188	0.01636	0.35094	0.23254	0.06407	0.01399	0.13312	0.00244	0.00419	0.00840	0.00430	0.00451
16	0.01062	0.01118	0.02097	0.12058	0.06438	0.04206	0.47815	0.06119	0.01081	0.01442	0.00959	0.03525	0.00774	0.00663	0.06486	0.00193	0.02625	0.00508	0.00245	0.00585
17	0.01070	0.01037	0.01573	0.18408	0.48851	0.05298	0.01203	0.01327	0.01006	0.01396	0.00828	0.01094	0.00681	0.00406	0.00430	0.00126	0.00535	0.00376	0.00227	0.14127
18	0.00991	0.00878	0.01359	0.70178	0.02853	0.01069	0.01196	0.13440	0.01097	0.01423	0.00850	0.01189	0.00630	0.00467	0.00453	0.00149	0.00588	0.00404	0.00241	0.00545
19	0.00789	0.00725	0.00680	0.00706	0.00806	0.13222	0.00508	0.03895	0.01039	0.01274	0.07861	0.44425	0.14877	0.02874	0.00575	0.00170	0.00360	0.04404	0.00395	0.00415

[dist]
# distance from previous block
# <min> <max>
0	46

# created by:
# /st0/software/busco_prod/Augustus/scripts/msa2prfl.pl ./align_prep/123747.fa
