[name]
unknown

[dist]
# distance from previous block
# <min> <max>
8	62

[block]
# block no. 0 follows, 65 sequences, length 32
# corresponding to MSA columns:
# 65-96
name=unknown_A
#
# <colnr> <probs for GDERKNQSTAVLIFYWHMCP>
#	G	D	E	R	K	N	Q	S	T	A	V	L	I	F	Y	W	H	M	C	P
0	0.02695	0.00436	0.00513	0.00532	0.00609	0.00421	0.00372	0.01652	0.05588	0.01233	0.18814	0.34051	0.15651	0.12497	0.00702	0.00181	0.00254	0.00862	0.02576	0.00361
1	0.00769	0.00581	0.00605	0.00598	0.00699	0.07172	0.00426	0.00959	0.08022	0.07764	0.12860	0.29418	0.10679	0.13844	0.00715	0.00181	0.00309	0.00771	0.03229	0.00399
2	0.05702	0.00570	0.00612	0.00581	0.00712	0.04790	0.00424	0.02006	0.03313	0.15530	0.04966	0.23856	0.16591	0.13743	0.01869	0.00186	0.00321	0.00714	0.03094	0.00418
3	0.21493	0.00632	0.00680	0.00599	0.00783	0.00652	0.00464	0.09718	0.03120	0.15066	0.15914	0.10579	0.04974	0.08124	0.00544	0.00154	0.00302	0.00537	0.05193	0.00472
4	0.01988	0.00555	0.00675	0.00688	0.03977	0.00560	0.00489	0.04807	0.12542	0.07729	0.09272	0.21587	0.12836	0.09888	0.04278	0.00194	0.00334	0.05396	0.01764	0.00441
5	0.00809	0.04136	0.00846	0.00771	0.05839	0.03871	0.04697	0.05665	0.04089	0.06358	0.22812	0.15080	0.17119	0.03096	0.01567	0.01417	0.00327	0.00688	0.00367	0.00445
6	0.06719	0.00823	0.03475	0.03705	0.01181	0.03658	0.14892	0.11148	0.01010	0.11763	0.03924	0.09111	0.02291	0.06880	0.08593	0.00201	0.03286	0.00493	0.03731	0.03117
7	0.02159	0.00774	0.01892	0.00846	0.01085	0.00776	0.11258	0.11569	0.16857	0.17648	0.11826	0.08022	0.02191	0.01938	0.00473	0.00136	0.01984	0.00525	0.06469	0.01570
8	0.04767	0.02275	0.00786	0.00658	0.00852	0.03945	0.00518	0.16077	0.06289	0.11936	0.30718	0.05639	0.12438	0.00715	0.00441	0.00129	0.00304	0.00597	0.00414	0.00502
9	0.01026	0.01970	0.00957	0.05143	0.01937	0.05477	0.03843	0.18560	0.11051	0.06256	0.01390	0.09675	0.05346	0.07027	0.07882	0.01251	0.04271	0.01463	0.04969	0.00505
10	0.05088	0.00885	0.06024	0.00819	0.02625	0.00799	0.00689	0.16095	0.09511	0.46442	0.01370	0.01259	0.00915	0.00490	0.00399	0.00125	0.00376	0.00390	0.02968	0.02730
11	0.00643	0.00412	0.00537	0.00587	0.00646	0.00390	0.00404	0.00768	0.04184	0.08056	0.05303	0.67228	0.02493	0.05535	0.00590	0.00173	0.00258	0.01028	0.00389	0.00375
12	0.00987	0.00934	0.01525	0.09975	0.64653	0.00956	0.01161	0.01315	0.08332	0.01348	0.00848	0.01063	0.00694	0.00385	0.00404	0.00122	0.00471	0.00370	0.00222	0.04237
13	0.00998	0.02549	0.36790	0.03079	0.22832	0.05724	0.06623	0.04624	0.00961	0.04458	0.00787	0.00940	0.00595	0.00385	0.00394	0.00121	0.00547	0.00332	0.00213	0.07047
14	0.38308	0.21440	0.26379	0.00783	0.01171	0.01108	0.00844	0.03570	0.00818	0.01489	0.00634	0.00735	0.00495	0.00380	0.00302	0.00118	0.00439	0.00251	0.00215	0.00521
15	0.01007	0.44407	0.37168	0.00924	0.01379	0.04566	0.01059	0.03174	0.00887	0.01150	0.00655	0.00759	0.00528	0.00374	0.00326	0.00108	0.00523	0.00261	0.00182	0.00563
16	0.00812	0.00479	0.00430	0.00424	0.00527	0.05490	0.00318	0.00998	0.00879	0.01498	0.01296	0.01482	0.01020	0.00475	0.00292	0.00096	0.00225	0.00375	0.82494	0.00388
17	0.00805	0.01943	0.74099	0.01104	0.01663	0.00894	0.01394	0.01242	0.00861	0.01287	0.00830	0.06028	0.00659	0.00440	0.00394	0.00129	0.00568	0.00353	0.00190	0.05117
18	0.00581	0.00420	0.00549	0.00516	0.00613	0.00387	0.00387	0.00775	0.01162	0.01646	0.82797	0.03066	0.03873	0.00839	0.00484	0.00129	0.00194	0.00742	0.00452	0.00387
19	0.00765	0.00383	0.00383	0.00383	0.00478	0.00383	0.00287	0.00956	0.00861	0.01530	0.01339	0.01530	0.01052	0.00478	0.00287	0.00096	0.00191	0.00383	0.87853	0.00383
20	0.00560	0.00426	0.00503	0.00483	0.00588	0.00387	0.00355	0.00725	0.02658	0.01393	0.47852	0.03293	0.29673	0.08557	0.00628	0.00157	0.00219	0.00765	0.00409	0.00367
21	0.01164	0.00917	0.01304	0.01655	0.41835	0.02678	0.00944	0.09273	0.15356	0.13078	0.02436	0.05546	0.00967	0.00488	0.00416	0.00128	0.00424	0.00435	0.00317	0.00637
22	0.00809	0.00660	0.00742	0.00686	0.00850	0.00717	0.00527	0.01493	0.42994	0.01623	0.32732	0.02350	0.04555	0.03519	0.00506	0.00146	0.00276	0.03875	0.00422	0.00517
23	0.00547	0.00402	0.00514	0.00528	0.00608	0.00368	0.00384	0.00693	0.01014	0.01387	0.46512	0.28302	0.12902	0.01008	0.00499	0.00143	0.00214	0.03189	0.00420	0.00366
24	0.01013	0.22971	0.36895	0.05658	0.10420	0.12794	0.01149	0.01324	0.02059	0.01171	0.00697	0.00834	0.00549	0.00386	0.00359	0.00116	0.00563	0.00289	0.00186	0.00565
25	0.00956	0.00967	0.05058	0.19915	0.58086	0.00963	0.01213	0.01265	0.05162	0.01296	0.00809	0.01053	0.00654	0.00386	0.00407	0.00126	0.00497	0.00368	0.00209	0.00607
26	0.00594	0.00398	0.00452	0.00453	0.00457	0.00396	0.00257	0.00602	0.00621	0.00831	0.04021	0.04974	0.01605	0.80445	0.01993	0.00383	0.00387	0.00617	0.00259	0.00256
27	0.01532	0.00913	0.05736	0.03427	0.06188	0.02226	0.00749	0.21219	0.02417	0.43375	0.05334	0.01369	0.01036	0.00514	0.00416	0.00127	0.00402	0.01937	0.00425	0.00657
28	0.02550	0.11270	0.18910	0.04736	0.10838	0.10957	0.04380	0.07594	0.01066	0.22384	0.00956	0.01007	0.00682	0.00424	0.00385	0.00120	0.00508	0.00338	0.00289	0.00606
29	0.02340	0.04627	0.01201	0.05729	0.06249	0.02355	0.05754	0.19317	0.44278	0.01780	0.01283	0.01268	0.00963	0.00497	0.00410	0.00132	0.00409	0.00416	0.00361	0.00633
30	0.00508	0.00368	0.00486	0.00564	0.00600	0.00345	0.00384	0.00592	0.00811	0.01084	0.07234	0.72461	0.06860	0.01323	0.04114	0.00184	0.00271	0.01094	0.00378	0.00339
31	0.01197	0.13034	0.06361	0.00852	0.01147	0.03696	0.00738	0.31028	0.20479	0.03570	0.01129	0.04729	0.00899	0.00665	0.05498	0.00154	0.00462	0.00398	0.00341	0.03622

[dist]
# distance from previous block
# <min> <max>
0	4

[block]
# block no. 1 follows, 65 sequences, length 20
# corresponding to MSA columns:
# 101-120
name=unknown_B
#
# <colnr> <probs for GDERKNQSTAVLIFYWHMCP>
#	G	D	E	R	K	N	Q	S	T	A	V	L	I	F	Y	W	H	M	C	P
0	0.04454	0.00739	0.09504	0.00692	0.00902	0.00611	0.03486	0.03569	0.11817	0.05878	0.31018	0.05278	0.15840	0.00749	0.00454	0.00136	0.00305	0.03713	0.00385	0.00471
1	0.01021	0.01083	0.04968	0.11892	0.59392	0.09769	0.01184	0.01259	0.00939	0.01262	0.00789	0.03142	0.00672	0.00402	0.00405	0.00123	0.00520	0.00373	0.00205	0.00599
2	0.01100	0.03722	0.02785	0.03631	0.37391	0.02589	0.02341	0.20951	0.03033	0.03961	0.01081	0.13518	0.00981	0.00544	0.00421	0.00129	0.00444	0.00483	0.00293	0.00602
3	0.01130	0.55310	0.12936	0.00928	0.06041	0.11955	0.00860	0.04627	0.00932	0.01105	0.00630	0.00732	0.00541	0.00372	0.00309	0.00099	0.00503	0.00251	0.00191	0.00545
4	0.00892	0.00786	0.01010	0.00956	0.11154	0.00766	0.02660	0.01302	0.20106	0.01358	0.00991	0.01159	0.00821	0.03752	0.05798	0.00148	0.06255	0.00350	0.00273	0.39462
5	0.01093	0.01086	0.01588	0.03495	0.62232	0.11030	0.05268	0.01362	0.04392	0.03311	0.00816	0.01019	0.00667	0.00384	0.00407	0.00122	0.00519	0.00365	0.00221	0.00622
6	0.00935	0.00919	0.05142	0.13532	0.32003	0.06840	0.06000	0.02620	0.00929	0.05100	0.01150	0.20727	0.01120	0.00600	0.00436	0.00135	0.00467	0.00552	0.00259	0.00531
7	0.00495	0.00416	0.00430	0.00427	0.00561	0.00351	0.00320	0.00609	0.00960	0.01166	0.12519	0.03856	0.74451	0.01018	0.00485	0.00138	0.00206	0.00853	0.00389	0.00351
8	0.00787	0.01942	0.74620	0.01090	0.01647	0.00889	0.01389	0.01224	0.00874	0.01280	0.01100	0.01194	0.09272	0.00459	0.00400	0.00131	0.00564	0.00363	0.00195	0.00579
9	0.01132	0.09657	0.26841	0.01128	0.11624	0.02624	0.03462	0.03690	0.09585	0.18914	0.02248	0.02566	0.03771	0.00472	0.00397	0.00126	0.00465	0.00390	0.00298	0.00610
10	0.01085	0.10552	0.44689	0.01171	0.07745	0.00967	0.06799	0.01427	0.00934	0.17893	0.00904	0.00981	0.00639	0.00411	0.00407	0.00126	0.02077	0.00335	0.00246	0.00614
11	0.00593	0.00399	0.00447	0.00447	0.00452	0.00396	0.00251	0.00597	0.00609	0.00807	0.01396	0.02732	0.04419	0.82533	0.02032	0.00389	0.00391	0.00607	0.00253	0.00252
12	0.00941	0.00899	0.01531	0.27984	0.58133	0.00956	0.01223	0.01194	0.00899	0.01250	0.00759	0.01040	0.00618	0.00380	0.00408	0.00127	0.00506	0.00365	0.00197	0.00590
13	0.04271	0.03961	0.13279	0.10727	0.47851	0.03070	0.01167	0.03195	0.02158	0.03753	0.02270	0.01026	0.00685	0.00394	0.00395	0.00124	0.00497	0.00354	0.00219	0.00605
14	0.00604	0.00419	0.00525	0.00520	0.00540	0.00447	0.00336	0.00640	0.00612	0.00839	0.01208	0.02321	0.01325	0.59436	0.23665	0.03003	0.02495	0.00543	0.00238	0.00282
15	0.00765	0.00383	0.00383	0.00383	0.00478	0.00383	0.00287	0.00956	0.00861	0.01530	0.01339	0.01530	0.01052	0.00478	0.00287	0.00096	0.00191	0.00383	0.87853	0.00383
16	0.01087	0.00922	0.03552	0.02100	0.63794	0.00878	0.01113	0.01313	0.00955	0.12549	0.00995	0.07132	0.00846	0.00452	0.00415	0.00126	0.00454	0.00428	0.00257	0.00633
17	0.26492	0.14227	0.02352	0.00813	0.04051	0.08532	0.00649	0.06638	0.24490	0.03907	0.00966	0.00985	0.00745	0.00439	0.00337	0.00120	0.00396	0.00318	0.00299	0.03245
18	0.01079	0.00847	0.01048	0.00878	0.01114	0.00915	0.08186	0.21378	0.32728	0.05756	0.07083	0.14381	0.01451	0.00651	0.00443	0.00138	0.00369	0.00568	0.00397	0.00588
19	0.01056	0.00964	0.01609	0.05434	0.74054	0.00972	0.01214	0.04451	0.00978	0.04143	0.00808	0.01031	0.00661	0.00377	0.00407	0.00123	0.00484	0.00367	0.00221	0.00647

[dist]
# distance from previous block
# <min> <max>
5	13

[block]
# block no. 2 follows, 65 sequences, length 22
# corresponding to MSA columns:
# 135-156
name=unknown_C
#
# <colnr> <probs for GDERKNQSTAVLIFYWHMCP>
#	G	D	E	R	K	N	Q	S	T	A	V	L	I	F	Y	W	H	M	C	P
0	0.00586	0.00394	0.00456	0.00471	0.00476	0.00391	0.00275	0.00599	0.00630	0.00839	0.01440	0.13565	0.01672	0.72607	0.01850	0.00363	0.00377	0.02476	0.00269	0.00263
1	0.00765	0.00383	0.00383	0.00383	0.00478	0.00383	0.00287	0.00956	0.00861	0.01530	0.01339	0.01530	0.01052	0.00478	0.00287	0.00096	0.00191	0.00383	0.87853	0.00383
2	0.00644	0.00847	0.20715	0.00778	0.00978	0.00617	0.00749	0.00867	0.00708	0.01033	0.01017	0.01461	0.00916	0.04632	0.61512	0.00524	0.00961	0.00411	0.00209	0.00422
3	0.00707	0.00894	0.20757	0.00802	0.01021	0.00669	0.00773	0.06087	0.00792	0.01142	0.01004	0.01391	0.00882	0.02260	0.58314	0.00497	0.00938	0.00402	0.00221	0.00446
4	0.00507	0.00364	0.00483	0.00573	0.00603	0.00339	0.00389	0.00586	0.00804	0.01071	0.04482	0.79107	0.04201	0.01265	0.00523	0.00166	0.00241	0.03578	0.00383	0.00336
5	0.88473	0.00794	0.00603	0.00540	0.00794	0.00921	0.00445	0.01207	0.00699	0.01842	0.00572	0.00667	0.00445	0.00381	0.00254	0.00127	0.00318	0.00222	0.00254	0.00445
6	0.67481	0.00771	0.00688	0.00586	0.00855	0.00844	0.00483	0.01399	0.00814	0.21580	0.00825	0.00844	0.00583	0.00412	0.00293	0.00127	0.00325	0.00268	0.00316	0.00506
7	0.21853	0.00498	0.00538	0.00580	0.00674	0.00521	0.00414	0.00833	0.06026	0.01296	0.03480	0.57694	0.02094	0.01010	0.00451	0.00155	0.00262	0.00884	0.00354	0.00382
8	0.00856	0.04360	0.77142	0.01191	0.04291	0.00966	0.01470	0.01310	0.00874	0.02791	0.00749	0.00875	0.00533	0.00390	0.00387	0.00129	0.00594	0.00305	0.00180	0.00608
9	0.00996	0.06969	0.50617	0.01069	0.01525	0.21062	0.02417	0.01347	0.02340	0.01203	0.00940	0.01037	0.05845	0.00440	0.00386	0.00122	0.00600	0.00331	0.00201	0.00553
10	0.01629	0.01040	0.01164	0.00893	0.01218	0.01111	0.00737	0.62346	0.01747	0.22144	0.01139	0.01085	0.00775	0.00496	0.00411	0.00124	0.00427	0.00380	0.00434	0.00698
11	0.01517	0.00616	0.00837	0.00692	0.00938	0.00538	0.00549	0.01654	0.01081	0.63367	0.01775	0.21729	0.01428	0.00697	0.00440	0.00137	0.00322	0.00596	0.00477	0.00610
12	0.01220	0.00837	0.00934	0.00810	0.01063	0.00920	0.00638	0.02137	0.62621	0.21485	0.01658	0.01499	0.01196	0.00545	0.00416	0.00136	0.00331	0.00452	0.00440	0.00662
13	0.56825	0.00923	0.00832	0.00687	0.00968	0.01049	0.00567	0.30497	0.01147	0.02113	0.00722	0.00783	0.00537	0.00422	0.00311	0.00126	0.00366	0.00276	0.00311	0.00537
14	0.00739	0.00789	0.00597	0.00571	0.00728	0.20599	0.00428	0.00844	0.00991	0.01084	0.03304	0.03173	0.62900	0.00890	0.00457	0.00131	0.00337	0.00720	0.00340	0.00378
15	0.00500	0.00357	0.00476	0.00572	0.00595	0.00333	0.00381	0.00572	0.00786	0.01048	0.02262	0.85306	0.02715	0.01286	0.00524	0.00167	0.00238	0.01167	0.00381	0.00333
16	0.61007	0.00938	0.00797	0.05518	0.03668	0.08591	0.00581	0.10586	0.00907	0.01786	0.02044	0.00787	0.00553	0.00407	0.00301	0.00125	0.00389	0.00265	0.00266	0.00483
17	0.01033	0.06584	0.50992	0.01168	0.04266	0.01075	0.06442	0.20764	0.01131	0.01595	0.00795	0.00904	0.00574	0.00409	0.00394	0.00126	0.00561	0.00328	0.00234	0.00622
18	0.00561	0.00395	0.00511	0.00578	0.00615	0.00381	0.00410	0.00645	0.00788	0.01044	0.04230	0.43866	0.03787	0.21660	0.00911	0.00226	0.00306	0.18411	0.00350	0.00324
19	0.01629	0.01040	0.01164	0.00893	0.01218	0.01111	0.00737	0.62346	0.01747	0.22144	0.01139	0.01085	0.00775	0.00496	0.00411	0.00124	0.00427	0.00380	0.00434	0.00698
20	0.00938	0.00840	0.03961	0.08605	0.48557	0.00803	0.01005	0.01174	0.00994	0.06674	0.20698	0.01539	0.01442	0.00494	0.00425	0.00125	0.00416	0.00458	0.00280	0.00572
21	0.00844	0.01067	0.20865	0.00744	0.01168	0.00646	0.00736	0.01098	0.00855	0.01328	0.00731	0.00855	0.00587	0.00325	0.00325	0.00078	0.00377	0.00258	0.00226	0.66887

[dist]
# distance from previous block
# <min> <max>
0	1

[block]
# block no. 3 follows, 65 sequences, length 78
# corresponding to MSA columns:
# 158-235
name=unknown_D
#
# <colnr> <probs for GDERKNQSTAVLIFYWHMCP>
#	G	D	E	R	K	N	Q	S	T	A	V	L	I	F	Y	W	H	M	C	P
0	0.00519	0.00377	0.00488	0.00562	0.00607	0.00350	0.00391	0.00608	0.00833	0.01102	0.08055	0.63081	0.10860	0.03645	0.00565	0.00169	0.00247	0.06819	0.00382	0.00339
1	0.01478	0.01102	0.01309	0.01151	0.11189	0.01193	0.03688	0.64024	0.03065	0.06157	0.00995	0.01022	0.00714	0.00474	0.00413	0.00124	0.00458	0.00377	0.00383	0.00686
2	0.00722	0.00430	0.00599	0.00567	0.00625	0.00425	0.00400	0.02957	0.00653	0.00905	0.04642	0.01391	0.00922	0.04480	0.12951	0.57934	0.00452	0.00385	0.00212	0.08347
3	0.04151	0.01073	0.01114	0.00881	0.01150	0.05896	0.00711	0.56738	0.01571	0.02124	0.00935	0.01104	0.00737	0.08343	0.00615	0.00148	0.06104	0.00372	0.00354	0.05877
4	0.00616	0.00449	0.00623	0.00729	0.02823	0.00439	0.00577	0.00771	0.00907	0.01191	0.05077	0.27496	0.04790	0.01145	0.00545	0.00177	0.00329	0.50566	0.00377	0.00372
5	0.00851	0.00730	0.00851	0.00608	0.00973	0.00547	0.00486	0.01034	0.00851	0.01338	0.00730	0.00851	0.00608	0.00304	0.00304	0.00061	0.00304	0.00243	0.00243	0.88083
6	0.01477	0.00764	0.00934	0.00736	0.01032	0.00723	0.00598	0.12983	0.11590	0.45834	0.03413	0.01507	0.06455	0.00534	0.00408	0.00122	0.00343	0.00433	0.00446	0.09668
7	0.01029	0.45537	0.23578	0.00869	0.01243	0.09285	0.00915	0.02247	0.02081	0.01095	0.00743	0.05828	0.00670	0.00440	0.00358	0.00109	0.02928	0.00313	0.00197	0.00533
8	0.00958	0.00907	0.01534	0.09931	0.68832	0.00921	0.01177	0.01200	0.00943	0.01339	0.07516	0.01192	0.00906	0.00409	0.00413	0.00124	0.00469	0.00397	0.00222	0.00611
9	0.00508	0.00406	0.00455	0.00465	0.00574	0.00353	0.00340	0.00625	0.00956	0.01210	0.20284	0.18480	0.51814	0.01042	0.00492	0.00142	0.00210	0.00895	0.00396	0.00353
10	0.00765	0.00383	0.00383	0.00383	0.00478	0.00383	0.00287	0.00956	0.00861	0.01530	0.01339	0.01530	0.01052	0.00478	0.00287	0.00096	0.00191	0.00383	0.87853	0.00383
11	0.00887	0.01919	0.69094	0.08012	0.01817	0.00979	0.01418	0.08696	0.00961	0.01398	0.00759	0.00896	0.00539	0.00401	0.00394	0.00130	0.00587	0.00314	0.00196	0.00603
12	0.01011	0.01046	0.03586	0.18589	0.57562	0.08620	0.01199	0.01254	0.00932	0.01251	0.00750	0.01002	0.00615	0.00380	0.00403	0.00124	0.00526	0.00355	0.00199	0.00595
13	0.00500	0.00357	0.00476	0.00572	0.00595	0.00333	0.00381	0.00572	0.00786	0.01048	0.02262	0.85306	0.02715	0.01286	0.00524	0.00167	0.00238	0.01167	0.00381	0.00333
14	0.01124	0.00914	0.01493	0.10630	0.58999	0.00926	0.01130	0.04924	0.01000	0.12528	0.00909	0.01116	0.00711	0.00404	0.00410	0.00125	0.00472	0.01294	0.00254	0.00636
15	0.01104	0.00951	0.01575	0.02284	0.71921	0.00948	0.01176	0.03063	0.02745	0.08943	0.00874	0.01062	0.00698	0.00386	0.00407	0.00123	0.00471	0.00372	0.00240	0.00656
16	0.00899	0.00815	0.01324	0.04479	0.54061	0.00830	0.01011	0.02281	0.00912	0.01282	0.04855	0.04624	0.01123	0.08379	0.00613	0.00158	0.02874	0.08682	0.00245	0.00550
17	0.01102	0.68102	0.01886	0.00727	0.01039	0.11481	0.00684	0.01234	0.00898	0.01018	0.06026	0.00902	0.02665	0.00408	0.00296	0.00094	0.00454	0.00274	0.00203	0.00507
18	0.13895	0.00868	0.01005	0.00785	0.01092	0.04315	0.02964	0.18476	0.01250	0.45559	0.02412	0.01180	0.00866	0.00478	0.00388	0.00124	0.00389	0.00373	0.00422	0.03160
19	0.08718	0.01080	0.02261	0.01625	0.02026	0.01028	0.74343	0.01305	0.00945	0.01362	0.00808	0.01068	0.00607	0.00349	0.00464	0.00137	0.00659	0.00461	0.00212	0.00544
20	0.00495	0.00416	0.00429	0.00426	0.00560	0.00351	0.00319	0.00607	0.00958	0.01162	0.11894	0.03863	0.75078	0.01020	0.00485	0.00138	0.00207	0.00854	0.00388	0.00351
21	0.08862	0.00421	0.00403	0.00397	0.00507	0.00432	0.00301	0.00980	0.00846	0.01559	0.01268	0.01451	0.00996	0.00469	0.00284	0.00099	0.00203	0.00368	0.79766	0.00388
22	0.01091	0.49686	0.19073	0.00969	0.08763	0.01297	0.00910	0.02245	0.00901	0.08398	0.02786	0.00865	0.00666	0.00388	0.00324	0.00105	0.00465	0.00283	0.00217	0.00569
23	0.00498	0.00365	0.00468	0.00551	0.00590	0.00335	0.00372	0.00574	0.00806	0.01056	0.02519	0.74302	0.13554	0.01253	0.00519	0.00163	0.00234	0.01126	0.00381	0.00335
24	0.00795	0.00752	0.01257	0.75975	0.07338	0.00932	0.01136	0.01058	0.00818	0.01063	0.00723	0.01081	0.00553	0.00422	0.00454	0.00138	0.04491	0.00365	0.00183	0.00467
25	0.00590	0.00427	0.00594	0.00594	0.00644	0.00477	0.00431	0.00691	0.00640	0.00904	0.01160	0.01946	0.01171	0.28705	0.58519	0.00578	0.00882	0.00489	0.00229	0.00330
26	0.00990	0.53152	0.33882	0.00885	0.01336	0.01362	0.01020	0.01257	0.00847	0.01096	0.00635	0.00740	0.00524	0.00366	0.00313	0.00104	0.00504	0.00252	0.00175	0.00558
27	0.00898	0.00839	0.01382	0.05756	0.60820	0.00836	0.01051	0.01124	0.00960	0.01347	0.12002	0.01563	0.08662	0.00493	0.00424	0.00125	0.00425	0.00462	0.00252	0.00578
28	0.00938	0.01320	0.22463	0.01432	0.01867	0.01005	0.47621	0.01438	0.13369	0.01373	0.00934	0.01107	0.00693	0.00388	0.00447	0.00135	0.00607	0.00431	0.00232	0.02198
29	0.00494	0.00418	0.00438	0.00438	0.00571	0.00362	0.00330	0.00602	0.00910	0.01094	0.03876	0.03735	0.75294	0.01228	0.08190	0.00187	0.00290	0.00827	0.00366	0.00348
30	0.01097	0.85821	0.02151	0.00702	0.01054	0.01624	0.00702	0.01229	0.00834	0.00966	0.00571	0.00658	0.00527	0.00351	0.00263	0.00088	0.00439	0.00219	0.00176	0.00527
31	0.00530	0.00368	0.00476	0.00542	0.00573	0.00345	0.00361	0.00579	0.00770	0.01018	0.04846	0.60404	0.09013	0.09441	0.00768	0.08040	0.00260	0.01001	0.00352	0.00314
32	0.02695	0.03594	0.10164	0.03533	0.33968	0.31012	0.01052	0.04494	0.03380	0.01266	0.00743	0.00901	0.00603	0.00400	0.00386	0.00117	0.00583	0.00319	0.00217	0.00573
33	0.01119	0.00993	0.00985	0.00903	0.03293	0.08810	0.00684	0.05887	0.66216	0.04120	0.01515	0.01413	0.01135	0.00535	0.00412	0.00134	0.00375	0.00437	0.00395	0.00637
34	0.00581	0.00420	0.00549	0.00516	0.00613	0.00387	0.00387	0.00775	0.01162	0.01646	0.82797	0.03066	0.03873	0.00839	0.00484	0.00129	0.00194	0.00742	0.00452	0.00387
35	0.01144	0.73347	0.04182	0.00758	0.01099	0.11673	0.00735	0.01281	0.00875	0.00979	0.00583	0.00674	0.00527	0.00361	0.00280	0.00091	0.00480	0.00227	0.00180	0.00523
36	0.00500	0.00357	0.00476	0.00572	0.00595	0.00333	0.00381	0.00572	0.00786	0.01048	0.02262	0.85306	0.02715	0.01286	0.00524	0.00167	0.00238	0.01167	0.00381	0.00333
37	0.01036	0.01013	0.01647	0.02463	0.79832	0.04203	0.01242	0.01275	0.00944	0.01328	0.00767	0.01005	0.00645	0.00368	0.00405	0.00121	0.00497	0.00362	0.00204	0.00643
38	0.01016	0.00975	0.01666	0.02520	0.83013	0.00975	0.01260	0.01260	0.00935	0.01341	0.00772	0.01016	0.00650	0.00366	0.00406	0.00122	0.00488	0.00366	0.00203	0.00650
39	0.00507	0.00362	0.00484	0.00579	0.00606	0.00339	0.00393	0.00584	0.00793	0.01056	0.02259	0.81841	0.02700	0.01279	0.00526	0.00168	0.00244	0.04563	0.00381	0.00335
40	0.01066	0.00991	0.01626	0.02374	0.75468	0.01003	0.01216	0.08680	0.01027	0.01456	0.00792	0.01013	0.00655	0.00377	0.00407	0.00122	0.00484	0.00366	0.00222	0.00655
41	0.00581	0.00420	0.00549	0.00516	0.00613	0.00387	0.00387	0.00775	0.01162	0.01646	0.82797	0.03066	0.03873	0.00839	0.00484	0.00129	0.00194	0.00742	0.00452	0.00387
42	0.00797	0.00752	0.01270	0.77218	0.10027	0.00918	0.01151	0.01068	0.00831	0.01075	0.00733	0.01087	0.00556	0.00406	0.00410	0.00135	0.00542	0.00365	0.00184	0.00473
43	0.01085	0.81900	0.05959	0.00724	0.01087	0.01593	0.00741	0.01232	0.00836	0.00981	0.00578	0.00668	0.00526	0.00353	0.00269	0.00090	0.00447	0.00223	0.00175	0.00531
44	0.00500	0.00357	0.00476	0.00572	0.00595	0.00333	0.00381	0.00572	0.00786	0.01048	0.02262	0.85306	0.02715	0.01286	0.00524	0.00167	0.00238	0.01167	0.00381	0.00333
45	0.00972	0.00931	0.01587	0.17465	0.68411	0.00964	0.01238	0.01221	0.00914	0.01288	0.00764	0.01030	0.00631	0.00374	0.00407	0.00125	0.00498	0.00366	0.00199	0.00615
46	0.01007	0.00967	0.01651	0.05416	0.80184	0.00973	0.01256	0.01252	0.00931	0.01331	0.00771	0.01019	0.00647	0.00367	0.00407	0.00122	0.00490	0.00366	0.00202	0.00643
47	0.00488	0.00416	0.00419	0.00418	0.00556	0.00348	0.00314	0.00594	0.00941	0.01122	0.06132	0.03928	0.80865	0.01035	0.00485	0.00138	0.00208	0.00863	0.00383	0.00348
48	0.00499	0.00362	0.00471	0.00558	0.00592	0.00335	0.00375	0.00573	0.00799	0.01053	0.02430	0.78110	0.09803	0.01264	0.00521	0.00164	0.00235	0.01140	0.00381	0.00335
49	0.01523	0.05296	0.01228	0.01006	0.01261	0.53529	0.00785	0.27623	0.01398	0.01517	0.00746	0.00816	0.00584	0.00443	0.00379	0.00111	0.00634	0.00297	0.00275	0.00550
50	0.01149	0.69453	0.02975	0.00762	0.01092	0.12720	0.00722	0.01330	0.04694	0.01010	0.00633	0.00713	0.00561	0.00371	0.00287	0.00093	0.00476	0.00238	0.00192	0.00527
51	0.00693	0.00357	0.00529	0.00538	0.00540	0.00354	0.00359	0.00538	0.00558	0.00744	0.00856	0.09008	0.00898	0.01413	0.01505	0.79944	0.00346	0.00431	0.00197	0.00193
52	0.24511	0.51944	0.12476	0.00721	0.01079	0.01347	0.00741	0.01232	0.00802	0.01245	0.00593	0.00688	0.00504	0.00364	0.00278	0.00104	0.00429	0.00231	0.00196	0.00515
53	0.00899	0.03419	0.72733	0.01153	0.01726	0.00996	0.03170	0.08716	0.00966	0.01413	0.00759	0.00879	0.00539	0.00398	0.00392	0.00129	0.00591	0.00312	0.00196	0.00613
54	0.01811	0.17359	0.17358	0.00830	0.01139	0.06598	0.00793	0.07282	0.22808	0.01471	0.13558	0.01469	0.04775	0.00533	0.00390	0.00122	0.00414	0.00423	0.00311	0.00555
55	0.00765	0.00383	0.00383	0.00383	0.00478	0.00383	0.00287	0.00956	0.00861	0.01530	0.01339	0.01530	0.01052	0.00478	0.00287	0.00096	0.00191	0.00383	0.87853	0.00383
56	0.01063	0.39988	0.27073	0.00978	0.03348	0.01296	0.05348	0.10049	0.03773	0.02501	0.00739	0.00832	0.00584	0.00388	0.00341	0.00111	0.00502	0.00291	0.00216	0.00581
57	0.78307	0.08641	0.00755	0.00559	0.00824	0.00978	0.00472	0.01228	0.00723	0.03736	0.00597	0.00684	0.00466	0.00381	0.00259	0.00123	0.00330	0.00227	0.00253	0.00458
58	0.00765	0.00383	0.00383	0.00383	0.00478	0.00383	0.00287	0.00956	0.00861	0.01530	0.01339	0.01530	0.01052	0.00478	0.00287	0.00096	0.00191	0.00383	0.87853	0.00383
59	0.00495	0.00403	0.00439	0.00458	0.00568	0.00346	0.00333	0.00598	0.00918	0.01133	0.09319	0.22332	0.59066	0.01081	0.00494	0.00144	0.00214	0.00926	0.00386	0.00346
60	0.00823	0.02123	0.83447	0.01170	0.01777	0.00953	0.01517	0.01300	0.00867	0.01300	0.00737	0.00867	0.00520	0.00390	0.00390	0.00130	0.00607	0.00303	0.00173	0.00607
61	0.01016	0.00975	0.01666	0.02520	0.83013	0.00975	0.01260	0.01260	0.00935	0.01341	0.00772	0.01016	0.00650	0.00366	0.00406	0.00122	0.00488	0.00366	0.00203	0.00650
62	0.03335	0.00939	0.01012	0.02875	0.01155	0.01050	0.00685	0.26811	0.45875	0.05776	0.01422	0.01346	0.02410	0.00528	0.00409	0.00131	0.00368	0.00425	0.00405	0.03043
63	0.01044	0.69361	0.18139	0.00794	0.01196	0.01492	0.00863	0.01243	0.00840	0.01031	0.00603	0.00699	0.00525	0.00359	0.00288	0.00096	0.00472	0.00236	0.00175	0.00542
64	0.00588	0.00413	0.00516	0.00516	0.00547	0.00434	0.00339	0.00642	0.00634	0.00863	0.01363	0.02390	0.05149	0.54266	0.29151	0.00473	0.00622	0.00557	0.00245	0.00292
65	0.00486	0.00413	0.00419	0.00423	0.00556	0.00346	0.00315	0.00588	0.00929	0.01106	0.04074	0.07584	0.79268	0.01051	0.00487	0.00140	0.00209	0.00880	0.00381	0.00346
66	0.01019	0.00985	0.01678	0.07672	0.68670	0.02614	0.07595	0.01269	0.00938	0.02479	0.00783	0.01028	0.00644	0.00370	0.00412	0.00124	0.00511	0.00374	0.00207	0.00627
67	0.00797	0.00752	0.01271	0.77011	0.10229	0.00918	0.01151	0.01068	0.00831	0.01076	0.00734	0.01087	0.00557	0.00406	0.00410	0.00135	0.00542	0.00365	0.00184	0.00474
68	0.00489	0.00416	0.00422	0.00420	0.00557	0.00348	0.00315	0.00597	0.00945	0.01132	0.07536	0.03912	0.79455	0.01031	0.00485	0.00138	0.00207	0.00861	0.00384	0.00348
69	0.00899	0.02042	0.71199	0.01160	0.01713	0.08617	0.03126	0.01363	0.03780	0.01288	0.00762	0.00884	0.00549	0.00398	0.00391	0.00128	0.00611	0.00309	0.00186	0.00595
70	0.00873	0.02058	0.77921	0.01155	0.01743	0.00975	0.01467	0.06701	0.00938	0.01386	0.00753	0.00875	0.00532	0.00397	0.00391	0.00130	0.00596	0.00308	0.00189	0.00613
71	0.00503	0.00359	0.00479	0.00575	0.00599	0.00336	0.00386	0.00576	0.00788	0.01051	0.02261	0.84015	0.02709	0.01284	0.00525	0.00167	0.00240	0.02432	0.00381	0.00334
72	0.01003	0.00958	0.01631	0.02457	0.80103	0.00958	0.01239	0.01245	0.00935	0.01337	0.00822	0.01144	0.00711	0.00393	0.00412	0.00124	0.00484	0.03196	0.00209	0.00641
73	0.00905	0.00768	0.00901	0.00673	0.02264	0.00623	0.00530	0.06783	0.00924	0.01418	0.00744	0.00864	0.00613	0.00329	0.00339	0.00069	0.02429	0.00257	0.00253	0.78313
74	0.00963	0.00908	0.01531	0.06911	0.58997	0.00914	0.06780	0.04632	0.00985	0.01379	0.05978	0.02499	0.04791	0.00447	0.00422	0.00126	0.00469	0.00433	0.00237	0.00599
75	0.00723	0.00573	0.00796	0.00743	0.00826	0.00692	0.00588	0.08237	0.00771	0.01105	0.01010	0.01478	0.00936	0.04847	0.61485	0.00531	0.13596	0.00426	0.00232	0.00406
76	0.00975	0.00822	0.08456	0.00780	0.01003	0.00743	0.01723	0.15757	0.15189	0.09007	0.15363	0.11161	0.02760	0.02510	0.01919	0.00156	0.00369	0.10389	0.00389	0.00529
77	0.07314	0.01042	0.12124	0.14193	0.18837	0.02964	0.00959	0.11437	0.01836	0.01385	0.00804	0.01121	0.00680	0.08340	0.01878	0.00163	0.10195	0.00363	0.00232	0.04133

[dist]
# distance from previous block
# <min> <max>
0	8

# created by:
# /st0/software/busco_prod/Augustus/scripts/msa2prfl.pl ./align_prep/123925.fa
