[name]
unknown

[dist]
# distance from previous block
# <min> <max>
0	277

[block]
# block no. 0 follows, 66 sequences, length 30
# corresponding to MSA columns:
# 289-318
name=unknown_A
#
# <colnr> <probs for GDERKNQSTAVLIFYWHMCP>
#	G	D	E	R	K	N	Q	S	T	A	V	L	I	F	Y	W	H	M	C	P
0	0.00734	0.00629	0.07532	0.00678	0.00828	0.00521	0.00574	0.06957	0.00965	0.06456	0.07818	0.33076	0.10614	0.00974	0.00504	0.00153	0.01929	0.16593	0.00368	0.02098
1	0.74265	0.00922	0.07554	0.00618	0.00904	0.00941	0.00554	0.07722	0.00803	0.01835	0.00612	0.00701	0.00466	0.00386	0.00275	0.00125	0.00348	0.00238	0.00257	0.00473
2	0.05024	0.00750	0.00853	0.00624	0.00970	0.00614	0.00502	0.07770	0.00934	0.03783	0.00844	0.00935	0.02656	0.00343	0.00314	0.00072	0.00312	0.00270	0.00265	0.72163
3	0.00970	0.15583	0.05292	0.27092	0.12913	0.09153	0.07006	0.03554	0.00928	0.03156	0.03710	0.03437	0.03552	0.00453	0.00401	0.00122	0.01563	0.00385	0.00222	0.00509
4	0.00916	0.10990	0.24600	0.00892	0.04038	0.01806	0.04047	0.04286	0.01919	0.03664	0.02193	0.01044	0.04498	0.00393	0.00351	0.00098	0.00428	0.00317	0.00236	0.33282
5	0.45360	0.10638	0.03122	0.03707	0.07865	0.15977	0.00659	0.02339	0.00854	0.05322	0.00656	0.00757	0.00515	0.00388	0.00303	0.00117	0.00435	0.00256	0.00240	0.00490
6	0.01940	0.00514	0.03400	0.00544	0.00688	0.00432	0.00431	0.00838	0.02292	0.03779	0.56737	0.06597	0.10042	0.02136	0.00481	0.00129	0.00229	0.00685	0.00406	0.07702
7	0.01167	0.04063	0.08272	0.00913	0.02382	0.12722	0.00764	0.22041	0.32277	0.01734	0.07263	0.01277	0.01086	0.00515	0.00415	0.00126	0.01632	0.00403	0.00349	0.00600
8	0.00580	0.00435	0.00652	0.00652	0.00724	0.00507	0.00507	0.00724	0.00652	0.00942	0.01087	0.01594	0.01014	0.03043	0.84134	0.00652	0.01087	0.00435	0.00217	0.00362
9	0.00841	0.00721	0.00841	0.00601	0.00961	0.00541	0.00481	0.01022	0.00841	0.01322	0.00721	0.00841	0.00601	0.00300	0.00300	0.00060	0.00300	0.00240	0.00240	0.88222
10	0.00497	0.00389	0.00451	0.00494	0.00579	0.00343	0.00354	0.00593	0.00872	0.01098	0.06724	0.38694	0.42204	0.01126	0.00499	0.00150	0.00224	0.03990	0.00380	0.00340
11	0.00979	0.00945	0.02596	0.13478	0.27164	0.02409	0.16693	0.09850	0.07104	0.01422	0.04948	0.01284	0.03265	0.00461	0.00470	0.00131	0.04538	0.01442	0.00254	0.00564
12	0.00574	0.00418	0.00542	0.00519	0.00617	0.00386	0.00395	0.00760	0.01123	0.01573	0.73759	0.03172	0.08154	0.00858	0.00483	0.00132	0.00203	0.05515	0.00438	0.00380
13	0.00823	0.00770	0.01326	0.01132	0.07192	0.01784	0.29132	0.05649	0.02385	0.02405	0.09284	0.16911	0.07816	0.07744	0.00635	0.00161	0.03452	0.00641	0.00294	0.00465
14	0.00580	0.00435	0.00652	0.00652	0.00724	0.00507	0.00507	0.00724	0.00652	0.00942	0.01087	0.01594	0.01014	0.03043	0.84134	0.00652	0.01087	0.00435	0.00217	0.00362
15	0.00756	0.00378	0.00378	0.00378	0.00473	0.00378	0.00284	0.00945	0.00851	0.01513	0.01324	0.01513	0.01040	0.00473	0.00284	0.00095	0.00189	0.00378	0.87994	0.00378
16	0.88607	0.00785	0.00596	0.00534	0.00785	0.00910	0.00439	0.01193	0.00690	0.01820	0.00565	0.00659	0.00439	0.00377	0.00251	0.00126	0.00314	0.00220	0.00251	0.00439
17	0.01448	0.01821	0.01160	0.01047	0.01234	0.75159	0.00795	0.01551	0.01093	0.00991	0.00617	0.00748	0.00524	0.00450	0.00470	0.00112	0.09837	0.00271	0.00206	0.00467
18	0.00756	0.00378	0.00378	0.00378	0.00473	0.00378	0.00284	0.00945	0.00851	0.01513	0.01324	0.01513	0.01040	0.00473	0.00284	0.00095	0.00189	0.00378	0.87994	0.00378
19	0.01422	0.01077	0.01150	0.00909	0.01212	0.01202	0.00742	0.63914	0.20047	0.02363	0.01127	0.01096	0.00813	0.00501	0.00407	0.00125	0.00418	0.00386	0.00407	0.00679
20	0.00568	0.00406	0.00555	0.00649	0.00705	0.00393	0.00504	0.00692	0.00849	0.01118	0.02196	0.48238	0.02523	0.01202	0.00537	0.00175	0.00299	0.37668	0.00375	0.00350
21	0.00841	0.00721	0.00841	0.00601	0.00961	0.00541	0.00481	0.01022	0.00841	0.01322	0.00721	0.00841	0.00601	0.00300	0.00300	0.00060	0.00300	0.00240	0.00240	0.88222
22	0.00542	0.00450	0.00486	0.00474	0.00615	0.00391	0.00352	0.00700	0.04724	0.01163	0.07708	0.15131	0.56613	0.00969	0.00467	0.00134	0.00222	0.00822	0.00371	0.07667
23	0.00814	0.02099	0.83640	0.01156	0.01756	0.00942	0.01499	0.01285	0.00857	0.01285	0.00728	0.00857	0.00514	0.00385	0.00385	0.00128	0.00600	0.00300	0.00171	0.00600
24	0.00580	0.00435	0.00652	0.00652	0.00724	0.00507	0.00507	0.00724	0.00652	0.00942	0.01087	0.01594	0.01014	0.03043	0.84134	0.00652	0.01087	0.00435	0.00217	0.00362
25	0.00756	0.00378	0.00378	0.00378	0.00473	0.00378	0.00284	0.00945	0.00851	0.01513	0.01324	0.01513	0.01040	0.00473	0.00284	0.00095	0.00189	0.00378	0.87994	0.00378
26	0.00836	0.09076	0.76859	0.01118	0.01697	0.00997	0.01432	0.01279	0.00854	0.01257	0.00714	0.00839	0.00514	0.00382	0.00375	0.00125	0.00586	0.00293	0.00171	0.00593
27	0.00607	0.00472	0.00648	0.00643	0.00709	0.02399	0.00489	0.00733	0.00655	0.00925	0.01090	0.01690	0.01050	0.12898	0.70897	0.00600	0.02476	0.00448	0.00220	0.00352
28	0.00724	0.00576	0.00755	0.00719	0.00815	0.03090	0.00568	0.07553	0.02869	0.01106	0.01084	0.01601	0.01003	0.02414	0.61466	0.02651	0.06203	0.04162	0.00242	0.00401
29	0.00903	0.00767	0.00918	0.00661	0.01020	0.00615	0.02903	0.07754	0.00933	0.01424	0.00745	0.00860	0.00609	0.00317	0.00314	0.00067	0.00324	0.00258	0.00253	0.78354

[dist]
# distance from previous block
# <min> <max>
0	2

[block]
# block no. 1 follows, 66 sequences, length 23
# corresponding to MSA columns:
# 321-343
name=unknown_B
#
# <colnr> <probs for GDERKNQSTAVLIFYWHMCP>
#	G	D	E	R	K	N	Q	S	T	A	V	L	I	F	Y	W	H	M	C	P
0	0.00886	0.24457	0.61914	0.01033	0.01565	0.01119	0.01284	0.01266	0.00848	0.01197	0.00684	0.00802	0.00516	0.00375	0.00352	0.00117	0.00555	0.00278	0.00172	0.00579
1	0.00682	0.00505	0.00709	0.00681	0.00764	0.00590	0.00528	0.00886	0.06621	0.04229	0.01123	0.01608	0.01030	0.08664	0.62935	0.00542	0.06828	0.00441	0.00242	0.00393
2	0.00929	0.33147	0.46241	0.00973	0.01452	0.01166	0.03664	0.01251	0.00851	0.02500	0.00716	0.02573	0.00575	0.00389	0.00344	0.00113	0.00524	0.00293	0.00184	0.02117
3	0.00987	0.00946	0.01615	0.08479	0.77358	0.00959	0.01237	0.01230	0.00916	0.01304	0.00760	0.01010	0.00635	0.00365	0.00402	0.00122	0.00486	0.00361	0.00199	0.00629
4	0.00756	0.00378	0.00378	0.00378	0.00473	0.00378	0.00284	0.00945	0.00851	0.01513	0.01324	0.01513	0.01040	0.00473	0.00284	0.00095	0.00189	0.00378	0.87994	0.00378
5	0.00977	0.00936	0.01597	0.11933	0.73982	0.00957	0.01232	0.01221	0.00911	0.01292	0.00758	0.01013	0.00631	0.00367	0.00402	0.00122	0.00489	0.00361	0.00198	0.00621
6	0.01049	0.03043	0.17122	0.01342	0.05974	0.00907	0.37814	0.01367	0.02672	0.15094	0.01092	0.04072	0.03445	0.00446	0.00462	0.00133	0.02678	0.00453	0.00263	0.00571
7	0.00705	0.00352	0.00529	0.00529	0.00529	0.00352	0.00352	0.00529	0.00529	0.00705	0.00705	0.01233	0.00705	0.01409	0.01586	0.88196	0.00352	0.00352	0.00176	0.00176
8	0.00494	0.00353	0.00471	0.00565	0.00588	0.00330	0.00377	0.00565	0.00777	0.01036	0.02236	0.85477	0.02683	0.01271	0.00518	0.00165	0.00235	0.01153	0.00377	0.00330
9	0.00814	0.02099	0.83640	0.01156	0.01756	0.00942	0.01499	0.01285	0.00857	0.01285	0.00728	0.00857	0.00514	0.00385	0.00385	0.00128	0.00600	0.00300	0.00171	0.00600
10	0.00918	0.00870	0.01452	0.27183	0.53073	0.00929	0.01159	0.01203	0.04421	0.01246	0.00830	0.03420	0.00695	0.00409	0.00407	0.00127	0.00486	0.00388	0.00209	0.00576
11	0.01307	0.01592	0.01099	0.00996	0.01153	0.61263	0.00759	0.01409	0.01006	0.00979	0.00672	0.00891	0.00596	0.03371	0.07792	0.00172	0.13984	0.00301	0.00206	0.00450
12	0.00517	0.00371	0.00489	0.00575	0.00611	0.00349	0.00402	0.00600	0.00795	0.01050	0.02274	0.68717	0.06275	0.04558	0.00582	0.00175	0.00257	0.10699	0.00371	0.00332
13	0.00841	0.00721	0.00841	0.00601	0.00961	0.00541	0.00481	0.01022	0.00841	0.01322	0.00721	0.00841	0.00601	0.00300	0.00300	0.00060	0.00300	0.00240	0.00240	0.88222
14	0.04965	0.19688	0.09514	0.00863	0.02472	0.05550	0.00764	0.18461	0.24229	0.05411	0.02404	0.01109	0.01924	0.00467	0.00367	0.00119	0.00421	0.00355	0.00318	0.00598
15	0.00835	0.07659	0.76241	0.01139	0.01717	0.00988	0.03392	0.01281	0.00857	0.01263	0.00719	0.00849	0.00517	0.00382	0.00379	0.00126	0.00591	0.00299	0.00172	0.00593
16	0.00590	0.00393	0.00442	0.00442	0.00442	0.00393	0.00246	0.00590	0.00590	0.00787	0.01278	0.02655	0.01475	0.85742	0.02065	0.00393	0.00393	0.00590	0.00246	0.00246
17	0.00967	0.05620	0.61469	0.01168	0.05173	0.07012	0.03471	0.02849	0.00921	0.06541	0.00778	0.00887	0.00558	0.00393	0.00383	0.00124	0.00580	0.00309	0.00202	0.00595
18	0.00927	0.00892	0.01542	0.28542	0.54312	0.00947	0.04587	0.01181	0.00890	0.01233	0.00752	0.01033	0.00609	0.00375	0.00406	0.00126	0.00509	0.00366	0.00194	0.00578
19	0.00566	0.00423	0.00525	0.00535	0.00625	0.00397	0.00398	0.00746	0.04184	0.01342	0.38422	0.20025	0.17673	0.04278	0.00553	0.00153	0.00233	0.08150	0.00404	0.00369
20	0.00940	0.02654	0.01310	0.02982	0.51584	0.03415	0.00977	0.01153	0.00965	0.04886	0.12816	0.04915	0.01342	0.00541	0.00428	0.00128	0.00422	0.07710	0.00271	0.00560
21	0.06421	0.00528	0.00654	0.00768	0.10533	0.00517	0.00495	0.00864	0.08143	0.01274	0.12299	0.26731	0.25856	0.00911	0.00462	0.00142	0.00266	0.02363	0.00359	0.00413
22	0.11926	0.11783	0.12951	0.00819	0.06170	0.05377	0.00693	0.01176	0.06875	0.05397	0.11168	0.12424	0.02829	0.00598	0.00381	0.00125	0.00371	0.01771	0.06679	0.00486

[dist]
# distance from previous block
# <min> <max>
4	30

[block]
# block no. 2 follows, 66 sequences, length 20
# corresponding to MSA columns:
# 374-393
name=unknown_C
#
# <colnr> <probs for GDERKNQSTAVLIFYWHMCP>
#	G	D	E	R	K	N	Q	S	T	A	V	L	I	F	Y	W	H	M	C	P
0	0.44970	0.03055	0.10450	0.00696	0.00993	0.02321	0.01959	0.01414	0.08942	0.15446	0.04249	0.01043	0.02053	0.00444	0.00328	0.00126	0.00363	0.00320	0.00307	0.00521
1	0.04026	0.22744	0.44055	0.00950	0.01409	0.01100	0.01092	0.03408	0.09872	0.06473	0.00844	0.00907	0.00628	0.00404	0.00355	0.00119	0.00498	0.00302	0.00228	0.00587
2	0.06475	0.43684	0.37922	0.00888	0.01340	0.01270	0.01033	0.01244	0.00830	0.01154	0.00636	0.00742	0.00513	0.00366	0.00315	0.00108	0.00499	0.00254	0.00177	0.00550
3	0.00915	0.16960	0.64799	0.01051	0.01591	0.01042	0.01308	0.01309	0.00867	0.05529	0.00745	0.00847	0.00541	0.00385	0.00364	0.00121	0.00557	0.00291	0.00189	0.00590
4	0.01004	0.00964	0.01647	0.02490	0.83211	0.00964	0.01245	0.01245	0.00924	0.01325	0.00763	0.01004	0.00643	0.00361	0.00402	0.00120	0.00482	0.00361	0.00201	0.00643
5	0.00983	0.00942	0.01608	0.09951	0.75919	0.00958	0.01234	0.01226	0.00914	0.01299	0.00759	0.01011	0.00633	0.00365	0.00402	0.00122	0.00487	0.00361	0.00199	0.00625
6	0.00770	0.00721	0.01197	0.80361	0.02698	0.00883	0.01093	0.01036	0.00813	0.01052	0.00721	0.01069	0.00544	0.00400	0.00400	0.00131	0.00528	0.00354	0.00183	0.05044
7	0.00958	0.01094	0.02394	0.01710	0.02120	0.01026	0.81737	0.01300	0.00958	0.01300	0.00821	0.01094	0.00616	0.00342	0.00479	0.00137	0.00684	0.00479	0.00205	0.00547
8	0.01004	0.00964	0.01647	0.02490	0.83211	0.00964	0.01245	0.01245	0.00924	0.01325	0.00763	0.01004	0.00643	0.00361	0.00402	0.00120	0.00482	0.00361	0.00201	0.00643
9	0.00766	0.00721	0.01217	0.84767	0.02794	0.00901	0.01127	0.01037	0.00811	0.01037	0.00721	0.01082	0.00541	0.00406	0.00406	0.00135	0.00541	0.00361	0.00180	0.00451
10	0.88607	0.00785	0.00596	0.00534	0.00785	0.00910	0.00439	0.01193	0.00690	0.01820	0.00565	0.00659	0.00439	0.00377	0.00251	0.00126	0.00314	0.00220	0.00251	0.00439
11	0.88607	0.00785	0.00596	0.00534	0.00785	0.00910	0.00439	0.01193	0.00690	0.01820	0.00565	0.00659	0.00439	0.00377	0.00251	0.00126	0.00314	0.00220	0.00251	0.00439
12	0.01004	0.00964	0.01647	0.02490	0.83211	0.00964	0.01245	0.01245	0.00924	0.01325	0.00763	0.01004	0.00643	0.00361	0.00402	0.00120	0.00482	0.00361	0.00201	0.00643
13	0.88607	0.00785	0.00596	0.00534	0.00785	0.00910	0.00439	0.01193	0.00690	0.01820	0.00565	0.00659	0.00439	0.00377	0.00251	0.00126	0.00314	0.00220	0.00251	0.00439
14	0.00601	0.00438	0.00586	0.00654	0.00742	0.00423	0.00541	0.00762	0.00935	0.01223	0.11921	0.16079	0.11974	0.01097	0.00535	0.00171	0.00312	0.50258	0.00383	0.00365
15	0.05392	0.00430	0.00531	0.00582	0.00663	0.00417	0.00440	0.00727	0.02714	0.01225	0.13733	0.38419	0.13225	0.01078	0.00500	0.00158	0.00262	0.18762	0.00380	0.00362
16	0.05802	0.00938	0.01561	0.07682	0.73502	0.00957	0.01193	0.01229	0.00904	0.01334	0.00750	0.00990	0.00625	0.00365	0.00394	0.00122	0.00477	0.00354	0.00202	0.00619
17	0.01267	0.00780	0.00899	0.00746	0.01002	0.00806	0.00597	0.14494	0.29494	0.27452	0.06982	0.01698	0.09009	0.00583	0.00418	0.00129	0.00329	0.00479	0.00435	0.02400
18	0.01000	0.00977	0.01583	0.10865	0.71742	0.04232	0.01215	0.01239	0.00921	0.01283	0.00753	0.01001	0.00627	0.00368	0.00401	0.00121	0.00498	0.00357	0.00199	0.00616
19	0.01004	0.00926	0.01572	0.12129	0.70884	0.00944	0.01209	0.01246	0.00919	0.04138	0.00787	0.01026	0.00643	0.00372	0.00402	0.00122	0.00484	0.00363	0.00209	0.00622

[dist]
# distance from previous block
# <min> <max>
3	6

[block]
# block no. 3 follows, 66 sequences, length 79
# corresponding to MSA columns:
# 400-478
name=unknown_D
#
# <colnr> <probs for GDERKNQSTAVLIFYWHMCP>
#	G	D	E	R	K	N	Q	S	T	A	V	L	I	F	Y	W	H	M	C	P
0	0.25557	0.00574	0.00641	0.00622	0.04114	0.00584	0.00456	0.01033	0.02505	0.09268	0.42391	0.03963	0.05466	0.00664	0.00404	0.00128	0.00256	0.00552	0.00382	0.00440
1	0.00948	0.02678	0.02541	0.00683	0.01036	0.03383	0.03255	0.01170	0.03878	0.07184	0.00815	0.00905	0.00648	0.00332	0.00321	0.00074	0.00340	0.00270	0.00260	0.69279
2	0.00966	0.00925	0.01578	0.15705	0.70295	0.00954	0.01226	0.01212	0.00906	0.01279	0.00756	0.01017	0.00626	0.00369	0.00402	0.00123	0.00491	0.00361	0.00198	0.00612
3	0.00772	0.00744	0.01354	0.15944	0.15121	0.00751	0.23731	0.01013	0.03154	0.01177	0.01309	0.30422	0.01343	0.00685	0.00465	0.00144	0.00459	0.00673	0.00266	0.00473
4	0.00548	0.00414	0.00506	0.00483	0.00590	0.00372	0.00362	0.00714	0.01086	0.01479	0.61000	0.03274	0.25917	0.00885	0.00479	0.00130	0.00195	0.00768	0.00427	0.00372
5	0.00912	0.00737	0.01003	0.00831	0.01046	0.00786	0.15383	0.03434	0.35357	0.01571	0.03277	0.01460	0.01103	0.00524	0.01492	0.00129	0.00354	0.00439	0.29634	0.00528
6	0.00550	0.00404	0.00515	0.00509	0.00596	0.00369	0.00373	0.00710	0.01058	0.01464	0.59997	0.17453	0.12636	0.00929	0.00485	0.00135	0.00201	0.00821	0.00427	0.00369
7	0.01463	0.01066	0.01153	0.00895	0.01190	0.01176	0.00731	0.74427	0.01783	0.02389	0.00961	0.01026	0.00707	0.02255	0.00523	0.06417	0.00439	0.00369	0.00386	0.00644
8	0.00766	0.00721	0.01217	0.84767	0.02794	0.00901	0.01127	0.01037	0.00811	0.01037	0.00721	0.01082	0.00541	0.00406	0.00406	0.00135	0.00541	0.00361	0.00180	0.00451
9	0.01791	0.00716	0.00954	0.00734	0.01047	0.00636	0.00606	0.05835	0.02821	0.77953	0.01571	0.01364	0.00994	0.00502	0.00408	0.00126	0.00350	0.00407	0.00496	0.00689
10	0.00999	0.00716	0.00857	0.00620	0.00973	0.00550	0.00499	0.01175	0.00893	0.14547	0.00863	0.00928	0.00666	0.00333	0.00318	0.00071	0.00308	0.00267	0.00283	0.74134
11	0.00766	0.00721	0.01217	0.84767	0.02794	0.00901	0.01127	0.01037	0.00811	0.01037	0.00721	0.01082	0.00541	0.00406	0.00406	0.00135	0.00541	0.00361	0.00180	0.00451
12	0.88607	0.00785	0.00596	0.00534	0.00785	0.00910	0.00439	0.01193	0.00690	0.01820	0.00565	0.00659	0.00439	0.00377	0.00251	0.00126	0.00314	0.00220	0.00251	0.00439
13	0.00987	0.00947	0.01616	0.08366	0.77467	0.00960	0.01237	0.01230	0.00916	0.01305	0.00760	0.01010	0.00635	0.00365	0.00402	0.00122	0.00486	0.00361	0.00199	0.00629
14	0.00983	0.00942	0.01608	0.09921	0.75948	0.00958	0.01234	0.01226	0.00914	0.01299	0.00759	0.01011	0.00633	0.00365	0.00402	0.00122	0.00487	0.00361	0.00199	0.00625
15	0.01004	0.00964	0.01647	0.02490	0.83211	0.00964	0.01245	0.01245	0.00924	0.01325	0.00763	0.01004	0.00643	0.00361	0.00402	0.00120	0.00482	0.00361	0.00201	0.00643
16	0.01522	0.01120	0.01201	0.00923	0.01240	0.01239	0.00760	0.80086	0.01879	0.02518	0.00981	0.01011	0.00707	0.02346	0.00442	0.00128	0.00445	0.00370	0.00402	0.00680
17	0.00574	0.00415	0.00542	0.00510	0.00606	0.00383	0.00383	0.00766	0.01148	0.01627	0.82997	0.03031	0.03828	0.00829	0.00479	0.00128	0.00191	0.00734	0.00447	0.00383
18	0.01009	0.00872	0.00917	0.00826	0.01055	0.01009	0.00642	0.02156	0.82478	0.01697	0.01651	0.01514	0.01238	0.00550	0.00413	0.00138	0.00321	0.00459	0.00413	0.00642
19	0.00574	0.00415	0.00542	0.00510	0.00606	0.00383	0.00383	0.00766	0.01148	0.01627	0.82997	0.03031	0.03828	0.00829	0.00479	0.00128	0.00191	0.00734	0.00447	0.00383
20	0.00567	0.00414	0.00533	0.00503	0.00602	0.00380	0.00377	0.00753	0.01132	0.01589	0.77363	0.03093	0.09486	0.00844	0.00479	0.00128	0.00192	0.00742	0.00442	0.00380
21	0.01108	0.00916	0.00971	0.00842	0.01088	0.01048	0.00663	0.17922	0.65163	0.01866	0.02872	0.01432	0.01173	0.00543	0.00413	0.00134	0.00344	0.00445	0.00412	0.00647
22	0.88607	0.00785	0.00596	0.00534	0.00785	0.00910	0.00439	0.01193	0.00690	0.01820	0.00565	0.00659	0.00439	0.00377	0.00251	0.00126	0.00314	0.00220	0.00251	0.00439
23	0.00504	0.00360	0.00482	0.00576	0.00604	0.00338	0.00394	0.00582	0.00786	0.01047	0.02231	0.80468	0.02662	0.01262	0.00520	0.00166	0.00244	0.06064	0.00376	0.00332
24	0.01582	0.01097	0.01161	0.00902	0.01212	0.06391	0.00741	0.59988	0.01693	0.17932	0.01064	0.01035	0.00737	0.00490	0.00421	0.00122	0.01987	0.00367	0.00408	0.00672
25	0.02329	0.00939	0.00964	0.00844	0.01087	0.03379	0.00662	0.13962	0.67085	0.01807	0.01507	0.01400	0.01126	0.00535	0.00408	0.00134	0.00351	0.00436	0.00404	0.00642
26	0.00602	0.00393	0.00444	0.00444	0.00453	0.00395	0.00256	0.00619	0.00610	0.00843	0.01276	0.02544	0.01431	0.77329	0.04243	0.00379	0.00398	0.00571	0.06512	0.00259
27	0.05221	0.65230	0.07245	0.00864	0.06957	0.04772	0.00779	0.03009	0.00864	0.01080	0.00600	0.00700	0.00529	0.00358	0.00286	0.00095	0.00455	0.00238	0.00186	0.00532
28	0.00492	0.00411	0.00428	0.00424	0.00556	0.00348	0.00318	0.00606	0.00954	0.01166	0.14458	0.03790	0.72655	0.01002	0.00479	0.00136	0.00204	0.00840	0.00386	0.00348
29	0.01085	0.85986	0.02126	0.00694	0.01041	0.01605	0.00694	0.01215	0.00824	0.00955	0.00564	0.00651	0.00521	0.00347	0.00260	0.00087	0.00434	0.00217	0.00174	0.00521
30	0.00494	0.00353	0.00471	0.00565	0.00588	0.00330	0.00377	0.00565	0.00777	0.01036	0.02236	0.85477	0.02683	0.01271	0.00518	0.00165	0.00235	0.01153	0.00377	0.00330
31	0.00987	0.00947	0.01616	0.08366	0.77467	0.00960	0.01237	0.01230	0.00916	0.01305	0.00760	0.01010	0.00635	0.00365	0.00402	0.00122	0.00486	0.00361	0.00199	0.00629
32	0.00725	0.00465	0.00598	0.00547	0.00669	0.00435	0.00414	0.00952	0.05184	0.10232	0.65799	0.04342	0.04432	0.02787	0.00506	0.00135	0.00220	0.00692	0.00444	0.00423
33	0.01820	0.00690	0.00942	0.00722	0.01036	0.00596	0.00596	0.01977	0.01161	0.83492	0.01601	0.01381	0.01004	0.00502	0.00408	0.00126	0.00345	0.00408	0.00502	0.00690
34	0.01739	0.00752	0.00968	0.00747	0.01055	0.00696	0.00615	0.13638	0.02834	0.68150	0.01503	0.01327	0.00964	0.00500	0.00405	0.00124	0.00356	0.00402	0.02542	0.00682
35	0.01004	0.00964	0.01647	0.02490	0.83211	0.00964	0.01245	0.01245	0.00924	0.01325	0.00763	0.01004	0.00643	0.00361	0.00402	0.00120	0.00482	0.00361	0.00201	0.00643
36	0.00597	0.00399	0.00460	0.00467	0.00476	0.00400	0.00280	0.00617	0.00620	0.00833	0.01338	0.02753	0.01521	0.76747	0.03282	0.00377	0.00400	0.06289	0.01884	0.00259
37	0.00590	0.00393	0.00442	0.00442	0.00442	0.00393	0.00246	0.00590	0.00590	0.00787	0.01278	0.02655	0.01475	0.85742	0.02065	0.00393	0.00393	0.00590	0.00246	0.00246
38	0.84617	0.00780	0.00612	0.00542	0.00796	0.00896	0.00447	0.01229	0.00712	0.05575	0.00613	0.00692	0.00465	0.00382	0.00258	0.00126	0.00315	0.00228	0.00263	0.00451
39	0.01147	0.00945	0.01053	0.00886	0.01146	0.01069	0.03811	0.24166	0.55460	0.01906	0.01421	0.01350	0.01058	0.00572	0.02005	0.00143	0.00384	0.00433	0.00399	0.00646
40	0.00950	0.00907	0.01545	0.18311	0.66146	0.00943	0.01208	0.01195	0.00897	0.01263	0.00761	0.01030	0.00630	0.00421	0.01994	0.00133	0.00505	0.00363	0.00197	0.00600
41	0.00590	0.00393	0.00442	0.00442	0.00442	0.00393	0.00246	0.00590	0.00590	0.00787	0.01278	0.02655	0.01475	0.85742	0.02065	0.00393	0.00393	0.00590	0.00246	0.00246
42	0.01808	0.00711	0.00954	0.00732	0.01046	0.00627	0.00604	0.05650	0.01196	0.79771	0.01572	0.01362	0.00990	0.00501	0.00408	0.00125	0.00350	0.00406	0.00498	0.00690
43	0.00756	0.00378	0.00378	0.00378	0.00473	0.00378	0.00284	0.00945	0.00851	0.01513	0.01324	0.01513	0.01040	0.00473	0.00284	0.00095	0.00189	0.00378	0.87994	0.00378
44	0.88607	0.00785	0.00596	0.00534	0.00785	0.00910	0.00439	0.01193	0.00690	0.01820	0.00565	0.00659	0.00439	0.00377	0.00251	0.00126	0.00314	0.00220	0.00251	0.00439
45	0.01562	0.01105	0.01198	0.00918	0.01242	0.01211	0.00759	0.76153	0.01854	0.08337	0.01019	0.01003	0.00712	0.00488	0.00406	0.00122	0.00439	0.00368	0.00413	0.00690
46	0.01542	0.01136	0.01218	0.00933	0.01258	0.01258	0.00771	0.81858	0.01908	0.02557	0.00974	0.00974	0.00690	0.00487	0.00406	0.00122	0.00446	0.00365	0.00406	0.00690
47	0.00574	0.00415	0.00542	0.00510	0.00606	0.00383	0.00383	0.00766	0.01148	0.01627	0.82997	0.03031	0.03828	0.00829	0.00479	0.00128	0.00191	0.00734	0.00447	0.00383
48	0.01009	0.00872	0.00917	0.00826	0.01055	0.01009	0.00642	0.02156	0.82478	0.01697	0.01651	0.01514	0.01238	0.00550	0.00413	0.00138	0.00321	0.00459	0.00413	0.00642
49	0.88607	0.00785	0.00596	0.00534	0.00785	0.00910	0.00439	0.01193	0.00690	0.01820	0.00565	0.00659	0.00439	0.00377	0.00251	0.00126	0.00314	0.00220	0.00251	0.00439
50	0.01046	0.70614	0.15764	0.00777	0.01164	0.02791	0.00830	0.01233	0.00835	0.01010	0.00593	0.00687	0.00520	0.00355	0.00283	0.00094	0.00466	0.00232	0.00174	0.00533
51	0.01097	0.83625	0.02099	0.00704	0.01047	0.03923	0.00697	0.01226	0.00834	0.00956	0.00566	0.00653	0.00521	0.00349	0.00263	0.00087	0.00442	0.00218	0.00175	0.00519
52	0.00814	0.02099	0.83640	0.01156	0.01756	0.00942	0.01499	0.01285	0.00857	0.01285	0.00728	0.00857	0.00514	0.00385	0.00385	0.00128	0.00600	0.00300	0.00171	0.00600
53	0.00480	0.00411	0.00411	0.00411	0.00548	0.00343	0.00308	0.00582	0.00925	0.01096	0.04110	0.03905	0.83046	0.01028	0.00480	0.00137	0.00206	0.00856	0.00377	0.00343
54	0.00574	0.00415	0.00542	0.00510	0.00606	0.00383	0.00383	0.00766	0.01148	0.01627	0.82997	0.03031	0.03828	0.00829	0.00479	0.00128	0.00191	0.00734	0.00447	0.00383
55	0.00486	0.00411	0.00420	0.00418	0.00552	0.00345	0.00314	0.00595	0.00941	0.01134	0.09744	0.03842	0.77388	0.01013	0.00479	0.00136	0.00204	0.00848	0.00382	0.00345
56	0.00958	0.01094	0.02394	0.01710	0.02120	0.01026	0.81737	0.01300	0.00958	0.01300	0.00821	0.01094	0.00616	0.00342	0.00479	0.00137	0.00684	0.00479	0.00205	0.00547
57	0.88607	0.00785	0.00596	0.00534	0.00785	0.00910	0.00439	0.01193	0.00690	0.01820	0.00565	0.00659	0.00439	0.00377	0.00251	0.00126	0.00314	0.00220	0.00251	0.00439
58	0.01085	0.85986	0.02126	0.00694	0.01041	0.01605	0.00694	0.01215	0.00824	0.00955	0.00564	0.00651	0.00521	0.00347	0.00260	0.00087	0.00434	0.00217	0.00174	0.00521
59	0.00573	0.00415	0.00540	0.00509	0.00605	0.00382	0.00382	0.00762	0.01145	0.01618	0.81625	0.03046	0.05206	0.00833	0.00479	0.00128	0.00192	0.00736	0.00445	0.00382
60	0.01004	0.00964	0.01647	0.02490	0.83211	0.00964	0.01245	0.01245	0.00924	0.01325	0.00763	0.01004	0.00643	0.00361	0.00402	0.00120	0.00482	0.00361	0.00201	0.00643
61	0.01085	0.85986	0.02126	0.00694	0.01041	0.01605	0.00694	0.01215	0.00824	0.00955	0.00564	0.00651	0.00521	0.00347	0.00260	0.00087	0.00434	0.00217	0.00174	0.00521
62	0.01024	0.67320	0.20263	0.00797	0.01200	0.01458	0.00873	0.01230	0.00832	0.01028	0.00601	0.00697	0.00519	0.00356	0.00288	0.00096	0.00471	0.00235	0.00173	0.00538
63	0.00494	0.00353	0.00471	0.00565	0.00588	0.00330	0.00377	0.00565	0.00777	0.01036	0.02236	0.85477	0.02683	0.01271	0.00518	0.00165	0.00235	0.01153	0.00377	0.00330
64	0.00581	0.00395	0.00443	0.00445	0.00456	0.00390	0.00256	0.00591	0.00617	0.00814	0.01492	0.03956	0.07313	0.77349	0.03013	0.00375	0.00387	0.00615	0.00257	0.00256
65	0.01013	0.65536	0.19989	0.00795	0.01191	0.01434	0.00866	0.01219	0.00827	0.01027	0.00612	0.00718	0.00531	0.00419	0.02278	0.00109	0.00486	0.00240	0.00174	0.00534
66	0.00536	0.00407	0.00491	0.00482	0.00583	0.00365	0.00355	0.00684	0.01031	0.01384	0.48341	0.11008	0.29380	0.02512	0.00512	0.00139	0.00204	0.00810	0.00414	0.00362
67	0.00480	0.00411	0.00411	0.00411	0.00548	0.00343	0.00308	0.00582	0.00925	0.01096	0.04110	0.03905	0.83046	0.01028	0.00480	0.00137	0.00206	0.00856	0.00377	0.00343
68	0.00841	0.00721	0.00841	0.00601	0.00961	0.00541	0.00481	0.01022	0.00841	0.01322	0.00721	0.00841	0.00601	0.00300	0.00300	0.00060	0.00300	0.00240	0.00240	0.88222
69	0.00833	0.08026	0.77880	0.01124	0.01705	0.00989	0.01442	0.01280	0.00854	0.01262	0.00716	0.00842	0.00514	0.00383	0.00377	0.00126	0.00588	0.00294	0.00171	0.00594
70	0.01004	0.00964	0.01647	0.02490	0.83211	0.00964	0.01245	0.01245	0.00924	0.01325	0.00763	0.01004	0.00643	0.00361	0.00402	0.00120	0.00482	0.00361	0.00201	0.00643
71	0.00705	0.00352	0.00529	0.00529	0.00529	0.00352	0.00352	0.00529	0.00529	0.00705	0.00705	0.01233	0.00705	0.01409	0.01586	0.88196	0.00352	0.00352	0.00176	0.00176
72	0.00911	0.00719	0.00848	0.00609	0.00967	0.00545	0.00489	0.01089	0.00864	0.07138	0.00783	0.00879	0.00629	0.00315	0.00308	0.00065	0.00304	0.00252	0.00259	0.82026
73	0.00855	0.03626	0.55952	0.01275	0.01799	0.00967	0.23548	0.01287	0.02396	0.01285	0.00847	0.01001	0.02494	0.00391	0.00411	0.00130	0.00605	0.00363	0.00190	0.00578
74	0.00486	0.00411	0.00420	0.00418	0.00552	0.00345	0.00314	0.00595	0.00941	0.01133	0.09679	0.03843	0.77453	0.01014	0.00479	0.00136	0.00205	0.00848	0.00382	0.00345
75	0.01097	0.79242	0.02033	0.02385	0.01071	0.01541	0.00695	0.02775	0.00853	0.02811	0.00611	0.00697	0.00544	0.00357	0.00270	0.00089	0.00430	0.00230	0.01745	0.00524
76	0.00833	0.03030	0.66016	0.01048	0.01576	0.00885	0.01291	0.01278	0.03958	0.02825	0.03653	0.00977	0.00683	0.00452	0.01993	0.00132	0.00551	0.00319	0.00203	0.08297
77	0.01070	0.79163	0.03972	0.00713	0.01052	0.03023	0.00711	0.01206	0.00829	0.00966	0.00640	0.00727	0.02180	0.00370	0.00290	0.00091	0.02066	0.00235	0.00178	0.00517
78	0.00976	0.00709	0.00799	0.00694	0.00850	0.00758	0.00522	0.35542	0.01228	0.01649	0.04759	0.18677	0.03089	0.21323	0.06347	0.00231	0.00418	0.00609	0.00350	0.00469

[dist]
# distance from previous block
# <min> <max>
1	3

[block]
# block no. 4 follows, 66 sequences, length 7
# corresponding to MSA columns:
# 482-488
name=unknown_E
#
# <colnr> <probs for GDERKNQSTAVLIFYWHMCP>
#	G	D	E	R	K	N	Q	S	T	A	V	L	I	F	Y	W	H	M	C	P
0	0.01178	0.12639	0.19779	0.15479	0.01606	0.20701	0.00989	0.20304	0.01161	0.01429	0.00739	0.00867	0.00563	0.00416	0.00373	0.00117	0.00563	0.00306	0.00237	0.00554
1	0.01110	0.31325	0.01481	0.01146	0.20362	0.20690	0.00774	0.01271	0.00929	0.01148	0.00757	0.00902	0.00640	0.00389	0.00323	0.00100	0.00473	0.00289	0.15378	0.00513
2	0.00731	0.20865	0.15248	0.00667	0.00903	0.00748	0.00637	0.00895	0.00850	0.03908	0.02001	0.28727	0.20683	0.00816	0.00421	0.00132	0.00342	0.00689	0.00298	0.00437
3	0.47334	0.00780	0.00730	0.00622	0.00854	0.00868	0.00504	0.20106	0.01085	0.01948	0.20092	0.01292	0.01297	0.00509	0.00341	0.00125	0.00316	0.00375	0.00334	0.00485
4	0.01118	0.31431	0.01734	0.01040	0.01284	0.20868	0.14779	0.01269	0.00876	0.01028	0.00616	0.00802	0.00540	0.00449	0.00575	0.00121	0.20481	0.00305	0.00188	0.00495
5	0.00953	0.00821	0.01183	0.00951	0.01184	0.00863	0.18392	0.17100	0.20380	0.01686	0.20529	0.08795	0.01708	0.00624	0.00476	0.00135	0.02755	0.00566	0.00364	0.00537
6	0.00879	0.00779	0.01082	0.01320	0.30167	0.00765	0.00773	0.01289	0.20102	0.01362	0.01217	0.15697	0.01126	0.00549	0.00401	0.00118	0.00359	0.00493	0.00291	0.21232

[dist]
# distance from previous block
# <min> <max>
0	8

# created by:
# /st0/software/busco_prod/Augustus/scripts/msa2prfl.pl ./align_prep/124342.fa
