[name]
unknown

[dist]
# distance from previous block
# <min> <max>
0	10

[block]
# block no. 0 follows, 59 sequences, length 12
# corresponding to MSA columns:
# 11-22
name=unknown_A
#
# <colnr> <probs for GDERKNQSTAVLIFYWHMCP>
#	G	D	E	R	K	N	Q	S	T	A	V	L	I	F	Y	W	H	M	C	P
0	0.00690	0.00461	0.00616	0.04624	0.00818	0.00440	0.00496	0.00806	0.00943	0.06350	0.10761	0.39421	0.11622	0.03704	0.00650	0.03978	0.00304	0.12519	0.00402	0.00395
1	0.00805	0.00602	0.00651	0.01971	0.00785	0.05710	0.00476	0.04688	0.03044	0.06014	0.07654	0.32941	0.13081	0.10782	0.00713	0.00189	0.00333	0.04566	0.04574	0.00421
2	0.05598	0.01148	0.01151	0.04600	0.09270	0.18166	0.02459	0.15608	0.08073	0.09144	0.01247	0.01374	0.05643	0.04604	0.02615	0.00156	0.00522	0.00415	0.00331	0.07874
3	0.03213	0.00869	0.01129	0.01031	0.08811	0.04739	0.06906	0.11306	0.04452	0.28250	0.06447	0.07709	0.03608	0.00606	0.00447	0.00136	0.00413	0.00520	0.07147	0.02260
4	0.00678	0.00471	0.00610	0.04563	0.00724	0.00464	0.02506	0.00746	0.00794	0.03525	0.09291	0.16683	0.05992	0.49319	0.01522	0.00314	0.00382	0.00755	0.00324	0.00337
5	0.03925	0.00957	0.01102	0.03249	0.05484	0.02694	0.02162	0.39271	0.02496	0.06867	0.04765	0.11017	0.01223	0.05542	0.00551	0.00153	0.00430	0.00524	0.03873	0.03715
6	0.04668	0.00814	0.01310	0.66444	0.09620	0.00983	0.01163	0.03905	0.00922	0.01246	0.00808	0.01169	0.00621	0.00560	0.03889	0.00168	0.00594	0.00389	0.00212	0.00513
7	0.00767	0.00529	0.00659	0.00669	0.00764	0.00528	0.00483	0.08094	0.04112	0.05775	0.11512	0.53041	0.05638	0.01135	0.00553	0.00165	0.02325	0.01003	0.01808	0.00440
8	0.02790	0.00850	0.00959	0.00798	0.02051	0.01937	0.00626	0.27043	0.06911	0.18818	0.04227	0.04283	0.01158	0.04936	0.02487	0.00157	0.00400	0.00463	0.13611	0.05497
9	0.00635	0.00489	0.00641	0.00731	0.05733	0.00459	0.00488	0.00803	0.04041	0.01320	0.17769	0.40023	0.14160	0.01121	0.00560	0.02281	0.00275	0.04710	0.00404	0.03357
10	0.03805	0.01068	0.01377	0.04254	0.02515	0.10507	0.16536	0.16754	0.01176	0.05001	0.01112	0.05150	0.03310	0.00684	0.04108	0.00166	0.11839	0.00461	0.06508	0.03669
11	0.04133	0.02200	0.01139	0.03219	0.02703	0.10096	0.05330	0.21727	0.12880	0.03636	0.04165	0.04960	0.08417	0.00585	0.00434	0.00128	0.00446	0.00480	0.00360	0.12962

[dist]
# distance from previous block
# <min> <max>
2	16

[block]
# block no. 1 follows, 59 sequences, length 69
# corresponding to MSA columns:
# 39-107
name=unknown_B
#
# <colnr> <probs for GDERKNQSTAVLIFYWHMCP>
#	G	D	E	R	K	N	Q	S	T	A	V	L	I	F	Y	W	H	M	C	P
0	0.08438	0.04812	0.02268	0.00888	0.01150	0.05824	0.07039	0.10976	0.25582	0.05713	0.04388	0.04162	0.10818	0.00744	0.03611	0.00164	0.00445	0.02014	0.00378	0.00587
1	0.07613	0.04807	0.01157	0.00905	0.01162	0.12932	0.02303	0.16735	0.07534	0.09153	0.02095	0.02443	0.02013	0.02350	0.03498	0.00157	0.10594	0.00392	0.00328	0.11829
2	0.02064	0.00860	0.01057	0.00855	0.04792	0.02762	0.04382	0.09194	0.01099	0.10574	0.03354	0.01301	0.04449	0.01527	0.00409	0.00101	0.00384	0.01294	0.00322	0.49218
3	0.00762	0.00569	0.00802	0.04356	0.02613	0.01595	0.05499	0.06028	0.01005	0.05191	0.08571	0.55265	0.02470	0.01109	0.00535	0.00166	0.00333	0.02295	0.00398	0.00438
4	0.02740	0.00706	0.00951	0.04181	0.01035	0.05480	0.11102	0.04385	0.01844	0.01242	0.01305	0.12054	0.01297	0.17319	0.11158	0.05912	0.02922	0.02714	0.11237	0.00416
5	0.00601	0.00425	0.00482	0.00498	0.00533	0.00406	0.00307	0.00640	0.00758	0.00983	0.03601	0.16484	0.17579	0.52986	0.01602	0.00327	0.00356	0.00803	0.00323	0.00306
6	0.02653	0.01029	0.01563	0.35143	0.18906	0.07822	0.10708	0.01256	0.00923	0.01231	0.00763	0.01087	0.00617	0.00477	0.00605	0.00148	0.13918	0.00395	0.00208	0.00547
7	0.01103	0.00700	0.00803	0.00699	0.00905	0.03113	0.00541	0.07550	0.11077	0.20084	0.18293	0.09061	0.12506	0.04202	0.02740	0.00167	0.00349	0.00647	0.01433	0.04027
8	0.01207	0.01003	0.01060	0.00921	0.01190	0.01149	0.00725	0.16875	0.66221	0.02022	0.01660	0.01538	0.01237	0.00586	0.00448	0.00147	0.00375	0.00480	0.00448	0.00709
9	0.04611	0.08382	0.11702	0.00934	0.01318	0.11804	0.06369	0.11397	0.02390	0.02926	0.00932	0.01037	0.02866	0.00457	0.01323	0.00113	0.00502	0.00333	0.00274	0.30330
10	0.02680	0.00599	0.00779	0.00660	0.00860	0.00557	0.05616	0.02295	0.04968	0.12475	0.24827	0.02451	0.16045	0.00750	0.01436	0.00137	0.00301	0.00616	0.15478	0.06468
11	0.00589	0.00413	0.00543	0.00633	0.00674	0.00392	0.00432	0.00708	0.03352	0.02775	0.02398	0.77798	0.02825	0.01338	0.00559	0.00178	0.00266	0.03335	0.00414	0.00379
12	0.00653	0.00422	0.00535	0.00572	0.00618	0.00427	0.00398	0.00741	0.00786	0.01131	0.01710	0.26891	0.01854	0.21900	0.14045	0.04855	0.00453	0.05945	0.15718	0.00346
13	0.28749	0.00784	0.00907	0.00722	0.01042	0.00756	0.00596	0.01885	0.01104	0.57003	0.01390	0.01258	0.00901	0.00504	0.00391	0.00137	0.00365	0.00380	0.00461	0.00666
14	0.00920	0.02169	0.76590	0.01221	0.01844	0.00991	0.01557	0.01407	0.00943	0.04631	0.00878	0.03339	0.00649	0.00452	0.00425	0.00141	0.00630	0.00358	0.00207	0.00648
15	0.00916	0.00785	0.00916	0.00654	0.01047	0.00589	0.00523	0.01112	0.00916	0.01439	0.00785	0.00916	0.00654	0.00327	0.00327	0.00065	0.00327	0.00262	0.00262	0.87178
16	0.00565	0.00404	0.00543	0.00641	0.00680	0.00381	0.00453	0.00663	0.00881	0.01173	0.04684	0.70726	0.02903	0.01347	0.00569	0.00182	0.00276	0.12149	0.00412	0.00367
17	0.01085	0.01041	0.01778	0.05224	0.79274	0.01047	0.01351	0.01348	0.01002	0.01433	0.00829	0.01096	0.00696	0.00395	0.00437	0.00132	0.00527	0.00393	0.00218	0.00693
18	0.01072	0.01028	0.01755	0.09230	0.75367	0.01044	0.01345	0.01337	0.00996	0.01418	0.00827	0.01100	0.00691	0.00397	0.00438	0.00132	0.00530	0.00393	0.00217	0.00683
19	0.01067	0.01023	0.01746	0.10747	0.73889	0.01043	0.01343	0.01333	0.00993	0.01412	0.00826	0.01102	0.00689	0.00398	0.00438	0.00133	0.00531	0.00393	0.00216	0.00679
20	0.01058	0.01015	0.01720	0.12095	0.69276	0.01054	0.01325	0.01317	0.00978	0.01391	0.00815	0.01098	0.00682	0.00414	0.00478	0.00136	0.03874	0.00393	0.00215	0.00666
21	0.00986	0.00940	0.01599	0.36176	0.49098	0.01021	0.01302	0.01261	0.00955	0.01313	0.00812	0.01128	0.00654	0.00413	0.00439	0.00138	0.00551	0.00393	0.00209	0.00613
22	0.00558	0.00422	0.00520	0.00586	0.00662	0.00384	0.00425	0.00665	0.00930	0.01192	0.05444	0.46782	0.27460	0.01266	0.00555	0.00172	0.00264	0.10931	0.00412	0.00371
23	0.01181	0.84744	0.02314	0.00756	0.01134	0.01748	0.00756	0.01323	0.00897	0.01039	0.00614	0.00708	0.00567	0.00378	0.00283	0.00094	0.00472	0.00236	0.00189	0.00567
24	0.00916	0.00785	0.00916	0.00654	0.01047	0.00589	0.00523	0.01112	0.00916	0.01439	0.00785	0.00916	0.00654	0.00327	0.00327	0.00065	0.00327	0.00262	0.00262	0.87178
25	0.06700	0.00862	0.01318	0.01002	0.01349	0.00800	0.16461	0.05728	0.02740	0.52378	0.01502	0.01529	0.01025	0.00534	0.00457	0.00142	0.00453	0.03878	0.00453	0.00689
26	0.00566	0.00478	0.00566	0.00528	0.00680	0.00413	0.03560	0.00710	0.01063	0.01331	0.21580	0.03914	0.60963	0.01040	0.00522	0.00147	0.00241	0.00886	0.00420	0.00392
27	0.00621	0.00466	0.00539	0.00526	0.00656	0.00416	0.00392	0.00799	0.03375	0.03854	0.32029	0.11631	0.41022	0.01034	0.00521	0.00148	0.00230	0.00889	0.00443	0.00408
28	0.00969	0.00923	0.01569	0.41363	0.44040	0.01017	0.01294	0.01247	0.00947	0.01292	0.00809	0.01134	0.00647	0.00417	0.00439	0.00139	0.00555	0.00393	0.00208	0.00600
29	0.01602	0.00925	0.03049	0.01128	0.01491	0.00831	0.24495	0.04204	0.01199	0.49294	0.03759	0.01423	0.01022	0.00508	0.00497	0.00142	0.02846	0.00472	0.00428	0.00686
30	0.00840	0.00791	0.01335	0.81654	0.04760	0.00983	0.01229	0.01133	0.00886	0.01135	0.00786	0.01176	0.00591	0.00441	0.00441	0.00147	0.00587	0.00393	0.00197	0.00495
31	0.00886	0.06046	0.73403	0.01216	0.01823	0.01030	0.02817	0.01359	0.00929	0.01370	0.00861	0.04741	0.00670	0.00461	0.00421	0.00140	0.00628	0.00368	0.00197	0.00634
32	0.00993	0.34655	0.48799	0.01045	0.01575	0.01293	0.01258	0.01350	0.00917	0.01251	0.00762	0.02873	0.00620	0.00427	0.00370	0.00123	0.00572	0.00314	0.00193	0.00612
33	0.00857	0.00809	0.01367	0.76207	0.10071	0.00987	0.01238	0.01149	0.00894	0.01157	0.00789	0.01170	0.00599	0.00437	0.00441	0.00146	0.00583	0.00393	0.00198	0.00509
34	0.00952	0.00906	0.01538	0.46602	0.38933	0.01012	0.01285	0.01232	0.00939	0.01272	0.00806	0.01139	0.00639	0.00420	0.00440	0.00140	0.00560	0.00393	0.00206	0.00586
35	0.01019	0.00979	0.01681	0.25300	0.57746	0.01032	0.03238	0.01293	0.00972	0.01354	0.00819	0.01119	0.00668	0.00406	0.00441	0.00136	0.00548	0.00396	0.00212	0.00639
36	0.01012	0.00967	0.01646	0.28005	0.57064	0.01028	0.01315	0.01284	0.00967	0.01344	0.00816	0.01120	0.00665	0.00409	0.00439	0.00136	0.00545	0.00393	0.00212	0.00634
37	0.01055	0.01010	0.01723	0.14662	0.70072	0.01039	0.01336	0.01322	0.00988	0.01396	0.00824	0.01106	0.00683	0.00401	0.00438	0.00134	0.00534	0.00393	0.00215	0.00669
38	0.00533	0.00404	0.00492	0.00562	0.00627	0.00363	0.00386	0.00621	0.00897	0.01148	0.03080	0.58900	0.27795	0.01300	0.00551	0.00170	0.00246	0.01153	0.00410	0.00363
39	0.00894	0.02229	0.78170	0.01289	0.01932	0.01030	0.05596	0.01400	0.00938	0.01400	0.00798	0.00946	0.00565	0.00417	0.00425	0.00140	0.00657	0.00336	0.00188	0.00650
40	0.01080	0.01036	0.01770	0.06646	0.77887	0.01046	0.01349	0.01344	0.01000	0.01428	0.00829	0.01097	0.00694	0.00396	0.00437	0.00132	0.00528	0.00393	0.00218	0.00689
41	0.01068	0.01154	0.07729	0.05806	0.04256	0.02291	0.50706	0.04948	0.01056	0.05968	0.01028	0.04864	0.00839	0.05506	0.00604	0.00164	0.00652	0.00523	0.00258	0.00582
42	0.00522	0.00447	0.00447	0.00447	0.00597	0.00373	0.00336	0.00634	0.01007	0.01193	0.04474	0.04250	0.81544	0.01119	0.00522	0.00149	0.00224	0.00932	0.00410	0.00373
43	0.00862	0.00813	0.01375	0.74781	0.11461	0.00989	0.01240	0.01153	0.00896	0.01162	0.00790	0.01168	0.00601	0.00436	0.00441	0.00145	0.00582	0.00393	0.00199	0.00513
44	0.00885	0.00843	0.01451	0.62505	0.16933	0.00984	0.05211	0.01175	0.00924	0.01218	0.03169	0.01226	0.00718	0.00443	0.00447	0.00144	0.00574	0.00411	0.00210	0.00531
45	0.00543	0.00388	0.00518	0.00621	0.00649	0.00363	0.00419	0.00624	0.00851	0.01133	0.02432	0.81909	0.02910	0.01379	0.00565	0.00180	0.00261	0.03487	0.00410	0.00360
46	0.00924	0.02032	0.64428	0.01446	0.06951	0.01042	0.14189	0.01399	0.00955	0.01404	0.00811	0.00984	0.00586	0.00410	0.00437	0.00141	0.00659	0.00362	0.00194	0.00647
47	0.01080	0.01036	0.01770	0.06696	0.77838	0.01046	0.01349	0.01344	0.01000	0.01427	0.00829	0.01097	0.00694	0.00396	0.00437	0.00132	0.00528	0.00393	0.00218	0.00689
48	0.03799	0.01482	0.01261	0.01093	0.01274	0.41565	0.06683	0.04028	0.02528	0.02289	0.04210	0.03706	0.00878	0.03988	0.01948	0.00160	0.17950	0.00401	0.00255	0.00505
49	0.01820	0.00852	0.01099	0.00848	0.01181	0.00808	0.02271	0.17999	0.03584	0.58715	0.04948	0.01486	0.01152	0.00556	0.00449	0.00137	0.00398	0.00453	0.00514	0.00733
50	0.03503	0.00963	0.01468	0.45806	0.17539	0.07728	0.09076	0.01227	0.00947	0.01238	0.00888	0.06013	0.00751	0.00481	0.00447	0.00143	0.00583	0.00443	0.00221	0.00534
51	0.01024	0.01129	0.02337	0.04351	0.02151	0.01107	0.65882	0.01432	0.06404	0.01406	0.00944	0.01226	0.00722	0.00496	0.02975	0.00168	0.04914	0.00507	0.00237	0.00588
52	0.00579	0.00417	0.00557	0.00641	0.00690	0.00393	0.00453	0.00676	0.00861	0.01152	0.02302	0.66300	0.02707	0.03811	0.02977	0.00201	0.00310	0.11419	0.00396	0.03156
53	0.01093	0.01049	0.01793	0.02711	0.81723	0.01049	0.01355	0.01355	0.01006	0.01443	0.00831	0.01093	0.00700	0.00394	0.00437	0.00131	0.00525	0.00394	0.00219	0.00700
54	0.00916	0.00785	0.00916	0.00654	0.01047	0.00589	0.00523	0.01112	0.00916	0.01439	0.00785	0.00916	0.00654	0.00327	0.00327	0.00065	0.00327	0.00262	0.00262	0.87178
55	0.00539	0.00448	0.00470	0.00465	0.00607	0.00380	0.00349	0.00666	0.01046	0.01286	0.16896	0.04097	0.69064	0.01084	0.00522	0.00147	0.00221	0.00911	0.00422	0.00380
56	0.04105	0.32262	0.26007	0.00899	0.01296	0.01215	0.02045	0.07299	0.02524	0.02790	0.00980	0.01273	0.03076	0.10606	0.00595	0.00159	0.00510	0.01553	0.00242	0.00566
57	0.00896	0.05011	0.79549	0.01242	0.01886	0.01050	0.01603	0.01396	0.00931	0.01387	0.00787	0.00925	0.00560	0.00418	0.00415	0.00138	0.00647	0.00323	0.00187	0.00650
58	0.00667	0.00480	0.00584	0.00606	0.00703	0.02063	0.01971	0.00811	0.00983	0.02729	0.13895	0.32349	0.16501	0.01065	0.00511	0.00157	0.00275	0.09715	0.13539	0.00397
59	0.00952	0.08946	0.63412	0.01288	0.01880	0.03496	0.11214	0.01405	0.00953	0.01362	0.00787	0.00942	0.00574	0.00411	0.00420	0.00136	0.00653	0.00342	0.00192	0.00634
60	0.00698	0.00509	0.00619	0.00576	0.00718	0.00468	0.00434	0.00947	0.06575	0.04644	0.48327	0.08643	0.18774	0.00913	0.00506	0.00140	0.00237	0.00794	0.00454	0.05025
61	0.00945	0.00746	0.00885	0.00667	0.01013	0.00583	0.00530	0.02628	0.00960	0.05714	0.02658	0.07762	0.00984	0.00463	0.00366	0.00085	0.00327	0.02511	0.00301	0.69873
62	0.00796	0.00553	0.00719	0.00776	0.05729	0.00526	0.00531	0.04320	0.02382	0.07242	0.02104	0.36087	0.08634	0.09950	0.03345	0.00206	0.00359	0.08685	0.00379	0.06679
63	0.01061	0.04719	0.21789	0.01496	0.19965	0.06753	0.04915	0.05283	0.08021	0.01426	0.03347	0.01135	0.00807	0.00594	0.03099	0.00161	0.14177	0.00392	0.00246	0.00614
64	0.00556	0.00422	0.00565	0.00623	0.00683	0.00387	0.02653	0.00650	0.00883	0.01154	0.03710	0.64783	0.15841	0.02624	0.00583	0.00177	0.00270	0.02665	0.00403	0.00368
65	0.00655	0.00538	0.00720	0.00788	0.07086	0.00503	0.03692	0.02952	0.02250	0.01297	0.08606	0.28888	0.31606	0.02807	0.00566	0.00165	0.00302	0.05764	0.00391	0.00421
66	0.01163	0.56260	0.10585	0.00974	0.04199	0.03719	0.06602	0.02981	0.02482	0.03695	0.00784	0.03352	0.00684	0.00427	0.00344	0.00111	0.00510	0.00319	0.00221	0.00587
67	0.01042	0.03307	0.45007	0.02721	0.08108	0.07927	0.14115	0.03600	0.01012	0.02957	0.00819	0.00990	0.00609	0.00425	0.00459	0.00137	0.02863	0.00363	0.00215	0.03325
68	0.03662	0.02744	0.10403	0.11605	0.32223	0.00897	0.08090	0.01172	0.00947	0.01339	0.01253	0.13556	0.04576	0.01582	0.00481	0.00147	0.00499	0.02449	0.00256	0.02120

[dist]
# distance from previous block
# <min> <max>
5	24

[block]
# block no. 2 follows, 59 sequences, length 91
# corresponding to MSA columns:
# 134-214,222-225,234-239
name=unknown_C
#
# <colnr> <probs for GDERKNQSTAVLIFYWHMCP>
#	G	D	E	R	K	N	Q	S	T	A	V	L	I	F	Y	W	H	M	C	P
0	0.00892	0.00697	0.02026	0.00640	0.00927	0.00559	0.00510	0.02810	0.02151	0.06583	0.21957	0.02933	0.06039	0.03069	0.00461	0.00110	0.00305	0.00480	0.00353	0.46498
1	0.03167	0.01093	0.07314	0.01280	0.16288	0.05639	0.08585	0.09559	0.04018	0.10151	0.05565	0.01205	0.00930	0.00447	0.00416	0.00117	0.00472	0.00390	0.00311	0.23054
2	0.00596	0.00455	0.00578	0.00611	0.00688	0.00426	0.00431	0.00693	0.00897	0.01207	0.09429	0.53633	0.14122	0.01199	0.00600	0.02166	0.03777	0.01035	0.00391	0.07067
3	0.02679	0.01138	0.01211	0.00970	0.01291	0.01272	0.00787	0.54263	0.26263	0.02468	0.01277	0.01234	0.00930	0.00547	0.00440	0.00137	0.00440	0.00425	0.00440	0.01787
4	0.01078	0.07266	0.33092	0.01009	0.02665	0.03062	0.03409	0.04365	0.03090	0.09941	0.01856	0.02716	0.01801	0.00448	0.00399	0.00118	0.00501	0.00360	0.00273	0.22552
5	0.00986	0.06420	0.58294	0.01303	0.06120	0.01041	0.07851	0.02625	0.01880	0.05536	0.00967	0.01088	0.03034	0.00443	0.00426	0.00138	0.00611	0.00368	0.00223	0.00645
6	0.00843	0.02544	0.37890	0.01137	0.05263	0.00859	0.08617	0.01275	0.07115	0.01466	0.14422	0.04772	0.06710	0.00626	0.00469	0.00146	0.00503	0.04477	0.00294	0.00572
7	0.00762	0.00768	0.07397	0.00961	0.06045	0.01677	0.11226	0.01016	0.05503	0.03477	0.10465	0.30365	0.14919	0.00936	0.00517	0.00157	0.00378	0.02588	0.00367	0.00476
8	0.00931	0.09837	0.66733	0.01216	0.03602	0.03814	0.01469	0.01373	0.00935	0.01342	0.00819	0.02844	0.00629	0.00495	0.02010	0.00147	0.00639	0.00342	0.00195	0.00629
9	0.02312	0.01456	0.28419	0.17505	0.06231	0.03536	0.07247	0.16613	0.02243	0.06371	0.00921	0.01085	0.00669	0.00507	0.01920	0.00150	0.01531	0.00382	0.00270	0.00631
10	0.00861	0.00847	0.03087	0.73351	0.09046	0.00991	0.03318	0.01159	0.00898	0.01166	0.00792	0.01166	0.00599	0.00436	0.00443	0.00146	0.00589	0.00395	0.00198	0.00513
11	0.01303	0.05307	0.03398	0.00811	0.04090	0.02419	0.00641	0.05799	0.02820	0.33503	0.09906	0.03691	0.13389	0.04349	0.03449	0.00172	0.02317	0.01620	0.00428	0.00589
12	0.00703	0.01565	0.02247	0.01909	0.00795	0.02182	0.02245	0.02623	0.02135	0.04822	0.09687	0.53096	0.07085	0.05963	0.00632	0.00180	0.00309	0.01012	0.00398	0.00410
13	0.00594	0.00410	0.00541	0.00622	0.00666	0.00386	0.00423	0.00707	0.02620	0.03309	0.07306	0.75208	0.02916	0.01315	0.00555	0.00175	0.00258	0.01189	0.00419	0.00380
14	0.00896	0.02389	0.16831	0.02861	0.07764	0.03634	0.20183	0.01182	0.03210	0.03401	0.02357	0.17344	0.02980	0.10110	0.00687	0.00182	0.00528	0.02655	0.00282	0.00523
15	0.01094	0.01070	0.01794	0.05753	0.73649	0.03005	0.04428	0.01359	0.01008	0.01421	0.00828	0.01093	0.00691	0.00396	0.00440	0.00132	0.00542	0.00396	0.00218	0.00683
16	0.01063	0.09194	0.33817	0.04627	0.16424	0.01084	0.15385	0.03614	0.01020	0.06568	0.02544	0.01086	0.00721	0.00425	0.00434	0.00136	0.00595	0.00387	0.00236	0.00641
17	0.00767	0.00384	0.00575	0.00575	0.00575	0.00384	0.00384	0.00575	0.00575	0.00767	0.00767	0.01343	0.00767	0.01534	0.01726	0.87150	0.00384	0.00384	0.00192	0.00192
18	0.01618	0.01017	0.01101	0.00889	0.01196	0.05954	0.00718	0.26837	0.19247	0.30663	0.01461	0.01359	0.01012	0.00546	0.00436	0.00135	0.00423	0.00431	0.04246	0.00710
19	0.01004	0.00887	0.01367	0.36144	0.19817	0.03244	0.03831	0.01313	0.06009	0.06271	0.01025	0.04795	0.00854	0.00534	0.00532	0.00148	0.07308	0.02499	0.01856	0.00561
20	0.00642	0.00483	0.00702	0.00696	0.00763	0.00561	0.00530	0.00779	0.00701	0.01006	0.01190	0.01851	0.01149	0.12985	0.70635	0.00661	0.03555	0.00491	0.00239	0.00382
21	0.01037	0.00990	0.01704	0.16906	0.61921	0.01021	0.04710	0.01308	0.00983	0.01392	0.00844	0.01129	0.00692	0.00405	0.00438	0.00134	0.00536	0.00399	0.02804	0.00649
22	0.02745	0.00909	0.01327	0.15751	0.10394	0.04481	0.10299	0.02152	0.10192	0.01294	0.01109	0.07354	0.01020	0.04525	0.04458	0.00196	0.16935	0.04065	0.00266	0.00525
23	0.02737	0.13002	0.14496	0.13011	0.15265	0.07261	0.17879	0.03164	0.01024	0.03148	0.04302	0.01121	0.00783	0.00431	0.00429	0.00133	0.00592	0.00395	0.00233	0.00594
24	0.00968	0.01607	0.34354	0.03480	0.02142	0.01066	0.45745	0.01390	0.00992	0.01397	0.00874	0.02323	0.00658	0.00408	0.00479	0.00146	0.00697	0.00451	0.00211	0.00613
25	0.00993	0.00880	0.01198	0.09904	0.13701	0.05900	0.00896	0.03971	0.00867	0.04079	0.02143	0.01294	0.00819	0.01129	0.13876	0.08665	0.27028	0.01928	0.00237	0.00494
26	0.00701	0.00577	0.00732	0.04290	0.03832	0.04062	0.02201	0.02660	0.02783	0.01270	0.09527	0.42639	0.06496	0.03403	0.04288	0.00199	0.00377	0.09169	0.00379	0.00416
27	0.02558	0.02268	0.12213	0.09565	0.16950	0.05341	0.05728	0.07074	0.05742	0.21178	0.01175	0.04053	0.00892	0.02706	0.00488	0.00146	0.00512	0.00436	0.00330	0.00644
28	0.01223	0.50740	0.02702	0.00852	0.01162	0.16022	0.00763	0.03815	0.09294	0.01193	0.00877	0.06055	0.00801	0.00491	0.00371	0.00113	0.02374	0.00345	0.00244	0.00562
29	0.00677	0.00490	0.00639	0.00701	0.04201	0.00477	0.00482	0.00847	0.04181	0.04006	0.14573	0.28634	0.13469	0.09579	0.09736	0.00249	0.00392	0.05871	0.00386	0.00410
30	0.01131	0.01171	0.03777	0.08105	0.16043	0.05875	0.44763	0.01439	0.01033	0.07051	0.00905	0.01156	0.00686	0.00418	0.00528	0.00145	0.04466	0.00459	0.00241	0.00608
31	0.00788	0.00618	0.00835	0.00801	0.01942	0.02350	0.07096	0.01070	0.09666	0.05550	0.12768	0.24501	0.13661	0.01008	0.00534	0.00164	0.00345	0.15434	0.00409	0.00462
32	0.00573	0.00451	0.00494	0.00507	0.00628	0.00401	0.00376	0.00717	0.02658	0.01263	0.10753	0.14457	0.51956	0.04345	0.00588	0.00164	0.00246	0.04888	0.04156	0.00381
33	0.01152	0.65601	0.06639	0.00955	0.07708	0.05565	0.00844	0.01321	0.00923	0.01098	0.00724	0.04369	0.00679	0.00429	0.00321	0.00105	0.00493	0.00300	0.00203	0.00571
34	0.01033	0.03150	0.01525	0.48701	0.06046	0.02317	0.11768	0.13515	0.03857	0.01459	0.00878	0.01163	0.00662	0.00484	0.01483	0.00150	0.00590	0.00410	0.00249	0.00563
35	0.00570	0.00436	0.00526	0.00568	0.00661	0.00398	0.00421	0.00691	0.00963	0.01235	0.11495	0.29172	0.33337	0.04111	0.02734	0.00189	0.00289	0.11420	0.00408	0.00375
36	0.00693	0.00586	0.05199	0.00692	0.00822	0.00499	0.00576	0.00913	0.04666	0.03401	0.16880	0.21090	0.11661	0.05539	0.00639	0.00185	0.00329	0.24798	0.00408	0.00423
37	0.07736	0.00789	0.01045	0.00911	0.02899	0.06225	0.10908	0.05285	0.00970	0.11384	0.05899	0.06530	0.01279	0.12525	0.22001	0.00327	0.01958	0.00526	0.00314	0.00489
38	0.01703	0.01102	0.04648	0.00941	0.01294	0.01098	0.00803	0.49783	0.01735	0.27057	0.01294	0.01290	0.00895	0.00546	0.00443	0.00135	0.00453	0.02202	0.01841	0.00734
39	0.01043	0.01181	0.02547	0.01884	0.05668	0.01119	0.75246	0.01405	0.01034	0.01409	0.00885	0.01183	0.00670	0.00381	0.00535	0.00149	0.02327	0.00513	0.00223	0.00598
40	0.01044	0.03506	0.16351	0.14278	0.09292	0.06651	0.33821	0.01411	0.03102	0.02916	0.00906	0.01203	0.00702	0.00429	0.00467	0.00143	0.00655	0.02303	0.00228	0.00594
41	0.00976	0.00912	0.01510	0.22182	0.48329	0.00961	0.02159	0.02770	0.00984	0.01349	0.01146	0.01477	0.06954	0.00518	0.00493	0.02029	0.01638	0.02776	0.00237	0.00600
42	0.01918	0.00748	0.01008	0.00778	0.01105	0.00655	0.00637	0.03723	0.01255	0.76913	0.01713	0.01553	0.01108	0.04121	0.00521	0.00149	0.00380	0.00452	0.00533	0.00731
43	0.00538	0.00386	0.00511	0.00611	0.00639	0.00359	0.00408	0.00615	0.00850	0.01129	0.02487	0.82120	0.04957	0.01377	0.00563	0.00179	0.00255	0.01247	0.00410	0.00359
44	0.02887	0.49628	0.10395	0.01071	0.07517	0.09863	0.05695	0.03458	0.02568	0.02257	0.00723	0.00838	0.00608	0.00402	0.00345	0.00111	0.00539	0.00292	0.00215	0.00590
45	0.00898	0.02105	0.71312	0.03095	0.06437	0.01018	0.04317	0.01380	0.00941	0.01394	0.00833	0.01048	0.00617	0.00435	0.00429	0.00141	0.00642	0.02119	0.00195	0.00644
46	0.00538	0.00384	0.00512	0.00615	0.00641	0.00359	0.00410	0.00615	0.00846	0.01127	0.02434	0.84190	0.02921	0.01384	0.00564	0.00179	0.00256	0.01256	0.00410	0.00359
47	0.00919	0.00868	0.01470	0.43341	0.31997	0.00978	0.02746	0.01186	0.00915	0.01242	0.00852	0.02493	0.00703	0.00636	0.05949	0.00180	0.02336	0.00414	0.00211	0.00562
48	0.01196	0.01035	0.12289	0.03370	0.14323	0.06579	0.02523	0.01453	0.04491	0.23043	0.01517	0.15463	0.03113	0.05398	0.00565	0.00161	0.00460	0.02073	0.00356	0.00591
49	0.00880	0.01863	0.62879	0.01100	0.01634	0.00890	0.01352	0.01317	0.01003	0.04885	0.14905	0.01437	0.02903	0.00523	0.00440	0.00140	0.00555	0.00426	0.00258	0.00610
50	0.01678	0.01276	0.01322	0.01022	0.01369	0.04997	0.00840	0.76751	0.02040	0.02708	0.01044	0.01049	0.00743	0.00527	0.00440	0.00132	0.00500	0.00393	0.00432	0.00740
51	0.00900	0.03594	0.64071	0.01317	0.09483	0.00986	0.01462	0.01346	0.00946	0.01402	0.02556	0.01064	0.02413	0.00435	0.00417	0.00133	0.00597	0.00350	0.00206	0.06322
52	0.00982	0.18064	0.51858	0.03100	0.01789	0.01165	0.10224	0.02571	0.00955	0.02515	0.00795	0.00950	0.00595	0.00467	0.02032	0.00143	0.00630	0.00338	0.00201	0.00624
53	0.00562	0.00413	0.00567	0.00704	0.04094	0.00388	0.00450	0.00647	0.00852	0.01141	0.02366	0.80651	0.02827	0.01342	0.00558	0.00177	0.00268	0.01219	0.00402	0.00373
54	0.00631	0.00473	0.00710	0.00710	0.00789	0.00552	0.00552	0.00789	0.00710	0.01025	0.01183	0.01735	0.01104	0.03312	0.82728	0.00710	0.01183	0.00473	0.00237	0.00394
55	0.01098	0.03099	0.15495	0.02578	0.06868	0.14611	0.42843	0.01424	0.01040	0.01331	0.00890	0.03936	0.00722	0.01459	0.00496	0.00144	0.00697	0.00461	0.00224	0.00584
56	0.01235	0.01633	0.45640	0.02860	0.09091	0.00924	0.02694	0.01606	0.01033	0.25390	0.01075	0.01127	0.00734	0.00463	0.00455	0.00140	0.02547	0.00374	0.00298	0.00678
57	0.01982	0.00752	0.01025	0.00786	0.01127	0.00649	0.00649	0.02152	0.01264	0.82029	0.01742	0.01503	0.01093	0.00547	0.00444	0.00137	0.00376	0.00444	0.00547	0.00752
58	0.00546	0.00454	0.00479	0.00478	0.00618	0.00390	0.00359	0.00686	0.02181	0.01272	0.13609	0.06497	0.67525	0.01095	0.00523	0.00150	0.00227	0.02109	0.00420	0.00383
59	0.01024	0.04517	0.11775	0.01656	0.04804	0.01070	0.55641	0.01379	0.01021	0.03238	0.01003	0.01455	0.00817	0.00458	0.00514	0.00150	0.01713	0.06931	0.00240	0.00591
60	0.00685	0.00556	0.00660	0.01627	0.01852	0.00481	0.00444	0.00826	0.00957	0.01311	0.14751	0.10136	0.25690	0.10238	0.00682	0.00160	0.01782	0.02531	0.00356	0.24275
61	0.01205	0.77978	0.03721	0.00789	0.01163	0.06871	0.00778	0.01352	0.00921	0.01048	0.00622	0.00718	0.00567	0.00384	0.00293	0.00097	0.00496	0.00241	0.00191	0.00565
62	0.00822	0.10165	0.09253	0.00722	0.00960	0.02575	0.00625	0.02194	0.02572	0.02188	0.02538	0.25868	0.04502	0.08741	0.00615	0.00160	0.00379	0.04605	0.00315	0.20204
63	0.03225	0.05297	0.07559	0.06562	0.05312	0.04237	0.10269	0.22848	0.08534	0.08199	0.01197	0.08602	0.00994	0.00581	0.00482	0.00143	0.03067	0.01926	0.00343	0.00627
64	0.00586	0.00424	0.00571	0.00635	0.00682	0.00404	0.02083	0.00679	0.00847	0.01132	0.02302	0.57712	0.05944	0.11402	0.02639	0.00220	0.00321	0.08687	0.02371	0.00360
65	0.00555	0.00416	0.00517	0.00577	0.00649	0.00379	0.00410	0.00664	0.00945	0.01232	0.12185	0.48962	0.23511	0.01248	0.00551	0.00168	0.00252	0.05988	0.00419	0.00372
66	0.00965	0.00840	0.00940	0.00681	0.01068	0.03068	0.00544	0.03920	0.00967	0.01476	0.00792	0.00917	0.00655	0.00338	0.00333	0.00069	0.00347	0.00267	0.00267	0.81545
67	0.00661	0.00483	0.00622	0.00610	0.00672	0.00518	0.00439	0.00759	0.00782	0.02283	0.06783	0.07189	0.12216	0.27804	0.28312	0.00424	0.05860	0.00645	0.02575	0.00363
68	0.02289	0.02347	0.08981	0.02215	0.11359	0.07144	0.04705	0.24849	0.16262	0.04603	0.06882	0.02494	0.02780	0.00548	0.00446	0.00137	0.00484	0.00455	0.00362	0.00655
69	0.01103	0.00673	0.00806	0.02844	0.01931	0.01735	0.00554	0.07991	0.08954	0.21579	0.20889	0.07241	0.15648	0.03691	0.00542	0.00152	0.00322	0.00662	0.02135	0.00546
70	0.01061	0.01071	0.04585	0.09677	0.33260	0.06596	0.08823	0.05897	0.09324	0.01529	0.09104	0.02704	0.02090	0.00507	0.00454	0.00137	0.00512	0.00468	0.01587	0.00615
71	0.85932	0.00846	0.00648	0.00580	0.00850	0.00980	0.00477	0.01289	0.00761	0.01978	0.02164	0.00767	0.00549	0.00419	0.00278	0.00137	0.00339	0.00250	0.00277	0.00477
72	0.00914	0.00782	0.00910	0.00660	0.01042	0.00599	0.00526	0.01138	0.03211	0.01445	0.00846	0.02532	0.00718	0.00355	0.00335	0.00070	0.00326	0.00288	0.00270	0.83034
73	0.00715	0.00513	0.00643	0.00607	0.00725	0.00502	0.00454	0.02449	0.08634	0.03545	0.59100	0.10156	0.03494	0.02689	0.02497	0.00162	0.00262	0.00780	0.01624	0.00448
74	0.01238	0.01178	0.16598	0.06794	0.06111	0.07005	0.02599	0.07552	0.02287	0.20273	0.03500	0.01336	0.00928	0.03610	0.09212	0.01288	0.07157	0.00417	0.00318	0.00598
75	0.01123	0.00961	0.01013	0.00904	0.01158	0.01110	0.00705	0.05664	0.77567	0.01887	0.01766	0.01623	0.01323	0.00596	0.00449	0.00149	0.00355	0.00495	0.00449	0.00701
76	0.00990	0.00783	0.00923	0.00663	0.01052	0.00593	0.00532	0.01184	0.00940	0.07013	0.00851	0.00956	0.00685	0.00342	0.00335	0.00070	0.00330	0.00274	0.00281	0.81201
77	0.01029	0.00802	0.00982	0.00728	0.02177	0.00628	0.02373	0.03017	0.00981	0.08542	0.01777	0.01006	0.00735	0.00359	0.00348	0.00077	0.00346	0.00294	0.00292	0.73506
78	0.00547	0.00468	0.00490	0.00510	0.02546	0.00400	0.00365	0.00677	0.01997	0.01216	0.06082	0.04100	0.75642	0.02331	0.00545	0.00153	0.00235	0.00906	0.00406	0.00384
79	0.01058	0.03826	0.24367	0.04221	0.35438	0.06332	0.02814	0.03067	0.01010	0.02888	0.00892	0.04612	0.00745	0.00450	0.00425	0.00130	0.00555	0.00395	0.00231	0.06546
80	0.12281	0.25213	0.02587	0.00995	0.02912	0.46834	0.00800	0.01567	0.01080	0.01194	0.00659	0.00770	0.00560	0.00426	0.00351	0.00112	0.00640	0.00268	0.00222	0.00529
81	0.00632	0.00470	0.00694	0.00694	0.00767	0.00543	0.00532	0.00778	0.00705	0.01013	0.01198	0.01816	0.01139	0.09011	0.77077	0.00690	0.01130	0.00485	0.00239	0.00385
82	0.01109	0.42346	0.23192	0.00947	0.01370	0.06187	0.04699	0.01365	0.00978	0.04580	0.07065	0.01036	0.00875	0.00440	0.00364	0.00115	0.00525	0.00330	0.00232	0.02246
83	0.01551	0.01074	0.01202	0.00938	0.01263	0.02971	0.02297	0.51143	0.02975	0.14359	0.02521	0.01359	0.02147	0.02118	0.02446	0.00150	0.00475	0.02471	0.00429	0.06111
84	0.00908	0.00777	0.00902	0.00657	0.01033	0.00600	0.00524	0.01143	0.03965	0.01455	0.02356	0.01066	0.02681	0.00367	0.00340	0.00072	0.00323	0.00296	0.00276	0.80260
85	0.01157	0.81097	0.02240	0.00747	0.01113	0.01690	0.00741	0.01301	0.00913	0.01071	0.04114	0.00821	0.00723	0.00401	0.00294	0.00096	0.00461	0.00261	0.00202	0.00560
86	0.83853	0.00869	0.00734	0.00636	0.00917	0.00996	0.03924	0.01303	0.00764	0.01957	0.00627	0.00738	0.00487	0.00408	0.00284	0.00137	0.00359	0.00251	0.00271	0.00483
87	0.00997	0.29426	0.48350	0.01050	0.01567	0.02243	0.01253	0.01358	0.00940	0.02539	0.02408	0.01088	0.00727	0.00452	0.00385	0.00127	0.00571	0.03701	0.00209	0.00609
88	0.00631	0.00471	0.00700	0.00698	0.00777	0.00544	0.00540	0.00788	0.00732	0.01054	0.04662	0.01827	0.01247	0.04902	0.77491	0.00679	0.01125	0.00491	0.00248	0.00393
89	0.00782	0.00705	0.00923	0.00843	0.03721	0.03622	0.10153	0.01114	0.13468	0.02595	0.09901	0.09404	0.33008	0.02299	0.04047	0.00178	0.01638	0.00747	0.00377	0.00476
90	0.01147	0.57224	0.08164	0.00877	0.02404	0.10385	0.01762	0.01314	0.00936	0.01093	0.00870	0.03783	0.04155	0.00472	0.00378	0.00111	0.03838	0.00325	0.00211	0.00551

[dist]
# distance from previous block
# <min> <max>
5	170

# created by:
# /st0/software/busco_prod/Augustus/scripts/msa2prfl.pl ./align_prep/124486.fa
