[name]
unknown

[dist]
# distance from previous block
# <min> <max>
0	204

[block]
# block no. 0 follows, 61 sequences, length 20
# corresponding to MSA columns:
# 204-223
name=unknown_A
#
# <colnr> <probs for GDERKNQSTAVLIFYWHMCP>
#	G	D	E	R	K	N	Q	S	T	A	V	L	I	F	Y	W	H	M	C	P
0	0.05657	0.01019	0.11567	0.06921	0.05885	0.02779	0.07874	0.09650	0.02016	0.09459	0.07824	0.05863	0.02609	0.01837	0.00449	0.00130	0.00445	0.01437	0.00314	0.16266
1	0.02417	0.09066	0.10269	0.06033	0.09082	0.03193	0.03368	0.23923	0.08883	0.07201	0.01020	0.02977	0.00786	0.00478	0.00421	0.00125	0.01706	0.00383	0.00319	0.08351
2	0.00969	0.00854	0.01329	0.62846	0.12743	0.03677	0.01152	0.03936	0.00951	0.06246	0.00835	0.01142	0.00623	0.00435	0.00429	0.00139	0.00557	0.00383	0.00225	0.00529
3	0.25705	0.00828	0.02185	0.00776	0.01068	0.00818	0.05344	0.10682	0.03236	0.30472	0.09449	0.02967	0.02375	0.00539	0.00400	0.00134	0.00373	0.00431	0.00406	0.01812
4	0.00996	0.15351	0.53231	0.01234	0.06324	0.05997	0.04963	0.01406	0.02898	0.02645	0.00785	0.00913	0.00588	0.00408	0.00393	0.00128	0.00602	0.00320	0.00200	0.00618
5	0.01084	0.24857	0.15079	0.05068	0.19266	0.05551	0.01011	0.07274	0.09020	0.01378	0.01057	0.01158	0.05512	0.00461	0.00386	0.00122	0.00498	0.00366	0.00249	0.00604
6	0.00513	0.00433	0.00445	0.00449	0.00586	0.00364	0.00334	0.00623	0.00980	0.01178	0.06695	0.08897	0.74834	0.01100	0.00511	0.00147	0.00220	0.00924	0.00402	0.00364
7	0.00607	0.00497	0.00789	0.04195	0.00920	0.00484	0.09781	0.00726	0.00852	0.01142	0.04017	0.66359	0.02460	0.02498	0.00583	0.00173	0.02098	0.01068	0.00365	0.00385
8	0.01219	0.03545	0.07404	0.06010	0.37929	0.19398	0.06963	0.09772	0.01133	0.01435	0.00796	0.00988	0.00638	0.00414	0.00420	0.00126	0.00593	0.00361	0.00234	0.00622
9	0.80199	0.00903	0.00679	0.00605	0.00871	0.05840	0.00493	0.01318	0.00777	0.04294	0.00637	0.00727	0.00490	0.00406	0.00279	0.00132	0.00361	0.00242	0.00272	0.00476
10	0.00626	0.00418	0.00470	0.00470	0.00470	0.00418	0.00261	0.00626	0.00626	0.00835	0.01357	0.02819	0.01566	0.84862	0.02192	0.00418	0.00418	0.00626	0.00261	0.00261
11	0.01001	0.01139	0.02475	0.01772	0.02199	0.01066	0.78077	0.01356	0.01016	0.01373	0.00982	0.01256	0.03220	0.00386	0.00508	0.00145	0.00710	0.00521	0.00224	0.00574
12	0.00557	0.00436	0.00504	0.00491	0.00612	0.00383	0.00367	0.00710	0.01089	0.01428	0.41020	0.06193	0.42668	0.00999	0.00510	0.00142	0.00212	0.00857	0.00435	0.00383
13	0.01609	0.02053	0.01221	0.01110	0.01332	0.83132	0.00832	0.01720	0.01221	0.01054	0.00666	0.00777	0.00555	0.00444	0.00388	0.00111	0.00777	0.00277	0.00222	0.00499
14	0.00761	0.00464	0.00644	0.00630	0.00648	0.02559	0.00446	0.00652	0.00605	0.00813	0.00800	0.01335	0.00785	0.01701	0.14562	0.66290	0.05484	0.00386	0.00195	0.00243
15	0.00670	0.00507	0.00643	0.00696	0.00813	0.00499	0.00580	0.00923	0.07235	0.01326	0.08540	0.07632	0.19846	0.01105	0.00556	0.00177	0.00333	0.47102	0.00406	0.00410
16	0.01171	0.01307	0.00932	0.00922	0.05624	0.42072	0.00655	0.01369	0.05871	0.01227	0.01704	0.01745	0.19517	0.00607	0.00408	0.00120	0.00521	0.00461	0.13292	0.00475
17	0.00527	0.00377	0.00502	0.00598	0.00625	0.00352	0.00400	0.00607	0.00837	0.01119	0.04888	0.82010	0.02887	0.01335	0.00548	0.00174	0.00248	0.01210	0.00402	0.00352
18	0.00889	0.00813	0.01295	0.70379	0.06472	0.00989	0.01150	0.05913	0.05521	0.01251	0.00840	0.01164	0.00631	0.00442	0.00431	0.00142	0.00552	0.00389	0.00221	0.00515
19	0.01178	0.80391	0.02198	0.00758	0.01118	0.06341	0.00742	0.01314	0.00895	0.01016	0.00603	0.00696	0.00553	0.00373	0.00283	0.00093	0.00479	0.00233	0.00186	0.00550

[dist]
# distance from previous block
# <min> <max>
0	1

[block]
# block no. 1 follows, 61 sequences, length 125
# corresponding to MSA columns:
# 225-349
name=unknown_B
#
# <colnr> <probs for GDERKNQSTAVLIFYWHMCP>
#	G	D	E	R	K	N	Q	S	T	A	V	L	I	F	Y	W	H	M	C	P
0	0.01125	0.68624	0.06201	0.01042	0.13051	0.01569	0.00866	0.01298	0.00892	0.01089	0.00639	0.00757	0.00571	0.00373	0.00305	0.00100	0.00477	0.00257	0.00188	0.00576
1	0.10155	0.06717	0.01164	0.00917	0.02379	0.04730	0.00732	0.28857	0.34227	0.02020	0.01226	0.01199	0.00920	0.00523	0.00426	0.00135	0.02239	0.00397	0.00383	0.00656
2	0.86379	0.00840	0.00645	0.00574	0.00842	0.00973	0.00473	0.02671	0.00756	0.01946	0.00607	0.00706	0.00471	0.00402	0.00269	0.00133	0.00336	0.00236	0.00269	0.00471
3	0.01061	0.01068	0.04135	0.04250	0.71911	0.02805	0.02223	0.01351	0.03423	0.01407	0.01785	0.01100	0.00732	0.00399	0.00427	0.00129	0.00516	0.00389	0.00222	0.00668
4	0.00531	0.00431	0.00471	0.00476	0.00600	0.00371	0.00353	0.00654	0.01007	0.01259	0.18023	0.12761	0.58666	0.01082	0.00514	0.00147	0.00221	0.01649	0.00413	0.00370
5	0.00553	0.00404	0.00482	0.00532	0.00580	0.00375	0.00354	0.00619	0.00812	0.01048	0.02555	0.41706	0.20731	0.23897	0.00986	0.00234	0.00292	0.03145	0.00362	0.00330
6	0.00748	0.00374	0.00561	0.00561	0.00561	0.00374	0.00374	0.00561	0.00561	0.00748	0.00748	0.01309	0.00748	0.01496	0.01684	0.87467	0.00374	0.00374	0.00187	0.00187
7	0.00981	0.01087	0.02263	0.13808	0.02269	0.01088	0.62762	0.01312	0.00966	0.01312	0.00832	0.01143	0.00635	0.00403	0.00567	0.00148	0.07173	0.00480	0.00212	0.00557
8	0.42577	0.01191	0.19539	0.00829	0.01148	0.02750	0.00807	0.01427	0.12635	0.02866	0.00860	0.02658	0.00678	0.00483	0.00437	0.00141	0.07836	0.00327	0.00271	0.00540
9	0.01547	0.01734	0.01173	0.02845	0.01314	0.60565	0.00801	0.07773	0.07728	0.06719	0.00872	0.00943	0.00680	0.00500	0.01376	0.00124	0.00681	0.00320	0.01760	0.00544
10	0.00937	0.08298	0.55713	0.01530	0.20162	0.01062	0.03694	0.01349	0.00926	0.01347	0.00771	0.00936	0.00580	0.00399	0.00406	0.00131	0.00597	0.00332	0.00190	0.00639
11	0.01152	0.85121	0.02257	0.00737	0.01106	0.01704	0.00737	0.01290	0.00875	0.01013	0.00599	0.00691	0.00553	0.00369	0.00276	0.00092	0.00461	0.00230	0.00184	0.00553
12	0.00559	0.00398	0.00510	0.00586	0.00621	0.00377	0.00400	0.00635	0.00814	0.01074	0.02291	0.57386	0.06963	0.16459	0.00850	0.00220	0.00293	0.08851	0.00374	0.00339
13	0.01605	0.01181	0.01266	0.00974	0.01308	0.01307	0.00801	0.78180	0.01981	0.02655	0.01045	0.01091	0.00759	0.03211	0.00487	0.00138	0.00472	0.00395	0.00425	0.00717
14	0.01044	0.06566	0.00934	0.00754	0.00929	0.17725	0.02308	0.09636	0.01134	0.05297	0.15381	0.12924	0.06259	0.04523	0.02273	0.00154	0.01633	0.00583	0.09468	0.00473
15	0.01012	0.00817	0.00943	0.00685	0.01060	0.00669	0.00551	0.10242	0.01907	0.03999	0.00835	0.00934	0.00669	0.00351	0.00337	0.00074	0.00338	0.00278	0.00286	0.74012
16	0.05438	0.53223	0.07711	0.01049	0.06750	0.01440	0.12547	0.02808	0.00930	0.01216	0.02919	0.00877	0.00672	0.00390	0.00339	0.00109	0.00502	0.00306	0.00208	0.00567
17	0.00776	0.00725	0.06344	0.14578	0.05844	0.00664	0.01691	0.03464	0.07659	0.03245	0.36047	0.03335	0.11732	0.00730	0.00476	0.00139	0.00345	0.01347	0.00376	0.00485
18	0.00856	0.02091	0.75747	0.01223	0.03169	0.00967	0.01527	0.01332	0.00916	0.01360	0.00875	0.01177	0.00678	0.00461	0.00422	0.00140	0.00618	0.05622	0.00197	0.00621
19	0.00946	0.00954	0.01385	0.01167	0.01191	0.01307	0.05199	0.01055	0.00679	0.01055	0.00582	0.00954	0.00570	0.00733	0.01365	0.00186	0.79620	0.00384	0.00190	0.00477
20	0.00877	0.02066	0.72173	0.03051	0.01881	0.01001	0.06815	0.01380	0.03188	0.01371	0.00826	0.01001	0.00600	0.00421	0.00420	0.00138	0.00630	0.01340	0.00194	0.00628
21	0.01633	0.00670	0.00888	0.00703	0.00992	0.00578	0.00573	0.01794	0.01195	0.65015	0.07572	0.01979	0.13159	0.00639	0.00449	0.00135	0.00334	0.00527	0.00510	0.00657
22	0.00830	0.00777	0.01283	0.51981	0.10840	0.00946	0.02814	0.01074	0.00830	0.01117	0.00807	0.01197	0.00660	0.00872	0.12692	0.00228	0.09967	0.00397	0.00200	0.00488
23	0.00594	0.00431	0.00561	0.00547	0.00639	0.00397	0.00403	0.00776	0.01155	0.01619	0.68070	0.15195	0.06085	0.00955	0.00514	0.00142	0.00211	0.00848	0.00461	0.00397
24	0.00893	0.00766	0.00893	0.00638	0.01021	0.00574	0.00510	0.01085	0.00893	0.01404	0.00766	0.00893	0.00638	0.00319	0.00319	0.00064	0.00319	0.00255	0.00255	0.87495
25	0.00992	0.00937	0.01535	0.02199	0.63378	0.00937	0.02871	0.01300	0.06397	0.01432	0.05962	0.01488	0.07696	0.00485	0.00441	0.00131	0.00462	0.00461	0.00259	0.00637
26	0.01151	0.01217	0.08027	0.12600	0.32098	0.10467	0.02804	0.11531	0.12931	0.01546	0.00953	0.01109	0.00741	0.00445	0.00425	0.00132	0.00535	0.00385	0.00269	0.00635
27	0.00511	0.00436	0.00439	0.00439	0.00583	0.00365	0.00329	0.00622	0.00987	0.01175	0.05975	0.04126	0.80381	0.01087	0.00509	0.00145	0.00218	0.00906	0.00402	0.00365
28	0.00540	0.00381	0.00495	0.00581	0.00602	0.00360	0.00379	0.00604	0.00796	0.01061	0.02225	0.72571	0.02661	0.13616	0.00791	0.00211	0.00275	0.01137	0.00379	0.00337
29	0.01082	0.15388	0.04187	0.08952	0.39247	0.05887	0.15610	0.02257	0.00983	0.01303	0.00775	0.01005	0.00635	0.00387	0.00414	0.00126	0.00566	0.00372	0.00209	0.00613
30	0.00891	0.00534	0.00578	0.00541	0.00673	0.00550	0.00416	0.13775	0.01100	0.01727	0.06890	0.10565	0.01478	0.00645	0.00373	0.00119	0.00257	0.03349	0.55090	0.00449
31	0.00954	0.00859	0.01363	0.63175	0.04882	0.01013	0.05372	0.12819	0.01045	0.01368	0.00812	0.01124	0.00606	0.00436	0.00432	0.00139	0.00560	0.00388	0.00230	0.02422
32	0.01538	0.00676	0.01680	0.00730	0.00993	0.00596	0.00588	0.01754	0.05451	0.57399	0.09763	0.13850	0.01634	0.00689	0.00458	0.00140	0.00334	0.00586	0.00499	0.00641
33	0.00587	0.00429	0.00551	0.00543	0.00635	0.00393	0.00399	0.00761	0.01133	0.01575	0.62105	0.16837	0.10492	0.00977	0.00515	0.00143	0.00212	0.00864	0.00456	0.00393
34	0.01402	0.01066	0.01217	0.13124	0.01513	0.01195	0.00836	0.58157	0.07339	0.02305	0.01135	0.06702	0.00892	0.00565	0.00439	0.00136	0.00464	0.00450	0.00394	0.00666
35	0.00812	0.00712	0.01161	0.71573	0.02605	0.00875	0.01065	0.01086	0.00867	0.01175	0.00860	0.01216	0.00652	0.00441	0.00412	0.00137	0.00519	0.00386	0.12979	0.00467
36	0.00882	0.06639	0.76998	0.01211	0.01830	0.01039	0.02865	0.01360	0.00909	0.01346	0.00765	0.00902	0.00548	0.00406	0.00404	0.00134	0.00629	0.00317	0.00183	0.00631
37	0.00761	0.00483	0.00561	0.00543	0.00685	0.00429	0.00414	0.00873	0.00964	0.13074	0.03193	0.06077	0.45271	0.13234	0.00756	0.00191	0.00294	0.11392	0.00399	0.00407
38	0.01612	0.01973	0.01228	0.01098	0.01332	0.75381	0.00831	0.09208	0.01297	0.01212	0.00701	0.00801	0.00572	0.00451	0.00392	0.00113	0.00748	0.00288	0.00242	0.00521
39	0.00626	0.00418	0.00470	0.00470	0.00470	0.00418	0.00261	0.00626	0.00626	0.00835	0.01357	0.02819	0.01566	0.84862	0.02192	0.00418	0.00418	0.00626	0.00261	0.00261
40	0.01596	0.01186	0.01270	0.00983	0.01320	0.01317	0.00809	0.75054	0.07776	0.02649	0.01086	0.01076	0.00775	0.00522	0.00431	0.00130	0.00464	0.00395	0.00431	0.00729
41	0.01534	0.01155	0.01234	0.00970	0.01296	0.01287	0.00794	0.66353	0.16580	0.02547	0.01166	0.01139	0.00839	0.00529	0.00432	0.00132	0.00450	0.00406	0.00432	0.00723
42	0.00870	0.00587	0.00815	0.02094	0.13689	0.00549	0.00585	0.02072	0.01144	0.12800	0.41728	0.02693	0.15464	0.00769	0.00479	0.00135	0.00286	0.00671	0.02076	0.00494
43	0.00832	0.01937	0.68183	0.01167	0.01715	0.00935	0.03816	0.01277	0.00881	0.01311	0.00832	0.01032	0.00627	0.00822	0.12566	0.00218	0.00715	0.00345	0.00190	0.00598
44	0.13979	0.00991	0.06632	0.00906	0.02114	0.00861	0.10131	0.14432	0.01128	0.14875	0.00951	0.01016	0.00694	0.00410	0.00378	0.00111	0.00426	0.00338	0.00321	0.29305
45	0.00634	0.00470	0.00615	0.00692	0.00794	0.00451	0.00580	0.00800	0.00972	0.01241	0.02765	0.12961	0.20636	0.01184	0.00571	0.00184	0.00341	0.53328	0.00398	0.00384
46	0.00899	0.07138	0.55085	0.13470	0.08279	0.01045	0.05560	0.01318	0.00911	0.01307	0.00769	0.00956	0.00567	0.00405	0.00410	0.00134	0.00611	0.00337	0.00188	0.00609
47	0.01192	0.01338	0.01437	0.22298	0.23473	0.32053	0.05315	0.01402	0.01038	0.01185	0.00787	0.01094	0.00657	0.00448	0.00441	0.00130	0.02226	0.02725	0.00216	0.00544
48	0.00621	0.00415	0.00471	0.00477	0.00478	0.00414	0.00269	0.00625	0.00637	0.00850	0.01412	0.07234	0.01635	0.80352	0.02104	0.00405	0.00409	0.00659	0.00269	0.00266
49	0.00826	0.00778	0.01314	0.79836	0.06860	0.00960	0.01202	0.01111	0.00867	0.01116	0.00768	0.01144	0.00580	0.00428	0.00430	0.00143	0.00571	0.00383	0.00192	0.00489
50	0.00521	0.00391	0.00483	0.00556	0.00613	0.00354	0.00380	0.00605	0.00867	0.01117	0.02906	0.63067	0.24019	0.01280	0.00539	0.00167	0.00241	0.01140	0.00400	0.00354
51	0.00903	0.13810	0.58676	0.01188	0.04115	0.01066	0.05888	0.01316	0.00934	0.01341	0.06207	0.01052	0.00793	0.00432	0.00403	0.00130	0.00584	0.00350	0.00205	0.00607
52	0.00944	0.01046	0.02242	0.01637	0.02012	0.00981	0.68829	0.01265	0.00989	0.01339	0.01092	0.13415	0.00976	0.00508	0.00514	0.00150	0.00656	0.00614	0.00245	0.00547
53	0.00948	0.00879	0.01470	0.06556	0.60506	0.00886	0.01138	0.01175	0.00952	0.01338	0.01136	0.13592	0.01115	0.00582	0.00456	0.00140	0.00469	0.05806	0.00252	0.00603
54	0.00701	0.00467	0.00609	0.00586	0.00705	0.00430	0.00457	0.00892	0.01162	0.07031	0.57341	0.04410	0.10191	0.00926	0.00516	0.00146	0.00244	0.12302	0.00460	0.00423
55	0.00602	0.00454	0.00624	0.00781	0.08390	0.00438	0.00473	0.00706	0.02384	0.01104	0.02064	0.62985	0.02424	0.13509	0.00777	0.00206	0.00301	0.01042	0.00362	0.00375
56	0.00626	0.00419	0.00476	0.00476	0.00478	0.00421	0.00269	0.00630	0.00628	0.00840	0.01352	0.02788	0.01553	0.82608	0.04428	0.00425	0.00438	0.00622	0.00260	0.00264
57	0.01066	0.01023	0.01748	0.02644	0.82174	0.01023	0.01322	0.01322	0.00981	0.01407	0.00810	0.01066	0.00682	0.00384	0.00426	0.00128	0.00512	0.00384	0.00213	0.00682
58	0.84353	0.00883	0.00657	0.00589	0.00854	0.04348	0.00482	0.01285	0.00753	0.01897	0.00603	0.00703	0.00470	0.00402	0.00272	0.00132	0.00351	0.00235	0.00265	0.00468
59	0.00852	0.00812	0.01327	0.64765	0.07985	0.01021	0.01163	0.01105	0.00836	0.01111	0.00736	0.01109	0.00580	0.00481	0.00592	0.00150	0.14311	0.00382	0.00192	0.00491
60	0.00735	0.00462	0.00505	0.00471	0.00614	0.00420	0.00354	0.00913	0.00936	0.01486	0.09546	0.07591	0.12952	0.00676	0.01090	0.00115	0.00232	0.00544	0.47171	0.13185
61	0.00552	0.00404	0.00517	0.00597	0.00649	0.00377	0.00424	0.00646	0.00861	0.01122	0.02599	0.56878	0.14353	0.05750	0.00638	0.00187	0.00275	0.12425	0.00392	0.00354
62	0.00864	0.02228	0.82630	0.01228	0.01864	0.01000	0.01592	0.01364	0.00909	0.01364	0.00773	0.00909	0.00546	0.00409	0.00409	0.00136	0.00637	0.00318	0.00182	0.00637
63	0.00874	0.02157	0.77251	0.01267	0.01890	0.01006	0.06899	0.01365	0.00917	0.01365	0.00780	0.00926	0.00553	0.00406	0.00416	0.00137	0.00643	0.00331	0.00184	0.00633
64	0.00879	0.00496	0.00669	0.00624	0.00675	0.00515	0.00439	0.12338	0.00776	0.01037	0.00790	0.01269	0.00746	0.01353	0.01500	0.74639	0.00389	0.00376	0.00223	0.00267
65	0.00863	0.00660	0.00828	0.03257	0.12709	0.04891	0.00569	0.02673	0.00800	0.06494	0.01204	0.03218	0.01227	0.43373	0.12816	0.00354	0.02862	0.00526	0.00268	0.00408
66	0.00775	0.00533	0.00591	0.00546	0.00597	0.00552	0.00343	0.12393	0.00832	0.01111	0.01310	0.02557	0.01444	0.72473	0.01934	0.00375	0.00426	0.00591	0.00286	0.00330
67	0.00906	0.10135	0.69394	0.01157	0.01741	0.01073	0.01448	0.01419	0.06312	0.01360	0.00822	0.00935	0.00598	0.00417	0.00398	0.00133	0.00600	0.00321	0.00199	0.00632
68	0.00636	0.00439	0.00550	0.00574	0.00606	0.00450	0.00396	0.00702	0.00718	0.00962	0.01548	0.05257	0.01720	0.53120	0.13706	0.00406	0.00517	0.17095	0.00289	0.00310
69	0.87904	0.00833	0.00633	0.00566	0.00833	0.00966	0.00467	0.01266	0.00733	0.01933	0.00600	0.00700	0.00467	0.00400	0.00267	0.00133	0.00333	0.00233	0.00267	0.00467
70	0.06564	0.00468	0.00545	0.00526	0.00597	0.00473	0.00356	0.00792	0.00712	0.02856	0.01240	0.05464	0.01267	0.37488	0.12047	0.09612	0.00458	0.00520	0.13039	0.04978
71	0.00610	0.00440	0.00576	0.00542	0.00644	0.00406	0.00406	0.00813	0.01219	0.01727	0.81947	0.03218	0.04064	0.00881	0.00508	0.00135	0.00203	0.00779	0.00474	0.00406
72	0.07801	0.00600	0.00738	0.00750	0.06257	0.00571	0.04771	0.05655	0.01024	0.01363	0.03128	0.05151	0.49027	0.00931	0.00490	0.00149	0.00313	0.10480	0.00368	0.00431
73	0.01058	0.00760	0.00920	0.02784	0.01083	0.00593	0.00548	0.01248	0.00947	0.14405	0.00915	0.00992	0.00705	0.00356	0.00340	0.00077	0.00333	0.00287	0.00298	0.71349
74	0.01288	0.02632	0.10039	0.00928	0.01162	0.43323	0.01876	0.03457	0.01074	0.05396	0.00933	0.01238	0.00801	0.12851	0.00649	0.00159	0.00605	0.00362	0.10739	0.00488
75	0.01519	0.01148	0.01226	0.00967	0.01291	0.01280	0.00790	0.64303	0.18654	0.02524	0.01185	0.01154	0.00855	0.00531	0.00432	0.00133	0.00446	0.00409	0.00432	0.00722
76	0.01010	0.00883	0.00913	0.00826	0.01044	0.04119	0.00639	0.02006	0.64113	0.01760	0.15905	0.01860	0.01772	0.00631	0.00449	0.00143	0.00333	0.00531	0.00436	0.00626
77	0.01609	0.02053	0.01221	0.01110	0.01332	0.83132	0.00832	0.01720	0.01221	0.01054	0.00666	0.00777	0.00555	0.00444	0.00388	0.00111	0.00777	0.00277	0.00222	0.00499
78	0.01172	0.01088	0.01015	0.00902	0.01143	0.13111	0.00700	0.08563	0.58825	0.01763	0.05819	0.01524	0.01302	0.00574	0.00434	0.00139	0.00408	0.00464	0.00408	0.00644
79	0.00748	0.00374	0.00561	0.00561	0.00561	0.00374	0.00374	0.00561	0.00561	0.00748	0.00748	0.01309	0.00748	0.01496	0.01684	0.87467	0.00374	0.00374	0.00187	0.00187
80	0.00987	0.01111	0.03621	0.01835	0.13872	0.01029	0.62252	0.01320	0.01007	0.01369	0.01095	0.01344	0.06120	0.00416	0.00495	0.00143	0.00659	0.00514	0.00229	0.00582
81	0.01491	0.01098	0.01201	0.00961	0.01268	0.01209	0.00799	0.67958	0.02938	0.02493	0.01227	0.01604	0.00997	0.00617	0.00455	0.00140	0.00461	0.11976	0.00426	0.00683
82	0.00801	0.00653	0.00741	0.00707	0.00863	0.00691	0.01460	0.05550	0.31422	0.01518	0.09043	0.27252	0.15715	0.00921	0.00490	0.00153	0.00293	0.00802	0.00420	0.00506
83	0.00546	0.00443	0.00477	0.00493	0.00619	0.00387	0.00376	0.00658	0.00953	0.01155	0.03792	0.05303	0.62867	0.07814	0.00657	0.00175	0.00261	0.12277	0.00388	0.00360
84	0.01976	0.01744	0.50429	0.05690	0.01873	0.01025	0.16091	0.01488	0.12747	0.01424	0.00933	0.01069	0.00679	0.00427	0.00431	0.00140	0.00603	0.00381	0.00228	0.00622
85	0.01738	0.00805	0.01026	0.00780	0.01122	0.00724	0.00641	0.13135	0.01296	0.59221	0.01468	0.01321	0.00956	0.00499	0.00416	0.00123	0.00375	0.00401	0.00478	0.13477
86	0.01806	0.00761	0.00996	0.00783	0.01103	0.00697	0.00640	0.02127	0.13007	0.70624	0.01707	0.01487	0.01103	0.00541	0.00434	0.00135	0.00363	0.00441	0.00519	0.00726
87	0.01003	0.00830	0.00952	0.00690	0.01067	0.00686	0.00556	0.12784	0.01060	0.01596	0.00805	0.00914	0.00652	0.00348	0.00335	0.00073	0.00342	0.00275	0.00281	0.74751
88	0.00906	0.14404	0.70824	0.01156	0.01753	0.01104	0.01466	0.01353	0.00904	0.01313	0.00747	0.00877	0.00547	0.00403	0.00390	0.00130	0.00611	0.00305	0.00182	0.00624
89	0.01681	0.01137	0.01250	0.00958	0.01301	0.01233	0.00791	0.69188	0.01909	0.14430	0.01132	0.01098	0.00782	0.00519	0.00431	0.00130	0.00458	0.00394	0.00446	0.00733
90	0.00993	0.01143	0.05230	0.01621	0.02056	0.01010	0.65953	0.01336	0.00995	0.01383	0.00852	0.01113	0.00647	0.00358	0.00477	0.00133	0.00663	0.00464	0.00222	0.13349
91	0.00721	0.00558	0.00772	0.00824	0.00911	0.00610	0.00711	0.00899	0.00942	0.01245	0.02140	0.04246	0.06446	0.01121	0.00711	0.00194	0.12678	0.63500	0.00366	0.00406
92	0.00669	0.00478	0.00666	0.00765	0.00853	0.00474	0.00651	0.00849	0.00967	0.01261	0.02294	0.16569	0.02533	0.01213	0.00588	0.00195	0.00375	0.67811	0.00397	0.00390
93	0.00893	0.00766	0.00893	0.00638	0.01021	0.00574	0.00510	0.01085	0.00893	0.01404	0.00766	0.00893	0.00638	0.00319	0.00319	0.00064	0.00319	0.00255	0.00255	0.87495
94	0.01726	0.00680	0.00926	0.00742	0.01030	0.00592	0.00599	0.01879	0.01173	0.70521	0.01799	0.13674	0.01328	0.00653	0.00450	0.00139	0.00349	0.00549	0.00514	0.00677
95	0.01357	0.13779	0.01543	0.01488	0.24980	0.31490	0.00965	0.13020	0.01191	0.01393	0.00747	0.00894	0.00618	0.00440	0.00436	0.00119	0.04381	0.00322	0.00243	0.00594
96	0.00588	0.00430	0.00552	0.00541	0.00635	0.00394	0.00398	0.00764	0.01139	0.01583	0.63054	0.15255	0.11124	0.00969	0.00514	0.00142	0.00211	0.00857	0.00456	0.00394
97	0.00524	0.00377	0.00498	0.00595	0.00624	0.00350	0.00398	0.00600	0.00829	0.01101	0.02429	0.82360	0.05034	0.01342	0.00549	0.00174	0.00249	0.01216	0.00400	0.00350
98	0.01576	0.08710	0.01316	0.01062	0.01314	0.64470	0.00823	0.13291	0.01311	0.01295	0.00714	0.00808	0.00581	0.00448	0.00386	0.00112	0.00707	0.00290	0.00250	0.00538
99	0.87904	0.00833	0.00633	0.00566	0.00833	0.00966	0.00467	0.01266	0.00733	0.01933	0.00600	0.00700	0.00467	0.00400	0.00267	0.00133	0.00333	0.00233	0.00267	0.00467
100	0.01501	0.01874	0.01259	0.01125	0.01318	0.69665	0.02259	0.01614	0.01135	0.01057	0.00655	0.00808	0.00558	0.00488	0.00541	0.00123	0.13011	0.00296	0.00217	0.00497
101	0.00577	0.00440	0.00531	0.00514	0.00629	0.00394	0.00387	0.00746	0.01128	0.01516	0.52474	0.04667	0.30411	0.00966	0.00511	0.00141	0.00214	0.02918	0.00446	0.00391
102	0.00765	0.00611	0.00706	0.00656	0.00809	0.00639	0.00499	0.01319	0.29764	0.01696	0.45601	0.05401	0.08198	0.00805	0.00485	0.00141	0.00255	0.00698	0.00454	0.00500
103	0.00512	0.00436	0.00440	0.00439	0.00584	0.00365	0.00329	0.00624	0.00988	0.01179	0.06506	0.04120	0.79848	0.01085	0.00509	0.00145	0.00218	0.00906	0.00402	0.00365
104	0.00876	0.02141	0.76091	0.01276	0.01896	0.01008	0.08043	0.01365	0.00918	0.01365	0.00781	0.00930	0.00554	0.00405	0.00417	0.00137	0.00644	0.00334	0.00185	0.00632
105	0.01004	0.00854	0.00916	0.00827	0.01050	0.00974	0.00641	0.02072	0.69620	0.01791	0.13532	0.01844	0.01719	0.00628	0.00449	0.00145	0.00321	0.00530	0.00444	0.00641
106	0.01214	0.01316	0.06916	0.05053	0.38876	0.19416	0.01107	0.12126	0.01146	0.01462	0.00821	0.01025	0.00669	0.00589	0.05255	0.00159	0.01632	0.00361	0.00242	0.00617
107	0.00624	0.00426	0.00514	0.00514	0.00530	0.00442	0.00317	0.00655	0.00640	0.00868	0.01316	0.02593	0.01468	0.68510	0.18410	0.00473	0.00565	0.00593	0.00255	0.00286
108	0.00621	0.00440	0.00584	0.00584	0.00623	0.00479	0.00403	0.00699	0.00660	0.00920	0.01253	0.02242	0.01316	0.43086	0.43626	0.00558	0.00794	0.00542	0.00246	0.00324
109	0.01152	0.85121	0.02257	0.00737	0.01106	0.01704	0.00737	0.01290	0.00875	0.01013	0.00599	0.00691	0.00553	0.00369	0.00276	0.00092	0.00461	0.00230	0.00184	0.00553
110	0.18808	0.44035	0.15353	0.00817	0.01196	0.08044	0.00830	0.01363	0.00894	0.04336	0.00675	0.00766	0.00554	0.00394	0.00312	0.00111	0.00487	0.00257	0.00217	0.00552
111	0.01156	0.51987	0.12805	0.00904	0.02988	0.15742	0.00863	0.01352	0.01962	0.01091	0.00748	0.05237	0.00687	0.00443	0.00334	0.00107	0.00528	0.00310	0.00206	0.00548
112	0.00725	0.00763	0.10550	0.00756	0.00919	0.00647	0.00630	0.01169	0.22899	0.01341	0.04221	0.45949	0.04061	0.00996	0.00517	0.00161	0.01957	0.00877	0.00382	0.00480
113	0.00589	0.00438	0.00604	0.00743	0.06111	0.00428	0.00473	0.00683	0.00834	0.01145	0.02161	0.71932	0.02539	0.01221	0.00555	0.00168	0.02877	0.01098	0.05021	0.00379
114	0.00545	0.00432	0.00472	0.00469	0.00583	0.00379	0.00339	0.00660	0.00983	0.01240	0.20281	0.07009	0.52699	0.11159	0.00714	0.00177	0.00240	0.00860	0.00399	0.00360
115	0.01524	0.00932	0.01058	0.00851	0.01149	0.00987	0.00690	0.30976	0.21931	0.26826	0.01448	0.01353	0.01010	0.00538	0.00424	0.00133	0.00388	0.00428	0.06657	0.00696
116	0.01103	0.00960	0.01146	0.01160	0.12864	0.01074	0.03034	0.08161	0.60037	0.01793	0.01580	0.01515	0.02507	0.00552	0.00439	0.00142	0.00385	0.00472	0.00398	0.00678
117	0.01554	0.01165	0.01246	0.00974	0.01304	0.01297	0.00799	0.69215	0.13683	0.02581	0.01140	0.01118	0.00818	0.00527	0.00432	0.00132	0.00454	0.00402	0.00432	0.00725
118	0.00854	0.00799	0.01282	0.37584	0.29693	0.01719	0.01061	0.01100	0.00953	0.01270	0.08628	0.01659	0.10543	0.00534	0.00445	0.00137	0.00479	0.00480	0.00250	0.00529
119	0.00687	0.00626	0.06139	0.00647	0.00797	0.00540	0.00530	0.01046	0.12932	0.01644	0.55533	0.11096	0.03279	0.00857	0.00497	0.00142	0.00260	0.01852	0.00441	0.00456
120	0.00756	0.00692	0.01128	0.64231	0.04190	0.00829	0.01024	0.00999	0.00867	0.01111	0.01245	0.13603	0.06380	0.00609	0.00453	0.00148	0.00501	0.00542	0.00237	0.00456
121	0.00694	0.00503	0.00629	0.00663	0.00739	0.00507	0.00471	0.12382	0.00992	0.01330	0.02095	0.66742	0.02419	0.01354	0.06080	0.00203	0.00344	0.01050	0.00393	0.00408
122	0.00602	0.00418	0.00522	0.00543	0.00565	0.00428	0.00348	0.00650	0.00682	0.00926	0.01533	0.20088	0.01740	0.50179	0.18511	0.00422	0.00533	0.00720	0.00285	0.00305
123	0.00814	0.00504	0.00738	0.00710	0.00826	0.00549	0.00563	0.00973	0.00792	0.12986	0.01310	0.01872	0.01170	0.02697	0.65459	0.00577	0.00987	0.05751	0.00286	0.00437
124	0.00697	0.01820	0.04224	0.00759	0.00954	0.00584	0.12241	0.00982	0.06506	0.01535	0.43422	0.02880	0.20067	0.00804	0.00496	0.00139	0.00314	0.00721	0.00402	0.00453

[dist]
# distance from previous block
# <min> <max>
0	18

# created by:
# /st0/software/busco_prod/Augustus/scripts/msa2prfl.pl ./align_prep/124433.fa
