[name]
unknown

[dist]
# distance from previous block
# <min> <max>
0	165

[block]
# block no. 0 follows, 53 sequences, length 27
# corresponding to MSA columns:
# 165-191
name=unknown_A
#
# <colnr> <probs for GDERKNQSTAVLIFYWHMCP>
#	G	D	E	R	K	N	Q	S	T	A	V	L	I	F	Y	W	H	M	C	P
0	0.02148	0.00821	0.02808	0.04160	0.08733	0.06547	0.00854	0.04377	0.02261	0.01487	0.05921	0.03749	0.02105	0.01074	0.00675	0.05950	0.00486	0.44967	0.00381	0.00495
1	0.00751	0.00570	0.00775	0.06302	0.08150	0.00545	0.00600	0.01961	0.01023	0.04325	0.05710	0.41305	0.18792	0.02938	0.00604	0.00179	0.00335	0.02005	0.00411	0.02720
2	0.01043	0.02659	0.02294	0.00676	0.00859	0.00752	0.00548	0.16110	0.01232	0.01888	0.04686	0.03420	0.05908	0.00829	0.05565	0.00170	0.04323	0.00504	0.44324	0.02212
3	0.00927	0.00770	0.03036	0.13115	0.05892	0.00769	0.00782	0.05017	0.00982	0.04366	0.03316	0.10011	0.01252	0.05414	0.21873	0.01660	0.04146	0.00544	0.00301	0.15824
4	0.01233	0.17143	0.28244	0.01039	0.01492	0.06031	0.01087	0.04963	0.04067	0.10576	0.02395	0.02616	0.00869	0.00653	0.04343	0.00163	0.02521	0.00386	0.00294	0.09886
5	0.62761	0.01028	0.04685	0.00742	0.01076	0.01070	0.00643	0.09679	0.01045	0.12187	0.00881	0.00935	0.00638	0.00477	0.00346	0.00148	0.00407	0.00310	0.00348	0.00596
6	0.01097	0.00978	0.01607	0.20089	0.40264	0.01024	0.04934	0.01458	0.07156	0.05078	0.06122	0.04377	0.02613	0.00548	0.00492	0.00151	0.00535	0.00515	0.00296	0.00665
7	0.00775	0.00585	0.00856	0.00777	0.00923	0.00544	0.08852	0.00932	0.01077	0.06703	0.16921	0.29928	0.21647	0.04284	0.00672	0.00182	0.02459	0.00989	0.00435	0.00459
8	0.13021	0.01168	0.01267	0.00983	0.01351	0.01256	0.00812	0.51654	0.01865	0.20004	0.01247	0.01205	0.00856	0.00561	0.00455	0.00145	0.00479	0.00419	0.00479	0.00774
9	0.00693	0.00474	0.00606	0.00661	0.00725	0.00451	0.00456	0.00841	0.03941	0.04367	0.11901	0.54144	0.05582	0.09883	0.00785	0.00214	0.00302	0.03114	0.00445	0.00418
10	0.03673	0.00669	0.00881	0.00896	0.05790	0.01806	0.03565	0.02163	0.08200	0.03989	0.08647	0.07633	0.04398	0.17180	0.19279	0.00358	0.00612	0.06334	0.03444	0.00483
11	0.03298	0.06262	0.00854	0.00652	0.00858	0.00835	0.00524	0.20761	0.02829	0.02046	0.01379	0.01554	0.01076	0.02111	0.00410	0.00127	0.00330	0.00431	0.53108	0.00555
12	0.00788	0.00542	0.00623	0.00595	0.00635	0.00562	0.00373	0.07229	0.00832	0.01120	0.01453	0.02835	0.01605	0.68190	0.10295	0.00468	0.00552	0.00654	0.00302	0.00347
13	0.00812	0.00580	0.00683	0.00677	0.00801	0.00569	0.00494	0.07177	0.06691	0.04319	0.12800	0.30952	0.17025	0.08716	0.00736	0.00199	0.00318	0.03848	0.02133	0.00469
14	0.08611	0.00809	0.00941	0.00919	0.06308	0.00837	0.00658	0.14721	0.11442	0.11625	0.05818	0.19288	0.11336	0.00859	0.00501	0.00159	0.00368	0.00726	0.03469	0.00605
15	0.13622	0.01054	0.01142	0.00914	0.01262	0.01113	0.00743	0.27595	0.18336	0.18414	0.01371	0.01314	0.00975	0.00552	0.00442	0.00141	0.00430	0.00425	0.00457	0.09699
16	0.03990	0.00830	0.00930	0.00817	0.01034	0.04149	0.02295	0.17712	0.05304	0.11891	0.11181	0.19189	0.13189	0.02862	0.00573	0.00168	0.00388	0.02462	0.00460	0.00576
17	0.01033	0.00714	0.00829	0.00755	0.00935	0.00722	0.00570	0.15881	0.08771	0.08166	0.11915	0.24184	0.11708	0.07722	0.00696	0.00188	0.00354	0.02156	0.00461	0.02240
18	0.00957	0.06252	0.00893	0.00720	0.00922	0.00789	0.00560	0.11909	0.13238	0.04469	0.10942	0.14801	0.26450	0.04188	0.00600	0.00170	0.00338	0.00812	0.00447	0.00541
19	0.01174	0.00788	0.00916	0.00792	0.00973	0.04587	0.03547	0.12276	0.04481	0.14949	0.09539	0.11426	0.04945	0.24742	0.01072	0.00244	0.00434	0.00691	0.01892	0.00533
20	0.02953	0.00666	0.00769	0.00736	0.00886	0.00678	0.00542	0.12783	0.09054	0.05706	0.08364	0.36088	0.11303	0.06361	0.00672	0.00190	0.00338	0.00944	0.00454	0.00515
21	0.00740	0.00541	0.00693	0.00777	0.06044	0.00513	0.00505	0.02007	0.03494	0.04097	0.15735	0.33142	0.17034	0.11478	0.00804	0.00208	0.00316	0.00996	0.00431	0.00446
22	0.04310	0.00751	0.00878	0.00729	0.00982	0.00690	0.01671	0.10860	0.02545	0.05144	0.05799	0.14704	0.05096	0.08315	0.00668	0.02309	0.00366	0.00604	0.04509	0.29068
23	0.03260	0.01181	0.18773	0.00930	0.02708	0.04701	0.00842	0.13915	0.03194	0.01618	0.04681	0.14429	0.07722	0.13286	0.02614	0.02451	0.00502	0.00653	0.01999	0.00544
24	0.02702	0.00614	0.00792	0.00754	0.00881	0.00614	0.04255	0.06689	0.06344	0.02449	0.14441	0.30183	0.08708	0.11817	0.02852	0.00226	0.00378	0.04409	0.00426	0.00466
25	0.02906	0.07978	0.04216	0.02334	0.01183	0.02256	0.05698	0.11279	0.05030	0.05208	0.02713	0.24992	0.04371	0.04551	0.00577	0.00162	0.00428	0.00708	0.00374	0.13038
26	0.11592	0.00799	0.02742	0.04322	0.02981	0.04398	0.08828	0.03655	0.00985	0.03488	0.03084	0.21001	0.05067	0.13550	0.06952	0.00253	0.00514	0.00717	0.04595	0.00479

[dist]
# distance from previous block
# <min> <max>
9	37

[block]
# block no. 1 follows, 53 sequences, length 15
# corresponding to MSA columns:
# 229-243
name=unknown_B
#
# <colnr> <probs for GDERKNQSTAVLIFYWHMCP>
#	G	D	E	R	K	N	Q	S	T	A	V	L	I	F	Y	W	H	M	C	P
0	0.04549	0.00559	0.00669	0.00663	0.00779	0.00545	0.00477	0.04975	0.03780	0.06470	0.20030	0.34033	0.09841	0.09491	0.00748	0.00200	0.00310	0.00968	0.00453	0.00461
1	0.00875	0.00788	0.01168	0.01013	0.01157	0.05295	0.13705	0.01077	0.04226	0.01198	0.01265	0.08264	0.01222	0.08521	0.34220	0.07183	0.07510	0.00578	0.00273	0.00461
2	0.00853	0.00545	0.00730	0.00705	0.00816	0.00569	0.00525	0.01024	0.03559	0.10288	0.03626	0.09137	0.07728	0.17071	0.40041	0.00511	0.00811	0.00661	0.00345	0.00453
3	0.12487	0.00591	0.00647	0.00609	0.00769	0.00577	0.00454	0.03485	0.01080	0.10539	0.13621	0.15320	0.17947	0.09433	0.00690	0.00187	0.00311	0.00768	0.10009	0.00476
4	0.03051	0.00577	0.00644	0.00659	0.00759	0.02842	0.00475	0.03449	0.03714	0.01434	0.16288	0.27316	0.15306	0.14287	0.00868	0.00220	0.00336	0.06925	0.00426	0.00425
5	0.00819	0.07042	0.00785	0.00667	0.00807	0.00614	0.00507	0.03436	0.03713	0.05836	0.06425	0.29173	0.20897	0.07095	0.00685	0.00191	0.00329	0.07416	0.03101	0.00462
6	0.01534	0.01840	0.01171	0.01072	0.01291	0.60866	0.00807	0.03126	0.01290	0.01273	0.03148	0.01350	0.06896	0.00754	0.05358	0.00166	0.00772	0.00400	0.06358	0.00529
7	0.02394	0.00647	0.06880	0.00668	0.00798	0.00519	0.00536	0.00878	0.02334	0.01435	0.24769	0.18267	0.12239	0.19011	0.00972	0.00233	0.00347	0.06236	0.00412	0.00424
8	0.03055	0.00607	0.00703	0.00663	0.00803	0.00592	0.00483	0.10690	0.01175	0.07501	0.13590	0.23976	0.18087	0.14846	0.00865	0.00215	0.00337	0.00896	0.00441	0.00473
9	0.00830	0.00558	0.00669	0.00665	0.00804	0.00520	0.00495	0.06973	0.01161	0.08505	0.09741	0.34171	0.26811	0.01202	0.00573	0.00173	0.00301	0.04908	0.00466	0.00472
10	0.05325	0.00832	0.01213	0.26509	0.15417	0.00933	0.00971	0.03214	0.07133	0.02476	0.02840	0.08923	0.02166	0.04508	0.03596	0.02518	0.04403	0.01547	0.02245	0.03233
11	0.03480	0.00529	0.00604	0.00620	0.00720	0.01966	0.00445	0.00864	0.00958	0.04800	0.05360	0.23220	0.20698	0.16239	0.08521	0.00280	0.00420	0.04765	0.05101	0.00412
12	0.00928	0.00566	0.00735	0.02443	0.04542	0.00536	0.00525	0.02129	0.02298	0.13057	0.14806	0.24062	0.11383	0.10337	0.00783	0.02365	0.00331	0.00854	0.06839	0.00483
13	0.00804	0.00624	0.00748	0.07075	0.00963	0.03453	0.00547	0.04503	0.04765	0.01248	0.01656	0.21379	0.01761	0.26843	0.17837	0.00383	0.00605	0.00751	0.03631	0.00423
14	0.01170	0.07648	0.05613	0.29693	0.16504	0.09297	0.03895	0.03302	0.09155	0.03579	0.01004	0.01234	0.00778	0.00492	0.00476	0.00147	0.02025	0.00415	0.02944	0.00629

[dist]
# distance from previous block
# <min> <max>
0	3

[block]
# block no. 2 follows, 53 sequences, length 26
# corresponding to MSA columns:
# 247-272
name=unknown_C
#
# <colnr> <probs for GDERKNQSTAVLIFYWHMCP>
#	G	D	E	R	K	N	Q	S	T	A	V	L	I	F	Y	W	H	M	C	P
0	0.38650	0.11458	0.05173	0.00938	0.03532	0.09020	0.03517	0.07286	0.03372	0.01833	0.04007	0.02571	0.00827	0.00515	0.00424	0.00143	0.03962	0.00357	0.00299	0.02116
1	0.00999	0.05898	0.04944	0.03718	0.05262	0.08040	0.00676	0.06131	0.07754	0.01312	0.01388	0.02127	0.04216	0.34062	0.06982	0.00314	0.01854	0.00543	0.00302	0.03477
2	0.01227	0.23252	0.05386	0.01964	0.01181	0.01138	0.00771	0.09547	0.08605	0.12232	0.01586	0.10797	0.05492	0.03757	0.05001	0.00193	0.03790	0.03105	0.00366	0.00611
3	0.00707	0.00530	0.00787	0.00757	0.00840	0.00586	0.03661	0.00852	0.00778	0.01112	0.01350	0.03820	0.01329	0.19471	0.57954	0.00650	0.01043	0.00567	0.02799	0.00407
4	0.04065	0.03862	0.11662	0.03228	0.13710	0.01167	0.46694	0.01560	0.01106	0.06773	0.00984	0.01229	0.00734	0.00428	0.00514	0.00154	0.00706	0.00491	0.00260	0.00673
5	0.00634	0.00486	0.00576	0.00554	0.00681	0.00433	0.00412	0.00812	0.01230	0.01644	0.48575	0.03949	0.33315	0.03839	0.00627	0.00165	0.00240	0.00914	0.00487	0.00427
6	0.08780	0.00867	0.01064	0.00833	0.01177	0.00820	0.00685	0.13191	0.01421	0.55747	0.01790	0.01623	0.04429	0.00602	0.00462	0.00146	0.00405	0.00476	0.04727	0.00754
7	0.00801	0.00599	0.00738	0.00730	0.04161	0.00576	0.00526	0.03696	0.03838	0.05537	0.36600	0.05517	0.29549	0.00997	0.00592	0.00157	0.03578	0.00845	0.00471	0.00490
8	0.00914	0.00871	0.01502	0.78128	0.03253	0.01069	0.05112	0.01236	0.00964	0.01236	0.00855	0.01275	0.00641	0.00474	0.00482	0.00159	0.00645	0.00432	0.00214	0.00537
9	0.02078	0.00919	0.01175	0.00901	0.01273	0.00860	0.00744	0.17709	0.01545	0.64922	0.01737	0.01530	0.01108	0.00588	0.00480	0.00147	0.00431	0.00471	0.00569	0.00813
10	0.03457	0.00909	0.01016	0.00861	0.01127	0.03695	0.00681	0.16460	0.16831	0.22813	0.12393	0.08748	0.04194	0.00801	0.02150	0.00166	0.00413	0.00614	0.01999	0.00674
11	0.02553	0.00486	0.00536	0.00535	0.00564	0.00483	0.00319	0.01918	0.00773	0.01049	0.01822	0.06937	0.08430	0.67405	0.02063	0.00405	0.00429	0.00734	0.02239	0.00321
12	0.00582	0.00418	0.00552	0.00659	0.00692	0.00389	0.00441	0.00666	0.00921	0.01222	0.02708	0.80279	0.05725	0.01488	0.00609	0.00193	0.00276	0.01347	0.00444	0.00389
13	0.86579	0.00924	0.00702	0.00629	0.00924	0.01072	0.00518	0.01405	0.00813	0.02144	0.00666	0.00776	0.00518	0.00444	0.00296	0.00148	0.00370	0.00259	0.00296	0.00518
14	0.02733	0.00582	0.00730	0.00693	0.00812	0.00603	0.00510	0.02949	0.05446	0.10731	0.05017	0.08296	0.03449	0.24521	0.23641	0.00414	0.00639	0.03252	0.04519	0.00464
15	0.01006	0.00589	0.00717	0.00644	0.00828	0.00545	0.00498	0.01274	0.06713	0.17769	0.33191	0.03153	0.19455	0.02854	0.00570	0.00159	0.00286	0.02098	0.07121	0.00532
16	0.02261	0.00667	0.08184	0.00649	0.00737	0.00536	0.00494	0.00814	0.00799	0.01100	0.03634	0.10220	0.01894	0.57355	0.01842	0.00375	0.00460	0.07306	0.00314	0.00359
17	0.23051	0.00966	0.01062	0.00846	0.01184	0.00998	0.00695	0.22081	0.03308	0.34526	0.03233	0.01343	0.01006	0.00559	0.00432	0.00146	0.00418	0.00422	0.03007	0.00719
18	0.00963	0.00632	0.00744	0.00696	0.00868	0.00615	0.00525	0.06174	0.10900	0.11874	0.16760	0.22420	0.19838	0.01024	0.00541	0.00163	0.00303	0.00884	0.03542	0.00533
19	0.70014	0.00983	0.00821	0.00704	0.01011	0.01127	0.00580	0.14577	0.01063	0.02284	0.00770	0.00864	0.00585	0.00469	0.00328	0.00146	0.00393	0.00293	0.02422	0.00566
20	0.00586	0.00463	0.00524	0.00555	0.00664	0.00406	0.00395	0.00702	0.01050	0.01323	0.11939	0.29071	0.45529	0.03777	0.00636	0.00180	0.00258	0.01094	0.00448	0.00400
21	0.00687	0.00521	0.00671	0.00697	0.00761	0.00550	0.00496	0.00873	0.06227	0.01245	0.06448	0.35412	0.07091	0.14309	0.17771	0.00349	0.04162	0.00934	0.00378	0.00417
22	0.00725	0.00528	0.00627	0.00625	0.00754	0.00494	0.00463	0.00965	0.07095	0.04725	0.25550	0.20357	0.27412	0.03640	0.00625	0.00176	0.00276	0.04034	0.00472	0.00456
23	0.01246	0.00789	0.00993	0.02705	0.04201	0.00799	0.02297	0.15450	0.03934	0.18576	0.05195	0.02339	0.16445	0.09714	0.08517	0.00243	0.01936	0.00612	0.03415	0.00596
24	0.00953	0.03543	0.00926	0.00799	0.00971	0.06767	0.05466	0.05527	0.11862	0.02709	0.02236	0.22105	0.13928	0.08775	0.00690	0.00186	0.00398	0.00785	0.10870	0.00505
25	0.00895	0.00707	0.02342	0.00769	0.00908	0.03298	0.04341	0.04746	0.07558	0.05211	0.09985	0.16591	0.05922	0.23984	0.08925	0.00305	0.00498	0.00761	0.01786	0.00468

[dist]
# distance from previous block
# <min> <max>
0	1

[block]
# block no. 3 follows, 53 sequences, length 39
# corresponding to MSA columns:
# 274-285,291-317
name=unknown_D
#
# <colnr> <probs for GDERKNQSTAVLIFYWHMCP>
#	G	D	E	R	K	N	Q	S	T	A	V	L	I	F	Y	W	H	M	C	P
0	0.01125	0.09087	0.03196	0.00936	0.04924	0.06189	0.02194	0.04988	0.06268	0.03055	0.02274	0.03175	0.02571	0.00497	0.00408	0.00106	0.00438	0.03115	0.00312	0.45142
1	0.02912	0.14287	0.13446	0.00945	0.01321	0.08773	0.01900	0.10864	0.03599	0.06191	0.01151	0.08158	0.00996	0.00628	0.02086	0.00140	0.00521	0.01433	0.03702	0.16945
2	0.11400	0.02401	0.07070	0.01028	0.01372	0.04532	0.05952	0.31414	0.06820	0.02179	0.05956	0.01499	0.06513	0.00605	0.00509	0.00146	0.04100	0.00470	0.00385	0.05650
3	0.00766	0.00440	0.00621	0.00627	0.00663	0.00444	0.00436	0.00694	0.00735	0.01000	0.02934	0.06945	0.07942	0.03066	0.14045	0.53428	0.00516	0.00554	0.03857	0.00286
4	0.01147	0.02525	0.02040	0.10634	0.38031	0.01183	0.22393	0.04603	0.03264	0.01548	0.00941	0.01237	0.00758	0.00531	0.02369	0.00167	0.05233	0.00465	0.00251	0.00682
5	0.00997	0.00798	0.01044	0.03157	0.01174	0.03588	0.09718	0.06895	0.05495	0.07340	0.12203	0.05557	0.23103	0.00855	0.00528	0.00154	0.00405	0.07149	0.03261	0.06580
6	0.00695	0.00463	0.00521	0.00521	0.00521	0.00463	0.00290	0.00695	0.00695	0.00927	0.01506	0.03128	0.01738	0.83203	0.02433	0.00463	0.00463	0.00695	0.00290	0.00290
7	0.82432	0.00919	0.00722	0.00639	0.00939	0.01054	0.00527	0.01450	0.00841	0.05995	0.00725	0.00818	0.00550	0.00451	0.00305	0.00148	0.00372	0.00270	0.00310	0.00532
8	0.02355	0.00519	0.00650	0.02616	0.00799	0.00490	0.00478	0.00923	0.02244	0.07393	0.18732	0.11140	0.23989	0.03299	0.02212	0.14904	0.00331	0.04523	0.01982	0.00420
9	0.00683	0.00512	0.00768	0.00768	0.00853	0.00597	0.00597	0.00853	0.00768	0.01110	0.01280	0.01878	0.01195	0.03585	0.81308	0.00768	0.01280	0.00512	0.00256	0.00427
10	0.14208	0.00731	0.00826	0.00819	0.00996	0.00723	0.00643	0.01295	0.07559	0.08492	0.09137	0.11596	0.12359	0.03422	0.00668	0.01593	0.00403	0.23494	0.00474	0.00560
11	0.03185	0.00735	0.00813	0.00730	0.00929	0.00774	0.00571	0.11982	0.16182	0.09705	0.05172	0.05636	0.02987	0.05479	0.00566	0.00164	0.00347	0.05641	0.27822	0.00581
12	0.00661	0.00478	0.00578	0.00570	0.00653	0.00446	0.00398	0.00795	0.01084	0.01469	0.37899	0.08041	0.16193	0.25176	0.01118	0.00248	0.00307	0.03059	0.00436	0.00392
13	0.00673	0.00479	0.00651	0.00756	0.00820	0.00465	0.00584	0.00814	0.00989	0.01302	0.02535	0.44145	0.02910	0.05203	0.00717	0.00218	0.00360	0.35539	0.00435	0.00407
14	0.01889	0.01078	0.01255	0.00978	0.01343	0.01113	0.00803	0.37297	0.10412	0.36335	0.01554	0.01425	0.01044	0.00590	0.00480	0.00147	0.00458	0.00464	0.00528	0.00807
15	0.02968	0.00675	0.00719	0.00685	0.00794	0.01910	0.00472	0.03438	0.21307	0.01382	0.04692	0.06882	0.06338	0.42346	0.01479	0.00315	0.00415	0.02351	0.00374	0.00456
16	0.00695	0.00463	0.00521	0.00521	0.00521	0.00463	0.00290	0.00695	0.00695	0.00927	0.01506	0.03128	0.01738	0.83203	0.02433	0.00463	0.00463	0.00695	0.00290	0.00290
17	0.01046	0.01046	0.01464	0.01255	0.01255	0.01464	0.01046	0.01150	0.00732	0.01150	0.00627	0.01046	0.00627	0.00837	0.01569	0.00209	0.82328	0.00418	0.00209	0.00523
18	0.00708	0.00518	0.00693	0.00692	0.00755	0.00574	0.00496	0.00876	0.04609	0.01096	0.01437	0.05190	0.01461	0.30125	0.47943	0.00615	0.00926	0.00605	0.00285	0.00395
19	0.01651	0.01256	0.01341	0.01066	0.01419	0.01405	0.00868	0.58493	0.22652	0.02744	0.01359	0.01316	0.00984	0.00594	0.00480	0.00148	0.00487	0.00459	0.00480	0.00798
20	0.00959	0.02472	0.80726	0.01362	0.02069	0.01110	0.01766	0.01514	0.01009	0.01514	0.00858	0.01009	0.00605	0.00454	0.00454	0.00151	0.00706	0.00353	0.00202	0.00706
21	0.00692	0.00476	0.00585	0.00585	0.00607	0.00498	0.00369	0.00736	0.00714	0.00974	0.01448	0.02805	0.01597	0.62635	0.22809	0.00542	0.00674	0.00648	0.00281	0.00325
22	0.00605	0.00433	0.00570	0.00665	0.00704	0.00406	0.00456	0.00702	0.00946	0.01262	0.07090	0.67811	0.04890	0.05289	0.00695	0.00205	0.00293	0.06148	0.00441	0.00391
23	0.11107	0.00955	0.01080	0.00882	0.01195	0.00995	0.00718	0.22575	0.13717	0.27193	0.09311	0.01784	0.02723	0.00650	0.00475	0.00152	0.00411	0.02862	0.00498	0.00717
24	0.00621	0.00511	0.00552	0.00550	0.00705	0.00453	0.00422	0.00814	0.04264	0.01422	0.15659	0.04393	0.60090	0.01161	0.00569	0.00164	0.00260	0.06506	0.00457	0.00427
25	0.02111	0.00842	0.01124	0.00864	0.01233	0.00748	0.00713	0.05918	0.02906	0.75401	0.01852	0.01607	0.01171	0.00592	0.00481	0.00148	0.00412	0.00479	0.00584	0.00812
26	0.00768	0.00465	0.00605	0.00610	0.00679	0.00439	0.00423	0.00772	0.00875	0.05330	0.07422	0.18109	0.17428	0.10241	0.05154	0.28806	0.00388	0.00783	0.00353	0.00349
27	0.01079	0.00783	0.00845	0.00755	0.00979	0.00830	0.00588	0.07769	0.32168	0.07208	0.09405	0.02474	0.18122	0.00772	0.00485	0.00150	0.00325	0.00640	0.14009	0.00614
28	0.01667	0.04629	0.01625	0.01336	0.01631	0.62430	0.13134	0.05439	0.01349	0.01312	0.00792	0.00940	0.00642	0.00480	0.00450	0.00129	0.00826	0.00352	0.00255	0.00582
29	0.00995	0.00865	0.01028	0.00751	0.01142	0.00702	0.00604	0.01199	0.00971	0.01526	0.00832	0.00995	0.00702	0.00392	0.00449	0.00082	0.06780	0.00294	0.00277	0.79414
30	0.05072	0.02641	0.04453	0.18311	0.24168	0.09084	0.04776	0.10362	0.02205	0.11078	0.01055	0.02855	0.00813	0.00505	0.00467	0.00147	0.00586	0.00435	0.00311	0.00676
31	0.01374	0.01099	0.04675	0.01055	0.03035	0.03594	0.03983	0.13888	0.37074	0.13599	0.02903	0.07561	0.01401	0.00678	0.00497	0.00158	0.00448	0.01794	0.00462	0.00724
32	0.00601	0.00432	0.00570	0.00649	0.00696	0.00401	0.00444	0.00713	0.01005	0.01360	0.18000	0.65599	0.04977	0.01389	0.00600	0.00185	0.00266	0.01254	0.00460	0.00401
33	0.01703	0.01363	0.01365	0.01088	0.01439	0.08203	0.00883	0.58598	0.15871	0.02676	0.01255	0.01236	0.00911	0.00580	0.00476	0.00145	0.00528	0.00439	0.00460	0.00781
34	0.00791	0.00627	0.00703	0.00664	0.00837	0.00610	0.00498	0.02548	0.17261	0.02835	0.17790	0.15078	0.29460	0.02710	0.00579	0.00165	0.00291	0.00871	0.00459	0.05223
35	0.01316	0.63677	0.03666	0.02872	0.08170	0.06802	0.00913	0.05465	0.01072	0.01272	0.00722	0.00844	0.00637	0.00427	0.00344	0.00111	0.00545	0.00288	0.00224	0.00632
36	0.01776	0.01307	0.01399	0.01079	0.01452	0.01448	0.00890	0.74511	0.04390	0.02952	0.01180	0.01182	0.00842	0.00575	0.00475	0.00143	0.00514	0.00434	0.02649	0.00802
37	0.00694	0.00468	0.00542	0.00542	0.00550	0.00475	0.00316	0.00709	0.00701	0.00942	0.01487	0.03021	0.01691	0.76400	0.09172	0.00489	0.00533	0.00679	0.00287	0.00301
38	0.00631	0.00491	0.00575	0.00597	0.00723	0.00441	0.00460	0.00784	0.01115	0.01421	0.18769	0.10729	0.41894	0.04140	0.00653	0.00184	0.00287	0.15238	0.00454	0.00414

[dist]
# distance from previous block
# <min> <max>
0	1

[block]
# block no. 4 follows, 53 sequences, length 32
# corresponding to MSA columns:
# 319-350
name=unknown_E
#
# <colnr> <probs for GDERKNQSTAVLIFYWHMCP>
#	G	D	E	R	K	N	Q	S	T	A	V	L	I	F	Y	W	H	M	C	P
0	0.00579	0.00430	0.00541	0.00629	0.00684	0.00391	0.00428	0.00670	0.00950	0.01234	0.03075	0.67278	0.18490	0.01440	0.00601	0.00188	0.00270	0.01289	0.00444	0.00391
1	0.01711	0.04350	0.01364	0.02631	0.01481	0.73056	0.00915	0.01885	0.04247	0.01199	0.00795	0.00922	0.00660	0.00560	0.02109	0.00138	0.00839	0.00321	0.00254	0.00560
2	0.01054	0.04158	0.01503	0.01238	0.01254	0.01480	0.01037	0.01161	0.00741	0.01149	0.00629	0.01035	0.00627	0.00820	0.01521	0.00205	0.79240	0.00412	0.00209	0.00526
3	0.01817	0.01339	0.01434	0.01100	0.01482	0.01482	0.00908	0.78627	0.02247	0.03012	0.01148	0.01148	0.00813	0.00574	0.00478	0.00143	0.00526	0.00430	0.00478	0.00813
4	0.00750	0.00604	0.00723	0.02296	0.02620	0.01759	0.00506	0.00941	0.02830	0.01551	0.29841	0.08942	0.22454	0.00966	0.00587	0.04272	0.00298	0.02033	0.00422	0.15605
5	0.01469	0.05033	0.15972	0.01233	0.01645	0.01032	0.17398	0.03216	0.01158	0.30542	0.01265	0.01383	0.00900	0.00551	0.00607	0.00154	0.09776	0.02073	0.00368	0.04227
6	0.00683	0.00512	0.00768	0.00768	0.00853	0.00597	0.00597	0.00853	0.00768	0.01110	0.01280	0.01878	0.01195	0.03585	0.81308	0.00768	0.01280	0.00512	0.00256	0.00427
7	0.46084	0.00924	0.00896	0.00842	0.04854	0.03870	0.02086	0.02744	0.08519	0.10081	0.04953	0.01399	0.05795	0.00610	0.00457	0.04154	0.00400	0.00409	0.00358	0.00567
8	0.02937	0.00501	0.00576	0.00579	0.00715	0.00448	0.00435	0.00827	0.01130	0.04123	0.22831	0.16472	0.40318	0.01162	0.00567	0.00166	0.00263	0.05054	0.00465	0.00432
9	0.02144	0.00813	0.01109	0.00850	0.01220	0.00702	0.00702	0.02329	0.01368	0.80552	0.01886	0.01627	0.01183	0.00592	0.00481	0.00148	0.00407	0.00481	0.00592	0.00813
10	0.02099	0.00804	0.01091	0.00840	0.01204	0.00694	0.00693	0.02282	0.01360	0.78261	0.01971	0.01713	0.03462	0.00609	0.00483	0.00148	0.00402	0.00496	0.00587	0.00802
11	0.03730	0.00635	0.00732	0.00653	0.00842	0.00620	0.00505	0.05492	0.07464	0.14593	0.23095	0.02723	0.14027	0.05072	0.00587	0.00162	0.00306	0.01892	0.16331	0.00539
12	0.04291	0.00904	0.01076	0.00885	0.01183	0.00913	0.00711	0.21394	0.10311	0.34089	0.04314	0.11242	0.01492	0.02244	0.00533	0.00162	0.00413	0.02614	0.00513	0.00716
13	0.01787	0.01310	0.01402	0.01078	0.01452	0.01448	0.00890	0.76097	0.02207	0.02972	0.01161	0.01168	0.00826	0.00573	0.00473	0.00142	0.00516	0.00431	0.03265	0.00801
14	0.00830	0.00415	0.00623	0.00623	0.00623	0.00415	0.00415	0.00623	0.00623	0.00830	0.00830	0.01453	0.00830	0.01660	0.01868	0.86094	0.00415	0.00415	0.00208	0.00208
15	0.00688	0.00537	0.00612	0.00619	0.00757	0.00504	0.00462	0.00956	0.09483	0.02668	0.16380	0.20286	0.38187	0.01167	0.00569	0.00169	0.00274	0.04764	0.00464	0.00454
16	0.00959	0.02472	0.80726	0.01362	0.02069	0.01110	0.01766	0.01514	0.01009	0.01514	0.00858	0.01009	0.00605	0.00454	0.00454	0.00151	0.00706	0.00353	0.00202	0.00706
17	0.00747	0.00476	0.00567	0.00559	0.00578	0.00480	0.00337	0.00756	0.00718	0.03420	0.01458	0.02873	0.01619	0.68849	0.09241	0.05532	0.00530	0.00656	0.00291	0.00313
18	0.08450	0.00563	0.00640	0.00617	0.00726	0.00553	0.00430	0.02143	0.02127	0.09492	0.08416	0.14530	0.10517	0.34364	0.01298	0.00287	0.00378	0.03652	0.00391	0.00424
19	0.00683	0.00524	0.00609	0.00614	0.00734	0.00499	0.00447	0.00955	0.09297	0.01545	0.26199	0.22849	0.26011	0.02907	0.00599	0.00171	0.00264	0.00974	0.03669	0.00450
20	0.00953	0.02367	0.76142	0.03802	0.02067	0.01090	0.01716	0.01481	0.00997	0.01486	0.00857	0.01029	0.00613	0.00487	0.00493	0.02477	0.00696	0.00357	0.00202	0.00688
21	0.00996	0.00771	0.01078	0.31425	0.01826	0.03327	0.00881	0.02480	0.03409	0.09402	0.16347	0.05159	0.04939	0.02158	0.05416	0.01777	0.04933	0.02796	0.00352	0.00527
22	0.00787	0.00627	0.00998	0.00901	0.01001	0.00719	0.07732	0.00920	0.00782	0.01126	0.01139	0.01727	0.01066	0.05833	0.50424	0.11059	0.10075	0.00500	0.02157	0.00426
23	0.00675	0.00477	0.00613	0.00636	0.00672	0.00501	0.00430	0.00753	0.00788	0.01088	0.01778	0.22956	0.03414	0.35530	0.22590	0.00453	0.02488	0.00807	0.02989	0.00363
24	0.00677	0.00457	0.00560	0.00586	0.00617	0.00458	0.00377	0.00727	0.00787	0.01076	0.01864	0.21447	0.05469	0.42364	0.12133	0.03969	0.00503	0.00815	0.04775	0.00340
25	0.01018	0.02144	0.03183	0.02960	0.01221	0.03095	0.00647	0.02589	0.01024	0.01549	0.02945	0.01077	0.00807	0.00443	0.01580	0.00094	0.02141	0.00313	0.00285	0.70883
26	0.15772	0.24692	0.17204	0.01049	0.01454	0.04130	0.07952	0.07807	0.02240	0.03003	0.01887	0.02543	0.00819	0.00535	0.00461	0.01256	0.03044	0.03257	0.00275	0.00618
27	0.00713	0.00503	0.00673	0.00758	0.00835	0.00493	0.00605	0.00855	0.00990	0.01291	0.02474	0.20660	0.06718	0.12233	0.00926	0.03485	0.00399	0.44578	0.00412	0.00399
28	0.01206	0.01178	0.01918	0.02870	0.77271	0.04138	0.01447	0.01483	0.01098	0.01547	0.00893	0.01171	0.00752	0.00428	0.00472	0.00141	0.00579	0.00421	0.00237	0.00749
29	0.01025	0.03769	0.25604	0.09917	0.01719	0.01031	0.06198	0.07305	0.15587	0.01666	0.04081	0.06118	0.03927	0.00646	0.00490	0.00156	0.00534	0.04946	0.02036	0.03244
30	0.00946	0.00732	0.00825	0.00741	0.00923	0.05212	0.00564	0.04251	0.02507	0.06126	0.05437	0.09720	0.08707	0.10933	0.16880	0.00301	0.02831	0.03053	0.02957	0.16352
31	0.03571	0.02195	0.01185	0.09047	0.06893	0.02443	0.02590	0.18660	0.02685	0.02927	0.01233	0.08293	0.01149	0.08613	0.12985	0.03828	0.08754	0.02064	0.00326	0.00558

[dist]
# distance from previous block
# <min> <max>
0	2

[block]
# block no. 5 follows, 53 sequences, length 116
# corresponding to MSA columns:
# 358,359,364-381,385-431,443-491
name=unknown_F
#
# <colnr> <probs for GDERKNQSTAVLIFYWHMCP>
#	G	D	E	R	K	N	Q	S	T	A	V	L	I	F	Y	W	H	M	C	P
0	0.00868	0.00626	0.02605	0.00695	0.00802	0.00614	0.00515	0.10291	0.02174	0.01359	0.07151	0.08434	0.05593	0.18962	0.13276	0.20784	0.00535	0.00626	0.02574	0.01517
1	0.00653	0.00479	0.00567	0.00581	0.00689	0.00433	0.00417	0.00808	0.02266	0.03007	0.24012	0.25604	0.30541	0.05078	0.00658	0.00180	0.00263	0.01022	0.02319	0.00421
2	0.01461	0.01013	0.01140	0.00925	0.01187	0.01094	0.00732	0.48529	0.02953	0.04347	0.03074	0.05284	0.01059	0.02303	0.00825	0.19214	0.00468	0.00487	0.01695	0.02210
3	0.03286	0.00681	0.00757	0.00744	0.00866	0.06573	0.00562	0.02585	0.03681	0.02552	0.08415	0.19074	0.07451	0.01827	0.26024	0.02173	0.02166	0.02402	0.05919	0.02265
4	0.00757	0.00495	0.00589	0.00586	0.00687	0.00452	0.00409	0.00861	0.01011	0.07976	0.13902	0.19081	0.25022	0.23145	0.01069	0.00247	0.00324	0.02548	0.00427	0.00412
5	0.86579	0.00924	0.00702	0.00629	0.00924	0.01072	0.00518	0.01405	0.00813	0.02144	0.00666	0.00776	0.00518	0.00444	0.00296	0.00148	0.00370	0.00259	0.00296	0.00518
6	0.02236	0.00496	0.00625	0.00669	0.00749	0.00477	0.00475	0.02795	0.03121	0.02919	0.19843	0.50168	0.06432	0.03420	0.00633	0.00187	0.00287	0.03575	0.00460	0.00433
7	0.00773	0.00517	0.00633	0.00638	0.00762	0.00482	0.00477	0.00981	0.04510	0.07081	0.22837	0.24357	0.19727	0.02406	0.00590	0.00173	0.00282	0.06891	0.05424	0.00459
8	0.00673	0.00481	0.00615	0.00684	0.00761	0.00456	0.00501	0.00829	0.03240	0.02841	0.07273	0.46301	0.12749	0.05234	0.00691	0.00203	0.00314	0.15289	0.00445	0.00417
9	0.00918	0.00472	0.00475	0.00465	0.00584	0.00476	0.00351	0.03413	0.01039	0.01818	0.01547	0.01763	0.01213	0.00557	0.00338	0.00112	0.00232	0.00445	0.83323	0.00456
10	0.00694	0.00523	0.00584	0.00578	0.00721	0.00475	0.00425	0.00904	0.06370	0.04549	0.14807	0.16390	0.45550	0.04466	0.00638	0.00177	0.00270	0.00978	0.00458	0.00443
11	0.17107	0.00741	0.00792	0.00697	0.00907	0.00769	0.00536	0.11277	0.05017	0.14726	0.05136	0.10572	0.04154	0.11153	0.00690	0.00188	0.00364	0.00587	0.14032	0.00555
12	0.86579	0.00924	0.00702	0.00629	0.00924	0.01072	0.00518	0.01405	0.00813	0.02144	0.00666	0.00776	0.00518	0.00444	0.00296	0.00148	0.00370	0.00259	0.00296	0.00518
13	0.00966	0.04264	0.78996	0.01350	0.02050	0.01127	0.01745	0.01512	0.01008	0.01505	0.00853	0.01004	0.00606	0.00453	0.00451	0.00150	0.00702	0.00351	0.00202	0.00704
14	0.05641	0.00566	0.00662	0.00634	0.00791	0.00531	0.00481	0.02339	0.02792	0.11057	0.20128	0.16008	0.24684	0.04794	0.00629	0.00177	0.00299	0.05021	0.02286	0.00479
15	0.00607	0.00441	0.00572	0.00652	0.00707	0.00410	0.00455	0.00719	0.00994	0.01323	0.12767	0.59220	0.09891	0.03201	0.00644	0.00193	0.00282	0.06072	0.00451	0.00399
16	0.00903	0.00850	0.01434	0.82054	0.03292	0.01062	0.01327	0.01221	0.00956	0.01221	0.00850	0.01274	0.00637	0.00478	0.00478	0.00159	0.00637	0.00425	0.00212	0.00531
17	0.01183	0.01136	0.01940	0.02934	0.80221	0.01136	0.01467	0.01467	0.01088	0.01562	0.00899	0.01183	0.00757	0.00426	0.00473	0.00142	0.00568	0.00426	0.00237	0.00757
18	0.03075	0.00730	0.00852	0.00805	0.00983	0.00761	0.00606	0.10433	0.19564	0.10420	0.06447	0.36635	0.03522	0.01030	0.00541	0.00172	0.00345	0.02024	0.00475	0.00579
19	0.02131	0.00835	0.01123	0.00861	0.01231	0.00735	0.00711	0.05519	0.01405	0.77310	0.01855	0.01607	0.01168	0.00591	0.00481	0.00148	0.00412	0.00479	0.00587	0.00813
20	0.00714	0.00532	0.00691	0.00771	0.00895	0.00510	0.00658	0.00906	0.01097	0.01392	0.03167	0.05173	0.24040	0.01290	0.00634	0.00204	0.00386	0.56068	0.00441	0.00430
21	0.00666	0.00464	0.00529	0.00546	0.00608	0.00440	0.00361	0.00738	0.00882	0.01175	0.05182	0.14295	0.22052	0.35973	0.03309	0.02330	0.00372	0.02763	0.06962	0.00355
22	0.01187	0.01034	0.01131	0.01002	0.01279	0.01189	0.02981	0.02511	0.77119	0.01986	0.01917	0.01769	0.01438	0.00641	0.00489	0.00162	0.00390	0.00541	0.00479	0.00753
23	0.04354	0.00816	0.01099	0.00845	0.01212	0.00712	0.00698	0.02305	0.01354	0.78500	0.01854	0.01605	0.01166	0.00588	0.00476	0.00148	0.00406	0.00475	0.00584	0.00806
24	0.10622	0.01185	0.03496	0.15907	0.32184	0.04640	0.04512	0.16942	0.01285	0.03396	0.00929	0.01143	0.00719	0.00472	0.00457	0.00146	0.00573	0.00409	0.00294	0.00689
25	0.03095	0.04551	0.01479	0.08647	0.12826	0.07512	0.03039	0.14563	0.17535	0.01739	0.01151	0.01301	0.02400	0.00605	0.00692	0.00160	0.17275	0.00444	0.00326	0.00661
26	0.04218	0.02050	0.01352	0.01188	0.01463	0.62931	0.00909	0.17331	0.01519	0.01568	0.00819	0.00917	0.00653	0.00507	0.00437	0.00128	0.00780	0.00331	0.00294	0.00605
27	0.00695	0.00463	0.00521	0.00521	0.00521	0.00463	0.00290	0.00695	0.00695	0.00927	0.01506	0.03128	0.01738	0.83203	0.02433	0.00463	0.00463	0.00695	0.00290	0.00290
28	0.01632	0.01814	0.01300	0.01152	0.01409	0.49968	0.00884	0.09506	0.18822	0.03611	0.01073	0.01124	0.00838	0.00553	0.00500	0.00138	0.04334	0.00381	0.00330	0.00630
29	0.01046	0.01046	0.01464	0.01255	0.01255	0.01464	0.01046	0.01150	0.00732	0.01150	0.00627	0.01046	0.00627	0.00837	0.01569	0.00209	0.82328	0.00418	0.00209	0.00523
30	0.00666	0.00533	0.00619	0.00637	0.00755	0.00515	0.00467	0.00922	0.09495	0.01414	0.12397	0.29336	0.33383	0.01260	0.02280	0.00185	0.01810	0.02431	0.00450	0.00446
31	0.00669	0.00488	0.00629	0.00594	0.00710	0.00448	0.00445	0.00888	0.01336	0.01875	0.75004	0.03638	0.09501	0.00993	0.00564	0.00151	0.00227	0.00874	0.00521	0.00448
32	0.01096	0.01263	0.04261	0.01912	0.02377	0.01159	0.71999	0.01491	0.01140	0.01555	0.05957	0.01428	0.00962	0.00440	0.00562	0.00160	0.00767	0.00579	0.00259	0.00634
33	0.01265	0.03726	0.01134	0.00921	0.01138	0.08391	0.02533	0.27663	0.06129	0.01853	0.01254	0.01722	0.01100	0.15645	0.12390	0.00289	0.03854	0.01814	0.06595	0.00583
34	0.00980	0.01841	0.48100	0.01476	0.13865	0.02778	0.03380	0.01463	0.04721	0.01602	0.13817	0.01493	0.01308	0.00544	0.00479	0.00150	0.00597	0.00461	0.00275	0.00670
35	0.01136	0.01096	0.01865	0.13251	0.63016	0.01149	0.03369	0.01416	0.01049	0.01489	0.00877	0.01189	0.00732	0.00459	0.00547	0.00149	0.05844	0.00429	0.00232	0.00709
36	0.01449	0.03323	0.05755	0.11459	0.11630	0.05180	0.03837	0.17802	0.05416	0.16978	0.02940	0.01477	0.01002	0.00584	0.00555	0.00154	0.05974	0.03415	0.00376	0.00696
37	0.02912	0.26583	0.17057	0.01189	0.07246	0.03869	0.06390	0.10708	0.02571	0.02870	0.00871	0.00995	0.00691	0.00440	0.00403	0.00122	0.00555	0.00344	0.00268	0.13916
38	0.16156	0.36506	0.09757	0.00992	0.03375	0.15316	0.00900	0.02685	0.05687	0.01440	0.00785	0.00893	0.00654	0.00462	0.00392	0.00127	0.02710	0.00303	0.00249	0.00609
39	0.01047	0.01051	0.01492	0.01271	0.01281	0.01459	0.02665	0.01158	0.00740	0.01158	0.00635	0.01051	0.00629	0.00827	0.01548	0.00208	0.80623	0.00421	0.00210	0.00525
40	0.01055	0.01399	0.23946	0.03044	0.19515	0.01019	0.11059	0.07710	0.04930	0.01751	0.16372	0.01652	0.01486	0.00565	0.00495	0.00149	0.00552	0.00514	0.02124	0.00663
41	0.00582	0.00416	0.00555	0.00666	0.00693	0.00388	0.00444	0.00666	0.00915	0.01220	0.02634	0.82891	0.03161	0.01497	0.00610	0.00194	0.00277	0.01359	0.00444	0.00388
42	0.00652	0.00488	0.00605	0.00576	0.00699	0.00441	0.00432	0.00855	0.01295	0.01780	0.63572	0.03795	0.20992	0.01028	0.00564	0.00153	0.00229	0.00896	0.00508	0.00441
43	0.01189	0.01027	0.01081	0.00973	0.01243	0.01189	0.00757	0.02540	0.79357	0.01999	0.01945	0.01783	0.01459	0.00648	0.00486	0.00162	0.00378	0.00540	0.00486	0.00757
44	0.01115	0.03538	0.01429	0.02848	0.01297	0.08511	0.00995	0.02600	0.04239	0.01219	0.00745	0.01105	0.00696	0.00923	0.05680	0.00225	0.61651	0.00414	0.00232	0.00538
45	0.86579	0.00924	0.00702	0.00629	0.00924	0.01072	0.00518	0.01405	0.00813	0.02144	0.00666	0.00776	0.00518	0.00444	0.00296	0.00148	0.00370	0.00259	0.00296	0.00518
46	0.00646	0.00487	0.00597	0.00570	0.00696	0.00438	0.00427	0.00844	0.01282	0.01749	0.59773	0.03847	0.24811	0.01040	0.00564	0.00153	0.00230	0.00903	0.00504	0.00438
47	0.00683	0.00512	0.00768	0.00768	0.00853	0.00597	0.00597	0.00853	0.00768	0.01110	0.01280	0.01878	0.01195	0.03585	0.81308	0.00768	0.01280	0.00512	0.00256	0.00427
48	0.10151	0.01120	0.01311	0.13262	0.07427	0.05517	0.00924	0.28258	0.01519	0.22284	0.01192	0.01237	0.00833	0.00541	0.00481	0.00148	0.02246	0.00418	0.00413	0.00717
49	0.00647	0.00452	0.00586	0.00630	0.00682	0.00440	0.00435	0.00715	0.00884	0.01175	0.06953	0.34307	0.12732	0.14253	0.11490	0.09557	0.00447	0.02874	0.00375	0.00366
50	0.00951	0.00557	0.00611	0.00585	0.00704	0.00570	0.00439	0.08737	0.01078	0.03216	0.01626	0.02425	0.01471	0.18432	0.00841	0.00204	0.00333	0.09392	0.47372	0.00455
51	0.00903	0.00850	0.01434	0.82054	0.03292	0.01062	0.01327	0.01221	0.00956	0.01221	0.00850	0.01274	0.00637	0.00478	0.00478	0.00159	0.00637	0.00425	0.00212	0.00531
52	0.01046	0.01046	0.01464	0.01255	0.01255	0.01464	0.01046	0.01150	0.00732	0.01150	0.00627	0.01046	0.00627	0.00837	0.01569	0.00209	0.82328	0.00418	0.00209	0.00523
53	0.00991	0.00850	0.00991	0.00708	0.01133	0.00637	0.00566	0.01203	0.00991	0.01557	0.00850	0.00991	0.00708	0.00354	0.00354	0.00071	0.00354	0.00283	0.00283	0.86124
54	0.01817	0.01339	0.01434	0.01100	0.01482	0.01482	0.00908	0.78627	0.02247	0.03012	0.01148	0.01148	0.00813	0.00574	0.00478	0.00143	0.00526	0.00430	0.00478	0.00813
55	0.00683	0.00512	0.00768	0.00768	0.00853	0.00597	0.00597	0.00853	0.00768	0.01110	0.01280	0.01878	0.01195	0.03585	0.81308	0.00768	0.01280	0.00512	0.00256	0.00427
56	0.00744	0.00503	0.00660	0.00613	0.00737	0.00463	0.00463	0.00968	0.01354	0.05529	0.76382	0.03481	0.04357	0.00959	0.00560	0.00150	0.00234	0.00847	0.00529	0.00468
57	0.86579	0.00924	0.00702	0.00629	0.00924	0.01072	0.00518	0.01405	0.00813	0.02144	0.00666	0.00776	0.00518	0.00444	0.00296	0.00148	0.00370	0.00259	0.00296	0.00518
58	0.00830	0.00415	0.00623	0.00623	0.00623	0.00415	0.00415	0.00623	0.00623	0.00830	0.00830	0.01453	0.00830	0.01660	0.01868	0.86094	0.00415	0.00415	0.00208	0.00208
59	0.00695	0.00463	0.00521	0.00521	0.00521	0.00463	0.00290	0.00695	0.00695	0.00927	0.01506	0.03128	0.01738	0.83203	0.02433	0.00463	0.00463	0.00695	0.00290	0.00290
60	0.00713	0.00493	0.00739	0.00739	0.00807	0.00561	0.00561	0.00807	0.00739	0.01053	0.01189	0.01792	0.01121	0.03196	0.65278	0.17986	0.01106	0.00493	0.00246	0.00383
61	0.00830	0.00415	0.00623	0.00623	0.00623	0.00415	0.00415	0.00623	0.00623	0.00830	0.00830	0.01453	0.00830	0.01660	0.01868	0.86094	0.00415	0.00415	0.00208	0.00208
62	0.01843	0.01297	0.01409	0.01080	0.01461	0.01420	0.00892	0.72569	0.02177	0.09169	0.01206	0.01186	0.00842	0.00575	0.00478	0.00144	0.00516	0.00434	0.00487	0.00813
63	0.00580	0.00485	0.00505	0.00506	0.00660	0.00411	0.00381	0.00712	0.01111	0.01350	0.11597	0.05769	0.70281	0.01196	0.00568	0.00162	0.00245	0.02621	0.00451	0.00408
64	0.84163	0.00921	0.00714	0.00635	0.00933	0.01062	0.00523	0.01431	0.00829	0.04388	0.00700	0.00801	0.00537	0.00448	0.00301	0.00148	0.00371	0.00265	0.00304	0.00526
65	0.01189	0.01027	0.01081	0.00973	0.01243	0.01189	0.00757	0.02540	0.79357	0.01999	0.01945	0.01783	0.01459	0.00648	0.00486	0.00162	0.00378	0.00540	0.00486	0.00757
66	0.01128	0.01289	0.02820	0.02015	0.02498	0.01209	0.78485	0.01531	0.01128	0.01531	0.00967	0.01289	0.00725	0.00403	0.00564	0.00161	0.00806	0.00564	0.00242	0.00645
67	0.00610	0.00462	0.00553	0.00594	0.00683	0.00418	0.00423	0.00730	0.01037	0.01343	0.15499	0.33090	0.29694	0.07571	0.00730	0.00198	0.00280	0.05242	0.00445	0.00399
68	0.00623	0.00516	0.00550	0.00545	0.00698	0.00461	0.00407	0.00838	0.06274	0.01424	0.15359	0.09228	0.59073	0.01158	0.00562	0.00162	0.00251	0.00979	0.00459	0.00433
69	0.00591	0.00422	0.00564	0.00675	0.00706	0.00395	0.00458	0.00680	0.00923	0.01229	0.02630	0.79482	0.03143	0.01490	0.00612	0.00195	0.00284	0.04686	0.00444	0.00391
70	0.00966	0.00780	0.01357	0.01138	0.02708	0.00743	0.23318	0.01220	0.03086	0.09607	0.12003	0.24192	0.07031	0.00929	0.00598	0.00173	0.02612	0.06600	0.00402	0.00539
71	0.01785	0.02278	0.01354	0.01231	0.01478	0.81284	0.00924	0.01909	0.01354	0.01170	0.00739	0.00862	0.00616	0.00493	0.00431	0.00123	0.00862	0.00308	0.00246	0.00554
72	0.00991	0.00850	0.00991	0.00708	0.01133	0.00637	0.00566	0.01203	0.00991	0.01557	0.00850	0.00991	0.00708	0.00354	0.00354	0.00071	0.00354	0.00283	0.00283	0.86124
73	0.00632	0.00467	0.00553	0.00564	0.00646	0.00429	0.00388	0.00747	0.01038	0.01374	0.25637	0.19916	0.23615	0.20663	0.01017	0.00237	0.00297	0.00963	0.00431	0.00387
74	0.00918	0.00472	0.00475	0.00465	0.00584	0.00476	0.00351	0.03413	0.01039	0.01818	0.01547	0.01763	0.01213	0.00557	0.00338	0.00112	0.00232	0.00445	0.83323	0.00456
75	0.00737	0.00529	0.00625	0.00630	0.00738	0.00508	0.00447	0.00969	0.08691	0.04735	0.15199	0.27285	0.20857	0.13609	0.02047	0.00224	0.00319	0.00968	0.00441	0.00442
76	0.00688	0.00486	0.00593	0.00590	0.00705	0.00438	0.00429	0.00848	0.01136	0.03303	0.33352	0.23306	0.19293	0.03434	0.00605	0.00167	0.00257	0.00957	0.05950	0.03464
77	0.05155	0.00692	0.00876	0.00725	0.00999	0.00613	0.00578	0.01708	0.01239	0.48116	0.07617	0.07100	0.17414	0.02474	0.00540	0.00159	0.00350	0.00658	0.02337	0.00651
78	0.00683	0.00512	0.00768	0.00768	0.00853	0.00597	0.00597	0.00853	0.00768	0.01110	0.01280	0.01878	0.01195	0.03585	0.81308	0.00768	0.01280	0.00512	0.00256	0.00427
79	0.03059	0.00888	0.01035	0.00872	0.01173	0.00915	0.00695	0.03498	0.37038	0.33821	0.04410	0.01950	0.07135	0.00671	0.00488	0.00155	0.00378	0.00553	0.00524	0.00741
80	0.01906	0.00477	0.00573	0.00599	0.00704	0.00430	0.00427	0.00798	0.01052	0.05056	0.15474	0.35880	0.29026	0.02767	0.00637	0.01975	0.00271	0.01074	0.00454	0.00419
81	0.01519	0.00723	0.00938	0.00788	0.01058	0.00663	0.00640	0.04050	0.05774	0.43632	0.17504	0.02636	0.08691	0.00796	0.00522	0.00157	0.00362	0.08338	0.00542	0.00667
82	0.01817	0.01339	0.01434	0.01100	0.01482	0.01482	0.00908	0.78627	0.02247	0.03012	0.01148	0.01148	0.00813	0.00574	0.00478	0.00143	0.00526	0.00430	0.00478	0.00813
83	0.00830	0.00415	0.00623	0.00623	0.00623	0.00415	0.00415	0.00623	0.00623	0.00830	0.00830	0.01453	0.00830	0.01660	0.01868	0.86094	0.00415	0.00415	0.00208	0.00208
84	0.01034	0.00941	0.01429	0.22047	0.29910	0.02663	0.02463	0.04933	0.07710	0.01529	0.04436	0.11150	0.01307	0.00728	0.02539	0.00173	0.00543	0.03537	0.00307	0.00620
85	0.00695	0.00465	0.00528	0.00528	0.00530	0.00467	0.00297	0.00699	0.00697	0.00931	0.01500	0.03096	0.01724	0.81198	0.04419	0.00471	0.00484	0.00690	0.00289	0.00293
86	0.00695	0.00463	0.00521	0.00521	0.00521	0.00463	0.00290	0.00695	0.00695	0.00927	0.01506	0.03128	0.01738	0.83203	0.02433	0.00463	0.00463	0.00695	0.00290	0.00290
87	0.01165	0.01282	0.03546	0.10365	0.11391	0.17609	0.02724	0.01344	0.00947	0.01227	0.00780	0.01129	0.00695	0.00903	0.08182	0.00225	0.35294	0.00407	0.00225	0.00558
88	0.03148	0.48321	0.25418	0.01024	0.01510	0.04533	0.02739	0.02996	0.02732	0.02566	0.00787	0.00896	0.00642	0.00437	0.00370	0.00123	0.00581	0.00306	0.00226	0.00647
89	0.00903	0.00850	0.01434	0.82054	0.03292	0.01062	0.01327	0.01221	0.00956	0.01221	0.00850	0.01274	0.00637	0.00478	0.00478	0.00159	0.00637	0.00425	0.00212	0.00531
90	0.00609	0.00486	0.00545	0.00531	0.00673	0.00422	0.00398	0.00772	0.01194	0.01539	0.34610	0.04192	0.50104	0.01118	0.00564	0.00157	0.00236	0.00952	0.00476	0.00422
91	0.00741	0.00554	0.00763	0.02789	0.00889	0.00582	0.02900	0.00931	0.05154	0.02776	0.03211	0.23860	0.05576	0.18083	0.22267	0.00394	0.02129	0.05622	0.00354	0.00426
92	0.00867	0.00555	0.00680	0.00659	0.00812	0.00520	0.00515	0.01052	0.02671	0.11879	0.15427	0.11051	0.29115	0.02167	0.02510	0.00186	0.02469	0.11545	0.04838	0.00480
93	0.00959	0.02472	0.80726	0.01362	0.02069	0.01110	0.01766	0.01514	0.01009	0.01514	0.00858	0.01009	0.00605	0.00454	0.00454	0.00151	0.00706	0.00353	0.00202	0.00706
94	0.00959	0.02472	0.80726	0.01362	0.02069	0.01110	0.01766	0.01514	0.01009	0.01514	0.00858	0.01009	0.00605	0.00454	0.00454	0.00151	0.00706	0.00353	0.00202	0.00706
95	0.00704	0.00588	0.02376	0.00660	0.00789	0.01735	0.00508	0.02108	0.02504	0.02784	0.11021	0.23022	0.32015	0.03961	0.06364	0.00224	0.02518	0.05258	0.00423	0.00437
