[name]
unknown

[dist]
# distance from previous block
# <min> <max>
1	185

[block]
# block no. 0 follows, 50 sequences, length 10
# corresponding to MSA columns:
# 315-324
name=unknown_A
#
# <colnr> <probs for GDERKNQSTAVLIFYWHMCP>
#	G	D	E	R	K	N	Q	S	T	A	V	L	I	F	Y	W	H	M	C	P
0	0.07690	0.01417	0.01251	0.05267	0.01440	0.25866	0.03617	0.18308	0.07932	0.01978	0.18455	0.01706	0.01664	0.00650	0.00493	0.00148	0.00580	0.00511	0.00397	0.00630
1	0.01029	0.05082	0.01038	0.00866	0.01064	0.00853	0.03421	0.18131	0.06995	0.01768	0.02132	0.39391	0.05813	0.04317	0.00635	0.00184	0.00398	0.00937	0.00437	0.05509
2	0.01104	0.01199	0.05217	0.01496	0.01708	0.01354	0.24288	0.01430	0.06665	0.01443	0.04991	0.01361	0.00961	0.00711	0.01130	0.00194	0.43363	0.00513	0.00267	0.00606
3	0.05069	0.00615	0.00675	0.00611	0.00783	0.00621	0.02184	0.07273	0.02949	0.04027	0.10494	0.02233	0.09172	0.00691	0.00422	0.00134	0.00290	0.00566	0.50674	0.00517
4	0.01642	0.01404	0.01276	0.01066	0.01394	0.18894	0.00842	0.23644	0.24444	0.09927	0.01412	0.01380	0.01042	0.00587	0.00477	0.00145	0.00548	0.00449	0.02422	0.07005
5	0.01302	0.00878	0.01061	0.00771	0.01202	0.00680	0.00622	0.01517	0.01121	0.19047	0.01127	0.01181	0.00849	0.00424	0.00399	0.00092	0.00381	0.00341	0.00367	0.66637
6	0.00682	0.00535	0.00783	0.18674	0.01328	0.00562	0.00668	0.00823	0.00964	0.01273	0.02332	0.64124	0.02709	0.01324	0.00605	0.00194	0.00373	0.01200	0.00409	0.00438
7	0.01107	0.31185	0.34477	0.19033	0.02125	0.01441	0.01382	0.01479	0.01026	0.01364	0.00820	0.01023	0.00642	0.00462	0.00424	0.00141	0.00647	0.00348	0.00214	0.00661
8	0.01017	0.00838	0.01421	0.51316	0.02611	0.00969	0.07817	0.03283	0.00987	0.04047	0.00939	0.01381	0.00743	0.00774	0.00830	0.19203	0.00617	0.00456	0.00245	0.00507
9	0.01569	0.00951	0.01099	0.00860	0.01211	0.00910	0.00699	0.25690	0.01589	0.25539	0.02238	0.02124	0.18420	0.00716	0.00499	0.00143	0.00416	0.00575	0.00494	0.14258

[dist]
# distance from previous block
# <min> <max>
3	10

[block]
# block no. 1 follows, 50 sequences, length 12
# corresponding to MSA columns:
# 337-348
name=unknown_B
#
# <colnr> <probs for GDERKNQSTAVLIFYWHMCP>
#	G	D	E	R	K	N	Q	S	T	A	V	L	I	F	Y	W	H	M	C	P
0	0.01113	0.16992	0.41108	0.19571	0.02202	0.01257	0.01456	0.01527	0.01062	0.05985	0.02731	0.01168	0.00770	0.00491	0.00455	0.00150	0.00652	0.00387	0.00245	0.00677
1	0.01912	0.01746	0.01367	0.01158	0.01466	0.41201	0.00907	0.17634	0.03650	0.19630	0.01162	0.01175	0.00844	0.00571	0.00513	0.00143	0.03428	0.00399	0.00394	0.00700
2	0.00867	0.00746	0.00996	0.01203	0.18796	0.04166	0.00727	0.01102	0.01323	0.01821	0.51090	0.03124	0.10303	0.00887	0.00560	0.00155	0.00348	0.00784	0.00459	0.00544
3	0.01295	0.01013	0.02802	0.01165	0.11880	0.03795	0.02322	0.13299	0.06349	0.07581	0.01297	0.03246	0.01024	0.00555	0.00480	0.00131	0.03265	0.00450	0.19827	0.18224
4	0.06012	0.00707	0.00874	0.00790	0.00898	0.00775	0.00585	0.13984	0.05179	0.01442	0.01147	0.01557	0.04327	0.01332	0.01448	0.52193	0.05589	0.00461	0.00297	0.00404
5	0.01703	0.20744	0.01693	0.01186	0.01470	0.58679	0.00944	0.01838	0.01290	0.01208	0.00747	0.00885	0.00642	0.00511	0.00477	0.00128	0.04705	0.00314	0.00245	0.00590
6	0.00970	0.00844	0.01035	0.00838	0.03979	0.00691	0.03115	0.03355	0.01097	0.01594	0.01850	0.01920	0.18720	0.00596	0.00462	0.00107	0.02131	0.00491	0.00335	0.55871
7	0.00694	0.00488	0.00535	0.00535	0.00573	0.00469	0.00320	0.00723	0.00819	0.01054	0.02368	0.03614	0.19544	0.63866	0.02091	0.00411	0.00430	0.00800	0.00339	0.00329
8	0.01297	0.64116	0.02687	0.01139	0.01583	0.01809	0.18436	0.01516	0.01050	0.01270	0.00765	0.00924	0.00666	0.00425	0.00381	0.00121	0.00603	0.00340	0.00222	0.00647
9	0.02945	0.01409	0.19929	0.03144	0.09270	0.01100	0.02796	0.09947	0.19015	0.18885	0.01433	0.01453	0.01029	0.01844	0.00521	0.00160	0.00534	0.00466	0.00408	0.03712
10	0.01375	0.03742	0.01824	0.01416	0.01668	0.13899	0.19576	0.12525	0.01228	0.04298	0.00923	0.01200	0.00759	0.00811	0.05536	0.00210	0.27629	0.00460	0.00290	0.00632
11	0.17664	0.00782	0.00918	0.00747	0.01056	0.00744	0.00608	0.01958	0.01231	0.47325	0.01650	0.01567	0.01114	0.00580	0.00430	0.00146	0.00373	0.00449	0.19958	0.00702

[dist]
# distance from previous block
# <min> <max>
0	4

[block]
# block no. 2 follows, 50 sequences, length 19
# corresponding to MSA columns:
# 354-372
name=unknown_C
#
# <colnr> <probs for GDERKNQSTAVLIFYWHMCP>
#	G	D	E	R	K	N	Q	S	T	A	V	L	I	F	Y	W	H	M	C	P
0	0.00875	0.00641	0.00759	0.00683	0.00850	0.00628	0.00525	0.11484	0.03258	0.02061	0.52961	0.03398	0.14222	0.00967	0.00563	0.00156	0.00284	0.00833	0.04328	0.00522
1	0.06367	0.00657	0.00677	0.00619	0.00804	0.00690	0.00481	0.05722	0.11747	0.07416	0.01624	0.01746	0.01239	0.00590	0.00387	0.00130	0.00295	0.00468	0.57780	0.00562
2	0.00949	0.00684	0.00892	0.00937	0.01090	0.00702	0.00808	0.11541	0.01323	0.01740	0.05772	0.04933	0.02671	0.01255	0.00658	0.00215	0.00462	0.62386	0.00468	0.00513
3	0.00699	0.00523	0.00652	0.00731	0.00793	0.00523	0.00500	0.00963	0.11572	0.01370	0.02595	0.67517	0.02985	0.05165	0.00706	0.00211	0.00313	0.01268	0.00461	0.00453
4	0.01280	0.00812	0.00874	0.00720	0.00975	0.00822	0.00574	0.23813	0.01442	0.05289	0.01411	0.01544	0.01075	0.00558	0.00402	0.00122	0.00352	0.00438	0.45242	0.12255
5	0.00784	0.00566	0.00704	0.00756	0.00836	0.00561	0.00529	0.11253	0.01145	0.01529	0.02535	0.71058	0.02961	0.01430	0.00617	0.00195	0.00325	0.01284	0.00468	0.00466
6	0.01198	0.00881	0.01050	0.00759	0.01194	0.00674	0.00610	0.01416	0.01087	0.12331	0.01034	0.01124	0.00806	0.00403	0.00387	0.00085	0.00377	0.00324	0.00339	0.73920
7	0.03334	0.01320	0.01616	0.01270	0.01585	0.14742	0.18289	0.18666	0.01440	0.11033	0.01164	0.01310	0.00870	0.00568	0.00603	0.00153	0.08902	0.00462	0.12002	0.00672
8	0.82054	0.00984	0.00768	0.00679	0.00991	0.01138	0.00559	0.05045	0.00918	0.02279	0.00718	0.00828	0.00554	0.00469	0.00317	0.00154	0.00393	0.00278	0.00317	0.00554
9	0.00607	0.00434	0.00578	0.00694	0.00723	0.00405	0.00463	0.00694	0.00954	0.01272	0.02747	0.82157	0.03297	0.01562	0.00636	0.00202	0.00289	0.01417	0.00463	0.00405
10	0.01054	0.01077	0.02057	0.41230	0.12584	0.01155	0.28652	0.01408	0.01077	0.01434	0.00980	0.03237	0.00775	0.00489	0.00533	0.00165	0.00709	0.00518	0.00241	0.00622
11	0.00725	0.00483	0.00544	0.00544	0.00544	0.00483	0.00302	0.00725	0.00725	0.00966	0.01571	0.03262	0.01812	0.82483	0.02537	0.00483	0.00483	0.00725	0.00302	0.00302
12	0.00967	0.00914	0.01532	0.72957	0.08558	0.01128	0.01383	0.01288	0.00997	0.01295	0.00881	0.01314	0.00673	0.00509	0.00540	0.00167	0.03662	0.00443	0.00223	0.00570
13	0.01240	0.01071	0.01127	0.01014	0.01296	0.01240	0.00789	0.02649	0.78473	0.02085	0.02029	0.01860	0.01522	0.00676	0.00507	0.00169	0.00394	0.00564	0.00507	0.00789
14	0.01176	0.01345	0.02941	0.02101	0.02605	0.01261	0.77563	0.01597	0.01176	0.01597	0.01008	0.01345	0.00756	0.00420	0.00588	0.00168	0.00840	0.00588	0.00252	0.00672
15	0.01234	0.01184	0.02023	0.03059	0.79373	0.01184	0.01530	0.01530	0.01135	0.01628	0.00938	0.01234	0.00790	0.00444	0.00493	0.00148	0.00592	0.00444	0.00247	0.00790
16	0.01181	0.01174	0.01519	0.01297	0.01335	0.05420	0.01075	0.06206	0.00898	0.01327	0.00695	0.01088	0.00666	0.00837	0.01503	0.00209	0.72333	0.00431	0.00238	0.00566
17	0.01749	0.04094	0.04957	0.01122	0.01497	0.13520	0.00943	0.52120	0.04135	0.04052	0.01293	0.01309	0.03743	0.00601	0.00484	0.00146	0.00585	0.00447	0.02434	0.00768
18	0.00692	0.00527	0.00670	0.03925	0.00862	0.00504	0.00506	0.00924	0.04674	0.01659	0.38641	0.27095	0.15095	0.01181	0.00595	0.00173	0.00278	0.01044	0.00495	0.00461

[dist]
# distance from previous block
# <min> <max>
0	2

[block]
# block no. 3 follows, 50 sequences, length 55
# corresponding to MSA columns:
# 375-415,426-439
name=unknown_D
#
# <colnr> <probs for GDERKNQSTAVLIFYWHMCP>
#	G	D	E	R	K	N	Q	S	T	A	V	L	I	F	Y	W	H	M	C	P
0	0.01188	0.02261	0.63745	0.01326	0.01986	0.01132	0.01625	0.08012	0.01206	0.09325	0.02933	0.01192	0.00808	0.00511	0.00481	0.00157	0.00678	0.00401	0.00282	0.00750
1	0.01080	0.00884	0.01038	0.00744	0.01185	0.00667	0.00596	0.01300	0.01049	0.04613	0.00927	0.01059	0.00757	0.00379	0.00374	0.00077	0.00371	0.00303	0.00308	0.82289
2	0.01307	0.01307	0.05142	0.07456	0.34414	0.07769	0.04102	0.11447	0.10282	0.01803	0.03772	0.01416	0.01009	0.00556	0.00562	0.00157	0.04930	0.01521	0.00319	0.00728
3	0.00725	0.00483	0.00544	0.00544	0.00544	0.00483	0.00302	0.00725	0.00725	0.00966	0.01571	0.03262	0.01812	0.82483	0.02537	0.00483	0.00483	0.00725	0.00302	0.00302
4	0.01091	0.01091	0.01527	0.01309	0.01309	0.01527	0.01091	0.01200	0.00763	0.01200	0.00654	0.01091	0.00654	0.00872	0.01636	0.00218	0.81570	0.00436	0.00218	0.00545
5	0.01891	0.01427	0.01463	0.01140	0.01525	0.06900	0.00934	0.66768	0.04372	0.06697	0.01228	0.01219	0.00871	0.00596	0.00496	0.00149	0.00562	0.00446	0.00488	0.00828
6	0.00725	0.00483	0.00544	0.00544	0.00544	0.00483	0.00302	0.00725	0.00725	0.00966	0.01571	0.03262	0.01812	0.82483	0.02537	0.00483	0.00483	0.00725	0.00302	0.00302
7	0.00990	0.00571	0.00737	0.00677	0.00846	0.00512	0.00518	0.01186	0.01321	0.17506	0.43354	0.11878	0.14034	0.01038	0.00578	0.00164	0.00287	0.02730	0.00539	0.00533
8	0.00782	0.00635	0.00697	0.00685	0.00848	0.00627	0.00509	0.03867	0.16771	0.01600	0.10361	0.21934	0.36466	0.01168	0.00580	0.00175	0.00299	0.01003	0.00481	0.00511
9	0.01240	0.01071	0.01127	0.01014	0.01296	0.01240	0.00789	0.02649	0.78473	0.02085	0.02029	0.01860	0.01522	0.00676	0.00507	0.00169	0.00394	0.00564	0.00507	0.00789
10	0.01051	0.00998	0.01693	0.51959	0.31902	0.01136	0.01439	0.01370	0.01049	0.01407	0.00905	0.01293	0.00711	0.00478	0.00497	0.00159	0.00637	0.00443	0.00231	0.00642
11	0.01000	0.02578	0.79900	0.01421	0.02157	0.01158	0.01842	0.01579	0.01052	0.01579	0.00895	0.01052	0.00631	0.00474	0.00474	0.00158	0.00737	0.00368	0.00210	0.00737
12	0.01450	0.64947	0.02346	0.00949	0.01337	0.19387	0.00877	0.01603	0.01101	0.01183	0.00710	0.00822	0.00640	0.00446	0.00349	0.00111	0.00614	0.00279	0.00223	0.00626
13	0.76897	0.00951	0.00779	0.00681	0.00997	0.01076	0.00561	0.01570	0.00911	0.10660	0.00832	0.00906	0.00615	0.00479	0.00329	0.00154	0.00390	0.00295	0.00342	0.00573
14	0.01290	0.03561	0.07112	0.10280	0.33058	0.01336	0.01315	0.16328	0.01273	0.01785	0.00916	0.01183	0.00746	0.00568	0.00719	0.00164	0.16930	0.00433	0.00284	0.00719
15	0.00941	0.00886	0.01495	0.81285	0.03433	0.01107	0.01384	0.01274	0.00997	0.01274	0.00886	0.01329	0.00664	0.00498	0.00498	0.00166	0.00664	0.00443	0.00221	0.00554
16	0.01095	0.00789	0.00920	0.00818	0.01023	0.00865	0.03346	0.10618	0.22768	0.01932	0.01671	0.01828	0.02563	0.01174	0.14624	0.00259	0.00532	0.00517	0.32054	0.00604
17	0.00726	0.00555	0.00828	0.00820	0.00905	0.00656	0.00640	0.00901	0.00800	0.01159	0.01310	0.01926	0.01224	0.03633	0.77605	0.00780	0.04288	0.00530	0.00265	0.00449
18	0.86003	0.00964	0.00733	0.00655	0.00964	0.01118	0.00540	0.01465	0.00848	0.02236	0.00694	0.00810	0.00540	0.00463	0.00308	0.00154	0.00386	0.00270	0.00308	0.00540
19	0.00987	0.00612	0.00704	0.00643	0.00722	0.00618	0.00415	0.08761	0.00958	0.08637	0.01565	0.02877	0.01648	0.64820	0.03672	0.00424	0.00501	0.00672	0.00351	0.00412
20	0.01867	0.01383	0.01480	0.01141	0.01535	0.01533	0.00941	0.74564	0.05535	0.03097	0.01232	0.01225	0.00876	0.00602	0.00499	0.00150	0.00542	0.00454	0.00499	0.00845
21	0.00639	0.00464	0.00625	0.00710	0.00746	0.00461	0.00487	0.00735	0.00926	0.01252	0.03806	0.64499	0.02924	0.06470	0.10810	0.00293	0.02082	0.01237	0.00425	0.00408
22	0.00654	0.00503	0.00598	0.00589	0.00720	0.00448	0.00440	0.00834	0.01263	0.01675	0.42384	0.09861	0.34400	0.01163	0.00594	0.00166	0.00250	0.02506	0.00506	0.00446
23	0.00724	0.00484	0.00549	0.00547	0.00553	0.00483	0.00309	0.00734	0.00755	0.01012	0.04989	0.03282	0.01940	0.78891	0.02451	0.00469	0.00472	0.00733	0.00313	0.00309
24	0.00714	0.00526	0.00760	0.00760	0.00834	0.00601	0.00572	0.00864	0.00789	0.01127	0.01373	0.02167	0.01337	0.16377	0.67993	0.00750	0.01198	0.00565	0.00273	0.00422
25	0.01000	0.02578	0.79900	0.01421	0.02157	0.01158	0.01842	0.01579	0.01052	0.01579	0.00895	0.01052	0.00631	0.00474	0.00474	0.00158	0.00737	0.00368	0.00210	0.00737
26	0.01000	0.02578	0.79900	0.01421	0.02157	0.01158	0.01842	0.01579	0.01052	0.01579	0.00895	0.01052	0.00631	0.00474	0.00474	0.00158	0.00737	0.00368	0.00210	0.00737
27	0.00745	0.00510	0.00597	0.00573	0.00704	0.00475	0.00430	0.00983	0.02909	0.01836	0.44519	0.03468	0.18892	0.00959	0.00531	0.00150	0.00241	0.00823	0.20188	0.00466
28	0.01010	0.00941	0.01577	0.62203	0.13526	0.01116	0.03494	0.03884	0.01057	0.01389	0.00927	0.01340	0.00716	0.00635	0.04027	0.00191	0.00685	0.00451	0.00237	0.00594
29	0.01829	0.07322	0.01486	0.01258	0.01525	0.75652	0.00956	0.01960	0.01388	0.01217	0.00766	0.00893	0.00642	0.00508	0.00441	0.00127	0.00876	0.00318	0.00254	0.00582
30	0.01000	0.01010	0.04415	0.62615	0.14325	0.01129	0.04214	0.01360	0.02537	0.01364	0.00921	0.01316	0.00702	0.00490	0.00500	0.00163	0.00658	0.00448	0.00231	0.00603
31	0.01421	0.13220	0.01985	0.02197	0.42767	0.20545	0.04965	0.04357	0.01230	0.01516	0.00875	0.01094	0.00733	0.00463	0.00463	0.00138	0.00669	0.00396	0.00254	0.00713
32	0.00590	0.00502	0.00508	0.00513	0.00675	0.00420	0.00382	0.00714	0.01128	0.01343	0.04948	0.08207	0.75826	0.01276	0.00591	0.00170	0.00254	0.01068	0.00463	0.00420
33	0.00929	0.00465	0.00465	0.00465	0.00581	0.00465	0.00348	0.01161	0.01045	0.01858	0.01626	0.01858	0.01278	0.00581	0.00348	0.00116	0.00232	0.00465	0.85250	0.00465
34	0.05092	0.01260	0.01314	0.01052	0.01406	0.06895	0.00854	0.39348	0.13084	0.19234	0.01504	0.01437	0.02603	0.00621	0.00511	0.00154	0.01871	0.00473	0.00495	0.00794
35	0.02236	0.00848	0.01157	0.00887	0.01272	0.00733	0.00733	0.02429	0.01427	0.79719	0.01966	0.01697	0.01234	0.00617	0.00501	0.00154	0.00424	0.00501	0.00617	0.00848
36	0.00792	0.00569	0.00788	0.00894	0.01011	0.00565	0.00778	0.01018	0.01154	0.01500	0.04761	0.05540	0.05877	0.01363	0.00682	0.00225	0.00445	0.71118	0.00462	0.00458
37	0.01150	0.01266	0.02502	0.01855	0.02202	0.01343	0.53814	0.01473	0.01048	0.01473	0.00898	0.01266	0.00725	0.00561	0.00914	0.00184	0.25912	0.00541	0.00242	0.00633
38	0.01168	0.00992	0.01049	0.00956	0.01218	0.01132	0.00746	0.02404	0.67572	0.02005	0.02244	0.02199	0.06877	0.00739	0.00514	0.00169	0.00381	0.03370	0.03526	0.00740
39	0.00607	0.00434	0.00578	0.00694	0.00723	0.00405	0.00463	0.00694	0.00954	0.01272	0.02747	0.82157	0.03297	0.01562	0.00636	0.00202	0.00289	0.01417	0.00463	0.00405
40	0.01176	0.01345	0.02941	0.02101	0.02605	0.01261	0.77563	0.01597	0.01176	0.01597	0.01008	0.01345	0.00756	0.00420	0.00588	0.00168	0.00840	0.00588	0.00252	0.00672
41	0.02138	0.01006	0.01254	0.00961	0.01351	0.00966	0.00794	0.24040	0.01690	0.57736	0.01745	0.01553	0.01123	0.00612	0.00500	0.00153	0.00460	0.00486	0.00583	0.00848
42	0.00803	0.00574	0.00803	0.00918	0.01033	0.00574	0.00803	0.01033	0.01147	0.01492	0.02639	0.05622	0.02869	0.01377	0.00688	0.00229	0.00459	0.76018	0.00459	0.00459
43	0.00882	0.00767	0.01058	0.00962	0.00990	0.00988	0.00750	0.00986	0.00766	0.01129	0.01092	0.01896	0.01124	0.21851	0.26498	0.00465	0.36549	0.00538	0.00254	0.00454
44	0.00623	0.00488	0.00558	0.00593	0.00712	0.00429	0.00434	0.00740	0.01088	0.01359	0.08675	0.25406	0.46993	0.01351	0.00654	0.03065	0.00280	0.05677	0.00460	0.00415
45	0.01273	0.01063	0.01128	0.01010	0.01295	0.01223	0.00787	0.02641	0.75868	0.04709	0.02027	0.01854	0.01512	0.00674	0.00507	0.00169	0.00395	0.00561	0.00511	0.00791
46	0.01000	0.02578	0.79900	0.01421	0.02157	0.01158	0.01842	0.01579	0.01052	0.01579	0.00895	0.01052	0.00631	0.00474	0.00474	0.00158	0.00737	0.00368	0.00210	0.00737
47	0.00609	0.00437	0.00579	0.00688	0.00722	0.00407	0.00461	0.00701	0.00970	0.01292	0.04654	0.78376	0.05175	0.01541	0.00634	0.00200	0.00287	0.01396	0.00465	0.00407
48	0.01895	0.01396	0.01496	0.01147	0.01546	0.01546	0.00947	0.77711	0.02344	0.03141	0.01197	0.01197	0.00848	0.00598	0.00499	0.00150	0.00548	0.00449	0.00499	0.00848
49	0.01868	0.01531	0.03519	0.01168	0.01561	0.09896	0.00972	0.67719	0.02211	0.02897	0.01144	0.01161	0.00820	0.00586	0.00493	0.00148	0.00590	0.00433	0.00466	0.00816
50	0.64307	0.01097	0.00918	0.02706	0.01153	0.04910	0.00651	0.14113	0.01138	0.03975	0.00813	0.00909	0.00613	0.00492	0.00355	0.00153	0.00444	0.00311	0.00342	0.00599
51	0.04322	0.01121	0.02229	0.12023	0.02299	0.01102	0.49361	0.03705	0.01160	0.01605	0.04896	0.11318	0.01237	0.00605	0.00569	0.00170	0.00695	0.00669	0.00298	0.00615
52	0.09326	0.04620	0.01773	0.01571	0.11283	0.19657	0.16989	0.06069	0.11038	0.04717	0.02822	0.01475	0.01057	0.00606	0.00532	0.00172	0.00678	0.00492	0.04392	0.00734
53	0.29430	0.01077	0.03448	0.05270	0.04487	0.02306	0.00769	0.11761	0.11041	0.03398	0.03689	0.01211	0.00923	0.00512	0.00410	0.00138	0.00443	0.00382	0.00359	0.18945
54	0.06380	0.01024	0.01221	0.10944	0.04802	0.03182	0.00869	0.05582	0.22172	0.06261	0.01302	0.04233	0.01046	0.00608	0.00598	0.00150	0.09906	0.00468	0.00367	0.18883

[dist]
# distance from previous block
# <min> <max>
2	15

[block]
# block no. 4 follows, 50 sequences, length 16
# corresponding to MSA columns:
# 460-475
name=unknown_E
#
# <colnr> <probs for GDERKNQSTAVLIFYWHMCP>
#	G	D	E	R	K	N	Q	S	T	A	V	L	I	F	Y	W	H	M	C	P
0	0.29352	0.07322	0.08307	0.01208	0.10888	0.02938	0.02796	0.13500	0.04627	0.04238	0.02576	0.04300	0.00941	0.00577	0.00466	0.00155	0.02904	0.01905	0.00341	0.00660
1	0.01113	0.01152	0.10914	0.01131	0.05600	0.01022	0.00952	0.01340	0.00983	0.06155	0.03217	0.01239	0.00875	0.02593	0.00859	0.00151	0.26248	0.00398	0.00285	0.33773
2	0.04676	0.05983	0.01493	0.01182	0.01452	0.30657	0.10290	0.12550	0.01411	0.01701	0.12861	0.06526	0.01465	0.00669	0.00556	0.00150	0.04900	0.00530	0.00346	0.00602
3	0.01536	0.01205	0.01280	0.01054	0.01389	0.01350	0.00847	0.40589	0.35651	0.02580	0.01772	0.01684	0.05432	0.00669	0.00507	0.00159	0.00465	0.00532	0.00500	0.00799
4	0.00955	0.00914	0.01582	0.76512	0.03383	0.01117	0.05976	0.01293	0.01008	0.01293	0.00893	0.01330	0.00670	0.00494	0.00504	0.00166	0.00675	0.00452	0.00223	0.00561
5	0.01895	0.01396	0.01496	0.01147	0.01546	0.01546	0.00947	0.77711	0.02344	0.03141	0.01197	0.01197	0.00848	0.00598	0.00499	0.00150	0.00548	0.00449	0.00499	0.00848
6	0.00607	0.00434	0.00578	0.00694	0.00723	0.00405	0.00463	0.00694	0.00954	0.01272	0.02747	0.82157	0.03297	0.01562	0.00636	0.00202	0.00289	0.01417	0.00463	0.00405
7	0.01034	0.00886	0.01034	0.00738	0.01181	0.00664	0.00591	0.01255	0.01034	0.01624	0.00886	0.01034	0.00738	0.00369	0.00369	0.00074	0.00369	0.00295	0.00295	0.85530
8	0.00957	0.00902	0.01523	0.77176	0.07422	0.01111	0.01392	0.01287	0.01004	0.01292	0.00889	0.01324	0.00671	0.00495	0.00498	0.00165	0.00661	0.00443	0.00223	0.00566
9	0.01189	0.01128	0.01523	0.01289	0.01338	0.01529	0.01073	0.10595	0.00957	0.01438	0.00721	0.01104	0.00678	0.00839	0.01496	0.00210	0.71621	0.00438	0.00253	0.00582
10	0.00725	0.00483	0.00544	0.00544	0.00544	0.00483	0.00302	0.00725	0.00725	0.00966	0.01571	0.03262	0.01812	0.82483	0.02537	0.00483	0.00483	0.00725	0.00302	0.00302
11	0.01215	0.01166	0.01990	0.07968	0.74608	0.01179	0.01521	0.01514	0.01126	0.01606	0.00934	0.01240	0.00782	0.00448	0.00494	0.00149	0.00597	0.00444	0.00245	0.00775
12	0.00617	0.00450	0.00581	0.00667	0.00720	0.00414	0.00455	0.00725	0.01027	0.01365	0.11930	0.65008	0.11269	0.01467	0.00626	0.00194	0.00279	0.01319	0.00473	0.00414
13	0.01837	0.01211	0.01323	0.01054	0.01419	0.03657	0.00857	0.39103	0.18996	0.22818	0.01569	0.01465	0.01092	0.00618	0.00500	0.00154	0.00492	0.00484	0.00524	0.00827
14	0.13401	0.01000	0.01133	0.00907	0.01261	0.01016	0.00736	0.13067	0.16692	0.28385	0.01490	0.01416	0.01047	0.00574	0.00486	0.00146	0.02633	0.00441	0.00475	0.13695
15	0.01206	0.01359	0.06681	0.01416	0.01657	0.09383	0.17318	0.04319	0.01024	0.01428	0.00801	0.01121	0.00689	0.00652	0.01045	0.00177	0.39615	0.00438	0.00248	0.09423

[dist]
# distance from previous block
# <min> <max>
2	5

[block]
# block no. 5 follows, 50 sequences, length 43
# corresponding to MSA columns:
# 490-527,529,530,563-565
name=unknown_F
#
# <colnr> <probs for GDERKNQSTAVLIFYWHMCP>
#	G	D	E	R	K	N	Q	S	T	A	V	L	I	F	Y	W	H	M	C	P
0	0.01917	0.04022	0.01302	0.01029	0.04388	0.01019	0.00810	0.21376	0.06253	0.44251	0.05482	0.01615	0.01275	0.00617	0.00496	0.00150	0.00454	0.00496	0.00541	0.02505
1	0.05457	0.00902	0.01163	0.00898	0.01276	0.00826	0.00741	0.10226	0.01499	0.66725	0.03759	0.01660	0.01253	0.00619	0.00496	0.00154	0.00431	0.00497	0.00591	0.00827
2	0.04190	0.00778	0.01375	0.01159	0.01365	0.00743	0.25274	0.03094	0.01074	0.01488	0.04104	0.47467	0.02336	0.01108	0.00604	0.00187	0.00478	0.02273	0.00392	0.00511
3	0.11370	0.01198	0.01275	0.01030	0.01383	0.01322	0.00842	0.43478	0.18058	0.09907	0.01437	0.01494	0.01061	0.00628	0.00486	0.00157	0.00483	0.03114	0.00488	0.00787
4	0.00709	0.00527	0.00777	0.00782	0.00863	0.00606	0.00598	0.00873	0.00803	0.01151	0.01404	0.05188	0.01360	0.08224	0.72839	0.00759	0.01245	0.00580	0.00277	0.00435
5	0.00712	0.00533	0.00795	0.00795	0.00881	0.00619	0.00615	0.00886	0.00799	0.01152	0.01341	0.01991	0.01261	0.05745	0.78520	0.00793	0.01313	0.00539	0.00268	0.00441
6	0.01320	0.78276	0.04828	0.00928	0.03401	0.01928	0.00900	0.01496	0.01017	0.01197	0.00705	0.00819	0.00643	0.00428	0.00329	0.00109	0.00541	0.00274	0.00214	0.00646
7	0.01046	0.00721	0.00826	0.00727	0.00924	0.00718	0.00562	0.14504	0.01325	0.10084	0.08975	0.06529	0.34327	0.08685	0.04035	0.00221	0.03981	0.00812	0.00459	0.00541
8	0.01488	0.01108	0.01242	0.01041	0.01359	0.03453	0.03810	0.15706	0.43168	0.14168	0.03765	0.01823	0.04244	0.00668	0.00511	0.00162	0.00449	0.00554	0.00505	0.00777
9	0.01251	0.01218	0.02006	0.03009	0.77170	0.03429	0.01514	0.01543	0.01143	0.01617	0.00933	0.01224	0.00785	0.00446	0.00492	0.00147	0.00601	0.00441	0.00247	0.00784
10	0.01333	0.82783	0.02612	0.00853	0.01279	0.01972	0.00853	0.01493	0.01013	0.01173	0.00693	0.00800	0.00640	0.00426	0.00320	0.00107	0.00533	0.00267	0.00213	0.00640
11	0.01292	0.01134	0.01685	0.02261	0.49248	0.01181	0.01241	0.06257	0.21431	0.04556	0.03757	0.01490	0.01124	0.00538	0.00501	0.00154	0.00521	0.00492	0.00352	0.00785
12	0.00607	0.00434	0.00578	0.00694	0.00723	0.00405	0.00463	0.00694	0.00954	0.01272	0.02747	0.82157	0.03297	0.01562	0.00636	0.00202	0.00289	0.01417	0.00463	0.00405
13	0.00700	0.00501	0.00681	0.00699	0.00749	0.00542	0.00491	0.00804	0.00800	0.01112	0.01637	0.15138	0.01759	0.29420	0.42039	0.00601	0.00887	0.00737	0.00310	0.00391
14	0.00777	0.00525	0.00689	0.00639	0.00769	0.00482	0.00482	0.01010	0.01412	0.05610	0.75526	0.03629	0.04542	0.01000	0.00584	0.00157	0.00244	0.00883	0.00552	0.00488
15	0.01622	0.01023	0.01148	0.00950	0.01268	0.01094	0.00762	0.20943	0.30769	0.22339	0.01760	0.01654	0.01253	0.00631	0.00485	0.00154	0.00421	0.00508	0.10435	0.00781
16	0.01234	0.01184	0.02023	0.03059	0.79373	0.01184	0.01530	0.01530	0.01135	0.01628	0.00938	0.01234	0.00790	0.00444	0.00493	0.00148	0.00592	0.00444	0.00247	0.00790
17	0.01867	0.01338	0.01441	0.01109	0.01496	0.01472	0.00915	0.71896	0.02258	0.05780	0.01242	0.01242	0.00879	0.00598	0.00493	0.00148	0.00531	0.00451	0.04012	0.00832
18	0.00592	0.00502	0.00511	0.00515	0.00677	0.00421	0.00384	0.00719	0.01134	0.01356	0.06319	0.07842	0.74796	0.01270	0.00591	0.00169	0.00254	0.01064	0.00464	0.00421
19	0.11403	0.01085	0.01224	0.00968	0.01333	0.01133	0.00793	0.30490	0.10379	0.32208	0.02920	0.01464	0.01106	0.00606	0.00481	0.00154	0.00460	0.00470	0.00524	0.00800
20	0.00604	0.00445	0.00567	0.00665	0.00715	0.00407	0.00450	0.00697	0.00982	0.01284	0.03101	0.70264	0.14961	0.01516	0.00629	0.00197	0.00284	0.01361	0.00463	0.00407
21	0.00604	0.00491	0.00535	0.00555	0.00690	0.00422	0.00405	0.00732	0.01124	0.01392	0.11477	0.20612	0.56623	0.01301	0.00599	0.00174	0.00258	0.01113	0.00471	0.00422
22	0.04242	0.00672	0.00696	0.00634	0.00812	0.00710	0.00500	0.14673	0.03732	0.02085	0.01585	0.01913	0.01271	0.00627	0.00397	0.00131	0.00311	0.04659	0.59806	0.00545
23	0.01176	0.01345	0.02941	0.02101	0.02605	0.01261	0.77563	0.01597	0.01176	0.01597	0.01008	0.01345	0.00756	0.00420	0.00588	0.00168	0.00840	0.00588	0.00252	0.00672
24	0.00960	0.00834	0.01404	0.01248	0.06153	0.00861	0.18331	0.01196	0.02223	0.05678	0.11885	0.18353	0.07822	0.01192	0.08470	0.00240	0.11438	0.00793	0.00369	0.00552
25	0.01305	0.00928	0.01161	0.00845	0.01278	0.00752	0.03824	0.05918	0.01186	0.15693	0.01103	0.01175	0.00834	0.00429	0.00409	0.00097	0.00409	0.00353	0.00363	0.61939
26	0.00748	0.00577	0.00784	0.00776	0.00850	0.02309	0.00582	0.00890	0.00799	0.01124	0.01350	0.02156	0.01324	0.18150	0.62495	0.00714	0.03113	0.00562	0.00272	0.00424
27	0.00983	0.00572	0.00746	0.00690	0.00847	0.00521	0.00521	0.02369	0.01331	0.16196	0.46069	0.18085	0.06992	0.01051	0.00580	0.00165	0.00286	0.00924	0.00541	0.00532
28	0.01061	0.01072	0.01606	0.09127	0.04525	0.06423	0.15141	0.01259	0.00922	0.01272	0.00939	0.01463	0.00863	0.07878	0.13192	0.00305	0.31669	0.00496	0.00243	0.00546
29	0.01848	0.00764	0.01025	0.00815	0.01137	0.00664	0.00662	0.02045	0.01406	0.60316	0.16696	0.02267	0.06613	0.00732	0.00523	0.00156	0.00378	0.00610	0.00595	0.00751
30	0.01985	0.00922	0.01242	0.00937	0.01338	0.00814	0.03911	0.08705	0.01437	0.58303	0.01700	0.01541	0.01107	0.00570	0.00485	0.00142	0.00444	0.00470	0.00544	0.13403
31	0.01185	0.01443	0.13328	0.11049	0.24056	0.09458	0.17800	0.01522	0.01121	0.01534	0.00975	0.01259	0.00769	0.00487	0.00541	0.00154	0.04074	0.00453	0.08123	0.00667
32	0.00915	0.00788	0.01095	0.01113	0.09104	0.00789	0.07813	0.04468	0.15373	0.01668	0.09679	0.16194	0.20337	0.01003	0.00577	0.00176	0.00403	0.07496	0.00438	0.00572
33	0.00725	0.00483	0.00544	0.00544	0.00544	0.00483	0.00302	0.00725	0.00725	0.00966	0.01571	0.03262	0.01812	0.82483	0.02537	0.00483	0.00483	0.00725	0.00302	0.00302
34	0.00607	0.00434	0.00578	0.00694	0.00723	0.00405	0.00463	0.00694	0.00954	0.01272	0.02747	0.82157	0.03297	0.01562	0.00636	0.00202	0.00289	0.01417	0.00463	0.00405
35	0.02726	0.01534	0.22194	0.02260	0.03871	0.04832	0.04161	0.08057	0.25964	0.11296	0.01446	0.01459	0.02008	0.00598	0.00560	0.00163	0.05262	0.00474	0.00388	0.00747
36	0.10037	0.01957	0.01338	0.01172	0.01464	0.53043	0.00902	0.14547	0.04357	0.05317	0.00936	0.01012	0.00726	0.00534	0.00448	0.00137	0.00750	0.00355	0.00328	0.00639
37	0.00613	0.00438	0.00583	0.00690	0.00724	0.00409	0.00463	0.00708	0.00981	0.01315	0.07180	0.77604	0.03378	0.01530	0.00633	0.00200	0.00286	0.01387	0.00468	0.00409
38	0.00782	0.00628	0.00898	0.00859	0.00920	0.00768	0.00665	0.00924	0.00784	0.01139	0.01243	0.01975	0.01214	0.13693	0.55889	0.00653	0.15717	0.00542	0.00263	0.00444
39	0.01104	0.01090	0.01704	0.46548	0.26150	0.05750	0.04923	0.01455	0.03759	0.01421	0.00940	0.01294	0.00735	0.00485	0.00499	0.00159	0.00655	0.00447	0.00242	0.00640
40	0.01030	0.00614	0.00661	0.00613	0.00768	0.00640	0.00472	0.12956	0.01224	0.01946	0.01722	0.06589	0.04065	0.00928	0.07080	0.00185	0.00377	0.00545	0.57068	0.00517
41	0.00831	0.00527	0.00689	0.00682	0.00771	0.00504	0.00487	0.04429	0.01133	0.05041	0.28862	0.26380	0.04868	0.03884	0.00938	0.17863	0.00324	0.00917	0.00445	0.00426
42	0.01063	0.00916	0.01211	0.01093	0.10169	0.00773	0.04291	0.05514	0.01122	0.01671	0.01152	0.08773	0.01067	0.00541	0.00437	0.00109	0.00422	0.03234	0.00321	0.56121

[dist]
# distance from previous block
# <min> <max>
1	6

[block]
# block no. 6 follows, 50 sequences, length 30
# corresponding to MSA columns:
# 574-603
name=unknown_G
#
# <colnr> <probs for GDERKNQSTAVLIFYWHMCP>
#	G	D	E	R	K	N	Q	S	T	A	V	L	I	F	Y	W	H	M	C	P
0	0.39614	0.01046	0.01335	0.01050	0.01402	0.01100	0.18363	0.06508	0.08081	0.02004	0.01187	0.01346	0.04843	0.02757	0.00484	0.00162	0.00496	0.00437	0.00333	0.07453
1	0.29599	0.01062	0.03168	0.00833	0.01175	0.05285	0.00694	0.05115	0.01088	0.09775	0.03825	0.01131	0.00860	0.00510	0.00482	0.00132	0.06703	0.00352	0.00341	0.27871
2	0.43117	0.03793	0.06757	0.05745	0.04438	0.01180	0.04158	0.07382	0.06185	0.04997	0.00948	0.01078	0.00721	0.00515	0.00449	0.00156	0.04223	0.00364	0.03170	0.00623
3	0.00645	0.00485	0.00606	0.00667	0.00753	0.00434	0.00463	0.00750	0.00991	0.01310	0.02964	0.58710	0.15959	0.03503	0.00658	0.00195	0.00299	0.03291	0.00446	0.06872
4	0.01869	0.01383	0.01481	0.01142	0.01536	0.01534	0.00941	0.74763	0.05334	0.03100	0.01229	0.01223	0.00874	0.00601	0.00499	0.00150	0.00542	0.00453	0.00499	0.00845
5	0.00667	0.00503	0.00632	0.00687	0.00777	0.00459	0.00477	0.00819	0.03563	0.01369	0.06315	0.61743	0.10256	0.01379	0.00603	0.00185	0.00293	0.01236	0.00454	0.07582
6	0.01015	0.06287	0.76326	0.01394	0.02117	0.01195	0.01796	0.01575	0.01051	0.01560	0.00885	0.01041	0.00632	0.00471	0.00466	0.00155	0.00727	0.00364	0.00211	0.00732
7	0.01910	0.01371	0.01481	0.01135	0.01533	0.01509	0.00938	0.74300	0.02302	0.06611	0.01232	0.01219	0.00865	0.00599	0.00499	0.00150	0.00543	0.00451	0.00504	0.00848
8	0.00790	0.00610	0.00878	0.00850	0.00945	0.00724	0.00667	0.04387	0.00873	0.01254	0.01323	0.04318	0.01248	0.03321	0.68711	0.00711	0.07091	0.00550	0.00280	0.00469
9	0.00701	0.00509	0.00660	0.00623	0.00742	0.00468	0.00467	0.00932	0.01401	0.01975	0.76362	0.03763	0.07466	0.01028	0.00588	0.00157	0.00236	0.00907	0.00546	0.00468
10	0.00732	0.00544	0.00760	0.00751	0.00811	0.00623	0.00553	0.00857	0.00778	0.01105	0.01372	0.02287	0.01380	0.25776	0.55130	0.00686	0.04588	0.00583	0.00275	0.00409
11	0.01784	0.02155	0.01377	0.01237	0.01495	0.67523	0.00938	0.08935	0.01456	0.01394	0.00850	0.01001	0.00704	0.00749	0.06106	0.00178	0.00897	0.00348	0.00280	0.00593
12	0.00665	0.00472	0.00588	0.00661	0.00742	0.00427	0.00464	0.00772	0.01026	0.03913	0.03321	0.55827	0.23139	0.01444	0.00622	0.00193	0.00291	0.04538	0.00468	0.00426
13	0.00607	0.00436	0.00576	0.00688	0.00721	0.00405	0.00460	0.00695	0.00960	0.01275	0.02822	0.79662	0.05744	0.01552	0.00635	0.00201	0.00288	0.01405	0.00463	0.00405
14	0.00775	0.00632	0.00868	0.00850	0.00939	0.03357	0.00665	0.00947	0.00819	0.01162	0.01272	0.01867	0.01188	0.03446	0.72746	0.00741	0.06487	0.00521	0.00264	0.00456
15	0.01167	0.04835	0.60542	0.01410	0.02046	0.13617	0.05162	0.02834	0.01134	0.01536	0.00879	0.01037	0.00642	0.00478	0.00471	0.00152	0.00758	0.00369	0.00224	0.00708
16	0.00696	0.00509	0.00653	0.00617	0.00739	0.00466	0.00463	0.00923	0.01389	0.01947	0.73245	0.03808	0.10600	0.01038	0.00588	0.00158	0.00237	0.00913	0.00542	0.00466
17	0.01129	0.01154	0.10142	0.03390	0.01479	0.03906	0.07500	0.03804	0.10746	0.04646	0.01393	0.01839	0.02549	0.00592	0.00474	0.00135	0.00495	0.09406	0.02949	0.32272
18	0.00757	0.00578	0.00709	0.00716	0.00837	0.00572	0.00533	0.01121	0.12946	0.01724	0.35081	0.25781	0.09103	0.01163	0.00596	0.00177	0.00292	0.06310	0.00506	0.00496
19	0.01034	0.00886	0.01034	0.00738	0.01181	0.00664	0.00591	0.01255	0.01034	0.01624	0.00886	0.01034	0.00738	0.00369	0.00369	0.00074	0.00369	0.00295	0.00295	0.85530
20	0.02707	0.04792	0.01450	0.01090	0.01397	0.00866	0.18686	0.05807	0.01178	0.13845	0.01704	0.23012	0.03254	0.00791	0.00538	0.00156	0.01558	0.00728	0.03618	0.12824
21	0.01146	0.00879	0.01033	0.00756	0.01174	0.00690	0.00605	0.04098	0.01110	0.07757	0.01044	0.02907	0.00853	0.00429	0.00389	0.00087	0.00374	0.00347	0.02836	0.71487
22	0.86003	0.00964	0.00733	0.00655	0.00964	0.01118	0.00540	0.01465	0.00848	0.02236	0.00694	0.00810	0.00540	0.00463	0.00308	0.00154	0.00386	0.00270	0.00308	0.00540
23	0.01150	0.01099	0.01858	0.28336	0.39620	0.01193	0.07814	0.03966	0.04056	0.01560	0.00966	0.01291	0.00770	0.00490	0.00547	0.00159	0.03714	0.00460	0.00256	0.00695
24	0.01899	0.01338	0.01453	0.01120	0.01513	0.01466	0.00923	0.68519	0.05168	0.09542	0.01293	0.01264	0.00906	0.00603	0.00499	0.00151	0.00532	0.00458	0.00509	0.00845
25	0.00654	0.00488	0.00600	0.00661	0.00741	0.00452	0.00461	0.03266	0.01079	0.01411	0.09536	0.55634	0.20350	0.01418	0.00617	0.00189	0.00285	0.01260	0.00471	0.00428
26	0.01162	0.00987	0.01411	0.27038	0.15385	0.01120	0.01110	0.18857	0.01317	0.01770	0.01389	0.12464	0.03600	0.00738	0.00613	0.00170	0.06770	0.03127	0.00338	0.00634
27	0.00677	0.00488	0.00553	0.00558	0.00620	0.00459	0.00358	0.00749	0.00945	0.01231	0.13094	0.10361	0.22517	0.43432	0.01604	0.00333	0.00373	0.00892	0.00391	0.00364
28	0.00973	0.00785	0.00982	0.00888	0.01003	0.00932	0.00690	0.08708	0.09932	0.01482	0.01566	0.02099	0.06568	0.15448	0.24381	0.00412	0.17882	0.00573	0.04177	0.00521
29	0.00791	0.00504	0.00594	0.00612	0.00713	0.00487	0.00445	0.03842	0.01153	0.01715	0.19588	0.28900	0.06528	0.01050	0.00520	0.00159	0.00269	0.02184	0.29488	0.00459

[dist]
# distance from previous block
# <min> <max>
5	14

[block]
# block no. 7 follows, 50 sequences, length 7
# corresponding to MSA columns:
# 629-635
name=unknown_H
#
# <colnr> <probs for GDERKNQSTAVLIFYWHMCP>
#	G	D	E	R	K	N	Q	S	T	A	V	L	I	F	Y	W	H	M	C	P
0	0.00728	0.00555	0.00676	0.00650	0.00777	0.00540	0.00482	0.01018	0.07986	0.01704	0.42677	0.06644	0.18037	0.07110	0.07970	0.00244	0.00372	0.00875	0.00482	0.00472
1	0.00606	0.00469	0.00553	0.00609	0.00703	0.00416	0.00427	0.00719	0.01061	0.01351	0.08649	0.44013	0.35845	0.01399	0.00613	0.00185	0.00270	0.01228	0.00468	0.00416
2	0.01030	0.01067	0.02017	0.09335	0.02020	0.01143	0.37345	0.01322	0.01056	0.01471	0.08141	0.07291	0.01286	0.00813	0.04427	0.00209	0.18531	0.00626	0.00284	0.00585
3	0.01172	0.01113	0.01652	0.22985	0.02149	0.07400	0.19415	0.10424	0.05112	0.01647	0.01232	0.01792	0.01034	0.00831	0.06260	0.00212	0.02731	0.07833	0.04396	0.00609
4	0.01034	0.00886	0.01034	0.00738	0.01181	0.00664	0.00591	0.01255	0.01034	0.01624	0.00886	0.01034	0.00738	0.00369	0.00369	0.00074	0.00369	0.00295	0.00295	0.85530
5	0.11187	0.04725	0.05488	0.04620	0.03735	0.12713	0.05824	0.11728	0.11400	0.08814	0.02753	0.05394	0.01145	0.00639	0.00505	0.00157	0.02382	0.03417	0.02710	0.00664
6	0.01115	0.00954	0.02982	0.00965	0.03387	0.05638	0.04083	0.08010	0.04280	0.05930	0.03750	0.20678	0.01633	0.00875	0.02771	0.00161	0.00466	0.04214	0.00385	0.27722

[dist]
# distance from previous block
# <min> <max>
0	1

[block]
# block no. 8 follows, 50 sequences, length 40
# corresponding to MSA columns:
# 638-656,658-678
name=unknown_I
#
# <colnr> <probs for GDERKNQSTAVLIFYWHMCP>
#	G	D	E	R	K	N	Q	S	T	A	V	L	I	F	Y	W	H	M	C	P
0	0.01126	0.11841	0.21548	0.02280	0.02919	0.01118	0.09295	0.07552	0.06554	0.05486	0.02943	0.14807	0.05050	0.00734	0.00542	0.00161	0.03107	0.00627	0.01661	0.00649
1	0.01021	0.06552	0.74032	0.01410	0.02125	0.01201	0.03767	0.01575	0.01054	0.01559	0.00887	0.01047	0.00635	0.00470	0.00469	0.00156	0.00729	0.00369	0.00212	0.00730
2	0.00607	0.00434	0.00578	0.00694	0.00723	0.00405	0.00463	0.00694	0.00954	0.01272	0.02747	0.82157	0.03297	0.01562	0.00636	0.00202	0.00289	0.01417	0.00463	0.00405
3	0.01034	0.00886	0.01034	0.00738	0.01181	0.00664	0.00591	0.01255	0.01034	0.01624	0.00886	0.01034	0.00738	0.00369	0.00369	0.00074	0.00369	0.00295	0.00295	0.85530
4	0.00789	0.00612	0.00833	0.00857	0.00903	0.00687	0.00650	0.00905	0.00956	0.03187	0.04380	0.45515	0.02585	0.04822	0.00938	0.00219	0.17987	0.12315	0.00408	0.00452
5	0.00656	0.00459	0.00588	0.00672	0.00700	0.00441	0.00447	0.00731	0.00907	0.01207	0.02413	0.53834	0.02850	0.23894	0.01166	0.00282	0.00357	0.07595	0.00418	0.00381
6	0.01333	0.82783	0.02612	0.00853	0.01279	0.01972	0.00853	0.01493	0.01013	0.01173	0.00693	0.00800	0.00640	0.00426	0.00320	0.00107	0.00533	0.00267	0.00213	0.00640
7	0.00719	0.00506	0.00657	0.00657	0.00697	0.00545	0.00444	0.00798	0.00759	0.01051	0.01466	0.02685	0.01562	0.47665	0.37013	0.00624	0.00860	0.00640	0.00287	0.00365
8	0.01268	0.01020	0.01157	0.00856	0.01275	0.00913	0.00693	0.22903	0.01397	0.02039	0.00988	0.01109	0.00785	0.00539	0.02897	0.00118	0.00450	0.00346	0.00352	0.58895
9	0.00608	0.00444	0.00573	0.00671	0.00718	0.00408	0.00454	0.00703	0.00987	0.01301	0.05174	0.71401	0.11697	0.01513	0.00630	0.00197	0.00284	0.01362	0.00465	0.00408
10	0.01015	0.00961	0.01628	0.61517	0.22623	0.01127	0.01421	0.01338	0.01032	0.01363	0.00899	0.01305	0.00696	0.00485	0.00497	0.00162	0.00646	0.00443	0.00228	0.00613
11	0.01020	0.20086	0.12657	0.05276	0.01435	0.02620	0.08591	0.01258	0.01076	0.05229	0.07899	0.27283	0.01865	0.00860	0.00513	0.00161	0.00499	0.00756	0.00345	0.00572
12	0.00686	0.00492	0.00658	0.00737	0.00810	0.00469	0.00556	0.00841	0.01094	0.01468	0.17483	0.41104	0.04777	0.03911	0.00700	0.00209	0.00333	0.22770	0.00473	0.00430
13	0.00725	0.00483	0.00544	0.00544	0.00544	0.00483	0.00302	0.00725	0.00725	0.00966	0.01571	0.03262	0.01812	0.82483	0.02537	0.00483	0.00483	0.00725	0.00302	0.00302
14	0.06243	0.05426	0.03618	0.00993	0.02468	0.02397	0.00800	0.12138	0.41299	0.03329	0.06107	0.04527	0.04712	0.00720	0.00500	0.00163	0.00428	0.02955	0.00461	0.00715
15	0.00791	0.00524	0.00695	0.00721	0.00761	0.01964	0.00507	0.00815	0.03194	0.01103	0.01602	0.23614	0.01746	0.08200	0.14045	0.33513	0.01861	0.03675	0.00317	0.00349
16	0.00619	0.00444	0.00590	0.00703	0.00741	0.00415	0.00481	0.00715	0.00970	0.01287	0.02795	0.75684	0.05069	0.01543	0.00638	0.00203	0.00299	0.05931	0.00462	0.00409
17	0.76151	0.01077	0.04989	0.00727	0.01064	0.01147	0.00635	0.06306	0.00954	0.02259	0.00737	0.00847	0.00564	0.00472	0.00329	0.00154	0.00415	0.00286	0.00315	0.00570
18	0.01012	0.00587	0.00764	0.00674	0.00857	0.00525	0.00520	0.01232	0.01387	0.17473	0.56998	0.03317	0.08613	0.00937	0.00565	0.00155	0.00277	0.00815	0.00550	0.02742
19	0.01214	0.45893	0.35002	0.01108	0.01658	0.04782	0.01272	0.01549	0.01045	0.01345	0.00781	0.00910	0.00636	0.00450	0.00390	0.00129	0.00633	0.00311	0.00214	0.00678
20	0.00905	0.00561	0.00596	0.00573	0.00715	0.00567	0.00431	0.04144	0.07580	0.01812	0.09247	0.05350	0.12313	0.03142	0.01827	0.00158	0.00289	0.00635	0.48661	0.00494
21	0.00781	0.00518	0.00661	0.00626	0.00745	0.00478	0.00461	0.00983	0.01307	0.05656	0.58829	0.08223	0.07082	0.07170	0.00724	0.00183	0.00267	0.00888	0.03950	0.00470
22	0.00621	0.00493	0.00557	0.00569	0.00700	0.00430	0.00416	0.00766	0.01170	0.01491	0.22536	0.18565	0.47410	0.01258	0.00597	0.00172	0.00255	0.01082	0.00484	0.00430
23	0.01167	0.01410	0.07032	0.02065	0.02581	0.01255	0.73538	0.01596	0.01170	0.01596	0.01002	0.01329	0.00750	0.00423	0.00582	0.00168	0.00835	0.00577	0.00250	0.00676
24	0.00607	0.00436	0.00576	0.00689	0.00722	0.00405	0.00460	0.00695	0.00959	0.01274	0.02808	0.80125	0.05290	0.01554	0.00635	0.00202	0.00288	0.01407	0.00463	0.00405
25	0.00711	0.00478	0.00548	0.00561	0.00564	0.00474	0.00321	0.00721	0.00751	0.01002	0.01707	0.12383	0.01984	0.73128	0.02317	0.00451	0.00461	0.00805	0.00321	0.00314
26	0.01257	0.01079	0.01137	0.01018	0.01303	0.01248	0.00793	0.04661	0.76431	0.02113	0.02006	0.01842	0.01503	0.00674	0.00507	0.00169	0.00399	0.00560	0.00507	0.00791
27	0.00929	0.00465	0.00465	0.00465	0.00581	0.00465	0.00348	0.01161	0.01045	0.01858	0.01626	0.01858	0.01278	0.00581	0.00348	0.00116	0.00232	0.00465	0.85250	0.00465
28	0.00678	0.00488	0.00642	0.00646	0.00739	0.00452	0.00468	0.00872	0.01283	0.01796	0.57769	0.25643	0.04310	0.01171	0.00601	0.00170	0.00250	0.01046	0.00525	0.00452
29	0.00629	0.00469	0.00670	0.00749	0.00796	0.00438	0.03457	0.00729	0.00963	0.01285	0.02680	0.79019	0.03198	0.01517	0.00634	0.00201	0.00311	0.01385	0.00455	0.00415
30	0.00607	0.00434	0.00578	0.00694	0.00723	0.00405	0.00463	0.00694	0.00954	0.01272	0.02747	0.82157	0.03297	0.01562	0.00636	0.00202	0.00289	0.01417	0.00463	0.00405
31	0.01000	0.02578	0.79900	0.01421	0.02157	0.01158	0.01842	0.01579	0.01052	0.01579	0.00895	0.01052	0.00631	0.00474	0.00474	0.00158	0.00737	0.00368	0.00210	0.00737
32	0.01712	0.02096	0.01468	0.01393	0.06226	0.62582	0.01016	0.03377	0.01320	0.01281	0.00772	0.00953	0.00657	0.00563	0.00626	0.00143	0.12621	0.00348	0.00255	0.00591
33	0.01176	0.01345	0.02941	0.02101	0.02605	0.01261	0.77563	0.01597	0.01176	0.01597	0.01008	0.01345	0.00756	0.00420	0.00588	0.00168	0.00840	0.00588	0.00252	0.00672
34	0.00679	0.00508	0.00630	0.00600	0.00729	0.00459	0.00450	0.00890	0.01349	0.01853	0.62534	0.03964	0.21371	0.01073	0.00588	0.00159	0.00239	0.00935	0.00529	0.00459
35	0.00615	0.00442	0.00585	0.00697	0.00734	0.00412	0.00474	0.00708	0.00968	0.01284	0.02814	0.76681	0.05638	0.01545	0.00637	0.00202	0.00295	0.04400	0.00463	0.00408
36	0.00616	0.00448	0.00583	0.00687	0.00735	0.00415	0.00473	0.00714	0.00982	0.01291	0.02967	0.70528	0.10689	0.01523	0.00634	0.00201	0.00295	0.05347	0.00463	0.00409
37	0.00986	0.00826	0.01293	0.55032	0.06737	0.00984	0.01141	0.04321	0.01062	0.01482	0.01065	0.01445	0.00821	0.00617	0.02952	0.00174	0.00589	0.00450	0.17467	0.00557
38	0.01895	0.01396	0.01496	0.01147	0.01546	0.01546	0.00947	0.77711	0.02344	0.03141	0.01197	0.01197	0.00848	0.00598	0.00499	0.00150	0.00548	0.00449	0.00499	0.00848
