[name]
unknown

[dist]
# distance from previous block
# <min> <max>
0	10

[block]
# block no. 0 follows, 50 sequences, length 11
# corresponding to MSA columns:
# 11-21
name=unknown_A
#
# <colnr> <probs for GDERKNQSTAVLIFYWHMCP>
#	G	D	E	R	K	N	Q	S	T	A	V	L	I	F	Y	W	H	M	C	P
0	0.01242	0.07995	0.04669	0.03608	0.23169	0.06692	0.04538	0.11339	0.05240	0.01721	0.01402	0.02271	0.01305	0.00724	0.00569	0.00169	0.03415	0.18926	0.00340	0.00667
1	0.01545	0.03577	0.01367	0.01224	0.07801	0.15686	0.00896	0.28409	0.15757	0.04526	0.03750	0.06944	0.01218	0.00650	0.00492	0.00149	0.00548	0.00517	0.00421	0.04524
2	0.00791	0.00604	0.00743	0.00715	0.00856	0.02724	0.03328	0.00993	0.03793	0.05522	0.25000	0.27926	0.22746	0.01181	0.00592	0.00174	0.00312	0.01040	0.00483	0.00478
3	0.00860	0.00760	0.01052	0.10367	0.19271	0.04259	0.00819	0.01032	0.01051	0.01387	0.07296	0.33782	0.08259	0.06660	0.00703	0.00196	0.00436	0.00921	0.00371	0.00517
4	0.00621	0.00501	0.00553	0.00552	0.00696	0.00432	0.00409	0.00772	0.01193	0.01510	0.24130	0.10570	0.53868	0.01222	0.00592	0.00168	0.00251	0.01041	0.00485	0.00432
5	0.00700	0.00484	0.00578	0.00593	0.00617	0.00486	0.00367	0.00740	0.00786	0.01051	0.01881	0.13889	0.05931	0.57733	0.11668	0.00468	0.00549	0.00812	0.00328	0.00340
6	0.00711	0.00519	0.00624	0.00652	0.00743	0.00490	0.00458	0.03245	0.01071	0.03190	0.09517	0.39655	0.24287	0.09795	0.00830	0.00216	0.01985	0.01127	0.00453	0.00431
7	0.01109	0.00931	0.01074	0.00774	0.01213	0.00742	0.00622	0.07980	0.01149	0.01758	0.00913	0.01048	0.00748	0.00389	0.00381	0.00080	0.00385	0.00309	0.00313	0.78082
8	0.04653	0.08164	0.04549	0.03071	0.08388	0.14542	0.07921	0.14471	0.03754	0.04562	0.03531	0.03002	0.13428	0.00660	0.00489	0.00149	0.00564	0.00541	0.02918	0.00643
9	0.03052	0.04755	0.07540	0.09374	0.13847	0.07416	0.00927	0.03403	0.12423	0.01529	0.05194	0.06963	0.07694	0.12815	0.00803	0.00206	0.00520	0.00606	0.00340	0.00592
10	0.00783	0.00637	0.00735	0.02991	0.00911	0.03320	0.00515	0.00936	0.03331	0.01327	0.02169	0.42736	0.06144	0.12905	0.00840	0.00210	0.00367	0.00978	0.00393	0.17773

[dist]
# distance from previous block
# <min> <max>
3	6

[block]
# block no. 1 follows, 50 sequences, length 12
# corresponding to MSA columns:
# 29-40
name=unknown_B
#
# <colnr> <probs for GDERKNQSTAVLIFYWHMCP>
#	G	D	E	R	K	N	Q	S	T	A	V	L	I	F	Y	W	H	M	C	P
0	0.01288	0.08442	0.10048	0.00929	0.01287	0.06667	0.00824	0.18283	0.07671	0.04161	0.01500	0.01679	0.07426	0.07669	0.00631	0.00162	0.00498	0.00474	0.05086	0.15276
1	0.52531	0.00777	0.00661	0.00609	0.00839	0.00861	0.00480	0.01269	0.00963	0.02033	0.11615	0.01707	0.05676	0.04749	0.00480	0.00166	0.00340	0.00451	0.13294	0.00500
2	0.00837	0.05679	0.05082	0.00826	0.00976	0.03311	0.03850	0.01012	0.00900	0.01260	0.01491	0.10404	0.01489	0.14977	0.34794	0.00482	0.00845	0.02817	0.08507	0.00462
3	0.00648	0.00475	0.00581	0.00643	0.00709	0.00441	0.00447	0.00747	0.00989	0.01284	0.06368	0.40265	0.19495	0.16430	0.00980	0.00247	0.00330	0.08088	0.00436	0.00397
4	0.00915	0.01017	0.12433	0.01209	0.12794	0.03013	0.00891	0.03370	0.03386	0.01361	0.01478	0.11171	0.03085	0.16770	0.21769	0.00391	0.03474	0.00634	0.00301	0.00537
5	0.86003	0.00964	0.00733	0.00655	0.00964	0.01118	0.00540	0.01465	0.00848	0.02236	0.00694	0.00810	0.00540	0.00463	0.00308	0.00154	0.00386	0.00270	0.00308	0.00540
6	0.00901	0.00959	0.10673	0.04805	0.13121	0.02472	0.00869	0.03410	0.01037	0.01440	0.09933	0.08461	0.05703	0.16324	0.13142	0.00319	0.02978	0.00655	0.02268	0.00529
7	0.00835	0.00669	0.00772	0.02184	0.00906	0.03220	0.00553	0.03257	0.04076	0.03726	0.28240	0.07340	0.24641	0.02903	0.07712	0.00226	0.04314	0.00830	0.00449	0.03147
8	0.01040	0.01276	0.15840	0.07085	0.12370	0.05712	0.09285	0.04284	0.03494	0.01618	0.11652	0.06133	0.06898	0.03089	0.00621	0.00172	0.03015	0.03148	0.02655	0.00612
9	0.01067	0.05877	0.07999	0.03400	0.10898	0.05106	0.03506	0.08116	0.04778	0.01612	0.09000	0.04296	0.08613	0.01231	0.14342	0.00267	0.05875	0.00572	0.00335	0.03110
10	0.05495	0.24702	0.08478	0.01056	0.03401	0.05345	0.06661	0.08664	0.02907	0.03347	0.01358	0.05087	0.05568	0.04251	0.09159	0.00228	0.00638	0.02733	0.00309	0.00611
11	0.03544	0.18130	0.15318	0.06525	0.11090	0.09699	0.04432	0.02902	0.06554	0.06213	0.02750	0.03646	0.00936	0.00527	0.00450	0.00141	0.00593	0.00425	0.00296	0.05828

[dist]
# distance from previous block
# <min> <max>
1	8

[block]
# block no. 2 follows, 50 sequences, length 12
# corresponding to MSA columns:
# 49-60
name=unknown_C
#
# <colnr> <probs for GDERKNQSTAVLIFYWHMCP>
#	G	D	E	R	K	N	Q	S	T	A	V	L	I	F	Y	W	H	M	C	P
0	0.01165	0.01061	0.07566	0.06199	0.01281	0.07863	0.00778	0.12447	0.08978	0.06497	0.10159	0.11969	0.09118	0.03592	0.00583	0.00169	0.00453	0.00681	0.08846	0.00598
1	0.03066	0.03791	0.07097	0.07537	0.21870	0.03677	0.00983	0.02723	0.05746	0.01539	0.06093	0.08390	0.15631	0.01018	0.06901	0.00212	0.00551	0.02232	0.00341	0.00602
2	0.01260	0.00973	0.01368	0.08154	0.24219	0.01026	0.01002	0.11563	0.10454	0.09755	0.14232	0.01950	0.05189	0.00770	0.03238	0.00179	0.02998	0.00570	0.00405	0.00695
3	0.00690	0.00502	0.00605	0.00602	0.00670	0.00501	0.00408	0.00778	0.00887	0.01175	0.08148	0.03334	0.19345	0.39371	0.20414	0.00463	0.00614	0.00767	0.00349	0.00375
4	0.00784	0.00577	0.00780	0.00761	0.00855	0.00641	0.00572	0.04286	0.03265	0.01310	0.07588	0.02419	0.01667	0.18749	0.50683	0.00624	0.00993	0.02678	0.00319	0.00447
5	0.00743	0.00529	0.00610	0.00577	0.00740	0.00460	0.00437	0.00915	0.01261	0.06778	0.33348	0.04179	0.45360	0.01126	0.00583	0.00163	0.00257	0.00958	0.00506	0.00468
6	0.00877	0.00755	0.00792	0.00780	0.00944	0.04207	0.00579	0.01425	0.26713	0.01593	0.07116	0.25690	0.21117	0.01204	0.03679	0.00201	0.00380	0.00935	0.00466	0.00549
7	0.23354	0.17767	0.01500	0.01225	0.14226	0.06354	0.00864	0.07070	0.05508	0.04690	0.00957	0.01087	0.00767	0.00507	0.00451	0.00141	0.04410	0.00360	0.05263	0.03501
8	0.01083	0.04241	0.02488	0.02631	0.04131	0.05938	0.00710	0.05393	0.05388	0.07022	0.10508	0.08887	0.07895	0.04678	0.08883	0.00235	0.05026	0.02419	0.05350	0.07095
9	0.04293	0.03071	0.10103	0.14982	0.05301	0.04659	0.03936	0.07483	0.04786	0.07724	0.07193	0.01786	0.06086	0.00960	0.09254	0.00224	0.00618	0.00518	0.06404	0.00617
10	0.04073	0.09876	0.05472	0.01233	0.13669	0.06923	0.03083	0.04583	0.05380	0.04355	0.09568	0.13576	0.08814	0.00766	0.00499	0.00150	0.00471	0.00653	0.00368	0.06489
11	0.04884	0.03011	0.04087	0.01068	0.06134	0.09433	0.03614	0.13348	0.02470	0.03205	0.10046	0.11792	0.09047	0.01030	0.06726	0.00206	0.03303	0.00654	0.02392	0.03547

[dist]
# distance from previous block
# <min> <max>
3	23

[block]
# block no. 3 follows, 50 sequences, length 11
# corresponding to MSA columns:
# 88-98
name=unknown_D
#
# <colnr> <probs for GDERKNQSTAVLIFYWHMCP>
#	G	D	E	R	K	N	Q	S	T	A	V	L	I	F	Y	W	H	M	C	P
0	0.03418	0.12831	0.07516	0.10743	0.09368	0.14129	0.06253	0.09223	0.01285	0.03149	0.10921	0.01478	0.01252	0.00679	0.03446	0.00168	0.00631	0.00462	0.02413	0.00633
1	0.00872	0.00770	0.03207	0.00808	0.01007	0.00740	0.03536	0.04625	0.09949	0.01642	0.13080	0.12706	0.23231	0.01035	0.02530	0.00179	0.07072	0.00803	0.05346	0.06863
2	0.00651	0.00517	0.00613	0.00626	0.00745	0.00491	0.00468	0.00791	0.01074	0.01386	0.11113	0.18949	0.41419	0.01560	0.10063	0.00250	0.03266	0.02987	0.02601	0.00432
3	0.86003	0.00964	0.00733	0.00655	0.00964	0.01118	0.00540	0.01465	0.00848	0.02236	0.00694	0.00810	0.00540	0.00463	0.00308	0.00154	0.00386	0.00270	0.00308	0.00540
4	0.00906	0.00817	0.04009	0.01033	0.03292	0.00911	0.03049	0.04922	0.03155	0.01346	0.01191	0.01710	0.01085	0.04866	0.46722	0.00548	0.16966	0.00508	0.02445	0.00518
5	0.00780	0.00554	0.00687	0.03195	0.00829	0.00586	0.00506	0.02927	0.00974	0.01393	0.05093	0.09472	0.14677	0.15481	0.20550	0.00371	0.03813	0.00720	0.16957	0.00436
6	0.15675	0.01006	0.01030	0.00873	0.01130	0.03101	0.00696	0.26444	0.09575	0.03792	0.04267	0.01626	0.03077	0.04801	0.06343	0.00214	0.03425	0.00481	0.11802	0.00640
7	0.17496	0.03993	0.07128	0.06076	0.10269	0.15029	0.00984	0.17597	0.05561	0.01970	0.01031	0.01237	0.00818	0.00599	0.01998	0.00160	0.00596	0.02252	0.02827	0.02379
8	0.03517	0.11242	0.07738	0.02476	0.02777	0.08802	0.02785	0.10594	0.10234	0.12222	0.08018	0.01699	0.03399	0.00784	0.04296	0.00181	0.03649	0.02357	0.00389	0.02841
9	0.05151	0.06267	0.14013	0.01142	0.03827	0.14410	0.04111	0.12678	0.06984	0.03958	0.05631	0.07898	0.02916	0.02313	0.00532	0.00159	0.00573	0.03196	0.00358	0.03882
10	0.04421	0.13374	0.06657	0.03090	0.06543	0.12799	0.02579	0.08025	0.04239	0.01606	0.04516	0.05481	0.03414	0.02811	0.03903	0.00173	0.02471	0.00475	0.01942	0.11481

[dist]
# distance from previous block
# <min> <max>
21	46

[block]
# block no. 4 follows, 50 sequences, length 10
# corresponding to MSA columns:
# 153-162
name=unknown_E
#
# <colnr> <probs for GDERKNQSTAVLIFYWHMCP>
#	G	D	E	R	K	N	Q	S	T	A	V	L	I	F	Y	W	H	M	C	P
0	0.17466	0.09299	0.06601	0.02964	0.06815	0.10567	0.02143	0.05990	0.06815	0.01720	0.01321	0.01535	0.05453	0.00884	0.08213	0.00209	0.00596	0.01961	0.08852	0.00599
1	0.05301	0.05569	0.03486	0.19442	0.07618	0.10906	0.08108	0.09521	0.01177	0.01569	0.01054	0.01309	0.04376	0.00594	0.00689	0.00162	0.15387	0.00446	0.00276	0.03010
2	0.00957	0.00733	0.00807	0.00814	0.04562	0.03103	0.00583	0.04593	0.14789	0.03412	0.11972	0.04690	0.20868	0.05075	0.02829	0.00191	0.00375	0.03935	0.15165	0.00545
3	0.00950	0.00869	0.00988	0.03498	0.12069	0.08929	0.00733	0.01229	0.06791	0.02831	0.22973	0.08461	0.20839	0.00941	0.00590	0.00164	0.02951	0.03227	0.00424	0.00544
4	0.00814	0.02601	0.00892	0.02452	0.04109	0.00704	0.02732	0.02474	0.01110	0.01530	0.17644	0.12320	0.23099	0.05222	0.00789	0.00184	0.10634	0.00827	0.09382	0.00481
5	0.00709	0.00530	0.00614	0.00605	0.00740	0.00482	0.00452	0.00898	0.03235	0.03288	0.26894	0.06434	0.36721	0.09559	0.00794	0.00203	0.00295	0.06624	0.00477	0.00445
6	0.00881	0.00772	0.03188	0.05575	0.02547	0.06544	0.00643	0.02384	0.04079	0.04438	0.12747	0.28429	0.14350	0.06450	0.00707	0.00197	0.00398	0.04751	0.00430	0.00490
7	0.00830	0.00588	0.00832	0.00810	0.00924	0.00669	0.00626	0.01094	0.06754	0.05197	0.01431	0.01999	0.01293	0.07069	0.66668	0.00705	0.01177	0.00544	0.00305	0.00485
8	0.05367	0.46271	0.09034	0.01247	0.11303	0.12097	0.01031	0.05914	0.01153	0.01435	0.00781	0.00913	0.00665	0.00456	0.00382	0.00124	0.00601	0.00316	0.00244	0.00666
9	0.00913	0.00954	0.08592	0.03701	0.03704	0.00838	0.12364	0.03293	0.01070	0.01520	0.13573	0.05441	0.04309	0.07859	0.15260	0.00300	0.06160	0.00619	0.02126	0.07402

[dist]
# distance from previous block
# <min> <max>
0	17

[block]
# block no. 5 follows, 50 sequences, length 8
# corresponding to MSA columns:
# 182-189
name=unknown_F
#
# <colnr> <probs for GDERKNQSTAVLIFYWHMCP>
#	G	D	E	R	K	N	Q	S	T	A	V	L	I	F	Y	W	H	M	C	P
0	0.03218	0.08552	0.05471	0.06647	0.13574	0.11113	0.06982	0.07588	0.08108	0.02711	0.07716	0.04859	0.01262	0.00692	0.02459	0.00169	0.05028	0.00510	0.02695	0.00648
1	0.09935	0.00953	0.01372	0.10835	0.16526	0.00979	0.06243	0.08806	0.03289	0.17895	0.09007	0.03824	0.02996	0.00670	0.01848	0.00167	0.00505	0.00537	0.02932	0.00681
2	0.00880	0.00613	0.00728	0.00696	0.00816	0.00591	0.00489	0.09036	0.01110	0.04197	0.08501	0.27576	0.07202	0.25668	0.01165	0.00265	0.00384	0.03021	0.00418	0.06643
3	0.01172	0.06888	0.01449	0.10836	0.11459	0.07756	0.06488	0.08079	0.01182	0.05079	0.04037	0.12976	0.02615	0.03135	0.05528	0.00210	0.06220	0.02068	0.02226	0.00596
4	0.02758	0.12551	0.15510	0.05981	0.15261	0.15780	0.04599	0.01649	0.07408	0.03581	0.01102	0.07037	0.00951	0.00580	0.00507	0.00151	0.03176	0.00469	0.00284	0.00664
5	0.01427	0.00947	0.01068	0.00895	0.01170	0.01002	0.00713	0.28997	0.12764	0.12960	0.07530	0.08128	0.06961	0.00904	0.04132	0.00185	0.00452	0.00627	0.08444	0.00694
6	0.05068	0.11953	0.33607	0.01307	0.04272	0.03810	0.08952	0.04488	0.06496	0.07631	0.01074	0.01217	0.00807	0.00730	0.06292	0.00198	0.00695	0.00413	0.00289	0.00701
7	0.06017	0.11544	0.07101	0.00807	0.01055	0.00874	0.00691	0.03447	0.09437	0.08728	0.04805	0.25618	0.13143	0.01069	0.03254	0.00188	0.00421	0.00815	0.00418	0.00569

[dist]
# distance from previous block
# <min> <max>
5	18

[block]
# block no. 6 follows, 50 sequences, length 15
# corresponding to MSA columns:
# 208-222
name=unknown_G
#
# <colnr> <probs for GDERKNQSTAVLIFYWHMCP>
#	G	D	E	R	K	N	Q	S	T	A	V	L	I	F	Y	W	H	M	C	P
0	0.01014	0.18805	0.01518	0.01017	0.01173	0.01250	0.04245	0.01163	0.00902	0.01254	0.01300	0.06461	0.06298	0.03539	0.10637	0.00259	0.31070	0.02460	0.03330	0.02304
1	0.00705	0.00480	0.00558	0.00578	0.00605	0.00469	0.00357	0.00751	0.00838	0.01124	0.05076	0.15905	0.07206	0.56064	0.01906	0.00386	0.00419	0.03305	0.02925	0.00343
2	0.03075	0.02716	0.04304	0.03628	0.10177	0.05580	0.03432	0.06014	0.05395	0.01521	0.03891	0.13097	0.09449	0.03555	0.09861	0.00252	0.11250	0.00667	0.01568	0.00567
3	0.00974	0.03094	0.27920	0.01260	0.07081	0.03799	0.06287	0.01368	0.05719	0.01528	0.08970	0.06285	0.06077	0.07889	0.00753	0.00195	0.04110	0.05763	0.00321	0.00605
4	0.00624	0.00448	0.00590	0.00697	0.00736	0.00420	0.00477	0.00719	0.00966	0.01279	0.02782	0.71383	0.05982	0.04400	0.00705	0.00213	0.00306	0.06413	0.00457	0.00405
5	0.01299	0.00877	0.01358	0.08999	0.09446	0.00890	0.09936	0.05871	0.02947	0.19225	0.11798	0.02179	0.01654	0.00859	0.04781	0.00197	0.03440	0.07463	0.06133	0.00648
6	0.01257	0.04480	0.10158	0.15832	0.13770	0.10094	0.07333	0.10708	0.09703	0.01679	0.01175	0.02348	0.02451	0.02564	0.02613	0.00180	0.02204	0.00473	0.00305	0.00673
7	0.00867	0.02084	0.03744	0.00956	0.08063	0.02543	0.00657	0.01059	0.04800	0.04755	0.05705	0.29477	0.14489	0.09067	0.02902	0.03298	0.03724	0.00918	0.00398	0.00494
8	0.00722	0.00490	0.00604	0.00644	0.00747	0.00438	0.00457	0.00842	0.01086	0.06660	0.11053	0.45922	0.25781	0.01355	0.00608	0.00184	0.00282	0.01195	0.00482	0.00446
9	0.01252	0.01323	0.04252	0.18778	0.15033	0.11411	0.21828	0.06131	0.02921	0.02878	0.00992	0.01291	0.00778	0.00679	0.05093	0.00195	0.03764	0.00473	0.00270	0.00655
10	0.02338	0.06072	0.08424	0.06852	0.18804	0.11364	0.04139	0.10481	0.06184	0.05491	0.04192	0.05665	0.01090	0.00610	0.00568	0.00156	0.06060	0.00496	0.00328	0.00686
11	0.01282	0.15655	0.09712	0.08396	0.18989	0.03483	0.01121	0.12435	0.05706	0.04764	0.06389	0.04976	0.01196	0.00601	0.00501	0.00150	0.02228	0.01389	0.00332	0.00694
12	0.01263	0.05707	0.12298	0.06133	0.19448	0.09238	0.06511	0.10242	0.01220	0.03224	0.01098	0.04566	0.02230	0.00791	0.05766	0.00199	0.08627	0.00479	0.00288	0.00671
13	0.11202	0.04379	0.01254	0.06220	0.06085	0.06851	0.03817	0.10258	0.06100	0.07899	0.06278	0.04514	0.05149	0.00698	0.02289	0.00160	0.03000	0.00505	0.02379	0.10961
14	0.01170	0.15983	0.18704	0.07663	0.08316	0.06728	0.06240	0.02744	0.02679	0.05036	0.04087	0.02784	0.05557	0.03230	0.00530	0.00155	0.00580	0.00476	0.04696	0.02641

[dist]
# distance from previous block
# <min> <max>
8	43

[block]
# block no. 7 follows, 50 sequences, length 23
# corresponding to MSA columns:
# 275-291,308-313
name=unknown_H
#
# <colnr> <probs for GDERKNQSTAVLIFYWHMCP>
#	G	D	E	R	K	N	Q	S	T	A	V	L	I	F	Y	W	H	M	C	P
0	0.02155	0.06682	0.02785	0.03300	0.15089	0.13797	0.04641	0.06883	0.13143	0.05262	0.03421	0.06925	0.03782	0.06617	0.00641	0.00174	0.00555	0.00549	0.00355	0.03244
1	0.02144	0.00984	0.01393	0.03962	0.31509	0.03519	0.02948	0.03491	0.06968	0.05507	0.05665	0.06495	0.09076	0.03453	0.00579	0.00163	0.00486	0.02701	0.00353	0.08604
2	0.05933	0.00747	0.00725	0.00776	0.03031	0.09732	0.00533	0.01013	0.02630	0.01428	0.08101	0.33672	0.12943	0.08756	0.00738	0.00202	0.00384	0.02100	0.06103	0.00454
3	0.02732	0.03077	0.06102	0.03591	0.20318	0.06580	0.06649	0.13114	0.01276	0.01733	0.03477	0.11133	0.01311	0.04762	0.03478	0.00193	0.00586	0.03311	0.00333	0.06243
4	0.03791	0.04411	0.01130	0.00960	0.05780	0.02968	0.02741	0.04626	0.03173	0.01592	0.06505	0.11690	0.01433	0.04650	0.06864	0.00195	0.03401	0.00551	0.00336	0.33204
5	0.02363	0.00522	0.00629	0.00626	0.00733	0.00495	0.00453	0.00883	0.04709	0.01486	0.25683	0.12410	0.23899	0.05806	0.00923	0.14453	0.00309	0.02768	0.00437	0.00413
6	0.00708	0.00513	0.00618	0.00674	0.00748	0.00501	0.00468	0.00911	0.07669	0.01347	0.02725	0.44911	0.12818	0.11439	0.00877	0.02541	0.00326	0.04537	0.05242	0.00428
7	0.01274	0.01167	0.04293	0.07865	0.37200	0.01132	0.14888	0.07038	0.04900	0.07434	0.03172	0.05169	0.01059	0.00546	0.00521	0.00158	0.00598	0.00535	0.00320	0.00732
8	0.01033	0.00888	0.01138	0.04935	0.10975	0.05059	0.00839	0.11726	0.01119	0.01513	0.01462	0.04723	0.06238	0.05463	0.33276	0.00438	0.07747	0.00561	0.00311	0.00556
9	0.01618	0.01206	0.01293	0.01041	0.01369	0.01336	0.00837	0.53639	0.15428	0.02703	0.01453	0.05235	0.01147	0.04641	0.00599	0.00170	0.00491	0.00528	0.04492	0.00772
10	0.01410	0.00971	0.03651	0.00949	0.01223	0.00971	0.00786	0.19590	0.17768	0.16182	0.06933	0.02465	0.01704	0.05554	0.00726	0.04341	0.00454	0.13159	0.00484	0.00679
11	0.00749	0.00572	0.00668	0.00700	0.00792	0.00576	0.00489	0.01064	0.14450	0.01397	0.05437	0.36525	0.13004	0.17352	0.00984	0.00247	0.00345	0.03749	0.00442	0.00458
12	0.24733	0.00649	0.00678	0.00650	0.00820	0.00680	0.00491	0.01147	0.00964	0.08085	0.04000	0.13865	0.10470	0.09015	0.11705	0.00279	0.00478	0.00667	0.10138	0.00486
13	0.00957	0.03870	0.06136	0.04063	0.06849	0.00883	0.13609	0.05063	0.08681	0.01558	0.01864	0.28311	0.04452	0.03111	0.03970	0.00207	0.00520	0.00824	0.04499	0.00573
14	0.01102	0.01121	0.01526	0.05197	0.01445	0.05398	0.03804	0.01238	0.00824	0.01216	0.00725	0.01154	0.00693	0.00992	0.06216	0.00244	0.65892	0.00442	0.00224	0.00546
15	0.00741	0.00533	0.00635	0.00639	0.00722	0.00521	0.00441	0.04978	0.01051	0.01406	0.13771	0.21701	0.15088	0.26126	0.06502	0.00311	0.00420	0.02046	0.01953	0.00415
16	0.01073	0.01136	0.07971	0.05928	0.09243	0.07714	0.08351	0.07703	0.03233	0.01568	0.03189	0.16173	0.06690	0.03019	0.04109	0.00203	0.07231	0.00682	0.04203	0.00584
17	0.10273	0.08326	0.25575	0.01263	0.07172	0.16473	0.01165	0.10370	0.03398	0.03593	0.03165	0.01158	0.00845	0.00518	0.00442	0.00144	0.00627	0.00384	0.04431	0.00677
18	0.01007	0.00759	0.00855	0.03665	0.00971	0.07664	0.00595	0.09452	0.01015	0.01309	0.04928	0.01933	0.05194	0.09006	0.16815	0.32950	0.00657	0.00525	0.00297	0.00405
19	0.00775	0.00558	0.00714	0.05335	0.00932	0.00554	0.00537	0.05321	0.01086	0.03389	0.10580	0.35310	0.14630	0.08310	0.07103	0.02551	0.00421	0.01016	0.00428	0.00449
20	0.01227	0.02578	0.21669	0.09125	0.17643	0.11905	0.07602	0.04618	0.02953	0.03521	0.01031	0.03294	0.00850	0.03547	0.02776	0.00185	0.04077	0.00459	0.00269	0.00671
21	0.01415	0.01393	0.01123	0.01027	0.01243	0.29985	0.00784	0.14022	0.08956	0.03772	0.01528	0.13733	0.01462	0.06326	0.03105	0.00200	0.00626	0.06727	0.01983	0.00590
22	0.02194	0.02835	0.00878	0.03259	0.03783	0.00616	0.02928	0.01124	0.01986	0.11852	0.16304	0.20593	0.18054	0.04764	0.04392	0.00212	0.00395	0.00888	0.02428	0.00516

[dist]
# distance from previous block
# <min> <max>
0	17

[block]
# block no. 8 follows, 50 sequences, length 22
# corresponding to MSA columns:
# 331-352
name=unknown_I
#
# <colnr> <probs for GDERKNQSTAVLIFYWHMCP>
#	G	D	E	R	K	N	Q	S	T	A	V	L	I	F	Y	W	H	M	C	P
0	0.03902	0.06003	0.06087	0.07584	0.49883	0.04237	0.10009	0.01565	0.03085	0.01588	0.00940	0.01208	0.00766	0.00455	0.00486	0.00150	0.00629	0.00439	0.00251	0.00734
1	0.01263	0.00993	0.03122	0.06359	0.04300	0.01014	0.07306	0.10589	0.25896	0.10636	0.11066	0.04230	0.06398	0.00711	0.00523	0.00161	0.00450	0.00618	0.03674	0.00693
2	0.52453	0.01052	0.03395	0.05178	0.03877	0.05620	0.00704	0.01555	0.04816	0.07823	0.01157	0.03148	0.04511	0.00626	0.02135	0.00170	0.00464	0.00394	0.00339	0.00582
3	0.07353	0.02055	0.01424	0.01428	0.10599	0.61364	0.00988	0.01927	0.01344	0.05868	0.00854	0.00978	0.00687	0.00508	0.00448	0.00134	0.00802	0.00342	0.00280	0.00616
4	0.00935	0.00676	0.00917	0.10214	0.01220	0.00737	0.00693	0.05516	0.04340	0.06594	0.08137	0.12823	0.04404	0.09146	0.24607	0.00388	0.03550	0.02187	0.00370	0.02547
5	0.00896	0.00699	0.00913	0.04123	0.14534	0.02938	0.00692	0.01064	0.01121	0.06888	0.07862	0.22392	0.25874	0.02876	0.00609	0.00177	0.00375	0.02715	0.02729	0.00523
6	0.00726	0.00506	0.00640	0.00682	0.00746	0.00494	0.00479	0.01942	0.03796	0.01306	0.08148	0.33122	0.10294	0.13752	0.03259	0.11558	0.00380	0.07365	0.00409	0.00397
7	0.04447	0.01165	0.01248	0.00992	0.01357	0.10290	0.00805	0.19114	0.06062	0.46797	0.01622	0.01476	0.01075	0.00600	0.00489	0.00151	0.00505	0.00465	0.00533	0.00804
8	0.00785	0.00655	0.00873	0.07631	0.11137	0.00648	0.00686	0.01057	0.06913	0.01502	0.10522	0.18993	0.28640	0.01072	0.00571	0.00173	0.00356	0.04538	0.02735	0.00512
9	0.00887	0.00586	0.00689	0.00676	0.00827	0.00556	0.00501	0.01170	0.09785	0.09914	0.11887	0.24045	0.24441	0.04108	0.00642	0.00184	0.00307	0.02830	0.05457	0.00509
10	0.00721	0.00523	0.00611	0.00622	0.00730	0.00490	0.00449	0.00896	0.03945	0.02863	0.16551	0.15536	0.26424	0.17501	0.00984	0.00238	0.00327	0.07401	0.02759	0.00429
11	0.01333	0.82783	0.02612	0.00853	0.01279	0.01972	0.00853	0.01493	0.01013	0.01173	0.00693	0.00800	0.00640	0.00426	0.00320	0.00107	0.00533	0.00267	0.00213	0.00640
12	0.00817	0.00607	0.00734	0.00780	0.04895	0.00567	0.00557	0.03179	0.04115	0.05420	0.12470	0.09976	0.37458	0.05359	0.00691	0.00192	0.00333	0.10895	0.00463	0.00491
13	0.06481	0.00588	0.00681	0.00666	0.00812	0.00561	0.00487	0.02941	0.02935	0.08694	0.10053	0.28686	0.16208	0.08233	0.00725	0.00198	0.00324	0.02220	0.05354	0.03151
14	0.00659	0.00469	0.00585	0.00660	0.00710	0.00448	0.00442	0.00791	0.03394	0.01320	0.06004	0.57650	0.07991	0.11855	0.00859	0.00230	0.00310	0.01215	0.03998	0.00410
15	0.86003	0.00964	0.00733	0.00655	0.00964	0.01118	0.00540	0.01465	0.00848	0.02236	0.00694	0.00810	0.00540	0.00463	0.00308	0.00154	0.00386	0.00270	0.00308	0.00540
16	0.00692	0.00519	0.00646	0.00652	0.00757	0.00504	0.00482	0.00868	0.02823	0.01492	0.24694	0.15842	0.22526	0.05878	0.11411	0.02509	0.01602	0.03671	0.01996	0.00436
17	0.00926	0.00564	0.00680	0.00662	0.00792	0.00533	0.00485	0.04255	0.01132	0.10611	0.11146	0.20794	0.15236	0.14175	0.01920	0.00229	0.00352	0.05335	0.09693	0.00479
18	0.00866	0.00577	0.00702	0.00678	0.00815	0.00547	0.00497	0.02811	0.06226	0.08691	0.26571	0.21395	0.16743	0.08557	0.00763	0.00200	0.00311	0.02061	0.00492	0.00495
19	0.00702	0.00542	0.00660	0.00743	0.00814	0.02650	0.00540	0.00863	0.03445	0.01344	0.04368	0.52226	0.08621	0.03628	0.03189	0.00227	0.00373	0.14184	0.00449	0.00432
20	0.01060	0.02800	0.03262	0.13608	0.07257	0.03991	0.10538	0.10676	0.03445	0.01574	0.01556	0.07239	0.07027	0.01371	0.17376	0.02619	0.00739	0.02957	0.00322	0.00581
21	0.00798	0.00528	0.00669	0.00696	0.00785	0.00514	0.00496	0.00954	0.04782	0.06436	0.05075	0.33593	0.11806	0.13073	0.08182	0.04984	0.00437	0.05329	0.00424	0.00439

[dist]
# distance from previous block
# <min> <max>
7	11

[block]
# block no. 9 follows, 50 sequences, length 132
# corresponding to MSA columns:
# 375,376,380-382,387-436,444-463,472-488,522-561
name=unknown_J
#
# <colnr> <probs for GDERKNQSTAVLIFYWHMCP>
#	G	D	E	R	K	N	Q	S	T	A	V	L	I	F	Y	W	H	M	C	P
0	0.17722	0.03393	0.00980	0.00804	0.01029	0.02375	0.00615	0.24315	0.02961	0.01984	0.03199	0.08203	0.03416	0.21871	0.03156	0.00256	0.00484	0.00582	0.00385	0.02268
1	0.01343	0.11974	0.07754	0.02571	0.05728	0.11110	0.20858	0.12492	0.03774	0.03304	0.05247	0.01376	0.02161	0.00638	0.02769	0.00170	0.05269	0.00479	0.00312	0.00670
2	0.02227	0.00814	0.03051	0.03402	0.02824	0.04720	0.00669	0.09303	0.03326	0.02892	0.05031	0.13887	0.13823	0.08973	0.16726	0.00324	0.02137	0.02683	0.02674	0.00514
3	0.00625	0.00464	0.00565	0.00634	0.00700	0.00425	0.00434	0.00720	0.00993	0.01283	0.05230	0.49196	0.22433	0.10533	0.00838	0.00225	0.00305	0.03549	0.00447	0.00401
4	0.01063	0.04493	0.04710	0.00972	0.03240	0.04815	0.03586	0.09712	0.01248	0.07445	0.03420	0.27835	0.08709	0.01088	0.00579	0.00182	0.00448	0.15466	0.00432	0.00555
5	0.08196	0.14436	0.12276	0.01054	0.02263	0.15059	0.00942	0.06189	0.15106	0.04066	0.03284	0.01471	0.01069	0.04029	0.04463	0.00193	0.02470	0.02453	0.00333	0.00647
6	0.01293	0.01072	0.00983	0.00882	0.01089	0.16909	0.00677	0.09275	0.07494	0.10890	0.09623	0.07550	0.10830	0.07020	0.02533	0.00197	0.02668	0.03332	0.05103	0.00579
7	0.01751	0.00991	0.03326	0.02781	0.01327	0.00946	0.00790	0.22449	0.05829	0.37633	0.01951	0.11271	0.05160	0.00752	0.00520	0.00161	0.00446	0.00621	0.00533	0.00761
8	0.04237	0.02226	0.59411	0.03604	0.02040	0.03516	0.04689	0.01530	0.01022	0.01537	0.00857	0.01063	0.00637	0.00524	0.00620	0.00165	0.11028	0.00383	0.00218	0.00693
9	0.02946	0.06856	0.06755	0.08272	0.21461	0.07114	0.06018	0.05750	0.02940	0.02545	0.06598	0.07418	0.03754	0.03786	0.02875	0.02830	0.00585	0.00560	0.00312	0.00624
10	0.00701	0.00516	0.00634	0.00626	0.00747	0.00471	0.00461	0.02482	0.01273	0.02612	0.43691	0.19946	0.21648	0.01173	0.00595	0.00169	0.00259	0.01028	0.00511	0.00458
11	0.00658	0.00508	0.00601	0.00578	0.00716	0.00450	0.00433	0.00849	0.01300	0.01735	0.49125	0.04158	0.34853	0.01118	0.00588	0.00161	0.00242	0.00962	0.00514	0.00450
12	0.01254	0.13452	0.22113	0.01303	0.04606	0.14551	0.07869	0.03777	0.13305	0.01565	0.02616	0.03226	0.01018	0.00647	0.02257	0.00166	0.02516	0.02788	0.00299	0.00672
13	0.08645	0.01205	0.01301	0.01266	0.10692	0.10726	0.02943	0.24571	0.07636	0.02891	0.04232	0.05935	0.01239	0.04609	0.06283	0.00217	0.02319	0.02240	0.00386	0.00665
14	0.00626	0.00453	0.00580	0.00667	0.00715	0.00422	0.00453	0.00723	0.00985	0.01301	0.07017	0.61524	0.10748	0.07989	0.00783	0.00220	0.00304	0.03634	0.00454	0.00403
15	0.01064	0.00960	0.01557	0.25314	0.30119	0.01039	0.04111	0.06686	0.01133	0.01542	0.01263	0.05804	0.03228	0.00978	0.10039	0.00238	0.00678	0.03326	0.00285	0.00636
16	0.14992	0.12293	0.07289	0.01058	0.01378	0.08523	0.09000	0.08452	0.06389	0.03843	0.04735	0.10930	0.03662	0.00690	0.00527	0.00157	0.04567	0.00554	0.00346	0.00616
17	0.00637	0.00471	0.00599	0.00687	0.00744	0.00445	0.00469	0.00791	0.04388	0.01342	0.05764	0.68312	0.10548	0.01474	0.00624	0.00196	0.00288	0.01325	0.00468	0.00426
18	0.00620	0.00463	0.00577	0.00640	0.00715	0.00420	0.00445	0.00741	0.01074	0.01414	0.16422	0.51112	0.20737	0.01400	0.00617	0.00187	0.00272	0.01245	0.00478	0.00420
19	0.03546	0.02586	0.03127	0.07950	0.18856	0.17336	0.12808	0.01457	0.02235	0.01431	0.01356	0.09264	0.06574	0.00672	0.00624	0.00162	0.08549	0.00571	0.00285	0.00612
20	0.01029	0.00644	0.00823	0.00760	0.00851	0.00688	0.00547	0.12815	0.06772	0.01346	0.01102	0.01667	0.01020	0.07909	0.08811	0.51528	0.00534	0.00477	0.00293	0.00385
21	0.00606	0.00437	0.00575	0.00686	0.00721	0.00406	0.00459	0.00695	0.00962	0.01276	0.02848	0.78765	0.06624	0.01548	0.00634	0.00201	0.00288	0.01401	0.00463	0.00406
22	0.00867	0.00683	0.01046	0.09494	0.08333	0.00704	0.03164	0.01119	0.01132	0.01484	0.02257	0.04659	0.02392	0.01174	0.00648	0.00214	0.00503	0.59212	0.00409	0.00505
23	0.82888	0.01016	0.00758	0.00679	0.00985	0.04056	0.00555	0.01485	0.00869	0.02199	0.00697	0.00813	0.00544	0.00465	0.00314	0.00153	0.00405	0.00272	0.00307	0.00541
24	0.01759	0.01197	0.01305	0.01029	0.01377	0.03749	0.00838	0.48919	0.04845	0.15818	0.12396	0.01655	0.01478	0.00661	0.00510	0.00151	0.00488	0.00522	0.00518	0.00784
25	0.01034	0.00886	0.01034	0.00738	0.01181	0.00664	0.00591	0.01255	0.01034	0.01624	0.00886	0.01034	0.00738	0.00369	0.00369	0.00074	0.00369	0.00295	0.00295	0.85530
26	0.05241	0.00712	0.00882	0.00729	0.01018	0.00625	0.00586	0.01699	0.01303	0.44101	0.09022	0.02850	0.27421	0.00857	0.00529	0.00159	0.00350	0.00706	0.00547	0.00663
27	0.86003	0.00964	0.00733	0.00655	0.00964	0.01118	0.00540	0.01465	0.00848	0.02236	0.00694	0.00810	0.00540	0.00463	0.00308	0.00154	0.00386	0.00270	0.00308	0.00540
28	0.00610	0.00435	0.00578	0.00691	0.00719	0.00407	0.00459	0.00695	0.00949	0.01265	0.02720	0.80361	0.03263	0.03404	0.00679	0.00209	0.00294	0.01401	0.00459	0.00403
29	0.01234	0.01184	0.02023	0.03059	0.79373	0.01184	0.01530	0.01530	0.01135	0.01628	0.00938	0.01234	0.00790	0.00444	0.00493	0.00148	0.00592	0.00444	0.00247	0.00790
30	0.00607	0.00434	0.00578	0.00694	0.00723	0.00405	0.00463	0.00694	0.00954	0.01272	0.02747	0.82157	0.03297	0.01562	0.00636	0.00202	0.00289	0.01417	0.00463	0.00405
31	0.01862	0.02376	0.01413	0.01284	0.01541	0.80482	0.00963	0.01990	0.01413	0.01220	0.00770	0.00899	0.00642	0.00514	0.00449	0.00128	0.00899	0.00321	0.00257	0.00578
32	0.03796	0.07209	0.06168	0.04287	0.03130	0.07509	0.05117	0.01310	0.00992	0.05576	0.07074	0.01581	0.01179	0.04521	0.18514	0.00319	0.19140	0.00484	0.00288	0.01806
33	0.01682	0.01115	0.03099	0.01004	0.01404	0.05624	0.05179	0.14355	0.01418	0.30938	0.01333	0.01320	0.00931	0.00529	0.00499	0.00131	0.03004	0.00422	0.00440	0.25574
34	0.00658	0.00453	0.00566	0.00635	0.00652	0.00436	0.00399	0.00705	0.00859	0.01145	0.02251	0.49799	0.02669	0.33095	0.01403	0.02023	0.00368	0.01128	0.00395	0.00361
35	0.01821	0.02233	0.01398	0.01258	0.01525	0.70739	0.00950	0.06207	0.06709	0.01385	0.00880	0.00981	0.00713	0.00529	0.00456	0.00132	0.00845	0.00345	0.00287	0.00607
36	0.02728	0.04488	0.04917	0.01682	0.22369	0.34003	0.01106	0.10259	0.05274	0.01605	0.00961	0.01180	0.00799	0.04110	0.00581	0.00156	0.02417	0.00400	0.00292	0.00671
37	0.00897	0.00680	0.00793	0.00787	0.00928	0.00705	0.00604	0.07568	0.14248	0.01606	0.06014	0.13466	0.12173	0.16885	0.00976	0.00247	0.00403	0.20068	0.00445	0.00506
38	0.00631	0.00447	0.00588	0.00692	0.00723	0.00423	0.00466	0.00717	0.00942	0.01254	0.02621	0.69636	0.03120	0.09799	0.00833	0.00233	0.00319	0.05713	0.00446	0.00398
39	0.67048	0.00904	0.00721	0.00676	0.00928	0.03273	0.00532	0.01332	0.00878	0.02011	0.01056	0.14055	0.01029	0.03245	0.00436	0.00172	0.00388	0.00471	0.00332	0.00512
40	0.03014	0.08629	0.06121	0.07413	0.29239	0.02140	0.04657	0.15775	0.11446	0.01896	0.01249	0.01391	0.03759	0.00537	0.00483	0.00151	0.00564	0.00464	0.00330	0.00741
41	0.00764	0.00482	0.00558	0.00564	0.00603	0.00491	0.00360	0.00844	0.00821	0.01213	0.01620	0.07129	0.01703	0.49688	0.11205	0.00421	0.00516	0.00680	0.19977	0.00362
42	0.00723	0.00486	0.00558	0.00556	0.00565	0.00487	0.00321	0.00742	0.00765	0.01029	0.05835	0.03247	0.01954	0.75550	0.04850	0.00475	0.00496	0.00729	0.00315	0.00316
43	0.05789	0.00738	0.00788	0.00780	0.00891	0.05534	0.01352	0.11247	0.01125	0.01524	0.02034	0.41765	0.02297	0.18040	0.00982	0.00247	0.00419	0.03572	0.00410	0.00466
44	0.00712	0.00534	0.00801	0.00801	0.00890	0.00623	0.00623	0.00890	0.00801	0.01157	0.01335	0.01958	0.01246	0.03738	0.80507	0.00801	0.01335	0.00534	0.00267	0.00445
45	0.01077	0.01083	0.01525	0.01300	0.01340	0.03521	0.05216	0.01206	0.00813	0.01222	0.00794	0.04226	0.00793	0.01022	0.05855	0.00245	0.67504	0.00484	0.00233	0.00542
46	0.00638	0.00502	0.00578	0.00583	0.00717	0.00442	0.00436	0.00799	0.01205	0.01553	0.28378	0.12946	0.43716	0.01222	0.00598	0.00171	0.00260	0.04331	0.00490	0.00437
47	0.01327	0.14464	0.10922	0.01279	0.02694	0.14448	0.11115	0.06837	0.03238	0.04353	0.00958	0.01243	0.00806	0.04866	0.04293	0.00201	0.15622	0.00428	0.00276	0.00630
48	0.00615	0.00443	0.00582	0.00690	0.00729	0.00413	0.00468	0.00708	0.00968	0.01280	0.02855	0.74130	0.07443	0.02577	0.00660	0.00205	0.00296	0.04071	0.00461	0.00406
49	0.00866	0.00433	0.00649	0.00649	0.00649	0.00433	0.00433	0.00649	0.00649	0.00866	0.00866	0.01515	0.00866	0.01732	0.01948	0.85498	0.00433	0.00433	0.00216	0.00216
50	0.01042	0.02926	0.00998	0.11774	0.08894	0.00668	0.00709	0.01006	0.00833	0.08141	0.01022	0.03683	0.00925	0.01296	0.01396	0.53087	0.00478	0.00464	0.00263	0.00393
51	0.01260	0.00927	0.01087	0.01042	0.05946	0.00991	0.00763	0.15078	0.28525	0.09070	0.09067	0.11760	0.05312	0.02380	0.00578	0.00175	0.00408	0.04453	0.00490	0.00688
52	0.00728	0.00483	0.00542	0.00542	0.00544	0.00483	0.00303	0.00732	0.00730	0.00980	0.01571	0.03240	0.01804	0.81209	0.02503	0.00478	0.00479	0.00721	0.01623	0.00305
53	0.00613	0.00443	0.00582	0.00687	0.00728	0.00411	0.00466	0.00710	0.00981	0.01302	0.05070	0.74138	0.07327	0.01526	0.00633	0.00200	0.00289	0.03018	0.00465	0.00409
54	0.06312	0.15661	0.03558	0.05679	0.01254	0.06517	0.05539	0.03258	0.02128	0.01560	0.18310	0.06387	0.15003	0.00983	0.05589	0.00192	0.00509	0.00656	0.00366	0.00539
55	0.02609	0.00621	0.00724	0.00681	0.00821	0.00608	0.00494	0.06952	0.05045	0.07639	0.19991	0.17387	0.14363	0.17373	0.00960	0.00231	0.00347	0.00880	0.01782	0.00493
56	0.00952	0.00713	0.00812	0.00760	0.00946	0.00721	0.00600	0.15228	0.06879	0.01894	0.16819	0.10793	0.22683	0.01060	0.00572	0.00172	0.00348	0.12259	0.05248	0.00542
57	0.11282	0.04373	0.13602	0.20545	0.23128	0.03412	0.04676	0.07204	0.02026	0.01687	0.00904	0.01158	0.00704	0.00490	0.00498	0.00156	0.02807	0.00409	0.00263	0.00677
58	0.01061	0.01106	0.10437	0.00835	0.01311	0.00756	0.00753	0.04124	0.01084	0.01675	0.00898	0.01042	0.00730	0.00390	0.00386	0.00087	0.00420	0.00310	0.00293	0.72303
59	0.03531	0.00626	0.00836	0.00949	0.10130	0.00617	0.00609	0.01064	0.01084	0.07381	0.16633	0.18945	0.10394	0.10281	0.04682	0.00234	0.02741	0.01937	0.06825	0.00502
60	0.00649	0.00475	0.00617	0.00704	0.00775	0.00443	0.00515	0.00780	0.01052	0.01384	0.09459	0.51292	0.13378	0.01442	0.00635	0.00199	0.00311	0.14997	0.00469	0.00422
61	0.01074	0.24325	0.25009	0.14107	0.03671	0.02566	0.03664	0.01396	0.01015	0.01350	0.01054	0.01361	0.03657	0.00756	0.05785	0.00193	0.05710	0.02445	0.00236	0.00626
62	0.00932	0.03771	0.01080	0.00883	0.01052	0.02868	0.11385	0.04930	0.02403	0.04591	0.05499	0.17835	0.11694	0.25338	0.03282	0.00280	0.00492	0.00827	0.00378	0.00479
63	0.05097	0.00711	0.00825	0.00757	0.00954	0.02349	0.00574	0.04361	0.07318	0.19965	0.06582	0.20932	0.15500	0.05304	0.06232	0.00230	0.00430	0.00832	0.00475	0.00571
64	0.00697	0.00481	0.00565	0.00580	0.00605	0.00475	0.00354	0.00736	0.00813	0.01081	0.04502	0.14614	0.07426	0.58042	0.06594	0.00429	0.00481	0.00841	0.00342	0.00339
65	0.02073	0.04562	0.09285	0.01380	0.10647	0.02233	0.15025	0.01308	0.01083	0.06058	0.08531	0.07312	0.09286	0.03255	0.06285	0.00220	0.09897	0.00636	0.00328	0.00596
66	0.00780	0.00579	0.00711	0.00657	0.00833	0.00504	0.00490	0.00952	0.01145	0.03998	0.25899	0.17768	0.16994	0.04176	0.04374	0.00195	0.00345	0.02236	0.00446	0.16919
67	0.00637	0.00466	0.00599	0.00666	0.00719	0.00452	0.00455	0.00732	0.00924	0.01224	0.02677	0.48848	0.12887	0.12544	0.13420	0.00329	0.00474	0.01138	0.00411	0.00400
68	0.00924	0.00685	0.00889	0.04861	0.01085	0.00700	0.02988	0.06864	0.07648	0.06409	0.13316	0.30397	0.14242	0.01117	0.00623	0.00179	0.03422	0.02655	0.00463	0.00531
69	0.00729	0.00568	0.00769	0.05501	0.06559	0.00566	0.00595	0.02036	0.01003	0.01322	0.05700	0.29163	0.17865	0.10821	0.10353	0.01841	0.00482	0.03292	0.00391	0.00445
70	0.00737	0.00561	0.00667	0.00647	0.00788	0.00491	0.00460	0.00855	0.00980	0.01337	0.04967	0.27166	0.15201	0.18607	0.00979	0.00230	0.00349	0.05510	0.01589	0.17880
71	0.76873	0.00951	0.00779	0.00681	0.00998	0.01076	0.00561	0.01570	0.00911	0.10682	0.00833	0.00906	0.00615	0.00480	0.00329	0.00154	0.00390	0.00295	0.00342	0.00573
72	0.03459	0.00755	0.01081	0.14376	0.08728	0.00799	0.03503	0.06991	0.01070	0.06909	0.01649	0.15184	0.04441	0.16617	0.10427	0.00303	0.00591	0.00696	0.01891	0.00531
73	0.00662	0.00477	0.00598	0.00676	0.00720	0.00458	0.00457	0.00783	0.03274	0.01253	0.02614	0.53810	0.07471	0.18201	0.01025	0.00259	0.00341	0.06091	0.00431	0.00400
74	0.86003	0.00964	0.00733	0.00655	0.00964	0.01118	0.00540	0.01465	0.00848	0.02236	0.00694	0.00810	0.00540	0.00463	0.00308	0.00154	0.00386	0.00270	0.00308	0.00540
75	0.00661	0.00477	0.00570	0.00600	0.00677	0.00440	0.00411	0.00779	0.01055	0.01417	0.19797	0.29666	0.19742	0.16582	0.00961	0.00234	0.00303	0.01052	0.04170	0.00406
76	0.01553	0.01226	0.01303	0.01078	0.01416	0.01386	0.00865	0.38553	0.42059	0.02590	0.01631	0.01543	0.01199	0.00639	0.00503	0.00160	0.00468	0.00509	0.00503	0.00817
77	0.00728	0.00491	0.00585	0.00585	0.00603	0.00506	0.00357	0.00765	0.00747	0.01023	0.01532	0.03004	0.01702	0.66972	0.15597	0.00527	0.00620	0.00686	0.02640	0.00331
78	0.01176	0.01345	0.02941	0.02101	0.02605	0.01261	0.77563	0.01597	0.01176	0.01597	0.01008	0.01345	0.00756	0.00420	0.00588	0.00168	0.00840	0.00588	0.00252	0.00672
79	0.00839	0.00557	0.00656	0.00653	0.00807	0.00504	0.00485	0.01039	0.05171	0.10815	0.08417	0.27259	0.36395	0.01231	0.00591	0.00178	0.00296	0.03128	0.00489	0.00491
80	0.02149	0.00943	0.01207	0.00927	0.01310	0.00878	0.00765	0.16328	0.01589	0.64142	0.01818	0.01607	0.01163	0.00613	0.00498	0.00153	0.00444	0.00491	0.02133	0.00841
81	0.00725	0.00560	0.00652	0.00664	0.00808	0.00521	0.00514	0.05513	0.01219	0.01557	0.13966	0.17326	0.38465	0.01258	0.00609	0.00182	0.00311	0.14217	0.00476	0.00458
82	0.00867	0.00525	0.00650	0.00659	0.00789	0.00472	0.00483	0.01004	0.01118	0.12368	0.10345	0.34843	0.22435	0.02849	0.00625	0.00184	0.00301	0.03842	0.05161	0.00480
83	0.01816	0.05308	0.06398	0.00991	0.01394	0.01115	0.00864	0.27875	0.06073	0.32523	0.01495	0.01414	0.01021	0.00579	0.00476	0.00145	0.00480	0.00452	0.03581	0.05998
84	0.01344	0.77757	0.02512	0.00856	0.01271	0.01891	0.00848	0.01507	0.01029	0.03557	0.00792	0.00976	0.00727	0.00462	0.00337	0.00112	0.00527	0.02622	0.00233	0.00640
85	0.00627	0.00465	0.00585	0.00668	0.00736	0.00427	0.00471	0.00738	0.01020	0.01326	0.06086	0.54348	0.19060	0.03617	0.00680	0.00203	0.00299	0.07771	0.00461	0.00413
86	0.00629	0.00481	0.00562	0.00611	0.00703	0.00433	0.00432	0.00738	0.01037	0.01316	0.07106	0.33405	0.34305	0.10302	0.00827	0.00219	0.00303	0.05735	0.00449	0.00406
87	0.07165	0.02428	0.01157	0.03117	0.05213	0.00975	0.00769	0.21041	0.03646	0.28080	0.04148	0.01807	0.04591	0.00648	0.00479	0.00151	0.00434	0.02842	0.10586	0.00723
88	0.00623	0.00467	0.00557	0.00612	0.00687	0.00424	0.00417	0.00721	0.01013	0.01306	0.08343	0.42969	0.27025	0.11430	0.00853	0.00223	0.00298	0.01183	0.00449	0.00401
89	0.01096	0.00643	0.00781	0.00696	0.00900	0.00596	0.00543	0.05381	0.03747	0.18508	0.29020	0.06221	0.21473	0.00967	0.00555	0.00161	0.00310	0.03002	0.04834	0.00566
90	0.11677	0.01251	0.01299	0.01051	0.01405	0.01407	0.00854	0.47097	0.24049	0.02730	0.01376	0.01341	0.01005	0.00605	0.00479	0.00156	0.00485	0.00461	0.00479	0.00794
91	0.00692	0.00473	0.00549	0.00575	0.00590	0.00463	0.00341	0.00718	0.00796	0.01053	0.02006	0.20712	0.06067	0.60540	0.02020	0.00405	0.00429	0.00894	0.00346	0.00331
92	0.01091	0.01091	0.01527	0.01309	0.01309	0.01527	0.01091	0.01200	0.00763	0.01200	0.00654	0.01091	0.00654	0.00872	0.01636	0.00218	0.81570	0.00436	0.00218	0.00545
93	0.01383	0.00808	0.00978	0.00826	0.01083	0.00800	0.00653	0.12667	0.11914	0.24663	0.27939	0.06013	0.06455	0.00832	0.00541	0.00159	0.00360	0.00705	0.00548	0.00672
94	0.00785	0.00642	0.00942	0.00899	0.00971	0.00798	0.00714	0.00950	0.00794	0.01165	0.01203	0.01790	0.01132	0.03184	0.65240	0.00688	0.16867	0.00515	0.00258	0.00464
95	0.00971	0.00505	0.00510	0.00494	0.00623	0.00512	0.00375	0.04518	0.01102	0.01915	0.01607	0.01829	0.01259	0.00581	0.00355	0.00118	0.00246	0.00464	0.81533	0.00481
96	0.00615	0.00501	0.00512	0.00512	0.00648	0.00433	0.00364	0.00717	0.01057	0.01273	0.04376	0.04500	0.64196	0.16985	0.00966	0.00229	0.00297	0.00989	0.00432	0.00398
97	0.00780	0.00583	0.00841	0.00821	0.00928	0.00676	0.00642	0.05292	0.00889	0.01271	0.01327	0.01915	0.01223	0.03558	0.75923	0.00764	0.01290	0.00529	0.00280	0.00468
98	0.00710	0.00562	0.00648	0.00616	0.00750	0.02768	0.00462	0.00915	0.01343	0.01814	0.58398	0.03909	0.23138	0.01065	0.00584	0.00159	0.00259	0.00922	0.00519	0.00461
99	0.00721	0.00541	0.00807	0.00804	0.00892	0.00634	0.00626	0.00898	0.00804	0.01168	0.01329	0.01944	0.01238	0.03651	0.78207	0.00783	0.02486	0.00532	0.01490	0.00447
100	0.02127	0.00851	0.01139	0.00886	0.01257	0.00755	0.00728	0.02395	0.06144	0.72498	0.04418	0.01771	0.01362	0.00633	0.00504	0.00155	0.00416	0.00518	0.00608	0.00833
101	0.02167	0.00871	0.01205	0.00926	0.01310	0.00768	0.02855	0.02415	0.04556	0.74403	0.01943	0.01693	0.01232	0.00614	0.00504	0.00155	0.00434	0.00506	0.00602	0.00841
102	0.00906	0.00809	0.01326	0.59178	0.06137	0.00962	0.01178	0.01197	0.01070	0.01414	0.16030	0.01795	0.01459	0.00644	0.00571	0.03404	0.00569	0.00531	0.00286	0.00535
103	0.00617	0.00441	0.00590	0.00705	0.00738	0.00413	0.00480	0.00711	0.00964	0.01283	0.02742	0.78346	0.03275	0.01552	0.00639	0.00204	0.00298	0.05132	0.00463	0.00408
104	0.00714	0.00506	0.00661	0.00663	0.00708	0.00544	0.00454	0.00800	0.00773	0.01068	0.01563	0.04076	0.03353	0.43133	0.38180	0.00617	0.00865	0.00657	0.00292	0.00372
