[name]
unknown

[dist]
# distance from previous block
# <min> <max>
33	1172

[block]
# block no. 0 follows, 49 sequences, length 9
# corresponding to MSA columns:
# 2427-2435
name=unknown_A
#
# <colnr> <probs for GDERKNQSTAVLIFYWHMCP>
#	G	D	E	R	K	N	Q	S	T	A	V	L	I	F	Y	W	H	M	C	P
0	0.02616	0.00769	0.00964	0.00873	0.01084	0.00754	0.02059	0.11584	0.01258	0.04742	0.06768	0.24902	0.03819	0.01035	0.00619	0.00173	0.04409	0.14784	0.00434	0.16353
1	0.01179	0.00741	0.00920	0.00756	0.01060	0.00603	0.00584	0.01357	0.01134	0.19038	0.04169	0.22294	0.05580	0.00808	0.00492	0.00134	0.00356	0.00697	0.00433	0.37665
2	0.00852	0.00537	0.00679	0.00660	0.00799	0.00482	0.00488	0.01024	0.01256	0.10966	0.34884	0.24115	0.18975	0.01178	0.00599	0.00173	0.00279	0.01033	0.00525	0.00496
3	0.08651	0.00980	0.01073	0.00814	0.01223	0.04752	0.00654	0.01652	0.04116	0.19194	0.01167	0.01206	0.00871	0.00459	0.00409	0.00107	0.00416	0.00356	0.00380	0.51520
4	0.09173	0.01302	0.01404	0.01084	0.01479	0.01417	0.00896	0.60544	0.02119	0.13616	0.01278	0.01250	0.00887	0.00598	0.00490	0.00153	0.00525	0.00447	0.00506	0.00833
5	0.00967	0.00795	0.04768	0.00787	0.01023	0.00685	0.00656	0.10224	0.01451	0.03936	0.46507	0.03075	0.03298	0.00886	0.00556	0.00153	0.00345	0.07157	0.00492	0.12238
6	0.55190	0.01119	0.04418	0.00817	0.01167	0.01183	0.00697	0.12083	0.10343	0.02309	0.00957	0.01028	0.00726	0.00509	0.00375	0.00153	0.00430	0.00340	0.00358	0.05797
7	0.01790	0.01351	0.01443	0.01137	0.01518	0.01506	0.00929	0.62539	0.17442	0.02974	0.01382	0.01348	0.00996	0.00623	0.00508	0.00156	0.00525	0.00478	0.00508	0.00848
8	0.01035	0.00876	0.01006	0.00740	0.01154	0.00686	0.00590	0.04735	0.01123	0.01685	0.01419	0.01513	0.10105	0.00494	0.00407	0.00090	0.00369	0.00399	0.00329	0.71245

[dist]
# distance from previous block
# <min> <max>
2	20

[block]
# block no. 1 follows, 49 sequences, length 8
# corresponding to MSA columns:
# 2459-2466
name=unknown_B
#
# <colnr> <probs for GDERKNQSTAVLIFYWHMCP>
#	G	D	E	R	K	N	Q	S	T	A	V	L	I	F	Y	W	H	M	C	P
0	0.00908	0.00836	0.00806	0.00743	0.00916	0.12491	0.00556	0.01104	0.01321	0.01735	0.44392	0.10169	0.10985	0.00959	0.00556	0.00151	0.00361	0.00821	0.00468	0.09724
1	0.01253	0.00903	0.01067	0.00802	0.01190	0.00766	0.00644	0.11043	0.01322	0.11049	0.12798	0.01560	0.01428	0.00533	0.00440	0.00107	0.00384	0.00437	0.00403	0.51873
2	0.01285	0.13303	0.01392	0.00857	0.01294	0.01069	0.00718	0.17892	0.01335	0.01914	0.00938	0.01049	0.00758	0.00434	0.00396	0.00097	0.00439	0.00329	0.00332	0.54171
3	0.10548	0.01016	0.01150	0.00935	0.01250	0.03345	0.00760	0.13305	0.09493	0.30030	0.04004	0.01727	0.06538	0.00675	0.00591	0.00159	0.07694	0.00509	0.00484	0.05787
4	0.01359	0.64665	0.12488	0.00981	0.01438	0.09246	0.01005	0.01573	0.01071	0.01247	0.00737	0.00854	0.00648	0.00447	0.00357	0.00117	0.00602	0.00289	0.00220	0.00656
5	0.12258	0.01225	0.08538	0.01171	0.01603	0.01062	0.16598	0.12923	0.01289	0.06912	0.04402	0.01274	0.00938	0.00503	0.00501	0.00138	0.03123	0.00432	0.00345	0.24765
6	0.03662	0.08634	0.01311	0.01151	0.08195	0.04487	0.04662	0.04402	0.24239	0.05161	0.03224	0.22249	0.03201	0.00851	0.00525	0.00167	0.00450	0.00740	0.00421	0.02271
7	0.01040	0.00885	0.01188	0.01072	0.01292	0.04838	0.11266	0.12593	0.01343	0.01724	0.02464	0.11790	0.12169	0.01104	0.00625	0.00196	0.00510	0.32918	0.00433	0.00550

[dist]
# distance from previous block
# <min> <max>
38	294

[block]
# block no. 2 follows, 49 sequences, length 21
# corresponding to MSA columns:
# 2776-2796
name=unknown_C
#
# <colnr> <probs for GDERKNQSTAVLIFYWHMCP>
#	G	D	E	R	K	N	Q	S	T	A	V	L	I	F	Y	W	H	M	C	P
0	0.01136	0.01893	0.02445	0.00861	0.01126	0.00839	0.00689	0.09719	0.03167	0.07738	0.02425	0.10411	0.02615	0.09228	0.05947	0.00220	0.07774	0.03363	0.00373	0.28032
1	0.12166	0.00729	0.01941	0.00886	0.04456	0.00692	0.02521	0.02974	0.01081	0.11603	0.08552	0.23550	0.03252	0.03371	0.06099	0.05714	0.00455	0.02180	0.00411	0.07367
2	0.01181	0.01006	0.01314	0.04690	0.06445	0.06342	0.09286	0.03549	0.03651	0.07789	0.01449	0.11699	0.02971	0.02547	0.00539	0.00144	0.00496	0.03066	0.00355	0.31480
3	0.01133	0.00855	0.00945	0.00866	0.01072	0.02740	0.00662	0.15469	0.18941	0.05921	0.12816	0.24168	0.08921	0.01021	0.00569	0.00175	0.00380	0.02225	0.00501	0.00621
4	0.00691	0.00499	0.00651	0.00709	0.00772	0.00484	0.00498	0.00796	0.00931	0.01257	0.02333	0.43676	0.04384	0.17023	0.11335	0.00334	0.00488	0.08469	0.00405	0.04263
5	0.01280	0.01245	0.01943	0.02837	0.68611	0.04723	0.01459	0.01675	0.08109	0.01675	0.01043	0.01294	0.00861	0.00475	0.00500	0.00151	0.00596	0.00456	0.00275	0.00791
6	0.01111	0.00900	0.01368	0.49219	0.05180	0.01009	0.01159	0.01499	0.07222	0.08477	0.01207	0.01664	0.00954	0.00569	0.00502	0.00159	0.00575	0.05301	0.00310	0.11616
7	0.01159	0.00895	0.01060	0.00763	0.01207	0.00680	0.00612	0.01381	0.01085	0.08662	0.00998	0.01109	0.00794	0.00397	0.00387	0.00082	0.00380	0.00318	0.00329	0.77703
8	0.00968	0.00915	0.06155	0.07527	0.11389	0.00847	0.02544	0.05349	0.10124	0.03205	0.16950	0.10393	0.16452	0.02361	0.00618	0.00174	0.02245	0.00769	0.00419	0.00596
9	0.00632	0.00462	0.00598	0.00701	0.00756	0.00428	0.00490	0.00738	0.01008	0.01320	0.03062	0.65634	0.12514	0.01530	0.00644	0.00204	0.00304	0.08087	0.00469	0.00418
10	0.08216	0.01119	0.01187	0.01135	0.08422	0.07471	0.00811	0.17393	0.18251	0.11732	0.05901	0.01796	0.02629	0.05612	0.00615	0.00176	0.00481	0.01457	0.04889	0.00707
11	0.01361	0.01030	0.01100	0.00929	0.01186	0.03749	0.00730	0.39334	0.03593	0.02376	0.12174	0.15013	0.08033	0.00906	0.00580	0.02448	0.00441	0.00724	0.03635	0.00659
12	0.01203	0.01118	0.01824	0.26730	0.48470	0.01202	0.01444	0.06247	0.03814	0.01654	0.00989	0.01300	0.00791	0.00485	0.00503	0.00157	0.00614	0.00455	0.00267	0.00732
13	0.01191	0.42547	0.34815	0.01144	0.01674	0.01618	0.01305	0.01527	0.01024	0.01364	0.00786	0.00942	0.00647	0.00489	0.00496	0.00139	0.07067	0.00327	0.00216	0.00683
14	0.00842	0.00667	0.00879	0.00801	0.00964	0.00710	0.00631	0.03532	0.00954	0.01381	0.01695	0.02084	0.10583	0.02429	0.44546	0.00510	0.07353	0.00552	0.04609	0.14277
15	0.01137	0.31732	0.51570	0.01231	0.01864	0.01475	0.01503	0.01570	0.01053	0.01451	0.00833	0.00974	0.00644	0.00463	0.00424	0.00141	0.00672	0.00336	0.00215	0.00711
16	0.10101	0.11728	0.10895	0.01016	0.01411	0.04846	0.00929	0.30680	0.04476	0.06137	0.05588	0.01571	0.07241	0.00632	0.00470	0.00150	0.00524	0.00478	0.00409	0.00718
17	0.01316	0.02812	0.03540	0.00792	0.01023	0.02450	0.00634	0.03665	0.02637	0.27468	0.04555	0.07734	0.12700	0.15551	0.08088	0.00281	0.00513	0.03187	0.00460	0.00594
18	0.01029	0.00595	0.00860	0.00817	0.00964	0.00569	0.03422	0.01186	0.01090	0.18353	0.09112	0.37331	0.02478	0.01754	0.17596	0.00319	0.00566	0.00966	0.00461	0.00533
19	0.14259	0.14398	0.08929	0.00903	0.01162	0.10680	0.00796	0.01320	0.01066	0.03312	0.06375	0.19828	0.03688	0.00835	0.00554	0.00162	0.05937	0.01988	0.03255	0.00553
20	0.01121	0.18671	0.46708	0.01284	0.01874	0.01275	0.08767	0.01561	0.01087	0.03482	0.02365	0.01174	0.00796	0.00488	0.00452	0.00147	0.00657	0.00395	0.06998	0.00697

[dist]
# distance from previous block
# <min> <max>
1	4

[block]
# block no. 3 follows, 49 sequences, length 10
# corresponding to MSA columns:
# 2801-2810
name=unknown_D
#
# <colnr> <probs for GDERKNQSTAVLIFYWHMCP>
#	G	D	E	R	K	N	Q	S	T	A	V	L	I	F	Y	W	H	M	C	P
0	0.01080	0.01017	0.05694	0.11253	0.01763	0.00983	0.19223	0.09450	0.05399	0.01585	0.03328	0.11188	0.01280	0.00921	0.00876	0.16435	0.03863	0.02263	0.00321	0.02078
1	0.01135	0.00943	0.01170	0.01140	0.10542	0.00921	0.00785	0.12268	0.11159	0.01854	0.03836	0.16737	0.01489	0.00730	0.00540	0.00141	0.03847	0.00617	0.00388	0.29757
2	0.01044	0.00804	0.01084	0.01252	0.15880	0.00818	0.00778	0.16264	0.01250	0.01706	0.01806	0.35140	0.01940	0.04281	0.03980	0.06549	0.00469	0.00873	0.00396	0.03689
3	0.01292	0.16111	0.27151	0.01398	0.05512	0.06972	0.11564	0.11173	0.01265	0.01704	0.00912	0.01078	0.00706	0.00481	0.00489	0.00142	0.02558	0.00391	0.00270	0.08830
4	0.00767	0.00498	0.00678	0.00707	0.00786	0.00475	0.00520	0.00872	0.01093	0.03617	0.26089	0.26841	0.05017	0.01464	0.03631	0.15536	0.00363	0.10180	0.00449	0.00418
5	0.00622	0.00454	0.00586	0.00678	0.00730	0.00418	0.00461	0.00727	0.01027	0.01360	0.09359	0.67091	0.11614	0.01506	0.00636	0.00198	0.00285	0.01354	0.00477	0.00418
6	0.00722	0.00542	0.00813	0.00813	0.00903	0.00632	0.00632	0.00903	0.00813	0.01174	0.01354	0.01987	0.01264	0.03792	0.80225	0.00813	0.01354	0.00542	0.00271	0.00451
7	0.01392	0.76568	0.02559	0.00898	0.01318	0.07822	0.00874	0.01552	0.01058	0.01193	0.00709	0.00819	0.00649	0.00439	0.00334	0.00110	0.00568	0.00275	0.00220	0.00644
8	0.00727	0.00523	0.00718	0.00718	0.00775	0.00580	0.00513	0.00842	0.00785	0.01103	0.01441	0.02468	0.01473	0.32365	0.51939	0.00695	0.01040	0.00612	0.00284	0.00399
9	0.01618	0.01296	0.01594	0.07876	0.01788	0.01432	0.09195	0.46558	0.18700	0.02626	0.01352	0.01388	0.00984	0.00596	0.00518	0.00159	0.00564	0.00496	0.00457	0.00803

[dist]
# distance from previous block
# <min> <max>
0	5

[block]
# block no. 4 follows, 49 sequences, length 14
# corresponding to MSA columns:
# 2816-2829
name=unknown_E
#
# <colnr> <probs for GDERKNQSTAVLIFYWHMCP>
#	G	D	E	R	K	N	Q	S	T	A	V	L	I	F	Y	W	H	M	C	P
0	0.00930	0.10950	0.00974	0.00796	0.00935	0.00722	0.00615	0.04969	0.01113	0.07307	0.02366	0.50452	0.02654	0.01288	0.00595	0.00191	0.00373	0.11814	0.00450	0.00506
1	0.01618	0.04270	0.01335	0.01179	0.01415	0.57168	0.00898	0.03670	0.04164	0.01304	0.00952	0.01167	0.00812	0.01181	0.16405	0.00268	0.00962	0.00380	0.00277	0.00576
2	0.01102	0.01042	0.01428	0.01236	0.01273	0.01406	0.01018	0.06515	0.00904	0.01358	0.00902	0.07009	0.00912	0.01112	0.06796	0.00255	0.64390	0.00522	0.00263	0.00558
3	0.01074	0.00922	0.01060	0.00783	0.01213	0.00745	0.00624	0.01446	0.10474	0.01705	0.01040	0.01151	0.00846	0.00413	0.00392	0.00087	0.00378	0.00333	0.00326	0.74990
4	0.00709	0.00520	0.00666	0.00640	0.00765	0.00478	0.00487	0.00934	0.01384	0.01923	0.66011	0.04015	0.12910	0.01083	0.00603	0.00165	0.00254	0.05440	0.00541	0.00471
5	0.01252	0.01201	0.02053	0.03104	0.79074	0.01201	0.01552	0.01552	0.01151	0.01652	0.00951	0.01252	0.00801	0.00451	0.00501	0.00150	0.00601	0.00451	0.00250	0.00801
6	0.00998	0.00943	0.01594	0.69717	0.14443	0.01135	0.01426	0.01330	0.01031	0.01344	0.00906	0.01334	0.00692	0.00498	0.00505	0.00166	0.00663	0.00450	0.00228	0.00596
7	0.00763	0.00545	0.00639	0.00616	0.00692	0.00515	0.00398	0.00822	0.00835	0.01140	0.01791	0.09597	0.05075	0.54757	0.05282	0.00403	0.00485	0.04203	0.00332	0.11111
8	0.01225	0.01175	0.02005	0.10027	0.72357	0.01195	0.01539	0.01529	0.01139	0.01620	0.00947	0.01260	0.00790	0.00455	0.00501	0.00152	0.00607	0.00450	0.00248	0.00780
9	0.07694	0.00944	0.06197	0.00849	0.01176	0.00785	0.00720	0.07436	0.04902	0.05164	0.03367	0.16467	0.01581	0.00773	0.00487	0.00143	0.00410	0.08083	0.00390	0.32431
10	0.03870	0.15427	0.11443	0.01078	0.01465	0.14692	0.03021	0.15927	0.04132	0.11445	0.04753	0.01546	0.03972	0.00609	0.00471	0.00146	0.00586	0.02579	0.02143	0.00695
11	0.05486	0.15579	0.17786	0.01223	0.06970	0.10653	0.02292	0.07457	0.08116	0.06248	0.03725	0.03395	0.01006	0.00550	0.00452	0.00141	0.00582	0.00427	0.00326	0.07586
12	0.01157	0.01193	0.08331	0.02802	0.12080	0.04346	0.06334	0.08699	0.11496	0.01782	0.06079	0.07273	0.03622	0.00728	0.01883	0.00165	0.05707	0.01703	0.01489	0.13131
13	0.12577	0.07037	0.12874	0.07621	0.05954	0.04342	0.01031	0.24064	0.03988	0.04404	0.04084	0.01387	0.02783	0.02825	0.00521	0.00160	0.00553	0.00441	0.00364	0.02992

[dist]
# distance from previous block
# <min> <max>
56	162

[block]
# block no. 5 follows, 49 sequences, length 9
# corresponding to MSA columns:
# 3071-3079
name=unknown_F
#
# <colnr> <probs for GDERKNQSTAVLIFYWHMCP>
#	G	D	E	R	K	N	Q	S	T	A	V	L	I	F	Y	W	H	M	C	P
0	0.09228	0.13395	0.01460	0.01318	0.16911	0.03069	0.00884	0.08390	0.13030	0.01781	0.01311	0.05447	0.02713	0.00856	0.07199	0.00198	0.00553	0.00479	0.02756	0.09022
1	0.04383	0.07960	0.01532	0.01657	0.28794	0.02548	0.01009	0.09859	0.09419	0.09627	0.03500	0.01813	0.10939	0.00626	0.00490	0.00149	0.00489	0.00529	0.00380	0.04295
2	0.16599	0.08375	0.01289	0.00951	0.04105	0.01099	0.00754	0.15028	0.05700	0.18578	0.01203	0.01214	0.00878	0.00511	0.00423	0.00131	0.00446	0.00385	0.00410	0.21919
3	0.41069	0.12325	0.04163	0.00872	0.01205	0.08050	0.00746	0.09647	0.09824	0.02037	0.01033	0.05207	0.00864	0.00566	0.00393	0.00152	0.00483	0.00395	0.00343	0.00627
4	0.01541	0.04386	0.01329	0.08294	0.01558	0.33376	0.00897	0.21986	0.01564	0.01785	0.01569	0.08334	0.09819	0.00716	0.00501	0.00150	0.00655	0.00548	0.00363	0.00627
5	0.00760	0.00543	0.00696	0.00769	0.00840	0.00535	0.00558	0.06487	0.01092	0.01450	0.02557	0.55578	0.02962	0.07687	0.00793	0.00228	0.00360	0.15197	0.00459	0.00446
6	0.00901	0.00798	0.00742	0.00737	0.00798	0.13194	0.00491	0.00965	0.00890	0.01095	0.01576	0.12828	0.01743	0.45081	0.15594	0.00453	0.00683	0.00727	0.00314	0.00390
7	0.08442	0.01104	0.01100	0.00974	0.01259	0.04406	0.00763	0.09735	0.53030	0.02148	0.05233	0.01954	0.06265	0.00705	0.00503	0.00166	0.00420	0.00570	0.00485	0.00739
8	0.01731	0.07815	0.01505	0.01258	0.07226	0.25426	0.00939	0.25671	0.06416	0.09771	0.06350	0.01357	0.01119	0.00591	0.00483	0.00144	0.00624	0.00444	0.00405	0.00726

[dist]
# distance from previous block
# <min> <max>
21	36

[block]
# block no. 6 follows, 49 sequences, length 9
# corresponding to MSA columns:
# 3116-3124
name=unknown_G
#
# <colnr> <probs for GDERKNQSTAVLIFYWHMCP>
#	G	D	E	R	K	N	Q	S	T	A	V	L	I	F	Y	W	H	M	C	P
0	0.01365	0.01311	0.01193	0.01076	0.01357	0.14666	0.00830	0.02574	0.65128	0.01966	0.01841	0.01721	0.01392	0.00658	0.00505	0.00165	0.00487	0.00530	0.00471	0.00764
1	0.01137	0.00982	0.01248	0.01175	0.14449	0.00819	0.00784	0.06058	0.01149	0.01744	0.00927	0.01093	0.00765	0.00402	0.00404	0.00092	0.00424	0.00335	0.00304	0.65707
2	0.01049	0.00899	0.01049	0.00749	0.01198	0.00674	0.00599	0.01273	0.01049	0.01648	0.00899	0.01049	0.00749	0.00374	0.00374	0.00075	0.00374	0.00300	0.00300	0.85320
3	0.36718	0.26668	0.06744	0.00868	0.01261	0.03637	0.00806	0.10151	0.01150	0.06764	0.00857	0.00938	0.00668	0.00485	0.00366	0.00140	0.00497	0.00316	0.00316	0.00648
4	0.16194	0.01302	0.01361	0.01060	0.01448	0.01435	0.00875	0.59117	0.02053	0.08504	0.01183	0.01184	0.00835	0.00585	0.00473	0.00153	0.00519	0.00428	0.00482	0.00807
5	0.01611	0.02088	0.14619	0.01234	0.01585	0.47298	0.01067	0.02032	0.13784	0.05237	0.01223	0.01276	0.03612	0.00573	0.00477	0.00145	0.00754	0.00409	0.00319	0.00656
6	0.05322	0.01195	0.01693	0.20899	0.35928	0.07524	0.03901	0.01649	0.10244	0.01617	0.01044	0.01296	0.00831	0.00494	0.00489	0.00153	0.00608	0.00444	0.00282	0.04385
7	0.06734	0.01013	0.01122	0.00868	0.01236	0.00969	0.00698	0.26829	0.01524	0.02233	0.10060	0.05176	0.01358	0.00591	0.00453	0.00122	0.00417	0.00474	0.00407	0.37717
8	0.19152	0.02706	0.01212	0.14550	0.01640	0.13930	0.00866	0.13724	0.08650	0.07196	0.03887	0.03545	0.02472	0.00598	0.00459	0.00153	0.00545	0.00455	0.00374	0.03890

[dist]
# distance from previous block
# <min> <max>
16	81

[block]
# block no. 7 follows, 49 sequences, length 17
# corresponding to MSA columns:
# 3214-3230
name=unknown_H
#
# <colnr> <probs for GDERKNQSTAVLIFYWHMCP>
#	G	D	E	R	K	N	Q	S	T	A	V	L	I	F	Y	W	H	M	C	P
0	0.01153	0.23356	0.01963	0.39853	0.02520	0.01385	0.10148	0.06727	0.01141	0.01448	0.00977	0.01425	0.00810	0.00531	0.00477	0.00154	0.00639	0.04418	0.00259	0.00616
1	0.01588	0.00919	0.01254	0.00922	0.01351	0.00751	0.06639	0.01816	0.01232	0.35299	0.01383	0.01364	0.00968	0.00487	0.00450	0.00118	0.00436	0.00413	0.00437	0.42173
2	0.01123	0.08311	0.44567	0.01949	0.28575	0.01233	0.01644	0.01568	0.01093	0.01588	0.00906	0.01110	0.00700	0.00463	0.00472	0.00150	0.00670	0.00390	0.00229	0.03259
3	0.01311	0.13610	0.47293	0.01283	0.01892	0.01399	0.01477	0.22369	0.01421	0.01978	0.00963	0.01071	0.00702	0.00508	0.00465	0.00150	0.00666	0.00381	0.00294	0.00764
4	0.00965	0.00980	0.00819	0.00868	0.00961	0.22288	0.00609	0.01065	0.01096	0.01276	0.02237	0.59693	0.02606	0.01293	0.00593	0.00185	0.00463	0.01133	0.00412	0.00459
5	0.01338	0.01016	0.01078	0.00894	0.01185	0.01085	0.00716	0.37015	0.12644	0.02383	0.05568	0.02513	0.23839	0.00830	0.00528	0.00158	0.00416	0.00669	0.05439	0.00688
6	0.01166	0.01130	0.01971	0.24397	0.52976	0.01186	0.06831	0.01485	0.01116	0.01551	0.00942	0.01286	0.00764	0.00464	0.00509	0.00157	0.00639	0.00461	0.00244	0.00727
7	0.00850	0.00552	0.00721	0.00805	0.00922	0.00552	0.00688	0.01083	0.01136	0.01615	0.02396	0.04657	0.02468	0.01175	0.00604	0.00201	0.00403	0.55052	0.23654	0.00467
8	0.00731	0.00508	0.00643	0.00643	0.00675	0.00540	0.00421	0.00794	0.00763	0.01049	0.01509	0.02843	0.01636	0.54604	0.29922	0.00604	0.00795	0.00667	0.00294	0.00357
9	0.01383	0.00888	0.01083	0.00790	0.01224	0.00693	0.00639	0.01600	0.01158	0.22973	0.01199	0.01233	0.00887	0.00443	0.00411	0.00097	0.00390	0.00357	0.00389	0.62162
10	0.24438	0.01057	0.01034	0.00929	0.01223	0.01224	0.00731	0.02358	0.56966	0.02157	0.01687	0.01595	0.01271	0.00627	0.00459	0.00167	0.00398	0.00490	0.00459	0.00731
11	0.01049	0.00899	0.01049	0.00749	0.01198	0.00674	0.00599	0.01273	0.01049	0.01648	0.00899	0.01049	0.00749	0.00374	0.00374	0.00075	0.00374	0.00300	0.00300	0.85320
12	0.01088	0.01026	0.01579	0.01128	0.01594	0.00840	0.21613	0.01368	0.01088	0.01640	0.00933	0.01135	0.00754	0.00389	0.00435	0.00101	0.00506	0.00381	0.00288	0.62113
13	0.01922	0.01416	0.01518	0.01163	0.01568	0.01568	0.00961	0.77388	0.02378	0.03187	0.01214	0.01214	0.00860	0.00607	0.00506	0.00152	0.00556	0.00455	0.00506	0.00860
14	0.00867	0.00748	0.01133	0.01459	0.22309	0.00795	0.00869	0.01022	0.00998	0.01387	0.01979	0.45612	0.02252	0.01168	0.00751	0.00193	0.11861	0.03683	0.00374	0.00540
15	0.01294	0.12081	0.49005	0.01335	0.01911	0.22940	0.01504	0.01706	0.01163	0.01453	0.00849	0.00994	0.00645	0.00486	0.00455	0.00146	0.00768	0.00348	0.00227	0.00691
16	0.01134	0.01171	0.01694	0.23242	0.02113	0.07458	0.11924	0.01362	0.00972	0.01331	0.00807	0.01189	0.00687	0.00647	0.00995	0.00181	0.35016	0.00446	0.00236	0.07396

[dist]
# distance from previous block
# <min> <max>
4	77

[block]
# block no. 8 follows, 49 sequences, length 18
# corresponding to MSA columns:
# 3308-3325
name=unknown_I
#
# <colnr> <probs for GDERKNQSTAVLIFYWHMCP>
#	G	D	E	R	K	N	Q	S	T	A	V	L	I	F	Y	W	H	M	C	P
0	0.09285	0.00915	0.01252	0.02414	0.18987	0.02342	0.04343	0.03370	0.04441	0.04888	0.01722	0.09744	0.10009	0.01150	0.11473	0.00247	0.03727	0.00611	0.00344	0.08736
1	0.09384	0.01229	0.03331	0.01208	0.01575	0.10015	0.20610	0.11756	0.01320	0.04383	0.03668	0.01776	0.11591	0.00747	0.03977	0.00177	0.00619	0.00539	0.00351	0.11746
2	0.01092	0.22517	0.17943	0.10137	0.01699	0.03019	0.07310	0.02795	0.03652	0.01494	0.01553	0.01683	0.11480	0.00594	0.00454	0.00143	0.00556	0.00483	0.08502	0.02894
3	0.00931	0.08549	0.01028	0.09853	0.01220	0.00845	0.00656	0.01284	0.12892	0.03979	0.02424	0.02700	0.22873	0.12339	0.10481	0.00280	0.00532	0.00666	0.00372	0.06097
4	0.01195	0.08976	0.01383	0.01256	0.11851	0.09514	0.00885	0.12201	0.01195	0.01566	0.01303	0.01636	0.05604	0.03890	0.23962	0.00353	0.08550	0.00486	0.00305	0.03892
5	0.01276	0.00836	0.00979	0.00772	0.01115	0.00732	0.00613	0.04886	0.08673	0.15881	0.03736	0.04341	0.03552	0.00577	0.00438	0.00118	0.00366	0.00474	0.12021	0.38616
6	0.01522	0.02771	0.11034	0.01459	0.10417	0.28739	0.08373	0.04008	0.01298	0.12150	0.01307	0.04563	0.03535	0.00744	0.03979	0.00180	0.00733	0.02194	0.00330	0.00665
7	0.01129	0.00934	0.00937	0.00916	0.01096	0.11598	0.00727	0.12180	0.02430	0.05441	0.02467	0.21333	0.10943	0.01145	0.00602	0.00189	0.00474	0.24458	0.00453	0.00546
8	0.48214	0.00909	0.00860	0.00787	0.01046	0.01033	0.00641	0.10019	0.04814	0.02096	0.01207	0.05391	0.01091	0.01094	0.11351	0.00256	0.00545	0.07715	0.00361	0.00568
9	0.01607	0.01194	0.01307	0.01041	0.01376	0.01310	0.00850	0.58185	0.02024	0.02704	0.01678	0.01735	0.09789	0.01120	0.11443	0.00245	0.00632	0.00537	0.00470	0.00755
10	0.01087	0.01187	0.11940	0.01139	0.10203	0.00859	0.00901	0.01487	0.08544	0.01687	0.01018	0.01156	0.00817	0.00428	0.00417	0.00105	0.00454	0.00353	0.00303	0.55915
11	0.01391	0.01361	0.01763	0.01378	0.01721	0.15050	0.24018	0.18188	0.01464	0.03060	0.04590	0.06674	0.03542	0.00662	0.00592	0.00159	0.04477	0.03146	0.00359	0.06406
12	0.01054	0.10997	0.38486	0.01194	0.01625	0.01249	0.01301	0.01510	0.08444	0.01451	0.01046	0.01432	0.00897	0.11772	0.00963	0.00211	0.15021	0.00443	0.00257	0.00646
13	0.01042	0.13249	0.41684	0.01237	0.01798	0.01148	0.08621	0.01465	0.01122	0.01609	0.11566	0.01429	0.01232	0.00532	0.00474	0.00144	0.00616	0.00446	0.00275	0.10310
14	0.09556	0.01083	0.01167	0.09993	0.01501	0.09389	0.00783	0.03599	0.01153	0.13307	0.02026	0.01189	0.00836	0.00494	0.00487	0.00123	0.04768	0.00368	0.00342	0.37837
15	0.00792	0.00556	0.00621	0.00610	0.00793	0.00480	0.00480	0.00943	0.01188	0.08972	0.05967	0.04654	0.59437	0.01228	0.00603	0.00178	0.00301	0.11236	0.00486	0.00475
16	0.01233	0.35374	0.24218	0.01385	0.01922	0.04257	0.21909	0.01585	0.01098	0.01423	0.00850	0.01037	0.00679	0.00447	0.00447	0.00140	0.00696	0.00390	0.00228	0.00683
17	0.01352	0.82533	0.02650	0.00865	0.01298	0.02001	0.00865	0.01514	0.01027	0.01190	0.00703	0.00811	0.00649	0.00433	0.00324	0.00108	0.00541	0.00270	0.00216	0.00649

[dist]
# distance from previous block
# <min> <max>
2	3

[block]
# block no. 9 follows, 49 sequences, length 13
# corresponding to MSA columns:
# 3329-3341
name=unknown_J
#
# <colnr> <probs for GDERKNQSTAVLIFYWHMCP>
#	G	D	E	R	K	N	Q	S	T	A	V	L	I	F	Y	W	H	M	C	P
0	0.00791	0.00585	0.00823	0.00803	0.00901	0.00669	0.00614	0.05174	0.00892	0.01265	0.01373	0.02092	0.01306	0.12442	0.67014	0.00739	0.01212	0.00559	0.00288	0.00458
1	0.00787	0.00598	0.00756	0.00660	0.00850	0.00519	0.00503	0.01022	0.01350	0.01947	0.62162	0.03194	0.03912	0.00893	0.00549	0.00141	0.00268	0.00783	0.00502	0.18604
2	0.00733	0.00500	0.00599	0.00599	0.00615	0.00516	0.00365	0.00766	0.00749	0.01016	0.01550	0.03069	0.01734	0.68015	0.16645	0.00549	0.00647	0.00700	0.00300	0.00333
3	0.01159	0.18455	0.01953	0.20993	0.39127	0.01300	0.01296	0.01424	0.01079	0.01443	0.01011	0.06688	0.00912	0.00537	0.00474	0.00149	0.00584	0.00479	0.00252	0.00685
4	0.01271	0.01206	0.01123	0.00873	0.01267	0.17660	0.00683	0.01470	0.01146	0.05076	0.00979	0.03428	0.00827	0.00453	0.00406	0.00094	0.00489	0.00348	0.00311	0.60889
5	0.03370	0.01250	0.01162	0.00926	0.01299	0.17769	0.00731	0.07431	0.04586	0.10047	0.03282	0.01302	0.00975	0.00505	0.00433	0.00113	0.00509	0.01844	0.00362	0.42104
6	0.19260	0.00950	0.01238	0.01054	0.04464	0.00934	0.10810	0.03482	0.10914	0.08094	0.03726	0.10665	0.03176	0.00651	0.00471	0.00149	0.00447	0.00562	0.00385	0.18568
7	0.01005	0.01021	0.01012	0.04157	0.01191	0.17616	0.06530	0.01224	0.03640	0.01467	0.12915	0.04722	0.26606	0.05514	0.00677	0.00184	0.00494	0.07634	0.01892	0.00502
8	0.01346	0.00958	0.04846	0.00827	0.01078	0.03114	0.00686	0.24436	0.01455	0.08414	0.01440	0.01682	0.01129	0.05477	0.07707	0.01811	0.00511	0.00481	0.31979	0.00622
9	0.01240	0.18541	0.02092	0.08638	0.52951	0.01342	0.01350	0.01511	0.01109	0.01525	0.00892	0.01156	0.00756	0.00448	0.00458	0.00139	0.00583	0.00405	0.00243	0.04621
10	0.00782	0.00964	0.17521	0.00862	0.01076	0.00649	0.00808	0.00997	0.00983	0.01329	0.02198	0.14318	0.09806	0.21797	0.06539	0.00312	0.00548	0.17680	0.00359	0.00473
11	0.00966	0.00921	0.00838	0.00779	0.00928	0.17510	0.00584	0.01182	0.01432	0.01859	0.62137	0.03165	0.03891	0.00924	0.00566	0.00153	0.00382	0.00789	0.00493	0.00500
12	0.67879	0.01072	0.00909	0.00771	0.01104	0.01227	0.00636	0.17703	0.01185	0.02465	0.00813	0.00905	0.00614	0.00499	0.00354	0.00155	0.00426	0.00313	0.00354	0.00614

[dist]
# distance from previous block
# <min> <max>
0	5

[block]
# block no. 10 follows, 49 sequences, length 15
# corresponding to MSA columns:
# 3347-3361
name=unknown_K
#
# <colnr> <probs for GDERKNQSTAVLIFYWHMCP>
#	G	D	E	R	K	N	Q	S	T	A	V	L	I	F	Y	W	H	M	C	P
0	0.01922	0.01416	0.01518	0.01163	0.01568	0.01568	0.00961	0.77388	0.02378	0.03187	0.01214	0.01214	0.00860	0.00607	0.00506	0.00152	0.00556	0.00455	0.00506	0.00860
1	0.01543	0.01162	0.01241	0.00997	0.01332	0.01255	0.00813	0.53071	0.06241	0.02652	0.02216	0.02239	0.19144	0.00792	0.00534	0.00160	0.00475	0.02892	0.00497	0.00744
2	0.01132	0.01039	0.01731	0.07346	0.56279	0.01052	0.01371	0.01419	0.01146	0.01598	0.01350	0.02295	0.01285	0.00674	0.00547	0.00171	0.00574	0.17984	0.00299	0.00708
3	0.00846	0.00696	0.01102	0.01347	0.19125	0.00765	0.00846	0.01054	0.00892	0.01285	0.01260	0.01815	0.01156	0.03013	0.61641	0.00658	0.01179	0.00521	0.00266	0.00533
4	0.02017	0.00939	0.01183	0.00942	0.01309	0.00902	0.00767	0.06009	0.19373	0.57849	0.01973	0.01736	0.01302	0.00639	0.00510	0.00160	0.00429	0.00521	0.00594	0.00847
5	0.01252	0.01019	0.01158	0.00846	0.01285	0.00882	0.00684	0.19016	0.01358	0.02007	0.00972	0.01087	0.00775	0.00429	0.00405	0.00093	0.00417	0.00336	0.00348	0.65632
6	0.01006	0.00540	0.00722	0.00743	0.00856	0.00492	0.00526	0.01116	0.01070	0.19491	0.02552	0.59902	0.02793	0.04755	0.00695	0.00206	0.00334	0.01191	0.00499	0.00511
7	0.01192	0.01058	0.01153	0.01017	0.01298	0.03418	0.03674	0.02344	0.60642	0.01987	0.05216	0.04445	0.05245	0.00727	0.00521	0.00167	0.00415	0.00617	0.00486	0.04378
8	0.01731	0.02089	0.01440	0.01283	0.01544	0.61486	0.03865	0.05196	0.06258	0.01418	0.02552	0.01269	0.00900	0.00590	0.00517	0.00143	0.03268	0.03543	0.00300	0.00607
9	0.00616	0.00440	0.00587	0.00704	0.00733	0.00411	0.00469	0.00704	0.00968	0.01291	0.02787	0.81899	0.03344	0.01584	0.00645	0.00205	0.00293	0.01438	0.00469	0.00411
10	0.00976	0.00804	0.00933	0.00703	0.01048	0.00631	0.00531	0.01148	0.00976	0.01492	0.01061	0.01576	0.01003	0.19455	0.00887	0.00172	0.00401	0.00401	0.00301	0.65503
11	0.21474	0.01314	0.01337	0.01047	0.01431	0.01467	0.00865	0.59696	0.02024	0.02973	0.01095	0.01123	0.00787	0.00575	0.00461	0.00153	0.00518	0.00413	0.00461	0.00787
12	0.01205	0.01269	0.02575	0.01891	0.02289	0.01283	0.57783	0.01553	0.01119	0.04697	0.01046	0.03620	0.00841	0.00553	0.00792	0.00180	0.15787	0.00588	0.00270	0.00658
13	0.04853	0.01691	0.21979	0.01204	0.01635	0.10216	0.04389	0.25421	0.11483	0.02146	0.03479	0.04416	0.01079	0.01841	0.00527	0.00162	0.00608	0.00488	0.01655	0.00729
14	0.00760	0.00575	0.00786	0.00789	0.00871	0.00565	0.04897	0.02935	0.04960	0.01374	0.05588	0.45304	0.02725	0.20210	0.01082	0.00266	0.00391	0.05059	0.00426	0.00440

[dist]
# distance from previous block
# <min> <max>
6	17

[block]
# block no. 11 follows, 49 sequences, length 15
# corresponding to MSA columns:
# 3380-3394
name=unknown_L
#
# <colnr> <probs for GDERKNQSTAVLIFYWHMCP>
#	G	D	E	R	K	N	Q	S	T	A	V	L	I	F	Y	W	H	M	C	P
0	0.08946	0.01713	0.01421	0.01282	0.03720	0.39704	0.03342	0.01700	0.03999	0.01395	0.00829	0.01054	0.00711	0.00710	0.03361	0.00179	0.21100	0.00378	0.00266	0.04190
1	0.00963	0.00595	0.00586	0.00572	0.00707	0.03892	0.00427	0.03036	0.01108	0.03908	0.02133	0.07774	0.11590	0.03138	0.03432	0.00169	0.00333	0.00621	0.54534	0.00481
2	0.00822	0.00667	0.00938	0.01027	0.11116	0.00646	0.03136	0.01111	0.05814	0.01765	0.41459	0.05090	0.12251	0.06599	0.03061	0.00205	0.00375	0.02930	0.00464	0.00525
3	0.00735	0.00547	0.00813	0.00828	0.00922	0.00626	0.00656	0.00922	0.00859	0.01218	0.01528	0.02474	0.01480	0.03478	0.69790	0.00737	0.01238	0.10399	0.00296	0.00453
4	0.01162	0.01336	0.12165	0.17673	0.51477	0.01186	0.04658	0.01512	0.01115	0.01576	0.00938	0.01250	0.00754	0.00464	0.00503	0.00156	0.00644	0.00446	0.00241	0.00744
5	0.01137	0.00954	0.01095	0.00800	0.01237	0.00783	0.00641	0.08227	0.04805	0.01809	0.00982	0.01103	0.00796	0.00410	0.00393	0.00086	0.00392	0.00327	0.00328	0.73692
6	0.01829	0.01502	0.01456	0.01164	0.01534	0.11843	0.00942	0.57481	0.12417	0.02787	0.01271	0.01265	0.00924	0.00606	0.00500	0.00152	0.00582	0.00454	0.00475	0.00816
7	0.00997	0.11293	0.01016	0.04517	0.00938	0.00749	0.00579	0.05205	0.00829	0.01084	0.00896	0.01434	0.00854	0.01545	0.04933	0.61624	0.00509	0.00423	0.00238	0.00339
8	0.01219	0.01185	0.04816	0.01687	0.11981	0.01126	0.30278	0.15030	0.03434	0.01882	0.02821	0.06447	0.02971	0.03004	0.00622	0.00179	0.00632	0.06898	0.03115	0.00675
9	0.01056	0.11546	0.01441	0.01081	0.04913	0.00977	0.14297	0.04477	0.08887	0.01659	0.05477	0.10383	0.03454	0.06712	0.01947	0.00185	0.00480	0.00632	0.17658	0.02739
10	0.13759	0.01290	0.01594	0.03550	0.01612	0.12902	0.16296	0.05571	0.03080	0.01652	0.02575	0.01197	0.00815	0.00676	0.03035	0.00181	0.19406	0.00433	0.00288	0.10090
11	0.01277	0.11859	0.01721	0.05309	0.16240	0.07935	0.07435	0.07517	0.04052	0.03328	0.03077	0.02850	0.01961	0.00683	0.02815	0.00168	0.08494	0.02943	0.00309	0.10027
12	0.01443	0.06680	0.14306	0.01117	0.01522	0.06953	0.08441	0.14973	0.06265	0.12499	0.04683	0.01460	0.01105	0.00563	0.00474	0.00145	0.00550	0.00463	0.11496	0.04862
13	0.01391	0.01423	0.08558	0.13638	0.11963	0.08620	0.16018	0.14939	0.05845	0.05648	0.01089	0.01282	0.00817	0.00522	0.00544	0.00157	0.02913	0.00465	0.00325	0.03843
14	0.01551	0.01242	0.04074	0.01350	0.08244	0.07968	0.10341	0.08275	0.17638	0.20039	0.01517	0.01580	0.02194	0.00603	0.00565	0.00158	0.04407	0.01778	0.00424	0.06052

[dist]
# distance from previous block
# <min> <max>
30	215

[block]
# block no. 12 follows, 49 sequences, length 10
# corresponding to MSA columns:
# 3682-3691
name=unknown_M
#
# <colnr> <probs for GDERKNQSTAVLIFYWHMCP>
#	G	D	E	R	K	N	Q	S	T	A	V	L	I	F	Y	W	H	M	C	P
0	0.19887	0.00924	0.01117	0.00906	0.01182	0.00956	0.06367	0.07379	0.06414	0.06071	0.03136	0.01492	0.01025	0.09429	0.00884	0.07608	0.06530	0.00445	0.00343	0.17906
1	0.01007	0.00835	0.01230	0.36601	0.02171	0.00893	0.04128	0.01364	0.07157	0.05773	0.01759	0.06486	0.11379	0.00673	0.00505	0.00155	0.00507	0.00587	0.03972	0.12820
2	0.01030	0.00831	0.01076	0.00839	0.01166	0.00713	0.04707	0.01240	0.01059	0.04644	0.04478	0.11919	0.01311	0.00625	0.00525	0.00117	0.06031	0.00521	0.06214	0.50953
3	0.05417	0.00898	0.01048	0.00763	0.01198	0.00705	0.00614	0.01425	0.01086	0.10891	0.01019	0.01117	0.00798	0.00409	0.00387	0.00089	0.00382	0.00323	0.00339	0.71091
4	0.01039	0.00861	0.00998	0.00725	0.01145	0.00656	0.00578	0.01265	0.01050	0.01668	0.00964	0.01122	0.00797	0.00393	0.00373	0.00079	0.00362	0.00315	0.07691	0.77919
5	0.00990	0.00836	0.00994	0.00750	0.01140	0.00650	0.00591	0.01201	0.01025	0.01584	0.01082	0.07484	0.00992	0.00727	0.06397	0.00141	0.00442	0.00407	0.00311	0.72257
6	0.01043	0.00944	0.01338	0.00975	0.01406	0.00756	0.13309	0.01291	0.01067	0.01618	0.01050	0.06708	0.00932	0.00467	0.00430	0.00100	0.00448	0.00428	0.00304	0.65385
7	0.00722	0.00542	0.00813	0.00813	0.00903	0.00632	0.00632	0.00903	0.00813	0.01174	0.01354	0.01987	0.01264	0.03792	0.80225	0.00813	0.01354	0.00542	0.00271	0.00451
8	0.01388	0.25657	0.33461	0.01189	0.01740	0.01535	0.01300	0.24489	0.01452	0.01960	0.00940	0.01037	0.00709	0.00505	0.00442	0.00142	0.00629	0.00368	0.00303	0.00753
9	0.01058	0.00979	0.01276	0.01075	0.01347	0.08151	0.13300	0.05475	0.03461	0.01642	0.07492	0.17238	0.01944	0.00876	0.00555	0.00162	0.00505	0.14045	0.00387	0.19032

[dist]
# distance from previous block
# <min> <max>
10	96

[block]
# block no. 13 follows, 49 sequences, length 40
# corresponding to MSA columns:
# 3794-3833
name=unknown_N
#
# <colnr> <probs for GDERKNQSTAVLIFYWHMCP>
#	G	D	E	R	K	N	Q	S	T	A	V	L	I	F	Y	W	H	M	C	P
0	0.04122	0.00927	0.01116	0.00917	0.01207	0.04333	0.04931	0.06028	0.06548	0.06489	0.13823	0.09472	0.01825	0.00735	0.00557	0.00143	0.04524	0.04322	0.00405	0.27575
1	0.03135	0.00989	0.01524	0.05732	0.01624	0.01007	0.18841	0.06228	0.11630	0.09858	0.11900	0.04829	0.04215	0.00703	0.00618	0.00164	0.06070	0.02622	0.00406	0.07904
2	0.03028	0.01150	0.10535	0.53624	0.02817	0.03707	0.01292	0.01395	0.03701	0.01434	0.02671	0.01328	0.00796	0.00506	0.00484	0.00155	0.00631	0.00430	0.00252	0.10063
3	0.01460	0.00820	0.01013	0.00851	0.01145	0.00767	0.00666	0.04510	0.14578	0.30488	0.07108	0.17395	0.01852	0.00810	0.00521	0.00156	0.00381	0.00692	0.00515	0.14271
4	0.01005	0.00857	0.00993	0.00725	0.01138	0.00650	0.00573	0.01215	0.01044	0.01603	0.01219	0.01399	0.06237	0.03476	0.00472	0.00097	0.00371	0.00369	0.00312	0.76244
5	0.01014	0.02616	0.79609	0.01441	0.02189	0.01174	0.01868	0.01601	0.01068	0.01601	0.00907	0.01068	0.00641	0.00480	0.00480	0.00160	0.00747	0.00374	0.00214	0.00747
6	0.03586	0.00986	0.01169	0.00938	0.01270	0.01000	0.00760	0.23276	0.11212	0.32953	0.15409	0.01945	0.01788	0.00697	0.00520	0.00157	0.00427	0.00568	0.00559	0.00778
7	0.01868	0.06638	0.01524	0.01241	0.01550	0.54762	0.00967	0.22169	0.01663	0.01757	0.00893	0.00987	0.00707	0.00539	0.00462	0.00135	0.00796	0.00357	0.00324	0.00663
8	0.01971	0.01339	0.01470	0.01127	0.01530	0.01453	0.00931	0.66956	0.02248	0.13802	0.01323	0.01285	0.00915	0.00610	0.00506	0.00152	0.00539	0.00463	0.00523	0.00860
9	0.00623	0.00451	0.00590	0.00687	0.00732	0.00417	0.00465	0.00726	0.01018	0.01357	0.09302	0.70624	0.08099	0.01519	0.00638	0.00199	0.00286	0.01371	0.00477	0.00417
10	0.00753	0.00544	0.00663	0.00643	0.00777	0.00500	0.00477	0.03729	0.01315	0.03748	0.42100	0.17672	0.22859	0.01166	0.00600	0.00170	0.00269	0.01018	0.00519	0.00477
11	0.00697	0.00506	0.00657	0.00641	0.00750	0.00466	0.00473	0.00911	0.01356	0.01900	0.65396	0.14789	0.07322	0.01120	0.00603	0.00166	0.00247	0.00994	0.00541	0.00466
12	0.01755	0.02208	0.01340	0.01223	0.01472	0.71709	0.00917	0.01889	0.01412	0.01273	0.03701	0.01297	0.06506	0.00594	0.00471	0.00134	0.00842	0.00400	0.00286	0.00571
13	0.00623	0.00509	0.00550	0.00548	0.00701	0.00436	0.00408	0.00772	0.01200	0.01498	0.20183	0.08828	0.59492	0.01246	0.00600	0.00170	0.00255	0.01056	0.00488	0.00436
14	0.00627	0.00448	0.00599	0.00716	0.00751	0.00420	0.00488	0.00723	0.00979	0.01303	0.02781	0.77758	0.03321	0.01574	0.00648	0.00207	0.00303	0.05472	0.00469	0.00414
15	0.00616	0.00440	0.00587	0.00704	0.00733	0.00411	0.00469	0.00704	0.00968	0.01291	0.02787	0.81899	0.03344	0.01584	0.00645	0.00205	0.00293	0.01438	0.00469	0.00411
16	0.30343	0.00934	0.00961	0.00850	0.01112	0.01063	0.00682	0.13049	0.15453	0.04593	0.01267	0.01439	0.01009	0.01418	0.21540	0.00331	0.00671	0.00439	0.02221	0.00625
17	0.01352	0.82533	0.02650	0.00865	0.01298	0.02001	0.00865	0.01514	0.01027	0.01190	0.00703	0.00811	0.00649	0.00433	0.00324	0.00108	0.00541	0.00270	0.00216	0.00649
18	0.01298	0.01106	0.01166	0.01037	0.01330	0.01277	0.00810	0.07245	0.73537	0.02181	0.02007	0.01846	0.01502	0.00681	0.00514	0.00170	0.00410	0.00565	0.00514	0.00804
19	0.03538	0.00873	0.01126	0.00893	0.01236	0.00806	0.00725	0.11352	0.01514	0.56899	0.07981	0.07635	0.01620	0.00722	0.00521	0.00160	0.00420	0.00597	0.00589	0.00792
20	0.00677	0.00478	0.00610	0.00693	0.00729	0.00459	0.00461	0.02673	0.00966	0.01287	0.02523	0.63291	0.02990	0.16526	0.01001	0.00258	0.00341	0.03193	0.00440	0.00404
21	0.01889	0.02410	0.01433	0.01303	0.01563	0.80199	0.00977	0.02019	0.01433	0.01238	0.00782	0.00912	0.00651	0.00521	0.00456	0.00130	0.00912	0.00326	0.00261	0.00586
22	0.00629	0.00511	0.00557	0.00551	0.00704	0.00440	0.00411	0.00785	0.01220	0.01537	0.24358	0.06974	0.57106	0.01225	0.00599	0.00169	0.00253	0.01039	0.00492	0.00440
23	0.00735	0.00490	0.00552	0.00552	0.00552	0.00490	0.00306	0.00735	0.00735	0.00980	0.01593	0.03309	0.01838	0.82229	0.02574	0.00490	0.00490	0.00735	0.00306	0.00306
24	0.00955	0.00899	0.01517	0.81013	0.03483	0.01123	0.01404	0.01292	0.01011	0.01292	0.00899	0.01348	0.00674	0.00506	0.00506	0.00169	0.00674	0.00449	0.00225	0.00562
25	0.01352	0.82533	0.02650	0.00865	0.01298	0.02001	0.00865	0.01514	0.01027	0.01190	0.00703	0.00811	0.00649	0.00433	0.00324	0.00108	0.00541	0.00270	0.00216	0.00649
26	0.01106	0.01106	0.01549	0.01328	0.01328	0.01549	0.01106	0.01217	0.00774	0.01217	0.00664	0.01106	0.00664	0.00885	0.01659	0.00221	0.81303	0.00443	0.00221	0.00553
27	0.01889	0.02410	0.01433	0.01303	0.01563	0.80199	0.00977	0.02019	0.01433	0.01238	0.00782	0.00912	0.00651	0.00521	0.00456	0.00130	0.00912	0.00326	0.00261	0.00586
28	0.00735	0.00490	0.00552	0.00552	0.00552	0.00490	0.00306	0.00735	0.00735	0.00980	0.01593	0.03309	0.01838	0.82229	0.02574	0.00490	0.00490	0.00735	0.00306	0.00306
29	0.01360	0.74712	0.02544	0.00962	0.04049	0.04041	0.00890	0.01569	0.03701	0.01239	0.00761	0.00866	0.00685	0.00444	0.00341	0.00112	0.00548	0.00289	0.00229	0.00658
30	0.01922	0.01416	0.01518	0.01163	0.01568	0.01568	0.00961	0.77388	0.02378	0.03187	0.01214	0.01214	0.00860	0.00607	0.00506	0.00152	0.00556	0.00455	0.00506	0.00860
31	0.02816	0.00615	0.00624	0.00573	0.00735	0.00639	0.00443	0.11902	0.01242	0.02076	0.01569	0.01769	0.01219	0.00589	0.00374	0.00123	0.00284	0.00465	0.71415	0.00528
32	0.03318	0.01220	0.01289	0.01077	0.01412	0.01383	0.00861	0.33411	0.45333	0.02560	0.01682	0.01587	0.01241	0.00649	0.00507	0.00163	0.00464	0.00517	0.00507	0.00820
33	0.00630	0.00451	0.00599	0.00695	0.00737	0.00420	0.00470	0.00739	0.01033	0.01394	0.13478	0.70913	0.03545	0.01507	0.00639	0.00199	0.00286	0.01364	0.00482	0.00420
34	0.00943	0.00471	0.00471	0.00471	0.00589	0.00471	0.00353	0.01178	0.01060	0.01885	0.01650	0.01885	0.01296	0.00589	0.00353	0.00118	0.00236	0.00471	0.85036	0.00471
35	0.00716	0.00517	0.00676	0.00636	0.00755	0.00477	0.00477	0.00954	0.01431	0.02028	0.78808	0.03777	0.04771	0.01034	0.00596	0.00159	0.00239	0.00914	0.00557	0.00477
36	0.00943	0.00471	0.00471	0.00471	0.00589	0.00471	0.00353	0.01178	0.01060	0.01885	0.01650	0.01885	0.01296	0.00589	0.00353	0.00118	0.00236	0.00471	0.85036	0.00471
37	0.01832	0.04453	0.01471	0.01293	0.01543	0.73861	0.00981	0.01962	0.01386	0.01235	0.00773	0.00920	0.00652	0.00539	0.00518	0.00135	0.05271	0.00331	0.00257	0.00586
38	0.02180	0.03466	0.01240	0.00918	0.01306	0.00847	0.00762	0.08480	0.01497	0.69186	0.01878	0.01657	0.01201	0.00683	0.02128	0.00168	0.00463	0.00497	0.00596	0.00846
39	0.56615	0.12514	0.03184	0.00805	0.01161	0.01254	0.02722	0.05401	0.02779	0.08354	0.00878	0.00957	0.00665	0.00488	0.00356	0.00150	0.00445	0.00319	0.00335	0.00617

[dist]
# distance from previous block
# <min> <max>
2	6

[block]
# block no. 14 follows, 49 sequences, length 9
# corresponding to MSA columns:
# 3841-3849
name=unknown_O
#
# <colnr> <probs for GDERKNQSTAVLIFYWHMCP>
#	G	D	E	R	K	N	Q	S	T	A	V	L	I	F	Y	W	H	M	C	P
0	0.04401	0.00546	0.00670	0.00627	0.00760	0.00511	0.00466	0.00990	0.01321	0.04692	0.58717	0.03648	0.11768	0.07808	0.00747	0.00188	0.00275	0.00873	0.00519	0.00475
1	0.85801	0.00978	0.00743	0.00665	0.00978	0.01134	0.00548	0.01486	0.00861	0.02269	0.00704	0.00821	0.00548	0.00469	0.00313	0.00156	0.00391	0.00274	0.00313	0.00548
2	0.01891	0.02342	0.01439	0.01293	0.01564	0.74803	0.00976	0.07191	0.01498	0.01371	0.00811	0.00933	0.00666	0.00527	0.00459	0.00132	0.00888	0.00335	0.00277	0.00605
3	0.00598	0.00512	0.00512	0.00512	0.00683	0.00427	0.00384	0.00726	0.01153	0.01366	0.05123	0.04866	0.78869	0.01281	0.00598	0.00171	0.00256	0.01067	0.00470	0.00427
4	0.01072	0.01029	0.01780	0.49478	0.30219	0.01159	0.05240	0.01400	0.01070	0.01436	0.00924	0.01315	0.00724	0.00482	0.00508	0.00162	0.00657	0.00457	0.00235	0.00652
5	0.85801	0.00978	0.00743	0.00665	0.00978	0.01134	0.00548	0.01486	0.00861	0.02269	0.00704	0.00821	0.00548	0.00469	0.00313	0.00156	0.00391	0.00274	0.00313	0.00548
6	0.06324	0.01005	0.01198	0.00938	0.01317	0.04772	0.00769	0.09765	0.04295	0.61450	0.01797	0.01593	0.01159	0.00613	0.00496	0.00155	0.00463	0.00485	0.00577	0.00829
7	0.01352	0.82533	0.02650	0.00865	0.01298	0.02001	0.00865	0.01514	0.01027	0.01190	0.00703	0.00811	0.00649	0.00433	0.00324	0.00108	0.00541	0.00270	0.00216	0.00649
8	0.02170	0.01019	0.01272	0.00975	0.01370	0.00979	0.00805	0.23869	0.01713	0.57644	0.01772	0.01576	0.01140	0.00620	0.00508	0.00155	0.00466	0.00493	0.00592	0.00860

[dist]
# distance from previous block
# <min> <max>
6	98

[block]
# block no. 15 follows, 49 sequences, length 39
# corresponding to MSA columns:
# 3953-3991
name=unknown_P
#
# <colnr> <probs for GDERKNQSTAVLIFYWHMCP>
#	G	D	E	R	K	N	Q	S	T	A	V	L	I	F	Y	W	H	M	C	P
0	0.04418	0.00734	0.00897	0.00792	0.00970	0.01943	0.01958	0.06491	0.02844	0.08647	0.02915	0.04768	0.03650	0.21833	0.22923	0.00414	0.02216	0.00592	0.01862	0.09133
1	0.05467	0.00818	0.01298	0.01072	0.01297	0.00805	0.19068	0.05179	0.02548	0.03043	0.15708	0.21587	0.06952	0.06124	0.00742	0.00196	0.03059	0.02108	0.00408	0.02521
2	0.01277	0.64766	0.19760	0.00993	0.01496	0.01817	0.01088	0.01534	0.01036	0.01281	0.00748	0.00868	0.00647	0.00443	0.00359	0.00120	0.00587	0.00293	0.00216	0.00671
