[name]
unknown

[dist]
# distance from previous block
# <min> <max>
0	34

[block]
# block no. 0 follows, 58 sequences, length 104
# corresponding to MSA columns:
# 43-60,63-133,143-157
name=unknown_A
#
# <colnr> <probs for GDERKNQSTAVLIFYWHMCP>
#	G	D	E	R	K	N	Q	S	T	A	V	L	I	F	Y	W	H	M	C	P
0	0.08876	0.00986	0.02409	0.00849	0.01184	0.02099	0.03377	0.26715	0.07390	0.03041	0.02464	0.03820	0.02059	0.01690	0.00431	0.00121	0.00411	0.01872	0.00354	0.29854
1	0.07137	0.01017	0.07442	0.00839	0.01164	0.02205	0.00719	0.15179	0.20126	0.12213	0.07365	0.01470	0.02397	0.02410	0.00462	0.00134	0.00397	0.00434	0.00393	0.16494
2	0.01226	0.05121	0.09939	0.03095	0.29445	0.05316	0.09774	0.09102	0.09804	0.07466	0.01011	0.01152	0.00776	0.00467	0.00490	0.00139	0.04310	0.00408	0.00288	0.00671
3	0.04537	0.03310	0.07449	0.04103	0.50794	0.07675	0.01216	0.10210	0.01147	0.02883	0.02006	0.01084	0.00736	0.00432	0.00430	0.00132	0.00545	0.00382	0.00255	0.00675
4	0.02247	0.13702	0.42880	0.01329	0.12293	0.04144	0.01301	0.04710	0.03478	0.06860	0.00879	0.00993	0.00655	0.00443	0.00430	0.00134	0.02284	0.00341	0.00240	0.00656
5	0.01072	0.30677	0.29160	0.01014	0.01458	0.04386	0.04826	0.01505	0.11320	0.02632	0.04922	0.01095	0.00873	0.00457	0.00388	0.00124	0.00531	0.00353	0.00251	0.02954
6	0.01246	0.01334	0.21264	0.09695	0.14450	0.02715	0.01115	0.22275	0.03151	0.09767	0.06158	0.02781	0.00993	0.00520	0.00448	0.00139	0.00521	0.00430	0.00330	0.00666
7	0.00647	0.00435	0.00501	0.00504	0.00509	0.00438	0.00291	0.00658	0.00660	0.00884	0.01429	0.05215	0.01638	0.77582	0.06485	0.00442	0.00469	0.00659	0.00274	0.00281
8	0.01461	0.21739	0.12435	0.01051	0.01386	0.42105	0.00937	0.05851	0.01174	0.05503	0.00766	0.00859	0.00613	0.00452	0.00401	0.00118	0.02031	0.00299	0.00244	0.00577
9	0.01028	0.15554	0.53885	0.01163	0.01708	0.02264	0.04254	0.06889	0.01039	0.02677	0.03459	0.01013	0.00715	0.00449	0.00430	0.00135	0.02128	0.00346	0.00225	0.00640
10	0.00715	0.00548	0.04842	0.00551	0.00603	0.00480	0.00371	0.00756	0.00693	0.04011	0.01382	0.02719	0.01529	0.73189	0.05504	0.00419	0.00476	0.00619	0.00276	0.00316
11	0.00626	0.00474	0.00689	0.00692	0.00777	0.00537	0.00535	0.00779	0.00750	0.01057	0.01540	0.04374	0.08506	0.03095	0.72634	0.00651	0.01082	0.00545	0.00261	0.00396
12	0.01185	0.01010	0.02395	0.05362	0.04380	0.01128	0.00793	0.16591	0.53040	0.01970	0.03794	0.01538	0.01241	0.00584	0.00466	0.00147	0.01515	0.00480	0.01691	0.00691
13	0.00897	0.02314	0.81962	0.01275	0.01936	0.01039	0.01653	0.01417	0.00944	0.01417	0.00803	0.00944	0.00567	0.00425	0.00425	0.00142	0.00661	0.00331	0.00189	0.00661
14	0.00624	0.00457	0.00585	0.00553	0.00662	0.00418	0.00415	0.00826	0.01244	0.01740	0.74236	0.03430	0.11271	0.00934	0.00528	0.00142	0.00212	0.00821	0.00485	0.00418
15	0.01107	0.01063	0.01816	0.02746	0.81489	0.01063	0.01373	0.01373	0.01019	0.01461	0.00841	0.01107	0.00709	0.00399	0.00443	0.00133	0.00531	0.00399	0.00221	0.00709
16	0.00934	0.02205	0.75088	0.01324	0.03875	0.01034	0.04672	0.01433	0.00958	0.03233	0.00829	0.00972	0.00587	0.00425	0.00430	0.00142	0.00655	0.00343	0.00199	0.00662
17	0.00529	0.00453	0.00453	0.00453	0.00604	0.00378	0.00340	0.00642	0.01020	0.01208	0.04532	0.04305	0.81307	0.01133	0.00529	0.00151	0.00227	0.00944	0.00415	0.00378
18	0.00897	0.02314	0.81962	0.01275	0.01936	0.01039	0.01653	0.01417	0.00944	0.01417	0.00803	0.00944	0.00567	0.00425	0.00425	0.00142	0.00661	0.00331	0.00189	0.00661
19	0.01119	0.01042	0.01755	0.05734	0.74189	0.01052	0.01331	0.01413	0.03329	0.03422	0.00891	0.01137	0.00733	0.00410	0.00444	0.00134	0.00525	0.00403	0.00235	0.00702
20	0.00855	0.00805	0.01360	0.80115	0.06091	0.00996	0.01247	0.01152	0.00899	0.01155	0.00797	0.01189	0.00601	0.00445	0.00447	0.00148	0.00594	0.00398	0.00200	0.00505
21	0.01196	0.84548	0.02344	0.00765	0.01148	0.01770	0.00765	0.01339	0.00909	0.01052	0.00622	0.00718	0.00574	0.00383	0.00287	0.00096	0.00478	0.00239	0.00191	0.00574
22	0.01712	0.01234	0.01331	0.01020	0.01378	0.01359	0.00843	0.77010	0.02072	0.05851	0.01100	0.01091	0.00774	0.00538	0.00448	0.00134	0.00488	0.00405	0.00452	0.00761
23	0.00631	0.00455	0.00596	0.00564	0.00668	0.00420	0.00422	0.00838	0.01255	0.01775	0.79029	0.05617	0.04185	0.00928	0.00529	0.00142	0.00212	0.00822	0.00490	0.00420
24	0.00545	0.00389	0.00519	0.00623	0.00649	0.00363	0.00415	0.00623	0.00856	0.01142	0.02465	0.83987	0.02959	0.01401	0.00571	0.00182	0.00260	0.01272	0.00415	0.00363
25	0.01113	0.00961	0.01011	0.00910	0.01163	0.01113	0.00708	0.02377	0.80681	0.01871	0.01821	0.01669	0.01365	0.00607	0.00455	0.00152	0.00354	0.00506	0.00455	0.00708
26	0.01186	0.00948	0.01066	0.00785	0.01170	0.00861	0.00637	0.27514	0.01321	0.01913	0.00888	0.00977	0.00695	0.00400	0.00370	0.00089	0.00385	0.00311	0.00326	0.58156
27	0.01159	0.03090	0.01720	0.02314	0.61490	0.01079	0.04025	0.06596	0.06301	0.03569	0.02119	0.01175	0.00811	0.00430	0.00442	0.00133	0.00512	0.00411	0.00264	0.02360
28	0.01056	0.01207	0.02640	0.01885	0.02338	0.01131	0.79864	0.01433	0.01056	0.01433	0.00905	0.01207	0.00679	0.00377	0.00528	0.00151	0.00754	0.00528	0.00226	0.00603
29	0.01056	0.01207	0.02640	0.01885	0.02338	0.01131	0.79864	0.01433	0.01056	0.01433	0.00905	0.01207	0.00679	0.00377	0.00528	0.00151	0.00754	0.00528	0.00226	0.00603
30	0.00529	0.00452	0.00454	0.00456	0.00605	0.00377	0.00341	0.00642	0.01017	0.01207	0.04497	0.05630	0.80005	0.01137	0.00529	0.00152	0.00227	0.00950	0.00415	0.00377
31	0.01138	0.48031	0.29084	0.00969	0.01427	0.05765	0.01072	0.01407	0.00945	0.03457	0.00718	0.00828	0.00587	0.00416	0.00373	0.00116	0.02580	0.00282	0.00203	0.00604
32	0.00845	0.00795	0.01342	0.83204	0.03081	0.00994	0.01242	0.01143	0.00894	0.01143	0.00795	0.01193	0.00596	0.00447	0.00447	0.00149	0.00596	0.00398	0.00199	0.00497
33	0.00545	0.00389	0.00519	0.00623	0.00649	0.00363	0.00415	0.00623	0.00856	0.01142	0.02465	0.83987	0.02959	0.01401	0.00571	0.00182	0.00260	0.01272	0.00415	0.00363
34	0.00545	0.00389	0.00519	0.00623	0.00649	0.00363	0.00415	0.00623	0.00856	0.01142	0.02465	0.83987	0.02959	0.01401	0.00571	0.00182	0.00260	0.01272	0.00415	0.00363
35	0.00859	0.00809	0.01367	0.78934	0.07242	0.00997	0.01249	0.01155	0.00901	0.01160	0.00798	0.01188	0.00602	0.00445	0.00447	0.00148	0.00593	0.00398	0.00200	0.00508
36	0.00928	0.00795	0.00928	0.00663	0.01060	0.00596	0.00530	0.01126	0.00928	0.01458	0.00795	0.00928	0.00663	0.00331	0.00331	0.00066	0.00331	0.00265	0.00265	0.87014
37	0.87439	0.00865	0.00657	0.00588	0.00865	0.01003	0.00484	0.01315	0.00761	0.02007	0.00623	0.00727	0.00484	0.00415	0.00277	0.00138	0.00346	0.00242	0.00277	0.00484
38	0.01726	0.01213	0.01317	0.01010	0.01367	0.01327	0.00834	0.73601	0.02036	0.09311	0.01131	0.01111	0.00789	0.00538	0.00448	0.00135	0.00483	0.00407	0.00456	0.00761
39	0.01272	0.01040	0.01101	0.00943	0.01224	0.01187	0.00747	0.23416	0.59383	0.02128	0.01618	0.01508	0.01202	0.00588	0.00453	0.00147	0.00391	0.00478	0.00453	0.00722
40	0.00639	0.00479	0.00719	0.00719	0.00799	0.00559	0.00559	0.00799	0.00719	0.01038	0.01198	0.01757	0.01118	0.03355	0.82507	0.00719	0.01198	0.00479	0.00240	0.00399
41	0.00654	0.00452	0.00541	0.05449	0.00656	0.00462	0.00341	0.00678	0.00682	0.00906	0.01457	0.09318	0.01671	0.72621	0.02031	0.00396	0.00429	0.00685	0.00278	0.00292
42	0.01671	0.02132	0.01268	0.01152	0.01383	0.82483	0.00864	0.01786	0.01268	0.01095	0.00691	0.00807	0.00576	0.00461	0.00403	0.00115	0.00807	0.00288	0.00230	0.00519
43	0.00545	0.00389	0.00519	0.00623	0.00649	0.00363	0.00415	0.00623	0.00856	0.01142	0.02465	0.83987	0.02959	0.01401	0.00571	0.00182	0.00260	0.01272	0.00415	0.00363
44	0.01671	0.02132	0.01268	0.01152	0.01383	0.82483	0.00864	0.01786	0.01268	0.01095	0.00691	0.00807	0.00576	0.00461	0.00403	0.00115	0.00807	0.00288	0.00230	0.00519
45	0.00928	0.00795	0.00928	0.00663	0.01060	0.00596	0.00530	0.01126	0.00928	0.01458	0.00795	0.00928	0.00663	0.00331	0.00331	0.00066	0.00331	0.00265	0.00265	0.87014
46	0.00650	0.00436	0.00501	0.00501	0.00505	0.00441	0.00287	0.00659	0.00654	0.00877	0.01398	0.02863	0.01598	0.79848	0.06670	0.00449	0.00476	0.00641	0.00269	0.00278
47	0.00940	0.07201	0.75370	0.01234	0.01871	0.01074	0.01577	0.01429	0.00950	0.03209	0.00814	0.00944	0.00579	0.00425	0.00417	0.00139	0.00644	0.00328	0.00197	0.00658
48	0.00633	0.00457	0.00598	0.00563	0.00668	0.00422	0.00422	0.00844	0.01266	0.01794	0.81253	0.03341	0.04221	0.00914	0.00528	0.00141	0.00211	0.00809	0.00492	0.00422
49	0.00545	0.00389	0.00519	0.00623	0.00649	0.00363	0.00415	0.00623	0.00856	0.01142	0.02465	0.83987	0.02959	0.01401	0.00571	0.00182	0.00260	0.01272	0.00415	0.00363
50	0.01062	0.01211	0.02552	0.01837	0.02262	0.02515	0.74503	0.01421	0.01040	0.01409	0.00885	0.01188	0.00672	0.00399	0.00574	0.00153	0.04980	0.00517	0.00225	0.00596
51	0.00568	0.00442	0.00516	0.00525	0.00635	0.00390	0.00383	0.00708	0.01072	0.01398	0.30644	0.19791	0.39104	0.01111	0.00537	0.00154	0.00228	0.00962	0.00442	0.00390
52	0.01056	0.43057	0.41384	0.01021	0.01538	0.02540	0.01202	0.01384	0.00931	0.01232	0.00712	0.00830	0.00570	0.00405	0.00356	0.00119	0.00573	0.00285	0.00191	0.00616
53	0.00934	0.00817	0.00996	0.00754	0.01062	0.00742	0.00610	0.01113	0.00880	0.01391	0.00779	0.00965	0.00666	0.00427	0.00554	0.00093	0.16685	0.00296	0.03493	0.66742
54	0.01211	0.36270	0.18449	0.00947	0.01351	0.04831	0.00950	0.12281	0.14748	0.02506	0.00965	0.01985	0.00769	0.00468	0.00377	0.00122	0.00507	0.00343	0.00280	0.00638
55	0.01251	0.00839	0.00971	0.00837	0.01090	0.02037	0.02163	0.02010	0.43470	0.21875	0.12807	0.03172	0.04161	0.00658	0.00468	0.00147	0.00350	0.00556	0.00476	0.00662
56	0.02232	0.04270	0.06717	0.00962	0.05485	0.03463	0.00776	0.20236	0.14527	0.04440	0.02008	0.01141	0.00854	0.00460	0.00398	0.00113	0.00425	0.00364	0.01566	0.29564
57	0.00556	0.00431	0.00507	0.00537	0.00633	0.00381	0.00384	0.00676	0.01010	0.01303	0.19361	0.33114	0.37132	0.01186	0.00544	0.00160	0.00235	0.01036	0.00431	0.00381
58	0.01112	0.40398	0.39418	0.01005	0.01515	0.01352	0.01172	0.01433	0.00951	0.06779	0.00785	0.00879	0.00607	0.00414	0.00363	0.00120	0.00557	0.00296	0.00215	0.00628
59	0.00998	0.14209	0.56241	0.01257	0.01834	0.01149	0.11457	0.01448	0.02470	0.03704	0.00836	0.00975	0.00613	0.00420	0.00419	0.00136	0.00632	0.00349	0.00210	0.00645
60	0.00727	0.00493	0.00543	0.00509	0.00679	0.00418	0.00389	0.00859	0.01080	0.11470	0.12790	0.03845	0.62512	0.01035	0.00519	0.00148	0.00244	0.00866	0.00442	0.00431
61	0.01107	0.01063	0.01816	0.02746	0.81489	0.01063	0.01373	0.01373	0.01019	0.01461	0.00841	0.01107	0.00709	0.00399	0.00443	0.00133	0.00531	0.00399	0.00221	0.00709
62	0.01104	0.01070	0.01859	0.02700	0.77289	0.01066	0.05538	0.01376	0.01021	0.01460	0.00845	0.01112	0.00707	0.00397	0.00447	0.00134	0.00543	0.00405	0.00222	0.00703
63	0.01054	0.01006	0.01704	0.15090	0.61969	0.01040	0.03434	0.01362	0.03849	0.01422	0.00915	0.01257	0.00768	0.00437	0.00451	0.00139	0.00538	0.02669	0.00232	0.00664
64	0.00639	0.00479	0.00719	0.00719	0.00799	0.00559	0.00559	0.00799	0.00719	0.01038	0.01198	0.01757	0.01118	0.03355	0.82507	0.00719	0.01198	0.00479	0.00240	0.00399
65	0.00879	0.00830	0.01403	0.72784	0.13236	0.01003	0.01259	0.01173	0.00911	0.01184	0.00801	0.01182	0.00611	0.00441	0.00447	0.00147	0.00588	0.00398	0.00202	0.00524
66	0.00972	0.00888	0.01392	0.56725	0.10467	0.01048	0.03756	0.07023	0.10589	0.01393	0.00947	0.01233	0.00714	0.00466	0.00450	0.00147	0.00558	0.00415	0.00251	0.00566
67	0.00594	0.00425	0.00577	0.00678	0.00726	0.00408	0.00500	0.00707	0.00900	0.01193	0.02416	0.61344	0.02821	0.01394	0.02131	0.00198	0.00318	0.21883	0.00411	0.00377
68	0.01700	0.01253	0.01342	0.01029	0.01387	0.01387	0.00850	0.79997	0.02103	0.02819	0.01074	0.01074	0.00761	0.00537	0.00447	0.00134	0.00492	0.00403	0.00447	0.00761
69	0.00533	0.00447	0.00459	0.00468	0.00605	0.00378	0.00344	0.00641	0.00996	0.01194	0.04279	0.10745	0.72783	0.03404	0.00579	0.00161	0.00235	0.00963	0.00411	0.00374
70	0.00545	0.00389	0.00519	0.00623	0.00649	0.00363	0.00415	0.00623	0.00856	0.01142	0.02465	0.83987	0.02959	0.01401	0.00571	0.00182	0.00260	0.01272	0.00415	0.00363
71	0.00626	0.00454	0.00591	0.00564	0.00666	0.00418	0.00420	0.00828	0.01239	0.01746	0.75356	0.07643	0.05878	0.00945	0.00530	0.00143	0.00214	0.00837	0.00487	0.00418
72	0.00979	0.00979	0.01370	0.01174	0.01174	0.01370	0.00979	0.01077	0.00685	0.01077	0.00587	0.00979	0.00587	0.00783	0.01468	0.00196	0.83461	0.00391	0.00196	0.00489
73	0.00928	0.00795	0.00928	0.00663	0.01060	0.00596	0.00530	0.01126	0.00928	0.01458	0.00795	0.00928	0.00663	0.00331	0.00331	0.00066	0.00331	0.00265	0.00265	0.87014
74	0.01196	0.84548	0.02344	0.00765	0.01148	0.01770	0.00765	0.01339	0.00909	0.01052	0.00622	0.00718	0.00574	0.00383	0.00287	0.00096	0.00478	0.00239	0.00191	0.00574
75	0.01107	0.01063	0.01816	0.02746	0.81489	0.01063	0.01373	0.01373	0.01019	0.01461	0.00841	0.01107	0.00709	0.00399	0.00443	0.00133	0.00531	0.00399	0.00221	0.00709
76	0.01671	0.02132	0.01268	0.01152	0.01383	0.82483	0.00864	0.01786	0.01268	0.01095	0.00691	0.00807	0.00576	0.00461	0.00403	0.00115	0.00807	0.00288	0.00230	0.00519
77	0.00957	0.01022	0.02041	0.01499	0.01877	0.00948	0.54823	0.01267	0.01028	0.01397	0.01392	0.01794	0.09653	0.00526	0.00531	0.00146	0.02282	0.06307	0.00264	0.10244
78	0.01189	0.78602	0.06548	0.00800	0.01194	0.03281	0.00814	0.01352	0.00918	0.01073	0.00633	0.00731	0.00574	0.00386	0.00297	0.00098	0.00494	0.00245	0.00192	0.00578
79	0.01267	0.65163	0.06373	0.00863	0.01233	0.16442	0.00831	0.01425	0.00976	0.01079	0.00644	0.00746	0.00574	0.00399	0.00316	0.00102	0.00548	0.00253	0.00198	0.00569
80	0.01409	0.00958	0.01299	0.01278	0.17504	0.03187	0.05791	0.16991	0.01289	0.23948	0.01323	0.07321	0.02464	0.00547	0.00445	0.00130	0.00450	0.00474	0.00382	0.12809
81	0.00997	0.29778	0.55371	0.01105	0.01673	0.01283	0.01356	0.01391	0.00933	0.01295	0.00742	0.00869	0.00569	0.00411	0.00379	0.00126	0.00600	0.00300	0.00190	0.00632
82	0.00845	0.00795	0.01342	0.83204	0.03081	0.00994	0.01242	0.01143	0.00894	0.01143	0.00795	0.01193	0.00596	0.00447	0.00447	0.00149	0.00596	0.00398	0.00199	0.00497
83	0.02000	0.00772	0.01045	0.00801	0.01147	0.00674	0.00662	0.03936	0.01299	0.80016	0.01749	0.01512	0.01099	0.00553	0.00450	0.00138	0.00383	0.00449	0.00551	0.00761
84	0.01072	0.01283	0.05634	0.01835	0.02287	0.04124	0.73951	0.01445	0.01059	0.01420	0.00893	0.01182	0.00671	0.00382	0.00519	0.00149	0.00753	0.00511	0.00225	0.00602
85	0.01098	0.01152	0.03629	0.01636	0.06875	0.04055	0.50633	0.05640	0.07681	0.03508	0.01138	0.07163	0.00947	0.00504	0.00509	0.00150	0.00642	0.02150	0.00281	0.00608
86	0.02002	0.00770	0.01043	0.00800	0.01146	0.00670	0.00661	0.03515	0.01294	0.80444	0.01753	0.01515	0.01101	0.00553	0.00450	0.00138	0.00383	0.00449	0.00552	0.00761
87	0.00651	0.00434	0.00488	0.00488	0.00488	0.00434	0.00271	0.00651	0.00651	0.00867	0.01409	0.02927	0.01626	0.84279	0.02277	0.00434	0.00434	0.00651	0.00271	0.00271
88	0.00932	0.11761	0.72815	0.01216	0.01846	0.01123	0.01551	0.01408	0.00940	0.01375	0.00782	0.00918	0.00568	0.00420	0.00409	0.00136	0.00640	0.00320	0.00189	0.00651
89	0.00721	0.00506	0.00548	0.00515	0.00689	0.00439	0.00394	0.00890	0.03999	0.10241	0.09033	0.03836	0.64502	0.01035	0.00517	0.00149	0.00247	0.00864	0.00437	0.00435
90	0.00602	0.00456	0.00555	0.00530	0.00649	0.00409	0.00398	0.00784	0.01193	0.01621	0.58594	0.03626	0.26988	0.00979	0.00528	0.00144	0.00216	0.00849	0.00470	0.00409
91	0.01674	0.02035	0.01276	0.01139	0.01383	0.73585	0.00863	0.10369	0.01359	0.01284	0.00733	0.00836	0.00596	0.00469	0.00408	0.00117	0.00772	0.00301	0.00254	0.00545
92	0.01020	0.00967	0.01631	0.32661	0.50832	0.01043	0.01315	0.02733	0.00992	0.01368	0.00828	0.01138	0.00668	0.00419	0.00445	0.00139	0.00555	0.00398	0.00217	0.00631
93	0.01968	0.00824	0.01077	0.00826	0.01173	0.00751	0.00682	0.12171	0.01386	0.71659	0.01676	0.01465	0.01063	0.00552	0.00450	0.00138	0.00395	0.00444	0.00540	0.00761
94	0.00770	0.00393	0.00589	0.00589	0.00593	0.00397	0.00397	0.00593	0.00589	0.00790	0.00797	0.01379	0.00793	0.01640	0.05614	0.82856	0.00427	0.00393	0.00196	0.00204
95	0.01093	0.01048	0.01790	0.07058	0.77287	0.01059	0.01366	0.01361	0.01012	0.01444	0.00839	0.01112	0.00703	0.00401	0.00443	0.00134	0.00535	0.00399	0.00220	0.00697
96	0.00967	0.00825	0.00862	0.00788	0.01013	0.00919	0.00610	0.01929	0.59559	0.01709	0.02450	0.02291	0.20235	0.00729	0.00468	0.00150	0.00320	0.00607	0.02948	0.00622
97	0.00544	0.00392	0.00517	0.00617	0.00647	0.00364	0.00412	0.00624	0.00862	0.01144	0.02542	0.81052	0.05845	0.01392	0.00569	0.00181	0.00258	0.01260	0.00415	0.00364
98	0.00929	0.05338	0.76845	0.01253	0.01892	0.03269	0.01599	0.01424	0.00952	0.01395	0.00793	0.00932	0.00567	0.00424	0.00419	0.00139	0.00658	0.00326	0.00190	0.00654
99	0.01660	0.02032	0.01261	0.01131	0.01370	0.74447	0.00855	0.08299	0.01332	0.01248	0.00735	0.00842	0.00600	0.00468	0.00406	0.00117	0.00771	0.00300	0.01590	0.00537
100	0.01007	0.32288	0.50709	0.01072	0.01625	0.01294	0.01298	0.01381	0.00931	0.01285	0.00737	0.00861	0.00572	0.00407	0.00372	0.00123	0.00585	0.00295	0.00192	0.02966
101	0.00916	0.15584	0.42776	0.00976	0.01420	0.00971	0.01121	0.01259	0.01000	0.05033	0.13989	0.08532	0.03394	0.00604	0.00434	0.00137	0.00500	0.00494	0.00280	0.00580
102	0.04832	0.00996	0.01045	0.00912	0.01183	0.01141	0.00719	0.13647	0.64593	0.03303	0.01661	0.01540	0.01236	0.00588	0.00446	0.00148	0.00374	0.00479	0.00448	0.00707
103	0.00845	0.00795	0.01342	0.83204	0.03081	0.00994	0.01242	0.01143	0.00894	0.01143	0.00795	0.01193	0.00596	0.00447	0.00447	0.00149	0.00596	0.00398	0.00199	0.00497

[dist]
# distance from previous block
# <min> <max>
0	1

[block]
# block no. 1 follows, 58 sequences, length 29
# corresponding to MSA columns:
# 159-176,195-205
name=unknown_B
#
# <colnr> <probs for GDERKNQSTAVLIFYWHMCP>
#	G	D	E	R	K	N	Q	S	T	A	V	L	I	F	Y	W	H	M	C	P
0	0.01096	0.01056	0.01819	0.05711	0.76616	0.01062	0.03314	0.01366	0.01015	0.01449	0.00841	0.01113	0.00704	0.00400	0.00445	0.00134	0.00539	0.00402	0.00221	0.00698
1	0.00834	0.00417	0.00417	0.00417	0.00521	0.00417	0.00313	0.01042	0.00938	0.01668	0.01459	0.01668	0.01147	0.00521	0.00313	0.00104	0.00208	0.00417	0.86763	0.00417
2	0.00656	0.00498	0.00747	0.00794	0.00882	0.00481	0.05772	0.00810	0.00946	0.01248	0.02320	0.43750	0.02639	0.01261	0.00589	0.00190	0.00359	0.35254	0.00401	0.00401
3	0.01168	0.66451	0.17060	0.00861	0.01294	0.01597	0.00926	0.01382	0.00928	0.03868	0.00694	0.00787	0.00591	0.00396	0.00318	0.00106	0.00509	0.00263	0.00203	0.00597
4	0.00594	0.00454	0.00545	0.00526	0.00645	0.00405	0.00393	0.00767	0.01169	0.01571	0.52290	0.05941	0.31064	0.01004	0.00529	0.00145	0.00218	0.00869	0.00463	0.00405
5	0.00587	0.00462	0.00564	0.00562	0.00681	0.00452	0.00429	0.00726	0.00915	0.01191	0.07716	0.03183	0.43307	0.01963	0.32300	0.00369	0.00602	0.00741	0.02859	0.00390
6	0.00920	0.02152	0.70396	0.01364	0.01995	0.01052	0.13057	0.01419	0.00961	0.01419	0.00818	0.00983	0.00583	0.00418	0.00440	0.00143	0.00675	0.00359	0.00194	0.00653
7	0.00897	0.02314	0.81962	0.01275	0.01936	0.01039	0.01653	0.01417	0.00944	0.01417	0.00803	0.00944	0.00567	0.00425	0.00425	0.00142	0.00661	0.00331	0.00189	0.00661
8	0.02007	0.00761	0.01038	0.00796	0.01142	0.00657	0.00657	0.02180	0.01280	0.81799	0.01765	0.01523	0.01107	0.00554	0.00450	0.00138	0.00381	0.00450	0.00554	0.00761
9	0.01064	0.01011	0.01702	0.08691	0.69828	0.01027	0.01302	0.01351	0.02751	0.01463	0.04818	0.01236	0.00887	0.00432	0.00448	0.00135	0.00517	0.00421	0.00238	0.00678
10	0.23933	0.11003	0.22510	0.00890	0.01304	0.00987	0.03106	0.01604	0.01006	0.26287	0.02724	0.01097	0.00792	0.00466	0.00383	0.00135	0.00464	0.00349	0.00332	0.00629
11	0.00837	0.00777	0.01301	0.77790	0.02939	0.00962	0.01208	0.01129	0.00903	0.01156	0.00898	0.01446	0.00726	0.00499	0.00458	0.00153	0.00584	0.05529	0.00213	0.00491
12	0.01113	0.00961	0.01011	0.00910	0.01163	0.01113	0.00708	0.02377	0.80681	0.01871	0.01821	0.01669	0.01365	0.00607	0.00455	0.00152	0.00354	0.00506	0.00455	0.00708
13	0.01187	0.77343	0.07553	0.00807	0.01205	0.03486	0.00826	0.01354	0.00919	0.01077	0.00635	0.00734	0.00574	0.00387	0.00299	0.00099	0.00498	0.00246	0.00192	0.00579
14	0.00855	0.00782	0.01123	0.01008	0.02318	0.00977	0.04975	0.00969	0.00798	0.02635	0.02910	0.16064	0.07847	0.06391	0.01158	0.00200	0.45269	0.02987	0.00278	0.00455
15	0.00737	0.00547	0.00726	0.00824	0.00928	0.02379	0.00714	0.00936	0.01029	0.01326	0.02334	0.07636	0.02542	0.01224	0.00611	0.00203	0.00416	0.74067	0.00408	0.00413
16	0.00541	0.00443	0.00477	0.00492	0.00617	0.00379	0.00360	0.00656	0.01013	0.01248	0.10896	0.17854	0.61152	0.01160	0.00536	0.00155	0.00231	0.00988	0.00422	0.00379
17	0.01470	0.02862	0.17601	0.00901	0.01273	0.00845	0.00858	0.07255	0.12082	0.38668	0.08569	0.03104	0.01308	0.00578	0.00451	0.00141	0.00427	0.00473	0.00443	0.00692
18	0.00924	0.02125	0.68400	0.01379	0.02005	0.01055	0.15024	0.01419	0.00963	0.01419	0.00820	0.00989	0.00586	0.00417	0.00443	0.00143	0.00677	0.00364	0.00195	0.00651
19	0.01107	0.01063	0.01816	0.02746	0.81489	0.01063	0.01373	0.01373	0.01019	0.01461	0.00841	0.01107	0.00709	0.00399	0.00443	0.00133	0.00531	0.00399	0.00221	0.00709
20	0.00923	0.00875	0.01483	0.59298	0.26378	0.01014	0.01281	0.01211	0.00931	0.01238	0.00809	0.01167	0.00630	0.00433	0.00446	0.00144	0.00577	0.00398	0.00205	0.00560
21	0.01107	0.01063	0.01816	0.02746	0.81489	0.01063	0.01373	0.01373	0.01019	0.01461	0.00841	0.01107	0.00709	0.00399	0.00443	0.00133	0.00531	0.00399	0.00221	0.00709
22	0.01088	0.01043	0.01781	0.08675	0.75710	0.01058	0.01363	0.01356	0.01009	0.01438	0.00838	0.01113	0.00700	0.00402	0.00443	0.00134	0.00536	0.00398	0.00220	0.00693
23	0.00786	0.00552	0.00866	0.00803	0.00930	0.00512	0.11173	0.00917	0.00929	0.10019	0.02197	0.51245	0.06326	0.06054	0.02040	0.00196	0.00369	0.03256	0.00393	0.00437
24	0.01078	0.01033	0.01762	0.11830	0.72636	0.01055	0.01358	0.01347	0.01005	0.01425	0.00836	0.01117	0.00696	0.00404	0.00443	0.00135	0.00539	0.00398	0.00219	0.00685
25	0.01090	0.01046	0.01786	0.07867	0.76498	0.01058	0.01365	0.01358	0.01011	0.01441	0.00838	0.01113	0.00701	0.00402	0.00443	0.00134	0.00536	0.00398	0.00220	0.00695
26	0.00938	0.13497	0.71134	0.01206	0.01829	0.01138	0.01532	0.01406	0.00940	0.01367	0.00778	0.00914	0.00568	0.00419	0.00406	0.00135	0.00636	0.00318	0.00189	0.00649
27	0.73497	0.00985	0.00741	0.00657	0.00931	0.08098	0.00533	0.05380	0.00880	0.01950	0.00745	0.00837	0.02438	0.00443	0.00303	0.00136	0.00391	0.00271	0.00285	0.00499
28	0.01050	0.01004	0.01712	0.20328	0.64355	0.01048	0.01344	0.01323	0.00991	0.01392	0.00831	0.01126	0.00684	0.00409	0.00444	0.00136	0.00546	0.00398	0.00216	0.00662

[dist]
# distance from previous block
# <min> <max>
2	10

[block]
# block no. 2 follows, 58 sequences, length 82
# corresponding to MSA columns:
# 218-281,289-306
name=unknown_C
#
# <colnr> <probs for GDERKNQSTAVLIFYWHMCP>
#	G	D	E	R	K	N	Q	S	T	A	V	L	I	F	Y	W	H	M	C	P
0	0.00559	0.00435	0.00509	0.00532	0.00633	0.00384	0.00383	0.00686	0.01030	0.01331	0.22667	0.28358	0.38570	0.01161	0.00541	0.00158	0.00233	0.01011	0.00434	0.00384
1	0.00942	0.07941	0.33450	0.00977	0.03796	0.00878	0.01022	0.01266	0.00936	0.01410	0.00786	0.00923	0.00619	0.00375	0.00369	0.00101	0.00480	0.00293	0.00228	0.43210
2	0.00897	0.02314	0.81962	0.01275	0.01936	0.01039	0.01653	0.01417	0.00944	0.01417	0.00803	0.00944	0.00567	0.00425	0.00425	0.00142	0.00661	0.00331	0.00189	0.00661
3	0.01113	0.61813	0.24356	0.00906	0.01366	0.01568	0.01011	0.01361	0.00919	0.01153	0.00672	0.00780	0.00572	0.00394	0.00325	0.00108	0.00529	0.00264	0.00191	0.00598
4	0.01198	0.57314	0.03572	0.00827	0.01181	0.01570	0.00774	0.06071	0.20856	0.01364	0.00950	0.00980	0.00782	0.00448	0.00341	0.00113	0.00452	0.00317	0.00272	0.00620
5	0.00948	0.04164	0.24084	0.00843	0.01314	0.00765	0.00861	0.01236	0.00938	0.02882	0.00809	0.00936	0.00640	0.00364	0.00359	0.00090	0.00431	0.00286	0.00246	0.57805
6	0.08088	0.10156	0.29375	0.01059	0.06033	0.02374	0.01037	0.08164	0.03758	0.12273	0.09478	0.02868	0.01145	0.00534	0.00422	0.00137	0.00491	0.01664	0.00318	0.00627
7	0.24988	0.01002	0.03718	0.01810	0.45386	0.02233	0.01015	0.01359	0.00964	0.06123	0.01089	0.01241	0.06329	0.00465	0.00402	0.00136	0.00458	0.00393	0.00268	0.00622
8	0.00659	0.00501	0.00753	0.03198	0.02272	0.00576	0.00600	0.00826	0.00750	0.01067	0.01266	0.01980	0.01206	0.04386	0.71591	0.00651	0.01101	0.05961	0.00251	0.00406
9	0.01067	0.03480	0.01707	0.18347	0.60182	0.01077	0.01302	0.02512	0.03402	0.01419	0.00859	0.01129	0.00703	0.00416	0.00440	0.00136	0.00537	0.00397	0.00226	0.00664
10	0.00965	0.00960	0.01367	0.09367	0.01365	0.01333	0.01005	0.01083	0.00706	0.01083	0.00608	0.01000	0.00588	0.00749	0.01366	0.00191	0.75185	0.00392	0.00196	0.00490
11	0.01956	0.00843	0.01089	0.00835	0.01183	0.00779	0.00690	0.15153	0.01418	0.68632	0.01650	0.01448	0.01050	0.00551	0.00449	0.00138	0.00399	0.00442	0.00536	0.00761
12	0.00609	0.00477	0.00606	0.00563	0.00694	0.00427	0.02647	0.00792	0.01176	0.01584	0.52810	0.03609	0.30409	0.00974	0.00528	0.00145	0.00232	0.00847	0.00459	0.00412
13	0.00672	0.00457	0.00686	0.00686	0.00747	0.00518	0.00518	0.00747	0.00686	0.00976	0.01097	0.01662	0.01036	0.02922	0.63094	0.21456	0.01004	0.00457	0.00229	0.00350
14	0.00633	0.00457	0.00598	0.00563	0.00668	0.00422	0.00422	0.00844	0.01266	0.01794	0.81253	0.03341	0.04221	0.00914	0.00528	0.00141	0.00211	0.00809	0.00492	0.00422
15	0.00737	0.00570	0.00851	0.02616	0.01040	0.00571	0.06248	0.00984	0.04484	0.01334	0.02223	0.16577	0.02405	0.01156	0.00594	0.00195	0.00414	0.56170	0.00397	0.00433
16	0.00991	0.00833	0.00906	0.00822	0.01037	0.00937	0.00635	0.01987	0.60488	0.01852	0.22018	0.02094	0.02091	0.00685	0.00474	0.00149	0.00318	0.00583	0.00465	0.00635
17	0.00748	0.00522	0.00711	0.00799	0.00907	0.00525	0.00695	0.02464	0.01044	0.01390	0.02279	0.04732	0.02439	0.01172	0.00593	0.00197	0.00399	0.71481	0.06483	0.00419
18	0.01107	0.01063	0.01816	0.02746	0.81489	0.01063	0.01373	0.01373	0.01019	0.01461	0.00841	0.01107	0.00709	0.00399	0.00443	0.00133	0.00531	0.00399	0.00221	0.00709
19	0.00545	0.00389	0.00519	0.00623	0.00649	0.00363	0.00415	0.00623	0.00856	0.01142	0.02465	0.83987	0.02959	0.01401	0.00571	0.00182	0.00260	0.01272	0.00415	0.00363
20	0.00651	0.00434	0.00488	0.00488	0.00488	0.00434	0.00271	0.00651	0.00651	0.00867	0.01409	0.02927	0.01626	0.84279	0.02277	0.00434	0.00434	0.00651	0.00271	0.00271
21	0.02007	0.00761	0.01038	0.00796	0.01142	0.00657	0.00657	0.02180	0.01280	0.81799	0.01765	0.01523	0.01107	0.00554	0.00450	0.00138	0.00381	0.00450	0.00554	0.00761
22	0.01183	0.80954	0.05825	0.00788	0.01183	0.01738	0.00804	0.01343	0.00910	0.01068	0.00630	0.00727	0.00574	0.00385	0.00293	0.00098	0.00486	0.00243	0.00191	0.00578
23	0.00705	0.00525	0.00769	0.00833	0.00940	0.00516	0.04127	0.00898	0.01005	0.01311	0.02363	0.16653	0.04148	0.01221	0.00605	0.00199	0.00400	0.61965	0.00404	0.00412
24	0.00897	0.02314	0.81962	0.01275	0.01936	0.01039	0.01653	0.01417	0.00944	0.01417	0.00803	0.00944	0.00567	0.00425	0.00425	0.00142	0.00661	0.00331	0.00189	0.00661
25	0.00845	0.00795	0.01342	0.83204	0.03081	0.00994	0.01242	0.01143	0.00894	0.01143	0.00795	0.01193	0.00596	0.00447	0.00447	0.00149	0.00596	0.00398	0.00199	0.00497
26	0.00976	0.00929	0.01579	0.42844	0.42412	0.01028	0.01308	0.01258	0.00957	0.01303	0.00818	0.01150	0.00653	0.00423	0.00445	0.00141	0.00564	0.00398	0.00210	0.00603
27	0.00854	0.00804	0.01358	0.80491	0.05725	0.00996	0.01247	0.01151	0.00899	0.01154	0.00797	0.01190	0.00600	0.00446	0.00447	0.00149	0.00594	0.00398	0.00200	0.00504
28	0.00945	0.00973	0.01877	0.46066	0.08305	0.01052	0.31690	0.01271	0.00966	0.01278	0.00841	0.01192	0.00636	0.00417	0.00478	0.00149	0.00653	0.00448	0.00211	0.00553
29	0.01026	0.15391	0.35203	0.01371	0.05653	0.03970	0.17444	0.01372	0.00942	0.01306	0.00763	0.00969	0.00601	0.00456	0.00562	0.00142	0.11651	0.00366	0.00201	0.00610
30	0.00575	0.00431	0.00579	0.00662	0.00686	0.00434	0.00455	0.00655	0.00844	0.01137	0.02333	0.78152	0.02792	0.01358	0.00634	0.00183	0.06108	0.01210	0.00400	0.00372
31	0.01393	0.14862	0.36571	0.01000	0.01490	0.01002	0.01109	0.01712	0.01074	0.33776	0.01162	0.01141	0.00786	0.00470	0.00413	0.00133	0.00519	0.00364	0.00336	0.00688
32	0.01013	0.03769	0.06946	0.00953	0.01220	0.02597	0.10852	0.02736	0.27104	0.07270	0.17604	0.06511	0.04216	0.00700	0.00486	0.00149	0.00410	0.04477	0.00402	0.00587
33	0.00845	0.00795	0.01342	0.83204	0.03081	0.00994	0.01242	0.01143	0.00894	0.01143	0.00795	0.01193	0.00596	0.00447	0.00447	0.00149	0.00596	0.00398	0.00199	0.00497
34	0.01172	0.75949	0.07896	0.00806	0.01204	0.01696	0.00826	0.01380	0.03602	0.01106	0.00675	0.00766	0.00600	0.00393	0.00302	0.00101	0.00487	0.00255	0.00200	0.00585
35	0.01157	0.00746	0.01253	0.01046	0.01298	0.00699	0.19456	0.01405	0.02568	0.24185	0.04612	0.08563	0.01771	0.00827	0.00539	0.00169	0.00465	0.28269	0.00412	0.00559
36	0.00908	0.02236	0.76386	0.01318	0.01964	0.01045	0.07151	0.01418	0.00952	0.01418	0.00810	0.00963	0.00575	0.00422	0.00432	0.00142	0.00668	0.00344	0.00192	0.00657
37	0.00941	0.02008	0.60032	0.01444	0.02047	0.01064	0.23276	0.01421	0.00975	0.01421	0.00831	0.01017	0.00598	0.00412	0.00453	0.00144	0.00687	0.00385	0.00199	0.00645
38	0.00854	0.00801	0.01331	0.80429	0.03016	0.00998	0.01224	0.01185	0.03585	0.01167	0.00830	0.01209	0.00622	0.00453	0.00447	0.00149	0.00588	0.00401	0.00207	0.00504
39	0.01107	0.01063	0.01816	0.02746	0.81489	0.01063	0.01373	0.01373	0.01019	0.01461	0.00841	0.01107	0.00709	0.00399	0.00443	0.00133	0.00531	0.00399	0.00221	0.00709
40	0.00845	0.00795	0.01342	0.83204	0.03081	0.00994	0.01242	0.01143	0.00894	0.01143	0.00795	0.01193	0.00596	0.00447	0.00447	0.00149	0.00596	0.00398	0.00199	0.00497
41	0.01107	0.01063	0.01816	0.02746	0.81489	0.01063	0.01373	0.01373	0.01019	0.01461	0.00841	0.01107	0.00709	0.00399	0.00443	0.00133	0.00531	0.00399	0.00221	0.00709
42	0.00845	0.00795	0.01342	0.83204	0.03081	0.00994	0.01242	0.01143	0.00894	0.01143	0.00795	0.01193	0.00596	0.00447	0.00447	0.00149	0.00596	0.00398	0.00199	0.00497
43	0.00897	0.02314	0.81962	0.01275	0.01936	0.01039	0.01653	0.01417	0.00944	0.01417	0.00803	0.00944	0.00567	0.00425	0.00425	0.00142	0.00661	0.00331	0.00189	0.00661
44	0.02570	0.01369	0.23877	0.01262	0.01715	0.02679	0.24151	0.01746	0.07906	0.26326	0.01212	0.01256	0.00834	0.00467	0.00463	0.00144	0.00574	0.00438	0.00338	0.00674
45	0.00920	0.02281	0.80265	0.01265	0.01919	0.01031	0.01632	0.01433	0.00951	0.03102	0.00823	0.00957	0.00578	0.00428	0.00426	0.00142	0.00655	0.00333	0.00197	0.00663
46	0.00533	0.00437	0.00470	0.00497	0.00616	0.00374	0.00359	0.00637	0.00977	0.01191	0.03995	0.25008	0.60951	0.01203	0.00540	0.00159	0.00235	0.01029	0.00415	0.00374
47	0.01131	0.07796	0.54071	0.01169	0.01725	0.01182	0.01366	0.21855	0.02559	0.01763	0.00877	0.00974	0.00631	0.00454	0.00422	0.00137	0.00599	0.00346	0.00261	0.00682
48	0.01260	0.03203	0.46643	0.01189	0.01725	0.00946	0.10313	0.01651	0.01059	0.26012	0.01106	0.01147	0.00745	0.00458	0.00442	0.00141	0.00583	0.00388	0.00305	0.00684
49	0.00897	0.02314	0.81962	0.01275	0.01936	0.01039	0.01653	0.01417	0.00944	0.01417	0.00803	0.00944	0.00567	0.00425	0.00425	0.00142	0.00661	0.00331	0.00189	0.00661
50	0.01204	0.01787	0.52606	0.01181	0.01732	0.00949	0.06860	0.01649	0.03760	0.22310	0.01095	0.01138	0.00742	0.00461	0.00440	0.00142	0.00584	0.00381	0.00295	0.00685
51	0.01217	0.01161	0.02045	0.07056	0.22832	0.07333	0.38813	0.01516	0.01079	0.11027	0.00968	0.01187	0.00725	0.00415	0.00482	0.00142	0.00645	0.00458	0.00263	0.00636
52	0.01431	0.02049	0.01144	0.08047	0.10805	0.00721	0.04132	0.01636	0.01164	0.42195	0.09528	0.03164	0.05234	0.00639	0.00475	0.00145	0.00411	0.06000	0.00440	0.00641
53	0.01456	0.02755	0.01431	0.01581	0.29557	0.05580	0.02295	0.13161	0.10433	0.22529	0.01208	0.01248	0.00881	0.00499	0.00477	0.00137	0.03281	0.00417	0.00367	0.00707
54	0.00917	0.00540	0.00694	0.00684	0.00814	0.00515	0.00518	0.03584	0.03838	0.16371	0.09348	0.31813	0.07425	0.06960	0.02261	0.00197	0.00339	0.12275	0.00436	0.00470
55	0.01070	0.17022	0.41666	0.01291	0.01822	0.02528	0.18450	0.08381	0.01070	0.01473	0.00814	0.00969	0.00610	0.00417	0.00424	0.00134	0.00635	0.00363	0.00221	0.00639
56	0.01003	0.00962	0.01658	0.27611	0.50771	0.01019	0.04729	0.01277	0.00976	0.01350	0.00888	0.04127	0.00754	0.00449	0.00453	0.00140	0.00551	0.00435	0.00222	0.00626
57	0.00897	0.02314	0.81962	0.01275	0.01936	0.01039	0.01653	0.01417	0.00944	0.01417	0.00803	0.00944	0.00567	0.00425	0.00425	0.00142	0.00661	0.00331	0.00189	0.00661
58	0.00767	0.00394	0.00586	0.00586	0.00590	0.00397	0.00393	0.00594	0.00591	0.00791	0.00813	0.01422	0.00816	0.03979	0.05294	0.80760	0.00425	0.00400	0.00198	0.00205
59	0.01251	0.01115	0.02311	0.01662	0.02093	0.01034	0.63631	0.01586	0.01102	0.17904	0.01081	0.01271	0.00767	0.00413	0.00512	0.00148	0.00678	0.00512	0.00293	0.00636
60	0.01076	0.01041	0.01804	0.11487	0.69065	0.01059	0.05191	0.01351	0.01007	0.01425	0.00839	0.01121	0.00695	0.00403	0.00447	0.00136	0.00549	0.00405	0.00219	0.00680
61	0.01671	0.02132	0.01268	0.01152	0.01383	0.82483	0.00864	0.01786	0.01268	0.01095	0.00691	0.00807	0.00576	0.00461	0.00403	0.00115	0.00807	0.00288	0.00230	0.00519
62	0.00651	0.00434	0.00488	0.00488	0.00488	0.00434	0.00271	0.00651	0.00651	0.00867	0.01409	0.02927	0.01626	0.84279	0.02277	0.00434	0.00434	0.00651	0.00271	0.00271
63	0.00918	0.08094	0.76365	0.01239	0.01881	0.01090	0.01590	0.01411	0.00942	0.01391	0.00790	0.00928	0.00567	0.00422	0.00415	0.00138	0.00648	0.00324	0.00189	0.00655
64	0.00897	0.02314	0.81962	0.01275	0.01936	0.01039	0.01653	0.01417	0.00944	0.01417	0.00803	0.00944	0.00567	0.00425	0.00425	0.00142	0.00661	0.00331	0.00189	0.00661
65	0.01700	0.01253	0.01342	0.01029	0.01387	0.01387	0.00850	0.79997	0.02103	0.02819	0.01074	0.01074	0.00761	0.00537	0.00447	0.00134	0.00492	0.00403	0.00447	0.00761
66	0.00845	0.00795	0.01342	0.83204	0.03081	0.00994	0.01242	0.01143	0.00894	0.01143	0.00795	0.01193	0.00596	0.00447	0.00447	0.00149	0.00596	0.00398	0.00199	0.00497
67	0.01033	0.01366	0.14029	0.01798	0.02280	0.01118	0.68634	0.01431	0.01040	0.01431	0.00890	0.01169	0.00663	0.00384	0.00513	0.00150	0.00741	0.00500	0.00221	0.00612
68	0.01669	0.01641	0.03578	0.01078	0.01387	0.36739	0.00869	0.39054	0.02858	0.05465	0.00941	0.00982	0.00699	0.00502	0.00428	0.00127	0.00627	0.00354	0.00350	0.00651
69	0.00845	0.00795	0.01342	0.83204	0.03081	0.00994	0.01242	0.01143	0.00894	0.01143	0.00795	0.01193	0.00596	0.00447	0.00447	0.00149	0.00596	0.00398	0.00199	0.00497
70	0.00633	0.00457	0.00598	0.00563	0.00668	0.00422	0.00422	0.00844	0.01266	0.01794	0.81253	0.03341	0.04221	0.00914	0.00528	0.00141	0.00211	0.00809	0.00492	0.00422
71	0.01355	0.41958	0.10916	0.00974	0.01332	0.30709	0.00905	0.04947	0.01094	0.01186	0.00687	0.00791	0.00582	0.00422	0.00351	0.00110	0.00618	0.00274	0.00216	0.00572
72	0.01700	0.01253	0.01342	0.01029	0.01387	0.01387	0.00850	0.79997	0.02103	0.02819	0.01074	0.01074	0.00761	0.00537	0.00447	0.00134	0.00492	0.00403	0.00447	0.00761
73	0.00777	0.00389	0.00583	0.00583	0.00583	0.00389	0.00389	0.00583	0.00583	0.00777	0.00777	0.01360	0.00777	0.01554	0.01748	0.86985	0.00389	0.00389	0.00194	0.00194
74	0.01075	0.01081	0.01926	0.02304	0.51139	0.01127	0.18641	0.01339	0.00973	0.01393	0.00815	0.01109	0.00683	0.00455	0.00626	0.00147	0.13873	0.00426	0.00218	0.00650
75	0.01628	0.13975	0.01311	0.00937	0.04692	0.05819	0.00743	0.10786	0.13198	0.38623	0.02848	0.01341	0.01031	0.00527	0.00423	0.00132	0.00433	0.00415	0.00436	0.00701
76	0.00651	0.00434	0.00488	0.00488	0.00488	0.00434	0.00271	0.00651	0.00651	0.00867	0.01409	0.02927	0.01626	0.84279	0.02277	0.00434	0.00434	0.00651	0.00271	0.00271
77	0.01047	0.01173	0.02503	0.01842	0.04643	0.01108	0.72646	0.01445	0.03670	0.01458	0.03211	0.01279	0.00803	0.00400	0.00523	0.00150	0.00719	0.00531	0.00241	0.00605
78	0.01708	0.01177	0.06939	0.00993	0.01368	0.01139	0.02391	0.48566	0.03425	0.25742	0.01269	0.01211	0.00860	0.00532	0.00448	0.00137	0.00474	0.00416	0.00456	0.00750
79	0.68064	0.00964	0.00829	0.00754	0.03596	0.04422	0.01821	0.08105	0.03373	0.03566	0.00735	0.00824	0.00561	0.00435	0.00315	0.00138	0.00391	0.00280	0.00298	0.00531
80	0.17057	0.01114	0.04678	0.00997	0.05188	0.01153	0.00799	0.36923	0.13495	0.12430	0.01170	0.01154	0.00835	0.00516	0.00417	0.00138	0.00440	0.00392	0.00409	0.00696
81	0.25940	0.01087	0.01238	0.01305	0.20316	0.02304	0.00861	0.32672	0.05150	0.03648	0.00933	0.01016	0.00702	0.00472	0.00398	0.00136	0.00456	0.00360	0.00344	0.00664

[dist]
# distance from previous block
# <min> <max>
2	33

[block]
# block no. 3 follows, 58 sequences, length 17
# corresponding to MSA columns:
# 340-356
name=unknown_D
#
# <colnr> <probs for GDERKNQSTAVLIFYWHMCP>
#	G	D	E	R	K	N	Q	S	T	A	V	L	I	F	Y	W	H	M	C	P
0	0.01282	0.01082	0.04670	0.01964	0.47236	0.02628	0.01126	0.09331	0.08140	0.12945	0.02917	0.01247	0.00899	0.00465	0.00444	0.00134	0.00490	0.00418	0.00317	0.02264
1	0.01108	0.01003	0.01613	0.11565	0.55248	0.01063	0.01230	0.01470	0.09536	0.04903	0.00964	0.01187	0.00775	0.00458	0.00511	0.00141	0.05884	0.00412	0.00257	0.00672
2	0.01078	0.00893	0.01472	0.04507	0.50005	0.00885	0.03435	0.01313	0.01028	0.08779	0.02818	0.01941	0.02905	0.04763	0.00567	0.00161	0.00491	0.12041	0.00292	0.00625
3	0.06582	0.00672	0.00860	0.02656	0.04970	0.00714	0.02938	0.05939	0.06156	0.03792	0.04024	0.17608	0.19454	0.02458	0.06360	0.00205	0.07464	0.06308	0.00363	0.00477
4	0.22787	0.00962	0.01319	0.01642	0.35416	0.01011	0.03957	0.06321	0.08963	0.01712	0.01041	0.01427	0.00891	0.00507	0.00419	0.00142	0.00456	0.07577	0.00292	0.03159
5	0.24031	0.00814	0.00880	0.00781	0.01026	0.00867	0.00646	0.17322	0.05840	0.14271	0.04697	0.04602	0.02861	0.00726	0.00451	0.00156	0.00387	0.18659	0.00411	0.00571
6	0.00649	0.00443	0.00516	0.00532	0.00554	0.00438	0.00335	0.00683	0.00725	0.00953	0.01734	0.05879	0.06166	0.66726	0.01920	0.00382	0.00414	0.10351	0.00301	0.00297
7	0.01108	0.01029	0.01399	0.16041	0.38015	0.11422	0.01078	0.01344	0.01083	0.06420	0.12910	0.01561	0.01277	0.00527	0.00457	0.00137	0.00517	0.02790	0.00286	0.00599
8	0.00928	0.00795	0.00928	0.00663	0.01060	0.00596	0.00530	0.01126	0.00928	0.01458	0.00795	0.00928	0.00663	0.00331	0.00331	0.00066	0.00331	0.00265	0.00265	0.87014
9	0.00928	0.00795	0.00928	0.00663	0.01060	0.00596	0.00530	0.01126	0.00928	0.01458	0.00795	0.00928	0.00663	0.00331	0.00331	0.00066	0.00331	0.00265	0.00265	0.87014
10	0.01107	0.01063	0.01816	0.02746	0.81489	0.01063	0.01373	0.01373	0.01019	0.01461	0.00841	0.01107	0.00709	0.00399	0.00443	0.00133	0.00531	0.00399	0.00221	0.00709
11	0.00951	0.00893	0.00910	0.00810	0.00960	0.10902	0.00614	0.01300	0.17534	0.01331	0.08720	0.06210	0.05177	0.15667	0.00949	0.00195	0.14616	0.00544	0.00325	0.11392
12	0.01107	0.01063	0.01816	0.02746	0.81489	0.01063	0.01373	0.01373	0.01019	0.01461	0.00841	0.01107	0.00709	0.00399	0.00443	0.00133	0.00531	0.00399	0.00221	0.00709
13	0.01392	0.00806	0.01081	0.00795	0.01174	0.00656	0.05537	0.01591	0.01085	0.35392	0.01212	0.01196	0.00851	0.00428	0.00394	0.00102	0.00379	0.00360	0.00385	0.45186
14	0.00897	0.02314	0.81962	0.01275	0.01936	0.01039	0.01653	0.01417	0.00944	0.01417	0.00803	0.00944	0.00567	0.00425	0.00425	0.00142	0.00661	0.00331	0.00189	0.00661
15	0.01505	0.01156	0.01233	0.00990	0.01313	0.01296	0.00803	0.54239	0.28179	0.02505	0.01322	0.01271	0.00961	0.00560	0.00450	0.00140	0.00446	0.00437	0.00450	0.00743
16	0.00880	0.00814	0.01342	0.79859	0.03012	0.01010	0.01226	0.04352	0.00944	0.01211	0.00806	0.01188	0.00603	0.00451	0.00447	0.00148	0.00592	0.00398	0.00209	0.00508

[dist]
# distance from previous block
# <min> <max>
0	4

# created by:
# /st0/software/busco_prod/Augustus/scripts/msa2prfl.pl ./align_prep/125026.fa
