[name]
unknown

[dist]
# distance from previous block
# <min> <max>
0	535

[block]
# block no. 0 follows, 64 sequences, length 74
# corresponding to MSA columns:
# 611-684
name=unknown_A
#
# <colnr> <probs for GDERKNQSTAVLIFYWHMCP>
#	G	D	E	R	K	N	Q	S	T	A	V	L	I	F	Y	W	H	M	C	P
0	0.88336	0.00803	0.00611	0.00546	0.00803	0.00932	0.00450	0.01221	0.00707	0.01864	0.00578	0.00675	0.00450	0.00386	0.00257	0.00129	0.00321	0.00225	0.00257	0.00450
1	0.00514	0.00437	0.00467	0.00488	0.02800	0.00372	0.00349	0.00631	0.00967	0.01177	0.11175	0.03836	0.73326	0.01015	0.00489	0.00139	0.00217	0.00852	0.00387	0.00363
2	0.01111	0.85652	0.02177	0.00711	0.01066	0.01644	0.00711	0.01244	0.00844	0.00977	0.00577	0.00666	0.00533	0.00355	0.00267	0.00089	0.00444	0.00222	0.00178	0.00533
3	0.00491	0.00421	0.00421	0.00421	0.00561	0.00351	0.00316	0.00596	0.00947	0.01122	0.04208	0.03997	0.82643	0.01052	0.00491	0.00140	0.00210	0.00877	0.00386	0.00351
4	0.01465	0.07302	0.01189	0.00982	0.01208	0.63650	0.00756	0.09547	0.01209	0.01215	0.00728	0.00830	0.00593	0.00435	0.00365	0.00107	0.00657	0.00284	0.06978	0.00500
5	0.00909	0.00909	0.01272	0.01091	0.01091	0.01272	0.00909	0.01000	0.00636	0.01000	0.00545	0.00909	0.00545	0.00727	0.01363	0.00182	0.84642	0.00364	0.00182	0.00454
6	0.00998	0.00956	0.01632	0.12637	0.72959	0.00979	0.01260	0.01248	0.00932	0.01321	0.00776	0.01038	0.00645	0.00376	0.00412	0.00125	0.00501	0.00370	0.00203	0.00634
7	0.00831	0.00758	0.00989	0.06394	0.01040	0.06235	0.00728	0.00905	0.00676	0.00950	0.00738	0.01154	0.00700	0.01414	0.22249	0.14859	0.38419	0.00378	0.00194	0.00390
8	0.06872	0.80047	0.02073	0.00700	0.01049	0.01597	0.00693	0.01242	0.00835	0.01036	0.00578	0.00667	0.00528	0.00357	0.00266	0.00091	0.00436	0.00222	0.00183	0.00528
9	0.00793	0.00750	0.01248	0.78900	0.02744	0.00946	0.01137	0.01057	0.00818	0.01057	0.00726	0.01094	0.00553	0.00436	0.00478	0.00141	0.06108	0.00369	0.00184	0.00461
10	0.01028	0.00987	0.01686	0.02550	0.82811	0.00987	0.01275	0.01275	0.00946	0.01357	0.00781	0.01028	0.00658	0.00370	0.00411	0.00123	0.00493	0.00370	0.00206	0.00658
11	0.00683	0.00455	0.00592	0.00545	0.00661	0.00422	0.00413	0.00901	0.03161	0.07047	0.75259	0.02953	0.03663	0.00820	0.00483	0.00131	0.00210	0.00722	0.00460	0.00419
12	0.00795	0.00749	0.01260	0.77452	0.08100	0.00917	0.01146	0.01067	0.00840	0.01082	0.00805	0.01155	0.02070	0.00424	0.00416	0.00137	0.00543	0.00379	0.00190	0.00472
13	0.00784	0.00738	0.01246	0.84404	0.02861	0.00923	0.01154	0.01061	0.00831	0.01061	0.00738	0.01107	0.00554	0.00415	0.00415	0.00138	0.00554	0.00369	0.00185	0.00461
14	0.01030	0.00884	0.00957	0.03592	0.02125	0.01020	0.00679	0.04704	0.73815	0.01723	0.01641	0.03562	0.01255	0.00572	0.00425	0.00141	0.00340	0.00479	0.00411	0.00645
15	0.00970	0.01750	0.56803	0.04109	0.14737	0.00949	0.03118	0.03534	0.00943	0.08019	0.00833	0.00961	0.00596	0.00403	0.00402	0.00130	0.00569	0.00334	0.00215	0.00625
16	0.00826	0.00698	0.00822	0.00603	0.00937	0.00533	0.00479	0.01012	0.00902	0.01394	0.11284	0.01150	0.01041	0.00377	0.00331	0.00070	0.00293	0.00311	0.00273	0.76662
17	0.00994	0.00952	0.01624	0.14000	0.71627	0.00978	0.01258	0.01245	0.00930	0.01316	0.00775	0.01039	0.00643	0.00376	0.00412	0.00125	0.00502	0.00370	0.00203	0.00630
18	0.01579	0.01163	0.01247	0.00956	0.01288	0.01288	0.00789	0.81426	0.01953	0.02618	0.00997	0.00997	0.00706	0.00499	0.00416	0.00125	0.00457	0.00374	0.00416	0.00706
19	0.00933	0.01072	0.05422	0.01703	0.11142	0.00970	0.61074	0.01250	0.00954	0.01306	0.00972	0.09352	0.00837	0.00448	0.00481	0.00141	0.00628	0.00537	0.00225	0.00552
20	0.01111	0.85652	0.02177	0.00711	0.01066	0.01644	0.00711	0.01244	0.00844	0.00977	0.00577	0.00666	0.00533	0.00355	0.00267	0.00089	0.00444	0.00222	0.00178	0.00533
21	0.00581	0.00424	0.00545	0.00515	0.00616	0.00389	0.00386	0.00770	0.01159	0.01625	0.76690	0.03170	0.09846	0.00864	0.00490	0.00131	0.00197	0.00761	0.00452	0.00389
22	0.00593	0.00445	0.00668	0.00668	0.00742	0.00519	0.00519	0.00742	0.00668	0.00964	0.01113	0.01632	0.01038	0.03115	0.83756	0.00668	0.01113	0.00445	0.00223	0.00371
23	0.00506	0.00361	0.00482	0.00578	0.00602	0.00337	0.00386	0.00578	0.00795	0.01060	0.02289	0.85131	0.02747	0.01301	0.00530	0.00169	0.00241	0.01181	0.00386	0.00337
24	0.00822	0.00708	0.01147	0.68649	0.02477	0.00855	0.01031	0.03687	0.00878	0.04414	0.00961	0.10783	0.00830	0.00524	0.00429	0.00141	0.00506	0.00465	0.00229	0.00465
25	0.00506	0.00361	0.00482	0.00578	0.00602	0.00337	0.00386	0.00578	0.00795	0.01060	0.02289	0.85131	0.02747	0.01301	0.00530	0.00169	0.00241	0.01181	0.00386	0.00337
26	0.00515	0.00377	0.00521	0.00602	0.00634	0.00352	0.01991	0.00593	0.00799	0.01066	0.02261	0.83465	0.02705	0.01282	0.00529	0.00168	0.00250	0.01167	0.00382	0.00342
27	0.00588	0.00425	0.00555	0.00523	0.00621	0.00392	0.00392	0.00784	0.01176	0.01666	0.82592	0.03103	0.03919	0.00849	0.00490	0.00131	0.00196	0.00751	0.00457	0.00392
28	0.01028	0.00987	0.01686	0.02550	0.82811	0.00987	0.01275	0.01275	0.00946	0.01357	0.00781	0.01028	0.00658	0.00370	0.00411	0.00123	0.00493	0.00370	0.00206	0.00658
29	0.00506	0.00361	0.00482	0.00578	0.00602	0.00337	0.00386	0.00578	0.00795	0.01060	0.02289	0.85131	0.02747	0.01301	0.00530	0.00169	0.00241	0.01181	0.00386	0.00337
30	0.00593	0.00445	0.00668	0.00668	0.00742	0.00519	0.00519	0.00742	0.00668	0.00964	0.01113	0.01632	0.01038	0.03115	0.83756	0.00668	0.01113	0.00445	0.00223	0.00371
31	0.00784	0.00738	0.01246	0.84404	0.02861	0.00923	0.01154	0.01061	0.00831	0.01061	0.00738	0.01107	0.00554	0.00415	0.00415	0.00138	0.00554	0.00369	0.00185	0.00461
32	0.00599	0.00416	0.00523	0.00525	0.00549	0.00440	0.00341	0.00648	0.00628	0.00861	0.01260	0.03595	0.01375	0.57387	0.28641	0.00485	0.00631	0.00561	0.00244	0.00292
33	0.00510	0.00365	0.00487	0.00583	0.00609	0.00341	0.00393	0.00586	0.00800	0.01065	0.02287	0.83005	0.02738	0.01297	0.00531	0.00169	0.00245	0.03264	0.00385	0.00339
34	0.01503	0.00704	0.01058	0.00829	0.01111	0.00646	0.09029	0.01710	0.03318	0.56446	0.04114	0.01477	0.01089	0.00927	0.13817	0.00217	0.00506	0.00442	0.00431	0.00626
35	0.00784	0.00738	0.01246	0.84404	0.02861	0.00923	0.01154	0.01061	0.00831	0.01061	0.00738	0.01107	0.00554	0.00415	0.00415	0.00138	0.00554	0.00369	0.00185	0.00461
36	0.00784	0.00738	0.01246	0.84404	0.02861	0.00923	0.01154	0.01061	0.00831	0.01061	0.00738	0.01107	0.00554	0.00415	0.00415	0.00138	0.00554	0.00369	0.00185	0.00461
37	0.01033	0.00892	0.00939	0.00845	0.01080	0.01033	0.00657	0.02207	0.82061	0.01738	0.01691	0.01550	0.01268	0.00564	0.00423	0.00141	0.00329	0.00470	0.00423	0.00657
38	0.09248	0.04829	0.01231	0.11708	0.09177	0.34862	0.00867	0.04424	0.02030	0.01198	0.00678	0.00872	0.00567	0.00512	0.01884	0.00137	0.14749	0.00310	0.00217	0.00500
39	0.01528	0.00966	0.01303	0.01265	0.18892	0.00979	0.04768	0.32908	0.01425	0.29915	0.01163	0.01153	0.00803	0.00469	0.00419	0.00126	0.00441	0.00394	0.00394	0.00689
40	0.01020	0.00982	0.01659	0.02453	0.77413	0.01006	0.01251	0.01257	0.00925	0.01333	0.00766	0.01020	0.00651	0.00394	0.00474	0.00127	0.06052	0.00370	0.00204	0.00645
41	0.00604	0.00403	0.00453	0.00453	0.00453	0.00403	0.00252	0.00604	0.00604	0.00805	0.01309	0.02718	0.01510	0.85402	0.02114	0.00403	0.00403	0.00604	0.00252	0.00252
42	0.01552	0.01980	0.01177	0.01070	0.01284	0.83735	0.00803	0.01659	0.01177	0.01017	0.00642	0.00749	0.00535	0.00428	0.00375	0.00107	0.00749	0.00268	0.00214	0.00482
43	0.01009	0.00963	0.01622	0.15052	0.51536	0.01010	0.09202	0.05279	0.04916	0.01378	0.00828	0.01070	0.00667	0.00403	0.00452	0.00130	0.03262	0.00387	0.00223	0.00613
44	0.00502	0.00421	0.00437	0.00433	0.00568	0.00356	0.00325	0.00618	0.00974	0.01186	0.13421	0.03892	0.73389	0.01028	0.00491	0.00139	0.00209	0.00862	0.00394	0.00356
45	0.00527	0.00422	0.00471	0.00459	0.00583	0.00366	0.00344	0.00667	0.01033	0.01326	0.33677	0.03661	0.53046	0.00976	0.00491	0.00137	0.00205	0.00829	0.00413	0.00366
46	0.00511	0.00365	0.00488	0.00585	0.00611	0.00342	0.00395	0.00588	0.00801	0.01066	0.02286	0.82486	0.02736	0.01296	0.00532	0.00169	0.00246	0.03773	0.00385	0.00339
47	0.00951	0.00927	0.01485	0.35838	0.46818	0.04430	0.01206	0.01204	0.00909	0.01222	0.00758	0.01049	0.00610	0.00391	0.00411	0.00129	0.00529	0.00365	0.00197	0.00570
48	0.00784	0.00738	0.01246	0.84404	0.02861	0.00923	0.01154	0.01061	0.00831	0.01061	0.00738	0.01107	0.00554	0.00415	0.00415	0.00138	0.00554	0.00369	0.00185	0.00461
49	0.00511	0.00365	0.00488	0.00584	0.00611	0.00342	0.00395	0.00588	0.00801	0.01066	0.02286	0.82504	0.02736	0.01296	0.00532	0.00169	0.00246	0.03756	0.00385	0.00339
50	0.00604	0.00403	0.00453	0.00453	0.00453	0.00403	0.00252	0.00604	0.00604	0.00805	0.01309	0.02718	0.01510	0.85402	0.02114	0.00403	0.00403	0.00604	0.00252	0.00252
51	0.00669	0.00478	0.00669	0.00765	0.00861	0.00478	0.00669	0.00861	0.00956	0.01243	0.02199	0.04685	0.02391	0.01147	0.00574	0.00191	0.00382	0.80015	0.00382	0.00382
52	0.01579	0.01163	0.01247	0.00956	0.01288	0.01288	0.00789	0.81426	0.01953	0.02618	0.00997	0.00997	0.00706	0.00499	0.00416	0.00125	0.00457	0.00374	0.00416	0.00706
53	0.00896	0.00853	0.01448	0.46796	0.39594	0.00952	0.01209	0.01159	0.00884	0.01197	0.00758	0.01071	0.00602	0.00395	0.00413	0.00132	0.00526	0.00370	0.00194	0.00552
54	0.00610	0.00524	0.00543	0.01678	0.00703	0.00502	0.00400	0.00943	0.17897	0.01260	0.05093	0.03429	0.63035	0.00937	0.00476	0.00140	0.00240	0.00782	0.00392	0.00417
55	0.01394	0.01720	0.01175	0.01058	0.01227	0.65060	0.00811	0.01500	0.01056	0.01011	0.00642	0.00813	0.00556	0.00588	0.03797	0.00143	0.16475	0.00292	0.00208	0.00472
56	0.00815	0.00783	0.01354	0.69293	0.07787	0.00941	0.07091	0.01087	0.00842	0.01098	0.00762	0.02153	0.00593	0.00429	0.00453	0.00139	0.03322	0.00388	0.00190	0.00479
57	0.00904	0.00737	0.00866	0.00621	0.00988	0.00556	0.00497	0.01088	0.00875	0.04851	0.00777	0.00885	0.00633	0.00316	0.00312	0.00064	0.00310	0.00253	0.00258	0.84209
58	0.00852	0.00735	0.00898	0.00648	0.01005	0.00562	0.03125	0.01042	0.00881	0.01368	0.04742	0.00979	0.00777	0.00335	0.00322	0.00067	0.00315	0.00279	0.00255	0.80811
59	0.00519	0.00423	0.00465	0.00490	0.00611	0.00368	0.00376	0.00634	0.00931	0.01133	0.03690	0.13301	0.61566	0.01095	0.00508	0.00151	0.00240	0.12761	0.00385	0.00354
60	0.01586	0.01153	0.01240	0.00951	0.01283	0.01272	0.00785	0.79574	0.01935	0.04495	0.01012	0.01007	0.00714	0.00499	0.00416	0.00125	0.00455	0.00375	0.00418	0.00706
61	0.00516	0.00371	0.00491	0.00580	0.00613	0.00346	0.00396	0.00599	0.00822	0.01095	0.05614	0.76090	0.04953	0.01269	0.00529	0.00167	0.00244	0.04572	0.00388	0.00342
62	0.01560	0.00971	0.01362	0.02850	0.02728	0.03644	0.16360	0.25571	0.01365	0.37362	0.01226	0.01198	0.00822	0.00470	0.00430	0.00129	0.00471	0.00412	0.00404	0.00665
63	0.00871	0.00752	0.01255	0.73750	0.07750	0.00906	0.01125	0.01138	0.00861	0.06499	0.00800	0.01123	0.00592	0.00419	0.00415	0.00137	0.00537	0.00372	0.00208	0.00490
64	0.00548	0.00413	0.00508	0.00512	0.00606	0.00372	0.00376	0.00696	0.01037	0.01395	0.44488	0.19234	0.24590	0.00997	0.00500	0.00142	0.00213	0.02582	0.00423	0.00370
65	0.01160	0.00665	0.00817	0.00683	0.00897	0.00651	0.00546	0.15479	0.05781	0.25657	0.35080	0.02224	0.05044	0.00688	0.00454	0.00132	0.00301	0.02728	0.00460	0.00553
66	0.00824	0.00780	0.01307	0.69203	0.13720	0.00948	0.01158	0.01088	0.00837	0.01099	0.00735	0.01087	0.00568	0.00424	0.00460	0.00138	0.04579	0.00369	0.00187	0.00488
67	0.00674	0.00508	0.00647	0.00629	0.00653	0.00573	0.00439	0.02830	0.00706	0.02001	0.01411	0.23616	0.01601	0.39880	0.06898	0.00310	0.15317	0.00692	0.00280	0.00335
68	0.00651	0.00462	0.00633	0.00719	0.00799	0.00460	0.00605	0.00813	0.00908	0.01184	0.02113	0.10284	0.02324	0.09970	0.00732	0.00212	0.00374	0.66022	0.00369	0.00366
69	0.01061	0.00988	0.01586	0.02286	0.69887	0.01009	0.01185	0.06143	0.09011	0.01470	0.00884	0.01078	0.00721	0.00397	0.00413	0.00125	0.00475	0.00380	0.00240	0.00661
70	0.01025	0.03280	0.03560	0.04833	0.61565	0.00926	0.03317	0.01260	0.00946	0.06467	0.02137	0.07052	0.00867	0.00454	0.00419	0.00127	0.00472	0.00434	0.00239	0.00621
71	0.03113	0.00778	0.03489	0.10709	0.01224	0.00659	0.00628	0.03558	0.00924	0.10859	0.01070	0.01164	0.06068	0.00418	0.00385	0.00093	0.03105	0.00332	0.00280	0.51145
72	0.42193	0.02153	0.04920	0.00933	0.08187	0.05460	0.05677	0.04074	0.11345	0.08950	0.00875	0.00939	0.00655	0.00427	0.00354	0.00129	0.01577	0.00316	0.00291	0.00544
73	0.00933	0.06457	0.01467	0.52971	0.11440	0.03686	0.09478	0.01191	0.00886	0.05124	0.00781	0.01071	0.00594	0.00410	0.00426	0.00133	0.01863	0.00371	0.00206	0.00511

[dist]
# distance from previous block
# <min> <max>
2	3

[block]
# block no. 1 follows, 64 sequences, length 17
# corresponding to MSA columns:
# 688-704
name=unknown_B
#
# <colnr> <probs for GDERKNQSTAVLIFYWHMCP>
#	G	D	E	R	K	N	Q	S	T	A	V	L	I	F	Y	W	H	M	C	P
0	0.01016	0.00751	0.00932	0.06294	0.12484	0.03175	0.00684	0.16125	0.08713	0.07413	0.01456	0.22062	0.01365	0.00696	0.00430	0.00136	0.00365	0.02988	0.12385	0.00528
1	0.00650	0.00548	0.00578	0.00549	0.00709	0.00540	0.00418	0.01055	0.22809	0.01361	0.14106	0.03218	0.50120	0.00893	0.00472	0.00139	0.00240	0.00750	0.00405	0.00439
2	0.01621	0.00672	0.00895	0.00705	0.00989	0.00595	0.00575	0.03461	0.02904	0.65899	0.12536	0.01726	0.04325	0.00579	0.00430	0.00129	0.00329	0.00479	0.00498	0.00651
3	0.00596	0.00423	0.00548	0.00517	0.00615	0.00392	0.00388	0.00791	0.01163	0.01661	0.79245	0.03039	0.03802	0.00834	0.00482	0.00129	0.00196	0.00736	0.04052	0.00392
4	0.00550	0.00423	0.00502	0.00482	0.00597	0.00376	0.00362	0.00710	0.01085	0.01451	0.51685	0.03456	0.34960	0.00929	0.00490	0.00134	0.00202	0.00801	0.00429	0.00376
5	0.00583	0.00424	0.00548	0.00517	0.00617	0.00390	0.00388	0.00774	0.01164	0.01638	0.78549	0.03149	0.07980	0.00860	0.00490	0.00131	0.00197	0.00758	0.00454	0.00390
6	0.88336	0.00803	0.00611	0.00546	0.00803	0.00932	0.00450	0.01221	0.00707	0.01864	0.00578	0.00675	0.00450	0.00386	0.00257	0.00129	0.00321	0.00225	0.00257	0.00450
7	0.01120	0.00938	0.01013	0.00919	0.03818	0.01072	0.00699	0.14763	0.66648	0.01865	0.01550	0.01445	0.01159	0.00547	0.00421	0.00138	0.00355	0.00451	0.00414	0.00665
8	0.00566	0.00424	0.00525	0.00500	0.00607	0.00383	0.00375	0.00741	0.01124	0.01543	0.64867	0.03305	0.21721	0.00895	0.00490	0.00133	0.00199	0.00780	0.00441	0.00383
9	0.01005	0.00862	0.00915	0.00825	0.01051	0.00992	0.00641	0.02116	0.76895	0.01733	0.06857	0.01649	0.01437	0.00582	0.00427	0.00140	0.00320	0.00488	0.00425	0.00641
10	0.01270	0.55475	0.01816	0.00840	0.01145	0.31251	0.00744	0.01393	0.00964	0.00991	0.00601	0.00696	0.00534	0.00382	0.00305	0.00095	0.00554	0.00238	0.00191	0.00514
11	0.01111	0.85652	0.02177	0.00711	0.01066	0.01644	0.00711	0.01244	0.00844	0.00977	0.00577	0.00666	0.00533	0.00355	0.00267	0.00089	0.00444	0.00222	0.00178	0.00533
12	0.01191	0.04764	0.01055	0.02719	0.04935	0.00725	0.06080	0.07019	0.05367	0.28384	0.18112	0.06889	0.03342	0.00609	0.00448	0.00128	0.01769	0.00525	0.00400	0.05538
13	0.00784	0.00738	0.01246	0.84404	0.02861	0.00923	0.01154	0.01061	0.00831	0.01061	0.00738	0.01107	0.00554	0.00415	0.00415	0.00138	0.00554	0.00369	0.00185	0.00461
14	0.00549	0.00447	0.00588	0.00624	0.02834	0.00403	0.03819	0.00667	0.00902	0.01148	0.06849	0.34877	0.36718	0.01097	0.00510	0.00154	0.00262	0.06807	0.00377	0.00367
15	0.00598	0.00417	0.00545	0.00580	0.00619	0.00427	0.00403	0.00695	0.03578	0.00995	0.03180	0.30016	0.01876	0.24638	0.16746	0.07023	0.00471	0.06563	0.00305	0.00324
16	0.01000	0.11339	0.27317	0.01325	0.17865	0.11747	0.04574	0.01375	0.08595	0.01286	0.04867	0.01086	0.00821	0.00556	0.04370	0.00148	0.00567	0.00356	0.00228	0.00575

[dist]
# distance from previous block
# <min> <max>
0	6

[block]
# block no. 2 follows, 64 sequences, length 84
# corresponding to MSA columns:
# 711-794
name=unknown_C
#
# <colnr> <probs for GDERKNQSTAVLIFYWHMCP>
#	G	D	E	R	K	N	Q	S	T	A	V	L	I	F	Y	W	H	M	C	P
0	0.00572	0.00417	0.00517	0.00502	0.00600	0.00380	0.00371	0.00739	0.01085	0.01504	0.58066	0.09234	0.17889	0.02298	0.00512	0.00138	0.00205	0.00789	0.03801	0.00378
1	0.00861	0.00738	0.00861	0.00615	0.00984	0.00554	0.00492	0.01046	0.00861	0.01354	0.00738	0.00861	0.00615	0.00308	0.00308	0.00062	0.00308	0.00246	0.00246	0.87941
2	0.01037	0.01003	0.01678	0.02525	0.81466	0.02352	0.01267	0.01281	0.00950	0.01351	0.00779	0.01023	0.00656	0.00371	0.00411	0.00123	0.00498	0.00368	0.00206	0.00655
3	0.00582	0.00437	0.00557	0.00646	0.00698	0.02426	0.00482	0.00693	0.00859	0.01123	0.03332	0.57589	0.02601	0.01227	0.00539	0.00173	0.00296	0.25004	0.00381	0.00355
4	0.01117	0.00997	0.01130	0.06401	0.08483	0.06352	0.03716	0.13871	0.47490	0.01715	0.01361	0.03375	0.01050	0.00529	0.00422	0.00135	0.00415	0.00445	0.00365	0.00630
5	0.00559	0.00420	0.00517	0.00499	0.00604	0.00379	0.00372	0.00725	0.01098	0.01496	0.58481	0.07534	0.23943	0.00924	0.00492	0.00135	0.00202	0.00805	0.00435	0.00379
6	0.01008	0.00456	0.00511	0.00463	0.00608	0.00435	0.00359	0.01194	0.00939	0.19038	0.01416	0.01520	0.01057	0.00490	0.00318	0.00104	0.00228	0.00394	0.69008	0.00456
7	0.01864	0.00707	0.00964	0.00739	0.01060	0.00611	0.00611	0.02024	0.01189	0.83099	0.01639	0.01414	0.01028	0.00514	0.00418	0.00129	0.00353	0.00418	0.00514	0.00707
8	0.00514	0.00370	0.00489	0.00583	0.00610	0.00348	0.00390	0.00604	0.02094	0.01071	0.02280	0.83796	0.02724	0.01290	0.00528	0.00168	0.00242	0.01169	0.00386	0.00342
9	0.00829	0.00800	0.01255	0.54258	0.02220	0.01049	0.01065	0.01039	0.00760	0.01039	0.00668	0.01036	0.00551	0.00528	0.00758	0.00154	0.30980	0.00367	0.00184	0.00459
10	0.00612	0.00433	0.00559	0.00532	0.00638	0.00398	0.00405	0.00800	0.01147	0.03348	0.70626	0.03218	0.09885	0.00873	0.00493	0.00134	0.00210	0.04845	0.00449	0.00395
11	0.01051	0.00901	0.00949	0.00849	0.01087	0.01041	0.00662	0.04790	0.79449	0.01766	0.01668	0.01532	0.01250	0.00561	0.00422	0.00140	0.00333	0.00466	0.00422	0.00659
12	0.02037	0.09087	0.62488	0.01173	0.01725	0.01022	0.09643	0.02518	0.00911	0.04525	0.00778	0.00904	0.00559	0.00393	0.00393	0.00129	0.00592	0.00323	0.00197	0.00604
13	0.02327	0.00914	0.01420	0.16303	0.47901	0.00969	0.01092	0.02974	0.14895	0.05622	0.00976	0.01146	0.00762	0.00421	0.00412	0.00129	0.00465	0.00387	0.00260	0.00624
14	0.01864	0.00707	0.00964	0.00739	0.01060	0.00611	0.00611	0.02024	0.01189	0.83099	0.01639	0.01414	0.01028	0.00514	0.00418	0.00129	0.00353	0.00418	0.00514	0.00707
15	0.00784	0.00738	0.01246	0.84404	0.02861	0.00923	0.01154	0.01061	0.00831	0.01061	0.00738	0.01107	0.00554	0.00415	0.00415	0.00138	0.00554	0.00369	0.00185	0.00461
16	0.14125	0.01070	0.16629	0.00835	0.01199	0.05025	0.02534	0.01739	0.01055	0.49764	0.01247	0.01164	0.00815	0.00465	0.00389	0.00128	0.00426	0.00363	0.00390	0.00637
17	0.00791	0.00742	0.01238	0.82133	0.02812	0.00926	0.01140	0.01092	0.03038	0.01080	0.00764	0.01119	0.00573	0.00419	0.00415	0.00138	0.00548	0.00372	0.00191	0.00467
18	0.00500	0.00421	0.00433	0.00430	0.00567	0.00354	0.00323	0.00614	0.00968	0.01172	0.11468	0.03915	0.75351	0.01033	0.00491	0.00139	0.00209	0.00865	0.00392	0.00354
19	0.00524	0.00382	0.00489	0.00568	0.00605	0.00361	0.00381	0.00625	0.03005	0.01070	0.02358	0.72858	0.08303	0.05605	0.00606	0.00178	0.00250	0.01110	0.00380	0.00343
20	0.01221	0.02557	0.03526	0.02056	0.60092	0.00911	0.01115	0.01451	0.00999	0.20527	0.00978	0.01108	0.00739	0.00404	0.00410	0.00124	0.00463	0.00377	0.00277	0.00666
21	0.01759	0.00846	0.01003	0.00790	0.01088	0.09639	0.02173	0.03307	0.01170	0.67715	0.01465	0.01322	0.00948	0.00541	0.00465	0.03846	0.00405	0.00400	0.00460	0.00657
22	0.83827	0.00820	0.00706	0.00608	0.00874	0.00938	0.04623	0.01227	0.00721	0.01836	0.00592	0.00698	0.00459	0.00384	0.00269	0.00129	0.00341	0.00239	0.00255	0.00456
23	0.88336	0.00803	0.00611	0.00546	0.00803	0.00932	0.00450	0.01221	0.00707	0.01864	0.00578	0.00675	0.00450	0.00386	0.00257	0.00129	0.00321	0.00225	0.00257	0.00450
24	0.00898	0.01877	0.63712	0.01336	0.11140	0.00986	0.04237	0.04288	0.05119	0.01390	0.00811	0.00942	0.00590	0.00403	0.00402	0.00131	0.00583	0.00332	0.00202	0.00623
25	0.00524	0.00416	0.00464	0.00464	0.00575	0.00363	0.00339	0.00645	0.00977	0.01246	0.24874	0.10862	0.50318	0.05374	0.00578	0.00154	0.00219	0.00856	0.00398	0.00355
26	0.00516	0.00403	0.00477	0.00515	0.00604	0.00364	0.00374	0.00620	0.00884	0.01122	0.07253	0.34128	0.40065	0.01271	0.05854	0.00186	0.00286	0.04348	0.00379	0.00350
27	0.01054	0.00898	0.00948	0.00847	0.01084	0.01036	0.00660	0.06272	0.76727	0.01773	0.01664	0.02753	0.01261	0.00571	0.00424	0.00140	0.00334	0.00475	0.00422	0.00655
28	0.00604	0.00403	0.00453	0.00453	0.00453	0.00403	0.00252	0.00604	0.00604	0.00805	0.01309	0.02718	0.01510	0.85402	0.02114	0.00403	0.00403	0.00604	0.00252	0.00252
29	0.01111	0.85652	0.02177	0.00711	0.01066	0.01644	0.00711	0.01244	0.00844	0.00977	0.00577	0.00666	0.00533	0.00355	0.00267	0.00089	0.00444	0.00222	0.00178	0.00533
30	0.00970	0.01190	0.07893	0.01713	0.02146	0.01045	0.75930	0.01330	0.00973	0.01330	0.00834	0.01104	0.00623	0.00353	0.00484	0.00139	0.00694	0.00478	0.00208	0.00564
31	0.00506	0.00361	0.00482	0.00578	0.00602	0.00337	0.00386	0.00578	0.00795	0.01060	0.02289	0.85131	0.02747	0.01301	0.00530	0.00169	0.00241	0.01181	0.00386	0.00337
32	0.01864	0.00707	0.00964	0.00739	0.01060	0.00611	0.00611	0.02024	0.01189	0.83099	0.01639	0.01414	0.01028	0.00514	0.00418	0.00129	0.00353	0.00418	0.00514	0.00707
33	0.00553	0.00402	0.00556	0.07971	0.00808	0.00394	0.00456	0.00645	0.00808	0.02433	0.02180	0.74702	0.04119	0.01205	0.00517	0.00165	0.00270	0.01090	0.00370	0.00355
34	0.00771	0.00703	0.01152	0.50883	0.16005	0.00806	0.01007	0.01005	0.00865	0.01137	0.03006	0.11687	0.04014	0.00587	0.00441	0.00142	0.00476	0.04607	0.00237	0.00470
35	0.01719	0.00813	0.01008	0.00779	0.01090	0.00783	0.00641	0.22695	0.02751	0.56497	0.01458	0.01314	0.00950	0.00509	0.00411	0.00126	0.00372	0.00406	0.04988	0.00689
36	0.00861	0.00738	0.00861	0.00615	0.00984	0.00554	0.00492	0.01046	0.00861	0.01354	0.00738	0.00861	0.00615	0.00308	0.00308	0.00062	0.00308	0.00246	0.00246	0.87941
37	0.01005	0.00869	0.00941	0.00891	0.04044	0.00995	0.00665	0.02088	0.74827	0.01689	0.01722	0.04537	0.02686	0.00591	0.00427	0.00141	0.00330	0.00498	0.00413	0.00641
38	0.88336	0.00803	0.00611	0.00546	0.00803	0.00932	0.00450	0.01221	0.00707	0.01864	0.00578	0.00675	0.00450	0.00386	0.00257	0.00129	0.00321	0.00225	0.00257	0.00450
39	0.01047	0.00976	0.02877	0.22360	0.49000	0.04026	0.01162	0.05249	0.03262	0.04823	0.00838	0.01064	0.00661	0.00402	0.00411	0.00127	0.00507	0.00370	0.00230	0.00607
40	0.06118	0.01302	0.01402	0.12666	0.36766	0.30569	0.02759	0.01382	0.01001	0.01224	0.00716	0.00921	0.00588	0.00397	0.00392	0.00120	0.00588	0.00328	0.00209	0.00555
41	0.01023	0.00872	0.00917	0.00827	0.01056	0.01007	0.00643	0.02157	0.78757	0.01730	0.01677	0.01550	0.01260	0.00560	0.00417	0.00139	0.00323	0.00466	0.03974	0.00646
42	0.00574	0.00417	0.00543	0.00528	0.00618	0.00386	0.00390	0.00751	0.01112	0.01559	0.68447	0.13221	0.06625	0.00950	0.01887	0.00145	0.00217	0.00804	0.00442	0.00383
43	0.00511	0.00365	0.00487	0.00583	0.00609	0.00341	0.00393	0.00586	0.00800	0.01065	0.02287	0.82944	0.02738	0.01297	0.00531	0.00169	0.00245	0.03324	0.00385	0.00339
44	0.00594	0.00432	0.00575	0.00637	0.00719	0.00413	0.00508	0.00746	0.00954	0.01262	0.17451	0.25620	0.10449	0.01123	0.00539	0.00169	0.00294	0.36749	0.00398	0.00369
45	0.00980	0.01120	0.02451	0.01751	0.02171	0.01050	0.81303	0.01331	0.00980	0.01331	0.00840	0.01120	0.00630	0.00350	0.00490	0.00140	0.00700	0.00490	0.00210	0.00560
46	0.88336	0.00803	0.00611	0.00546	0.00803	0.00932	0.00450	0.01221	0.00707	0.01864	0.00578	0.00675	0.00450	0.00386	0.00257	0.00129	0.00321	0.00225	0.00257	0.00450
47	0.00913	0.00846	0.03201	0.39797	0.24961	0.00871	0.03783	0.01169	0.00888	0.04311	0.00799	0.01064	0.00621	0.00389	0.00398	0.00122	0.00493	0.00356	0.01750	0.13268
48	0.00784	0.00738	0.01246	0.84404	0.02861	0.00923	0.01154	0.01061	0.00831	0.01061	0.00738	0.01107	0.00554	0.00415	0.00415	0.00138	0.00554	0.00369	0.00185	0.00461
49	0.01347	0.01567	0.01200	0.01247	0.13909	0.51202	0.00841	0.01729	0.20379	0.01241	0.00913	0.00983	0.00728	0.00451	0.00392	0.00118	0.00609	0.00332	0.00262	0.00551
50	0.02941	0.00760	0.00979	0.00755	0.01074	0.02433	0.00622	0.06237	0.01223	0.76018	0.01570	0.01368	0.00993	0.00510	0.00415	0.00128	0.00367	0.00410	0.00499	0.00699
51	0.00784	0.00738	0.01246	0.84404	0.02861	0.00923	0.01154	0.01061	0.00831	0.01061	0.00738	0.01107	0.00554	0.00415	0.00415	0.00138	0.00554	0.00369	0.00185	0.00461
52	0.00853	0.01960	0.71518	0.01129	0.01686	0.00962	0.01404	0.01414	0.10827	0.01374	0.02494	0.01004	0.00685	0.00424	0.00400	0.00133	0.00571	0.00336	0.00211	0.00615
53	0.01807	0.00747	0.00984	0.00756	0.01074	0.00675	0.00624	0.10110	0.01267	0.73099	0.03339	0.01408	0.01058	0.00520	0.00419	0.00128	0.00361	0.00421	0.00503	0.00700
54	0.00709	0.00535	0.00597	0.00555	0.00659	0.05696	0.01325	0.00885	0.01071	0.02445	0.53979	0.02562	0.02896	0.06172	0.00566	0.00142	0.01872	0.00631	0.16308	0.00394
55	0.00956	0.00909	0.01524	0.26787	0.55604	0.00970	0.01213	0.01251	0.04349	0.01285	0.00807	0.01074	0.00653	0.00392	0.00413	0.00129	0.00504	0.00374	0.00209	0.00600
56	0.00909	0.00909	0.01272	0.01091	0.01091	0.01272	0.00909	0.01000	0.00636	0.01000	0.00545	0.00909	0.00545	0.00727	0.01363	0.00182	0.84642	0.00364	0.00182	0.00454
57	0.00604	0.00403	0.00453	0.00453	0.00453	0.00403	0.00252	0.00604	0.00604	0.00805	0.01309	0.02718	0.01510	0.85402	0.02114	0.00403	0.00403	0.00604	0.00252	0.00252
58	0.88336	0.00803	0.00611	0.00546	0.00803	0.00932	0.00450	0.01221	0.00707	0.01864	0.00578	0.00675	0.00450	0.00386	0.00257	0.00129	0.00321	0.00225	0.00257	0.00450
59	0.00845	0.00743	0.01021	0.08448	0.18179	0.00650	0.00701	0.01037	0.00868	0.01292	0.00940	0.11364	0.00883	0.00453	0.00366	0.00095	0.00360	0.00399	0.00249	0.51107
60	0.01864	0.00707	0.00964	0.00739	0.01060	0.00611	0.00611	0.02024	0.01189	0.83099	0.01639	0.01414	0.01028	0.00514	0.00418	0.00129	0.00353	0.00418	0.00514	0.00707
61	0.00861	0.00738	0.00861	0.00615	0.00984	0.00554	0.00492	0.01046	0.00861	0.01354	0.00738	0.00861	0.00615	0.00308	0.00308	0.00062	0.00308	0.00246	0.00246	0.87941
62	0.88336	0.00803	0.00611	0.00546	0.00803	0.00932	0.00450	0.01221	0.00707	0.01864	0.00578	0.00675	0.00450	0.00386	0.00257	0.00129	0.00321	0.00225	0.00257	0.00450
63	0.00974	0.00510	0.00679	0.00588	0.00754	0.00458	0.00458	0.01159	0.01180	0.26313	0.58090	0.02592	0.03044	0.00748	0.00468	0.00130	0.00244	0.00650	0.00474	0.00487
64	0.00861	0.00738	0.00861	0.00615	0.00984	0.00554	0.00492	0.01046	0.00861	0.01354	0.00738	0.00861	0.00615	0.00308	0.00308	0.00062	0.00308	0.00246	0.00246	0.87941
65	0.02741	0.00849	0.01249	0.29305	0.01684	0.01147	0.00982	0.01025	0.00704	0.01039	0.00611	0.00971	0.00546	0.00614	0.01018	0.00166	0.54345	0.00362	0.00184	0.00457
66	0.01524	0.01143	0.01249	0.00967	0.01272	0.01287	0.00799	0.74844	0.01845	0.02485	0.00960	0.00990	0.00693	0.00517	0.00493	0.00129	0.07347	0.00373	0.00396	0.00686
67	0.00968	0.00989	0.01238	0.01069	0.01104	0.07521	0.00880	0.01149	0.07341	0.01061	0.00646	0.00949	0.00604	0.00691	0.01211	0.00173	0.71364	0.00365	0.00204	0.00473
68	0.01073	0.00882	0.00945	0.00826	0.01079	0.00987	0.00647	0.05098	0.69132	0.05015	0.01584	0.01467	0.01184	0.00538	0.00413	0.00133	0.00333	0.00446	0.00412	0.07805
69	0.01012	0.00939	0.01539	0.22999	0.56038	0.00995	0.01205	0.07781	0.00999	0.01386	0.00788	0.01045	0.00636	0.00392	0.00413	0.00127	0.00506	0.00370	0.00217	0.00613
70	0.00832	0.00707	0.00830	0.00612	0.00953	0.00536	0.00483	0.01008	0.00856	0.01330	0.00865	0.07758	0.00790	0.00389	0.00326	0.00070	0.00302	0.00323	0.00258	0.80772
71	0.00583	0.00427	0.00612	0.00639	0.00699	0.00469	0.00482	0.00706	0.00712	0.00993	0.01458	0.19009	0.01538	0.09536	0.53071	0.00504	0.00815	0.07121	0.00271	0.00355
72	0.00661	0.00485	0.00601	0.00550	0.00671	0.00462	0.00418	0.07369	0.01221	0.01701	0.69785	0.03000	0.09812	0.00836	0.00484	0.00131	0.00218	0.00730	0.00448	0.00414
73	0.00783	0.00747	0.01313	0.64046	0.02508	0.00874	0.11174	0.01055	0.00876	0.01145	0.07507	0.04346	0.00919	0.00475	0.00435	0.00139	0.00531	0.00445	0.00217	0.00464
74	0.01484	0.01137	0.01319	0.01011	0.01343	0.01247	0.07368	0.68143	0.08676	0.02438	0.01043	0.01054	0.00748	0.00492	0.00422	0.00127	0.00466	0.00392	0.00399	0.00690
75	0.01008	0.00967	0.01650	0.09249	0.76268	0.00982	0.01265	0.01257	0.00936	0.01333	0.00778	0.01035	0.00649	0.00374	0.00412	0.00125	0.00498	0.00370	0.00204	0.00642
76	0.81155	0.00772	0.00606	0.00544	0.00788	0.00888	0.00445	0.01185	0.00745	0.01847	0.07290	0.00873	0.00734	0.00424	0.00276	0.00129	0.00311	0.00268	0.00273	0.00445
77	0.00791	0.00740	0.01202	0.66510	0.02462	0.00933	0.01081	0.01037	0.00815	0.01068	0.00832	0.01374	0.00703	0.00517	0.00554	0.00148	0.11692	0.06887	0.00200	0.00454
78	0.01047	0.01155	0.12467	0.02238	0.65395	0.01009	0.01270	0.07840	0.01019	0.01455	0.00794	0.01005	0.00644	0.00384	0.00409	0.00125	0.00506	0.00362	0.00219	0.00656
79	0.00741	0.00490	0.00655	0.07751	0.03093	0.00504	0.01951	0.00805	0.00694	0.07603	0.01245	0.02294	0.01304	0.59447	0.09425	0.00370	0.00487	0.00545	0.00263	0.00335
80	0.00939	0.01818	0.65568	0.01079	0.01606	0.00877	0.01321	0.02566	0.00923	0.10908	0.00980	0.07837	0.00770	0.00484	0.00409	0.00134	0.00550	0.00392	0.00236	0.00604
81	0.00831	0.07708	0.01359	0.70746	0.09364	0.00987	0.01127	0.01094	0.00841	0.01079	0.00729	0.01065	0.00561	0.00407	0.00403	0.00133	0.00540	0.00357	0.00186	0.00484
82	0.01642	0.00714	0.00973	0.07570	0.01198	0.00629	0.00639	0.01816	0.01116	0.65544	0.01446	0.01315	0.00935	0.00479	0.00403	0.00120	0.00364	0.00391	0.00452	0.12256
83	0.00945	0.00776	0.01223	0.68689	0.02543	0.00936	0.01073	0.08269	0.00956	0.07912	0.00832	0.01119	0.00606	0.00436	0.00432	0.00137	0.02006	0.00373	0.00232	0.00503

[dist]
# distance from previous block
# <min> <max>
5	16

# created by:
# /st0/software/busco_prod/Augustus/scripts/msa2prfl.pl ./align_prep/125117.fa
