[name]
unknown

[dist]
# distance from previous block
# <min> <max>
0	25

[block]
# block no. 0 follows, 50 sequences, length 34
# corresponding to MSA columns:
# 40-73
name=unknown_A
#
# <colnr> <probs for GDERKNQSTAVLIFYWHMCP>
#	G	D	E	R	K	N	Q	S	T	A	V	L	I	F	Y	W	H	M	C	P
0	0.02676	0.32466	0.26407	0.03148	0.01574	0.03253	0.01154	0.03095	0.07425	0.01465	0.01104	0.01544	0.00966	0.00610	0.00478	0.02385	0.00584	0.08743	0.00273	0.00650
1	0.06686	0.10324	0.02945	0.01010	0.01310	0.18451	0.00823	0.20353	0.11223	0.06325	0.04027	0.05302	0.01192	0.03491	0.00578	0.02334	0.00560	0.02012	0.00390	0.00660
2	0.00758	0.02673	0.00659	0.00614	0.00757	0.00494	0.00456	0.00899	0.01153	0.06921	0.18484	0.21499	0.36625	0.03863	0.00651	0.00182	0.00287	0.02088	0.00478	0.00459
3	0.01176	0.00991	0.01387	0.03659	0.25895	0.01045	0.02544	0.06437	0.23205	0.04169	0.01487	0.06133	0.02084	0.01010	0.09886	0.02251	0.00585	0.00548	0.00366	0.05141
4	0.31673	0.04056	0.03267	0.02798	0.05271	0.20596	0.00812	0.07422	0.04070	0.07972	0.01009	0.04196	0.00815	0.00544	0.00413	0.00146	0.00554	0.00386	0.00336	0.03663
5	0.03434	0.00515	0.00544	0.00546	0.00680	0.00460	0.00395	0.00769	0.01081	0.01379	0.11234	0.08398	0.52220	0.13501	0.00879	0.00217	0.00296	0.02598	0.00442	0.00411
6	0.08979	0.00848	0.00906	0.00788	0.01026	0.00884	0.00613	0.21625	0.08205	0.07374	0.06445	0.10938	0.19524	0.05743	0.00638	0.00181	0.00384	0.00729	0.03567	0.00603
7	0.00929	0.00781	0.00984	0.12974	0.05246	0.04765	0.00760	0.05036	0.05473	0.01544	0.12473	0.16409	0.03982	0.03743	0.13003	0.00274	0.03999	0.00722	0.06381	0.00522
8	0.09724	0.00956	0.01155	0.00910	0.01280	0.00930	0.00745	0.12030	0.10447	0.51692	0.01730	0.01553	0.01141	0.00601	0.00481	0.00153	0.00432	0.00475	0.00552	0.03012
9	0.00747	0.00530	0.00650	0.00668	0.00782	0.00496	0.00504	0.00924	0.02707	0.04053	0.20608	0.14747	0.21956	0.12498	0.00880	0.00226	0.00335	0.15783	0.00465	0.00443
10	0.00828	0.00552	0.00651	0.00645	0.00743	0.00554	0.00455	0.03961	0.04932	0.03301	0.07622	0.18756	0.10387	0.19949	0.08291	0.02942	0.00435	0.00820	0.13736	0.00442
11	0.00990	0.00963	0.04566	0.33686	0.19582	0.01025	0.05138	0.01266	0.00993	0.01379	0.01040	0.04175	0.00887	0.00940	0.09345	0.03254	0.05254	0.00492	0.04439	0.00586
12	0.86003	0.00964	0.00733	0.00655	0.00964	0.01118	0.00540	0.01465	0.00848	0.02236	0.00694	0.00810	0.00540	0.00463	0.00308	0.00154	0.00386	0.00270	0.00308	0.00540
13	0.00699	0.00499	0.00586	0.00603	0.00664	0.00480	0.00397	0.00830	0.03682	0.01322	0.15177	0.22318	0.12795	0.34068	0.01378	0.00301	0.00356	0.00951	0.02503	0.00391
14	0.03003	0.00543	0.00693	0.05278	0.00920	0.00545	0.00547	0.00953	0.02174	0.02414	0.17120	0.11256	0.16232	0.01405	0.09214	0.08059	0.00435	0.08400	0.10368	0.00442
15	0.01333	0.82783	0.02612	0.00853	0.01279	0.01972	0.00853	0.01493	0.01013	0.01173	0.00693	0.00800	0.00640	0.00426	0.00320	0.00107	0.00533	0.00267	0.00213	0.00640
16	0.01895	0.01396	0.01496	0.01147	0.01546	0.01546	0.00947	0.77711	0.02344	0.03141	0.01197	0.01197	0.00848	0.00598	0.00499	0.00150	0.00548	0.00449	0.00499	0.00848
17	0.00624	0.00461	0.00559	0.00623	0.00688	0.00421	0.00421	0.00711	0.00986	0.01275	0.05862	0.48397	0.23082	0.11226	0.00870	0.01446	0.00303	0.01205	0.00443	0.00396
18	0.01116	0.01072	0.01848	0.33850	0.46702	0.01157	0.04193	0.01431	0.01082	0.01487	0.00920	0.01275	0.00739	0.00465	0.00499	0.00156	0.00630	0.00449	0.00237	0.00692
19	0.82715	0.01019	0.00759	0.00680	0.00987	0.04220	0.00556	0.01486	0.00870	0.02197	0.00697	0.00813	0.00544	0.00465	0.00314	0.00153	0.00406	0.00272	0.00306	0.00541
20	0.06880	0.00695	0.00816	0.00751	0.00965	0.00681	0.00595	0.01504	0.11789	0.19188	0.11706	0.06738	0.16868	0.03832	0.00614	0.00182	0.00355	0.11236	0.04023	0.00583
21	0.03554	0.00778	0.00928	0.00956	0.06844	0.00812	0.00671	0.03620	0.24149	0.06360	0.12510	0.11083	0.14637	0.04213	0.03456	0.00204	0.00399	0.03759	0.00463	0.00601
22	0.00917	0.00598	0.00747	0.00696	0.00849	0.00572	0.00522	0.01241	0.09591	0.10590	0.45931	0.12768	0.08102	0.03827	0.00643	0.00175	0.00290	0.00885	0.00528	0.00530
23	0.00621	0.00465	0.00577	0.00637	0.00715	0.00421	0.00444	0.00745	0.01082	0.01425	0.17457	0.49477	0.21335	0.01391	0.00616	0.00186	0.00271	0.01236	0.00479	0.00421
24	0.00708	0.00475	0.00560	0.00577	0.00589	0.00468	0.00343	0.00730	0.00800	0.01074	0.06136	0.16594	0.02199	0.61756	0.02087	0.02960	0.00435	0.00843	0.00341	0.00326
25	0.00888	0.00715	0.01017	0.03763	0.01134	0.00837	0.02994	0.06834	0.05760	0.01428	0.05353	0.01872	0.01328	0.02710	0.53347	0.00588	0.08069	0.00539	0.00308	0.00517
26	0.00689	0.00536	0.00751	0.00787	0.00895	0.00501	0.04572	0.00845	0.01071	0.01389	0.05771	0.38964	0.18442	0.01373	0.00637	0.00199	0.00354	0.21331	0.00454	0.00439
27	0.01357	0.76816	0.02556	0.00902	0.01322	0.06065	0.02515	0.01521	0.01037	0.01184	0.00704	0.00817	0.00642	0.00431	0.00332	0.00109	0.00559	0.00276	0.00216	0.00637
28	0.01309	0.01167	0.04129	0.15337	0.54093	0.02996	0.01411	0.01603	0.01150	0.10465	0.01041	0.01289	0.00812	0.00475	0.00494	0.00151	0.00596	0.00445	0.00284	0.00752
29	0.01129	0.01995	0.42826	0.11153	0.02211	0.07555	0.11647	0.04471	0.01111	0.01536	0.00886	0.01122	0.00664	0.00519	0.00611	0.00164	0.09078	0.00413	0.00233	0.00678
30	0.00777	0.00571	0.00636	0.00625	0.00796	0.00513	0.00483	0.04877	0.01205	0.05885	0.06013	0.12487	0.53175	0.01228	0.00594	0.00176	0.00302	0.08711	0.00475	0.00471
31	0.01703	0.02016	0.01570	0.01609	0.15048	0.57234	0.03801	0.01872	0.01324	0.04011	0.00843	0.01010	0.00693	0.00520	0.00523	0.00139	0.04831	0.00364	0.00265	0.00626
32	0.01067	0.05423	0.45086	0.12669	0.21019	0.01195	0.03591	0.01522	0.01066	0.01532	0.00898	0.01130	0.00678	0.00466	0.00478	0.00155	0.00686	0.00398	0.00222	0.00719
33	0.01048	0.00983	0.01649	0.33954	0.31561	0.01063	0.05626	0.03362	0.01124	0.01518	0.05313	0.03826	0.05676	0.00578	0.00515	0.00160	0.00587	0.00539	0.00278	0.00641

[dist]
# distance from previous block
# <min> <max>
1	71

[block]
# block no. 1 follows, 50 sequences, length 46
# corresponding to MSA columns:
# 145-190
name=unknown_B
#
# <colnr> <probs for GDERKNQSTAVLIFYWHMCP>
#	G	D	E	R	K	N	Q	S	T	A	V	L	I	F	Y	W	H	M	C	P
0	0.05124	0.06912	0.12242	0.15773	0.31257	0.01129	0.02868	0.02550	0.02639	0.01573	0.03463	0.05202	0.03328	0.00556	0.00482	0.00152	0.00568	0.00492	0.00274	0.03415
1	0.02403	0.00999	0.03308	0.05909	0.05345	0.04262	0.13788	0.03826	0.03741	0.07581	0.06276	0.13476	0.05935	0.01942	0.01533	0.00173	0.08244	0.00661	0.01157	0.09440
2	0.02481	0.02654	0.01291	0.03022	0.06726	0.04301	0.06071	0.17130	0.09578	0.01906	0.08637	0.12374	0.02694	0.02604	0.02102	0.00171	0.03182	0.00625	0.00394	0.12055
3	0.05988	0.01250	0.01573	0.04634	0.38408	0.11192	0.01151	0.07757	0.05781	0.01737	0.04143	0.01430	0.04167	0.00547	0.00516	0.00147	0.03181	0.00460	0.00309	0.05630
4	0.02316	0.03874	0.02555	0.08899	0.17021	0.06743	0.15675	0.04576	0.02796	0.04001	0.05130	0.02412	0.02850	0.00528	0.00522	0.00142	0.03009	0.00481	0.00304	0.16167
5	0.01071	0.01266	0.13065	0.02812	0.17055	0.02174	0.17617	0.03881	0.01114	0.01572	0.05639	0.06519	0.02936	0.05087	0.00729	0.00176	0.07817	0.00563	0.00291	0.08617
6	0.01051	0.06087	0.20427	0.18614	0.12782	0.01136	0.14463	0.01411	0.01054	0.01479	0.01013	0.05675	0.00850	0.00530	0.00530	0.00154	0.03330	0.00483	0.01711	0.07219
7	0.03592	0.05627	0.64671	0.01495	0.04969	0.01200	0.08483	0.01571	0.01059	0.01585	0.00892	0.01067	0.00646	0.00465	0.00473	0.00156	0.00722	0.00384	0.00219	0.00723
8	0.06060	0.01231	0.01510	0.07117	0.11293	0.01302	0.04088	0.44095	0.01772	0.02480	0.01061	0.01172	0.00791	0.00523	0.00472	0.00140	0.00538	0.00421	0.00397	0.13536
9	0.01287	0.01153	0.01838	0.05103	0.53311	0.03070	0.05722	0.04157	0.06127	0.06161	0.01186	0.01590	0.00991	0.00538	0.00512	0.00156	0.00584	0.05454	0.00307	0.00753
10	0.00673	0.00507	0.00625	0.00611	0.00736	0.00458	0.00460	0.00871	0.01302	0.01766	0.52305	0.08586	0.23966	0.01128	0.00595	0.00165	0.00252	0.04022	0.00518	0.00453
11	0.03022	0.00556	0.00729	0.00770	0.00883	0.00528	0.00572	0.02912	0.01089	0.13401	0.02522	0.53560	0.02784	0.01337	0.00612	0.00197	0.00346	0.13200	0.00483	0.00496
12	0.01207	0.01145	0.03279	0.06550	0.39591	0.01184	0.06136	0.04327	0.20890	0.01738	0.01265	0.01531	0.01024	0.00582	0.00579	0.02290	0.02943	0.02675	0.00324	0.00739
13	0.00964	0.00914	0.01571	0.64614	0.10896	0.01083	0.05337	0.01283	0.01018	0.01326	0.01004	0.05963	0.00833	0.00550	0.00510	0.00166	0.00645	0.00507	0.00239	0.00575
14	0.00922	0.00752	0.00836	0.00776	0.00966	0.00798	0.00590	0.01635	0.34709	0.01870	0.28702	0.03088	0.14680	0.05424	0.00663	0.00183	0.00324	0.01989	0.00502	0.00591
15	0.00642	0.00475	0.00571	0.00630	0.00701	0.00439	0.00437	0.00737	0.00985	0.01265	0.04397	0.38423	0.24040	0.16654	0.00984	0.00247	0.00328	0.07216	0.00434	0.00395
16	0.01193	0.01359	0.04939	0.02181	0.16851	0.03796	0.54438	0.01571	0.01159	0.01575	0.01012	0.01394	0.00802	0.00466	0.00597	0.00166	0.03247	0.02317	0.00254	0.00684
17	0.01016	0.00565	0.00584	0.00553	0.00695	0.00580	0.00421	0.09524	0.01182	0.01965	0.01643	0.06398	0.01346	0.00639	0.00381	0.00125	0.00270	0.00518	0.71091	0.00503
18	0.05886	0.00574	0.00582	0.00556	0.00706	0.00595	0.00433	0.07288	0.01144	0.01961	0.01596	0.01962	0.01292	0.00621	0.00378	0.00128	0.00279	0.04796	0.68723	0.00499
19	0.13593	0.00702	0.00832	0.00746	0.00975	0.00675	0.00584	0.01522	0.05078	0.26930	0.15250	0.16511	0.09777	0.00924	0.00528	0.00168	0.00346	0.03750	0.00507	0.00602
20	0.00621	0.00439	0.00574	0.00677	0.00703	0.00414	0.00445	0.00698	0.00928	0.01238	0.02615	0.73258	0.03129	0.10690	0.00851	0.00234	0.00311	0.01339	0.00445	0.00393
21	0.01862	0.02376	0.01413	0.01284	0.01541	0.80482	0.00963	0.01990	0.01413	0.01220	0.00770	0.00899	0.00642	0.00514	0.00449	0.00128	0.00899	0.00321	0.00257	0.00578
22	0.71062	0.00892	0.00717	0.00645	0.00921	0.01011	0.00516	0.01390	0.00872	0.04581	0.01053	0.01275	0.05027	0.07730	0.00526	0.00184	0.00388	0.00361	0.00326	0.00522
23	0.66934	0.00923	0.00771	0.00685	0.00967	0.01047	0.00554	0.05805	0.00960	0.04772	0.00917	0.01218	0.00767	0.06523	0.00502	0.00179	0.00401	0.02604	0.02925	0.00546
24	0.00666	0.00497	0.00573	0.00567	0.00686	0.00447	0.00411	0.00824	0.01180	0.01577	0.32143	0.10239	0.33285	0.09111	0.00770	0.00195	0.00270	0.00960	0.05173	0.00429
25	0.00854	0.00564	0.00628	0.00605	0.00661	0.00581	0.00379	0.01048	0.10106	0.03794	0.01643	0.02926	0.01714	0.63189	0.02045	0.00404	0.00450	0.00677	0.07341	0.00392
26	0.00779	0.00449	0.00628	0.00672	0.00694	0.00441	0.00462	0.00720	0.00802	0.01085	0.01641	0.25748	0.01822	0.06248	0.01424	0.44811	0.00387	0.07111	0.03769	0.00307
27	0.00936	0.00534	0.00702	0.00729	0.00846	0.00492	0.00540	0.01074	0.01091	0.14935	0.06253	0.44464	0.07019	0.03459	0.00653	0.00197	0.00333	0.10917	0.04334	0.00493
28	0.08748	0.01309	0.01376	0.01069	0.01445	0.01451	0.00881	0.67213	0.02149	0.02996	0.01179	0.01202	0.00846	0.00586	0.00475	0.00148	0.00518	0.00435	0.05175	0.00801
29	0.00618	0.00507	0.00548	0.00565	0.00716	0.00438	0.00431	0.00758	0.01141	0.01394	0.08917	0.09783	0.62462	0.01279	0.00602	0.00176	0.00274	0.08495	0.00467	0.00426
30	0.00686	0.00498	0.00607	0.00657	0.00749	0.00461	0.00467	0.00840	0.03375	0.03296	0.08886	0.42840	0.23262	0.05921	0.00722	0.00205	0.00302	0.05325	0.00465	0.00434
31	0.00652	0.00478	0.00562	0.00597	0.00677	0.00439	0.00410	0.00758	0.01022	0.01340	0.12039	0.29334	0.25790	0.17979	0.00999	0.00243	0.00314	0.02938	0.03027	0.00399
32	0.00724	0.00485	0.00551	0.00548	0.00555	0.00482	0.00312	0.00737	0.00764	0.01026	0.06029	0.03288	0.01978	0.77799	0.02425	0.00464	0.00469	0.00735	0.00316	0.00312
33	0.01109	0.15564	0.60336	0.01343	0.01994	0.05854	0.04079	0.01589	0.01071	0.01493	0.00858	0.01012	0.00637	0.00466	0.00451	0.00148	0.00716	0.00356	0.00215	0.00710
34	0.01977	0.00633	0.00953	0.02629	0.01040	0.00704	0.06440	0.03289	0.00899	0.01328	0.01319	0.01928	0.01206	0.09135	0.51205	0.01744	0.02716	0.00534	0.09852	0.00468
35	0.35927	0.00743	0.00749	0.00696	0.00923	0.00774	0.00551	0.01347	0.01046	0.14262	0.07645	0.12633	0.08312	0.03547	0.00533	0.00178	0.00362	0.06794	0.02439	0.00540
36	0.00627	0.00457	0.00572	0.00643	0.00705	0.00420	0.00439	0.00734	0.01023	0.01356	0.11287	0.55070	0.16059	0.05852	0.00722	0.00206	0.00287	0.01246	0.01887	0.00410
37	0.00607	0.00434	0.00578	0.00694	0.00723	0.00405	0.00463	0.00694	0.00954	0.01272	0.02747	0.82157	0.03297	0.01562	0.00636	0.00202	0.00289	0.01417	0.00463	0.00405
38	0.01034	0.00886	0.01034	0.00738	0.01181	0.00664	0.00591	0.01255	0.01034	0.01624	0.00886	0.01034	0.00738	0.00369	0.00369	0.00074	0.00369	0.00295	0.00295	0.85530
39	0.08870	0.00831	0.00913	0.00802	0.01026	0.00867	0.00611	0.15342	0.13144	0.12966	0.03662	0.13147	0.10581	0.13992	0.00842	0.00217	0.00406	0.00713	0.00460	0.00606
40	0.00639	0.00471	0.00599	0.00653	0.00732	0.00431	0.00463	0.00778	0.01118	0.01495	0.24556	0.45450	0.15539	0.01356	0.00617	0.00185	0.00274	0.03729	0.00487	0.00428
41	0.04781	0.01320	0.01791	0.04921	0.46560	0.13427	0.05591	0.04110	0.01204	0.03532	0.01030	0.01433	0.00880	0.00529	0.00522	0.00153	0.02454	0.04773	0.00279	0.00711
42	0.00783	0.00611	0.00839	0.00897	0.05365	0.00674	0.00627	0.01027	0.07027	0.01260	0.01758	0.08794	0.06012	0.15513	0.41403	0.00544	0.02908	0.03167	0.00323	0.00468
43	0.00728	0.00499	0.00612	0.00656	0.00743	0.00465	0.00467	0.01837	0.01054	0.03991	0.09351	0.38147	0.17215	0.10743	0.00828	0.00221	0.00320	0.07285	0.04410	0.00429
44	0.00620	0.00466	0.00573	0.00641	0.00719	0.00423	0.00450	0.00733	0.01042	0.01350	0.09152	0.49511	0.24649	0.03351	0.00667	0.00197	0.00286	0.04290	0.00465	0.00414
45	0.01241	0.01061	0.03593	0.01116	0.05759	0.01935	0.03390	0.19713	0.28687	0.02086	0.08042	0.07656	0.03508	0.04567	0.00656	0.02097	0.00457	0.03300	0.00451	0.00687

[dist]
# distance from previous block
# <min> <max>
5	13

[block]
# block no. 2 follows, 50 sequences, length 53
# corresponding to MSA columns:
# 204-256
name=unknown_C
#
# <colnr> <probs for GDERKNQSTAVLIFYWHMCP>
#	G	D	E	R	K	N	Q	S	T	A	V	L	I	F	Y	W	H	M	C	P
0	0.01369	0.01460	0.07279	0.02242	0.05451	0.20991	0.04505	0.08540	0.07351	0.05500	0.01316	0.05770	0.02127	0.00742	0.00726	0.00171	0.15559	0.07934	0.00338	0.00631
1	0.01217	0.01032	0.01139	0.01091	0.04716	0.09843	0.03958	0.07036	0.24065	0.06726	0.04759	0.12647	0.02644	0.02434	0.03646	0.00203	0.00517	0.11252	0.00439	0.00635
2	0.00729	0.00544	0.00673	0.00646	0.00780	0.00511	0.00491	0.03990	0.01329	0.01811	0.49729	0.07866	0.19903	0.01218	0.04163	0.00193	0.00313	0.04133	0.00508	0.00470
3	0.00866	0.00433	0.00649	0.00649	0.00649	0.00433	0.00433	0.00649	0.00649	0.00866	0.00866	0.01515	0.00866	0.01732	0.01948	0.85498	0.00433	0.00433	0.00216	0.00216
4	0.17695	0.04722	0.12357	0.01007	0.01392	0.01272	0.00916	0.35467	0.04708	0.05189	0.01175	0.03891	0.00939	0.06411	0.00601	0.00176	0.00520	0.00453	0.00399	0.00709
5	0.00805	0.00447	0.00629	0.00638	0.00657	0.00441	0.00427	0.00674	0.00725	0.00957	0.01436	0.08126	0.07668	0.08550	0.04791	0.61468	0.00446	0.00588	0.00265	0.00264
6	0.00911	0.00672	0.00801	0.00798	0.00965	0.00685	0.00626	0.01399	0.20834	0.05850	0.13259	0.16704	0.14989	0.01121	0.00594	0.00186	0.00349	0.18213	0.00493	0.00550
7	0.01129	0.01342	0.10149	0.15047	0.20381	0.01223	0.35564	0.01504	0.01101	0.01527	0.00940	0.01272	0.00731	0.00470	0.00601	0.00165	0.05435	0.00500	0.00240	0.00679
8	0.01104	0.00896	0.01040	0.00817	0.01175	0.00789	0.00649	0.12617	0.04676	0.01809	0.01269	0.09837	0.01167	0.00720	0.03680	0.00139	0.00431	0.03594	0.00358	0.53234
9	0.00867	0.00602	0.00695	0.00657	0.00768	0.00599	0.00463	0.07762	0.04349	0.03422	0.19453	0.10710	0.10964	0.29675	0.01255	0.00276	0.00372	0.02219	0.04439	0.00455
10	0.00712	0.00511	0.00651	0.00722	0.00782	0.00496	0.00496	0.06548	0.01073	0.01437	0.05860	0.70582	0.03132	0.03602	0.00674	0.00204	0.00312	0.01303	0.00465	0.00439
11	0.01806	0.01444	0.01437	0.01140	0.01508	0.09131	0.00926	0.61715	0.09832	0.02821	0.01262	0.02475	0.00933	0.00613	0.00497	0.00150	0.00563	0.00463	0.00476	0.00809
12	0.00821	0.00503	0.00645	0.00659	0.00747	0.00469	0.00472	0.00893	0.01012	0.07250	0.11824	0.23683	0.14295	0.10926	0.01057	0.14653	0.00347	0.06906	0.02428	0.00411
13	0.00963	0.00817	0.00863	0.00808	0.01022	0.00884	0.00613	0.01803	0.44665	0.01740	0.03020	0.08864	0.26298	0.04584	0.00634	0.00185	0.00346	0.00790	0.00481	0.00622
14	0.00718	0.00486	0.00553	0.00553	0.00565	0.00487	0.00320	0.00732	0.00746	0.00991	0.01709	0.03269	0.05091	0.75495	0.05938	0.00484	0.00511	0.00730	0.00307	0.00313
15	0.30407	0.04686	0.03534	0.09442	0.05893	0.02657	0.17828	0.14114	0.01218	0.02004	0.00884	0.01083	0.00676	0.00491	0.00479	0.00157	0.03093	0.00405	0.00305	0.00645
16	0.01176	0.00847	0.00967	0.00892	0.01125	0.00903	0.00712	0.05557	0.34975	0.10659	0.05729	0.03047	0.10910	0.04278	0.00640	0.00191	0.00399	0.15840	0.00498	0.00655
17	0.07184	0.00580	0.00642	0.00645	0.00785	0.00567	0.00482	0.01012	0.07528	0.01594	0.18640	0.15437	0.27007	0.06869	0.00706	0.00196	0.00308	0.06656	0.02699	0.00464
18	0.00866	0.00433	0.00649	0.00649	0.00649	0.00433	0.00433	0.00649	0.00649	0.00866	0.00866	0.01515	0.00866	0.01732	0.01948	0.85498	0.00433	0.00433	0.00216	0.00216
19	0.00671	0.00502	0.00623	0.00605	0.00727	0.00454	0.00449	0.00870	0.01312	0.01794	0.56304	0.10316	0.21303	0.01118	0.00592	0.00163	0.00243	0.00977	0.00522	0.00454
20	0.07162	0.00513	0.00629	0.00690	0.00775	0.00496	0.00486	0.00878	0.02380	0.03887	0.11946	0.57725	0.06486	0.01351	0.00598	0.00190	0.00297	0.02597	0.00467	0.00445
21	0.01034	0.00886	0.01034	0.00738	0.01181	0.00664	0.00591	0.01255	0.01034	0.01624	0.00886	0.01034	0.00738	0.00369	0.00369	0.00074	0.00369	0.00295	0.00295	0.85530
22	0.00615	0.00456	0.00572	0.00660	0.00721	0.00417	0.00456	0.00714	0.00995	0.01290	0.03196	0.60789	0.19113	0.03458	0.00675	0.00203	0.00293	0.04510	0.00459	0.00408
23	0.00736	0.00484	0.00557	0.00573	0.00591	0.00481	0.00349	0.00775	0.00793	0.01090	0.01732	0.09343	0.01951	0.65009	0.02110	0.00418	0.00448	0.05460	0.06769	0.00332
24	0.00830	0.00502	0.00654	0.00692	0.00785	0.00458	0.00485	0.00943	0.01061	0.11491	0.09503	0.55326	0.09234	0.04697	0.00689	0.00201	0.00307	0.01195	0.00484	0.00465
25	0.00606	0.00439	0.00572	0.00679	0.00719	0.00406	0.00456	0.00696	0.00969	0.01278	0.02932	0.75963	0.09372	0.01538	0.00632	0.00200	0.00286	0.01388	0.00463	0.00406
26	0.01822	0.01325	0.01418	0.01095	0.01473	0.01464	0.00902	0.71904	0.02245	0.03044	0.01229	0.01247	0.00880	0.00597	0.00487	0.00147	0.00525	0.00450	0.06928	0.00819
27	0.01149	0.01098	0.01870	0.25674	0.57419	0.01162	0.01488	0.01456	0.01095	0.01526	0.00923	0.01261	0.00753	0.00460	0.00495	0.00153	0.00613	0.00444	0.00239	0.00721
28	0.00668	0.00500	0.00571	0.00571	0.00690	0.00445	0.00408	0.00800	0.01130	0.02841	0.22384	0.14180	0.39305	0.12256	0.00858	0.00212	0.00287	0.01008	0.00465	0.00422
29	0.00673	0.00503	0.00625	0.00606	0.00728	0.00455	0.00450	0.00873	0.01317	0.01803	0.57316	0.09906	0.20685	0.01113	0.00592	0.00163	0.00243	0.00973	0.00524	0.00455
30	0.01869	0.02179	0.01429	0.01256	0.01542	0.64599	0.00960	0.17226	0.01600	0.01607	0.00856	0.00959	0.00683	0.00531	0.00459	0.00133	0.00828	0.00347	0.00305	0.00632
31	0.01750	0.01303	0.01333	0.01068	0.01409	0.07440	0.00863	0.53909	0.05193	0.08422	0.01392	0.07410	0.01093	0.00669	0.00499	0.00152	0.00526	0.00522	0.04274	0.00774
32	0.00614	0.00440	0.00573	0.00677	0.00709	0.00411	0.00449	0.00697	0.00947	0.01255	0.02763	0.73840	0.06270	0.06868	0.00759	0.00220	0.00300	0.01357	0.00452	0.00399
33	0.00866	0.00433	0.00649	0.00649	0.00649	0.00433	0.00433	0.00649	0.00649	0.00866	0.00866	0.01515	0.00866	0.01732	0.01948	0.85498	0.00433	0.00433	0.00216	0.00216
34	0.00725	0.00483	0.00544	0.00544	0.00544	0.00483	0.00302	0.00725	0.00725	0.00966	0.01571	0.03262	0.01812	0.82483	0.02537	0.00483	0.00483	0.00725	0.00302	0.00302
35	0.01338	0.01298	0.02651	0.01906	0.02390	0.01229	0.63988	0.07455	0.01290	0.09607	0.01119	0.01369	0.00811	0.00454	0.00573	0.00165	0.00776	0.00569	0.00308	0.00703
36	0.01320	0.79713	0.05570	0.00875	0.01313	0.01941	0.00891	0.01496	0.01014	0.01188	0.00701	0.00809	0.00639	0.00428	0.00326	0.00109	0.00541	0.00270	0.00213	0.00643
37	0.00589	0.00505	0.00505	0.00505	0.00673	0.00421	0.00379	0.00715	0.01136	0.01347	0.05049	0.04797	0.79171	0.01262	0.00589	0.00168	0.00252	0.01052	0.00463	0.00421
38	0.06732	0.00854	0.01134	0.00874	0.01256	0.00753	0.00722	0.02377	0.01396	0.75560	0.01898	0.01649	0.01197	0.00609	0.00491	0.00154	0.00422	0.00489	0.00600	0.00832
39	0.01396	0.67503	0.02467	0.00978	0.01386	0.12586	0.04985	0.01566	0.01076	0.01202	0.00720	0.00842	0.00646	0.00438	0.00352	0.00113	0.00599	0.00291	0.00221	0.00633
40	0.01740	0.01338	0.06350	0.01198	0.04979	0.01357	0.00983	0.51154	0.06018	0.11765	0.01403	0.01395	0.03433	0.00622	0.00547	0.00155	0.03810	0.00475	0.00471	0.00809
41	0.02236	0.00848	0.01157	0.00887	0.01272	0.00733	0.00733	0.02429	0.01427	0.79719	0.01966	0.01697	0.01234	0.00617	0.00501	0.00154	0.00424	0.00501	0.00617	0.00848
42	0.00712	0.00533	0.00794	0.00794	0.00881	0.00619	0.00615	0.00886	0.00799	0.01152	0.01341	0.01993	0.01261	0.05817	0.78449	0.00793	0.01313	0.00539	0.00268	0.00441
43	0.01030	0.01044	0.04898	0.54912	0.25771	0.01132	0.01446	0.01362	0.01040	0.01391	0.00902	0.01289	0.00700	0.00481	0.00496	0.00160	0.00646	0.00440	0.00228	0.00631
44	0.00786	0.00645	0.00927	0.00857	0.00940	0.00750	0.03111	0.00939	0.00888	0.01263	0.10668	0.02343	0.06171	0.13467	0.39508	0.00523	0.14836	0.00619	0.00308	0.00452
45	0.01241	0.01052	0.01497	0.52126	0.05247	0.01243	0.01237	0.23642	0.04530	0.01863	0.01025	0.01309	0.00757	0.00533	0.00499	0.00161	0.00617	0.00450	0.00315	0.00657
46	0.01074	0.01067	0.01971	0.39900	0.22113	0.01151	0.20722	0.01417	0.01078	0.01457	0.00946	0.01321	0.00732	0.00467	0.00517	0.00161	0.00682	0.00481	0.02104	0.00641
47	0.77291	0.01084	0.06759	0.02859	0.01120	0.01121	0.00661	0.01469	0.00868	0.02161	0.00714	0.00842	0.00550	0.00464	0.00326	0.00155	0.00420	0.00282	0.00299	0.00555
48	0.01063	0.03604	0.01584	0.61381	0.12286	0.01168	0.01333	0.07110	0.01117	0.01463	0.00909	0.01284	0.00694	0.00494	0.00489	0.00159	0.00636	0.00434	0.00247	0.02544
49	0.01081	0.00919	0.01072	0.00775	0.01204	0.00735	0.00623	0.05357	0.01097	0.01694	0.00896	0.01044	0.00742	0.00395	0.00410	0.00082	0.02539	0.00307	0.00304	0.78724
50	0.01109	0.01140	0.01926	0.01497	0.01825	0.06849	0.39043	0.05031	0.06019	0.01608	0.04314	0.14821	0.03109	0.01861	0.00624	0.00179	0.01674	0.06426	0.00344	0.00603
51	0.00852	0.00652	0.00817	0.00809	0.00918	0.03903	0.04608	0.01061	0.06872	0.05525	0.02376	0.44406	0.05922	0.13053	0.02501	0.00245	0.00414	0.04171	0.00427	0.00468
52	0.00865	0.00685	0.00766	0.00775	0.00925	0.04149	0.00594	0.05128	0.04796	0.03074	0.02790	0.30004	0.17112	0.03364	0.00647	0.00192	0.00378	0.17319	0.00445	0.05990

[dist]
# distance from previous block
# <min> <max>
0	1

[block]
# block no. 3 follows, 50 sequences, length 28
# corresponding to MSA columns:
# 258-285
name=unknown_D
#
# <colnr> <probs for GDERKNQSTAVLIFYWHMCP>
#	G	D	E	R	K	N	Q	S	T	A	V	L	I	F	Y	W	H	M	C	P
0	0.01826	0.01575	0.01505	0.03676	0.05518	0.18006	0.00993	0.55764	0.02048	0.02608	0.01085	0.01140	0.00796	0.00570	0.00488	0.00146	0.00627	0.00422	0.00427	0.00780
1	0.00676	0.00504	0.00602	0.00606	0.00713	0.00463	0.00436	0.00836	0.02781	0.01521	0.29501	0.15851	0.27672	0.09306	0.00846	0.03711	0.00290	0.02793	0.00467	0.00424
2	0.11861	0.01303	0.01370	0.01070	0.01451	0.01443	0.00881	0.61132	0.06617	0.06121	0.01218	0.01210	0.00867	0.00588	0.00477	0.00151	0.00515	0.00436	0.00481	0.00808
3	0.01185	0.01128	0.01915	0.08787	0.69737	0.01143	0.01466	0.01481	0.01139	0.01621	0.04868	0.01366	0.00977	0.00477	0.00499	0.00150	0.00580	0.00467	0.00260	0.00756
4	0.00701	0.00526	0.00651	0.00703	0.00789	0.00513	0.00497	0.03819	0.05146	0.01441	0.08058	0.53625	0.13990	0.01526	0.05324	0.00226	0.00358	0.01195	0.00461	0.00451
5	0.00635	0.00497	0.00584	0.00591	0.00716	0.00445	0.00435	0.00792	0.01172	0.01525	0.27344	0.16816	0.39286	0.01382	0.05309	0.00208	0.00317	0.01034	0.00478	0.00435
6	0.02223	0.00870	0.01170	0.00897	0.01283	0.00764	0.00741	0.05352	0.01462	0.76745	0.01937	0.01677	0.01219	0.00616	0.00501	0.00154	0.00429	0.00499	0.00612	0.00848
7	0.01333	0.82783	0.02612	0.00853	0.01279	0.01972	0.00853	0.01493	0.01013	0.01173	0.00693	0.00800	0.00640	0.00426	0.00320	0.00107	0.00533	0.00267	0.00213	0.00640
8	0.01162	0.00908	0.00978	0.00877	0.01077	0.03590	0.00669	0.14923	0.25235	0.03525	0.10286	0.02544	0.01885	0.19515	0.04280	0.00265	0.00485	0.06744	0.00444	0.00606
9	0.00702	0.00531	0.00640	0.00694	0.00782	0.00513	0.00488	0.03171	0.06746	0.01422	0.05852	0.51925	0.16922	0.04489	0.00686	0.00202	0.00308	0.03014	0.00464	0.00449
10	0.00715	0.00485	0.00541	0.00541	0.00553	0.00479	0.00307	0.00724	0.00754	0.00993	0.01816	0.03370	0.07268	0.76755	0.02400	0.00461	0.00467	0.00748	0.00313	0.00310
11	0.06852	0.01429	0.01446	0.01126	0.01511	0.06234	0.00924	0.68694	0.02200	0.02973	0.01142	0.01156	0.00817	0.00585	0.00484	0.00149	0.00560	0.00431	0.00473	0.00813
12	0.00679	0.00514	0.00617	0.00650	0.00747	0.00484	0.00466	0.00876	0.05170	0.01462	0.18308	0.30536	0.22330	0.09182	0.00796	0.00212	0.00304	0.05766	0.00466	0.00435
13	0.00775	0.00498	0.00643	0.00682	0.00780	0.00453	0.00488	0.00907	0.01106	0.08475	0.16151	0.48455	0.13520	0.01337	0.00611	0.00187	0.00293	0.03687	0.00491	0.00460
14	0.00674	0.00508	0.00622	0.00594	0.00725	0.00457	0.00445	0.00879	0.01336	0.01821	0.58891	0.04016	0.25034	0.01085	0.00588	0.00160	0.00240	0.00943	0.00525	0.00457
15	0.01204	0.01436	0.09821	0.01989	0.02510	0.01229	0.67562	0.01629	0.01176	0.04808	0.01038	0.01333	0.00765	0.00433	0.00574	0.00167	0.00814	0.00565	0.00263	0.00685
16	0.03269	0.00780	0.00949	0.00801	0.01056	0.00754	0.00625	0.08541	0.09471	0.32382	0.08620	0.06356	0.11206	0.07002	0.00761	0.05217	0.00393	0.00658	0.00509	0.00651
17	0.00621	0.00442	0.00572	0.00671	0.00700	0.00415	0.00441	0.00698	0.00931	0.01237	0.02660	0.70619	0.04982	0.11437	0.00867	0.00236	0.00312	0.01323	0.00443	0.00393
18	0.00725	0.00483	0.00544	0.00544	0.00544	0.00483	0.00302	0.00725	0.00725	0.00966	0.01571	0.03262	0.01812	0.82483	0.02537	0.00483	0.00483	0.00725	0.00302	0.00302
19	0.00615	0.00440	0.00585	0.00689	0.00725	0.00410	0.00463	0.00713	0.00989	0.01327	0.08525	0.76223	0.03403	0.01521	0.00633	0.00199	0.00285	0.01378	0.00469	0.00410
20	0.19287	0.00609	0.00637	0.00613	0.00773	0.00602	0.00456	0.01006	0.01098	0.04781	0.23473	0.12891	0.21976	0.08834	0.00717	0.00196	0.00310	0.00833	0.00443	0.00464
21	0.01176	0.01345	0.02941	0.02101	0.02605	0.01261	0.77563	0.01597	0.01176	0.01597	0.01008	0.01345	0.00756	0.00420	0.00588	0.00168	0.00840	0.00588	0.00252	0.00672
22	0.19939	0.01137	0.01191	0.00957	0.01309	0.01241	0.00782	0.36028	0.12158	0.15500	0.01344	0.01309	0.00951	0.00582	0.00454	0.00153	0.00461	0.00435	0.03307	0.00761
23	0.00851	0.00629	0.00813	0.00849	0.00963	0.00668	0.00685	0.01197	0.12305	0.01527	0.08478	0.11616	0.02492	0.04559	0.04342	0.05271	0.03493	0.35289	0.03487	0.00485
24	0.00866	0.00541	0.00680	0.00695	0.00816	0.00497	0.00500	0.03794	0.01138	0.11312	0.09569	0.48172	0.16895	0.01306	0.00601	0.00184	0.00304	0.01155	0.00491	0.00486
25	0.00704	0.00515	0.00664	0.00642	0.00764	0.00475	0.00492	0.00929	0.01363	0.01895	0.65582	0.03990	0.11233	0.01073	0.00597	0.00164	0.00257	0.07664	0.00533	0.00465
26	0.01752	0.01617	0.06393	0.01317	0.07058	0.15879	0.01039	0.49813	0.06025	0.02531	0.01126	0.01171	0.00828	0.00568	0.00488	0.00147	0.00619	0.00426	0.00419	0.00784
27	0.00838	0.00684	0.01015	0.06548	0.14437	0.01787	0.00815	0.01027	0.00949	0.01298	0.01635	0.11343	0.01685	0.10091	0.30034	0.00441	0.00806	0.13753	0.00319	0.00497

[dist]
# distance from previous block
# <min> <max>
0	4

[block]
# block no. 4 follows, 50 sequences, length 60
# corresponding to MSA columns:
# 291-296,308-361
name=unknown_E
#
# <colnr> <probs for GDERKNQSTAVLIFYWHMCP>
#	G	D	E	R	K	N	Q	S	T	A	V	L	I	F	Y	W	H	M	C	P
0	0.00707	0.00548	0.00651	0.00654	0.00768	0.00524	0.00478	0.04646	0.01176	0.01542	0.20008	0.28900	0.30338	0.03014	0.00679	0.00184	0.03187	0.01076	0.00471	0.00450
1	0.03038	0.00898	0.01060	0.00848	0.01180	0.00854	0.00678	0.07629	0.12777	0.08814	0.03957	0.01450	0.01111	0.00966	0.11611	0.00212	0.03221	0.00425	0.00375	0.38897
2	0.04503	0.00641	0.00787	0.00708	0.00905	0.00596	0.00535	0.00995	0.00931	0.02993	0.01781	0.10944	0.09372	0.11501	0.24528	0.00371	0.00653	0.02099	0.00334	0.24822
3	0.00775	0.00518	0.00632	0.00637	0.00762	0.00465	0.00468	0.00918	0.01148	0.07892	0.20343	0.24697	0.27388	0.06245	0.00719	0.00196	0.00297	0.04958	0.00484	0.00457
4	0.71783	0.00960	0.00776	0.00682	0.00983	0.01101	0.00559	0.07999	0.00993	0.02283	0.00814	0.00929	0.00627	0.00484	0.00328	0.00151	0.00387	0.00301	0.07300	0.00560
5	0.02680	0.18441	0.15688	0.01206	0.08450	0.07087	0.02613	0.06863	0.03612	0.01523	0.03773	0.08216	0.01170	0.01186	0.15089	0.00265	0.00719	0.00503	0.00294	0.00623
6	0.02544	0.00605	0.00710	0.00679	0.00832	0.00576	0.00502	0.06307	0.03868	0.08223	0.19476	0.23634	0.23573	0.05327	0.00679	0.00188	0.00312	0.00976	0.00487	0.00502
7	0.00616	0.00440	0.00573	0.00676	0.00707	0.00412	0.00447	0.00697	0.00941	0.01250	0.02724	0.73186	0.05609	0.08208	0.00791	0.00224	0.00304	0.01348	0.00449	0.00397
8	0.05836	0.00876	0.01050	0.00864	0.01135	0.00910	0.02502	0.22804	0.01442	0.20941	0.01477	0.01635	0.01111	0.04026	0.13565	0.00263	0.00578	0.00483	0.17839	0.00664
9	0.00711	0.00561	0.00679	0.00725	0.00778	0.03180	0.01739	0.00798	0.00942	0.01226	0.02494	0.48197	0.08442	0.18698	0.01069	0.00259	0.03272	0.05418	0.00409	0.00402
10	0.00661	0.00502	0.00604	0.00611	0.00726	0.00456	0.00446	0.00842	0.02360	0.01609	0.35723	0.19265	0.27599	0.03943	0.00664	0.00182	0.00266	0.02605	0.00494	0.00441
11	0.01093	0.01099	0.01575	0.01336	0.01353	0.01518	0.03699	0.01213	0.00777	0.01213	0.00666	0.01099	0.00658	0.00857	0.01600	0.00216	0.78816	0.00441	0.00219	0.00550
12	0.00836	0.00672	0.00791	0.00868	0.00986	0.04744	0.00703	0.01121	0.07776	0.01467	0.02642	0.24060	0.06721	0.01312	0.00642	0.00209	0.00423	0.43095	0.00454	0.00478
13	0.01170	0.00668	0.00699	0.00618	0.00801	0.00695	0.00484	0.16891	0.01324	0.04709	0.01549	0.01717	0.01188	0.00586	0.00384	0.00124	0.00303	0.00463	0.65069	0.00556
14	0.00634	0.00453	0.00609	0.00724	0.00765	0.00428	0.00508	0.00740	0.00980	0.01302	0.02733	0.71877	0.03239	0.01537	0.00643	0.00206	0.00312	0.11437	0.00462	0.00412
15	0.00607	0.00434	0.00578	0.00694	0.00723	0.00405	0.00463	0.00694	0.00954	0.01272	0.02747	0.82157	0.03297	0.01562	0.00636	0.00202	0.00289	0.01417	0.00463	0.00405
16	0.00743	0.00547	0.00798	0.00791	0.00879	0.00640	0.00616	0.00923	0.00820	0.01216	0.01336	0.01921	0.01229	0.03383	0.71273	0.00725	0.03943	0.00525	0.07244	0.00450
17	0.01979	0.01261	0.01412	0.01083	0.01478	0.01345	0.00894	0.59094	0.02117	0.22078	0.01387	0.01320	0.00943	0.00603	0.00499	0.00151	0.00518	0.00462	0.00528	0.00848
18	0.00607	0.00434	0.00578	0.00694	0.00723	0.00405	0.00463	0.00694	0.00954	0.01272	0.02747	0.82157	0.03297	0.01562	0.00636	0.00202	0.00289	0.01417	0.00463	0.00405
19	0.00719	0.00532	0.00790	0.00790	0.00880	0.00618	0.00614	0.00899	0.00809	0.01181	0.01345	0.01955	0.01247	0.03632	0.77812	0.00778	0.01298	0.00532	0.03125	0.00446
20	0.01982	0.01110	0.01294	0.01002	0.01379	0.01139	0.00824	0.39489	0.04339	0.36250	0.01575	0.01462	0.01055	0.00608	0.00494	0.00151	0.00477	0.00476	0.04067	0.00830
21	0.00725	0.00483	0.00544	0.00544	0.00544	0.00483	0.00302	0.00725	0.00725	0.00966	0.01571	0.03262	0.01812	0.82483	0.02537	0.00483	0.00483	0.00725	0.00302	0.00302
22	0.01000	0.02578	0.79900	0.01421	0.02157	0.01158	0.01842	0.01579	0.01052	0.01579	0.00895	0.01052	0.00631	0.00474	0.00474	0.00158	0.00737	0.00368	0.00210	0.00737
23	0.00712	0.00534	0.00801	0.00801	0.00890	0.00623	0.00623	0.00890	0.00801	0.01157	0.01335	0.01958	0.01246	0.03738	0.80507	0.00801	0.01335	0.00534	0.00267	0.00445
24	0.01234	0.01184	0.02023	0.03059	0.79373	0.01184	0.01530	0.01530	0.01135	0.01628	0.00938	0.01234	0.00790	0.00444	0.00493	0.00148	0.00592	0.00444	0.00247	0.00790
25	0.00860	0.00446	0.00664	0.00675	0.00686	0.00446	0.00468	0.00686	0.00697	0.00925	0.01034	0.01905	0.01056	0.01698	0.01829	0.77410	0.00435	0.07602	0.00239	0.00239
26	0.04562	0.00514	0.00592	0.00589	0.00635	0.00533	0.00378	0.00819	0.00786	0.01139	0.01648	0.02881	0.05083	0.54869	0.16510	0.00487	0.00607	0.00666	0.06347	0.00356
27	0.01823	0.02385	0.04939	0.01290	0.01569	0.76918	0.01003	0.01972	0.01396	0.01236	0.00776	0.00906	0.00642	0.00512	0.00451	0.00130	0.00892	0.00323	0.00255	0.00585
28	0.00823	0.00614	0.00915	0.00980	0.01115	0.00610	0.04805	0.01062	0.01149	0.01497	0.02554	0.05399	0.02758	0.01327	0.00683	0.00226	0.00479	0.72086	0.00448	0.00470
29	0.86003	0.00964	0.00733	0.00655	0.00964	0.01118	0.00540	0.01465	0.00848	0.02236	0.00694	0.00810	0.00540	0.00463	0.00308	0.00154	0.00386	0.00270	0.00308	0.00540
30	0.00855	0.00445	0.00665	0.00671	0.00681	0.00450	0.00461	0.00681	0.00682	0.00912	0.00979	0.01745	0.00986	0.01818	0.05981	0.76795	0.00481	0.04239	0.00231	0.00241
31	0.01000	0.02578	0.79900	0.01421	0.02157	0.01158	0.01842	0.01579	0.01052	0.01579	0.00895	0.01052	0.00631	0.00474	0.00474	0.00158	0.00737	0.00368	0.00210	0.00737
32	0.00606	0.00439	0.00573	0.00679	0.00719	0.00406	0.00456	0.00696	0.00969	0.01278	0.02929	0.76043	0.09294	0.01538	0.00632	0.00200	0.00286	0.01388	0.00463	0.00406
33	0.01129	0.01155	0.01521	0.01307	0.01320	0.05497	0.01084	0.01239	0.00796	0.01201	0.00660	0.01081	0.00654	0.00854	0.01576	0.00214	0.77514	0.00430	0.00220	0.00547
34	0.01131	0.01059	0.01742	0.37483	0.38499	0.01183	0.01417	0.05233	0.01119	0.01529	0.00916	0.01268	0.00731	0.00494	0.00545	0.00159	0.04124	0.00443	0.00247	0.00678
35	0.00941	0.00886	0.01495	0.81285	0.03433	0.01107	0.01384	0.01274	0.00997	0.01274	0.00886	0.01329	0.00664	0.00498	0.00498	0.00166	0.00664	0.00443	0.00221	0.00554
36	0.00607	0.00434	0.00578	0.00694	0.00723	0.00405	0.00463	0.00694	0.00954	0.01272	0.02747	0.82157	0.03297	0.01562	0.00636	0.00202	0.00289	0.01417	0.00463	0.00405
37	0.01425	0.03104	0.03117	0.01053	0.01357	0.08948	0.00847	0.20680	0.40698	0.03668	0.01660	0.05748	0.01308	0.00778	0.03160	0.00181	0.00519	0.00543	0.00459	0.00748
38	0.00717	0.00496	0.00615	0.00621	0.00662	0.00516	0.00410	0.00790	0.00794	0.01097	0.01741	0.07011	0.05591	0.47634	0.24883	0.00529	0.00698	0.00710	0.04125	0.00362
39	0.00589	0.00505	0.00505	0.00505	0.00673	0.00421	0.00379	0.00715	0.01136	0.01347	0.05049	0.04797	0.79171	0.01262	0.00589	0.00168	0.00252	0.01052	0.00463	0.00421
40	0.01000	0.02578	0.79900	0.01421	0.02157	0.01158	0.01842	0.01579	0.01052	0.01579	0.00895	0.01052	0.00631	0.00474	0.00474	0.00158	0.00737	0.00368	0.00210	0.00737
41	0.08848	0.01343	0.02995	0.01041	0.01342	0.18925	0.03274	0.14949	0.17093	0.09747	0.01536	0.01683	0.04185	0.00707	0.02223	0.00167	0.00568	0.04000	0.04697	0.00677
42	0.01780	0.02222	0.01370	0.01244	0.01482	0.72911	0.00938	0.01913	0.01365	0.01251	0.00808	0.00956	0.00675	0.00533	0.00498	0.00132	0.04490	0.00333	0.04529	0.00571
43	0.00866	0.00433	0.00649	0.00649	0.00649	0.00433	0.00433	0.00649	0.00649	0.00866	0.00866	0.01515	0.00866	0.01732	0.01948	0.85498	0.00433	0.00433	0.00216	0.00216
44	0.01064	0.00904	0.01050	0.00753	0.01194	0.00696	0.00603	0.03988	0.01080	0.01678	0.00897	0.01039	0.00742	0.00377	0.00374	0.00077	0.00376	0.00301	0.00303	0.82503
45	0.00713	0.00532	0.00788	0.00788	0.00873	0.00616	0.00607	0.00882	0.00797	0.01148	0.01347	0.02023	0.01274	0.07678	0.76606	0.00785	0.01292	0.00544	0.00269	0.00438
46	0.00725	0.00483	0.00544	0.00544	0.00544	0.00483	0.00302	0.00725	0.00725	0.00966	0.01571	0.03262	0.01812	0.82483	0.02537	0.00483	0.00483	0.00725	0.00302	0.00302
47	0.00627	0.00480	0.00572	0.00611	0.00711	0.00429	0.00436	0.00760	0.01114	0.01445	0.18955	0.33840	0.32138	0.03098	0.00651	0.00187	0.00272	0.02773	0.00476	0.00423
48	0.86003	0.00964	0.00733	0.00655	0.00964	0.01118	0.00540	0.01465	0.00848	0.02236	0.00694	0.00810	0.00540	0.00463	0.00308	0.00154	0.00386	0.00270	0.00308	0.00540
49	0.00725	0.00483	0.00544	0.00544	0.00544	0.00483	0.00302	0.00725	0.00725	0.00966	0.01571	0.03262	0.01812	0.82483	0.02537	0.00483	0.00483	0.00725	0.00302	0.00302
50	0.86003	0.00964	0.00733	0.00655	0.00964	0.01118	0.00540	0.01465	0.00848	0.02236	0.00694	0.00810	0.00540	0.00463	0.00308	0.00154	0.00386	0.00270	0.00308	0.00540
51	0.00631	0.00454	0.00592	0.00688	0.00735	0.00425	0.00475	0.00732	0.00986	0.01306	0.05863	0.64293	0.08044	0.05726	0.00734	0.00215	0.00308	0.06928	0.00457	0.00407
52	0.01010	0.00866	0.01006	0.00726	0.01155	0.00652	0.00580	0.01227	0.01039	0.01610	0.01103	0.01230	0.04828	0.00416	0.00381	0.00079	0.00363	0.00335	0.00304	0.81092
53	0.00619	0.00442	0.00591	0.00707	0.00741	0.00415	0.00482	0.00714	0.00965	0.01285	0.02741	0.77723	0.03272	0.01551	0.00639	0.00204	0.00299	0.05740	0.00462	0.00408
54	0.01987	0.00901	0.01150	0.00911	0.01268	0.00850	0.00742	0.06768	0.13911	0.59255	0.05398	0.01785	0.01414	0.00643	0.00506	0.00156	0.00418	0.00526	0.00589	0.00822
55	0.00712	0.00504	0.00616	0.00608	0.00721	0.00457	0.00439	0.00872	0.01202	0.04113	0.38505	0.16650	0.22222	0.09187	0.00785	0.00199	0.00279	0.00992	0.00492	0.00443
56	0.00732	0.00497	0.00629	0.00689	0.00757	0.00470	0.00471	0.02188	0.02778	0.04911	0.05956	0.59489	0.08580	0.08409	0.00783	0.00218	0.00314	0.01231	0.00461	0.00437
57	0.01268	0.01064	0.01121	0.00995	0.01279	0.01220	0.00778	0.08719	0.67887	0.02147	0.02016	0.01872	0.03226	0.00680	0.00503	0.00166	0.00398	0.00562	0.03322	0.00775
58	0.01418	0.01539	0.10249	0.05404	0.03562	0.10355	0.38298	0.13971	0.01388	0.07283	0.01060	0.01261	0.00775	0.00483	0.00534	0.00158	0.00747	0.00497	0.00312	0.00705
59	0.00735	0.00497	0.00645	0.00714	0.00802	0.00462	0.00528	0.00866	0.01058	0.05442	0.06419	0.46623	0.13999	0.03238	0.00673	0.00205	0.00326	0.15856	0.00470	0.00441

[dist]
# distance from previous block
# <min> <max>
0	2

[block]
# block no. 5 follows, 50 sequences, length 28
# corresponding to MSA columns:
# 390-401,412-427
name=unknown_F
#
# <colnr> <probs for GDERKNQSTAVLIFYWHMCP>
#	G	D	E	R	K	N	Q	S	T	A	V	L	I	F	Y	W	H	M	C	P
0	0.01895	0.01396	0.01496	0.01147	0.01546	0.01546	0.00947	0.77711	0.02344	0.03141	0.01197	0.01197	0.00848	0.00598	0.00499	0.00150	0.00548	0.00449	0.00499	0.00848
1	0.00711	0.00506	0.00702	0.00708	0.00779	0.00546	0.00518	0.00813	0.00828	0.01142	0.03508	0.07586	0.08578	0.15267	0.46364	0.09155	0.00922	0.00666	0.00304	0.00396
2	0.00650	0.00501	0.00564	0.00555	0.00674	0.00447	0.00396	0.00787	0.01146	0.01483	0.27705	0.05948	0.40287	0.15582	0.00935	0.00221	0.00289	0.00955	0.00461	0.00415
3	0.00717	0.00564	0.00614	0.00603	0.00758	0.01951	0.00455	0.00908	0.03361	0.03841	0.22768	0.09912	0.46769	0.01179	0.00588	0.00169	0.00279	0.03618	0.00486	0.00459
4	0.01888	0.01606	0.01478	0.01176	0.01545	0.18455	0.00951	0.61491	0.02144	0.02730	0.01105	0.01133	0.00804	0.00580	0.00488	0.00145	0.00624	0.00421	0.00447	0.00790
5	0.74778	0.00997	0.00820	0.00710	0.01030	0.01139	0.00585	0.08321	0.01008	0.05748	0.00795	0.00884	0.00598	0.00482	0.00334	0.00154	0.00402	0.00296	0.00339	0.00581
6	0.00929	0.00465	0.00465	0.00465	0.00581	0.00465	0.00348	0.01161	0.01045	0.01858	0.01626	0.01858	0.01278	0.00581	0.00348	0.00116	0.00232	0.00465	0.85250	0.00465
7	0.00738	0.00517	0.00629	0.00606	0.00740	0.00462	0.00449	0.00915	0.01259	0.05599	0.42399	0.11627	0.27047	0.03974	0.00657	0.00176	0.00264	0.00972	0.00509	0.00462
8	0.00725	0.00483	0.00544	0.00544	0.00544	0.00483	0.00302	0.00725	0.00725	0.00966	0.01571	0.03262	0.01812	0.82483	0.02537	0.00483	0.00483	0.00725	0.00302	0.00302
9	0.01871	0.01309	0.01419	0.01093	0.01477	0.01432	0.00901	0.68324	0.02211	0.08711	0.01275	0.01267	0.00898	0.00599	0.00491	0.00148	0.00523	0.00453	0.04767	0.00828
10	0.00673	0.00548	0.00604	0.00609	0.00766	0.00498	0.00469	0.00908	0.06239	0.01498	0.14631	0.07394	0.52466	0.01215	0.00597	0.00175	0.00284	0.09494	0.00477	0.00455
11	0.00672	0.00478	0.00592	0.00661	0.00692	0.00467	0.00426	0.00790	0.04314	0.01212	0.02344	0.53668	0.02749	0.27096	0.01231	0.00290	0.00355	0.01160	0.00414	0.00389
12	0.00725	0.00483	0.00544	0.00544	0.00544	0.00483	0.00302	0.00725	0.00725	0.00966	0.01571	0.03262	0.01812	0.82483	0.02537	0.00483	0.00483	0.00725	0.00302	0.00302
13	0.01034	0.00886	0.01034	0.00738	0.01181	0.00664	0.00591	0.01255	0.01034	0.01624	0.00886	0.01034	0.00738	0.00369	0.00369	0.00074	0.00369	0.00295	0.00295	0.85530
14	0.00636	0.00452	0.00583	0.00658	0.00706	0.00421	0.00444	0.00725	0.00995	0.01326	0.11740	0.57897	0.09417	0.07447	0.00815	0.03350	0.00299	0.01240	0.00452	0.00399
