[name]
unknown

[dist]
# distance from previous block
# <min> <max>
3	138

[block]
# block no. 0 follows, 50 sequences, length 6
# corresponding to MSA columns:
# 165-170
name=unknown_A
#
# <colnr> <probs for GDERKNQSTAVLIFYWHMCP>
#	G	D	E	R	K	N	Q	S	T	A	V	L	I	F	Y	W	H	M	C	P
0	0.00842	0.00552	0.00670	0.00679	0.00798	0.00520	0.00486	0.03376	0.04275	0.08478	0.10435	0.38879	0.17730	0.06585	0.00717	0.00200	0.00312	0.01075	0.02914	0.00479
1	0.00798	0.00545	0.00669	0.00697	0.00797	0.00522	0.00495	0.03660	0.04495	0.05948	0.08315	0.44244	0.13696	0.09122	0.00792	0.00216	0.00326	0.03735	0.00465	0.00462
2	0.05157	0.00693	0.00820	0.00785	0.00946	0.00704	0.00594	0.10306	0.06972	0.09303	0.09850	0.27572	0.05016	0.09553	0.00778	0.00213	0.00378	0.09350	0.00469	0.00538
3	0.06747	0.00694	0.00829	0.00746	0.00952	0.00668	0.00566	0.04426	0.07490	0.19065	0.17197	0.20512	0.07860	0.05372	0.00647	0.00182	0.00345	0.00816	0.00492	0.04396
4	0.06685	0.00711	0.00909	0.00796	0.01021	0.00682	0.03919	0.03153	0.07011	0.21134	0.12624	0.10193	0.15468	0.00962	0.00622	0.05103	0.00369	0.04921	0.03136	0.00580
5	0.09794	0.00865	0.01013	0.00867	0.01103	0.02886	0.03976	0.15924	0.03566	0.12462	0.14718	0.08677	0.04694	0.06832	0.04259	0.00213	0.00465	0.03978	0.03109	0.00600

[dist]
# distance from previous block
# <min> <max>
10	28

[block]
# block no. 1 follows, 50 sequences, length 12
# corresponding to MSA columns:
# 205-216
name=unknown_B
#
# <colnr> <probs for GDERKNQSTAVLIFYWHMCP>
#	G	D	E	R	K	N	Q	S	T	A	V	L	I	F	Y	W	H	M	C	P
0	0.01329	0.10728	0.09712	0.04194	0.01597	0.13645	0.08284	0.11565	0.02651	0.03466	0.00960	0.01259	0.00807	0.05185	0.04741	0.00208	0.17110	0.00431	0.00286	0.01842
1	0.04012	0.00688	0.00819	0.00767	0.00908	0.04907	0.04757	0.00945	0.00970	0.01302	0.03683	0.16072	0.15401	0.18894	0.13702	0.00336	0.00571	0.04673	0.00359	0.06236
2	0.00784	0.00519	0.00681	0.00708	0.00802	0.00490	0.00515	0.00904	0.01021	0.05682	0.11543	0.34204	0.05625	0.10913	0.06282	0.03700	0.00413	0.10419	0.00432	0.04364
3	0.04641	0.01127	0.01163	0.06241	0.01403	0.09260	0.00801	0.17550	0.21056	0.11486	0.09397	0.06180	0.01543	0.00684	0.00499	0.00154	0.00476	0.00556	0.00457	0.05328
4	0.08420	0.39544	0.14098	0.03536	0.01513	0.10949	0.01015	0.08469	0.05519	0.01561	0.00860	0.00963	0.00699	0.00479	0.00390	0.00130	0.00593	0.00328	0.00268	0.00663
5	0.02740	0.10156	0.01221	0.04001	0.06322	0.13887	0.00768	0.04065	0.04433	0.10685	0.17055	0.11802	0.05107	0.00862	0.01868	0.00166	0.00492	0.03368	0.00410	0.00591
6	0.00648	0.00458	0.00578	0.00658	0.00691	0.00435	0.00435	0.00721	0.00914	0.01208	0.02545	0.53733	0.06519	0.22632	0.01132	0.00275	0.00347	0.05268	0.00421	0.00382
7	0.00647	0.00459	0.00604	0.00699	0.00739	0.00436	0.00484	0.00748	0.00973	0.01299	0.06352	0.61041	0.03154	0.10423	0.00849	0.00234	0.00327	0.09682	0.00449	0.00403
8	0.00994	0.01022	0.06619	0.60673	0.02962	0.01113	0.03413	0.04057	0.06767	0.01421	0.01010	0.01381	0.00767	0.00690	0.04921	0.00200	0.00687	0.00456	0.00255	0.00591
9	0.04318	0.20726	0.46200	0.01420	0.09710	0.06555	0.01477	0.01577	0.01068	0.01492	0.00837	0.00994	0.00647	0.00462	0.00433	0.00143	0.00673	0.00346	0.00221	0.00702
10	0.00655	0.00476	0.00612	0.00659	0.00735	0.00441	0.00469	0.00799	0.01124	0.01520	0.28341	0.40762	0.10856	0.05084	0.00706	0.00198	0.00286	0.05366	0.00484	0.00426
11	0.00651	0.00495	0.00593	0.00610	0.00723	0.00446	0.00448	0.00805	0.01170	0.01536	0.28616	0.19918	0.30937	0.05264	0.00701	0.00191	0.00278	0.05703	0.00483	0.00430

[dist]
# distance from previous block
# <min> <max>
1	6

[block]
# block no. 2 follows, 50 sequences, length 7
# corresponding to MSA columns:
# 224-230
name=unknown_C
#
# <colnr> <probs for GDERKNQSTAVLIFYWHMCP>
#	G	D	E	R	K	N	Q	S	T	A	V	L	I	F	Y	W	H	M	C	P
0	0.01067	0.01068	0.05039	0.51244	0.09986	0.01143	0.14528	0.01408	0.01051	0.04436	0.00946	0.01317	0.00712	0.00497	0.00552	0.00166	0.03513	0.00467	0.00244	0.00614
1	0.00775	0.00574	0.00754	0.00837	0.00952	0.00571	0.00692	0.01049	0.06207	0.01504	0.06402	0.18281	0.09557	0.01336	0.00654	0.00212	0.00397	0.48310	0.00467	0.00469
2	0.41819	0.09058	0.08598	0.03535	0.01353	0.17923	0.00839	0.06269	0.01116	0.04353	0.00806	0.00919	0.00624	0.00485	0.00379	0.00145	0.00561	0.00314	0.00298	0.00605
3	0.09933	0.06060	0.01816	0.05601	0.38484	0.13463	0.06236	0.07757	0.01228	0.01696	0.00890	0.01119	0.00727	0.00479	0.00491	0.00147	0.02491	0.00407	0.00272	0.00704
4	0.01295	0.43039	0.23113	0.01323	0.12108	0.04715	0.01208	0.01586	0.01076	0.05181	0.00845	0.00974	0.00687	0.00454	0.00399	0.00129	0.00605	0.00331	0.00238	0.00694
5	0.09442	0.06918	0.00894	0.00760	0.00890	0.03696	0.04260	0.00950	0.00959	0.01337	0.02196	0.35912	0.08760	0.16135	0.00918	0.00236	0.00408	0.04508	0.00380	0.00441
6	0.01237	0.08516	0.10407	0.00945	0.01272	0.05306	0.05968	0.01479	0.01228	0.19415	0.11950	0.04820	0.15284	0.00815	0.00528	0.00159	0.00470	0.07321	0.00427	0.02453

[dist]
# distance from previous block
# <min> <max>
25	63

[block]
# block no. 3 follows, 50 sequences, length 25
# corresponding to MSA columns:
# 317-331,333-342
name=unknown_D
#
# <colnr> <probs for GDERKNQSTAVLIFYWHMCP>
#	G	D	E	R	K	N	Q	S	T	A	V	L	I	F	Y	W	H	M	C	P
0	0.10605	0.01944	0.01509	0.03044	0.01630	0.52873	0.09640	0.06092	0.01370	0.05558	0.00878	0.01008	0.00687	0.00507	0.00457	0.00139	0.00789	0.00365	0.00293	0.00613
1	0.01136	0.05856	0.01107	0.00789	0.01140	0.00822	0.00637	0.08984	0.01186	0.06846	0.01590	0.08182	0.09807	0.00630	0.00483	0.00116	0.03503	0.00506	0.00362	0.46318
2	0.01553	0.01674	0.01466	0.01405	0.09441	0.35846	0.01015	0.14617	0.01397	0.01637	0.06023	0.01214	0.00964	0.00635	0.00738	0.00156	0.18861	0.00420	0.00308	0.00631
3	0.01105	0.00894	0.01045	0.00760	0.01192	0.00698	0.00608	0.01387	0.05152	0.05546	0.01000	0.01110	0.00804	0.00398	0.00383	0.00083	0.00373	0.00320	0.00323	0.76818
4	0.01895	0.01396	0.01496	0.01147	0.01546	0.01546	0.00947	0.77711	0.02344	0.03141	0.01197	0.01197	0.00848	0.00598	0.00499	0.00150	0.00548	0.00449	0.00499	0.00848
5	0.00640	0.00528	0.00615	0.00613	0.00765	0.00451	0.01942	0.00766	0.01073	0.01349	0.03941	0.28561	0.48105	0.01272	0.00587	0.00172	0.00284	0.01100	0.00446	0.06789
6	0.00941	0.00886	0.01495	0.81285	0.03433	0.01107	0.01384	0.01274	0.00997	0.01274	0.00886	0.01329	0.00664	0.00498	0.00498	0.00166	0.00664	0.00443	0.00221	0.00554
7	0.01333	0.82783	0.02612	0.00853	0.01279	0.01972	0.00853	0.01493	0.01013	0.01173	0.00693	0.00800	0.00640	0.00426	0.00320	0.00107	0.00533	0.00267	0.00213	0.00640
8	0.01224	0.03061	0.02600	0.03313	0.02337	0.06559	0.58359	0.03035	0.01156	0.01537	0.00943	0.01268	0.00734	0.00489	0.00703	0.00170	0.11072	0.00539	0.00252	0.00650
9	0.01000	0.02578	0.79900	0.01421	0.02157	0.01158	0.01842	0.01579	0.01052	0.01579	0.00895	0.01052	0.00631	0.00474	0.00474	0.00158	0.00737	0.00368	0.00210	0.00737
10	0.00712	0.00522	0.00746	0.00749	0.00820	0.00591	0.00558	0.00853	0.00791	0.01124	0.01417	0.04324	0.01408	0.18714	0.63514	0.00725	0.01145	0.00594	0.00279	0.00417
11	0.00628	0.00451	0.00599	0.00701	0.00746	0.00422	0.00486	0.00736	0.01004	0.01339	0.07864	0.69003	0.05575	0.01503	0.00636	0.00200	0.00297	0.06928	0.00468	0.00414
12	0.01125	0.01350	0.07876	0.15479	0.02715	0.01228	0.59552	0.01541	0.01138	0.01541	0.00980	0.01322	0.00732	0.00437	0.00565	0.00167	0.00804	0.00549	0.00244	0.00657
13	0.01094	0.01100	0.01581	0.01339	0.01358	0.01516	0.04031	0.01215	0.00779	0.01215	0.00668	0.01100	0.00658	0.00855	0.01595	0.00216	0.78466	0.00442	0.00219	0.00550
14	0.07466	0.01368	0.01445	0.01114	0.01507	0.01517	0.00920	0.72661	0.02245	0.03081	0.01163	0.01171	0.00827	0.00589	0.00486	0.00150	0.00538	0.00437	0.00486	0.00827
15	0.01704	0.01301	0.01389	0.01108	0.01473	0.01457	0.00901	0.55866	0.24499	0.02834	0.01439	0.01390	0.01044	0.00621	0.00501	0.00155	0.00504	0.00482	0.00501	0.00831
16	0.00607	0.00436	0.00576	0.00688	0.00721	0.00405	0.00460	0.00695	0.00961	0.01275	0.02826	0.79520	0.05883	0.01551	0.00635	0.00201	0.00288	0.01405	0.00463	0.00405
17	0.00883	0.00496	0.00678	0.00673	0.00688	0.02786	0.00457	0.00708	0.00703	0.00926	0.03511	0.01589	0.01004	0.01753	0.05037	0.76704	0.00476	0.00449	0.00231	0.00245
18	0.52857	0.01083	0.01002	0.00825	0.01168	0.01210	0.00680	0.24422	0.01351	0.09836	0.00965	0.01010	0.00698	0.00518	0.00384	0.00153	0.00438	0.00345	0.00395	0.00661
19	0.03375	0.01284	0.01494	0.01356	0.06052	0.12953	0.01052	0.06423	0.01030	0.06581	0.00812	0.01112	0.00709	0.00750	0.01213	0.00191	0.52317	0.00421	0.00272	0.00604
20	0.01174	0.01331	0.02648	0.01934	0.02371	0.05415	0.65115	0.01543	0.01155	0.01538	0.01085	0.06236	0.00900	0.00517	0.00634	0.00170	0.04708	0.00617	0.00264	0.00645
21	0.00838	0.00661	0.00996	0.18377	0.01452	0.00762	0.02672	0.01013	0.00882	0.03152	0.01420	0.07537	0.01417	0.18418	0.27781	0.00453	0.06208	0.05208	0.00294	0.00460
22	0.03011	0.00661	0.00861	0.00825	0.00954	0.03268	0.05265	0.00977	0.01155	0.01565	0.25035	0.19398	0.12403	0.03513	0.00716	0.00193	0.04664	0.14624	0.00446	0.00466
23	0.06806	0.03851	0.02583	0.05437	0.03194	0.17327	0.04804	0.33076	0.09751	0.04457	0.01131	0.01194	0.00842	0.00552	0.00474	0.00146	0.00609	0.00422	0.00393	0.02953
24	0.52601	0.03735	0.04031	0.00959	0.01299	0.15671	0.07364	0.06226	0.01083	0.01996	0.00773	0.00904	0.00602	0.00476	0.00376	0.00149	0.00546	0.00321	0.00299	0.00587

[dist]
# distance from previous block
# <min> <max>
16	37

[block]
# block no. 4 follows, 50 sequences, length 18
# corresponding to MSA columns:
# 386-403
name=unknown_E
#
# <colnr> <probs for GDERKNQSTAVLIFYWHMCP>
#	G	D	E	R	K	N	Q	S	T	A	V	L	I	F	Y	W	H	M	C	P
0	0.05819	0.01125	0.01234	0.01013	0.01335	0.06753	0.04909	0.16304	0.25387	0.11167	0.10947	0.01721	0.01526	0.00633	0.00493	0.00150	0.00465	0.00522	0.00463	0.08035
1	0.00607	0.00434	0.00578	0.00694	0.00723	0.00405	0.00463	0.00694	0.00954	0.01272	0.02747	0.82157	0.03297	0.01562	0.00636	0.00202	0.00289	0.01417	0.00463	0.00405
2	0.01034	0.00886	0.01034	0.00738	0.01181	0.00664	0.00591	0.01255	0.01034	0.01624	0.00886	0.01034	0.00738	0.00369	0.00369	0.00074	0.00369	0.00295	0.00295	0.85530
3	0.02236	0.00848	0.01157	0.00887	0.01272	0.00733	0.00733	0.02429	0.01427	0.79719	0.01966	0.01697	0.01234	0.00617	0.00501	0.00154	0.00424	0.00501	0.00617	0.00848
4	0.00712	0.00534	0.00801	0.00801	0.00890	0.00623	0.00623	0.00890	0.00801	0.01157	0.01335	0.01958	0.01246	0.03738	0.80507	0.00801	0.01335	0.00534	0.00267	0.00445
5	0.00929	0.00465	0.00465	0.00465	0.00581	0.00465	0.00348	0.01161	0.01045	0.01858	0.01626	0.01858	0.01278	0.00581	0.00348	0.00116	0.00232	0.00465	0.85250	0.00465
6	0.01664	0.01960	0.01322	0.01198	0.01463	0.55220	0.00908	0.02200	0.25978	0.01496	0.01172	0.01205	0.00922	0.00565	0.00468	0.00141	0.00738	0.00398	0.00337	0.00645
7	0.01034	0.00886	0.01034	0.00738	0.01181	0.00664	0.00591	0.01255	0.01034	0.01624	0.00886	0.01034	0.00738	0.00369	0.00369	0.00074	0.00369	0.00295	0.00295	0.85530
8	0.01034	0.00886	0.01034	0.00738	0.01181	0.00664	0.00591	0.01255	0.01034	0.01624	0.00886	0.01034	0.00738	0.00369	0.00369	0.00074	0.00369	0.00295	0.00295	0.85530
9	0.01862	0.02376	0.01413	0.01284	0.01541	0.80482	0.00963	0.01990	0.01413	0.01220	0.00770	0.00899	0.00642	0.00514	0.00449	0.00128	0.00899	0.00321	0.00257	0.00578
10	0.01034	0.00886	0.01034	0.00738	0.01181	0.00664	0.00591	0.01255	0.01034	0.01624	0.00886	0.01034	0.00738	0.00369	0.00369	0.00074	0.00369	0.00295	0.00295	0.85530
11	0.00929	0.00465	0.00465	0.00465	0.00581	0.00465	0.00348	0.01161	0.01045	0.01858	0.01626	0.01858	0.01278	0.00581	0.00348	0.00116	0.00232	0.00465	0.85250	0.00465
12	0.01034	0.00886	0.01034	0.00738	0.01181	0.00664	0.00591	0.01255	0.01034	0.01624	0.00886	0.01034	0.00738	0.00369	0.00369	0.00074	0.00369	0.00295	0.00295	0.85530
13	0.00704	0.00678	0.06447	0.00714	0.00888	0.00536	0.02929	0.00920	0.01213	0.01650	0.38919	0.10618	0.22460	0.03380	0.05514	0.00212	0.00373	0.00910	0.00462	0.00472
14	0.82070	0.01039	0.04396	0.00691	0.01019	0.01120	0.00600	0.01470	0.00858	0.02206	0.00703	0.00821	0.00544	0.00463	0.00316	0.00154	0.00402	0.00274	0.00304	0.00549
15	0.00726	0.00552	0.00816	0.00808	0.00890	0.00649	0.00626	0.00894	0.00796	0.01150	0.01321	0.01983	0.01249	0.07034	0.74318	0.00766	0.04171	0.00539	0.00267	0.00442
16	0.01343	0.11277	0.06657	0.01026	0.01367	0.03373	0.00875	0.05517	0.53531	0.06990	0.01716	0.01611	0.01283	0.00620	0.00480	0.00158	0.00456	0.00499	0.00451	0.00768
17	0.11110	0.03296	0.21872	0.01107	0.01549	0.02974	0.03426	0.26156	0.01532	0.10438	0.08339	0.01514	0.01197	0.00602	0.00482	0.00155	0.00551	0.02580	0.00398	0.00722

[dist]
# distance from previous block
# <min> <max>
1	6

[block]
# block no. 5 follows, 50 sequences, length 36
# corresponding to MSA columns:
# 410-413,416-429,456,458-474
name=unknown_F
#
# <colnr> <probs for GDERKNQSTAVLIFYWHMCP>
#	G	D	E	R	K	N	Q	S	T	A	V	L	I	F	Y	W	H	M	C	P
0	0.00941	0.00488	0.00491	0.00486	0.00609	0.00495	0.00366	0.01220	0.04090	0.01867	0.01642	0.01858	0.01287	0.00584	0.00355	0.00118	0.00239	0.00468	0.81918	0.00477
1	0.00638	0.00511	0.00568	0.00603	0.00721	0.00464	0.00429	0.00818	0.05439	0.01347	0.03913	0.32418	0.44414	0.04530	0.00678	0.00193	0.00283	0.01143	0.00459	0.00431
2	0.01138	0.01591	0.30784	0.01123	0.01546	0.04166	0.01164	0.14357	0.11462	0.01925	0.11340	0.04359	0.03001	0.00737	0.00526	0.00166	0.00551	0.09006	0.00382	0.00676
3	0.01393	0.32411	0.19579	0.01299	0.05712	0.24015	0.06125	0.01662	0.01152	0.01328	0.00793	0.00942	0.00654	0.00462	0.00418	0.00130	0.00706	0.00335	0.00229	0.00654
4	0.00724	0.00486	0.00555	0.00555	0.00559	0.00490	0.00316	0.00732	0.00728	0.00975	0.01560	0.03203	0.01787	0.78938	0.06046	0.00498	0.00522	0.00716	0.00300	0.00308
5	0.01007	0.06130	0.74209	0.01373	0.02078	0.01175	0.01759	0.01557	0.01061	0.01572	0.03070	0.01116	0.00745	0.00487	0.00470	0.00156	0.00713	0.00379	0.00220	0.00725
6	0.01862	0.02376	0.01413	0.01284	0.01541	0.80482	0.00963	0.01990	0.01413	0.01220	0.00770	0.00899	0.00642	0.00514	0.00449	0.00128	0.00899	0.00321	0.00257	0.00578
7	0.01296	0.01090	0.01154	0.01018	0.01308	0.01251	0.00797	0.10729	0.68082	0.02197	0.04088	0.01840	0.01537	0.00677	0.00509	0.00167	0.00407	0.00561	0.00507	0.00786
8	0.02236	0.00848	0.01157	0.00887	0.01272	0.00733	0.00733	0.02429	0.01427	0.79719	0.01966	0.01697	0.01234	0.00617	0.00501	0.00154	0.00424	0.00501	0.00617	0.00848
9	0.03402	0.00937	0.03502	0.00919	0.01257	0.00858	0.02820	0.12401	0.07442	0.41863	0.04284	0.07560	0.08998	0.00746	0.00519	0.00160	0.00427	0.00621	0.00536	0.00746
10	0.00723	0.00489	0.00572	0.00572	0.00582	0.00499	0.00338	0.00743	0.00733	0.00988	0.01544	0.03116	0.01749	0.73678	0.11255	0.00519	0.00578	0.00704	0.00298	0.00318
11	0.01895	0.01396	0.01496	0.01147	0.01546	0.01546	0.00947	0.77711	0.02344	0.03141	0.01197	0.01197	0.00848	0.00598	0.00499	0.00150	0.00548	0.00449	0.00499	0.00848
12	0.00941	0.00886	0.01495	0.81285	0.03433	0.01107	0.01384	0.01274	0.00997	0.01274	0.00886	0.01329	0.00664	0.00498	0.00498	0.00166	0.00664	0.00443	0.00221	0.00554
13	0.01164	0.34767	0.29840	0.07749	0.05799	0.03684	0.03277	0.01501	0.01054	0.01386	0.03170	0.01066	0.00773	0.00480	0.00446	0.00138	0.02453	0.00359	0.00227	0.00667
14	0.00714	0.00524	0.00752	0.00752	0.00824	0.00596	0.00562	0.00859	0.00787	0.01121	0.01380	0.02206	0.01354	0.18722	0.65670	0.00741	0.01173	0.00570	0.00274	0.00418
15	0.01176	0.01345	0.02941	0.02101	0.02605	0.01261	0.77563	0.01597	0.01176	0.01597	0.01008	0.01345	0.00756	0.00420	0.00588	0.00168	0.00840	0.00588	0.00252	0.00672
16	0.05002	0.01020	0.02636	0.03185	0.01344	0.03168	0.00796	0.21933	0.02965	0.37903	0.01745	0.11509	0.01359	0.00732	0.00512	0.00161	0.00465	0.02290	0.00521	0.00754
17	0.04271	0.00993	0.02966	0.00960	0.01351	0.00907	0.02430	0.16159	0.01566	0.58485	0.03496	0.01606	0.01200	0.00611	0.00499	0.00154	0.00457	0.00494	0.00569	0.00825
18	0.01176	0.01345	0.02941	0.02101	0.02605	0.01261	0.77563	0.01597	0.01176	0.01597	0.01008	0.01345	0.00756	0.00420	0.00588	0.00168	0.00840	0.00588	0.00252	0.00672
19	0.01243	0.56761	0.14159	0.10905	0.01714	0.03606	0.02804	0.01493	0.01030	0.01257	0.00756	0.00918	0.00644	0.00444	0.00374	0.00124	0.00596	0.00312	0.00216	0.00643
20	0.00929	0.00465	0.00465	0.00465	0.00581	0.00465	0.00348	0.01161	0.01045	0.01858	0.01626	0.01858	0.01278	0.00581	0.00348	0.00116	0.00232	0.00465	0.85250	0.00465
21	0.00861	0.00644	0.00843	0.00922	0.01062	0.00666	0.00791	0.01259	0.12335	0.01574	0.02607	0.05059	0.04467	0.01273	0.00660	0.00219	0.00445	0.63340	0.00466	0.00506
22	0.00929	0.00465	0.00465	0.00465	0.00581	0.00465	0.00348	0.01161	0.01045	0.01858	0.01626	0.01858	0.01278	0.00581	0.00348	0.00116	0.00232	0.00465	0.85250	0.00465
23	0.01333	0.82783	0.02612	0.00853	0.01279	0.01972	0.00853	0.01493	0.01013	0.01173	0.00693	0.00800	0.00640	0.00426	0.00320	0.00107	0.00533	0.00267	0.00213	0.00640
24	0.13684	0.01230	0.01237	0.01051	0.03006	0.06618	0.00826	0.30232	0.22473	0.10198	0.03506	0.01420	0.01114	0.00604	0.00473	0.00155	0.00487	0.00463	0.00465	0.00758
25	0.01000	0.02578	0.79900	0.01421	0.02157	0.01158	0.01842	0.01579	0.01052	0.01579	0.00895	0.01052	0.00631	0.00474	0.00474	0.00158	0.00737	0.00368	0.00210	0.00737
26	0.01091	0.01091	0.01527	0.01309	0.01309	0.01527	0.01091	0.01200	0.00763	0.01200	0.00654	0.01091	0.00654	0.00872	0.01636	0.00218	0.81570	0.00436	0.00218	0.00545
27	0.00803	0.00574	0.00803	0.00918	0.01033	0.00574	0.00803	0.01033	0.01147	0.01492	0.02639	0.05622	0.02869	0.01377	0.00688	0.00229	0.00459	0.76018	0.00459	0.00459
28	0.00697	0.00477	0.00568	0.00599	0.00619	0.00467	0.00371	0.00740	0.00834	0.01112	0.05046	0.22475	0.03700	0.54602	0.01883	0.00385	0.00421	0.04300	0.00361	0.00343
29	0.01370	0.40815	0.15523	0.01037	0.01463	0.06840	0.01035	0.12648	0.01230	0.03905	0.00885	0.01021	0.00727	0.00703	0.05639	0.00174	0.03693	0.00345	0.00273	0.00673
30	0.00929	0.00465	0.00465	0.00465	0.00581	0.00465	0.00348	0.01161	0.01045	0.01858	0.01626	0.01858	0.01278	0.00581	0.00348	0.00116	0.00232	0.00465	0.85250	0.00465
31	0.03001	0.01079	0.04690	0.00887	0.01310	0.00928	0.00748	0.19113	0.05172	0.08492	0.01136	0.02734	0.00884	0.00487	0.00426	0.00111	0.00432	0.00386	0.00379	0.47605
32	0.10504	0.04687	0.04062	0.06191	0.03678	0.16634	0.05168	0.10680	0.01339	0.13232	0.06694	0.01428	0.03245	0.00561	0.00460	0.00140	0.00563	0.00442	0.00368	0.09924
33	0.09657	0.23562	0.10777	0.04828	0.05131	0.04326	0.10067	0.09731	0.01196	0.03195	0.00957	0.02560	0.00794	0.00501	0.00431	0.00137	0.00578	0.02196	0.00288	0.09087
34	0.05594	0.12425	0.03557	0.00993	0.01342	0.10360	0.02280	0.21738	0.06407	0.11253	0.05874	0.01525	0.05485	0.00610	0.00487	0.00141	0.02252	0.00463	0.00405	0.06806
35	0.15636	0.03831	0.07706	0.01043	0.01395	0.05340	0.07231	0.17226	0.08198	0.04519	0.05912	0.01580	0.01168	0.04302	0.00583	0.00165	0.02301	0.03367	0.00374	0.08120

[dist]
# distance from previous block
# <min> <max>
16	51

[block]
# block no. 6 follows, 50 sequences, length 21
# corresponding to MSA columns:
# 780-792,795-802
name=unknown_G
#
# <colnr> <probs for GDERKNQSTAVLIFYWHMCP>
#	G	D	E	R	K	N	Q	S	T	A	V	L	I	F	Y	W	H	M	C	P
0	0.02708	0.07978	0.26581	0.02843	0.03708	0.05917	0.01094	0.05379	0.06638	0.03069	0.07251	0.03548	0.08118	0.03344	0.04077	0.00193	0.02184	0.02450	0.00326	0.02594
1	0.01862	0.02376	0.01413	0.01284	0.01541	0.80482	0.00963	0.01990	0.01413	0.01220	0.00770	0.00899	0.00642	0.00514	0.00449	0.00128	0.00899	0.00321	0.00257	0.00578
2	0.01034	0.00886	0.01034	0.00738	0.01181	0.00664	0.00591	0.01255	0.01034	0.01624	0.00886	0.01034	0.00738	0.00369	0.00369	0.00074	0.00369	0.00295	0.00295	0.85530
3	0.00721	0.00500	0.00629	0.00629	0.00659	0.00530	0.00409	0.00780	0.00750	0.01030	0.01492	0.02828	0.01624	0.56251	0.28511	0.00589	0.00767	0.00661	0.00290	0.00350
4	0.00638	0.00447	0.00569	0.00654	0.00676	0.00425	0.00420	0.00702	0.00894	0.01192	0.02437	0.61384	0.02906	0.22869	0.01137	0.00276	0.00340	0.01235	0.00420	0.00378
5	0.01112	0.03069	0.12104	0.16408	0.02217	0.03069	0.26788	0.04766	0.10028	0.01621	0.02839	0.03486	0.01120	0.00607	0.00564	0.00170	0.02211	0.06869	0.00307	0.00646
6	0.86003	0.00964	0.00733	0.00655	0.00964	0.01118	0.00540	0.01465	0.00848	0.02236	0.00694	0.00810	0.00540	0.00463	0.00308	0.00154	0.00386	0.00270	0.00308	0.00540
7	0.01052	0.14881	0.65340	0.01310	0.01989	0.01267	0.01647	0.01554	0.01046	0.01518	0.00863	0.01013	0.00636	0.00463	0.00446	0.00147	0.00693	0.00350	0.00214	0.03571
8	0.01111	0.01045	0.01761	0.25501	0.50913	0.01109	0.01412	0.01405	0.01083	0.01498	0.01030	0.01551	0.00892	0.03054	0.00568	0.00168	0.00603	0.04355	0.00252	0.00689
9	0.00607	0.00434	0.00578	0.00694	0.00723	0.00405	0.00463	0.00694	0.00954	0.01272	0.02747	0.82157	0.03297	0.01562	0.00636	0.00202	0.00289	0.01417	0.00463	0.00405
10	0.01034	0.00886	0.01034	0.00738	0.01181	0.00664	0.00591	0.01255	0.01034	0.01624	0.00886	0.01034	0.00738	0.00369	0.00369	0.00074	0.00369	0.00295	0.00295	0.85530
11	0.00618	0.00506	0.00545	0.00535	0.00691	0.00433	0.00401	0.00771	0.01204	0.01507	0.23316	0.04532	0.60805	0.01202	0.00589	0.00165	0.00248	0.01015	0.00484	0.00433
12	0.02236	0.00848	0.01157	0.00887	0.01272	0.00733	0.00733	0.02429	0.01427	0.79719	0.01966	0.01697	0.01234	0.00617	0.00501	0.00154	0.00424	0.00501	0.00617	0.00848
13	0.02236	0.00848	0.01157	0.00887	0.01272	0.00733	0.00733	0.02429	0.01427	0.79719	0.01966	0.01697	0.01234	0.00617	0.00501	0.00154	0.00424	0.00501	0.00617	0.00848
14	0.01234	0.01184	0.02023	0.03059	0.79373	0.01184	0.01530	0.01530	0.01135	0.01628	0.00938	0.01234	0.00790	0.00444	0.00493	0.00148	0.00592	0.00444	0.00247	0.00790
15	0.01234	0.01184	0.02023	0.03059	0.79373	0.01184	0.01530	0.01530	0.01135	0.01628	0.00938	0.01234	0.00790	0.00444	0.00493	0.00148	0.00592	0.00444	0.00247	0.00790
16	0.86003	0.00964	0.00733	0.00655	0.00964	0.01118	0.00540	0.01465	0.00848	0.02236	0.00694	0.00810	0.00540	0.00463	0.00308	0.00154	0.00386	0.00270	0.00308	0.00540
17	0.01052	0.04634	0.00895	0.00788	0.00947	0.25614	0.00572	0.01149	0.01111	0.01209	0.02556	0.09373	0.27708	0.19123	0.00972	0.00226	0.00522	0.00746	0.00352	0.00452
18	0.01475	0.10853	0.04677	0.03405	0.04868	0.40967	0.01026	0.01638	0.01174	0.01259	0.00898	0.03337	0.00831	0.00642	0.00696	0.00154	0.17144	0.04117	0.00256	0.00583
19	0.00713	0.00557	0.00656	0.00635	0.00756	0.02866	0.00471	0.00914	0.01325	0.01806	0.58142	0.11636	0.15478	0.01094	0.00589	0.00162	0.00263	0.00958	0.00519	0.00460
20	0.10787	0.01049	0.03633	0.09148	0.05875	0.09503	0.02459	0.09379	0.01206	0.01682	0.10270	0.03822	0.09944	0.08567	0.03670	0.00211	0.03426	0.02045	0.00351	0.02974

[dist]
# distance from previous block
# <min> <max>
0	6

# created by:
# /st0/software/busco_prod/Augustus/scripts/msa2prfl.pl ./align_prep/125214.fa
