[name]
unknown

[dist]
# distance from previous block
# <min> <max>
0	45

[block]
# block no. 0 follows, 55 sequences, length 13
# corresponding to MSA columns:
# 112-124
name=unknown_A
#
# <colnr> <probs for GDERKNQSTAVLIFYWHMCP>
#	G	D	E	R	K	N	Q	S	T	A	V	L	I	F	Y	W	H	M	C	P
0	0.02732	0.00947	0.01275	0.02247	0.10952	0.05810	0.08838	0.09065	0.05284	0.13155	0.02977	0.03697	0.02876	0.00750	0.00541	0.00162	0.02386	0.21675	0.00385	0.04246
1	0.03799	0.01218	0.04942	0.10707	0.01575	0.09260	0.02705	0.24052	0.20224	0.10119	0.01345	0.01358	0.02749	0.00553	0.00457	0.00143	0.00510	0.00440	0.00396	0.03450
2	0.10212	0.00520	0.00603	0.00604	0.00720	0.00499	0.00434	0.00913	0.01004	0.07979	0.18223	0.30868	0.14219	0.10208	0.00730	0.00196	0.00295	0.00916	0.00428	0.00430
3	0.01048	0.00800	0.01070	0.20421	0.06763	0.02282	0.02044	0.12533	0.04165	0.08094	0.06909	0.12573	0.09666	0.07482	0.00654	0.00179	0.00450	0.01950	0.00370	0.00548
4	0.01096	0.12595	0.44125	0.01397	0.10442	0.04747	0.04643	0.07694	0.01108	0.01527	0.00936	0.01247	0.00756	0.00494	0.00443	0.00143	0.00629	0.05074	0.00240	0.00665
5	0.01043	0.01192	0.17325	0.01290	0.06360	0.00949	0.18490	0.01413	0.06974	0.08596	0.11844	0.04320	0.01421	0.07342	0.00759	0.00181	0.09037	0.00551	0.00320	0.00595
6	0.00794	0.00582	0.00694	0.00733	0.05567	0.00585	0.00461	0.09360	0.00964	0.01282	0.02042	0.14064	0.13933	0.40816	0.03983	0.00317	0.00425	0.00759	0.02234	0.00404
7	0.01098	0.01033	0.01694	0.27479	0.36589	0.01150	0.05912	0.07628	0.01074	0.01485	0.00854	0.01168	0.00689	0.00485	0.00585	0.00152	0.09623	0.00422	0.00239	0.00641
8	0.01207	0.01295	0.16185	0.11839	0.18786	0.01098	0.07342	0.19009	0.04601	0.05475	0.01320	0.01446	0.07225	0.00535	0.00474	0.00146	0.00554	0.00466	0.00317	0.00678
9	0.01326	0.07858	0.01357	0.01238	0.13289	0.07850	0.00870	0.21155	0.22674	0.01922	0.01232	0.01295	0.00953	0.00550	0.00498	0.00140	0.05347	0.00424	0.09345	0.00678
10	0.04774	0.00437	0.00625	0.00622	0.00644	0.00453	0.00428	0.00666	0.00630	0.00897	0.00849	0.01429	0.00833	0.01767	0.10538	0.73053	0.00495	0.00407	0.00211	0.00239
11	0.00699	0.00576	0.00906	0.00956	0.07360	0.00542	0.09145	0.00838	0.00945	0.01286	0.08216	0.52558	0.02551	0.08019	0.00715	0.00197	0.00362	0.01045	0.00384	0.02701
12	0.00989	0.00766	0.00852	0.00795	0.00997	0.00814	0.00620	0.09530	0.30905	0.04727	0.04728	0.14246	0.18136	0.00930	0.00525	0.00165	0.00345	0.08890	0.00458	0.00581

[dist]
# distance from previous block
# <min> <max>
0	6

[block]
# block no. 1 follows, 55 sequences, length 9
# corresponding to MSA columns:
# 131-139
name=unknown_B
#
# <colnr> <probs for GDERKNQSTAVLIFYWHMCP>
#	G	D	E	R	K	N	Q	S	T	A	V	L	I	F	Y	W	H	M	C	P
0	0.01452	0.01016	0.01073	0.00908	0.01191	0.06201	0.00719	0.18030	0.29891	0.20018	0.03612	0.06483	0.05944	0.00681	0.00480	0.00150	0.00418	0.00556	0.00476	0.00700
1	0.03388	0.00578	0.00654	0.00640	0.00782	0.00563	0.00472	0.06421	0.07547	0.04606	0.12500	0.27950	0.27459	0.03534	0.00594	0.00172	0.00291	0.00942	0.00444	0.00465
2	0.00605	0.00457	0.00518	0.00542	0.00627	0.00416	0.00375	0.00696	0.00942	0.01194	0.08199	0.18823	0.35661	0.23529	0.01055	0.00245	0.00310	0.05045	0.00396	0.00365
3	0.67217	0.00993	0.00849	0.00718	0.01025	0.01136	0.00592	0.19388	0.01115	0.02283	0.00756	0.00839	0.00570	0.00461	0.00329	0.00143	0.00395	0.00291	0.00329	0.00570
4	0.07205	0.00591	0.00661	0.00656	0.00787	0.00594	0.00486	0.08477	0.04008	0.03410	0.04147	0.28339	0.17741	0.09876	0.00721	0.00197	0.00328	0.06763	0.04562	0.00451
5	0.04740	0.00509	0.00554	0.00540	0.00676	0.00469	0.00400	0.02993	0.01114	0.01507	0.24644	0.09788	0.40449	0.05134	0.00618	0.00168	0.00257	0.00880	0.04141	0.00417
6	0.04085	0.00502	0.00627	0.00682	0.00767	0.00489	0.00490	0.00921	0.05548	0.06427	0.02431	0.54828	0.05988	0.05346	0.00657	0.00197	0.00311	0.08841	0.00430	0.00431
7	0.00666	0.00441	0.00520	0.00545	0.00564	0.00439	0.00334	0.00710	0.00753	0.01043	0.01710	0.21177	0.01941	0.54367	0.05624	0.00378	0.00429	0.00796	0.07239	0.00322
8	0.06101	0.00656	0.00742	0.00659	0.00848	0.00653	0.00502	0.07352	0.08157	0.17032	0.09243	0.08639	0.11885	0.10485	0.00685	0.00180	0.00330	0.00643	0.14670	0.00535

[dist]
# distance from previous block
# <min> <max>
0	3

[block]
# block no. 2 follows, 55 sequences, length 23
# corresponding to MSA columns:
# 143-165
name=unknown_C
#
# <colnr> <probs for GDERKNQSTAVLIFYWHMCP>
#	G	D	E	R	K	N	Q	S	T	A	V	L	I	F	Y	W	H	M	C	P
0	0.19532	0.00742	0.00798	0.00697	0.00938	0.00754	0.00549	0.05624	0.10350	0.21840	0.05041	0.09085	0.14164	0.02314	0.00485	0.00155	0.00338	0.00600	0.05415	0.00579
1	0.51627	0.00820	0.00748	0.00669	0.00910	0.00910	0.00533	0.10260	0.01061	0.03557	0.14040	0.10484	0.01474	0.00649	0.00389	0.00149	0.00345	0.00492	0.00367	0.00518
2	0.02828	0.00776	0.00816	0.00795	0.00965	0.05827	0.00615	0.05088	0.21706	0.04795	0.05261	0.22370	0.12202	0.00997	0.00534	0.00170	0.00369	0.12917	0.00437	0.00533
3	0.03393	0.00578	0.00705	0.00688	0.02241	0.00613	0.00492	0.06702	0.04257	0.03619	0.06708	0.06199	0.01537	0.19406	0.21951	0.04026	0.00588	0.00572	0.15285	0.00440
4	0.00636	0.00691	0.11307	0.00694	0.00825	0.00488	0.00573	0.00780	0.00920	0.01237	0.07566	0.46421	0.11517	0.13141	0.00822	0.00215	0.00345	0.01028	0.00384	0.00411
5	0.00623	0.00436	0.00538	0.00610	0.00666	0.00414	0.00417	0.00761	0.03398	0.01281	0.04039	0.59625	0.10217	0.04361	0.00621	0.00185	0.00270	0.01133	0.10012	0.00394
6	0.04431	0.00748	0.09634	0.00709	0.00879	0.00607	0.00597	0.02356	0.06080	0.02231	0.07581	0.17530	0.15513	0.15795	0.10917	0.00286	0.00480	0.02817	0.00361	0.00449
7	0.05467	0.00572	0.00698	0.00669	0.00725	0.03520	0.00469	0.04104	0.05714	0.01049	0.00878	0.01366	0.00822	0.01405	0.01544	0.69653	0.00420	0.00400	0.00236	0.00289
8	0.01661	0.02061	0.10225	0.01173	0.01479	0.61090	0.00970	0.05471	0.03246	0.07148	0.00861	0.00945	0.00668	0.00490	0.00429	0.00127	0.00763	0.00328	0.00276	0.00591
9	0.01062	0.02226	0.72287	0.01270	0.01921	0.01036	0.01603	0.01562	0.01021	0.10364	0.00947	0.01049	0.00652	0.00457	0.00445	0.00147	0.00655	0.00358	0.00239	0.00699
10	0.49146	0.00896	0.04497	0.00716	0.00975	0.00930	0.00609	0.07023	0.00970	0.07048	0.01108	0.09872	0.00988	0.00617	0.00415	0.00151	0.03401	0.03657	0.06450	0.00531
11	0.02990	0.13298	0.01852	0.36108	0.18502	0.01207	0.13648	0.01317	0.00974	0.01308	0.00816	0.01131	0.00651	0.00446	0.00491	0.00145	0.03902	0.00407	0.00217	0.00591
12	0.01743	0.00842	0.01056	0.00844	0.01162	0.00810	0.00685	0.09829	0.14355	0.51391	0.10560	0.01773	0.01521	0.00625	0.00478	0.00146	0.00383	0.00514	0.00541	0.00743
13	0.00812	0.00685	0.00684	0.00649	0.00796	0.09527	0.00496	0.00990	0.01231	0.04791	0.42332	0.03496	0.24983	0.00968	0.00537	0.00151	0.00314	0.05651	0.00457	0.00451
14	0.01180	0.01228	0.04955	0.04655	0.16168	0.08355	0.12476	0.08222	0.12370	0.01542	0.01010	0.02794	0.00834	0.00624	0.01936	0.00169	0.20115	0.00454	0.00282	0.00632
15	0.01015	0.00896	0.01169	0.13644	0.05271	0.04265	0.05754	0.10647	0.11647	0.01614	0.10143	0.02340	0.09690	0.04593	0.00675	0.00174	0.06749	0.08797	0.00360	0.00555
16	0.01552	0.01044	0.01072	0.00909	0.01180	0.12558	0.00728	0.10816	0.13251	0.30819	0.01875	0.03570	0.08733	0.00698	0.00528	0.00151	0.03990	0.05403	0.00457	0.00665
17	0.00976	0.10191	0.01324	0.02141	0.07882	0.08754	0.07162	0.01209	0.05939	0.01272	0.01523	0.20677	0.04359	0.01009	0.05621	0.00200	0.13256	0.05678	0.00307	0.00519
18	0.01480	0.01075	0.01361	0.01083	0.01406	0.01139	0.09544	0.42975	0.06625	0.09840	0.05614	0.01937	0.01318	0.00672	0.00505	0.00154	0.00495	0.11630	0.00448	0.00698
19	0.00571	0.00409	0.00549	0.00652	0.00682	0.00387	0.00439	0.00656	0.00884	0.01183	0.02503	0.79563	0.02988	0.01552	0.04363	0.00215	0.00315	0.01284	0.00423	0.00380
20	0.01135	0.45630	0.19670	0.00943	0.01342	0.03512	0.00979	0.06239	0.01026	0.01308	0.00933	0.10062	0.00885	0.00556	0.00429	0.00128	0.03974	0.00409	0.00242	0.00600
21	0.01030	0.07632	0.51753	0.01507	0.15609	0.05387	0.01475	0.01486	0.03504	0.01469	0.04275	0.01119	0.00805	0.00464	0.00440	0.00141	0.00629	0.00374	0.00227	0.00673
22	0.01641	0.00808	0.01018	0.00842	0.01129	0.00778	0.00677	0.12966	0.08433	0.45630	0.04041	0.13562	0.01557	0.00747	0.00496	0.00154	0.00388	0.03911	0.00522	0.00702

[dist]
# distance from previous block
# <min> <max>
0	3

[block]
# block no. 3 follows, 55 sequences, length 6
# corresponding to MSA columns:
# 169-174
name=unknown_D
#
# <colnr> <probs for GDERKNQSTAVLIFYWHMCP>
#	G	D	E	R	K	N	Q	S	T	A	V	L	I	F	Y	W	H	M	C	P
0	0.01016	0.00574	0.00719	0.00639	0.00826	0.00518	0.00494	0.01242	0.04494	0.21931	0.36968	0.06509	0.20383	0.00914	0.00527	0.00150	0.00276	0.00785	0.00506	0.00528
1	0.04951	0.00717	0.06819	0.04347	0.01006	0.00594	0.00617	0.01147	0.01100	0.16027	0.19930	0.02775	0.24726	0.01214	0.11729	0.00232	0.00458	0.00682	0.00416	0.00512
2	0.01170	0.00903	0.01084	0.00886	0.01162	0.00938	0.05459	0.21084	0.21137	0.04914	0.17786	0.02010	0.06862	0.00668	0.00478	0.00140	0.00383	0.00566	0.04115	0.08254
3	0.00593	0.00450	0.00549	0.00591	0.00683	0.00406	0.00428	0.00725	0.01050	0.01372	0.20477	0.35666	0.28019	0.01246	0.00573	0.00171	0.00258	0.05894	0.00449	0.00399
4	0.01267	0.19611	0.03869	0.05671	0.05218	0.08217	0.13472	0.14982	0.03683	0.01603	0.00869	0.01030	0.00695	0.00463	0.00486	0.00128	0.05616	0.00372	0.00276	0.12474
5	0.03526	0.07411	0.01074	0.00869	0.04589	0.10686	0.00641	0.09409	0.01148	0.07994	0.09814	0.06658	0.01427	0.12192	0.04420	0.00196	0.00486	0.00504	0.00343	0.16611

[dist]
# distance from previous block
# <min> <max>
0	2

[block]
# block no. 4 follows, 55 sequences, length 57
# corresponding to MSA columns:
# 181-237
name=unknown_E
#
# <colnr> <probs for GDERKNQSTAVLIFYWHMCP>
#	G	D	E	R	K	N	Q	S	T	A	V	L	I	F	Y	W	H	M	C	P
0	0.05719	0.12679	0.20514	0.02189	0.04868	0.03505	0.00971	0.10447	0.03544	0.04369	0.02794	0.05767	0.04168	0.01603	0.00498	0.01930	0.00500	0.08356	0.00314	0.05266
1	0.01079	0.19735	0.09379	0.04038	0.18834	0.02314	0.07790	0.01425	0.07247	0.01444	0.05424	0.01291	0.00978	0.00478	0.00441	0.00127	0.01980	0.02143	0.00266	0.13588
2	0.00753	0.02224	0.06286	0.00774	0.00982	0.02263	0.07371	0.00921	0.01011	0.02562	0.09944	0.22670	0.24249	0.01073	0.02824	0.03867	0.00386	0.00831	0.00371	0.08637
3	0.01035	0.09892	0.10058	0.07325	0.03090	0.02939	0.04222	0.04418	0.03796	0.08644	0.02755	0.16254	0.01426	0.04387	0.05545	0.00197	0.00519	0.05731	0.00332	0.07434
4	0.01141	0.01089	0.07040	0.01223	0.13087	0.03720	0.06902	0.07602	0.02748	0.05900	0.02271	0.02439	0.00840	0.00494	0.01799	0.00122	0.01853	0.00382	0.00299	0.39049
5	0.02439	0.03687	0.46922	0.08330	0.01872	0.06566	0.03863	0.06017	0.04088	0.01515	0.01079	0.01216	0.04857	0.00500	0.00465	0.00144	0.02155	0.00394	0.00245	0.03645
6	0.00899	0.00871	0.00875	0.03685	0.01001	0.16669	0.00643	0.01025	0.00876	0.01090	0.01309	0.10455	0.02631	0.12494	0.36926	0.00456	0.06828	0.00568	0.00269	0.00429
7	0.01108	0.18074	0.47736	0.01186	0.01723	0.11472	0.03901	0.03541	0.01057	0.01388	0.00954	0.01075	0.03896	0.00470	0.00420	0.00135	0.00650	0.00355	0.00221	0.00640
8	0.71018	0.06370	0.00898	0.00702	0.00994	0.05143	0.01942	0.02875	0.02210	0.01961	0.00686	0.00796	0.00541	0.00444	0.00328	0.00141	0.01874	0.00270	0.00284	0.00523
9	0.00945	0.00934	0.04245	0.44667	0.20147	0.01034	0.02681	0.01224	0.00948	0.01298	0.00948	0.03977	0.00806	0.00543	0.00569	0.00157	0.08315	0.02686	0.03315	0.00564
10	0.00580	0.00426	0.00544	0.00613	0.00672	0.00390	0.00422	0.00690	0.00987	0.01313	0.16218	0.58780	0.13989	0.01332	0.00580	0.00177	0.00257	0.01193	0.00446	0.00390
11	0.00669	0.00482	0.00588	0.00560	0.00690	0.00431	0.00420	0.00851	0.01223	0.04286	0.51676	0.06515	0.27840	0.01027	0.00548	0.00151	0.00232	0.00889	0.00487	0.00434
12	0.00953	0.00922	0.01301	0.01134	0.01150	0.01270	0.00938	0.01067	0.00719	0.01112	0.00727	0.01166	0.00712	0.01305	0.16263	0.00303	0.67829	0.00424	0.00212	0.00492
13	0.00578	0.00449	0.00518	0.00557	0.00654	0.00399	0.00397	0.00688	0.01000	0.01265	0.09650	0.32039	0.40435	0.05800	0.00668	0.00186	0.00265	0.03635	0.00430	0.00386
14	0.01347	0.01054	0.01104	0.00926	0.01202	0.04169	0.00739	0.34485	0.25500	0.03651	0.10316	0.03509	0.04395	0.00678	0.00481	0.00148	0.00421	0.02235	0.02956	0.00685
15	0.79969	0.00947	0.03519	0.00647	0.00952	0.01028	0.00555	0.01413	0.00824	0.05753	0.00710	0.00802	0.00537	0.00439	0.00302	0.00144	0.00373	0.00265	0.00298	0.00524
16	0.02591	0.00987	0.03149	0.03646	0.01215	0.08032	0.01545	0.02631	0.04742	0.05407	0.01075	0.01244	0.03358	0.03902	0.01571	0.00120	0.01674	0.00355	0.00299	0.52457
17	0.00572	0.00432	0.00531	0.00603	0.00674	0.00391	0.00422	0.00674	0.00961	0.01238	0.05699	0.54720	0.25531	0.01353	0.00582	0.00179	0.00265	0.04352	0.00434	0.00386
18	0.04641	0.05429	0.04727	0.13113	0.07960	0.01823	0.03114	0.17982	0.01255	0.01720	0.11572	0.08367	0.06595	0.00835	0.03386	0.04160	0.00487	0.01927	0.00346	0.00560
19	0.00654	0.00531	0.00587	0.00567	0.00717	0.00494	0.00427	0.00940	0.10136	0.01527	0.28393	0.06138	0.45091	0.01052	0.00542	0.00155	0.00247	0.00895	0.00462	0.00446
20	0.18184	0.17122	0.04114	0.00891	0.01177	0.06879	0.02137	0.21514	0.01249	0.01809	0.01118	0.13034	0.01057	0.02112	0.00495	0.00149	0.03865	0.02180	0.00330	0.00584
21	0.00933	0.02406	0.81240	0.01326	0.02014	0.01080	0.01719	0.01473	0.00982	0.01473	0.00835	0.00982	0.00589	0.00442	0.00442	0.00147	0.00688	0.00344	0.00196	0.00688
22	0.00965	0.00827	0.00965	0.00689	0.01102	0.00620	0.00551	0.01171	0.00965	0.01516	0.00827	0.00965	0.00689	0.00345	0.00345	0.00069	0.00345	0.00276	0.00276	0.86494
23	0.00565	0.00413	0.00531	0.00626	0.00669	0.00380	0.00422	0.00650	0.00912	0.01196	0.02833	0.73485	0.12765	0.01423	0.00588	0.00185	0.00266	0.01280	0.00432	0.00380
24	0.01245	0.01023	0.01085	0.00951	0.01228	0.01168	0.00747	0.12029	0.66929	0.03941	0.01845	0.01703	0.02730	0.00630	0.00474	0.00155	0.00384	0.00519	0.00474	0.00738
25	0.00978	0.05855	0.75662	0.01290	0.01956	0.01102	0.01651	0.01492	0.00990	0.03644	0.00854	0.00989	0.00605	0.00444	0.00437	0.00145	0.00671	0.00343	0.00207	0.00687
26	0.00916	0.00769	0.00909	0.00678	0.01038	0.00593	0.00538	0.01121	0.01006	0.01545	0.10669	0.01423	0.01214	0.01906	0.00413	0.00089	0.00333	0.02409	0.00309	0.72121
27	0.01167	0.63774	0.21921	0.00927	0.01397	0.01653	0.01024	0.01413	0.00954	0.01188	0.00693	0.00805	0.00595	0.00409	0.00334	0.00111	0.00544	0.00272	0.00198	0.00619
28	0.00665	0.00498	0.00748	0.00748	0.00831	0.00582	0.00582	0.00831	0.00748	0.01080	0.01246	0.01828	0.01163	0.03489	0.81807	0.00748	0.01246	0.00498	0.00249	0.00415
29	0.51690	0.01398	0.00950	0.00848	0.01123	0.30309	0.00667	0.05554	0.01054	0.01787	0.00698	0.00804	0.00553	0.00456	0.00345	0.00135	0.00541	0.00278	0.00280	0.00531
30	0.00592	0.00473	0.00529	0.00515	0.00654	0.00411	0.00386	0.00749	0.01159	0.01491	0.33895	0.04091	0.51231	0.01091	0.00549	0.00153	0.00229	0.00928	0.00463	0.00411
31	0.01228	0.00984	0.01519	0.01174	0.01481	0.00996	0.23360	0.22120	0.01409	0.09284	0.10407	0.02137	0.10766	0.00692	0.00577	0.00156	0.04827	0.05871	0.00394	0.00618
32	0.00641	0.00477	0.00600	0.00592	0.00707	0.00436	0.00452	0.00832	0.01218	0.01658	0.53120	0.07929	0.19796	0.01057	0.00561	0.00158	0.00246	0.08611	0.00483	0.00425
33	0.01213	0.01059	0.05347	0.01275	0.01642	0.00954	0.29435	0.12040	0.03855	0.11608	0.01377	0.08591	0.01183	0.00620	0.00510	0.00151	0.00553	0.08088	0.00355	0.10141
34	0.04125	0.00931	0.01140	0.00879	0.01233	0.00905	0.00725	0.24522	0.01554	0.53744	0.01586	0.01432	0.01032	0.00566	0.00458	0.00142	0.00423	0.00447	0.03384	0.00772
35	0.00713	0.00489	0.00632	0.00589	0.00712	0.00447	0.00444	0.00925	0.01302	0.05222	0.72606	0.03454	0.08800	0.00949	0.00545	0.00147	0.00228	0.00834	0.00510	0.00451
36	0.01140	0.01093	0.01867	0.06269	0.77426	0.01102	0.01422	0.01418	0.01054	0.01506	0.00873	0.01155	0.00732	0.00417	0.00461	0.00139	0.00556	0.00414	0.00229	0.00727
37	0.00567	0.00405	0.00540	0.00648	0.00675	0.00378	0.00432	0.00648	0.00891	0.01188	0.02564	0.83347	0.03077	0.01457	0.00594	0.00189	0.00270	0.01323	0.00432	0.00378
38	0.01071	0.01019	0.01731	0.19198	0.61456	0.01061	0.01359	0.01346	0.01026	0.01438	0.00935	0.04556	0.00809	0.00468	0.00467	0.00144	0.00555	0.00452	0.00234	0.00677
39	0.00919	0.00868	0.01468	0.70814	0.14608	0.01044	0.01312	0.01224	0.00949	0.01237	0.00834	0.01227	0.00637	0.00458	0.00464	0.00153	0.00610	0.00414	0.00210	0.00549
40	0.00897	0.00854	0.01467	0.76564	0.05750	0.01042	0.04501	0.01209	0.00941	0.01212	0.00833	0.01238	0.00628	0.00460	0.00468	0.00155	0.00625	0.00419	0.00209	0.00529
41	0.00756	0.00497	0.00653	0.00602	0.00729	0.00456	0.00456	0.00973	0.01318	0.07300	0.75105	0.03345	0.04167	0.00925	0.00543	0.00146	0.00232	0.00816	0.00516	0.00463
42	0.01098	0.01255	0.02745	0.01961	0.02431	0.01176	0.79059	0.01490	0.01098	0.01490	0.00941	0.01255	0.00706	0.00392	0.00549	0.00157	0.00784	0.00549	0.00235	0.00627
43	0.00745	0.00533	0.00744	0.00844	0.00951	0.00531	0.00735	0.00960	0.01082	0.01414	0.06072	0.05166	0.02757	0.01270	0.00638	0.00211	0.00419	0.74067	0.00432	0.00429
44	0.00667	0.00489	0.00698	0.00698	0.00764	0.00555	0.00520	0.00799	0.00733	0.01043	0.01291	0.02079	0.01272	0.20030	0.65415	0.00686	0.01082	0.00535	0.00256	0.00388
45	0.01098	0.01255	0.02745	0.01961	0.02431	0.01176	0.79059	0.01490	0.01098	0.01490	0.00941	0.01255	0.00706	0.00392	0.00549	0.00157	0.00784	0.00549	0.00235	0.00627
46	0.00808	0.00404	0.00606	0.00606	0.00606	0.00404	0.00404	0.00606	0.00606	0.00808	0.00808	0.01414	0.00808	0.01616	0.01818	0.86465	0.00404	0.00404	0.00202	0.00202
47	0.00624	0.00474	0.00573	0.00549	0.00674	0.00424	0.00411	0.00810	0.01234	0.01670	0.56138	0.03797	0.28876	0.01024	0.00549	0.00150	0.00225	0.00887	0.00486	0.00424
48	0.00933	0.02406	0.81240	0.01326	0.02014	0.01080	0.01719	0.01473	0.00982	0.01473	0.00835	0.00982	0.00589	0.00442	0.00442	0.00147	0.00688	0.00344	0.00196	0.00688
49	0.00896	0.03859	0.48471	0.01042	0.01532	0.04367	0.01219	0.04450	0.01069	0.01445	0.01991	0.02016	0.24404	0.00666	0.00470	0.00148	0.00547	0.00532	0.00280	0.00595
50	0.01076	0.01483	0.30509	0.08976	0.09741	0.01059	0.03206	0.06741	0.18795	0.04584	0.01271	0.01381	0.03187	0.00691	0.05106	0.00184	0.00595	0.00441	0.00306	0.00672
51	0.01062	0.04029	0.24989	0.05077	0.01501	0.02422	0.02672	0.06135	0.19327	0.05059	0.10637	0.01756	0.04108	0.00635	0.00544	0.00154	0.05845	0.03067	0.00348	0.00635
52	0.02598	0.19237	0.41249	0.01204	0.05831	0.01211	0.03257	0.07261	0.01071	0.02883	0.00880	0.03154	0.00699	0.00460	0.00411	0.00131	0.00581	0.00360	0.00240	0.07281
53	0.01023	0.01007	0.01601	0.27252	0.06130	0.03345	0.16910	0.04359	0.07145	0.01403	0.03177	0.02819	0.03436	0.00584	0.00694	0.00162	0.16580	0.00490	0.00265	0.01618
54	0.01432	0.17935	0.08010	0.04308	0.01448	0.16515	0.02307	0.27021	0.03467	0.04115	0.02742	0.01223	0.04089	0.00612	0.02663	0.00148	0.00590	0.00397	0.00330	0.00647
55	0.00992	0.11961	0.01101	0.03478	0.02776	0.13756	0.02489	0.01147	0.03077	0.03159	0.03483	0.04012	0.01253	0.23637	0.21347	0.00370	0.00719	0.00510	0.00275	0.00457
56	0.35513	0.09350	0.00955	0.02770	0.00992	0.05182	0.00561	0.04435	0.00955	0.05332	0.06508	0.01416	0.01052	0.14309	0.00686	0.00182	0.00417	0.00389	0.00308	0.08687

[dist]
# distance from previous block
# <min> <max>
1	10

[block]
# block no. 5 follows, 55 sequences, length 31
# corresponding to MSA columns:
# 333-363
name=unknown_F
#
# <colnr> <probs for GDERKNQSTAVLIFYWHMCP>
#	G	D	E	R	K	N	Q	S	T	A	V	L	I	F	Y	W	H	M	C	P
0	0.02668	0.06813	0.30166	0.05735	0.01621	0.05467	0.02888	0.04054	0.19968	0.03458	0.01155	0.01311	0.00892	0.00714	0.05820	0.00185	0.02164	0.01841	0.00296	0.02783
1	0.02132	0.13849	0.21956	0.02942	0.01433	0.01132	0.02333	0.18038	0.04958	0.05921	0.03932	0.05998	0.06329	0.00653	0.01815	0.00150	0.02046	0.00480	0.00332	0.03570
2	0.04969	0.21931	0.14527	0.02723	0.02538	0.01280	0.08187	0.19973	0.03805	0.05001	0.03880	0.01328	0.05468	0.00575	0.01745	0.00145	0.00535	0.00423	0.00319	0.00649
3	0.01118	0.00970	0.01391	0.15929	0.31995	0.03648	0.01055	0.08728	0.04968	0.04740	0.01264	0.08673	0.03548	0.04224	0.00575	0.00159	0.02063	0.00523	0.00302	0.04125
4	0.01325	0.09491	0.05388	0.01104	0.01378	0.07959	0.04093	0.21472	0.21354	0.01823	0.01103	0.01192	0.00863	0.00598	0.00682	0.00154	0.18594	0.00419	0.00342	0.00664
5	0.00739	0.00528	0.00789	0.05327	0.00966	0.00606	0.00614	0.00907	0.00781	0.04583	0.01257	0.01834	0.01154	0.06457	0.70448	0.00676	0.01141	0.00500	0.00262	0.00432
6	0.00920	0.00857	0.05371	0.00847	0.00990	0.09416	0.00688	0.03630	0.04332	0.03161	0.01136	0.01599	0.01023	0.04981	0.45388	0.09961	0.04523	0.00458	0.00264	0.00456
7	0.00665	0.00498	0.00748	0.00748	0.00831	0.00582	0.00582	0.00831	0.00748	0.01080	0.01246	0.01828	0.01163	0.03489	0.81807	0.00748	0.01246	0.00498	0.00249	0.00415
8	0.00987	0.00838	0.00951	0.00857	0.01023	0.02337	0.00665	0.06569	0.32346	0.01645	0.11197	0.03944	0.07530	0.07744	0.08025	0.00238	0.11537	0.00598	0.00398	0.00571
9	0.01094	0.00989	0.01345	0.12618	0.15604	0.01103	0.06110	0.01973	0.46103	0.01710	0.01530	0.01700	0.01202	0.00585	0.00483	0.00157	0.00466	0.04168	0.00376	0.00684
10	0.01015	0.23910	0.60454	0.01186	0.01797	0.01281	0.01475	0.01452	0.00972	0.01373	0.00785	0.00920	0.00591	0.00430	0.00404	0.00135	0.00637	0.00319	0.00197	0.00664
11	0.00808	0.00404	0.00606	0.00606	0.00606	0.00404	0.00404	0.00606	0.00606	0.00808	0.00808	0.01414	0.00808	0.01616	0.01818	0.86465	0.00404	0.00404	0.00202	0.00202
12	0.00979	0.00943	0.01640	0.52228	0.27402	0.01066	0.06535	0.01284	0.00982	0.01312	0.00850	0.01213	0.00662	0.00444	0.00469	0.00150	0.00610	0.00423	0.00216	0.00593
13	0.01277	0.78466	0.02363	0.00823	0.01210	0.07187	0.00803	0.01424	0.00970	0.01097	0.00652	0.00752	0.00597	0.00403	0.00307	0.00101	0.00520	0.00252	0.00202	0.00593
14	0.01047	0.01034	0.04171	0.03835	0.55293	0.02401	0.01230	0.01321	0.02423	0.01412	0.00955	0.01285	0.00822	0.01053	0.16883	0.00264	0.03250	0.00429	0.00236	0.00656
15	0.00578	0.00423	0.00544	0.00617	0.00672	0.00389	0.00424	0.00684	0.00974	0.01297	0.14434	0.62012	0.12540	0.01349	0.00582	0.00179	0.00258	0.01210	0.00444	0.00389
16	0.00614	0.00474	0.00561	0.00539	0.00668	0.00420	0.00404	0.00793	0.01213	0.01618	0.49717	0.03882	0.35330	0.01043	0.00549	0.00151	0.00226	0.00898	0.00480	0.00420
17	0.01284	0.77293	0.02347	0.00829	0.01214	0.08335	0.00804	0.01431	0.00976	0.01098	0.00653	0.00754	0.00597	0.00405	0.00308	0.00101	0.00525	0.00253	0.00202	0.00592
18	0.01743	0.01293	0.01397	0.01076	0.01435	0.01442	0.00889	0.76535	0.02137	0.02870	0.01100	0.01114	0.00785	0.00567	0.00502	0.00142	0.03318	0.00418	0.00456	0.00782
19	0.01395	0.16680	0.01534	0.19887	0.01766	0.12365	0.00943	0.27832	0.05841	0.03170	0.00968	0.01104	0.00743	0.00596	0.03088	0.00154	0.00593	0.00379	0.00320	0.00642
20	0.01231	0.05413	0.01414	0.10260	0.09193	0.12983	0.05200	0.18606	0.02748	0.01618	0.01160	0.14838	0.01095	0.00691	0.00615	0.00154	0.11325	0.00550	0.00315	0.00592
21	0.00677	0.00451	0.00507	0.00507	0.00507	0.00451	0.00282	0.00677	0.00677	0.00902	0.01466	0.03044	0.01691	0.83650	0.02368	0.00451	0.00451	0.00677	0.00282	0.00282
22	0.00749	0.01680	0.00841	0.05925	0.00998	0.00670	0.00636	0.00910	0.00792	0.03633	0.01392	0.01916	0.05558	0.06367	0.59584	0.00600	0.06532	0.00518	0.00265	0.00435
23	0.00753	0.00811	0.05166	0.03247	0.00905	0.10696	0.00549	0.00901	0.01063	0.01262	0.08081	0.03394	0.50632	0.02384	0.06014	0.02134	0.00423	0.00784	0.00373	0.00430
24	0.01025	0.00930	0.01443	0.50326	0.09808	0.01058	0.04989	0.08477	0.07110	0.01481	0.00945	0.01235	0.00718	0.00468	0.00459	0.00145	0.00569	0.00417	0.00260	0.08136
25	0.01201	0.00942	0.01157	0.00977	0.01197	0.01070	0.02233	0.11921	0.23624	0.08567	0.01341	0.01618	0.01098	0.03249	0.05323	0.00200	0.19212	0.04637	0.00373	0.10060
26	0.72740	0.04637	0.00844	0.00683	0.00979	0.05604	0.00564	0.06601	0.00921	0.02047	0.00683	0.00784	0.00532	0.00441	0.00308	0.00140	0.00403	0.00266	0.00293	0.00529
27	0.01018	0.01018	0.01425	0.01221	0.01221	0.01425	0.01018	0.01120	0.00712	0.01120	0.00611	0.01018	0.00611	0.00814	0.01527	0.00204	0.82799	0.00407	0.00204	0.00509
28	0.00998	0.01355	0.20065	0.09461	0.01831	0.01222	0.16804	0.01340	0.04774	0.01326	0.00897	0.01185	0.02298	0.00608	0.00903	0.00173	0.33511	0.00439	0.00227	0.00583
29	0.01738	0.02217	0.01318	0.01199	0.01438	0.81783	0.00899	0.01858	0.01318	0.01139	0.00719	0.00839	0.00599	0.00479	0.00419	0.00120	0.00839	0.00300	0.00240	0.00539
30	0.00965	0.00827	0.00965	0.00689	0.01102	0.00620	0.00551	0.01171	0.00965	0.01516	0.00827	0.00965	0.00689	0.00345	0.00345	0.00069	0.00345	0.00276	0.00276	0.86494

[dist]
# distance from previous block
# <min> <max>
0	362

[block]
# block no. 6 follows, 55 sequences, length 99
# corresponding to MSA columns:
# 726-759,761-825
name=unknown_G
#
# <colnr> <probs for GDERKNQSTAVLIFYWHMCP>
#	G	D	E	R	K	N	Q	S	T	A	V	L	I	F	Y	W	H	M	C	P
0	0.01167	0.03576	0.01448	0.11825	0.30287	0.02582	0.01058	0.06494	0.28434	0.03224	0.01308	0.04390	0.01050	0.00547	0.00465	0.00148	0.00485	0.00481	0.00339	0.00692
1	0.01180	0.07823	0.36225	0.03743	0.04454	0.02087	0.06084	0.16792	0.02861	0.04817	0.02781	0.01230	0.03412	0.00519	0.00496	0.00145	0.03973	0.00411	0.00289	0.00675
2	0.00701	0.00510	0.00649	0.00722	0.03098	0.00496	0.00532	0.00826	0.00939	0.01218	0.04975	0.04174	0.14956	0.30031	0.01222	0.00283	0.00402	0.33509	0.00375	0.00381
3	0.00955	0.00816	0.00954	0.00688	0.01092	0.00614	0.00548	0.01158	0.00963	0.01508	0.00870	0.03014	0.00748	0.00372	0.00351	0.00072	0.00343	0.00302	0.00280	0.84352
4	0.00584	0.00458	0.00527	0.00569	0.00675	0.00407	0.00418	0.00699	0.01004	0.01254	0.05845	0.27731	0.44296	0.04429	0.00642	0.00184	0.00274	0.09187	0.00428	0.00389
5	0.01099	0.03311	0.15301	0.04073	0.42355	0.05093	0.03549	0.05059	0.01062	0.01465	0.00978	0.03594	0.00868	0.09433	0.00664	0.00174	0.00577	0.00450	0.00246	0.00650
6	0.04028	0.01216	0.01309	0.03860	0.01443	0.01361	0.00859	0.59270	0.17317	0.02655	0.01246	0.01232	0.00900	0.00566	0.00462	0.00144	0.00483	0.00435	0.00453	0.00763
7	0.01044	0.01236	0.12957	0.05256	0.04775	0.03058	0.29335	0.01496	0.11499	0.03662	0.02331	0.04267	0.02646	0.02343	0.04722	0.00194	0.07762	0.00525	0.00283	0.00608
8	0.00818	0.00709	0.03126	0.00719	0.00904	0.00694	0.00571	0.01397	0.27744	0.01756	0.35708	0.04374	0.15732	0.00883	0.00524	0.00155	0.00293	0.02884	0.00473	0.00538
9	0.00935	0.00954	0.01830	0.01416	0.01672	0.01014	0.38639	0.01199	0.00911	0.01285	0.00990	0.01412	0.00847	0.01532	0.28729	0.00369	0.14990	0.00507	0.00235	0.00534
10	0.00626	0.00500	0.00565	0.00554	0.00691	0.00455	0.00413	0.00851	0.05961	0.01508	0.31092	0.09767	0.43167	0.01085	0.00548	0.00156	0.00241	0.00930	0.00463	0.00429
11	0.01977	0.01034	0.01180	0.00919	0.01273	0.07085	0.00752	0.22298	0.01554	0.54579	0.01563	0.01405	0.01015	0.00564	0.00463	0.00141	0.00460	0.00442	0.00521	0.00772
12	0.01201	0.37909	0.22184	0.00967	0.01414	0.06946	0.01012	0.04693	0.01048	0.04086	0.00827	0.00999	0.00685	0.00450	0.00389	0.00117	0.01794	0.02222	0.00240	0.10817
13	0.01238	0.08008	0.18412	0.08027	0.01541	0.13307	0.03913	0.06677	0.02537	0.12054	0.09153	0.03230	0.05243	0.02038	0.00518	0.00147	0.02547	0.00477	0.00329	0.00605
14	0.00825	0.00512	0.00675	0.00614	0.00752	0.00467	0.00467	0.01040	0.01319	0.11097	0.71334	0.03255	0.04012	0.00907	0.00539	0.00146	0.00240	0.00798	0.00520	0.00480
15	0.02481	0.00960	0.01487	0.16929	0.37121	0.01981	0.02619	0.06817	0.02816	0.01462	0.00974	0.01378	0.00840	0.07017	0.09330	0.00233	0.04244	0.00444	0.00254	0.00613
16	0.00580	0.00465	0.00518	0.00520	0.00651	0.00403	0.00384	0.00720	0.01109	0.01407	0.24076	0.12668	0.52567	0.01149	0.00554	0.00158	0.00235	0.00982	0.00453	0.00403
17	0.86937	0.00900	0.00684	0.00612	0.00900	0.01044	0.00504	0.01368	0.00792	0.02087	0.00648	0.00756	0.00504	0.00432	0.00288	0.00144	0.00360	0.00252	0.00288	0.00504
18	0.04562	0.01054	0.06029	0.12137	0.08000	0.07347	0.12306	0.02657	0.02219	0.13271	0.01958	0.01274	0.00823	0.00747	0.03603	0.12140	0.03181	0.00422	0.00290	0.05980
19	0.00666	0.00467	0.00603	0.00623	0.00685	0.00473	0.00437	0.00763	0.00839	0.02667	0.05528	0.20111	0.10295	0.26676	0.23666	0.00418	0.00598	0.03769	0.00342	0.00374
20	0.03160	0.01288	0.19049	0.01160	0.07044	0.07950	0.04250	0.02686	0.17005	0.02629	0.02070	0.05231	0.03632	0.02684	0.12717	0.00249	0.02972	0.03320	0.00311	0.00596
21	0.00572	0.00409	0.00539	0.00638	0.00668	0.00382	0.00425	0.00654	0.00895	0.01193	0.04214	0.77126	0.04664	0.04406	0.00656	0.00197	0.00275	0.01282	0.00428	0.00376
22	0.68448	0.00980	0.00834	0.00708	0.01014	0.01120	0.00584	0.17209	0.01083	0.03345	0.00760	0.00841	0.00571	0.00460	0.00326	0.00143	0.00391	0.00289	0.00328	0.00566
23	0.01270	0.04701	0.02178	0.03203	0.01204	0.08945	0.00736	0.16305	0.16452	0.11066	0.01813	0.13888	0.06119	0.00782	0.00491	0.00154	0.00445	0.07274	0.00420	0.02555
24	0.01126	0.26996	0.45964	0.01135	0.03061	0.01288	0.01307	0.04675	0.01050	0.06050	0.02781	0.01014	0.00727	0.00453	0.00404	0.00132	0.00592	0.00338	0.00239	0.00665
25	0.00662	0.00455	0.00572	0.00612	0.00701	0.00411	0.00436	0.00784	0.01030	0.05490	0.16845	0.46299	0.19951	0.01258	0.00571	0.00173	0.00263	0.02621	0.00454	0.00415
26	0.01107	0.01056	0.01785	0.02683	0.74756	0.01052	0.01350	0.01370	0.01054	0.01498	0.01088	0.04119	0.04038	0.00481	0.00469	0.00141	0.00530	0.00469	0.00245	0.00711
27	0.01157	0.14680	0.13563	0.11954	0.22674	0.11253	0.06372	0.01434	0.01041	0.03123	0.00908	0.01245	0.00762	0.00562	0.02722	0.00156	0.01806	0.03729	0.00235	0.00623
28	0.01121	0.01076	0.01794	0.07764	0.71142	0.02182	0.01375	0.01393	0.01055	0.01486	0.00975	0.01327	0.01979	0.00456	0.00467	0.00142	0.00552	0.02769	0.00238	0.00706
29	0.00668	0.00455	0.00520	0.00516	0.00537	0.00447	0.00305	0.00702	0.00776	0.01041	0.11674	0.03167	0.05741	0.69253	0.02051	0.00398	0.00411	0.00712	0.00318	0.00307
30	0.01533	0.06354	0.01464	0.01340	0.11790	0.35514	0.02868	0.18976	0.10896	0.01704	0.02548	0.01106	0.00836	0.00509	0.00440	0.00131	0.00639	0.00382	0.00320	0.00648
31	0.01309	0.55603	0.05779	0.00987	0.02887	0.15318	0.03568	0.02907	0.04465	0.01211	0.00744	0.00852	0.00643	0.00433	0.00365	0.00113	0.01697	0.00293	0.00224	0.00603
32	0.00678	0.00467	0.00605	0.00605	0.00637	0.00499	0.00403	0.00733	0.00701	0.00966	0.01350	0.02498	0.01446	0.48868	0.32942	0.04658	0.00755	0.00595	0.00266	0.00330
33	0.00714	0.00647	0.05144	0.01961	0.00939	0.00550	0.05676	0.00932	0.01131	0.03173	0.38188	0.03112	0.19706	0.01321	0.13179	0.00244	0.00458	0.02051	0.00414	0.00459
34	0.03126	0.04370	0.61737	0.01221	0.01810	0.01039	0.03832	0.03594	0.01033	0.04284	0.03687	0.04449	0.00851	0.00504	0.00447	0.00146	0.00621	0.00407	0.00243	0.02599
35	0.00599	0.00463	0.00543	0.00548	0.00663	0.00412	0.00402	0.00747	0.01116	0.01458	0.31542	0.16080	0.37418	0.03578	0.00612	0.00168	0.00245	0.02546	0.00456	0.00405
36	0.01134	0.00934	0.01007	0.00908	0.01141	0.01071	0.00699	0.04879	0.67140	0.01835	0.01729	0.01673	0.01321	0.00754	0.00644	0.11138	0.00378	0.00507	0.00439	0.00670
37	0.12037	0.01254	0.01310	0.01015	0.01377	0.01395	0.00838	0.69813	0.02019	0.02830	0.01060	0.01073	0.00757	0.00543	0.00444	0.00140	0.00494	0.00399	0.00444	0.00757
38	0.01244	0.83930	0.02438	0.00796	0.01194	0.01841	0.00796	0.01393	0.00945	0.01095	0.00647	0.00746	0.00597	0.00398	0.00299	0.00100	0.00498	0.00249	0.00199	0.00597
39	0.01068	0.01745	0.41495	0.01273	0.01786	0.01109	0.12797	0.09996	0.15896	0.01709	0.01297	0.01374	0.05278	0.00524	0.00472	0.00150	0.00598	0.00452	0.00296	0.00682
40	0.00879	0.00827	0.01395	0.82532	0.03204	0.01034	0.01292	0.01189	0.00930	0.01189	0.00827	0.01240	0.00620	0.00465	0.00465	0.00155	0.00620	0.00413	0.00207	0.00517
41	0.00965	0.00827	0.00965	0.00689	0.01102	0.00620	0.00551	0.01171	0.00965	0.01516	0.00827	0.00965	0.00689	0.00345	0.00345	0.00069	0.00345	0.00276	0.00276	0.86494
42	0.00981	0.14938	0.69127	0.01245	0.01888	0.01197	0.01577	0.01461	0.00977	0.01415	0.00806	0.00946	0.00591	0.00435	0.00420	0.00140	0.00658	0.00329	0.00197	0.00674
43	0.03520	0.19445	0.01638	0.58881	0.02645	0.01223	0.02906	0.02319	0.00951	0.01225	0.00788	0.01114	0.00616	0.00449	0.00424	0.00142	0.00587	0.00375	0.00212	0.00541
44	0.01201	0.03918	0.01504	0.22029	0.21073	0.03549	0.03264	0.18378	0.01261	0.01718	0.00896	0.01110	0.00700	0.00446	0.00436	0.00128	0.00534	0.00383	0.00284	0.17187
45	0.02723	0.63497	0.02130	0.00839	0.01215	0.03554	0.00791	0.11305	0.04582	0.02910	0.00800	0.00896	0.00686	0.01915	0.00370	0.00115	0.00497	0.00296	0.00256	0.00623
46	0.00573	0.00472	0.00503	0.00495	0.00642	0.00402	0.00371	0.00712	0.01114	0.01384	0.20575	0.04267	0.64618	0.01131	0.00550	0.00155	0.00232	0.00952	0.00449	0.00402
47	0.01139	0.01093	0.01866	0.06508	0.77194	0.01102	0.01422	0.01417	0.01053	0.01505	0.00873	0.01155	0.00732	0.00417	0.00461	0.00139	0.00556	0.00414	0.00229	0.00727
48	0.00625	0.00446	0.00606	0.00714	0.00766	0.00428	0.00533	0.00748	0.00948	0.01252	0.02532	0.58581	0.02950	0.01403	0.00609	0.00197	0.00320	0.25516	0.00431	0.00394
49	0.01018	0.01018	0.01425	0.01221	0.01221	0.01425	0.01018	0.01120	0.00712	0.01120	0.00611	0.01018	0.00611	0.00814	0.01527	0.00204	0.82799	0.00407	0.00204	0.00509
50	0.01389	0.00903	0.01052	0.00897	0.01149	0.00945	0.00721	0.37796	0.01600	0.14319	0.03926	0.20676	0.01698	0.00866	0.00519	0.00161	0.00420	0.09851	0.00472	0.00643
51	0.86937	0.00900	0.00684	0.00612	0.00900	0.01044	0.00504	0.01368	0.00792	0.02087	0.00648	0.00756	0.00504	0.00432	0.00288	0.00144	0.00360	0.00252	0.00288	0.00504
52	0.00593	0.00438	0.00539	0.00607	0.00669	0.00405	0.00423	0.00685	0.00920	0.01186	0.02923	0.47406	0.21165	0.11833	0.00814	0.00217	0.00299	0.08091	0.00412	0.00374
53	0.00665	0.00498	0.00748	0.00748	0.00831	0.00582	0.00582	0.00831	0.00748	0.01080	0.01246	0.01828	0.01163	0.03489	0.81807	0.00748	0.01246	0.00498	0.00249	0.00415
54	0.00665	0.00498	0.00748	0.00748	0.00831	0.00582	0.00582	0.00831	0.00748	0.01080	0.01246	0.01828	0.01163	0.03489	0.81807	0.00748	0.01246	0.00498	0.00249	0.00415
55	0.01010	0.01007	0.01411	0.01212	0.01213	0.01407	0.01009	0.01114	0.00713	0.01119	0.00624	0.01035	0.00622	0.00870	0.03200	0.00215	0.81099	0.00409	0.00205	0.00507
56	0.16385	0.00869	0.00872	0.00740	0.00987	0.00958	0.00593	0.25371	0.12465	0.03511	0.01299	0.01370	0.00979	0.00541	0.00385	0.00132	0.00357	0.00411	0.31171	0.00605
57	0.01424	0.15445	0.07315	0.07231	0.01480	0.25772	0.02582	0.08753	0.02171	0.11550	0.03887	0.01361	0.03133	0.00631	0.02837	0.00151	0.00621	0.02738	0.00314	0.00603
58	0.01354	0.66216	0.02207	0.00866	0.01247	0.08836	0.00816	0.11333	0.01136	0.01332	0.00713	0.00802	0.00622	0.00426	0.00330	0.00106	0.00529	0.00275	0.00236	0.00617
59	0.00804	0.00506	0.00639	0.00614	0.00751	0.00450	0.00455	0.00961	0.01145	0.11635	0.32876	0.24873	0.17957	0.01066	0.00545	0.00157	0.00262	0.00934	0.00477	0.02894
60	0.00745	0.00413	0.00576	0.00593	0.00597	0.00409	0.00385	0.00626	0.00664	0.00885	0.01210	0.14475	0.01333	0.17604	0.01735	0.56258	0.00392	0.00600	0.00253	0.00245
61	0.01438	0.02140	0.25546	0.01199	0.01574	0.49233	0.01123	0.05275	0.01257	0.01362	0.05015	0.01036	0.00807	0.00497	0.00435	0.00131	0.00745	0.00347	0.00252	0.00591
62	0.00996	0.00856	0.01039	0.00775	0.01123	0.00747	0.00627	0.01186	0.00933	0.03087	0.00814	0.00986	0.00686	0.00422	0.00531	0.00091	0.13169	0.00300	0.00271	0.71363
63	0.00988	0.01884	0.48815	0.04273	0.10484	0.01089	0.20755	0.01449	0.01026	0.01483	0.02841	0.01138	0.00729	0.00440	0.00474	0.00149	0.00683	0.00417	0.00218	0.00666
64	0.00640	0.00490	0.00589	0.00561	0.00690	0.00446	0.00422	0.00861	0.03561	0.01683	0.55154	0.03728	0.27444	0.01011	0.00547	0.00150	0.00229	0.00875	0.00487	0.00434
65	0.86937	0.00900	0.00684	0.00612	0.00900	0.01044	0.00504	0.01368	0.00792	0.02087	0.00648	0.00756	0.00504	0.00432	0.00288	0.00144	0.00360	0.00252	0.00288	0.00504
66	0.01244	0.83930	0.02438	0.00796	0.01194	0.01841	0.00796	0.01393	0.00945	0.01095	0.00647	0.00746	0.00597	0.00398	0.00299	0.00100	0.00498	0.00249	0.00199	0.00597
67	0.00563	0.00454	0.00501	0.00527	0.00646	0.00392	0.00381	0.00679	0.01036	0.01286	0.10035	0.25193	0.54213	0.01234	0.00561	0.00165	0.00243	0.01061	0.00438	0.00392
68	0.00879	0.00827	0.01395	0.82532	0.03204	0.01034	0.01292	0.01189	0.00930	0.01189	0.00827	0.01240	0.00620	0.00465	0.00465	0.00155	0.00620	0.00413	0.00207	0.00517
69	0.00589	0.00466	0.00531	0.00529	0.00656	0.00407	0.00391	0.00738	0.01131	0.01460	0.30741	0.12433	0.46017	0.01129	0.00554	0.00157	0.00234	0.00969	0.00460	0.00407
70	0.00974	0.01041	0.02097	0.01578	0.01894	0.01035	0.51939	0.01265	0.01016	0.01396	0.03459	0.16913	0.01249	0.00664	0.00682	0.00169	0.11105	0.00686	0.00277	0.00560
71	0.00672	0.00452	0.00513	0.00518	0.00525	0.00449	0.00298	0.00681	0.00701	0.00930	0.01601	0.05567	0.03716	0.77384	0.02233	0.00431	0.00440	0.02307	0.00293	0.00291
72	0.01493	0.01072	0.01204	0.00968	0.01263	0.01185	0.00786	0.54011	0.04566	0.05874	0.01215	0.01375	0.00938	0.04057	0.17498	0.00278	0.00653	0.00450	0.00419	0.00693
73	0.00680	0.00505	0.00720	0.00717	0.00792	0.00578	0.00540	0.00853	0.02941	0.01077	0.01298	0.02010	0.01251	0.15596	0.67465	0.00686	0.01101	0.00526	0.00260	0.00404
74	0.02087	0.00792	0.01080	0.00828	0.01188	0.00684	0.00684	0.02267	0.01332	0.81071	0.01835	0.01583	0.01152	0.00576	0.00468	0.00144	0.00396	0.00468	0.00576	0.00792
75	0.84833	0.00897	0.00694	0.00617	0.00907	0.01035	0.00508	0.01390	0.00805	0.04046	0.00677	0.00776	0.00520	0.00435	0.00292	0.00144	0.00361	0.00257	0.00295	0.00511
76	0.00980	0.00798	0.01228	0.16773	0.23482	0.00849	0.00973	0.02517	0.01021	0.06929	0.03198	0.16237	0.05025	0.00783	0.00589	0.00162	0.06861	0.08323	0.00323	0.02948
77	0.06473	0.01568	0.28059	0.01147	0.01573	0.09713	0.07677	0.07309	0.01175	0.19064	0.03651	0.01269	0.02437	0.00536	0.00527	0.00148	0.06272	0.00416	0.00328	0.00660
78	0.61731	0.23287	0.01207	0.00711	0.01030	0.02691	0.00614	0.01420	0.00879	0.01850	0.00706	0.00833	0.00585	0.00460	0.00318	0.00142	0.00425	0.00271	0.00282	0.00558
79	0.01219	0.36336	0.34232	0.01111	0.01613	0.04579	0.03902	0.04912	0.01075	0.03615	0.00865	0.01033	0.00700	0.02345	0.00454	0.00143	0.00613	0.00342	0.00244	0.00667
80	0.00822	0.00752	0.06149	0.00718	0.00935	0.00613	0.00598	0.02517	0.04617	0.03187	0.14632	0.06640	0.30583	0.03331	0.02588	0.00182	0.02414	0.06653	0.00416	0.11653
81	0.00754	0.00534	0.00728	0.00707	0.00805	0.00555	0.00532	0.00913	0.00998	0.03073	0.29445	0.02561	0.02394	0.08171	0.43616	0.00495	0.00802	0.00648	0.01819	0.00452
82	0.01493	0.01177	0.01249	0.01040	0.01357	0.01317	0.00828	0.37955	0.43352	0.02449	0.01581	0.01520	0.01176	0.00633	0.00493	0.00159	0.00454	0.00493	0.00487	0.00789
83	0.00862	0.00556	0.00667	0.00614	0.00773	0.00489	0.00462	0.01019	0.01244	0.11754	0.41734	0.03617	0.29774	0.03528	0.00617	0.00169	0.00275	0.00851	0.00503	0.00493
84	0.00687	0.00516	0.00622	0.00593	0.00721	0.00461	0.00441	0.00862	0.01279	0.01747	0.59196	0.03804	0.25193	0.01046	0.00572	0.00159	0.00245	0.00894	0.00507	0.00456
85	0.63158	0.00909	0.00832	0.00710	0.01020	0.00975	0.00578	0.01650	0.00975	0.23633	0.01028	0.01059	0.00734	0.00508	0.00362	0.00154	0.00389	0.00330	0.00385	0.00611
86	0.00970	0.00862	0.01413	0.10395	0.31708	0.00863	0.07241	0.01199	0.01079	0.01476	0.05753	0.12401	0.03214	0.00826	0.00556	0.00176	0.00509	0.18428	0.00336	0.00594
87	0.00843	0.00755	0.01302	0.01105	0.01291	0.00723	0.23758	0.02638	0.01069	0.01452	0.10585	0.39256	0.03778	0.01059	0.00630	0.00185	0.03295	0.05377	0.00393	0.00505
88	0.01021	0.05993	0.38566	0.01350	0.09219	0.02783	0.06883	0.03808	0.01115	0.01578	0.13043	0.01647	0.03475	0.00686	0.02927	0.00174	0.03113	0.01680	0.00291	0.00648
89	0.14726	0.16932	0.02834	0.06180	0.21710	0.19638	0.01014	0.05601	0.01126	0.01531	0.00815	0.01013	0.00684	0.00493	0.00460	0.00142	0.03853	0.00349	0.00264	0.00637
90	0.56487	0.06314	0.01014	0.00843	0.02627	0.16135	0.00660	0.03716	0.03736	0.03452	0.00802	0.00917	0.00638	0.00488	0.00356	0.00147	0.00486	0.00301	0.00308	0.00571
91	0.01049	0.01046	0.09167	0.03035	0.15543	0.02309	0.02839	0.02988	0.23870	0.02827	0.19434	0.04878	0.04484	0.00747	0.00562	0.03135	0.00439	0.00606	0.00401	0.00640
92	0.00640	0.00503	0.00568	0.00607	0.00715	0.00449	0.00429	0.00771	0.03766	0.01322	0.05949	0.38281	0.41649	0.01303	0.00589	0.00180	0.00275	0.01121	0.00453	0.00429
93	0.00852	0.00922	0.10008	0.05418	0.05638	0.00741	0.15299	0.01113	0.01189	0.01653	0.36664	0.07904	0.08936	0.00821	0.00554	0.00162	0.00440	0.00744	0.00400	0.00543
94	0.03498	0.00850	0.00991	0.00737	0.01130	0.00662	0.00583	0.01300	0.01027	0.08987	0.01032	0.03952	0.00862	0.00445	0.00388	0.00093	0.00367	0.00348	0.00328	0.72420
