[name]
unknown

[dist]
# distance from previous block
# <min> <max>
0	295

[block]
# block no. 0 follows, 47 sequences, length 36
# corresponding to MSA columns:
# 355-390
name=unknown_A
#
# <colnr> <probs for GDERKNQSTAVLIFYWHMCP>
#	G	D	E	R	K	N	Q	S	T	A	V	L	I	F	Y	W	H	M	C	P
0	0.01227	0.05191	0.06009	0.04320	0.01419	0.00912	0.04699	0.09352	0.03539	0.11486	0.07662	0.03270	0.05367	0.00927	0.00585	0.00182	0.00500	0.26329	0.00451	0.06573
1	0.08047	0.00909	0.01161	0.00916	0.01295	0.00838	0.00750	0.02450	0.08844	0.64047	0.03871	0.01777	0.01358	0.00650	0.00512	0.00163	0.00432	0.00523	0.00609	0.00848
2	0.08111	0.05911	0.01289	0.00922	0.01322	0.00918	0.00771	0.06282	0.01471	0.64707	0.01837	0.01622	0.01179	0.00620	0.00498	0.00158	0.00454	0.00489	0.00589	0.00850
3	0.01124	0.00967	0.01165	0.04979	0.01385	0.00828	0.00716	0.05087	0.01127	0.01726	0.00925	0.01109	0.00767	0.00442	0.00493	0.00097	0.06074	0.00335	0.00309	0.70347
4	0.01323	0.16339	0.38279	0.01346	0.01897	0.01390	0.07377	0.06299	0.01194	0.09661	0.01016	0.01160	0.00753	0.00549	0.00609	0.00162	0.09203	0.00411	0.00287	0.00744
5	0.00633	0.00458	0.00600	0.00713	0.00752	0.00424	0.00478	0.00726	0.01009	0.01334	0.03018	0.76666	0.08042	0.01612	0.00662	0.00209	0.00300	0.01457	0.00483	0.00424
6	0.02829	0.00569	0.00741	0.00727	0.00864	0.00530	0.00553	0.01105	0.01323	0.09857	0.42568	0.20751	0.05755	0.01176	0.00620	0.00182	0.00306	0.08483	0.00544	0.00517
7	0.01416	0.31253	0.24724	0.01235	0.03475	0.19206	0.01233	0.05604	0.01231	0.01479	0.00866	0.01019	0.00708	0.00634	0.03719	0.00166	0.00743	0.00348	0.00251	0.00690
8	0.04773	0.01077	0.01467	0.01161	0.03582	0.01044	0.09020	0.20864	0.01655	0.42134	0.01869	0.01757	0.05827	0.00649	0.00532	0.00162	0.00515	0.00545	0.00541	0.00826
9	0.01440	0.00962	0.01456	0.20528	0.04050	0.00925	0.08025	0.01709	0.01212	0.24460	0.03583	0.01483	0.01031	0.00540	0.00534	0.00144	0.03118	0.00467	0.00389	0.23946
10	0.01392	0.82012	0.02729	0.00891	0.01337	0.02061	0.00891	0.01559	0.01058	0.01225	0.00724	0.00835	0.00668	0.00446	0.00334	0.00111	0.00557	0.00278	0.00223	0.00668
11	0.01572	0.08221	0.35006	0.01317	0.01896	0.01127	0.10425	0.01972	0.01256	0.30104	0.01346	0.01364	0.00909	0.00539	0.00507	0.00161	0.00645	0.00455	0.00382	0.00796
12	0.01299	0.60677	0.23244	0.01051	0.01583	0.01832	0.01169	0.01584	0.01069	0.01339	0.00781	0.00906	0.00666	0.00459	0.00377	0.00126	0.00614	0.00307	0.00222	0.00696
13	0.85377	0.01007	0.00765	0.00685	0.01007	0.01168	0.00564	0.01531	0.00886	0.02336	0.00725	0.00846	0.00564	0.00483	0.00322	0.00161	0.00403	0.00282	0.00322	0.00564
14	0.00853	0.00702	0.00943	0.00891	0.00916	0.00856	0.00662	0.00941	0.00821	0.01172	0.01473	0.13559	0.01620	0.28923	0.18729	0.00451	0.25019	0.00726	0.00305	0.00440
15	0.01331	0.01146	0.01276	0.01245	0.07786	0.01307	0.00897	0.06533	0.67234	0.02196	0.01979	0.01852	0.01489	0.00682	0.00528	0.00174	0.00438	0.00572	0.00507	0.00828
16	0.01344	0.00917	0.01107	0.00804	0.01254	0.00709	0.00648	0.01569	0.01166	0.17886	0.01163	0.01225	0.00880	0.00440	0.00415	0.00095	0.00398	0.00354	0.00379	0.67247
17	0.00632	0.00463	0.00594	0.00698	0.00748	0.00425	0.00472	0.00728	0.01023	0.01340	0.03196	0.71032	0.13561	0.01589	0.00658	0.00207	0.00297	0.01429	0.00483	0.00425
18	0.01139	0.01139	0.01595	0.01367	0.01367	0.01595	0.01139	0.01253	0.00798	0.01253	0.00684	0.01139	0.00684	0.00911	0.01709	0.00228	0.80745	0.00456	0.00228	0.00570
19	0.00634	0.00453	0.00604	0.00725	0.00755	0.00423	0.00483	0.00725	0.00997	0.01329	0.02870	0.81358	0.03444	0.01632	0.00665	0.00211	0.00302	0.01480	0.00483	0.00423
20	0.02224	0.00861	0.01172	0.00907	0.01291	0.00746	0.00746	0.02428	0.01489	0.73404	0.07418	0.01922	0.01545	0.00674	0.00530	0.00161	0.00429	0.00553	0.00640	0.00858
21	0.00737	0.00532	0.00696	0.00655	0.00778	0.00491	0.00491	0.00983	0.01474	0.02088	0.78175	0.03890	0.04914	0.01065	0.00614	0.00164	0.00246	0.00942	0.00573	0.00491
22	0.00631	0.00528	0.00549	0.00544	0.00713	0.00446	0.00408	0.00777	0.01224	0.01493	0.14547	0.04869	0.68913	0.01287	0.00615	0.00174	0.00261	0.01079	0.00495	0.00446
23	0.01916	0.01044	0.01709	0.01290	0.01671	0.01004	0.19158	0.02164	0.01339	0.50275	0.01638	0.01603	0.01091	0.00629	0.00696	0.00173	0.10761	0.00537	0.00499	0.00801
24	0.85377	0.01007	0.00765	0.00685	0.01007	0.01168	0.00564	0.01531	0.00886	0.02336	0.00725	0.00846	0.00564	0.00483	0.00322	0.00161	0.00403	0.00282	0.00322	0.00564
25	0.01786	0.21629	0.01770	0.01215	0.01533	0.54335	0.00970	0.05089	0.04580	0.01384	0.00859	0.00969	0.00717	0.00525	0.00441	0.00131	0.00809	0.00338	0.00279	0.00640
26	0.00991	0.00748	0.00920	0.04996	0.01149	0.00794	0.00693	0.07639	0.15215	0.04399	0.15224	0.27638	0.06711	0.01138	0.00641	0.00190	0.02813	0.07025	0.00494	0.00580
27	0.01385	0.01229	0.08274	0.01349	0.01847	0.00965	0.26729	0.01712	0.01216	0.17433	0.01201	0.01334	0.00874	0.00466	0.00501	0.00135	0.00598	0.00464	0.00354	0.31934
28	0.00714	0.00526	0.00680	0.00781	0.00843	0.00516	0.00554	0.00937	0.07390	0.01427	0.02794	0.65831	0.03237	0.01532	0.00660	0.00212	0.00332	0.10084	0.00487	0.00463
29	0.00873	0.00560	0.00729	0.00679	0.00824	0.00510	0.00512	0.01098	0.01427	0.09194	0.61939	0.09209	0.08284	0.01078	0.00609	0.00168	0.00269	0.00949	0.00569	0.00521
30	0.01650	0.01410	0.01664	0.16063	0.09212	0.20099	0.10676	0.03349	0.08448	0.20259	0.01308	0.01415	0.00944	0.00558	0.00521	0.00159	0.00681	0.00478	0.00380	0.00726
31	0.00780	0.00572	0.00689	0.00704	0.00782	0.00575	0.00479	0.01057	0.10773	0.01527	0.20636	0.29515	0.03106	0.24997	0.01221	0.00282	0.00362	0.01023	0.00462	0.00459
32	0.00634	0.00453	0.00604	0.00725	0.00755	0.00423	0.00483	0.00725	0.00997	0.01329	0.02870	0.81358	0.03444	0.01632	0.00665	0.00211	0.00302	0.01480	0.00483	0.00423
33	0.00643	0.00469	0.00608	0.00715	0.00766	0.00434	0.00492	0.00746	0.01029	0.01350	0.03134	0.68882	0.11798	0.01586	0.00662	0.00209	0.00307	0.05259	0.00483	0.00428
34	0.02161	0.00988	0.01254	0.00969	0.01357	0.00932	0.00797	0.18483	0.01697	0.57762	0.06559	0.01790	0.01425	0.00666	0.00529	0.00160	0.00459	0.00538	0.00613	0.00862
35	0.01800	0.01870	0.01561	0.11117	0.05855	0.44874	0.04199	0.07904	0.01462	0.11340	0.01031	0.01166	0.00783	0.00555	0.00520	0.00149	0.02403	0.00406	0.00330	0.00674

[dist]
# distance from previous block
# <min> <max>
0	1

[block]
# block no. 1 follows, 47 sequences, length 58
# corresponding to MSA columns:
# 392-410,486-524
name=unknown_B
#
# <colnr> <probs for GDERKNQSTAVLIFYWHMCP>
#	G	D	E	R	K	N	Q	S	T	A	V	L	I	F	Y	W	H	M	C	P
0	0.43718	0.01239	0.01459	0.04260	0.22119	0.08187	0.08870	0.01605	0.01060	0.01968	0.00842	0.01050	0.00672	0.00480	0.00425	0.00159	0.00568	0.00377	0.00291	0.00653
1	0.02231	0.00863	0.01175	0.00909	0.01293	0.00747	0.00747	0.02435	0.01489	0.73734	0.07091	0.01913	0.01529	0.00672	0.00530	0.00161	0.00430	0.00551	0.00640	0.00860
2	0.01438	0.69499	0.02514	0.00934	0.01361	0.10426	0.00891	0.01604	0.01105	0.01253	0.00742	0.00858	0.00673	0.00453	0.00351	0.00112	0.00590	0.00286	0.00232	0.04677
3	0.00759	0.00562	0.00719	0.00659	0.00810	0.00505	0.00497	0.00999	0.01433	0.02032	0.69399	0.03719	0.07471	0.01023	0.00597	0.00158	0.00257	0.00899	0.00549	0.06955
4	0.01942	0.04188	0.01497	0.01323	0.01598	0.76214	0.00999	0.02078	0.01467	0.02942	0.00830	0.00955	0.00684	0.00537	0.00468	0.00134	0.00920	0.00338	0.00275	0.00611
5	0.02159	0.00955	0.01318	0.01192	0.09844	0.00871	0.00867	0.04871	0.05171	0.64125	0.01913	0.01710	0.01239	0.00627	0.00523	0.00161	0.00465	0.00518	0.00592	0.00876
6	0.01021	0.00825	0.01262	0.13539	0.22672	0.00830	0.00972	0.01300	0.02616	0.05469	0.26297	0.11524	0.02506	0.00830	0.00564	0.00166	0.00447	0.02110	0.00412	0.04638
7	0.01392	0.82012	0.02729	0.00891	0.01337	0.02061	0.00891	0.01559	0.01058	0.01225	0.00724	0.00835	0.00668	0.00446	0.00334	0.00111	0.00557	0.00278	0.00223	0.00668
8	0.01537	0.06833	0.01357	0.01236	0.06652	0.36221	0.00885	0.04206	0.01315	0.08648	0.01444	0.19924	0.01417	0.00914	0.03133	0.00181	0.02486	0.00641	0.00358	0.00612
9	0.01045	0.02694	0.79000	0.01484	0.02254	0.01209	0.01924	0.01649	0.01099	0.01649	0.00935	0.01099	0.00660	0.00495	0.00495	0.00165	0.00770	0.00385	0.00220	0.00770
10	0.61034	0.01057	0.01143	0.06400	0.10921	0.01204	0.04656	0.01520	0.00947	0.02105	0.00785	0.00979	0.00622	0.00501	0.00440	0.00165	0.04273	0.00342	0.00301	0.00605
11	0.01139	0.01139	0.01595	0.01367	0.01367	0.01595	0.01139	0.01253	0.00798	0.01253	0.00684	0.01139	0.00684	0.00911	0.01709	0.00228	0.80745	0.00456	0.00228	0.00570
12	0.03313	0.01342	0.01425	0.01145	0.01520	0.01505	0.00929	0.51732	0.26357	0.02912	0.01518	0.01464	0.01104	0.00648	0.00520	0.00163	0.00519	0.00504	0.00520	0.00860
13	0.00852	0.00641	0.00788	0.00714	0.00882	0.00615	0.00544	0.04796	0.07318	0.02111	0.62484	0.03517	0.06734	0.00992	0.00592	0.00161	0.00282	0.00867	0.00552	0.04559
14	0.00863	0.00545	0.00721	0.00700	0.00825	0.00499	0.00516	0.01062	0.01346	0.09259	0.50464	0.24665	0.04167	0.01178	0.00619	0.00176	0.00280	0.01047	0.00556	0.00511
15	0.01139	0.01139	0.01595	0.01367	0.01367	0.01595	0.01139	0.01253	0.00798	0.01253	0.00684	0.01139	0.00684	0.00911	0.01709	0.00228	0.80745	0.00456	0.00228	0.00570
16	0.00905	0.00452	0.00678	0.00678	0.00678	0.00452	0.00452	0.00678	0.00678	0.00905	0.00905	0.01583	0.00905	0.01809	0.02035	0.84848	0.00452	0.00452	0.00226	0.00226
17	0.02336	0.00886	0.01209	0.00927	0.01329	0.00765	0.00765	0.02538	0.01491	0.78810	0.02055	0.01773	0.01289	0.00645	0.00524	0.00161	0.00443	0.00524	0.00645	0.00886
18	0.01363	0.01117	0.01190	0.01058	0.01360	0.01280	0.00826	0.04836	0.71884	0.05753	0.02092	0.01916	0.01556	0.00701	0.00529	0.00175	0.00418	0.00582	0.00535	0.00829
19	0.00737	0.00532	0.00696	0.00655	0.00778	0.00491	0.00491	0.00983	0.01474	0.02088	0.78175	0.03890	0.04914	0.01065	0.00614	0.00164	0.00246	0.00942	0.00573	0.00491
20	0.00971	0.00485	0.00485	0.00485	0.00607	0.00485	0.00364	0.01213	0.01092	0.01942	0.01699	0.01942	0.01335	0.00607	0.00364	0.00121	0.00243	0.00485	0.84589	0.00485
21	0.79015	0.00998	0.00799	0.00703	0.01032	0.01137	0.00579	0.01608	0.00933	0.08195	0.00827	0.00917	0.00620	0.00496	0.00338	0.00161	0.00406	0.00301	0.00347	0.00589
22	0.01071	0.08770	0.73157	0.01439	0.02184	0.01275	0.01845	0.01642	0.01096	0.01617	0.00918	0.01079	0.00660	0.00491	0.00482	0.00161	0.00753	0.00377	0.00220	0.00762
23	0.01204	0.00701	0.00875	0.00767	0.00989	0.00666	0.00597	0.01596	0.11919	0.21306	0.41575	0.03198	0.10595	0.00934	0.00580	0.00166	0.00320	0.00803	0.00577	0.00631
24	0.12542	0.15706	0.40774	0.01264	0.01857	0.01335	0.06368	0.04697	0.01160	0.08317	0.00987	0.01104	0.00720	0.00499	0.00456	0.00155	0.00656	0.00383	0.00285	0.00735
25	0.01751	0.00792	0.00968	0.00786	0.01086	0.00740	0.00635	0.09422	0.01439	0.41587	0.02074	0.01989	0.06355	0.00675	0.00479	0.00149	0.00380	0.00544	0.27421	0.00729
26	0.00698	0.00483	0.00641	0.00712	0.00774	0.00448	0.00492	0.00830	0.01127	0.03253	0.21559	0.60332	0.03761	0.01469	0.00649	0.00199	0.00291	0.01325	0.00509	0.00450
27	0.00998	0.01348	0.20078	0.61566	0.03268	0.01170	0.01561	0.01407	0.01055	0.01407	0.00928	0.01319	0.00686	0.00514	0.00514	0.00171	0.00712	0.00444	0.00229	0.00624
28	0.01388	0.00697	0.00905	0.00830	0.01040	0.00645	0.00627	0.05122	0.03882	0.31773	0.03833	0.39802	0.04959	0.01146	0.00596	0.00186	0.00372	0.01006	0.00551	0.00642
29	0.00718	0.00523	0.00675	0.00655	0.00771	0.00480	0.00484	0.00939	0.01402	0.01959	0.64995	0.12670	0.09492	0.01145	0.00620	0.00170	0.00253	0.01013	0.00557	0.00480
30	0.00634	0.00453	0.00604	0.00725	0.00755	0.00423	0.00483	0.00725	0.00997	0.01329	0.02870	0.81358	0.03444	0.01632	0.00665	0.00211	0.00302	0.01480	0.00483	0.00423
31	0.04904	0.03734	0.03545	0.01099	0.05136	0.01044	0.00881	0.19118	0.01646	0.49370	0.03064	0.01588	0.01178	0.00623	0.00511	0.00158	0.00489	0.00496	0.00560	0.00855
32	0.02096	0.01016	0.01373	0.01215	0.08785	0.00989	0.00904	0.12321	0.01537	0.55301	0.01738	0.01607	0.01144	0.00645	0.00613	0.00165	0.06630	0.00505	0.00559	0.00856
33	0.79486	0.02771	0.00873	0.00811	0.04766	0.01191	0.00621	0.01535	0.00904	0.02282	0.00737	0.00867	0.00579	0.00482	0.00332	0.00160	0.00417	0.00291	0.00317	0.00579
34	0.12658	0.00901	0.01153	0.00896	0.01289	0.00815	0.00740	0.02413	0.01415	0.69305	0.01889	0.01657	0.01199	0.00625	0.00499	0.00161	0.00438	0.00494	0.00604	0.00846
35	0.01397	0.23743	0.01775	0.20809	0.01960	0.19650	0.01021	0.04739	0.07067	0.01478	0.00946	0.01129	0.00768	0.00505	0.00441	0.00135	0.00648	0.00373	0.00282	0.11133
36	0.01262	0.00811	0.00978	0.00777	0.01117	0.00688	0.00616	0.01571	0.07112	0.19270	0.15450	0.02301	0.11580	0.00708	0.00498	0.00132	0.00360	0.00592	0.00471	0.33707
37	0.01986	0.01409	0.01447	0.01144	0.01532	0.08910	0.00930	0.47605	0.09051	0.18407	0.01451	0.01391	0.01012	0.00628	0.00517	0.00157	0.00567	0.00478	0.00523	0.00853
38	0.01231	0.01043	0.01197	0.01164	0.07493	0.01144	0.02179	0.11156	0.44432	0.02094	0.02469	0.06100	0.14397	0.00819	0.00550	0.00174	0.00426	0.00693	0.00492	0.00746
39	0.10535	0.00939	0.01064	0.00793	0.01225	0.00782	0.00637	0.01541	0.04638	0.10475	0.01086	0.01172	0.00845	0.00440	0.00401	0.00100	0.00395	0.00343	0.00358	0.62230
40	0.01392	0.82012	0.02729	0.00891	0.01337	0.02061	0.00891	0.01559	0.01058	0.01225	0.00724	0.00835	0.00668	0.00446	0.00334	0.00111	0.00557	0.00278	0.00223	0.00668
41	0.00801	0.00636	0.00932	0.00880	0.01031	0.00605	0.08027	0.01033	0.03639	0.03044	0.18561	0.28742	0.15636	0.01259	0.00658	0.00194	0.01574	0.11767	0.00481	0.00499
42	0.01313	0.01440	0.01554	0.22775	0.02033	0.22330	0.01187	0.01495	0.01045	0.01280	0.00782	0.01153	0.00683	0.00705	0.01056	0.00188	0.37734	0.00425	0.00240	0.00581
43	0.85377	0.01007	0.00765	0.00685	0.01007	0.01168	0.00564	0.01531	0.00886	0.02336	0.00725	0.00846	0.00564	0.00483	0.00322	0.00161	0.00403	0.00282	0.00322	0.00564
44	0.79883	0.00999	0.00795	0.00701	0.01028	0.01142	0.00577	0.01597	0.00926	0.07396	0.00813	0.00907	0.00612	0.00494	0.00336	0.00161	0.00406	0.00298	0.00344	0.00585
45	0.01328	0.00985	0.01136	0.00977	0.01228	0.01106	0.00781	0.30618	0.13016	0.02229	0.01477	0.01712	0.01187	0.01835	0.29443	0.00405	0.00818	0.00521	0.08516	0.00684
46	0.01176	0.00923	0.01090	0.00783	0.01241	0.00700	0.00628	0.01405	0.01111	0.07605	0.01012	0.01133	0.00811	0.00406	0.00396	0.00084	0.00390	0.00325	0.00334	0.78447
47	0.00645	0.00464	0.00612	0.00711	0.00756	0.00431	0.00481	0.00754	0.01056	0.01416	0.11253	0.70319	0.06052	0.01559	0.00658	0.00205	0.00295	0.01409	0.00493	0.00431
48	0.01139	0.01139	0.01595	0.01367	0.01367	0.01595	0.01139	0.01253	0.00798	0.01253	0.00684	0.01139	0.00684	0.00911	0.01709	0.00228	0.80745	0.00456	0.00228	0.00570
49	0.00744	0.00558	0.00837	0.00837	0.00930	0.00651	0.00651	0.00930	0.00837	0.01209	0.01395	0.02046	0.01302	0.03906	0.79635	0.00837	0.01395	0.00558	0.00279	0.00465
50	0.02336	0.00886	0.01209	0.00927	0.01329	0.00765	0.00765	0.02538	0.01491	0.78810	0.02055	0.01773	0.01289	0.00645	0.00524	0.00161	0.00443	0.00524	0.00645	0.00886
51	0.02336	0.00886	0.01209	0.00927	0.01329	0.00765	0.00765	0.02538	0.01491	0.78810	0.02055	0.01773	0.01289	0.00645	0.00524	0.00161	0.00443	0.00524	0.00645	0.00886
52	0.01229	0.01405	0.03073	0.02195	0.02722	0.01317	0.76558	0.01668	0.01229	0.01668	0.01054	0.01405	0.00790	0.00439	0.00615	0.00176	0.00878	0.00615	0.00263	0.00702
53	0.00875	0.00569	0.00743	0.00831	0.00951	0.00569	0.00711	0.01115	0.01170	0.01662	0.02471	0.04809	0.02547	0.01213	0.00623	0.00208	0.00415	0.54781	0.23257	0.00481
54	0.01017	0.00530	0.00535	0.00518	0.00653	0.00538	0.00393	0.04704	0.01155	0.02003	0.01678	0.01910	0.01314	0.00608	0.00371	0.00123	0.00258	0.00485	0.80702	0.00504
55	0.81519	0.01075	0.00798	0.00715	0.01035	0.04795	0.00584	0.01556	0.00914	0.02287	0.00729	0.00850	0.00569	0.00486	0.00329	0.00160	0.00428	0.00284	0.00320	0.00566
56	0.13797	0.03312	0.01176	0.00902	0.01274	0.06911	0.00735	0.04729	0.01316	0.39368	0.01475	0.01437	0.01023	0.00781	0.05697	0.00189	0.00537	0.00433	0.00475	0.14434
57	0.16222	0.09623	0.04843	0.00946	0.01345	0.05072	0.00819	0.14171	0.04130	0.24542	0.01454	0.01417	0.03832	0.00583	0.00455	0.00147	0.00495	0.00435	0.00443	0.09027

[dist]
# distance from previous block
# <min> <max>
2	17

[block]
# block no. 2 follows, 47 sequences, length 12
# corresponding to MSA columns:
# 542-553
name=unknown_C
#
# <colnr> <probs for GDERKNQSTAVLIFYWHMCP>
#	G	D	E	R	K	N	Q	S	T	A	V	L	I	F	Y	W	H	M	C	P
0	0.01394	0.01107	0.01577	0.25451	0.18584	0.01226	0.01204	0.18129	0.04988	0.08349	0.05081	0.01499	0.01072	0.00596	0.00587	0.00165	0.05000	0.00495	0.00368	0.03129
1	0.12787	0.01350	0.03499	0.16910	0.31507	0.12349	0.01273	0.03878	0.03842	0.03343	0.00968	0.01220	0.00772	0.00522	0.00529	0.00160	0.03676	0.00424	0.00286	0.00704
2	0.00918	0.00562	0.00721	0.00739	0.00853	0.00527	0.00526	0.01110	0.04818	0.12001	0.13665	0.47193	0.07475	0.05433	0.00730	0.00209	0.00327	0.01171	0.00512	0.00511
3	0.52231	0.01006	0.00971	0.00804	0.01159	0.01078	0.00663	0.08053	0.01206	0.26602	0.01189	0.01172	0.00820	0.00546	0.00402	0.00161	0.00430	0.00374	0.00441	0.00692
4	0.00690	0.00507	0.00675	0.00767	0.00818	0.00498	0.00550	0.00808	0.01040	0.01389	0.06449	0.59297	0.05908	0.03745	0.00762	0.00221	0.03376	0.11587	0.00473	0.00437
5	0.01286	0.04449	0.31834	0.06802	0.17148	0.01212	0.13092	0.01780	0.05466	0.10220	0.01145	0.01315	0.00837	0.00509	0.00519	0.00164	0.00689	0.00464	0.00299	0.00771
6	0.00842	0.00562	0.00692	0.00642	0.00805	0.00500	0.00487	0.01050	0.01392	0.08619	0.50191	0.04032	0.26027	0.01102	0.00607	0.00167	0.00268	0.00951	0.00553	0.00511
7	0.00634	0.00453	0.00604	0.00725	0.00755	0.00423	0.00483	0.00725	0.00997	0.01329	0.02870	0.81358	0.03444	0.01632	0.00665	0.00211	0.00302	0.01480	0.00483	0.00423
8	0.13136	0.01411	0.08769	0.25535	0.02565	0.08563	0.27681	0.01574	0.01125	0.01613	0.00926	0.01244	0.00704	0.00495	0.00546	0.00169	0.02577	0.00472	0.00258	0.00639
9	0.01254	0.00843	0.00993	0.00957	0.05030	0.00851	0.00696	0.05373	0.23863	0.16810	0.02983	0.13240	0.22987	0.00971	0.00569	0.00176	0.00381	0.00824	0.00519	0.00679
10	0.00643	0.00457	0.00602	0.00715	0.00743	0.00428	0.00472	0.00727	0.00981	0.01308	0.02789	0.76201	0.03342	0.06929	0.00796	0.00231	0.00316	0.01433	0.00472	0.00416
11	0.00644	0.00468	0.00607	0.00701	0.00753	0.00432	0.00477	0.00754	0.01064	0.01417	0.11098	0.66572	0.10002	0.01544	0.00655	0.00203	0.00293	0.01390	0.00493	0.00432

[dist]
# distance from previous block
# <min> <max>
0	6

[block]
# block no. 3 follows, 47 sequences, length 28
# corresponding to MSA columns:
# 560-578,621-629
name=unknown_D
#
# <colnr> <probs for GDERKNQSTAVLIFYWHMCP>
#	G	D	E	R	K	N	Q	S	T	A	V	L	I	F	Y	W	H	M	C	P
0	0.00774	0.00586	0.00748	0.00678	0.00833	0.00538	0.00516	0.01007	0.01401	0.01987	0.64335	0.03613	0.08771	0.01011	0.00623	0.00158	0.02506	0.00877	0.00533	0.08503
1	0.01681	0.28238	0.06639	0.01173	0.01541	0.31666	0.01024	0.13071	0.01426	0.03429	0.00877	0.00992	0.00717	0.00540	0.00502	0.00138	0.05018	0.00351	0.00295	0.00682
2	0.01164	0.00626	0.00823	0.00726	0.00924	0.00561	0.00561	0.01385	0.01443	0.23006	0.50332	0.06617	0.07750	0.00987	0.00592	0.00166	0.00303	0.00858	0.00584	0.00594
3	0.01184	0.01488	0.21395	0.16268	0.19536	0.01131	0.12154	0.01616	0.03529	0.05727	0.01137	0.01461	0.00879	0.00524	0.00519	0.00162	0.00662	0.02402	0.03975	0.04251
4	0.01392	0.82012	0.02729	0.00891	0.01337	0.02061	0.00891	0.01559	0.01058	0.01225	0.00724	0.00835	0.00668	0.00446	0.00334	0.00111	0.00557	0.00278	0.00223	0.00668
5	0.11219	0.03214	0.22835	0.01855	0.26095	0.07313	0.03069	0.01736	0.01164	0.10892	0.01033	0.01202	0.00781	0.00525	0.00547	0.00161	0.04893	0.00418	0.00300	0.00750
6	0.01348	0.68953	0.05336	0.00972	0.01374	0.01971	0.00960	0.01524	0.01027	0.01244	0.00726	0.00883	0.00670	0.00506	0.00513	0.00128	0.10676	0.00305	0.00223	0.00660
7	0.77484	0.01019	0.00874	0.03369	0.05894	0.01172	0.00656	0.01529	0.00910	0.02265	0.00747	0.00891	0.00584	0.00483	0.00341	0.00161	0.00425	0.00299	0.00315	0.00581
8	0.00983	0.00926	0.01562	0.80447	0.03587	0.01157	0.01446	0.01331	0.01041	0.01331	0.00926	0.01388	0.00694	0.00521	0.00521	0.00174	0.00694	0.00463	0.00231	0.00579
9	0.01241	0.01355	0.02746	0.01999	0.02486	0.01313	0.63509	0.01858	0.14373	0.01756	0.01237	0.01497	0.00928	0.00485	0.00600	0.00176	0.00798	0.00610	0.00309	0.00723
10	0.01080	0.00926	0.01080	0.00771	0.01234	0.00694	0.00617	0.01311	0.01080	0.01697	0.00926	0.01080	0.00771	0.00386	0.00386	0.00077	0.00386	0.00309	0.00309	0.84882
11	0.00633	0.00489	0.00578	0.00638	0.00735	0.00434	0.00447	0.00750	0.01104	0.01406	0.08285	0.44903	0.34802	0.01468	0.00641	0.00194	0.00283	0.01289	0.00489	0.00434
12	0.00649	0.00463	0.00621	0.00741	0.00778	0.00435	0.00508	0.00750	0.01011	0.01345	0.02862	0.76080	0.03413	0.01618	0.00669	0.00213	0.00315	0.06617	0.00483	0.00427
13	0.00905	0.00452	0.00678	0.00678	0.00678	0.00452	0.00452	0.00678	0.00678	0.00905	0.00905	0.01583	0.00905	0.01809	0.02035	0.84848	0.00452	0.00452	0.00226	0.00226
14	0.02336	0.00886	0.01209	0.00927	0.01329	0.00765	0.00765	0.02538	0.01491	0.78810	0.02055	0.01773	0.01289	0.00645	0.00524	0.00161	0.00443	0.00524	0.00645	0.00886
15	0.02336	0.00886	0.01209	0.00927	0.01329	0.00765	0.00765	0.02538	0.01491	0.78810	0.02055	0.01773	0.01289	0.00645	0.00524	0.00161	0.00443	0.00524	0.00645	0.00886
16	0.01980	0.01459	0.01563	0.01198	0.01615	0.01615	0.00990	0.76713	0.02448	0.03282	0.01250	0.01250	0.00886	0.00625	0.00521	0.00156	0.00573	0.00469	0.00521	0.00886
17	0.02336	0.00886	0.01209	0.00927	0.01329	0.00765	0.00765	0.02538	0.01491	0.78810	0.02055	0.01773	0.01289	0.00645	0.00524	0.00161	0.00443	0.00524	0.00645	0.00886
18	0.85377	0.01007	0.00765	0.00685	0.01007	0.01168	0.00564	0.01531	0.00886	0.02336	0.00725	0.00846	0.00564	0.00483	0.00322	0.00161	0.00403	0.00282	0.00322	0.00564
19	0.01995	0.01434	0.01547	0.01186	0.01602	0.01578	0.00980	0.73464	0.02407	0.06590	0.01286	0.01273	0.00903	0.00626	0.00521	0.00156	0.00567	0.00471	0.00526	0.00886
20	0.01750	0.03492	0.04223	0.00932	0.01279	0.00928	0.00788	0.16494	0.03300	0.37142	0.21565	0.02169	0.02114	0.00739	0.00540	0.00160	0.00433	0.00610	0.00570	0.00771
21	0.01326	0.15234	0.31641	0.04772	0.24284	0.01305	0.01500	0.01713	0.01162	0.10785	0.01046	0.01202	0.00786	0.00496	0.00478	0.00153	0.00648	0.00410	0.00283	0.00776
22	0.02336	0.00886	0.01209	0.00927	0.01329	0.00765	0.00765	0.02538	0.01491	0.78810	0.02055	0.01773	0.01289	0.00645	0.00524	0.00161	0.00443	0.00524	0.00645	0.00886
23	0.00700	0.00529	0.00648	0.00634	0.00767	0.00477	0.00477	0.00904	0.01354	0.01829	0.50082	0.08901	0.25659	0.01185	0.00622	0.00173	0.00263	0.03787	0.00539	0.00472
24	0.00649	0.00480	0.00609	0.00709	0.00764	0.00448	0.00481	0.00781	0.03002	0.01361	0.03152	0.69736	0.12768	0.01568	0.00655	0.00206	0.00300	0.01410	0.00485	0.00435
25	0.02054	0.00846	0.01132	0.00899	0.01253	0.00753	0.00730	0.02323	0.05545	0.64021	0.09321	0.05469	0.01744	0.00731	0.00539	0.00164	0.00417	0.00609	0.00625	0.00825
26	0.00634	0.00453	0.00604	0.00725	0.00755	0.00423	0.00483	0.00725	0.00997	0.01329	0.02870	0.81358	0.03444	0.01632	0.00665	0.00211	0.00302	0.01480	0.00483	0.00423
27	0.01192	0.00723	0.00930	0.00809	0.01004	0.00726	0.00640	0.01459	0.05387	0.20894	0.35015	0.03104	0.14428	0.00962	0.00718	0.00173	0.09908	0.00785	0.00534	0.00608

[dist]
# distance from previous block
# <min> <max>
4	42

[block]
# block no. 4 follows, 47 sequences, length 175
# corresponding to MSA columns:
# 672-682,696-710,755-824,826-904
name=unknown_E
#
# <colnr> <probs for GDERKNQSTAVLIFYWHMCP>
#	G	D	E	R	K	N	Q	S	T	A	V	L	I	F	Y	W	H	M	C	P
0	0.01611	0.01240	0.02826	0.16454	0.08345	0.13544	0.03176	0.07946	0.04671	0.23026	0.06586	0.01660	0.01254	0.02766	0.02444	0.00184	0.00623	0.00511	0.00417	0.00716
1	0.01302	0.00669	0.00885	0.00757	0.00980	0.00604	0.00593	0.02804	0.01496	0.28202	0.50973	0.03125	0.03612	0.00914	0.00582	0.00163	0.00318	0.00792	0.00597	0.00632
2	0.27023	0.12593	0.41863	0.01140	0.01707	0.02964	0.01323	0.01602	0.01036	0.01802	0.00853	0.00998	0.00644	0.00488	0.00418	0.00155	0.00623	0.00340	0.01745	0.00685
3	0.01940	0.11768	0.01493	0.01007	0.01398	0.01235	0.00845	0.24589	0.09504	0.35311	0.04424	0.01587	0.01250	0.00634	0.00502	0.00155	0.00487	0.00497	0.00538	0.00837
4	0.01968	0.06090	0.01392	0.01008	0.01385	0.01135	0.00838	0.23761	0.04395	0.39475	0.03366	0.01564	0.01180	0.00640	0.00561	0.00156	0.04302	0.00492	0.02201	0.04090
5	0.01392	0.82012	0.02729	0.00891	0.01337	0.02061	0.00891	0.01559	0.01058	0.01225	0.00724	0.00835	0.00668	0.00446	0.00334	0.00111	0.00557	0.00278	0.00223	0.00668
6	0.01242	0.01187	0.02012	0.15022	0.65544	0.01226	0.01561	0.01578	0.02557	0.01653	0.00992	0.01316	0.00819	0.00477	0.00517	0.00158	0.00627	0.00466	0.00259	0.00787
7	0.01392	0.82012	0.02729	0.00891	0.01337	0.02061	0.00891	0.01559	0.01058	0.01225	0.00724	0.00835	0.00668	0.00446	0.00334	0.00111	0.00557	0.00278	0.00223	0.00668
8	0.85377	0.01007	0.00765	0.00685	0.01007	0.01168	0.00564	0.01531	0.00886	0.02336	0.00725	0.00846	0.00564	0.00483	0.00322	0.00161	0.00403	0.00282	0.00322	0.00564
9	0.00634	0.00453	0.00604	0.00725	0.00755	0.00423	0.00483	0.00725	0.00997	0.01329	0.02870	0.81358	0.03444	0.01632	0.00665	0.00211	0.00302	0.01480	0.00483	0.00423
10	0.01311	0.01126	0.01186	0.01063	0.01360	0.01303	0.00828	0.04458	0.75793	0.02204	0.02100	0.01927	0.01574	0.00705	0.00530	0.00176	0.00416	0.00586	0.00530	0.00826
11	0.04190	0.00889	0.01199	0.00921	0.01322	0.00774	0.00761	0.02515	0.01477	0.77104	0.02025	0.01752	0.01273	0.00641	0.00519	0.00161	0.00442	0.00518	0.00637	0.00879
12	0.00634	0.00453	0.00604	0.00725	0.00755	0.00423	0.00483	0.00725	0.00997	0.01329	0.02870	0.81358	0.03444	0.01632	0.00665	0.00211	0.00302	0.01480	0.00483	0.00423
13	0.01139	0.01139	0.01595	0.01367	0.01367	0.01595	0.01139	0.01253	0.00798	0.01253	0.00684	0.01139	0.00684	0.00911	0.01709	0.00228	0.80745	0.00456	0.00228	0.00570
14	0.00971	0.00485	0.00485	0.00485	0.00607	0.00485	0.00364	0.01213	0.01092	0.01942	0.01699	0.01942	0.01335	0.00607	0.00364	0.00121	0.00243	0.00485	0.84589	0.00485
15	0.02336	0.00886	0.01209	0.00927	0.01329	0.00765	0.00765	0.02538	0.01491	0.78810	0.02055	0.01773	0.01289	0.00645	0.00524	0.00161	0.00443	0.00524	0.00645	0.00886
16	0.09309	0.00896	0.01171	0.00906	0.01302	0.00799	0.00748	0.02453	0.01440	0.72389	0.01943	0.01695	0.01228	0.00631	0.00507	0.00161	0.00440	0.00503	0.00617	0.00859
17	0.02027	0.01383	0.01516	0.01162	0.01577	0.01503	0.00960	0.66931	0.02322	0.13243	0.01356	0.01319	0.00939	0.00628	0.00521	0.00157	0.00556	0.00476	0.00537	0.00886
18	0.00983	0.00926	0.01562	0.80447	0.03587	0.01157	0.01446	0.01331	0.01041	0.01331	0.00926	0.01388	0.00694	0.00521	0.00521	0.00174	0.00694	0.00463	0.00231	0.00579
19	0.85377	0.01007	0.00765	0.00685	0.01007	0.01168	0.00564	0.01531	0.00886	0.02336	0.00725	0.00846	0.00564	0.00483	0.00322	0.00161	0.00403	0.00282	0.00322	0.00564
20	0.01139	0.01139	0.01595	0.01367	0.01367	0.01595	0.01139	0.01253	0.00798	0.01253	0.00684	0.01139	0.00684	0.00911	0.01709	0.00228	0.80745	0.00456	0.00228	0.00570
21	0.01563	0.01005	0.01151	0.00990	0.01304	0.01077	0.00782	0.02565	0.49182	0.24974	0.07810	0.02038	0.01750	0.00715	0.00534	0.00171	0.00409	0.00596	0.00567	0.00818
22	0.04519	0.18890	0.33786	0.24143	0.03739	0.01362	0.01475	0.01557	0.01078	0.03611	0.00910	0.01139	0.00688	0.00495	0.00462	0.00156	0.00676	0.00386	0.00240	0.00689
23	0.01151	0.00538	0.00581	0.00544	0.00702	0.00522	0.00417	0.01388	0.01145	0.12079	0.01746	0.01919	0.01329	0.00612	0.00385	0.00127	0.00269	0.00490	0.73518	0.00538
24	0.00664	0.00509	0.00608	0.00626	0.00744	0.00453	0.00453	0.00825	0.01237	0.01627	0.30397	0.25344	0.32006	0.01314	0.00628	0.00181	0.00268	0.01147	0.00515	0.00453
25	0.01187	0.29515	0.51061	0.01280	0.01926	0.03664	0.01549	0.01631	0.01096	0.01495	0.00860	0.01006	0.00663	0.00479	0.00440	0.00146	0.00702	0.00347	0.00222	0.00731
26	0.05530	0.00988	0.01113	0.00962	0.01269	0.01057	0.00759	0.03724	0.43276	0.23082	0.06868	0.04064	0.03511	0.00738	0.00529	0.00171	0.00406	0.00611	0.00552	0.00790
27	0.00634	0.00453	0.00604	0.00725	0.00755	0.00423	0.00483	0.00725	0.00997	0.01329	0.02870	0.81358	0.03444	0.01632	0.00665	0.00211	0.00302	0.01480	0.00483	0.00423
28	0.00670	0.00515	0.00613	0.00618	0.00744	0.00458	0.00452	0.00842	0.01271	0.01677	0.35338	0.18982	0.33397	0.01272	0.00624	0.00178	0.00263	0.01105	0.00521	0.00458
29	0.14147	0.01674	0.01357	0.01242	0.05251	0.29446	0.00927	0.19087	0.18049	0.02105	0.01187	0.01231	0.00910	0.00582	0.00475	0.00153	0.00647	0.00419	0.00390	0.00721
30	0.00637	0.00454	0.00604	0.00722	0.00752	0.00424	0.00481	0.00726	0.00993	0.01324	0.02849	0.80029	0.03418	0.02997	0.00699	0.00216	0.00306	0.01468	0.00481	0.00421
31	0.00971	0.00485	0.00485	0.00485	0.00607	0.00485	0.00364	0.01213	0.01092	0.01942	0.01699	0.01942	0.01335	0.00607	0.00364	0.00121	0.00243	0.00485	0.84589	0.00485
32	0.74176	0.04431	0.00911	0.00755	0.01077	0.08532	0.00619	0.01583	0.00948	0.02192	0.00733	0.00854	0.00578	0.00487	0.00337	0.00157	0.00459	0.00287	0.00313	0.00572
33	0.02183	0.00952	0.01223	0.00949	0.01335	0.00884	0.00784	0.14228	0.01618	0.61505	0.01925	0.01785	0.01263	0.00657	0.00520	0.00160	0.00455	0.02096	0.04621	0.00858
34	0.01205	0.06386	0.12406	0.11840	0.02075	0.01290	0.17847	0.07582	0.04255	0.01683	0.00978	0.01238	0.00772	0.00550	0.00693	0.00160	0.13404	0.00453	0.00284	0.14898
35	0.01007	0.00837	0.00960	0.00795	0.01101	0.00770	0.00619	0.01544	0.20191	0.01909	0.23320	0.02340	0.07114	0.00717	0.00501	0.00133	0.00345	0.00608	0.00450	0.34741
36	0.01392	0.82012	0.02729	0.00891	0.01337	0.02061	0.00891	0.01559	0.01058	0.01225	0.00724	0.00835	0.00668	0.00446	0.00334	0.00111	0.00557	0.00278	0.00223	0.00668
37	0.00953	0.00770	0.01089	0.00978	0.01090	0.00874	0.04567	0.01189	0.04740	0.05276	0.24102	0.17729	0.04275	0.03021	0.03713	0.00224	0.21914	0.02528	0.00429	0.00538
38	0.00880	0.00589	0.00688	0.00634	0.00820	0.00521	0.00485	0.02726	0.01355	0.10184	0.31997	0.04155	0.40758	0.01135	0.00603	0.00169	0.00284	0.00963	0.00535	0.00518
39	0.01392	0.82012	0.02729	0.00891	0.01337	0.02061	0.00891	0.01559	0.01058	0.01225	0.00724	0.00835	0.00668	0.00446	0.00334	0.00111	0.00557	0.00278	0.00223	0.00668
40	0.01779	0.27684	0.01920	0.01099	0.01512	0.06881	0.00950	0.44160	0.03541	0.04086	0.01086	0.01121	0.00825	0.00563	0.00457	0.00141	0.00586	0.00402	0.00410	0.00795
41	0.01839	0.02305	0.01492	0.01345	0.01578	0.69319	0.01024	0.01971	0.01386	0.01272	0.00789	0.00966	0.00672	0.00586	0.00633	0.00147	0.11464	0.00351	0.00263	0.00599
42	0.81403	0.01029	0.00803	0.00709	0.01036	0.01190	0.00584	0.05113	0.00961	0.02382	0.00750	0.00865	0.00579	0.00490	0.00332	0.00161	0.00411	0.00291	0.00332	0.00579
43	0.00971	0.00485	0.00485	0.00485	0.00607	0.00485	0.00364	0.01213	0.01092	0.01942	0.01699	0.01942	0.01335	0.00607	0.00364	0.00121	0.00243	0.00485	0.84589	0.00485
44	0.01595	0.01268	0.01347	0.01120	0.01469	0.01436	0.00897	0.35201	0.44586	0.02662	0.01738	0.01639	0.01281	0.00671	0.00526	0.00168	0.00483	0.00536	0.00526	0.00851
45	0.02162	0.00906	0.01201	0.00913	0.01324	0.00778	0.00752	0.04280	0.01461	0.66702	0.01885	0.01668	0.01210	0.00610	0.00505	0.00150	0.00439	0.00494	0.00597	0.11964
46	0.00634	0.00453	0.00604	0.00725	0.00755	0.00423	0.00483	0.00725	0.00997	0.01329	0.02870	0.81358	0.03444	0.01632	0.00665	0.00211	0.00302	0.01480	0.00483	0.00423
47	0.01053	0.00997	0.01364	0.01187	0.01187	0.01350	0.00954	0.01142	0.00788	0.01198	0.00899	0.01650	0.00956	0.19083	0.01921	0.00290	0.62697	0.00524	0.00248	0.00513
48	0.00744	0.00558	0.00837	0.00837	0.00930	0.00651	0.00651	0.00930	0.00837	0.01209	0.01395	0.02046	0.01302	0.03906	0.79635	0.00837	0.01395	0.00558	0.00279	0.00465
49	0.02319	0.00915	0.01226	0.00940	0.01344	0.00808	0.00777	0.06232	0.01538	0.75049	0.02014	0.01747	0.01269	0.00644	0.00524	0.00161	0.00450	0.00521	0.00638	0.00886
50	0.01461	0.00704	0.00937	0.00784	0.01035	0.00632	0.00621	0.03016	0.01499	0.35792	0.43384	0.02913	0.03251	0.00872	0.00573	0.00162	0.00338	0.00750	0.00604	0.00672
51	0.01433	0.01088	0.01182	0.01042	0.01351	0.01225	0.00817	0.02737	0.67483	0.12285	0.02111	0.01920	0.01550	0.00698	0.00529	0.00175	0.00416	0.00580	0.00545	0.00832
52	0.00634	0.00453	0.00604	0.00725	0.00755	0.00423	0.00483	0.00725	0.00997	0.01329	0.02870	0.81358	0.03444	0.01632	0.00665	0.00211	0.00302	0.01480	0.00483	0.00423
53	0.85377	0.01007	0.00765	0.00685	0.01007	0.01168	0.00564	0.01531	0.00886	0.02336	0.00725	0.00846	0.00564	0.00483	0.00322	0.00161	0.00403	0.00282	0.00322	0.00564
54	0.01139	0.01139	0.01595	0.01367	0.01367	0.01595	0.01139	0.01253	0.00798	0.01253	0.00684	0.01139	0.00684	0.00911	0.01709	0.00228	0.80745	0.00456	0.00228	0.00570
55	0.02336	0.00886	0.01209	0.00927	0.01329	0.00765	0.00765	0.02538	0.01491	0.78810	0.02055	0.01773	0.01289	0.00645	0.00524	0.00161	0.00443	0.00524	0.00645	0.00886
56	0.01377	0.78422	0.06181	0.00918	0.01378	0.02022	0.00938	0.01563	0.01060	0.01244	0.00734	0.00847	0.00668	0.00448	0.00341	0.00114	0.00567	0.00283	0.00223	0.00673
57	0.02271	0.00908	0.01206	0.00929	0.01323	0.00808	0.00766	0.06963	0.01535	0.71771	0.01995	0.01747	0.01266	0.00642	0.00518	0.00160	0.00444	0.00519	0.03356	0.00873
58	0.01295	0.01119	0.01178	0.01060	0.01354	0.01295	0.00824	0.02767	0.77509	0.02178	0.02120	0.01943	0.01590	0.00707	0.00530	0.00177	0.00412	0.00589	0.00530	0.00824
59	0.01895	0.01172	0.07954	0.01125	0.01545	0.01009	0.07823	0.17827	0.01616	0.41825	0.07045	0.01729	0.01361	0.00729	0.02722	0.00181	0.00550	0.00539	0.00533	0.00820
60	0.00998	0.00725	0.02727	0.12175	0.05145	0.00707	0.00786	0.03720	0.03602	0.09913	0.02238	0.41824	0.02392	0.04129	0.00685	0.00207	0.00432	0.06599	0.00445	0.00552
61	0.00634	0.00466	0.00595	0.00695	0.00748	0.00427	0.00471	0.00733	0.01034	0.01356	0.04708	0.68655	0.14420	0.01575	0.00656	0.00205	0.00295	0.01414	0.00485	0.00427
62	0.00634	0.00453	0.00604	0.00725	0.00755	0.00423	0.00483	0.00725	0.00997	0.01329	0.02870	0.81358	0.03444	0.01632	0.00665	0.00211	0.00302	0.01480	0.00483	0.00423
63	0.01420	0.18987	0.07476	0.07614	0.23273	0.06559	0.07595	0.06379	0.04641	0.07586	0.02959	0.01298	0.00930	0.00518	0.00484	0.00150	0.00630	0.00444	0.00312	0.00744
64	0.00875	0.00782	0.00997	0.00974	0.01000	0.03749	0.00733	0.00970	0.00927	0.01281	0.01921	0.44412	0.02240	0.06067	0.01158	0.00232	0.29816	0.01020	0.00372	0.00477
65	0.68799	0.06711	0.08838	0.00787	0.01165	0.01222	0.00730	0.01573	0.00936	0.04304	0.00783	0.00897	0.00601	0.00486	0.00346	0.00158	0.00452	0.00299	0.00314	0.00601
66	0.02323	0.00907	0.01221	0.00936	0.01340	0.00796	0.00774	0.05246	0.01526	0.76053	0.02025	0.01753	0.01274	0.00644	0.00524	0.00161	0.00448	0.00522	0.00640	0.00886
67	0.01447	0.66555	0.04469	0.00983	0.01397	0.12240	0.00942	0.01619	0.01105	0.01244	0.00739	0.00867	0.00669	0.00476	0.00406	0.00120	0.03541	0.00295	0.00229	0.00659
68	0.01252	0.00956	0.01116	0.00829	0.01263	0.00789	0.00663	0.05971	0.06240	0.08816	0.01168	0.02952	0.00937	0.00472	0.00422	0.00099	0.00402	0.00381	0.00370	0.64901
69	0.01813	0.06095	0.01551	0.01324	0.01565	0.65624	0.01018	0.01946	0.01366	0.01269	0.00785	0.00961	0.00672	0.00582	0.00627	0.00145	0.11446	0.00349	0.00261	0.00602
70	0.00983	0.00926	0.01562	0.80447	0.03587	0.01157	0.01446	0.01331	0.01041	0.01331	0.00926	0.01388	0.00694	0.00521	0.00521	0.00174	0.00694	0.00463	0.00231	0.00579
71	0.01229	0.01405	0.03073	0.02195	0.02722	0.01317	0.76558	0.01668	0.01229	0.01668	0.01054	0.01405	0.00790	0.00439	0.00615	0.00176	0.00878	0.00615	0.00263	0.00702
72	0.01392	0.82012	0.02729	0.00891	0.01337	0.02061	0.00891	0.01559	0.01058	0.01225	0.00724	0.00835	0.00668	0.00446	0.00334	0.00111	0.00557	0.00278	0.00223	0.00668
73	0.05005	0.00929	0.01524	0.76646	0.03464	0.01158	0.01404	0.01340	0.01034	0.01378	0.00916	0.01363	0.00688	0.00519	0.00511	0.00173	0.00680	0.00454	0.00236	0.00578
74	0.01255	0.01203	0.02053	0.11661	0.70246	0.01229	0.01582	0.01569	0.01170	0.01661	0.00974	0.01300	0.00811	0.00470	0.00516	0.00157	0.00627	0.00464	0.00255	0.00798
75	0.85377	0.01007	0.00765	0.00685	0.01007	0.01168	0.00564	0.01531	0.00886	0.02336	0.00725	0.00846	0.00564	0.00483	0.00322	0.00161	0.00403	0.00282	0.00322	0.00564
76	0.00983	0.00926	0.01562	0.80447	0.03587	0.01157	0.01446	0.01331	0.01041	0.01331	0.00926	0.01388	0.00694	0.00521	0.00521	0.00174	0.00694	0.00463	0.00231	0.00579
77	0.01490	0.01215	0.01287	0.01099	0.01428	0.01386	0.00871	0.23814	0.56145	0.02493	0.01872	0.01746	0.01389	0.00683	0.00527	0.00171	0.00458	0.00555	0.00527	0.00842
78	0.01128	0.00931	0.01087	0.00786	0.01241	0.00717	0.00629	0.01400	0.03661	0.04211	0.01002	0.01131	0.00816	0.00405	0.00395	0.00083	0.00388	0.00325	0.00327	0.79337
79	0.07789	0.00876	0.01143	0.00901	0.01272	0.00789	0.00742	0.03928	0.01460	0.64835	0.06615	0.01961	0.01508	0.00685	0.00522	0.00164	0.00432	0.02942	0.00610	0.00827
80	0.00975	0.00916	0.01273	0.01159	0.01168	0.01214	0.00926	0.01082	0.00862	0.01278	0.01394	0.27208	0.01581	0.01145	0.01370	0.00223	0.54603	0.00789	0.00311	0.00522
81	0.01014	0.00569	0.00577	0.00561	0.00705	0.00592	0.00425	0.01418	0.11170	0.01973	0.01754	0.01942	0.01368	0.00620	0.00386	0.00129	0.00265	0.00499	0.73503	0.00530
82	0.47439	0.00952	0.00968	0.00795	0.01154	0.00984	0.00656	0.01991	0.01162	0.37274	0.01332	0.01269	0.00895	0.00557	0.00414	0.00161	0.00421	0.00392	0.00470	0.00711
83	0.01835	0.00739	0.00943	0.00764	0.01064	0.00663	0.00618	0.02051	0.01344	0.50563	0.01924	0.01835	0.01306	0.00631	0.00465	0.00147	0.00369	0.00510	0.31492	0.00739
84	0.02237	0.00906	0.01202	0.00928	0.01312	0.00810	0.00759	0.07424	0.01520	0.70042	0.01981	0.01815	0.01291	0.04506	0.00625	0.00177	0.00455	0.00531	0.00621	0.00859
85	0.01289	0.01237	0.02114	0.03196	0.78450	0.01237	0.01598	0.01598	0.01186	0.01701	0.00980	0.01289	0.00825	0.00464	0.00516	0.00155	0.00619	0.00464	0.00258	0.00825
86	0.85377	0.01007	0.00765	0.00685	0.01007	0.01168	0.00564	0.01531	0.00886	0.02336	0.00725	0.00846	0.00564	0.00483	0.00322	0.00161	0.00403	0.00282	0.00322	0.00564
87	0.01229	0.01405	0.03073	0.02195	0.02722	0.01317	0.76558	0.01668	0.01229	0.01668	0.01054	0.01405	0.00790	0.00439	0.00615	0.00176	0.00878	0.00615	0.00263	0.00702
88	0.00691	0.00495	0.00605	0.00670	0.00720	0.00469	0.00452	0.00773	0.00968	0.01261	0.02816	0.38249	0.13700	0.26979	0.01293	0.00302	0.00378	0.08354	0.00430	0.00397
89	0.01045	0.02694	0.79000	0.01484	0.02254	0.01209	0.01924	0.01649	0.01099	0.01649	0.00935	0.01099	0.00660	0.00495	0.00495	0.00165	0.00770	0.00385	0.00220	0.00770
90	0.01295	0.01119	0.01178	0.01060	0.01354	0.01295	0.00824	0.02767	0.77509	0.02178	0.02120	0.01943	0.01590	0.00707	0.00530	0.00177	0.00412	0.00589	0.00530	0.00824
91	0.00689	0.00495	0.00653	0.00688	0.00767	0.00459	0.00488	0.00862	0.01251	0.01734	0.43019	0.40056	0.04228	0.01329	0.00638	0.00186	0.00272	0.01193	0.00531	0.00459
92	0.01215	0.01162	0.01980	0.21857	0.60365	0.01218	0.01562	0.01534	0.01151	0.01612	0.00967	0.01313	0.00793	0.00478	0.00517	0.00159	0.00637	0.00464	0.00251	0.00765
93	0.00673	0.00538	0.00646	0.00729	0.03594	0.00481	0.00509	0.00815	0.01151	0.01452	0.09003	0.27533	0.42020	0.01374	0.00635	0.00190	0.00305	0.07417	0.00481	0.00456
94	0.00640	0.00464	0.00604	0.00705	0.00753	0.00429	0.00477	0.00744	0.01044	0.01386	0.08032	0.70143	0.09520	0.01569	0.00657	0.00205	0.00295	0.01414	0.00489	0.00429
95	0.27223	0.01067	0.01222	0.03407	0.12177	0.04905	0.00860	0.03119	0.05371	0.28628	0.01321	0.01348	0.00937	0.00610	0.00542	0.02905	0.02779	0.00429	0.00428	0.00723
96	0.01570	0.05510	0.14910	0.01474	0.01949	0.05671	0.23577	0.12489	0.03373	0.17778	0.01304	0.01487	0.00953	0.00571	0.00571	0.00166	0.02881	0.02620	0.00382	0.00763
97	0.01070	0.01075	0.03688	0.33347	0.04464	0.01359	0.01275	0.01286	0.00911	0.01296	0.00804	0.01258	0.00699	0.00760	0.01173	0.03046	0.41228	0.00457	0.00230	0.00574
98	0.74290	0.01102	0.00897	0.02420	0.05441	0.05606	0.00664	0.01562	0.00939	0.02221	0.00748	0.00887	0.00587	0.00486	0.00345	0.00159	0.00451	0.00299	0.00314	0.00581
99	0.36767	0.00942	0.01024	0.00830	0.01196	0.00946	0.00683	0.02126	0.03108	0.45195	0.01504	0.01392	0.00996	0.00579	0.00440	0.00162	0.00426	0.00425	0.00508	0.00751
100	0.01896	0.04992	0.01529	0.01293	0.03067	0.49856	0.00986	0.22885	0.01707	0.03233	0.00975	0.01112	0.00778	0.02784	0.00541	0.00151	0.00796	0.00388	0.00345	0.00686
101	0.00640	0.00457	0.00611	0.00732	0.00764	0.00428	0.00493	0.00735	0.01003	0.01336	0.02867	0.79272	0.03432	0.01626	0.00666	0.00212	0.00307	0.03511	0.00483	0.00425
102	0.00941	0.00617	0.00900	0.00849	0.00858	0.00729	0.00627	0.00833	0.00721	0.01013	0.00904	0.01530	0.00895	0.01818	0.09756	0.57410	0.18575	0.00464	0.00232	0.00327
