[name]
unknown

[dist]
# distance from previous block
# <min> <max>
0	47

[block]
# block no. 0 follows, 52 sequences, length 15
# corresponding to MSA columns:
# 52-66
name=unknown_A
#
# <colnr> <probs for GDERKNQSTAVLIFYWHMCP>
#	G	D	E	R	K	N	Q	S	T	A	V	L	I	F	Y	W	H	M	C	P
0	0.06402	0.08833	0.04492	0.01357	0.18021	0.06591	0.00927	0.15491	0.05288	0.01792	0.05215	0.14819	0.01506	0.00749	0.00492	0.00156	0.00492	0.06382	0.00362	0.00633
1	0.01289	0.02603	0.01065	0.00886	0.02730	0.02954	0.00680	0.26903	0.01477	0.09865	0.11931	0.05587	0.05612	0.09284	0.08477	0.00237	0.00519	0.00589	0.00427	0.06884
2	0.01287	0.12153	0.07180	0.04048	0.17875	0.04126	0.12351	0.12880	0.04307	0.03672	0.00987	0.02957	0.00808	0.00544	0.00614	0.00152	0.11137	0.00444	0.00291	0.02187
3	0.03530	0.04109	0.04224	0.09110	0.27064	0.22343	0.01155	0.09725	0.05807	0.03684	0.00953	0.01130	0.00756	0.00505	0.00504	0.00144	0.03893	0.00396	0.00288	0.00678
4	0.00737	0.00576	0.00630	0.00626	0.00748	0.04476	0.00461	0.00900	0.01173	0.03324	0.31839	0.19333	0.24066	0.01196	0.03329	0.00182	0.00317	0.00946	0.04696	0.00444
5	0.00785	0.00565	0.00691	0.00691	0.00795	0.00573	0.00505	0.01039	0.09095	0.04693	0.14395	0.26916	0.13533	0.10405	0.04055	0.00233	0.03737	0.03538	0.03296	0.00462
6	0.00625	0.00494	0.00567	0.00555	0.00689	0.00444	0.00414	0.00781	0.01146	0.01482	0.28560	0.04030	0.45554	0.04850	0.07450	0.00225	0.00339	0.00919	0.00454	0.00422
7	0.03476	0.01553	0.06144	0.08257	0.03552	0.24428	0.01006	0.27367	0.01499	0.01887	0.00941	0.01110	0.00736	0.00677	0.03569	0.00171	0.09663	0.00393	0.02919	0.00650
8	0.01205	0.01041	0.01096	0.00986	0.01260	0.01205	0.00767	0.02575	0.79071	0.02027	0.01972	0.01808	0.01479	0.00657	0.00493	0.00164	0.00384	0.00548	0.00493	0.00767
9	0.86392	0.00937	0.00712	0.00637	0.00937	0.01087	0.00525	0.01425	0.00825	0.02174	0.00675	0.00787	0.00525	0.00450	0.00300	0.00150	0.00375	0.00262	0.00300	0.00525
10	0.01810	0.02310	0.01373	0.01248	0.01498	0.81024	0.00936	0.01935	0.01373	0.01186	0.00749	0.00874	0.00624	0.00499	0.00437	0.00125	0.00874	0.00312	0.00250	0.00562
11	0.00609	0.00492	0.00544	0.00544	0.00688	0.00426	0.00410	0.00760	0.01162	0.01465	0.22760	0.07671	0.55260	0.01187	0.00578	0.00165	0.00251	0.04135	0.00470	0.00422
12	0.00589	0.00428	0.00556	0.00659	0.00699	0.00395	0.00443	0.00677	0.00943	0.01243	0.02859	0.76091	0.09645	0.01494	0.00615	0.00194	0.00278	0.01348	0.00450	0.00395
13	0.01760	0.01725	0.01454	0.01249	0.04125	0.37835	0.04784	0.30087	0.01676	0.06458	0.01012	0.01088	0.00761	0.00531	0.00463	0.00136	0.00688	0.00389	0.03097	0.00682
14	0.00806	0.00623	0.00693	0.00727	0.00816	0.05992	0.00524	0.00966	0.03691	0.04580	0.10595	0.38959	0.05986	0.10530	0.04828	0.00245	0.00411	0.08165	0.00425	0.00439

[dist]
# distance from previous block
# <min> <max>
4	8

[block]
# block no. 1 follows, 52 sequences, length 22
# corresponding to MSA columns:
# 75-96
name=unknown_B
#
# <colnr> <probs for GDERKNQSTAVLIFYWHMCP>
#	G	D	E	R	K	N	Q	S	T	A	V	L	I	F	Y	W	H	M	C	P
0	0.05819	0.01153	0.02241	0.12175	0.07458	0.01149	0.48018	0.04483	0.01122	0.01580	0.01045	0.06244	0.00867	0.00506	0.00557	0.00162	0.02479	0.00563	0.00266	0.02113
1	0.01531	0.01745	0.01567	0.04019	0.25224	0.42620	0.02908	0.04554	0.08468	0.01460	0.00934	0.01090	0.00757	0.00494	0.00461	0.00137	0.00719	0.00384	0.00276	0.00654
2	0.01384	0.01050	0.01207	0.00925	0.01297	0.01029	0.02420	0.33170	0.06048	0.05573	0.05750	0.03765	0.01126	0.00551	0.00449	0.00121	0.00435	0.00446	0.00412	0.32841
3	0.04296	0.01192	0.02631	0.04211	0.03051	0.08604	0.00851	0.11119	0.46368	0.03171	0.04339	0.01590	0.01293	0.00632	0.00533	0.00159	0.04316	0.00497	0.00431	0.00715
4	0.01140	0.39400	0.42996	0.01126	0.01693	0.03366	0.01331	0.01506	0.01014	0.01346	0.00777	0.00907	0.00618	0.00440	0.00392	0.00130	0.00629	0.00312	0.00207	0.00669
5	0.00987	0.06370	0.76731	0.01355	0.02057	0.01163	0.01744	0.01531	0.01021	0.01516	0.00860	0.01011	0.00614	0.00458	0.00453	0.00151	0.00707	0.00353	0.00205	0.00712
6	0.00593	0.00431	0.00560	0.00656	0.00700	0.00398	0.00443	0.00687	0.00962	0.01273	0.06139	0.72629	0.09801	0.01471	0.00613	0.00192	0.00276	0.01326	0.00453	0.00398
7	0.00766	0.00618	0.02375	0.00690	0.00829	0.00582	0.00525	0.06357	0.06548	0.01646	0.27346	0.22601	0.16809	0.04063	0.05794	0.00217	0.00364	0.00932	0.00459	0.00478
8	0.03669	0.27903	0.50226	0.01153	0.01738	0.01348	0.01395	0.01480	0.01019	0.01446	0.03934	0.01041	0.00771	0.00467	0.00413	0.00138	0.00624	0.00344	0.00221	0.00670
9	0.11741	0.00961	0.01040	0.00847	0.01151	0.01021	0.00687	0.27205	0.10457	0.19920	0.01454	0.01437	0.01036	0.00575	0.00434	0.00142	0.00406	0.00443	0.18338	0.00704
10	0.00600	0.00440	0.00566	0.00658	0.00712	0.00406	0.00455	0.00701	0.00975	0.01279	0.05246	0.65519	0.13953	0.01453	0.00613	0.00192	0.00283	0.05096	0.00452	0.00400
11	0.01274	0.01256	0.01744	0.14207	0.50196	0.10713	0.01328	0.06728	0.04925	0.01605	0.00952	0.01201	0.00770	0.00469	0.00476	0.00145	0.00610	0.00423	0.00266	0.00713
12	0.04117	0.00562	0.00611	0.00609	0.00755	0.00529	0.00447	0.04288	0.04836	0.03099	0.07227	0.23556	0.42385	0.03976	0.00628	0.00180	0.00289	0.01004	0.00449	0.00452
13	0.01058	0.00832	0.00898	0.00818	0.01041	0.00915	0.00632	0.01970	0.48662	0.04181	0.14182	0.02368	0.09755	0.00754	0.00496	0.00156	0.00330	0.00634	0.09668	0.00651
14	0.00733	0.00513	0.00638	0.00687	0.00768	0.00493	0.00478	0.04172	0.04191	0.04190	0.06157	0.58761	0.09992	0.04962	0.00678	0.00199	0.00304	0.01187	0.00455	0.00442
15	0.03461	0.05611	0.09444	0.07507	0.13191	0.08837	0.09011	0.14250	0.04540	0.11067	0.01128	0.03980	0.00880	0.00552	0.00529	0.00151	0.04374	0.00458	0.00335	0.00693
16	0.02315	0.24628	0.23134	0.03545	0.07900	0.09608	0.01101	0.04603	0.04156	0.01500	0.01018	0.01155	0.02205	0.00489	0.00406	0.00131	0.00571	0.00366	0.10530	0.00639
17	0.04594	0.04870	0.05991	0.00986	0.03266	0.08593	0.05784	0.09962	0.01114	0.06931	0.01060	0.01393	0.00894	0.06075	0.10213	0.13256	0.00619	0.00422	0.02769	0.11208
18	0.04262	0.04524	0.11468	0.03834	0.13065	0.02992	0.16933	0.07099	0.07874	0.09363	0.01092	0.01230	0.00819	0.00480	0.00493	0.00143	0.02301	0.00434	0.00316	0.11278
19	0.10894	0.04134	0.01169	0.02904	0.04828	0.17246	0.00771	0.12642	0.10800	0.09320	0.06426	0.01556	0.03733	0.03517	0.03720	0.00178	0.00547	0.00459	0.01622	0.03532
20	0.09390	0.03973	0.08350	0.04993	0.10713	0.02656	0.09246	0.10385	0.05297	0.16806	0.03440	0.01374	0.02531	0.00523	0.00461	0.00143	0.00520	0.00445	0.00367	0.08386
21	0.24368	0.06365	0.15501	0.01068	0.06218	0.09719	0.00929	0.09860	0.01179	0.10299	0.02911	0.01177	0.00837	0.04005	0.00497	0.00155	0.00533	0.00373	0.00325	0.03682

[dist]
# distance from previous block
# <min> <max>
3	49

[block]
# block no. 2 follows, 52 sequences, length 22
# corresponding to MSA columns:
# 152-166,172-178
name=unknown_C
#
# <colnr> <probs for GDERKNQSTAVLIFYWHMCP>
#	G	D	E	R	K	N	Q	S	T	A	V	L	I	F	Y	W	H	M	C	P
0	0.04462	0.17278	0.05648	0.02895	0.06473	0.05556	0.07227	0.07394	0.06741	0.04291	0.04351	0.09021	0.01187	0.00601	0.00458	0.00137	0.01629	0.00499	0.05674	0.08476
1	0.03542	0.09078	0.11608	0.01952	0.04345	0.11679	0.02986	0.02794	0.09449	0.07015	0.06269	0.06665	0.10502	0.03024	0.03705	0.00182	0.00537	0.01734	0.02342	0.00591
2	0.02919	0.01165	0.01440	0.06367	0.27972	0.12458	0.02827	0.10537	0.02394	0.05000	0.08126	0.03565	0.03991	0.00768	0.05189	0.00183	0.01845	0.00505	0.00329	0.02421
3	0.03059	0.03103	0.04044	0.00787	0.00984	0.03846	0.00632	0.06706	0.05682	0.05101	0.08736	0.27027	0.08875	0.03804	0.00605	0.00176	0.00383	0.08660	0.00422	0.07367
4	0.04785	0.11870	0.13933	0.01291	0.08443	0.04823	0.08123	0.08935	0.14717	0.06732	0.03122	0.02812	0.01012	0.00663	0.03364	0.00172	0.03729	0.00454	0.00334	0.00684
5	0.04829	0.17039	0.38346	0.01151	0.01654	0.14375	0.01260	0.06192	0.01151	0.01533	0.03537	0.02733	0.00817	0.00502	0.00428	0.00138	0.00644	0.00370	0.00252	0.03049
6	0.03098	0.06315	0.21654	0.01018	0.01334	0.09972	0.03133	0.01329	0.02611	0.04276	0.15877	0.05548	0.08492	0.02246	0.02071	0.00173	0.09381	0.00575	0.00330	0.00570
7	0.05701	0.40729	0.22509	0.01034	0.01503	0.06443	0.03524	0.03700	0.02547	0.04075	0.02264	0.00980	0.00734	0.00458	0.00385	0.00126	0.00580	0.00328	0.00249	0.02129
8	0.00904	0.04050	0.01315	0.53233	0.05166	0.00973	0.01097	0.01224	0.04032	0.01364	0.08552	0.06569	0.03667	0.00614	0.00490	0.00155	0.00539	0.00539	0.00282	0.05237
9	0.01428	0.01428	0.10091	0.06001	0.31450	0.12003	0.01219	0.17496	0.01383	0.07918	0.01082	0.04376	0.00867	0.00534	0.00479	0.00146	0.00602	0.00450	0.00323	0.00724
10	0.03526	0.22621	0.40646	0.01232	0.04364	0.11956	0.01329	0.03300	0.01100	0.04542	0.00848	0.00969	0.00648	0.00461	0.00418	0.00136	0.00657	0.00334	0.00237	0.00675
11	0.00613	0.00446	0.00562	0.00637	0.00702	0.00410	0.00444	0.00727	0.01008	0.01340	0.09988	0.56804	0.16292	0.01382	0.00599	0.00185	0.00274	0.03836	0.03346	0.00406
12	0.01205	0.01094	0.01750	0.07284	0.58781	0.01120	0.01316	0.10357	0.01240	0.01740	0.05341	0.04479	0.01070	0.00525	0.00491	0.00148	0.00545	0.00493	0.00291	0.00729
13	0.00656	0.00550	0.00585	0.00570	0.00736	0.00507	0.00432	0.00920	0.09136	0.01432	0.11436	0.04105	0.59882	0.01291	0.05408	0.00200	0.00321	0.00930	0.00451	0.00452
14	0.35000	0.01094	0.01022	0.00870	0.01180	0.03901	0.00701	0.19356	0.23381	0.04983	0.01305	0.01292	0.02862	0.00565	0.00415	0.00152	0.00429	0.00411	0.00409	0.00671
15	0.01015	0.00561	0.00736	0.00669	0.00832	0.00506	0.00507	0.01203	0.01283	0.20078	0.45013	0.13853	0.07487	0.03283	0.00611	0.00167	0.00286	0.00856	0.00527	0.00527
16	0.01199	0.01151	0.01967	0.02974	0.79946	0.01151	0.01487	0.01487	0.01103	0.01583	0.00912	0.01199	0.00768	0.00432	0.00480	0.00144	0.00576	0.00432	0.00240	0.00768
17	0.00627	0.00479	0.00576	0.00581	0.00696	0.00428	0.00425	0.00790	0.01190	0.01582	0.38303	0.19772	0.30438	0.01178	0.00581	0.00165	0.00245	0.01027	0.00488	0.00428
18	0.00700	0.00471	0.00545	0.00549	0.00555	0.00475	0.00318	0.00713	0.00717	0.00961	0.01553	0.05847	0.01779	0.75374	0.07132	0.00479	0.00513	0.00717	0.00297	0.00305
19	0.00632	0.00470	0.00593	0.00645	0.00733	0.00432	0.00473	0.00776	0.01095	0.01448	0.21721	0.37662	0.20001	0.01307	0.00603	0.00182	0.00280	0.10058	0.00470	0.00419
20	0.01559	0.08593	0.01463	0.01152	0.04205	0.24780	0.02741	0.22150	0.15567	0.03474	0.01118	0.01161	0.00860	0.00527	0.00447	0.00133	0.00595	0.00395	0.00362	0.08720
21	0.01495	0.06270	0.05564	0.03888	0.12962	0.06583	0.02383	0.33865	0.11530	0.03992	0.01167	0.01295	0.00898	0.03729	0.00569	0.00159	0.02094	0.00441	0.00381	0.00736

[dist]
# distance from previous block
# <min> <max>
0	2

[block]
# block no. 3 follows, 52 sequences, length 31
# corresponding to MSA columns:
# 181-195,197-212
name=unknown_D
#
# <colnr> <probs for GDERKNQSTAVLIFYWHMCP>
#	G	D	E	R	K	N	Q	S	T	A	V	L	I	F	Y	W	H	M	C	P
0	0.09980	0.19879	0.01388	0.00856	0.01186	0.11529	0.00710	0.07942	0.03197	0.06044	0.01011	0.04839	0.00881	0.03657	0.01819	0.00142	0.02078	0.00385	0.00311	0.22167
1	0.04731	0.27498	0.07446	0.01216	0.08939	0.09602	0.00995	0.30477	0.01520	0.01975	0.00903	0.00991	0.00708	0.00492	0.00416	0.00131	0.00574	0.00355	0.00323	0.00709
2	0.03290	0.03382	0.04603	0.01281	0.14892	0.00954	0.05725	0.08053	0.11489	0.08623	0.14693	0.01711	0.02424	0.00580	0.00473	0.00136	0.00444	0.00505	0.00386	0.16357
3	0.01248	0.11346	0.23208	0.01259	0.04460	0.11103	0.08428	0.06110	0.11563	0.05017	0.03222	0.04405	0.01043	0.00573	0.00487	0.00148	0.01828	0.02325	0.00313	0.01915
4	0.04670	0.00887	0.00970	0.03095	0.01131	0.06400	0.00672	0.15761	0.04556	0.18475	0.04009	0.19565	0.04920	0.02549	0.07104	0.00215	0.00497	0.00693	0.03225	0.00608
5	0.00621	0.00466	0.00579	0.00640	0.00715	0.00432	0.00446	0.00776	0.03549	0.01381	0.14521	0.53469	0.17906	0.01357	0.00599	0.00183	0.00270	0.01209	0.00464	0.00418
6	0.01116	0.01233	0.11020	0.07930	0.31202	0.02621	0.11273	0.01539	0.09086	0.03844	0.05723	0.03650	0.03297	0.00564	0.00545	0.00156	0.03704	0.00519	0.00298	0.00680
7	0.02531	0.12538	0.46752	0.01371	0.01949	0.09199	0.12695	0.04752	0.01120	0.01526	0.00858	0.01021	0.00641	0.00456	0.00454	0.00145	0.00708	0.00374	0.00229	0.00681
8	0.02062	0.00835	0.01101	0.00853	0.01211	0.00748	0.00702	0.06384	0.02861	0.69953	0.01853	0.01636	0.01187	0.00598	0.00478	0.00148	0.00407	0.00484	0.05696	0.00801
9	0.00674	0.00475	0.00579	0.00610	0.00709	0.00426	0.00433	0.00797	0.01073	0.04795	0.16796	0.38857	0.26863	0.03796	0.00647	0.00185	0.00272	0.01121	0.00466	0.00425
10	0.01221	0.33117	0.26337	0.03890	0.05791	0.10909	0.04721	0.01547	0.02746	0.01333	0.00803	0.00961	0.00652	0.00463	0.00451	0.00134	0.03716	0.00337	0.00222	0.00650
11	0.03646	0.01418	0.05685	0.04304	0.21362	0.14091	0.22263	0.08038	0.04872	0.08025	0.01045	0.01221	0.00791	0.00476	0.00494	0.00149	0.00668	0.00453	0.00303	0.00696
12	0.03479	0.00567	0.00723	0.00681	0.00838	0.00524	0.00510	0.01223	0.02359	0.19871	0.27354	0.27032	0.05426	0.01020	0.00542	0.00163	0.00294	0.00894	0.05972	0.00528
13	0.00684	0.00455	0.00553	0.00601	0.00635	0.00442	0.00393	0.00763	0.00875	0.01216	0.05282	0.34255	0.02445	0.34586	0.01343	0.00299	0.00359	0.05154	0.09294	0.00364
14	0.03236	0.03496	0.18234	0.01483	0.15088	0.06219	0.04687	0.15529	0.10010	0.03859	0.01237	0.03806	0.03430	0.00589	0.00565	0.00155	0.06881	0.00470	0.00327	0.00700
15	0.01131	0.00829	0.05383	0.00799	0.01042	0.00759	0.00664	0.05896	0.15408	0.16591	0.18675	0.02625	0.15904	0.03560	0.07058	0.00217	0.01713	0.00674	0.00468	0.00604
16	0.00597	0.00428	0.00562	0.00662	0.00697	0.00399	0.00443	0.00685	0.00943	0.01256	0.05608	0.74707	0.05564	0.04120	0.00675	0.00203	0.00284	0.01326	0.00448	0.00393
17	0.04562	0.04291	0.05585	0.02722	0.16819	0.30888	0.08522	0.06315	0.01227	0.03558	0.00858	0.01054	0.00694	0.00517	0.00578	0.00146	0.09467	0.00387	0.01174	0.00637
18	0.04273	0.00890	0.03119	0.00827	0.01059	0.03046	0.00660	0.05155	0.32761	0.05212	0.29098	0.02514	0.07799	0.00789	0.00516	0.00157	0.00350	0.00665	0.00486	0.00623
19	0.03789	0.25261	0.15897	0.01065	0.03211	0.11583	0.02752	0.09453	0.04703	0.05082	0.00996	0.03261	0.00809	0.00503	0.00410	0.00129	0.00566	0.00376	0.03510	0.06645
20	0.01171	0.00903	0.01101	0.03581	0.02725	0.02366	0.00778	0.13568	0.13618	0.07142	0.10425	0.01824	0.03950	0.01145	0.12328	0.00252	0.15908	0.00535	0.06072	0.00608
21	0.00667	0.00495	0.00582	0.00570	0.00705	0.00436	0.00424	0.00832	0.01207	0.03766	0.36043	0.12064	0.38177	0.01140	0.00575	0.00162	0.00247	0.00982	0.00489	0.00439
22	0.04736	0.43376	0.27319	0.01096	0.01587	0.05571	0.05306	0.01499	0.01012	0.01334	0.00756	0.00897	0.00622	0.00446	0.00412	0.00129	0.02729	0.00315	0.00215	0.00644
23	0.01770	0.06852	0.01470	0.01137	0.01469	0.31225	0.00910	0.40020	0.05622	0.03388	0.01029	0.01070	0.00775	0.00544	0.00456	0.00136	0.00650	0.00385	0.00382	0.00711
24	0.00623	0.00447	0.00591	0.00653	0.00710	0.00415	0.00452	0.00756	0.01078	0.01475	0.28666	0.55979	0.03667	0.01340	0.00603	0.00182	0.00263	0.01208	0.00478	0.00415
25	0.00658	0.00506	0.00604	0.00577	0.00712	0.00457	0.00433	0.00875	0.02944	0.01727	0.52364	0.03939	0.30304	0.01065	0.00570	0.00157	0.00238	0.00920	0.00504	0.00447
26	0.00604	0.00456	0.00559	0.00617	0.00699	0.00411	0.00435	0.00723	0.01047	0.01363	0.14213	0.46589	0.25910	0.01354	0.00600	0.00181	0.00267	0.03102	0.00462	0.00408
27	0.01940	0.00952	0.01234	0.00954	0.01304	0.00925	0.02979	0.20564	0.01555	0.51930	0.04455	0.01571	0.01191	0.00641	0.00564	0.02482	0.02953	0.00488	0.00537	0.00781
28	0.00707	0.00524	0.00777	0.00764	0.00848	0.00582	0.02784	0.00862	0.00806	0.01159	0.01454	0.09522	0.01444	0.11722	0.59105	0.00643	0.01051	0.00617	0.04206	0.00421
29	0.07404	0.04423	0.03895	0.03671	0.11636	0.15993	0.04187	0.09150	0.03553	0.03847	0.00906	0.01121	0.00744	0.00721	0.04999	0.00184	0.16379	0.00393	0.00285	0.06506
30	0.10737	0.06548	0.06992	0.07190	0.11979	0.03139	0.05249	0.08695	0.02340	0.01696	0.00914	0.02661	0.00753	0.00488	0.00473	0.01441	0.02778	0.00379	0.00285	0.25265

[dist]
# distance from previous block
# <min> <max>
1	55

[block]
# block no. 4 follows, 52 sequences, length 80
# corresponding to MSA columns:
# 271-350
name=unknown_E
#
# <colnr> <probs for GDERKNQSTAVLIFYWHMCP>
#	G	D	E	R	K	N	Q	S	T	A	V	L	I	F	Y	W	H	M	C	P
0	0.07273	0.13373	0.04291	0.00888	0.02499	0.04414	0.04544	0.07328	0.04563	0.08534	0.04900	0.11938	0.14970	0.02793	0.00528	0.00157	0.00436	0.01969	0.00381	0.04221
1	0.00700	0.02554	0.00672	0.00670	0.00759	0.00513	0.00477	0.05401	0.01104	0.01471	0.16484	0.51451	0.11621	0.02972	0.00627	0.00185	0.00293	0.01151	0.00458	0.00436
2	0.06177	0.09794	0.06596	0.01193	0.05614	0.09676	0.09128	0.15640	0.05375	0.06620	0.02991	0.01249	0.00901	0.00515	0.00473	0.00135	0.02571	0.01660	0.00336	0.13354
3	0.11293	0.07247	0.13664	0.03729	0.10796	0.06250	0.09024	0.22512	0.01400	0.03056	0.03743	0.01185	0.00857	0.00507	0.00452	0.00145	0.00580	0.00414	0.02459	0.00687
4	0.00587	0.00436	0.00547	0.00637	0.00693	0.00397	0.00433	0.00679	0.00965	0.01252	0.03136	0.66449	0.19109	0.01458	0.00609	0.00190	0.00274	0.01304	0.00450	0.00397
5	0.01089	0.01105	0.03843	0.07693	0.45267	0.01083	0.16350	0.01383	0.01067	0.01497	0.01099	0.07976	0.00997	0.00631	0.02546	0.00173	0.03171	0.02094	0.00259	0.00676
6	0.03731	0.05024	0.18185	0.05871	0.10816	0.10476	0.05209	0.14513	0.04655	0.05703	0.06018	0.01348	0.02198	0.00553	0.00513	0.00149	0.03593	0.00443	0.00324	0.00679
7	0.00599	0.00446	0.00556	0.00625	0.00692	0.00405	0.00431	0.00707	0.01014	0.01330	0.12043	0.55532	0.19764	0.02671	0.00632	0.00189	0.00270	0.01233	0.00457	0.00403
8	0.00831	0.00428	0.00642	0.00642	0.00648	0.00434	0.00434	0.00648	0.00642	0.00862	0.00875	0.01504	0.00868	0.01824	0.07597	0.79768	0.00484	0.00428	0.00214	0.00226
9	0.01431	0.01164	0.03776	0.07037	0.14854	0.02975	0.05551	0.23688	0.14211	0.10157	0.02588	0.01472	0.02193	0.02777	0.00540	0.00157	0.00524	0.00479	0.00397	0.04031
10	0.06379	0.00672	0.02774	0.00683	0.00877	0.00616	0.02789	0.05985	0.03008	0.04491	0.35555	0.04669	0.21969	0.00917	0.00526	0.00153	0.00302	0.00782	0.06347	0.00503
11	0.00636	0.00466	0.00592	0.00661	0.00727	0.00435	0.00461	0.02616	0.01044	0.01386	0.12785	0.59179	0.12510	0.01388	0.00605	0.00187	0.00280	0.03166	0.00461	0.00416
12	0.00981	0.02444	0.76414	0.01416	0.02120	0.01131	0.05772	0.01536	0.01029	0.01536	0.00875	0.01038	0.00620	0.00458	0.00466	0.00154	0.00721	0.00369	0.00207	0.00713
13	0.06080	0.15520	0.42981	0.02829	0.03513	0.05161	0.09808	0.01497	0.01038	0.01481	0.00951	0.01107	0.02950	0.00468	0.00439	0.00143	0.00655	0.00378	0.00227	0.02773
14	0.00708	0.00575	0.03066	0.00746	0.00827	0.00602	0.00573	0.00849	0.00772	0.01098	0.01360	0.04234	0.01361	0.21860	0.56738	0.00662	0.02712	0.00578	0.00270	0.00410
15	0.01158	0.00737	0.03161	0.00736	0.00955	0.02375	0.00595	0.04004	0.04957	0.21644	0.38002	0.02835	0.10560	0.02131	0.00575	0.00157	0.01440	0.00715	0.02680	0.00580
16	0.04121	0.05390	0.09419	0.11204	0.28829	0.09852	0.07528	0.01467	0.04165	0.01466	0.01141	0.07553	0.02878	0.00568	0.00504	0.00151	0.02352	0.00501	0.00266	0.00645
17	0.01369	0.08178	0.13131	0.01338	0.10751	0.13562	0.06434	0.09415	0.01275	0.11871	0.04826	0.04048	0.04917	0.00620	0.00531	0.00149	0.04164	0.02423	0.00340	0.00660
18	0.38661	0.04473	0.04953	0.01577	0.24540	0.05700	0.10614	0.01494	0.00993	0.01797	0.00796	0.00989	0.00636	0.00441	0.00402	0.00147	0.00538	0.00358	0.00265	0.00627
19	0.01136	0.01140	0.03616	0.17722	0.56588	0.01144	0.08660	0.01447	0.01080	0.01514	0.00908	0.01223	0.00738	0.00440	0.00489	0.00149	0.00615	0.00443	0.00235	0.00713
20	0.00604	0.00470	0.00544	0.00571	0.00679	0.00415	0.00408	0.00732	0.01093	0.01402	0.18766	0.27997	0.39905	0.03373	0.00635	0.00179	0.00259	0.01093	0.00462	0.00411
21	0.04474	0.01081	0.05690	0.01160	0.09447	0.05831	0.04820	0.15196	0.11141	0.04407	0.02635	0.07491	0.04224	0.00685	0.00498	0.00152	0.01947	0.04184	0.14303	0.00633
22	0.01377	0.03420	0.02129	0.09537	0.02143	0.04738	0.36637	0.26497	0.01483	0.01966	0.00995	0.01216	0.00743	0.00496	0.00569	0.00156	0.04404	0.00488	0.00318	0.00687
23	0.03129	0.00477	0.00572	0.00605	0.00703	0.00437	0.00432	0.00772	0.01102	0.01489	0.25628	0.36270	0.24119	0.01255	0.00583	0.00174	0.00259	0.01104	0.00470	0.00420
24	0.86392	0.00937	0.00712	0.00637	0.00937	0.01087	0.00525	0.01425	0.00825	0.02174	0.00675	0.00787	0.00525	0.00450	0.00300	0.00150	0.00375	0.00262	0.00300	0.00525
25	0.00613	0.00475	0.00555	0.00570	0.00684	0.00421	0.00412	0.00756	0.01134	0.01472	0.26496	0.22720	0.37737	0.02957	0.00623	0.00175	0.00254	0.01056	0.00471	0.00417
26	0.01996	0.01051	0.01254	0.00964	0.01338	0.01056	0.00796	0.35949	0.01772	0.44188	0.01573	0.01438	0.01034	0.00591	0.00483	0.00147	0.00461	0.00464	0.02629	0.00815
27	0.01341	0.76045	0.02435	0.00867	0.01266	0.08969	0.00839	0.01494	0.01019	0.01144	0.00680	0.00786	0.00622	0.00422	0.00322	0.00106	0.00550	0.00264	0.00211	0.00617
28	0.00626	0.00466	0.00585	0.00622	0.00710	0.00424	0.00446	0.00774	0.01125	0.01508	0.30352	0.37006	0.18741	0.01269	0.00594	0.00175	0.00261	0.03416	0.00479	0.00421
29	0.08978	0.50488	0.14091	0.00954	0.01388	0.08839	0.00965	0.06885	0.01102	0.01431	0.00745	0.00852	0.00626	0.00444	0.00356	0.00120	0.00569	0.00292	0.00238	0.00636
30	0.07904	0.01136	0.10515	0.00950	0.01277	0.01064	0.00831	0.03893	0.45895	0.10036	0.05283	0.01786	0.04189	0.00643	0.00476	0.00158	0.00414	0.00524	0.02309	0.00716
31	0.09553	0.27445	0.16411	0.01148	0.04835	0.19953	0.02964	0.04571	0.02660	0.05131	0.00847	0.00953	0.00672	0.00466	0.00399	0.00130	0.00627	0.00328	0.00262	0.00643
32	0.02949	0.02889	0.02991	0.00981	0.04612	0.00884	0.05391	0.10608	0.15235	0.12360	0.13796	0.09285	0.05518	0.00768	0.00506	0.00156	0.00401	0.02912	0.07124	0.00633
33	0.00665	0.00453	0.00540	0.00579	0.00589	0.00443	0.00348	0.00694	0.00782	0.01043	0.01923	0.30669	0.02261	0.54790	0.01827	0.00375	0.00405	0.00938	0.00348	0.00328
34	0.00825	0.00753	0.02840	0.15630	0.07874	0.00720	0.07687	0.01077	0.02808	0.03672	0.12727	0.02992	0.33269	0.00976	0.03869	0.00185	0.00456	0.00747	0.00375	0.00517
35	0.01307	0.08498	0.25783	0.02854	0.09985	0.07141	0.12246	0.10977	0.03166	0.08269	0.02285	0.03385	0.00876	0.00518	0.00477	0.00148	0.00635	0.00446	0.00304	0.00701
36	0.00603	0.00431	0.00563	0.00657	0.00692	0.00402	0.00438	0.00691	0.00944	0.01261	0.07126	0.71166	0.05059	0.06601	0.00731	0.00211	0.00289	0.01298	0.00445	0.00391
37	0.00794	0.00641	0.00885	0.00832	0.00875	0.00789	0.00635	0.00908	0.00757	0.01107	0.01196	0.02007	0.01206	0.22780	0.39102	0.00540	0.21425	0.00540	0.02559	0.00423
38	0.03925	0.05307	0.19433	0.03730	0.05249	0.21880	0.18363	0.03491	0.04919	0.07670	0.00991	0.01135	0.00741	0.00479	0.00474	0.00146	0.00709	0.00413	0.00281	0.00663
39	0.04895	0.00812	0.03249	0.00844	0.00990	0.05889	0.03919	0.06820	0.07610	0.04409	0.01086	0.01587	0.00966	0.01278	0.03100	0.47467	0.00500	0.03877	0.00290	0.00414
40	0.01888	0.00852	0.01093	0.00857	0.01192	0.00792	0.00700	0.12954	0.02643	0.56037	0.11893	0.01842	0.01589	0.00648	0.00494	0.00149	0.00401	0.00531	0.02678	0.00767
41	0.02375	0.04810	0.03600	0.15296	0.15170	0.18528	0.06966	0.08581	0.06801	0.07450	0.01128	0.02504	0.02282	0.00534	0.00492	0.00147	0.01925	0.00443	0.00310	0.00658
42	0.00679	0.00622	0.05389	0.00626	0.00789	0.00495	0.00512	0.00909	0.02419	0.01713	0.50467	0.03724	0.25678	0.03110	0.00612	0.00164	0.00271	0.00878	0.00483	0.00459
43	0.01186	0.01073	0.01780	0.07963	0.55539	0.01105	0.03392	0.01453	0.01076	0.05444	0.02694	0.01278	0.00860	0.00545	0.02055	0.00160	0.07174	0.00443	0.00263	0.04516
44	0.01005	0.00861	0.01005	0.00718	0.01148	0.00646	0.00574	0.01220	0.01005	0.01579	0.00861	0.01005	0.00718	0.00359	0.00359	0.00072	0.00359	0.00287	0.00287	0.85932
45	0.01672	0.02763	0.01319	0.01072	0.01396	0.17915	0.00855	0.34356	0.20306	0.09071	0.03445	0.01359	0.01069	0.00592	0.00476	0.00146	0.00550	0.00450	0.00444	0.00743
46	0.00573	0.00489	0.00493	0.00497	0.00656	0.00409	0.00371	0.00695	0.01099	0.01307	0.04839	0.07103	0.77356	0.01236	0.00574	0.00165	0.00247	0.01034	0.00450	0.00409
47	0.01168	0.00640	0.00777	0.00675	0.00883	0.02284	0.00523	0.01347	0.01287	0.27136	0.32412	0.03139	0.20369	0.04408	0.00623	0.00167	0.00316	0.00764	0.00520	0.00561
48	0.01140	0.01297	0.02801	0.02010	0.02479	0.01237	0.74893	0.01536	0.01127	0.01536	0.00966	0.01297	0.00731	0.00427	0.00615	0.00165	0.04288	0.00566	0.00244	0.00648
49	0.00585	0.00486	0.00511	0.00516	0.00665	0.00413	0.00383	0.00715	0.01117	0.01365	0.12002	0.10332	0.66790	0.01226	0.00576	0.00165	0.00246	0.01035	0.00458	0.00413
50	0.04424	0.02073	0.01346	0.01197	0.01467	0.63897	0.00912	0.11510	0.06027	0.01500	0.00870	0.00962	0.00696	0.00517	0.00442	0.00131	0.00787	0.00340	0.00295	0.00605
51	0.00594	0.00427	0.00564	0.00667	0.00703	0.00397	0.00448	0.00686	0.00951	0.01269	0.06017	0.77291	0.05213	0.01488	0.00615	0.00194	0.00278	0.01347	0.00453	0.00397
52	0.01962	0.01052	0.04086	0.00986	0.01367	0.04356	0.04098	0.13258	0.04824	0.55098	0.02727	0.01542	0.01137	0.00587	0.00489	0.00150	0.00474	0.00479	0.00533	0.00795
53	0.04126	0.01146	0.01149	0.00990	0.01287	0.08119	0.00783	0.13951	0.44534	0.12397	0.03704	0.01686	0.01341	0.00639	0.00485	0.00156	0.00450	0.01833	0.00479	0.00744
54	0.00927	0.00475	0.00477	0.00469	0.00588	0.00478	0.00354	0.03093	0.01048	0.01838	0.01570	0.01790	0.01231	0.00565	0.00342	0.00114	0.00234	0.00451	0.83492	0.00461
55	0.00903	0.00452	0.00452	0.00452	0.00565	0.00452	0.00339	0.01129	0.01016	0.01807	0.01581	0.01807	0.01242	0.00565	0.00339	0.00113	0.00226	0.00452	0.85659	0.00452
56	0.00713	0.00511	0.00672	0.02909	0.00804	0.00477	0.00483	0.00939	0.01349	0.03263	0.72849	0.03565	0.07671	0.00980	0.00568	0.00153	0.00244	0.00863	0.00522	0.00464
57	0.00686	0.00495	0.00648	0.00610	0.00724	0.00457	0.00457	0.00914	0.01372	0.01943	0.79691	0.03620	0.04572	0.00991	0.00572	0.00152	0.00229	0.00876	0.00533	0.00457
58	0.01005	0.00861	0.01005	0.00718	0.01148	0.00646	0.00574	0.01220	0.01005	0.01579	0.00861	0.01005	0.00718	0.00359	0.00359	0.00072	0.00359	0.00287	0.00287	0.85932
59	0.01023	0.00885	0.02474	0.00750	0.01156	0.00685	0.00612	0.01274	0.03234	0.03287	0.04276	0.01155	0.00910	0.00414	0.00408	0.00085	0.02441	0.00329	0.00307	0.74294
60	0.03791	0.04636	0.10585	0.01092	0.03891	0.00967	0.07298	0.06140	0.10812	0.37594	0.03592	0.01555	0.02500	0.00572	0.00480	0.00149	0.00484	0.00481	0.00457	0.02924
61	0.00595	0.00425	0.00568	0.00680	0.00710	0.00398	0.00458	0.00683	0.00932	0.01242	0.02668	0.80743	0.03195	0.01514	0.00620	0.00197	0.00285	0.03241	0.00450	0.00395
62	0.01139	0.01293	0.03759	0.02040	0.07967	0.01239	0.65611	0.01517	0.01108	0.01524	0.00947	0.01276	0.00728	0.00445	0.00643	0.00166	0.07156	0.00547	0.00242	0.00653
63	0.01331	0.04303	0.42792	0.01181	0.01721	0.01009	0.04697	0.01805	0.06388	0.23856	0.05212	0.01389	0.01043	0.00536	0.00476	0.00152	0.00582	0.00440	0.00354	0.00732
64	0.00704	0.00473	0.00547	0.00547	0.00553	0.00480	0.00317	0.00717	0.00710	0.00953	0.01510	0.03078	0.01721	0.77105	0.08275	0.00493	0.00531	0.00691	0.00291	0.00304
65	0.01208	0.00737	0.00798	0.00713	0.00926	0.00784	0.00556	0.04983	0.27579	0.11986	0.01739	0.01760	0.01300	0.00601	0.00416	0.00136	0.00316	0.00488	0.42352	0.00622
66	0.01227	0.01167	0.01738	0.09292	0.46563	0.06254	0.05795	0.01691	0.14305	0.03823	0.01142	0.02873	0.00925	0.00503	0.00488	0.00150	0.00572	0.00472	0.00296	0.00722
67	0.01269	0.09342	0.27798	0.01514	0.09682	0.02401	0.18734	0.01665	0.03129	0.14494	0.01154	0.03309	0.00880	0.00512	0.00486	0.00152	0.00634	0.01841	0.00301	0.00702
68	0.01472	0.01744	0.01434	0.03472	0.03369	0.45188	0.01010	0.01599	0.01104	0.01189	0.00711	0.00967	0.00633	0.00636	0.00899	0.00161	0.33260	0.00363	0.00234	0.00554
69	0.02786	0.65118	0.13800	0.00915	0.01357	0.03779	0.00959	0.01456	0.00990	0.01217	0.00725	0.00854	0.00639	0.00532	0.03036	0.00135	0.00580	0.00284	0.00211	0.00626
70	0.00621	0.00491	0.00559	0.00545	0.00685	0.00429	0.00408	0.00788	0.01214	0.01576	0.36552	0.05932	0.46211	0.01133	0.00573	0.00160	0.00239	0.00969	0.00485	0.00429
71	0.01135	0.01282	0.02771	0.02058	0.06080	0.01205	0.73041	0.01531	0.01137	0.01547	0.01012	0.02970	0.00787	0.00432	0.00569	0.00163	0.00795	0.00582	0.00249	0.00654
72	0.00590	0.00422	0.00562	0.00675	0.00703	0.00394	0.00450	0.00675	0.00928	0.01237	0.02671	0.82653	0.03205	0.01518	0.00619	0.00197	0.00281	0.01378	0.00450	0.00394
73	0.00709	0.00605	0.00641	0.00730	0.00780	0.08220	0.00497	0.00797	0.00971	0.01232	0.02484	0.74715	0.02955	0.01419	0.00601	0.00190	0.00339	0.01274	0.00430	0.00410
74	0.01205	0.01041	0.01096	0.00986	0.01260	0.01205	0.00767	0.02575	0.79071	0.02027	0.01972	0.01808	0.01479	0.00657	0.00493	0.00164	0.00384	0.00548	0.00493	0.00767
75	0.01064	0.01060	0.01475	0.01265	0.01272	0.01477	0.01053	0.01201	0.02702	0.01188	0.00670	0.01079	0.00657	0.00843	0.01563	0.00211	0.80038	0.00427	0.00219	0.00536
76	0.13824	0.01494	0.01309	0.01064	0.01405	0.20580	0.00856	0.44277	0.01799	0.07293	0.01041	0.01071	0.00757	0.00544	0.00447	0.00141	0.00585	0.00385	0.00409	0.00719
77	0.01296	0.83261	0.02539	0.00829	0.01244	0.01917	0.00829	0.01451	0.00985	0.01140	0.00674	0.00777	0.00622	0.00415	0.00311	0.00104	0.00518	0.00259	0.00207	0.00622
78	0.01096	0.00922	0.01043	0.00756	0.01179	0.02463	0.00606	0.05936	0.01098	0.03188	0.00898	0.01024	0.00732	0.00380	0.00371	0.00079	0.00382	0.00301	0.00304	0.77244
79	0.04179	0.05061	0.20505	0.01112	0.04481	0.05443	0.05840	0.06864	0.02320	0.07651	0.01195	0.07712	0.01010	0.01784	0.05015	0.00180	0.01797	0.00476	0.06426	0.10948

[dist]
# distance from previous block
# <min> <max>
0	7

[block]
# block no. 5 follows, 52 sequences, length 9
# corresponding to MSA columns:
# 380-388
name=unknown_F
#
# <colnr> <probs for GDERKNQSTAVLIFYWHMCP>
#	G	D	E	R	K	N	Q	S	T	A	V	L	I	F	Y	W	H	M	C	P
0	0.01021	0.21262	0.16611	0.01059	0.01439	0.03724	0.11886	0.01293	0.01065	0.01426	0.08874	0.06306	0.08534	0.00636	0.00504	0.00140	0.03819	0.00532	0.02270	0.07601
1	0.00591	0.00472	0.00523	0.00551	0.00668	0.00411	0.00394	0.00706	0.01059	0.01320	0.09490	0.25756	0.50423	0.04579	0.00661	0.00184	0.00263	0.01096	0.00450	0.00404
2	0.00595	0.00431	0.00562	0.00657	0.00701	0.00399	0.00444	0.00691	0.00969	0.01286	0.07635	0.71906	0.09007	0.01464	0.00612	0.00192	0.00275	0.01320	0.00455	0.00399
3	0.03471	0.01102	0.01194	0.00917	0.01304	0.05662	0.02789	0.20317	0.10786	0.04964	0.01101	0.01160	0.00844	0.00470	0.00420	0.00111	0.00449	0.00371	0.00369	0.42199
4	0.01445	0.13110	0.14381	0.04789	0.15984	0.07475	0.09192	0.07150	0.01330	0.04196	0.04123	0.08168	0.02924	0.00756	0.00607	0.00194	0.02433	0.00588	0.00377	0.00776
5	0.01303	0.10938	0.37401	0.01300	0.04838	0.05286	0.07424	0.05053	0.03636	0.13515	0.01058	0.01143	0.00761	0.00481	0.00454	0.00143	0.00627	0.00391	0.00296	0.03951
6	0.01492	0.06420	0.03134	0.03935	0.03206	0.05878	0.09821	0.15905	0.07109	0.21260	0.06233	0.07337	0.01366	0.00654	0.00497	0.00152	0.00509	0.02217	0.02185	0.00689
7	0.02893	0.00507	0.00608	0.00635	0.00706	0.00495	0.00439	0.03290	0.00983	0.01335	0.11398	0.30285	0.11500	0.24078	0.04264	0.00285	0.00383	0.05113	0.00406	0.00397
8	0.01317	0.07053	0.08044	0.03184	0.18267	0.07700	0.03019	0.08580	0.06779	0.12621	0.01687	0.01822	0.11010	0.03231	0.00543	0.00157	0.00521	0.01755	0.02041	0.00668

[dist]
# distance from previous block
# <min> <max>
2	13

[block]
# block no. 6 follows, 52 sequences, length 10
# corresponding to MSA columns:
# 434-443
name=unknown_G
#
# <colnr> <probs for GDERKNQSTAVLIFYWHMCP>
#	G	D	E	R	K	N	Q	S	T	A	V	L	I	F	Y	W	H	M	C	P
0	0.01012	0.02608	0.01025	0.00860	0.01039	0.01950	0.07582	0.01206	0.03596	0.12683	0.09748	0.11962	0.01760	0.10460	0.20210	0.04522	0.01931	0.00657	0.00368	0.04822
1	0.03420	0.01323	0.10933	0.04699	0.11327	0.11118	0.03527	0.08511	0.13666	0.03385	0.02945	0.01507	0.01042	0.09299	0.01979	0.00195	0.06741	0.00465	0.01603	0.02314
2	0.00891	0.09358	0.01109	0.00890	0.03072	0.00747	0.07583	0.02642	0.04864	0.05074	0.10125	0.37667	0.04922	0.04401	0.00622	0.00178	0.00383	0.00924	0.00405	0.04142
3	0.03360	0.13563	0.03445	0.02668	0.16940	0.08326	0.03519	0.05932	0.01079	0.03043	0.04945	0.04840	0.02662	0.00952	0.07253	0.07956	0.08182	0.00475	0.00283	0.00578
4	0.00829	0.00425	0.00622	0.00622	0.00622	0.00425	0.00409	0.00638	0.00638	0.00851	0.00904	0.01627	0.00925	0.09036	0.01946	0.78173	0.00425	0.00447	0.00218	0.00218
5	0.00959	0.00617	0.00764	0.00712	0.00879	0.00610	0.00553	0.04376	0.08200	0.11145	0.27579	0.08588	0.11876	0.01238	0.09036	0.00226	0.00410	0.05862	0.05840	0.00530
6	0.01187	0.00767	0.00880	0.00781	0.00994	0.00782	0.00604	0.17805	0.10009	0.12910	0.07165	0.18793	0.12515	0.02838	0.00567	0.00168	0.00359	0.02086	0.08192	0.00598
7	0.00908	0.00842	0.01412	0.68717	0.07489	0.01031	0.01276	0.01213	0.00957	0.01246	0.00910	0.01351	0.00713	0.00814	0.08983	0.00226	0.00711	0.00440	0.00221	0.00540
8	0.00770	0.00535	0.00700	0.00688	0.00766	0.00587	0.00501	0.04620	0.00863	0.01245	0.01442	0.05651	0.01431	0.24715	0.43732	0.00569	0.00878	0.00595	0.09297	0.00414
9	0.01152	0.01088	0.02210	0.01639	0.02017	0.01031	0.53020	0.01471	0.01128	0.09807	0.03647	0.13801	0.01270	0.00631	0.00608	0.00169	0.03679	0.00689	0.00321	0.00622

[dist]
# distance from previous block
# <min> <max>
2	12

[block]
# block no. 7 follows, 52 sequences, length 11
# corresponding to MSA columns:
# 456-466
name=unknown_H
#
# <colnr> <probs for GDERKNQSTAVLIFYWHMCP>
#	G	D	E	R	K	N	Q	S	T	A	V	L	I	F	Y	W	H	M	C	P
0	0.00724	0.01017	0.21700	0.00800	0.01073	0.00619	0.00793	0.00997	0.01146	0.01579	0.29973	0.13367	0.20027	0.01046	0.02819	0.00179	0.00398	0.00827	0.00409	0.00506
1	0.01154	0.01105	0.01885	0.15560	0.67715	0.01139	0.01465	0.01447	0.01082	0.01528	0.00904	0.01214	0.00748	0.00440	0.00481	0.00147	0.00587	0.00432	0.00236	0.00731
2	0.00903	0.00452	0.00452	0.00452	0.00565	0.00452	0.00339	0.01129	0.01016	0.01807	0.01581	0.01807	0.01242	0.00565	0.00339	0.00113	0.00226	0.00452	0.85659	0.00452
3	0.00976	0.00979	0.01825	0.60723	0.03125	0.01116	0.21655	0.01321	0.01015	0.01321	0.00893	0.01296	0.00670	0.00464	0.00508	0.00162	0.00691	0.00468	0.00223	0.00569
4	0.63824	0.00917	0.00790	0.00659	0.00993	0.00971	0.00538	0.01371	0.00872	0.02017	0.00724	0.00845	0.00576	0.00426	0.00315	0.00129	0.00371	0.00269	0.00297	0.23098
5	0.00967	0.00974	0.00818	0.00762	0.00919	0.21744	0.00571	0.01154	0.01335	0.01655	0.48397	0.03040	0.14014	0.00894	0.00536	0.00147	0.00402	0.00748	0.00447	0.00478
6	0.00912	0.00925	0.00773	0.00816	0.00910	0.21705	0.00574	0.01009	0.01056	0.01228	0.02293	0.56516	0.06962	0.01232	0.00568	0.00176	0.00436	0.01075	0.00397	0.00439
7	0.01754	0.00938	0.01119	0.00901	0.01231	0.00943	0.00730	0.16868	0.18323	0.40448	0.03744	0.01751	0.04046	0.00639	0.00487	0.00151	0.00411	0.00517	0.04226	0.00772
8	0.01549	0.01068	0.01396	0.01496	0.22078	0.01108	0.00965	0.25046	0.12038	0.18641	0.03385	0.06523	0.01218	0.00625	0.00496	0.00152	0.00476	0.00531	0.00444	0.00766
9	0.01361	0.01458	0.01810	0.02518	0.59212	0.22262	0.01342	0.01606	0.01175	0.01478	0.00869	0.01113	0.00730	0.00450	0.00468	0.00139	0.00655	0.00400	0.00242	0.00713
10	0.60762	0.00924	0.00851	0.00716	0.01039	0.01005	0.00590	0.04739	0.01031	0.22853	0.01021	0.01030	0.00715	0.00495	0.00357	0.00150	0.00391	0.00329	0.00387	0.00616

[dist]
# distance from previous block
# <min> <max>
0	25

# created by:
# /st0/software/busco_prod/Augustus/scripts/msa2prfl.pl ./align_prep/125585.fa
