[name]
unknown

[dist]
# distance from previous block
# <min> <max>
6	72

[block]
# block no. 0 follows, 61 sequences, length 15
# corresponding to MSA columns:
# 96-110
name=unknown_A
#
# <colnr> <probs for GDERKNQSTAVLIFYWHMCP>
#	G	D	E	R	K	N	Q	S	T	A	V	L	I	F	Y	W	H	M	C	P
0	0.02680	0.02270	0.01029	0.12838	0.04680	0.08598	0.04437	0.06009	0.03147	0.08505	0.02373	0.06957	0.04000	0.15371	0.01446	0.00184	0.03117	0.00491	0.02492	0.09375
1	0.05081	0.02099	0.00964	0.00918	0.06465	0.15323	0.03637	0.05889	0.09413	0.04517	0.04801	0.10539	0.08577	0.07404	0.06657	0.01710	0.01799	0.00549	0.01482	0.02177
2	0.03535	0.01516	0.01746	0.00693	0.00816	0.00665	0.04504	0.08162	0.05027	0.02124	0.10432	0.07866	0.06460	0.30132	0.03922	0.01268	0.05985	0.00607	0.02437	0.02102
3	0.01048	0.00868	0.01048	0.00875	0.01097	0.04366	0.08462	0.16408	0.21614	0.03981	0.12845	0.06674	0.06103	0.06065	0.01551	0.00163	0.02283	0.00568	0.01740	0.02244
4	0.01825	0.00825	0.01053	0.00880	0.01107	0.02560	0.10445	0.14090	0.21826	0.03883	0.11379	0.09210	0.06108	0.03450	0.01342	0.01944	0.00397	0.02460	0.02026	0.03190
5	0.02803	0.01897	0.00964	0.00801	0.00997	0.02148	0.04618	0.12372	0.15629	0.09808	0.14279	0.02014	0.09481	0.08459	0.05166	0.00197	0.06905	0.00547	0.00381	0.00535
6	0.00961	0.04069	0.01178	0.42087	0.02011	0.12364	0.02652	0.05160	0.04476	0.01244	0.01161	0.03846	0.06989	0.00573	0.02111	0.00144	0.00535	0.00432	0.03474	0.04533
7	0.05896	0.05646	0.02162	0.05115	0.08038	0.13850	0.00706	0.05425	0.09429	0.03775	0.06329	0.06396	0.06496	0.00793	0.06156	0.00171	0.03683	0.01405	0.08019	0.00513
8	0.00618	0.00444	0.00613	0.00630	0.00704	0.00471	0.00466	0.00748	0.00751	0.01085	0.01503	0.24475	0.01572	0.06536	0.46071	0.00461	0.00755	0.00666	0.07281	0.04150
9	0.04172	0.02648	0.02829	0.00880	0.05185	0.00770	0.00690	0.08559	0.07450	0.54216	0.03201	0.05134	0.01139	0.00562	0.00431	0.00135	0.00379	0.00461	0.00471	0.00689
10	0.01051	0.00984	0.01624	0.02340	0.68045	0.01015	0.01219	0.04937	0.00991	0.01418	0.00835	0.01107	0.00709	0.00629	0.06886	0.00175	0.04770	0.00390	0.00223	0.00651
11	0.33686	0.01021	0.00969	0.00868	0.04797	0.09889	0.03175	0.19840	0.05784	0.03579	0.05103	0.01086	0.00851	0.00476	0.00362	0.00128	0.00419	0.00350	0.07062	0.00555
12	0.01013	0.00957	0.01623	0.04988	0.71160	0.00969	0.01240	0.01260	0.00955	0.01363	0.00876	0.01221	0.00759	0.00628	0.06841	0.00174	0.00560	0.02547	0.00219	0.00645
13	0.07162	0.57071	0.10009	0.00867	0.01244	0.08707	0.04651	0.03863	0.00943	0.01187	0.00649	0.00754	0.00557	0.00386	0.00315	0.00105	0.00510	0.00262	0.00202	0.00558
14	0.06905	0.00838	0.01338	0.33722	0.35967	0.00918	0.01089	0.01148	0.00890	0.01270	0.00975	0.01342	0.04223	0.06979	0.00557	0.00158	0.00504	0.00415	0.00220	0.00542

[dist]
# distance from previous block
# <min> <max>
5	12

[block]
# block no. 1 follows, 61 sequences, length 41
# corresponding to MSA columns:
# 124-164
name=unknown_B
#
# <colnr> <probs for GDERKNQSTAVLIFYWHMCP>
#	G	D	E	R	K	N	Q	S	T	A	V	L	I	F	Y	W	H	M	C	P
0	0.05303	0.01007	0.01437	0.01722	0.38471	0.05080	0.06698	0.07045	0.09582	0.08822	0.05566	0.01245	0.00957	0.00455	0.00424	0.00128	0.00471	0.00412	0.00301	0.04872
1	0.02515	0.00579	0.00862	0.00767	0.03409	0.00542	0.09424	0.02176	0.01142	0.05554	0.51445	0.04055	0.09824	0.00866	0.03151	0.00154	0.00321	0.00701	0.00416	0.02099
2	0.01008	0.04149	0.20908	0.01274	0.11274	0.06378	0.07270	0.03667	0.02522	0.03498	0.04046	0.01216	0.03757	0.02152	0.00693	0.00147	0.20567	0.00400	0.00239	0.04836
3	0.00611	0.00453	0.00529	0.00519	0.00642	0.00406	0.00388	0.00777	0.02767	0.03938	0.32755	0.10850	0.38731	0.02190	0.00534	0.00149	0.00230	0.02704	0.00430	0.00396
4	0.01443	0.32360	0.01603	0.00968	0.01249	0.49427	0.00797	0.05385	0.01133	0.01120	0.00659	0.00758	0.00563	0.00420	0.00350	0.00105	0.00647	0.00266	0.00218	0.00530
5	0.00831	0.06499	0.29677	0.00913	0.02166	0.00794	0.02788	0.03624	0.03958	0.02417	0.05214	0.16904	0.02340	0.03417	0.05076	0.00175	0.00490	0.03172	0.00283	0.09261
6	0.01348	0.07351	0.09194	0.07322	0.01454	0.29581	0.04592	0.09681	0.05745	0.10704	0.00986	0.05043	0.00792	0.00512	0.00452	0.00129	0.03863	0.00388	0.00290	0.00572
7	0.03300	0.01402	0.34690	0.01247	0.04217	0.00876	0.21302	0.01280	0.00958	0.06670	0.04484	0.06573	0.01073	0.03885	0.00529	0.00156	0.00562	0.05967	0.00261	0.00567
8	0.00583	0.00414	0.00530	0.00601	0.00665	0.00384	0.00435	0.00684	0.00882	0.02913	0.02667	0.53102	0.16808	0.03890	0.00599	0.00180	0.00276	0.13624	0.00398	0.00365
9	0.09951	0.03841	0.08335	0.07415	0.03167	0.15514	0.00851	0.23891	0.01331	0.20086	0.01015	0.01042	0.00715	0.00473	0.00401	0.00128	0.00512	0.00352	0.00348	0.00631
10	0.07590	0.05760	0.57275	0.01192	0.01742	0.01046	0.09970	0.05400	0.00973	0.04014	0.00805	0.00935	0.00578	0.00411	0.00405	0.00135	0.00598	0.00336	0.00216	0.00622
11	0.00623	0.00476	0.00585	0.00580	0.00666	0.01816	0.00426	0.00766	0.01028	0.02402	0.40056	0.22400	0.14953	0.04030	0.03487	0.00177	0.03867	0.00858	0.00414	0.00389
12	0.00553	0.00436	0.00494	0.00499	0.00610	0.00388	0.00363	0.00698	0.02542	0.01296	0.23763	0.16609	0.44364	0.04713	0.00587	0.00159	0.00230	0.00906	0.00414	0.00374
13	0.01358	0.27653	0.02762	0.01093	0.08812	0.37713	0.00832	0.05054	0.01098	0.02535	0.00701	0.00811	0.00589	0.00410	0.00355	0.00105	0.00597	0.00279	0.00226	0.07018
14	0.00659	0.00479	0.00600	0.00581	0.00681	0.00470	0.00426	0.00904	0.07937	0.03005	0.44562	0.12777	0.08380	0.08798	0.07603	0.00214	0.00324	0.00769	0.00418	0.00411
15	0.03863	0.37456	0.30019	0.00956	0.01395	0.09182	0.01036	0.05312	0.03568	0.02543	0.00742	0.00834	0.00589	0.00408	0.00348	0.00115	0.00544	0.00285	0.00215	0.00590
16	0.05909	0.02354	0.03156	0.10873	0.35074	0.06785	0.01044	0.10294	0.06443	0.05619	0.03112	0.01130	0.00798	0.00464	0.00471	0.00134	0.05062	0.00384	0.00274	0.00621
17	0.00583	0.00421	0.00557	0.00628	0.00687	0.00406	0.00466	0.00700	0.00886	0.01175	0.08220	0.43435	0.08291	0.06789	0.05126	0.00219	0.00340	0.20322	0.00386	0.00363
18	0.01015	0.01017	0.03223	0.12672	0.26567	0.09848	0.02307	0.03012	0.15133	0.01379	0.01326	0.03176	0.05438	0.00586	0.00482	0.00143	0.03180	0.08637	0.00286	0.00573
19	0.04053	0.10942	0.10799	0.02906	0.05668	0.06592	0.04744	0.22555	0.13516	0.04321	0.02858	0.02885	0.00965	0.00533	0.00420	0.00133	0.00485	0.04674	0.00330	0.00621
20	0.00959	0.06281	0.07951	0.11029	0.05706	0.01988	0.47869	0.01272	0.00958	0.01290	0.00940	0.07629	0.00800	0.00464	0.00501	0.00143	0.02933	0.00507	0.00223	0.00554
21	0.00675	0.00463	0.00592	0.00651	0.00722	0.00460	0.00507	0.02738	0.00902	0.01221	0.02053	0.20009	0.04055	0.17943	0.00874	0.00226	0.00352	0.36981	0.08208	0.00368
22	0.01081	0.19228	0.26356	0.01201	0.02939	0.10979	0.17600	0.06050	0.01035	0.01337	0.03382	0.01083	0.01897	0.00445	0.00432	0.00127	0.02605	0.01420	0.00225	0.00579
23	0.03144	0.01091	0.07858	0.10558	0.36002	0.05219	0.05205	0.07927	0.01056	0.08330	0.00948	0.03734	0.00767	0.00580	0.04100	0.00158	0.02033	0.00410	0.00262	0.00618
24	0.01592	0.00804	0.00997	0.00822	0.02985	0.02026	0.00648	0.09208	0.10674	0.49301	0.02725	0.03002	0.02090	0.00549	0.00439	0.00130	0.01593	0.00444	0.03891	0.06079
25	0.00554	0.00433	0.00508	0.00517	0.00628	0.00387	0.00386	0.00693	0.01024	0.01327	0.27361	0.14977	0.40963	0.01134	0.03058	0.00166	0.00256	0.04836	0.00417	0.00377
26	0.01062	0.16976	0.45724	0.01128	0.01629	0.05179	0.09000	0.01420	0.00960	0.09081	0.00884	0.02635	0.00676	0.00438	0.00401	0.00129	0.00584	0.01255	0.00228	0.00610
27	0.03200	0.13145	0.03348	0.06325	0.17090	0.10698	0.11272	0.04210	0.08001	0.03474	0.04231	0.02176	0.04781	0.00510	0.00463	0.00132	0.04175	0.01930	0.00269	0.00570
28	0.00632	0.00450	0.00613	0.00693	0.00758	0.00448	0.00549	0.00769	0.00880	0.01161	0.02117	0.27236	0.02375	0.10954	0.06968	0.00254	0.00414	0.41993	0.00370	0.00367
29	0.01054	0.01054	0.03396	0.03826	0.73092	0.01027	0.07532	0.01324	0.00980	0.01399	0.00814	0.01072	0.00676	0.00383	0.00433	0.00130	0.00532	0.00392	0.00213	0.00670
30	0.01190	0.35633	0.22643	0.00980	0.03142	0.14225	0.00976	0.04521	0.03203	0.05738	0.00826	0.02057	0.00680	0.00442	0.00361	0.00116	0.00545	0.01904	0.00233	0.00584
31	0.01181	0.42667	0.18877	0.00972	0.01368	0.16093	0.05058	0.05381	0.01016	0.01212	0.02205	0.00841	0.00632	0.00407	0.00348	0.00110	0.00564	0.00290	0.00210	0.00569
32	0.00619	0.00428	0.00533	0.00549	0.00573	0.00441	0.00359	0.00671	0.00682	0.00923	0.01470	0.10292	0.01644	0.54836	0.18620	0.00437	0.00552	0.05789	0.00277	0.00304
33	0.00834	0.03194	0.00683	0.00584	0.00757	0.00528	0.00460	0.02456	0.06212	0.13276	0.27972	0.03175	0.32291	0.00883	0.00489	0.00141	0.00265	0.04895	0.00439	0.00465
34	0.01089	0.01082	0.01711	0.05353	0.66558	0.06170	0.05604	0.01382	0.04290	0.01389	0.00842	0.01078	0.00695	0.00396	0.00429	0.00129	0.00535	0.00388	0.00222	0.00658
35	0.01242	0.01435	0.01368	0.01162	0.01335	0.38374	0.10975	0.03538	0.01000	0.01130	0.00720	0.00970	0.00626	0.00797	0.08743	0.00195	0.25317	0.00357	0.00218	0.00497
36	0.00587	0.00400	0.00522	0.00588	0.00642	0.00368	0.00404	0.00681	0.00892	0.04311	0.10633	0.67125	0.08735	0.01251	0.00538	0.00167	0.00247	0.01125	0.00413	0.00371
37	0.06033	0.01161	0.01212	0.00953	0.01279	0.03033	0.00780	0.63749	0.11388	0.04379	0.01105	0.01090	0.00792	0.00518	0.00422	0.00131	0.00455	0.00390	0.00421	0.00708
38	0.00558	0.00411	0.00525	0.00589	0.00643	0.00388	0.00406	0.00700	0.04009	0.01229	0.14884	0.62425	0.09174	0.01227	0.00536	0.00165	0.00244	0.01102	0.00413	0.00373
39	0.00813	0.00766	0.01292	0.83826	0.02967	0.00957	0.01196	0.01101	0.00861	0.01101	0.00766	0.01148	0.00574	0.00431	0.00431	0.00144	0.00574	0.00383	0.00191	0.00479
40	0.01571	0.01150	0.01238	0.00967	0.01297	0.01272	0.00793	0.66904	0.12919	0.05669	0.01159	0.01130	0.00826	0.00527	0.00432	0.00132	0.00452	0.00403	0.00436	0.00726

[dist]
# distance from previous block
# <min> <max>
0	1

[block]
# block no. 2 follows, 61 sequences, length 26
# corresponding to MSA columns:
# 166-181,217-226
name=unknown_C
#
# <colnr> <probs for GDERKNQSTAVLIFYWHMCP>
#	G	D	E	R	K	N	Q	S	T	A	V	L	I	F	Y	W	H	M	C	P
0	0.01080	0.00753	0.00851	0.00746	0.00969	0.00794	0.00587	0.07458	0.35963	0.14401	0.16385	0.02250	0.12645	0.00707	0.00463	0.00142	0.00315	0.02442	0.00453	0.00595
1	0.83815	0.00851	0.00664	0.00587	0.00857	0.00984	0.00483	0.05034	0.00794	0.01970	0.00620	0.00716	0.00479	0.00405	0.00274	0.00133	0.00340	0.00241	0.00274	0.00479
2	0.01787	0.00959	0.03607	0.00866	0.01213	0.00912	0.00733	0.32077	0.01525	0.49566	0.01417	0.01284	0.00923	0.00523	0.00432	0.00132	0.00416	0.00412	0.00483	0.00730
3	0.00527	0.00431	0.00463	0.00474	0.00597	0.00370	0.00350	0.00641	0.00980	0.01208	0.11600	0.13347	0.62025	0.02686	0.00547	0.00154	0.00228	0.02601	0.00405	0.00365
4	0.00940	0.24024	0.61496	0.01099	0.01665	0.01186	0.01367	0.01345	0.00900	0.01272	0.00727	0.00852	0.00548	0.00399	0.00374	0.00125	0.00590	0.00295	0.00183	0.00615
5	0.03563	0.01347	0.11196	0.01135	0.01461	0.10733	0.10215	0.25358	0.17301	0.01887	0.01215	0.02749	0.00980	0.00597	0.00514	0.00154	0.03983	0.04589	0.00361	0.00662
6	0.00560	0.00416	0.00519	0.00575	0.00635	0.00391	0.00396	0.00699	0.04063	0.01214	0.13670	0.55518	0.14194	0.04292	0.00594	0.00173	0.00249	0.01067	0.00407	0.00369
7	0.00987	0.00894	0.01195	0.11412	0.18645	0.05061	0.04100	0.03406	0.08780	0.02901	0.05999	0.02474	0.01789	0.00469	0.00408	0.00114	0.00432	0.02536	0.00283	0.28115
8	0.00573	0.00439	0.00526	0.00504	0.00621	0.00391	0.00378	0.00743	0.01134	0.01524	0.53984	0.03552	0.32154	0.00956	0.00508	0.00139	0.00209	0.00826	0.00447	0.00391
9	0.01091	0.01094	0.04092	0.04040	0.30471	0.08545	0.03413	0.05160	0.23439	0.01525	0.04291	0.01300	0.01958	0.00496	0.00474	0.00134	0.04276	0.00422	0.00298	0.03482
10	0.00682	0.00439	0.00549	0.00543	0.00597	0.00437	0.00365	0.00753	0.00782	0.05198	0.11258	0.10244	0.06063	0.39518	0.15189	0.03227	0.00479	0.00664	0.02675	0.00338
11	0.00987	0.35817	0.47484	0.01073	0.04080	0.01287	0.01236	0.01333	0.00898	0.01223	0.00704	0.00826	0.00553	0.00392	0.00356	0.00118	0.00561	0.00285	0.00184	0.00604
12	0.62932	0.14598	0.03183	0.00662	0.00955	0.06569	0.00577	0.03911	0.00836	0.01736	0.00623	0.00720	0.00497	0.00402	0.00286	0.00125	0.00396	0.00243	0.00253	0.00496
13	0.01148	0.09450	0.10136	0.01919	0.44266	0.12599	0.05617	0.01448	0.04875	0.03296	0.00836	0.01014	0.00676	0.00406	0.00410	0.00125	0.00557	0.00360	0.00227	0.00635
14	0.01890	0.20934	0.45864	0.01163	0.06365	0.02114	0.03885	0.01333	0.02424	0.01297	0.02465	0.00936	0.00651	0.00418	0.00412	0.00125	0.03185	0.00319	0.00201	0.04021
15	0.00686	0.00564	0.00819	0.00778	0.00836	0.00702	0.00615	0.00821	0.00683	0.01001	0.01035	0.01575	0.00986	0.05917	0.62290	0.00573	0.19048	0.00450	0.00223	0.00398
16	0.00992	0.01391	0.28854	0.02952	0.06851	0.05283	0.09849	0.03007	0.18272	0.03903	0.04444	0.05935	0.01067	0.00533	0.00441	0.00139	0.00516	0.02118	0.00291	0.03161
17	0.00529	0.00384	0.00500	0.00589	0.00627	0.00355	0.00400	0.00611	0.00849	0.01122	0.04181	0.74784	0.09311	0.01316	0.00547	0.00172	0.00249	0.02721	0.00401	0.00353
18	0.00977	0.02931	0.06575	0.01652	0.02061	0.01034	0.66193	0.01325	0.01005	0.01362	0.01011	0.01534	0.00841	0.00454	0.00507	0.00149	0.00681	0.08909	0.00234	0.00564
19	0.00924	0.16513	0.63313	0.01182	0.01759	0.01128	0.06768	0.01352	0.00911	0.01304	0.00749	0.00889	0.00554	0.00399	0.00393	0.00129	0.00612	0.00316	0.00185	0.00618
20	0.00527	0.00387	0.00492	0.00570	0.00615	0.00355	0.00386	0.00610	0.00856	0.01122	0.04995	0.67908	0.15006	0.03269	0.00581	0.00175	0.00248	0.01149	0.00399	0.00352
21	0.08621	0.00717	0.00909	0.00725	0.01012	0.00664	0.00591	0.04410	0.04512	0.56809	0.14729	0.01683	0.01508	0.00581	0.00432	0.00134	0.00340	0.00474	0.00495	0.00656
22	0.01003	0.03547	0.12471	0.01751	0.07840	0.01097	0.60506	0.01361	0.00986	0.01360	0.00838	0.01104	0.00637	0.00382	0.00511	0.00143	0.03197	0.00464	0.00211	0.00591
23	0.00534	0.00440	0.00471	0.00472	0.00609	0.00377	0.00360	0.00662	0.01016	0.01250	0.15170	0.04056	0.66413	0.01067	0.00514	0.00147	0.00226	0.05434	0.00410	0.00372
24	0.01143	0.00853	0.00936	0.00844	0.04827	0.05737	0.00635	0.26312	0.04379	0.09206	0.25243	0.02227	0.12107	0.00709	0.00466	0.00135	0.00365	0.02889	0.00425	0.00562
25	0.00841	0.00795	0.01333	0.73386	0.09761	0.00978	0.01197	0.01117	0.00863	0.01125	0.00761	0.01133	0.00583	0.00440	0.00471	0.00144	0.04001	0.00383	0.00193	0.00496

[dist]
# distance from previous block
# <min> <max>
0	1

[block]
# block no. 3 follows, 61 sequences, length 83
# corresponding to MSA columns:
# 228-310
name=unknown_D
#
# <colnr> <probs for GDERKNQSTAVLIFYWHMCP>
#	G	D	E	R	K	N	Q	S	T	A	V	L	I	F	Y	W	H	M	C	P
0	0.07904	0.01629	0.01327	0.01518	0.25251	0.50658	0.00946	0.01582	0.03046	0.01243	0.00730	0.00877	0.00604	0.00426	0.00392	0.00119	0.00654	0.00311	0.00228	0.00556
1	0.00907	0.00795	0.00992	0.00715	0.01096	0.00623	0.05173	0.01147	0.03901	0.01417	0.00809	0.00935	0.00664	0.00331	0.00334	0.00072	0.00343	0.00279	0.00260	0.79206
2	0.01101	0.01096	0.01723	0.02463	0.71590	0.06597	0.04260	0.01376	0.03071	0.01392	0.00827	0.01064	0.00689	0.00392	0.00427	0.00128	0.00533	0.00384	0.00220	0.00666
3	0.00935	0.00802	0.00865	0.00826	0.00998	0.04176	0.00646	0.04061	0.43443	0.01556	0.02960	0.16321	0.03159	0.00825	0.00519	0.00159	0.03473	0.13313	0.00407	0.00556
4	0.00530	0.00427	0.00466	0.00477	0.00592	0.00370	0.00347	0.00643	0.00978	0.01220	0.14774	0.15877	0.56320	0.04317	0.00580	0.00159	0.00228	0.00927	0.00405	0.00364
5	0.00626	0.00460	0.00587	0.00596	0.03250	0.00418	0.00423	0.00800	0.01132	0.03331	0.55144	0.09351	0.20399	0.00937	0.00507	0.00140	0.00223	0.00820	0.00446	0.00409
6	0.00549	0.00412	0.00509	0.00553	0.00630	0.00374	0.00396	0.00666	0.00956	0.01256	0.19591	0.40810	0.24130	0.02152	0.00552	0.00163	0.00242	0.05280	0.00414	0.00367
7	0.01495	0.20164	0.01461	0.01069	0.03425	0.63175	0.00824	0.01616	0.01139	0.01055	0.00655	0.00766	0.00558	0.00426	0.00365	0.00107	0.00701	0.00270	0.00213	0.00516
8	0.00798	0.00488	0.00649	0.00671	0.00777	0.00466	0.00533	0.00945	0.00977	0.11319	0.13179	0.14263	0.04847	0.13530	0.00792	0.00210	0.00345	0.34395	0.00405	0.00412
9	0.01396	0.03172	0.01087	0.00844	0.01126	0.01019	0.00687	0.43177	0.07340	0.14707	0.07143	0.05842	0.08103	0.00641	0.00459	0.00135	0.01527	0.00512	0.00436	0.00647
10	0.07633	0.00912	0.01009	0.00817	0.01099	0.02614	0.02113	0.28633	0.13380	0.19976	0.05852	0.01591	0.07967	0.00585	0.00427	0.00133	0.00384	0.00467	0.03769	0.00637
11	0.00626	0.00418	0.00470	0.00470	0.00470	0.00418	0.00261	0.00626	0.00626	0.00835	0.01357	0.02819	0.01566	0.84862	0.02192	0.00418	0.00418	0.00626	0.00261	0.00261
12	0.00893	0.00766	0.00893	0.00638	0.01021	0.00574	0.00510	0.01085	0.00893	0.01404	0.00766	0.00893	0.00638	0.00319	0.00319	0.00064	0.00319	0.00255	0.00255	0.87495
13	0.01027	0.07522	0.04901	0.01606	0.02016	0.01134	0.62400	0.01464	0.09529	0.01391	0.00937	0.01162	0.00711	0.00394	0.00493	0.00142	0.01866	0.00477	0.00237	0.00590
14	0.01299	0.00649	0.00830	0.00713	0.00942	0.00612	0.00571	0.01589	0.11086	0.40541	0.10752	0.07370	0.10948	0.00806	0.02478	0.00158	0.01521	0.06077	0.00470	0.00590
15	0.00530	0.00455	0.00457	0.00453	0.00602	0.00390	0.00341	0.00681	0.04012	0.01188	0.04265	0.04050	0.78959	0.01072	0.00506	0.00145	0.00223	0.00893	0.00401	0.00376
16	0.04268	0.00796	0.00940	0.00750	0.05224	0.00637	0.00561	0.03655	0.00928	0.01466	0.00770	0.00899	0.00637	0.00332	0.00326	0.00072	0.00334	0.00265	0.00259	0.76881
17	0.01413	0.23436	0.04903	0.00932	0.01243	0.13210	0.06170	0.03431	0.04158	0.26201	0.02117	0.01184	0.00847	0.00498	0.00463	0.00126	0.06351	0.02390	0.00324	0.00603
18	0.00827	0.00505	0.00622	0.00561	0.00720	0.00454	0.00431	0.01027	0.03526	0.15814	0.42697	0.03133	0.26272	0.00872	0.00493	0.00138	0.00241	0.00747	0.00462	0.00460
19	0.00547	0.00409	0.00529	0.00600	0.00647	0.00391	0.00419	0.00638	0.00866	0.01146	0.06769	0.64421	0.12841	0.01267	0.00572	0.00170	0.02933	0.04075	0.00397	0.00360
20	0.01063	0.09215	0.12935	0.02866	0.47223	0.04979	0.08701	0.01374	0.03671	0.01349	0.00811	0.01021	0.00661	0.00400	0.00433	0.00128	0.01945	0.00370	0.00214	0.00640
21	0.01751	0.00816	0.01028	0.00805	0.01121	0.00778	0.00659	0.16286	0.06966	0.58378	0.03535	0.03550	0.01141	0.00563	0.00438	0.00135	0.00377	0.00457	0.00503	0.00712
22	0.00523	0.00407	0.00470	0.00515	0.00599	0.00360	0.00360	0.00614	0.00901	0.01134	0.05001	0.41216	0.40683	0.04423	0.00593	0.00169	0.00240	0.01041	0.00396	0.00354
23	0.01175	0.01197	0.14049	0.01240	0.07457	0.02893	0.16096	0.14563	0.16078	0.09679	0.01270	0.04579	0.03305	0.00533	0.00489	0.00141	0.03823	0.00468	0.00331	0.00634
24	0.05001	0.01151	0.07079	0.05004	0.47373	0.05854	0.05041	0.07033	0.06834	0.04154	0.00904	0.01080	0.00712	0.00419	0.00421	0.00131	0.00521	0.00382	0.00255	0.00652
25	0.01635	0.01295	0.01285	0.01003	0.01335	0.09862	0.00820	0.72502	0.01941	0.02542	0.00996	0.01007	0.00714	0.00509	0.00426	0.00127	0.00506	0.00376	0.00409	0.00708
26	0.62073	0.00944	0.02913	0.00802	0.01085	0.02531	0.10325	0.03853	0.00836	0.04838	0.00691	0.00818	0.00530	0.00428	0.00386	0.00138	0.05745	0.00291	0.00268	0.00504
27	0.00636	0.00454	0.00624	0.00721	0.00792	0.00445	0.00585	0.00788	0.00927	0.01214	0.02288	0.31334	0.02579	0.03399	0.00621	0.00196	0.00348	0.51277	0.00394	0.00378
28	0.01577	0.04218	0.01267	0.01155	0.04252	0.78002	0.00847	0.01694	0.01203	0.01066	0.00669	0.00785	0.00559	0.00440	0.00387	0.00111	0.00759	0.00280	0.00221	0.00507
29	0.00526	0.00380	0.00498	0.00589	0.00623	0.00352	0.00396	0.00607	0.00846	0.01122	0.04846	0.77469	0.07513	0.01321	0.00546	0.00172	0.00247	0.01193	0.00402	0.00352
30	0.01609	0.02053	0.01221	0.01110	0.01332	0.83132	0.00832	0.01720	0.01221	0.01054	0.00666	0.00777	0.00555	0.00444	0.00388	0.00111	0.00777	0.00277	0.00222	0.00499
31	0.00880	0.00745	0.00870	0.00629	0.00995	0.00564	0.00502	0.01072	0.00906	0.01420	0.03897	0.00998	0.00780	0.00345	0.00326	0.00067	0.00312	0.00278	0.02142	0.82270
32	0.00998	0.01133	0.02466	0.01770	0.02191	0.01062	0.77620	0.01351	0.01010	0.01369	0.00927	0.04272	0.00735	0.00400	0.00510	0.00146	0.00708	0.00535	0.00225	0.00572
33	0.01017	0.01162	0.02542	0.01816	0.02251	0.01089	0.80610	0.01380	0.01017	0.01380	0.00871	0.01162	0.00654	0.00363	0.00508	0.00145	0.00726	0.00508	0.00218	0.00581
34	0.01078	0.63896	0.22837	0.00863	0.01300	0.01524	0.00956	0.01309	0.00884	0.01103	0.00643	0.00747	0.00551	0.00379	0.00310	0.00103	0.00506	0.00253	0.00184	0.00574
35	0.84065	0.00835	0.00667	0.00618	0.02697	0.00960	0.00490	0.01285	0.00750	0.03659	0.00628	0.00725	0.00484	0.00402	0.00274	0.00133	0.00338	0.00241	0.00271	0.00477
36	0.01080	0.00944	0.00978	0.00881	0.01124	0.02440	0.00684	0.02279	0.80059	0.01789	0.01735	0.01593	0.01302	0.00582	0.00437	0.00146	0.00348	0.00484	0.00435	0.00679
37	0.01084	0.00939	0.01028	0.01004	0.07145	0.02849	0.00729	0.03923	0.67026	0.02597	0.03691	0.01653	0.01333	0.00586	0.00442	0.00144	0.00364	0.02379	0.00418	0.00666
38	0.00526	0.00402	0.00483	0.00538	0.00611	0.00359	0.00375	0.00622	0.00910	0.01169	0.09016	0.50048	0.30946	0.01223	0.00532	0.00162	0.00235	0.01080	0.00405	0.00359
39	0.00611	0.00437	0.00558	0.00558	0.00603	0.00462	0.00381	0.00684	0.00687	0.00933	0.01557	0.02484	0.08935	0.43642	0.35098	0.00504	0.00699	0.00586	0.00262	0.00321
40	0.00544	0.00433	0.00490	0.00491	0.00611	0.00378	0.00366	0.00680	0.01037	0.01328	0.27163	0.11719	0.49436	0.01056	0.00515	0.00147	0.00221	0.02589	0.00422	0.00376
41	0.00923	0.00787	0.00988	0.00707	0.01091	0.00604	0.04990	0.01124	0.00908	0.03190	0.00792	0.00921	0.00648	0.00326	0.00332	0.00070	0.00343	0.00273	0.00259	0.80723
42	0.00544	0.00435	0.00486	0.00479	0.00604	0.00377	0.00357	0.00683	0.01055	0.01351	0.30423	0.07247	0.52377	0.01031	0.00510	0.00143	0.00214	0.00879	0.00425	0.00377
43	0.00893	0.00766	0.00893	0.00638	0.01021	0.00574	0.00510	0.01085	0.00893	0.01404	0.00766	0.00893	0.00638	0.00319	0.00319	0.00064	0.00319	0.00255	0.00255	0.87495
44	0.01059	0.01026	0.01781	0.03970	0.76735	0.01026	0.05392	0.01321	0.00981	0.01401	0.00813	0.01072	0.00679	0.00384	0.00431	0.00129	0.00524	0.00390	0.00213	0.00674
45	0.00606	0.00442	0.00571	0.00545	0.00649	0.00407	0.00412	0.00804	0.01196	0.01676	0.74102	0.03337	0.08903	0.00905	0.00511	0.00138	0.00211	0.03713	0.00467	0.00403
46	0.01071	0.00925	0.00974	0.00877	0.01120	0.01071	0.00682	0.02289	0.81396	0.01802	0.01753	0.01607	0.01315	0.00584	0.00438	0.00146	0.00341	0.00487	0.00438	0.00682
47	0.01031	0.00991	0.01697	0.13597	0.68357	0.01017	0.03340	0.01306	0.01987	0.01370	0.00818	0.01087	0.00675	0.00392	0.00429	0.00131	0.00524	0.00388	0.00213	0.00652
48	0.00870	0.03892	0.81017	0.01218	0.01849	0.01015	0.01574	0.01363	0.00909	0.01357	0.00770	0.00905	0.00546	0.00408	0.00407	0.00136	0.00633	0.00317	0.00182	0.00635
49	0.00903	0.00888	0.01264	0.01090	0.01106	0.01219	0.02380	0.01008	0.00673	0.01041	0.00667	0.02824	0.00665	0.00997	0.09220	0.00236	0.72752	0.00406	0.00198	0.00462
50	0.00813	0.00766	0.01292	0.83826	0.02967	0.00957	0.01196	0.01101	0.00861	0.01101	0.00766	0.01148	0.00574	0.00431	0.00431	0.00144	0.00574	0.00383	0.00191	0.00479
51	0.00864	0.02228	0.82630	0.01228	0.01864	0.01000	0.01592	0.01364	0.00909	0.01364	0.00773	0.00909	0.00546	0.00409	0.00409	0.00136	0.00637	0.00318	0.00182	0.00637
52	0.14828	0.01213	0.02953	0.00889	0.01131	0.25213	0.03214	0.09254	0.11187	0.07191	0.01392	0.04661	0.08768	0.00598	0.00440	0.00135	0.02674	0.03393	0.00327	0.00539
53	0.00531	0.00379	0.00507	0.00607	0.00635	0.00355	0.00411	0.00611	0.00831	0.01107	0.02371	0.81608	0.02835	0.01344	0.00551	0.00176	0.00255	0.04134	0.00400	0.00352
54	0.01700	0.00854	0.01046	0.00818	0.01128	0.00837	0.00668	0.25989	0.03518	0.48792	0.04902	0.03896	0.01159	0.02045	0.00470	0.00139	0.00389	0.00462	0.00488	0.00698
55	0.01052	0.01009	0.01723	0.07098	0.77829	0.01020	0.01315	0.01310	0.00974	0.01390	0.00808	0.01071	0.00676	0.00386	0.00427	0.00129	0.00515	0.00384	0.00212	0.00671
56	0.05397	0.01728	0.01218	0.03145	0.07479	0.58678	0.00846	0.06358	0.06701	0.03369	0.00799	0.00894	0.00637	0.00453	0.00394	0.00118	0.00674	0.00311	0.00258	0.00544
57	0.01924	0.00747	0.01008	0.00773	0.01107	0.00654	0.00639	0.04427	0.01256	0.80112	0.01680	0.01453	0.01056	0.00533	0.00433	0.00133	0.00370	0.00432	0.00530	0.00733
58	0.01059	0.01017	0.01736	0.04796	0.80075	0.01022	0.01319	0.01316	0.00978	0.01399	0.00809	0.01068	0.00679	0.00385	0.00427	0.00128	0.00513	0.00384	0.00213	0.00677
59	0.02745	0.00850	0.01100	0.00937	0.04640	0.02634	0.05696	0.12152	0.11043	0.35646	0.05674	0.01753	0.06769	0.00603	0.00475	0.00139	0.02555	0.03506	0.00437	0.00644
60	0.00567	0.00418	0.00561	0.00607	0.00662	0.00407	0.01878	0.00662	0.00810	0.01084	0.02236	0.49280	0.10609	0.10281	0.13601	0.00277	0.00417	0.03191	0.02098	0.00354
61	0.00621	0.00428	0.00529	0.00532	0.00553	0.00448	0.00338	0.00663	0.00649	0.00886	0.01330	0.04655	0.01471	0.61168	0.23488	0.00484	0.00607	0.00599	0.00257	0.00296
62	0.00582	0.00481	0.00520	0.00504	0.00639	0.01468	0.00379	0.00771	0.04656	0.01359	0.27812	0.03641	0.51428	0.01052	0.02660	0.00156	0.00251	0.00831	0.00418	0.00393
63	0.02413	0.01012	0.01650	0.03766	0.70968	0.01980	0.02130	0.01369	0.06050	0.01426	0.00937	0.01157	0.02378	0.00412	0.00427	0.00130	0.00499	0.00399	0.00232	0.00666
64	0.00795	0.00465	0.00529	0.00512	0.00611	0.00503	0.00394	0.02454	0.02711	0.01489	0.01320	0.01581	0.01072	0.01034	0.16081	0.00218	0.04293	0.00413	0.63111	0.00414
65	0.00882	0.00808	0.01347	0.54720	0.24646	0.00931	0.01159	0.01154	0.00898	0.01226	0.00829	0.01162	0.00647	0.00423	0.00419	0.00136	0.00527	0.00385	0.07173	0.00529
66	0.01159	0.77374	0.03611	0.00790	0.02394	0.03173	0.00763	0.02536	0.02946	0.01073	0.00642	0.00731	0.00577	0.00379	0.00290	0.00096	0.00468	0.00244	0.00196	0.00561
67	0.03673	0.05630	0.02608	0.04233	0.01326	0.17127	0.07080	0.24954	0.02069	0.12981	0.01327	0.03705	0.08136	0.00559	0.00452	0.00131	0.02627	0.00440	0.00347	0.00595
68	0.00526	0.00435	0.00462	0.00465	0.00599	0.00371	0.00349	0.00646	0.01001	0.01227	0.13006	0.08211	0.67160	0.01083	0.00513	0.00147	0.00222	0.02800	0.00408	0.00369
69	0.03090	0.00948	0.01526	0.25342	0.48777	0.01025	0.01205	0.04793	0.04985	0.01404	0.00845	0.01104	0.00678	0.00420	0.00443	0.00135	0.02049	0.00385	0.00229	0.00618
70	0.01993	0.56372	0.14508	0.03996	0.01326	0.10126	0.02379	0.01329	0.00920	0.01094	0.00713	0.00823	0.02049	0.00399	0.00323	0.00105	0.00525	0.00272	0.00194	0.00554
71	0.00638	0.00478	0.00552	0.00525	0.00662	0.00436	0.00396	0.00859	0.06163	0.04241	0.38030	0.05325	0.38201	0.00954	0.00502	0.00141	0.00225	0.00816	0.00439	0.00415
72	0.00978	0.01102	0.03862	0.26644	0.03502	0.04570	0.50295	0.01309	0.00976	0.01281	0.00828	0.01134	0.00623	0.00388	0.00476	0.00143	0.00677	0.00455	0.00209	0.00549
73	0.01426	0.01764	0.04191	0.01034	0.01261	0.62473	0.00806	0.02933	0.06756	0.01961	0.01031	0.04694	0.03751	0.00545	0.00413	0.00122	0.00675	0.03394	0.00263	0.00508
74	0.01992	0.07728	0.17857	0.01815	0.40350	0.08990	0.02219	0.04216	0.04893	0.01410	0.02510	0.01112	0.00763	0.00432	0.00413	0.00128	0.00541	0.01764	0.00233	0.00633
75	0.00958	0.00973	0.06459	0.00974	0.01142	0.09705	0.08601	0.03895	0.04561	0.04150	0.00988	0.01385	0.00874	0.08318	0.24653	0.00329	0.18786	0.00429	0.02343	0.00480
76	0.00651	0.00543	0.00566	0.00547	0.00698	0.01548	0.00411	0.04926	0.09863	0.01343	0.08990	0.12535	0.53782	0.01012	0.00500	0.00147	0.00254	0.00854	0.00409	0.00421
77	0.01026	0.00989	0.01704	0.14978	0.67555	0.01015	0.03842	0.01290	0.00964	0.01360	0.00805	0.01082	0.00665	0.00390	0.00430	0.00131	0.00528	0.00388	0.00210	0.00648
78	0.01119	0.04944	0.08335	0.01677	0.34335	0.04664	0.06389	0.09810	0.09737	0.04538	0.02528	0.04607	0.02050	0.00508	0.00436	0.00134	0.00495	0.02771	0.00289	0.00634
79	0.00615	0.00445	0.00553	0.00584	0.00662	0.01371	0.00416	0.00765	0.02772	0.03454	0.28908	0.44209	0.10554	0.01119	0.00525	0.00157	0.00244	0.01831	0.00427	0.00390
80	0.01082	0.01054	0.01709	0.07740	0.70215	0.04181	0.03297	0.03035	0.01006	0.01402	0.00808	0.01062	0.00671	0.00391	0.00427	0.00129	0.00531	0.00383	0.00217	0.00661
81	0.01196	0.06291	0.04630	0.13655	0.37056	0.17058	0.03690	0.05600	0.01068	0.04562	0.00811	0.01010	0.00646	0.00415	0.00413	0.00126	0.00573	0.00357	0.00233	0.00609
82	0.01101	0.01089	0.02884	0.06649	0.34618	0.09021	0.19018	0.04330	0.01073	0.05341	0.06815	0.01344	0.03807	0.00461	0.00450	0.00133	0.00551	0.00450	0.00262	0.00602

[dist]
# distance from previous block
# <min> <max>
0	4

[block]
# block no. 4 follows, 61 sequences, length 18
# corresponding to MSA columns:
# 315-332
name=unknown_E
#
# <colnr> <probs for GDERKNQSTAVLIFYWHMCP>
#	G	D	E	R	K	N	Q	S	T	A	V	L	I	F	Y	W	H	M	C	P
0	0.30602	0.10512	0.03381	0.05147	0.11419	0.07323	0.00769	0.11636	0.04522	0.03046	0.00779	0.00891	0.00611	0.00427	0.00365	0.00124	0.02011	0.00304	0.00272	0.05860
1	0.00631	0.00433	0.00544	0.00565	0.00655	0.00395	0.00411	0.00758	0.00992	0.05352	0.25456	0.32767	0.18966	0.04530	0.00594	0.00167	0.00252	0.05723	0.00422	0.00387
2	0.06550	0.01053	0.01134	0.00871	0.01213	0.02543	0.00714	0.48366	0.03326	0.11740	0.01044	0.01046	0.00747	0.00474	0.00399	0.00117	0.00426	0.00359	0.00396	0.17481
3	0.00956	0.06605	0.36117	0.01400	0.15852	0.00999	0.10519	0.04094	0.05577	0.02668	0.06194	0.01311	0.04847	0.00476	0.00430	0.00134	0.00540	0.00419	0.00250	0.00612
4	0.01190	0.73759	0.04939	0.00785	0.01155	0.04972	0.00775	0.06149	0.00961	0.01131	0.00634	0.00723	0.00564	0.00382	0.00295	0.00097	0.00480	0.00245	0.00201	0.00564
5	0.00742	0.10905	0.06895	0.00830	0.01022	0.00712	0.10960	0.02018	0.04309	0.01287	0.12612	0.38185	0.03696	0.00920	0.00490	0.00151	0.00369	0.03098	0.00347	0.00453
6	0.01068	0.00759	0.00949	0.00971	0.11988	0.03253	0.02146	0.13851	0.02683	0.14510	0.13636	0.06590	0.21168	0.00758	0.00474	0.00140	0.00358	0.03750	0.00403	0.00546
7	0.00852	0.00785	0.01068	0.16991	0.03804	0.05314	0.05589	0.02892	0.00788	0.01055	0.00984	0.04155	0.01000	0.29566	0.02744	0.00257	0.21015	0.00494	0.00231	0.00416
8	0.02301	0.02091	0.06071	0.21941	0.05821	0.13170	0.10875	0.11467	0.09322	0.08584	0.03464	0.01190	0.00829	0.00469	0.00432	0.00134	0.00553	0.00403	0.00294	0.00587
9	0.05373	0.00541	0.00669	0.00607	0.00778	0.00498	0.00473	0.02499	0.01117	0.21491	0.30500	0.11726	0.16323	0.00867	0.00485	0.00144	0.00272	0.04703	0.00453	0.00482
10	0.00981	0.01337	0.23134	0.01266	0.03036	0.05408	0.26976	0.04654	0.09882	0.02519	0.04481	0.01406	0.05289	0.00651	0.05492	0.00172	0.00613	0.00463	0.01663	0.00579
11	0.05993	0.07061	0.17462	0.01277	0.13566	0.11036	0.07855	0.11028	0.08298	0.05266	0.03031	0.01203	0.04089	0.00476	0.00414	0.00130	0.00528	0.00393	0.00284	0.00610
12	0.00940	0.01020	0.02070	0.01535	0.01881	0.03052	0.59593	0.01249	0.00957	0.01293	0.00979	0.01407	0.00809	0.00962	0.16724	0.00254	0.00798	0.03716	0.00228	0.00533
13	0.00559	0.00526	0.04945	0.00533	0.00675	0.00408	0.00429	0.00711	0.01023	0.01325	0.25828	0.15206	0.44222	0.01031	0.00509	0.00146	0.00241	0.00885	0.00409	0.00389
14	0.01074	0.12327	0.06723	0.06003	0.04646	0.08809	0.03362	0.07304	0.18582	0.04784	0.10297	0.01726	0.05656	0.00594	0.00447	0.00135	0.01899	0.04731	0.00333	0.00567
15	0.04950	0.00955	0.04886	0.00804	0.01093	0.11308	0.00670	0.01804	0.08725	0.45797	0.06217	0.03275	0.04606	0.00633	0.02172	0.00145	0.00427	0.00462	0.00438	0.00633
16	0.00565	0.00439	0.00557	0.05084	0.00776	0.00415	0.00460	0.00690	0.00925	0.01188	0.08748	0.34979	0.29065	0.01216	0.03007	0.00179	0.00299	0.10648	0.00389	0.00372
17	0.09824	0.00801	0.01004	0.00799	0.01080	0.00803	0.06831	0.14466	0.08418	0.30826	0.01523	0.01478	0.05342	0.00534	0.00406	0.00130	0.00372	0.00438	0.14307	0.00618

[dist]
# distance from previous block
# <min> <max>
1	12

[block]
# block no. 5 follows, 61 sequences, length 20
# corresponding to MSA columns:
# 345-364
name=unknown_F
#
# <colnr> <probs for GDERKNQSTAVLIFYWHMCP>
#	G	D	E	R	K	N	Q	S	T	A	V	L	I	F	Y	W	H	M	C	P
0	0.06860	0.03897	0.17207	0.02844	0.34998	0.02255	0.13898	0.03075	0.05961	0.02330	0.00885	0.01107	0.00702	0.00417	0.00424	0.00134	0.00546	0.01593	0.00235	0.00631
1	0.00700	0.00570	0.02074	0.00699	0.00788	0.01787	0.00539	0.00933	0.08266	0.01079	0.01211	0.01800	0.01138	0.15621	0.53334	0.00536	0.04667	0.00479	0.03374	0.00403
2	0.00711	0.00670	0.00789	0.00707	0.00867	0.08229	0.08616	0.00895	0.02709	0.01335	0.23590	0.10523	0.33423	0.00918	0.00503	0.00145	0.00332	0.04236	0.00385	0.00416
3	0.01265	0.07388	0.03382	0.01092	0.13213	0.09656	0.00769	0.12034	0.05316	0.18968	0.04028	0.16931	0.01328	0.00663	0.00442	0.00136	0.00433	0.01996	0.00368	0.00593
4	0.00992	0.07988	0.42124	0.01415	0.11205	0.04560	0.15178	0.04361	0.03144	0.01389	0.00913	0.01063	0.02877	0.00424	0.00422	0.00133	0.00605	0.00374	0.00216	0.00617
5	0.14055	0.00764	0.00958	0.00746	0.01070	0.00705	0.00616	0.04778	0.01191	0.68271	0.01521	0.01343	0.00970	0.00514	0.00410	0.00133	0.00366	0.00403	0.00492	0.00695
6	0.00966	0.07241	0.48192	0.05306	0.14089	0.04491	0.03204	0.01442	0.08478	0.01364	0.00857	0.00996	0.00643	0.00420	0.00408	0.00133	0.00583	0.00344	0.00214	0.00628
7	0.01237	0.03319	0.02417	0.03548	0.31184	0.03279	0.09908	0.08331	0.05225	0.16767	0.01194	0.06054	0.01889	0.00517	0.00459	0.00136	0.01796	0.01782	0.00319	0.00640
8	0.00576	0.00438	0.00539	0.00587	0.00678	0.00406	0.00443	0.00727	0.02770	0.01249	0.12714	0.32376	0.27108	0.01164	0.00539	0.00165	0.00266	0.16469	0.00409	0.00378
9	0.00564	0.00411	0.00546	0.00608	0.00659	0.00407	0.00433	0.00661	0.00810	0.01079	0.02223	0.47169	0.09777	0.08581	0.17392	0.00299	0.00455	0.07219	0.00354	0.00355
10	0.01168	0.14826	0.26728	0.01307	0.13659	0.07155	0.04644	0.14309	0.01126	0.04858	0.00852	0.02616	0.00672	0.00454	0.00440	0.00128	0.03824	0.00356	0.00251	0.00625
11	0.04319	0.01001	0.04087	0.03968	0.04455	0.05822	0.03826	0.12980	0.20236	0.14303	0.03900	0.04268	0.03200	0.00601	0.00545	0.00144	0.09580	0.01785	0.00368	0.00610
12	0.01066	0.01023	0.01748	0.02644	0.82174	0.01023	0.01322	0.01322	0.00981	0.01407	0.00810	0.01066	0.00682	0.00384	0.00426	0.00128	0.00512	0.00384	0.00213	0.00682
13	0.00989	0.01101	0.06514	0.01631	0.11775	0.01055	0.44193	0.02606	0.03352	0.01368	0.00902	0.02600	0.00728	0.00507	0.02012	0.00156	0.12720	0.00467	0.04755	0.00570
14	0.03142	0.04155	0.03021	0.02701	0.36289	0.15487	0.01004	0.08253	0.01142	0.13395	0.04806	0.01149	0.00867	0.00460	0.00437	0.00127	0.02260	0.00382	0.00292	0.00632
15	0.00877	0.07283	0.69969	0.08942	0.01920	0.01040	0.01501	0.01335	0.00903	0.01317	0.00761	0.00918	0.00549	0.00409	0.00403	0.00134	0.00620	0.00319	0.00183	0.00617
16	0.00523	0.00381	0.00494	0.00584	0.00621	0.00351	0.00393	0.00602	0.00839	0.01106	0.02561	0.77039	0.10270	0.01325	0.00546	0.00172	0.00247	0.01195	0.00400	0.00351
17	0.00596	0.00459	0.00584	0.00674	0.04896	0.00432	0.00444	0.02052	0.02662	0.01232	0.11376	0.45509	0.20231	0.04918	0.00600	0.00172	0.00267	0.02118	0.00393	0.00387
18	0.65422	0.00880	0.00906	0.03602	0.03573	0.02318	0.08049	0.01322	0.00812	0.06340	0.00705	0.00819	0.00534	0.00403	0.00313	0.00132	0.00393	0.00281	0.00272	0.02923
19	0.04842	0.26679	0.13915	0.01455	0.26814	0.07692	0.01048	0.06425	0.03221	0.03012	0.00779	0.00912	0.00632	0.00405	0.00370	0.00118	0.00518	0.00317	0.00229	0.00617

[dist]
# distance from previous block
# <min> <max>
0	25

# created by:
# /st0/software/busco_prod/Augustus/scripts/msa2prfl.pl ./align_prep/125726.fa
