[name]
unknown

[dist]
# distance from previous block
# <min> <max>
0	25

[block]
# block no. 0 follows, 61 sequences, length 7
# corresponding to MSA columns:
# 25-31
name=unknown_A
#
# <colnr> <probs for GDERKNQSTAVLIFYWHMCP>
#	G	D	E	R	K	N	Q	S	T	A	V	L	I	F	Y	W	H	M	C	P
0	0.14196	0.12056	0.22330	0.02598	0.02419	0.03398	0.02206	0.02665	0.03333	0.03747	0.02764	0.07782	0.01054	0.00575	0.00399	0.00133	0.00457	0.09212	0.00273	0.08403
1	0.00661	0.04831	0.00629	0.00563	0.00642	0.00504	0.00387	0.04752	0.00862	0.01136	0.05997	0.32849	0.11316	0.29112	0.01066	0.00241	0.00324	0.00843	0.00343	0.02941
2	0.01065	0.10819	0.08479	0.05037	0.03362	0.04816	0.00756	0.14283	0.18145	0.03639	0.06298	0.09784	0.04013	0.00617	0.00420	0.00132	0.00408	0.00506	0.06848	0.00572
3	0.03379	0.13612	0.20921	0.02393	0.10031	0.02270	0.00942	0.05926	0.04493	0.06658	0.00976	0.06100	0.00820	0.00618	0.04676	0.00149	0.01747	0.00383	0.00264	0.13641
4	0.02769	0.15005	0.44657	0.01147	0.03654	0.05842	0.03626	0.08084	0.03673	0.01413	0.00782	0.00911	0.00595	0.00438	0.00452	0.00131	0.05670	0.00323	0.00218	0.00611
5	0.05584	0.36620	0.13526	0.00945	0.05212	0.12699	0.00855	0.04401	0.03699	0.04089	0.00799	0.00980	0.00680	0.05625	0.02512	0.00145	0.00534	0.00309	0.00231	0.00555
6	0.09023	0.00501	0.00593	0.00593	0.00652	0.00536	0.00415	0.00768	0.02432	0.01151	0.08878	0.23945	0.06651	0.26077	0.05699	0.03876	0.06804	0.00735	0.00319	0.00352

[dist]
# distance from previous block
# <min> <max>
0	1

[block]
# block no. 1 follows, 61 sequences, length 47
# corresponding to MSA columns:
# 33-79
name=unknown_B
#
# <colnr> <probs for GDERKNQSTAVLIFYWHMCP>
#	G	D	E	R	K	N	Q	S	T	A	V	L	I	F	Y	W	H	M	C	P
0	0.00934	0.04156	0.15328	0.01978	0.05622	0.09359	0.02999	0.04130	0.04231	0.05469	0.13912	0.12094	0.07349	0.06412	0.01577	0.00161	0.00446	0.00583	0.00322	0.02940
1	0.00560	0.00446	0.00535	0.00559	0.00640	0.00425	0.00401	0.00655	0.00892	0.01150	0.07483	0.37762	0.34242	0.04852	0.00654	0.00171	0.05445	0.00979	0.00383	0.01767
2	0.00961	0.00752	0.00904	0.00664	0.01021	0.00590	0.01955	0.02301	0.02130	0.07787	0.02615	0.01201	0.05797	0.00402	0.00350	0.00079	0.00324	0.00330	0.00295	0.69542
3	0.00897	0.04839	0.21116	0.00794	0.01196	0.00724	0.00785	0.01183	0.03313	0.03856	0.02943	0.07944	0.00913	0.00457	0.00370	0.00099	0.00397	0.00376	0.00265	0.47534
4	0.00754	0.00499	0.00620	0.00618	0.03847	0.00475	0.01691	0.00967	0.03494	0.05382	0.23033	0.02597	0.19176	0.00905	0.05566	0.00162	0.00303	0.02284	0.25724	0.01904
5	0.01043	0.01097	0.06793	0.05002	0.70719	0.01023	0.05347	0.01321	0.00975	0.01394	0.00810	0.01064	0.00669	0.00386	0.00430	0.00130	0.00532	0.00386	0.00211	0.00668
6	0.00677	0.00560	0.00725	0.00718	0.00804	0.05664	0.00557	0.00828	0.00725	0.01003	0.01124	0.01635	0.01044	0.03058	0.78019	0.00656	0.01130	0.00450	0.00230	0.00392
7	0.00930	0.02135	0.77564	0.01199	0.01817	0.00978	0.01532	0.01410	0.00930	0.06397	0.00831	0.00944	0.00578	0.00417	0.00411	0.00136	0.00620	0.00325	0.00204	0.00643
8	0.00649	0.05715	0.00789	0.00695	0.00790	0.00611	0.00551	0.00802	0.00704	0.01001	0.01119	0.01630	0.01044	0.03053	0.78012	0.00655	0.01111	0.00447	0.00228	0.00395
9	0.00525	0.00375	0.00500	0.00600	0.00625	0.00350	0.00400	0.00600	0.00825	0.01100	0.02374	0.84580	0.02849	0.01350	0.00550	0.00175	0.00250	0.01225	0.00400	0.00350
10	0.01152	0.85121	0.02257	0.00737	0.01106	0.01704	0.00737	0.01290	0.00875	0.01013	0.00599	0.00691	0.00553	0.00369	0.00276	0.00092	0.00461	0.00230	0.00184	0.00553
11	0.00942	0.00942	0.01319	0.01131	0.01131	0.01319	0.00942	0.01037	0.00660	0.01037	0.00565	0.00942	0.00565	0.00754	0.01414	0.00188	0.84073	0.00377	0.00188	0.00471
12	0.01071	0.00925	0.00974	0.00877	0.01120	0.01071	0.00682	0.02289	0.81396	0.01802	0.01753	0.01607	0.01315	0.00584	0.00438	0.00146	0.00341	0.00487	0.00438	0.00682
13	0.01933	0.00733	0.01000	0.00766	0.01100	0.00633	0.00633	0.02099	0.01233	0.82473	0.01699	0.01466	0.01066	0.00533	0.00433	0.00133	0.00367	0.00433	0.00533	0.00733
14	0.01152	0.85121	0.02257	0.00737	0.01106	0.01704	0.00737	0.01290	0.00875	0.01013	0.00599	0.00691	0.00553	0.00369	0.00276	0.00092	0.00461	0.00230	0.00184	0.00553
15	0.00603	0.00440	0.00566	0.00535	0.00639	0.00403	0.00401	0.00799	0.01203	0.01689	0.76603	0.03282	0.09433	0.00895	0.00508	0.00136	0.00204	0.00788	0.00469	0.00403
16	0.01017	0.01162	0.02542	0.01816	0.02251	0.01089	0.80610	0.01380	0.01017	0.01380	0.00871	0.01162	0.00654	0.00363	0.00508	0.00145	0.00726	0.00508	0.00218	0.00581
17	0.00525	0.00385	0.00490	0.00573	0.00615	0.00354	0.00386	0.00603	0.00842	0.01102	0.02631	0.71000	0.14076	0.03495	0.00587	0.00177	0.00250	0.01164	0.00396	0.00350
18	0.00942	0.00942	0.01319	0.01131	0.01131	0.01319	0.00942	0.01037	0.00660	0.01037	0.00565	0.00942	0.00565	0.00754	0.01414	0.00188	0.84073	0.00377	0.00188	0.00471
19	0.03703	0.00814	0.01041	0.00800	0.01133	0.00757	0.00660	0.15167	0.01354	0.67497	0.01565	0.01378	0.00998	0.00528	0.00429	0.00133	0.00384	0.00421	0.00510	0.00727
20	0.00748	0.00374	0.00561	0.00561	0.00561	0.00374	0.00374	0.00561	0.00561	0.00748	0.00748	0.01309	0.00748	0.01496	0.01684	0.87467	0.00374	0.00374	0.00187	0.00187
21	0.87904	0.00833	0.00633	0.00566	0.00833	0.00966	0.00467	0.01266	0.00733	0.01933	0.00600	0.00700	0.00467	0.00400	0.00267	0.00133	0.00333	0.00233	0.00267	0.00467
22	0.01158	0.41629	0.23616	0.01020	0.05427	0.05533	0.01011	0.12183	0.02365	0.01374	0.00738	0.00834	0.00594	0.00408	0.00349	0.00113	0.00526	0.00290	0.00225	0.00606
23	0.01309	0.08000	0.01204	0.00924	0.01208	0.09161	0.00744	0.27014	0.41895	0.01954	0.01326	0.01270	0.00994	0.00532	0.00418	0.00133	0.00435	0.00414	0.00394	0.00670
24	0.00560	0.00400	0.00540	0.00637	0.00678	0.00380	0.00458	0.00662	0.00865	0.01149	0.03840	0.67267	0.02798	0.01309	0.00558	0.00179	0.00278	0.16681	0.00401	0.00360
25	0.01031	0.03309	0.16279	0.03373	0.37751	0.01054	0.20531	0.04751	0.03494	0.01441	0.00879	0.02555	0.00706	0.00413	0.00442	0.00134	0.00574	0.00417	0.00227	0.00639
26	0.00864	0.02228	0.82630	0.01228	0.01864	0.01000	0.01592	0.01364	0.00909	0.01364	0.00773	0.00909	0.00546	0.00409	0.00409	0.00136	0.00637	0.00318	0.00182	0.00637
27	0.01897	0.00754	0.01008	0.00777	0.01107	0.00668	0.00640	0.04515	0.03766	0.77503	0.01681	0.01457	0.01064	0.00534	0.00433	0.00134	0.00369	0.00433	0.00527	0.00731
28	0.00626	0.00419	0.00475	0.00475	0.00477	0.00420	0.00267	0.00630	0.00628	0.00839	0.01353	0.02793	0.01555	0.82974	0.04065	0.00424	0.00435	0.00623	0.00260	0.00264
29	0.00864	0.02228	0.82630	0.01228	0.01864	0.01000	0.01592	0.01364	0.00909	0.01364	0.00773	0.00909	0.00546	0.00409	0.00409	0.00136	0.00637	0.00318	0.00182	0.00637
30	0.01017	0.01162	0.02542	0.01816	0.02251	0.01089	0.80610	0.01380	0.01017	0.01380	0.00871	0.01162	0.00654	0.00363	0.00508	0.00145	0.00726	0.00508	0.00218	0.00581
31	0.00808	0.00414	0.00437	0.00427	0.00533	0.00408	0.00322	0.01008	0.00948	0.03595	0.10861	0.01792	0.01450	0.00547	0.00329	0.00105	0.00205	0.00447	0.74955	0.00410
32	0.49736	0.00789	0.00796	0.00655	0.00951	0.00818	0.00540	0.01636	0.00955	0.37689	0.01088	0.01040	0.00733	0.00459	0.00341	0.00133	0.00348	0.00322	0.00385	0.00585
33	0.00723	0.00556	0.00670	0.00710	0.00825	0.04009	0.00586	0.00934	0.03597	0.02882	0.18649	0.08429	0.10976	0.01062	0.00549	0.00172	0.00345	0.43506	0.00409	0.00412
34	0.03733	0.00759	0.01007	0.00774	0.01106	0.00676	0.00639	0.06072	0.01263	0.76725	0.01642	0.01428	0.01037	0.00530	0.00430	0.00133	0.00371	0.00427	0.00522	0.00727
35	0.00694	0.00496	0.00694	0.00793	0.00892	0.00496	0.00694	0.00892	0.00992	0.01289	0.02281	0.04859	0.02479	0.01190	0.00595	0.00198	0.00397	0.79275	0.00397	0.00397
36	0.00650	0.00461	0.00505	0.00502	0.00514	0.02455	0.00296	0.00664	0.00646	0.00853	0.01325	0.02683	0.01504	0.76595	0.08294	0.00431	0.00482	0.00605	0.00258	0.00276
37	0.73000	0.02911	0.00745	0.00622	0.00885	0.02522	0.00515	0.01338	0.00786	0.08824	0.00695	0.00778	0.00526	0.00427	0.00333	0.00134	0.03927	0.00257	0.00283	0.00492
38	0.00615	0.00462	0.00692	0.00692	0.00769	0.00538	0.00538	0.00769	0.00692	0.01000	0.01154	0.01692	0.01077	0.03231	0.83154	0.00692	0.01154	0.00462	0.00231	0.00385
39	0.00681	0.00492	0.00676	0.00769	0.00871	0.00487	0.00669	0.00874	0.00991	0.01280	0.02424	0.04810	0.07965	0.01183	0.00589	0.00195	0.00384	0.73869	0.00397	0.00394
40	0.01071	0.00925	0.00974	0.00877	0.01120	0.01071	0.00682	0.02289	0.81396	0.01802	0.01753	0.01607	0.01315	0.00584	0.00438	0.00146	0.00341	0.00487	0.00438	0.00682
41	0.00938	0.23567	0.61940	0.01101	0.01669	0.01182	0.01372	0.01345	0.00901	0.01274	0.00728	0.00853	0.00547	0.00399	0.00375	0.00125	0.00591	0.00296	0.00182	0.00615
42	0.00532	0.00395	0.00498	0.00571	0.00627	0.00361	0.00397	0.00624	0.00881	0.01147	0.06182	0.61374	0.19196	0.01270	0.00541	0.00168	0.00247	0.04228	0.00403	0.00357
43	0.04220	0.32057	0.36418	0.00992	0.02886	0.05226	0.01092	0.03513	0.00943	0.02493	0.00767	0.00872	0.01637	0.00405	0.00353	0.00115	0.00536	0.00291	0.00207	0.04979
44	0.00873	0.00713	0.00934	0.15924	0.02442	0.00829	0.00723	0.07453	0.24176	0.01396	0.01258	0.02727	0.01043	0.01603	0.32627	0.01832	0.00709	0.00457	0.01765	0.00515
45	0.00605	0.00440	0.00570	0.00537	0.00641	0.00405	0.00403	0.00805	0.01209	0.01703	0.78631	0.03257	0.07396	0.00890	0.00508	0.00136	0.00204	0.00785	0.00471	0.00405
46	0.02511	0.05237	0.47808	0.01275	0.01802	0.01082	0.18146	0.10521	0.03445	0.02875	0.00858	0.00995	0.00620	0.00417	0.00426	0.00136	0.00611	0.00368	0.00233	0.00632

[dist]
# distance from previous block
# <min> <max>
0	8

[block]
# block no. 2 follows, 61 sequences, length 10
# corresponding to MSA columns:
# 88-97
name=unknown_C
#
# <colnr> <probs for GDERKNQSTAVLIFYWHMCP>
#	G	D	E	R	K	N	Q	S	T	A	V	L	I	F	Y	W	H	M	C	P
0	0.00556	0.00438	0.00502	0.00519	0.00634	0.00389	0.00394	0.00687	0.00998	0.01264	0.17582	0.12044	0.47346	0.03724	0.00577	0.00162	0.00248	0.11155	0.00408	0.00371
1	0.01024	0.01089	0.12890	0.06218	0.27125	0.00966	0.05910	0.05376	0.12074	0.04906	0.03772	0.02419	0.02485	0.03196	0.00554	0.00147	0.05908	0.00440	0.02893	0.00608
2	0.00978	0.06592	0.23222	0.05682	0.14714	0.01070	0.24282	0.03993	0.03013	0.01367	0.00880	0.01180	0.00706	0.00529	0.03083	0.00157	0.04818	0.02916	0.00222	0.00595
3	0.00903	0.00603	0.00699	0.04719	0.02515	0.00630	0.00510	0.09524	0.11321	0.04272	0.15189	0.05105	0.06896	0.00655	0.00408	0.00126	0.00284	0.01995	0.33155	0.00488
4	0.00874	0.00812	0.03210	0.01050	0.03653	0.00937	0.10013	0.03878	0.00806	0.03151	0.03576	0.01423	0.00937	0.08010	0.24407	0.00336	0.31776	0.00450	0.00237	0.00467
5	0.00983	0.07922	0.24140	0.01249	0.06193	0.03690	0.16441	0.04957	0.08747	0.01392	0.03513	0.01293	0.05450	0.00565	0.02139	0.00151	0.09918	0.00427	0.00251	0.00580
6	0.00528	0.00434	0.00457	0.00457	0.00585	0.00371	0.00336	0.00641	0.00986	0.01212	0.13471	0.07039	0.65443	0.05399	0.00597	0.00159	0.00228	0.00891	0.00402	0.00363
7	0.00891	0.02042	0.68987	0.05359	0.01865	0.04629	0.04367	0.01347	0.00936	0.01351	0.03774	0.01010	0.00682	0.00428	0.00417	0.00136	0.00627	0.00344	0.00196	0.00612
8	0.01703	0.00746	0.00964	0.00764	0.01065	0.00691	0.00622	0.04741	0.11149	0.62497	0.06538	0.01579	0.01268	0.00559	0.00434	0.00134	0.00352	0.00458	0.03039	0.00697
9	0.01073	0.15130	0.34671	0.01269	0.10286	0.05883	0.06927	0.05875	0.05933	0.04080	0.02862	0.01028	0.00732	0.00437	0.00420	0.00129	0.02056	0.00353	0.00239	0.00619

[dist]
# distance from previous block
# <min> <max>
2	3

[block]
# block no. 3 follows, 61 sequences, length 35
# corresponding to MSA columns:
# 101-135
name=unknown_D
#
# <colnr> <probs for GDERKNQSTAVLIFYWHMCP>
#	G	D	E	R	K	N	Q	S	T	A	V	L	I	F	Y	W	H	M	C	P
0	0.01152	0.85121	0.02257	0.00737	0.01106	0.01704	0.00737	0.01290	0.00875	0.01013	0.00599	0.00691	0.00553	0.00369	0.00276	0.00092	0.00461	0.00230	0.00184	0.00553
1	0.00594	0.00444	0.00629	0.00687	0.00757	0.00421	0.03364	0.00723	0.00908	0.01202	0.06967	0.50962	0.06293	0.01231	0.00557	0.00177	0.00304	0.23008	0.00397	0.00375
2	0.00847	0.06243	0.35763	0.01024	0.01396	0.03436	0.07816	0.02602	0.00945	0.01308	0.01405	0.11328	0.06141	0.00677	0.00481	0.00147	0.02861	0.11256	0.03796	0.00528
3	0.26968	0.01192	0.01075	0.00874	0.01177	0.12064	0.00710	0.43152	0.03666	0.03893	0.00891	0.00926	0.00653	0.00475	0.00377	0.00129	0.00467	0.00331	0.00357	0.00622
4	0.00525	0.00375	0.00500	0.00600	0.00625	0.00350	0.00400	0.00600	0.00825	0.01100	0.02374	0.84580	0.02849	0.01350	0.00550	0.00175	0.00250	0.01225	0.00400	0.00350
5	0.00525	0.00375	0.00500	0.00600	0.00625	0.00350	0.00400	0.00600	0.00825	0.01100	0.02374	0.84580	0.02849	0.01350	0.00550	0.00175	0.00250	0.01225	0.00400	0.00350
6	0.00622	0.00435	0.00558	0.00558	0.00588	0.00465	0.00371	0.00683	0.00652	0.00900	0.01277	0.02374	0.01373	0.52620	0.34170	0.00526	0.00708	0.00561	0.00249	0.00310
7	0.00984	0.01015	0.01392	0.09325	0.05229	0.06791	0.04980	0.01120	0.00751	0.01079	0.00619	0.00968	0.00576	0.00664	0.01156	0.00174	0.62116	0.00378	0.00194	0.00489
8	0.00626	0.00420	0.00484	0.00484	0.00489	0.00425	0.00278	0.00635	0.00631	0.00846	0.01345	0.02749	0.01536	0.79764	0.07248	0.00435	0.00464	0.00616	0.00259	0.00269
9	0.00525	0.00375	0.00500	0.00600	0.00625	0.00350	0.00400	0.00600	0.00825	0.01100	0.02374	0.84580	0.02849	0.01350	0.00550	0.00175	0.00250	0.01225	0.00400	0.00350
10	0.01183	0.79470	0.02187	0.00762	0.01121	0.07243	0.00744	0.01319	0.00899	0.01016	0.00603	0.00697	0.00553	0.00374	0.00284	0.00093	0.00482	0.00234	0.00187	0.00549
11	0.00864	0.02228	0.82630	0.01228	0.01864	0.01000	0.01592	0.01364	0.00909	0.01364	0.00773	0.00909	0.00546	0.00409	0.00409	0.00136	0.00637	0.00318	0.00182	0.00637
12	0.00551	0.00382	0.00491	0.00572	0.00597	0.00362	0.00375	0.00621	0.00799	0.01082	0.02185	0.69121	0.02588	0.13535	0.00780	0.00207	0.00272	0.01102	0.04036	0.00339
13	0.00525	0.00375	0.00500	0.00600	0.00625	0.00350	0.00400	0.00600	0.00825	0.01100	0.02374	0.84580	0.02849	0.01350	0.00550	0.00175	0.00250	0.01225	0.00400	0.00350
14	0.00626	0.00421	0.00488	0.00488	0.00494	0.00427	0.00284	0.00638	0.00632	0.00849	0.01341	0.02727	0.01526	0.78237	0.08763	0.00440	0.00477	0.00613	0.00259	0.00271
15	0.00586	0.00430	0.00561	0.00643	0.00707	0.00413	0.00479	0.00735	0.03420	0.01188	0.03955	0.52425	0.09879	0.01252	0.00554	0.00177	0.00287	0.21533	0.00402	0.00375
16	0.00626	0.00418	0.00470	0.00470	0.00470	0.00418	0.00261	0.00626	0.00626	0.00835	0.01357	0.02819	0.01566	0.84862	0.02192	0.00418	0.00418	0.00626	0.00261	0.00261
17	0.01429	0.01006	0.01070	0.00844	0.01128	0.01103	0.00690	0.60831	0.01745	0.02438	0.01127	0.01177	0.00825	0.00513	0.00399	0.00122	0.00406	0.00391	0.22107	0.00650
18	0.01585	0.00644	0.00854	0.00684	0.00950	0.00570	0.00555	0.01761	0.01173	0.59433	0.11085	0.01697	0.01425	0.00614	0.01778	0.00138	0.00335	0.00470	0.13612	0.00639
19	0.00899	0.12384	0.72782	0.01168	0.01771	0.01087	0.01487	0.01355	0.00905	0.01321	0.00752	0.00883	0.00547	0.00404	0.00393	0.00131	0.00615	0.00308	0.00182	0.00626
20	0.00918	0.02328	0.00956	0.03007	0.01090	0.00653	0.00558	0.03270	0.00915	0.01411	0.00763	0.00902	0.00635	0.00344	0.00364	0.00073	0.03345	0.00266	0.00255	0.77950
21	0.00724	0.00584	0.00575	0.00564	0.00598	0.08516	0.00358	0.00761	0.00699	0.00894	0.01261	0.02434	0.01388	0.63242	0.13815	0.00422	0.00557	0.00564	0.01742	0.00305
22	0.00554	0.00412	0.00519	0.00561	0.00614	0.00384	0.01672	0.00627	0.00815	0.01059	0.02517	0.46907	0.19016	0.18980	0.03118	0.00234	0.00311	0.01000	0.00363	0.00339
23	0.00558	0.00453	0.00496	0.00483	0.00618	0.00399	0.00363	0.00730	0.03580	0.01356	0.28033	0.03782	0.55606	0.01011	0.00507	0.00142	0.00217	0.00856	0.00424	0.00387
24	0.01237	0.00599	0.00725	0.00590	0.00828	0.00531	0.00471	0.02691	0.01053	0.31198	0.04670	0.01490	0.01125	0.00498	0.00363	0.00108	0.00286	0.00403	0.35791	0.15342
25	0.01037	0.00966	0.01516	0.33696	0.41897	0.02936	0.01213	0.09017	0.01043	0.01409	0.00812	0.01088	0.00643	0.00416	0.00428	0.00134	0.00538	0.00381	0.00226	0.00605
26	0.00974	0.00914	0.01529	0.09584	0.63125	0.00926	0.01171	0.01218	0.00984	0.01390	0.08646	0.01405	0.03249	0.02487	0.00479	0.00138	0.00478	0.00442	0.00242	0.00619
27	0.00572	0.00415	0.00539	0.00557	0.00633	0.00383	0.00399	0.00721	0.01056	0.01457	0.47306	0.33907	0.08309	0.01070	0.00524	0.00151	0.00222	0.00955	0.00442	0.00383
28	0.00934	0.03436	0.16411	0.03678	0.38823	0.00907	0.01102	0.02926	0.05424	0.01456	0.11356	0.01599	0.06212	0.00526	0.00436	0.00133	0.00460	0.01900	0.01677	0.00602
29	0.00513	0.00437	0.00442	0.00440	0.00584	0.00365	0.00330	0.00625	0.00991	0.01185	0.07249	0.04111	0.79101	0.01083	0.00509	0.00145	0.00218	0.00904	0.00403	0.00365
30	0.00949	0.00921	0.05874	0.00850	0.02189	0.05000	0.00675	0.01757	0.49813	0.01580	0.04598	0.16685	0.03805	0.00725	0.00455	0.00147	0.00355	0.00618	0.02419	0.00585
31	0.00945	0.01951	0.60953	0.04346	0.12403	0.05007	0.02862	0.02786	0.02299	0.01377	0.00795	0.00950	0.00583	0.00412	0.00414	0.00135	0.00619	0.00335	0.00198	0.00632
32	0.00628	0.00422	0.00488	0.00491	0.00498	0.00426	0.00288	0.00642	0.00640	0.00857	0.01372	0.02816	0.01565	0.78129	0.06491	0.00426	0.00457	0.02829	0.00263	0.00271
33	0.01197	0.60492	0.03364	0.02051	0.03485	0.16224	0.00777	0.01361	0.02251	0.01070	0.02480	0.00856	0.02027	0.00411	0.00317	0.00101	0.00512	0.00275	0.00206	0.00543
34	0.02426	0.00830	0.05762	0.21476	0.06662	0.00837	0.04103	0.01374	0.21680	0.04323	0.08166	0.14501	0.02563	0.00670	0.00473	0.00148	0.01510	0.01625	0.00332	0.00537

[dist]
# distance from previous block
# <min> <max>
1	6

[block]
# block no. 4 follows, 61 sequences, length 38
# corresponding to MSA columns:
# 145-160,167-174,186-199
name=unknown_E
#
# <colnr> <probs for GDERKNQSTAVLIFYWHMCP>
#	G	D	E	R	K	N	Q	S	T	A	V	L	I	F	Y	W	H	M	C	P
0	0.03502	0.08498	0.17342	0.01122	0.04450	0.41001	0.02502	0.01664	0.10860	0.03871	0.00855	0.00936	0.00666	0.00446	0.00392	0.00121	0.00635	0.00320	0.00248	0.00568
1	0.00625	0.00418	0.00495	0.00509	0.00519	0.00419	0.00309	0.00642	0.00664	0.00886	0.01469	0.09749	0.01684	0.67933	0.04610	0.03032	0.00425	0.05057	0.00277	0.00278
2	0.00968	0.01070	0.11251	0.26529	0.38081	0.01000	0.01233	0.03618	0.04779	0.01356	0.00855	0.01114	0.00677	0.00473	0.01870	0.00145	0.02301	0.00382	0.01696	0.00603
3	0.00518	0.00435	0.00451	0.00458	0.00595	0.00368	0.00344	0.00631	0.00981	0.01181	0.06480	0.08107	0.73398	0.01101	0.00514	0.00148	0.00225	0.03295	0.00402	0.00365
4	0.00970	0.02473	0.11692	0.07201	0.43865	0.00936	0.01123	0.04484	0.05207	0.01490	0.13660	0.01439	0.01238	0.01825	0.00464	0.00136	0.00470	0.00445	0.00270	0.00613
5	0.01441	0.00589	0.00739	0.00608	0.00839	0.00532	0.00489	0.01622	0.01089	0.47275	0.01571	0.01527	0.01083	0.00520	0.00376	0.00119	0.00294	0.00419	0.38279	0.00589
6	0.00980	0.00875	0.01273	0.23491	0.24464	0.02526	0.03007	0.03872	0.17585	0.03128	0.02824	0.05235	0.04168	0.00537	0.00455	0.00139	0.01827	0.00475	0.02558	0.00580
7	0.16139	0.00609	0.00664	0.00567	0.00780	0.00601	0.00454	0.03811	0.01017	0.27968	0.01428	0.01453	0.03058	0.00510	0.00347	0.00119	0.00286	0.00396	0.39264	0.00529
8	0.00641	0.00454	0.00642	0.00643	0.00715	0.00500	0.00482	0.00769	0.00730	0.02999	0.02999	0.08592	0.03859	0.13203	0.58830	0.00566	0.00907	0.00562	0.01532	0.00375
9	0.87904	0.00833	0.00633	0.00566	0.00833	0.00966	0.00467	0.01266	0.00733	0.01933	0.00600	0.00700	0.00467	0.00400	0.00267	0.00133	0.00333	0.00233	0.00267	0.00467
10	0.00864	0.02228	0.82630	0.01228	0.01864	0.01000	0.01592	0.01364	0.00909	0.01364	0.00773	0.00909	0.00546	0.00409	0.00409	0.00136	0.00637	0.00318	0.00182	0.00637
11	0.00895	0.01803	0.57246	0.01109	0.01655	0.00936	0.04062	0.01410	0.09071	0.01416	0.00875	0.00986	0.00644	0.00410	0.00400	0.00125	0.00554	0.00331	0.00222	0.15851
12	0.00626	0.00418	0.00470	0.00470	0.00470	0.00418	0.00261	0.00626	0.00626	0.00835	0.01357	0.02819	0.01566	0.84862	0.02192	0.00418	0.00418	0.00626	0.00261	0.00261
13	0.01016	0.16864	0.11413	0.02620	0.05082	0.01103	0.13205	0.05862	0.23015	0.01509	0.07017	0.02791	0.01189	0.00540	0.00430	0.00135	0.00470	0.04835	0.00310	0.00595
14	0.00515	0.00414	0.00460	0.00497	0.00598	0.00359	0.00354	0.00611	0.00924	0.01140	0.03628	0.33907	0.52713	0.01187	0.00524	0.00156	0.00230	0.01026	0.00400	0.00359
15	0.69973	0.03913	0.00835	0.02307	0.02341	0.01001	0.02889	0.03650	0.00814	0.05856	0.00681	0.00782	0.00521	0.00417	0.00323	0.00134	0.02523	0.00265	0.00276	0.00498
16	0.01055	0.01010	0.01713	0.06205	0.77113	0.01021	0.01304	0.01331	0.02517	0.01401	0.00826	0.01080	0.00690	0.00390	0.00427	0.00129	0.00511	0.00386	0.00217	0.00673
17	0.00942	0.00942	0.01319	0.01131	0.01131	0.01319	0.00942	0.01037	0.00660	0.01037	0.00565	0.00942	0.00565	0.00754	0.01414	0.00188	0.84073	0.00377	0.00188	0.00471
18	0.00989	0.00831	0.00942	0.00707	0.01065	0.00720	0.00565	0.08638	0.13151	0.01585	0.00940	0.01014	0.00749	0.00377	0.00347	0.00082	0.00337	0.00302	0.00299	0.66360
19	0.01017	0.01162	0.02542	0.01816	0.02251	0.01089	0.80610	0.01380	0.01017	0.01380	0.00871	0.01162	0.00654	0.00363	0.00508	0.00145	0.00726	0.00508	0.00218	0.00581
20	0.75151	0.01024	0.06075	0.00654	0.00941	0.07659	0.00570	0.01310	0.00784	0.01824	0.00617	0.00720	0.00479	0.00404	0.00286	0.00132	0.00389	0.00242	0.00257	0.00480
21	0.01412	0.00879	0.01006	0.00847	0.01129	0.00939	0.00675	0.07944	0.47773	0.29879	0.01682	0.01516	0.01186	0.00562	0.00436	0.00140	0.00360	0.00461	0.00471	0.00703
22	0.00884	0.07950	0.77082	0.01194	0.01812	0.01049	0.01533	0.01359	0.00907	0.01340	0.00761	0.00894	0.00546	0.00406	0.00400	0.00133	0.00624	0.00312	0.00182	0.00631
23	0.00605	0.00440	0.00569	0.00537	0.00641	0.00404	0.00403	0.00803	0.01208	0.01700	0.78151	0.03263	0.07878	0.00891	0.00508	0.00136	0.00204	0.00785	0.00471	0.00404
24	0.01066	0.01023	0.01748	0.02644	0.82174	0.01023	0.01322	0.01322	0.00981	0.01407	0.00810	0.01066	0.00682	0.00384	0.00426	0.00128	0.00512	0.00384	0.00213	0.00682
25	0.01933	0.00733	0.01000	0.00766	0.01100	0.00633	0.00633	0.02099	0.01233	0.82473	0.01699	0.01466	0.01066	0.00533	0.00433	0.00133	0.00367	0.00433	0.00533	0.00733
26	0.00509	0.00436	0.00436	0.00436	0.00582	0.00364	0.00327	0.00618	0.00982	0.01164	0.04364	0.04146	0.82000	0.01091	0.00509	0.00145	0.00218	0.00909	0.00400	0.00364
27	0.01071	0.00925	0.00974	0.00877	0.01120	0.01071	0.00682	0.02289	0.81396	0.01802	0.01753	0.01607	0.01315	0.00584	0.00438	0.00146	0.00341	0.00487	0.00438	0.00682
28	0.00616	0.00460	0.00686	0.00686	0.00761	0.00535	0.00531	0.00765	0.00691	0.00996	0.01159	0.01722	0.01090	0.05400	0.81003	0.00685	0.01134	0.00466	0.00232	0.00381
29	0.01624	0.01172	0.01261	0.00969	0.01307	0.01291	0.00800	0.76421	0.01973	0.04937	0.01063	0.01061	0.00752	0.00517	0.00428	0.00129	0.00464	0.00389	0.02718	0.00724
30	0.01819	0.01055	0.01073	0.00864	0.01165	0.18798	0.00695	0.06396	0.01260	0.58008	0.01406	0.01277	0.00922	0.00518	0.00449	0.00130	0.02646	0.00395	0.00450	0.00675
31	0.00688	0.00492	0.00687	0.00787	0.00883	0.00491	0.00684	0.00882	0.00986	0.01283	0.02284	0.07636	0.02492	0.01196	0.00593	0.00198	0.00392	0.76557	0.00397	0.00395
32	0.01023	0.01131	0.02452	0.01759	0.02181	0.01059	0.76653	0.01374	0.01016	0.03121	0.00931	0.03490	0.00724	0.00394	0.00508	0.00146	0.00705	0.00527	0.00230	0.00578
33	0.00532	0.00437	0.00468	0.00461	0.00596	0.00373	0.00345	0.00663	0.01036	0.01293	0.22121	0.03933	0.64162	0.01043	0.00509	0.00143	0.00215	0.00879	0.00417	0.00373
34	0.00750	0.00710	0.00804	0.00751	0.00832	0.07582	0.00584	0.00867	0.00898	0.01178	0.13658	0.14715	0.22489	0.01112	0.07070	0.00200	0.24368	0.00698	0.00322	0.00412
35	0.01104	0.40841	0.18090	0.01129	0.01553	0.08919	0.20197	0.01366	0.00948	0.01175	0.00705	0.00856	0.00576	0.00382	0.00369	0.00115	0.00589	0.00319	0.00195	0.00571
36	0.01024	0.07021	0.23153	0.24063	0.14223	0.13222	0.05045	0.01353	0.03055	0.01242	0.00779	0.00995	0.00603	0.00414	0.00410	0.00130	0.00601	0.00346	0.00205	0.02117
37	0.00952	0.02927	0.12878	0.00732	0.01140	0.00662	0.00678	0.01186	0.00926	0.06531	0.03235	0.00996	0.00751	0.00364	0.00344	0.00082	0.00368	0.00291	0.00267	0.64690

[dist]
# distance from previous block
# <min> <max>
2	8

[block]
# block no. 5 follows, 61 sequences, length 9
# corresponding to MSA columns:
# 208-216
name=unknown_F
#
# <colnr> <probs for GDERKNQSTAVLIFYWHMCP>
#	G	D	E	R	K	N	Q	S	T	A	V	L	I	F	Y	W	H	M	C	P
0	0.00951	0.00872	0.01358	0.01059	0.02673	0.03404	0.24132	0.04809	0.02409	0.02661	0.05156	0.01351	0.00961	0.05448	0.08020	0.00186	0.05296	0.00429	0.06051	0.22774
1	0.00782	0.04910	0.51940	0.01048	0.01486	0.00840	0.04497	0.01137	0.00888	0.01273	0.01242	0.25548	0.01229	0.00683	0.00450	0.00146	0.00520	0.00590	0.00248	0.00547
2	0.00759	0.00614	0.00706	0.00644	0.00818	0.00611	0.00489	0.01237	0.24729	0.01593	0.33316	0.09471	0.11942	0.00794	0.00470	0.00135	0.00263	0.00687	0.00424	0.10299
3	0.26324	0.00542	0.00528	0.00509	0.00591	0.00585	0.00334	0.00821	0.00661	0.01166	0.01125	0.02142	0.01219	0.56184	0.05402	0.00347	0.00427	0.00503	0.00261	0.00327
4	0.00904	0.00915	0.00766	0.00709	0.00846	0.24765	0.00532	0.01080	0.01220	0.01529	0.58014	0.02499	0.03031	0.00752	0.00473	0.00128	0.00372	0.00631	0.00400	0.00434
5	0.00673	0.00609	0.00823	0.01086	0.24606	0.00558	0.00620	0.00825	0.00982	0.01235	0.03317	0.03239	0.58056	0.00883	0.00485	0.00140	0.00305	0.00754	0.00345	0.00457
6	0.10532	0.00694	0.01104	0.00880	0.01114	0.00652	0.23997	0.00948	0.01000	0.01409	0.16131	0.05039	0.33234	0.00770	0.00483	0.00143	0.00379	0.00702	0.00344	0.00446
7	0.01349	0.50950	0.01864	0.00841	0.01199	0.01554	0.00770	0.33642	0.01344	0.01706	0.00776	0.00831	0.00626	0.00429	0.00339	0.00107	0.00466	0.00294	0.00285	0.00626
8	0.00738	0.01146	0.24726	0.00745	0.01044	0.09885	0.00756	0.00962	0.00987	0.01210	0.02889	0.02813	0.48831	0.00817	0.00466	0.00139	0.00404	0.00664	0.00316	0.00459

[dist]
# distance from previous block
# <min> <max>
0	60

# created by:
# /st0/software/busco_prod/Augustus/scripts/msa2prfl.pl ./align_prep/126005.fa
