[name]
unknown

[dist]
# distance from previous block
# <min> <max>
0	1040

[block]
# block no. 0 follows, 45 sequences, length 6
# corresponding to MSA columns:
# 1069-1074
name=unknown_A
#
# <colnr> <probs for GDERKNQSTAVLIFYWHMCP>
#	G	D	E	R	K	N	Q	S	T	A	V	L	I	F	Y	W	H	M	C	P
0	0.00834	0.00608	0.00822	0.00928	0.01060	0.00596	0.00803	0.01066	0.01234	0.01585	0.03193	0.05935	0.13161	0.01466	0.00727	0.00238	0.00464	0.64296	0.00495	0.00489
1	0.10983	0.01212	0.01328	0.01069	0.01453	0.01304	0.00870	0.30721	0.20273	0.22641	0.01667	0.01560	0.01164	0.00654	0.00518	0.00168	0.00496	0.00507	0.00550	0.00861
2	0.12499	0.01357	0.01530	0.01203	0.01603	0.10047	0.09026	0.23241	0.06361	0.25576	0.01454	0.01425	0.01007	0.00606	0.00517	0.00164	0.00594	0.00485	0.00492	0.00814
3	0.01388	0.01239	0.01501	0.10089	0.18674	0.07994	0.01057	0.07904	0.11540	0.04925	0.01196	0.01346	0.00935	0.00520	0.00487	0.00137	0.00558	0.00435	0.00357	0.27718
4	0.04754	0.01164	0.01437	0.07791	0.22245	0.09517	0.01092	0.06970	0.04255	0.05756	0.06648	0.05679	0.03331	0.00795	0.00597	0.00177	0.02774	0.11484	0.00390	0.03144
5	0.01392	0.01381	0.01999	0.07387	0.53298	0.10058	0.04459	0.05727	0.01337	0.01791	0.05193	0.01443	0.01057	0.00532	0.00536	0.00160	0.00667	0.00497	0.00298	0.00789

[dist]
# distance from previous block
# <min> <max>
0	1

[block]
# block no. 1 follows, 45 sequences, length 9
# corresponding to MSA columns:
# 1076-1084
name=unknown_B
#
# <colnr> <probs for GDERKNQSTAVLIFYWHMCP>
#	G	D	E	R	K	N	Q	S	T	A	V	L	I	F	Y	W	H	M	C	P
0	0.01225	0.01181	0.01717	0.39386	0.20157	0.07255	0.04377	0.06037	0.01269	0.01659	0.05882	0.01514	0.01043	0.00557	0.00535	0.00165	0.00673	0.00498	0.00294	0.04576
1	0.01330	0.09406	0.27996	0.06175	0.06983	0.06382	0.03911	0.04014	0.04321	0.10543	0.03440	0.10542	0.01272	0.00688	0.00529	0.00168	0.00642	0.00575	0.00350	0.00732
2	0.00989	0.00918	0.03268	0.00947	0.05693	0.06797	0.00689	0.07602	0.01368	0.01766	0.16765	0.12644	0.25990	0.03545	0.00662	0.00182	0.00416	0.03098	0.00461	0.06201
3	0.07358	0.08362	0.08148	0.03669	0.06493	0.13193	0.16961	0.04564	0.03032	0.09721	0.01142	0.01402	0.00896	0.00570	0.00579	0.00162	0.04895	0.02693	0.00333	0.05826
4	0.01204	0.03790	0.16481	0.07795	0.06799	0.07912	0.03179	0.04983	0.01321	0.06403	0.14276	0.04227	0.03391	0.00954	0.04761	0.00208	0.00637	0.08029	0.00384	0.03265
5	0.01314	0.12197	0.26980	0.04191	0.16071	0.09060	0.07448	0.05041	0.01251	0.01673	0.01021	0.01347	0.00833	0.00545	0.00532	0.00159	0.02358	0.03218	0.00272	0.04490
6	0.01304	0.12435	0.22052	0.03416	0.01647	0.04674	0.03554	0.06840	0.06015	0.08663	0.09166	0.06421	0.03335	0.02221	0.00582	0.00168	0.01952	0.00570	0.00378	0.04606
7	0.04786	0.16914	0.20776	0.03534	0.07392	0.07242	0.01272	0.20320	0.01496	0.02028	0.03880	0.01233	0.00919	0.00583	0.00558	0.00158	0.05397	0.00424	0.00331	0.00758
8	0.08650	0.17105	0.20709	0.01243	0.06393	0.04929	0.02953	0.08236	0.01280	0.06687	0.03657	0.01447	0.03182	0.04269	0.00571	0.00166	0.00604	0.00443	0.00329	0.07149

[dist]
# distance from previous block
# <min> <max>
1	16

[block]
# block no. 2 follows, 45 sequences, length 12
# corresponding to MSA columns:
# 1101-1112
name=unknown_C
#
# <colnr> <probs for GDERKNQSTAVLIFYWHMCP>
#	G	D	E	R	K	N	Q	S	T	A	V	L	I	F	Y	W	H	M	C	P
0	0.05827	0.13846	0.19792	0.01177	0.01660	0.03653	0.01155	0.30906	0.01685	0.05913	0.01240	0.06845	0.01006	0.00644	0.00497	0.00158	0.00608	0.00493	0.00398	0.02497
1	0.01423	0.38064	0.24401	0.01152	0.01685	0.04411	0.01228	0.14842	0.01379	0.01777	0.01115	0.01209	0.04101	0.00550	0.00444	0.00143	0.00641	0.00393	0.00297	0.00746
2	0.05788	0.15651	0.18269	0.01176	0.01587	0.25019	0.01109	0.08437	0.01349	0.03753	0.02482	0.02646	0.02467	0.05450	0.02472	0.00188	0.00733	0.00439	0.00312	0.00674
3	0.07757	0.14537	0.36831	0.01179	0.01737	0.03946	0.01322	0.07185	0.01235	0.01793	0.01308	0.01512	0.05944	0.00593	0.00475	0.00155	0.00633	0.02572	0.02608	0.06677
4	0.06269	0.14896	0.18624	0.01376	0.03461	0.12229	0.09120	0.11802	0.01357	0.01820	0.03599	0.01322	0.00937	0.00658	0.02039	0.00176	0.07472	0.01825	0.00308	0.00712
5	0.05661	0.28257	0.16346	0.04470	0.01683	0.05579	0.02869	0.06336	0.04320	0.06929	0.01035	0.01155	0.00810	0.00595	0.02354	0.00157	0.00630	0.00380	0.00311	0.10122
6	0.16034	0.16556	0.16395	0.01076	0.01484	0.03929	0.04375	0.06064	0.04275	0.05455	0.05397	0.04485	0.01343	0.04212	0.00586	0.00181	0.00571	0.06555	0.00357	0.00670
7	0.12189	0.08095	0.19500	0.01073	0.01487	0.12507	0.01038	0.04323	0.03057	0.11496	0.09823	0.06769	0.03499	0.00702	0.00502	0.00161	0.00581	0.00548	0.00389	0.02263
8	0.04586	0.11964	0.13223	0.01023	0.01325	0.05918	0.00944	0.01503	0.04952	0.07999	0.02574	0.01714	0.01167	0.06399	0.28688	0.00431	0.04153	0.00496	0.00322	0.00621
9	0.01255	0.05456	0.24583	0.02823	0.05904	0.04887	0.06698	0.05765	0.12883	0.05155	0.04496	0.01913	0.10259	0.00697	0.00605	0.00172	0.04784	0.00568	0.00366	0.00733
10	0.35872	0.01346	0.10436	0.01408	0.08470	0.01238	0.15932	0.03337	0.04178	0.02040	0.00994	0.02984	0.00799	0.00542	0.00517	0.00169	0.03989	0.00443	0.00314	0.04991
11	0.28849	0.14023	0.05496	0.01285	0.01687	0.12236	0.18466	0.01730	0.01141	0.05065	0.00905	0.01088	0.00711	0.00519	0.00517	0.00161	0.04758	0.00403	0.00298	0.00662

[dist]
# distance from previous block
# <min> <max>
1	2

[block]
# block no. 3 follows, 45 sequences, length 62
# corresponding to MSA columns:
# 1115-1139,1141-1177
name=unknown_D
#
# <colnr> <probs for GDERKNQSTAVLIFYWHMCP>
#	G	D	E	R	K	N	Q	S	T	A	V	L	I	F	Y	W	H	M	C	P
0	0.05937	0.03723	0.54524	0.01524	0.05438	0.01193	0.07706	0.01618	0.01169	0.01771	0.07204	0.01519	0.01116	0.00577	0.00524	0.00171	0.00717	0.02550	0.00275	0.00744
1	0.00667	0.00535	0.00595	0.00601	0.00750	0.00464	0.00443	0.00825	0.01269	0.01607	0.22256	0.14546	0.50880	0.01338	0.00641	0.00183	0.00273	0.01145	0.00520	0.00464
2	0.01183	0.01344	0.06638	0.01909	0.02372	0.01209	0.53456	0.01668	0.05638	0.01741	0.03303	0.02278	0.01331	0.00656	0.00639	0.00191	0.00788	0.12635	0.00329	0.00692
3	0.01098	0.00627	0.00802	0.00715	0.00913	0.00558	0.00551	0.01319	0.01464	0.18704	0.47278	0.04949	0.16790	0.01057	0.00614	0.00171	0.00302	0.00913	0.00590	0.00585
4	0.01400	0.71959	0.09547	0.00979	0.01463	0.02021	0.01012	0.01653	0.03390	0.01332	0.00809	0.00920	0.00717	0.00472	0.00365	0.00122	0.00589	0.00307	0.00239	0.00703
5	0.00778	0.00519	0.00586	0.00589	0.00590	0.00518	0.00329	0.00780	0.00787	0.01049	0.01722	0.05377	0.01990	0.79218	0.02683	0.00513	0.00515	0.00799	0.00329	0.00328
6	0.03349	0.02594	0.71521	0.01456	0.02196	0.01201	0.01855	0.01655	0.01151	0.01747	0.05604	0.01301	0.00943	0.00545	0.00513	0.00170	0.00750	0.00429	0.00252	0.00770
7	0.84927	0.01038	0.00789	0.00706	0.01038	0.01204	0.00581	0.01578	0.00914	0.02408	0.00747	0.00872	0.00581	0.00498	0.00332	0.00166	0.00415	0.00291	0.00332	0.00581
8	0.01014	0.00954	0.01610	0.79845	0.03697	0.01193	0.01491	0.01371	0.01073	0.01371	0.00954	0.01431	0.00716	0.00537	0.00537	0.00179	0.00716	0.00477	0.00239	0.00596
9	0.01909	0.02080	0.01415	0.01255	0.01549	0.54870	0.00958	0.07879	0.05535	0.09259	0.01331	0.01389	0.05012	0.00707	0.02379	0.00165	0.00832	0.00438	0.00362	0.00674
10	0.01070	0.00914	0.01063	0.00778	0.01224	0.00691	0.00618	0.01298	0.01118	0.01720	0.01294	0.03628	0.05727	0.00495	0.00421	0.00090	0.00387	0.00404	0.00335	0.76727
11	0.01017	0.03625	0.25749	0.01228	0.01660	0.00999	0.11998	0.03547	0.07297	0.01778	0.11192	0.07397	0.13550	0.00844	0.00580	0.00178	0.00569	0.04144	0.01986	0.00659
12	0.08409	0.62974	0.02414	0.00913	0.01350	0.01877	0.00874	0.01765	0.04653	0.09146	0.00952	0.01013	0.00789	0.00496	0.00373	0.00127	0.00542	0.00328	0.00297	0.00710
13	0.01373	0.06205	0.03252	0.01005	0.01427	0.01089	0.05184	0.18692	0.01447	0.03625	0.01120	0.01263	0.00879	0.00513	0.00495	0.00121	0.03468	0.00403	0.08712	0.39727
14	0.01425	0.78449	0.02769	0.00937	0.01379	0.02106	0.00928	0.01596	0.01081	0.01264	0.00745	0.00873	0.00689	0.00477	0.00398	0.00119	0.03556	0.00294	0.00230	0.00685
15	0.00882	0.00566	0.00703	0.00692	0.00758	0.00588	0.00467	0.01007	0.02848	0.05070	0.01737	0.07381	0.01800	0.43936	0.22264	0.00535	0.00722	0.00732	0.06882	0.00429
16	0.01244	0.05934	0.01917	0.01498	0.01614	0.05526	0.11532	0.01412	0.00935	0.01351	0.00766	0.01184	0.00718	0.00825	0.01458	0.00216	0.60538	0.00476	0.00242	0.00614
17	0.74601	0.01024	0.00855	0.02633	0.01135	0.01162	0.00624	0.01677	0.00980	0.10011	0.00890	0.00982	0.00660	0.00516	0.00358	0.00166	0.00427	0.00320	0.00363	0.00615
18	0.00640	0.00544	0.00552	0.00550	0.00729	0.00456	0.00412	0.00782	0.01237	0.01483	0.08799	0.05112	0.74187	0.01347	0.00634	0.00181	0.00271	0.01125	0.00503	0.00456
19	0.01418	0.01282	0.01993	0.07837	0.56413	0.01334	0.01490	0.13139	0.06192	0.02010	0.01123	0.01372	0.00901	0.00523	0.00534	0.00162	0.00622	0.00487	0.00323	0.00843
20	0.01235	0.01430	0.07233	0.01841	0.04060	0.04724	0.45910	0.01814	0.13169	0.01754	0.01594	0.04480	0.05733	0.00618	0.00606	0.00180	0.00754	0.01813	0.00337	0.00717
21	0.00677	0.00481	0.00634	0.00747	0.00781	0.00454	0.00504	0.00771	0.01018	0.01355	0.02841	0.69713	0.03384	0.08603	0.00867	0.00246	0.00340	0.05670	0.00483	0.00430
22	0.00654	0.00467	0.00623	0.00747	0.00779	0.00436	0.00498	0.00747	0.01028	0.01370	0.02959	0.80785	0.03550	0.01682	0.00685	0.00218	0.00311	0.01526	0.00498	0.00436
23	0.06091	0.01287	0.02507	0.14647	0.02621	0.01324	0.47639	0.03067	0.01198	0.03308	0.01072	0.03008	0.00843	0.00549	0.00705	0.00185	0.08394	0.00586	0.00284	0.00684
24	0.01228	0.01372	0.02928	0.14193	0.02943	0.01332	0.64404	0.01666	0.01237	0.01666	0.01066	0.01445	0.00799	0.00465	0.00619	0.00181	0.00876	0.00609	0.00266	0.00704
25	0.00662	0.00474	0.00630	0.00742	0.00780	0.00441	0.00499	0.00768	0.01066	0.01431	0.08771	0.74798	0.03668	0.01636	0.00681	0.00214	0.00307	0.01483	0.00506	0.00441
26	0.00781	0.00520	0.00585	0.00585	0.00585	0.00520	0.00325	0.00781	0.00781	0.01041	0.01691	0.03513	0.01952	0.81135	0.02732	0.00520	0.00520	0.00781	0.00325	0.00325
27	0.00660	0.00472	0.00628	0.00743	0.00780	0.00440	0.00499	0.00763	0.01056	0.01416	0.07278	0.76336	0.03638	0.01648	0.00682	0.00215	0.00308	0.01494	0.00504	0.00440
28	0.01331	0.01315	0.02064	0.13070	0.63396	0.06177	0.01589	0.01643	0.01222	0.01676	0.00991	0.01319	0.00823	0.00491	0.00529	0.00161	0.00669	0.00470	0.00263	0.00803
29	0.02361	0.00989	0.01292	0.00991	0.01408	0.00901	0.00818	0.11987	0.01662	0.68610	0.02012	0.01758	0.01276	0.00662	0.00539	0.00165	0.00474	0.00533	0.00648	0.00913
30	0.01212	0.02650	0.05157	0.01394	0.04014	0.07911	0.01141	0.01368	0.00941	0.01357	0.00894	0.06185	0.00892	0.00882	0.01391	0.00210	0.56546	0.00512	0.00260	0.05083
31	0.00681	0.00538	0.00614	0.00612	0.00758	0.00471	0.00452	0.00855	0.01310	0.01694	0.31079	0.12368	0.44063	0.01298	0.00639	0.00180	0.00269	0.01114	0.00532	0.00471
32	0.01625	0.42810	0.09644	0.01157	0.01580	0.30711	0.01068	0.03270	0.01283	0.01366	0.00809	0.00936	0.00693	0.00503	0.00416	0.00130	0.00743	0.00323	0.00253	0.00679
33	0.00754	0.00544	0.00662	0.00728	0.00814	0.00528	0.00509	0.01004	0.07715	0.01576	0.08570	0.53190	0.10201	0.01419	0.00633	0.00198	0.00307	0.01265	0.08897	0.00485
34	0.27509	0.01362	0.01259	0.01042	0.01399	0.09502	0.00849	0.34190	0.03232	0.06622	0.03342	0.01483	0.01048	0.00647	0.00482	0.00165	0.00552	0.04115	0.00453	0.00747
35	0.18644	0.04886	0.23659	0.01461	0.01995	0.06190	0.21653	0.04685	0.01240	0.09154	0.01058	0.01217	0.00768	0.00513	0.00503	0.00167	0.00709	0.00449	0.00318	0.00732
36	0.00717	0.00512	0.00695	0.00820	0.00878	0.00490	0.00608	0.00857	0.01090	0.01441	0.02924	0.58409	0.03412	0.01622	0.00702	0.00227	0.00366	0.23278	0.00497	0.00453
37	0.01976	0.01075	0.01281	0.01040	0.01417	0.01097	0.00840	0.12077	0.28665	0.41374	0.02036	0.01821	0.01387	0.00685	0.00542	0.00171	0.00462	0.00557	0.00606	0.00891
38	0.06285	0.56284	0.07616	0.01124	0.01589	0.09075	0.08445	0.01673	0.01141	0.01408	0.00802	0.00948	0.00695	0.00473	0.00396	0.00130	0.00649	0.00334	0.00244	0.00687
39	0.00731	0.00547	0.00690	0.00768	0.00851	0.00533	0.00552	0.00946	0.06086	0.01463	0.04588	0.49776	0.12872	0.04349	0.04469	0.00254	0.00393	0.09174	0.00487	0.00472
40	0.00647	0.00536	0.00567	0.00576	0.00737	0.00456	0.00425	0.00788	0.01228	0.01501	0.11245	0.12843	0.63860	0.01371	0.00640	0.00184	0.00274	0.01160	0.00506	0.00456
41	0.00671	0.00572	0.00580	0.00573	0.00759	0.00496	0.00431	0.00875	0.04759	0.01509	0.07493	0.04983	0.71806	0.01322	0.00630	0.00181	0.00278	0.01103	0.00504	0.00473
42	0.14151	0.01365	0.05433	0.03027	0.03130	0.06395	0.02086	0.27949	0.03074	0.25990	0.01417	0.01384	0.00971	0.00609	0.00504	0.00163	0.00565	0.00463	0.00496	0.00826
43	0.01251	0.01456	0.04868	0.04852	0.02787	0.01357	0.69553	0.01696	0.01245	0.01696	0.01068	0.01433	0.00805	0.00470	0.00657	0.00182	0.03020	0.00618	0.00268	0.00718
44	0.01890	0.02198	0.01474	0.01316	0.01591	0.59481	0.01004	0.09185	0.04377	0.03368	0.00990	0.01136	0.00805	0.00802	0.05496	0.00192	0.03329	0.00392	0.00320	0.00656
45	0.16248	0.00759	0.00856	0.00829	0.00960	0.04455	0.00631	0.01108	0.00889	0.01432	0.01304	0.02021	0.01250	0.14956	0.47376	0.00634	0.02966	0.00541	0.00300	0.00484
46	0.00723	0.00547	0.00667	0.00637	0.00779	0.00491	0.00478	0.00942	0.01433	0.01947	0.56412	0.04348	0.26285	0.01174	0.00633	0.00172	0.00259	0.01018	0.00564	0.00491
47	0.84927	0.01038	0.00789	0.00706	0.01038	0.01204	0.00581	0.01578	0.00914	0.02408	0.00747	0.00872	0.00581	0.00498	0.00332	0.00166	0.00415	0.00291	0.00332	0.00581
48	0.01979	0.01473	0.01576	0.01223	0.01641	0.01636	0.01005	0.69608	0.09013	0.03284	0.01367	0.01351	0.00976	0.00652	0.00538	0.00163	0.00576	0.00494	0.00538	0.00907
49	0.00864	0.00572	0.00751	0.00693	0.00838	0.00524	0.00524	0.01114	0.01521	0.06958	0.72737	0.03872	0.04829	0.01070	0.00627	0.00169	0.00266	0.00944	0.00596	0.00532
50	0.00710	0.00528	0.00661	0.00667	0.00782	0.00479	0.00486	0.00902	0.01344	0.01829	0.45697	0.22739	0.18621	0.01289	0.00646	0.00183	0.00271	0.01136	0.00551	0.00479
51	0.01218	0.01091	0.01756	0.02550	0.56029	0.01096	0.01324	0.01568	0.04597	0.01794	0.04241	0.01745	0.04702	0.00669	0.02666	0.00177	0.00570	0.00538	0.10905	0.00764
52	0.01267	0.01448	0.03167	0.02262	0.02805	0.01357	0.75837	0.01719	0.01267	0.01719	0.01086	0.01448	0.00814	0.00452	0.00633	0.00181	0.00905	0.00633	0.00271	0.00724
53	0.06172	0.01154	0.03273	0.00978	0.01326	0.01183	0.00816	0.38933	0.01885	0.13769	0.03458	0.01588	0.01172	0.00643	0.00488	0.00154	0.00474	0.00496	0.21260	0.00779
54	0.05790	0.21506	0.15658	0.00982	0.01331	0.01194	0.02055	0.06018	0.01134	0.05426	0.01437	0.12570	0.01417	0.14113	0.05405	0.00261	0.00609	0.02139	0.00338	0.00618
55	0.05918	0.40669	0.04083	0.02465	0.01353	0.02814	0.00859	0.06281	0.05594	0.03269	0.04706	0.03651	0.02578	0.00732	0.03371	0.00164	0.00553	0.01905	0.02319	0.06718
56	0.08279	0.57522	0.07286	0.00907	0.01323	0.01745	0.00898	0.01498	0.01090	0.01426	0.03166	0.05031	0.04070	0.01996	0.00438	0.00141	0.00540	0.01716	0.00277	0.00651
57	0.18983	0.31304	0.22248	0.01040	0.01550	0.01518	0.01107	0.03784	0.02382	0.05555	0.02512	0.01089	0.00812	0.00512	0.00412	0.00145	0.00578	0.00356	0.00297	0.03814
58	0.02560	0.32215	0.22443	0.01086	0.01576	0.01409	0.03370	0.01666	0.02887	0.11157	0.01615	0.04307	0.08766	0.00659	0.00476	0.00153	0.00581	0.02027	0.00335	0.00712
59	0.03125	0.34613	0.26070	0.01186	0.01733	0.05191	0.01264	0.16104	0.01399	0.01846	0.00927	0.01039	0.00730	0.00515	0.00441	0.00142	0.00657	0.00363	0.00294	0.02361
60	0.04417	0.47816	0.11858	0.01074	0.01560	0.03225	0.01067	0.19923	0.01450	0.01879	0.00908	0.01003	0.00739	0.00514	0.00415	0.00135	0.00607	0.00350	0.00309	0.00752
61	0.02526	0.54023	0.21315	0.01089	0.01615	0.04176	0.01176	0.04418	0.01164	0.01470	0.00864	0.02433	0.00747	0.00505	0.00403	0.00134	0.00634	0.00346	0.00248	0.00715

[dist]
# distance from previous block
# <min> <max>
1	6

[block]
# block no. 4 follows, 45 sequences, length 20
# corresponding to MSA columns:
# 1185-1198,1213-1218
name=unknown_E
#
# <colnr> <probs for GDERKNQSTAVLIFYWHMCP>
#	G	D	E	R	K	N	Q	S	T	A	V	L	I	F	Y	W	H	M	C	P
0	0.01259	0.33410	0.19498	0.01103	0.01537	0.06491	0.01142	0.01586	0.03174	0.03335	0.01470	0.02298	0.03028	0.00749	0.00501	0.00165	0.00618	0.17651	0.00319	0.00667
1	0.05112	0.38012	0.03614	0.00983	0.01365	0.07180	0.00885	0.16802	0.03836	0.01913	0.09463	0.01551	0.03073	0.00626	0.00449	0.00141	0.00549	0.01663	0.02082	0.00700
2	0.18953	0.41067	0.11812	0.00944	0.01390	0.01590	0.00949	0.01582	0.02847	0.01649	0.02899	0.01234	0.00906	0.00592	0.01750	0.00151	0.00558	0.03040	0.00284	0.05803
3	0.04228	0.07717	0.15139	0.01003	0.02501	0.02129	0.00924	0.12464	0.03225	0.06739	0.10159	0.12085	0.08958	0.00836	0.00531	0.00164	0.00481	0.00690	0.05563	0.04464
4	0.12501	0.11658	0.06592	0.07459	0.01703	0.22472	0.07321	0.06029	0.01295	0.01677	0.03262	0.06771	0.01189	0.02621	0.00556	0.00171	0.00683	0.05085	0.00325	0.00630
5	0.14093	0.30541	0.06910	0.00984	0.01391	0.06348	0.02310	0.01816	0.14092	0.03440	0.03564	0.01365	0.03352	0.00567	0.00429	0.00143	0.00534	0.00415	0.00339	0.07369
6	0.00797	0.00561	0.00705	0.00661	0.00809	0.00507	0.00499	0.01027	0.01466	0.04807	0.61496	0.04142	0.18256	0.01130	0.00630	0.00171	0.00264	0.00985	0.00577	0.00512
7	0.00779	0.00528	0.00624	0.00624	0.00637	0.00541	0.00373	0.00805	0.00792	0.01069	0.01656	0.03319	0.01868	0.70513	0.13239	0.00568	0.00647	0.00752	0.00320	0.00346
8	0.79783	0.01030	0.00817	0.00721	0.01059	0.01178	0.00594	0.01643	0.00952	0.07130	0.00833	0.00932	0.00628	0.00509	0.00345	0.00166	0.00418	0.00306	0.00353	0.00602
9	0.00680	0.00546	0.00607	0.00592	0.00753	0.00473	0.00444	0.00859	0.01332	0.01706	0.31733	0.04744	0.51113	0.01264	0.00634	0.00177	0.00265	0.01074	0.00532	0.00473
10	0.01391	0.01181	0.01245	0.01104	0.01417	0.01361	0.00863	0.08682	0.70896	0.02336	0.02113	0.01946	0.01581	0.00722	0.00545	0.00180	0.00438	0.00597	0.00545	0.00855
11	0.01634	0.01302	0.01382	0.01153	0.01510	0.01475	0.00922	0.33836	0.45346	0.02727	0.01805	0.01700	0.01331	0.00693	0.00542	0.00173	0.00495	0.00555	0.00542	0.00876
12	0.01052	0.00611	0.00794	0.00722	0.00901	0.00550	0.00551	0.01273	0.01458	0.16373	0.51043	0.09818	0.10569	0.01085	0.00620	0.00173	0.00298	0.00948	0.00589	0.00573
13	0.00675	0.00528	0.00611	0.00627	0.00759	0.00465	0.00456	0.00835	0.01265	0.01635	0.25670	0.21626	0.40222	0.01355	0.00645	0.00186	0.00275	0.01173	0.00525	0.00465
14	0.01970	0.07625	0.01611	0.01343	0.01641	0.69161	0.01028	0.06712	0.01556	0.01439	0.00853	0.00981	0.00705	0.00553	0.00478	0.00138	0.00919	0.00350	0.00290	0.00645
15	0.00672	0.00514	0.00620	0.00685	0.00787	0.00462	0.00494	0.00805	0.01155	0.01478	0.09495	0.40552	0.31486	0.01500	0.00667	0.00203	0.00307	0.07161	0.00505	0.00452
16	0.01795	0.01407	0.01431	0.01171	0.01536	0.07632	0.00942	0.40630	0.24366	0.07374	0.01576	0.01544	0.01155	0.00810	0.03951	0.00196	0.00600	0.00516	0.00516	0.00852
17	0.01548	0.17954	0.09355	0.06516	0.10560	0.06182	0.02642	0.16942	0.02655	0.10006	0.01278	0.07584	0.01068	0.00651	0.00537	0.00160	0.02710	0.00519	0.00374	0.00758
18	0.10526	0.01182	0.01866	0.16969	0.34804	0.01308	0.07301	0.01627	0.06031	0.01726	0.01014	0.01331	0.00825	0.00563	0.00673	0.00176	0.10585	0.00477	0.00283	0.00730
19	0.01275	0.01315	0.02525	0.09954	0.40662	0.01301	0.31589	0.01651	0.01227	0.01705	0.01035	0.01386	0.00823	0.00473	0.00573	0.00170	0.00753	0.00541	0.00266	0.00776

[dist]
# distance from previous block
# <min> <max>
0	6

[block]
# block no. 5 follows, 45 sequences, length 34
# corresponding to MSA columns:
# 1225-1258
name=unknown_F
#
# <colnr> <probs for GDERKNQSTAVLIFYWHMCP>
#	G	D	E	R	K	N	Q	S	T	A	V	L	I	F	Y	W	H	M	C	P
0	0.01521	0.26302	0.21031	0.01427	0.08697	0.18900	0.01284	0.03810	0.01260	0.05751	0.00932	0.01076	0.00744	0.00535	0.00521	0.00148	0.04685	0.00373	0.00275	0.00728
1	0.01101	0.01176	0.12174	0.03170	0.01567	0.00996	0.11401	0.05786	0.14015	0.04479	0.09736	0.14700	0.05743	0.01112	0.05804	0.00231	0.02958	0.02765	0.00426	0.00661
2	0.05923	0.04679	0.15078	0.01086	0.01579	0.04214	0.06116	0.03181	0.05483	0.07144	0.02035	0.02879	0.00949	0.00513	0.00461	0.00129	0.00541	0.00420	0.00343	0.37248
3	0.01134	0.00638	0.00658	0.00605	0.00772	0.00658	0.00467	0.11381	0.01327	0.02193	0.04008	0.01966	0.01426	0.00642	0.00405	0.00131	0.00296	0.00512	0.70222	0.00556
4	0.00737	0.00580	0.00669	0.00641	0.00801	0.00529	0.00482	0.01009	0.05565	0.01850	0.41713	0.04406	0.36681	0.01192	0.00629	0.00175	0.00271	0.01022	0.00548	0.00502
5	0.03565	0.04248	0.11533	0.04591	0.20479	0.01338	0.33423	0.07214	0.01325	0.05431	0.01092	0.01352	0.00825	0.00494	0.00562	0.00170	0.00753	0.00527	0.00302	0.00776
6	0.01279	0.07759	0.04263	0.02181	0.05294	0.01413	0.66223	0.01708	0.01249	0.01684	0.01055	0.01393	0.00804	0.00455	0.00605	0.00175	0.00868	0.00597	0.00267	0.00727
7	0.00681	0.00495	0.00619	0.00706	0.00762	0.00461	0.00480	0.00776	0.01035	0.01350	0.03164	0.53684	0.14971	0.12869	0.00970	0.00257	0.00345	0.05475	0.00474	0.00426
8	0.01052	0.01024	0.01578	0.62436	0.03201	0.05536	0.05176	0.01373	0.01092	0.01368	0.01139	0.01638	0.03081	0.04426	0.03562	0.00218	0.00744	0.00515	0.00256	0.00583
9	0.04915	0.13845	0.04832	0.01376	0.11407	0.01476	0.01033	0.18139	0.27959	0.07333	0.01502	0.01490	0.01129	0.00613	0.00500	0.00162	0.00528	0.00488	0.00444	0.00829
10	0.00767	0.00555	0.00725	0.00788	0.00864	0.00550	0.00563	0.04987	0.01138	0.01535	0.08632	0.53548	0.04491	0.03697	0.10413	0.00299	0.00475	0.05023	0.00478	0.00474
11	0.00667	0.00491	0.00626	0.00706	0.00774	0.00449	0.00486	0.00792	0.01132	0.01502	0.14747	0.57761	0.14807	0.01544	0.00670	0.00205	0.00297	0.01382	0.00513	0.00449
12	0.01032	0.01034	0.06757	0.08270	0.14921	0.04479	0.02932	0.01378	0.07449	0.03375	0.07655	0.17149	0.11863	0.05095	0.00704	0.00200	0.00508	0.04178	0.00404	0.00615
13	0.01332	0.15298	0.29933	0.01562	0.02151	0.01484	0.21923	0.11482	0.06314	0.01888	0.01084	0.01252	0.00812	0.00518	0.00522	0.00163	0.00737	0.00469	0.00301	0.00776
14	0.00855	0.00717	0.01139	0.10990	0.11330	0.00734	0.05095	0.01051	0.01090	0.01463	0.02272	0.44622	0.02551	0.01335	0.02473	0.00222	0.01548	0.09562	0.00414	0.00536
15	0.02024	0.01004	0.01205	0.00947	0.01309	0.00987	0.00775	0.23714	0.01743	0.41366	0.01804	0.01705	0.01217	0.00651	0.00507	0.00157	0.00455	0.00516	0.17084	0.00832
16	0.01455	0.10020	0.22237	0.03555	0.13940	0.08514	0.01340	0.15893	0.04860	0.04562	0.01316	0.01606	0.02984	0.00623	0.00519	0.00163	0.00663	0.04627	0.00349	0.00774
17	0.01284	0.09185	0.34540	0.01943	0.19241	0.01387	0.12546	0.08100	0.03432	0.01836	0.01035	0.01237	0.00786	0.00508	0.00521	0.00164	0.00727	0.00453	0.00278	0.00798
18	0.01208	0.01246	0.01466	0.01293	0.01352	0.12360	0.01051	0.01343	0.00929	0.01285	0.00874	0.01338	0.00834	0.01522	0.17522	0.00351	0.52730	0.00474	0.00252	0.00570
19	0.13587	0.00973	0.01203	0.00942	0.01343	0.00915	0.00776	0.06642	0.04307	0.60780	0.01887	0.01673	0.01215	0.00643	0.00512	0.00166	0.00458	0.00505	0.00608	0.00866
20	0.05310	0.22785	0.05945	0.01059	0.01456	0.05506	0.00929	0.09224	0.32344	0.01984	0.01420	0.01410	0.01103	0.00592	0.00465	0.00151	0.00526	0.00449	0.00402	0.06939
21	0.01436	0.45594	0.11268	0.01247	0.05929	0.04155	0.05235	0.08997	0.04781	0.01645	0.00937	0.01062	0.00775	0.00497	0.00425	0.00134	0.00620	0.00367	0.00284	0.04612
22	0.01593	0.01501	0.14078	0.10486	0.03549	0.06979	0.08872	0.14470	0.06220	0.17390	0.04187	0.01542	0.01114	0.00678	0.02363	0.00181	0.00664	0.00508	0.00416	0.03210
23	0.01247	0.05464	0.03182	0.00989	0.03465	0.03729	0.00772	0.04470	0.29052	0.07747	0.22099	0.02561	0.07315	0.00821	0.00551	0.00168	0.00412	0.00687	0.04564	0.00705
24	0.01382	0.01472	0.01881	0.01965	0.23008	0.21318	0.17704	0.01643	0.01300	0.03513	0.05384	0.12860	0.01435	0.00759	0.01805	0.00179	0.00724	0.00658	0.00331	0.00681
25	0.05701	0.09571	0.09085	0.01358	0.09251	0.01279	0.05123	0.07262	0.21896	0.21570	0.01592	0.01554	0.01143	0.00606	0.00513	0.00165	0.00543	0.00501	0.00459	0.00828
26	0.01061	0.00967	0.03706	0.01344	0.07019	0.03760	0.15244	0.01287	0.01143	0.05737	0.02089	0.20204	0.06034	0.07583	0.03555	0.00249	0.05634	0.12414	0.00392	0.00578
27	0.00692	0.00534	0.00605	0.00607	0.00731	0.00476	0.00432	0.00835	0.01216	0.01569	0.23960	0.12548	0.39081	0.13203	0.00952	0.00232	0.00308	0.01078	0.00497	0.00447
28	0.01389	0.01404	0.04114	0.22525	0.37002	0.10831	0.01447	0.09131	0.02494	0.01774	0.01029	0.01322	0.00817	0.00526	0.00525	0.00162	0.00689	0.00462	0.01601	0.00756
29	0.01496	0.09246	0.17073	0.03198	0.19127	0.14017	0.06531	0.09846	0.05035	0.04404	0.01063	0.01237	0.00826	0.00550	0.00563	0.00160	0.04101	0.00442	0.00312	0.00771
30	0.02420	0.00569	0.00674	0.00673	0.00827	0.00508	0.00501	0.00997	0.01263	0.07908	0.20259	0.22386	0.33930	0.01308	0.00636	0.00188	0.00303	0.03618	0.00529	0.00502
31	0.00745	0.00540	0.00696	0.00785	0.00857	0.00518	0.00561	0.04291	0.01148	0.01520	0.05305	0.61705	0.07550	0.01574	0.00680	0.00215	0.00342	0.09998	0.00502	0.00468
32	0.10741	0.14931	0.20652	0.01216	0.01725	0.01406	0.06468	0.14886	0.07442	0.13682	0.01242	0.01284	0.00896	0.00561	0.00484	0.00160	0.00607	0.00437	0.00388	0.00791
33	0.01679	0.28201	0.06522	0.01158	0.01533	0.34578	0.01005	0.10031	0.01440	0.01585	0.01038	0.01148	0.02979	0.00557	0.00445	0.00136	0.00733	0.00375	0.04182	0.00676

[dist]
# distance from previous block
# <min> <max>
0	4

[block]
# block no. 6 follows, 45 sequences, length 56
# corresponding to MSA columns:
# 1265-1283,1291-1298,1315-1337,1340-1345
name=unknown_G
#
# <colnr> <probs for GDERKNQSTAVLIFYWHMCP>
#	G	D	E	R	K	N	Q	S	T	A	V	L	I	F	Y	W	H	M	C	P
0	0.04010	0.04077	0.08811	0.13431	0.12811	0.09237	0.06792	0.10652	0.03476	0.13311	0.01183	0.01344	0.00874	0.00572	0.00584	0.00165	0.04835	0.00465	0.00360	0.03008
1	0.01412	0.01159	0.01568	0.01445	0.11703	0.03693	0.06581	0.07090	0.04880	0.10420	0.02261	0.01383	0.00971	0.00616	0.00766	0.00157	0.17708	0.00463	0.03094	0.22631
2	0.00750	0.00558	0.00704	0.00730	0.00835	0.00532	0.00529	0.01014	0.06237	0.01782	0.35616	0.34098	0.09782	0.01334	0.00651	0.00192	0.00296	0.03323	0.00542	0.00497
3	0.76463	0.01025	0.00836	0.00731	0.01072	0.01162	0.00603	0.01684	0.00977	0.10178	0.00888	0.00970	0.00658	0.00515	0.00353	0.00166	0.00419	0.00316	0.00366	0.00615
4	0.00680	0.00483	0.00620	0.00714	0.00747	0.00459	0.00469	0.00761	0.00985	0.01309	0.02773	0.61503	0.05926	0.16224	0.03448	0.00291	0.00382	0.01347	0.00460	0.00418
5	0.00661	0.00487	0.00620	0.00710	0.00773	0.00445	0.00485	0.00776	0.01105	0.01458	0.10518	0.62000	0.14840	0.01577	0.00672	0.00208	0.00300	0.01413	0.00507	0.00445
6	0.00648	0.00535	0.00569	0.00580	0.00738	0.00456	0.00428	0.00790	0.01228	0.01506	0.11812	0.14007	0.62103	0.01373	0.00640	0.00184	0.00275	0.01164	0.00507	0.00456
7	0.01985	0.02516	0.01512	0.01374	0.01651	0.76625	0.01031	0.02165	0.03805	0.01342	0.00871	0.00999	0.00720	0.00558	0.00486	0.00140	0.00952	0.00354	0.00285	0.00629
8	0.01077	0.02777	0.78354	0.01530	0.02323	0.01247	0.01983	0.01700	0.01133	0.01700	0.00963	0.01133	0.00680	0.00510	0.00510	0.00170	0.00793	0.00397	0.00227	0.00793
9	0.01014	0.00954	0.01610	0.79845	0.03697	0.01193	0.01491	0.01371	0.01073	0.01371	0.00954	0.01431	0.00716	0.00537	0.00537	0.00179	0.00716	0.00477	0.00239	0.00596
10	0.00756	0.00526	0.00587	0.00587	0.00620	0.00514	0.00350	0.00785	0.00855	0.01114	0.02292	0.03737	0.14226	0.65742	0.04789	0.00476	0.00509	0.00831	0.00352	0.00351
11	0.00702	0.00535	0.00645	0.00642	0.00773	0.00478	0.00472	0.00891	0.01345	0.01798	0.41998	0.16085	0.29139	0.01274	0.00641	0.00180	0.00268	0.01110	0.00546	0.00478
12	0.02005	0.02558	0.01521	0.01383	0.01659	0.78980	0.01037	0.02143	0.01521	0.01314	0.00830	0.00968	0.00691	0.00553	0.00484	0.00138	0.00968	0.00346	0.00277	0.00622
13	0.00643	0.00545	0.00552	0.00554	0.00729	0.00458	0.00415	0.00778	0.01212	0.01442	0.05282	0.05140	0.73964	0.03526	0.00694	0.00192	0.00283	0.02647	0.00494	0.00451
14	0.01113	0.00954	0.01113	0.00795	0.01272	0.00716	0.00636	0.01352	0.01113	0.01749	0.00954	0.01113	0.00795	0.00398	0.00398	0.00080	0.00398	0.00318	0.00318	0.84417
15	0.02114	0.00908	0.01200	0.00924	0.01328	0.00779	0.00755	0.03932	0.01482	0.61054	0.04245	0.04094	0.01422	0.00669	0.00527	0.00155	0.00441	0.00549	0.00605	0.12819
16	0.01434	0.04571	0.02521	0.02062	0.14318	0.01225	0.43902	0.01791	0.01282	0.14282	0.01346	0.06385	0.01069	0.00568	0.00593	0.00175	0.00738	0.00634	0.00348	0.00756
17	0.00650	0.00542	0.00567	0.00566	0.00736	0.00459	0.00422	0.00799	0.01253	0.01532	0.14041	0.07289	0.66624	0.01338	0.00636	0.00181	0.00271	0.01125	0.00510	0.00459
18	0.01978	0.01287	0.01425	0.01106	0.01498	0.01380	0.00909	0.54735	0.02202	0.16093	0.03226	0.01510	0.01123	0.00656	0.00525	0.00159	0.00528	0.00506	0.08289	0.00865
19	0.00888	0.08185	0.00923	0.00699	0.00871	0.00667	0.00549	0.01126	0.01457	0.05059	0.62272	0.03638	0.07847	0.01022	0.00597	0.00163	0.00292	0.00887	0.02317	0.00537
20	0.01099	0.00938	0.01097	0.00790	0.01253	0.00707	0.00631	0.01338	0.01129	0.01765	0.04002	0.01228	0.00965	0.00425	0.00407	0.00083	0.00392	0.00344	0.00329	0.81075
21	0.00712	0.00512	0.00675	0.00785	0.00842	0.00488	0.00557	0.02385	0.01094	0.01448	0.02981	0.66525	0.05646	0.01623	0.00688	0.00220	0.00341	0.11525	0.00499	0.00455
22	0.00696	0.00487	0.00620	0.00710	0.00735	0.00465	0.00461	0.00768	0.00965	0.01286	0.02601	0.56928	0.03090	0.23860	0.01258	0.00303	0.00375	0.03536	0.00450	0.00407
23	0.01339	0.04637	0.46842	0.01465	0.03787	0.06873	0.05439	0.03427	0.08370	0.09136	0.01229	0.01395	0.00903	0.00568	0.00522	0.00169	0.00724	0.02071	0.00318	0.00788
24	0.02020	0.03571	0.01575	0.01301	0.01648	0.43217	0.01021	0.32854	0.01930	0.04294	0.01055	0.01123	0.00801	0.00592	0.00505	0.00148	0.00790	0.00407	0.00395	0.00752
25	0.00654	0.00467	0.00623	0.00747	0.00779	0.00436	0.00498	0.00747	0.01028	0.01370	0.02959	0.80785	0.03550	0.01682	0.00685	0.00218	0.00311	0.01526	0.00498	0.00436
26	0.01080	0.00935	0.01399	0.04821	0.06018	0.00992	0.11276	0.10288	0.03745	0.01810	0.08809	0.08965	0.11666	0.01204	0.06250	0.00242	0.08181	0.11290	0.00415	0.00613
27	0.07026	0.01431	0.06141	0.01613	0.17559	0.06630	0.02763	0.28849	0.05543	0.08587	0.03818	0.01555	0.01123	0.00625	0.00526	0.00164	0.00594	0.02465	0.02180	0.00811
28	0.01100	0.07106	0.71641	0.01492	0.02241	0.01308	0.01898	0.01681	0.01121	0.01662	0.00943	0.01119	0.00681	0.00521	0.00542	0.00169	0.03373	0.00393	0.00227	0.00781
29	0.00686	0.00536	0.00626	0.00663	0.00796	0.00477	0.00499	0.00843	0.01225	0.01555	0.15208	0.22070	0.41140	0.01408	0.00659	0.00196	0.00305	0.10135	0.00512	0.00462
30	0.01317	0.22987	0.16946	0.01960	0.24620	0.01510	0.12391	0.04939	0.03538	0.01686	0.01031	0.02873	0.00853	0.00516	0.00496	0.00155	0.00674	0.00461	0.00275	0.00772
31	0.01135	0.00998	0.01610	0.52185	0.16668	0.01157	0.01378	0.01547	0.06387	0.04710	0.03946	0.01620	0.01023	0.02730	0.00599	0.00184	0.00648	0.00515	0.00298	0.00662
32	0.02138	0.00870	0.01180	0.00949	0.01311	0.00775	0.00782	0.03666	0.01477	0.64025	0.02138	0.02303	0.01518	0.03394	0.03390	0.00210	0.00499	0.07917	0.00621	0.00838
33	0.01394	0.01156	0.01566	0.06638	0.30469	0.08834	0.03387	0.02985	0.03539	0.11960	0.12846	0.04950	0.03253	0.00687	0.00549	0.00163	0.00559	0.00610	0.03726	0.00728
34	0.02609	0.03269	0.13262	0.04592	0.20510	0.06151	0.09210	0.12242	0.07013	0.06881	0.02546	0.04191	0.01136	0.00628	0.00546	0.00169	0.00652	0.03247	0.00366	0.00778
35	0.01294	0.01241	0.02117	0.11601	0.69748	0.01266	0.01630	0.01617	0.01206	0.01712	0.01004	0.01340	0.00836	0.00485	0.00532	0.00162	0.00646	0.00478	0.00263	0.00823
36	0.12753	0.13743	0.01913	0.05449	0.34624	0.17136	0.01246	0.01709	0.01201	0.01646	0.00885	0.01122	0.00747	0.00511	0.00507	0.00153	0.03266	0.00397	0.00269	0.00724
37	0.00997	0.03708	0.06228	0.01038	0.01279	0.00796	0.02552	0.05617	0.01282	0.01716	0.02324	0.06685	0.02445	0.01205	0.00661	0.00213	0.00517	0.51198	0.00447	0.09092
38	0.01408	0.01153	0.01402	0.01243	0.10822	0.03110	0.02435	0.16107	0.01437	0.05569	0.01079	0.01210	0.00847	0.00474	0.00455	0.00113	0.00494	0.00388	0.00368	0.49884
39	0.00774	0.00547	0.00721	0.00721	0.00768	0.00594	0.00495	0.00868	0.00821	0.01141	0.01567	0.02825	0.01653	0.43372	0.40087	0.00688	0.00970	0.00680	0.00307	0.00401
40	0.01609	0.27060	0.04949	0.04329	0.10253	0.28759	0.02637	0.03296	0.05697	0.03604	0.02523	0.01160	0.00877	0.00537	0.00461	0.00141	0.00722	0.00391	0.00295	0.00701
41	0.00781	0.00520	0.00585	0.00585	0.00585	0.00520	0.00325	0.00781	0.00781	0.01041	0.01691	0.03513	0.01952	0.81135	0.02732	0.00520	0.00520	0.00781	0.00325	0.00325
42	0.07383	0.17330	0.01951	0.02921	0.03928	0.03006	0.11257	0.27761	0.04599	0.08695	0.03511	0.01348	0.01007	0.00587	0.00527	0.00158	0.02362	0.00473	0.00412	0.00784
43	0.00816	0.00638	0.00913	0.00892	0.00988	0.00755	0.00694	0.01049	0.04020	0.01289	0.01534	0.02173	0.03379	0.06451	0.65440	0.00760	0.06820	0.00592	0.00302	0.00496
44	0.00736	0.00536	0.00723	0.00751	0.00817	0.00569	0.00535	0.00858	0.00906	0.01241	0.02118	0.20087	0.07412	0.20922	0.38637	0.00593	0.00895	0.00873	0.00358	0.00433
45	0.00678	0.00530	0.00614	0.00626	0.00760	0.00467	0.00457	0.00842	0.01278	0.01656	0.27656	0.19905	0.39933	0.01341	0.00644	0.00185	0.00274	0.01160	0.00528	0.00467
46	0.00760	0.00523	0.00695	0.00775	0.00842	0.00502	0.00574	0.00863	0.01073	0.01415	0.07821	0.34426	0.08361	0.08026	0.01024	0.10095	0.00389	0.20954	0.00458	0.00425
47	0.00650	0.00537	0.00558	0.00565	0.00722	0.00458	0.00412	0.00778	0.01191	0.01443	0.07559	0.10187	0.64994	0.06607	0.00775	0.00206	0.00290	0.01131	0.00490	0.00445
48	0.01024	0.00596	0.00639	0.00607	0.00760	0.00598	0.00467	0.07243	0.01308	0.02093	0.13448	0.02561	0.05890	0.00768	0.00454	0.00142	0.00288	0.03325	0.57256	0.00532
49	0.01329	0.01275	0.02179	0.03295	0.77787	0.01275	0.01647	0.01647	0.01222	0.01754	0.01010	0.01329	0.00850	0.00478	0.00531	0.00159	0.00638	0.00478	0.00266	0.00850
50	0.00815	0.00616	0.00751	0.00795	0.00887	0.00634	0.00564	0.01162	0.14009	0.01506	0.05149	0.39679	0.05508	0.14092	0.06122	0.00301	0.00446	0.05996	0.00468	0.00499
51	0.00900	0.00695	0.00987	0.00960	0.02217	0.00825	0.00743	0.05508	0.00974	0.01416	0.01366	0.01955	0.01250	0.03342	0.62684	0.00721	0.08744	0.00555	0.03635	0.00522
52	0.01296	0.01313	0.03426	0.21967	0.47206	0.05722	0.06435	0.03195	0.01232	0.01665	0.00996	0.01337	0.00804	0.00499	0.00536	0.00165	0.00695	0.00479	0.00265	0.00766
53	0.01344	0.03544	0.03581	0.01583	0.19747	0.01151	0.02247	0.12477	0.16708	0.04834	0.03871	0.03817	0.02821	0.00734	0.00566	0.01249	0.00518	0.08291	0.00423	0.10496
54	0.09367	0.15755	0.27150	0.01799	0.22517	0.02504	0.03823	0.01740	0.01172	0.07946	0.01014	0.01178	0.00776	0.00503	0.00476	0.00157	0.00655	0.00408	0.00286	0.00775
55	0.09914	0.18544	0.14745	0.01246	0.05984	0.08133	0.03431	0.04388	0.03003	0.17640	0.01271	0.05474	0.01006	0.00612	0.00505	0.00158	0.02363	0.00470	0.00370	0.00743

[dist]
# distance from previous block
# <min> <max>
0	20

[block]
# block no. 7 follows, 45 sequences, length 32
# corresponding to MSA columns:
# 1366-1397
name=unknown_H
#
# <colnr> <probs for GDERKNQSTAVLIFYWHMCP>
#	G	D	E	R	K	N	Q	S	T	A	V	L	I	F	Y	W	H	M	C	P
0	0.05067	0.09443	0.21231	0.01266	0.05818	0.01235	0.03171	0.13723	0.02742	0.06681	0.01166	0.03169	0.00930	0.00567	0.00501	0.00147	0.01773	0.02024	0.00350	0.18996
1	0.09873	0.10861	0.03118	0.01038	0.03427	0.01137	0.04070	0.11521	0.03854	0.11081	0.06560	0.04897	0.01292	0.00675	0.01857	0.00154	0.02015	0.00494	0.00406	0.21667
2	0.01166	0.12645	0.48980	0.01294	0.01908	0.02371	0.01522	0.04012	0.05917	0.03003	0.06373	0.03489	0.02402	0.00607	0.00505	0.00163	0.00668	0.00479	0.00302	0.02196
3	0.00906	0.17176	0.09917	0.00795	0.01079	0.00924	0.00732	0.01173	0.03734	0.01626	0.21498	0.07636	0.26629	0.03153	0.00618	0.00175	0.00402	0.00833	0.00433	0.00561
4	0.00794	0.00678	0.00706	0.00735	0.00861	0.05037	0.00526	0.01036	0.07358	0.01543	0.11507	0.35415	0.27807	0.02613	0.00672	0.00198	0.00342	0.01183	0.00497	0.00492
5	0.00839	0.00516	0.00724	0.00724	0.00756	0.00548	0.00498	0.00806	0.00774	0.01064	0.01294	0.02272	0.01329	0.22927	0.27616	0.35319	0.00800	0.00583	0.00275	0.00338
6	0.01916	0.01232	0.01375	0.01093	0.01474	0.01321	0.00890	0.39891	0.16680	0.20152	0.01684	0.01599	0.01181	0.00664	0.00528	0.00164	0.00505	0.00521	0.06256	0.00873
7	0.02005	0.02558	0.01521	0.01383	0.01659	0.78980	0.01037	0.02143	0.01521	0.01314	0.00830	0.00968	0.00691	0.00553	0.00484	0.00138	0.00968	0.00346	0.00277	0.00622
8	0.05399	0.08056	0.01578	0.03242	0.01575	0.00983	0.11185	0.01819	0.01258	0.25439	0.01380	0.01550	0.01032	0.00544	0.00484	0.00137	0.00515	0.03313	0.00417	0.30095
9	0.01077	0.02777	0.78354	0.01530	0.02323	0.01247	0.01983	0.01700	0.01133	0.01700	0.00963	0.01133	0.00680	0.00510	0.00510	0.00170	0.00793	0.00397	0.00227	0.00793
10	0.01111	0.10416	0.71019	0.01471	0.02231	0.01332	0.01880	0.01691	0.01129	0.01658	0.00942	0.01107	0.00681	0.00505	0.00494	0.00165	0.00772	0.00386	0.00227	0.00783
11	0.01144	0.02548	0.66268	0.01729	0.11304	0.01266	0.01906	0.04593	0.01198	0.01772	0.00982	0.01163	0.00709	0.00511	0.00514	0.00168	0.00767	0.00410	0.00243	0.00805
12	0.00753	0.00600	0.00741	0.03772	0.00955	0.00553	0.00543	0.00920	0.01136	0.01514	0.13157	0.17183	0.27894	0.05052	0.12559	0.00291	0.00496	0.00958	0.00440	0.10482
13	0.00715	0.00511	0.00591	0.00625	0.00674	0.00483	0.00396	0.00775	0.00959	0.01245	0.04773	0.25796	0.17608	0.40540	0.01677	0.00358	0.00404	0.01068	0.00416	0.00387
14	0.01668	0.12029	0.01335	0.00911	0.01234	0.04571	0.00751	0.15684	0.01569	0.25625	0.09754	0.06587	0.06353	0.00770	0.00518	0.00157	0.00460	0.00620	0.08672	0.00731
15	0.01301	0.11974	0.40090	0.01787	0.14669	0.06021	0.09096	0.03610	0.01226	0.03927	0.00991	0.01178	0.00748	0.00503	0.00506	0.00160	0.00747	0.00424	0.00262	0.00779
16	0.01187	0.11404	0.42988	0.07224	0.12726	0.01270	0.01606	0.01640	0.01156	0.05281	0.02322	0.02902	0.00944	0.00649	0.02350	0.00182	0.00713	0.02429	0.00274	0.00754
17	0.02336	0.00935	0.01241	0.00956	0.01362	0.00832	0.00788	0.07011	0.01582	0.70927	0.02055	0.01801	0.01305	0.00662	0.00534	0.00164	0.00458	0.00535	0.03619	0.00899
18	0.01142	0.18205	0.04629	0.01151	0.10173	0.01104	0.00853	0.03493	0.10177	0.04439	0.11034	0.15525	0.05864	0.00886	0.00533	0.00166	0.00446	0.03416	0.06117	0.00649
19	0.01472	0.00801	0.00914	0.00788	0.01012	0.04933	0.00601	0.03641	0.01325	0.28399	0.13622	0.02593	0.05995	0.14086	0.04699	0.00251	0.00474	0.00660	0.13103	0.00631
20	0.01835	0.01424	0.01699	0.07016	0.05384	0.02816	0.06154	0.57716	0.02188	0.02933	0.01232	0.01329	0.00896	0.00640	0.00573	0.01992	0.00620	0.00491	0.02216	0.00846
21	0.00781	0.00520	0.00585	0.00585	0.00585	0.00520	0.00325	0.00781	0.00781	0.01041	0.01691	0.03513	0.01952	0.81135	0.02732	0.00520	0.00520	0.00781	0.00325	0.00325
22	0.01169	0.20026	0.56588	0.01445	0.02148	0.01448	0.06775	0.01681	0.01133	0.01605	0.00924	0.01095	0.00691	0.00495	0.00482	0.00159	0.00753	0.00389	0.00230	0.00766
23	0.00779	0.00536	0.00674	0.00668	0.00710	0.00551	0.00439	0.00856	0.00914	0.01261	0.13615	0.03206	0.02271	0.48047	0.20068	0.03222	0.00689	0.00753	0.00356	0.00387
24	0.01776	0.10890	0.01633	0.01250	0.06670	0.07986	0.00965	0.45823	0.01992	0.02661	0.01230	0.01311	0.00927	0.00601	0.00487	0.00149	0.00577	0.00451	0.11818	0.00802
25	0.00764	0.00551	0.00723	0.00688	0.00814	0.00511	0.00521	0.01017	0.01508	0.02131	0.74544	0.04091	0.04987	0.01113	0.00637	0.00172	0.00263	0.03872	0.00587	0.00506
26	0.01452	0.02947	0.21155	0.02898	0.10748	0.01221	0.14202	0.05703	0.14876	0.14730	0.03668	0.01575	0.01145	0.00585	0.00548	0.00171	0.00641	0.00529	0.00396	0.00811
27	0.01491	0.22964	0.13741	0.03203	0.21273	0.11569	0.04487	0.08968	0.02654	0.03431	0.00984	0.01154	0.00788	0.00512	0.00478	0.00148	0.00688	0.00409	0.00292	0.00767
28	0.01257	0.15432	0.48724	0.01506	0.02179	0.01378	0.13423	0.01750	0.01175	0.06835	0.01025	0.01185	0.00747	0.00503	0.00504	0.00162	0.00752	0.00426	0.00264	0.00773
29	0.01644	0.01082	0.01202	0.00996	0.01314	0.01157	0.00796	0.30039	0.17733	0.14259	0.03926	0.07190	0.03161	0.00761	0.00532	0.00166	0.00453	0.00619	0.12184	0.00789
30	0.04435	0.68075	0.02508	0.00926	0.01348	0.01939	0.00898	0.01649	0.05760	0.01389	0.00978	0.01285	0.00907	0.00547	0.00383	0.00130	0.00554	0.05336	0.00271	0.00682
31	0.07212	0.01218	0.01240	0.01056	0.01362	0.05375	0.00838	0.33850	0.17411	0.02540	0.05968	0.11760	0.04177	0.00848	0.00555	0.00175	0.00498	0.02656	0.00507	0.00753

[dist]
# distance from previous block
# <min> <max>
0	3

[block]
# block no. 8 follows, 45 sequences, length 6
# corresponding to MSA columns:
# 1401-1406
name=unknown_I
#
# <colnr> <probs for GDERKNQSTAVLIFYWHMCP>
#	G	D	E	R	K	N	Q	S	T	A	V	L	I	F	Y	W	H	M	C	P
