[name]
unknown

[dist]
# distance from previous block
# <min> <max>
0	29

[block]
# block no. 0 follows, 51 sequences, length 34
# corresponding to MSA columns:
# 34-67
name=unknown_A
#
# <colnr> <probs for GDERKNQSTAVLIFYWHMCP>
#	G	D	E	R	K	N	Q	S	T	A	V	L	I	F	Y	W	H	M	C	P
0	0.00899	0.00735	0.01168	0.01105	0.01296	0.00734	0.13366	0.02721	0.05800	0.01555	0.02276	0.04548	0.02370	0.01147	0.00648	0.00211	0.00512	0.57972	0.00423	0.00514
1	0.00895	0.00822	0.01364	0.62690	0.08456	0.00984	0.01227	0.01181	0.00986	0.01281	0.01176	0.14529	0.01087	0.00658	0.00513	0.00168	0.00590	0.00593	0.00259	0.00539
2	0.01072	0.01019	0.01881	0.01663	0.14439	0.00984	0.32806	0.02651	0.01194	0.04647	0.16589	0.04139	0.06297	0.00644	0.00605	0.00160	0.04630	0.00643	0.00340	0.03597
3	0.01194	0.01241	0.06653	0.05242	0.72774	0.01164	0.01522	0.01504	0.01110	0.01592	0.00920	0.01208	0.00765	0.00441	0.00485	0.00147	0.00594	0.00433	0.00240	0.00768
4	0.01260	0.67629	0.02353	0.00909	0.01253	0.01836	0.00870	0.01411	0.00968	0.01181	0.02614	0.00906	0.00732	0.00507	0.00533	0.00124	0.13778	0.00305	0.00219	0.00611
5	0.00693	0.00599	0.00761	0.00947	0.13565	0.00540	0.00583	0.00843	0.01096	0.01367	0.03933	0.14859	0.53834	0.01157	0.00575	0.00169	0.00315	0.03270	0.00421	0.00473
6	0.00906	0.00823	0.01363	0.68397	0.02999	0.01006	0.01271	0.01217	0.01007	0.01291	0.01155	0.02001	0.01009	0.00633	0.00522	0.00174	0.00622	0.12818	0.00257	0.00531
7	0.01212	0.00867	0.01039	0.00752	0.01179	0.00666	0.00605	0.01426	0.01082	0.14388	0.01047	0.01126	0.00808	0.00404	0.00385	0.00086	0.00373	0.00324	0.00343	0.71888
8	0.06922	0.14331	0.05093	0.00868	0.01271	0.00959	0.00770	0.02049	0.01256	0.52114	0.01518	0.01391	0.01010	0.00541	0.00441	0.00138	0.00443	0.00419	0.00479	0.07986
9	0.01017	0.00815	0.00987	0.00744	0.01122	0.00651	0.00593	0.01227	0.00998	0.04788	0.00990	0.01195	0.00830	0.00916	0.13484	0.00193	0.00522	0.00338	0.00300	0.68291
10	0.01923	0.00823	0.01047	0.00823	0.01154	0.00759	0.00673	0.10345	0.01433	0.56809	0.01793	0.01650	0.01183	0.00599	0.00465	0.00144	0.00395	0.00482	0.16735	0.00764
11	0.00878	0.01671	0.45350	0.06838	0.01735	0.00896	0.01329	0.01270	0.01016	0.01441	0.01467	0.13730	0.01435	0.05687	0.00648	0.00193	0.00598	0.12933	0.00290	0.00596
12	0.00581	0.00498	0.00498	0.00498	0.00664	0.00415	0.00373	0.00705	0.01120	0.01328	0.04978	0.04729	0.79464	0.01245	0.00581	0.00166	0.00249	0.01037	0.00456	0.00415
13	0.01038	0.02209	0.61844	0.01415	0.04714	0.01159	0.04304	0.01727	0.13723	0.01640	0.01070	0.01184	0.00775	0.00497	0.00477	0.00157	0.00670	0.00405	0.00258	0.00734
14	0.00792	0.00635	0.00883	0.00838	0.00887	0.00775	0.00641	0.00915	0.00778	0.01136	0.01263	0.04432	0.01272	0.18822	0.42419	0.00560	0.19168	0.00567	0.02784	0.00432
15	0.01216	0.01168	0.01995	0.03016	0.79664	0.01168	0.01508	0.01508	0.01119	0.01605	0.00924	0.01216	0.00778	0.00438	0.00487	0.00146	0.00584	0.00438	0.00243	0.00778
16	0.52358	0.01485	0.01003	0.00930	0.02741	0.31451	0.00711	0.01643	0.01054	0.01811	0.00718	0.00840	0.00576	0.00475	0.00361	0.00142	0.00577	0.00289	0.00284	0.00551
17	0.00760	0.00535	0.00713	0.00781	0.00857	0.00543	0.00624	0.00912	0.00973	0.01282	0.02162	0.04503	0.02364	0.26568	0.08452	0.00354	0.00538	0.46287	0.00388	0.00404
18	0.01209	0.01179	0.01922	0.10804	0.69309	0.03942	0.01474	0.01499	0.01115	0.01556	0.00914	0.01214	0.00761	0.00446	0.00485	0.00147	0.00602	0.00434	0.00241	0.00748
19	0.00715	0.00476	0.00536	0.00536	0.00536	0.00476	0.00298	0.00715	0.00715	0.00953	0.01548	0.03216	0.01787	0.82729	0.02501	0.00476	0.00476	0.00715	0.00298	0.00298
20	0.00599	0.00428	0.00570	0.00684	0.00713	0.00399	0.00456	0.00684	0.00941	0.01254	0.02709	0.82409	0.03250	0.01540	0.00627	0.00200	0.00285	0.01397	0.00456	0.00399
21	0.00581	0.00498	0.00498	0.00498	0.00664	0.00415	0.00373	0.00705	0.01120	0.01328	0.04978	0.04729	0.79464	0.01245	0.00581	0.00166	0.00249	0.01037	0.00456	0.00415
22	0.01222	0.01056	0.01111	0.01000	0.01278	0.01222	0.00778	0.02611	0.78776	0.02056	0.02000	0.01833	0.01500	0.00667	0.00500	0.00167	0.00389	0.00556	0.00500	0.00778
23	0.01298	0.69675	0.02480	0.01196	0.14048	0.01818	0.00950	0.01477	0.01018	0.01229	0.00723	0.00858	0.00655	0.00423	0.00343	0.00112	0.00535	0.00291	0.00216	0.00655
24	0.01076	0.01113	0.01461	0.68455	0.03080	0.14084	0.01297	0.01371	0.01050	0.01247	0.00855	0.01241	0.00651	0.00494	0.00483	0.00158	0.00693	0.00417	0.00224	0.00550
25	0.01019	0.00873	0.01019	0.00728	0.01165	0.00655	0.00582	0.01237	0.01019	0.01601	0.00873	0.01019	0.00728	0.00364	0.00364	0.00073	0.00364	0.00291	0.00291	0.85734
26	0.01789	0.01628	0.01397	0.01151	0.01486	0.26411	0.00915	0.43127	0.11157	0.04328	0.01165	0.01178	0.00861	0.00573	0.00477	0.00143	0.00628	0.00418	0.00421	0.00745
27	0.01399	0.69867	0.02382	0.00910	0.01303	0.14798	0.00859	0.01552	0.01063	0.01164	0.00696	0.00804	0.00631	0.00434	0.00336	0.00109	0.00584	0.00272	0.00217	0.00621
28	0.01126	0.01111	0.01965	0.06294	0.01968	0.03094	0.39896	0.02881	0.15304	0.03979	0.10413	0.04622	0.03774	0.00608	0.00554	0.00164	0.00618	0.00633	0.00354	0.00643
29	0.01370	0.01362	0.01174	0.01056	0.01328	0.20492	0.00814	0.03916	0.56843	0.01854	0.01746	0.01652	0.02933	0.00639	0.00488	0.00157	0.00510	0.00506	0.00439	0.00721
30	0.00585	0.00482	0.00514	0.00539	0.00675	0.00411	0.00392	0.00701	0.01080	0.01311	0.04472	0.22041	0.62480	0.01310	0.00591	0.00173	0.00257	0.01117	0.00456	0.00411
31	0.01135	0.14482	0.01863	0.01319	0.02966	0.03757	0.15962	0.01367	0.03654	0.01330	0.00887	0.04810	0.00820	0.00669	0.00962	0.00170	0.35910	0.00467	0.00249	0.07220
32	0.03297	0.01306	0.01227	0.01046	0.01319	0.18632	0.00827	0.13976	0.20978	0.16988	0.03034	0.03135	0.01149	0.00644	0.00583	0.00155	0.07932	0.00478	0.02592	0.00703
33	0.00707	0.00507	0.00690	0.00690	0.00743	0.00560	0.00490	0.00813	0.00760	0.01067	0.01408	0.02437	0.01448	0.34838	0.49930	0.00666	0.00985	0.00601	0.00277	0.00383

[dist]
# distance from previous block
# <min> <max>
2	8

[block]
# block no. 1 follows, 51 sequences, length 55
# corresponding to MSA columns:
# 76-84,88-95,99-120,122,127-141
name=unknown_B
#
# <colnr> <probs for GDERKNQSTAVLIFYWHMCP>
#	G	D	E	R	K	N	Q	S	T	A	V	L	I	F	Y	W	H	M	C	P
0	0.00986	0.02542	0.80183	0.01401	0.02127	0.01141	0.01816	0.01556	0.01038	0.01556	0.00882	0.01038	0.00623	0.00467	0.00467	0.00156	0.00726	0.00363	0.00208	0.00726
1	0.00599	0.00428	0.00570	0.00684	0.00713	0.00399	0.00456	0.00684	0.00941	0.01254	0.02709	0.82409	0.03250	0.01540	0.00627	0.00200	0.00285	0.01397	0.00456	0.00399
2	0.01194	0.01151	0.01986	0.08651	0.71729	0.01165	0.03908	0.01492	0.01110	0.01579	0.00923	0.01227	0.00768	0.00441	0.00490	0.00148	0.00597	0.00442	0.00242	0.00758
3	0.01206	0.01174	0.01921	0.11205	0.69174	0.03689	0.01475	0.01496	0.01113	0.01556	0.00914	0.01216	0.00761	0.00446	0.00486	0.00147	0.00601	0.00434	0.00241	0.00747
4	0.01166	0.01229	0.01489	0.05161	0.01421	0.11692	0.01073	0.01287	0.00846	0.01189	0.00671	0.01062	0.00644	0.00797	0.01408	0.00201	0.67487	0.00416	0.00220	0.00542
5	0.01703	0.01967	0.01532	0.03895	0.14464	0.55398	0.03118	0.06920	0.01391	0.03893	0.00861	0.01009	0.00693	0.00501	0.00460	0.00134	0.00790	0.00361	0.00277	0.00632
6	0.00696	0.00502	0.00657	0.00618	0.00734	0.00464	0.00464	0.00927	0.01391	0.01971	0.79405	0.03671	0.04637	0.01005	0.00580	0.00155	0.00232	0.00889	0.00541	0.00464
7	0.01265	0.01141	0.01514	0.09817	0.35421	0.07037	0.01134	0.11261	0.11267	0.01798	0.01215	0.03501	0.00997	0.00552	0.00479	0.00149	0.00539	0.01584	0.08626	0.00701
8	0.01317	0.13221	0.20306	0.01020	0.01420	0.07110	0.01000	0.01839	0.17888	0.15315	0.03140	0.01706	0.09165	0.00632	0.00500	0.00151	0.02714	0.00491	0.00377	0.00689
9	0.00691	0.00499	0.00653	0.00621	0.00733	0.00461	0.00463	0.00916	0.01369	0.01936	0.75703	0.07471	0.04570	0.01030	0.00582	0.00157	0.00234	0.00913	0.00537	0.00461
10	0.00696	0.00502	0.00657	0.00618	0.00734	0.00464	0.00464	0.00927	0.01391	0.01971	0.79405	0.03671	0.04637	0.01005	0.00580	0.00155	0.00232	0.00889	0.00541	0.00464
11	0.00928	0.00873	0.01474	0.81548	0.03385	0.01092	0.01365	0.01256	0.00983	0.01256	0.00873	0.01310	0.00655	0.00491	0.00491	0.00164	0.00655	0.00437	0.00218	0.00546
12	0.00696	0.00502	0.00657	0.00618	0.00734	0.00464	0.00464	0.00927	0.01391	0.01971	0.79405	0.03671	0.04637	0.01005	0.00580	0.00155	0.00232	0.00889	0.00541	0.00464
13	0.00916	0.00458	0.00458	0.00458	0.00573	0.00458	0.00344	0.01145	0.01031	0.01832	0.01603	0.01832	0.01260	0.00573	0.00344	0.00115	0.00229	0.00458	0.85457	0.00458
14	0.01074	0.02368	0.71217	0.01420	0.03703	0.01118	0.03957	0.01610	0.01067	0.06599	0.00954	0.01090	0.00668	0.00474	0.00472	0.00155	0.00706	0.00379	0.00235	0.00733
15	0.01019	0.00873	0.01019	0.00728	0.01165	0.00655	0.00582	0.01237	0.01019	0.01601	0.00873	0.01019	0.00728	0.00364	0.00364	0.00073	0.00364	0.00291	0.00291	0.85734
16	0.01541	0.01214	0.01290	0.01064	0.01399	0.01371	0.00855	0.39778	0.41091	0.02569	0.01596	0.01511	0.01173	0.00629	0.00496	0.00157	0.00464	0.00500	0.00496	0.00806
17	0.00702	0.00527	0.00790	0.00790	0.00878	0.00614	0.00614	0.00878	0.00790	0.01141	0.01316	0.01931	0.01229	0.03686	0.80782	0.00790	0.01316	0.00527	0.00263	0.00439
18	0.01282	0.12203	0.04564	0.02422	0.52739	0.09504	0.07297	0.01557	0.01132	0.01500	0.00879	0.01128	0.00736	0.00442	0.00466	0.00140	0.00631	0.00411	0.00239	0.00727
19	0.00960	0.00751	0.00858	0.00824	0.03442	0.00779	0.00608	0.01611	0.31118	0.05601	0.25171	0.03048	0.21450	0.00896	0.00542	0.00162	0.00317	0.00763	0.00498	0.00601
20	0.03922	0.25795	0.39561	0.01122	0.01667	0.01358	0.01284	0.08771	0.01176	0.05684	0.04663	0.01129	0.00865	0.00498	0.00426	0.00140	0.00599	0.00370	0.00275	0.00696
21	0.01077	0.08306	0.61344	0.01254	0.01896	0.01120	0.01545	0.01558	0.01067	0.06290	0.03408	0.01139	0.00793	0.00481	0.00453	0.00146	0.00651	0.00375	0.00249	0.06849
22	0.00598	0.00429	0.00568	0.00680	0.00712	0.00400	0.00454	0.00685	0.00945	0.01256	0.02766	0.80428	0.05194	0.01532	0.00626	0.00199	0.00284	0.01388	0.00456	0.00400
23	0.04262	0.01500	0.18280	0.07162	0.39212	0.07608	0.04945	0.01588	0.01126	0.06661	0.00992	0.01261	0.00784	0.00481	0.00481	0.00151	0.00634	0.01886	0.00265	0.00719
24	0.13236	0.02754	0.04062	0.01078	0.03794	0.16982	0.00863	0.20550	0.07591	0.22422	0.01265	0.01239	0.00893	0.00554	0.00454	0.00146	0.00552	0.00410	0.00427	0.00728
25	0.01204	0.02038	0.53017	0.01430	0.02046	0.01104	0.14437	0.01678	0.01107	0.13550	0.01056	0.01184	0.00735	0.00490	0.00520	0.00158	0.02822	0.00421	0.00276	0.00727
26	0.81836	0.00997	0.00759	0.00675	0.00980	0.03174	0.00553	0.03439	0.00889	0.02202	0.00699	0.00810	0.00543	0.00461	0.00313	0.00151	0.00397	0.00272	0.00308	0.00541
27	0.00581	0.00498	0.00498	0.00498	0.00664	0.00415	0.00373	0.00705	0.01120	0.01328	0.04978	0.04729	0.79464	0.01245	0.00581	0.00166	0.00249	0.01037	0.00456	0.00415
28	0.01433	0.03120	0.16501	0.01220	0.01592	0.30199	0.05701	0.11855	0.12467	0.01709	0.04956	0.01435	0.03088	0.00585	0.00483	0.00147	0.00674	0.01843	0.00333	0.00660
29	0.00696	0.00502	0.00657	0.00618	0.00734	0.00464	0.00464	0.00927	0.01391	0.01971	0.79405	0.03671	0.04637	0.01005	0.00580	0.00155	0.00232	0.00889	0.00541	0.00464
30	0.00887	0.00757	0.01068	0.15167	0.16145	0.00808	0.00839	0.01241	0.10788	0.01440	0.02151	0.05443	0.18598	0.06138	0.11028	0.00260	0.00553	0.00652	0.05489	0.00550
31	0.01345	0.78143	0.02504	0.00867	0.01277	0.06714	0.00847	0.01501	0.01022	0.01159	0.00688	0.00794	0.00631	0.00426	0.00323	0.00106	0.00547	0.00266	0.00213	0.00627
32	0.00599	0.00428	0.00570	0.00684	0.00713	0.00399	0.00456	0.00684	0.00941	0.01254	0.02709	0.82409	0.03250	0.01540	0.00627	0.00200	0.00285	0.01397	0.00456	0.00399
33	0.04330	0.01071	0.11104	0.00889	0.01229	0.05577	0.00796	0.03961	0.01329	0.34762	0.20837	0.04529	0.01960	0.00694	0.00500	0.00149	0.00435	0.00574	0.00485	0.04787
34	0.00700	0.00502	0.00656	0.00656	0.00708	0.00539	0.00455	0.00793	0.00775	0.01066	0.01644	0.02688	0.06218	0.39698	0.40118	0.00609	0.00868	0.00643	0.00291	0.00373
35	0.01209	0.49036	0.25312	0.01011	0.01517	0.04382	0.01109	0.01493	0.01026	0.01316	0.00762	0.00886	0.00637	0.00432	0.00369	0.00118	0.00583	0.00297	0.00218	0.08288
36	0.01314	0.83025	0.02575	0.00841	0.01261	0.01945	0.00841	0.01472	0.00999	0.01156	0.00683	0.00788	0.00631	0.00420	0.00315	0.00105	0.00526	0.00263	0.00210	0.00631
37	0.86201	0.00950	0.00722	0.00646	0.00950	0.01102	0.00532	0.01445	0.00836	0.02205	0.00684	0.00798	0.00532	0.00456	0.00304	0.00152	0.00380	0.00266	0.00304	0.00532
38	0.01222	0.01056	0.01111	0.01000	0.01278	0.01222	0.00778	0.02611	0.78776	0.02056	0.02000	0.01833	0.01500	0.00667	0.00500	0.00167	0.00389	0.00556	0.00500	0.00778
39	0.01106	0.00769	0.00866	0.00742	0.00899	0.00798	0.00528	0.22445	0.01209	0.04238	0.01399	0.02370	0.01397	0.46648	0.06645	0.00367	0.00538	0.00592	0.00360	0.06083
40	0.01019	0.00873	0.01019	0.00728	0.01165	0.00655	0.00582	0.01237	0.01019	0.01601	0.00873	0.01019	0.00728	0.00364	0.00364	0.00073	0.00364	0.00291	0.00291	0.85734
41	0.01125	0.00916	0.01062	0.00767	0.01198	0.00733	0.00617	0.07984	0.01142	0.03849	0.00929	0.01051	0.00751	0.00390	0.00379	0.00081	0.00381	0.00310	0.00317	0.76017
42	0.01627	0.01707	0.06297	0.01257	0.01619	0.34923	0.12016	0.09398	0.03795	0.12068	0.02570	0.01188	0.00859	0.00515	0.00473	0.00137	0.00698	0.00410	0.00337	0.08108
43	0.01217	0.04665	0.38355	0.01530	0.08241	0.18940	0.10492	0.01598	0.01125	0.01446	0.00981	0.01161	0.03097	0.00509	0.00531	0.00151	0.04656	0.00405	0.00234	0.00666
44	0.00655	0.00497	0.00604	0.00585	0.00712	0.00445	0.00436	0.00846	0.01284	0.01736	0.52550	0.08241	0.27402	0.01107	0.00583	0.00160	0.00240	0.00961	0.00511	0.00445
45	0.00686	0.00521	0.00634	0.00602	0.00736	0.00479	0.00453	0.00933	0.04064	0.01816	0.58435	0.03865	0.22854	0.01051	0.00577	0.00158	0.00242	0.00913	0.00519	0.00463
46	0.01215	0.59989	0.22657	0.00988	0.01479	0.01700	0.01092	0.01482	0.01012	0.01268	0.00785	0.00978	0.00686	0.00457	0.00364	0.00121	0.00576	0.02283	0.00216	0.00651
47	0.03906	0.12783	0.59318	0.01353	0.05663	0.01219	0.01573	0.01550	0.01043	0.03813	0.00927	0.01141	0.00703	0.00486	0.00449	0.00150	0.00666	0.02321	0.00231	0.00706
48	0.00845	0.00430	0.00634	0.00634	0.00634	0.00430	0.00419	0.00645	0.00645	0.00860	0.00896	0.01598	0.00910	0.06610	0.01956	0.80545	0.00430	0.00444	0.00219	0.00219
49	0.00707	0.00476	0.00536	0.00538	0.00545	0.00472	0.00304	0.00714	0.00734	0.00973	0.01692	0.05278	0.04409	0.77955	0.02390	0.00459	0.00464	0.00743	0.00307	0.00304
50	0.01054	0.09254	0.59762	0.01636	0.15654	0.01215	0.01678	0.01541	0.01048	0.01530	0.00872	0.01047	0.00651	0.00458	0.00457	0.00150	0.00684	0.00368	0.00214	0.00727
51	0.00638	0.00492	0.00578	0.00622	0.00716	0.00455	0.00436	0.00810	0.04790	0.01372	0.10820	0.40433	0.29033	0.05595	0.00699	0.00197	0.00283	0.01150	0.00458	0.00424
52	0.00597	0.00434	0.00564	0.00668	0.00708	0.00401	0.00449	0.00686	0.00957	0.01261	0.02909	0.75551	0.09978	0.01514	0.00623	0.00197	0.00282	0.01365	0.00456	0.00401
53	0.01168	0.01118	0.01908	0.16151	0.66906	0.01155	0.01484	0.01466	0.01096	0.01547	0.00916	0.01232	0.00758	0.00447	0.00487	0.00149	0.00596	0.00438	0.00239	0.00740
54	0.01315	0.06627	0.06629	0.07796	0.18290	0.18899	0.12444	0.03704	0.06904	0.03523	0.01135	0.05158	0.02201	0.00557	0.00517	0.00150	0.02722	0.00482	0.00288	0.00657

[dist]
# distance from previous block
# <min> <max>
0	122

[block]
# block no. 2 follows, 51 sequences, length 65
# corresponding to MSA columns:
# 281-345
name=unknown_C
#
# <colnr> <probs for GDERKNQSTAVLIFYWHMCP>
#	G	D	E	R	K	N	Q	S	T	A	V	L	I	F	Y	W	H	M	C	P
0	0.01138	0.14130	0.43991	0.01352	0.03660	0.06403	0.10350	0.01587	0.03575	0.03733	0.01126	0.01254	0.04563	0.00504	0.00464	0.00148	0.00672	0.00415	0.00250	0.00685
1	0.01629	0.11261	0.01528	0.01223	0.06505	0.27405	0.00924	0.26141	0.12333	0.01965	0.01094	0.01152	0.00847	0.00543	0.00451	0.00137	0.00624	0.00396	0.03140	0.00700
2	0.01035	0.00931	0.03621	0.03115	0.01296	0.00698	0.03161	0.01271	0.01030	0.03236	0.00942	0.02913	0.00791	0.00405	0.00387	0.00086	0.00398	0.00337	0.00295	0.74053
3	0.05698	0.46093	0.32176	0.01054	0.01582	0.03308	0.01200	0.01513	0.01013	0.01366	0.00761	0.00886	0.00622	0.00442	0.00376	0.00127	0.00603	0.00303	0.00215	0.00661
4	0.10842	0.00964	0.01152	0.00903	0.01267	0.00949	0.00742	0.17855	0.05681	0.50458	0.01649	0.01491	0.01083	0.00591	0.00471	0.00151	0.00434	0.00462	0.02058	0.00795
5	0.00996	0.00484	0.00509	0.00492	0.00623	0.00478	0.00374	0.01221	0.01050	0.06899	0.01619	0.01824	0.01256	0.00638	0.01976	0.00131	0.00263	0.00462	0.78224	0.00482
6	0.00689	0.00502	0.00648	0.00612	0.00730	0.00461	0.00459	0.00916	0.01377	0.01937	0.75451	0.03727	0.08612	0.01017	0.00580	0.00155	0.00233	0.00897	0.00536	0.00461
7	0.02205	0.00836	0.01140	0.00874	0.01254	0.00722	0.00722	0.02395	0.01407	0.80004	0.01939	0.01673	0.01216	0.00608	0.00494	0.00152	0.00418	0.00494	0.00608	0.00836
8	0.00696	0.00502	0.00657	0.00618	0.00734	0.00464	0.00464	0.00927	0.01391	0.01971	0.79405	0.03671	0.04637	0.01005	0.00580	0.00155	0.00232	0.00889	0.00541	0.00464
9	0.01075	0.01075	0.01505	0.01290	0.01290	0.01505	0.01075	0.01183	0.00753	0.01183	0.00645	0.01075	0.00645	0.00860	0.01613	0.00215	0.81830	0.00430	0.00215	0.00538
10	0.00916	0.00458	0.00458	0.00458	0.00573	0.00458	0.00344	0.01145	0.01031	0.01832	0.01603	0.01832	0.01260	0.00573	0.00344	0.00115	0.00229	0.00458	0.85457	0.00458
11	0.00687	0.00502	0.00645	0.00610	0.00729	0.00460	0.00457	0.00911	0.01371	0.01924	0.74017	0.03747	0.10054	0.01022	0.00580	0.00155	0.00233	0.00899	0.00535	0.00460
12	0.02205	0.00836	0.01140	0.00874	0.01254	0.00722	0.00722	0.02395	0.01407	0.80004	0.01939	0.01673	0.01216	0.00608	0.00494	0.00152	0.00418	0.00494	0.00608	0.00836
13	0.86201	0.00950	0.00722	0.00646	0.00950	0.01102	0.00532	0.01445	0.00836	0.02205	0.00684	0.00798	0.00532	0.00456	0.00304	0.00152	0.00380	0.00266	0.00304	0.00532
14	0.00599	0.00428	0.00570	0.00684	0.00713	0.00399	0.00456	0.00684	0.00941	0.01254	0.02709	0.82409	0.03250	0.01540	0.00627	0.00200	0.00285	0.01397	0.00456	0.00399
15	0.86201	0.00950	0.00722	0.00646	0.00950	0.01102	0.00532	0.01445	0.00836	0.02205	0.00684	0.00798	0.00532	0.00456	0.00304	0.00152	0.00380	0.00266	0.00304	0.00532
16	0.00928	0.00873	0.01474	0.81548	0.03385	0.01092	0.01365	0.01256	0.00983	0.01256	0.00873	0.01310	0.00655	0.00491	0.00491	0.00164	0.00655	0.00437	0.00218	0.00546
17	0.02205	0.00836	0.01140	0.00874	0.01254	0.00722	0.00722	0.02395	0.01407	0.80004	0.01939	0.01673	0.01216	0.00608	0.00494	0.00152	0.00418	0.00494	0.00608	0.00836
18	0.01019	0.00873	0.01019	0.00728	0.01165	0.00655	0.00582	0.01237	0.01019	0.01601	0.00873	0.01019	0.00728	0.00364	0.00364	0.00073	0.00364	0.00291	0.00291	0.85734
19	0.00696	0.00502	0.00657	0.00618	0.00734	0.00464	0.00464	0.00927	0.01391	0.01971	0.79405	0.03671	0.04637	0.01005	0.00580	0.00155	0.00232	0.00889	0.00541	0.00464
20	0.00661	0.00472	0.00642	0.00755	0.00811	0.00453	0.00564	0.00792	0.01002	0.01324	0.02674	0.57683	0.03115	0.01481	0.00644	0.00208	0.00339	0.25510	0.00455	0.00416
21	0.00696	0.00502	0.00657	0.00618	0.00734	0.00464	0.00464	0.00927	0.01391	0.01971	0.79405	0.03671	0.04637	0.01005	0.00580	0.00155	0.00232	0.00889	0.00541	0.00464
22	0.02194	0.00854	0.01151	0.00883	0.01263	0.00748	0.00729	0.04816	0.01435	0.77542	0.01914	0.01657	0.01204	0.00608	0.00494	0.00152	0.00422	0.00493	0.00605	0.00836
23	0.00605	0.00447	0.00566	0.00645	0.00706	0.00408	0.00442	0.00712	0.01017	0.01338	0.10685	0.60964	0.16796	0.01435	0.00614	0.00189	0.00273	0.01284	0.00465	0.00408
24	0.02175	0.00843	0.01140	0.00878	0.01255	0.00737	0.00724	0.02401	0.03747	0.77647	0.01941	0.01678	0.01225	0.00610	0.00494	0.00153	0.00417	0.00496	0.00605	0.00835
25	0.00599	0.00428	0.00570	0.00684	0.00713	0.00399	0.00456	0.00684	0.00941	0.01254	0.02709	0.82409	0.03250	0.01540	0.00627	0.00200	0.00285	0.01397	0.00456	0.00399
26	0.00586	0.00498	0.00505	0.00503	0.00667	0.00417	0.00378	0.00715	0.01133	0.01357	0.08399	0.04681	0.76026	0.01234	0.00581	0.00165	0.00248	0.01030	0.00460	0.00417
27	0.00986	0.02542	0.80183	0.01401	0.02127	0.01141	0.01816	0.01556	0.01038	0.01556	0.00882	0.01038	0.00623	0.00467	0.00467	0.00156	0.00726	0.00363	0.00208	0.00726
28	0.00599	0.00428	0.00570	0.00684	0.00713	0.00399	0.00456	0.00684	0.00941	0.01254	0.02709	0.82409	0.03250	0.01540	0.00627	0.00200	0.00285	0.01397	0.00456	0.00399
29	0.86201	0.00950	0.00722	0.00646	0.00950	0.01102	0.00532	0.01445	0.00836	0.02205	0.00684	0.00798	0.00532	0.00456	0.00304	0.00152	0.00380	0.00266	0.00304	0.00532
30	0.00652	0.00464	0.00623	0.00731	0.00779	0.00444	0.00531	0.00768	0.00977	0.01293	0.02625	0.59580	0.03074	0.05485	0.00732	0.00220	0.00336	0.19830	0.00447	0.00407
31	0.01207	0.01153	0.01934	0.05474	0.73328	0.01168	0.01468	0.01554	0.04931	0.01616	0.00976	0.01250	0.00810	0.00451	0.00487	0.00148	0.00577	0.00444	0.00255	0.00771
32	0.00703	0.00522	0.00769	0.00769	0.00849	0.00603	0.00588	0.00864	0.00784	0.01125	0.01336	0.02038	0.01275	0.10274	0.74257	0.00764	0.01246	0.00542	0.00266	0.00427
33	0.00986	0.02542	0.80183	0.01401	0.02127	0.01141	0.01816	0.01556	0.01038	0.01556	0.00882	0.01038	0.00623	0.00467	0.00467	0.00156	0.00726	0.00363	0.00208	0.00726
34	0.02981	0.49613	0.18787	0.00962	0.01438	0.01538	0.01021	0.01655	0.01077	0.15432	0.00951	0.01000	0.00732	0.00465	0.00379	0.00125	0.00546	0.00326	0.00283	0.00686
35	0.02205	0.00836	0.01140	0.00874	0.01254	0.00722	0.00722	0.02395	0.01407	0.80004	0.01939	0.01673	0.01216	0.00608	0.00494	0.00152	0.00418	0.00494	0.00608	0.00836
36	0.00696	0.00502	0.00657	0.00618	0.00734	0.00464	0.00464	0.00927	0.01391	0.01971	0.79405	0.03671	0.04637	0.01005	0.00580	0.00155	0.00232	0.00889	0.00541	0.00464
37	0.01356	0.10469	0.46998	0.01215	0.01802	0.01118	0.03838	0.01791	0.02511	0.22529	0.01167	0.01205	0.00802	0.00502	0.00462	0.00150	0.00620	0.00398	0.00322	0.00745
38	0.00685	0.00500	0.00649	0.00742	0.00802	0.00491	0.00537	0.00880	0.06026	0.01334	0.02576	0.56950	0.02968	0.05978	0.00734	0.00218	0.00337	0.16713	0.00449	0.00429
39	0.00581	0.00498	0.00498	0.00498	0.00664	0.00415	0.00373	0.00705	0.01120	0.01328	0.04978	0.04729	0.79464	0.01245	0.00581	0.00166	0.00249	0.01037	0.00456	0.00415
40	0.00928	0.00873	0.01474	0.81548	0.03385	0.01092	0.01365	0.01256	0.00983	0.01256	0.00873	0.01310	0.00655	0.00491	0.00491	0.00164	0.00655	0.00437	0.00218	0.00546
41	0.01112	0.24345	0.40844	0.01369	0.03859	0.01369	0.13292	0.01555	0.03401	0.01464	0.00916	0.01137	0.00721	0.00470	0.00449	0.00145	0.00667	0.01970	0.00230	0.00687
42	0.01230	0.01212	0.02036	0.02905	0.72410	0.03457	0.06456	0.01526	0.01129	0.01592	0.00924	0.01214	0.00772	0.00438	0.00491	0.00147	0.00608	0.00444	0.00244	0.00765
43	0.00928	0.00873	0.01474	0.81548	0.03385	0.01092	0.01365	0.01256	0.00983	0.01256	0.00873	0.01310	0.00655	0.00491	0.00491	0.00164	0.00655	0.00437	0.00218	0.00546
44	0.00928	0.00873	0.01474	0.81548	0.03385	0.01092	0.01365	0.01256	0.00983	0.01256	0.00873	0.01310	0.00655	0.00491	0.00491	0.00164	0.00655	0.00437	0.00218	0.00546
45	0.86201	0.00950	0.00722	0.00646	0.00950	0.01102	0.00532	0.01445	0.00836	0.02205	0.00684	0.00798	0.00532	0.00456	0.00304	0.00152	0.00380	0.00266	0.00304	0.00532
46	0.02205	0.00836	0.01140	0.00874	0.01254	0.00722	0.00722	0.02395	0.01407	0.80004	0.01939	0.01673	0.01216	0.00608	0.00494	0.00152	0.00418	0.00494	0.00608	0.00836
47	0.00581	0.00498	0.00498	0.00498	0.00664	0.00415	0.00373	0.00705	0.01120	0.01328	0.04978	0.04729	0.79464	0.01245	0.00581	0.00166	0.00249	0.01037	0.00456	0.00415
48	0.01836	0.02342	0.01393	0.01266	0.01519	0.80756	0.00950	0.01962	0.01393	0.01203	0.00760	0.00886	0.00633	0.00506	0.00443	0.00127	0.00886	0.00317	0.00253	0.00570
49	0.02123	0.00968	0.01222	0.00937	0.01320	0.00918	0.00774	0.20828	0.01627	0.61260	0.01754	0.01553	0.01124	0.00604	0.00494	0.00151	0.00448	0.00482	0.00580	0.00836
50	0.01207	0.01158	0.01978	0.05530	0.77222	0.01165	0.01504	0.01500	0.01115	0.01594	0.00923	0.01219	0.00774	0.00440	0.00487	0.00147	0.00586	0.00438	0.00242	0.00771
51	0.01160	0.01326	0.02900	0.02071	0.02568	0.01243	0.77879	0.01574	0.01160	0.01574	0.00994	0.01326	0.00746	0.00414	0.00580	0.00166	0.00829	0.00580	0.00249	0.00663
52	0.00598	0.00429	0.00568	0.00680	0.00712	0.00400	0.00454	0.00685	0.00945	0.01256	0.02765	0.80467	0.05156	0.01532	0.00626	0.00199	0.00284	0.01388	0.00456	0.00400
53	0.08596	0.01099	0.05136	0.03618	0.01450	0.01044	0.03055	0.21325	0.07999	0.39228	0.01539	0.01439	0.01029	0.00580	0.00480	0.00153	0.00478	0.00462	0.00503	0.00787
54	0.00709	0.00500	0.00657	0.00657	0.00698	0.00542	0.00448	0.00792	0.00750	0.01042	0.01438	0.02605	0.01521	0.45171	0.39697	0.00625	0.00876	0.00625	0.00281	0.00365
55	0.00599	0.00428	0.00570	0.00684	0.00713	0.00399	0.00456	0.00684	0.00941	0.01254	0.02709	0.82409	0.03250	0.01540	0.00627	0.00200	0.00285	0.01397	0.00456	0.00399
56	0.01056	0.02425	0.72415	0.01397	0.02093	0.01172	0.03640	0.07239	0.01135	0.01671	0.00907	0.01055	0.00641	0.00475	0.00472	0.00155	0.00715	0.00374	0.00230	0.00733
57	0.01208	0.01126	0.01914	0.11960	0.68952	0.01148	0.01472	0.01502	0.01111	0.03537	0.00944	0.01239	0.00775	0.00448	0.00487	0.00148	0.00588	0.00439	0.00250	0.00753
58	0.00702	0.00527	0.00790	0.00790	0.00878	0.00614	0.00614	0.00878	0.00790	0.01141	0.01316	0.01931	0.01229	0.03686	0.80782	0.00790	0.01316	0.00527	0.00263	0.00439
59	0.01007	0.00955	0.01617	0.59906	0.24406	0.01113	0.01404	0.01325	0.01020	0.01352	0.00887	0.01284	0.00689	0.00477	0.00490	0.00159	0.00635	0.00437	0.00225	0.00610
60	0.01061	0.00898	0.01041	0.00748	0.01182	0.00698	0.00600	0.05012	0.01083	0.01675	0.00889	0.01027	0.00733	0.00375	0.00370	0.00076	0.00373	0.00299	0.00301	0.81561
61	0.01202	0.01153	0.01969	0.06876	0.75915	0.01164	0.01501	0.01496	0.01112	0.01588	0.00922	0.01221	0.00772	0.00440	0.00487	0.00147	0.00587	0.00438	0.00242	0.00767
62	0.01884	0.01312	0.01482	0.01131	0.01527	0.01421	0.03414	0.66709	0.02168	0.12024	0.01262	0.01242	0.00877	0.00586	0.00495	0.00149	0.00536	0.00453	0.00497	0.00830
63	0.00937	0.00883	0.01491	0.79033	0.05828	0.01094	0.01369	0.01264	0.00987	0.01267	0.00875	0.01307	0.00659	0.00490	0.00491	0.00163	0.00653	0.00437	0.00219	0.00553
64	0.00599	0.00428	0.00570	0.00684	0.00713	0.00399	0.00456	0.00684	0.00941	0.01254	0.02709	0.82409	0.03250	0.01540	0.00627	0.00200	0.00285	0.01397	0.00456	0.00399

[dist]
# distance from previous block
# <min> <max>
1	3

[block]
# block no. 3 follows, 51 sequences, length 10
# corresponding to MSA columns:
# 349-358
name=unknown_D
#
# <colnr> <probs for GDERKNQSTAVLIFYWHMCP>
#	G	D	E	R	K	N	Q	S	T	A	V	L	I	F	Y	W	H	M	C	P
0	0.18608	0.02065	0.01259	0.01143	0.01406	0.64921	0.00867	0.01859	0.01282	0.01402	0.00745	0.00869	0.00613	0.00496	0.00415	0.00132	0.00786	0.00306	0.00263	0.00562
1	0.59971	0.09973	0.01081	0.00796	0.01052	0.01275	0.00674	0.01395	0.00837	0.01887	0.00676	0.00852	0.00565	0.00533	0.00566	0.00159	0.16589	0.00298	0.00276	0.00544
2	0.01132	0.01169	0.02128	0.02082	0.25907	0.01265	0.28990	0.01411	0.01015	0.01453	0.00889	0.01249	0.00750	0.00699	0.04556	0.00202	0.23722	0.00491	0.00238	0.00653
3	0.18111	0.01124	0.01742	0.02545	0.64015	0.01155	0.01314	0.01496	0.01063	0.01725	0.00877	0.01133	0.00729	0.00442	0.00450	0.00147	0.00543	0.00404	0.00255	0.00729
4	0.01611	0.01762	0.01398	0.01329	0.10017	0.43044	0.00935	0.14308	0.01440	0.01638	0.00870	0.00997	0.00701	0.00484	0.00440	0.00121	0.00692	0.00346	0.00299	0.17567
5	0.01820	0.01448	0.01361	0.01103	0.01451	0.17121	0.00886	0.41803	0.12539	0.13464	0.01317	0.01281	0.00941	0.00586	0.00483	0.00147	0.00571	0.00440	0.00462	0.00775
6	0.01020	0.00559	0.00569	0.00532	0.00677	0.00575	0.00408	0.09555	0.01171	0.01971	0.01557	0.01761	0.01213	0.00574	0.00360	0.00118	0.00263	0.00456	0.76163	0.00499
7	0.00954	0.00574	0.00540	0.00521	0.00658	0.03711	0.00394	0.04150	0.01105	0.01801	0.01923	0.02086	0.09792	0.00644	0.00379	0.00122	0.00270	0.00515	0.69389	0.00473
8	0.00694	0.00539	0.00698	0.00748	0.05837	0.00493	0.00508	0.00892	0.01273	0.01734	0.50152	0.09358	0.23113	0.01066	0.00577	0.00160	0.00263	0.00933	0.00494	0.00467
9	0.01107	0.06537	0.02616	0.01819	0.02275	0.01198	0.64402	0.01472	0.01145	0.01520	0.01410	0.01663	0.09349	0.00505	0.00563	0.00162	0.00745	0.00609	0.00269	0.00634

[dist]
# distance from previous block
# <min> <max>
0	9

# created by:
# /st0/software/busco_prod/Augustus/scripts/msa2prfl.pl ./align_prep/126015.fa
