[name]
unknown

[dist]
# distance from previous block
# <min> <max>
0	148

[block]
# block no. 0 follows, 65 sequences, length 67
# corresponding to MSA columns:
# 148-195,208-226
name=unknown_A
#
# <colnr> <probs for GDERKNQSTAVLIFYWHMCP>
#	G	D	E	R	K	N	Q	S	T	A	V	L	I	F	Y	W	H	M	C	P
0	0.00716	0.03620	0.00756	0.03667	0.00936	0.00578	0.00661	0.00992	0.08289	0.01258	0.01956	0.05145	0.02052	0.01028	0.01778	0.00181	0.00385	0.61567	0.02009	0.02426
1	0.01034	0.00884	0.00964	0.06819	0.02723	0.02707	0.00685	0.06823	0.61905	0.02646	0.01485	0.01474	0.01135	0.04263	0.00486	0.00146	0.00363	0.00445	0.00382	0.02628
2	0.00787	0.00724	0.01176	0.72859	0.03681	0.00890	0.01064	0.01108	0.06622	0.01103	0.02101	0.02744	0.00695	0.00464	0.00439	0.01964	0.00515	0.00393	0.00207	0.00463
3	0.01583	0.00983	0.03083	0.00835	0.01157	0.04807	0.00697	0.35388	0.03129	0.34931	0.01221	0.01147	0.00825	0.00481	0.00400	0.00120	0.00411	0.00374	0.01737	0.06690
4	0.01131	0.01149	0.01477	0.06877	0.47121	0.17043	0.04287	0.07867	0.03852	0.01381	0.03353	0.01050	0.00745	0.00410	0.00406	0.00121	0.00531	0.00366	0.00236	0.00597
5	0.00486	0.00414	0.00418	0.00421	0.00556	0.00346	0.00314	0.00589	0.00931	0.01107	0.04097	0.06600	0.80237	0.01048	0.00486	0.00140	0.00209	0.00876	0.00381	0.00346
6	0.00833	0.05167	0.80491	0.01153	0.01750	0.00978	0.01487	0.01297	0.00865	0.01288	0.00731	0.00859	0.00520	0.00389	0.00385	0.00128	0.00601	0.00300	0.00173	0.00604
7	0.00500	0.00357	0.00476	0.00572	0.00595	0.00333	0.00381	0.00572	0.00786	0.01048	0.02262	0.85306	0.02715	0.01286	0.00524	0.00167	0.00238	0.01167	0.00381	0.00333
8	0.88473	0.00794	0.00603	0.00540	0.00794	0.00921	0.00445	0.01207	0.00699	0.01842	0.00572	0.00667	0.00445	0.00381	0.00254	0.00127	0.00318	0.00222	0.00254	0.00445
9	0.01129	0.73579	0.05744	0.00759	0.01108	0.09877	0.00748	0.01274	0.00869	0.00985	0.00585	0.00676	0.00527	0.00360	0.00280	0.00092	0.00477	0.00228	0.00179	0.00525
10	0.00591	0.00417	0.00533	0.00504	0.00602	0.00386	0.00378	0.00782	0.01133	0.01620	0.74435	0.02986	0.06244	0.00820	0.00470	0.00127	0.00194	0.00721	0.06674	0.00386
11	0.01021	0.00882	0.00928	0.00835	0.01067	0.01021	0.00650	0.02181	0.82272	0.01717	0.01671	0.01532	0.01253	0.00557	0.00418	0.00139	0.00325	0.00464	0.00418	0.00650
12	0.00863	0.00779	0.01015	0.03374	0.01109	0.00710	0.04688	0.01040	0.00816	0.01265	0.00701	0.00880	0.00594	0.00384	0.00503	0.00088	0.15436	0.00280	0.00228	0.65246
13	0.00898	0.00898	0.01257	0.01078	0.01078	0.01257	0.00898	0.00988	0.00629	0.00988	0.00539	0.00898	0.00539	0.00718	0.01347	0.00180	0.84823	0.00359	0.00180	0.00449
14	0.01533	0.01956	0.01163	0.01058	0.01269	0.83926	0.00793	0.01639	0.01163	0.01005	0.00635	0.00740	0.00529	0.00423	0.00370	0.00106	0.00740	0.00264	0.00212	0.00476
15	0.00490	0.00407	0.00428	0.00441	0.00562	0.00346	0.00324	0.00591	0.00918	0.01112	0.05682	0.16119	0.69026	0.01072	0.00491	0.00143	0.00212	0.00909	0.00383	0.00346
16	0.01015	0.00978	0.01682	0.02503	0.81276	0.00977	0.02984	0.01261	0.00935	0.01340	0.00773	0.01018	0.00650	0.00365	0.00408	0.00122	0.00492	0.00368	0.00203	0.00648
17	0.00948	0.01073	0.02334	0.01678	0.02075	0.01006	0.77861	0.01281	0.00961	0.01303	0.00895	0.04907	0.00717	0.00388	0.00486	0.00140	0.00672	0.00515	0.00215	0.00544
18	0.00500	0.00357	0.00476	0.00572	0.00595	0.00333	0.00381	0.00572	0.00786	0.01048	0.02262	0.85306	0.02715	0.01286	0.00524	0.00167	0.00238	0.01167	0.00381	0.00333
19	0.01010	0.00969	0.01655	0.04584	0.80996	0.00974	0.01257	0.01254	0.00932	0.01334	0.00771	0.01018	0.00648	0.00367	0.00406	0.00122	0.00489	0.00366	0.00203	0.00645
20	0.00844	0.00782	0.01305	0.20599	0.42152	0.00819	0.03298	0.01080	0.02746	0.01217	0.01120	0.20000	0.01104	0.00587	0.00436	0.00136	0.00447	0.00551	0.00244	0.00532
21	0.00498	0.00365	0.00469	0.00552	0.00590	0.00335	0.00372	0.00574	0.00805	0.01055	0.02499	0.75164	0.12705	0.01255	0.00519	0.00163	0.00234	0.01129	0.00381	0.00335
22	0.01533	0.01956	0.01163	0.01058	0.01269	0.83926	0.00793	0.01639	0.01163	0.01005	0.00635	0.00740	0.00529	0.00423	0.00370	0.00106	0.00740	0.00264	0.00212	0.00476
23	0.01107	0.00994	0.01422	0.01118	0.01420	0.01066	0.24391	0.17926	0.40551	0.01765	0.01296	0.01361	0.00979	0.00494	0.00439	0.00137	0.00459	0.02096	0.00354	0.00626
24	0.00581	0.00420	0.00549	0.00516	0.00613	0.00387	0.00387	0.00775	0.01162	0.01646	0.82797	0.03066	0.03873	0.00839	0.00484	0.00129	0.00194	0.00742	0.00452	0.00387
25	0.00581	0.00420	0.00549	0.00516	0.00613	0.00387	0.00387	0.00775	0.01162	0.01646	0.82797	0.03066	0.03873	0.00839	0.00484	0.00129	0.00194	0.00742	0.00452	0.00387
26	0.00592	0.00396	0.00449	0.00454	0.00456	0.00395	0.00256	0.00596	0.00607	0.00809	0.01345	0.07102	0.01558	0.81069	0.02006	0.00386	0.00389	0.00627	0.00256	0.00253
27	0.00851	0.00730	0.00851	0.00608	0.00973	0.00547	0.00486	0.01034	0.00851	0.01338	0.00730	0.00851	0.00608	0.00304	0.00304	0.00061	0.00304	0.00243	0.00243	0.88083
28	0.00577	0.00419	0.00543	0.00512	0.00611	0.00385	0.00384	0.00766	0.01152	0.01622	0.79248	0.03106	0.07437	0.00848	0.00484	0.00130	0.00194	0.00748	0.00449	0.00385
29	0.01427	0.01061	0.01143	0.00900	0.01197	0.01172	0.00735	0.68939	0.07002	0.02387	0.01179	0.05611	0.02913	0.00592	0.01672	0.00135	0.00436	0.00432	0.00406	0.00662
30	0.00586	0.00440	0.00660	0.00660	0.00733	0.00513	0.00513	0.00733	0.00660	0.00953	0.01100	0.01613	0.01026	0.03079	0.83947	0.00660	0.01100	0.00440	0.00220	0.00367
31	0.01533	0.01956	0.01163	0.01058	0.01269	0.83926	0.00793	0.01639	0.01163	0.01005	0.00635	0.00740	0.00529	0.00423	0.00370	0.00106	0.00740	0.00264	0.00212	0.00476
32	0.00989	0.52693	0.34329	0.00887	0.01340	0.01359	0.01025	0.01257	0.00847	0.01098	0.00636	0.00741	0.00524	0.00367	0.00313	0.00104	0.00505	0.00253	0.00175	0.00558
33	0.00994	0.00953	0.01626	0.10069	0.75637	0.00969	0.01249	0.01240	0.00924	0.01314	0.00768	0.01023	0.00641	0.00370	0.00407	0.00123	0.00493	0.00366	0.00201	0.00632
34	0.00597	0.00398	0.00448	0.00448	0.00448	0.00398	0.00249	0.00597	0.00597	0.00796	0.01293	0.02686	0.01492	0.85574	0.02089	0.00398	0.00398	0.00597	0.00249	0.00249
35	0.00586	0.00440	0.00660	0.00660	0.00733	0.00513	0.00513	0.00733	0.00660	0.00953	0.01100	0.01613	0.01026	0.03079	0.83947	0.00660	0.01100	0.00440	0.00220	0.00367
36	0.00863	0.00792	0.01279	0.03931	0.53733	0.00789	0.00970	0.01100	0.03480	0.01325	0.09891	0.11962	0.06962	0.00584	0.00435	0.00130	0.00402	0.00543	0.00270	0.00557
37	0.01097	0.85821	0.02151	0.00702	0.01054	0.01624	0.00702	0.01229	0.00834	0.00966	0.00571	0.00658	0.00527	0.00351	0.00263	0.00088	0.00439	0.00219	0.00176	0.00527
38	0.00638	0.00432	0.00567	0.00526	0.00633	0.00397	0.00397	0.00830	0.01163	0.05331	0.79134	0.02991	0.03744	0.00824	0.00481	0.00129	0.00201	0.00727	0.00454	0.00401
39	0.00500	0.00357	0.00476	0.00572	0.00595	0.00333	0.00381	0.00572	0.00786	0.01048	0.02262	0.85306	0.02715	0.01286	0.00524	0.00167	0.00238	0.01167	0.00381	0.00333
40	0.00818	0.03664	0.78141	0.01138	0.01716	0.00946	0.01456	0.01273	0.00857	0.01278	0.00750	0.00896	0.00543	0.00511	0.04158	0.00153	0.00626	0.00308	0.00175	0.00594
41	0.01709	0.00733	0.00956	0.00740	0.01042	0.00670	0.00609	0.11834	0.01268	0.66914	0.07825	0.01475	0.01198	0.00532	0.00418	0.00127	0.00350	0.00433	0.00492	0.00674
42	0.88473	0.00794	0.00603	0.00540	0.00794	0.00921	0.00445	0.01207	0.00699	0.01842	0.00572	0.00667	0.00445	0.00381	0.00254	0.00127	0.00318	0.00222	0.00254	0.00445
43	0.00823	0.02123	0.83447	0.01170	0.01777	0.00953	0.01517	0.01300	0.00867	0.01300	0.00737	0.00867	0.00520	0.00390	0.00390	0.00130	0.00607	0.00303	0.00173	0.00607
44	0.00503	0.00360	0.00480	0.00575	0.00601	0.00336	0.00387	0.00577	0.00789	0.01052	0.02261	0.83675	0.02708	0.01283	0.00525	0.00167	0.00241	0.02766	0.00381	0.00334
45	0.01742	0.00673	0.00912	0.00707	0.01005	0.00585	0.00581	0.01903	0.01162	0.76341	0.05271	0.01478	0.01146	0.00522	0.00411	0.00126	0.00336	0.00426	0.04000	0.00672
46	0.01016	0.00975	0.01666	0.02520	0.83013	0.00975	0.01260	0.01260	0.00935	0.01341	0.00772	0.01016	0.00650	0.00366	0.00406	0.00122	0.00488	0.00366	0.00203	0.00650
47	0.00500	0.00358	0.00475	0.00568	0.00595	0.00334	0.00380	0.00572	0.00789	0.01049	0.02301	0.83665	0.04331	0.01281	0.00523	0.00166	0.00238	0.01161	0.00381	0.00334
48	0.01805	0.00690	0.00941	0.00724	0.01035	0.00597	0.00597	0.01964	0.01175	0.80898	0.04005	0.01446	0.01100	0.00518	0.00415	0.00127	0.00345	0.00422	0.00506	0.00689
49	0.00587	0.00438	0.00651	0.00651	0.00722	0.00508	0.00503	0.00728	0.00657	0.00947	0.01107	0.01656	0.01045	0.06379	0.80672	0.00649	0.01071	0.00446	0.00221	0.00362
50	0.00586	0.00440	0.00660	0.00660	0.00733	0.00513	0.00513	0.00733	0.00660	0.00953	0.01100	0.01613	0.01026	0.03079	0.83947	0.00660	0.01100	0.00440	0.00220	0.00367
51	0.01533	0.01956	0.01163	0.01058	0.01269	0.83926	0.00793	0.01639	0.01163	0.01005	0.00635	0.00740	0.00529	0.00423	0.00370	0.00106	0.00740	0.00264	0.00212	0.00476
52	0.01097	0.85821	0.02151	0.00702	0.01054	0.01624	0.00702	0.01229	0.00834	0.00966	0.00571	0.00658	0.00527	0.00351	0.00263	0.00088	0.00439	0.00219	0.00176	0.00527
53	0.00492	0.00416	0.00426	0.00423	0.00559	0.00350	0.00317	0.00603	0.00952	0.01148	0.09948	0.03885	0.77033	0.01025	0.00485	0.00138	0.00207	0.00857	0.00386	0.00350
54	0.00581	0.00420	0.00549	0.00516	0.00613	0.00387	0.00387	0.00775	0.01162	0.01646	0.82797	0.03066	0.03873	0.00839	0.00484	0.00129	0.00194	0.00742	0.00452	0.00387
55	0.00576	0.00419	0.00542	0.00512	0.00610	0.00385	0.00384	0.00766	0.01151	0.01620	0.78979	0.03109	0.07708	0.00849	0.00484	0.00130	0.00194	0.00748	0.00448	0.00385
56	0.88473	0.00794	0.00603	0.00540	0.00794	0.00921	0.00445	0.01207	0.00699	0.01842	0.00572	0.00667	0.00445	0.00381	0.00254	0.00127	0.00318	0.00222	0.00254	0.00445
57	0.01842	0.00699	0.00953	0.00730	0.01048	0.00603	0.00603	0.02000	0.01175	0.83298	0.01619	0.01397	0.01016	0.00508	0.00413	0.00127	0.00349	0.00413	0.00508	0.00699
58	0.00581	0.00420	0.00549	0.00516	0.00613	0.00387	0.00387	0.00775	0.01162	0.01646	0.82797	0.03066	0.03873	0.00839	0.00484	0.00129	0.00194	0.00742	0.00452	0.00387
59	0.00765	0.00383	0.00383	0.00383	0.00478	0.00383	0.00287	0.00956	0.00861	0.01530	0.01339	0.01530	0.01052	0.00478	0.00287	0.00096	0.00191	0.00383	0.87853	0.00383
60	0.00808	0.00424	0.00428	0.00413	0.00521	0.00430	0.00313	0.05269	0.00918	0.01587	0.01320	0.01501	0.01033	0.00479	0.00294	0.00097	0.00205	0.00382	0.83179	0.00399
61	0.00775	0.00730	0.01231	0.84587	0.02827	0.00912	0.01140	0.01049	0.00821	0.01049	0.00730	0.01094	0.00547	0.00410	0.00410	0.00137	0.00547	0.00365	0.00182	0.00456
62	0.00515	0.00417	0.00457	0.00447	0.00573	0.00359	0.00335	0.00646	0.01005	0.01275	0.28412	0.03678	0.58490	0.00978	0.00485	0.00136	0.00204	0.00828	0.00403	0.00359
63	0.01089	0.83204	0.04693	0.00717	0.01076	0.01603	0.00728	0.01231	0.00835	0.00976	0.00576	0.00665	0.00527	0.00352	0.00267	0.00089	0.00444	0.00222	0.00176	0.00529
64	0.01042	0.00936	0.00981	0.00860	0.01101	0.05486	0.03279	0.04517	0.67606	0.01662	0.01614	0.01512	0.03706	0.00548	0.00416	0.00134	0.00359	0.00457	0.00393	0.03392
65	0.01402	0.01106	0.03798	0.00901	0.01203	0.04724	0.00749	0.55775	0.12210	0.05962	0.01231	0.04527	0.03416	0.00544	0.00416	0.00127	0.00432	0.00425	0.00398	0.00654
66	0.02093	0.06348	0.63045	0.01071	0.01593	0.06156	0.01298	0.01360	0.00918	0.08396	0.03468	0.00963	0.00672	0.00415	0.00385	0.00126	0.00567	0.00319	0.00215	0.00593

[dist]
# distance from previous block
# <min> <max>
0	1

[block]
# block no. 1 follows, 65 sequences, length 6
# corresponding to MSA columns:
# 228-233
name=unknown_B
#
# <colnr> <probs for GDERKNQSTAVLIFYWHMCP>
#	G	D	E	R	K	N	Q	S	T	A	V	L	I	F	Y	W	H	M	C	P
0	0.07948	0.01026	0.01291	0.01140	0.09941	0.03454	0.10628	0.41452	0.03779	0.06045	0.01064	0.05333	0.00857	0.00518	0.00418	0.00130	0.00461	0.03548	0.00348	0.00618
1	0.00808	0.00763	0.01291	0.73298	0.13858	0.00921	0.01156	0.01078	0.00836	0.01089	0.00735	0.01084	0.00561	0.00404	0.00410	0.00135	0.00539	0.00365	0.00185	0.00483
2	0.00815	0.00771	0.01304	0.70913	0.16188	0.00923	0.01160	0.01084	0.00840	0.01097	0.00737	0.01081	0.00564	0.00403	0.00410	0.00134	0.00537	0.00365	0.00186	0.00488
3	0.00500	0.00357	0.00476	0.00572	0.00595	0.00333	0.00381	0.00572	0.00786	0.01048	0.02262	0.85306	0.02715	0.01286	0.00524	0.00167	0.00238	0.01167	0.00381	0.00333
4	0.00586	0.00440	0.00660	0.00660	0.00733	0.00513	0.00513	0.00733	0.00660	0.00953	0.01100	0.01613	0.01026	0.03079	0.83947	0.00660	0.01100	0.00440	0.00220	0.00367
5	0.00485	0.00416	0.00416	0.00416	0.00554	0.00347	0.00312	0.00589	0.00936	0.01109	0.04158	0.03950	0.82847	0.01040	0.00485	0.00139	0.00208	0.00866	0.00381	0.00347

[dist]
# distance from previous block
# <min> <max>
0	1

[block]
# block no. 2 follows, 65 sequences, length 85
# corresponding to MSA columns:
# 235-271,283-295,302-336
name=unknown_C
#
# <colnr> <probs for GDERKNQSTAVLIFYWHMCP>
#	G	D	E	R	K	N	Q	S	T	A	V	L	I	F	Y	W	H	M	C	P
0	0.00661	0.00472	0.00661	0.00756	0.00850	0.00472	0.00661	0.00850	0.00945	0.01228	0.02173	0.04630	0.02362	0.01134	0.00567	0.00189	0.00378	0.80250	0.00378	0.00378
1	0.01021	0.00882	0.00928	0.00835	0.01067	0.01021	0.00650	0.02181	0.82272	0.01717	0.01671	0.01532	0.01253	0.00557	0.00418	0.00139	0.00325	0.00464	0.00418	0.00650
2	0.00500	0.00357	0.00476	0.00572	0.00595	0.00333	0.00381	0.00572	0.00786	0.01048	0.02262	0.85306	0.02715	0.01286	0.00524	0.00167	0.00238	0.01167	0.00381	0.00333
3	0.88473	0.00794	0.00603	0.00540	0.00794	0.00921	0.00445	0.01207	0.00699	0.01842	0.00572	0.00667	0.00445	0.00381	0.00254	0.00127	0.00318	0.00222	0.00254	0.00445
4	0.00765	0.00383	0.00383	0.00383	0.00478	0.00383	0.00287	0.00956	0.00861	0.01530	0.01339	0.01530	0.01052	0.00478	0.00287	0.00096	0.00191	0.00383	0.87853	0.00383
5	0.00500	0.00357	0.00476	0.00572	0.00595	0.00333	0.00381	0.00572	0.00786	0.01048	0.02262	0.85306	0.02715	0.01286	0.00524	0.00167	0.00238	0.01167	0.00381	0.00333
6	0.00884	0.00656	0.00828	0.00744	0.00893	0.00740	0.00589	0.25812	0.01060	0.01464	0.01123	0.05642	0.01010	0.02186	0.53836	0.00468	0.00855	0.00455	0.00287	0.00468
7	0.00899	0.00755	0.00914	0.00661	0.01015	0.00600	0.02523	0.03410	0.00887	0.03238	0.00755	0.00875	0.00619	0.00326	0.00341	0.00069	0.02502	0.00260	0.00252	0.79099
8	0.00586	0.00440	0.00660	0.00660	0.00733	0.00513	0.00513	0.00733	0.00660	0.00953	0.01100	0.01613	0.01026	0.03079	0.83947	0.00660	0.01100	0.00440	0.00220	0.00367
9	0.00775	0.00730	0.01231	0.84587	0.02827	0.00912	0.01140	0.01049	0.00821	0.01049	0.00730	0.01094	0.00547	0.00410	0.00410	0.00137	0.00547	0.00365	0.00182	0.00456
10	0.00775	0.00730	0.01231	0.84587	0.02827	0.00912	0.01140	0.01049	0.00821	0.01049	0.00730	0.01094	0.00547	0.00410	0.00410	0.00137	0.00547	0.00365	0.00182	0.00456
11	0.00500	0.00357	0.00476	0.00572	0.00595	0.00333	0.00381	0.00572	0.00786	0.01048	0.02262	0.85306	0.02715	0.01286	0.00524	0.00167	0.00238	0.01167	0.00381	0.00333
12	0.88473	0.00794	0.00603	0.00540	0.00794	0.00921	0.00445	0.01207	0.00699	0.01842	0.00572	0.00667	0.00445	0.00381	0.00254	0.00127	0.00318	0.00222	0.00254	0.00445
13	0.00496	0.00418	0.00430	0.00431	0.00566	0.00352	0.00325	0.00607	0.00950	0.01146	0.09082	0.03912	0.75818	0.01029	0.00487	0.00139	0.00211	0.02865	0.00386	0.00350
14	0.88473	0.00794	0.00603	0.00540	0.00794	0.00921	0.00445	0.01207	0.00699	0.01842	0.00572	0.00667	0.00445	0.00381	0.00254	0.00127	0.00318	0.00222	0.00254	0.00445
15	0.01176	0.00959	0.01016	0.00867	0.01127	0.01094	0.00687	0.25058	0.59143	0.01968	0.01473	0.01374	0.01093	0.00538	0.00416	0.00135	0.00361	0.00437	0.00416	0.00664
16	0.00615	0.00472	0.00637	0.00711	0.07158	0.00450	0.00483	0.00816	0.03900	0.01432	0.44875	0.19198	0.08823	0.00920	0.00491	0.00142	0.00248	0.07821	0.00405	0.00403
17	0.00661	0.00472	0.00661	0.00756	0.00850	0.00472	0.00661	0.00850	0.00945	0.01228	0.02173	0.04630	0.02362	0.01134	0.00567	0.00189	0.00378	0.80250	0.00378	0.00378
18	0.00578	0.00411	0.00524	0.00508	0.00580	0.00385	0.00360	0.00725	0.01025	0.01437	0.60925	0.09499	0.03329	0.16990	0.00793	0.00183	0.00236	0.00748	0.00408	0.00357
19	0.00969	0.01500	0.29269	0.01434	0.08738	0.12226	0.30958	0.01300	0.00953	0.01263	0.02576	0.05259	0.00752	0.00431	0.00432	0.00131	0.00619	0.00423	0.00210	0.00555
20	0.00898	0.00898	0.01257	0.01078	0.01078	0.01257	0.00898	0.00988	0.00629	0.00988	0.00539	0.00898	0.00539	0.00718	0.01347	0.00180	0.84823	0.00359	0.00180	0.00449
21	0.00554	0.00419	0.00512	0.00488	0.00597	0.00376	0.00366	0.00723	0.01099	0.01496	0.60797	0.03314	0.25967	0.00895	0.00484	0.00132	0.00198	0.00777	0.00432	0.00376
22	0.00517	0.00379	0.00508	0.00593	0.00617	0.00370	0.00405	0.00592	0.00783	0.01049	0.02198	0.80795	0.02629	0.01263	0.00555	0.00168	0.03318	0.02549	0.00374	0.00338
23	0.01415	0.05069	0.01291	0.03002	0.14919	0.61254	0.00874	0.05281	0.01141	0.01134	0.00673	0.00802	0.00557	0.00414	0.00375	0.00109	0.00669	0.00286	0.00217	0.00517
24	0.00597	0.00453	0.00664	0.00660	0.00724	0.00529	0.00507	0.00729	0.00659	0.00948	0.01131	0.04697	0.01097	0.08114	0.72421	0.00606	0.04405	0.00473	0.00226	0.00361
25	0.00657	0.00437	0.00571	0.00528	0.00639	0.00400	0.00399	0.00847	0.01159	0.06641	0.76546	0.02978	0.04980	0.00822	0.00480	0.00129	0.00203	0.00724	0.00454	0.00406
26	0.00958	0.03987	0.52053	0.01311	0.11881	0.11544	0.03937	0.02269	0.02240	0.01267	0.00748	0.00900	0.00566	0.00456	0.02143	0.00137	0.02509	0.00317	0.00191	0.00585
27	0.01092	0.01140	0.04327	0.03890	0.45050	0.10459	0.18022	0.05335	0.01022	0.03183	0.02057	0.01039	0.00684	0.00387	0.00420	0.00124	0.00555	0.00384	0.00225	0.00604
28	0.01096	0.83881	0.02140	0.00744	0.02927	0.01609	0.00715	0.01230	0.00836	0.00974	0.00575	0.00667	0.00530	0.00352	0.00267	0.00089	0.00440	0.00223	0.00176	0.00530
29	0.82526	0.00823	0.02681	0.00564	0.00829	0.00908	0.00478	0.01243	0.00723	0.05369	0.00621	0.00704	0.00471	0.00387	0.00264	0.00127	0.00326	0.00233	0.00263	0.00460
30	0.01498	0.03102	0.01174	0.01047	0.01256	0.78557	0.00791	0.01630	0.03162	0.01021	0.00657	0.00763	0.00547	0.00433	0.00395	0.00108	0.02892	0.00271	0.00215	0.00480
31	0.00596	0.00401	0.00463	0.00463	0.00469	0.00406	0.00268	0.00607	0.00602	0.00808	0.01279	0.02607	0.01458	0.79471	0.08145	0.00417	0.00450	0.00585	0.00247	0.00257
32	0.01130	0.79678	0.02082	0.00724	0.01069	0.04616	0.00709	0.04170	0.00886	0.01026	0.00588	0.00673	0.00533	0.00359	0.00273	0.00090	0.00450	0.00227	0.00185	0.00531
33	0.01549	0.01252	0.01218	0.00958	0.01269	0.12094	0.00780	0.70009	0.03000	0.02367	0.00950	0.00961	0.00684	0.00485	0.00405	0.00121	0.00488	0.00357	0.00385	0.00668
34	0.00495	0.00416	0.00430	0.00426	0.00561	0.00351	0.00320	0.00608	0.00959	0.01165	0.12349	0.03858	0.74621	0.01019	0.00485	0.00138	0.00206	0.00853	0.00389	0.00351
35	0.00595	0.00406	0.00487	0.00487	0.00501	0.00420	0.00298	0.00622	0.00609	0.00825	0.01257	0.02485	0.01405	0.70131	0.17413	0.00447	0.00529	0.00568	0.00243	0.00271
36	0.00500	0.00357	0.00476	0.00572	0.00595	0.00333	0.00381	0.00572	0.00786	0.01048	0.02262	0.85306	0.02715	0.01286	0.00524	0.00167	0.00238	0.01167	0.00381	0.00333
37	0.00898	0.00898	0.01257	0.01078	0.01078	0.01257	0.00898	0.00988	0.00629	0.00988	0.00539	0.00898	0.00539	0.00718	0.01347	0.00180	0.84823	0.00359	0.00180	0.00449
38	0.00581	0.00420	0.00549	0.00516	0.00613	0.00387	0.00387	0.00775	0.01162	0.01646	0.82797	0.03066	0.03873	0.00839	0.00484	0.00129	0.00194	0.00742	0.00452	0.00387
39	0.00971	0.01102	0.02394	0.01760	0.05200	0.01036	0.78491	0.01313	0.00968	0.01316	0.00828	0.01104	0.00624	0.00347	0.00481	0.00138	0.00684	0.00480	0.00207	0.00557
40	0.00551	0.00414	0.00510	0.00495	0.00597	0.00373	0.00368	0.00712	0.01076	0.01465	0.56861	0.09607	0.23617	0.00924	0.00487	0.00134	0.00201	0.00806	0.00429	0.00373
41	0.01493	0.04943	0.01183	0.01002	0.01233	0.65123	0.00769	0.13848	0.01257	0.01265	0.00711	0.00803	0.00574	0.00433	0.00369	0.00107	0.00665	0.00283	0.03429	0.00508
42	0.01533	0.01956	0.01163	0.01058	0.01269	0.83926	0.00793	0.01639	0.01163	0.01005	0.00635	0.00740	0.00529	0.00423	0.00370	0.00106	0.00740	0.00264	0.00212	0.00476
43	0.00908	0.15735	0.57028	0.01092	0.02700	0.04297	0.03848	0.01336	0.05347	0.01254	0.00825	0.00933	0.02139	0.00405	0.00375	0.00123	0.00562	0.00314	0.00194	0.00585
44	0.71531	0.04154	0.00709	0.00575	0.00829	0.00942	0.00476	0.08105	0.00832	0.01854	0.03626	0.00809	0.00614	0.00409	0.00277	0.00124	0.00325	0.00259	0.03083	0.00466
45	0.01842	0.00699	0.00953	0.00730	0.01048	0.00603	0.00603	0.02000	0.01175	0.83298	0.01619	0.01397	0.01016	0.00508	0.00413	0.00127	0.00349	0.00413	0.00508	0.00699
46	0.00486	0.00411	0.00421	0.00429	0.00558	0.00345	0.00318	0.00588	0.00923	0.01104	0.03994	0.11016	0.75887	0.01061	0.00489	0.00141	0.00211	0.00892	0.00381	0.00345
47	0.01075	0.51637	0.23960	0.00942	0.06268	0.01327	0.00949	0.01308	0.00875	0.07279	0.00707	0.00792	0.00569	0.00374	0.00318	0.00104	0.00480	0.00266	0.00202	0.00569
48	0.00621	0.00417	0.00468	0.00460	0.00469	0.00420	0.00262	0.02645	0.00631	0.00841	0.01286	0.02643	0.01472	0.83424	0.02047	0.00391	0.00399	0.00591	0.00253	0.00260
49	0.00586	0.00440	0.00660	0.00660	0.00733	0.00513	0.00513	0.00733	0.00660	0.00953	0.01100	0.01613	0.01026	0.03079	0.83947	0.00660	0.01100	0.00440	0.00220	0.00367
50	0.01013	0.00984	0.01718	0.02465	0.77475	0.00980	0.06756	0.01264	0.00937	0.01339	0.00776	0.01022	0.00648	0.00364	0.00412	0.00123	0.00502	0.00374	0.00203	0.00644
51	0.01015	0.00978	0.01682	0.02503	0.81274	0.00977	0.02986	0.01261	0.00935	0.01340	0.00773	0.01018	0.00650	0.00365	0.00408	0.00122	0.00492	0.00368	0.00203	0.00648
52	0.00597	0.00398	0.00448	0.00448	0.00448	0.00398	0.00249	0.00597	0.00597	0.00796	0.01293	0.02686	0.01492	0.85574	0.02089	0.00398	0.00398	0.00597	0.00249	0.00249
53	0.88473	0.00794	0.00603	0.00540	0.00794	0.00921	0.00445	0.01207	0.00699	0.01842	0.00572	0.00667	0.00445	0.00381	0.00254	0.00127	0.00318	0.00222	0.00254	0.00445
54	0.00597	0.00398	0.00448	0.00448	0.00448	0.00398	0.00249	0.00597	0.00597	0.00796	0.01293	0.02686	0.01492	0.85574	0.02089	0.00398	0.00398	0.00597	0.00249	0.00249
55	0.00826	0.02105	0.82160	0.01191	0.03055	0.00954	0.01513	0.01299	0.00868	0.01301	0.00737	0.00869	0.00522	0.00390	0.00390	0.00130	0.00605	0.00304	0.00174	0.00607
56	0.00498	0.00418	0.00433	0.00433	0.00567	0.00353	0.00327	0.00611	0.00955	0.01157	0.10749	0.03893	0.74144	0.01025	0.00487	0.00139	0.00211	0.02862	0.00387	0.00351
57	0.00604	0.00455	0.00601	0.00558	0.00648	0.00452	0.00425	0.00790	0.01122	0.01597	0.76711	0.02906	0.03626	0.00830	0.00548	0.00133	0.06455	0.00714	0.00432	0.00392
58	0.00877	0.10767	0.72963	0.01111	0.01683	0.01014	0.01409	0.01310	0.00871	0.03306	0.00741	0.00858	0.00533	0.00389	0.00377	0.00126	0.00583	0.00297	0.00182	0.00601
59	0.00999	0.00859	0.00909	0.00824	0.01047	0.00992	0.00638	0.02113	0.78794	0.01689	0.01696	0.05107	0.01315	0.00588	0.00422	0.00140	0.00321	0.00494	0.00416	0.00636
60	0.00998	0.00959	0.01623	0.06648	0.74774	0.00986	0.01235	0.01235	0.00913	0.01308	0.00758	0.01014	0.00639	0.00386	0.00454	0.00126	0.04747	0.00365	0.00201	0.00630
61	0.00901	0.04378	0.48727	0.01565	0.21295	0.00993	0.13767	0.01290	0.00898	0.01301	0.00754	0.00933	0.00567	0.00376	0.00404	0.00128	0.00586	0.00344	0.00186	0.00606
62	0.00932	0.00939	0.01347	0.06396	0.01302	0.04695	0.10114	0.03975	0.00751	0.01084	0.00639	0.00986	0.00588	0.01815	0.04824	0.00191	0.58383	0.00377	0.00195	0.00465
63	0.00586	0.00440	0.00660	0.00660	0.00733	0.00513	0.00513	0.00733	0.00660	0.00953	0.01100	0.01613	0.01026	0.03079	0.83947	0.00660	0.01100	0.00440	0.00220	0.00367
64	0.00586	0.00440	0.00660	0.00660	0.00733	0.00513	0.00513	0.00733	0.00660	0.00953	0.01100	0.01613	0.01026	0.03079	0.83947	0.00660	0.01100	0.00440	0.00220	0.00367
65	0.01006	0.00966	0.01649	0.05781	0.79827	0.00973	0.01255	0.01251	0.00930	0.01329	0.00770	0.01019	0.00646	0.00368	0.00407	0.00123	0.00490	0.00366	0.00202	0.00642
66	0.00775	0.00712	0.01188	0.80338	0.02709	0.00885	0.01097	0.01044	0.00823	0.01073	0.00760	0.01116	0.00573	0.00414	0.00404	0.00135	0.00529	0.00366	0.04607	0.00452
67	0.00485	0.00416	0.00416	0.00416	0.00554	0.00347	0.00312	0.00589	0.00936	0.01109	0.04158	0.03950	0.82847	0.01040	0.00485	0.00139	0.00208	0.00866	0.00381	0.00347
68	0.00823	0.02123	0.83447	0.01170	0.01777	0.00953	0.01517	0.01300	0.00867	0.01300	0.00737	0.00867	0.00520	0.00390	0.00390	0.00130	0.00607	0.00303	0.00173	0.00607
69	0.00887	0.00751	0.00870	0.00625	0.00988	0.00584	0.00501	0.05102	0.00906	0.01401	0.00743	0.00858	0.00613	0.00314	0.00309	0.00064	0.00311	0.00250	0.00252	0.83673
70	0.01800	0.00708	0.00951	0.00736	0.01049	0.00624	0.00606	0.02010	0.05268	0.79180	0.01622	0.01404	0.01028	0.00511	0.00413	0.00128	0.00348	0.00415	0.00503	0.00696
71	0.03902	0.83092	0.02101	0.00697	0.01045	0.01602	0.00694	0.01228	0.00830	0.00994	0.00571	0.00659	0.00524	0.00352	0.00263	0.00089	0.00435	0.00220	0.00178	0.00524
72	0.01842	0.00699	0.00953	0.00730	0.01048	0.00603	0.00603	0.02000	0.01175	0.83298	0.01619	0.01397	0.01016	0.00508	0.00413	0.00127	0.00349	0.00413	0.00508	0.00699
73	0.00819	0.00779	0.01094	0.00961	0.00976	0.01062	0.00787	0.00916	0.00633	0.00971	0.00691	0.01134	0.00686	0.05483	0.18246	0.00289	0.63472	0.00388	0.00191	0.00422
74	0.00583	0.00421	0.00552	0.00523	0.00619	0.00390	0.00394	0.00777	0.01156	0.01635	0.80719	0.03107	0.03834	0.00847	0.00486	0.00131	0.00198	0.02791	0.00450	0.00387
75	0.00500	0.00357	0.00476	0.00572	0.00595	0.00333	0.00381	0.00572	0.00786	0.01048	0.02262	0.85306	0.02715	0.01286	0.00524	0.00167	0.00238	0.01167	0.00381	0.00333
76	0.00943	0.01291	0.17050	0.01629	0.02079	0.01023	0.67078	0.01312	0.00950	0.01312	0.00814	0.01064	0.00604	0.00354	0.00467	0.00137	0.00677	0.00452	0.00201	0.00563
77	0.01016	0.00975	0.01666	0.02520	0.83013	0.00975	0.01260	0.01260	0.00935	0.01341	0.00772	0.01016	0.00650	0.00366	0.00406	0.00122	0.00488	0.00366	0.00203	0.00650
78	0.01118	0.01037	0.00988	0.05998	0.01209	0.13819	0.00702	0.03124	0.61097	0.04128	0.01442	0.01371	0.01083	0.00525	0.00410	0.00133	0.00405	0.00424	0.00374	0.00613
79	0.00504	0.00371	0.00472	0.00542	0.00590	0.00340	0.00370	0.00590	0.00838	0.01103	0.08635	0.66069	0.15646	0.01213	0.00515	0.00159	0.00230	0.01087	0.00386	0.00340
80	0.02306	0.00771	0.01248	0.67050	0.07054	0.00937	0.03084	0.01168	0.08011	0.01143	0.00810	0.01117	0.00615	0.00426	0.00433	0.00137	0.02622	0.00374	0.00206	0.00486
81	0.00943	0.06365	0.03966	0.07718	0.11844	0.08663	0.06053	0.03002	0.02781	0.01276	0.01935	0.07423	0.00815	0.00433	0.00368	0.00100	0.00430	0.00373	0.00242	0.35268
82	0.06087	0.00987	0.05419	0.10420	0.21453	0.04709	0.07107	0.04941	0.11459	0.03957	0.00947	0.01088	0.02088	0.00422	0.00421	0.00120	0.03351	0.00362	0.00258	0.14405
83	0.06866	0.01818	0.02908	0.01787	0.05259	0.07519	0.08145	0.17047	0.09073	0.11201	0.05649	0.06560	0.08877	0.00584	0.00418	0.00129	0.00413	0.01523	0.01500	0.02725
84	0.01124	0.03183	0.03761	0.03154	0.04585	0.15384	0.05582	0.11051	0.14817	0.05702	0.04012	0.04944	0.00950	0.00507	0.01309	0.00119	0.00456	0.00395	0.00305	0.18658

[dist]
# distance from previous block
# <min> <max>
0	53

# created by:
# /st0/software/busco_prod/Augustus/scripts/msa2prfl.pl ./align_prep/126036.fa
