[name]
unknown

[dist]
# distance from previous block
# <min> <max>
0	292

[block]
# block no. 0 follows, 61 sequences, length 132
# corresponding to MSA columns:
# 312-343,348-351,369-429,433-467
name=unknown_A
#
# <colnr> <probs for GDERKNQSTAVLIFYWHMCP>
#	G	D	E	R	K	N	Q	S	T	A	V	L	I	F	Y	W	H	M	C	P
0	0.00691	0.00495	0.00690	0.00787	0.00887	0.00494	0.00688	0.00888	0.00991	0.01287	0.02317	0.04847	0.03857	0.01188	0.00593	0.00197	0.00394	0.77917	0.00397	0.00396
1	0.00624	0.00419	0.00473	0.00473	0.00477	0.00419	0.00267	0.00629	0.00634	0.00844	0.01406	0.02822	0.02951	0.81995	0.03567	0.00418	0.00427	0.00628	0.00263	0.00265
2	0.00617	0.00460	0.00573	0.00578	0.03056	0.00414	0.00413	0.00787	0.01123	0.03275	0.50414	0.06234	0.28581	0.00941	0.00506	0.00140	0.00222	0.00816	0.00442	0.00406
3	0.00538	0.00393	0.00517	0.00595	0.00633	0.00372	0.00406	0.00626	0.00863	0.01153	0.08924	0.72089	0.07263	0.01287	0.00559	0.00170	0.01697	0.01156	0.00402	0.00357
4	0.01653	0.00837	0.01026	0.00813	0.01119	0.00825	0.00662	0.17752	0.13672	0.48733	0.06987	0.01520	0.01240	0.00561	0.00439	0.00135	0.00373	0.00456	0.00494	0.00703
5	0.00898	0.04472	0.76592	0.01217	0.01834	0.01031	0.02924	0.03721	0.00944	0.01395	0.00778	0.00912	0.00553	0.00411	0.00408	0.00135	0.00628	0.00321	0.00190	0.00636
6	0.00598	0.00422	0.00548	0.00621	0.00665	0.00409	0.00451	0.00692	0.00831	0.01094	0.02162	0.39507	0.04689	0.21164	0.00953	0.00239	0.00332	0.23915	0.00366	0.00343
7	0.01033	0.01130	0.09832	0.06587	0.68857	0.01019	0.01333	0.01330	0.02202	0.01393	0.00819	0.01063	0.00673	0.00392	0.00425	0.00130	0.00525	0.00379	0.00212	0.00667
8	0.01191	0.59197	0.07713	0.00855	0.01198	0.09742	0.00828	0.06211	0.00966	0.01149	0.00642	0.00756	0.00565	0.00418	0.00395	0.00107	0.07042	0.00262	0.00203	0.00558
9	0.00838	0.00720	0.00760	0.00701	0.00869	0.05067	0.00536	0.01433	0.33267	0.01649	0.36095	0.02485	0.09867	0.00825	0.02827	0.00155	0.00317	0.00638	0.00433	0.00517
10	0.00622	0.00485	0.00570	0.00542	0.00670	0.00456	0.00408	0.00891	0.08839	0.01551	0.49039	0.04368	0.28109	0.00924	0.00502	0.00140	0.00222	0.00797	0.00447	0.00419
11	0.00866	0.00826	0.01417	0.66309	0.17366	0.00974	0.03868	0.01150	0.00888	0.01166	0.00777	0.01134	0.00597	0.00420	0.00432	0.00141	0.00568	0.00387	0.00196	0.00519
12	0.00643	0.00538	0.00572	0.00546	0.00704	0.00517	0.00415	0.00998	0.17589	0.01397	0.17867	0.03455	0.51276	0.00949	0.00494	0.00144	0.00241	0.00799	0.00421	0.00437
13	0.01090	0.05881	0.01955	0.01833	0.01161	0.00810	0.06281	0.05876	0.08968	0.12190	0.01106	0.07114	0.00918	0.00490	0.00438	0.00108	0.04654	0.00404	0.00319	0.38405
14	0.00893	0.00766	0.00893	0.00638	0.01021	0.00574	0.00510	0.01085	0.00893	0.01404	0.00766	0.00893	0.00638	0.00319	0.00319	0.00064	0.00319	0.00255	0.00255	0.87495
15	0.02455	0.10900	0.21496	0.00955	0.02934	0.03303	0.00909	0.16057	0.06765	0.05817	0.00922	0.01078	0.00721	0.00677	0.01885	0.13440	0.06026	0.00355	0.02750	0.00558
16	0.00951	0.02071	0.05763	0.01247	0.12423	0.07452	0.11670	0.07670	0.01001	0.01342	0.04548	0.18279	0.02915	0.00829	0.04030	0.00174	0.13914	0.02923	0.00285	0.00514
17	0.00619	0.00415	0.00472	0.00479	0.00481	0.00413	0.00271	0.00625	0.00640	0.00854	0.01429	0.08609	0.01657	0.78947	0.02076	0.00400	0.00406	0.00669	0.00271	0.00267
18	0.04878	0.05934	0.07241	0.01598	0.28201	0.19219	0.02440	0.03739	0.00970	0.01281	0.00706	0.00927	0.00602	0.00488	0.00631	0.00137	0.19875	0.00342	0.00215	0.00573
19	0.00841	0.06696	0.01238	0.08064	0.13317	0.00807	0.11449	0.06036	0.00975	0.01319	0.04775	0.26062	0.05668	0.00858	0.03243	0.00166	0.03440	0.02055	0.02501	0.00491
20	0.03736	0.11877	0.01632	0.04427	0.50077	0.02758	0.01088	0.07815	0.04728	0.01480	0.00831	0.01015	0.00684	0.00401	0.00396	0.00121	0.00485	0.00355	0.00241	0.05853
21	0.00560	0.00434	0.00641	0.00677	0.00736	0.00404	0.06075	0.00656	0.00843	0.01119	0.02348	0.74039	0.06330	0.02211	0.00564	0.00174	0.00284	0.01153	0.00385	0.00366
22	0.01268	0.05454	0.01148	0.01026	0.05869	0.38346	0.02393	0.04705	0.07710	0.03859	0.05605	0.02638	0.04565	0.00565	0.00417	0.00123	0.00554	0.05978	0.02774	0.05003
23	0.01137	0.44349	0.20448	0.00902	0.01308	0.03595	0.00937	0.10675	0.08792	0.01370	0.00813	0.00891	0.00655	0.00471	0.01883	0.00124	0.00512	0.00299	0.00239	0.00601
24	0.01507	0.00750	0.00967	0.06632	0.01164	0.00730	0.00650	0.14369	0.03207	0.44456	0.15264	0.01684	0.01499	0.00583	0.00439	0.00133	0.00362	0.00481	0.04480	0.00642
25	0.00622	0.00483	0.00523	0.00501	0.00653	0.00430	0.00384	0.03259	0.02958	0.03774	0.16540	0.03778	0.60296	0.01013	0.00505	0.00144	0.00236	0.03081	0.00418	0.00402
26	0.01331	0.00893	0.02402	0.08971	0.14180	0.00913	0.00831	0.12058	0.20746	0.24929	0.07065	0.01466	0.01180	0.00533	0.00438	0.00136	0.00410	0.00450	0.00404	0.00664
27	0.08591	0.34525	0.11822	0.02278	0.01208	0.07082	0.05056	0.01326	0.07468	0.02660	0.01222	0.01317	0.10230	0.03037	0.00417	0.00128	0.00470	0.00379	0.00250	0.00535
28	0.00847	0.01772	0.58546	0.01134	0.02778	0.00946	0.01319	0.03219	0.00889	0.01313	0.00927	0.07825	0.00798	0.03070	0.04736	0.00180	0.08496	0.00416	0.00212	0.00577
29	0.00524	0.00387	0.00491	0.00571	0.00618	0.00353	0.00388	0.00607	0.00860	0.01124	0.04376	0.69119	0.16417	0.01295	0.00542	0.00169	0.00244	0.01161	0.00401	0.00353
30	0.01584	0.06652	0.01278	0.01089	0.01319	0.78624	0.00827	0.01696	0.01202	0.01052	0.00662	0.00772	0.00555	0.00440	0.00382	0.00110	0.00759	0.00275	0.00220	0.00502
31	0.02768	0.00974	0.06161	0.44971	0.23491	0.01018	0.03195	0.08719	0.02067	0.01382	0.00815	0.01099	0.00625	0.00425	0.00427	0.00138	0.00548	0.00381	0.00225	0.00570
32	0.01040	0.00986	0.01674	0.02513	0.76418	0.00986	0.01278	0.01292	0.00982	0.01399	0.00914	0.01335	0.00810	0.00441	0.00438	0.00133	0.00504	0.05971	0.00226	0.00662
33	0.00528	0.00376	0.00499	0.00596	0.00620	0.00352	0.00396	0.00601	0.00819	0.01092	0.02345	0.82250	0.02812	0.03730	0.00597	0.00182	0.00255	0.01208	0.00396	0.00347
34	0.04291	0.00768	0.01009	0.00776	0.01108	0.00689	0.00641	0.07349	0.01272	0.74897	0.01624	0.01416	0.01027	0.00528	0.00428	0.00133	0.00373	0.00425	0.00519	0.00726
35	0.01609	0.02053	0.01221	0.01110	0.01332	0.83132	0.00832	0.01720	0.01221	0.01054	0.00666	0.00777	0.00555	0.00444	0.00388	0.00111	0.00777	0.00277	0.00222	0.00499
36	0.01066	0.01023	0.01748	0.02644	0.82174	0.01023	0.01322	0.01322	0.00981	0.01407	0.00810	0.01066	0.00682	0.00384	0.00426	0.00128	0.00512	0.00384	0.00213	0.00682
37	0.00610	0.00440	0.00576	0.00542	0.00644	0.00406	0.00406	0.00813	0.01219	0.01727	0.81947	0.03218	0.04064	0.00881	0.00508	0.00135	0.00203	0.00779	0.00474	0.00406
38	0.00590	0.00427	0.00570	0.00584	0.00652	0.00422	0.00423	0.00728	0.00937	0.01302	0.33016	0.23665	0.04674	0.09660	0.18589	0.00295	0.00446	0.02270	0.00379	0.00372
39	0.00694	0.00534	0.00759	0.00853	0.07252	0.00546	0.01758	0.00843	0.02763	0.03497	0.04165	0.46470	0.03795	0.01245	0.06405	0.00204	0.06549	0.08698	0.00358	0.02612
40	0.01493	0.14046	0.01420	0.01197	0.08737	0.63728	0.00863	0.01621	0.01148	0.01081	0.00669	0.00791	0.00566	0.00427	0.00376	0.00110	0.00706	0.00280	0.00216	0.00524
41	0.00600	0.00439	0.00563	0.00535	0.00638	0.00402	0.00400	0.00793	0.01193	0.01670	0.74259	0.05015	0.10066	0.00907	0.00509	0.00137	0.00205	0.00799	0.00467	0.00402
42	0.87904	0.00833	0.00633	0.00566	0.00833	0.00966	0.00467	0.01266	0.00733	0.01933	0.00600	0.00700	0.00467	0.00400	0.00267	0.00133	0.00333	0.00233	0.00267	0.00467
43	0.00527	0.00377	0.00502	0.00598	0.00625	0.00352	0.00400	0.00606	0.00836	0.01118	0.04687	0.82216	0.02884	0.01336	0.00549	0.00174	0.00249	0.01212	0.00402	0.00352
44	0.00820	0.00430	0.00445	0.00442	0.00550	0.00434	0.00340	0.03267	0.00941	0.01618	0.01449	0.01790	0.01178	0.00545	0.00323	0.00107	0.00221	0.05259	0.79431	0.00411
45	0.00522	0.00434	0.00457	0.00464	0.00597	0.00369	0.00347	0.00637	0.00987	0.01200	0.09421	0.09797	0.69117	0.01098	0.00514	0.00148	0.00224	0.02897	0.00405	0.00366
46	0.01681	0.00762	0.00976	0.00777	0.01075	0.00715	0.00639	0.11508	0.05452	0.57458	0.05924	0.01698	0.01274	0.00586	0.00442	0.00136	0.00366	0.04615	0.03231	0.00685
47	0.00531	0.00378	0.00498	0.00592	0.00615	0.00354	0.00391	0.00601	0.00812	0.01083	0.02312	0.79545	0.02770	0.06493	0.00651	0.00190	0.00260	0.01188	0.00391	0.00344
48	0.00827	0.00737	0.01019	0.06169	0.12916	0.03537	0.02022	0.00929	0.00734	0.01022	0.00960	0.01695	0.00983	0.29045	0.10929	0.02794	0.22573	0.00470	0.00223	0.00417
49	0.01129	0.75213	0.10531	0.00794	0.01188	0.02962	0.00827	0.01305	0.00884	0.01050	0.00618	0.00715	0.00552	0.00374	0.00292	0.00097	0.00484	0.00240	0.00185	0.00561
50	0.00527	0.00439	0.00461	0.00460	0.00599	0.00373	0.00348	0.00649	0.01009	0.01233	0.13226	0.04062	0.70459	0.01070	0.00512	0.00146	0.00222	0.03427	0.00408	0.00370
51	0.00848	0.00744	0.03238	0.00758	0.00946	0.00760	0.02231	0.03753	0.38251	0.01634	0.20461	0.14989	0.08001	0.00797	0.00477	0.00147	0.00307	0.00692	0.00425	0.00542
52	0.01213	0.03256	0.14944	0.05093	0.26758	0.07402	0.01968	0.23520	0.01243	0.01683	0.00828	0.00994	0.00646	0.00465	0.00508	0.00134	0.08074	0.00363	0.00266	0.00643
53	0.00541	0.00421	0.00486	0.00527	0.00619	0.00376	0.00382	0.00642	0.00915	0.01146	0.04900	0.30181	0.42476	0.06339	0.00634	0.00176	0.00257	0.08235	0.00393	0.00357
54	0.29300	0.10454	0.25233	0.01201	0.12052	0.01089	0.09575	0.03968	0.00906	0.01564	0.00722	0.00869	0.00557	0.00397	0.00362	0.00130	0.00507	0.00312	0.00226	0.00575
55	0.01049	0.47238	0.31419	0.00951	0.01390	0.04021	0.01063	0.01315	0.00886	0.01144	0.00662	0.00788	0.00551	0.00409	0.00397	0.00115	0.05567	0.00273	0.00185	0.00577
56	0.01626	0.01196	0.01281	0.00983	0.01325	0.01323	0.00812	0.79681	0.02010	0.02700	0.01039	0.01042	0.00737	0.00517	0.00429	0.00129	0.00470	0.00388	0.01582	0.00728
57	0.00685	0.00556	0.00656	0.00629	0.00712	0.03145	0.00464	0.03183	0.02044	0.01082	0.03916	0.02469	0.19466	0.22930	0.30220	0.00409	0.06175	0.00599	0.00289	0.00374
58	0.00512	0.00435	0.00442	0.00444	0.00585	0.00364	0.00332	0.00623	0.00984	0.01177	0.06451	0.06510	0.77492	0.01093	0.00510	0.00146	0.00219	0.00915	0.00402	0.00364
59	0.00588	0.00415	0.00497	0.00518	0.00552	0.00406	0.00331	0.00641	0.00750	0.00995	0.06225	0.21506	0.11205	0.44872	0.08335	0.00339	0.00407	0.00789	0.00317	0.00311
60	0.00915	0.00765	0.00895	0.00641	0.01022	0.00575	0.00513	0.01106	0.00900	0.03101	0.00785	0.00905	0.00647	0.00323	0.00321	0.00065	0.00320	0.00259	0.00261	0.85679
61	0.73310	0.02599	0.00720	0.01835	0.00894	0.00973	0.00504	0.06865	0.00859	0.01944	0.05643	0.00885	0.00710	0.00438	0.00296	0.00132	0.00341	0.00280	0.00288	0.00484
62	0.01131	0.79250	0.07949	0.00772	0.01159	0.01655	0.00798	0.01295	0.00878	0.01038	0.00611	0.00706	0.00552	0.00371	0.00286	0.00095	0.00473	0.00237	0.00184	0.00559
63	0.86288	0.00859	0.02156	0.00579	0.00852	0.00967	0.00487	0.01268	0.00736	0.01922	0.00603	0.00704	0.00468	0.00400	0.00269	0.00133	0.00339	0.00235	0.00265	0.00470
64	0.04385	0.00840	0.01042	0.00804	0.01131	0.00805	0.00663	0.20947	0.01399	0.58604	0.01498	0.01344	0.00969	0.00524	0.00424	0.00131	0.00387	0.00415	0.02970	0.00716
65	0.01576	0.01068	0.01188	0.00925	0.01240	0.01160	0.00758	0.62336	0.01786	0.13146	0.01140	0.01189	0.00825	0.03113	0.06340	0.00178	0.00506	0.00406	0.00425	0.00695
66	0.00920	0.00905	0.01259	0.01084	0.01084	0.01256	0.00894	0.01008	0.00657	0.01022	0.00622	0.01075	0.00636	0.06710	0.01469	0.00205	0.78149	0.00395	0.00194	0.00456
67	0.01112	0.00945	0.00997	0.00885	0.01135	0.01090	0.00692	0.07845	0.75775	0.01867	0.01702	0.01567	0.01274	0.00580	0.00438	0.00145	0.00350	0.00480	0.00438	0.00685
68	0.02613	0.06482	0.21458	0.10863	0.41035	0.03314	0.01271	0.01339	0.03755	0.01349	0.00863	0.01065	0.01892	0.00414	0.00411	0.00130	0.00540	0.00364	0.00213	0.00627
69	0.00628	0.00445	0.00580	0.00543	0.00649	0.00409	0.00408	0.00829	0.01215	0.02920	0.79403	0.03208	0.05375	0.00879	0.00507	0.00136	0.00206	0.00776	0.00474	0.00411
70	0.00932	0.01010	0.09702	0.09457	0.07780	0.09145	0.01847	0.07505	0.11635	0.01455	0.09819	0.08214	0.13433	0.01827	0.00490	0.00143	0.01713	0.00568	0.02803	0.00522
71	0.00626	0.00418	0.00470	0.00470	0.00470	0.00418	0.00261	0.00626	0.00626	0.00835	0.01357	0.02819	0.01566	0.84862	0.02192	0.00418	0.00418	0.00626	0.00261	0.00261
72	0.00813	0.00766	0.01292	0.83826	0.02967	0.00957	0.01196	0.01101	0.00861	0.01101	0.00766	0.01148	0.00574	0.00431	0.00431	0.00144	0.00574	0.00383	0.00191	0.00479
73	0.00620	0.00444	0.00603	0.00603	0.00650	0.00489	0.00428	0.00713	0.00672	0.00943	0.02148	0.02153	0.01303	0.35352	0.50335	0.00578	0.00853	0.00530	0.00245	0.00336
74	0.00569	0.00444	0.00492	0.00476	0.00612	0.00383	0.00358	0.00709	0.01062	0.02975	0.28713	0.03800	0.55860	0.01014	0.00507	0.00142	0.00216	0.00859	0.00426	0.00385
75	0.00645	0.00449	0.00581	0.00542	0.00654	0.00411	0.00409	0.00841	0.01205	0.04230	0.74649	0.03220	0.08769	0.00883	0.00506	0.00136	0.00209	0.00776	0.00471	0.00414
76	0.00626	0.00418	0.00470	0.00470	0.00470	0.00418	0.00261	0.00626	0.00626	0.00835	0.01357	0.02819	0.01566	0.84862	0.02192	0.00418	0.00418	0.00626	0.00261	0.00261
77	0.00813	0.00766	0.01292	0.83826	0.02967	0.00957	0.01196	0.01101	0.00861	0.01101	0.00766	0.01148	0.00574	0.00431	0.00431	0.00144	0.00574	0.00383	0.00191	0.00479
78	0.00893	0.00766	0.00893	0.00638	0.01021	0.00574	0.00510	0.01085	0.00893	0.01404	0.00766	0.00893	0.00638	0.00319	0.00319	0.00064	0.00319	0.00255	0.00255	0.87495
79	0.00720	0.00579	0.05622	0.01859	0.00699	0.00508	0.00442	0.01650	0.02452	0.03581	0.04327	0.04645	0.03698	0.52797	0.01633	0.05971	0.01863	0.05146	0.00286	0.01521
80	0.00609	0.00464	0.00565	0.00585	0.00702	0.00429	0.00466	0.02140	0.01057	0.01372	0.24048	0.08427	0.33009	0.01068	0.00534	0.00159	0.00271	0.23286	0.00419	0.00390
81	0.21293	0.06547	0.53582	0.01026	0.01539	0.01047	0.01226	0.04240	0.03198	0.01539	0.00760	0.00872	0.00556	0.00414	0.00370	0.00133	0.00541	0.00301	0.00218	0.00597
82	0.00977	0.06443	0.65687	0.01165	0.01734	0.03974	0.01421	0.07980	0.04072	0.01463	0.00819	0.00930	0.00591	0.00424	0.00404	0.00133	0.00608	0.00324	0.00214	0.00637
83	0.00534	0.00434	0.00474	0.00472	0.00599	0.00373	0.00351	0.00664	0.01029	0.01295	0.22917	0.08876	0.58364	0.01056	0.00511	0.00145	0.00217	0.00897	0.00418	0.00373
84	0.00525	0.00399	0.00484	0.00546	0.00615	0.00358	0.00380	0.00617	0.00891	0.01142	0.05311	0.53949	0.29538	0.01247	0.00536	0.00164	0.00240	0.02300	0.00402	0.00357
85	0.00684	0.00563	0.00618	0.00589	0.00744	0.00560	0.00448	0.01105	0.21939	0.01472	0.23291	0.06148	0.37225	0.00917	0.00493	0.00145	0.00250	0.01923	0.00429	0.00457
86	0.87904	0.00833	0.00633	0.00566	0.00833	0.00966	0.00467	0.01266	0.00733	0.01933	0.00600	0.00700	0.00467	0.00400	0.00267	0.00133	0.00333	0.00233	0.00267	0.00467
87	0.01055	0.01012	0.01728	0.06197	0.78708	0.01021	0.01316	0.01312	0.00976	0.01394	0.00808	0.01070	0.00678	0.00386	0.00427	0.00129	0.00514	0.00384	0.00212	0.00673
88	0.00537	0.00450	0.00468	0.00462	0.00604	0.00388	0.00347	0.00688	0.03235	0.01251	0.13828	0.03961	0.70188	0.01051	0.00507	0.00144	0.00220	0.00881	0.00410	0.00378
89	0.00881	0.00834	0.01414	0.62167	0.24100	0.00975	0.01230	0.01160	0.00893	0.01182	0.00778	0.01126	0.00603	0.00418	0.00430	0.00139	0.00558	0.00383	0.00197	0.00533
90	0.01594	0.01306	0.01253	0.00992	0.01307	0.13569	0.00803	0.65098	0.03461	0.02395	0.01002	0.01056	0.00741	0.02840	0.00473	0.00135	0.00515	0.00380	0.00395	0.00684
91	0.00899	0.00494	0.00504	0.00469	0.00598	0.00509	0.00361	0.10182	0.01032	0.01734	0.01362	0.01540	0.01061	0.00504	0.00316	0.00104	0.00232	0.00400	0.77259	0.00440
92	0.01584	0.04012	0.01287	0.00973	0.01304	0.05438	0.00800	0.65568	0.08151	0.04908	0.01078	0.01068	0.00773	0.00514	0.00424	0.00129	0.00475	0.00386	0.00416	0.00711
93	0.01008	0.00868	0.01378	0.27014	0.13554	0.00906	0.10956	0.08240	0.01043	0.05766	0.06051	0.02219	0.00921	0.00471	0.00466	0.00130	0.03450	0.01374	0.00270	0.13915
94	0.00962	0.31602	0.52863	0.01043	0.01576	0.01241	0.01270	0.01329	0.00902	0.01245	0.01957	0.00867	0.00602	0.00402	0.00364	0.00121	0.00568	0.00294	0.00187	0.00603
95	0.87904	0.00833	0.00633	0.00566	0.00833	0.00966	0.00467	0.01266	0.00733	0.01933	0.00600	0.00700	0.00467	0.00400	0.00267	0.00133	0.00333	0.00233	0.00267	0.00467
96	0.00692	0.00461	0.00590	0.00546	0.00669	0.00418	0.00414	0.00883	0.01194	0.07384	0.67737	0.03196	0.12418	0.00879	0.00503	0.00136	0.00216	0.00769	0.00470	0.00425
97	0.00899	0.00872	0.01266	0.01074	0.01121	0.01154	0.05764	0.01045	0.02153	0.01152	0.08731	0.01242	0.00967	0.00842	0.04807	0.00200	0.63533	0.00431	0.02279	0.00470
98	0.00596	0.00435	0.00560	0.00538	0.00637	0.00399	0.00400	0.00783	0.01173	0.01639	0.70285	0.09052	0.10033	0.00930	0.00511	0.00139	0.00208	0.00821	0.00463	0.00399
99	0.01092	0.00932	0.00982	0.00876	0.01123	0.01074	0.00683	0.06447	0.75847	0.01840	0.01758	0.01618	0.02602	0.00589	0.00439	0.00145	0.00346	0.00489	0.00437	0.00679
100	0.00573	0.00421	0.00545	0.00631	0.00675	0.00409	0.00437	0.00736	0.06540	0.01160	0.02325	0.74104	0.02719	0.01286	0.00545	0.00174	0.00265	0.05677	0.00402	0.00376
101	0.87904	0.00833	0.00633	0.00566	0.00833	0.00966	0.00467	0.01266	0.00733	0.01933	0.00600	0.00700	0.00467	0.00400	0.00267	0.00133	0.00333	0.00233	0.00267	0.00467
102	0.00626	0.00418	0.00470	0.00470	0.00470	0.00418	0.00261	0.00626	0.00626	0.00835	0.01357	0.02819	0.01566	0.84862	0.02192	0.00418	0.00418	0.00626	0.00261	0.00261
103	0.00626	0.00418	0.00470	0.00470	0.00470	0.00418	0.00261	0.00626	0.00626	0.00835	0.01357	0.02819	0.01566	0.84862	0.02192	0.00418	0.00418	0.00626	0.00261	0.00261
104	0.01036	0.51753	0.34610	0.00935	0.01411	0.01421	0.01081	0.01320	0.00889	0.01155	0.00669	0.00779	0.00550	0.00385	0.00330	0.00110	0.00531	0.00266	0.00183	0.00587
105	0.01152	0.85121	0.02257	0.00737	0.01106	0.01704	0.00737	0.01290	0.00875	0.01013	0.00599	0.00691	0.00553	0.00369	0.00276	0.00092	0.00461	0.00230	0.00184	0.00553
106	0.00512	0.00436	0.00440	0.00439	0.00584	0.00365	0.00329	0.00624	0.00988	0.01179	0.06492	0.04120	0.79861	0.01085	0.00509	0.00145	0.00218	0.00906	0.00402	0.00365
107	0.00560	0.00409	0.00497	0.00535	0.00592	0.00379	0.00364	0.00648	0.00878	0.01155	0.14500	0.36789	0.18919	0.18868	0.00883	0.00215	0.00275	0.02808	0.00382	0.00344
108	0.00519	0.00437	0.00450	0.00447	0.00588	0.00368	0.00335	0.00638	0.01005	0.01220	0.12069	0.04053	0.74259	0.01070	0.00509	0.00144	0.00217	0.00896	0.00407	0.00368
109	0.00899	0.00774	0.00922	0.00705	0.03727	0.00589	0.00537	0.01093	0.00896	0.01404	0.00767	0.00899	0.00639	0.00321	0.00323	0.00066	0.00325	0.00259	0.00254	0.84600
110	0.01017	0.00847	0.03442	0.00851	0.06080	0.00697	0.02825	0.07579	0.01036	0.07260	0.06444	0.01166	0.01980	0.00416	0.00391	0.00091	0.02261	0.00342	0.00299	0.54977
111	0.01358	0.06422	0.07700	0.00989	0.01252	0.13703	0.00855	0.20106	0.10085	0.12788	0.01055	0.01115	0.02003	0.00556	0.00620	0.00140	0.17934	0.00379	0.00328	0.00613
112	0.03669	0.01101	0.06220	0.01310	0.21826	0.13424	0.00883	0.04566	0.01153	0.34036	0.04120	0.01257	0.00941	0.00482	0.00418	0.00128	0.00475	0.00395	0.02947	0.00650
113	0.00537	0.00383	0.00514	0.00613	0.00644	0.00360	0.00421	0.00621	0.00837	0.01113	0.02368	0.78934	0.02823	0.01338	0.00553	0.00177	0.00260	0.06752	0.00400	0.00353
114	0.01015	0.01146	0.02470	0.01811	0.04883	0.01073	0.75750	0.01370	0.01012	0.01381	0.00866	0.01151	0.00654	0.00363	0.00500	0.00142	0.00708	0.00497	0.00219	0.02988
115	0.00979	0.01015	0.01327	0.01131	0.01183	0.08722	0.05561	0.01096	0.00735	0.01055	0.00644	0.01006	0.00614	0.00919	0.08410	0.00223	0.64328	0.00383	0.00197	0.00473
116	0.00931	0.00808	0.00906	0.00656	0.01032	0.03328	0.00523	0.01120	0.00909	0.02499	0.00775	0.00897	0.00641	0.00326	0.00323	0.00066	0.00335	0.00258	0.00258	0.83409
117	0.01642	0.01200	0.01288	0.00988	0.01332	0.01326	0.00816	0.79589	0.02014	0.03881	0.01044	0.01041	0.00737	0.00517	0.00431	0.00129	0.00472	0.00388	0.00432	0.00733
118	0.00819	0.00771	0.01286	0.75136	0.06703	0.00949	0.01167	0.01094	0.00866	0.01116	0.00883	0.01240	0.03295	0.00458	0.00456	0.00144	0.02532	0.00400	0.00199	0.00484
119	0.00626	0.00418	0.00473	0.00473	0.00474	0.00419	0.00265	0.00628	0.00627	0.00838	0.01354	0.02803	0.01559	0.83696	0.03348	0.00422	0.00428	0.00624	0.00261	0.00263
120	0.01156	0.63767	0.14339	0.00851	0.01245	0.10204	0.00877	0.01347	0.00917	0.01071	0.00632	0.00733	0.00552	0.00383	0.00308	0.00101	0.00521	0.00249	0.00188	0.00560
121	0.00904	0.05869	0.49772	0.01325	0.01852	0.01019	0.24253	0.01326	0.00961	0.01377	0.06542	0.01135	0.00826	0.00427	0.00438	0.00137	0.00623	0.00401	0.00213	0.00600
122	0.01275	0.00856	0.01046	0.05016	0.08962	0.03209	0.00757	0.04212	0.32303	0.23924	0.02726	0.01858	0.02038	0.00613	0.00453	0.00145	0.00395	0.09149	0.00420	0.00644
123	0.00919	0.17116	0.66277	0.01153	0.01737	0.01129	0.03305	0.01351	0.00906	0.01301	0.00744	0.00876	0.00549	0.00401	0.00388	0.00129	0.00607	0.00307	0.00183	0.00620
124	0.01017	0.01147	0.02469	0.02991	0.07921	0.01083	0.73913	0.01372	0.01012	0.01378	0.00866	0.01155	0.00655	0.00365	0.00501	0.00144	0.00709	0.00498	0.00217	0.00587
125	0.01468	0.00631	0.00853	0.00693	0.00944	0.00555	0.00560	0.01647	0.01223	0.53956	0.28148	0.02123	0.02087	0.00663	0.00462	0.00136	0.00313	0.02410	0.00510	0.00618
126	0.00748	0.00374	0.00561	0.00561	0.00561	0.00374	0.00374	0.00561	0.00561	0.00748	0.00748	0.01309	0.00748	0.01496	0.01684	0.87467	0.00374	0.00374	0.00187	0.00187
127	0.00594	0.00439	0.00551	0.00523	0.00630	0.00400	0.00390	0.00778	0.01168	0.01617	0.67732	0.03355	0.16372	0.02898	0.00548	0.00144	0.00211	0.00796	0.00457	0.00396
128	0.00748	0.00374	0.00561	0.00561	0.00561	0.00374	0.00374	0.00561	0.00561	0.00748	0.00748	0.01309	0.00748	0.01496	0.01684	0.87467	0.00374	0.00374	0.00187	0.00187
129	0.00858	0.02016	0.70220	0.01242	0.02848	0.00967	0.07475	0.01321	0.00929	0.01366	0.02847	0.01118	0.03989	0.00445	0.00423	0.00137	0.00614	0.00369	0.00201	0.00616
130	0.00616	0.00459	0.00681	0.00681	0.00755	0.00533	0.00525	0.00762	0.00689	0.00992	0.01164	0.01747	0.01101	0.07213	0.79205	0.00679	0.01118	0.00470	0.00232	0.00379
131	0.01069	0.43010	0.04439	0.00945	0.08639	0.04515	0.03028	0.01252	0.00910	0.01193	0.00686	0.00812	0.00594	0.00359	0.00319	0.00091	0.00448	0.00265	0.00211	0.27216

[dist]
# distance from previous block
# <min> <max>
0	3

[block]
# block no. 1 follows, 61 sequences, length 35
# corresponding to MSA columns:
# 471-505
name=unknown_B
#
# <colnr> <probs for GDERKNQSTAVLIFYWHMCP>
#	G	D	E	R	K	N	Q	S	T	A	V	L	I	F	Y	W	H	M	C	P
0	0.05627	0.63870	0.08414	0.00771	0.01131	0.06707	0.00772	0.01305	0.00894	0.01127	0.00665	0.00768	0.00580	0.00386	0.00295	0.00099	0.00473	0.00251	0.05324	0.00543
1	0.82269	0.04919	0.02081	0.00586	0.00863	0.01002	0.00498	0.01269	0.00743	0.01879	0.00603	0.00703	0.00472	0.00399	0.00269	0.00131	0.00344	0.00235	0.00261	0.00474
2	0.06570	0.19439	0.27119	0.01051	0.03228	0.12069	0.04906	0.08371	0.05706	0.04932	0.00847	0.00936	0.00645	0.00428	0.00377	0.00123	0.00550	0.00322	0.01784	0.00599
3	0.01026	0.01033	0.06171	0.04687	0.51724	0.01002	0.01137	0.01523	0.20150	0.01504	0.04917	0.01292	0.00984	0.00458	0.00432	0.00134	0.00466	0.00424	0.00277	0.00660
4	0.00956	0.00925	0.01274	0.01089	0.01112	0.01266	0.00905	0.04840	0.00758	0.01158	0.05386	0.01081	0.00780	0.00750	0.01313	0.00183	0.75125	0.00401	0.00217	0.00480
5	0.01147	0.71460	0.10784	0.00811	0.01200	0.06339	0.00834	0.01323	0.00899	0.01053	0.00621	0.00719	0.00552	0.00377	0.00297	0.00098	0.00498	0.00242	0.00186	0.00559
6	0.00525	0.00375	0.00500	0.00600	0.00625	0.00350	0.00400	0.00600	0.00825	0.01100	0.02374	0.84580	0.02849	0.01350	0.00550	0.00175	0.00250	0.01225	0.00400	0.00350
7	0.00643	0.00456	0.00558	0.00547	0.00560	0.00491	0.00348	0.00675	0.00640	0.00875	0.01276	0.02517	0.01424	0.66022	0.15914	0.00451	0.05474	0.00584	0.00252	0.00294
8	0.00685	0.00491	0.00681	0.00771	0.00872	0.00488	0.00670	0.00881	0.01003	0.01308	0.06408	0.04757	0.04615	0.01172	0.00588	0.00194	0.00382	0.73237	0.00401	0.00396
9	0.01135	0.80326	0.06906	0.00765	0.01149	0.01664	0.00786	0.01294	0.00877	0.01034	0.00609	0.00704	0.00552	0.00371	0.00284	0.00095	0.00471	0.00235	0.00184	0.00558
10	0.01091	0.00659	0.00823	0.00682	0.00923	0.00601	0.03019	0.06205	0.06946	0.24277	0.11666	0.06567	0.23694	0.00743	0.00459	0.00132	0.00312	0.00629	0.00429	0.10146
11	0.81541	0.00931	0.04838	0.00612	0.00897	0.02790	0.00532	0.01281	0.00753	0.01884	0.00610	0.00712	0.00473	0.00401	0.00277	0.00133	0.00359	0.00239	0.00261	0.00476
12	0.00913	0.10661	0.70595	0.01151	0.01741	0.01051	0.01454	0.01362	0.00921	0.03264	0.02601	0.00952	0.00638	0.00419	0.00398	0.00132	0.00602	0.00322	0.00197	0.00625
13	0.01141	0.00881	0.00966	0.00841	0.04398	0.04087	0.00635	0.22320	0.12669	0.07807	0.05975	0.05932	0.12390	0.00623	0.00430	0.00123	0.00369	0.00511	0.00385	0.17517
14	0.00525	0.00435	0.00459	0.00457	0.00592	0.00370	0.00341	0.00647	0.01014	0.01247	0.16086	0.06187	0.68022	0.01066	0.00510	0.00145	0.00217	0.00898	0.00411	0.00370
15	0.00877	0.00831	0.01408	0.63259	0.23034	0.00974	0.01228	0.01157	0.00892	0.01178	0.00777	0.01128	0.00602	0.00419	0.00430	0.00140	0.00558	0.00383	0.00197	0.00530
16	0.00626	0.00418	0.00470	0.00470	0.00470	0.00418	0.00261	0.00626	0.00626	0.00835	0.01357	0.02819	0.01566	0.84862	0.02192	0.00418	0.00418	0.00626	0.00261	0.00261
17	0.00820	0.00772	0.01304	0.81739	0.05003	0.00959	0.01200	0.01106	0.00864	0.01108	0.00767	0.01146	0.00577	0.00429	0.00431	0.00143	0.00573	0.00383	0.00192	0.00484
18	0.00599	0.00440	0.00561	0.00531	0.00637	0.00402	0.00398	0.00792	0.01194	0.01667	0.73681	0.03317	0.12368	0.00903	0.00508	0.00137	0.00205	0.00793	0.00466	0.00402
19	0.00910	0.00711	0.00792	0.00706	0.00890	0.00763	0.00546	0.11145	0.30855	0.01817	0.32270	0.02325	0.07029	0.02552	0.00500	0.00144	0.00293	0.00610	0.04602	0.00542
20	0.11135	0.07463	0.07770	0.06956	0.14122	0.06973	0.00901	0.18149	0.02362	0.18612	0.01000	0.01054	0.00720	0.00456	0.00396	0.00128	0.00481	0.00355	0.00329	0.00638
21	0.00872	0.04493	0.80434	0.01214	0.01844	0.01020	0.01568	0.01362	0.00909	0.01355	0.00768	0.00903	0.00546	0.00408	0.00406	0.00135	0.00632	0.00316	0.00182	0.00634
22	0.00908	0.02676	0.07266	0.02930	0.01072	0.01878	0.05342	0.07976	0.17871	0.05348	0.11782	0.03944	0.20269	0.06245	0.00581	0.00160	0.00373	0.02482	0.00376	0.00521
23	0.00626	0.00418	0.00470	0.00470	0.00470	0.00418	0.00261	0.00626	0.00626	0.00835	0.01357	0.02819	0.01566	0.84862	0.02192	0.00418	0.00418	0.00626	0.00261	0.00261
24	0.01001	0.01166	0.21286	0.00968	0.04084	0.05801	0.04070	0.01484	0.17697	0.10096	0.21442	0.01884	0.04086	0.00614	0.00453	0.00138	0.00429	0.02364	0.00361	0.00576
25	0.00892	0.10188	0.74912	0.01181	0.01791	0.01068	0.01509	0.01357	0.00906	0.01330	0.00756	0.00888	0.00546	0.00405	0.00396	0.00132	0.00620	0.00310	0.00182	0.00629
26	0.01262	0.01012	0.05211	0.00900	0.01184	0.01057	0.00747	0.17895	0.47850	0.11380	0.02770	0.01449	0.01152	0.00564	0.00457	0.00141	0.02354	0.00453	0.01480	0.00683
27	0.01022	0.00831	0.04786	0.00771	0.00981	0.00817	0.00629	0.26184	0.05330	0.01748	0.01418	0.23094	0.01365	0.03015	0.00538	0.00143	0.05290	0.00604	0.12568	0.08864
28	0.00834	0.00706	0.00827	0.00624	0.00955	0.00539	0.00489	0.01008	0.00890	0.01358	0.01118	0.10419	0.04782	0.00471	0.00354	0.00080	0.00306	0.00395	0.00278	0.73565
29	0.06146	0.03103	0.02470	0.00813	0.05116	0.02291	0.00618	0.11214	0.17728	0.06888	0.15587	0.01924	0.12030	0.00626	0.00426	0.00127	0.00340	0.00516	0.01788	0.10249
30	0.49311	0.00914	0.00810	0.00691	0.00958	0.06180	0.01626	0.10436	0.04932	0.04912	0.05674	0.02934	0.02397	0.00487	0.00340	0.00129	0.00372	0.00346	0.00317	0.06234
31	0.04440	0.05778	0.00968	0.00673	0.01016	0.02570	0.00545	0.05358	0.05622	0.02917	0.02531	0.01011	0.00768	0.00378	0.00334	0.00082	0.00340	0.00295	0.04437	0.59936
32	0.02688	0.05332	0.06956	0.02650	0.01202	0.08176	0.03684	0.10811	0.05707	0.08312	0.05714	0.06597	0.01043	0.00508	0.00412	0.00112	0.01775	0.00412	0.00317	0.27591
33	0.13847	0.10232	0.05574	0.00934	0.06053	0.16530	0.02131	0.01484	0.13129	0.07537	0.11243	0.03591	0.03343	0.00559	0.00401	0.00129	0.00449	0.01966	0.00322	0.00545
34	0.02499	0.02935	0.02605	0.01005	0.06206	0.04419	0.06391	0.20718	0.12065	0.13010	0.08342	0.06459	0.02842	0.00604	0.00444	0.00134	0.00422	0.03317	0.00387	0.05196

[dist]
# distance from previous block
# <min> <max>
3	21

[block]
# block no. 2 follows, 61 sequences, length 15
# corresponding to MSA columns:
# 527-541
name=unknown_C
#
# <colnr> <probs for GDERKNQSTAVLIFYWHMCP>
#	G	D	E	R	K	N	Q	S	T	A	V	L	I	F	Y	W	H	M	C	P
0	0.02265	0.09242	0.10649	0.00858	0.01182	0.03054	0.03474	0.10899	0.13961	0.10273	0.09627	0.02513	0.03637	0.00536	0.00434	0.00123	0.02570	0.00431	0.00345	0.13928
1	0.01064	0.01614	0.34510	0.01374	0.13748	0.11816	0.08360	0.04901	0.04160	0.03504	0.02529	0.03294	0.00768	0.00450	0.00421	0.00129	0.00579	0.00382	0.00242	0.06154
2	0.02588	0.01118	0.01049	0.00911	0.02498	0.20046	0.00704	0.13112	0.11094	0.06413	0.06376	0.02630	0.02206	0.00717	0.05778	0.00161	0.08434	0.00406	0.00323	0.13436
3	0.01019	0.00895	0.04103	0.09276	0.40514	0.00868	0.01008	0.03469	0.07193	0.07875	0.12635	0.01646	0.06552	0.00536	0.00445	0.00134	0.00433	0.00484	0.00308	0.00608
4	0.01130	0.00780	0.00882	0.00737	0.00987	0.00790	0.00584	0.17773	0.19614	0.13714	0.13816	0.03632	0.14378	0.00678	0.00449	0.00132	0.00328	0.00562	0.00432	0.08601
5	0.00893	0.00766	0.00893	0.00638	0.01021	0.00574	0.00510	0.01085	0.00893	0.01404	0.00766	0.00893	0.00638	0.00319	0.00319	0.00064	0.00319	0.00255	0.00255	0.87495
6	0.00616	0.00459	0.00681	0.00681	0.00754	0.00532	0.00525	0.00762	0.00689	0.00992	0.01164	0.01748	0.01101	0.07290	0.79129	0.00679	0.01117	0.00470	0.00232	0.00378
7	0.01074	0.00863	0.01094	0.16160	0.08980	0.00955	0.00826	0.21735	0.18791	0.03050	0.06820	0.05030	0.04870	0.00642	0.00459	0.00144	0.00421	0.07129	0.00368	0.00589
8	0.00523	0.00399	0.00480	0.00540	0.00610	0.00357	0.00374	0.00615	0.00896	0.01147	0.06173	0.52906	0.30952	0.01240	0.00534	0.00163	0.00237	0.01095	0.00403	0.00357
9	0.06318	0.00916	0.09545	0.00820	0.02456	0.02069	0.00697	0.05973	0.26455	0.01572	0.09914	0.03214	0.15835	0.02451	0.01786	0.00160	0.05075	0.03839	0.00366	0.00539
10	0.52362	0.00764	0.00744	0.00628	0.00900	0.00808	0.00514	0.01488	0.00938	0.27464	0.08654	0.01181	0.00998	0.00488	0.00342	0.00133	0.00331	0.00348	0.00371	0.00545
11	0.16397	0.06291	0.01103	0.00809	0.01128	0.01012	0.00672	0.25597	0.09011	0.31815	0.01246	0.01169	0.00854	0.00500	0.00395	0.00131	0.00397	0.00378	0.00426	0.00671
12	0.00567	0.00483	0.00494	0.00483	0.00636	0.00433	0.00365	0.00786	0.08610	0.01251	0.07757	0.03862	0.70700	0.01033	0.00502	0.00145	0.00229	0.00863	0.00407	0.00396
13	0.01337	0.27779	0.01482	0.04806	0.01256	0.40634	0.00765	0.06597	0.01092	0.01131	0.00739	0.00978	0.00662	0.08421	0.00529	0.00137	0.00615	0.00308	0.00226	0.00508
14	0.01003	0.02116	0.69714	0.01187	0.01765	0.08757	0.01459	0.01445	0.00960	0.06506	0.00822	0.00932	0.00580	0.00420	0.00409	0.00134	0.00633	0.00322	0.00208	0.00630

[dist]
# distance from previous block
# <min> <max>
0	2

[block]
# block no. 3 follows, 61 sequences, length 8
# corresponding to MSA columns:
# 544-551
name=unknown_D
#
# <colnr> <probs for GDERKNQSTAVLIFYWHMCP>
#	G	D	E	R	K	N	Q	S	T	A	V	L	I	F	Y	W	H	M	C	P
0	0.00604	0.00483	0.00656	0.00701	0.00721	0.00534	0.00503	0.00683	0.00793	0.01088	0.02031	0.68691	0.02415	0.01236	0.00714	0.00178	0.16174	0.01064	0.00360	0.00373
1	0.71304	0.00746	0.00608	0.00573	0.00793	0.00849	0.00454	0.01140	0.00750	0.01774	0.00937	0.16635	0.00919	0.00580	0.00320	0.00141	0.00317	0.00422	0.00292	0.00444
2	0.00631	0.00516	0.00678	0.00676	0.00736	0.00554	0.00501	0.00739	0.00874	0.01205	0.14578	0.44126	0.10692	0.01093	0.00693	0.00164	0.16167	0.00920	0.00365	0.04092
3	0.00584	0.03903	0.03912	0.00613	0.00703	0.00447	0.00466	0.00709	0.00923	0.01237	0.17508	0.53625	0.09096	0.01158	0.00523	0.00161	0.00267	0.03386	0.00396	0.00383
4	0.04748	0.00909	0.00985	0.00832	0.01076	0.00988	0.00656	0.41064	0.13926	0.02063	0.01571	0.20663	0.04702	0.00735	0.00453	0.00141	0.00380	0.00609	0.00412	0.03085
5	0.00748	0.00374	0.00561	0.00561	0.00561	0.00374	0.00374	0.00561	0.00561	0.00748	0.00748	0.01309	0.00748	0.01496	0.01684	0.87467	0.00374	0.00374	0.00187	0.00187
6	0.00748	0.00374	0.00561	0.00561	0.00561	0.00374	0.00374	0.00561	0.00561	0.00748	0.00748	0.01309	0.00748	0.01496	0.01684	0.87467	0.00374	0.00374	0.00187	0.00187
7	0.01217	0.13549	0.23316	0.01090	0.04783	0.18687	0.03999	0.04554	0.10871	0.08559	0.04614	0.01109	0.00865	0.00466	0.00401	0.00125	0.00554	0.00361	0.00278	0.00602

[dist]
# distance from previous block
# <min> <max>
0	33

# created by:
# /st0/software/busco_prod/Augustus/scripts/msa2prfl.pl ./align_prep/126375.fa
