[name]
unknown

[dist]
# distance from previous block
# <min> <max>
6	337

[block]
# block no. 0 follows, 56 sequences, length 20
# corresponding to MSA columns:
# 345-364
name=unknown_A
#
# <colnr> <probs for GDERKNQSTAVLIFYWHMCP>
#	G	D	E	R	K	N	Q	S	T	A	V	L	I	F	Y	W	H	M	C	P
0	0.07456	0.02868	0.05547	0.05790	0.04525	0.12279	0.06501	0.08010	0.01847	0.04713	0.03686	0.04237	0.01093	0.05285	0.00601	0.02910	0.01659	0.05649	0.05150	0.10195
1	0.01278	0.00941	0.01071	0.06519	0.05008	0.06901	0.01995	0.18824	0.08090	0.13573	0.07571	0.07705	0.06707	0.02106	0.01654	0.00154	0.00444	0.00557	0.04772	0.04130
2	0.12137	0.00642	0.00724	0.00657	0.00840	0.00632	0.00496	0.02878	0.07887	0.09810	0.14357	0.12314	0.08817	0.11368	0.02507	0.01390	0.00351	0.03011	0.00399	0.08783
3	0.03727	0.00994	0.02125	0.06839	0.05825	0.08588	0.08169	0.14685	0.06169	0.05249	0.03311	0.13177	0.06179	0.02593	0.02924	0.01827	0.03557	0.01946	0.01553	0.00563
4	0.02165	0.00771	0.00958	0.00916	0.04675	0.03823	0.04243	0.10974	0.05420	0.04292	0.09865	0.23061	0.09119	0.02525	0.00675	0.02851	0.07381	0.02985	0.02793	0.00507
5	0.00978	0.07850	0.01051	0.02012	0.04303	0.05358	0.04162	0.05258	0.12808	0.05677	0.21015	0.07885	0.15498	0.03442	0.00550	0.00155	0.00377	0.00679	0.00405	0.00536
6	0.01027	0.01135	0.08456	0.11019	0.01863	0.03750	0.29371	0.04609	0.03570	0.01475	0.01003	0.04041	0.00826	0.03247	0.00539	0.00144	0.01833	0.00463	0.03612	0.18016
7	0.01103	0.00894	0.07747	0.04360	0.04784	0.01749	0.00739	0.09453	0.12828	0.13626	0.15998	0.07613	0.10334	0.00799	0.02231	0.00160	0.00399	0.00625	0.03963	0.00593
8	0.01547	0.00722	0.00962	0.09996	0.01260	0.00682	0.00670	0.04111	0.03192	0.47658	0.06997	0.01893	0.08037	0.00628	0.00459	0.00141	0.00375	0.00519	0.09495	0.00656
9	0.64398	0.00979	0.00816	0.00758	0.04304	0.06384	0.00576	0.03861	0.00894	0.03506	0.00722	0.00858	0.00574	0.02084	0.00354	0.00140	0.00401	0.00278	0.00289	0.07823
10	0.00628	0.00495	0.00625	0.07567	0.00903	0.00483	0.00507	0.00806	0.04282	0.01275	0.08334	0.35566	0.25827	0.03980	0.00617	0.00181	0.00304	0.06803	0.00409	0.00408
11	0.01195	0.01146	0.01789	0.05073	0.58783	0.04518	0.05534	0.08052	0.03149	0.01584	0.00894	0.01138	0.00733	0.00446	0.00502	0.00140	0.03956	0.00414	0.00252	0.00701
12	0.01023	0.00927	0.00923	0.00839	0.00975	0.14868	0.00645	0.11600	0.01076	0.01396	0.07254	0.01797	0.03402	0.11039	0.29159	0.00383	0.07882	0.00495	0.03842	0.00476
13	0.00703	0.00493	0.00571	0.00574	0.00613	0.00509	0.00366	0.00845	0.07454	0.01055	0.01644	0.09420	0.03196	0.58081	0.07822	0.00401	0.00471	0.02953	0.02486	0.00344
14	0.04068	0.01102	0.13727	0.04722	0.10919	0.00841	0.00899	0.03224	0.08196	0.13861	0.04297	0.01248	0.00946	0.00461	0.00413	0.00119	0.00439	0.00381	0.00328	0.29810
15	0.08373	0.00797	0.00972	0.04914	0.04773	0.00688	0.00626	0.02552	0.01020	0.11607	0.05228	0.05703	0.01044	0.00480	0.00388	0.00103	0.00363	0.00395	0.00329	0.49647
16	0.00950	0.00817	0.01020	0.00752	0.01130	0.00645	0.04576	0.03557	0.00990	0.01511	0.00976	0.07973	0.00884	0.00442	0.00375	0.00085	0.00361	0.00378	0.00289	0.72291
17	0.01022	0.04433	0.06087	0.01301	0.22337	0.02208	0.00858	0.01343	0.07753	0.05377	0.07391	0.01746	0.09654	0.00560	0.00436	0.00123	0.00416	0.02386	0.00320	0.24248
18	0.01208	0.09143	0.12581	0.03182	0.24163	0.19751	0.03130	0.02647	0.06257	0.01417	0.04285	0.02391	0.00890	0.00476	0.00429	0.00128	0.00586	0.00391	0.00259	0.06688
19	0.00719	0.00527	0.00718	0.00720	0.02163	0.00579	0.00521	0.04811	0.00834	0.01164	0.04658	0.04538	0.03559	0.20347	0.50072	0.01908	0.00902	0.00573	0.00284	0.00402

[dist]
# distance from previous block
# <min> <max>
1	2

[block]
# block no. 1 follows, 56 sequences, length 6
# corresponding to MSA columns:
# 367-372
name=unknown_B
#
# <colnr> <probs for GDERKNQSTAVLIFYWHMCP>
#	G	D	E	R	K	N	Q	S	T	A	V	L	I	F	Y	W	H	M	C	P
0	0.00736	0.00560	0.00633	0.00593	0.00736	0.00533	0.00448	0.09590	0.01204	0.01575	0.26756	0.03628	0.34785	0.10654	0.00747	0.00187	0.00295	0.05467	0.00436	0.00435
1	0.01010	0.14213	0.49222	0.01314	0.05913	0.01162	0.09200	0.04532	0.01048	0.01485	0.05998	0.01135	0.00853	0.00461	0.00434	0.00138	0.00616	0.00384	0.00231	0.00650
2	0.00813	0.00622	0.00908	0.00881	0.06343	0.00591	0.08352	0.00973	0.04227	0.04669	0.05510	0.08730	0.18743	0.16042	0.04095	0.09941	0.00429	0.03974	0.00339	0.03820
3	0.00910	0.00765	0.00896	0.00680	0.01022	0.00619	0.00537	0.01198	0.06930	0.01591	0.15640	0.01466	0.01407	0.00472	0.00387	0.00089	0.00319	0.00393	0.00330	0.64349
4	0.01070	0.19727	0.47685	0.01085	0.01642	0.01168	0.01278	0.04516	0.01020	0.04684	0.00834	0.00946	0.00626	0.00424	0.00395	0.00125	0.00576	0.00318	0.00230	0.11648
5	0.01053	0.11656	0.01581	0.49817	0.15679	0.10230	0.01191	0.01312	0.00984	0.01210	0.00789	0.01103	0.00626	0.00444	0.00432	0.00139	0.00610	0.00375	0.00211	0.00559

[dist]
# distance from previous block
# <min> <max>
0	3

[block]
# block no. 2 follows, 56 sequences, length 12
# corresponding to MSA columns:
# 376-378,383-391
name=unknown_C
#
# <colnr> <probs for GDERKNQSTAVLIFYWHMCP>
#	G	D	E	R	K	N	Q	S	T	A	V	L	I	F	Y	W	H	M	C	P
0	0.07981	0.00945	0.01298	0.09814	0.13475	0.03809	0.08443	0.03085	0.01033	0.06122	0.03677	0.01259	0.02138	0.00454	0.00434	0.00118	0.02022	0.01561	0.00287	0.32046
1	0.01052	0.01005	0.01711	0.27851	0.56628	0.01069	0.01367	0.01335	0.01005	0.01398	0.00849	0.01164	0.00691	0.00425	0.00456	0.00142	0.00566	0.00409	0.00220	0.00659
2	0.00611	0.00455	0.00588	0.00645	0.00722	0.00405	0.00442	0.00708	0.00889	0.01215	0.02303	0.72593	0.02723	0.01292	0.00553	0.00171	0.00276	0.01168	0.00406	0.11835
3	0.01023	0.00984	0.01451	0.44974	0.22002	0.05732	0.01191	0.03748	0.01008	0.01336	0.00825	0.01141	0.00651	0.00448	0.00473	0.00139	0.02919	0.00388	0.00227	0.09339
4	0.00620	0.00474	0.00561	0.00552	0.00663	0.00436	0.00404	0.00757	0.01029	0.01355	0.25704	0.05683	0.32514	0.14030	0.07877	0.00248	0.00358	0.04042	0.00407	0.02284
5	0.00750	0.00550	0.00749	0.00758	0.00882	0.00543	0.03075	0.00994	0.05649	0.03527	0.15666	0.10534	0.10351	0.05950	0.06146	0.00234	0.00418	0.32365	0.00418	0.00441
6	0.01014	0.24011	0.33269	0.01122	0.06123	0.02833	0.02722	0.01333	0.00969	0.01337	0.00929	0.05384	0.00820	0.00495	0.00403	0.00126	0.00545	0.03529	0.00231	0.12805
7	0.01074	0.01036	0.01792	0.20557	0.60274	0.01078	0.04768	0.01359	0.01019	0.01426	0.00856	0.01160	0.00700	0.00419	0.00459	0.00141	0.00570	0.00415	0.00222	0.00674
8	0.00777	0.00616	0.00760	0.00685	0.00832	0.03849	0.03523	0.02706	0.04665	0.03228	0.61080	0.03190	0.08340	0.00892	0.00533	0.00147	0.00285	0.02949	0.00475	0.00468
9	0.00952	0.00816	0.00952	0.00680	0.01088	0.00612	0.00544	0.01156	0.00952	0.01496	0.00816	0.00952	0.00680	0.00340	0.00340	0.00068	0.00340	0.00272	0.00272	0.86672
10	0.01086	0.05983	0.02051	0.01483	0.01838	0.08628	0.47369	0.01423	0.04540	0.02855	0.04844	0.03946	0.03771	0.02461	0.02310	0.00170	0.00668	0.03719	0.00281	0.00573
11	0.00657	0.00490	0.00659	0.00665	0.00751	0.00508	0.00493	0.00783	0.00802	0.01109	0.01774	0.14070	0.07919	0.16309	0.40707	0.00492	0.00779	0.05331	0.00304	0.05400

[dist]
# distance from previous block
# <min> <max>
1	4

[block]
# block no. 3 follows, 56 sequences, length 22
# corresponding to MSA columns:
# 396-417
name=unknown_D
#
# <colnr> <probs for GDERKNQSTAVLIFYWHMCP>
#	G	D	E	R	K	N	Q	S	T	A	V	L	I	F	Y	W	H	M	C	P
0	0.00688	0.00559	0.00718	0.00700	0.00821	0.00553	0.03507	0.01975	0.06150	0.01388	0.14502	0.22477	0.26672	0.03343	0.00654	0.00177	0.04468	0.09797	0.00418	0.00434
1	0.01003	0.00955	0.01622	0.42442	0.42421	0.01056	0.01343	0.01292	0.00982	0.01338	0.00840	0.01180	0.00670	0.00434	0.00457	0.00145	0.00578	0.00409	0.00216	0.00620
2	0.01021	0.00750	0.00897	0.00703	0.01009	0.00638	0.00556	0.01251	0.04972	0.10583	0.04024	0.01720	0.06111	0.07599	0.00607	0.00132	0.03509	0.03745	0.00338	0.49835
3	0.00865	0.00712	0.00830	0.00636	0.00936	0.00567	0.00481	0.01021	0.00887	0.01342	0.01112	0.01551	0.03970	0.18199	0.03773	0.00176	0.00391	0.00391	0.00278	0.61883
4	0.01119	0.01069	0.01804	0.07958	0.73256	0.01088	0.01377	0.01428	0.03694	0.01493	0.00894	0.01161	0.00742	0.00419	0.00455	0.00138	0.00544	0.00413	0.00234	0.00713
5	0.00758	0.00554	0.00749	0.00839	0.00951	0.00563	0.00720	0.01040	0.06796	0.01401	0.02396	0.09728	0.02576	0.01232	0.00619	0.00206	0.00409	0.67595	0.00426	0.00442
6	0.01140	0.01085	0.02061	0.01668	0.09938	0.01047	0.46134	0.01570	0.09863	0.08282	0.01285	0.01541	0.04072	0.00496	0.00534	0.00152	0.02351	0.02891	0.00301	0.03591
7	0.01126	0.01080	0.01845	0.05912	0.77989	0.01088	0.01404	0.01400	0.01040	0.01487	0.00862	0.01140	0.00723	0.00411	0.00455	0.00137	0.00548	0.00409	0.00226	0.00719
8	0.06474	0.01045	0.01416	0.42058	0.23091	0.10974	0.01184	0.01315	0.00998	0.01320	0.00894	0.01341	0.00745	0.00490	0.00451	0.00147	0.00594	0.04669	0.00231	0.00564
9	0.00558	0.00405	0.00527	0.00624	0.00662	0.00374	0.00420	0.00641	0.00893	0.01178	0.02710	0.76848	0.09638	0.01415	0.00582	0.00184	0.00263	0.01277	0.00426	0.00374
10	0.10093	0.05091	0.01445	0.41349	0.23835	0.01066	0.01149	0.02863	0.00967	0.01389	0.00982	0.01267	0.04356	0.00479	0.00452	0.00145	0.01858	0.00409	0.00234	0.00572
11	0.00629	0.00465	0.00621	0.00665	0.00695	0.00493	0.00461	0.00710	0.00796	0.01088	0.01927	0.45443	0.02226	0.19076	0.16974	0.00350	0.05713	0.00955	0.00346	0.00368
12	0.00708	0.00511	0.00701	0.00800	0.00900	0.00503	0.00682	0.00900	0.01037	0.01344	0.02581	0.13391	0.07614	0.01279	0.00623	0.00205	0.00394	0.64986	0.00423	0.00415
13	0.00885	0.00852	0.01490	0.75902	0.03097	0.01032	0.07900	0.01198	0.00932	0.01198	0.00826	0.01225	0.00619	0.00453	0.00466	0.00153	0.00626	0.00419	0.00206	0.00519
14	0.87108	0.00888	0.00675	0.00604	0.00888	0.01030	0.00497	0.01350	0.00781	0.02060	0.00639	0.00746	0.00497	0.00426	0.00284	0.00142	0.00355	0.00249	0.00284	0.00497
15	0.00944	0.00852	0.02834	0.07661	0.01285	0.00657	0.00632	0.01164	0.00950	0.01468	0.00816	0.00975	0.00672	0.00352	0.00352	0.00077	0.00371	0.00285	0.00264	0.77388
16	0.00935	0.06169	0.77817	0.01284	0.01949	0.01101	0.01654	0.01450	0.00968	0.01437	0.00815	0.00958	0.00582	0.00434	0.00430	0.00143	0.00670	0.00335	0.00194	0.00674
17	0.00834	0.08209	0.24070	0.01969	0.02262	0.01728	0.03559	0.01163	0.06080	0.01354	0.03435	0.28757	0.03668	0.00845	0.00490	0.00155	0.00452	0.04997	0.00321	0.05651
18	0.00657	0.00588	0.04380	0.00650	0.01908	0.00508	0.00511	0.00859	0.02121	0.01544	0.42937	0.06443	0.23274	0.03354	0.05299	0.00193	0.03095	0.00813	0.00432	0.00435
19	0.01001	0.01007	0.01355	0.01173	0.01182	0.03815	0.00969	0.01101	0.00731	0.01109	0.00713	0.05580	0.00737	0.00829	0.01422	0.00198	0.75919	0.00449	0.00214	0.00496
20	0.01614	0.07187	0.01340	0.01124	0.01376	0.64997	0.00861	0.03822	0.11001	0.01263	0.00858	0.00938	0.00696	0.00488	0.00414	0.00122	0.00741	0.00323	0.00268	0.00566
21	0.01179	0.05978	0.03109	0.01326	0.19472	0.06207	0.00867	0.08016	0.27532	0.04659	0.01320	0.01555	0.01087	0.10735	0.04783	0.00208	0.00516	0.00465	0.00344	0.00642

[dist]
# distance from previous block
# <min> <max>
0	1

[block]
# block no. 4 follows, 56 sequences, length 33
# corresponding to MSA columns:
# 420-428,437-460
name=unknown_E
#
# <colnr> <probs for GDERKNQSTAVLIFYWHMCP>
#	G	D	E	R	K	N	Q	S	T	A	V	L	I	F	Y	W	H	M	C	P
0	0.00570	0.00406	0.00540	0.00636	0.00663	0.00386	0.00424	0.00649	0.00860	0.01150	0.02407	0.75046	0.02869	0.06404	0.04432	0.00227	0.00321	0.01230	0.00409	0.00369
1	0.00673	0.00585	0.00936	0.00846	0.00991	0.00541	0.14817	0.00850	0.02264	0.01306	0.08200	0.42704	0.18810	0.01136	0.00565	0.00171	0.00355	0.03420	0.00397	0.00432
2	0.00890	0.00843	0.01184	0.01056	0.01073	0.01137	0.00859	0.00998	0.00732	0.01107	0.00954	0.11819	0.01006	0.01315	0.14501	0.00286	0.58997	0.00533	0.00237	0.00470
3	0.01110	0.01159	0.05579	0.09030	0.62965	0.02414	0.08200	0.01405	0.01039	0.01463	0.00861	0.01139	0.00706	0.00413	0.00461	0.00139	0.00581	0.00415	0.00224	0.00695
4	0.01084	0.01238	0.02709	0.01935	0.02399	0.01161	0.79334	0.01471	0.01084	0.01471	0.00929	0.01238	0.00697	0.00387	0.00542	0.00155	0.00774	0.00542	0.00232	0.00619
5	0.00679	0.00514	0.00760	0.00804	0.04464	0.00582	0.00576	0.00828	0.00743	0.01064	0.01240	0.01921	0.01193	0.13213	0.68476	0.00674	0.01102	0.00510	0.00249	0.00408
6	0.79319	0.00892	0.00747	0.00715	0.04581	0.01017	0.00547	0.01392	0.00817	0.05612	0.00702	0.00801	0.00537	0.00432	0.00300	0.00142	0.00365	0.00266	0.00294	0.00521
7	0.00571	0.00463	0.00506	0.00501	0.00639	0.00398	0.00374	0.00711	0.01103	0.01390	0.23860	0.07633	0.58013	0.01118	0.00544	0.00154	0.00230	0.00948	0.00446	0.00398
8	0.00661	0.00540	0.00734	0.02138	0.04172	0.00497	0.04238	0.00845	0.01128	0.01485	0.30622	0.07456	0.32355	0.01029	0.00550	0.00159	0.00297	0.10227	0.00432	0.00434
9	0.02060	0.00781	0.01065	0.00817	0.01172	0.00675	0.00675	0.02237	0.01314	0.81320	0.01811	0.01563	0.01136	0.00568	0.00462	0.00142	0.00391	0.00462	0.00568	0.00781
10	0.00791	0.00677	0.02944	0.03148	0.00962	0.00685	0.00591	0.02374	0.27628	0.01457	0.02233	0.48621	0.03861	0.01090	0.00536	0.00173	0.00323	0.00969	0.00428	0.00510
11	0.50014	0.00914	0.00923	0.04801	0.04168	0.01023	0.03295	0.13089	0.04179	0.02012	0.02561	0.04583	0.04391	0.00539	0.00371	0.00145	0.00398	0.00398	0.01648	0.00550
12	0.87108	0.00888	0.00675	0.00604	0.00888	0.01030	0.00497	0.01350	0.00781	0.02060	0.00639	0.00746	0.00497	0.00426	0.00284	0.00142	0.00355	0.00249	0.00284	0.00497
13	0.87108	0.00888	0.00675	0.00604	0.00888	0.01030	0.00497	0.01350	0.00781	0.02060	0.00639	0.00746	0.00497	0.00426	0.00284	0.00142	0.00355	0.00249	0.00284	0.00497
14	0.00867	0.00816	0.01377	0.82762	0.03162	0.01020	0.01275	0.01173	0.00918	0.01173	0.00816	0.01224	0.00612	0.00459	0.00459	0.00153	0.00612	0.00408	0.00204	0.00510
15	0.00608	0.00439	0.00585	0.00685	0.00741	0.00416	0.00507	0.00726	0.00938	0.01231	0.02635	0.57189	0.07776	0.01375	0.00596	0.00191	0.00307	0.22241	0.00425	0.00387
16	0.01109	0.01019	0.01613	0.32816	0.43896	0.04585	0.01297	0.01382	0.01023	0.05600	0.00889	0.01179	0.00700	0.00439	0.00455	0.00142	0.00575	0.00406	0.00237	0.00640
17	0.00826	0.00625	0.00857	0.00790	0.00830	0.00754	0.00599	0.03800	0.00758	0.01075	0.03339	0.01747	0.02716	0.14590	0.20326	0.22751	0.22510	0.00488	0.00246	0.00374
18	0.39574	0.01262	0.13200	0.04523	0.04918	0.09769	0.00837	0.04489	0.04275	0.02940	0.00875	0.00996	0.02036	0.00474	0.00403	0.00140	0.03279	0.00325	0.02226	0.03461
19	0.01074	0.01120	0.01396	0.01203	0.01226	0.09286	0.00993	0.01176	0.00762	0.01107	0.00613	0.00987	0.00602	0.00771	0.01400	0.00193	0.74990	0.00391	0.00204	0.00505
20	0.00665	0.00458	0.00527	0.00535	0.00553	0.00460	0.00320	0.00718	0.02771	0.00964	0.01661	0.10727	0.04454	0.67325	0.05657	0.00416	0.00454	0.00727	0.00301	0.00309
21	0.00921	0.02375	0.81487	0.01309	0.01987	0.01066	0.01696	0.01454	0.00969	0.01454	0.00824	0.00969	0.00582	0.00436	0.00436	0.00145	0.00678	0.00339	0.00194	0.00678
22	0.00808	0.00572	0.00805	0.00852	0.00985	0.00568	0.02966	0.01065	0.04537	0.04749	0.05276	0.06447	0.05190	0.01174	0.00609	0.00199	0.00411	0.61904	0.00429	0.00455
23	0.00803	0.00511	0.00625	0.00613	0.00764	0.00455	0.00478	0.00957	0.01113	0.12361	0.18241	0.13524	0.34079	0.01087	0.00550	0.00163	0.00284	0.12477	0.00460	0.00454
24	0.00867	0.00816	0.01377	0.82762	0.03162	0.01020	0.01275	0.01173	0.00918	0.01173	0.00816	0.01224	0.00612	0.00459	0.00459	0.00153	0.00612	0.00408	0.00204	0.00510
25	0.00715	0.00583	0.00670	0.04139	0.00867	0.06671	0.00544	0.00814	0.00911	0.01162	0.02098	0.47174	0.02412	0.08064	0.03143	0.04092	0.00400	0.14783	0.00374	0.00385
26	0.03720	0.00902	0.01077	0.02571	0.05293	0.00997	0.03035	0.07759	0.40619	0.06341	0.08187	0.02040	0.04851	0.02429	0.00556	0.00162	0.03192	0.05194	0.00428	0.00646
27	0.00606	0.00468	0.00528	0.00546	0.00660	0.00423	0.00400	0.00767	0.03305	0.01342	0.14389	0.19866	0.41928	0.04707	0.00620	0.00173	0.00257	0.04335	0.04281	0.00399
28	0.41781	0.00763	0.00731	0.00661	0.00889	0.02313	0.00521	0.02787	0.00953	0.15943	0.03245	0.11717	0.05285	0.06552	0.00538	0.00172	0.00362	0.03900	0.00373	0.00513
29	0.00900	0.00850	0.01437	0.72980	0.12686	0.01029	0.01291	0.01202	0.00934	0.01213	0.00822	0.01213	0.00626	0.00453	0.00458	0.00151	0.00604	0.00408	0.00207	0.00537
30	0.01178	0.01230	0.03275	0.06502	0.55704	0.10876	0.03928	0.01461	0.03349	0.01422	0.00856	0.01112	0.00713	0.00451	0.00522	0.00141	0.05974	0.00401	0.00232	0.00673
31	0.00612	0.00451	0.00577	0.00651	0.00726	0.00422	0.00488	0.00738	0.00973	0.01266	0.07433	0.40511	0.17655	0.04414	0.00654	0.00194	0.00304	0.21115	0.00424	0.00389
32	0.01195	0.65379	0.05041	0.00851	0.02944	0.06127	0.00800	0.01356	0.00953	0.01130	0.00766	0.00909	0.02169	0.02839	0.00377	0.00111	0.00502	0.00283	0.00211	0.06059

[dist]
# distance from previous block
# <min> <max>
0	3

[block]
# block no. 5 follows, 56 sequences, length 86
# corresponding to MSA columns:
# 464-476,482-489,492-556
name=unknown_F
#
# <colnr> <probs for GDERKNQSTAVLIFYWHMCP>
#	G	D	E	R	K	N	Q	S	T	A	V	L	I	F	Y	W	H	M	C	P
0	0.03172	0.12068	0.08174	0.01525	0.20639	0.21319	0.04137	0.17807	0.02482	0.01649	0.00851	0.00990	0.00677	0.00465	0.00444	0.00130	0.02181	0.00359	0.00276	0.00655
1	0.00980	0.05110	0.03637	0.49242	0.21653	0.01082	0.01238	0.02805	0.05650	0.01344	0.02397	0.01240	0.00758	0.00463	0.00451	0.00146	0.00567	0.00413	0.00235	0.00587
2	0.00914	0.00587	0.00861	0.00870	0.01023	0.00567	0.04435	0.01126	0.01101	0.11650	0.07247	0.06781	0.02476	0.01121	0.00600	0.00195	0.00418	0.57113	0.00438	0.00477
3	0.00665	0.00446	0.00500	0.00500	0.00503	0.00444	0.00280	0.00667	0.00676	0.00898	0.01517	0.03035	0.03403	0.82054	0.02297	0.00439	0.00440	0.00674	0.00281	0.00281
4	0.03267	0.00797	0.01044	0.00818	0.01154	0.00723	0.00670	0.04718	0.06317	0.69129	0.01786	0.03576	0.01179	0.00590	0.00460	0.00143	0.00386	0.00481	0.02007	0.00757
5	0.00638	0.00532	0.00631	0.00599	0.00748	0.00489	0.03485	0.00864	0.07314	0.01361	0.14003	0.10326	0.48864	0.05707	0.00642	0.00174	0.00280	0.02498	0.00424	0.00423
6	0.00788	0.00405	0.00608	0.00608	0.00613	0.00411	0.00411	0.00613	0.00608	0.00816	0.00827	0.01423	0.00821	0.01721	0.07253	0.80799	0.00455	0.00405	0.00203	0.00214
7	0.00867	0.00816	0.01377	0.82762	0.03162	0.01020	0.01275	0.01173	0.00918	0.01173	0.00816	0.01224	0.00612	0.00459	0.00459	0.00153	0.00612	0.00408	0.00204	0.00510
8	0.00620	0.00468	0.00573	0.00547	0.00668	0.00421	0.00410	0.00809	0.01230	0.01676	0.59869	0.03701	0.25326	0.01000	0.00542	0.00147	0.00221	0.00868	0.00484	0.00421
9	0.01152	0.54842	0.08454	0.00846	0.01266	0.01465	0.03113	0.03373	0.00976	0.01259	0.00712	0.00826	0.00616	0.00389	0.00327	0.00098	0.00482	0.00272	0.00221	0.19309
10	0.01400	0.12943	0.01221	0.00775	0.01146	0.00862	0.00655	0.07141	0.01159	0.27585	0.01212	0.01331	0.00916	0.00481	0.00396	0.00108	0.00394	0.04028	0.00378	0.35868
11	0.00942	0.00805	0.00941	0.00679	0.01077	0.00606	0.00541	0.01142	0.00950	0.01487	0.00861	0.03144	0.00743	0.00369	0.00347	0.00071	0.00338	0.00299	0.00276	0.84383
12	0.00797	0.00399	0.00598	0.00598	0.00598	0.00399	0.00399	0.00598	0.00598	0.00797	0.00797	0.01396	0.00797	0.01595	0.01794	0.86643	0.00399	0.00399	0.00199	0.00199
13	0.01066	0.01209	0.02634	0.01890	0.02340	0.01134	0.76616	0.01442	0.01077	0.01460	0.00984	0.04074	0.00777	0.00423	0.00543	0.00156	0.00757	0.00568	0.00239	0.00611
14	0.01000	0.00814	0.00957	0.00686	0.01092	0.00615	0.00550	0.01203	0.00968	0.04954	0.00859	0.00978	0.00700	0.00350	0.00345	0.00071	0.00342	0.00280	0.00285	0.82951
15	0.00605	0.00464	0.00556	0.00554	0.00672	0.00415	0.00415	0.00771	0.01154	0.01531	0.41257	0.11531	0.32683	0.01085	0.00550	0.00155	0.00237	0.04490	0.00464	0.00410
16	0.01161	0.00981	0.01036	0.00922	0.01177	0.01128	0.00716	0.07728	0.70955	0.01939	0.01795	0.01732	0.01371	0.04572	0.00555	0.00168	0.00377	0.00519	0.00458	0.00709
17	0.01115	0.01081	0.01789	0.12952	0.69293	0.02917	0.01380	0.01389	0.01035	0.01450	0.00854	0.01140	0.00709	0.00417	0.00454	0.00138	0.00560	0.00406	0.00225	0.00695
18	0.01107	0.01062	0.01805	0.10711	0.71472	0.01091	0.01387	0.01379	0.01025	0.01458	0.00853	0.01142	0.00713	0.00423	0.00479	0.00139	0.02423	0.00409	0.00224	0.00701
19	0.72354	0.00957	0.00796	0.00682	0.00980	0.01098	0.00562	0.14852	0.01019	0.02204	0.00719	0.00807	0.00546	0.00448	0.00314	0.00141	0.00381	0.00277	0.00314	0.00546
20	0.01028	0.01075	0.02205	0.01612	0.01994	0.01018	0.58835	0.01352	0.01076	0.04170	0.05872	0.04430	0.06892	0.00535	0.00577	0.00155	0.04081	0.00602	0.00280	0.02210
21	0.87108	0.00888	0.00675	0.00604	0.00888	0.01030	0.00497	0.01350	0.00781	0.02060	0.00639	0.00746	0.00497	0.00426	0.00284	0.00142	0.00355	0.00249	0.00284	0.00497
22	0.01073	0.01074	0.01986	0.01580	0.06387	0.01100	0.42287	0.08698	0.03098	0.01582	0.06778	0.03483	0.01158	0.00589	0.00662	0.00162	0.11560	0.05853	0.00292	0.00595
23	0.00888	0.00837	0.01415	0.76554	0.09206	0.01025	0.01285	0.01191	0.00928	0.01198	0.00820	0.01217	0.00621	0.00455	0.00459	0.00152	0.00607	0.00408	0.00206	0.00527
24	0.00741	0.00536	0.00750	0.00848	0.00949	0.00545	0.00737	0.00945	0.01043	0.01361	0.02389	0.07508	0.02605	0.01262	0.00654	0.00210	0.02434	0.73643	0.00417	0.00423
25	0.87108	0.00888	0.00675	0.00604	0.00888	0.01030	0.00497	0.01350	0.00781	0.02060	0.00639	0.00746	0.00497	0.00426	0.00284	0.00142	0.00355	0.00249	0.00284	0.00497
26	0.78245	0.00886	0.00727	0.02284	0.00962	0.01012	0.00531	0.02670	0.00842	0.07406	0.00729	0.00816	0.00547	0.00438	0.00302	0.00142	0.00365	0.00269	0.00305	0.00521
27	0.87108	0.00888	0.00675	0.00604	0.00888	0.01030	0.00497	0.01350	0.00781	0.02060	0.00639	0.00746	0.00497	0.00426	0.00284	0.00142	0.00355	0.00249	0.00284	0.00497
28	0.01136	0.01091	0.01863	0.02818	0.81002	0.01091	0.01409	0.01409	0.01045	0.01500	0.00864	0.01136	0.00727	0.00409	0.00455	0.00136	0.00545	0.00409	0.00227	0.00727
29	0.87108	0.00888	0.00675	0.00604	0.00888	0.01030	0.00497	0.01350	0.00781	0.02060	0.00639	0.00746	0.00497	0.00426	0.00284	0.00142	0.00355	0.00249	0.00284	0.00497
30	0.10369	0.01017	0.01123	0.00892	0.01214	0.07703	0.00729	0.16729	0.01389	0.47753	0.01406	0.01304	0.00933	0.00555	0.00493	0.00142	0.04644	0.00414	0.00473	0.00718
31	0.00595	0.00476	0.00487	0.00478	0.00639	0.00398	0.00361	0.00714	0.01059	0.03909	0.05680	0.04309	0.77040	0.01140	0.00540	0.00154	0.00238	0.00950	0.00432	0.00401
32	0.01255	0.70163	0.02219	0.00837	0.01186	0.03378	0.00804	0.01398	0.00936	0.04895	0.00692	0.00804	0.00617	0.00444	0.00426	0.00111	0.08759	0.00272	0.00215	0.00588
33	0.00984	0.01036	0.05160	0.01173	0.01211	0.01335	0.01004	0.01110	0.00724	0.01136	0.00659	0.01050	0.00636	0.00873	0.04279	0.00215	0.74056	0.00403	0.02450	0.00505
34	0.00656	0.00492	0.00738	0.00738	0.00820	0.00574	0.00574	0.00820	0.00738	0.01066	0.01230	0.01804	0.01148	0.03443	0.82046	0.00738	0.01230	0.00492	0.00246	0.00410
35	0.00870	0.00512	0.00664	0.00600	0.00745	0.00468	0.00459	0.01079	0.01272	0.13512	0.61946	0.03046	0.05005	0.00858	0.00514	0.00141	0.00242	0.00749	0.06833	0.00483
36	0.01155	0.00993	0.01045	0.00937	0.01199	0.01148	0.00730	0.04081	0.78510	0.01941	0.01852	0.01700	0.01388	0.00621	0.00467	0.00155	0.00366	0.00517	0.00467	0.00728
37	0.00952	0.00816	0.00952	0.00680	0.01088	0.00612	0.00544	0.01156	0.00952	0.01496	0.00816	0.00952	0.00680	0.00340	0.00340	0.00068	0.00340	0.00272	0.00272	0.86672
38	0.00610	0.00468	0.00558	0.00535	0.00661	0.00416	0.00402	0.00789	0.01205	0.01616	0.52260	0.03800	0.32972	0.01022	0.00542	0.00148	0.00223	0.00882	0.00476	0.00416
39	0.01107	0.01061	0.01811	0.11517	0.72532	0.01083	0.01394	0.01383	0.01032	0.01464	0.00858	0.01146	0.00715	0.00414	0.00455	0.00138	0.00553	0.00409	0.00225	0.00704
40	0.01855	0.00919	0.03762	0.00958	0.05165	0.00812	0.00764	0.11493	0.04091	0.58737	0.01601	0.01443	0.01042	0.00545	0.00455	0.00138	0.00418	0.00442	0.00508	0.04853
41	0.72337	0.07635	0.05208	0.00700	0.02021	0.01105	0.00609	0.01352	0.00805	0.01918	0.00651	0.00769	0.00515	0.00433	0.00326	0.00140	0.02431	0.00259	0.00269	0.00517
42	0.00903	0.00886	0.01597	0.69427	0.03036	0.01043	0.14153	0.01222	0.00945	0.01222	0.00835	0.01226	0.00626	0.00447	0.00473	0.00153	0.00639	0.00430	0.00209	0.00528
43	0.00606	0.00468	0.00553	0.00532	0.00659	0.00415	0.00399	0.00782	0.01197	0.01598	0.49918	0.03830	0.35326	0.01029	0.00542	0.00149	0.00223	0.00886	0.00473	0.00415
44	0.00546	0.00465	0.00469	0.00468	0.00622	0.00389	0.00351	0.00665	0.01054	0.01258	0.06884	0.04389	0.78572	0.01156	0.00543	0.00155	0.00232	0.00965	0.00429	0.00389
45	0.00587	0.00447	0.00535	0.00562	0.00657	0.00402	0.00404	0.00716	0.01043	0.01362	0.23249	0.28491	0.31237	0.04852	0.00638	0.00177	0.00255	0.03557	0.00440	0.00391
46	0.00921	0.02375	0.81487	0.01309	0.01987	0.01066	0.01696	0.01454	0.00969	0.01454	0.00824	0.00969	0.00582	0.00436	0.00436	0.00145	0.00678	0.00339	0.00194	0.00678
47	0.00613	0.00454	0.00572	0.00572	0.00671	0.00413	0.00418	0.00783	0.01168	0.01598	0.51380	0.20654	0.16845	0.01082	0.00551	0.00155	0.00230	0.00955	0.00475	0.00413
48	0.69109	0.00905	0.00782	0.00668	0.00968	0.01014	0.00550	0.07678	0.00961	0.12575	0.00831	0.00882	0.00604	0.00455	0.00321	0.00142	0.00372	0.00290	0.00335	0.00557
49	0.87108	0.00888	0.00675	0.00604	0.00888	0.01030	0.00497	0.01350	0.00781	0.02060	0.00639	0.00746	0.00497	0.00426	0.00284	0.00142	0.00355	0.00249	0.00284	0.00497
50	0.01111	0.04940	0.03342	0.04013	0.38546	0.09806	0.02236	0.01347	0.02239	0.01378	0.00996	0.05060	0.02626	0.00521	0.00544	0.00135	0.08902	0.00431	0.01796	0.10031
51	0.00780	0.00434	0.00459	0.00463	0.00564	0.00422	0.00339	0.00966	0.00982	0.01606	0.09280	0.07769	0.08501	0.04718	0.00476	0.00136	0.00231	0.00584	0.60876	0.00414
52	0.01041	0.09079	0.63502	0.01245	0.01856	0.01170	0.03129	0.09760	0.02268	0.01583	0.00856	0.00980	0.00618	0.00446	0.00429	0.00141	0.00642	0.00346	0.00227	0.00681
53	0.00710	0.00480	0.00648	0.00640	0.00695	0.00521	0.00452	0.00800	0.00725	0.03653	0.01330	0.02282	0.01355	0.36482	0.44811	0.02361	0.00861	0.00561	0.00269	0.00364
54	0.01071	0.07555	0.11879	0.03383	0.03741	0.00783	0.01671	0.02722	0.00970	0.16363	0.04865	0.03235	0.05765	0.26504	0.01068	0.00234	0.03197	0.00536	0.00331	0.04125
55	0.00929	0.02317	0.77477	0.01340	0.02008	0.01071	0.05648	0.01455	0.00975	0.01455	0.00829	0.00983	0.00587	0.00434	0.00442	0.00146	0.00683	0.00350	0.00196	0.00675
56	0.00736	0.00490	0.00634	0.00586	0.00714	0.00446	0.00444	0.00944	0.01284	0.07053	0.70697	0.03369	0.08992	0.00928	0.00536	0.00145	0.00229	0.00815	0.00504	0.00453
57	0.01039	0.01145	0.11377	0.07838	0.47380	0.01010	0.05546	0.01328	0.00991	0.03155	0.00967	0.04039	0.00826	0.00760	0.08463	0.00202	0.02598	0.00448	0.00237	0.00653
58	0.13607	0.10147	0.06251	0.11645	0.18221	0.01068	0.04537	0.02827	0.04726	0.01516	0.02936	0.01124	0.00787	0.00565	0.03661	0.00154	0.02938	0.00370	0.00257	0.12662
59	0.00744	0.00494	0.00613	0.00606	0.00688	0.00482	0.00433	0.00875	0.03661	0.05004	0.17474	0.06215	0.11367	0.28255	0.06421	0.06511	0.00408	0.08994	0.00373	0.00382
60	0.00565	0.00403	0.00539	0.00645	0.00674	0.00378	0.00436	0.00649	0.00884	0.01178	0.02527	0.81202	0.03025	0.01433	0.00587	0.00187	0.00271	0.03615	0.00426	0.00374
61	0.08774	0.07071	0.15930	0.10575	0.07114	0.06209	0.15052	0.08061	0.09293	0.01586	0.00928	0.01103	0.00712	0.00476	0.00499	0.00146	0.05182	0.00399	0.00266	0.00625
62	0.01107	0.11849	0.05796	0.02516	0.09244	0.15382	0.11706	0.04015	0.03352	0.01354	0.03706	0.07715	0.10103	0.00635	0.00535	0.00141	0.06616	0.00525	0.00284	0.03420
63	0.00616	0.00462	0.00559	0.00556	0.00670	0.00420	0.00415	0.00784	0.01134	0.01531	0.40231	0.11890	0.28585	0.01156	0.03773	0.00176	0.00272	0.02941	0.03419	0.00411
64	0.02023	0.00797	0.01067	0.00820	0.01171	0.00703	0.00677	0.05599	0.01344	0.76335	0.01774	0.01545	0.01122	0.00567	0.00459	0.00141	0.00392	0.00459	0.02234	0.00774
65	0.01312	0.05338	0.10682	0.03421	0.09533	0.21680	0.03780	0.06875	0.01139	0.08495	0.01039	0.03080	0.00898	0.00608	0.00620	0.00150	0.13420	0.07046	0.00287	0.00596
66	0.00999	0.01007	0.01556	0.23058	0.26059	0.07590	0.13501	0.01257	0.01029	0.01338	0.01399	0.05406	0.10442	0.00566	0.00479	0.00146	0.00563	0.00530	0.02503	0.00572
67	0.00605	0.00428	0.00572	0.00673	0.00717	0.00408	0.00484	0.00713	0.00911	0.01217	0.02460	0.63785	0.02882	0.03534	0.00636	0.00197	0.00302	0.16889	0.02206	0.00382
68	0.00952	0.00816	0.00952	0.00680	0.01088	0.00612	0.00544	0.01156	0.00952	0.01496	0.00816	0.00952	0.00680	0.00340	0.00340	0.00068	0.00340	0.00272	0.00272	0.86672
69	0.00670	0.00444	0.00500	0.00502	0.00505	0.00443	0.00282	0.00676	0.00678	0.00914	0.01469	0.04543	0.01685	0.80384	0.02257	0.00432	0.00436	0.00675	0.02223	0.00283
70	0.01185	0.08495	0.02837	0.03648	0.54673	0.01100	0.04175	0.01487	0.04324	0.06836	0.00947	0.01144	0.00762	0.00423	0.00437	0.00131	0.00521	0.00398	0.00260	0.06216
71	0.02003	0.00793	0.01058	0.00815	0.01162	0.00702	0.00672	0.05865	0.01342	0.74853	0.01767	0.01546	0.01121	0.00566	0.00457	0.00141	0.00390	0.00458	0.03520	0.00769
72	0.00840	0.00990	0.15357	0.10902	0.14344	0.00778	0.01025	0.01160	0.04258	0.01393	0.02890	0.04722	0.10956	0.00846	0.00529	0.00170	0.00480	0.27499	0.00328	0.00535
73	0.01682	0.00724	0.00964	0.00755	0.01064	0.00622	0.00610	0.01863	0.01256	0.58308	0.14335	0.01851	0.01622	0.03372	0.00525	0.00145	0.00360	0.00509	0.00520	0.08913
74	0.00641	0.00465	0.00587	0.00561	0.00672	0.00426	0.00419	0.00842	0.01245	0.01745	0.66593	0.06051	0.13158	0.00967	0.00535	0.00146	0.00220	0.00848	0.03453	0.00426
75	0.01699	0.03350	0.01380	0.01051	0.01405	0.06508	0.00864	0.68602	0.06185	0.02686	0.01106	0.01108	0.00797	0.00546	0.00453	0.00137	0.00518	0.00407	0.00439	0.00758
76	0.01013	0.01216	0.08835	0.02669	0.01958	0.02557	0.47160	0.01329	0.00969	0.01348	0.00906	0.02220	0.00742	0.00796	0.09104	0.00222	0.15657	0.00497	0.00227	0.00576
77	0.01026	0.11337	0.50309	0.02930	0.12411	0.01155	0.06490	0.03023	0.01989	0.02602	0.00854	0.01020	0.00641	0.00478	0.01700	0.00149	0.00641	0.00360	0.00216	0.00668
78	0.02490	0.00637	0.03406	0.00844	0.07490	0.00572	0.00631	0.00957	0.05483	0.01368	0.04729	0.05426	0.36819	0.01138	0.03257	0.00189	0.00372	0.23337	0.00396	0.00458
79	0.00613	0.00438	0.00594	0.00700	0.00750	0.00419	0.00519	0.00732	0.00932	0.01232	0.02501	0.60335	0.02920	0.01388	0.00600	0.00194	0.00313	0.24008	0.00425	0.00388
80	0.01047	0.29456	0.29811	0.03952	0.03847	0.04602	0.07838	0.01388	0.03386	0.01297	0.00998	0.07156	0.02336	0.00513	0.00412	0.00133	0.00575	0.00417	0.00231	0.00606
81	0.02580	0.05774	0.27292	0.10732	0.23221	0.01067	0.09054	0.02668	0.02613	0.03388	0.01071	0.01265	0.04673	0.00491	0.00476	0.01750	0.00585	0.00420	0.00240	0.00641
82	0.00906	0.05347	0.10461	0.18259	0.09163	0.01821	0.06367	0.02447	0.01022	0.02405	0.01596	0.04158	0.05818	0.00816	0.01973	0.00177	0.01624	0.24808	0.00302	0.00531
83	0.01321	0.03496	0.10089	0.13086	0.18960	0.00936	0.07968	0.02666	0.01110	0.25979	0.02834	0.04102	0.02714	0.00536	0.00486	0.00145	0.02085	0.00475	0.00344	0.00666
84	0.02575	0.01329	0.28509	0.10725	0.07686	0.00891	0.02350	0.02773	0.01081	0.20755	0.04711	0.03602	0.05247	0.00587	0.00498	0.00150	0.03036	0.02523	0.00332	0.00640
85	0.01127	0.08937	0.16135	0.03045	0.30480	0.11951	0.04799	0.01421	0.03109	0.02395	0.01051	0.05669	0.01891	0.00553	0.00481	0.02101	0.00581	0.03398	0.00250	0.00625

[dist]
# distance from previous block
# <min> <max>
0	7

[block]
# block no. 6 follows, 56 sequences, length 20
# corresponding to MSA columns:
# 564-583
name=unknown_G
#
# <colnr> <probs for GDERKNQSTAVLIFYWHMCP>
#	G	D	E	R	K	N	Q	S	T	A	V	L	I	F	Y	W	H	M	C	P
0	0.01585	0.16614	0.05986	0.01120	0.01409	0.63381	0.00915	0.01731	0.01218	0.01134	0.00703	0.00820	0.00590	0.00457	0.00394	0.00116	0.00760	0.00289	0.00227	0.00550
1	0.00900	0.06110	0.04265	0.01067	0.02798	0.00820	0.19939	0.05507	0.03927	0.01466	0.03387	0.20013	0.08143	0.00822	0.00512	0.00156	0.00459	0.09951	0.04394	0.05364
2	0.01629	0.02075	0.05803	0.01184	0.01438	0.68022	0.00939	0.06133	0.01294	0.01240	0.00732	0.00862	0.00602	0.00496	0.00485	0.00126	0.05833	0.00311	0.00244	0.00553
3	0.00998	0.00977	0.03438	0.04053	0.11720	0.06145	0.02873	0.01206	0.00958	0.01393	0.00906	0.04923	0.00809	0.01723	0.03082	0.00129	0.06314	0.00376	0.00259	0.47718
4	0.00763	0.00493	0.00687	0.00675	0.00732	0.00534	0.00488	0.05137	0.00768	0.01060	0.01165	0.06327	0.01164	0.11107	0.35829	0.31200	0.00756	0.00519	0.00255	0.00340
5	0.01127	0.00999	0.01025	0.00903	0.01163	0.06147	0.00704	0.05334	0.53474	0.01765	0.01565	0.01550	0.01209	0.00893	0.09604	0.00207	0.00493	0.00468	0.00404	0.10966
6	0.00721	0.00493	0.00668	0.00755	0.03330	0.00486	0.00557	0.00803	0.00880	0.01153	0.02027	0.10398	0.06489	0.18873	0.01178	0.14930	0.00404	0.35149	0.00348	0.00358
7	0.01089	0.01367	0.18749	0.02470	0.61743	0.01088	0.03978	0.01420	0.01030	0.01489	0.00857	0.01104	0.00695	0.00414	0.00453	0.00139	0.00581	0.00399	0.00220	0.00713
8	0.00656	0.00490	0.00729	0.00729	0.00808	0.00569	0.00563	0.00814	0.00735	0.01059	0.01238	0.01848	0.01167	0.06450	0.79066	0.00727	0.01200	0.00498	0.00247	0.00405
9	0.00597	0.00451	0.00537	0.00574	0.00673	0.00407	0.00423	0.00728	0.01026	0.01334	0.15536	0.28232	0.33186	0.02915	0.00595	0.00173	0.00264	0.08908	0.03048	0.00393
10	0.00589	0.00467	0.00520	0.00513	0.00643	0.00409	0.00382	0.00730	0.01097	0.01398	0.26621	0.04066	0.50752	0.06337	0.00659	0.00172	0.00248	0.03560	0.00440	0.00395
11	0.01030	0.01088	0.02203	0.01917	0.18780	0.01035	0.50360	0.01365	0.01100	0.01517	0.10526	0.01631	0.01213	0.00492	0.00527	0.00152	0.00645	0.03536	0.00271	0.00612
12	0.01587	0.01982	0.01219	0.01110	0.01332	0.72259	0.00833	0.01718	0.01301	0.01209	0.10289	0.01139	0.01039	0.00529	0.00429	0.00121	0.00755	0.00360	0.00269	0.00520
13	0.01518	0.03832	0.01324	0.04306	0.02702	0.60782	0.05807	0.01676	0.01219	0.01223	0.00823	0.00978	0.00671	0.00472	0.00410	0.00120	0.00730	0.00332	0.10546	0.00529
14	0.00689	0.00517	0.00668	0.00713	0.00836	0.00476	0.00570	0.00846	0.00983	0.01303	0.02505	0.26491	0.11843	0.03332	0.00619	0.00187	0.00347	0.35951	0.00402	0.10722
15	0.35000	0.04086	0.00929	0.00773	0.01009	0.11757	0.03455	0.08404	0.01085	0.02732	0.10631	0.11145	0.02717	0.00642	0.00402	0.00142	0.00418	0.00498	0.03663	0.00512
16	0.56301	0.04130	0.00848	0.00700	0.00974	0.10282	0.00568	0.08162	0.00999	0.01891	0.01168	0.01226	0.10147	0.00529	0.00346	0.00139	0.00413	0.00354	0.00308	0.00516
17	0.00958	0.00582	0.00665	0.10367	0.00966	0.00622	0.00509	0.10956	0.01105	0.01776	0.01405	0.04634	0.01129	0.00562	0.00365	0.00119	0.00300	0.00456	0.62043	0.00480
18	0.01018	0.01046	0.01655	0.13714	0.06770	0.03388	0.15546	0.01214	0.00846	0.01209	0.00745	0.02411	0.00668	0.00651	0.01060	0.00179	0.46687	0.00441	0.00213	0.00538
19	0.01121	0.01094	0.01429	0.27675	0.23221	0.12131	0.03999	0.07663	0.03980	0.01398	0.00955	0.01368	0.00812	0.10439	0.00680	0.00178	0.00592	0.00433	0.00255	0.00577

[dist]
# distance from previous block
# <min> <max>
0	5

[block]
# block no. 7 follows, 56 sequences, length 10
# corresponding to MSA columns:
# 589-598
name=unknown_H
#
# <colnr> <probs for GDERKNQSTAVLIFYWHMCP>
#	G	D	E	R	K	N	Q	S	T	A	V	L	I	F	Y	W	H	M	C	P
0	0.00754	0.00843	0.12534	0.00767	0.00963	0.02412	0.02900	0.02818	0.03267	0.01321	0.13569	0.02604	0.15070	0.17043	0.19129	0.00337	0.00602	0.02287	0.00328	0.00451
1	0.01130	0.71892	0.02132	0.00764	0.01103	0.01605	0.00733	0.01267	0.00925	0.01094	0.00915	0.12853	0.00947	0.00546	0.00337	0.00111	0.00458	0.00400	0.00230	0.00558
2	0.01028	0.00894	0.01277	0.06581	0.18553	0.01048	0.00945	0.12540	0.01034	0.01456	0.01082	0.07139	0.01036	0.05316	0.11666	0.00258	0.23579	0.03732	0.00279	0.00556
3	0.01054	0.01040	0.01342	0.14764	0.33034	0.12758	0.01024	0.02843	0.01025	0.01315	0.03282	0.08209	0.02614	0.09754	0.02492	0.00189	0.01917	0.00518	0.00263	0.00562
4	0.00882	0.00694	0.01078	0.00920	0.01027	0.04795	0.14653	0.00884	0.00751	0.00996	0.00897	0.01451	0.00849	0.05582	0.12821	0.45010	0.05701	0.00446	0.00218	0.00344
5	0.00664	0.00462	0.00569	0.00570	0.00602	0.00473	0.00371	0.00732	0.00798	0.01104	0.13112	0.10931	0.02094	0.49396	0.12100	0.00400	0.02288	0.00722	0.02276	0.00336
6	0.52170	0.01117	0.01070	0.00896	0.01185	0.13990	0.12095	0.01445	0.02768	0.01785	0.00812	0.01019	0.00653	0.00460	0.00358	0.00140	0.00487	0.02351	0.04678	0.00520
7	0.01203	0.04298	0.08612	0.04446	0.57609	0.01162	0.01328	0.12824	0.01194	0.01676	0.00885	0.01104	0.00714	0.00433	0.00448	0.00136	0.00551	0.00398	0.00257	0.00720
8	0.00694	0.00544	0.00794	0.00772	0.00840	0.00655	0.00600	0.00840	0.00729	0.01058	0.01176	0.01799	0.01124	0.08632	0.67878	0.00660	0.10053	0.00494	0.00243	0.00411
9	0.00705	0.00689	0.05193	0.08769	0.02258	0.02867	0.03367	0.00903	0.02326	0.01338	0.14917	0.27474	0.18879	0.01100	0.02885	0.00180	0.01585	0.03739	0.00381	0.00445

[dist]
# distance from previous block
# <min> <max>
0	19

# created by:
# /st0/software/busco_prod/Augustus/scripts/msa2prfl.pl ./align_prep/126384.fa
