[name]
unknown

[dist]
# distance from previous block
# <min> <max>
0	285

[block]
# block no. 0 follows, 58 sequences, length 17
# corresponding to MSA columns:
# 285-301
name=unknown_A
#
# <colnr> <probs for GDERKNQSTAVLIFYWHMCP>
#	G	D	E	R	K	N	Q	S	T	A	V	L	I	F	Y	W	H	M	C	P
0	0.00678	0.00484	0.00672	0.00775	0.00859	0.00478	0.00646	0.00853	0.00988	0.01291	0.02392	0.24268	0.02668	0.01276	0.00606	0.00200	0.00375	0.59678	0.00413	0.00400
1	0.22133	0.00943	0.00971	0.00936	0.05629	0.01083	0.00691	0.02062	0.56720	0.01881	0.01474	0.01408	0.01114	0.00548	0.00411	0.00147	0.00362	0.00436	0.00399	0.00654
2	0.00555	0.00438	0.00501	0.00518	0.00629	0.00384	0.00376	0.00681	0.01034	0.01320	0.20753	0.23497	0.45426	0.01151	0.00539	0.00156	0.00231	0.00994	0.00432	0.00384
3	0.21918	0.00777	0.00951	0.00852	0.00938	0.00993	0.00685	0.01024	0.00708	0.01271	0.00826	0.01310	0.00798	0.10516	0.19712	0.00327	0.35314	0.00404	0.00234	0.00444
4	0.01437	0.01752	0.01291	0.21133	0.01786	0.58787	0.00962	0.01596	0.01149	0.01106	0.00712	0.00909	0.00582	0.00473	0.00465	0.00127	0.04682	0.00320	0.00221	0.00512
5	0.00558	0.00405	0.00515	0.00597	0.00639	0.00376	0.00404	0.00638	0.00866	0.01134	0.02635	0.64494	0.12730	0.08307	0.00710	0.00200	0.00275	0.03757	0.00403	0.00359
6	0.00639	0.00479	0.00719	0.00719	0.00799	0.00559	0.00559	0.00799	0.00719	0.01038	0.01198	0.01757	0.01118	0.03355	0.82507	0.00719	0.01198	0.00479	0.00240	0.00399
7	0.00543	0.00437	0.00486	0.00519	0.00631	0.00380	0.00378	0.00652	0.00979	0.01209	0.05783	0.27376	0.53710	0.01209	0.00544	0.00162	0.00243	0.03967	0.00417	0.00376
8	0.00906	0.00633	0.00696	0.00620	0.00707	0.00666	0.00412	0.19971	0.01004	0.01343	0.01328	0.02476	0.01416	0.63888	0.01831	0.00361	0.00448	0.00590	0.00314	0.00390
9	0.01136	0.47862	0.01705	0.00782	0.01073	0.01353	0.00697	0.16457	0.01128	0.01418	0.01159	0.21063	0.01191	0.00661	0.00387	0.00124	0.00428	0.00522	0.00296	0.00559
10	0.01068	0.21319	0.01783	0.24845	0.34927	0.01235	0.01160	0.03606	0.00978	0.01300	0.00774	0.01031	0.00642	0.00425	0.00439	0.00130	0.03155	0.00359	0.00214	0.00611
11	0.01219	0.01081	0.01031	0.00944	0.03618	0.17384	0.00706	0.23587	0.05339	0.02808	0.02341	0.06018	0.01151	0.10837	0.12982	0.00260	0.02601	0.03400	0.02151	0.00543
12	0.64006	0.00876	0.00737	0.00662	0.00928	0.01014	0.00534	0.01566	0.20226	0.01964	0.00938	0.00982	0.00717	0.00465	0.00321	0.00141	0.00344	0.00311	0.02730	0.00537
13	0.03664	0.00802	0.00901	0.00835	0.01027	0.02372	0.03595	0.01724	0.46959	0.01633	0.04769	0.22700	0.04250	0.00817	0.00484	0.00157	0.00342	0.00712	0.01675	0.00581
14	0.00911	0.00489	0.00656	0.00673	0.00785	0.00445	0.00491	0.01021	0.00975	0.20796	0.02342	0.56983	0.04493	0.01178	0.00543	0.00172	0.00298	0.05837	0.00449	0.00464
15	0.00588	0.00421	0.00563	0.00633	0.00688	0.00396	0.00454	0.00714	0.00977	0.01325	0.21638	0.54690	0.03219	0.01263	0.00566	0.00175	0.00266	0.10607	0.00434	0.00384
16	0.00771	0.00642	0.00997	0.01214	0.20437	0.00711	0.00752	0.00939	0.00784	0.01127	0.01100	0.01669	0.01039	0.10009	0.51042	0.00524	0.05070	0.00471	0.00236	0.00467

[dist]
# distance from previous block
# <min> <max>
0	5

[block]
# block no. 1 follows, 58 sequences, length 9
# corresponding to MSA columns:
# 307-315
name=unknown_B
#
# <colnr> <probs for GDERKNQSTAVLIFYWHMCP>
#	G	D	E	R	K	N	Q	S	T	A	V	L	I	F	Y	W	H	M	C	P
0	0.00904	0.00703	0.00994	0.00871	0.01039	0.00783	0.06253	0.18411	0.01050	0.01461	0.01150	0.01567	0.01008	0.02518	0.58486	0.00549	0.01010	0.00466	0.00285	0.00494
1	0.08756	0.02358	0.02472	0.00914	0.01200	0.03776	0.05895	0.05064	0.31722	0.22460	0.02820	0.01443	0.01112	0.00554	0.00467	0.00143	0.03235	0.00448	0.04497	0.00662
2	0.01014	0.05857	0.54545	0.01161	0.01688	0.06871	0.01346	0.01652	0.18652	0.01478	0.01012	0.01085	0.00745	0.00466	0.00424	0.00140	0.00595	0.00362	0.00251	0.00657
3	0.00839	0.00570	0.01039	0.00872	0.00972	0.00553	0.18017	0.00771	0.00688	0.00922	0.00805	0.01326	0.00755	0.01293	0.01478	0.67725	0.00470	0.00419	0.00201	0.00285
4	0.01617	0.01797	0.01240	0.01080	0.01330	0.56088	0.00825	0.22376	0.01451	0.01536	0.00836	0.01006	0.00689	0.05563	0.00529	0.00140	0.00701	0.00340	0.00290	0.00568
5	0.00863	0.00795	0.01250	0.64896	0.02633	0.00906	0.01084	0.01139	0.00902	0.01213	0.00795	0.01134	0.00611	0.00422	0.00422	0.00131	0.00538	0.00368	0.00213	0.19687
6	0.00656	0.00507	0.00591	0.00615	0.00716	0.00494	0.00438	0.03878	0.09542	0.01339	0.08578	0.41926	0.23495	0.04319	0.00604	0.00175	0.00273	0.01012	0.00421	0.00420
7	0.01153	0.01523	0.19479	0.04830	0.46873	0.15634	0.01339	0.01449	0.01043	0.01375	0.00804	0.01020	0.00650	0.00417	0.00432	0.00132	0.00612	0.00364	0.00215	0.00657
8	0.01140	0.01192	0.02072	0.02184	0.39247	0.06357	0.32308	0.04265	0.01077	0.01462	0.00856	0.01121	0.00686	0.00413	0.00511	0.00141	0.03644	0.00442	0.00231	0.00649

[dist]
# distance from previous block
# <min> <max>
0	1

[block]
# block no. 2 follows, 58 sequences, length 7
# corresponding to MSA columns:
# 317-323
name=unknown_C
#
# <colnr> <probs for GDERKNQSTAVLIFYWHMCP>
#	G	D	E	R	K	N	Q	S	T	A	V	L	I	F	Y	W	H	M	C	P
0	0.01537	0.01131	0.01220	0.00977	0.01302	0.01255	0.00794	0.50918	0.26479	0.07547	0.01350	0.01287	0.00971	0.00560	0.00450	0.00140	0.00442	0.00438	0.00457	0.00744
1	0.60425	0.00717	0.00614	0.00599	0.00798	0.00804	0.00463	0.01100	0.00791	0.01738	0.01196	0.26611	0.01254	0.00722	0.00368	0.00152	0.00319	0.00562	0.00320	0.00447
2	0.00626	0.00476	0.00626	0.00662	0.00766	0.00476	0.00530	0.00783	0.00929	0.01216	0.06078	0.08832	0.24515	0.01862	0.26044	0.00345	0.00585	0.23890	0.00363	0.00396
3	0.01089	0.00863	0.00954	0.00818	0.01055	0.00936	0.00643	0.19518	0.34295	0.02043	0.26296	0.02018	0.02082	0.00673	0.00470	0.00140	0.00340	0.00565	0.00456	0.04745
4	0.00840	0.00748	0.01212	0.25522	0.20916	0.00797	0.04827	0.03754	0.00971	0.01302	0.01513	0.27159	0.03746	0.00785	0.00498	0.00157	0.00462	0.03979	0.00297	0.00514
5	0.04778	0.06376	0.49191	0.01142	0.01678	0.01185	0.01306	0.25838	0.01295	0.01858	0.00870	0.00963	0.00624	0.00457	0.00418	0.00137	0.00586	0.00344	0.00273	0.00680
6	0.01147	0.01984	0.56898	0.01199	0.01765	0.01147	0.01403	0.25846	0.01305	0.01853	0.00887	0.00985	0.00627	0.00460	0.00432	0.00139	0.00609	0.00353	0.00269	0.00692

[dist]
# distance from previous block
# <min> <max>
0	16

[block]
# block no. 3 follows, 58 sequences, length 24
# corresponding to MSA columns:
# 340-363
name=unknown_D
#
# <colnr> <probs for GDERKNQSTAVLIFYWHMCP>
#	G	D	E	R	K	N	Q	S	T	A	V	L	I	F	Y	W	H	M	C	P
0	0.00897	0.02314	0.81962	0.01275	0.01936	0.01039	0.01653	0.01417	0.00944	0.01417	0.00803	0.00944	0.00567	0.00425	0.00425	0.00142	0.00661	0.00331	0.00189	0.00661
1	0.20104	0.00783	0.00957	0.00752	0.01083	0.00731	0.00621	0.01997	0.01170	0.64896	0.01523	0.01354	0.00975	0.00524	0.00413	0.00138	0.00373	0.00406	0.00495	0.00703
2	0.01107	0.01063	0.01816	0.02746	0.81489	0.01063	0.01373	0.01373	0.01019	0.01461	0.00841	0.01107	0.00709	0.00399	0.00443	0.00133	0.00531	0.00399	0.00221	0.00709
3	0.00545	0.00389	0.00519	0.00623	0.00649	0.00363	0.00415	0.00623	0.00856	0.01142	0.02465	0.83987	0.02959	0.01401	0.00571	0.00182	0.00260	0.01272	0.00415	0.00363
4	0.00780	0.00587	0.00761	0.00827	0.00956	0.00610	0.00707	0.01160	0.14324	0.01424	0.02345	0.04459	0.04833	0.01128	0.00588	0.00195	0.00396	0.63041	0.00419	0.00460
5	0.00639	0.00479	0.00719	0.00719	0.00799	0.00559	0.00559	0.00799	0.00719	0.01038	0.01198	0.01757	0.01118	0.03355	0.82507	0.00719	0.01198	0.00479	0.00240	0.00399
6	0.87439	0.00865	0.00657	0.00588	0.00865	0.01003	0.00484	0.01315	0.00761	0.02007	0.00623	0.00727	0.00484	0.00415	0.00277	0.00138	0.00346	0.00242	0.00277	0.00484
7	0.00772	0.00553	0.00753	0.00835	0.00951	0.00560	0.00728	0.05062	0.01086	0.01416	0.02301	0.04838	0.02480	0.01199	0.00609	0.00202	0.00416	0.74395	0.00414	0.00430
8	0.00545	0.00389	0.00519	0.00623	0.00649	0.00363	0.00415	0.00623	0.00856	0.01142	0.02465	0.83987	0.02959	0.01401	0.00571	0.00182	0.00260	0.01272	0.00415	0.00363
9	0.00749	0.00513	0.00580	0.00550	0.00588	0.00530	0.00340	0.08148	0.00791	0.01060	0.01368	0.02696	0.01520	0.72477	0.05968	0.00419	0.00476	0.00619	0.00286	0.00323
10	0.01700	0.01253	0.01342	0.01029	0.01387	0.01387	0.00850	0.79997	0.02103	0.02819	0.01074	0.01074	0.00761	0.00537	0.00447	0.00134	0.00492	0.00403	0.00447	0.00761
11	0.00531	0.00445	0.00462	0.00475	0.00610	0.00376	0.00350	0.00640	0.00999	0.01200	0.04266	0.14528	0.71255	0.01167	0.00534	0.00155	0.00231	0.00986	0.00415	0.00376
12	0.01107	0.01063	0.01816	0.02746	0.81489	0.01063	0.01373	0.01373	0.01019	0.01461	0.00841	0.01107	0.00709	0.00399	0.00443	0.00133	0.00531	0.00399	0.00221	0.00709
13	0.01668	0.01237	0.01324	0.01023	0.01375	0.01372	0.00842	0.75677	0.06476	0.02766	0.01116	0.01107	0.00794	0.00541	0.00448	0.00135	0.00485	0.00408	0.00448	0.00758
14	0.00651	0.00434	0.00488	0.00488	0.00488	0.00434	0.00271	0.00651	0.00651	0.00867	0.01409	0.02927	0.01626	0.84279	0.02277	0.00434	0.00434	0.00651	0.00271	0.00271
15	0.00665	0.00465	0.00605	0.00566	0.00679	0.00427	0.00426	0.00873	0.01260	0.03794	0.77274	0.03320	0.06129	0.00911	0.00526	0.00141	0.00216	0.00803	0.00492	0.00429
16	0.05761	0.01253	0.01238	0.04905	0.01396	0.12375	0.00824	0.48145	0.06136	0.09992	0.01123	0.01190	0.00821	0.00537	0.00438	0.00136	0.00513	0.02118	0.00408	0.00691
17	0.01059	0.01012	0.01713	0.09047	0.71389	0.01025	0.01313	0.01320	0.01009	0.01424	0.01013	0.01266	0.04539	0.00437	0.00447	0.00135	0.00522	0.00424	0.00229	0.00676
18	0.00543	0.00454	0.00474	0.00481	0.00624	0.00386	0.00364	0.00664	0.01026	0.01239	0.07799	0.06591	0.71855	0.01136	0.00534	0.00154	0.00236	0.04641	0.00419	0.00381
19	0.01700	0.01253	0.01342	0.01029	0.01387	0.01387	0.00850	0.79997	0.02103	0.02819	0.01074	0.01074	0.00761	0.00537	0.00447	0.00134	0.00492	0.00403	0.00447	0.00761
20	0.00928	0.00795	0.00928	0.00663	0.01060	0.00596	0.00530	0.01126	0.00928	0.01458	0.00795	0.00928	0.00663	0.00331	0.00331	0.00066	0.00331	0.00265	0.00265	0.87014
21	0.00670	0.00542	0.00718	0.03303	0.00852	0.00596	0.00559	0.00850	0.05826	0.01230	0.07034	0.48575	0.06898	0.01211	0.02172	0.00188	0.12680	0.05301	0.00380	0.00415
22	0.01183	0.80872	0.05904	0.00788	0.01183	0.01737	0.00805	0.01343	0.00911	0.01069	0.00630	0.00728	0.00574	0.00385	0.00293	0.00098	0.00487	0.00243	0.00191	0.00578
23	0.00981	0.00825	0.00921	0.00722	0.01041	0.02661	0.00574	0.08466	0.09700	0.01658	0.12386	0.01546	0.02831	0.00508	0.00397	0.00099	0.00343	0.02747	0.00341	0.51253

[dist]
# distance from previous block
# <min> <max>
0	4

[block]
# block no. 4 follows, 58 sequences, length 83
# corresponding to MSA columns:
# 368-450
name=unknown_E
#
# <colnr> <probs for GDERKNQSTAVLIFYWHMCP>
#	G	D	E	R	K	N	Q	S	T	A	V	L	I	F	Y	W	H	M	C	P
0	0.01067	0.01029	0.01717	0.17907	0.65407	0.02352	0.01340	0.01336	0.00999	0.01395	0.00830	0.01118	0.00685	0.00409	0.00443	0.00136	0.00548	0.00397	0.00217	0.00666
1	0.00961	0.14383	0.58397	0.04750	0.07022	0.01150	0.01449	0.01427	0.03949	0.01371	0.00816	0.00959	0.00608	0.00425	0.00408	0.00135	0.00611	0.00331	0.00202	0.00646
2	0.87439	0.00865	0.00657	0.00588	0.00865	0.01003	0.00484	0.01315	0.00761	0.02007	0.00623	0.00727	0.00484	0.00415	0.00277	0.00138	0.00346	0.00242	0.00277	0.00484
3	0.00651	0.00434	0.00488	0.00488	0.00488	0.00434	0.00271	0.00651	0.00651	0.00867	0.01409	0.02927	0.01626	0.84279	0.02277	0.00434	0.00434	0.00651	0.00271	0.00271
4	0.00612	0.00463	0.00646	0.00698	0.00749	0.00454	0.03088	0.02598	0.00901	0.01210	0.04086	0.72346	0.02765	0.01309	0.00598	0.00180	0.03190	0.03314	0.00404	0.00388
5	0.00836	0.00679	0.00796	0.00750	0.00844	0.06560	0.00580	0.05084	0.00855	0.01222	0.01147	0.01652	0.01049	0.08938	0.44449	0.00471	0.09769	0.00457	0.13432	0.00429
6	0.00639	0.00478	0.00711	0.00711	0.00788	0.00555	0.00549	0.00794	0.00717	0.01033	0.01205	0.01797	0.01135	0.06090	0.79795	0.00709	0.01172	0.00485	0.00241	0.00395
7	0.01098	0.01053	0.01799	0.05555	0.78751	0.01060	0.01368	0.01365	0.01014	0.01450	0.00840	0.01110	0.00705	0.00400	0.00443	0.00133	0.00534	0.00399	0.00221	0.00701
8	0.01113	0.00961	0.01011	0.00910	0.01163	0.01113	0.00708	0.02377	0.80681	0.01871	0.01821	0.01669	0.01365	0.00607	0.00455	0.00152	0.00354	0.00506	0.00455	0.00708
9	0.01656	0.03616	0.01332	0.01057	0.01371	0.26873	0.00847	0.50509	0.04774	0.02197	0.00971	0.01003	0.00721	0.00512	0.00430	0.00128	0.00585	0.00366	0.00373	0.00678
10	0.01085	0.01040	0.01776	0.09487	0.74920	0.01057	0.01362	0.01354	0.01008	0.01435	0.00838	0.01114	0.00699	0.00403	0.00443	0.00134	0.00537	0.00398	0.00220	0.00691
11	0.00639	0.00479	0.00719	0.00719	0.00799	0.00559	0.00559	0.00799	0.00719	0.01038	0.01198	0.01757	0.01118	0.03355	0.82507	0.00719	0.01198	0.00479	0.00240	0.00399
12	0.01512	0.00853	0.01010	0.00844	0.01136	0.00878	0.00674	0.03257	0.39884	0.38739	0.03692	0.01675	0.02572	0.00597	0.00455	0.00145	0.00363	0.00493	0.00501	0.00721
13	0.00545	0.00389	0.00519	0.00623	0.00649	0.00363	0.00415	0.00623	0.00856	0.01142	0.02465	0.83987	0.02959	0.01401	0.00571	0.00182	0.00260	0.01272	0.00415	0.00363
14	0.01008	0.01028	0.01351	0.01164	0.01177	0.05593	0.00964	0.01108	0.00716	0.01077	0.00606	0.00986	0.00598	0.00821	0.03138	0.00203	0.77388	0.00388	0.00198	0.00489
15	0.00658	0.00465	0.00657	0.00661	0.00734	0.00524	0.00500	0.00804	0.00741	0.01094	0.01294	0.04961	0.01239	0.10687	0.62903	0.00605	0.00983	0.00519	0.09585	0.00388
16	0.00601	0.00424	0.00554	0.00621	0.00654	0.00419	0.00427	0.00682	0.00809	0.01083	0.02053	0.46010	0.02384	0.22664	0.09633	0.00305	0.00419	0.09550	0.00360	0.00349
17	0.00897	0.02314	0.81962	0.01275	0.01936	0.01039	0.01653	0.01417	0.00944	0.01417	0.00803	0.00944	0.00567	0.00425	0.00425	0.00142	0.00661	0.00331	0.00189	0.00661
18	0.01114	0.00951	0.01004	0.00897	0.01149	0.01092	0.00699	0.05590	0.73781	0.01895	0.03659	0.01740	0.03175	0.00623	0.00458	0.00151	0.00354	0.00518	0.00455	0.00696
19	0.03161	0.00785	0.00916	0.00672	0.01047	0.00612	0.00536	0.02336	0.00957	0.05951	0.00920	0.04474	0.00781	0.00394	0.00348	0.00078	0.00334	0.00319	0.00290	0.75087
20	0.01576	0.01175	0.01261	0.00997	0.01331	0.01308	0.00814	0.60632	0.19774	0.04524	0.01259	0.01219	0.00905	0.00553	0.00449	0.00138	0.00458	0.00427	0.00452	0.00749
21	0.85236	0.00863	0.00675	0.02690	0.00921	0.01003	0.00504	0.01311	0.00765	0.01985	0.00627	0.00739	0.00487	0.00416	0.00281	0.00139	0.00352	0.00246	0.00275	0.00485
22	0.00548	0.00394	0.00521	0.00616	0.00649	0.00366	0.00414	0.00633	0.00878	0.01171	0.05854	0.78546	0.05005	0.01374	0.00568	0.00179	0.00257	0.01244	0.00419	0.00366
23	0.01098	0.01054	0.01800	0.05444	0.78860	0.01061	0.01368	0.01365	0.01014	0.01451	0.00840	0.01110	0.00705	0.00400	0.00443	0.00133	0.00534	0.00399	0.00221	0.00701
24	0.00641	0.00430	0.00491	0.00500	0.00502	0.00427	0.00284	0.00648	0.00669	0.00892	0.01505	0.10271	0.01747	0.76771	0.02122	0.00411	0.00418	0.00707	0.00284	0.00279
25	0.00616	0.00457	0.00574	0.00544	0.00658	0.00415	0.00408	0.00810	0.01225	0.01696	0.68429	0.03502	0.17106	0.00951	0.00528	0.00142	0.00214	0.00832	0.00480	0.00415
26	0.00567	0.00411	0.00541	0.00637	0.00683	0.00385	0.00451	0.00665	0.00893	0.01174	0.02614	0.67072	0.09048	0.01358	0.00574	0.00183	0.00278	0.11681	0.00415	0.00371
27	0.01636	0.02076	0.01249	0.01138	0.01363	0.79694	0.00854	0.01753	0.01249	0.01093	0.00709	0.00839	0.00595	0.00560	0.03199	0.00136	0.00820	0.00295	0.00231	0.00515
28	0.01113	0.00961	0.01011	0.00910	0.01163	0.01113	0.00708	0.02377	0.80681	0.01871	0.01821	0.01669	0.01365	0.00607	0.00455	0.00152	0.00354	0.00506	0.00455	0.00708
29	0.01196	0.84548	0.02344	0.00765	0.01148	0.01770	0.00765	0.01339	0.00909	0.01052	0.00622	0.00718	0.00574	0.00383	0.00287	0.00096	0.00478	0.00239	0.00191	0.00574
30	0.01296	0.01464	0.01038	0.00948	0.01155	0.44383	0.00716	0.01691	0.19285	0.01407	0.14533	0.01612	0.05230	0.00603	0.00439	0.00129	0.00562	0.00459	0.02513	0.00536
31	0.05411	0.01151	0.01322	0.01069	0.01349	0.18341	0.16628	0.07742	0.09328	0.13269	0.09639	0.02976	0.06282	0.00596	0.00479	0.00140	0.01689	0.01641	0.00363	0.00584
32	0.01783	0.00856	0.01060	0.00827	0.01154	0.00823	0.00678	0.19773	0.05118	0.53535	0.03201	0.01582	0.04495	0.00583	0.00451	0.00138	0.00391	0.00469	0.02354	0.00729
33	0.00997	0.01045	0.01928	0.01505	0.05157	0.02321	0.45610	0.01425	0.11592	0.01462	0.06110	0.04337	0.05065	0.00544	0.00579	0.00151	0.06713	0.00563	0.00287	0.02609
34	0.28774	0.10406	0.01188	0.00926	0.01191	0.44407	0.00731	0.04220	0.02090	0.01447	0.00689	0.00792	0.00563	0.00443	0.00353	0.00122	0.00610	0.00275	0.00251	0.00524
35	0.00836	0.00538	0.00667	0.00608	0.00751	0.02378	0.00467	0.01034	0.01248	0.12367	0.62274	0.03140	0.08216	0.00877	0.00517	0.00142	0.00254	0.02733	0.00488	0.00467
36	0.00907	0.00860	0.01447	0.62703	0.20202	0.01022	0.01262	0.01191	0.00914	0.01210	0.00798	0.01166	0.00621	0.00448	0.00482	0.00147	0.03476	0.00398	0.00204	0.00543
37	0.03356	0.21428	0.57162	0.01191	0.04717	0.02174	0.01394	0.01399	0.00938	0.01346	0.00756	0.00890	0.00572	0.00414	0.00389	0.00130	0.00607	0.00309	0.00194	0.00636
38	0.00555	0.00401	0.00509	0.00590	0.00627	0.00372	0.00392	0.00628	0.00851	0.01119	0.02568	0.66853	0.11049	0.10330	0.00751	0.00206	0.00275	0.01170	0.00400	0.00355
39	0.00545	0.00391	0.00518	0.00619	0.00648	0.00364	0.00414	0.00623	0.00860	0.01143	0.02510	0.82271	0.04646	0.01396	0.00570	0.00181	0.00259	0.01265	0.00415	0.00364
40	0.01086	0.01132	0.02290	0.04838	0.14997	0.01118	0.54591	0.01410	0.01021	0.04427	0.00896	0.01182	0.00689	0.00425	0.00589	0.00151	0.07823	0.00488	0.00234	0.00613
41	0.01097	0.02375	0.02326	0.05691	0.18652	0.02983	0.54163	0.04377	0.01083	0.01465	0.00884	0.01164	0.00680	0.00393	0.00497	0.00145	0.00688	0.00481	0.00232	0.00624
42	0.00548	0.00422	0.00506	0.00555	0.00638	0.00380	0.00391	0.00652	0.00946	0.01212	0.08962	0.44121	0.33711	0.01326	0.03299	0.00185	0.00275	0.01083	0.00415	0.00374
43	0.00645	0.00488	0.00731	0.00727	0.00805	0.00574	0.00567	0.00804	0.00718	0.01039	0.01187	0.01743	0.01109	0.03309	0.81064	0.00710	0.02663	0.00478	0.00239	0.00401
44	0.05160	0.01069	0.01281	0.12729	0.07589	0.02509	0.00889	0.41233	0.03408	0.17926	0.01145	0.01176	0.00801	0.00512	0.00440	0.00137	0.00484	0.00405	0.00406	0.00703
45	0.01024	0.02425	0.26549	0.01867	0.21766	0.01093	0.33059	0.01444	0.03681	0.01445	0.00886	0.01112	0.00674	0.00405	0.00470	0.00143	0.00654	0.00432	0.00221	0.00650
46	0.00592	0.00456	0.00541	0.00520	0.00643	0.00405	0.00390	0.00765	0.01170	0.01565	0.51200	0.03719	0.34417	0.01000	0.00528	0.00145	0.00217	0.00862	0.00462	0.00405
47	0.00665	0.00459	0.00672	0.00672	0.00729	0.00516	0.00500	0.00746	0.00688	0.00975	0.01144	0.01803	0.01108	0.11058	0.60164	0.16060	0.00978	0.00480	0.00235	0.00350
48	0.00614	0.00446	0.00579	0.00567	0.00662	0.00411	0.00417	0.00800	0.01190	0.01663	0.65217	0.16233	0.07520	0.01002	0.00535	0.00148	0.00219	0.00889	0.00477	0.00411
49	0.00924	0.02131	0.70502	0.01451	0.11986	0.01035	0.01599	0.01406	0.00954	0.01423	0.00808	0.00965	0.00586	0.00420	0.00426	0.00139	0.00639	0.00338	0.00194	0.02074
50	0.00639	0.00478	0.00714	0.00714	0.00792	0.00556	0.00553	0.00796	0.00717	0.01035	0.01203	0.01782	0.01129	0.05092	0.80785	0.00713	0.01182	0.00483	0.00240	0.00397
51	0.00764	0.00488	0.00638	0.00587	0.00718	0.00445	0.00449	0.00968	0.01252	0.09494	0.68714	0.03244	0.06842	0.00896	0.00522	0.00142	0.00233	0.02658	0.00493	0.00453
52	0.00633	0.00467	0.00593	0.00562	0.00675	0.00432	0.00424	0.00854	0.02717	0.01732	0.71175	0.03429	0.11628	0.00935	0.00528	0.00143	0.00218	0.01948	0.00483	0.00423
53	0.01024	0.00975	0.01657	0.25941	0.57252	0.01032	0.01322	0.01298	0.00983	0.01367	0.00858	0.01210	0.00713	0.00429	0.00448	0.00139	0.00548	0.01945	0.00219	0.00642
54	0.01613	0.12174	0.01399	0.01105	0.01354	0.72649	0.00852	0.01732	0.01224	0.01090	0.00683	0.00796	0.00576	0.00451	0.00389	0.00113	0.00767	0.00282	0.00226	0.00525
55	0.00935	0.00802	0.00931	0.00673	0.01064	0.00618	0.00538	0.01179	0.04304	0.01475	0.00838	0.00959	0.00692	0.00343	0.00337	0.00070	0.00332	0.00275	0.00273	0.83360
56	0.00628	0.00497	0.03995	0.00645	0.00725	0.00413	0.00477	0.00744	0.00923	0.04339	0.09893	0.63523	0.06588	0.02370	0.00577	0.00177	0.00280	0.02392	0.00416	0.00397
57	0.00847	0.00453	0.00511	0.00495	0.00592	0.00453	0.00364	0.02972	0.02680	0.02799	0.05367	0.01764	0.04234	0.00795	0.00657	0.19308	0.00262	0.00452	0.54607	0.00387
58	0.06470	0.01380	0.08128	0.02354	0.11175	0.17028	0.20022	0.11096	0.10127	0.04012	0.01007	0.01191	0.00781	0.01485	0.00471	0.00142	0.00607	0.01608	0.00292	0.00624
59	0.00736	0.00578	0.00702	0.00664	0.00843	0.00507	0.00505	0.03785	0.02238	0.01346	0.02107	0.34706	0.10622	0.00979	0.00494	0.00144	0.00309	0.11617	0.00371	0.26747
60	0.38908	0.04785	0.01048	0.03986	0.02465	0.28609	0.00705	0.08927	0.02778	0.01678	0.00754	0.02157	0.00611	0.00462	0.00354	0.00130	0.00532	0.00303	0.00276	0.00533
61	0.00966	0.03768	0.55240	0.01237	0.01783	0.01080	0.08367	0.01629	0.18573	0.01510	0.01033	0.01123	0.00753	0.00460	0.00438	0.00144	0.00597	0.00385	0.00251	0.00664
62	0.00934	0.00773	0.00909	0.00661	0.01039	0.00586	0.00527	0.01130	0.00947	0.03348	0.03814	0.02799	0.00853	0.00381	0.00346	0.00073	0.00326	0.00311	0.00283	0.79959
63	0.00552	0.00455	0.00485	0.00482	0.00623	0.00389	0.00364	0.00685	0.01064	0.01316	0.18148	0.04151	0.65670	0.01096	0.00531	0.00151	0.00228	0.02795	0.00429	0.00386
64	0.01064	0.01186	0.10371	0.01640	0.18127	0.01065	0.27854	0.01679	0.24133	0.02986	0.03162	0.01398	0.02231	0.00481	0.00477	0.00146	0.00554	0.00486	0.00303	0.00656
65	0.01681	0.01234	0.01321	0.01015	0.01367	0.01365	0.00838	0.78194	0.02077	0.02793	0.01083	0.01088	0.00770	0.00537	0.00444	0.00134	0.00486	0.00403	0.02419	0.00753
66	0.01004	0.26238	0.56763	0.01124	0.01693	0.03302	0.01375	0.01403	0.00942	0.01303	0.00747	0.00875	0.00569	0.00414	0.00384	0.00128	0.00612	0.00303	0.00191	0.00632
67	0.00544	0.00392	0.00516	0.00615	0.00647	0.00364	0.00412	0.00624	0.00864	0.01145	0.02560	0.80352	0.06533	0.01389	0.00569	0.00180	0.00258	0.01257	0.00415	0.00364
68	0.00651	0.00434	0.00488	0.00488	0.00488	0.00434	0.00271	0.00651	0.00651	0.00867	0.01409	0.02927	0.01626	0.84279	0.02277	0.00434	0.00434	0.00651	0.00271	0.00271
69	0.01092	0.01129	0.04746	0.02557	0.66081	0.01073	0.13907	0.01384	0.01022	0.01455	0.00850	0.01117	0.00699	0.00396	0.00456	0.00136	0.00571	0.00417	0.00221	0.00690
70	0.01204	0.01052	0.04390	0.00923	0.01173	0.11636	0.04513	0.13840	0.19088	0.10017	0.05973	0.13609	0.05734	0.00739	0.00480	0.00148	0.00445	0.04036	0.00405	0.00594
71	0.01139	0.01054	0.01796	0.02598	0.73743	0.01051	0.04071	0.01430	0.02965	0.04500	0.00902	0.01140	0.00739	0.00409	0.00446	0.00134	0.00529	0.00408	0.00240	0.00707
72	0.00603	0.00434	0.00563	0.00621	0.00677	0.00411	0.00430	0.03333	0.00990	0.01342	0.19652	0.62324	0.04416	0.01262	0.00557	0.00171	0.00256	0.01136	0.00433	0.00390
73	0.01196	0.84548	0.02344	0.00765	0.01148	0.01770	0.00765	0.01339	0.00909	0.01052	0.00622	0.00718	0.00574	0.00383	0.00287	0.00096	0.00478	0.00239	0.00191	0.00574
74	0.03172	0.03048	0.39086	0.01114	0.01592	0.02758	0.07135	0.03658	0.08022	0.20749	0.02524	0.03206	0.00897	0.00503	0.00441	0.00142	0.00546	0.00418	0.00322	0.00667
75	0.00613	0.00421	0.00514	0.00548	0.00566	0.00414	0.00340	0.00658	0.00760	0.01022	0.06351	0.30864	0.02215	0.47804	0.04663	0.00341	0.00390	0.00867	0.00332	0.00316
76	0.00586	0.00457	0.00515	0.00515	0.00631	0.00407	0.00382	0.00716	0.01032	0.01319	0.22941	0.03943	0.45283	0.12140	0.00768	0.00190	0.00265	0.07118	0.00415	0.00377
77	0.01085	0.01040	0.01776	0.09562	0.74846	0.01057	0.01362	0.01353	0.01008	0.01434	0.00837	0.01114	0.00699	0.00403	0.00443	0.00134	0.00537	0.00398	0.00220	0.00691
78	0.01109	0.02431	0.05296	0.03855	0.18687	0.03711	0.49867	0.05494	0.01094	0.01482	0.00879	0.01146	0.00677	0.00402	0.00507	0.00145	0.01887	0.00470	0.00234	0.00628
79	0.01556	0.01125	0.01233	0.00975	0.01285	0.01248	0.00795	0.58153	0.10686	0.07332	0.01227	0.03230	0.00922	0.02462	0.00534	0.00146	0.03971	0.00444	0.01961	0.00717
80	0.01055	0.00844	0.00996	0.00754	0.01103	0.01996	0.01746	0.08736	0.01061	0.06067	0.00996	0.04132	0.00856	0.00459	0.00414	0.00093	0.03267	0.03645	0.00307	0.61474
81	0.00691	0.00510	0.00616	0.00652	0.04104	0.00469	0.00450	0.03961	0.01046	0.04878	0.13532	0.22435	0.37244	0.04342	0.02843	0.00181	0.00297	0.00913	0.00414	0.00423
82	0.00835	0.00577	0.00738	0.00674	0.00750	0.00627	0.01757	0.07165	0.00828	0.05568	0.01287	0.02250	0.01316	0.45614	0.22292	0.00446	0.06043	0.00557	0.00287	0.00390

[dist]
# distance from previous block
# <min> <max>
0	6

# created by:
# /st0/software/busco_prod/Augustus/scripts/msa2prfl.pl ./align_prep/126448.fa
