[name]
unknown

[dist]
# distance from previous block
# <min> <max>
0	19

[block]
# block no. 0 follows, 58 sequences, length 20
# corresponding to MSA columns:
# 69-79,82-90
name=unknown_A
#
# <colnr> <probs for GDERKNQSTAVLIFYWHMCP>
#	G	D	E	R	K	N	Q	S	T	A	V	L	I	F	Y	W	H	M	C	P
0	0.00702	0.00502	0.00694	0.00767	0.00870	0.00495	0.00655	0.00909	0.01081	0.01438	0.19625	0.04673	0.02935	0.01165	0.00598	0.00192	0.00368	0.61488	0.00430	0.00414
1	0.20049	0.00953	0.00954	0.00844	0.01110	0.01095	0.00666	0.06588	0.57082	0.03580	0.01515	0.01426	0.01133	0.00560	0.00416	0.00148	0.00361	0.00441	0.00418	0.00663
2	0.05928	0.00535	0.00689	0.00658	0.00800	0.00503	0.00496	0.01118	0.01034	0.21393	0.18163	0.29379	0.03389	0.03932	0.02784	0.02560	0.00328	0.05392	0.00442	0.00478
3	0.00989	0.00657	0.00825	0.01851	0.00993	0.00584	0.00606	0.04686	0.01084	0.12682	0.05848	0.05273	0.06963	0.00788	0.00478	0.00140	0.00357	0.25838	0.02832	0.26529
4	0.06077	0.12728	0.46954	0.01105	0.01630	0.01211	0.01267	0.18618	0.03437	0.01722	0.00857	0.00951	0.00628	0.00449	0.00404	0.00134	0.00573	0.00334	0.00258	0.00663
5	0.00627	0.00424	0.00495	0.00517	0.00523	0.00418	0.00303	0.00644	0.00696	0.00927	0.01640	0.20659	0.01918	0.66150	0.01904	0.00379	0.00396	0.00786	0.00303	0.00291
6	0.00774	0.00480	0.00564	0.00536	0.00586	0.00471	0.00336	0.00855	0.03236	0.07669	0.11969	0.02828	0.01917	0.63856	0.01840	0.00362	0.00398	0.00650	0.00329	0.00345
7	0.60165	0.01181	0.00859	0.00755	0.01030	0.18865	0.00604	0.09230	0.01005	0.01888	0.00683	0.00779	0.00532	0.00437	0.00321	0.00133	0.00461	0.00268	0.00284	0.00519
8	0.01023	0.00600	0.00619	0.00551	0.00711	0.00629	0.00430	0.18314	0.01193	0.01920	0.01375	0.01538	0.01062	0.00525	0.00342	0.00111	0.00271	0.00414	0.67881	0.00492
9	0.01638	0.00943	0.01261	0.01280	0.18766	0.00939	0.00856	0.16315	0.11680	0.39351	0.01443	0.01368	0.00990	0.00524	0.00449	0.00138	0.00431	0.00437	0.00449	0.00743
10	0.22066	0.00583	0.00589	0.00585	0.00700	0.00623	0.00418	0.03071	0.05397	0.01433	0.01510	0.20547	0.01586	0.24762	0.00949	0.00232	0.00342	0.03463	0.10741	0.00405
11	0.00618	0.00478	0.00572	0.00621	0.00705	0.00463	0.00437	0.00859	0.10923	0.01282	0.07050	0.53210	0.18662	0.01221	0.00546	0.00170	0.00262	0.01084	0.00424	0.00413
12	0.01771	0.00769	0.01014	0.00767	0.01124	0.00644	0.00630	0.01950	0.01203	0.64224	0.01553	0.01392	0.01010	0.00505	0.00424	0.00123	0.00370	0.00409	0.00491	0.19629
13	0.00664	0.00459	0.00578	0.00601	0.00637	0.00473	0.00419	0.00736	0.00745	0.01000	0.01583	0.03190	0.01747	0.52263	0.15645	0.00433	0.00560	0.17646	0.00296	0.00324
14	0.64368	0.00905	0.00768	0.00680	0.00956	0.01046	0.00551	0.05390	0.18309	0.02017	0.00907	0.00950	0.00691	0.00463	0.00324	0.00141	0.00355	0.00308	0.00324	0.00547
15	0.01288	0.00790	0.00966	0.00718	0.01088	0.00639	0.00579	0.02853	0.03125	0.27404	0.01167	0.02497	0.00863	0.00431	0.00379	0.00095	0.00349	0.00350	0.00369	0.54050
16	0.01042	0.00760	0.00912	0.00674	0.01038	0.00588	0.00538	0.01234	0.00988	0.12020	0.04909	0.03985	0.00974	0.00426	0.00365	0.00083	0.00329	0.00351	0.00319	0.68467
17	0.00572	0.00422	0.00502	0.00547	0.00606	0.00389	0.00368	0.00651	0.00879	0.01135	0.06817	0.38617	0.24015	0.19898	0.00941	0.00228	0.00290	0.02385	0.00387	0.00350
18	0.01560	0.00850	0.01179	0.01227	0.18687	0.00816	0.00807	0.09739	0.05961	0.42157	0.04781	0.06245	0.02728	0.00595	0.00460	0.00140	0.00407	0.00508	0.00451	0.00703
19	0.00667	0.00477	0.00654	0.00727	0.00815	0.00464	0.00595	0.00848	0.01047	0.01399	0.19644	0.20357	0.03011	0.01198	0.00589	0.00187	0.00338	0.46149	0.00430	0.00404

[dist]
# distance from previous block
# <min> <max>
0	4

[block]
# block no. 1 follows, 58 sequences, length 10
# corresponding to MSA columns:
# 95-104
name=unknown_B
#
# <colnr> <probs for GDERKNQSTAVLIFYWHMCP>
#	G	D	E	R	K	N	Q	S	T	A	V	L	I	F	Y	W	H	M	C	P
0	0.00676	0.00424	0.00501	0.00505	0.00510	0.00423	0.00297	0.00657	0.00660	0.00899	0.01345	0.05378	0.01511	0.64124	0.02042	0.14516	0.00410	0.00618	0.04235	0.00268
1	0.00978	0.00702	0.00802	0.00740	0.00931	0.00739	0.00575	0.03979	0.32132	0.09254	0.16577	0.10127	0.10170	0.00822	0.00491	0.00152	0.00311	0.05888	0.04064	0.00565
2	0.00664	0.00491	0.00641	0.14001	0.00960	0.00515	0.00474	0.00742	0.00768	0.01009	0.03746	0.13974	0.05744	0.49679	0.01547	0.00322	0.00419	0.03672	0.00298	0.00335
3	0.01149	0.00979	0.01032	0.00918	0.01177	0.01129	0.00717	0.07114	0.75885	0.01929	0.01775	0.01633	0.01329	0.00603	0.00455	0.00151	0.00362	0.00499	0.00455	0.00711
4	0.00602	0.00448	0.00481	0.00472	0.00605	0.00394	0.00354	0.00754	0.01063	0.01418	0.21699	0.03653	0.50490	0.00983	0.00493	0.00141	0.00220	0.00827	0.14506	0.00394
5	0.03115	0.00814	0.01225	0.00954	0.01262	0.00755	0.13541	0.07968	0.01234	0.44841	0.04243	0.04547	0.03357	0.04463	0.00562	0.00160	0.00441	0.05411	0.00455	0.00652
6	0.01112	0.04581	0.03293	0.03299	0.03804	0.15825	0.05696	0.06548	0.02996	0.06435	0.05777	0.01909	0.19595	0.00704	0.00654	0.00147	0.16249	0.00530	0.00316	0.00528
7	0.15225	0.41342	0.17849	0.00915	0.03502	0.05839	0.00908	0.04651	0.00966	0.01389	0.00715	0.00826	0.00588	0.00412	0.00331	0.00116	0.00505	0.00278	0.03063	0.00580
8	0.00957	0.01063	0.14153	0.00779	0.01217	0.00704	0.00727	0.04702	0.00983	0.01512	0.00809	0.00937	0.00651	0.00356	0.00352	0.00082	0.00392	0.00282	0.00261	0.69082
9	0.00613	0.00449	0.00500	0.00489	0.00617	0.00404	0.00368	0.00772	0.01066	0.01447	0.26199	0.03496	0.42716	0.01056	0.03686	0.00163	0.00257	0.00801	0.14504	0.00398

[dist]
# distance from previous block
# <min> <max>
0	1

[block]
# block no. 2 follows, 58 sequences, length 20
# corresponding to MSA columns:
# 106-125
name=unknown_C
#
# <colnr> <probs for GDERKNQSTAVLIFYWHMCP>
#	G	D	E	R	K	N	Q	S	T	A	V	L	I	F	Y	W	H	M	C	P
0	0.00811	0.00744	0.01233	0.63819	0.07872	0.00891	0.01110	0.01070	0.00896	0.01164	0.01082	0.15268	0.01005	0.00606	0.00468	0.00154	0.00535	0.00546	0.00237	0.00488
1	0.00545	0.00454	0.00476	0.00470	0.00614	0.00385	0.00353	0.00674	0.01058	0.01301	0.16611	0.04153	0.69170	0.01099	0.00529	0.00149	0.00224	0.00923	0.00428	0.00385
2	0.00579	0.00506	0.00572	0.00653	0.07670	0.00437	0.00430	0.00706	0.01020	0.01231	0.04209	0.04026	0.74267	0.01069	0.00521	0.00149	0.00253	0.00896	0.00398	0.00407
3	0.08145	0.00490	0.00507	0.00508	0.00656	0.00445	0.00388	0.00741	0.01019	0.01353	0.13197	0.07885	0.56510	0.01063	0.00514	0.00153	0.00248	0.05372	0.00412	0.00394
4	0.00595	0.00426	0.00574	0.00661	0.00714	0.00404	0.00485	0.00718	0.00944	0.01264	0.11779	0.56618	0.03021	0.01306	0.00576	0.00182	0.00288	0.18640	0.00424	0.00381
5	0.00550	0.00446	0.00475	0.00481	0.00604	0.00385	0.00348	0.00659	0.00997	0.01228	0.11101	0.11063	0.60831	0.08014	0.00677	0.00176	0.00245	0.00936	0.00410	0.00372
6	0.08816	0.00762	0.00954	0.00763	0.01059	0.00713	0.00622	0.08669	0.01262	0.54710	0.06499	0.01787	0.03114	0.04768	0.00539	0.00156	0.00377	0.03263	0.00495	0.00672
7	0.03594	0.00966	0.01125	0.00874	0.01194	0.00989	0.00711	0.38660	0.01601	0.35822	0.01384	0.01417	0.00976	0.07856	0.00605	0.00162	0.00437	0.00441	0.00473	0.00712
8	0.09023	0.00824	0.01037	0.00805	0.01144	0.00770	0.00664	0.10042	0.02976	0.65485	0.01601	0.01414	0.01026	0.00542	0.00435	0.00138	0.00389	0.00429	0.00518	0.00737
9	0.00651	0.00434	0.00488	0.00488	0.00488	0.00434	0.00271	0.00651	0.00651	0.00867	0.01409	0.02927	0.01626	0.84279	0.02277	0.00434	0.00434	0.00651	0.00271	0.00271
10	0.17462	0.00523	0.00539	0.00525	0.00592	0.00548	0.00336	0.00823	0.00704	0.02837	0.01313	0.06447	0.01436	0.58108	0.03906	0.00358	0.00423	0.00588	0.02198	0.00334
11	0.00777	0.00389	0.00583	0.00583	0.00583	0.00389	0.00389	0.00583	0.00583	0.00777	0.00777	0.01360	0.00777	0.01554	0.01748	0.86985	0.00389	0.00389	0.00194	0.00194
12	0.00545	0.00389	0.00519	0.00623	0.00649	0.00363	0.00415	0.00623	0.00856	0.01142	0.02465	0.83987	0.02959	0.01401	0.00571	0.00182	0.00260	0.01272	0.00415	0.00363
13	0.00575	0.00428	0.00538	0.00589	0.00660	0.00395	0.00415	0.00712	0.02412	0.01315	0.20362	0.49441	0.16657	0.01230	0.00553	0.00167	0.00247	0.02485	0.00433	0.00386
14	0.01751	0.01172	0.01292	0.00991	0.01347	0.01267	0.00818	0.67152	0.01967	0.15856	0.01188	0.01148	0.00818	0.00540	0.00448	0.00135	0.00474	0.00411	0.00465	0.00761
15	0.00667	0.00472	0.00579	0.00623	0.00670	0.00465	0.00416	0.07195	0.00909	0.01213	0.02089	0.57081	0.02447	0.21828	0.00983	0.00240	0.00322	0.01046	0.00382	0.00373
16	0.00544	0.00392	0.00517	0.00616	0.00647	0.00364	0.00412	0.00624	0.00863	0.01144	0.02543	0.80986	0.05909	0.01391	0.00569	0.00181	0.00258	0.01259	0.00415	0.00364
17	0.00743	0.00509	0.00621	0.00637	0.00737	0.00490	0.00456	0.06269	0.03634	0.06050	0.09043	0.46158	0.14136	0.05998	0.00642	0.00182	0.00290	0.02551	0.00425	0.00428
18	0.01712	0.01234	0.01331	0.01020	0.01378	0.01359	0.00843	0.76995	0.02071	0.05867	0.01101	0.01091	0.00774	0.00538	0.00448	0.00134	0.00488	0.00405	0.00452	0.00761
19	0.01721	0.01221	0.01323	0.01014	0.01371	0.01339	0.00838	0.74907	0.02049	0.07986	0.01119	0.01103	0.00783	0.00538	0.00448	0.00135	0.00485	0.00406	0.00454	0.00761

[dist]
# distance from previous block
# <min> <max>
6	11

[block]
# block no. 3 follows, 58 sequences, length 34
# corresponding to MSA columns:
# 137-142,148-175
name=unknown_D
#
# <colnr> <probs for GDERKNQSTAVLIFYWHMCP>
#	G	D	E	R	K	N	Q	S	T	A	V	L	I	F	Y	W	H	M	C	P
0	0.00984	0.00805	0.00938	0.00685	0.01071	0.00635	0.00548	0.01256	0.06505	0.04701	0.00905	0.01003	0.00729	0.00359	0.00345	0.00075	0.00335	0.00289	0.00290	0.77542
1	0.00637	0.00471	0.00603	0.00648	0.00687	0.00481	0.00445	0.03712	0.00882	0.01188	0.05407	0.58679	0.03775	0.13831	0.00879	0.00217	0.05636	0.01064	0.00384	0.00375
2	0.01008	0.00992	0.01644	0.47769	0.08330	0.04186	0.18407	0.06363	0.04316	0.01365	0.00879	0.01187	0.00664	0.00441	0.00463	0.00146	0.00618	0.00427	0.00234	0.00562
3	0.04474	0.06188	0.08187	0.01371	0.16204	0.15047	0.04956	0.20721	0.05693	0.01747	0.06057	0.01170	0.00925	0.00508	0.00483	0.00135	0.04794	0.00398	0.00305	0.00634
4	0.00837	0.05306	0.06877	0.01022	0.05870	0.02341	0.08846	0.01066	0.03070	0.01257	0.09424	0.03036	0.02929	0.07063	0.24824	0.00335	0.11271	0.00508	0.03636	0.00482
5	0.00557	0.00400	0.00529	0.00621	0.00659	0.00373	0.00425	0.00649	0.00893	0.01191	0.07218	0.73398	0.05691	0.01357	0.00569	0.00179	0.00261	0.04240	0.00420	0.00369
6	0.01299	0.00641	0.00829	0.00691	0.00917	0.00578	0.00538	0.03775	0.03663	0.36130	0.17033	0.06148	0.05870	0.04568	0.00676	0.08593	0.00336	0.00576	0.00453	0.06686
7	0.00641	0.00443	0.00510	0.00527	0.00546	0.00440	0.00316	0.00702	0.03365	0.00967	0.01751	0.18671	0.05025	0.62129	0.01816	0.00364	0.00389	0.00778	0.00311	0.00308
8	0.72460	0.00874	0.00712	0.00622	0.00896	0.01003	0.00511	0.09498	0.00913	0.02068	0.00728	0.00829	0.00559	0.00435	0.00297	0.00136	0.00352	0.00271	0.06328	0.00509
9	0.00640	0.00456	0.00591	0.00626	0.00712	0.00429	0.00467	0.00814	0.02677	0.02919	0.31258	0.33595	0.09566	0.01147	0.00554	0.00166	0.00266	0.12265	0.00446	0.00407
10	0.00613	0.00472	0.00562	0.00546	0.00667	0.00432	0.00407	0.00826	0.04472	0.01559	0.47266	0.09361	0.29159	0.01008	0.00528	0.00147	0.00226	0.00874	0.00460	0.00415
11	0.00655	0.00435	0.00512	0.00516	0.00553	0.00433	0.00329	0.00723	0.00782	0.01101	0.09920	0.09365	0.04969	0.49929	0.08235	0.00359	0.00426	0.00689	0.09744	0.00325
12	0.01745	0.01181	0.01298	0.00995	0.01351	0.01281	0.00822	0.68659	0.01983	0.14327	0.01175	0.01139	0.00811	0.00539	0.00448	0.00135	0.00476	0.00410	0.00463	0.00761
13	0.00621	0.00457	0.00581	0.00550	0.00661	0.00417	0.00412	0.00820	0.01237	0.01725	0.72191	0.03455	0.13326	0.00940	0.00528	0.00142	0.00213	0.00825	0.00483	0.00417
14	0.00586	0.00436	0.00519	0.00573	0.00646	0.00406	0.00400	0.00720	0.03556	0.01204	0.04435	0.45800	0.24238	0.07440	0.00673	0.00188	0.00269	0.03687	0.03846	0.00377
15	0.00638	0.00436	0.00492	0.00495	0.00535	0.00422	0.00308	0.00691	0.00783	0.01058	0.08179	0.06798	0.13653	0.54748	0.03146	0.00341	0.00377	0.00717	0.05871	0.00315
16	0.01056	0.01207	0.02640	0.01885	0.02338	0.01131	0.79864	0.01433	0.01056	0.01433	0.00905	0.01207	0.00679	0.00377	0.00528	0.00151	0.00754	0.00528	0.00226	0.00603
17	0.00897	0.02314	0.81962	0.01275	0.01936	0.01039	0.01653	0.01417	0.00944	0.01417	0.00803	0.00944	0.00567	0.00425	0.00425	0.00142	0.00661	0.00331	0.00189	0.00661
18	0.15832	0.00688	0.00776	0.00681	0.00897	0.00690	0.00533	0.09357	0.03609	0.21477	0.09685	0.14514	0.11919	0.02291	0.03673	0.00174	0.00361	0.00640	0.01663	0.00542
19	0.00651	0.00434	0.00488	0.00488	0.00488	0.00434	0.00271	0.00651	0.00651	0.00867	0.01409	0.02927	0.01626	0.84279	0.02277	0.00434	0.00434	0.00651	0.00271	0.00271
20	0.00845	0.00795	0.01342	0.83204	0.03081	0.00994	0.01242	0.01143	0.00894	0.01143	0.00795	0.01193	0.00596	0.00447	0.00447	0.00149	0.00596	0.00398	0.00199	0.00497
21	0.00637	0.00470	0.00683	0.00687	0.00754	0.00536	0.00518	0.00774	0.00716	0.01021	0.01273	0.05078	0.01252	0.13305	0.69402	0.00663	0.01067	0.00531	0.00250	0.00382
22	0.12276	0.00485	0.00539	0.00574	0.00676	0.00473	0.00411	0.00817	0.00898	0.04092	0.03898	0.42600	0.16872	0.04289	0.00565	0.00172	0.00274	0.02474	0.07215	0.00399
23	0.00584	0.00446	0.00544	0.00602	0.00692	0.00410	0.00448	0.00723	0.02240	0.01246	0.07353	0.37213	0.29694	0.01242	0.00561	0.00173	0.00274	0.14750	0.00419	0.00385
24	0.00639	0.00479	0.00719	0.00719	0.00799	0.00559	0.00559	0.00799	0.00719	0.01038	0.01198	0.01757	0.01118	0.03355	0.82507	0.00719	0.01198	0.00479	0.00240	0.00399
25	0.00845	0.00675	0.01013	0.16516	0.19807	0.00713	0.00798	0.03027	0.03593	0.01340	0.06464	0.14012	0.05777	0.00879	0.03138	0.10169	0.00428	0.00592	0.09731	0.00482
26	0.00662	0.00449	0.00562	0.00582	0.00681	0.00404	0.00421	0.00792	0.01034	0.06513	0.23651	0.36998	0.21746	0.01152	0.00543	0.00161	0.00250	0.02548	0.00444	0.00409
27	0.00577	0.00414	0.00554	0.00655	0.00698	0.00391	0.00469	0.00679	0.00892	0.01179	0.02501	0.67547	0.04912	0.01364	0.00578	0.00185	0.00286	0.15330	0.00415	0.00373
28	0.00944	0.03729	0.01411	0.63146	0.12434	0.01040	0.01193	0.06240	0.00989	0.01300	0.00830	0.01170	0.00634	0.00447	0.00438	0.00143	0.00568	0.00393	0.02414	0.00540
29	0.02450	0.01075	0.04858	0.11272	0.57841	0.03043	0.02356	0.03549	0.01051	0.01484	0.05999	0.01240	0.00910	0.00444	0.00446	0.00135	0.00529	0.00419	0.00243	0.00657
30	0.01536	0.00780	0.00958	0.00792	0.01065	0.00770	0.00625	0.02038	0.26389	0.45321	0.04522	0.01777	0.01351	0.09213	0.00643	0.00173	0.00372	0.00501	0.00491	0.00682
31	0.00975	0.02266	0.74005	0.01259	0.01882	0.06282	0.01574	0.04144	0.01005	0.01444	0.00805	0.00940	0.00574	0.00431	0.00424	0.00140	0.00665	0.00330	0.00200	0.00655
32	0.01298	0.02854	0.06586	0.15658	0.12262	0.13560	0.08425	0.05716	0.04231	0.16899	0.01181	0.01305	0.03591	0.00605	0.03730	0.00160	0.00592	0.00423	0.00309	0.00615
33	0.84414	0.00849	0.00649	0.00582	0.00853	0.00983	0.00478	0.01305	0.00767	0.01995	0.00652	0.00760	0.00508	0.00419	0.00278	0.00137	0.00341	0.00248	0.03298	0.00482

[dist]
# distance from previous block
# <min> <max>
0	8

[block]
# block no. 4 follows, 58 sequences, length 6
# corresponding to MSA columns:
# 184-189
name=unknown_E
#
# <colnr> <probs for GDERKNQSTAVLIFYWHMCP>
#	G	D	E	R	K	N	Q	S	T	A	V	L	I	F	Y	W	H	M	C	P
0	0.00721	0.00439	0.00590	0.00655	0.00722	0.00406	0.00462	0.00818	0.00915	0.10276	0.02380	0.69679	0.02725	0.01295	0.00560	0.00178	0.00283	0.06051	0.00431	0.00411
1	0.01185	0.04219	0.16827	0.01873	0.35487	0.05911	0.10191	0.01479	0.01036	0.10481	0.00959	0.01202	0.00755	0.00459	0.00488	0.00139	0.03947	0.02443	0.00257	0.00661
2	0.01149	0.01328	0.22810	0.11365	0.32694	0.03877	0.01263	0.01464	0.01043	0.13094	0.04878	0.01233	0.00882	0.00461	0.00442	0.00138	0.00546	0.00404	0.00272	0.00658
3	0.00629	0.00494	0.00639	0.09902	0.00935	0.00479	0.00510	0.00798	0.01061	0.01398	0.30915	0.09430	0.26468	0.05919	0.00634	0.00171	0.00296	0.08510	0.00409	0.00403
4	0.01389	0.07071	0.01167	0.03073	0.01199	0.03232	0.00722	0.20495	0.22967	0.18275	0.06105	0.01539	0.01223	0.05582	0.00591	0.00158	0.03669	0.00464	0.00422	0.00659
5	0.00871	0.18037	0.22275	0.00845	0.01166	0.00942	0.00857	0.01270	0.11163	0.01475	0.23125	0.07956	0.04169	0.00693	0.00449	0.00139	0.00412	0.03275	0.00337	0.00546

[dist]
# distance from previous block
# <min> <max>
2	7

[block]
# block no. 5 follows, 58 sequences, length 27
# corresponding to MSA columns:
# 197-223
name=unknown_F
#
# <colnr> <probs for GDERKNQSTAVLIFYWHMCP>
#	G	D	E	R	K	N	Q	S	T	A	V	L	I	F	Y	W	H	M	C	P
0	0.11835	0.00770	0.00862	0.00738	0.00986	0.00786	0.00585	0.11735	0.14587	0.23503	0.07521	0.09846	0.12911	0.00733	0.00458	0.00146	0.00341	0.00602	0.00452	0.00602
1	0.02632	0.29384	0.17763	0.00964	0.01346	0.09624	0.00950	0.17890	0.02446	0.02767	0.01019	0.01093	0.05273	0.00501	0.00436	0.00125	0.04549	0.00352	0.00273	0.00613
2	0.04035	0.01807	0.01238	0.01085	0.01338	0.57367	0.00834	0.19449	0.01413	0.01508	0.00804	0.00917	0.00645	0.00634	0.04860	0.00153	0.00744	0.00323	0.00281	0.00566
3	0.01011	0.00945	0.01606	0.26267	0.53795	0.01004	0.01278	0.01260	0.00957	0.01328	0.00824	0.01147	0.00680	0.00479	0.00519	0.05130	0.00542	0.00398	0.00213	0.00617
4	0.00963	0.05604	0.01385	0.01183	0.05788	0.01159	0.06677	0.01120	0.02032	0.03286	0.04829	0.09946	0.01106	0.00784	0.01068	0.00177	0.49410	0.02720	0.00256	0.00507
5	0.00672	0.00778	0.13873	0.00662	0.00885	0.00527	0.00619	0.00905	0.02638	0.03134	0.22122	0.05335	0.38510	0.00955	0.00516	0.00152	0.00314	0.06551	0.00400	0.00452
6	0.00638	0.00453	0.00579	0.00626	0.00681	0.00442	0.00447	0.02574	0.00918	0.01230	0.11813	0.36253	0.04683	0.20129	0.03262	0.00251	0.00350	0.13914	0.00387	0.00368
7	0.01813	0.00865	0.01086	0.00827	0.01182	0.00798	0.00681	0.17824	0.01404	0.55983	0.01506	0.01359	0.00983	0.00523	0.00435	0.00129	0.00397	0.00418	0.00497	0.11291
8	0.00640	0.00477	0.00709	0.00709	0.00785	0.00554	0.00547	0.00792	0.00716	0.01031	0.01207	0.01808	0.01140	0.06872	0.79020	0.00707	0.01165	0.00487	0.00241	0.00394
9	0.00745	0.00482	0.00634	0.00582	0.00707	0.00441	0.00441	0.00953	0.01267	0.08302	0.74787	0.03193	0.03967	0.00885	0.00521	0.00141	0.00225	0.00780	0.00497	0.00450
10	0.01519	0.00943	0.01040	0.00824	0.01111	0.01000	0.00672	0.45282	0.01647	0.16097	0.01297	0.01312	0.00925	0.00536	0.00411	0.00127	0.00396	0.00415	0.23780	0.00668
11	0.87439	0.00865	0.00657	0.00588	0.00865	0.01003	0.00484	0.01315	0.00761	0.02007	0.00623	0.00727	0.00484	0.00415	0.00277	0.00138	0.00346	0.00242	0.00277	0.00484
12	0.00567	0.00402	0.00528	0.00613	0.00643	0.00379	0.00412	0.00649	0.00865	0.01158	0.06883	0.68236	0.02881	0.09851	0.00745	0.00206	0.00280	0.03938	0.00405	0.00359
13	0.87439	0.00865	0.00657	0.00588	0.00865	0.01003	0.00484	0.01315	0.00761	0.02007	0.00623	0.00727	0.00484	0.00415	0.00277	0.00138	0.00346	0.00242	0.00277	0.00484
14	0.00650	0.00437	0.00506	0.00506	0.00512	0.00444	0.00294	0.00662	0.00656	0.00881	0.01393	0.02835	0.01586	0.77917	0.08585	0.00456	0.00494	0.00637	0.00269	0.00281
15	0.87439	0.00865	0.00657	0.00588	0.00865	0.01003	0.00484	0.01315	0.00761	0.02007	0.00623	0.00727	0.00484	0.00415	0.00277	0.00138	0.00346	0.00242	0.00277	0.00484
16	0.00693	0.00505	0.00580	0.00565	0.00685	0.00477	0.00411	0.00916	0.08282	0.04677	0.21024	0.11184	0.30913	0.14315	0.00804	0.00198	0.00282	0.02655	0.00419	0.00416
17	0.00661	0.00496	0.00637	0.00708	0.00826	0.00472	0.00602	0.00838	0.01027	0.01298	0.03043	0.04815	0.27123	0.01204	0.00590	0.00189	0.00354	0.54303	0.00413	0.00401
18	0.01700	0.01253	0.01342	0.01029	0.01387	0.01387	0.00850	0.79997	0.02103	0.02819	0.01074	0.01074	0.00761	0.00537	0.00447	0.00134	0.00492	0.00403	0.00447	0.00761
19	0.78516	0.00839	0.00674	0.00598	0.00869	0.00955	0.00490	0.01335	0.00814	0.06115	0.04874	0.00904	0.00711	0.00448	0.00299	0.00139	0.00341	0.00282	0.00302	0.00495
20	0.01503	0.00689	0.00899	0.00753	0.01008	0.00632	0.00611	0.07569	0.01260	0.47260	0.10237	0.08940	0.03592	0.00742	0.00481	0.00148	0.00353	0.08435	0.04256	0.00633
21	0.00651	0.00434	0.00488	0.00488	0.00488	0.00434	0.00271	0.00651	0.00651	0.00867	0.01409	0.02927	0.01626	0.84279	0.02277	0.00434	0.00434	0.00651	0.00271	0.00271
22	0.01826	0.01000	0.01250	0.00952	0.01308	0.01002	0.04577	0.36475	0.01632	0.43064	0.01418	0.01309	0.00934	0.00538	0.00453	0.00137	0.00448	0.00433	0.00491	0.00753
23	0.00624	0.00451	0.00572	0.00643	0.00707	0.00431	0.00459	0.04508	0.00953	0.01261	0.02569	0.62272	0.10380	0.01299	0.00561	0.00177	0.00283	0.09372	0.02088	0.00390
24	0.05223	0.00514	0.00606	0.00559	0.00706	0.00478	0.00427	0.02846	0.01195	0.06261	0.49815	0.03305	0.24568	0.00917	0.00508	0.00143	0.00239	0.00785	0.00463	0.00441
25	0.01671	0.02132	0.01268	0.01152	0.01383	0.82483	0.00864	0.01786	0.01268	0.01095	0.00691	0.00807	0.00576	0.00461	0.00403	0.00115	0.00807	0.00288	0.00230	0.00519
26	0.00606	0.00457	0.00561	0.00547	0.00662	0.00412	0.00414	0.00785	0.01173	0.01588	0.53605	0.06470	0.25310	0.01007	0.00534	0.00148	0.00227	0.04622	0.00465	0.00407

[dist]
# distance from previous block
# <min> <max>
0	1

[block]
# block no. 6 follows, 58 sequences, length 16
# corresponding to MSA columns:
# 225-240
name=unknown_G
#
# <colnr> <probs for GDERKNQSTAVLIFYWHMCP>
#	G	D	E	R	K	N	Q	S	T	A	V	L	I	F	Y	W	H	M	C	P
0	0.00584	0.00403	0.00534	0.00620	0.00661	0.00374	0.00420	0.00672	0.00889	0.03152	0.06082	0.76367	0.04867	0.01352	0.00565	0.00178	0.00259	0.01223	0.00422	0.00376
1	0.01960	0.00783	0.01060	0.03240	0.01210	0.00699	0.00683	0.05487	0.01304	0.76028	0.01706	0.01494	0.01077	0.00550	0.00450	0.00139	0.00392	0.00446	0.00539	0.00753
2	0.01134	0.67547	0.18805	0.00871	0.01311	0.01619	0.00949	0.01355	0.00916	0.01128	0.00659	0.00764	0.00573	0.00391	0.00316	0.00105	0.00516	0.00258	0.00191	0.00592
3	0.01473	0.00791	0.00971	0.00807	0.01069	0.00776	0.00650	0.22868	0.01414	0.34568	0.07362	0.14293	0.04296	0.00767	0.00487	0.00149	0.00378	0.05755	0.00486	0.00641
4	0.03806	0.00602	0.00695	0.00632	0.00789	0.00599	0.00483	0.09651	0.07134	0.04410	0.38173	0.05577	0.17316	0.04471	0.00604	0.01838	0.00284	0.02018	0.00446	0.00473
5	0.87439	0.00865	0.00657	0.00588	0.00865	0.01003	0.00484	0.01315	0.00761	0.02007	0.00623	0.00727	0.00484	0.00415	0.00277	0.00138	0.00346	0.00242	0.00277	0.00484
6	0.00928	0.00795	0.00928	0.00663	0.01060	0.00596	0.00530	0.01126	0.00928	0.01458	0.00795	0.00928	0.00663	0.00331	0.00331	0.00066	0.00331	0.00265	0.00265	0.87014
7	0.66376	0.00839	0.00751	0.00639	0.00933	0.00918	0.00527	0.01528	0.00889	0.21679	0.00904	0.00923	0.00638	0.00449	0.00319	0.00138	0.00355	0.00293	0.00345	0.00553
8	0.01149	0.00979	0.01032	0.00918	0.01177	0.01129	0.00717	0.07123	0.75877	0.01929	0.01775	0.01633	0.01329	0.00603	0.00455	0.00151	0.00362	0.00499	0.00455	0.00711
9	0.00672	0.00481	0.00662	0.00747	0.00834	0.00471	0.00617	0.00852	0.01026	0.01360	0.13096	0.21246	0.02878	0.01227	0.00596	0.00192	0.00353	0.51866	0.00424	0.00403
10	0.87439	0.00865	0.00657	0.00588	0.00865	0.01003	0.00484	0.01315	0.00761	0.02007	0.00623	0.00727	0.00484	0.00415	0.00277	0.00138	0.00346	0.00242	0.00277	0.00484
11	0.00544	0.00392	0.00516	0.00616	0.00647	0.00364	0.00412	0.00624	0.00863	0.01145	0.02553	0.80604	0.06286	0.01390	0.00569	0.00180	0.00258	0.01258	0.00415	0.00364
12	0.01052	0.01030	0.01582	0.16847	0.42126	0.05899	0.04554	0.02645	0.00970	0.01324	0.00850	0.03244	0.00736	0.00588	0.02806	0.02010	0.10491	0.00421	0.00224	0.00601
13	0.28426	0.05835	0.02683	0.02813	0.04197	0.01152	0.13423	0.19128	0.03627	0.08589	0.00914	0.01018	0.00679	0.00473	0.00455	0.00141	0.05148	0.00368	0.00321	0.00612
14	0.75879	0.00860	0.00701	0.00611	0.00893	0.00972	0.00502	0.03954	0.00842	0.04144	0.03060	0.00846	0.00629	0.00434	0.00297	0.00135	0.00347	0.00271	0.00296	0.04328
15	0.01417	0.04181	0.01293	0.01023	0.01325	0.11680	0.04287	0.34949	0.28205	0.02095	0.01256	0.01256	0.00942	0.00635	0.03270	0.00157	0.00522	0.00425	0.00396	0.00686

[dist]
# distance from previous block
# <min> <max>
0	1

[block]
# block no. 7 follows, 58 sequences, length 62
# corresponding to MSA columns:
# 242-266,283-290,297-302,305-327
name=unknown_H
#
# <colnr> <probs for GDERKNQSTAVLIFYWHMCP>
#	G	D	E	R	K	N	Q	S	T	A	V	L	I	F	Y	W	H	M	C	P
0	0.01024	0.09014	0.59970	0.01177	0.01747	0.02420	0.01418	0.09771	0.01062	0.01522	0.00808	0.00937	0.00592	0.00441	0.00442	0.00135	0.02978	0.00329	0.00220	0.03992
1	0.00825	0.03835	0.00826	0.00741	0.00872	0.02791	0.01656	0.05805	0.02942	0.04545	0.05440	0.08219	0.06457	0.08642	0.33141	0.00404	0.00714	0.11370	0.00330	0.00445
2	0.00651	0.00434	0.00488	0.00488	0.00488	0.00434	0.00271	0.00651	0.00651	0.00867	0.01409	0.02927	0.01626	0.84279	0.02277	0.00434	0.00434	0.00651	0.00271	0.00271
3	0.03223	0.00455	0.00497	0.00500	0.00540	0.00459	0.00312	0.00782	0.02672	0.01097	0.01569	0.07219	0.03907	0.56915	0.01661	0.00335	0.00374	0.01753	0.15407	0.00324
4	0.00573	0.00442	0.00526	0.00560	0.00656	0.00399	0.00406	0.00715	0.02363	0.01313	0.18410	0.33598	0.32820	0.01186	0.00547	0.00163	0.00246	0.04259	0.00431	0.00388
5	0.00894	0.00740	0.00769	0.00703	0.00895	0.03867	0.00543	0.06531	0.26621	0.03419	0.18692	0.04239	0.27318	0.00849	0.00495	0.00148	0.00311	0.01992	0.00442	0.00532
6	0.01684	0.01245	0.01333	0.01026	0.01381	0.01379	0.00846	0.77785	0.04343	0.02792	0.01095	0.01091	0.00778	0.00539	0.00448	0.00135	0.00488	0.00406	0.00448	0.00759
7	0.01929	0.00887	0.01116	0.00856	0.01205	0.00844	0.00707	0.22078	0.01491	0.61604	0.01588	0.01408	0.01019	0.00549	0.00449	0.00137	0.00409	0.00438	0.00527	0.00761
8	0.04301	0.00773	0.00955	0.00772	0.01068	0.00736	0.00625	0.06409	0.13160	0.49865	0.07350	0.01877	0.08806	0.00635	0.00458	0.00141	0.00356	0.00520	0.00507	0.00686
9	0.00858	0.00757	0.01068	0.00929	0.01122	0.00791	0.13706	0.01383	0.26778	0.01429	0.02100	0.11586	0.12523	0.09837	0.00737	0.00193	0.02838	0.10475	0.00374	0.00517
10	0.03918	0.00912	0.01009	0.00859	0.01137	0.00993	0.00682	0.10420	0.46994	0.20617	0.01673	0.01544	0.01203	0.00577	0.00440	0.00144	0.00366	0.00469	0.05341	0.00703
11	0.00640	0.00426	0.00571	0.00658	0.00711	0.00401	0.00473	0.00746	0.00904	0.04471	0.02397	0.65743	0.02777	0.01319	0.00567	0.00182	0.00288	0.13825	0.02513	0.00389
12	0.00935	0.00515	0.00546	0.00510	0.00647	0.00519	0.00393	0.08281	0.01056	0.05224	0.01648	0.01941	0.05813	0.03997	0.00435	0.00129	0.00260	0.03472	0.63223	0.00455
13	0.00654	0.00462	0.00541	0.00559	0.00609	0.00452	0.00383	0.00739	0.02134	0.01057	0.04583	0.03545	0.13690	0.51438	0.01603	0.00333	0.00390	0.16171	0.00330	0.00327
14	0.00649	0.00538	0.00553	0.00534	0.00698	0.00507	0.00405	0.00967	0.14543	0.01374	0.07793	0.03673	0.59727	0.01001	0.00505	0.00148	0.00246	0.00836	0.04864	0.00438
15	0.00556	0.00396	0.00524	0.00622	0.00649	0.00372	0.00417	0.00634	0.00851	0.01134	0.02407	0.77295	0.02877	0.05711	0.00661	0.00196	0.00273	0.03658	0.00408	0.00360
16	0.00545	0.00389	0.00519	0.00623	0.00649	0.00363	0.00415	0.00623	0.00856	0.01142	0.02465	0.83987	0.02959	0.01401	0.00571	0.00182	0.00260	0.01272	0.00415	0.00363
17	0.01074	0.01138	0.01356	0.01171	0.01203	0.12589	0.00963	0.01175	0.00766	0.01079	0.00602	0.00955	0.00586	0.00738	0.01321	0.00185	0.72028	0.00377	0.00201	0.00493
18	0.01036	0.00891	0.00940	0.00852	0.01088	0.01013	0.00660	0.02145	0.69647	0.01804	0.05447	0.01994	0.09182	0.00671	0.00465	0.00151	0.00336	0.00561	0.00453	0.00664
19	0.00654	0.00433	0.00490	0.00492	0.00501	0.00430	0.00283	0.00672	0.00692	0.00943	0.04528	0.05434	0.01750	0.75237	0.02080	0.00402	0.00411	0.00667	0.03616	0.00285
20	0.00777	0.00389	0.00583	0.00583	0.00583	0.00389	0.00389	0.00583	0.00583	0.00777	0.00777	0.01360	0.00777	0.01554	0.01748	0.86985	0.00389	0.00389	0.00194	0.00194
21	0.46017	0.01047	0.00982	0.00799	0.01113	0.01184	0.00658	0.37889	0.02856	0.02382	0.00854	0.00905	0.00629	0.00475	0.00359	0.00137	0.00414	0.00322	0.00359	0.00617
22	0.00602	0.00456	0.00555	0.00530	0.00649	0.00409	0.00398	0.00784	0.01193	0.01621	0.58598	0.03626	0.26983	0.00979	0.00528	0.00144	0.00216	0.00849	0.00470	0.00409
23	0.00558	0.00464	0.00489	0.00492	0.00631	0.00403	0.00365	0.00712	0.03522	0.01274	0.10980	0.11294	0.65016	0.01121	0.00530	0.00153	0.00232	0.00948	0.00423	0.00391
24	0.00648	0.00436	0.00501	0.00503	0.00507	0.00440	0.00289	0.00658	0.00657	0.00881	0.01413	0.03997	0.01617	0.78659	0.06675	0.00446	0.00473	0.00650	0.00271	0.00279
25	0.00650	0.00435	0.00496	0.00496	0.00499	0.00438	0.00281	0.00656	0.00653	0.00873	0.01402	0.02885	0.01608	0.81379	0.05152	0.00444	0.00461	0.00644	0.00270	0.00276
26	0.01534	0.04090	0.04371	0.01028	0.01316	0.28948	0.00843	0.26293	0.04696	0.09590	0.00986	0.01057	0.00747	0.00648	0.04360	0.00157	0.05480	0.00363	0.00336	0.03155
27	0.30743	0.00796	0.00910	0.00726	0.01049	0.00774	0.00599	0.01889	0.01106	0.54960	0.01381	0.01255	0.00898	0.00507	0.00392	0.00138	0.00369	0.00380	0.00461	0.00668
28	0.00632	0.00426	0.00523	0.00556	0.00617	0.00399	0.00380	0.00722	0.00906	0.02557	0.13974	0.34912	0.13131	0.16311	0.00896	0.03639	0.00286	0.02151	0.06621	0.00362
29	0.01200	0.76157	0.04598	0.00809	0.01182	0.05022	0.00802	0.01352	0.00918	0.01066	0.00629	0.00736	0.00574	0.00400	0.00333	0.00101	0.03110	0.00249	0.00193	0.00572
30	0.01135	0.04767	0.09554	0.13481	0.07683	0.20248	0.03046	0.01604	0.19188	0.01386	0.04556	0.02601	0.02103	0.00541	0.00492	0.00140	0.05100	0.00426	0.01369	0.00581
31	0.04503	0.04547	0.01571	0.11977	0.43409	0.11746	0.02133	0.05964	0.03726	0.01478	0.02984	0.01182	0.00807	0.00453	0.00432	0.00133	0.00551	0.01520	0.00252	0.00633
32	0.01572	0.01917	0.01324	0.02699	0.11213	0.66787	0.00923	0.04070	0.02047	0.01208	0.00745	0.00878	0.00614	0.00458	0.00410	0.00119	0.00747	0.00311	0.01409	0.00549
33	0.00801	0.00625	0.00889	0.04865	0.13006	0.03201	0.00662	0.01930	0.00776	0.01060	0.01095	0.01657	0.02741	0.09765	0.33432	0.20506	0.01894	0.00460	0.00233	0.00400
34	0.13516	0.00651	0.00676	0.00644	0.00793	0.03932	0.00480	0.04108	0.04796	0.08799	0.04668	0.17627	0.13557	0.11622	0.04294	0.02751	0.00383	0.03330	0.02924	0.00448
35	0.00959	0.00949	0.01654	0.01498	0.12553	0.02147	0.26100	0.01178	0.00902	0.02520	0.01075	0.10595	0.01029	0.00900	0.07830	0.00214	0.23559	0.03550	0.00252	0.00536
36	0.00564	0.00447	0.00501	0.00502	0.00622	0.00391	0.00368	0.00696	0.01057	0.01350	0.25418	0.12197	0.48843	0.04303	0.00600	0.00162	0.00234	0.00929	0.00431	0.00384
37	0.19886	0.00737	0.00795	0.00700	0.00928	0.00763	0.00550	0.08302	0.12166	0.17963	0.09854	0.13101	0.10980	0.00750	0.00446	0.00148	0.00328	0.00615	0.00429	0.00560
38	0.00716	0.00424	0.00632	0.00634	0.00667	0.00452	0.00454	0.00672	0.00660	0.00913	0.03353	0.03630	0.01060	0.02201	0.31703	0.50183	0.00681	0.00457	0.00225	0.00281
39	0.00633	0.00457	0.00598	0.00563	0.00668	0.00422	0.00422	0.00844	0.01266	0.01794	0.81253	0.03341	0.04221	0.00914	0.00528	0.00141	0.00211	0.00809	0.00492	0.00422
40	0.00600	0.00449	0.00557	0.00544	0.00652	0.00406	0.00403	0.00775	0.01167	0.01592	0.55508	0.12042	0.21630	0.01015	0.00532	0.00147	0.00220	0.00888	0.00467	0.00406
41	0.38906	0.00704	0.00674	0.00619	0.00821	0.00759	0.00483	0.05181	0.04769	0.05120	0.16237	0.11914	0.07403	0.01777	0.00429	0.00148	0.00308	0.00564	0.02702	0.00482
42	0.01581	0.01185	0.01266	0.00996	0.01330	0.01319	0.00814	0.65065	0.15431	0.02633	0.01209	0.01188	0.00872	0.00549	0.00446	0.00137	0.00462	0.00421	0.02353	0.00744
43	0.00979	0.00979	0.01370	0.01174	0.01174	0.01370	0.00979	0.01077	0.00685	0.01077	0.00587	0.00979	0.00587	0.00783	0.01468	0.00196	0.83461	0.00391	0.00196	0.00489
44	0.00586	0.00415	0.00546	0.00626	0.00664	0.00395	0.00435	0.00680	0.00883	0.01182	0.08437	0.57964	0.02842	0.11769	0.00788	0.00213	0.00296	0.10514	0.00403	0.00362
45	0.00706	0.00457	0.00551	0.00557	0.00613	0.00437	0.00364	0.01992	0.00861	0.05841	0.10324	0.25316	0.08542	0.39890	0.01349	0.00289	0.00344	0.00846	0.00365	0.00357
46	0.00846	0.00518	0.00668	0.00600	0.00741	0.00481	0.00457	0.03353	0.01265	0.12050	0.64185	0.02986	0.03561	0.03472	0.00565	0.00149	0.00248	0.00736	0.02647	0.00471
47	0.01700	0.01253	0.01342	0.01029	0.01387	0.01387	0.00850	0.79997	0.02103	0.02819	0.01074	0.01074	0.00761	0.00537	0.00447	0.00134	0.00492	0.00403	0.00447	0.00761
48	0.12575	0.00631	0.03886	0.00576	0.00738	0.00606	0.00464	0.07805	0.00994	0.02714	0.01513	0.12858	0.03785	0.03223	0.03592	0.00159	0.00324	0.00532	0.42568	0.00456
49	0.00645	0.00460	0.00583	0.00634	0.00733	0.00425	0.00490	0.00785	0.01003	0.03820	0.10951	0.29876	0.23681	0.01208	0.00565	0.00175	0.00293	0.22849	0.00427	0.00399
50	0.01203	0.01006	0.01063	0.00929	0.01198	0.01155	0.00730	0.14346	0.68564	0.02017	0.01706	0.01577	0.01272	0.00596	0.00454	0.00149	0.00375	0.00490	0.00454	0.00716
51	0.00554	0.00397	0.00529	0.00631	0.00663	0.00372	0.00431	0.00640	0.00868	0.01154	0.02493	0.78453	0.04181	0.01388	0.00573	0.00182	0.00267	0.05443	0.00415	0.00366
52	0.00564	0.00401	0.00515	0.00594	0.00623	0.00377	0.00390	0.00636	0.00846	0.01127	0.05415	0.65473	0.05496	0.14314	0.00834	0.00218	0.00284	0.01146	0.00396	0.00352
53	0.01655	0.02099	0.01260	0.01146	0.01377	0.80172	0.00860	0.01803	0.03524	0.01117	0.00724	0.00831	0.00599	0.00465	0.00405	0.00116	0.00794	0.00294	0.00237	0.00524
54	0.07012	0.00915	0.01323	0.24546	0.05220	0.03261	0.10963	0.10193	0.04531	0.16224	0.07748	0.01445	0.01079	0.02986	0.00506	0.00151	0.00505	0.00457	0.00339	0.00593
55	0.01099	0.02315	0.04767	0.03756	0.14646	0.04228	0.05785	0.21451	0.03185	0.01635	0.01060	0.02743	0.00896	0.02382	0.26355	0.00324	0.02050	0.00444	0.00293	0.00585
56	0.07804	0.03897	0.31081	0.04522	0.04822	0.01007	0.24947	0.01334	0.00973	0.02392	0.03323	0.01398	0.00871	0.00597	0.03800	0.00170	0.00640	0.05592	0.00239	0.00590
57	0.03339	0.00516	0.00665	0.00655	0.00762	0.00499	0.01504	0.00921	0.02020	0.09613	0.11474	0.31382	0.08966	0.11169	0.03348	0.01347	0.02529	0.06564	0.00398	0.02330
58	0.00725	0.00602	0.00832	0.00782	0.00884	0.03944	0.03631	0.00881	0.00759	0.01071	0.01144	0.01705	0.01072	0.07589	0.63884	0.00603	0.04728	0.00472	0.01725	0.02968
59	0.02747	0.00683	0.00856	0.00739	0.00952	0.00674	0.00581	0.07753	0.09428	0.29767	0.11970	0.05707	0.04646	0.05394	0.07677	0.05003	0.00428	0.03979	0.00443	0.00572
60	0.03997	0.00702	0.00896	0.00739	0.01000	0.00649	0.00589	0.05931	0.04738	0.43453	0.16089	0.10672	0.01824	0.00744	0.01823	0.00150	0.00352	0.00589	0.00491	0.04571
61	0.01405	0.01035	0.01114	0.00917	0.01212	0.01147	0.00737	0.37105	0.33546	0.07626	0.01539	0.01467	0.03336	0.00582	0.00446	0.00140	0.00406	0.00463	0.05064	0.00710

[dist]
# distance from previous block
# <min> <max>
0	1

[block]
# block no. 8 follows, 58 sequences, length 17
# corresponding to MSA columns:
# 329-337,356-363
name=unknown_I
#
# <colnr> <probs for GDERKNQSTAVLIFYWHMCP>
#	G	D	E	R	K	N	Q	S	T	A	V	L	I	F	Y	W	H	M	C	P
0	0.00759	0.00577	0.00664	0.00647	0.00781	0.00567	0.00476	0.08958	0.08493	0.01461	0.07914	0.32185	0.17948	0.06140	0.00622	0.00173	0.00300	0.03393	0.03058	0.04884
1	0.01015	0.00745	0.00856	0.00684	0.00964	0.00669	0.00535	0.12114	0.04930	0.08192	0.08724	0.04993	0.13227	0.05846	0.00540	0.00132	0.00336	0.00522	0.00372	0.34605
2	0.04343	0.00936	0.00966	0.00815	0.01067	0.10586	0.00642	0.17606	0.03056	0.28052	0.08574	0.13143	0.06818	0.00723	0.00467	0.00142	0.00411	0.00593	0.00448	0.00611
3	0.00630	0.00465	0.00656	0.00661	0.00729	0.00515	0.00492	0.00762	0.00755	0.01061	0.05209	0.07357	0.04470	0.15141	0.58323	0.00593	0.00941	0.00589	0.00274	0.00378
4	0.04944	0.00571	0.00637	0.00610	0.00760	0.00563	0.00457	0.05249	0.09221	0.06331	0.12900	0.19503	0.24787	0.04146	0.00562	0.00162	0.00283	0.01726	0.06126	0.00462
5	0.00691	0.00580	0.00618	0.00606	0.00718	0.06636	0.00453	0.00855	0.01141	0.01502	0.44929	0.10789	0.18201	0.04410	0.00600	0.00161	0.00286	0.05978	0.00437	0.00409
6	0.00646	0.00481	0.00614	0.00674	0.00748	0.00477	0.00492	0.00895	0.09891	0.01347	0.13990	0.51799	0.02912	0.01217	0.00558	0.00176	0.00284	0.11949	0.00431	0.00417
7	0.00687	0.00497	0.00608	0.00615	0.00725	0.00473	0.00461	0.05045	0.02553	0.02664	0.27660	0.27064	0.17818	0.01087	0.00537	0.00160	0.00267	0.08127	0.02528	0.00424
8	0.03443	0.00517	0.00602	0.00584	0.00728	0.00479	0.00444	0.00967	0.03594	0.11014	0.12612	0.11614	0.31578	0.08807	0.00681	0.00182	0.00292	0.08809	0.02616	0.00436
9	0.01236	0.01068	0.01074	0.00943	0.01207	0.06189	0.00743	0.15931	0.58890	0.01969	0.01640	0.01640	0.01256	0.00610	0.00457	0.00148	0.00409	0.03457	0.00438	0.00694
10	0.25925	0.00755	0.00830	0.00710	0.00976	0.00765	0.00579	0.04089	0.07655	0.31607	0.04682	0.03535	0.07534	0.00645	0.00423	0.00146	0.00351	0.06301	0.01899	0.00595
11	0.02121	0.00601	0.00751	0.00681	0.00848	0.00603	0.00529	0.07036	0.05600	0.14848	0.18311	0.10137	0.06734	0.02485	0.17112	0.00263	0.00484	0.01986	0.07012	0.01856
12	0.00661	0.00469	0.00572	0.00596	0.00703	0.00437	0.00445	0.00807	0.02701	0.05093	0.09076	0.25877	0.29690	0.05770	0.05783	0.00215	0.00338	0.09954	0.00410	0.00402
13	0.01936	0.00816	0.01065	0.00823	0.01165	0.00746	0.00678	0.09325	0.05156	0.70731	0.01704	0.01488	0.01088	0.00555	0.00450	0.00139	0.00390	0.00448	0.00539	0.00759
14	0.00644	0.00436	0.00514	0.00519	0.00529	0.00443	0.00309	0.00665	0.00668	0.00900	0.01441	0.06959	0.01640	0.71396	0.10749	0.00451	0.00506	0.00664	0.00275	0.00289
15	0.01033	0.00997	0.01411	0.25735	0.30504	0.08459	0.02996	0.04020	0.02268	0.01371	0.03173	0.01340	0.03785	0.00586	0.03240	0.00158	0.03242	0.00428	0.04679	0.00576
16	0.00798	0.00553	0.00651	0.00598	0.00748	0.00538	0.00457	0.04551	0.09348	0.05686	0.43505	0.04227	0.16407	0.00854	0.00492	0.00140	0.00250	0.00734	0.08987	0.00474

[dist]
# distance from previous block
# <min> <max>
0	1

[block]
# block no. 9 follows, 58 sequences, length 13
# corresponding to MSA columns:
# 365-377
name=unknown_J
#
# <colnr> <probs for GDERKNQSTAVLIFYWHMCP>
#	G	D	E	R	K	N	Q	S	T	A	V	L	I	F	Y	W	H	M	C	P
0	0.01538	0.00701	0.00875	0.00706	0.00969	0.00656	0.00571	0.10572	0.01291	0.44775	0.10584	0.01712	0.01429	0.00585	0.00426	0.00130	0.00333	0.00477	0.21031	0.00641
1	0.64305	0.00954	0.00864	0.12296	0.06059	0.06560	0.00670	0.01327	0.00830	0.01791	0.00665	0.00820	0.00520	0.00422	0.00319	0.00138	0.00424	0.00276	0.00259	0.00502
2	0.70158	0.00865	0.00766	0.10161	0.01146	0.01012	0.00591	0.01385	0.07512	0.01896	0.00744	0.00860	0.00572	0.00435	0.00312	0.00141	0.00376	0.00282	0.00283	0.00505
3	0.01273	0.01003	0.01249	0.21901	0.07053	0.03571	0.00928	0.22175	0.18854	0.08545	0.01165	0.01272	0.00865	0.00566	0.00542	0.03076	0.04550	0.00423	0.00353	0.00639
4	0.00844	0.00600	0.00799	0.07717	0.05090	0.00609	0.00603	0.04214	0.05399	0.06943	0.17300	0.13528	0.07755	0.06799	0.08247	0.00222	0.00422	0.05960	0.03921	0.03027
5	0.03870	0.03000	0.02950	0.07181	0.06854	0.07252	0.21902	0.04715	0.14501	0.07960	0.01113	0.02461	0.00858	0.00536	0.02261	0.00148	0.01710	0.00440	0.01593	0.08696
6	0.05415	0.01225	0.01226	0.04134	0.02855	0.14916	0.04300	0.39025	0.05945	0.02090	0.07939	0.01435	0.04989	0.01919	0.00476	0.00140	0.00510	0.00452	0.00379	0.00631
7	0.00669	0.00714	0.11896	0.00648	0.00806	0.00513	0.00552	0.03454	0.00925	0.01249	0.03992	0.29013	0.20587	0.16408	0.00834	0.00208	0.00344	0.00855	0.05925	0.00409
8	0.01006	0.04926	0.01222	0.04788	0.23915	0.00906	0.00865	0.07356	0.08981	0.04514	0.05960	0.06825	0.10045	0.00734	0.01710	0.00155	0.05025	0.06959	0.00336	0.03772
9	0.01121	0.04691	0.01399	0.17911	0.07094	0.08744	0.12866	0.07064	0.01088	0.09512	0.01355	0.11239	0.05477	0.00632	0.00514	0.00147	0.04333	0.01912	0.02350	0.00553
10	0.04202	0.00644	0.00727	0.00659	0.00791	0.00706	0.00503	0.08501	0.10503	0.03463	0.11579	0.05975	0.04091	0.10368	0.00747	0.01456	0.08110	0.00552	0.25945	0.00478
11	0.00695	0.00588	0.05475	0.00671	0.04632	0.00483	0.00474	0.00814	0.00899	0.03714	0.10849	0.14256	0.20060	0.28913	0.01097	0.00245	0.00344	0.00771	0.04626	0.00392
12	0.01141	0.01106	0.08049	0.07537	0.05522	0.05896	0.06325	0.14449	0.13374	0.05659	0.04395	0.05405	0.04763	0.00650	0.00587	0.00152	0.10076	0.03971	0.00341	0.00600

[dist]
# distance from previous block
# <min> <max>
0	87

# created by:
# /st0/software/busco_prod/Augustus/scripts/msa2prfl.pl ./align_prep/126567.fa
