[name]
unknown

[dist]
# distance from previous block
# <min> <max>
0	382

[block]
# block no. 0 follows, 60 sequences, length 20
# corresponding to MSA columns:
# 384-403
name=unknown_A
#
# <colnr> <probs for GDERKNQSTAVLIFYWHMCP>
#	G	D	E	R	K	N	Q	S	T	A	V	L	I	F	Y	W	H	M	C	P
0	0.01518	0.04059	0.01070	0.00858	0.02658	0.00811	0.02065	0.13967	0.08453	0.41385	0.01737	0.05559	0.04156	0.00658	0.00459	0.00143	0.00391	0.08927	0.00464	0.00659
1	0.05438	0.01328	0.06923	0.01185	0.05737	0.14706	0.10994	0.24721	0.19767	0.03178	0.01092	0.01138	0.00814	0.00487	0.00431	0.00134	0.00537	0.00401	0.00340	0.00649
2	0.00824	0.00775	0.01308	0.83624	0.03004	0.00969	0.01211	0.01114	0.00872	0.01114	0.00775	0.01163	0.00581	0.00436	0.00436	0.00145	0.00581	0.00388	0.00194	0.00484
3	0.01160	0.11437	0.44581	0.01084	0.01592	0.01116	0.02779	0.16126	0.03331	0.08821	0.00924	0.00993	0.00661	0.00442	0.00405	0.00130	0.00553	0.00342	0.00273	0.03251
4	0.00853	0.00805	0.01361	0.74377	0.12023	0.00977	0.01226	0.01140	0.00886	0.01150	0.00780	0.01153	0.00594	0.00431	0.00436	0.00144	0.00574	0.00388	0.00196	0.00508
5	0.00824	0.00775	0.01308	0.83624	0.03004	0.00969	0.01211	0.01114	0.00872	0.01114	0.00775	0.01163	0.00581	0.00436	0.00436	0.00145	0.00581	0.00388	0.00194	0.00484
6	0.02924	0.01118	0.01108	0.00895	0.01183	0.11769	0.00719	0.39758	0.06017	0.16441	0.06721	0.01328	0.01071	0.01844	0.00455	0.00134	0.00457	0.00421	0.04983	0.00656
7	0.01600	0.02017	0.01222	0.01111	0.01337	0.78495	0.00834	0.01773	0.05559	0.01108	0.00734	0.00832	0.00603	0.00457	0.00396	0.00114	0.00763	0.00292	0.00237	0.00516
8	0.01957	0.00742	0.01012	0.00776	0.01113	0.00641	0.00641	0.02126	0.01248	0.82254	0.01721	0.01484	0.01080	0.00540	0.00439	0.00135	0.00371	0.00439	0.00540	0.00742
9	0.87753	0.00843	0.00641	0.00574	0.00843	0.00978	0.00472	0.01282	0.00742	0.01957	0.00607	0.00709	0.00472	0.00405	0.00270	0.00135	0.00337	0.00236	0.00270	0.00472
10	0.01574	0.01839	0.01237	0.02996	0.01370	0.66836	0.02976	0.05320	0.01260	0.05978	0.04074	0.00960	0.00749	0.00474	0.00407	0.00117	0.00718	0.00325	0.00263	0.00528
11	0.00911	0.00872	0.01509	0.48090	0.29674	0.00976	0.05899	0.01187	0.00921	0.01236	0.00860	0.04363	0.00713	0.00452	0.00444	0.00141	0.00556	0.00428	0.00211	0.00556
12	0.00630	0.00466	0.00611	0.00688	0.00784	0.00447	0.00566	0.00787	0.00964	0.01236	0.02749	0.19253	0.19400	0.01260	0.02453	0.00196	0.00353	0.46370	0.00399	0.00386
13	0.05406	0.00839	0.01054	0.00811	0.01148	0.00792	0.00670	0.17164	0.01382	0.63680	0.01546	0.01369	0.00990	0.00531	0.00431	0.00134	0.00391	0.00421	0.00509	0.00731
14	0.01030	0.00982	0.01643	0.17427	0.62250	0.01033	0.01280	0.01331	0.04254	0.01375	0.00845	0.01114	0.00694	0.00414	0.00456	0.00135	0.02474	0.00393	0.00221	0.00648
15	0.00538	0.00387	0.00510	0.00597	0.00633	0.00359	0.00403	0.00625	0.00873	0.01167	0.08832	0.74999	0.05825	0.01319	0.00552	0.00173	0.00248	0.01192	0.00411	0.00359
16	0.00531	0.00380	0.00506	0.00607	0.00633	0.00354	0.00405	0.00607	0.00835	0.01113	0.02404	0.84388	0.02885	0.01366	0.00557	0.00177	0.00253	0.01240	0.00405	0.00354
17	0.01337	0.39073	0.10890	0.00969	0.01307	0.37419	0.00887	0.01506	0.01044	0.01084	0.00656	0.00763	0.00560	0.00411	0.00345	0.00107	0.00628	0.00264	0.00203	0.00545
18	0.00974	0.14761	0.64307	0.01159	0.01732	0.07149	0.01424	0.01396	0.00939	0.01304	0.00748	0.00877	0.00554	0.00411	0.00392	0.00129	0.00628	0.00306	0.00188	0.00621
19	0.00844	0.02071	0.74196	0.01183	0.01768	0.00955	0.01496	0.01311	0.00907	0.01350	0.00894	0.05884	0.00712	0.00589	0.03835	0.00164	0.00643	0.00382	0.00199	0.00617

[dist]
# distance from previous block
# <min> <max>
1	3

[block]
# block no. 1 follows, 60 sequences, length 9
# corresponding to MSA columns:
# 408-416
name=unknown_B
#
# <colnr> <probs for GDERKNQSTAVLIFYWHMCP>
#	G	D	E	R	K	N	Q	S	T	A	V	L	I	F	Y	W	H	M	C	P
0	0.00954	0.06050	0.60655	0.01346	0.04528	0.01051	0.13994	0.01402	0.00949	0.03887	0.00820	0.00973	0.00591	0.00408	0.00425	0.00137	0.00638	0.00354	0.00202	0.00636
1	0.01126	0.73637	0.13235	0.00814	0.01224	0.01628	0.00864	0.01316	0.00891	0.01075	0.00630	0.00730	0.00559	0.00379	0.00298	0.00099	0.00491	0.00245	0.00186	0.00571
2	0.01060	0.54945	0.31350	0.00926	0.01398	0.01467	0.01060	0.01333	0.00899	0.01155	0.00670	0.00780	0.00557	0.00388	0.00329	0.00110	0.00531	0.00266	0.00186	0.00590
3	0.00618	0.00425	0.00471	0.00471	0.00491	0.00415	0.00273	0.00633	0.00683	0.00891	0.01790	0.03038	0.12544	0.73253	0.01987	0.00385	0.00395	0.00673	0.00284	0.00278
4	0.00623	0.00467	0.00701	0.00701	0.00779	0.00545	0.00545	0.00779	0.00701	0.01012	0.01168	0.01713	0.01090	0.03271	0.82944	0.00701	0.01168	0.00467	0.00234	0.00389
5	0.01137	0.01017	0.01721	0.02553	0.76665	0.01010	0.01293	0.01390	0.01010	0.06711	0.00879	0.01106	0.00716	0.00398	0.00432	0.00130	0.00509	0.00392	0.00237	0.00694
6	0.01075	0.00941	0.01113	0.00956	0.01215	0.01059	0.07609	0.05019	0.66822	0.01817	0.06146	0.01658	0.01407	0.00587	0.00454	0.00147	0.00376	0.00508	0.00426	0.00668
7	0.01203	0.01115	0.01064	0.00939	0.01173	0.16654	0.03590	0.10996	0.40519	0.03991	0.01532	0.12688	0.01297	0.00653	0.00451	0.00143	0.00448	0.00542	0.00390	0.00613
8	0.00623	0.00467	0.00701	0.00701	0.00779	0.00545	0.00545	0.00779	0.00701	0.01012	0.01168	0.01713	0.01090	0.03271	0.82944	0.00701	0.01168	0.00467	0.00234	0.00389

[dist]
# distance from previous block
# <min> <max>
0	1

[block]
# block no. 2 follows, 60 sequences, length 7
# corresponding to MSA columns:
# 418-424
name=unknown_C
#
# <colnr> <probs for GDERKNQSTAVLIFYWHMCP>
#	G	D	E	R	K	N	Q	S	T	A	V	L	I	F	Y	W	H	M	C	P
0	0.87753	0.00843	0.00641	0.00574	0.00843	0.00978	0.00472	0.01282	0.00742	0.01957	0.00607	0.00709	0.00472	0.00405	0.00270	0.00135	0.00337	0.00236	0.00270	0.00472
1	0.87753	0.00843	0.00641	0.00574	0.00843	0.00978	0.00472	0.01282	0.00742	0.01957	0.00607	0.00709	0.00472	0.00405	0.00270	0.00135	0.00337	0.00236	0.00270	0.00472
2	0.00634	0.00423	0.00476	0.00476	0.00476	0.00423	0.00264	0.00634	0.00634	0.00846	0.01374	0.02854	0.01586	0.84672	0.02220	0.00423	0.00423	0.00634	0.00264	0.00264
3	0.03508	0.11134	0.31397	0.01245	0.01698	0.07857	0.19351	0.07464	0.04183	0.03871	0.00851	0.00993	0.00638	0.00433	0.00456	0.00134	0.03569	0.00368	0.00239	0.00612
4	0.00973	0.18114	0.62440	0.01141	0.01710	0.05785	0.01402	0.01387	0.00932	0.01295	0.00743	0.00871	0.00554	0.00408	0.00387	0.00128	0.00618	0.00303	0.00187	0.00620
5	0.00938	0.03115	0.16217	0.00799	0.01075	0.00764	0.00748	0.04450	0.18998	0.08927	0.25322	0.04345	0.08671	0.00715	0.00468	0.00142	0.00360	0.02986	0.00402	0.00559
6	0.04014	0.07344	0.58715	0.01186	0.05766	0.00998	0.01356	0.01426	0.00962	0.09684	0.03973	0.01055	0.00748	0.00441	0.00408	0.00134	0.00571	0.00347	0.00237	0.00636

[dist]
# distance from previous block
# <min> <max>
0	1

[block]
# block no. 3 follows, 60 sequences, length 8
# corresponding to MSA columns:
# 426-433
name=unknown_D
#
# <colnr> <probs for GDERKNQSTAVLIFYWHMCP>
#	G	D	E	R	K	N	Q	S	T	A	V	L	I	F	Y	W	H	M	C	P
0	0.01222	0.10421	0.25949	0.01220	0.01651	0.10248	0.17567	0.13048	0.03401	0.07302	0.00900	0.01015	0.00665	0.00445	0.00455	0.00133	0.03093	0.00373	0.00266	0.00626
1	0.01166	0.84935	0.02285	0.00746	0.01119	0.01726	0.00746	0.01306	0.00886	0.01026	0.00606	0.00700	0.00560	0.00373	0.00280	0.00093	0.00466	0.00233	0.00187	0.00560
2	0.04526	0.12330	0.01456	0.07771	0.09661	0.30162	0.06080	0.01370	0.01011	0.01196	0.05355	0.03265	0.00846	0.00520	0.00550	0.00132	0.12637	0.00377	0.00232	0.00521
3	0.01075	0.59089	0.27333	0.00902	0.01360	0.01503	0.01017	0.01329	0.00897	0.01137	0.00661	0.00769	0.00557	0.00386	0.00322	0.00107	0.00522	0.00261	0.00186	0.00586
4	0.00624	0.00463	0.00679	0.00679	0.00749	0.00533	0.00518	0.00765	0.00694	0.00996	0.01188	0.01825	0.01139	0.11214	0.75067	0.00674	0.01095	0.00484	0.00237	0.00377
5	0.00802	0.01053	0.18973	0.01216	0.09489	0.00754	0.17190	0.01092	0.01007	0.01387	0.12807	0.09394	0.08731	0.00740	0.00502	0.00153	0.00479	0.13403	0.00310	0.00516
6	0.01292	0.01311	0.20663	0.01232	0.01659	0.01005	0.23631	0.18881	0.01278	0.17705	0.03790	0.01325	0.00904	0.00488	0.00461	0.00140	0.00559	0.02685	0.00336	0.00654
7	0.09456	0.01806	0.48497	0.01495	0.18653	0.06879	0.04460	0.01389	0.00945	0.01425	0.00770	0.00934	0.00579	0.00409	0.00406	0.00135	0.00602	0.00332	0.00204	0.00625

[dist]
# distance from previous block
# <min> <max>
0	2

[block]
# block no. 4 follows, 60 sequences, length 26
# corresponding to MSA columns:
# 436-461
name=unknown_E
#
# <colnr> <probs for GDERKNQSTAVLIFYWHMCP>
#	G	D	E	R	K	N	Q	S	T	A	V	L	I	F	Y	W	H	M	C	P
0	0.02824	0.31456	0.24998	0.05124	0.17265	0.01249	0.01111	0.04055	0.00973	0.01330	0.05224	0.01014	0.00786	0.00426	0.00374	0.00120	0.00516	0.00333	0.00219	0.00603
1	0.00921	0.15350	0.69722	0.01164	0.01766	0.01126	0.01474	0.01369	0.00915	0.01325	0.00755	0.00886	0.00554	0.00408	0.00393	0.00131	0.00616	0.00308	0.00185	0.00631
2	0.24799	0.13435	0.14855	0.00783	0.01108	0.00931	0.03365	0.01344	0.02815	0.12562	0.15144	0.03264	0.01315	0.00533	0.00381	0.00131	0.00399	0.00416	0.01875	0.00545
3	0.00993	0.25623	0.52136	0.05796	0.01706	0.01200	0.01308	0.01371	0.00920	0.04105	0.00765	0.00892	0.00575	0.00408	0.00378	0.00126	0.00581	0.00305	0.00198	0.00615
4	0.01166	0.84935	0.02285	0.00746	0.01119	0.01726	0.00746	0.01306	0.00886	0.01026	0.00606	0.00700	0.00560	0.00373	0.00280	0.00093	0.00466	0.00233	0.00187	0.00560
5	0.00760	0.04204	0.35247	0.00845	0.01203	0.00735	0.00929	0.03807	0.01063	0.01479	0.25197	0.03852	0.17517	0.00710	0.00462	0.00139	0.00414	0.00593	0.00327	0.00517
6	0.00617	0.00446	0.00583	0.00549	0.00652	0.00412	0.00412	0.00823	0.01235	0.01749	0.81722	0.03258	0.04115	0.00892	0.00514	0.00137	0.00206	0.00789	0.00480	0.00412
7	0.01166	0.84935	0.02285	0.00746	0.01119	0.01726	0.00746	0.01306	0.00886	0.01026	0.00606	0.00700	0.00560	0.00373	0.00280	0.00093	0.00466	0.00233	0.00187	0.00560
8	0.01658	0.01222	0.01309	0.01003	0.01353	0.01353	0.00829	0.80497	0.02051	0.02749	0.01047	0.01047	0.00742	0.00524	0.00436	0.00131	0.00480	0.00393	0.00436	0.00742
9	0.01166	0.84935	0.02285	0.00746	0.01119	0.01726	0.00746	0.01306	0.00886	0.01026	0.00606	0.00700	0.00560	0.00373	0.00280	0.00093	0.00466	0.00233	0.00187	0.00560
10	0.00634	0.00423	0.00476	0.00476	0.00476	0.00423	0.00264	0.00634	0.00634	0.00846	0.01374	0.02854	0.01586	0.84672	0.02220	0.00423	0.00423	0.00634	0.00264	0.00264
11	0.01571	0.15961	0.01481	0.00958	0.01311	0.01418	0.00814	0.66554	0.01846	0.02445	0.00970	0.00986	0.00710	0.00497	0.00409	0.00124	0.00478	0.00365	0.00392	0.00710
12	0.00553	0.00497	0.00469	0.00465	0.00615	0.03165	0.00349	0.00664	0.01002	0.01174	0.04291	0.04082	0.79024	0.01082	0.00511	0.00146	0.00240	0.00899	0.00399	0.00373
13	0.01133	0.75477	0.11451	0.00803	0.01207	0.01644	0.00845	0.01315	0.00890	0.01067	0.00627	0.00725	0.00559	0.00378	0.00295	0.00098	0.00487	0.00243	0.00186	0.00569
14	0.00875	0.02256	0.82413	0.01243	0.01888	0.01013	0.01611	0.01381	0.00921	0.01381	0.00783	0.00921	0.00552	0.00414	0.00414	0.00138	0.00645	0.00322	0.00184	0.00645
15	0.01556	0.07086	0.01341	0.01118	0.01361	0.71570	0.03818	0.01725	0.04422	0.01108	0.00722	0.00830	0.00596	0.00447	0.00393	0.00114	0.00747	0.00295	0.00231	0.00519
16	0.01166	0.84935	0.02285	0.00746	0.01119	0.01726	0.00746	0.01306	0.00886	0.01026	0.00606	0.00700	0.00560	0.00373	0.00280	0.00093	0.00466	0.00233	0.00187	0.00560
17	0.00891	0.04951	0.76546	0.01251	0.01878	0.01040	0.04751	0.01379	0.00924	0.01370	0.00781	0.00924	0.00557	0.00411	0.00414	0.00137	0.00642	0.00327	0.00186	0.00639
18	0.00842	0.00707	0.00837	0.00634	0.00960	0.00544	0.00496	0.01025	0.00925	0.01417	0.07698	0.09691	0.01166	0.00478	0.00363	0.00082	0.00306	0.00404	0.00292	0.71134
19	0.00670	0.00511	0.00639	0.00664	0.05563	0.00472	0.00460	0.00894	0.04809	0.03762	0.45655	0.03311	0.29138	0.00908	0.00504	0.00140	0.00240	0.00785	0.00440	0.00436
20	0.01603	0.01195	0.01278	0.00992	0.01332	0.01327	0.00816	0.73060	0.09576	0.02661	0.01116	0.01102	0.00798	0.00530	0.00437	0.00133	0.00467	0.00402	0.00437	0.00737
21	0.01166	0.84935	0.02285	0.00746	0.01119	0.01726	0.00746	0.01306	0.00886	0.01026	0.00606	0.00700	0.00560	0.00373	0.00280	0.00093	0.00466	0.00233	0.00187	0.00560
22	0.01136	0.08647	0.01638	0.02688	0.01505	0.10751	0.23476	0.01570	0.18029	0.05031	0.02682	0.01192	0.00857	0.00509	0.00603	0.00141	0.14421	0.00424	0.00282	0.04419
23	0.00921	0.15348	0.69725	0.01164	0.01766	0.01126	0.01474	0.01369	0.00915	0.01325	0.00755	0.00886	0.00554	0.00408	0.00393	0.00131	0.00616	0.00308	0.00185	0.00631
24	0.09077	0.25690	0.20249	0.01041	0.01451	0.02624	0.15277	0.01403	0.04190	0.06646	0.06322	0.01104	0.00876	0.00440	0.00388	0.00125	0.00519	0.00368	0.00255	0.01956
25	0.01005	0.16847	0.54553	0.01115	0.01655	0.02450	0.03926	0.01397	0.00946	0.06242	0.00863	0.01061	0.00660	0.00439	0.00399	0.00130	0.00586	0.03057	0.00217	0.02452

[dist]
# distance from previous block
# <min> <max>
1	6

[block]
# block no. 5 follows, 60 sequences, length 19
# corresponding to MSA columns:
# 468-486
name=unknown_F
#
# <colnr> <probs for GDERKNQSTAVLIFYWHMCP>
#	G	D	E	R	K	N	Q	S	T	A	V	L	I	F	Y	W	H	M	C	P
0	0.01026	0.00971	0.01627	0.21727	0.59376	0.01014	0.01275	0.02889	0.00984	0.01378	0.00813	0.01094	0.00665	0.00401	0.00430	0.00131	0.00527	0.00385	0.00216	0.03071
1	0.01070	0.01061	0.06497	0.19500	0.38591	0.01036	0.09069	0.05887	0.07445	0.04191	0.00934	0.01153	0.00723	0.00427	0.00441	0.00137	0.00540	0.00407	0.00251	0.00638
2	0.01016	0.01001	0.01781	0.19812	0.47673	0.01036	0.15231	0.01341	0.04238	0.01370	0.00861	0.01137	0.00688	0.00403	0.00448	0.00137	0.00563	0.00415	0.00221	0.00628
3	0.09001	0.00872	0.01379	0.42392	0.23982	0.00982	0.03829	0.03191	0.03200	0.03580	0.02968	0.01173	0.00735	0.00439	0.00425	0.00139	0.00522	0.00393	0.00238	0.00560
4	0.17773	0.00976	0.01325	0.28390	0.25312	0.07519	0.04048	0.01300	0.00938	0.04119	0.02528	0.01073	0.00688	0.00426	0.00402	0.00134	0.00519	0.00363	0.00237	0.01929
5	0.00743	0.00526	0.00677	0.00697	0.03811	0.00510	0.00489	0.04313	0.06284	0.05361	0.39603	0.28068	0.05260	0.00974	0.00513	0.00150	0.00261	0.00865	0.00443	0.00451
6	0.07737	0.00813	0.00759	0.00683	0.00844	0.13783	0.01875	0.07454	0.01170	0.01568	0.35530	0.02531	0.14470	0.06724	0.02062	0.00164	0.00376	0.00630	0.00383	0.00444
7	0.01090	0.00914	0.01007	0.07489	0.01273	0.01051	0.00724	0.05833	0.66110	0.03667	0.01760	0.01657	0.04290	0.00594	0.00445	0.00147	0.00366	0.00495	0.00424	0.00665
8	0.03887	0.01051	0.01658	0.11390	0.66892	0.04882	0.01273	0.01331	0.00983	0.01391	0.00802	0.01063	0.00666	0.00397	0.00425	0.00131	0.00532	0.00378	0.00216	0.00652
9	0.04607	0.00732	0.00945	0.00743	0.01041	0.00664	0.00606	0.07664	0.01275	0.56877	0.15158	0.01704	0.01532	0.00585	0.00441	0.00132	0.00348	0.00481	0.00502	0.03962
10	0.00623	0.00467	0.00701	0.00701	0.00779	0.00545	0.00545	0.00779	0.00701	0.01012	0.01168	0.01713	0.01090	0.03271	0.82944	0.00701	0.01168	0.00467	0.00234	0.00389
11	0.01061	0.01018	0.01737	0.08487	0.76285	0.01031	0.01329	0.01322	0.00984	0.01403	0.00817	0.01085	0.00683	0.00392	0.00432	0.00131	0.00523	0.00389	0.00214	0.00676
12	0.00928	0.23204	0.55428	0.01061	0.01593	0.01147	0.01295	0.01317	0.00937	0.01320	0.07209	0.01051	0.00839	0.00442	0.00388	0.00127	0.00564	0.00337	0.00208	0.00604
13	0.00891	0.00766	0.00925	0.07288	0.01180	0.00623	0.00575	0.01127	0.03956	0.01400	0.00875	0.04137	0.00752	0.00382	0.00346	0.00079	0.00342	0.00315	0.00266	0.73776
14	0.01111	0.00991	0.01214	0.01518	0.33286	0.13081	0.00879	0.03030	0.03723	0.09069	0.15201	0.02890	0.09536	0.00592	0.00450	0.00131	0.00448	0.00512	0.00328	0.02010
15	0.01081	0.00860	0.01232	0.10630	0.21315	0.00829	0.03422	0.09191	0.02530	0.08866	0.06035	0.01328	0.03363	0.00522	0.02259	0.00128	0.00443	0.00405	0.00304	0.25258
16	0.01071	0.00811	0.02885	0.03118	0.20943	0.00756	0.06431	0.02977	0.07284	0.15661	0.15827	0.08362	0.04824	0.00626	0.00460	0.00135	0.00395	0.00565	0.00367	0.06501
17	0.01062	0.00953	0.03599	0.06244	0.27970	0.03127	0.05905	0.10817	0.04323	0.04844	0.15136	0.04079	0.01387	0.00536	0.00446	0.00130	0.00449	0.00484	0.00319	0.08191
18	0.01093	0.03830	0.08072	0.03510	0.40541	0.02994	0.08644	0.06726	0.04425	0.04052	0.03220	0.04277	0.00886	0.00460	0.00434	0.00130	0.00511	0.00430	0.00264	0.05500

[dist]
# distance from previous block
# <min> <max>
18	52

[block]
# block no. 6 follows, 60 sequences, length 9
# corresponding to MSA columns:
# 567-575
name=unknown_G
#
# <colnr> <probs for GDERKNQSTAVLIFYWHMCP>
#	G	D	E	R	K	N	Q	S	T	A	V	L	I	F	Y	W	H	M	C	P
0	0.01100	0.16599	0.13945	0.06325	0.02313	0.14771	0.00867	0.10902	0.02736	0.01358	0.02093	0.06121	0.01904	0.05420	0.04311	0.00167	0.01791	0.01584	0.00263	0.05429
1	0.02555	0.04066	0.05074	0.02384	0.01219	0.00939	0.12177	0.22132	0.10765	0.01664	0.02913	0.03826	0.09302	0.15021	0.03850	0.00209	0.00487	0.00535	0.00337	0.00545
2	0.28674	0.01354	0.33784	0.00900	0.03567	0.00868	0.00949	0.01266	0.00893	0.05929	0.01304	0.01361	0.12313	0.00513	0.00380	0.00134	0.00451	0.00386	0.00267	0.04705
3	0.11223	0.01032	0.13021	0.51163	0.12970	0.00985	0.01198	0.01202	0.00880	0.01294	0.00762	0.01063	0.00579	0.00423	0.00413	0.00141	0.00553	0.00360	0.00204	0.00533
4	0.01000	0.00947	0.01595	0.14200	0.63196	0.00972	0.01245	0.01254	0.00976	0.01363	0.01046	0.01405	0.04512	0.00465	0.00444	0.00136	0.00508	0.03872	0.00230	0.00633
5	0.01654	0.01346	0.01298	0.01021	0.01352	0.13152	0.00831	0.69105	0.01933	0.02505	0.00993	0.01009	0.00716	0.00513	0.00430	0.00128	0.00524	0.00377	0.00406	0.00708
6	0.00719	0.00582	0.00662	0.00689	0.05506	0.00558	0.00476	0.10262	0.04630	0.01398	0.04952	0.15413	0.47234	0.04227	0.00570	0.00159	0.00287	0.00841	0.00395	0.00441
7	0.00830	0.00952	0.10973	0.73807	0.02871	0.00974	0.01259	0.01146	0.00878	0.01146	0.00776	0.01134	0.00578	0.00433	0.00433	0.00144	0.00589	0.00380	0.00193	0.00504
8	0.00979	0.00904	0.01548	0.16156	0.39104	0.00940	0.10762	0.01269	0.04418	0.03738	0.01098	0.11139	0.01000	0.00550	0.00490	0.00144	0.02892	0.02018	0.00257	0.00592

[dist]
# distance from previous block
# <min> <max>
0	29

[block]
# block no. 7 follows, 60 sequences, length 25
# corresponding to MSA columns:
# 605-629
name=unknown_H
#
# <colnr> <probs for GDERKNQSTAVLIFYWHMCP>
#	G	D	E	R	K	N	Q	S	T	A	V	L	I	F	Y	W	H	M	C	P
0	0.01530	0.01129	0.01211	0.00945	0.01254	0.01247	0.00766	0.69218	0.05042	0.02517	0.01109	0.01255	0.00852	0.09146	0.00619	0.00161	0.00469	0.00421	0.00419	0.00691
1	0.01141	0.01054	0.01012	0.00912	0.01156	0.09468	0.00706	0.02259	0.72976	0.01747	0.01662	0.01541	0.01253	0.00577	0.00439	0.00144	0.00390	0.00471	0.00421	0.00671
2	0.01792	0.00770	0.01005	0.00785	0.01100	0.00704	0.00642	0.10045	0.03242	0.65500	0.06351	0.03554	0.01272	0.00580	0.00446	0.00136	0.00369	0.00475	0.00520	0.00712
3	0.01264	0.00609	0.00804	0.00737	0.04573	0.00550	0.00547	0.02463	0.01144	0.37973	0.17244	0.07137	0.09700	0.02314	0.00491	0.00142	0.00310	0.02082	0.09349	0.00567
4	0.01074	0.01051	0.01853	0.02591	0.73791	0.01043	0.09434	0.01345	0.00997	0.01422	0.00827	0.01089	0.00688	0.00386	0.00440	0.00131	0.00540	0.00402	0.00216	0.00680
5	0.01409	0.01072	0.01155	0.00928	0.01227	0.01190	0.00752	0.52945	0.21589	0.02417	0.09491	0.01417	0.01234	0.00578	0.00446	0.00136	0.00418	0.00458	0.00443	0.00695
6	0.01598	0.00868	0.07448	0.00917	0.01254	0.00691	0.10023	0.01806	0.01149	0.57058	0.01629	0.11069	0.01200	0.00606	0.00459	0.00142	0.00421	0.00532	0.00459	0.00671
7	0.01621	0.01212	0.26270	0.00921	0.01354	0.00756	0.00942	0.01895	0.01147	0.57160	0.01430	0.01310	0.00916	0.00501	0.00431	0.00136	0.00456	0.00403	0.00429	0.00712
8	0.01069	0.00920	0.00972	0.00876	0.01118	0.01062	0.00681	0.02266	0.78424	0.01822	0.04516	0.01683	0.01427	0.00602	0.00446	0.00148	0.00340	0.00503	0.00445	0.00681
9	0.01186	0.00983	0.03927	0.01522	0.13622	0.00895	0.35997	0.01491	0.03797	0.19808	0.01313	0.09723	0.02538	0.00534	0.00484	0.00145	0.00546	0.00554	0.00321	0.00616
10	0.00934	0.00948	0.01760	0.10190	0.14146	0.00970	0.34461	0.03640	0.00990	0.01345	0.03121	0.05318	0.09213	0.00619	0.02437	0.00161	0.08400	0.00546	0.00255	0.00546
11	0.00824	0.00775	0.01308	0.83624	0.03004	0.00969	0.01211	0.01114	0.00872	0.01114	0.00775	0.01163	0.00581	0.00436	0.00436	0.00145	0.00581	0.00388	0.00194	0.00484
12	0.00564	0.00423	0.00528	0.00580	0.00660	0.00387	0.00426	0.00687	0.00965	0.01262	0.16310	0.39812	0.23316	0.01198	0.00545	0.00166	0.00256	0.11126	0.00417	0.00374
13	0.01037	0.01014	0.03140	0.12261	0.67122	0.01019	0.01293	0.01334	0.03659	0.01396	0.00870	0.02337	0.00729	0.00416	0.00434	0.00133	0.00518	0.00403	0.00223	0.00660
14	0.00955	0.01414	0.38352	0.01136	0.06622	0.00811	0.08348	0.01294	0.01011	0.11609	0.08408	0.04342	0.12611	0.00594	0.00455	0.00140	0.00500	0.00513	0.00298	0.00586
15	0.00795	0.00728	0.01209	0.71887	0.02688	0.00893	0.01119	0.01065	0.00880	0.01129	0.00999	0.06991	0.00879	0.00556	0.00457	0.00152	0.00546	0.06334	0.00223	0.00470
16	0.01307	0.15837	0.01420	0.01169	0.11917	0.22336	0.00839	0.12546	0.14672	0.03414	0.03894	0.01139	0.00893	0.01973	0.00483	0.00131	0.04759	0.00372	0.00299	0.00600
17	0.00967	0.11543	0.53092	0.01100	0.01606	0.00993	0.04896	0.01346	0.00939	0.08091	0.01032	0.10592	0.00872	0.00528	0.00422	0.00138	0.00560	0.00436	0.00241	0.00607
18	0.01167	0.16911	0.26589	0.02927	0.01349	0.00955	0.02504	0.01428	0.00987	0.22677	0.02721	0.12849	0.01092	0.00594	0.00454	0.00136	0.03263	0.00482	0.00317	0.00599
19	0.20364	0.01084	0.10040	0.15876	0.14958	0.00996	0.23476	0.01276	0.00914	0.01465	0.00857	0.03768	0.00704	0.00444	0.00425	0.00142	0.00553	0.01870	0.00232	0.00556
20	0.00952	0.00899	0.01505	0.34545	0.44231	0.00966	0.01219	0.01214	0.00936	0.01291	0.00854	0.03945	0.00720	0.00438	0.00433	0.00134	0.00525	0.00411	0.00216	0.04567
21	0.00948	0.00897	0.01515	0.30663	0.41178	0.00965	0.03899	0.01208	0.00938	0.01292	0.00911	0.03507	0.00791	0.00476	0.00468	0.00140	0.02570	0.04074	0.00223	0.03337
22	0.01041	0.01017	0.01640	0.21600	0.60205	0.04302	0.01289	0.01302	0.00974	0.01338	0.00804	0.01087	0.00660	0.00402	0.00431	0.00133	0.00544	0.00384	0.00211	0.00635
23	0.00922	0.00824	0.01171	0.06151	0.27537	0.00821	0.00845	0.01282	0.12167	0.01489	0.14420	0.01592	0.04386	0.00532	0.00472	0.00123	0.04209	0.00459	0.00306	0.20291
24	0.10990	0.00887	0.01384	0.20638	0.44124	0.00936	0.01090	0.01209	0.00934	0.01403	0.02956	0.04063	0.03881	0.00472	0.00420	0.00134	0.00477	0.00426	0.00239	0.03338

[dist]
# distance from previous block
# <min> <max>
0	4

[block]
# block no. 8 follows, 60 sequences, length 28
# corresponding to MSA columns:
# 636-663
name=unknown_I
#
# <colnr> <probs for GDERKNQSTAVLIFYWHMCP>
#	G	D	E	R	K	N	Q	S	T	A	V	L	I	F	Y	W	H	M	C	P
0	0.03168	0.00889	0.03980	0.41990	0.26692	0.00948	0.01153	0.02256	0.00938	0.04581	0.02099	0.04913	0.00791	0.00479	0.00454	0.00140	0.02095	0.00427	0.00234	0.01772
1	0.00886	0.06647	0.12748	0.02406	0.04801	0.04055	0.04080	0.01153	0.04839	0.03474	0.19412	0.02815	0.07188	0.00866	0.06696	0.00187	0.16417	0.00519	0.00301	0.00509
2	0.00974	0.35595	0.36234	0.00947	0.01399	0.02543	0.01078	0.01276	0.00915	0.01229	0.05407	0.01017	0.00800	0.00616	0.05919	0.00155	0.00576	0.00320	0.00208	0.02791
3	0.00989	0.18043	0.30871	0.00956	0.01348	0.05665	0.03231	0.01424	0.12854	0.03404	0.06557	0.01429	0.04617	0.06172	0.00527	0.00149	0.00505	0.00415	0.00271	0.00574
4	0.00749	0.00593	0.04463	0.07468	0.04306	0.00587	0.00625	0.00795	0.00717	0.01006	0.05545	0.01477	0.01009	0.01732	0.24807	0.35876	0.04952	0.00424	0.00222	0.02648
5	0.00814	0.00822	0.06567	0.01407	0.29005	0.00731	0.02252	0.01031	0.00993	0.01354	0.09421	0.04786	0.18569	0.00769	0.00533	0.00150	0.04172	0.13939	0.00315	0.02371
6	0.00857	0.00724	0.00857	0.00644	0.00984	0.00557	0.00506	0.01037	0.00891	0.01376	0.00956	0.09572	0.00892	0.00526	0.03008	0.00097	0.00343	0.00367	0.00273	0.75534
7	0.01124	0.00957	0.01009	0.00896	0.01149	0.01103	0.00700	0.07728	0.75688	0.01888	0.01725	0.01587	0.01291	0.00587	0.00443	0.00147	0.00354	0.00486	0.00443	0.00694
8	0.01029	0.01176	0.02574	0.01838	0.02279	0.01103	0.80368	0.01397	0.01029	0.01397	0.00882	0.01176	0.00662	0.00368	0.00515	0.00147	0.00735	0.00515	0.00221	0.00588
9	0.00908	0.05666	0.69791	0.01338	0.06498	0.01050	0.06032	0.01376	0.00930	0.01369	0.00783	0.00935	0.00567	0.00408	0.00415	0.00136	0.00635	0.00333	0.00188	0.00640
10	0.00882	0.02207	0.78806	0.01270	0.01905	0.01017	0.05169	0.01382	0.00926	0.01382	0.00787	0.00932	0.00557	0.00412	0.00419	0.00139	0.00649	0.00331	0.00186	0.00642
11	0.00568	0.00424	0.00591	0.00747	0.06107	0.00400	0.00468	0.00657	0.00846	0.01134	0.02297	0.78779	0.02737	0.01301	0.00548	0.00174	0.00271	0.01183	0.00392	0.00377
12	0.00531	0.00380	0.00506	0.00607	0.00633	0.00354	0.00405	0.00607	0.00835	0.01113	0.02404	0.84388	0.02885	0.01366	0.00557	0.00177	0.00253	0.01240	0.00405	0.00354
13	0.01076	0.04258	0.65674	0.01146	0.01728	0.00966	0.01414	0.01512	0.00978	0.15813	0.00945	0.01015	0.00647	0.00436	0.00415	0.00136	0.00591	0.00341	0.00248	0.00660
14	0.00875	0.02256	0.82413	0.01243	0.01888	0.01013	0.01611	0.01381	0.00921	0.01381	0.00783	0.00921	0.00552	0.00414	0.00414	0.00138	0.00645	0.00322	0.00184	0.00645
15	0.01957	0.00742	0.01012	0.00776	0.01113	0.00641	0.00641	0.02126	0.01248	0.82254	0.01721	0.01484	0.01080	0.00540	0.00439	0.00135	0.00371	0.00439	0.00540	0.00742
16	0.00883	0.00887	0.09115	0.09394	0.31643	0.00773	0.00970	0.03185	0.00970	0.04243	0.04226	0.27507	0.02882	0.00743	0.00475	0.00148	0.00431	0.00676	0.00300	0.00548
17	0.00694	0.00735	0.05837	0.00921	0.05048	0.00610	0.16780	0.00921	0.03069	0.01304	0.09414	0.11152	0.40022	0.00874	0.00507	0.00148	0.00371	0.00786	0.00352	0.00456
18	0.01085	0.00937	0.00986	0.00888	0.01134	0.01085	0.00690	0.02318	0.81164	0.01824	0.01775	0.01627	0.01331	0.00592	0.00444	0.00148	0.00345	0.00493	0.00444	0.00690
19	0.00937	0.02169	0.77714	0.01216	0.01843	0.00991	0.01555	0.01424	0.00940	0.06049	0.00837	0.00953	0.00583	0.00422	0.00416	0.00138	0.00629	0.00329	0.00205	0.00650
20	0.00947	0.01437	0.31676	0.03036	0.26295	0.00958	0.15518	0.01298	0.00968	0.02893	0.01120	0.05533	0.05360	0.00489	0.00452	0.00140	0.00572	0.00462	0.00231	0.00617
21	0.00781	0.01754	0.59872	0.01034	0.01535	0.00837	0.01266	0.01180	0.00943	0.01345	0.04691	0.05428	0.16299	0.00608	0.00444	0.00142	0.00529	0.00496	0.00248	0.00570
22	0.01629	0.02079	0.01236	0.01124	0.01348	0.82921	0.00843	0.01742	0.01236	0.01067	0.00674	0.00787	0.00562	0.00449	0.00393	0.00112	0.00787	0.00281	0.00225	0.00506
23	0.00572	0.00428	0.00550	0.00640	0.01906	0.00403	0.00445	0.00704	0.03178	0.01182	0.04675	0.59506	0.14229	0.01264	0.00549	0.00172	0.00268	0.08547	0.00405	0.00377
24	0.01088	0.00980	0.01675	0.08356	0.65062	0.00984	0.04459	0.01341	0.00994	0.06054	0.00934	0.04423	0.00791	0.00439	0.00441	0.00134	0.00513	0.00430	0.00241	0.00661
25	0.01658	0.01222	0.01309	0.01003	0.01353	0.01353	0.00829	0.80497	0.02051	0.02749	0.01047	0.01047	0.00742	0.00524	0.00436	0.00131	0.00480	0.00393	0.00436	0.00742
26	0.00531	0.00380	0.00506	0.00607	0.00633	0.00354	0.00405	0.00607	0.00835	0.01113	0.02404	0.84388	0.02885	0.01366	0.00557	0.00177	0.00253	0.01240	0.00405	0.00354
27	0.06724	0.02161	0.76908	0.01198	0.01817	0.01011	0.01535	0.01375	0.00909	0.01420	0.00771	0.00907	0.00547	0.00414	0.00405	0.00138	0.00624	0.00316	0.00190	0.00633

[dist]
# distance from previous block
# <min> <max>
0	1

[block]
# block no. 9 follows, 60 sequences, length 17
# corresponding to MSA columns:
# 665-681
name=unknown_J
#
# <colnr> <probs for GDERKNQSTAVLIFYWHMCP>
#	G	D	E	R	K	N	Q	S	T	A	V	L	I	F	Y	W	H	M	C	P
0	0.00998	0.00937	0.01582	0.20266	0.59318	0.00979	0.01246	0.01257	0.00959	0.01356	0.00877	0.03426	0.00744	0.00431	0.00431	0.00133	0.00513	0.00413	0.03509	0.00626
1	0.00629	0.00445	0.00586	0.00586	0.00624	0.00483	0.00401	0.00705	0.00667	0.00927	0.01274	0.02297	0.01344	0.44941	0.41620	0.00559	0.00787	0.00553	0.00249	0.00325
2	0.00940	0.01199	0.13687	0.10497	0.07236	0.01006	0.46068	0.01281	0.00965	0.01329	0.00962	0.06986	0.00806	0.00545	0.02918	0.00164	0.02107	0.00512	0.00225	0.00568
3	0.01019	0.01007	0.01815	0.18947	0.52238	0.01034	0.14907	0.01303	0.00975	0.01357	0.00822	0.01113	0.00664	0.00395	0.00447	0.00136	0.00568	0.00410	0.00212	0.00631
4	0.00674	0.00516	0.00631	0.00699	0.00785	0.02762	0.00545	0.04027	0.00979	0.01262	0.02470	0.38873	0.10722	0.01215	0.00561	0.00180	0.00333	0.31972	0.00400	0.00395
5	0.00875	0.02256	0.82413	0.01243	0.01888	0.01013	0.01611	0.01381	0.00921	0.01381	0.00783	0.00921	0.00552	0.00414	0.00414	0.00138	0.00645	0.00322	0.00184	0.00645
6	0.01023	0.01031	0.00842	0.00824	0.00956	0.27150	0.00605	0.10080	0.01121	0.01310	0.04035	0.42720	0.01914	0.00955	0.00491	0.00151	0.00455	0.03536	0.00352	0.00451
7	0.00886	0.02180	0.76807	0.01285	0.01915	0.01019	0.07141	0.01382	0.00928	0.01382	0.00790	0.00939	0.00560	0.00411	0.00421	0.00139	0.00651	0.00336	0.00187	0.00641
8	0.01016	0.00972	0.01656	0.22667	0.62455	0.01020	0.01307	0.01283	0.00963	0.01348	0.00809	0.01100	0.00664	0.00400	0.00433	0.00133	0.00534	0.00388	0.00210	0.00640
9	0.01077	0.01044	0.01817	0.02629	0.77343	0.01040	0.05910	0.01342	0.00995	0.01423	0.00824	0.01085	0.00689	0.00387	0.00437	0.00131	0.00531	0.00396	0.00216	0.00685
10	0.01171	0.01280	0.07194	0.01962	0.46740	0.14474	0.01149	0.03597	0.15265	0.01468	0.00969	0.01117	0.00775	0.00440	0.00426	0.00131	0.00539	0.00385	0.00261	0.00658
11	0.00988	0.00854	0.01014	0.05591	0.15538	0.05239	0.00741	0.06304	0.24738	0.03798	0.09602	0.04887	0.15423	0.00677	0.00458	0.00140	0.00380	0.00576	0.02479	0.00572
12	0.00859	0.00812	0.01372	0.72355	0.13995	0.00978	0.01229	0.01146	0.00889	0.01158	0.00781	0.01151	0.00597	0.00429	0.00435	0.00143	0.00573	0.00388	0.00197	0.00513
13	0.02153	0.00739	0.00843	0.00672	0.00965	0.00661	0.00529	0.03466	0.15719	0.04620	0.11727	0.02840	0.04939	0.00519	0.00388	0.00102	0.00308	0.00431	0.03653	0.44725
14	0.00832	0.02254	0.00781	0.00694	0.00871	0.00725	0.00540	0.03855	0.32328	0.01704	0.33416	0.02693	0.12982	0.00794	0.00484	0.00144	0.00283	0.03648	0.00446	0.00527
15	0.01045	0.01023	0.01605	0.19002	0.58139	0.05739	0.01260	0.01300	0.00983	0.01336	0.00859	0.01225	0.00730	0.00433	0.00437	0.00134	0.00542	0.03362	0.00219	0.00627
16	0.03508	0.00984	0.01647	0.14062	0.65651	0.01011	0.01272	0.01332	0.00978	0.04192	0.00839	0.01095	0.00683	0.00401	0.00428	0.00132	0.00517	0.00386	0.00225	0.00657

[dist]
# distance from previous block
# <min> <max>
4	5

[block]
# block no. 10 follows, 60 sequences, length 17
# corresponding to MSA columns:
# 688-704
name=unknown_K
#
# <colnr> <probs for GDERKNQSTAVLIFYWHMCP>
#	G	D	E	R	K	N	Q	S	T	A	V	L	I	F	Y	W	H	M	C	P
0	0.00992	0.00798	0.00930	0.00674	0.01054	0.00631	0.00541	0.04868	0.02732	0.05246	0.00854	0.00954	0.00686	0.00348	0.00336	0.00073	0.00333	0.00278	0.00284	0.77387
1	0.00718	0.00571	0.00671	0.00667	0.00811	0.00580	0.00529	0.01132	0.19615	0.01481	0.20588	0.05934	0.22267	0.01026	0.02686	0.00173	0.00315	0.19351	0.00426	0.00461
2	0.00527	0.00440	0.00460	0.00461	0.00598	0.00372	0.00343	0.00647	0.01014	0.01238	0.12792	0.07557	0.69869	0.01093	0.00517	0.00147	0.00221	0.00920	0.00413	0.00372
3	0.00871	0.00841	0.01453	0.58213	0.14686	0.00976	0.08140	0.01150	0.00903	0.01187	0.00942	0.01276	0.04103	0.00461	0.00475	0.00145	0.03029	0.00422	0.00208	0.00519
4	0.00623	0.00467	0.00701	0.00701	0.00779	0.00545	0.00545	0.00779	0.00701	0.01012	0.01168	0.01713	0.01090	0.03271	0.82944	0.00701	0.01168	0.00467	0.00234	0.00389
5	0.00967	0.00989	0.01679	0.04401	0.05681	0.01175	0.25364	0.01197	0.03254	0.01206	0.00769	0.01127	0.00672	0.02553	0.02695	0.00185	0.43466	0.00434	0.01664	0.00521
6	0.01658	0.01222	0.01309	0.01003	0.01353	0.01353	0.00829	0.80497	0.02051	0.02749	0.01047	0.01047	0.00742	0.00524	0.00436	0.00131	0.00480	0.00393	0.00436	0.00742
7	0.00654	0.00478	0.00582	0.00610	0.00682	0.00478	0.00434	0.00884	0.10013	0.01276	0.14892	0.31189	0.05675	0.18703	0.00884	0.00218	0.00304	0.08899	0.02755	0.00390
8	0.01519	0.00946	0.01192	0.08740	0.08992	0.00994	0.00821	0.27375	0.12523	0.27949	0.01311	0.01290	0.00913	0.00544	0.00471	0.02450	0.00436	0.00420	0.00421	0.00691
9	0.00684	0.00488	0.00671	0.00742	0.00838	0.00482	0.00630	0.00877	0.01031	0.01368	0.17077	0.04521	0.02770	0.04742	0.00656	0.00199	0.00366	0.61052	0.00410	0.00398
10	0.00904	0.00775	0.00904	0.00646	0.01034	0.00581	0.00517	0.01098	0.00904	0.01421	0.00775	0.00904	0.00646	0.00323	0.00323	0.00065	0.00323	0.00258	0.00258	0.87339
11	0.00668	0.02500	0.04834	0.00601	0.00738	0.00464	0.00483	0.00838	0.01066	0.05177	0.37424	0.23353	0.16614	0.00999	0.00513	0.00149	0.00261	0.02470	0.00428	0.00421
12	0.00653	0.00581	0.04672	0.00682	0.02702	0.00488	0.00555	0.00862	0.03606	0.01331	0.11227	0.11372	0.29579	0.01022	0.00521	0.00159	0.00307	0.22937	0.04137	0.02609
13	0.03045	0.01236	0.28978	0.11263	0.01498	0.02973	0.03140	0.01261	0.08657	0.04058	0.15280	0.08143	0.06300	0.00646	0.00456	0.00144	0.00463	0.01610	0.00310	0.00540
14	0.00883	0.08528	0.34341	0.01334	0.16836	0.02858	0.04661	0.01194	0.00940	0.01311	0.04671	0.15615	0.02441	0.01914	0.00469	0.00144	0.00515	0.00529	0.00249	0.00570
15	0.00972	0.02959	0.03865	0.04372	0.02081	0.03454	0.02720	0.17617	0.05312	0.02719	0.08939	0.10955	0.15477	0.00747	0.00474	0.00137	0.01556	0.04202	0.02671	0.08774
16	0.05401	0.15582	0.19950	0.01104	0.07163	0.05122	0.03802	0.11486	0.14771	0.01574	0.00952	0.01041	0.00739	0.00515	0.02279	0.00139	0.02068	0.00351	0.00276	0.05681

[dist]
# distance from previous block
# <min> <max>
1	97

[block]
# block no. 11 follows, 60 sequences, length 16
# corresponding to MSA columns:
# 843-858
name=unknown_L
#
# <colnr> <probs for GDERKNQSTAVLIFYWHMCP>
#	G	D	E	R	K	N	Q	S	T	A	V	L	I	F	Y	W	H	M	C	P
0	0.04542	0.14998	0.28905	0.03005	0.08726	0.01083	0.06281	0.05683	0.05964	0.10395	0.01030	0.02796	0.02098	0.00462	0.00404	0.00130	0.00518	0.00379	0.00272	0.02327
1	0.02935	0.01152	0.08211	0.00921	0.02601	0.12864	0.00760	0.10488	0.27225	0.05219	0.06713	0.06401	0.03436	0.00600	0.00448	0.00134	0.01727	0.00482	0.00365	0.07319
2	0.18059	0.04319	0.09264	0.06020	0.17948	0.04555	0.02167	0.04969	0.05937	0.03945	0.08284	0.01420	0.03910	0.00573	0.02177	0.00146	0.00457	0.01786	0.03503	0.00562
3	0.25956	0.01091	0.07279	0.04563	0.19917	0.06005	0.00876	0.08644	0.06875	0.09009	0.00939	0.02222	0.00722	0.00453	0.00382	0.00132	0.00455	0.00353	0.00299	0.03830
4	0.00812	0.00698	0.01021	0.19590	0.15269	0.02904	0.01973	0.02576	0.00835	0.01136	0.02838	0.01741	0.01064	0.22223	0.20120	0.00340	0.01947	0.00477	0.01990	0.00447
5	0.00722	0.00510	0.00708	0.00668	0.00760	0.00577	0.02924	0.00895	0.00803	0.01255	0.04244	0.01718	0.03042	0.01940	0.41870	0.00414	0.07963	0.00464	0.28110	0.00409
6	0.00875	0.02256	0.82413	0.01243	0.01888	0.01013	0.01611	0.01381	0.00921	0.01381	0.00783	0.00921	0.00552	0.00414	0.00414	0.00138	0.00645	0.00322	0.00184	0.00645
7	0.00824	0.00775	0.01308	0.83624	0.03004	0.00969	0.01211	0.01114	0.00872	0.01114	0.00775	0.01163	0.00581	0.00436	0.00436	0.00145	0.00581	0.00388	0.00194	0.00484
8	0.01107	0.00948	0.00999	0.00892	0.01143	0.01095	0.00696	0.05346	0.78100	0.01860	0.01747	0.01605	0.01309	0.00589	0.00443	0.00147	0.00350	0.00489	0.00443	0.00692
9	0.00617	0.00416	0.00481	0.00497	0.00501	0.00412	0.00287	0.00630	0.00667	0.00889	0.01543	0.16195	0.01798	0.71042	0.01948	0.00383	0.00395	0.00733	0.00287	0.00279
10	0.00537	0.00434	0.00478	0.00485	0.00607	0.00375	0.00357	0.00662	0.01019	0.01280	0.19190	0.14988	0.55862	0.01099	0.00521	0.00149	0.00222	0.00939	0.00420	0.00375
11	0.01204	0.00983	0.01047	0.00901	0.01166	0.01119	0.00713	0.22384	0.56263	0.02021	0.01631	0.01542	0.03090	0.00673	0.03101	0.00161	0.00403	0.00477	0.00434	0.00686
12	0.00613	0.00423	0.00482	0.00488	0.00512	0.00411	0.00292	0.00644	0.00728	0.00963	0.07342	0.09439	0.09851	0.63964	0.01801	0.00356	0.00374	0.00721	0.00304	0.00292
13	0.00957	0.04897	0.46315	0.01076	0.03298	0.00943	0.01185	0.10971	0.02848	0.03708	0.03892	0.13297	0.01130	0.00612	0.00443	0.00143	0.00521	0.02882	0.00280	0.00600
14	0.01542	0.12672	0.01389	0.01111	0.03908	0.61836	0.00842	0.07658	0.02965	0.01217	0.00722	0.00823	0.00596	0.00446	0.00384	0.00113	0.00704	0.00291	0.00240	0.00540
15	0.01066	0.54332	0.21904	0.00855	0.01275	0.01401	0.00928	0.01300	0.00918	0.03016	0.04310	0.02669	0.00779	0.00430	0.00334	0.00108	0.00488	0.00307	0.00214	0.03366

[dist]
# distance from previous block
# <min> <max>
0	3

[block]
# block no. 12 follows, 60 sequences, length 9
# corresponding to MSA columns:
# 862-870
name=unknown_M
#
# <colnr> <probs for GDERKNQSTAVLIFYWHMCP>
#	G	D	E	R	K	N	Q	S	T	A	V	L	I	F	Y	W	H	M	C	P
0	0.01062	0.05747	0.08579	0.05140	0.23966	0.00955	0.16222	0.07271	0.01113	0.07668	0.11621	0.01568	0.06094	0.00519	0.00455	0.00135	0.00498	0.00487	0.00299	0.00603
1	0.00943	0.00715	0.04079	0.00750	0.00948	0.00668	0.03183	0.08647	0.13491	0.10905	0.22874	0.16011	0.09386	0.00894	0.02343	0.00160	0.00343	0.02707	0.00430	0.00524
2	0.00632	0.00435	0.00538	0.00547	0.00570	0.00451	0.00354	0.00679	0.00677	0.00918	0.01424	0.05972	0.01584	0.59361	0.19228	0.00460	0.00573	0.05024	0.00271	0.00302
3	0.04132	0.05822	0.08959	0.11940	0.09109	0.13228	0.12446	0.07683	0.02693	0.03139	0.05517	0.08831	0.01042	0.00551	0.00469	0.00138	0.03000	0.00475	0.00273	0.00555
4	0.04862	0.06187	0.10152	0.08747	0.23667	0.05661	0.01048	0.21654	0.04385	0.08078	0.00949	0.01061	0.00711	0.00453	0.00415	0.00130	0.00514	0.00369	0.00302	0.00658
5	0.01035	0.00566	0.00690	0.00613	0.00795	0.00528	0.00472	0.02907	0.05572	0.24471	0.12737	0.08224	0.21417	0.05222	0.05190	0.00185	0.00339	0.00669	0.07865	0.00505
6	0.00645	0.00430	0.00499	0.00506	0.00520	0.00434	0.00309	0.00674	0.00672	0.00915	0.01423	0.02871	0.01597	0.71612	0.06420	0.00411	0.00453	0.05510	0.03812	0.00285
7	0.04498	0.01040	0.03165	0.12409	0.31513	0.09477	0.00979	0.01257	0.00955	0.01349	0.00812	0.03138	0.00692	0.00418	0.00417	0.00115	0.02403	0.00355	0.00231	0.24776
8	0.02496	0.02451	0.03092	0.05270	0.31837	0.00920	0.06294	0.08020	0.06669	0.01524	0.05824	0.07697	0.05857	0.00562	0.00463	0.00133	0.02154	0.00505	0.00293	0.07938

[dist]
# distance from previous block
# <min> <max>
0	2

[block]
# block no. 13 follows, 60 sequences, length 14
# corresponding to MSA columns:
# 877-890
name=unknown_N
#
# <colnr> <probs for GDERKNQSTAVLIFYWHMCP>
#	G	D	E	R	K	N	Q	S	T	A	V	L	I	F	Y	W	H	M	C	P
0	0.01107	0.04604	0.04115	0.08917	0.18744	0.00921	0.03065	0.10649	0.08627	0.07867	0.06559	0.01328	0.02785	0.00476	0.00414	0.00120	0.00432	0.00409	0.00315	0.18547
1	0.01148	0.07443	0.01452	0.08084	0.14507	0.06048	0.12920	0.03485	0.05833	0.12166	0.02889	0.05056	0.03010	0.00492	0.00426	0.00124	0.00482	0.00444	0.00301	0.13690
2	0.00990	0.00771	0.01096	0.05661	0.08482	0.00692	0.07440	0.05903	0.01018	0.09063	0.03448	0.17290	0.01225	0.00590	0.00424	0.00117	0.00388	0.00530	0.00319	0.34554
3	0.01024	0.00926	0.01363	0.28892	0.27113	0.06275	0.03740	0.01266	0.00988	0.06534	0.04459	0.01323	0.04221	0.00462	0.00430	0.00129	0.00508	0.00415	0.00254	0.09678
4	0.00996	0.00876	0.03421	0.14773	0.13863	0.02629	0.02809	0.05769	0.01001	0.05928	0.01058	0.07336	0.02514	0.00552	0.02519	0.00127	0.00452	0.00419	0.00277	0.32682
5	0.01073	0.00955	0.01191	0.13122	0.15748	0.07276	0.00841	0.03842	0.05122	0.05717	0.00874	0.01040	0.00695	0.00419	0.00446	0.00109	0.05407	0.00335	0.00265	0.35522
6	0.00947	0.00858	0.04676	0.18001	0.10061	0.00861	0.06268	0.10357	0.08926	0.03653	0.04331	0.17438	0.04163	0.00697	0.00494	0.00148	0.02341	0.02708	0.00325	0.02747
7	0.08398	0.02425	0.08608	0.09834	0.30518	0.04077	0.07060	0.08802	0.02775	0.01543	0.02622	0.02374	0.00763	0.00442	0.00433	0.00130	0.01894	0.00388	0.00253	0.06661
8	0.05294	0.00861	0.03867	0.05322	0.05764	0.05215	0.05971	0.11781	0.01084	0.07592	0.03455	0.18689	0.03420	0.03155	0.06624	0.00189	0.00485	0.02908	0.00334	0.07990
9	0.00630	0.00513	0.00740	0.04999	0.09713	0.00501	0.02295	0.00764	0.00900	0.01196	0.07845	0.40124	0.16904	0.02990	0.07607	0.00211	0.00382	0.00919	0.00357	0.00411
10	0.00813	0.00407	0.00407	0.00407	0.00508	0.00407	0.00305	0.01016	0.00915	0.01626	0.01423	0.01626	0.01118	0.00508	0.00305	0.00102	0.00203	0.00407	0.87093	0.00407
11	0.01469	0.00759	0.00951	0.00737	0.01062	0.00664	0.00596	0.04860	0.07081	0.43687	0.03454	0.03718	0.03403	0.00529	0.00413	0.00117	0.00348	0.00434	0.00440	0.25278
12	0.00548	0.00440	0.00489	0.00483	0.00611	0.00381	0.00360	0.00687	0.01063	0.01355	0.28661	0.07440	0.53849	0.01049	0.00517	0.00145	0.00218	0.00893	0.00429	0.00381
13	0.01085	0.00937	0.00986	0.00888	0.01134	0.01085	0.00690	0.02318	0.81164	0.01824	0.01775	0.01627	0.01331	0.00592	0.00444	0.00148	0.00345	0.00493	0.00444	0.00690

