[name]
unknown

[dist]
# distance from previous block
# <min> <max>
3	62

[block]
# block no. 0 follows, 56 sequences, length 14
# corresponding to MSA columns:
# 62-75
name=unknown_A
#
# <colnr> <probs for GDERKNQSTAVLIFYWHMCP>
#	G	D	E	R	K	N	Q	S	T	A	V	L	I	F	Y	W	H	M	C	P
0	0.01068	0.09650	0.09403	0.03594	0.24541	0.08472	0.02459	0.04402	0.01107	0.01497	0.10198	0.01538	0.06279	0.00531	0.00432	0.00126	0.00489	0.00449	0.04778	0.08986
1	0.01061	0.30816	0.33548	0.00989	0.01453	0.01272	0.01101	0.05623	0.05732	0.01454	0.05941	0.02826	0.00950	0.00491	0.00394	0.00127	0.00526	0.00373	0.02632	0.02690
2	0.01120	0.46214	0.26398	0.01088	0.06472	0.01479	0.01098	0.01500	0.08293	0.01299	0.00823	0.00923	0.00671	0.00428	0.00364	0.00120	0.00540	0.00310	0.00223	0.00638
3	0.01067	0.14802	0.49719	0.01137	0.01685	0.01205	0.01325	0.08298	0.10220	0.01576	0.00939	0.01030	0.00699	0.00457	0.00416	0.00135	0.00584	0.00349	0.00252	0.04106
4	0.00883	0.03976	0.00709	0.00612	0.00771	0.08053	0.00472	0.01052	0.01135	0.07432	0.24647	0.06142	0.23456	0.00862	0.00479	0.00139	0.00308	0.02647	0.15765	0.00459
5	0.01013	0.01498	0.31427	0.10757	0.15294	0.01032	0.13895	0.04923	0.01043	0.03476	0.01034	0.08595	0.00875	0.00535	0.00500	0.00151	0.02582	0.00487	0.00250	0.00633
6	0.00710	0.08239	0.00876	0.00726	0.00831	0.00680	0.00573	0.00861	0.00751	0.01055	0.01190	0.01787	0.01132	0.08661	0.69020	0.00659	0.01108	0.00481	0.00244	0.00418
7	0.00779	0.00402	0.00600	0.00606	0.00610	0.00404	0.00407	0.00609	0.00618	0.00828	0.00905	0.05700	0.00928	0.01659	0.04886	0.78753	0.00424	0.00450	0.00213	0.00217
8	0.01038	0.00977	0.01670	0.13865	0.54703	0.01002	0.04857	0.01312	0.01031	0.01434	0.01087	0.01741	0.00988	0.00540	0.00485	0.00150	0.00548	0.11673	0.00253	0.00647
9	0.01223	0.19942	0.29201	0.01373	0.10573	0.10746	0.08875	0.07446	0.01122	0.04182	0.00839	0.00977	0.00646	0.00436	0.00417	0.00131	0.00626	0.00351	0.00240	0.00653
10	0.00837	0.00776	0.01346	0.19690	0.15357	0.00801	0.14567	0.01090	0.03059	0.01318	0.03610	0.32268	0.01677	0.00823	0.00523	0.00163	0.00482	0.00783	0.00311	0.00519
11	0.01668	0.00748	0.00984	0.00789	0.01057	0.00720	0.00644	0.05109	0.01241	0.53048	0.07634	0.01655	0.01321	0.00613	0.00544	0.00142	0.08013	0.00477	0.12915	0.00678
12	0.01054	0.06438	0.10732	0.02787	0.35821	0.06002	0.04798	0.01316	0.02147	0.02348	0.01238	0.09563	0.05753	0.00601	0.00549	0.00147	0.07310	0.00515	0.00259	0.00619
13	0.01060	0.04967	0.14294	0.04853	0.07586	0.01015	0.24781	0.01353	0.00986	0.08753	0.01109	0.08013	0.00944	0.00778	0.06717	0.00198	0.08837	0.00516	0.02648	0.00593

[dist]
# distance from previous block
# <min> <max>
1	15

[block]
# block no. 1 follows, 56 sequences, length 58
# corresponding to MSA columns:
# 91-148
name=unknown_B
#
# <colnr> <probs for GDERKNQSTAVLIFYWHMCP>
#	G	D	E	R	K	N	Q	S	T	A	V	L	I	F	Y	W	H	M	C	P
0	0.04044	0.01656	0.37330	0.04089	0.13363	0.01067	0.23211	0.01435	0.02778	0.01506	0.04487	0.01196	0.00820	0.00446	0.00469	0.00147	0.00645	0.00431	0.00233	0.00647
1	0.01029	0.01012	0.01895	0.31861	0.19927	0.01068	0.27055	0.01341	0.01010	0.03711	0.00977	0.01288	0.02545	0.00453	0.00516	0.00151	0.02861	0.00467	0.00234	0.00599
2	0.00942	0.08054	0.75995	0.01272	0.01931	0.01118	0.01633	0.01448	0.00967	0.01428	0.00811	0.00953	0.00582	0.00433	0.00426	0.00142	0.00665	0.00333	0.00194	0.00672
3	0.00743	0.00505	0.00644	0.00667	0.00736	0.00511	0.00469	0.06295	0.00922	0.04064	0.01955	0.40928	0.02194	0.20124	0.13650	0.00326	0.00484	0.04008	0.00372	0.00403
4	0.01123	0.41238	0.30398	0.00957	0.01429	0.01356	0.01072	0.01443	0.03367	0.06528	0.01092	0.01154	0.06113	0.00479	0.00378	0.00124	0.00530	0.00351	0.00244	0.00624
5	0.00974	0.20095	0.61281	0.01164	0.01760	0.01204	0.01448	0.01407	0.00964	0.01365	0.00925	0.01046	0.03553	0.00454	0.00409	0.00135	0.00621	0.00342	0.00203	0.00648
6	0.00660	0.00453	0.00553	0.00558	0.00577	0.00469	0.00348	0.00698	0.00693	0.00941	0.01454	0.06756	0.01627	0.62731	0.19135	0.00494	0.00602	0.00662	0.00279	0.00311
7	0.00982	0.00986	0.05183	0.12631	0.01739	0.00965	0.23058	0.05373	0.19423	0.01650	0.14677	0.01982	0.05302	0.00622	0.00507	0.00154	0.00508	0.03314	0.00354	0.00591
8	0.02891	0.07392	0.60671	0.01175	0.01747	0.01070	0.01433	0.03278	0.04643	0.03307	0.04553	0.01260	0.00877	0.00500	0.00438	0.00145	0.00604	0.03117	0.00245	0.00655
9	0.01391	0.10332	0.15659	0.01303	0.01696	0.30608	0.17415	0.12484	0.01273	0.01496	0.00822	0.00969	0.00638	0.00455	0.00451	0.00132	0.01638	0.00367	0.00255	0.00616
10	0.01745	0.01286	0.01378	0.01056	0.01424	0.01424	0.00873	0.79471	0.02159	0.02893	0.01102	0.01102	0.00781	0.00551	0.00459	0.00138	0.00505	0.00413	0.00459	0.00781
11	0.01142	0.01086	0.05087	0.24250	0.13881	0.01077	0.28473	0.03633	0.01061	0.09820	0.00964	0.01226	0.00717	0.00458	0.00543	0.00152	0.05086	0.00458	0.00262	0.00622
12	0.00978	0.03720	0.13320	0.01473	0.01860	0.00994	0.42615	0.04035	0.01074	0.01458	0.01314	0.11019	0.01232	0.00649	0.00535	0.00163	0.00633	0.12069	0.00284	0.00576
13	0.00593	0.00427	0.00573	0.00665	0.00713	0.00407	0.00475	0.00703	0.00925	0.01232	0.06416	0.62721	0.05267	0.01461	0.03849	0.00209	0.00324	0.12234	0.00422	0.00385
14	0.00928	0.04417	0.79512	0.01295	0.01967	0.01085	0.01673	0.01452	0.00968	0.01445	0.00819	0.00963	0.00582	0.00435	0.00433	0.00144	0.00674	0.00337	0.00194	0.00676
15	0.01310	0.01046	0.01566	0.07339	0.43855	0.05024	0.03444	0.05048	0.01139	0.16458	0.01233	0.01376	0.04995	0.00505	0.00501	0.00142	0.03577	0.00446	0.00310	0.00686
16	0.00921	0.02375	0.81487	0.01309	0.01987	0.01066	0.01696	0.01454	0.00969	0.01454	0.00824	0.00969	0.00582	0.00436	0.00436	0.00145	0.00678	0.00339	0.00194	0.00678
17	0.00594	0.00426	0.00576	0.00673	0.00714	0.00411	0.00478	0.00697	0.00890	0.01187	0.02400	0.64747	0.02816	0.03407	0.06370	0.00235	0.00361	0.12229	0.00410	0.00381
18	0.00970	0.15394	0.68895	0.01225	0.01858	0.01186	0.01551	0.01441	0.00963	0.01394	0.00794	0.00932	0.00583	0.00429	0.00414	0.00138	0.00649	0.00324	0.00194	0.00664
19	0.01711	0.00832	0.01068	0.00912	0.03414	0.00803	0.00723	0.06685	0.15970	0.51586	0.01816	0.01918	0.01306	0.00644	0.00480	0.00151	0.00400	0.08329	0.00519	0.00733
20	0.01430	0.04005	0.01276	0.01000	0.01313	0.01221	0.03913	0.35503	0.31793	0.07117	0.01487	0.05457	0.01142	0.00612	0.00466	0.00147	0.00442	0.00500	0.00449	0.00727
21	0.00570	0.00419	0.00528	0.00599	0.00654	0.00384	0.00408	0.00667	0.00941	0.01240	0.10777	0.59155	0.15942	0.04640	0.00644	0.00187	0.00263	0.01176	0.00428	0.00378
22	0.02818	0.15777	0.48978	0.01144	0.01671	0.03531	0.05189	0.01432	0.04575	0.01430	0.05510	0.01235	0.03807	0.00491	0.00425	0.00138	0.00592	0.00390	0.00238	0.00630
23	0.01066	0.05320	0.02558	0.03074	0.02255	0.01171	0.69226	0.01422	0.01061	0.01428	0.01034	0.01318	0.03502	0.00427	0.00555	0.00153	0.03052	0.00536	0.00236	0.00605
24	0.02385	0.01068	0.01262	0.03686	0.12734	0.14251	0.06021	0.06648	0.04413	0.24997	0.09719	0.08098	0.01412	0.00623	0.00474	0.00143	0.00495	0.00534	0.00399	0.00639
25	0.00985	0.15995	0.56746	0.01262	0.01848	0.01188	0.09467	0.01441	0.02390	0.01394	0.00861	0.02867	0.00666	0.00450	0.00427	0.00140	0.00642	0.00370	0.00208	0.00651
26	0.01240	0.01103	0.01787	0.05319	0.61976	0.02394	0.04828	0.08016	0.01156	0.06350	0.00939	0.01162	0.00748	0.00432	0.00459	0.00138	0.00550	0.00417	0.00267	0.00719
27	0.01160	0.01121	0.01439	0.08496	0.18840	0.11449	0.10858	0.02542	0.23916	0.04333	0.03326	0.01626	0.07715	0.00563	0.00474	0.00145	0.00524	0.00501	0.00334	0.00637
28	0.01144	0.01287	0.00882	0.00817	0.01015	0.38857	0.00615	0.01266	0.01182	0.03635	0.04957	0.02611	0.38341	0.00813	0.00480	0.00137	0.00517	0.00632	0.00344	0.00469
29	0.00967	0.00919	0.01544	0.48719	0.31482	0.01054	0.01300	0.01249	0.00954	0.01289	0.00848	0.02332	0.00688	0.00470	0.00506	0.00150	0.04306	0.00421	0.00215	0.00587
30	0.01106	0.42236	0.39304	0.01048	0.01567	0.05090	0.01216	0.01432	0.00966	0.01257	0.00728	0.00849	0.00586	0.00417	0.00366	0.00121	0.00594	0.00292	0.00197	0.00628
31	0.00618	0.00415	0.00551	0.00642	0.00680	0.00386	0.00431	0.00699	0.00889	0.04130	0.02471	0.78083	0.02925	0.03910	0.00635	0.00193	0.00276	0.01255	0.00427	0.00385
32	0.01057	0.05817	0.09012	0.38082	0.11485	0.06466	0.04060	0.05433	0.07993	0.01416	0.00944	0.01193	0.00724	0.00468	0.00442	0.00143	0.00581	0.00401	0.03694	0.00591
33	0.01035	0.00929	0.01457	0.06364	0.01530	0.03373	0.23423	0.05850	0.10393	0.05668	0.03974	0.11370	0.05933	0.05094	0.00703	0.00177	0.07726	0.04105	0.00339	0.00555
34	0.01134	0.01011	0.01491	0.25433	0.21894	0.06480	0.07920	0.06496	0.03581	0.07057	0.01123	0.09714	0.00970	0.00572	0.00507	0.00150	0.03061	0.00513	0.00288	0.00605
35	0.01288	0.01489	0.01003	0.00947	0.01120	0.49035	0.00701	0.01442	0.03056	0.01263	0.09506	0.17459	0.03352	0.00733	0.00460	0.00135	0.00594	0.00577	0.05352	0.00486
36	0.04634	0.01605	0.06018	0.01159	0.01469	0.34486	0.10029	0.14300	0.12866	0.03196	0.01084	0.02428	0.01716	0.00520	0.00443	0.00135	0.00638	0.00406	0.02252	0.00616
37	0.01031	0.00944	0.01530	0.46111	0.08476	0.01074	0.11444	0.10290	0.07204	0.01502	0.01033	0.01451	0.00819	0.00511	0.00479	0.00154	0.00587	0.04508	0.00270	0.00584
38	0.00772	0.00501	0.00642	0.00682	0.00767	0.00483	0.00489	0.04406	0.02829	0.07924	0.03834	0.56244	0.04981	0.05637	0.01798	0.00201	0.00322	0.06623	0.00431	0.00434
39	0.01152	0.01262	0.16491	0.08321	0.12809	0.01009	0.27670	0.01515	0.03285	0.12830	0.03076	0.02802	0.00909	0.02419	0.00553	0.00157	0.02327	0.00484	0.00287	0.00643
40	0.01179	0.01238	0.04088	0.02553	0.09429	0.23479	0.02598	0.08826	0.11765	0.01488	0.03123	0.16025	0.03272	0.05591	0.00581	0.00162	0.00527	0.00591	0.02929	0.00557
41	0.01015	0.26414	0.56786	0.01182	0.03167	0.01287	0.01423	0.01430	0.00960	0.01345	0.00770	0.00904	0.00586	0.00423	0.00395	0.00131	0.00621	0.00313	0.00195	0.00653
42	0.01023	0.01058	0.00830	0.00782	0.00926	0.27044	0.00582	0.02614	0.01127	0.01336	0.14004	0.11090	0.17936	0.04959	0.00622	0.00157	0.04636	0.00662	0.08160	0.00451
43	0.01047	0.31603	0.46227	0.01073	0.01612	0.01319	0.01275	0.04511	0.01007	0.01368	0.00941	0.01047	0.04217	0.00458	0.00391	0.00129	0.00584	0.00337	0.00216	0.00637
44	0.01392	0.02628	0.01597	0.01216	0.01566	0.02092	0.20651	0.32106	0.17602	0.06701	0.01358	0.02414	0.01921	0.00570	0.00489	0.00149	0.00532	0.03921	0.00400	0.00698
45	0.00587	0.00413	0.00540	0.00626	0.00667	0.00391	0.00428	0.00683	0.00894	0.01214	0.04782	0.67219	0.05618	0.03445	0.04047	0.00210	0.00309	0.02803	0.04746	0.00378
46	0.01003	0.00965	0.01669	0.41589	0.39301	0.01060	0.05218	0.01297	0.00985	0.01340	0.00844	0.01184	0.00670	0.00432	0.00461	0.00145	0.00589	0.00415	0.00216	0.00616
47	0.01124	0.13071	0.05264	0.07891	0.04670	0.07625	0.03722	0.11141	0.13280	0.03832	0.08038	0.13490	0.02950	0.00687	0.00463	0.00144	0.00469	0.01196	0.00353	0.00590
48	0.01089	0.01025	0.01714	0.24104	0.57030	0.01085	0.01352	0.04464	0.01056	0.01468	0.00860	0.01158	0.00699	0.00428	0.00456	0.00141	0.00562	0.00409	0.00230	0.00671
49	0.00621	0.00481	0.00585	0.00668	0.00715	0.03268	0.00466	0.00719	0.00905	0.01187	0.04304	0.64300	0.05141	0.03256	0.06366	0.00228	0.00365	0.05636	0.00405	0.00384
50	0.01200	0.38073	0.23505	0.03945	0.01604	0.01439	0.08067	0.10802	0.02803	0.03397	0.00831	0.00946	0.00651	0.00434	0.00388	0.00125	0.00568	0.00334	0.00245	0.00644
51	0.01144	0.01296	0.09862	0.10080	0.02077	0.04817	0.38892	0.12672	0.06522	0.01640	0.01123	0.01328	0.03581	0.00534	0.02196	0.00162	0.00674	0.00491	0.00281	0.00627
52	0.01178	0.01048	0.04283	0.01166	0.01421	0.01102	0.18212	0.21773	0.04412	0.03553	0.03547	0.03472	0.01064	0.07269	0.00833	0.00181	0.16574	0.02787	0.05532	0.00593
53	0.05388	0.01346	0.12250	0.01342	0.06649	0.11861	0.21700	0.07693	0.09922	0.03771	0.01124	0.01418	0.00899	0.03457	0.00529	0.00155	0.00595	0.03537	0.05750	0.00613
54	0.01107	0.01032	0.05299	0.11276	0.14225	0.06332	0.06019	0.05183	0.03992	0.08900	0.06156	0.01798	0.10968	0.00703	0.02223	0.00165	0.11762	0.01958	0.00317	0.00584
55	0.01051	0.28766	0.40607	0.03087	0.01717	0.04137	0.08400	0.01413	0.00992	0.01331	0.03967	0.01018	0.00746	0.00439	0.00404	0.00130	0.00611	0.00347	0.00212	0.00625
56	0.01113	0.00907	0.00958	0.03740	0.01112	0.09780	0.03782	0.13375	0.13039	0.04609	0.01703	0.08888	0.06668	0.04802	0.04882	0.00190	0.00474	0.04627	0.14805	0.00546
57	0.03056	0.01158	0.02981	0.00934	0.01202	0.17321	0.02558	0.11803	0.16466	0.18475	0.04646	0.01731	0.01877	0.04747	0.00551	0.00157	0.00492	0.04916	0.04298	0.00630

[dist]
# distance from previous block
# <min> <max>
0	4

[block]
# block no. 2 follows, 56 sequences, length 64
# corresponding to MSA columns:
# 153-216
name=unknown_C
#
# <colnr> <probs for GDERKNQSTAVLIFYWHMCP>
#	G	D	E	R	K	N	Q	S	T	A	V	L	I	F	Y	W	H	M	C	P
0	0.02402	0.01310	0.13180	0.01189	0.09881	0.15419	0.00961	0.09550	0.05782	0.15199	0.05038	0.01959	0.02232	0.00652	0.00479	0.00150	0.00534	0.13085	0.00367	0.00629
1	0.00648	0.00487	0.00661	0.00670	0.00733	0.00475	0.04221	0.00769	0.03058	0.01148	0.04402	0.37930	0.07173	0.26253	0.05895	0.00292	0.00407	0.04041	0.00365	0.00373
2	0.01025	0.05616	0.34276	0.01629	0.02176	0.01154	0.44495	0.01459	0.01031	0.01445	0.00873	0.01107	0.00645	0.00407	0.00488	0.00148	0.00722	0.00447	0.00215	0.00642
3	0.10068	0.01274	0.09779	0.03498	0.09433	0.10168	0.06092	0.07962	0.21840	0.13405	0.01242	0.01264	0.00908	0.00511	0.00441	0.00144	0.00516	0.00418	0.00361	0.00676
4	0.01068	0.05440	0.29108	0.07840	0.13973	0.01104	0.20107	0.01531	0.07430	0.04992	0.01003	0.01230	0.00762	0.00456	0.00467	0.00147	0.00625	0.01810	0.00252	0.00658
5	0.01045	0.00621	0.00739	0.00701	0.00860	0.04110	0.00528	0.01204	0.02908	0.22744	0.06986	0.29008	0.13631	0.02673	0.07671	0.00217	0.00410	0.02993	0.00443	0.00506
6	0.01190	0.11175	0.11549	0.02806	0.07767	0.05509	0.21655	0.09460	0.06490	0.04929	0.01146	0.02657	0.04266	0.00525	0.00541	0.00145	0.06814	0.00459	0.00285	0.00632
7	0.01263	0.11901	0.19418	0.01332	0.06203	0.10382	0.16155	0.04372	0.10018	0.09373	0.01026	0.01134	0.00769	0.00478	0.00491	0.00141	0.04203	0.00403	0.00286	0.00654
8	0.00674	0.00506	0.00719	0.00726	0.00805	0.00494	0.05202	0.04068	0.00954	0.01294	0.07615	0.53411	0.02602	0.08644	0.05879	0.00236	0.00384	0.03266	0.02115	0.00406
9	0.01055	0.01065	0.04922	0.07992	0.32853	0.01997	0.19454	0.01362	0.02927	0.02831	0.03380	0.01424	0.00928	0.03378	0.00604	0.00158	0.05722	0.02143	0.05187	0.00620
10	0.02337	0.03982	0.09836	0.06167	0.13507	0.04472	0.05520	0.07297	0.08363	0.15889	0.03745	0.04612	0.09273	0.00622	0.00471	0.00146	0.00484	0.02277	0.00362	0.00638
11	0.00990	0.07444	0.37826	0.14840	0.02112	0.02920	0.16286	0.01378	0.00960	0.01342	0.00805	0.01047	0.00611	0.00466	0.00559	0.00150	0.09060	0.00388	0.00205	0.00612
12	0.01111	0.01478	0.18640	0.13566	0.23295	0.13204	0.04152	0.01393	0.00987	0.01312	0.00779	0.01047	0.00635	0.00504	0.00643	0.00151	0.15898	0.00381	0.00213	0.00611
13	0.01122	0.28840	0.35385	0.01209	0.06251	0.04924	0.04999	0.01539	0.07150	0.03283	0.00871	0.00982	0.00676	0.00437	0.00398	0.00129	0.00589	0.00337	0.00231	0.00649
14	0.01283	0.07401	0.06094	0.02525	0.20824	0.14867	0.15853	0.11779	0.03710	0.01552	0.00868	0.01067	0.00695	0.00482	0.00559	0.00142	0.08991	0.00403	0.00261	0.00643
15	0.00670	0.00529	0.00823	0.00819	0.00910	0.00525	0.08143	0.00814	0.00900	0.01210	0.02091	0.43590	0.02364	0.05697	0.12263	0.00280	0.01602	0.15989	0.00371	0.00409
16	0.03900	0.00733	0.01085	0.05930	0.20026	0.00730	0.03505	0.04500	0.02467	0.08935	0.13653	0.23272	0.05826	0.00841	0.00509	0.00156	0.00391	0.02606	0.00382	0.00550
17	0.01016	0.03416	0.09072	0.03719	0.37052	0.00933	0.03745	0.05048	0.03028	0.02743	0.17390	0.01751	0.04897	0.00608	0.00520	0.03146	0.00472	0.00516	0.00309	0.00620
18	0.00728	0.00567	0.00851	0.00919	0.07488	0.00656	0.00653	0.00900	0.00775	0.01143	0.01180	0.01697	0.01083	0.02865	0.65730	0.00619	0.05797	0.00476	0.05432	0.00443
19	0.00590	0.00488	0.00521	0.00523	0.00665	0.00434	0.00388	0.00780	0.05586	0.01334	0.12198	0.12944	0.59654	0.01139	0.00543	0.00157	0.00242	0.00966	0.00437	0.00410
20	0.00851	0.00799	0.01333	0.78784	0.03039	0.00989	0.01230	0.01148	0.00924	0.01176	0.01001	0.01378	0.04489	0.00493	0.00463	0.00153	0.00594	0.00435	0.00215	0.00504
21	0.00947	0.06630	0.58889	0.01391	0.06669	0.01081	0.10167	0.01403	0.00989	0.01425	0.01047	0.01194	0.05199	0.00468	0.00447	0.00144	0.00645	0.00397	0.00214	0.00653
22	0.00564	0.00406	0.00535	0.00630	0.00665	0.00377	0.00424	0.00653	0.00909	0.01213	0.07086	0.76186	0.05852	0.01400	0.00582	0.00183	0.00262	0.01266	0.00431	0.00377
23	0.00921	0.02375	0.81487	0.01309	0.01987	0.01066	0.01696	0.01454	0.00969	0.01454	0.00824	0.00969	0.00582	0.00436	0.00436	0.00145	0.00678	0.00339	0.00194	0.00678
24	0.01114	0.01284	0.02641	0.01899	0.02352	0.05070	0.75542	0.01488	0.01094	0.01454	0.00918	0.01219	0.00692	0.00391	0.00536	0.00153	0.00777	0.00530	0.00232	0.00615
25	0.01120	0.01068	0.01845	0.02649	0.72377	0.01063	0.06050	0.01396	0.01044	0.01508	0.00898	0.01170	0.00747	0.00414	0.00453	0.00136	0.00543	0.00418	0.04394	0.00706
26	0.01690	0.02136	0.01290	0.01172	0.01409	0.78496	0.00880	0.01860	0.04740	0.01158	0.00760	0.00866	0.00627	0.00480	0.00416	0.00120	0.00808	0.00305	0.00247	0.00541
27	0.01214	0.80577	0.05854	0.00808	0.01214	0.01784	0.00825	0.01378	0.00934	0.01096	0.00646	0.00747	0.00589	0.00395	0.00301	0.00100	0.00499	0.00250	0.00196	0.00593
28	0.01227	0.84142	0.02406	0.00786	0.01178	0.01817	0.00786	0.01375	0.00933	0.01080	0.00638	0.00736	0.00589	0.00393	0.00295	0.00098	0.00491	0.00245	0.00196	0.00589
29	0.00559	0.00400	0.00533	0.00639	0.00666	0.00373	0.00426	0.00639	0.00879	0.01172	0.02530	0.83566	0.03036	0.01438	0.00586	0.00186	0.00266	0.01305	0.00426	0.00373
30	0.00921	0.02375	0.81487	0.01309	0.01987	0.01066	0.01696	0.01454	0.00969	0.01454	0.00824	0.00969	0.00582	0.00436	0.00436	0.00145	0.00678	0.00339	0.00194	0.00678
31	0.00895	0.00845	0.01428	0.74461	0.11244	0.01027	0.01289	0.01197	0.00931	0.01207	0.00821	0.01215	0.00624	0.00454	0.00459	0.00151	0.00605	0.00408	0.00206	0.00533
32	0.11337	0.00916	0.01096	0.00852	0.01201	0.00900	0.00703	0.20372	0.03031	0.52491	0.01516	0.01367	0.00987	0.00550	0.00442	0.00141	0.00413	0.00428	0.00509	0.00749
33	0.01156	0.01402	0.07754	0.10106	0.01847	0.18323	0.22635	0.01393	0.00977	0.01243	0.00754	0.01052	0.00626	0.00555	0.00818	0.00161	0.28013	0.00414	0.00217	0.00555
34	0.00867	0.00816	0.01377	0.82762	0.03162	0.01020	0.01275	0.01173	0.00918	0.01173	0.00816	0.01224	0.00612	0.00459	0.00459	0.00153	0.00612	0.00408	0.00204	0.00510
35	0.00834	0.00844	0.12601	0.00696	0.00937	0.03367	0.00638	0.01049	0.01143	0.09754	0.24823	0.03237	0.33815	0.00911	0.00517	0.00150	0.00338	0.03435	0.00422	0.00490
36	0.01029	0.00914	0.00842	0.00790	0.00973	0.15000	0.00612	0.08260	0.09636	0.05278	0.08810	0.11757	0.21271	0.01003	0.03347	0.00175	0.00441	0.08945	0.00407	0.00510
37	0.02374	0.01222	0.09780	0.09328	0.08645	0.10027	0.01985	0.19838	0.05996	0.01729	0.01227	0.01645	0.02701	0.00783	0.05588	0.00186	0.04232	0.08034	0.04074	0.00607
38	0.01062	0.01488	0.38453	0.01012	0.01447	0.00880	0.01105	0.01598	0.14152	0.13186	0.19050	0.01729	0.01637	0.00599	0.00469	0.00146	0.00481	0.00497	0.00363	0.00646
39	0.01571	0.01160	0.01250	0.01003	0.01335	0.01288	0.00814	0.50182	0.27059	0.07306	0.01390	0.01325	0.01001	0.00575	0.00462	0.00144	0.00453	0.00450	0.00468	0.00763
40	0.00699	0.00972	0.22122	0.00780	0.01038	0.00598	0.00775	0.00966	0.01088	0.01509	0.31014	0.11436	0.15920	0.01022	0.04125	0.00180	0.00402	0.04485	0.00385	0.00483
41	0.12409	0.01460	0.31274	0.04664	0.03270	0.00999	0.01093	0.10228	0.07115	0.17743	0.04548	0.01251	0.00931	0.00510	0.00432	0.00144	0.00510	0.00399	0.00345	0.00674
42	0.10278	0.15876	0.37790	0.01001	0.01466	0.04354	0.01121	0.03170	0.03744	0.06298	0.00937	0.01048	0.00705	0.00526	0.02322	0.00147	0.00559	0.00338	0.07700	0.00620
43	0.00622	0.00465	0.00543	0.00576	0.02105	0.00437	0.00381	0.00701	0.00875	0.01120	0.05480	0.12992	0.29733	0.33428	0.04850	0.00299	0.00377	0.04302	0.00360	0.00354
44	0.00974	0.02260	0.71322	0.01428	0.08532	0.04647	0.01637	0.01467	0.00990	0.01443	0.00822	0.00977	0.00594	0.00436	0.00437	0.00143	0.00674	0.00343	0.00199	0.00676
45	0.01446	0.00986	0.04856	0.08813	0.04733	0.00945	0.09228	0.10222	0.15732	0.29232	0.01527	0.03179	0.01136	0.00593	0.00482	0.00151	0.00478	0.05144	0.00426	0.00692
46	0.01096	0.00861	0.01373	0.01722	0.34620	0.00853	0.05716	0.04051	0.03848	0.10006	0.01563	0.11561	0.01499	0.00752	0.00517	0.00162	0.00475	0.18359	0.00348	0.00618
47	0.00614	0.00426	0.00542	0.00615	0.00643	0.00411	0.00411	0.00685	0.00835	0.01116	0.02182	0.50624	0.02562	0.25951	0.01108	0.00265	0.00334	0.08635	0.01691	0.00350
48	0.01607	0.11194	0.01432	0.01140	0.01376	0.67021	0.00885	0.01727	0.01215	0.01117	0.00694	0.00831	0.00592	0.00489	0.00483	0.00122	0.07010	0.00298	0.00229	0.00536
49	0.05115	0.04836	0.02785	0.01319	0.07173	0.08730	0.19698	0.28315	0.02798	0.01919	0.02353	0.10637	0.01040	0.00590	0.00475	0.00145	0.00564	0.00528	0.00341	0.00639
50	0.01885	0.00756	0.01019	0.00794	0.01120	0.00664	0.00651	0.03881	0.01332	0.70018	0.11198	0.01774	0.01509	0.00612	0.00471	0.00142	0.00373	0.00504	0.00558	0.00740
51	0.00583	0.00462	0.00567	0.00586	0.00694	0.00446	0.00437	0.00708	0.00915	0.01171	0.03140	0.18356	0.40331	0.01957	0.27099	0.00351	0.00564	0.00876	0.00368	0.00392
52	0.00921	0.02375	0.81487	0.01309	0.01987	0.01066	0.01696	0.01454	0.00969	0.01454	0.00824	0.00969	0.00582	0.00436	0.00436	0.00145	0.00678	0.00339	0.00194	0.00678
53	0.01024	0.01029	0.04436	0.33748	0.48095	0.01063	0.01367	0.01319	0.00993	0.01372	0.00844	0.01164	0.00678	0.00429	0.00456	0.00143	0.00576	0.00406	0.00217	0.00641
54	0.01540	0.01907	0.01218	0.01158	0.04081	0.67177	0.00841	0.01697	0.03584	0.01170	0.01087	0.06056	0.05414	0.00573	0.00435	0.00126	0.00736	0.00406	0.00265	0.00527
55	0.01935	0.00859	0.05653	0.00835	0.01198	0.00687	0.00723	0.02135	0.01294	0.73387	0.05091	0.01608	0.01240	0.00576	0.00464	0.00142	0.00400	0.00470	0.00544	0.00761
56	0.00581	0.00429	0.00537	0.00601	0.00664	0.00394	0.00419	0.00685	0.00954	0.01252	0.11486	0.51250	0.17905	0.06044	0.00675	0.00192	0.00272	0.04856	0.00426	0.00379
57	0.00559	0.00400	0.00533	0.00639	0.00666	0.00373	0.00426	0.00639	0.00879	0.01172	0.02530	0.83566	0.03036	0.01438	0.00586	0.00186	0.00266	0.01305	0.00426	0.00373
58	0.00938	0.02256	0.73260	0.01374	0.02030	0.01076	0.09804	0.01456	0.00981	0.01456	0.00835	0.00997	0.00594	0.00431	0.00447	0.00146	0.00688	0.00360	0.00198	0.00672
59	0.04315	0.04746	0.01144	0.00922	0.01180	0.07931	0.00741	0.39156	0.06341	0.02118	0.04899	0.16076	0.01470	0.00762	0.00481	0.00150	0.00457	0.06069	0.00417	0.00625
60	0.00957	0.11983	0.72194	0.01247	0.01892	0.01154	0.01589	0.01445	0.00965	0.01410	0.00802	0.00942	0.00582	0.00431	0.00420	0.00140	0.00656	0.00328	0.00194	0.00668
61	0.00624	0.00473	0.00658	0.00651	0.00745	0.00436	0.03706	0.00786	0.01105	0.01517	0.40958	0.35428	0.08911	0.01131	0.00559	0.00162	0.00261	0.01018	0.00457	0.00414
62	0.01175	0.67850	0.06935	0.00797	0.01177	0.01623	0.00800	0.01416	0.05476	0.01201	0.00788	0.00883	0.00682	0.00420	0.00315	0.00105	0.00473	0.00281	0.07013	0.00590
63	0.00913	0.04200	0.74983	0.01254	0.01893	0.01048	0.01602	0.01418	0.00987	0.01467	0.05398	0.01105	0.00797	0.00464	0.00439	0.00144	0.00648	0.00365	0.00212	0.00662

[dist]
# distance from previous block
# <min> <max>
0	6

[block]
# block no. 3 follows, 56 sequences, length 21
# corresponding to MSA columns:
# 223-225,228-245
name=unknown_D
#
# <colnr> <probs for GDERKNQSTAVLIFYWHMCP>
#	G	D	E	R	K	N	Q	S	T	A	V	L	I	F	Y	W	H	M	C	P
0	0.00901	0.00795	0.01205	0.06132	0.33935	0.00804	0.00953	0.01213	0.07578	0.01460	0.06910	0.06415	0.13022	0.00789	0.00516	0.00159	0.00431	0.15870	0.00340	0.00571
1	0.00629	0.00466	0.00611	0.00624	0.00693	0.00454	0.00448	0.00777	0.01080	0.01498	0.41995	0.33852	0.05689	0.04438	0.00674	0.00175	0.04052	0.00989	0.00450	0.00406
2	0.01084	0.01238	0.02709	0.01935	0.02399	0.01161	0.79334	0.01471	0.01084	0.01471	0.00929	0.01238	0.00697	0.00387	0.00542	0.00155	0.00774	0.00542	0.00232	0.00619
3	0.00867	0.00816	0.01377	0.82762	0.03162	0.01020	0.01275	0.01173	0.00918	0.01173	0.00816	0.01224	0.00612	0.00459	0.00459	0.00153	0.00612	0.00408	0.00204	0.00510
4	0.00745	0.00452	0.00605	0.00664	0.00735	0.00416	0.00466	0.00847	0.00955	0.10611	0.06039	0.67783	0.02861	0.01308	0.00571	0.00180	0.00284	0.03608	0.00446	0.00425
5	0.00955	0.00792	0.01133	0.03372	0.26102	0.02946	0.00913	0.01276	0.09067	0.04363	0.03003	0.14377	0.01841	0.00887	0.00536	0.00171	0.00444	0.26900	0.00363	0.00560
6	0.01227	0.84142	0.02406	0.00786	0.01178	0.01817	0.00786	0.01375	0.00933	0.01080	0.00638	0.00736	0.00589	0.00393	0.00295	0.00098	0.00491	0.00245	0.00196	0.00589
7	0.00921	0.02375	0.81487	0.01309	0.01987	0.01066	0.01696	0.01454	0.00969	0.01454	0.00824	0.00969	0.00582	0.00436	0.00436	0.00145	0.00678	0.00339	0.00194	0.00678
8	0.01324	0.00906	0.01056	0.05523	0.01247	0.09501	0.05857	0.01682	0.13794	0.27625	0.07031	0.05848	0.15177	0.00715	0.00487	0.00148	0.00427	0.00605	0.00438	0.00611
9	0.00971	0.00915	0.01399	0.70205	0.06948	0.04282	0.01241	0.06222	0.01019	0.01298	0.00832	0.01196	0.00628	0.00463	0.00457	0.00150	0.00610	0.00404	0.00223	0.00539
10	0.01175	0.70095	0.15991	0.00875	0.01317	0.01688	0.00942	0.01388	0.00939	0.01144	0.00670	0.00776	0.00588	0.00400	0.00319	0.00106	0.00523	0.00262	0.00196	0.00605
11	0.00576	0.00412	0.00552	0.00659	0.00693	0.00387	0.00456	0.00669	0.00896	0.01191	0.02521	0.76210	0.02999	0.01422	0.00590	0.00189	0.00281	0.08494	0.00426	0.00378
12	0.01114	0.01093	0.01939	0.07379	0.66791	0.01095	0.10982	0.01403	0.01043	0.01477	0.00869	0.01154	0.00717	0.00409	0.00465	0.00140	0.00577	0.00425	0.00227	0.00701
13	0.01074	0.01303	0.07187	0.01899	0.02376	0.01156	0.74922	0.01470	0.01077	0.01470	0.00923	0.01223	0.00690	0.00390	0.00536	0.00154	0.00769	0.00530	0.00230	0.00623
14	0.00949	0.07722	0.72245	0.01306	0.01955	0.01121	0.05592	0.01450	0.00973	0.01430	0.00817	0.00968	0.00588	0.00431	0.00432	0.00143	0.00671	0.00343	0.00196	0.00670
15	0.00575	0.00437	0.00529	0.00595	0.00675	0.00396	0.00427	0.00679	0.00951	0.01209	0.03243	0.45198	0.30550	0.03566	0.00623	0.00185	0.00275	0.09084	0.00422	0.00381
16	0.01182	0.01299	0.03301	0.04988	0.22215	0.18455	0.22267	0.03633	0.03640	0.01435	0.03308	0.04477	0.02229	0.00543	0.00489	0.00146	0.00635	0.04881	0.00272	0.00604
17	0.00675	0.00525	0.00664	0.07604	0.00904	0.00504	0.00497	0.03415	0.01226	0.01655	0.50555	0.03434	0.24741	0.00946	0.00532	0.00148	0.00264	0.00818	0.00456	0.00439
18	0.00991	0.05192	0.01708	0.18572	0.21865	0.01055	0.17808	0.03075	0.01028	0.01396	0.05695	0.03800	0.05129	0.00573	0.00577	0.00152	0.07854	0.02686	0.00262	0.00581
19	0.02745	0.06131	0.36681	0.01321	0.08811	0.01134	0.06415	0.07728	0.14317	0.01651	0.05113	0.01247	0.00947	0.00506	0.00482	0.00145	0.03259	0.00415	0.00284	0.00668
20	0.00932	0.00838	0.01358	0.43778	0.23177	0.00937	0.01134	0.01213	0.03449	0.01300	0.02273	0.02494	0.02105	0.00556	0.00542	0.05862	0.00532	0.00434	0.02579	0.04507

[dist]
# distance from previous block
# <min> <max>
17	128

[block]
# block no. 4 follows, 56 sequences, length 29
# corresponding to MSA columns:
# 418-446
name=unknown_E
#
# <colnr> <probs for GDERKNQSTAVLIFYWHMCP>
#	G	D	E	R	K	N	Q	S	T	A	V	L	I	F	Y	W	H	M	C	P
0	0.02322	0.00989	0.01249	0.10914	0.01518	0.05269	0.06303	0.10598	0.05386	0.17875	0.01095	0.01182	0.00804	0.00481	0.00491	0.00124	0.05707	0.00385	0.00347	0.26961
1	0.05383	0.00576	0.00686	0.00697	0.00845	0.00551	0.00551	0.05832	0.01046	0.01432	0.02524	0.24829	0.17087	0.02539	0.00575	0.00176	0.00339	0.25194	0.00402	0.08736
2	0.01355	0.01044	0.03789	0.00906	0.01214	0.04582	0.00739	0.19249	0.26669	0.14109	0.01531	0.09325	0.01225	0.00628	0.00456	0.00139	0.00418	0.00515	0.00432	0.11673
3	0.01106	0.00863	0.01091	0.00982	0.10834	0.00737	0.00687	0.05477	0.01058	0.09069	0.01089	0.01191	0.04189	0.00432	0.00420	0.00095	0.03169	0.00349	0.00309	0.56853
4	0.01309	0.01122	0.10836	0.00895	0.01236	0.01008	0.00798	0.28909	0.14857	0.08305	0.01475	0.01477	0.05195	0.00563	0.00433	0.00133	0.00423	0.00446	0.12747	0.07832
5	0.01551	0.05863	0.01334	0.01135	0.09030	0.01181	0.00845	0.28876	0.20840	0.19498	0.01377	0.01331	0.00988	0.00558	0.00488	0.00143	0.03342	0.00439	0.00438	0.00742
6	0.00957	0.00925	0.01482	0.59838	0.02743	0.04512	0.10694	0.05368	0.01018	0.01299	0.00949	0.06427	0.00784	0.00518	0.00475	0.00153	0.00613	0.00477	0.00237	0.00530
7	0.00831	0.00835	0.10652	0.04315	0.01117	0.00662	0.04850	0.01190	0.10072	0.06608	0.26020	0.02819	0.23660	0.00914	0.03267	0.00170	0.00386	0.00705	0.00409	0.00518
8	0.01201	0.11073	0.01293	0.06201	0.05539	0.01118	0.01991	0.28592	0.11662	0.01895	0.01487	0.17742	0.01399	0.00751	0.00478	0.00151	0.00445	0.05971	0.00387	0.00622
9	0.01732	0.00735	0.00962	0.00766	0.01075	0.00651	0.00623	0.01970	0.05839	0.61931	0.07170	0.02038	0.11062	0.00667	0.00477	0.00145	0.00359	0.00550	0.00541	0.00708
10	0.06368	0.00545	0.00679	0.00689	0.00827	0.00517	0.00537	0.01054	0.01005	0.15347	0.02470	0.26007	0.13058	0.07189	0.00680	0.00197	0.00344	0.21596	0.00430	0.00461
11	0.01668	0.10777	0.01431	0.01120	0.01394	0.60351	0.00874	0.14425	0.01401	0.01407	0.00766	0.00863	0.00622	0.00477	0.00409	0.00119	0.00739	0.00309	0.00269	0.00579
12	0.00652	0.00546	0.00691	0.00829	0.10471	0.00496	0.00548	0.00804	0.01048	0.01318	0.07661	0.10275	0.49007	0.01097	0.00549	0.00163	0.00302	0.12700	0.00406	0.00436
13	0.00623	0.00465	0.00560	0.00538	0.00646	0.00422	0.00392	0.00787	0.01155	0.01565	0.50839	0.03641	0.24365	0.11102	0.00761	0.00184	0.00249	0.00847	0.00457	0.00402
14	0.42806	0.11072	0.01089	0.00750	0.01076	0.01112	0.00635	0.13841	0.02739	0.19488	0.00994	0.01000	0.00712	0.00477	0.00356	0.00136	0.00403	0.00326	0.00367	0.00620
15	0.01274	0.69649	0.06533	0.00847	0.01252	0.01728	0.00845	0.10894	0.01084	0.01321	0.00705	0.00794	0.00612	0.00414	0.00322	0.00106	0.00503	0.00271	0.00228	0.00617
16	0.00825	0.00511	0.00663	0.00699	0.00798	0.00484	0.00512	0.05063	0.01027	0.11054	0.02447	0.56902	0.05996	0.01254	0.00568	0.00180	0.00310	0.09811	0.00445	0.00451
17	0.00611	0.00443	0.00585	0.00666	0.00731	0.00417	0.00493	0.00741	0.00985	0.01306	0.12209	0.49274	0.09355	0.01316	0.00588	0.00185	0.00294	0.18973	0.00435	0.00393
18	0.00918	0.00868	0.01469	0.67675	0.17852	0.01033	0.01300	0.01218	0.00942	0.01235	0.00825	0.01207	0.00634	0.00450	0.00458	0.00150	0.00599	0.00408	0.00208	0.00551
19	0.01100	0.01048	0.01753	0.13579	0.66133	0.01084	0.01354	0.01432	0.05283	0.01478	0.00911	0.01179	0.00748	0.00427	0.00456	0.00140	0.00545	0.00415	0.00237	0.00698
20	0.00614	0.00456	0.00572	0.00567	0.00670	0.00414	0.00416	0.00788	0.01179	0.01612	0.52855	0.17452	0.18577	0.01067	0.00549	0.00154	0.00228	0.00938	0.00477	0.00414
21	0.50727	0.11587	0.01059	0.00756	0.01040	0.10277	0.00632	0.01500	0.00919	0.11426	0.00788	0.00870	0.00604	0.00468	0.00399	0.00138	0.05675	0.00289	0.00297	0.00548
22	0.05420	0.04108	0.00785	0.00711	0.00846	0.08985	0.00526	0.01085	0.01048	0.12051	0.16575	0.38912	0.02470	0.01038	0.00552	0.02782	0.00350	0.00873	0.00417	0.00465
23	0.00887	0.14588	0.10950	0.00821	0.01041	0.03515	0.00731	0.08748	0.01063	0.01383	0.01860	0.38559	0.04325	0.00997	0.00505	0.00161	0.00411	0.08600	0.00356	0.00497
24	0.02268	0.01694	0.45438	0.14070	0.17211	0.01005	0.01445	0.01340	0.00988	0.01440	0.05158	0.04065	0.00899	0.00496	0.00452	0.00146	0.00599	0.00422	0.00228	0.00635
25	0.01363	0.00910	0.00971	0.06513	0.01171	0.11839	0.00666	0.10951	0.03378	0.23851	0.03285	0.12358	0.01311	0.07093	0.00791	0.11588	0.00464	0.00558	0.00391	0.00550
26	0.00894	0.01001	0.10977	0.06450	0.29123	0.03643	0.01007	0.01131	0.01012	0.01403	0.10267	0.23843	0.01729	0.00763	0.00512	0.00152	0.01949	0.00684	0.00308	0.03152
27	0.00683	0.00437	0.00527	0.00585	0.00643	0.00424	0.00402	0.03130	0.00928	0.01356	0.02139	0.53767	0.02375	0.05979	0.00611	0.00178	0.00270	0.00999	0.24173	0.00395
28	0.01142	0.01015	0.06058	0.06319	0.09328	0.08018	0.00810	0.14502	0.01245	0.06492	0.07181	0.04365	0.05590	0.03563	0.00524	0.00148	0.00456	0.06673	0.07703	0.08868

[dist]
# distance from previous block
# <min> <max>
13	249

# created by:
# /st0/software/busco_prod/Augustus/scripts/msa2prfl.pl ./align_prep/127087.fa
