[name]
unknown

[dist]
# distance from previous block
# <min> <max>
4	50

[block]
# block no. 0 follows, 52 sequences, length 15
# corresponding to MSA columns:
# 143-157
name=unknown_A
#
# <colnr> <probs for GDERKNQSTAVLIFYWHMCP>
#	G	D	E	R	K	N	Q	S	T	A	V	L	I	F	Y	W	H	M	C	P
0	0.01360	0.10637	0.01536	0.01496	0.23379	0.07617	0.00957	0.17186	0.03565	0.06235	0.02351	0.01342	0.00940	0.05629	0.05439	0.00190	0.00581	0.00425	0.00328	0.08808
1	0.02718	0.01067	0.01083	0.00907	0.01172	0.09582	0.00720	0.26039	0.05390	0.14387	0.08313	0.03288	0.12403	0.04392	0.02759	0.00183	0.02806	0.01695	0.00451	0.00646
2	0.05950	0.01109	0.01476	0.01379	0.13661	0.03240	0.10516	0.21029	0.10036	0.13722	0.01586	0.01652	0.07441	0.00596	0.00491	0.00150	0.00511	0.01667	0.00409	0.03378
3	0.06383	0.01777	0.20368	0.10633	0.01930	0.22991	0.10796	0.09726	0.03054	0.01595	0.00881	0.01070	0.00674	0.00508	0.00533	0.00151	0.05636	0.00392	0.00266	0.00636
4	0.01570	0.01840	0.01370	0.01335	0.07892	0.50819	0.00954	0.01980	0.18390	0.01402	0.01023	0.01120	0.00825	0.00555	0.00541	0.00142	0.06938	0.00382	0.00300	0.00621
5	0.01095	0.00893	0.01185	0.00890	0.01246	0.00777	0.09540	0.06265	0.05795	0.05302	0.01115	0.01466	0.00958	0.13272	0.00734	0.00158	0.00444	0.00420	0.00323	0.48121
6	0.00604	0.00432	0.00554	0.00645	0.00678	0.00404	0.00425	0.00680	0.00911	0.01204	0.02664	0.68028	0.07653	0.11656	0.00846	0.00229	0.00303	0.01272	0.00430	0.00382
7	0.01102	0.12290	0.48967	0.01505	0.06526	0.05859	0.14079	0.01548	0.01063	0.01471	0.00859	0.01040	0.00644	0.00447	0.00460	0.00147	0.00709	0.00382	0.00216	0.00688
8	0.01148	0.01296	0.02793	0.02112	0.08324	0.01220	0.72448	0.01547	0.01141	0.01555	0.00975	0.01299	0.00738	0.00410	0.00565	0.00162	0.00799	0.00561	0.00245	0.00662
9	0.00703	0.00479	0.00573	0.00573	0.00588	0.00494	0.00349	0.00733	0.00718	0.00972	0.01487	0.02948	0.01665	0.69004	0.16299	0.00524	0.00616	0.00672	0.00288	0.00318
10	0.00782	0.00552	0.00687	0.00644	0.00744	0.00579	0.00495	0.00984	0.01168	0.01751	0.41934	0.04973	0.07831	0.00886	0.00637	0.00151	0.10436	0.00727	0.23579	0.00460
11	0.00929	0.00658	0.00989	0.01186	0.17106	0.00620	0.02774	0.01103	0.01108	0.10576	0.15549	0.36929	0.06399	0.01054	0.00563	0.00170	0.00360	0.00955	0.00433	0.00539
12	0.00808	0.00642	0.00885	0.00859	0.00983	0.00646	0.06930	0.07249	0.10085	0.01501	0.02329	0.60015	0.02610	0.01252	0.00589	0.00186	0.00358	0.01139	0.00441	0.00493
13	0.01824	0.00805	0.01037	0.00819	0.01147	0.00726	0.00668	0.08998	0.01432	0.57021	0.08509	0.02140	0.11232	0.00708	0.00505	0.00151	0.00388	0.00581	0.00565	0.00743
14	0.01144	0.01107	0.01939	0.02693	0.65815	0.01096	0.08933	0.01427	0.01093	0.01552	0.01063	0.07921	0.00965	0.00519	0.00500	0.00150	0.00575	0.00523	0.00258	0.00726

[dist]
# distance from previous block
# <min> <max>
0	2

[block]
# block no. 1 follows, 52 sequences, length 63
# corresponding to MSA columns:
# 160-197,200-224
name=unknown_B
#
# <colnr> <probs for GDERKNQSTAVLIFYWHMCP>
#	G	D	E	R	K	N	Q	S	T	A	V	L	I	F	Y	W	H	M	C	P
0	0.08831	0.01239	0.01285	0.01151	0.06826	0.07833	0.00862	0.30848	0.22657	0.11410	0.01376	0.01341	0.00999	0.00576	0.00467	0.00150	0.00496	0.00447	0.00448	0.00758
1	0.01848	0.00878	0.01106	0.00885	0.01215	0.00839	0.00717	0.13171	0.08952	0.52176	0.05746	0.07340	0.01480	0.00686	0.00501	0.00154	0.00409	0.00567	0.00559	0.00771
2	0.01239	0.07149	0.07281	0.06816	0.43478	0.06861	0.01301	0.05327	0.07270	0.01578	0.00954	0.01176	0.00779	0.00494	0.00542	0.00148	0.06216	0.00415	0.00264	0.00712
3	0.74338	0.00967	0.00890	0.00968	0.12117	0.01096	0.00661	0.01433	0.00864	0.02091	0.00708	0.00846	0.00559	0.00447	0.00325	0.00149	0.00403	0.00286	0.00291	0.00559
4	0.01956	0.06766	0.01283	0.00923	0.01289	0.06648	0.00763	0.14534	0.03489	0.51280	0.01586	0.01456	0.01056	0.01484	0.00489	0.00146	0.00470	0.00448	0.00513	0.03420
5	0.01930	0.01124	0.12458	0.01011	0.01441	0.00851	0.04694	0.07501	0.01386	0.59879	0.01666	0.01510	0.01068	0.00569	0.00488	0.00151	0.00484	0.00470	0.00518	0.00801
6	0.01266	0.00625	0.00766	0.00686	0.00894	0.00579	0.00529	0.01514	0.06536	0.29604	0.03380	0.18131	0.12780	0.00871	0.00494	0.00154	0.00317	0.00740	0.19544	0.00589
7	0.01010	0.00598	0.00755	0.00710	0.00873	0.00563	0.00534	0.03058	0.06700	0.17397	0.25928	0.26916	0.10100	0.01063	0.00562	0.00168	0.00303	0.01715	0.00509	0.00538
8	0.01084	0.10818	0.59811	0.01438	0.07448	0.06898	0.02941	0.01551	0.01052	0.01472	0.00845	0.01004	0.00628	0.00455	0.00446	0.00146	0.00699	0.00353	0.00211	0.00698
9	0.00697	0.00508	0.00638	0.00680	0.00761	0.00486	0.00479	0.06250	0.01124	0.01511	0.17920	0.55773	0.08689	0.01327	0.00597	0.00182	0.00286	0.01187	0.00469	0.00438
10	0.00607	0.00490	0.00540	0.00532	0.00677	0.00423	0.00397	0.00761	0.01180	0.01498	0.27329	0.06569	0.54969	0.01164	0.00574	0.00161	0.00241	0.00989	0.00475	0.00423
11	0.01167	0.01198	0.07338	0.20035	0.52071	0.01158	0.01437	0.06905	0.01152	0.01609	0.00915	0.01205	0.00734	0.00456	0.00480	0.00149	0.00598	0.00427	0.00249	0.00718
12	0.01147	0.07124	0.06283	0.01928	0.02423	0.01270	0.69353	0.01544	0.01127	0.01523	0.00954	0.01257	0.00722	0.00411	0.00549	0.00159	0.00792	0.00540	0.00241	0.00654
13	0.01135	0.00598	0.00775	0.00672	0.00875	0.00530	0.00524	0.01336	0.01339	0.26360	0.44778	0.03151	0.14155	0.00902	0.00545	0.00153	0.00288	0.00775	0.00542	0.00565
14	0.00606	0.00438	0.00574	0.00659	0.00708	0.00406	0.00452	0.00715	0.01003	0.01343	0.13460	0.65923	0.07779	0.01425	0.00610	0.00189	0.00275	0.02570	0.00461	0.00404
15	0.04897	0.10431	0.61429	0.01255	0.01890	0.01203	0.01544	0.05394	0.01090	0.05270	0.00905	0.01024	0.00649	0.00468	0.00441	0.00148	0.00658	0.00354	0.00242	0.00709
16	0.01843	0.00983	0.01113	0.00900	0.01227	0.06559	0.00726	0.09559	0.13827	0.47669	0.03342	0.01624	0.01239	0.00606	0.00476	0.00147	0.00435	0.00485	0.06475	0.00763
17	0.01001	0.00861	0.01039	0.00767	0.01166	0.00689	0.02788	0.01305	0.06590	0.01636	0.06439	0.01253	0.01041	0.00426	0.00389	0.00087	0.00365	0.00355	0.00318	0.71486
18	0.57712	0.06850	0.01024	0.00783	0.01104	0.07470	0.00648	0.14173	0.01133	0.04187	0.00793	0.00878	0.00606	0.00477	0.00347	0.00144	0.00451	0.00301	0.00328	0.00592
19	0.00696	0.00522	0.00649	0.00632	0.00750	0.00495	0.00468	0.00971	0.06695	0.01777	0.54835	0.14796	0.12749	0.01069	0.00573	0.00161	0.00249	0.00941	0.00509	0.00464
20	0.01113	0.01166	0.01134	0.01030	0.01119	0.22160	0.00798	0.01225	0.00913	0.01127	0.00966	0.01538	0.00946	0.13625	0.21596	0.00371	0.27987	0.00460	0.00246	0.00479
21	0.00786	0.00599	0.00736	0.00691	0.00834	0.00600	0.00527	0.01227	0.15806	0.01940	0.62265	0.03354	0.03929	0.00942	0.00561	0.00157	0.00266	0.03742	0.00523	0.00514
22	0.00704	0.00473	0.00546	0.00546	0.00553	0.00479	0.00316	0.00716	0.00710	0.00953	0.01511	0.03081	0.01723	0.77323	0.08059	0.00492	0.00529	0.00692	0.00291	0.00304
23	0.65268	0.00997	0.00894	0.00811	0.04089	0.01122	0.00631	0.12374	0.01080	0.07721	0.00839	0.00916	0.00624	0.00478	0.00346	0.00149	0.00408	0.00309	0.00345	0.00597
24	0.00972	0.02507	0.80458	0.01381	0.02097	0.01125	0.01790	0.01535	0.01023	0.01535	0.00870	0.01023	0.00614	0.00460	0.00460	0.00153	0.00716	0.00358	0.00205	0.00716
25	0.00607	0.00429	0.00558	0.00654	0.00678	0.00404	0.00428	0.00679	0.00896	0.01195	0.02509	0.71407	0.03001	0.13043	0.00880	0.00235	0.00308	0.01282	0.00428	0.00379
26	0.00598	0.00432	0.00567	0.00673	0.00713	0.00402	0.00459	0.00691	0.00948	0.01251	0.02811	0.74195	0.08123	0.01491	0.00618	0.00196	0.00286	0.04699	0.00450	0.00397
27	0.01244	0.40261	0.17248	0.01060	0.01476	0.01473	0.06510	0.01532	0.03185	0.08342	0.04949	0.01141	0.00908	0.00517	0.00513	0.00136	0.08212	0.00376	0.00269	0.00647
28	0.00780	0.00697	0.06966	0.00848	0.01006	0.00585	0.00760	0.01041	0.03473	0.01464	0.02525	0.13922	0.07997	0.01208	0.00612	0.00201	0.00416	0.48659	0.06370	0.00469
29	0.01066	0.03494	0.01235	0.00973	0.06782	0.03856	0.04896	0.01292	0.01033	0.01549	0.00861	0.01023	0.00716	0.00374	0.00381	0.00085	0.00424	0.00313	0.00278	0.69371
30	0.01673	0.02123	0.12580	0.03460	0.01634	0.52931	0.01066	0.15873	0.01479	0.01579	0.00845	0.00960	0.00660	0.00509	0.00450	0.00134	0.00783	0.00345	0.00285	0.00631
31	0.00596	0.00492	0.00524	0.00516	0.00669	0.00419	0.00387	0.00741	0.01160	0.01442	0.20547	0.04445	0.64029	0.01178	0.00572	0.00161	0.00242	0.00992	0.00467	0.00419
32	0.01250	0.06945	0.03561	0.01835	0.32501	0.06787	0.09081	0.08348	0.03650	0.05813	0.03278	0.04979	0.08644	0.00598	0.00492	0.00147	0.00550	0.00538	0.00323	0.00680
33	0.01133	0.02256	0.68086	0.01332	0.01997	0.01075	0.03701	0.01642	0.01074	0.11749	0.01008	0.01112	0.00693	0.00477	0.00467	0.00153	0.00679	0.00381	0.00257	0.00729
34	0.00590	0.00422	0.00562	0.00675	0.00703	0.00394	0.00450	0.00675	0.00928	0.01237	0.02671	0.82653	0.03205	0.01518	0.00619	0.00197	0.00281	0.01378	0.00450	0.00394
35	0.01189	0.03024	0.40898	0.01876	0.27778	0.01122	0.04896	0.03406	0.01117	0.08699	0.00987	0.01150	0.00728	0.00463	0.00472	0.00149	0.00639	0.00404	0.00260	0.00741
36	0.01505	0.14281	0.01476	0.01112	0.02865	0.32081	0.00870	0.10430	0.23802	0.01636	0.01185	0.03203	0.00960	0.00571	0.00464	0.00139	0.02002	0.00416	0.00343	0.00658
37	0.68755	0.00983	0.00820	0.00720	0.01023	0.01135	0.00587	0.07537	0.11117	0.02223	0.00881	0.00949	0.00672	0.00487	0.00339	0.00151	0.00388	0.00313	0.00339	0.00580
38	0.01098	0.01160	0.12280	0.00858	0.01307	0.02864	0.00783	0.07651	0.02062	0.03053	0.01031	0.02046	0.02606	0.00436	0.00397	0.00097	0.00435	0.00346	0.00304	0.59185
39	0.01048	0.07455	0.01264	0.01025	0.01159	0.12289	0.02635	0.03132	0.03069	0.01229	0.01002	0.01410	0.00915	0.01961	0.35995	0.00435	0.22762	0.00444	0.00253	0.00516
40	0.03073	0.01176	0.15412	0.01207	0.11251	0.00890	0.00985	0.09170	0.01360	0.36953	0.11975	0.01684	0.01446	0.00602	0.00489	0.00150	0.00474	0.00501	0.00458	0.00743
41	0.04587	0.01326	0.05001	0.01722	0.27018	0.14196	0.07717	0.05627	0.05994	0.04173	0.01116	0.01356	0.02464	0.00504	0.00465	0.00137	0.00583	0.02758	0.00300	0.12957
42	0.00891	0.00679	0.00933	0.00863	0.00956	0.00814	0.00677	0.06305	0.00893	0.03716	0.01216	0.01809	0.01133	0.10265	0.49079	0.00567	0.15813	0.00511	0.02404	0.00477
43	0.00717	0.00487	0.00677	0.00688	0.00731	0.00525	0.00488	0.00760	0.00762	0.01051	0.01517	0.13673	0.03466	0.18276	0.33643	0.18584	0.02645	0.00668	0.00287	0.00355
44	0.01556	0.06566	0.06055	0.02488	0.08153	0.49198	0.01046	0.01723	0.01201	0.03202	0.00778	0.00960	0.00652	0.00545	0.00623	0.00142	0.13927	0.00346	0.00246	0.00593
45	0.01300	0.00967	0.01063	0.00947	0.01218	0.01079	0.00737	0.02413	0.62665	0.13041	0.02012	0.07391	0.01559	0.00709	0.00501	0.00165	0.00381	0.00597	0.00505	0.00749
46	0.00590	0.00422	0.00562	0.00675	0.00703	0.00394	0.00450	0.00675	0.00928	0.01237	0.02671	0.82653	0.03205	0.01518	0.00619	0.00197	0.00281	0.01378	0.00450	0.00394
47	0.01623	0.01943	0.01371	0.09370	0.04671	0.59801	0.00978	0.03917	0.03718	0.02074	0.00850	0.01021	0.00696	0.00647	0.04042	0.00162	0.01924	0.00352	0.00263	0.00577
48	0.00603	0.00434	0.00574	0.00682	0.00722	0.00406	0.00469	0.00699	0.00949	0.01255	0.02763	0.73809	0.06575	0.01493	0.00620	0.00197	0.00291	0.06612	0.00450	0.00398
49	0.00705	0.00470	0.00529	0.00529	0.00529	0.00470	0.00294	0.00705	0.00705	0.00940	0.01527	0.03171	0.01762	0.82969	0.02467	0.00470	0.00470	0.00705	0.00294	0.00294
50	0.02108	0.00871	0.01146	0.00885	0.01257	0.00789	0.00729	0.07667	0.04899	0.71423	0.01862	0.01623	0.01186	0.00601	0.00487	0.00150	0.00420	0.00486	0.00587	0.00822
51	0.00785	0.00660	0.00943	0.00872	0.00976	0.03774	0.06003	0.00945	0.00815	0.01133	0.01258	0.01964	0.01208	0.14390	0.57679	0.00642	0.04718	0.00537	0.00261	0.00438
52	0.86392	0.00937	0.00712	0.00637	0.00937	0.01087	0.00525	0.01425	0.00825	0.02174	0.00675	0.00787	0.00525	0.00450	0.00300	0.00150	0.00375	0.00262	0.00300	0.00525
53	0.01205	0.01041	0.01096	0.00986	0.01260	0.01205	0.00767	0.02575	0.79071	0.02027	0.01972	0.01808	0.01479	0.00657	0.00493	0.00164	0.00384	0.00548	0.00493	0.00767
54	0.00693	0.00516	0.00765	0.00765	0.00846	0.00598	0.00588	0.00856	0.00775	0.01114	0.01311	0.01976	0.01243	0.08125	0.76600	0.00761	0.01251	0.00530	0.00262	0.00425
55	0.01091	0.01046	0.01712	0.28210	0.43075	0.03071	0.04305	0.02943	0.01080	0.01467	0.01022	0.06903	0.00895	0.00528	0.00494	0.00154	0.00594	0.00500	0.00252	0.00659
56	0.01128	0.24956	0.24987	0.01476	0.01999	0.01375	0.32108	0.01503	0.01063	0.01427	0.00905	0.01189	0.00725	0.00451	0.00468	0.00145	0.00693	0.02516	0.00228	0.00657
57	0.00693	0.00516	0.00761	0.00761	0.00842	0.00596	0.00584	0.00854	0.00774	0.01112	0.01314	0.01993	0.01250	0.09214	0.75522	0.00757	0.01240	0.00532	0.00262	0.00423
58	0.00633	0.00484	0.00673	0.11014	0.01036	0.00483	0.00558	0.00753	0.00955	0.01257	0.04195	0.64970	0.08467	0.01354	0.00597	0.00189	0.00324	0.01221	0.00422	0.00415
59	0.01264	0.12271	0.39609	0.01381	0.06726	0.02337	0.10472	0.01657	0.01105	0.15328	0.01079	0.02822	0.00795	0.00493	0.00463	0.00148	0.00634	0.00418	0.00287	0.00710
60	0.01571	0.01874	0.01616	0.01672	0.18618	0.51219	0.07908	0.03218	0.01301	0.01364	0.03236	0.01076	0.00791	0.00499	0.00483	0.00135	0.02161	0.00383	0.00260	0.00616
61	0.01152	0.01100	0.01827	0.02505	0.60975	0.01070	0.05700	0.01461	0.03111	0.01584	0.01060	0.01304	0.03224	0.00452	0.00473	0.00137	0.00547	0.00443	0.00259	0.11619
62	0.08503	0.23703	0.10997	0.01255	0.08828	0.05307	0.07433	0.15795	0.01302	0.10194	0.00973	0.01062	0.00736	0.00478	0.00423	0.00135	0.00567	0.00373	0.00317	0.01617

[dist]
# distance from previous block
# <min> <max>
0	2

[block]
# block no. 2 follows, 52 sequences, length 55
# corresponding to MSA columns:
# 230-252,254-285
name=unknown_C
#
# <colnr> <probs for GDERKNQSTAVLIFYWHMCP>
#	G	D	E	R	K	N	Q	S	T	A	V	L	I	F	Y	W	H	M	C	P
0	0.01215	0.11643	0.13712	0.01941	0.32547	0.11023	0.10004	0.02946	0.01121	0.01467	0.00998	0.02721	0.02395	0.00599	0.03476	0.00165	0.00668	0.00434	0.00246	0.00678
1	0.00644	0.00468	0.00611	0.00649	0.00709	0.00464	0.00453	0.00757	0.00934	0.01265	0.12816	0.33635	0.09578	0.15281	0.19079	0.00364	0.00532	0.00973	0.00393	0.00396
2	0.00655	0.00509	0.00611	0.00625	0.00750	0.00440	0.00441	0.00770	0.00992	0.01319	0.05640	0.44403	0.22743	0.04461	0.00639	0.00179	0.00289	0.01080	0.00423	0.13031
3	0.01051	0.09389	0.60573	0.01324	0.01959	0.01202	0.05817	0.04792	0.01073	0.01560	0.00866	0.01023	0.00636	0.00462	0.00473	0.00147	0.02355	0.00363	0.00223	0.04712
4	0.00600	0.00429	0.00574	0.00686	0.00719	0.00402	0.00467	0.00692	0.00938	0.01248	0.02665	0.78572	0.03183	0.01509	0.00621	0.00198	0.00290	0.05359	0.00450	0.00396
5	0.04708	0.01186	0.01201	0.01023	0.01331	0.04645	0.00812	0.25472	0.49507	0.02309	0.01626	0.01534	0.01208	0.00620	0.00481	0.00156	0.00449	0.00493	0.00473	0.00766
6	0.01163	0.05486	0.04113	0.00804	0.01230	0.00797	0.01770	0.05435	0.02221	0.08426	0.01005	0.02390	0.00807	0.00422	0.00387	0.00092	0.00400	0.00339	0.00322	0.62392
7	0.01069	0.00709	0.00836	0.00728	0.00958	0.00681	0.00569	0.04257	0.15542	0.14525	0.27705	0.02905	0.17842	0.00853	0.00525	0.00151	0.00315	0.01906	0.00497	0.07426
8	0.01037	0.01258	0.10932	0.01691	0.02114	0.01053	0.50983	0.01417	0.01124	0.01526	0.01352	0.02284	0.01220	0.00640	0.00583	0.00177	0.00716	0.18994	0.00289	0.00610
9	0.01158	0.08435	0.01862	0.08153	0.43584	0.01141	0.10377	0.04380	0.01124	0.01589	0.01037	0.01403	0.00869	0.00485	0.00468	0.00144	0.00561	0.03284	0.09264	0.00681
10	0.01175	0.01123	0.01913	0.05953	0.74969	0.01131	0.01455	0.01463	0.01105	0.01579	0.02922	0.01265	0.00860	0.00448	0.00482	0.00145	0.00570	0.00443	0.00246	0.00751
11	0.01199	0.01151	0.01967	0.02974	0.79946	0.01151	0.01487	0.01487	0.01103	0.01583	0.00912	0.01199	0.00768	0.00432	0.00480	0.00144	0.00576	0.00432	0.00240	0.00768
12	0.00590	0.00422	0.00562	0.00675	0.00703	0.00394	0.00450	0.00675	0.00928	0.01237	0.02671	0.82653	0.03205	0.01518	0.00619	0.00197	0.00281	0.01378	0.00450	0.00394
13	0.01143	0.01282	0.02743	0.04164	0.09506	0.01215	0.69335	0.01538	0.01136	0.01547	0.00971	0.01297	0.00736	0.00413	0.00561	0.00162	0.00791	0.00556	0.00244	0.00661
14	0.01118	0.01159	0.01447	0.01252	0.01279	0.09058	0.01031	0.01229	0.00804	0.01167	0.00672	0.01074	0.00656	0.00919	0.04449	0.00225	0.71298	0.00417	0.00217	0.00530
15	0.00590	0.00422	0.00562	0.00675	0.00703	0.00394	0.00450	0.00675	0.00928	0.01237	0.02671	0.82653	0.03205	0.01518	0.00619	0.00197	0.00281	0.01378	0.00450	0.00394
16	0.01239	0.01058	0.01115	0.00993	0.01273	0.01221	0.00775	0.06580	0.75011	0.02081	0.01930	0.01774	0.01445	0.00653	0.00493	0.00163	0.00391	0.00542	0.00493	0.00770
17	0.00575	0.00488	0.00497	0.00501	0.00658	0.00409	0.00373	0.00698	0.01102	0.01317	0.06107	0.07981	0.75176	0.01236	0.00575	0.00165	0.00247	0.01035	0.00451	0.00409
18	0.00834	0.00523	0.00690	0.00642	0.00776	0.00478	0.00483	0.01046	0.01333	0.10144	0.64568	0.10510	0.04094	0.00997	0.00567	0.00156	0.00253	0.00880	0.00533	0.00490
19	0.01300	0.01088	0.01149	0.01005	0.01296	0.01250	0.00790	0.13841	0.67650	0.02180	0.01852	0.01712	0.01382	0.00646	0.00492	0.00162	0.00406	0.00531	0.00492	0.00776
20	0.00590	0.00422	0.00562	0.00675	0.00703	0.00394	0.00450	0.00675	0.00928	0.01237	0.02671	0.82653	0.03205	0.01518	0.00619	0.00197	0.00281	0.01378	0.00450	0.00394
21	0.02157	0.00853	0.01142	0.00876	0.01251	0.00754	0.00723	0.06378	0.01434	0.76199	0.01872	0.01624	0.01180	0.00599	0.00487	0.00150	0.00419	0.00485	0.00594	0.00825
22	0.01126	0.01048	0.03777	0.00921	0.01193	0.04046	0.00740	0.05396	0.55291	0.01886	0.02414	0.02263	0.16315	0.00750	0.00505	0.00162	0.00394	0.00618	0.00465	0.00692
23	0.01162	0.01304	0.09326	0.03822	0.55095	0.01164	0.17935	0.01502	0.01103	0.01567	0.00922	0.01208	0.00745	0.00430	0.00498	0.00149	0.00641	0.00455	0.00237	0.00735
24	0.01372	0.01305	0.09613	0.01237	0.08444	0.08117	0.00990	0.29264	0.09479	0.03770	0.01506	0.07355	0.01339	0.00745	0.00518	0.00163	0.00537	0.13153	0.00407	0.00687
25	0.01178	0.01129	0.01928	0.08995	0.74096	0.01146	0.01476	0.01468	0.01093	0.01557	0.00908	0.01206	0.00758	0.00436	0.00480	0.00145	0.00581	0.00432	0.00238	0.00750
26	0.00991	0.00578	0.00611	0.03582	0.00791	0.00610	0.00452	0.06210	0.08106	0.01885	0.01562	0.01746	0.01214	0.00571	0.00367	0.00121	0.00275	0.00459	0.69360	0.00507
27	0.00574	0.00485	0.00497	0.00507	0.00659	0.00408	0.00376	0.00694	0.01089	0.01303	0.04708	0.11668	0.72875	0.01253	0.00577	0.00167	0.00249	0.01055	0.00450	0.00408
28	0.01008	0.00872	0.01047	0.00748	0.01180	0.00659	0.02352	0.01228	0.01008	0.01578	0.00864	0.01012	0.00718	0.00360	0.00364	0.00074	0.00369	0.00294	0.00286	0.83978
29	0.00692	0.00519	0.00779	0.00779	0.00865	0.00606	0.00606	0.00865	0.00779	0.01125	0.01298	0.01904	0.01211	0.03634	0.81049	0.00779	0.01298	0.00519	0.00260	0.00433
30	0.03328	0.11769	0.04501	0.01147	0.05513	0.05411	0.00934	0.44870	0.03165	0.12916	0.01162	0.01166	0.00834	0.00545	0.00456	0.00140	0.00536	0.00410	0.00427	0.00772
31	0.00796	0.04299	0.07476	0.00850	0.05095	0.02070	0.00665	0.01099	0.06712	0.01674	0.38844	0.15446	0.10029	0.00969	0.00547	0.00159	0.00335	0.01976	0.00447	0.00512
32	0.00590	0.00425	0.00559	0.00666	0.00701	0.00394	0.00446	0.00676	0.00936	0.01240	0.02776	0.78986	0.06804	0.01505	0.00616	0.00195	0.00279	0.01361	0.00450	0.00394
33	0.00651	0.00504	0.00764	0.00803	0.00875	0.00474	0.06654	0.00774	0.00962	0.01281	0.02527	0.69260	0.02972	0.01414	0.00619	0.00197	0.00339	0.08077	0.00433	0.00419
34	0.01158	0.04949	0.31143	0.01778	0.20886	0.04577	0.13343	0.06818	0.04064	0.01659	0.04318	0.01244	0.00887	0.00484	0.00483	0.00149	0.00651	0.00438	0.00265	0.00707
35	0.00984	0.05620	0.77454	0.01360	0.02064	0.01156	0.01753	0.01531	0.01022	0.01519	0.00862	0.01014	0.00614	0.00459	0.00455	0.00152	0.00709	0.00354	0.00205	0.00713
36	0.00590	0.00422	0.00562	0.00675	0.00703	0.00394	0.00450	0.00675	0.00928	0.01237	0.02671	0.82653	0.03205	0.01518	0.00619	0.00197	0.00281	0.01378	0.00450	0.00394
37	0.07202	0.69324	0.10315	0.00872	0.01309	0.01779	0.00905	0.01458	0.00977	0.01252	0.00694	0.00803	0.00614	0.00422	0.00325	0.00112	0.00528	0.00269	0.00213	0.00625
38	0.00593	0.00494	0.00521	0.00526	0.00680	0.00421	0.00400	0.00729	0.01123	0.01366	0.10668	0.06230	0.68000	0.01221	0.00579	0.00167	0.00256	0.05157	0.00456	0.00415
39	0.01319	0.11314	0.01965	0.02352	0.53735	0.05734	0.04581	0.05629	0.02472	0.04958	0.00950	0.01161	0.00774	0.00451	0.00461	0.00139	0.00583	0.00414	0.00269	0.00739
40	0.01783	0.02264	0.01377	0.01249	0.01490	0.78129	0.00941	0.01907	0.01350	0.01185	0.00745	0.00881	0.00625	0.00512	0.00479	0.00128	0.03830	0.00316	0.00248	0.00561
41	0.00686	0.00495	0.00648	0.00610	0.00724	0.00457	0.00457	0.00914	0.01372	0.01943	0.79691	0.03620	0.04572	0.00991	0.00572	0.00152	0.00229	0.00876	0.00533	0.00457
42	0.00927	0.00874	0.01475	0.78433	0.06614	0.01080	0.01352	0.01249	0.00975	0.01253	0.00863	0.01288	0.00651	0.00482	0.00484	0.00161	0.00643	0.00431	0.00216	0.00548
43	0.01254	0.64137	0.03989	0.00934	0.01273	0.03447	0.00896	0.01408	0.00947	0.01155	0.00672	0.00839	0.00624	0.00500	0.00561	0.00126	0.16128	0.00294	0.00209	0.00605
44	0.00590	0.00422	0.00562	0.00675	0.00703	0.00394	0.00450	0.00675	0.00928	0.01237	0.02671	0.82653	0.03205	0.01518	0.00619	0.00197	0.00281	0.01378	0.00450	0.00394
45	0.00972	0.02507	0.80458	0.01381	0.02097	0.01125	0.01790	0.01535	0.01023	0.01535	0.00870	0.01023	0.00614	0.00460	0.00460	0.00153	0.00716	0.00358	0.00205	0.00716
46	0.01296	0.83261	0.02539	0.00829	0.01244	0.01917	0.00829	0.01451	0.00985	0.01140	0.00674	0.00777	0.00622	0.00415	0.00311	0.00104	0.00518	0.00259	0.00207	0.00622
47	0.00652	0.00480	0.00601	0.00671	0.00741	0.00452	0.00470	0.04020	0.01036	0.01360	0.05824	0.61405	0.14919	0.01407	0.00606	0.00189	0.00290	0.04005	0.00454	0.00419
48	0.00573	0.00491	0.00491	0.00491	0.00655	0.00409	0.00368	0.00695	0.01105	0.01309	0.04909	0.04664	0.79750	0.01227	0.00573	0.00164	0.00245	0.01023	0.00450	0.00409
49	0.00573	0.00491	0.00491	0.00491	0.00655	0.00409	0.00368	0.00695	0.01105	0.01309	0.04909	0.04664	0.79750	0.01227	0.00573	0.00164	0.00245	0.01023	0.00450	0.00409
50	0.00972	0.02507	0.80458	0.01381	0.02097	0.01125	0.01790	0.01535	0.01023	0.01535	0.00870	0.01023	0.00614	0.00460	0.00460	0.00153	0.00716	0.00358	0.00205	0.00716
51	0.02174	0.00825	0.01125	0.00862	0.01237	0.00712	0.00712	0.02362	0.01387	0.80282	0.01912	0.01649	0.01200	0.00600	0.00487	0.00150	0.00412	0.00487	0.00600	0.00825
52	0.00588	0.00492	0.00512	0.00507	0.00664	0.00416	0.00380	0.00725	0.01141	0.01395	0.15063	0.04522	0.69542	0.01195	0.00573	0.00162	0.00243	0.01003	0.00461	0.00416
53	0.00692	0.00519	0.00779	0.00779	0.00865	0.00606	0.00606	0.00865	0.00779	0.01125	0.01298	0.01904	0.01211	0.03634	0.81049	0.00779	0.01298	0.00519	0.00260	0.00433
54	0.05200	0.00893	0.01149	0.00884	0.01258	0.00821	0.00730	0.11420	0.01473	0.68196	0.01777	0.01560	0.01130	0.00592	0.00480	0.00149	0.00425	0.00473	0.00575	0.00814

[dist]
# distance from previous block
# <min> <max>
1	1

[block]
# block no. 3 follows, 52 sequences, length 18
# corresponding to MSA columns:
# 311-328
name=unknown_D
#
# <colnr> <probs for GDERKNQSTAVLIFYWHMCP>
#	G	D	E	R	K	N	Q	S	T	A	V	L	I	F	Y	W	H	M	C	P
0	0.00591	0.00488	0.00518	0.00518	0.00667	0.00416	0.00386	0.00728	0.01137	0.01402	0.16164	0.08155	0.64748	0.01205	0.00575	0.00163	0.00245	0.01017	0.00463	0.00416
1	0.00590	0.00492	0.00515	0.00509	0.00665	0.00416	0.00382	0.00729	0.01145	0.01405	0.16269	0.04505	0.68330	0.01191	0.00573	0.00162	0.00243	0.01001	0.00463	0.00416
2	0.01219	0.01180	0.01440	0.01213	0.01320	0.08701	0.03311	0.12949	0.01099	0.01532	0.07448	0.01284	0.01001	0.00774	0.01199	0.00187	0.52823	0.00459	0.00285	0.00575
3	0.86392	0.00937	0.00712	0.00637	0.00937	0.01087	0.00525	0.01425	0.00825	0.02174	0.00675	0.00787	0.00525	0.00450	0.00300	0.00150	0.00375	0.00262	0.00300	0.00525
4	0.01165	0.01357	0.13890	0.02732	0.68120	0.01147	0.01533	0.01494	0.01091	0.01576	0.00905	0.01173	0.00744	0.00436	0.00477	0.00145	0.00597	0.00421	0.00235	0.00760
5	0.00607	0.00433	0.00581	0.00693	0.00728	0.00408	0.00478	0.00703	0.00944	0.01255	0.02662	0.76100	0.03170	0.01503	0.00623	0.00199	0.00295	0.07771	0.00450	0.00398
6	0.01214	0.71828	0.02262	0.00788	0.01145	0.01718	0.00755	0.01348	0.00946	0.01112	0.00792	0.01108	0.00779	0.11814	0.00609	0.00154	0.00512	0.00321	0.00219	0.00577
7	0.01110	0.01243	0.02655	0.08764	0.02529	0.01201	0.68010	0.01496	0.01114	0.01509	0.00999	0.03116	0.00780	0.00451	0.00591	0.00165	0.02810	0.00574	0.00246	0.00635
8	0.01228	0.01494	0.12235	0.07224	0.42491	0.12184	0.13093	0.01550	0.01128	0.01496	0.00891	0.01153	0.00715	0.00445	0.00486	0.00147	0.00676	0.00427	0.00236	0.00701
9	0.01623	0.01770	0.01256	0.01149	0.03593	0.48660	0.00856	0.13482	0.08745	0.01641	0.01040	0.01137	0.00820	0.00533	0.00438	0.00131	0.00683	0.00375	0.11457	0.00612
10	0.01465	0.13661	0.01706	0.16245	0.12053	0.01412	0.03253	0.38615	0.01629	0.02168	0.01004	0.01150	0.00759	0.00514	0.00457	0.00142	0.00559	0.00412	0.02078	0.00721
11	0.00914	0.00898	0.01713	0.11842	0.01858	0.00892	0.34646	0.01203	0.01053	0.01434	0.08141	0.03448	0.08642	0.04717	0.12861	0.00268	0.00717	0.00629	0.03587	0.00537
12	0.00602	0.00430	0.00572	0.00667	0.00705	0.00401	0.00451	0.00703	0.00980	0.01320	0.11694	0.73394	0.03365	0.01456	0.00613	0.00192	0.00275	0.01319	0.00460	0.00401
13	0.00972	0.02507	0.80458	0.01381	0.02097	0.01125	0.01790	0.01535	0.01023	0.01535	0.00870	0.01023	0.00614	0.00460	0.00460	0.00153	0.00716	0.00358	0.00205	0.00716
14	0.00665	0.00490	0.00621	0.00598	0.00713	0.00447	0.00445	0.00870	0.01308	0.01814	0.64797	0.08612	0.14709	0.01055	0.00575	0.00157	0.00234	0.00927	0.00517	0.00447
15	0.01280	0.79270	0.06390	0.00856	0.01286	0.01878	0.00877	0.01455	0.00987	0.01160	0.00683	0.00790	0.00621	0.00417	0.00318	0.00106	0.00528	0.00264	0.00207	0.00627
16	0.00831	0.00580	0.00790	0.00752	0.00855	0.00638	0.00572	0.08427	0.00982	0.01383	0.11462	0.02037	0.01578	0.05699	0.46160	0.13542	0.00899	0.00549	0.01827	0.00435
17	0.01945	0.00876	0.01118	0.00892	0.01243	0.00829	0.00725	0.02412	0.19783	0.61751	0.01926	0.01687	0.01266	0.00613	0.00489	0.00153	0.00406	0.00502	0.00575	0.00811

[dist]
# distance from previous block
# <min> <max>
0	1

[block]
# block no. 4 follows, 52 sequences, length 56
# corresponding to MSA columns:
# 330-381,410-413
name=unknown_E
#
# <colnr> <probs for GDERKNQSTAVLIFYWHMCP>
#	G	D	E	R	K	N	Q	S	T	A	V	L	I	F	Y	W	H	M	C	P
0	0.00657	0.00553	0.00799	0.00750	0.00888	0.00498	0.08885	0.00810	0.01074	0.01392	0.13641	0.35556	0.30217	0.01223	0.00591	0.00175	0.00320	0.01097	0.00439	0.00436
1	0.79106	0.00927	0.00748	0.00657	0.00963	0.01055	0.00541	0.01506	0.00873	0.08932	0.00782	0.00862	0.00583	0.00463	0.00316	0.00150	0.00378	0.00282	0.00326	0.00551
2	0.00920	0.00861	0.01432	0.77854	0.03231	0.01056	0.01308	0.01237	0.00971	0.01255	0.00861	0.01278	0.00649	0.00478	0.00478	0.00157	0.00632	0.00424	0.00219	0.04699
3	0.01296	0.83261	0.02539	0.00829	0.01244	0.01917	0.00829	0.01451	0.00985	0.01140	0.00674	0.00777	0.00622	0.00415	0.00311	0.00104	0.00518	0.00259	0.00207	0.00622
4	0.00865	0.00590	0.00686	0.00631	0.00812	0.00548	0.00483	0.01170	0.09699	0.10617	0.31669	0.03628	0.34738	0.01007	0.00554	0.00158	0.00273	0.00857	0.00502	0.00513
5	0.05128	0.00976	0.01615	0.47843	0.07850	0.01079	0.12799	0.05114	0.01066	0.01480	0.00889	0.01226	0.00678	0.00459	0.00475	0.00150	0.00617	0.00429	0.00247	0.09882
6	0.01072	0.03983	0.03838	0.00845	0.03251	0.00774	0.00671	0.01438	0.11525	0.06450	0.01277	0.10452	0.01128	0.00554	0.00419	0.00109	0.00381	0.00464	0.00346	0.51023
7	0.39339	0.04779	0.24341	0.00989	0.03018	0.04958	0.00988	0.05850	0.01056	0.09380	0.00886	0.00972	0.00646	0.00475	0.00386	0.00148	0.00521	0.00327	0.00303	0.00637
8	0.01278	0.56534	0.09091	0.00951	0.01342	0.12186	0.02313	0.01472	0.01024	0.01187	0.00762	0.00922	0.00676	0.00718	0.07584	0.00172	0.00658	0.00304	0.00218	0.00606
9	0.01080	0.00724	0.00830	0.00761	0.00974	0.00731	0.00583	0.01635	0.27259	0.15540	0.09576	0.15101	0.21314	0.00950	0.00538	0.00166	0.00325	0.00811	0.00498	0.00604
10	0.40264	0.07551	0.01288	0.01025	0.05145	0.08202	0.07418	0.08406	0.04682	0.10477	0.00956	0.01033	0.00714	0.00484	0.00391	0.00145	0.00497	0.00354	0.00338	0.00629
11	0.03713	0.05082	0.06341	0.01107	0.08162	0.04823	0.02455	0.12068	0.09681	0.17503	0.18297	0.01909	0.03957	0.00664	0.00511	0.00149	0.01916	0.00547	0.00439	0.00676
12	0.00656	0.00503	0.00578	0.00576	0.00721	0.00443	0.00443	0.00819	0.01183	0.02967	0.26124	0.06459	0.47093	0.01166	0.00581	0.00167	0.00264	0.08347	0.00476	0.00434
13	0.01189	0.00632	0.00798	0.00692	0.00911	0.00567	0.00546	0.02771	0.02816	0.27883	0.32133	0.03169	0.19975	0.00909	0.00543	0.00156	0.00308	0.02886	0.00533	0.00581
14	0.02928	0.18756	0.24367	0.01273	0.03901	0.19405	0.06927	0.12577	0.02694	0.01615	0.00870	0.00995	0.00675	0.00476	0.00434	0.00136	0.00676	0.00358	0.00266	0.00671
15	0.01027	0.00922	0.04822	0.00848	0.01091	0.00941	0.00687	0.01951	0.48668	0.01869	0.11022	0.02303	0.09763	0.02924	0.00546	0.00165	0.00355	0.00619	0.08826	0.00649
16	0.00595	0.00427	0.00573	0.00680	0.00711	0.00404	0.00458	0.00684	0.00920	0.01232	0.02603	0.78667	0.03107	0.01623	0.04588	0.00226	0.00331	0.01335	0.00440	0.00396
17	0.01523	0.02949	0.09526	0.01462	0.04207	0.01078	0.31126	0.07240	0.06296	0.27506	0.01343	0.01400	0.00929	0.00505	0.00514	0.00155	0.00613	0.00502	0.00389	0.00738
18	0.01485	0.22677	0.21809	0.01114	0.01588	0.03619	0.08069	0.02876	0.05014	0.25372	0.01200	0.01212	0.00851	0.00499	0.00441	0.00140	0.00568	0.00400	0.00348	0.00718
19	0.00842	0.00421	0.00631	0.00631	0.00631	0.00421	0.00421	0.00631	0.00631	0.00842	0.00842	0.01473	0.00842	0.01684	0.01894	0.85901	0.00421	0.00421	0.00210	0.00210
20	0.25575	0.00686	0.00603	0.00581	0.00748	0.04607	0.00444	0.01192	0.01010	0.01848	0.09877	0.08659	0.01537	0.00657	0.00382	0.00136	0.00306	0.00517	0.40163	0.00474
21	0.02756	0.24126	0.17432	0.02952	0.11624	0.14415	0.11041	0.07502	0.01188	0.01501	0.00835	0.01002	0.00668	0.00454	0.00432	0.00135	0.00662	0.00366	0.00246	0.00665
22	0.01860	0.01131	0.03036	0.01004	0.01378	0.01145	0.00837	0.36205	0.12976	0.32853	0.01564	0.01442	0.01060	0.00597	0.00486	0.00150	0.00469	0.00470	0.00524	0.00814
23	0.00903	0.00452	0.00452	0.00452	0.00565	0.00452	0.00339	0.01129	0.01016	0.01807	0.01581	0.01807	0.01242	0.00565	0.00339	0.00113	0.00226	0.00452	0.85659	0.00452
24	0.02574	0.26051	0.47664	0.01184	0.01763	0.04774	0.01393	0.06670	0.01108	0.01517	0.00824	0.00950	0.00629	0.00457	0.00415	0.00137	0.00647	0.00331	0.00228	0.00686
25	0.11986	0.04167	0.01224	0.00987	0.03473	0.02897	0.00780	0.19044	0.19828	0.28319	0.01510	0.01412	0.01054	0.00577	0.00457	0.00150	0.00447	0.00449	0.00480	0.00760
26	0.00693	0.00494	0.00615	0.00593	0.00714	0.00455	0.00450	0.00906	0.01290	0.01817	0.58490	0.03702	0.14954	0.01005	0.00556	0.00154	0.00241	0.04539	0.07883	0.00449
27	0.00788	0.00569	0.00703	0.00744	0.00829	0.00568	0.00524	0.12913	0.01141	0.01523	0.02433	0.69810	0.02830	0.01371	0.00597	0.00189	0.00321	0.01229	0.00455	0.00461
28	0.01797	0.01323	0.04227	0.01136	0.05275	0.13047	0.00896	0.30062	0.06633	0.25907	0.03836	0.01382	0.01057	0.00581	0.00481	0.00145	0.00537	0.00451	0.00464	0.00763
29	0.03394	0.00671	0.00709	0.00624	0.00817	0.00696	0.00490	0.13729	0.04994	0.08839	0.01538	0.01663	0.01164	0.00572	0.00382	0.00125	0.00303	0.00452	0.58278	0.00561
30	0.00620	0.00485	0.00561	0.00559	0.00688	0.00426	0.00413	0.00780	0.01191	0.01553	0.34325	0.13072	0.41264	0.01166	0.00577	0.00163	0.00243	0.01005	0.00483	0.00426
31	0.01095	0.25408	0.45368	0.01360	0.04250	0.01366	0.11784	0.01512	0.01031	0.01426	0.00830	0.00996	0.00637	0.00439	0.00433	0.00140	0.00669	0.00361	0.00212	0.00682
32	0.03212	0.02384	0.14994	0.08239	0.07112	0.06277	0.14485	0.07288	0.16956	0.05487	0.01309	0.01652	0.01043	0.00580	0.00503	0.00160	0.00601	0.06701	0.00337	0.00679
33	0.01123	0.01258	0.02635	0.05784	0.02428	0.01248	0.65710	0.01493	0.01090	0.01493	0.00935	0.01278	0.00720	0.00462	0.00684	0.00169	0.10067	0.00548	0.00240	0.00634
34	0.00617	0.00496	0.00552	0.00548	0.00694	0.00431	0.00417	0.00776	0.01182	0.01500	0.26409	0.04406	0.53731	0.01165	0.00578	0.00164	0.00252	0.05183	0.00474	0.00425
35	0.01125	0.01211	0.08256	0.03700	0.06677	0.07997	0.11406	0.08829	0.11339	0.01668	0.09129	0.06231	0.05951	0.00767	0.02071	0.00175	0.10504	0.02002	0.00347	0.00616
36	0.01032	0.05001	0.03873	0.48380	0.07300	0.07393	0.04081	0.01392	0.06142	0.01316	0.01017	0.01348	0.02053	0.00712	0.05809	0.00196	0.01697	0.00440	0.00245	0.00574
37	0.02174	0.00825	0.01125	0.00862	0.01237	0.00712	0.00712	0.02362	0.01387	0.80282	0.01912	0.01649	0.01200	0.00600	0.00487	0.00150	0.00412	0.00487	0.00600	0.00825
38	0.01810	0.02310	0.01373	0.01248	0.01498	0.81024	0.00936	0.01935	0.01373	0.01186	0.00749	0.00874	0.00624	0.00499	0.00437	0.00125	0.00874	0.00312	0.00250	0.00562
39	0.01457	0.01099	0.01185	0.06418	0.03718	0.12185	0.00831	0.16162	0.05100	0.18397	0.06894	0.07184	0.04725	0.00799	0.02475	0.00173	0.07601	0.02529	0.00421	0.00648
40	0.01061	0.04438	0.58929	0.01351	0.01937	0.02670	0.05425	0.01579	0.04765	0.03871	0.00929	0.01088	0.00682	0.00509	0.00575	0.00158	0.08719	0.00385	0.00234	0.00695
41	0.01199	0.01151	0.01967	0.02974	0.79946	0.01151	0.01487	0.01487	0.01103	0.01583	0.00912	0.01199	0.00768	0.00432	0.00480	0.00144	0.00576	0.00432	0.00240	0.00768
42	0.01404	0.01499	0.01884	0.03722	0.01858	0.27250	0.31826	0.04725	0.01288	0.06928	0.09241	0.01418	0.01133	0.00535	0.00547	0.00149	0.03171	0.00499	0.00309	0.00615
43	0.01140	0.05017	0.01822	0.25503	0.37019	0.03524	0.09145	0.01431	0.01088	0.04177	0.03208	0.01362	0.02461	0.00484	0.00486	0.00149	0.00605	0.00460	0.00257	0.00662
44	0.06543	0.00945	0.01242	0.13649	0.02630	0.02452	0.03162	0.12900	0.01362	0.37191	0.05166	0.01513	0.01125	0.00591	0.00531	0.00153	0.04504	0.00471	0.03164	0.00708
45	0.00814	0.00611	0.00702	0.00708	0.00852	0.00609	0.00520	0.01223	0.19328	0.05324	0.06004	0.34021	0.23777	0.01169	0.00569	0.00177	0.00303	0.02310	0.00470	0.00510
46	0.01179	0.01026	0.01631	0.10992	0.29433	0.03103	0.10649	0.05023	0.03449	0.07597	0.01218	0.04408	0.02606	0.03440	0.07767	0.00221	0.04791	0.00517	0.00299	0.00651
47	0.01128	0.01177	0.01469	0.09168	0.01499	0.10104	0.01075	0.01257	0.00833	0.01175	0.00671	0.01063	0.00636	0.00775	0.01356	0.00198	0.65254	0.00413	0.00216	0.00534
48	0.01186	0.01143	0.01989	0.13302	0.55808	0.01168	0.11372	0.05255	0.01149	0.01606	0.00926	0.01224	0.00750	0.00443	0.00493	0.00149	0.00614	0.00450	0.00249	0.00725
49	0.01249	0.14299	0.41995	0.01286	0.01836	0.06850	0.08832	0.05650	0.02639	0.08141	0.00962	0.01079	0.00705	0.00480	0.00470	0.00145	0.02039	0.00380	0.00266	0.00698
50	0.03838	0.02679	0.09147	0.18607	0.10880	0.03288	0.04696	0.01711	0.06826	0.21620	0.01242	0.01453	0.00923	0.00572	0.00584	0.00160	0.08023	0.02728	0.00347	0.00676
51	0.00599	0.00484	0.00533	0.00538	0.00675	0.00418	0.00397	0.00740	0.01141	0.01436	0.20656	0.13776	0.54488	0.01211	0.00578	0.00165	0.00246	0.01034	0.00468	0.00418
52	0.01090	0.18783	0.41989	0.01486	0.04342	0.01315	0.21372	0.01521	0.01049	0.01459	0.00859	0.01051	0.00652	0.00437	0.00459	0.00145	0.00697	0.00395	0.00217	0.00682
53	0.01108	0.01357	0.11828	0.13351	0.04603	0.04984	0.36927	0.01603	0.10587	0.01522	0.01108	0.01462	0.00873	0.02631	0.00593	0.00170	0.01848	0.02531	0.00272	0.00641
54	0.01099	0.22205	0.50960	0.01364	0.06870	0.01337	0.04396	0.03819	0.01061	0.01487	0.00837	0.00989	0.00637	0.00449	0.00430	0.00141	0.00657	0.00349	0.00217	0.00697
55	0.00603	0.00491	0.00550	0.00576	0.01905	0.00426	0.00412	0.00739	0.01120	0.01403	0.16366	0.16340	0.54925	0.01222	0.00578	0.00167	0.00253	0.01044	0.00460	0.00420

[dist]
# distance from previous block
# <min> <max>
1	4

[block]
# block no. 5 follows, 52 sequences, length 6
# corresponding to MSA columns:
# 419,423-427
name=unknown_F
#
# <colnr> <probs for GDERKNQSTAVLIFYWHMCP>
#	G	D	E	R	K	N	Q	S	T	A	V	L	I	F	Y	W	H	M	C	P
0	0.01433	0.01616	0.07942	0.05890	0.13717	0.34773	0.01024	0.05799	0.01243	0.06620	0.01096	0.07669	0.00968	0.03441	0.04499	0.00184	0.00713	0.00468	0.00296	0.00609
1	0.00855	0.00836	0.00836	0.00783	0.00955	0.13045	0.04861	0.01056	0.03754	0.01432	0.15505	0.12318	0.33784	0.01053	0.00561	0.00164	0.00397	0.06915	0.00422	0.00467
2	0.01082	0.01014	0.01713	0.13256	0.57315	0.01056	0.01331	0.01357	0.01035	0.01465	0.00965	0.01321	0.00820	0.00937	0.13020	0.00245	0.00698	0.00445	0.00240	0.00685
3	0.01074	0.01004	0.01673	0.02449	0.61781	0.01012	0.01267	0.01332	0.01053	0.01492	0.01267	0.01565	0.06672	0.00989	0.13026	0.00244	0.00664	0.00489	0.00258	0.00689
4	0.01403	0.01231	0.01171	0.01060	0.03720	0.15542	0.00803	0.18349	0.28203	0.05843	0.10394	0.04960	0.01604	0.00694	0.00499	0.00153	0.00492	0.02744	0.00446	0.00686
5	0.00592	0.00448	0.00536	0.00604	0.00676	0.00404	0.00413	0.00684	0.00972	0.01242	0.03342	0.51609	0.28573	0.06651	0.00722	0.00203	0.00281	0.01216	0.00440	0.00392

[dist]
# distance from previous block
# <min> <max>
18	48

[block]
# block no. 6 follows, 52 sequences, length 9
# corresponding to MSA columns:
# 479-487
name=unknown_G
#
# <colnr> <probs for GDERKNQSTAVLIFYWHMCP>
#	G	D	E	R	K	N	Q	S	T	A	V	L	I	F	Y	W	H	M	C	P
0	0.07807	0.01176	0.06616	0.08743	0.11447	0.09426	0.11060	0.07081	0.04338	0.01570	0.02397	0.03121	0.03675	0.12223	0.00764	0.00196	0.00578	0.03612	0.00303	0.03868
1	0.01109	0.00965	0.01545	0.10600	0.46288	0.00967	0.01170	0.03636	0.01144	0.04670	0.09713	0.07989	0.01381	0.00592	0.00494	0.00147	0.00500	0.00549	0.00311	0.06231
2	0.18244	0.00904	0.01074	0.06434	0.11679	0.00968	0.00787	0.14897	0.07500	0.04002	0.12917	0.04928	0.07972	0.00710	0.00478	0.00155	0.00417	0.03758	0.00400	0.01776
3	0.06792	0.01221	0.06072	0.13493	0.45979	0.08425	0.01287	0.01427	0.01072	0.01507	0.01012	0.07656	0.00907	0.00535	0.00475	0.00150	0.00584	0.00481	0.00256	0.00668
4	0.25849	0.00918	0.01013	0.07474	0.09471	0.04728	0.00755	0.03598	0.05807	0.01700	0.02993	0.05759	0.03847	0.00688	0.00581	0.04989	0.05751	0.02606	0.05497	0.05976
5	0.03002	0.00710	0.00936	0.07388	0.09464	0.00696	0.02028	0.03056	0.05905	0.02762	0.08624	0.09238	0.20892	0.00882	0.00520	0.00157	0.00376	0.08938	0.05950	0.08476
6	0.03439	0.01162	0.05984	0.40882	0.12121	0.07511	0.04308	0.05518	0.01106	0.06653	0.00930	0.01221	0.00703	0.00510	0.00550	0.00157	0.05943	0.00422	0.00263	0.00616
7	0.26870	0.03543	0.01086	0.12591	0.01435	0.13169	0.00770	0.09996	0.03026	0.01819	0.07815	0.05300	0.01129	0.00589	0.00452	0.00146	0.02731	0.00439	0.01796	0.05297
8	0.17731	0.08350	0.01335	0.03357	0.01355	0.01340	0.00823	0.32341	0.11941	0.08851	0.01150	0.01181	0.00849	0.00571	0.00519	0.00151	0.06632	0.00406	0.00407	0.00711

[dist]
# distance from previous block
# <min> <max>
0	1

[block]
# block no. 7 follows, 52 sequences, length 6
# corresponding to MSA columns:
# 489-494
name=unknown_H
#
# <colnr> <probs for GDERKNQSTAVLIFYWHMCP>
#	G	D	E	R	K	N	Q	S	T	A	V	L	I	F	Y	W	H	M	C	P
0	0.42443	0.01042	0.06946	0.00891	0.04762	0.01007	0.00730	0.07655	0.02888	0.10761	0.01197	0.05812	0.03926	0.00579	0.00428	0.00150	0.02610	0.00422	0.00354	0.05396
1	0.01203	0.00923	0.01261	0.09053	0.21441	0.00945	0.00917	0.14926	0.05719	0.07235	0.07270	0.07369	0.05223	0.00649	0.00483	0.00145	0.00447	0.00561	0.06841	0.07390
2	0.07405	0.00813	0.00958	0.00934	0.06514	0.00855	0.00653	0.13079	0.09485	0.06658	0.06064	0.09556	0.04672	0.19504	0.00986	0.00229	0.03525	0.03205	0.00396	0.04507
3	0.08252	0.00855	0.00908	0.09419	0.01163	0.10872	0.00669	0.01138	0.07386	0.01226	0.01318	0.07540	0.06521	0.01108	0.01097	0.32653	0.06658	0.00519	0.00282	0.00415
4	0.06073	0.08189	0.04480	0.01364	0.15974	0.08396	0.09489	0.02721	0.02603	0.07891	0.01212	0.08660	0.01077	0.05402	0.00590	0.00160	0.01872	0.00508	0.06774	0.06566
5	0.01098	0.00912	0.01244	0.06971	0.16707	0.03899	0.05196	0.07857	0.06668	0.05476	0.06868	0.12780	0.01558	0.12002	0.00773	0.00193	0.00482	0.00631	0.00356	0.08328

[dist]
# distance from previous block
# <min> <max>
0	93

# created by:
# /st0/software/busco_prod/Augustus/scripts/msa2prfl.pl ./align_prep/127380.fa
