[name]
unknown

[dist]
# distance from previous block
# <min> <max>
0	31

[block]
# block no. 0 follows, 54 sequences, length 31
# corresponding to MSA columns:
# 119-141,144-151
name=unknown_A
#
# <colnr> <probs for GDERKNQSTAVLIFYWHMCP>
#	G	D	E	R	K	N	Q	S	T	A	V	L	I	F	Y	W	H	M	C	P
0	0.10583	0.00891	0.01022	0.00957	0.05766	0.03081	0.00723	0.11775	0.13140	0.18767	0.08799	0.04090	0.02380	0.00708	0.00480	0.00154	0.00408	0.10401	0.02076	0.03800
1	0.03337	0.08330	0.07068	0.02351	0.02248	0.04911	0.00753	0.13949	0.07785	0.09540	0.07721	0.13500	0.09845	0.00777	0.00483	0.00149	0.00427	0.02666	0.00402	0.03757
2	0.08352	0.11905	0.04212	0.00931	0.01252	0.05960	0.00789	0.33695	0.08543	0.03635	0.08152	0.04689	0.01235	0.02631	0.00490	0.00147	0.00475	0.00468	0.00397	0.02042
3	0.00776	0.00486	0.00729	0.03772	0.04021	0.00518	0.00528	0.00744	0.00700	0.00961	0.01051	0.03677	0.01045	0.08869	0.25089	0.45330	0.00674	0.00484	0.00233	0.00313
4	0.01149	0.28725	0.40000	0.01174	0.01707	0.04847	0.06678	0.04637	0.01062	0.03190	0.00852	0.02435	0.00675	0.00458	0.00411	0.00133	0.00626	0.00353	0.00229	0.00657
5	0.07172	0.50239	0.14095	0.00903	0.01303	0.01531	0.00923	0.01481	0.04005	0.05708	0.03270	0.00981	0.00781	0.00474	0.00423	0.00124	0.05403	0.00318	0.00250	0.00619
6	0.00580	0.00421	0.00548	0.00644	0.00686	0.00389	0.00437	0.00672	0.00935	0.01237	0.05521	0.72492	0.09453	0.01433	0.00597	0.00188	0.00272	0.02667	0.00441	0.00387
7	0.04403	0.00853	0.01361	0.73316	0.03012	0.01057	0.01238	0.01303	0.06411	0.01295	0.00906	0.01272	0.00680	0.00482	0.00465	0.00157	0.00600	0.00420	0.00232	0.00539
8	0.01108	0.01060	0.01807	0.19933	0.63913	0.01105	0.01418	0.01395	0.01046	0.01468	0.00876	0.01186	0.00721	0.00431	0.00468	0.00144	0.00575	0.00420	0.00228	0.00699
9	0.01102	0.01221	0.02574	0.04258	0.12090	0.01169	0.64350	0.01472	0.01093	0.01494	0.00967	0.02759	0.00760	0.00429	0.00560	0.00158	0.02115	0.00548	0.00240	0.00640
10	0.02098	0.00831	0.01112	0.00852	0.01218	0.00735	0.00704	0.06452	0.01397	0.76594	0.01821	0.01579	0.01147	0.00583	0.00474	0.00146	0.00408	0.00471	0.00578	0.00802
11	0.00902	0.00985	0.08048	0.72912	0.03121	0.01056	0.03932	0.01239	0.00953	0.01239	0.00843	0.01236	0.00629	0.00467	0.00472	0.00157	0.00640	0.00418	0.00210	0.00542
12	0.01069	0.01013	0.01606	0.18943	0.03828	0.01199	0.15722	0.09582	0.03945	0.01471	0.01044	0.04054	0.02169	0.00711	0.02203	0.00185	0.27438	0.02969	0.00272	0.00575
13	0.00580	0.00415	0.00556	0.00658	0.00689	0.00391	0.00443	0.00668	0.00909	0.01218	0.04518	0.78559	0.03091	0.01529	0.03143	0.00208	0.00303	0.01302	0.00434	0.00386
14	0.00946	0.02439	0.80987	0.01344	0.02041	0.01095	0.01742	0.01493	0.00995	0.01493	0.00846	0.00995	0.00597	0.00448	0.00448	0.00149	0.00697	0.00348	0.00199	0.00697
15	0.01651	0.02105	0.07903	0.01186	0.01474	0.64193	0.00957	0.07211	0.04244	0.01355	0.00832	0.00939	0.00667	0.00496	0.00430	0.00126	0.00780	0.00328	0.02543	0.00581
16	0.01075	0.29119	0.53383	0.01156	0.01749	0.01339	0.01411	0.01485	0.00991	0.03148	0.00806	0.00931	0.00613	0.00436	0.00401	0.00133	0.00627	0.00320	0.00209	0.00669
17	0.00560	0.00474	0.00484	0.00489	0.00641	0.00398	0.00364	0.00679	0.01070	0.01281	0.06039	0.08780	0.74725	0.01205	0.00560	0.00161	0.00240	0.01011	0.00439	0.00398
18	0.01305	0.76891	0.02383	0.00830	0.01231	0.01832	0.00814	0.07829	0.01062	0.01264	0.00695	0.00787	0.00621	0.00417	0.00317	0.00104	0.00505	0.00266	0.00224	0.00621
19	0.01181	0.00788	0.06460	0.00834	0.01067	0.00657	0.03115	0.08367	0.01209	0.24116	0.07188	0.30877	0.06351	0.00977	0.00539	0.00167	0.00381	0.04684	0.00465	0.00578
20	0.01172	0.01138	0.01852	0.02762	0.74860	0.03847	0.01403	0.01445	0.01083	0.01522	0.00941	0.01309	0.00815	0.00455	0.00472	0.00142	0.00565	0.03248	0.00241	0.00729
21	0.00574	0.00410	0.00547	0.00657	0.00684	0.00383	0.00438	0.00657	0.00903	0.01204	0.02599	0.83122	0.03119	0.01477	0.00602	0.00191	0.00274	0.01340	0.00438	0.00383
22	0.00745	0.03383	0.00715	0.00624	0.00762	0.06125	0.00475	0.00940	0.01278	0.01708	0.59208	0.03417	0.16963	0.00951	0.00539	0.00147	0.00278	0.00819	0.00475	0.00449
23	0.04499	0.06647	0.01186	0.00852	0.01186	0.00925	0.00700	0.15976	0.04592	0.48861	0.01578	0.01563	0.01098	0.07425	0.00616	0.00168	0.00432	0.00463	0.00499	0.00734
24	0.00669	0.00452	0.00528	0.00545	0.00552	0.00451	0.00320	0.00687	0.00721	0.00964	0.01644	0.15027	0.01904	0.68121	0.05136	0.00429	0.00460	0.00777	0.00307	0.00305
25	0.01758	0.01395	0.01373	0.01077	0.01430	0.10490	0.00879	0.67539	0.02075	0.02724	0.01100	0.01122	0.00794	0.00556	0.00462	0.00138	0.00546	0.00411	0.03370	0.00761
26	0.01216	0.01214	0.01866	0.02755	0.73945	0.07779	0.01403	0.01483	0.01095	0.01508	0.00874	0.01141	0.00735	0.00426	0.00463	0.00138	0.00584	0.00410	0.00234	0.00730
27	0.00705	0.00463	0.00583	0.00627	0.00718	0.00416	0.00442	0.00814	0.01009	0.07860	0.08583	0.53152	0.20259	0.01303	0.00578	0.00177	0.00273	0.01157	0.00456	0.00425
28	0.58434	0.00869	0.00742	0.00647	0.00917	0.00981	0.00527	0.10535	0.01019	0.04240	0.00909	0.01017	0.00693	0.00478	0.00325	0.00139	0.00357	0.00316	0.16317	0.00540
29	0.01320	0.00848	0.01026	0.00951	0.06595	0.00856	0.00701	0.16668	0.13666	0.20268	0.14629	0.02385	0.14612	0.00756	0.00505	0.00151	0.00377	0.02546	0.00483	0.00657
30	0.49475	0.01196	0.00941	0.00885	0.03740	0.17571	0.00680	0.06462	0.04586	0.03516	0.00919	0.01199	0.00765	0.00527	0.00374	0.00146	0.00487	0.05659	0.00316	0.00556

[dist]
# distance from previous block
# <min> <max>
2	10

[block]
# block no. 1 follows, 54 sequences, length 8
# corresponding to MSA columns:
# 170-177
name=unknown_B
#
# <colnr> <probs for GDERKNQSTAVLIFYWHMCP>
#	G	D	E	R	K	N	Q	S	T	A	V	L	I	F	Y	W	H	M	C	P
0	0.05564	0.07006	0.04969	0.01063	0.01409	0.12649	0.00901	0.44339	0.05522	0.06362	0.01059	0.01094	0.00779	0.00550	0.00498	0.00141	0.04591	0.00392	0.00394	0.00718
1	0.18861	0.06249	0.01207	0.13756	0.01514	0.01113	0.00801	0.20152	0.08004	0.16204	0.03459	0.01255	0.00925	0.00527	0.00423	0.00142	0.00455	0.00403	0.00391	0.04158
2	0.01249	0.41164	0.19646	0.00947	0.01385	0.01444	0.00987	0.13688	0.01205	0.04849	0.04588	0.01216	0.04778	0.00511	0.00393	0.00125	0.00520	0.00374	0.00286	0.00648
3	0.03668	0.01396	0.16289	0.01190	0.06823	0.03347	0.01020	0.24300	0.28454	0.06582	0.01350	0.01334	0.00987	0.00555	0.00464	0.00149	0.00503	0.00442	0.00402	0.00745
4	0.01197	0.14197	0.12505	0.00938	0.01277	0.01045	0.04694	0.16821	0.03386	0.09338	0.23438	0.01991	0.03598	0.00666	0.00477	0.00142	0.00448	0.02814	0.00401	0.00626
5	0.01115	0.00942	0.01162	0.00842	0.01258	0.00797	0.05598	0.13525	0.01183	0.01762	0.00892	0.01021	0.00716	0.00387	0.00382	0.00087	0.00404	0.00320	0.00307	0.67301
6	0.00819	0.00472	0.00634	0.00685	0.00766	0.00432	0.00478	0.00917	0.00974	0.13819	0.02482	0.70205	0.02809	0.01336	0.00582	0.00184	0.00294	0.01203	0.00461	0.00449
7	0.00572	0.00420	0.00537	0.00631	0.00677	0.00385	0.00426	0.00659	0.00927	0.01214	0.02907	0.71993	0.14048	0.01437	0.00596	0.00187	0.00269	0.01292	0.00438	0.00385

[dist]
# distance from previous block
# <min> <max>
3	6

[block]
# block no. 2 follows, 54 sequences, length 28
# corresponding to MSA columns:
# 184-199,222-233
name=unknown_C
#
# <colnr> <probs for GDERKNQSTAVLIFYWHMCP>
#	G	D	E	R	K	N	Q	S	T	A	V	L	I	F	Y	W	H	M	C	P
0	0.00877	0.03863	0.00890	0.02725	0.02893	0.00737	0.00616	0.05805	0.16214	0.01859	0.45229	0.03017	0.04357	0.00868	0.00532	0.00155	0.00318	0.08036	0.00473	0.00537
1	0.00675	0.00461	0.00525	0.00521	0.00544	0.00452	0.00309	0.00708	0.00786	0.01050	0.10667	0.03234	0.07393	0.68433	0.02064	0.00402	0.00416	0.00726	0.00323	0.00311
2	0.01011	0.26237	0.51794	0.01134	0.01694	0.01269	0.01368	0.01406	0.00977	0.01358	0.00922	0.07106	0.00789	0.00512	0.00417	0.00138	0.00608	0.00395	0.00218	0.00646
3	0.01579	0.01363	0.01210	0.01034	0.01331	0.21726	0.00812	0.17948	0.33066	0.12745	0.01446	0.01377	0.01059	0.00578	0.00463	0.00144	0.00529	0.00444	0.00432	0.00714
4	0.00942	0.00725	0.06814	0.00850	0.01035	0.00612	0.00746	0.01228	0.06453	0.12062	0.04229	0.18098	0.04823	0.01116	0.00586	0.00190	0.00405	0.38130	0.00442	0.00515
5	0.03478	0.01114	0.01252	0.00980	0.01332	0.01185	0.00803	0.46376	0.10045	0.23374	0.04171	0.01399	0.01087	0.00590	0.00473	0.00145	0.00459	0.00461	0.00500	0.00778
6	0.01011	0.04069	0.14328	0.03773	0.01259	0.00886	0.00852	0.15408	0.09916	0.03290	0.02973	0.29621	0.01853	0.00930	0.00525	0.00168	0.00437	0.07726	0.00396	0.00579
7	0.00960	0.06206	0.77348	0.01319	0.02002	0.01131	0.01699	0.01489	0.00994	0.01475	0.00837	0.00984	0.00598	0.00446	0.00441	0.00147	0.00688	0.00344	0.00199	0.00693
8	0.00566	0.00465	0.00498	0.00518	0.00649	0.00397	0.00378	0.00683	0.01053	0.01289	0.07848	0.19869	0.61678	0.01239	0.00566	0.00165	0.00245	0.01056	0.00442	0.00397
9	0.03398	0.01942	0.50143	0.07576	0.07451	0.03266	0.11395	0.03799	0.01064	0.04307	0.00898	0.01077	0.00649	0.00450	0.00462	0.00149	0.00674	0.00388	0.00232	0.00677
10	0.05679	0.08478	0.04911	0.07477	0.01912	0.01142	0.34194	0.06933	0.05941	0.13782	0.01249	0.01379	0.03718	0.00492	0.00487	0.00150	0.00605	0.00489	0.00325	0.00656
11	0.00613	0.00438	0.00592	0.00701	0.00746	0.00417	0.00505	0.00724	0.00941	0.01247	0.02577	0.66754	0.03033	0.01440	0.00612	0.00197	0.00307	0.17324	0.00437	0.00394
12	0.00576	0.00417	0.00541	0.00640	0.00676	0.00386	0.00428	0.00659	0.00910	0.01202	0.02736	0.75270	0.08894	0.03439	0.00642	0.00195	0.00275	0.01299	0.00434	0.00382
13	0.03249	0.16092	0.12754	0.01037	0.02434	0.14542	0.00937	0.16538	0.05884	0.17071	0.01170	0.04274	0.00896	0.00545	0.00433	0.00136	0.00553	0.00411	0.00361	0.00684
14	0.01112	0.01193	0.07854	0.03800	0.57920	0.01091	0.09842	0.01456	0.03826	0.01543	0.02903	0.03450	0.00908	0.00470	0.00482	0.00145	0.00575	0.00469	0.00252	0.00710
15	0.00574	0.00410	0.00547	0.00657	0.00684	0.00383	0.00438	0.00657	0.00903	0.01204	0.02599	0.83122	0.03119	0.01477	0.00602	0.00191	0.00274	0.01340	0.00438	0.00383
16	0.07949	0.01160	0.01213	0.01039	0.04313	0.04753	0.00798	0.44619	0.12207	0.04510	0.01272	0.02635	0.01016	0.08302	0.00642	0.00175	0.00490	0.01785	0.00425	0.00699
17	0.04514	0.10237	0.10006	0.01101	0.01471	0.07293	0.09454	0.23076	0.10572	0.07894	0.02422	0.03054	0.02361	0.01775	0.00489	0.00149	0.00543	0.02542	0.00369	0.00677
18	0.00593	0.00470	0.00534	0.00547	0.00671	0.00411	0.00405	0.00734	0.01109	0.01414	0.22414	0.17177	0.47063	0.01189	0.00567	0.00164	0.00247	0.03426	0.00457	0.00408
19	0.01688	0.02093	0.01291	0.01167	0.01406	0.73065	0.00879	0.04637	0.01368	0.01271	0.06175	0.01043	0.00877	0.00521	0.00436	0.00124	0.00795	0.00346	0.00270	0.00549
20	0.01068	0.34094	0.50406	0.01135	0.01717	0.01395	0.01378	0.01462	0.00981	0.01344	0.00772	0.00902	0.00600	0.00431	0.00391	0.00130	0.00622	0.00311	0.00200	0.00661
21	0.02315	0.01114	0.07554	0.29419	0.28823	0.02378	0.04262	0.06611	0.04311	0.01529	0.01032	0.01483	0.00855	0.00519	0.00481	0.00153	0.00586	0.05673	0.00264	0.00638
22	0.00695	0.00496	0.00685	0.00794	0.00874	0.00487	0.00647	0.00864	0.01021	0.01338	0.02532	0.32684	0.02856	0.01364	0.00634	0.00208	0.00378	0.50592	0.00435	0.00416
23	0.19512	0.01086	0.01159	0.00907	0.01264	0.01152	0.00747	0.39635	0.03246	0.19166	0.01183	0.01158	0.00825	0.00530	0.00426	0.00139	0.00447	0.00392	0.00445	0.06581
24	0.03375	0.16630	0.50146	0.01220	0.03462	0.01189	0.04342	0.03880	0.01030	0.03362	0.00965	0.06589	0.00796	0.00514	0.00434	0.00143	0.00613	0.00411	0.00238	0.00659
25	0.00837	0.00676	0.02840	0.00851	0.01028	0.00612	0.09809	0.06269	0.01144	0.05183	0.14216	0.27950	0.14800	0.01085	0.00599	0.02221	0.00374	0.08601	0.00424	0.00481
26	0.04218	0.01082	0.06809	0.01176	0.07626	0.00930	0.11336	0.12719	0.04098	0.08186	0.01142	0.01455	0.00923	0.00504	0.00447	0.00126	0.00486	0.06176	0.00337	0.30224
27	0.04627	0.00824	0.02828	0.00781	0.01072	0.01747	0.00642	0.08665	0.03964	0.15478	0.10931	0.08189	0.04701	0.00717	0.00471	0.00136	0.00374	0.08475	0.00418	0.24961

[dist]
# distance from previous block
# <min> <max>
4	11

[block]
# block no. 3 follows, 54 sequences, length 40
# corresponding to MSA columns:
# 294-333
name=unknown_D
#
# <colnr> <probs for GDERKNQSTAVLIFYWHMCP>
#	G	D	E	R	K	N	Q	S	T	A	V	L	I	F	Y	W	H	M	C	P
0	0.01078	0.00745	0.01067	0.00979	0.01186	0.02528	0.09377	0.01418	0.09563	0.14833	0.05535	0.08826	0.02150	0.00988	0.00580	0.00186	0.00452	0.37517	0.00442	0.00552
1	0.00733	0.00575	0.00790	0.00813	0.00932	0.00570	0.04646	0.01025	0.09748	0.01409	0.05836	0.33918	0.09144	0.01225	0.00597	0.00190	0.00360	0.26597	0.00434	0.00457
2	0.01006	0.00990	0.01376	0.01185	0.01185	0.01372	0.00977	0.01102	0.00719	0.01119	0.00682	0.01182	0.00699	0.06855	0.01610	0.00225	0.76572	0.00433	0.00212	0.00499
3	0.01171	0.00991	0.01058	0.02236	0.01233	0.01134	0.00740	0.07930	0.66649	0.02006	0.05377	0.01876	0.04165	0.00665	0.00485	0.00158	0.00377	0.00553	0.00475	0.00722
4	0.00658	0.00532	0.00752	0.09758	0.01073	0.00519	0.03811	0.00813	0.01002	0.01291	0.05993	0.36689	0.22075	0.01204	0.00579	0.00180	0.00347	0.11892	0.00407	0.00423
5	0.01185	0.01295	0.02365	0.04625	0.10648	0.07068	0.52858	0.04744	0.03473	0.01533	0.00946	0.01226	0.00728	0.00444	0.00577	0.00156	0.04730	0.00506	0.00253	0.00642
6	0.00870	0.00830	0.01410	0.67350	0.02900	0.00986	0.06859	0.01168	0.00970	0.01235	0.01284	0.01622	0.09480	0.00546	0.00487	0.00158	0.00597	0.00493	0.00237	0.00518
7	0.01032	0.01032	0.01444	0.01238	0.01238	0.01444	0.01032	0.01135	0.00722	0.01135	0.00619	0.01032	0.00619	0.00825	0.01547	0.00206	0.82567	0.00413	0.00206	0.00516
8	0.00957	0.00903	0.01533	0.57096	0.22641	0.01045	0.02977	0.01251	0.00969	0.01284	0.00880	0.01310	0.00705	0.03899	0.00552	0.00165	0.00608	0.00433	0.00219	0.00573
9	0.01043	0.27502	0.56774	0.01178	0.01785	0.01333	0.01454	0.01468	0.00984	0.01375	0.00787	0.00922	0.00600	0.00434	0.00403	0.00134	0.00637	0.00319	0.00200	0.00669
10	0.00594	0.00518	0.00582	0.09561	0.00927	0.00470	0.00464	0.00735	0.01060	0.01266	0.04339	0.04173	0.71452	0.01114	0.00548	0.00159	0.00282	0.00931	0.00412	0.00412
11	0.00659	0.00471	0.00633	0.00707	0.00744	0.00475	0.00494	0.00747	0.00903	0.03494	0.02409	0.71258	0.02842	0.02974	0.00703	0.00197	0.06292	0.03170	0.00422	0.00404
12	0.01233	0.00938	0.01529	0.07443	0.17340	0.02012	0.13945	0.01504	0.02826	0.17340	0.01433	0.02179	0.01246	0.00694	0.00639	0.00170	0.09312	0.17238	0.00349	0.00628
13	0.12633	0.57672	0.02045	0.00850	0.01192	0.01683	0.00799	0.06890	0.01001	0.01378	0.00685	0.00815	0.00608	0.00466	0.00451	0.00121	0.09597	0.00283	0.00233	0.00597
14	0.00655	0.00487	0.00717	0.00738	0.00812	0.00550	0.00560	0.00806	0.00786	0.01116	0.01520	0.17472	0.01552	0.03141	0.66001	0.00649	0.01073	0.00666	0.00288	0.00414
15	0.01188	0.01040	0.01623	0.18108	0.24613	0.01106	0.11665	0.14488	0.08212	0.03717	0.01156	0.01457	0.02272	0.06549	0.00625	0.00172	0.00565	0.00480	0.00308	0.00657
16	0.01065	0.01074	0.01687	0.16962	0.03772	0.06905	0.27492	0.03875	0.15399	0.01506	0.01355	0.14255	0.01206	0.00639	0.00519	0.00160	0.00594	0.00624	0.00316	0.00596
17	0.01006	0.18059	0.65896	0.01241	0.01881	0.01243	0.01562	0.01478	0.00988	0.01419	0.00810	0.00950	0.00599	0.00439	0.00420	0.00140	0.00660	0.00330	0.00200	0.00679
18	0.00672	0.00459	0.00552	0.00564	0.00579	0.00468	0.00345	0.00704	0.00720	0.00972	0.01578	0.11797	0.01795	0.63055	0.13373	0.00470	0.00550	0.00733	0.00298	0.00316
19	0.01305	0.02961	0.01505	0.22714	0.15482	0.24687	0.03841	0.10062	0.02303	0.01459	0.00929	0.04688	0.00784	0.00538	0.00517	0.00145	0.04784	0.00429	0.00267	0.00602
20	0.10655	0.01082	0.01751	0.06904	0.67508	0.01109	0.01336	0.01427	0.01036	0.01586	0.00859	0.01127	0.00714	0.00425	0.00448	0.00142	0.00542	0.00402	0.00239	0.00709
21	0.00901	0.00813	0.00776	0.00727	0.00915	0.06631	0.00544	0.01482	0.31831	0.01498	0.02964	0.04163	0.33733	0.10059	0.00722	0.00190	0.00361	0.00734	0.00423	0.00533
22	0.01166	0.01115	0.01393	0.11174	0.03012	0.13146	0.15016	0.13431	0.07951	0.01628	0.01394	0.18795	0.01305	0.00714	0.00518	0.00155	0.01877	0.00636	0.04997	0.00579
23	0.01686	0.13075	0.10626	0.01061	0.01458	0.13871	0.04722	0.18438	0.01426	0.27275	0.01194	0.01178	0.00833	0.00514	0.00443	0.00136	0.00565	0.00395	0.00391	0.00714
24	0.01456	0.01766	0.01618	0.08551	0.01771	0.48557	0.15916	0.01645	0.01182	0.01226	0.00804	0.02511	0.00678	0.00524	0.00582	0.00143	0.09881	0.00394	0.00239	0.00555
25	0.00805	0.00679	0.00933	0.02441	0.00931	0.00842	0.00666	0.00917	0.00811	0.01173	0.11389	0.02074	0.02785	0.19336	0.21864	0.01902	0.29185	0.00562	0.00280	0.00426
26	0.01149	0.02053	0.11551	0.14617	0.03028	0.06719	0.02351	0.04735	0.17258	0.07420	0.06218	0.01604	0.02431	0.00619	0.00589	0.00156	0.09618	0.02300	0.04966	0.00618
27	0.01453	0.00788	0.00999	0.00831	0.01087	0.00772	0.02714	0.09247	0.10713	0.34936	0.03018	0.08055	0.08924	0.09930	0.00736	0.00190	0.02172	0.02309	0.00481	0.00646
28	0.00957	0.10071	0.01606	0.65455	0.08265	0.01148	0.03558	0.01253	0.00958	0.01226	0.00825	0.01196	0.00637	0.00458	0.00455	0.00150	0.00615	0.00405	0.00211	0.00551
29	0.00934	0.00864	0.01423	0.37301	0.30301	0.00948	0.01190	0.01202	0.01014	0.01358	0.03658	0.06844	0.06413	0.00616	0.00494	0.00156	0.00535	0.03904	0.00267	0.00580
30	0.01081	0.22920	0.56601	0.01191	0.01791	0.03722	0.01453	0.01506	0.01006	0.03504	0.00822	0.00947	0.00615	0.00441	0.00411	0.00136	0.00645	0.00326	0.00211	0.00672
31	0.00930	0.00878	0.01485	0.71070	0.14169	0.01058	0.01329	0.01239	0.00961	0.01252	0.00845	0.01244	0.00645	0.00464	0.00471	0.00155	0.00619	0.00419	0.00213	0.00555
32	0.00946	0.02439	0.80987	0.01344	0.02041	0.01095	0.01742	0.01493	0.00995	0.01493	0.00846	0.00995	0.00597	0.00448	0.00448	0.00149	0.00697	0.00348	0.00199	0.00697
33	0.01128	0.33805	0.38730	0.01128	0.01639	0.01407	0.03875	0.01469	0.00980	0.04610	0.00801	0.00940	0.00630	0.00462	0.00476	0.00135	0.06590	0.00328	0.00218	0.00650
34	0.00574	0.00410	0.00547	0.00657	0.00684	0.00383	0.00438	0.00657	0.00903	0.01204	0.02599	0.83122	0.03119	0.01477	0.00602	0.00191	0.00274	0.01340	0.00438	0.00383
35	0.00590	0.00417	0.00543	0.00637	0.00660	0.00393	0.00416	0.00661	0.00872	0.01163	0.02443	0.71929	0.02922	0.12938	0.00853	0.00229	0.00299	0.01249	0.00416	0.00369
36	0.14960	0.01130	0.07133	0.37327	0.06490	0.04307	0.01118	0.14384	0.01148	0.01683	0.00845	0.01104	0.00641	0.00499	0.00501	0.00153	0.05332	0.00384	0.00269	0.00594
37	0.33705	0.01156	0.01106	0.09917	0.01430	0.07511	0.00780	0.29026	0.04811	0.02218	0.00913	0.01008	0.00682	0.00497	0.00396	0.00142	0.00487	0.00350	0.00351	0.03515
38	0.12325	0.00958	0.01138	0.00924	0.01184	0.05367	0.09303	0.22463	0.01483	0.03342	0.33819	0.02082	0.02260	0.00691	0.00490	0.00146	0.00423	0.00589	0.00431	0.00583
39	0.18549	0.02732	0.02818	0.28901	0.12050	0.01074	0.01004	0.11297	0.03084	0.01677	0.00948	0.01271	0.00763	0.00829	0.09436	0.00217	0.00611	0.01879	0.00279	0.00583

[dist]
# distance from previous block
# <min> <max>
12	39

[block]
# block no. 4 follows, 54 sequences, length 32
# corresponding to MSA columns:
# 373-376,378-383,399-420
name=unknown_E
#
# <colnr> <probs for GDERKNQSTAVLIFYWHMCP>
#	G	D	E	R	K	N	Q	S	T	A	V	L	I	F	Y	W	H	M	C	P
0	0.00753	0.00624	0.00796	0.00786	0.00883	0.05599	0.00607	0.00943	0.02700	0.01116	0.01250	0.01812	0.01160	0.04849	0.73033	0.00698	0.01200	0.00497	0.00258	0.00434
1	0.02667	0.00523	0.00679	0.00714	0.00817	0.00498	0.00523	0.02773	0.02564	0.11845	0.06713	0.54828	0.02752	0.01254	0.00576	0.00183	0.00313	0.08853	0.00460	0.00466
2	0.01158	0.01174	0.05126	0.02831	0.77301	0.01119	0.01459	0.01449	0.01070	0.01538	0.00885	0.01160	0.00741	0.00421	0.00466	0.00140	0.00566	0.00417	0.00232	0.00745
3	0.00946	0.02439	0.80987	0.01344	0.02041	0.01095	0.01742	0.01493	0.00995	0.01493	0.00846	0.00995	0.00597	0.00448	0.00448	0.00149	0.00697	0.00348	0.00199	0.00697
4	0.01708	0.01643	0.01301	0.01110	0.01378	0.40570	0.00870	0.19550	0.03646	0.12816	0.01024	0.01096	0.00775	0.00656	0.03393	0.00160	0.06941	0.00377	0.00348	0.00640
5	0.09077	0.04425	0.17670	0.01365	0.01796	0.09440	0.26270	0.05647	0.11688	0.05241	0.01046	0.01179	0.00779	0.00477	0.00485	0.00149	0.01883	0.00435	0.00294	0.00655
6	0.01032	0.01032	0.01444	0.01238	0.01238	0.01444	0.01032	0.01135	0.00722	0.01135	0.00619	0.01032	0.00619	0.00825	0.01547	0.00206	0.82567	0.00413	0.00206	0.00516
7	0.00571	0.00448	0.00518	0.00564	0.00662	0.00394	0.00399	0.00680	0.01013	0.01278	0.08182	0.39676	0.41326	0.01308	0.00577	0.00173	0.00253	0.01141	0.00442	0.00394
8	0.03389	0.01101	0.01356	0.16942	0.01648	0.10668	0.02806	0.06119	0.00973	0.04158	0.00868	0.04450	0.00776	0.00816	0.04497	0.00201	0.37987	0.00445	0.00256	0.00542
9	0.01734	0.01733	0.01347	0.01132	0.01433	0.39860	0.00887	0.39178	0.01748	0.02037	0.00990	0.03890	0.00790	0.00560	0.00454	0.00134	0.00669	0.00399	0.00361	0.00665
10	0.01794	0.01261	0.01368	0.01051	0.01421	0.01381	0.00867	0.71358	0.02123	0.08716	0.01196	0.01182	0.00839	0.00567	0.00468	0.00141	0.00503	0.00429	0.02541	0.00793
11	0.01311	0.41505	0.06412	0.01006	0.01321	0.06221	0.00932	0.14745	0.01145	0.01460	0.00744	0.00902	0.00642	0.00534	0.00629	0.00136	0.19154	0.00327	0.00252	0.00621
12	0.01042	0.01015	0.01326	0.41518	0.05025	0.09359	0.02881	0.07294	0.02567	0.01376	0.01363	0.01666	0.10389	0.00620	0.00593	0.00158	0.09024	0.01967	0.00272	0.00545
13	0.00607	0.00434	0.00585	0.00694	0.00736	0.00411	0.00495	0.00714	0.00935	0.01241	0.02581	0.69270	0.03046	0.01446	0.00611	0.00196	0.00302	0.14866	0.00437	0.00392
14	0.00618	0.00475	0.00565	0.00554	0.00677	0.00422	0.00411	0.00790	0.01201	0.01601	0.45232	0.10031	0.33535	0.01092	0.00560	0.00156	0.00233	0.00945	0.00482	0.00422
15	0.01584	0.29651	0.01721	0.01060	0.01370	0.45613	0.00871	0.08904	0.02814	0.01324	0.00765	0.00862	0.00641	0.00468	0.00389	0.00117	0.00693	0.00302	0.00255	0.00594
16	0.01164	0.58853	0.26488	0.00971	0.01464	0.01630	0.01093	0.01437	0.00969	0.01227	0.00714	0.00829	0.00603	0.00417	0.00347	0.00116	0.00563	0.00282	0.00201	0.00633
17	0.01113	0.01272	0.02782	0.01987	0.02464	0.01192	0.78776	0.01510	0.01113	0.01510	0.00954	0.01272	0.00715	0.00397	0.00556	0.00159	0.00795	0.00556	0.00238	0.00636
18	0.00557	0.00478	0.00478	0.00478	0.00637	0.00398	0.00358	0.00677	0.01075	0.01274	0.04776	0.04538	0.80297	0.01194	0.00557	0.00159	0.00239	0.00995	0.00438	0.00398
19	0.01822	0.01610	0.01343	0.01103	0.01427	0.32163	0.00876	0.39385	0.01766	0.12331	0.01071	0.01085	0.00774	0.00537	0.00454	0.00134	0.00631	0.00384	0.00398	0.00704
20	0.00557	0.00478	0.00478	0.00478	0.00637	0.00398	0.00358	0.00677	0.01075	0.01274	0.04776	0.04538	0.80297	0.01194	0.00557	0.00159	0.00239	0.00995	0.00438	0.00398
21	0.02115	0.00802	0.01094	0.00839	0.01204	0.00693	0.00693	0.02298	0.01350	0.80815	0.01860	0.01605	0.01167	0.00584	0.00474	0.00146	0.00401	0.00474	0.00584	0.00802
22	0.00693	0.00513	0.00667	0.00722	0.00840	0.00487	0.00600	0.00887	0.01131	0.01478	0.19391	0.06640	0.19668	0.01212	0.00610	0.00190	0.00344	0.43048	0.00453	0.00427
23	0.00964	0.07170	0.76416	0.01313	0.01992	0.01140	0.01688	0.01488	0.00993	0.01471	0.00835	0.00982	0.00598	0.00445	0.00439	0.00146	0.00686	0.00343	0.00199	0.00691
24	0.01306	0.00983	0.01070	0.00943	0.01223	0.01105	0.00739	0.02476	0.68604	0.13083	0.01911	0.01737	0.01401	0.00632	0.00479	0.00158	0.00377	0.00525	0.00494	0.00754
25	0.00929	0.00892	0.01553	0.69970	0.09670	0.01064	0.06787	0.01247	0.00966	0.01254	0.00850	0.01251	0.00645	0.00462	0.00477	0.00156	0.00635	0.00429	0.00214	0.00550
26	0.01067	0.29682	0.48998	0.01273	0.07297	0.01356	0.01407	0.01463	0.00988	0.01367	0.00785	0.00927	0.00610	0.00431	0.00400	0.00132	0.00622	0.00321	0.00202	0.00670
27	0.01244	0.01347	0.03032	0.01224	0.01318	0.19017	0.01010	0.06795	0.00968	0.01276	0.00684	0.00998	0.00629	0.00725	0.01203	0.00182	0.57180	0.00388	0.00233	0.00546
28	0.00574	0.00410	0.00547	0.00657	0.00684	0.00383	0.00438	0.00657	0.00903	0.01204	0.02599	0.83122	0.03119	0.01477	0.00602	0.00191	0.00274	0.01340	0.00438	0.00383
29	0.00984	0.00799	0.00969	0.00989	0.06618	0.02393	0.00724	0.06998	0.19918	0.03518	0.14762	0.11368	0.07340	0.00918	0.00615	0.00171	0.06470	0.13448	0.00431	0.00568
30	0.09356	0.01271	0.01260	0.01014	0.01353	0.08071	0.00822	0.46735	0.15147	0.08345	0.01243	0.01217	0.00895	0.00562	0.00453	0.00144	0.00499	0.00421	0.00446	0.00745
31	0.01113	0.01272	0.02782	0.01987	0.02464	0.01192	0.78776	0.01510	0.01113	0.01510	0.00954	0.01272	0.00715	0.00397	0.00556	0.00159	0.00795	0.00556	0.00238	0.00636

[dist]
# distance from previous block
# <min> <max>
0	1

[block]
# block no. 5 follows, 54 sequences, length 55
# corresponding to MSA columns:
# 422-431,433-452,456-477,483-485
name=unknown_F
#
# <colnr> <probs for GDERKNQSTAVLIFYWHMCP>
#	G	D	E	R	K	N	Q	S	T	A	V	L	I	F	Y	W	H	M	C	P
0	0.00890	0.00838	0.01414	0.82296	0.03247	0.01048	0.01309	0.01205	0.00943	0.01205	0.00838	0.01257	0.00629	0.00471	0.00471	0.00157	0.00629	0.00419	0.00210	0.00524
1	0.00991	0.01055	0.01940	0.01589	0.07617	0.04241	0.42136	0.01262	0.01042	0.01389	0.01516	0.16908	0.07322	0.00706	0.00641	0.00166	0.07923	0.00705	0.00288	0.00564
2	0.01413	0.01065	0.01127	0.00969	0.01217	0.08995	0.00770	0.06352	0.34061	0.19332	0.04134	0.01654	0.03696	0.00712	0.02123	0.00168	0.10584	0.00500	0.00441	0.00687
3	0.00682	0.00464	0.00556	0.00587	0.00607	0.00460	0.00378	0.00726	0.00775	0.01028	0.01787	0.13938	0.02052	0.60091	0.01896	0.00385	0.00429	0.12506	0.00328	0.00321
4	0.01167	0.01120	0.01914	0.02894	0.80488	0.01120	0.01447	0.01447	0.01074	0.01540	0.00887	0.01167	0.00747	0.00420	0.00467	0.00140	0.00560	0.00420	0.00233	0.00747
5	0.00937	0.00885	0.01498	0.68966	0.16214	0.01060	0.01333	0.01245	0.00965	0.01261	0.00846	0.01242	0.00648	0.00463	0.00471	0.00154	0.00617	0.00419	0.00214	0.00561
6	0.00608	0.00448	0.00559	0.00634	0.00698	0.00416	0.00451	0.00708	0.00942	0.01218	0.02928	0.47713	0.19074	0.09696	0.00782	0.00215	0.00307	0.11798	0.00422	0.00383
7	0.01100	0.01246	0.02700	0.06786	0.02511	0.01184	0.74147	0.01492	0.01103	0.01492	0.00947	0.01271	0.00710	0.00402	0.00551	0.00159	0.00785	0.00548	0.00237	0.00629
8	0.01205	0.01078	0.01072	0.00968	0.01225	0.07086	0.00756	0.05188	0.64989	0.01920	0.04030	0.01888	0.01500	0.00666	0.00486	0.00159	0.00413	0.04198	0.00461	0.00710
9	0.00905	0.00850	0.01422	0.78173	0.05585	0.01052	0.01302	0.01239	0.02570	0.01231	0.00862	0.01265	0.00649	0.00473	0.00471	0.00157	0.00621	0.00421	0.00216	0.00535
10	0.00657	0.00457	0.00548	0.00587	0.00619	0.00444	0.00383	0.00711	0.00816	0.01071	0.02134	0.22957	0.08401	0.47461	0.01614	0.00341	0.00392	0.09720	0.00352	0.00335
11	0.01539	0.01878	0.01369	0.01222	0.01391	0.57187	0.00948	0.01655	0.01149	0.01148	0.00695	0.00905	0.00611	0.00589	0.00766	0.00147	0.25694	0.00337	0.00232	0.00537
12	0.01308	0.75998	0.02363	0.00845	0.01234	0.09411	0.00817	0.01456	0.00994	0.01114	0.00662	0.00765	0.00605	0.00411	0.00314	0.00103	0.00537	0.00257	0.00206	0.00600
13	0.00575	0.00466	0.00507	0.00526	0.00652	0.00403	0.00383	0.00693	0.01049	0.01294	0.09362	0.19002	0.57100	0.03783	0.00624	0.00175	0.00254	0.02318	0.00439	0.00396
14	0.08021	0.01181	0.01279	0.00996	0.01356	0.01281	0.00820	0.56361	0.05718	0.14744	0.01313	0.01270	0.02322	0.00574	0.00461	0.00144	0.00477	0.00435	0.00475	0.00770
15	0.01685	0.01970	0.01403	0.01219	0.01481	0.59800	0.04054	0.13361	0.04009	0.01466	0.00832	0.00948	0.00669	0.00516	0.00494	0.00131	0.04742	0.00345	0.00283	0.00593
16	0.00962	0.00913	0.01422	0.74648	0.04707	0.03998	0.01282	0.04158	0.01008	0.01276	0.00846	0.01236	0.00637	0.00474	0.00470	0.00155	0.00631	0.00415	0.00221	0.00540
17	0.00679	0.00458	0.00531	0.00537	0.00543	0.00462	0.00312	0.00694	0.00701	0.00940	0.01527	0.06996	0.01751	0.74346	0.07265	0.00463	0.00498	0.00707	0.00291	0.00299
18	0.00978	0.00838	0.00978	0.00698	0.01117	0.00629	0.00559	0.01187	0.00978	0.01536	0.00838	0.00978	0.00698	0.00349	0.00349	0.00070	0.00349	0.00279	0.00279	0.86312
19	0.00983	0.00565	0.00770	0.06752	0.01032	0.00534	0.00601	0.01145	0.01100	0.19340	0.11592	0.30834	0.09552	0.01089	0.00561	0.00174	0.00343	0.12065	0.00463	0.00504
20	0.00605	0.00472	0.00550	0.00556	0.00678	0.00417	0.00413	0.00759	0.01143	0.01485	0.30887	0.14948	0.40573	0.01156	0.00566	0.00162	0.00244	0.03507	0.00466	0.00414
21	0.01758	0.02063	0.01346	0.01188	0.01455	0.66025	0.00906	0.15615	0.02708	0.01490	0.00819	0.00915	0.00655	0.00503	0.00434	0.00126	0.00784	0.00329	0.00287	0.00595
22	0.05818	0.01279	0.01356	0.01054	0.01419	0.01423	0.00867	0.69838	0.07585	0.02860	0.01165	0.01159	0.00833	0.00565	0.00464	0.00143	0.00501	0.00424	0.00464	0.00784
23	0.00579	0.00414	0.00551	0.00653	0.00685	0.00386	0.00438	0.00668	0.00923	0.01237	0.06317	0.79310	0.03182	0.01453	0.00600	0.00189	0.00271	0.01317	0.00442	0.00386
24	0.00601	0.00459	0.00553	0.00582	0.00683	0.00411	0.00422	0.00741	0.01093	0.01431	0.25397	0.29816	0.31126	0.01224	0.00575	0.00169	0.00252	0.03599	0.00461	0.00408
25	0.01097	0.01230	0.02440	0.01786	0.02187	0.05057	0.63329	0.01441	0.01068	0.01430	0.00961	0.01318	0.00761	0.02101	0.07300	0.00214	0.04905	0.00535	0.00239	0.00602
26	0.00910	0.00858	0.01449	0.76721	0.08670	0.01053	0.01319	0.01222	0.00952	0.01228	0.00841	0.01251	0.00637	0.00468	0.00471	0.00156	0.00624	0.00419	0.00211	0.00539
27	0.00562	0.00478	0.00485	0.00483	0.00640	0.00400	0.00362	0.00687	0.01087	0.01302	0.08281	0.04491	0.76774	0.01183	0.00557	0.00159	0.00238	0.00988	0.00442	0.00400
28	0.01696	0.02095	0.01315	0.01184	0.01421	0.72058	0.00895	0.05397	0.01358	0.01268	0.03956	0.00977	0.00772	0.00519	0.00467	0.00126	0.03344	0.00335	0.00264	0.00553
29	0.00744	0.00488	0.00585	0.00603	0.00718	0.00437	0.00436	0.00852	0.01010	0.09143	0.04694	0.31497	0.32273	0.09150	0.00747	0.00201	0.00299	0.05259	0.00439	0.00425
30	0.00950	0.00900	0.01516	0.63983	0.18789	0.01073	0.01329	0.01252	0.00963	0.01271	0.00842	0.01233	0.00652	0.00471	0.00501	0.00155	0.02918	0.00419	0.00214	0.00569
31	0.01140	0.01093	0.01865	0.10653	0.72940	0.01113	0.01434	0.01423	0.01061	0.01508	0.00882	0.01176	0.00735	0.00425	0.00467	0.00142	0.00567	0.00420	0.00231	0.00725
32	0.00933	0.00882	0.01491	0.70030	0.15180	0.01059	0.01331	0.01242	0.00963	0.01257	0.00846	0.01243	0.00647	0.00463	0.00471	0.00154	0.00618	0.00419	0.00213	0.00558
33	0.00901	0.00848	0.01432	0.79402	0.06063	0.01050	0.01314	0.01214	0.00948	0.01217	0.00840	0.01254	0.00633	0.00470	0.00471	0.00157	0.00626	0.00419	0.00210	0.00532
34	0.01244	0.79392	0.06646	0.00835	0.01254	0.01825	0.00857	0.01416	0.00960	0.01130	0.00666	0.00769	0.00605	0.00406	0.00310	0.00103	0.00514	0.00257	0.00202	0.00610
35	0.01760	0.01283	0.01436	0.01101	0.01478	0.01405	0.03720	0.69579	0.05048	0.06579	0.01190	0.01183	0.00840	0.00563	0.00475	0.00143	0.00518	0.00436	0.00469	0.00794
36	0.00590	0.00440	0.00530	0.00585	0.00652	0.00401	0.00398	0.00684	0.00958	0.01242	0.09116	0.45436	0.24457	0.11280	0.00804	0.00211	0.00282	0.01127	0.00426	0.00380
37	0.00563	0.00477	0.00486	0.00486	0.00641	0.00400	0.00363	0.00686	0.01084	0.01301	0.08248	0.05689	0.75598	0.01188	0.00558	0.00159	0.00239	0.00994	0.00442	0.00400
38	0.00592	0.00441	0.00552	0.00605	0.00679	0.00400	0.00423	0.00715	0.01038	0.01377	0.20986	0.48328	0.19541	0.01300	0.00582	0.00175	0.00254	0.01156	0.00457	0.00400
39	0.83575	0.00908	0.00708	0.00628	0.00923	0.01044	0.00517	0.01420	0.00823	0.05076	0.00702	0.00798	0.00535	0.00443	0.00299	0.00146	0.00366	0.00264	0.00303	0.00522
40	0.10246	0.00607	0.00718	0.00699	0.00843	0.00599	0.00513	0.07438	0.01097	0.13209	0.08508	0.43618	0.04487	0.04419	0.00606	0.00182	0.00325	0.00945	0.00447	0.00495
41	0.00640	0.00476	0.00595	0.00576	0.00690	0.00432	0.00428	0.00833	0.01254	0.01724	0.60319	0.09332	0.18871	0.01044	0.00560	0.00153	0.00229	0.00914	0.00498	0.00432
42	0.00610	0.00479	0.00546	0.00529	0.00663	0.00420	0.00394	0.00770	0.01177	0.01533	0.37790	0.04047	0.44575	0.03644	0.00614	0.00164	0.00238	0.00923	0.00469	0.00415
43	0.32961	0.00856	0.00894	0.00739	0.01018	0.00894	0.00589	0.12498	0.01178	0.26832	0.04183	0.01507	0.01072	0.12052	0.00677	0.00189	0.00405	0.00430	0.00417	0.00610
44	0.08768	0.00533	0.00608	0.00576	0.00695	0.00512	0.00411	0.00933	0.01047	0.07009	0.30168	0.07040	0.15171	0.23331	0.01029	0.00236	0.00317	0.00772	0.00422	0.00422
45	0.00879	0.00439	0.00439	0.00439	0.00549	0.00439	0.00330	0.01099	0.00989	0.01758	0.01538	0.01758	0.01209	0.00549	0.00330	0.00110	0.00220	0.00439	0.86047	0.00439
46	0.01060	0.00899	0.00966	0.00876	0.01112	0.01015	0.00678	0.02151	0.62921	0.01926	0.15122	0.02182	0.05604	0.00720	0.00496	0.00158	0.00342	0.00608	0.00484	0.00680
47	0.00629	0.00465	0.00513	0.00516	0.00589	0.00429	0.00337	0.00700	0.00908	0.01161	0.10363	0.08362	0.31780	0.39606	0.01421	0.00299	0.00341	0.00857	0.00375	0.00349
48	0.00573	0.00416	0.00542	0.00643	0.00680	0.00384	0.00432	0.00658	0.00916	0.01209	0.02768	0.77020	0.09111	0.01455	0.00598	0.00189	0.00271	0.01314	0.00438	0.00384
49	0.00672	0.00487	0.00646	0.00736	0.00816	0.00470	0.00575	0.01995	0.01022	0.01335	0.03811	0.40768	0.09731	0.01357	0.00616	0.00198	0.00342	0.33572	0.00438	0.00413
50	0.00573	0.00416	0.00541	0.00642	0.00680	0.00384	0.00431	0.00658	0.00917	0.01209	0.02781	0.76545	0.09577	0.01453	0.00598	0.00189	0.00271	0.01312	0.00438	0.00384
51	0.00674	0.00496	0.00610	0.00667	0.00737	0.00483	0.00472	0.02994	0.04880	0.01295	0.04022	0.47114	0.11141	0.12639	0.00840	0.00224	0.00324	0.09559	0.00421	0.00408
52	0.00745	0.00520	0.00775	0.00762	0.00860	0.00595	0.00595	0.00915	0.00787	0.05067	0.01293	0.01840	0.01178	0.03389	0.77521	0.00727	0.01220	0.00504	0.00269	0.00440
53	0.03152	0.00786	0.01029	0.00823	0.01144	0.00717	0.00667	0.02134	0.09387	0.62524	0.06838	0.05791	0.01490	0.00656	0.00483	0.00150	0.00380	0.00544	0.00557	0.00749
54	0.00684	0.00459	0.00527	0.00538	0.00544	0.00458	0.00315	0.00698	0.00715	0.00951	0.01586	0.07022	0.01828	0.75691	0.02233	0.00433	0.00447	0.04276	0.00300	0.00297

[dist]
# distance from previous block
# <min> <max>
0	1

# created by:
# /st0/software/busco_prod/Augustus/scripts/msa2prfl.pl ./align_prep/127373.fa
