[name]
unknown

[dist]
# distance from previous block
# <min> <max>
0	26

[block]
# block no. 0 follows, 57 sequences, length 10
# corresponding to MSA columns:
# 36-43,46,47
name=unknown_A
#
# <colnr> <probs for GDERKNQSTAVLIFYWHMCP>
#	G	D	E	R	K	N	Q	S	T	A	V	L	I	F	Y	W	H	M	C	P
0	0.01264	0.00949	0.01123	0.11891	0.01464	0.01059	0.00834	0.26353	0.25658	0.07058	0.01564	0.02049	0.01292	0.00683	0.00487	0.00157	0.00448	0.14589	0.00422	0.00654
1	0.14660	0.01194	0.01157	0.00930	0.01252	0.10893	0.00755	0.39346	0.04715	0.16769	0.03200	0.01168	0.00884	0.00532	0.00425	0.00136	0.00481	0.00393	0.00422	0.00688
2	0.00620	0.00454	0.00583	0.00569	0.00669	0.00416	0.00420	0.00808	0.01206	0.01679	0.64055	0.14199	0.10610	0.01011	0.00540	0.00149	0.00222	0.00894	0.00482	0.00416
3	0.04315	0.45554	0.27689	0.00966	0.01430	0.06083	0.01059	0.03811	0.00994	0.03371	0.00737	0.00838	0.00596	0.00416	0.00351	0.00117	0.00556	0.00286	0.00216	0.00614
4	0.07918	0.21475	0.25444	0.00915	0.01324	0.03125	0.00961	0.08991	0.06242	0.06570	0.00995	0.01075	0.00754	0.00464	0.00375	0.00126	0.00488	0.00342	0.11798	0.00617
5	0.00725	0.00497	0.00576	0.00545	0.00705	0.00443	0.00418	0.00864	0.01048	0.10029	0.12222	0.03602	0.53247	0.01360	0.11438	0.00227	0.00376	0.00824	0.00421	0.00433
6	0.00551	0.00424	0.00504	0.00559	0.00640	0.00377	0.00391	0.00651	0.00957	0.01221	0.07820	0.47445	0.34271	0.01283	0.00559	0.00169	0.00247	0.01129	0.00425	0.00377
7	0.01508	0.08625	0.12114	0.01174	0.04685	0.47020	0.00971	0.11517	0.01290	0.03327	0.00812	0.00955	0.00655	0.02877	0.00465	0.00132	0.00697	0.00327	0.00261	0.00587
8	0.00738	0.00597	0.00897	0.01007	0.11535	0.00680	0.00672	0.00889	0.00757	0.01090	0.01146	0.01783	0.01102	0.13043	0.55097	0.00572	0.07227	0.00490	0.00241	0.00437
9	0.01152	0.05717	0.06389	0.03800	0.49669	0.01131	0.13502	0.05119	0.04325	0.03463	0.00921	0.01140	0.00735	0.00421	0.00453	0.00137	0.00566	0.00417	0.00250	0.00691

[dist]
# distance from previous block
# <min> <max>
1	7

[block]
# block no. 1 follows, 57 sequences, length 13
# corresponding to MSA columns:
# 62-74
name=unknown_B
#
# <colnr> <probs for GDERKNQSTAVLIFYWHMCP>
#	G	D	E	R	K	N	Q	S	T	A	V	L	I	F	Y	W	H	M	C	P
0	0.01047	0.25232	0.15356	0.04293	0.05350	0.07059	0.04831	0.05162	0.00955	0.01219	0.00929	0.01441	0.00880	0.22164	0.00900	0.00206	0.01804	0.00410	0.00234	0.00526
1	0.00972	0.13949	0.51316	0.01193	0.01664	0.01239	0.01383	0.01343	0.00890	0.01300	0.00735	0.00931	0.00580	0.00509	0.00658	0.00150	0.20042	0.00336	0.00193	0.00616
2	0.01107	0.57314	0.06840	0.20124	0.01671	0.01544	0.00941	0.01346	0.03307	0.01135	0.00719	0.00883	0.00610	0.00412	0.00342	0.00114	0.00520	0.00294	0.00203	0.00573
3	0.00646	0.00452	0.00579	0.00588	0.00618	0.00478	0.00389	0.00709	0.00700	0.00962	0.01440	0.09150	0.01577	0.49006	0.30236	0.00520	0.00697	0.00649	0.00275	0.00328
4	0.00650	0.00475	0.00673	0.00673	0.00735	0.00537	0.00498	0.00774	0.00712	0.01011	0.01264	0.02059	0.01254	0.22351	0.63492	0.00660	0.01032	0.00526	0.00250	0.00374
5	0.17372	0.01179	0.01223	0.01007	0.02551	0.19975	0.09386	0.03424	0.02614	0.33371	0.02801	0.01213	0.00887	0.00499	0.00423	0.00136	0.00523	0.00394	0.00386	0.00636
6	0.00603	0.00444	0.00535	0.00587	0.00655	0.00415	0.00418	0.00696	0.00894	0.01144	0.02803	0.29535	0.24012	0.20734	0.00981	0.00240	0.00322	0.14238	0.00386	0.00358
7	0.00657	0.00501	0.00638	0.00656	0.00776	0.00435	0.00471	0.00774	0.00898	0.01247	0.02093	0.58375	0.02421	0.01152	0.00525	0.00158	0.00292	0.06859	0.00385	0.20687
8	0.41703	0.01098	0.00918	0.00766	0.01066	0.13877	0.00614	0.07692	0.01009	0.03298	0.00740	0.00850	0.00586	0.00434	0.00375	0.00121	0.03473	0.00281	0.00286	0.20811
9	0.00842	0.00450	0.00517	0.00508	0.00617	0.00465	0.00388	0.01040	0.00911	0.04465	0.01427	0.01705	0.01153	0.01203	0.19577	0.00253	0.00453	0.00438	0.63155	0.00431
10	0.21451	0.55547	0.01841	0.00755	0.01109	0.01551	0.00709	0.05382	0.05701	0.01433	0.00726	0.00805	0.00618	0.00417	0.00307	0.00112	0.00446	0.00268	0.00243	0.00578
11	0.00968	0.01965	0.58791	0.01236	0.01798	0.01075	0.05370	0.01664	0.19633	0.01544	0.01061	0.01142	0.00770	0.00471	0.00443	0.00146	0.00601	0.00387	0.00257	0.00678
12	0.01267	0.07082	0.01285	0.01005	0.02422	0.17117	0.05458	0.22102	0.07253	0.01812	0.19772	0.01632	0.01589	0.02264	0.00560	0.00143	0.05793	0.00489	0.00366	0.00587

[dist]
# distance from previous block
# <min> <max>
2	33

[block]
# block no. 2 follows, 57 sequences, length 33
# corresponding to MSA columns:
# 108-140
name=unknown_C
#
# <colnr> <probs for GDERKNQSTAVLIFYWHMCP>
#	G	D	E	R	K	N	Q	S	T	A	V	L	I	F	Y	W	H	M	C	P
0	0.00731	0.00615	0.04981	0.00623	0.00800	0.00500	0.00511	0.00983	0.03763	0.04589	0.57067	0.03067	0.12145	0.00859	0.00510	0.00139	0.00260	0.00746	0.00458	0.06653
1	0.00909	0.02344	0.81727	0.01292	0.01961	0.01052	0.01674	0.01435	0.00957	0.01435	0.00813	0.00957	0.00574	0.00431	0.00431	0.00144	0.00670	0.00335	0.00191	0.00670
2	0.01070	0.01222	0.02674	0.01910	0.02368	0.01146	0.79603	0.01451	0.01070	0.01451	0.00917	0.01222	0.00688	0.00382	0.00535	0.00153	0.00764	0.00535	0.00229	0.00611
3	0.00536	0.00459	0.00459	0.00459	0.00612	0.00383	0.00344	0.00650	0.01033	0.01224	0.04590	0.04361	0.81065	0.01148	0.00536	0.00153	0.00230	0.00956	0.00421	0.00383
4	0.01229	0.01225	0.01407	0.01157	0.01450	0.15351	0.17071	0.08318	0.39007	0.01702	0.01494	0.03771	0.03578	0.00574	0.00472	0.00146	0.00528	0.00505	0.00370	0.00646
5	0.01801	0.00824	0.01093	0.00861	0.01192	0.00773	0.03150	0.03657	0.15561	0.61353	0.03599	0.01593	0.01222	0.00573	0.00461	0.00143	0.00391	0.00476	0.00529	0.00748
6	0.00909	0.02344	0.81727	0.01292	0.01961	0.01052	0.01674	0.01435	0.00957	0.01435	0.00813	0.00957	0.00574	0.00431	0.00431	0.00144	0.00670	0.00335	0.00191	0.00670
7	0.00648	0.00481	0.00708	0.00708	0.00782	0.00555	0.00541	0.00796	0.00722	0.01037	0.01232	0.01884	0.01178	0.10467	0.75272	0.00703	0.01146	0.00501	0.00246	0.00393
8	0.01122	0.01077	0.01839	0.02781	0.81248	0.01077	0.01391	0.01391	0.01032	0.01480	0.00852	0.01122	0.00718	0.00404	0.00449	0.00135	0.00538	0.00404	0.00224	0.00718
9	0.00846	0.00556	0.00702	0.00673	0.03175	0.01838	0.00491	0.01061	0.02537	0.11867	0.57345	0.04420	0.10953	0.00881	0.00519	0.00143	0.00260	0.00768	0.00485	0.00481
10	0.00695	0.00590	0.00935	0.31273	0.03532	0.00647	0.03305	0.00871	0.00892	0.01174	0.01780	0.48535	0.01981	0.01004	0.00527	0.00170	0.00412	0.00915	0.00328	0.00434
11	0.02033	0.00771	0.01052	0.00806	0.01157	0.00666	0.00666	0.02208	0.01297	0.81562	0.01788	0.01542	0.01122	0.00561	0.00456	0.00140	0.00386	0.00456	0.00561	0.00771
12	0.00552	0.00394	0.00526	0.00631	0.00657	0.00368	0.00421	0.00631	0.00868	0.01157	0.02498	0.83779	0.02997	0.01420	0.00578	0.00184	0.00263	0.01288	0.00421	0.00368
13	0.01055	0.01230	0.04959	0.01905	0.06286	0.01122	0.71488	0.01429	0.01060	0.01446	0.00947	0.03123	0.00739	0.00409	0.00528	0.00152	0.00738	0.00540	0.00232	0.00613
14	0.00672	0.00505	0.00722	0.00715	0.00781	0.00586	0.00545	0.00812	0.00754	0.01093	0.03692	0.07625	0.01370	0.10187	0.58506	0.00588	0.06440	0.00559	0.03451	0.00398
15	0.00991	0.00991	0.01388	0.01190	0.01190	0.01388	0.00991	0.01091	0.00694	0.01091	0.00595	0.00991	0.00595	0.00793	0.01487	0.00198	0.83246	0.00397	0.00198	0.00496
16	0.00940	0.00805	0.00940	0.00671	0.01074	0.00604	0.00537	0.01141	0.00940	0.01477	0.00805	0.00940	0.00671	0.00336	0.00336	0.00067	0.00336	0.00268	0.00268	0.86845
17	0.01211	0.84348	0.02374	0.00775	0.01163	0.01793	0.00775	0.01357	0.00921	0.01066	0.00630	0.00727	0.00582	0.00388	0.00291	0.00097	0.00485	0.00242	0.00194	0.00582
18	0.01122	0.01077	0.01839	0.02781	0.81248	0.01077	0.01391	0.01391	0.01032	0.01480	0.00852	0.01122	0.00718	0.00404	0.00449	0.00135	0.00538	0.00404	0.00224	0.00718
19	0.01670	0.02123	0.01287	0.01168	0.01394	0.79688	0.00879	0.01787	0.01265	0.01108	0.00697	0.00823	0.00584	0.00477	0.00443	0.00119	0.03434	0.00295	0.00232	0.00524
20	0.04016	0.22783	0.26471	0.01078	0.05200	0.02732	0.01068	0.15995	0.01201	0.09505	0.00907	0.00977	0.00676	0.00447	0.00392	0.00125	0.00531	0.00333	0.00286	0.05278
21	0.82674	0.05340	0.00757	0.00605	0.00892	0.01058	0.00506	0.01333	0.00779	0.01981	0.00631	0.00736	0.00496	0.00419	0.00281	0.00138	0.00358	0.00245	0.00276	0.00496
22	0.01290	0.63548	0.04032	0.00857	0.01212	0.17848	0.00804	0.01441	0.00995	0.01101	0.00672	0.00777	0.00598	0.00409	0.00318	0.00102	0.00548	0.00260	0.02619	0.00568
23	0.01122	0.01077	0.01839	0.02781	0.81248	0.01077	0.01391	0.01391	0.01032	0.01480	0.00852	0.01122	0.00718	0.00404	0.00449	0.00135	0.00538	0.00404	0.00224	0.00718
24	0.03770	0.20772	0.57156	0.01227	0.05736	0.01220	0.01419	0.01412	0.00946	0.01373	0.00768	0.00906	0.00580	0.00419	0.00395	0.00132	0.00611	0.00315	0.00196	0.00646
25	0.01985	0.00775	0.01049	0.00812	0.01156	0.00678	0.00672	0.03932	0.01308	0.77255	0.01791	0.01644	0.01160	0.00582	0.00461	0.00142	0.00389	0.02894	0.00554	0.00760
26	0.00909	0.02344	0.81727	0.01292	0.01961	0.01052	0.01674	0.01435	0.00957	0.01435	0.00813	0.00957	0.00574	0.00431	0.00431	0.00144	0.00670	0.00335	0.00191	0.00670
27	0.01461	0.01101	0.15895	0.09020	0.05593	0.00835	0.05486	0.05891	0.01199	0.38609	0.04194	0.01594	0.04035	0.00559	0.00465	0.00144	0.00483	0.02351	0.00406	0.00680
28	0.01122	0.01071	0.01798	0.02688	0.77219	0.01079	0.01357	0.01442	0.05027	0.01501	0.00902	0.01150	0.00751	0.00414	0.00449	0.00136	0.00529	0.00409	0.00236	0.00718
29	0.00659	0.00439	0.00494	0.00494	0.00494	0.00439	0.00275	0.00659	0.00659	0.00879	0.01428	0.02965	0.01647	0.84075	0.02306	0.00439	0.00439	0.00659	0.00275	0.00275
30	0.01070	0.01222	0.02674	0.01910	0.02368	0.01146	0.79603	0.01451	0.01070	0.01451	0.00917	0.01222	0.00688	0.00382	0.00535	0.00153	0.00764	0.00535	0.00229	0.00611
31	0.00979	0.00987	0.01798	0.04398	0.32187	0.02686	0.27658	0.01241	0.01009	0.01380	0.01242	0.19863	0.01217	0.00629	0.00506	0.00152	0.00560	0.00646	0.00270	0.00592
32	0.00552	0.00394	0.00526	0.00631	0.00657	0.00368	0.00421	0.00631	0.00868	0.01157	0.02498	0.83779	0.02997	0.01420	0.00578	0.00184	0.00263	0.01288	0.00421	0.00368

[dist]
# distance from previous block
# <min> <max>
0	40

[block]
# block no. 3 follows, 57 sequences, length 39
# corresponding to MSA columns:
# 181-219
name=unknown_D
#
# <colnr> <probs for GDERKNQSTAVLIFYWHMCP>
#	G	D	E	R	K	N	Q	S	T	A	V	L	I	F	Y	W	H	M	C	P
0	0.01177	0.01196	0.01827	0.02569	0.68817	0.09411	0.05540	0.01437	0.01060	0.01441	0.00840	0.01096	0.00702	0.00409	0.00449	0.00134	0.00579	0.00399	0.00226	0.00692
1	0.00985	0.05073	0.49820	0.01193	0.01653	0.09291	0.02378	0.01360	0.00949	0.01318	0.00890	0.01245	0.00737	0.00706	0.05529	0.00185	0.10783	0.05091	0.00214	0.00598
2	0.02033	0.00771	0.01052	0.00806	0.01157	0.00666	0.00666	0.02208	0.01297	0.81562	0.01788	0.01542	0.01122	0.00561	0.00456	0.00140	0.00386	0.00456	0.00561	0.00771
3	0.01122	0.01077	0.01839	0.02781	0.81248	0.01077	0.01391	0.01391	0.01032	0.01480	0.00852	0.01122	0.00718	0.00404	0.00449	0.00135	0.00538	0.00404	0.00224	0.00718
4	0.00920	0.05296	0.78870	0.01273	0.01932	0.01079	0.01642	0.01432	0.00955	0.01422	0.00807	0.00948	0.00574	0.00429	0.00425	0.00142	0.00663	0.00332	0.00191	0.00667
5	0.00871	0.00732	0.00789	0.00727	0.00925	0.00785	0.00559	0.01622	0.43022	0.01705	0.19421	0.02743	0.22619	0.00819	0.00496	0.00151	0.00294	0.00693	0.00459	0.00569
6	0.00552	0.00394	0.00526	0.00631	0.00657	0.00368	0.00421	0.00631	0.00868	0.01157	0.02498	0.83779	0.02997	0.01420	0.00578	0.00184	0.00263	0.01288	0.00421	0.00368
7	0.00829	0.00455	0.00474	0.00479	0.00586	0.00462	0.00355	0.01095	0.06148	0.01641	0.01621	0.11241	0.01390	0.00637	0.00357	0.00118	0.00227	0.00529	0.70921	0.00435
8	0.01215	0.78758	0.05294	0.00807	0.01200	0.04249	0.00812	0.01374	0.00933	0.01081	0.00639	0.00738	0.00581	0.00392	0.00300	0.00099	0.00502	0.00247	0.00195	0.00583
9	0.00969	0.00816	0.00970	0.00706	0.01083	0.00653	0.00568	0.01163	0.00933	0.03370	0.00816	0.00957	0.00677	0.00369	0.00409	0.00077	0.05389	0.00281	0.00271	0.79522
10	0.01049	0.02112	0.67856	0.01229	0.01840	0.01048	0.01519	0.08363	0.01084	0.06707	0.00932	0.01089	0.00667	0.00465	0.00438	0.00144	0.00631	0.01903	0.00243	0.00680
11	0.01104	0.01068	0.01849	0.07399	0.73125	0.01076	0.04939	0.01380	0.01026	0.01460	0.00853	0.01131	0.00710	0.00406	0.00453	0.00136	0.00552	0.00410	0.00223	0.00700
12	0.00880	0.00831	0.01404	0.75546	0.10368	0.01013	0.01271	0.01179	0.00918	0.01188	0.00810	0.01200	0.00615	0.00448	0.00453	0.00149	0.00598	0.00403	0.00203	0.00523
13	0.01717	0.00996	0.01214	0.01082	0.09094	0.02516	0.00798	0.30398	0.03998	0.36483	0.01474	0.03616	0.02078	0.00570	0.00456	0.00139	0.00441	0.00461	0.01731	0.00738
14	0.01423	0.01728	0.01109	0.01036	0.01230	0.61016	0.00769	0.01585	0.04565	0.01170	0.03151	0.15655	0.02359	0.00664	0.00446	0.00131	0.00675	0.00501	0.00286	0.00501
15	0.00648	0.00484	0.00722	0.00722	0.00800	0.00563	0.00558	0.00805	0.00726	0.01047	0.01220	0.01813	0.01147	0.05631	0.80066	0.00720	0.01192	0.00490	0.00244	0.00401
16	0.01211	0.84348	0.02374	0.00775	0.01163	0.01793	0.00775	0.01357	0.00921	0.01066	0.00630	0.00727	0.00582	0.00388	0.00291	0.00097	0.00485	0.00242	0.00194	0.00582
17	0.01122	0.01077	0.01839	0.02781	0.81248	0.01077	0.01391	0.01391	0.01032	0.01480	0.00852	0.01122	0.00718	0.00404	0.00449	0.00135	0.00538	0.00404	0.00224	0.00718
18	0.00787	0.00394	0.00590	0.00590	0.00590	0.00394	0.00394	0.00590	0.00590	0.00787	0.00787	0.01377	0.00787	0.01574	0.01771	0.86816	0.00394	0.00394	0.00197	0.00197
19	0.00893	0.00842	0.01421	0.67977	0.15992	0.01005	0.01263	0.01185	0.00926	0.01211	0.00849	0.02940	0.00673	0.00465	0.00455	0.00149	0.00586	0.00422	0.00210	0.00536
20	0.02949	0.01549	0.01455	0.14437	0.03865	0.40444	0.08525	0.01497	0.01060	0.01173	0.00718	0.00963	0.00601	0.00523	0.00656	0.00144	0.18332	0.00357	0.00221	0.00528
21	0.01669	0.01218	0.01303	0.01005	0.01352	0.01345	0.00828	0.74943	0.02059	0.02785	0.01112	0.01125	0.00794	0.00543	0.00445	0.00134	0.00481	0.00409	0.05703	0.00749
22	0.85305	0.00906	0.00680	0.00609	0.00888	0.02888	0.00500	0.01343	0.00783	0.02012	0.00633	0.00738	0.00493	0.00422	0.00283	0.00140	0.00361	0.00246	0.00279	0.00492
23	0.00561	0.00462	0.00495	0.00500	0.00641	0.00396	0.00380	0.00693	0.01060	0.01304	0.13867	0.06358	0.64737	0.01134	0.00542	0.00156	0.00240	0.05655	0.00430	0.00390
24	0.01804	0.01030	0.01283	0.01086	0.07394	0.01043	0.02341	0.37414	0.01652	0.38090	0.01381	0.01297	0.00923	0.00538	0.00456	0.00138	0.00456	0.00432	0.00480	0.00764
25	0.00617	0.00479	0.00573	0.00598	0.00726	0.00435	0.00480	0.00781	0.01087	0.01386	0.19460	0.04394	0.41213	0.01135	0.00563	0.00168	0.00284	0.24784	0.00436	0.00402
26	0.14888	0.01203	0.01246	0.00971	0.01319	0.01340	0.00801	0.66087	0.03514	0.02710	0.01033	0.01046	0.00740	0.00526	0.00427	0.00137	0.00473	0.00385	0.00427	0.00726
27	0.00648	0.00483	0.00714	0.00714	0.00790	0.00559	0.00548	0.00800	0.00724	0.01041	0.01227	0.01854	0.01165	0.08398	0.77324	0.00710	0.01166	0.00496	0.00245	0.00397
28	0.01109	0.01076	0.01873	0.05616	0.73628	0.01078	0.06152	0.01386	0.01030	0.01467	0.00855	0.01131	0.00712	0.00404	0.00454	0.00136	0.00554	0.00412	0.00224	0.00704
29	0.01176	0.01263	0.02358	0.03422	0.02176	0.07280	0.62414	0.05452	0.04509	0.03858	0.00972	0.01214	0.00724	0.00413	0.00514	0.00149	0.00723	0.00504	0.00260	0.00620
30	0.00787	0.00394	0.00590	0.00590	0.00590	0.00394	0.00394	0.00590	0.00590	0.00787	0.00787	0.01377	0.00787	0.01574	0.01771	0.86816	0.00394	0.00394	0.00197	0.00197
31	0.00597	0.00433	0.00566	0.00640	0.00683	0.00422	0.00440	0.00729	0.03243	0.01262	0.10803	0.68604	0.02981	0.01304	0.00584	0.00177	0.02163	0.01171	0.02810	0.00389
32	0.77506	0.00921	0.00745	0.00647	0.00937	0.01061	0.00533	0.10285	0.00926	0.02127	0.00683	0.00776	0.00523	0.00435	0.00300	0.00140	0.00367	0.00264	0.00300	0.00523
33	0.00766	0.00588	0.00746	0.00833	0.00942	0.03984	0.00718	0.00971	0.01068	0.01374	0.07118	0.04824	0.02624	0.01199	0.00611	0.00201	0.00422	0.70177	0.00414	0.00422
34	0.01122	0.01077	0.01839	0.02781	0.81248	0.01077	0.01391	0.01391	0.01032	0.01480	0.00852	0.01122	0.00718	0.00404	0.00449	0.00135	0.00538	0.00404	0.00224	0.00718
35	0.00996	0.25918	0.58915	0.01143	0.01732	0.01265	0.01416	0.01413	0.00946	0.01329	0.00761	0.00891	0.00576	0.00418	0.00390	0.00130	0.00616	0.00308	0.00192	0.00644
36	0.01030	0.01006	0.01386	0.01182	0.01201	0.01389	0.00985	0.05200	0.00769	0.01183	0.00621	0.00996	0.00604	0.00780	0.01433	0.00195	0.78922	0.00397	0.00212	0.00510
37	0.00684	0.00472	0.00612	0.00572	0.00683	0.00435	0.00427	0.00885	0.01252	0.04274	0.73637	0.03328	0.05576	0.04447	0.00607	0.00155	0.00229	0.00804	0.00490	0.00431
38	0.09237	0.01057	0.01742	0.01412	0.04053	0.01266	0.25952	0.01238	0.00831	0.01307	0.00709	0.01045	0.00618	0.00615	0.01037	0.00176	0.46524	0.00426	0.00217	0.00539

[dist]
# distance from previous block
# <min> <max>
0	120

[block]
# block no. 4 follows, 57 sequences, length 17
# corresponding to MSA columns:
# 341-357
name=unknown_E
#
# <colnr> <probs for GDERKNQSTAVLIFYWHMCP>
#	G	D	E	R	K	N	Q	S	T	A	V	L	I	F	Y	W	H	M	C	P
0	0.01670	0.01243	0.01331	0.01032	0.01385	0.01381	0.00849	0.72968	0.08985	0.02772	0.01154	0.01141	0.00824	0.00550	0.00454	0.00138	0.00486	0.00417	0.00454	0.00766
1	0.00730	0.00522	0.00730	0.00835	0.00939	0.00522	0.00730	0.00939	0.01043	0.01356	0.02399	0.05111	0.02608	0.01252	0.00626	0.00209	0.00417	0.78199	0.00417	0.00417
2	0.00991	0.00991	0.01388	0.01190	0.01190	0.01388	0.00991	0.01091	0.00694	0.01091	0.00595	0.00991	0.00595	0.00793	0.01487	0.00198	0.83246	0.00397	0.00198	0.00496
3	0.00787	0.00394	0.00590	0.00590	0.00590	0.00394	0.00394	0.00590	0.00590	0.00787	0.00787	0.01377	0.00787	0.01574	0.01771	0.86816	0.00394	0.00394	0.00197	0.00197
4	0.01635	0.01089	0.01215	0.00961	0.01291	0.01173	0.00787	0.50200	0.12372	0.17151	0.04167	0.01443	0.01091	0.00589	0.00462	0.00141	0.00447	0.02570	0.00475	0.00742
5	0.01069	0.00941	0.01146	0.01168	0.12235	0.01037	0.03882	0.03884	0.54668	0.01782	0.04736	0.01873	0.08300	0.00632	0.00471	0.00150	0.00386	0.00545	0.00417	0.00675
6	0.00866	0.00719	0.00848	0.00657	0.00972	0.00562	0.00508	0.01037	0.00910	0.01383	0.01094	0.09420	0.01070	0.08547	0.00561	0.00120	0.00342	0.03479	0.00290	0.66618
7	0.01223	0.01269	0.01741	0.02495	0.67058	0.15503	0.01299	0.01465	0.01077	0.01414	0.00825	0.01067	0.00694	0.00415	0.00441	0.00131	0.00588	0.00384	0.00226	0.00684
8	0.01127	0.00973	0.01025	0.00922	0.01178	0.01127	0.00717	0.02408	0.80430	0.01896	0.01844	0.01691	0.01383	0.00615	0.00461	0.00154	0.00359	0.00512	0.00461	0.00717
9	0.01122	0.01077	0.01839	0.02781	0.81248	0.01077	0.01391	0.01391	0.01032	0.01480	0.00852	0.01122	0.00718	0.00404	0.00449	0.00135	0.00538	0.00404	0.00224	0.00718
10	0.01211	0.84348	0.02374	0.00775	0.01163	0.01793	0.00775	0.01357	0.00921	0.01066	0.00630	0.00727	0.00582	0.00388	0.00291	0.00097	0.00485	0.00242	0.00194	0.00582
11	0.00856	0.00805	0.01359	0.82986	0.03121	0.01007	0.01258	0.01158	0.00906	0.01158	0.00805	0.01208	0.00604	0.00453	0.00453	0.00151	0.00604	0.00403	0.00201	0.00503
12	0.00730	0.00522	0.00730	0.00835	0.00939	0.00522	0.00730	0.00939	0.01043	0.01356	0.02399	0.05111	0.02608	0.01252	0.00626	0.00209	0.00417	0.78199	0.00417	0.00417
13	0.00551	0.00398	0.00522	0.00622	0.00655	0.00369	0.00417	0.00632	0.00876	0.01160	0.02610	0.79514	0.07190	0.01405	0.00576	0.00182	0.00261	0.01270	0.00421	0.00369
14	0.05317	0.01249	0.21138	0.00992	0.01458	0.00822	0.11354	0.01298	0.03017	0.01502	0.00840	0.00991	0.00659	0.00377	0.00386	0.00103	0.00477	0.00326	0.00250	0.47444
15	0.17740	0.29426	0.26179	0.00906	0.01348	0.01275	0.00977	0.06046	0.02620	0.01534	0.03124	0.00930	0.00703	0.00434	0.00354	0.00123	0.00498	0.00305	0.00244	0.05234
16	0.22021	0.02993	0.12757	0.00902	0.01263	0.02676	0.03206	0.08825	0.17506	0.16675	0.02585	0.01218	0.00913	0.00504	0.00405	0.00139	0.00441	0.00388	0.00371	0.04212

[dist]
# distance from previous block
# <min> <max>
4	26

[block]
# block no. 5 follows, 57 sequences, length 16
# corresponding to MSA columns:
# 384-399
name=unknown_F
#
# <colnr> <probs for GDERKNQSTAVLIFYWHMCP>
#	G	D	E	R	K	N	Q	S	T	A	V	L	I	F	Y	W	H	M	C	P
0	0.07510	0.01004	0.01376	0.02630	0.03911	0.03457	0.15001	0.12724	0.08985	0.07358	0.02763	0.06752	0.00997	0.00573	0.00574	0.00142	0.10566	0.00475	0.00331	0.12869
1	0.04684	0.00886	0.01049	0.00812	0.01149	0.00835	0.03002	0.18040	0.07461	0.13043	0.06978	0.01480	0.03721	0.00524	0.00417	0.00115	0.00382	0.01882	0.00387	0.33153
2	0.01494	0.01230	0.01144	0.04180	0.01323	0.20388	0.00759	0.14249	0.17091	0.17511	0.01226	0.01213	0.00894	0.00505	0.00425	0.00125	0.00502	0.00387	0.00383	0.14972
3	0.01554	0.01374	0.04300	0.00938	0.01261	0.31787	0.00762	0.03533	0.01206	0.24607	0.01109	0.01208	0.00830	0.00490	0.00414	0.00116	0.00553	0.02882	0.00346	0.20727
4	0.06873	0.00766	0.01002	0.00781	0.01113	0.00683	0.00641	0.02064	0.03201	0.68762	0.05981	0.01584	0.01251	0.00568	0.00447	0.00139	0.00372	0.00460	0.00532	0.02778
5	0.01254	0.01093	0.01460	0.01193	0.01354	0.08443	0.10978	0.05589	0.03618	0.13357	0.00936	0.02996	0.00775	0.00671	0.01004	0.00171	0.43809	0.00438	0.00287	0.00574
6	0.00856	0.00805	0.01359	0.82986	0.03121	0.01007	0.01258	0.01158	0.00906	0.01158	0.00805	0.01208	0.00604	0.00453	0.00453	0.00151	0.00604	0.00403	0.00201	0.00503
7	0.00868	0.00817	0.01381	0.79410	0.06604	0.01010	0.01264	0.01168	0.00912	0.01172	0.00807	0.01204	0.00609	0.00451	0.00453	0.00150	0.00601	0.00403	0.00202	0.00513
8	0.02033	0.00771	0.01052	0.00806	0.01157	0.00666	0.00666	0.02208	0.01297	0.81562	0.01788	0.01542	0.01122	0.00561	0.00456	0.00140	0.00386	0.00456	0.00561	0.00771
9	0.01723	0.01269	0.01360	0.01043	0.01405	0.01405	0.00861	0.79738	0.02131	0.02856	0.01088	0.01088	0.00771	0.00544	0.00453	0.00136	0.00499	0.00408	0.00453	0.00771
10	0.00909	0.02344	0.81727	0.01292	0.01961	0.01052	0.01674	0.01435	0.00957	0.01435	0.00813	0.00957	0.00574	0.00431	0.00431	0.00144	0.00670	0.00335	0.00191	0.00670
11	0.87276	0.00876	0.00666	0.00596	0.00876	0.01017	0.00491	0.01332	0.00771	0.02033	0.00631	0.00736	0.00491	0.00421	0.00280	0.00140	0.00351	0.00245	0.00280	0.00491
12	0.87276	0.00876	0.00666	0.00596	0.00876	0.01017	0.00491	0.01332	0.00771	0.02033	0.00631	0.00736	0.00491	0.00421	0.00280	0.00140	0.00351	0.00245	0.00280	0.00491
13	0.01907	0.00766	0.01028	0.00796	0.01128	0.00676	0.00654	0.05192	0.01329	0.71937	0.08202	0.01674	0.01364	0.00590	0.00462	0.00140	0.00376	0.00483	0.00552	0.00743
14	0.01708	0.01704	0.01200	0.01058	0.01317	0.54905	0.00816	0.04150	0.04049	0.19449	0.01074	0.01213	0.00830	0.00531	0.00432	0.00128	0.00676	0.03840	0.00330	0.00590
15	0.00669	0.00613	0.00580	0.00617	0.00719	0.09280	0.00438	0.00767	0.00982	0.01180	0.03179	0.41484	0.35441	0.01202	0.00542	0.00164	0.00309	0.01041	0.00400	0.00391

[dist]
# distance from previous block
# <min> <max>
11	19

[block]
# block no. 6 follows, 57 sequences, length 12
# corresponding to MSA columns:
# 419-430
name=unknown_G
#
# <colnr> <probs for GDERKNQSTAVLIFYWHMCP>
#	G	D	E	R	K	N	Q	S	T	A	V	L	I	F	Y	W	H	M	C	P
0	0.01505	0.01566	0.20476	0.01099	0.01519	0.07586	0.01043	0.48910	0.05716	0.04560	0.01050	0.01079	0.00750	0.00515	0.00445	0.00137	0.00554	0.00388	0.00377	0.00725
1	0.00897	0.21482	0.41084	0.00988	0.01461	0.01073	0.03404	0.01230	0.00970	0.01297	0.01672	0.01720	0.19757	0.00590	0.00425	0.00135	0.00523	0.00467	0.00248	0.00578
2	0.00601	0.00441	0.00564	0.00577	0.00663	0.00403	0.00416	0.00760	0.01122	0.01539	0.47245	0.29198	0.12572	0.01109	0.00549	0.00157	0.00231	0.00985	0.00465	0.00403
3	0.00732	0.00473	0.00614	0.00603	0.00714	0.00431	0.00446	0.00898	0.01148	0.08516	0.45158	0.24411	0.10282	0.01050	0.00541	0.00156	0.00248	0.02667	0.00475	0.00438
4	0.01472	0.01592	0.01261	0.01159	0.07827	0.41929	0.00834	0.15361	0.01331	0.01535	0.00806	0.00919	0.00648	0.00444	0.00402	0.00110	0.00624	0.00316	0.00280	0.21151
5	0.08139	0.01060	0.01744	0.02603	0.74702	0.01072	0.01317	0.01386	0.01011	0.01525	0.00834	0.01090	0.00699	0.00405	0.00435	0.00135	0.00523	0.00391	0.00229	0.00699
6	0.00909	0.00641	0.00719	0.00637	0.00741	0.00668	0.00439	0.19532	0.01111	0.01503	0.14327	0.02586	0.01867	0.50611	0.01576	0.00319	0.00417	0.00625	0.00354	0.00418
7	0.00826	0.00738	0.01123	0.49942	0.02231	0.00807	0.00950	0.01068	0.00908	0.01234	0.01081	0.14612	0.01010	0.00583	0.00445	0.00136	0.00484	0.00515	0.00253	0.21053
8	0.01409	0.01614	0.01303	0.01458	0.20293	0.49562	0.00920	0.01511	0.01111	0.01145	0.00751	0.00981	0.00649	0.00632	0.00640	0.14262	0.00682	0.00335	0.00225	0.00518
9	0.00702	0.00560	0.00861	0.01040	0.13893	0.00602	0.00666	0.00862	0.00811	0.01147	0.01461	0.21210	0.01509	0.02439	0.49467	0.00502	0.00877	0.00663	0.00282	0.00447
10	0.00899	0.01735	0.49438	0.01511	0.20632	0.00949	0.01390	0.01296	0.00987	0.01411	0.01439	0.01551	0.13736	0.00541	0.00452	0.00143	0.00567	0.00453	0.00237	0.00634
11	0.00632	0.00898	0.19840	0.00691	0.00944	0.00542	0.00678	0.00844	0.01000	0.01292	0.07080	0.16455	0.45405	0.01010	0.00517	0.00155	0.00339	0.00856	0.00370	0.00451

[dist]
# distance from previous block
# <min> <max>
0	248

# created by:
# /st0/software/busco_prod/Augustus/scripts/msa2prfl.pl ./align_prep/127306.fa
