[name]
unknown

[dist]
# distance from previous block
# <min> <max>
1	279

[block]
# block no. 0 follows, 62 sequences, length 17
# corresponding to MSA columns:
# 285-301
name=unknown_A
#
# <colnr> <probs for GDERKNQSTAVLIFYWHMCP>
#	G	D	E	R	K	N	Q	S	T	A	V	L	I	F	Y	W	H	M	C	P
0	0.00865	0.17720	0.04376	0.03567	0.03413	0.03218	0.03005	0.06455	0.04615	0.01224	0.01493	0.28652	0.05361	0.02785	0.01918	0.03601	0.03722	0.00652	0.00298	0.03061
1	0.04264	0.22070	0.07677	0.02414	0.21387	0.07433	0.00939	0.04315	0.03339	0.03224	0.00883	0.01054	0.03213	0.00619	0.05055	0.00157	0.10814	0.00347	0.00230	0.00566
2	0.01243	0.01036	0.04379	0.01888	0.04412	0.04968	0.05327	0.31327	0.04980	0.07206	0.05875	0.02539	0.02113	0.00595	0.03447	0.00138	0.00466	0.00410	0.00351	0.17299
3	0.03888	0.02983	0.03030	0.00964	0.06429	0.05644	0.00740	0.33090	0.09290	0.06728	0.01071	0.04382	0.00845	0.01535	0.00420	0.00121	0.00428	0.00389	0.00353	0.17668
4	0.01225	0.13104	0.06060	0.04450	0.08766	0.21086	0.07983	0.09330	0.20948	0.01455	0.00989	0.01063	0.00770	0.00454	0.00401	0.00125	0.00545	0.00365	0.00282	0.00598
5	0.00680	0.00546	0.02240	0.00584	0.00704	0.00520	0.00440	0.02322	0.12562	0.01470	0.39356	0.05024	0.12746	0.16320	0.00797	0.00190	0.00279	0.02395	0.00406	0.00417
6	0.01558	0.00816	0.04039	0.06008	0.01218	0.00784	0.00739	0.04852	0.01121	0.53641	0.05833	0.01403	0.01074	0.00570	0.00589	0.00141	0.14109	0.00429	0.00430	0.00645
7	0.00540	0.00427	0.00482	0.00478	0.00595	0.00374	0.00352	0.00672	0.01025	0.01317	0.29524	0.09738	0.48394	0.03503	0.00555	0.00151	0.00219	0.00871	0.00415	0.00369
8	0.00510	0.00431	0.00442	0.00439	0.00579	0.00362	0.00329	0.00625	0.00988	0.01192	0.10254	0.04025	0.76249	0.01062	0.00503	0.00143	0.00214	0.00888	0.00401	0.00362
9	0.00860	0.00812	0.01347	0.61611	0.17772	0.00959	0.01167	0.01125	0.00865	0.01153	0.00756	0.01100	0.00589	0.00427	0.00464	0.00138	0.04322	0.00373	0.00196	0.03964
10	0.00853	0.02201	0.82841	0.01213	0.01842	0.00988	0.01572	0.01348	0.00898	0.01348	0.00764	0.00898	0.00539	0.00404	0.00404	0.00135	0.00629	0.00314	0.00180	0.00629
11	0.00583	0.00434	0.00542	0.00515	0.00624	0.00393	0.00387	0.00766	0.01160	0.01600	0.67278	0.03354	0.18971	0.00910	0.00502	0.00136	0.00204	0.00794	0.00454	0.00393
12	0.00608	0.00456	0.00684	0.00684	0.00760	0.00532	0.00532	0.00760	0.00684	0.00988	0.01140	0.01672	0.01064	0.03191	0.83360	0.00684	0.01140	0.00456	0.00228	0.00380
13	0.01109	0.68439	0.15389	0.00822	0.01224	0.04762	0.00870	0.01303	0.00883	0.01059	0.00622	0.00721	0.00545	0.00374	0.00299	0.00099	0.00496	0.00244	0.00183	0.00558
14	0.15712	0.07834	0.01220	0.00898	0.01208	0.10808	0.00740	0.48138	0.05941	0.02183	0.00914	0.00942	0.00677	0.00475	0.00383	0.00124	0.00472	0.00338	0.00356	0.00637
15	0.00994	0.06454	0.62552	0.01132	0.01677	0.05509	0.01363	0.04772	0.05855	0.04557	0.00854	0.00948	0.00614	0.00424	0.00400	0.00131	0.00592	0.00325	0.00221	0.00627
16	0.01419	0.06362	0.03654	0.01018	0.01235	0.65918	0.00791	0.01540	0.01109	0.01034	0.00727	0.00932	0.00635	0.04497	0.07197	0.00170	0.00760	0.00303	0.00218	0.00480

[dist]
# distance from previous block
# <min> <max>
0	1

[block]
# block no. 1 follows, 62 sequences, length 59
# corresponding to MSA columns:
# 303-361
name=unknown_B
#
# <colnr> <probs for GDERKNQSTAVLIFYWHMCP>
#	G	D	E	R	K	N	Q	S	T	A	V	L	I	F	Y	W	H	M	C	P
0	0.00919	0.00916	0.01401	0.01161	0.01240	0.01176	0.12797	0.02409	0.02837	0.01126	0.00790	0.07503	0.00777	0.00766	0.02556	0.00185	0.60280	0.00461	0.00218	0.00481
1	0.00862	0.13958	0.47407	0.01063	0.01522	0.01009	0.07459	0.01207	0.00898	0.01259	0.03927	0.02733	0.07998	0.00528	0.00482	0.02203	0.04307	0.00404	0.00216	0.00558
2	0.01024	0.00852	0.01046	0.08862	0.14619	0.06096	0.00791	0.03360	0.21399	0.07796	0.03604	0.04578	0.07257	0.00646	0.00498	0.00143	0.04964	0.07725	0.04182	0.00558
3	0.00619	0.00413	0.00464	0.00464	0.00464	0.00413	0.00258	0.00619	0.00619	0.00825	0.01341	0.02785	0.01547	0.85046	0.02166	0.00413	0.00413	0.00619	0.00258	0.00258
4	0.06038	0.01758	0.57254	0.01080	0.01595	0.00925	0.04251	0.05989	0.00988	0.05915	0.03336	0.01237	0.06831	0.00479	0.00412	0.00135	0.00548	0.00383	0.00244	0.00601
5	0.00965	0.05761	0.03184	0.00921	0.05647	0.04777	0.05002	0.04107	0.00976	0.12316	0.01558	0.14044	0.01528	0.01243	0.15309	0.00249	0.00555	0.20135	0.01238	0.00487
6	0.00888	0.08128	0.69795	0.01230	0.01822	0.01046	0.08621	0.01344	0.00905	0.01324	0.00760	0.00905	0.00549	0.00397	0.00404	0.00132	0.00624	0.00325	0.00183	0.00618
7	0.00518	0.00370	0.00494	0.00592	0.00617	0.00346	0.00395	0.00592	0.00815	0.01086	0.02345	0.84768	0.02814	0.01333	0.00543	0.00173	0.00247	0.01210	0.00395	0.00346
8	0.00953	0.23122	0.59485	0.01086	0.01633	0.04246	0.01331	0.01342	0.00901	0.01249	0.00716	0.00839	0.00541	0.00395	0.00370	0.00123	0.00590	0.00291	0.00182	0.00603
9	0.00917	0.00888	0.01416	0.49790	0.31123	0.04187	0.01193	0.01177	0.00906	0.01193	0.00806	0.03070	0.00658	0.00431	0.00425	0.00136	0.00545	0.00394	0.00203	0.00542
10	0.01787	0.00695	0.00949	0.00745	0.01049	0.00606	0.00609	0.01946	0.01177	0.75364	0.01699	0.06212	0.01154	0.00660	0.03139	0.00152	0.00381	0.00473	0.00509	0.00691
11	0.00518	0.00370	0.00494	0.00592	0.00617	0.00346	0.00395	0.00592	0.00815	0.01086	0.02345	0.84768	0.02814	0.01333	0.00543	0.00173	0.00247	0.01210	0.00395	0.00346
12	0.00916	0.16481	0.59567	0.01067	0.01596	0.01080	0.01304	0.04502	0.00937	0.01334	0.03617	0.01016	0.00707	0.03586	0.00452	0.00137	0.00569	0.00329	0.00203	0.00596
13	0.01670	0.04096	0.07262	0.02806	0.01226	0.00846	0.00748	0.19464	0.01334	0.51460	0.01420	0.03644	0.00961	0.00528	0.00423	0.00131	0.00411	0.00423	0.00453	0.00693
14	0.37955	0.01094	0.15668	0.02432	0.20766	0.00943	0.00883	0.03818	0.00877	0.02942	0.00767	0.00917	0.00596	0.00412	0.00356	0.00129	0.01659	0.00307	0.06927	0.00550
15	0.00744	0.00440	0.00526	0.00504	0.00609	0.00439	0.00382	0.02319	0.00991	0.03650	0.28289	0.02135	0.02062	0.02343	0.12007	0.00199	0.00343	0.00533	0.41078	0.00408
16	0.01331	0.14105	0.01463	0.05457	0.11742	0.09717	0.04817	0.28947	0.03364	0.06158	0.00917	0.01005	0.00698	0.00443	0.00391	0.00118	0.00494	0.00351	0.02885	0.05596
17	0.00575	0.00431	0.00549	0.00558	0.00640	0.00421	0.00406	0.00719	0.02114	0.01242	0.24939	0.19844	0.18299	0.08184	0.18815	0.00287	0.00438	0.00801	0.00369	0.00370
18	0.00509	0.00431	0.00439	0.00437	0.00578	0.00362	0.00328	0.00622	0.00983	0.01181	0.08755	0.04043	0.77755	0.01066	0.00503	0.00143	0.00215	0.00891	0.00399	0.00362
19	0.00589	0.00437	0.00532	0.00506	0.00621	0.00392	0.00379	0.00759	0.01128	0.02486	0.57272	0.03421	0.26852	0.02114	0.00525	0.00141	0.00210	0.00801	0.00445	0.00391
20	0.00512	0.00431	0.00443	0.00440	0.00580	0.00363	0.00330	0.00628	0.00991	0.01199	0.11174	0.04014	0.75325	0.01059	0.00503	0.00143	0.00214	0.00887	0.00402	0.00363
21	0.00853	0.02201	0.82841	0.01213	0.01842	0.00988	0.01572	0.01348	0.00898	0.01348	0.00764	0.00898	0.00539	0.00404	0.00404	0.00135	0.00629	0.00314	0.00180	0.00629
22	0.00882	0.00756	0.00882	0.00630	0.01008	0.00567	0.00504	0.01071	0.00882	0.01387	0.00756	0.00882	0.00630	0.00315	0.00315	0.00063	0.00315	0.00252	0.00252	0.87647
23	0.01266	0.01203	0.12722	0.00953	0.01314	0.02284	0.02909	0.33503	0.21475	0.04840	0.01140	0.01141	0.00835	0.00482	0.00411	0.00125	0.00445	0.00383	0.00365	0.12202
24	0.00921	0.00898	0.01566	0.34930	0.25808	0.00936	0.14727	0.01196	0.00916	0.01263	0.00787	0.01079	0.00620	0.00386	0.00422	0.00127	0.00541	0.00383	0.00208	0.12286
25	0.00521	0.00375	0.00494	0.00584	0.00616	0.00348	0.00392	0.00601	0.00835	0.01110	0.05220	0.78655	0.06061	0.01307	0.00540	0.00170	0.00244	0.01182	0.00398	0.00348
26	0.77310	0.00811	0.00671	0.00584	0.00856	0.00913	0.00481	0.01353	0.00786	0.11982	0.00728	0.00786	0.00535	0.00411	0.00284	0.00132	0.00333	0.00255	0.00296	0.00494
27	0.01080	0.68325	0.18698	0.00827	0.01245	0.01542	0.00900	0.01289	0.00871	0.01072	0.00627	0.00727	0.00545	0.00372	0.00300	0.00100	0.00491	0.00245	0.00182	0.00563
28	0.00861	0.04294	0.80811	0.01201	0.01823	0.01006	0.01551	0.01346	0.00898	0.01339	0.00759	0.00893	0.00539	0.00403	0.00401	0.00134	0.00624	0.00312	0.00180	0.00627
29	0.01058	0.00914	0.00962	0.00866	0.01106	0.01058	0.00673	0.02261	0.81623	0.01780	0.01732	0.01588	0.01299	0.00577	0.00433	0.00144	0.00337	0.00481	0.00433	0.00673
30	0.06474	0.00901	0.05121	0.00812	0.01146	0.00814	0.00698	0.20249	0.01356	0.52427	0.04579	0.01348	0.01035	0.00523	0.00420	0.00131	0.00392	0.00414	0.00469	0.00692
31	0.00814	0.00777	0.01343	0.79593	0.02893	0.00952	0.05474	0.01102	0.00859	0.01102	0.00762	0.01135	0.00571	0.00422	0.00430	0.00142	0.00575	0.00385	0.00190	0.00478
32	0.00739	0.00370	0.00554	0.00554	0.00554	0.00370	0.00370	0.00554	0.00554	0.00739	0.00739	0.01293	0.00739	0.01478	0.01663	0.87620	0.00370	0.00370	0.00185	0.00185
33	0.00504	0.00428	0.00435	0.00440	0.00577	0.00358	0.00327	0.00610	0.00961	0.01146	0.04198	0.08700	0.77686	0.01092	0.00505	0.00145	0.00217	0.00916	0.00395	0.00358
34	0.01330	0.00763	0.00924	0.02921	0.01060	0.00784	0.00623	0.14205	0.18230	0.30629	0.01655	0.04969	0.05726	0.03274	0.06998	0.02825	0.00426	0.00495	0.01554	0.00610
35	0.00644	0.00442	0.00568	0.00533	0.00632	0.00409	0.00393	0.00821	0.01141	0.04245	0.69426	0.03110	0.05938	0.09058	0.00661	0.00161	0.00227	0.00747	0.00448	0.00397
36	0.88052	0.00823	0.00625	0.00560	0.00823	0.00955	0.00461	0.01251	0.00724	0.01909	0.00592	0.00691	0.00461	0.00395	0.00263	0.00132	0.00329	0.00230	0.00263	0.00461
37	0.01545	0.01955	0.01210	0.05830	0.01408	0.78635	0.00843	0.01664	0.01186	0.01044	0.00663	0.00788	0.00549	0.00438	0.00386	0.00111	0.00756	0.00280	0.00218	0.00492
38	0.00732	0.00400	0.00429	0.00436	0.00522	0.00396	0.00317	0.00901	0.00879	0.01463	0.05650	0.09405	0.04072	0.06435	0.02983	0.00148	0.00247	0.00523	0.63683	0.00381
39	0.00518	0.00370	0.00494	0.00592	0.00617	0.00346	0.00395	0.00592	0.00815	0.01086	0.02345	0.84768	0.02814	0.01333	0.00543	0.00173	0.00247	0.01210	0.00395	0.00346
40	0.00983	0.00949	0.01301	0.02595	0.01166	0.01298	0.00926	0.07389	0.00763	0.01157	0.00599	0.00942	0.00572	0.00720	0.01302	0.00181	0.76094	0.00373	0.00205	0.00486
41	0.01073	0.01071	0.01738	0.04806	0.70022	0.05713	0.06694	0.01326	0.00981	0.01360	0.00795	0.01046	0.00662	0.00382	0.00425	0.00127	0.00537	0.00381	0.00211	0.00651
42	0.01035	0.00847	0.00915	0.00822	0.01045	0.00958	0.00638	0.05283	0.64299	0.04110	0.09057	0.06226	0.01598	0.00641	0.00445	0.00144	0.00326	0.00541	0.00437	0.00634
43	0.01842	0.00831	0.01054	0.00808	0.01140	0.00784	0.00667	0.20141	0.01397	0.64366	0.01528	0.01351	0.00978	0.00523	0.00427	0.00131	0.00386	0.00418	0.00504	0.00724
44	0.00827	0.00500	0.00646	0.00589	0.00731	0.00461	0.00454	0.02617	0.02093	0.14415	0.54756	0.07100	0.08246	0.00854	0.00493	0.00139	0.00244	0.03914	0.00465	0.00456
45	0.00644	0.00433	0.00538	0.00545	0.00637	0.00409	0.00394	0.00764	0.00909	0.05773	0.16086	0.23825	0.20971	0.08531	0.12378	0.00246	0.00376	0.00814	0.05347	0.00380
46	0.04400	0.01133	0.01214	0.00942	0.01269	0.01251	0.00774	0.69203	0.06884	0.05805	0.01083	0.01087	0.00775	0.01635	0.00444	0.00133	0.00450	0.00389	0.00423	0.00706
47	0.79620	0.00859	0.00689	0.00600	0.00871	0.00990	0.00495	0.09028	0.00849	0.01984	0.00634	0.00723	0.00486	0.00406	0.00279	0.00131	0.00343	0.00245	0.00279	0.00486
48	0.00712	0.00453	0.00571	0.00588	0.00681	0.00421	0.00421	0.00859	0.03949	0.10148	0.13155	0.42603	0.13445	0.06761	0.00626	0.00175	0.00268	0.03346	0.00411	0.00404
49	0.20147	0.00713	0.00800	0.00677	0.00925	0.00719	0.00552	0.08187	0.05254	0.31689	0.05996	0.02658	0.03548	0.00588	0.00397	0.00134	0.00332	0.06204	0.09907	0.00571
50	0.03228	0.00949	0.01103	0.00851	0.01175	0.00972	0.00702	0.41804	0.01591	0.37650	0.01317	0.01225	0.00878	0.00515	0.00419	0.00128	0.00408	0.00401	0.03978	0.00706
51	0.00602	0.00450	0.00505	0.00501	0.00623	0.00402	0.00367	0.00754	0.03799	0.04432	0.16075	0.15570	0.47422	0.05836	0.00598	0.00161	0.00239	0.00874	0.00405	0.00383
52	0.05915	0.00568	0.00678	0.00607	0.00778	0.00549	0.00467	0.01228	0.10659	0.18184	0.34249	0.06874	0.11473	0.03192	0.00510	0.00145	0.00267	0.00659	0.02504	0.00491
53	0.01374	0.00864	0.00974	0.00805	0.01074	0.00917	0.00643	0.21552	0.29339	0.23717	0.01603	0.01542	0.04113	0.03259	0.00479	0.00142	0.00365	0.00457	0.06125	0.00656
54	0.68868	0.00855	0.00739	0.00629	0.00909	0.00962	0.00519	0.10592	0.00925	0.10580	0.00758	0.00810	0.00554	0.00422	0.00300	0.00131	0.00349	0.00269	0.00310	0.00519
55	0.00615	0.00422	0.00533	0.00562	0.00611	0.00412	0.00381	0.01753	0.00809	0.03184	0.07664	0.36449	0.07420	0.25917	0.09976	0.00292	0.00395	0.01913	0.00346	0.00344
56	0.00713	0.00479	0.00575	0.00561	0.00688	0.00439	0.00422	0.02263	0.03357	0.08960	0.22276	0.18015	0.29520	0.04297	0.00570	0.00159	0.00258	0.05612	0.00421	0.00415
57	0.00751	0.00390	0.00559	0.00556	0.00568	0.00392	0.00374	0.02325	0.00609	0.00830	0.00835	0.03734	0.00834	0.03575	0.01558	0.77197	0.00362	0.00402	0.03938	0.00212
58	0.13360	0.02258	0.04181	0.05974	0.04202	0.11811	0.01926	0.10994	0.08285	0.02525	0.01631	0.00975	0.00695	0.00430	0.00407	0.00112	0.04099	0.00319	0.00279	0.25538

[dist]
# distance from previous block
# <min> <max>
0	3

[block]
# block no. 2 follows, 62 sequences, length 31
# corresponding to MSA columns:
# 368-398
name=unknown_C
#
# <colnr> <probs for GDERKNQSTAVLIFYWHMCP>
#	G	D	E	R	K	N	Q	S	T	A	V	L	I	F	Y	W	H	M	C	P
0	0.00942	0.00807	0.00869	0.00673	0.00977	0.04583	0.00525	0.08696	0.05252	0.01461	0.03289	0.03429	0.04283	0.07107	0.00500	0.00111	0.00351	0.00372	0.00293	0.55479
1	0.00659	0.00468	0.00611	0.00613	0.00709	0.00482	0.00457	0.00855	0.05854	0.04570	0.11598	0.20444	0.13173	0.04250	0.31158	0.00355	0.00581	0.00725	0.02037	0.00401
2	0.00875	0.00560	0.00670	0.00591	0.00779	0.00508	0.00455	0.03105	0.05513	0.15574	0.16562	0.08657	0.27032	0.03085	0.04879	0.00168	0.00318	0.00682	0.00407	0.09581
3	0.00926	0.00580	0.00798	0.00679	0.00843	0.00587	0.08831	0.06841	0.02556	0.08129	0.05138	0.01612	0.01162	0.03835	0.13072	0.02079	0.00442	0.00445	0.40986	0.00459
4	0.28435	0.00750	0.00800	0.00689	0.00941	0.00785	0.00554	0.03018	0.16113	0.28337	0.03069	0.06406	0.01116	0.00566	0.00384	0.00137	0.00332	0.02513	0.04477	0.00579
5	0.01042	0.00847	0.00971	0.00719	0.01074	0.00747	0.00580	0.15898	0.04490	0.02840	0.00855	0.00947	0.00680	0.00376	0.00370	0.00083	0.02503	0.00292	0.00294	0.64391
6	0.00570	0.00398	0.00494	0.00544	0.00571	0.00382	0.00355	0.00630	0.00774	0.01031	0.06418	0.41754	0.04913	0.33790	0.01172	0.00264	0.00315	0.04961	0.00346	0.00317
7	0.46284	0.00739	0.00662	0.00581	0.00809	0.00821	0.00469	0.09061	0.04708	0.06563	0.00972	0.01058	0.00735	0.00450	0.00306	0.00123	0.00309	0.00315	0.24541	0.00494
8	0.00986	0.00549	0.00671	0.00595	0.00755	0.00512	0.00448	0.03171	0.04882	0.23170	0.18613	0.04465	0.17468	0.18554	0.00831	0.00197	0.00311	0.02932	0.00419	0.00469
9	0.00704	0.00505	0.00603	0.00585	0.00699	0.00494	0.00429	0.02661	0.10781	0.04617	0.30628	0.19240	0.14468	0.08537	0.00646	0.00170	0.00263	0.01963	0.01586	0.00423
10	0.01646	0.01146	0.01249	0.00957	0.01297	0.01252	0.00791	0.73239	0.01924	0.10524	0.01086	0.01063	0.00756	0.00512	0.00426	0.00128	0.00458	0.00387	0.00436	0.00724
11	0.00740	0.00461	0.00588	0.00589	0.00684	0.00432	0.00430	0.00882	0.02569	0.10478	0.22632	0.25951	0.08021	0.14721	0.00784	0.00197	0.00289	0.08744	0.00407	0.00401
12	0.00558	0.00402	0.00483	0.00517	0.00563	0.00376	0.00340	0.00630	0.00826	0.01089	0.12110	0.34953	0.15996	0.27978	0.01050	0.00240	0.00289	0.00914	0.00360	0.00327
13	0.01020	0.00625	0.00658	0.00582	0.00752	0.00663	0.00455	0.16824	0.10712	0.04622	0.01384	0.02940	0.01073	0.00524	0.00347	0.00113	0.00274	0.00419	0.55508	0.00504
14	0.01236	0.00796	0.00881	0.00753	0.00990	0.00858	0.00596	0.13136	0.36069	0.17161	0.01530	0.01476	0.01116	0.00553	0.00419	0.01383	0.00330	0.00437	0.19658	0.00622
15	0.72873	0.00876	0.00727	0.00628	0.00901	0.01008	0.00516	0.11958	0.04258	0.02007	0.00697	0.00773	0.00531	0.00418	0.00292	0.00132	0.00348	0.00261	0.00292	0.00505
16	0.00550	0.00374	0.00485	0.00570	0.00604	0.00352	0.00385	0.00640	0.00831	0.01153	0.03900	0.74054	0.02652	0.01233	0.00516	0.00164	0.00241	0.01112	0.09831	0.00352
17	0.00619	0.00472	0.00705	0.00699	0.00772	0.00558	0.00546	0.00769	0.00683	0.00989	0.01120	0.01646	0.01046	0.03107	0.80549	0.00667	0.03991	0.00453	0.00227	0.00383
18	0.01119	0.00854	0.00935	0.00838	0.01074	0.00959	0.00655	0.02120	0.66292	0.10934	0.01770	0.05634	0.01376	0.00625	0.00442	0.00146	0.00337	0.02794	0.00441	0.00655
19	0.00728	0.00456	0.00587	0.00561	0.00678	0.00412	0.00417	0.00888	0.01099	0.11092	0.47185	0.19644	0.12723	0.00948	0.00502	0.00143	0.00231	0.00834	0.00452	0.00423
20	0.01570	0.01100	0.01194	0.00925	0.01245	0.01202	0.00760	0.69554	0.01862	0.08130	0.01115	0.02891	0.00811	0.00529	0.00422	0.00127	0.00442	0.00405	0.05019	0.00698
21	0.00739	0.00370	0.00554	0.00554	0.00554	0.00370	0.00370	0.00554	0.00554	0.00739	0.00739	0.01293	0.00739	0.01478	0.01663	0.87620	0.00370	0.00370	0.00185	0.00185
22	0.01099	0.04719	0.02196	0.01574	0.01955	0.09433	0.59350	0.05231	0.05309	0.01392	0.00875	0.01102	0.00668	0.00396	0.00496	0.00138	0.02801	0.00458	0.00235	0.00574
23	0.00696	0.00470	0.00554	0.00546	0.00590	0.00489	0.00358	0.02229	0.07918	0.01025	0.02938	0.05031	0.01487	0.50082	0.06863	0.09819	0.00427	0.03281	0.04876	0.00321
24	0.01138	0.85302	0.02230	0.00728	0.01092	0.01684	0.00728	0.01274	0.00865	0.01001	0.00592	0.00683	0.00546	0.00364	0.00273	0.00091	0.00455	0.00228	0.00182	0.00546
25	0.00932	0.00857	0.00955	0.00720	0.01041	0.05794	0.00577	0.01104	0.00874	0.01320	0.00726	0.00881	0.00616	0.00376	0.00454	0.00081	0.10762	0.00268	0.00242	0.71420
26	0.00793	0.00397	0.00397	0.00397	0.00496	0.00397	0.00297	0.00991	0.00892	0.01586	0.01388	0.01586	0.01091	0.00496	0.00297	0.00099	0.00198	0.00397	0.87408	0.00397
27	0.00718	0.00412	0.00464	0.00451	0.00551	0.00399	0.00338	0.00918	0.01015	0.01633	0.33014	0.02210	0.02235	0.00642	0.00377	0.00113	0.00199	0.00543	0.53370	0.00399
28	0.01046	0.01183	0.06330	0.02100	0.38454	0.04967	0.36837	0.01352	0.00992	0.01359	0.00819	0.01074	0.00648	0.00374	0.00455	0.00134	0.00619	0.00426	0.00211	0.00618
29	0.00608	0.00456	0.00684	0.00684	0.00760	0.00532	0.00532	0.00760	0.00684	0.00988	0.01140	0.01672	0.01064	0.03191	0.83360	0.00684	0.01140	0.00456	0.00228	0.00380
30	0.01004	0.01148	0.02511	0.01793	0.02224	0.01076	0.80846	0.01363	0.01004	0.01363	0.00861	0.01148	0.00646	0.00359	0.00502	0.00143	0.00717	0.00502	0.00215	0.00574

[dist]
# distance from previous block
# <min> <max>
0	2

[block]
# block no. 3 follows, 62 sequences, length 11
# corresponding to MSA columns:
# 401-411
name=unknown_D
#
# <colnr> <probs for GDERKNQSTAVLIFYWHMCP>
#	G	D	E	R	K	N	Q	S	T	A	V	L	I	F	Y	W	H	M	C	P
0	0.00639	0.00699	0.12413	0.03261	0.00878	0.00500	0.00590	0.00878	0.01135	0.01601	0.63091	0.02843	0.08229	0.00802	0.00485	0.00135	0.00275	0.00700	0.00414	0.00434
1	0.00876	0.01818	0.61557	0.01106	0.01598	0.00957	0.01330	0.05475	0.00922	0.01370	0.00852	0.01109	0.00666	0.03561	0.03771	0.00169	0.06723	0.01915	0.03642	0.00585
2	0.01085	0.01065	0.01292	0.19681	0.24977	0.12490	0.00986	0.03969	0.24138	0.01425	0.01043	0.01177	0.00812	0.00456	0.00417	0.00130	0.00499	0.00389	0.00279	0.03687
3	0.01264	0.56319	0.01904	0.00943	0.05847	0.25296	0.00789	0.01399	0.00969	0.01035	0.00623	0.00728	0.00554	0.00386	0.00314	0.00098	0.00548	0.00250	0.00194	0.00538
4	0.01025	0.05909	0.05823	0.12820	0.01458	0.00950	0.05393	0.14608	0.13513	0.01570	0.01019	0.05103	0.00834	0.00475	0.00421	0.00117	0.02653	0.00393	0.00295	0.25622
5	0.01032	0.01009	0.07288	0.32419	0.19092	0.01032	0.06382	0.12129	0.03187	0.03840	0.00858	0.01100	0.00655	0.00452	0.00494	0.00138	0.06393	0.00387	0.01534	0.00578
6	0.01014	0.00953	0.01302	0.12952	0.29470	0.08816	0.02568	0.05409	0.01006	0.03737	0.07805	0.07425	0.03680	0.00582	0.00564	0.00140	0.11280	0.00482	0.00267	0.00547
7	0.00557	0.00420	0.00581	0.00733	0.06591	0.00395	0.00458	0.00645	0.00833	0.01111	0.02317	0.75155	0.06098	0.01252	0.00532	0.00168	0.00264	0.01135	0.00382	0.00370
8	0.01374	0.00973	0.05696	0.00831	0.01156	0.04131	0.00712	0.21747	0.06484	0.24635	0.03324	0.01477	0.01033	0.00531	0.00416	0.00122	0.00408	0.06438	0.00396	0.18115
9	0.00955	0.00990	0.05269	0.14998	0.30955	0.05849	0.01041	0.01266	0.08530	0.01296	0.05263	0.07305	0.01018	0.00559	0.00576	0.00143	0.12718	0.00460	0.00251	0.00560
10	0.00645	0.00518	0.00807	0.02209	0.00886	0.00499	0.10575	0.00780	0.00900	0.02820	0.12262	0.45726	0.08149	0.05024	0.00629	0.00173	0.02840	0.03798	0.00368	0.00393

[dist]
# distance from previous block
# <min> <max>
4	28

[block]
# block no. 4 follows, 62 sequences, length 12
# corresponding to MSA columns:
# 453-464
name=unknown_E
#
# <colnr> <probs for GDERKNQSTAVLIFYWHMCP>
#	G	D	E	R	K	N	Q	S	T	A	V	L	I	F	Y	W	H	M	C	P
0	0.01061	0.00787	0.00985	0.00768	0.01044	0.00746	0.05255	0.19660	0.03160	0.07797	0.14963	0.01563	0.01371	0.06964	0.04292	0.00156	0.00403	0.00442	0.00352	0.28230
1	0.07769	0.00997	0.03734	0.02281	0.01202	0.01013	0.00725	0.38816	0.08559	0.23288	0.01367	0.01306	0.04544	0.00533	0.00416	0.00131	0.00410	0.00414	0.01825	0.00671
2	0.01472	0.01067	0.01151	0.00907	0.01215	0.02699	0.00736	0.58838	0.05383	0.07729	0.01189	0.08275	0.00943	0.00572	0.00429	0.00128	0.00433	0.00452	0.00416	0.05966
3	0.01013	0.00792	0.00922	0.00672	0.01036	0.00646	0.00541	0.09594	0.01029	0.06290	0.03025	0.00992	0.00756	0.00363	0.00338	0.00076	0.00331	0.00290	0.00292	0.71002
4	0.00680	0.00522	0.00635	0.00606	0.00731	0.00520	0.00464	0.01049	0.15495	0.01634	0.54801	0.05724	0.08507	0.00867	0.00497	0.00142	0.00240	0.05994	0.00450	0.00445
5	0.00589	0.00431	0.00532	0.00509	0.00603	0.00396	0.00369	0.00747	0.01087	0.01497	0.58706	0.03272	0.16232	0.12323	0.00728	0.00173	0.00232	0.00770	0.00428	0.00375
6	0.00517	0.00376	0.00488	0.00579	0.00614	0.00347	0.00389	0.00594	0.00828	0.01092	0.02514	0.77820	0.09653	0.01311	0.00540	0.00170	0.00244	0.01183	0.00395	0.00347
7	0.14691	0.00690	0.07713	0.00676	0.03472	0.00589	0.00550	0.00995	0.04738	0.01674	0.51920	0.02486	0.06743	0.00734	0.00449	0.00134	0.00275	0.00624	0.00397	0.00450
8	0.00759	0.00684	0.01103	0.54055	0.02165	0.00853	0.00968	0.00984	0.00785	0.01047	0.00857	0.01316	0.00726	0.04677	0.20363	0.00286	0.07322	0.00406	0.00201	0.00441
9	0.08590	0.01015	0.03467	0.17079	0.30604	0.03086	0.06857	0.10318	0.09925	0.03586	0.00923	0.01098	0.00711	0.00430	0.00415	0.00133	0.00501	0.00384	0.00267	0.00612
10	0.02933	0.38377	0.07567	0.00879	0.04847	0.04469	0.00778	0.14093	0.01069	0.01419	0.00722	0.00817	0.00597	0.00384	0.00327	0.00097	0.00451	0.00273	0.00241	0.19660
11	0.01420	0.37063	0.01629	0.00913	0.01207	0.39033	0.00770	0.06181	0.01109	0.06082	0.00713	0.00788	0.00588	0.00417	0.00342	0.00104	0.00593	0.00270	0.00234	0.00543

[dist]
# distance from previous block
# <min> <max>
0	2

[block]
# block no. 5 follows, 62 sequences, length 26
# corresponding to MSA columns:
# 467-492
name=unknown_F
#
# <colnr> <probs for GDERKNQSTAVLIFYWHMCP>
#	G	D	E	R	K	N	Q	S	T	A	V	L	I	F	Y	W	H	M	C	P
0	0.01093	0.00950	0.01142	0.16012	0.11572	0.04528	0.00859	0.11012	0.38372	0.03240	0.01375	0.01500	0.02429	0.00542	0.00434	0.00140	0.00433	0.03395	0.00351	0.00621
1	0.00916	0.00898	0.01400	0.46276	0.26624	0.05517	0.03189	0.01167	0.00903	0.01181	0.00844	0.05443	0.00717	0.00466	0.00455	0.00138	0.02708	0.00419	0.00209	0.00530
2	0.00973	0.00826	0.01258	0.48810	0.14278	0.00956	0.01050	0.06171	0.11175	0.05560	0.00972	0.01251	0.00747	0.03616	0.00491	0.00149	0.00506	0.00403	0.00258	0.00549
3	0.00929	0.00888	0.01478	0.18706	0.46434	0.00920	0.06133	0.01225	0.05150	0.01316	0.01296	0.01496	0.11197	0.00488	0.00438	0.00134	0.00485	0.00459	0.00242	0.00586
4	0.00557	0.00431	0.00511	0.00523	0.00632	0.00404	0.00395	0.00686	0.00913	0.01187	0.10325	0.12182	0.42709	0.01492	0.17341	0.00256	0.00412	0.04171	0.04504	0.00369
5	0.00589	0.00421	0.00538	0.00599	0.00644	0.00405	0.00407	0.04799	0.00891	0.01196	0.08065	0.68487	0.02702	0.07307	0.00651	0.00185	0.00267	0.01092	0.00392	0.00363
6	0.00939	0.00955	0.01435	0.01191	0.01238	0.01279	0.09647	0.01061	0.00690	0.01061	0.00592	0.00955	0.00568	0.00703	0.01299	0.00182	0.75155	0.00387	0.00189	0.00477
7	0.02150	0.00836	0.01017	0.17716	0.01409	0.03991	0.04517	0.15432	0.19774	0.02608	0.04206	0.01375	0.01009	0.00558	0.00469	0.04595	0.00411	0.00421	0.16965	0.00540
8	0.10959	0.00930	0.00969	0.00817	0.01086	0.01034	0.00653	0.25954	0.36100	0.06201	0.01642	0.01557	0.09081	0.00584	0.00418	0.00137	0.00365	0.00462	0.00413	0.00636
9	0.00569	0.00427	0.00524	0.00512	0.00614	0.00386	0.00377	0.00729	0.01093	0.01483	0.52652	0.10951	0.24100	0.03016	0.00546	0.00147	0.00214	0.00840	0.00438	0.00382
10	0.01233	0.00950	0.01023	0.00872	0.01134	0.01067	0.00699	0.27703	0.44960	0.04522	0.01512	0.01577	0.01158	0.00583	0.00433	0.00139	0.00377	0.04828	0.04566	0.00663
11	0.04785	0.00466	0.00549	0.00583	0.00662	0.00458	0.00405	0.00831	0.07929	0.03769	0.05597	0.47774	0.11992	0.11311	0.00707	0.00191	0.00277	0.00947	0.00383	0.00385
12	0.01100	0.00573	0.00732	0.00663	0.00837	0.00535	0.00504	0.03475	0.06838	0.30502	0.11363	0.28337	0.06934	0.03870	0.00542	0.00157	0.00301	0.01767	0.00449	0.00520
13	0.01837	0.00840	0.01059	0.00812	0.01144	0.00797	0.00671	0.21609	0.01412	0.62878	0.01516	0.01343	0.00972	0.00523	0.00427	0.00131	0.00388	0.00417	0.00502	0.00724
14	0.01263	0.00694	0.00844	0.00723	0.00949	0.00682	0.00569	0.08703	0.15792	0.32771	0.07493	0.11963	0.08348	0.04090	0.00528	0.00153	0.00333	0.03059	0.00455	0.00588
15	0.15327	0.00769	0.00897	0.00724	0.01006	0.00755	0.00589	0.15321	0.01228	0.42993	0.03329	0.07031	0.05810	0.00596	0.00413	0.00134	0.00353	0.00476	0.01624	0.00624
16	0.00560	0.00415	0.00475	0.00490	0.00555	0.00385	0.00327	0.00634	0.00834	0.01076	0.10810	0.18206	0.29043	0.30741	0.03371	0.00258	0.00315	0.00831	0.00350	0.00326
17	0.00938	0.00531	0.00559	0.00512	0.00652	0.00552	0.00394	0.09843	0.06796	0.04466	0.01358	0.01509	0.01051	0.00541	0.00377	0.03383	0.00250	0.00401	0.65431	0.00455
18	0.09284	0.00590	0.00710	0.00622	0.00823	0.00552	0.00485	0.01312	0.04923	0.30771	0.17191	0.12725	0.15140	0.02334	0.00486	0.00145	0.00290	0.00656	0.00443	0.00520
19	0.00704	0.00387	0.00568	0.00569	0.00583	0.00398	0.00389	0.00596	0.00598	0.00811	0.02633	0.03070	0.00952	0.07113	0.14306	0.64983	0.00486	0.00424	0.00206	0.00227
20	0.00869	0.00839	0.01444	0.59705	0.11471	0.00982	0.09769	0.01201	0.05085	0.01185	0.00818	0.01145	0.00625	0.00429	0.00459	0.00142	0.02714	0.00397	0.00207	0.00516
21	0.00541	0.00400	0.00489	0.00534	0.00603	0.00368	0.00373	0.00644	0.00892	0.01179	0.12223	0.43878	0.24141	0.04710	0.03845	0.00188	0.00273	0.00992	0.03371	0.00355
22	0.00632	0.00443	0.00654	0.00654	0.00723	0.00507	0.00501	0.00750	0.00681	0.00994	0.01110	0.01626	0.01030	0.02857	0.69926	0.10043	0.01004	0.00443	0.05059	0.00360
23	0.01001	0.04344	0.12045	0.23240	0.08885	0.08358	0.21240	0.04408	0.00991	0.02744	0.00947	0.01178	0.03427	0.00501	0.02561	0.00147	0.00607	0.00408	0.02420	0.00546
24	0.01304	0.00777	0.00928	0.00798	0.02155	0.00792	0.00630	0.18963	0.14398	0.27186	0.02925	0.07014	0.10201	0.00820	0.04859	0.00169	0.00401	0.04630	0.00439	0.00612
25	0.00610	0.00419	0.00516	0.00537	0.00577	0.00423	0.00362	0.00682	0.00731	0.01004	0.03142	0.15328	0.06425	0.41212	0.15343	0.00368	0.00481	0.05851	0.05672	0.00318

[dist]
# distance from previous block
# <min> <max>
0	2

# created by:
# /st0/software/busco_prod/Augustus/scripts/msa2prfl.pl ./align_prep/127488.fa
