[name]
unknown

[dist]
# distance from previous block
# <min> <max>
0	10

[block]
# block no. 0 follows, 61 sequences, length 19
# corresponding to MSA columns:
# 19-37
name=unknown_A
#
# <colnr> <probs for GDERKNQSTAVLIFYWHMCP>
#	G	D	E	R	K	N	Q	S	T	A	V	L	I	F	Y	W	H	M	C	P
0	0.00838	0.00567	0.00757	0.00805	0.00939	0.00573	0.00696	0.05073	0.04745	0.06553	0.02156	0.04300	0.02247	0.01086	0.00569	0.00188	0.00396	0.66653	0.00409	0.00448
1	0.01642	0.12683	0.01355	0.00901	0.01247	0.01216	0.00762	0.50666	0.01674	0.21850	0.01136	0.01092	0.00789	0.00500	0.00410	0.00125	0.00446	0.00377	0.00422	0.00708
2	0.00985	0.11286	0.66931	0.01135	0.01717	0.01048	0.01417	0.01417	0.00933	0.08078	0.00831	0.00932	0.00590	0.00415	0.00397	0.00131	0.00595	0.00318	0.00211	0.00635
3	0.00615	0.00462	0.00692	0.00692	0.00769	0.00538	0.00538	0.00769	0.00692	0.01000	0.01154	0.01692	0.01077	0.03231	0.83154	0.00692	0.01154	0.00462	0.00231	0.00385
4	0.04269	0.24118	0.25267	0.01117	0.04681	0.04847	0.10834	0.06117	0.01034	0.12562	0.00872	0.00959	0.00647	0.00416	0.00385	0.00123	0.00544	0.00336	0.00256	0.00616
5	0.02574	0.00949	0.01193	0.02406	0.21798	0.11464	0.04825	0.04012	0.01054	0.16887	0.04152	0.04643	0.06989	0.06847	0.00623	0.00159	0.04390	0.04152	0.00324	0.00560
6	0.00692	0.00477	0.00614	0.00564	0.00676	0.00452	0.00425	0.00875	0.01145	0.05509	0.63925	0.02983	0.06981	0.05126	0.00613	0.00150	0.03179	0.00725	0.02462	0.02427
7	0.00996	0.00985	0.01517	0.37153	0.42792	0.06692	0.01234	0.01255	0.00947	0.01252	0.00781	0.01081	0.00627	0.00408	0.00426	0.00133	0.00557	0.00376	0.00205	0.00583
8	0.03378	0.00775	0.01074	0.19291	0.16804	0.00813	0.00824	0.03786	0.13344	0.07775	0.09144	0.01817	0.12675	0.00584	0.00438	0.00134	0.00399	0.00503	0.00330	0.06113
9	0.55011	0.00901	0.00886	0.00893	0.10261	0.01009	0.00632	0.17274	0.01028	0.01978	0.00824	0.06097	0.00695	0.00482	0.00336	0.00134	0.00377	0.00344	0.00302	0.00538
10	0.01035	0.00991	0.01692	0.12744	0.72320	0.01015	0.01306	0.01294	0.00966	0.01369	0.00805	0.01076	0.00669	0.00390	0.00427	0.00130	0.00520	0.00384	0.00211	0.00657
11	0.00525	0.00375	0.00500	0.00600	0.00625	0.00350	0.00400	0.00600	0.00825	0.01100	0.02374	0.84580	0.02849	0.01350	0.00550	0.00175	0.00250	0.01225	0.00400	0.00350
12	0.00732	0.00611	0.00709	0.00744	0.07073	0.05695	0.00507	0.03702	0.01176	0.01592	0.52587	0.06238	0.13668	0.00841	0.00489	0.00135	0.00277	0.00731	0.02057	0.00437
13	0.00533	0.00381	0.00495	0.00583	0.00610	0.00356	0.00386	0.00603	0.00815	0.01080	0.02369	0.74696	0.05869	0.08191	0.00683	0.00194	0.00262	0.01163	0.00388	0.00343
14	0.01066	0.01023	0.01748	0.02644	0.82174	0.01023	0.01322	0.01322	0.00981	0.01407	0.00810	0.01066	0.00682	0.00384	0.00426	0.00128	0.00512	0.00384	0.00213	0.00682
15	0.74478	0.00860	0.00696	0.05837	0.00979	0.04365	0.00525	0.01252	0.00786	0.01833	0.04654	0.00856	0.00656	0.00428	0.00294	0.00133	0.00360	0.00272	0.00270	0.00466
16	0.00948	0.13062	0.60411	0.01202	0.05682	0.06253	0.01380	0.01353	0.00930	0.01294	0.00852	0.00976	0.02975	0.00425	0.00394	0.00129	0.00604	0.00325	0.00193	0.00611
17	0.01154	0.08912	0.03271	0.04438	0.57773	0.05199	0.01188	0.10277	0.01096	0.01491	0.00807	0.01013	0.00664	0.00402	0.00411	0.00125	0.00520	0.00363	0.00234	0.00660
18	0.02294	0.03855	0.02519	0.02984	0.10234	0.03675	0.06599	0.11454	0.04691	0.01496	0.04925	0.13113	0.05141	0.00623	0.00506	0.00129	0.07019	0.00523	0.00305	0.17914

[dist]
# distance from previous block
# <min> <max>
14	35

[block]
# block no. 1 follows, 61 sequences, length 52
# corresponding to MSA columns:
# 80-131
name=unknown_B
#
# <colnr> <probs for GDERKNQSTAVLIFYWHMCP>
#	G	D	E	R	K	N	Q	S	T	A	V	L	I	F	Y	W	H	M	C	P
0	0.05035	0.08102	0.13758	0.04186	0.15845	0.03835	0.00920	0.09277	0.05421	0.11220	0.05714	0.04152	0.02730	0.00519	0.00412	0.00128	0.00453	0.01833	0.00311	0.06148
1	0.03285	0.01007	0.10008	0.00955	0.08155	0.05482	0.00750	0.08278	0.16497	0.01660	0.21215	0.03021	0.01650	0.00569	0.00424	0.00123	0.00385	0.00477	0.00349	0.15710
2	0.03247	0.00986	0.11476	0.03216	0.18429	0.02010	0.10410	0.03834	0.05521	0.05654	0.15138	0.04947	0.10925	0.00613	0.00457	0.00137	0.00436	0.00552	0.00321	0.01690
3	0.00810	0.04718	0.12125	0.01007	0.13830	0.02469	0.01604	0.03169	0.01104	0.02990	0.35555	0.02370	0.13616	0.00703	0.00462	0.00132	0.00356	0.00607	0.00357	0.02017
4	0.01186	0.75424	0.04909	0.00777	0.01146	0.05636	0.00770	0.02598	0.00918	0.02472	0.00634	0.00722	0.00564	0.00379	0.00292	0.00096	0.00481	0.00242	0.00196	0.00559
5	0.00958	0.08875	0.40150	0.01227	0.08932	0.04517	0.05156	0.02609	0.07411	0.01363	0.01780	0.05650	0.00801	0.00480	0.00440	0.00131	0.03047	0.00392	0.00233	0.05848
6	0.01144	0.82814	0.04494	0.00751	0.01127	0.01685	0.00761	0.01292	0.00876	0.01023	0.00604	0.00697	0.00553	0.00370	0.00280	0.00093	0.00466	0.00233	0.00184	0.00555
7	0.01320	0.00749	0.00946	0.09269	0.03096	0.00763	0.00668	0.08302	0.16835	0.32208	0.01758	0.07152	0.07147	0.00621	0.00437	0.00138	0.00364	0.00519	0.07092	0.00618
8	0.00647	0.00657	0.06532	0.00670	0.01929	0.02686	0.03236	0.02526	0.02045	0.01289	0.12798	0.22935	0.35308	0.00996	0.00503	0.00149	0.00303	0.02482	0.00379	0.01930
9	0.01148	0.04834	0.07560	0.07058	0.24927	0.14456	0.05872	0.08627	0.05166	0.04430	0.01889	0.05460	0.02737	0.03375	0.00488	0.00140	0.00536	0.00437	0.00271	0.00588
10	0.00943	0.00947	0.01254	0.01085	0.01099	0.04775	0.00894	0.01039	0.00685	0.01030	0.00627	0.01033	0.00624	0.03231	0.06323	0.00222	0.73149	0.00385	0.00194	0.00461
11	0.79797	0.00847	0.00671	0.00591	0.00862	0.02368	0.00486	0.01338	0.00780	0.08108	0.00685	0.00760	0.00514	0.00411	0.00281	0.00133	0.00343	0.00249	0.00286	0.00488
12	0.78123	0.00971	0.00700	0.00628	0.00890	0.10279	0.00508	0.01318	0.00788	0.01833	0.00607	0.00708	0.00477	0.00405	0.00280	0.00131	0.00383	0.00238	0.00262	0.00470
13	0.00748	0.00374	0.00561	0.00561	0.00561	0.00374	0.00374	0.00561	0.00561	0.00748	0.00748	0.01309	0.00748	0.01496	0.01684	0.87467	0.00374	0.00374	0.00187	0.00187
14	0.07042	0.00511	0.00684	0.00694	0.04353	0.00527	0.00466	0.03218	0.05551	0.04543	0.00918	0.01324	0.02282	0.01235	0.01337	0.64016	0.00375	0.00384	0.00235	0.00302
15	0.01089	0.01010	0.03534	0.07462	0.46992	0.00996	0.10875	0.08488	0.01072	0.05203	0.01066	0.03487	0.04254	0.00467	0.00462	0.00135	0.02068	0.00445	0.00259	0.00636
16	0.01027	0.00555	0.00682	0.00596	0.00782	0.00514	0.00466	0.01281	0.07246	0.24576	0.30104	0.02558	0.15830	0.00749	0.00456	0.00133	0.00262	0.00635	0.11036	0.00512
17	0.01218	0.08394	0.04206	0.02527	0.28535	0.07720	0.03020	0.10967	0.19052	0.06534	0.01083	0.01188	0.00844	0.02286	0.00454	0.00135	0.00486	0.00395	0.00307	0.00649
18	0.01188	0.03688	0.04909	0.03236	0.20766	0.13837	0.07809	0.15061	0.02323	0.04287	0.01087	0.07187	0.03153	0.00576	0.01562	0.00141	0.05549	0.00451	0.02599	0.00588
19	0.00732	0.00530	0.00619	0.00587	0.00724	0.00516	0.00440	0.01048	0.14076	0.06267	0.29289	0.09396	0.24028	0.06525	0.01974	0.00172	0.00276	0.01930	0.00427	0.00444
20	0.01154	0.04148	0.24477	0.03768	0.09905	0.01042	0.03785	0.22681	0.06892	0.05862	0.03728	0.02142	0.00869	0.01379	0.02666	0.00148	0.00521	0.00398	0.00307	0.04128
21	0.02562	0.34957	0.45002	0.01006	0.01497	0.01277	0.01188	0.01308	0.00883	0.01220	0.00724	0.02375	0.00591	0.00422	0.00391	0.00121	0.03398	0.00301	0.00189	0.00589
22	0.00541	0.00440	0.00483	0.00497	0.00626	0.00382	0.00382	0.00667	0.00996	0.01227	0.11177	0.08679	0.61014	0.01098	0.00521	0.00152	0.00240	0.10100	0.00406	0.00371
23	0.01058	0.00922	0.00948	0.00845	0.01068	0.04776	0.00659	0.07132	0.58148	0.01773	0.09972	0.01772	0.04446	0.00626	0.00470	0.00143	0.02603	0.00512	0.01499	0.00628
24	0.85299	0.00831	0.00641	0.00569	0.00839	0.00955	0.00468	0.01261	0.00738	0.01917	0.00605	0.00706	0.00472	0.00397	0.00268	0.00131	0.00333	0.00234	0.00266	0.03072
25	0.01334	0.01040	0.01092	0.00873	0.01190	0.04956	0.00701	0.32006	0.24555	0.07507	0.01211	0.01186	0.00894	0.00492	0.00407	0.00120	0.00410	0.00386	0.00392	0.19247
26	0.00569	0.00439	0.00520	0.00499	0.00619	0.00389	0.00375	0.00735	0.01124	0.01501	0.50742	0.03591	0.35411	0.00965	0.00508	0.00139	0.00209	0.00831	0.00444	0.00389
27	0.01813	0.00775	0.01008	0.00780	0.01100	0.00710	0.00642	0.11370	0.02498	0.67257	0.05078	0.01494	0.01160	0.00547	0.00434	0.00133	0.00370	0.00443	0.01674	0.00714
28	0.00513	0.00428	0.00447	0.00460	0.00589	0.00363	0.00338	0.00619	0.00965	0.01165	0.05495	0.14714	0.70184	0.01121	0.00514	0.00149	0.00222	0.00948	0.00401	0.00363
29	0.00885	0.02080	0.71511	0.01309	0.01918	0.01013	0.12562	0.01366	0.00924	0.01366	0.00787	0.00944	0.00561	0.00403	0.00423	0.00138	0.00649	0.00345	0.00187	0.00629
30	0.00626	0.00419	0.00478	0.00484	0.00488	0.00418	0.00279	0.00635	0.00644	0.00858	0.01416	0.05066	0.01631	0.79786	0.02094	0.00404	0.00412	0.03323	0.00269	0.00268
31	0.74668	0.02270	0.02658	0.03136	0.00986	0.00966	0.04345	0.01254	0.00774	0.01846	0.03443	0.00827	0.00607	0.00415	0.00295	0.00134	0.00364	0.00272	0.00266	0.00476
32	0.01268	0.10040	0.19108	0.05030	0.12331	0.32762	0.01068	0.07334	0.02852	0.01305	0.00755	0.00893	0.00600	0.00436	0.00417	0.00122	0.02558	0.00316	0.00226	0.00579
33	0.02948	0.01129	0.01567	0.27422	0.03875	0.14604	0.19822	0.05717	0.00988	0.01263	0.00771	0.02018	0.00624	0.00486	0.00607	0.00145	0.14868	0.00401	0.00220	0.00522
34	0.01190	0.00819	0.00992	0.04409	0.01162	0.00881	0.04461	0.06837	0.39607	0.16643	0.03761	0.01649	0.02937	0.00571	0.00429	0.00138	0.00360	0.01643	0.10881	0.00629
35	0.00617	0.00456	0.00663	0.00663	0.00730	0.00523	0.00502	0.00750	0.00684	0.00978	0.01181	0.01840	0.01141	0.13948	0.72525	0.00656	0.01057	0.00483	0.00235	0.00368
36	0.00620	0.00447	0.00556	0.00555	0.00666	0.00405	0.00423	0.00783	0.01091	0.03640	0.42378	0.12086	0.23988	0.01010	0.00520	0.00149	0.00238	0.09608	0.00440	0.00397
37	0.01165	0.01024	0.01569	0.08280	0.55184	0.01069	0.01169	0.15326	0.06362	0.03264	0.00925	0.01110	0.00732	0.00427	0.00428	0.00131	0.00496	0.00392	0.00271	0.00677
38	0.01919	0.00756	0.01014	0.00777	0.01111	0.00667	0.00642	0.05855	0.01271	0.78663	0.01668	0.01446	0.01050	0.00532	0.00433	0.00133	0.00372	0.00431	0.00528	0.00733
39	0.00535	0.00383	0.00511	0.00604	0.00636	0.00358	0.00411	0.00621	0.00850	0.01137	0.06171	0.77681	0.02893	0.01321	0.00550	0.00174	0.00253	0.04154	0.00403	0.00354
40	0.01152	0.85121	0.02257	0.00737	0.01106	0.01704	0.00737	0.01290	0.00875	0.01013	0.00599	0.00691	0.00553	0.00369	0.00276	0.00092	0.00461	0.00230	0.00184	0.00553
41	0.01557	0.11797	0.01346	0.01060	0.01305	0.69445	0.00820	0.05625	0.01220	0.01133	0.00676	0.00780	0.00564	0.00439	0.00377	0.00110	0.00724	0.00277	0.00228	0.00517
42	0.87904	0.00833	0.00633	0.00566	0.00833	0.00966	0.00467	0.01266	0.00733	0.01933	0.00600	0.00700	0.00467	0.00400	0.00267	0.00133	0.00333	0.00233	0.00267	0.00467
43	0.00594	0.00440	0.00557	0.00632	0.00682	0.00433	0.00433	0.02173	0.08169	0.01192	0.02294	0.75559	0.02672	0.01265	0.00538	0.00172	0.00262	0.01143	0.00404	0.00387
44	0.00626	0.00418	0.00470	0.00470	0.00470	0.00418	0.00261	0.00626	0.00626	0.00835	0.01357	0.02819	0.01566	0.84862	0.02192	0.00418	0.00418	0.00626	0.00261	0.00261
45	0.01011	0.00883	0.00913	0.00831	0.01060	0.02624	0.00647	0.02059	0.68932	0.01704	0.02028	0.01952	0.10053	0.00653	0.00449	0.00147	0.00338	0.02649	0.00429	0.00636
46	0.00527	0.00384	0.00497	0.00581	0.00621	0.00354	0.00393	0.00611	0.00857	0.01133	0.06007	0.73015	0.10827	0.01303	0.00544	0.00170	0.00245	0.01174	0.00403	0.00354
47	0.84184	0.00849	0.00662	0.00585	0.00855	0.00982	0.00482	0.04693	0.00789	0.01966	0.00619	0.00714	0.00478	0.00405	0.00274	0.00133	0.00339	0.00240	0.00274	0.00478
48	0.04756	0.00741	0.00974	0.00751	0.01081	0.00646	0.00619	0.03124	0.01188	0.68552	0.01572	0.01454	0.01031	0.00522	0.00420	0.00128	0.00363	0.02224	0.00492	0.09361
49	0.00890	0.00765	0.00913	0.00727	0.04875	0.00595	0.00543	0.02300	0.00920	0.01410	0.00989	0.01100	0.05551	0.00372	0.00337	0.00073	0.00325	0.00303	0.00265	0.76749
50	0.00942	0.00942	0.01319	0.01131	0.01131	0.01319	0.00942	0.01037	0.00660	0.01037	0.00565	0.00942	0.00565	0.00754	0.01414	0.00188	0.84073	0.00377	0.00188	0.00471
51	0.10435	0.32796	0.10325	0.04945	0.01305	0.21231	0.00832	0.02856	0.00990	0.05965	0.00722	0.00819	0.00581	0.00408	0.00338	0.00110	0.00537	0.00275	0.00230	0.04299

[dist]
# distance from previous block
# <min> <max>
0	10

[block]
# block no. 2 follows, 61 sequences, length 35
# corresponding to MSA columns:
# 142-176
name=unknown_C
#
# <colnr> <probs for GDERKNQSTAVLIFYWHMCP>
#	G	D	E	R	K	N	Q	S	T	A	V	L	I	F	Y	W	H	M	C	P
0	0.00999	0.18686	0.45427	0.01261	0.10550	0.02080	0.03635	0.03073	0.00945	0.03627	0.00860	0.00990	0.02645	0.00431	0.00421	0.00128	0.03085	0.00334	0.00209	0.00614
1	0.71641	0.00871	0.00727	0.00697	0.04610	0.03041	0.00528	0.04240	0.03699	0.01881	0.00702	0.00827	0.00556	0.02110	0.00329	0.00138	0.00357	0.00268	0.02289	0.00489
2	0.00949	0.21840	0.61865	0.01106	0.01673	0.01174	0.01373	0.03033	0.00925	0.01310	0.00737	0.00860	0.00551	0.00402	0.00378	0.00126	0.00591	0.00299	0.00188	0.00619
3	0.77471	0.00841	0.00679	0.00588	0.00867	0.00947	0.00483	0.04111	0.00793	0.01916	0.00629	0.00728	0.00491	0.00397	0.00277	0.00127	0.00337	0.00241	0.00272	0.07806
4	0.00893	0.00766	0.00893	0.00638	0.01021	0.00574	0.00510	0.01085	0.00893	0.01404	0.00766	0.00893	0.00638	0.00319	0.00319	0.00064	0.00319	0.00255	0.00255	0.87495
5	0.01511	0.12340	0.03134	0.00928	0.01259	0.01272	0.00792	0.56255	0.01693	0.08910	0.01078	0.05001	0.00829	0.00541	0.00439	0.00128	0.02404	0.00409	0.00394	0.00682
6	0.00864	0.00727	0.00846	0.00619	0.00960	0.00557	0.00483	0.01034	0.00864	0.01340	0.00831	0.01107	0.00741	0.09711	0.00527	0.00103	0.00330	0.00296	0.00256	0.77804
7	0.00896	0.11437	0.73701	0.01173	0.01780	0.01079	0.01497	0.01356	0.00906	0.01325	0.00754	0.00885	0.00546	0.00405	0.00394	0.00131	0.00617	0.00309	0.00182	0.00627
8	0.00864	0.02228	0.82630	0.01228	0.01864	0.01000	0.01592	0.01364	0.00909	0.01364	0.00773	0.00909	0.00546	0.00409	0.00409	0.00136	0.00637	0.00318	0.00182	0.00637
9	0.00558	0.00636	0.09580	0.00534	0.00730	0.00438	0.00475	0.00720	0.00996	0.01240	0.11375	0.03697	0.65507	0.00995	0.00498	0.00143	0.00263	0.00831	0.00383	0.00398
10	0.00563	0.00391	0.00488	0.00551	0.00566	0.00375	0.00347	0.00610	0.00750	0.01000	0.01990	0.53697	0.02364	0.32894	0.01170	0.00267	0.00313	0.00999	0.00347	0.00316
11	0.01139	0.00959	0.01012	0.00890	0.01146	0.01103	0.00698	0.11693	0.71882	0.01911	0.01667	0.01538	0.01245	0.00576	0.00437	0.00144	0.00357	0.00475	0.00437	0.00688
12	0.05916	0.00767	0.01001	0.00771	0.01102	0.00692	0.00637	0.06914	0.01259	0.73802	0.01607	0.01404	0.01018	0.00526	0.00425	0.00133	0.00372	0.00421	0.00514	0.00721
13	0.00602	0.00421	0.00489	0.00489	0.00528	0.00404	0.00307	0.00661	0.00801	0.01070	0.17852	0.08685	0.11712	0.52412	0.01543	0.00312	0.00340	0.00732	0.00330	0.00308
14	0.00879	0.00723	0.00848	0.06670	0.02271	0.03196	0.00563	0.05265	0.00994	0.04269	0.06348	0.10329	0.11261	0.00656	0.02313	0.00119	0.00357	0.00501	0.00314	0.42123
15	0.00709	0.00470	0.00551	0.00517	0.00664	0.00409	0.00392	0.00855	0.01086	0.10774	0.30416	0.06497	0.43139	0.00964	0.00501	0.00142	0.00231	0.00821	0.00441	0.00421
16	0.16154	0.07186	0.01194	0.00973	0.01229	0.51449	0.00759	0.12046	0.02832	0.01434	0.00721	0.00809	0.00578	0.00444	0.00367	0.00117	0.00632	0.00286	0.00259	0.00532
17	0.00951	0.27325	0.58296	0.01079	0.01635	0.01214	0.01333	0.01342	0.00899	0.01258	0.00720	0.00843	0.00548	0.00397	0.00369	0.00123	0.00583	0.00292	0.00183	0.00611
18	0.01195	0.01135	0.02331	0.13471	0.03684	0.12937	0.03495	0.15825	0.34516	0.01701	0.02534	0.01289	0.00968	0.00523	0.00454	0.00138	0.02415	0.00421	0.00347	0.00621
19	0.01045	0.01005	0.01728	0.05946	0.75430	0.01011	0.03328	0.01302	0.00974	0.01389	0.00837	0.02530	0.00715	0.00402	0.00431	0.00130	0.00515	0.00402	0.00216	0.00665
20	0.00573	0.00435	0.00510	0.00496	0.00600	0.00391	0.00360	0.00714	0.01053	0.01401	0.42084	0.05592	0.32365	0.10700	0.00705	0.00173	0.00235	0.00821	0.00420	0.00372
21	0.01735	0.00765	0.01001	0.00788	0.01092	0.00717	0.00646	0.11653	0.02626	0.62222	0.01558	0.01440	0.01031	0.00832	0.09622	0.00195	0.00467	0.00432	0.00485	0.00693
22	0.00560	0.00400	0.00479	0.00526	0.00560	0.00377	0.00337	0.00613	0.00775	0.01011	0.02303	0.41667	0.14609	0.32439	0.01156	0.00261	0.00308	0.00953	0.00348	0.00319
23	0.01066	0.01023	0.01748	0.02644	0.82174	0.01023	0.01322	0.01322	0.00981	0.01407	0.00810	0.01066	0.00682	0.00384	0.00426	0.00128	0.00512	0.00384	0.00213	0.00682
24	0.01637	0.01207	0.01293	0.00991	0.01336	0.01336	0.00819	0.80738	0.02025	0.02715	0.01034	0.01034	0.00733	0.00517	0.00431	0.00129	0.00474	0.00388	0.00431	0.00733
25	0.87904	0.00833	0.00633	0.00566	0.00833	0.00966	0.00467	0.01266	0.00733	0.01933	0.00600	0.00700	0.00467	0.00400	0.00267	0.00133	0.00333	0.00233	0.00267	0.00467
26	0.00616	0.00457	0.00671	0.00671	0.00741	0.00527	0.00512	0.00756	0.00686	0.00984	0.01173	0.01798	0.01123	0.10928	0.75520	0.00666	0.01084	0.00477	0.00234	0.00373
27	0.66526	0.09328	0.00881	0.00664	0.00934	0.13247	0.00548	0.01336	0.00820	0.01711	0.00610	0.00710	0.00488	0.00403	0.00286	0.00126	0.00412	0.00240	0.00252	0.00480
28	0.01052	0.01004	0.01709	0.02575	0.79166	0.01004	0.01299	0.01306	0.00981	0.01403	0.00865	0.01207	0.00749	0.00414	0.00433	0.00131	0.00507	0.03304	0.00220	0.00672
29	0.00615	0.00462	0.00692	0.00692	0.00769	0.00538	0.00538	0.00769	0.00692	0.01000	0.01154	0.01692	0.01077	0.03231	0.83154	0.00692	0.01154	0.00462	0.00231	0.00385
30	0.00530	0.00384	0.00502	0.00590	0.00627	0.00356	0.00400	0.00615	0.00854	0.01132	0.05596	0.74332	0.08456	0.01310	0.00546	0.00172	0.00249	0.02594	0.00403	0.00354
31	0.33780	0.00902	0.01124	0.17600	0.20236	0.01004	0.00863	0.09703	0.04102	0.05700	0.00826	0.00982	0.00629	0.00428	0.00368	0.00134	0.00439	0.00334	0.00276	0.00569
32	0.00672	0.00482	0.00597	0.00546	0.00685	0.00434	0.00415	0.00881	0.03016	0.04742	0.58850	0.03126	0.16854	0.00861	0.00492	0.00133	0.00222	0.00749	0.00450	0.05793
33	0.03786	0.35689	0.29661	0.00927	0.01363	0.03284	0.01012	0.08866	0.03762	0.03450	0.00800	0.00888	0.00625	0.00416	0.00350	0.00116	0.00510	0.00297	0.03601	0.00598
34	0.01142	0.00997	0.01611	0.02292	0.66806	0.00992	0.01194	0.07106	0.01069	0.06499	0.00963	0.01155	0.02615	0.00417	0.00426	0.00127	0.00487	0.00395	0.00254	0.03450

[dist]
# distance from previous block
# <min> <max>
0	2

[block]
# block no. 3 follows, 61 sequences, length 30
# corresponding to MSA columns:
# 179-208
name=unknown_D
#
# <colnr> <probs for GDERKNQSTAVLIFYWHMCP>
#	G	D	E	R	K	N	Q	S	T	A	V	L	I	F	Y	W	H	M	C	P
0	0.73743	0.05999	0.04100	0.00638	0.00923	0.06194	0.00551	0.01300	0.00779	0.01799	0.00611	0.00713	0.00480	0.00401	0.00281	0.00130	0.00381	0.00239	0.00255	0.00481
1	0.00826	0.00645	0.00787	0.07330	0.04746	0.05200	0.00630	0.02390	0.04624	0.06364	0.24580	0.07765	0.11330	0.00884	0.00506	0.00153	0.00352	0.20033	0.00395	0.00457
2	0.00597	0.00440	0.00559	0.00529	0.00636	0.00401	0.00397	0.00789	0.01190	0.01658	0.72460	0.03331	0.13595	0.00906	0.00508	0.00137	0.00205	0.00795	0.00465	0.00401
3	0.00842	0.00702	0.00767	0.00705	0.00890	0.00758	0.00542	0.01577	0.44484	0.01670	0.25261	0.02508	0.16012	0.00757	0.00471	0.00143	0.00280	0.00644	0.00442	0.00548
4	0.80839	0.00825	0.00663	0.00583	0.00855	0.00939	0.00480	0.01335	0.00774	0.08551	0.00690	0.00763	0.00516	0.00411	0.00280	0.00133	0.00336	0.00250	0.00288	0.00488
5	0.00813	0.00766	0.01292	0.83826	0.02967	0.00957	0.01196	0.01101	0.00861	0.01101	0.00766	0.01148	0.00574	0.00431	0.00431	0.00144	0.00574	0.00383	0.00191	0.00479
6	0.01642	0.01165	0.01251	0.00967	0.01305	0.02676	0.00796	0.68766	0.05163	0.10169	0.01120	0.01094	0.00785	0.00520	0.00431	0.00130	0.00464	0.00394	0.00437	0.00727
7	0.01127	0.70527	0.14366	0.00812	0.01220	0.01572	0.00864	0.01321	0.00889	0.03067	0.00652	0.00743	0.00564	0.00379	0.00300	0.00100	0.00485	0.00249	0.00192	0.00570
8	0.01933	0.00733	0.01000	0.00766	0.01100	0.00633	0.00633	0.02099	0.01233	0.82473	0.01699	0.01466	0.01066	0.00533	0.00433	0.00133	0.00367	0.00433	0.00533	0.00733
9	0.00730	0.00472	0.00587	0.00540	0.00678	0.00420	0.00411	0.00905	0.01160	0.10475	0.53281	0.03262	0.23654	0.00896	0.00500	0.00138	0.00225	0.00774	0.00462	0.00431
10	0.82965	0.00854	0.00671	0.00591	0.00862	0.00987	0.00487	0.05817	0.00807	0.01977	0.00625	0.00719	0.00482	0.00407	0.00276	0.00133	0.00341	0.00242	0.00276	0.00482
11	0.04378	0.00919	0.07945	0.00790	0.01136	0.00754	0.00696	0.12229	0.04213	0.28319	0.04597	0.01441	0.01049	0.00509	0.00405	0.00118	0.00384	0.04783	0.00389	0.24947
12	0.00658	0.00505	0.00697	0.00848	0.07729	0.00491	0.00610	0.00833	0.02540	0.01236	0.02446	0.28484	0.12856	0.01144	0.00552	0.00177	0.00338	0.37063	0.00383	0.00408
13	0.00870	0.02184	0.79304	0.01252	0.01880	0.01004	0.04873	0.01365	0.00914	0.01365	0.00777	0.00920	0.00550	0.00407	0.00413	0.00137	0.00640	0.00326	0.00183	0.00634
14	0.01041	0.01109	0.02381	0.01708	0.02124	0.01039	0.73752	0.01389	0.01019	0.04454	0.00928	0.01195	0.00691	0.00376	0.00496	0.00143	0.00688	0.00500	0.04389	0.00578
15	0.00729	0.00381	0.00547	0.00547	0.00547	0.00381	0.00356	0.00572	0.00572	0.00762	0.00846	0.01551	0.00879	0.14830	0.01765	0.73545	0.00381	0.00414	0.00199	0.00199
16	0.00864	0.02228	0.82630	0.01228	0.01864	0.01000	0.01592	0.01364	0.00909	0.01364	0.00773	0.00909	0.00546	0.00409	0.00409	0.00136	0.00637	0.00318	0.00182	0.00637
17	0.00936	0.00764	0.00898	0.00643	0.01024	0.00577	0.00515	0.01126	0.00907	0.04730	0.00804	0.00917	0.00656	0.00328	0.00324	0.00067	0.00321	0.00263	0.00267	0.83935
18	0.00598	0.00446	0.00526	0.00502	0.00628	0.00393	0.00378	0.00760	0.01117	0.03428	0.46428	0.03577	0.37731	0.00963	0.00507	0.00140	0.00214	0.00827	0.00443	0.00396
19	0.00645	0.00409	0.00486	0.00489	0.00489	0.00408	0.00284	0.00614	0.00620	0.00826	0.01274	0.04427	0.01453	0.68409	0.02066	0.15596	0.00406	0.00596	0.00251	0.00250
20	0.00977	0.05481	0.25887	0.01580	0.02063	0.01097	0.52236	0.01365	0.00972	0.01351	0.00824	0.01062	0.00616	0.00384	0.00485	0.00141	0.02244	0.00437	0.00205	0.00594
21	0.05555	0.59346	0.09832	0.00855	0.01229	0.10995	0.03197	0.02660	0.00935	0.01137	0.00639	0.00742	0.00554	0.00385	0.00311	0.00103	0.00516	0.00255	0.00198	0.00554
22	0.68919	0.05562	0.00855	0.02596	0.02193	0.07528	0.02073	0.03564	0.00828	0.01798	0.00629	0.00739	0.00495	0.00405	0.00292	0.00130	0.00395	0.00252	0.00260	0.00487
23	0.01054	0.01032	0.01750	0.08870	0.69669	0.02646	0.06020	0.01316	0.00978	0.01375	0.00808	0.01072	0.00670	0.00387	0.00431	0.00130	0.00535	0.00389	0.00212	0.00657
24	0.00702	0.00534	0.00666	0.00715	0.00820	0.00548	0.00561	0.02146	0.15020	0.01345	0.05553	0.31505	0.06686	0.01111	0.00542	0.00175	0.00320	0.30209	0.00409	0.00434
25	0.01933	0.00733	0.01000	0.00766	0.01100	0.00633	0.00633	0.02099	0.01233	0.82473	0.01699	0.01466	0.01066	0.00533	0.00433	0.00133	0.00367	0.00433	0.00533	0.00733
26	0.00518	0.00401	0.00472	0.00529	0.00606	0.00356	0.00368	0.00608	0.00893	0.01127	0.03236	0.49755	0.37118	0.01238	0.00532	0.00162	0.00236	0.01088	0.00400	0.00356
27	0.00618	0.00525	0.00878	0.00821	0.00929	0.00490	0.15247	0.00750	0.00870	0.01157	0.02176	0.64469	0.05684	0.01154	0.00541	0.00169	0.00339	0.02423	0.00366	0.00394
28	0.32364	0.01097	0.00982	0.00813	0.01099	0.12599	0.00658	0.24862	0.03476	0.14223	0.00947	0.00967	0.00682	0.00473	0.00380	0.00130	0.01694	0.00327	0.01634	0.00595
29	0.01469	0.02462	0.08911	0.00923	0.01231	0.15870	0.00799	0.27377	0.01378	0.20268	0.01117	0.01167	0.00810	0.00802	0.09782	0.00190	0.00586	0.00378	0.03856	0.00626

[dist]
# distance from previous block
# <min> <max>
0	1

[block]
# block no. 4 follows, 61 sequences, length 9
# corresponding to MSA columns:
# 210-218
name=unknown_E
#
# <colnr> <probs for GDERKNQSTAVLIFYWHMCP>
#	G	D	E	R	K	N	Q	S	T	A	V	L	I	F	Y	W	H	M	C	P
0	0.01227	0.01303	0.01005	0.00922	0.01124	0.35141	0.00701	0.07879	0.23927	0.01438	0.04434	0.12083	0.03205	0.00661	0.00440	0.00135	0.00515	0.02979	0.00342	0.00540
1	0.36813	0.12248	0.05821	0.00859	0.01148	0.26014	0.02806	0.05391	0.00980	0.01518	0.00658	0.00769	0.00530	0.00423	0.00355	0.00123	0.02519	0.00270	0.00243	0.00514
2	0.04516	0.00644	0.00725	0.00836	0.12415	0.04928	0.00530	0.04052	0.00937	0.01502	0.01279	0.08058	0.01119	0.05142	0.00487	0.00134	0.03142	0.00462	0.48640	0.00453
3	0.00626	0.00418	0.00470	0.00470	0.00470	0.00418	0.00261	0.00626	0.00626	0.00835	0.01357	0.02819	0.01566	0.84862	0.02192	0.00418	0.00418	0.00626	0.00261	0.00261
4	0.00627	0.00458	0.00608	0.00672	0.00765	0.00439	0.00548	0.00794	0.01000	0.01313	0.15787	0.17812	0.13391	0.01152	0.00562	0.00177	0.00316	0.42781	0.00410	0.00386
5	0.08393	0.01088	0.01153	0.00911	0.01224	0.01203	0.00749	0.61502	0.06604	0.04465	0.01115	0.01197	0.00826	0.00532	0.00417	0.00131	0.00437	0.02797	0.04573	0.00682
6	0.00652	0.00587	0.07067	0.00585	0.00742	0.00447	0.00489	0.00841	0.01098	0.04860	0.44988	0.11045	0.23123	0.00927	0.00501	0.00142	0.00253	0.00804	0.00428	0.00422
7	0.01205	0.34746	0.01647	0.07347	0.05207	0.11036	0.03434	0.05791	0.20054	0.04125	0.00973	0.01031	0.00772	0.00447	0.00368	0.00118	0.00487	0.00340	0.00277	0.00594
8	0.01004	0.28121	0.17961	0.03569	0.01281	0.03978	0.00852	0.04703	0.00972	0.01323	0.07164	0.01028	0.00862	0.00424	0.00374	0.00103	0.02333	0.00315	0.00238	0.23395

[dist]
# distance from previous block
# <min> <max>
2	3

[block]
# block no. 5 follows, 61 sequences, length 8
# corresponding to MSA columns:
# 222-229
name=unknown_F
#
# <colnr> <probs for GDERKNQSTAVLIFYWHMCP>
#	G	D	E	R	K	N	Q	S	T	A	V	L	I	F	Y	W	H	M	C	P
0	0.03374	0.25409	0.01494	0.00884	0.01210	0.04305	0.03814	0.26191	0.05654	0.16646	0.01117	0.01272	0.00867	0.00511	0.00395	0.00124	0.00456	0.05284	0.00357	0.00636
1	0.00620	0.00435	0.00523	0.00517	0.00626	0.00391	0.00382	0.00773	0.01064	0.03942	0.37955	0.16432	0.26829	0.00982	0.00499	0.00142	0.00220	0.00853	0.06420	0.00394
2	0.00662	0.00473	0.00592	0.00563	0.00685	0.00441	0.00431	0.00892	0.04577	0.04254	0.58846	0.03339	0.15895	0.00909	0.00508	0.00141	0.00229	0.05682	0.00458	0.00422
3	0.01539	0.00626	0.00815	0.00656	0.00912	0.00556	0.00531	0.01717	0.01150	0.55477	0.08402	0.01649	0.01329	0.00555	0.00407	0.00125	0.00311	0.00454	0.22166	0.00623
4	0.03373	0.02950	0.04682	0.09829	0.07460	0.09534	0.12803	0.05987	0.05438	0.01404	0.09773	0.13857	0.07346	0.00681	0.00465	0.00142	0.00471	0.02984	0.00311	0.00509
5	0.01291	0.06590	0.01314	0.12043	0.08088	0.14530	0.02716	0.25090	0.06140	0.05504	0.02403	0.04722	0.00909	0.00546	0.00465	0.00134	0.03737	0.02862	0.00321	0.00596
6	0.00976	0.00895	0.01396	0.24731	0.31390	0.00969	0.04764	0.04714	0.14097	0.01425	0.03064	0.03877	0.00927	0.02360	0.00476	0.00143	0.00487	0.00445	0.00268	0.02595
7	0.04768	0.00916	0.01222	0.04137	0.21454	0.00983	0.04518	0.09001	0.31627	0.05985	0.06405	0.03076	0.02899	0.00546	0.00438	0.00139	0.00410	0.00477	0.00361	0.00638

[dist]
# distance from previous block
# <min> <max>
0	1

[block]
# block no. 6 follows, 61 sequences, length 17
# corresponding to MSA columns:
# 231-247
name=unknown_G
#
# <colnr> <probs for GDERKNQSTAVLIFYWHMCP>
#	G	D	E	R	K	N	Q	S	T	A	V	L	I	F	Y	W	H	M	C	P
0	0.01597	0.00686	0.00911	0.00723	0.01001	0.00613	0.00587	0.05729	0.01269	0.58874	0.21146	0.01870	0.01777	0.00617	0.00451	0.00134	0.00332	0.00515	0.00514	0.00654
1	0.66471	0.04342	0.00800	0.00652	0.00925	0.05133	0.00535	0.05620	0.06844	0.04260	0.00744	0.00811	0.00569	0.00425	0.00300	0.00131	0.00370	0.00268	0.00290	0.00510
2	0.07005	0.09341	0.16711	0.00967	0.05679	0.00985	0.02062	0.15375	0.02250	0.04753	0.00875	0.02976	0.00698	0.00436	0.00401	0.00112	0.02911	0.00335	0.00278	0.25849
3	0.02543	0.06807	0.08539	0.09521	0.03739	0.20425	0.03420	0.19553	0.02165	0.05455	0.00970	0.05068	0.00815	0.01818	0.00499	0.00137	0.05039	0.02625	0.00291	0.00572
4	0.05324	0.01946	0.62642	0.01206	0.01760	0.02784	0.07189	0.03898	0.00956	0.04715	0.00809	0.00942	0.00577	0.00425	0.00440	0.00138	0.03079	0.00336	0.00212	0.00623
5	0.00618	0.00461	0.00572	0.00587	0.00675	0.00456	0.00442	0.00773	0.03260	0.01182	0.12884	0.05597	0.21264	0.19099	0.14905	0.00305	0.00456	0.15746	0.00352	0.00367
6	0.00708	0.00416	0.00483	0.00488	0.00581	0.00396	0.00357	0.00880	0.00984	0.03337	0.23496	0.18306	0.05995	0.00797	0.00418	0.00127	0.00216	0.00688	0.40926	0.00398
7	0.01014	0.00870	0.01278	0.05581	0.19511	0.03455	0.11724	0.06651	0.11952	0.04847	0.14053	0.01674	0.04689	0.00573	0.00487	0.01950	0.01686	0.00499	0.06940	0.00566
8	0.00540	0.00430	0.00485	0.00488	0.00605	0.00374	0.00360	0.00673	0.01031	0.01320	0.26717	0.14104	0.49226	0.01063	0.00514	0.00146	0.00218	0.00911	0.00422	0.00374
9	0.00813	0.00766	0.01292	0.83826	0.02967	0.00957	0.01196	0.01101	0.00861	0.01101	0.00766	0.01148	0.00574	0.00431	0.00431	0.00144	0.00574	0.00383	0.00191	0.00479
10	0.01429	0.01051	0.01137	0.00907	0.01192	0.01167	0.00738	0.60108	0.07900	0.02395	0.01192	0.06163	0.00935	0.00578	0.00454	0.00132	0.02790	0.00447	0.08617	0.00667
11	0.01149	0.01178	0.01237	0.01027	0.01268	0.26594	0.15536	0.05848	0.01101	0.04606	0.01397	0.06024	0.08948	0.00615	0.00484	0.00132	0.03982	0.06745	0.05400	0.06726
12	0.02652	0.00861	0.01076	0.06868	0.12663	0.04289	0.00763	0.05145	0.17710	0.28293	0.03820	0.01641	0.06878	0.00564	0.00435	0.00135	0.00402	0.01918	0.00400	0.03487
13	0.02151	0.00900	0.06726	0.01035	0.03560	0.00807	0.17922	0.07586	0.08926	0.07307	0.09052	0.09645	0.04825	0.00775	0.05623	0.00171	0.02089	0.00554	0.02140	0.08208
14	0.03753	0.00977	0.08143	0.42199	0.24810	0.00986	0.04834	0.01187	0.00892	0.01245	0.00809	0.03116	0.00657	0.00448	0.00471	0.00141	0.04176	0.00399	0.00205	0.00549
15	0.09274	0.08762	0.33362	0.00946	0.01342	0.04154	0.02371	0.05119	0.05189	0.07568	0.05891	0.04912	0.05753	0.00548	0.00437	0.00135	0.02952	0.00428	0.00284	0.00574
16	0.01026	0.16472	0.11739	0.00998	0.04746	0.03252	0.11362	0.01352	0.08073	0.09983	0.17552	0.04198	0.03888	0.00575	0.00441	0.00130	0.01471	0.00497	0.01689	0.00557

[dist]
# distance from previous block
# <min> <max>
7	15

[block]
# block no. 7 follows, 61 sequences, length 60
# corresponding to MSA columns:
# 264-319,327-330
name=unknown_H
#
# <colnr> <probs for GDERKNQSTAVLIFYWHMCP>
#	G	D	E	R	K	N	Q	S	T	A	V	L	I	F	Y	W	H	M	C	P
0	0.01001	0.01153	0.10371	0.01782	0.24600	0.01005	0.34121	0.04187	0.06434	0.01463	0.03745	0.02728	0.02303	0.00463	0.00470	0.00140	0.00578	0.02591	0.00255	0.00609
1	0.79581	0.00920	0.03948	0.00633	0.00918	0.02689	0.02214	0.01294	0.00763	0.03024	0.00629	0.00730	0.00484	0.00402	0.00282	0.00133	0.00363	0.00246	0.00265	0.00480
2	0.01402	0.31823	0.01633	0.00983	0.04643	0.15417	0.00805	0.30840	0.05659	0.01709	0.00842	0.00897	0.00666	0.00449	0.00368	0.00113	0.00515	0.00317	0.00297	0.00623
3	0.00530	0.00393	0.00496	0.00568	0.00622	0.00359	0.00392	0.00622	0.00882	0.01153	0.07550	0.62554	0.18332	0.01268	0.00540	0.00167	0.00244	0.02568	0.00404	0.00357
4	0.04067	0.05154	0.08165	0.02820	0.18525	0.02991	0.02943	0.09679	0.12385	0.19091	0.02502	0.02325	0.00913	0.00538	0.01504	0.00142	0.04860	0.00410	0.00340	0.00647
5	0.01006	0.25522	0.29694	0.01263	0.01739	0.01234	0.27136	0.01391	0.04654	0.01289	0.00801	0.00962	0.00619	0.00391	0.00405	0.00127	0.00602	0.00363	0.00206	0.00597
6	0.00575	0.00435	0.00530	0.00515	0.00624	0.00390	0.00383	0.00742	0.01124	0.01521	0.54021	0.09043	0.26575	0.00974	0.00511	0.00141	0.00211	0.00847	0.00448	0.00390
7	0.00864	0.02228	0.82630	0.01228	0.01864	0.01000	0.01592	0.01364	0.00909	0.01364	0.00773	0.00909	0.00546	0.00409	0.00409	0.00136	0.00637	0.00318	0.00182	0.00637
8	0.00651	0.00581	0.03602	0.03793	0.11823	0.00511	0.00583	0.00831	0.01040	0.01414	0.34142	0.18140	0.19419	0.00912	0.00499	0.00144	0.00285	0.00805	0.00389	0.00435
9	0.01599	0.03887	0.01244	0.01101	0.01327	0.81334	0.00830	0.01711	0.01213	0.01053	0.00664	0.00775	0.00555	0.00442	0.00386	0.00111	0.00770	0.00276	0.00221	0.00501
10	0.00616	0.00460	0.00682	0.00682	0.00756	0.00533	0.00526	0.00763	0.00689	0.00993	0.01163	0.01743	0.01099	0.06925	0.79491	0.00680	0.01120	0.00469	0.00232	0.00379
11	0.00606	0.00440	0.00570	0.00538	0.00641	0.00405	0.00403	0.00805	0.01210	0.01705	0.78920	0.03254	0.07106	0.00889	0.00508	0.00136	0.00204	0.00784	0.00471	0.00405
12	0.00991	0.00947	0.01613	0.26794	0.58612	0.01004	0.01285	0.01256	0.00945	0.01316	0.00797	0.01091	0.00650	0.00398	0.00428	0.00133	0.00530	0.00384	0.00207	0.00622
13	0.01052	0.01003	0.01708	0.02572	0.79022	0.01003	0.01298	0.01305	0.00981	0.01403	0.00867	0.01213	0.00752	0.00415	0.00433	0.00131	0.00507	0.03443	0.00220	0.00671
14	0.00626	0.00420	0.00480	0.00480	0.00484	0.00423	0.00274	0.00633	0.00629	0.00843	0.01348	0.02767	0.01543	0.81089	0.05934	0.00430	0.00452	0.00619	0.00260	0.00267
15	0.01017	0.01162	0.02542	0.01816	0.02251	0.01089	0.80610	0.01380	0.01017	0.01380	0.00871	0.01162	0.00654	0.00363	0.00508	0.00145	0.00726	0.00508	0.00218	0.00581
16	0.01066	0.01023	0.01748	0.02644	0.82174	0.01023	0.01322	0.01322	0.00981	0.01407	0.00810	0.01066	0.00682	0.00384	0.00426	0.00128	0.00512	0.00384	0.00213	0.00682
17	0.00626	0.00418	0.00470	0.00470	0.00470	0.00418	0.00261	0.00626	0.00626	0.00835	0.01357	0.02819	0.01566	0.84862	0.02192	0.00418	0.00418	0.00626	0.00261	0.00261
18	0.01017	0.01162	0.02542	0.01816	0.02251	0.01089	0.80610	0.01380	0.01017	0.01380	0.00871	0.01162	0.00654	0.00363	0.00508	0.00145	0.00726	0.00508	0.00218	0.00581
19	0.01152	0.85121	0.02257	0.00737	0.01106	0.01704	0.00737	0.01290	0.00875	0.01013	0.00599	0.00691	0.00553	0.00369	0.00276	0.00092	0.00461	0.00230	0.00184	0.00553
20	0.01066	0.01023	0.01748	0.02644	0.82174	0.01023	0.01322	0.01322	0.00981	0.01407	0.00810	0.01066	0.00682	0.00384	0.00426	0.00128	0.00512	0.00384	0.00213	0.00682
21	0.01031	0.00988	0.01686	0.13828	0.71263	0.01014	0.01305	0.01291	0.00964	0.01365	0.00804	0.01077	0.00667	0.00390	0.00427	0.00130	0.00520	0.00384	0.00210	0.00654
22	0.00545	0.00404	0.00514	0.00593	0.00653	0.00373	0.00426	0.00645	0.00880	0.01139	0.02771	0.56836	0.19109	0.01274	0.00548	0.00172	0.00264	0.12094	0.00399	0.00359
23	0.00883	0.00835	0.01412	0.58085	0.26447	0.00965	0.01218	0.01157	0.00896	0.01192	0.00810	0.02757	0.00651	0.00435	0.00432	0.00140	0.00549	0.00400	0.00202	0.00537
24	0.00539	0.00430	0.00484	0.00496	0.00613	0.00375	0.00368	0.00665	0.01006	0.01272	0.19501	0.15892	0.51618	0.01091	0.00518	0.00150	0.00227	0.03969	0.00415	0.00371
25	0.01459	0.02902	0.01090	0.00931	0.01165	0.45317	0.00720	0.18076	0.01327	0.05249	0.01043	0.01115	0.03856	0.00496	0.00389	0.00115	0.00582	0.00350	0.13277	0.00540
26	0.01058	0.05357	0.14944	0.03501	0.26369	0.01029	0.08106	0.07789	0.13865	0.02862	0.02045	0.02647	0.00838	0.00450	0.00421	0.00129	0.00494	0.00404	0.00275	0.07417
27	0.19496	0.16302	0.22349	0.00961	0.02796	0.15833	0.00933	0.09611	0.03371	0.03585	0.00766	0.00853	0.00589	0.00425	0.00356	0.00123	0.00532	0.00294	0.00250	0.00576
28	0.14605	0.49561	0.01757	0.00894	0.06771	0.06962	0.00745	0.07430	0.03795	0.03010	0.00714	0.00798	0.00600	0.00402	0.00314	0.00108	0.00461	0.00270	0.00236	0.00567
29	0.00911	0.00753	0.01085	0.20846	0.16350	0.01969	0.00846	0.04480	0.01992	0.06868	0.10783	0.03506	0.14207	0.00763	0.04278	0.00166	0.07499	0.00534	0.00305	0.01858
30	0.07813	0.04298	0.01335	0.02732	0.22146	0.02126	0.02854	0.28366	0.09502	0.07081	0.02365	0.02404	0.02754	0.00505	0.00434	0.00132	0.01742	0.00414	0.00344	0.00653
31	0.02638	0.04305	0.47247	0.01138	0.04616	0.00909	0.06545	0.01388	0.03635	0.10098	0.10452	0.03041	0.01099	0.00498	0.00428	0.00136	0.00529	0.00420	0.00272	0.00607
32	0.00529	0.00378	0.00503	0.00597	0.00626	0.00352	0.00400	0.00609	0.00843	0.01128	0.05975	0.80898	0.02904	0.01328	0.00548	0.00173	0.00248	0.01204	0.00403	0.00352
33	0.01029	0.02945	0.28934	0.01894	0.43497	0.00982	0.01312	0.01354	0.00975	0.06293	0.04542	0.01126	0.00809	0.00430	0.00440	0.00132	0.02041	0.00380	0.00233	0.00651
34	0.00995	0.01123	0.13675	0.15187	0.45353	0.00966	0.04224	0.01314	0.02887	0.03881	0.04524	0.01230	0.00846	0.00436	0.00434	0.00134	0.00524	0.01407	0.00235	0.00625
35	0.01933	0.00733	0.01000	0.00766	0.01100	0.00633	0.00633	0.02099	0.01233	0.82473	0.01699	0.01466	0.01066	0.00533	0.00433	0.00133	0.00367	0.00433	0.00533	0.00733
36	0.01001	0.00969	0.01686	0.22394	0.57962	0.01011	0.06145	0.01272	0.00954	0.01331	0.00803	0.01092	0.00654	0.00394	0.00432	0.00133	0.00540	0.00391	0.00208	0.00626
37	0.02639	0.11358	0.16733	0.06139	0.06875	0.04901	0.08290	0.01408	0.07021	0.11957	0.14640	0.01537	0.02389	0.00530	0.00427	0.00132	0.00473	0.01663	0.00312	0.00575
38	0.02315	0.14318	0.46730	0.05067	0.06014	0.01139	0.08294	0.05498	0.02292	0.01382	0.00779	0.00934	0.00586	0.00415	0.00423	0.00131	0.02528	0.00335	0.00206	0.00614
39	0.87904	0.00833	0.00633	0.00566	0.00833	0.00966	0.00467	0.01266	0.00733	0.01933	0.00600	0.00700	0.00467	0.00400	0.00267	0.00133	0.00333	0.00233	0.00267	0.00467
40	0.02835	0.01181	0.01079	0.01033	0.07488	0.23828	0.01910	0.11571	0.20639	0.05040	0.05135	0.01526	0.07875	0.00748	0.06041	0.00168	0.00538	0.00449	0.00341	0.00574
41	0.00535	0.00379	0.00497	0.00587	0.00609	0.00357	0.00386	0.00602	0.00805	0.01073	0.02272	0.76372	0.02720	0.09733	0.00715	0.00199	0.00267	0.01165	0.00386	0.00341
42	0.00934	0.00931	0.01304	0.01120	0.01122	0.01300	0.00932	0.01030	0.00660	0.01036	0.00580	0.00961	0.00578	0.00815	0.03438	0.00201	0.82020	0.00379	0.00190	0.00469
43	0.04803	0.02165	0.78919	0.01198	0.01818	0.00999	0.01541	0.01360	0.00901	0.01390	0.00765	0.00900	0.00542	0.00409	0.00403	0.00136	0.00623	0.00314	0.00186	0.00629
44	0.01402	0.00838	0.00988	0.00845	0.02417	0.00873	0.00662	0.08241	0.37293	0.32251	0.07017	0.01640	0.02381	0.00583	0.00441	0.00139	0.00353	0.00482	0.00472	0.00683
45	0.00538	0.00384	0.00515	0.00615	0.00646	0.00361	0.00423	0.00623	0.00838	0.01115	0.02367	0.78254	0.02820	0.01337	0.00553	0.00177	0.00262	0.07418	0.00400	0.00354
46	0.00525	0.00375	0.00500	0.00600	0.00625	0.00350	0.00400	0.00600	0.00825	0.01100	0.02374	0.84580	0.02849	0.01350	0.00550	0.00175	0.00250	0.01225	0.00400	0.00350
47	0.01141	0.83383	0.02223	0.00733	0.01096	0.01678	0.00730	0.01280	0.00882	0.01028	0.02268	0.00743	0.00625	0.00379	0.00281	0.00093	0.00455	0.00242	0.00190	0.00550
48	0.00813	0.00766	0.01292	0.83826	0.02967	0.00957	0.01196	0.01101	0.00861	0.01101	0.00766	0.01148	0.00574	0.00431	0.00431	0.00144	0.00574	0.00383	0.00191	0.00479
49	0.00813	0.00766	0.01292	0.83826	0.02967	0.00957	0.01196	0.01101	0.00861	0.01101	0.00766	0.01148	0.00574	0.00431	0.00431	0.00144	0.00574	0.00383	0.00191	0.00479
50	0.01681	0.01136	0.01249	0.00958	0.01301	0.01231	0.00791	0.69041	0.01907	0.14578	0.01133	0.01098	0.00782	0.00519	0.00431	0.00130	0.00458	0.00395	0.00446	0.00733
51	0.01054	0.01012	0.01727	0.06396	0.78514	0.01020	0.01316	0.01312	0.00975	0.01393	0.00808	0.01070	0.00677	0.00386	0.00427	0.00129	0.00515	0.00384	0.00212	0.00673
52	0.00705	0.00511	0.00700	0.00790	0.00895	0.00516	0.00687	0.00941	0.04110	0.01307	0.02300	0.04719	0.03953	0.01165	0.00587	0.00195	0.00391	0.74723	0.00398	0.00407
53	0.01066	0.01023	0.01748	0.02644	0.82174	0.01023	0.01322	0.01322	0.00981	0.01407	0.00810	0.01066	0.00682	0.00384	0.00426	0.00128	0.00512	0.00384	0.00213	0.00682
54	0.01908	0.00772	0.01024	0.00785	0.01119	0.00691	0.00648	0.08553	0.01298	0.75927	0.01645	0.01431	0.01039	0.00532	0.00433	0.00133	0.00375	0.00429	0.00525	0.00733
55	0.01152	0.85121	0.02257	0.00737	0.01106	0.01704	0.00737	0.01290	0.00875	0.01013	0.00599	0.00691	0.00553	0.00369	0.00276	0.00092	0.00461	0.00230	0.00184	0.00553
56	0.00813	0.00766	0.01292	0.83826	0.02967	0.00957	0.01196	0.01101	0.00861	0.01101	0.00766	0.01148	0.00574	0.00431	0.00431	0.00144	0.00574	0.00383	0.00191	0.00479
57	0.00615	0.00462	0.00692	0.00692	0.00769	0.00538	0.00538	0.00769	0.00692	0.01000	0.01154	0.01692	0.01077	0.03231	0.83154	0.00692	0.01154	0.00462	0.00231	0.00385
58	0.00795	0.00401	0.00404	0.00407	0.00505	0.00400	0.00304	0.00992	0.00901	0.01591	0.01433	0.04003	0.01154	0.00526	0.00308	0.00103	0.00202	0.00425	0.84744	0.00400
59	0.01083	0.01029	0.01735	0.02596	0.79839	0.01032	0.01307	0.03616	0.01011	0.01445	0.00817	0.01065	0.00684	0.00388	0.00427	0.00128	0.00511	0.00384	0.00220	0.00684

[dist]
# distance from previous block
# <min> <max>
0	37

# created by:
# /st0/software/busco_prod/Augustus/scripts/msa2prfl.pl ./align_prep/127694.fa
