[name]
unknown

[dist]
# distance from previous block
# <min> <max>
0	35

[block]
# block no. 0 follows, 59 sequences, length 16
# corresponding to MSA columns:
# 286-301
name=unknown_A
#
# <colnr> <probs for GDERKNQSTAVLIFYWHMCP>
#	G	D	E	R	K	N	Q	S	T	A	V	L	I	F	Y	W	H	M	C	P
0	0.00747	0.00551	0.00736	0.00817	0.00932	0.00566	0.00701	0.01058	0.09467	0.01372	0.02284	0.06984	0.02427	0.01159	0.00592	0.00197	0.00396	0.68167	0.00411	0.00436
1	0.00751	0.00520	0.00616	0.00589	0.00642	0.00548	0.00390	0.07812	0.03398	0.01092	0.01343	0.05317	0.01440	0.53585	0.14683	0.05508	0.00542	0.00596	0.00285	0.00344
2	0.53267	0.00820	0.00765	0.00668	0.00898	0.00946	0.00546	0.04248	0.04534	0.08390	0.00879	0.00982	0.00672	0.00486	0.00430	0.00139	0.09150	0.00311	0.11357	0.00513
3	0.00987	0.21970	0.29459	0.09348	0.13949	0.01142	0.05315	0.01309	0.00935	0.01318	0.00828	0.01015	0.00652	0.00415	0.00385	0.00125	0.00540	0.00340	0.09374	0.00594
4	0.10208	0.03872	0.13963	0.09905	0.48616	0.03291	0.01260	0.01344	0.00959	0.01440	0.00787	0.01017	0.00636	0.00405	0.00412	0.00133	0.00537	0.00359	0.00217	0.00640
5	0.10292	0.00806	0.00986	0.00776	0.01085	0.00773	0.00636	0.14521	0.01343	0.52032	0.10707	0.01561	0.01331	0.00571	0.00436	0.00136	0.00371	0.00457	0.00496	0.00686
6	0.00607	0.00447	0.00519	0.00520	0.00590	0.00432	0.00356	0.00695	0.00863	0.01142	0.12367	0.10074	0.26450	0.30796	0.07006	0.00289	0.02123	0.00776	0.03602	0.00345
7	0.02090	0.07854	0.24062	0.03000	0.22235	0.06364	0.02822	0.06528	0.03606	0.05327	0.02555	0.01068	0.00740	0.00478	0.00528	0.00138	0.09354	0.00371	0.00249	0.00633
8	0.00597	0.00455	0.00648	0.00837	0.09221	0.00432	0.00510	0.00693	0.00863	0.01161	0.02265	0.75397	0.02686	0.01279	0.00550	0.00174	0.00285	0.01164	0.00390	0.00395
9	0.00550	0.00435	0.00496	0.00510	0.00621	0.00380	0.00371	0.00678	0.01030	0.01317	0.22469	0.21527	0.45801	0.01125	0.00531	0.00153	0.00227	0.00971	0.00428	0.00380
10	0.03081	0.00966	0.01478	0.17131	0.46055	0.02393	0.01143	0.02657	0.11114	0.04019	0.03253	0.01303	0.02534	0.00466	0.00439	0.00137	0.00495	0.00425	0.00270	0.00640
11	0.00955	0.08356	0.68010	0.01244	0.01847	0.03263	0.05648	0.03242	0.00971	0.01397	0.00788	0.00929	0.00571	0.00418	0.00415	0.00136	0.00644	0.00330	0.00196	0.00642
12	0.00675	0.00458	0.00612	0.00663	0.00717	0.00456	0.00467	0.02237	0.00891	0.06075	0.04315	0.68086	0.02613	0.01343	0.03609	0.00195	0.04680	0.01104	0.00403	0.00399
13	0.02566	0.23455	0.26621	0.01025	0.01445	0.07136	0.07323	0.08322	0.03669	0.02912	0.01204	0.01277	0.09192	0.00504	0.00415	0.00128	0.01565	0.00393	0.00256	0.00593
14	0.00796	0.03711	0.01233	0.44415	0.02119	0.00841	0.08302	0.01060	0.02774	0.01200	0.02762	0.18239	0.01345	0.00713	0.00487	0.00158	0.00501	0.08597	0.00274	0.00472
15	0.01440	0.01266	0.01172	0.03915	0.01297	0.21007	0.02016	0.32805	0.08875	0.05072	0.01074	0.01150	0.00811	0.00591	0.02501	0.00144	0.04125	0.00386	0.09732	0.00619

[dist]
# distance from previous block
# <min> <max>
1	6

[block]
# block no. 1 follows, 59 sequences, length 27
# corresponding to MSA columns:
# 308-311,317-339
name=unknown_B
#
# <colnr> <probs for GDERKNQSTAVLIFYWHMCP>
#	G	D	E	R	K	N	Q	S	T	A	V	L	I	F	Y	W	H	M	C	P
0	0.01002	0.00807	0.00983	0.00734	0.01091	0.02751	0.04547	0.01212	0.02223	0.08279	0.01137	0.03628	0.04770	0.00438	0.00371	0.00088	0.00359	0.01515	0.00300	0.63766
1	0.00690	0.00482	0.00595	0.00580	0.00622	0.00514	0.00386	0.04600	0.00734	0.01004	0.01309	0.02435	0.01405	0.54687	0.27608	0.00503	0.00670	0.00577	0.00266	0.00331
2	0.01508	0.14974	0.03487	0.01117	0.01383	0.61658	0.04756	0.01648	0.01161	0.01098	0.00682	0.00810	0.00574	0.00447	0.00417	0.00115	0.03123	0.00292	0.00219	0.00527
3	0.04880	0.35889	0.20813	0.00914	0.01316	0.05327	0.00938	0.05399	0.12382	0.04247	0.03413	0.01026	0.00812	0.00454	0.00365	0.00121	0.00497	0.00330	0.00265	0.00610
4	0.01134	0.47799	0.18261	0.00992	0.03663	0.02882	0.05528	0.01383	0.01989	0.05716	0.02608	0.00969	0.01889	0.00435	0.00388	0.00116	0.03111	0.00319	0.00225	0.00592
5	0.20609	0.06999	0.00888	0.00825	0.07423	0.00788	0.00589	0.05372	0.05973	0.03175	0.13822	0.20110	0.05701	0.00799	0.00444	0.00148	0.00334	0.05145	0.00365	0.00492
6	0.00597	0.00443	0.00546	0.00546	0.00641	0.00405	0.00400	0.00750	0.01086	0.01468	0.44344	0.13842	0.20840	0.07635	0.00667	0.00172	0.00245	0.04547	0.00439	0.00387
7	0.03652	0.00969	0.02914	0.56108	0.09641	0.09219	0.01127	0.01274	0.05412	0.01224	0.00889	0.04066	0.00717	0.00479	0.00436	0.00143	0.00572	0.00412	0.00225	0.00521
8	0.01141	0.01244	0.17339	0.01360	0.03196	0.00972	0.33765	0.07560	0.03603	0.12977	0.01274	0.07277	0.03888	0.00532	0.00497	0.00147	0.01777	0.00526	0.00306	0.00619
9	0.00596	0.00450	0.00550	0.00525	0.00642	0.00404	0.00394	0.00777	0.01181	0.01608	0.59760	0.03568	0.25999	0.00964	0.00521	0.00142	0.00213	0.00836	0.00465	0.00404
10	0.02330	0.00542	0.00610	0.00688	0.03544	0.05187	0.00461	0.00801	0.00912	0.03391	0.05362	0.50591	0.10760	0.05963	0.00620	0.00178	0.00307	0.02402	0.04956	0.00395
11	0.01057	0.08380	0.52214	0.01289	0.07059	0.07393	0.04297	0.04220	0.05053	0.03744	0.00864	0.00982	0.00636	0.00432	0.00415	0.00134	0.00616	0.00342	0.00226	0.00645
12	0.00879	0.04884	0.75918	0.01206	0.01827	0.01020	0.01545	0.01362	0.00935	0.01378	0.00952	0.01074	0.04199	0.00450	0.00420	0.00139	0.00628	0.00351	0.00197	0.00637
13	0.00632	0.00476	0.00583	0.00631	0.00753	0.00443	0.00523	0.00797	0.01023	0.01307	0.07848	0.04455	0.35482	0.01133	0.00557	0.00173	0.00311	0.38868	0.03611	0.00393
14	0.01102	0.02092	0.01645	0.11568	0.27339	0.10505	0.14422	0.03934	0.04609	0.01376	0.03030	0.01158	0.00781	0.00486	0.00588	0.00143	0.12236	0.00416	0.01979	0.00592
15	0.03716	0.03810	0.06708	0.02102	0.03749	0.00804	0.06738	0.09355	0.06554	0.13102	0.14440	0.08857	0.09662	0.02033	0.03148	0.00167	0.02675	0.01440	0.00383	0.00555
16	0.00670	0.00444	0.00566	0.00622	0.00695	0.00415	0.00433	0.00811	0.04493	0.07252	0.02578	0.65479	0.11351	0.01256	0.00545	0.00172	0.00266	0.01125	0.00422	0.00405
17	0.00823	0.05990	0.00781	0.00660	0.00765	0.09528	0.00487	0.00925	0.00819	0.03878	0.03361	0.02154	0.07422	0.28117	0.30225	0.00428	0.00712	0.00532	0.02004	0.00390
18	0.01038	0.15332	0.31908	0.04275	0.09771	0.03037	0.17862	0.01413	0.02859	0.04147	0.03687	0.01091	0.00763	0.00427	0.00426	0.00133	0.00598	0.00385	0.00228	0.00618
19	0.01119	0.02541	0.24691	0.01185	0.06646	0.00864	0.12703	0.04929	0.01035	0.17268	0.01254	0.07417	0.01059	0.06715	0.03646	0.00187	0.01553	0.04278	0.00311	0.00598
20	0.01491	0.01867	0.01140	0.01042	0.01257	0.70879	0.00781	0.01607	0.01223	0.01113	0.03362	0.01266	0.10056	0.00544	0.00416	0.00119	0.00714	0.00374	0.00256	0.00493
21	0.00823	0.00913	0.11898	0.07150	0.02087	0.00799	0.11326	0.03800	0.00955	0.01331	0.06849	0.10084	0.04259	0.02655	0.07035	0.01225	0.10349	0.12796	0.03182	0.00483
22	0.01222	0.10622	0.21784	0.03419	0.05671	0.09492	0.07051	0.07925	0.06349	0.12151	0.03140	0.02340	0.02946	0.00512	0.00453	0.00135	0.02536	0.01329	0.00300	0.00623
23	0.01195	0.47606	0.01795	0.00836	0.01138	0.04596	0.05591	0.01344	0.00958	0.11771	0.03358	0.04896	0.03882	0.03429	0.00494	0.00129	0.05763	0.00394	0.00269	0.00554
24	0.03899	0.00699	0.00889	0.00749	0.00995	0.00660	0.00608	0.10681	0.01282	0.39864	0.16817	0.07444	0.03495	0.00746	0.00481	0.00147	0.00349	0.09097	0.00489	0.00611
25	0.04514	0.01444	0.06593	0.06149	0.02775	0.36134	0.06094	0.03011	0.04718	0.09140	0.02442	0.07504	0.03585	0.00610	0.01375	0.00141	0.00609	0.02323	0.00297	0.00542
26	0.01380	0.03243	0.04060	0.01042	0.06116	0.06611	0.04672	0.14027	0.19259	0.21734	0.03045	0.03738	0.05277	0.00589	0.00480	0.00140	0.03039	0.00482	0.00405	0.00659

[dist]
# distance from previous block
# <min> <max>
1	13

[block]
# block no. 2 follows, 59 sequences, length 77
# corresponding to MSA columns:
# 353-368,382-414,433-460
name=unknown_C
#
# <colnr> <probs for GDERKNQSTAVLIFYWHMCP>
#	G	D	E	R	K	N	Q	S	T	A	V	L	I	F	Y	W	H	M	C	P
0	0.29199	0.13681	0.11662	0.06561	0.03846	0.08180	0.02729	0.02232	0.06598	0.01569	0.07585	0.01097	0.00908	0.00466	0.00364	0.00129	0.00464	0.00344	0.00269	0.02118
1	0.05775	0.31667	0.05330	0.02389	0.01278	0.22992	0.02166	0.09004	0.06970	0.02600	0.00839	0.02417	0.00701	0.00521	0.02050	0.00130	0.02016	0.00325	0.00258	0.00572
2	0.05543	0.01084	0.03122	0.17909	0.11732	0.15519	0.00897	0.03091	0.11493	0.09081	0.02282	0.04551	0.04501	0.00563	0.00455	0.00139	0.02119	0.02494	0.00308	0.03117
3	0.01443	0.01192	0.05926	0.04825	0.04317	0.09921	0.00842	0.30551	0.12939	0.13786	0.01238	0.04934	0.00941	0.00548	0.00437	0.00134	0.00482	0.00435	0.00391	0.04720
4	0.00685	0.00511	0.00635	0.03199	0.00782	0.01682	0.00459	0.02142	0.02399	0.02619	0.03010	0.40526	0.04301	0.16155	0.10855	0.00273	0.00431	0.00862	0.00346	0.08128
5	0.02764	0.00463	0.00622	0.00680	0.03356	0.00470	0.00465	0.00719	0.00793	0.01091	0.05968	0.23686	0.07683	0.12635	0.12209	0.17236	0.01863	0.06639	0.00315	0.00343
6	0.01115	0.03587	0.01038	0.00780	0.01111	0.05520	0.00627	0.08727	0.13474	0.05975	0.01059	0.02742	0.00859	0.00456	0.00407	0.00100	0.02762	0.01574	0.00322	0.47764
7	0.10964	0.00856	0.00924	0.00820	0.01050	0.00941	0.00647	0.20185	0.27631	0.06693	0.03083	0.16832	0.01504	0.00744	0.00459	0.00152	0.00366	0.05120	0.00424	0.00605
8	0.00586	0.00437	0.00545	0.00550	0.00647	0.00397	0.00404	0.00745	0.01106	0.01499	0.46340	0.20906	0.20569	0.01059	0.00532	0.00151	0.00226	0.02454	0.00452	0.00395
9	0.07674	0.01043	0.01487	0.14660	0.12911	0.09929	0.16852	0.02860	0.00980	0.02811	0.02976	0.04706	0.03300	0.00569	0.00598	0.00150	0.12363	0.03337	0.00255	0.00538
10	0.00680	0.00464	0.00584	0.00582	0.00667	0.00452	0.00416	0.00818	0.02606	0.05311	0.19343	0.17082	0.13941	0.19615	0.13514	0.00300	0.00432	0.02429	0.00376	0.00387
11	0.03615	0.00787	0.01303	0.80762	0.02972	0.00982	0.01203	0.01134	0.00879	0.01156	0.00780	0.01163	0.00585	0.00441	0.00436	0.00147	0.00581	0.00388	0.00199	0.00490
12	0.00957	0.00960	0.01417	0.03804	0.01286	0.01294	0.06630	0.01083	0.00728	0.01113	0.03202	0.01064	0.00702	0.00738	0.01321	0.00187	0.72412	0.00410	0.00205	0.00489
13	0.01541	0.00829	0.00988	0.00839	0.02845	0.03769	0.00657	0.09326	0.12822	0.43610	0.01859	0.03372	0.08186	0.01976	0.04003	0.00169	0.00421	0.01653	0.00470	0.00666
14	0.01726	0.00719	0.00959	0.00766	0.01059	0.00642	0.00619	0.06115	0.01258	0.64154	0.05929	0.11214	0.01448	0.00662	0.00462	0.00142	0.00359	0.00555	0.00522	0.00688
15	0.00551	0.00410	0.00516	0.00587	0.00649	0.00375	0.00413	0.00653	0.00919	0.01199	0.08485	0.56401	0.19912	0.01282	0.00555	0.00171	0.00255	0.05882	0.00415	0.00369
16	0.02936	0.01543	0.28666	0.01568	0.16446	0.08263	0.18916	0.02614	0.07270	0.01436	0.00980	0.05579	0.00802	0.00475	0.00451	0.00141	0.00608	0.00442	0.00243	0.00621
17	0.00834	0.00785	0.01325	0.83417	0.03042	0.00981	0.01227	0.01128	0.00883	0.01128	0.00785	0.01178	0.00589	0.00442	0.00442	0.00147	0.00589	0.00393	0.00196	0.00491
18	0.01606	0.03636	0.01353	0.01170	0.01416	0.74630	0.05502	0.03391	0.01250	0.01136	0.00702	0.00824	0.00579	0.00450	0.00404	0.00116	0.00781	0.00300	0.00231	0.00523
19	0.00986	0.00926	0.01560	0.02241	0.62524	0.00916	0.03729	0.01223	0.01007	0.01423	0.07119	0.07668	0.04134	0.02028	0.00491	0.00142	0.00475	0.00517	0.00261	0.00630
20	0.00834	0.00785	0.01325	0.83417	0.03042	0.00981	0.01227	0.01128	0.00883	0.01128	0.00785	0.01178	0.00589	0.00442	0.00442	0.00147	0.00589	0.00393	0.00196	0.00491
21	0.00823	0.00412	0.00412	0.00412	0.00515	0.00412	0.00309	0.01029	0.00926	0.01647	0.01441	0.01647	0.01132	0.00515	0.00309	0.00103	0.00206	0.00412	0.86930	0.00412
22	0.00603	0.00427	0.00542	0.00600	0.00666	0.00397	0.00416	0.00737	0.03295	0.03522	0.11598	0.59872	0.13181	0.01248	0.00547	0.00169	0.00253	0.01117	0.00424	0.00388
23	0.00564	0.00405	0.00540	0.00639	0.00680	0.00382	0.00453	0.00661	0.00876	0.01159	0.02485	0.69726	0.05384	0.01351	0.00569	0.00182	0.00278	0.12889	0.00409	0.00366
24	0.01866	0.00791	0.01031	0.00807	0.01138	0.00726	0.00661	0.04691	0.10840	0.69865	0.01727	0.01506	0.01113	0.00552	0.00445	0.00138	0.00376	0.00449	0.00532	0.00745
25	0.00631	0.00473	0.00710	0.00710	0.00789	0.00552	0.00552	0.00789	0.00710	0.01025	0.01183	0.01735	0.01104	0.03312	0.82728	0.00710	0.01183	0.00473	0.00237	0.00394
26	0.00659	0.00566	0.00753	0.00741	0.00810	0.02712	0.04519	0.00765	0.00884	0.01174	0.07115	0.49319	0.12583	0.02669	0.00705	0.00176	0.12098	0.00989	0.00367	0.00396
27	0.00719	0.00535	0.00764	0.00735	0.00806	0.00632	0.00568	0.03714	0.00746	0.01075	0.01094	0.01640	0.01028	0.05715	0.59236	0.09305	0.08706	0.00458	0.02134	0.00391
28	0.01461	0.03010	0.05525	0.02917	0.02598	0.55593	0.04144	0.05322	0.03716	0.01219	0.00742	0.00889	0.00609	0.00491	0.00525	0.00128	0.10010	0.00323	0.00237	0.00540
29	0.00834	0.00785	0.01325	0.83417	0.03042	0.00981	0.01227	0.01128	0.00883	0.01128	0.00785	0.01178	0.00589	0.00442	0.00442	0.00147	0.00589	0.00393	0.00196	0.00491
30	0.00639	0.00455	0.00593	0.00663	0.00733	0.00440	0.00498	0.03614	0.00971	0.01300	0.07636	0.49325	0.05962	0.01239	0.00558	0.00177	0.00297	0.21186	0.03322	0.00392
31	0.00957	0.00985	0.04319	0.27225	0.11136	0.05138	0.19047	0.02257	0.04065	0.02303	0.02221	0.07598	0.00998	0.03637	0.00568	0.00160	0.02879	0.03716	0.00255	0.00537
32	0.00892	0.00802	0.01301	0.43190	0.25419	0.00904	0.01095	0.01177	0.03025	0.01280	0.01054	0.03093	0.03360	0.02095	0.01771	0.00154	0.00518	0.00439	0.07895	0.00538
33	0.00531	0.00411	0.00485	0.00544	0.00622	0.00365	0.00378	0.00623	0.00914	0.01155	0.03304	0.50121	0.36429	0.01271	0.00546	0.00166	0.00242	0.01118	0.00410	0.00365
34	0.00929	0.00882	0.01497	0.53696	0.32017	0.01006	0.01274	0.01212	0.00928	0.01244	0.00802	0.01146	0.00630	0.00424	0.00440	0.00141	0.00565	0.00393	0.00204	0.00568
35	0.01186	0.04589	0.15191	0.04374	0.07714	0.07114	0.21857	0.01640	0.13575	0.12609	0.02125	0.02908	0.00892	0.00483	0.00469	0.00141	0.01755	0.00447	0.00302	0.00631
36	0.00690	0.00466	0.00626	0.00692	0.00782	0.00443	0.00547	0.00840	0.00986	0.05229	0.09259	0.33474	0.08234	0.01213	0.00571	0.00182	0.00321	0.34619	0.00422	0.00405
37	0.00834	0.00785	0.01325	0.83417	0.03042	0.00981	0.01227	0.01128	0.00883	0.01128	0.00785	0.01178	0.00589	0.00442	0.00442	0.00147	0.00589	0.00393	0.00196	0.00491
38	0.00767	0.00384	0.00575	0.00575	0.00575	0.00384	0.00384	0.00575	0.00575	0.00767	0.00767	0.01343	0.00767	0.01534	0.01726	0.87150	0.00384	0.00384	0.00192	0.00192
39	0.00919	0.06322	0.64327	0.01254	0.01805	0.01106	0.05769	0.01356	0.00907	0.01342	0.00764	0.00939	0.00568	0.00456	0.00538	0.00144	0.10328	0.00339	0.00189	0.00625
40	0.00609	0.00418	0.00497	0.00523	0.00540	0.00409	0.00319	0.00644	0.00733	0.00977	0.04716	0.25141	0.04592	0.54808	0.02907	0.00345	0.00378	0.00822	0.00319	0.00303
41	0.87598	0.00854	0.00649	0.00581	0.00854	0.00991	0.00478	0.01298	0.00752	0.01982	0.00615	0.00717	0.00478	0.00410	0.00273	0.00137	0.00342	0.00239	0.00273	0.00478
42	0.01516	0.01105	0.01207	0.02423	0.01309	0.02578	0.00765	0.52468	0.05289	0.08890	0.01085	0.01093	0.00781	0.00493	0.00420	0.00121	0.00448	0.00378	0.00408	0.17224
43	0.03004	0.00494	0.00525	0.00513	0.00658	0.00451	0.00387	0.00813	0.06545	0.01366	0.18733	0.05331	0.54732	0.02443	0.00542	0.00153	0.00240	0.02243	0.00421	0.00405
44	0.00540	0.00395	0.00508	0.00595	0.00639	0.00364	0.00405	0.00625	0.00875	0.01148	0.03831	0.71503	0.13142	0.01340	0.00558	0.00175	0.00254	0.02330	0.00411	0.00362
45	0.03503	0.00800	0.00920	0.00662	0.01050	0.00623	0.00531	0.03359	0.00944	0.01493	0.00788	0.00914	0.00652	0.00335	0.00329	0.00069	0.00332	0.00265	0.00267	0.82164
46	0.02671	0.02290	0.02141	0.00784	0.01129	0.00781	0.02365	0.08637	0.10216	0.19492	0.04424	0.01240	0.00976	0.00461	0.00409	0.00107	0.01837	0.00371	0.00368	0.39301
47	0.01044	0.46589	0.39273	0.00989	0.01494	0.01414	0.01161	0.01358	0.00914	0.01205	0.00697	0.00812	0.00563	0.00397	0.00346	0.00115	0.00556	0.00278	0.00188	0.00607
48	0.00546	0.00446	0.00482	0.00478	0.00612	0.00382	0.00357	0.00678	0.01055	0.01321	0.21725	0.07130	0.61091	0.01080	0.00523	0.00148	0.00222	0.00915	0.00427	0.00382
49	0.01134	0.01084	0.01552	0.13294	0.49361	0.07321	0.01184	0.07383	0.08153	0.01506	0.00958	0.01236	0.00787	0.00456	0.00441	0.00136	0.00533	0.02570	0.00259	0.00652
50	0.03501	0.02223	0.17385	0.01055	0.02876	0.00968	0.08996	0.17946	0.09756	0.13858	0.09182	0.01554	0.01226	0.00672	0.03889	0.00165	0.00510	0.03231	0.00368	0.00639
51	0.01476	0.01594	0.01117	0.01003	0.01215	0.52414	0.00761	0.07641	0.01228	0.07725	0.01032	0.10900	0.00929	0.00591	0.00460	0.00127	0.03733	0.00430	0.03479	0.02146
52	0.00549	0.00395	0.00523	0.00622	0.00657	0.00369	0.00427	0.00635	0.00863	0.01143	0.02503	0.76062	0.05787	0.01363	0.00565	0.00180	0.00265	0.06320	0.00410	0.00362
53	0.01207	0.00916	0.00929	0.00794	0.01019	0.05642	0.00626	0.35900	0.07834	0.02023	0.01628	0.12420	0.07196	0.00695	0.00438	0.00135	0.00386	0.01764	0.17869	0.00580
54	0.01216	0.15836	0.29744	0.01166	0.04725	0.15262	0.06663	0.06769	0.01091	0.07238	0.00866	0.02358	0.00671	0.00443	0.00403	0.00125	0.00597	0.00347	0.00248	0.04233
55	0.06515	0.04468	0.05404	0.00832	0.01195	0.03543	0.02892	0.16517	0.03304	0.15112	0.01058	0.03634	0.00813	0.00460	0.00387	0.00109	0.00415	0.00364	0.00345	0.32634
56	0.00886	0.02285	0.82190	0.01259	0.01912	0.01026	0.01632	0.01399	0.00932	0.01399	0.00793	0.00932	0.00559	0.00420	0.00420	0.00140	0.00653	0.00326	0.00186	0.00653
57	0.00802	0.00622	0.00690	0.01693	0.00814	0.04916	0.00498	0.05942	0.03807	0.05492	0.28556	0.09866	0.22070	0.01176	0.09146	0.00205	0.00390	0.02449	0.00414	0.00452
58	0.02944	0.05023	0.15886	0.01433	0.03101	0.03650	0.39315	0.01541	0.07875	0.09309	0.02450	0.02390	0.00832	0.00451	0.00483	0.00143	0.01821	0.00463	0.00274	0.00617
59	0.00751	0.00389	0.00564	0.00564	0.00564	0.00389	0.00369	0.00584	0.00584	0.00778	0.00846	0.01537	0.00873	0.11955	0.01792	0.76254	0.00389	0.00416	0.00201	0.00201
60	0.00639	0.00427	0.00483	0.00485	0.00486	0.00426	0.00272	0.00642	0.00648	0.00864	0.01421	0.05147	0.01642	0.82172	0.02201	0.00421	0.00423	0.00659	0.00272	0.00270
61	0.03256	0.03137	0.01468	0.02213	0.02846	0.35738	0.14564	0.16049	0.07966	0.02839	0.00922	0.01032	0.00712	0.00472	0.00445	0.00129	0.02181	0.00374	0.03068	0.00589
62	0.01423	0.01376	0.01471	0.03817	0.29350	0.26017	0.03555	0.15360	0.04465	0.07541	0.00932	0.01055	0.00720	0.00456	0.00430	0.00128	0.00592	0.00373	0.00293	0.00646
63	0.00631	0.00473	0.00710	0.00710	0.00789	0.00552	0.00552	0.00789	0.00710	0.01025	0.01183	0.01735	0.01104	0.03312	0.82728	0.00710	0.01183	0.00473	0.00237	0.00394
64	0.01644	0.01432	0.01278	0.01028	0.01341	0.22105	0.00826	0.57694	0.01829	0.02313	0.00976	0.01012	0.00717	0.00511	0.00426	0.00127	0.00556	0.00369	0.03135	0.00679
65	0.02400	0.01013	0.01572	0.14482	0.54667	0.03184	0.01215	0.02796	0.09332	0.01457	0.00961	0.01250	0.00792	0.00448	0.00440	0.00137	0.00517	0.02434	0.00249	0.00653
66	0.01324	0.01096	0.01015	0.00859	0.01107	0.15104	0.00676	0.33441	0.06510	0.06014	0.01688	0.08068	0.12202	0.00714	0.01749	0.00144	0.00462	0.00530	0.06705	0.00593
67	0.00538	0.00384	0.00512	0.00615	0.00641	0.00359	0.00410	0.00615	0.00846	0.01127	0.02434	0.84190	0.02921	0.01384	0.00564	0.00179	0.00256	0.01256	0.00410	0.00359
68	0.03674	0.00748	0.00994	0.00776	0.01100	0.00666	0.00636	0.02079	0.05018	0.72609	0.05643	0.01582	0.01244	0.00564	0.00445	0.00137	0.00366	0.00460	0.00533	0.00727
69	0.02990	0.01157	0.04179	0.02633	0.09229	0.10971	0.03612	0.19140	0.24809	0.07108	0.02674	0.02668	0.02201	0.04014	0.00516	0.00150	0.00480	0.00453	0.00371	0.00645
70	0.00631	0.00472	0.00704	0.00704	0.00781	0.00549	0.00545	0.00785	0.00708	0.01021	0.01188	0.01763	0.01116	0.05282	0.80775	0.00703	0.01165	0.00477	0.00237	0.00391
71	0.00712	0.00508	0.00712	0.00813	0.00915	0.00508	0.00712	0.00915	0.01017	0.01322	0.02338	0.04982	0.02542	0.01220	0.00610	0.00203	0.00407	0.78750	0.00407	0.00407
72	0.00943	0.00816	0.01333	0.48440	0.21414	0.00927	0.01146	0.02797	0.00965	0.04248	0.01012	0.01558	0.00848	0.00515	0.00453	0.00147	0.00532	0.08115	0.03247	0.00544
73	0.03993	0.01164	0.01246	0.00973	0.01309	0.01287	0.00799	0.65634	0.10280	0.05467	0.01212	0.01186	0.02284	0.00545	0.00439	0.00135	0.00459	0.00415	0.00441	0.00731
74	0.00590	0.00444	0.00500	0.00513	0.00631	0.00389	0.00373	0.00701	0.00977	0.04006	0.09138	0.21837	0.51121	0.03672	0.02908	0.00179	0.00268	0.00957	0.00411	0.00383
75	0.77130	0.00864	0.00708	0.00618	0.00890	0.00991	0.00508	0.03357	0.00793	0.01937	0.00635	0.00747	0.00499	0.00422	0.00324	0.00135	0.03408	0.00250	0.00274	0.05508
76	0.11287	0.32926	0.25178	0.00991	0.01422	0.06019	0.07146	0.03879	0.00962	0.02442	0.00746	0.00873	0.00594	0.00456	0.01718	0.00130	0.00555	0.00303	0.01790	0.00583

[dist]
# distance from previous block
# <min> <max>
1	6

[block]
# block no. 3 follows, 59 sequences, length 29
# corresponding to MSA columns:
# 467-482,491-503
name=unknown_D
#
# <colnr> <probs for GDERKNQSTAVLIFYWHMCP>
#	G	D	E	R	K	N	Q	S	T	A	V	L	I	F	Y	W	H	M	C	P
0	0.00551	0.00411	0.00502	0.00556	0.00620	0.00374	0.00381	0.00646	0.00916	0.01195	0.11563	0.48751	0.23098	0.07475	0.00674	0.00186	0.00256	0.01077	0.00408	0.00362
1	0.01529	0.23333	0.01525	0.01040	0.01306	0.61909	0.00828	0.01650	0.01161	0.01070	0.00665	0.00774	0.00568	0.00435	0.00369	0.00109	0.00713	0.00272	0.00218	0.00526
2	0.00536	0.00392	0.00504	0.00593	0.00635	0.00361	0.00400	0.00617	0.00866	0.01136	0.02696	0.73934	0.13009	0.01350	0.00558	0.00175	0.00252	0.01214	0.00410	0.00361
3	0.08009	0.00829	0.00900	0.00813	0.01041	0.00918	0.00633	0.03334	0.49632	0.10885	0.04102	0.09626	0.01517	0.02608	0.00494	0.00158	0.00345	0.03088	0.00438	0.00628
4	0.04751	0.01149	0.10166	0.01142	0.01469	0.09411	0.23179	0.05628	0.04624	0.11141	0.15768	0.03326	0.01490	0.00582	0.00475	0.00143	0.00526	0.04115	0.00342	0.00574
5	0.01361	0.48852	0.01841	0.00912	0.01221	0.35004	0.00791	0.01492	0.01039	0.01056	0.00655	0.00768	0.00580	0.00476	0.02206	0.00116	0.00622	0.00261	0.00206	0.00540
6	0.00701	0.00530	0.00653	0.00693	0.00798	0.00534	0.00533	0.03448	0.11172	0.01372	0.08078	0.32704	0.11188	0.03058	0.00589	0.00180	0.00314	0.22606	0.00417	0.00431
7	0.01014	0.05923	0.01485	0.16007	0.33645	0.02086	0.05604	0.04959	0.06133	0.02979	0.04305	0.10731	0.02091	0.00565	0.00453	0.00140	0.00487	0.00519	0.00279	0.00596
8	0.00916	0.00785	0.00916	0.00654	0.01047	0.00589	0.00523	0.01112	0.00916	0.01439	0.00785	0.00916	0.00654	0.00327	0.00327	0.00065	0.00327	0.00262	0.00262	0.87178
9	0.00916	0.00785	0.00916	0.00654	0.01047	0.00589	0.00523	0.01112	0.00916	0.01439	0.00785	0.00916	0.00654	0.00327	0.00327	0.00065	0.00327	0.00262	0.00262	0.87178
10	0.01091	0.01055	0.01827	0.02675	0.78356	0.01052	0.04695	0.01358	0.01007	0.01442	0.00833	0.01097	0.00698	0.00393	0.00441	0.00132	0.00534	0.00399	0.00219	0.00695
11	0.01544	0.03114	0.03863	0.01007	0.01355	0.01276	0.02964	0.58505	0.12566	0.06145	0.02431	0.01186	0.00888	0.00535	0.00442	0.00135	0.00470	0.00417	0.00429	0.00727
12	0.00566	0.00414	0.00543	0.00618	0.00671	0.00376	0.00418	0.00652	0.00851	0.01151	0.02311	0.77964	0.02752	0.01305	0.00546	0.00171	0.00262	0.01181	0.00399	0.06849
13	0.00667	0.00513	0.00702	0.00696	0.00768	0.02357	0.00530	0.00807	0.00720	0.01026	0.01189	0.01821	0.01137	0.11971	0.68060	0.00638	0.02843	0.00484	0.02685	0.00386
14	0.00565	0.00459	0.00502	0.00499	0.00632	0.00404	0.00371	0.00732	0.03534	0.01342	0.22033	0.09821	0.55403	0.01072	0.00523	0.00149	0.00226	0.00912	0.00429	0.00392
15	0.00890	0.02253	0.79898	0.01276	0.01923	0.01028	0.03892	0.01399	0.00936	0.01399	0.00796	0.00940	0.00563	0.00418	0.00423	0.00140	0.00655	0.00332	0.00188	0.00651
16	0.00625	0.00451	0.00590	0.00556	0.00660	0.00417	0.00417	0.00833	0.01250	0.01771	0.81490	0.03299	0.04167	0.00903	0.00521	0.00139	0.00208	0.00799	0.00486	0.00417
17	0.00862	0.00804	0.01344	0.55741	0.21032	0.00930	0.01167	0.01126	0.00910	0.01202	0.01010	0.08710	0.02267	0.00528	0.00453	0.00146	0.00537	0.00480	0.00225	0.00525
18	0.00903	0.00489	0.00497	0.00468	0.00594	0.00501	0.00358	0.08422	0.01034	0.01753	0.01405	0.01592	0.01096	0.00516	0.00321	0.00106	0.00232	0.00410	0.78859	0.00443
19	0.00618	0.00495	0.00596	0.00645	0.00715	0.03883	0.01606	0.00735	0.00960	0.01259	0.15946	0.53264	0.09655	0.01214	0.00549	0.00168	0.00286	0.06611	0.00412	0.00383
20	0.01010	0.00834	0.06169	0.00865	0.01109	0.00762	0.07993	0.07590	0.17701	0.10755	0.29015	0.05817	0.03835	0.00729	0.00490	0.00146	0.00366	0.03815	0.00430	0.00567
21	0.01209	0.79702	0.02250	0.00779	0.01148	0.06687	0.00762	0.01349	0.00919	0.01042	0.00618	0.00714	0.00567	0.00383	0.00290	0.00096	0.00492	0.00239	0.00191	0.00563
22	0.00699	0.00510	0.00730	0.00708	0.00778	0.00593	0.00540	0.00828	0.00714	0.03518	0.01190	0.01854	0.01145	0.15746	0.61803	0.00611	0.06902	0.00493	0.00248	0.00392
23	0.87598	0.00854	0.00649	0.00581	0.00854	0.00991	0.00478	0.01298	0.00752	0.01982	0.00615	0.00717	0.00478	0.00410	0.00273	0.00137	0.00342	0.00239	0.00273	0.00478
24	0.01041	0.01062	0.05357	0.10889	0.66407	0.01023	0.02627	0.01314	0.00986	0.01399	0.00871	0.03441	0.00744	0.00427	0.00442	0.00135	0.00533	0.00417	0.00220	0.00665
25	0.00597	0.00429	0.00529	0.00568	0.00594	0.00427	0.00369	0.00648	0.00764	0.01015	0.02057	0.38919	0.08273	0.35570	0.04376	0.00300	0.02979	0.00922	0.00338	0.00328
26	0.00906	0.03964	0.74341	0.01333	0.05517	0.01045	0.04065	0.01396	0.00938	0.01393	0.00794	0.00943	0.00569	0.00416	0.00421	0.00139	0.00646	0.00334	0.00189	0.00651
27	0.00557	0.00396	0.00517	0.00607	0.00636	0.00373	0.00407	0.00632	0.00835	0.01109	0.02356	0.70640	0.04160	0.10111	0.00742	0.00206	0.00281	0.04690	0.00395	0.00352
28	0.05483	0.27309	0.42489	0.01052	0.01545	0.10976	0.01198	0.02949	0.00973	0.01308	0.00721	0.00840	0.00562	0.00413	0.00369	0.00123	0.00596	0.00291	0.00202	0.00603

[dist]
# distance from previous block
# <min> <max>
0	1

[block]
# block no. 4 follows, 59 sequences, length 31
# corresponding to MSA columns:
# 505-535
name=unknown_E
#
# <colnr> <probs for GDERKNQSTAVLIFYWHMCP>
#	G	D	E	R	K	N	Q	S	T	A	V	L	I	F	Y	W	H	M	C	P
0	0.87598	0.00854	0.00649	0.00581	0.00854	0.00991	0.00478	0.01298	0.00752	0.01982	0.00615	0.00717	0.00478	0.00410	0.00273	0.00137	0.00342	0.00239	0.00273	0.00478
1	0.01040	0.18433	0.39378	0.03033	0.01744	0.01213	0.13940	0.06702	0.07735	0.01453	0.00875	0.01003	0.00658	0.00427	0.00413	0.00133	0.00593	0.00360	0.00232	0.00633
2	0.00746	0.00579	0.00668	0.00613	0.00753	0.02386	0.00466	0.07287	0.05877	0.01757	0.57544	0.04345	0.13515	0.00880	0.00508	0.00140	0.00255	0.00762	0.00464	0.00456
3	0.00564	0.00442	0.00510	0.00507	0.00626	0.00388	0.00375	0.00710	0.01085	0.01411	0.34257	0.12308	0.43116	0.01063	0.00526	0.00148	0.00221	0.00914	0.00440	0.00388
4	0.00752	0.00630	0.00797	0.00775	0.00889	0.03894	0.05397	0.02535	0.08329	0.01296	0.04497	0.31906	0.08954	0.04749	0.03866	0.00201	0.03901	0.12954	0.03246	0.00433
5	0.00537	0.00387	0.00510	0.00608	0.00639	0.00359	0.00407	0.00616	0.00853	0.01130	0.02525	0.80648	0.06405	0.01372	0.00562	0.00178	0.00255	0.01241	0.00410	0.00359
6	0.01113	0.01114	0.01788	0.05873	0.65479	0.06187	0.07577	0.01396	0.02594	0.01413	0.00844	0.01097	0.00697	0.00402	0.00442	0.00133	0.00559	0.00399	0.00223	0.00671
7	0.01076	0.01076	0.04045	0.04763	0.74160	0.01041	0.03165	0.01348	0.01000	0.01433	0.00829	0.01090	0.00691	0.00394	0.00437	0.00131	0.00532	0.00392	0.00218	0.02179
8	0.01558	0.10971	0.01373	0.01098	0.01328	0.69003	0.00850	0.01673	0.01178	0.01075	0.00669	0.00797	0.00569	0.00466	0.00450	0.00117	0.05802	0.00285	0.00221	0.00516
9	0.05247	0.01104	0.01175	0.00958	0.01258	0.01252	0.00776	0.45267	0.31179	0.02344	0.01298	0.01260	0.00955	0.00558	0.00471	0.00141	0.03189	0.00428	0.00429	0.00711
10	0.00841	0.00806	0.01433	0.22329	0.01820	0.00872	0.23710	0.01152	0.05336	0.01270	0.04759	0.04311	0.04766	0.01109	0.17056	0.00263	0.04885	0.00524	0.02260	0.00498
11	0.00909	0.00883	0.01244	0.01083	0.01097	0.01217	0.00896	0.01016	0.00682	0.01057	0.00682	0.01097	0.00669	0.01204	0.15253	0.00281	0.69661	0.00401	0.00201	0.00468
12	0.00636	0.00495	0.00635	0.00675	0.00722	0.02732	0.00486	0.00736	0.00790	0.01067	0.01789	0.39745	0.02019	0.11859	0.26159	0.00373	0.04280	0.04106	0.00325	0.00371
13	0.00549	0.00393	0.00523	0.00624	0.00657	0.00368	0.00427	0.00634	0.00860	0.01141	0.02472	0.77544	0.04586	0.01368	0.00566	0.00180	0.00265	0.06071	0.00410	0.00362
14	0.00973	0.00819	0.00947	0.00681	0.01071	0.00648	0.00547	0.07080	0.01003	0.01541	0.00806	0.00927	0.00661	0.00342	0.00336	0.00070	0.00339	0.00272	0.00275	0.80660
15	0.00902	0.00815	0.01303	0.70770	0.04974	0.00995	0.01165	0.02770	0.08038	0.02712	0.00899	0.01221	0.00672	0.00458	0.00442	0.00147	0.00560	0.00403	0.00230	0.00525
16	0.01667	0.01030	0.01156	0.00911	0.01233	0.02867	0.00743	0.42093	0.08716	0.28255	0.03439	0.03597	0.01058	0.00573	0.00448	0.00136	0.00432	0.00453	0.00472	0.00722
17	0.02973	0.04439	0.36084	0.01341	0.01827	0.01018	0.28886	0.01406	0.04392	0.04102	0.04364	0.01279	0.03424	0.00506	0.01886	0.00152	0.00626	0.00442	0.00245	0.00608
18	0.00847	0.00430	0.00453	0.00440	0.00554	0.00421	0.00332	0.01049	0.00969	0.04995	0.08050	0.01846	0.03580	0.00564	0.00337	0.00109	0.00214	0.00459	0.73925	0.00425
19	0.00895	0.02126	0.71887	0.01310	0.01927	0.01021	0.10024	0.01383	0.00942	0.01395	0.00839	0.02761	0.00622	0.00435	0.00434	0.00142	0.00654	0.00367	0.00195	0.00640
20	0.02516	0.01168	0.15202	0.01005	0.01383	0.00947	0.08922	0.12572	0.13836	0.06506	0.01115	0.02290	0.00875	0.00496	0.00465	0.00127	0.04059	0.02989	0.00321	0.23206
21	0.00538	0.00384	0.00512	0.00615	0.00641	0.00359	0.00410	0.00615	0.00846	0.01127	0.02434	0.84190	0.02921	0.01384	0.00564	0.00179	0.00256	0.01256	0.00410	0.00359
22	0.00542	0.00448	0.00475	0.00468	0.00609	0.00381	0.00351	0.00672	0.01053	0.01304	0.19250	0.04068	0.66699	0.01077	0.00522	0.00147	0.00221	0.00907	0.00425	0.00381
23	0.00827	0.00771	0.01270	0.76163	0.02851	0.00951	0.01168	0.01139	0.03042	0.01155	0.00979	0.01397	0.03392	0.00490	0.00449	0.00149	0.00565	0.02537	0.00216	0.00490
24	0.01015	0.01130	0.02410	0.03702	0.07976	0.01070	0.68511	0.01363	0.01026	0.01395	0.00966	0.05489	0.00787	0.00428	0.00516	0.00149	0.00700	0.00547	0.00232	0.00589
25	0.79322	0.06033	0.03564	0.00615	0.00908	0.01038	0.00535	0.01303	0.00767	0.01904	0.00621	0.00724	0.00487	0.00408	0.00279	0.00134	0.00360	0.00242	0.00265	0.00490
26	0.05885	0.00474	0.00515	0.00499	0.00638	0.00430	0.00377	0.00748	0.01072	0.01443	0.31414	0.03650	0.47684	0.01041	0.02077	0.00155	0.00244	0.00834	0.00425	0.00395
27	0.00567	0.00391	0.00503	0.00588	0.00616	0.00369	0.00388	0.00643	0.00829	0.01130	0.02261	0.70338	0.02669	0.10330	0.00731	0.00202	0.00272	0.01138	0.05685	0.00352
28	0.00937	0.01717	0.45261	0.01534	0.10299	0.01022	0.23399	0.01359	0.00986	0.01425	0.05756	0.01167	0.00826	0.00439	0.00473	0.00142	0.01998	0.00418	0.00219	0.00625
29	0.00960	0.00991	0.01635	0.01313	0.01433	0.01229	0.21974	0.01129	0.00784	0.01160	0.00777	0.06115	0.00747	0.00704	0.01149	0.00181	0.56525	0.00475	0.00215	0.00505
30	0.00602	0.00524	0.00547	0.00542	0.00666	0.03568	0.00404	0.00725	0.01018	0.01263	0.15861	0.13459	0.52676	0.01108	0.01688	0.00159	0.03499	0.00898	0.00404	0.00388

[dist]
# distance from previous block
# <min> <max>
0	31

# created by:
# /st0/software/busco_prod/Augustus/scripts/msa2prfl.pl ./align_prep/127619.fa
