[name]
unknown

[dist]
# distance from previous block
# <min> <max>
0	102

[block]
# block no. 0 follows, 60 sequences, length 61
# corresponding to MSA columns:
# 102-149,162-164,212-221
name=unknown_A
#
# <colnr> <probs for GDERKNQSTAVLIFYWHMCP>
#	G	D	E	R	K	N	Q	S	T	A	V	L	I	F	Y	W	H	M	C	P
0	0.00773	0.00555	0.00747	0.00818	0.00937	0.00564	0.00712	0.06751	0.01081	0.01411	0.02217	0.04635	0.02380	0.01155	0.00590	0.00196	0.00407	0.73240	0.00404	0.00427
1	0.01580	0.01996	0.01243	0.01125	0.01333	0.76927	0.00851	0.01691	0.01194	0.01066	0.00667	0.00799	0.00563	0.00473	0.00470	0.00118	0.06891	0.00288	0.00222	0.00504
2	0.00538	0.00466	0.00505	0.06553	0.00767	0.00412	0.00396	0.00662	0.00985	0.01174	0.04151	0.03974	0.75809	0.01055	0.00510	0.00147	0.00247	0.00881	0.00389	0.00377
3	0.00553	0.00409	0.00565	0.06707	0.00807	0.00399	0.00464	0.00645	0.00838	0.01113	0.02284	0.78273	0.02715	0.01298	0.00548	0.00175	0.00277	0.01177	0.00389	0.00364
4	0.00877	0.00746	0.00875	0.00643	0.01004	0.00565	0.00509	0.01062	0.00899	0.01399	0.00895	0.07038	0.00810	0.00400	0.00340	0.00073	0.00318	0.00331	0.00269	0.80948
5	0.01032	0.00983	0.01652	0.02436	0.71279	0.01004	0.01248	0.01268	0.00963	0.01380	0.00922	0.07193	0.00845	0.00482	0.00499	0.00137	0.05345	0.00451	0.00228	0.00654
6	0.01039	0.00988	0.01677	0.02525	0.75977	0.00986	0.01270	0.01285	0.00981	0.01402	0.00937	0.07200	0.00852	0.00460	0.00441	0.00133	0.00499	0.00451	0.00230	0.00666
7	0.00942	0.00843	0.01260	0.62195	0.04583	0.02720	0.01094	0.12153	0.01044	0.01349	0.00932	0.07251	0.00775	0.00516	0.00444	0.00145	0.00546	0.00449	0.00244	0.00516
8	0.00758	0.00379	0.00568	0.00568	0.00568	0.00379	0.00379	0.00568	0.00568	0.00758	0.00758	0.01326	0.00758	0.01515	0.01705	0.87311	0.00379	0.00379	0.00189	0.00189
9	0.00954	0.00954	0.01336	0.01145	0.01145	0.01336	0.00954	0.01050	0.00668	0.01050	0.00573	0.00954	0.00573	0.00763	0.01431	0.00191	0.83874	0.00382	0.00191	0.00477
10	0.00617	0.00446	0.00583	0.00549	0.00652	0.00412	0.00412	0.00823	0.01235	0.01749	0.81722	0.03258	0.04115	0.00892	0.00514	0.00137	0.00206	0.00789	0.00480	0.00412
11	0.00824	0.00775	0.01308	0.83624	0.03004	0.00969	0.01211	0.01114	0.00872	0.01114	0.00775	0.01163	0.00581	0.00436	0.00436	0.00145	0.00581	0.00388	0.00194	0.00484
12	0.01124	0.00988	0.01033	0.02681	0.02907	0.03911	0.00727	0.05791	0.71437	0.01817	0.01663	0.01551	0.01249	0.00576	0.00441	0.00145	0.00375	0.00477	0.00426	0.00682
13	0.01041	0.00997	0.01701	0.14796	0.70132	0.01026	0.01319	0.01305	0.00975	0.01378	0.00814	0.01092	0.00674	0.00396	0.00432	0.00132	0.00528	0.00388	0.00213	0.00660
14	0.00955	0.20305	0.58598	0.01245	0.07906	0.01171	0.01400	0.01361	0.00919	0.01307	0.00747	0.00885	0.00565	0.00403	0.00386	0.00128	0.00596	0.00308	0.00187	0.00630
15	0.01629	0.02079	0.01236	0.01124	0.01348	0.82921	0.00843	0.01742	0.01236	0.01067	0.00674	0.00787	0.00562	0.00449	0.00393	0.00112	0.00787	0.00281	0.00225	0.00506
16	0.00525	0.00445	0.00455	0.00461	0.00605	0.00375	0.00351	0.00640	0.00995	0.01185	0.04309	0.04235	0.77650	0.01110	0.00520	0.00150	0.00230	0.04984	0.00405	0.00370
17	0.01899	0.00755	0.01010	0.00783	0.01115	0.00670	0.00644	0.02138	0.06516	0.76952	0.01724	0.01494	0.01096	0.00543	0.00439	0.00136	0.00369	0.00442	0.00533	0.00739
18	0.00832	0.00784	0.01323	0.81034	0.05530	0.00971	0.01215	0.01122	0.00876	0.01124	0.00777	0.01160	0.00585	0.00435	0.00436	0.00145	0.00579	0.00388	0.00195	0.00491
19	0.00617	0.00446	0.00583	0.00549	0.00652	0.00412	0.00412	0.00823	0.01235	0.01749	0.81722	0.03258	0.04115	0.00892	0.00514	0.00137	0.00206	0.00789	0.00480	0.00412
20	0.00824	0.00775	0.01308	0.83624	0.03004	0.00969	0.01211	0.01114	0.00872	0.01114	0.00775	0.01163	0.00581	0.00436	0.00436	0.00145	0.00581	0.00388	0.00194	0.00484
21	0.00918	0.00936	0.05145	0.50894	0.31238	0.00995	0.01275	0.01207	0.00918	0.01238	0.00792	0.01122	0.00619	0.00418	0.00434	0.00139	0.00562	0.00385	0.00201	0.00566
22	0.01166	0.84935	0.02285	0.00746	0.01119	0.01726	0.00746	0.01306	0.00886	0.01026	0.00606	0.00700	0.00560	0.00373	0.00280	0.00093	0.00466	0.00233	0.00187	0.00560
23	0.00876	0.02173	0.77365	0.01253	0.01878	0.01004	0.04866	0.01370	0.00932	0.01390	0.02491	0.00981	0.00632	0.00422	0.00421	0.00138	0.00639	0.00340	0.00192	0.00637
24	0.01812	0.00840	0.05302	0.03565	0.06033	0.00694	0.00751	0.02008	0.01204	0.70631	0.01588	0.01421	0.01013	0.00521	0.00437	0.00135	0.00401	0.00428	0.00491	0.00726
25	0.01122	0.01316	0.23481	0.06043	0.29994	0.00963	0.13632	0.01449	0.01008	0.13455	0.00986	0.02893	0.00748	0.00438	0.00444	0.00137	0.00562	0.00416	0.00259	0.00652
26	0.01887	0.00727	0.00990	0.00764	0.01089	0.00629	0.00629	0.02058	0.01248	0.78065	0.05883	0.01577	0.01238	0.00558	0.00443	0.00135	0.00363	0.00457	0.00537	0.00725
27	0.01849	0.00789	0.02531	0.03213	0.06400	0.00682	0.00719	0.02033	0.01215	0.73324	0.01619	0.01439	0.01031	0.00525	0.00438	0.00135	0.00391	0.00432	0.00503	0.00730
28	0.01032	0.09240	0.64472	0.01153	0.01727	0.04749	0.01414	0.01458	0.00962	0.08646	0.00847	0.00947	0.00601	0.00424	0.00404	0.00133	0.00611	0.00323	0.00218	0.00640
29	0.00924	0.01844	0.55712	0.02981	0.19738	0.02140	0.04622	0.01344	0.00942	0.01373	0.00853	0.04022	0.00674	0.00442	0.00428	0.00138	0.00607	0.00379	0.00201	0.00637
30	0.00953	0.06742	0.69871	0.01268	0.05974	0.01036	0.01503	0.01410	0.00938	0.05205	0.00819	0.00943	0.00585	0.00417	0.00409	0.00135	0.00615	0.00326	0.00203	0.00647
31	0.00989	0.01003	0.05788	0.32497	0.38526	0.02086	0.06107	0.01270	0.00953	0.03406	0.00863	0.03018	0.00700	0.00433	0.00440	0.00138	0.00555	0.00412	0.00219	0.00597
32	0.00978	0.06264	0.27761	0.01390	0.14628	0.00954	0.16181	0.03928	0.01029	0.05676	0.05063	0.02337	0.10822	0.00525	0.00449	0.00137	0.00535	0.00477	0.00267	0.00597
33	0.00927	0.01242	0.21973	0.30977	0.25576	0.00994	0.05436	0.02614	0.00949	0.01316	0.00875	0.02720	0.01610	0.00441	0.00437	0.00139	0.00575	0.00401	0.00210	0.00591
34	0.00960	0.01122	0.08726	0.04670	0.18719	0.03334	0.36859	0.01279	0.02619	0.01358	0.02834	0.08930	0.04612	0.00525	0.00494	0.00145	0.01439	0.00549	0.00250	0.00574
35	0.02490	0.08772	0.18831	0.23610	0.02770	0.00894	0.06595	0.01205	0.00930	0.08895	0.01278	0.15599	0.03556	0.00625	0.00446	0.00144	0.00499	0.02053	0.00274	0.00532
36	0.00871	0.00828	0.01414	0.68348	0.16064	0.00983	0.03041	0.01158	0.00896	0.01172	0.00785	0.01149	0.00601	0.00427	0.00437	0.00143	0.00574	0.00391	0.00198	0.00521
37	0.00720	0.00513	0.00577	0.00548	0.00703	0.00469	0.00414	0.02553	0.06819	0.08176	0.16398	0.11772	0.46718	0.01000	0.00506	0.00147	0.00249	0.00849	0.00432	0.00436
38	0.01082	0.06466	0.25244	0.04215	0.12710	0.02134	0.24486	0.01416	0.00995	0.10489	0.01012	0.03838	0.01880	0.00455	0.00461	0.00138	0.01676	0.00436	0.00251	0.00617
39	0.00843	0.00780	0.00934	0.01156	0.19434	0.10959	0.01822	0.00997	0.02532	0.02302	0.05544	0.38523	0.04920	0.06466	0.00609	0.00170	0.00399	0.00814	0.00333	0.00463
40	0.01957	0.00742	0.01012	0.00776	0.01113	0.00641	0.00641	0.02126	0.01248	0.82254	0.01721	0.01484	0.01080	0.00540	0.00439	0.00135	0.00371	0.00439	0.00540	0.00742
41	0.00997	0.17583	0.60253	0.01140	0.01697	0.08501	0.01382	0.01400	0.00943	0.01287	0.00740	0.00868	0.00555	0.00410	0.00388	0.00127	0.00624	0.00302	0.00188	0.00616
42	0.05637	0.00986	0.01469	0.18449	0.16857	0.01071	0.13018	0.16775	0.13538	0.02726	0.01030	0.01200	0.00783	0.00533	0.02595	0.00153	0.00531	0.00419	0.01609	0.00620
43	0.00875	0.02256	0.82413	0.01243	0.01888	0.01013	0.01611	0.01381	0.00921	0.01381	0.00783	0.00921	0.00552	0.00414	0.00414	0.00138	0.00645	0.00322	0.00184	0.00645
44	0.01910	0.00756	0.01024	0.02524	0.01158	0.00671	0.00658	0.03659	0.02801	0.77420	0.01688	0.01472	0.01067	0.00538	0.00439	0.00135	0.00377	0.00438	0.00529	0.00736
45	0.00855	0.00807	0.01364	0.73754	0.12630	0.00977	0.01227	0.01142	0.00887	0.01152	0.00781	0.01153	0.00595	0.00430	0.00436	0.00143	0.00574	0.00388	0.00196	0.00510
46	0.02520	0.00623	0.00639	0.05363	0.00863	0.06523	0.00487	0.00936	0.09456	0.01270	0.08086	0.26927	0.32661	0.01012	0.00501	0.00153	0.00307	0.00869	0.00386	0.00420
47	0.01493	0.09030	0.09409	0.01123	0.03113	0.46955	0.04660	0.05430	0.02176	0.10038	0.00835	0.00918	0.00643	0.00454	0.00417	0.00120	0.02028	0.00321	0.00263	0.00571
48	0.00687	0.00471	0.02267	0.00585	0.00658	0.00417	0.00411	0.00781	0.00884	0.07479	0.13615	0.40281	0.06221	0.22069	0.00953	0.00227	0.00305	0.00926	0.00386	0.00377
49	0.00535	0.00382	0.00510	0.00611	0.00638	0.00357	0.00411	0.00613	0.00838	0.01117	0.02402	0.82860	0.02877	0.01363	0.00558	0.00178	0.00256	0.02735	0.00405	0.00355
50	0.00882	0.00831	0.01402	0.58607	0.24230	0.00964	0.01215	0.01156	0.00903	0.01198	0.00849	0.04309	0.00699	0.00459	0.00439	0.00142	0.00552	0.00420	0.00208	0.00535
51	0.01044	0.07984	0.13612	0.07649	0.15610	0.08424	0.19779	0.02157	0.02116	0.03736	0.01007	0.07225	0.01930	0.00575	0.02733	0.00153	0.02990	0.00461	0.00241	0.00576
52	0.01034	0.01009	0.03834	0.22756	0.47951	0.01013	0.10617	0.01317	0.00974	0.04066	0.00846	0.01121	0.00669	0.00404	0.00442	0.00136	0.00558	0.00403	0.00221	0.00628
53	0.01720	0.01015	0.01190	0.04656	0.01333	0.01062	0.00773	0.45746	0.03443	0.32511	0.01304	0.01229	0.00874	0.00527	0.00437	0.00133	0.00441	0.00412	0.00464	0.00729
54	0.11789	0.00941	0.04988	0.39267	0.25684	0.03102	0.01123	0.01203	0.00901	0.01322	0.00850	0.05391	0.00718	0.00466	0.00418	0.00140	0.00523	0.00408	0.00221	0.00545
55	0.01132	0.01096	0.12963	0.02129	0.14789	0.03029	0.10232	0.13725	0.03612	0.11567	0.01393	0.18149	0.02915	0.00652	0.00467	0.00144	0.00480	0.00586	0.00336	0.00604
56	0.02097	0.00964	0.01347	0.14364	0.28783	0.07741	0.05250	0.02504	0.05132	0.03456	0.03113	0.03066	0.02586	0.03362	0.04243	0.00165	0.02251	0.00430	0.00259	0.08887
57	0.02096	0.00821	0.08620	0.00848	0.03536	0.04113	0.00683	0.07191	0.05313	0.01302	0.03203	0.22286	0.05129	0.04710	0.22347	0.00310	0.06063	0.00656	0.00310	0.00465
58	0.19431	0.21267	0.01347	0.04173	0.05705	0.01067	0.06829	0.05984	0.04673	0.01470	0.01032	0.14337	0.00987	0.00562	0.00390	0.00127	0.01385	0.00458	0.00278	0.08499
59	0.19465	0.14597	0.09279	0.01037	0.04820	0.06156	0.10567	0.05012	0.07000	0.06275	0.00941	0.01082	0.02188	0.02315	0.02102	0.00150	0.05816	0.00361	0.00270	0.00566
60	0.05277	0.02527	0.10192	0.19674	0.03150	0.02321	0.02559	0.11413	0.10103	0.04587	0.06508	0.10106	0.02877	0.01779	0.01665	0.00154	0.01627	0.00515	0.01341	0.01624

[dist]
# distance from previous block
# <min> <max>
0	27

[block]
# block no. 1 follows, 60 sequences, length 15
# corresponding to MSA columns:
# 251-265
name=unknown_B
#
# <colnr> <probs for GDERKNQSTAVLIFYWHMCP>
#	G	D	E	R	K	N	Q	S	T	A	V	L	I	F	Y	W	H	M	C	P
0	0.05197	0.04776	0.13874	0.04440	0.06173	0.02460	0.07013	0.20367	0.09665	0.05319	0.06683	0.01361	0.04294	0.00514	0.00426	0.00131	0.00471	0.00428	0.00331	0.06076
1	0.01216	0.04470	0.05084	0.03517	0.15790	0.06111	0.04079	0.15432	0.06654	0.10060	0.08130	0.01348	0.02735	0.00503	0.00439	0.00124	0.01783	0.00420	0.00334	0.11770
2	0.05351	0.04740	0.03903	0.01077	0.06550	0.10002	0.10032	0.13185	0.08188	0.08357	0.01219	0.13893	0.01083	0.00623	0.00482	0.02263	0.01721	0.00511	0.00329	0.06489
3	0.09073	0.07221	0.34497	0.04151	0.08987	0.01055	0.18956	0.03511	0.00964	0.02829	0.00869	0.04377	0.00693	0.00443	0.00423	0.00138	0.00585	0.00401	0.00226	0.00601
4	0.10449	0.00995	0.01255	0.01082	0.01122	0.05099	0.00896	0.01107	0.00703	0.01149	0.00581	0.00920	0.00561	0.00710	0.01256	0.00181	0.70894	0.00361	0.00201	0.00478
5	0.00584	0.00445	0.00537	0.00514	0.00631	0.00397	0.00385	0.00759	0.01156	0.01563	0.56502	0.03564	0.29451	0.00961	0.00515	0.00140	0.00211	0.00832	0.00456	0.00397
6	0.01524	0.20983	0.01475	0.01038	0.01296	0.64395	0.00821	0.01642	0.01156	0.01058	0.00659	0.00767	0.00561	0.00432	0.00367	0.00108	0.00713	0.00270	0.00216	0.00518
7	0.00578	0.00400	0.00495	0.00550	0.00566	0.00385	0.00345	0.00625	0.00761	0.01018	0.04248	0.47302	0.02366	0.36859	0.01264	0.00281	0.00324	0.00969	0.00347	0.00318
8	0.00634	0.00423	0.00476	0.00476	0.00476	0.00423	0.00264	0.00634	0.00634	0.00846	0.01374	0.02854	0.01586	0.84672	0.02220	0.00423	0.00423	0.00634	0.00264	0.00264
9	0.01515	0.01150	0.15815	0.02407	0.06985	0.03280	0.04310	0.13784	0.01259	0.38310	0.03129	0.01333	0.00950	0.03161	0.00493	0.00144	0.00476	0.00419	0.00399	0.00681
10	0.01132	0.58106	0.21764	0.00898	0.01325	0.08061	0.00965	0.01359	0.00923	0.01116	0.00655	0.00761	0.00558	0.00389	0.00322	0.00106	0.00536	0.00259	0.00189	0.00576
11	0.00583	0.00472	0.02306	0.00635	0.00702	0.00454	0.00470	0.00698	0.00837	0.01136	0.08034	0.42796	0.10187	0.04891	0.20663	0.00307	0.03185	0.00917	0.00352	0.00375
12	0.00953	0.09540	0.54286	0.01540	0.19839	0.01087	0.04062	0.01365	0.00937	0.01359	0.00778	0.00945	0.00588	0.00403	0.00409	0.00132	0.00603	0.00335	0.00193	0.00645
13	0.03148	0.15538	0.10430	0.03934	0.07720	0.04582	0.12754	0.10103	0.11840	0.07262	0.00973	0.01082	0.00745	0.00474	0.00497	0.00135	0.07496	0.00383	0.00284	0.00620
14	0.44589	0.03547	0.00975	0.03680	0.03671	0.02904	0.00670	0.03080	0.00869	0.15070	0.00810	0.00921	0.00614	0.00499	0.00537	0.00144	0.16279	0.00312	0.00295	0.00535

[dist]
# distance from previous block
# <min> <max>
2	7

[block]
# block no. 2 follows, 60 sequences, length 35
# corresponding to MSA columns:
# 273-307
name=unknown_C
#
# <colnr> <probs for GDERKNQSTAVLIFYWHMCP>
#	G	D	E	R	K	N	Q	S	T	A	V	L	I	F	Y	W	H	M	C	P
0	0.02290	0.00953	0.05843	0.00974	0.07923	0.01899	0.00739	0.04627	0.34684	0.08394	0.08677	0.01488	0.01285	0.00527	0.00420	0.00126	0.00373	0.00440	0.00378	0.17962
1	0.01587	0.02011	0.01209	0.01100	0.01319	0.79504	0.00825	0.01704	0.01236	0.01096	0.04031	0.00889	0.00709	0.00468	0.00398	0.00113	0.00762	0.00302	0.00235	0.00502
2	0.01164	0.00960	0.02803	0.05025	0.53631	0.00940	0.02300	0.01484	0.06980	0.13275	0.05221	0.01332	0.01982	0.00462	0.00440	0.00133	0.00472	0.00432	0.00295	0.00670
3	0.01010	0.25634	0.52023	0.01057	0.01598	0.01191	0.01273	0.02833	0.00942	0.04023	0.00769	0.00878	0.00580	0.00405	0.00374	0.00122	0.00568	0.00300	0.00205	0.04217
4	0.00807	0.00738	0.01053	0.05445	0.01084	0.00971	0.00790	0.00930	0.00717	0.01057	0.00992	0.09112	0.01018	0.02668	0.22502	0.00324	0.45379	0.03745	0.00232	0.00437
5	0.00925	0.21666	0.58637	0.01081	0.01631	0.01144	0.01333	0.01323	0.00923	0.01299	0.02745	0.01041	0.03577	0.00441	0.00389	0.00128	0.00577	0.00334	0.00200	0.00609
6	0.01088	0.02789	0.06095	0.09798	0.50241	0.05133	0.05989	0.04026	0.01031	0.03819	0.00987	0.02874	0.03282	0.00448	0.00437	0.00133	0.00536	0.00420	0.00239	0.00637
7	0.00915	0.13554	0.71463	0.01175	0.01783	0.01110	0.01493	0.01371	0.00916	0.01333	0.00759	0.00891	0.00553	0.00409	0.00396	0.00132	0.00620	0.00310	0.00184	0.00633
8	0.01054	0.00925	0.01569	0.02102	0.55780	0.00904	0.07514	0.01301	0.01041	0.07337	0.09829	0.01546	0.06148	0.00497	0.00453	0.00133	0.00473	0.00479	0.00280	0.00636
9	0.01064	0.01019	0.01727	0.07548	0.75600	0.01033	0.01318	0.01344	0.02541	0.01414	0.00836	0.01095	0.00697	0.00395	0.00432	0.00131	0.00519	0.00391	0.00219	0.00678
10	0.00925	0.08072	0.58218	0.01161	0.03270	0.00976	0.04354	0.01328	0.00932	0.05617	0.01007	0.10356	0.00851	0.00523	0.00426	0.00139	0.00574	0.00434	0.00230	0.00609
11	0.00927	0.02027	0.67408	0.01461	0.13868	0.01012	0.03064	0.01388	0.00939	0.02780	0.00806	0.00959	0.00584	0.00412	0.00419	0.00137	0.00623	0.00338	0.00196	0.00652
12	0.02520	0.01040	0.01979	0.11540	0.35667	0.01032	0.33184	0.01344	0.00994	0.03582	0.00889	0.02604	0.00712	0.00407	0.00465	0.00140	0.00601	0.00453	0.00228	0.00617
13	0.00875	0.02256	0.82413	0.01243	0.01888	0.01013	0.01611	0.01381	0.00921	0.01381	0.00783	0.00921	0.00552	0.00414	0.00414	0.00138	0.00645	0.00322	0.00184	0.00645
14	0.01063	0.02884	0.13731	0.02327	0.64467	0.01022	0.01328	0.01353	0.00992	0.03499	0.02690	0.01109	0.00756	0.00408	0.00428	0.00130	0.00525	0.00386	0.00225	0.00676
15	0.00623	0.00467	0.00701	0.00701	0.00779	0.00545	0.00545	0.00779	0.00701	0.01012	0.01168	0.01713	0.01090	0.03271	0.82944	0.00701	0.01168	0.00467	0.00234	0.00389
16	0.00875	0.02256	0.82413	0.01243	0.01888	0.01013	0.01611	0.01381	0.00921	0.01381	0.00783	0.00921	0.00552	0.00414	0.00414	0.00138	0.00645	0.00322	0.00184	0.00645
17	0.01079	0.01036	0.01770	0.02677	0.81952	0.01036	0.01339	0.01339	0.00993	0.01425	0.00820	0.01079	0.00691	0.00389	0.00432	0.00130	0.00518	0.00389	0.00216	0.00691
18	0.01054	0.01150	0.02386	0.01985	0.18022	0.01095	0.62907	0.03199	0.01046	0.01434	0.00874	0.01154	0.00669	0.00375	0.00496	0.00143	0.00686	0.00487	0.00225	0.00612
19	0.00524	0.00442	0.00454	0.00451	0.00594	0.00372	0.00338	0.00643	0.01015	0.01227	0.10996	0.04117	0.75167	0.01086	0.00515	0.00146	0.00220	0.00909	0.00411	0.00372
20	0.87753	0.00843	0.00641	0.00574	0.00843	0.00978	0.00472	0.01282	0.00742	0.01957	0.00607	0.00709	0.00472	0.00405	0.00270	0.00135	0.00337	0.00236	0.00270	0.00472
21	0.00614	0.00458	0.00681	0.00691	0.00764	0.00526	0.00531	0.00761	0.00715	0.01023	0.01294	0.10127	0.01273	0.03077	0.74559	0.00648	0.01075	0.00546	0.00251	0.00386
22	0.00531	0.00380	0.00506	0.00607	0.00633	0.00354	0.00405	0.00607	0.00835	0.01113	0.02404	0.84388	0.02885	0.01366	0.00557	0.00177	0.00253	0.01240	0.00405	0.00354
23	0.01085	0.00937	0.00986	0.00888	0.01134	0.01085	0.00690	0.02318	0.81164	0.01824	0.01775	0.01627	0.01331	0.00592	0.00444	0.00148	0.00345	0.00493	0.00444	0.00690
24	0.00623	0.00467	0.00701	0.00701	0.00779	0.00545	0.00545	0.00779	0.00701	0.01012	0.01168	0.01713	0.01090	0.03271	0.82944	0.00701	0.01168	0.00467	0.00234	0.00389
25	0.00531	0.00380	0.00506	0.00607	0.00633	0.00354	0.00405	0.00607	0.00835	0.01113	0.02404	0.84388	0.02885	0.01366	0.00557	0.00177	0.00253	0.01240	0.00405	0.00354
26	0.87753	0.00843	0.00641	0.00574	0.00843	0.00978	0.00472	0.01282	0.00742	0.01957	0.00607	0.00709	0.00472	0.00405	0.00270	0.00135	0.00337	0.00236	0.00270	0.00472
27	0.01029	0.01176	0.02574	0.01838	0.02279	0.01103	0.80368	0.01397	0.01029	0.01397	0.00882	0.01176	0.00662	0.00368	0.00515	0.00147	0.00735	0.00515	0.00221	0.00588
28	0.07830	0.70107	0.02053	0.00771	0.01122	0.09901	0.00735	0.01348	0.00911	0.01101	0.00613	0.00709	0.00553	0.00383	0.00291	0.00098	0.00489	0.00238	0.00197	0.00548
29	0.01026	0.00865	0.00912	0.00831	0.01057	0.00989	0.00643	0.02109	0.70197	0.01760	0.01872	0.05155	0.04189	0.00637	0.00443	0.00146	0.00328	0.00534	0.05660	0.00648
30	0.01411	0.05107	0.01318	0.01226	0.08966	0.57879	0.04147	0.01559	0.01177	0.01185	0.09225	0.01091	0.00953	0.00491	0.00434	0.00119	0.02592	0.00355	0.00248	0.00518
31	0.00892	0.07236	0.77586	0.01213	0.01841	0.01056	0.01559	0.01377	0.00919	0.01360	0.00772	0.00907	0.00553	0.00412	0.00406	0.00135	0.00634	0.00317	0.00184	0.00639
32	0.01738	0.00773	0.00991	0.00777	0.01088	0.00713	0.00635	0.12575	0.02551	0.60853	0.03511	0.04365	0.06161	0.00608	0.00449	0.00137	0.00369	0.00497	0.00510	0.00698
33	0.00791	0.00731	0.05676	0.00775	0.00938	0.00697	0.02224	0.02988	0.29688	0.01473	0.08083	0.40039	0.02191	0.00957	0.00501	0.00160	0.00321	0.00850	0.00408	0.00510
34	0.54786	0.00992	0.00955	0.03115	0.15823	0.07379	0.00704	0.04150	0.05719	0.01789	0.00741	0.00861	0.00583	0.00422	0.00330	0.00133	0.00417	0.00292	0.00271	0.00538

[dist]
# distance from previous block
# <min> <max>
6	7

[block]
# block no. 3 follows, 60 sequences, length 6
# corresponding to MSA columns:
# 315-320
name=unknown_D
#
# <colnr> <probs for GDERKNQSTAVLIFYWHMCP>
#	G	D	E	R	K	N	Q	S	T	A	V	L	I	F	Y	W	H	M	C	P
0	0.01048	0.00621	0.00792	0.00750	0.03168	0.00585	0.00556	0.01346	0.11892	0.21719	0.09395	0.25777	0.01956	0.00832	0.00474	0.00144	0.00313	0.05534	0.03444	0.09655
1	0.00893	0.00775	0.00959	0.11896	0.01301	0.00634	0.00611	0.01100	0.00900	0.01380	0.00775	0.00939	0.00637	0.00338	0.00338	0.00076	0.00358	0.00276	0.00250	0.75563
2	0.04691	0.10735	0.28655	0.04959	0.21677	0.03816	0.05767	0.03789	0.02462	0.01415	0.03354	0.01108	0.02519	0.00436	0.00408	0.00129	0.00546	0.00369	0.00228	0.02937
3	0.00942	0.01006	0.12254	0.53901	0.02431	0.00987	0.01158	0.06839	0.03791	0.04668	0.00917	0.03989	0.00714	0.00495	0.00480	0.00146	0.04090	0.00414	0.00240	0.00538
4	0.00942	0.03026	0.06448	0.03485	0.03757	0.06477	0.00682	0.13972	0.06338	0.02750	0.03741	0.20516	0.13860	0.04416	0.02254	0.00170	0.02180	0.02760	0.00354	0.01874
5	0.01076	0.08835	0.12109	0.17495	0.14746	0.05050	0.02637	0.10124	0.07404	0.04357	0.01125	0.05402	0.02664	0.00528	0.00428	0.00136	0.00507	0.02515	0.02273	0.00590

[dist]
# distance from previous block
# <min> <max>
1	32

[block]
# block no. 4 follows, 60 sequences, length 30
# corresponding to MSA columns:
# 353-382
name=unknown_E
#
# <colnr> <probs for GDERKNQSTAVLIFYWHMCP>
#	G	D	E	R	K	N	Q	S	T	A	V	L	I	F	Y	W	H	M	C	P
0	0.17890	0.00955	0.08720	0.00822	0.05025	0.06517	0.00670	0.06676	0.06003	0.05270	0.13987	0.02044	0.18225	0.00668	0.00442	0.00137	0.01691	0.01403	0.00351	0.02502
1	0.00946	0.02119	0.73842	0.01205	0.01815	0.01014	0.01517	0.03998	0.04044	0.04254	0.00862	0.00972	0.00607	0.00429	0.00417	0.00138	0.00618	0.00335	0.00215	0.00653
2	0.00836	0.03299	0.00811	0.02042	0.09862	0.00584	0.00553	0.01069	0.05598	0.09874	0.33449	0.04781	0.18909	0.04317	0.00554	0.00150	0.00293	0.00693	0.01844	0.00482
3	0.16495	0.07812	0.15959	0.03761	0.05816	0.11293	0.08026	0.11612	0.01095	0.05613	0.00949	0.01062	0.03445	0.00466	0.00423	0.00132	0.03094	0.00357	0.02009	0.00580
4	0.01862	0.00625	0.02163	0.00775	0.03488	0.00586	0.04574	0.02262	0.08852	0.03145	0.07796	0.20441	0.11711	0.01020	0.02677	0.13024	0.01614	0.03189	0.00342	0.09854
5	0.01083	0.06750	0.05754	0.06549	0.57179	0.07047	0.01223	0.01355	0.02778	0.01355	0.00908	0.01191	0.01983	0.00433	0.00424	0.00130	0.00533	0.02459	0.00225	0.00642
6	0.01223	0.01025	0.01456	0.08740	0.28732	0.04594	0.07407	0.13599	0.10350	0.09728	0.02722	0.01319	0.03474	0.00497	0.00476	0.00137	0.03121	0.00436	0.00317	0.00647
7	0.01101	0.01076	0.01750	0.02617	0.78862	0.04175	0.01320	0.01354	0.01002	0.01411	0.00815	0.01068	0.00686	0.00391	0.00430	0.00129	0.00528	0.00384	0.00216	0.00684
8	0.02378	0.02080	0.04048	0.02666	0.01257	0.02042	0.17687	0.05861	0.05105	0.10346	0.09335	0.13931	0.11183	0.00733	0.00564	0.00149	0.07543	0.00645	0.01923	0.00525
9	0.00834	0.00694	0.02842	0.17873	0.05461	0.03429	0.00703	0.06946	0.02400	0.04407	0.02846	0.34236	0.01707	0.07524	0.04363	0.00200	0.00438	0.00753	0.01883	0.00457
10	0.07073	0.08725	0.08775	0.00928	0.01130	0.09062	0.05694	0.05278	0.01887	0.01294	0.02424	0.20273	0.05066	0.00836	0.03282	0.00169	0.16750	0.00584	0.00281	0.00489
11	0.01166	0.84935	0.02285	0.00746	0.01119	0.01726	0.00746	0.01306	0.00886	0.01026	0.00606	0.00700	0.00560	0.00373	0.00280	0.00093	0.00466	0.00233	0.00187	0.00560
12	0.00904	0.00775	0.00904	0.00646	0.01034	0.00581	0.00517	0.01098	0.00904	0.01421	0.00775	0.00904	0.00646	0.00323	0.00323	0.00065	0.00323	0.00258	0.00258	0.87339
13	0.00600	0.00430	0.00547	0.00617	0.00695	0.00397	0.00460	0.00714	0.00919	0.03092	0.02826	0.46379	0.20752	0.01251	0.00555	0.00175	0.00282	0.18526	0.00407	0.00377
14	0.02311	0.03949	0.03992	0.03646	0.06717	0.22913	0.06153	0.07759	0.13702	0.01453	0.07744	0.03352	0.05288	0.00623	0.01567	0.00144	0.06116	0.01711	0.00307	0.00554
15	0.01093	0.30333	0.01454	0.02845	0.10947	0.03861	0.00735	0.06526	0.02214	0.08458	0.06829	0.11161	0.05992	0.02183	0.00459	0.00132	0.02023	0.01898	0.00307	0.00547
16	0.00573	0.00447	0.00493	0.00507	0.00614	0.00402	0.00375	0.00676	0.00925	0.01144	0.05981	0.03984	0.49966	0.19228	0.00898	0.00215	0.00291	0.12554	0.00376	0.00352
17	0.01107	0.01175	0.02887	0.18628	0.38936	0.18358	0.01132	0.01335	0.01005	0.01273	0.00864	0.03016	0.00741	0.00465	0.00450	0.00132	0.02510	0.02164	0.03241	0.00580
18	0.02843	0.02452	0.02917	0.24499	0.32117	0.00956	0.02095	0.02890	0.00974	0.11251	0.01032	0.04639	0.02129	0.00549	0.01986	0.00151	0.05226	0.00434	0.00264	0.00595
19	0.00677	0.00534	0.00684	0.00688	0.00769	0.03966	0.00519	0.02614	0.00794	0.01096	0.02907	0.15208	0.02871	0.05551	0.56395	0.00534	0.00904	0.00602	0.02295	0.00393
20	0.00645	0.00478	0.00606	0.00691	0.04078	0.00475	0.00467	0.00842	0.06837	0.01280	0.06457	0.49683	0.09804	0.01102	0.00530	0.00160	0.02291	0.02808	0.10359	0.00408
21	0.16486	0.01148	0.04057	0.04061	0.10304	0.11342	0.03565	0.17643	0.05006	0.04887	0.00880	0.00981	0.00673	0.00438	0.00397	0.00121	0.01572	0.00335	0.00301	0.15805
22	0.02493	0.03132	0.03180	0.02411	0.07933	0.00727	0.02226	0.09139	0.06763	0.03971	0.03072	0.15466	0.18112	0.04109	0.04136	0.00175	0.02093	0.01748	0.01733	0.07383
23	0.05758	0.05915	0.09911	0.01154	0.15119	0.03796	0.02025	0.07055	0.02129	0.03994	0.05622	0.05279	0.03929	0.00672	0.00452	0.00141	0.00442	0.17816	0.00316	0.08474
24	0.13612	0.03972	0.11621	0.05454	0.18267	0.05298	0.02754	0.10444	0.01063	0.03482	0.02510	0.04453	0.04425	0.00523	0.00442	0.00133	0.03210	0.02183	0.00278	0.05876
25	0.06217	0.05769	0.05834	0.01253	0.19438	0.02862	0.03529	0.16143	0.04030	0.07508	0.06919	0.03315	0.05450	0.01852	0.01982	0.00144	0.00452	0.00452	0.01772	0.05079
26	0.03773	0.05019	0.04295	0.02791	0.28352	0.06790	0.03092	0.14653	0.09789	0.03790	0.04068	0.01389	0.05134	0.00509	0.00427	0.00130	0.00477	0.01690	0.00309	0.03522
27	0.01176	0.02381	0.04248	0.01320	0.20849	0.08036	0.02076	0.19052	0.09077	0.03951	0.01304	0.08575	0.05269	0.00573	0.00446	0.00130	0.01474	0.00481	0.01260	0.08324
28	0.04249	0.03117	0.07997	0.01115	0.10661	0.06119	0.05148	0.15948	0.08672	0.05330	0.04180	0.02748	0.08073	0.01791	0.00493	0.00136	0.03547	0.01694	0.01900	0.07081
29	0.03862	0.07759	0.13668	0.03810	0.11694	0.07048	0.00923	0.18717	0.03509	0.01653	0.04165	0.04782	0.03392	0.00529	0.00448	0.00128	0.03633	0.00416	0.02399	0.07464

[dist]
# distance from previous block
# <min> <max>
6	196

[block]
# block no. 5 follows, 60 sequences, length 40
# corresponding to MSA columns:
# 600-639
name=unknown_F
#
# <colnr> <probs for GDERKNQSTAVLIFYWHMCP>
#	G	D	E	R	K	N	Q	S	T	A	V	L	I	F	Y	W	H	M	C	P
0	0.01116	0.12049	0.26549	0.01248	0.10065	0.11039	0.06506	0.08184	0.04994	0.03425	0.05296	0.02402	0.02256	0.00489	0.00441	0.00131	0.02551	0.00394	0.00261	0.00605
1	0.01044	0.09028	0.17631	0.04160	0.06311	0.07811	0.00895	0.09755	0.07437	0.04617	0.11471	0.06589	0.05837	0.01660	0.00483	0.00138	0.02686	0.00496	0.00317	0.01634
2	0.01046	0.03130	0.11450	0.12354	0.17572	0.02420	0.08899	0.08279	0.05923	0.05992	0.06586	0.03153	0.04614	0.00530	0.00464	0.00137	0.02048	0.01441	0.00293	0.03669
3	0.01083	0.09733	0.13425	0.09379	0.13754	0.08658	0.06286	0.08370	0.06332	0.03362	0.03588	0.01370	0.07720	0.00502	0.00422	0.00128	0.00515	0.00421	0.00275	0.04678
4	0.01043	0.10790	0.16228	0.04765	0.17984	0.04493	0.06377	0.03751	0.03307	0.05609	0.01184	0.04928	0.06513	0.00530	0.00485	0.00133	0.05782	0.00438	0.01667	0.03995
5	0.02186	0.03833	0.01426	0.05147	0.40543	0.02762	0.00998	0.11250	0.03500	0.04022	0.02248	0.03363	0.00840	0.02187	0.00450	0.00127	0.00464	0.00399	0.00276	0.13979
6	0.03473	0.03662	0.05407	0.19092	0.24206	0.05353	0.08382	0.13020	0.01130	0.03742	0.00953	0.02735	0.00787	0.00481	0.00438	0.00137	0.00542	0.04225	0.00266	0.01969
7	0.01011	0.03493	0.12631	0.04354	0.05452	0.00712	0.01883	0.02513	0.06539	0.16825	0.08695	0.12034	0.09461	0.02795	0.00511	0.00151	0.00394	0.06503	0.00371	0.03673
8	0.01221	0.14723	0.01682	0.01817	0.40989	0.17491	0.03326	0.05789	0.04468	0.01373	0.00890	0.01052	0.02443	0.00429	0.00405	0.00122	0.00554	0.00362	0.00239	0.00626
9	0.00545	0.00414	0.00505	0.00567	0.00639	0.00378	0.00399	0.00659	0.02102	0.01177	0.06286	0.52558	0.26554	0.01250	0.00543	0.00167	0.00249	0.04231	0.00408	0.00368
10	0.00925	0.06288	0.57828	0.01341	0.04722	0.01038	0.14875	0.01360	0.00941	0.02360	0.00861	0.03945	0.00666	0.00439	0.00430	0.00138	0.00629	0.00387	0.00204	0.00623
11	0.00973	0.01053	0.09690	0.10767	0.39505	0.00943	0.09931	0.01286	0.04062	0.03287	0.02695	0.05070	0.06447	0.00513	0.00469	0.00139	0.01827	0.00483	0.00253	0.00608
12	0.00544	0.00389	0.00521	0.00622	0.00653	0.00365	0.00427	0.00630	0.00848	0.01128	0.02397	0.78361	0.02856	0.01354	0.00560	0.00179	0.00264	0.07138	0.00405	0.00358
13	0.00824	0.00775	0.01308	0.83624	0.03004	0.00969	0.01211	0.01114	0.00872	0.01114	0.00775	0.01163	0.00581	0.00436	0.00436	0.00145	0.00581	0.00388	0.00194	0.00484
14	0.01454	0.01106	0.18137	0.05665	0.15427	0.00807	0.00993	0.03067	0.01114	0.42134	0.01333	0.03605	0.00940	0.00514	0.00438	0.00137	0.00464	0.01597	0.00383	0.00683
15	0.01100	0.01691	0.46884	0.01450	0.12957	0.00968	0.12375	0.01498	0.00999	0.14502	0.00954	0.01070	0.00672	0.00425	0.00435	0.00138	0.00595	0.00377	0.00251	0.00659
16	0.00824	0.00775	0.01308	0.83624	0.03004	0.00969	0.01211	0.01114	0.00872	0.01114	0.00775	0.01163	0.00581	0.00436	0.00436	0.00145	0.00581	0.00388	0.00194	0.00484
17	0.00537	0.00387	0.00510	0.00607	0.00641	0.00360	0.00413	0.00619	0.00848	0.01123	0.02491	0.77821	0.06436	0.01349	0.00557	0.00177	0.00257	0.04106	0.00405	0.00357
18	0.00918	0.02488	0.08506	0.14693	0.30355	0.00890	0.07612	0.01164	0.00936	0.03594	0.01234	0.16095	0.02939	0.00629	0.00502	0.00147	0.03631	0.02847	0.00261	0.00561
19	0.00824	0.00775	0.01308	0.83624	0.03004	0.00969	0.01211	0.01114	0.00872	0.01114	0.00775	0.01163	0.00581	0.00436	0.00436	0.00145	0.00581	0.00388	0.00194	0.00484
20	0.00875	0.02256	0.82413	0.01243	0.01888	0.01013	0.01611	0.01381	0.00921	0.01381	0.00783	0.00921	0.00552	0.00414	0.00414	0.00138	0.00645	0.00322	0.00184	0.00645
21	0.01213	0.01024	0.04384	0.15268	0.12716	0.03481	0.24920	0.02548	0.07233	0.18446	0.01138	0.01354	0.00843	0.00467	0.00463	0.00142	0.00558	0.02872	0.00307	0.00621
22	0.01185	0.01343	0.26185	0.02817	0.05879	0.02780	0.12052	0.12074	0.02862	0.15774	0.07481	0.01444	0.05084	0.00520	0.00450	0.00138	0.00521	0.00453	0.00328	0.00632
23	0.00875	0.02256	0.82413	0.01243	0.01888	0.01013	0.01611	0.01381	0.00921	0.01381	0.00783	0.00921	0.00552	0.00414	0.00414	0.00138	0.00645	0.00322	0.00184	0.00645
24	0.01038	0.00966	0.01551	0.32657	0.46071	0.03414	0.01245	0.03167	0.00987	0.03555	0.00829	0.01112	0.00658	0.00415	0.00433	0.00135	0.00545	0.00387	0.00222	0.00611
25	0.00805	0.00779	0.10194	0.05797	0.04790	0.00641	0.07260	0.01024	0.02713	0.07431	0.02828	0.32761	0.03647	0.02957	0.08587	0.00217	0.01972	0.03386	0.01737	0.00474
26	0.00907	0.00861	0.01460	0.57103	0.28870	0.00991	0.01253	0.01188	0.00912	0.01216	0.00790	0.01135	0.00617	0.00421	0.00435	0.00140	0.00561	0.00388	0.00201	0.00552
27	0.03067	0.00898	0.01166	0.02446	0.01274	0.00926	0.08078	0.09214	0.31601	0.32818	0.02762	0.01476	0.01131	0.00543	0.00445	0.00141	0.00406	0.00463	0.00452	0.00694
28	0.01033	0.04849	0.51193	0.03647	0.08929	0.05735	0.09793	0.03154	0.00995	0.05439	0.00837	0.00984	0.00609	0.00417	0.00423	0.00135	0.00626	0.00352	0.00217	0.00634
29	0.01396	0.00799	0.04494	0.04235	0.11528	0.00702	0.03815	0.02952	0.01118	0.41405	0.01638	0.09843	0.01349	0.00681	0.00475	0.00149	0.00418	0.11951	0.00423	0.00629
30	0.00605	0.00408	0.00529	0.00589	0.00629	0.00385	0.00397	0.00687	0.00859	0.03523	0.10411	0.57236	0.02724	0.15642	0.00837	0.00215	0.00285	0.03289	0.00392	0.00357
31	0.00549	0.00391	0.00502	0.00583	0.00612	0.00367	0.00385	0.00617	0.00815	0.01080	0.02341	0.67450	0.06248	0.13698	0.00802	0.00213	0.00279	0.02345	0.00384	0.00342
32	0.03540	0.00837	0.01088	0.02992	0.07229	0.02777	0.00721	0.08874	0.02663	0.60203	0.01539	0.03360	0.01031	0.00540	0.00436	0.00135	0.00403	0.00442	0.00480	0.00710
33	0.07306	0.01023	0.04596	0.08626	0.49533	0.02407	0.02577	0.01304	0.00959	0.03031	0.00809	0.01031	0.00659	0.00388	0.00404	0.00122	0.00491	0.00356	0.00230	0.14151
34	0.00745	0.00557	0.00800	0.00965	0.13982	0.00527	0.02038	0.02482	0.00974	0.05893	0.09543	0.42966	0.12358	0.01043	0.00519	0.00159	0.00313	0.03300	0.00386	0.00452
35	0.05485	0.01196	0.10366	0.32603	0.11279	0.13991	0.01079	0.04021	0.04356	0.02757	0.02476	0.01140	0.00724	0.02549	0.00507	0.00145	0.04172	0.00375	0.00236	0.00544
36	0.62496	0.00914	0.02768	0.00692	0.02540	0.03298	0.00561	0.06019	0.02306	0.05887	0.02436	0.02906	0.00684	0.00453	0.00316	0.00132	0.00366	0.00303	0.00299	0.04625
37	0.03155	0.18822	0.22692	0.01034	0.06888	0.04823	0.02591	0.06886	0.03932	0.06147	0.09799	0.01286	0.02360	0.01849	0.00425	0.00127	0.00483	0.00388	0.00281	0.06032
38	0.06212	0.00857	0.05526	0.00936	0.09233	0.01943	0.03920	0.02801	0.04890	0.05215	0.09578	0.03699	0.07374	0.02036	0.00440	0.00119	0.00374	0.02758	0.00316	0.31773
39	0.02637	0.08283	0.12668	0.00816	0.02962	0.03326	0.00718	0.03516	0.09355	0.03417	0.15593	0.12706	0.09199	0.00773	0.01614	0.00145	0.01908	0.03223	0.00345	0.06796

[dist]
# distance from previous block
# <min> <max>
0	16

[block]
# block no. 6 follows, 60 sequences, length 23
# corresponding to MSA columns:
# 656-678
name=unknown_G
#
# <colnr> <probs for GDERKNQSTAVLIFYWHMCP>
#	G	D	E	R	K	N	Q	S	T	A	V	L	I	F	Y	W	H	M	C	P
0	0.01074	0.06383	0.08648	0.03195	0.06676	0.04561	0.03598	0.08655	0.10116	0.06935	0.04137	0.03603	0.07370	0.00522	0.00409	0.00117	0.00424	0.00433	0.00319	0.22824
1	0.03957	0.03196	0.06027	0.02775	0.11931	0.02848	0.03570	0.08615	0.04057	0.14927	0.05129	0.02284	0.00946	0.00462	0.00416	0.00114	0.01800	0.00383	0.00325	0.26238
2	0.02102	0.02597	0.09396	0.05659	0.22644	0.02253	0.08390	0.01257	0.08162	0.01446	0.13884	0.03103	0.06530	0.00581	0.00482	0.00137	0.02976	0.02581	0.00296	0.05523
3	0.01059	0.00874	0.01040	0.03284	0.03644	0.04550	0.03133	0.07126	0.04447	0.07071	0.02412	0.05295	0.00881	0.00454	0.00411	0.00098	0.03049	0.00371	0.00302	0.50499
4	0.02571	0.00831	0.03646	0.09344	0.10459	0.02786	0.00748	0.08738	0.10824	0.10283	0.10921	0.07799	0.06870	0.04607	0.00537	0.00152	0.00397	0.02655	0.00364	0.05468
5	0.00642	0.00520	0.00662	0.03037	0.00794	0.00503	0.01831	0.00796	0.01011	0.01353	0.27546	0.06932	0.27755	0.06193	0.00678	0.00166	0.05729	0.08031	0.00388	0.05434
6	0.01018	0.00945	0.01550	0.08196	0.52596	0.00963	0.05447	0.05148	0.04755	0.01515	0.10415	0.01445	0.03094	0.00483	0.00449	0.00134	0.00481	0.00460	0.00271	0.00632
7	0.01047	0.01110	0.02268	0.03808	0.02096	0.01035	0.64544	0.03894	0.01047	0.03042	0.00889	0.01145	0.00669	0.00372	0.00486	0.00136	0.00666	0.00475	0.00238	0.11032
8	0.01045	0.00991	0.01683	0.10890	0.71463	0.01011	0.01295	0.01306	0.00978	0.01399	0.00834	0.01104	0.00692	0.00397	0.00428	0.00130	0.00515	0.00389	0.02788	0.00661
9	0.00623	0.00467	0.00701	0.00701	0.00779	0.00545	0.00545	0.00779	0.00701	0.01012	0.01168	0.01713	0.01090	0.03271	0.82944	0.00701	0.01168	0.00467	0.00234	0.00389
10	0.01558	0.01938	0.01229	0.01109	0.01319	0.73175	0.00841	0.03781	0.01206	0.01110	0.00692	0.00831	0.00583	0.00554	0.02878	0.00135	0.06031	0.00296	0.00229	0.00507
11	0.01658	0.01222	0.01309	0.01003	0.01353	0.01353	0.00829	0.80497	0.02051	0.02749	0.01047	0.01047	0.00742	0.00524	0.00436	0.00131	0.00480	0.00393	0.00436	0.00742
12	0.01029	0.01176	0.02574	0.01838	0.02279	0.01103	0.80368	0.01397	0.01029	0.01397	0.00882	0.01176	0.00662	0.00368	0.00515	0.00147	0.00735	0.00515	0.00221	0.00588
13	0.00634	0.00424	0.00484	0.00484	0.00486	0.00427	0.00274	0.00639	0.00637	0.00852	0.01367	0.02813	0.01568	0.81770	0.05098	0.00433	0.00449	0.00628	0.00263	0.00269
14	0.01330	0.01560	0.01000	0.00926	0.01090	0.56991	0.00678	0.01427	0.01077	0.01063	0.00928	0.01426	0.00884	0.18740	0.00791	0.00182	0.00657	0.02987	0.05817	0.00443
15	0.00904	0.00775	0.00904	0.00646	0.01034	0.00581	0.00517	0.01098	0.00904	0.01421	0.00775	0.00904	0.00646	0.00323	0.00323	0.00065	0.00323	0.00258	0.00258	0.87339
16	0.00924	0.05458	0.54886	0.01186	0.01653	0.01103	0.03497	0.03922	0.00900	0.01329	0.00762	0.00977	0.00594	0.01913	0.02339	0.00163	0.17252	0.00346	0.00197	0.00598
17	0.00525	0.00403	0.00481	0.00544	0.00616	0.00360	0.00377	0.00614	0.00896	0.01138	0.03175	0.53692	0.33082	0.01266	0.00541	0.00166	0.00241	0.01118	0.00405	0.00360
18	0.01957	0.00742	0.01012	0.00776	0.01113	0.00641	0.00641	0.02126	0.01248	0.82254	0.01721	0.01484	0.01080	0.00540	0.00439	0.00135	0.00371	0.00439	0.00540	0.00742
19	0.00920	0.00873	0.01482	0.53196	0.32680	0.00994	0.01259	0.01199	0.00918	0.01231	0.00792	0.01131	0.00623	0.00418	0.00434	0.00139	0.00558	0.00388	0.00202	0.00562
20	0.01029	0.01176	0.02574	0.01838	0.02279	0.01103	0.80368	0.01397	0.01029	0.01397	0.00882	0.01176	0.00662	0.00368	0.00515	0.00147	0.00735	0.00515	0.00221	0.00588
21	0.01629	0.02079	0.01236	0.01124	0.01348	0.82921	0.00843	0.01742	0.01236	0.01067	0.00674	0.00787	0.00562	0.00449	0.00393	0.00112	0.00787	0.00281	0.00225	0.00506
22	0.00921	0.00600	0.00872	0.00887	0.07442	0.00619	0.03256	0.02361	0.02244	0.13404	0.03145	0.03661	0.01357	0.13877	0.29651	0.00383	0.02085	0.08943	0.03822	0.00469

[dist]
# distance from previous block
# <min> <max>
0	15

# created by:
# /st0/software/busco_prod/Augustus/scripts/msa2prfl.pl ./align_prep/127707.fa
