[name]
unknown

[dist]
# distance from previous block
# <min> <max>
2	39

[block]
# block no. 0 follows, 64 sequences, length 14
# corresponding to MSA columns:
# 64-77
name=unknown_A
#
# <colnr> <probs for GDERKNQSTAVLIFYWHMCP>
#	G	D	E	R	K	N	Q	S	T	A	V	L	I	F	Y	W	H	M	C	P
0	0.02585	0.04211	0.05270	0.09580	0.04711	0.07826	0.15948	0.13457	0.03108	0.06882	0.04533	0.02764	0.06396	0.04014	0.02038	0.00151	0.02850	0.00453	0.02689	0.00533
1	0.00959	0.03610	0.01063	0.03541	0.07003	0.03883	0.06629	0.06173	0.07437	0.07293	0.03291	0.12703	0.04306	0.01810	0.02058	0.00142	0.05495	0.04634	0.02640	0.15331
2	0.02941	0.00659	0.00846	0.00805	0.05921	0.03216	0.04341	0.02907	0.04469	0.12119	0.10507	0.20436	0.06154	0.06192	0.01860	0.00157	0.02737	0.00633	0.02288	0.10813
3	0.06222	0.02189	0.00871	0.00759	0.02910	0.03227	0.05262	0.04374	0.07264	0.09092	0.05793	0.15527	0.10644	0.03946	0.03140	0.01429	0.03237	0.01729	0.02174	0.10211
4	0.01089	0.00801	0.01156	0.09938	0.16264	0.02135	0.06715	0.05983	0.07146	0.16783	0.05350	0.01581	0.09587	0.00581	0.01875	0.00138	0.03761	0.00461	0.03883	0.04773
5	0.00949	0.00773	0.01237	0.54594	0.03792	0.00893	0.06322	0.09051	0.00978	0.07473	0.00928	0.04010	0.00719	0.00506	0.01858	0.00144	0.00520	0.00411	0.04337	0.00505
6	0.05904	0.00797	0.02189	0.00851	0.01075	0.00818	0.10421	0.19719	0.01112	0.09457	0.01192	0.10903	0.01042	0.03346	0.04889	0.00167	0.06965	0.01629	0.11933	0.05592
7	0.00606	0.00447	0.00513	0.00518	0.00593	0.00425	0.00354	0.05724	0.00894	0.01164	0.10675	0.25589	0.24181	0.25304	0.00963	0.00221	0.00288	0.00837	0.00356	0.00345
8	0.00908	0.00874	0.01230	0.02747	0.01127	0.01167	0.03537	0.05653	0.00745	0.01110	0.00798	0.01119	0.04542	0.00861	0.06428	0.00205	0.65881	0.00398	0.00209	0.00462
9	0.00854	0.00697	0.00796	0.02156	0.00926	0.00774	0.00569	0.03376	0.41057	0.02970	0.17367	0.14341	0.06781	0.00760	0.00500	0.00144	0.04350	0.00643	0.00407	0.00530
10	0.04815	0.00990	0.01042	0.00860	0.01137	0.01109	0.00691	0.40452	0.34804	0.02130	0.01469	0.01401	0.06108	0.00556	0.00417	0.00132	0.00383	0.00439	0.00410	0.00653
11	0.03687	0.03404	0.00947	0.01989	0.01034	0.02072	0.00608	0.13827	0.13544	0.32633	0.02705	0.06683	0.01134	0.00563	0.00405	0.00126	0.00353	0.02120	0.06981	0.05185
12	0.00957	0.00607	0.00731	0.00631	0.00823	0.00584	0.00497	0.08776	0.08924	0.15542	0.35332	0.02431	0.10508	0.00719	0.00450	0.00129	0.00275	0.03303	0.02996	0.05788
13	0.00906	0.03466	0.00733	0.06756	0.00897	0.07146	0.00515	0.02333	0.05023	0.09314	0.09648	0.18778	0.01590	0.00724	0.01540	0.00134	0.02569	0.00578	0.26902	0.00446

[dist]
# distance from previous block
# <min> <max>
0	3

[block]
# block no. 1 follows, 64 sequences, length 44
# corresponding to MSA columns:
# 81-124
name=unknown_B
#
# <colnr> <probs for GDERKNQSTAVLIFYWHMCP>
#	G	D	E	R	K	N	Q	S	T	A	V	L	I	F	Y	W	H	M	C	P
0	0.00928	0.00780	0.00877	0.00925	0.11957	0.07272	0.00613	0.10484	0.13530	0.02451	0.27907	0.02058	0.05835	0.06663	0.00554	0.00146	0.00348	0.00545	0.05625	0.00503
1	0.00940	0.00999	0.02018	0.06448	0.10030	0.00965	0.55427	0.02350	0.04102	0.01388	0.10036	0.01348	0.01023	0.00422	0.00474	0.00137	0.00597	0.00498	0.00247	0.00551
2	0.01690	0.00965	0.01121	0.00862	0.01188	0.00997	0.00711	0.46387	0.03084	0.36659	0.01281	0.01184	0.00853	0.00506	0.00417	0.00127	0.00411	0.00394	0.00457	0.00706
3	0.80400	0.00794	0.00643	0.00564	0.00827	0.00902	0.00465	0.01295	0.00751	0.09319	0.00676	0.00743	0.00503	0.00397	0.00272	0.00129	0.00324	0.00243	0.00281	0.00473
4	0.00838	0.00803	0.01382	0.58523	0.17029	0.00933	0.06838	0.01105	0.00860	0.01139	0.00838	0.01162	0.02537	0.00427	0.00447	0.00137	0.02906	0.00390	0.01206	0.00500
5	0.00617	0.00479	0.00706	0.00690	0.00760	0.00568	0.00540	0.00765	0.00701	0.01017	0.06863	0.01681	0.01205	0.02770	0.71473	0.00592	0.07498	0.00461	0.00236	0.00379
6	0.00898	0.00849	0.01433	0.40585	0.42404	0.00935	0.01179	0.01149	0.00879	0.01198	0.00782	0.01130	0.00642	0.03671	0.00479	0.00141	0.00518	0.00379	0.00198	0.00551
7	0.00694	0.00597	0.00764	0.13764	0.05030	0.00563	0.00566	0.00928	0.05568	0.01309	0.16668	0.02398	0.28658	0.00688	0.00430	0.00120	0.00304	0.00586	0.00329	0.20038
8	0.01143	0.00949	0.01050	0.00983	0.07001	0.01071	0.00723	0.19919	0.56259	0.01893	0.01529	0.01446	0.03046	0.00547	0.00422	0.00136	0.00367	0.00451	0.00405	0.00661
9	0.00791	0.00636	0.00831	0.05389	0.09791	0.00588	0.00586	0.01052	0.08922	0.04334	0.08471	0.22675	0.07040	0.00701	0.00424	0.00121	0.00312	0.00616	0.00328	0.26391
10	0.00976	0.00948	0.01524	0.21394	0.57846	0.04267	0.01199	0.01220	0.00918	0.01260	0.00779	0.01059	0.00644	0.00489	0.03626	0.00147	0.00542	0.00369	0.00202	0.00594
11	0.17781	0.00830	0.01256	0.33426	0.28350	0.00930	0.02918	0.01144	0.00849	0.01321	0.00886	0.01133	0.04528	0.00432	0.00412	0.00133	0.02568	0.00369	0.00216	0.00520
12	0.01171	0.45938	0.03634	0.03172	0.01176	0.21679	0.00743	0.01421	0.09490	0.01097	0.00761	0.02504	0.00660	0.00415	0.00324	0.00102	0.00504	0.00286	0.00220	0.04702
13	0.00879	0.00837	0.01451	0.33358	0.35207	0.00899	0.08795	0.01121	0.00873	0.01187	0.00865	0.04122	0.00757	0.07247	0.00561	0.00155	0.00520	0.00428	0.00208	0.00530
14	0.00948	0.00757	0.00892	0.02123	0.01036	0.00598	0.00524	0.04939	0.00931	0.05814	0.00799	0.00902	0.00641	0.00330	0.00321	0.00070	0.00322	0.00264	0.00268	0.77522
15	0.00505	0.00366	0.00478	0.00567	0.00600	0.00338	0.00381	0.00580	0.00806	0.01065	0.02426	0.79362	0.08428	0.01284	0.00527	0.00167	0.00239	0.01159	0.00386	0.00338
16	0.01080	0.00991	0.00961	0.00866	0.01099	0.08538	0.00671	0.02157	0.74721	0.01672	0.01595	0.01477	0.01201	0.00551	0.00418	0.00138	0.00367	0.00451	0.00404	0.00641
17	0.00593	0.00445	0.00668	0.00668	0.00742	0.00519	0.00519	0.00742	0.00668	0.00964	0.01113	0.01632	0.01038	0.03115	0.83756	0.00668	0.01113	0.00445	0.00223	0.00371
18	0.00833	0.02149	0.83250	0.01184	0.01798	0.00965	0.01535	0.01315	0.00877	0.01315	0.00745	0.00877	0.00526	0.00395	0.00395	0.00132	0.00614	0.00307	0.00175	0.00614
19	0.00716	0.00557	0.00860	0.00957	0.06775	0.00552	0.06068	0.00921	0.00957	0.01257	0.02008	0.04189	0.02150	0.01039	0.00557	0.00183	0.00411	0.69070	0.00358	0.00414
20	0.01808	0.00796	0.01019	0.00781	0.01105	0.00743	0.00645	0.17506	0.01338	0.67407	0.01514	0.01333	0.00965	0.00511	0.00417	0.00128	0.00374	0.00409	0.00495	0.00707
21	0.04377	0.01475	0.01121	0.01003	0.01191	0.51973	0.06470	0.01400	0.03042	0.01083	0.00876	0.06987	0.00810	0.00789	0.08204	0.02292	0.03936	0.02275	0.00235	0.00459
22	0.07149	0.00791	0.01013	0.02939	0.13860	0.00679	0.01908	0.01164	0.02897	0.04425	0.00792	0.00922	0.00640	0.00340	0.00333	0.00084	0.00352	0.00283	0.00253	0.59178
23	0.00933	0.00736	0.00869	0.00624	0.00990	0.00558	0.00501	0.01115	0.00885	0.07166	0.00802	0.00901	0.00645	0.00322	0.00315	0.00066	0.00311	0.00258	0.00265	0.81738
24	0.00884	0.00922	0.05206	0.01040	0.01098	0.01148	0.02812	0.02006	0.00682	0.01050	0.00645	0.01034	0.00623	0.04441	0.05126	0.00206	0.66596	0.00376	0.01569	0.02536
25	0.00908	0.11946	0.03002	0.04272	0.01284	0.00920	0.19704	0.02069	0.05330	0.06235	0.00992	0.02189	0.00856	0.06336	0.24142	0.00301	0.08356	0.00429	0.00242	0.00486
26	0.00494	0.00416	0.00428	0.00436	0.00566	0.00350	0.00323	0.00598	0.00937	0.01126	0.05377	0.11071	0.74320	0.01070	0.00494	0.00143	0.00213	0.00901	0.00387	0.00350
27	0.15910	0.00707	0.00883	0.00695	0.00993	0.00650	0.00572	0.01822	0.01109	0.65181	0.06092	0.01390	0.01099	0.00512	0.00396	0.00129	0.00339	0.00405	0.00469	0.00647
28	0.00956	0.00854	0.01204	0.01029	0.01069	0.01141	0.01998	0.01065	0.00725	0.07280	0.05472	0.01203	0.00841	0.00727	0.01202	0.00174	0.69324	0.03037	0.00230	0.00469
29	0.00833	0.00808	0.01157	0.59177	0.05427	0.06769	0.01007	0.01081	0.02775	0.01068	0.00937	0.02935	0.03616	0.05865	0.00573	0.00155	0.04739	0.00413	0.00208	0.00455
30	0.01028	0.00987	0.01686	0.02550	0.82811	0.00987	0.01275	0.01275	0.00946	0.01357	0.00781	0.01028	0.00658	0.00370	0.00411	0.00123	0.00493	0.00370	0.00206	0.00658
31	0.10591	0.01024	0.01109	0.00866	0.01182	0.01108	0.00713	0.53383	0.06514	0.17640	0.01116	0.01076	0.00774	0.00494	0.00400	0.00127	0.00416	0.00373	0.00418	0.00677
32	0.00717	0.00364	0.00546	0.00546	0.00549	0.00367	0.00367	0.00549	0.00546	0.00731	0.00736	0.01277	0.00734	0.01507	0.04762	0.84581	0.00389	0.00364	0.00182	0.00188
33	0.01552	0.01980	0.01177	0.01070	0.01284	0.83735	0.00803	0.01659	0.01177	0.01017	0.00642	0.00749	0.00535	0.00428	0.00375	0.00107	0.00749	0.00268	0.00214	0.00482
34	0.01535	0.01125	0.01211	0.00935	0.01257	0.01241	0.00770	0.75348	0.04169	0.03750	0.03736	0.01089	0.00834	0.00512	0.00418	0.00125	0.00443	0.00390	0.00419	0.00695
35	0.00708	0.00362	0.00536	0.00539	0.00543	0.00360	0.00360	0.00544	0.00559	0.00742	0.00848	0.04533	0.02201	0.02531	0.01569	0.81923	0.00354	0.00404	0.00193	0.00190
36	0.01552	0.01980	0.01177	0.01070	0.01284	0.83735	0.00803	0.01659	0.01177	0.01017	0.00642	0.00749	0.00535	0.00428	0.00375	0.00107	0.00749	0.00268	0.00214	0.00482
37	0.01018	0.00876	0.00926	0.00834	0.01065	0.01012	0.00649	0.02159	0.79331	0.01735	0.04420	0.01602	0.01357	0.00573	0.00425	0.00141	0.00324	0.00479	0.00424	0.00649
38	0.01508	0.01075	0.01159	0.00902	0.01213	0.01182	0.00741	0.67529	0.06872	0.06389	0.01094	0.01087	0.00780	0.00503	0.00408	0.00124	0.00427	0.00383	0.05940	0.00683
39	0.01460	0.01722	0.01160	0.01067	0.03488	0.62368	0.00792	0.08020	0.13554	0.01262	0.00834	0.00898	0.00664	0.00453	0.00386	0.00114	0.00655	0.00310	0.00261	0.00531
40	0.00533	0.00401	0.00498	0.00556	0.00627	0.00369	0.00401	0.00651	0.01909	0.01156	0.09661	0.47671	0.23365	0.01173	0.00520	0.00160	0.00245	0.09358	0.00392	0.00354
41	0.04222	0.03301	0.17288	0.02265	0.26109	0.00817	0.08294	0.01129	0.02807	0.02141	0.05490	0.16382	0.01250	0.02922	0.00480	0.00143	0.00454	0.02456	0.00261	0.01787
42	0.39881	0.42753	0.01430	0.00703	0.03708	0.01288	0.00612	0.01261	0.03013	0.01405	0.00615	0.00706	0.00520	0.00375	0.00271	0.00109	0.00388	0.00235	0.00221	0.00504
43	0.74114	0.04165	0.06561	0.00602	0.00887	0.00946	0.00540	0.02243	0.00753	0.02827	0.00709	0.00794	0.02722	0.00406	0.00278	0.00127	0.00346	0.00253	0.00257	0.00469

[dist]
# distance from previous block
# <min> <max>
0	5

[block]
# block no. 2 follows, 64 sequences, length 81
# corresponding to MSA columns:
# 130-155,157-211
name=unknown_C
#
# <colnr> <probs for GDERKNQSTAVLIFYWHMCP>
#	G	D	E	R	K	N	Q	S	T	A	V	L	I	F	Y	W	H	M	C	P
0	0.00876	0.00925	0.00860	0.00811	0.00931	0.25685	0.07357	0.00983	0.00932	0.01076	0.04801	0.38906	0.04279	0.08086	0.00612	0.00165	0.00446	0.01562	0.00310	0.00396
1	0.00851	0.00767	0.01231	0.75536	0.02678	0.00942	0.01106	0.07889	0.00920	0.01187	0.00760	0.01101	0.00570	0.00444	0.00441	0.01986	0.00541	0.00369	0.00204	0.00476
2	0.00938	0.00787	0.03250	0.06223	0.02060	0.00676	0.01667	0.09939	0.03123	0.04343	0.07844	0.01449	0.01080	0.00470	0.00377	0.00098	0.00355	0.07117	0.00301	0.47901
3	0.03352	0.00958	0.01089	0.00848	0.01165	0.00990	0.00702	0.47125	0.01569	0.22516	0.01199	0.01313	0.00878	0.00523	0.00412	0.00124	0.00409	0.05366	0.00419	0.09043
4	0.00835	0.01791	0.60190	0.01256	0.02904	0.00927	0.16113	0.01255	0.00890	0.01297	0.00895	0.08094	0.00736	0.00463	0.00424	0.00136	0.00596	0.00416	0.00200	0.00581
5	0.01042	0.01000	0.07951	0.00874	0.01142	0.01021	0.00737	0.07866	0.65883	0.01749	0.01569	0.01541	0.01193	0.00560	0.00422	0.00140	0.00362	0.02695	0.01607	0.00646
6	0.01359	0.00612	0.00807	0.00689	0.00915	0.00554	0.00546	0.01567	0.06270	0.50073	0.06099	0.19053	0.05037	0.00745	0.00454	0.00141	0.00316	0.03712	0.00468	0.00583
7	0.00623	0.00448	0.00563	0.00549	0.00655	0.00415	0.01414	0.00807	0.04424	0.04628	0.37028	0.22047	0.20381	0.03439	0.00541	0.00150	0.00234	0.00845	0.00417	0.00392
8	0.00835	0.08422	0.69970	0.01085	0.01627	0.00969	0.01362	0.01249	0.00851	0.01246	0.00780	0.01017	0.00610	0.07625	0.00531	0.00151	0.00583	0.00326	0.00182	0.00577
9	0.01175	0.78424	0.02073	0.00713	0.01066	0.01556	0.00702	0.01310	0.00873	0.07965	0.00668	0.00730	0.00575	0.00369	0.00279	0.00092	0.00436	0.00239	0.00206	0.00548
10	0.00680	0.01805	0.15256	0.00731	0.00936	0.00544	0.03400	0.00895	0.00967	0.03576	0.19842	0.12363	0.15435	0.03277	0.00538	0.00158	0.00349	0.18466	0.00355	0.00428
11	0.00626	0.00431	0.00488	0.00467	0.00498	0.00416	0.00272	0.00642	0.00626	0.00852	0.01260	0.02560	0.01434	0.78161	0.01960	0.00374	0.00395	0.00574	0.00251	0.07714
12	0.00498	0.00423	0.00430	0.00433	0.00571	0.00355	0.00327	0.00607	0.00951	0.01134	0.05331	0.04005	0.79026	0.01052	0.00493	0.00142	0.00215	0.03268	0.00387	0.00352
13	0.00759	0.00711	0.01176	0.77257	0.02665	0.00874	0.01082	0.01022	0.00840	0.01066	0.01034	0.01353	0.07539	0.00469	0.00422	0.00139	0.00524	0.00412	0.00202	0.00452
14	0.00985	0.00997	0.01527	0.30238	0.41379	0.08726	0.06599	0.01235	0.00927	0.01217	0.00762	0.01043	0.00614	0.00425	0.01497	0.00135	0.00560	0.00369	0.00200	0.00564
15	0.00641	0.00444	0.00494	0.00486	0.00506	0.00456	0.00286	0.00740	0.07536	0.00885	0.01341	0.02619	0.01490	0.78183	0.01970	0.00380	0.00396	0.00593	0.00266	0.00286
16	0.00619	0.00456	0.00610	0.00666	0.00765	0.00446	0.00557	0.00790	0.00953	0.01249	0.12733	0.06730	0.14981	0.01267	0.07627	0.00215	0.00389	0.48191	0.00379	0.00376
17	0.01061	0.00925	0.02414	0.03906	0.06079	0.04920	0.02548	0.11741	0.41163	0.03593	0.04700	0.02531	0.01905	0.03480	0.04734	0.01364	0.01522	0.00459	0.00362	0.00592
18	0.78459	0.00828	0.00777	0.00654	0.00927	0.00933	0.07335	0.01253	0.00744	0.04114	0.00631	0.00734	0.00482	0.00386	0.00281	0.00130	0.00354	0.00253	0.00260	0.00466
19	0.00988	0.00847	0.00900	0.00823	0.01039	0.00974	0.00634	0.02069	0.75145	0.01680	0.01742	0.08662	0.01394	0.00626	0.00432	0.00143	0.00321	0.00530	0.00419	0.00630
20	0.00736	0.00418	0.00630	0.00703	0.07533	0.00418	0.00427	0.00610	0.00582	0.00784	0.00786	0.01391	0.00796	0.09894	0.01570	0.71540	0.00376	0.00386	0.00190	0.00228
21	0.00910	0.00895	0.01269	0.01176	0.08031	0.01187	0.00905	0.01021	0.00678	0.01052	0.00589	0.00930	0.00569	0.00717	0.02864	0.00179	0.70387	0.00358	0.00189	0.06095
22	0.26569	0.05097	0.01053	0.03475	0.01143	0.27642	0.00693	0.10553	0.01059	0.10736	0.00769	0.00852	0.00587	0.00455	0.00431	0.00124	0.07666	0.00294	0.00278	0.00523
23	0.00525	0.00381	0.00498	0.00573	0.00619	0.00354	0.00401	0.00621	0.00858	0.01140	0.10627	0.64449	0.09284	0.01224	0.00526	0.00164	0.00244	0.06771	0.00393	0.00347
24	0.00603	0.00439	0.00546	0.07617	0.00718	0.00439	0.00377	0.00690	0.00810	0.01087	0.22240	0.04242	0.10296	0.45769	0.01348	0.00278	0.00341	0.01527	0.00316	0.00318
25	0.02916	0.00510	0.02180	0.00587	0.00699	0.00480	0.00448	0.00960	0.00936	0.13473	0.21587	0.23709	0.02202	0.08033	0.00635	0.00161	0.04544	0.01652	0.13866	0.00421
26	0.01462	0.01092	0.01152	0.00899	0.01199	0.03401	0.00736	0.69233	0.01823	0.02451	0.07945	0.01192	0.00989	0.00526	0.00416	0.00124	0.00432	0.00404	0.03862	0.00661
27	0.00861	0.05355	0.73029	0.01136	0.01708	0.00997	0.01427	0.01388	0.07784	0.01338	0.00819	0.00926	0.00590	0.00407	0.00392	0.00131	0.00583	0.00317	0.00197	0.00614
28	0.00546	0.00422	0.00498	0.00482	0.00596	0.00374	0.00360	0.00702	0.01073	0.01428	0.48540	0.05340	0.36254	0.00943	0.00491	0.00135	0.00203	0.00813	0.00426	0.00374
29	0.00491	0.00421	0.00421	0.00421	0.00561	0.00351	0.00316	0.00596	0.00947	0.01122	0.04208	0.03997	0.82643	0.01052	0.00491	0.00140	0.00210	0.00877	0.00386	0.00351
30	0.00499	0.00421	0.00433	0.00430	0.00566	0.00354	0.00322	0.00613	0.00967	0.01170	0.11142	0.03918	0.75678	0.01034	0.00491	0.00139	0.00209	0.00866	0.00392	0.00354
31	0.01028	0.00987	0.01686	0.02550	0.82811	0.00987	0.01275	0.01275	0.00946	0.01357	0.00781	0.01028	0.00658	0.00370	0.00411	0.00123	0.00493	0.00370	0.00206	0.00658
32	0.00784	0.00738	0.01246	0.84404	0.02861	0.00923	0.01154	0.01061	0.00831	0.01061	0.00738	0.01107	0.00554	0.00415	0.00415	0.00138	0.00554	0.00369	0.00185	0.00461
33	0.00964	0.01094	0.02272	0.01641	0.02025	0.02747	0.72150	0.01286	0.00968	0.01300	0.00995	0.01250	0.04783	0.00403	0.00524	0.00141	0.04193	0.00500	0.00218	0.00544
34	0.02470	0.00772	0.01047	0.00916	0.00923	0.01036	0.00732	0.00902	0.00631	0.00969	0.00744	0.01356	0.00788	0.20896	0.04042	0.00248	0.60502	0.00420	0.00201	0.00404
35	0.01552	0.01980	0.01177	0.01070	0.01284	0.83735	0.00803	0.01659	0.01177	0.01017	0.00642	0.00749	0.00535	0.00428	0.00375	0.00107	0.00749	0.00268	0.00214	0.00482
36	0.00677	0.00579	0.00728	0.00711	0.00798	0.00651	0.00567	0.00889	0.08165	0.01177	0.04536	0.16411	0.25268	0.00986	0.00711	0.00164	0.19920	0.16310	0.00343	0.00408
37	0.00501	0.00421	0.00434	0.00431	0.00567	0.00355	0.00323	0.00615	0.00970	0.01177	0.12174	0.03907	0.74641	0.01031	0.00491	0.00139	0.00209	0.00864	0.00393	0.00355
38	0.00784	0.00738	0.01246	0.84404	0.02861	0.00923	0.01154	0.01061	0.00831	0.01061	0.00738	0.01107	0.00554	0.00415	0.00415	0.00138	0.00554	0.00369	0.00185	0.00461
39	0.00514	0.00421	0.00453	0.00448	0.00576	0.00360	0.00335	0.00640	0.00998	0.01248	0.22546	0.05313	0.62686	0.01009	0.00491	0.00139	0.00208	0.00853	0.00402	0.00360
40	0.03036	0.00729	0.00972	0.00746	0.01067	0.00645	0.00616	0.05589	0.01217	0.78362	0.01595	0.01385	0.01006	0.00512	0.00415	0.00128	0.00358	0.00413	0.00506	0.00703
41	0.48353	0.00712	0.00701	0.00606	0.00847	0.00755	0.00494	0.02262	0.00907	0.22671	0.10151	0.01402	0.01119	0.02913	0.00395	0.00140	0.00322	0.04392	0.00354	0.00503
42	0.00495	0.00418	0.00429	0.00438	0.00569	0.00352	0.00327	0.00600	0.00937	0.01120	0.04043	0.09451	0.75828	0.01070	0.00495	0.00143	0.00216	0.02334	0.00386	0.00350
43	0.00550	0.00439	0.00497	0.00496	0.00621	0.00393	0.00380	0.00718	0.03367	0.01299	0.25474	0.05531	0.49600	0.00996	0.00497	0.00143	0.00226	0.07993	0.00406	0.00374
44	0.00855	0.02716	0.04149	0.34908	0.06434	0.00885	0.04017	0.07231	0.04835	0.02190	0.03406	0.07683	0.04780	0.02932	0.04770	0.00174	0.06813	0.00479	0.00255	0.00488
45	0.00852	0.00863	0.01619	0.53228	0.02541	0.00946	0.27231	0.01148	0.00881	0.01164	0.00772	0.01099	0.00582	0.00389	0.00434	0.00135	0.00589	0.00402	0.00196	0.04930
46	0.13184	0.00888	0.01132	0.05217	0.11940	0.05497	0.06158	0.09436	0.04635	0.29126	0.04124	0.03178	0.00974	0.00501	0.00406	0.00130	0.00425	0.02083	0.00363	0.00602
47	0.00567	0.00433	0.00500	0.00505	0.00619	0.00388	0.00378	0.00718	0.02826	0.02755	0.22160	0.14888	0.42773	0.02782	0.00532	0.00150	0.00232	0.06019	0.00403	0.00372
48	0.02158	0.06366	0.01148	0.00856	0.01146	0.08661	0.00699	0.36862	0.08740	0.07291	0.01114	0.03047	0.02875	0.00511	0.00428	0.00118	0.03488	0.01408	0.00354	0.12731
49	0.01124	0.00783	0.00984	0.00722	0.01076	0.00652	0.04266	0.08012	0.01857	0.17666	0.02090	0.01032	0.00758	0.00377	0.00351	0.00085	0.00346	0.00311	0.00317	0.57192
50	0.02861	0.00808	0.01137	0.41032	0.03650	0.02576	0.04560	0.03476	0.23287	0.01341	0.03114	0.01434	0.03113	0.00593	0.03334	0.00157	0.00491	0.02237	0.00278	0.00521
51	0.01017	0.00979	0.01681	0.06038	0.77916	0.00985	0.02732	0.01267	0.00942	0.01344	0.00781	0.01033	0.00653	0.00372	0.00413	0.00124	0.00500	0.00372	0.00205	0.00648
52	0.00651	0.00463	0.00610	0.00669	0.00773	0.00445	0.00562	0.00816	0.00959	0.03097	0.08259	0.07167	0.16902	0.03594	0.00593	0.00182	0.00333	0.53157	0.00388	0.00379
53	0.00589	0.00441	0.00658	0.00663	0.00735	0.00510	0.00512	0.00733	0.00674	0.00969	0.01172	0.05866	0.01125	0.03023	0.79536	0.00642	0.01068	0.00482	0.00231	0.00369
54	0.00604	0.00404	0.00459	0.00459	0.00461	0.00406	0.00259	0.00608	0.00606	0.00810	0.01303	0.02689	0.01497	0.83181	0.04318	0.00410	0.00422	0.00600	0.00251	0.00255
55	0.00506	0.00361	0.00482	0.00578	0.00602	0.00337	0.00386	0.00578	0.00795	0.01060	0.02289	0.85131	0.02747	0.01301	0.00530	0.00169	0.00241	0.01181	0.00386	0.00337
56	0.00605	0.00495	0.00539	0.00538	0.00673	0.00472	0.00405	0.02223	0.12716	0.01265	0.08084	0.16189	0.48545	0.01003	0.00490	0.00146	0.00244	0.04569	0.00396	0.00403
57	0.86864	0.00809	0.00621	0.00553	0.00812	0.00938	0.00456	0.02582	0.00728	0.01876	0.00585	0.00680	0.00454	0.00387	0.00260	0.00128	0.00324	0.00227	0.00260	0.00454
58	0.00593	0.00445	0.00668	0.00668	0.00742	0.00519	0.00519	0.00742	0.00668	0.00964	0.01113	0.01632	0.01038	0.03115	0.83756	0.00668	0.01113	0.00445	0.00223	0.00371
59	0.01115	0.00894	0.00943	0.00820	0.01060	0.01017	0.00646	0.17820	0.57761	0.01893	0.01518	0.01440	0.01135	0.00542	0.00408	0.00133	0.00340	0.00442	0.09434	0.00639
60	0.00839	0.02110	0.80245	0.01205	0.01812	0.00968	0.04501	0.01316	0.00881	0.01316	0.00749	0.00886	0.00530	0.00393	0.00398	0.00132	0.00617	0.00314	0.00177	0.00612
61	0.00833	0.02069	0.78197	0.01193	0.01787	0.00957	0.04540	0.01302	0.00876	0.01308	0.00758	0.00904	0.00542	0.00458	0.02401	0.00145	0.00629	0.00317	0.00178	0.00606
62	0.00534	0.00385	0.00504	0.00588	0.00630	0.00362	0.00416	0.00623	0.00822	0.01080	0.02378	0.62891	0.08863	0.05341	0.00610	0.00181	0.00267	0.12806	0.00379	0.00341
63	0.00510	0.00364	0.00487	0.00583	0.00609	0.00341	0.00393	0.00585	0.00799	0.01065	0.02287	0.83099	0.02738	0.01297	0.00531	0.00169	0.00245	0.03172	0.00386	0.00339
64	0.01606	0.01119	0.01219	0.00935	0.01266	0.01223	0.00772	0.73768	0.01879	0.10380	0.01059	0.01037	0.00737	0.00500	0.00416	0.00125	0.00447	0.00378	0.00425	0.00706
65	0.00813	0.00764	0.00771	0.04135	0.00907	0.16551	0.00570	0.01994	0.02436	0.01011	0.01045	0.01553	0.00977	0.11748	0.50209	0.00476	0.00892	0.00424	0.02331	0.00393
66	0.00711	0.00368	0.00552	0.00552	0.00558	0.00374	0.00374	0.00558	0.00552	0.00742	0.00755	0.01294	0.00749	0.01586	0.08633	0.80468	0.00425	0.00368	0.00184	0.00197
67	0.00509	0.00373	0.00480	0.00564	0.00605	0.00344	0.00385	0.00590	0.00820	0.01074	0.02539	0.71907	0.13236	0.01264	0.00526	0.00166	0.00241	0.03651	0.00385	0.00341
68	0.00970	0.01077	0.02206	0.01676	0.06071	0.01086	0.63199	0.01270	0.00918	0.01274	0.00786	0.01079	0.00617	0.00417	0.00639	0.00146	0.15355	0.00462	0.00205	0.00547
69	0.00774	0.00387	0.00387	0.00387	0.00484	0.00387	0.00290	0.00968	0.00871	0.01549	0.01355	0.01549	0.01065	0.00484	0.00290	0.00097	0.00194	0.00387	0.87708	0.00387
70	0.00832	0.00706	0.00829	0.00616	0.00955	0.00539	0.00494	0.01013	0.00872	0.01343	0.02322	0.02704	0.02656	0.00394	0.00332	0.00073	0.00306	0.04331	0.00262	0.78420
71	0.00591	0.00441	0.00551	0.00522	0.00630	0.00410	0.00392	0.00810	0.04256	0.01586	0.67665	0.04175	0.14672	0.00872	0.00488	0.00133	0.00204	0.00763	0.00445	0.00396
72	0.01021	0.00946	0.01421	0.03023	0.50931	0.00997	0.02422	0.01591	0.29094	0.01483	0.01116	0.01259	0.00890	0.00448	0.00419	0.00131	0.00439	0.01437	0.00283	0.00650
73	0.00526	0.00381	0.00501	0.00585	0.00629	0.00356	0.00412	0.00618	0.00838	0.01106	0.05132	0.67176	0.08825	0.01250	0.00531	0.00168	0.00253	0.09980	0.00388	0.00345
74	0.00833	0.02149	0.83250	0.01184	0.01798	0.00965	0.01535	0.01315	0.00877	0.01315	0.00745	0.00877	0.00526	0.00395	0.00395	0.00132	0.00614	0.00307	0.00175	0.00614
75	0.00503	0.00372	0.00472	0.00551	0.00595	0.00340	0.00374	0.00581	0.00821	0.01071	0.02617	0.71261	0.16405	0.01259	0.00523	0.00164	0.00236	0.01129	0.00386	0.00340
76	0.00925	0.01041	0.03548	0.01505	0.01866	0.03269	0.63333	0.01243	0.01018	0.01380	0.15228	0.01455	0.01205	0.00441	0.00485	0.00137	0.00611	0.00527	0.00253	0.00529
77	0.01093	0.00909	0.00966	0.00846	0.01088	0.01039	0.00664	0.14064	0.65896	0.01866	0.05689	0.01545	0.01318	0.00568	0.00425	0.00138	0.00341	0.00469	0.00423	0.00651
78	0.02666	0.00516	0.00615	0.00570	0.00704	0.00510	0.00434	0.01037	0.14450	0.03580	0.56968	0.02849	0.11884	0.00806	0.00472	0.00133	0.00226	0.00699	0.00441	0.00440
79	0.03172	0.22182	0.15176	0.01003	0.06643	0.06586	0.05940	0.02428	0.03720	0.19291	0.00941	0.00995	0.00698	0.00471	0.02250	0.00126	0.00491	0.00326	0.00277	0.07285
80	0.01203	0.34527	0.07528	0.01100	0.11225	0.06909	0.02810	0.21078	0.01151	0.01472	0.00764	0.00928	0.00636	0.00437	0.00405	0.00114	0.04760	0.02118	0.00248	0.00587

[dist]
# distance from previous block
# <min> <max>
0	1

[block]
# block no. 3 follows, 64 sequences, length 8
# corresponding to MSA columns:
# 213-215,222-226
name=unknown_D
#
# <colnr> <probs for GDERKNQSTAVLIFYWHMCP>
#	G	D	E	R	K	N	Q	S	T	A	V	L	I	F	Y	W	H	M	C	P
0	0.01095	0.10428	0.12062	0.07144	0.36518	0.12449	0.05163	0.05604	0.03258	0.01321	0.00772	0.00954	0.00622	0.00394	0.00393	0.00121	0.00547	0.00341	0.00216	0.00599
1	0.01174	0.50931	0.17405	0.00861	0.01258	0.04089	0.03616	0.04441	0.00949	0.10707	0.00761	0.00825	0.00600	0.00389	0.00326	0.00105	0.00485	0.00278	0.00228	0.00575
2	0.00614	0.00454	0.00579	0.00557	0.00664	0.00432	0.00428	0.00856	0.05415	0.01599	0.66287	0.03221	0.08135	0.00874	0.00494	0.00137	0.00221	0.08188	0.00444	0.00403
3	0.00614	0.00491	0.00557	0.00529	0.00664	0.00469	0.00400	0.00917	0.12918	0.01457	0.39187	0.03236	0.35236	0.00889	0.00480	0.00136	0.00221	0.00761	0.00423	0.00414
4	0.00602	0.00412	0.00501	0.00501	0.00517	0.00429	0.00311	0.00635	0.00618	0.00841	0.01265	0.02477	0.01405	0.67106	0.20267	0.00462	0.00561	0.00569	0.00245	0.00278
5	0.01017	0.00965	0.01585	0.06216	0.70209	0.00989	0.01202	0.01366	0.09715	0.01384	0.00878	0.01088	0.00719	0.00393	0.00413	0.00126	0.00478	0.00381	0.00228	0.00649
6	0.00628	0.00491	0.00711	0.00688	0.00753	0.00582	0.00535	0.00767	0.00710	0.01028	0.09008	0.01753	0.01290	0.06864	0.62528	0.00549	0.10022	0.00474	0.00242	0.00376
7	0.00513	0.00422	0.00451	0.00444	0.00574	0.00360	0.00333	0.00638	0.00998	0.01244	0.21850	0.03796	0.64924	0.01006	0.00491	0.00138	0.00207	0.00848	0.00402	0.00360

[dist]
# distance from previous block
# <min> <max>
0	0

# created by:
# /st0/software/busco_prod/Augustus/scripts/msa2prfl.pl ./align_prep/128143.fa
