[name]
unknown

[dist]
# distance from previous block
# <min> <max>
0	60

[block]
# block no. 0 follows, 62 sequences, length 6
# corresponding to MSA columns:
# 62-67
name=unknown_A
#
# <colnr> <probs for GDERKNQSTAVLIFYWHMCP>
#	G	D	E	R	K	N	Q	S	T	A	V	L	I	F	Y	W	H	M	C	P
0	0.06936	0.02514	0.00842	0.00739	0.00953	0.00724	0.00606	0.07809	0.14588	0.08933	0.01571	0.04405	0.01467	0.05688	0.00550	0.00160	0.00365	0.25397	0.02439	0.13314
1	0.07660	0.11782	0.01228	0.00876	0.01160	0.15007	0.00716	0.33956	0.05448	0.08570	0.03440	0.06317	0.00937	0.00539	0.00398	0.00124	0.00470	0.00406	0.00357	0.00608
2	0.00652	0.00406	0.00450	0.00462	0.00539	0.00391	0.00323	0.00779	0.00857	0.01284	0.07154	0.14156	0.16040	0.16392	0.03612	0.00198	0.00281	0.00668	0.35000	0.00357
3	0.06166	0.00564	0.05403	0.02639	0.00768	0.00490	0.00496	0.00810	0.00837	0.03616	0.07863	0.24873	0.05528	0.23445	0.00941	0.00228	0.00346	0.12401	0.02214	0.00373
4	0.01027	0.21803	0.46334	0.06766	0.01663	0.01199	0.01235	0.12676	0.01044	0.01437	0.00759	0.00881	0.00569	0.00411	0.00377	0.00124	0.00560	0.00308	0.00216	0.00612
5	0.05387	0.07430	0.01236	0.04722	0.01322	0.52940	0.00796	0.12522	0.01235	0.04224	0.00759	0.00868	0.00607	0.00548	0.03506	0.00136	0.00675	0.00301	0.00257	0.00530

[dist]
# distance from previous block
# <min> <max>
0	4

[block]
# block no. 1 follows, 62 sequences, length 7
# corresponding to MSA columns:
# 72-78
name=unknown_B
#
# <colnr> <probs for GDERKNQSTAVLIFYWHMCP>
#	G	D	E	R	K	N	Q	S	T	A	V	L	I	F	Y	W	H	M	C	P
0	0.02753	0.00858	0.01120	0.00901	0.01168	0.03723	0.14146	0.12756	0.16037	0.08709	0.06868	0.02081	0.19068	0.00650	0.00456	0.00136	0.00403	0.02825	0.00376	0.04965
1	0.00996	0.00593	0.00748	0.13768	0.05453	0.00626	0.00572	0.08659	0.01026	0.09542	0.01251	0.01420	0.00947	0.00483	0.00349	0.00113	0.00314	0.00395	0.52259	0.00486
2	0.00719	0.04800	0.10899	0.00712	0.00890	0.03261	0.00624	0.00999	0.08197	0.01317	0.21542	0.15436	0.06513	0.04753	0.12722	0.00235	0.00462	0.05133	0.00344	0.00443
3	0.00735	0.00409	0.00602	0.00597	0.00599	0.00433	0.00411	0.00590	0.00581	0.00786	0.00851	0.07745	0.00887	0.01415	0.01557	0.74693	0.06254	0.00435	0.00201	0.00217
4	0.00620	0.00411	0.00472	0.00475	0.00491	0.00407	0.00281	0.00652	0.00698	0.00959	0.09011	0.07593	0.01832	0.68192	0.01825	0.00357	0.00373	0.00657	0.04408	0.00283
5	0.03726	0.11723	0.36927	0.01002	0.01438	0.03657	0.01078	0.07128	0.22652	0.05006	0.01051	0.01079	0.00776	0.00459	0.00394	0.00131	0.00502	0.00354	0.00284	0.00632
6	0.24916	0.02605	0.03132	0.00769	0.01038	0.08722	0.00631	0.26543	0.03542	0.04177	0.06885	0.01304	0.04247	0.05488	0.00481	0.00142	0.00417	0.00388	0.00338	0.04236

[dist]
# distance from previous block
# <min> <max>
0	3

[block]
# block no. 2 follows, 62 sequences, length 29
# corresponding to MSA columns:
# 82-110
name=unknown_C
#
# <colnr> <probs for GDERKNQSTAVLIFYWHMCP>
#	G	D	E	R	K	N	Q	S	T	A	V	L	I	F	Y	W	H	M	C	P
0	0.01171	0.20100	0.26497	0.00968	0.01388	0.06705	0.02103	0.15139	0.09153	0.05352	0.00903	0.00960	0.00681	0.00432	0.00376	0.00118	0.00509	0.00324	0.00272	0.06847
1	0.01079	0.00946	0.01496	0.27886	0.45368	0.02993	0.01180	0.05608	0.01011	0.07096	0.00857	0.01098	0.00667	0.00413	0.00422	0.00131	0.00519	0.00380	0.00238	0.00613
2	0.00825	0.00778	0.01316	0.76932	0.09852	0.00951	0.01193	0.01106	0.00861	0.01114	0.00760	0.01127	0.00577	0.00421	0.00425	0.00140	0.00562	0.00378	0.00191	0.00490
3	0.01554	0.01955	0.01190	0.01081	0.01302	0.77919	0.00812	0.01736	0.06502	0.01090	0.00728	0.00821	0.00598	0.00448	0.00387	0.00112	0.00739	0.00288	0.00233	0.00505
4	0.01260	0.00701	0.00924	0.02972	0.09085	0.00669	0.00638	0.09825	0.03864	0.33184	0.08578	0.11072	0.13954	0.00711	0.00457	0.00138	0.00343	0.00605	0.00433	0.00587
5	0.00688	0.00618	0.00609	0.00630	0.00716	0.10737	0.00450	0.00817	0.02693	0.01168	0.13105	0.36291	0.14735	0.06339	0.07253	0.00210	0.00386	0.01812	0.00362	0.00379
6	0.01524	0.00804	0.00978	0.00780	0.01060	0.00791	0.00635	0.24631	0.03431	0.40162	0.11704	0.01769	0.03908	0.02671	0.00487	0.00140	0.00370	0.03033	0.00473	0.00649
7	0.04793	0.01073	0.01171	0.00916	0.01240	0.01169	0.00752	0.56517	0.11390	0.14774	0.01191	0.01143	0.00833	0.00517	0.00421	0.00130	0.00431	0.00396	0.00436	0.00708
8	0.00589	0.00443	0.00553	0.00599	0.00697	0.00412	0.00474	0.00733	0.00970	0.01251	0.14055	0.16648	0.27322	0.04020	0.00597	0.00175	0.00289	0.29400	0.00399	0.00371
9	0.00599	0.00436	0.00529	0.00543	0.00632	0.00404	0.00388	0.00757	0.03861	0.03023	0.26728	0.29069	0.21810	0.07455	0.00639	0.00171	0.00246	0.01922	0.00411	0.00379
10	0.01819	0.00869	0.01077	0.00826	0.01159	0.00841	0.00682	0.26533	0.01461	0.57885	0.01475	0.01316	0.00951	0.00522	0.00427	0.00130	0.00395	0.00414	0.00495	0.00724
11	0.71480	0.00857	0.00728	0.00623	0.00900	0.00970	0.00513	0.10360	0.00908	0.08341	0.00726	0.00788	0.00537	0.00418	0.00295	0.00131	0.00348	0.00263	0.00302	0.00511
12	0.00693	0.00525	0.00610	0.00622	0.00713	0.00541	0.00436	0.01043	0.20595	0.02386	0.07952	0.36229	0.08242	0.16443	0.00806	0.00204	0.00295	0.00857	0.00386	0.00420
13	0.00533	0.00379	0.00504	0.00599	0.00627	0.00357	0.00407	0.00611	0.00817	0.01087	0.02300	0.76625	0.02742	0.04624	0.00610	0.00184	0.00262	0.05996	0.00389	0.00345
14	0.00619	0.00413	0.00464	0.00464	0.00464	0.00413	0.00258	0.00619	0.00619	0.00825	0.01341	0.02785	0.01547	0.85046	0.02166	0.00413	0.00413	0.00619	0.00258	0.00258
15	0.00686	0.00439	0.00499	0.00485	0.00503	0.00438	0.00282	0.02207	0.00667	0.03889	0.01347	0.02701	0.01513	0.80305	0.02068	0.00397	0.00412	0.00607	0.00271	0.00284
16	0.06390	0.00703	0.00807	0.00727	0.00927	0.00735	0.00574	0.08933	0.23035	0.14347	0.14819	0.11714	0.05751	0.00765	0.00462	0.00146	0.00320	0.07861	0.00432	0.00550
17	0.78581	0.00812	0.00665	0.00581	0.00852	0.00918	0.00479	0.01341	0.00778	0.10790	0.00712	0.00774	0.00526	0.00409	0.00281	0.00132	0.00333	0.00252	0.00292	0.00490
18	0.00739	0.00370	0.00554	0.00554	0.00554	0.00370	0.00370	0.00554	0.00554	0.00739	0.00739	0.01293	0.00739	0.01478	0.01663	0.87620	0.00370	0.00370	0.00185	0.00185
19	0.00739	0.00370	0.00554	0.00554	0.00554	0.00370	0.00370	0.00554	0.00554	0.00739	0.00739	0.01293	0.00739	0.01478	0.01663	0.87620	0.00370	0.00370	0.00185	0.00185
20	0.00605	0.00445	0.00506	0.00517	0.00578	0.00432	0.00342	0.00738	0.06066	0.01074	0.07690	0.17237	0.19706	0.39023	0.01259	0.00271	0.00321	0.02515	0.00340	0.00335
21	0.00603	0.00450	0.00507	0.00513	0.00641	0.00397	0.00386	0.02131	0.00991	0.04602	0.10045	0.17882	0.52280	0.01078	0.00511	0.00150	0.00241	0.05801	0.00407	0.00384
22	0.00503	0.00431	0.00431	0.00431	0.00575	0.00359	0.00323	0.00611	0.00970	0.01149	0.04310	0.04095	0.82219	0.01078	0.00503	0.00144	0.00216	0.00898	0.00395	0.00359
23	0.05402	0.76008	0.02076	0.00722	0.01079	0.01583	0.00709	0.01322	0.00879	0.06062	0.00658	0.00730	0.00573	0.00376	0.00282	0.00095	0.00443	0.00240	0.00207	0.00553
24	0.04804	0.00712	0.00901	0.00720	0.01010	0.00656	0.00586	0.03601	0.08745	0.58190	0.05065	0.01782	0.10086	0.00600	0.00433	0.00134	0.00338	0.00490	0.00489	0.00657
25	0.01289	0.00910	0.04305	0.00913	0.01133	0.06929	0.03863	0.04829	0.05310	0.29214	0.04346	0.01919	0.03041	0.00682	0.00641	0.00152	0.16359	0.13215	0.00377	0.00572
26	0.01600	0.00889	0.01049	0.00827	0.01125	0.00906	0.00671	0.31195	0.09524	0.37658	0.04471	0.01439	0.01093	0.04906	0.00520	0.00146	0.00395	0.00439	0.00464	0.00683
27	0.04357	0.00751	0.03079	0.01082	0.17748	0.00738	0.01697	0.02695	0.18650	0.04074	0.34306	0.02156	0.05588	0.00659	0.00455	0.00135	0.00326	0.00577	0.00386	0.00541
28	0.01038	0.12160	0.01118	0.00829	0.00989	0.09321	0.00680	0.07985	0.00916	0.08167	0.00950	0.01237	0.00819	0.01575	0.32410	0.02311	0.14912	0.00381	0.01721	0.00483

[dist]
# distance from previous block
# <min> <max>
8	11

[block]
# block no. 3 follows, 62 sequences, length 24
# corresponding to MSA columns:
# 134-138,140-158
name=unknown_D
#
# <colnr> <probs for GDERKNQSTAVLIFYWHMCP>
#	G	D	E	R	K	N	Q	S	T	A	V	L	I	F	Y	W	H	M	C	P
0	0.00580	0.00433	0.00520	0.00524	0.00616	0.00397	0.00386	0.00714	0.00996	0.01321	0.33336	0.08041	0.26274	0.14434	0.00780	0.00190	0.00262	0.09431	0.00401	0.00362
1	0.00733	0.00404	0.00412	0.00417	0.00521	0.00391	0.00313	0.00912	0.00906	0.01490	0.01937	0.04374	0.15133	0.00634	0.00346	0.00111	0.00207	0.02300	0.68069	0.00389
2	0.88052	0.00823	0.00625	0.00560	0.00823	0.00955	0.00461	0.01251	0.00724	0.01909	0.00592	0.00691	0.00461	0.00395	0.00263	0.00132	0.00329	0.00230	0.00263	0.00461
3	0.00559	0.00431	0.00511	0.00495	0.00610	0.00383	0.00370	0.00719	0.01098	0.01462	0.48260	0.05950	0.35680	0.00968	0.00503	0.00139	0.00208	0.00835	0.00437	0.00383
4	0.00665	0.00435	0.00531	0.00543	0.00605	0.00414	0.00376	0.00750	0.00844	0.05299	0.12952	0.16822	0.10375	0.35591	0.01196	0.00262	0.00327	0.09894	0.01772	0.00344
5	0.76366	0.00809	0.00675	0.00586	0.00859	0.00910	0.00483	0.01362	0.00791	0.12867	0.00740	0.00794	0.00541	0.00413	0.00286	0.00132	0.00334	0.00257	0.00299	0.00497
6	0.01099	0.00918	0.00973	0.00867	0.01113	0.01056	0.00677	0.04844	0.76916	0.03911	0.01707	0.01565	0.01274	0.00574	0.00433	0.00143	0.00342	0.00476	0.00435	0.00676
7	0.00525	0.00411	0.00469	0.00501	0.00593	0.00363	0.00356	0.00626	0.00921	0.01161	0.09962	0.30452	0.44079	0.05474	0.00603	0.00167	0.00238	0.02349	0.00394	0.00354
8	0.01618	0.01192	0.01277	0.00979	0.01320	0.01320	0.00809	0.80973	0.02001	0.02682	0.01022	0.01022	0.00724	0.00511	0.00426	0.00128	0.00468	0.00383	0.00426	0.00724
9	0.00553	0.00386	0.00490	0.00559	0.00578	0.00369	0.00361	0.00608	0.00760	0.01013	0.02042	0.58220	0.02426	0.26386	0.01030	0.00245	0.00300	0.03000	0.00354	0.00320
10	0.00588	0.00415	0.00456	0.00462	0.00517	0.00390	0.00295	0.00647	0.00777	0.01025	0.05514	0.09184	0.25279	0.45311	0.01369	0.00284	0.00320	0.00735	0.06122	0.00309
11	0.00674	0.00484	0.00670	0.00764	0.00862	0.00480	0.00663	0.00862	0.00974	0.01263	0.02337	0.07098	0.05600	0.01176	0.00583	0.00193	0.00381	0.74154	0.00392	0.00389
12	0.00571	0.00434	0.00525	0.00502	0.00616	0.00388	0.00377	0.00742	0.01130	0.01531	0.57610	0.03468	0.28681	0.00935	0.00502	0.00137	0.00205	0.00810	0.00445	0.00388
13	0.01589	0.02028	0.01206	0.01096	0.01315	0.83338	0.00822	0.01699	0.01206	0.01041	0.00658	0.00767	0.00548	0.00438	0.00384	0.00110	0.00767	0.00274	0.00219	0.00493
14	0.01482	0.00995	0.01106	0.00874	0.01173	0.01069	0.00711	0.49836	0.10697	0.15553	0.07357	0.01418	0.02831	0.02316	0.00470	0.00137	0.00410	0.00446	0.00442	0.00677
15	0.00592	0.00435	0.00555	0.00525	0.00630	0.00397	0.00394	0.00784	0.01181	0.01650	0.74347	0.03270	0.11870	0.00891	0.00502	0.00135	0.00202	0.00782	0.00461	0.00397
16	0.01369	0.01084	0.01260	0.01208	0.14208	0.01196	0.00850	0.46009	0.24332	0.02221	0.01187	0.01187	0.00878	0.00509	0.00427	0.00132	0.00437	0.00410	0.00393	0.00702
17	0.07312	0.01857	0.01212	0.01106	0.03099	0.69938	0.03002	0.03899	0.02667	0.01176	0.00692	0.00801	0.00567	0.00437	0.00382	0.00114	0.00715	0.00287	0.00232	0.00507
18	0.01618	0.01081	0.15183	0.00884	0.01259	0.00846	0.00826	0.20714	0.01338	0.47261	0.01383	0.03603	0.00936	0.00524	0.00427	0.00132	0.00430	0.00420	0.00439	0.00697
19	0.00937	0.01003	0.02016	0.01516	0.01822	0.01013	0.54997	0.01223	0.00940	0.01290	0.01042	0.03639	0.00935	0.00557	0.00658	0.00158	0.14005	0.11484	0.00239	0.00526
20	0.00568	0.00449	0.00520	0.00542	0.00660	0.00407	0.00420	0.00732	0.03191	0.01263	0.14845	0.13415	0.44628	0.01082	0.00521	0.00155	0.00253	0.15563	0.00406	0.00378
21	0.03044	0.01012	0.03130	0.43675	0.02237	0.06385	0.10372	0.16550	0.01098	0.01444	0.00796	0.01061	0.00602	0.00456	0.00494	0.00140	0.06344	0.00382	0.00241	0.00537
22	0.62875	0.05189	0.14751	0.00714	0.01044	0.04966	0.00688	0.03117	0.00813	0.01746	0.00635	0.00737	0.00488	0.00400	0.00297	0.00129	0.00411	0.00250	0.00247	0.00501
23	0.05220	0.49602	0.22322	0.00870	0.01284	0.04388	0.00930	0.03982	0.03928	0.02987	0.00717	0.00802	0.00585	0.00395	0.00324	0.00109	0.00498	0.00270	0.00211	0.00575

[dist]
# distance from previous block
# <min> <max>
0	4

[block]
# block no. 4 follows, 62 sequences, length 38
# corresponding to MSA columns:
# 164-201
name=unknown_E
#
# <colnr> <probs for GDERKNQSTAVLIFYWHMCP>
#	G	D	E	R	K	N	Q	S	T	A	V	L	I	F	Y	W	H	M	C	P
0	0.04064	0.09365	0.11127	0.01002	0.01317	0.28001	0.02880	0.18113	0.15914	0.01582	0.00948	0.01012	0.00733	0.01607	0.00417	0.00127	0.00561	0.00344	0.00294	0.00593
1	0.67796	0.03559	0.00771	0.00641	0.00908	0.04262	0.00525	0.05628	0.08669	0.02859	0.00742	0.00808	0.00569	0.00421	0.00296	0.00131	0.00359	0.00267	0.00287	0.00503
2	0.72309	0.00876	0.00744	0.03252	0.00964	0.01009	0.00536	0.13230	0.00920	0.01999	0.00662	0.00755	0.00504	0.00413	0.00293	0.00131	0.00358	0.00258	0.00285	0.00501
3	0.00759	0.00686	0.12852	0.03274	0.00804	0.00507	0.00538	0.00978	0.00886	0.01437	0.06035	0.01737	0.06271	0.02559	0.04256	0.03475	0.00331	0.00443	0.51753	0.00420
4	0.00744	0.00521	0.00641	0.00666	0.00762	0.00526	0.00512	0.11228	0.01020	0.01385	0.03593	0.33102	0.04215	0.07851	0.00648	0.00185	0.00325	0.23702	0.07964	0.00407
5	0.80724	0.00888	0.03424	0.00603	0.00882	0.00974	0.00516	0.05307	0.00795	0.01929	0.00620	0.00715	0.00477	0.00401	0.00276	0.00132	0.00346	0.00241	0.00269	0.00480
6	0.04206	0.00869	0.03912	0.00770	0.01119	0.00751	0.02333	0.11922	0.06595	0.25440	0.03112	0.01170	0.00886	0.00441	0.00381	0.00105	0.00368	0.00356	0.00370	0.34896
7	0.00878	0.00837	0.01353	0.67912	0.06269	0.02748	0.05153	0.03988	0.02028	0.01178	0.00779	0.01120	0.00591	0.00435	0.00457	0.00141	0.03046	0.00384	0.00204	0.00499
8	0.72147	0.00808	0.03191	0.00564	0.00820	0.00868	0.00478	0.01164	0.00774	0.01796	0.03784	0.01179	0.10115	0.00491	0.00304	0.00133	0.00321	0.00329	0.00283	0.00452
9	0.01642	0.00694	0.00911	0.00721	0.01013	0.00619	0.00588	0.02835	0.05712	0.64312	0.07346	0.01807	0.08618	0.00602	0.00440	0.00134	0.00338	0.00496	0.00504	0.00666
10	0.00889	0.00844	0.01431	0.56016	0.30267	0.00968	0.01224	0.01162	0.00891	0.01191	0.00771	0.01106	0.00604	0.00409	0.00424	0.00136	0.00546	0.00378	0.00196	0.00542
11	0.11395	0.00540	0.00590	0.00559	0.00711	0.00521	0.00422	0.06089	0.01027	0.07856	0.15624	0.19694	0.30024	0.02424	0.00500	0.00149	0.00265	0.00784	0.00401	0.00427
12	0.00722	0.00377	0.00552	0.00551	0.00556	0.00379	0.00367	0.00572	0.00579	0.00777	0.02652	0.01468	0.00889	0.08153	0.04505	0.75704	0.00396	0.00401	0.00199	0.00202
13	0.00519	0.00376	0.00491	0.00581	0.00615	0.00348	0.00391	0.00598	0.00833	0.01104	0.04259	0.77858	0.07842	0.01307	0.00540	0.00170	0.00244	0.01180	0.00397	0.00348
14	0.00604	0.00406	0.00469	0.00483	0.00487	0.00402	0.00278	0.00615	0.00648	0.00864	0.01492	0.15109	0.01737	0.72462	0.01922	0.00376	0.00388	0.00708	0.00278	0.00271
15	0.02194	0.00492	0.00569	0.00567	0.00686	0.00473	0.00421	0.00906	0.10526	0.03125	0.22979	0.19946	0.27299	0.03849	0.00557	0.00158	0.00252	0.04176	0.00414	0.00412
16	0.85145	0.00820	0.00638	0.00566	0.00832	0.00943	0.00466	0.01279	0.00741	0.04635	0.00629	0.00717	0.00481	0.00399	0.00269	0.00132	0.00330	0.00237	0.00272	0.00470
17	0.00613	0.00410	0.00466	0.00472	0.00473	0.00408	0.00266	0.00617	0.00631	0.00841	0.01402	0.07810	0.01625	0.79915	0.02066	0.00398	0.00402	0.00655	0.00266	0.00263
18	0.00595	0.00432	0.00561	0.00535	0.00633	0.00397	0.00399	0.00787	0.01178	0.01659	0.75883	0.07386	0.06156	0.00899	0.00504	0.00136	0.00204	0.00796	0.00463	0.00397
19	0.00604	0.00432	0.00582	0.00668	0.00736	0.00417	0.00525	0.00745	0.00920	0.01218	0.06910	0.38707	0.05887	0.01210	0.00556	0.00179	0.00309	0.37246	0.01778	0.00371
20	0.83937	0.00828	0.00649	0.00574	0.00840	0.00954	0.00473	0.02998	0.00765	0.04030	0.00630	0.00718	0.00482	0.00401	0.00271	0.00132	0.00333	0.00239	0.00274	0.00473
21	0.00619	0.00413	0.00464	0.00464	0.00464	0.00413	0.00258	0.00619	0.00619	0.00825	0.01341	0.02785	0.01547	0.85046	0.02166	0.00413	0.00413	0.00619	0.00258	0.00258
22	0.06389	0.00728	0.00957	0.00745	0.01061	0.00651	0.00612	0.02003	0.03885	0.73607	0.03720	0.01458	0.01107	0.00530	0.00421	0.00132	0.00355	0.00428	0.00508	0.00700
23	0.01745	0.00988	0.01151	0.00882	0.01218	0.01017	0.00729	0.46560	0.01659	0.37577	0.01308	0.01208	0.00867	0.00518	0.00427	0.00129	0.00422	0.00403	0.00470	0.00724
24	0.00570	0.00431	0.00528	0.00518	0.00625	0.00388	0.00388	0.00735	0.01100	0.01487	0.51359	0.09880	0.25946	0.00975	0.00508	0.00142	0.00215	0.03382	0.00439	0.00385
25	0.00508	0.00430	0.00433	0.00433	0.00570	0.00362	0.00320	0.00611	0.00954	0.01134	0.04173	0.04034	0.78491	0.04958	0.00580	0.00156	0.00225	0.00885	0.00389	0.00355
26	0.03588	0.00735	0.00986	0.00757	0.01085	0.00645	0.00626	0.03552	0.01223	0.79592	0.01645	0.01425	0.01035	0.00524	0.00425	0.00132	0.00363	0.00423	0.00520	0.00719
27	0.01769	0.00910	0.01098	0.00846	0.01176	0.00906	0.00697	0.32329	0.04211	0.49303	0.01429	0.01289	0.00935	0.00522	0.00427	0.00131	0.00402	0.00413	0.00485	0.00722
28	0.00729	0.00422	0.00445	0.00434	0.00545	0.00407	0.00327	0.02303	0.00973	0.01549	0.14337	0.02251	0.15428	0.00653	0.00366	0.00113	0.00206	0.00540	0.57574	0.00397
29	0.05712	0.00419	0.00578	0.00568	0.00593	0.00430	0.00388	0.02955	0.00612	0.00870	0.00776	0.03149	0.00770	0.01385	0.01522	0.78102	0.00367	0.00381	0.00201	0.00220
30	0.00538	0.00453	0.00528	0.00503	0.00643	0.00390	0.03049	0.00669	0.01004	0.01250	0.17651	0.07954	0.61806	0.01030	0.00505	0.00143	0.00231	0.00878	0.00402	0.00373
31	0.00581	0.00412	0.00553	0.00644	0.00690	0.00398	0.00478	0.00688	0.00852	0.01126	0.02234	0.52310	0.02594	0.08027	0.00688	0.00200	0.00307	0.26482	0.00383	0.00353
32	0.00579	0.00419	0.00465	0.00466	0.00517	0.00396	0.00295	0.00628	0.00765	0.00983	0.06713	0.05594	0.26435	0.50765	0.02975	0.00313	0.00349	0.00727	0.00315	0.00302
33	0.03139	0.15023	0.01246	0.00845	0.03732	0.00945	0.00689	0.13432	0.05741	0.46363	0.01340	0.01245	0.00911	0.00568	0.02735	0.00140	0.00418	0.00386	0.00425	0.00675
34	0.05500	0.39808	0.18965	0.00908	0.01285	0.14907	0.02921	0.04015	0.00982	0.01233	0.05352	0.00910	0.00749	0.00420	0.00343	0.00110	0.00530	0.00297	0.00217	0.00549
35	0.00617	0.00419	0.00499	0.00499	0.00511	0.00432	0.00301	0.00641	0.00629	0.00851	0.01309	0.02607	0.01470	0.72018	0.15089	0.00456	0.00528	0.00593	0.00253	0.00277
36	0.00776	0.00571	0.00681	0.00656	0.02823	0.00562	0.00484	0.05437	0.12911	0.05756	0.34887	0.08957	0.20949	0.00864	0.00486	0.00141	0.00261	0.01897	0.00434	0.00469
37	0.07205	0.08384	0.03102	0.02040	0.04975	0.28240	0.00741	0.08101	0.02555	0.17418	0.06594	0.02919	0.00975	0.00551	0.02014	0.00131	0.00527	0.00375	0.00321	0.02833

[dist]
# distance from previous block
# <min> <max>
1	7

[block]
# block no. 5 follows, 62 sequences, length 30
# corresponding to MSA columns:
# 219-248
name=unknown_F
#
# <colnr> <probs for GDERKNQSTAVLIFYWHMCP>
#	G	D	E	R	K	N	Q	S	T	A	V	L	I	F	Y	W	H	M	C	P
0	0.01158	0.19813	0.04670	0.00922	0.02205	0.10944	0.01727	0.06464	0.03257	0.08795	0.02075	0.05654	0.00836	0.00568	0.00632	0.00133	0.21804	0.00386	0.04256	0.03702
1	0.02581	0.00954	0.01322	0.03418	0.16758	0.05609	0.08816	0.09964	0.06686	0.05733	0.05274	0.04854	0.01034	0.00727	0.04980	0.00175	0.17838	0.02429	0.00289	0.00559
2	0.07055	0.00492	0.00638	0.00602	0.00671	0.00514	0.00430	0.06056	0.02734	0.04070	0.00940	0.01383	0.02775	0.03709	0.07304	0.59283	0.00425	0.00392	0.00236	0.00293
3	0.00892	0.00743	0.00979	0.00736	0.01056	0.00612	0.07684	0.04710	0.00976	0.03543	0.08624	0.06831	0.02395	0.01932	0.00408	0.00096	0.00344	0.00414	0.00296	0.56726
4	0.85608	0.00820	0.00636	0.00565	0.00830	0.00945	0.00465	0.01274	0.00738	0.04201	0.00623	0.00713	0.00478	0.00399	0.00268	0.00132	0.00330	0.00236	0.00271	0.00468
5	0.00616	0.00447	0.00572	0.00553	0.00654	0.00428	0.00415	0.00796	0.02275	0.02649	0.48264	0.05118	0.14905	0.06014	0.11988	0.00230	0.00355	0.02921	0.00409	0.00391
6	0.25235	0.00870	0.04658	0.00749	0.01075	0.00808	0.00644	0.10569	0.01156	0.48149	0.01269	0.01170	0.00832	0.00484	0.00382	0.00131	0.00377	0.00364	0.00428	0.00648
7	0.00521	0.00378	0.00492	0.00576	0.00614	0.00349	0.00389	0.00604	0.00846	0.01120	0.06168	0.74177	0.09616	0.01290	0.00538	0.00169	0.00242	0.01163	0.00398	0.00349
8	0.00584	0.00402	0.00486	0.00514	0.00534	0.00390	0.00319	0.00632	0.00752	0.01014	0.11248	0.29382	0.02250	0.47956	0.01443	0.00302	0.00334	0.00828	0.00327	0.00303
9	0.00578	0.00414	0.00546	0.00623	0.00677	0.00395	0.00461	0.00690	0.00879	0.01163	0.08023	0.46724	0.06234	0.08094	0.00683	0.00195	0.00295	0.22583	0.00388	0.00356
10	0.00996	0.01124	0.02378	0.01719	0.02102	0.01101	0.72027	0.01326	0.00965	0.01326	0.00827	0.01124	0.00636	0.00401	0.00601	0.00148	0.09938	0.00488	0.00212	0.00562
11	0.01590	0.02007	0.01208	0.01093	0.01316	0.81284	0.00822	0.03685	0.01226	0.01082	0.00667	0.00774	0.00552	0.00440	0.00385	0.00110	0.00760	0.00277	0.00224	0.00499
12	0.00891	0.00517	0.00642	0.00586	0.00733	0.00477	0.00439	0.02218	0.04409	0.18902	0.29099	0.13235	0.15964	0.09158	0.00651	0.00168	0.00274	0.00741	0.00436	0.00459
13	0.00594	0.00402	0.00471	0.00495	0.00501	0.00396	0.00291	0.00612	0.00667	0.00889	0.01586	0.22803	0.01856	0.64606	0.01770	0.00354	0.00372	0.00763	0.00291	0.00279
14	0.00503	0.00431	0.00431	0.00431	0.00575	0.00359	0.00323	0.00611	0.00970	0.01149	0.04310	0.04095	0.82219	0.01078	0.00503	0.00144	0.00216	0.00898	0.00395	0.00359
15	0.00594	0.00401	0.00469	0.00495	0.00509	0.00393	0.00298	0.00623	0.00689	0.00928	0.01692	0.24742	0.04059	0.57707	0.01628	0.00331	0.00356	0.00778	0.03021	0.00288
16	0.04696	0.00480	0.00579	0.00566	0.00682	0.00443	0.00407	0.00915	0.00907	0.15927	0.07043	0.29872	0.18210	0.15166	0.00773	0.00196	0.00293	0.02039	0.00394	0.00411
17	0.39658	0.00860	0.00886	0.00714	0.01017	0.00907	0.00589	0.17315	0.01156	0.31413	0.01072	0.01032	0.00728	0.00466	0.00355	0.00131	0.00369	0.00332	0.00391	0.00608
18	0.01583	0.01239	0.01253	0.00981	0.01307	0.07472	0.00802	0.70451	0.06554	0.02506	0.01035	0.01035	0.00744	0.00509	0.00423	0.00127	0.00483	0.00381	0.00411	0.00703
19	0.00529	0.00384	0.00502	0.00589	0.00630	0.00357	0.00406	0.00617	0.00848	0.01119	0.04669	0.71071	0.09510	0.01290	0.00541	0.00171	0.00251	0.05769	0.00397	0.00351
20	0.00696	0.00552	0.00622	0.00586	0.00735	0.00547	0.00444	0.01103	0.20506	0.02741	0.33237	0.05622	0.29220	0.00878	0.00486	0.00141	0.00242	0.00751	0.00434	0.00456
21	0.00610	0.00446	0.00633	0.00633	0.00691	0.00504	0.00468	0.00727	0.00669	0.00950	0.01186	0.01930	0.01176	0.22167	0.64537	0.00621	0.00971	0.00494	0.00235	0.00352
22	0.01053	0.01011	0.01727	0.02612	0.82392	0.01011	0.01306	0.01306	0.00969	0.01390	0.00800	0.01053	0.00674	0.00379	0.00421	0.00126	0.00505	0.00379	0.00211	0.00674
23	0.00615	0.00411	0.00465	0.00469	0.00470	0.00410	0.00263	0.00618	0.00626	0.00835	0.01378	0.05848	0.01594	0.81918	0.02105	0.00404	0.00406	0.00641	0.00263	0.00261
24	0.81411	0.00792	0.00616	0.00554	0.00804	0.00912	0.00453	0.01222	0.00751	0.01890	0.04352	0.00832	0.00643	0.00420	0.00275	0.00131	0.00319	0.00260	0.02905	0.00456
25	0.00808	0.00756	0.01253	0.79192	0.02819	0.00923	0.01142	0.01086	0.00853	0.01105	0.00756	0.01120	0.00571	0.00419	0.00419	0.00137	0.00553	0.00371	0.00193	0.05524
26	0.01239	0.04050	0.01125	0.00895	0.01146	0.14084	0.02359	0.30351	0.10762	0.01843	0.11471	0.02406	0.04153	0.00589	0.00478	0.00128	0.04842	0.02089	0.00362	0.05630
27	0.00934	0.10519	0.65629	0.01131	0.01695	0.01080	0.01394	0.05567	0.05630	0.01407	0.00816	0.00923	0.00593	0.00416	0.00394	0.00130	0.00586	0.00319	0.00207	0.00628
28	0.01061	0.58430	0.26687	0.00880	0.01324	0.01465	0.00986	0.02850	0.00897	0.01139	0.00652	0.00755	0.00547	0.00379	0.00316	0.00105	0.00508	0.00257	0.00186	0.00575
29	0.03073	0.11785	0.03825	0.00957	0.01225	0.03853	0.19504	0.05750	0.02138	0.05136	0.06889	0.15644	0.06685	0.03195	0.00511	0.00141	0.02006	0.00583	0.00304	0.06796

[dist]
# distance from previous block
# <min> <max>
0	7

# created by:
# /st0/software/busco_prod/Augustus/scripts/msa2prfl.pl ./align_prep/128131.fa
