[name]
unknown

[dist]
# distance from previous block
# <min> <max>
0	32

[block]
# block no. 0 follows, 59 sequences, length 55
# corresponding to MSA columns:
# 32-39,41-54,56-88
name=unknown_A
#
# <colnr> <probs for GDERKNQSTAVLIFYWHMCP>
#	G	D	E	R	K	N	Q	S	T	A	V	L	I	F	Y	W	H	M	C	P
0	0.05189	0.01161	0.01434	0.01882	0.44120	0.15919	0.01070	0.04182	0.04069	0.06219	0.01053	0.01482	0.00912	0.00516	0.00442	0.00137	0.00537	0.08769	0.00279	0.00629
1	0.03895	0.00541	0.00749	0.00956	0.14156	0.00527	0.00586	0.00818	0.01912	0.01244	0.03389	0.44450	0.13395	0.02332	0.03773	0.00190	0.00348	0.05942	0.00366	0.00430
2	0.05215	0.01018	0.01113	0.03177	0.03937	0.01145	0.00760	0.27662	0.41920	0.05153	0.01434	0.01377	0.01057	0.00553	0.00435	0.00141	0.00404	0.00444	0.02359	0.00696
3	0.84726	0.00867	0.00672	0.00595	0.00871	0.01003	0.00490	0.03938	0.00796	0.02008	0.00630	0.00729	0.00487	0.00414	0.00279	0.00137	0.00346	0.00244	0.00279	0.00487
4	0.04138	0.01148	0.01844	0.01380	0.01739	0.01203	0.37063	0.26156	0.12487	0.01902	0.01045	0.01185	0.00779	0.00478	0.00531	0.00146	0.05343	0.00462	0.00323	0.00648
5	0.00642	0.00428	0.00482	0.00482	0.00482	0.00428	0.00268	0.00642	0.00642	0.00856	0.01392	0.02890	0.01606	0.84478	0.02248	0.00428	0.00428	0.00642	0.00268	0.00268
6	0.00856	0.00827	0.01457	0.75003	0.02966	0.00995	0.09366	0.01158	0.00900	0.01158	0.00796	0.01179	0.00597	0.00434	0.00450	0.00147	0.00605	0.00406	0.00199	0.00501
7	0.01129	0.01182	0.01173	0.01365	0.22283	0.26949	0.00849	0.05823	0.01081	0.01297	0.04657	0.06289	0.04053	0.02550	0.17102	0.00252	0.00700	0.00468	0.00269	0.00529
8	0.01204	0.01053	0.01044	0.00924	0.01181	0.07324	0.00723	0.09375	0.64985	0.03357	0.01653	0.01577	0.01248	0.00590	0.00447	0.00146	0.00397	0.01652	0.00433	0.00686
9	0.01052	0.00977	0.01686	0.01431	0.09875	0.00976	0.33744	0.01614	0.23174	0.06096	0.05811	0.01751	0.05908	0.00549	0.00491	0.00148	0.00520	0.03248	0.00335	0.00614
10	0.00754	0.00388	0.00566	0.00566	0.00566	0.00388	0.00372	0.00582	0.00582	0.00776	0.00832	0.01502	0.00854	0.10092	0.01780	0.78203	0.00388	0.00410	0.00200	0.00200
11	0.01181	0.84744	0.02314	0.00756	0.01134	0.01748	0.00756	0.01323	0.00897	0.01039	0.00614	0.00708	0.00567	0.00378	0.00283	0.00094	0.00472	0.00236	0.00189	0.00567
12	0.00916	0.00785	0.00916	0.00654	0.01047	0.00589	0.00523	0.01112	0.00916	0.01439	0.00785	0.00916	0.00654	0.00327	0.00327	0.00065	0.00327	0.00262	0.00262	0.87178
13	0.00670	0.00478	0.00554	0.00568	0.00660	0.00468	0.00407	0.00855	0.09313	0.01196	0.02528	0.18219	0.25991	0.10596	0.02726	0.11847	0.00317	0.04492	0.07739	0.00374
14	0.00538	0.00384	0.00512	0.00615	0.00641	0.00359	0.00410	0.00615	0.00846	0.01127	0.02434	0.84190	0.02921	0.01384	0.00564	0.00179	0.00256	0.01256	0.00410	0.00359
15	0.00533	0.00429	0.00475	0.00503	0.00613	0.00371	0.00362	0.00640	0.00974	0.01208	0.08432	0.27705	0.53841	0.01184	0.00534	0.00157	0.00232	0.01019	0.00415	0.00371
16	0.00687	0.00547	0.00597	0.00559	0.00718	0.00514	0.00429	0.08261	0.05001	0.01510	0.21732	0.04973	0.49122	0.00995	0.00513	0.00147	0.00256	0.02573	0.00432	0.00435
17	0.03443	0.01017	0.01131	0.00885	0.01194	0.01084	0.00720	0.50664	0.03113	0.18911	0.02853	0.01334	0.00963	0.05200	0.00533	0.00149	0.00433	0.00428	0.05253	0.00692
18	0.01042	0.01191	0.02606	0.01862	0.02308	0.01117	0.80119	0.01415	0.01042	0.01415	0.00894	0.01191	0.00670	0.00372	0.00521	0.00149	0.00745	0.00521	0.00223	0.00596
19	0.00526	0.00449	0.00453	0.00456	0.00604	0.00376	0.00344	0.00640	0.01007	0.01196	0.04425	0.04267	0.79742	0.01121	0.00524	0.00150	0.00228	0.02707	0.00410	0.00374
20	0.00639	0.00463	0.00527	0.00511	0.00644	0.00411	0.00383	0.00808	0.02406	0.04431	0.29742	0.08151	0.42190	0.00996	0.00507	0.00144	0.00227	0.00850	0.05561	0.00409
21	0.01859	0.00864	0.01079	0.00831	0.01167	0.00826	0.00685	0.22258	0.01461	0.58521	0.01555	0.01394	0.01006	0.00541	0.00438	0.00134	0.00398	0.00431	0.03811	0.00739
22	0.00642	0.00487	0.00677	0.00673	0.00778	0.00458	0.03981	0.00814	0.01056	0.01423	0.32218	0.16184	0.11550	0.06005	0.00653	0.00181	0.00305	0.21093	0.00421	0.00400
23	0.01042	0.01191	0.02606	0.01862	0.02308	0.01117	0.80119	0.01415	0.01042	0.01415	0.00894	0.01191	0.00670	0.00372	0.00521	0.00149	0.00745	0.00521	0.00223	0.00596
24	0.01303	0.00873	0.00943	0.00777	0.01018	0.00945	0.00616	0.35760	0.12745	0.07944	0.01343	0.01488	0.01035	0.07761	0.00563	0.00153	0.00380	0.00440	0.23300	0.00612
25	0.00672	0.00472	0.00560	0.00553	0.00654	0.00453	0.00403	0.02325	0.05098	0.01540	0.36304	0.16969	0.12395	0.05877	0.00594	0.00159	0.00243	0.00803	0.13513	0.00412
26	0.00614	0.00439	0.00578	0.00636	0.00700	0.00428	0.00474	0.00740	0.00913	0.01226	0.11723	0.33333	0.07237	0.10572	0.07561	0.00249	0.00380	0.19898	0.01929	0.00372
27	0.00631	0.00473	0.00710	0.00710	0.00789	0.00552	0.00552	0.00789	0.00710	0.01025	0.01183	0.01735	0.01104	0.03312	0.82728	0.00710	0.01183	0.00473	0.00237	0.00394
28	0.00676	0.00477	0.00565	0.00560	0.00616	0.00475	0.00370	0.02917	0.05302	0.01256	0.22375	0.16495	0.02448	0.40838	0.01343	0.00284	0.00336	0.00768	0.01538	0.00360
29	0.04646	0.00856	0.00911	0.00784	0.01021	0.00942	0.00620	0.20448	0.31704	0.07178	0.01543	0.01620	0.02580	0.03670	0.00483	0.00146	0.00356	0.02022	0.17849	0.00621
30	0.00546	0.00390	0.00519	0.00620	0.00648	0.00365	0.00419	0.00627	0.00849	0.01130	0.02414	0.79968	0.02886	0.02677	0.00592	0.00184	0.00265	0.04132	0.00408	0.00359
31	0.63022	0.00838	0.00714	0.00623	0.00886	0.00949	0.00508	0.08146	0.04435	0.05613	0.00847	0.00925	0.00639	0.00446	0.00307	0.00133	0.00341	0.00292	0.09817	0.00516
32	0.00635	0.00456	0.00565	0.00599	0.00673	0.00436	0.00419	0.00816	0.06268	0.03087	0.17498	0.43889	0.11118	0.09302	0.00706	0.00190	0.00272	0.02260	0.00416	0.00395
33	0.00658	0.00409	0.00542	0.00569	0.00614	0.00389	0.00393	0.00638	0.01953	0.01003	0.04389	0.23960	0.17536	0.01374	0.01105	0.41418	0.00313	0.02140	0.00309	0.00290
34	0.00578	0.00448	0.00531	0.00565	0.00665	0.00410	0.00415	0.00739	0.03724	0.01296	0.15927	0.31152	0.33732	0.01164	0.00540	0.00162	0.00250	0.06889	0.00423	0.00389
35	0.05318	0.00600	0.00721	0.00651	0.00797	0.00605	0.00486	0.05795	0.09914	0.13714	0.09753	0.03729	0.10209	0.10454	0.02838	0.21421	0.00368	0.01817	0.00365	0.00444
36	0.00669	0.00469	0.00546	0.00543	0.00668	0.00419	0.00403	0.00813	0.02375	0.06923	0.16598	0.17162	0.40109	0.06034	0.00629	0.00171	0.00260	0.04380	0.00425	0.00405
37	0.09755	0.00533	0.00642	0.00644	0.00784	0.00515	0.00505	0.01000	0.02136	0.11246	0.14312	0.21433	0.14320	0.02195	0.00539	0.00168	0.00305	0.18103	0.00422	0.00444
38	0.11288	0.16129	0.02780	0.00907	0.01206	0.15577	0.06055	0.08837	0.03340	0.19202	0.01158	0.09608	0.00961	0.00557	0.00405	0.00130	0.00491	0.00439	0.00340	0.00590
39	0.05719	0.07967	0.02325	0.00838	0.04617	0.00922	0.00640	0.20374	0.11535	0.02845	0.05706	0.08753	0.09081	0.08753	0.04604	0.00194	0.00424	0.01855	0.02300	0.00547
40	0.00569	0.00408	0.00508	0.00566	0.00605	0.00384	0.00375	0.00642	0.00838	0.01107	0.06642	0.49839	0.11166	0.20875	0.02074	0.00240	0.00305	0.02133	0.00378	0.00343
41	0.00850	0.00566	0.00688	0.00661	0.00799	0.00556	0.00491	0.05224	0.11529	0.10393	0.21995	0.32272	0.10217	0.01000	0.00515	0.00155	0.00279	0.00878	0.00451	0.00483
42	0.68533	0.08509	0.02715	0.00666	0.00959	0.05914	0.00569	0.05244	0.00864	0.01870	0.00645	0.00743	0.00507	0.00416	0.00293	0.00131	0.00394	0.00251	0.00269	0.00506
43	0.01309	0.16945	0.06368	0.00874	0.01201	0.01191	0.00770	0.30202	0.16078	0.07736	0.01489	0.01462	0.09175	0.00594	0.00452	0.02259	0.00431	0.00439	0.00378	0.00648
44	0.01379	0.01348	0.01132	0.00979	0.01250	0.26422	0.00762	0.16274	0.36150	0.03026	0.01260	0.01234	0.00955	0.00526	0.00425	0.00131	0.00512	0.00400	0.00370	0.05465
45	0.00895	0.00854	0.02660	0.36456	0.21121	0.02984	0.01073	0.03228	0.00920	0.01236	0.01002	0.09753	0.00914	0.00856	0.09325	0.00208	0.05266	0.00486	0.00235	0.00526
46	0.01481	0.01155	0.01229	0.03801	0.01362	0.02865	0.00812	0.53360	0.24949	0.02422	0.01258	0.01230	0.00916	0.00546	0.00443	0.00138	0.00456	0.00425	0.00431	0.00722
47	0.00538	0.00384	0.00512	0.00615	0.00641	0.00359	0.00410	0.00615	0.00846	0.01127	0.02434	0.84190	0.02921	0.01384	0.00564	0.00179	0.00256	0.01256	0.00410	0.00359
48	0.01249	0.74332	0.02185	0.00783	0.01158	0.01685	0.00762	0.09483	0.01027	0.02951	0.00684	0.00762	0.00597	0.00397	0.00303	0.00099	0.00472	0.00257	0.00223	0.00590
49	0.00991	0.00839	0.01070	0.00946	0.01029	0.06025	0.00766	0.01115	0.00802	0.09419	0.01073	0.03575	0.03858	0.01464	0.23975	0.00323	0.40342	0.00452	0.00259	0.01678
50	0.00848	0.00494	0.00601	0.00579	0.00729	0.00431	0.00431	0.00969	0.01030	0.18603	0.08614	0.28006	0.34851	0.01062	0.00518	0.00155	0.00265	0.00917	0.00445	0.00453
51	0.00642	0.00428	0.00482	0.00482	0.00482	0.00428	0.00268	0.00642	0.00642	0.00856	0.01392	0.02890	0.01606	0.84478	0.02248	0.00428	0.00428	0.00642	0.00268	0.00268
52	0.00992	0.10166	0.32075	0.05654	0.13483	0.02638	0.17838	0.01341	0.00943	0.01320	0.00805	0.02241	0.00642	0.00447	0.00518	0.00141	0.07552	0.00389	0.00204	0.00609
53	0.00633	0.00467	0.00678	0.00678	0.00746	0.00535	0.00512	0.00768	0.00700	0.01002	0.01212	0.01897	0.01175	0.14709	0.71427	0.00670	0.01077	0.00497	0.00241	0.00377
54	0.01018	0.01053	0.03866	0.11502	0.23416	0.01174	0.15938	0.03599	0.00907	0.01300	0.00751	0.01070	0.00635	0.00539	0.00824	0.00159	0.31047	0.00413	0.00213	0.00576

[dist]
# distance from previous block
# <min> <max>
0	1

[block]
# block no. 1 follows, 59 sequences, length 6
# corresponding to MSA columns:
# 90-95
name=unknown_B
#
# <colnr> <probs for GDERKNQSTAVLIFYWHMCP>
#	G	D	E	R	K	N	Q	S	T	A	V	L	I	F	Y	W	H	M	C	P
0	0.00540	0.00432	0.00485	0.00517	0.00627	0.00377	0.00378	0.00651	0.00973	0.01209	0.07629	0.27068	0.51623	0.01188	0.00538	0.00160	0.00241	0.04577	0.00414	0.00373
1	0.01093	0.01113	0.01480	0.01224	0.01322	0.08468	0.09713	0.07668	0.00882	0.01245	0.00663	0.00984	0.00603	0.00681	0.01172	0.00176	0.60379	0.00393	0.00220	0.00520
2	0.00660	0.00535	0.00716	0.00827	0.12121	0.00493	0.00525	0.00846	0.01140	0.01546	0.46283	0.03281	0.27572	0.00897	0.00509	0.00141	0.00258	0.00783	0.00425	0.00443
3	0.01027	0.00986	0.01189	0.38475	0.04240	0.12530	0.00964	0.08811	0.06667	0.01401	0.09811	0.01401	0.01083	0.00694	0.05280	0.00175	0.04031	0.00435	0.00277	0.00525
4	0.01258	0.57264	0.01927	0.00848	0.01179	0.16951	0.00766	0.01551	0.12298	0.01162	0.00795	0.00858	0.00678	0.00424	0.00329	0.00106	0.00516	0.00283	0.00233	0.00575
5	0.02420	0.00751	0.02166	0.04300	0.00903	0.06812	0.00533	0.12623	0.01006	0.03979	0.04792	0.11262	0.03273	0.36497	0.02668	0.00277	0.02253	0.02739	0.00325	0.00423

[dist]
# distance from previous block
# <min> <max>
0	3

[block]
# block no. 2 follows, 59 sequences, length 51
# corresponding to MSA columns:
# 99-149
name=unknown_C
#
# <colnr> <probs for GDERKNQSTAVLIFYWHMCP>
#	G	D	E	R	K	N	Q	S	T	A	V	L	I	F	Y	W	H	M	C	P
0	0.00763	0.00506	0.00635	0.00658	0.00748	0.00492	0.00477	0.07683	0.01000	0.06581	0.05084	0.47933	0.06364	0.09659	0.00718	0.00197	0.00314	0.09360	0.00410	0.00417
1	0.00604	0.00460	0.00557	0.00536	0.00653	0.00419	0.00400	0.00806	0.03143	0.01585	0.54650	0.06586	0.26027	0.00975	0.00521	0.00144	0.00218	0.00846	0.00461	0.00409
2	0.00529	0.00448	0.00456	0.00454	0.00601	0.00376	0.00341	0.00647	0.01022	0.01230	0.09362	0.04190	0.76633	0.01105	0.00522	0.00148	0.00223	0.00924	0.00415	0.00376
3	0.04178	0.00658	0.00761	0.00673	0.00865	0.00660	0.00522	0.11148	0.09439	0.16659	0.14663	0.12131	0.09180	0.03760	0.00523	0.00152	0.00312	0.01968	0.11213	0.00535
4	0.02872	0.00721	0.00877	0.00720	0.00981	0.00685	0.00585	0.14193	0.01291	0.38810	0.05444	0.02155	0.13711	0.02084	0.00484	0.00144	0.00350	0.04978	0.08302	0.00616
5	0.00641	0.00431	0.00498	0.00498	0.00503	0.00437	0.00288	0.00653	0.00647	0.00868	0.01377	0.02809	0.01570	0.78755	0.07923	0.00448	0.00481	0.00630	0.00265	0.00277
6	0.02311	0.00472	0.00576	0.00549	0.00677	0.00427	0.00414	0.00854	0.01148	0.06278	0.48558	0.08524	0.24336	0.00966	0.00516	0.00145	0.00231	0.02135	0.00459	0.00422
7	0.00569	0.00425	0.00527	0.00592	0.00652	0.00398	0.00409	0.00702	0.03755	0.01196	0.07353	0.56962	0.16775	0.04734	0.00621	0.00182	0.00262	0.03102	0.00410	0.00374
8	0.01650	0.02105	0.01252	0.01138	0.01365	0.82705	0.00853	0.01764	0.01252	0.01081	0.00683	0.00796	0.00569	0.00455	0.00398	0.00114	0.00796	0.00284	0.00228	0.00512
9	0.01841	0.00978	0.01165	0.00893	0.01240	0.00985	0.00738	0.38533	0.01643	0.45114	0.01425	0.01297	0.00934	0.00539	0.00443	0.00135	0.00427	0.00422	0.00498	0.00751
10	0.00561	0.00403	0.00505	0.00569	0.00608	0.00377	0.00376	0.00635	0.00849	0.01123	0.07220	0.55973	0.10889	0.16726	0.00869	0.00220	0.00282	0.01081	0.00388	0.00347
11	0.00755	0.00594	0.00660	0.00615	0.00769	0.00593	0.00466	0.07834	0.13817	0.01556	0.22804	0.06207	0.30861	0.07347	0.00640	0.00169	0.00285	0.03138	0.00427	0.00461
12	0.78068	0.00843	0.00691	0.00604	0.00885	0.00953	0.00497	0.01393	0.00809	0.10891	0.00740	0.00805	0.00547	0.00425	0.00292	0.00137	0.00345	0.00262	0.00304	0.00509
13	0.01916	0.00856	0.01090	0.00835	0.01180	0.00804	0.00690	0.18975	0.01439	0.64960	0.01596	0.01408	0.01020	0.00543	0.00444	0.00136	0.00400	0.00434	0.00524	0.00752
14	0.02546	0.00487	0.00583	0.00590	0.00680	0.00475	0.00419	0.01886	0.05637	0.04819	0.17699	0.27917	0.09851	0.16757	0.00840	0.00208	0.00295	0.03875	0.04032	0.00403
15	0.12144	0.00721	0.00820	0.00698	0.00921	0.03583	0.00542	0.03691	0.04005	0.35445	0.10494	0.06422	0.02913	0.13148	0.00710	0.00184	0.00369	0.02194	0.00434	0.00562
16	0.00537	0.00389	0.00508	0.00602	0.00637	0.00360	0.00404	0.00616	0.00858	0.01132	0.02589	0.78111	0.08900	0.01364	0.00561	0.00177	0.00254	0.01231	0.00410	0.00360
17	0.00769	0.00393	0.00593	0.02537	0.00634	0.00398	0.00404	0.00588	0.00583	0.00776	0.00768	0.01339	0.00763	0.01508	0.01696	0.85090	0.00388	0.00384	0.00192	0.00199
18	0.00772	0.00524	0.00673	0.05494	0.02072	0.02081	0.00492	0.00863	0.04456	0.01075	0.01195	0.03321	0.01166	0.18620	0.11695	0.25204	0.02922	0.04319	0.12713	0.00342
19	0.00549	0.00426	0.00487	0.00516	0.00607	0.00378	0.00362	0.00649	0.00947	0.01201	0.11536	0.30071	0.40658	0.08722	0.00692	0.00183	0.00251	0.00997	0.00405	0.00363
20	0.00625	0.00451	0.00590	0.00556	0.00660	0.00417	0.00417	0.00833	0.01250	0.01771	0.81490	0.03299	0.04167	0.00903	0.00521	0.00139	0.00208	0.00799	0.00486	0.00417
21	0.13075	0.01312	0.19059	0.12132	0.09298	0.01056	0.34983	0.01353	0.00955	0.01456	0.00813	0.01059	0.00612	0.00398	0.00447	0.00143	0.00629	0.00412	0.00219	0.00587
22	0.00839	0.00791	0.01335	0.81725	0.04691	0.00983	0.01229	0.01133	0.00886	0.01135	0.00786	0.01176	0.00591	0.00441	0.00441	0.00147	0.00587	0.00393	0.00197	0.00495
23	0.01142	0.00885	0.01014	0.08339	0.01296	0.01008	0.00733	0.02124	0.60414	0.10360	0.01664	0.01595	0.01238	0.00738	0.05271	0.00181	0.00423	0.00482	0.00424	0.00668
24	0.01078	0.01034	0.01765	0.07441	0.77111	0.01045	0.01348	0.01342	0.00998	0.01424	0.00828	0.01098	0.00693	0.00396	0.00437	0.00132	0.00528	0.00393	0.00217	0.00687
25	0.00748	0.00714	0.01363	0.01125	0.01323	0.00670	0.32466	0.00950	0.00932	0.01251	0.01811	0.47340	0.02000	0.00970	0.00549	0.00168	0.00459	0.04370	0.00335	0.00456
26	0.00823	0.00412	0.00412	0.00412	0.00515	0.00412	0.00309	0.01029	0.00926	0.01647	0.01441	0.01647	0.01132	0.00515	0.00309	0.00103	0.00206	0.00412	0.86930	0.00412
27	0.00593	0.00424	0.00576	0.00678	0.00728	0.00406	0.00506	0.00710	0.00900	0.01189	0.02404	0.59015	0.02801	0.01332	0.00578	0.00187	0.00304	0.25886	0.00409	0.00374
28	0.01181	0.84744	0.02314	0.00756	0.01134	0.01748	0.00756	0.01323	0.00897	0.01039	0.00614	0.00708	0.00567	0.00378	0.00283	0.00094	0.00472	0.00236	0.00189	0.00567
29	0.00642	0.00428	0.00482	0.00482	0.00482	0.00428	0.00268	0.00642	0.00642	0.00856	0.01392	0.02890	0.01606	0.84478	0.02248	0.00428	0.00428	0.00642	0.00268	0.00268
30	0.01653	0.00999	0.01132	0.00885	0.01206	0.01051	0.00726	0.44724	0.06953	0.26161	0.01346	0.01284	0.00927	0.00538	0.00431	0.00132	0.00419	0.00419	0.08296	0.00717
31	0.00895	0.00472	0.00495	0.00471	0.00592	0.00477	0.00356	0.04132	0.03320	0.04547	0.03650	0.01686	0.01211	0.02325	0.00392	0.01484	0.00234	0.00430	0.72391	0.00439
32	0.01099	0.00949	0.00999	0.00899	0.01148	0.01099	0.00699	0.02347	0.80925	0.01848	0.01798	0.01648	0.01348	0.00599	0.00449	0.00150	0.00350	0.00499	0.00449	0.00699
33	0.01229	0.00588	0.00781	0.00677	0.00853	0.00562	0.00515	0.01361	0.04398	0.34778	0.01614	0.01923	0.05863	0.15367	0.15288	0.12290	0.00517	0.00505	0.00384	0.00506
34	0.00953	0.00947	0.01328	0.01142	0.01145	0.01322	0.00950	0.01052	0.00678	0.01061	0.00603	0.00996	0.00600	0.00872	0.04617	0.00213	0.80455	0.00390	0.00195	0.00480
35	0.07509	0.00474	0.00544	0.00576	0.00641	0.00477	0.00389	0.00803	0.05511	0.01220	0.07238	0.38750	0.06168	0.22924	0.00982	0.01625	0.00309	0.00889	0.02605	0.00368
36	0.00559	0.00448	0.00488	0.00500	0.00615	0.00397	0.00361	0.00688	0.02661	0.01212	0.09543	0.15891	0.53527	0.08811	0.00687	0.00180	0.00252	0.02405	0.00403	0.00372
37	0.00966	0.00966	0.01353	0.01160	0.01160	0.01353	0.00966	0.01063	0.00676	0.01063	0.00580	0.00966	0.00580	0.00773	0.01449	0.00193	0.83670	0.00387	0.00193	0.00483
38	0.00554	0.00393	0.00517	0.00610	0.00636	0.00370	0.00408	0.00628	0.00833	0.01110	0.02337	0.74001	0.02789	0.08894	0.00718	0.00203	0.00277	0.03974	0.00397	0.00352
39	0.00627	0.00443	0.00516	0.00534	0.00647	0.00389	0.00387	0.00741	0.00988	0.05969	0.10710	0.31373	0.41554	0.01147	0.00529	0.00157	0.00242	0.00995	0.01658	0.00395
40	0.00882	0.00490	0.00574	0.00531	0.00681	0.00442	0.00401	0.01035	0.01046	0.16061	0.15979	0.07950	0.25802	0.05397	0.00555	0.00151	0.00258	0.00704	0.20610	0.00451
41	0.00823	0.00412	0.00412	0.00412	0.00515	0.00412	0.00309	0.01029	0.00926	0.01647	0.01441	0.01647	0.01132	0.00515	0.00309	0.00103	0.00206	0.00412	0.86930	0.00412
42	0.00750	0.00391	0.00556	0.00556	0.00570	0.00386	0.00372	0.00603	0.00620	0.00837	0.01043	0.01595	0.05556	0.05112	0.01613	0.74191	0.00368	0.00428	0.04237	0.00216
43	0.03083	0.00520	0.00610	0.00588	0.00691	0.01855	0.00437	0.04486	0.00929	0.04406	0.10542	0.03812	0.14145	0.10061	0.07309	0.17613	0.00393	0.06389	0.11754	0.00376
44	0.00631	0.00471	0.00699	0.00699	0.00774	0.00546	0.00539	0.00782	0.00707	0.01017	0.01193	0.01789	0.01127	0.07083	0.78990	0.00697	0.01148	0.00481	0.00238	0.00388
45	0.01581	0.02121	0.08572	0.01149	0.01415	0.75317	0.00924	0.01731	0.01223	0.01110	0.00693	0.00809	0.00568	0.00452	0.00400	0.00116	0.00783	0.00288	0.00224	0.00525
46	0.48839	0.00944	0.04001	0.09259	0.01216	0.02746	0.00670	0.11845	0.01011	0.09398	0.00894	0.04582	0.00706	0.00530	0.01586	0.00147	0.00420	0.00348	0.00314	0.00542
47	0.03410	0.01208	0.06692	0.02765	0.01352	0.08480	0.04253	0.34366	0.09386	0.06537	0.01094	0.02456	0.00838	0.00741	0.06320	0.00180	0.07259	0.00415	0.01605	0.00641
48	0.00636	0.00428	0.00496	0.00502	0.00508	0.00431	0.00291	0.00649	0.00658	0.00881	0.01441	0.07593	0.01656	0.75214	0.06506	0.00429	0.00459	0.00669	0.00274	0.00280
49	0.00916	0.00785	0.00916	0.00654	0.01047	0.00589	0.00523	0.01112	0.00916	0.01439	0.00785	0.00916	0.00654	0.00327	0.00327	0.00065	0.00327	0.00262	0.00262	0.87178
50	0.01346	0.01066	0.01107	0.00951	0.02499	0.05311	0.00741	0.28528	0.39656	0.06812	0.01509	0.02638	0.02277	0.02901	0.00496	0.00149	0.00422	0.00470	0.00431	0.00689

[dist]
# distance from previous block
# <min> <max>
2	3

[block]
# block no. 3 follows, 59 sequences, length 30
# corresponding to MSA columns:
# 153-182
name=unknown_D
#
# <colnr> <probs for GDERKNQSTAVLIFYWHMCP>
#	G	D	E	R	K	N	Q	S	T	A	V	L	I	F	Y	W	H	M	C	P
0	0.00755	0.00390	0.00579	0.00579	0.00584	0.00395	0.00388	0.00590	0.00586	0.00785	0.00815	0.01427	0.00820	0.04959	0.06270	0.78846	0.00430	0.00399	0.00197	0.00206
1	0.00767	0.00384	0.00575	0.00575	0.00575	0.00384	0.00384	0.00575	0.00575	0.00767	0.00767	0.01343	0.00767	0.01534	0.01726	0.87150	0.00384	0.00384	0.00192	0.00192
2	0.00866	0.00505	0.00619	0.00622	0.00734	0.00491	0.00454	0.02125	0.07527	0.12347	0.06339	0.39851	0.02170	0.03125	0.00526	0.00159	0.00278	0.02411	0.18394	0.00458
3	0.00538	0.00384	0.00512	0.00615	0.00641	0.00359	0.00410	0.00615	0.00846	0.01127	0.02434	0.84190	0.02921	0.01384	0.00564	0.00179	0.00256	0.01256	0.00410	0.00359
4	0.01615	0.02026	0.01306	0.01162	0.01397	0.75894	0.03814	0.03908	0.01256	0.01140	0.00699	0.00822	0.00578	0.00460	0.00424	0.00117	0.02331	0.00298	0.00233	0.00521
5	0.00787	0.00501	0.00600	0.00566	0.00715	0.00451	0.00427	0.00976	0.04076	0.12730	0.26932	0.14170	0.31813	0.00978	0.00510	0.00148	0.00249	0.00841	0.02081	0.00450
6	0.01307	0.00701	0.00860	0.00719	0.00964	0.00673	0.00572	0.06354	0.14022	0.34697	0.21201	0.02287	0.12292	0.00714	0.00473	0.00141	0.00318	0.00599	0.00493	0.00614
7	0.01052	0.04796	0.00774	0.00621	0.00809	0.00769	0.00494	0.17073	0.12842	0.01873	0.01376	0.01484	0.01060	0.00523	0.00355	0.00115	0.00296	0.00413	0.52747	0.00529
8	0.05434	0.00626	0.00780	0.00703	0.00901	0.00599	0.00541	0.01467	0.11062	0.31595	0.09974	0.26679	0.04974	0.00864	0.00485	0.00153	0.00313	0.01821	0.00467	0.00561
9	0.04327	0.00894	0.01004	0.00835	0.01111	0.00955	0.00668	0.19505	0.30528	0.21376	0.09210	0.01608	0.01385	0.00590	0.00442	0.00139	0.00367	0.00480	0.03900	0.00677
10	0.00530	0.00438	0.00465	0.00478	0.00607	0.00373	0.00351	0.00642	0.00997	0.01217	0.08568	0.15820	0.65701	0.01145	0.00528	0.00153	0.00228	0.00972	0.00414	0.00373
11	0.00762	0.00565	0.00749	0.00824	0.00945	0.00585	0.00710	0.01100	0.11339	0.01390	0.02269	0.04551	0.02388	0.01140	0.00589	0.00196	0.00399	0.68642	0.00412	0.00444
12	0.00839	0.00442	0.00444	0.00439	0.00550	0.00450	0.00331	0.01103	0.05393	0.01658	0.01461	0.01647	0.01144	0.00519	0.00317	0.00106	0.00214	0.00417	0.82101	0.00428
13	0.00664	0.00465	0.00573	0.00537	0.00666	0.00416	0.00406	0.00844	0.01185	0.05554	0.56581	0.03470	0.25108	0.00944	0.00517	0.00142	0.00221	0.00818	0.00468	0.00421
14	0.10928	0.00601	0.00615	0.00566	0.00723	0.00640	0.00435	0.06962	0.09749	0.04981	0.01385	0.01695	0.01132	0.08149	0.02031	0.00159	0.00308	0.02543	0.45923	0.00476
15	0.66865	0.00886	0.00775	0.00657	0.00948	0.00992	0.00542	0.10564	0.00970	0.12141	0.00808	0.00856	0.00587	0.00441	0.00314	0.00136	0.00363	0.00283	0.00327	0.00544
16	0.00886	0.02285	0.82190	0.01259	0.01912	0.01026	0.01632	0.01399	0.00932	0.01399	0.00793	0.00932	0.00559	0.00420	0.00420	0.00140	0.00653	0.00326	0.00186	0.00653
17	0.00640	0.00436	0.00519	0.00519	0.00532	0.00448	0.00314	0.00666	0.00653	0.00884	0.01358	0.02702	0.01524	0.71217	0.15397	0.00474	0.00552	0.00615	0.00263	0.00288
18	0.00544	0.00387	0.00513	0.00609	0.00635	0.00363	0.00405	0.00621	0.00847	0.01131	0.04076	0.79486	0.02899	0.04425	0.00625	0.00188	0.00262	0.01223	0.00406	0.00357
19	0.00823	0.00412	0.00412	0.00412	0.00515	0.00412	0.00309	0.01029	0.00926	0.01647	0.01441	0.01647	0.01132	0.00515	0.00309	0.00103	0.00206	0.00412	0.86930	0.00412
20	0.00613	0.00449	0.00620	0.04740	0.00849	0.00442	0.00549	0.00749	0.00924	0.01218	0.05327	0.48586	0.04854	0.01258	0.00570	0.00183	0.00320	0.26964	0.00401	0.00384
21	0.05198	0.00906	0.01537	0.46056	0.30200	0.01014	0.06341	0.01234	0.00930	0.01298	0.00800	0.01127	0.00627	0.00419	0.00437	0.00141	0.00564	0.00394	0.00210	0.00569
22	0.01168	0.01116	0.08832	0.00943	0.01247	0.01122	0.00804	0.16212	0.57023	0.01956	0.01638	0.01541	0.03231	0.00583	0.00447	0.00146	0.00400	0.00476	0.00422	0.00696
23	0.00890	0.02252	0.79840	0.01277	0.01923	0.01028	0.03950	0.01399	0.00936	0.01399	0.00796	0.00940	0.00563	0.00418	0.00423	0.00140	0.00655	0.00332	0.00188	0.00651
24	0.00566	0.00404	0.00541	0.00642	0.00678	0.00382	0.00452	0.00660	0.00867	0.01151	0.02398	0.70744	0.02838	0.03081	0.00606	0.00188	0.00282	0.12749	0.00407	0.00364
25	0.01159	0.01148	0.01994	0.04913	0.39036	0.06735	0.30502	0.01447	0.01048	0.06340	0.00898	0.01137	0.00700	0.00401	0.00466	0.00137	0.00618	0.00436	0.00240	0.00644
26	0.01639	0.01197	0.24269	0.00925	0.01353	0.00772	0.00932	0.01943	0.03744	0.56345	0.01472	0.01344	0.00949	0.00512	0.00437	0.00138	0.00454	0.00412	0.00440	0.00722
27	0.00522	0.00447	0.00447	0.00447	0.00597	0.00373	0.00336	0.00634	0.01007	0.01193	0.04474	0.04250	0.81544	0.01119	0.00522	0.00149	0.00224	0.00932	0.00410	0.00373
28	0.00916	0.00785	0.00916	0.00654	0.01047	0.00589	0.00523	0.01112	0.00916	0.01439	0.00785	0.00916	0.00654	0.00327	0.00327	0.00065	0.00327	0.00262	0.00262	0.87178
29	0.00554	0.00399	0.00525	0.00598	0.00643	0.00370	0.00409	0.00658	0.00929	0.01254	0.17781	0.65839	0.05836	0.01282	0.00554	0.00171	0.00246	0.01156	0.00425	0.00370

[dist]
# distance from previous block
# <min> <max>
1	4

[block]
# block no. 4 follows, 59 sequences, length 7
# corresponding to MSA columns:
# 187-193
name=unknown_E
#
# <colnr> <probs for GDERKNQSTAVLIFYWHMCP>
#	G	D	E	R	K	N	Q	S	T	A	V	L	I	F	Y	W	H	M	C	P
0	0.00668	0.00511	0.00692	0.00725	0.00827	0.00501	0.03359	0.00896	0.06740	0.01304	0.08294	0.29831	0.10572	0.04121	0.00623	0.00188	0.00334	0.28998	0.00406	0.00411
1	0.21443	0.04218	0.01080	0.00909	0.01171	0.38773	0.00708	0.05819	0.06801	0.07302	0.00894	0.03229	0.00720	0.00483	0.00376	0.00123	0.00564	0.00331	0.00294	0.04761
2	0.01295	0.01074	0.01354	0.01018	0.01385	0.05178	0.13717	0.26686	0.07088	0.06624	0.01015	0.01088	0.00759	0.00439	0.00415	0.00113	0.00475	0.00377	0.00342	0.29559
3	0.01070	0.01086	0.02003	0.02364	0.53363	0.01088	0.24371	0.01354	0.00995	0.01410	0.00833	0.01114	0.00683	0.00411	0.00526	0.00140	0.05883	0.00430	0.00218	0.00655
4	0.01111	0.00821	0.01174	0.01421	0.29698	0.00824	0.00842	0.09903	0.07177	0.11402	0.25583	0.01871	0.01871	0.00601	0.00460	0.00135	0.00382	0.00532	0.03576	0.00615
5	0.07408	0.48808	0.01706	0.00773	0.01097	0.01417	0.00700	0.01614	0.23383	0.04390	0.01134	0.01136	0.03849	0.00477	0.00344	0.00117	0.00415	0.00344	0.00290	0.00597
6	0.01064	0.00524	0.00706	0.00668	0.00817	0.00470	0.00496	0.01192	0.01049	0.30031	0.12897	0.43779	0.02439	0.01020	0.00515	0.00159	0.00292	0.00905	0.00469	0.00507

[dist]
# distance from previous block
# <min> <max>
0	113

# created by:
# /st0/software/busco_prod/Augustus/scripts/msa2prfl.pl ./align_prep/128289.fa
