[name]
unknown

[dist]
# distance from previous block
# <min> <max>
0	85

[block]
# block no. 0 follows, 62 sequences, length 90
# corresponding to MSA columns:
# 96-185
name=unknown_A
#
# <colnr> <probs for GDERKNQSTAVLIFYWHMCP>
#	G	D	E	R	K	N	Q	S	T	A	V	L	I	F	Y	W	H	M	C	P
0	0.00574	0.00422	0.00539	0.00539	0.00629	0.00386	0.00396	0.00738	0.01091	0.01504	0.54932	0.20409	0.12905	0.00997	0.00512	0.00144	0.00215	0.02239	0.00443	0.00385
1	0.00521	0.00371	0.00493	0.00589	0.00613	0.00347	0.00392	0.00593	0.00810	0.01080	0.02320	0.82705	0.02782	0.03440	0.00584	0.00179	0.00251	0.01195	0.00392	0.00343
2	0.01498	0.01166	0.01248	0.01049	0.05472	0.04020	0.00813	0.61618	0.14641	0.02416	0.01111	0.01105	0.00807	0.00512	0.00425	0.00130	0.00459	0.00395	0.00409	0.00705
3	0.00804	0.00756	0.01276	0.84023	0.02931	0.00945	0.01182	0.01087	0.00851	0.01087	0.00756	0.01134	0.00567	0.00425	0.00425	0.00142	0.00567	0.00378	0.00189	0.00473
4	0.00917	0.00777	0.00901	0.00647	0.01023	0.00603	0.00519	0.04830	0.00935	0.01447	0.00769	0.00889	0.00635	0.00324	0.00320	0.00066	0.00322	0.00258	0.00260	0.83558
5	0.01909	0.00724	0.00987	0.00757	0.01086	0.00625	0.00625	0.02074	0.01218	0.82687	0.01679	0.01448	0.01053	0.00527	0.00428	0.00132	0.00362	0.00428	0.00527	0.00724
6	0.00922	0.21097	0.62966	0.01129	0.03184	0.01147	0.01375	0.01330	0.00892	0.01269	0.00725	0.00852	0.00543	0.00395	0.00375	0.00125	0.00587	0.00296	0.00181	0.00611
7	0.00853	0.02201	0.82841	0.01213	0.01842	0.00988	0.01572	0.01348	0.00898	0.01348	0.00764	0.00898	0.00539	0.00404	0.00404	0.00135	0.00629	0.00314	0.00180	0.00629
8	0.00618	0.00415	0.00475	0.00475	0.00479	0.00418	0.00272	0.00626	0.00622	0.00833	0.01331	0.02729	0.01523	0.80960	0.06219	0.00426	0.00449	0.00611	0.00256	0.00264
9	0.40506	0.14215	0.23414	0.00767	0.01130	0.01022	0.00805	0.02163	0.00859	0.01603	0.09233	0.01012	0.00873	0.00444	0.00330	0.00126	0.00419	0.00312	0.00251	0.00517
10	0.01589	0.02028	0.01206	0.01096	0.01315	0.83338	0.00822	0.01699	0.01206	0.01041	0.00658	0.00767	0.00548	0.00438	0.00384	0.00110	0.00767	0.00274	0.00219	0.00493
11	0.01138	0.85302	0.02230	0.00728	0.01092	0.01684	0.00728	0.01274	0.00865	0.01001	0.00592	0.00683	0.00546	0.00364	0.00273	0.00091	0.00455	0.00228	0.00182	0.00546
12	0.11808	0.01147	0.17533	0.00968	0.01378	0.00853	0.13789	0.05920	0.04745	0.08261	0.00892	0.00993	0.00665	0.00391	0.00378	0.00112	0.00459	0.00335	0.00274	0.29101
13	0.01160	0.00905	0.01053	0.00939	0.03605	0.00992	0.03184	0.28182	0.30754	0.03830	0.01563	0.13127	0.01360	0.00692	0.00459	0.00146	0.00390	0.06627	0.00411	0.00621
14	0.00573	0.00417	0.00540	0.00545	0.00627	0.00383	0.00395	0.00733	0.01081	0.01500	0.55219	0.26113	0.08262	0.01012	0.00513	0.00145	0.00215	0.00900	0.00444	0.00383
15	0.00857	0.02179	0.81182	0.01225	0.01850	0.00990	0.03210	0.01348	0.00901	0.01348	0.00766	0.00904	0.00541	0.00403	0.00406	0.00135	0.00631	0.00318	0.00180	0.00628
16	0.01352	0.01087	0.20207	0.03545	0.01284	0.02325	0.00881	0.01616	0.03273	0.40147	0.03824	0.04474	0.02525	0.00584	0.00526	0.00142	0.08353	0.02852	0.00381	0.00623
17	0.00632	0.00452	0.00624	0.00720	0.00795	0.00444	0.00591	0.00791	0.00933	0.01223	0.03721	0.29541	0.02590	0.01219	0.00572	0.00188	0.00343	0.53850	0.00394	0.00378
18	0.00739	0.00370	0.00554	0.00554	0.00554	0.00370	0.00370	0.00554	0.00554	0.00739	0.00739	0.01293	0.00739	0.01478	0.01663	0.87620	0.00370	0.00370	0.00185	0.00185
19	0.01850	0.00717	0.00972	0.00751	0.01071	0.00625	0.00618	0.02033	0.02548	0.78530	0.04480	0.01511	0.01160	0.00539	0.00431	0.00132	0.00356	0.00441	0.00523	0.00712
20	0.00883	0.00590	0.00783	0.00849	0.08004	0.00568	0.00626	0.05054	0.02883	0.12124	0.10951	0.06065	0.18155	0.00926	0.00513	0.00159	0.00340	0.29647	0.00405	0.00476
21	0.01023	0.00981	0.01673	0.12340	0.72897	0.01003	0.01291	0.01280	0.00955	0.01354	0.00795	0.01063	0.00661	0.00385	0.00422	0.00128	0.00513	0.00379	0.00208	0.00650
22	0.01858	0.00724	0.00975	0.00753	0.01075	0.00635	0.00620	0.02058	0.03853	0.78368	0.01674	0.01456	0.01062	0.00528	0.00425	0.00131	0.00358	0.00429	0.02302	0.00716
23	0.02827	0.00454	0.00585	0.00624	0.00695	0.00458	0.00479	0.00755	0.00840	0.01140	0.08014	0.10641	0.07278	0.21371	0.11758	0.02533	0.00453	0.28411	0.00336	0.00349
24	0.00902	0.14245	0.67874	0.01182	0.03326	0.01092	0.03067	0.01336	0.00897	0.01298	0.00741	0.00875	0.00545	0.00397	0.00388	0.00128	0.00603	0.00307	0.00181	0.00617
25	0.00931	0.00931	0.01303	0.01117	0.01117	0.01303	0.00931	0.01024	0.00652	0.01024	0.00559	0.00931	0.00559	0.00745	0.01396	0.00186	0.84267	0.00372	0.00186	0.00465
26	0.01876	0.00777	0.01020	0.00782	0.01112	0.00703	0.00646	0.10933	0.01306	0.73704	0.01605	0.01400	0.01016	0.00525	0.00428	0.00131	0.00374	0.00423	0.00515	0.00724
27	0.00902	0.11444	0.66884	0.03884	0.01776	0.02757	0.02636	0.01333	0.00897	0.01289	0.00740	0.00883	0.00543	0.00406	0.00408	0.00131	0.01989	0.00310	0.00182	0.00608
28	0.00580	0.00458	0.00526	0.00505	0.00632	0.00416	0.00380	0.00790	0.05250	0.01455	0.42345	0.03516	0.39702	0.00950	0.00499	0.00139	0.00215	0.00813	0.00433	0.00396
29	0.00657	0.00529	0.00779	0.00750	0.00815	0.00650	0.00593	0.00800	0.00679	0.00993	0.01050	0.01558	0.00986	0.02815	0.70769	0.00607	0.13909	0.00443	0.00222	0.00393
30	0.00647	0.00459	0.00486	0.00482	0.00489	0.02808	0.00274	0.00650	0.00636	0.00831	0.01321	0.02726	0.01518	0.82602	0.02114	0.00404	0.00423	0.00609	0.00257	0.00265
31	0.01575	0.04764	0.01239	0.01084	0.01308	0.80655	0.00819	0.01685	0.01195	0.01040	0.00656	0.00765	0.00548	0.00436	0.00380	0.00109	0.00757	0.00273	0.00218	0.00495
32	0.00523	0.00411	0.00474	0.00511	0.00605	0.00362	0.00368	0.00628	0.00931	0.01174	0.09657	0.33884	0.44018	0.01159	0.00521	0.00155	0.00232	0.03628	0.00401	0.00359
33	0.00516	0.00378	0.00485	0.00571	0.00611	0.00347	0.00385	0.00595	0.00835	0.01095	0.02608	0.73969	0.13444	0.01299	0.00538	0.00169	0.00243	0.01168	0.00395	0.00347
34	0.00866	0.00507	0.00522	0.00495	0.00624	0.00532	0.00377	0.05739	0.11193	0.01659	0.01438	0.03957	0.01146	0.00531	0.00329	0.00109	0.00233	0.00430	0.68862	0.00449
35	0.01625	0.01180	0.01270	0.00973	0.01314	0.01302	0.00804	0.78987	0.01981	0.04695	0.01038	0.01032	0.00732	0.00511	0.00426	0.00128	0.00466	0.00384	0.00428	0.00724
36	0.00642	0.00443	0.00581	0.00543	0.00650	0.00408	0.00408	0.00840	0.01200	0.04228	0.78559	0.04242	0.03906	0.00866	0.00500	0.00134	0.00206	0.00765	0.00469	0.00411
37	0.01110	0.74597	0.02103	0.00767	0.01093	0.01619	0.00744	0.01243	0.00843	0.01012	0.00592	0.00713	0.00549	0.00403	0.00391	0.00100	0.09207	0.00243	0.00184	0.02487
38	0.00925	0.00789	0.00903	0.00672	0.01030	0.00654	0.00535	0.03124	0.12307	0.01473	0.00900	0.00985	0.00727	0.00357	0.00334	0.00076	0.00322	0.00288	0.00282	0.73319
39	0.01087	0.00986	0.01573	0.21390	0.47699	0.01049	0.03808	0.14464	0.01113	0.01532	0.00829	0.01070	0.00656	0.00411	0.00426	0.00131	0.00521	0.00384	0.00241	0.00632
40	0.03617	0.00610	0.00789	0.00729	0.00841	0.04620	0.08027	0.03420	0.00867	0.02214	0.01782	0.34548	0.08753	0.04772	0.01774	0.09990	0.03622	0.00765	0.06363	0.01897
41	0.00518	0.00371	0.00492	0.00589	0.00616	0.00346	0.00394	0.00593	0.00818	0.01087	0.02384	0.83178	0.04380	0.01328	0.00542	0.00172	0.00246	0.01203	0.00395	0.00346
42	0.00936	0.00901	0.01532	0.37447	0.39698	0.01005	0.04112	0.01194	0.00897	0.01234	0.00767	0.01083	0.00619	0.00424	0.00494	0.00138	0.06367	0.00383	0.00200	0.00569
43	0.00518	0.00370	0.00494	0.00592	0.00617	0.00346	0.00395	0.00592	0.00815	0.01086	0.02345	0.84768	0.02814	0.01333	0.00543	0.00173	0.00247	0.01210	0.00395	0.00346
44	0.01079	0.00924	0.00974	0.00870	0.01114	0.01068	0.00678	0.05127	0.78724	0.01813	0.01706	0.01567	0.01278	0.00575	0.00433	0.00144	0.00342	0.00478	0.00433	0.00675
45	0.00923	0.00772	0.00953	0.03414	0.01115	0.00606	0.03029	0.02005	0.00908	0.03883	0.00791	0.00918	0.00643	0.00329	0.00329	0.00071	0.00339	0.00271	0.00259	0.78442
46	0.00839	0.00824	0.02295	0.02085	0.01028	0.04394	0.02344	0.00954	0.00711	0.01024	0.00936	0.03842	0.03207	0.07083	0.18740	0.00301	0.47283	0.01463	0.00217	0.00431
47	0.01138	0.85302	0.02230	0.00728	0.01092	0.01684	0.00728	0.01274	0.00865	0.01001	0.00592	0.00683	0.00546	0.00364	0.00273	0.00091	0.00455	0.00228	0.00182	0.00546
48	0.01118	0.67077	0.14338	0.00847	0.02445	0.04575	0.00869	0.02567	0.00902	0.01087	0.00630	0.00729	0.00550	0.00375	0.00302	0.00099	0.00494	0.00247	0.00187	0.00561
49	0.00889	0.03794	0.09600	0.01276	0.08956	0.03418	0.27612	0.02274	0.05932	0.02439	0.04705	0.17248	0.07321	0.00688	0.01748	0.00151	0.00509	0.00625	0.00289	0.00526
50	0.00503	0.00431	0.00431	0.00431	0.00575	0.00359	0.00323	0.00611	0.00970	0.01149	0.04310	0.04095	0.82219	0.01078	0.00503	0.00144	0.00216	0.00898	0.00395	0.00359
51	0.00615	0.00465	0.00693	0.01643	0.00782	0.00545	0.00538	0.00762	0.00686	0.00988	0.01153	0.03292	0.01094	0.04940	0.77438	0.00652	0.02634	0.00472	0.00231	0.00379
52	0.01088	0.01182	0.11621	0.05711	0.39447	0.04682	0.08330	0.03857	0.13686	0.04716	0.00981	0.01132	0.00759	0.00426	0.00427	0.00132	0.00521	0.00396	0.00261	0.00645
53	0.01058	0.00953	0.09129	0.00875	0.01122	0.00918	0.02303	0.06684	0.34741	0.10863	0.01743	0.08447	0.09037	0.00674	0.00548	0.00148	0.09237	0.00541	0.00381	0.00597
54	0.00619	0.00413	0.00464	0.00464	0.00464	0.00413	0.00258	0.00619	0.00619	0.00825	0.01341	0.02785	0.01547	0.85046	0.02166	0.00413	0.00413	0.00619	0.00258	0.00258
55	0.00817	0.00770	0.01301	0.79518	0.07328	0.00949	0.01189	0.01099	0.00857	0.01104	0.00759	0.01130	0.00573	0.00423	0.00425	0.00141	0.00564	0.00378	0.00190	0.00484
56	0.00995	0.13494	0.34510	0.07131	0.05907	0.03181	0.22966	0.02911	0.00958	0.02886	0.00787	0.00970	0.00592	0.00392	0.00415	0.00130	0.00613	0.00363	0.00204	0.00594
57	0.00986	0.28307	0.20138	0.00947	0.02862	0.03976	0.06152	0.03058	0.06983	0.03058	0.08127	0.05568	0.03165	0.01726	0.00431	0.00129	0.01608	0.01968	0.00264	0.00549
58	0.00619	0.00413	0.00464	0.00464	0.00464	0.00413	0.00258	0.00619	0.00619	0.00825	0.01341	0.02785	0.01547	0.85046	0.02166	0.00413	0.00413	0.00619	0.00258	0.00258
59	0.00905	0.00772	0.00905	0.00668	0.02166	0.00594	0.00524	0.03301	0.00915	0.01423	0.00764	0.00889	0.00633	0.00321	0.00320	0.00066	0.00322	0.00258	0.00256	0.83998
60	0.01180	0.54534	0.06925	0.00932	0.04743	0.16165	0.02606	0.01388	0.04207	0.01101	0.02361	0.00826	0.00656	0.00399	0.00324	0.00103	0.00520	0.00275	0.00207	0.00550
61	0.00560	0.00399	0.00526	0.00613	0.00651	0.00380	0.00435	0.00651	0.00829	0.01097	0.02260	0.59633	0.04045	0.09843	0.00717	0.00201	0.00291	0.16142	0.00380	0.00346
62	0.01128	0.19372	0.01749	0.06687	0.39025	0.10302	0.06768	0.03067	0.00987	0.02384	0.00767	0.00968	0.00638	0.00398	0.00406	0.00120	0.02021	0.00344	0.02270	0.00599
63	0.00583	0.00429	0.00545	0.00526	0.00626	0.00392	0.00391	0.00762	0.01144	0.01586	0.65904	0.09629	0.14035	0.00933	0.00505	0.00138	0.00206	0.00820	0.00453	0.00392
64	0.04242	0.40133	0.10124	0.03743	0.07091	0.04423	0.02067	0.11274	0.02241	0.06079	0.02184	0.00907	0.00677	0.00425	0.00374	0.00114	0.02761	0.00306	0.00248	0.00586
65	0.00749	0.00647	0.00926	0.02599	0.21182	0.03036	0.02064	0.00932	0.00997	0.01370	0.29720	0.08957	0.07665	0.05152	0.08349	0.00203	0.01417	0.03236	0.00338	0.00461
66	0.00520	0.00411	0.00468	0.00498	0.00596	0.00359	0.00357	0.00627	0.00944	0.01192	0.12606	0.31517	0.46119	0.01141	0.00516	0.00152	0.00225	0.00990	0.00404	0.00359
67	0.01205	0.20522	0.03806	0.02656	0.11578	0.28731	0.02056	0.03938	0.09634	0.01261	0.05147	0.01211	0.05549	0.00487	0.00386	0.00117	0.00539	0.00370	0.00260	0.00547
68	0.00889	0.12741	0.72617	0.01151	0.01747	0.01076	0.01465	0.01338	0.00894	0.01304	0.00742	0.00871	0.00540	0.00399	0.00388	0.00129	0.00607	0.00303	0.00180	0.00618
69	0.01283	0.47441	0.08739	0.00901	0.01244	0.25973	0.02024	0.02994	0.01006	0.03966	0.00677	0.00767	0.00569	0.00398	0.00329	0.00103	0.00564	0.00263	0.00210	0.00548
70	0.00868	0.14765	0.51457	0.01108	0.04469	0.01010	0.04457	0.01241	0.00923	0.01298	0.05227	0.01349	0.06497	0.00491	0.00406	0.00131	0.00542	0.02964	0.00219	0.00577
71	0.00541	0.00394	0.00510	0.00590	0.00638	0.00367	0.00416	0.00635	0.00857	0.01125	0.04960	0.61394	0.11785	0.03921	0.00594	0.00179	0.00264	0.10085	0.00393	0.00351
72	0.01053	0.01011	0.01727	0.02612	0.82392	0.01011	0.01306	0.01306	0.00969	0.01390	0.00800	0.01053	0.00674	0.00379	0.00421	0.00126	0.00505	0.00379	0.00211	0.00674
73	0.02797	0.01313	0.01243	0.00984	0.01300	0.14877	0.00799	0.65561	0.01835	0.02383	0.00961	0.00983	0.00696	0.00497	0.00415	0.00124	0.00512	0.00363	0.01680	0.00677
74	0.02843	0.07728	0.15343	0.00870	0.02312	0.08500	0.00800	0.06315	0.07697	0.10218	0.03240	0.01131	0.00836	0.00444	0.00389	0.00109	0.01621	0.01964	0.00294	0.27346
75	0.01055	0.13069	0.34213	0.01125	0.07255	0.01017	0.05304	0.03891	0.09660	0.10478	0.06072	0.03082	0.00968	0.00480	0.00408	0.00130	0.00499	0.00398	0.00280	0.00615
76	0.37544	0.01187	0.11684	0.00878	0.01213	0.10209	0.07265	0.10441	0.01040	0.12244	0.02129	0.00939	0.00659	0.00436	0.00358	0.00130	0.00467	0.00320	0.00299	0.00558
77	0.01053	0.01011	0.01727	0.02612	0.82392	0.01011	0.01306	0.01306	0.00969	0.01390	0.00800	0.01053	0.00674	0.00379	0.00421	0.00126	0.00505	0.00379	0.00211	0.00674
78	0.01163	0.02138	0.14251	0.01007	0.06268	0.03767	0.07703	0.02647	0.02610	0.25763	0.02584	0.09065	0.08113	0.03095	0.00520	0.00150	0.01588	0.06641	0.00359	0.00570
79	0.01017	0.01023	0.05894	0.10342	0.66059	0.00975	0.01268	0.01279	0.00956	0.02732	0.00864	0.02563	0.00734	0.00419	0.00426	0.00131	0.00509	0.01948	0.00219	0.00642
80	0.00739	0.00370	0.00554	0.00554	0.00554	0.00370	0.00370	0.00554	0.00554	0.00739	0.00739	0.01293	0.00739	0.01478	0.01663	0.87620	0.00370	0.00370	0.00185	0.00185
81	0.00804	0.00756	0.01276	0.84023	0.02931	0.00945	0.01182	0.01087	0.00851	0.01087	0.00756	0.01134	0.00567	0.00425	0.00425	0.00142	0.00567	0.00378	0.00189	0.00473
82	0.00963	0.02064	0.11033	0.03377	0.01240	0.04015	0.06402	0.05811	0.05152	0.04615	0.03830	0.05161	0.02418	0.02353	0.00431	0.00114	0.00417	0.02854	0.00288	0.37462
83	0.00617	0.00418	0.00491	0.00491	0.00500	0.00427	0.00291	0.00636	0.00627	0.00845	0.01316	0.02650	0.01488	0.75131	0.12001	0.00445	0.00501	0.00599	0.00254	0.00273
84	0.00907	0.00445	0.00488	0.00462	0.00593	0.00426	0.00357	0.01094	0.00948	0.11833	0.03255	0.01895	0.06906	0.00573	0.00343	0.00111	0.00227	0.03348	0.65353	0.00435
85	0.00856	0.04677	0.77311	0.01192	0.01795	0.00995	0.02633	0.01328	0.00897	0.01331	0.00797	0.02873	0.00594	0.00424	0.00405	0.00134	0.00616	0.00336	0.00185	0.00619
86	0.01008	0.01032	0.03079	0.11383	0.43162	0.03064	0.21897	0.02914	0.00978	0.01343	0.00871	0.03670	0.00736	0.02410	0.00486	0.00140	0.00565	0.00438	0.00220	0.00601
87	0.00618	0.00416	0.00482	0.00482	0.00489	0.00422	0.00280	0.00630	0.00624	0.00838	0.01324	0.02692	0.01507	0.78276	0.08881	0.00435	0.00473	0.00605	0.00255	0.00268
88	0.01172	0.03672	0.01611	0.02168	0.59147	0.19546	0.01168	0.01384	0.01009	0.01288	0.00754	0.00974	0.00638	0.00404	0.00441	0.00124	0.03315	0.00351	0.00211	0.00623
89	0.14633	0.24083	0.04136	0.05939	0.20893	0.13031	0.00888	0.01406	0.07548	0.01326	0.00786	0.00957	0.00656	0.00418	0.00354	0.00119	0.00494	0.01538	0.00231	0.00563

[dist]
# distance from previous block
# <min> <max>
0	1

[block]
# block no. 1 follows, 62 sequences, length 55
# corresponding to MSA columns:
# 187-202,204-242
name=unknown_B
#
# <colnr> <probs for GDERKNQSTAVLIFYWHMCP>
#	G	D	E	R	K	N	Q	S	T	A	V	L	I	F	Y	W	H	M	C	P
0	0.00581	0.00426	0.00547	0.00557	0.00647	0.00393	0.00416	0.00744	0.01076	0.01474	0.49402	0.20299	0.12815	0.01017	0.00518	0.00149	0.00229	0.07889	0.00438	0.00384
1	0.00878	0.09461	0.75799	0.01170	0.01776	0.01049	0.01498	0.01341	0.00895	0.01317	0.00749	0.00879	0.00540	0.00401	0.00393	0.00131	0.00614	0.00307	0.00180	0.00622
2	0.01164	0.80392	0.02169	0.00750	0.01105	0.06498	0.00734	0.01299	0.00885	0.01003	0.00595	0.00688	0.00546	0.00368	0.00280	0.00092	0.00473	0.00230	0.00184	0.00543
3	0.00609	0.00453	0.00668	0.00668	0.00739	0.00523	0.00512	0.00750	0.00679	0.00976	0.01154	0.01752	0.01098	0.09074	0.77524	0.00664	0.01087	0.00468	0.00230	0.00371
4	0.01603	0.01267	0.01245	0.00977	0.01298	0.11159	0.00796	0.68261	0.01867	0.04028	0.00998	0.01011	0.00716	0.00502	0.00418	0.00125	0.00497	0.00371	0.02172	0.00689
5	0.00615	0.00424	0.00522	0.00526	0.00547	0.00441	0.00335	0.00657	0.00647	0.00880	0.01338	0.04458	0.01484	0.61910	0.21188	0.00466	0.00579	0.02435	0.00257	0.00292
6	0.86563	0.00829	0.00637	0.00567	0.00831	0.00961	0.00467	0.02624	0.00746	0.01922	0.00600	0.00697	0.00465	0.00397	0.00266	0.00132	0.00332	0.00233	0.00266	0.00465
7	0.01075	0.00922	0.00972	0.00869	0.01113	0.01066	0.00678	0.04612	0.79245	0.01807	0.01711	0.01571	0.01282	0.00575	0.00433	0.00144	0.00341	0.00478	0.00433	0.00675
8	0.00518	0.00370	0.00494	0.00592	0.00617	0.00346	0.00395	0.00592	0.00815	0.01086	0.02345	0.84768	0.02814	0.01333	0.00543	0.00173	0.00247	0.01210	0.00395	0.00346
9	0.00553	0.00409	0.00524	0.00596	0.00663	0.00380	0.00440	0.00664	0.00897	0.01165	0.06421	0.48896	0.18494	0.01229	0.00542	0.00170	0.00268	0.16930	0.00398	0.00360
10	0.00804	0.00756	0.01276	0.84023	0.02931	0.00945	0.01182	0.01087	0.00851	0.01087	0.00756	0.01134	0.00567	0.00425	0.00425	0.00142	0.00567	0.00378	0.00189	0.00473
11	0.04402	0.00745	0.00969	0.00857	0.05969	0.00701	0.00643	0.09345	0.04422	0.51503	0.02724	0.10528	0.03993	0.00625	0.00438	0.00136	0.00359	0.00522	0.00466	0.00653
12	0.01181	0.73806	0.03097	0.00778	0.01126	0.09061	0.00752	0.02829	0.00914	0.01041	0.00607	0.00703	0.00550	0.00380	0.00305	0.00095	0.01801	0.00238	0.00190	0.00544
13	0.01313	0.00671	0.00793	0.00664	0.00883	0.01840	0.00531	0.06715	0.09456	0.33455	0.07125	0.01577	0.01255	0.00550	0.00418	0.00123	0.02684	0.00440	0.28929	0.00578
14	0.03964	0.02439	0.15479	0.03276	0.12844	0.06823	0.00978	0.23003	0.17351	0.03093	0.01051	0.02549	0.00808	0.00498	0.00454	0.00134	0.03910	0.00390	0.00316	0.00640
15	0.36153	0.09137	0.17251	0.04165	0.18339	0.02302	0.04501	0.01290	0.00847	0.01537	0.00688	0.00844	0.00542	0.00391	0.00343	0.00128	0.00469	0.00296	0.00223	0.00553
16	0.01016	0.45002	0.39599	0.00958	0.01444	0.01353	0.01121	0.02973	0.00904	0.01197	0.00680	0.00790	0.00546	0.00386	0.00337	0.00112	0.00536	0.00271	0.00186	0.00588
17	0.00611	0.00444	0.00623	0.00623	0.00678	0.00499	0.00456	0.00721	0.00666	0.00943	0.01196	0.01981	0.01198	0.25953	0.60782	0.00608	0.00938	0.00501	0.00236	0.00346
18	0.02930	0.03033	0.01291	0.02904	0.05097	0.04600	0.02533	0.58641	0.07028	0.02308	0.01042	0.03178	0.00789	0.00521	0.00441	0.00130	0.02070	0.00402	0.00384	0.00677
19	0.00914	0.01723	0.53513	0.01111	0.03477	0.02068	0.04771	0.01306	0.00915	0.03784	0.00793	0.00924	0.00585	0.00384	0.00387	0.00117	0.00546	0.00312	0.00211	0.22160
20	0.01066	0.14380	0.33176	0.02680	0.12238	0.04274	0.08873	0.06068	0.02233	0.05853	0.00870	0.02035	0.00682	0.00438	0.00420	0.00129	0.01974	0.01769	0.00233	0.00610
21	0.01589	0.02028	0.01206	0.01096	0.01315	0.83338	0.00822	0.01699	0.01206	0.01041	0.00658	0.00767	0.00548	0.00438	0.00384	0.00110	0.00767	0.00274	0.00219	0.00493
22	0.01506	0.01098	0.01186	0.00939	0.01255	0.01215	0.00766	0.57764	0.20413	0.07500	0.01228	0.01180	0.00878	0.00527	0.00427	0.00132	0.00431	0.00409	0.00434	0.00712
23	0.00538	0.00440	0.00466	0.00475	0.00597	0.00387	0.00350	0.00666	0.02833	0.01149	0.05341	0.09464	0.62401	0.08334	0.00652	0.00171	0.00246	0.04745	0.00385	0.00359
24	0.00526	0.00379	0.00486	0.00567	0.00600	0.00353	0.00376	0.00596	0.00810	0.01068	0.02424	0.70418	0.09556	0.08852	0.00686	0.00192	0.00259	0.01130	0.00383	0.00339
25	0.00716	0.00546	0.00660	0.00608	0.00742	0.00550	0.00463	0.03570	0.15985	0.01739	0.63287	0.02838	0.05004	0.00809	0.00487	0.00136	0.00234	0.00707	0.00459	0.00461
26	0.00924	0.00757	0.00837	0.00722	0.00945	0.00789	0.00557	0.07163	0.37203	0.01669	0.17423	0.01924	0.04998	0.06481	0.00549	0.00146	0.00316	0.00518	0.00394	0.15686
27	0.00809	0.00761	0.01285	0.82399	0.04516	0.00947	0.01184	0.01092	0.00853	0.01093	0.00757	0.01133	0.00569	0.00424	0.00425	0.00141	0.00566	0.00378	0.00190	0.00477
28	0.00523	0.00431	0.00460	0.00455	0.00588	0.00367	0.00341	0.00649	0.01014	0.01260	0.19962	0.05565	0.64829	0.01041	0.00504	0.00142	0.00213	0.00879	0.00410	0.00367
29	0.00996	0.01130	0.02461	0.01766	0.02187	0.01060	0.78651	0.01350	0.01004	0.01361	0.00899	0.01248	0.00695	0.00381	0.00504	0.00145	0.00708	0.02666	0.00220	0.00569
30	0.00619	0.00413	0.00464	0.00464	0.00464	0.00413	0.00258	0.00619	0.00619	0.00825	0.01341	0.02785	0.01547	0.85046	0.02166	0.00413	0.00413	0.00619	0.00258	0.00258
31	0.00591	0.00426	0.00615	0.00642	0.00699	0.00466	0.00475	0.00697	0.00714	0.00997	0.01498	0.23713	0.03038	0.04475	0.52848	0.05996	0.00821	0.00662	0.00273	0.00355
32	0.01909	0.00724	0.00987	0.00757	0.01086	0.00625	0.00625	0.02074	0.01218	0.82687	0.01679	0.01448	0.01053	0.00527	0.00428	0.00132	0.00362	0.00428	0.00527	0.00724
33	0.00509	0.00429	0.00441	0.00443	0.00580	0.00361	0.00330	0.00620	0.00975	0.01175	0.08161	0.07431	0.74940	0.01078	0.00505	0.00144	0.00216	0.00905	0.00399	0.00361
34	0.00853	0.02201	0.82841	0.01213	0.01842	0.00988	0.01572	0.01348	0.00898	0.01348	0.00764	0.00898	0.00539	0.00404	0.00404	0.00135	0.00629	0.00314	0.00180	0.00629
35	0.00525	0.00411	0.00477	0.00521	0.00608	0.00368	0.00368	0.00641	0.02416	0.01155	0.06731	0.42589	0.39305	0.01181	0.00521	0.00157	0.00232	0.01034	0.00399	0.00360
36	0.01880	0.00738	0.00992	0.00764	0.01091	0.00650	0.00630	0.03489	0.03446	0.79029	0.01668	0.01444	0.01054	0.00528	0.00428	0.00132	0.00363	0.00429	0.00522	0.00723
37	0.00804	0.00756	0.01276	0.84023	0.02931	0.00945	0.01182	0.01087	0.00851	0.01087	0.00756	0.01134	0.00567	0.00425	0.00425	0.00142	0.00567	0.00378	0.00189	0.00473
38	0.01589	0.02028	0.01206	0.01096	0.01315	0.83338	0.00822	0.01699	0.01206	0.01041	0.00658	0.00767	0.00548	0.00438	0.00384	0.00110	0.00767	0.00274	0.00219	0.00493
39	0.00836	0.00789	0.01330	0.70034	0.15040	0.00945	0.01185	0.01112	0.00871	0.01135	0.00828	0.01176	0.02087	0.00430	0.00426	0.00139	0.00551	0.00388	0.00196	0.00501
40	0.00875	0.02171	0.81178	0.01204	0.01826	0.00981	0.01553	0.01362	0.00905	0.03000	0.00782	0.00910	0.00549	0.00407	0.00405	0.00135	0.00623	0.00317	0.00187	0.00631
41	0.83132	0.00863	0.00660	0.02441	0.00887	0.03787	0.00489	0.01263	0.00744	0.01861	0.00598	0.00704	0.00466	0.00397	0.00271	0.00131	0.00350	0.00235	0.00260	0.00462
42	0.00623	0.00460	0.00589	0.00607	0.00652	0.00488	0.00432	0.00736	0.02077	0.01147	0.10447	0.35046	0.05157	0.16045	0.07576	0.00247	0.08382	0.01844	0.07085	0.00361
43	0.01589	0.02028	0.01206	0.01096	0.01315	0.83338	0.00822	0.01699	0.01206	0.01041	0.00658	0.00767	0.00548	0.00438	0.00384	0.00110	0.00767	0.00274	0.00219	0.00493
44	0.01226	0.69204	0.02034	0.00796	0.01135	0.15142	0.00746	0.03583	0.00953	0.01055	0.00615	0.00706	0.00551	0.00380	0.00296	0.00095	0.00507	0.00240	0.00195	0.00542
45	0.15013	0.03792	0.14014	0.02189	0.01143	0.03675	0.05346	0.11587	0.01085	0.09337	0.05607	0.01629	0.13981	0.00564	0.00398	0.00129	0.00408	0.00451	0.07744	0.01909
46	0.00588	0.00450	0.00537	0.00528	0.00636	0.00416	0.00393	0.00724	0.01021	0.03071	0.31296	0.16283	0.37028	0.01019	0.00544	0.00146	0.03650	0.00870	0.00415	0.00384
47	0.00817	0.00760	0.01251	0.60621	0.10866	0.00926	0.01095	0.01064	0.00828	0.01097	0.00798	0.01217	0.00652	0.04090	0.06336	0.00192	0.06322	0.00393	0.00197	0.00478
48	0.03917	0.04611	0.08085	0.09600	0.26253	0.08138	0.05568	0.09531	0.07233	0.02879	0.01129	0.01325	0.05690	0.00529	0.01821	0.00140	0.00520	0.02169	0.00268	0.00593
49	0.01090	0.01070	0.01585	0.05693	0.57661	0.08775	0.03549	0.01343	0.03144	0.03197	0.00889	0.01977	0.01985	0.00439	0.00484	0.00131	0.05745	0.00393	0.00227	0.00625
50	0.00693	0.00554	0.00621	0.00607	0.00646	0.05789	0.00416	0.00756	0.00687	0.00916	0.01225	0.04511	0.01315	0.47095	0.26342	0.00452	0.05037	0.00548	0.01465	0.00325
51	0.02810	0.00954	0.01476	0.18319	0.50312	0.02811	0.01141	0.07554	0.01023	0.01421	0.00971	0.02631	0.04015	0.00444	0.00422	0.00129	0.00497	0.00407	0.00236	0.02428
52	0.04798	0.00781	0.00955	0.03054	0.09248	0.00734	0.00630	0.08485	0.06044	0.04052	0.02761	0.01130	0.00829	0.00527	0.03765	0.00121	0.02311	0.00337	0.09401	0.40035
53	0.01238	0.04384	0.02597	0.13656	0.18368	0.03372	0.03715	0.13315	0.04336	0.17049	0.02441	0.01285	0.02536	0.00474	0.00417	0.00126	0.00461	0.01809	0.00322	0.08099
54	0.01115	0.02414	0.03920	0.15202	0.19906	0.07943	0.07780	0.12770	0.02220	0.05369	0.03956	0.02521	0.00838	0.00526	0.02748	0.00140	0.00527	0.00398	0.00273	0.09434

[dist]
# distance from previous block
# <min> <max>
0	18

# created by:
# /st0/software/busco_prod/Augustus/scripts/msa2prfl.pl ./align_prep/128290.fa
