[name]
unknown

[dist]
# distance from previous block
# <min> <max>
0	122

[block]
# block no. 0 follows, 60 sequences, length 6
# corresponding to MSA columns:
# 160-165
name=unknown_A
#
# <colnr> <probs for GDERKNQSTAVLIFYWHMCP>
#	G	D	E	R	K	N	Q	S	T	A	V	L	I	F	Y	W	H	M	C	P
0	0.14786	0.30716	0.04675	0.00842	0.01155	0.12590	0.03262	0.05004	0.03415	0.03047	0.02929	0.01150	0.00814	0.00477	0.00375	0.00118	0.02139	0.05273	0.00259	0.06974
1	0.12207	0.27177	0.03121	0.00784	0.01049	0.17453	0.00675	0.07957	0.01055	0.01371	0.04416	0.01483	0.07792	0.03273	0.02361	0.00143	0.00493	0.04387	0.02295	0.00508
2	0.04526	0.35853	0.22209	0.00867	0.01249	0.04220	0.00901	0.05748	0.03080	0.01293	0.00993	0.08143	0.02980	0.02982	0.00419	0.00128	0.00485	0.00391	0.00241	0.03291
3	0.00574	0.00438	0.00520	0.00531	0.00633	0.00395	0.00393	0.00709	0.01022	0.01334	0.27979	0.14963	0.33859	0.07264	0.00654	0.00173	0.00251	0.07513	0.00418	0.00375
4	0.01153	0.66137	0.14801	0.00851	0.01256	0.07306	0.00889	0.01348	0.00916	0.01085	0.00639	0.00740	0.00559	0.00385	0.00309	0.00102	0.00517	0.00251	0.00189	0.00569
5	0.01079	0.01110	0.02108	0.01545	0.01923	0.01101	0.55801	0.11142	0.07921	0.01572	0.01165	0.01360	0.05319	0.00465	0.00540	0.00147	0.04314	0.00515	0.00275	0.00598

[dist]
# distance from previous block
# <min> <max>
0	1

[block]
# block no. 1 follows, 60 sequences, length 24
# corresponding to MSA columns:
# 167-190
name=unknown_B
#
# <colnr> <probs for GDERKNQSTAVLIFYWHMCP>
#	G	D	E	R	K	N	Q	S	T	A	V	L	I	F	Y	W	H	M	C	P
0	0.01161	0.01169	0.02920	0.07897	0.01334	0.22623	0.05108	0.09188	0.05732	0.05199	0.01179	0.16820	0.01126	0.03145	0.00656	0.00156	0.13230	0.00541	0.00300	0.00517
1	0.00553	0.00393	0.00520	0.00614	0.00643	0.00372	0.00419	0.00634	0.00834	0.01109	0.02319	0.71634	0.02756	0.07606	0.00685	0.00198	0.00278	0.07687	0.00394	0.00351
2	0.00565	0.00405	0.00544	0.00643	0.00686	0.00384	0.00463	0.00667	0.00872	0.01153	0.02428	0.66712	0.04516	0.01328	0.00565	0.00181	0.00282	0.16835	0.00404	0.00364
3	0.01013	0.01109	0.01790	0.09589	0.01827	0.11218	0.38417	0.01294	0.03650	0.01256	0.01020	0.11475	0.00928	0.00574	0.00628	0.00153	0.12745	0.00543	0.00245	0.00526
4	0.01139	0.01196	0.04221	0.01638	0.02058	0.01135	0.61432	0.16814	0.01222	0.01655	0.00941	0.02718	0.00717	0.00418	0.00498	0.00144	0.00674	0.00500	0.00265	0.00615
5	0.00624	0.00419	0.00479	0.00488	0.00491	0.00416	0.00278	0.00632	0.00653	0.00871	0.01472	0.10627	0.01709	0.76731	0.02061	0.00399	0.00407	0.00692	0.00278	0.00273
6	0.01589	0.01210	0.01273	0.10389	0.01517	0.09284	0.00856	0.56233	0.01760	0.09976	0.01044	0.01076	0.00738	0.00508	0.00432	0.00131	0.00511	0.00385	0.00398	0.00689
7	0.00947	0.00546	0.00575	0.02933	0.00715	0.00572	0.00414	0.13582	0.01093	0.01789	0.01344	0.01521	0.01043	0.00508	0.00329	0.00108	0.00258	0.00404	0.70857	0.00462
8	0.00611	0.00437	0.00598	0.00698	0.00759	0.00423	0.00544	0.00745	0.00914	0.01203	0.02360	0.47394	0.02710	0.01291	0.00578	0.00188	0.00322	0.37446	0.00403	0.00376
9	0.58945	0.01064	0.00766	0.00688	0.00933	0.17818	0.00546	0.03181	0.00912	0.01765	0.05753	0.00930	0.00752	0.00452	0.00316	0.00129	0.00419	0.00291	0.03859	0.00479
10	0.01046	0.00896	0.00953	0.00859	0.01094	0.01029	0.00667	0.02193	0.74491	0.01818	0.08449	0.01763	0.01564	0.00617	0.00450	0.00147	0.00334	0.00518	0.00447	0.00667
11	0.01223	0.01035	0.01038	0.04046	0.01233	0.08856	0.00726	0.05415	0.60573	0.08478	0.01598	0.01494	0.01184	0.00565	0.00438	0.00143	0.00404	0.00460	0.00421	0.00671
12	0.01138	0.77053	0.09924	0.00794	0.01193	0.01658	0.00829	0.01313	0.00889	0.01060	0.00623	0.00721	0.00559	0.00377	0.00293	0.00098	0.00483	0.00242	0.00186	0.00568
13	0.01005	0.00966	0.01606	0.20595	0.53038	0.01063	0.01257	0.01248	0.00921	0.01303	0.00776	0.01081	0.00650	0.00451	0.00572	0.00142	0.12118	0.00387	0.00207	0.00615
14	0.01005	0.45224	0.33793	0.00926	0.01384	0.01334	0.01060	0.01295	0.00929	0.01227	0.07447	0.01001	0.00854	0.00433	0.00353	0.00115	0.00515	0.00315	0.00210	0.00581
15	0.01063	0.49148	0.31788	0.00939	0.01401	0.04782	0.01061	0.01337	0.00916	0.01162	0.00757	0.00861	0.02326	0.00407	0.00339	0.00112	0.00540	0.00283	0.00192	0.00585
16	0.00531	0.00380	0.00506	0.00607	0.00633	0.00354	0.00405	0.00607	0.00835	0.01113	0.02404	0.84388	0.02885	0.01366	0.00557	0.00177	0.00253	0.01240	0.00405	0.00354
17	0.00583	0.00444	0.00536	0.00513	0.00631	0.00397	0.00385	0.00757	0.01154	0.01559	0.55947	0.03571	0.30009	0.00963	0.00515	0.00141	0.00211	0.00833	0.00455	0.00397
18	0.03688	0.01103	0.06446	0.05264	0.38986	0.05411	0.06719	0.09770	0.02134	0.01520	0.01193	0.01364	0.08413	0.00496	0.00469	0.00135	0.03305	0.00436	0.02532	0.00616
19	0.12886	0.01181	0.04195	0.01632	0.02050	0.03224	0.65480	0.01390	0.00993	0.01465	0.00837	0.01096	0.00631	0.00376	0.00476	0.00144	0.00680	0.00466	0.00227	0.00572
20	0.00577	0.00404	0.00519	0.00594	0.00620	0.00388	0.00400	0.00646	0.00800	0.01063	0.02121	0.54207	0.02500	0.23425	0.01002	0.00245	0.00314	0.09472	0.00367	0.00336
21	0.01001	0.01100	0.02281	0.07016	0.11283	0.01069	0.60531	0.01332	0.00998	0.01360	0.00947	0.02679	0.02149	0.00420	0.00536	0.00147	0.03839	0.00507	0.00224	0.00581
22	0.01230	0.01116	0.04728	0.12839	0.25816	0.09796	0.04043	0.14256	0.03540	0.09188	0.02210	0.01361	0.03500	0.00501	0.00440	0.00135	0.00523	0.02788	0.01368	0.00623
23	0.00550	0.00410	0.00513	0.00571	0.00639	0.00374	0.00404	0.00660	0.00942	0.01239	0.15546	0.49857	0.20542	0.01225	0.00543	0.00165	0.00245	0.04790	0.00417	0.00369

[dist]
# distance from previous block
# <min> <max>
2	5

[block]
# block no. 2 follows, 60 sequences, length 29
# corresponding to MSA columns:
# 197-212,233-245
name=unknown_C
#
# <colnr> <probs for GDERKNQSTAVLIFYWHMCP>
#	G	D	E	R	K	N	Q	S	T	A	V	L	I	F	Y	W	H	M	C	P
0	0.01172	0.02703	0.03279	0.04328	0.03780	0.14091	0.30293	0.10346	0.02850	0.01408	0.00801	0.01041	0.00643	0.00502	0.00695	0.00149	0.20694	0.00415	0.00241	0.00568
1	0.00589	0.00421	0.00539	0.00597	0.00669	0.00388	0.00433	0.00705	0.00945	0.02849	0.13334	0.48294	0.16877	0.01221	0.00547	0.00169	0.00261	0.10368	0.00417	0.00378
2	0.03780	0.05502	0.01241	0.01045	0.01296	0.59248	0.00804	0.09341	0.08738	0.01332	0.00811	0.00888	0.00651	0.00462	0.00392	0.00116	0.00676	0.00308	0.00266	0.03105
3	0.00916	0.04574	0.28309	0.06958	0.05868	0.00926	0.06337	0.06385	0.05397	0.02529	0.00972	0.01221	0.00779	0.01188	0.22443	0.00285	0.00730	0.00392	0.00241	0.03551
4	0.01451	0.06006	0.08739	0.00952	0.01289	0.12793	0.00826	0.24201	0.19166	0.15438	0.01211	0.01176	0.00873	0.00506	0.00418	0.00129	0.00485	0.00387	0.00382	0.03574
5	0.01315	0.00911	0.01018	0.00868	0.01138	0.00996	0.00692	0.14707	0.47150	0.17560	0.04809	0.01681	0.01337	0.00603	0.00450	0.00144	0.00368	0.03104	0.00461	0.00688
6	0.01957	0.00742	0.01012	0.00776	0.01113	0.00641	0.00641	0.02126	0.01248	0.82254	0.01721	0.01484	0.01080	0.00540	0.00439	0.00135	0.00371	0.00439	0.00540	0.00742
7	0.01211	0.00861	0.02888	0.14021	0.10858	0.00884	0.00829	0.12782	0.13130	0.18804	0.08960	0.04872	0.04985	0.00605	0.00474	0.00141	0.02184	0.00509	0.00386	0.00617
8	0.00634	0.00423	0.00476	0.00476	0.00476	0.00423	0.00264	0.00634	0.00634	0.00846	0.01374	0.02854	0.01586	0.84672	0.02220	0.00423	0.00423	0.00634	0.00264	0.00264
9	0.00626	0.00429	0.00520	0.00526	0.00542	0.00442	0.00325	0.00660	0.00658	0.00892	0.01392	0.07162	0.01564	0.64686	0.17365	0.00462	0.00554	0.00636	0.00266	0.00293
10	0.00531	0.00380	0.00506	0.00607	0.00633	0.00354	0.00405	0.00607	0.00835	0.01113	0.02404	0.84388	0.02885	0.01366	0.00557	0.00177	0.00253	0.01240	0.00405	0.00354
11	0.01061	0.55117	0.31183	0.00925	0.01396	0.01469	0.01058	0.01333	0.00899	0.01154	0.00670	0.00779	0.00557	0.00388	0.00328	0.00109	0.00531	0.00265	0.00186	0.00590
12	0.00703	0.00502	0.00703	0.00803	0.00904	0.00502	0.00703	0.00904	0.01004	0.01305	0.02309	0.04920	0.02510	0.01205	0.00602	0.00201	0.00402	0.79016	0.00402	0.00402
13	0.01617	0.01833	0.01244	0.01087	0.01342	0.60544	0.00834	0.20535	0.04297	0.01495	0.00803	0.00879	0.00632	0.00472	0.00405	0.00118	0.00698	0.00315	0.00283	0.00569
14	0.01561	0.14345	0.01391	0.01068	0.01314	0.70900	0.00828	0.01677	0.01184	0.01061	0.00664	0.00774	0.00561	0.00438	0.00376	0.00110	0.00739	0.00274	0.00219	0.00514
15	0.00758	0.00379	0.00568	0.00568	0.00568	0.00379	0.00379	0.00568	0.00568	0.00758	0.00758	0.01326	0.00758	0.01515	0.01705	0.87311	0.00379	0.00379	0.00189	0.00189
16	0.01631	0.02033	0.01240	0.01117	0.01349	0.78624	0.00842	0.05891	0.01279	0.01156	0.00694	0.00800	0.00571	0.00453	0.00396	0.00113	0.00770	0.00287	0.00236	0.00518
17	0.00545	0.00389	0.00521	0.00616	0.00649	0.00365	0.00422	0.00633	0.00861	0.01149	0.05517	0.76584	0.02911	0.01338	0.00558	0.00177	0.00260	0.05738	0.00408	0.00359
18	0.01023	0.01159	0.02474	0.01783	0.02188	0.01122	0.73987	0.01369	0.01000	0.01369	0.00857	0.01159	0.00655	0.00399	0.00588	0.00151	0.07415	0.00504	0.00218	0.00579
19	0.04966	0.00794	0.01018	0.05604	0.01223	0.00769	0.00681	0.04087	0.15248	0.58356	0.01616	0.01450	0.01063	0.00537	0.00433	0.00138	0.00380	0.00436	0.00490	0.00708
20	0.01957	0.00742	0.01012	0.00776	0.01113	0.00641	0.00641	0.02126	0.01248	0.82254	0.01721	0.01484	0.01080	0.00540	0.00439	0.00135	0.00371	0.00439	0.00540	0.00742
21	0.00565	0.00444	0.00511	0.00494	0.00620	0.00389	0.00370	0.00722	0.01111	0.01456	0.42055	0.03740	0.43965	0.01001	0.00515	0.00142	0.00214	0.00856	0.00442	0.00389
22	0.42199	0.00615	0.00518	0.00486	0.00668	0.00679	0.00385	0.01143	0.00833	0.01783	0.01035	0.01189	0.00811	0.00459	0.00288	0.00117	0.00267	0.00325	0.45763	0.00438
23	0.01360	0.00949	0.01007	0.00809	0.01075	0.01040	0.00657	0.51025	0.06288	0.02343	0.01207	0.01262	0.00894	0.00523	0.00396	0.00123	0.00385	0.00403	0.27621	0.00634
24	0.00623	0.00466	0.00693	0.00693	0.00768	0.00541	0.00535	0.00774	0.00699	0.01007	0.01176	0.01754	0.01108	0.06151	0.80088	0.00691	0.01142	0.00473	0.00235	0.00385
25	0.00589	0.00411	0.00497	0.00533	0.00556	0.00401	0.00335	0.00632	0.00734	0.00973	0.01940	0.32003	0.07531	0.44657	0.05992	0.00332	0.00390	0.00861	0.00322	0.00310
26	0.01166	0.84935	0.02285	0.00746	0.01119	0.01726	0.00746	0.01306	0.00886	0.01026	0.00606	0.00700	0.00560	0.00373	0.00280	0.00093	0.00466	0.00233	0.00187	0.00560
27	0.00666	0.00475	0.00565	0.00550	0.00618	0.00482	0.00376	0.03413	0.02910	0.01166	0.13230	0.04457	0.11378	0.38932	0.15538	0.00364	0.00485	0.00655	0.03388	0.00353
28	0.06024	0.04234	0.32581	0.00999	0.01372	0.06830	0.05051	0.03422	0.06369	0.04095	0.02418	0.02813	0.00895	0.02381	0.03325	0.00162	0.04246	0.02871	0.09350	0.00562

[dist]
# distance from previous block
# <min> <max>
2	11

[block]
# block no. 3 follows, 60 sequences, length 9
# corresponding to MSA columns:
# 258,267-274
name=unknown_D
#
# <colnr> <probs for GDERKNQSTAVLIFYWHMCP>
#	G	D	E	R	K	N	Q	S	T	A	V	L	I	F	Y	W	H	M	C	P
0	0.00637	0.00484	0.00625	0.00654	0.00723	0.00483	0.02372	0.00863	0.10421	0.01215	0.07451	0.49144	0.04118	0.13010	0.02876	0.00218	0.00324	0.03602	0.00386	0.00394
1	0.00846	0.00708	0.00831	0.00629	0.00949	0.00546	0.00486	0.01012	0.00876	0.01345	0.00986	0.09464	0.00945	0.07055	0.00496	0.00104	0.00324	0.00387	0.00274	0.71739
2	0.01486	0.01037	0.01118	0.00880	0.01176	0.01133	0.00719	0.61533	0.01788	0.05227	0.01181	0.04048	0.00891	0.00551	0.00418	0.00128	0.00421	0.00426	0.15168	0.00671
3	0.00703	0.00502	0.00703	0.00803	0.00904	0.00502	0.00703	0.00904	0.01004	0.01305	0.02309	0.04920	0.02510	0.01205	0.00602	0.00201	0.00402	0.79016	0.00402	0.00402
4	0.02662	0.00905	0.01180	0.06080	0.16603	0.00956	0.02320	0.20055	0.15321	0.12710	0.06803	0.01591	0.03445	0.00561	0.00442	0.00137	0.00416	0.02640	0.04532	0.00642
5	0.00576	0.04513	0.00586	0.00572	0.00637	0.00434	0.00398	0.00665	0.00879	0.01150	0.09233	0.53739	0.15226	0.08458	0.00677	0.00186	0.00269	0.01050	0.00388	0.00363
6	0.00719	0.03294	0.00759	0.02409	0.08010	0.02229	0.00531	0.00914	0.03328	0.03744	0.35874	0.19916	0.14755	0.00924	0.00500	0.00145	0.00282	0.00812	0.00410	0.00443
7	0.01177	0.00960	0.03232	0.16131	0.13184	0.05579	0.08458	0.15596	0.01201	0.09596	0.05082	0.01319	0.00948	0.00484	0.00422	0.00130	0.00478	0.00421	0.15017	0.00584
8	0.04045	0.52468	0.05985	0.00903	0.01257	0.07524	0.06116	0.05881	0.00994	0.05809	0.00725	0.00827	0.00604	0.00420	0.00388	0.00111	0.04848	0.00289	0.00229	0.00575

[dist]
# distance from previous block
# <min> <max>
4	24

[block]
# block no. 4 follows, 60 sequences, length 21
# corresponding to MSA columns:
# 301-321
name=unknown_E
#
# <colnr> <probs for GDERKNQSTAVLIFYWHMCP>
#	G	D	E	R	K	N	Q	S	T	A	V	L	I	F	Y	W	H	M	C	P
0	0.00688	0.00543	0.00705	0.00631	0.00694	0.02361	0.07518	0.00745	0.00736	0.00966	0.04135	0.02724	0.08572	0.61832	0.03230	0.00357	0.02328	0.00637	0.00277	0.00320
1	0.01012	0.08062	0.06992	0.12975	0.11160	0.01069	0.22323	0.07422	0.10623	0.01481	0.05455	0.04066	0.02471	0.00506	0.00475	0.00140	0.02426	0.00477	0.00277	0.00587
2	0.00975	0.01009	0.04363	0.05512	0.44123	0.00955	0.21296	0.01250	0.00983	0.01374	0.02590	0.10028	0.01007	0.00515	0.00471	0.00141	0.00544	0.02011	0.00244	0.00608
3	0.01363	0.00981	0.01038	0.00861	0.01128	0.05404	0.00687	0.30003	0.21697	0.14155	0.09324	0.01703	0.04393	0.03306	0.00507	0.00147	0.00406	0.01810	0.00439	0.00649
4	0.00743	0.00384	0.00557	0.00557	0.00557	0.00384	0.00365	0.00576	0.00576	0.00768	0.00833	0.01512	0.00859	0.11656	0.01767	0.76715	0.00384	0.00410	0.00199	0.00199
5	0.00986	0.00945	0.03342	0.20460	0.03602	0.04336	0.12274	0.12933	0.02675	0.01427	0.02632	0.13118	0.01087	0.00752	0.03682	0.00174	0.12566	0.02203	0.00281	0.00525
6	0.00552	0.00422	0.00508	0.00539	0.00629	0.00378	0.00389	0.00676	0.00996	0.01300	0.22868	0.33505	0.31225	0.01151	0.00533	0.00157	0.00234	0.03142	0.00424	0.00375
7	0.01008	0.00929	0.03257	0.07371	0.05123	0.00886	0.38028	0.04053	0.02840	0.07941	0.02960	0.08849	0.01103	0.02996	0.05055	0.00185	0.00598	0.03069	0.03200	0.00550
8	0.01629	0.02079	0.01236	0.01124	0.01348	0.82921	0.00843	0.01742	0.01236	0.01067	0.00674	0.00787	0.00562	0.00449	0.00393	0.00112	0.00787	0.00281	0.00225	0.00506
9	0.01404	0.17335	0.01367	0.00953	0.01228	0.34444	0.00769	0.18065	0.11617	0.01525	0.02464	0.01147	0.04845	0.00509	0.00395	0.00119	0.00567	0.00363	0.00303	0.00580
10	0.87753	0.00843	0.00641	0.00574	0.00843	0.00978	0.00472	0.01282	0.00742	0.01957	0.00607	0.00709	0.00472	0.00405	0.00270	0.00135	0.00337	0.00236	0.00270	0.00472
11	0.01106	0.17220	0.12836	0.03858	0.01331	0.04391	0.03710	0.05620	0.30669	0.04731	0.02520	0.03176	0.02625	0.00522	0.00408	0.00130	0.00451	0.00422	0.00327	0.03948
12	0.00904	0.05141	0.59728	0.01106	0.01627	0.00984	0.01335	0.07208	0.01018	0.01464	0.05085	0.03388	0.04513	0.00526	0.00448	0.00140	0.02187	0.02350	0.00239	0.00608
13	0.05063	0.05521	0.02182	0.06827	0.05064	0.03752	0.07034	0.13380	0.14747	0.14427	0.08196	0.02972	0.02980	0.00553	0.00452	0.00135	0.02014	0.00462	0.00370	0.03871
14	0.00758	0.00379	0.00568	0.00568	0.00568	0.00379	0.00379	0.00568	0.00568	0.00758	0.00758	0.01326	0.00758	0.01515	0.01705	0.87311	0.00379	0.00379	0.00189	0.00189
15	0.00908	0.00789	0.00937	0.00683	0.01042	0.00638	0.00550	0.01095	0.00887	0.01393	0.00760	0.00908	0.00640	0.00356	0.00406	0.00074	0.06585	0.00268	0.00253	0.80829
16	0.16570	0.08121	0.13017	0.00938	0.01255	0.14052	0.05179	0.05383	0.05994	0.05290	0.02209	0.02461	0.02765	0.00543	0.01899	0.00139	0.06436	0.00363	0.00274	0.07110
17	0.65840	0.02534	0.00783	0.00663	0.00929	0.03884	0.00542	0.07788	0.06898	0.01935	0.00750	0.00833	0.00580	0.00439	0.00327	0.00134	0.02162	0.00276	0.02190	0.00512
18	0.00763	0.00434	0.00460	0.00455	0.00565	0.00434	0.00344	0.00984	0.03398	0.01543	0.06277	0.02013	0.10331	0.00806	0.06538	0.00155	0.00282	0.00493	0.63315	0.00410
19	0.00788	0.00563	0.00775	0.09222	0.01011	0.00647	0.00600	0.03395	0.03794	0.04212	0.01269	0.07782	0.01153	0.03651	0.38682	0.00405	0.06030	0.00502	0.15082	0.00437
20	0.00673	0.00447	0.00609	0.06829	0.00848	0.00428	0.00481	0.00784	0.00910	0.07684	0.08277	0.60950	0.07052	0.01180	0.00533	0.00167	0.00282	0.01060	0.00406	0.00400

[dist]
# distance from previous block
# <min> <max>
4	18

[block]
# block no. 5 follows, 60 sequences, length 6
# corresponding to MSA columns:
# 343-348
name=unknown_F
#
# <colnr> <probs for GDERKNQSTAVLIFYWHMCP>
#	G	D	E	R	K	N	Q	S	T	A	V	L	I	F	Y	W	H	M	C	P
0	0.09653	0.10391	0.03974	0.00810	0.03129	0.02285	0.01992	0.06545	0.17372	0.10288	0.03606	0.06648	0.01135	0.00799	0.05929	0.05020	0.00431	0.00453	0.08987	0.00551
1	0.04461	0.04301	0.14655	0.17412	0.03566	0.05184	0.04956	0.03352	0.21903	0.03224	0.02584	0.03556	0.02106	0.00510	0.00422	0.00136	0.00485	0.00427	0.02243	0.04515
2	0.00929	0.00955	0.08559	0.36629	0.18165	0.00918	0.01085	0.07116	0.00994	0.01372	0.01008	0.01264	0.04332	0.00538	0.02874	0.00148	0.00529	0.00398	0.03658	0.08528
3	0.00710	0.00554	0.00728	0.08165	0.05510	0.00552	0.00563	0.00968	0.07569	0.03919	0.24882	0.11466	0.23275	0.01031	0.04875	0.00178	0.00341	0.03873	0.00395	0.00448
4	0.00934	0.04181	0.07733	0.00739	0.01009	0.05072	0.00635	0.04098	0.03685	0.06358	0.01430	0.04687	0.08282	0.07183	0.11788	0.00216	0.00505	0.04546	0.00301	0.26619
5	0.00745	0.00493	0.00622	0.00580	0.00711	0.00459	0.00438	0.00983	0.05454	0.08879	0.56128	0.09179	0.11837	0.00902	0.00507	0.00142	0.00233	0.00789	0.00470	0.00447

[dist]
# distance from previous block
# <min> <max>
0	1

[block]
# block no. 6 follows, 60 sequences, length 10
# corresponding to MSA columns:
# 350-359
name=unknown_G
#
# <colnr> <probs for GDERKNQSTAVLIFYWHMCP>
#	G	D	E	R	K	N	Q	S	T	A	V	L	I	F	Y	W	H	M	C	P
0	0.03466	0.00851	0.02601	0.02741	0.12741	0.00724	0.02865	0.04821	0.03132	0.03726	0.03323	0.04573	0.00877	0.00423	0.00374	0.00095	0.00377	0.00362	0.00282	0.51644
1	0.01317	0.00830	0.00983	0.03174	0.01133	0.00768	0.00619	0.17258	0.04680	0.22082	0.01168	0.01182	0.00844	0.00449	0.00382	0.00105	0.00364	0.00358	0.08084	0.34219
2	0.00554	0.00405	0.00523	0.00589	0.00645	0.00374	0.00413	0.00664	0.00933	0.01245	0.16996	0.56938	0.11602	0.01244	0.00547	0.00168	0.00249	0.05124	0.00418	0.00369
3	0.09990	0.00994	0.09720	0.06543	0.10392	0.02496	0.07344	0.02736	0.05049	0.16323	0.04380	0.05115	0.01068	0.00541	0.00445	0.00135	0.01915	0.04472	0.00325	0.10017
4	0.00976	0.00772	0.00903	0.00659	0.01025	0.00608	0.00528	0.04862	0.00990	0.06059	0.03093	0.01137	0.04006	0.00391	0.00348	0.00077	0.00326	0.00315	0.00294	0.72630
5	0.55789	0.01004	0.00918	0.00980	0.13130	0.09752	0.00667	0.03587	0.00882	0.03322	0.00704	0.00833	0.00557	0.00429	0.00356	0.00133	0.03271	0.00282	0.02884	0.00520
6	0.01069	0.13765	0.34131	0.01093	0.03357	0.01085	0.06306	0.06163	0.04794	0.07593	0.00968	0.01144	0.00744	0.00482	0.00480	0.00134	0.06899	0.02202	0.06981	0.00608
7	0.04183	0.03304	0.02919	0.02899	0.01134	0.03729	0.03138	0.18876	0.23838	0.05070	0.03556	0.01836	0.09419	0.00625	0.00434	0.00138	0.00391	0.04520	0.09402	0.00593
8	0.03213	0.00760	0.00893	0.00793	0.01003	0.00824	0.03073	0.03661	0.35871	0.10846	0.06905	0.04047	0.05852	0.00682	0.00482	0.00146	0.03191	0.06691	0.10484	0.00583
9	0.00979	0.17183	0.15891	0.03379	0.01313	0.04269	0.06881	0.04412	0.13321	0.01379	0.04931	0.05733	0.04443	0.02104	0.01716	0.00150	0.05781	0.02714	0.02869	0.00553

[dist]
# distance from previous block
# <min> <max>
0	1

[block]
# block no. 7 follows, 60 sequences, length 9
# corresponding to MSA columns:
# 361-369
name=unknown_H
#
# <colnr> <probs for GDERKNQSTAVLIFYWHMCP>
#	G	D	E	R	K	N	Q	S	T	A	V	L	I	F	Y	W	H	M	C	P
0	0.00619	0.00436	0.00517	0.00525	0.00630	0.00390	0.00381	0.00750	0.01015	0.04402	0.24305	0.24438	0.31608	0.03004	0.00552	0.00156	0.00235	0.00917	0.04730	0.00390
1	0.04412	0.03179	0.02449	0.00897	0.04453	0.02276	0.00689	0.28921	0.14756	0.05950	0.10590	0.13909	0.04233	0.00705	0.00455	0.00141	0.00382	0.00587	0.00412	0.00603
2	0.00956	0.00533	0.00686	0.00620	0.00786	0.00485	0.00481	0.01161	0.03638	0.22003	0.39155	0.09026	0.13189	0.00872	0.00501	0.00144	0.00267	0.04529	0.00475	0.00494
3	0.01085	0.30644	0.16345	0.02325	0.09620	0.09945	0.01953	0.01361	0.05855	0.02809	0.02038	0.01210	0.04239	0.02587	0.00483	0.02481	0.02453	0.01769	0.00236	0.00562
4	0.00586	0.00418	0.00524	0.00591	0.00648	0.00395	0.00424	0.00684	0.00865	0.01142	0.02505	0.43261	0.14393	0.12791	0.00778	0.00208	0.00296	0.15119	0.04017	0.00355
5	0.00814	0.00701	0.02280	0.02175	0.04882	0.00693	0.07468	0.02379	0.15294	0.01559	0.23939	0.02603	0.10892	0.00757	0.00511	0.00145	0.02999	0.09654	0.06994	0.03262
6	0.05303	0.01027	0.01130	0.00885	0.01217	0.01083	0.00722	0.42181	0.14121	0.15182	0.01216	0.01176	0.00865	0.00506	0.00416	0.00126	0.00415	0.00392	0.00424	0.11612
7	0.00966	0.00866	0.00933	0.00702	0.01063	0.05121	0.00556	0.01287	0.11015	0.01453	0.00895	0.00989	0.00728	0.00364	0.00342	0.00078	0.00351	0.00289	0.00280	0.71722
8	0.02424	0.03378	0.12414	0.01054	0.03254	0.02324	0.11876	0.22457	0.04697	0.10110	0.04778	0.04411	0.02449	0.00518	0.00432	0.00128	0.00476	0.00445	0.02072	0.10302

[dist]
# distance from previous block
# <min> <max>
2	8

[block]
# block no. 8 follows, 60 sequences, length 6
# corresponding to MSA columns:
# 378-383
name=unknown_I
#
# <colnr> <probs for GDERKNQSTAVLIFYWHMCP>
#	G	D	E	R	K	N	Q	S	T	A	V	L	I	F	Y	W	H	M	C	P
0	0.00973	0.00914	0.03763	0.01769	0.40747	0.02474	0.07325	0.02835	0.02582	0.03368	0.08195	0.01649	0.01195	0.07471	0.09591	0.00220	0.00568	0.03514	0.00269	0.00577
1	0.00729	0.00393	0.00528	0.00528	0.00537	0.00393	0.00341	0.00628	0.00618	0.00862	0.00989	0.01773	0.01018	0.24229	0.01716	0.55376	0.00375	0.00451	0.08285	0.00230
2	0.00933	0.00834	0.01263	0.55040	0.02347	0.01046	0.01073	0.09186	0.00956	0.01297	0.00801	0.01138	0.00626	0.00511	0.00616	0.00150	0.16235	0.00388	0.05056	0.00505
3	0.00658	0.00451	0.00605	0.00678	0.00758	0.00429	0.00530	0.00799	0.00956	0.04255	0.07587	0.38329	0.08211	0.01221	0.00565	0.00181	0.00312	0.32667	0.00413	0.00393
4	0.00792	0.00510	0.00639	0.00639	0.02406	0.00506	0.00486	0.03290	0.03394	0.05560	0.26387	0.02753	0.06725	0.02807	0.08903	0.00202	0.00364	0.12075	0.21122	0.00441
5	0.01151	0.00936	0.00964	0.00862	0.01100	0.05563	0.00669	0.02125	0.62086	0.09225	0.05864	0.04790	0.01468	0.00624	0.00448	0.00145	0.00362	0.00520	0.00441	0.00658

[dist]
# distance from previous block
# <min> <max>
0	1

[block]
# block no. 9 follows, 60 sequences, length 19
# corresponding to MSA columns:
# 385-403
name=unknown_J
#
# <colnr> <probs for GDERKNQSTAVLIFYWHMCP>
#	G	D	E	R	K	N	Q	S	T	A	V	L	I	F	Y	W	H	M	C	P
0	0.01168	0.06832	0.04319	0.00772	0.01152	0.00869	0.00659	0.18665	0.03909	0.07414	0.00924	0.00988	0.00711	0.00399	0.00361	0.00092	0.00384	0.00309	0.00316	0.49756
1	0.01291	0.05573	0.01206	0.02568	0.10242	0.22732	0.00803	0.09996	0.20876	0.06537	0.01135	0.01214	0.00884	0.00729	0.07296	0.00176	0.01810	0.00388	0.03942	0.00600
2	0.80710	0.00958	0.07271	0.00628	0.00928	0.00981	0.00565	0.01290	0.00757	0.01910	0.00622	0.00726	0.00479	0.00406	0.00282	0.00135	0.00362	0.00243	0.00263	0.00486
3	0.02754	0.05779	0.10063	0.00830	0.01111	0.00929	0.00737	0.18857	0.17413	0.09760	0.04254	0.01686	0.06821	0.00720	0.01509	0.08067	0.00413	0.03730	0.03982	0.00585
4	0.00815	0.04206	0.01042	0.00861	0.01013	0.05383	0.11166	0.03852	0.03976	0.01154	0.01156	0.03502	0.01081	0.12599	0.44131	0.00469	0.00871	0.00489	0.01796	0.00438
5	0.00621	0.00428	0.00488	0.00486	0.00509	0.00422	0.00291	0.00650	0.00706	0.00937	0.06235	0.02961	0.09563	0.68323	0.05325	0.00391	0.00422	0.00664	0.00289	0.00288
6	0.87753	0.00843	0.00641	0.00574	0.00843	0.00978	0.00472	0.01282	0.00742	0.01957	0.00607	0.00709	0.00472	0.00405	0.00270	0.00135	0.00337	0.00236	0.00270	0.00472
7	0.01111	0.68995	0.14489	0.00818	0.01234	0.01572	0.00870	0.01309	0.00892	0.01096	0.00640	0.00741	0.00562	0.00377	0.00302	0.00099	0.00488	0.00248	0.00189	0.03966
8	0.00982	0.02461	0.03160	0.00810	0.04346	0.04422	0.00621	0.06970	0.20516	0.05852	0.18051	0.02104	0.14068	0.00661	0.00444	0.00128	0.00343	0.00552	0.00391	0.13119
9	0.00537	0.00427	0.00485	0.00523	0.00627	0.00375	0.00384	0.00645	0.00950	0.01181	0.05444	0.29524	0.49216	0.01190	0.00535	0.00160	0.00244	0.06781	0.00406	0.00367
10	0.00754	0.00405	0.00562	0.00558	0.00585	0.00405	0.00381	0.00666	0.03457	0.00889	0.01124	0.01580	0.07094	0.01380	0.01469	0.71328	0.00353	0.00427	0.06346	0.00236
11	0.00918	0.00618	0.00745	0.00682	0.00849	0.00613	0.00539	0.13384	0.04612	0.09306	0.27708	0.08731	0.13605	0.02513	0.02008	0.00165	0.00324	0.11745	0.00442	0.00491
12	0.00692	0.00685	0.08610	0.03611	0.00895	0.00538	0.00566	0.00959	0.07438	0.04197	0.17314	0.04797	0.38759	0.03243	0.00548	0.00156	0.00306	0.05849	0.00393	0.00445
13	0.00667	0.00502	0.00590	0.00562	0.00715	0.00442	0.00426	0.00851	0.03839	0.04243	0.22234	0.14903	0.32589	0.00972	0.00500	0.00143	0.00253	0.05250	0.00413	0.09907
14	0.01055	0.08852	0.07504	0.00901	0.01221	0.03277	0.04737	0.06328	0.36634	0.01603	0.01326	0.01340	0.02855	0.00624	0.04166	0.00150	0.00450	0.00412	0.00338	0.16228
15	0.16287	0.00517	0.00593	0.00553	0.00686	0.00513	0.00422	0.00906	0.01146	0.01786	0.67135	0.02799	0.03460	0.00804	0.00470	0.00137	0.00229	0.00689	0.00442	0.00422
16	0.01136	0.04723	0.18639	0.00919	0.01247	0.04831	0.00878	0.23543	0.10184	0.03971	0.11924	0.01767	0.02734	0.00614	0.00444	0.00138	0.00452	0.07079	0.04175	0.00603
17	0.01081	0.07106	0.44453	0.01101	0.02614	0.04405	0.04979	0.09128	0.01062	0.08949	0.01069	0.01244	0.03877	0.06404	0.00546	0.00154	0.00568	0.00388	0.00260	0.00612
18	0.11290	0.14867	0.15186	0.00968	0.03516	0.12565	0.02051	0.17948	0.02424	0.07939	0.00909	0.00980	0.00682	0.00452	0.00374	0.00123	0.00508	0.00329	0.06285	0.00604

[dist]
# distance from previous block
# <min> <max>
2	14

[block]
# block no. 10 follows, 60 sequences, length 6
# corresponding to MSA columns:
# 418-423
name=unknown_K
#
# <colnr> <probs for GDERKNQSTAVLIFYWHMCP>
#	G	D	E	R	K	N	Q	S	T	A	V	L	I	F	Y	W	H	M	C	P
0	0.03669	0.01309	0.25836	0.01029	0.03536	0.04495	0.04015	0.04294	0.03252	0.42195	0.01285	0.01230	0.00851	0.00485	0.00428	0.00135	0.00492	0.00393	0.00384	0.00687
1	0.00633	0.00541	0.00892	0.00811	0.00934	0.00501	0.15119	0.00784	0.00940	0.01259	0.13204	0.50824	0.09625	0.01094	0.00539	0.00163	0.00332	0.01016	0.00381	0.00406
2	0.01166	0.00993	0.04394	0.00908	0.01217	0.04430	0.06459	0.09187	0.31702	0.09917	0.07995	0.01463	0.01242	0.00526	0.00428	0.00127	0.00404	0.00445	0.00386	0.16610
3	0.01005	0.09024	0.16111	0.04347	0.08067	0.03321	0.33337	0.01326	0.00971	0.01347	0.00805	0.01019	0.00627	0.00374	0.00428	0.00123	0.00598	0.00387	0.00217	0.16566
4	0.00910	0.00960	0.01957	0.19197	0.02159	0.00971	0.48670	0.01223	0.00935	0.01266	0.00912	0.01272	0.00723	0.00917	0.15671	0.00249	0.00782	0.00479	0.00217	0.00529
5	0.00578	0.00412	0.00548	0.00620	0.00670	0.00390	0.00444	0.00693	0.00925	0.01247	0.16942	0.53598	0.02993	0.05195	0.00634	0.00185	0.00275	0.12872	0.00412	0.00368

[dist]
# distance from previous block
# <min> <max>
0	89

# created by:
# /st0/software/busco_prod/Augustus/scripts/msa2prfl.pl ./align_prep/128205.fa
