[name]
unknown

[dist]
# distance from previous block
# <min> <max>
0	41

[block]
# block no. 0 follows, 54 sequences, length 32
# corresponding to MSA columns:
# 423-454
name=unknown_A
#
# <colnr> <probs for GDERKNQSTAVLIFYWHMCP>
#	G	D	E	R	K	N	Q	S	T	A	V	L	I	F	Y	W	H	M	C	P
0	0.06607	0.01077	0.02851	0.08840	0.41926	0.05579	0.02357	0.02521	0.03710	0.05221	0.03001	0.03186	0.01006	0.00529	0.00465	0.00144	0.00529	0.04907	0.00288	0.05256
1	0.00890	0.00838	0.01414	0.82296	0.03247	0.01048	0.01309	0.01205	0.00943	0.01205	0.00838	0.01257	0.00629	0.00471	0.00471	0.00157	0.00629	0.00419	0.00210	0.00524
2	0.86760	0.00912	0.00693	0.00620	0.00912	0.01058	0.00511	0.01386	0.00802	0.02115	0.00657	0.00766	0.00511	0.00438	0.00292	0.00146	0.00365	0.00255	0.00292	0.00511
3	0.02009	0.00774	0.01048	0.00817	0.01159	0.00671	0.00669	0.02189	0.01319	0.74747	0.01876	0.04693	0.01243	0.00616	0.00473	0.00146	0.00389	0.00506	0.03884	0.00773
4	0.00604	0.00423	0.00538	0.00619	0.00639	0.00403	0.00397	0.00664	0.00845	0.01127	0.02304	0.61923	0.02747	0.23183	0.01078	0.00262	0.00322	0.01167	0.00397	0.00357
5	0.00564	0.00472	0.00488	0.00496	0.00640	0.00399	0.00365	0.00680	0.01059	0.01275	0.06365	0.10916	0.70469	0.02952	0.00600	0.00168	0.00246	0.01013	0.00437	0.00396
6	0.00663	0.00482	0.00624	0.00588	0.00702	0.00443	0.00441	0.00881	0.01324	0.01865	0.77114	0.03564	0.07591	0.00973	0.00556	0.00149	0.00223	0.00859	0.00516	0.00443
7	0.00601	0.00436	0.00530	0.00588	0.00636	0.00405	0.00388	0.00676	0.00900	0.01174	0.05581	0.46875	0.17156	0.20613	0.01013	0.00246	0.00308	0.01105	0.00405	0.00365
8	0.00946	0.02439	0.80987	0.01344	0.02041	0.01095	0.01742	0.01493	0.00995	0.01493	0.00846	0.00995	0.00597	0.00448	0.00448	0.00149	0.00697	0.00348	0.00199	0.00697
9	0.86760	0.00912	0.00693	0.00620	0.00912	0.01058	0.00511	0.01386	0.00802	0.02115	0.00657	0.00766	0.00511	0.00438	0.00292	0.00146	0.00365	0.00255	0.00292	0.00511
10	0.00829	0.00456	0.00484	0.00476	0.00593	0.00441	0.00356	0.01040	0.01033	0.01728	0.11746	0.05339	0.04832	0.00660	0.00379	0.00119	0.00226	0.00546	0.66038	0.02680
11	0.01261	0.83713	0.02471	0.00807	0.01210	0.01866	0.00807	0.01412	0.00958	0.01109	0.00656	0.00756	0.00605	0.00403	0.00303	0.00101	0.00504	0.00252	0.00202	0.00605
12	0.00904	0.00837	0.01394	0.74115	0.05964	0.01035	0.01268	0.01208	0.00944	0.01238	0.00863	0.01269	0.00656	0.00481	0.00491	0.00156	0.02533	0.00420	0.03697	0.00528
13	0.01667	0.00944	0.01112	0.00891	0.01207	0.00965	0.00722	0.25344	0.13858	0.33403	0.10066	0.01698	0.01454	0.00627	0.00478	0.00146	0.00406	0.00508	0.03764	0.00741
14	0.86760	0.00912	0.00693	0.00620	0.00912	0.01058	0.00511	0.01386	0.00802	0.02115	0.00657	0.00766	0.00511	0.00438	0.00292	0.00146	0.00365	0.00255	0.00292	0.00511
15	0.01167	0.01120	0.01914	0.02894	0.80488	0.01120	0.01447	0.01447	0.01074	0.01540	0.00887	0.01167	0.00747	0.00420	0.00467	0.00140	0.00560	0.00420	0.00233	0.00747
16	0.01580	0.01215	0.01295	0.01042	0.01381	0.01363	0.00845	0.52666	0.28813	0.02628	0.01402	0.01347	0.01021	0.00591	0.00474	0.00148	0.00469	0.00462	0.00474	0.00783
17	0.01186	0.01010	0.01064	0.00948	0.01217	0.01159	0.00740	0.07140	0.71674	0.02006	0.01987	0.01833	0.04603	0.00658	0.00482	0.00159	0.00377	0.00545	0.00478	0.00736
18	0.01113	0.01272	0.02782	0.01987	0.02464	0.01192	0.78776	0.01510	0.01113	0.01510	0.00954	0.01272	0.00715	0.00397	0.00556	0.00159	0.00795	0.00556	0.00238	0.00636
19	0.02971	0.00688	0.00779	0.00675	0.00874	0.00700	0.00533	0.16403	0.02937	0.11605	0.20135	0.03344	0.01936	0.00681	0.00440	0.00134	0.00311	0.01834	0.32457	0.00562
20	0.01132	0.01051	0.01681	0.22521	0.45730	0.02839	0.02845	0.04509	0.02362	0.03022	0.00970	0.01358	0.00807	0.00496	0.00517	0.00150	0.03676	0.03413	0.00255	0.00667
21	0.00944	0.00875	0.02572	0.06631	0.24062	0.06428	0.02557	0.01180	0.03554	0.02853	0.01790	0.26943	0.03480	0.00920	0.00539	0.00170	0.00469	0.13143	0.00346	0.00547
22	0.00577	0.00417	0.00547	0.00644	0.00682	0.00386	0.00433	0.00667	0.00930	0.01236	0.05877	0.75413	0.07568	0.01440	0.00597	0.00188	0.00269	0.01301	0.00441	0.00386
23	0.00805	0.00585	0.00746	0.03828	0.00903	0.00585	0.00550	0.03977	0.05487	0.04659	0.48623	0.03299	0.10332	0.03156	0.02481	0.00179	0.02245	0.06605	0.00472	0.00483
24	0.02444	0.13106	0.43929	0.01343	0.05864	0.08840	0.07180	0.02705	0.02619	0.04444	0.00875	0.01017	0.00656	0.00460	0.00462	0.00142	0.02653	0.00360	0.00234	0.00668
25	0.04083	0.01024	0.02795	0.05245	0.10001	0.06107	0.00850	0.14386	0.02984	0.32231	0.02903	0.03181	0.01084	0.04528	0.03403	0.00183	0.03425	0.00473	0.00425	0.00691
26	0.00574	0.00413	0.00544	0.00650	0.00682	0.00384	0.00435	0.00657	0.00909	0.01206	0.02683	0.80066	0.06120	0.01466	0.00600	0.00190	0.00272	0.01327	0.00438	0.00384
27	0.04676	0.01492	0.03125	0.03195	0.20399	0.30793	0.08887	0.02789	0.05431	0.04508	0.01182	0.02783	0.04991	0.00546	0.00481	0.00141	0.01825	0.01853	0.00287	0.00616
28	0.01498	0.08772	0.05545	0.01536	0.16446	0.14642	0.13393	0.13913	0.04370	0.13704	0.01075	0.01170	0.00798	0.00484	0.00461	0.00139	0.00610	0.00417	0.00332	0.00698
29	0.01023	0.00951	0.01342	0.25872	0.14750	0.06537	0.04042	0.06494	0.01069	0.01415	0.02625	0.07762	0.01148	0.00882	0.06596	0.00206	0.07662	0.07045	0.02024	0.00555
30	0.37577	0.06251	0.01240	0.03420	0.03981	0.19256	0.05620	0.10163	0.01152	0.06206	0.00824	0.00931	0.00631	0.00467	0.00380	0.00138	0.00543	0.00326	0.00304	0.00589
31	0.03987	0.00609	0.03664	0.03825	0.02923	0.00530	0.00524	0.00829	0.01075	0.01417	0.17490	0.06712	0.47328	0.01155	0.04168	0.00185	0.01868	0.00859	0.00411	0.00439

[dist]
# distance from previous block
# <min> <max>
0	4

[block]
# block no. 1 follows, 54 sequences, length 11
# corresponding to MSA columns:
# 459-469
name=unknown_B
#
# <colnr> <probs for GDERKNQSTAVLIFYWHMCP>
#	G	D	E	R	K	N	Q	S	T	A	V	L	I	F	Y	W	H	M	C	P
0	0.01237	0.01093	0.05951	0.03600	0.10866	0.03230	0.09534	0.07560	0.04273	0.10841	0.01039	0.01154	0.00787	0.00432	0.00427	0.00115	0.00487	0.00380	0.00320	0.36675
1	0.01644	0.00806	0.01016	0.00826	0.01124	0.00773	0.00665	0.06592	0.15036	0.46773	0.17415	0.01985	0.01846	0.00668	0.00491	0.00149	0.00368	0.00557	0.00546	0.00722
2	0.01056	0.01514	0.30934	0.05349	0.20397	0.01013	0.11857	0.01472	0.04108	0.06054	0.03330	0.05013	0.02960	0.00548	0.00488	0.00153	0.00597	0.02215	0.00276	0.00667
3	0.03202	0.00819	0.02385	0.03588	0.05247	0.03202	0.03096	0.07205	0.02958	0.11182	0.02879	0.13295	0.01369	0.07385	0.19422	0.00319	0.08037	0.00599	0.00343	0.03468
4	0.03442	0.00701	0.00994	0.18124	0.01478	0.00745	0.04684	0.04455	0.06420	0.04790	0.07713	0.10244	0.09827	0.03265	0.00622	0.01802	0.00440	0.19369	0.00382	0.00502
5	0.03307	0.01350	0.01202	0.06600	0.05239	0.29289	0.00840	0.08146	0.04930	0.17672	0.06327	0.01353	0.01074	0.00566	0.00500	0.00139	0.04509	0.00422	0.05914	0.00621
6	0.00686	0.00457	0.00514	0.00514	0.00514	0.00457	0.00286	0.00686	0.00686	0.00914	0.01486	0.03086	0.01714	0.83430	0.02400	0.00457	0.00457	0.00686	0.00286	0.00286
7	0.01169	0.00973	0.01110	0.00831	0.01256	0.00742	0.00643	0.01322	0.01099	0.01711	0.01030	0.01242	0.00880	0.00479	0.00434	0.00107	0.00417	0.00345	0.00344	0.83864
8	0.01387	0.47575	0.12136	0.00961	0.01368	0.14704	0.00937	0.04917	0.03570	0.07298	0.00843	0.00914	0.00681	0.00451	0.00367	0.00117	0.00574	0.00306	0.00257	0.00635
9	0.00890	0.00838	0.01414	0.82296	0.03247	0.01048	0.01309	0.01205	0.00943	0.01205	0.00838	0.01257	0.00629	0.00471	0.00471	0.00157	0.00629	0.00419	0.00210	0.00524
10	0.01360	0.05378	0.05739	0.01356	0.13269	0.06771	0.04296	0.21669	0.31251	0.02019	0.01320	0.01336	0.00998	0.00545	0.00465	0.00146	0.00513	0.00450	0.00385	0.00733

[dist]
# distance from previous block
# <min> <max>
0	1

[block]
# block no. 2 follows, 54 sequences, length 62
# corresponding to MSA columns:
# 471-483,494,495,497-543
name=unknown_C
#
# <colnr> <probs for GDERKNQSTAVLIFYWHMCP>
#	G	D	E	R	K	N	Q	S	T	A	V	L	I	F	Y	W	H	M	C	P
0	0.01248	0.01044	0.01102	0.00965	0.01245	0.01194	0.00758	0.13846	0.65876	0.02102	0.01882	0.01744	0.03570	0.00644	0.00481	0.00157	0.00391	0.00530	0.00477	0.00745
1	0.01293	0.07173	0.20198	0.01049	0.02697	0.02915	0.04488	0.10934	0.08817	0.13566	0.01179	0.02989	0.00887	0.00502	0.00433	0.00130	0.00503	0.00407	0.02443	0.17395
2	0.00701	0.00560	0.00591	0.00571	0.00734	0.00533	0.00432	0.01038	0.13863	0.01507	0.13431	0.05632	0.48922	0.01024	0.00525	0.00154	0.00258	0.00860	0.08200	0.00464
3	0.86760	0.00912	0.00693	0.00620	0.00912	0.01058	0.00511	0.01386	0.00802	0.02115	0.00657	0.00766	0.00511	0.00438	0.00292	0.00146	0.00365	0.00255	0.00292	0.00511
4	0.09647	0.01222	0.07135	0.04335	0.25517	0.04714	0.15473	0.07298	0.06338	0.05162	0.01048	0.04315	0.00851	0.00516	0.00519	0.00151	0.04334	0.00464	0.00294	0.00666
5	0.00642	0.00498	0.00592	0.00616	0.00729	0.00465	0.00455	0.00861	0.06152	0.01455	0.21780	0.27053	0.29184	0.01194	0.00572	0.00170	0.00267	0.06425	0.00460	0.00430
6	0.00560	0.00466	0.00490	0.00508	0.00645	0.00395	0.00372	0.00673	0.01045	0.01262	0.04404	0.17981	0.67095	0.01243	0.00565	0.00165	0.00245	0.01054	0.00438	0.00395
7	0.01572	0.33194	0.01772	0.01053	0.01364	0.47357	0.00871	0.05428	0.01235	0.01225	0.00720	0.00828	0.00616	0.00458	0.00381	0.00115	0.00703	0.00290	0.00238	0.00581
8	0.05647	0.17785	0.06383	0.03943	0.10715	0.10944	0.08109	0.21406	0.01367	0.06517	0.00929	0.01045	0.00712	0.00481	0.00449	0.00135	0.02068	0.00377	0.00310	0.00676
9	0.00676	0.00494	0.00702	0.00701	0.00768	0.00557	0.00520	0.00810	0.00761	0.01082	0.03863	0.02168	0.01398	0.20385	0.62166	0.00674	0.01059	0.00555	0.00268	0.00393
10	0.00574	0.00412	0.00545	0.00652	0.00683	0.00383	0.00436	0.00657	0.00907	0.01205	0.02651	0.81231	0.04975	0.01470	0.00601	0.00191	0.00273	0.01332	0.00438	0.00383
11	0.03379	0.01059	0.01397	0.10626	0.18244	0.01161	0.04077	0.18370	0.26755	0.04603	0.01346	0.03081	0.01034	0.00558	0.00472	0.00150	0.00485	0.00480	0.02010	0.00711
12	0.01355	0.01457	0.01571	0.07524	0.30554	0.28673	0.05000	0.07507	0.02609	0.01469	0.00961	0.04806	0.00834	0.01828	0.01696	0.00153	0.00666	0.00436	0.00268	0.00633
13	0.03944	0.01398	0.15516	0.02217	0.49886	0.04248	0.01359	0.11004	0.01208	0.01719	0.02524	0.01156	0.00791	0.00457	0.00459	0.00141	0.00577	0.00407	0.00265	0.00723
14	0.01000	0.04874	0.04449	0.01222	0.12906	0.08043	0.10338	0.01313	0.08093	0.04518	0.06295	0.07536	0.23417	0.00788	0.00511	0.00153	0.00466	0.03154	0.00359	0.00563
15	0.01192	0.26763	0.36075	0.01207	0.03971	0.14355	0.03083	0.01556	0.03543	0.01332	0.00803	0.00937	0.00636	0.00453	0.00427	0.00132	0.02349	0.00326	0.00218	0.00643
16	0.00611	0.00443	0.00570	0.00640	0.00680	0.00426	0.00435	0.00699	0.00915	0.01220	0.07928	0.57246	0.07571	0.13000	0.00872	0.00225	0.02005	0.03719	0.00417	0.00379
17	0.01277	0.03715	0.01145	0.00862	0.01221	0.08471	0.00690	0.17537	0.11347	0.04129	0.01096	0.02571	0.00870	0.00477	0.00405	0.00107	0.00437	0.00371	0.02128	0.41145
18	0.01156	0.52569	0.01886	0.00780	0.01149	0.02726	0.00717	0.04114	0.01013	0.01284	0.00968	0.07009	0.02945	0.00499	0.00350	0.00104	0.00452	0.00366	0.00253	0.19660
19	0.00984	0.02058	0.58749	0.07152	0.08304	0.01106	0.08825	0.01511	0.04143	0.01498	0.00902	0.01083	0.00656	0.00450	0.00462	0.00150	0.00678	0.00386	0.00217	0.00685
20	0.06943	0.00826	0.00998	0.00825	0.01120	0.00819	0.00662	0.04659	0.20530	0.41355	0.12623	0.03529	0.01674	0.00659	0.00478	0.00150	0.00369	0.00543	0.00524	0.00712
21	0.00983	0.00571	0.00678	0.00608	0.00809	0.00498	0.00474	0.01164	0.02689	0.21218	0.19016	0.03567	0.42422	0.00988	0.00537	0.00155	0.00282	0.02335	0.00491	0.00515
22	0.01020	0.01015	0.01422	0.01222	0.01225	0.01417	0.01017	0.01125	0.00723	0.01133	0.00640	0.01058	0.00637	0.00913	0.04134	0.00224	0.79938	0.00416	0.00208	0.00513
23	0.00579	0.00413	0.00552	0.00661	0.00690	0.00386	0.00445	0.00664	0.00907	0.01208	0.02597	0.81423	0.03110	0.01473	0.00603	0.00192	0.00277	0.02999	0.00438	0.00384
24	0.00611	0.00444	0.00581	0.00680	0.00724	0.00425	0.00470	0.00752	0.04056	0.01250	0.02603	0.73245	0.04383	0.01427	0.00600	0.00191	0.00288	0.06429	0.00439	0.00401
25	0.00686	0.00457	0.00514	0.00514	0.00514	0.00457	0.00286	0.00686	0.00686	0.00914	0.01486	0.03086	0.01714	0.83430	0.02400	0.00457	0.00457	0.00686	0.00286	0.00286
26	0.01690	0.01224	0.01321	0.01038	0.01391	0.01352	0.00849	0.60568	0.14941	0.07032	0.01310	0.01274	0.00935	0.00579	0.00470	0.00144	0.00482	0.00445	0.02169	0.00786
27	0.04000	0.00773	0.01028	0.00810	0.01139	0.00684	0.00661	0.03662	0.01327	0.67692	0.06390	0.05562	0.02755	0.00654	0.00482	0.00148	0.00384	0.00539	0.00561	0.00748
28	0.01761	0.02247	0.01336	0.01215	0.01458	0.81537	0.00911	0.01883	0.01336	0.01154	0.00729	0.00850	0.00607	0.00486	0.00425	0.00121	0.00850	0.00304	0.00243	0.00547
29	0.00877	0.00824	0.01377	0.79035	0.03143	0.01022	0.01272	0.01184	0.00948	0.01207	0.00995	0.01388	0.03804	0.00500	0.00475	0.00157	0.00613	0.00442	0.00219	0.00519
30	0.00819	0.00410	0.00614	0.00614	0.00614	0.00410	0.00410	0.00614	0.00614	0.00819	0.00819	0.01433	0.00819	0.01638	0.01843	0.86282	0.00410	0.00410	0.00205	0.00205
31	0.00946	0.02439	0.80987	0.01344	0.02041	0.01095	0.01742	0.01493	0.00995	0.01493	0.00846	0.00995	0.00597	0.00448	0.00448	0.00149	0.00697	0.00348	0.00199	0.00697
32	0.00953	0.00684	0.00984	0.12052	0.15717	0.00730	0.00755	0.01145	0.00967	0.06452	0.02967	0.11695	0.03080	0.08718	0.01925	0.00186	0.06210	0.00588	0.23680	0.00513
33	0.01140	0.02975	0.12653	0.04380	0.29313	0.02293	0.06055	0.06230	0.01151	0.07445	0.04696	0.03922	0.02596	0.00651	0.02146	0.00162	0.00545	0.06406	0.04590	0.00651
34	0.02877	0.10448	0.12088	0.02549	0.12107	0.14947	0.05779	0.07290	0.02784	0.07743	0.00928	0.01056	0.00720	0.00462	0.00456	0.00127	0.02994	0.00362	0.00285	0.13998
35	0.02311	0.16577	0.27232	0.03634	0.16088	0.06167	0.03851	0.03885	0.04407	0.02841	0.00973	0.01178	0.02004	0.00541	0.01799	0.00151	0.03815	0.01640	0.00247	0.00657
36	0.00636	0.00495	0.00592	0.00643	0.00769	0.00451	0.00517	0.00790	0.01066	0.01329	0.05070	0.12942	0.42160	0.01259	0.00597	0.00184	0.00315	0.29337	0.00438	0.00411
37	0.00868	0.01128	0.18105	0.09136	0.17284	0.00854	0.06859	0.01179	0.03225	0.01394	0.03068	0.16120	0.13563	0.00840	0.02692	0.00175	0.01956	0.00678	0.00303	0.00571
38	0.01195	0.08711	0.09668	0.08309	0.44555	0.06692	0.06262	0.04575	0.02835	0.01510	0.00884	0.01117	0.00716	0.00439	0.00454	0.00139	0.00603	0.00401	0.00241	0.00694
39	0.01063	0.00899	0.04836	0.01055	0.06352	0.00872	0.05741	0.11362	0.20293	0.06057	0.01913	0.27003	0.03851	0.00924	0.01939	0.00175	0.00426	0.02175	0.02457	0.00606
40	0.00576	0.00416	0.00545	0.00643	0.00681	0.00385	0.00433	0.00663	0.00924	0.01225	0.04587	0.76148	0.08139	0.01447	0.00598	0.00188	0.00270	0.01306	0.00440	0.00385
41	0.01081	0.04034	0.23618	0.05099	0.08020	0.09254	0.05838	0.03251	0.01057	0.06384	0.01276	0.14802	0.01188	0.00832	0.04711	0.00187	0.03931	0.03108	0.01735	0.00593
42	0.02813	0.06702	0.09910	0.02482	0.04720	0.14957	0.05980	0.25270	0.05402	0.13498	0.01103	0.01151	0.00801	0.00522	0.00480	0.00141	0.02597	0.00403	0.00366	0.00703
43	0.86760	0.00912	0.00693	0.00620	0.00912	0.01058	0.00511	0.01386	0.00802	0.02115	0.00657	0.00766	0.00511	0.00438	0.00292	0.00146	0.00365	0.00255	0.00292	0.00511
44	0.00935	0.00783	0.00851	0.00781	0.00989	0.00850	0.00601	0.01770	0.45755	0.01830	0.22716	0.02697	0.15854	0.00820	0.00513	0.00157	0.00311	0.00696	0.00483	0.00608
45	0.01271	0.01121	0.01142	0.01004	0.01267	0.05882	0.00789	0.11225	0.61904	0.01995	0.01689	0.01595	0.01273	0.00632	0.00533	0.00158	0.04839	0.00501	0.00450	0.00729
46	0.00603	0.00425	0.00553	0.00629	0.00677	0.00395	0.00430	0.00702	0.00966	0.01308	0.13238	0.62501	0.07853	0.01365	0.00621	0.02713	0.00267	0.01197	0.03169	0.00389
47	0.00628	0.00535	0.02833	0.00565	0.00713	0.00443	0.00444	0.00815	0.01213	0.01614	0.45481	0.03888	0.37023	0.01049	0.00554	0.00153	0.00243	0.00900	0.00475	0.00432
48	0.00649	0.00489	0.00601	0.00578	0.00701	0.00446	0.00434	0.00862	0.02663	0.01715	0.57003	0.06167	0.22625	0.01035	0.00558	0.00154	0.00234	0.02154	0.00495	0.00437
49	0.01261	0.83713	0.02471	0.00807	0.01210	0.01866	0.00807	0.01412	0.00958	0.01109	0.00656	0.00756	0.00605	0.00403	0.00303	0.00101	0.00504	0.00252	0.00202	0.00605
50	0.00890	0.00838	0.01414	0.82296	0.03247	0.01048	0.01309	0.01205	0.00943	0.01205	0.00838	0.01257	0.00629	0.00471	0.00471	0.00157	0.00629	0.00419	0.00210	0.00524
51	0.00674	0.00505	0.00758	0.00758	0.00842	0.00589	0.00589	0.00842	0.00758	0.01095	0.01263	0.01852	0.01179	0.03536	0.81561	0.00758	0.01263	0.00505	0.00253	0.00421
52	0.01775	0.00930	0.01109	0.00873	0.01198	0.00929	0.00713	0.28362	0.03686	0.39721	0.03460	0.03426	0.01178	0.00605	0.00463	0.00142	0.00414	0.00484	0.09790	0.00743
53	0.07783	0.00618	0.00811	0.00736	0.00899	0.00648	0.00569	0.02657	0.00924	0.20893	0.01394	0.01879	0.01197	0.14560	0.41726	0.00502	0.00844	0.00504	0.00347	0.00509
54	0.01792	0.01321	0.01415	0.01085	0.01462	0.01462	0.00896	0.78916	0.02217	0.02972	0.01132	0.01132	0.00802	0.00566	0.00472	0.00142	0.00519	0.00425	0.00472	0.00802
55	0.83372	0.00965	0.00719	0.00644	0.00934	0.04265	0.00527	0.01406	0.00824	0.02077	0.00659	0.00769	0.00514	0.00440	0.00297	0.00145	0.00384	0.00257	0.00290	0.00512
56	0.01144	0.00602	0.00781	0.00677	0.00878	0.00545	0.00528	0.01379	0.03954	0.27526	0.43527	0.04843	0.09951	0.00862	0.00528	0.00150	0.00288	0.00743	0.00530	0.00566
57	0.01904	0.00756	0.01023	0.00800	0.01130	0.00656	0.00655	0.02089	0.01340	0.69443	0.10916	0.01911	0.03870	0.00645	0.00486	0.00147	0.00376	0.00533	0.00572	0.00750
58	0.00677	0.00492	0.00689	0.00689	0.00749	0.00552	0.00503	0.00798	0.00737	0.01043	0.01326	0.02202	0.01331	0.26211	0.59094	0.00672	0.01034	0.00556	0.00262	0.00383
59	0.01604	0.01211	0.01277	0.01032	0.01367	0.03456	0.00834	0.46665	0.28048	0.07290	0.01429	0.01363	0.01032	0.00590	0.00473	0.00147	0.00472	0.00461	0.00475	0.00776
60	0.04624	0.00862	0.01082	0.00848	0.01182	0.00818	0.00695	0.15001	0.03317	0.54422	0.10530	0.01718	0.01461	0.00620	0.00477	0.00146	0.00399	0.00503	0.00546	0.00751
61	0.01944	0.00791	0.01053	0.00823	0.01163	0.00701	0.00674	0.03434	0.04414	0.69564	0.06457	0.01800	0.03688	0.00625	0.00482	0.00147	0.00387	0.00513	0.00570	0.00768

[dist]
# distance from previous block
# <min> <max>
0	3

[block]
# block no. 3 follows, 54 sequences, length 27
# corresponding to MSA columns:
# 547-573
name=unknown_D
#
# <colnr> <probs for GDERKNQSTAVLIFYWHMCP>
#	G	D	E	R	K	N	Q	S	T	A	V	L	I	F	Y	W	H	M	C	P
0	0.01200	0.03922	0.07014	0.01756	0.30016	0.03333	0.05745	0.06721	0.27100	0.01734	0.01224	0.01324	0.00954	0.00512	0.00494	0.00146	0.02712	0.00448	0.00328	0.03317
1	0.60822	0.04262	0.00948	0.00804	0.03095	0.08304	0.02717	0.03845	0.03520	0.04547	0.00796	0.00895	0.00614	0.00457	0.00334	0.00142	0.00433	0.00298	0.02616	0.00551
2	0.00847	0.00686	0.01083	0.17333	0.14317	0.00716	0.02990	0.01060	0.01009	0.03475	0.01856	0.24599	0.01970	0.01032	0.01803	0.00191	0.00471	0.23705	0.00354	0.00504
3	0.01391	0.40964	0.04246	0.00903	0.01273	0.07546	0.00821	0.22448	0.03450	0.01717	0.00899	0.00979	0.00727	0.00469	0.00371	0.00116	0.00510	0.00327	0.06221	0.04622
4	0.00626	0.00465	0.00599	0.02008	0.02532	0.00444	0.00460	0.00725	0.00922	0.01213	0.06311	0.44056	0.14557	0.14952	0.03892	0.00249	0.00353	0.04849	0.00401	0.00387
5	0.01395	0.14000	0.21804	0.01362	0.12385	0.10555	0.02923	0.17268	0.02628	0.08480	0.00974	0.01072	0.00731	0.00498	0.00458	0.01499	0.00598	0.00374	0.00303	0.00694
6	0.00821	0.00436	0.00674	0.00651	0.00668	0.00432	0.02559	0.00650	0.00656	0.00880	0.03907	0.01510	0.00957	0.01578	0.01758	0.80576	0.00413	0.00431	0.00218	0.00226
7	0.00862	0.00442	0.00452	0.00452	0.00555	0.00445	0.00334	0.01067	0.00965	0.01690	0.01528	0.01839	0.01238	0.05562	0.02628	0.00148	0.00262	0.00456	0.78646	0.00430
8	0.01073	0.00995	0.01684	0.05907	0.45279	0.01010	0.10685	0.03459	0.05122	0.01520	0.01145	0.05809	0.01022	0.02063	0.04282	0.01852	0.00580	0.03273	0.02587	0.00652
9	0.05095	0.01304	0.15855	0.02666	0.01546	0.06515	0.11293	0.11805	0.05270	0.19326	0.03522	0.06656	0.01169	0.00623	0.00501	0.00154	0.01608	0.04046	0.00382	0.00666
10	0.01176	0.00835	0.00990	0.00724	0.01121	0.00661	0.00582	0.04191	0.01080	0.13609	0.01031	0.01109	0.00793	0.00400	0.00372	0.00086	0.00358	0.00320	0.03663	0.66898
11	0.03928	0.47199	0.35069	0.01024	0.01546	0.01519	0.01186	0.01445	0.00969	0.01302	0.00735	0.00856	0.00599	0.00423	0.00363	0.00122	0.00580	0.00292	0.00204	0.00640
12	0.01145	0.00987	0.01310	0.21673	0.16471	0.05571	0.02468	0.09909	0.12800	0.05427	0.05267	0.06707	0.04900	0.00643	0.00492	0.00154	0.00506	0.02597	0.00348	0.00624
13	0.86760	0.00912	0.00693	0.00620	0.00912	0.01058	0.00511	0.01386	0.00802	0.02115	0.00657	0.00766	0.00511	0.00438	0.00292	0.00146	0.00365	0.00255	0.00292	0.00511
14	0.00574	0.00410	0.00547	0.00657	0.00684	0.00383	0.00438	0.00657	0.00903	0.01204	0.02599	0.83122	0.03119	0.01477	0.00602	0.00191	0.00274	0.01340	0.00438	0.00383
15	0.00898	0.00731	0.00869	0.00685	0.01008	0.00568	0.00528	0.01076	0.00972	0.03080	0.01378	0.19085	0.03949	0.00630	0.00414	0.00101	0.00330	0.00540	0.00326	0.62831
16	0.01243	0.01108	0.05588	0.15143	0.43108	0.01073	0.05246	0.07779	0.01168	0.09430	0.01019	0.01240	0.00781	0.00461	0.00467	0.00144	0.00559	0.00430	0.03311	0.00702
17	0.00978	0.00838	0.00978	0.00698	0.01117	0.00629	0.00559	0.01187	0.00978	0.01536	0.00838	0.00978	0.00698	0.00349	0.00349	0.00070	0.00349	0.00279	0.00279	0.86312
18	0.01261	0.83713	0.02471	0.00807	0.01210	0.01866	0.00807	0.01412	0.00958	0.01109	0.00656	0.00756	0.00605	0.00403	0.00303	0.00101	0.00504	0.00252	0.00202	0.00605
19	0.03818	0.00607	0.00814	0.04302	0.07263	0.00578	0.00613	0.01172	0.01058	0.18049	0.05128	0.28147	0.11756	0.03220	0.00577	0.00173	0.00348	0.06152	0.05708	0.00519
20	0.00679	0.00498	0.00639	0.00601	0.00718	0.00465	0.00451	0.00931	0.03654	0.01874	0.75610	0.03501	0.06672	0.00961	0.00554	0.00149	0.00227	0.00848	0.00515	0.00452
21	0.03108	0.00517	0.00613	0.00602	0.00688	0.00503	0.00414	0.00919	0.03129	0.07336	0.11614	0.12763	0.10859	0.37029	0.03809	0.00311	0.00397	0.04605	0.00384	0.00399
22	0.00650	0.00450	0.00575	0.00613	0.00644	0.00459	0.00404	0.00720	0.00785	0.01077	0.01828	0.30724	0.02077	0.35546	0.18506	0.00418	0.00557	0.00869	0.02742	0.00353
23	0.00587	0.00419	0.00548	0.00646	0.00677	0.00393	0.00432	0.00667	0.00895	0.01188	0.02568	0.73177	0.04994	0.07718	0.00739	0.00212	0.00290	0.03049	0.00426	0.00377
24	0.01181	0.10362	0.10385	0.05339	0.30322	0.05134	0.03711	0.02882	0.14649	0.03684	0.02460	0.01369	0.00952	0.00517	0.00486	0.00145	0.02741	0.02706	0.00292	0.00684
25	0.00777	0.00544	0.00680	0.00692	0.00814	0.00527	0.00525	0.01061	0.09393	0.06073	0.24807	0.27050	0.11801	0.01135	0.00571	0.00173	0.00296	0.12136	0.00473	0.00472
26	0.03089	0.14248	0.08168	0.01055	0.04183	0.11165	0.00896	0.25103	0.06796	0.07768	0.01034	0.01078	0.00779	0.00490	0.00418	0.00125	0.00529	0.00364	0.00349	0.12361

[dist]
# distance from previous block
# <min> <max>
3	5

[block]
# block no. 4 follows, 54 sequences, length 27
# corresponding to MSA columns:
# 579-605
name=unknown_E
#
# <colnr> <probs for GDERKNQSTAVLIFYWHMCP>
#	G	D	E	R	K	N	Q	S	T	A	V	L	I	F	Y	W	H	M	C	P
0	0.01313	0.01092	0.06818	0.05348	0.08427	0.03480	0.14519	0.12514	0.04092	0.16420	0.06673	0.05927	0.02443	0.00631	0.00534	0.00154	0.03145	0.03157	0.02658	0.00654
1	0.03879	0.02689	0.06726	0.05866	0.19782	0.09924	0.16510	0.08876	0.07127	0.02954	0.01136	0.08656	0.00979	0.00565	0.00506	0.00151	0.02213	0.00516	0.00299	0.00647
2	0.00871	0.00812	0.01362	0.77382	0.03093	0.01008	0.01257	0.01172	0.00940	0.01205	0.00944	0.06185	0.00778	0.00532	0.00479	0.00159	0.00607	0.00474	0.00223	0.00515
3	0.29608	0.01207	0.02738	0.01071	0.08927	0.11328	0.00791	0.19663	0.01292	0.08018	0.00996	0.01071	0.02370	0.00499	0.00415	0.00137	0.01821	0.00356	0.00343	0.07352
4	0.39012	0.11618	0.04646	0.00998	0.04934	0.19674	0.03755	0.02951	0.05747	0.01699	0.00788	0.00898	0.00628	0.00457	0.00363	0.00136	0.00537	0.00309	0.00275	0.00574
5	0.00731	0.00447	0.00584	0.00584	0.00596	0.00459	0.00373	0.00683	0.00671	0.00906	0.01220	0.02329	0.01323	0.43283	0.13493	0.30671	0.00555	0.00563	0.00253	0.00277
6	0.78556	0.05892	0.00815	0.00639	0.00940	0.01093	0.00535	0.01420	0.00832	0.04898	0.00700	0.00796	0.00540	0.00441	0.00299	0.00143	0.00374	0.00263	0.00297	0.00527
7	0.07692	0.10356	0.26085	0.02490	0.10024	0.15014	0.02287	0.08806	0.03777	0.06255	0.02408	0.01075	0.00764	0.00481	0.00428	0.00138	0.00611	0.00365	0.00281	0.00662
8	0.00946	0.02439	0.80987	0.01344	0.02041	0.01095	0.01742	0.01493	0.00995	0.01493	0.00846	0.00995	0.00597	0.00448	0.00448	0.00149	0.00697	0.00348	0.00199	0.00697
9	0.00876	0.00822	0.01367	0.74402	0.05415	0.01006	0.01250	0.01177	0.00956	0.01220	0.01104	0.01474	0.05974	0.00518	0.00477	0.00157	0.00600	0.00458	0.00226	0.00522
10	0.00691	0.02421	0.00726	0.00687	0.00754	0.00580	0.00505	0.00809	0.00741	0.01042	0.01315	0.02191	0.01323	0.27040	0.56316	0.00654	0.01008	0.00553	0.00261	0.00385
11	0.00974	0.09861	0.73816	0.01295	0.01965	0.01165	0.01657	0.01486	0.00992	0.01458	0.00829	0.00974	0.00598	0.00444	0.00435	0.00145	0.00679	0.00340	0.00199	0.00688
12	0.01170	0.02403	0.03552	0.12442	0.13647	0.19172	0.02896	0.03175	0.12022	0.01519	0.12928	0.01595	0.02567	0.00597	0.00536	0.00146	0.05573	0.00482	0.02986	0.00592
13	0.01148	0.07878	0.05167	0.08040	0.07196	0.04850	0.03308	0.11836	0.09242	0.05680	0.06494	0.10861	0.02746	0.00695	0.00478	0.00147	0.00469	0.05176	0.02178	0.06412
14	0.03108	0.13959	0.43728	0.01260	0.06060	0.04642	0.03676	0.01566	0.03552	0.08723	0.01022	0.03672	0.00800	0.00504	0.00438	0.00143	0.00608	0.01606	0.00262	0.00671
15	0.00687	0.00489	0.00561	0.00573	0.00617	0.00485	0.00365	0.00806	0.05489	0.01107	0.04550	0.14978	0.10434	0.52102	0.01703	0.00350	0.00394	0.03610	0.00349	0.00350
16	0.01093	0.01238	0.02673	0.01924	0.02373	0.01174	0.74086	0.01472	0.01095	0.01490	0.00997	0.03880	0.00789	0.00444	0.00586	0.00161	0.03078	0.00577	0.00244	0.00624
17	0.02799	0.01287	0.12088	0.20671	0.21347	0.06373	0.12624	0.04811	0.02554	0.02537	0.02143	0.02584	0.02151	0.00502	0.00516	0.00151	0.03521	0.00453	0.00255	0.00633
18	0.01157	0.01047	0.01709	0.22334	0.49293	0.02593	0.02787	0.02711	0.01068	0.05720	0.00948	0.02458	0.00770	0.00473	0.00502	0.00147	0.02915	0.00437	0.00253	0.00677
19	0.00664	0.00482	0.00625	0.00590	0.00702	0.00443	0.00442	0.00883	0.01326	0.01871	0.77845	0.03554	0.06855	0.00971	0.00556	0.00149	0.00223	0.00857	0.00516	0.00443
20	0.06051	0.04685	0.01195	0.06795	0.05706	0.02711	0.00791	0.16701	0.02519	0.31572	0.01498	0.02791	0.02879	0.02100	0.01912	0.04006	0.00473	0.04509	0.00433	0.00672
21	0.02482	0.08052	0.20323	0.02825	0.09598	0.08560	0.07362	0.12038	0.02394	0.07855	0.02384	0.02213	0.02070	0.00700	0.05361	0.00180	0.02602	0.00426	0.01920	0.00655
22	0.01341	0.01452	0.01092	0.02900	0.04182	0.41140	0.00772	0.04917	0.03319	0.03210	0.13352	0.06288	0.03560	0.02107	0.00505	0.00144	0.00596	0.03991	0.04601	0.00532
23	0.00678	0.00475	0.00612	0.00615	0.00649	0.00508	0.00410	0.00747	0.00720	0.00994	0.01428	0.04775	0.01540	0.49485	0.33774	0.00569	0.00772	0.00632	0.00277	0.00342
24	0.03064	0.17634	0.14608	0.09668	0.09806	0.06117	0.03517	0.03523	0.02056	0.04977	0.01238	0.11712	0.02254	0.00651	0.00487	0.00149	0.02773	0.04886	0.00286	0.00595
25	0.01190	0.06995	0.05281	0.14750	0.31405	0.02352	0.09218	0.05826	0.01110	0.06959	0.01014	0.02662	0.00828	0.00520	0.00525	0.01565	0.03162	0.02196	0.01785	0.00656
26	0.00594	0.00488	0.03084	0.00656	0.00722	0.00414	0.00472	0.00698	0.00932	0.01232	0.04617	0.65337	0.11833	0.04155	0.00652	0.00195	0.00291	0.02805	0.00427	0.00394

[dist]
# distance from previous block
# <min> <max>
2	7

[block]
# block no. 5 follows, 54 sequences, length 25
# corresponding to MSA columns:
# 615-636,638-640
name=unknown_F
#
# <colnr> <probs for GDERKNQSTAVLIFYWHMCP>
#	G	D	E	R	K	N	Q	S	T	A	V	L	I	F	Y	W	H	M	C	P
0	0.05304	0.26448	0.14866	0.04135	0.05966	0.03864	0.05375	0.13572	0.02732	0.03561	0.00867	0.00993	0.00683	0.00461	0.00433	0.00128	0.02900	0.00347	0.00274	0.07090
1	0.01095	0.01041	0.02889	0.02707	0.03693	0.11474	0.00753	0.06936	0.30022	0.01582	0.01572	0.05212	0.03708	0.04941	0.19904	0.00310	0.00672	0.00534	0.00362	0.00594
2	0.00806	0.00414	0.00605	0.00605	0.00605	0.00414	0.00397	0.00621	0.00621	0.00828	0.00884	0.01594	0.00906	0.09595	0.01897	0.77932	0.00414	0.00436	0.00213	0.00213
3	0.01028	0.06908	0.04169	0.08000	0.18161	0.01053	0.10578	0.03615	0.03852	0.03381	0.05635	0.03044	0.08557	0.03056	0.03135	0.00183	0.11822	0.01711	0.01525	0.00588
4	0.02398	0.03375	0.06020	0.02320	0.01077	0.00728	0.06956	0.06484	0.06207	0.03175	0.28531	0.03925	0.18823	0.04762	0.01850	0.00176	0.00386	0.01877	0.00417	0.00516
5	0.00596	0.00470	0.00530	0.00533	0.00656	0.00412	0.00389	0.00734	0.01110	0.01422	0.25399	0.13439	0.46620	0.04788	0.00643	0.00173	0.00248	0.00982	0.00454	0.00404
6	0.01325	0.57947	0.04051	0.00915	0.01277	0.15812	0.02113	0.04804	0.01080	0.01219	0.00803	0.05226	0.00751	0.00484	0.00355	0.00113	0.00563	0.00334	0.00234	0.00594
7	0.05835	0.00843	0.01090	0.00847	0.01204	0.00771	0.00697	0.05827	0.05568	0.69446	0.01776	0.01554	0.01135	0.00579	0.00466	0.00146	0.00404	0.00465	0.00560	0.00786
8	0.03476	0.31227	0.03981	0.06836	0.03216	0.16977	0.02253	0.11539	0.02778	0.05050	0.00911	0.01098	0.00755	0.04922	0.00497	0.00141	0.00573	0.00353	0.02808	0.00607
9	0.04858	0.05977	0.05009	0.11453	0.20765	0.01079	0.27497	0.01365	0.02764	0.01468	0.01103	0.09951	0.00980	0.00541	0.00490	0.00152	0.00597	0.00548	0.02790	0.00614
10	0.04419	0.27300	0.03992	0.00982	0.04037	0.04044	0.00824	0.19912	0.15050	0.04076	0.01155	0.05504	0.00955	0.00549	0.00411	0.00130	0.00475	0.00419	0.00348	0.05418
11	0.03366	0.00914	0.08668	0.01170	0.13252	0.00758	0.07786	0.01244	0.06625	0.04720	0.21070	0.03740	0.15224	0.02320	0.00545	0.00155	0.00413	0.03017	0.00380	0.04632
12	0.01190	0.26850	0.25649	0.00999	0.01419	0.04344	0.01040	0.09668	0.02958	0.06666	0.01149	0.11996	0.01029	0.00669	0.02266	0.00152	0.00554	0.00474	0.00295	0.00634
13	0.02328	0.15875	0.18185	0.01182	0.10631	0.01090	0.02809	0.01629	0.14596	0.11036	0.09749	0.03532	0.04199	0.00591	0.00453	0.00142	0.00476	0.00491	0.00348	0.00658
14	0.00662	0.00507	0.00594	0.00600	0.00720	0.00467	0.00442	0.04935	0.01156	0.01510	0.23646	0.26221	0.32610	0.01182	0.00567	0.00166	0.00264	0.02862	0.00461	0.00429
15	0.03723	0.01051	0.03738	0.07446	0.01456	0.01304	0.05469	0.04310	0.09402	0.01361	0.00884	0.02831	0.00793	0.02665	0.01180	0.00194	0.50926	0.00453	0.00257	0.00556
16	0.02654	0.11620	0.10802	0.01327	0.12108	0.05595	0.09527	0.11593	0.04341	0.13829	0.04018	0.08207	0.01128	0.00584	0.00466	0.00144	0.00535	0.00503	0.00349	0.00670
17	0.01049	0.08475	0.34046	0.01452	0.08792	0.02896	0.17287	0.04742	0.03684	0.01551	0.06055	0.03353	0.03460	0.00524	0.00475	0.00147	0.00620	0.00474	0.00266	0.00651
18	0.00586	0.00447	0.00540	0.00592	0.00679	0.00401	0.00421	0.00703	0.01023	0.01321	0.13092	0.42885	0.30611	0.01307	0.00582	0.00175	0.00260	0.03530	0.00448	0.00398
19	0.00783	0.00595	0.02425	0.08169	0.04931	0.00573	0.00637	0.03987	0.01016	0.04646	0.08269	0.45771	0.02463	0.03259	0.03625	0.01720	0.00389	0.04543	0.01741	0.00458
20	0.03189	0.11092	0.18237	0.05276	0.13578	0.01161	0.12882	0.10492	0.02993	0.02737	0.02761	0.08724	0.01006	0.00563	0.00486	0.00147	0.02011	0.00498	0.00287	0.01879
21	0.01023	0.04112	0.12421	0.05094	0.28733	0.00979	0.08399	0.03553	0.02832	0.03811	0.01603	0.10650	0.10517	0.00667	0.00521	0.00154	0.02424	0.01583	0.00299	0.00627
22	0.01073	0.00677	0.00820	0.00717	0.00915	0.00669	0.00555	0.06303	0.14092	0.16002	0.40709	0.02786	0.07665	0.04162	0.00598	0.00162	0.00308	0.00708	0.00507	0.00571
23	0.00738	0.02753	0.12106	0.00909	0.05842	0.02423	0.00718	0.00965	0.04316	0.01331	0.05226	0.48305	0.08474	0.01138	0.00552	0.00174	0.00373	0.02792	0.00386	0.00479
24	0.02977	0.14373	0.14481	0.04629	0.12743	0.11071	0.06557	0.12138	0.06204	0.03534	0.02054	0.01128	0.00796	0.00478	0.00432	0.00135	0.00584	0.00387	0.02744	0.02557

[dist]
# distance from previous block
# <min> <max>
0	3

[block]
# block no. 6 follows, 54 sequences, length 13
# corresponding to MSA columns:
# 644-649,652-658
name=unknown_G
#
# <colnr> <probs for GDERKNQSTAVLIFYWHMCP>
#	G	D	E	R	K	N	Q	S	T	A	V	L	I	F	Y	W	H	M	C	P
0	0.00887	0.00640	0.00786	0.00793	0.05128	0.00629	0.00561	0.02959	0.14376	0.08102	0.29667	0.12698	0.19004	0.00950	0.00536	0.00157	0.00297	0.00824	0.00475	0.00531
1	0.00646	0.00514	0.00619	0.00612	0.00743	0.00474	0.01998	0.00846	0.05517	0.01410	0.18465	0.17176	0.39398	0.01227	0.02639	0.03104	0.00298	0.03450	0.00439	0.00424
2	0.01251	0.12930	0.15766	0.05837	0.18160	0.08143	0.14985	0.04448	0.01115	0.07080	0.00911	0.01097	0.00704	0.00456	0.00488	0.00140	0.03414	0.00399	0.00257	0.02418
3	0.02464	0.03860	0.18253	0.02938	0.10233	0.11844	0.10959	0.07450	0.05079	0.05664	0.01252	0.07222	0.03344	0.00591	0.00503	0.00149	0.02870	0.01584	0.03106	0.00633
4	0.00964	0.00599	0.00752	0.00709	0.02696	0.00571	0.00529	0.07474	0.01310	0.11851	0.40343	0.08645	0.08952	0.00895	0.00521	0.00150	0.00289	0.03361	0.08871	0.00518
5	0.12409	0.02796	0.11864	0.03186	0.22570	0.10220	0.13318	0.04287	0.05963	0.05916	0.00963	0.01132	0.00740	0.00481	0.00475	0.01740	0.00598	0.00405	0.00279	0.00658
6	0.07697	0.23337	0.01537	0.00980	0.01240	0.19096	0.05170	0.04544	0.09436	0.01375	0.01005	0.04434	0.00906	0.05927	0.05459	0.00193	0.06406	0.00415	0.00278	0.00563
7	0.01142	0.03800	0.04554	0.07757	0.29940	0.05142	0.06280	0.07898	0.03826	0.02776	0.05557	0.07352	0.01142	0.00585	0.00542	0.00148	0.05659	0.00509	0.02807	0.02586
8	0.01149	0.08603	0.04041	0.02404	0.04845	0.04495	0.00734	0.08130	0.04662	0.03313	0.00915	0.01028	0.00736	0.00406	0.00379	0.00095	0.00430	0.00318	0.00297	0.53022
9	0.00582	0.00444	0.00535	0.00585	0.00670	0.00397	0.00411	0.00697	0.01025	0.01327	0.14522	0.44303	0.30193	0.01305	0.00580	0.00174	0.00254	0.01150	0.00449	0.00397
10	0.14513	0.09968	0.18276	0.01311	0.13914	0.09793	0.04451	0.06364	0.01096	0.03051	0.01120	0.03536	0.05236	0.00532	0.00447	0.00141	0.02367	0.00416	0.02848	0.00618
11	0.01102	0.02423	0.06113	0.03930	0.25217	0.02526	0.05143	0.10458	0.07997	0.03358	0.06645	0.09209	0.03183	0.02208	0.02891	0.00174	0.00510	0.03096	0.03184	0.00633
12	0.00657	0.00476	0.00603	0.00674	0.00735	0.00456	0.00470	0.05106	0.01001	0.01327	0.04607	0.65538	0.07661	0.03796	0.00646	0.00195	0.00297	0.04909	0.00437	0.00409

[dist]
# distance from previous block
# <min> <max>
0	30

# created by:
# /st0/software/busco_prod/Augustus/scripts/msa2prfl.pl ./align_prep/128350.fa
