[name]
unknown

[dist]
# distance from previous block
# <min> <max>
0	57

[block]
# block no. 0 follows, 62 sequences, length 9
# corresponding to MSA columns:
# 58-66
name=unknown_A
#
# <colnr> <probs for GDERKNQSTAVLIFYWHMCP>
#	G	D	E	R	K	N	Q	S	T	A	V	L	I	F	Y	W	H	M	C	P
0	0.00890	0.00529	0.00736	0.00779	0.00916	0.00512	0.00676	0.01081	0.01019	0.14894	0.02157	0.04239	0.02215	0.01067	0.00561	0.00185	0.00387	0.66294	0.00414	0.00447
1	0.01428	0.03426	0.01095	0.04766	0.03689	0.03344	0.00716	0.25487	0.12909	0.26223	0.06282	0.06325	0.01210	0.00581	0.00433	0.00133	0.00402	0.00475	0.00427	0.00649
2	0.00566	0.00469	0.00495	0.00490	0.00626	0.00425	0.00364	0.00772	0.08082	0.01238	0.10587	0.09170	0.60200	0.03924	0.00557	0.00154	0.00234	0.00861	0.00400	0.00386
3	0.00995	0.01028	0.04834	0.15805	0.07593	0.06351	0.08128	0.06650	0.07472	0.01325	0.04627	0.02763	0.00853	0.00568	0.00732	0.00149	0.26401	0.00417	0.00248	0.03061
4	0.00523	0.00403	0.00478	0.00521	0.00603	0.00358	0.00367	0.00627	0.00927	0.01191	0.13408	0.42175	0.34548	0.01172	0.00522	0.00156	0.00228	0.01029	0.00404	0.00358
5	0.01095	0.07718	0.15172	0.01477	0.17079	0.10335	0.14339	0.01366	0.02930	0.05259	0.00788	0.00990	0.00633	0.00475	0.00625	0.00139	0.18414	0.00369	0.00221	0.00578
6	0.02669	0.00805	0.00815	0.05703	0.03655	0.12954	0.01786	0.06731	0.05015	0.03110	0.06998	0.12404	0.14696	0.08158	0.02416	0.00176	0.00418	0.06513	0.04531	0.00448
7	0.12871	0.02868	0.05255	0.02734	0.13303	0.21260	0.03229	0.18908	0.02965	0.03410	0.00936	0.03423	0.02365	0.00473	0.00392	0.00123	0.00522	0.00365	0.00287	0.04311
8	0.10941	0.07558	0.06642	0.05325	0.16705	0.03118	0.04146	0.08982	0.05361	0.06615	0.03979	0.09580	0.01076	0.00610	0.01648	0.00145	0.03656	0.03055	0.00297	0.00562

[dist]
# distance from previous block
# <min> <max>
1	14

[block]
# block no. 1 follows, 62 sequences, length 18
# corresponding to MSA columns:
# 83-100
name=unknown_B
#
# <colnr> <probs for GDERKNQSTAVLIFYWHMCP>
#	G	D	E	R	K	N	Q	S	T	A	V	L	I	F	Y	W	H	M	C	P
0	0.02702	0.09730	0.07974	0.03577	0.23081	0.12857	0.02627	0.06809	0.02161	0.01323	0.02419	0.04226	0.04878	0.07664	0.01725	0.00154	0.00509	0.00421	0.00251	0.04913
1	0.01101	0.12910	0.21584	0.01150	0.03681	0.11367	0.14458	0.09958	0.02754	0.01410	0.00806	0.00957	0.00630	0.00470	0.02042	0.00132	0.03559	0.00343	0.02228	0.08459
2	0.01157	0.02655	0.04125	0.02533	0.02865	0.07352	0.11869	0.21001	0.04940	0.08538	0.09992	0.11141	0.02880	0.00610	0.00446	0.00131	0.00450	0.00533	0.00356	0.06428
3	0.01023	0.08598	0.09818	0.04066	0.24569	0.03578	0.09492	0.05004	0.08650	0.04306	0.12710	0.01425	0.02206	0.00493	0.00426	0.00129	0.00470	0.00443	0.02003	0.00590
4	0.00670	0.00463	0.00586	0.00595	0.00696	0.00436	0.00444	0.03082	0.02662	0.05299	0.30272	0.30818	0.12806	0.01048	0.00517	0.00154	0.00254	0.08363	0.00428	0.00407
5	0.00948	0.00981	0.01579	0.01272	0.01370	0.01251	0.19201	0.01102	0.00732	0.01102	0.00628	0.00981	0.00578	0.00656	0.01192	0.00176	0.65166	0.00402	0.00193	0.00490
6	0.00840	0.00615	0.00752	0.00697	0.00807	0.00673	0.00518	0.19840	0.01011	0.01378	0.01400	0.19604	0.01452	0.20086	0.25873	0.00369	0.02704	0.00634	0.00317	0.00430
7	0.00571	0.00435	0.00534	0.00576	0.00676	0.00398	0.00448	0.00709	0.00976	0.01254	0.15170	0.21024	0.32116	0.01126	0.00534	0.00162	0.00268	0.22245	0.00405	0.00372
8	0.00882	0.00756	0.00882	0.00630	0.01008	0.00567	0.00504	0.01071	0.00882	0.01387	0.00756	0.00882	0.00630	0.00315	0.00315	0.00063	0.00315	0.00252	0.00252	0.87647
9	0.01103	0.00497	0.00583	0.00514	0.00668	0.00467	0.00390	0.01263	0.00951	0.25754	0.01468	0.01713	0.01143	0.12366	0.00599	0.00153	0.00277	0.00437	0.49178	0.00475
10	0.01057	0.02041	0.06668	0.09116	0.46905	0.02819	0.03724	0.08321	0.05790	0.01469	0.02512	0.01123	0.00764	0.00491	0.02203	0.00143	0.03589	0.00391	0.00243	0.00630
11	0.00545	0.00456	0.00477	0.00468	0.00610	0.00400	0.00352	0.00721	0.05047	0.01260	0.15152	0.03840	0.67142	0.01023	0.00499	0.00142	0.00220	0.00859	0.00407	0.00381
12	0.01008	0.13480	0.07746	0.04393	0.08542	0.08413	0.02764	0.03366	0.00857	0.02778	0.00815	0.03718	0.00749	0.05097	0.05821	0.00190	0.26764	0.00388	0.02606	0.00505
13	0.30527	0.00945	0.07777	0.00854	0.04343	0.00912	0.01981	0.07315	0.08754	0.19913	0.01068	0.01178	0.00797	0.03262	0.00491	0.00146	0.05724	0.01664	0.01775	0.00576
14	0.01191	0.54739	0.06351	0.03730	0.01241	0.14018	0.00799	0.05359	0.03752	0.01155	0.00684	0.00779	0.00585	0.00393	0.00317	0.00101	0.00508	0.00262	0.00211	0.03825
15	0.49428	0.04402	0.11070	0.00795	0.05341	0.04024	0.01706	0.01286	0.02152	0.03502	0.00766	0.00885	0.00593	0.00420	0.00330	0.00127	0.02015	0.00285	0.10372	0.00501
16	0.01128	0.13942	0.13183	0.02452	0.05337	0.04485	0.04774	0.08472	0.06690	0.09299	0.03178	0.01063	0.00797	0.00422	0.00375	0.00109	0.00450	0.00340	0.01253	0.22251
17	0.04698	0.00736	0.00947	0.00753	0.01047	0.00689	0.00616	0.01932	0.09616	0.63137	0.01778	0.01591	0.06338	0.00571	0.00462	0.00136	0.03335	0.00455	0.00487	0.00677

[dist]
# distance from previous block
# <min> <max>
0	8

[block]
# block no. 2 follows, 62 sequences, length 13
# corresponding to MSA columns:
# 109-114,120-126
name=unknown_C
#
# <colnr> <probs for GDERKNQSTAVLIFYWHMCP>
#	G	D	E	R	K	N	Q	S	T	A	V	L	I	F	Y	W	H	M	C	P
0	0.04614	0.04968	0.04280	0.04072	0.16619	0.46848	0.03206	0.01490	0.01074	0.01182	0.00729	0.02352	0.00617	0.00427	0.00386	0.00114	0.00639	0.00317	0.00220	0.05845
1	0.00582	0.00432	0.00542	0.00519	0.00624	0.00392	0.00387	0.00761	0.01148	0.01585	0.65437	0.06394	0.17773	0.00924	0.00504	0.00137	0.00205	0.00809	0.00453	0.00392
2	0.01328	0.10100	0.14883	0.01173	0.10312	0.04620	0.02350	0.36473	0.08535	0.04648	0.00976	0.01025	0.00722	0.00464	0.00406	0.00126	0.00499	0.00363	0.00328	0.00667
3	0.01146	0.04455	0.09575	0.05122	0.31555	0.06995	0.08402	0.12290	0.10863	0.02848	0.00946	0.01105	0.00740	0.01561	0.00444	0.00133	0.00528	0.00387	0.00268	0.00636
4	0.00617	0.00443	0.00620	0.00620	0.00678	0.00498	0.00457	0.00733	0.00675	0.00968	0.01197	0.01942	0.01183	0.23182	0.60655	0.00598	0.00930	0.00494	0.03159	0.00351
5	0.00619	0.00413	0.00464	0.00464	0.00464	0.00413	0.00258	0.00619	0.00619	0.00825	0.01341	0.02785	0.01547	0.85046	0.02166	0.00413	0.00413	0.00619	0.00258	0.00258
6	0.01112	0.06003	0.21580	0.01324	0.17569	0.14983	0.02728	0.06810	0.12536	0.02611	0.02680	0.01200	0.03931	0.00473	0.00408	0.00127	0.00529	0.00383	0.02409	0.00603
7	0.01112	0.01022	0.02980	0.00812	0.02767	0.10804	0.00644	0.14362	0.07340	0.03224	0.01011	0.01077	0.03642	0.00418	0.00364	0.00093	0.00406	0.00325	0.00299	0.47298
8	0.02730	0.00610	0.00729	0.00701	0.00809	0.06888	0.00542	0.02888	0.00803	0.04240	0.04238	0.01687	0.02410	0.05320	0.61442	0.00545	0.00957	0.00457	0.01595	0.00409
9	0.00794	0.03844	0.00773	0.00697	0.03185	0.00693	0.00521	0.07130	0.22273	0.01526	0.16562	0.08695	0.28576	0.00840	0.00472	0.00141	0.00287	0.02093	0.00407	0.00492
10	0.02795	0.02870	0.10337	0.21284	0.23688	0.04095	0.05870	0.07192	0.02594	0.02815	0.07375	0.01227	0.00915	0.00463	0.00453	0.00133	0.03114	0.00404	0.01805	0.00572
11	0.01012	0.01389	0.27552	0.05838	0.19593	0.09025	0.01113	0.01428	0.10574	0.05061	0.04559	0.01256	0.03228	0.00558	0.03156	0.00148	0.00541	0.00393	0.00260	0.03317
12	0.02799	0.08839	0.07147	0.02787	0.16606	0.09113	0.12388	0.06942	0.07891	0.06864	0.06446	0.03264	0.05096	0.01422	0.00444	0.00132	0.00496	0.00450	0.00294	0.00580

[dist]
# distance from previous block
# <min> <max>
3	8

[block]
# block no. 3 follows, 62 sequences, length 32
# corresponding to MSA columns:
# 137-168
name=unknown_D
#
# <colnr> <probs for GDERKNQSTAVLIFYWHMCP>
#	G	D	E	R	K	N	Q	S	T	A	V	L	I	F	Y	W	H	M	C	P
0	0.00596	0.00446	0.00662	0.00713	0.03010	0.00436	0.04589	0.00693	0.00807	0.01099	0.04276	0.53970	0.02261	0.06162	0.11046	0.03924	0.00406	0.02614	0.01929	0.00363
1	0.01102	0.07804	0.06787	0.03030	0.13948	0.07597	0.02854	0.10849	0.22761	0.02784	0.02928	0.01371	0.05289	0.00574	0.01958	0.00141	0.03988	0.00424	0.03212	0.00600
2	0.08051	0.01152	0.00994	0.00840	0.01096	0.25014	0.00662	0.13954	0.05534	0.24161	0.06765	0.01308	0.02506	0.00523	0.00401	0.00124	0.00470	0.00394	0.05467	0.00586
3	0.01606	0.01057	0.01175	0.00917	0.01242	0.01139	0.00752	0.54038	0.12262	0.19424	0.01253	0.01186	0.00868	0.00523	0.00427	0.00131	0.00429	0.00405	0.00448	0.00717
4	0.00585	0.00402	0.00475	0.00502	0.00517	0.00391	0.00304	0.00617	0.00705	0.00938	0.04230	0.26270	0.04869	0.55524	0.01591	0.00326	0.00352	0.00802	0.00308	0.00291
5	0.00804	0.00756	0.01276	0.84023	0.02931	0.00945	0.01182	0.01087	0.00851	0.01087	0.00756	0.01134	0.00567	0.00425	0.00425	0.00142	0.00567	0.00378	0.00189	0.00473
6	0.88052	0.00823	0.00625	0.00560	0.00823	0.00955	0.00461	0.01251	0.00724	0.01909	0.00592	0.00691	0.00461	0.00395	0.00263	0.00132	0.00329	0.00230	0.00263	0.00461
7	0.00713	0.00590	0.00860	0.07667	0.04395	0.00717	0.00653	0.00849	0.00704	0.01020	0.01032	0.03030	0.00999	0.12719	0.42264	0.00455	0.17531	0.00462	0.02941	0.00401
8	0.00924	0.00786	0.00938	0.00690	0.01045	0.00642	0.02230	0.06252	0.02427	0.01460	0.00844	0.03766	0.00722	0.00376	0.00357	0.00076	0.01919	0.00305	0.00269	0.73972
9	0.00518	0.00370	0.00494	0.00592	0.00617	0.00346	0.00395	0.00592	0.00815	0.01086	0.02345	0.84768	0.02814	0.01333	0.00543	0.00173	0.00247	0.01210	0.00395	0.00346
10	0.00978	0.12649	0.05359	0.09151	0.12613	0.06769	0.17473	0.03030	0.04351	0.01271	0.03938	0.08483	0.02108	0.00585	0.01533	0.00144	0.06101	0.02680	0.00250	0.00535
11	0.88052	0.00823	0.00625	0.00560	0.00823	0.00955	0.00461	0.01251	0.00724	0.01909	0.00592	0.00691	0.00461	0.00395	0.00263	0.00132	0.00329	0.00230	0.00263	0.00461
12	0.00964	0.03903	0.13813	0.04711	0.38737	0.02957	0.02325	0.02498	0.04947	0.02857	0.10578	0.01482	0.05826	0.00500	0.00427	0.00129	0.00465	0.00446	0.01840	0.00596
13	0.00975	0.02183	0.11318	0.06919	0.35660	0.03218	0.03467	0.05815	0.06079	0.02733	0.03066	0.02697	0.12956	0.00535	0.00435	0.00133	0.00470	0.00474	0.00272	0.00593
14	0.00602	0.00455	0.00560	0.00606	0.03510	0.00418	0.00423	0.00746	0.02278	0.02547	0.21389	0.20518	0.30035	0.07380	0.00638	0.00171	0.00261	0.06681	0.00398	0.00383
15	0.01143	0.09362	0.10376	0.04305	0.15098	0.05190	0.07470	0.12402	0.16175	0.05605	0.02084	0.01261	0.03224	0.00479	0.00415	0.00128	0.00484	0.01266	0.00303	0.03231
16	0.00591	0.00433	0.00545	0.00568	0.00647	0.00406	0.00410	0.03167	0.01013	0.01369	0.31582	0.36871	0.12741	0.03622	0.00570	0.00162	0.00244	0.04263	0.00418	0.00379
17	0.00882	0.00756	0.00882	0.00630	0.01008	0.00567	0.00504	0.01071	0.00882	0.01387	0.00756	0.00882	0.00630	0.00315	0.00315	0.00063	0.00315	0.00252	0.00252	0.87647
18	0.01210	0.15603	0.23725	0.01272	0.15240	0.02514	0.04107	0.13337	0.04004	0.11853	0.00932	0.01008	0.00689	0.00428	0.00394	0.00123	0.00509	0.00347	0.00279	0.02425
19	0.54780	0.04663	0.04692	0.00766	0.02224	0.11109	0.02416	0.05700	0.05791	0.03404	0.00732	0.00813	0.00563	0.00418	0.00315	0.00128	0.00422	0.00275	0.00273	0.00514
20	0.00644	0.00501	0.00717	0.00702	0.00772	0.00591	0.00544	0.00804	0.02556	0.01005	0.01203	0.01813	0.02474	0.09420	0.65218	0.00590	0.07544	0.02279	0.00238	0.00384
21	0.00942	0.00898	0.04044	0.19870	0.26975	0.02740	0.04489	0.05726	0.08220	0.01453	0.09681	0.01542	0.04548	0.00514	0.00433	0.00133	0.00458	0.01475	0.05299	0.00560
22	0.68272	0.00828	0.00726	0.00618	0.00897	0.00921	0.00510	0.06156	0.00884	0.15659	0.00802	0.00839	0.00577	0.00424	0.00301	0.00131	0.00343	0.00273	0.00318	0.00521
23	0.00587	0.00426	0.00531	0.00539	0.00627	0.00394	0.00392	0.00721	0.00990	0.02557	0.33626	0.20856	0.20469	0.07576	0.04833	0.00196	0.00287	0.03616	0.00406	0.00373
24	0.00661	0.00503	0.00598	0.00586	0.00712	0.00487	0.00447	0.00963	0.12230	0.02843	0.35207	0.11915	0.22729	0.00950	0.00503	0.00147	0.00247	0.07413	0.00432	0.00427
25	0.00638	0.00411	0.00511	0.00539	0.00585	0.00390	0.00356	0.00713	0.00825	0.04889	0.11998	0.38437	0.04173	0.28689	0.01054	0.00241	0.00298	0.00883	0.04025	0.00344
26	0.00884	0.00946	0.07044	0.03111	0.05279	0.00905	0.25485	0.01313	0.15824	0.01357	0.06342	0.05354	0.02688	0.04785	0.05142	0.00192	0.08361	0.04172	0.00288	0.00529
27	0.07140	0.06066	0.68519	0.01130	0.01703	0.01038	0.01409	0.05778	0.00946	0.01445	0.00757	0.00880	0.00544	0.00408	0.00389	0.00132	0.00590	0.00308	0.00199	0.00618
28	0.03816	0.03009	0.01240	0.03286	0.07878	0.09634	0.05357	0.16998	0.23955	0.08911	0.01160	0.01211	0.00877	0.00632	0.04237	0.00160	0.06270	0.00404	0.00344	0.00621
29	0.02451	0.04704	0.14869	0.06017	0.40073	0.05063	0.02562	0.03028	0.00985	0.01367	0.03959	0.01396	0.06780	0.00481	0.00419	0.00129	0.00498	0.02268	0.02360	0.00591
30	0.03086	0.04492	0.03350	0.17876	0.42923	0.01934	0.05326	0.03212	0.00957	0.02395	0.02813	0.01174	0.00767	0.03434	0.00475	0.00138	0.00503	0.00390	0.02786	0.01970
31	0.01044	0.02996	0.02955	0.00737	0.01049	0.07341	0.00602	0.05067	0.03752	0.07930	0.03320	0.04877	0.00879	0.00467	0.00431	0.01576	0.04413	0.00350	0.00291	0.49924

[dist]
# distance from previous block
# <min> <max>
0	11

[block]
# block no. 4 follows, 62 sequences, length 43
# corresponding to MSA columns:
# 181-223
name=unknown_E
#
# <colnr> <probs for GDERKNQSTAVLIFYWHMCP>
#	G	D	E	R	K	N	Q	S	T	A	V	L	I	F	Y	W	H	M	C	P
0	0.01095	0.24091	0.35983	0.01037	0.02508	0.04108	0.04168	0.08431	0.01018	0.06601	0.00877	0.00970	0.02516	0.00434	0.00404	0.00122	0.02895	0.00325	0.00234	0.02182
1	0.00837	0.00777	0.01283	0.69810	0.09283	0.00944	0.01143	0.02935	0.00898	0.01175	0.04329	0.01210	0.00730	0.00451	0.00451	0.00141	0.02509	0.00395	0.00208	0.00492
2	0.01186	0.01332	0.06093	0.06004	0.23402	0.25600	0.03823	0.06320	0.12159	0.01387	0.02919	0.03017	0.02413	0.00488	0.00437	0.00128	0.02039	0.00400	0.00267	0.00582
3	0.00648	0.00446	0.00539	0.00566	0.00621	0.00432	0.00385	0.04186	0.00840	0.03074	0.03175	0.35045	0.09933	0.30900	0.01109	0.00253	0.00325	0.06824	0.00352	0.00346
4	0.00809	0.00740	0.01163	0.09110	0.10735	0.01977	0.10459	0.02357	0.03224	0.01159	0.02794	0.01571	0.04496	0.06978	0.29195	0.00349	0.11712	0.00468	0.00239	0.00466
5	0.00852	0.00563	0.00663	0.01515	0.00764	0.01314	0.00458	0.10721	0.01150	0.09254	0.29550	0.10242	0.15760	0.06669	0.02547	0.00168	0.00302	0.00700	0.06357	0.00450
6	0.06284	0.00878	0.01027	0.01017	0.11063	0.01972	0.00712	0.11324	0.33651	0.14321	0.09315	0.01601	0.03819	0.00568	0.00428	0.00136	0.00365	0.00472	0.00409	0.00637
7	0.51675	0.06003	0.05710	0.03706	0.01111	0.09015	0.02975	0.05269	0.00864	0.02379	0.00650	0.00782	0.00514	0.00434	0.00399	0.00132	0.07359	0.00273	0.00250	0.00498
8	0.13444	0.00904	0.01047	0.02703	0.14011	0.06909	0.04037	0.05027	0.20516	0.07972	0.09423	0.01540	0.04841	0.01614	0.00432	0.00136	0.00398	0.00450	0.04028	0.00570
9	0.00638	0.00435	0.00488	0.00483	0.00495	0.00441	0.00279	0.00694	0.04179	0.00883	0.02832	0.02739	0.01581	0.79810	0.02059	0.00396	0.00405	0.00615	0.00269	0.00279
10	0.02796	0.16317	0.05052	0.02976	0.25890	0.06583	0.04724	0.18847	0.08790	0.01618	0.00886	0.01002	0.00699	0.00428	0.00393	0.00122	0.00500	0.00354	0.00274	0.01750
11	0.01135	0.09401	0.27191	0.02731	0.08925	0.07872	0.11530	0.15475	0.02088	0.03390	0.00838	0.00985	0.00637	0.00512	0.02900	0.00146	0.03029	0.00357	0.00247	0.00612
12	0.00586	0.00413	0.00473	0.00489	0.00524	0.00396	0.00307	0.00629	0.00742	0.00967	0.05224	0.14634	0.16007	0.52713	0.01533	0.00314	0.00346	0.03094	0.00314	0.00298
13	0.00958	0.00815	0.00899	0.00854	0.03249	0.00920	0.00646	0.01909	0.61811	0.01677	0.08216	0.02012	0.06015	0.00734	0.02981	0.00162	0.00351	0.04758	0.00419	0.00611
14	0.00630	0.00487	0.00693	0.00690	0.00765	0.01902	0.00534	0.00775	0.00694	0.00987	0.01147	0.01729	0.01085	0.05965	0.76914	0.00652	0.02188	0.01553	0.00231	0.00379
15	0.00739	0.00370	0.00554	0.00554	0.00554	0.00370	0.00370	0.00554	0.00554	0.00739	0.00739	0.01293	0.00739	0.01478	0.01663	0.87620	0.00370	0.00370	0.00185	0.00185
16	0.01589	0.02028	0.01206	0.01096	0.01315	0.83338	0.00822	0.01699	0.01206	0.01041	0.00658	0.00767	0.00548	0.00438	0.00384	0.00110	0.00767	0.00274	0.00219	0.00493
17	0.00669	0.00415	0.00620	0.00620	0.00659	0.00455	0.00451	0.00662	0.00623	0.00870	0.00959	0.01520	0.00924	0.04098	0.43990	0.40782	0.00769	0.00419	0.00209	0.00287
18	0.01174	0.80075	0.02161	0.00743	0.01100	0.04770	0.00729	0.01310	0.00886	0.02986	0.00620	0.00704	0.00558	0.00371	0.00281	0.00093	0.00465	0.00234	0.00192	0.00548
19	0.00997	0.00953	0.01624	0.12719	0.66675	0.00973	0.02733	0.01250	0.00955	0.01342	0.00931	0.01239	0.03051	0.00423	0.00429	0.00131	0.00506	0.02223	0.00217	0.00631
20	0.00795	0.00755	0.03266	0.00991	0.13631	0.05675	0.04862	0.03237	0.04111	0.02338	0.17498	0.13434	0.23355	0.00800	0.00473	0.00137	0.00351	0.00701	0.00353	0.03234
21	0.00910	0.00776	0.00897	0.00652	0.01021	0.00612	0.00521	0.03168	0.05159	0.01440	0.00814	0.00923	0.00668	0.00334	0.00324	0.00069	0.00320	0.00267	0.00266	0.80859
22	0.05745	0.01135	0.01201	0.00943	0.01265	0.01265	0.00773	0.66049	0.13110	0.02518	0.01100	0.01085	0.00792	0.00514	0.00419	0.00130	0.00443	0.00389	0.00419	0.00704
23	0.01105	0.02570	0.06871	0.08898	0.47866	0.10332	0.03389	0.01351	0.00996	0.05984	0.02682	0.02231	0.00775	0.00426	0.00417	0.00127	0.00527	0.00387	0.02453	0.00614
24	0.07331	0.03779	0.04751	0.01021	0.01279	0.61388	0.00810	0.04840	0.01185	0.08728	0.00765	0.00839	0.00596	0.00443	0.00380	0.00115	0.00675	0.00290	0.00256	0.00529
25	0.01138	0.85302	0.02230	0.00728	0.01092	0.01684	0.00728	0.01274	0.00865	0.01001	0.00592	0.00683	0.00546	0.00364	0.00273	0.00091	0.00455	0.00228	0.00182	0.00546
26	0.06632	0.01761	0.01045	0.02469	0.08311	0.05495	0.00680	0.09423	0.03042	0.31779	0.04549	0.02092	0.00963	0.00473	0.00393	0.00115	0.00393	0.00381	0.00379	0.19627
27	0.00571	0.00418	0.00534	0.00570	0.00626	0.00415	0.00403	0.00663	0.00788	0.01044	0.03987	0.27823	0.15054	0.20340	0.18841	0.00333	0.00481	0.06437	0.00330	0.00340
28	0.00910	0.01912	0.04763	0.07809	0.13700	0.00663	0.00705	0.02655	0.05801	0.11765	0.13084	0.14157	0.12254	0.02335	0.00487	0.00142	0.00352	0.00632	0.02851	0.03023
29	0.03770	0.01037	0.01678	0.06174	0.18707	0.01053	0.25098	0.23010	0.01270	0.10657	0.00999	0.02846	0.00753	0.00448	0.00446	0.00134	0.00537	0.00436	0.00309	0.00638
30	0.03247	0.00739	0.00980	0.00764	0.01083	0.00661	0.00630	0.03904	0.04361	0.74339	0.01661	0.01513	0.01079	0.00542	0.00429	0.00134	0.00364	0.02347	0.00513	0.00710
31	0.00552	0.00396	0.00523	0.00613	0.00655	0.00375	0.00437	0.00646	0.00842	0.01110	0.02376	0.62953	0.06463	0.05185	0.00625	0.00187	0.00279	0.15046	0.00388	0.00350
32	0.02637	0.54311	0.10106	0.00902	0.01263	0.01409	0.09582	0.02629	0.00885	0.01132	0.00727	0.03804	0.00657	0.00505	0.02903	0.00127	0.03715	0.00317	0.00202	0.02187
33	0.00745	0.00391	0.00569	0.00573	0.00597	0.00386	0.00399	0.00626	0.00631	0.03117	0.01093	0.05754	0.04358	0.01450	0.03393	0.69964	0.00376	0.05119	0.00227	0.00232
34	0.00610	0.00488	0.00533	0.00543	0.00661	0.02675	0.00405	0.00750	0.02463	0.02624	0.13731	0.19518	0.40422	0.03620	0.00559	0.00158	0.00262	0.07557	0.00396	0.02025
35	0.01073	0.53292	0.13347	0.04638	0.06256	0.03956	0.03930	0.01277	0.00876	0.01093	0.00645	0.00792	0.00558	0.00402	0.00397	0.00111	0.06337	0.00277	0.00186	0.00556
36	0.00529	0.00424	0.00469	0.00474	0.00590	0.00368	0.00347	0.00649	0.00990	0.01250	0.20330	0.13835	0.53776	0.03371	0.00553	0.00153	0.00222	0.00902	0.00407	0.00364
37	0.01784	0.00850	0.01052	0.00809	0.01134	0.00821	0.00668	0.25169	0.01436	0.56369	0.01476	0.01328	0.00958	0.00521	0.00423	0.00129	0.00387	0.00414	0.03560	0.00712
38	0.00975	0.14289	0.50289	0.02709	0.09808	0.03186	0.08020	0.01358	0.00925	0.03523	0.00772	0.00918	0.00577	0.00397	0.00395	0.00128	0.00593	0.00327	0.00197	0.00613
39	0.01543	0.00790	0.07153	0.00749	0.01056	0.00626	0.00654	0.03264	0.02422	0.57351	0.15099	0.01782	0.04366	0.00594	0.00441	0.00133	0.00352	0.00493	0.00482	0.00649
40	0.00549	0.00413	0.00525	0.00570	0.00627	0.00394	0.00399	0.00650	0.00900	0.01200	0.17142	0.51195	0.15932	0.03741	0.00609	0.00169	0.03201	0.01031	0.00397	0.00360
41	0.01073	0.03896	0.01242	0.03404	0.01168	0.01199	0.00857	0.17415	0.00988	0.03230	0.00844	0.01276	0.00766	0.00693	0.01006	0.00166	0.50396	0.06377	0.03482	0.00519
42	0.13235	0.02476	0.09396	0.00961	0.03472	0.00990	0.07196	0.26331	0.05678	0.10573	0.01157	0.02658	0.03626	0.00694	0.06464	0.00171	0.00498	0.00405	0.00341	0.03679

[dist]
# distance from previous block
# <min> <max>
0	36

# created by:
# /st0/software/busco_prod/Augustus/scripts/msa2prfl.pl ./align_prep/128416.fa
