[name]
unknown

[dist]
# distance from previous block
# <min> <max>
16	90

[block]
# block no. 0 follows, 63 sequences, length 104
# corresponding to MSA columns:
# 108-211
name=unknown_A
#
# <colnr> <probs for GDERKNQSTAVLIFYWHMCP>
#	G	D	E	R	K	N	Q	S	T	A	V	L	I	F	Y	W	H	M	C	P
0	0.02537	0.14883	0.28239	0.00959	0.01366	0.05458	0.02167	0.13889	0.09797	0.11991	0.04040	0.01093	0.00837	0.00461	0.00390	0.00125	0.00493	0.00356	0.00301	0.00621
1	0.05972	0.19337	0.52095	0.01050	0.01556	0.04554	0.03667	0.01330	0.00900	0.03066	0.02419	0.00892	0.00615	0.00403	0.00369	0.00123	0.00562	0.00304	0.00199	0.00585
2	0.03971	0.16556	0.48833	0.01058	0.01549	0.05344	0.03644	0.05042	0.04676	0.03139	0.02015	0.00926	0.00640	0.00415	0.00378	0.00124	0.00558	0.00316	0.00218	0.00598
3	0.01022	0.15502	0.42120	0.00974	0.01442	0.05013	0.01098	0.06492	0.02157	0.05879	0.00936	0.01018	0.03669	0.00453	0.01191	0.00122	0.00527	0.00324	0.00234	0.09824
4	0.01246	0.05670	0.17712	0.01010	0.02932	0.03592	0.03907	0.23842	0.23780	0.09153	0.02183	0.01185	0.00888	0.00490	0.00413	0.00131	0.00464	0.00394	0.00352	0.00656
5	0.32299	0.00826	0.00915	0.07503	0.02052	0.00885	0.02388	0.16048	0.03292	0.16840	0.06619	0.02251	0.02676	0.00497	0.00370	0.00129	0.00374	0.00381	0.00353	0.03302
6	0.01773	0.00719	0.00964	0.00734	0.01065	0.00611	0.00605	0.01938	0.01166	0.73815	0.01557	0.01369	0.00994	0.00497	0.00410	0.00123	0.00353	0.00403	0.00490	0.10414
7	0.00821	0.00776	0.01307	0.74561	0.11080	0.00946	0.01176	0.01095	0.00850	0.01104	0.00749	0.01109	0.00571	0.00420	0.00434	0.00139	0.01811	0.00374	0.00189	0.00487
8	0.00514	0.00367	0.00489	0.00584	0.00610	0.00342	0.00390	0.00589	0.00812	0.01084	0.03789	0.83448	0.02802	0.01309	0.00536	0.00170	0.00243	0.01187	0.00392	0.00342
9	0.00512	0.00366	0.00488	0.00585	0.00610	0.00341	0.00390	0.00585	0.00805	0.01073	0.02317	0.84952	0.02780	0.01317	0.00537	0.00171	0.00244	0.01195	0.00390	0.00341
10	0.00579	0.00429	0.00540	0.00513	0.00619	0.00390	0.00384	0.00763	0.01153	0.01599	0.70024	0.03283	0.16379	0.00892	0.00496	0.00134	0.00201	0.00780	0.00451	0.00390
11	0.01603	0.01111	0.01212	0.00932	0.01259	0.01211	0.00767	0.71054	0.01863	0.10861	0.01084	0.01096	0.00769	0.02613	0.00464	0.00134	0.00450	0.00389	0.00427	0.00704
12	0.01040	0.00999	0.01706	0.02580	0.82604	0.00999	0.01290	0.01290	0.00957	0.01373	0.00791	0.01040	0.00666	0.00375	0.00416	0.00125	0.00499	0.00375	0.00208	0.00666
13	0.00981	0.01108	0.02307	0.01673	0.02050	0.02354	0.71075	0.01304	0.00961	0.01306	0.00855	0.02604	0.00674	0.00443	0.01793	0.00153	0.07101	0.00494	0.00214	0.00551
14	0.00517	0.00423	0.00456	0.00456	0.00582	0.00362	0.00339	0.00639	0.00994	0.01240	0.19439	0.08715	0.62298	0.01040	0.00499	0.00142	0.00212	0.00881	0.00405	0.00362
15	0.00542	0.00399	0.00533	0.00614	0.00639	0.00396	0.00423	0.00618	0.00796	0.01068	0.02190	0.74649	0.02611	0.04371	0.00639	0.00181	0.04388	0.04223	0.00375	0.00346
16	0.01570	0.02004	0.01191	0.01083	0.01300	0.83539	0.00812	0.01679	0.01191	0.01029	0.00650	0.00758	0.00541	0.00433	0.00379	0.00108	0.00758	0.00271	0.00217	0.00487
17	0.01031	0.01002	0.01619	0.11606	0.68753	0.03803	0.01243	0.01304	0.03111	0.01338	0.00806	0.01054	0.00666	0.00387	0.00416	0.00126	0.00511	0.00374	0.00212	0.00638
18	0.00601	0.00450	0.00671	0.00671	0.00745	0.00523	0.00520	0.00748	0.00674	0.00973	0.01130	0.01674	0.01061	0.04854	0.81873	0.00670	0.01111	0.00454	0.00226	0.00373
19	0.00510	0.00372	0.00481	0.00568	0.00605	0.00343	0.00382	0.00587	0.00822	0.01080	0.02529	0.76112	0.11484	0.01289	0.00532	0.00168	0.00241	0.01161	0.00390	0.00343
20	0.00595	0.00430	0.00562	0.00529	0.00628	0.00397	0.00397	0.00793	0.01190	0.01686	0.82382	0.03140	0.03966	0.00859	0.00496	0.00132	0.00198	0.00760	0.00463	0.00397
21	0.00849	0.02135	0.80029	0.01220	0.01834	0.00980	0.04534	0.01332	0.00891	0.01332	0.00758	0.00897	0.00536	0.00398	0.00403	0.00133	0.00625	0.00318	0.00179	0.00619
22	0.04653	0.15438	0.01442	0.01168	0.09582	0.45337	0.04559	0.06843	0.03637	0.02567	0.00734	0.00841	0.00598	0.00420	0.00371	0.00112	0.00623	0.00299	0.00236	0.00541
23	0.00826	0.00643	0.00884	0.06138	0.09444	0.01731	0.00781	0.09199	0.01063	0.01396	0.01842	0.04726	0.01929	0.00960	0.00534	0.00175	0.00420	0.56496	0.00358	0.00455
24	0.01124	0.85479	0.02203	0.00719	0.01079	0.01663	0.00719	0.01259	0.00854	0.00989	0.00584	0.00674	0.00539	0.00360	0.00270	0.00090	0.00450	0.00225	0.00180	0.00539
25	0.00515	0.00415	0.00459	0.00471	0.00585	0.00359	0.00345	0.00630	0.00967	0.01211	0.16264	0.18737	0.55414	0.01078	0.00504	0.00146	0.00216	0.00924	0.00402	0.00359
26	0.00635	0.00639	0.09023	0.00616	0.00763	0.02658	0.00517	0.00810	0.01014	0.03141	0.34799	0.25640	0.16241	0.00955	0.00493	0.00144	0.00275	0.00835	0.00396	0.00407
27	0.00574	0.00426	0.00534	0.00513	0.00616	0.00387	0.00383	0.00750	0.01132	0.01561	0.64952	0.06809	0.17976	0.00916	0.00498	0.00136	0.00203	0.00802	0.00447	0.00387
28	0.01005	0.00966	0.01661	0.14022	0.69662	0.00991	0.03013	0.01261	0.00942	0.01331	0.00786	0.01054	0.00650	0.00381	0.00418	0.00127	0.00513	0.00377	0.00205	0.00636
29	0.00601	0.00450	0.00676	0.00676	0.00751	0.00525	0.00525	0.00751	0.00676	0.00976	0.01126	0.01651	0.01051	0.03153	0.83560	0.00676	0.01126	0.00450	0.00225	0.00375
30	0.01100	0.00899	0.00957	0.00846	0.01086	0.01027	0.00660	0.07420	0.70963	0.04829	0.01650	0.01563	0.01244	0.03227	0.00481	0.00149	0.00345	0.00471	0.00425	0.00658
31	0.00526	0.00399	0.00481	0.00520	0.00595	0.00358	0.00365	0.00632	0.00922	0.01203	0.18400	0.40775	0.28328	0.03788	0.00566	0.00162	0.00230	0.00995	0.00400	0.00354
32	0.00647	0.00510	0.00748	0.00708	0.00770	0.00594	0.03042	0.00766	0.00669	0.00957	0.01101	0.01792	0.01088	0.20029	0.55622	0.00553	0.09333	0.00477	0.00227	0.00365
33	0.01570	0.02004	0.01191	0.01083	0.01300	0.83539	0.00812	0.01679	0.01191	0.01029	0.00650	0.00758	0.00541	0.00433	0.00379	0.00108	0.00758	0.00271	0.00217	0.00487
34	0.00593	0.00467	0.00541	0.00515	0.00642	0.00433	0.00388	0.00836	0.07628	0.01478	0.45567	0.03364	0.34169	0.00916	0.00491	0.00137	0.00215	0.00786	0.00432	0.00402
35	0.88196	0.00813	0.00618	0.00553	0.00813	0.00943	0.00455	0.01236	0.00715	0.01886	0.00585	0.00683	0.00455	0.00390	0.00260	0.00130	0.00325	0.00228	0.00260	0.00455
36	0.04174	0.03234	0.01212	0.01100	0.07062	0.38734	0.00807	0.22796	0.13884	0.01622	0.00917	0.00967	0.00709	0.00466	0.00394	0.00120	0.00575	0.00336	0.00303	0.00588
37	0.19458	0.00959	0.00983	0.00790	0.01079	0.05484	0.00643	0.31680	0.02681	0.22794	0.07183	0.01247	0.02171	0.00517	0.00393	0.00128	0.00398	0.00390	0.00405	0.00619
38	0.01608	0.00713	0.00938	0.00712	0.01040	0.00597	0.00583	0.01778	0.01126	0.61341	0.04208	0.01360	0.01044	0.00484	0.00400	0.00115	0.00342	0.00394	0.00456	0.20762
39	0.01886	0.00715	0.00976	0.00748	0.01073	0.00618	0.00618	0.02049	0.01203	0.82895	0.01658	0.01431	0.01041	0.00520	0.00423	0.00130	0.00358	0.00423	0.00520	0.00715
40	0.00690	0.00529	0.00628	0.00616	0.00730	0.00534	0.00453	0.05261	0.14675	0.01497	0.31204	0.28968	0.09627	0.01973	0.00513	0.00150	0.00253	0.00840	0.00423	0.00436
41	0.05815	0.15467	0.22191	0.01070	0.02457	0.37054	0.04544	0.01472	0.01012	0.02613	0.00689	0.00809	0.00549	0.00414	0.00387	0.00116	0.02309	0.00287	0.00207	0.00538
42	0.00586	0.00429	0.00549	0.00519	0.00622	0.00393	0.00389	0.00775	0.01168	0.01633	0.74942	0.03226	0.11439	0.00879	0.00496	0.00133	0.00200	0.00772	0.00456	0.00393
43	0.00922	0.01229	0.23749	0.05882	0.17005	0.02412	0.13230	0.03769	0.04768	0.03203	0.11820	0.05737	0.01205	0.00522	0.00465	0.00136	0.02636	0.00474	0.00266	0.00569
44	0.00511	0.00383	0.00475	0.00545	0.00600	0.00347	0.00373	0.00597	0.00855	0.01109	0.05523	0.62603	0.22070	0.01240	0.00526	0.00162	0.00235	0.01106	0.00393	0.00347
45	0.00963	0.00846	0.02530	0.00856	0.05321	0.05652	0.00637	0.11363	0.29842	0.01756	0.31193	0.03790	0.02141	0.00663	0.00450	0.00134	0.00337	0.00563	0.00410	0.00554
46	0.01117	0.83408	0.04213	0.00731	0.01097	0.01646	0.00740	0.01261	0.00855	0.00998	0.00589	0.00680	0.00539	0.00361	0.00273	0.00091	0.00454	0.00227	0.00180	0.00542
47	0.01416	0.01662	0.01266	0.03375	0.05635	0.56861	0.05830	0.08877	0.03223	0.01263	0.03803	0.00953	0.00726	0.00488	0.01577	0.00123	0.00677	0.00329	0.00249	0.01670
48	0.40310	0.01015	0.00974	0.00782	0.01084	0.01142	0.00645	0.45454	0.01413	0.02308	0.00820	0.00863	0.00599	0.00453	0.00349	0.00128	0.00401	0.00311	0.00349	0.00599
49	0.00611	0.00408	0.00458	0.00458	0.00458	0.00408	0.00255	0.00611	0.00611	0.00815	0.01325	0.02751	0.01528	0.85226	0.02140	0.00408	0.00408	0.00611	0.00255	0.00255
50	0.03346	0.05108	0.01246	0.01018	0.02939	0.05709	0.00825	0.03868	0.02719	0.03523	0.00666	0.00922	0.00597	0.00609	0.00993	0.00152	0.53109	0.00341	0.00220	0.12091
51	0.00997	0.00821	0.00962	0.00701	0.01066	0.03017	0.03067	0.06187	0.00972	0.05903	0.00814	0.00916	0.00649	0.00340	0.00332	0.00074	0.00349	0.00275	0.00273	0.72286
52	0.02847	0.36694	0.47739	0.00986	0.01491	0.01261	0.01184	0.01299	0.00870	0.01201	0.00680	0.00795	0.00534	0.00383	0.00343	0.00115	0.00544	0.00273	0.00180	0.00584
53	0.01380	0.00857	0.00989	0.05197	0.01123	0.09582	0.00677	0.06805	0.01132	0.36920	0.11890	0.04180	0.04076	0.00623	0.00570	0.00138	0.12410	0.00477	0.00400	0.00576
54	0.00611	0.00408	0.00458	0.00458	0.00458	0.00408	0.00255	0.00611	0.00611	0.00815	0.01325	0.02751	0.01528	0.85226	0.02140	0.00408	0.00408	0.00611	0.00255	0.00255
55	0.04097	0.09489	0.21848	0.00972	0.02770	0.03387	0.04810	0.04999	0.23416	0.13188	0.04061	0.03122	0.00999	0.00500	0.00405	0.00131	0.00453	0.00409	0.00328	0.00617
56	0.00673	0.00564	0.00728	0.00670	0.00753	0.00627	0.00520	0.00849	0.03712	0.01360	0.37099	0.10627	0.14168	0.02722	0.00743	0.00155	0.20579	0.00702	0.00367	0.02381
57	0.00722	0.00481	0.00664	0.00598	0.00730	0.00441	0.03184	0.00918	0.01164	0.08784	0.65288	0.03036	0.06920	0.00836	0.00493	0.00136	0.00239	0.04485	0.00453	0.00428
58	0.63052	0.00906	0.00797	0.00667	0.00949	0.01028	0.00550	0.22181	0.01059	0.04420	0.00727	0.00790	0.00540	0.00424	0.00307	0.00129	0.00362	0.00273	0.00310	0.00531
59	0.88196	0.00813	0.00618	0.00553	0.00813	0.00943	0.00455	0.01236	0.00715	0.01886	0.00585	0.00683	0.00455	0.00390	0.00260	0.00130	0.00325	0.00228	0.00260	0.00455
60	0.00978	0.01362	0.22582	0.01580	0.08828	0.01073	0.40961	0.04956	0.00967	0.01365	0.00793	0.01033	0.00607	0.00420	0.00566	0.00142	0.10576	0.00418	0.00209	0.00583
61	0.00559	0.00413	0.00535	0.00589	0.00653	0.00375	0.00406	0.00648	0.00812	0.01104	0.03076	0.67820	0.03330	0.04115	0.02633	0.00180	0.00281	0.02764	0.00368	0.09340
62	0.02885	0.03829	0.08426	0.03730	0.06265	0.27040	0.00864	0.17042	0.15304	0.05285	0.01046	0.01124	0.02070	0.00489	0.00416	0.00126	0.01730	0.01431	0.00306	0.00592
63	0.01422	0.00637	0.00835	0.00681	0.00925	0.00578	0.00544	0.02910	0.05346	0.51133	0.20673	0.03752	0.02862	0.03522	0.00500	0.00141	0.00315	0.00533	0.02087	0.00603
64	0.00970	0.00938	0.05080	0.22865	0.25036	0.02759	0.03642	0.05243	0.09980	0.03421	0.08404	0.02813	0.01043	0.00503	0.00486	0.00136	0.05411	0.00435	0.00269	0.00566
65	0.00521	0.00419	0.00451	0.00456	0.00568	0.00364	0.00328	0.00624	0.00934	0.01160	0.12724	0.11613	0.57441	0.09716	0.00669	0.00171	0.00234	0.00874	0.00385	0.00348
66	0.01125	0.65094	0.09785	0.00793	0.01157	0.01501	0.00804	0.03999	0.00898	0.04158	0.00657	0.00752	0.00566	0.00393	0.00352	0.00101	0.04881	0.00254	0.00202	0.02527
67	0.00809	0.00772	0.01259	0.82590	0.02864	0.02550	0.01161	0.01086	0.00847	0.01073	0.00745	0.01114	0.00560	0.00421	0.00419	0.00139	0.00564	0.00372	0.00187	0.00467
68	0.00528	0.00425	0.00470	0.00463	0.00588	0.00368	0.00346	0.00662	0.01026	0.01306	0.28630	0.06168	0.55529	0.01008	0.00498	0.00140	0.00209	0.00857	0.00413	0.00368
69	0.01148	0.00732	0.00894	0.00657	0.01011	0.00573	0.00530	0.01326	0.00963	0.24069	0.01027	0.02428	0.00775	0.00386	0.00346	0.00083	0.00323	0.00313	0.00327	0.62088
70	0.00891	0.00759	0.00882	0.00632	0.01004	0.00580	0.00506	0.03198	0.00901	0.01404	0.00754	0.00875	0.00625	0.00316	0.00314	0.00064	0.00315	0.00253	0.00254	0.85472
71	0.14429	0.00960	0.04577	0.01169	0.01459	0.04081	0.34710	0.01242	0.00894	0.07676	0.02769	0.02427	0.00831	0.04337	0.12389	0.00227	0.04621	0.00441	0.00253	0.00508
72	0.01238	0.00924	0.01004	0.00860	0.01125	0.01035	0.00681	0.14987	0.59048	0.11838	0.01591	0.01461	0.01162	0.00554	0.00426	0.00138	0.00357	0.00453	0.00438	0.00680
73	0.01570	0.02004	0.01191	0.01083	0.01300	0.83539	0.00812	0.01679	0.01191	0.01029	0.00650	0.00758	0.00541	0.00433	0.00379	0.00108	0.00758	0.00271	0.00217	0.00487
74	0.00617	0.00436	0.00566	0.00543	0.00638	0.00412	0.00405	0.00787	0.01070	0.03190	0.58240	0.04882	0.08590	0.07167	0.08522	0.00207	0.00311	0.02613	0.00418	0.00387
75	0.01301	0.01030	0.01094	0.00907	0.01190	0.01165	0.00727	0.38738	0.44924	0.02170	0.01387	0.01310	0.01021	0.00540	0.00424	0.00135	0.00393	0.00431	0.00424	0.00688
76	0.00920	0.00920	0.01288	0.01104	0.01104	0.01288	0.00920	0.01012	0.00644	0.01012	0.00552	0.00920	0.00552	0.00736	0.01380	0.00184	0.84457	0.00368	0.00184	0.00460
77	0.00719	0.00567	0.00665	0.00616	0.00759	0.00582	0.00469	0.01198	0.24612	0.01667	0.53277	0.02749	0.08873	0.00790	0.00476	0.00136	0.00238	0.00687	0.00447	0.00472
78	0.00678	0.00445	0.00585	0.00548	0.00657	0.00408	0.00411	0.00865	0.01165	0.07187	0.71584	0.08429	0.03688	0.00866	0.00494	0.00135	0.00212	0.00766	0.00462	0.00415
79	0.00635	0.00478	0.00593	0.00556	0.00672	0.00460	0.00419	0.00928	0.09406	0.01659	0.69229	0.03037	0.08635	0.00843	0.00489	0.00134	0.00213	0.00739	0.00455	0.00421
80	0.00581	0.00422	0.00547	0.00531	0.00623	0.00388	0.00393	0.00760	0.01134	0.01589	0.69425	0.13012	0.07172	0.00923	0.00501	0.00137	0.00204	0.00818	0.00451	0.00388
81	0.00809	0.00769	0.01318	0.78619	0.05585	0.00941	0.03903	0.01091	0.00850	0.01094	0.00752	0.01118	0.00567	0.00416	0.00423	0.00140	0.00563	0.00378	0.00188	0.00477
82	0.00953	0.00795	0.00915	0.00661	0.01031	0.00643	0.00532	0.10019	0.00995	0.01513	0.00776	0.00887	0.00633	0.00333	0.00324	0.00069	0.00328	0.00264	0.00268	0.78060
83	0.00949	0.00934	0.01271	0.28770	0.26682	0.09550	0.02440	0.03108	0.06726	0.01258	0.01247	0.05453	0.08777	0.00526	0.00430	0.00134	0.00497	0.00463	0.00249	0.00535
84	0.01107	0.00916	0.01479	0.25722	0.38911	0.00971	0.04411	0.08557	0.02498	0.09982	0.00908	0.01115	0.00689	0.00418	0.00422	0.00131	0.00504	0.00387	0.00258	0.00614
85	0.00669	0.00491	0.00658	0.00629	0.00704	0.00533	0.00462	0.02331	0.00737	0.02320	0.05801	0.06322	0.01381	0.24824	0.40770	0.00468	0.04903	0.00534	0.00263	0.05199
86	0.88196	0.00813	0.00618	0.00553	0.00813	0.00943	0.00455	0.01236	0.00715	0.01886	0.00585	0.00683	0.00455	0.00390	0.00260	0.00130	0.00325	0.00228	0.00260	0.00455
87	0.00651	0.00456	0.00659	0.00657	0.00733	0.00511	0.00505	0.00786	0.00705	0.03774	0.01241	0.01984	0.01200	0.13172	0.65126	0.00592	0.00962	0.05665	0.00250	0.00373
88	0.00607	0.00415	0.00498	0.00499	0.00515	0.00425	0.00306	0.00640	0.00645	0.00875	0.04067	0.03922	0.01553	0.67538	0.15401	0.00438	0.00516	0.00600	0.00259	0.00281
89	0.01570	0.02004	0.01191	0.01083	0.01300	0.83539	0.00812	0.01679	0.01191	0.01029	0.00650	0.00758	0.00541	0.00433	0.00379	0.00108	0.00758	0.00271	0.00217	0.00487
90	0.00611	0.00408	0.00458	0.00458	0.00458	0.00408	0.00255	0.00611	0.00611	0.00815	0.01325	0.02751	0.01528	0.85226	0.02140	0.00408	0.00408	0.00611	0.00255	0.00255
91	0.01103	0.00931	0.00983	0.00867	0.01115	0.01072	0.00679	0.10417	0.73568	0.01851	0.01638	0.01510	0.01224	0.00564	0.00427	0.00141	0.00346	0.00465	0.00427	0.00671
92	0.03532	0.00985	0.02299	0.00862	0.01186	0.01004	0.00716	0.45993	0.01598	0.32528	0.01250	0.01217	0.00856	0.03402	0.00476	0.00137	0.00421	0.00399	0.00445	0.00692
93	0.01875	0.00733	0.00986	0.00756	0.01082	0.00644	0.00625	0.05015	0.01232	0.79888	0.01634	0.01415	0.01028	0.00520	0.00423	0.00130	0.00362	0.00421	0.00517	0.00715
94	0.00870	0.02020	0.73156	0.01242	0.03808	0.00961	0.05892	0.01329	0.00900	0.02956	0.00812	0.02732	0.00600	0.00419	0.00409	0.00134	0.00610	0.00344	0.00192	0.00615
95	0.00645	0.00444	0.00561	0.00523	0.00641	0.00401	0.00395	0.00827	0.01153	0.05743	0.65626	0.03199	0.16507	0.00875	0.00492	0.00134	0.00209	0.00764	0.00454	0.00406
96	0.03608	0.01020	0.04033	0.04647	0.02339	0.11121	0.03335	0.22531	0.16888	0.01666	0.01434	0.21423	0.02749	0.00697	0.00443	0.00140	0.00431	0.00587	0.00355	0.00553
97	0.00601	0.00450	0.00676	0.00676	0.00751	0.00525	0.00525	0.00751	0.00676	0.00976	0.01126	0.01651	0.01051	0.03153	0.83560	0.00676	0.01126	0.00450	0.00225	0.00375
98	0.00968	0.00921	0.01479	0.25704	0.46061	0.02921	0.03197	0.03534	0.03705	0.01312	0.00899	0.05774	0.00773	0.00452	0.00426	0.00132	0.00507	0.00424	0.00226	0.00585
99	0.03168	0.00851	0.00999	0.16468	0.02423	0.06837	0.00723	0.07118	0.08152	0.12873	0.02857	0.04495	0.02429	0.00526	0.00435	0.00121	0.03259	0.04086	0.00318	0.21863
100	0.05821	0.03219	0.01179	0.01145	0.15926	0.01056	0.00783	0.37026	0.11330	0.03178	0.11040	0.01399	0.02280	0.02188	0.00452	0.00134	0.00408	0.00436	0.00371	0.00629
101	0.00898	0.21764	0.55777	0.01045	0.01565	0.01108	0.02822	0.01295	0.02814	0.01250	0.00933	0.01033	0.05100	0.00430	0.00377	0.00124	0.00553	0.00330	0.00197	0.00587
102	0.01107	0.44677	0.30222	0.00913	0.01356	0.04147	0.01012	0.05452	0.00954	0.05629	0.00726	0.00810	0.00573	0.00392	0.00335	0.00110	0.00516	0.00275	0.00211	0.00585
103	0.03543	0.05098	0.01067	0.00775	0.01098	0.03157	0.00643	0.13030	0.01271	0.59254	0.02563	0.01302	0.00969	0.00502	0.00407	0.00124	0.00384	0.00396	0.00464	0.03954

[dist]
# distance from previous block
# <min> <max>
0	4

[block]
# block no. 1 follows, 63 sequences, length 63
# corresponding to MSA columns:
# 216-278
name=unknown_B
#
# <colnr> <probs for GDERKNQSTAVLIFYWHMCP>
#	G	D	E	R	K	N	Q	S	T	A	V	L	I	F	Y	W	H	M	C	P
0	0.00992	0.07079	0.19726	0.16203	0.10612	0.01975	0.04897	0.09941	0.05617	0.04032	0.04865	0.03991	0.00922	0.00524	0.01330	0.00138	0.02457	0.02005	0.00264	0.02429
1	0.00604	0.00476	0.01674	0.02034	0.00727	0.00432	0.00446	0.01671	0.03075	0.01282	0.21230	0.42690	0.06877	0.02629	0.03214	0.00170	0.00287	0.02590	0.00383	0.07510
2	0.00995	0.01132	0.02385	0.04473	0.02181	0.02966	0.75457	0.01339	0.00991	0.01329	0.00861	0.01175	0.00658	0.00369	0.00492	0.00142	0.00701	0.01579	0.00214	0.00559
3	0.00595	0.00426	0.00573	0.00564	0.00633	0.00417	0.01432	0.00718	0.00919	0.01279	0.37650	0.14638	0.04838	0.14994	0.14320	0.04151	0.00404	0.00731	0.00362	0.00354
4	0.07419	0.00855	0.01032	0.00799	0.01121	0.00840	0.00659	0.24311	0.02858	0.53514	0.01406	0.01266	0.00915	0.00508	0.00412	0.00129	0.00385	0.00398	0.00474	0.00697
5	0.00677	0.00444	0.00552	0.00533	0.00646	0.00402	0.00393	0.00812	0.01015	0.08751	0.33947	0.15221	0.24418	0.04649	0.03897	0.01758	0.00272	0.00802	0.00414	0.00395
6	0.01530	0.01144	0.01223	0.00954	0.01278	0.01272	0.00783	0.71529	0.11760	0.02540	0.01095	0.01078	0.00785	0.00513	0.00421	0.00128	0.00447	0.00390	0.00421	0.00709
7	0.01598	0.01177	0.01262	0.00967	0.01304	0.01304	0.00799	0.81202	0.01976	0.02649	0.01009	0.01009	0.00715	0.00505	0.00421	0.00126	0.00463	0.00378	0.00421	0.00715
8	0.00957	0.02017	0.73246	0.01153	0.01739	0.00959	0.01448	0.04394	0.00954	0.08065	0.00838	0.00937	0.00581	0.00413	0.00402	0.00133	0.00594	0.00322	0.00215	0.00633
9	0.00872	0.00747	0.00872	0.00623	0.00996	0.00560	0.00498	0.01058	0.00872	0.01370	0.00747	0.00872	0.00623	0.00311	0.00311	0.00062	0.00311	0.00249	0.00249	0.87796
10	0.88196	0.00813	0.00618	0.00553	0.00813	0.00943	0.00455	0.01236	0.00715	0.01886	0.00585	0.00683	0.00455	0.00390	0.00260	0.00130	0.00325	0.00228	0.00260	0.00455
11	0.00841	0.02058	0.76690	0.01177	0.01763	0.00952	0.02686	0.02268	0.00901	0.01338	0.00836	0.03512	0.00642	0.00443	0.00409	0.00136	0.00605	0.01942	0.00192	0.00608
12	0.78246	0.00802	0.00659	0.00575	0.00843	0.00906	0.00474	0.01329	0.00772	0.11225	0.00709	0.00769	0.00523	0.00405	0.00279	0.00130	0.00329	0.00250	0.00290	0.00485
13	0.27161	0.00621	0.00684	0.03178	0.00861	0.00655	0.00502	0.01173	0.04637	0.16018	0.03726	0.14212	0.05740	0.06235	0.09120	0.00214	0.00408	0.04044	0.00346	0.00464
14	0.00517	0.00426	0.00448	0.00443	0.00571	0.00364	0.00328	0.00632	0.00976	0.01203	0.15945	0.03843	0.66471	0.05273	0.00579	0.00154	0.00221	0.00854	0.00395	0.00356
15	0.00602	0.00465	0.00548	0.00518	0.00643	0.00431	0.00391	0.02215	0.05188	0.01520	0.50387	0.03331	0.30391	0.00908	0.00491	0.00136	0.00215	0.00782	0.00436	0.00402
16	0.02917	0.01033	0.01063	0.00840	0.01153	0.14084	0.00680	0.20187	0.01348	0.43965	0.01263	0.01173	0.00846	0.00485	0.00405	0.00121	0.00442	0.00372	0.00425	0.07198
17	0.00606	0.00515	0.05510	0.00563	0.00617	0.00451	0.00404	0.00674	0.00673	0.00919	0.01429	0.16808	0.01605	0.51370	0.15698	0.00395	0.00515	0.00667	0.00269	0.00313
18	0.05147	0.00843	0.01253	0.42557	0.19797	0.04247	0.01032	0.02351	0.00936	0.12155	0.00950	0.01180	0.02227	0.00520	0.02958	0.00150	0.00526	0.00382	0.00249	0.00542
19	0.01055	0.60200	0.18191	0.00924	0.01342	0.01465	0.09300	0.01282	0.00875	0.01094	0.00646	0.00765	0.00548	0.00367	0.00319	0.00104	0.00511	0.00270	0.00183	0.00558
20	0.00604	0.00437	0.00610	0.00610	0.00663	0.00490	0.00444	0.00709	0.00656	0.00927	0.01186	0.01983	0.01195	0.27866	0.59043	0.00595	0.00910	0.00499	0.00234	0.00339
21	0.01268	0.54355	0.01806	0.00834	0.01139	0.27626	0.00741	0.01395	0.00964	0.02923	0.00647	0.00749	0.00568	0.00472	0.02859	0.00115	0.00566	0.00251	0.00201	0.00522
22	0.01002	0.00959	0.01636	0.15422	0.70065	0.00989	0.01271	0.01256	0.00939	0.01326	0.00784	0.01053	0.00649	0.00382	0.00417	0.00127	0.00509	0.00374	0.00205	0.00635
23	0.00993	0.00993	0.01819	0.14530	0.52124	0.01004	0.19758	0.01271	0.00948	0.01323	0.00798	0.01074	0.00644	0.00377	0.00435	0.00131	0.00557	0.00403	0.00206	0.00613
24	0.00611	0.00408	0.00458	0.00458	0.00458	0.00408	0.00255	0.00611	0.00611	0.00815	0.01325	0.02751	0.01528	0.85226	0.02140	0.00408	0.00408	0.00611	0.00255	0.00255
25	0.01598	0.01177	0.01262	0.00967	0.01304	0.01304	0.00799	0.81202	0.01976	0.02649	0.01009	0.01009	0.00715	0.00505	0.00421	0.00126	0.00463	0.00378	0.00421	0.00715
26	0.01419	0.01055	0.01154	0.00873	0.01219	0.01094	0.00717	0.58509	0.01672	0.04454	0.00959	0.00985	0.00700	0.00455	0.00393	0.00110	0.00421	0.00346	0.00379	0.23087
27	0.00920	0.00920	0.01288	0.01104	0.01104	0.01288	0.00920	0.01012	0.00644	0.01012	0.00552	0.00920	0.00552	0.00736	0.01380	0.00184	0.84457	0.00368	0.00184	0.00460
28	0.00608	0.00429	0.00546	0.00549	0.00624	0.00417	0.00391	0.00754	0.02557	0.02748	0.31207	0.20194	0.09124	0.14633	0.11696	0.00256	0.00370	0.00781	0.01747	0.00367
29	0.03246	0.00406	0.00487	0.00518	0.00571	0.00385	0.00348	0.00633	0.00804	0.01085	0.10670	0.33258	0.16725	0.19879	0.00974	0.08206	0.00283	0.00859	0.00345	0.00319
30	0.01124	0.85479	0.02203	0.00719	0.01079	0.01663	0.00719	0.01259	0.00854	0.00989	0.00584	0.00674	0.00539	0.00360	0.00270	0.00090	0.00450	0.00225	0.00180	0.00539
31	0.00730	0.00365	0.00548	0.00548	0.00548	0.00365	0.00365	0.00548	0.00548	0.00730	0.00730	0.01278	0.00730	0.01460	0.01643	0.87769	0.00365	0.00365	0.00183	0.00183
32	0.08116	0.00582	0.00727	0.00631	0.00828	0.00537	0.00485	0.01349	0.02104	0.38276	0.10921	0.16760	0.07568	0.08449	0.00600	0.00164	0.00311	0.00634	0.00435	0.00524
33	0.03053	0.00698	0.00939	0.00728	0.01032	0.00610	0.00593	0.01950	0.01160	0.76742	0.01623	0.01500	0.01062	0.05663	0.00525	0.00147	0.00360	0.00431	0.00500	0.00684
34	0.00611	0.00408	0.00458	0.00458	0.00458	0.00408	0.00255	0.00611	0.00611	0.00815	0.01325	0.02751	0.01528	0.85226	0.02140	0.00408	0.00408	0.00611	0.00255	0.00255
35	0.05615	0.00707	0.00934	0.00728	0.01036	0.00628	0.00598	0.01942	0.02809	0.73005	0.05205	0.01510	0.02225	0.00538	0.00420	0.00131	0.00347	0.00436	0.00503	0.00684
36	0.00556	0.00418	0.00505	0.00502	0.00597	0.00377	0.00364	0.00697	0.01032	0.01385	0.43285	0.14808	0.26585	0.06267	0.00605	0.00158	0.00222	0.00849	0.00418	0.00368
37	0.00672	0.00480	0.00671	0.00768	0.00863	0.00479	0.00668	0.00862	0.00963	0.01252	0.02229	0.07309	0.02431	0.01166	0.00579	0.00193	0.00383	0.77260	0.00387	0.00386
38	0.01136	0.00890	0.00953	0.00837	0.01082	0.01008	0.00656	0.08528	0.66286	0.07410	0.01636	0.01514	0.01212	0.00558	0.00421	0.00138	0.00339	0.00460	0.04275	0.00661
39	0.00557	0.00400	0.00517	0.00595	0.00631	0.00385	0.00402	0.02491	0.02462	0.01111	0.02211	0.74790	0.02618	0.06510	0.00632	0.00184	0.00263	0.02507	0.00383	0.00352
40	0.00907	0.00746	0.00875	0.00627	0.00999	0.00562	0.00502	0.01093	0.00883	0.04191	0.00779	0.00891	0.00637	0.00319	0.00315	0.00065	0.00313	0.00255	0.00258	0.84783
41	0.01470	0.01085	0.01166	0.00902	0.01222	0.01181	0.00740	0.66849	0.05348	0.02449	0.01043	0.01058	0.00755	0.00492	0.00405	0.00120	0.00429	0.00374	0.05700	0.07213
42	0.00522	0.00372	0.00494	0.00578	0.00608	0.00348	0.00388	0.00604	0.00835	0.01122	0.09371	0.75973	0.02859	0.03063	0.00567	0.00172	0.00243	0.01144	0.00394	0.00344
43	0.11819	0.00654	0.00826	0.00676	0.00930	0.00600	0.00541	0.01634	0.01089	0.54145	0.10854	0.08691	0.01472	0.03542	0.00481	0.00143	0.00328	0.00511	0.00463	0.00600
44	0.00517	0.00435	0.00446	0.00444	0.00583	0.00370	0.00332	0.01811	0.00974	0.01174	0.06712	0.07552	0.75088	0.01061	0.00497	0.00143	0.00218	0.00889	0.00393	0.00361
45	0.00872	0.00747	0.00872	0.00623	0.00996	0.00560	0.00498	0.01058	0.00872	0.01370	0.00747	0.00872	0.00623	0.00311	0.00311	0.00062	0.00311	0.00249	0.00249	0.87796
46	0.00592	0.00405	0.00491	0.00507	0.00524	0.00407	0.00314	0.00629	0.00679	0.00918	0.05104	0.17537	0.01814	0.57670	0.10303	0.00380	0.00444	0.00707	0.00285	0.00289
47	0.16762	0.00630	0.00742	0.00648	0.00848	0.00616	0.00502	0.04848	0.00996	0.32976	0.05630	0.15538	0.01481	0.11851	0.00649	0.00176	0.00337	0.03849	0.00404	0.00516
48	0.00517	0.00370	0.00494	0.00591	0.00618	0.00346	0.00399	0.00594	0.00810	0.01079	0.02314	0.82385	0.02769	0.01312	0.00538	0.00171	0.00248	0.03710	0.00390	0.00343
49	0.00725	0.00367	0.00544	0.00544	0.00544	0.00367	0.00360	0.00550	0.00550	0.00734	0.00756	0.01343	0.00765	0.05153	0.01665	0.83918	0.00367	0.00376	0.00186	0.00186
50	0.00660	0.00503	0.00720	0.03570	0.00797	0.00596	0.00534	0.00745	0.00659	0.00937	0.01080	0.05344	0.01087	0.15421	0.44894	0.09634	0.11757	0.00486	0.00226	0.00349
51	0.03206	0.01136	0.01326	0.02866	0.06026	0.03402	0.06534	0.60396	0.04207	0.02332	0.03679	0.01097	0.00819	0.00494	0.00424	0.00128	0.00477	0.00396	0.00381	0.00673
52	0.01598	0.01177	0.01262	0.00967	0.01304	0.01304	0.00799	0.81202	0.01976	0.02649	0.01009	0.01009	0.00715	0.00505	0.00421	0.00126	0.00463	0.00378	0.00421	0.00715
53	0.01040	0.00999	0.01706	0.02580	0.82604	0.00999	0.01290	0.01290	0.00957	0.01373	0.00791	0.01040	0.00666	0.00375	0.00416	0.00125	0.00499	0.00375	0.00208	0.00666
54	0.01425	0.01145	0.01171	0.05238	0.01309	0.08673	0.00777	0.55249	0.09085	0.02233	0.03728	0.01134	0.00862	0.00516	0.00434	0.00127	0.02156	0.00390	0.03699	0.00649
55	0.01091	0.00982	0.01663	0.02471	0.77736	0.00976	0.01250	0.01335	0.00972	0.06241	0.00843	0.01064	0.00688	0.00383	0.00417	0.00125	0.00491	0.00377	0.00227	0.00669
56	0.00601	0.00450	0.00676	0.00676	0.00751	0.00525	0.00525	0.00751	0.00676	0.00976	0.01126	0.01651	0.01051	0.03153	0.83560	0.00676	0.01126	0.00450	0.00225	0.00375
57	0.00860	0.06806	0.74854	0.01146	0.01741	0.00997	0.01459	0.01315	0.00885	0.01314	0.00744	0.00875	0.00537	0.00393	0.00388	0.00128	0.00598	0.00303	0.00181	0.04476
58	0.01037	0.00882	0.01403	0.11510	0.47433	0.00906	0.02351	0.07654	0.02420	0.06560	0.01147	0.07333	0.04474	0.00566	0.02362	0.00145	0.00478	0.00466	0.00268	0.00604
59	0.00642	0.00546	0.05225	0.00658	0.00750	0.00476	0.00509	0.05486	0.00884	0.02464	0.02076	0.55365	0.05701	0.05004	0.05745	0.00207	0.01513	0.05996	0.00363	0.00389
60	0.20297	0.00812	0.00841	0.00712	0.00950	0.04560	0.00564	0.18808	0.01181	0.17317	0.09895	0.14788	0.01387	0.00637	0.00405	0.00131	0.00354	0.00514	0.00385	0.05461
61	0.03661	0.00912	0.01524	0.02146	0.62413	0.00913	0.04641	0.01242	0.02261	0.03113	0.04531	0.05894	0.00955	0.00551	0.03302	0.00148	0.00492	0.00444	0.00242	0.00616
62	0.07118	0.01159	0.01165	0.01033	0.07841	0.18282	0.04517	0.18096	0.07942	0.04978	0.00894	0.00972	0.00689	0.00427	0.00395	0.00110	0.01927	0.00329	0.00299	0.21826

[dist]
# distance from previous block
# <min> <max>
0	18

# created by:
# /st0/software/busco_prod/Augustus/scripts/msa2prfl.pl ./align_prep/128474.fa
