[name]
unknown

[dist]
# distance from previous block
# <min> <max>
3	51

[block]
# block no. 0 follows, 55 sequences, length 14
# corresponding to MSA columns:
# 51-64
name=unknown_A
#
# <colnr> <probs for GDERKNQSTAVLIFYWHMCP>
#	G	D	E	R	K	N	Q	S	T	A	V	L	I	F	Y	W	H	M	C	P
0	0.00920	0.00842	0.01384	0.73274	0.06618	0.01030	0.01251	0.03799	0.00980	0.01281	0.00863	0.01249	0.00651	0.00469	0.00460	0.00152	0.00599	0.00414	0.03229	0.00533
1	0.00867	0.00503	0.00638	0.00623	0.00711	0.00483	0.00429	0.00950	0.00885	0.13950	0.04352	0.22142	0.06787	0.32921	0.11341	0.00348	0.00477	0.00800	0.00377	0.00415
2	0.00676	0.00545	0.00732	0.00928	0.13521	0.00513	0.00543	0.00784	0.00926	0.01208	0.02687	0.33423	0.23974	0.16337	0.00887	0.00220	0.00339	0.00963	0.00372	0.00422
3	0.07150	0.00859	0.01392	0.68833	0.10584	0.01041	0.01248	0.01225	0.00933	0.01286	0.00819	0.01196	0.00623	0.00458	0.00452	0.00153	0.00595	0.00402	0.00215	0.00537
4	0.00938	0.01133	0.14340	0.54746	0.17332	0.01054	0.01386	0.01279	0.00962	0.01296	0.00837	0.01182	0.00637	0.00452	0.00461	0.00151	0.00619	0.00402	0.00209	0.00585
5	0.01077	0.00960	0.01495	0.53314	0.18594	0.01114	0.01254	0.13795	0.01159	0.01536	0.00883	0.01202	0.00671	0.00470	0.00464	0.00149	0.00589	0.00415	0.00253	0.00605
6	0.00766	0.00630	0.00952	0.00826	0.01010	0.00576	0.13096	0.00984	0.04241	0.04130	0.11126	0.29114	0.20592	0.02279	0.00569	0.00164	0.00354	0.00914	0.01815	0.05861
7	0.00731	0.00484	0.00606	0.00581	0.00686	0.00445	0.00418	0.00886	0.01140	0.06667	0.45461	0.11622	0.12893	0.14320	0.00841	0.00201	0.00275	0.00857	0.00461	0.00424
8	0.00601	0.00437	0.00584	0.00641	0.00697	0.00425	0.00450	0.00718	0.00938	0.01273	0.14968	0.50000	0.07054	0.04196	0.14435	0.00283	0.00431	0.01067	0.00409	0.00392
9	0.32094	0.00799	0.00782	0.00694	0.00942	0.00857	0.00550	0.06778	0.13761	0.10729	0.05092	0.06981	0.14681	0.00704	0.00425	0.00150	0.00340	0.00551	0.02528	0.00562
10	0.00907	0.00795	0.00721	0.00698	0.00843	0.13575	0.00509	0.01108	0.06798	0.06314	0.10666	0.20377	0.25826	0.07918	0.00679	0.00181	0.00376	0.00841	0.00409	0.00459
11	0.00641	0.00489	0.00510	0.00509	0.00653	0.00442	0.00380	0.00843	0.05257	0.01404	0.08666	0.08906	0.53792	0.01050	0.00512	0.00151	0.00241	0.00882	0.14252	0.00420
12	0.00767	0.00596	0.00719	0.00686	0.00739	0.00668	0.00484	0.00963	0.09145	0.01201	0.06808	0.12787	0.06767	0.37295	0.01494	0.00295	0.13638	0.00719	0.03828	0.00402
13	0.08512	0.00757	0.00856	0.00752	0.00967	0.00774	0.00579	0.15443	0.08987	0.17219	0.06201	0.18456	0.09388	0.07013	0.00630	0.00177	0.00362	0.00704	0.01643	0.00577

[dist]
# distance from previous block
# <min> <max>
3	15

[block]
# block no. 1 follows, 55 sequences, length 12
# corresponding to MSA columns:
# 81-92
name=unknown_B
#
# <colnr> <probs for GDERKNQSTAVLIFYWHMCP>
#	G	D	E	R	K	N	Q	S	T	A	V	L	I	F	Y	W	H	M	C	P
0	0.04256	0.00715	0.00788	0.00735	0.00931	0.00754	0.00574	0.03493	0.29157	0.06461	0.11709	0.07234	0.15784	0.00847	0.00497	0.00157	0.00319	0.07241	0.07785	0.00564
1	0.00666	0.00491	0.00710	0.00710	0.00780	0.00561	0.00535	0.00807	0.00737	0.01052	0.01280	0.02018	0.01246	0.16010	0.69399	0.00701	0.01122	0.00526	0.00254	0.00395
2	0.00801	0.00466	0.00501	0.00505	0.00591	0.00469	0.00355	0.01017	0.04975	0.01527	0.05919	0.10433	0.01672	0.17562	0.00788	0.00191	0.00278	0.00601	0.50937	0.00413
3	0.00864	0.00558	0.00681	0.00664	0.00815	0.00525	0.00506	0.01125	0.08720	0.12474	0.17744	0.22135	0.22405	0.01074	0.00549	0.00166	0.00293	0.07742	0.00471	0.00490
4	0.00716	0.00540	0.00644	0.00645	0.00735	0.00551	0.00453	0.01022	0.14081	0.01399	0.19960	0.23259	0.07395	0.20552	0.05706	0.00266	0.00372	0.00861	0.00411	0.00432
5	0.01497	0.01353	0.01459	0.04408	0.09864	0.16235	0.05601	0.37562	0.01583	0.02040	0.00977	0.01161	0.00767	0.03629	0.00617	0.00154	0.07451	0.00413	0.02562	0.00667
6	0.00704	0.00506	0.00611	0.00627	0.00684	0.00514	0.00420	0.04040	0.05164	0.01218	0.05995	0.31000	0.04610	0.33212	0.08291	0.00331	0.00436	0.00886	0.00366	0.00384
7	0.00726	0.00584	0.00607	0.00613	0.00700	0.05309	0.00423	0.04006	0.00991	0.01256	0.09926	0.25781	0.21855	0.20913	0.01030	0.03254	0.00349	0.00907	0.00385	0.00385
8	0.16586	0.02086	0.01176	0.13938	0.08776	0.05330	0.05012	0.04145	0.03397	0.07357	0.01378	0.08140	0.07294	0.00839	0.06115	0.00195	0.06858	0.00516	0.00311	0.00551
9	0.01150	0.05038	0.20283	0.01413	0.17261	0.13114	0.01101	0.09422	0.02665	0.01477	0.01086	0.06182	0.02302	0.07355	0.02877	0.00186	0.05746	0.00463	0.00270	0.00608
10	0.16291	0.02972	0.17034	0.07444	0.07618	0.06534	0.06637	0.07169	0.04208	0.02697	0.04256	0.04195	0.00914	0.00504	0.00424	0.00137	0.00527	0.00413	0.00288	0.09738
11	0.11567	0.15489	0.02964	0.05974	0.14546	0.10004	0.00864	0.04166	0.05636	0.01500	0.04054	0.06079	0.02743	0.00550	0.00451	0.00132	0.03640	0.00428	0.00284	0.08931

[dist]
# distance from previous block
# <min> <max>
9	43

[block]
# block no. 2 follows, 55 sequences, length 12
# corresponding to MSA columns:
# 137-148
name=unknown_C
#
# <colnr> <probs for GDERKNQSTAVLIFYWHMCP>
#	G	D	E	R	K	N	Q	S	T	A	V	L	I	F	Y	W	H	M	C	P
0	0.01002	0.00851	0.03829	0.17508	0.08477	0.00839	0.06224	0.08129	0.06780	0.06903	0.10197	0.13111	0.08827	0.01930	0.00529	0.00157	0.00448	0.00655	0.00365	0.03240
1	0.05827	0.04887	0.07557	0.19904	0.05607	0.07602	0.00977	0.20074	0.05726	0.01732	0.01104	0.08826	0.00954	0.02267	0.00512	0.00152	0.02263	0.00476	0.00316	0.03236
2	0.24445	0.12859	0.08132	0.07947	0.01342	0.03758	0.03167	0.04232	0.11087	0.01595	0.01063	0.07955	0.00947	0.04413	0.00551	0.00161	0.05052	0.00442	0.00294	0.00559
3	0.01156	0.05001	0.04619	0.05039	0.46497	0.02948	0.13051	0.04968	0.06010	0.01552	0.01021	0.01243	0.02487	0.00458	0.00486	0.00142	0.01931	0.00442	0.00257	0.00691
4	0.01235	0.01038	0.01194	0.00971	0.05125	0.06612	0.03260	0.13815	0.01204	0.06660	0.00923	0.01040	0.00727	0.00433	0.00453	0.00102	0.04882	0.00335	0.00315	0.49676
5	0.00711	0.00538	0.00672	0.00627	0.00733	0.00500	0.02967	0.02666	0.00888	0.01203	0.06241	0.19730	0.11376	0.34873	0.03968	0.00292	0.00401	0.00794	0.00345	0.10474
6	0.00736	0.00591	0.00750	0.00684	0.00853	0.00537	0.04295	0.06684	0.01130	0.01504	0.16028	0.26873	0.26333	0.01049	0.00534	0.00154	0.00302	0.00920	0.00422	0.09621
7	0.00808	0.00404	0.00606	0.00606	0.00606	0.00404	0.00404	0.00606	0.00606	0.00808	0.00808	0.01414	0.00808	0.01616	0.01818	0.86465	0.00404	0.00404	0.00202	0.00202
8	0.00997	0.03735	0.04291	0.26324	0.04818	0.01110	0.17868	0.01367	0.07835	0.01364	0.00980	0.01379	0.00807	0.00541	0.00644	0.00156	0.13641	0.03893	0.00252	0.07999
9	0.01287	0.00985	0.02798	0.01009	0.04271	0.03089	0.00800	0.24021	0.19962	0.08921	0.03628	0.06120	0.03154	0.00785	0.00513	0.00163	0.00440	0.16952	0.00447	0.00655
10	0.04237	0.10709	0.19020	0.00919	0.01249	0.00880	0.05673	0.03062	0.04713	0.10506	0.08946	0.18182	0.08459	0.00775	0.00481	0.00151	0.00441	0.00664	0.00361	0.00572
11	0.01025	0.03382	0.09489	0.04397	0.08112	0.05366	0.17681	0.09227	0.01216	0.03008	0.14403	0.08037	0.11245	0.00693	0.00507	0.00149	0.00512	0.00633	0.00342	0.00575

[dist]
# distance from previous block
# <min> <max>
6	36

[block]
# block no. 3 follows, 55 sequences, length 27
# corresponding to MSA columns:
# 190-216
name=unknown_D
#
# <colnr> <probs for GDERKNQSTAVLIFYWHMCP>
#	G	D	E	R	K	N	Q	S	T	A	V	L	I	F	Y	W	H	M	C	P
0	0.03837	0.08434	0.05631	0.05250	0.01273	0.09050	0.02237	0.07382	0.09647	0.05540	0.11004	0.08449	0.04596	0.00695	0.00566	0.00147	0.08628	0.01498	0.00351	0.05787
1	0.02295	0.03421	0.06075	0.03819	0.09316	0.03593	0.10350	0.01336	0.11156	0.05148	0.09007	0.03899	0.19565	0.02041	0.00571	0.00159	0.03530	0.03800	0.00358	0.00561
2	0.01091	0.01054	0.05752	0.00948	0.02433	0.06840	0.02359	0.12166	0.23084	0.01719	0.02997	0.11054	0.08324	0.00780	0.01786	0.00158	0.03322	0.03406	0.00385	0.10341
3	0.00867	0.00434	0.00434	0.00434	0.00542	0.00434	0.00325	0.01084	0.00976	0.01734	0.01518	0.01734	0.01192	0.00542	0.00325	0.00108	0.00217	0.00434	0.86233	0.00434
4	0.00892	0.00853	0.01477	0.77642	0.03157	0.01042	0.06012	0.01207	0.00940	0.01207	0.00834	0.01241	0.00625	0.00461	0.00470	0.00155	0.00630	0.00422	0.00208	0.00524
5	0.01738	0.02217	0.01318	0.01199	0.01438	0.81783	0.00899	0.01858	0.01318	0.01139	0.00719	0.00839	0.00599	0.00479	0.00419	0.00120	0.00839	0.00300	0.00240	0.00539
6	0.01709	0.01274	0.01363	0.01058	0.01420	0.01415	0.00870	0.71741	0.09740	0.02836	0.01192	0.01177	0.00852	0.00566	0.00466	0.00141	0.00498	0.00429	0.00466	0.00786
7	0.00664	0.00515	0.00695	0.03729	0.00843	0.00480	0.02961	0.00873	0.01239	0.01699	0.58160	0.03569	0.18120	0.00969	0.00549	0.00151	0.00263	0.03608	0.00474	0.00439
8	0.01098	0.01255	0.02745	0.01961	0.02431	0.01176	0.79059	0.01490	0.01098	0.01490	0.00941	0.01255	0.00706	0.00392	0.00549	0.00157	0.00784	0.00549	0.00235	0.00627
9	0.86937	0.00900	0.00684	0.00612	0.00900	0.01044	0.00504	0.01368	0.00792	0.02087	0.00648	0.00756	0.00504	0.00432	0.00288	0.00144	0.00360	0.00252	0.00288	0.00504
10	0.01078	0.01035	0.01768	0.18128	0.61477	0.01071	0.03125	0.01359	0.01035	0.01447	0.00989	0.01276	0.03246	0.00448	0.00466	0.00142	0.00561	0.00435	0.00232	0.00681
11	0.05125	0.14157	0.07095	0.00803	0.01066	0.06533	0.00699	0.10208	0.01241	0.10743	0.24124	0.05123	0.01992	0.06961	0.00602	0.00162	0.00425	0.01995	0.00389	0.00559
12	0.00600	0.03582	0.00621	0.00653	0.00697	0.00444	0.00448	0.00689	0.00893	0.01190	0.04244	0.73710	0.02915	0.03177	0.03581	0.00210	0.00317	0.01227	0.00415	0.00387
13	0.00565	0.00458	0.00504	0.00532	0.00654	0.00396	0.00390	0.00682	0.01031	0.01270	0.07177	0.23315	0.56189	0.01240	0.00564	0.00166	0.00250	0.03791	0.00435	0.00392
14	0.00810	0.00534	0.00687	0.00628	0.00768	0.00503	0.00478	0.01093	0.06089	0.08593	0.69055	0.03209	0.03935	0.00900	0.00537	0.00147	0.00243	0.00790	0.00515	0.00487
15	0.01244	0.83930	0.02438	0.00796	0.01194	0.01841	0.00796	0.01393	0.00945	0.01095	0.00647	0.00746	0.00597	0.00398	0.00299	0.00100	0.00498	0.00249	0.00199	0.00597
16	0.01140	0.56697	0.28762	0.00973	0.01468	0.01587	0.01104	0.01420	0.00958	0.01221	0.00710	0.00825	0.00594	0.00413	0.00346	0.00115	0.00561	0.00280	0.00198	0.00627
17	0.00911	0.00913	0.03328	0.67905	0.04538	0.01071	0.07273	0.01219	0.00934	0.01221	0.00824	0.01220	0.00628	0.00479	0.00536	0.00158	0.05679	0.00422	0.00209	0.00533
18	0.86937	0.00900	0.00684	0.00612	0.00900	0.01044	0.00504	0.01368	0.00792	0.02087	0.00648	0.00756	0.00504	0.00432	0.00288	0.00144	0.00360	0.00252	0.00288	0.00504
19	0.00686	0.00529	0.00649	0.00649	0.00718	0.02931	0.00466	0.00793	0.00805	0.01079	0.04355	0.05116	0.10018	0.28249	0.38996	0.00526	0.00796	0.01969	0.00296	0.00374
20	0.00631	0.00465	0.00590	0.00578	0.00683	0.00424	0.00426	0.00817	0.01223	0.01688	0.59315	0.14673	0.14655	0.01052	0.00555	0.00154	0.00229	0.00927	0.00490	0.00424
21	0.00867	0.00434	0.00434	0.00434	0.00542	0.00434	0.00325	0.01084	0.00976	0.01734	0.01518	0.01734	0.01192	0.00542	0.00325	0.00108	0.00217	0.00434	0.86233	0.00434
22	0.02690	0.04132	0.04441	0.04322	0.02602	0.07440	0.10977	0.15073	0.09552	0.11334	0.01185	0.04794	0.00937	0.01614	0.00514	0.00140	0.03527	0.00452	0.00353	0.13921
23	0.01004	0.00829	0.01354	0.72174	0.02949	0.01003	0.01216	0.01332	0.03346	0.08938	0.00957	0.01288	0.00696	0.00481	0.00466	0.00154	0.00591	0.00422	0.00250	0.00550
24	0.06248	0.14768	0.04742	0.03590	0.06082	0.04150	0.10434	0.12381	0.04545	0.02793	0.01021	0.01322	0.02060	0.05750	0.04355	0.00189	0.09884	0.01545	0.00285	0.03858
25	0.01151	0.32445	0.26273	0.01122	0.01545	0.10609	0.06661	0.01432	0.01000	0.01274	0.03607	0.00991	0.00741	0.00482	0.00506	0.00133	0.08863	0.00342	0.00217	0.00606
26	0.00614	0.00457	0.00574	0.00596	0.00690	0.00417	0.00437	0.00771	0.01123	0.01512	0.37356	0.27764	0.19356	0.01168	0.00568	0.00165	0.00250	0.05305	0.00467	0.00411

[dist]
# distance from previous block
# <min> <max>
0	1

[block]
# block no. 4 follows, 55 sequences, length 9
# corresponding to MSA columns:
# 218-226
name=unknown_E
#
# <colnr> <probs for GDERKNQSTAVLIFYWHMCP>
#	G	D	E	R	K	N	Q	S	T	A	V	L	I	F	Y	W	H	M	C	P
0	0.00767	0.00557	0.00777	0.00810	0.02821	0.00541	0.04300	0.05480	0.03607	0.04650	0.05282	0.61583	0.02678	0.01241	0.00571	0.00179	0.00326	0.02944	0.00430	0.00455
1	0.03047	0.00986	0.01252	0.02738	0.13619	0.03217	0.03211	0.15149	0.03171	0.09293	0.01059	0.03548	0.00858	0.02127	0.00538	0.02361	0.03564	0.00405	0.00332	0.29523
2	0.04715	0.01605	0.01220	0.01068	0.01335	0.39725	0.00831	0.18862	0.14685	0.03741	0.01108	0.01252	0.00881	0.00665	0.03552	0.00159	0.00661	0.02963	0.00346	0.00624
3	0.76225	0.01011	0.00768	0.00678	0.00968	0.06461	0.00553	0.05988	0.00909	0.02074	0.00680	0.00783	0.00527	0.00442	0.00307	0.00142	0.00401	0.00265	0.00295	0.00523
4	0.00867	0.00434	0.00434	0.00434	0.00542	0.00434	0.00325	0.01084	0.00976	0.01734	0.01518	0.01734	0.01192	0.00542	0.00325	0.00108	0.00217	0.00434	0.86233	0.00434
5	0.00867	0.00434	0.00434	0.00434	0.00542	0.00434	0.00325	0.01084	0.00976	0.01734	0.01518	0.01734	0.01192	0.00542	0.00325	0.00108	0.00217	0.00434	0.86233	0.00434
6	0.04882	0.24954	0.03868	0.05077	0.03325	0.33283	0.00882	0.08624	0.04184	0.03391	0.00921	0.01014	0.02766	0.00485	0.00395	0.00123	0.00627	0.00334	0.00270	0.00595
7	0.04116	0.12205	0.03773	0.00745	0.00983	0.03900	0.00625	0.03260	0.11942	0.04901	0.09448	0.08556	0.22635	0.00820	0.00508	0.00146	0.03124	0.02645	0.00383	0.05287
8	0.03915	0.13507	0.35423	0.01225	0.04816	0.08021	0.05751	0.03199	0.10253	0.04765	0.01048	0.01142	0.02417	0.00487	0.00449	0.00140	0.02137	0.00381	0.00266	0.00657

[dist]
# distance from previous block
# <min> <max>
0	20

[block]
# block no. 5 follows, 55 sequences, length 11
# corresponding to MSA columns:
# 247-257
name=unknown_F
#
# <colnr> <probs for GDERKNQSTAVLIFYWHMCP>
#	G	D	E	R	K	N	Q	S	T	A	V	L	I	F	Y	W	H	M	C	P
0	0.05372	0.01015	0.03395	0.13876	0.06484	0.05098	0.00854	0.06605	0.33660	0.05283	0.08505	0.01706	0.03197	0.02306	0.00505	0.00156	0.00447	0.00504	0.00390	0.00641
1	0.01019	0.03342	0.18311	0.07979	0.24725	0.04547	0.05144	0.01420	0.08305	0.01470	0.04734	0.01622	0.07934	0.00565	0.00507	0.00147	0.03429	0.01999	0.00277	0.02522
2	0.00893	0.00852	0.01497	0.42750	0.06097	0.00956	0.15419	0.02720	0.00975	0.01288	0.01208	0.10517	0.03760	0.00798	0.05968	0.00199	0.02759	0.00565	0.00254	0.00526
3	0.00682	0.00514	0.00744	0.00735	0.00803	0.00600	0.00559	0.00822	0.00736	0.01057	0.01249	0.01961	0.01212	0.14489	0.67296	0.00683	0.04686	0.00519	0.00252	0.00401
4	0.01503	0.01134	0.01317	0.01029	0.01349	0.01239	0.03313	0.47422	0.07994	0.05925	0.03378	0.01239	0.00929	0.00594	0.00588	0.01834	0.08464	0.00429	0.00414	0.09907
5	0.00867	0.00434	0.00434	0.00434	0.00542	0.00434	0.00325	0.01084	0.00976	0.01734	0.01518	0.01734	0.01192	0.00542	0.00325	0.00108	0.00217	0.00434	0.86233	0.00434
6	0.01067	0.15344	0.36620	0.05531	0.15851	0.03807	0.06413	0.01464	0.03259	0.01393	0.00834	0.01022	0.00651	0.00452	0.00480	0.00141	0.04435	0.00364	0.00216	0.00657
7	0.01273	0.01057	0.01117	0.00970	0.01254	0.01211	0.00764	0.16954	0.65238	0.02132	0.01747	0.01619	0.01301	0.00617	0.00472	0.00154	0.00395	0.00506	0.00472	0.00747
8	0.00867	0.00434	0.00434	0.00434	0.00542	0.00434	0.00325	0.01084	0.00976	0.01734	0.01518	0.01734	0.01192	0.00542	0.00325	0.00108	0.00217	0.00434	0.86233	0.00434
9	0.01346	0.05985	0.01520	0.07947	0.22931	0.31352	0.03713	0.06284	0.05178	0.01408	0.00998	0.07363	0.00885	0.00541	0.00451	0.00136	0.00637	0.00443	0.00272	0.00610
10	0.04570	0.13037	0.09030	0.01055	0.04407	0.05051	0.06866	0.12238	0.04003	0.12811	0.03806	0.01174	0.00891	0.00479	0.00436	0.00124	0.01986	0.00383	0.00333	0.17320

[dist]
# distance from previous block
# <min> <max>
0	2

[block]
# block no. 6 follows, 55 sequences, length 21
# corresponding to MSA columns:
# 260-280
name=unknown_G
#
# <colnr> <probs for GDERKNQSTAVLIFYWHMCP>
#	G	D	E	R	K	N	Q	S	T	A	V	L	I	F	Y	W	H	M	C	P
0	0.44666	0.03719	0.01083	0.03421	0.01230	0.24186	0.03473	0.03926	0.01019	0.04335	0.00736	0.00864	0.00580	0.00472	0.00413	0.00139	0.04618	0.00301	0.00278	0.00540
1	0.00867	0.00434	0.00434	0.00434	0.00542	0.00434	0.00325	0.01084	0.00976	0.01734	0.01518	0.01734	0.01192	0.00542	0.00325	0.00108	0.00217	0.00434	0.86233	0.00434
2	0.00867	0.00434	0.00434	0.00434	0.00542	0.00434	0.00325	0.01084	0.00976	0.01734	0.01518	0.01734	0.01192	0.00542	0.00325	0.00108	0.00217	0.00434	0.86233	0.00434
3	0.05898	0.03748	0.05090	0.00822	0.01143	0.00829	0.00704	0.10736	0.06561	0.39956	0.13903	0.01871	0.05390	0.00644	0.00468	0.00144	0.00389	0.00524	0.00493	0.00688
4	0.00585	0.00530	0.02996	0.00527	0.00686	0.00423	0.00416	0.00735	0.01105	0.01387	0.20147	0.06695	0.59904	0.01118	0.00548	0.00156	0.00247	0.00944	0.00441	0.00411
5	0.00666	0.00494	0.00724	0.00724	0.00799	0.00569	0.00552	0.00815	0.00741	0.01062	0.01268	0.01948	0.01215	0.11423	0.73944	0.00718	0.01167	0.00516	0.00252	0.00402
6	0.00933	0.02406	0.81240	0.01326	0.02014	0.01080	0.01719	0.01473	0.00982	0.01473	0.00835	0.00982	0.00589	0.00442	0.00442	0.00147	0.00688	0.00344	0.00196	0.00688
7	0.00759	0.00640	0.00903	0.02641	0.00973	0.03282	0.03153	0.00913	0.00772	0.01088	0.01155	0.01767	0.01096	0.09115	0.59528	0.00611	0.10435	0.00495	0.00245	0.00429
8	0.00867	0.00434	0.00434	0.00434	0.00542	0.00434	0.00325	0.01084	0.00976	0.01734	0.01518	0.01734	0.01192	0.00542	0.00325	0.00108	0.00217	0.00434	0.86233	0.00434
9	0.00638	0.00475	0.00593	0.00564	0.00682	0.00430	0.00423	0.00838	0.01269	0.01751	0.66217	0.03664	0.18747	0.00994	0.00549	0.00148	0.00223	0.00868	0.00497	0.00430
10	0.01788	0.01271	0.01376	0.01055	0.01427	0.01395	0.00872	0.74366	0.02134	0.07839	0.01162	0.01146	0.00814	0.00560	0.00466	0.00140	0.00505	0.00422	0.00472	0.00791
11	0.00867	0.00434	0.00434	0.00434	0.00542	0.00434	0.00325	0.01084	0.00976	0.01734	0.01518	0.01734	0.01192	0.00542	0.00325	0.00108	0.00217	0.00434	0.86233	0.00434
12	0.00867	0.00434	0.00434	0.00434	0.00542	0.00434	0.00325	0.01084	0.00976	0.01734	0.01518	0.01734	0.01192	0.00542	0.00325	0.00108	0.00217	0.00434	0.86233	0.00434
13	0.00577	0.00412	0.00552	0.00659	0.00691	0.00387	0.00450	0.00665	0.00901	0.01199	0.02558	0.78975	0.03055	0.01448	0.00597	0.00190	0.00279	0.05593	0.00432	0.00381
14	0.01219	0.20253	0.01702	0.04783	0.01413	0.18418	0.05060	0.01360	0.00923	0.01140	0.00669	0.00940	0.00611	0.00611	0.00914	0.00157	0.38716	0.00356	0.00212	0.00542
15	0.01008	0.00853	0.00988	0.00710	0.01121	0.00665	0.00569	0.05416	0.01031	0.01593	0.00843	0.00973	0.00695	0.00356	0.00351	0.00073	0.00354	0.00283	0.00286	0.81832
16	0.19703	0.27834	0.05802	0.03691	0.01327	0.19196	0.00829	0.10996	0.01162	0.04515	0.00780	0.00874	0.00622	0.00454	0.00363	0.00124	0.00556	0.00300	0.00273	0.00597
17	0.01162	0.01134	0.01852	0.05510	0.75379	0.03880	0.01405	0.01434	0.01064	0.01495	0.00868	0.01144	0.00728	0.00418	0.00459	0.00138	0.00565	0.00411	0.00230	0.00723
18	0.00990	0.00897	0.01546	0.35041	0.23344	0.00959	0.10639	0.01273	0.01044	0.04934	0.07602	0.01656	0.06977	0.00540	0.00487	0.00150	0.00551	0.00510	0.00274	0.00586
19	0.02553	0.17988	0.07955	0.04275	0.13474	0.08876	0.00913	0.07987	0.03701	0.04110	0.01348	0.01433	0.10435	0.00538	0.00436	0.00126	0.01918	0.00419	0.00291	0.11225
20	0.03908	0.00759	0.04422	0.03223	0.09941	0.05020	0.00717	0.01015	0.02644	0.01411	0.11043	0.26785	0.08879	0.01027	0.00542	0.00170	0.00390	0.15734	0.00383	0.01986

[dist]
# distance from previous block
# <min> <max>
8	22

[block]
# block no. 7 follows, 55 sequences, length 36
# corresponding to MSA columns:
# 303-338
name=unknown_H
#
# <colnr> <probs for GDERKNQSTAVLIFYWHMCP>
#	G	D	E	R	K	N	Q	S	T	A	V	L	I	F	Y	W	H	M	C	P
0	0.01115	0.22406	0.12103	0.23198	0.06662	0.03129	0.08790	0.02654	0.10833	0.03410	0.00956	0.01136	0.00741	0.00460	0.00428	0.00138	0.00576	0.00389	0.00255	0.00622
1	0.02648	0.01066	0.08160	0.01192	0.04862	0.06966	0.21864	0.01336	0.04400	0.07442	0.14414	0.02090	0.06540	0.12125	0.00778	0.00192	0.01579	0.01466	0.00335	0.00548
2	0.05620	0.01096	0.01209	0.04539	0.11619	0.17324	0.05408	0.03824	0.03020	0.09287	0.13882	0.06869	0.05314	0.02579	0.00594	0.00155	0.06194	0.00556	0.00348	0.00564
3	0.01004	0.00723	0.01099	0.05949	0.24670	0.00703	0.00828	0.01226	0.01164	0.12322	0.28552	0.08762	0.05134	0.00780	0.00516	0.00152	0.00381	0.05056	0.00406	0.00572
4	0.00736	0.00627	0.00746	0.00846	0.06180	0.05312	0.00561	0.00917	0.04775	0.01359	0.15464	0.48129	0.06969	0.01164	0.00595	0.00172	0.03561	0.01028	0.00413	0.00445
5	0.00728	0.00562	0.00784	0.20734	0.01257	0.00615	0.00600	0.00852	0.00807	0.01089	0.05962	0.06105	0.01540	0.39947	0.13365	0.00379	0.00584	0.00612	0.00279	0.03198
6	0.06453	0.00779	0.00978	0.08549	0.01245	0.00785	0.00686	0.13803	0.01265	0.31436	0.01898	0.17755	0.07687	0.02311	0.00543	0.00161	0.01937	0.00654	0.00454	0.00621
7	0.01225	0.01044	0.02885	0.35332	0.02221	0.01160	0.07855	0.26029	0.06849	0.03892	0.04293	0.01328	0.00905	0.00530	0.00500	0.00151	0.02383	0.00452	0.00331	0.00635
8	0.01113	0.00941	0.00876	0.00789	0.00978	0.16061	0.00602	0.07663	0.07765	0.09207	0.32038	0.09089	0.09324	0.00829	0.00507	0.00146	0.00395	0.00694	0.00446	0.00535
9	0.01224	0.01099	0.04380	0.01006	0.03096	0.11856	0.03848	0.09631	0.24232	0.08821	0.01671	0.20049	0.01514	0.00765	0.00492	0.00154	0.00461	0.01857	0.00407	0.03438
10	0.01230	0.75661	0.02285	0.00800	0.01175	0.05038	0.00779	0.01382	0.00982	0.01142	0.05354	0.00911	0.00821	0.00434	0.00318	0.00103	0.00495	0.00286	0.00219	0.00585
11	0.01073	0.10463	0.01828	0.22821	0.02028	0.02963	0.19283	0.01306	0.00918	0.03637	0.00788	0.01114	0.00650	0.00562	0.00823	0.00164	0.28372	0.00424	0.00223	0.00558
12	0.00674	0.00460	0.00554	0.00554	0.00570	0.00476	0.00340	0.00707	0.00690	0.00937	0.01423	0.02808	0.01589	0.68060	0.17818	0.00509	0.00606	0.00642	0.00276	0.00308
13	0.01016	0.08350	0.47362	0.01509	0.02097	0.01174	0.28978	0.01473	0.01020	0.01450	0.00858	0.01060	0.00631	0.00421	0.00469	0.00147	0.00707	0.00409	0.00210	0.00659
14	0.00576	0.00424	0.00535	0.00609	0.00664	0.00388	0.00415	0.00674	0.00952	0.01254	0.10272	0.60299	0.15770	0.04057	0.00640	0.00188	0.00265	0.01200	0.00435	0.00383
15	0.00867	0.00434	0.00434	0.00434	0.00542	0.00434	0.00325	0.01084	0.00976	0.01734	0.01518	0.01734	0.01192	0.00542	0.00325	0.00108	0.00217	0.00434	0.86233	0.00434
16	0.00570	0.00407	0.00543	0.00645	0.00676	0.00380	0.00432	0.00656	0.00907	0.01213	0.05472	0.80367	0.03126	0.01439	0.00592	0.00187	0.00268	0.01305	0.00435	0.00380
17	0.01774	0.00847	0.01065	0.00848	0.01170	0.00812	0.00689	0.10478	0.13126	0.53075	0.09477	0.01741	0.01470	0.00619	0.00476	0.00146	0.00387	0.00508	0.00542	0.00749
18	0.01288	0.00948	0.01467	0.01947	0.46366	0.00927	0.01071	0.04095	0.04266	0.18499	0.05490	0.01702	0.08726	0.00563	0.00476	0.00142	0.00463	0.00506	0.00355	0.00702
19	0.00867	0.00434	0.00434	0.00434	0.00542	0.00434	0.00325	0.01084	0.00976	0.01734	0.01518	0.01734	0.01192	0.00542	0.00325	0.00108	0.00217	0.00434	0.86233	0.00434
20	0.00879	0.00827	0.01395	0.82532	0.03204	0.01034	0.01292	0.01189	0.00930	0.01189	0.00827	0.01240	0.00620	0.00465	0.00465	0.00155	0.00620	0.00413	0.00207	0.00517
21	0.01205	0.01023	0.01079	0.00956	0.01228	0.01179	0.00748	0.08449	0.73853	0.02023	0.01833	0.01687	0.01371	0.00626	0.00473	0.00156	0.00379	0.00518	0.00473	0.00741
22	0.01735	0.05290	0.01416	0.01102	0.01430	0.28652	0.00885	0.49559	0.01838	0.02243	0.00961	0.01006	0.00718	0.00525	0.00442	0.00131	0.00622	0.00371	0.00377	0.00697
23	0.01768	0.01303	0.01396	0.01070	0.01443	0.01443	0.00884	0.79197	0.02187	0.02932	0.01117	0.01117	0.00791	0.00558	0.00465	0.00140	0.00512	0.00419	0.00465	0.00791
24	0.01373	0.01086	0.01531	0.01216	0.01463	0.07370	0.17398	0.09745	0.02651	0.19323	0.01197	0.07304	0.00978	0.00712	0.02276	0.00175	0.22718	0.00515	0.00347	0.00622
25	0.01768	0.01303	0.01396	0.01070	0.01443	0.01443	0.00884	0.79197	0.02187	0.02932	0.01117	0.01117	0.00791	0.00558	0.00465	0.00140	0.00512	0.00419	0.00465	0.00791
26	0.00658	0.00476	0.00622	0.00585	0.00695	0.00439	0.00439	0.00878	0.01317	0.01866	0.80503	0.03475	0.04390	0.00951	0.00549	0.00146	0.00219	0.00841	0.00512	0.00439
27	0.00946	0.01033	0.09560	0.25856	0.02143	0.00945	0.24403	0.01253	0.01025	0.04647	0.08648	0.11558	0.01324	0.00628	0.00554	0.00160	0.03876	0.00602	0.00286	0.00553
28	0.01097	0.01157	0.01437	0.06022	0.01395	0.11619	0.03368	0.01224	0.00815	0.01137	0.00659	0.01030	0.00623	0.00786	0.02730	0.00198	0.63578	0.00400	0.00210	0.00515
29	0.00951	0.07209	0.76598	0.01295	0.01965	0.01125	0.01664	0.01469	0.00980	0.01451	0.00824	0.00968	0.00590	0.00439	0.00434	0.00145	0.00676	0.00338	0.00197	0.00682
30	0.01682	0.02124	0.01327	0.01200	0.01421	0.75523	0.00908	0.01800	0.01271	0.01137	0.00711	0.00853	0.00600	0.00505	0.00506	0.00126	0.07224	0.00308	0.00237	0.00537
31	0.01348	0.01059	0.01324	0.05901	0.12148	0.01164	0.03260	0.26750	0.26889	0.06453	0.01363	0.01414	0.01024	0.00781	0.06807	0.00194	0.00536	0.00465	0.00404	0.00716
32	0.00665	0.00498	0.00748	0.00748	0.00831	0.00582	0.00582	0.00831	0.00748	0.01080	0.01246	0.01828	0.01163	0.03489	0.81807	0.00748	0.01246	0.00498	0.00249	0.00415
33	0.01023	0.00969	0.01637	0.30174	0.49294	0.01038	0.01321	0.01300	0.01008	0.01387	0.00997	0.04615	0.02239	0.00489	0.00469	0.00146	0.00559	0.00462	0.00234	0.00640
34	0.01318	0.68017	0.02251	0.00932	0.04496	0.07726	0.00836	0.07490	0.01074	0.01258	0.00698	0.00799	0.00618	0.00417	0.00327	0.00106	0.00526	0.00273	0.00224	0.00614
35	0.04588	0.00862	0.00985	0.00722	0.01114	0.00712	0.00581	0.08733	0.01098	0.03722	0.03846	0.01080	0.00841	0.00397	0.00365	0.00084	0.00358	0.00315	0.00311	0.69286

[dist]
# distance from previous block
# <min> <max>
1	2

[block]
# block no. 8 follows, 55 sequences, length 6
# corresponding to MSA columns:
# 341-346
name=unknown_I
#
# <colnr> <probs for GDERKNQSTAVLIFYWHMCP>
#	G	D	E	R	K	N	Q	S	T	A	V	L	I	F	Y	W	H	M	C	P
0	0.01109	0.01062	0.01811	0.15381	0.68558	0.01094	0.01406	0.01390	0.01039	0.01468	0.00867	0.01165	0.00719	0.00422	0.00461	0.00141	0.00563	0.00414	0.00227	0.00702
1	0.00904	0.00840	0.01165	0.01028	0.01042	0.01128	0.00828	0.01001	0.00713	0.01079	0.00854	0.01475	0.00875	0.14293	0.15362	0.00335	0.55933	0.00465	0.00224	0.00457
2	0.00867	0.00434	0.00434	0.00434	0.00542	0.00434	0.00325	0.01084	0.00976	0.01734	0.01518	0.01734	0.01192	0.00542	0.00325	0.00108	0.00217	0.00434	0.86233	0.00434
3	0.00667	0.00489	0.00698	0.00698	0.00765	0.00555	0.00520	0.00799	0.00733	0.01044	0.01291	0.02077	0.01271	0.19902	0.65541	0.00687	0.01083	0.00535	0.00256	0.00388
4	0.44685	0.04108	0.00861	0.00721	0.00982	0.06725	0.00577	0.01545	0.13752	0.07022	0.06353	0.04293	0.05537	0.00587	0.00382	0.00145	0.00384	0.00431	0.00358	0.00552
5	0.01013	0.13555	0.15614	0.00983	0.03515	0.04311	0.04520	0.06199	0.04088	0.01458	0.03106	0.13929	0.01259	0.04785	0.00538	0.00148	0.00481	0.02995	0.00300	0.17203

[dist]
# distance from previous block
# <min> <max>
1	81

# created by:
# /st0/software/busco_prod/Augustus/scripts/msa2prfl.pl ./align_prep/128484.fa
