[name]
unknown

[dist]
# distance from previous block
# <min> <max>
7	144

[block]
# block no. 0 follows, 68 sequences, length 16
# corresponding to MSA columns:
# 149-164
name=unknown_A
#
# <colnr> <probs for GDERKNQSTAVLIFYWHMCP>
#	G	D	E	R	K	N	Q	S	T	A	V	L	I	F	Y	W	H	M	C	P
0	0.04916	0.02405	0.00900	0.03559	0.06590	0.06943	0.00602	0.09680	0.05887	0.11918	0.09902	0.03837	0.08480	0.00604	0.01801	0.02126	0.04002	0.00435	0.01816	0.13596
1	0.02236	0.04351	0.06308	0.03802	0.03378	0.11465	0.03134	0.10591	0.09266	0.07621	0.09741	0.07385	0.10756	0.00584	0.00400	0.00119	0.00392	0.00483	0.00320	0.07667
2	0.00977	0.04492	0.03008	0.03861	0.07069	0.06783	0.08573	0.14740	0.13763	0.03139	0.11386	0.06364	0.05306	0.04224	0.00492	0.00135	0.01577	0.00487	0.01813	0.01813
3	0.01904	0.03166	0.08769	0.02611	0.00971	0.02072	0.02082	0.08331	0.07314	0.09224	0.09817	0.09461	0.10689	0.03416	0.04119	0.00152	0.01817	0.01674	0.01762	0.10649
4	0.00837	0.04607	0.02702	0.00759	0.04365	0.13224	0.03168	0.03627	0.03216	0.05244	0.13927	0.26435	0.05622	0.08272	0.00594	0.01634	0.00367	0.00664	0.00321	0.00413
5	0.00798	0.05483	0.02498	0.01838	0.12063	0.01564	0.00578	0.04764	0.04642	0.06017	0.11770	0.13341	0.13722	0.05422	0.03794	0.01117	0.02280	0.01306	0.05030	0.01972
6	0.04528	0.02624	0.07801	0.00713	0.00932	0.07930	0.00614	0.12868	0.05810	0.10171	0.22683	0.03296	0.11287	0.00656	0.00437	0.00127	0.01964	0.04709	0.00361	0.00489
7	0.03667	0.00707	0.00900	0.00781	0.03231	0.01854	0.09685	0.13959	0.14149	0.04403	0.06313	0.05840	0.08629	0.06704	0.00533	0.01745	0.00345	0.00500	0.15575	0.00480
8	0.00760	0.00522	0.00666	0.00692	0.07652	0.00509	0.00472	0.03712	0.07222	0.07767	0.36491	0.04790	0.11619	0.04203	0.02170	0.00144	0.00269	0.00608	0.09297	0.00436
9	0.00765	0.00721	0.01218	0.79363	0.08354	0.00885	0.01109	0.01027	0.00800	0.01033	0.00708	0.01052	0.00535	0.00393	0.00396	0.00131	0.00525	0.00352	0.00178	0.00453
10	0.08847	0.01103	0.02553	0.00795	0.00928	0.34203	0.00613	0.01109	0.00850	0.01023	0.00925	0.05128	0.00919	0.12954	0.11706	0.02194	0.07551	0.05978	0.00229	0.00394
11	0.01689	0.00705	0.00998	0.00901	0.10333	0.00623	0.00654	0.01852	0.01109	0.74547	0.01472	0.01308	0.00942	0.00475	0.00398	0.00122	0.00352	0.00394	0.00457	0.00669
12	0.01456	0.01032	0.01191	0.01007	0.07111	0.01134	0.00775	0.61562	0.01624	0.11651	0.00977	0.00994	0.00696	0.00484	0.00459	0.00123	0.06332	0.00361	0.00378	0.00654
13	0.00977	0.00939	0.01594	0.02380	0.80382	0.00953	0.01203	0.01207	0.00891	0.01282	0.00737	0.00977	0.00624	0.00367	0.00428	0.00120	0.03771	0.00353	0.00195	0.00620
14	0.01007	0.00924	0.01569	0.04750	0.77873	0.00926	0.01187	0.01240	0.00909	0.04672	0.00778	0.00999	0.00640	0.00360	0.00393	0.00118	0.00467	0.00355	0.00208	0.00625
15	0.08649	0.00828	0.00926	0.00772	0.01029	0.02123	0.01922	0.12040	0.36451	0.25543	0.03256	0.01337	0.01051	0.01753	0.00413	0.00131	0.00345	0.00408	0.00407	0.00615

[dist]
# distance from previous block
# <min> <max>
0	1

[block]
# block no. 1 follows, 68 sequences, length 7
# corresponding to MSA columns:
# 166-172
name=unknown_B
#
# <colnr> <probs for GDERKNQSTAVLIFYWHMCP>
#	G	D	E	R	K	N	Q	S	T	A	V	L	I	F	Y	W	H	M	C	P
0	0.42881	0.00881	0.00826	0.00699	0.00959	0.01005	0.00567	0.23142	0.22109	0.01941	0.00932	0.00941	0.00696	0.00441	0.00327	0.00125	0.00343	0.00313	0.00327	0.00546
1	0.12143	0.01016	0.01023	0.00817	0.01096	0.04136	0.00666	0.55742	0.09127	0.02199	0.00978	0.00994	0.00714	0.00465	0.00368	0.00118	0.00400	0.00345	0.07043	0.00609
2	0.01137	0.00857	0.00930	0.00805	0.01049	0.00962	0.00635	0.10322	0.64501	0.11854	0.01540	0.01409	0.01127	0.00526	0.00402	0.00131	0.00329	0.00433	0.00413	0.00638
3	0.00918	0.00831	0.01423	0.46737	0.20342	0.00922	0.11785	0.06572	0.00922	0.04594	0.00778	0.01047	0.00588	0.00388	0.00405	0.00128	0.00520	0.00370	0.00211	0.00520
4	0.01259	0.01510	0.00970	0.00894	0.01060	0.63334	0.00666	0.01330	0.01005	0.00940	0.00883	0.01039	0.06273	0.00721	0.05519	0.11002	0.00655	0.00316	0.00212	0.00409
5	0.08275	0.00841	0.01232	0.07440	0.16929	0.02393	0.13761	0.03687	0.10916	0.06028	0.06262	0.01205	0.02567	0.00428	0.00400	0.00116	0.01908	0.00386	0.00272	0.14952
6	0.33041	0.00996	0.01006	0.03639	0.11541	0.10249	0.02451	0.06344	0.03404	0.01615	0.02597	0.00998	0.00717	0.00446	0.00363	0.00126	0.00428	0.00314	0.00283	0.19440

[dist]
# distance from previous block
# <min> <max>
1	5

[block]
# block no. 2 follows, 68 sequences, length 25
# corresponding to MSA columns:
# 178-202
name=unknown_C
#
# <colnr> <probs for GDERKNQSTAVLIFYWHMCP>
#	G	D	E	R	K	N	Q	S	T	A	V	L	I	F	Y	W	H	M	C	P
0	0.16241	0.00714	0.00814	0.04242	0.05627	0.00721	0.00557	0.10996	0.08611	0.06537	0.13664	0.02220	0.02059	0.00479	0.00354	0.00109	0.00312	0.00387	0.06340	0.19016
1	0.00764	0.00801	0.07500	0.42738	0.17180	0.00799	0.00971	0.00990	0.00795	0.01069	0.00975	0.01359	0.05755	0.10329	0.00605	0.00156	0.02642	0.00399	0.00201	0.03971
2	0.00936	0.00818	0.00949	0.11410	0.04506	0.05812	0.00622	0.07331	0.00928	0.03372	0.00741	0.00875	0.00593	0.00335	0.00325	0.00079	0.00368	0.00269	0.00243	0.59486
3	0.00918	0.00861	0.01443	0.08157	0.68157	0.00873	0.01096	0.01128	0.00857	0.01214	0.00801	0.01173	0.00715	0.10263	0.00581	0.00150	0.00465	0.00379	0.00200	0.00570
4	0.00828	0.00800	0.01141	0.16851	0.01335	0.01043	0.00851	0.00961	0.00668	0.01003	0.00598	0.00926	0.00549	0.00682	0.04334	0.00171	0.56129	0.00338	0.00183	0.10609
5	0.00751	0.00699	0.01170	0.67276	0.11868	0.00837	0.01045	0.00995	0.00800	0.01044	0.00831	0.07590	0.00711	0.00510	0.02161	0.00143	0.00510	0.00414	0.00194	0.00451
6	0.81225	0.00774	0.00657	0.03541	0.05170	0.00892	0.00494	0.01163	0.00691	0.01727	0.00567	0.00676	0.00443	0.00368	0.00258	0.00123	0.00323	0.00227	0.00240	0.00440
7	0.00697	0.00408	0.00543	0.00517	0.00586	0.00381	0.00362	0.00669	0.00688	0.05238	0.07619	0.06534	0.09414	0.10975	0.02960	0.42883	0.00328	0.01760	0.00256	0.07182
8	0.00886	0.00853	0.01473	0.24719	0.50053	0.00903	0.06367	0.01124	0.00861	0.01194	0.00808	0.05445	0.00701	0.00418	0.00426	0.00126	0.02491	0.00401	0.00200	0.00550
9	0.00709	0.00577	0.00834	0.13340	0.14880	0.00596	0.00641	0.00977	0.07294	0.02579	0.40102	0.02173	0.06124	0.02727	0.02956	0.00146	0.00328	0.00564	0.02006	0.00445
10	0.05506	0.00956	0.01818	0.01391	0.04937	0.03407	0.54744	0.02457	0.02275	0.01251	0.00874	0.02193	0.00730	0.07130	0.05736	0.00181	0.00620	0.01191	0.00217	0.02385
11	0.07810	0.55157	0.20645	0.00771	0.01158	0.01307	0.00833	0.01247	0.00823	0.06176	0.00650	0.00727	0.00530	0.00359	0.00291	0.00099	0.00447	0.00242	0.00195	0.00531
12	0.73262	0.00967	0.00679	0.00611	0.00849	0.15815	0.00490	0.01240	0.00755	0.01635	0.00563	0.00657	0.00444	0.00375	0.00265	0.00119	0.00380	0.00222	0.00238	0.00435
13	0.05070	0.06941	0.22258	0.04365	0.02634	0.01020	0.01742	0.05693	0.08396	0.03792	0.02596	0.01032	0.02015	0.00541	0.00681	0.02419	0.26251	0.00347	0.01698	0.00510
14	0.00649	0.00541	0.01803	0.02439	0.02762	0.02528	0.00469	0.02202	0.05384	0.01082	0.11959	0.02987	0.17294	0.17069	0.19769	0.04925	0.04932	0.00558	0.00285	0.00361
15	0.00577	0.00422	0.00544	0.00510	0.00609	0.00397	0.00384	0.00799	0.04197	0.01593	0.80308	0.02906	0.03646	0.00800	0.00465	0.00125	0.00192	0.00707	0.00435	0.00384
16	0.00946	0.01094	0.14828	0.07270	0.10958	0.00960	0.19749	0.10489	0.13983	0.01416	0.00943	0.03073	0.00745	0.00537	0.03626	0.00149	0.05476	0.00403	0.00251	0.03104
17	0.04573	0.00858	0.05912	0.04384	0.22311	0.00759	0.04903	0.03723	0.02327	0.34416	0.02591	0.01174	0.01687	0.00432	0.00398	0.00118	0.01388	0.00373	0.00332	0.07340
18	0.81870	0.00788	0.00632	0.00556	0.00799	0.00916	0.00458	0.05569	0.00738	0.01797	0.00573	0.00667	0.00445	0.00382	0.00281	0.00124	0.02486	0.00226	0.00252	0.00443
19	0.01086	0.00977	0.01088	0.04879	0.08784	0.08602	0.01936	0.17212	0.34343	0.01591	0.01177	0.01336	0.00938	0.00557	0.01347	0.00138	0.08505	0.04603	0.00326	0.00577
20	0.00519	0.00415	0.00465	0.00484	0.00598	0.00369	0.00371	0.02074	0.00916	0.01137	0.08328	0.14684	0.54670	0.01027	0.00484	0.00144	0.00232	0.12364	0.00372	0.00346
21	0.00482	0.00349	0.00456	0.00540	0.00572	0.00323	0.00363	0.00553	0.00770	0.01017	0.02326	0.79489	0.08850	0.01224	0.00503	0.00159	0.00228	0.01105	0.00368	0.00323
22	0.01054	0.00515	0.00694	0.00594	0.00765	0.00473	0.00464	0.01211	0.01038	0.34650	0.35810	0.02127	0.02169	0.06179	0.10247	0.00199	0.00361	0.00546	0.00420	0.00485
23	0.00829	0.00701	0.00840	0.08730	0.06771	0.00775	0.00629	0.01490	0.44313	0.02775	0.01845	0.16402	0.10852	0.00688	0.00427	0.00137	0.00318	0.00595	0.00359	0.00524
24	0.01002	0.01074	0.02207	0.01583	0.01975	0.01029	0.72745	0.10632	0.01043	0.01412	0.00819	0.01056	0.00610	0.00351	0.00460	0.00132	0.00642	0.00455	0.00223	0.00551

[dist]
# distance from previous block
# <min> <max>
0	2

[block]
# block no. 3 follows, 68 sequences, length 10
# corresponding to MSA columns:
# 205-214
name=unknown_D
#
# <colnr> <probs for GDERKNQSTAVLIFYWHMCP>
#	G	D	E	R	K	N	Q	S	T	A	V	L	I	F	Y	W	H	M	C	P
0	0.00790	0.00783	0.00984	0.33549	0.01628	0.12203	0.05340	0.01022	0.05733	0.01066	0.01311	0.24628	0.04076	0.00683	0.00450	0.00138	0.02104	0.02830	0.00260	0.00421
1	0.07297	0.02781	0.01090	0.16377	0.16528	0.04902	0.00814	0.01494	0.30935	0.02815	0.01060	0.01166	0.00824	0.00548	0.03463	0.00146	0.04552	0.00374	0.02287	0.00544
2	0.00793	0.00617	0.00712	0.00662	0.00832	0.00623	0.00494	0.03351	0.29319	0.04387	0.01667	0.36008	0.01657	0.00780	0.00426	0.00131	0.00280	0.00685	0.00362	0.16214
3	0.00802	0.05568	0.01187	0.67892	0.02373	0.04211	0.01001	0.01108	0.06735	0.01056	0.00878	0.01150	0.03572	0.00426	0.00390	0.00129	0.00503	0.00365	0.00200	0.00455
4	0.00605	0.00421	0.00510	0.00497	0.00510	0.00451	0.00318	0.00625	0.00598	0.00824	0.01219	0.02296	0.03236	0.62986	0.09750	0.04623	0.06568	0.00534	0.03161	0.00268
5	0.00840	0.00822	0.01141	0.00984	0.00984	0.01136	0.00808	0.00919	0.00604	0.00937	0.00589	0.01030	0.00607	0.08747	0.01369	0.00193	0.77326	0.00369	0.00180	0.00415
6	0.00822	0.00705	0.00822	0.00587	0.00940	0.00529	0.00470	0.00998	0.00822	0.01292	0.00705	0.00822	0.00587	0.00294	0.00294	0.00059	0.00294	0.00235	0.00235	0.88490
7	0.88866	0.00767	0.00583	0.00521	0.00767	0.00889	0.00429	0.01166	0.00675	0.01779	0.00552	0.00644	0.00429	0.00368	0.00245	0.00123	0.00307	0.00215	0.00245	0.00429
8	0.00574	0.00481	0.00568	0.00624	0.00673	0.06423	0.02571	0.00658	0.00792	0.01019	0.02003	0.72518	0.02362	0.01199	0.02713	0.00169	0.00303	0.03661	0.00348	0.00340
9	0.01324	0.01633	0.01089	0.00988	0.01156	0.66871	0.00753	0.01428	0.01018	0.00964	0.00644	0.00811	0.00557	0.00681	0.08309	0.00160	0.10685	0.00282	0.00201	0.00447

[dist]
# distance from previous block
# <min> <max>
0	11

[block]
# block no. 4 follows, 68 sequences, length 38
# corresponding to MSA columns:
# 226-263
name=unknown_E
#
# <colnr> <probs for GDERKNQSTAVLIFYWHMCP>
#	G	D	E	R	K	N	Q	S	T	A	V	L	I	F	Y	W	H	M	C	P
0	0.00621	0.00419	0.00549	0.00509	0.00613	0.00384	0.00384	0.00807	0.01123	0.05660	0.79336	0.02882	0.03605	0.00795	0.00464	0.00125	0.00194	0.00701	0.00439	0.00389
1	0.82036	0.00771	0.00616	0.00541	0.00792	0.00883	0.00446	0.03387	0.00730	0.06021	0.00615	0.00689	0.00464	0.00377	0.00257	0.00123	0.00312	0.00228	0.00262	0.00449
2	0.00585	0.00392	0.00482	0.00512	0.00539	0.00387	0.00347	0.00625	0.00677	0.00899	0.01582	0.13175	0.04185	0.48032	0.01421	0.06783	0.00350	0.17013	0.01738	0.00276
3	0.86772	0.00775	0.00597	0.00531	0.00778	0.00898	0.00437	0.03110	0.00703	0.01796	0.00562	0.00651	0.00435	0.00371	0.00249	0.00123	0.00310	0.00218	0.00249	0.00435
4	0.04105	0.00782	0.01269	0.38570	0.30912	0.00872	0.02260	0.02092	0.00864	0.02728	0.05576	0.01196	0.02986	0.00433	0.00431	0.00128	0.03688	0.00384	0.00215	0.00508
5	0.01371	0.17087	0.01302	0.05008	0.01261	0.62275	0.00766	0.04546	0.01078	0.01024	0.00619	0.00726	0.00517	0.00398	0.00342	0.00101	0.00643	0.00256	0.00204	0.00476
6	0.73711	0.00741	0.00630	0.00571	0.00776	0.00872	0.00464	0.01096	0.00676	0.01642	0.00683	0.07630	0.00617	0.00469	0.00362	0.00130	0.07960	0.00301	0.00249	0.00421
7	0.01026	0.04113	0.00962	0.00809	0.01045	0.01025	0.00638	0.07726	0.74048	0.01690	0.01527	0.01410	0.01146	0.00526	0.00397	0.00132	0.00327	0.00433	0.00394	0.00626
8	0.00485	0.00354	0.00457	0.00534	0.00572	0.00326	0.00361	0.00564	0.00792	0.01047	0.06395	0.73030	0.11232	0.01196	0.00500	0.00156	0.00225	0.01076	0.00371	0.00326
9	0.00581	0.00391	0.00472	0.00472	0.00488	0.00405	0.00293	0.00611	0.00594	0.00816	0.01204	0.02339	0.01329	0.66106	0.18074	0.01910	0.00511	0.00537	0.02602	0.00265
10	0.01779	0.00675	0.00920	0.00705	0.01012	0.00583	0.00583	0.01932	0.01135	0.83867	0.01564	0.01350	0.00981	0.00491	0.00399	0.00123	0.00337	0.00399	0.00491	0.00675
11	0.00536	0.00397	0.00513	0.00583	0.00654	0.00374	0.00450	0.00652	0.00842	0.01084	0.02534	0.38343	0.20000	0.01168	0.01893	0.00170	0.00284	0.28817	0.00364	0.00340
12	0.00894	0.02217	0.42049	0.01204	0.11890	0.00876	0.04665	0.01264	0.07990	0.01390	0.06298	0.02450	0.11610	0.00577	0.00456	0.00146	0.01245	0.00463	0.01723	0.00594
13	0.01159	0.12755	0.01970	0.00898	0.08381	0.03362	0.01575	0.04305	0.04039	0.21284	0.00915	0.00973	0.00691	0.00422	0.00457	0.00105	0.10700	0.00312	0.00287	0.25408
14	0.88866	0.00767	0.00583	0.00521	0.00767	0.00889	0.00429	0.01166	0.00675	0.01779	0.00552	0.00644	0.00429	0.00368	0.00245	0.00123	0.00307	0.00215	0.00245	0.00429
15	0.00940	0.00927	0.03072	0.16236	0.52328	0.02334	0.02116	0.01276	0.10094	0.01264	0.00823	0.01038	0.00666	0.00400	0.00440	0.00125	0.04760	0.00362	0.00215	0.00581
16	0.00559	0.00403	0.00528	0.00500	0.00592	0.00373	0.00374	0.00742	0.01112	0.01573	0.80971	0.05423	0.03708	0.00823	0.00469	0.00126	0.00188	0.00729	0.00434	0.00373
17	0.00622	0.00459	0.00631	0.03471	0.04721	0.00458	0.00499	0.01549	0.00946	0.02268	0.34482	0.05320	0.08912	0.02468	0.14034	0.00222	0.00393	0.14473	0.03691	0.00383
18	0.00557	0.00402	0.00504	0.00489	0.00576	0.00371	0.00361	0.00695	0.00996	0.01364	0.54667	0.03052	0.16532	0.08565	0.00667	0.04697	0.00224	0.04546	0.00390	0.00345
19	0.01048	0.00880	0.00970	0.08418	0.01216	0.01016	0.00690	0.14833	0.62522	0.01735	0.01426	0.01357	0.01063	0.00515	0.00402	0.00132	0.00353	0.00425	0.00382	0.00618
20	0.00786	0.00467	0.00523	0.08061	0.00744	0.00495	0.00400	0.05458	0.05120	0.01507	0.05195	0.01483	0.01095	0.00478	0.00310	0.00101	0.00236	0.00388	0.66746	0.00406
21	0.00812	0.01951	0.76589	0.01248	0.09091	0.00923	0.01443	0.01252	0.00843	0.01259	0.00715	0.00850	0.00514	0.00375	0.00378	0.00125	0.00576	0.00298	0.00170	0.00590
22	0.00947	0.00922	0.02960	0.06796	0.67604	0.00904	0.04606	0.01191	0.01574	0.01970	0.00813	0.04195	0.00701	0.00390	0.00398	0.00120	0.00469	0.00384	0.00207	0.02850
23	0.00749	0.08223	0.00704	0.00549	0.00694	0.00580	0.00424	0.01012	0.12723	0.07152	0.17353	0.06894	0.19421	0.12285	0.00636	0.00161	0.00277	0.03332	0.05226	0.01606
24	0.01184	0.49739	0.06252	0.00857	0.01167	0.29727	0.03830	0.01329	0.00920	0.00976	0.00590	0.00690	0.00513	0.00365	0.00304	0.00095	0.00541	0.00241	0.00182	0.00497
25	0.00702	0.00583	0.00734	0.08194	0.00982	0.00494	0.00502	0.00854	0.00808	0.01177	0.01265	0.25487	0.02893	0.00629	0.00380	0.00102	0.00298	0.04505	0.00277	0.49134
26	0.01370	0.11000	0.01260	0.02319	0.07769	0.58288	0.00786	0.08753	0.01125	0.01134	0.00662	0.00780	0.00549	0.01220	0.00368	0.00106	0.00627	0.00273	0.01116	0.00495
27	0.00770	0.00416	0.00570	0.00555	0.00601	0.01469	0.00391	0.00721	0.02057	0.08285	0.03496	0.06179	0.01061	0.07705	0.05581	0.55418	0.00378	0.03842	0.00239	0.00266
28	0.01033	0.45501	0.17572	0.05138	0.08816	0.07885	0.00904	0.02405	0.04280	0.02188	0.00676	0.00782	0.00557	0.00368	0.00316	0.00102	0.00482	0.00265	0.00192	0.00537
29	0.00836	0.00823	0.01162	0.09168	0.05248	0.02298	0.00861	0.00946	0.00661	0.00982	0.00701	0.08540	0.00716	0.00694	0.01084	0.00165	0.64073	0.00417	0.00193	0.00434
30	0.04211	0.03186	0.01008	0.00824	0.01065	0.05069	0.04810	0.13933	0.40893	0.02853	0.02135	0.01282	0.00983	0.02002	0.07986	0.00172	0.00439	0.00399	0.00341	0.06407
31	0.00695	0.00397	0.00586	0.00569	0.00576	0.00431	0.00400	0.00573	0.00549	0.00752	0.03203	0.01246	0.00782	0.01381	0.05761	0.73312	0.08032	0.00360	0.00182	0.00211
32	0.00732	0.00564	0.00579	0.00534	0.00671	0.07957	0.00406	0.00879	0.01052	0.09329	0.41970	0.02883	0.29326	0.00807	0.00451	0.00125	0.00254	0.00684	0.00398	0.00398
33	0.00879	0.02163	0.06634	0.06872	0.15361	0.02419	0.35642	0.02347	0.02326	0.02515	0.01312	0.01474	0.14015	0.00476	0.00469	0.00130	0.03742	0.00475	0.00233	0.00515
34	0.01717	0.00747	0.04271	0.45978	0.06095	0.02070	0.06964	0.01051	0.00872	0.06368	0.08445	0.05995	0.03444	0.00524	0.00419	0.00133	0.00464	0.03736	0.00247	0.00459
35	0.01014	0.01052	0.01921	0.08382	0.01082	0.31096	0.00649	0.01153	0.03218	0.03685	0.01914	0.05238	0.05837	0.06508	0.01698	0.04693	0.09025	0.03972	0.07451	0.00411
36	0.00599	0.00469	0.00691	0.00677	0.00741	0.00564	0.00534	0.00735	0.00644	0.00931	0.01050	0.01617	0.01001	0.04108	0.71597	0.00569	0.09435	0.03462	0.00215	0.00360
37	0.17230	0.03464	0.04187	0.00900	0.09688	0.03676	0.00680	0.10375	0.02348	0.38623	0.01102	0.01060	0.00751	0.00434	0.00360	0.00118	0.00380	0.00336	0.00362	0.03927

[dist]
# distance from previous block
# <min> <max>
7	12

[block]
# block no. 5 follows, 68 sequences, length 10
# corresponding to MSA columns:
# 277-286
name=unknown_F
#
# <colnr> <probs for GDERKNQSTAVLIFYWHMCP>
#	G	D	E	R	K	N	Q	S	T	A	V	L	I	F	Y	W	H	M	C	P
0	0.01084	0.01056	0.13201	0.01970	0.58637	0.00881	0.01150	0.01338	0.00931	0.14615	0.00873	0.01020	0.00667	0.00379	0.00391	0.00120	0.00466	0.00352	0.00240	0.00630
1	0.00981	0.00942	0.01609	0.02434	0.83592	0.00942	0.01217	0.01217	0.00903	0.01295	0.00746	0.00981	0.00628	0.00353	0.00393	0.00118	0.00471	0.00353	0.00196	0.00628
2	0.00648	0.00494	0.00667	0.00643	0.00686	0.00591	0.00490	0.00757	0.00672	0.01012	0.01166	0.13493	0.01183	0.12253	0.30813	0.00351	0.18770	0.00518	0.14440	0.00355
3	0.00707	0.00509	0.00564	0.00522	0.00606	0.00518	0.00359	0.13772	0.00863	0.01128	0.01773	0.02585	0.17749	0.48897	0.05089	0.00297	0.00386	0.03044	0.00294	0.00338
4	0.01405	0.01513	0.01156	0.00991	0.01201	0.47751	0.00776	0.25977	0.01277	0.01432	0.00703	0.00808	0.00562	0.00468	0.00499	0.00117	0.12284	0.00299	0.00258	0.00521
5	0.00623	0.00465	0.00586	0.00544	0.00628	0.00488	0.00420	0.00785	0.00977	0.01422	0.49206	0.02523	0.12042	0.00760	0.00555	0.00127	0.12282	0.00622	0.14565	0.00377
6	0.00498	0.00401	0.00445	0.00446	0.00562	0.00348	0.00335	0.00621	0.00949	0.01199	0.23314	0.08526	0.56204	0.00974	0.00473	0.00135	0.00205	0.03636	0.00385	0.00345
7	0.00932	0.00972	0.12742	0.00749	0.01131	0.00712	0.03100	0.14159	0.00996	0.01481	0.00748	0.00853	0.00590	0.00336	0.00327	0.00080	0.00369	0.00270	0.00250	0.59203
8	0.00886	0.16523	0.36645	0.14613	0.05669	0.03249	0.03324	0.01204	0.01985	0.03905	0.03225	0.02987	0.00714	0.00419	0.00369	0.00119	0.00508	0.01442	0.00203	0.02010
9	0.00801	0.02890	0.06899	0.05039	0.11481	0.02267	0.00640	0.03607	0.00885	0.01274	0.14133	0.01450	0.01213	0.12587	0.00594	0.00135	0.00361	0.00390	0.00259	0.33097

[dist]
# distance from previous block
# <min> <max>
0	6

[block]
# block no. 6 follows, 68 sequences, length 9
# corresponding to MSA columns:
# 293-301
name=unknown_G
#
# <colnr> <probs for GDERKNQSTAVLIFYWHMCP>
#	G	D	E	R	K	N	Q	S	T	A	V	L	I	F	Y	W	H	M	C	P
0	0.01044	0.01031	0.06249	0.01374	0.01749	0.00927	0.54405	0.01456	0.11319	0.12361	0.00999	0.01140	0.00724	0.00382	0.00441	0.00130	0.00565	0.00440	0.00264	0.03000
1	0.01061	0.03850	0.03989	0.00975	0.01083	0.01143	0.00833	0.11375	0.00844	0.11027	0.00707	0.00927	0.00594	0.00619	0.01012	0.00156	0.58717	0.00348	0.00239	0.00501
2	0.04109	0.04997	0.01293	0.01070	0.07682	0.20357	0.16123	0.03567	0.03624	0.11695	0.00879	0.01038	0.00691	0.03798	0.02589	0.00133	0.02024	0.00346	0.02334	0.11648
3	0.00994	0.03656	0.01154	0.42161	0.03703	0.14698	0.04921	0.01202	0.00911	0.10911	0.03192	0.01232	0.04933	0.00497	0.02019	0.00133	0.00515	0.00379	0.02316	0.00472
4	0.00872	0.00456	0.00552	0.00499	0.00575	0.00433	0.00324	0.00909	0.00714	0.21171	0.01327	0.02289	0.01329	0.65056	0.01620	0.00320	0.00373	0.00533	0.00302	0.00347
5	0.00872	0.11617	0.01355	0.14882	0.36755	0.03760	0.02901	0.01082	0.00922	0.01239	0.16281	0.01421	0.04329	0.00470	0.00393	0.00118	0.00424	0.00421	0.00242	0.00516
6	0.00774	0.11337	0.02712	0.03918	0.00835	0.00569	0.02152	0.00888	0.00839	0.13122	0.03877	0.51549	0.04026	0.00930	0.00449	0.00142	0.00297	0.00825	0.00347	0.00414
7	0.00666	0.00449	0.00535	0.00529	0.02818	0.00393	0.00388	0.00799	0.00981	0.11060	0.22900	0.05340	0.47634	0.00887	0.00461	0.00132	0.00226	0.03014	0.00395	0.00393
8	0.04365	0.43869	0.12528	0.00712	0.01043	0.04157	0.00710	0.02810	0.00848	0.01104	0.01039	0.01102	0.11007	0.00438	0.00333	0.00098	0.02346	0.00312	0.00211	0.10966

[dist]
# distance from previous block
# <min> <max>
0	117

# created by:
# /st0/software/busco_prod/Augustus/scripts/msa2prfl.pl ./align_prep/128755.fa
