[name]
unknown

[dist]
# distance from previous block
# <min> <max>
0	8

[block]
# block no. 0 follows, 60 sequences, length 35
# corresponding to MSA columns:
# 84-91,99-108,110-126
name=unknown_A
#
# <colnr> <probs for GDERKNQSTAVLIFYWHMCP>
#	G	D	E	R	K	N	Q	S	T	A	V	L	I	F	Y	W	H	M	C	P
0	0.00962	0.00630	0.00783	0.00688	0.00907	0.00563	0.00551	0.04135	0.03022	0.13778	0.09116	0.07391	0.05758	0.06633	0.01781	0.00162	0.00354	0.18247	0.00382	0.24156
1	0.08869	0.26489	0.08872	0.01038	0.04107	0.16167	0.08712	0.09824	0.02370	0.04025	0.01727	0.02616	0.02498	0.00459	0.00378	0.00121	0.00542	0.00352	0.00259	0.00575
2	0.00618	0.00468	0.00626	0.00622	0.00694	0.00439	0.04796	0.01809	0.00827	0.01099	0.02182	0.41874	0.11684	0.25245	0.01017	0.00238	0.00329	0.00934	0.01606	0.02894
3	0.04942	0.00805	0.00889	0.00667	0.01018	0.03021	0.00528	0.03981	0.00943	0.01462	0.00889	0.06749	0.00796	0.00411	0.00343	0.00080	0.00338	0.00332	0.00275	0.71533
4	0.00957	0.06743	0.28529	0.00989	0.05758	0.00878	0.00965	0.04180	0.04905	0.01451	0.00828	0.00947	0.00649	0.00381	0.00367	0.00101	0.00458	0.00302	0.00242	0.40368
5	0.00815	0.00470	0.00529	0.00500	0.00636	0.00443	0.00380	0.01028	0.03817	0.08925	0.18749	0.05036	0.18833	0.00746	0.00418	0.00126	0.00229	0.00626	0.37256	0.00438
6	0.00909	0.00779	0.00906	0.00652	0.01036	0.00593	0.00521	0.01127	0.02820	0.01431	0.00799	0.00922	0.00662	0.00329	0.00326	0.00067	0.00324	0.00264	0.00263	0.85271
7	0.01325	0.03484	0.03394	0.00898	0.02682	0.00788	0.07980	0.07141	0.07693	0.28616	0.03998	0.03540	0.01048	0.00498	0.00416	0.00118	0.00402	0.01270	0.00385	0.24324
8	0.03759	0.02877	0.14672	0.02229	0.01350	0.02704	0.02454	0.33428	0.04097	0.01961	0.02492	0.03024	0.00803	0.00473	0.00402	0.00117	0.00462	0.00371	0.00329	0.21994
9	0.00537	0.00395	0.00505	0.00584	0.00633	0.00363	0.00400	0.00629	0.00885	0.01164	0.07421	0.66380	0.14411	0.01297	0.00549	0.00171	0.00248	0.02658	0.00409	0.00361
10	0.01062	0.01023	0.01760	0.07881	0.74940	0.01034	0.03231	0.01325	0.00986	0.01404	0.00819	0.01087	0.00683	0.00391	0.00434	0.00131	0.00527	0.00392	0.00215	0.00675
11	0.04428	0.01069	0.01264	0.01062	0.06865	0.07958	0.07763	0.26049	0.02999	0.13865	0.03569	0.01143	0.00855	0.00463	0.00412	0.00118	0.00466	0.00381	0.00358	0.18915
12	0.00541	0.00439	0.00458	0.00461	0.00597	0.00375	0.00345	0.00664	0.01004	0.01245	0.10538	0.07356	0.67146	0.01072	0.00509	0.00146	0.00223	0.02089	0.04419	0.00373
13	0.01164	0.01191	0.07237	0.01614	0.02041	0.01064	0.59833	0.06279	0.01103	0.10827	0.00977	0.01184	0.00706	0.00408	0.00513	0.00145	0.02345	0.00484	0.00268	0.00617
14	0.00993	0.00960	0.01457	0.01233	0.04660	0.01190	0.11172	0.01143	0.00771	0.03527	0.00679	0.00998	0.00612	0.00642	0.01120	0.00167	0.58007	0.00387	0.00213	0.10068
15	0.00628	0.00463	0.00648	0.00650	0.00704	0.00521	0.00477	0.00740	0.00705	0.00996	0.02828	0.08336	0.01388	0.22161	0.53831	0.00571	0.03167	0.00570	0.00258	0.00360
16	0.00547	0.00390	0.00523	0.00625	0.00657	0.00367	0.00431	0.00633	0.00850	0.01130	0.02395	0.77360	0.02851	0.01352	0.00561	0.00179	0.00266	0.08117	0.00405	0.00358
17	0.01097	0.01062	0.01698	0.02501	0.73694	0.03586	0.01277	0.01421	0.06706	0.01442	0.00884	0.01109	0.00732	0.00405	0.00431	0.00130	0.00514	0.00393	0.00232	0.00685
18	0.00733	0.00570	0.00639	0.00613	0.00765	0.00568	0.00461	0.01148	0.21535	0.04173	0.19608	0.14738	0.30874	0.00947	0.00500	0.00149	0.00259	0.00813	0.00435	0.00470
19	0.06713	0.00748	0.00992	0.00765	0.01098	0.00660	0.00632	0.02079	0.01220	0.77802	0.01659	0.01441	0.01046	0.00532	0.00429	0.00135	0.00369	0.00427	0.00525	0.00727
20	0.01317	0.13050	0.04706	0.01161	0.09176	0.03868	0.11929	0.13294	0.10882	0.17522	0.01263	0.04204	0.02562	0.00513	0.00426	0.00131	0.00477	0.00442	0.02436	0.00642
21	0.00978	0.10168	0.54361	0.01255	0.07392	0.06403	0.02697	0.02984	0.03618	0.01360	0.00869	0.04424	0.00693	0.00458	0.00410	0.00133	0.00599	0.00364	0.00213	0.00621
22	0.00922	0.00906	0.01269	0.01095	0.01104	0.01253	0.00909	0.01025	0.00693	0.01077	0.04001	0.01093	0.00749	0.00908	0.05912	0.00217	0.75788	0.00403	0.00205	0.00469
23	0.01168	0.60596	0.13848	0.00889	0.01296	0.01503	0.05283	0.01375	0.00920	0.06867	0.00726	0.00819	0.00601	0.00399	0.00347	0.00108	0.02178	0.00279	0.00213	0.00585
24	0.05137	0.04993	0.12325	0.01235	0.01624	0.07404	0.26376	0.10002	0.12968	0.11934	0.01085	0.01163	0.00787	0.00454	0.00442	0.00137	0.00566	0.00421	0.00313	0.00634
25	0.00845	0.00797	0.01346	0.76922	0.09541	0.00975	0.01222	0.01133	0.00882	0.01140	0.00779	0.01156	0.00590	0.00432	0.00436	0.00144	0.00576	0.00388	0.00196	0.00502
26	0.01243	0.71189	0.02111	0.00809	0.01157	0.15196	0.00762	0.01378	0.00944	0.01033	0.00618	0.00714	0.00560	0.00386	0.00299	0.00096	0.00520	0.00241	0.00193	0.00551
27	0.00794	0.00636	0.00734	0.00609	0.00851	0.01714	0.01344	0.03217	0.01000	0.03350	0.10906	0.12547	0.19376	0.00713	0.00425	0.00112	0.00291	0.00606	0.03641	0.37135
28	0.00620	0.00461	0.00580	0.00547	0.00660	0.00428	0.00411	0.00847	0.03693	0.01687	0.70528	0.03313	0.12776	0.00906	0.00512	0.00139	0.00212	0.00794	0.00471	0.00415
29	0.00621	0.00466	0.00578	0.00547	0.00662	0.00433	0.00411	0.00856	0.04543	0.01666	0.66655	0.03332	0.15774	0.00911	0.00512	0.00139	0.00214	0.00796	0.00467	0.00417
30	0.03170	0.01004	0.01153	0.00893	0.01228	0.01043	0.00735	0.43863	0.05573	0.31714	0.02729	0.01266	0.00947	0.00534	0.00434	0.00132	0.00424	0.00416	0.00469	0.02274
31	0.00623	0.00467	0.00701	0.00701	0.00779	0.00545	0.00545	0.00779	0.00701	0.01012	0.01168	0.01713	0.01090	0.03271	0.82944	0.00701	0.01168	0.00467	0.00234	0.00389
32	0.00751	0.00383	0.00574	0.00574	0.00578	0.00386	0.00386	0.00578	0.00574	0.00769	0.00777	0.01344	0.00773	0.01596	0.05460	0.83307	0.00415	0.00383	0.00191	0.00199
33	0.01243	0.00561	0.00657	0.00561	0.00755	0.00533	0.00445	0.05321	0.01084	0.29033	0.01505	0.01549	0.01086	0.00520	0.00357	0.00114	0.00274	0.00417	0.53448	0.00537
34	0.00834	0.00791	0.01350	0.79802	0.04736	0.00974	0.03176	0.01126	0.00879	0.01128	0.00779	0.01161	0.00586	0.00433	0.00438	0.00145	0.00584	0.00391	0.00195	0.00492

[dist]
# distance from previous block
# <min> <max>
0	7

[block]
# block no. 1 follows, 60 sequences, length 12
# corresponding to MSA columns:
# 143-154
name=unknown_B
#
# <colnr> <probs for GDERKNQSTAVLIFYWHMCP>
#	G	D	E	R	K	N	Q	S	T	A	V	L	I	F	Y	W	H	M	C	P
0	0.00596	0.00430	0.00572	0.00639	0.00701	0.00414	0.00478	0.00724	0.00925	0.01235	0.13409	0.40446	0.06667	0.05765	0.04601	0.00214	0.00336	0.21076	0.00399	0.00372
1	0.00860	0.00635	0.00911	0.00818	0.00940	0.00731	0.03602	0.08377	0.00869	0.06516	0.01124	0.01573	0.01002	0.05435	0.54691	0.00523	0.10210	0.00457	0.00269	0.00458
2	0.01929	0.00787	0.01040	0.00797	0.01136	0.00707	0.00658	0.09395	0.01323	0.74879	0.01658	0.01444	0.01048	0.00538	0.00438	0.00135	0.00381	0.00434	0.00530	0.00742
3	0.00679	0.00433	0.00574	0.00602	0.00676	0.00406	0.02631	0.00795	0.00893	0.05547	0.06189	0.53255	0.04789	0.04474	0.00569	0.00168	0.00268	0.00973	0.15690	0.00390
4	0.01004	0.01207	0.07057	0.07055	0.02154	0.04966	0.61575	0.01344	0.01010	0.01344	0.00956	0.06437	0.00787	0.00442	0.00500	0.00147	0.00692	0.00530	0.00229	0.00566
5	0.00955	0.00745	0.00830	0.00792	0.02807	0.02083	0.00586	0.09658	0.31698	0.04054	0.12178	0.20484	0.05542	0.00808	0.00473	0.00148	0.00320	0.00696	0.04588	0.00555
6	0.43599	0.00791	0.00832	0.00678	0.00982	0.00805	0.00559	0.01716	0.01003	0.43281	0.01180	0.01108	0.00785	0.00474	0.00357	0.00135	0.00355	0.00340	0.00409	0.00611
7	0.00567	0.00416	0.00533	0.00613	0.00672	0.00388	0.00446	0.00670	0.00886	0.01151	0.02676	0.52221	0.15777	0.04655	0.00626	0.00187	0.00284	0.16472	0.00399	0.00362
8	0.03348	0.01103	0.01631	0.07542	0.63327	0.07743	0.01232	0.03889	0.03389	0.01443	0.00835	0.01066	0.00688	0.00407	0.00425	0.00130	0.00533	0.00379	0.00230	0.00659
9	0.03993	0.00534	0.00680	0.00642	0.00791	0.00494	0.04677	0.03964	0.01005	0.08255	0.05095	0.29778	0.33413	0.01051	0.00513	0.00157	0.00293	0.03831	0.00405	0.00428
10	0.01201	0.19164	0.01240	0.00785	0.01054	0.01053	0.00659	0.25307	0.07236	0.08781	0.12515	0.08834	0.04705	0.00660	0.00430	0.00130	0.00384	0.02813	0.00388	0.02662
11	0.01097	0.01022	0.03658	0.05039	0.27625	0.03787	0.00933	0.07458	0.18975	0.02880	0.01041	0.01152	0.00818	0.00446	0.00432	0.00121	0.02436	0.00378	0.00296	0.20406

[dist]
# distance from previous block
# <min> <max>
2	6

[block]
# block no. 2 follows, 60 sequences, length 22
# corresponding to MSA columns:
# 162-164,170-188
name=unknown_C
#
# <colnr> <probs for GDERKNQSTAVLIFYWHMCP>
#	G	D	E	R	K	N	Q	S	T	A	V	L	I	F	Y	W	H	M	C	P
0	0.02523	0.14426	0.60349	0.01238	0.05661	0.01115	0.04284	0.01383	0.00927	0.03138	0.00780	0.00914	0.00575	0.00408	0.00397	0.00131	0.00604	0.00320	0.00197	0.00631
1	0.01112	0.05110	0.39101	0.00988	0.01425	0.00902	0.02124	0.06376	0.06046	0.16672	0.11413	0.01441	0.01207	0.03571	0.00496	0.00146	0.00494	0.00429	0.00324	0.00624
2	0.01202	0.00978	0.01240	0.06484	0.20476	0.01076	0.00893	0.12991	0.41043	0.06791	0.01380	0.01378	0.01034	0.00521	0.00439	0.00140	0.00422	0.00444	0.00379	0.00688
3	0.02415	0.03987	0.05518	0.01411	0.20658	0.16659	0.06865	0.07063	0.02882	0.18373	0.02664	0.02849	0.00962	0.00521	0.00439	0.00134	0.00534	0.05120	0.00324	0.00624
4	0.00583	0.00408	0.00509	0.00556	0.00584	0.00394	0.00361	0.00647	0.00793	0.01064	0.08222	0.40883	0.04299	0.33074	0.03679	0.00283	0.00344	0.02638	0.00352	0.00327
5	0.00533	0.00386	0.00499	0.00589	0.00624	0.00357	0.00394	0.00610	0.00844	0.01112	0.02555	0.74981	0.09894	0.03636	0.00599	0.00181	0.00255	0.01195	0.00401	0.00353
6	0.03792	0.00494	0.00629	0.05758	0.00858	0.00495	0.00516	0.00852	0.05072	0.01344	0.18172	0.29031	0.12313	0.03271	0.00572	0.00171	0.00300	0.15556	0.00400	0.00403
7	0.09134	0.00976	0.05254	0.02326	0.24813	0.00914	0.00907	0.12611	0.03478	0.30791	0.01213	0.01259	0.00861	0.00484	0.00420	0.00134	0.00439	0.01489	0.01812	0.00684
8	0.00538	0.00405	0.00501	0.00569	0.00634	0.00367	0.00399	0.00634	0.00901	0.01163	0.05783	0.55608	0.24606	0.01270	0.00546	0.00169	0.00250	0.04887	0.00407	0.00362
9	0.00677	0.00485	0.00672	0.00770	0.00862	0.00480	0.00656	0.00859	0.00983	0.01278	0.02374	0.14882	0.04536	0.01223	0.00594	0.00196	0.00378	0.67299	0.00402	0.00395
10	0.01163	0.78865	0.05023	0.00773	0.01151	0.03188	0.00777	0.01337	0.02489	0.01055	0.00637	0.00727	0.00575	0.00380	0.00290	0.00096	0.00476	0.00242	0.00192	0.00564
11	0.00761	0.00398	0.00604	0.04573	0.00686	0.00407	0.00419	0.00595	0.00583	0.00775	0.00758	0.01318	0.00749	0.01463	0.01643	0.83107	0.00389	0.00379	0.00190	0.00204
12	0.00531	0.00380	0.00506	0.00607	0.00633	0.00354	0.00405	0.00607	0.00835	0.01113	0.02404	0.84388	0.02885	0.01366	0.00557	0.00177	0.00253	0.01240	0.00405	0.00354
13	0.00875	0.02256	0.82413	0.01243	0.01888	0.01013	0.01611	0.01381	0.00921	0.01381	0.00783	0.00921	0.00552	0.00414	0.00414	0.00138	0.00645	0.00322	0.00184	0.00645
14	0.02961	0.01154	0.10719	0.01352	0.15254	0.05739	0.13006	0.05876	0.21672	0.05649	0.07550	0.02520	0.02017	0.00534	0.00452	0.00140	0.00491	0.01960	0.00330	0.00625
15	0.00988	0.00946	0.08005	0.00984	0.02652	0.00897	0.08992	0.01733	0.40332	0.05479	0.09518	0.03649	0.02846	0.00732	0.02745	0.00166	0.00426	0.07915	0.00392	0.00604
16	0.01079	0.01036	0.01770	0.02677	0.81952	0.01036	0.01339	0.01339	0.00993	0.01425	0.00820	0.01079	0.00691	0.00389	0.00432	0.00130	0.00518	0.00389	0.00216	0.00691
17	0.01062	0.01023	0.01692	0.06368	0.63746	0.02506	0.05516	0.03085	0.02758	0.01430	0.02204	0.03414	0.00811	0.00440	0.00459	0.00134	0.02040	0.00426	0.00234	0.00655
18	0.04456	0.01352	0.26508	0.01156	0.04684	0.03291	0.12394	0.06627	0.09780	0.15978	0.05662	0.02797	0.02304	0.00510	0.00442	0.00139	0.00515	0.00444	0.00327	0.00634
19	0.00990	0.01020	0.01116	0.00991	0.01106	0.18821	0.07997	0.04117	0.00931	0.01160	0.01239	0.21775	0.01325	0.07636	0.02181	0.00191	0.22753	0.03921	0.00278	0.00452
20	0.08324	0.00941	0.01304	0.14428	0.13823	0.01074	0.03565	0.14591	0.02228	0.08281	0.03112	0.01125	0.00770	0.00532	0.00652	0.00145	0.19750	0.00390	0.00288	0.04679
21	0.01184	0.65238	0.11412	0.00833	0.01223	0.06861	0.00848	0.01394	0.03038	0.03549	0.00696	0.00779	0.00595	0.00394	0.00312	0.00102	0.00502	0.00260	0.00206	0.00575

[dist]
# distance from previous block
# <min> <max>
0	1

[block]
# block no. 3 follows, 60 sequences, length 56
# corresponding to MSA columns:
# 190-222,225-231,267-282
name=unknown_D
#
# <colnr> <probs for GDERKNQSTAVLIFYWHMCP>
#	G	D	E	R	K	N	Q	S	T	A	V	L	I	F	Y	W	H	M	C	P
0	0.01460	0.01811	0.01125	0.01035	0.01235	0.69656	0.00773	0.01578	0.01206	0.01130	0.07895	0.07122	0.01043	0.00555	0.00416	0.00119	0.00697	0.00396	0.00260	0.00486
1	0.00922	0.15646	0.69436	0.01163	0.01763	0.01128	0.01471	0.01369	0.00915	0.01324	0.00754	0.00885	0.00554	0.00408	0.00393	0.00131	0.00616	0.00308	0.00185	0.00631
2	0.26116	0.00816	0.00921	0.00745	0.01049	0.00820	0.00613	0.10663	0.03510	0.44299	0.01362	0.03007	0.00954	0.00537	0.00398	0.00138	0.00372	0.02593	0.00442	0.00647
3	0.00523	0.00437	0.00456	0.00462	0.00597	0.00370	0.00343	0.00637	0.00996	0.01209	0.09171	0.10735	0.70343	0.01113	0.00519	0.00149	0.00223	0.00938	0.00410	0.00370
4	0.01165	0.01008	0.01022	0.00902	0.01147	0.05941	0.00712	0.14159	0.55564	0.01861	0.01668	0.01702	0.03484	0.00618	0.00467	0.00146	0.02063	0.04183	0.01532	0.00657
5	0.01597	0.01808	0.01251	0.01091	0.01336	0.58776	0.00840	0.20169	0.03301	0.01478	0.00784	0.00874	0.00623	0.00482	0.00444	0.00121	0.03866	0.00316	0.00278	0.00564
6	0.00976	0.27236	0.56828	0.01091	0.01646	0.02613	0.01337	0.01365	0.00916	0.01269	0.00728	0.00852	0.00555	0.00402	0.00373	0.00124	0.00593	0.00295	0.00186	0.00617
7	0.00790	0.00591	0.00693	0.00641	0.00799	0.00599	0.00492	0.01256	0.22755	0.05256	0.43448	0.03821	0.13861	0.00836	0.00494	0.00143	0.00257	0.02313	0.00460	0.00495
8	0.01481	0.00651	0.00842	0.00681	0.00946	0.00576	0.00549	0.01688	0.03797	0.51592	0.12692	0.01965	0.08648	0.00630	0.00440	0.00132	0.00317	0.00522	0.08686	0.03164
9	0.03612	0.00744	0.01005	0.00772	0.01108	0.00648	0.00638	0.02109	0.01239	0.80704	0.01699	0.01470	0.01068	0.00537	0.00435	0.00135	0.00370	0.00435	0.00535	0.00737
10	0.01011	0.01140	0.02440	0.01761	0.02164	0.01096	0.73295	0.01354	0.01002	0.01368	0.00907	0.03521	0.00719	0.00420	0.00571	0.00151	0.05754	0.00527	0.00224	0.00575
11	0.01948	0.00756	0.01021	0.00783	0.01120	0.00662	0.00647	0.04419	0.01272	0.79927	0.01701	0.01472	0.01070	0.00539	0.00439	0.00135	0.00374	0.00437	0.00537	0.00742
12	0.00789	0.00722	0.01005	0.00922	0.00953	0.00938	0.00744	0.00897	0.00738	0.01075	0.01293	0.16054	0.05632	0.01318	0.14413	0.00269	0.46790	0.04755	0.00258	0.00431
13	0.00529	0.00417	0.00479	0.00524	0.00618	0.00367	0.00375	0.00630	0.00931	0.01164	0.04812	0.38156	0.44699	0.01215	0.00535	0.00161	0.00240	0.03377	0.00406	0.00364
14	0.00875	0.02256	0.82413	0.01243	0.01888	0.01013	0.01611	0.01381	0.00921	0.01381	0.00783	0.00921	0.00552	0.00414	0.00414	0.00138	0.00645	0.00322	0.00184	0.00645
15	0.01445	0.02122	0.21034	0.01153	0.01480	0.62945	0.01030	0.01654	0.01159	0.01144	0.00701	0.00819	0.00560	0.00441	0.00398	0.00119	0.00752	0.00291	0.00215	0.00540
16	0.00660	0.00462	0.00688	0.00685	0.00742	0.00531	0.00519	0.00738	0.00676	0.00963	0.01099	0.04184	0.01058	0.02752	0.60291	0.19117	0.03788	0.00470	0.00228	0.00349
17	0.01855	0.00749	0.01004	0.00788	0.01110	0.00667	0.00653	0.04983	0.02703	0.73023	0.01731	0.01675	0.01157	0.00580	0.00448	0.00139	0.00377	0.05110	0.00526	0.00721
18	0.00564	0.00419	0.00559	0.00637	0.00668	0.00418	0.00442	0.00647	0.00828	0.01109	0.02299	0.70499	0.04873	0.03379	0.03278	0.00200	0.04554	0.03881	0.00385	0.00362
19	0.01095	0.01055	0.01781	0.07086	0.66922	0.03237	0.07911	0.01359	0.01001	0.03140	0.00839	0.01093	0.00687	0.00394	0.00438	0.00132	0.00544	0.00397	0.00222	0.00667
20	0.00545	0.00393	0.00518	0.00610	0.00648	0.00366	0.00420	0.00635	0.00868	0.01153	0.05537	0.72697	0.06492	0.01326	0.00556	0.00176	0.00259	0.06033	0.00408	0.00360
21	0.00634	0.00425	0.00489	0.00489	0.00494	0.00430	0.00281	0.00643	0.00638	0.00856	0.01362	0.02786	0.01556	0.79832	0.07020	0.00439	0.00467	0.00624	0.00262	0.00272
22	0.00869	0.01005	0.09825	0.00857	0.01037	0.15552	0.03833	0.01165	0.11162	0.01254	0.03665	0.38856	0.02642	0.02636	0.00530	0.00161	0.00432	0.03708	0.00344	0.00467
23	0.00723	0.00528	0.00715	0.00685	0.00740	0.00608	0.00506	0.03276	0.03280	0.01020	0.01120	0.01838	0.01110	0.22113	0.39306	0.12820	0.08524	0.00485	0.00244	0.00360
24	0.08451	0.00750	0.00984	0.00761	0.01093	0.00667	0.00628	0.02062	0.01210	0.76176	0.01636	0.01426	0.01034	0.00530	0.00426	0.00135	0.00369	0.00423	0.00519	0.00722
25	0.01146	0.70286	0.06536	0.00794	0.01155	0.06591	0.00788	0.01305	0.00899	0.01047	0.00654	0.00777	0.00591	0.00552	0.05209	0.00133	0.00538	0.00255	0.00192	0.00551
26	0.05360	0.01165	0.07528	0.01813	0.34400	0.02266	0.14935	0.13155	0.10399	0.03222	0.00977	0.01129	0.00752	0.00435	0.00439	0.00136	0.00532	0.00410	0.00282	0.00665
27	0.01139	0.01267	0.04230	0.02895	0.01867	0.14328	0.47392	0.08623	0.01141	0.01458	0.00996	0.03120	0.00823	0.00474	0.00483	0.00142	0.00667	0.05178	0.03213	0.00566
28	0.01166	0.84935	0.02285	0.00746	0.01119	0.01726	0.00746	0.01306	0.00886	0.01026	0.00606	0.00700	0.00560	0.00373	0.00280	0.00093	0.00466	0.00233	0.00187	0.00560
29	0.00865	0.00766	0.01283	0.67287	0.07108	0.00916	0.03275	0.01141	0.00895	0.03357	0.00892	0.03631	0.00702	0.00466	0.00434	0.00143	0.00544	0.00419	0.05378	0.00497
30	0.01594	0.02095	0.18881	0.01007	0.01412	0.07634	0.07848	0.04772	0.01183	0.47083	0.01320	0.01253	0.00868	0.00488	0.00435	0.00134	0.00502	0.00403	0.00401	0.00686
31	0.19635	0.06153	0.12719	0.00962	0.01339	0.01067	0.08550	0.23379	0.01269	0.18219	0.01029	0.02103	0.00735	0.00473	0.00398	0.00134	0.00472	0.00372	0.00350	0.00641
32	0.01253	0.02904	0.01119	0.08286	0.06638	0.47301	0.00791	0.02260	0.02432	0.01207	0.09264	0.01565	0.12040	0.00579	0.00428	0.00124	0.00600	0.00439	0.00277	0.00494
33	0.00632	0.00430	0.00512	0.00512	0.00525	0.00443	0.00310	0.00658	0.00645	0.00873	0.01341	0.02670	0.01505	0.71503	0.15280	0.00468	0.00543	0.00607	0.00259	0.00285
34	0.38413	0.06546	0.01942	0.00843	0.01120	0.27834	0.00682	0.13527	0.02761	0.01720	0.00722	0.00806	0.00566	0.00439	0.00341	0.00125	0.00517	0.00281	0.00278	0.00536
35	0.01076	0.01044	0.01753	0.02560	0.75193	0.02569	0.03929	0.01334	0.00999	0.01413	0.00867	0.01200	0.00746	0.00415	0.00439	0.00132	0.00527	0.02907	0.00222	0.00675
36	0.01632	0.01972	0.01242	0.01130	0.02563	0.74331	0.00844	0.06598	0.01283	0.03470	0.00729	0.00827	0.00589	0.00456	0.00398	0.00114	0.00752	0.00294	0.00247	0.00530
37	0.00685	0.00525	0.00641	0.00623	0.00749	0.00519	0.00480	0.01033	0.13590	0.01615	0.47654	0.07635	0.11562	0.00929	0.00516	0.00149	0.00254	0.09941	0.00453	0.00446
38	0.00600	0.00445	0.00559	0.00531	0.00641	0.00404	0.00398	0.00790	0.01194	0.01654	0.68819	0.03415	0.17077	0.00927	0.00515	0.00139	0.00208	0.00811	0.00468	0.00404
39	0.01042	0.01025	0.01839	0.02424	0.64054	0.01011	0.14729	0.01309	0.00991	0.01403	0.00916	0.05550	0.00803	0.00437	0.00453	0.00135	0.00541	0.00456	0.00227	0.00655
40	0.01693	0.00885	0.01063	0.00839	0.01154	0.00886	0.00685	0.25074	0.10711	0.44822	0.01539	0.03697	0.01061	0.00563	0.00438	0.00135	0.00392	0.00453	0.03195	0.00715
41	0.00633	0.00427	0.00499	0.00499	0.00507	0.00435	0.00293	0.00649	0.00641	0.00863	0.01353	0.02737	0.01535	0.76292	0.10530	0.00451	0.00500	0.00617	0.00261	0.00277
42	0.00621	0.00461	0.00675	0.00679	0.00748	0.00529	0.00516	0.00761	0.00699	0.01001	0.01225	0.04392	0.01189	0.10258	0.73385	0.00661	0.01075	0.00506	0.00242	0.00377
43	0.01138	0.00953	0.01031	0.00941	0.03410	0.01087	0.00715	0.12796	0.64631	0.01907	0.01678	0.05215	0.01303	0.00611	0.00447	0.00146	0.00364	0.00510	0.00435	0.00682
44	0.01833	0.00843	0.01058	0.00818	0.01148	0.00802	0.00673	0.19522	0.03312	0.60112	0.01563	0.01395	0.01012	0.00536	0.00434	0.00133	0.00389	0.00429	0.03257	0.00730
45	0.66426	0.00910	0.00883	0.00729	0.01025	0.01018	0.06309	0.11320	0.00953	0.05941	0.00737	0.00823	0.00550	0.00424	0.00317	0.00135	0.00386	0.00286	0.00301	0.00528
46	0.00634	0.00455	0.00587	0.00639	0.00733	0.00427	0.00503	0.00782	0.00992	0.02820	0.14460	0.23651	0.18560	0.02957	0.00593	0.00179	0.00301	0.29926	0.00414	0.00388
47	0.00530	0.00393	0.00495	0.00573	0.00624	0.00358	0.00391	0.00616	0.00876	0.01141	0.04700	0.66660	0.18442	0.01303	0.00548	0.00170	0.00246	0.01166	0.00407	0.00358
48	0.00651	0.00461	0.00642	0.00670	0.00741	0.00501	0.00520	0.00793	0.00781	0.01097	0.01535	0.06301	0.01575	0.14417	0.43366	0.00485	0.00782	0.18858	0.05450	0.00373
49	0.01166	0.76960	0.07011	0.00790	0.01174	0.04681	0.00801	0.01327	0.00901	0.01049	0.00619	0.00716	0.00559	0.00378	0.00292	0.00097	0.00489	0.00240	0.00188	0.00563
50	0.00636	0.00467	0.00575	0.00542	0.00663	0.00429	0.00408	0.00856	0.03907	0.03071	0.61353	0.03368	0.20256	0.00920	0.00511	0.00140	0.00217	0.00800	0.00464	0.00418
51	0.00548	0.00384	0.00497	0.00588	0.00623	0.00358	0.00396	0.00634	0.00847	0.01148	0.02426	0.75906	0.06041	0.01302	0.00539	0.00171	0.00249	0.01175	0.05811	0.00358
52	0.02809	0.07771	0.08684	0.01035	0.01358	0.03930	0.10515	0.10824	0.42492	0.01735	0.01356	0.02456	0.01044	0.00533	0.00434	0.00140	0.00459	0.01413	0.00360	0.00651
53	0.00919	0.00878	0.02614	0.01066	0.01327	0.00887	0.23172	0.01584	0.34033	0.01598	0.14916	0.09239	0.04467	0.00662	0.00488	0.00148	0.00425	0.00627	0.00378	0.00573
54	0.00634	0.00424	0.00480	0.00480	0.00481	0.00425	0.00269	0.00637	0.00635	0.00849	0.01370	0.02833	0.01577	0.83199	0.03681	0.00428	0.00436	0.00631	0.00264	0.00267
55	0.83901	0.04585	0.00714	0.00581	0.00856	0.01012	0.00485	0.01283	0.00749	0.01915	0.00607	0.00708	0.00476	0.00403	0.00270	0.00133	0.00343	0.00236	0.00266	0.00476

[dist]
# distance from previous block
# <min> <max>
0	1

[block]
# block no. 4 follows, 60 sequences, length 42
# corresponding to MSA columns:
# 284-301,323-346
name=unknown_E
#
# <colnr> <probs for GDERKNQSTAVLIFYWHMCP>
#	G	D	E	R	K	N	Q	S	T	A	V	L	I	F	Y	W	H	M	C	P
0	0.00583	0.00448	0.00620	0.00654	0.00718	0.00423	0.03696	0.00697	0.02122	0.01162	0.05595	0.65016	0.07353	0.04492	0.00622	0.00179	0.01600	0.01099	0.00388	0.02532
1	0.01440	0.01120	0.01179	0.00944	0.01259	0.02788	0.00765	0.51235	0.24416	0.02365	0.01238	0.01209	0.00907	0.00531	0.00429	0.00131	0.00435	0.00412	0.01872	0.05326
2	0.00924	0.21359	0.57773	0.01077	0.01618	0.01135	0.01322	0.01323	0.00936	0.01326	0.06674	0.01041	0.00815	0.00440	0.00390	0.00128	0.00571	0.00336	0.00206	0.00608
3	0.04329	0.20897	0.61105	0.01105	0.01673	0.01173	0.01371	0.01360	0.00906	0.01323	0.00736	0.00863	0.00551	0.00405	0.00378	0.00128	0.00592	0.00299	0.00188	0.00619
4	0.01285	0.00726	0.00806	0.00689	0.00920	0.06862	0.00544	0.04584	0.01171	0.36492	0.08135	0.08461	0.24241	0.00792	0.00474	0.00141	0.00345	0.02315	0.00456	0.00559
5	0.01188	0.07101	0.08036	0.07326	0.02390	0.02641	0.01814	0.06800	0.15472	0.19847	0.07180	0.04309	0.08830	0.00629	0.00482	0.00140	0.03664	0.01172	0.00381	0.00600
6	0.02049	0.02727	0.15683	0.02765	0.01893	0.06737	0.41628	0.02924	0.09920	0.03434	0.00948	0.01137	0.00713	0.00436	0.00519	0.00144	0.05051	0.00443	0.00249	0.00601
7	0.01414	0.01665	0.01398	0.01635	0.28753	0.51385	0.00999	0.01611	0.03573	0.01220	0.00768	0.00924	0.00637	0.00434	0.00407	0.00119	0.00673	0.00326	0.01486	0.00573
8	0.02228	0.00783	0.01326	0.59914	0.07929	0.00917	0.07734	0.01144	0.00897	0.01234	0.00863	0.01207	0.00659	0.00435	0.00424	0.00139	0.00540	0.00398	0.10732	0.00497
9	0.01044	0.00989	0.01678	0.05053	0.73555	0.00995	0.01288	0.01300	0.00990	0.01406	0.00928	0.01364	0.00821	0.00450	0.00444	0.00135	0.00512	0.06156	0.00229	0.00663
10	0.00657	0.00500	0.00713	0.00706	0.00793	0.00580	0.00545	0.00886	0.06600	0.01066	0.01221	0.01750	0.01127	0.06143	0.73850	0.00650	0.01080	0.00475	0.00250	0.00407
11	0.05303	0.00746	0.00998	0.00768	0.01103	0.00654	0.00634	0.02093	0.01229	0.79122	0.01677	0.01454	0.01056	0.00535	0.00432	0.00135	0.00370	0.00431	0.00529	0.00732
12	0.01069	0.01047	0.01851	0.04126	0.71605	0.01042	0.10107	0.01341	0.00995	0.01416	0.00826	0.01092	0.00686	0.00387	0.00441	0.00132	0.00543	0.00403	0.00216	0.00676
13	0.00746	0.00387	0.00580	0.00580	0.00587	0.00394	0.00394	0.00587	0.00580	0.00780	0.00794	0.01361	0.00787	0.01673	0.08986	0.79547	0.00450	0.00387	0.00193	0.00207
14	0.01029	0.00985	0.01679	0.18617	0.66406	0.01023	0.01313	0.01294	0.00969	0.01364	0.00811	0.01096	0.00669	0.00398	0.00433	0.00133	0.00531	0.00388	0.00212	0.00650
15	0.01957	0.00742	0.01012	0.00776	0.01113	0.00641	0.00641	0.02126	0.01248	0.82254	0.01721	0.01484	0.01080	0.00540	0.00439	0.00135	0.00371	0.00439	0.00540	0.00742
16	0.01772	0.00797	0.01017	0.00806	0.01125	0.00753	0.00657	0.04693	0.17306	0.63553	0.01710	0.01499	0.01119	0.00550	0.00440	0.00137	0.00369	0.00448	0.00517	0.00732
17	0.00623	0.00467	0.00701	0.00701	0.00779	0.00545	0.00545	0.00779	0.00701	0.01012	0.01168	0.01713	0.01090	0.03271	0.82944	0.00701	0.01168	0.00467	0.00234	0.00389
18	0.00516	0.00440	0.00443	0.00446	0.00590	0.00368	0.00333	0.00625	0.00990	0.01177	0.04370	0.06130	0.79874	0.01111	0.00516	0.00148	0.00222	0.00928	0.00405	0.00368
19	0.00986	0.03604	0.01362	0.01132	0.01152	0.04423	0.00944	0.01084	0.00696	0.01050	0.00577	0.00940	0.00572	0.00739	0.01356	0.00185	0.78152	0.00373	0.00192	0.00481
20	0.01601	0.02022	0.01249	0.01170	0.03986	0.78653	0.00856	0.01740	0.02775	0.01094	0.00700	0.00812	0.00581	0.00450	0.00395	0.00114	0.00769	0.00289	0.00229	0.00515
21	0.00833	0.00440	0.00458	0.00455	0.00565	0.00445	0.00351	0.03613	0.00958	0.01639	0.01475	0.01849	0.01208	0.00560	0.00331	0.00110	0.00227	0.06172	0.77894	0.00417
22	0.00536	0.00386	0.00509	0.00606	0.00639	0.00359	0.00411	0.00617	0.00847	0.01122	0.02488	0.78503	0.06291	0.01350	0.00556	0.00177	0.00256	0.03586	0.00405	0.00356
23	0.01075	0.00998	0.01688	0.03682	0.74885	0.00996	0.01279	0.01328	0.01001	0.03376	0.02095	0.01245	0.01902	0.00427	0.00438	0.00132	0.00504	0.02040	0.00234	0.00675
24	0.01567	0.01908	0.03388	0.01148	0.03876	0.67117	0.00865	0.06064	0.06075	0.02884	0.00790	0.00878	0.00632	0.00461	0.00401	0.00117	0.00723	0.00307	0.00255	0.00544
25	0.82511	0.00919	0.00677	0.00607	0.00874	0.05966	0.00495	0.01310	0.00772	0.01903	0.00611	0.00713	0.00478	0.00408	0.00277	0.00134	0.00365	0.00239	0.00267	0.00474
26	0.00872	0.05992	0.65415	0.01199	0.01767	0.00997	0.07237	0.01317	0.00937	0.01363	0.03479	0.03315	0.03257	0.00471	0.00425	0.00138	0.00605	0.00390	0.00209	0.00613
27	0.00986	0.00963	0.07004	0.01093	0.10684	0.00957	0.01905	0.01849	0.50365	0.01669	0.07232	0.03938	0.03141	0.00642	0.00461	0.00148	0.00382	0.05556	0.00393	0.00633
28	0.00904	0.00775	0.00904	0.00646	0.01034	0.00581	0.00517	0.01098	0.00904	0.01421	0.00775	0.00904	0.00646	0.00323	0.00323	0.00065	0.00323	0.00258	0.00258	0.87339
29	0.00699	0.00636	0.03843	0.02796	0.02509	0.00581	0.04815	0.01013	0.10288	0.01480	0.30404	0.08259	0.21646	0.00895	0.00522	0.00150	0.01463	0.07142	0.00405	0.00455
30	0.07344	0.00801	0.00908	0.00662	0.01037	0.00649	0.00532	0.04966	0.00958	0.04023	0.00805	0.00915	0.00651	0.00345	0.00328	0.00075	0.00333	0.00269	0.00277	0.74120
31	0.74850	0.00828	0.02061	0.00576	0.00843	0.00908	0.00479	0.01216	0.00768	0.01848	0.00911	0.01018	0.06466	0.02110	0.00331	0.00139	0.00335	0.00297	0.00278	0.03738
32	0.04912	0.00932	0.00953	0.00716	0.01078	0.08866	0.00570	0.05679	0.01009	0.04793	0.00812	0.00916	0.00653	0.00359	0.00339	0.00079	0.00381	0.00275	0.00277	0.66403
33	0.00825	0.00596	0.00780	0.00754	0.02581	0.00549	0.01544	0.02993	0.03552	0.05996	0.14621	0.12252	0.03517	0.02381	0.00531	0.00154	0.00340	0.27587	0.00387	0.18060
34	0.06682	0.04802	0.09755	0.02207	0.13020	0.11863	0.13270	0.01513	0.10502	0.06856	0.01064	0.01168	0.03277	0.00445	0.00411	0.00125	0.00523	0.00386	0.00277	0.11855
35	0.03623	0.22407	0.19019	0.00894	0.01262	0.01118	0.03845	0.15446	0.04029	0.04016	0.07287	0.01473	0.06927	0.03608	0.00467	0.00136	0.00464	0.01445	0.00300	0.02235
36	0.11459	0.15718	0.24553	0.00916	0.01268	0.13475	0.01899	0.01305	0.00941	0.04970	0.01182	0.03879	0.08789	0.03294	0.00496	0.00140	0.04531	0.00400	0.00250	0.00535
37	0.10829	0.16666	0.18006	0.07044	0.03379	0.16246	0.01659	0.05194	0.02600	0.06083	0.00910	0.05425	0.00765	0.00491	0.00385	0.00127	0.00538	0.01600	0.00258	0.01797
38	0.09440	0.24340	0.30434	0.01029	0.03585	0.08089	0.02038	0.10197	0.01859	0.01467	0.00838	0.00968	0.02152	0.00440	0.00371	0.00124	0.00544	0.01252	0.00235	0.00597
39	0.07227	0.13606	0.29221	0.01107	0.04011	0.15524	0.05655	0.03576	0.07793	0.01394	0.00824	0.00932	0.00637	0.00422	0.00385	0.00123	0.00572	0.00321	0.00234	0.06434
40	0.05763	0.14827	0.23153	0.00954	0.01313	0.16267	0.03605	0.04447	0.02434	0.06702	0.03337	0.02725	0.07410	0.03817	0.00482	0.00139	0.01395	0.00405	0.00269	0.00555
41	0.08920	0.26548	0.14778	0.00870	0.01210	0.07482	0.03909	0.09503	0.01774	0.02576	0.05218	0.05638	0.04565	0.03608	0.00448	0.00134	0.00479	0.00413	0.00272	0.01657

[dist]
# distance from previous block
# <min> <max>
43	171

[block]
# block no. 5 follows, 60 sequences, length 52
# corresponding to MSA columns:
# 574-602,611,612,614-634
name=unknown_F
#
# <colnr> <probs for GDERKNQSTAVLIFYWHMCP>
#	G	D	E	R	K	N	Q	S	T	A	V	L	I	F	Y	W	H	M	C	P
0	0.00945	0.06044	0.03636	0.03250	0.02444	0.00797	0.04374	0.10220	0.08455	0.02629	0.06137	0.05577	0.07390	0.00788	0.06038	0.00161	0.00435	0.05453	0.02202	0.23024
1	0.06961	0.03019	0.05010	0.04179	0.11144	0.04267	0.03830	0.13477	0.08859	0.07642	0.10030	0.05253	0.01231	0.00538	0.00420	0.00126	0.00425	0.00452	0.00341	0.12797
2	0.08132	0.02291	0.04854	0.00871	0.01171	0.08262	0.03067	0.14177	0.23546	0.03995	0.04967	0.02855	0.02409	0.00537	0.00412	0.00126	0.00421	0.02138	0.00357	0.15414
3	0.05938	0.05639	0.18289	0.04166	0.01386	0.02168	0.06719	0.13370	0.11132	0.07629	0.10126	0.03625	0.02230	0.00550	0.00430	0.00135	0.00461	0.01426	0.00337	0.04243
4	0.32630	0.02560	0.06091	0.02052	0.02046	0.05610	0.02382	0.18284	0.07190	0.09573	0.03071	0.01087	0.00798	0.00479	0.00372	0.00132	0.00429	0.01318	0.00339	0.03555
5	0.41552	0.05819	0.03357	0.00765	0.01039	0.08288	0.05047	0.10327	0.02191	0.01753	0.04669	0.04155	0.08369	0.00542	0.00365	0.00134	0.00413	0.00403	0.00304	0.00509
6	0.02256	0.00595	0.00713	0.00634	0.00806	0.00573	0.00486	0.07153	0.07166	0.12828	0.33404	0.08275	0.12563	0.05712	0.00586	0.00156	0.00287	0.01847	0.00443	0.03518
7	0.01164	0.05376	0.09204	0.01324	0.09133	0.03382	0.21186	0.15524	0.10993	0.05734	0.02570	0.03738	0.00913	0.00622	0.04326	0.00164	0.01901	0.00455	0.00308	0.01984
8	0.00562	0.00424	0.00530	0.00591	0.00659	0.00390	0.00408	0.00681	0.03005	0.01155	0.02622	0.63724	0.15653	0.01294	0.02145	0.00177	0.00271	0.01109	0.00396	0.04205
9	0.04082	0.12630	0.05097	0.03497	0.01299	0.05483	0.00804	0.31080	0.26231	0.01967	0.01185	0.02780	0.00910	0.00525	0.00411	0.00132	0.00454	0.00404	0.00368	0.00660
10	0.01024	0.00697	0.00850	0.00655	0.00966	0.00562	0.00521	0.01229	0.02493	0.15568	0.14119	0.04441	0.02498	0.00516	0.00391	0.00097	0.00310	0.01407	0.00356	0.51299
11	0.01031	0.23532	0.51150	0.01073	0.01603	0.01212	0.01275	0.06022	0.04798	0.03284	0.00821	0.00918	0.00615	0.00421	0.00383	0.00126	0.00568	0.00314	0.00220	0.00633
12	0.01009	0.02486	0.03947	0.01651	0.04414	0.01051	0.61321	0.05053	0.01055	0.01436	0.03147	0.07502	0.00921	0.00475	0.00526	0.00148	0.02481	0.00556	0.00250	0.00574
13	0.00640	0.00512	0.00581	0.00591	0.00733	0.00482	0.00471	0.02578	0.07375	0.01336	0.09291	0.05923	0.46297	0.01067	0.00531	0.00160	0.00281	0.20326	0.00413	0.00413
14	0.08047	0.01132	0.09470	0.00974	0.01281	0.10106	0.09314	0.06590	0.19448	0.13611	0.01551	0.03422	0.07016	0.00600	0.00445	0.00143	0.00471	0.05418	0.00362	0.00599
15	0.01080	0.01031	0.01729	0.02582	0.77670	0.01039	0.01304	0.01390	0.05241	0.01446	0.00871	0.01108	0.00725	0.00399	0.00432	0.00131	0.00509	0.00394	0.00228	0.00691
16	0.01864	0.00718	0.00971	0.00752	0.01071	0.00623	0.00619	0.02035	0.01232	0.76113	0.04059	0.01543	0.01171	0.00549	0.00435	0.00133	0.00358	0.00447	0.04589	0.00717
17	0.01039	0.01153	0.02459	0.01799	0.03939	0.01090	0.73775	0.03706	0.01058	0.01434	0.00931	0.01290	0.00724	0.00399	0.00513	0.00148	0.00712	0.03009	0.00233	0.00589
18	0.01072	0.01029	0.01757	0.04926	0.79758	0.01034	0.01335	0.01332	0.00990	0.01416	0.00819	0.01082	0.00688	0.00390	0.00432	0.00130	0.00520	0.00389	0.00215	0.00685
19	0.00622	0.00456	0.00658	0.00664	0.00730	0.00517	0.00500	0.00755	0.00705	0.01009	0.01271	0.06822	0.01257	0.12666	0.67205	0.00627	0.01010	0.00532	0.01621	0.00373
20	0.00735	0.00450	0.00458	0.00449	0.00574	0.00433	0.00339	0.02114	0.03886	0.01512	0.04981	0.02484	0.26730	0.00712	0.00385	0.00119	0.00218	0.00584	0.52426	0.00410
21	0.01071	0.01028	0.01756	0.05194	0.79497	0.01034	0.01335	0.01332	0.00989	0.01415	0.00819	0.01082	0.00687	0.00390	0.00432	0.00130	0.00520	0.00389	0.00215	0.00684
22	0.00698	0.00406	0.00570	0.00572	0.00588	0.00419	0.00384	0.00624	0.00616	0.00835	0.01023	0.04062	0.01071	0.21191	0.16902	0.48560	0.00532	0.00479	0.00221	0.00249
23	0.01920	0.00734	0.01000	0.00770	0.01101	0.00635	0.00635	0.02090	0.01248	0.80042	0.03919	0.01533	0.01163	0.00549	0.00441	0.00135	0.00367	0.00448	0.00538	0.00733
24	0.44453	0.01049	0.03440	0.00776	0.01076	0.05372	0.00649	0.20941	0.09768	0.07314	0.00922	0.00952	0.00678	0.00466	0.00351	0.00134	0.00409	0.00320	0.00342	0.00587
25	0.01637	0.01211	0.01297	0.00999	0.01345	0.01343	0.00824	0.77654	0.04928	0.02715	0.01074	0.01068	0.00763	0.00526	0.00437	0.00132	0.00475	0.00396	0.00437	0.00740
26	0.01957	0.00742	0.01012	0.00776	0.01113	0.00641	0.00641	0.02126	0.01248	0.82254	0.01721	0.01484	0.01080	0.00540	0.00439	0.00135	0.00371	0.00439	0.00540	0.00742
27	0.00534	0.00383	0.00507	0.00602	0.00632	0.00356	0.00404	0.00614	0.00850	0.01133	0.04778	0.80314	0.04581	0.01347	0.00555	0.00175	0.00251	0.01220	0.00407	0.00356
28	0.01551	0.09113	0.01310	0.01072	0.01313	0.68447	0.00823	0.03267	0.06992	0.01151	0.00755	0.00845	0.00621	0.00455	0.00388	0.00114	0.00721	0.00294	0.00241	0.00528
29	0.00624	0.00465	0.00689	0.00689	0.00762	0.00538	0.00530	0.00771	0.00697	0.01003	0.01180	0.01776	0.01117	0.07731	0.78521	0.00686	0.01127	0.00476	0.00235	0.00383
30	0.01144	0.78803	0.08228	0.00783	0.01176	0.01673	0.00810	0.01312	0.00889	0.01052	0.00619	0.00716	0.00559	0.00376	0.00290	0.00097	0.00480	0.00240	0.00186	0.00566
31	0.01166	0.84935	0.02285	0.00746	0.01119	0.01726	0.00746	0.01306	0.00886	0.01026	0.00606	0.00700	0.00560	0.00373	0.00280	0.00093	0.00466	0.00233	0.00187	0.00560
32	0.00594	0.00444	0.00557	0.00536	0.00644	0.00407	0.00401	0.00773	0.01147	0.01577	0.59487	0.05902	0.20008	0.01062	0.04374	0.00167	0.00255	0.00815	0.00451	0.00400
33	0.02910	0.00964	0.01376	0.03405	0.36052	0.02205	0.03245	0.08487	0.02301	0.04039	0.00862	0.01029	0.00692	0.00388	0.00394	0.00108	0.00449	0.00346	0.00265	0.30483
34	0.01098	0.02934	0.12680	0.00949	0.01258	0.04367	0.00834	0.04809	0.62117	0.01746	0.01540	0.01453	0.01153	0.00554	0.00434	0.00143	0.00413	0.00451	0.00392	0.00675
35	0.01895	0.00810	0.01051	0.00809	0.01145	0.00746	0.00667	0.12442	0.03399	0.69734	0.01633	0.01431	0.01042	0.00539	0.00438	0.00135	0.00385	0.00434	0.00524	0.00741
36	0.00576	0.00468	0.00553	0.00589	0.04419	0.00413	0.00408	0.00723	0.01066	0.01374	0.29503	0.07324	0.48998	0.01013	0.00513	0.00144	0.00231	0.00867	0.00421	0.00397
37	0.03212	0.14881	0.18024	0.00995	0.02870	0.08716	0.04763	0.12362	0.07310	0.02932	0.03192	0.12892	0.01144	0.00648	0.01518	0.00143	0.00505	0.03019	0.00300	0.00573
38	0.01567	0.01979	0.01203	0.01097	0.01313	0.77826	0.00824	0.01682	0.01203	0.01064	0.00705	0.00844	0.00594	0.00624	0.05500	0.00149	0.00810	0.00292	0.00225	0.00498
39	0.00531	0.00381	0.00505	0.00604	0.00632	0.00355	0.00403	0.00608	0.00838	0.01115	0.02442	0.82877	0.04370	0.01361	0.00556	0.00177	0.00252	0.01234	0.00405	0.00355
40	0.00933	0.01127	0.10353	0.19282	0.05386	0.01031	0.39210	0.01273	0.02457	0.01302	0.01033	0.02806	0.04477	0.00475	0.00552	0.00149	0.06889	0.00484	0.00225	0.00555
41	0.01135	0.01117	0.01700	0.04716	0.70697	0.07426	0.01279	0.04124	0.01046	0.01435	0.00816	0.01058	0.00680	0.00399	0.00429	0.00129	0.00539	0.00380	0.00224	0.00673
42	0.01863	0.00719	0.00975	0.00755	0.01075	0.00624	0.00621	0.02034	0.01239	0.76271	0.05457	0.01571	0.01223	0.00555	0.00438	0.00134	0.00359	0.00454	0.02915	0.00718
43	0.00540	0.00389	0.00514	0.00608	0.00643	0.00362	0.00415	0.00625	0.00857	0.01136	0.03943	0.75981	0.06203	0.01339	0.00556	0.00176	0.00257	0.04691	0.00406	0.00358
44	0.01054	0.01190	0.08913	0.16179	0.11932	0.11706	0.03257	0.04975	0.04370	0.01275	0.00793	0.01061	0.00657	0.00628	0.03353	0.00168	0.25515	0.00377	0.02052	0.00545
45	0.00532	0.00387	0.00502	0.00590	0.00629	0.00357	0.00398	0.00615	0.00861	0.01137	0.04714	0.74488	0.10527	0.01328	0.00552	0.00173	0.00249	0.01197	0.00407	0.00357
46	0.00540	0.00380	0.00503	0.00601	0.00629	0.00356	0.00402	0.00620	0.00838	0.01130	0.02373	0.81751	0.02828	0.01339	0.00549	0.00175	0.00251	0.01213	0.03166	0.00356
47	0.01097	0.01183	0.07776	0.01401	0.09990	0.04927	0.23981	0.04974	0.34247	0.01605	0.01226	0.01304	0.00930	0.00487	0.00485	0.00144	0.02821	0.00458	0.00318	0.00645
48	0.01059	0.00891	0.00988	0.00880	0.01112	0.01015	0.02678	0.03230	0.68070	0.03248	0.01707	0.02968	0.01327	0.04637	0.04030	0.00184	0.00395	0.00508	0.00422	0.00652
49	0.85874	0.00841	0.00649	0.00578	0.00849	0.00971	0.00476	0.01301	0.00753	0.03715	0.00632	0.00725	0.00486	0.00408	0.00274	0.00135	0.00338	0.00241	0.00276	0.00478
50	0.00994	0.01313	0.19407	0.13420	0.12192	0.02233	0.32403	0.05562	0.01047	0.01442	0.05040	0.01202	0.00812	0.00427	0.00465	0.00141	0.00626	0.00443	0.00233	0.00596
51	0.02741	0.50123	0.34399	0.00942	0.01422	0.01425	0.01088	0.01336	0.00897	0.01187	0.00677	0.00789	0.00555	0.00390	0.00334	0.00112	0.00535	0.00269	0.00187	0.00592

[dist]
# distance from previous block
# <min> <max>
0	14

# created by:
# /st0/software/busco_prod/Augustus/scripts/msa2prfl.pl ./align_prep/128715.fa
