[name]
unknown

[dist]
# distance from previous block
# <min> <max>
18	157

[block]
# block no. 0 follows, 54 sequences, length 14
# corresponding to MSA columns:
# 1434-1446,1449
name=unknown_A
#
# <colnr> <probs for GDERKNQSTAVLIFYWHMCP>
#	G	D	E	R	K	N	Q	S	T	A	V	L	I	F	Y	W	H	M	C	P
0	0.01267	0.00987	0.03643	0.00979	0.03018	0.00984	0.02720	0.11943	0.16396	0.13492	0.04917	0.01592	0.05980	0.00619	0.00607	0.00142	0.11722	0.00476	0.00394	0.18120
1	0.01146	0.03419	0.04005	0.15484	0.09367	0.00975	0.05036	0.07226	0.15908	0.09189	0.06800	0.01914	0.04209	0.00625	0.00486	0.00150	0.00475	0.06492	0.00370	0.06724
2	0.02785	0.09093	0.15412	0.03130	0.04444	0.08293	0.00916	0.11445	0.07879	0.02677	0.03671	0.03458	0.07080	0.00559	0.00433	0.00128	0.00497	0.00442	0.00320	0.17336
3	0.03947	0.07616	0.04670	0.10440	0.04856	0.04009	0.00819	0.10642	0.01123	0.07234	0.03824	0.08560	0.03601	0.07379	0.00704	0.00167	0.07877	0.00513	0.00324	0.11695
4	0.17239	0.19980	0.02996	0.00902	0.01264	0.11023	0.00775	0.24646	0.01363	0.03501	0.00858	0.00932	0.00670	0.00466	0.00378	0.00122	0.00506	0.00320	0.00322	0.11737
5	0.07849	0.01090	0.03311	0.00969	0.03165	0.06806	0.00769	0.25434	0.11167	0.17706	0.01636	0.11016	0.04448	0.00700	0.00477	0.00151	0.00455	0.01727	0.00446	0.00680
6	0.20887	0.02921	0.16164	0.00959	0.01312	0.06514	0.00898	0.19668	0.09561	0.02008	0.05538	0.05098	0.01157	0.00616	0.00441	0.00151	0.00492	0.04627	0.00358	0.00630
7	0.01082	0.02993	0.04955	0.03513	0.03571	0.00918	0.06386	0.04326	0.29129	0.08162	0.14386	0.05917	0.07476	0.00724	0.00501	0.00154	0.00405	0.02074	0.00430	0.02898
8	0.01590	0.03396	0.01145	0.00842	0.01204	0.00895	0.00690	0.22275	0.01450	0.30867	0.03531	0.01474	0.03719	0.02279	0.00482	0.00131	0.00413	0.00436	0.00451	0.22730
9	0.00667	0.00510	0.00618	0.00659	0.00745	0.00504	0.00464	0.00927	0.10964	0.01363	0.10631	0.45890	0.14265	0.05601	0.03716	0.00213	0.00323	0.01072	0.00436	0.00434
10	0.00675	0.00500	0.00730	0.00730	0.00805	0.00574	0.00555	0.00824	0.00750	0.01074	0.01288	0.01991	0.01239	0.12541	0.72639	0.00724	0.01172	0.00526	0.00256	0.00406
11	0.00966	0.00884	0.01434	0.73266	0.06217	0.01080	0.01285	0.06808	0.01040	0.01345	0.00861	0.01244	0.00646	0.00476	0.00471	0.00155	0.00618	0.00419	0.00229	0.00553
12	0.00628	0.00454	0.00630	0.00674	0.00722	0.00438	0.02504	0.00721	0.00906	0.01227	0.10446	0.53328	0.02790	0.11983	0.07388	0.02901	0.00389	0.01089	0.00400	0.00381
13	0.01419	0.11571	0.01466	0.01193	0.05866	0.38391	0.05283	0.08879	0.03440	0.01399	0.01186	0.06865	0.04273	0.01944	0.00502	0.00142	0.01970	0.03342	0.00294	0.00574

[dist]
# distance from previous block
# <min> <max>
1	3

[block]
# block no. 1 follows, 54 sequences, length 24
# corresponding to MSA columns:
# 1453-1476
name=unknown_B
#
# <colnr> <probs for GDERKNQSTAVLIFYWHMCP>
#	G	D	E	R	K	N	Q	S	T	A	V	L	I	F	Y	W	H	M	C	P
0	0.11546	0.11573	0.05633	0.05480	0.05806	0.32768	0.00937	0.15115	0.04116	0.01649	0.00845	0.00957	0.00667	0.00483	0.00411	0.00131	0.00641	0.00336	0.00287	0.00619
1	0.75805	0.03945	0.00873	0.00712	0.01013	0.05377	0.03636	0.01418	0.00849	0.02005	0.00672	0.00790	0.00527	0.00437	0.00310	0.00144	0.00413	0.00270	0.00284	0.00521
2	0.10186	0.01263	0.09093	0.03258	0.05017	0.09516	0.17206	0.07183	0.09369	0.12833	0.01507	0.01558	0.08786	0.00562	0.00473	0.00149	0.00558	0.00490	0.00350	0.00644
3	0.01505	0.00932	0.01073	0.00908	0.01214	0.00983	0.00721	0.02388	0.48950	0.30301	0.01863	0.01678	0.01318	0.00610	0.00474	0.00152	0.00382	0.00504	0.00511	0.03532
4	0.00879	0.00439	0.00439	0.00439	0.00549	0.00439	0.00330	0.01099	0.00989	0.01758	0.01538	0.01758	0.01209	0.00549	0.00330	0.00110	0.00220	0.00439	0.86047	0.00439
5	0.00589	0.00501	0.00510	0.00504	0.00665	0.00434	0.00379	0.00765	0.04511	0.01330	0.07815	0.04374	0.73679	0.01160	0.00554	0.00159	0.00244	0.00969	0.00443	0.00415
6	0.00574	0.00410	0.00547	0.00657	0.00684	0.00383	0.00438	0.00657	0.00903	0.01204	0.02599	0.83122	0.03119	0.01477	0.00602	0.00191	0.00274	0.01340	0.00438	0.00383
7	0.00598	0.00443	0.00554	0.00629	0.00695	0.00408	0.00445	0.00702	0.00961	0.01246	0.05386	0.51128	0.20113	0.05745	0.00691	0.00200	0.00290	0.08944	0.00432	0.00388
8	0.01141	0.01189	0.05726	0.11256	0.22133	0.01145	0.30114	0.08371	0.07428	0.01656	0.03093	0.01381	0.00903	0.00478	0.00507	0.00153	0.00633	0.01742	0.00282	0.00669
9	0.00829	0.00652	0.00770	0.00710	0.00871	0.00677	0.00541	0.01406	0.26357	0.01917	0.55211	0.02959	0.03487	0.00860	0.00532	0.00152	0.00271	0.00751	0.00506	0.00541
10	0.01261	0.83713	0.02471	0.00807	0.01210	0.01866	0.00807	0.01412	0.00958	0.01109	0.00656	0.00756	0.00605	0.00403	0.00303	0.00101	0.00504	0.00252	0.00202	0.00605
11	0.20193	0.00826	0.01009	0.00792	0.01141	0.00771	0.00654	0.02103	0.01233	0.64007	0.01603	0.01426	0.01027	0.00552	0.00435	0.00146	0.00393	0.00427	0.00521	0.00740
12	0.00618	0.04335	0.00643	0.00639	0.00708	0.00463	0.00449	0.00727	0.00981	0.01303	0.13763	0.61256	0.09722	0.01330	0.00577	0.00178	0.00274	0.01191	0.00438	0.00404
13	0.00588	0.00461	0.00532	0.00551	0.00665	0.00405	0.00399	0.00722	0.01092	0.01402	0.22082	0.24665	0.42332	0.01213	0.00569	0.00165	0.00244	0.01051	0.00457	0.00405
14	0.05540	0.11424	0.25933	0.01026	0.01452	0.01202	0.01044	0.15561	0.19697	0.03176	0.02441	0.03158	0.05187	0.00579	0.00445	0.00146	0.00504	0.00454	0.00348	0.00683
15	0.00666	0.00480	0.00555	0.00540	0.00643	0.00436	0.00379	0.00789	0.01062	0.03365	0.28766	0.06259	0.30515	0.22297	0.01031	0.00233	0.00295	0.00866	0.00429	0.00394
16	0.01240	0.03201	0.01778	0.08212	0.47239	0.04352	0.06359	0.11409	0.06684	0.01698	0.01013	0.01282	0.00824	0.00477	0.00473	0.00144	0.00570	0.02050	0.00283	0.00712
17	0.00677	0.00491	0.00688	0.00688	0.00748	0.00552	0.00502	0.00797	0.00737	0.01043	0.01327	0.02205	0.01332	0.26396	0.58910	0.00672	0.01032	0.00557	0.00262	0.00382
18	0.00949	0.02920	0.01483	0.35719	0.24871	0.00981	0.04791	0.01256	0.03457	0.01412	0.09710	0.07972	0.01306	0.00590	0.00490	0.00153	0.00533	0.00546	0.00278	0.00582
19	0.01221	0.08698	0.04667	0.00959	0.01233	0.10041	0.00784	0.06483	0.44600	0.03532	0.01660	0.11321	0.01394	0.00688	0.00470	0.00152	0.00449	0.00564	0.00413	0.00670
20	0.01127	0.01072	0.01555	0.03588	0.42441	0.03699	0.01153	0.02586	0.14485	0.01559	0.05324	0.01434	0.02746	0.00577	0.00658	0.00155	0.14402	0.00470	0.00294	0.00674
21	0.05892	0.04637	0.02652	0.02536	0.01838	0.05766	0.00604	0.05163	0.01006	0.04809	0.02994	0.37826	0.06517	0.07694	0.03358	0.00211	0.04791	0.00867	0.00372	0.00468
22	0.40810	0.03414	0.05220	0.00921	0.04818	0.20716	0.00721	0.01408	0.00987	0.01646	0.01148	0.06296	0.07154	0.00583	0.00411	0.00144	0.02376	0.00411	0.00289	0.00526
23	0.00995	0.12507	0.58858	0.01287	0.04379	0.01159	0.03883	0.03126	0.01041	0.01493	0.04641	0.01175	0.02472	0.00482	0.00441	0.00143	0.00635	0.00384	0.00228	0.00669

[dist]
# distance from previous block
# <min> <max>
1	4

[block]
# block no. 2 follows, 54 sequences, length 18
# corresponding to MSA columns:
# 1481-1490,1493-1500
name=unknown_C
#
# <colnr> <probs for GDERKNQSTAVLIFYWHMCP>
#	G	D	E	R	K	N	Q	S	T	A	V	L	I	F	Y	W	H	M	C	P
0	0.01067	0.15658	0.43486	0.01298	0.03441	0.04112	0.10724	0.01577	0.08846	0.01480	0.03363	0.01141	0.00818	0.00470	0.00443	0.00142	0.00632	0.00391	0.00244	0.00667
1	0.05657	0.00888	0.03021	0.03989	0.08994	0.00804	0.03019	0.04608	0.02719	0.52549	0.07500	0.01619	0.01290	0.00578	0.00473	0.00146	0.00431	0.00484	0.00494	0.00739
2	0.03294	0.52087	0.02001	0.00902	0.01270	0.17627	0.00812	0.08708	0.01149	0.01344	0.00727	0.00826	0.00628	0.00432	0.00346	0.00108	0.00561	0.00280	0.00243	0.06655
3	0.00900	0.00679	0.00754	0.00700	0.00885	0.00683	0.00533	0.09580	0.16766	0.05297	0.12703	0.16621	0.30031	0.01008	0.00536	0.00161	0.00307	0.00859	0.00467	0.00532
4	0.00678	0.00488	0.00672	0.00672	0.00727	0.00543	0.00483	0.00787	0.00732	0.01031	0.01341	0.02285	0.01367	0.31592	0.53763	0.00652	0.00980	0.00569	0.00264	0.00373
5	0.00625	0.00465	0.00586	0.00614	0.00709	0.00425	0.00453	0.00784	0.01129	0.01517	0.34770	0.28163	0.18909	0.01196	0.00579	0.00170	0.00260	0.07760	0.00471	0.00416
6	0.00978	0.00838	0.00978	0.00698	0.01117	0.00629	0.00559	0.01187	0.00978	0.01536	0.00838	0.00978	0.00698	0.00349	0.00349	0.00070	0.00349	0.00279	0.00279	0.86312
7	0.01353	0.31104	0.22063	0.01103	0.02928	0.19823	0.01083	0.07652	0.04221	0.03399	0.00842	0.00936	0.00668	0.00460	0.00395	0.00125	0.00627	0.00321	0.00252	0.00643
8	0.01349	0.32962	0.05440	0.01209	0.09513	0.22601	0.03729	0.06530	0.02807	0.01385	0.04871	0.01194	0.00921	0.00503	0.00407	0.00125	0.00602	0.02977	0.00264	0.00611
9	0.01597	0.00751	0.00976	0.00777	0.01086	0.00657	0.00626	0.01833	0.04827	0.48343	0.11493	0.01964	0.01601	0.04822	0.00569	0.00154	0.00374	0.03266	0.00504	0.13782
10	0.03057	0.05607	0.08059	0.02992	0.05112	0.08214	0.05908	0.04274	0.25610	0.01625	0.05951	0.08450	0.09771	0.00719	0.00488	0.00154	0.00470	0.02556	0.00374	0.00611
11	0.00677	0.00514	0.00630	0.00620	0.00736	0.00489	0.00457	0.00954	0.07994	0.01677	0.47593	0.18491	0.15260	0.01067	0.00558	0.00159	0.00248	0.00938	0.00488	0.00452
12	0.06099	0.12803	0.04782	0.05178	0.05225	0.04296	0.00882	0.22722	0.22981	0.06313	0.03261	0.01310	0.01019	0.00548	0.00440	0.00142	0.00482	0.00426	0.00388	0.00703
13	0.86760	0.00912	0.00693	0.00620	0.00912	0.01058	0.00511	0.01386	0.00802	0.02115	0.00657	0.00766	0.00511	0.00438	0.00292	0.00146	0.00365	0.00255	0.00292	0.00511
14	0.01368	0.17988	0.17095	0.01075	0.01429	0.33149	0.00999	0.03811	0.02991	0.03814	0.06133	0.01261	0.02787	0.00541	0.00448	0.00131	0.02278	0.01832	0.00274	0.00595
15	0.00879	0.00439	0.00439	0.00439	0.00549	0.00439	0.00330	0.01099	0.00989	0.01758	0.01538	0.01758	0.01209	0.00549	0.00330	0.00110	0.00220	0.00439	0.86047	0.00439
16	0.03230	0.19165	0.10218	0.03312	0.20660	0.05010	0.04590	0.08566	0.03398	0.03947	0.07856	0.01297	0.01056	0.00596	0.01964	0.03241	0.00548	0.00417	0.00288	0.00640
17	0.03579	0.10284	0.24636	0.05350	0.04220	0.24635	0.05347	0.06362	0.01147	0.01417	0.00848	0.01040	0.00675	0.00731	0.07580	0.00190	0.00749	0.00359	0.00240	0.00610

[dist]
# distance from previous block
# <min> <max>
0	1

[block]
# block no. 3 follows, 54 sequences, length 10
# corresponding to MSA columns:
# 1502-1511
name=unknown_D
#
# <colnr> <probs for GDERKNQSTAVLIFYWHMCP>
#	G	D	E	R	K	N	Q	S	T	A	V	L	I	F	Y	W	H	M	C	P
0	0.01384	0.44605	0.13374	0.01021	0.01413	0.28577	0.00976	0.01582	0.01091	0.01180	0.00708	0.00822	0.00605	0.00438	0.00365	0.00115	0.00648	0.00283	0.00215	0.00599
1	0.01220	0.08884	0.16944	0.01051	0.04910	0.01025	0.00950	0.09804	0.15796	0.12627	0.02965	0.03487	0.03434	0.03516	0.01981	0.00175	0.00495	0.09693	0.00384	0.00657
2	0.01305	0.01374	0.21524	0.01075	0.01470	0.06142	0.07615	0.16090	0.01391	0.15507	0.17511	0.01764	0.03880	0.00620	0.00490	0.00146	0.00520	0.00522	0.00396	0.00659
3	0.01050	0.00898	0.01078	0.00992	0.04726	0.03455	0.05713	0.11755	0.26712	0.01731	0.05868	0.05803	0.11415	0.06942	0.09479	0.00242	0.00517	0.00626	0.00401	0.00597
4	0.00660	0.00481	0.00626	0.00704	0.00786	0.00459	0.00548	0.00805	0.01011	0.01315	0.06891	0.30311	0.14146	0.06861	0.00734	0.00213	0.00344	0.32272	0.00430	0.00403
5	0.01256	0.05676	0.01237	0.08760	0.06490	0.01114	0.00822	0.24472	0.21161	0.04811	0.09080	0.04160	0.06056	0.02161	0.00516	0.00154	0.00437	0.00549	0.00420	0.00667
6	0.00610	0.00451	0.00577	0.00655	0.00727	0.00418	0.00479	0.00733	0.01000	0.01306	0.09163	0.49160	0.17282	0.01355	0.00598	0.00186	0.00290	0.14165	0.00444	0.00399
7	0.05484	0.05246	0.07729	0.06542	0.25286	0.03293	0.01058	0.19210	0.04799	0.05316	0.05216	0.01487	0.06184	0.00556	0.00460	0.00143	0.00508	0.00463	0.00339	0.00682
8	0.00773	0.00426	0.00580	0.00580	0.00580	0.00426	0.00367	0.00639	0.00639	0.00852	0.01047	0.01999	0.01126	0.29668	0.02034	0.56870	0.00426	0.00504	0.00232	0.00232
9	0.01259	0.10131	0.07779	0.05629	0.37714	0.04186	0.04579	0.06484	0.05378	0.06691	0.00985	0.01155	0.00774	0.00452	0.00446	0.00135	0.00555	0.00401	0.00280	0.04984

[dist]
# distance from previous block
# <min> <max>
0	1

[block]
# block no. 4 follows, 54 sequences, length 29
# corresponding to MSA columns:
# 1513-1515,1517-1523,1568-1580,1583-1588
name=unknown_E
#
# <colnr> <probs for GDERKNQSTAVLIFYWHMCP>
#	G	D	E	R	K	N	Q	S	T	A	V	L	I	F	Y	W	H	M	C	P
0	0.36620	0.07979	0.08790	0.00849	0.01201	0.04528	0.00767	0.12525	0.03632	0.14089	0.02989	0.01077	0.00804	0.00504	0.00399	0.00142	0.01772	0.00350	0.00354	0.00630
1	0.00686	0.00474	0.00592	0.00597	0.00625	0.00497	0.00390	0.00741	0.00723	0.00986	0.01468	0.02842	0.01610	0.57833	0.24159	0.00530	0.00678	0.03957	0.00283	0.00329
2	0.01117	0.00969	0.07809	0.03512	0.09515	0.03812	0.00805	0.10142	0.08418	0.10556	0.30405	0.03170	0.06316	0.00731	0.00505	0.00148	0.00402	0.00624	0.00435	0.00608
3	0.00601	0.00420	0.00544	0.00626	0.00661	0.00392	0.00417	0.00657	0.00879	0.01158	0.02575	0.63373	0.09978	0.07509	0.00830	0.07130	0.00295	0.01185	0.00408	0.00363
4	0.01240	0.02825	0.10166	0.01016	0.02335	0.07244	0.02224	0.21270	0.24969	0.01916	0.03067	0.05029	0.04659	0.07461	0.00639	0.00176	0.00491	0.02222	0.00395	0.00655
5	0.00797	0.00496	0.00664	0.00681	0.00742	0.00493	0.00506	0.04125	0.00885	0.01163	0.04642	0.06420	0.07494	0.09697	0.01339	0.38601	0.00400	0.20207	0.00322	0.00328
6	0.01283	0.05860	0.02985	0.02071	0.01222	0.06080	0.00784	0.23325	0.12353	0.06958	0.02489	0.01537	0.02821	0.03558	0.19417	0.00297	0.05496	0.00468	0.00369	0.00627
7	0.00686	0.00457	0.00514	0.00514	0.00514	0.00457	0.00286	0.00686	0.00686	0.00914	0.01486	0.03086	0.01714	0.83430	0.02400	0.00457	0.00457	0.00686	0.00286	0.00286
8	0.01697	0.02256	0.04133	0.06713	0.08149	0.00940	0.00867	0.14497	0.08106	0.41745	0.01569	0.04834	0.01110	0.00593	0.00475	0.00148	0.00454	0.00491	0.00475	0.00749
9	0.01157	0.01122	0.01952	0.04856	0.73944	0.01123	0.05986	0.01445	0.01073	0.01530	0.00890	0.01175	0.00742	0.00420	0.00472	0.00142	0.00576	0.00428	0.00233	0.00735
10	0.01268	0.01060	0.01120	0.00979	0.01262	0.01217	0.00769	0.14213	0.67774	0.02125	0.01798	0.01663	0.01342	0.00628	0.00479	0.00157	0.00395	0.00516	0.00479	0.00755
11	0.01048	0.00863	0.00997	0.00744	0.01125	0.00714	0.00592	0.11079	0.01130	0.01692	0.01025	0.07965	0.00917	0.00473	0.00386	0.00089	0.00364	0.00388	0.00317	0.68092
12	0.86760	0.00912	0.00693	0.00620	0.00912	0.01058	0.00511	0.01386	0.00802	0.02115	0.00657	0.00766	0.00511	0.00438	0.00292	0.00146	0.00365	0.00255	0.00292	0.00511
13	0.81451	0.00935	0.00736	0.04104	0.01022	0.02628	0.00552	0.01388	0.00819	0.02058	0.00666	0.00788	0.00518	0.00440	0.00302	0.00146	0.00385	0.00263	0.00287	0.00512
14	0.00964	0.07213	0.76374	0.01312	0.01992	0.01140	0.01687	0.01488	0.00993	0.01471	0.00835	0.00981	0.00598	0.00445	0.00439	0.00146	0.00686	0.00343	0.00199	0.00691
15	0.14054	0.00856	0.01268	0.55296	0.02504	0.01069	0.01108	0.01207	0.00913	0.01370	0.04835	0.01269	0.00804	0.00536	0.00585	0.00161	0.10995	0.00415	0.00238	0.00517
16	0.00819	0.00410	0.00614	0.00614	0.00614	0.00410	0.00410	0.00614	0.00614	0.00819	0.00819	0.01433	0.00819	0.01638	0.01843	0.86282	0.00410	0.00410	0.00205	0.00205
17	0.00676	0.00496	0.00714	0.00714	0.00783	0.00565	0.00534	0.00814	0.00745	0.01062	0.01303	0.02076	0.01276	0.18032	0.67198	0.00703	0.01117	0.00538	0.00259	0.00396
18	0.00728	0.00497	0.00604	0.00572	0.00712	0.00443	0.00431	0.00907	0.01223	0.06922	0.45123	0.07750	0.28602	0.01031	0.00549	0.00153	0.00242	0.00890	0.02168	0.00450
19	0.04050	0.15852	0.22014	0.01279	0.08910	0.19560	0.01131	0.13512	0.06507	0.01633	0.00900	0.01002	0.00700	0.00477	0.00421	0.00133	0.00627	0.00350	0.00276	0.00665
20	0.04994	0.01342	0.01584	0.01808	0.30990	0.20415	0.08293	0.08432	0.04614	0.04942	0.01083	0.07375	0.00934	0.00544	0.00469	0.00143	0.00603	0.00476	0.00301	0.00658
21	0.00693	0.00514	0.00621	0.00633	0.00741	0.00487	0.00476	0.04172	0.01116	0.01471	0.22582	0.16110	0.22248	0.11683	0.00812	0.00209	0.00314	0.14262	0.00440	0.00417
22	0.01065	0.09313	0.51450	0.06537	0.11007	0.01149	0.05887	0.01505	0.01022	0.05496	0.00891	0.01057	0.00653	0.00446	0.00446	0.00145	0.00650	0.00371	0.00226	0.00686
23	0.00588	0.00420	0.00561	0.00662	0.00697	0.00393	0.00451	0.00684	0.00936	0.01253	0.07156	0.75211	0.03180	0.01440	0.00601	0.00190	0.00277	0.04470	0.00442	0.00389
24	0.01193	0.02938	0.04646	0.12618	0.09384	0.01180	0.00950	0.12868	0.42140	0.01896	0.01515	0.01533	0.02374	0.00631	0.01909	0.00164	0.00478	0.00483	0.00393	0.00706
25	0.00758	0.00508	0.00682	0.00665	0.00763	0.00528	0.00493	0.00891	0.00881	0.06738	0.08551	0.05560	0.11692	0.17578	0.40991	0.00510	0.00798	0.00659	0.00335	0.00420
26	0.03582	0.18603	0.01576	0.01080	0.01396	0.40245	0.00876	0.24087	0.01502	0.01693	0.00829	0.00911	0.00661	0.00491	0.00411	0.00124	0.00673	0.00327	0.00302	0.00632
27	0.01500	0.01125	0.01223	0.00978	0.01315	0.01219	0.00791	0.43165	0.23562	0.05814	0.05392	0.01434	0.01171	0.00587	0.00467	0.00140	0.00442	0.00465	0.00463	0.08743
28	0.01702	0.14779	0.01552	0.01022	0.01395	0.03487	0.00863	0.56534	0.04802	0.07591	0.01120	0.01117	0.00812	0.00541	0.00443	0.00135	0.00512	0.00400	0.00429	0.00761

[dist]
# distance from previous block
# <min> <max>
1	4

[block]
# block no. 5 follows, 54 sequences, length 11
# corresponding to MSA columns:
# 1593-1603
name=unknown_F
#
# <colnr> <probs for GDERKNQSTAVLIFYWHMCP>
#	G	D	E	R	K	N	Q	S	T	A	V	L	I	F	Y	W	H	M	C	P
0	0.00953	0.00836	0.01362	0.01219	0.07272	0.00892	0.17106	0.01134	0.00977	0.06727	0.04126	0.15194	0.14383	0.05041	0.00882	0.00188	0.20133	0.00720	0.00330	0.00524
1	0.00695	0.00495	0.00633	0.00712	0.05481	0.00500	0.00417	0.00745	0.00754	0.01022	0.01612	0.16375	0.01831	0.55327	0.11037	0.00427	0.00525	0.00760	0.00304	0.00346
2	0.01045	0.06273	0.37903	0.01490	0.11514	0.01212	0.05967	0.01394	0.00946	0.03401	0.00851	0.02758	0.00696	0.00561	0.00737	0.00162	0.21819	0.00405	0.00222	0.00644
3	0.08284	0.01250	0.01401	0.05884	0.01422	0.16288	0.04348	0.05050	0.00948	0.01329	0.00730	0.02478	0.00666	0.00690	0.01060	0.00177	0.46813	0.00403	0.00239	0.00538
4	0.00857	0.00663	0.00726	0.00731	0.05663	0.04639	0.00508	0.01007	0.01125	0.09040	0.13988	0.03406	0.44066	0.04880	0.00610	0.00161	0.00321	0.00791	0.00422	0.06396
5	0.01236	0.25716	0.03335	0.06830	0.15930	0.01175	0.07592	0.01490	0.03374	0.13595	0.01434	0.01510	0.09710	0.00532	0.00431	0.00132	0.00495	0.00450	0.00308	0.04725
6	0.01321	0.01148	0.03624	0.14678	0.12212	0.09299	0.13026	0.01811	0.17432	0.15836	0.01389	0.01473	0.03522	0.00533	0.00484	0.00150	0.00563	0.00479	0.00351	0.00670
7	0.05478	0.01116	0.04931	0.05573	0.07724	0.05883	0.14248	0.01357	0.01002	0.03819	0.00851	0.01065	0.00686	0.00449	0.00550	0.00124	0.10074	0.00370	0.00260	0.34441
8	0.49989	0.07763	0.01043	0.00852	0.04245	0.17012	0.00656	0.01466	0.00951	0.01756	0.00701	0.00822	0.00568	0.00434	0.00333	0.00129	0.00478	0.00274	0.00271	0.10258
9	0.01044	0.00984	0.01496	0.29434	0.28213	0.04872	0.04743	0.06546	0.01098	0.01450	0.01215	0.12701	0.02947	0.00616	0.00492	0.00154	0.00558	0.00563	0.00276	0.00600
10	0.01127	0.08162	0.03677	0.06762	0.04635	0.03856	0.04219	0.07647	0.28314	0.01676	0.05412	0.01617	0.03599	0.04421	0.00621	0.00160	0.06065	0.00485	0.00357	0.07188

[dist]
# distance from previous block
# <min> <max>
5	70

[block]
# block no. 6 follows, 54 sequences, length 18
# corresponding to MSA columns:
# 1675-1692
name=unknown_G
#
# <colnr> <probs for GDERKNQSTAVLIFYWHMCP>
#	G	D	E	R	K	N	Q	S	T	A	V	L	I	F	Y	W	H	M	C	P
0	0.09710	0.01323	0.07902	0.11796	0.10813	0.10405	0.02478	0.18165	0.12297	0.01836	0.01012	0.01155	0.00777	0.00535	0.00543	0.00151	0.07724	0.00403	0.00318	0.00657
1	0.01233	0.01125	0.07000	0.01168	0.05313	0.01055	0.10363	0.16252	0.16413	0.06162	0.03516	0.03739	0.01065	0.00599	0.01685	0.00148	0.05283	0.00471	0.00365	0.17044
2	0.00759	0.00578	0.00814	0.00910	0.04081	0.00579	0.02961	0.01011	0.06354	0.01373	0.02320	0.26092	0.02546	0.05801	0.00713	0.00215	0.00403	0.41625	0.00416	0.00451
3	0.00601	0.00429	0.00571	0.00650	0.00685	0.00416	0.00440	0.00691	0.00887	0.01197	0.06158	0.62639	0.02838	0.09669	0.09508	0.00276	0.00396	0.01162	0.00407	0.00381
4	0.00678	0.00464	0.00527	0.00531	0.00553	0.00456	0.00320	0.00706	0.00758	0.01000	0.04401	0.03328	0.08273	0.69961	0.02103	0.00411	0.00430	0.04479	0.00313	0.00307
5	0.00965	0.00821	0.00965	0.00708	0.01109	0.00624	0.00570	0.01175	0.00984	0.01529	0.00935	0.01230	0.00816	0.00405	0.00367	0.00078	0.00354	0.04765	0.00288	0.81311
6	0.01173	0.01013	0.01066	0.00960	0.01226	0.01173	0.00746	0.02505	0.79636	0.01972	0.01919	0.01759	0.01439	0.00640	0.00480	0.00160	0.00373	0.00533	0.00480	0.00746
7	0.00978	0.00838	0.00978	0.00698	0.01117	0.00629	0.00559	0.01187	0.00978	0.01536	0.00838	0.00978	0.00698	0.00349	0.00349	0.00070	0.00349	0.00279	0.00279	0.86312
8	0.00656	0.00480	0.00617	0.00593	0.00705	0.00441	0.00446	0.00864	0.01287	0.01795	0.68261	0.06817	0.11097	0.01014	0.00561	0.00153	0.00232	0.03036	0.00506	0.00438
9	0.86760	0.00912	0.00693	0.00620	0.00912	0.01058	0.00511	0.01386	0.00802	0.02115	0.00657	0.00766	0.00511	0.00438	0.00292	0.00146	0.00365	0.00255	0.00292	0.00511
10	0.01146	0.01111	0.01933	0.07836	0.71087	0.01120	0.05941	0.01435	0.01068	0.01518	0.00888	0.01179	0.00738	0.00422	0.00472	0.00142	0.00578	0.00428	0.00232	0.00726
11	0.01805	0.01301	0.01403	0.01075	0.01452	0.01432	0.00888	0.75946	0.02183	0.05990	0.01160	0.01150	0.00816	0.00567	0.00472	0.00142	0.00514	0.00426	0.00476	0.00802
12	0.00676	0.00497	0.00716	0.00716	0.00786	0.00567	0.00537	0.00815	0.00745	0.01064	0.01301	0.02065	0.01271	0.17290	0.67934	0.00706	0.01124	0.00536	0.00258	0.00398
13	0.01330	0.01008	0.05489	0.02245	0.02500	0.03633	0.00767	0.20789	0.12337	0.15454	0.16070	0.05972	0.01767	0.03961	0.02984	0.00180	0.01836	0.00578	0.00450	0.00651
14	0.00879	0.00439	0.00439	0.00439	0.00549	0.00439	0.00330	0.01099	0.00989	0.01758	0.01538	0.01758	0.01209	0.00549	0.00330	0.00110	0.00220	0.00439	0.86047	0.00439
15	0.05064	0.31069	0.08280	0.01015	0.01409	0.08598	0.08446	0.09021	0.02621	0.03775	0.00936	0.01196	0.00791	0.00484	0.00400	0.00123	0.00546	0.04602	0.00278	0.11345
16	0.02418	0.11393	0.42641	0.03784	0.16418	0.02575	0.06749	0.03063	0.02294	0.01485	0.00852	0.01035	0.00652	0.00449	0.00463	0.00144	0.02315	0.00370	0.00221	0.00680
17	0.03472	0.06500	0.55213	0.02630	0.03251	0.01059	0.01409	0.02658	0.04902	0.01559	0.07792	0.01443	0.02785	0.00542	0.00456	0.00149	0.00596	0.02673	0.00260	0.00652

[dist]
# distance from previous block
# <min> <max>
5	13

[block]
# block no. 7 follows, 54 sequences, length 22
# corresponding to MSA columns:
# 1708-1729
name=unknown_H
#
# <colnr> <probs for GDERKNQSTAVLIFYWHMCP>
#	G	D	E	R	K	N	Q	S	T	A	V	L	I	F	Y	W	H	M	C	P
0	0.01176	0.28354	0.01678	0.05883	0.03860	0.05693	0.07301	0.04758	0.04942	0.05165	0.04218	0.05292	0.01047	0.00671	0.04318	0.00153	0.00537	0.01536	0.00294	0.13123
1	0.26735	0.01080	0.06416	0.01037	0.08431	0.02096	0.02427	0.13980	0.08344	0.06563	0.02455	0.04297	0.03385	0.00545	0.00413	0.00140	0.00437	0.00425	0.00354	0.10442
2	0.32821	0.21535	0.01473	0.01215	0.18160	0.04696	0.00829	0.01554	0.05573	0.06989	0.00864	0.00968	0.00688	0.00449	0.00361	0.00133	0.00465	0.00323	0.00285	0.00620
3	0.01036	0.01051	0.01055	0.00982	0.01089	0.17033	0.00770	0.01288	0.09286	0.01325	0.07374	0.16357	0.05883	0.00923	0.00842	0.00176	0.25639	0.07048	0.00338	0.00504
4	0.01012	0.01007	0.05471	0.16470	0.07651	0.04758	0.01911	0.07795	0.12184	0.01496	0.01608	0.11155	0.09128	0.00870	0.04198	0.00190	0.11601	0.00597	0.00324	0.00573
5	0.21574	0.00798	0.00959	0.00766	0.01090	0.00755	0.00628	0.01958	0.01222	0.55387	0.08744	0.01586	0.01315	0.00585	0.00439	0.00146	0.00376	0.00458	0.00510	0.00702
6	0.01229	0.01056	0.01457	0.07517	0.25896	0.02590	0.04763	0.10719	0.24990	0.05208	0.02417	0.01497	0.02763	0.00670	0.03753	0.00175	0.01759	0.00483	0.00358	0.00702
7	0.00610	0.00441	0.00577	0.00624	0.00690	0.00408	0.00437	0.00749	0.01080	0.01478	0.33324	0.48356	0.06944	0.01263	0.00582	0.00173	0.00252	0.01133	0.00470	0.00408
8	0.00685	0.00536	0.02422	0.00684	0.00760	0.00522	0.00499	0.04085	0.00886	0.01202	0.02010	0.33635	0.06570	0.17425	0.25411	0.00408	0.00625	0.00884	0.00349	0.00402
9	0.00581	0.00413	0.00545	0.00648	0.00674	0.00387	0.00429	0.00658	0.00890	0.01187	0.02534	0.78499	0.03037	0.06210	0.00706	0.00207	0.00284	0.01303	0.00429	0.00377
10	0.00888	0.00823	0.01386	0.79461	0.03156	0.01025	0.01278	0.01184	0.00931	0.01191	0.00837	0.01263	0.00635	0.00512	0.00519	0.03146	0.00621	0.00419	0.00209	0.00513
11	0.03780	0.27904	0.09178	0.01234	0.05840	0.07202	0.16871	0.03336	0.01084	0.08023	0.01085	0.08471	0.00962	0.00552	0.00440	0.00138	0.00575	0.02425	0.00282	0.00617
12	0.00662	0.00484	0.00621	0.00695	0.00766	0.00471	0.00514	0.00840	0.04716	0.01306	0.06346	0.43470	0.08627	0.08215	0.00753	0.00214	0.00329	0.20130	0.00430	0.00409
13	0.01062	0.01058	0.01876	0.25305	0.30232	0.01150	0.18022	0.01402	0.04165	0.01414	0.00902	0.01226	0.00721	0.00480	0.00597	0.00157	0.08909	0.00453	0.00235	0.00635
14	0.00629	0.00457	0.00601	0.00668	0.00740	0.00428	0.00494	0.00772	0.01050	0.01407	0.20705	0.44228	0.09130	0.01304	0.00597	0.00184	0.00289	0.15451	0.00456	0.00408
15	0.01104	0.01336	0.07059	0.01952	0.02441	0.01187	0.74563	0.01509	0.01106	0.01509	0.00948	0.01257	0.00709	0.00400	0.00551	0.00158	0.00790	0.00545	0.00236	0.00639
16	0.05290	0.00908	0.01038	0.00764	0.01166	0.00776	0.00618	0.12554	0.01183	0.09122	0.00967	0.01048	0.00748	0.00407	0.00376	0.00091	0.00379	0.00317	0.00336	0.61913
17	0.00686	0.00457	0.00514	0.00514	0.00514	0.00457	0.00286	0.00686	0.00686	0.00914	0.01486	0.03086	0.01714	0.83430	0.02400	0.00457	0.00457	0.00686	0.00286	0.00286
18	0.00792	0.00655	0.00943	0.01225	0.19430	0.00632	0.00797	0.00992	0.01074	0.01396	0.02765	0.06557	0.24083	0.01072	0.00580	0.00182	0.00404	0.35536	0.00388	0.00495
19	0.00721	0.00494	0.00615	0.00605	0.00640	0.00523	0.00396	0.03048	0.00749	0.01023	0.01383	0.02604	0.01496	0.54631	0.24913	0.04246	0.00687	0.00614	0.00278	0.00336
20	0.01138	0.01090	0.01861	0.11302	0.72310	0.01113	0.01432	0.01421	0.01060	0.01505	0.00882	0.01177	0.00734	0.00426	0.00467	0.00142	0.00567	0.00420	0.00231	0.00723
21	0.11507	0.03491	0.08338	0.09559	0.12103	0.24797	0.01021	0.13541	0.04404	0.03559	0.02815	0.01096	0.00785	0.00497	0.00432	0.00138	0.00614	0.00373	0.00299	0.00632

[dist]
# distance from previous block
# <min> <max>
0	2

[block]
# block no. 8 follows, 54 sequences, length 6
# corresponding to MSA columns:
# 1732-1737
name=unknown_I
#
# <colnr> <probs for GDERKNQSTAVLIFYWHMCP>
#	G	D	E	R	K	N	Q	S	T	A	V	L	I	F	Y	W	H	M	C	P
0	0.01243	0.16470	0.28105	0.01383	0.10419	0.16479	0.05392	0.04408	0.09008	0.01468	0.00918	0.01041	0.00715	0.00465	0.00430	0.00136	0.00643	0.00363	0.00252	0.00663
1	0.00722	0.00444	0.00541	0.00541	0.00541	0.00444	0.00319	0.00666	0.00666	0.00888	0.01305	0.02638	0.01472	0.61270	0.02249	0.23709	0.00444	0.00611	0.00264	0.00264
2	0.52104	0.01047	0.08087	0.00770	0.01122	0.00993	0.00692	0.06440	0.01047	0.22231	0.01011	0.01024	0.00704	0.00484	0.00364	0.00146	0.00414	0.00330	0.00369	0.00620
3	0.01156	0.00911	0.03669	0.00821	0.01199	0.00750	0.03133	0.06025	0.07822	0.11256	0.06346	0.01439	0.01129	0.00489	0.00415	0.00106	0.00387	0.02730	0.00361	0.49854
4	0.01322	0.01374	0.23581	0.00991	0.01449	0.00959	0.00987	0.17170	0.05347	0.15256	0.04443	0.01266	0.00965	0.00501	0.00438	0.00127	0.00486	0.00398	0.00367	0.22573
5	0.00715	0.00486	0.00600	0.00590	0.00600	0.00517	0.00372	0.00720	0.00689	0.00937	0.01347	0.02662	0.01502	0.61091	0.12055	0.09346	0.04573	0.00622	0.00269	0.00305

[dist]
# distance from previous block
# <min> <max>
5	8

[block]
# block no. 9 follows, 54 sequences, length 15
# corresponding to MSA columns:
# 1783-1785,1788-1799
name=unknown_J
#
# <colnr> <probs for GDERKNQSTAVLIFYWHMCP>
#	G	D	E	R	K	N	Q	S	T	A	V	L	I	F	Y	W	H	M	C	P
0	0.11538	0.00980	0.01190	0.11825	0.01520	0.01061	0.03823	0.20255	0.16446	0.18961	0.01450	0.03472	0.02539	0.02234	0.00499	0.00157	0.00460	0.00479	0.00427	0.00685
1	0.07420	0.00685	0.00800	0.00760	0.00903	0.03976	0.00588	0.04026	0.04094	0.09782	0.04071	0.02445	0.01523	0.17109	0.28506	0.00422	0.00723	0.11340	0.00348	0.00478
2	0.00906	0.00851	0.01402	0.76550	0.03105	0.01065	0.01279	0.01253	0.03990	0.01232	0.00873	0.01269	0.00660	0.00489	0.00506	0.00159	0.03236	0.00423	0.00220	0.00532
3	0.01478	0.51350	0.02038	0.00919	0.01301	0.08317	0.00837	0.23068	0.01353	0.04191	0.00833	0.00896	0.00678	0.00461	0.00365	0.00115	0.00534	0.00312	0.00293	0.00661
4	0.00946	0.02439	0.80987	0.01344	0.02041	0.01095	0.01742	0.01493	0.00995	0.01493	0.00846	0.00995	0.00597	0.00448	0.00448	0.00149	0.00697	0.00348	0.00199	0.00697
5	0.01355	0.01034	0.01131	0.03061	0.01312	0.01166	0.00778	0.14166	0.57875	0.10027	0.01765	0.01635	0.01293	0.00618	0.00478	0.00156	0.00405	0.00508	0.00482	0.00755
6	0.01924	0.00774	0.01042	0.00816	0.01149	0.00682	0.00667	0.02149	0.03965	0.69457	0.10524	0.01822	0.01539	0.00627	0.00483	0.00147	0.00381	0.00518	0.00573	0.00761
7	0.00978	0.00838	0.00978	0.00698	0.01117	0.00629	0.00559	0.01187	0.00978	0.01536	0.00838	0.00978	0.00698	0.00349	0.00349	0.00070	0.00349	0.00279	0.00279	0.86312
8	0.00633	0.00461	0.00554	0.00562	0.00638	0.00427	0.00385	0.00751	0.01032	0.01385	0.30208	0.18683	0.18238	0.22721	0.01048	0.00240	0.00297	0.00929	0.00427	0.00382
9	0.01634	0.00698	0.00937	0.00764	0.01047	0.00619	0.00616	0.01809	0.01252	0.55194	0.09675	0.04793	0.09877	0.00975	0.07664	0.00203	0.00439	0.00597	0.00528	0.00678
10	0.00661	0.00474	0.00613	0.00592	0.00687	0.00440	0.00431	0.00852	0.01243	0.01749	0.66849	0.10524	0.04105	0.07843	0.00713	0.00178	0.00246	0.00882	0.00493	0.00426
11	0.86760	0.00912	0.00693	0.00620	0.00912	0.01058	0.00511	0.01386	0.00802	0.02115	0.00657	0.00766	0.00511	0.00438	0.00292	0.00146	0.00365	0.00255	0.00292	0.00511
12	0.01523	0.01061	0.01167	0.00949	0.01262	0.01146	0.00765	0.40708	0.19303	0.12703	0.01791	0.06376	0.07714	0.00690	0.00488	0.00151	0.00433	0.00556	0.00483	0.00732
13	0.01269	0.00829	0.00958	0.00856	0.01102	0.00877	0.00670	0.02036	0.41795	0.20964	0.05592	0.10954	0.05229	0.00784	0.00506	0.00162	0.00359	0.03881	0.00498	0.00678
14	0.00588	0.00420	0.00562	0.00667	0.00702	0.00394	0.00457	0.00682	0.00927	0.01237	0.05048	0.76089	0.03137	0.01451	0.00603	0.00192	0.00281	0.05735	0.00440	0.00388

[dist]
# distance from previous block
# <min> <max>
0	4

[block]
# block no. 10 follows, 54 sequences, length 23
# corresponding to MSA columns:
# 1810-1832
name=unknown_K
#
# <colnr> <probs for GDERKNQSTAVLIFYWHMCP>
#	G	D	E	R	K	N	Q	S	T	A	V	L	I	F	Y	W	H	M	C	P
0	0.00866	0.00492	0.00647	0.00671	0.00772	0.00447	0.00475	0.00974	0.01011	0.15940	0.06426	0.56484	0.07755	0.03886	0.00631	0.00187	0.00298	0.01113	0.00464	0.00461
1	0.17686	0.00575	0.00644	0.00649	0.00795	0.00573	0.00486	0.01092	0.00973	0.12279	0.02105	0.38044	0.06296	0.01017	0.00491	0.00166	0.00308	0.04691	0.10654	0.00475
2	0.01114	0.00924	0.00982	0.00886	0.01137	0.01040	0.00688	0.02226	0.65045	0.04501	0.04764	0.02146	0.11055	0.00715	0.00491	0.00159	0.00353	0.00597	0.00479	0.00696
3	0.00588	0.00464	0.00530	0.00545	0.00664	0.00406	0.00397	0.00725	0.01101	0.01410	0.22861	0.21315	0.44924	0.01199	0.00567	0.00164	0.00242	0.01035	0.00458	0.00406
4	0.03407	0.00875	0.00985	0.00839	0.01096	0.00931	0.00664	0.17482	0.25770	0.15574	0.14044	0.05712	0.01774	0.00693	0.00477	0.00149	0.00366	0.00575	0.07917	0.00670
5	0.76611	0.00899	0.00741	0.00646	0.00947	0.01014	0.00532	0.01495	0.00868	0.11552	0.00801	0.00867	0.00589	0.00455	0.00314	0.00146	0.00369	0.00282	0.00327	0.00546
6	0.00674	0.00505	0.00758	0.00758	0.00842	0.00589	0.00589	0.00842	0.00758	0.01095	0.01263	0.01852	0.01179	0.03536	0.81561	0.00758	0.01263	0.00505	0.00253	0.00421
7	0.34719	0.00872	0.00956	0.00767	0.01105	0.00874	0.00633	0.05943	0.01184	0.46425	0.01358	0.01257	0.00895	0.00526	0.00404	0.00146	0.00393	0.00387	0.00465	0.00690
8	0.16176	0.00629	0.00710	0.00637	0.00847	0.00597	0.00496	0.01251	0.01134	0.21383	0.19722	0.11184	0.21663	0.00888	0.00494	0.00155	0.00302	0.00740	0.00466	0.00527
9	0.00763	0.00472	0.00695	0.05906	0.00838	0.00510	0.00504	0.00729	0.00687	0.00938	0.01040	0.01767	0.01033	0.13081	0.25289	0.44064	0.00681	0.00475	0.00230	0.00300
10	0.00890	0.00838	0.01414	0.82296	0.03247	0.01048	0.01309	0.01205	0.00943	0.01205	0.00838	0.01257	0.00629	0.00471	0.00471	0.00157	0.00629	0.00419	0.00210	0.00524
11	0.00763	0.00602	0.00867	0.00829	0.00915	0.00728	0.00655	0.04081	0.00813	0.01176	0.01180	0.01724	0.01096	0.03088	0.68610	0.00666	0.11011	0.00491	0.00256	0.00448
12	0.00657	0.00449	0.00542	0.00579	0.00597	0.00440	0.00363	0.00701	0.00794	0.01060	0.04546	0.26634	0.02275	0.51979	0.01712	0.00355	0.00394	0.05250	0.00347	0.00328
13	0.01160	0.01130	0.01792	0.02644	0.70785	0.05045	0.01348	0.01428	0.01106	0.01547	0.06646	0.01322	0.01009	0.00463	0.00471	0.00140	0.00550	0.00446	0.00255	0.00715
14	0.00643	0.00500	0.00592	0.00560	0.00705	0.00437	0.00420	0.00820	0.01197	0.01610	0.43856	0.07002	0.32378	0.01031	0.00545	0.00149	0.00239	0.00889	0.00470	0.05957
15	0.01157	0.01219	0.06769	0.02657	0.68925	0.02767	0.01428	0.01439	0.01051	0.01504	0.00864	0.01141	0.00727	0.00449	0.00534	0.00145	0.05858	0.00413	0.00230	0.00725
16	0.01250	0.01277	0.01834	0.02661	0.69507	0.12294	0.01373	0.01508	0.01110	0.01487	0.00865	0.01123	0.00727	0.00429	0.00461	0.00137	0.00600	0.00404	0.00235	0.00719
17	0.00669	0.00481	0.00629	0.00595	0.00699	0.00451	0.00441	0.00877	0.01279	0.01809	0.73155	0.03439	0.04184	0.05510	0.03559	0.00187	0.00272	0.00831	0.00497	0.00435
18	0.01208	0.01369	0.04801	0.01957	0.16199	0.09659	0.47147	0.03702	0.06215	0.01547	0.00982	0.01227	0.00755	0.00433	0.00516	0.00151	0.00721	0.00494	0.00259	0.00660
19	0.00675	0.00501	0.00737	0.00737	0.00814	0.00578	0.00563	0.00828	0.00752	0.01079	0.01282	0.01959	0.01225	0.10466	0.74695	0.00732	0.01193	0.00521	0.00255	0.00409
20	0.23374	0.46881	0.01727	0.00774	0.01098	0.09550	0.00695	0.01390	0.00932	0.01357	0.00735	0.00970	0.00677	0.07622	0.00494	0.00145	0.00499	0.00296	0.00236	0.00547
21	0.01334	0.01174	0.01132	0.00996	0.01275	0.10171	0.00778	0.10099	0.60335	0.04775	0.01705	0.01589	0.01273	0.00613	0.00473	0.00153	0.00442	0.00494	0.00456	0.00732
22	0.00744	0.00531	0.00741	0.00850	0.00951	0.00529	0.00732	0.00949	0.01070	0.01393	0.02505	0.12067	0.02749	0.01318	0.00647	0.00215	0.00420	0.70725	0.00434	0.00430

[dist]
# distance from previous block
# <min> <max>
0	1

# created by:
# /st0/software/busco_prod/Augustus/scripts/msa2prfl.pl ./align_prep/128856.fa
