[name]
unknown

[dist]
# distance from previous block
# <min> <max>
6	90

[block]
# block no. 0 follows, 63 sequences, length 16
# corresponding to MSA columns:
# 129-144
name=unknown_A
#
# <colnr> <probs for GDERKNQSTAVLIFYWHMCP>
#	G	D	E	R	K	N	Q	S	T	A	V	L	I	F	Y	W	H	M	C	P
0	0.07705	0.12714	0.02541	0.00854	0.01134	0.26393	0.02854	0.07680	0.08070	0.04243	0.02687	0.03705	0.03668	0.00478	0.00369	0.00111	0.00492	0.00357	0.00281	0.13662
1	0.16886	0.01780	0.00693	0.01938	0.03227	0.04065	0.00498	0.00979	0.00981	0.05305	0.27464	0.06749	0.12593	0.00850	0.03983	0.00157	0.00334	0.05959	0.00362	0.05199
2	0.10549	0.01616	0.11145	0.01014	0.01315	0.41802	0.04263	0.11341	0.03604	0.04183	0.02326	0.00908	0.00663	0.00441	0.00382	0.00118	0.00607	0.00314	0.00264	0.03143
3	0.05377	0.01137	0.01216	0.02269	0.01281	0.22446	0.13907	0.07411	0.06385	0.04333	0.04405	0.01545	0.03558	0.01940	0.00487	0.00132	0.03667	0.07863	0.00292	0.10346
4	0.00720	0.00653	0.00775	0.00887	0.09009	0.09512	0.03111	0.00843	0.00910	0.01166	0.06768	0.49717	0.04309	0.01033	0.00503	0.00156	0.00350	0.07530	0.00349	0.01699
5	0.01011	0.00968	0.01653	0.12429	0.72988	0.00991	0.01275	0.01264	0.00943	0.01337	0.00785	0.01050	0.00653	0.00380	0.00417	0.00127	0.00507	0.00374	0.00206	0.00642
6	0.00860	0.00781	0.01281	0.64051	0.06884	0.00926	0.04758	0.06321	0.00944	0.01249	0.04279	0.01212	0.00743	0.00441	0.00422	0.00137	0.00529	0.00397	0.03291	0.00493
7	0.01282	0.01346	0.01057	0.00879	0.01168	0.36637	0.00681	0.09114	0.08641	0.03157	0.00839	0.00912	0.00667	0.00411	0.00364	0.00097	0.00522	0.00296	0.00274	0.31655
8	0.05410	0.00430	0.00544	0.00599	0.00671	0.00409	0.00429	0.00753	0.00858	0.06676	0.04789	0.59306	0.06508	0.02724	0.00544	0.00170	0.00269	0.08139	0.00391	0.00378
9	0.01107	0.00935	0.01064	0.01058	0.10592	0.01053	0.00742	0.13103	0.58331	0.01804	0.01492	0.01471	0.01141	0.03592	0.00487	0.00148	0.00373	0.00455	0.00395	0.00658
10	0.00512	0.00366	0.00488	0.00585	0.00610	0.00341	0.00390	0.00585	0.00805	0.01073	0.02317	0.84952	0.02780	0.01317	0.00537	0.00171	0.00244	0.01195	0.00390	0.00341
11	0.01119	0.75427	0.08691	0.00772	0.01148	0.04869	0.00790	0.01281	0.00870	0.01018	0.00601	0.00695	0.00539	0.00366	0.00285	0.00094	0.00476	0.00234	0.00181	0.00544
12	0.00530	0.00375	0.00488	0.00565	0.00590	0.00353	0.00372	0.00599	0.00798	0.01069	0.06248	0.69571	0.02670	0.12753	0.00753	0.00201	0.00264	0.01093	0.00375	0.00332
13	0.05873	0.06436	0.01273	0.01106	0.05274	0.61036	0.03260	0.05066	0.01151	0.01183	0.00676	0.00791	0.00557	0.00420	0.00371	0.00109	0.00673	0.00282	0.00227	0.04238
14	0.15612	0.00977	0.01244	0.08894	0.09711	0.07249	0.12646	0.16790	0.01095	0.04258	0.00920	0.04125	0.00777	0.07830	0.00548	0.00151	0.00486	0.00405	0.00281	0.06001
15	0.17270	0.00839	0.01046	0.03561	0.15036	0.01816	0.02312	0.13503	0.02701	0.13745	0.02226	0.01373	0.04328	0.00527	0.00460	0.00133	0.06566	0.03317	0.08678	0.00563

[dist]
# distance from previous block
# <min> <max>
5	34

[block]
# block no. 1 follows, 63 sequences, length 7
# corresponding to MSA columns:
# 179-185
name=unknown_B
#
# <colnr> <probs for GDERKNQSTAVLIFYWHMCP>
#	G	D	E	R	K	N	Q	S	T	A	V	L	I	F	Y	W	H	M	C	P
0	0.01077	0.00866	0.01013	0.00826	0.02684	0.04705	0.04556	0.05401	0.19924	0.10162	0.02620	0.01338	0.03951	0.00472	0.00403	0.00107	0.01794	0.01806	0.00334	0.35959
1	0.03223	0.03053	0.00835	0.00658	0.00907	0.00652	0.00515	0.14053	0.01079	0.04437	0.09056	0.19555	0.05331	0.00660	0.00406	0.00112	0.00312	0.00560	0.00343	0.34252
2	0.00679	0.00570	0.00615	0.00607	0.00719	0.05703	0.00450	0.00945	0.10290	0.01432	0.37665	0.21016	0.13461	0.00936	0.00492	0.00144	0.00267	0.03176	0.00415	0.00415
3	0.00509	0.00380	0.00473	0.00548	0.00600	0.00345	0.00374	0.00590	0.00841	0.01088	0.02775	0.65883	0.21554	0.01258	0.00527	0.00164	0.00237	0.01123	0.00390	0.00345
4	0.03176	0.06598	0.09316	0.01094	0.08723	0.10255	0.00874	0.37935	0.08775	0.03542	0.00995	0.03242	0.00768	0.00487	0.00402	0.00124	0.00488	0.00375	0.00334	0.02497
5	0.01397	0.01048	0.01138	0.00886	0.01197	0.01131	0.00724	0.60431	0.07684	0.02374	0.08485	0.01232	0.01046	0.00524	0.00418	0.00122	0.00414	0.00408	0.00409	0.08932
6	0.00972	0.08570	0.01138	0.00741	0.01113	0.00765	0.05920	0.08689	0.00983	0.01455	0.00764	0.00884	0.00625	0.00337	0.00330	0.00076	0.00365	0.00276	0.00257	0.65743

[dist]
# distance from previous block
# <min> <max>
1	6

[block]
# block no. 2 follows, 63 sequences, length 15
# corresponding to MSA columns:
# 192-206
name=unknown_C
#
# <colnr> <probs for GDERKNQSTAVLIFYWHMCP>
#	G	D	E	R	K	N	Q	S	T	A	V	L	I	F	Y	W	H	M	C	P
0	0.00810	0.00655	0.01044	0.01215	0.18405	0.00645	0.07734	0.03116	0.00982	0.03392	0.04036	0.15620	0.01909	0.00905	0.00521	0.00166	0.00413	0.37618	0.00341	0.00473
1	0.00635	0.00508	0.00787	0.00912	0.10701	0.00486	0.06503	0.00760	0.00842	0.01154	0.01944	0.58548	0.02230	0.03610	0.00558	0.00168	0.00318	0.04456	0.04483	0.00399
2	0.04449	0.01073	0.01440	0.01976	0.53995	0.10887	0.01069	0.01453	0.12967	0.01423	0.04503	0.01164	0.00880	0.00433	0.00411	0.00126	0.00486	0.00388	0.00255	0.00624
3	0.00541	0.00392	0.00493	0.00545	0.00595	0.00364	0.00373	0.00631	0.00863	0.01148	0.14981	0.49408	0.12557	0.12103	0.00735	0.00193	0.00258	0.03096	0.00384	0.00342
4	0.19782	0.06581	0.01053	0.00858	0.04657	0.16135	0.00659	0.09539	0.06128	0.19869	0.04890	0.01097	0.00873	0.00465	0.00367	0.00120	0.00435	0.00343	0.00338	0.05812
5	0.01306	0.06950	0.01182	0.00897	0.01189	0.01208	0.00731	0.38565	0.39360	0.02115	0.01309	0.01248	0.00969	0.00525	0.00413	0.00131	0.00401	0.00413	0.00407	0.00679
6	0.06985	0.00752	0.00854	0.00618	0.00983	0.00587	0.00495	0.01071	0.00861	0.01406	0.00736	0.00858	0.00611	0.00317	0.00308	0.00067	0.00312	0.00248	0.00250	0.81682
7	0.00935	0.27021	0.55783	0.01042	0.01571	0.01184	0.01270	0.01344	0.03939	0.01245	0.00740	0.00850	0.00563	0.00394	0.00362	0.00121	0.00559	0.00291	0.00188	0.00598
8	0.00524	0.00385	0.00486	0.00562	0.00609	0.00355	0.00386	0.00605	0.00828	0.01079	0.02579	0.62616	0.15908	0.05929	0.00621	0.00180	0.00256	0.05367	0.00383	0.00341
9	0.00864	0.08369	0.77037	0.01163	0.01764	0.01027	0.01491	0.01326	0.00885	0.01306	0.00742	0.00872	0.00533	0.00396	0.00390	0.00130	0.00609	0.00304	0.00178	0.00615
10	0.01088	0.01120	0.01600	0.11986	0.59018	0.13084	0.03444	0.01323	0.00979	0.01287	0.00767	0.01011	0.00634	0.00388	0.00413	0.00125	0.00550	0.00363	0.00207	0.00613
11	0.00564	0.00408	0.00492	0.00538	0.00589	0.00385	0.00373	0.00637	0.00798	0.01030	0.02388	0.30903	0.18747	0.27950	0.01045	0.00243	0.00310	0.11930	0.00347	0.00323
12	0.00505	0.00410	0.00452	0.00478	0.00586	0.00357	0.00346	0.00604	0.00906	0.01113	0.03617	0.25935	0.57842	0.01209	0.03524	0.00169	0.00254	0.00955	0.00384	0.00352
13	0.00699	0.00587	0.00646	0.00651	0.00746	0.05816	0.00493	0.02363	0.00915	0.03748	0.02603	0.32105	0.28256	0.01060	0.00600	0.00159	0.09085	0.08715	0.00362	0.00391
14	0.01387	0.06641	0.03264	0.00986	0.01288	0.10469	0.12118	0.25782	0.04946	0.17990	0.01136	0.03738	0.00882	0.06793	0.00548	0.00148	0.00497	0.00426	0.00353	0.00606

[dist]
# distance from previous block
# <min> <max>
6	23

[block]
# block no. 3 follows, 63 sequences, length 6
# corresponding to MSA columns:
# 231-236
name=unknown_D
#
# <colnr> <probs for GDERKNQSTAVLIFYWHMCP>
#	G	D	E	R	K	N	Q	S	T	A	V	L	I	F	Y	W	H	M	C	P
0	0.18023	0.00966	0.01346	0.01017	0.01357	0.00979	0.20730	0.21591	0.04888	0.16967	0.01021	0.01071	0.00725	0.00437	0.00401	0.00127	0.00461	0.00382	0.00344	0.07166
1	0.03491	0.00514	0.00627	0.00657	0.03980	0.00495	0.00475	0.05332	0.00989	0.04817	0.12428	0.17324	0.27558	0.04420	0.06110	0.00195	0.00340	0.09461	0.00378	0.00410
2	0.02583	0.00436	0.00542	0.00570	0.00646	0.00422	0.00405	0.00711	0.02767	0.01148	0.09443	0.38446	0.12598	0.10194	0.11491	0.00249	0.00378	0.02844	0.00353	0.03774
3	0.00747	0.06167	0.00660	0.00533	0.00598	0.00582	0.00354	0.08280	0.00774	0.01047	0.01237	0.02326	0.01336	0.62643	0.06316	0.00359	0.00445	0.00543	0.04724	0.00331
4	0.00975	0.00892	0.03916	0.00751	0.01079	0.03836	0.03909	0.10383	0.07297	0.01480	0.00908	0.01126	0.00764	0.08369	0.00519	0.00116	0.00384	0.00329	0.00278	0.52690
5	0.05980	0.01034	0.09029	0.15460	0.26264	0.00980	0.03797	0.07482	0.15464	0.05518	0.00992	0.01127	0.00753	0.00434	0.00408	0.00130	0.00472	0.00380	0.00277	0.04018

[dist]
# distance from previous block
# <min> <max>
1	5

[block]
# block no. 4 follows, 63 sequences, length 24
# corresponding to MSA columns:
# 242-250,258-272
name=unknown_E
#
# <colnr> <probs for GDERKNQSTAVLIFYWHMCP>
#	G	D	E	R	K	N	Q	S	T	A	V	L	I	F	Y	W	H	M	C	P
0	0.01008	0.00861	0.00923	0.00847	0.01071	0.00989	0.00667	0.02096	0.73664	0.01708	0.01763	0.01889	0.01398	0.00630	0.00443	0.00148	0.00338	0.08497	0.00424	0.00637
1	0.01000	0.01639	0.48846	0.03521	0.01605	0.00964	0.04576	0.13983	0.05288	0.05222	0.06468	0.03125	0.00915	0.00482	0.00420	0.00134	0.00534	0.00396	0.00270	0.00614
2	0.00979	0.05388	0.69977	0.01125	0.01700	0.00961	0.01408	0.01414	0.00924	0.11041	0.00855	0.00944	0.00593	0.00412	0.00397	0.00131	0.00583	0.00321	0.00218	0.00629
3	0.00992	0.01134	0.02481	0.01772	0.02197	0.01063	0.81077	0.01347	0.00992	0.01347	0.00850	0.01134	0.00638	0.00354	0.00496	0.00142	0.00709	0.00496	0.00213	0.00567
4	0.00890	0.02020	0.74139	0.01180	0.01764	0.00945	0.04205	0.01346	0.00904	0.05246	0.00843	0.03163	0.00620	0.00428	0.00407	0.00134	0.00602	0.00346	0.00201	0.00616
5	0.01001	0.06560	0.01119	0.03491	0.04658	0.06243	0.08672	0.11876	0.01082	0.08095	0.01574	0.23106	0.02435	0.00812	0.00491	0.00150	0.01709	0.16087	0.00344	0.00497
6	0.00612	0.00439	0.00600	0.00610	0.00661	0.00480	0.00447	0.00714	0.00683	0.00949	0.01306	0.02345	0.01355	0.31422	0.46923	0.00534	0.00802	0.08530	0.00252	0.00335
7	0.08536	0.00717	0.00914	0.00723	0.01018	0.00660	0.00591	0.03509	0.05488	0.63107	0.08921	0.01526	0.01267	0.00543	0.00417	0.00131	0.00341	0.00440	0.00488	0.00663
8	0.06367	0.00875	0.01435	0.33253	0.33813	0.00952	0.06097	0.01277	0.04625	0.04947	0.00865	0.02147	0.00683	0.00419	0.00415	0.00134	0.00508	0.00390	0.00230	0.00569
9	0.69266	0.00842	0.00713	0.00603	0.00884	0.00935	0.00495	0.09304	0.00861	0.01903	0.00647	0.00738	0.00501	0.00393	0.00282	0.00122	0.00337	0.00245	0.00275	0.10654
10	0.00611	0.00408	0.00458	0.00458	0.00458	0.00408	0.00255	0.00611	0.00611	0.00815	0.01325	0.02751	0.01528	0.85226	0.02140	0.00408	0.00408	0.00611	0.00255	0.00255
11	0.00744	0.05467	0.26764	0.00895	0.01213	0.00723	0.10447	0.01043	0.01038	0.01462	0.37480	0.02135	0.06548	0.00644	0.00455	0.00133	0.00409	0.01583	0.00324	0.00493
12	0.00985	0.39694	0.41377	0.00974	0.01454	0.02689	0.02380	0.01313	0.02292	0.01184	0.01791	0.00835	0.00597	0.00390	0.00344	0.00113	0.00537	0.00283	0.00188	0.00579
13	0.01727	0.00719	0.00947	0.00744	0.01049	0.00648	0.00608	0.01993	0.09353	0.70192	0.04097	0.01562	0.03257	0.00549	0.00427	0.00132	0.00347	0.00450	0.00506	0.00692
14	0.00521	0.00374	0.00507	0.00594	0.00624	0.00360	0.00404	0.00602	0.00792	0.01063	0.02196	0.76526	0.02605	0.01503	0.08935	0.00222	0.00333	0.01120	0.00374	0.00345
15	0.01296	0.09853	0.02521	0.01075	0.05682	0.44567	0.02260	0.07221	0.02541	0.01190	0.00922	0.08147	0.02706	0.00545	0.00478	0.00123	0.07730	0.00390	0.00247	0.00508
16	0.01151	0.03455	0.33812	0.01282	0.12936	0.15745	0.01151	0.12890	0.02488	0.04231	0.00832	0.00955	0.00628	0.00483	0.01853	0.00136	0.03270	0.00333	0.01763	0.00606
17	0.00528	0.00385	0.00502	0.00589	0.00633	0.00358	0.00414	0.00618	0.00838	0.01099	0.02503	0.68216	0.10771	0.01275	0.00537	0.00170	0.00256	0.09570	0.00390	0.00348
18	0.00930	0.00924	0.01377	0.07207	0.12933	0.01215	0.03091	0.01065	0.00712	0.01077	0.00608	0.00957	0.00571	0.00652	0.01151	0.00171	0.64306	0.00373	0.00188	0.00493
19	0.01201	0.01411	0.05489	0.01135	0.04047	0.32719	0.03297	0.02994	0.11984	0.01190	0.00784	0.00957	0.00656	0.00552	0.00738	0.00142	0.29600	0.00347	0.00236	0.00522
20	0.06724	0.01286	0.01276	0.01172	0.10269	0.19741	0.04203	0.36493	0.09619	0.01916	0.00933	0.00996	0.00705	0.00472	0.00425	0.00126	0.02330	0.00359	0.00328	0.00626
21	0.02365	0.36431	0.12200	0.01017	0.04981	0.16704	0.04262	0.14953	0.01121	0.01367	0.00711	0.00810	0.00578	0.00404	0.00348	0.00109	0.00543	0.00289	0.00231	0.00576
22	0.03197	0.12272	0.04869	0.01077	0.07213	0.06705	0.06376	0.36964	0.05565	0.03352	0.02108	0.01006	0.00735	0.00450	0.00393	0.00118	0.00482	0.00356	0.00323	0.06440
23	0.04967	0.01088	0.05125	0.00989	0.01306	0.04960	0.11579	0.36213	0.08084	0.08620	0.02810	0.01464	0.07869	0.00548	0.00434	0.00133	0.00464	0.02357	0.00371	0.00620

[dist]
# distance from previous block
# <min> <max>
2	54

[block]
# block no. 5 follows, 63 sequences, length 6
# corresponding to MSA columns:
# 327-332
name=unknown_F
#
# <colnr> <probs for GDERKNQSTAVLIFYWHMCP>
#	G	D	E	R	K	N	Q	S	T	A	V	L	I	F	Y	W	H	M	C	P
0	0.30250	0.03100	0.00968	0.04481	0.01106	0.06770	0.00655	0.19109	0.10320	0.06104	0.03103	0.01036	0.00775	0.00489	0.00432	0.00132	0.06844	0.00340	0.03435	0.00552
1	0.21340	0.03704	0.01046	0.09696	0.01277	0.04077	0.00697	0.30056	0.07580	0.01933	0.03380	0.01018	0.00759	0.00454	0.00366	0.00120	0.00415	0.00337	0.00324	0.11419
2	0.01167	0.00905	0.00959	0.08168	0.01191	0.08201	0.00668	0.18606	0.18752	0.11149	0.08326	0.01760	0.07921	0.04935	0.00519	0.00145	0.00405	0.02160	0.00381	0.03682
3	0.04801	0.00781	0.04619	0.00720	0.00932	0.03180	0.00590	0.01492	0.31650	0.09046	0.14846	0.05282	0.14705	0.00729	0.00451	0.00141	0.00320	0.04772	0.00407	0.00535
4	0.00591	0.00445	0.00634	0.00632	0.00711	0.00495	0.00484	0.00733	0.00732	0.01028	0.06685	0.02024	0.08773	0.06951	0.66413	0.00578	0.00945	0.00519	0.00257	0.00369
5	0.03964	0.05526	0.08679	0.00921	0.01210	0.06169	0.04535	0.08340	0.32806	0.11988	0.01379	0.01569	0.01081	0.00564	0.00443	0.00139	0.02129	0.07580	0.00365	0.00613

[dist]
# distance from previous block
# <min> <max>
2	87

[block]
# block no. 6 follows, 63 sequences, length 14
# corresponding to MSA columns:
# 423-431,441-445
name=unknown_G
#
# <colnr> <probs for GDERKNQSTAVLIFYWHMCP>
#	G	D	E	R	K	N	Q	S	T	A	V	L	I	F	Y	W	H	M	C	P
0	0.23851	0.04547	0.02786	0.00665	0.00886	0.05748	0.01582	0.06125	0.02498	0.02533	0.02314	0.08249	0.03552	0.10787	0.07743	0.00200	0.00441	0.00432	0.01325	0.13737
1	0.04271	0.00706	0.01846	0.00722	0.02500	0.02475	0.00540	0.10149	0.10943	0.05558	0.03259	0.23071	0.07752	0.08381	0.00613	0.00160	0.01978	0.02352	0.00355	0.12368
2	0.07368	0.00629	0.00778	0.00718	0.02708	0.00615	0.03070	0.09284	0.01078	0.01540	0.21566	0.05495	0.13053	0.02179	0.00506	0.00142	0.01960	0.15238	0.00367	0.11705
3	0.00839	0.00717	0.02937	0.02271	0.01121	0.00695	0.15708	0.02277	0.04670	0.07053	0.26688	0.09732	0.05628	0.00739	0.00572	0.00144	0.08689	0.05233	0.00356	0.03930
4	0.00526	0.00427	0.00467	0.00457	0.00586	0.00367	0.00343	0.00660	0.01028	0.01301	0.27716	0.03774	0.58873	0.01003	0.00497	0.00139	0.00209	0.00849	0.00412	0.00367
5	0.01040	0.00999	0.01706	0.02580	0.82604	0.00999	0.01290	0.01290	0.00957	0.01373	0.00791	0.01040	0.00666	0.00375	0.00416	0.00125	0.00499	0.00375	0.00208	0.00666
6	0.01020	0.54679	0.32094	0.00896	0.01353	0.01409	0.01028	0.01286	0.00866	0.01116	0.00647	0.00753	0.00537	0.00374	0.00318	0.00106	0.00513	0.00257	0.00179	0.00570
7	0.00843	0.02174	0.83048	0.01198	0.01819	0.00976	0.01553	0.01331	0.00888	0.01331	0.00754	0.00888	0.00533	0.00399	0.00399	0.00133	0.00621	0.00311	0.00178	0.00621
8	0.00872	0.00747	0.00872	0.00623	0.00996	0.00560	0.00498	0.01058	0.00872	0.01370	0.00747	0.00872	0.00623	0.00311	0.00311	0.00062	0.00311	0.00249	0.00249	0.87796
9	0.01036	0.01071	0.02269	0.01634	0.02029	0.01011	0.70263	0.01364	0.01006	0.06970	0.04197	0.01230	0.00798	0.00396	0.00513	0.00142	0.02762	0.00499	0.00243	0.00568
10	0.01109	0.01052	0.01048	0.00914	0.01144	0.12734	0.03229	0.06784	0.49177	0.01596	0.01465	0.01483	0.03840	0.00570	0.00489	0.00137	0.06204	0.02173	0.00364	0.04488
11	0.00778	0.00600	0.00824	0.00688	0.00871	0.00564	0.06886	0.06500	0.04785	0.03689	0.55843	0.02475	0.02923	0.00714	0.00466	0.00125	0.00279	0.00636	0.00417	0.09935
12	0.04188	0.00782	0.00855	0.00643	0.00981	0.03846	0.00512	0.01177	0.04512	0.06882	0.01084	0.01148	0.06307	0.00397	0.00338	0.00080	0.00327	0.00315	0.00284	0.65344
13	0.03843	0.03079	0.01202	0.00937	0.01234	0.15048	0.03217	0.49169	0.01611	0.07687	0.01132	0.02972	0.03959	0.00522	0.00411	0.00124	0.00488	0.00398	0.02336	0.00631

[dist]
# distance from previous block
# <min> <max>
0	5

[block]
# block no. 7 follows, 63 sequences, length 78
# corresponding to MSA columns:
# 451-528
name=unknown_H
#
# <colnr> <probs for GDERKNQSTAVLIFYWHMCP>
#	G	D	E	R	K	N	Q	S	T	A	V	L	I	F	Y	W	H	M	C	P
0	0.01385	0.01071	0.01181	0.00929	0.01247	0.01168	0.02705	0.53034	0.20939	0.02287	0.01149	0.01133	0.00840	0.00499	0.00414	0.00125	0.00424	0.00393	0.00401	0.08675
1	0.00910	0.00751	0.00909	0.00661	0.01021	0.00583	0.02477	0.02854	0.00907	0.04008	0.00842	0.03979	0.00718	0.00360	0.00330	0.00072	0.00323	0.00298	0.00266	0.77731
2	0.00937	0.02844	0.00949	0.00668	0.01034	0.00637	0.01977	0.02981	0.04563	0.04028	0.00824	0.00924	0.00666	0.00336	0.00325	0.00072	0.00328	0.00272	0.00267	0.75368
3	0.00621	0.00452	0.00617	0.00678	0.00753	0.00448	0.00544	0.00780	0.00964	0.01295	0.19875	0.26139	0.02808	0.01126	0.00572	0.00174	0.02583	0.38796	0.00399	0.00379
4	0.01570	0.01175	0.01231	0.00960	0.01282	0.04559	0.00791	0.73263	0.01890	0.04363	0.01054	0.01146	0.00778	0.00526	0.00425	0.00128	0.00469	0.03283	0.00413	0.00694
5	0.00872	0.00747	0.00872	0.00623	0.00996	0.00560	0.00498	0.01058	0.00872	0.01370	0.00747	0.00872	0.00623	0.00311	0.00311	0.00062	0.00311	0.00249	0.00249	0.87796
6	0.00517	0.00427	0.00454	0.00447	0.00580	0.00363	0.00335	0.00642	0.01006	0.01249	0.20367	0.03859	0.66254	0.01022	0.00497	0.00140	0.00210	0.00861	0.00405	0.00363
7	0.01178	0.75364	0.02080	0.00763	0.01106	0.11585	0.00731	0.01310	0.00895	0.00994	0.00592	0.00684	0.00540	0.00369	0.00283	0.00092	0.00487	0.00230	0.00184	0.00533
8	0.00677	0.00484	0.00677	0.00774	0.00871	0.00484	0.00677	0.00871	0.00968	0.01258	0.02226	0.04742	0.02419	0.01161	0.00581	0.00194	0.00387	0.79775	0.00387	0.00387
9	0.00883	0.14032	0.71540	0.01130	0.01714	0.01074	0.01434	0.01321	0.00883	0.01283	0.00730	0.00857	0.00534	0.00394	0.00381	0.00127	0.00597	0.00298	0.00178	0.00610
10	0.01272	0.03050	0.01098	0.00949	0.04109	0.19125	0.02570	0.24462	0.13608	0.04752	0.01089	0.01185	0.00844	0.00816	0.10741	0.00190	0.00568	0.00381	0.08617	0.00575
11	0.01004	0.01152	0.02454	0.01757	0.02178	0.02783	0.79403	0.01353	0.00996	0.01340	0.00846	0.01126	0.00636	0.00356	0.00494	0.00141	0.00710	0.00491	0.00213	0.00565
12	0.00843	0.02174	0.83048	0.01198	0.01819	0.00976	0.01553	0.01331	0.00888	0.01331	0.00754	0.00888	0.00533	0.00399	0.00399	0.00133	0.00621	0.00311	0.00178	0.00621
13	0.00877	0.00832	0.01401	0.49913	0.33307	0.00938	0.01183	0.01139	0.00890	0.01191	0.00892	0.01197	0.03600	0.00426	0.00422	0.00134	0.00524	0.00393	0.00202	0.00539
14	0.00532	0.00447	0.00464	0.00467	0.00607	0.00391	0.00357	0.00683	0.03915	0.01161	0.03962	0.03980	0.72116	0.02673	0.00532	0.00151	0.00234	0.06574	0.00389	0.00367
15	0.01040	0.00999	0.01706	0.02580	0.82604	0.00999	0.01290	0.01290	0.00957	0.01373	0.00791	0.01040	0.00666	0.00375	0.00416	0.00125	0.00499	0.00375	0.00208	0.00666
16	0.00512	0.00367	0.00486	0.00581	0.00609	0.00342	0.00388	0.00586	0.00809	0.01075	0.02365	0.82941	0.04761	0.01311	0.00536	0.00170	0.00243	0.01187	0.00390	0.00342
17	0.00843	0.02174	0.83048	0.01198	0.01819	0.00976	0.01553	0.01331	0.00888	0.01331	0.00754	0.00888	0.00533	0.00399	0.00399	0.00133	0.00621	0.00311	0.00178	0.00621
18	0.00794	0.00747	0.01261	0.84216	0.02895	0.00934	0.01167	0.01074	0.00841	0.01074	0.00747	0.01121	0.00560	0.00420	0.00420	0.00140	0.00560	0.00374	0.00187	0.00467
19	0.01040	0.00999	0.01706	0.02580	0.82604	0.00999	0.01290	0.01290	0.00957	0.01373	0.00791	0.01040	0.00666	0.00375	0.00416	0.00125	0.00499	0.00375	0.00208	0.00666
20	0.00794	0.00747	0.01261	0.84216	0.02895	0.00934	0.01167	0.01074	0.00841	0.01074	0.00747	0.01121	0.00560	0.00420	0.00420	0.00140	0.00560	0.00374	0.00187	0.00467
21	0.00960	0.01107	0.03908	0.01688	0.02093	0.01017	0.74608	0.01300	0.00979	0.01330	0.00938	0.06261	0.00767	0.00414	0.00497	0.00143	0.00679	0.00535	0.00223	0.00554
22	0.00794	0.00747	0.01261	0.84216	0.02895	0.00934	0.01167	0.01074	0.00841	0.01074	0.00747	0.01121	0.00560	0.00420	0.00420	0.00140	0.00560	0.00374	0.00187	0.00467
23	0.01570	0.02004	0.01191	0.01083	0.01300	0.83539	0.00812	0.01679	0.01191	0.01029	0.00650	0.00758	0.00541	0.00433	0.00379	0.00108	0.00758	0.00271	0.00217	0.00487
24	0.00794	0.00747	0.01261	0.84216	0.02895	0.00934	0.01167	0.01074	0.00841	0.01074	0.00747	0.01121	0.00560	0.00420	0.00420	0.00140	0.00560	0.00374	0.00187	0.00467
25	0.00567	0.00412	0.00534	0.00539	0.00620	0.00379	0.00391	0.00726	0.01072	0.01489	0.56324	0.25610	0.07774	0.00996	0.00507	0.00143	0.00212	0.00886	0.00439	0.00379
26	0.01886	0.00715	0.00976	0.00748	0.01073	0.00618	0.00618	0.02049	0.01203	0.82895	0.01658	0.01431	0.01041	0.00520	0.00423	0.00130	0.00358	0.00423	0.00520	0.00715
27	0.01886	0.00715	0.00976	0.00748	0.01073	0.00618	0.00618	0.02049	0.01203	0.82895	0.01658	0.01431	0.01041	0.00520	0.00423	0.00130	0.00358	0.00423	0.00520	0.00715
28	0.01598	0.01177	0.01262	0.00967	0.01304	0.01304	0.00799	0.81202	0.01976	0.02649	0.01009	0.01009	0.00715	0.00505	0.00421	0.00126	0.00463	0.00378	0.00421	0.00715
29	0.01040	0.00999	0.01706	0.02580	0.82604	0.00999	0.01290	0.01290	0.00957	0.01373	0.00791	0.01040	0.00666	0.00375	0.00416	0.00125	0.00499	0.00375	0.00208	0.00666
30	0.00784	0.00392	0.00392	0.00392	0.00490	0.00392	0.00294	0.00980	0.00882	0.01567	0.01371	0.01567	0.01077	0.00490	0.00294	0.00098	0.00196	0.00392	0.87560	0.00392
31	0.00794	0.00747	0.01261	0.84216	0.02895	0.00934	0.01167	0.01074	0.00841	0.01074	0.00747	0.01121	0.00560	0.00420	0.00420	0.00140	0.00560	0.00374	0.00187	0.00467
32	0.00984	0.00882	0.01374	0.48171	0.24030	0.01008	0.01135	0.12983	0.02820	0.01402	0.00819	0.01093	0.00627	0.00424	0.00419	0.00134	0.00525	0.00377	0.00232	0.00561
33	0.00794	0.00747	0.01261	0.84216	0.02895	0.00934	0.01167	0.01074	0.00841	0.01074	0.00747	0.01121	0.00560	0.00420	0.00420	0.00140	0.00560	0.00374	0.00187	0.00467
34	0.01040	0.00999	0.01706	0.02580	0.82604	0.00999	0.01290	0.01290	0.00957	0.01373	0.00791	0.01040	0.00666	0.00375	0.00416	0.00125	0.00499	0.00375	0.00208	0.00666
35	0.00512	0.00366	0.00488	0.00585	0.00610	0.00341	0.00390	0.00585	0.00805	0.01073	0.02317	0.84952	0.02780	0.01317	0.00537	0.00171	0.00244	0.01195	0.00390	0.00341
36	0.00843	0.02174	0.83048	0.01198	0.01819	0.00976	0.01553	0.01331	0.00888	0.01331	0.00754	0.00888	0.00533	0.00399	0.00399	0.00133	0.00621	0.00311	0.00178	0.00621
37	0.00800	0.00753	0.01272	0.82177	0.04886	0.00936	0.01171	0.01079	0.00843	0.01082	0.00748	0.01119	0.00563	0.00419	0.00420	0.00140	0.00559	0.00374	0.00187	0.00472
38	0.00497	0.00426	0.00426	0.00426	0.00568	0.00355	0.00319	0.00603	0.00958	0.01136	0.04259	0.04046	0.82433	0.01065	0.00497	0.00142	0.00213	0.00887	0.00390	0.00355
39	0.01652	0.01091	0.01208	0.00926	0.01260	0.01175	0.00765	0.66372	0.01832	0.17685	0.01131	0.01088	0.00776	0.00508	0.00421	0.00127	0.00443	0.00387	0.00439	0.00715
40	0.00931	0.00892	0.01453	0.30622	0.47216	0.02982	0.01172	0.01175	0.00912	0.01240	0.00880	0.07009	0.00776	0.00459	0.00425	0.00133	0.00509	0.00430	0.00214	0.00570
41	0.00512	0.00366	0.00488	0.00585	0.00610	0.00341	0.00390	0.00585	0.00805	0.01073	0.02317	0.84952	0.02780	0.01317	0.00537	0.00171	0.00244	0.01195	0.00390	0.00341
42	0.00843	0.02174	0.83048	0.01198	0.01819	0.00976	0.01553	0.01331	0.00888	0.01331	0.00754	0.00888	0.00533	0.00399	0.00399	0.00133	0.00621	0.00311	0.00178	0.00621
43	0.01062	0.67011	0.20126	0.00825	0.01243	0.01511	0.00904	0.01275	0.00862	0.01065	0.00622	0.00722	0.00538	0.00368	0.00298	0.00099	0.00488	0.00244	0.00179	0.00558
44	0.00998	0.00955	0.01629	0.16793	0.68726	0.00988	0.01269	0.01253	0.00937	0.01321	0.00783	0.01054	0.00648	0.00383	0.00417	0.00128	0.00510	0.00374	0.00204	0.00631
45	0.00595	0.00430	0.00562	0.00529	0.00628	0.00397	0.00397	0.00793	0.01190	0.01686	0.82382	0.03140	0.03966	0.00859	0.00496	0.00132	0.00198	0.00760	0.00463	0.00397
46	0.01031	0.00990	0.01690	0.05570	0.79684	0.00996	0.01286	0.01282	0.00953	0.01362	0.00789	0.01043	0.00662	0.00376	0.00416	0.00125	0.00502	0.00375	0.00207	0.00659
47	0.00669	0.04141	0.04221	0.00675	0.00812	0.02278	0.03470	0.00886	0.06409	0.01276	0.17494	0.27872	0.18124	0.00952	0.00529	0.00149	0.04247	0.03684	0.01694	0.00416
48	0.00512	0.00366	0.00488	0.00585	0.00610	0.00341	0.00390	0.00585	0.00805	0.01073	0.02317	0.84952	0.02780	0.01317	0.00537	0.00171	0.00244	0.01195	0.00390	0.00341
49	0.01040	0.00999	0.01706	0.02580	0.82604	0.00999	0.01290	0.01290	0.00957	0.01373	0.00791	0.01040	0.00666	0.00375	0.00416	0.00125	0.00499	0.00375	0.00208	0.00666
50	0.56652	0.00935	0.00802	0.00690	0.00952	0.07975	0.02200	0.08094	0.06325	0.07063	0.04255	0.00938	0.00730	0.00443	0.00320	0.00129	0.00379	0.00301	0.00305	0.00510
51	0.00852	0.02111	0.78116	0.01233	0.01843	0.00982	0.06422	0.01332	0.00894	0.01332	0.00760	0.00903	0.00539	0.00397	0.00405	0.00134	0.00627	0.00322	0.00180	0.00618
52	0.01570	0.02004	0.01191	0.01083	0.01300	0.83539	0.00812	0.01679	0.01191	0.01029	0.00650	0.00758	0.00541	0.00433	0.00379	0.00108	0.00758	0.00271	0.00217	0.00487
53	0.01391	0.00975	0.01035	0.00855	0.01110	0.08365	0.00685	0.23127	0.19465	0.22009	0.10670	0.01458	0.01274	0.00570	0.00479	0.00133	0.04899	0.00445	0.00421	0.00633
54	0.00899	0.18889	0.66827	0.01102	0.01671	0.01114	0.01386	0.01317	0.00881	0.01263	0.00720	0.00845	0.00534	0.00391	0.00373	0.00124	0.00587	0.00293	0.00178	0.00605
55	0.00512	0.00366	0.00488	0.00585	0.00610	0.00341	0.00390	0.00585	0.00805	0.01073	0.02317	0.84952	0.02780	0.01317	0.00537	0.00171	0.00244	0.01195	0.00390	0.00341
56	0.24591	0.00938	0.00963	0.00788	0.01071	0.02880	0.00641	0.25650	0.14057	0.19046	0.01132	0.01103	0.00804	0.00491	0.00397	0.00131	0.02244	0.00361	0.02092	0.00621
57	0.17601	0.00965	0.01216	0.00948	0.01258	0.02175	0.13547	0.27029	0.07953	0.16797	0.01181	0.04135	0.02302	0.00505	0.00409	0.00133	0.00438	0.00422	0.00372	0.00616
58	0.00629	0.00462	0.00587	0.00580	0.00690	0.00439	0.00456	0.00821	0.02534	0.02975	0.45503	0.05317	0.18402	0.00953	0.00529	0.00148	0.02002	0.16148	0.00427	0.00398
59	0.00633	0.00433	0.00566	0.00548	0.00647	0.00398	0.00408	0.00808	0.01120	0.04831	0.62718	0.15286	0.06322	0.00928	0.00501	0.00140	0.00216	0.02648	0.00450	0.00400
60	0.01128	0.01225	0.01093	0.01096	0.09715	0.32925	0.00770	0.04454	0.01034	0.01225	0.12329	0.04406	0.01211	0.04166	0.01945	0.00153	0.17297	0.01379	0.01971	0.00477
61	0.01081	0.01106	0.01603	0.21988	0.31220	0.13211	0.14673	0.03529	0.03602	0.02744	0.00820	0.01057	0.00645	0.00403	0.00426	0.00130	0.00579	0.00384	0.00223	0.00576
62	0.00525	0.00381	0.00510	0.00601	0.00627	0.00366	0.00409	0.00601	0.00805	0.01076	0.02275	0.81219	0.02722	0.01300	0.00556	0.00172	0.02124	0.02999	0.00386	0.00345
63	0.01011	0.00966	0.01647	0.08456	0.74978	0.00979	0.01261	0.01259	0.00945	0.01345	0.00822	0.02934	0.00706	0.00399	0.00419	0.00127	0.00498	0.00393	0.00211	0.00644
64	0.02481	0.19612	0.52348	0.01172	0.01702	0.01134	0.13334	0.01317	0.00893	0.01271	0.00730	0.00876	0.00548	0.00384	0.00384	0.00125	0.00593	0.00319	0.00185	0.00593
65	0.00965	0.01017	0.03367	0.03494	0.01438	0.02677	0.20248	0.02531	0.07534	0.01191	0.00739	0.01029	0.00636	0.00605	0.01006	0.00166	0.50226	0.00405	0.00216	0.00511
66	0.00587	0.00429	0.00550	0.00520	0.00623	0.00393	0.00390	0.00777	0.01170	0.01639	0.75698	0.03218	0.10680	0.00877	0.00496	0.00133	0.00200	0.00771	0.00457	0.00393
67	0.09657	0.00655	0.00701	0.00625	0.00781	0.02743	0.00489	0.09823	0.04942	0.08735	0.01334	0.01598	0.04379	0.07348	0.08348	0.00196	0.05586	0.01627	0.29967	0.00468
68	0.00942	0.04547	0.01545	0.25994	0.04663	0.07678	0.23885	0.05136	0.00960	0.01233	0.01006	0.12755	0.00927	0.00555	0.00503	0.00142	0.05098	0.01691	0.00240	0.00500
69	0.00512	0.00366	0.00488	0.00585	0.00610	0.00341	0.00390	0.00585	0.00805	0.01073	0.02317	0.84952	0.02780	0.01317	0.00537	0.00171	0.00244	0.01195	0.00390	0.00341
70	0.01040	0.00999	0.01706	0.02580	0.82604	0.00999	0.01290	0.01290	0.00957	0.01373	0.00791	0.01040	0.00666	0.00375	0.00416	0.00125	0.00499	0.00375	0.00208	0.00666
71	0.00873	0.01529	0.42104	0.01296	0.03922	0.00901	0.24917	0.01246	0.00920	0.02990	0.01049	0.09626	0.02856	0.00495	0.00443	0.00137	0.00580	0.00472	0.00225	0.03419
72	0.00993	0.01320	0.18240	0.01605	0.02061	0.01031	0.61004	0.01386	0.02798	0.04015	0.00877	0.01105	0.00645	0.00373	0.00473	0.00140	0.00672	0.00457	0.00221	0.00585
73	0.03452	0.00440	0.00562	0.00531	0.00634	0.00413	0.00398	0.00802	0.01164	0.01676	0.77544	0.05275	0.03820	0.00856	0.00489	0.00133	0.00204	0.00755	0.00454	0.00397
74	0.00640	0.00455	0.00586	0.00636	0.00742	0.00428	0.00519	0.00794	0.00969	0.03903	0.09797	0.15678	0.22903	0.01111	0.00540	0.00170	0.00305	0.39039	0.00399	0.00384
75	0.03862	0.32592	0.35198	0.00980	0.01423	0.06239	0.04913	0.02780	0.00924	0.02211	0.02945	0.02724	0.00690	0.00420	0.00357	0.00117	0.00535	0.00317	0.00206	0.00566
76	0.00951	0.00913	0.01277	0.01092	0.01103	0.01266	0.00910	0.01046	0.00662	0.03684	0.00588	0.00936	0.00568	0.00729	0.01348	0.00182	0.81712	0.00370	0.00195	0.00468
77	0.00850	0.00629	0.00750	0.03403	0.00866	0.05925	0.00551	0.01015	0.01054	0.11024	0.38177	0.05641	0.07338	0.02311	0.02321	0.00160	0.09064	0.08086	0.00393	0.00441

[dist]
# distance from previous block
# <min> <max>
0	14

[block]
# block no. 8 follows, 63 sequences, length 8
# corresponding to MSA columns:
# 543-550
name=unknown_I
#
# <colnr> <probs for GDERKNQSTAVLIFYWHMCP>
#	G	D	E	R	K	N	Q	S	T	A	V	L	I	F	Y	W	H	M	C	P
0	0.01144	0.01272	0.05565	0.14877	0.10161	0.22220	0.11241	0.04474	0.00978	0.03997	0.00738	0.00971	0.00596	0.00487	0.00633	0.00139	0.19398	0.00360	0.00220	0.00530
1	0.08020	0.01004	0.01077	0.00861	0.01144	0.08542	0.00703	0.29086	0.01375	0.33149	0.01168	0.01142	0.00807	0.00610	0.03574	0.00151	0.06159	0.00376	0.00405	0.00645
2	0.75982	0.00799	0.00668	0.00580	0.00850	0.00897	0.00478	0.01351	0.00784	0.13349	0.00737	0.00789	0.00538	0.00409	0.00283	0.00130	0.00330	0.00255	0.00297	0.00492
3	0.00796	0.00442	0.00460	0.00424	0.00561	0.00416	0.00323	0.00991	0.00880	0.01539	0.01283	0.01469	0.01013	0.00465	0.00296	0.00093	0.00212	0.00372	0.75205	0.12760
4	0.01019	0.05292	0.05174	0.02503	0.04420	0.04314	0.19160	0.06342	0.09724	0.02606	0.00883	0.03145	0.00742	0.00595	0.00763	0.06086	0.22699	0.00413	0.00247	0.03872
5	0.00553	0.00462	0.00536	0.00604	0.06144	0.00408	0.00406	0.00671	0.00945	0.01169	0.08144	0.09375	0.59991	0.04822	0.00572	0.00156	0.00249	0.04041	0.00376	0.00374
6	0.04278	0.08487	0.05179	0.00769	0.01035	0.02303	0.04223	0.04622	0.06147	0.05967	0.05296	0.04421	0.08709	0.00645	0.00443	0.00126	0.02459	0.14085	0.00321	0.20484
7	0.07291	0.00792	0.06333	0.00696	0.00919	0.03920	0.02126	0.06841	0.09178	0.09814	0.10207	0.08464	0.05958	0.03081	0.00456	0.00135	0.00339	0.02506	0.14238	0.06707

[dist]
# distance from previous block
# <min> <max>
0	34

# created by:
# /st0/software/busco_prod/Augustus/scripts/msa2prfl.pl ./align_prep/128977.fa
