[name]
unknown

[dist]
# distance from previous block
# <min> <max>
8	68

[block]
# block no. 0 follows, 59 sequences, length 13
# corresponding to MSA columns:
# 74-86
name=unknown_A
#
# <colnr> <probs for GDERKNQSTAVLIFYWHMCP>
#	G	D	E	R	K	N	Q	S	T	A	V	L	I	F	Y	W	H	M	C	P
0	0.05217	0.09825	0.09264	0.01146	0.11944	0.08612	0.02941	0.12811	0.09904	0.06164	0.03020	0.01247	0.03003	0.02539	0.01756	0.00140	0.00494	0.00390	0.00309	0.09274
1	0.06266	0.13380	0.16275	0.01113	0.09274	0.01097	0.03458	0.13304	0.04500	0.09612	0.03284	0.01202	0.03699	0.00496	0.00457	0.00129	0.04875	0.00384	0.00304	0.06891
2	0.03822	0.03098	0.10169	0.01026	0.09324	0.00906	0.00818	0.16558	0.06527	0.06213	0.02893	0.01219	0.00874	0.00514	0.01994	0.00124	0.00438	0.02530	0.00319	0.30635
3	0.05199	0.06812	0.29656	0.01121	0.06462	0.02905	0.05180	0.05860	0.14848	0.01541	0.03429	0.03844	0.03075	0.02552	0.00465	0.00142	0.00503	0.00426	0.00283	0.05696
4	0.00541	0.00448	0.00476	0.00487	0.00624	0.00383	0.00370	0.00662	0.01010	0.01227	0.08025	0.08851	0.67805	0.01130	0.00530	0.00154	0.00237	0.06249	0.00414	0.00377
5	0.00916	0.00785	0.00916	0.00654	0.01047	0.00589	0.00523	0.01112	0.00916	0.01439	0.00785	0.00916	0.00654	0.00327	0.00327	0.00065	0.00327	0.00262	0.00262	0.87178
6	0.01009	0.00943	0.01541	0.05396	0.48142	0.00956	0.07658	0.03080	0.09279	0.01533	0.11783	0.01567	0.04119	0.00512	0.00460	0.00137	0.00474	0.00488	0.00289	0.00634
7	0.01610	0.02029	0.01291	0.01252	0.07176	0.76800	0.00890	0.01734	0.01234	0.01107	0.00693	0.00818	0.00578	0.00451	0.00401	0.00115	0.00777	0.00292	0.00227	0.00526
8	0.07080	0.00693	0.03224	0.00723	0.02797	0.00598	0.02444	0.01085	0.06404	0.04057	0.21318	0.15864	0.06121	0.00726	0.00443	0.00126	0.00309	0.00629	0.00368	0.24989
9	0.00636	0.00452	0.00593	0.00670	0.03195	0.00410	0.00448	0.00740	0.00893	0.03701	0.04608	0.63255	0.07893	0.01197	0.00528	0.00163	0.00269	0.01076	0.02610	0.06664
10	0.01076	0.01505	0.33166	0.06981	0.25418	0.02215	0.07678	0.03205	0.02879	0.08229	0.02855	0.01139	0.00766	0.00439	0.00440	0.00138	0.00576	0.00392	0.00249	0.00655
11	0.09111	0.22588	0.17264	0.01282	0.16805	0.07875	0.02247	0.05571	0.03204	0.02750	0.00784	0.00915	0.00629	0.00420	0.00391	0.00121	0.02086	0.00316	0.00236	0.05406
12	0.00735	0.00577	0.00688	0.00704	0.03457	0.02587	0.00490	0.03131	0.08657	0.01381	0.22697	0.16091	0.07632	0.15710	0.08626	0.00252	0.01830	0.02022	0.02308	0.00425

[dist]
# distance from previous block
# <min> <max>
0	2

[block]
# block no. 1 follows, 59 sequences, length 56
# corresponding to MSA columns:
# 89-139,142-146
name=unknown_B
#
# <colnr> <probs for GDERKNQSTAVLIFYWHMCP>
#	G	D	E	R	K	N	Q	S	T	A	V	L	I	F	Y	W	H	M	C	P
0	0.00790	0.06458	0.01053	0.00838	0.00990	0.04227	0.09384	0.02282	0.02020	0.01126	0.01566	0.01976	0.13019	0.09216	0.36925	0.00418	0.06481	0.00531	0.00264	0.00436
1	0.04233	0.01222	0.06741	0.00978	0.01310	0.04502	0.00831	0.41316	0.27157	0.05166	0.01273	0.01234	0.00925	0.00538	0.00436	0.00138	0.00458	0.00417	0.00416	0.00709
2	0.04061	0.00782	0.01073	0.00917	0.06662	0.00696	0.00696	0.03288	0.01246	0.73257	0.01641	0.01449	0.01046	0.00532	0.00439	0.00136	0.00387	0.00435	0.00516	0.00741
3	0.07264	0.07002	0.01397	0.01059	0.01313	0.15637	0.09784	0.19701	0.07097	0.05121	0.03315	0.01106	0.00813	0.00573	0.00629	0.03411	0.13499	0.00389	0.00308	0.00583
4	0.02100	0.09737	0.05725	0.02521	0.14483	0.08581	0.05117	0.03441	0.04038	0.08625	0.02620	0.14388	0.01157	0.03034	0.02298	0.00164	0.10591	0.00529	0.00294	0.00557
5	0.01046	0.01182	0.02550	0.01920	0.07765	0.01112	0.74707	0.01411	0.01040	0.01417	0.00889	0.01185	0.00672	0.00374	0.00515	0.00148	0.00729	0.00512	0.00223	0.00603
6	0.01061	0.00870	0.01252	0.03592	0.23774	0.00848	0.05513	0.04402	0.14503	0.07895	0.05778	0.07111	0.03423	0.00549	0.00439	0.00128	0.00413	0.00494	0.00333	0.17622
7	0.06622	0.09181	0.41630	0.02486	0.02606	0.01063	0.07629	0.03695	0.09251	0.01487	0.00954	0.01064	0.02179	0.00438	0.00404	0.00131	0.00549	0.00356	0.00241	0.08033
8	0.01448	0.04499	0.01179	0.01056	0.02684	0.61115	0.00783	0.02651	0.05203	0.01147	0.00889	0.03265	0.00796	0.05836	0.02656	0.00154	0.00710	0.01682	0.01742	0.00504
9	0.87598	0.00854	0.00649	0.00581	0.00854	0.00991	0.00478	0.01298	0.00752	0.01982	0.00615	0.00717	0.00478	0.00410	0.00273	0.00137	0.00342	0.00239	0.00273	0.00478
10	0.06939	0.00740	0.03268	0.04034	0.10560	0.02709	0.01756	0.03354	0.02261	0.14418	0.24517	0.08106	0.11256	0.00799	0.02133	0.00154	0.00368	0.01702	0.00398	0.00526
11	0.00588	0.00478	0.00528	0.00503	0.00653	0.00412	0.00380	0.00748	0.02300	0.01371	0.24847	0.03740	0.51933	0.02356	0.00538	0.00147	0.00234	0.02133	0.00420	0.05692
12	0.00684	0.00476	0.00684	0.00675	0.00750	0.00535	0.00508	0.00816	0.00719	0.04043	0.01239	0.01919	0.01187	0.16722	0.66235	0.00641	0.01027	0.00500	0.00253	0.00387
13	0.01148	0.73979	0.07100	0.00814	0.01183	0.01677	0.00823	0.01309	0.00884	0.01063	0.00623	0.00740	0.00567	0.00408	0.00372	0.00104	0.06200	0.00252	0.00189	0.00566
14	0.02405	0.01074	0.01621	0.05357	0.64581	0.07182	0.01224	0.01358	0.02386	0.01441	0.06373	0.01229	0.00932	0.00439	0.00438	0.00131	0.00520	0.00413	0.00242	0.00655
15	0.01051	0.01006	0.01717	0.15811	0.68951	0.01038	0.01335	0.01319	0.00986	0.01392	0.00823	0.01107	0.00682	0.00401	0.00438	0.00134	0.00535	0.00393	0.00215	0.00666
16	0.00916	0.00785	0.00916	0.00654	0.01047	0.00589	0.00523	0.01112	0.00916	0.01439	0.00785	0.00916	0.00654	0.00327	0.00327	0.00065	0.00327	0.00262	0.00262	0.87178
17	0.00643	0.00443	0.00504	0.00502	0.00516	0.00446	0.00299	0.00658	0.00678	0.00897	0.01613	0.03003	0.07103	0.74723	0.02067	0.00398	0.02116	0.02829	0.00280	0.00283
18	0.01055	0.01012	0.01727	0.12085	0.67244	0.01026	0.03500	0.01321	0.00989	0.01405	0.00825	0.01099	0.00684	0.00396	0.00436	0.00131	0.00531	0.00392	0.00218	0.03923
19	0.00621	0.00470	0.00586	0.00615	0.00721	0.00449	0.00484	0.00785	0.02112	0.01287	0.15067	0.09001	0.27513	0.06779	0.08433	0.00237	0.00383	0.23671	0.00396	0.00388
20	0.00959	0.02360	0.07438	0.18637	0.07958	0.00994	0.00935	0.02743	0.17877	0.03458	0.02880	0.06321	0.01063	0.04427	0.00705	0.00165	0.15078	0.01599	0.00292	0.04113
21	0.00614	0.00396	0.00482	0.00551	0.00602	0.00375	0.00377	0.00725	0.00870	0.01260	0.02249	0.56941	0.06204	0.02986	0.00532	0.00163	0.00245	0.01006	0.23050	0.00371
22	0.00900	0.09249	0.48017	0.01228	0.09358	0.00993	0.03017	0.02526	0.02491	0.01425	0.09787	0.01403	0.05535	0.00549	0.01555	0.00143	0.00553	0.00421	0.00245	0.00606
23	0.01478	0.01050	0.12636	0.01289	0.18907	0.00808	0.02783	0.02819	0.02268	0.40548	0.02648	0.01301	0.00935	0.00479	0.00432	0.00130	0.00450	0.00409	0.00388	0.08243
24	0.58513	0.16782	0.03481	0.00740	0.03012	0.08829	0.00622	0.01351	0.00838	0.01689	0.00632	0.00739	0.00511	0.00408	0.00295	0.00127	0.00423	0.00249	0.00249	0.00509
25	0.01106	0.01074	0.01780	0.02675	0.79863	0.02939	0.01344	0.01365	0.01011	0.01435	0.00827	0.01086	0.00697	0.00395	0.00436	0.00131	0.00531	0.00391	0.00219	0.00695
26	0.01017	0.02014	0.01158	0.07151	0.16986	0.05954	0.03018	0.02710	0.28700	0.03336	0.10531	0.04886	0.07951	0.00636	0.00478	0.00143	0.01828	0.00547	0.00360	0.00596
27	0.00631	0.00473	0.00710	0.00710	0.00789	0.00552	0.00552	0.00789	0.00710	0.01025	0.01183	0.01735	0.01104	0.03312	0.82728	0.00710	0.01183	0.00473	0.00237	0.00394
28	0.01285	0.01048	0.01229	0.01096	0.06741	0.06158	0.04124	0.36999	0.01463	0.03400	0.06256	0.03714	0.01194	0.05636	0.01763	0.00171	0.09841	0.06915	0.00364	0.00603
29	0.00767	0.00384	0.00575	0.00575	0.00575	0.00384	0.00384	0.00575	0.00575	0.00767	0.00767	0.01343	0.00767	0.01534	0.01726	0.87150	0.00384	0.00384	0.00192	0.00192
30	0.00823	0.00412	0.00412	0.00412	0.00515	0.00412	0.00309	0.01029	0.00926	0.01647	0.01441	0.01647	0.01132	0.00515	0.00309	0.00103	0.00206	0.00412	0.86930	0.00412
31	0.00712	0.00477	0.00604	0.00653	0.00726	0.00464	0.00457	0.05198	0.04389	0.05677	0.02267	0.69375	0.02587	0.01234	0.00539	0.00171	0.00278	0.01109	0.02665	0.00418
32	0.00823	0.00412	0.00412	0.00412	0.00515	0.00412	0.00309	0.01029	0.00926	0.01647	0.01441	0.01647	0.01132	0.00515	0.00309	0.00103	0.00206	0.00412	0.86930	0.00412
33	0.87598	0.00854	0.00649	0.00581	0.00854	0.00991	0.00478	0.01298	0.00752	0.01982	0.00615	0.00717	0.00478	0.00410	0.00273	0.00137	0.00342	0.00239	0.00273	0.00478
34	0.00936	0.00901	0.01584	0.32385	0.21040	0.01007	0.14556	0.01178	0.00897	0.01224	0.00835	0.01253	0.00697	0.00586	0.01784	0.05686	0.10244	0.02461	0.00212	0.00534
35	0.01679	0.01237	0.01325	0.01016	0.01370	0.01370	0.00839	0.80251	0.02077	0.02783	0.01060	0.01060	0.00751	0.00530	0.00442	0.00133	0.00486	0.00398	0.00442	0.00751
36	0.01107	0.01060	0.01699	0.06241	0.66712	0.03832	0.01284	0.01349	0.00985	0.03010	0.00820	0.01084	0.00688	0.00434	0.00524	0.00137	0.07757	0.00390	0.00222	0.00666
37	0.06000	0.01344	0.01281	0.04162	0.03018	0.19678	0.02907	0.39846	0.08887	0.03914	0.00998	0.01052	0.00743	0.00513	0.00464	0.00133	0.03672	0.00377	0.00359	0.00653
38	0.01056	0.01212	0.02575	0.01845	0.02286	0.03004	0.78286	0.01423	0.01047	0.01407	0.00889	0.01182	0.00668	0.00374	0.00518	0.00148	0.00746	0.00516	0.00223	0.00594
39	0.00916	0.00785	0.00916	0.00654	0.01047	0.00589	0.00523	0.01112	0.00916	0.01439	0.00785	0.00916	0.00654	0.00327	0.00327	0.00065	0.00327	0.00262	0.00262	0.87178
40	0.00596	0.00422	0.00504	0.00547	0.00583	0.00403	0.00357	0.00652	0.00787	0.01027	0.02221	0.30915	0.12637	0.39138	0.01328	0.00290	0.00341	0.06585	0.00345	0.00323
41	0.00823	0.00412	0.00412	0.00412	0.00515	0.00412	0.00309	0.01029	0.00926	0.01647	0.01441	0.01647	0.01132	0.00515	0.00309	0.00103	0.00206	0.00412	0.86930	0.00412
42	0.01181	0.84744	0.02314	0.00756	0.01134	0.01748	0.00756	0.01323	0.00897	0.01039	0.00614	0.00708	0.00567	0.00378	0.00283	0.00094	0.00472	0.00236	0.00189	0.00567
43	0.85849	0.00852	0.00657	0.00585	0.00860	0.00984	0.00482	0.01316	0.00762	0.03617	0.00638	0.00734	0.00491	0.00413	0.00277	0.00137	0.00342	0.00243	0.00279	0.00484
44	0.01096	0.00922	0.01019	0.06567	0.01274	0.01062	0.00741	0.05419	0.66447	0.03034	0.01727	0.01776	0.01334	0.00620	0.00457	0.00152	0.00375	0.04876	0.00431	0.00671
45	0.00966	0.00966	0.01353	0.01160	0.01160	0.01353	0.00966	0.01063	0.00676	0.01063	0.00580	0.00966	0.00580	0.00773	0.01449	0.00193	0.83670	0.00387	0.00193	0.00483
46	0.01031	0.01013	0.01572	0.19368	0.55105	0.05629	0.01230	0.01282	0.00994	0.01339	0.01063	0.01311	0.06224	0.00457	0.00442	0.00135	0.00533	0.00424	0.00228	0.00623
47	0.01353	0.16968	0.01335	0.00969	0.01205	0.46198	0.01809	0.06385	0.01171	0.01201	0.01115	0.10512	0.04635	0.00601	0.00412	0.00123	0.00618	0.02608	0.00268	0.00512
48	0.06832	0.00915	0.09891	0.00840	0.01151	0.02105	0.10832	0.01156	0.03803	0.05745	0.11403	0.02079	0.20484	0.00637	0.00456	0.00127	0.01587	0.00546	0.00332	0.19078
49	0.00734	0.00631	0.03173	0.00850	0.03019	0.00632	0.09866	0.00866	0.00752	0.02200	0.01247	0.06359	0.01275	0.31282	0.30562	0.00451	0.04881	0.00569	0.00256	0.00396
50	0.00559	0.00402	0.00539	0.00627	0.00667	0.00381	0.00437	0.00657	0.00877	0.01174	0.06901	0.68962	0.04217	0.01427	0.04262	0.00202	0.00305	0.06629	0.00406	0.00367
51	0.01096	0.01077	0.01769	0.07934	0.70744	0.04167	0.04035	0.01358	0.01008	0.01407	0.00824	0.01091	0.00686	0.00398	0.00439	0.00132	0.00547	0.00394	0.00218	0.00675
52	0.00561	0.00483	0.00521	0.00505	0.00640	0.00444	0.00385	0.00679	0.01003	0.01230	0.10365	0.03949	0.69794	0.01078	0.00586	0.00151	0.05956	0.00884	0.00401	0.00384
53	0.07033	0.01031	0.03537	0.01929	0.47668	0.01054	0.01085	0.02618	0.25003	0.01622	0.02340	0.01263	0.00929	0.00467	0.00431	0.00138	0.00458	0.00419	0.00298	0.00679
54	0.00773	0.00737	0.01365	0.01126	0.01317	0.00719	0.30440	0.00971	0.00921	0.01241	0.01738	0.36016	0.03459	0.04122	0.00668	0.00180	0.05385	0.08046	0.00321	0.00456
55	0.00894	0.00846	0.01433	0.64806	0.21186	0.00997	0.01256	0.01181	0.00911	0.01201	0.00796	0.01158	0.00614	0.00430	0.00441	0.00143	0.00574	0.00393	0.00201	0.00539

[dist]
# distance from previous block
# <min> <max>
0	10

[block]
# block no. 2 follows, 59 sequences, length 39
# corresponding to MSA columns:
# 157-195
name=unknown_C
#
# <colnr> <probs for GDERKNQSTAVLIFYWHMCP>
#	G	D	E	R	K	N	Q	S	T	A	V	L	I	F	Y	W	H	M	C	P
0	0.00916	0.00785	0.00916	0.00654	0.01047	0.00589	0.00523	0.01112	0.00916	0.01439	0.00785	0.00916	0.00654	0.00327	0.00327	0.00065	0.00327	0.00262	0.00262	0.87178
1	0.00555	0.00449	0.00493	0.00482	0.00617	0.00387	0.00361	0.00697	0.01084	0.01377	0.28987	0.03948	0.56917	0.01050	0.00522	0.00146	0.00219	0.00890	0.00434	0.00387
2	0.00931	0.00819	0.01318	0.48290	0.18259	0.00950	0.01112	0.01233	0.04715	0.04639	0.03197	0.03342	0.00860	0.02675	0.01998	0.00163	0.04274	0.00440	0.00243	0.00540
3	0.00641	0.00430	0.00489	0.00487	0.00494	0.00427	0.00278	0.00656	0.00685	0.00920	0.06963	0.02919	0.01784	0.78665	0.02128	0.00408	0.00413	0.00653	0.00283	0.00278
4	0.01149	0.01038	0.04509	0.02527	0.16428	0.03462	0.19523	0.05491	0.18080	0.09704	0.06705	0.01675	0.01223	0.00549	0.00476	0.00145	0.00507	0.05834	0.00343	0.00633
5	0.00621	0.00448	0.00587	0.00558	0.00659	0.00414	0.00416	0.00824	0.01232	0.01742	0.77940	0.06932	0.04111	0.00925	0.00523	0.00141	0.00211	0.00819	0.00483	0.00414
6	0.01064	0.09519	0.41784	0.01142	0.05979	0.01048	0.01191	0.02785	0.15903	0.08473	0.01096	0.03365	0.00832	0.00483	0.00416	0.00135	0.00524	0.00388	0.00281	0.03592
7	0.00974	0.01758	0.47885	0.01878	0.35966	0.01036	0.01514	0.01380	0.00964	0.01418	0.00809	0.01001	0.00619	0.00408	0.00427	0.00136	0.00598	0.00355	0.00200	0.00673
8	0.01174	0.11165	0.07727	0.00927	0.01239	0.01209	0.00801	0.13214	0.53682	0.01847	0.01470	0.01394	0.01106	0.00548	0.00426	0.00140	0.00408	0.00439	0.00396	0.00687
9	0.19541	0.01011	0.01568	0.02237	0.62601	0.01038	0.03029	0.01345	0.00952	0.01557	0.00786	0.01015	0.00652	0.00397	0.00404	0.00133	0.00491	0.00364	0.00230	0.00650
10	0.01072	0.40708	0.33584	0.01045	0.04265	0.04159	0.01121	0.01440	0.06519	0.01253	0.00777	0.00879	0.00623	0.00413	0.00358	0.00118	0.00548	0.00297	0.00209	0.00613
11	0.00631	0.00472	0.00704	0.00703	0.00783	0.00546	0.00546	0.00791	0.00734	0.01059	0.04789	0.01805	0.01242	0.03204	0.79036	0.00684	0.01139	0.00488	0.00248	0.00395
12	0.00750	0.00387	0.00578	0.00583	0.00588	0.00390	0.00392	0.00586	0.00594	0.00795	0.00864	0.05293	0.00884	0.01604	0.05177	0.79280	0.00412	0.00429	0.00204	0.00208
13	0.00548	0.00394	0.00522	0.00621	0.00656	0.00368	0.00426	0.00634	0.00862	0.01142	0.02500	0.76531	0.05663	0.01364	0.00565	0.00180	0.00264	0.05988	0.00410	0.00362
14	0.00823	0.00412	0.00412	0.00412	0.00515	0.00412	0.00309	0.01029	0.00926	0.01647	0.01441	0.01647	0.01132	0.00515	0.00309	0.00103	0.00206	0.00412	0.86930	0.00412
15	0.01559	0.01946	0.01265	0.04013	0.01428	0.72108	0.02859	0.01742	0.05011	0.01133	0.00781	0.00952	0.00652	0.00476	0.00410	0.00120	0.00758	0.02027	0.00241	0.00520
16	0.00823	0.00412	0.00412	0.00412	0.00515	0.00412	0.00309	0.01029	0.00926	0.01647	0.01441	0.01647	0.01132	0.00515	0.00309	0.00103	0.00206	0.00412	0.86930	0.00412
17	0.01093	0.01049	0.01793	0.02711	0.81723	0.01049	0.01355	0.01355	0.01006	0.01443	0.00831	0.01093	0.00700	0.00394	0.00437	0.00131	0.00525	0.00394	0.00219	0.00700
18	0.01055	0.01127	0.02333	0.06331	0.02175	0.01120	0.63717	0.01384	0.00999	0.04175	0.00881	0.01175	0.00670	0.00429	0.00622	0.00154	0.10346	0.00496	0.00230	0.00582
19	0.01114	0.00957	0.01008	0.00902	0.01154	0.01106	0.00703	0.04462	0.78785	0.01873	0.01778	0.01632	0.01332	0.00597	0.00449	0.00149	0.00353	0.00497	0.00449	0.00700
20	0.01379	0.01164	0.01423	0.05272	0.27213	0.10618	0.03022	0.28188	0.02604	0.08010	0.01072	0.06098	0.00870	0.00523	0.00445	0.00134	0.00522	0.00443	0.00335	0.00667
21	0.01447	0.01749	0.01264	0.04825	0.01383	0.58119	0.00886	0.03444	0.01124	0.01121	0.00707	0.02417	0.00621	0.00542	0.00629	0.00134	0.18521	0.00332	0.00227	0.00508
22	0.00834	0.00785	0.01325	0.83417	0.03042	0.00981	0.01227	0.01128	0.00883	0.01128	0.00785	0.01178	0.00589	0.00442	0.00442	0.00147	0.00589	0.00393	0.00196	0.00491
23	0.00916	0.00785	0.00916	0.00654	0.01047	0.00589	0.00523	0.01112	0.00916	0.01439	0.00785	0.00916	0.00654	0.00327	0.00327	0.00065	0.00327	0.00262	0.00262	0.87178
24	0.00642	0.00428	0.00482	0.00482	0.00482	0.00428	0.00268	0.00642	0.00642	0.00856	0.01392	0.02890	0.01606	0.84478	0.02248	0.00428	0.00428	0.00642	0.00268	0.00268
25	0.00823	0.00412	0.00412	0.00412	0.00515	0.00412	0.00309	0.01029	0.00926	0.01647	0.01441	0.01647	0.01132	0.00515	0.00309	0.00103	0.00206	0.00412	0.86930	0.00412
26	0.01181	0.84744	0.02314	0.00756	0.01134	0.01748	0.00756	0.01323	0.00897	0.01039	0.00614	0.00708	0.00567	0.00378	0.00283	0.00094	0.00472	0.00236	0.00189	0.00567
27	0.85353	0.00851	0.00659	0.00586	0.00861	0.00982	0.00483	0.01321	0.00765	0.04081	0.00645	0.00738	0.00494	0.00414	0.00278	0.00137	0.00343	0.00245	0.00280	0.00485
28	0.01170	0.00942	0.01005	0.00883	0.01142	0.01067	0.00693	0.09623	0.65689	0.05916	0.01852	0.01709	0.05087	0.00615	0.00452	0.00147	0.00358	0.00508	0.00452	0.00691
29	0.00966	0.00966	0.01353	0.01160	0.01160	0.01353	0.00966	0.01063	0.00676	0.01063	0.00580	0.00966	0.00580	0.00773	0.01449	0.00193	0.83670	0.00387	0.00193	0.00483
30	0.01023	0.00959	0.01589	0.04145	0.65915	0.00968	0.01209	0.01315	0.04789	0.01431	0.02480	0.08244	0.01022	0.00517	0.00454	0.00138	0.00487	0.02406	0.00255	0.00654
31	0.02719	0.00982	0.02696	0.33022	0.08140	0.02564	0.18206	0.09996	0.08649	0.01513	0.00990	0.01267	0.00758	0.00462	0.00451	0.00143	0.00562	0.01588	0.04718	0.00574
32	0.01003	0.05479	0.30533	0.01387	0.16353	0.00963	0.08647	0.03288	0.02902	0.03614	0.00905	0.03549	0.00726	0.00429	0.00413	0.00123	0.00531	0.00377	0.00241	0.18537
33	0.01090	0.44023	0.18719	0.00897	0.01258	0.01368	0.00927	0.01330	0.02724	0.05618	0.04009	0.01062	0.02143	0.02329	0.00524	0.00130	0.10712	0.00334	0.00232	0.00572
34	0.00563	0.00467	0.00521	0.00541	0.03087	0.00403	0.00385	0.00701	0.01062	0.01332	0.21830	0.03938	0.61528	0.01048	0.00519	0.00146	0.00229	0.00885	0.00422	0.00393
35	0.01038	0.01161	0.04238	0.01790	0.05318	0.01067	0.69106	0.01394	0.01038	0.03120	0.02952	0.01258	0.00779	0.00481	0.03023	0.00165	0.00726	0.00516	0.00236	0.00594
36	0.03107	0.13803	0.33717	0.01068	0.05205	0.01041	0.01094	0.07853	0.02177	0.21809	0.03101	0.02289	0.00850	0.00481	0.00410	0.00132	0.00510	0.00377	0.00316	0.00662
37	0.01500	0.00852	0.01310	0.01468	0.27963	0.00803	0.04173	0.01754	0.04706	0.42004	0.01458	0.05744	0.01088	0.00552	0.00456	0.00140	0.00434	0.02491	0.00409	0.00696
38	0.03347	0.00762	0.01003	0.08179	0.17096	0.02304	0.00747	0.04292	0.14676	0.04037	0.23149	0.05009	0.09070	0.01829	0.02436	0.00159	0.00387	0.00599	0.00373	0.00545

[dist]
# distance from previous block
# <min> <max>
0	5

# created by:
# /st0/software/busco_prod/Augustus/scripts/msa2prfl.pl ./align_prep/129072.fa
