[name]
unknown

[dist]
# distance from previous block
# <min> <max>
5	47

[block]
# block no. 0 follows, 54 sequences, length 60
# corresponding to MSA columns:
# 49-73,78-112
name=unknown_A
#
# <colnr> <probs for GDERKNQSTAVLIFYWHMCP>
#	G	D	E	R	K	N	Q	S	T	A	V	L	I	F	Y	W	H	M	C	P
0	0.00638	0.00533	0.00539	0.00518	0.00691	0.00468	0.00394	0.05816	0.01150	0.01385	0.04537	0.04314	0.75075	0.01153	0.00552	0.00158	0.00257	0.00958	0.00440	0.00425
1	0.01330	0.66022	0.02263	0.01005	0.06455	0.13812	0.00865	0.01485	0.01023	0.01144	0.00682	0.00797	0.00615	0.00417	0.00332	0.00107	0.00560	0.00271	0.00210	0.00606
2	0.01193	0.01030	0.01134	0.01091	0.06440	0.01179	0.00797	0.05011	0.71867	0.01978	0.01825	0.01699	0.01372	0.00623	0.00479	0.00158	0.00390	0.00522	0.00463	0.00748
3	0.00609	0.00469	0.00692	0.00738	0.00799	0.00437	0.05581	0.00713	0.00922	0.01226	0.02564	0.75097	0.05562	0.01397	0.00597	0.00188	0.00307	0.01277	0.00425	0.00400
4	0.01140	0.01082	0.01838	0.02761	0.75265	0.01082	0.01402	0.01416	0.01074	0.01532	0.00993	0.01440	0.00876	0.00478	0.00479	0.00145	0.00552	0.05471	0.00247	0.00726
5	0.00691	0.00500	0.00561	0.00534	0.00693	0.00431	0.00405	0.00843	0.01166	0.06673	0.25897	0.04058	0.53678	0.01089	0.00551	0.00155	0.00245	0.00921	0.00470	0.00438
6	0.00717	0.00502	0.00613	0.00677	0.05776	0.00504	0.00370	0.00740	0.00713	0.00960	0.01440	0.02926	0.01636	0.75817	0.04413	0.00444	0.00486	0.00663	0.00281	0.00320
7	0.01722	0.02173	0.01374	0.01325	0.06649	0.76254	0.00946	0.01854	0.01319	0.01179	0.00739	0.00871	0.00617	0.00482	0.00428	0.00123	0.00831	0.00311	0.00242	0.00560
8	0.01365	0.56354	0.07084	0.00887	0.01269	0.08857	0.00855	0.01540	0.01036	0.11012	0.00883	0.03444	0.00753	0.00479	0.00383	0.00117	0.02474	0.00328	0.00260	0.00621
9	0.01670	0.02080	0.01324	0.03931	0.01496	0.71031	0.00917	0.01877	0.06447	0.01209	0.00807	0.00929	0.00663	0.00506	0.00466	0.00128	0.03376	0.00326	0.00256	0.00558
10	0.00667	0.00482	0.00630	0.00593	0.00704	0.00445	0.00445	0.00890	0.01335	0.01891	0.80239	0.03522	0.04449	0.00964	0.00556	0.00148	0.00222	0.00853	0.00519	0.00445
11	0.00949	0.00777	0.00990	0.00852	0.01057	0.03688	0.08678	0.02811	0.19199	0.05932	0.27895	0.07173	0.12521	0.04591	0.00614	0.00169	0.00370	0.00738	0.00448	0.00547
12	0.00951	0.02403	0.78563	0.01364	0.02054	0.01098	0.04129	0.01494	0.00999	0.01494	0.00849	0.01004	0.00601	0.00446	0.00451	0.00150	0.00700	0.00355	0.00200	0.00695
13	0.00602	0.00464	0.00551	0.00568	0.00677	0.00413	0.00414	0.00748	0.01118	0.01462	0.28999	0.23807	0.34610	0.01191	0.00570	0.00165	0.00246	0.02523	0.00464	0.00410
14	0.01068	0.02463	0.01451	0.18386	0.16220	0.06532	0.11140	0.04940	0.07822	0.03096	0.07688	0.04500	0.08286	0.00613	0.00490	0.00149	0.00526	0.00555	0.03480	0.00594
15	0.01057	0.03766	0.63908	0.01321	0.03416	0.04737	0.03950	0.03259	0.01047	0.04805	0.00913	0.01099	0.00673	0.03417	0.00519	0.00158	0.00676	0.00371	0.00228	0.00679
16	0.20717	0.32788	0.01604	0.00894	0.01202	0.20586	0.03812	0.02827	0.01039	0.01421	0.00850	0.06472	0.00780	0.00511	0.00364	0.00125	0.00544	0.00360	0.02549	0.00555
17	0.01142	0.03842	0.22805	0.01041	0.04163	0.02426	0.02382	0.11399	0.05753	0.09922	0.23444	0.01894	0.01860	0.00648	0.00502	0.00147	0.01915	0.01247	0.02832	0.00635
18	0.00972	0.06519	0.73394	0.01387	0.05563	0.01135	0.01681	0.01487	0.00997	0.01476	0.00838	0.00991	0.00604	0.00444	0.00441	0.00146	0.00681	0.00347	0.00201	0.00694
19	0.00674	0.00502	0.00744	0.00744	0.00823	0.00582	0.00572	0.00833	0.00754	0.01084	0.01276	0.01923	0.01210	0.08145	0.76994	0.00740	0.01216	0.00516	0.00254	0.00413
20	0.01077	0.03511	0.08291	0.14136	0.11344	0.02691	0.27929	0.06108	0.03214	0.01558	0.01096	0.05746	0.00900	0.00510	0.00485	0.00149	0.00607	0.00510	0.09528	0.00612
21	0.00634	0.00481	0.00584	0.00558	0.00684	0.00431	0.00419	0.00825	0.01256	0.01705	0.57472	0.03828	0.27333	0.01033	0.00556	0.00152	0.00227	0.00896	0.00495	0.00431
22	0.05571	0.09105	0.21625	0.01336	0.05239	0.05343	0.16086	0.07879	0.03531	0.01561	0.02414	0.05821	0.00893	0.00613	0.01987	0.00163	0.09476	0.00463	0.00268	0.00625
23	0.00686	0.00457	0.00514	0.00514	0.00514	0.00457	0.00286	0.00686	0.00686	0.00914	0.01486	0.03086	0.01714	0.83430	0.02400	0.00457	0.00457	0.00686	0.00286	0.00286
24	0.02897	0.15392	0.14773	0.04145	0.11090	0.15972	0.04944	0.07972	0.05196	0.01517	0.03488	0.01155	0.00845	0.01822	0.00489	0.02078	0.00595	0.00382	0.01563	0.03685
25	0.01783	0.00987	0.01167	0.00918	0.01254	0.01004	0.00750	0.32075	0.07544	0.36968	0.05449	0.03367	0.01252	0.00619	0.00477	0.00146	0.00429	0.00497	0.02553	0.00762
26	0.56311	0.14377	0.02371	0.00803	0.03874	0.07992	0.00653	0.02976	0.00928	0.03429	0.00725	0.00833	0.00577	0.00443	0.00321	0.00136	0.00441	0.00278	0.01982	0.00550
27	0.40404	0.09223	0.15663	0.02444	0.05468	0.02234	0.05780	0.03197	0.00974	0.06192	0.02369	0.01052	0.02298	0.00470	0.00376	0.00143	0.00487	0.00345	0.00285	0.00594
28	0.04156	0.01131	0.01489	0.40227	0.16362	0.13315	0.03356	0.01366	0.01897	0.01298	0.00827	0.01158	0.00664	0.00560	0.02208	0.00165	0.08624	0.00402	0.00226	0.00569
29	0.02621	0.06815	0.08581	0.23217	0.05347	0.20059	0.01052	0.06524	0.05746	0.01416	0.01042	0.03942	0.02988	0.00546	0.00495	0.00142	0.04337	0.00419	0.00268	0.04441
30	0.00678	0.00483	0.00631	0.00703	0.00771	0.00469	0.00538	0.00811	0.00974	0.01282	0.07478	0.25760	0.06985	0.17318	0.00967	0.00249	0.00371	0.32730	0.00412	0.00390
31	0.04370	0.00873	0.01025	0.00845	0.01130	0.02420	0.02625	0.15066	0.12090	0.28943	0.05559	0.03558	0.08017	0.00681	0.00475	0.00148	0.00395	0.02783	0.08323	0.00673
32	0.00583	0.00450	0.00534	0.00585	0.00679	0.00401	0.00419	0.00698	0.01017	0.01296	0.09521	0.40061	0.35978	0.01309	0.00582	0.00176	0.00262	0.04608	0.00444	0.00396
33	0.01048	0.00989	0.01008	0.04941	0.04036	0.15505	0.02042	0.04120	0.10210	0.03063	0.09698	0.07422	0.11742	0.00891	0.00579	0.00166	0.04142	0.17484	0.00386	0.00527
34	0.00676	0.00490	0.00599	0.00566	0.00699	0.00438	0.00426	0.00867	0.01259	0.03910	0.55988	0.03766	0.26537	0.01021	0.00554	0.00151	0.00232	0.00884	0.00497	0.00441
35	0.01150	0.03949	0.04792	0.02570	0.04237	0.02218	0.04077	0.26737	0.07294	0.01903	0.04604	0.17721	0.09392	0.03034	0.00587	0.00166	0.02514	0.02050	0.00402	0.00605
36	0.00574	0.00410	0.00547	0.00657	0.00684	0.00383	0.00438	0.00657	0.00903	0.01204	0.02599	0.83122	0.03119	0.01477	0.00602	0.00191	0.00274	0.01340	0.00438	0.00383
37	0.33358	0.01108	0.01066	0.00867	0.01198	0.02766	0.00707	0.34100	0.09242	0.02388	0.01021	0.02041	0.00773	0.00519	0.00397	0.00140	0.00438	0.00370	0.00386	0.07116
38	0.03560	0.00960	0.01063	0.00939	0.07842	0.07422	0.00671	0.04646	0.01109	0.05531	0.07201	0.03613	0.01084	0.00471	0.00399	0.00099	0.00407	0.00385	0.00320	0.52280
39	0.03263	0.28462	0.34183	0.01178	0.04424	0.16166	0.01226	0.03604	0.01077	0.01363	0.00768	0.00896	0.00610	0.00443	0.00395	0.00128	0.00646	0.00312	0.00219	0.00640
40	0.00685	0.00459	0.00521	0.00521	0.00524	0.00461	0.00295	0.00690	0.00688	0.00919	0.01479	0.03050	0.01699	0.81098	0.04710	0.00466	0.00481	0.00680	0.00285	0.00290
41	0.00978	0.00838	0.00978	0.00698	0.01117	0.00629	0.00559	0.01187	0.00978	0.01536	0.00838	0.00978	0.00698	0.00349	0.00349	0.00070	0.00349	0.00279	0.00279	0.86312
42	0.01146	0.01243	0.01048	0.03295	0.07686	0.31980	0.00762	0.02574	0.02489	0.01240	0.01492	0.29868	0.01602	0.03948	0.04284	0.00194	0.02883	0.01450	0.00320	0.00496
43	0.01031	0.04486	0.70557	0.01329	0.01988	0.01096	0.05155	0.01540	0.01021	0.06203	0.00906	0.01038	0.00637	0.00453	0.00451	0.00148	0.00678	0.00363	0.00224	0.00698
44	0.01153	0.01121	0.01843	0.11506	0.69863	0.03353	0.01417	0.01433	0.01067	0.01493	0.00877	0.01168	0.00730	0.00428	0.00466	0.00141	0.00576	0.00417	0.00231	0.00717
45	0.00978	0.00838	0.00978	0.00698	0.01117	0.00629	0.00559	0.01187	0.00978	0.01536	0.00838	0.00978	0.00698	0.00349	0.00349	0.00070	0.00349	0.00279	0.00279	0.86312
46	0.01076	0.00846	0.01124	0.01343	0.23756	0.03923	0.00809	0.07731	0.04063	0.08835	0.22793	0.07483	0.11741	0.01716	0.00532	0.00152	0.00398	0.00672	0.00409	0.00597
47	0.00580	0.00431	0.00542	0.00624	0.00685	0.00394	0.00432	0.00679	0.00958	0.01245	0.05140	0.61283	0.19770	0.01396	0.00593	0.00184	0.00270	0.03965	0.00440	0.00390
48	0.00918	0.00844	0.03495	0.21598	0.21283	0.00856	0.02383	0.04662	0.02449	0.01447	0.11064	0.03930	0.07214	0.11927	0.02314	0.00205	0.00506	0.02054	0.00308	0.00545
49	0.00620	0.00474	0.00568	0.00557	0.00678	0.00423	0.00413	0.00793	0.01205	0.01610	0.46499	0.10630	0.31639	0.01090	0.00560	0.00156	0.00233	0.00945	0.00483	0.00423
50	0.01484	0.01332	0.07582	0.03362	0.01439	0.09116	0.02306	0.47481	0.01763	0.02332	0.05473	0.03415	0.02526	0.00738	0.04289	0.00171	0.00571	0.00470	0.03461	0.00689
51	0.00978	0.00838	0.00978	0.00698	0.01117	0.00629	0.00559	0.01187	0.00978	0.01536	0.00838	0.00978	0.00698	0.00349	0.00349	0.00070	0.00349	0.00279	0.00279	0.86312
52	0.01030	0.00897	0.02491	0.08800	0.01304	0.04756	0.01970	0.06890	0.08326	0.04334	0.08848	0.06844	0.07975	0.02164	0.00486	0.00130	0.00408	0.00528	0.00357	0.31462
53	0.00623	0.00471	0.00561	0.00554	0.00663	0.00424	0.00401	0.00778	0.01148	0.01531	0.40566	0.11789	0.29064	0.08455	0.00726	0.00184	0.00254	0.00934	0.00463	0.00409
54	0.03145	0.02623	0.05680	0.06184	0.02912	0.16652	0.07681	0.11143	0.08758	0.02452	0.08667	0.03013	0.05947	0.00600	0.00490	0.00139	0.02602	0.00490	0.02656	0.08164
55	0.01032	0.01032	0.01444	0.01238	0.01238	0.01444	0.01032	0.01135	0.00722	0.01135	0.00619	0.01032	0.00619	0.00825	0.01547	0.00206	0.82567	0.00413	0.00206	0.00516
56	0.01011	0.00922	0.03116	0.00942	0.06255	0.02233	0.03124	0.01253	0.03118	0.03283	0.01993	0.01310	0.05919	0.00480	0.00493	0.00104	0.07567	0.00378	0.02010	0.54489
57	0.00819	0.00410	0.00614	0.00614	0.00614	0.00410	0.00410	0.00614	0.00614	0.00819	0.00819	0.01433	0.00819	0.01638	0.01843	0.86282	0.00410	0.00410	0.00205	0.00205
58	0.00702	0.00465	0.00562	0.00550	0.00658	0.00434	0.00408	0.00903	0.01188	0.01744	0.47247	0.09894	0.10384	0.00925	0.00504	0.00143	0.00228	0.00804	0.21824	0.00434
59	0.04517	0.08249	0.01413	0.01116	0.01402	0.50586	0.04376	0.06002	0.02730	0.09522	0.00914	0.01032	0.00724	0.02705	0.00476	0.00134	0.00708	0.00347	0.00295	0.02752

[dist]
# distance from previous block
# <min> <max>
1	4

[block]
# block no. 1 follows, 54 sequences, length 42
# corresponding to MSA columns:
# 117-125,129,130,140-170
name=unknown_B
#
# <colnr> <probs for GDERKNQSTAVLIFYWHMCP>
#	G	D	E	R	K	N	Q	S	T	A	V	L	I	F	Y	W	H	M	C	P
0	0.49980	0.01229	0.00963	0.00826	0.01124	0.15956	0.00664	0.17325	0.01206	0.03980	0.00814	0.00896	0.00618	0.00479	0.00358	0.00140	0.00484	0.00308	0.02068	0.00582
1	0.00989	0.03723	0.53288	0.03891	0.03641	0.01081	0.17102	0.01453	0.01027	0.02879	0.02469	0.04509	0.00813	0.00492	0.00477	0.00152	0.00676	0.00445	0.00231	0.00662
2	0.00599	0.00479	0.00536	0.00522	0.00663	0.00416	0.00391	0.00758	0.01174	0.01509	0.33583	0.04150	0.51343	0.01106	0.00557	0.00155	0.00233	0.00941	0.00469	0.00416
3	0.00977	0.01069	0.11130	0.01000	0.04961	0.05094	0.02817	0.01648	0.30419	0.01763	0.25962	0.04336	0.05362	0.00735	0.00504	0.00153	0.00405	0.00631	0.00423	0.00610
4	0.20510	0.02926	0.01262	0.01018	0.02950	0.06495	0.04600	0.35044	0.06003	0.09102	0.01151	0.04889	0.00889	0.00565	0.00436	0.00145	0.00491	0.00434	0.00403	0.00685
5	0.02045	0.00785	0.01066	0.00823	0.01170	0.00681	0.00673	0.02219	0.01317	0.76889	0.01842	0.01678	0.01194	0.04654	0.00569	0.00161	0.00404	0.00485	0.00569	0.00777
6	0.00978	0.00838	0.00978	0.00698	0.01117	0.00629	0.00559	0.01187	0.00978	0.01536	0.00838	0.00978	0.00698	0.00349	0.00349	0.00070	0.00349	0.00279	0.00279	0.86312
7	0.86760	0.00912	0.00693	0.00620	0.00912	0.01058	0.00511	0.01386	0.00802	0.02115	0.00657	0.00766	0.00511	0.00438	0.00292	0.00146	0.00365	0.00255	0.00292	0.00511
8	0.00573	0.00417	0.00540	0.00639	0.00679	0.00384	0.00430	0.00659	0.00920	0.01211	0.02816	0.75271	0.10829	0.01449	0.00597	0.00188	0.00270	0.01306	0.00438	0.00384
9	0.00591	0.00433	0.00558	0.00637	0.00694	0.00399	0.00444	0.00700	0.00980	0.01299	0.11564	0.61054	0.12633	0.01377	0.00594	0.00184	0.00271	0.04747	0.00447	0.00394
10	0.01725	0.02181	0.01360	0.01277	0.04375	0.76939	0.00933	0.01851	0.01314	0.01168	0.00732	0.00866	0.00613	0.00490	0.00449	0.00124	0.02497	0.00310	0.00242	0.00553
11	0.00682	0.00470	0.00581	0.00581	0.00604	0.00493	0.00369	0.00728	0.00705	0.00964	0.01425	0.02749	0.01568	0.61597	0.24033	0.00539	0.00677	0.00636	0.00277	0.00323
12	0.01299	0.01075	0.01137	0.00985	0.01274	0.01232	0.00777	0.18015	0.63922	0.02175	0.01759	0.01632	0.01310	0.00625	0.00478	0.00156	0.00403	0.00511	0.00478	0.00758
13	0.00843	0.00720	0.00928	0.02413	0.01030	0.05053	0.08146	0.01052	0.01193	0.04240	0.36453	0.06399	0.16321	0.00838	0.00518	0.00141	0.00350	0.00740	0.00422	0.12201
14	0.01054	0.01071	0.01413	0.01219	0.01234	0.05347	0.01009	0.01160	0.00754	0.01134	0.00649	0.01054	0.00640	0.00911	0.04525	0.00223	0.75470	0.00411	0.00210	0.00514
15	0.01735	0.01254	0.01357	0.01054	0.01411	0.01379	0.00865	0.72230	0.02117	0.05254	0.01236	0.05697	0.00942	0.00617	0.00479	0.00144	0.00502	0.00477	0.00473	0.00779
16	0.01249	0.80708	0.05374	0.00827	0.01241	0.01837	0.00841	0.01415	0.00959	0.01124	0.00663	0.00765	0.00605	0.00405	0.00308	0.00103	0.00511	0.00256	0.00202	0.00608
17	0.00574	0.00410	0.00547	0.00657	0.00684	0.00383	0.00438	0.00657	0.00903	0.01204	0.02599	0.83122	0.03119	0.01477	0.00602	0.00191	0.00274	0.01340	0.00438	0.00383
18	0.86760	0.00912	0.00693	0.00620	0.00912	0.01058	0.00511	0.01386	0.00802	0.02115	0.00657	0.00766	0.00511	0.00438	0.00292	0.00146	0.00365	0.00255	0.00292	0.00511
19	0.00903	0.00862	0.01490	0.77839	0.03204	0.01056	0.05609	0.01222	0.00952	0.01222	0.00844	0.01258	0.00633	0.00467	0.00476	0.00157	0.00638	0.00427	0.00211	0.00530
20	0.00660	0.00482	0.00621	0.00586	0.00700	0.00442	0.00439	0.00876	0.01318	0.01851	0.75420	0.03587	0.09293	0.00979	0.00556	0.00149	0.00223	0.00862	0.00514	0.00442
21	0.00678	0.00480	0.00621	0.00586	0.00697	0.00445	0.00439	0.00900	0.01318	0.01884	0.76373	0.03435	0.04290	0.00944	0.00545	0.00146	0.00222	0.00832	0.04721	0.00445
22	0.01108	0.01258	0.02707	0.01945	0.02395	0.01207	0.74412	0.01489	0.01091	0.01489	0.00935	0.01258	0.00710	0.00421	0.00612	0.00162	0.05385	0.00548	0.00237	0.00629
23	0.01861	0.00746	0.01013	0.00796	0.01116	0.00649	0.00649	0.02050	0.01347	0.66937	0.15643	0.01942	0.01744	0.00650	0.00489	0.00146	0.00370	0.00541	0.00572	0.00740
24	0.00571	0.00478	0.00497	0.00492	0.00646	0.00404	0.00369	0.00704	0.01108	0.01353	0.14461	0.04407	0.70563	0.01165	0.00557	0.00158	0.00237	0.00977	0.00448	0.00404
25	0.02609	0.00535	0.00567	0.04283	0.00798	0.00486	0.00430	0.02436	0.02876	0.01373	0.08172	0.04113	0.67470	0.01106	0.00544	0.00158	0.00268	0.00922	0.00430	0.00425
26	0.00940	0.00865	0.01414	0.77789	0.03148	0.01071	0.01287	0.05518	0.01014	0.01303	0.00854	0.01250	0.00638	0.00477	0.00471	0.00156	0.00622	0.00419	0.00224	0.00539
27	0.00946	0.02439	0.80987	0.01344	0.02041	0.01095	0.01742	0.01493	0.00995	0.01493	0.00846	0.00995	0.00597	0.00448	0.00448	0.00149	0.00697	0.00348	0.00199	0.00697
28	0.00687	0.00463	0.00538	0.00542	0.00551	0.00469	0.00321	0.00706	0.00704	0.00942	0.01505	0.03080	0.01713	0.75501	0.07488	0.00469	0.00509	0.03225	0.00288	0.00299
29	0.01152	0.01798	0.39854	0.01411	0.01952	0.01161	0.21064	0.17813	0.01302	0.01832	0.05340	0.01235	0.00884	0.00489	0.00487	0.00150	0.00658	0.00445	0.00284	0.00690
30	0.00964	0.00898	0.01504	0.36031	0.36297	0.00982	0.01242	0.01230	0.00994	0.01350	0.01116	0.13158	0.01043	0.00596	0.00488	0.00155	0.00547	0.00554	0.00253	0.00600
31	0.01366	0.05130	0.01252	0.10792	0.03143	0.25643	0.00843	0.10273	0.13515	0.05700	0.01136	0.01440	0.00952	0.12277	0.00772	0.00186	0.04238	0.00435	0.00322	0.00586
32	0.00998	0.00821	0.01084	0.00806	0.01181	0.00652	0.07054	0.01218	0.01033	0.05357	0.07081	0.04788	0.01155	0.00480	0.00405	0.00095	0.00378	0.02069	0.00319	0.63026
33	0.01006	0.00850	0.00988	0.00715	0.01123	0.00661	0.00571	0.04759	0.01033	0.01595	0.00893	0.02899	0.00760	0.00385	0.00361	0.00076	0.00355	0.00311	0.00292	0.80367
34	0.01144	0.01158	0.05440	0.03999	0.05700	0.08928	0.20448	0.04419	0.01124	0.04841	0.03415	0.04976	0.00951	0.00482	0.00452	0.00123	0.00547	0.00451	0.02513	0.28890
35	0.00639	0.00466	0.00572	0.00619	0.00682	0.00445	0.00424	0.00781	0.04564	0.01267	0.10690	0.42104	0.14253	0.14602	0.00915	0.02829	0.00306	0.03035	0.00416	0.00389
36	0.00888	0.02668	0.00812	0.00752	0.01888	0.06050	0.01913	0.04478	0.04827	0.05753	0.12975	0.28150	0.14794	0.04827	0.02451	0.02415	0.00377	0.00872	0.00414	0.02695
37	0.15742	0.05930	0.27780	0.01144	0.05558	0.10941	0.01100	0.09991	0.04852	0.05389	0.02805	0.01164	0.00817	0.00503	0.00422	0.00141	0.00569	0.01989	0.00297	0.02867
38	0.07347	0.20803	0.11746	0.01080	0.03281	0.11504	0.05067	0.14039	0.06590	0.02910	0.03662	0.02905	0.02302	0.00572	0.01352	0.00144	0.03352	0.00406	0.00305	0.00633
39	0.12475	0.05600	0.13267	0.00955	0.01297	0.06404	0.05478	0.13286	0.02687	0.09301	0.06417	0.01815	0.12243	0.00749	0.03470	0.00169	0.01561	0.01857	0.00360	0.00606
40	0.03072	0.13349	0.04108	0.01005	0.01348	0.09721	0.06628	0.25612	0.07250	0.01905	0.03045	0.02555	0.07031	0.00582	0.00445	0.00133	0.00513	0.01810	0.01522	0.08364
41	0.04828	0.01071	0.03269	0.01174	0.12520	0.06724	0.02466	0.14022	0.06749	0.08072	0.02971	0.04841	0.02471	0.00562	0.00443	0.00129	0.00460	0.03002	0.02197	0.22031

[dist]
# distance from previous block
# <min> <max>
2	215

[block]
# block no. 2 follows, 54 sequences, length 48
# corresponding to MSA columns:
# 408-455
name=unknown_C
#
# <colnr> <probs for GDERKNQSTAVLIFYWHMCP>
#	G	D	E	R	K	N	Q	S	T	A	V	L	I	F	Y	W	H	M	C	P
0	0.11268	0.00918	0.01095	0.06145	0.03314	0.04775	0.05761	0.10888	0.06951	0.05203	0.05603	0.11353	0.03370	0.04026	0.02632	0.00172	0.02126	0.01699	0.00359	0.12342
1	0.05316	0.03708	0.01811	0.03421	0.03361	0.07778	0.33812	0.03082	0.05460	0.01548	0.10005	0.01729	0.05637	0.00587	0.00584	0.00154	0.06544	0.02517	0.00304	0.02641
2	0.03099	0.04874	0.11254	0.02713	0.01424	0.07944	0.02634	0.29265	0.11023	0.05691	0.04106	0.01305	0.00997	0.00620	0.02534	0.00154	0.00535	0.00425	0.04929	0.04474
3	0.03081	0.01605	0.01931	0.00829	0.01053	0.00822	0.03284	0.20433	0.07499	0.03288	0.13667	0.18503	0.08134	0.03646	0.00580	0.00166	0.00381	0.04576	0.00433	0.06090
4	0.01131	0.08368	0.10095	0.00905	0.01198	0.02334	0.02803	0.12278	0.06206	0.10135	0.07956	0.08838	0.09488	0.00824	0.00509	0.00158	0.00441	0.13598	0.00407	0.02327
5	0.00720	0.00478	0.00551	0.00540	0.00583	0.00459	0.00330	0.00759	0.00796	0.03533	0.06381	0.08242	0.07997	0.62223	0.01920	0.00379	0.00410	0.00744	0.00330	0.02624
6	0.00997	0.00835	0.00972	0.00717	0.01084	0.00680	0.00565	0.05440	0.01013	0.01549	0.00908	0.01180	0.00795	0.07958	0.00574	0.00113	0.02469	0.00328	0.00289	0.71536
7	0.06354	0.05663	0.55043	0.01247	0.01824	0.09346	0.03522	0.05909	0.01102	0.04527	0.00871	0.00994	0.00629	0.00460	0.00435	0.00144	0.00666	0.00349	0.00240	0.00674
8	0.00574	0.00410	0.00547	0.00657	0.00684	0.00383	0.00438	0.00657	0.00903	0.01204	0.02599	0.83122	0.03119	0.01477	0.00602	0.00191	0.00274	0.01340	0.00438	0.00383
9	0.02960	0.05395	0.01350	0.05267	0.05780	0.39767	0.02425	0.13338	0.01378	0.07330	0.03456	0.03246	0.02798	0.00553	0.00444	0.00132	0.00650	0.00411	0.02715	0.00604
10	0.03416	0.08495	0.15414	0.01281	0.09686	0.25255	0.01045	0.10539	0.13384	0.01611	0.01116	0.03252	0.02415	0.00537	0.00441	0.00138	0.00614	0.00408	0.00304	0.00651
11	0.00604	0.00433	0.00576	0.00675	0.00717	0.00411	0.00474	0.00703	0.00919	0.01218	0.02575	0.65984	0.05297	0.04536	0.02845	0.00219	0.00326	0.10677	0.00427	0.00387
12	0.01525	0.03310	0.01275	0.00996	0.01334	0.04457	0.00807	0.42233	0.23954	0.04515	0.01332	0.01303	0.00980	0.00562	0.00455	0.00139	0.00467	0.00436	0.02331	0.07588
13	0.00999	0.00929	0.00838	0.00810	0.00979	0.15367	0.00608	0.03720	0.17213	0.03462	0.06545	0.23788	0.17170	0.00985	0.00529	0.00162	0.00408	0.04550	0.00420	0.00519
14	0.01239	0.30803	0.38984	0.01085	0.01620	0.01361	0.01242	0.08286	0.01122	0.08860	0.00898	0.00980	0.00671	0.00455	0.00401	0.00131	0.00586	0.00333	0.00260	0.00683
15	0.00981	0.06501	0.67873	0.01391	0.02047	0.01146	0.10616	0.01491	0.01007	0.01475	0.00849	0.01015	0.00611	0.00440	0.00453	0.00148	0.00698	0.00368	0.00204	0.00685
16	0.00574	0.00410	0.00547	0.00657	0.00684	0.00383	0.00438	0.00657	0.00903	0.01204	0.02599	0.83122	0.03119	0.01477	0.00602	0.00191	0.00274	0.01340	0.00438	0.00383
17	0.01063	0.01205	0.10172	0.07629	0.33723	0.01058	0.22669	0.03443	0.01101	0.01538	0.04767	0.05970	0.01059	0.00525	0.00505	0.00152	0.00608	0.01893	0.00264	0.00657
18	0.00948	0.01227	0.21382	0.20483	0.16084	0.00941	0.05297	0.01236	0.00938	0.03062	0.01046	0.04207	0.00939	0.15369	0.00875	0.02024	0.02645	0.00488	0.00242	0.00565
19	0.00572	0.00421	0.00536	0.00627	0.00676	0.00385	0.00425	0.00660	0.00931	0.01215	0.02958	0.70170	0.15839	0.01431	0.00594	0.00186	0.00268	0.01283	0.00438	0.00385
20	0.07442	0.16369	0.01303	0.00925	0.01173	0.27910	0.00742	0.11038	0.01226	0.03168	0.01300	0.11610	0.04906	0.00779	0.02452	0.02756	0.00580	0.03459	0.00315	0.00546
21	0.02861	0.07939	0.43706	0.01316	0.03827	0.12526	0.07183	0.08319	0.03033	0.03691	0.00899	0.01025	0.00663	0.00464	0.00443	0.00142	0.00671	0.00365	0.00252	0.00675
22	0.01468	0.33497	0.07364	0.01015	0.01357	0.33470	0.00898	0.08858	0.01231	0.01362	0.00788	0.00897	0.00655	0.00462	0.00379	0.00117	0.00643	0.00305	0.04635	0.00598
23	0.01076	0.11649	0.20460	0.00976	0.01402	0.01042	0.04209	0.09774	0.09600	0.01694	0.08269	0.02814	0.02746	0.00529	0.00430	0.00125	0.00477	0.00432	0.00319	0.21977
24	0.03380	0.59613	0.17139	0.00999	0.01461	0.01645	0.07382	0.01435	0.00974	0.01240	0.00716	0.00844	0.00610	0.00412	0.00350	0.00116	0.00561	0.00295	0.00207	0.00622
25	0.00839	0.00693	0.01017	0.31581	0.06163	0.02351	0.00853	0.02691	0.00941	0.02641	0.01465	0.21915	0.01492	0.08938	0.09958	0.00260	0.00575	0.02238	0.02917	0.00474
26	0.00786	0.00729	0.01339	0.05098	0.01401	0.00698	0.26498	0.00987	0.00977	0.01305	0.02868	0.39799	0.03972	0.06851	0.00708	0.00198	0.00483	0.04481	0.00350	0.00470
27	0.01230	0.46469	0.18129	0.01032	0.01471	0.07715	0.06760	0.03628	0.01054	0.03416	0.00913	0.02695	0.02726	0.00470	0.00382	0.00122	0.00578	0.00351	0.00236	0.00622
28	0.01088	0.18236	0.43312	0.01333	0.09321	0.03978	0.02897	0.04391	0.04328	0.01505	0.04703	0.01124	0.00845	0.00474	0.00430	0.00138	0.00610	0.00374	0.00242	0.00671
29	0.00717	0.00467	0.00544	0.00543	0.00566	0.00459	0.00325	0.00745	0.00763	0.03409	0.05455	0.09036	0.03656	0.67431	0.03650	0.00412	0.00442	0.00739	0.00320	0.00321
30	0.00581	0.00451	0.00529	0.00568	0.00666	0.00399	0.00404	0.00701	0.01045	0.01341	0.15556	0.36137	0.37390	0.01273	0.00575	0.00171	0.00250	0.01113	0.00450	0.00399
31	0.01147	0.14946	0.44394	0.01142	0.01655	0.05463	0.02665	0.05518	0.01094	0.07949	0.01078	0.08928	0.00901	0.00558	0.00444	0.00144	0.00602	0.00444	0.00271	0.00657
32	0.03816	0.03465	0.28851	0.01653	0.21584	0.13475	0.04708	0.08731	0.04498	0.01630	0.02655	0.01117	0.00779	0.00474	0.00452	0.00142	0.00636	0.00390	0.00263	0.00682
33	0.00846	0.02414	0.00925	0.04793	0.01045	0.07147	0.00687	0.02340	0.02870	0.01267	0.03834	0.36939	0.06729	0.01136	0.01751	0.00190	0.17975	0.06295	0.00358	0.00458
34	0.07900	0.01066	0.01223	0.00970	0.03212	0.04004	0.04819	0.20749	0.05612	0.01929	0.00950	0.01061	0.00745	0.00459	0.00457	0.00114	0.04416	0.00353	0.00331	0.39632
35	0.01081	0.03677	0.08315	0.01269	0.05182	0.04810	0.25266	0.05676	0.01175	0.05394	0.13780	0.01854	0.05790	0.05606	0.00612	0.00161	0.00546	0.00556	0.02534	0.06717
36	0.00675	0.00523	0.00640	0.00686	0.03696	0.00485	0.00476	0.04497	0.01144	0.01505	0.23263	0.27988	0.29371	0.01164	0.00564	0.00165	0.00273	0.01993	0.00453	0.00438
37	0.01047	0.01036	0.04133	0.08073	0.37194	0.00997	0.14975	0.05710	0.01131	0.01567	0.06393	0.10669	0.03739	0.00608	0.00507	0.00152	0.00545	0.00592	0.00293	0.00640
38	0.01258	0.22151	0.24961	0.03533	0.03702	0.10848	0.11243	0.05280	0.01106	0.05859	0.00858	0.01009	0.00663	0.00469	0.00488	0.00138	0.05178	0.00364	0.00246	0.00646
39	0.00745	0.00645	0.00993	0.00872	0.01052	0.00593	0.14342	0.03265	0.01058	0.01388	0.06368	0.29313	0.22542	0.03382	0.00618	0.00177	0.00384	0.07264	0.00395	0.04603
40	0.01519	0.17553	0.02979	0.03059	0.01466	0.45123	0.05410	0.04592	0.03908	0.03763	0.00913	0.04913	0.00788	0.00527	0.00438	0.00128	0.01690	0.00381	0.00269	0.00581
41	0.01195	0.07179	0.06986	0.13236	0.18146	0.03000	0.00997	0.05079	0.07992	0.12874	0.02172	0.12864	0.01245	0.00652	0.00474	0.00150	0.00487	0.01893	0.02742	0.00637
42	0.01319	0.06608	0.20880	0.04689	0.02858	0.03506	0.04757	0.10492	0.09404	0.17211	0.03242	0.04981	0.01139	0.00612	0.00497	0.00152	0.02190	0.04416	0.00369	0.00678
43	0.00716	0.00540	0.00653	0.00699	0.02692	0.00521	0.00490	0.00978	0.10179	0.03428	0.12242	0.34104	0.21956	0.05155	0.00653	0.00186	0.00295	0.03615	0.00444	0.00453
44	0.01199	0.48067	0.23852	0.00989	0.01441	0.07614	0.01057	0.04329	0.01041	0.01292	0.00825	0.04825	0.00732	0.00480	0.00373	0.00122	0.00573	0.00342	0.00226	0.00622
45	0.02350	0.30838	0.22415	0.01155	0.05332	0.04573	0.04892	0.10330	0.01158	0.05320	0.02750	0.01042	0.00765	0.00476	0.00442	0.00131	0.03364	0.00355	0.01655	0.00656
46	0.00973	0.00662	0.03312	0.00867	0.04766	0.00608	0.00645	0.01260	0.09271	0.14521	0.08161	0.33837	0.02359	0.01151	0.03577	0.00196	0.00383	0.10269	0.02651	0.00531
47	0.00653	0.00493	0.00568	0.00592	0.00725	0.00440	0.00460	0.00790	0.01060	0.03340	0.06685	0.11167	0.48360	0.05193	0.00668	0.00188	0.00298	0.17471	0.00436	0.00411

[dist]
# distance from previous block
# <min> <max>
0	1

[block]
# block no. 3 follows, 54 sequences, length 6
# corresponding to MSA columns:
# 457-462
name=unknown_D
#
# <colnr> <probs for GDERKNQSTAVLIFYWHMCP>
#	G	D	E	R	K	N	Q	S	T	A	V	L	I	F	Y	W	H	M	C	P
0	0.03275	0.05793	0.07383	0.04326	0.09587	0.03652	0.15954	0.21129	0.01273	0.01731	0.01003	0.04287	0.00838	0.00803	0.04412	0.10980	0.02208	0.00463	0.00296	0.00607
1	0.00761	0.00653	0.00692	0.00629	0.00810	0.05148	0.00475	0.00982	0.04233	0.01587	0.35074	0.06995	0.25403	0.00922	0.00517	0.00141	0.00291	0.00786	0.00438	0.13465
2	0.00989	0.05717	0.50932	0.01428	0.07546	0.01162	0.05912	0.01406	0.00969	0.01421	0.00898	0.01243	0.00728	0.00543	0.00626	0.00159	0.13083	0.04370	0.00217	0.00652
3	0.01143	0.05629	0.16229	0.04175	0.20937	0.05406	0.03306	0.10213	0.04494	0.01623	0.01121	0.01283	0.04424	0.00628	0.04301	0.00160	0.00581	0.00410	0.00280	0.13656
4	0.00748	0.00592	0.00791	0.00747	0.00885	0.00579	0.06160	0.01021	0.12762	0.01346	0.06532	0.22436	0.24721	0.01183	0.00755	0.13227	0.00342	0.04337	0.00398	0.00439
5	0.01905	0.00869	0.01114	0.00846	0.01221	0.00773	0.00696	0.11100	0.01395	0.59681	0.01620	0.01454	0.01053	0.00546	0.00455	0.00134	0.00407	0.00439	0.00524	0.13767

[dist]
# distance from previous block
# <min> <max>
0	12

[block]
# block no. 4 follows, 54 sequences, length 11
# corresponding to MSA columns:
# 475-485
name=unknown_E
#
# <colnr> <probs for GDERKNQSTAVLIFYWHMCP>
#	G	D	E	R	K	N	Q	S	T	A	V	L	I	F	Y	W	H	M	C	P
0	0.01049	0.08546	0.24600	0.10547	0.11859	0.05963	0.10629	0.01480	0.07582	0.01479	0.06674	0.01430	0.03844	0.00520	0.00465	0.00145	0.00593	0.00455	0.01509	0.00631
1	0.03467	0.10054	0.32153	0.01026	0.01467	0.03902	0.01090	0.08724	0.04350	0.14663	0.01193	0.03211	0.02391	0.00617	0.00542	0.06585	0.00540	0.00414	0.02959	0.00648
2	0.01729	0.02180	0.01321	0.01201	0.01445	0.77140	0.00902	0.01917	0.05620	0.01199	0.00794	0.00900	0.00653	0.00494	0.00428	0.00124	0.00824	0.00316	0.00256	0.00558
3	0.00674	0.00552	0.04374	0.00679	0.00785	0.00453	0.00524	0.00807	0.00987	0.04188	0.06715	0.47359	0.16430	0.04155	0.00648	0.00192	0.00313	0.09313	0.00430	0.00421
4	0.05608	0.03660	0.08675	0.03132	0.02646	0.04261	0.00889	0.30716	0.08247	0.20916	0.02483	0.04422	0.01033	0.00587	0.00462	0.00145	0.00490	0.00462	0.00437	0.00729
5	0.01094	0.01036	0.01785	0.08827	0.60253	0.01045	0.06590	0.01378	0.01082	0.01546	0.06846	0.01379	0.01029	0.00468	0.00475	0.00142	0.00544	0.00462	0.03331	0.00688
6	0.07447	0.01859	0.43899	0.04482	0.11168	0.03416	0.18132	0.01484	0.01023	0.01529	0.00856	0.01063	0.00635	0.00435	0.00462	0.00150	0.00679	0.00396	0.00220	0.00665
7	0.02787	0.06815	0.17554	0.02942	0.03570	0.02583	0.17181	0.08509	0.06434	0.01619	0.00979	0.01164	0.00765	0.00669	0.06509	0.00176	0.00628	0.00403	0.00276	0.18437
8	0.00964	0.01269	0.22562	0.06477	0.05520	0.00961	0.09031	0.05131	0.04431	0.02739	0.03344	0.14922	0.01325	0.00819	0.03112	0.00183	0.08986	0.04732	0.00302	0.03190
9	0.00636	0.00473	0.00600	0.00678	0.00742	0.00457	0.00478	0.00831	0.06839	0.01318	0.06974	0.62279	0.08069	0.01356	0.00591	0.00186	0.00287	0.06343	0.00445	0.00418
10	0.01084	0.14066	0.26563	0.07382	0.07724	0.06052	0.09292	0.04646	0.04152	0.01529	0.09796	0.01350	0.01114	0.00511	0.00450	0.00140	0.00586	0.00433	0.02501	0.00629

[dist]
# distance from previous block
# <min> <max>
0	3

[block]
# block no. 5 follows, 54 sequences, length 17
# corresponding to MSA columns:
# 489-505
name=unknown_F
#
# <colnr> <probs for GDERKNQSTAVLIFYWHMCP>
#	G	D	E	R	K	N	Q	S	T	A	V	L	I	F	Y	W	H	M	C	P
0	0.03312	0.06166	0.33874	0.01369	0.06317	0.06041	0.12326	0.03248	0.15727	0.05425	0.01096	0.01192	0.00810	0.00483	0.00459	0.00147	0.00615	0.00414	0.00288	0.00689
1	0.00627	0.00472	0.00683	0.03139	0.00857	0.00455	0.03359	0.00747	0.00938	0.01253	0.05002	0.65515	0.02907	0.01435	0.02978	0.00207	0.00345	0.08255	0.00421	0.00404
2	0.01079	0.01193	0.07736	0.17035	0.37619	0.01143	0.18972	0.01399	0.01029	0.01442	0.00872	0.01186	0.00699	0.00453	0.00559	0.00153	0.06099	0.00445	0.00226	0.00662
3	0.04776	0.04219	0.16264	0.07300	0.07137	0.07020	0.04245	0.16724	0.10169	0.10007	0.02001	0.04067	0.00946	0.00616	0.02302	0.00160	0.00569	0.00449	0.00348	0.00680
4	0.04444	0.28722	0.19241	0.01279	0.11922	0.08931	0.02815	0.05656	0.02818	0.08722	0.00904	0.01003	0.00701	0.00454	0.00401	0.00129	0.00576	0.00343	0.00269	0.00667
5	0.00652	0.00471	0.00578	0.00584	0.00689	0.00433	0.00435	0.00823	0.01151	0.01579	0.39109	0.15191	0.19907	0.04272	0.00626	0.00171	0.00258	0.06477	0.06173	0.00419
6	0.07574	0.07303	0.13626	0.00963	0.01310	0.08447	0.02639	0.11209	0.05084	0.17402	0.02554	0.04690	0.08871	0.00657	0.00489	0.00149	0.02551	0.03463	0.00380	0.00639
7	0.01236	0.19412	0.29207	0.03520	0.07782	0.04988	0.04723	0.13175	0.05670	0.03348	0.00943	0.01078	0.00724	0.01671	0.00457	0.00141	0.00599	0.00372	0.00273	0.00681
8	0.00952	0.06333	0.01504	0.25284	0.29616	0.00983	0.03793	0.01200	0.00992	0.01330	0.01325	0.08856	0.05651	0.00831	0.06379	0.00196	0.00587	0.03344	0.00263	0.00581
9	0.02263	0.00618	0.00797	0.06146	0.01029	0.00614	0.02467	0.06155	0.03962	0.05667	0.19254	0.15932	0.20342	0.01114	0.03510	0.00188	0.00371	0.08650	0.00437	0.00486
10	0.02478	0.02549	0.27388	0.01362	0.09645	0.02354	0.08293	0.14200	0.07995	0.01746	0.03182	0.03843	0.06176	0.00594	0.00549	0.00153	0.06029	0.00488	0.00308	0.00664
11	0.01177	0.04567	0.21936	0.02860	0.01495	0.02263	0.03775	0.08231	0.30587	0.07099	0.03512	0.01636	0.06376	0.00604	0.00488	0.00152	0.01680	0.00493	0.00379	0.00691
12	0.00650	0.00456	0.00569	0.00581	0.00648	0.00428	0.00400	0.00749	0.01009	0.01363	0.29421	0.20529	0.12845	0.19402	0.01069	0.06490	0.00305	0.02298	0.00415	0.00373
13	0.01249	0.01082	0.08524	0.06090	0.10802	0.06266	0.00907	0.07065	0.15387	0.15185	0.08775	0.10809	0.01593	0.00708	0.00496	0.00155	0.00465	0.03387	0.00407	0.00649
14	0.01284	0.03715	0.17512	0.01328	0.11347	0.14382	0.08170	0.04034	0.03534	0.11883	0.04288	0.01474	0.05497	0.00552	0.00488	0.00142	0.02727	0.00455	0.06548	0.00638
15	0.00707	0.00527	0.00668	0.00724	0.00805	0.00533	0.00525	0.03393	0.09503	0.01401	0.07564	0.54528	0.02802	0.01428	0.05310	0.00219	0.00361	0.08119	0.00438	0.00447
16	0.18184	0.01082	0.07185	0.04231	0.30863	0.01036	0.03731	0.03998	0.01054	0.09576	0.05266	0.01311	0.00955	0.03454	0.00580	0.00160	0.05965	0.00425	0.00300	0.00645

[dist]
# distance from previous block
# <min> <max>
0	12

[block]
# block no. 6 follows, 54 sequences, length 38
# corresponding to MSA columns:
# 518-555
name=unknown_G
#
# <colnr> <probs for GDERKNQSTAVLIFYWHMCP>
#	G	D	E	R	K	N	Q	S	T	A	V	L	I	F	Y	W	H	M	C	P
0	0.01276	0.06019	0.08382	0.01101	0.03830	0.04423	0.11178	0.12774	0.05786	0.13754	0.01435	0.05837	0.01250	0.10648	0.00721	0.00189	0.00524	0.07438	0.02816	0.00617
1	0.01130	0.06534	0.14560	0.15069	0.15311	0.05120	0.06975	0.10043	0.05018	0.02753	0.01360	0.01512	0.09323	0.00557	0.00498	0.00147	0.02692	0.00471	0.00288	0.00637
2	0.00875	0.00768	0.00796	0.00772	0.00876	0.12132	0.00576	0.01069	0.05216	0.01158	0.01264	0.01881	0.01189	0.15237	0.45993	0.02681	0.00942	0.00500	0.05645	0.00431
3	0.03223	0.20721	0.43316	0.01182	0.01729	0.04753	0.04621	0.09880	0.01145	0.04049	0.00860	0.00975	0.00642	0.00454	0.00418	0.00136	0.00627	0.00343	0.00247	0.00677
4	0.03859	0.01483	0.17558	0.13433	0.05022	0.15188	0.12496	0.08268	0.01167	0.02925	0.02723	0.04800	0.00924	0.00677	0.03950	0.00176	0.02013	0.02460	0.00275	0.00603
5	0.04409	0.00534	0.00652	0.00707	0.00785	0.00533	0.00498	0.09152	0.01045	0.01439	0.02354	0.68787	0.02746	0.01330	0.00576	0.00185	0.00308	0.03092	0.00435	0.00435
6	0.04996	0.01357	0.01128	0.00979	0.01213	0.26551	0.00765	0.19487	0.09864	0.01748	0.03420	0.01687	0.12277	0.02389	0.00595	0.00151	0.07719	0.00487	0.02595	0.00591
7	0.03646	0.01078	0.03563	0.06282	0.12198	0.03584	0.25683	0.06001	0.07001	0.10440	0.07744	0.01755	0.06188	0.00572	0.00507	0.00152	0.00562	0.02056	0.00345	0.00641
8	0.00989	0.01128	0.11057	0.24903	0.31464	0.01020	0.06580	0.01342	0.04196	0.01422	0.01303	0.03640	0.07825	0.00541	0.00484	0.00151	0.00568	0.00500	0.00256	0.00629
9	0.00780	0.00638	0.00912	0.00856	0.00957	0.00760	0.02684	0.01066	0.09283	0.01197	0.01262	0.01786	0.01154	0.06216	0.58249	0.00602	0.10353	0.00507	0.00273	0.00467
10	0.01161	0.04774	0.01902	0.01537	0.07880	0.14022	0.34196	0.05879	0.01158	0.01467	0.03575	0.06550	0.01078	0.00875	0.09271	0.00216	0.00746	0.02845	0.00279	0.00587
11	0.01230	0.06299	0.15548	0.08245	0.37996	0.09086	0.01314	0.06535	0.02365	0.03802	0.00941	0.01198	0.00759	0.00471	0.00455	0.00141	0.00602	0.02063	0.00258	0.00691
12	0.00840	0.00655	0.00907	0.01130	0.16438	0.00652	0.00682	0.09293	0.01085	0.01482	0.02090	0.49535	0.04256	0.03068	0.00593	0.00179	0.00361	0.02500	0.03756	0.00501
13	0.01751	0.01109	0.01234	0.00960	0.01303	0.01182	0.00788	0.52745	0.03265	0.19430	0.01345	0.01312	0.00935	0.00569	0.00457	0.00139	0.00459	0.00439	0.09815	0.00762
14	0.01083	0.25484	0.41651	0.01362	0.12048	0.03063	0.02532	0.01456	0.01004	0.01393	0.00826	0.00983	0.00647	0.00436	0.00405	0.00132	0.00608	0.00336	0.03890	0.00662
15	0.01087	0.05607	0.12545	0.08546	0.22858	0.00889	0.01045	0.01368	0.01126	0.11233	0.16434	0.02016	0.02407	0.00634	0.00483	0.00148	0.00471	0.06510	0.03973	0.00620
16	0.00690	0.00492	0.00647	0.04071	0.00757	0.00533	0.00447	0.00768	0.00724	0.00996	0.01372	0.02531	0.01461	0.48983	0.32970	0.00561	0.00776	0.00604	0.00270	0.00348
17	0.01530	0.10571	0.01326	0.00950	0.01271	0.10111	0.00779	0.30574	0.14912	0.11924	0.01652	0.01592	0.09501	0.00621	0.00458	0.00140	0.00484	0.00478	0.00427	0.00698
18	0.00968	0.00838	0.01025	0.09515	0.01348	0.00674	0.00640	0.01189	0.00974	0.01501	0.00838	0.01008	0.00691	0.00362	0.00362	0.00079	0.00379	0.00294	0.00272	0.77042
19	0.10372	0.12965	0.12060	0.10300	0.05597	0.01239	0.15411	0.02609	0.00970	0.04789	0.00840	0.01100	0.00677	0.02140	0.00660	0.00158	0.14685	0.00397	0.00245	0.02788
20	0.01273	0.01305	0.01432	0.07277	0.03779	0.19321	0.06735	0.10104	0.09620	0.01491	0.00989	0.04628	0.00853	0.00654	0.00816	0.00164	0.26876	0.00454	0.01640	0.00589
21	0.00571	0.00475	0.00482	0.00482	0.00624	0.00404	0.00350	0.00678	0.01033	0.01235	0.04421	0.04381	0.71806	0.10080	0.00756	0.00191	0.00262	0.00962	0.00421	0.00386
22	0.01075	0.01030	0.01696	0.28611	0.40512	0.02819	0.06868	0.03769	0.01073	0.01459	0.01047	0.01341	0.03835	0.00474	0.00475	0.00147	0.00585	0.00450	0.02092	0.00643
23	0.02736	0.15087	0.47913	0.01278	0.01830	0.14139	0.07766	0.01542	0.01050	0.01391	0.00803	0.00953	0.00608	0.00443	0.00427	0.00138	0.00693	0.00341	0.00212	0.00650
24	0.01030	0.00844	0.04532	0.05113	0.01233	0.03275	0.12698	0.10668	0.01159	0.03718	0.01523	0.17495	0.01381	0.00701	0.00455	0.00143	0.00422	0.00624	0.32455	0.00531
25	0.00704	0.00615	0.00631	0.00708	0.00768	0.09155	0.00488	0.00795	0.00963	0.01206	0.02539	0.67945	0.07948	0.01349	0.00580	0.00182	0.00336	0.02268	0.00417	0.00402
26	0.02853	0.01061	0.05155	0.27234	0.28191	0.01057	0.14832	0.03178	0.01064	0.03605	0.04288	0.01316	0.00865	0.00496	0.00519	0.02348	0.00601	0.00457	0.00253	0.00627
27	0.00915	0.04489	0.11783	0.03109	0.09924	0.00795	0.09985	0.01192	0.03201	0.06518	0.11807	0.12492	0.19406	0.00815	0.00528	0.00156	0.01245	0.00724	0.00363	0.00556
28	0.04588	0.00860	0.04104	0.00922	0.04291	0.00736	0.00738	0.05291	0.01296	0.60230	0.01793	0.10325	0.01303	0.00663	0.00481	0.00151	0.00409	0.00552	0.00525	0.00741
29	0.01672	0.00756	0.01036	0.09595	0.01331	0.00704	0.00713	0.01921	0.04606	0.54340	0.12946	0.01970	0.04955	0.00654	0.00489	0.00149	0.00392	0.00546	0.00523	0.00702
30	0.03570	0.16682	0.09329	0.04430	0.05074	0.01116	0.02014	0.19506	0.03327	0.01807	0.13247	0.10438	0.05011	0.00704	0.00467	0.00144	0.00452	0.01712	0.00364	0.00606
31	0.10461	0.01486	0.17800	0.03717	0.23462	0.12084	0.07369	0.01609	0.07770	0.04821	0.01062	0.01210	0.02816	0.00488	0.00466	0.00145	0.01890	0.00409	0.00274	0.00659
32	0.01816	0.00986	0.01166	0.00906	0.01250	0.00991	0.00744	0.34864	0.01696	0.38603	0.04738	0.01608	0.04512	0.00616	0.00475	0.00144	0.00432	0.00489	0.03202	0.00760
33	0.01139	0.46868	0.22849	0.01064	0.01490	0.01573	0.04732	0.01398	0.00942	0.01232	0.00714	0.00882	0.00610	0.00475	0.00529	0.00131	0.12237	0.00314	0.00203	0.00618
34	0.03018	0.01936	0.51151	0.03027	0.01782	0.03260	0.01383	0.13652	0.04474	0.04638	0.04499	0.03126	0.00913	0.00528	0.00459	0.00149	0.00609	0.00417	0.00291	0.00689
35	0.01798	0.14727	0.42332	0.03920	0.07398	0.01150	0.08267	0.01395	0.01014	0.01421	0.01091	0.01546	0.02602	0.00544	0.00460	0.00150	0.00622	0.08689	0.00237	0.00638
36	0.01646	0.01052	0.01172	0.00925	0.01244	0.01126	0.00757	0.48413	0.03560	0.16324	0.01346	0.01356	0.00959	0.00696	0.03930	0.00164	0.00481	0.00441	0.13679	0.00728
37	0.01073	0.11544	0.63476	0.01255	0.01884	0.01222	0.01545	0.09850	0.01123	0.01609	0.00855	0.00983	0.00620	0.00456	0.00434	0.00143	0.00656	0.00346	0.00229	0.00698

[dist]
# distance from previous block
# <min> <max>
0	72

[block]
# block no. 7 follows, 54 sequences, length 25
# corresponding to MSA columns:
# 628-652
name=unknown_H
#
# <colnr> <probs for GDERKNQSTAVLIFYWHMCP>
#	G	D	E	R	K	N	Q	S	T	A	V	L	I	F	Y	W	H	M	C	P
0	0.02584	0.03473	0.08751	0.19746	0.12736	0.09664	0.03021	0.03960	0.07094	0.05266	0.09562	0.04319	0.01231	0.00592	0.00543	0.00151	0.05912	0.00487	0.00305	0.00603
1	0.00651	0.00625	0.04765	0.00620	0.00776	0.00535	0.00509	0.00814	0.01086	0.01414	0.20165	0.06953	0.47957	0.01070	0.00634	0.00161	0.07415	0.00881	0.02536	0.00434
2	0.01743	0.00920	0.09573	0.00843	0.01199	0.00692	0.00757	0.01971	0.01295	0.58347	0.12417	0.01807	0.01555	0.00619	0.00477	0.00145	0.00401	0.00511	0.04002	0.00728
3	0.10189	0.07002	0.57700	0.01316	0.01924	0.01150	0.11370	0.01479	0.00987	0.01539	0.00828	0.00992	0.00604	0.00438	0.00436	0.00147	0.00662	0.00359	0.00214	0.00664
4	0.03256	0.13924	0.05433	0.05160	0.07602	0.06047	0.25625	0.16095	0.02800	0.03627	0.00977	0.01222	0.00770	0.00488	0.00500	0.00145	0.03015	0.02365	0.00292	0.00658
5	0.00674	0.00452	0.00518	0.00530	0.00532	0.00449	0.00302	0.00683	0.00709	0.00945	0.01605	0.11669	0.01865	0.74641	0.02207	0.00429	0.00437	0.00756	0.00302	0.00296
6	0.00574	0.00413	0.00545	0.00650	0.00682	0.00384	0.00435	0.00657	0.00909	0.01206	0.02675	0.80353	0.05837	0.01467	0.00600	0.00190	0.00272	0.01328	0.00438	0.00384
7	0.01387	0.05565	0.07216	0.01140	0.05842	0.27070	0.02779	0.10330	0.04936	0.07513	0.01144	0.09865	0.01012	0.00732	0.00629	0.09380	0.02085	0.00479	0.00316	0.00578
8	0.63020	0.00895	0.00883	0.13175	0.01328	0.01019	0.02035	0.01458	0.00888	0.10405	0.00819	0.00940	0.00603	0.00458	0.00344	0.00148	0.00417	0.00309	0.00310	0.00546
9	0.05455	0.07653	0.18171	0.01777	0.27962	0.21027	0.05178	0.04706	0.01149	0.01489	0.00825	0.01008	0.00660	0.00447	0.00437	0.00136	0.00657	0.00363	0.00239	0.00662
10	0.00701	0.00565	0.00719	0.00698	0.00852	0.00524	0.04356	0.04844	0.01132	0.01435	0.08870	0.15449	0.39882	0.01169	0.00579	0.00174	0.00325	0.16853	0.00435	0.00439
