[name]
unknown

[dist]
# distance from previous block
# <min> <max>
0	25

[block]
# block no. 0 follows, 69 sequences, length 91
# corresponding to MSA columns:
# 26-68,96-143
name=unknown_A
#
# <colnr> <probs for GDERKNQSTAVLIFYWHMCP>
#	G	D	E	R	K	N	Q	S	T	A	V	L	I	F	Y	W	H	M	C	P
0	0.00632	0.00451	0.00632	0.00722	0.00812	0.00451	0.00632	0.00812	0.00902	0.01173	0.02076	0.04422	0.02256	0.01083	0.00541	0.00180	0.00361	0.81138	0.00361	0.00361
1	0.00960	0.00826	0.00873	0.00787	0.01003	0.00953	0.00611	0.02033	0.80033	0.01637	0.04632	0.01517	0.01289	0.00542	0.00401	0.00133	0.00306	0.00453	0.00400	0.00611
2	0.01430	0.01812	0.01114	0.05036	0.01283	0.80646	0.00773	0.01539	0.01095	0.00961	0.00610	0.00723	0.00506	0.00403	0.00355	0.00102	0.00698	0.00257	0.00201	0.00454
3	0.01452	0.01078	0.01155	0.00891	0.01201	0.01190	0.00733	0.76974	0.05703	0.02407	0.00968	0.00964	0.00690	0.00470	0.00390	0.00117	0.00423	0.00355	0.00389	0.02451
4	0.00962	0.00924	0.01572	0.04444	0.79865	0.00936	0.01192	0.01192	0.00883	0.01266	0.00731	0.00970	0.00616	0.00358	0.00409	0.00118	0.02407	0.00349	0.00193	0.00612
5	0.88991	0.00758	0.00576	0.00516	0.00758	0.00879	0.00425	0.01152	0.00667	0.01759	0.00546	0.00637	0.00425	0.00364	0.00243	0.00121	0.00303	0.00212	0.00243	0.00425
6	0.00560	0.00420	0.00630	0.00630	0.00700	0.00490	0.00490	0.00700	0.00630	0.00910	0.01050	0.01540	0.00980	0.02940	0.84669	0.00630	0.01050	0.00420	0.00210	0.00350
7	0.00740	0.00697	0.01176	0.85280	0.02700	0.00871	0.01089	0.01002	0.00784	0.01002	0.00697	0.01045	0.00523	0.00392	0.00392	0.00131	0.00523	0.00348	0.00174	0.00436
8	0.00750	0.00710	0.01178	0.78205	0.02560	0.00899	0.01069	0.00997	0.00768	0.00997	0.00682	0.01029	0.00522	0.00417	0.00467	0.00134	0.07659	0.00348	0.00174	0.00435
9	0.87241	0.00765	0.00588	0.00523	0.00767	0.00886	0.00431	0.02780	0.00691	0.01773	0.00554	0.00643	0.00429	0.00366	0.00246	0.00121	0.00306	0.00215	0.00246	0.00429
10	0.00975	0.00842	0.00886	0.00798	0.01019	0.00975	0.00621	0.02083	0.83069	0.01640	0.01596	0.01463	0.01197	0.00532	0.00399	0.00133	0.00310	0.00443	0.00399	0.00621
11	0.00740	0.00697	0.01176	0.85280	0.02700	0.00871	0.01089	0.01002	0.00784	0.01002	0.00697	0.01045	0.00523	0.00392	0.00392	0.00131	0.00523	0.00348	0.00174	0.00436
12	0.01012	0.75091	0.01883	0.00677	0.00987	0.01444	0.00656	0.01206	0.06404	0.00971	0.00649	0.00744	0.00581	0.00516	0.05678	0.00122	0.00452	0.00239	0.00186	0.00501
13	0.00535	0.00388	0.00516	0.00600	0.00647	0.00376	0.00441	0.00670	0.03838	0.01068	0.02118	0.62172	0.02456	0.01166	0.00507	0.00164	0.00264	0.21369	0.00364	0.00340
14	0.00570	0.00380	0.00428	0.00428	0.00428	0.00380	0.00238	0.00570	0.00570	0.00760	0.01235	0.02566	0.01425	0.86222	0.01995	0.00380	0.00380	0.00570	0.00238	0.00238
15	0.01565	0.00978	0.01102	0.00845	0.01156	0.01038	0.00698	0.60095	0.01643	0.25129	0.01109	0.01050	0.00751	0.00475	0.00393	0.00119	0.00404	0.00364	0.00418	0.00667
16	0.00740	0.00697	0.01176	0.85280	0.02700	0.00871	0.01089	0.01002	0.00784	0.01002	0.00697	0.01045	0.00523	0.00392	0.00392	0.00131	0.00523	0.00348	0.00174	0.00436
17	0.11506	0.03997	0.01273	0.12689	0.39530	0.00850	0.02760	0.01122	0.00830	0.01287	0.00694	0.00894	0.00570	0.00343	0.00346	0.00105	0.00417	0.00304	0.00205	0.20277
18	0.00590	0.00413	0.00484	0.00472	0.00474	0.00438	0.00285	0.00598	0.00573	0.00775	0.01183	0.02430	0.01355	0.78852	0.03465	0.00370	0.06206	0.00552	0.00233	0.00253
19	0.02994	0.00712	0.01184	0.78436	0.07241	0.00875	0.01078	0.01017	0.00787	0.01037	0.00695	0.01031	0.00526	0.00389	0.00388	0.00130	0.00514	0.00345	0.00177	0.00446
20	0.00935	0.00887	0.01404	0.16851	0.52374	0.01869	0.02700	0.01326	0.15180	0.01289	0.00879	0.01068	0.00702	0.00389	0.00392	0.00122	0.00455	0.00367	0.00226	0.00584
21	0.00879	0.00863	0.01215	0.03979	0.04429	0.01179	0.00876	0.03629	0.00659	0.01009	0.00544	0.00871	0.00524	0.00655	0.01190	0.00166	0.76363	0.00344	0.00180	0.00445
22	0.88991	0.00758	0.00576	0.00516	0.00758	0.00879	0.00425	0.01152	0.00667	0.01759	0.00546	0.00637	0.00425	0.00364	0.00243	0.00121	0.00303	0.00212	0.00243	0.00425
23	0.00798	0.00665	0.00730	0.00671	0.00843	0.00731	0.00515	0.01530	0.50653	0.01548	0.24073	0.05190	0.09069	0.00671	0.00425	0.00131	0.00264	0.00574	0.00403	0.00516
24	0.00470	0.00394	0.00409	0.00411	0.00535	0.00333	0.00306	0.00574	0.00901	0.01091	0.09314	0.07964	0.73971	0.00992	0.00465	0.00133	0.00199	0.00834	0.00369	0.00333
25	0.00823	0.00706	0.00826	0.00595	0.00935	0.00547	0.00477	0.02111	0.00822	0.01287	0.00696	0.00816	0.00580	0.00302	0.00314	0.00061	0.02166	0.00236	0.00233	0.85466
26	0.00478	0.00341	0.00455	0.00546	0.00569	0.00318	0.00364	0.00546	0.00751	0.01001	0.02161	0.85966	0.02593	0.01228	0.00500	0.00159	0.00227	0.01114	0.00364	0.00318
27	0.03192	0.01038	0.01132	0.00869	0.01180	0.01129	0.00718	0.70807	0.01730	0.12697	0.01010	0.00985	0.00700	0.00470	0.00390	0.00118	0.00417	0.00355	0.00401	0.00662
28	0.00966	0.00835	0.00925	0.00900	0.06659	0.00952	0.00655	0.03018	0.73130	0.01619	0.03840	0.01498	0.01233	0.00533	0.00402	0.00132	0.00320	0.01389	0.00385	0.00611
29	0.00572	0.00448	0.00624	0.00622	0.00699	0.02215	0.00482	0.00709	0.00658	0.00921	0.01240	0.01675	0.06614	0.02755	0.77179	0.00585	0.00985	0.00444	0.00220	0.00351
30	0.00613	0.00438	0.00610	0.00701	0.00783	0.00435	0.00599	0.00780	0.00884	0.01152	0.02086	0.14250	0.02297	0.01100	0.00537	0.00178	0.00345	0.71493	0.00361	0.00356
31	0.00921	0.00895	0.02608	0.18881	0.59504	0.00923	0.02373	0.01224	0.06482	0.01248	0.00788	0.01018	0.00638	0.00370	0.00391	0.00121	0.00471	0.00356	0.00204	0.00582
32	0.00598	0.00450	0.00560	0.00524	0.00632	0.00436	0.00395	0.00884	0.10288	0.01560	0.71322	0.02797	0.06490	0.00779	0.00455	0.00125	0.00200	0.00684	0.00425	0.00397
33	0.00561	0.00416	0.00608	0.00608	0.00670	0.00478	0.00462	0.00686	0.00623	0.00894	0.01070	0.01653	0.01029	0.12081	0.75595	0.00603	0.00977	0.00437	0.00213	0.00338
34	0.00963	0.00924	0.01578	0.05119	0.81123	0.00929	0.01199	0.01197	0.00889	0.01272	0.00736	0.00973	0.00618	0.00351	0.00388	0.00117	0.00468	0.00349	0.00193	0.00615
35	0.00625	0.00460	0.00544	0.00506	0.00623	0.02005	0.00383	0.02046	0.03124	0.04658	0.59565	0.02927	0.19437	0.00808	0.00455	0.00125	0.00210	0.00700	0.00414	0.00386
36	0.87689	0.00775	0.00584	0.00523	0.00765	0.02126	0.00430	0.01159	0.00674	0.01747	0.00547	0.00638	0.00426	0.00365	0.00244	0.00121	0.00309	0.00213	0.00242	0.00425
37	0.01033	0.83273	0.02002	0.00673	0.00999	0.01510	0.00669	0.01161	0.00801	0.00932	0.00602	0.00769	0.00568	0.00363	0.00262	0.00087	0.00417	0.03207	0.00175	0.00498
38	0.00484	0.00399	0.00443	0.01769	0.00584	0.00357	0.00336	0.00588	0.00852	0.01048	0.06050	0.10302	0.62399	0.03324	0.09107	0.00191	0.00297	0.00792	0.00344	0.00332
39	0.00555	0.00401	0.00524	0.00493	0.00586	0.00370	0.00370	0.00740	0.01110	0.01572	0.83570	0.02928	0.03699	0.00801	0.00462	0.00123	0.00185	0.00709	0.00432	0.00370
40	0.01104	0.75720	0.01944	0.00700	0.01033	0.01509	0.00680	0.11401	0.00928	0.01117	0.00595	0.00668	0.00524	0.00352	0.00269	0.00088	0.00421	0.00228	0.00196	0.00524
41	0.00471	0.00397	0.00407	0.00405	0.00534	0.00334	0.00304	0.00577	0.00911	0.01100	0.10306	0.03706	0.77257	0.00978	0.00463	0.00132	0.00197	0.00818	0.00369	0.00334
42	0.00943	0.00904	0.01543	0.12083	0.74310	0.00924	0.01190	0.01180	0.00880	0.01248	0.00733	0.00979	0.00609	0.00354	0.00389	0.00118	0.00472	0.00349	0.00192	0.00599
43	0.82981	0.00764	0.00597	0.00535	0.00776	0.00886	0.00438	0.01216	0.06294	0.01751	0.00618	0.00693	0.00477	0.00375	0.00253	0.00122	0.00304	0.00228	0.00253	0.00438
44	0.01350	0.03553	0.01147	0.01006	0.01176	0.68357	0.00773	0.01449	0.01016	0.00956	0.00589	0.00731	0.00507	0.00451	0.00513	0.00113	0.15399	0.00267	0.00196	0.00451
45	0.88991	0.00758	0.00576	0.00516	0.00758	0.00879	0.00425	0.01152	0.00667	0.01759	0.00546	0.00637	0.00425	0.00364	0.00243	0.00121	0.00303	0.00212	0.00243	0.00425
46	0.01737	0.00661	0.00898	0.00690	0.00989	0.00572	0.00570	0.01889	0.01116	0.82302	0.01541	0.01337	0.00971	0.00485	0.00392	0.00121	0.00330	0.00394	0.02344	0.00661
47	0.00547	0.00401	0.00513	0.00488	0.00584	0.00367	0.00367	0.00723	0.01084	0.01513	0.73984	0.03042	0.11782	0.00826	0.00464	0.00125	0.00190	0.02211	0.00423	0.00366
48	0.00919	0.01039	0.02213	0.01596	0.01957	0.01010	0.75010	0.01228	0.00896	0.01228	0.00768	0.01039	0.00588	0.00363	0.00537	0.00136	0.08306	0.00452	0.00196	0.00520
49	0.00970	0.00931	0.01591	0.02406	0.83777	0.00931	0.01203	0.01203	0.00893	0.01281	0.00737	0.00970	0.00621	0.00349	0.00388	0.00116	0.00466	0.00349	0.00194	0.00621
50	0.88991	0.00758	0.00576	0.00516	0.00758	0.00879	0.00425	0.01152	0.00667	0.01759	0.00546	0.00637	0.00425	0.00364	0.00243	0.00121	0.00303	0.00212	0.00243	0.00425
51	0.00625	0.00446	0.00623	0.00714	0.00801	0.00445	0.00619	0.00800	0.00895	0.01165	0.02080	0.08236	0.02272	0.01090	0.00540	0.00180	0.00355	0.77395	0.00361	0.00359
52	0.00813	0.00697	0.00813	0.00581	0.00929	0.00523	0.00465	0.00987	0.00813	0.01277	0.00697	0.00813	0.00581	0.00290	0.00290	0.00058	0.00290	0.00232	0.00232	0.88619
53	0.00665	0.00570	0.00812	0.00752	0.00791	0.00730	0.00597	0.00774	0.00614	0.00909	0.00879	0.01391	0.00856	0.09511	0.48114	0.00447	0.30614	0.00406	0.00199	0.00368
54	0.00970	0.00931	0.01591	0.02406	0.83777	0.00931	0.01203	0.01203	0.00893	0.01281	0.00737	0.00970	0.00621	0.00349	0.00388	0.00116	0.00466	0.00349	0.00194	0.00621
55	0.01140	0.04917	0.00835	0.00640	0.00847	0.00643	0.00515	0.11647	0.04201	0.30239	0.32546	0.01887	0.01959	0.02849	0.00465	0.00127	0.01464	0.00504	0.02051	0.00524
56	0.00560	0.00420	0.00630	0.00630	0.00700	0.00490	0.00490	0.00700	0.00630	0.00910	0.01050	0.01540	0.00980	0.02940	0.84669	0.00630	0.01050	0.00420	0.00210	0.00350
57	0.00858	0.00858	0.01201	0.01029	0.01029	0.01201	0.00858	0.00943	0.00600	0.00943	0.00515	0.00858	0.00515	0.00686	0.01287	0.00172	0.85505	0.00343	0.00172	0.00429
58	0.88991	0.00758	0.00576	0.00516	0.00758	0.00879	0.00425	0.01152	0.00667	0.01759	0.00546	0.00637	0.00425	0.00364	0.00243	0.00121	0.00303	0.00212	0.00243	0.00425
59	0.00954	0.00915	0.01562	0.08235	0.78075	0.00927	0.01195	0.01189	0.00885	0.01261	0.00735	0.00976	0.00614	0.00352	0.00388	0.00117	0.00470	0.00349	0.00193	0.00608
60	0.00975	0.00842	0.00886	0.00798	0.01019	0.00975	0.00621	0.02083	0.83069	0.01640	0.01596	0.01463	0.01197	0.00532	0.00399	0.00133	0.00310	0.00443	0.00399	0.00621
61	0.88991	0.00758	0.00576	0.00516	0.00758	0.00879	0.00425	0.01152	0.00667	0.01759	0.00546	0.00637	0.00425	0.00364	0.00243	0.00121	0.00303	0.00212	0.00243	0.00425
62	0.00765	0.00722	0.01220	0.76551	0.11240	0.00877	0.01101	0.01023	0.00795	0.01031	0.00701	0.01037	0.00533	0.00387	0.00392	0.00129	0.00517	0.00348	0.00176	0.00455
63	0.00549	0.00401	0.00517	0.00488	0.00582	0.00368	0.00366	0.00729	0.01097	0.01542	0.78893	0.02978	0.08395	0.00813	0.00462	0.00124	0.00186	0.00716	0.00428	0.00368
64	0.00565	0.00400	0.00528	0.00528	0.00563	0.00435	0.00363	0.00635	0.00600	0.00835	0.01143	0.02056	0.01204	0.44805	0.43110	0.00504	0.00713	0.00495	0.00224	0.00293
65	0.01464	0.01868	0.01111	0.01010	0.01212	0.84648	0.00757	0.01565	0.01111	0.00959	0.00606	0.00707	0.00505	0.00404	0.00353	0.00101	0.00707	0.00252	0.00202	0.00454
66	0.00555	0.00401	0.00524	0.00493	0.00586	0.00370	0.00370	0.00740	0.01110	0.01572	0.83570	0.02928	0.03699	0.00801	0.00462	0.00123	0.00185	0.00709	0.00432	0.00370
67	0.01024	0.00874	0.00906	0.00806	0.01033	0.02750	0.00629	0.06190	0.75931	0.02917	0.01540	0.01418	0.01152	0.00525	0.00398	0.00131	0.00325	0.00434	0.00396	0.00620
68	0.02366	0.00803	0.01265	0.04584	0.14820	0.00724	0.15967	0.02874	0.00945	0.23221	0.00949	0.01032	0.00690	0.00368	0.00372	0.00103	0.00412	0.00344	0.00287	0.27872
69	0.00843	0.00837	0.01198	0.11628	0.01239	0.01159	0.00887	0.00951	0.00623	0.00951	0.00538	0.00881	0.00516	0.00649	0.01174	0.00166	0.74814	0.00344	0.00172	0.00430
70	0.07716	0.00673	0.00887	0.00685	0.00984	0.00597	0.00566	0.01859	0.01091	0.78429	0.01478	0.01287	0.00933	0.00477	0.00384	0.00121	0.00332	0.00382	0.00469	0.00651
71	0.00496	0.00355	0.00472	0.00538	0.00576	0.00331	0.00370	0.00590	0.00827	0.01122	0.19020	0.67418	0.02816	0.01137	0.00493	0.00152	0.00221	0.02356	0.00378	0.00330
72	0.88991	0.00758	0.00576	0.00516	0.00758	0.00879	0.00425	0.01152	0.00667	0.01759	0.00546	0.00637	0.00425	0.00364	0.00243	0.00121	0.00303	0.00212	0.00243	0.00425
73	0.00549	0.00401	0.00516	0.00487	0.00582	0.00368	0.00366	0.00729	0.01097	0.01541	0.78773	0.02979	0.08515	0.00813	0.00462	0.00124	0.00186	0.00716	0.00427	0.00368
74	0.00470	0.00397	0.00406	0.00404	0.00533	0.00334	0.00303	0.00575	0.00908	0.01094	0.09407	0.03715	0.78160	0.00980	0.00463	0.00132	0.00198	0.00819	0.00369	0.00334
75	0.00555	0.00401	0.00524	0.00493	0.00586	0.00370	0.00370	0.00740	0.01110	0.01572	0.83570	0.02928	0.03699	0.00801	0.00462	0.00123	0.00185	0.00709	0.00432	0.00370
76	0.01464	0.01868	0.01111	0.01010	0.01212	0.84648	0.00757	0.01565	0.01111	0.00959	0.00606	0.00707	0.00505	0.00404	0.00353	0.00101	0.00707	0.00252	0.00202	0.00454
77	0.00970	0.00931	0.01591	0.02406	0.83777	0.00931	0.01203	0.01203	0.00893	0.01281	0.00737	0.00970	0.00621	0.00349	0.00388	0.00116	0.00466	0.00349	0.00194	0.00621
78	0.00744	0.00701	0.01183	0.83842	0.04107	0.00872	0.01091	0.01005	0.00786	0.01006	0.00698	0.01044	0.00524	0.00391	0.00392	0.00130	0.00522	0.00348	0.00175	0.00439
79	0.00552	0.00400	0.00521	0.00492	0.00585	0.00369	0.00369	0.00734	0.01101	0.01555	0.81063	0.04155	0.05006	0.00811	0.00463	0.00124	0.00186	0.00717	0.00429	0.00369
80	0.03239	0.00701	0.01159	0.81812	0.02624	0.00875	0.01067	0.01005	0.00778	0.01022	0.00690	0.01031	0.00520	0.00395	0.00399	0.00131	0.01595	0.00344	0.00176	0.00435
81	0.78799	0.00862	0.02393	0.00573	0.00816	0.06484	0.00477	0.01192	0.01856	0.01681	0.00568	0.00660	0.00444	0.00374	0.00270	0.00121	0.01539	0.00222	0.00239	0.00433
82	0.00876	0.00852	0.01352	0.44005	0.38306	0.04457	0.01118	0.01130	0.02027	0.01132	0.00724	0.01004	0.00575	0.00376	0.00389	0.00123	0.00502	0.00346	0.00187	0.00521
83	0.00472	0.00398	0.00410	0.00407	0.00535	0.00335	0.00305	0.00580	0.00915	0.01110	0.11862	0.03689	0.75696	0.00974	0.00463	0.00131	0.00197	0.00816	0.00371	0.00335
84	0.00478	0.00373	0.00425	0.00463	0.00540	0.00330	0.00322	0.00558	0.00814	0.01021	0.04033	0.38070	0.43093	0.06909	0.00583	0.00160	0.00223	0.00928	0.00356	0.00320
85	0.01174	0.00686	0.00850	0.00625	0.00956	0.00543	0.00507	0.01339	0.00931	0.32829	0.01021	0.01012	0.00729	0.00365	0.00330	0.00082	0.00307	0.00294	0.00329	0.55092
86	0.00970	0.00931	0.01591	0.02406	0.83777	0.00931	0.01203	0.01203	0.00893	0.01281	0.00737	0.00970	0.00621	0.00349	0.00388	0.00116	0.00466	0.00349	0.00194	0.00621
87	0.00740	0.00697	0.01176	0.85280	0.02700	0.00871	0.01089	0.01002	0.00784	0.01002	0.00697	0.01045	0.00523	0.00392	0.00392	0.00131	0.00523	0.00348	0.00174	0.00436
88	0.00466	0.00397	0.00401	0.00400	0.00531	0.00332	0.00300	0.00568	0.00901	0.01076	0.06595	0.03745	0.80984	0.00987	0.00463	0.00132	0.00198	0.00823	0.00366	0.00332
89	0.01414	0.01766	0.01060	0.00966	0.01160	0.78893	0.00724	0.01521	0.01091	0.00994	0.00652	0.00759	0.00539	0.00408	0.00348	0.00100	0.00671	0.00260	0.06225	0.00448
90	0.00521	0.00396	0.00479	0.00465	0.00567	0.00355	0.00346	0.00672	0.01021	0.01376	0.53476	0.07506	0.29621	0.00886	0.00465	0.00128	0.00192	0.00768	0.00406	0.00355

[dist]
# distance from previous block
# <min> <max>
0	10

[block]
# block no. 1 follows, 69 sequences, length 31
# corresponding to MSA columns:
# 154-184
name=unknown_B
#
# <colnr> <probs for GDERKNQSTAVLIFYWHMCP>
#	G	D	E	R	K	N	Q	S	T	A	V	L	I	F	Y	W	H	M	C	P
0	0.00740	0.00697	0.01176	0.85280	0.02700	0.00871	0.01089	0.01002	0.00784	0.01002	0.00697	0.01045	0.00523	0.00392	0.00392	0.00131	0.00523	0.00348	0.00174	0.00436
1	0.00480	0.00396	0.00422	0.00420	0.00541	0.00337	0.00313	0.00593	0.00926	0.01148	0.18056	0.06898	0.66175	0.00968	0.00465	0.00132	0.00197	0.00818	0.00376	0.00337
2	0.00786	0.02028	0.84191	0.01117	0.01697	0.00910	0.01448	0.01242	0.00828	0.01242	0.00704	0.00828	0.00497	0.00372	0.00372	0.00124	0.00579	0.00290	0.00166	0.00579
3	0.00858	0.00858	0.01201	0.01029	0.01029	0.01201	0.00858	0.00943	0.00600	0.00943	0.00515	0.00858	0.00515	0.00686	0.01287	0.00172	0.85505	0.00343	0.00172	0.00429
4	0.00532	0.00392	0.00498	0.00489	0.00576	0.00358	0.00360	0.00690	0.01032	0.01426	0.61989	0.14795	0.13635	0.00886	0.00468	0.00130	0.00193	0.00781	0.00413	0.00358
5	0.01010	0.01000	0.01330	0.03488	0.33101	0.11628	0.08262	0.06710	0.13093	0.01315	0.00967	0.08117	0.00847	0.00489	0.00469	0.00126	0.06822	0.00425	0.00251	0.00550
6	0.00856	0.00825	0.01141	0.01037	0.07925	0.01016	0.00793	0.00976	0.00676	0.01051	0.00577	0.00856	0.00539	0.00564	0.00974	0.00140	0.58065	0.00317	0.00188	0.21483
7	0.01488	0.01163	0.01171	0.00911	0.01215	0.08193	0.00746	0.75704	0.01782	0.02344	0.00913	0.00922	0.00653	0.00465	0.00389	0.00116	0.00454	0.00345	0.00376	0.00649
8	0.00930	0.00894	0.01537	0.16646	0.67931	0.00922	0.03068	0.01170	0.00875	0.01232	0.00732	0.00985	0.00603	0.00356	0.00391	0.00119	0.00480	0.00352	0.00191	0.00587
9	0.00817	0.00391	0.00411	0.00393	0.00502	0.00383	0.00299	0.00997	0.00847	0.08368	0.01301	0.01451	0.01002	0.00459	0.00284	0.00094	0.00195	0.00368	0.81046	0.00391
10	0.00740	0.00697	0.01176	0.85280	0.02700	0.00871	0.01089	0.01002	0.00784	0.01002	0.00697	0.01045	0.00523	0.00392	0.00392	0.00131	0.00523	0.00348	0.00174	0.00436
11	0.00851	0.16186	0.58248	0.01120	0.01632	0.01031	0.13204	0.01232	0.00837	0.01190	0.00690	0.00828	0.00512	0.00360	0.00365	0.00119	0.00564	0.00302	0.00171	0.00559
12	0.05427	0.69851	0.13949	0.00728	0.01094	0.01424	0.00772	0.01183	0.00795	0.01011	0.00568	0.00658	0.00498	0.00342	0.00269	0.00092	0.00437	0.00221	0.00171	0.00510
13	0.00585	0.00404	0.00466	0.00458	0.00458	0.00421	0.00269	0.00589	0.00572	0.00769	0.01199	0.02480	0.01380	0.81926	0.01960	0.00370	0.04656	0.00559	0.00234	0.00247
14	0.00490	0.00358	0.00463	0.00534	0.00578	0.00331	0.00371	0.00577	0.00803	0.01063	0.09157	0.66255	0.11261	0.01160	0.00495	0.00154	0.00227	0.05025	0.00369	0.00326
15	0.00948	0.00861	0.01449	0.26013	0.36805	0.01903	0.11324	0.01256	0.06743	0.06361	0.02004	0.01085	0.00694	0.00388	0.00400	0.00124	0.00487	0.00377	0.00225	0.00553
16	0.00740	0.00697	0.01176	0.85280	0.02700	0.00871	0.01089	0.01002	0.00784	0.01002	0.00697	0.01045	0.00523	0.00392	0.00392	0.00131	0.00523	0.00348	0.00174	0.00436
17	0.00555	0.00401	0.00524	0.00493	0.00586	0.00370	0.00370	0.00740	0.01110	0.01572	0.83570	0.02928	0.03699	0.00801	0.00462	0.00123	0.00185	0.00709	0.00432	0.00370
18	0.00946	0.00927	0.01601	0.04756	0.64422	0.00965	0.08603	0.01172	0.00859	0.01232	0.00716	0.00968	0.00604	0.00387	0.00496	0.00125	0.10085	0.00359	0.00191	0.00585
19	0.00858	0.03205	0.55023	0.01073	0.02872	0.04366	0.06221	0.04507	0.07388	0.02152	0.00913	0.08016	0.00748	0.00459	0.00389	0.00126	0.00526	0.00383	0.00217	0.00556
20	0.01434	0.01806	0.01080	0.00983	0.01181	0.81152	0.00737	0.01538	0.01099	0.00980	0.00634	0.00738	0.00526	0.00406	0.00350	0.00101	0.00685	0.00257	0.03861	0.00451
21	0.00808	0.12608	0.64279	0.01071	0.04933	0.00952	0.01261	0.01188	0.00833	0.01204	0.03462	0.04219	0.00690	0.00414	0.00366	0.00120	0.00528	0.00328	0.00184	0.00554
22	0.00863	0.06180	0.09196	0.39094	0.27678	0.00899	0.01080	0.01112	0.00834	0.04302	0.00799	0.04809	0.00660	0.00415	0.00385	0.00124	0.00483	0.00371	0.00200	0.00515
23	0.00627	0.00470	0.00696	0.02255	0.16029	0.00452	0.00540	0.00732	0.00793	0.04551	0.01848	0.65301	0.02126	0.01021	0.00473	0.00149	0.00281	0.00930	0.00335	0.00391
24	0.00737	0.00681	0.01149	0.49474	0.16947	0.00774	0.04150	0.00959	0.00810	0.01075	0.02847	0.16683	0.00995	0.00545	0.00416	0.00133	0.00456	0.00502	0.00219	0.00450
25	0.00964	0.00950	0.02921	0.16583	0.43928	0.07891	0.05670	0.01195	0.01867	0.04163	0.00836	0.03472	0.00714	0.00431	0.00436	0.00125	0.04074	0.03022	0.00213	0.00545
26	0.00832	0.06618	0.64986	0.01069	0.03939	0.00887	0.02544	0.01220	0.00854	0.05061	0.04841	0.03843	0.00752	0.00424	0.00377	0.00123	0.00526	0.00343	0.00202	0.00560
27	0.01617	0.00652	0.00878	0.00692	0.00968	0.00579	0.00564	0.04935	0.01108	0.72191	0.01554	0.07667	0.01080	0.00612	0.02867	0.00139	0.00350	0.00447	0.00464	0.00632
28	0.00894	0.00865	0.02703	0.21872	0.55807	0.00895	0.01117	0.01174	0.04988	0.01221	0.00827	0.04398	0.00703	0.00404	0.00394	0.00122	0.00464	0.00383	0.00206	0.00564
29	0.04010	0.02299	0.42562	0.00998	0.04071	0.03283	0.02949	0.02467	0.07444	0.24588	0.01008	0.01020	0.00692	0.00417	0.00377	0.00123	0.00478	0.00334	0.00282	0.00599
30	0.01046	0.00929	0.01427	0.08855	0.49389	0.04356	0.06078	0.03206	0.11356	0.08096	0.00912	0.01063	0.00709	0.00391	0.00394	0.00120	0.00461	0.00368	0.00247	0.00598

[dist]
# distance from previous block
# <min> <max>
3	6

[block]
# block no. 2 follows, 69 sequences, length 19
# corresponding to MSA columns:
# 191-209
name=unknown_C
#
# <colnr> <probs for GDERKNQSTAVLIFYWHMCP>
#	G	D	E	R	K	N	Q	S	T	A	V	L	I	F	Y	W	H	M	C	P
0	0.00638	0.00461	0.00563	0.00517	0.00631	0.02460	0.01724	0.00797	0.01043	0.06183	0.57400	0.02880	0.17275	0.05059	0.00532	0.00137	0.00226	0.00689	0.00404	0.00378
1	0.01007	0.01098	0.09110	0.02623	0.05511	0.14190	0.19887	0.13598	0.04142	0.01398	0.02561	0.02714	0.06591	0.02580	0.00446	0.00126	0.01482	0.00419	0.10016	0.00503
2	0.00483	0.00343	0.00453	0.00539	0.00560	0.00322	0.00356	0.00547	0.00740	0.00986	0.02106	0.81003	0.02523	0.06286	0.00589	0.00172	0.00237	0.01082	0.00356	0.00314
3	0.00959	0.00920	0.01571	0.06540	0.79733	0.00928	0.01197	0.01193	0.00887	0.01267	0.00735	0.00974	0.00616	0.00351	0.00388	0.00117	0.00469	0.00349	0.00193	0.00612
4	0.00740	0.00697	0.01176	0.85280	0.02700	0.00871	0.01089	0.01002	0.00784	0.01002	0.00697	0.01045	0.00523	0.00392	0.00392	0.00131	0.00523	0.00348	0.00174	0.00436
5	0.00897	0.00976	0.02019	0.01706	0.17911	0.00925	0.59782	0.01188	0.00908	0.01241	0.00942	0.05813	0.02896	0.00401	0.00450	0.00131	0.00587	0.00486	0.00211	0.00530
6	0.00813	0.00697	0.00813	0.00581	0.00929	0.00523	0.00465	0.00987	0.00813	0.01277	0.00697	0.00813	0.00581	0.00290	0.00290	0.00058	0.00290	0.00232	0.00232	0.88619
7	0.01332	0.00914	0.11857	0.01123	0.14729	0.00716	0.09389	0.02823	0.01026	0.44493	0.04123	0.03731	0.00952	0.00465	0.00403	0.00123	0.00414	0.00412	0.00359	0.00613
8	0.09053	0.01121	0.17025	0.01201	0.01602	0.00858	0.40077	0.01264	0.00885	0.08886	0.00808	0.00965	0.00593	0.00350	0.00394	0.00118	0.00528	0.00367	0.00228	0.13679
9	0.00823	0.00705	0.00817	0.00594	0.00934	0.00550	0.00474	0.01052	0.05708	0.01299	0.00750	0.00852	0.00617	0.00305	0.00297	0.00063	0.00292	0.00245	0.00242	0.83382
10	0.00870	0.00770	0.01195	0.48787	0.18484	0.00885	0.01000	0.11904	0.02185	0.01266	0.00878	0.07047	0.00747	0.00467	0.00402	0.00129	0.00472	0.01790	0.00227	0.00497
11	0.08894	0.00879	0.05650	0.01089	0.19894	0.02763	0.02531	0.03905	0.03107	0.08904	0.00817	0.01911	0.00647	0.00366	0.00352	0.00096	0.01731	0.00303	0.00253	0.35908
12	0.10275	0.00755	0.05677	0.00701	0.01015	0.00624	0.00609	0.01775	0.01053	0.69176	0.01379	0.01224	0.00880	0.00462	0.00376	0.00120	0.00344	0.00366	0.00437	0.02752
13	0.00850	0.00851	0.01264	0.06979	0.01217	0.01135	0.07358	0.00996	0.02689	0.01005	0.02585	0.00952	0.00615	0.00636	0.01116	0.00163	0.68597	0.00364	0.00186	0.00441
14	0.00522	0.00416	0.00460	0.00459	0.00567	0.00377	0.00337	0.00680	0.04997	0.01164	0.19450	0.09666	0.47959	0.08399	0.00599	0.00156	0.00224	0.02857	0.00368	0.00345
15	0.00538	0.00400	0.00501	0.00476	0.00575	0.00363	0.00357	0.00708	0.01070	0.01479	0.69078	0.03082	0.18249	0.00836	0.00463	0.00125	0.00187	0.00731	0.00419	0.00363
16	0.01147	0.01034	0.05537	0.05079	0.26193	0.03808	0.03650	0.35797	0.01313	0.01783	0.08494	0.01128	0.00909	0.00453	0.00412	0.00120	0.01868	0.00382	0.00298	0.00595
17	0.51992	0.03023	0.00829	0.00743	0.05044	0.12511	0.03578	0.04049	0.00854	0.04288	0.09094	0.00946	0.00815	0.00419	0.00306	0.00118	0.00377	0.00296	0.00264	0.00455
18	0.00890	0.01944	0.01131	0.17009	0.22933	0.00777	0.03506	0.03563	0.08843	0.05735	0.01124	0.08459	0.04702	0.00486	0.00402	0.00116	0.01816	0.00430	0.00260	0.15873

[dist]
# distance from previous block
# <min> <max>
0	1

[block]
# block no. 3 follows, 69 sequences, length 14
# corresponding to MSA columns:
# 211-224
name=unknown_D
#
# <colnr> <probs for GDERKNQSTAVLIFYWHMCP>
#	G	D	E	R	K	N	Q	S	T	A	V	L	I	F	Y	W	H	M	C	P
0	0.08090	0.09010	0.19298	0.01029	0.13714	0.02245	0.02237	0.01306	0.02920	0.15439	0.00846	0.00917	0.00630	0.00369	0.00340	0.00104	0.00414	0.00296	0.00253	0.20543
1	0.00881	0.00695	0.00815	0.00602	0.00931	0.00551	0.00480	0.01112	0.06193	0.07138	0.00854	0.03127	0.00701	0.00344	0.00310	0.00070	0.00293	0.00281	0.00264	0.74357
2	0.00510	0.00428	0.00519	0.00480	0.00614	0.00372	0.04012	0.00643	0.00955	0.01211	0.25981	0.03416	0.57639	0.00910	0.00463	0.00130	0.00216	0.00778	0.00375	0.00351
3	0.00763	0.01869	0.01062	0.00896	0.02547	0.00614	0.21257	0.05928	0.02030	0.04430	0.09067	0.28479	0.01734	0.05769	0.00608	0.04309	0.00384	0.07528	0.00312	0.00416
4	0.00475	0.00350	0.00446	0.00522	0.00562	0.00320	0.00353	0.00549	0.00773	0.01010	0.02448	0.72919	0.15455	0.01191	0.00495	0.00155	0.00223	0.01069	0.00364	0.00320
5	0.01615	0.00699	0.00906	0.00716	0.01004	0.00649	0.00584	0.01942	0.16168	0.68918	0.01556	0.01358	0.01012	0.00494	0.00395	0.00123	0.00329	0.00403	0.00469	0.00659
6	0.00772	0.00650	0.00767	0.00567	0.00875	0.00498	0.00450	0.00948	0.00860	0.01324	0.13852	0.01149	0.01076	0.00371	0.00318	0.00068	0.00274	0.00308	0.00264	0.74610
7	0.00484	0.00396	0.00426	0.00423	0.00543	0.00339	0.00316	0.00600	0.00935	0.01167	0.21046	0.06472	0.63571	0.00960	0.00464	0.00131	0.00197	0.00812	0.00379	0.00339
8	0.00856	0.00709	0.00872	0.00625	0.00973	0.00542	0.03460	0.01035	0.00830	0.04657	0.00735	0.00843	0.00597	0.00300	0.00301	0.00063	0.00306	0.00247	0.00241	0.81809
9	0.00562	0.00414	0.00598	0.00598	0.00657	0.00473	0.00450	0.00679	0.00621	0.00886	0.01079	0.01703	0.01051	0.16160	0.71545	0.00590	0.00944	0.00444	0.00214	0.00332
10	0.00786	0.02028	0.84191	0.01117	0.01697	0.00910	0.01448	0.01242	0.00828	0.01242	0.00704	0.00828	0.00497	0.00372	0.00372	0.00124	0.00579	0.00290	0.00166	0.00579
11	0.00581	0.00379	0.00424	0.00424	0.00429	0.00379	0.00240	0.00592	0.00587	0.00806	0.01238	0.02494	0.01398	0.80633	0.01883	0.00361	0.00367	0.00557	0.05982	0.00246
12	0.00509	0.00406	0.00461	0.00469	0.00586	0.00358	0.00366	0.00639	0.00940	0.01183	0.20155	0.03701	0.54152	0.00968	0.00476	0.00138	0.00222	0.13551	0.00378	0.00344
13	0.01759	0.00667	0.00910	0.00698	0.01001	0.00576	0.00576	0.01911	0.01122	0.84048	0.01547	0.01334	0.00970	0.00485	0.00394	0.00121	0.00334	0.00394	0.00485	0.00667

[dist]
# distance from previous block
# <min> <max>
0	0

# created by:
# /st0/software/busco_prod/Augustus/scripts/msa2prfl.pl ./align_prep/129103.fa
