[name]
unknown

[dist]
# distance from previous block
# <min> <max>
9	77

[block]
# block no. 0 follows, 61 sequences, length 38
# corresponding to MSA columns:
# 77-104,110-119
name=unknown_A
#
# <colnr> <probs for GDERKNQSTAVLIFYWHMCP>
#	G	D	E	R	K	N	Q	S	T	A	V	L	I	F	Y	W	H	M	C	P
0	0.03342	0.09336	0.01063	0.00763	0.01016	0.00861	0.03116	0.18353	0.07287	0.15410	0.18515	0.07828	0.06728	0.00668	0.00440	0.00131	0.00354	0.00558	0.00411	0.03821
1	0.63155	0.10286	0.06841	0.00647	0.00950	0.01025	0.00587	0.01294	0.03796	0.01761	0.03225	0.00834	0.00632	0.00417	0.00294	0.00127	0.00365	0.00267	0.00264	0.03234
2	0.61326	0.11803	0.10738	0.00692	0.01017	0.03302	0.00654	0.02504	0.00813	0.03025	0.00646	0.00743	0.00503	0.00402	0.00293	0.00128	0.00401	0.00250	0.00251	0.00507
3	0.05900	0.00890	0.01126	0.00914	0.03215	0.02200	0.06202	0.14738	0.07475	0.18814	0.08271	0.01315	0.01087	0.00518	0.00499	0.00125	0.07824	0.00410	0.00368	0.18107
4	0.08553	0.00611	0.00776	0.00841	0.04425	0.00631	0.00671	0.05690	0.05372	0.04043	0.07597	0.07743	0.02145	0.00979	0.00527	0.00175	0.00375	0.47997	0.00391	0.00459
5	0.01136	0.76005	0.09371	0.00788	0.01178	0.03363	0.00815	0.01306	0.00886	0.01045	0.00616	0.00712	0.00552	0.00374	0.00291	0.00096	0.00483	0.00239	0.00185	0.00559
6	0.00588	0.00456	0.00541	0.00535	0.00655	0.00416	0.00409	0.00780	0.03535	0.01445	0.38899	0.06876	0.34332	0.01000	0.00516	0.00147	0.00232	0.07808	0.00434	0.00395
7	0.01458	0.01779	0.01130	0.01030	0.01232	0.67552	0.00773	0.04069	0.02185	0.01103	0.00811	0.01008	0.01691	0.04364	0.07819	0.00177	0.00773	0.00323	0.00236	0.00487
8	0.01114	0.01088	0.02981	0.01130	0.06027	0.08346	0.11728	0.04979	0.51491	0.01671	0.02756	0.01463	0.02175	0.00535	0.00444	0.00141	0.00450	0.00468	0.00370	0.00644
9	0.01795	0.00722	0.00968	0.00761	0.01068	0.00638	0.00620	0.05376	0.01231	0.71790	0.01730	0.08827	0.01210	0.00605	0.00443	0.00137	0.00361	0.00501	0.00517	0.00699
10	0.00525	0.00375	0.00500	0.00600	0.00625	0.00350	0.00400	0.00600	0.00825	0.01100	0.02374	0.84580	0.02849	0.01350	0.00550	0.00175	0.00250	0.01225	0.00400	0.00350
11	0.01027	0.01134	0.02381	0.01984	0.18475	0.01076	0.64516	0.01368	0.01009	0.01385	0.00859	0.01142	0.00659	0.00367	0.00492	0.00142	0.00683	0.00483	0.00217	0.00602
12	0.00881	0.04373	0.75823	0.01249	0.01867	0.01024	0.06173	0.01363	0.00915	0.01356	0.00774	0.00918	0.00552	0.00405	0.00411	0.00136	0.00637	0.00327	0.00184	0.00631
13	0.00610	0.00440	0.00576	0.00542	0.00644	0.00406	0.00406	0.00813	0.01219	0.01727	0.81947	0.03218	0.04064	0.00881	0.00508	0.00135	0.00203	0.00779	0.00474	0.00406
14	0.00525	0.00375	0.00500	0.00600	0.00625	0.00350	0.00400	0.00600	0.00825	0.01100	0.02374	0.84580	0.02849	0.01350	0.00550	0.00175	0.00250	0.01225	0.00400	0.00350
15	0.01066	0.01023	0.01748	0.02644	0.82174	0.01023	0.01322	0.01322	0.00981	0.01407	0.00810	0.01066	0.00682	0.00384	0.00426	0.00128	0.00512	0.00384	0.00213	0.00682
16	0.07380	0.01314	0.01186	0.01264	0.16139	0.30206	0.02533	0.01717	0.25556	0.01426	0.01214	0.01311	0.04322	0.00513	0.00414	0.00130	0.00531	0.01964	0.00300	0.00580
17	0.01755	0.00847	0.01053	0.00814	0.01134	0.00816	0.00670	0.24302	0.01457	0.54141	0.07196	0.01468	0.01184	0.00553	0.00438	0.00132	0.00385	0.00445	0.00500	0.00710
18	0.00598	0.00478	0.00740	0.05553	0.00912	0.00460	0.07573	0.00729	0.00896	0.01206	0.12071	0.60957	0.02668	0.01148	0.00535	0.00166	0.00307	0.02238	0.00381	0.00386
19	0.00695	0.00544	0.00662	0.06542	0.05962	0.00511	0.00501	0.00908	0.05821	0.06023	0.13512	0.03313	0.51590	0.00910	0.00490	0.00142	0.00276	0.00769	0.00393	0.00438
20	0.01313	0.01121	0.01235	0.01044	0.01176	0.16071	0.00851	0.07021	0.00974	0.17593	0.00846	0.01024	0.00676	0.00636	0.00960	0.00159	0.46100	0.00371	0.00281	0.00548
21	0.32327	0.52312	0.01642	0.00687	0.01015	0.03921	0.00643	0.01294	0.00835	0.01345	0.00601	0.00697	0.00522	0.00382	0.00276	0.00107	0.00425	0.00233	0.00215	0.00520
22	0.63409	0.00836	0.00723	0.00626	0.00882	0.00946	0.00511	0.13008	0.00990	0.02021	0.11553	0.01086	0.00988	0.00482	0.00323	0.00133	0.00337	0.00329	0.00319	0.00498
23	0.00559	0.00409	0.00527	0.00567	0.00635	0.00377	0.00404	0.00689	0.00991	0.01342	0.31682	0.43607	0.11857	0.01145	0.00532	0.00158	0.00234	0.03484	0.00427	0.00374
24	0.00900	0.00501	0.00660	0.00594	0.00744	0.00451	0.00454	0.01080	0.01178	0.20092	0.53458	0.10078	0.06381	0.00851	0.00495	0.00139	0.00245	0.00745	0.00478	0.00474
25	0.00970	0.00983	0.01338	0.06919	0.05989	0.04825	0.00977	0.01087	0.00717	0.01063	0.00598	0.00957	0.00572	0.00697	0.01244	0.00178	0.69836	0.00373	0.00192	0.00485
26	0.87904	0.00833	0.00633	0.00566	0.00833	0.00966	0.00467	0.01266	0.00733	0.01933	0.00600	0.00700	0.00467	0.00400	0.00267	0.00133	0.00333	0.00233	0.00267	0.00467
27	0.00520	0.00395	0.00479	0.00547	0.00611	0.00354	0.00377	0.00606	0.00875	0.01120	0.03013	0.58765	0.28252	0.01267	0.00537	0.00165	0.00240	0.01123	0.00400	0.00354
28	0.00933	0.00930	0.01317	0.06989	0.01261	0.01294	0.00960	0.01041	0.00674	0.01041	0.00580	0.00957	0.00566	0.00731	0.01344	0.00185	0.78158	0.00377	0.00189	0.00472
29	0.00891	0.02040	0.68461	0.01332	0.01933	0.01016	0.15571	0.01367	0.00928	0.01367	0.00790	0.00954	0.00565	0.00401	0.00427	0.00138	0.00652	0.00352	0.00188	0.00627
30	0.01839	0.00856	0.01073	0.00825	0.01159	0.00820	0.00681	0.21870	0.03255	0.60591	0.01533	0.01361	0.00988	0.00530	0.00433	0.00133	0.00393	0.00423	0.00505	0.00732
31	0.01670	0.00676	0.00880	0.00699	0.00982	0.00607	0.00570	0.01891	0.04836	0.62790	0.01644	0.01500	0.01085	0.00529	0.00407	0.00127	0.00333	0.00429	0.17678	0.00665
32	0.01066	0.01023	0.01748	0.02644	0.82174	0.01023	0.01322	0.01322	0.00981	0.01407	0.00810	0.01066	0.00682	0.00384	0.00426	0.00128	0.00512	0.00384	0.00213	0.00682
33	0.01777	0.00739	0.00978	0.00762	0.01073	0.00665	0.00625	0.06444	0.03411	0.68707	0.08721	0.01600	0.01318	0.00564	0.00440	0.00134	0.00358	0.00462	0.00520	0.00703
34	0.00525	0.00375	0.00500	0.00600	0.00625	0.00350	0.00400	0.00600	0.00825	0.01100	0.02374	0.84580	0.02849	0.01350	0.00550	0.00175	0.00250	0.01225	0.00400	0.00350
35	0.01126	0.77761	0.09393	0.00781	0.01173	0.01642	0.00813	0.01296	0.00878	0.01045	0.00614	0.00710	0.00552	0.00372	0.00288	0.00096	0.00476	0.00238	0.00184	0.00560
36	0.01078	0.01103	0.05964	0.07193	0.67989	0.02881	0.01296	0.04764	0.01021	0.01436	0.00812	0.01055	0.00668	0.00395	0.00425	0.00129	0.00526	0.00378	0.00220	0.00666
37	0.00854	0.00798	0.01333	0.74753	0.09963	0.00971	0.01199	0.02914	0.00898	0.01164	0.00776	0.01139	0.00587	0.00428	0.00430	0.00142	0.00566	0.00383	0.00199	0.00502

[dist]
# distance from previous block
# <min> <max>
0	12

[block]
# block no. 1 follows, 61 sequences, length 85
# corresponding to MSA columns:
# 132-167,170,171,181-209,217-234
name=unknown_B
#
# <colnr> <probs for GDERKNQSTAVLIFYWHMCP>
#	G	D	E	R	K	N	Q	S	T	A	V	L	I	F	Y	W	H	M	C	P
0	0.00954	0.01152	0.08798	0.03856	0.03388	0.01003	0.60921	0.01310	0.02148	0.01354	0.01031	0.07200	0.00875	0.00473	0.00502	0.00148	0.00660	0.03429	0.00237	0.00563
1	0.08032	0.00740	0.00974	0.00752	0.01081	0.00657	0.00621	0.02040	0.01197	0.76759	0.01621	0.01412	0.01024	0.00524	0.00421	0.00133	0.00364	0.00419	0.00514	0.00714
2	0.00671	0.00500	0.01826	0.02887	0.00814	0.00462	0.02236	0.00861	0.01090	0.03846	0.46872	0.13963	0.03221	0.02256	0.01930	0.00166	0.00296	0.15260	0.00427	0.00413
3	0.00532	0.00376	0.00497	0.00594	0.00621	0.00351	0.00397	0.00611	0.00827	0.01113	0.02348	0.82343	0.02802	0.01327	0.00543	0.00173	0.00249	0.01202	0.02742	0.00351
4	0.00824	0.00408	0.00412	0.00408	0.00513	0.00406	0.00307	0.01024	0.00909	0.03085	0.01411	0.01603	0.01103	0.00502	0.00304	0.00101	0.00204	0.00402	0.85667	0.00408
5	0.00560	0.00436	0.00508	0.00495	0.00614	0.00384	0.00369	0.00714	0.01094	0.01441	0.42767	0.06638	0.40443	0.00996	0.00510	0.00142	0.00212	0.00856	0.00437	0.00384
6	0.00527	0.00376	0.00499	0.00598	0.00622	0.00351	0.00398	0.00600	0.00821	0.01095	0.02357	0.83216	0.02828	0.02743	0.00577	0.00179	0.00253	0.01215	0.00398	0.00348
7	0.01924	0.00747	0.01008	0.00773	0.01106	0.00653	0.00638	0.04332	0.01255	0.80208	0.01681	0.01454	0.01057	0.00533	0.00433	0.00133	0.00370	0.00432	0.00530	0.00733
8	0.00986	0.22118	0.57557	0.01102	0.01644	0.06996	0.01333	0.01372	0.00923	0.01258	0.00724	0.00848	0.00548	0.00402	0.00376	0.00124	0.00604	0.00294	0.00185	0.00607
9	0.01616	0.01854	0.01238	0.01082	0.01333	0.63902	0.00829	0.20297	0.01410	0.01445	0.00752	0.00837	0.00597	0.00461	0.00398	0.00115	0.00706	0.00303	0.00271	0.00554
10	0.00786	0.00407	0.00419	0.00423	0.00516	0.00407	0.00314	0.00972	0.00887	0.01536	0.01438	0.01830	0.01195	0.06696	0.00452	0.00128	0.00225	0.03690	0.77291	0.00391
11	0.01138	0.72615	0.11103	0.00806	0.01199	0.04900	0.00835	0.01315	0.00893	0.01054	0.00621	0.00719	0.00552	0.00376	0.00296	0.00098	0.00493	0.00242	0.00186	0.00560
12	0.00864	0.02148	0.77830	0.01234	0.01851	0.00990	0.04465	0.01352	0.00920	0.01373	0.02617	0.00971	0.00629	0.00418	0.00415	0.00137	0.00630	0.00336	0.00190	0.00629
13	0.01069	0.04256	0.00982	0.00679	0.01045	0.00633	0.01718	0.01255	0.00954	0.14781	0.01978	0.02220	0.00781	0.00379	0.00345	0.00080	0.00336	0.00308	0.00303	0.65898
14	0.01099	0.02524	0.01074	0.02478	0.01178	0.06694	0.10322	0.02467	0.03394	0.19007	0.01773	0.06377	0.01691	0.00841	0.00516	0.00165	0.00456	0.37043	0.00386	0.00516
15	0.00615	0.00462	0.00692	0.00692	0.00769	0.00538	0.00538	0.00769	0.00692	0.01000	0.01154	0.01692	0.01077	0.03231	0.83154	0.00692	0.01154	0.00462	0.00231	0.00385
16	0.01066	0.01023	0.01748	0.02644	0.82174	0.01023	0.01322	0.01322	0.00981	0.01407	0.00810	0.01066	0.00682	0.00384	0.00426	0.00128	0.00512	0.00384	0.00213	0.00682
17	0.01052	0.01023	0.01786	0.06008	0.73090	0.01025	0.07015	0.01317	0.00978	0.01392	0.00813	0.01076	0.00676	0.00384	0.00433	0.00130	0.00530	0.00393	0.00213	0.00666
18	0.00527	0.00376	0.00501	0.00599	0.00625	0.00351	0.00400	0.00604	0.00833	0.01113	0.04029	0.82889	0.02874	0.01340	0.00549	0.00174	0.00249	0.01215	0.00401	0.00351
19	0.00599	0.00440	0.00560	0.00530	0.00637	0.00402	0.00398	0.00791	0.01193	0.01665	0.73361	0.03320	0.12690	0.00904	0.00508	0.00137	0.00205	0.00793	0.00466	0.00402
20	0.01095	0.01127	0.04825	0.01393	0.01762	0.01106	0.42544	0.10100	0.27973	0.01662	0.01180	0.01288	0.00879	0.00455	0.00473	0.00144	0.00567	0.00481	0.00313	0.00633
21	0.08032	0.00740	0.00974	0.00752	0.01081	0.00657	0.00621	0.02040	0.01197	0.76759	0.01621	0.01412	0.01024	0.00524	0.00421	0.00133	0.00364	0.00419	0.00514	0.00714
22	0.00525	0.00375	0.00500	0.00600	0.00625	0.00350	0.00400	0.00600	0.00825	0.01100	0.02374	0.84580	0.02849	0.01350	0.00550	0.00175	0.00250	0.01225	0.00400	0.00350
23	0.00803	0.00401	0.00401	0.00401	0.00502	0.00401	0.00301	0.01004	0.00903	0.01606	0.01405	0.01606	0.01104	0.00502	0.00301	0.00100	0.00201	0.00401	0.87253	0.00401
24	0.01597	0.01610	0.01224	0.01045	0.01293	0.46947	0.00817	0.22194	0.01386	0.09878	0.00860	0.00928	0.00655	0.00497	0.00485	0.00124	0.07243	0.00330	0.00306	0.00582
25	0.00864	0.02228	0.82630	0.01228	0.01864	0.01000	0.01592	0.01364	0.00909	0.01364	0.00773	0.00909	0.00546	0.00409	0.00409	0.00136	0.00637	0.00318	0.00182	0.00637
26	0.00992	0.00961	0.01317	0.01121	0.01145	0.01321	0.00934	0.06691	0.00757	0.01156	0.00599	0.00949	0.00577	0.00737	0.01344	0.00184	0.78142	0.00378	0.00206	0.00490
27	0.03409	0.01185	0.03653	0.01705	0.02130	0.02183	0.70485	0.07011	0.01082	0.01485	0.00871	0.01131	0.00651	0.00377	0.00493	0.00143	0.00697	0.00486	0.00234	0.00588
28	0.00549	0.00471	0.00475	0.00468	0.00620	0.00414	0.00352	0.00737	0.06687	0.01209	0.04179	0.03965	0.76275	0.01055	0.00504	0.00146	0.00227	0.00879	0.00403	0.00386
29	0.00908	0.02344	0.00924	0.00644	0.01026	0.00605	0.00519	0.02115	0.00907	0.01413	0.00766	0.00891	0.00638	0.00322	0.00320	0.00065	0.00324	0.00256	0.00256	0.84755
30	0.00530	0.00381	0.00494	0.00583	0.00613	0.00355	0.00387	0.00602	0.00822	0.01088	0.02430	0.75087	0.07369	0.06262	0.00644	0.00188	0.00258	0.01171	0.00392	0.00345
31	0.00525	0.00435	0.00459	0.00457	0.00592	0.00370	0.00341	0.00647	0.01013	0.01247	0.16072	0.06332	0.67890	0.01067	0.00510	0.00145	0.00217	0.00899	0.00411	0.00370
32	0.00982	0.01036	0.07345	0.24835	0.52961	0.01005	0.01293	0.01285	0.02660	0.01328	0.00815	0.01089	0.00656	0.00403	0.00427	0.00133	0.00534	0.00381	0.00210	0.00623
33	0.00610	0.00440	0.00576	0.00542	0.00644	0.00406	0.00406	0.00813	0.01219	0.01727	0.81947	0.03218	0.04064	0.00881	0.00508	0.00135	0.00203	0.00779	0.00474	0.00406
34	0.01141	0.82078	0.05208	0.00755	0.01133	0.01679	0.00768	0.01293	0.00877	0.01026	0.00605	0.00699	0.00553	0.00370	0.00281	0.00094	0.00467	0.00234	0.00184	0.00556
35	0.01584	0.08257	0.01330	0.01034	0.01316	0.44862	0.00820	0.32469	0.01507	0.01698	0.00804	0.00870	0.00624	0.00466	0.00396	0.00117	0.00634	0.00317	0.00300	0.00594
36	0.01534	0.01881	0.01236	0.01106	0.01309	0.69405	0.00844	0.05847	0.01199	0.01141	0.00674	0.00809	0.00566	0.00483	0.00508	0.00121	0.10305	0.00295	0.00229	0.00509
37	0.01066	0.01023	0.01748	0.02644	0.82174	0.01023	0.01322	0.01322	0.00981	0.01407	0.00810	0.01066	0.00682	0.00384	0.00426	0.00128	0.00512	0.00384	0.00213	0.00682
38	0.01066	0.01017	0.01693	0.02519	0.76424	0.01027	0.01277	0.01391	0.06686	0.01435	0.00877	0.01105	0.00727	0.00398	0.00427	0.00129	0.00500	0.00391	0.00229	0.00682
39	0.00525	0.00375	0.00500	0.00600	0.00625	0.00350	0.00400	0.00600	0.00825	0.01100	0.02374	0.84580	0.02849	0.01350	0.00550	0.00175	0.00250	0.01225	0.00400	0.00350
40	0.87904	0.00833	0.00633	0.00566	0.00833	0.00966	0.00467	0.01266	0.00733	0.01933	0.00600	0.00700	0.00467	0.00400	0.00267	0.00133	0.00333	0.00233	0.00267	0.00467
41	0.00864	0.02228	0.82630	0.01228	0.01864	0.01000	0.01592	0.01364	0.00909	0.01364	0.00773	0.00909	0.00546	0.00409	0.00409	0.00136	0.00637	0.00318	0.00182	0.00637
42	0.00748	0.00374	0.00561	0.00561	0.00561	0.00374	0.00374	0.00561	0.00561	0.00748	0.00748	0.01309	0.00748	0.01496	0.01684	0.87467	0.00374	0.00374	0.00187	0.00187
43	0.01762	0.00946	0.01124	0.00869	0.01202	0.00957	0.00715	0.35943	0.05605	0.44100	0.01416	0.01287	0.00935	0.00529	0.00432	0.00132	0.00411	0.00416	0.00484	0.00730
44	0.87904	0.00833	0.00633	0.00566	0.00833	0.00966	0.00467	0.01266	0.00733	0.01933	0.00600	0.00700	0.00467	0.00400	0.00267	0.00133	0.00333	0.00233	0.00267	0.00467
45	0.00525	0.00375	0.00500	0.00600	0.00625	0.00350	0.00400	0.00600	0.00825	0.01100	0.02374	0.84580	0.02849	0.01350	0.00550	0.00175	0.00250	0.01225	0.00400	0.00350
46	0.00871	0.00467	0.00474	0.00450	0.00570	0.00478	0.00343	0.07513	0.00995	0.01696	0.01375	0.01559	0.01074	0.00503	0.00312	0.00103	0.00223	0.00400	0.80165	0.00429
47	0.01066	0.01023	0.01748	0.02644	0.82174	0.01023	0.01322	0.01322	0.00981	0.01407	0.00810	0.01066	0.00682	0.00384	0.00426	0.00128	0.00512	0.00384	0.00213	0.00682
48	0.00520	0.00433	0.00463	0.00470	0.00600	0.00376	0.00350	0.00631	0.00953	0.01159	0.05587	0.10519	0.68176	0.01259	0.06376	0.00186	0.00287	0.00900	0.00390	0.00365
49	0.01152	0.85121	0.02257	0.00737	0.01106	0.01704	0.00737	0.01290	0.00875	0.01013	0.00599	0.00691	0.00553	0.00369	0.00276	0.00092	0.00461	0.00230	0.00184	0.00553
50	0.01370	0.01381	0.01442	0.01722	0.35803	0.27803	0.01026	0.17641	0.02416	0.02922	0.00845	0.00987	0.00672	0.00437	0.00414	0.00123	0.00581	0.00353	0.01433	0.00630
51	0.01213	0.10342	0.20313	0.00926	0.01284	0.06825	0.00894	0.01807	0.28129	0.17194	0.03997	0.01382	0.01066	0.00523	0.00415	0.00134	0.00456	0.02106	0.00354	0.00639
52	0.86455	0.00831	0.00639	0.00570	0.00838	0.00961	0.00469	0.01280	0.00742	0.03290	0.00618	0.00713	0.00477	0.00402	0.00269	0.00133	0.00334	0.00237	0.00271	0.00471
53	0.01081	0.01068	0.01787	0.02534	0.73818	0.03757	0.06931	0.01339	0.00991	0.01394	0.00810	0.01063	0.00676	0.00384	0.00431	0.00129	0.00536	0.00389	0.00214	0.00669
54	0.01546	0.00745	0.00960	0.00719	0.01070	0.00611	0.00587	0.01722	0.01107	0.52312	0.01352	0.01253	0.00907	0.00453	0.00391	0.00107	0.00349	0.00367	0.00430	0.33011
55	0.00813	0.00766	0.01292	0.83826	0.02967	0.00957	0.01196	0.01101	0.00861	0.01101	0.00766	0.01148	0.00574	0.00431	0.00431	0.00144	0.00574	0.00383	0.00191	0.00479
56	0.01066	0.01023	0.01748	0.02644	0.82174	0.01023	0.01322	0.01322	0.00981	0.01407	0.00810	0.01066	0.00682	0.00384	0.00426	0.00128	0.00512	0.00384	0.00213	0.00682
57	0.00582	0.00439	0.00538	0.00513	0.00627	0.00395	0.00385	0.00760	0.01155	0.01574	0.60837	0.03470	0.25270	0.00938	0.00508	0.00138	0.00207	0.00814	0.00454	0.00395
58	0.00700	0.00481	0.00581	0.00538	0.00658	0.00461	0.00408	0.05831	0.01198	0.01728	0.57484	0.02869	0.08875	0.00807	0.00468	0.00130	0.00221	0.00699	0.15440	0.00423
59	0.87904	0.00833	0.00633	0.00566	0.00833	0.00966	0.00467	0.01266	0.00733	0.01933	0.00600	0.00700	0.00467	0.00400	0.00267	0.00133	0.00333	0.00233	0.00267	0.00467
60	0.00872	0.00441	0.00453	0.00435	0.00552	0.00441	0.00331	0.03706	0.00953	0.04607	0.01404	0.01582	0.01090	0.00504	0.00310	0.00103	0.00216	0.00402	0.81175	0.00425
61	0.01650	0.01187	0.01281	0.00982	0.01326	0.01307	0.00811	0.77476	0.01992	0.06023	0.01062	0.01052	0.00746	0.00518	0.00431	0.00129	0.00470	0.00390	0.00435	0.00733
62	0.00775	0.00407	0.00427	0.00422	0.00522	0.00402	0.00316	0.00976	0.00949	0.01624	0.13101	0.01840	0.01534	0.00557	0.00331	0.00105	0.00201	0.00456	0.74651	0.00402
63	0.00610	0.00440	0.00576	0.00542	0.00644	0.00406	0.00406	0.00813	0.01219	0.01727	0.81947	0.03218	0.04064	0.00881	0.00508	0.00135	0.00203	0.00779	0.00474	0.00406
64	0.00610	0.00440	0.00576	0.00542	0.00644	0.00406	0.00406	0.00813	0.01219	0.01727	0.81947	0.03218	0.04064	0.00881	0.00508	0.00135	0.00203	0.00779	0.00474	0.00406
65	0.00527	0.00433	0.00464	0.00465	0.00595	0.00370	0.00345	0.00650	0.01011	0.01254	0.17248	0.09222	0.63778	0.01072	0.00512	0.00146	0.00218	0.00908	0.00412	0.00370
66	0.01051	0.01008	0.01708	0.07049	0.71476	0.01024	0.03578	0.01359	0.04923	0.01409	0.00856	0.01100	0.00707	0.00396	0.00430	0.00130	0.00513	0.00392	0.00223	0.00668
67	0.01147	0.70009	0.05788	0.00768	0.01125	0.05905	0.00760	0.01305	0.00923	0.02790	0.05517	0.00874	0.00774	0.00409	0.00306	0.00099	0.00468	0.00274	0.00211	0.00549
68	0.00645	0.00444	0.00575	0.05530	0.00693	0.00473	0.00387	0.00681	0.00649	0.00880	0.01226	0.02347	0.01331	0.55005	0.19724	0.07731	0.00584	0.00555	0.00244	0.00295
69	0.82657	0.00809	0.00621	0.00559	0.00818	0.00930	0.00458	0.01227	0.00748	0.01886	0.00826	0.00907	0.05361	0.00441	0.00281	0.00134	0.00326	0.00274	0.00275	0.00460
70	0.00891	0.14632	0.63261	0.01132	0.01686	0.01070	0.03634	0.01307	0.00902	0.01296	0.00846	0.05907	0.00688	0.00458	0.00400	0.00132	0.00589	0.00365	0.00196	0.00605
71	0.00931	0.24435	0.56078	0.01070	0.01602	0.01160	0.01308	0.01316	0.00905	0.01265	0.00817	0.01088	0.00664	0.00445	0.00385	0.00128	0.00575	0.05035	0.00195	0.00600
72	0.01171	0.00973	0.01058	0.05880	0.01275	0.01118	0.00741	0.18154	0.60438	0.01945	0.01548	0.01463	0.01152	0.00562	0.00436	0.00143	0.00382	0.00461	0.00422	0.00680
73	0.03154	0.00904	0.01163	0.00849	0.01226	0.05621	0.12791	0.01210	0.00940	0.04368	0.00806	0.00944	0.00647	0.00343	0.00355	0.00083	0.00411	0.00301	0.00258	0.63626
74	0.01723	0.00908	0.08622	0.00945	0.06043	0.00740	0.00783	0.03235	0.01170	0.64327	0.01487	0.01355	0.00962	0.00524	0.00484	0.00136	0.04971	0.00416	0.00461	0.00707
75	0.00703	0.00583	0.00916	0.02092	0.17321	0.00573	0.05431	0.00854	0.02077	0.02275	0.01891	0.57524	0.02156	0.01049	0.00536	0.00163	0.02103	0.00962	0.00346	0.00445
76	0.01174	0.78025	0.04195	0.00764	0.01138	0.01665	0.00763	0.06061	0.00945	0.01124	0.00629	0.00717	0.00563	0.00378	0.00289	0.00095	0.00466	0.00242	0.00199	0.00566
77	0.00703	0.00546	0.00742	0.00660	0.00795	0.00533	0.05254	0.02284	0.06840	0.02969	0.53990	0.06018	0.10524	0.03281	0.00575	0.00149	0.02523	0.00743	0.00433	0.00439
78	0.00618	0.00449	0.00568	0.00597	0.00671	0.00428	0.00424	0.05480	0.01030	0.01399	0.27714	0.49730	0.06988	0.01138	0.00527	0.00158	0.00247	0.01017	0.00425	0.00392
79	0.00909	0.00832	0.01371	0.11638	0.42930	0.00874	0.02797	0.01136	0.00939	0.01301	0.01218	0.07810	0.01201	0.00653	0.00533	0.00152	0.05497	0.17388	0.00262	0.00558
80	0.01000	0.21480	0.54692	0.01113	0.01653	0.03227	0.03571	0.06121	0.00979	0.01356	0.00748	0.00870	0.00562	0.00406	0.00382	0.00125	0.00592	0.00306	0.00199	0.00618
81	0.00687	0.00570	0.00802	0.00759	0.00817	0.00698	0.00597	0.00811	0.00704	0.01010	0.01279	0.01838	0.06763	0.09566	0.49722	0.00503	0.20506	0.01736	0.00238	0.00393
82	0.00558	0.00417	0.00559	0.05585	0.00777	0.00401	0.00456	0.00668	0.00891	0.01180	0.10673	0.59620	0.10277	0.01214	0.00537	0.00167	0.00269	0.04991	0.00395	0.00367
83	0.04248	0.01002	0.01513	0.22823	0.49333	0.05924	0.01188	0.01343	0.03636	0.03687	0.00840	0.01086	0.00672	0.00411	0.00420	0.00132	0.00527	0.00376	0.00227	0.00613
84	0.03149	0.01147	0.04400	0.01393	0.08272	0.07114	0.30967	0.16537	0.02591	0.13718	0.03238	0.01298	0.00873	0.00469	0.00460	0.00137	0.00569	0.02721	0.00321	0.00626

[dist]
# distance from previous block
# <min> <max>
0	41

# created by:
# /st0/software/busco_prod/Augustus/scripts/msa2prfl.pl ./align_prep/129363.fa
