[name]
unknown

[dist]
# distance from previous block
# <min> <max>
0	40

[block]
# block no. 0 follows, 64 sequences, length 7
# corresponding to MSA columns:
# 40-46
name=unknown_A
#
# <colnr> <probs for GDERKNQSTAVLIFYWHMCP>
#	G	D	E	R	K	N	Q	S	T	A	V	L	I	F	Y	W	H	M	C	P
0	0.00687	0.00520	0.00661	0.00738	0.00829	0.03420	0.00624	0.00858	0.00941	0.01213	0.04963	0.07479	0.02333	0.06897	0.00668	0.00200	0.00385	0.65838	0.00370	0.00376
1	0.01014	0.05055	0.01606	0.09575	0.53339	0.05015	0.07148	0.03799	0.00966	0.01313	0.00876	0.06779	0.00779	0.00443	0.00417	0.00127	0.00506	0.00423	0.00222	0.00598
2	0.02721	0.00537	0.00650	0.00592	0.00719	0.00534	0.00435	0.07440	0.02553	0.10077	0.12749	0.11270	0.03306	0.21024	0.12705	0.00269	0.00430	0.00588	0.06338	0.05062
3	0.00707	0.00521	0.00689	0.04649	0.00812	0.00536	0.02832	0.04905	0.00889	0.04023	0.12950	0.24934	0.08521	0.19304	0.02551	0.00213	0.05702	0.00741	0.02677	0.01844
4	0.00896	0.00575	0.00688	0.00625	0.00778	0.00564	0.00471	0.11621	0.04914	0.12402	0.14113	0.21852	0.11675	0.07096	0.04389	0.00181	0.00331	0.00709	0.03043	0.03077
5	0.03592	0.00588	0.00711	0.03291	0.02282	0.02452	0.00499	0.04948	0.03582	0.18352	0.18070	0.15516	0.09728	0.08158	0.04404	0.00184	0.00347	0.00656	0.02174	0.00466
6	0.04974	0.00491	0.00584	0.00591	0.02504	0.00474	0.00413	0.00877	0.06808	0.04567	0.25234	0.20648	0.14757	0.12456	0.00696	0.00176	0.00267	0.00764	0.00382	0.02336

[dist]
# distance from previous block
# <min> <max>
10	30

[block]
# block no. 1 follows, 64 sequences, length 16
# corresponding to MSA columns:
# 80-90,99-103
name=unknown_B
#
# <colnr> <probs for GDERKNQSTAVLIFYWHMCP>
#	G	D	E	R	K	N	Q	S	T	A	V	L	I	F	Y	W	H	M	C	P
0	0.04023	0.14964	0.30207	0.01051	0.08045	0.03055	0.01009	0.03493	0.08378	0.16871	0.02261	0.01047	0.00759	0.00432	0.00377	0.00122	0.00477	0.00338	0.00281	0.02812
1	0.06339	0.15553	0.27632	0.01086	0.09975	0.00979	0.03808	0.02445	0.02927	0.11573	0.02034	0.01058	0.00732	0.00725	0.10043	0.00185	0.00564	0.00341	0.00248	0.01754
2	0.18265	0.17682	0.41880	0.00929	0.01384	0.01095	0.01064	0.03992	0.05884	0.03178	0.00766	0.00854	0.00575	0.00402	0.00346	0.00123	0.00495	0.00289	0.00222	0.00574
3	0.04434	0.03713	0.19684	0.45057	0.04430	0.00924	0.01111	0.01210	0.04806	0.03409	0.00858	0.01087	0.01976	0.00421	0.00395	0.00130	0.00517	0.00353	0.00213	0.05271
4	0.03084	0.00771	0.05292	0.00654	0.00971	0.00595	0.01808	0.05892	0.00968	0.06441	0.03989	0.04273	0.14501	0.00513	0.00371	0.00095	0.00321	0.00423	0.00303	0.48734
5	0.01006	0.00965	0.01647	0.09816	0.75714	0.00981	0.01264	0.01256	0.00936	0.01331	0.00777	0.01035	0.00649	0.00374	0.00412	0.00125	0.00499	0.00370	0.00204	0.00641
6	0.00872	0.00677	0.00743	0.00682	0.00870	0.00718	0.00527	0.02908	0.40038	0.06567	0.12649	0.06915	0.21153	0.00763	0.00456	0.00141	0.00283	0.02085	0.00421	0.00532
7	0.00620	0.00472	0.00675	0.00624	0.00691	0.00489	0.06239	0.00707	0.00676	0.00922	0.01381	0.02280	0.06274	0.43678	0.32007	0.00465	0.00674	0.00554	0.00246	0.00324
8	0.00943	0.00884	0.01417	0.34058	0.34540	0.00995	0.02642	0.03835	0.08860	0.01297	0.00847	0.01103	0.00671	0.00432	0.00474	0.00135	0.05691	0.00381	0.00224	0.00569
9	0.00784	0.00738	0.01246	0.84404	0.02861	0.00923	0.01154	0.01061	0.00831	0.01061	0.00738	0.01107	0.00554	0.00415	0.00415	0.00138	0.00554	0.00369	0.00185	0.00461
10	0.00544	0.00403	0.00512	0.00589	0.00635	0.00389	0.00402	0.00698	0.06704	0.01113	0.02350	0.74653	0.06982	0.01234	0.00520	0.00165	0.00246	0.01113	0.00388	0.00361
11	0.00491	0.00421	0.00421	0.00421	0.00561	0.00351	0.00316	0.00596	0.00947	0.01122	0.04208	0.03997	0.82643	0.01052	0.00491	0.00140	0.00210	0.00877	0.00386	0.00351
12	0.00861	0.00738	0.00861	0.00615	0.00984	0.00554	0.00492	0.01046	0.00861	0.01354	0.00738	0.00861	0.00615	0.00308	0.00308	0.00062	0.00308	0.00246	0.00246	0.87941
13	0.01864	0.00707	0.00964	0.00739	0.01060	0.00611	0.00611	0.02024	0.01189	0.83099	0.01639	0.01414	0.01028	0.00514	0.00418	0.00129	0.00353	0.00418	0.00514	0.00707
14	0.01111	0.85652	0.02177	0.00711	0.01066	0.01644	0.00711	0.01244	0.00844	0.00977	0.00577	0.00666	0.00533	0.00355	0.00267	0.00089	0.00444	0.00222	0.00178	0.00533
15	0.00625	0.00485	0.00702	0.00615	0.00744	0.00445	0.06270	0.00831	0.01152	0.01632	0.74182	0.02891	0.03581	0.00797	0.00484	0.00129	0.00236	0.00717	0.00433	0.03050

[dist]
# distance from previous block
# <min> <max>
2	21

[block]
# block no. 2 follows, 64 sequences, length 35
# corresponding to MSA columns:
# 128-162
name=unknown_C
#
# <colnr> <probs for GDERKNQSTAVLIFYWHMCP>
#	G	D	E	R	K	N	Q	S	T	A	V	L	I	F	Y	W	H	M	C	P
0	0.01123	0.83288	0.02148	0.00721	0.01072	0.03963	0.00713	0.01256	0.00853	0.00978	0.00579	0.00669	0.00533	0.00357	0.00270	0.00089	0.00453	0.00223	0.00179	0.00532
1	0.00634	0.00453	0.00534	0.00516	0.00516	0.00489	0.00317	0.00643	0.00607	0.00825	0.01233	0.02539	0.01414	0.76997	0.02040	0.00381	0.08764	0.00580	0.00245	0.00272
2	0.00861	0.00738	0.00861	0.00615	0.00984	0.00554	0.00492	0.01046	0.00861	0.01354	0.00738	0.00861	0.00615	0.00308	0.00308	0.00062	0.00308	0.00246	0.00246	0.87941
3	0.78103	0.00946	0.02771	0.00611	0.00873	0.08566	0.00510	0.01264	0.00755	0.01772	0.00589	0.00687	0.00460	0.00390	0.00271	0.00127	0.00368	0.00231	0.00251	0.00457
4	0.00650	0.00460	0.00634	0.01918	0.00822	0.00456	0.00593	0.00826	0.02099	0.02431	0.05215	0.24723	0.02475	0.01147	0.00553	0.00181	0.00341	0.53708	0.00386	0.00381
5	0.00774	0.00387	0.00387	0.00387	0.00484	0.00387	0.00290	0.00968	0.00871	0.01549	0.01355	0.01549	0.01065	0.00484	0.00290	0.00097	0.00194	0.00387	0.87708	0.00387
6	0.00604	0.00403	0.00453	0.00453	0.00453	0.00403	0.00252	0.00604	0.00604	0.00805	0.01309	0.02718	0.01510	0.85402	0.02114	0.00403	0.00403	0.00604	0.00252	0.00252
7	0.10447	0.00716	0.00929	0.00720	0.01035	0.00642	0.00595	0.01945	0.01141	0.75035	0.01533	0.01340	0.00971	0.00501	0.00402	0.00129	0.00350	0.00399	0.00489	0.00681
8	0.01579	0.01163	0.01247	0.00956	0.01288	0.01288	0.00789	0.81426	0.01953	0.02618	0.00997	0.00997	0.00706	0.00499	0.00416	0.00125	0.00457	0.00374	0.00416	0.00706
9	0.01033	0.00892	0.00939	0.00845	0.01080	0.01033	0.00657	0.02207	0.82061	0.01738	0.01691	0.01550	0.01268	0.00564	0.00423	0.00141	0.00329	0.00470	0.00423	0.00657
10	0.00858	0.00811	0.01385	0.41309	0.33590	0.00894	0.04089	0.01106	0.00877	0.01186	0.00913	0.09417	0.00815	0.00483	0.00428	0.00136	0.00505	0.00455	0.00214	0.00529
11	0.00774	0.00387	0.00387	0.00387	0.00484	0.00387	0.00290	0.00968	0.00871	0.01549	0.01355	0.01549	0.01065	0.00484	0.00290	0.00097	0.00194	0.00387	0.87708	0.00387
12	0.04112	0.00738	0.01022	0.09150	0.06179	0.00692	0.00700	0.03206	0.03225	0.63101	0.01493	0.01371	0.02061	0.00500	0.00414	0.00130	0.00380	0.00411	0.00450	0.00666
13	0.00969	0.00826	0.00880	0.00808	0.01015	0.00946	0.00619	0.02000	0.71686	0.01644	0.01739	0.09879	0.01422	0.03041	0.00481	0.00151	0.00322	0.00544	0.00414	0.00614
14	0.00552	0.00420	0.00485	0.00471	0.00571	0.00377	0.00340	0.00681	0.00995	0.01314	0.38534	0.03402	0.35119	0.14059	0.00743	0.00177	0.00234	0.00779	0.00397	0.00354
15	0.00909	0.02093	0.75677	0.01163	0.01743	0.05964	0.01461	0.01359	0.00905	0.03886	0.00767	0.00886	0.00543	0.00400	0.00394	0.00130	0.00614	0.00308	0.00188	0.00609
16	0.00794	0.00667	0.00784	0.00588	0.00899	0.00515	0.00465	0.00976	0.00918	0.01391	0.14406	0.01420	0.06124	0.00442	0.00349	0.00078	0.00283	0.00367	0.00289	0.68244
17	0.55752	0.04156	0.00847	0.00740	0.03238	0.14214	0.00574	0.03679	0.10695	0.01687	0.00741	0.00811	0.00579	0.00416	0.00305	0.00125	0.00404	0.00270	0.00270	0.00496
18	0.01085	0.01191	0.06690	0.01945	0.41106	0.10733	0.19845	0.01339	0.00962	0.03870	0.00787	0.01011	0.00633	0.00404	0.00492	0.00130	0.06579	0.00383	0.00214	0.00599
19	0.01272	0.00985	0.01045	0.00877	0.01147	0.02602	0.00700	0.28990	0.47041	0.07066	0.01424	0.01341	0.01046	0.00579	0.01831	0.00143	0.00395	0.00430	0.00419	0.00669
20	0.00722	0.00361	0.00541	0.00541	0.00541	0.00361	0.00361	0.00541	0.00541	0.00722	0.00722	0.01263	0.00722	0.01443	0.01623	0.87915	0.00361	0.00361	0.00180	0.00180
21	0.01044	0.42633	0.34340	0.00941	0.01398	0.01328	0.02396	0.09233	0.00969	0.01281	0.00690	0.00791	0.00549	0.00385	0.00336	0.00110	0.00517	0.00275	0.00201	0.00583
22	0.00506	0.00361	0.00482	0.00578	0.00602	0.00337	0.00386	0.00578	0.00795	0.01060	0.02289	0.85131	0.02747	0.01301	0.00530	0.00169	0.00241	0.01181	0.00386	0.00337
23	0.01310	0.01010	0.09196	0.00932	0.04193	0.00952	0.00776	0.16797	0.31208	0.22417	0.01381	0.01334	0.00992	0.02108	0.01526	0.00146	0.02244	0.00419	0.00401	0.00659
24	0.00861	0.00738	0.00861	0.00615	0.00984	0.00554	0.00492	0.01046	0.00861	0.01354	0.00738	0.00861	0.00615	0.00308	0.00308	0.00062	0.00308	0.00246	0.00246	0.87941
25	0.00634	0.00453	0.00534	0.00516	0.00516	0.00489	0.00317	0.00643	0.00607	0.00825	0.01233	0.02539	0.01414	0.76997	0.02040	0.00381	0.08764	0.00580	0.00245	0.00272
26	0.00774	0.00387	0.00387	0.00387	0.00484	0.00387	0.00290	0.00968	0.00871	0.01549	0.01355	0.01549	0.01065	0.00484	0.00290	0.00097	0.00194	0.00387	0.87708	0.00387
27	0.88336	0.00803	0.00611	0.00546	0.00803	0.00932	0.00450	0.01221	0.00707	0.01864	0.00578	0.00675	0.00450	0.00386	0.00257	0.00129	0.00321	0.00225	0.00257	0.00450
28	0.00759	0.00696	0.01151	0.67310	0.06109	0.00838	0.01037	0.01014	0.00868	0.01135	0.08959	0.06389	0.01025	0.00510	0.00429	0.00139	0.00497	0.00456	0.00225	0.00456
29	0.01597	0.01135	0.01229	0.00942	0.01274	0.01246	0.00778	0.76463	0.01905	0.07648	0.01037	0.01023	0.00727	0.00500	0.00416	0.00125	0.00451	0.00377	0.00422	0.00706
30	0.01002	0.00866	0.00945	0.05898	0.01175	0.01004	0.00683	0.02085	0.74279	0.01676	0.01653	0.03096	0.01271	0.00578	0.00427	0.00142	0.00342	0.01836	0.00407	0.00635
31	0.00774	0.00387	0.00387	0.00387	0.00484	0.00387	0.00290	0.00968	0.00871	0.01549	0.01355	0.01549	0.01065	0.00484	0.00290	0.00097	0.00194	0.00387	0.87708	0.00387
32	0.00664	0.00474	0.00627	0.00616	0.03692	0.00446	0.00442	0.03116	0.01178	0.03809	0.72501	0.02917	0.05047	0.00849	0.01675	0.00138	0.00232	0.00716	0.00444	0.00418
33	0.00856	0.00829	0.06065	0.03184	0.13457	0.02155	0.07605	0.02346	0.02688	0.03989	0.17359	0.12478	0.01577	0.00626	0.00526	0.00129	0.08746	0.00541	0.00300	0.14543
34	0.14482	0.11009	0.04516	0.00814	0.01139	0.06088	0.00704	0.27385	0.01305	0.25846	0.01039	0.01011	0.00723	0.00458	0.00370	0.00120	0.00427	0.00336	0.00368	0.01859

[dist]
# distance from previous block
# <min> <max>
1	5

[block]
# block no. 3 follows, 64 sequences, length 11
# corresponding to MSA columns:
# 170-180
name=unknown_D
#
# <colnr> <probs for GDERKNQSTAVLIFYWHMCP>
#	G	D	E	R	K	N	Q	S	T	A	V	L	I	F	Y	W	H	M	C	P
0	0.44969	0.09483	0.04262	0.00695	0.02518	0.02520	0.00587	0.07071	0.02508	0.06185	0.00728	0.00804	0.00562	0.00389	0.00301	0.00113	0.00366	0.00261	0.00271	0.15405
1	0.00805	0.00767	0.01315	0.50084	0.12202	0.00874	0.09598	0.01077	0.02880	0.01143	0.01039	0.10518	0.03020	0.00529	0.00458	0.00141	0.02354	0.00488	0.00223	0.00484
2	0.00506	0.00361	0.00482	0.00578	0.00602	0.00337	0.00386	0.00578	0.00795	0.01060	0.02289	0.85131	0.02747	0.01301	0.00530	0.00169	0.00241	0.01181	0.00386	0.00337
3	0.00539	0.00379	0.00492	0.00569	0.00594	0.00362	0.00383	0.00607	0.00771	0.01025	0.02087	0.62040	0.02471	0.18017	0.00849	0.00217	0.00285	0.07631	0.00359	0.00324
4	0.00833	0.02149	0.83250	0.01184	0.01798	0.00965	0.01535	0.01315	0.00877	0.01315	0.00745	0.00877	0.00526	0.00395	0.00395	0.00132	0.00614	0.00307	0.00175	0.00614
5	0.00528	0.00378	0.00504	0.00575	0.00616	0.00353	0.00398	0.00629	0.00875	0.01185	0.17895	0.66049	0.02961	0.01207	0.00524	0.00162	0.00238	0.04172	0.00399	0.00350
6	0.00588	0.00425	0.00555	0.00523	0.00621	0.00392	0.00392	0.00784	0.01176	0.01666	0.82592	0.03103	0.03919	0.00849	0.00490	0.00131	0.00196	0.00751	0.00457	0.00392
7	0.00867	0.09024	0.70367	0.01188	0.01765	0.01028	0.07520	0.01311	0.00882	0.01288	0.00739	0.00878	0.00535	0.00388	0.00391	0.00129	0.00606	0.00314	0.00178	0.00603
8	0.01080	0.76375	0.11184	0.00763	0.01147	0.01568	0.00802	0.01252	0.00848	0.01015	0.00596	0.00690	0.00532	0.00360	0.00281	0.00094	0.00463	0.00232	0.00177	0.00542
9	0.00774	0.00387	0.00387	0.00387	0.00484	0.00387	0.00290	0.00968	0.00871	0.01549	0.01355	0.01549	0.01065	0.00484	0.00290	0.00097	0.00194	0.00387	0.87708	0.00387
10	0.71979	0.00820	0.00821	0.09955	0.01136	0.00940	0.06664	0.01212	0.00741	0.01734	0.00616	0.00757	0.00475	0.00386	0.00292	0.00131	0.00376	0.00261	0.00245	0.00460

[dist]
# distance from previous block
# <min> <max>
0	2

[block]
# block no. 4 follows, 64 sequences, length 12
# corresponding to MSA columns:
# 183-194
name=unknown_E
#
# <colnr> <probs for GDERKNQSTAVLIFYWHMCP>
#	G	D	E	R	K	N	Q	S	T	A	V	L	I	F	Y	W	H	M	C	P
0	0.00623	0.00499	0.00745	0.00992	0.17889	0.00483	0.00577	0.00742	0.00846	0.01156	0.06753	0.59927	0.02325	0.01135	0.03098	0.00172	0.00319	0.00962	0.00347	0.00409
1	0.00861	0.00738	0.00861	0.00615	0.00984	0.00554	0.00492	0.01046	0.00861	0.01354	0.00738	0.00861	0.00615	0.00308	0.00308	0.00062	0.00308	0.00246	0.00246	0.87941
2	0.00763	0.00963	0.18309	0.01398	0.29983	0.00702	0.00941	0.00989	0.00884	0.01244	0.04630	0.32450	0.03504	0.00757	0.00457	0.00143	0.00406	0.00686	0.00280	0.00512
3	0.01334	0.00811	0.06828	0.00728	0.00996	0.02124	0.00610	0.05782	0.05387	0.39481	0.01339	0.01554	0.01027	0.18332	0.00778	0.00180	0.01964	0.00427	0.00384	0.09935
4	0.01332	0.01640	0.01031	0.00967	0.01141	0.66204	0.00715	0.01432	0.01097	0.01026	0.00988	0.18487	0.01000	0.00612	0.00407	0.00120	0.00642	0.00460	0.00250	0.00451
5	0.00932	0.16602	0.04372	0.00892	0.01278	0.00875	0.17557	0.01152	0.00884	0.01278	0.00730	0.00880	0.00600	0.00329	0.00341	0.00086	0.00426	0.00295	0.00223	0.50268
6	0.01076	0.18774	0.01763	0.02097	0.62657	0.01111	0.01132	0.01295	0.00933	0.04247	0.00770	0.00966	0.00645	0.00372	0.00381	0.00116	0.00478	0.00341	0.00211	0.00633
7	0.00774	0.00387	0.00387	0.00387	0.00484	0.00387	0.00290	0.00968	0.00871	0.01549	0.01355	0.01549	0.01065	0.00484	0.00290	0.00097	0.00194	0.00387	0.87708	0.00387
8	0.01007	0.01276	0.18835	0.02177	0.59886	0.04373	0.03847	0.01301	0.00942	0.01333	0.00770	0.00988	0.00624	0.00377	0.00409	0.00125	0.00536	0.00356	0.00200	0.00638
9	0.00503	0.00374	0.00469	0.00545	0.00594	0.00340	0.00371	0.00582	0.00827	0.01073	0.02693	0.68076	0.19542	0.01249	0.00522	0.00163	0.00235	0.01117	0.00386	0.00340
10	0.01311	0.49276	0.01771	0.00823	0.01162	0.06437	0.00745	0.31026	0.01276	0.01588	0.00737	0.00794	0.00598	0.00413	0.00328	0.00103	0.00467	0.00281	0.00268	0.00594
11	0.01082	0.09500	0.30665	0.00960	0.01356	0.01076	0.00991	0.20129	0.19871	0.03336	0.02745	0.04547	0.00910	0.00503	0.00402	0.00129	0.00466	0.00399	0.00310	0.00624

[dist]
# distance from previous block
# <min> <max>
0	1

[block]
# block no. 5 follows, 64 sequences, length 32
# corresponding to MSA columns:
# 196-227
name=unknown_F
#
# <colnr> <probs for GDERKNQSTAVLIFYWHMCP>
#	G	D	E	R	K	N	Q	S	T	A	V	L	I	F	Y	W	H	M	C	P
0	0.01070	0.00994	0.01637	0.04048	0.75740	0.02577	0.01234	0.02423	0.00970	0.04144	0.00810	0.01037	0.00667	0.00379	0.00411	0.00124	0.00494	0.00370	0.00219	0.00653
1	0.00979	0.00831	0.00878	0.00796	0.01001	0.00954	0.00607	0.02006	0.71832	0.01621	0.01643	0.01696	0.01298	0.11217	0.00635	0.00174	0.00338	0.00486	0.00401	0.00607
2	0.01520	0.01921	0.01207	0.01158	0.06142	0.78804	0.00831	0.01636	0.01163	0.01037	0.00650	0.00766	0.00542	0.00425	0.00377	0.00108	0.00734	0.00274	0.00214	0.00492
3	0.01086	0.00998	0.01611	0.05966	0.69041	0.01022	0.01208	0.11331	0.01067	0.01502	0.00807	0.01028	0.00659	0.00388	0.00412	0.00124	0.00492	0.00371	0.00231	0.00655
4	0.01132	0.03475	0.01019	0.00854	0.01108	0.01075	0.00676	0.13015	0.66554	0.03947	0.01561	0.01444	0.01163	0.00547	0.00417	0.00137	0.00350	0.00448	0.00417	0.00662
5	0.01729	0.00773	0.03388	0.00765	0.01085	0.00674	0.00644	0.02026	0.11335	0.70469	0.01619	0.01415	0.01044	0.00517	0.00418	0.00130	0.00358	0.00421	0.00493	0.00698
6	0.01108	0.02266	0.00968	0.00721	0.01055	0.00772	0.00582	0.15808	0.12091	0.09383	0.01019	0.02241	0.00789	0.00411	0.00356	0.00092	0.00343	0.00329	0.00327	0.49338
7	0.00603	0.00408	0.00480	0.00480	0.00489	0.00417	0.00285	0.00621	0.00612	0.00825	0.01284	0.02582	0.01451	0.75069	0.12367	0.00436	0.00492	0.00584	0.00248	0.00267
8	0.00861	0.00738	0.00861	0.00615	0.00984	0.00554	0.00492	0.01046	0.00861	0.01354	0.00738	0.00861	0.00615	0.00308	0.00308	0.00062	0.00308	0.00246	0.00246	0.87941
9	0.16903	0.37017	0.07447	0.00778	0.03144	0.01152	0.01591	0.01204	0.02029	0.06015	0.00813	0.03805	0.00712	0.00822	0.12528	0.00194	0.02789	0.00320	0.00230	0.00507
10	0.00774	0.00387	0.00387	0.00387	0.00484	0.00387	0.00290	0.00968	0.00871	0.01549	0.01355	0.01549	0.01065	0.00484	0.00290	0.00097	0.00194	0.00387	0.87708	0.00387
11	0.00774	0.00387	0.00387	0.00387	0.00484	0.00387	0.00290	0.00968	0.00871	0.01549	0.01355	0.01549	0.01065	0.00484	0.00290	0.00097	0.00194	0.00387	0.87708	0.00387
12	0.00861	0.00738	0.00861	0.00615	0.00984	0.00554	0.00492	0.01046	0.00861	0.01354	0.00738	0.00861	0.00615	0.00308	0.00308	0.00062	0.00308	0.00246	0.00246	0.87941
13	0.00655	0.00612	0.03868	0.00727	0.07260	0.02146	0.00534	0.01838	0.06438	0.01309	0.15948	0.03317	0.42048	0.00900	0.00483	0.00143	0.00289	0.10687	0.00374	0.00423
14	0.00593	0.00410	0.00477	0.00477	0.00498	0.00413	0.00291	0.00621	0.00641	0.00852	0.01529	0.02690	0.08313	0.67935	0.12229	0.00414	0.00476	0.00607	0.00259	0.00275
15	0.00951	0.12939	0.31754	0.01243	0.16310	0.01039	0.01086	0.01484	0.20163	0.02417	0.04224	0.01191	0.02506	0.00457	0.00393	0.00127	0.00473	0.00376	0.00259	0.00609
16	0.00774	0.00387	0.00387	0.00387	0.00484	0.00387	0.00290	0.00968	0.00871	0.01549	0.01355	0.01549	0.01065	0.00484	0.00290	0.00097	0.00194	0.00387	0.87708	0.00387
17	0.00867	0.03896	0.69838	0.01339	0.11943	0.00984	0.01469	0.01323	0.02179	0.01320	0.00761	0.00902	0.00555	0.00393	0.00394	0.00130	0.00590	0.00316	0.00183	0.00618
18	0.02124	0.17130	0.17656	0.01134	0.17084	0.01960	0.00903	0.01247	0.00898	0.05979	0.00766	0.00888	0.00611	0.00360	0.00344	0.00098	0.00439	0.00288	0.00226	0.29864
19	0.85696	0.03372	0.00658	0.00551	0.00811	0.00953	0.00458	0.01222	0.00711	0.01837	0.00578	0.00675	0.00452	0.00385	0.00257	0.00127	0.00325	0.00225	0.00255	0.00452
20	0.01071	0.00542	0.00711	0.00606	0.00794	0.00488	0.00476	0.01274	0.03267	0.32123	0.45694	0.02481	0.07279	0.00728	0.00461	0.00131	0.00259	0.00626	0.00474	0.00514
21	0.01007	0.00955	0.01601	0.02382	0.75508	0.00959	0.01207	0.01288	0.04179	0.01387	0.04856	0.01151	0.00843	0.00401	0.00416	0.00124	0.00472	0.00393	0.00227	0.00645
22	0.00506	0.00361	0.00482	0.00578	0.00602	0.00337	0.00386	0.00578	0.00795	0.01060	0.02289	0.85131	0.02747	0.01301	0.00530	0.00169	0.00241	0.01181	0.00386	0.00337
23	0.00963	0.01968	0.72917	0.01128	0.01705	0.00920	0.01419	0.01404	0.00916	0.11586	0.00858	0.00944	0.00589	0.00410	0.00398	0.00131	0.00581	0.00321	0.00218	0.00626
24	0.00619	0.00469	0.00693	0.00740	0.05172	0.00528	0.00523	0.00751	0.00674	0.00963	0.01122	0.01752	0.01084	0.14539	0.67732	0.00601	0.00979	0.00463	0.00226	0.00370
25	0.00826	0.00699	0.00818	0.00623	0.00942	0.00553	0.00488	0.01050	0.05277	0.01338	0.00985	0.11481	0.00919	0.00446	0.00342	0.00079	0.00300	0.00376	0.00273	0.72185
26	0.00859	0.05547	0.73974	0.01263	0.07622	0.00995	0.01482	0.01310	0.00881	0.01304	0.00741	0.00879	0.00536	0.00391	0.00390	0.00129	0.00598	0.00308	0.00178	0.00614
27	0.00597	0.00497	0.00613	0.00550	0.00720	0.00420	0.04769	0.00728	0.00938	0.02656	0.08423	0.13750	0.51017	0.00929	0.00472	0.00133	0.00255	0.00799	0.00366	0.11369
28	0.04014	0.00754	0.02553	0.00776	0.07229	0.00630	0.00571	0.05677	0.03116	0.02477	0.12718	0.01393	0.05581	0.00455	0.00362	0.00091	0.00317	0.00378	0.00297	0.50610
29	0.02615	0.00987	0.09367	0.02681	0.09002	0.00947	0.00794	0.01893	0.51329	0.08669	0.04826	0.01449	0.01185	0.00525	0.00416	0.00135	0.00374	0.00441	0.00376	0.01988
30	0.00870	0.02773	0.11227	0.00696	0.00934	0.05101	0.00614	0.03623	0.01043	0.09559	0.27981	0.14362	0.04464	0.00701	0.00434	0.00123	0.00334	0.00600	0.00360	0.14200
31	0.01204	0.05041	0.08360	0.00789	0.03861	0.03489	0.00667	0.01434	0.03783	0.27288	0.01237	0.01225	0.05225	0.00439	0.00368	0.00101	0.00373	0.00352	0.00333	0.34432

[dist]
# distance from previous block
# <min> <max>
2	138

# created by:
# /st0/software/busco_prod/Augustus/scripts/msa2prfl.pl ./align_prep/129410.fa
