[name]
unknown

[dist]
# distance from previous block
# <min> <max>
0	30

[block]
# block no. 0 follows, 58 sequences, length 39
# corresponding to MSA columns:
# 30-57,62-72
name=unknown_A
#
# <colnr> <probs for GDERKNQSTAVLIFYWHMCP>
#	G	D	E	R	K	N	Q	S	T	A	V	L	I	F	Y	W	H	M	C	P
0	0.20541	0.01086	0.02178	0.00917	0.03062	0.07826	0.01673	0.28323	0.11028	0.03872	0.01306	0.03753	0.04654	0.00594	0.00422	0.00141	0.00445	0.05063	0.00374	0.02744
1	0.20355	0.01288	0.01058	0.00924	0.02579	0.25846	0.00713	0.11233	0.10996	0.12937	0.02544	0.01088	0.00826	0.00491	0.00393	0.00128	0.00510	0.00352	0.00347	0.05394
2	0.19363	0.02183	0.01059	0.00895	0.01142	0.19527	0.05720	0.09178	0.13461	0.04610	0.10195	0.04159	0.03060	0.02989	0.00474	0.00146	0.00477	0.00460	0.00348	0.00553
3	0.00738	0.00624	0.00947	0.02851	0.05366	0.00750	0.02467	0.00898	0.00760	0.01103	0.03057	0.05082	0.01128	0.02435	0.53618	0.00526	0.16469	0.00499	0.00243	0.00439
4	0.01551	0.06609	0.01276	0.01072	0.01317	0.63372	0.00822	0.06360	0.06938	0.01255	0.00975	0.01047	0.04517	0.00504	0.00409	0.00120	0.00709	0.00339	0.00266	0.00543
5	0.00650	0.00435	0.00494	0.00494	0.00496	0.00437	0.00279	0.00654	0.00652	0.00872	0.01404	0.02897	0.01613	0.82178	0.04360	0.00441	0.00454	0.00646	0.00270	0.00274
6	0.01107	0.01063	0.01816	0.02746	0.81489	0.01063	0.01373	0.01373	0.01019	0.01461	0.00841	0.01107	0.00709	0.00399	0.00443	0.00133	0.00531	0.00399	0.00221	0.00709
7	0.00679	0.00470	0.00599	0.00560	0.00681	0.00427	0.00422	0.00877	0.01237	0.05122	0.68712	0.03379	0.13297	0.00925	0.00524	0.00142	0.00220	0.00810	0.00486	0.00431
8	0.00633	0.00457	0.00598	0.00563	0.00668	0.00422	0.00422	0.00844	0.01266	0.01794	0.81253	0.03341	0.04221	0.00914	0.00528	0.00141	0.00211	0.00809	0.00492	0.00422
9	0.00545	0.00389	0.00519	0.00623	0.00649	0.00363	0.00415	0.00623	0.00856	0.01142	0.02465	0.83987	0.02959	0.01401	0.00571	0.00182	0.00260	0.01272	0.00415	0.00363
10	0.00548	0.00392	0.00522	0.00621	0.00649	0.00365	0.00415	0.00630	0.00870	0.01164	0.05088	0.81303	0.03001	0.01385	0.00570	0.00180	0.00258	0.01256	0.00418	0.00365
11	0.87439	0.00865	0.00657	0.00588	0.00865	0.01003	0.00484	0.01315	0.00761	0.02007	0.00623	0.00727	0.00484	0.00415	0.00277	0.00138	0.00346	0.00242	0.00277	0.00484
12	0.00914	0.04166	0.76240	0.01334	0.05759	0.01057	0.01619	0.01413	0.00947	0.01410	0.00800	0.00947	0.00574	0.00423	0.00423	0.00140	0.00651	0.00332	0.00191	0.00661
13	0.87439	0.00865	0.00657	0.00588	0.00865	0.01003	0.00484	0.01315	0.00761	0.02007	0.00623	0.00727	0.00484	0.00415	0.00277	0.00138	0.00346	0.00242	0.00277	0.00484
14	0.00956	0.00567	0.00680	0.00778	0.11394	0.00574	0.00498	0.06416	0.01035	0.03616	0.01358	0.01550	0.01061	0.00507	0.00342	0.00111	0.00275	0.00414	0.67379	0.00487
15	0.00633	0.00457	0.00598	0.00563	0.00668	0.00422	0.00422	0.00844	0.01266	0.01794	0.81253	0.03341	0.04221	0.00914	0.00528	0.00141	0.00211	0.00809	0.00492	0.00422
16	0.87439	0.00865	0.00657	0.00588	0.00865	0.01003	0.00484	0.01315	0.00761	0.02007	0.00623	0.00727	0.00484	0.00415	0.00277	0.00138	0.00346	0.00242	0.00277	0.00484
17	0.01107	0.01063	0.01816	0.02746	0.81489	0.01063	0.01373	0.01373	0.01019	0.01461	0.00841	0.01107	0.00709	0.00399	0.00443	0.00133	0.00531	0.00399	0.00221	0.00709
18	0.01141	0.00975	0.01027	0.00916	0.01174	0.01126	0.00715	0.06102	0.76910	0.01917	0.01785	0.01640	0.01336	0.00604	0.00455	0.00151	0.00361	0.00501	0.00455	0.00711
19	0.01700	0.01253	0.01342	0.01029	0.01387	0.01387	0.00850	0.79997	0.02103	0.02819	0.01074	0.01074	0.00761	0.00537	0.00447	0.00134	0.00492	0.00403	0.00447	0.00761
20	0.00603	0.00434	0.00547	0.00576	0.00661	0.00395	0.00413	0.00738	0.01043	0.02875	0.30675	0.37384	0.18396	0.01160	0.00546	0.00161	0.00241	0.02313	0.00445	0.00395
21	0.00861	0.00503	0.00652	0.00607	0.00749	0.00452	0.00460	0.01033	0.01172	0.16338	0.44216	0.16180	0.11917	0.00956	0.00522	0.00149	0.00255	0.02026	0.00481	0.00470
22	0.00558	0.00399	0.00533	0.00633	0.00666	0.00374	0.00434	0.00647	0.00878	0.01172	0.04658	0.77010	0.02971	0.01378	0.00573	0.00182	0.00267	0.05882	0.00417	0.00368
23	0.00845	0.00795	0.01342	0.83204	0.03081	0.00994	0.01242	0.01143	0.00894	0.01143	0.00795	0.01193	0.00596	0.00447	0.00447	0.00149	0.00596	0.00398	0.00199	0.00497
24	0.00640	0.00475	0.00698	0.00698	0.00771	0.00548	0.00533	0.00785	0.00713	0.01023	0.01217	0.01863	0.01164	0.10669	0.75255	0.00693	0.01129	0.00495	0.00242	0.00388
25	0.00661	0.00477	0.00596	0.00567	0.00690	0.00439	0.00431	0.00876	0.02991	0.03576	0.59848	0.03513	0.18457	0.00954	0.00528	0.00146	0.00230	0.04118	0.00475	0.00428
26	0.00905	0.02193	0.74677	0.01266	0.01867	0.01069	0.01592	0.01386	0.00921	0.01386	0.00783	0.00948	0.00569	0.00457	0.00519	0.00147	0.08145	0.00336	0.00190	0.00646
27	0.02825	0.75164	0.02211	0.00799	0.01165	0.09442	0.00770	0.01382	0.00940	0.01074	0.00629	0.00726	0.00573	0.00391	0.00298	0.00098	0.00507	0.00244	0.00197	0.00567
28	0.01094	0.01053	0.01788	0.02449	0.64839	0.01061	0.08389	0.01462	0.08515	0.01494	0.00976	0.01264	0.00813	0.00436	0.00456	0.00138	0.00532	0.02301	0.00248	0.00692
29	0.00650	0.00435	0.00493	0.00493	0.00495	0.00437	0.00278	0.00654	0.00652	0.00871	0.01404	0.02899	0.01614	0.82317	0.04222	0.00441	0.00452	0.00646	0.00270	0.00274
30	0.01671	0.02132	0.01268	0.01152	0.01383	0.82483	0.00864	0.01786	0.01268	0.01095	0.00691	0.00807	0.00576	0.00461	0.00403	0.00115	0.00807	0.00288	0.00230	0.00519
31	0.03336	0.41609	0.07056	0.01018	0.08476	0.07680	0.00855	0.06822	0.03379	0.04326	0.00826	0.00980	0.00696	0.00432	0.00353	0.00110	0.00495	0.02146	0.00250	0.09155
32	0.01162	0.04334	0.03255	0.10861	0.35999	0.15855	0.15159	0.02647	0.01069	0.01352	0.00937	0.01167	0.03309	0.00438	0.00448	0.00134	0.00618	0.00412	0.00230	0.00616
33	0.01004	0.01021	0.01366	0.01174	0.01182	0.04377	0.00974	0.01103	0.00707	0.01077	0.00591	0.00972	0.00587	0.00771	0.01429	0.00193	0.80396	0.00388	0.00197	0.00490
34	0.00622	0.00495	0.00553	0.00559	0.00684	0.00458	0.00410	0.03701	0.05498	0.01361	0.13399	0.25213	0.43168	0.01126	0.00533	0.00157	0.00250	0.00970	0.00429	0.00412
35	0.01342	0.01076	0.01214	0.01017	0.02801	0.01199	0.04119	0.36098	0.37705	0.02219	0.01493	0.01472	0.02992	0.02555	0.00500	0.00150	0.00433	0.00474	0.00432	0.00708
36	0.01113	0.00961	0.01011	0.00910	0.01163	0.01113	0.00708	0.02377	0.80681	0.01871	0.01821	0.01669	0.01365	0.00607	0.00455	0.00152	0.00354	0.00506	0.00455	0.00708
37	0.00590	0.00440	0.00548	0.00598	0.00666	0.00415	0.00416	0.00752	0.04761	0.01301	0.17718	0.51295	0.13604	0.03958	0.00608	0.00177	0.00256	0.01082	0.00427	0.00390
38	0.01057	0.01202	0.02612	0.01914	0.04939	0.01129	0.77285	0.01431	0.01055	0.01434	0.00903	0.01203	0.00680	0.00378	0.00525	0.00150	0.00747	0.00524	0.00226	0.00607

[dist]
# distance from previous block
# <min> <max>
0	8

[block]
# block no. 1 follows, 58 sequences, length 10
# corresponding to MSA columns:
# 81-90
name=unknown_B
#
# <colnr> <probs for GDERKNQSTAVLIFYWHMCP>
#	G	D	E	R	K	N	Q	S	T	A	V	L	I	F	Y	W	H	M	C	P
0	0.01807	0.21378	0.01359	0.00788	0.01143	0.00931	0.00684	0.01973	0.01189	0.61930	0.01484	0.01324	0.00976	0.00512	0.00410	0.00128	0.00405	0.00398	0.00465	0.00715
1	0.01502	0.01118	0.01204	0.00972	0.01291	0.01245	0.00787	0.47078	0.30918	0.06946	0.01387	0.01318	0.01002	0.00564	0.00450	0.00141	0.00435	0.00443	0.00456	0.00741
2	0.00762	0.00591	0.00827	0.01056	0.20436	0.00595	0.00558	0.00836	0.00745	0.01023	0.01258	0.02415	0.01372	0.59174	0.06252	0.00375	0.00500	0.00579	0.00257	0.00386
3	0.00586	0.00423	0.00580	0.00643	0.00690	0.00425	0.00456	0.00695	0.00850	0.01160	0.08019	0.50896	0.02523	0.05759	0.20812	0.00324	0.00501	0.03913	0.00371	0.00374
4	0.01360	0.24728	0.01553	0.01131	0.08626	0.36405	0.00843	0.01688	0.14138	0.01268	0.03626	0.01037	0.00842	0.00473	0.00387	0.00118	0.00596	0.00338	0.00264	0.00579
5	0.01043	0.00997	0.01699	0.22544	0.62195	0.01046	0.01341	0.01316	0.00988	0.01383	0.00830	0.01128	0.00681	0.00411	0.00444	0.00137	0.00547	0.00398	0.00216	0.00656
6	0.01315	0.00975	0.01600	0.06481	0.57610	0.00959	0.01190	0.01559	0.01076	0.21213	0.01066	0.01214	0.00801	0.00439	0.00445	0.00135	0.00498	0.00411	0.00302	0.00710
7	0.00832	0.00618	0.00714	0.00687	0.00823	0.00622	0.00509	0.20172	0.01220	0.01609	0.07514	0.43494	0.17218	0.01107	0.00530	0.00162	0.00308	0.00967	0.00428	0.00468
8	0.01580	0.01940	0.01226	0.01113	0.01347	0.69160	0.00839	0.01883	0.14271	0.01222	0.00876	0.00948	0.00705	0.00485	0.00412	0.00121	0.00733	0.00324	0.00267	0.00550
9	0.00595	0.00457	0.00543	0.00583	0.00687	0.00416	0.00447	0.00724	0.00986	0.01247	0.08965	0.17640	0.37579	0.07131	0.00683	0.00189	0.00291	0.20046	0.00410	0.00379

[dist]
# distance from previous block
# <min> <max>
2	7

[block]
# block no. 2 follows, 58 sequences, length 79
# corresponding to MSA columns:
# 98-176
name=unknown_C
#
# <colnr> <probs for GDERKNQSTAVLIFYWHMCP>
#	G	D	E	R	K	N	Q	S	T	A	V	L	I	F	Y	W	H	M	C	P
0	0.01131	0.02979	0.03449	0.09362	0.50376	0.06135	0.06480	0.05601	0.01099	0.02751	0.05609	0.01227	0.00899	0.00446	0.00448	0.00134	0.00547	0.00420	0.00252	0.00654
1	0.00914	0.00857	0.01467	0.64607	0.14371	0.01013	0.04913	0.01204	0.00921	0.02450	0.00817	0.01181	0.00624	0.00446	0.00473	0.00148	0.02443	0.00404	0.00209	0.00537
2	0.00741	0.00477	0.00583	0.00552	0.00686	0.00427	0.00415	0.00909	0.01145	0.09261	0.40920	0.10388	0.24808	0.00959	0.00512	0.00145	0.00236	0.00829	0.05572	0.00437
3	0.01503	0.01803	0.01373	0.01187	0.01431	0.58447	0.09144	0.06320	0.04923	0.01270	0.00867	0.04790	0.00746	0.00520	0.00470	0.00128	0.03895	0.00380	0.00261	0.00542
4	0.00544	0.00392	0.00516	0.00615	0.00647	0.00364	0.00412	0.00624	0.00864	0.01145	0.02562	0.80271	0.06613	0.01389	0.00569	0.00180	0.00258	0.01256	0.00415	0.00364
5	0.01789	0.02664	0.01150	0.00912	0.01217	0.20573	0.00729	0.17069	0.01401	0.41798	0.01335	0.01314	0.00927	0.04430	0.00520	0.00145	0.00509	0.00407	0.00435	0.00676
6	0.00556	0.00482	0.00517	0.00560	0.04377	0.00410	0.00388	0.00676	0.01020	0.01220	0.04359	0.04156	0.77548	0.01099	0.00525	0.00150	0.00241	0.00919	0.00406	0.00393
7	0.00770	0.00390	0.00570	0.00575	0.00582	0.00389	0.00385	0.00612	0.00617	0.00847	0.00896	0.05232	0.00901	0.01486	0.01608	0.77799	0.00372	0.00431	0.05324	0.00215
8	0.01170	0.80628	0.02268	0.00763	0.01132	0.01714	0.00756	0.01314	0.00900	0.01052	0.00649	0.00766	0.00599	0.00521	0.04122	0.00125	0.00512	0.00250	0.00194	0.00566
9	0.01113	0.00961	0.01011	0.00910	0.01163	0.01113	0.00708	0.02377	0.80681	0.01871	0.01821	0.01669	0.01365	0.00607	0.00455	0.00152	0.00354	0.00506	0.00455	0.00708
10	0.02007	0.00761	0.01038	0.00796	0.01142	0.00657	0.00657	0.02180	0.01280	0.81799	0.01765	0.01523	0.01107	0.00554	0.00450	0.00138	0.00381	0.00450	0.00554	0.00761
11	0.87439	0.00865	0.00657	0.00588	0.00865	0.01003	0.00484	0.01315	0.00761	0.02007	0.00623	0.00727	0.00484	0.00415	0.00277	0.00138	0.00346	0.00242	0.00277	0.00484
12	0.01145	0.01265	0.02679	0.01931	0.02386	0.01178	0.78791	0.01493	0.01112	0.01517	0.00995	0.01329	0.00765	0.00438	0.00566	0.00167	0.00780	0.00555	0.00258	0.00649
13	0.00897	0.02314	0.81962	0.01275	0.01936	0.01039	0.01653	0.01417	0.00944	0.01417	0.00803	0.00944	0.00567	0.00425	0.00425	0.00142	0.00661	0.00331	0.00189	0.00661
14	0.00958	0.00928	0.01604	0.29183	0.39782	0.00979	0.08863	0.01230	0.00981	0.01328	0.01195	0.01459	0.08584	0.00485	0.00461	0.00142	0.00545	0.00464	0.00233	0.00595
15	0.00651	0.00434	0.00488	0.00488	0.00488	0.00434	0.00271	0.00651	0.00651	0.00867	0.01409	0.02927	0.01626	0.84279	0.02277	0.00434	0.00434	0.00651	0.00271	0.00271
16	0.00979	0.00979	0.01370	0.01174	0.01174	0.01370	0.00979	0.01077	0.00685	0.01077	0.00587	0.00979	0.00587	0.00783	0.01468	0.00196	0.83461	0.00391	0.00196	0.00489
17	0.01989	0.00790	0.01056	0.00810	0.01156	0.00701	0.00669	0.06782	0.01329	0.77128	0.01724	0.01496	0.01087	0.00553	0.00450	0.00138	0.00387	0.00447	0.00547	0.00761
18	0.00545	0.00389	0.00519	0.00623	0.00649	0.00363	0.00415	0.00623	0.00856	0.01142	0.02465	0.83987	0.02959	0.01401	0.00571	0.00182	0.00260	0.01272	0.00415	0.00363
19	0.87439	0.00865	0.00657	0.00588	0.00865	0.01003	0.00484	0.01315	0.00761	0.02007	0.00623	0.00727	0.00484	0.00415	0.00277	0.00138	0.00346	0.00242	0.00277	0.00484
20	0.00928	0.00795	0.00928	0.00663	0.01060	0.00596	0.00530	0.01126	0.00928	0.01458	0.00795	0.00928	0.00663	0.00331	0.00331	0.00066	0.00331	0.00265	0.00265	0.87014
21	0.00530	0.00449	0.00457	0.00464	0.00607	0.00377	0.00345	0.00641	0.01009	0.01204	0.04398	0.09444	0.76254	0.01150	0.00531	0.00153	0.00229	0.00965	0.00415	0.00377
22	0.00639	0.00479	0.00719	0.00719	0.00799	0.00559	0.00559	0.00799	0.00719	0.01038	0.01198	0.01757	0.01118	0.03355	0.82507	0.00719	0.01198	0.00479	0.00240	0.00399
23	0.00639	0.00479	0.00719	0.00719	0.00799	0.00559	0.00559	0.00799	0.00719	0.01038	0.01198	0.01757	0.01118	0.03355	0.82507	0.00719	0.01198	0.00479	0.00240	0.00399
24	0.00845	0.00795	0.01342	0.83204	0.03081	0.00994	0.01242	0.01143	0.00894	0.01143	0.00795	0.01193	0.00596	0.00447	0.00447	0.00149	0.00596	0.00398	0.00199	0.00497
25	0.13558	0.01056	0.00950	0.00898	0.01106	0.18437	0.00740	0.15319	0.02358	0.03053	0.01507	0.02695	0.01478	0.00806	0.00487	0.00162	0.00501	0.34009	0.00363	0.00518
26	0.01716	0.01228	0.01327	0.01018	0.01375	0.01351	0.00841	0.76120	0.02062	0.06755	0.01108	0.01096	0.00778	0.00538	0.00448	0.00134	0.00487	0.00405	0.00453	0.00761
27	0.01557	0.06764	0.01343	0.01133	0.01343	0.67711	0.00873	0.01672	0.01174	0.01090	0.00674	0.00823	0.00577	0.00497	0.00529	0.00124	0.11075	0.00298	0.00224	0.00518
28	0.87439	0.00865	0.00657	0.00588	0.00865	0.01003	0.00484	0.01315	0.00761	0.02007	0.00623	0.00727	0.00484	0.00415	0.00277	0.00138	0.00346	0.00242	0.00277	0.00484
29	0.02007	0.00761	0.01038	0.00796	0.01142	0.00657	0.00657	0.02180	0.01280	0.81799	0.01765	0.01523	0.01107	0.00554	0.00450	0.00138	0.00381	0.00450	0.00554	0.00761
30	0.00551	0.00450	0.00487	0.00486	0.00620	0.00386	0.00361	0.00683	0.01061	0.01325	0.20247	0.08723	0.60857	0.01103	0.00531	0.00151	0.00225	0.00935	0.00431	0.00386
31	0.00544	0.00394	0.00514	0.00610	0.00646	0.00364	0.00410	0.00624	0.00868	0.01147	0.02616	0.78169	0.08680	0.01382	0.00568	0.00179	0.00257	0.01248	0.00415	0.00364
32	0.00633	0.00457	0.00598	0.00563	0.00668	0.00422	0.00422	0.00844	0.01266	0.01794	0.81253	0.03341	0.04221	0.00914	0.00528	0.00141	0.00211	0.00809	0.00492	0.00422
33	0.00639	0.00479	0.00719	0.00719	0.00799	0.00559	0.00559	0.00799	0.00719	0.01038	0.01198	0.01757	0.01118	0.03355	0.82507	0.00719	0.01198	0.00479	0.00240	0.00399
34	0.01196	0.84548	0.02344	0.00765	0.01148	0.01770	0.00765	0.01339	0.00909	0.01052	0.00622	0.00718	0.00574	0.00383	0.00287	0.00096	0.00478	0.00239	0.00191	0.00574
35	0.00540	0.00454	0.00469	0.00465	0.00611	0.00382	0.00349	0.00664	0.01046	0.01272	0.12832	0.04201	0.72968	0.01109	0.00529	0.00150	0.00225	0.00929	0.00424	0.00382
36	0.01170	0.00990	0.01044	0.00922	0.01185	0.01140	0.00722	0.10000	0.72963	0.01964	0.01747	0.01611	0.01306	0.00600	0.00454	0.00150	0.00368	0.00496	0.00454	0.00713
37	0.01254	0.69938	0.05119	0.00826	0.01210	0.05051	0.00810	0.09086	0.01042	0.01241	0.00676	0.00765	0.00592	0.00403	0.00313	0.00102	0.00500	0.00261	0.00218	0.00593
38	0.01012	0.03579	0.55418	0.01272	0.03300	0.00989	0.10736	0.01443	0.00988	0.09088	0.03134	0.01135	0.00762	0.00587	0.04466	0.00170	0.00653	0.00385	0.00240	0.00643
39	0.02796	0.68945	0.08095	0.00815	0.01201	0.02945	0.00823	0.04519	0.00956	0.01169	0.00677	0.00790	0.00600	0.00508	0.03465	0.00126	0.00523	0.00263	0.00206	0.00579
40	0.01558	0.01182	0.01262	0.01000	0.01333	0.01321	0.00816	0.61195	0.21137	0.02590	0.01255	0.01218	0.00907	0.00554	0.00449	0.00138	0.00459	0.00428	0.00449	0.00748
41	0.00648	0.00433	0.00489	0.00491	0.00492	0.00432	0.00275	0.00650	0.00655	0.00874	0.01435	0.04871	0.01658	0.82292	0.02236	0.00428	0.00429	0.00665	0.00275	0.00273
42	0.06156	0.04479	0.08024	0.01669	0.07995	0.02345	0.52738	0.01385	0.01029	0.01464	0.04214	0.01204	0.00803	0.00407	0.00480	0.00142	0.00657	0.00473	0.00238	0.04100
43	0.01087	0.01044	0.01790	0.06645	0.74857	0.01052	0.02826	0.01355	0.01013	0.01443	0.00865	0.01177	0.00733	0.00414	0.00447	0.00135	0.00537	0.01664	0.00223	0.00691
44	0.00623	0.00457	0.00584	0.00552	0.00662	0.00418	0.00414	0.00824	0.01242	0.01736	0.73718	0.03436	0.11792	0.00936	0.00528	0.00142	0.00213	0.00822	0.00485	0.00418
45	0.01078	0.01036	0.01765	0.02616	0.75971	0.01031	0.02859	0.01338	0.01019	0.01448	0.01024	0.01266	0.04661	0.00434	0.00449	0.00134	0.00521	0.00428	0.00231	0.00690
46	0.01517	0.04745	0.01238	0.01051	0.01296	0.51372	0.00817	0.15907	0.05129	0.01498	0.05562	0.01290	0.00975	0.00551	0.00429	0.00127	0.00658	0.04971	0.00305	0.00562
47	0.00777	0.00389	0.00583	0.00583	0.00583	0.00389	0.00389	0.00583	0.00583	0.00777	0.00777	0.01360	0.00777	0.01554	0.01748	0.86985	0.00389	0.00389	0.00194	0.00194
48	0.00622	0.00457	0.00582	0.00551	0.00661	0.00417	0.00413	0.00822	0.01239	0.01729	0.72725	0.03449	0.12789	0.00939	0.00528	0.00142	0.00213	0.00824	0.00484	0.00417
49	0.01092	0.01042	0.01749	0.07318	0.73006	0.01061	0.01333	0.01409	0.04919	0.01463	0.00887	0.01140	0.00734	0.00412	0.00444	0.00135	0.00526	0.00404	0.00232	0.00696
50	0.00897	0.02314	0.81962	0.01275	0.01936	0.01039	0.01653	0.01417	0.00944	0.01417	0.00803	0.00944	0.00567	0.00425	0.00425	0.00142	0.00661	0.00331	0.00189	0.00661
51	0.00545	0.00389	0.00519	0.00623	0.00649	0.00363	0.00415	0.00623	0.00856	0.01142	0.02465	0.83987	0.02959	0.01401	0.00571	0.00182	0.00260	0.01272	0.00415	0.00363
52	0.01031	0.00985	0.01678	0.26070	0.58759	0.01043	0.01335	0.01306	0.00983	0.01369	0.00828	0.01132	0.00676	0.00413	0.00444	0.00138	0.00550	0.00398	0.00215	0.00647
53	0.01077	0.01044	0.01815	0.10999	0.68811	0.01060	0.05907	0.01353	0.01008	0.01427	0.00840	0.01122	0.00695	0.00402	0.00448	0.00136	0.00551	0.00406	0.00219	0.00681
54	0.00697	0.00506	0.00688	0.00773	0.00881	0.00496	0.00667	0.00895	0.01043	0.01353	0.07239	0.04875	0.10157	0.01207	0.00604	0.00197	0.00382	0.66513	0.00417	0.00409
55	0.00563	0.00408	0.00552	0.03106	0.00724	0.00388	0.00441	0.00660	0.00898	0.01206	0.10153	0.73571	0.03011	0.01325	0.00563	0.00177	0.00265	0.01200	0.00416	0.00373
56	0.87439	0.00865	0.00657	0.00588	0.00865	0.01003	0.00484	0.01315	0.00761	0.02007	0.00623	0.00727	0.00484	0.00415	0.00277	0.00138	0.00346	0.00242	0.00277	0.00484
57	0.02904	0.07145	0.01341	0.03255	0.02482	0.09390	0.02181	0.42252	0.04982	0.12393	0.01092	0.01111	0.00790	0.00558	0.01972	0.00139	0.00514	0.00384	0.00392	0.04722
58	0.07238	0.46679	0.33103	0.00950	0.01434	0.01432	0.01089	0.01368	0.00912	0.01262	0.00692	0.00806	0.00565	0.00401	0.00340	0.00117	0.00540	0.00275	0.00196	0.00601
59	0.00556	0.00456	0.00491	0.00487	0.00627	0.00391	0.00368	0.00693	0.01072	0.01337	0.20792	0.04120	0.62747	0.01089	0.00531	0.00150	0.00228	0.03046	0.00432	0.00388
60	0.00908	0.00580	0.00625	0.02588	0.00759	0.02347	0.00447	0.09129	0.03362	0.03165	0.19800	0.03506	0.04348	0.00648	0.00399	0.00122	0.00269	0.00537	0.45991	0.00469
61	0.00573	0.00394	0.00507	0.00596	0.00635	0.00369	0.00402	0.00665	0.00871	0.01196	0.02446	0.72857	0.05775	0.01305	0.00544	0.00173	0.00253	0.01175	0.08896	0.00369
62	0.01105	0.00643	0.00788	0.00682	0.00888	0.00620	0.00533	0.03851	0.13788	0.23600	0.34665	0.02616	0.11617	0.01930	0.00517	0.00147	0.00293	0.00664	0.00490	0.00563
63	0.00529	0.00453	0.00453	0.00453	0.00604	0.00378	0.00340	0.00642	0.01020	0.01208	0.04532	0.04305	0.81307	0.01133	0.00529	0.00151	0.00227	0.00944	0.00415	0.00378
64	0.01477	0.00643	0.00865	0.00703	0.00956	0.00566	0.00564	0.01665	0.01270	0.50753	0.31388	0.02203	0.02268	0.00688	0.00477	0.00139	0.00315	0.00583	0.01849	0.00630
65	0.87439	0.00865	0.00657	0.00588	0.00865	0.01003	0.00484	0.01315	0.00761	0.02007	0.00623	0.00727	0.00484	0.00415	0.00277	0.00138	0.00346	0.00242	0.00277	0.00484
66	0.01671	0.02132	0.01268	0.01152	0.01383	0.82483	0.00864	0.01786	0.01268	0.01095	0.00691	0.00807	0.00576	0.00461	0.00403	0.00115	0.00807	0.00288	0.00230	0.00519
67	0.01107	0.01063	0.01816	0.02746	0.81489	0.01063	0.01373	0.01373	0.01019	0.01461	0.00841	0.01107	0.00709	0.00399	0.00443	0.00133	0.00531	0.00399	0.00221	0.00709
68	0.00699	0.00603	0.01827	0.00615	0.00783	0.00576	0.00479	0.01113	0.20153	0.01468	0.16101	0.06848	0.42021	0.00976	0.00515	0.00153	0.00270	0.03898	0.00434	0.00469
69	0.01196	0.84548	0.02344	0.00765	0.01148	0.01770	0.00765	0.01339	0.00909	0.01052	0.00622	0.00718	0.00574	0.00383	0.00287	0.00096	0.00478	0.00239	0.00191	0.00574
70	0.00549	0.00392	0.00523	0.00627	0.00655	0.00366	0.00422	0.00629	0.00860	0.01146	0.02463	0.82346	0.02951	0.01398	0.00572	0.00182	0.00263	0.02877	0.00415	0.00364
71	0.02108	0.03615	0.62658	0.01163	0.01723	0.04782	0.02342	0.02554	0.01008	0.04209	0.05733	0.01229	0.03960	0.00488	0.00432	0.00140	0.00606	0.00385	0.00236	0.00629
72	0.01132	0.03512	0.08901	0.03349	0.59239	0.03811	0.02328	0.01399	0.01005	0.04475	0.00846	0.01082	0.00693	0.00433	0.00503	0.00137	0.05861	0.00388	0.00229	0.00678
73	0.01133	0.43972	0.19543	0.01135	0.01583	0.06729	0.17518	0.01405	0.00971	0.01214	0.00725	0.00875	0.00595	0.00396	0.00375	0.00118	0.00597	0.00323	0.00201	0.00595
74	0.05978	0.00823	0.01375	0.73693	0.02908	0.01002	0.05670	0.01170	0.00896	0.01211	0.00791	0.01166	0.00594	0.00441	0.00442	0.00149	0.00590	0.00396	0.00205	0.00502
75	0.01366	0.01364	0.01277	0.05245	0.09247	0.29747	0.03045	0.06854	0.16975	0.07553	0.04796	0.01242	0.00973	0.00542	0.00528	0.00138	0.07776	0.00407	0.00320	0.00603
76	0.00624	0.00454	0.00586	0.00559	0.00664	0.00417	0.00417	0.00824	0.01236	0.01734	0.73728	0.06549	0.08638	0.00946	0.00529	0.00143	0.00214	0.00835	0.00485	0.00417
77	0.03845	0.03349	0.02741	0.00942	0.01268	0.04711	0.08007	0.20363	0.13627	0.07102	0.01236	0.02887	0.02066	0.00590	0.02441	0.00139	0.00466	0.02682	0.02474	0.19061
78	0.00664	0.00589	0.03287	0.00706	0.00846	0.00540	0.05590	0.00907	0.07156	0.01319	0.15613	0.20733	0.20427	0.05857	0.13424	0.00260	0.00452	0.00825	0.00377	0.00429

[dist]
# distance from previous block
# <min> <max>
0	2

[block]
# block no. 3 follows, 58 sequences, length 8
# corresponding to MSA columns:
# 179-186
name=unknown_D
#
# <colnr> <probs for GDERKNQSTAVLIFYWHMCP>
#	G	D	E	R	K	N	Q	S	T	A	V	L	I	F	Y	W	H	M	C	P
0	0.01040	0.11607	0.56860	0.01248	0.01819	0.05395	0.09230	0.01465	0.00984	0.05132	0.00831	0.00964	0.00605	0.00423	0.00419	0.00136	0.00644	0.00343	0.00212	0.00643
1	0.00940	0.16209	0.36660	0.00965	0.01407	0.01017	0.01075	0.03898	0.04891	0.01481	0.13653	0.01514	0.01296	0.00536	0.00419	0.00129	0.00493	0.04063	0.00277	0.09077
2	0.01906	0.00783	0.01071	0.00833	0.01145	0.00727	0.00689	0.02072	0.01222	0.73876	0.01649	0.01469	0.01056	0.00576	0.00550	0.00144	0.08535	0.00444	0.00519	0.00735
3	0.00803	0.03778	0.49685	0.03293	0.01551	0.00852	0.03494	0.01176	0.00959	0.01370	0.07815	0.16450	0.05546	0.00678	0.00465	0.00149	0.00525	0.00578	0.00268	0.00564
4	0.01147	0.03598	0.34758	0.06879	0.04263	0.05478	0.11966	0.12236	0.02613	0.07022	0.01010	0.03110	0.00778	0.00492	0.00451	0.00142	0.00605	0.02536	0.00274	0.00641
5	0.00640	0.00475	0.00700	0.00700	0.00773	0.00549	0.00535	0.00786	0.00713	0.01024	0.01216	0.01856	0.01161	0.10146	0.75774	0.00695	0.01134	0.00494	0.00242	0.00389
6	0.01875	0.00815	0.01057	0.00828	0.01161	0.00754	0.00684	0.10757	0.05134	0.65790	0.01717	0.01631	0.01144	0.00584	0.00457	0.00141	0.00393	0.03803	0.00531	0.00744
7	0.01159	0.10075	0.10811	0.05717	0.26318	0.08627	0.13176	0.05893	0.03893	0.03946	0.02296	0.01250	0.02207	0.00464	0.00442	0.00135	0.00577	0.02124	0.00258	0.00633

[dist]
# distance from previous block
# <min> <max>
0	1

[block]
# block no. 4 follows, 58 sequences, length 33
# corresponding to MSA columns:
# 188-220
name=unknown_E
#
# <colnr> <probs for GDERKNQSTAVLIFYWHMCP>
#	G	D	E	R	K	N	Q	S	T	A	V	L	I	F	Y	W	H	M	C	P
0	0.03237	0.01095	0.01597	0.01465	0.15585	0.01141	0.17954	0.30633	0.09262	0.05864	0.01185	0.02910	0.00936	0.00535	0.00472	0.00144	0.00525	0.04417	0.00360	0.00681
1	0.00659	0.00485	0.00621	0.00582	0.00695	0.00460	0.00438	0.00928	0.05625	0.01798	0.76893	0.03250	0.04064	0.00898	0.00524	0.00141	0.00219	0.00792	0.00490	0.00438
2	0.85250	0.02989	0.00700	0.00593	0.00872	0.01023	0.00492	0.01316	0.00765	0.01983	0.00623	0.00726	0.00487	0.00414	0.00277	0.00137	0.00349	0.00242	0.00275	0.00487
3	0.02007	0.00761	0.01038	0.00796	0.01142	0.00657	0.00657	0.02180	0.01280	0.81799	0.01765	0.01523	0.01107	0.00554	0.00450	0.00138	0.00381	0.00450	0.00554	0.00761
4	0.00840	0.00719	0.01114	0.02903	0.12858	0.00735	0.09609	0.03442	0.03183	0.02306	0.09866	0.08915	0.10811	0.04280	0.02958	0.00192	0.05735	0.18691	0.00347	0.00494
5	0.00921	0.00894	0.01260	0.01097	0.01111	0.01232	0.00907	0.01029	0.00691	0.01070	0.00691	0.01111	0.00677	0.01220	0.15227	0.00285	0.69494	0.00406	0.00203	0.00474
6	0.00656	0.00435	0.00522	0.00525	0.00541	0.00441	0.00322	0.00678	0.00692	0.00945	0.04327	0.06050	0.01663	0.62392	0.10835	0.05241	0.00494	0.00643	0.02305	0.00294
7	0.00944	0.01302	0.20638	0.01225	0.01475	0.05144	0.13859	0.01189	0.00849	0.01213	0.00890	0.06909	0.00826	0.03091	0.06410	0.00212	0.32605	0.00468	0.00221	0.00529
8	0.01140	0.00920	0.00983	0.00878	0.01131	0.01042	0.00684	0.02269	0.71005	0.07173	0.01966	0.01804	0.05736	0.00632	0.00459	0.00151	0.00349	0.00526	0.00460	0.00693
9	0.01700	0.01253	0.01342	0.01029	0.01387	0.01387	0.00850	0.79997	0.02103	0.02819	0.01074	0.01074	0.00761	0.00537	0.00447	0.00134	0.00492	0.00403	0.00447	0.00761
10	0.02007	0.00761	0.01038	0.00796	0.01142	0.00657	0.00657	0.02180	0.01280	0.81799	0.01765	0.01523	0.01107	0.00554	0.00450	0.00138	0.00381	0.00450	0.00554	0.00761
11	0.01107	0.01063	0.01816	0.02746	0.81489	0.01063	0.01373	0.01373	0.01019	0.01461	0.00841	0.01107	0.00709	0.00399	0.00443	0.00133	0.00531	0.00399	0.00221	0.00709
12	0.00791	0.00742	0.07225	0.04080	0.01109	0.02300	0.08941	0.01003	0.03739	0.05788	0.03412	0.42657	0.02101	0.04448	0.02131	0.00191	0.01698	0.06823	0.00363	0.00459
13	0.01659	0.04340	0.01300	0.01136	0.01377	0.76731	0.00861	0.05201	0.01294	0.01169	0.00706	0.00816	0.00584	0.00462	0.00402	0.00116	0.00784	0.00292	0.00239	0.00531
14	0.00977	0.03092	0.33641	0.05036	0.04723	0.01051	0.23944	0.04733	0.06913	0.01466	0.01081	0.03336	0.03167	0.01421	0.02068	0.00160	0.01869	0.00457	0.00246	0.00617
15	0.52674	0.01362	0.00906	0.00815	0.01075	0.32508	0.00638	0.02974	0.00982	0.01670	0.00658	0.00764	0.00525	0.00435	0.00329	0.00129	0.00527	0.00263	0.00262	0.00503
16	0.00564	0.00455	0.00503	0.00491	0.00626	0.00393	0.00368	0.00711	0.01104	0.01408	0.30692	0.03976	0.55023	0.01058	0.00528	0.00148	0.00221	0.00898	0.00442	0.00393
17	0.00991	0.13348	0.64851	0.01173	0.01768	0.01125	0.01457	0.01473	0.03880	0.04708	0.00855	0.00964	0.00619	0.00431	0.00408	0.00136	0.00613	0.00330	0.00214	0.00655
18	0.00944	0.12862	0.68015	0.01262	0.04070	0.01135	0.02946	0.01406	0.00944	0.01371	0.00782	0.00924	0.00574	0.00418	0.00410	0.00136	0.00636	0.00324	0.00191	0.00650
19	0.00681	0.00471	0.00636	0.00713	0.00800	0.00452	0.00570	0.00837	0.00993	0.03741	0.07789	0.31872	0.07827	0.01244	0.00585	0.00188	0.00333	0.39441	0.00423	0.00404
20	0.00651	0.00434	0.00488	0.00488	0.00488	0.00434	0.00271	0.00651	0.00651	0.00867	0.01409	0.02927	0.01626	0.84279	0.02277	0.00434	0.00434	0.00651	0.00271	0.00271
21	0.00642	0.00598	0.06929	0.00690	0.00792	0.00488	0.00539	0.01855	0.05426	0.01286	0.10340	0.55854	0.02695	0.05761	0.00642	0.00187	0.00310	0.04153	0.00400	0.00414
22	0.05794	0.21725	0.26965	0.01035	0.03182	0.03205	0.05341	0.04850	0.05329	0.07281	0.03869	0.07545	0.00981	0.00529	0.00408	0.00133	0.00514	0.00426	0.00279	0.00607
23	0.00551	0.00398	0.00523	0.00621	0.00657	0.00370	0.00423	0.00636	0.00872	0.01154	0.02577	0.76373	0.07320	0.01380	0.00570	0.00181	0.00264	0.04347	0.00415	0.00366
24	0.01246	0.00955	0.01028	0.00892	0.01160	0.01072	0.00703	0.12571	0.59205	0.08987	0.01786	0.01652	0.03532	0.00606	0.00453	0.00147	0.00368	0.00498	0.02434	0.00704
25	0.01027	0.03529	0.06091	0.23229	0.09760	0.08655	0.27634	0.01361	0.04191	0.01316	0.00964	0.05695	0.00801	0.00482	0.00483	0.00145	0.01794	0.00476	0.01802	0.00566
26	0.00867	0.04954	0.05624	0.39593	0.13382	0.00911	0.01043	0.03500	0.02141	0.01257	0.01190	0.17095	0.01151	0.02989	0.00516	0.00159	0.00505	0.02347	0.00261	0.00517
27	0.00714	0.00510	0.00713	0.00816	0.00916	0.00509	0.00709	0.00915	0.01023	0.01331	0.02372	0.08209	0.02590	0.01242	0.00616	0.00205	0.00406	0.75385	0.00412	0.00410
28	0.00603	0.00462	0.00563	0.00615	0.00717	0.00428	0.00474	0.00761	0.02682	0.01277	0.08552	0.27234	0.31472	0.01211	0.00562	0.00173	0.00286	0.21116	0.00421	0.00392
29	0.01057	0.04755	0.42111	0.01430	0.06331	0.01055	0.22129	0.04283	0.01038	0.06943	0.01864	0.01138	0.00719	0.02573	0.00499	0.00149	0.00635	0.00408	0.00241	0.00643
30	0.00988	0.00920	0.01412	0.29119	0.08899	0.03160	0.07260	0.01217	0.02189	0.05033	0.02834	0.03001	0.03236	0.00608	0.00797	0.00162	0.27942	0.00452	0.00242	0.00530
31	0.01431	0.00858	0.04999	0.03868	0.01162	0.02987	0.00728	0.06561	0.01122	0.38938	0.04949	0.04981	0.01217	0.06972	0.07123	0.00214	0.10373	0.00495	0.00411	0.00612
32	0.01195	0.31222	0.20278	0.03527	0.03694	0.02415	0.17047	0.05557	0.01051	0.08762	0.00861	0.00986	0.00657	0.00418	0.00401	0.00126	0.00577	0.00356	0.00246	0.00627

[dist]
# distance from previous block
# <min> <max>
5	14

[block]
# block no. 5 follows, 58 sequences, length 6
# corresponding to MSA columns:
# 235-240
name=unknown_F
#
# <colnr> <probs for GDERKNQSTAVLIFYWHMCP>
#	G	D	E	R	K	N	Q	S	T	A	V	L	I	F	Y	W	H	M	C	P
0	0.24326	0.13206	0.05666	0.01088	0.01435	0.19303	0.16881	0.10436	0.01117	0.01614	0.00756	0.00892	0.00593	0.00427	0.00385	0.00129	0.00583	0.00333	0.00259	0.00570
1	0.14035	0.00934	0.01133	0.00906	0.01202	0.00974	0.06954	0.28273	0.05644	0.19562	0.06291	0.09612	0.01256	0.00624	0.00447	0.00143	0.00419	0.00517	0.00428	0.00644
2	0.05561	0.05456	0.01327	0.01040	0.01282	0.09229	0.14942	0.08483	0.15637	0.03956	0.02773	0.09315	0.03167	0.05092	0.00632	0.00166	0.06127	0.04918	0.00336	0.00558
3	0.00915	0.06942	0.01300	0.49904	0.06024	0.06510	0.01037	0.01141	0.00900	0.01128	0.00938	0.01559	0.00840	0.09615	0.00687	0.00179	0.04161	0.05514	0.00223	0.00484
4	0.10567	0.00916	0.01259	0.31321	0.07149	0.01050	0.02983	0.11475	0.10133	0.11542	0.01040	0.01202	0.00764	0.00504	0.00501	0.00147	0.06128	0.00403	0.00314	0.00602
5	0.01438	0.07428	0.01585	0.04807	0.10250	0.18434	0.10387	0.32223	0.01482	0.01869	0.00888	0.01008	0.00680	0.00461	0.00429	0.00126	0.00589	0.00374	0.00312	0.05229

[dist]
# distance from previous block
# <min> <max>
0	1

[block]
# block no. 6 follows, 58 sequences, length 7
# corresponding to MSA columns:
# 242-248
name=unknown_G
#
# <colnr> <probs for GDERKNQSTAVLIFYWHMCP>
#	G	D	E	R	K	N	Q	S	T	A	V	L	I	F	Y	W	H	M	C	P
0	0.00961	0.00669	0.00834	0.17042	0.01270	0.04845	0.00648	0.01154	0.01125	0.16134	0.24284	0.02767	0.20720	0.00800	0.00496	0.00147	0.00364	0.04837	0.00409	0.00493
1	0.00668	0.00496	0.00608	0.00593	0.00707	0.00467	0.00443	0.05809	0.01187	0.01611	0.44273	0.18987	0.17789	0.01035	0.00534	0.00152	0.00248	0.03510	0.00458	0.00424
2	0.00750	0.00841	0.11694	0.00688	0.00906	0.04684	0.00619	0.05475	0.01174	0.01541	0.31347	0.03165	0.30526	0.00893	0.00507	0.00145	0.00332	0.03844	0.00405	0.00463
3	0.00696	0.05015	0.11750	0.00674	0.00872	0.00576	0.00614	0.00940	0.01183	0.01658	0.59401	0.02993	0.07343	0.00844	0.00505	0.00141	0.00294	0.03612	0.00429	0.00460
4	0.01213	0.27230	0.29513	0.00977	0.01427	0.01240	0.01051	0.11668	0.05419	0.10318	0.05130	0.01118	0.00886	0.00476	0.00395	0.00127	0.00512	0.00359	0.00293	0.00648
5	0.01238	0.60096	0.10062	0.00853	0.01243	0.06779	0.00850	0.01500	0.06672	0.05910	0.00798	0.00862	0.00662	0.00418	0.00330	0.00108	0.00503	0.00283	0.00234	0.00600
6	0.07800	0.30852	0.28084	0.01038	0.01503	0.01362	0.06088	0.15607	0.01135	0.01589	0.00781	0.00888	0.00605	0.00427	0.00376	0.00124	0.00548	0.00317	0.00246	0.00631

[dist]
# distance from previous block
# <min> <max>
2	16

[block]
# block no. 7 follows, 58 sequences, length 6
# corresponding to MSA columns:
# 265-270
name=unknown_H
#
# <colnr> <probs for GDERKNQSTAVLIFYWHMCP>
#	G	D	E	R	K	N	Q	S	T	A	V	L	I	F	Y	W	H	M	C	P
0	0.05437	0.01060	0.03538	0.03177	0.05182	0.05661	0.04819	0.21213	0.16727	0.07040	0.10298	0.01435	0.01242	0.00540	0.00437	0.00131	0.00441	0.00445	0.00382	0.10794
1	0.01251	0.01093	0.01497	0.09755	0.26050	0.05119	0.06637	0.17567	0.11597	0.05216	0.01036	0.01177	0.00795	0.00478	0.00484	0.00137	0.03771	0.00411	0.00312	0.05618
2	0.10014	0.01006	0.01328	0.24830	0.10276	0.01124	0.04783	0.31939	0.01370	0.01926	0.01042	0.01251	0.03420	0.03185	0.00495	0.00150	0.00513	0.00417	0.00317	0.00615
3	0.15007	0.01116	0.01255	0.10696	0.01513	0.04066	0.04600	0.45643	0.01582	0.05812	0.00969	0.01060	0.00703	0.00532	0.00467	0.03082	0.00497	0.00380	0.00369	0.00651
4	0.00834	0.00417	0.00417	0.00417	0.00521	0.00417	0.00313	0.01042	0.00938	0.01668	0.01459	0.01668	0.01147	0.00521	0.00313	0.00104	0.00208	0.00417	0.86763	0.00417
5	0.00834	0.00417	0.00417	0.00417	0.00521	0.00417	0.00313	0.01042	0.00938	0.01668	0.01459	0.01668	0.01147	0.00521	0.00313	0.00104	0.00208	0.00417	0.86763	0.00417

[dist]
# distance from previous block
# <min> <max>
0	28

# created by:
# /st0/software/busco_prod/Augustus/scripts/msa2prfl.pl ./align_prep/129498.fa
