[name]
unknown

[dist]
# distance from previous block
# <min> <max>
11	66

[block]
# block no. 0 follows, 50 sequences, length 18
# corresponding to MSA columns:
# 546-563
name=unknown_A
#
# <colnr> <probs for GDERKNQSTAVLIFYWHMCP>
#	G	D	E	R	K	N	Q	S	T	A	V	L	I	F	Y	W	H	M	C	P
0	0.00616	0.00510	0.00544	0.00556	0.00712	0.00437	0.00426	0.00757	0.01148	0.01395	0.09039	0.07051	0.65618	0.01268	0.00600	0.00174	0.00272	0.07985	0.00467	0.00427
1	0.01837	0.05993	0.01511	0.01185	0.01524	0.34236	0.00945	0.40721	0.03627	0.02220	0.01013	0.01068	0.00767	0.00556	0.00469	0.00139	0.00689	0.00389	0.00384	0.00724
2	0.01259	0.08925	0.08687	0.02947	0.19034	0.09834	0.22073	0.01573	0.02983	0.03465	0.00959	0.01270	0.00792	0.03959	0.00714	0.00171	0.09967	0.00463	0.00258	0.00666
3	0.01209	0.01231	0.01907	0.22389	0.44394	0.08437	0.08373	0.01506	0.01121	0.01489	0.00909	0.01234	0.00739	0.00472	0.00526	0.00154	0.02530	0.00446	0.00241	0.00695
4	0.00803	0.00574	0.00803	0.00918	0.01033	0.00574	0.00803	0.01033	0.01147	0.01492	0.02639	0.05622	0.02869	0.01377	0.00688	0.00229	0.00459	0.76018	0.00459	0.00459
5	0.01052	0.01012	0.01702	0.48496	0.14780	0.01165	0.10111	0.01506	0.09910	0.01456	0.01032	0.01370	0.00792	0.00512	0.00543	0.00165	0.03030	0.00474	0.00262	0.00631
6	0.00688	0.00502	0.00647	0.00625	0.00738	0.00461	0.00463	0.00902	0.01349	0.01885	0.66747	0.11052	0.09905	0.01087	0.00592	0.00162	0.00241	0.00960	0.00535	0.00461
7	0.01012	0.00863	0.01010	0.00736	0.01158	0.00651	0.00584	0.01226	0.01030	0.01606	0.00982	0.05219	0.00870	0.00431	0.00383	0.00080	0.00365	0.00353	0.00304	0.81138
8	0.01282	0.01284	0.02035	0.04702	0.57499	0.06896	0.10162	0.04146	0.01183	0.01622	0.00931	0.01218	0.00769	0.00469	0.00544	0.00152	0.03653	0.00452	0.00255	0.00748
9	0.01336	0.01120	0.01526	0.33787	0.13396	0.01280	0.01188	0.26829	0.10869	0.02042	0.01135	0.01336	0.00847	0.00545	0.00499	0.00158	0.00583	0.00460	0.00352	0.00713
10	0.00591	0.00498	0.00512	0.00522	0.00678	0.00419	0.00386	0.00713	0.01119	0.01340	0.04837	0.11949	0.72156	0.01290	0.00593	0.00171	0.00256	0.01086	0.00463	0.00419
11	0.01207	0.01077	0.01572	0.41200	0.20843	0.04278	0.01280	0.12323	0.03161	0.03219	0.01007	0.01318	0.00777	0.00644	0.03863	0.00185	0.00657	0.00447	0.00285	0.00660
12	0.01154	0.00604	0.00792	0.00691	0.00870	0.00549	0.00523	0.01343	0.01318	0.24489	0.45564	0.03067	0.03280	0.12539	0.00841	0.00203	0.00326	0.00760	0.00533	0.00556
13	0.07226	0.07354	0.01406	0.01103	0.01424	0.26891	0.00878	0.24167	0.19450	0.03485	0.01197	0.01210	0.00910	0.00568	0.00460	0.00145	0.00612	0.00410	0.00392	0.00712
14	0.69024	0.08613	0.00986	0.00732	0.01056	0.04284	0.00614	0.06846	0.00990	0.02162	0.00732	0.00839	0.00575	0.00471	0.00328	0.00149	0.00430	0.00284	0.00311	0.00572
15	0.03910	0.55328	0.19598	0.00968	0.01436	0.03377	0.01041	0.01486	0.01051	0.01351	0.05763	0.01046	0.00895	0.00478	0.00374	0.00123	0.00563	0.00331	0.00238	0.00646
16	0.00961	0.03566	0.11216	0.00869	0.01114	0.02069	0.00771	0.08233	0.10784	0.01594	0.04469	0.02180	0.10319	0.07443	0.26287	0.00384	0.00741	0.00578	0.05862	0.00560
17	0.04666	0.06148	0.02250	0.00837	0.01073	0.02202	0.00667	0.10703	0.16888	0.03276	0.10200	0.08990	0.04185	0.10680	0.02918	0.00213	0.00443	0.05556	0.00420	0.07684

[dist]
# distance from previous block
# <min> <max>
5	20

[block]
# block no. 1 follows, 50 sequences, length 14
# corresponding to MSA columns:
# 623-636
name=unknown_B
#
# <colnr> <probs for GDERKNQSTAVLIFYWHMCP>
#	G	D	E	R	K	N	Q	S	T	A	V	L	I	F	Y	W	H	M	C	P
0	0.07801	0.01449	0.01330	0.01170	0.02798	0.26775	0.02988	0.07277	0.05325	0.08949	0.01206	0.01450	0.04025	0.02013	0.00772	0.00168	0.19097	0.02813	0.00333	0.02261
1	0.01135	0.20785	0.49374	0.01502	0.12120	0.03901	0.01545	0.01566	0.01066	0.01480	0.00850	0.01013	0.00655	0.00460	0.00440	0.00144	0.00676	0.00353	0.00217	0.00716
2	0.01340	0.01269	0.01791	0.05635	0.55108	0.09783	0.01333	0.07261	0.01275	0.04112	0.05480	0.01356	0.01012	0.00504	0.00495	0.00147	0.00599	0.00459	0.00295	0.00745
3	0.00656	0.00489	0.00567	0.00594	0.00670	0.00460	0.00405	0.00741	0.00937	0.01195	0.03048	0.19151	0.29320	0.28831	0.07437	0.00332	0.00429	0.03963	0.00393	0.00381
4	0.01304	0.43702	0.28093	0.01108	0.01611	0.13854	0.01198	0.01598	0.01088	0.01315	0.00772	0.00899	0.00637	0.00456	0.00391	0.00127	0.00657	0.00309	0.00219	0.00662
5	0.00803	0.00574	0.00803	0.00918	0.01033	0.00574	0.00803	0.01033	0.01147	0.01492	0.02639	0.05622	0.02869	0.01377	0.00688	0.00229	0.00459	0.76018	0.00459	0.00459
6	0.01211	0.01282	0.01604	0.06254	0.09048	0.13845	0.08662	0.01499	0.07732	0.01373	0.01112	0.01386	0.05104	0.00712	0.01011	0.00182	0.36634	0.00479	0.00269	0.00601
7	0.00705	0.00513	0.00666	0.00637	0.00757	0.00474	0.00485	0.00934	0.01381	0.01935	0.70768	0.03890	0.08548	0.01053	0.00594	0.00162	0.00249	0.05244	0.00539	0.00467
8	0.01034	0.00886	0.01034	0.00738	0.01181	0.00664	0.00591	0.01255	0.01034	0.01624	0.00886	0.01034	0.00738	0.00369	0.00369	0.00074	0.00369	0.00295	0.00295	0.85530
9	0.01217	0.54864	0.29515	0.01051	0.01585	0.01689	0.01197	0.01522	0.01027	0.01314	0.00763	0.00888	0.00637	0.00443	0.00373	0.00124	0.00604	0.00302	0.00212	0.00673
10	0.00974	0.00919	0.01553	0.72635	0.11830	0.01116	0.01400	0.01302	0.01012	0.01313	0.00892	0.01318	0.00678	0.00492	0.00498	0.00164	0.00656	0.00443	0.00224	0.00580
11	0.00589	0.00505	0.00505	0.00505	0.00673	0.00421	0.00379	0.00715	0.01136	0.01347	0.05049	0.04797	0.79171	0.01262	0.00589	0.00168	0.00252	0.01052	0.00463	0.00421
12	0.00641	0.00469	0.00605	0.00668	0.00740	0.00433	0.00474	0.00779	0.01103	0.01480	0.22643	0.49019	0.12188	0.01378	0.00621	0.00188	0.00281	0.05379	0.00485	0.00426
13	0.00756	0.00514	0.00676	0.00645	0.00763	0.00473	0.00480	0.00972	0.01359	0.05056	0.67203	0.12670	0.04401	0.01065	0.00590	0.00162	0.00249	0.00945	0.00542	0.00478

[dist]
# distance from previous block
# <min> <max>
6	18

[block]
# block no. 2 follows, 50 sequences, length 17
# corresponding to MSA columns:
# 658-671,673-675
name=unknown_C
#
# <colnr> <probs for GDERKNQSTAVLIFYWHMCP>
#	G	D	E	R	K	N	Q	S	T	A	V	L	I	F	Y	W	H	M	C	P
0	0.76018	0.01154	0.10032	0.00745	0.01104	0.01123	0.00693	0.01479	0.00872	0.02159	0.00718	0.00838	0.00551	0.00464	0.00328	0.00155	0.00427	0.00281	0.00297	0.00563
1	0.01169	0.00969	0.01042	0.00938	0.01189	0.01087	0.00726	0.09865	0.53099	0.02068	0.08085	0.09268	0.06708	0.00810	0.00529	0.00169	0.00380	0.00684	0.00503	0.00713
2	0.01200	0.01102	0.01786	0.29993	0.45115	0.01194	0.01420	0.09196	0.01210	0.01659	0.00946	0.01263	0.00752	0.00479	0.00496	0.00154	0.00613	0.00444	0.00264	0.00714
3	0.01962	0.07286	0.01360	0.00971	0.01352	0.01111	0.00808	0.23520	0.10140	0.43664	0.01660	0.01506	0.01112	0.00604	0.00487	0.00151	0.00464	0.00475	0.00541	0.00826
4	0.01225	0.00871	0.01101	0.00987	0.09105	0.00719	0.00695	0.01473	0.03483	0.15510	0.01545	0.03039	0.08295	0.00536	0.00435	0.00110	0.00390	0.00447	0.00373	0.49660
5	0.01001	0.00851	0.00999	0.00735	0.01146	0.00645	0.00581	0.01212	0.01028	0.01597	0.01028	0.07231	0.00934	0.00460	0.00390	0.00084	0.00363	0.00381	0.00308	0.79027
6	0.00905	0.00836	0.01341	0.65281	0.02925	0.00989	0.01203	0.01202	0.01010	0.01306	0.01321	0.04426	0.07752	0.00594	0.00502	0.00161	0.00593	0.00520	0.00257	0.06876
7	0.01021	0.07592	0.75069	0.01385	0.02102	0.01209	0.01780	0.01573	0.01050	0.01553	0.00882	0.01037	0.00632	0.00471	0.00464	0.00155	0.00724	0.00362	0.00211	0.00731
8	0.00659	0.00518	0.00589	0.00623	0.00755	0.00466	0.00484	0.00798	0.01091	0.01343	0.03991	0.07481	0.48906	0.09571	0.00815	0.00217	0.00331	0.20499	0.00445	0.00418
9	0.01400	0.00953	0.03791	0.01262	0.07402	0.00858	0.16364	0.01759	0.07796	0.27777	0.10889	0.04667	0.07777	0.00726	0.00548	0.00164	0.00491	0.04225	0.00461	0.00691
10	0.00644	0.00473	0.00609	0.03205	0.00785	0.00451	0.00465	0.00750	0.00994	0.01319	0.11256	0.49898	0.11833	0.12231	0.02484	0.00242	0.00338	0.01177	0.00439	0.00406
11	0.01119	0.31211	0.52308	0.01218	0.01844	0.01448	0.01489	0.01548	0.01038	0.01434	0.00823	0.00962	0.00634	0.00457	0.00419	0.00140	0.00664	0.00332	0.00211	0.00702
12	0.01744	0.10447	0.01573	0.03732	0.06111	0.65494	0.00997	0.01891	0.01343	0.01241	0.00776	0.00921	0.00651	0.00500	0.00440	0.00128	0.00837	0.00326	0.00251	0.00596
13	0.01843	0.01128	0.03160	0.01014	0.01375	0.01130	0.00841	0.39910	0.03929	0.29418	0.01637	0.09626	0.01244	0.00702	0.00513	0.00157	0.00479	0.00567	0.00529	0.00799
14	0.00675	0.00524	0.00607	0.00588	0.00730	0.00470	0.00439	0.02662	0.01282	0.01687	0.39071	0.08620	0.38541	0.01151	0.00589	0.00164	0.00254	0.00989	0.00503	0.00453
15	0.00717	0.00534	0.00688	0.00774	0.00869	0.00521	0.00602	0.00942	0.05575	0.01414	0.02969	0.37649	0.13081	0.01399	0.00643	0.00206	0.00356	0.30145	0.00464	0.00450
16	0.01087	0.00959	0.01282	0.06904	0.01510	0.00804	0.08322	0.05347	0.01115	0.01676	0.00915	0.01095	0.00740	0.00396	0.00407	0.00094	0.00448	0.00344	0.00296	0.66260

[dist]
# distance from previous block
# <min> <max>
2	6

[block]
# block no. 3 follows, 50 sequences, length 30
# corresponding to MSA columns:
# 682,683,686-713
name=unknown_D
#
# <colnr> <probs for GDERKNQSTAVLIFYWHMCP>
#	G	D	E	R	K	N	Q	S	T	A	V	L	I	F	Y	W	H	M	C	P
0	0.43014	0.02374	0.06326	0.00854	0.01206	0.06869	0.00741	0.10932	0.03567	0.12992	0.01033	0.01081	0.00752	0.00513	0.00389	0.00148	0.00468	0.00351	0.03550	0.02839
1	0.00844	0.07655	0.02985	0.00757	0.00923	0.01791	0.00629	0.01010	0.01054	0.03371	0.05827	0.06162	0.17005	0.14618	0.05727	0.00269	0.00477	0.25110	0.00394	0.03393
2	0.00800	0.00563	0.00688	0.00639	0.00802	0.00507	0.00486	0.01036	0.03675	0.06479	0.46146	0.06647	0.22097	0.01039	0.00574	0.00159	0.00268	0.02314	0.00514	0.04568
3	0.00957	0.00902	0.01523	0.77135	0.07462	0.01111	0.01392	0.01287	0.01004	0.01292	0.00889	0.01324	0.00671	0.00495	0.00498	0.00165	0.00661	0.00443	0.00223	0.00566
4	0.00709	0.00505	0.00644	0.00613	0.00731	0.00465	0.00458	0.00934	0.01362	0.01935	0.68579	0.05989	0.08420	0.01023	0.00576	0.00156	0.00238	0.00900	0.05297	0.00465
5	0.05420	0.01266	0.02256	0.01734	0.06201	0.02637	0.45840	0.14869	0.01380	0.06892	0.01307	0.01496	0.05195	0.00516	0.00546	0.00162	0.00696	0.00557	0.00333	0.00698
6	0.01240	0.01071	0.01127	0.01014	0.01296	0.01240	0.00789	0.02649	0.78473	0.02085	0.02029	0.01860	0.01522	0.00676	0.00507	0.00169	0.00394	0.00564	0.00507	0.00789
7	0.01034	0.00886	0.01034	0.00738	0.01181	0.00664	0.00591	0.01255	0.01034	0.01624	0.00886	0.01034	0.00738	0.00369	0.00369	0.00074	0.00369	0.00295	0.00295	0.85530
8	0.01034	0.00886	0.01034	0.00738	0.01181	0.00664	0.00591	0.01255	0.01034	0.01624	0.00886	0.01034	0.00738	0.00369	0.00369	0.00074	0.00369	0.00295	0.00295	0.85530
9	0.00954	0.00911	0.01573	0.77002	0.03388	0.01116	0.05505	0.01291	0.01006	0.01291	0.00893	0.01330	0.00669	0.00494	0.00503	0.00166	0.00674	0.00451	0.00223	0.00560
10	0.00906	0.00689	0.00836	0.00828	0.05126	0.00681	0.00591	0.05307	0.13041	0.04594	0.40625	0.03332	0.19580	0.00952	0.00563	0.00160	0.00305	0.00820	0.00507	0.00558
11	0.00597	0.00472	0.00538	0.00591	0.00696	0.00414	0.00417	0.00706	0.01053	0.01313	0.03998	0.40130	0.44517	0.01399	0.00611	0.00184	0.00269	0.01219	0.00463	0.00414
12	0.01260	0.01087	0.01185	0.01125	0.05367	0.01246	0.00832	0.04922	0.72084	0.02094	0.01946	0.01807	0.01463	0.00662	0.00506	0.00167	0.00410	0.00554	0.00493	0.00791
13	0.00616	0.00448	0.00583	0.00687	0.00735	0.00416	0.00473	0.00714	0.00983	0.01292	0.02970	0.70348	0.10796	0.01522	0.00634	0.00201	0.00295	0.05416	0.00463	0.00409
14	0.06682	0.54020	0.02130	0.00919	0.01313	0.08256	0.00845	0.10358	0.04947	0.05189	0.00881	0.00947	0.00728	0.00477	0.00368	0.00122	0.00544	0.00317	0.00288	0.00669
15	0.01327	0.19341	0.19868	0.08716	0.07693	0.10534	0.07908	0.11431	0.05610	0.01656	0.00951	0.01108	0.00738	0.00491	0.00456	0.00144	0.00659	0.00394	0.00277	0.00696
16	0.01030	0.01043	0.03677	0.01209	0.01282	0.01318	0.02400	0.01178	0.00823	0.01268	0.03465	0.01278	0.00867	0.01147	0.10310	0.00269	0.60707	0.00455	0.00240	0.06034
17	0.00868	0.00749	0.00987	0.00901	0.01008	0.03237	0.00709	0.01020	0.00831	0.01206	0.01135	0.01731	0.01084	0.08781	0.45471	0.00545	0.18979	0.00494	0.00262	0.10002
18	0.00724	0.00487	0.00560	0.00560	0.00566	0.00492	0.00323	0.00736	0.00730	0.00979	0.01555	0.03178	0.01776	0.77391	0.07578	0.00504	0.00538	0.00713	0.00300	0.00311
19	0.01089	0.00919	0.01063	0.00765	0.01205	0.00721	0.00614	0.06198	0.01118	0.01722	0.00906	0.01044	0.00745	0.00384	0.00378	0.00079	0.00381	0.00305	0.00308	0.80055
20	0.05674	0.09521	0.04114	0.03146	0.01435	0.01290	0.00868	0.30992	0.14905	0.14127	0.03600	0.01390	0.01080	0.00584	0.00468	0.00146	0.00485	0.00451	0.00453	0.05272
21	0.01576	0.08845	0.01111	0.00781	0.01069	0.00757	0.00639	0.01771	0.01351	0.43061	0.25920	0.02376	0.04527	0.03259	0.00575	0.00161	0.00373	0.00625	0.00542	0.00681
22	0.01442	0.38304	0.05682	0.01001	0.01390	0.04515	0.03104	0.15667	0.11387	0.06717	0.01174	0.05500	0.00977	0.00569	0.00426	0.00136	0.00530	0.00432	0.00346	0.00701
23	0.01145	0.29805	0.38057	0.01101	0.01619	0.01336	0.01260	0.01497	0.01023	0.05768	0.00954	0.01174	0.00773	0.03860	0.08434	0.00216	0.00699	0.00371	0.00243	0.00664
24	0.02560	0.22843	0.28722	0.01116	0.01561	0.01205	0.08685	0.01389	0.01028	0.03713	0.05186	0.03980	0.01123	0.09639	0.05029	0.00217	0.00643	0.00474	0.00268	0.00617
25	0.01173	0.08651	0.21139	0.01033	0.01478	0.06758	0.03622	0.10018	0.01193	0.01659	0.01041	0.04640	0.00900	0.06065	0.00577	0.00148	0.00553	0.00420	0.01900	0.27033
26	0.02288	0.01237	0.13777	0.09209	0.01621	0.04141	0.04526	0.11625	0.01226	0.05027	0.03645	0.09211	0.03564	0.00780	0.03337	0.00174	0.06638	0.01684	0.00337	0.15953
27	0.04863	0.06233	0.14951	0.02180	0.01543	0.07435	0.07893	0.02721	0.07307	0.03982	0.01075	0.02323	0.01869	0.00490	0.00467	0.00126	0.02651	0.00396	0.00301	0.31193
28	0.03934	0.04763	0.05574	0.01088	0.06542	0.06370	0.00860	0.18014	0.02604	0.06984	0.04106	0.03284	0.10755	0.00763	0.01778	0.00160	0.05195	0.05542	0.00387	0.11294
29	0.02727	0.04019	0.11864	0.06245	0.10286	0.03029	0.02173	0.15109	0.02213	0.05118	0.01192	0.05684	0.01027	0.04805	0.12886	0.00264	0.02888	0.00494	0.00326	0.07653

[dist]
# distance from previous block
# <min> <max>
11	67

[block]
# block no. 4 follows, 50 sequences, length 7
# corresponding to MSA columns:
# 787-793
name=unknown_E
#
# <colnr> <probs for GDERKNQSTAVLIFYWHMCP>
#	G	D	E	R	K	N	Q	S	T	A	V	L	I	F	Y	W	H	M	C	P
0	0.04172	0.05586	0.06064	0.11560	0.01693	0.16952	0.08090	0.09023	0.02827	0.01577	0.05441	0.01621	0.07404	0.00883	0.07099	0.00207	0.06948	0.00494	0.00309	0.02051
1	0.01417	0.04657	0.03107	0.01256	0.06130	0.21825	0.07070	0.13363	0.04845	0.05528	0.01461	0.05624	0.06915	0.02543	0.02835	0.00179	0.06723	0.01731	0.00348	0.02443
2	0.01322	0.08986	0.16869	0.01129	0.01510	0.16964	0.04860	0.08853	0.10275	0.04731	0.01286	0.03332	0.03350	0.03004	0.06976	0.00206	0.00683	0.00462	0.00325	0.04877
3	0.01151	0.01272	0.09321	0.06312	0.01437	0.14017	0.00916	0.05918	0.17191	0.01603	0.01617	0.18303	0.01550	0.00839	0.00596	0.00168	0.05657	0.06020	0.00372	0.05740
4	0.01340	0.11892	0.03267	0.06045	0.01661	0.11787	0.14329	0.07414	0.12615	0.06748	0.01390	0.04944	0.04577	0.00613	0.00549	0.00152	0.04871	0.00512	0.00344	0.04951
5	0.01156	0.12582	0.18263	0.00964	0.01317	0.05840	0.00935	0.05508	0.07031	0.08598	0.05615	0.07353	0.17153	0.00782	0.00555	0.00157	0.04575	0.00619	0.00372	0.00625
6	0.01316	0.06505	0.05241	0.00999	0.01282	0.06282	0.04315	0.23080	0.07770	0.05658	0.12904	0.07177	0.03975	0.07853	0.00725	0.00185	0.03053	0.00614	0.00422	0.00644

[dist]
# distance from previous block
# <min> <max>
0	1

[block]
# block no. 5 follows, 50 sequences, length 7
# corresponding to MSA columns:
# 795-801
name=unknown_F
#
# <colnr> <probs for GDERKNQSTAVLIFYWHMCP>
#	G	D	E	R	K	N	Q	S	T	A	V	L	I	F	Y	W	H	M	C	P
0	0.01058	0.00903	0.01101	0.15903	0.04806	0.04833	0.02674	0.17612	0.01379	0.01770	0.07475	0.13719	0.20859	0.00913	0.00551	0.00167	0.00464	0.02839	0.00407	0.00569
1	0.03986	0.01134	0.01173	0.03310	0.01292	0.11535	0.02118	0.20277	0.07441	0.05360	0.14074	0.05859	0.07939	0.00799	0.00647	0.00164	0.09441	0.02395	0.00426	0.00628
2	0.05861	0.01131	0.11791	0.01105	0.01369	0.04018	0.11099	0.05082	0.02930	0.04547	0.13335	0.15640	0.04137	0.02526	0.00732	0.00182	0.11321	0.02249	0.00370	0.00575
3	0.01021	0.01041	0.01601	0.57307	0.02936	0.07740	0.11479	0.01331	0.01067	0.01318	0.01235	0.01580	0.07129	0.00552	0.00514	0.00163	0.00674	0.00502	0.00248	0.00561
4	0.01067	0.20409	0.51988	0.12000	0.02131	0.01334	0.01558	0.01518	0.01036	0.01446	0.00848	0.01033	0.00638	0.00466	0.00442	0.00147	0.00681	0.00355	0.00213	0.00690
5	0.08823	0.03274	0.05656	0.01165	0.01573	0.01148	0.15790	0.26246	0.01481	0.05997	0.01218	0.03824	0.03056	0.00582	0.00519	0.02546	0.00543	0.00474	0.00371	0.15714
6	0.12656	0.01148	0.01090	0.00974	0.01253	0.07711	0.00760	0.05908	0.53892	0.02080	0.05930	0.01711	0.01460	0.00649	0.00480	0.00162	0.00433	0.00517	0.00462	0.00724

[dist]
# distance from previous block
# <min> <max>
5	14

[block]
# block no. 6 follows, 50 sequences, length 29
# corresponding to MSA columns:
# 816-833,835-845
name=unknown_G
#
# <colnr> <probs for GDERKNQSTAVLIFYWHMCP>
#	G	D	E	R	K	N	Q	S	T	A	V	L	I	F	Y	W	H	M	C	P
0	0.01341	0.01095	0.01249	0.01007	0.01364	0.01140	0.03677	0.19585	0.35288	0.03409	0.01510	0.02742	0.01156	0.00582	0.00474	0.00140	0.00439	0.00481	0.00441	0.22881
1	0.01110	0.00889	0.01052	0.00830	0.01182	0.00796	0.02773	0.08334	0.11626	0.04958	0.03914	0.04603	0.10291	0.00635	0.00461	0.00122	0.00387	0.02667	0.00391	0.42980
2	0.06952	0.01295	0.01377	0.01105	0.01414	0.08212	0.00905	0.38232	0.03061	0.16956	0.01197	0.01235	0.00863	0.00633	0.00674	0.00161	0.14097	0.00436	0.00441	0.00754
3	0.01046	0.13817	0.69070	0.01341	0.02034	0.01272	0.01703	0.01566	0.01047	0.01522	0.00866	0.01017	0.00633	0.00467	0.00452	0.00151	0.00708	0.00354	0.00211	0.00723
4	0.01007	0.02529	0.76842	0.01448	0.02175	0.01162	0.04850	0.01579	0.01057	0.01579	0.00899	0.01064	0.00636	0.00471	0.00478	0.00158	0.00741	0.00377	0.00212	0.00734
5	0.00699	0.00505	0.00623	0.00637	0.00756	0.00456	0.00475	0.00866	0.01205	0.03733	0.31658	0.22031	0.26048	0.01232	0.00605	0.00176	0.00276	0.07069	0.00499	0.00450
6	0.01012	0.00814	0.01398	0.01139	0.01382	0.00781	0.23012	0.01319	0.05815	0.09463	0.15534	0.20879	0.05130	0.03295	0.02962	0.00202	0.01732	0.03147	0.00421	0.00565
7	0.01076	0.01078	0.01473	0.01268	0.01300	0.04235	0.02901	0.01201	0.00801	0.01205	0.00746	0.01191	0.00725	0.01182	0.10746	0.00282	0.67379	0.00447	0.00226	0.00538
8	0.00607	0.00434	0.00578	0.00694	0.00723	0.00405	0.00463	0.00694	0.00954	0.01272	0.02747	0.82157	0.03297	0.01562	0.00636	0.00202	0.00289	0.01417	0.00463	0.00405
9	0.00952	0.00897	0.01514	0.78414	0.06219	0.01110	0.01390	0.01283	0.01002	0.01287	0.00888	0.01325	0.00669	0.00496	0.00498	0.00165	0.00662	0.00443	0.00222	0.00562
10	0.00985	0.00941	0.01649	0.65430	0.08635	0.01110	0.09058	0.01321	0.01026	0.01348	0.00923	0.01339	0.00700	0.00489	0.00503	0.00164	0.00665	0.00458	0.02676	0.00580
11	0.01176	0.01345	0.02941	0.02101	0.02605	0.01261	0.77563	0.01597	0.01176	0.01597	0.01008	0.01345	0.00756	0.00420	0.00588	0.00168	0.00840	0.00588	0.00252	0.00672
12	0.00686	0.00506	0.00650	0.00682	0.00788	0.00470	0.00523	0.00871	0.01215	0.01635	0.35255	0.21155	0.15788	0.01248	0.00619	0.00183	0.00296	0.16486	0.00498	0.00446
13	0.36208	0.00854	0.00924	0.00761	0.01083	0.00858	0.00622	0.01856	0.01189	0.38697	0.10805	0.01581	0.01372	0.00603	0.00433	0.00155	0.00385	0.00455	0.00483	0.00677
14	0.01204	0.01154	0.01970	0.10960	0.71704	0.01177	0.01515	0.01504	0.01121	0.01593	0.00932	0.01243	0.00777	0.00450	0.00494	0.00150	0.00599	0.00444	0.00244	0.00766
15	0.00633	0.00461	0.00620	0.02991	0.00812	0.00438	0.00500	0.00748	0.01013	0.01355	0.10459	0.67299	0.05208	0.01463	0.00628	0.00197	0.00300	0.03992	0.00464	0.00418
16	0.01811	0.02172	0.01409	0.01257	0.01522	0.66099	0.00956	0.09650	0.05563	0.01459	0.00877	0.00985	0.00710	0.00541	0.00491	0.00135	0.03105	0.00350	0.00293	0.00615
17	0.00941	0.00886	0.01495	0.81285	0.03433	0.01107	0.01384	0.01274	0.00997	0.01274	0.00886	0.01329	0.00664	0.00498	0.00498	0.00166	0.00664	0.00443	0.00221	0.00554
18	0.00941	0.00886	0.01495	0.81285	0.03433	0.01107	0.01384	0.01274	0.00997	0.01274	0.00886	0.01329	0.00664	0.00498	0.00498	0.00166	0.00664	0.00443	0.00221	0.00554
19	0.00688	0.00503	0.00648	0.00635	0.00747	0.00463	0.00475	0.00897	0.01326	0.01841	0.61128	0.12610	0.10966	0.01115	0.00597	0.00166	0.00252	0.03956	0.00528	0.00458
20	0.00724	0.00526	0.00708	0.00811	0.00906	0.00509	0.00661	0.00902	0.01090	0.01413	0.02914	0.27855	0.10700	0.01419	0.00663	0.00215	0.00389	0.46695	0.00460	0.00439
21	0.01979	0.01417	0.09219	0.01064	0.01462	0.16502	0.00927	0.15438	0.01547	0.43080	0.01490	0.01388	0.00990	0.00579	0.00488	0.00149	0.00570	0.00443	0.00485	0.00784
22	0.00623	0.00488	0.00565	0.00591	0.00710	0.00430	0.00430	0.00764	0.01145	0.01467	0.19937	0.25287	0.41447	0.01294	0.00604	0.00176	0.00263	0.02868	0.00481	0.00428
23	0.01000	0.02578	0.79900	0.01421	0.02157	0.01158	0.01842	0.01579	0.01052	0.01579	0.00895	0.01052	0.00631	0.00474	0.00474	0.00158	0.00737	0.00368	0.00210	0.00737
24	0.00974	0.00654	0.00812	0.00774	0.00903	0.00668	0.00577	0.07821	0.01150	0.10962	0.04539	0.35991	0.17069	0.05600	0.00801	0.00201	0.08540	0.01001	0.00453	0.00511
25	0.02728	0.26109	0.35804	0.01154	0.01674	0.08654	0.01273	0.04003	0.08938	0.01547	0.03122	0.01119	0.00843	0.00503	0.00430	0.00141	0.00631	0.00369	0.00265	0.00691
26	0.01467	0.01470	0.01375	0.01193	0.01457	0.32582	0.10148	0.05382	0.03134	0.09369	0.01672	0.03676	0.06924	0.00768	0.00564	0.00164	0.02662	0.15029	0.00367	0.00597
27	0.00908	0.00966	0.10220	0.01012	0.01233	0.03581	0.09464	0.08756	0.01178	0.01580	0.06682	0.42778	0.02369	0.01192	0.02815	0.00200	0.00484	0.03646	0.00405	0.00532
28	0.04912	0.01264	0.02426	0.01797	0.02194	0.04823	0.57011	0.01487	0.01119	0.01545	0.01132	0.09443	0.00990	0.00576	0.00654	0.00173	0.06920	0.00634	0.00273	0.00625

[dist]
# distance from previous block
# <min> <max>
0	2

[block]
# block no. 7 follows, 50 sequences, length 27
# corresponding to MSA columns:
# 848-874
name=unknown_H
#
# <colnr> <probs for GDERKNQSTAVLIFYWHMCP>
#	G	D	E	R	K	N	Q	S	T	A	V	L	I	F	Y	W	H	M	C	P
0	0.00943	0.00896	0.01584	0.57159	0.02914	0.01047	0.11912	0.01266	0.01014	0.01323	0.01065	0.01685	0.00883	0.00852	0.08037	0.00230	0.00738	0.05653	0.00246	0.00554
1	0.01060	0.01123	0.02274	0.01694	0.02073	0.01080	0.53500	0.01460	0.04951	0.01615	0.09536	0.09983	0.01519	0.00650	0.00625	0.00173	0.03249	0.02493	0.00321	0.00620
2	0.01156	0.01293	0.02748	0.09502	0.02641	0.01245	0.67982	0.01600	0.03604	0.01582	0.01029	0.01359	0.00772	0.00436	0.00577	0.00168	0.00810	0.00574	0.00257	0.00665
3	0.01010	0.01109	0.08971	0.56879	0.19726	0.01129	0.01459	0.01358	0.01032	0.01379	0.00898	0.01282	0.00688	0.00484	0.00495	0.00161	0.00656	0.00436	0.00226	0.00622
4	0.01073	0.19335	0.48023	0.01402	0.09106	0.01274	0.01495	0.01500	0.01061	0.01488	0.01034	0.01483	0.00877	0.00553	0.00465	0.00153	0.00651	0.08094	0.00240	0.00693
5	0.01227	0.01173	0.01973	0.04789	0.74335	0.01185	0.01495	0.01571	0.04377	0.01639	0.00982	0.01262	0.00817	0.00455	0.00494	0.00149	0.00586	0.00449	0.00257	0.00784
6	0.00620	0.00494	0.00557	0.00589	0.00713	0.00436	0.00434	0.00746	0.01088	0.01353	0.07484	0.22229	0.49321	0.03955	0.02353	0.00203	0.00304	0.06246	0.00457	0.00419
7	0.00822	0.00525	0.00658	0.00661	0.00794	0.00471	0.00491	0.00975	0.01179	0.10370	0.22188	0.29334	0.23258	0.01232	0.00599	0.00178	0.00290	0.04994	0.00501	0.00478
8	0.00725	0.00539	0.00788	0.04136	0.00952	0.00611	0.00612	0.00906	0.00876	0.01259	0.08684	0.04696	0.01638	0.06739	0.60947	0.00658	0.01096	0.00599	0.03093	0.00445
9	0.07253	0.00768	0.00912	0.00769	0.01047	0.00740	0.00615	0.01895	0.12547	0.36749	0.06021	0.02233	0.10213	0.02383	0.00527	0.00161	0.00364	0.01915	0.12207	0.00681
10	0.00848	0.00574	0.00695	0.00691	0.00831	0.00537	0.00516	0.06179	0.01220	0.07628	0.15579	0.29713	0.23959	0.02585	0.00631	0.00185	0.00314	0.06340	0.00488	0.00487
11	0.39777	0.00919	0.00880	0.00771	0.01050	0.01017	0.00617	0.07514	0.16523	0.07644	0.13989	0.01732	0.04420	0.00647	0.00432	0.00158	0.00373	0.00490	0.00429	0.00619
12	0.00946	0.00561	0.00677	0.00661	0.00818	0.00511	0.00492	0.01140	0.04033	0.14849	0.09600	0.27449	0.24836	0.01139	0.00564	0.00172	0.00299	0.02284	0.08459	0.00512
13	0.01929	0.00903	0.01142	0.00916	0.01257	0.00863	0.00746	0.10685	0.10640	0.53927	0.01904	0.01945	0.01340	0.04724	0.00613	0.00176	0.00439	0.04493	0.00567	0.00794
14	0.00712	0.00534	0.00801	0.00801	0.00890	0.00623	0.00623	0.00890	0.00801	0.01157	0.01335	0.01958	0.01246	0.03738	0.80507	0.00801	0.01335	0.00534	0.00267	0.00445
15	0.00686	0.00478	0.00572	0.00596	0.00634	0.00460	0.00379	0.00753	0.00916	0.01225	0.13251	0.22361	0.08174	0.44067	0.01628	0.00342	0.00384	0.02342	0.00390	0.00362
16	0.00677	0.00474	0.00571	0.00603	0.00681	0.00440	0.00417	0.00809	0.01072	0.01479	0.21399	0.31577	0.15453	0.12399	0.00849	0.00216	0.00291	0.01040	0.09137	0.00415
17	0.00657	0.00466	0.00573	0.00627	0.00663	0.00451	0.00406	0.00721	0.00876	0.01158	0.02437	0.39646	0.10047	0.31861	0.06816	0.00345	0.00430	0.01063	0.00389	0.00371
18	0.01234	0.01184	0.02023	0.03059	0.79373	0.01184	0.01530	0.01530	0.01135	0.01628	0.00938	0.01234	0.00790	0.00444	0.00493	0.00148	0.00592	0.00444	0.00247	0.00790
19	0.04655	0.00816	0.00982	0.00845	0.01107	0.00818	0.00659	0.02010	0.23272	0.33099	0.09213	0.07639	0.01843	0.08432	0.00708	0.00194	0.00393	0.02092	0.00525	0.00695
20	0.00805	0.00531	0.00619	0.00607	0.00734	0.00480	0.00439	0.00923	0.01081	0.08691	0.11839	0.10207	0.33753	0.20780	0.01061	0.00248	0.00339	0.05975	0.00448	0.00439
21	0.01313	0.00919	0.01004	0.00869	0.01087	0.03739	0.00672	0.28514	0.01497	0.09316	0.02934	0.09312	0.07596	0.19238	0.02403	0.00249	0.00491	0.07807	0.00444	0.00596
22	0.00866	0.00433	0.00649	0.00649	0.00649	0.00433	0.00433	0.00649	0.00649	0.00866	0.00866	0.01515	0.00866	0.01732	0.01948	0.85498	0.00433	0.00433	0.00216	0.00216
23	0.00637	0.00455	0.00584	0.00675	0.00715	0.00429	0.00457	0.00723	0.00946	0.01248	0.02720	0.60459	0.08012	0.13217	0.00911	0.00243	0.00326	0.06407	0.00439	0.00395
24	0.10268	0.01572	0.01253	0.01091	0.01385	0.29870	0.00851	0.17787	0.22336	0.03292	0.01235	0.01269	0.00947	0.00707	0.03821	0.00175	0.00648	0.00420	0.00386	0.00686
25	0.00981	0.00930	0.01551	0.67798	0.11057	0.01144	0.01379	0.01295	0.00995	0.01305	0.00875	0.01303	0.00677	0.00518	0.00576	0.00168	0.06204	0.00443	0.00224	0.00577
26	0.01694	0.01810	0.01463	0.08861	0.07173	0.42276	0.01022	0.21980	0.02836	0.01785	0.00939	0.01079	0.00736	0.00587	0.01891	0.00151	0.00752	0.00382	0.00322	0.02261

[dist]
# distance from previous block
# <min> <max>
0	1

# created by:
# /st0/software/busco_prod/Augustus/scripts/msa2prfl.pl ./align_prep/129503.fa
