[name]
unknown

[dist]
# distance from previous block
# <min> <max>
0	43

[block]
# block no. 0 follows, 53 sequences, length 9
# corresponding to MSA columns:
# 43-51
name=unknown_A
#
# <colnr> <probs for GDERKNQSTAVLIFYWHMCP>
#	G	D	E	R	K	N	Q	S	T	A	V	L	I	F	Y	W	H	M	C	P
0	0.17667	0.01034	0.06074	0.10732	0.09345	0.00967	0.03530	0.09969	0.02622	0.07616	0.04375	0.01381	0.00967	0.00514	0.00430	0.00136	0.00470	0.03505	0.00331	0.18333
1	0.04508	0.03408	0.11091	0.07935	0.16241	0.03027	0.08960	0.02787	0.01080	0.01561	0.06651	0.01470	0.05825	0.00504	0.00448	0.00128	0.00512	0.00446	0.00283	0.23136
2	0.16930	0.01392	0.24407	0.01056	0.02895	0.01037	0.03904	0.10190	0.07449	0.09282	0.01334	0.01404	0.06337	0.00680	0.03782	0.00175	0.02864	0.00432	0.00335	0.04114
3	0.00903	0.00850	0.01434	0.82054	0.03292	0.01062	0.01327	0.01221	0.00956	0.01221	0.00850	0.01274	0.00637	0.00478	0.00478	0.00159	0.00637	0.00425	0.00212	0.00531
4	0.23835	0.11571	0.01355	0.11861	0.06325	0.09039	0.02781	0.12911	0.01157	0.01757	0.00936	0.06714	0.00816	0.00547	0.00440	0.00142	0.02838	0.00412	0.00298	0.04267
5	0.00664	0.00636	0.05636	0.00744	0.00893	0.00510	0.05973	0.00837	0.01067	0.01424	0.20279	0.34632	0.20151	0.03516	0.00629	0.00180	0.00327	0.01033	0.00429	0.00440
6	0.00714	0.00509	0.00679	0.00777	0.06248	0.00490	0.00504	0.00781	0.00916	0.01210	0.08841	0.18258	0.15410	0.16976	0.03872	0.14637	0.00395	0.08043	0.00361	0.00379
7	0.04452	0.00921	0.02966	0.15122	0.26871	0.00926	0.04605	0.03008	0.01106	0.12557	0.08974	0.03799	0.01295	0.00748	0.03847	0.03076	0.02070	0.02703	0.00328	0.00627
8	0.00829	0.00732	0.02293	0.00779	0.02449	0.04813	0.03727	0.03131	0.04571	0.03030	0.04558	0.05709	0.36387	0.07600	0.00729	0.01737	0.00387	0.13212	0.00402	0.02926

[dist]
# distance from previous block
# <min> <max>
0	5

[block]
# block no. 1 follows, 53 sequences, length 13
# corresponding to MSA columns:
# 57-69
name=unknown_B
#
# <colnr> <probs for GDERKNQSTAVLIFYWHMCP>
#	G	D	E	R	K	N	Q	S	T	A	V	L	I	F	Y	W	H	M	C	P
0	0.00658	0.00489	0.00555	0.00560	0.00699	0.00425	0.00417	0.00795	0.01115	0.04698	0.16158	0.17134	0.49893	0.01198	0.00571	0.00166	0.00258	0.03322	0.00463	0.00427
1	0.00689	0.00457	0.00565	0.00577	0.00609	0.00451	0.00371	0.00701	0.00785	0.01042	0.05176	0.12425	0.09971	0.40838	0.08830	0.14653	0.00472	0.00751	0.00317	0.00319
2	0.01180	0.02687	0.03994	0.15910	0.27728	0.10112	0.13102	0.05837	0.04321	0.01504	0.00968	0.01251	0.00779	0.00736	0.07636	0.00202	0.00705	0.00441	0.00258	0.00648
3	0.01650	0.10652	0.03584	0.01153	0.01445	0.46440	0.00931	0.17665	0.04874	0.01590	0.00865	0.00965	0.00693	0.00525	0.00491	0.00132	0.05079	0.00345	0.00297	0.00625
4	0.00688	0.00465	0.00519	0.00519	0.00528	0.00460	0.00294	0.00695	0.00717	0.00947	0.01695	0.03211	0.06164	0.78566	0.02327	0.00446	0.00451	0.00713	0.00298	0.00296
5	0.00620	0.00466	0.00555	0.00582	0.00676	0.00421	0.00416	0.00737	0.01051	0.01363	0.19215	0.25418	0.31451	0.08261	0.00776	0.02515	0.00280	0.04361	0.00441	0.00396
6	0.01601	0.05632	0.03904	0.06838	0.13986	0.43739	0.03018	0.05648	0.01298	0.08634	0.00903	0.01035	0.00704	0.00487	0.00446	0.00133	0.00719	0.00362	0.00282	0.00631
7	0.01744	0.01295	0.01395	0.01065	0.01451	0.01407	0.00878	0.71774	0.02136	0.02883	0.01121	0.01134	0.00804	0.00554	0.00467	0.00137	0.00511	0.00417	0.00461	0.08364
8	0.00622	0.00444	0.00551	0.00612	0.00653	0.00419	0.00405	0.00701	0.00908	0.01201	0.07553	0.46325	0.10555	0.23120	0.01088	0.00260	0.00325	0.03480	0.00408	0.00369
9	0.01091	0.01045	0.01600	0.17651	0.42912	0.04560	0.03196	0.01466	0.08981	0.01489	0.01185	0.08589	0.01061	0.00578	0.00493	0.00154	0.00552	0.02455	0.00281	0.00661
10	0.01018	0.00813	0.00953	0.04100	0.01157	0.00675	0.00584	0.03920	0.03663	0.03328	0.01116	0.01288	0.03067	0.03014	0.00440	0.00100	0.00362	0.00355	0.07880	0.62166
11	0.01027	0.01015	0.03384	0.43805	0.25737	0.02690	0.02812	0.02537	0.03371	0.01382	0.00953	0.03973	0.00785	0.00517	0.00527	0.00156	0.04021	0.00458	0.00241	0.00611
12	0.01043	0.01006	0.01747	0.14692	0.12826	0.03400	0.27554	0.03973	0.01091	0.03218	0.03156	0.03855	0.06536	0.07630	0.03393	0.00202	0.00636	0.01748	0.00286	0.02009

[dist]
# distance from previous block
# <min> <max>
0	9

[block]
# block no. 2 follows, 53 sequences, length 18
# corresponding to MSA columns:
# 79-96
name=unknown_C
#
# <colnr> <probs for GDERKNQSTAVLIFYWHMCP>
#	G	D	E	R	K	N	Q	S	T	A	V	L	I	F	Y	W	H	M	C	P
0	0.48892	0.01063	0.05879	0.09480	0.03396	0.03829	0.00769	0.03487	0.00919	0.01850	0.00760	0.00939	0.00600	0.00481	0.00444	0.00146	0.06861	0.00314	0.03233	0.06658
1	0.01425	0.12970	0.01618	0.01542	0.20865	0.30684	0.01017	0.06005	0.08208	0.01466	0.03974	0.01143	0.00889	0.00523	0.00508	0.00136	0.05721	0.00386	0.00281	0.00639
2	0.00741	0.02703	0.00733	0.00710	0.00785	0.03807	0.00501	0.00835	0.00883	0.01192	0.01936	0.44986	0.02224	0.15199	0.06884	0.00266	0.05470	0.00954	0.02446	0.06744
3	0.00701	0.00559	0.00714	0.00786	0.06546	0.00509	0.00559	0.00890	0.01173	0.01549	0.28164	0.04051	0.31950	0.01070	0.00569	0.00165	0.00303	0.15878	0.00449	0.03416
4	0.86579	0.00924	0.00702	0.00629	0.00924	0.01072	0.00518	0.01405	0.00813	0.02144	0.00666	0.00776	0.00518	0.00444	0.00296	0.00148	0.00370	0.00259	0.00296	0.00518
5	0.01057	0.01765	0.41997	0.03385	0.19605	0.01100	0.01427	0.04621	0.11876	0.01630	0.02852	0.01309	0.00900	0.03769	0.00545	0.00163	0.00601	0.00425	0.00271	0.00703
6	0.01278	0.83490	0.02505	0.00818	0.01227	0.01891	0.00818	0.01431	0.00971	0.01125	0.00664	0.00767	0.00613	0.00409	0.00307	0.00102	0.00511	0.00256	0.00204	0.00613
7	0.00894	0.00685	0.00893	0.02547	0.01002	0.03382	0.00663	0.06652	0.03168	0.04419	0.01267	0.01774	0.01138	0.05625	0.59496	0.00613	0.04508	0.00500	0.00290	0.00485
8	0.00781	0.00620	0.00747	0.00724	0.00809	0.04883	0.03559	0.00880	0.00883	0.03080	0.02030	0.16920	0.10655	0.30074	0.15121	0.00378	0.02045	0.05073	0.00338	0.00397
9	0.86579	0.00924	0.00702	0.00629	0.00924	0.01072	0.00518	0.01405	0.00813	0.02144	0.00666	0.00776	0.00518	0.00444	0.00296	0.00148	0.00370	0.00259	0.00296	0.00518
10	0.01563	0.01812	0.01253	0.01135	0.01390	0.51460	0.00861	0.02144	0.30399	0.01479	0.01188	0.01205	0.00930	0.00551	0.00452	0.00138	0.00682	0.00394	0.00336	0.00629
11	0.01145	0.01116	0.03494	0.04067	0.64653	0.01092	0.03896	0.03414	0.02845	0.01612	0.05219	0.01407	0.02918	0.00484	0.00483	0.00145	0.00548	0.00469	0.00268	0.00725
12	0.00684	0.00508	0.00747	0.00747	0.00825	0.00586	0.00571	0.00840	0.00762	0.01094	0.01299	0.01984	0.01241	0.10363	0.74593	0.00742	0.01211	0.00528	0.00259	0.00415
13	0.00686	0.00498	0.00695	0.00695	0.00755	0.00558	0.00506	0.00806	0.00746	0.01055	0.01347	0.02250	0.01357	0.27306	0.57809	0.00677	0.01037	0.00567	0.00266	0.00386
14	0.00959	0.02472	0.80726	0.01362	0.02069	0.01110	0.01766	0.01514	0.01009	0.01514	0.00858	0.01009	0.00605	0.00454	0.00454	0.00151	0.00706	0.00353	0.00202	0.00706
15	0.00756	0.05185	0.05831	0.03564	0.01000	0.00669	0.03260	0.03983	0.05428	0.01475	0.12304	0.08374	0.44390	0.01001	0.00536	0.00158	0.00338	0.00848	0.00414	0.00486
16	0.01064	0.03852	0.11949	0.00877	0.03017	0.00796	0.00777	0.03481	0.05148	0.05329	0.04087	0.03429	0.00972	0.00460	0.00400	0.00101	0.00414	0.00374	0.00313	0.53162
17	0.03084	0.00987	0.03239	0.06084	0.04118	0.07710	0.02425	0.04384	0.01287	0.43257	0.05824	0.03452	0.05073	0.00614	0.00477	0.00143	0.00462	0.00505	0.00465	0.06409

[dist]
# distance from previous block
# <min> <max>
3	7

[block]
# block no. 3 follows, 53 sequences, length 10
# corresponding to MSA columns:
# 105-114
name=unknown_D
#
# <colnr> <probs for GDERKNQSTAVLIFYWHMCP>
#	G	D	E	R	K	N	Q	S	T	A	V	L	I	F	Y	W	H	M	C	P
0	0.01056	0.01000	0.01559	0.30972	0.37513	0.04161	0.01260	0.03656	0.01061	0.01424	0.01052	0.08666	0.00942	0.00643	0.02878	0.00171	0.00598	0.00509	0.00255	0.00626
1	0.03714	0.00950	0.01103	0.05023	0.03919	0.03502	0.00701	0.09099	0.04628	0.13653	0.01094	0.01204	0.00840	0.02593	0.00456	0.00115	0.00422	0.00362	0.00352	0.46272
2	0.08261	0.01247	0.07277	0.03049	0.01447	0.04924	0.04895	0.28625	0.10211	0.08035	0.01272	0.01320	0.03400	0.00570	0.00523	0.00146	0.05495	0.00436	0.02273	0.06593
3	0.00903	0.00850	0.01434	0.82054	0.03292	0.01062	0.01327	0.01221	0.00956	0.01221	0.00850	0.01274	0.00637	0.00478	0.00478	0.00159	0.00637	0.00425	0.00212	0.00531
4	0.00922	0.00594	0.00797	0.00745	0.00836	0.00648	0.00553	0.12690	0.00928	0.01272	0.01070	0.01626	0.00996	0.05321	0.30834	0.38298	0.00752	0.00464	0.00270	0.00384
5	0.00692	0.00475	0.00579	0.00579	0.00599	0.00495	0.00362	0.00732	0.00712	0.00970	0.01453	0.02834	0.01610	0.64491	0.20970	0.00535	0.00655	0.00652	0.00282	0.00322
6	0.00895	0.09592	0.30250	0.01075	0.06559	0.03081	0.01047	0.01224	0.01137	0.01587	0.28964	0.07169	0.04063	0.00718	0.00491	0.00148	0.00474	0.00607	0.00341	0.00579
7	0.01062	0.00896	0.01028	0.00755	0.01165	0.00737	0.00604	0.06451	0.07258	0.01689	0.00956	0.01064	0.00774	0.00392	0.00373	0.00083	0.00367	0.00313	0.00312	0.73723
8	0.01107	0.00920	0.04447	0.03933	0.12758	0.02893	0.00794	0.03466	0.10143	0.10508	0.15481	0.01984	0.08223	0.00733	0.03165	0.00155	0.00435	0.00540	0.00388	0.17925
9	0.12028	0.09057	0.09262	0.03398	0.13447	0.22432	0.00966	0.03408	0.05723	0.05390	0.06971	0.01338	0.03558	0.00540	0.00434	0.00138	0.00576	0.00412	0.00305	0.00618

[dist]
# distance from previous block
# <min> <max>
1	5

[block]
# block no. 4 follows, 53 sequences, length 49
# corresponding to MSA columns:
# 120-168
name=unknown_E
#
# <colnr> <probs for GDERKNQSTAVLIFYWHMCP>
#	G	D	E	R	K	N	Q	S	T	A	V	L	I	F	Y	W	H	M	C	P
0	0.00764	0.00655	0.04328	0.00654	0.00700	0.02651	0.00457	0.00817	0.00758	0.01024	0.04399	0.02763	0.01648	0.63962	0.05217	0.00418	0.07508	0.00645	0.00285	0.00347
1	0.02946	0.27772	0.28978	0.01228	0.02748	0.03528	0.12466	0.01498	0.04624	0.01402	0.00997	0.01251	0.02370	0.00502	0.00461	0.00141	0.02771	0.03435	0.00240	0.00641
2	0.05115	0.07233	0.06321	0.04695	0.02152	0.04523	0.50229	0.01523	0.01078	0.04608	0.00922	0.01190	0.00704	0.00456	0.00594	0.00157	0.07136	0.00487	0.00250	0.00629
3	0.03545	0.03744	0.58404	0.01219	0.01822	0.03873	0.02885	0.01479	0.01039	0.03271	0.04508	0.01127	0.00809	0.00469	0.00442	0.00141	0.00633	0.00369	0.00239	0.09981
4	0.00643	0.00497	0.00622	0.00689	0.02700	0.00448	0.00490	0.00779	0.01042	0.01362	0.11210	0.36727	0.25622	0.01259	0.00583	0.00176	0.00291	0.10060	0.00439	0.04359
5	0.01078	0.00913	0.01034	0.00784	0.01175	0.00796	0.00624	0.05834	0.16910	0.01729	0.01088	0.01160	0.00866	0.00426	0.00388	0.00093	0.00369	0.00343	0.00335	0.64057
6	0.01896	0.00812	0.01072	0.00815	0.01190	0.00683	0.00669	0.02084	0.01293	0.64254	0.01774	0.01588	0.03114	0.00564	0.00460	0.00134	0.00393	0.00458	0.00532	0.16214
7	0.00959	0.02472	0.80726	0.01362	0.02069	0.01110	0.01766	0.01514	0.01009	0.01514	0.00858	0.01009	0.00605	0.00454	0.00454	0.00151	0.00706	0.00353	0.00202	0.00706
8	0.00830	0.00415	0.00623	0.00623	0.00623	0.00415	0.00415	0.00623	0.00623	0.00830	0.00830	0.01453	0.00830	0.01660	0.01868	0.86094	0.00415	0.00415	0.00208	0.00208
9	0.00988	0.03642	0.68222	0.01312	0.01954	0.01100	0.03785	0.05014	0.01074	0.01566	0.01071	0.01280	0.03742	0.00511	0.00466	0.00153	0.00672	0.02527	0.00232	0.00689
10	0.02009	0.00978	0.01276	0.00972	0.01350	0.00937	0.04337	0.22975	0.01595	0.55897	0.01643	0.01481	0.01062	0.00578	0.00484	0.00147	0.00457	0.00471	0.00545	0.00805
11	0.00830	0.00415	0.00623	0.00623	0.00623	0.00415	0.00415	0.00623	0.00623	0.00830	0.00830	0.01453	0.00830	0.01660	0.01868	0.86094	0.00415	0.00415	0.00208	0.00208
12	0.00582	0.00416	0.00555	0.00666	0.00693	0.00388	0.00444	0.00666	0.00915	0.01220	0.02634	0.82891	0.03161	0.01497	0.00610	0.00194	0.00277	0.01359	0.00444	0.00388
13	0.00913	0.00861	0.01453	0.79002	0.06260	0.01065	0.01333	0.01231	0.00961	0.01234	0.00851	0.01271	0.00642	0.00476	0.00478	0.00159	0.00634	0.00425	0.00213	0.00540
14	0.45452	0.00897	0.00906	0.00868	0.03840	0.04232	0.02141	0.01252	0.00852	0.01695	0.00964	0.02632	0.00895	0.04776	0.11559	0.00258	0.10085	0.05907	0.00287	0.00501
15	0.00922	0.00864	0.01434	0.76702	0.05376	0.01069	0.01309	0.01279	0.03984	0.01261	0.00893	0.01291	0.00672	0.00483	0.00478	0.00159	0.00625	0.00429	0.00224	0.00546
16	0.00903	0.00850	0.01434	0.82054	0.03292	0.01062	0.01327	0.01221	0.00956	0.01221	0.00850	0.01274	0.00637	0.00478	0.00478	0.00159	0.00637	0.00425	0.00212	0.00531
17	0.01112	0.07271	0.07922	0.11006	0.32781	0.02071	0.07759	0.03440	0.04863	0.03190	0.05301	0.03121	0.03977	0.00536	0.00495	0.00146	0.01950	0.00486	0.00283	0.02292
18	0.01043	0.19381	0.45180	0.01215	0.05619	0.02486	0.01329	0.01459	0.03342	0.02548	0.05755	0.01290	0.02974	0.02322	0.00498	0.00148	0.02110	0.00399	0.00247	0.00654
19	0.01044	0.00841	0.01000	0.02388	0.01174	0.00646	0.00587	0.01258	0.01016	0.05700	0.02289	0.01075	0.00798	0.00380	0.00367	0.00078	0.00360	0.00307	0.00302	0.78388
20	0.00991	0.00850	0.00991	0.00708	0.01133	0.00637	0.00566	0.01203	0.00991	0.01557	0.00850	0.00991	0.00708	0.00354	0.00354	0.00071	0.00354	0.00283	0.00283	0.86124
21	0.01287	0.01116	0.03210	0.01004	0.01304	0.01236	0.00808	0.15182	0.64482	0.02155	0.01784	0.01657	0.01329	0.00631	0.00484	0.00159	0.00411	0.00517	0.00478	0.00765
22	0.01030	0.07819	0.46896	0.11474	0.05398	0.02837	0.06364	0.01456	0.01021	0.02988	0.00910	0.01174	0.00699	0.01843	0.00486	0.00151	0.00655	0.01787	0.00226	0.04786
23	0.01070	0.05809	0.65392	0.01373	0.03451	0.02663	0.05975	0.01564	0.01043	0.06001	0.00913	0.01050	0.00649	0.00457	0.00455	0.00149	0.00687	0.00369	0.00228	0.00703
24	0.00959	0.02472	0.80726	0.01362	0.02069	0.01110	0.01766	0.01514	0.01009	0.01514	0.00858	0.01009	0.00605	0.00454	0.00454	0.00151	0.00706	0.00353	0.00202	0.00706
25	0.00609	0.00472	0.00557	0.00575	0.00690	0.00419	0.00423	0.00756	0.01127	0.01464	0.26305	0.22423	0.37188	0.01212	0.00579	0.00168	0.00253	0.03897	0.00468	0.00415
26	0.01176	0.05073	0.07759	0.04463	0.09001	0.03446	0.05551	0.02559	0.02110	0.18143	0.10019	0.16480	0.02960	0.00819	0.00523	0.00162	0.00461	0.08291	0.00404	0.00601
27	0.01215	0.01171	0.09453	0.17931	0.24747	0.01094	0.11511	0.03451	0.04122	0.11437	0.02598	0.01313	0.00860	0.00509	0.00566	0.00155	0.06438	0.00456	0.00293	0.00678
28	0.01787	0.02226	0.01359	0.01224	0.01478	0.76902	0.00923	0.06121	0.01403	0.01271	0.00761	0.00878	0.00626	0.00497	0.00434	0.00124	0.00843	0.00315	0.00259	0.00568
29	0.00644	0.00551	0.04321	0.00722	0.00807	0.00502	0.00552	0.00785	0.00884	0.01219	0.05926	0.41846	0.03821	0.05224	0.29397	0.00404	0.00658	0.00955	0.00364	0.00416
30	0.02919	0.04496	0.09254	0.06240	0.06597	0.05648	0.15390	0.05508	0.01255	0.33473	0.01403	0.01423	0.03100	0.00527	0.00482	0.00148	0.00565	0.00467	0.00394	0.00712
31	0.00703	0.00504	0.00599	0.00632	0.00757	0.00457	0.00476	0.00863	0.03120	0.05592	0.05014	0.29328	0.37088	0.01264	0.00586	0.00179	0.00293	0.11656	0.00454	0.00436
32	0.01161	0.00686	0.00958	0.00874	0.01096	0.00645	0.05480	0.03010	0.04125	0.22934	0.02620	0.06043	0.15791	0.01011	0.00577	0.00182	0.00413	0.31357	0.00472	0.00566
33	0.00997	0.04402	0.10096	0.03399	0.25706	0.04636	0.09408	0.01261	0.01064	0.01430	0.03269	0.12493	0.05635	0.00756	0.00553	0.00163	0.02840	0.10994	0.00303	0.00597
34	0.00854	0.00746	0.02947	0.00952	0.01137	0.00730	0.08058	0.01322	0.18685	0.01522	0.02403	0.17936	0.08142	0.01084	0.00591	0.00191	0.00423	0.31326	0.00427	0.00525
35	0.01197	0.01094	0.01835	0.05078	0.70682	0.01100	0.01387	0.01504	0.03167	0.04534	0.03170	0.01285	0.00893	0.00455	0.00476	0.00143	0.00549	0.00443	0.00264	0.00744
36	0.01125	0.01184	0.06272	0.14074	0.56632	0.01131	0.09691	0.01441	0.01069	0.01507	0.00897	0.01198	0.00728	0.00432	0.00483	0.00147	0.00611	0.00436	0.00232	0.00710
37	0.00978	0.04471	0.24672	0.15871	0.22915	0.01039	0.05782	0.01344	0.02263	0.01446	0.02564	0.01674	0.10544	0.00564	0.00483	0.00152	0.00582	0.01762	0.00258	0.00637
38	0.03566	0.02121	0.01391	0.01305	0.05075	0.71501	0.03220	0.01836	0.01313	0.01221	0.00798	0.02912	0.00686	0.00511	0.00438	0.00127	0.00822	0.00346	0.00252	0.00561
39	0.02144	0.00813	0.01109	0.00850	0.01220	0.00702	0.00702	0.02329	0.01368	0.80552	0.01886	0.01627	0.01183	0.00592	0.00481	0.00148	0.00407	0.00481	0.00592	0.00813
40	0.01687	0.06882	0.09400	0.03101	0.04957	0.00822	0.00834	0.01909	0.01244	0.50976	0.03502	0.04139	0.07121	0.00635	0.00477	0.00147	0.00439	0.00521	0.00480	0.00727
41	0.01201	0.01703	0.36448	0.03556	0.27682	0.04728	0.01437	0.01578	0.01091	0.11244	0.01061	0.04294	0.00826	0.00504	0.00469	0.00148	0.00613	0.00431	0.00273	0.00713
42	0.00582	0.00444	0.00534	0.00597	0.00678	0.00397	0.00416	0.00686	0.01002	0.01286	0.07895	0.50495	0.30537	0.01365	0.00591	0.00180	0.00262	0.01206	0.00449	0.00397
43	0.01236	0.14030	0.44261	0.01233	0.04416	0.01133	0.04228	0.01650	0.02795	0.16298	0.01107	0.03685	0.00824	0.00507	0.00448	0.00145	0.00599	0.00409	0.00292	0.00703
44	0.02695	0.02583	0.20035	0.03959	0.09786	0.02019	0.05979	0.03212	0.01190	0.33392	0.01497	0.06461	0.02673	0.00599	0.00485	0.00152	0.00526	0.01650	0.00396	0.00711
45	0.02759	0.01301	0.12109	0.04277	0.47159	0.04446	0.02935	0.02679	0.07897	0.04392	0.01090	0.04890	0.00908	0.00509	0.00475	0.00148	0.00566	0.00465	0.00280	0.00715
46	0.04635	0.00864	0.06230	0.07923	0.02865	0.06367	0.00735	0.03108	0.00901	0.03757	0.01255	0.06500	0.01218	0.18389	0.29481	0.00435	0.04037	0.00546	0.00282	0.00471
47	0.17547	0.00980	0.04409	0.07939	0.17697	0.00956	0.04144	0.06052	0.05318	0.09998	0.03235	0.09863	0.01133	0.00649	0.01860	0.00159	0.00479	0.00510	0.00343	0.06731
48	0.03366	0.03358	0.10694	0.03029	0.17283	0.02330	0.02054	0.17086	0.03994	0.07850	0.01311	0.11296	0.02489	0.00637	0.00514	0.00147	0.03565	0.00530	0.00350	0.08116

[dist]
# distance from previous block
# <min> <max>
1	14

[block]
# block no. 5 follows, 53 sequences, length 13
# corresponding to MSA columns:
# 183-195
name=unknown_F
#
# <colnr> <probs for GDERKNQSTAVLIFYWHMCP>
#	G	D	E	R	K	N	Q	S	T	A	V	L	I	F	Y	W	H	M	C	P
0	0.01180	0.06392	0.10270	0.01195	0.07828	0.07753	0.08068	0.10753	0.10841	0.03644	0.08182	0.06374	0.05066	0.00621	0.00475	0.00141	0.00509	0.00531	0.00352	0.09825
1	0.01176	0.04151	0.11137	0.01300	0.06789	0.08562	0.16838	0.07127	0.03361	0.04761	0.05622	0.03012	0.01102	0.00684	0.04515	0.00168	0.00613	0.03261	0.00309	0.15512
2	0.06623	0.03344	0.12857	0.04854	0.09287	0.06998	0.13289	0.05168	0.06593	0.01592	0.02648	0.06708	0.03358	0.00571	0.00512	0.00145	0.03936	0.00492	0.00294	0.10730
3	0.06484	0.01162	0.06071	0.12739	0.16535	0.05822	0.06540	0.04951	0.15968	0.03246	0.03618	0.01438	0.03548	0.00556	0.00540	0.00152	0.05775	0.00463	0.00317	0.04074
4	0.33952	0.02802	0.06258	0.01115	0.09670	0.08635	0.02978	0.05851	0.14292	0.05062	0.01091	0.04473	0.00877	0.00536	0.00408	0.00149	0.00481	0.00407	0.00336	0.00627
5	0.03883	0.00969	0.06987	0.06852	0.07952	0.00860	0.00840	0.13150	0.01216	0.05350	0.04157	0.02096	0.09386	0.03370	0.03401	0.00173	0.01886	0.08482	0.00352	0.18639
6	0.24260	0.01128	0.12547	0.01058	0.05249	0.00970	0.09145	0.05680	0.09400	0.06525	0.03608	0.06689	0.10520	0.00649	0.00456	0.00155	0.00462	0.00540	0.00354	0.00606
7	0.12321	0.03986	0.01326	0.01027	0.01373	0.10240	0.03452	0.36737	0.13284	0.04838	0.01144	0.01162	0.00846	0.00536	0.00441	0.00140	0.00517	0.00403	0.00405	0.05824
8	0.00693	0.00470	0.00555	0.00555	0.00566	0.00481	0.00331	0.00716	0.00705	0.00951	0.01476	0.02959	0.01665	0.72480	0.13055	0.00504	0.00573	0.00670	0.00285	0.00308
9	0.01001	0.00882	0.01127	0.00805	0.01234	0.00680	0.06353	0.01228	0.01001	0.01556	0.00858	0.01013	0.00709	0.00358	0.00370	0.00078	0.00388	0.00304	0.00280	0.79776
10	0.01177	0.05105	0.01460	0.04138	0.24362	0.01066	0.05485	0.09716	0.18166	0.05075	0.11071	0.01914	0.05594	0.00631	0.00496	0.00151	0.00466	0.02869	0.00381	0.00679
11	0.00728	0.00573	0.00846	0.07518	0.01060	0.00678	0.00670	0.00893	0.00798	0.01129	0.01333	0.05382	0.01307	0.08843	0.55632	0.00604	0.06939	0.04369	0.00268	0.00431
12	0.04994	0.23694	0.23124	0.01257	0.10345	0.06634	0.02950	0.07075	0.02788	0.01543	0.02475	0.03063	0.00807	0.00482	0.00412	0.00130	0.00569	0.00373	0.00259	0.07024

[dist]
# distance from previous block
# <min> <max>
1	2

[block]
# block no. 6 follows, 53 sequences, length 11
# corresponding to MSA columns:
# 198-208
name=unknown_G
#
# <colnr> <probs for GDERKNQSTAVLIFYWHMCP>
#	G	D	E	R	K	N	Q	S	T	A	V	L	I	F	Y	W	H	M	C	P
0	0.00679	0.00504	0.00718	0.00718	0.00794	0.00569	0.00541	0.00822	0.00772	0.01090	0.01475	0.02188	0.04829	0.15429	0.65829	0.00695	0.01111	0.00562	0.00270	0.00405
1	0.01108	0.05032	0.36404	0.01735	0.22148	0.05022	0.05305	0.04242	0.01061	0.01501	0.00862	0.01088	0.00680	0.00587	0.03174	0.00171	0.08578	0.00391	0.00227	0.00683
2	0.09592	0.06777	0.02422	0.04312	0.01201	0.05174	0.03493	0.09719	0.10055	0.03732	0.05407	0.06746	0.11960	0.03004	0.04924	0.00199	0.04186	0.06164	0.00372	0.00560
3	0.15116	0.00837	0.00868	0.00784	0.00985	0.05634	0.02318	0.06210	0.09020	0.03614	0.06353	0.03805	0.10613	0.11560	0.03731	0.00219	0.02433	0.09125	0.01831	0.04944
4	0.20516	0.10404	0.06172	0.00895	0.04860	0.04817	0.00739	0.01411	0.00989	0.06634	0.00845	0.00963	0.00674	0.00424	0.00390	0.00111	0.02525	0.00303	0.00286	0.36043
5	0.42806	0.04920	0.03121	0.03556	0.08425	0.02769	0.04836	0.12643	0.01109	0.02014	0.00803	0.00939	0.00625	0.00450	0.00371	0.00137	0.00465	0.00326	0.00303	0.09381
6	0.05173	0.14182	0.09670	0.03778	0.19919	0.11567	0.05782	0.04482	0.01103	0.03045	0.03289	0.01378	0.04434	0.03660	0.04413	0.00181	0.02626	0.00431	0.00268	0.00619
7	0.06616	0.10828	0.02438	0.04280	0.14380	0.11346	0.00857	0.02810	0.02133	0.03020	0.01019	0.03149	0.00920	0.05913	0.19010	0.00297	0.04405	0.00428	0.00266	0.05885
8	0.01063	0.04158	0.13079	0.04242	0.25958	0.00996	0.05131	0.05210	0.01106	0.03496	0.05832	0.06544	0.04793	0.00652	0.02149	0.00156	0.04457	0.00514	0.00295	0.10168
9	0.05153	0.08631	0.11449	0.05046	0.04791	0.04961	0.00870	0.05810	0.02683	0.01550	0.04241	0.01385	0.05870	0.00692	0.04889	0.00158	0.04857	0.00405	0.00289	0.26268
10	0.04587	0.03227	0.14126	0.08291	0.35447	0.06501	0.04382	0.04318	0.04860	0.03123	0.00941	0.01144	0.00741	0.00453	0.00454	0.00140	0.00588	0.00399	0.00262	0.06014

[dist]
# distance from previous block
# <min> <max>
0	10

# created by:
# /st0/software/busco_prod/Augustus/scripts/msa2prfl.pl ./align_prep/129612.fa
