[name]
unknown

[dist]
# distance from previous block
# <min> <max>
11	312

[block]
# block no. 0 follows, 64 sequences, length 10
# corresponding to MSA columns:
# 341-350
name=unknown_A
#
# <colnr> <probs for GDERKNQSTAVLIFYWHMCP>
#	G	D	E	R	K	N	Q	S	T	A	V	L	I	F	Y	W	H	M	C	P
0	0.01076	0.03215	0.07089	0.00912	0.01204	0.05640	0.11773	0.11554	0.09458	0.10995	0.04695	0.12058	0.03710	0.00593	0.00427	0.00127	0.00425	0.02171	0.00337	0.12539
1	0.25497	0.00851	0.00832	0.00704	0.00944	0.04780	0.01570	0.21303	0.05756	0.06169	0.01359	0.08179	0.08848	0.03833	0.00443	0.00138	0.00365	0.00453	0.02379	0.05599
2	0.03840	0.00748	0.06392	0.00716	0.02918	0.01651	0.02618	0.07054	0.03439	0.02293	0.08208	0.03488	0.07188	0.12011	0.07248	0.00194	0.02171	0.00466	0.08831	0.18527
3	0.17313	0.02781	0.02212	0.03726	0.04283	0.07534	0.18913	0.02385	0.02939	0.07353	0.11065	0.10816	0.01322	0.00575	0.00417	0.00134	0.00440	0.02167	0.03132	0.00494
4	0.10206	0.02173	0.00893	0.00808	0.05629	0.00640	0.09573	0.04000	0.02096	0.02303	0.09256	0.10591	0.09669	0.17910	0.05879	0.00219	0.00415	0.01386	0.00302	0.06052
5	0.00904	0.00955	0.01780	0.07012	0.01754	0.04649	0.49866	0.01222	0.03988	0.01330	0.07348	0.03705	0.06914	0.00488	0.00466	0.00136	0.00561	0.00530	0.05885	0.00509
6	0.00890	0.00915	0.02907	0.07570	0.01703	0.00887	0.43135	0.01236	0.06452	0.01334	0.05673	0.01296	0.00911	0.00619	0.06513	0.00170	0.03820	0.00457	0.05872	0.07639
7	0.00769	0.06794	0.02969	0.05491	0.00895	0.05934	0.00539	0.00982	0.05116	0.04517	0.30330	0.06374	0.13348	0.07182	0.00585	0.00155	0.00329	0.06905	0.00364	0.00424
8	0.00890	0.00780	0.01097	0.53891	0.02137	0.06831	0.00942	0.01101	0.00853	0.06643	0.00947	0.07543	0.00819	0.05450	0.00578	0.00155	0.05925	0.00440	0.02522	0.00456
9	0.01207	0.08625	0.01234	0.00974	0.01203	0.32597	0.06800	0.06525	0.21632	0.01319	0.01072	0.06786	0.00914	0.00650	0.04420	0.00151	0.02659	0.00411	0.00287	0.00535

[dist]
# distance from previous block
# <min> <max>
0	1

[block]
# block no. 1 follows, 64 sequences, length 28
# corresponding to MSA columns:
# 352-379
name=unknown_B
#
# <colnr> <probs for GDERKNQSTAVLIFYWHMCP>
#	G	D	E	R	K	N	Q	S	T	A	V	L	I	F	Y	W	H	M	C	P
0	0.00686	0.00406	0.00594	0.00588	0.00607	0.00439	0.00414	0.00615	0.00582	0.00802	0.00862	0.01458	0.00859	0.08339	0.23058	0.55177	0.03670	0.00402	0.00197	0.00246
1	0.01056	0.00612	0.00753	0.00636	0.00849	0.00572	0.00501	0.03443	0.11790	0.25403	0.31358	0.02270	0.10813	0.00684	0.00444	0.00127	0.00277	0.00581	0.00444	0.07389
2	0.16137	0.36356	0.01534	0.00947	0.07477	0.29146	0.00741	0.01382	0.00941	0.01171	0.00615	0.00724	0.00529	0.00386	0.00313	0.00104	0.00530	0.00249	0.00206	0.00511
3	0.00954	0.00590	0.00839	0.15097	0.05379	0.01786	0.00620	0.03988	0.00789	0.12115	0.00917	0.01295	0.00776	0.04935	0.01057	0.37974	0.04719	0.00383	0.05407	0.00379
4	0.00808	0.00700	0.01143	0.37195	0.16659	0.00804	0.02276	0.00976	0.00801	0.01081	0.00925	0.06342	0.00854	0.00689	0.00690	0.13777	0.06803	0.05444	0.01591	0.00441
5	0.00725	0.00565	0.00828	0.00838	0.00972	0.00572	0.06886	0.01023	0.08751	0.01316	0.05557	0.04040	0.02214	0.01017	0.00549	0.00180	0.00394	0.62775	0.00376	0.00423
6	0.00771	0.00623	0.00901	0.08990	0.22828	0.00607	0.00700	0.00952	0.02122	0.06459	0.05493	0.11851	0.31343	0.00792	0.00464	0.00140	0.00339	0.03823	0.00330	0.00472
7	0.00897	0.00877	0.01372	0.55876	0.26339	0.05319	0.01171	0.01156	0.00883	0.01146	0.00746	0.01065	0.00583	0.00403	0.00412	0.00132	0.00546	0.00364	0.00192	0.00520
8	0.01111	0.85652	0.02177	0.00711	0.01066	0.01644	0.00711	0.01244	0.00844	0.00977	0.00577	0.00666	0.00533	0.00355	0.00267	0.00089	0.00444	0.00222	0.00178	0.00533
9	0.00770	0.00579	0.02077	0.02749	0.00902	0.02005	0.07050	0.00962	0.01048	0.08739	0.42552	0.05493	0.03608	0.04330	0.05446	0.00182	0.01592	0.09093	0.00390	0.00431
10	0.04327	0.00925	0.01500	0.18478	0.59027	0.02559	0.01174	0.01210	0.00912	0.01300	0.00823	0.04403	0.00711	0.00418	0.00410	0.00128	0.00494	0.00395	0.00211	0.00595
11	0.00823	0.00778	0.01316	0.71378	0.15584	0.00933	0.01173	0.01095	0.00849	0.01108	0.00745	0.01095	0.00570	0.00408	0.00415	0.00136	0.00544	0.00369	0.00188	0.00493
12	0.00784	0.00738	0.01246	0.84404	0.02861	0.00923	0.01154	0.01061	0.00831	0.01061	0.00738	0.01107	0.00554	0.00415	0.00415	0.00138	0.00554	0.00369	0.00185	0.00461
13	0.00968	0.04175	0.07246	0.24112	0.31975	0.04469	0.04092	0.02735	0.00956	0.04418	0.05202	0.02685	0.00904	0.00467	0.00420	0.00131	0.00505	0.03747	0.00237	0.00558
14	0.00832	0.00583	0.00708	0.00671	0.00804	0.03203	0.03586	0.02838	0.11913	0.07202	0.07680	0.19764	0.06313	0.00918	0.02558	0.05657	0.00331	0.09270	0.14731	0.00437
15	0.01010	0.00618	0.00746	0.00667	0.00837	0.02458	0.00517	0.08788	0.07066	0.19859	0.31843	0.16835	0.02434	0.00801	0.00469	0.00139	0.00293	0.03675	0.00443	0.00504
16	0.02477	0.01076	0.14590	0.07938	0.28239	0.00895	0.05018	0.02851	0.10322	0.17786	0.03921	0.01218	0.00883	0.00447	0.00416	0.00130	0.00467	0.00398	0.00299	0.00629
17	0.00970	0.07912	0.48484	0.01307	0.08036	0.05396	0.13387	0.01386	0.04182	0.03915	0.00811	0.00947	0.00599	0.00396	0.00402	0.00128	0.00592	0.00341	0.00206	0.00601
18	0.00824	0.00813	0.04162	0.00805	0.00898	0.10267	0.00648	0.03697	0.00773	0.01041	0.00983	0.02706	0.00961	0.14596	0.32478	0.00386	0.19988	0.02092	0.01479	0.00406
19	0.14263	0.00733	0.00855	0.00694	0.00955	0.03981	0.00556	0.03402	0.01046	0.52934	0.01353	0.01372	0.00944	0.06720	0.04266	0.02570	0.00402	0.00395	0.01966	0.00593
20	0.02775	0.06786	0.12107	0.01024	0.15317	0.00734	0.00764	0.01118	0.02360	0.05371	0.09938	0.09262	0.04487	0.00533	0.00389	0.00111	0.00371	0.00455	0.00283	0.25815
21	0.00921	0.11522	0.42707	0.01056	0.04694	0.03999	0.02944	0.02141	0.05169	0.04433	0.03219	0.07042	0.00925	0.00573	0.02464	0.00143	0.00531	0.03270	0.00240	0.02007
22	0.00832	0.00787	0.01332	0.68290	0.18600	0.00935	0.01177	0.01103	0.00853	0.01119	0.00747	0.01092	0.00574	0.00406	0.00414	0.00135	0.00542	0.00369	0.00189	0.00500
23	0.00603	0.00445	0.00561	0.00617	0.00678	0.00441	0.00433	0.03887	0.07625	0.01229	0.08325	0.66182	0.02624	0.01170	0.00515	0.00162	0.00258	0.03467	0.00395	0.00384
24	0.00779	0.00731	0.01207	0.73626	0.02607	0.00919	0.01094	0.01031	0.00814	0.01057	0.00806	0.05534	0.00669	0.00486	0.00494	0.00143	0.06943	0.00412	0.00195	0.00454
25	0.00530	0.00395	0.00497	0.00535	0.00603	0.00366	0.00378	0.00641	0.00904	0.01203	0.21392	0.41807	0.19592	0.03176	0.05808	0.00191	0.00283	0.00957	0.00389	0.00353
26	0.01129	0.01304	0.00994	0.00900	0.01077	0.44862	0.05058	0.01305	0.04162	0.01206	0.17592	0.10237	0.05366	0.00650	0.00432	0.00125	0.00533	0.02318	0.00300	0.00451
27	0.08498	0.00800	0.00947	0.00753	0.01041	0.00798	0.00615	0.18962	0.08760	0.43310	0.07233	0.01403	0.01144	0.00528	0.00406	0.00128	0.00354	0.00421	0.03251	0.00649

[dist]
# distance from previous block
# <min> <max>
0	1

[block]
# block no. 2 follows, 64 sequences, length 13
# corresponding to MSA columns:
# 383-395
name=unknown_C
#
# <colnr> <probs for GDERKNQSTAVLIFYWHMCP>
#	G	D	E	R	K	N	Q	S	T	A	V	L	I	F	Y	W	H	M	C	P
0	0.00540	0.00392	0.00515	0.00592	0.00645	0.00367	0.00429	0.00646	0.00868	0.01146	0.08859	0.57019	0.10209	0.01215	0.00531	0.00167	0.00259	0.14860	0.00391	0.00351
1	0.00857	0.00804	0.01358	0.48233	0.31497	0.00914	0.01147	0.01113	0.00859	0.01160	0.00784	0.01121	0.00630	0.00614	0.07063	0.00175	0.00577	0.00376	0.00195	0.00525
2	0.00964	0.00840	0.01409	0.44141	0.36128	0.00927	0.01165	0.01220	0.00905	0.07137	0.00822	0.01096	0.00632	0.00404	0.00414	0.00131	0.00514	0.00373	0.00217	0.00561
3	0.01403	0.01697	0.01174	0.01036	0.01253	0.65091	0.06581	0.01584	0.04670	0.01129	0.00780	0.00898	0.00631	0.00434	0.00376	0.00110	0.00667	0.00305	0.09697	0.00485
4	0.03337	0.35341	0.01587	0.01045	0.10634	0.23549	0.00787	0.03130	0.14540	0.01214	0.00813	0.00885	0.00672	0.00415	0.00341	0.00108	0.00510	0.00296	0.00238	0.00556
5	0.00519	0.00422	0.00460	0.00451	0.00578	0.00363	0.00338	0.00651	0.01014	0.01281	0.27187	0.03735	0.59564	0.00993	0.00491	0.00137	0.00206	0.00840	0.00407	0.00363
6	0.00505	0.00364	0.00479	0.00571	0.00600	0.00338	0.00382	0.00579	0.00802	0.01063	0.02381	0.81263	0.06557	0.01289	0.00528	0.00167	0.00240	0.01166	0.00386	0.00338
7	0.00861	0.00738	0.00861	0.00615	0.00984	0.00554	0.00492	0.01046	0.00861	0.01354	0.00738	0.00861	0.00615	0.00308	0.00308	0.00062	0.00308	0.00246	0.00246	0.87941
8	0.00809	0.00618	0.00845	0.05259	0.06652	0.00550	0.03479	0.00995	0.02430	0.07468	0.14449	0.17544	0.07157	0.02961	0.00470	0.00125	0.00317	0.00597	0.00332	0.26942
9	0.00856	0.06922	0.75875	0.01202	0.04440	0.01005	0.01479	0.01310	0.00877	0.01297	0.00737	0.00870	0.00531	0.00392	0.00388	0.00129	0.00600	0.00304	0.00177	0.00611
10	0.00507	0.00398	0.00459	0.00493	0.00584	0.00350	0.00351	0.00609	0.00912	0.01155	0.11694	0.35635	0.43124	0.01128	0.00506	0.00150	0.00221	0.00982	0.00393	0.00350
11	0.00876	0.00894	0.01429	0.53070	0.09095	0.06925	0.14371	0.01140	0.00897	0.01131	0.00952	0.01244	0.05304	0.00438	0.00429	0.00135	0.00567	0.00411	0.00204	0.00489
12	0.00965	0.07417	0.54476	0.01148	0.06244	0.09018	0.01260	0.02950	0.02504	0.03627	0.00938	0.01039	0.04171	0.00433	0.00389	0.00126	0.00567	0.00335	0.01804	0.00588

[dist]
# distance from previous block
# <min> <max>
0	7

[block]
# block no. 3 follows, 64 sequences, length 7
# corresponding to MSA columns:
# 403-409
name=unknown_D
#
# <colnr> <probs for GDERKNQSTAVLIFYWHMCP>
#	G	D	E	R	K	N	Q	S	T	A	V	L	I	F	Y	W	H	M	C	P
0	0.00713	0.00630	0.09714	0.00625	0.00794	0.00456	0.00537	0.00869	0.00939	0.10656	0.09782	0.29839	0.25827	0.00986	0.00490	0.00150	0.00291	0.05897	0.00383	0.00422
1	0.01565	0.00642	0.00859	0.00681	0.00955	0.00557	0.00554	0.01726	0.01166	0.64516	0.13350	0.01875	0.08431	0.00608	0.00434	0.00130	0.00319	0.00504	0.00495	0.00632
2	0.13169	0.28410	0.05186	0.04845	0.01199	0.08305	0.00748	0.17727	0.02726	0.06202	0.00830	0.03955	0.00683	0.00463	0.00384	0.00118	0.03896	0.00326	0.00273	0.00555
3	0.05307	0.06024	0.16013	0.05463	0.29867	0.00975	0.14259	0.01401	0.02861	0.12525	0.00900	0.01047	0.00673	0.00397	0.00407	0.00128	0.00517	0.00372	0.00248	0.00615
4	0.00958	0.07532	0.41172	0.01307	0.01800	0.01032	0.28918	0.01400	0.05961	0.04678	0.00862	0.01010	0.00629	0.00392	0.00421	0.00132	0.00603	0.00379	0.00217	0.00596
5	0.00545	0.00420	0.00474	0.00492	0.00585	0.00380	0.00359	0.00644	0.00881	0.01106	0.08747	0.10491	0.43392	0.18452	0.00839	0.00203	0.00274	0.11018	0.00363	0.00336
6	0.02495	0.23512	0.07893	0.02171	0.01172	0.12317	0.04474	0.02452	0.05436	0.11377	0.03921	0.03856	0.00894	0.00547	0.01607	0.00131	0.09822	0.01550	0.03843	0.00532

[dist]
# distance from previous block
# <min> <max>
0	2

[block]
# block no. 4 follows, 64 sequences, length 7
# corresponding to MSA columns:
# 412-418
name=unknown_E
#
# <colnr> <probs for GDERKNQSTAVLIFYWHMCP>
#	G	D	E	R	K	N	Q	S	T	A	V	L	I	F	Y	W	H	M	C	P
0	0.01248	0.01095	0.10672	0.01275	0.16042	0.07684	0.09994	0.04962	0.11020	0.22534	0.01283	0.01460	0.02803	0.00507	0.00431	0.00133	0.00480	0.05427	0.00334	0.00617
1	0.00558	0.00397	0.00466	0.00496	0.00543	0.00374	0.00327	0.00624	0.00781	0.01031	0.06635	0.28046	0.18217	0.33007	0.01113	0.00248	0.00297	0.03409	0.03116	0.00314
2	0.00856	0.01005	0.16444	0.00723	0.01138	0.00631	0.00689	0.01097	0.00864	0.01346	0.00740	0.00864	0.00598	0.00324	0.00324	0.00075	0.00366	0.00258	0.00233	0.71425
3	0.05326	0.00832	0.01089	0.40034	0.10110	0.09716	0.00925	0.03150	0.00895	0.01169	0.01006	0.07978	0.00933	0.00693	0.03715	0.03183	0.00529	0.08023	0.00236	0.00459
4	0.01142	0.41699	0.01779	0.04190	0.01303	0.20192	0.11711	0.01330	0.03040	0.01079	0.00815	0.00939	0.03555	0.00418	0.00371	0.00108	0.02879	0.00313	0.02625	0.00513
5	0.01434	0.00872	0.00997	0.00797	0.01077	0.00909	0.00647	0.34243	0.12698	0.26045	0.06608	0.01507	0.05268	0.00562	0.00420	0.00128	0.00368	0.00450	0.04324	0.00648
6	0.02629	0.00904	0.01016	0.00920	0.06202	0.07789	0.03462	0.19037	0.12428	0.15443	0.05569	0.06213	0.08922	0.00610	0.00452	0.00131	0.02840	0.00499	0.04356	0.00577

[dist]
# distance from previous block
# <min> <max>
0	1

[block]
# block no. 5 follows, 64 sequences, length 45
# corresponding to MSA columns:
# 420-464
name=unknown_F
#
# <colnr> <probs for GDERKNQSTAVLIFYWHMCP>
#	G	D	E	R	K	N	Q	S	T	A	V	L	I	F	Y	W	H	M	C	P
0	0.09167	0.00532	0.00640	0.02439	0.02186	0.00524	0.00466	0.05554	0.00869	0.01275	0.04980	0.37434	0.06155	0.04646	0.06570	0.02700	0.00353	0.02379	0.00330	0.10802
1	0.00769	0.00653	0.00837	0.21405	0.01305	0.02966	0.00671	0.05756	0.07127	0.01312	0.12369	0.12233	0.11516	0.02718	0.02248	0.00159	0.04701	0.05993	0.02423	0.02839
2	0.02406	0.00891	0.01558	0.50749	0.07081	0.03335	0.21288	0.01174	0.00881	0.02422	0.00768	0.01086	0.00584	0.00409	0.00465	0.00138	0.03669	0.00395	0.00199	0.00501
3	0.00611	0.00439	0.00513	0.00524	0.00628	0.00409	0.00381	0.00801	0.06216	0.03626	0.18464	0.28730	0.28396	0.00999	0.00481	0.00144	0.00228	0.00870	0.07153	0.00388
4	0.00969	0.00887	0.01070	0.21240	0.06663	0.08748	0.03417	0.02415	0.26635	0.03134	0.08284	0.01488	0.03468	0.00535	0.00457	0.00134	0.03968	0.00445	0.05509	0.00535
5	0.02625	0.06114	0.13128	0.04870	0.10891	0.16331	0.02815	0.03888	0.01950	0.04523	0.00794	0.01943	0.00656	0.01545	0.04103	0.00145	0.09413	0.00333	0.00230	0.13702
6	0.00784	0.00738	0.01246	0.84404	0.02861	0.00923	0.01154	0.01061	0.00831	0.01061	0.00738	0.01107	0.00554	0.00415	0.00415	0.00138	0.00554	0.00369	0.00185	0.00461
7	0.00774	0.00387	0.00387	0.00387	0.00484	0.00387	0.00290	0.00968	0.00871	0.01549	0.01355	0.01549	0.01065	0.00484	0.00290	0.00097	0.00194	0.00387	0.87708	0.00387
8	0.01006	0.00562	0.00818	0.00686	0.00874	0.00512	0.06247	0.01199	0.01134	0.26222	0.44585	0.02447	0.03752	0.00798	0.03311	0.00151	0.00317	0.03313	0.01570	0.00498
9	0.00539	0.00406	0.00492	0.00504	0.00591	0.00366	0.00361	0.00667	0.00985	0.01310	0.35035	0.24442	0.26954	0.04739	0.00572	0.00155	0.00221	0.00893	0.00408	0.00359
10	0.01033	0.00892	0.00939	0.00845	0.01080	0.01033	0.00657	0.02207	0.82061	0.01738	0.01691	0.01550	0.01268	0.00564	0.00423	0.00141	0.00329	0.00470	0.00423	0.00657
11	0.03997	0.01153	0.01229	0.00944	0.01275	0.01278	0.00780	0.79191	0.01918	0.02597	0.00986	0.00988	0.00699	0.00495	0.00411	0.00125	0.00453	0.00370	0.00411	0.00699
12	0.00799	0.00753	0.01272	0.79535	0.07616	0.00927	0.01161	0.01074	0.00837	0.01079	0.00741	0.01103	0.00560	0.00413	0.00415	0.00138	0.00550	0.00369	0.00186	0.00473
13	0.25925	0.00805	0.00840	0.00641	0.00972	0.00750	0.00521	0.10483	0.00961	0.05801	0.00769	0.00852	0.00600	0.00363	0.00311	0.00091	0.00331	0.00264	0.00283	0.48439
14	0.00832	0.00807	0.01221	0.63829	0.06237	0.05408	0.01075	0.01075	0.00829	0.01061	0.00750	0.01110	0.00594	0.00640	0.06797	0.00179	0.06534	0.00369	0.00190	0.00464
15	0.81182	0.00882	0.00659	0.00587	0.00843	0.05865	0.00479	0.03089	0.00763	0.01831	0.00592	0.00687	0.00461	0.00391	0.00268	0.00127	0.00350	0.00231	0.00258	0.00458
16	0.03827	0.00662	0.00659	0.00620	0.00761	0.08490	0.00473	0.01089	0.14153	0.01518	0.41952	0.04249	0.13792	0.00785	0.00459	0.00133	0.00284	0.03364	0.02291	0.00438
17	0.00599	0.00426	0.00548	0.00522	0.00623	0.00390	0.00390	0.00780	0.01137	0.03037	0.70656	0.07911	0.09652	0.00885	0.00491	0.00134	0.00202	0.00780	0.00449	0.00391
18	0.00771	0.00692	0.00978	0.02704	0.10620	0.01608	0.03004	0.02102	0.00793	0.01116	0.02444	0.10486	0.11772	0.04974	0.12601	0.01817	0.24302	0.00542	0.01293	0.05381
19	0.00840	0.00957	0.11096	0.55416	0.16524	0.00928	0.02892	0.01134	0.00860	0.01159	0.00749	0.01057	0.00572	0.00400	0.00410	0.00132	0.00544	0.00360	0.00190	0.03780
20	0.00703	0.00370	0.00544	0.00544	0.00550	0.00376	0.00364	0.00561	0.00556	0.00747	0.00797	0.01403	0.00806	0.08027	0.07951	0.74505	0.00422	0.00386	0.00189	0.00200
21	0.00787	0.00742	0.01246	0.82421	0.02819	0.00931	0.01148	0.01060	0.00826	0.01060	0.00734	0.01103	0.00554	0.00423	0.00438	0.00139	0.02555	0.00369	0.00185	0.00461
22	0.00581	0.00405	0.00530	0.00577	0.00646	0.00376	0.00420	0.00702	0.00930	0.03484	0.22027	0.46642	0.09722	0.01130	0.00519	0.00158	0.00247	0.10129	0.00406	0.00367
23	0.06739	0.01142	0.01209	0.00931	0.01259	0.01267	0.00769	0.76656	0.01879	0.02573	0.00972	0.00978	0.00691	0.00492	0.00406	0.00125	0.00449	0.00365	0.00406	0.00691
24	0.00784	0.00738	0.01246	0.84404	0.02861	0.00923	0.01154	0.01061	0.00831	0.01061	0.00738	0.01107	0.00554	0.00415	0.00415	0.00138	0.00554	0.00369	0.00185	0.00461
25	0.00528	0.00421	0.00446	0.00453	0.00560	0.00371	0.00328	0.00617	0.00875	0.01064	0.03445	0.03777	0.59526	0.18940	0.00841	0.00200	0.00264	0.06654	0.00357	0.00332
26	0.00582	0.00432	0.00548	0.00545	0.00649	0.00398	0.00424	0.00758	0.01089	0.01483	0.53069	0.05096	0.18256	0.00945	0.00505	0.00143	0.00231	0.14035	0.00430	0.00382
27	0.00635	0.00392	0.00476	0.00476	0.00476	0.00392	0.00281	0.00587	0.00587	0.00783	0.01153	0.02332	0.01301	0.63120	0.01984	0.23628	0.00392	0.00539	0.00233	0.00233
28	0.00784	0.00738	0.01246	0.84404	0.02861	0.00923	0.01154	0.01061	0.00831	0.01061	0.00738	0.01107	0.00554	0.00415	0.00415	0.00138	0.00554	0.00369	0.00185	0.00461
29	0.00944	0.18686	0.05486	0.05945	0.01223	0.02702	0.01941	0.02856	0.00759	0.01061	0.00673	0.01034	0.00634	0.00729	0.04937	0.00178	0.46483	0.03055	0.00196	0.00480
30	0.00527	0.00383	0.00525	0.00600	0.00633	0.00360	0.01981	0.00604	0.00793	0.01056	0.02197	0.75586	0.02616	0.06507	0.00629	0.00183	0.00265	0.03840	0.00374	0.00338
31	0.01627	0.00656	0.00886	0.00701	0.00983	0.00571	0.00574	0.01791	0.01173	0.68094	0.11797	0.01793	0.04497	0.00590	0.00433	0.00131	0.00329	0.02230	0.00499	0.00647
32	0.01111	0.85652	0.02177	0.00711	0.01066	0.01644	0.00711	0.01244	0.00844	0.00977	0.00577	0.00666	0.00533	0.00355	0.00267	0.00089	0.00444	0.00222	0.00178	0.00533
33	0.05910	0.00600	0.00811	0.00762	0.00837	0.01953	0.00607	0.02158	0.00692	0.01053	0.00950	0.01396	0.00885	0.02358	0.58523	0.00514	0.18961	0.00411	0.00219	0.00401
34	0.01552	0.01980	0.01177	0.01070	0.01284	0.83735	0.00803	0.01659	0.01177	0.01017	0.00642	0.00749	0.00535	0.00428	0.00375	0.00107	0.00749	0.00268	0.00214	0.00482
35	0.00934	0.00883	0.01504	0.09714	0.62191	0.00895	0.03338	0.01163	0.00916	0.01289	0.00983	0.12423	0.00931	0.00500	0.00430	0.00131	0.00470	0.00483	0.00228	0.00594
36	0.00545	0.00392	0.00525	0.00617	0.00663	0.00372	0.00451	0.00647	0.00840	0.01107	0.02342	0.62626	0.05755	0.01255	0.00539	0.00173	0.00274	0.20145	0.00385	0.00349
37	0.03374	0.00974	0.01114	0.00857	0.01180	0.01014	0.00708	0.49024	0.01626	0.32392	0.01233	0.01155	0.00827	0.00502	0.00411	0.00126	0.00411	0.00387	0.01988	0.00696
38	0.88336	0.00803	0.00611	0.00546	0.00803	0.00932	0.00450	0.01221	0.00707	0.01864	0.00578	0.00675	0.00450	0.00386	0.00257	0.00129	0.00321	0.00225	0.00257	0.00450
39	0.02542	0.00441	0.00558	0.00540	0.00648	0.00412	0.00417	0.00804	0.01113	0.02658	0.61678	0.03252	0.11181	0.00879	0.00489	0.00137	0.00222	0.09351	0.02285	0.00392
40	0.00961	0.01080	0.02339	0.01689	0.02089	0.01015	0.76244	0.01301	0.00979	0.01325	0.00926	0.01344	0.00741	0.00400	0.00495	0.00143	0.00680	0.05479	0.00221	0.00549
41	0.00784	0.00738	0.01246	0.84404	0.02861	0.00923	0.01154	0.01061	0.00831	0.01061	0.00738	0.01107	0.00554	0.00415	0.00415	0.00138	0.00554	0.00369	0.00185	0.00461
42	0.01857	0.00717	0.00970	0.00744	0.01065	0.00626	0.00615	0.03821	0.01206	0.81277	0.01624	0.01404	0.01021	0.00514	0.00418	0.00128	0.00356	0.00417	0.00512	0.00707
43	0.00650	0.00500	0.00699	0.08121	0.03765	0.00503	0.00652	0.00827	0.00931	0.01197	0.02367	0.10005	0.15708	0.01052	0.00537	0.00174	0.00362	0.51199	0.00360	0.00390
44	0.00722	0.00361	0.00541	0.00541	0.00541	0.00361	0.00361	0.00541	0.00541	0.00722	0.00722	0.01263	0.00722	0.01443	0.01623	0.87915	0.00361	0.00361	0.00180	0.00180

[dist]
# distance from previous block
# <min> <max>
0	3

# created by:
# /st0/software/busco_prod/Augustus/scripts/msa2prfl.pl ./align_prep/129608.fa
