[name]
unknown

[dist]
# distance from previous block
# <min> <max>
0	329

[block]
# block no. 0 follows, 68 sequences, length 56
# corresponding to MSA columns:
# 348-389,391-394,396-405
name=unknown_A
#
# <colnr> <probs for GDERKNQSTAVLIFYWHMCP>
#	G	D	E	R	K	N	Q	S	T	A	V	L	I	F	Y	W	H	M	C	P
0	0.03939	0.00656	0.00750	0.04453	0.02517	0.04278	0.01440	0.13429	0.03042	0.04495	0.03411	0.20447	0.09904	0.09760	0.03386	0.00176	0.01357	0.05224	0.01484	0.05854
1	0.03119	0.00898	0.00947	0.01856	0.06169	0.14762	0.03709	0.10662	0.08948	0.07233	0.06206	0.06074	0.04528	0.07410	0.04384	0.00170	0.05883	0.02451	0.03181	0.01410
2	0.01797	0.00747	0.04056	0.00845	0.07034	0.06142	0.06821	0.06494	0.06189	0.02343	0.09736	0.11408	0.20383	0.03005	0.03090	0.00154	0.02728	0.03112	0.03473	0.00442
3	0.03868	0.00583	0.00813	0.02828	0.01915	0.00572	0.09231	0.04123	0.06702	0.09957	0.06958	0.17442	0.15144	0.04682	0.04257	0.00167	0.00354	0.02680	0.05722	0.02003
4	0.03067	0.00891	0.01040	0.04012	0.06817	0.03534	0.02578	0.34190	0.08563	0.05002	0.03553	0.04890	0.04404	0.01775	0.00498	0.02096	0.05371	0.00425	0.03860	0.03434
5	0.00887	0.03487	0.01215	0.49748	0.05008	0.05712	0.06753	0.06187	0.00901	0.02190	0.00782	0.01046	0.00598	0.00400	0.00389	0.00121	0.01455	0.00348	0.08376	0.04398
6	0.20270	0.00955	0.01017	0.03483	0.01120	0.13467	0.10419	0.16529	0.02119	0.03345	0.01078	0.10369	0.04522	0.01919	0.02251	0.00140	0.02493	0.00434	0.01514	0.02558
7	0.00544	0.00411	0.00476	0.00476	0.00530	0.00405	0.00321	0.00602	0.00726	0.00938	0.05010	0.11178	0.28406	0.37946	0.06321	0.00277	0.04135	0.00702	0.00297	0.00300
8	0.00978	0.00878	0.01124	0.00948	0.01027	0.02818	0.01916	0.16355	0.01828	0.01284	0.00709	0.01015	0.00637	0.04468	0.02219	0.00172	0.55061	0.00363	0.05730	0.00470
9	0.00949	0.00836	0.00855	0.00781	0.00982	0.04630	0.00602	0.01892	0.68409	0.01571	0.05745	0.06262	0.01403	0.01637	0.00432	0.00138	0.00322	0.01580	0.00392	0.00582
10	0.01241	0.00970	0.01062	0.00921	0.04798	0.01083	0.00707	0.44336	0.32673	0.02063	0.01240	0.03938	0.00945	0.00519	0.00401	0.00126	0.00381	0.00417	0.01539	0.00639
11	0.01249	0.00822	0.02109	0.00844	0.05653	0.01627	0.02787	0.15441	0.12839	0.25667	0.03119	0.01208	0.01925	0.00449	0.00376	0.00108	0.00356	0.00370	0.02168	0.20884
12	0.00835	0.00587	0.02727	0.05572	0.02001	0.00539	0.01747	0.01932	0.04795	0.12132	0.22833	0.04209	0.09515	0.00627	0.00427	0.00118	0.02761	0.02722	0.13050	0.10872
13	0.00835	0.00554	0.00690	0.06998	0.00880	0.01697	0.02987	0.08141	0.04599	0.06100	0.04465	0.16370	0.01378	0.00712	0.02556	0.00137	0.02055	0.04941	0.33474	0.00429
14	0.02359	0.06371	0.01165	0.04368	0.01214	0.43662	0.04947	0.12207	0.01097	0.01217	0.00798	0.03482	0.00701	0.03307	0.01654	0.00131	0.05135	0.02451	0.03259	0.00474
15	0.00902	0.01468	0.39595	0.05560	0.01642	0.03717	0.16684	0.01221	0.00826	0.04858	0.00722	0.00918	0.00548	0.00445	0.00597	0.00137	0.19088	0.00345	0.00191	0.00535
16	0.00488	0.00400	0.00431	0.00428	0.00549	0.00342	0.00319	0.00606	0.00944	0.01177	0.20516	0.06740	0.63737	0.00973	0.00470	0.00133	0.00199	0.00823	0.00382	0.00342
17	0.00690	0.00665	0.01077	0.26578	0.06563	0.00710	0.13110	0.00884	0.00852	0.01090	0.02022	0.02165	0.32980	0.00654	0.00507	0.00136	0.06976	0.01660	0.00259	0.00423
18	0.00847	0.00784	0.01309	0.08912	0.57649	0.00794	0.01011	0.01046	0.00860	0.01206	0.01075	0.20588	0.01081	0.00562	0.00419	0.00129	0.00420	0.00532	0.00234	0.00542
19	0.00516	0.00378	0.00527	0.02132	0.00671	0.00361	0.01675	0.00609	0.00784	0.01040	0.02125	0.71717	0.02506	0.01193	0.00509	0.00163	0.00261	0.12137	0.00362	0.00333
20	0.01272	0.00879	0.00972	0.00812	0.01075	0.00964	0.00649	0.21471	0.46830	0.18397	0.01444	0.01326	0.01035	0.00513	0.00401	0.00128	0.00348	0.00416	0.00419	0.00648
21	0.00754	0.00710	0.01198	0.83317	0.04487	0.00882	0.01104	0.01017	0.00795	0.01019	0.00706	0.01055	0.00531	0.00395	0.00396	0.00132	0.00527	0.00352	0.00177	0.00445
22	0.00488	0.00348	0.00465	0.00557	0.00582	0.00326	0.00376	0.00560	0.00764	0.01017	0.02183	0.83380	0.02612	0.01238	0.00507	0.00162	0.00234	0.03508	0.00368	0.00323
23	0.00749	0.00705	0.01189	0.85113	0.02731	0.00881	0.01101	0.01013	0.00793	0.01013	0.00705	0.01057	0.00529	0.00396	0.00396	0.00132	0.00529	0.00352	0.00176	0.00440
24	0.00569	0.00404	0.00523	0.00493	0.00587	0.00374	0.00370	0.00756	0.01109	0.01585	0.79719	0.02896	0.03619	0.00795	0.00459	0.00123	0.00187	0.00702	0.04357	0.00374
25	0.00561	0.00405	0.00530	0.00499	0.00592	0.00374	0.00374	0.00748	0.01122	0.01590	0.83383	0.02962	0.03741	0.00811	0.00468	0.00125	0.00187	0.00717	0.00436	0.00374
26	0.01060	0.86304	0.02078	0.00678	0.01018	0.01569	0.00678	0.01187	0.00806	0.00933	0.00551	0.00636	0.00509	0.00339	0.00254	0.00085	0.00424	0.00212	0.00170	0.00509
27	0.01481	0.01890	0.01124	0.01021	0.01226	0.84474	0.00766	0.01583	0.01124	0.00970	0.00613	0.00715	0.00511	0.00409	0.00358	0.00102	0.00715	0.00255	0.00204	0.00460
28	0.01483	0.01087	0.01164	0.00895	0.01206	0.01203	0.00739	0.79721	0.01832	0.02467	0.00963	0.00968	0.00685	0.00476	0.00393	0.00118	0.00428	0.00357	0.03150	0.00665
29	0.00879	0.15428	0.61143	0.01022	0.01535	0.01007	0.02377	0.01295	0.04403	0.03728	0.00752	0.00851	0.00552	0.00378	0.00358	0.00117	0.00533	0.00291	0.00190	0.03161
30	0.00471	0.00392	0.00411	0.00426	0.00542	0.00333	0.00312	0.00566	0.00880	0.01061	0.03718	0.17165	0.70275	0.01043	0.00475	0.00138	0.00206	0.00884	0.00368	0.00333
31	0.88866	0.00767	0.00583	0.00521	0.00767	0.00889	0.00429	0.01166	0.00675	0.01779	0.00552	0.00644	0.00429	0.00368	0.00245	0.00123	0.00307	0.00215	0.00245	0.00429
32	0.00945	0.00902	0.01535	0.11875	0.72094	0.00922	0.01188	0.01183	0.00890	0.01260	0.00777	0.01084	0.00661	0.00378	0.00397	0.00121	0.00475	0.02514	0.00198	0.00599
33	0.00902	0.00867	0.01649	0.28956	0.15320	0.00895	0.32656	0.02208	0.00894	0.05124	0.00883	0.06212	0.00724	0.00422	0.00430	0.00132	0.00545	0.00447	0.00218	0.00515
34	0.01779	0.00675	0.00920	0.00705	0.01012	0.00583	0.00583	0.01932	0.01135	0.83867	0.01564	0.01350	0.00981	0.00491	0.00399	0.00123	0.00337	0.00399	0.00491	0.00675
35	0.00634	0.00455	0.00632	0.00720	0.00813	0.00453	0.00629	0.00814	0.00912	0.01183	0.02156	0.04453	0.04695	0.01093	0.00545	0.00181	0.00360	0.78542	0.00365	0.00364
36	0.01348	0.00594	0.00821	0.00695	0.00920	0.00531	0.02031	0.02544	0.01049	0.53504	0.05119	0.15884	0.01525	0.00704	0.00440	0.00137	0.00324	0.10826	0.00445	0.00561
37	0.00833	0.03653	0.78250	0.01120	0.01689	0.00925	0.03077	0.01275	0.00847	0.03706	0.00736	0.00853	0.00519	0.00378	0.00377	0.00125	0.00577	0.00298	0.00178	0.00586
38	0.88866	0.00767	0.00583	0.00521	0.00767	0.00889	0.00429	0.01166	0.00675	0.01779	0.00552	0.00644	0.00429	0.00368	0.00245	0.00123	0.00307	0.00215	0.00245	0.00429
39	0.00954	0.00914	0.01559	0.12322	0.73922	0.00935	0.01203	0.01192	0.00890	0.01262	0.00741	0.00990	0.00616	0.00358	0.00393	0.00119	0.00478	0.00353	0.00194	0.00606
40	0.00822	0.00705	0.00822	0.00587	0.00940	0.00529	0.00470	0.00998	0.00822	0.01292	0.00705	0.00822	0.00587	0.00294	0.00294	0.00059	0.00294	0.00235	0.00235	0.88490
41	0.00822	0.00705	0.00822	0.00587	0.00940	0.00529	0.00470	0.00998	0.00822	0.01292	0.00705	0.00822	0.00587	0.00294	0.00294	0.00059	0.00294	0.00235	0.00235	0.88490
42	0.00836	0.00787	0.01332	0.44415	0.36997	0.00882	0.01111	0.01080	0.00829	0.01127	0.00746	0.01058	0.00601	0.00547	0.05897	0.00159	0.00539	0.00357	0.00187	0.00515
43	0.00685	0.00388	0.00415	0.00407	0.00505	0.00379	0.00306	0.00881	0.02358	0.01475	0.18968	0.01970	0.07808	0.00578	0.00334	0.00103	0.00189	0.00480	0.61398	0.00372
44	0.00476	0.00401	0.00404	0.00404	0.00529	0.00338	0.00297	0.00570	0.00882	0.01051	0.03836	0.03736	0.78068	0.06569	0.00570	0.00150	0.00213	0.00820	0.00360	0.00329
45	0.00892	0.00840	0.01221	0.01025	0.01068	0.01121	0.06283	0.01004	0.00662	0.03611	0.00627	0.00939	0.00575	0.00647	0.01144	0.00163	0.70959	0.00358	0.06416	0.00444
46	0.00537	0.00404	0.00496	0.00473	0.00577	0.00364	0.00355	0.00701	0.01065	0.01454	0.62533	0.03186	0.24677	0.00861	0.00468	0.00127	0.00191	0.00749	0.00419	0.00364
47	0.00566	0.00425	0.00637	0.00637	0.00708	0.00496	0.00496	0.00708	0.00637	0.00920	0.01062	0.01558	0.00991	0.02974	0.84494	0.00637	0.01062	0.00425	0.00212	0.00354
48	0.01472	0.01858	0.01120	0.01016	0.01222	0.81595	0.00763	0.02849	0.02686	0.01007	0.00637	0.00733	0.00527	0.00412	0.00359	0.00103	0.00703	0.00261	0.00211	0.00466
49	0.00958	0.00930	0.01617	0.07640	0.69493	0.00931	0.07578	0.01201	0.00896	0.01275	0.00746	0.00988	0.00618	0.00353	0.00396	0.00118	0.00485	0.00359	0.00196	0.03221
50	0.00911	0.00862	0.01223	0.17033	0.23941	0.05227	0.07152	0.02624	0.22013	0.01356	0.09030	0.02416	0.02115	0.00488	0.00412	0.00128	0.00433	0.01815	0.00280	0.00541
51	0.61558	0.00792	0.00802	0.09406	0.03527	0.00916	0.03129	0.06577	0.00787	0.01661	0.00660	0.00873	0.00536	0.00416	0.00340	0.00128	0.04143	0.03048	0.00246	0.00454
52	0.00538	0.00421	0.00515	0.00525	0.03286	0.00377	0.00373	0.00691	0.01025	0.01371	0.48740	0.04464	0.34476	0.00877	0.00466	0.00129	0.00202	0.00758	0.00401	0.00366
53	0.87081	0.00765	0.00590	0.00525	0.00772	0.00883	0.00433	0.01181	0.00684	0.03462	0.00573	0.00659	0.00441	0.00371	0.00249	0.00123	0.00307	0.00218	0.00250	0.00434
54	0.00720	0.00593	0.00819	0.00892	0.10510	0.00640	0.03244	0.01084	0.19958	0.01161	0.01391	0.13212	0.01350	0.11705	0.25136	0.00316	0.00563	0.05978	0.00290	0.00439
55	0.00492	0.00405	0.00435	0.00441	0.00558	0.00352	0.00325	0.00621	0.02735	0.01133	0.12410	0.14598	0.62104	0.01004	0.00472	0.00137	0.00206	0.00854	0.00376	0.00344

[dist]
# distance from previous block
# <min> <max>
0	7

[block]
# block no. 1 follows, 68 sequences, length 84
# corresponding to MSA columns:
# 413-496
name=unknown_B
#
# <colnr> <probs for GDERKNQSTAVLIFYWHMCP>
#	G	D	E	R	K	N	Q	S	T	A	V	L	I	F	Y	W	H	M	C	P
0	0.86922	0.00765	0.00596	0.02388	0.00810	0.00889	0.00444	0.01162	0.00677	0.01762	0.00555	0.00653	0.00432	0.00369	0.00249	0.00123	0.00312	0.00218	0.00244	0.00430
1	0.01071	0.84169	0.02054	0.00687	0.01023	0.03666	0.00681	0.01197	0.00814	0.00934	0.00553	0.00638	0.00509	0.00341	0.00257	0.00085	0.00431	0.00213	0.00170	0.00508
2	0.00891	0.00844	0.01399	0.25173	0.53238	0.00896	0.01111	0.01166	0.04505	0.01222	0.00942	0.01171	0.04896	0.00407	0.00398	0.00123	0.00466	0.00382	0.00209	0.00561
3	0.00543	0.00405	0.00505	0.00480	0.00581	0.00366	0.00360	0.00713	0.01079	0.01487	0.67678	0.03131	0.19510	0.00849	0.00468	0.00127	0.00190	0.00741	0.00423	0.00366
4	0.00515	0.00368	0.00496	0.00588	0.00625	0.00349	0.00423	0.00607	0.00790	0.01048	0.02168	0.69309	0.02553	0.01212	0.00515	0.00165	0.00257	0.17313	0.00367	0.00331
5	0.00560	0.00400	0.00520	0.00507	0.00594	0.00371	0.00379	0.00733	0.01065	0.01505	0.68398	0.11495	0.04691	0.00858	0.00469	0.00130	0.00198	0.03693	0.03065	0.00368
6	0.01745	0.00682	0.00919	0.00710	0.01013	0.00600	0.00585	0.01940	0.04614	0.80368	0.01566	0.01355	0.00991	0.00493	0.00399	0.00123	0.00336	0.00401	0.00487	0.00673
7	0.00472	0.00402	0.00407	0.00406	0.00538	0.00336	0.00304	0.00577	0.00913	0.01093	0.07344	0.03780	0.80090	0.00996	0.00469	0.00134	0.00200	0.00832	0.00371	0.00336
8	0.00931	0.00872	0.01460	0.11561	0.66059	0.00893	0.01125	0.02982	0.00902	0.01275	0.00847	0.06524	0.00753	0.00420	0.00399	0.00122	0.00457	0.00404	0.01427	0.00584
9	0.88866	0.00767	0.00583	0.00521	0.00767	0.00889	0.00429	0.01166	0.00675	0.01779	0.00552	0.00644	0.00429	0.00368	0.00245	0.00123	0.00307	0.00215	0.00245	0.00429
10	0.00820	0.01763	0.61779	0.01243	0.01768	0.00923	0.20916	0.01238	0.00859	0.01252	0.00778	0.03447	0.00590	0.00392	0.00403	0.00129	0.00595	0.00360	0.00181	0.00566
11	0.00923	0.00860	0.01445	0.02144	0.69532	0.00860	0.01119	0.01150	0.00904	0.01277	0.00976	0.01574	0.00909	0.00479	0.00419	0.00129	0.00453	0.14040	0.00225	0.00583
12	0.00958	0.00916	0.01560	0.06753	0.77232	0.00925	0.01190	0.01194	0.00903	0.01288	0.02823	0.01035	0.00701	0.00367	0.00395	0.00119	0.00467	0.00362	0.00201	0.00612
13	0.00981	0.00942	0.01609	0.02434	0.83592	0.00942	0.01217	0.01217	0.00903	0.01295	0.00746	0.00981	0.00628	0.00353	0.00393	0.00118	0.00471	0.00353	0.00196	0.00628
14	0.75184	0.00752	0.00636	0.00550	0.00805	0.00841	0.00453	0.01286	0.00747	0.14676	0.00711	0.00755	0.00516	0.00387	0.00269	0.00123	0.00312	0.00244	0.00284	0.00468
15	0.00483	0.00402	0.00421	0.00416	0.00544	0.00341	0.00312	0.00596	0.00937	0.01150	0.16114	0.03686	0.71285	0.00975	0.00468	0.00132	0.00199	0.00819	0.00379	0.00341
16	0.00483	0.00362	0.00449	0.00513	0.00566	0.00327	0.00352	0.00565	0.00810	0.01051	0.06093	0.62058	0.22602	0.01165	0.00495	0.00153	0.00221	0.01038	0.00371	0.00327
17	0.00558	0.00405	0.00526	0.00496	0.00590	0.00373	0.00372	0.00742	0.01115	0.01573	0.80765	0.02990	0.06370	0.00817	0.00468	0.00125	0.00188	0.00721	0.00434	0.00373
18	0.88866	0.00767	0.00583	0.00521	0.00767	0.00889	0.00429	0.01166	0.00675	0.01779	0.00552	0.00644	0.00429	0.00368	0.00245	0.00123	0.00307	0.00215	0.00245	0.00429
19	0.00589	0.00392	0.00497	0.00535	0.00598	0.00375	0.00376	0.00744	0.04351	0.03676	0.19397	0.52337	0.02569	0.01008	0.00464	0.00143	0.00222	0.00902	0.10463	0.00362
20	0.00965	0.00923	0.01572	0.04362	0.79570	0.00926	0.01193	0.01200	0.00906	0.01296	0.02824	0.01033	0.00704	0.00366	0.00395	0.00118	0.00465	0.00362	0.00202	0.00617
21	0.00990	0.01022	0.02111	0.01781	0.19191	0.00968	0.60802	0.01294	0.00939	0.05628	0.00830	0.01066	0.00627	0.00346	0.00448	0.00130	0.00609	0.00440	0.00215	0.00562
22	0.01079	0.01225	0.03270	0.06445	0.15844	0.31600	0.04196	0.02299	0.05445	0.01154	0.07453	0.02523	0.01692	0.01352	0.01656	0.00133	0.11537	0.00375	0.00233	0.00489
23	0.00941	0.04697	0.02328	0.01629	0.02027	0.01027	0.78685	0.01267	0.00930	0.01256	0.00791	0.01051	0.00598	0.00334	0.00459	0.00132	0.00658	0.00457	0.00199	0.00534
24	0.01021	0.01041	0.02881	0.04205	0.34775	0.15975	0.05153	0.03667	0.01785	0.03305	0.00970	0.06204	0.04018	0.00445	0.00386	0.00112	0.00473	0.00392	0.00235	0.12957
25	0.00921	0.01761	0.00865	0.01821	0.02324	0.00622	0.01889	0.03391	0.11826	0.09495	0.12295	0.02180	0.01185	0.00444	0.00356	0.00092	0.00304	0.01353	0.00315	0.46563
26	0.00949	0.00942	0.01304	0.11622	0.47097	0.11273	0.00999	0.02300	0.00899	0.01181	0.00916	0.09262	0.00867	0.03311	0.00484	0.00134	0.02895	0.02814	0.00220	0.00530
27	0.00587	0.00443	0.00561	0.00516	0.00640	0.00400	0.02872	0.02265	0.01044	0.03481	0.47221	0.05611	0.31156	0.00862	0.00466	0.00129	0.00216	0.00748	0.00404	0.00377
28	0.00822	0.00705	0.00822	0.00587	0.00940	0.00529	0.00470	0.00998	0.00822	0.01292	0.00705	0.00822	0.00587	0.00294	0.00294	0.00059	0.00294	0.00235	0.00235	0.88490
29	0.00975	0.00889	0.01506	0.16847	0.65909	0.00916	0.01170	0.01212	0.00893	0.04760	0.00773	0.01010	0.00626	0.00367	0.00393	0.00120	0.00475	0.00355	0.00205	0.00597
30	0.00618	0.00430	0.00490	0.00481	0.00506	0.00444	0.00294	0.02477	0.05429	0.00874	0.01272	0.04185	0.01407	0.71984	0.07210	0.00376	0.00422	0.00566	0.00254	0.00282
31	0.01060	0.86304	0.02078	0.00678	0.01018	0.01569	0.00678	0.01187	0.00806	0.00933	0.00551	0.00636	0.00509	0.00339	0.00254	0.00085	0.00424	0.00212	0.00170	0.00509
32	0.01416	0.01065	0.01138	0.00894	0.01195	0.01187	0.00731	0.68178	0.16105	0.02351	0.01068	0.01045	0.00769	0.00487	0.00398	0.00122	0.00415	0.00373	0.00398	0.00666
33	0.01481	0.01890	0.01124	0.01021	0.01226	0.84474	0.00766	0.01583	0.01124	0.00970	0.00613	0.00715	0.00511	0.00409	0.00358	0.00102	0.00715	0.00255	0.00204	0.00460
34	0.01481	0.01890	0.01124	0.01021	0.01226	0.84474	0.00766	0.01583	0.01124	0.00970	0.00613	0.00715	0.00511	0.00409	0.00358	0.00102	0.00715	0.00255	0.00204	0.00460
35	0.00508	0.00384	0.00470	0.00490	0.00570	0.00345	0.00352	0.00631	0.00936	0.01246	0.33235	0.31577	0.25786	0.01013	0.00481	0.00140	0.00206	0.00891	0.00394	0.00345
36	0.00561	0.00405	0.00530	0.00499	0.00592	0.00374	0.00374	0.00748	0.01122	0.01590	0.83383	0.02962	0.03741	0.00811	0.00468	0.00125	0.00187	0.00717	0.00436	0.00374
37	0.00485	0.00346	0.00459	0.00550	0.00572	0.00323	0.00365	0.00553	0.00755	0.01007	0.02166	0.84077	0.02598	0.03005	0.00538	0.00166	0.00233	0.01116	0.00365	0.00320
38	0.00476	0.00401	0.00412	0.00412	0.00540	0.00337	0.00308	0.00581	0.00916	0.01107	0.09636	0.05532	0.75998	0.00996	0.00469	0.00134	0.00200	0.00835	0.00373	0.00337
39	0.01055	0.80820	0.05876	0.00706	0.01054	0.03071	0.00717	0.01198	0.00813	0.00949	0.00560	0.00647	0.00509	0.00342	0.00262	0.00087	0.00437	0.00217	0.00170	0.00512
40	0.01055	0.81032	0.05854	0.00705	0.01053	0.02888	0.00716	0.01197	0.00812	0.00948	0.00560	0.00647	0.00509	0.00342	0.00262	0.00087	0.00436	0.00216	0.00170	0.00512
41	0.01435	0.01731	0.02637	0.00991	0.01210	0.69421	0.00763	0.08859	0.02941	0.02515	0.00698	0.00794	0.00564	0.00503	0.03138	0.00123	0.00684	0.00277	0.00230	0.00485
42	0.88866	0.00767	0.00583	0.00521	0.00767	0.00889	0.00429	0.01166	0.00675	0.01779	0.00552	0.00644	0.00429	0.00368	0.00245	0.00123	0.00307	0.00215	0.00245	0.00429
43	0.01089	0.00925	0.00943	0.00827	0.01064	0.04615	0.00648	0.11982	0.67581	0.03499	0.01488	0.01378	0.01109	0.00524	0.00401	0.00131	0.00347	0.00428	0.00396	0.00627
44	0.00822	0.00705	0.00822	0.00587	0.00940	0.00529	0.00470	0.00998	0.00822	0.01292	0.00705	0.00822	0.00587	0.00294	0.00294	0.00059	0.00294	0.00235	0.00235	0.88490
45	0.00489	0.00351	0.00465	0.00552	0.00580	0.00327	0.00373	0.00565	0.00778	0.01038	0.05119	0.79738	0.03990	0.01220	0.00505	0.00160	0.00231	0.02825	0.00370	0.00325
46	0.88866	0.00767	0.00583	0.00521	0.00767	0.00889	0.00429	0.01166	0.00675	0.01779	0.00552	0.00644	0.00429	0.00368	0.00245	0.00123	0.00307	0.00215	0.00245	0.00429
47	0.01028	0.00940	0.00916	0.00825	0.01048	0.08083	0.00639	0.02062	0.75927	0.01600	0.01529	0.01414	0.01151	0.00527	0.00400	0.00132	0.00348	0.00432	0.00387	0.00613
48	0.00749	0.00705	0.01189	0.85113	0.02731	0.00881	0.01101	0.01013	0.00793	0.01013	0.00705	0.01057	0.00529	0.00396	0.00396	0.00132	0.00529	0.00352	0.00176	0.00440
49	0.00472	0.00402	0.00406	0.00405	0.00538	0.00336	0.00304	0.00575	0.00911	0.01089	0.06755	0.03786	0.80681	0.00997	0.00469	0.00134	0.00200	0.00833	0.00371	0.00336
50	0.00861	0.00868	0.01230	0.01041	0.01076	0.03228	0.06187	0.00966	0.00662	0.00994	0.03100	0.03985	0.00708	0.01715	0.01178	0.00170	0.71012	0.00394	0.00192	0.00433
51	0.00613	0.00417	0.00547	0.00508	0.00610	0.00383	0.00383	0.00799	0.01123	0.05092	0.79901	0.02893	0.03624	0.00797	0.00465	0.00125	0.00193	0.00703	0.00439	0.00387
52	0.00822	0.00705	0.00822	0.00587	0.00940	0.00529	0.00470	0.00998	0.00822	0.01292	0.00705	0.00822	0.00587	0.00294	0.00294	0.00059	0.00294	0.00235	0.00235	0.88490
53	0.00475	0.00400	0.00412	0.00413	0.00540	0.00337	0.00308	0.00580	0.00913	0.01101	0.08896	0.06467	0.75806	0.01000	0.00470	0.00134	0.00201	0.00839	0.00372	0.00337
54	0.00822	0.00705	0.00822	0.00587	0.00940	0.00529	0.00470	0.00998	0.00822	0.01292	0.00705	0.00822	0.00587	0.00294	0.00294	0.00059	0.00294	0.00235	0.00235	0.88490
55	0.00931	0.00854	0.01027	0.00892	0.01017	0.03642	0.02242	0.06972	0.29943	0.01360	0.06016	0.04748	0.03140	0.00645	0.00772	0.00148	0.34388	0.00449	0.00300	0.00511
56	0.00538	0.00426	0.00474	0.00473	0.00595	0.00386	0.00364	0.02245	0.02205	0.01200	0.15443	0.05294	0.53913	0.01038	0.04044	0.00157	0.00256	0.07578	0.03014	0.00356
57	0.00483	0.00345	0.00460	0.00552	0.00575	0.00322	0.00368	0.00552	0.00759	0.01012	0.02185	0.85807	0.02622	0.01242	0.00506	0.00161	0.00230	0.01127	0.00368	0.00322
58	0.00749	0.00705	0.01189	0.85113	0.02731	0.00881	0.01101	0.01013	0.00793	0.01013	0.00705	0.01057	0.00529	0.00396	0.00396	0.00132	0.00529	0.00352	0.00176	0.00440
59	0.00990	0.00865	0.00904	0.02028	0.01058	0.02225	0.00636	0.02083	0.80475	0.01639	0.01586	0.01462	0.01190	0.00534	0.00403	0.00134	0.00323	0.00444	0.00397	0.00622
60	0.00530	0.00459	0.00568	0.00605	0.05919	0.00404	0.03335	0.00653	0.00906	0.01118	0.07255	0.08845	0.62850	0.00948	0.00469	0.00136	0.00243	0.04038	0.00354	0.00363
61	0.00511	0.00365	0.00492	0.00584	0.00619	0.00346	0.00416	0.00600	0.00786	0.01043	0.02170	0.71412	0.02562	0.01216	0.00513	0.00165	0.00254	0.15250	0.00368	0.00330
62	0.00970	0.00938	0.01622	0.05740	0.77071	0.00942	0.04447	0.01211	0.00900	0.01283	0.00746	0.00988	0.00623	0.00354	0.00396	0.00119	0.00481	0.00358	0.00196	0.00617
63	0.00839	0.04594	0.70260	0.01240	0.08841	0.02900	0.03400	0.01258	0.00851	0.01243	0.00709	0.00846	0.00516	0.00373	0.00376	0.00123	0.00576	0.00299	0.00172	0.00583
64	0.00985	0.00971	0.01534	0.11557	0.69741	0.05852	0.01177	0.01216	0.00904	0.01245	0.00733	0.00974	0.00610	0.00361	0.00391	0.00118	0.00492	0.00347	0.00194	0.00597
65	0.01044	0.00911	0.00927	0.00823	0.01053	0.04203	0.00642	0.08034	0.73733	0.01695	0.01526	0.01411	0.01144	0.00528	0.00401	0.00132	0.00338	0.00434	0.00395	0.00625
66	0.00754	0.00709	0.01093	0.02167	0.01025	0.00854	0.12694	0.00878	0.00712	0.01024	0.04212	0.07327	0.05218	0.12902	0.05007	0.00212	0.38451	0.02272	0.02089	0.00400
67	0.04234	0.00837	0.00982	0.02217	0.03147	0.01887	0.00650	0.27930	0.09717	0.26393	0.11115	0.01351	0.01170	0.00524	0.00437	0.00124	0.03976	0.00413	0.00401	0.02496
68	0.00981	0.00942	0.01609	0.02434	0.83592	0.00942	0.01217	0.01217	0.00903	0.01295	0.00746	0.00981	0.00628	0.00353	0.00393	0.00118	0.00471	0.00353	0.00196	0.00628
69	0.85796	0.00773	0.00619	0.00588	0.03661	0.00891	0.00457	0.01167	0.00683	0.01762	0.00559	0.00656	0.00436	0.00368	0.00251	0.00123	0.00312	0.00220	0.00244	0.00436
70	0.01581	0.00676	0.00887	0.00700	0.00983	0.00613	0.00571	0.01848	0.10453	0.66836	0.07394	0.01468	0.01196	0.00515	0.00402	0.00123	0.00323	0.00424	0.00471	0.02537
71	0.01070	0.84393	0.02056	0.00686	0.01022	0.03446	0.00680	0.01196	0.00813	0.00934	0.00553	0.00638	0.00509	0.00341	0.00257	0.00085	0.00431	0.00213	0.00170	0.00508
72	0.00567	0.00423	0.00629	0.00629	0.00697	0.00491	0.00485	0.00703	0.00635	0.00914	0.01070	0.01600	0.01010	0.06375	0.81118	0.00627	0.01034	0.00431	0.00214	0.00349
73	0.00986	0.00852	0.00897	0.00807	0.01031	0.00986	0.00628	0.02107	0.82876	0.01659	0.01614	0.01479	0.01210	0.00538	0.00403	0.00134	0.00314	0.00448	0.00403	0.00628
74	0.00976	0.00937	0.01600	0.04210	0.81855	0.00941	0.01214	0.01212	0.00900	0.01289	0.00745	0.00983	0.00626	0.00354	0.00393	0.00118	0.00472	0.00353	0.00196	0.00624
75	0.00494	0.00361	0.00465	0.00531	0.00577	0.00332	0.00365	0.00583	0.00824	0.01094	0.12445	0.64437	0.12383	0.01158	0.00498	0.00154	0.00223	0.02371	0.00376	0.00331
76	0.00481	0.00354	0.00451	0.00528	0.00569	0.00324	0.00357	0.00555	0.00782	0.01022	0.02481	0.72571	0.15668	0.01204	0.00500	0.00157	0.00225	0.01080	0.00368	0.00324
77	0.09411	0.00759	0.00937	0.00725	0.01028	0.00723	0.00599	0.15868	0.01221	0.62446	0.01368	0.01218	0.00879	0.00477	0.00385	0.00122	0.00352	0.00375	0.00453	0.00653
78	0.00470	0.00397	0.00406	0.00414	0.00539	0.00334	0.00307	0.00568	0.00892	0.01066	0.03869	0.10423	0.76920	0.01023	0.00472	0.00136	0.00203	0.00860	0.00368	0.00334
79	0.01769	0.00690	0.00930	0.00713	0.01020	0.00606	0.00589	0.04816	0.01161	0.80946	0.01542	0.01335	0.00970	0.00490	0.00399	0.00123	0.00341	0.00397	0.00487	0.00675
80	0.02397	0.00963	0.01016	0.00841	0.01110	0.02052	0.00674	0.35661	0.42534	0.03761	0.01281	0.01215	0.00943	0.00500	0.00394	0.00125	0.00370	0.00397	0.00393	0.03375
81	0.00854	0.00810	0.01214	0.60920	0.13409	0.04771	0.01050	0.03849	0.05904	0.01145	0.00778	0.01059	0.00594	0.00403	0.00393	0.00128	0.00509	0.00354	0.01371	0.00485
82	0.00575	0.00390	0.00463	0.00463	0.00473	0.00401	0.00278	0.00596	0.00586	0.00791	0.01222	0.02441	0.01375	0.73780	0.14213	0.00422	0.00485	0.00554	0.00236	0.00257
83	0.00546	0.00404	0.00510	0.00485	0.00584	0.00367	0.00363	0.00718	0.01084	0.01504	0.70277	0.04213	0.15781	0.00846	0.00468	0.00127	0.00190	0.00741	0.00425	0.00367

[dist]
# distance from previous block
# <min> <max>
0	0

# created by:
# /st0/software/busco_prod/Augustus/scripts/msa2prfl.pl ./align_prep/129755.fa
