[name]
unknown

[dist]
# distance from previous block
# <min> <max>
17	137

[block]
# block no. 0 follows, 56 sequences, length 22
# corresponding to MSA columns:
# 182-203
name=unknown_A
#
# <colnr> <probs for GDERKNQSTAVLIFYWHMCP>
#	G	D	E	R	K	N	Q	S	T	A	V	L	I	F	Y	W	H	M	C	P
0	0.01179	0.33362	0.11097	0.01262	0.11207	0.12081	0.09179	0.01433	0.02991	0.02479	0.00921	0.06463	0.00826	0.00583	0.02956	0.00145	0.00597	0.00403	0.00238	0.00598
1	0.00683	0.03103	0.00722	0.00752	0.04896	0.00520	0.00515	0.00815	0.00932	0.03235	0.12085	0.34510	0.11003	0.04655	0.19064	0.00305	0.00506	0.00901	0.00376	0.00422
2	0.01134	0.03191	0.01626	0.06382	0.53027	0.08394	0.01181	0.01378	0.01035	0.01424	0.00846	0.01096	0.00711	0.00501	0.02982	0.00143	0.00563	0.00376	0.00234	0.13776
3	0.00590	0.00472	0.00491	0.00486	0.00640	0.00397	0.00364	0.00711	0.01061	0.03434	0.08327	0.06856	0.72299	0.01144	0.00542	0.00155	0.00237	0.00959	0.00434	0.00400
4	0.01157	0.01168	0.05211	0.02245	0.55691	0.04854	0.01242	0.03977	0.13841	0.01576	0.01037	0.01229	0.00839	0.00556	0.03259	0.00160	0.00557	0.00421	0.00273	0.00707
5	0.00797	0.00399	0.00598	0.00598	0.00598	0.00399	0.00399	0.00598	0.00598	0.00797	0.00797	0.01396	0.00797	0.01595	0.01794	0.86643	0.00399	0.00399	0.00199	0.00199
6	0.00866	0.00906	0.10149	0.00962	0.08578	0.02984	0.00745	0.03644	0.14192	0.01752	0.41427	0.02579	0.06759	0.00770	0.00504	0.00146	0.00354	0.01712	0.00423	0.00548
7	0.00893	0.00842	0.01423	0.75121	0.10602	0.01027	0.01288	0.01196	0.00930	0.01204	0.00821	0.01216	0.00623	0.00454	0.00459	0.00151	0.00606	0.00408	0.00206	0.00531
8	0.00952	0.00816	0.00952	0.00680	0.01088	0.00612	0.00544	0.01156	0.00952	0.01496	0.00816	0.00952	0.00680	0.00340	0.00340	0.00068	0.00340	0.00272	0.00272	0.86672
9	0.00937	0.05226	0.51554	0.01287	0.09395	0.00997	0.01356	0.01402	0.04543	0.01510	0.09674	0.01279	0.01054	0.00488	0.00437	0.00137	0.00566	0.00399	0.00250	0.07511
10	0.01031	0.00974	0.01661	0.09183	0.54968	0.00991	0.05321	0.01294	0.00987	0.01406	0.00916	0.01241	0.00776	0.00861	0.12614	0.00226	0.00656	0.00423	0.00230	0.04242
11	0.00635	0.00501	0.00602	0.00594	0.02265	0.00437	0.00429	0.00800	0.01130	0.01515	0.36534	0.11683	0.32230	0.01014	0.00528	0.00146	0.00244	0.00877	0.00444	0.07390
12	0.01138	0.00907	0.01116	0.00882	0.04061	0.00799	0.03984	0.12431	0.06208	0.05726	0.01014	0.02126	0.00804	0.00421	0.00387	0.00096	0.00390	0.00350	0.01877	0.55284
13	0.01146	0.00847	0.07124	0.00758	0.02470	0.02249	0.00624	0.12556	0.03621	0.12004	0.01447	0.01716	0.03496	0.11060	0.02323	0.00178	0.02224	0.00464	0.29372	0.04320
14	0.00771	0.00647	0.00731	0.00703	0.00829	0.04017	0.00532	0.04986	0.07950	0.01288	0.02369	0.10370	0.24524	0.07672	0.26842	0.00365	0.03903	0.00708	0.00346	0.00446
15	0.01212	0.25000	0.04164	0.05011	0.22286	0.02866	0.01015	0.15718	0.01178	0.01558	0.00957	0.05424	0.00863	0.00552	0.00510	0.00137	0.07495	0.03146	0.00274	0.00634
16	0.01020	0.00828	0.00997	0.00804	0.05072	0.00664	0.00598	0.03174	0.03029	0.05011	0.00947	0.02879	0.00795	0.02086	0.00403	0.00089	0.00358	0.00328	0.00296	0.70624
17	0.01003	0.01755	0.47464	0.13900	0.04634	0.01025	0.09040	0.04307	0.01034	0.05453	0.01017	0.04438	0.01884	0.00496	0.00460	0.00149	0.00629	0.00429	0.00242	0.00641
18	0.01048	0.01018	0.01785	0.17277	0.53178	0.01044	0.09811	0.01334	0.01035	0.01442	0.03832	0.01330	0.02889	0.00454	0.00470	0.00142	0.00563	0.00453	0.00239	0.00656
19	0.01703	0.01242	0.01337	0.01037	0.01395	0.01372	0.00853	0.69969	0.08984	0.05582	0.01195	0.01172	0.00848	0.00558	0.00460	0.00140	0.00489	0.00424	0.00464	0.00776
20	0.83901	0.00871	0.00666	0.00597	0.00875	0.01008	0.00491	0.01339	0.00788	0.02047	0.00671	0.00782	0.00522	0.00430	0.00285	0.00141	0.00350	0.00255	0.03487	0.00495
21	0.01211	0.79892	0.06516	0.00813	0.01220	0.01778	0.00833	0.01379	0.00935	0.01100	0.00648	0.00749	0.00589	0.00395	0.00302	0.00101	0.00501	0.00250	0.00196	0.00594

[dist]
# distance from previous block
# <min> <max>
4	5

[block]
# block no. 1 follows, 56 sequences, length 13
# corresponding to MSA columns:
# 210-217,219-223
name=unknown_B
#
# <colnr> <probs for GDERKNQSTAVLIFYWHMCP>
#	G	D	E	R	K	N	Q	S	T	A	V	L	I	F	Y	W	H	M	C	P
0	0.02651	0.03183	0.00888	0.00696	0.00957	0.00681	0.00547	0.03466	0.06325	0.04621	0.11007	0.06312	0.07983	0.05595	0.03030	0.00154	0.03308	0.01981	0.00349	0.36266
1	0.02414	0.11598	0.09988	0.01258	0.14297	0.08729	0.04995	0.07768	0.03789	0.06565	0.02797	0.01366	0.04567	0.00535	0.00463	0.02521	0.00511	0.02379	0.00296	0.13163
2	0.00670	0.00508	0.00633	0.00603	0.00735	0.00468	0.01957	0.00867	0.03914	0.03161	0.31978	0.14111	0.27060	0.04321	0.04391	0.00191	0.00307	0.00874	0.00438	0.02813
3	0.01242	0.30681	0.05573	0.01473	0.25479	0.08213	0.01003	0.04763	0.05568	0.03440	0.00856	0.00987	0.00707	0.00426	0.00385	0.00117	0.00523	0.00334	0.00251	0.07979
4	0.08978	0.01045	0.10515	0.05159	0.11804	0.03004	0.02410	0.06445	0.02406	0.04928	0.03734	0.11534	0.01152	0.00634	0.01759	0.00141	0.00460	0.02094	0.00311	0.21488
5	0.03964	0.11973	0.09508	0.02391	0.08362	0.11816	0.03699	0.12252	0.23822	0.01710	0.03538	0.01286	0.00994	0.02148	0.00468	0.00143	0.00523	0.00416	0.00332	0.00654
6	0.02850	0.18431	0.22824	0.07417	0.10228	0.03653	0.08910	0.05036	0.02549	0.05955	0.00925	0.02647	0.00743	0.00486	0.00476	0.00139	0.04410	0.01436	0.00252	0.00633
7	0.00721	0.00565	0.00663	0.00661	0.00770	0.02691	0.00478	0.00914	0.06075	0.01238	0.03512	0.26653	0.07888	0.14029	0.15599	0.00305	0.00498	0.04007	0.03569	0.09164
8	0.06822	0.00772	0.00996	0.04550	0.06927	0.02500	0.05456	0.04010	0.04985	0.08620	0.05895	0.08190	0.15961	0.00756	0.00478	0.00144	0.00391	0.08093	0.02086	0.12366
9	0.05005	0.02310	0.06078	0.05238	0.20126	0.00788	0.03165	0.03997	0.02241	0.01436	0.05386	0.27479	0.03843	0.03553	0.00568	0.00162	0.01929	0.00720	0.00325	0.05650
10	0.07979	0.16329	0.22300	0.04955	0.05462	0.02455	0.02003	0.03446	0.02700	0.03307	0.01122	0.04176	0.04261	0.02103	0.05581	0.03266	0.03645	0.02457	0.00258	0.02194
11	0.00649	0.00466	0.00617	0.00624	0.00673	0.00501	0.00436	0.00740	0.00733	0.01011	0.01559	0.07706	0.05177	0.35285	0.41186	0.00558	0.00808	0.00637	0.00279	0.00354
12	0.03570	0.11344	0.15000	0.15518	0.09241	0.07502	0.06350	0.09461	0.01157	0.11586	0.02643	0.01151	0.00782	0.00494	0.00461	0.01859	0.00572	0.00389	0.00289	0.00631

[dist]
# distance from previous block
# <min> <max>
0	1

[block]
# block no. 2 follows, 56 sequences, length 6
# corresponding to MSA columns:
# 225-230
name=unknown_C
#
# <colnr> <probs for GDERKNQSTAVLIFYWHMCP>
#	G	D	E	R	K	N	Q	S	T	A	V	L	I	F	Y	W	H	M	C	P
0	0.04128	0.13176	0.14376	0.08182	0.18795	0.10147	0.06955	0.01338	0.00985	0.01316	0.00945	0.08324	0.00859	0.00630	0.03039	0.00160	0.05374	0.00448	0.00236	0.00590
1	0.01368	0.00960	0.01040	0.00849	0.01117	0.01038	0.00682	0.45075	0.07082	0.04762	0.06303	0.06179	0.04641	0.00653	0.00450	0.00137	0.00397	0.00524	0.16089	0.00652
2	0.03457	0.04285	0.19449	0.01900	0.37446	0.08072	0.04962	0.03657	0.01064	0.01496	0.00833	0.01033	0.00667	0.00416	0.00429	0.00130	0.00581	0.00366	0.00233	0.09525
3	0.00953	0.02102	0.67493	0.01226	0.01818	0.01030	0.01511	0.07611	0.01056	0.01542	0.01006	0.08727	0.00828	0.00539	0.00452	0.00149	0.00626	0.00436	0.00237	0.00658
4	0.00659	0.00473	0.00604	0.00666	0.00730	0.00460	0.00473	0.05447	0.00964	0.01274	0.02464	0.58308	0.08488	0.04181	0.03248	0.02780	0.00332	0.07640	0.00410	0.00396
5	0.01079	0.10614	0.24145	0.02057	0.39783	0.01173	0.11817	0.01426	0.01017	0.01437	0.00836	0.01059	0.00667	0.00412	0.00443	0.00137	0.00607	0.00389	0.00215	0.00684

[dist]
# distance from previous block
# <min> <max>
0	1

[block]
# block no. 3 follows, 56 sequences, length 66
# corresponding to MSA columns:
# 232-297
name=unknown_D
#
# <colnr> <probs for GDERKNQSTAVLIFYWHMCP>
#	G	D	E	R	K	N	Q	S	T	A	V	L	I	F	Y	W	H	M	C	P
0	0.03982	0.36435	0.11035	0.02631	0.02511	0.06963	0.00899	0.07046	0.21339	0.01506	0.01019	0.01061	0.00809	0.00476	0.00380	0.00126	0.00503	0.00347	0.00290	0.00642
1	0.01950	0.00767	0.01032	0.00804	0.01142	0.00670	0.00659	0.02152	0.03315	0.74714	0.01921	0.03753	0.03701	0.00611	0.00468	0.00144	0.00382	0.00501	0.00558	0.00757
2	0.01345	0.47845	0.01901	0.00885	0.01244	0.09610	0.00796	0.16693	0.03700	0.01501	0.00789	0.00873	0.00660	0.00446	0.00381	0.00110	0.02728	0.00298	0.00267	0.07927
3	0.01071	0.26491	0.46782	0.01118	0.03159	0.01254	0.01292	0.03030	0.00994	0.03927	0.00806	0.00924	0.00615	0.00423	0.00389	0.00126	0.00585	0.00314	0.00218	0.06481
4	0.00995	0.00859	0.02561	0.00775	0.00956	0.09033	0.00613	0.08517	0.07105	0.07332	0.06960	0.12081	0.25811	0.02842	0.03717	0.00185	0.06929	0.01826	0.00395	0.00509
5	0.00663	0.00485	0.00624	0.00587	0.00701	0.00455	0.00441	0.00912	0.03779	0.01832	0.76769	0.03395	0.05753	0.00933	0.00539	0.00145	0.00222	0.00823	0.00503	0.00442
6	0.01099	0.01066	0.01856	0.12839	0.66168	0.01086	0.06371	0.01383	0.01032	0.01457	0.00862	0.01154	0.00711	0.00414	0.00461	0.00140	0.00568	0.00417	0.00225	0.00693
7	0.01196	0.01073	0.01572	0.23612	0.40728	0.06055	0.01221	0.09898	0.01157	0.05390	0.00958	0.03372	0.00776	0.00477	0.00458	0.00141	0.00561	0.00429	0.00269	0.00656
8	0.00631	0.00487	0.00659	0.00727	0.02547	0.00454	0.02574	0.00772	0.00997	0.01296	0.08203	0.37600	0.20520	0.01251	0.00581	0.00180	0.00312	0.19383	0.00421	0.00406
9	0.00665	0.00444	0.00508	0.00510	0.00520	0.00441	0.00295	0.00685	0.00721	0.00975	0.06469	0.06463	0.01887	0.73807	0.02117	0.00410	0.00419	0.00701	0.01668	0.00294
10	0.01412	0.01179	0.03858	0.01116	0.04693	0.01263	0.03634	0.38589	0.33813	0.02323	0.01406	0.01404	0.01046	0.00574	0.00467	0.00147	0.00463	0.01435	0.00436	0.00743
11	0.00597	0.00417	0.00534	0.00603	0.00653	0.00389	0.00413	0.00708	0.00955	0.01313	0.15107	0.59222	0.06592	0.03442	0.00604	0.00179	0.00258	0.01135	0.06495	0.00385
12	0.12062	0.10956	0.26389	0.03539	0.08780	0.04487	0.10681	0.03735	0.01041	0.10716	0.00907	0.01037	0.00670	0.00452	0.00446	0.00140	0.02688	0.00366	0.00266	0.00642
13	0.00870	0.00769	0.00809	0.00750	0.00790	0.09559	0.00529	0.02578	0.00785	0.01020	0.01196	0.04017	0.01310	0.48730	0.07303	0.00367	0.17412	0.00569	0.00263	0.00373
14	0.01187	0.01156	0.01342	0.05482	0.01442	0.22907	0.17360	0.01365	0.01064	0.09562	0.01356	0.18941	0.01319	0.06475	0.02277	0.00184	0.03634	0.02114	0.00314	0.00518
15	0.17150	0.00869	0.01057	0.11875	0.06889	0.00841	0.00729	0.03292	0.00951	0.03843	0.00811	0.00987	0.00652	0.00412	0.00418	0.00109	0.04519	0.00311	0.00272	0.44014
16	0.04610	0.00938	0.02520	0.35986	0.10326	0.04306	0.08659	0.05347	0.01046	0.07110	0.02637	0.06662	0.02210	0.02580	0.01965	0.00168	0.01596	0.00496	0.00279	0.00560
17	0.05097	0.00966	0.01521	0.21479	0.39080	0.01041	0.02674	0.07374	0.02531	0.02729	0.02378	0.01387	0.00868	0.00617	0.03920	0.00171	0.01700	0.03569	0.00265	0.00633
18	0.01040	0.03203	0.35573	0.01222	0.07421	0.02372	0.05750	0.05045	0.04072	0.07429	0.09523	0.05997	0.01245	0.00675	0.02792	0.01595	0.02137	0.00487	0.01800	0.00622
19	0.02663	0.00840	0.01024	0.02587	0.04163	0.00922	0.02870	0.07333	0.34943	0.07322	0.04008	0.07045	0.03910	0.03135	0.07112	0.00214	0.01705	0.07173	0.00416	0.00616
20	0.01131	0.01043	0.02429	0.14476	0.08424	0.14030	0.02659	0.04206	0.10219	0.07855	0.13986	0.03069	0.07410	0.00666	0.00524	0.00148	0.03942	0.02862	0.00354	0.00568
21	0.01162	0.07013	0.08959	0.15577	0.15295	0.11244	0.06807	0.04627	0.06089	0.05668	0.03282	0.01318	0.03140	0.00642	0.04229	0.00169	0.03467	0.00428	0.00276	0.00608
22	0.00752	0.00617	0.04170	0.02566	0.00863	0.02114	0.00546	0.02979	0.02250	0.05426	0.16070	0.30713	0.13799	0.03676	0.09966	0.00238	0.00422	0.01985	0.00405	0.00444
23	0.00859	0.00812	0.07383	0.08115	0.06750	0.03533	0.04002	0.01074	0.01002	0.05980	0.15773	0.12126	0.04605	0.04104	0.16272	0.00278	0.02045	0.04454	0.00338	0.00493
24	0.02057	0.00947	0.02781	0.35629	0.28717	0.02135	0.03247	0.04363	0.03102	0.01394	0.01214	0.03051	0.07043	0.01809	0.00495	0.00152	0.00545	0.00476	0.00254	0.00589
25	0.02916	0.15004	0.26086	0.03661	0.12716	0.07778	0.06720	0.02703	0.03332	0.01388	0.02837	0.03316	0.02336	0.00545	0.01512	0.00147	0.05742	0.00406	0.00239	0.00615
26	0.01088	0.10529	0.28762	0.04909	0.29021	0.02886	0.07691	0.02979	0.01030	0.02822	0.00870	0.02411	0.00698	0.00447	0.00457	0.00139	0.01975	0.00392	0.00226	0.00667
27	0.00842	0.00574	0.00716	0.00726	0.00854	0.00573	0.00568	0.02452	0.09179	0.08432	0.05689	0.22371	0.13935	0.06412	0.00698	0.00196	0.02153	0.22732	0.00431	0.00468
28	0.00766	0.00608	0.00755	0.04454	0.05564	0.02684	0.00590	0.01016	0.05773	0.03704	0.28522	0.09132	0.21068	0.00983	0.00540	0.00160	0.00321	0.12464	0.00432	0.00467
29	0.06425	0.25312	0.10250	0.02964	0.13413	0.12199	0.11383	0.04030	0.01074	0.06411	0.00831	0.00977	0.00659	0.00436	0.00419	0.00128	0.01864	0.00351	0.00248	0.00625
30	0.03394	0.02653	0.09937	0.13589	0.10641	0.00872	0.02091	0.10813	0.04581	0.04040	0.01515	0.25539	0.01515	0.02772	0.00539	0.00166	0.00460	0.03987	0.00339	0.00558
31	0.00644	0.00467	0.00607	0.00576	0.00684	0.00430	0.00431	0.00855	0.01282	0.01807	0.76618	0.05510	0.06446	0.00958	0.00543	0.00146	0.00218	0.00846	0.00501	0.00430
32	0.01039	0.01033	0.01894	0.21839	0.40559	0.01068	0.19405	0.01341	0.01010	0.01396	0.00883	0.01210	0.00710	0.00545	0.03952	0.00170	0.00644	0.00443	0.00224	0.00636
33	0.00979	0.00886	0.01384	0.68378	0.02861	0.03386	0.03398	0.05969	0.01024	0.03444	0.00911	0.01339	0.00702	0.00491	0.00466	0.00153	0.00604	0.02851	0.00238	0.00535
34	0.01011	0.01018	0.01384	0.01191	0.01199	0.03297	0.00989	0.01114	0.00718	0.01104	0.00624	0.01024	0.00618	0.00873	0.03841	0.00215	0.78676	0.00402	0.00203	0.00500
35	0.04412	0.09002	0.18194	0.02322	0.07140	0.06455	0.06147	0.03099	0.02113	0.09504	0.04789	0.03409	0.02055	0.02815	0.02794	0.00156	0.02645	0.00426	0.02549	0.09973
36	0.00775	0.00580	0.00814	0.00777	0.00886	0.00591	0.06254	0.08826	0.00993	0.01369	0.01861	0.37609	0.02028	0.09653	0.14987	0.00297	0.00518	0.04724	0.06021	0.00436
37	0.01227	0.84142	0.02406	0.00786	0.01178	0.01817	0.00786	0.01375	0.00933	0.01080	0.00638	0.00736	0.00589	0.00393	0.00295	0.00098	0.00491	0.00245	0.00196	0.00589
38	0.03769	0.04107	0.12039	0.15327	0.02690	0.02669	0.01923	0.03179	0.14510	0.01404	0.05475	0.02923	0.02873	0.07800	0.14439	0.01495	0.02058	0.00489	0.00295	0.00535
39	0.40584	0.02395	0.02750	0.03531	0.07688	0.10543	0.00730	0.07010	0.11831	0.03934	0.00973	0.03425	0.00777	0.00501	0.00373	0.00141	0.00451	0.00361	0.01420	0.00580
40	0.01697	0.01262	0.01350	0.01046	0.01405	0.01401	0.00861	0.73279	0.08429	0.02815	0.01164	0.01151	0.00831	0.00557	0.00460	0.00139	0.00494	0.00422	0.00460	0.00776
41	0.01010	0.00753	0.04662	0.06624	0.01173	0.00687	0.00727	0.04215	0.05587	0.13362	0.05863	0.04709	0.09708	0.03130	0.02881	0.00185	0.02591	0.22864	0.00397	0.08871
42	0.00921	0.02375	0.81487	0.01309	0.01987	0.01066	0.01696	0.01454	0.00969	0.01454	0.00824	0.00969	0.00582	0.00436	0.00436	0.00145	0.00678	0.00339	0.00194	0.00678
43	0.01308	0.00782	0.00940	0.02926	0.01077	0.01865	0.00634	0.12581	0.13021	0.24928	0.30371	0.02183	0.02267	0.00704	0.00488	0.00144	0.00348	0.00593	0.02214	0.00629
44	0.03506	0.00925	0.01547	0.21157	0.33746	0.00977	0.09189	0.02690	0.02546	0.01437	0.03680	0.07257	0.03377	0.00580	0.00502	0.00151	0.02079	0.03786	0.00269	0.00598
45	0.00553	0.00448	0.00488	0.00514	0.00631	0.00386	0.00370	0.00660	0.01002	0.01232	0.06259	0.24817	0.56649	0.03128	0.00595	0.00170	0.00246	0.01045	0.00425	0.00383
46	0.07050	0.00797	0.01041	0.00809	0.01156	0.00716	0.00667	0.02194	0.04721	0.73170	0.01744	0.01521	0.01110	0.00562	0.00451	0.00143	0.00387	0.00452	0.00547	0.00762
47	0.04550	0.02670	0.01363	0.26375	0.22593	0.03020	0.03726	0.04351	0.01056	0.09308	0.03300	0.07759	0.04798	0.02557	0.00510	0.00154	0.00508	0.00518	0.00298	0.00586
48	0.00727	0.00516	0.00737	0.00813	0.02975	0.00511	0.02298	0.00863	0.00947	0.01254	0.02199	0.12654	0.08072	0.02685	0.06267	0.11491	0.00448	0.41259	0.02891	0.00395
49	0.01142	0.00986	0.01038	0.00934	0.01194	0.01142	0.00727	0.02440	0.80172	0.01920	0.01869	0.01713	0.01401	0.00623	0.00467	0.00156	0.00363	0.00519	0.00467	0.00727
50	0.18078	0.00903	0.03069	0.00783	0.01073	0.03195	0.00647	0.12130	0.06714	0.29944	0.11059	0.01590	0.01360	0.02817	0.00479	0.00149	0.00389	0.00459	0.04520	0.00640
51	0.02146	0.05046	0.14515	0.13248	0.07993	0.00985	0.10676	0.04792	0.05275	0.09654	0.04332	0.01643	0.08893	0.02128	0.03069	0.00171	0.04034	0.00494	0.00307	0.00600
52	0.00543	0.00465	0.00465	0.00465	0.00620	0.00388	0.00349	0.00659	0.01046	0.01240	0.04651	0.04418	0.80815	0.01163	0.00543	0.00155	0.00233	0.00969	0.00426	0.00388
53	0.00823	0.00766	0.01297	0.54815	0.02468	0.00907	0.07115	0.01078	0.00911	0.01191	0.01176	0.18241	0.01127	0.00715	0.01740	0.00171	0.04112	0.00605	0.00253	0.00488
54	0.01219	0.05215	0.02930	0.17116	0.01691	0.08563	0.11274	0.13999	0.01187	0.09129	0.01126	0.01359	0.02452	0.02211	0.08783	0.02499	0.02140	0.00437	0.06100	0.00573
55	0.00613	0.00430	0.00572	0.00649	0.00696	0.00417	0.00461	0.00707	0.00881	0.01182	0.03804	0.52508	0.05779	0.06548	0.07749	0.03685	0.00381	0.10271	0.02295	0.00372
56	0.01064	0.01191	0.02542	0.06712	0.02376	0.01139	0.71023	0.01464	0.03239	0.01454	0.00958	0.01284	0.00729	0.01965	0.00568	0.00160	0.00747	0.00536	0.00238	0.00609
57	0.01044	0.15707	0.37026	0.04924	0.08843	0.05209	0.04115	0.02583	0.01020	0.03493	0.04307	0.01237	0.03777	0.00582	0.02692	0.01584	0.00607	0.00391	0.00238	0.00619
58	0.00859	0.00796	0.01086	0.00950	0.01067	0.03466	0.06860	0.02308	0.06111	0.01308	0.10098	0.06953	0.11650	0.01377	0.17289	0.00286	0.26133	0.00609	0.00311	0.00483
59	0.00750	0.00545	0.00788	0.00790	0.00906	0.00539	0.04614	0.00924	0.01009	0.04620	0.10849	0.18157	0.08306	0.04447	0.08615	0.00249	0.02263	0.30794	0.00401	0.00432
60	0.01122	0.11386	0.35644	0.02765	0.10845	0.03147	0.01215	0.05174	0.04556	0.08862	0.04852	0.04143	0.00979	0.00596	0.02629	0.00155	0.00573	0.00421	0.00283	0.00653
61	0.01099	0.02729	0.19537	0.08110	0.24894	0.10084	0.09551	0.01455	0.04402	0.03174	0.03355	0.01337	0.04903	0.00488	0.00458	0.00139	0.00594	0.00435	0.00256	0.03001
62	0.01003	0.02390	0.02942	0.03224	0.02846	0.13313	0.02894	0.03209	0.03407	0.01142	0.01015	0.01687	0.01008	0.25365	0.10147	0.00308	0.22913	0.00478	0.00251	0.00459
63	0.03277	0.03170	0.01039	0.04107	0.03293	0.00707	0.00614	0.01173	0.00942	0.01476	0.00802	0.00958	0.00669	0.00362	0.00375	0.00080	0.02475	0.00283	0.00264	0.73934
64	0.00970	0.00963	0.01433	0.51529	0.11182	0.07339	0.05329	0.01267	0.03278	0.01237	0.00931	0.05187	0.00778	0.00579	0.02142	0.00164	0.04470	0.00455	0.00230	0.00539
65	0.01496	0.29754	0.01739	0.01119	0.03553	0.48106	0.03500	0.01637	0.01148	0.01130	0.00695	0.00823	0.00598	0.00449	0.00405	0.00115	0.02657	0.00293	0.00222	0.00559

[dist]
# distance from previous block
# <min> <max>
0	3

[block]
# block no. 4 follows, 56 sequences, length 43
# corresponding to MSA columns:
# 301-308,313-347
name=unknown_E
#
# <colnr> <probs for GDERKNQSTAVLIFYWHMCP>
#	G	D	E	R	K	N	Q	S	T	A	V	L	I	F	Y	W	H	M	C	P
0	0.08972	0.00918	0.01302	0.06072	0.31832	0.01943	0.02240	0.06652	0.03496	0.06246	0.09826	0.03626	0.03539	0.00641	0.03189	0.00156	0.00475	0.00478	0.00320	0.08076
1	0.00972	0.00919	0.03717	0.19206	0.32714	0.00905	0.06940	0.01254	0.02294	0.04004	0.08879	0.03904	0.08638	0.00589	0.00484	0.00146	0.00500	0.01966	0.00291	0.01678
2	0.05240	0.00744	0.02219	0.03526	0.01039	0.02438	0.00629	0.06905	0.11507	0.16159	0.11285	0.18440	0.08025	0.00885	0.00507	0.00160	0.00359	0.07999	0.01380	0.00555
3	0.01081	0.01034	0.01763	0.19337	0.64917	0.01076	0.01381	0.01360	0.01019	0.01432	0.00854	0.01154	0.00703	0.00419	0.00455	0.00140	0.00559	0.00409	0.00222	0.00682
4	0.00878	0.00752	0.02563	0.00934	0.07115	0.02946	0.04689	0.03093	0.10017	0.03945	0.48043	0.02639	0.05181	0.00792	0.00560	0.00147	0.04056	0.00688	0.00437	0.00526
5	0.00993	0.04444	0.02379	0.04194	0.04187	0.07186	0.06038	0.02681	0.08839	0.06647	0.08762	0.04769	0.10884	0.16551	0.00933	0.05198	0.02459	0.00597	0.01769	0.00489
6	0.04169	0.00452	0.00566	0.00632	0.00696	0.00435	0.00438	0.00783	0.03084	0.02737	0.11282	0.63540	0.04556	0.01272	0.00555	0.00175	0.00267	0.01141	0.02815	0.00403
7	0.01140	0.01137	0.01845	0.03933	0.65231	0.05739	0.07999	0.01409	0.01063	0.01471	0.02522	0.02699	0.00831	0.00442	0.00464	0.00138	0.00571	0.00439	0.00237	0.00690
8	0.00924	0.02319	0.78203	0.01304	0.01955	0.01080	0.01668	0.01440	0.00958	0.01440	0.00815	0.00971	0.00582	0.00451	0.00480	0.00148	0.04056	0.00342	0.00194	0.00671
9	0.00742	0.00509	0.00655	0.01917	0.00822	0.00497	0.00524	0.03278	0.05370	0.05850	0.02492	0.54825	0.07159	0.01262	0.00571	0.00182	0.00312	0.12161	0.00434	0.00438
10	0.00559	0.00474	0.00483	0.00479	0.00634	0.00403	0.00360	0.00701	0.02425	0.01285	0.08734	0.04318	0.75294	0.01141	0.00541	0.00154	0.00234	0.00954	0.00431	0.00396
11	0.01192	0.53694	0.24011	0.00954	0.01411	0.04849	0.01039	0.01444	0.00969	0.04306	0.00737	0.00841	0.00609	0.00422	0.00365	0.00115	0.01930	0.00284	0.00212	0.00617
12	0.01097	0.01028	0.01773	0.11104	0.62188	0.01043	0.05654	0.01371	0.01035	0.03158	0.00973	0.03549	0.00840	0.00469	0.00469	0.00143	0.00551	0.02631	0.00243	0.00681
13	0.00867	0.00816	0.01377	0.82762	0.03162	0.01020	0.01275	0.01173	0.00918	0.01173	0.00816	0.01224	0.00612	0.00459	0.00459	0.00153	0.00612	0.00408	0.00204	0.00510
14	0.01221	0.01202	0.01693	0.12789	0.52399	0.12668	0.03431	0.01496	0.02718	0.04696	0.00897	0.01136	0.00723	0.00435	0.00452	0.00137	0.00591	0.00401	0.00245	0.00670
15	0.01109	0.01164	0.07737	0.06090	0.65960	0.01091	0.01387	0.03001	0.01047	0.01496	0.00888	0.01206	0.00748	0.00446	0.00489	0.00141	0.03060	0.02005	0.00232	0.00702
16	0.00772	0.00639	0.00975	0.03142	0.02133	0.00714	0.08300	0.00884	0.00806	0.01130	0.03028	0.15737	0.03068	0.17262	0.15044	0.06231	0.14951	0.02087	0.02689	0.00409
17	0.00573	0.00408	0.00543	0.00646	0.00676	0.00384	0.00438	0.00657	0.00882	0.01174	0.02488	0.76572	0.02969	0.04200	0.00647	0.00197	0.00281	0.05472	0.00421	0.00372
18	0.07807	0.00970	0.01552	0.20287	0.48966	0.01024	0.01217	0.01394	0.02359	0.05218	0.00923	0.01179	0.00733	0.00438	0.00437	0.00140	0.00522	0.00401	0.03781	0.00651
19	0.00806	0.02112	0.01012	0.05136	0.13550	0.02202	0.00750	0.00958	0.00829	0.01162	0.01330	0.13415	0.02931	0.08991	0.29590	0.00391	0.11785	0.00596	0.01988	0.00465
20	0.00559	0.00401	0.00531	0.00635	0.00665	0.00373	0.00424	0.00640	0.00883	0.01174	0.02579	0.81765	0.04806	0.01432	0.00585	0.00186	0.00266	0.01297	0.00426	0.00373
21	0.00867	0.00816	0.01377	0.82762	0.03162	0.01020	0.01275	0.01173	0.00918	0.01173	0.00816	0.01224	0.00612	0.00459	0.00459	0.00153	0.00612	0.00408	0.00204	0.00510
22	0.02552	0.01054	0.07038	0.29414	0.13012	0.02291	0.13757	0.04622	0.08381	0.03177	0.01155	0.01567	0.02229	0.00529	0.00479	0.00153	0.00575	0.05862	0.01556	0.00597
23	0.00853	0.00607	0.05422	0.03040	0.02585	0.00556	0.01910	0.00827	0.00720	0.04826	0.01006	0.06172	0.00965	0.01623	0.12785	0.51477	0.03588	0.00467	0.00238	0.00333
24	0.01243	0.81524	0.02370	0.00798	0.01186	0.04378	0.00789	0.01389	0.00945	0.01082	0.00641	0.00739	0.00589	0.00395	0.00298	0.00099	0.00502	0.00247	0.00198	0.00587
25	0.00656	0.00492	0.00738	0.00738	0.00820	0.00574	0.00574	0.00820	0.00738	0.01066	0.01230	0.01804	0.01148	0.03443	0.82046	0.00738	0.01230	0.00492	0.00246	0.00410
26	0.01033	0.00978	0.01621	0.25350	0.45786	0.01007	0.03264	0.01308	0.00997	0.01405	0.00845	0.01139	0.00687	0.00413	0.00442	0.00132	0.00542	0.00393	0.00227	0.12429
27	0.00916	0.00837	0.01391	0.53689	0.21698	0.00966	0.01201	0.01199	0.00963	0.01305	0.03469	0.03627	0.00860	0.00494	0.00456	0.00147	0.00550	0.00448	0.05232	0.00551
28	0.00667	0.00447	0.00510	0.00510	0.00514	0.00450	0.00290	0.00674	0.00671	0.00897	0.01438	0.02955	0.01648	0.80556	0.05617	0.00457	0.00477	0.00660	0.00277	0.00284
29	0.00921	0.02375	0.81487	0.01309	0.01987	0.01066	0.01696	0.01454	0.00969	0.01454	0.00824	0.00969	0.00582	0.00436	0.00436	0.00145	0.00678	0.00339	0.00194	0.00678
30	0.00774	0.00414	0.00617	0.00617	0.00630	0.00426	0.00423	0.00633	0.00620	0.00839	0.00874	0.01487	0.00866	0.03400	0.13847	0.72151	0.00524	0.00418	0.00208	0.00232
31	0.00588	0.00449	0.00543	0.00597	0.00681	0.00413	0.00425	0.00734	0.03386	0.01287	0.10505	0.45836	0.27230	0.01274	0.00567	0.00173	0.00260	0.04223	0.00435	0.00396
32	0.00559	0.00402	0.00530	0.00633	0.00664	0.00373	0.00424	0.00640	0.00885	0.01174	0.02602	0.80882	0.05674	0.01429	0.00585	0.00185	0.00265	0.01294	0.00426	0.00373
33	0.00968	0.13519	0.68757	0.01273	0.03784	0.01169	0.01565	0.01442	0.00966	0.01404	0.00799	0.00941	0.00586	0.00430	0.00417	0.00139	0.00650	0.00328	0.00195	0.00667
34	0.01132	0.01205	0.06562	0.14571	0.43944	0.06542	0.08911	0.02255	0.04408	0.02577	0.00902	0.01156	0.00720	0.00443	0.00488	0.00143	0.02724	0.00415	0.00240	0.00663
35	0.00564	0.00403	0.00538	0.00645	0.00674	0.00377	0.00435	0.00648	0.00884	0.01178	0.02528	0.81375	0.03025	0.01434	0.00587	0.00187	0.00271	0.03446	0.00426	0.00374
36	0.01519	0.20448	0.03814	0.01241	0.07145	0.51948	0.03829	0.02709	0.01194	0.01186	0.00721	0.00852	0.00607	0.00447	0.00396	0.00117	0.00722	0.00304	0.00229	0.00570
37	0.00560	0.00424	0.00519	0.00594	0.00662	0.00383	0.00414	0.00656	0.00935	0.01199	0.03163	0.57200	0.26343	0.01350	0.00575	0.00178	0.00261	0.03779	0.00426	0.00379
38	0.00754	0.00878	0.15299	0.00825	0.04157	0.00617	0.01877	0.01066	0.05257	0.02879	0.42187	0.05117	0.14135	0.02265	0.00546	0.00153	0.00339	0.00729	0.00416	0.00502
39	0.00673	0.00502	0.00711	0.00703	0.00763	0.00579	0.00524	0.00797	0.00720	0.01027	0.01253	0.02044	0.01244	0.21663	0.60566	0.00649	0.04417	0.00528	0.00251	0.00384
40	0.01056	0.01007	0.01683	0.13595	0.60651	0.01053	0.01301	0.01316	0.01016	0.01433	0.03155	0.01332	0.03937	0.00481	0.00518	0.00143	0.04981	0.00442	0.00238	0.00664
41	0.04662	0.00887	0.01003	0.00738	0.01129	0.04008	0.01874	0.02591	0.01019	0.09741	0.00913	0.01008	0.00718	0.00377	0.00359	0.00083	0.00376	0.00298	0.00304	0.67913
42	0.08324	0.00818	0.01112	0.03432	0.02475	0.01980	0.07015	0.01187	0.03927	0.06048	0.03736	0.09006	0.01157	0.07068	0.08775	0.00230	0.19349	0.00513	0.00295	0.13552

[dist]
# distance from previous block
# <min> <max>
2	11

[block]
# block no. 5 follows, 56 sequences, length 77
# corresponding to MSA columns:
# 361,364-439
name=unknown_F
#
# <colnr> <probs for GDERKNQSTAVLIFYWHMCP>
#	G	D	E	R	K	N	Q	S	T	A	V	L	I	F	Y	W	H	M	C	P
0	0.00775	0.00629	0.00739	0.02412	0.02417	0.03843	0.00499	0.02164	0.00842	0.01145	0.03027	0.09985	0.06587	0.29676	0.16359	0.01644	0.03525	0.00618	0.00294	0.12820
1	0.09965	0.01085	0.07236	0.02395	0.02385	0.06829	0.00882	0.02376	0.04039	0.01326	0.01037	0.03494	0.05255	0.00907	0.07208	0.00212	0.37518	0.00435	0.00253	0.05163
2	0.00916	0.00758	0.01157	0.20208	0.11032	0.02816	0.05947	0.02190	0.00874	0.01182	0.00960	0.03859	0.00883	0.02242	0.02891	0.26018	0.01589	0.03661	0.00238	0.10579
3	0.00668	0.00492	0.00578	0.00550	0.00697	0.00427	0.00412	0.00825	0.01128	0.04744	0.32183	0.11830	0.37023	0.01039	0.00532	0.00149	0.00242	0.00893	0.00453	0.05133
4	0.03808	0.01191	0.10648	0.00990	0.01302	0.03103	0.00865	0.13955	0.41282	0.07789	0.01466	0.01430	0.01088	0.00642	0.02146	0.00163	0.05294	0.00455	0.01688	0.00698
5	0.00872	0.00822	0.01387	0.81147	0.04734	0.01021	0.01278	0.01178	0.00921	0.01180	0.00817	0.01222	0.00614	0.00458	0.00459	0.00153	0.00611	0.00408	0.00204	0.00514
6	0.01122	0.01076	0.01838	0.07037	0.76894	0.01087	0.01402	0.01397	0.01039	0.01483	0.00861	0.01141	0.00721	0.00412	0.00455	0.00137	0.00549	0.00409	0.00226	0.00716
7	0.03853	0.28120	0.36985	0.01122	0.04414	0.03033	0.03044	0.03060	0.02524	0.02403	0.00811	0.00946	0.00638	0.00513	0.02797	0.00144	0.00597	0.00321	0.00221	0.04454
8	0.04643	0.01236	0.01331	0.01024	0.01387	0.01356	0.00846	0.71235	0.02051	0.08556	0.01138	0.01124	0.00797	0.00548	0.00454	0.00138	0.00492	0.00411	0.00461	0.00771
9	0.00610	0.00455	0.00576	0.00657	0.00720	0.00436	0.00465	0.00781	0.05765	0.01244	0.02717	0.62369	0.11580	0.01342	0.00578	0.00183	0.00283	0.08408	0.00428	0.00401
10	0.00942	0.00909	0.01552	0.55035	0.04352	0.01051	0.14309	0.01392	0.11576	0.01342	0.02441	0.01330	0.00803	0.00477	0.00475	0.00153	0.00597	0.00453	0.00250	0.00561
11	0.01060	0.01044	0.03470	0.13452	0.55045	0.01048	0.07379	0.01321	0.00992	0.01397	0.00872	0.01221	0.00737	0.03234	0.00598	0.03256	0.02577	0.00426	0.00224	0.00649
12	0.00565	0.00405	0.00538	0.00639	0.00672	0.00378	0.00432	0.00652	0.00895	0.01191	0.04092	0.78445	0.04678	0.01419	0.00585	0.00186	0.00268	0.03156	0.00428	0.00376
13	0.01110	0.00913	0.00983	0.00891	0.01131	0.01037	0.00689	0.02230	0.67871	0.04719	0.06529	0.06815	0.01664	0.00689	0.00479	0.00156	0.00350	0.00583	0.00471	0.00690
14	0.01179	0.29227	0.20866	0.05919	0.09439	0.06320	0.10518	0.02666	0.03817	0.04743	0.00854	0.00999	0.00670	0.00431	0.00406	0.00129	0.00594	0.00353	0.00235	0.00635
15	0.01049	0.02371	0.07540	0.03334	0.28148	0.09069	0.05653	0.01332	0.05060	0.05046	0.01697	0.12204	0.11527	0.00694	0.00487	0.00149	0.00502	0.03234	0.00311	0.00593
16	0.00831	0.00746	0.01059	0.00958	0.00994	0.00983	0.00772	0.00954	0.00716	0.01075	0.00928	0.01474	0.00906	0.06881	0.36981	0.00452	0.42159	0.00457	0.00225	0.00448
17	0.00837	0.00430	0.00430	0.00430	0.00540	0.00426	0.00323	0.01046	0.00968	0.01684	0.01682	0.01870	0.05843	0.00572	0.00334	0.00110	0.00215	0.00460	0.81376	0.00426
18	0.06119	0.32197	0.32755	0.02814	0.02858	0.09190	0.01147	0.01436	0.00976	0.02394	0.00781	0.02651	0.00644	0.00453	0.00395	0.00127	0.01918	0.00321	0.00215	0.00610
19	0.06819	0.25377	0.11626	0.03853	0.15774	0.15527	0.07838	0.01520	0.02312	0.04201	0.00806	0.00957	0.00650	0.00429	0.00396	0.00126	0.00597	0.00338	0.00235	0.00618
20	0.00597	0.00467	0.00561	0.00597	0.02105	0.00417	0.00430	0.00741	0.01079	0.01400	0.24572	0.21182	0.37445	0.01154	0.00555	0.00162	0.00252	0.05433	0.00444	0.00405
21	0.00860	0.00772	0.01230	0.20867	0.28334	0.00800	0.02352	0.01103	0.01073	0.01467	0.20949	0.04239	0.11699	0.00673	0.00491	0.00146	0.00434	0.00608	0.01358	0.00546
22	0.01136	0.03440	0.15067	0.01726	0.08516	0.08455	0.44744	0.02675	0.06799	0.01482	0.00950	0.01170	0.00721	0.00424	0.00494	0.00147	0.00705	0.00466	0.00245	0.00639
23	0.01195	0.13329	0.24224	0.03629	0.19607	0.10024	0.11202	0.02761	0.03083	0.05421	0.00888	0.01050	0.00684	0.00435	0.00434	0.00135	0.00624	0.00376	0.00241	0.00657
24	0.01027	0.00975	0.01655	0.28995	0.52489	0.01041	0.01329	0.01303	0.00997	0.01380	0.00909	0.04189	0.00774	0.00463	0.00461	0.00144	0.00557	0.00442	0.00227	0.00643
25	0.00577	0.00418	0.00552	0.02499	0.00720	0.00394	0.00443	0.00659	0.00885	0.01166	0.02584	0.70266	0.08799	0.03044	0.00647	0.02391	0.00282	0.02888	0.00412	0.00372
26	0.01353	0.35041	0.07038	0.00931	0.01274	0.15600	0.01891	0.03091	0.13335	0.10663	0.01092	0.04921	0.00899	0.00518	0.00391	0.00125	0.00525	0.00385	0.00305	0.00623
27	0.02819	0.13463	0.21219	0.01002	0.01423	0.08317	0.03565	0.04102	0.05550	0.29277	0.01329	0.01299	0.03585	0.00516	0.00430	0.00136	0.00524	0.00403	0.00362	0.00679
28	0.00645	0.00478	0.00699	0.00712	0.00782	0.00542	0.00538	0.00789	0.00750	0.01067	0.01395	0.11421	0.01401	0.08231	0.67561	0.00655	0.01068	0.00598	0.00269	0.00397
29	0.00990	0.00987	0.03647	0.42112	0.34614	0.01073	0.03105	0.01279	0.00964	0.01316	0.00827	0.01171	0.00659	0.00455	0.00513	0.00149	0.04912	0.00409	0.00214	0.00605
30	0.02609	0.04943	0.09611	0.05299	0.15465	0.14827	0.06700	0.01579	0.02081	0.18991	0.04354	0.08216	0.01113	0.00606	0.01453	0.00148	0.00558	0.00489	0.00330	0.00627
31	0.00954	0.01444	0.30591	0.01448	0.13468	0.00978	0.13022	0.05330	0.02882	0.01487	0.02652	0.11835	0.06354	0.00638	0.00539	0.00154	0.04771	0.00564	0.00275	0.00612
32	0.00575	0.00407	0.00533	0.00627	0.00652	0.00384	0.00415	0.00648	0.00858	0.01143	0.02402	0.72680	0.02869	0.11055	0.00791	0.00217	0.00290	0.02680	0.00409	0.00363
33	0.01082	0.01947	0.45395	0.05363	0.13892	0.12435	0.09107	0.01506	0.02418	0.01411	0.00842	0.01026	0.00632	0.00437	0.00448	0.00142	0.00680	0.00370	0.00214	0.00653
34	0.02615	0.03383	0.17673	0.01112	0.03651	0.04150	0.05703	0.22283	0.02794	0.20275	0.03107	0.02865	0.02323	0.00577	0.00490	0.00145	0.02620	0.03160	0.00385	0.00688
35	0.01017	0.01415	0.19325	0.03501	0.06857	0.01088	0.51911	0.01409	0.01041	0.01445	0.00993	0.05965	0.00808	0.00462	0.00515	0.00154	0.00707	0.00532	0.00234	0.00622
36	0.01100	0.01194	0.02453	0.02202	0.26201	0.01140	0.55738	0.01452	0.01072	0.01479	0.00909	0.01207	0.00706	0.00394	0.00515	0.00149	0.00705	0.00502	0.00231	0.00652
37	0.10418	0.00816	0.02810	0.07531	0.24622	0.00769	0.00830	0.01121	0.00983	0.02829	0.02875	0.10201	0.16474	0.00687	0.00455	0.00139	0.00403	0.02547	0.00311	0.13180
38	0.01220	0.21638	0.08107	0.00941	0.04091	0.08350	0.03325	0.05782	0.02698	0.09919	0.03947	0.01353	0.07194	0.00504	0.00399	0.00115	0.00473	0.00394	0.00307	0.19244
39	0.00668	0.00445	0.00501	0.00501	0.00501	0.00445	0.00278	0.00668	0.00668	0.00890	0.01447	0.03004	0.01669	0.83866	0.02337	0.00445	0.00445	0.00668	0.00278	0.00278
40	0.00599	0.00429	0.00569	0.00632	0.00668	0.00429	0.00429	0.00683	0.00815	0.01100	0.02105	0.49999	0.04079	0.16626	0.18249	0.00350	0.00503	0.01010	0.00361	0.00364
41	0.01085	0.04710	0.27827	0.09829	0.26457	0.01010	0.03560	0.01438	0.02000	0.09161	0.03865	0.01362	0.04690	0.00494	0.00453	0.00142	0.00557	0.00431	0.00268	0.00660
42	0.01028	0.15520	0.43775	0.08817	0.09043	0.03899	0.08911	0.01426	0.00987	0.01361	0.00802	0.00990	0.00610	0.00425	0.00426	0.00137	0.00644	0.00354	0.00203	0.00642
43	0.01235	0.01058	0.01778	0.02605	0.72494	0.01046	0.01331	0.01497	0.01074	0.10007	0.00965	0.01182	0.00771	0.00426	0.00455	0.00137	0.00529	0.00415	0.00264	0.00733
44	0.01052	0.00563	0.00707	0.00642	0.00826	0.00499	0.00490	0.02552	0.01156	0.25954	0.16826	0.20880	0.24032	0.00991	0.00526	0.00156	0.00291	0.00853	0.00485	0.00520
45	0.01111	0.06674	0.39376	0.10163	0.19350	0.02417	0.02607	0.04274	0.01054	0.07417	0.00904	0.01070	0.00668	0.00444	0.00438	0.00141	0.00607	0.00370	0.00241	0.00674
46	0.01327	0.01140	0.01415	0.01742	0.35337	0.11174	0.01018	0.05644	0.18214	0.11589	0.01249	0.03215	0.00993	0.03280	0.00519	0.00150	0.00510	0.00454	0.00341	0.00689
47	0.00587	0.00419	0.00562	0.00666	0.00703	0.00397	0.00468	0.00684	0.00900	0.01195	0.02493	0.70670	0.02951	0.03183	0.00630	0.00196	0.00292	0.12204	0.00423	0.00378
48	0.01214	0.03368	0.32998	0.01464	0.12574	0.03988	0.13325	0.02863	0.03932	0.15149	0.01184	0.01276	0.03584	0.00482	0.00461	0.00144	0.00597	0.00427	0.00292	0.00679
49	0.00731	0.00478	0.00587	0.02598	0.00641	0.00493	0.00367	0.03504	0.00724	0.00970	0.01314	0.04283	0.01454	0.57442	0.07113	0.15635	0.00489	0.00607	0.00270	0.00298
50	0.00609	0.00488	0.00512	0.00503	0.00659	0.00422	0.00378	0.00771	0.03688	0.03341	0.09537	0.06896	0.68344	0.01124	0.00539	0.00155	0.00241	0.00943	0.00437	0.00411
51	0.00836	0.00767	0.01271	0.56967	0.09737	0.00899	0.02390	0.01099	0.00936	0.01217	0.01254	0.13008	0.03909	0.00643	0.00487	0.00158	0.00540	0.03125	0.00253	0.00505
52	0.01320	0.02528	0.19229	0.02860	0.21557	0.13249	0.11470	0.14653	0.01271	0.06115	0.00930	0.01082	0.00700	0.00455	0.00455	0.00138	0.00632	0.00396	0.00279	0.00680
53	0.00967	0.04268	0.68817	0.01395	0.04883	0.03009	0.07446	0.01461	0.00988	0.01440	0.00826	0.00986	0.00596	0.00431	0.00441	0.00144	0.00680	0.00354	0.00199	0.00670
54	0.00999	0.01830	0.43693	0.01609	0.02185	0.01112	0.38943	0.01462	0.01024	0.01462	0.00874	0.01098	0.00637	0.00413	0.00487	0.00150	0.00724	0.00436	0.00212	0.00650
55	0.00840	0.00864	0.06118	0.03177	0.14548	0.03690	0.05726	0.04684	0.04390	0.01404	0.02635	0.15065	0.31424	0.00891	0.00516	0.00155	0.00407	0.02592	0.00356	0.00517
56	0.01299	0.16323	0.32273	0.01311	0.11552	0.01159	0.04079	0.07944	0.01141	0.17151	0.01016	0.01086	0.00730	0.00458	0.00424	0.00135	0.00561	0.00369	0.00295	0.00695
57	0.00752	0.00432	0.00495	0.00517	0.00594	0.00437	0.00370	0.00911	0.00889	0.01440	0.01671	0.18611	0.01602	0.09200	0.10810	0.00235	0.00374	0.00639	0.49622	0.00400
58	0.52384	0.08876	0.05658	0.02549	0.13131	0.03134	0.05635	0.01383	0.00880	0.01775	0.00706	0.00857	0.00562	0.00420	0.00341	0.00138	0.00457	0.00300	0.00257	0.00559
59	0.00686	0.00523	0.00712	0.00804	0.07368	0.00504	0.00534	0.00844	0.01080	0.02800	0.32553	0.30007	0.12655	0.01086	0.00586	0.00163	0.03308	0.02912	0.00434	0.00440
60	0.01034	0.03017	0.33064	0.01165	0.07325	0.00927	0.04225	0.04277	0.05104	0.04186	0.00971	0.01089	0.01727	0.00426	0.00411	0.00118	0.00517	0.00352	0.00263	0.29801
61	0.00833	0.00718	0.02745	0.00680	0.00968	0.00566	0.02845	0.02372	0.01083	0.02750	0.21798	0.04812	0.13956	0.00664	0.00442	0.00111	0.00314	0.00569	0.00365	0.41409
62	0.01277	0.04102	0.01162	0.00955	0.01243	0.01228	0.00761	0.19197	0.60255	0.02102	0.01656	0.01544	0.01236	0.00599	0.00459	0.00150	0.00399	0.00486	0.00455	0.00733
63	0.00645	0.00536	0.03556	0.00590	0.00719	0.00450	0.00464	0.00849	0.01222	0.01701	0.63592	0.05809	0.13184	0.03937	0.00603	0.00158	0.00245	0.00837	0.00474	0.00429
64	0.01261	0.01020	0.01129	0.00991	0.02666	0.01145	0.02197	0.19833	0.51984	0.03789	0.01780	0.01780	0.04189	0.00641	0.00475	0.00153	0.00404	0.03391	0.00456	0.00714
65	0.01070	0.10040	0.46690	0.02744	0.05423	0.04112	0.10561	0.05201	0.02473	0.03193	0.02605	0.01070	0.00722	0.00448	0.00438	0.00139	0.00635	0.00376	0.00235	0.01824
66	0.01053	0.10654	0.52675	0.01459	0.11214	0.01135	0.08206	0.01484	0.01003	0.05688	0.00871	0.01019	0.00639	0.00431	0.00434	0.00140	0.00636	0.00362	0.00221	0.00675
67	0.01087	0.29545	0.32731	0.01238	0.02872	0.01333	0.14969	0.02895	0.01000	0.02603	0.00834	0.01056	0.00670	0.00448	0.00445	0.00134	0.03049	0.02240	0.00219	0.00631
68	0.00556	0.00460	0.00473	0.00478	0.00622	0.00389	0.00355	0.00677	0.01043	0.01270	0.06948	0.08927	0.71395	0.01153	0.00539	0.00155	0.00233	0.00968	0.02969	0.00389
69	0.01230	0.15689	0.34298	0.01418	0.14322	0.06369	0.05680	0.01571	0.01052	0.12800	0.00939	0.01047	0.00693	0.00443	0.00423	0.00134	0.00599	0.00361	0.00258	0.00673
70	0.03249	0.16828	0.11379	0.05750	0.10206	0.09953	0.05108	0.04262	0.04920	0.19880	0.01076	0.01141	0.00789	0.00478	0.00435	0.00133	0.01770	0.00379	0.01605	0.00658
71	0.01230	0.00675	0.00834	0.00711	0.00929	0.01537	0.00560	0.03897	0.08478	0.29453	0.31062	0.02514	0.09344	0.02024	0.01870	0.00159	0.01320	0.00646	0.02170	0.00587
72	0.00988	0.01150	0.13413	0.24902	0.35403	0.01009	0.06064	0.01281	0.00969	0.01348	0.00896	0.03705	0.00747	0.00527	0.00541	0.05213	0.00581	0.00434	0.00221	0.00610
73	0.01118	0.01260	0.11373	0.04708	0.45310	0.04079	0.15187	0.01426	0.01058	0.04316	0.01088	0.01306	0.04739	0.00456	0.00471	0.00142	0.00593	0.00450	0.00246	0.00673
74	0.01082	0.01237	0.08784	0.05753	0.30293	0.02305	0.33101	0.02838	0.03905	0.01491	0.00985	0.04288	0.00807	0.00455	0.00494	0.00148	0.00639	0.00493	0.00246	0.00654
75	0.00977	0.00535	0.00745	0.00767	0.03198	0.00506	0.00549	0.01107	0.00986	0.21468	0.03796	0.44220	0.02218	0.01478	0.12978	0.00258	0.00456	0.02833	0.00430	0.00495
76	0.01107	0.05532	0.43804	0.02553	0.16350	0.01039	0.04407	0.02459	0.02310	0.10397	0.01040	0.03608	0.00805	0.00493	0.00449	0.00144	0.00591	0.01970	0.00263	0.00678

[dist]
# distance from previous block
# <min> <max>
0	61

# created by:
# /st0/software/busco_prod/Augustus/scripts/msa2prfl.pl ./align_prep/129862.fa
