[name]
unknown

[dist]
# distance from previous block
# <min> <max>
0	23

[block]
# block no. 0 follows, 63 sequences, length 13
# corresponding to MSA columns:
# 27-39
name=unknown_A
#
# <colnr> <probs for GDERKNQSTAVLIFYWHMCP>
#	G	D	E	R	K	N	Q	S	T	A	V	L	I	F	Y	W	H	M	C	P
0	0.00609	0.00446	0.00582	0.00591	0.00695	0.00418	0.00473	0.00796	0.01098	0.01498	0.49847	0.03719	0.11974	0.00972	0.00521	0.00152	0.00257	0.24530	0.00432	0.00389
1	0.01023	0.00981	0.01674	0.08495	0.76829	0.00994	0.01281	0.01274	0.00949	0.01352	0.00788	0.01046	0.00658	0.00378	0.00416	0.00126	0.00504	0.00374	0.00207	0.00651
2	0.01570	0.02004	0.01191	0.01083	0.01300	0.83539	0.00812	0.01679	0.01191	0.01029	0.00650	0.00758	0.00541	0.00433	0.00379	0.00108	0.00758	0.00271	0.00217	0.00487
3	0.00545	0.00428	0.00493	0.00477	0.00598	0.00375	0.00358	0.00697	0.01073	0.01407	0.42798	0.03599	0.43725	0.00963	0.00496	0.00137	0.00206	0.00825	0.00426	0.00375
4	0.00895	0.00749	0.01157	0.01460	0.32465	0.00748	0.05155	0.01213	0.11954	0.06025	0.03344	0.27300	0.04261	0.00735	0.00464	0.00143	0.00384	0.00678	0.00324	0.00546
5	0.01028	0.00987	0.01685	0.06538	0.78740	0.00996	0.01284	0.01280	0.00952	0.01359	0.00789	0.01044	0.00661	0.00377	0.00416	0.00126	0.00502	0.00375	0.00207	0.00656
6	0.00512	0.00366	0.00488	0.00585	0.00610	0.00341	0.00390	0.00585	0.00805	0.01073	0.02317	0.84952	0.02780	0.01317	0.00537	0.00171	0.00244	0.01195	0.00390	0.00341
7	0.21968	0.01128	0.01094	0.00869	0.01179	0.06669	0.00712	0.53871	0.01596	0.05640	0.00912	0.00933	0.00656	0.00474	0.00380	0.00126	0.00446	0.00338	0.00373	0.00639
8	0.00888	0.01947	0.68664	0.01218	0.01786	0.00949	0.09616	0.01335	0.00908	0.04564	0.00855	0.03863	0.00642	0.00432	0.00415	0.00135	0.00607	0.00365	0.00202	0.00610
9	0.00988	0.01046	0.02054	0.09087	0.02012	0.02774	0.57091	0.02981	0.04191	0.02926	0.00960	0.05948	0.00783	0.00451	0.00527	0.00144	0.04742	0.00509	0.00238	0.00548
10	0.00909	0.21773	0.64028	0.01086	0.01645	0.01138	0.01357	0.01314	0.00880	0.01251	0.00714	0.00837	0.00534	0.00390	0.00369	0.00123	0.00581	0.00290	0.00178	0.00602
11	0.00511	0.00369	0.00485	0.00577	0.00608	0.00342	0.00387	0.00586	0.00813	0.01076	0.02419	0.80698	0.06969	0.01304	0.00534	0.00169	0.00242	0.01179	0.00390	0.00342
12	0.06904	0.00879	0.02895	0.07252	0.19131	0.02021	0.15510	0.04298	0.07773	0.04140	0.04740	0.09372	0.04410	0.02095	0.03266	0.00162	0.03812	0.00517	0.00284	0.00539

[dist]
# distance from previous block
# <min> <max>
2	5

[block]
# block no. 1 follows, 63 sequences, length 27
# corresponding to MSA columns:
# 45-71
name=unknown_B
#
# <colnr> <probs for GDERKNQSTAVLIFYWHMCP>
#	G	D	E	R	K	N	Q	S	T	A	V	L	I	F	Y	W	H	M	C	P
0	0.04473	0.02879	0.01145	0.01058	0.09637	0.03376	0.00767	0.27491	0.39442	0.01972	0.02533	0.01283	0.01010	0.00518	0.00414	0.00133	0.00404	0.00418	0.00386	0.00662
1	0.01598	0.01177	0.01262	0.00967	0.01304	0.01304	0.00799	0.81202	0.01976	0.02649	0.01009	0.01009	0.00715	0.00505	0.00421	0.00126	0.00463	0.00378	0.00421	0.00715
2	0.00730	0.00365	0.00548	0.00548	0.00548	0.00365	0.00365	0.00548	0.00548	0.00730	0.00730	0.01278	0.00730	0.01460	0.01643	0.87769	0.00365	0.00365	0.00183	0.00183
3	0.00920	0.00920	0.01288	0.01104	0.01104	0.01288	0.00920	0.01012	0.00644	0.01012	0.00552	0.00920	0.00552	0.00736	0.01380	0.00184	0.84457	0.00368	0.00184	0.00460
4	0.01137	0.83097	0.02174	0.00730	0.01085	0.04000	0.00722	0.01271	0.00864	0.00990	0.00586	0.00677	0.00540	0.00362	0.00273	0.00090	0.00458	0.00226	0.00181	0.00538
5	0.00945	0.04519	0.09626	0.01566	0.03348	0.01006	0.59124	0.01281	0.00973	0.01320	0.01002	0.01543	0.00848	0.00460	0.00487	0.00145	0.00646	0.10380	0.00230	0.00550
6	0.00601	0.00450	0.00676	0.00676	0.00751	0.00525	0.00525	0.00751	0.00676	0.00976	0.01126	0.01651	0.01051	0.03153	0.83560	0.00676	0.01126	0.00450	0.00225	0.00375
7	0.02934	0.00940	0.01585	0.20341	0.63391	0.00983	0.01245	0.01242	0.00926	0.01320	0.00777	0.01050	0.00638	0.00385	0.00414	0.00128	0.00509	0.00371	0.00205	0.00618
8	0.06774	0.66337	0.05211	0.00769	0.01113	0.06480	0.00750	0.03907	0.00897	0.01118	0.00608	0.00707	0.00540	0.00384	0.00319	0.00099	0.03012	0.00241	0.00195	0.00538
9	0.01598	0.01177	0.01262	0.00967	0.01304	0.01304	0.00799	0.81202	0.01976	0.02649	0.01009	0.01009	0.00715	0.00505	0.00421	0.00126	0.00463	0.00378	0.00421	0.00715
10	0.01876	0.00731	0.00985	0.00756	0.01081	0.00642	0.00624	0.04795	0.01230	0.80111	0.01636	0.01416	0.01029	0.00520	0.00423	0.00130	0.00361	0.00421	0.00517	0.00715
11	0.00730	0.00365	0.00548	0.00548	0.00548	0.00365	0.00365	0.00548	0.00548	0.00730	0.00730	0.01278	0.00730	0.01460	0.01643	0.87769	0.00365	0.00365	0.00183	0.00183
12	0.00510	0.00425	0.00446	0.00444	0.00577	0.00360	0.00332	0.00628	0.00985	0.01207	0.14588	0.06253	0.69710	0.01045	0.00498	0.00141	0.00212	0.00879	0.00400	0.00360
13	0.00611	0.00409	0.00466	0.00466	0.00468	0.00412	0.00264	0.00616	0.00613	0.00821	0.01318	0.02714	0.01512	0.82460	0.04884	0.00417	0.00432	0.00606	0.00254	0.00259
14	0.00553	0.00428	0.00504	0.00485	0.00602	0.00379	0.00364	0.00712	0.01091	0.01451	0.49011	0.03527	0.37484	0.00947	0.00496	0.00136	0.00205	0.00814	0.00432	0.00379
15	0.81771	0.00844	0.00682	0.00604	0.00872	0.00950	0.00491	0.01327	0.00784	0.07335	0.00712	0.00809	0.00547	0.00435	0.00295	0.00140	0.00346	0.00259	0.00296	0.00501
16	0.87527	0.00851	0.00658	0.00591	0.00854	0.00972	0.00480	0.01273	0.00752	0.01932	0.00641	0.00759	0.00508	0.00426	0.00285	0.00140	0.00344	0.00246	0.00278	0.00484
17	0.00587	0.00417	0.00530	0.00611	0.00642	0.00389	0.00406	0.00641	0.00824	0.01101	0.02270	0.69990	0.04176	0.11733	0.00758	0.00210	0.00288	0.03676	0.00390	0.00362
18	0.00947	0.00798	0.00921	0.00670	0.01045	0.00614	0.00531	0.03388	0.00938	0.01456	0.00809	0.00950	0.00676	0.00353	0.00338	0.00075	0.00335	0.00271	0.00272	0.84612
19	0.00707	0.00524	0.00729	0.00713	0.00800	0.00588	0.00545	0.04747	0.00772	0.01101	0.01185	0.01762	0.01114	0.08535	0.73342	0.00636	0.01058	0.00475	0.00255	0.00413
20	0.01174	0.68138	0.05860	0.00809	0.01164	0.05136	0.00779	0.01423	0.09653	0.01143	0.00773	0.00861	0.00671	0.00424	0.00322	0.00109	0.00476	0.00277	0.00227	0.00582
21	0.00576	0.00407	0.00530	0.00622	0.00651	0.00376	0.00414	0.00627	0.00833	0.01116	0.02313	0.81968	0.02756	0.01349	0.00590	0.02654	0.00267	0.01182	0.00402	0.00366
22	0.01123	0.00942	0.00994	0.00871	0.01123	0.01082	0.00684	0.13344	0.70608	0.01884	0.01612	0.01490	0.01203	0.00561	0.00427	0.00140	0.00351	0.00462	0.00427	0.00672
23	0.00843	0.02174	0.83048	0.01198	0.01819	0.00976	0.01553	0.01331	0.00888	0.01331	0.00754	0.00888	0.00533	0.00399	0.00399	0.00133	0.00621	0.00311	0.00178	0.00621
24	0.88196	0.00813	0.00618	0.00553	0.00813	0.00943	0.00455	0.01236	0.00715	0.01886	0.00585	0.00683	0.00455	0.00390	0.00260	0.00130	0.00325	0.00228	0.00260	0.00455
25	0.01105	0.82978	0.02151	0.00711	0.01064	0.01625	0.00708	0.01239	0.00857	0.00993	0.00692	0.00773	0.02948	0.00380	0.00276	0.00091	0.00443	0.00244	0.00186	0.00534
26	0.00560	0.00429	0.00515	0.00513	0.00617	0.00389	0.00377	0.00731	0.02963	0.01405	0.41575	0.17565	0.28830	0.00998	0.00502	0.00142	0.00214	0.00869	0.00426	0.00380

[dist]
# distance from previous block
# <min> <max>
0	1

[block]
# block no. 2 follows, 63 sequences, length 50
# corresponding to MSA columns:
# 73-122
name=unknown_C
#
# <colnr> <probs for GDERKNQSTAVLIFYWHMCP>
#	G	D	E	R	K	N	Q	S	T	A	V	L	I	F	Y	W	H	M	C	P
0	0.00509	0.00419	0.00448	0.00457	0.00579	0.00358	0.00336	0.00621	0.00964	0.01186	0.12307	0.13988	0.64224	0.01074	0.00502	0.00144	0.00215	0.00912	0.00398	0.00358
1	0.01013	0.00534	0.00586	0.00531	0.00691	0.00542	0.00412	0.01374	0.14926	0.15146	0.01478	0.01545	0.01107	0.00509	0.00338	0.00111	0.00246	0.00411	0.58006	0.00493
2	0.00557	0.00429	0.00505	0.00490	0.00603	0.00382	0.00366	0.00710	0.01066	0.01413	0.44792	0.03542	0.36316	0.04233	0.00562	0.00149	0.00217	0.02873	0.00423	0.00374
3	0.00607	0.00406	0.00460	0.00463	0.00464	0.00405	0.00260	0.00610	0.00619	0.00825	0.01363	0.05947	0.01577	0.81964	0.02077	0.00398	0.00401	0.00634	0.00260	0.00258
4	0.01598	0.01177	0.01262	0.00967	0.01304	0.01304	0.00799	0.81202	0.01976	0.02649	0.01009	0.01009	0.00715	0.00505	0.00421	0.00126	0.00463	0.00378	0.00421	0.00715
5	0.00977	0.01127	0.03864	0.01723	0.02139	0.01039	0.76517	0.01328	0.00989	0.01343	0.00902	0.01270	0.00705	0.00387	0.00498	0.00144	0.00695	0.03575	0.00219	0.00561
6	0.00601	0.00448	0.00666	0.00666	0.00738	0.00520	0.00513	0.00744	0.00673	0.00969	0.01135	0.01700	0.01072	0.06811	0.79931	0.00664	0.01094	0.00458	0.00227	0.00370
7	0.88196	0.00813	0.00618	0.00553	0.00813	0.00943	0.00455	0.01236	0.00715	0.01886	0.00585	0.00683	0.00455	0.00390	0.00260	0.00130	0.00325	0.00228	0.00260	0.00455
8	0.00843	0.02174	0.83048	0.01198	0.01819	0.00976	0.01553	0.01331	0.00888	0.01331	0.00754	0.00888	0.00533	0.00399	0.00399	0.00133	0.00621	0.00311	0.00178	0.00621
9	0.00548	0.00442	0.00494	0.00471	0.00609	0.00379	0.00354	0.00690	0.01034	0.01336	0.31056	0.03585	0.51523	0.00959	0.00488	0.00135	0.00212	0.00814	0.00409	0.04463
10	0.00595	0.00430	0.00562	0.00529	0.00628	0.00397	0.00397	0.00793	0.01190	0.01686	0.82382	0.03140	0.03966	0.00859	0.00496	0.00132	0.00198	0.00760	0.00463	0.00397
11	0.01544	0.03698	0.01215	0.01076	0.01290	0.79698	0.00813	0.01653	0.01170	0.01028	0.00646	0.00761	0.00542	0.00440	0.00403	0.00110	0.02940	0.00272	0.00215	0.00488
12	0.00509	0.00423	0.00446	0.00458	0.00586	0.00360	0.00343	0.00619	0.00952	0.01151	0.06176	0.11027	0.69928	0.01085	0.00504	0.00146	0.00223	0.04316	0.00392	0.00356
13	0.01554	0.01976	0.01194	0.01084	0.01295	0.81427	0.00815	0.01661	0.01177	0.01028	0.00647	0.00762	0.00542	0.00441	0.00405	0.00110	0.02907	0.00273	0.00216	0.00487
14	0.00523	0.00373	0.00500	0.00597	0.00626	0.00350	0.00408	0.00603	0.00815	0.01085	0.02311	0.79934	0.02758	0.01307	0.00539	0.00172	0.00253	0.06111	0.00390	0.00344
15	0.00563	0.00428	0.00517	0.00495	0.00608	0.00383	0.00371	0.00731	0.01114	0.01504	0.56634	0.03439	0.29827	0.00927	0.00496	0.00135	0.00203	0.00802	0.00439	0.00383
16	0.00794	0.00747	0.01261	0.84216	0.02895	0.00934	0.01167	0.01074	0.00841	0.01074	0.00747	0.01121	0.00560	0.00420	0.00420	0.00140	0.00560	0.00374	0.00187	0.00467
17	0.01160	0.80428	0.02137	0.00730	0.01086	0.03074	0.00719	0.02522	0.00887	0.03215	0.00621	0.00701	0.00556	0.00367	0.00278	0.00092	0.00453	0.00233	0.00193	0.00546
18	0.01057	0.00997	0.01666	0.05962	0.75231	0.01011	0.01261	0.05206	0.01002	0.01423	0.00800	0.01042	0.00664	0.00383	0.00417	0.00126	0.00500	0.00375	0.00218	0.00660
19	0.13256	0.32768	0.03184	0.00911	0.09349	0.03258	0.00719	0.04231	0.02411	0.19509	0.03000	0.02769	0.02086	0.00456	0.00346	0.00115	0.00413	0.00341	0.00298	0.00578
20	0.01090	0.00943	0.00975	0.00867	0.01110	0.02793	0.00677	0.07047	0.75272	0.01798	0.01646	0.01517	0.01233	0.00563	0.00426	0.00141	0.00350	0.00465	0.00423	0.00665
21	0.88196	0.00813	0.00618	0.00553	0.00813	0.00943	0.00455	0.01236	0.00715	0.01886	0.00585	0.00683	0.00455	0.00390	0.00260	0.00130	0.00325	0.00228	0.00260	0.00455
22	0.01042	0.01008	0.01685	0.04980	0.78887	0.02367	0.01279	0.01290	0.00958	0.01359	0.00787	0.01038	0.00661	0.00377	0.00416	0.00125	0.00506	0.00373	0.00208	0.00657
23	0.01342	0.01121	0.01589	0.01182	0.01532	0.01175	0.24551	0.49312	0.01561	0.02113	0.00938	0.01061	0.00694	0.01686	0.00490	0.00133	0.03008	0.00409	0.00339	0.05766
24	0.01002	0.00959	0.01637	0.15337	0.70148	0.00989	0.01271	0.01256	0.00939	0.01327	0.00784	0.01053	0.00649	0.00382	0.00417	0.00127	0.00509	0.00374	0.00205	0.00635
25	0.88196	0.00813	0.00618	0.00553	0.00813	0.00943	0.00455	0.01236	0.00715	0.01886	0.00585	0.00683	0.00455	0.00390	0.00260	0.00130	0.00325	0.00228	0.00260	0.00455
26	0.00608	0.00419	0.00518	0.00518	0.00539	0.00440	0.00329	0.00650	0.00629	0.00859	0.01270	0.02450	0.01398	0.62737	0.24450	0.00481	0.00604	0.00567	0.00247	0.00288
27	0.32023	0.00624	0.00586	0.00521	0.00715	0.00668	0.00416	0.06220	0.00924	0.09953	0.01098	0.01204	0.00830	0.00458	0.00303	0.00114	0.00275	0.00336	0.42267	0.00467
28	0.00611	0.00408	0.00458	0.00458	0.00458	0.00408	0.00255	0.00611	0.00611	0.00815	0.01325	0.02751	0.01528	0.85226	0.02140	0.00408	0.00408	0.00611	0.00255	0.00255
29	0.00508	0.00392	0.00464	0.00518	0.00593	0.00348	0.00361	0.00597	0.00876	0.01112	0.04781	0.49921	0.35619	0.01204	0.00519	0.00158	0.00230	0.01059	0.00392	0.00348
30	0.00784	0.00392	0.00392	0.00392	0.00490	0.00392	0.00294	0.00980	0.00882	0.01567	0.01371	0.01567	0.01077	0.00490	0.00294	0.00098	0.00196	0.00392	0.87560	0.00392
31	0.00602	0.00444	0.00643	0.00643	0.00707	0.00508	0.00485	0.00730	0.00666	0.00952	0.01156	0.01818	0.01123	0.15548	0.71263	0.00635	0.01017	0.00475	0.00230	0.00357
32	0.00849	0.03818	0.81453	0.01189	0.01805	0.00990	0.01537	0.01330	0.00887	0.01325	0.00751	0.00883	0.00533	0.00399	0.00397	0.00132	0.00618	0.00309	0.00178	0.00620
33	0.01135	0.83326	0.02177	0.00729	0.01085	0.03775	0.00722	0.01270	0.00863	0.00990	0.00586	0.00676	0.00540	0.00362	0.00273	0.00090	0.00458	0.00226	0.00181	0.00538
34	0.00992	0.01134	0.02481	0.01772	0.02197	0.01063	0.81077	0.01347	0.00992	0.01347	0.00850	0.01134	0.00638	0.00354	0.00496	0.00142	0.00709	0.00496	0.00213	0.00567
35	0.00808	0.00762	0.01282	0.78913	0.06593	0.00943	0.01169	0.01083	0.00843	0.01087	0.00746	0.01113	0.00565	0.00424	0.00437	0.00140	0.02055	0.00374	0.00188	0.00476
36	0.01598	0.01177	0.01262	0.00967	0.01304	0.01304	0.00799	0.81202	0.01976	0.02649	0.01009	0.01009	0.00715	0.00505	0.00421	0.00126	0.00463	0.00378	0.00421	0.00715
37	0.01058	0.00909	0.00957	0.00858	0.01098	0.01051	0.00668	0.03966	0.80092	0.01778	0.01696	0.01556	0.01271	0.00569	0.00428	0.00142	0.00336	0.00473	0.00428	0.00666
38	0.00624	0.04796	0.00613	0.00519	0.00659	0.03827	0.00398	0.00792	0.02767	0.01362	0.35839	0.03319	0.41154	0.00909	0.00479	0.00134	0.00244	0.00768	0.00403	0.00393
39	0.00512	0.00366	0.00488	0.00585	0.00610	0.00341	0.00390	0.00585	0.00805	0.01073	0.02317	0.84952	0.02780	0.01317	0.00537	0.00171	0.00244	0.01195	0.00390	0.00341
40	0.01783	0.00755	0.00985	0.00766	0.01082	0.00690	0.00629	0.07318	0.07056	0.70265	0.03052	0.01443	0.01088	0.00529	0.00424	0.00131	0.00360	0.00430	0.00506	0.00706
41	0.00595	0.00430	0.00562	0.00529	0.00628	0.00397	0.00397	0.00793	0.01190	0.01686	0.82382	0.03140	0.03966	0.00859	0.00496	0.00132	0.00198	0.00760	0.00463	0.00397
42	0.01134	0.83628	0.02180	0.00727	0.01084	0.03479	0.00721	0.01268	0.00862	0.00990	0.00586	0.00676	0.00540	0.00361	0.00272	0.00090	0.00456	0.00226	0.00181	0.00538
43	0.01570	0.02004	0.01191	0.01083	0.01300	0.83539	0.00812	0.01679	0.01191	0.01029	0.00650	0.00758	0.00541	0.00433	0.00379	0.00108	0.00758	0.00271	0.00217	0.00487
44	0.00548	0.00382	0.00483	0.00549	0.00567	0.00366	0.00354	0.00601	0.00746	0.00994	0.01995	0.56496	0.02368	0.28361	0.01054	0.00248	0.00300	0.02926	0.00346	0.00315
45	0.01570	0.02004	0.01191	0.01083	0.01300	0.83539	0.00812	0.01679	0.01191	0.01029	0.00650	0.00758	0.00541	0.00433	0.00379	0.00108	0.00758	0.00271	0.00217	0.00487
46	0.79591	0.00840	0.00676	0.00590	0.00857	0.00965	0.00486	0.07622	0.00826	0.03549	0.00640	0.00724	0.00488	0.00402	0.00276	0.00130	0.00337	0.00244	0.00278	0.00481
47	0.00587	0.00491	0.00516	0.00509	0.00657	0.00454	0.00389	0.01970	0.10009	0.01248	0.06108	0.06161	0.63068	0.01008	0.00494	0.00145	0.00240	0.05152	0.00397	0.00397
48	0.01039	0.01002	0.01724	0.02561	0.80733	0.01000	0.03147	0.01291	0.00958	0.01373	0.00792	0.01043	0.00665	0.00374	0.00418	0.00125	0.00504	0.00377	0.00208	0.00664
49	0.00571	0.00428	0.00482	0.00483	0.00605	0.00371	0.00357	0.00692	0.00986	0.04406	0.18316	0.16765	0.51947	0.01046	0.00500	0.00144	0.00221	0.00895	0.00409	0.00374

[dist]
# distance from previous block
# <min> <max>
0	1

[block]
# block no. 3 follows, 63 sequences, length 17
# corresponding to MSA columns:
# 124-140
name=unknown_D
#
# <colnr> <probs for GDERKNQSTAVLIFYWHMCP>
#	G	D	E	R	K	N	Q	S	T	A	V	L	I	F	Y	W	H	M	C	P
0	0.46412	0.02163	0.02186	0.01858	0.00858	0.12711	0.00504	0.02635	0.00858	0.01654	0.00820	0.00948	0.00644	0.00425	0.00294	0.00118	0.00366	0.00284	0.23809	0.00452
1	0.00898	0.00837	0.01209	0.53643	0.08376	0.02887	0.01033	0.01417	0.22714	0.01280	0.01008	0.01227	0.00763	0.00458	0.00421	0.00139	0.00499	0.00399	0.00254	0.00536
2	0.00910	0.00740	0.00844	0.00766	0.00952	0.00836	0.00598	0.09295	0.40770	0.01594	0.08675	0.01807	0.05773	0.01313	0.22868	0.00284	0.00541	0.00506	0.00373	0.00552
3	0.00537	0.00423	0.00517	0.00539	0.00638	0.00404	0.00404	0.00654	0.00858	0.01097	0.04667	0.19060	0.40411	0.01676	0.22920	0.00293	0.00471	0.03725	0.00347	0.00360
4	0.00718	0.00644	0.01052	0.61650	0.02279	0.00774	0.00958	0.00942	0.00831	0.01074	0.01171	0.23740	0.01159	0.00662	0.00452	0.00148	0.00475	0.00595	0.00242	0.00433
5	0.00596	0.00435	0.00593	0.00568	0.00661	0.00431	0.00431	0.00782	0.01051	0.01494	0.60457	0.02738	0.03180	0.01478	0.22909	0.00279	0.00449	0.00677	0.00399	0.00391
6	0.00959	0.62514	0.01740	0.00683	0.00952	0.01307	0.00631	0.01077	0.00841	0.01012	0.01052	0.23414	0.01144	0.00618	0.00342	0.00112	0.00394	0.00487	0.00237	0.00486
7	0.00939	0.00978	0.01609	0.01284	0.01399	0.01227	0.22548	0.01102	0.00738	0.01102	0.00632	0.00978	0.00575	0.00633	0.01141	0.00173	0.61860	0.00402	0.00192	0.00489
8	0.00734	0.00617	0.01060	0.00856	0.01043	0.00580	0.22165	0.00974	0.01080	0.01555	0.44298	0.02445	0.02561	0.00683	0.00470	0.00133	0.00345	0.04604	0.13354	0.00441
9	0.01139	0.01030	0.14039	0.00993	0.06571	0.03429	0.03550	0.19368	0.03421	0.15147	0.01442	0.25253	0.01339	0.00710	0.00452	0.00141	0.00424	0.00613	0.00362	0.00576
10	0.02691	0.28620	0.01702	0.01074	0.02831	0.21709	0.10615	0.01307	0.00897	0.01072	0.00628	0.00825	0.00556	0.00479	0.00626	0.00128	0.23223	0.00311	0.00196	0.00509
11	0.00573	0.00444	0.00608	0.00608	0.00701	0.00479	0.00470	0.00711	0.00752	0.01019	0.01971	0.02297	0.23010	0.02589	0.61148	0.00532	0.00880	0.00568	0.00270	0.00370
12	0.00875	0.00805	0.01337	0.09511	0.53187	0.00816	0.01036	0.01080	0.00905	0.01265	0.01199	0.23689	0.01227	0.00633	0.00449	0.00139	0.00436	0.00596	0.00255	0.00560
13	0.01047	0.00630	0.00834	0.00783	0.05023	0.00558	0.00605	0.01251	0.02656	0.22729	0.11276	0.02534	0.04665	0.00710	0.00454	0.00134	0.00338	0.23129	0.00392	0.20252
14	0.00863	0.00747	0.00880	0.00641	0.00989	0.00591	0.00514	0.01043	0.00863	0.01345	0.00838	0.00965	0.02955	0.00354	0.00370	0.00071	0.04537	0.00273	0.00250	0.80911
15	0.01000	0.00997	0.01320	0.01801	0.48235	0.13272	0.00977	0.01215	0.01055	0.01406	0.22785	0.01564	0.01538	0.00514	0.00432	0.00124	0.00457	0.00463	0.00278	0.00566
16	0.00950	0.24949	0.20231	0.00777	0.01112	0.00948	0.02046	0.01167	0.00938	0.11139	0.04317	0.01852	0.23617	0.00615	0.00433	0.00125	0.03495	0.00480	0.00289	0.00521

[dist]
# distance from previous block
# <min> <max>
3	16

[block]
# block no. 4 follows, 63 sequences, length 13
# corresponding to MSA columns:
# 160-172
name=unknown_E
#
# <colnr> <probs for GDERKNQSTAVLIFYWHMCP>
#	G	D	E	R	K	N	Q	S	T	A	V	L	I	F	Y	W	H	M	C	P
0	0.00983	0.01027	0.09106	0.00858	0.01097	0.07483	0.00721	0.01811	0.52116	0.01543	0.03997	0.06478	0.01384	0.04988	0.00525	0.00156	0.00393	0.04374	0.00374	0.00585
1	0.01135	0.07659	0.09640	0.15200	0.21813	0.01982	0.00938	0.01348	0.00943	0.21097	0.01082	0.04093	0.00879	0.09690	0.00596	0.00159	0.00469	0.00419	0.00287	0.00572
2	0.05510	0.09368	0.04323	0.19673	0.25115	0.02509	0.03761	0.04083	0.03875	0.06190	0.00939	0.02614	0.00798	0.07190	0.00539	0.00151	0.00486	0.02075	0.00247	0.00551
3	0.00693	0.00524	0.00786	0.11648	0.01075	0.00523	0.06384	0.00875	0.03841	0.05868	0.08628	0.45074	0.08045	0.00996	0.00503	0.00157	0.00327	0.03272	0.00365	0.00414
4	0.00862	0.05188	0.01216	0.30728	0.09829	0.06916	0.02765	0.01063	0.00858	0.01125	0.06785	0.01350	0.03323	0.00925	0.13268	0.00221	0.12469	0.00416	0.00223	0.00471
5	0.01090	0.07694	0.15824	0.01994	0.08623	0.10838	0.03306	0.15586	0.06633	0.02884	0.02345	0.02419	0.06835	0.00571	0.00422	0.00131	0.00486	0.08282	0.03473	0.00565
6	0.08420	0.02949	0.41872	0.01437	0.21976	0.00947	0.04832	0.01293	0.02617	0.01407	0.02019	0.01051	0.02058	0.00416	0.00392	0.00129	0.00525	0.00350	0.04713	0.00596
7	0.68033	0.00720	0.00592	0.00546	0.00766	0.00811	0.00437	0.01108	0.00783	0.01764	0.09104	0.07246	0.05674	0.00543	0.00317	0.00134	0.00300	0.00389	0.00297	0.00435
8	0.00927	0.00616	0.00541	0.00507	0.00636	0.08782	0.00386	0.07434	0.01000	0.01599	0.01270	0.01442	0.00995	0.00485	0.00312	0.00101	0.00273	0.00379	0.71888	0.00427
9	0.04520	0.00792	0.00997	0.00763	0.01092	0.00727	0.00628	0.13975	0.01272	0.59912	0.01434	0.01287	0.00930	0.00493	0.00406	0.00123	0.00368	0.00392	0.00470	0.09418
10	0.00895	0.00775	0.01004	0.06978	0.12289	0.00674	0.00662	0.03493	0.03858	0.01426	0.07252	0.01122	0.00915	0.00386	0.00356	0.00087	0.00351	0.00328	0.00267	0.56882
11	0.05193	0.04065	0.07859	0.02872	0.30115	0.00948	0.02610	0.13476	0.07360	0.04979	0.12001	0.02597	0.03075	0.00513	0.00420	0.00129	0.00429	0.00445	0.00310	0.00604
12	0.06971	0.01601	0.09084	0.11657	0.04904	0.03940	0.00720	0.04559	0.03869	0.06920	0.20869	0.03792	0.08320	0.01922	0.01506	0.00138	0.00388	0.00508	0.00329	0.08002

[dist]
# distance from previous block
# <min> <max>
0	300

# created by:
# /st0/software/busco_prod/Augustus/scripts/msa2prfl.pl ./align_prep/129956.fa
