[name]
unknown

[dist]
# distance from previous block
# <min> <max>
0	48

[block]
# block no. 0 follows, 54 sequences, length 19
# corresponding to MSA columns:
# 55-73
name=unknown_A
#
# <colnr> <probs for GDERKNQSTAVLIFYWHMCP>
#	G	D	E	R	K	N	Q	S	T	A	V	L	I	F	Y	W	H	M	C	P
0	0.03275	0.05078	0.06595	0.01210	0.09918	0.05591	0.02751	0.20343	0.12410	0.06210	0.01477	0.05153	0.01299	0.00701	0.00494	0.00157	0.00501	0.14455	0.00388	0.01993
1	0.03841	0.05704	0.09424	0.04062	0.01283	0.02276	0.00809	0.20722	0.09985	0.10663	0.09893	0.10616	0.07260	0.00732	0.00484	0.00150	0.00435	0.00603	0.00421	0.00638
2	0.04634	0.10602	0.18816	0.09838	0.03925	0.04641	0.00991	0.07108	0.04225	0.12846	0.07757	0.03453	0.06010	0.00595	0.00450	0.00143	0.00502	0.00478	0.02357	0.00627
3	0.34782	0.01193	0.04102	0.00877	0.01183	0.09410	0.00726	0.16196	0.20180	0.02109	0.04163	0.01199	0.00956	0.00536	0.00401	0.00146	0.00453	0.00386	0.00371	0.00630
4	0.04267	0.01063	0.14392	0.10016	0.10984	0.00915	0.03198	0.04599	0.07205	0.01452	0.05214	0.03470	0.01188	0.11053	0.15208	0.00298	0.04130	0.00504	0.00285	0.00557
5	0.00738	0.00521	0.00592	0.00580	0.00615	0.00545	0.00358	0.00895	0.09273	0.01042	0.01517	0.02852	0.01645	0.68635	0.07934	0.00447	0.00506	0.00656	0.00304	0.00346
6	0.00971	0.00728	0.00802	0.00780	0.00887	0.08519	0.00573	0.04473	0.00989	0.09870	0.01771	0.30740	0.01874	0.13092	0.16169	0.00323	0.04271	0.02336	0.00369	0.00464
7	0.00608	0.00456	0.00579	0.00611	0.00697	0.00426	0.00439	0.00748	0.01048	0.01404	0.25160	0.34476	0.20000	0.01493	0.09379	0.00234	0.00359	0.01035	0.00441	0.00408
8	0.01500	0.01155	0.01147	0.00948	0.01218	0.10062	0.00747	0.43751	0.03501	0.06589	0.01359	0.10259	0.01170	0.07416	0.02013	0.00180	0.00510	0.00539	0.05278	0.00658
9	0.00708	0.00503	0.00605	0.00585	0.00708	0.00471	0.00430	0.00878	0.02820	0.05238	0.26433	0.07781	0.29640	0.11274	0.09581	0.00258	0.00384	0.00845	0.00432	0.00428
10	0.01318	0.02915	0.01130	0.00949	0.01217	0.08366	0.00745	0.20947	0.38740	0.03607	0.04478	0.04716	0.04427	0.03618	0.00548	0.00162	0.00444	0.00543	0.00444	0.00686
11	0.77524	0.00956	0.00771	0.00671	0.00972	0.01102	0.00553	0.09813	0.00956	0.02209	0.00708	0.00806	0.00542	0.00452	0.00311	0.00145	0.00381	0.00274	0.00311	0.00542
12	0.01240	0.01354	0.08065	0.03727	0.02185	0.03081	0.51669	0.13814	0.02259	0.03583	0.00988	0.01225	0.00732	0.00453	0.00560	0.00156	0.03460	0.00504	0.00282	0.00663
13	0.00563	0.00468	0.00493	0.00508	0.00646	0.00397	0.00373	0.00681	0.01057	0.01284	0.06937	0.16287	0.66225	0.01229	0.00564	0.00164	0.00243	0.01042	0.00440	0.00397
14	0.01040	0.08054	0.49215	0.01425	0.07826	0.06675	0.09865	0.01461	0.01041	0.01447	0.04359	0.01185	0.00826	0.02972	0.00513	0.00153	0.00665	0.00399	0.00226	0.00653
15	0.01217	0.00843	0.01035	0.00912	0.02641	0.00938	0.00697	0.25387	0.06052	0.07409	0.01199	0.01570	0.01016	0.08521	0.18537	0.14036	0.06616	0.00471	0.00350	0.00554
16	0.13285	0.00722	0.00884	0.00742	0.01012	0.00679	0.00598	0.01716	0.03839	0.42489	0.15079	0.06616	0.06199	0.00738	0.00481	0.00153	0.00350	0.03269	0.00508	0.00642
17	0.01122	0.20085	0.17624	0.03907	0.01394	0.05519	0.00961	0.09344	0.11587	0.01558	0.04069	0.03480	0.03694	0.00795	0.06197	0.00184	0.03294	0.01676	0.02896	0.00615
18	0.00704	0.00481	0.00545	0.00536	0.00583	0.00471	0.00333	0.00768	0.02278	0.02751	0.05312	0.03232	0.14413	0.60338	0.05026	0.00396	0.00441	0.00728	0.00329	0.00335

[dist]
# distance from previous block
# <min> <max>
1	4

[block]
# block no. 1 follows, 54 sequences, length 37
# corresponding to MSA columns:
# 78-114
name=unknown_B
#
# <colnr> <probs for GDERKNQSTAVLIFYWHMCP>
#	G	D	E	R	K	N	Q	S	T	A	V	L	I	F	Y	W	H	M	C	P
0	0.05840	0.28816	0.14672	0.00886	0.01242	0.07332	0.00852	0.07139	0.01057	0.07117	0.00973	0.01311	0.00854	0.14186	0.02677	0.00193	0.00554	0.00379	0.00275	0.03646
1	0.21852	0.14415	0.01132	0.00865	0.07315	0.00954	0.00643	0.02718	0.02629	0.15453	0.09798	0.03708	0.07642	0.04084	0.02187	0.00165	0.00403	0.00492	0.02973	0.00573
2	0.07119	0.26419	0.13827	0.01039	0.03025	0.07202	0.00968	0.23702	0.06439	0.04650	0.00955	0.01011	0.00731	0.00487	0.00402	0.00131	0.00542	0.00349	0.00319	0.00684
3	0.06803	0.09323	0.09768	0.02612	0.05592	0.22299	0.05387	0.12634	0.01232	0.05569	0.00949	0.01183	0.00776	0.05361	0.06749	0.00201	0.02281	0.00388	0.00289	0.00606
4	0.00832	0.00497	0.00643	0.00633	0.00751	0.00452	0.00465	0.00942	0.01071	0.12011	0.21591	0.26087	0.17540	0.01228	0.02089	0.09462	0.00307	0.02511	0.00449	0.00440
5	0.00734	0.00563	0.00768	0.00741	0.00787	0.00664	0.00550	0.00841	0.00743	0.01071	0.01283	0.04417	0.01315	0.27082	0.41004	0.00549	0.12847	0.00568	0.03083	0.00394
6	0.00808	0.00442	0.00462	0.00473	0.00578	0.00430	0.00349	0.01003	0.01001	0.01658	0.05117	0.10922	0.08836	0.00726	0.00389	0.00125	0.00227	0.00605	0.65419	0.00430
7	0.01070	0.01050	0.01859	0.27156	0.43833	0.01118	0.11578	0.01371	0.01027	0.01420	0.00872	0.01204	0.00702	0.00446	0.00516	0.00150	0.03309	0.00437	0.00226	0.00656
8	0.00691	0.00530	0.00791	0.00781	0.00861	0.00630	0.00611	0.00856	0.00756	0.01096	0.01232	0.01813	0.01152	0.03406	0.77719	0.00731	0.05167	0.00501	0.00250	0.00426
9	0.11276	0.14277	0.39952	0.02620	0.01603	0.01172	0.02313	0.07257	0.02713	0.04830	0.00933	0.01049	0.00692	0.00466	0.00404	0.00138	0.00560	0.00348	0.06746	0.00650
10	0.00739	0.00508	0.00615	0.00604	0.00681	0.00508	0.00418	0.02670	0.02541	0.03335	0.12083	0.09357	0.11192	0.34919	0.13297	0.00369	0.00497	0.02473	0.02803	0.00390
11	0.00831	0.00662	0.00902	0.00801	0.00917	0.00721	0.03725	0.01072	0.05447	0.04419	0.40225	0.04766	0.08198	0.06174	0.00867	0.00184	0.16653	0.02534	0.00421	0.00481
12	0.01206	0.00653	0.00826	0.00725	0.00875	0.00663	0.00535	0.05421	0.06985	0.22840	0.01447	0.02001	0.01255	0.25035	0.08591	0.14473	0.02992	0.00527	0.02452	0.00498
13	0.86760	0.00912	0.00693	0.00620	0.00912	0.01058	0.00511	0.01386	0.00802	0.02115	0.00657	0.00766	0.00511	0.00438	0.00292	0.00146	0.00365	0.00255	0.00292	0.00511
14	0.01092	0.05508	0.01111	0.00811	0.03219	0.00755	0.01783	0.04218	0.03439	0.07371	0.01073	0.06804	0.00925	0.00468	0.00388	0.00094	0.00376	0.00387	0.00320	0.59857
15	0.01210	0.70744	0.15000	0.00892	0.01343	0.01743	0.00956	0.01425	0.00964	0.01171	0.00686	0.00795	0.00604	0.00411	0.00326	0.00109	0.00535	0.00267	0.00201	0.00620
16	0.00819	0.00410	0.00614	0.00614	0.00614	0.00410	0.00410	0.00614	0.00614	0.00819	0.00819	0.01433	0.00819	0.01638	0.01843	0.86282	0.00410	0.00410	0.00205	0.00205
17	0.01215	0.05911	0.28777	0.04253	0.08837	0.03093	0.08800	0.15982	0.03456	0.05934	0.06309	0.01362	0.02901	0.00526	0.00469	0.00145	0.00585	0.00446	0.00313	0.00683
18	0.00706	0.00573	0.00658	0.00644	0.00782	0.03345	0.00472	0.00858	0.01087	0.01468	0.25312	0.30851	0.14612	0.01080	0.00540	0.00155	0.00290	0.03263	0.00431	0.12873
19	0.00801	0.00580	0.00698	0.00675	0.02350	0.00552	0.00501	0.02826	0.08788	0.06233	0.37952	0.06764	0.25490	0.00987	0.00545	0.00156	0.00273	0.02851	0.00483	0.00492
20	0.13521	0.01113	0.01233	0.02186	0.04160	0.01201	0.00812	0.41172	0.09056	0.18893	0.01279	0.01242	0.00893	0.00552	0.00448	0.00145	0.00462	0.00421	0.00459	0.00751
21	0.86760	0.00912	0.00693	0.00620	0.00912	0.01058	0.00511	0.01386	0.00802	0.02115	0.00657	0.00766	0.00511	0.00438	0.00292	0.00146	0.00365	0.00255	0.00292	0.00511
22	0.00730	0.00573	0.00660	0.00656	0.00793	0.01856	0.00488	0.03082	0.03007	0.03021	0.08973	0.31642	0.27525	0.01150	0.00576	0.00166	0.02231	0.05139	0.00427	0.07304
23	0.03006	0.04356	0.40856	0.05784	0.07948	0.07264	0.10330	0.04123	0.07373	0.01548	0.00938	0.01096	0.00699	0.00460	0.00455	0.00146	0.00654	0.00389	0.00245	0.02332
24	0.01302	0.03900	0.30225	0.01158	0.03401	0.02768	0.01162	0.15672	0.07358	0.13172	0.01206	0.03104	0.00927	0.00664	0.02682	0.00170	0.07137	0.02955	0.00342	0.00693
25	0.81919	0.00906	0.00716	0.00633	0.00929	0.01037	0.00521	0.01438	0.00834	0.06616	0.00725	0.00814	0.00548	0.00446	0.00302	0.00146	0.00367	0.00268	0.00308	0.00527
26	0.00694	0.00539	0.00623	0.00637	0.00758	0.00515	0.00465	0.05024	0.06882	0.01474	0.13478	0.33812	0.29359	0.01199	0.00566	0.00170	0.00279	0.02626	0.00453	0.00446
27	0.01455	0.01153	0.01225	0.01017	0.01334	0.01304	0.00815	0.37272	0.44411	0.02427	0.01561	0.01474	0.01149	0.00606	0.00476	0.00152	0.00439	0.00484	0.00476	0.00772
28	0.01110	0.01264	0.02737	0.01962	0.02423	0.01201	0.76175	0.01498	0.01100	0.01498	0.00943	0.01264	0.00712	0.00412	0.00590	0.00161	0.03530	0.00552	0.00237	0.00632
29	0.00857	0.00663	0.00767	0.00774	0.00920	0.02442	0.00620	0.07314	0.10701	0.01574	0.07106	0.13587	0.14036	0.03094	0.02918	0.00203	0.00396	0.27508	0.04032	0.00489
30	0.03752	0.00865	0.01044	0.00824	0.01137	0.00845	0.00673	0.21593	0.01509	0.42495	0.07473	0.01628	0.01310	0.00600	0.00456	0.00140	0.00393	0.00480	0.12064	0.00720
31	0.01363	0.01327	0.01545	0.11495	0.27337	0.18228	0.03909	0.14661	0.07598	0.03232	0.01097	0.01306	0.02335	0.00516	0.00469	0.00143	0.00605	0.01857	0.00307	0.00671
32	0.01108	0.01025	0.01033	0.02456	0.10037	0.16351	0.02625	0.05407	0.04380	0.01629	0.12800	0.01811	0.07036	0.00601	0.00437	0.00125	0.00443	0.00495	0.18277	0.11924
33	0.22937	0.01093	0.05413	0.10184	0.07601	0.02844	0.00867	0.23231	0.04158	0.02085	0.10618	0.01413	0.02561	0.00572	0.00461	0.00148	0.02396	0.00440	0.00358	0.00622
34	0.05955	0.04355	0.01514	0.09649	0.09212	0.22761	0.09857	0.16498	0.06191	0.01709	0.02435	0.01345	0.04008	0.00538	0.00461	0.00142	0.00619	0.01811	0.00314	0.00626
35	0.15350	0.44171	0.01797	0.02824	0.01255	0.17543	0.00786	0.05234	0.01080	0.01400	0.02587	0.00970	0.00735	0.00467	0.00351	0.00119	0.00546	0.01955	0.00250	0.00578
36	0.11610	0.05651	0.08798	0.00881	0.01195	0.08634	0.00777	0.04972	0.02870	0.06886	0.02548	0.01223	0.02594	0.00734	0.06347	0.00172	0.08762	0.00372	0.03609	0.21364

[dist]
# distance from previous block
# <min> <max>
0	2

[block]
# block no. 2 follows, 54 sequences, length 32
# corresponding to MSA columns:
# 117-137,143-153
name=unknown_C
#
# <colnr> <probs for GDERKNQSTAVLIFYWHMCP>
#	G	D	E	R	K	N	Q	S	T	A	V	L	I	F	Y	W	H	M	C	P
0	0.01175	0.21359	0.25129	0.15720	0.01991	0.09273	0.09906	0.04070	0.01072	0.03726	0.00836	0.01025	0.00643	0.00453	0.00444	0.00138	0.01818	0.00364	0.00231	0.00626
1	0.00983	0.00861	0.02603	0.07792	0.24923	0.00840	0.02132	0.04258	0.09354	0.03582	0.03745	0.22148	0.04688	0.00763	0.00498	0.00151	0.00431	0.00688	0.00347	0.09213
2	0.00962	0.00561	0.00681	0.00610	0.00788	0.00503	0.00466	0.01158	0.03279	0.18623	0.30140	0.03328	0.28049	0.06172	0.00649	0.00170	0.00285	0.00790	0.02281	0.00504
3	0.00740	0.00530	0.00658	0.00610	0.00747	0.00496	0.00462	0.03021	0.03851	0.04084	0.63487	0.03481	0.14115	0.00962	0.00549	0.00150	0.00242	0.00839	0.00508	0.00468
4	0.00709	0.00435	0.00552	0.00567	0.00579	0.00427	0.00353	0.00657	0.00711	0.00940	0.01574	0.13948	0.05421	0.39699	0.01864	0.29898	0.00404	0.00699	0.00287	0.00277
5	0.01761	0.02247	0.01336	0.01215	0.01458	0.81537	0.00911	0.01883	0.01336	0.01154	0.00729	0.00850	0.00607	0.00486	0.00425	0.00121	0.00850	0.00304	0.00243	0.00547
6	0.00700	0.00485	0.00619	0.00673	0.00720	0.00485	0.00493	0.00797	0.00865	0.01143	0.01996	0.13721	0.02246	0.39722	0.04166	0.00344	0.00453	0.29654	0.00359	0.00358
7	0.00978	0.00838	0.00978	0.00698	0.01117	0.00629	0.00559	0.01187	0.00978	0.01536	0.00838	0.00978	0.00698	0.00349	0.00349	0.00070	0.00349	0.00279	0.00279	0.86312
8	0.00577	0.00446	0.00526	0.00574	0.00666	0.00396	0.00405	0.00689	0.01020	0.01303	0.11448	0.41689	0.35966	0.01305	0.00578	0.00173	0.00254	0.01144	0.00446	0.00396
9	0.01143	0.27718	0.46241	0.01165	0.01729	0.03021	0.03846	0.04363	0.01053	0.04458	0.00837	0.00955	0.00633	0.00443	0.00407	0.00133	0.00625	0.00332	0.00227	0.00671
10	0.00696	0.00503	0.00630	0.00617	0.00744	0.00458	0.02468	0.00840	0.01077	0.03447	0.19511	0.10865	0.31991	0.06332	0.00721	0.03320	0.00299	0.09865	0.05202	0.00416
11	0.01122	0.00922	0.01085	0.00941	0.01191	0.03352	0.06308	0.03177	0.45040	0.07116	0.14960	0.03953	0.06142	0.00725	0.00505	0.00157	0.00389	0.01794	0.00465	0.00656
12	0.00688	0.00473	0.00581	0.00588	0.00612	0.00490	0.00379	0.00737	0.00726	0.00983	0.01503	0.02969	0.01665	0.61495	0.18873	0.00505	0.00624	0.05497	0.00288	0.00323
13	0.06382	0.01118	0.01749	0.12878	0.55759	0.03127	0.03517	0.06999	0.01130	0.01624	0.00882	0.01147	0.00717	0.00439	0.00459	0.00143	0.00568	0.00411	0.00251	0.00699
14	0.01750	0.01288	0.01381	0.01063	0.01426	0.01424	0.00873	0.75921	0.02158	0.02893	0.01146	0.01207	0.00837	0.03738	0.00545	0.00154	0.00516	0.00435	0.00465	0.00782
15	0.01179	0.01005	0.01062	0.00951	0.01217	0.01154	0.00744	0.06283	0.72031	0.01993	0.01968	0.01874	0.03555	0.00664	0.00485	0.00160	0.00378	0.02087	0.00477	0.00733
16	0.01728	0.02057	0.01329	0.01183	0.01444	0.66749	0.00899	0.11283	0.06370	0.01426	0.00853	0.00942	0.00683	0.00505	0.00434	0.00126	0.00780	0.00333	0.00286	0.00590
17	0.00891	0.00743	0.00865	0.00665	0.00996	0.00588	0.00523	0.03081	0.01069	0.01579	0.12341	0.04232	0.11393	0.00580	0.00415	0.00097	0.00320	0.00485	0.00342	0.58796
18	0.00836	0.00687	0.00941	0.00850	0.00907	0.00828	0.02720	0.04479	0.00800	0.01141	0.01154	0.02010	0.01184	0.30107	0.27092	0.00463	0.22576	0.00540	0.00261	0.00423
19	0.83838	0.00924	0.00764	0.00667	0.00965	0.01062	0.03181	0.01390	0.00813	0.02095	0.00667	0.00783	0.00518	0.00436	0.00301	0.00146	0.00379	0.00266	0.00290	0.00515
20	0.00819	0.00410	0.00614	0.00614	0.00614	0.00410	0.00410	0.00614	0.00614	0.00819	0.00819	0.01433	0.00819	0.01638	0.01843	0.86282	0.00410	0.00410	0.00205	0.00205
21	0.00978	0.00838	0.00978	0.00698	0.01117	0.00629	0.00559	0.01187	0.00978	0.01536	0.00838	0.00978	0.00698	0.00349	0.00349	0.00070	0.00349	0.00279	0.00279	0.86312
22	0.01113	0.01272	0.02782	0.01987	0.02464	0.01192	0.78776	0.01510	0.01113	0.01510	0.00954	0.01272	0.00715	0.00397	0.00556	0.00159	0.00795	0.00556	0.00238	0.00636
23	0.00581	0.00446	0.00535	0.00599	0.00684	0.00400	0.00426	0.00689	0.00990	0.01259	0.05258	0.46413	0.32816	0.01346	0.00587	0.00180	0.00268	0.05692	0.00439	0.00393
24	0.00606	0.00470	0.00553	0.00553	0.00672	0.00416	0.00407	0.00764	0.01159	0.01525	0.36407	0.15740	0.36757	0.01139	0.00563	0.00159	0.00237	0.00986	0.00472	0.00416
25	0.00619	0.00463	0.00554	0.00583	0.00671	0.00424	0.00417	0.00739	0.01022	0.01332	0.18301	0.24397	0.27187	0.13930	0.00861	0.00216	0.00294	0.07171	0.00430	0.00389
26	0.01643	0.01223	0.01306	0.01030	0.01375	0.01360	0.00841	0.62436	0.14539	0.02745	0.01280	0.01267	0.00926	0.00577	0.00465	0.00143	0.00479	0.00443	0.05150	0.00773
27	0.00665	0.00487	0.00591	0.00580	0.00703	0.00441	0.00432	0.00856	0.02276	0.03186	0.43998	0.12940	0.26138	0.01078	0.00557	0.00157	0.00243	0.02447	0.01789	0.00435
28	0.00731	0.00577	0.00885	0.07201	0.07400	0.00658	0.00693	0.00908	0.00792	0.01127	0.01215	0.01835	0.01138	0.08479	0.63417	0.00641	0.01103	0.00504	0.00250	0.00446
29	0.56176	0.01037	0.05029	0.04634	0.04104	0.03763	0.00701	0.04047	0.00979	0.14402	0.00891	0.00962	0.00645	0.00468	0.00354	0.00145	0.00429	0.00315	0.00331	0.00586
30	0.12006	0.00923	0.02694	0.09676	0.11062	0.08536	0.02242	0.01283	0.08790	0.03024	0.01555	0.29233	0.01598	0.03027	0.00562	0.00171	0.02025	0.00723	0.00341	0.00531
31	0.02927	0.29705	0.01553	0.00929	0.01206	0.24731	0.00776	0.04284	0.11132	0.01360	0.03518	0.04131	0.02454	0.03368	0.00483	0.00142	0.00559	0.05868	0.00301	0.00573

[dist]
# distance from previous block
# <min> <max>
0	5

[block]
# block no. 3 follows, 54 sequences, length 14
# corresponding to MSA columns:
# 159-172
name=unknown_D
#
# <colnr> <probs for GDERKNQSTAVLIFYWHMCP>
#	G	D	E	R	K	N	Q	S	T	A	V	L	I	F	Y	W	H	M	C	P
0	0.01064	0.00864	0.01143	0.03388	0.05930	0.00914	0.06855	0.12332	0.20599	0.04094	0.28612	0.02302	0.06148	0.00735	0.00543	0.00153	0.02629	0.00637	0.00444	0.00614
1	0.00900	0.00741	0.00747	0.00726	0.00866	0.08675	0.00534	0.10399	0.01215	0.04028	0.13529	0.35562	0.18029	0.01111	0.00549	0.00164	0.00351	0.00961	0.00438	0.00475
2	0.03226	0.00921	0.08437	0.39935	0.05573	0.00891	0.06089	0.01188	0.02278	0.03567	0.04345	0.18850	0.01343	0.00702	0.00501	0.00162	0.00533	0.00635	0.00290	0.00534
3	0.86760	0.00912	0.00693	0.00620	0.00912	0.01058	0.00511	0.01386	0.00802	0.02115	0.00657	0.00766	0.00511	0.00438	0.00292	0.00146	0.00365	0.00255	0.00292	0.00511
4	0.00674	0.00505	0.00758	0.00758	0.00842	0.00589	0.00589	0.00842	0.00758	0.01095	0.01263	0.01852	0.01179	0.03536	0.81561	0.00758	0.01263	0.00505	0.00253	0.00421
5	0.47155	0.00936	0.00917	0.00755	0.01073	0.01007	0.00621	0.14586	0.01202	0.22998	0.03889	0.01147	0.00873	0.00516	0.00379	0.00145	0.00395	0.00363	0.00407	0.00634
6	0.00841	0.00671	0.01019	0.35753	0.01844	0.00767	0.00859	0.01073	0.01055	0.04817	0.24036	0.13786	0.02132	0.00788	0.00577	0.00161	0.05537	0.00680	0.03115	0.00489
7	0.00962	0.00548	0.00626	0.00581	0.00738	0.00519	0.00442	0.03333	0.03400	0.12450	0.12896	0.05162	0.18052	0.06278	0.00590	0.00161	0.00286	0.03032	0.29458	0.00488
8	0.00976	0.00967	0.01278	0.08531	0.01336	0.05462	0.00946	0.01099	0.00803	0.01151	0.00960	0.13112	0.01007	0.00976	0.04353	0.00217	0.55539	0.00547	0.00244	0.00495
9	0.00652	0.00467	0.00590	0.00651	0.00730	0.00443	0.00477	0.00824	0.03227	0.01409	0.15002	0.43035	0.11407	0.01253	0.00575	0.00178	0.00284	0.11986	0.06395	0.00416
10	0.00978	0.00838	0.00978	0.00698	0.01117	0.00629	0.00559	0.01187	0.00978	0.01536	0.00838	0.00978	0.00698	0.00349	0.00349	0.00070	0.00349	0.00279	0.00279	0.86312
11	0.00757	0.00542	0.00662	0.00650	0.00784	0.00493	0.00473	0.04488	0.01065	0.03271	0.13459	0.38418	0.10093	0.03793	0.00595	0.00168	0.00295	0.03240	0.04972	0.11782
12	0.01097	0.00922	0.03057	0.02953	0.14849	0.00920	0.08315	0.11910	0.12798	0.05023	0.07393	0.04770	0.04455	0.13999	0.00814	0.00204	0.00477	0.05071	0.00372	0.00601
13	0.22142	0.00949	0.00956	0.00802	0.01114	0.02623	0.00640	0.06265	0.27660	0.09601	0.01483	0.01447	0.05178	0.00552	0.00411	0.00136	0.00380	0.00425	0.00399	0.16838

[dist]
# distance from previous block
# <min> <max>
5	25

[block]
# block no. 4 follows, 54 sequences, length 20
# corresponding to MSA columns:
# 205-224
name=unknown_E
#
# <colnr> <probs for GDERKNQSTAVLIFYWHMCP>
#	G	D	E	R	K	N	Q	S	T	A	V	L	I	F	Y	W	H	M	C	P
0	0.01074	0.07543	0.11910	0.21329	0.12772	0.02834	0.02873	0.07541	0.10846	0.01576	0.07672	0.01477	0.03123	0.00561	0.00522	0.00150	0.04812	0.00463	0.00298	0.00626
1	0.01409	0.00699	0.00890	0.00741	0.00995	0.00641	0.00593	0.07098	0.02906	0.38136	0.23785	0.04359	0.12307	0.00803	0.00514	0.00151	0.00337	0.02472	0.00530	0.00633
2	0.01266	0.00940	0.01054	0.00798	0.01160	0.04233	0.00641	0.11329	0.01194	0.13156	0.01129	0.01219	0.02675	0.01796	0.00471	0.00107	0.03668	0.00359	0.02178	0.50626
3	0.00595	0.00458	0.00547	0.00592	0.00691	0.00410	0.00432	0.00722	0.01046	0.01341	0.13941	0.34138	0.34680	0.01279	0.00582	0.00175	0.00265	0.07255	0.00448	0.00402
4	0.02495	0.00561	0.00698	0.00684	0.00794	0.00573	0.00499	0.06452	0.02514	0.05875	0.07409	0.24601	0.10008	0.13778	0.20489	0.00354	0.00562	0.00822	0.00385	0.00447
5	0.00899	0.00748	0.01150	0.20219	0.12865	0.00784	0.04915	0.01230	0.06657	0.04077	0.25823	0.02507	0.07475	0.00736	0.00517	0.00155	0.00428	0.05978	0.02291	0.00545
6	0.01031	0.00846	0.00987	0.00717	0.01126	0.00659	0.00574	0.01298	0.05090	0.04544	0.00933	0.01042	0.00755	0.00373	0.00361	0.00077	0.00352	0.00300	0.00301	0.78634
7	0.00974	0.01415	0.25898	0.11763	0.22218	0.01012	0.14130	0.01339	0.01041	0.01458	0.03548	0.05077	0.05087	0.00555	0.00494	0.00153	0.00607	0.02342	0.00254	0.00635
8	0.01564	0.01005	0.01095	0.00873	0.01177	0.04244	0.00703	0.34987	0.01591	0.19269	0.01363	0.03503	0.01027	0.03685	0.02714	0.00161	0.00462	0.00456	0.12749	0.07373
9	0.04380	0.01147	0.01261	0.00986	0.01346	0.01227	0.00807	0.47930	0.12938	0.15164	0.01325	0.01274	0.00934	0.00560	0.00459	0.00140	0.00463	0.00432	0.00472	0.06755
10	0.01689	0.01583	0.01337	0.01109	0.01425	0.28059	0.00879	0.41875	0.13488	0.02218	0.01115	0.01132	0.00832	0.00550	0.00457	0.00138	0.00607	0.00401	0.00397	0.00709
11	0.00762	0.00571	0.00717	0.00779	0.02423	0.00572	0.00580	0.02737	0.10923	0.02494	0.07361	0.33760	0.10455	0.03356	0.00632	0.00192	0.00338	0.20439	0.00442	0.00466
12	0.00646	0.00430	0.00572	0.00641	0.00683	0.00408	0.00444	0.00705	0.00906	0.01220	0.08779	0.50077	0.05563	0.04550	0.00859	0.13887	0.00306	0.06241	0.02723	0.00362
13	0.28449	0.01105	0.01566	0.01186	0.01559	0.01153	0.24662	0.19382	0.01292	0.12203	0.01011	0.01118	0.00727	0.00481	0.00461	0.00150	0.02072	0.00418	0.00353	0.00654
14	0.01166	0.10143	0.18768	0.06649	0.09054	0.01084	0.10233	0.01502	0.03969	0.13154	0.01077	0.01280	0.00829	0.00933	0.12167	0.00236	0.06406	0.00426	0.00284	0.00638
15	0.00759	0.00473	0.00597	0.00612	0.00679	0.00446	0.00425	0.00807	0.00893	0.06209	0.07039	0.21417	0.12812	0.23914	0.01271	0.13278	0.00358	0.07270	0.00375	0.00366
16	0.10105	0.00782	0.00902	0.00793	0.01040	0.00796	0.00632	0.06883	0.17211	0.24579	0.06908	0.08983	0.08325	0.02356	0.00531	0.00166	0.00368	0.07533	0.00477	0.00627
17	0.04468	0.01189	0.04125	0.02736	0.01370	0.07896	0.00827	0.32049	0.05691	0.29715	0.01375	0.01314	0.00940	0.00558	0.00457	0.00142	0.00492	0.00429	0.03482	0.00746
18	0.00779	0.00419	0.00591	0.00598	0.00599	0.00417	0.00388	0.00630	0.00645	0.00860	0.01051	0.06550	0.01125	0.17217	0.01876	0.64863	0.00411	0.00517	0.00234	0.00231
19	0.00609	0.00438	0.00536	0.00597	0.00641	0.00411	0.00396	0.00682	0.00887	0.01160	0.04499	0.46152	0.14161	0.23063	0.01070	0.00257	0.00320	0.03357	0.00399	0.00363

[dist]
# distance from previous block
# <min> <max>
0	1

[block]
# block no. 5 follows, 54 sequences, length 19
# corresponding to MSA columns:
# 226-233,235-245
name=unknown_F
#
# <colnr> <probs for GDERKNQSTAVLIFYWHMCP>
#	G	D	E	R	K	N	Q	S	T	A	V	L	I	F	Y	W	H	M	C	P
0	0.73836	0.04082	0.00838	0.06081	0.01104	0.04881	0.00594	0.01398	0.00843	0.01972	0.00672	0.00802	0.00527	0.00441	0.00310	0.00144	0.00410	0.00268	0.00281	0.00517
1	0.00858	0.00776	0.01283	0.55665	0.08771	0.00931	0.01132	0.01136	0.00941	0.01251	0.05586	0.01496	0.00967	0.01080	0.15920	0.00270	0.00720	0.00461	0.00238	0.00517
2	0.01136	0.01350	0.06856	0.32373	0.02293	0.21484	0.14798	0.01412	0.01053	0.01252	0.00869	0.01194	0.00691	0.00773	0.08577	0.00209	0.02485	0.00418	0.00227	0.00550
3	0.00978	0.00838	0.00978	0.00698	0.01117	0.00629	0.00559	0.01187	0.00978	0.01536	0.00838	0.00978	0.00698	0.00349	0.00349	0.00070	0.00349	0.00279	0.00279	0.86312
4	0.00953	0.02387	0.77523	0.01372	0.02059	0.01099	0.05154	0.01494	0.01001	0.01494	0.00851	0.01008	0.00603	0.00446	0.00453	0.00150	0.00701	0.00358	0.00201	0.00694
5	0.00599	0.00427	0.00568	0.00660	0.00692	0.00411	0.00449	0.00686	0.00881	0.01179	0.02402	0.66948	0.02841	0.08929	0.06399	0.00256	0.00366	0.04517	0.00411	0.00379
6	0.00832	0.00684	0.00942	0.12700	0.14224	0.02085	0.00734	0.02434	0.01107	0.04571	0.15571	0.15996	0.24436	0.00923	0.00530	0.00158	0.00373	0.00807	0.00388	0.00505
7	0.01199	0.61128	0.12211	0.01053	0.01504	0.01668	0.12793	0.01437	0.00986	0.01218	0.00724	0.00864	0.00621	0.00408	0.00359	0.00116	0.00572	0.00310	0.00207	0.00621
8	0.01019	0.00809	0.00955	0.00702	0.01094	0.00619	0.00563	0.01224	0.01014	0.06185	0.03121	0.01294	0.03229	0.00428	0.00376	0.00083	0.00348	0.02239	0.00312	0.74390
9	0.05983	0.03138	0.01682	0.12602	0.51662	0.03430	0.01257	0.03909	0.04358	0.06088	0.00963	0.01185	0.00765	0.00452	0.00453	0.00142	0.00547	0.00411	0.00271	0.00701
10	0.00675	0.00508	0.00606	0.00628	0.00762	0.00465	0.00494	0.00863	0.03063	0.03163	0.16020	0.12000	0.38142	0.01183	0.00580	0.00174	0.00294	0.19494	0.00454	0.00430
11	0.00574	0.00414	0.00544	0.00647	0.00681	0.00384	0.00434	0.00658	0.00912	0.01207	0.02711	0.79087	0.07081	0.01463	0.00600	0.00190	0.00272	0.01323	0.00438	0.00384
12	0.06073	0.00728	0.00949	0.00788	0.01070	0.00661	0.00627	0.01889	0.04204	0.55423	0.04890	0.17403	0.01644	0.00765	0.00493	0.00155	0.00367	0.00647	0.00534	0.00691
13	0.01400	0.18935	0.07786	0.03309	0.01586	0.10081	0.11242	0.21275	0.12336	0.03865	0.01050	0.01130	0.00801	0.00506	0.00469	0.00138	0.02680	0.00402	0.00328	0.00680
14	0.56467	0.04250	0.00911	0.00757	0.01043	0.10411	0.00612	0.05375	0.10871	0.01980	0.00870	0.00944	0.00675	0.00477	0.00341	0.00142	0.00431	0.00309	0.02574	0.00560
15	0.12239	0.09321	0.10126	0.01176	0.11777	0.04960	0.00918	0.08666	0.06618	0.15727	0.01327	0.07095	0.01117	0.00623	0.00450	0.00149	0.00485	0.06209	0.00364	0.00654
16	0.45802	0.07247	0.05868	0.03132	0.23823	0.01124	0.00897	0.01442	0.00927	0.04804	0.00783	0.00936	0.00618	0.00437	0.00363	0.00141	0.00458	0.00320	0.00272	0.00607
17	0.01195	0.01192	0.01229	0.30969	0.01959	0.20409	0.00969	0.09369	0.07294	0.01468	0.01193	0.05165	0.03903	0.00598	0.00524	0.00149	0.05405	0.00467	0.05987	0.00558
18	0.04364	0.06891	0.27831	0.01666	0.25872	0.09505	0.01289	0.01416	0.01008	0.01411	0.00877	0.01124	0.00719	0.00858	0.11235	0.00222	0.02466	0.00378	0.00225	0.00643

[dist]
# distance from previous block
# <min> <max>
0	21

[block]
# block no. 6 follows, 54 sequences, length 28
# corresponding to MSA columns:
# 267-294
name=unknown_G
#
# <colnr> <probs for GDERKNQSTAVLIFYWHMCP>
#	G	D	E	R	K	N	Q	S	T	A	V	L	I	F	Y	W	H	M	C	P
0	0.20083	0.00693	0.00671	0.00690	0.00816	0.07089	0.00510	0.00984	0.01015	0.01559	0.18295	0.37452	0.02589	0.01047	0.00511	0.00168	0.00338	0.04644	0.00406	0.00440
1	0.00848	0.00634	0.00720	0.00714	0.00868	0.00644	0.00527	0.01322	0.24664	0.06522	0.02899	0.33529	0.22056	0.01097	0.00546	0.00171	0.00303	0.00955	0.00460	0.00523
2	0.01153	0.00985	0.01348	0.40406	0.03565	0.06751	0.05625	0.10937	0.04778	0.07124	0.03403	0.02993	0.00976	0.07206	0.00634	0.00176	0.00579	0.00480	0.00305	0.00576
3	0.00889	0.00640	0.00800	0.00817	0.00970	0.00664	0.00677	0.01351	0.18425	0.04514	0.16398	0.03904	0.02619	0.01033	0.00574	0.00184	0.00371	0.40073	0.04578	0.00518
4	0.01006	0.01582	0.35595	0.20213	0.06692	0.01061	0.06306	0.08439	0.03416	0.01571	0.03104	0.03541	0.04332	0.00538	0.00476	0.00152	0.00610	0.00462	0.00264	0.00639
5	0.01554	0.01200	0.03841	0.01006	0.01346	0.01264	0.00841	0.57558	0.08184	0.03903	0.12938	0.01540	0.01393	0.00627	0.00484	0.00144	0.00467	0.00495	0.00472	0.00741
6	0.01050	0.01082	0.07932	0.04775	0.01581	0.05472	0.20640	0.08183	0.03662	0.04018	0.01114	0.01456	0.00917	0.01655	0.31644	0.00385	0.03105	0.00481	0.00279	0.00569
7	0.86760	0.00912	0.00693	0.00620	0.00912	0.01058	0.00511	0.01386	0.00802	0.02115	0.00657	0.00766	0.00511	0.00438	0.00292	0.00146	0.00365	0.00255	0.00292	0.00511
8	0.01205	0.07385	0.21862	0.04904	0.05348	0.05849	0.01077	0.17257	0.07485	0.03104	0.04313	0.01399	0.03772	0.02416	0.01639	0.00161	0.06782	0.00438	0.02954	0.00648
9	0.00817	0.00530	0.00664	0.00633	0.00773	0.00489	0.00476	0.01045	0.04815	0.10306	0.40672	0.16670	0.16697	0.01039	0.00553	0.00159	0.00264	0.02423	0.00495	0.00479
10	0.02414	0.02079	0.06821	0.10534	0.14100	0.02673	0.07620	0.03427	0.14014	0.01544	0.10071	0.04131	0.08972	0.04585	0.00646	0.02818	0.02060	0.00577	0.00333	0.00581
11	0.00711	0.00482	0.00612	0.00613	0.00711	0.00448	0.00450	0.00873	0.01135	0.04662	0.39541	0.18398	0.10443	0.09830	0.00759	0.00194	0.00282	0.06838	0.02592	0.00425
12	0.01242	0.03346	0.04856	0.06335	0.08390	0.06842	0.06399	0.19363	0.21246	0.01920	0.07872	0.05432	0.02653	0.00632	0.00487	0.00150	0.00502	0.01279	0.00386	0.00666
13	0.00663	0.00451	0.00563	0.00605	0.00646	0.00430	0.00400	0.00741	0.00899	0.02779	0.11819	0.37984	0.04803	0.30671	0.01237	0.00280	0.00341	0.03927	0.00396	0.00367
14	0.01560	0.05626	0.07937	0.01240	0.01566	0.42058	0.08620	0.13561	0.06209	0.03126	0.00911	0.01019	0.00710	0.00505	0.00483	0.00135	0.03446	0.00369	0.00292	0.00625
15	0.00890	0.00593	0.00727	0.00679	0.00841	0.00575	0.00529	0.02610	0.10405	0.09542	0.40968	0.05460	0.12156	0.00941	0.00541	0.00157	0.00287	0.08231	0.03356	0.00513
16	0.00720	0.00510	0.00622	0.00604	0.00740	0.00464	0.00461	0.02367	0.01216	0.05252	0.38923	0.10254	0.28028	0.01079	0.00562	0.00160	0.00262	0.06846	0.00482	0.00447
17	0.01116	0.00901	0.01017	0.00916	0.01132	0.02942	0.02975	0.19614	0.25105	0.01876	0.01987	0.16390	0.05359	0.04888	0.00621	0.00183	0.00421	0.11512	0.00440	0.00606
18	0.01083	0.01082	0.01962	0.21702	0.41495	0.01133	0.18200	0.01389	0.01035	0.01435	0.00878	0.01205	0.00706	0.00445	0.00535	0.00151	0.04228	0.00449	0.00228	0.00659
19	0.44167	0.30719	0.04052	0.00775	0.01115	0.10040	0.00700	0.01452	0.00922	0.01631	0.00670	0.00779	0.00558	0.00431	0.00315	0.00127	0.00478	0.00262	0.00251	0.00554
20	0.03208	0.00588	0.00672	0.00656	0.00754	0.00605	0.00451	0.04624	0.11409	0.05431	0.04005	0.24418	0.03525	0.32377	0.01235	0.00277	0.00373	0.00808	0.04141	0.00443
21	0.03394	0.09045	0.05289	0.15361	0.01722	0.02924	0.14700	0.08433	0.01081	0.07329	0.03039	0.03930	0.01021	0.12769	0.00846	0.00197	0.07565	0.00498	0.00294	0.00564
22	0.04039	0.01109	0.01595	0.16294	0.35700	0.05764	0.03886	0.10169	0.03304	0.07280	0.01025	0.03356	0.00822	0.00507	0.00501	0.00147	0.03086	0.00444	0.00295	0.00677
23	0.00664	0.00482	0.00628	0.00699	0.00747	0.00481	0.00491	0.04136	0.00950	0.01272	0.02360	0.64062	0.02770	0.06870	0.03234	0.00226	0.02509	0.06599	0.00417	0.00403
24	0.73298	0.04839	0.00811	0.00655	0.00949	0.03748	0.00542	0.01442	0.00860	0.05970	0.00743	0.00838	0.00570	0.00448	0.00307	0.00142	0.00385	0.00273	0.02650	0.00529
25	0.00654	0.00486	0.00697	0.00713	0.00787	0.00540	0.00536	0.00796	0.00790	0.01108	0.01647	0.14471	0.05237	0.08237	0.60300	0.00624	0.01012	0.00667	0.00292	0.00405
26	0.01213	0.48639	0.11674	0.04731	0.02835	0.08083	0.02083	0.02946	0.04458	0.01251	0.00793	0.00944	0.00677	0.00595	0.04229	0.00151	0.03548	0.00316	0.00226	0.00609
27	0.01301	0.01292	0.01010	0.00917	0.01089	0.34282	0.00685	0.08542	0.01195	0.03959	0.09449	0.01603	0.03770	0.04878	0.07917	0.16217	0.00654	0.00456	0.00307	0.00477

[dist]
# distance from previous block
# <min> <max>
0	23

# created by:
# /st0/software/busco_prod/Augustus/scripts/msa2prfl.pl ./align_prep/129938.fa
