[name]
unknown

[dist]
# distance from previous block
# <min> <max>
40	288

[block]
# block no. 0 follows, 59 sequences, length 20
# corresponding to MSA columns:
# 550-569
name=unknown_A
#
# <colnr> <probs for GDERKNQSTAVLIFYWHMCP>
#	G	D	E	R	K	N	Q	S	T	A	V	L	I	F	Y	W	H	M	C	P
0	0.05303	0.05604	0.03474	0.09296	0.12147	0.03883	0.08402	0.05112	0.07313	0.07672	0.13266	0.06031	0.06940	0.00624	0.00454	0.00140	0.00439	0.01770	0.01569	0.00558
1	0.03843	0.02703	0.00988	0.05923	0.17638	0.00716	0.00716	0.06914	0.01011	0.06297	0.01859	0.20494	0.12793	0.04548	0.05244	0.00191	0.00427	0.03305	0.00337	0.04052
2	0.04343	0.10892	0.17487	0.12545	0.15014	0.02094	0.07629	0.08649	0.01059	0.03401	0.05077	0.03984	0.00900	0.00508	0.00457	0.02376	0.00527	0.00414	0.00258	0.02386
3	0.00984	0.09193	0.16385	0.10569	0.24088	0.07729	0.03030	0.01266	0.02836	0.01308	0.07033	0.04216	0.02205	0.06647	0.00563	0.00155	0.00530	0.00448	0.00247	0.00568
4	0.07851	0.01031	0.04900	0.20473	0.13991	0.05980	0.06258	0.01607	0.22121	0.06118	0.01170	0.04634	0.00925	0.00513	0.00437	0.00143	0.00496	0.00446	0.00305	0.00602
5	0.13939	0.01081	0.11614	0.21609	0.16973	0.05319	0.01970	0.01365	0.03550	0.08232	0.02996	0.01275	0.03967	0.00479	0.00412	0.00137	0.00497	0.00397	0.03618	0.00571
6	0.01093	0.02412	0.17375	0.02644	0.04959	0.05429	0.20019	0.04302	0.04632	0.10766	0.04529	0.07480	0.05062	0.00569	0.00498	0.00142	0.03330	0.00515	0.00305	0.03939
7	0.02192	0.05508	0.05204	0.20060	0.26851	0.01048	0.06639	0.08779	0.06606	0.01474	0.01153	0.03336	0.05545	0.00550	0.01757	0.00148	0.01834	0.00450	0.00265	0.00602
8	0.02464	0.00650	0.04120	0.16877	0.05753	0.00633	0.00674	0.02810	0.04051	0.01208	0.01891	0.26466	0.10401	0.15956	0.00814	0.00208	0.00397	0.03877	0.00322	0.00428
9	0.01006	0.00947	0.01543	0.12390	0.42646	0.00982	0.08163	0.05523	0.05182	0.01447	0.01351	0.02953	0.10464	0.00531	0.00487	0.00141	0.02874	0.00490	0.00266	0.00615
10	0.04508	0.05743	0.25500	0.01089	0.09316	0.00878	0.01871	0.01479	0.09114	0.14733	0.11830	0.05534	0.01340	0.00560	0.00433	0.00135	0.00449	0.00469	0.00334	0.04685
11	0.00849	0.00825	0.05522	0.26413	0.18631	0.00817	0.02794	0.04339	0.03347	0.01286	0.01377	0.19820	0.04158	0.05952	0.00603	0.01382	0.00471	0.00622	0.00278	0.00511
12	0.18979	0.00993	0.04683	0.25494	0.34535	0.01034	0.01120	0.05565	0.00973	0.01535	0.00784	0.01031	0.00619	0.00419	0.00404	0.00137	0.00508	0.00359	0.00234	0.00594
13	0.01145	0.09472	0.06510	0.04584	0.12119	0.09759	0.07608	0.02569	0.08416	0.11391	0.02602	0.05757	0.08936	0.00581	0.00439	0.00133	0.00483	0.01931	0.00317	0.05249
14	0.02114	0.03179	0.02568	0.22018	0.06367	0.02119	0.07955	0.05326	0.02154	0.02147	0.11172	0.06496	0.08782	0.02732	0.06065	0.00189	0.04168	0.00557	0.03399	0.00495
15	0.00546	0.00426	0.00494	0.00532	0.00627	0.00377	0.00382	0.00655	0.00964	0.01222	0.10893	0.33563	0.41209	0.02693	0.00571	0.00166	0.00244	0.03647	0.00415	0.00371
16	0.00647	0.00507	0.02129	0.00731	0.06172	0.00447	0.00497	0.00789	0.01004	0.03758	0.21705	0.37261	0.18692	0.01101	0.00531	0.00159	0.00271	0.02766	0.00415	0.00417
17	0.01062	0.06161	0.12117	0.07931	0.17371	0.03210	0.33146	0.03204	0.01015	0.02644	0.00839	0.01083	0.00651	0.00411	0.00495	0.00138	0.03919	0.00420	0.00224	0.03958
18	0.03235	0.56124	0.05125	0.00861	0.01211	0.21454	0.00799	0.01425	0.00983	0.01100	0.00645	0.00747	0.00568	0.00397	0.00318	0.00101	0.00550	0.00253	0.00203	0.03902
19	0.00552	0.00436	0.00470	0.00482	0.00585	0.00383	0.00338	0.00644	0.00932	0.01154	0.07783	0.14762	0.52180	0.16332	0.00842	0.00204	0.00265	0.00916	0.00388	0.00354

[dist]
# distance from previous block
# <min> <max>
10	20

[block]
# block no. 1 follows, 59 sequences, length 29
# corresponding to MSA columns:
# 590-615,618-620
name=unknown_B
#
# <colnr> <probs for GDERKNQSTAVLIFYWHMCP>
#	G	D	E	R	K	N	Q	S	T	A	V	L	I	F	Y	W	H	M	C	P
0	0.00878	0.03825	0.76917	0.01215	0.01838	0.01011	0.01558	0.01367	0.00941	0.01396	0.02814	0.01055	0.02361	0.00445	0.00422	0.00139	0.00629	0.00349	0.00199	0.00639
1	0.00923	0.00877	0.01479	0.54712	0.28818	0.01014	0.01262	0.01201	0.00918	0.01230	0.00795	0.01144	0.00625	0.00435	0.00467	0.00143	0.02804	0.00393	0.00204	0.00559
2	0.00886	0.02285	0.82190	0.01259	0.01912	0.01026	0.01632	0.01399	0.00932	0.01399	0.00793	0.00932	0.00559	0.00420	0.00420	0.00140	0.00653	0.00326	0.00186	0.00653
3	0.01650	0.02105	0.01252	0.01138	0.01365	0.82705	0.00853	0.01764	0.01252	0.01081	0.00683	0.00796	0.00569	0.00455	0.00398	0.00114	0.00796	0.00284	0.00228	0.00512
4	0.00544	0.00448	0.00478	0.00471	0.00610	0.00382	0.00353	0.00677	0.01059	0.01317	0.20996	0.04046	0.64945	0.01072	0.00522	0.00147	0.00220	0.00904	0.00426	0.00382
5	0.00728	0.00427	0.00610	0.00626	0.00664	0.00435	0.00447	0.00703	0.00703	0.03193	0.01298	0.13107	0.01368	0.08910	0.17143	0.40825	0.00527	0.07724	0.00266	0.00295
6	0.01099	0.00949	0.00999	0.00899	0.01148	0.01099	0.00699	0.02347	0.80925	0.01848	0.01798	0.01648	0.01348	0.00599	0.00449	0.00150	0.00350	0.00499	0.00449	0.00699
7	0.00556	0.00447	0.00492	0.00484	0.00613	0.00387	0.00359	0.00693	0.01066	0.01354	0.27208	0.05460	0.54829	0.03399	0.00571	0.00155	0.00226	0.00891	0.00429	0.00383
8	0.00916	0.00785	0.00916	0.00654	0.01047	0.00589	0.00523	0.01112	0.00916	0.01439	0.00785	0.00916	0.00654	0.00327	0.00327	0.00065	0.00327	0.00262	0.00262	0.87178
9	0.01650	0.02105	0.01252	0.01138	0.01365	0.82705	0.00853	0.01764	0.01252	0.01081	0.00683	0.00796	0.00569	0.00455	0.00398	0.00114	0.00796	0.00284	0.00228	0.00512
10	0.00596	0.00430	0.00524	0.00565	0.00623	0.00405	0.00394	0.00681	0.00871	0.01136	0.08924	0.28218	0.17925	0.24222	0.01043	0.01736	0.00315	0.10677	0.00373	0.00344
11	0.00538	0.00387	0.00510	0.00609	0.00639	0.00359	0.00407	0.00616	0.00851	0.01130	0.02505	0.81427	0.05639	0.01375	0.00562	0.00178	0.00255	0.01244	0.00410	0.00359
12	0.00864	0.00491	0.00499	0.00484	0.00608	0.00513	0.00366	0.01224	0.12762	0.01676	0.01494	0.01647	0.01164	0.00527	0.00330	0.00110	0.00227	0.00425	0.74135	0.00454
13	0.00637	0.00460	0.00563	0.00569	0.00683	0.00421	0.00441	0.00803	0.01086	0.02743	0.33398	0.07758	0.26565	0.03089	0.00572	0.00161	0.00260	0.15089	0.04301	0.00400
14	0.35271	0.00893	0.00882	0.00762	0.01030	0.00995	0.00616	0.15052	0.20068	0.10106	0.01233	0.02989	0.00980	0.02545	0.00432	0.00150	0.00376	0.04645	0.00381	0.00594
15	0.00834	0.00785	0.01325	0.83417	0.03042	0.00981	0.01227	0.01128	0.00883	0.01128	0.00785	0.01178	0.00589	0.00442	0.00442	0.00147	0.00589	0.00393	0.00196	0.00491
16	0.02977	0.00513	0.00550	0.00528	0.00698	0.00456	0.00414	0.03513	0.01057	0.07382	0.03860	0.03906	0.63563	0.01046	0.00515	0.00152	0.00264	0.07770	0.00418	0.00420
17	0.03898	0.00536	0.00647	0.00595	0.00747	0.00501	0.00449	0.02934	0.02360	0.16346	0.26541	0.12416	0.16321	0.07604	0.00631	0.00168	0.00282	0.02017	0.04543	0.00466
18	0.00889	0.00603	0.00732	0.00724	0.00865	0.00616	0.00556	0.04964	0.17169	0.09330	0.06771	0.30734	0.05657	0.02210	0.00545	0.00169	0.00320	0.14049	0.02601	0.00496
19	0.01604	0.01162	0.01255	0.00983	0.01320	0.01283	0.00805	0.63045	0.14662	0.07425	0.01220	0.01181	0.00867	0.00542	0.00443	0.00136	0.00457	0.00417	0.00449	0.00743
20	0.00916	0.00785	0.00916	0.00654	0.01047	0.00589	0.00523	0.01112	0.00916	0.01439	0.00785	0.00916	0.00654	0.00327	0.00327	0.00065	0.00327	0.00262	0.00262	0.87178
21	0.02391	0.00465	0.00656	0.00661	0.00731	0.00525	0.00497	0.00778	0.00716	0.01053	0.01255	0.06250	0.01226	0.10847	0.61744	0.03981	0.00965	0.00521	0.04361	0.00375
22	0.00539	0.00401	0.00504	0.00585	0.00638	0.00365	0.00402	0.00626	0.00884	0.01146	0.02859	0.65487	0.19388	0.01324	0.00556	0.00174	0.00253	0.03096	0.00410	0.00363
23	0.67774	0.00942	0.00805	0.00681	0.00973	0.01078	0.00562	0.19515	0.01057	0.02167	0.00718	0.00797	0.00541	0.00438	0.00312	0.00136	0.00375	0.00276	0.00312	0.00541
24	0.00642	0.00478	0.00707	0.00709	0.00784	0.00549	0.00551	0.00788	0.00743	0.01062	0.04405	0.04983	0.01328	0.02945	0.68560	0.03626	0.02795	0.03697	0.00257	0.00389
25	0.00578	0.00421	0.00541	0.00593	0.00650	0.00396	0.00410	0.00717	0.02930	0.01308	0.23351	0.53767	0.07108	0.04311	0.00610	0.00176	0.00251	0.01077	0.00426	0.00380
26	0.00522	0.00447	0.00447	0.00447	0.00597	0.00373	0.00336	0.00634	0.01007	0.01193	0.04474	0.04250	0.81544	0.01119	0.00522	0.00149	0.00224	0.00932	0.00410	0.00373
27	0.00608	0.00448	0.00551	0.00560	0.00656	0.00419	0.00408	0.00797	0.03794	0.01472	0.37938	0.25401	0.17700	0.01093	0.02134	0.00162	0.00248	0.00914	0.04297	0.00402
28	0.03386	0.04025	0.03665	0.01337	0.03871	0.08183	0.30220	0.20563	0.01250	0.01696	0.00971	0.01157	0.02319	0.00486	0.00554	0.00141	0.09162	0.00433	0.05981	0.00598

[dist]
# distance from previous block
# <min> <max>
0	1

[block]
# block no. 2 follows, 59 sequences, length 27
# corresponding to MSA columns:
# 622-639,676-684
name=unknown_C
#
# <colnr> <probs for GDERKNQSTAVLIFYWHMCP>
#	G	D	E	R	K	N	Q	S	T	A	V	L	I	F	Y	W	H	M	C	P
0	0.27639	0.04807	0.10152	0.01066	0.01405	0.06793	0.16252	0.09783	0.03556	0.06458	0.00842	0.00971	0.00636	0.00462	0.00477	0.00141	0.07349	0.00356	0.00280	0.00579
1	0.01258	0.43675	0.10305	0.00975	0.01317	0.19232	0.03331	0.05951	0.01032	0.01200	0.00679	0.00808	0.00581	0.00441	0.00437	0.00116	0.07593	0.00287	0.00213	0.00568
2	0.00642	0.00451	0.00597	0.00597	0.00641	0.00492	0.00415	0.00729	0.00685	0.00966	0.01285	0.02259	0.01334	0.40225	0.43692	0.00564	0.00811	0.00549	0.02729	0.00337
3	0.05217	0.08816	0.15207	0.05736	0.04282	0.15522	0.13607	0.06090	0.05796	0.02946	0.00892	0.03552	0.00726	0.00492	0.00508	0.00137	0.07591	0.00393	0.00252	0.02239
4	0.00635	0.00459	0.00618	0.00625	0.00709	0.00437	0.02858	0.00747	0.00903	0.03348	0.12004	0.31714	0.16090	0.11407	0.10172	0.01599	0.00399	0.04521	0.00377	0.00379
5	0.04700	0.00755	0.01013	0.00779	0.01119	0.00660	0.00644	0.02125	0.01248	0.79488	0.01707	0.01478	0.01074	0.00542	0.00439	0.00137	0.00375	0.00438	0.00538	0.00743
6	0.00580	0.00415	0.00537	0.00616	0.00660	0.00393	0.00433	0.00672	0.00866	0.01144	0.04565	0.54226	0.07567	0.12189	0.00787	0.00213	0.00299	0.13088	0.00393	0.00357
7	0.30274	0.00734	0.00783	0.00683	0.00890	0.00796	0.00539	0.12014	0.02801	0.11922	0.05362	0.01283	0.00957	0.01029	0.10656	0.15452	0.00465	0.00381	0.02488	0.00490
8	0.00571	0.00412	0.00528	0.00585	0.00636	0.00384	0.00404	0.00674	0.00924	0.01239	0.17965	0.51030	0.08961	0.09539	0.00722	0.00195	0.00268	0.04189	0.00411	0.00364
9	0.00583	0.00415	0.00552	0.00634	0.00678	0.00394	0.00452	0.00689	0.00900	0.01204	0.09975	0.57402	0.02888	0.06957	0.00682	0.00196	0.00289	0.14337	0.00407	0.00366
10	0.19177	0.00599	0.00675	0.00602	0.00798	0.00581	0.00474	0.01180	0.01089	0.19127	0.30198	0.05590	0.14806	0.00781	0.00456	0.00143	0.00282	0.02510	0.00438	0.00493
11	0.00686	0.00452	0.00536	0.00524	0.00603	0.00424	0.00356	0.00778	0.00904	0.05790	0.18423	0.10522	0.18393	0.33460	0.03676	0.00273	0.00340	0.00766	0.02732	0.00363
12	0.01929	0.00740	0.01008	0.00777	0.01109	0.00640	0.00640	0.02101	0.01264	0.78906	0.04845	0.01573	0.01213	0.00561	0.00447	0.00137	0.00369	0.00458	0.00544	0.00739
13	0.75822	0.00857	0.00711	0.00617	0.00900	0.00969	0.00508	0.04093	0.00850	0.10265	0.00747	0.00810	0.00551	0.00428	0.00297	0.00137	0.00350	0.00266	0.00307	0.00516
14	0.00585	0.00431	0.00519	0.00537	0.00613	0.00397	0.00375	0.00697	0.00966	0.01281	0.25396	0.23069	0.22219	0.17494	0.00873	0.00210	0.00273	0.03298	0.00404	0.00362
15	0.01277	0.01037	0.01099	0.00935	0.01216	0.01182	0.00742	0.26288	0.56693	0.02135	0.01571	0.01467	0.01165	0.00578	0.00447	0.00144	0.00391	0.00468	0.00447	0.00715
16	0.01181	0.84744	0.02314	0.00756	0.01134	0.01748	0.00756	0.01323	0.00897	0.01039	0.00614	0.00708	0.00567	0.00378	0.00283	0.00094	0.00472	0.00236	0.00189	0.00567
17	0.03259	0.00419	0.00542	0.00614	0.00656	0.00403	0.00427	0.00680	0.00857	0.01177	0.08394	0.56525	0.02670	0.07899	0.00763	0.05690	0.00290	0.07996	0.00386	0.00353
18	0.00921	0.00489	0.00647	0.00645	0.00766	0.00439	0.00468	0.01033	0.00991	0.22397	0.07094	0.52180	0.07930	0.01117	0.00527	0.00164	0.00283	0.00993	0.00450	0.00466
19	0.01181	0.84744	0.02314	0.00756	0.01134	0.01748	0.00756	0.01323	0.00897	0.01039	0.00614	0.00708	0.00567	0.00378	0.00283	0.00094	0.00472	0.00236	0.00189	0.00567
20	0.87598	0.00854	0.00649	0.00581	0.00854	0.00991	0.00478	0.01298	0.00752	0.01982	0.00615	0.00717	0.00478	0.00410	0.00273	0.00137	0.00342	0.00239	0.00273	0.00478
21	0.00751	0.00493	0.00805	0.00724	0.00789	0.00486	0.09837	0.00703	0.00681	0.00912	0.01124	0.07406	0.03579	0.12266	0.07101	0.50842	0.00473	0.00518	0.00231	0.00281
22	0.00528	0.00448	0.00456	0.00454	0.00600	0.00376	0.00341	0.00646	0.01022	0.01229	0.09197	0.04192	0.76799	0.01105	0.00522	0.00149	0.00223	0.00924	0.00415	0.00376
23	0.01982	0.00752	0.01025	0.00786	0.01127	0.00649	0.00649	0.02152	0.01264	0.82029	0.01742	0.01503	0.01093	0.00547	0.00444	0.00137	0.00376	0.00444	0.00547	0.00752
24	0.00834	0.00785	0.01325	0.83417	0.03042	0.00981	0.01227	0.01128	0.00883	0.01128	0.00785	0.01178	0.00589	0.00442	0.00442	0.00147	0.00589	0.00393	0.00196	0.00491
25	0.01269	0.01337	0.01179	0.10863	0.05280	0.28830	0.00856	0.04378	0.36241	0.01494	0.01202	0.01242	0.00926	0.00524	0.00453	0.00137	0.02452	0.00403	0.00327	0.00607
26	0.00720	0.00406	0.00574	0.00574	0.00585	0.00417	0.00382	0.00620	0.00609	0.00824	0.00964	0.01740	0.01000	0.20105	0.13352	0.55713	0.00507	0.00453	0.00215	0.00237

[dist]
# distance from previous block
# <min> <max>
0	1

[block]
# block no. 3 follows, 59 sequences, length 34
# corresponding to MSA columns:
# 686-719
name=unknown_D
#
# <colnr> <probs for GDERKNQSTAVLIFYWHMCP>
#	G	D	E	R	K	N	Q	S	T	A	V	L	I	F	Y	W	H	M	C	P
0	0.16439	0.01338	0.01188	0.00963	0.01275	0.17512	0.00777	0.49382	0.03348	0.02286	0.00924	0.00961	0.00680	0.00496	0.00404	0.00130	0.00520	0.00350	0.00370	0.00655
1	0.01042	0.01191	0.02606	0.01862	0.02308	0.01117	0.80119	0.01415	0.01042	0.01415	0.00894	0.01191	0.00670	0.00372	0.00521	0.00149	0.00745	0.00521	0.00223	0.00596
2	0.01725	0.00885	0.01121	0.00970	0.07153	0.00867	0.00734	0.24414	0.01450	0.46258	0.01469	0.01421	0.00996	0.00541	0.00437	0.00134	0.00407	0.01892	0.06408	0.00718
3	0.01585	0.01191	0.01273	0.00997	0.01334	0.01326	0.00817	0.67689	0.14790	0.02633	0.01179	0.01155	0.00847	0.00541	0.00443	0.00135	0.00464	0.00414	0.00443	0.00743
4	0.01120	0.01110	0.01736	0.05994	0.72939	0.06614	0.01316	0.01374	0.01017	0.01405	0.00819	0.01076	0.00686	0.00400	0.00435	0.00131	0.00546	0.00386	0.00218	0.00678
5	0.00783	0.00462	0.00610	0.00646	0.00727	0.00432	0.00467	0.00885	0.00916	0.12582	0.04331	0.47247	0.03712	0.12074	0.00771	0.00208	0.00315	0.12009	0.00412	0.00411
6	0.87598	0.00854	0.00649	0.00581	0.00854	0.00991	0.00478	0.01298	0.00752	0.01982	0.00615	0.00717	0.00478	0.00410	0.00273	0.00137	0.00342	0.00239	0.00273	0.00478
7	0.01643	0.01219	0.01305	0.01009	0.01356	0.01353	0.00831	0.75458	0.06927	0.02726	0.01106	0.01097	0.00788	0.00534	0.00442	0.00134	0.00478	0.00404	0.00442	0.00748
8	0.00640	0.00427	0.00482	0.00485	0.00486	0.00427	0.00271	0.00642	0.00647	0.00863	0.01417	0.04846	0.01637	0.82479	0.02207	0.00422	0.00424	0.00657	0.00271	0.00270
9	0.00538	0.00384	0.00512	0.00615	0.00641	0.00359	0.00410	0.00615	0.00846	0.01127	0.02434	0.84190	0.02921	0.01384	0.00564	0.00179	0.00256	0.01256	0.00410	0.00359
10	0.01181	0.84744	0.02314	0.00756	0.01134	0.01748	0.00756	0.01323	0.00897	0.01039	0.00614	0.00708	0.00567	0.00378	0.00283	0.00094	0.00472	0.00236	0.00189	0.00567
11	0.00916	0.00785	0.00916	0.00654	0.01047	0.00589	0.00523	0.01112	0.00916	0.01439	0.00785	0.00916	0.00654	0.00327	0.00327	0.00065	0.00327	0.00262	0.00262	0.87178
12	0.00748	0.00488	0.00657	0.00709	0.00815	0.00468	0.00580	0.00923	0.01033	0.06753	0.14201	0.18921	0.05844	0.01130	0.00564	0.00179	0.00333	0.41903	0.03331	0.00421
13	0.01961	0.00785	0.01046	0.00802	0.01144	0.00699	0.00662	0.07503	0.01320	0.76600	0.01696	0.01473	0.01070	0.00546	0.00444	0.00136	0.00383	0.00441	0.00539	0.00752
14	0.01181	0.84744	0.02314	0.00756	0.01134	0.01748	0.00756	0.01323	0.00897	0.01039	0.00614	0.00708	0.00567	0.00378	0.00283	0.00094	0.00472	0.00236	0.00189	0.00567
15	0.01093	0.01049	0.01793	0.02711	0.81723	0.01049	0.01355	0.01355	0.01006	0.01443	0.00831	0.01093	0.00700	0.00394	0.00437	0.00131	0.00525	0.00394	0.00219	0.00700
16	0.00589	0.00440	0.00532	0.00552	0.00642	0.00406	0.00395	0.00752	0.03342	0.01377	0.28446	0.30780	0.22804	0.03934	0.00587	0.00164	0.00240	0.00962	0.02665	0.00389
17	0.00538	0.00384	0.00512	0.00615	0.00641	0.00359	0.00410	0.00615	0.00846	0.01127	0.02434	0.84190	0.02921	0.01384	0.00564	0.00179	0.00256	0.01256	0.00410	0.00359
18	0.00596	0.00457	0.00550	0.00546	0.00667	0.00411	0.00422	0.00766	0.01126	0.01489	0.41519	0.03881	0.34139	0.01027	0.00533	0.00151	0.00239	0.10636	0.00447	0.00398
19	0.54655	0.00839	0.00791	0.00670	0.00957	0.00913	0.00548	0.04499	0.06737	0.21874	0.03085	0.01059	0.00799	0.00475	0.00341	0.00138	0.00353	0.00329	0.00366	0.00571
20	0.01176	0.00959	0.01022	0.00882	0.01141	0.01082	0.00696	0.20618	0.53005	0.02033	0.07209	0.01745	0.05194	0.00628	0.00456	0.00145	0.00366	0.00516	0.00448	0.00677
21	0.00579	0.00421	0.00553	0.00646	0.00689	0.00405	0.00452	0.00719	0.04322	0.01177	0.02398	0.72972	0.02817	0.01334	0.00563	0.00180	0.00275	0.08709	0.00411	0.00378
22	0.00649	0.00434	0.00508	0.00498	0.00533	0.00424	0.00312	0.00720	0.00830	0.01161	0.23711	0.02926	0.02290	0.55902	0.01645	0.00327	0.00353	0.00671	0.05790	0.00318
23	0.00624	0.00461	0.00552	0.00582	0.00676	0.00431	0.00414	0.00812	0.06443	0.03375	0.14793	0.40879	0.24341	0.02788	0.00568	0.00167	0.00253	0.01014	0.00425	0.00403
24	0.01540	0.01100	0.01194	0.00952	0.01273	0.01212	0.00775	0.50945	0.22648	0.10059	0.01326	0.01267	0.00947	0.00550	0.00442	0.00137	0.00435	0.00429	0.02038	0.00731
25	0.00568	0.00406	0.00547	0.00649	0.00688	0.00385	0.00462	0.00667	0.00875	0.01161	0.02418	0.70417	0.02855	0.01355	0.00572	0.00184	0.00282	0.14730	0.00409	0.00367
26	0.09892	0.00950	0.00986	0.00853	0.01124	0.03776	0.00674	0.07023	0.49321	0.16423	0.01579	0.01464	0.01148	0.00560	0.00426	0.00143	0.00374	0.00448	0.02156	0.00678
27	0.00726	0.00488	0.00675	0.00657	0.00724	0.00533	0.00490	0.04166	0.00791	0.01112	0.06740	0.05125	0.04528	0.04242	0.35669	0.25135	0.03520	0.00516	0.03810	0.00352
28	0.07458	0.00673	0.00882	0.00740	0.00953	0.00663	0.06813	0.04969	0.08676	0.15913	0.32112	0.02274	0.05631	0.00693	0.00460	0.00138	0.00319	0.01601	0.08497	0.00534
29	0.26196	0.28223	0.10624	0.02026	0.02996	0.15804	0.00811	0.03660	0.00970	0.04165	0.00705	0.00804	0.00567	0.00417	0.00332	0.00119	0.00513	0.00273	0.00240	0.00555
30	0.00589	0.00460	0.00583	0.00658	0.00690	0.02080	0.00455	0.00669	0.00846	0.01124	0.02325	0.74758	0.04736	0.01316	0.00620	0.00178	0.05981	0.01168	0.00391	0.00371
31	0.00562	0.00444	0.00509	0.00538	0.00651	0.00393	0.00405	0.00687	0.00994	0.01245	0.10939	0.18898	0.47770	0.02861	0.00576	0.00167	0.00257	0.11315	0.00414	0.00377
32	0.00968	0.00816	0.00944	0.00679	0.01069	0.00642	0.00545	0.06534	0.00995	0.01531	0.00804	0.00926	0.00661	0.00341	0.00335	0.00070	0.00338	0.00271	0.00274	0.81257
33	0.00627	0.00443	0.00536	0.00543	0.00648	0.00396	0.00395	0.00748	0.01024	0.04534	0.25496	0.23057	0.31863	0.02341	0.00604	0.03663	0.00245	0.02020	0.00426	0.00389

[dist]
# distance from previous block
# <min> <max>
0	1

[block]
# block no. 4 follows, 59 sequences, length 27
# corresponding to MSA columns:
# 721-747
name=unknown_E
#
# <colnr> <probs for GDERKNQSTAVLIFYWHMCP>
#	G	D	E	R	K	N	Q	S	T	A	V	L	I	F	Y	W	H	M	C	P
0	0.01052	0.00675	0.00884	0.00708	0.00956	0.00593	0.02996	0.05204	0.00952	0.14649	0.03207	0.02856	0.02592	0.03249	0.07180	0.18158	0.00432	0.00405	0.00312	0.32939
1	0.00538	0.00384	0.00512	0.00615	0.00641	0.00359	0.00410	0.00615	0.00846	0.01127	0.02434	0.84190	0.02921	0.01384	0.00564	0.00179	0.00256	0.01256	0.00410	0.00359
2	0.01200	0.00924	0.01003	0.00887	0.01146	0.01042	0.00698	0.04259	0.68258	0.10581	0.01787	0.01701	0.01335	0.00607	0.00453	0.00149	0.00357	0.02457	0.00459	0.00699
3	0.29567	0.00724	0.00735	0.00645	0.00866	0.00774	0.00515	0.11099	0.02754	0.13513	0.04225	0.06799	0.01120	0.00693	0.03952	0.00158	0.00362	0.01613	0.19356	0.00527
4	0.00627	0.00452	0.00567	0.00629	0.00704	0.00431	0.00450	0.00802	0.06159	0.03321	0.04973	0.56699	0.13625	0.01246	0.00550	0.00173	0.00272	0.07502	0.00418	0.00399
5	0.00856	0.00659	0.00716	0.00691	0.00843	0.00564	0.00498	0.00929	0.01275	0.01684	0.34625	0.04120	0.48188	0.01189	0.00636	0.00195	0.00320	0.00947	0.00527	0.00539
6	0.00860	0.00646	0.00730	0.00726	0.00852	0.00561	0.00514	0.00927	0.01244	0.01675	0.34880	0.20457	0.31438	0.01241	0.00645	0.00201	0.00326	0.01012	0.00528	0.00537
7	0.05502	0.00702	0.00841	0.00715	0.00925	0.00695	0.00551	0.11292	0.07227	0.29395	0.10699	0.08263	0.01659	0.17015	0.00809	0.00199	0.00369	0.02139	0.00438	0.00565
8	0.01115	0.00980	0.01500	0.80083	0.03159	0.01129	0.01319	0.01325	0.01062	0.01396	0.01063	0.01549	0.00853	0.00625	0.00560	0.00197	0.00675	0.00482	0.00293	0.00635
9	0.04863	0.81170	0.02243	0.00748	0.01122	0.01715	0.00744	0.01321	0.00891	0.01079	0.00614	0.00709	0.00563	0.00379	0.00283	0.00096	0.00467	0.00236	0.00193	0.00563
10	0.00644	0.00464	0.00582	0.00563	0.00667	0.00432	0.00414	0.00852	0.03806	0.03001	0.56398	0.12617	0.12330	0.04527	0.00596	0.00157	0.00233	0.00843	0.00460	0.00414
11	0.04362	0.00564	0.00697	0.00634	0.00784	0.00534	0.00467	0.02791	0.03073	0.24651	0.10549	0.17190	0.06260	0.19334	0.00904	0.02400	0.00338	0.02257	0.01732	0.00478
12	0.00538	0.00384	0.00512	0.00615	0.00641	0.00359	0.00410	0.00615	0.00846	0.01127	0.02434	0.84190	0.02921	0.01384	0.00564	0.00179	0.00256	0.01256	0.00410	0.00359
13	0.00673	0.00464	0.00570	0.00546	0.00669	0.00416	0.00409	0.00837	0.01134	0.06296	0.45959	0.09170	0.25548	0.03072	0.00565	0.00153	0.00235	0.02409	0.00456	0.00416
14	0.23247	0.00824	0.00885	0.00745	0.01019	0.00862	0.00605	0.12717	0.12872	0.24934	0.04488	0.02992	0.07706	0.00617	0.00419	0.00142	0.00360	0.03527	0.00427	0.00612
15	0.08666	0.00772	0.00993	0.00771	0.01103	0.00699	0.00636	0.05276	0.01251	0.70424	0.01694	0.01492	0.03055	0.00550	0.00433	0.00137	0.00374	0.00438	0.00517	0.00721
16	0.47627	0.00799	0.00815	0.00671	0.00971	0.00826	0.00553	0.01667	0.00990	0.37498	0.02955	0.01125	0.00835	0.00482	0.00355	0.00137	0.00354	0.00343	0.00399	0.00598
17	0.01006	0.00712	0.00777	0.00669	0.00793	0.00758	0.00468	0.28540	0.01145	0.01532	0.01276	0.02249	0.01306	0.55060	0.01615	0.00325	0.00448	0.00557	0.00329	0.00437
18	0.00707	0.00519	0.00783	0.00716	0.00837	0.00536	0.05346	0.00889	0.00940	0.04664	0.27994	0.02330	0.04728	0.04673	0.41793	0.00435	0.00744	0.00603	0.00338	0.00424
19	0.00533	0.00448	0.00462	0.00459	0.00603	0.00377	0.00344	0.00654	0.01032	0.01253	0.12419	0.04152	0.73562	0.01096	0.00522	0.00148	0.00222	0.00918	0.00418	0.00377
20	0.00842	0.00796	0.01326	0.78402	0.02927	0.01004	0.01211	0.01124	0.00871	0.01124	0.00772	0.01165	0.00588	0.00462	0.00503	0.00150	0.05654	0.00392	0.00196	0.00490
21	0.00631	0.00473	0.00710	0.00710	0.00789	0.00552	0.00552	0.00789	0.00710	0.01025	0.01183	0.01735	0.01104	0.03312	0.82728	0.00710	0.01183	0.00473	0.00237	0.00394
22	0.00798	0.00748	0.01168	0.25303	0.15718	0.02119	0.07168	0.01016	0.00970	0.01257	0.05362	0.08037	0.21592	0.00730	0.00508	0.00150	0.02213	0.04361	0.00295	0.00489
23	0.01663	0.01229	0.01316	0.01013	0.01363	0.01362	0.00836	0.78052	0.04302	0.02757	0.01081	0.01077	0.00768	0.00532	0.00442	0.00133	0.00482	0.00401	0.00442	0.00750
24	0.00537	0.00388	0.00509	0.00605	0.00638	0.00360	0.00405	0.00616	0.00855	0.01131	0.02559	0.79317	0.07714	0.01368	0.00561	0.00178	0.00254	0.01236	0.00410	0.00360
25	0.00916	0.00785	0.00916	0.00654	0.01047	0.00589	0.00523	0.01112	0.00916	0.01439	0.00785	0.00916	0.00654	0.00327	0.00327	0.00065	0.00327	0.00262	0.00262	0.87178
26	0.01000	0.00823	0.01085	0.00975	0.11458	0.00677	0.02962	0.01207	0.00951	0.06193	0.00896	0.01109	0.00744	0.00385	0.00381	0.00087	0.01731	0.02743	0.00275	0.64320

[dist]
# distance from previous block
# <min> <max>
0	1

[block]
# block no. 5 follows, 59 sequences, length 47
# corresponding to MSA columns:
# 749-795
name=unknown_F
#
# <colnr> <probs for GDERKNQSTAVLIFYWHMCP>
#	G	D	E	R	K	N	Q	S	T	A	V	L	I	F	Y	W	H	M	C	P
0	0.00918	0.00793	0.00934	0.00676	0.01051	0.00621	0.00542	0.01110	0.00906	0.01423	0.00776	0.00918	0.00651	0.00346	0.00375	0.00071	0.03865	0.00267	0.00259	0.83498
1	0.00930	0.00883	0.01485	0.45246	0.36489	0.00983	0.01241	0.01203	0.00941	0.01265	0.00971	0.01280	0.04294	0.00452	0.00443	0.00140	0.00545	0.00417	0.00215	0.00574
2	0.01110	0.00973	0.01004	0.00904	0.01153	0.02812	0.00702	0.02335	0.79252	0.01831	0.01774	0.01630	0.01332	0.00596	0.00448	0.00149	0.00359	0.00495	0.00445	0.00695
3	0.00566	0.00396	0.00508	0.00582	0.00606	0.00375	0.00379	0.00624	0.00809	0.01078	0.03730	0.62472	0.04289	0.18544	0.00934	0.02005	0.00293	0.01096	0.00378	0.00338
4	0.01581	0.01072	0.01200	0.00977	0.03033	0.04115	0.02005	0.40884	0.12679	0.20289	0.03524	0.02242	0.01018	0.00550	0.00444	0.00134	0.00444	0.00437	0.00446	0.02924
5	0.00857	0.00806	0.01359	0.71237	0.12551	0.00972	0.01219	0.01141	0.00897	0.01167	0.00838	0.03530	0.00669	0.00463	0.00445	0.00146	0.00571	0.00417	0.00205	0.00512
6	0.00626	0.00469	0.00699	0.00705	0.00781	0.00542	0.00545	0.00780	0.00717	0.01031	0.01249	0.06080	0.01200	0.03211	0.78399	0.00682	0.01134	0.00514	0.00246	0.00392
7	0.00636	0.00426	0.00484	0.00490	0.00491	0.00424	0.00276	0.00641	0.00654	0.00873	0.01454	0.07752	0.01684	0.79509	0.02147	0.00413	0.00418	0.00679	0.00276	0.00273
8	0.01198	0.81682	0.02275	0.00770	0.01142	0.04747	0.00759	0.01339	0.00911	0.01041	0.00617	0.00712	0.00567	0.00381	0.00288	0.00095	0.00484	0.00238	0.00190	0.00565
9	0.01165	0.00619	0.00805	0.00674	0.00912	0.00533	0.00536	0.01347	0.01150	0.30643	0.26650	0.07596	0.03739	0.00726	0.00467	0.00132	0.00306	0.05485	0.00456	0.16058
10	0.01207	0.01002	0.01059	0.00921	0.01190	0.01149	0.00725	0.16845	0.66251	0.02022	0.01660	0.01538	0.01237	0.00586	0.00448	0.00147	0.00375	0.00480	0.00448	0.00709
11	0.00917	0.00903	0.01176	0.01047	0.01072	0.05430	0.00853	0.01020	0.00742	0.01078	0.00915	0.11140	0.00969	0.01037	0.07396	0.00227	0.60133	0.03255	0.00232	0.00460
12	0.01602	0.00698	0.00925	0.00737	0.01024	0.00620	0.00597	0.01838	0.05446	0.57434	0.18983	0.01878	0.01756	0.00618	0.00457	0.00135	0.00336	0.00517	0.00518	0.03879
13	0.01154	0.01023	0.01027	0.00917	0.01170	0.05411	0.00713	0.05803	0.73198	0.01849	0.01706	0.01577	0.01280	0.00589	0.00446	0.00147	0.00379	0.00483	0.00437	0.00692
14	0.01613	0.00670	0.00907	0.00723	0.01000	0.00586	0.00586	0.01794	0.01260	0.60226	0.23406	0.01991	0.01928	0.00643	0.00465	0.00137	0.00330	0.00540	0.00530	0.00661
15	0.01036	0.01258	0.08540	0.01914	0.11457	0.01102	0.65071	0.01407	0.01030	0.01417	0.00879	0.01160	0.00665	0.00378	0.00504	0.00146	0.00712	0.00492	0.00220	0.00612
16	0.00537	0.00387	0.00509	0.00607	0.00639	0.00359	0.00407	0.00616	0.00853	0.01130	0.02528	0.80523	0.06528	0.01372	0.00562	0.00178	0.00255	0.01241	0.00410	0.00359
17	0.01679	0.01062	0.14386	0.01044	0.05054	0.00785	0.07284	0.03923	0.01201	0.56680	0.01460	0.01355	0.00945	0.00504	0.00446	0.00138	0.00460	0.00428	0.00444	0.00721
18	0.00916	0.00785	0.00916	0.00654	0.01047	0.00589	0.00523	0.01112	0.00916	0.01439	0.00785	0.00916	0.00654	0.00327	0.00327	0.00065	0.00327	0.00262	0.00262	0.87178
19	0.01052	0.00900	0.00961	0.00881	0.01113	0.01034	0.00686	0.02192	0.73041	0.01787	0.01855	0.05610	0.01483	0.00668	0.00463	0.00154	0.00348	0.04657	0.00445	0.00668
20	0.03536	0.00501	0.00625	0.03846	0.03574	0.00514	0.00437	0.00820	0.03709	0.03117	0.01648	0.20166	0.03259	0.43762	0.05845	0.00329	0.00430	0.03210	0.00313	0.00360
21	0.00659	0.00506	0.00536	0.00518	0.00680	0.00454	0.00391	0.00876	0.08210	0.05839	0.05259	0.08096	0.64291	0.01050	0.00513	0.00150	0.00245	0.00880	0.00423	0.00424
22	0.01679	0.01237	0.01325	0.01016	0.01370	0.01370	0.00839	0.80251	0.02077	0.02783	0.01060	0.01060	0.00751	0.00530	0.00442	0.00133	0.00486	0.00398	0.00442	0.00751
23	0.01093	0.01049	0.01793	0.02711	0.81723	0.01049	0.01355	0.01355	0.01006	0.01443	0.00831	0.01093	0.00700	0.00394	0.00437	0.00131	0.00525	0.00394	0.00219	0.00700
24	0.00610	0.00436	0.00535	0.00536	0.00625	0.00401	0.00387	0.00751	0.01050	0.01443	0.40091	0.15843	0.17888	0.08364	0.00701	0.02388	0.00246	0.02355	0.04972	0.00380
25	0.01650	0.02105	0.01252	0.01138	0.01365	0.82705	0.00853	0.01764	0.01252	0.01081	0.00683	0.00796	0.00569	0.00455	0.00398	0.00114	0.00796	0.00284	0.00228	0.00512
26	0.01119	0.00959	0.01010	0.00903	0.01156	0.01108	0.00704	0.05102	0.78136	0.01881	0.01772	0.01627	0.01327	0.00597	0.00449	0.00149	0.00354	0.00496	0.00449	0.00701
27	0.28199	0.00756	0.00810	0.00701	0.00945	0.00787	0.00555	0.06401	0.09727	0.24575	0.08829	0.11802	0.01431	0.02040	0.00443	0.00148	0.00340	0.00521	0.00417	0.00572
28	0.00613	0.00451	0.00568	0.00548	0.00652	0.00413	0.00409	0.00795	0.01171	0.01618	0.62456	0.05040	0.14899	0.04789	0.00604	0.00157	0.00229	0.03724	0.00461	0.00402
29	0.01042	0.01191	0.02606	0.01862	0.02308	0.01117	0.80119	0.01415	0.01042	0.01415	0.00894	0.01191	0.00670	0.00372	0.00521	0.00149	0.00745	0.00521	0.00223	0.00596
30	0.00538	0.00384	0.00512	0.00615	0.00641	0.00359	0.00410	0.00615	0.00846	0.01127	0.02434	0.84190	0.02921	0.01384	0.00564	0.00179	0.00256	0.01256	0.00410	0.00359
31	0.01208	0.00668	0.00807	0.00703	0.00904	0.00658	0.00547	0.13259	0.05971	0.24594	0.10336	0.16769	0.03916	0.04326	0.00539	0.00155	0.00329	0.02363	0.11389	0.00561
32	0.00924	0.00593	0.00726	0.00718	0.00853	0.00601	0.00534	0.01304	0.20219	0.14053	0.02087	0.38223	0.02124	0.07101	0.00644	0.00186	0.00324	0.07856	0.00430	0.00500
33	0.00772	0.00503	0.00633	0.00579	0.00720	0.00464	0.00442	0.01007	0.04635	0.10033	0.58922	0.03176	0.14640	0.00883	0.00510	0.00141	0.00234	0.00768	0.00480	0.00457
34	0.38763	0.00752	0.00786	0.00653	0.00925	0.00766	0.00526	0.01601	0.00974	0.36624	0.01211	0.01285	0.00872	0.07333	0.00510	0.00159	0.00356	0.00370	0.04958	0.00576
35	0.18604	0.00802	0.00838	0.00715	0.00971	0.00842	0.00571	0.14658	0.15289	0.16301	0.02050	0.04553	0.19314	0.00682	0.00430	0.00142	0.00342	0.00541	0.01774	0.00583
36	0.05761	0.00988	0.01040	0.00895	0.01166	0.01123	0.00709	0.19877	0.54737	0.03394	0.04377	0.01522	0.01263	0.00583	0.00441	0.00145	0.00375	0.00472	0.00441	0.00690
37	0.00546	0.00391	0.00520	0.00618	0.00650	0.00365	0.00420	0.00630	0.00862	0.01147	0.03945	0.78600	0.04192	0.01365	0.00564	0.00179	0.00260	0.03974	0.00411	0.00362
38	0.24632	0.00817	0.00929	0.00758	0.01063	0.00819	0.00625	0.07707	0.06864	0.44836	0.01426	0.01454	0.00998	0.00548	0.00408	0.00141	0.00375	0.04494	0.00452	0.00657
39	0.01862	0.00836	0.01067	0.00822	0.01156	0.00784	0.00677	0.17819	0.01427	0.62633	0.05026	0.01491	0.01156	0.00559	0.00447	0.00136	0.00391	0.00450	0.00523	0.00737
40	0.00984	0.00807	0.00968	0.00757	0.04518	0.00631	0.00572	0.03183	0.00963	0.04591	0.00831	0.00950	0.00676	0.00344	0.00339	0.00073	0.00342	0.00278	0.00275	0.77919
41	0.00699	0.00494	0.00604	0.00562	0.00696	0.00453	0.00428	0.03913	0.01215	0.05093	0.54265	0.04609	0.22331	0.00936	0.00517	0.00143	0.00233	0.01910	0.00467	0.00433
42	0.00706	0.00433	0.00532	0.00528	0.00546	0.00433	0.00325	0.00692	0.00665	0.03734	0.01327	0.05988	0.01467	0.58522	0.06926	0.15561	0.00457	0.00606	0.00268	0.00283
43	0.21853	0.13194	0.06863	0.00956	0.01191	0.15789	0.03287	0.04136	0.00917	0.01399	0.00685	0.00873	0.00580	0.00518	0.00636	0.00141	0.22707	0.00313	0.03441	0.00521
44	0.00634	0.00443	0.00577	0.00585	0.00623	0.00474	0.00398	0.00711	0.00693	0.00968	0.01388	0.08732	0.01488	0.42105	0.35523	0.00518	0.00723	0.00614	0.02473	0.00331
45	0.02675	0.00573	0.00677	0.00625	0.00777	0.00561	0.00476	0.04678	0.11215	0.03736	0.43816	0.10093	0.12630	0.00880	0.00499	0.00143	0.00259	0.01710	0.00452	0.03526
46	0.10989	0.54854	0.04989	0.00820	0.01169	0.11064	0.00773	0.04198	0.04395	0.01261	0.00695	0.00784	0.00597	0.00412	0.00328	0.00108	0.01513	0.00264	0.00223	0.00565

[dist]
# distance from previous block
# <min> <max>
0	2

[block]
# block no. 6 follows, 59 sequences, length 24
# corresponding to MSA columns:
# 798-821
name=unknown_G
#
# <colnr> <probs for GDERKNQSTAVLIFYWHMCP>
#	G	D	E	R	K	N	Q	S	T	A	V	L	I	F	Y	W	H	M	C	P
0	0.00971	0.00963	0.01351	0.01143	0.01185	0.01297	0.03139	0.01127	0.03914	0.01123	0.00648	0.00997	0.00617	0.00732	0.01326	0.00184	0.73777	0.00388	0.00208	0.04909
1	0.00944	0.00846	0.05039	0.00700	0.01070	0.00634	0.00593	0.04446	0.02088	0.03618	0.05930	0.01280	0.02821	0.00427	0.00365	0.00085	0.00344	0.02416	0.00297	0.66055
2	0.02787	0.00593	0.00760	0.00663	0.00854	0.00558	0.00515	0.01327	0.03300	0.31954	0.15703	0.08246	0.14344	0.06488	0.07787	0.00213	0.02281	0.00651	0.00444	0.00532
3	0.00544	0.00395	0.00516	0.00606	0.00645	0.00366	0.00413	0.00632	0.00876	0.01159	0.05233	0.73393	0.08829	0.01343	0.00560	0.00176	0.00256	0.03282	0.00412	0.00363
4	0.00935	0.03100	0.16174	0.01410	0.07800	0.01038	0.25963	0.01240	0.03045	0.01314	0.02155	0.11276	0.00974	0.00602	0.00681	0.00155	0.17905	0.00526	0.00243	0.03462
5	0.32360	0.00719	0.00742	0.00652	0.00877	0.00773	0.00523	0.06222	0.05056	0.14702	0.06799	0.01515	0.05293	0.00963	0.12667	0.00220	0.00454	0.00421	0.08521	0.00522
6	0.00588	0.00414	0.00543	0.00631	0.00672	0.00396	0.00439	0.02277	0.00884	0.01190	0.02343	0.71113	0.02757	0.03028	0.00591	0.00183	0.00276	0.07998	0.03307	0.00371
7	0.00829	0.00440	0.00554	0.00538	0.00595	0.00448	0.00380	0.04803	0.00784	0.01198	0.01050	0.01483	0.00925	0.03117	0.02542	0.47368	0.00339	0.00402	0.31900	0.00306
8	0.11777	0.00557	0.00720	0.00687	0.00806	0.00628	0.00534	0.04446	0.00791	0.04460	0.01103	0.01554	0.00990	0.04070	0.54955	0.07890	0.00908	0.00433	0.02275	0.00416
9	0.00619	0.00431	0.00539	0.00568	0.00646	0.00394	0.00400	0.00733	0.00975	0.04131	0.22093	0.38916	0.17331	0.08014	0.00681	0.00183	0.00259	0.02281	0.00422	0.00383
10	0.01099	0.00949	0.00999	0.00899	0.01148	0.01099	0.00699	0.02347	0.80925	0.01848	0.01798	0.01648	0.01348	0.00599	0.00449	0.00150	0.00350	0.00499	0.00449	0.00699
11	0.26136	0.00806	0.00930	0.00740	0.01061	0.00787	0.00610	0.05045	0.03383	0.53991	0.01398	0.01268	0.00913	0.00509	0.00396	0.00137	0.00370	0.00386	0.00462	0.00673
12	0.10323	0.00658	0.00771	0.00663	0.00872	0.00639	0.00511	0.06022	0.04998	0.29415	0.09365	0.09123	0.09680	0.12518	0.00703	0.00183	0.00340	0.00602	0.02072	0.00542
13	0.01207	0.01002	0.01060	0.00921	0.01190	0.01149	0.00725	0.16856	0.66241	0.02022	0.01660	0.01538	0.01237	0.00586	0.00448	0.00147	0.00375	0.00480	0.00448	0.00709
14	0.01099	0.00949	0.00999	0.00899	0.01148	0.01099	0.00699	0.02347	0.80925	0.01848	0.01798	0.01648	0.01348	0.00599	0.00449	0.00150	0.00350	0.00499	0.00449	0.00699
15	0.00667	0.00458	0.00560	0.00546	0.00664	0.00409	0.00403	0.00818	0.01100	0.06585	0.38898	0.16377	0.27051	0.02766	0.00559	0.00154	0.00236	0.00886	0.00450	0.00412
16	0.01715	0.00717	0.00952	0.00755	0.01057	0.00637	0.00619	0.04101	0.02678	0.64204	0.08617	0.01920	0.06229	0.00633	0.00461	0.00140	0.00356	0.02997	0.00524	0.00689
17	0.22545	0.00993	0.01064	0.00839	0.01167	0.01056	0.00692	0.35984	0.03336	0.26273	0.01174	0.01123	0.00801	0.00508	0.00402	0.00135	0.00415	0.00376	0.00433	0.00684
18	0.35072	0.00791	0.00880	0.00707	0.01022	0.00781	0.00583	0.01822	0.01066	0.51091	0.01307	0.01200	0.00856	0.00494	0.00378	0.00137	0.00363	0.00365	0.00441	0.00646
19	0.03505	0.00479	0.00579	0.00582	0.00706	0.00436	0.00431	0.00875	0.01000	0.11131	0.13480	0.30380	0.26577	0.03202	0.00566	0.00166	0.00269	0.04784	0.00429	0.00423
20	0.01641	0.01200	0.01285	0.00989	0.01331	0.01327	0.00816	0.76708	0.02025	0.02733	0.01077	0.01087	0.00768	0.00529	0.00436	0.00131	0.00473	0.00398	0.04310	0.00736
21	0.00631	0.00473	0.00710	0.00710	0.00789	0.00552	0.00552	0.00789	0.00710	0.01025	0.01183	0.01735	0.01104	0.03312	0.82728	0.00710	0.01183	0.00473	0.00237	0.00394
22	0.00628	0.00437	0.00531	0.00553	0.00652	0.00390	0.00396	0.00738	0.00990	0.05377	0.17368	0.34898	0.30785	0.01164	0.00566	0.02473	0.00246	0.00994	0.00425	0.00390
23	0.00646	0.00493	0.00591	0.00602	0.00696	0.00492	0.00436	0.00883	0.09759	0.01274	0.14463	0.19853	0.18956	0.14731	0.09686	0.00262	0.00388	0.05004	0.00384	0.00400

[dist]
# distance from previous block
# <min> <max>
1	2

[block]
# block no. 7 follows, 59 sequences, length 11
# corresponding to MSA columns:
# 824-834
name=unknown_H
#
# <colnr> <probs for GDERKNQSTAVLIFYWHMCP>
#	G	D	E	R	K	N	Q	S	T	A	V	L	I	F	Y	W	H	M	C	P
0	0.01003	0.00969	0.01645	0.09700	0.58395	0.00990	0.06014	0.01254	0.00984	0.01373	0.01193	0.01425	0.08943	0.00485	0.00490	0.00138	0.03675	0.00456	0.00235	0.00633
1	0.04112	0.26472	0.03720	0.01100	0.06049	0.46677	0.00863	0.04022	0.01134	0.01179	0.00684	0.00797	0.00579	0.00429	0.00365	0.00111	0.00657	0.00280	0.00223	0.00549
2	0.01098	0.00959	0.01080	0.01084	0.09381	0.01094	0.00766	0.02246	0.72760	0.01806	0.01699	0.01591	0.01282	0.00578	0.00448	0.00148	0.00367	0.00489	0.00426	0.00699
3	0.00633	0.00467	0.00678	0.00678	0.00746	0.00535	0.00512	0.00768	0.00700	0.01002	0.01212	0.01897	0.01174	0.14692	0.71445	0.00670	0.01077	0.00497	0.00241	0.00377
4	0.01041	0.01006	0.01720	0.15868	0.61153	0.01058	0.04186	0.01303	0.00968	0.01368	0.00811	0.01103	0.00673	0.00423	0.00500	0.00138	0.05421	0.00398	0.00214	0.00649
5	0.00583	0.00435	0.00492	0.00507	0.00578	0.00405	0.00342	0.00655	0.00842	0.01070	0.05023	0.13664	0.33421	0.32724	0.04994	0.00285	0.00354	0.02941	0.00350	0.00334
6	0.00628	0.00490	0.00654	0.00802	0.08925	0.00469	0.00495	0.00773	0.04051	0.01199	0.05696	0.50329	0.13749	0.08758	0.00692	0.00190	0.00296	0.01017	0.00382	0.00403
7	0.01108	0.01023	0.01495	0.18142	0.32331	0.06606	0.06481	0.08675	0.05828	0.03707	0.00956	0.01203	0.00762	0.00733	0.08850	0.00195	0.00620	0.00411	0.00260	0.00613
8	0.04652	0.03354	0.01604	0.07490	0.43176	0.15421	0.05215	0.05947	0.01092	0.03941	0.00827	0.01033	0.00668	0.00424	0.00440	0.00130	0.01905	0.00370	0.00244	0.02068
9	0.01129	0.09630	0.04312	0.09857	0.35386	0.05648	0.05127	0.04286	0.02652	0.05434	0.02165	0.03504	0.00807	0.00470	0.00475	0.00132	0.04595	0.00407	0.00253	0.03733
10	0.02369	0.02099	0.01371	0.03661	0.30022	0.06279	0.02376	0.16050	0.10367	0.02752	0.02798	0.04194	0.03086	0.00519	0.00461	0.00131	0.02721	0.00440	0.00312	0.07992

[dist]
# distance from previous block
# <min> <max>
0	15

# created by:
# /st0/software/busco_prod/Augustus/scripts/msa2prfl.pl ./align_prep/130497.fa
