[name]
unknown

[dist]
# distance from previous block
# <min> <max>
5	176

[block]
# block no. 0 follows, 61 sequences, length 6
# corresponding to MSA columns:
# 276-281
name=unknown_A
#
# <colnr> <probs for GDERKNQSTAVLIFYWHMCP>
#	G	D	E	R	K	N	Q	S	T	A	V	L	I	F	Y	W	H	M	C	P
0	0.03800	0.00784	0.05555	0.02033	0.01081	0.00718	0.09916	0.11508	0.03248	0.04520	0.12743	0.18573	0.10668	0.02047	0.00531	0.00149	0.03131	0.02460	0.02351	0.04181
1	0.05718	0.00778	0.06486	0.11281	0.06631	0.00753	0.00741	0.05539	0.03743	0.05436	0.17371	0.12592	0.07801	0.00742	0.00549	0.00147	0.08353	0.01927	0.02919	0.00492
2	0.01021	0.00999	0.01335	0.56306	0.11618	0.11308	0.01129	0.08807	0.01031	0.01284	0.00784	0.01082	0.00599	0.00435	0.00425	0.00136	0.00583	0.00370	0.00221	0.00529
3	0.02426	0.00886	0.01206	0.16306	0.03475	0.09245	0.12881	0.06247	0.03329	0.01285	0.01007	0.04452	0.00875	0.03708	0.15580	0.02838	0.05835	0.00447	0.07495	0.00479
4	0.00692	0.00526	0.00847	0.00763	0.00878	0.00566	0.09596	0.00853	0.00767	0.01128	0.04289	0.01697	0.01147	0.05096	0.52853	0.05403	0.00880	0.00472	0.11152	0.00395
5	0.01388	0.01042	0.01236	0.01099	0.08933	0.01156	0.00821	0.50583	0.01634	0.05804	0.11138	0.01320	0.01141	0.00578	0.00552	0.00137	0.09951	0.00437	0.00392	0.00657

[dist]
# distance from previous block
# <min> <max>
0	4

[block]
# block no. 1 follows, 61 sequences, length 28
# corresponding to MSA columns:
# 286-313
name=unknown_B
#
# <colnr> <probs for GDERKNQSTAVLIFYWHMCP>
#	G	D	E	R	K	N	Q	S	T	A	V	L	I	F	Y	W	H	M	C	P
0	0.09538	0.04619	0.05982	0.00894	0.01156	0.07245	0.00772	0.15529	0.01168	0.25062	0.02432	0.01287	0.03807	0.00577	0.00600	0.00142	0.16400	0.01834	0.00357	0.00602
1	0.17211	0.02986	0.01387	0.02780	0.41599	0.01025	0.02100	0.08855	0.07169	0.09440	0.00945	0.01069	0.00727	0.00429	0.00397	0.00131	0.00451	0.00367	0.00290	0.00645
2	0.01112	0.04437	0.16745	0.00969	0.01378	0.06862	0.10614	0.05430	0.02613	0.10076	0.00925	0.02360	0.00713	0.00408	0.00387	0.00106	0.00481	0.00345	0.00276	0.33762
3	0.00909	0.00904	0.07197	0.05102	0.07136	0.00686	0.00697	0.01190	0.05304	0.01407	0.00823	0.00959	0.00668	0.00351	0.00346	0.00083	0.00372	0.00289	0.00253	0.65324
4	0.00577	0.00430	0.00590	0.06945	0.00835	0.00426	0.00489	0.00710	0.02471	0.01174	0.08062	0.64460	0.02706	0.01218	0.00539	0.00171	0.00284	0.07148	0.00390	0.00374
5	0.01303	0.01048	0.01161	0.01053	0.07147	0.01176	0.00785	0.34332	0.43013	0.02147	0.01390	0.01333	0.01030	0.00542	0.00434	0.00138	0.00408	0.00439	0.00419	0.00703
6	0.00560	0.00425	0.00569	0.00686	0.05085	0.00396	0.00443	0.00661	0.00882	0.01170	0.08461	0.61139	0.13860	0.01261	0.02099	0.00175	0.00273	0.01087	0.00392	0.00375
7	0.01077	0.21450	0.21468	0.01302	0.18335	0.04766	0.04239	0.01339	0.00952	0.08749	0.01037	0.01171	0.04839	0.00655	0.06684	0.00166	0.00571	0.00369	0.00240	0.00593
8	0.00719	0.00854	0.15286	0.00742	0.00905	0.06782	0.00644	0.00875	0.00878	0.03279	0.03603	0.47433	0.04671	0.08230	0.01836	0.00189	0.00390	0.01931	0.00338	0.00418
9	0.00530	0.00437	0.00465	0.00458	0.00595	0.00373	0.00344	0.00659	0.01031	0.01281	0.20522	0.03952	0.65768	0.01047	0.00509	0.00143	0.00215	0.00882	0.00415	0.00373
10	0.05388	0.01357	0.25022	0.20662	0.08302	0.04341	0.09418	0.08279	0.07355	0.04444	0.00905	0.01074	0.00666	0.00436	0.00423	0.00137	0.00565	0.00376	0.00251	0.00599
11	0.02346	0.26162	0.20291	0.01158	0.05894	0.07467	0.12215	0.06842	0.05159	0.07306	0.00863	0.00961	0.00660	0.00417	0.00386	0.00122	0.00551	0.00340	0.00249	0.00610
12	0.00813	0.00766	0.01292	0.83826	0.02967	0.00957	0.01196	0.01101	0.00861	0.01101	0.00766	0.01148	0.00574	0.00431	0.00431	0.00144	0.00574	0.00383	0.00191	0.00479
13	0.00610	0.00440	0.00576	0.00542	0.00644	0.00406	0.00406	0.00813	0.01219	0.01727	0.81947	0.03218	0.04064	0.00881	0.00508	0.00135	0.00203	0.00779	0.00474	0.00406
14	0.00555	0.00400	0.00525	0.00611	0.00655	0.00376	0.00432	0.00650	0.00859	0.01134	0.04304	0.62556	0.07461	0.05059	0.00627	0.00187	0.00276	0.12582	0.00395	0.00355
15	0.00703	0.00616	0.00780	0.01009	0.15515	0.06538	0.00599	0.00813	0.00882	0.01152	0.01964	0.63244	0.02287	0.01107	0.00516	0.00162	0.00336	0.01002	0.00353	0.00421
16	0.00614	0.00448	0.00578	0.00549	0.00651	0.00417	0.00410	0.00831	0.02854	0.01693	0.75607	0.06295	0.05631	0.00897	0.00508	0.00137	0.00208	0.00793	0.00469	0.00409
17	0.00553	0.00382	0.00485	0.00567	0.00609	0.00356	0.00384	0.00644	0.00845	0.01158	0.02417	0.69900	0.08463	0.01241	0.00520	0.00165	0.00242	0.01114	0.09598	0.00356
18	0.01142	0.01186	0.01667	0.10396	0.52353	0.14824	0.07585	0.03239	0.01037	0.01346	0.00792	0.01033	0.00649	0.00400	0.00427	0.00128	0.00579	0.00376	0.00218	0.00624
19	0.00884	0.00466	0.00627	0.00642	0.00746	0.00422	0.00459	0.00982	0.00929	0.21868	0.02202	0.63368	0.02394	0.01141	0.00520	0.00164	0.00280	0.01023	0.00434	0.00448
20	0.00616	0.00458	0.00673	0.00673	0.00743	0.00528	0.00514	0.00757	0.00687	0.00986	0.01172	0.01790	0.01120	0.10347	0.76096	0.00668	0.01090	0.00476	0.00233	0.00374
21	0.01152	0.85121	0.02257	0.00737	0.01106	0.01704	0.00737	0.01290	0.00875	0.01013	0.00599	0.00691	0.00553	0.00369	0.00276	0.00092	0.00461	0.00230	0.00184	0.00553
22	0.01047	0.01004	0.01714	0.08818	0.76151	0.01018	0.01312	0.01305	0.00972	0.01384	0.00807	0.01072	0.00674	0.00387	0.00427	0.00129	0.00516	0.00384	0.00212	0.00667
23	0.00549	0.00438	0.00491	0.00478	0.00606	0.00380	0.00358	0.00695	0.01075	0.01385	0.34857	0.03781	0.51368	0.01008	0.00509	0.00142	0.00212	0.00858	0.00429	0.00380
24	0.01160	0.36457	0.05848	0.00879	0.02391	0.14940	0.00769	0.01627	0.23982	0.01311	0.04140	0.01103	0.00921	0.00468	0.00360	0.00115	0.00473	0.00344	0.02134	0.00578
25	0.01217	0.00759	0.00952	0.00709	0.01057	0.00623	0.01795	0.01434	0.03474	0.26766	0.03662	0.01173	0.00900	0.00420	0.00386	0.00094	0.01760	0.00341	0.00353	0.52124
26	0.01197	0.24816	0.26874	0.01076	0.04898	0.07215	0.03483	0.11804	0.06675	0.06768	0.00884	0.00955	0.00669	0.00432	0.00381	0.00122	0.00536	0.00328	0.00261	0.00626
27	0.01065	0.01027	0.01770	0.02622	0.80032	0.01025	0.03448	0.01324	0.00982	0.01407	0.00812	0.01069	0.00682	0.00383	0.00429	0.00128	0.00517	0.00387	0.00213	0.00680

[dist]
# distance from previous block
# <min> <max>
0	8

[block]
# block no. 2 follows, 61 sequences, length 43
# corresponding to MSA columns:
# 322-364
name=unknown_C
#
# <colnr> <probs for GDERKNQSTAVLIFYWHMCP>
#	G	D	E	R	K	N	Q	S	T	A	V	L	I	F	Y	W	H	M	C	P
0	0.00524	0.00377	0.00497	0.00593	0.00623	0.00350	0.00397	0.00601	0.00831	0.01102	0.02451	0.81474	0.05906	0.01340	0.00548	0.00174	0.00249	0.01212	0.00400	0.00350
1	0.01221	0.02891	0.01198	0.03200	0.10005	0.04446	0.02345	0.17637	0.46340	0.03895	0.01396	0.01357	0.01046	0.00529	0.00431	0.00138	0.00420	0.00438	0.00390	0.00676
2	0.00587	0.00408	0.00534	0.00592	0.00652	0.00375	0.00413	0.00691	0.00912	0.03468	0.15295	0.62016	0.06751	0.01218	0.00535	0.00165	0.00249	0.02932	0.00413	0.01794
3	0.01000	0.33193	0.49494	0.01040	0.01561	0.04396	0.01243	0.01350	0.00909	0.01221	0.00704	0.00823	0.00549	0.00395	0.00359	0.00119	0.00576	0.00284	0.00184	0.00600
4	0.01618	0.01197	0.01282	0.00987	0.01328	0.01327	0.00814	0.78009	0.04787	0.02683	0.01059	0.01054	0.00753	0.00519	0.00431	0.00130	0.00469	0.00391	0.00431	0.00731
5	0.00942	0.00942	0.01319	0.01131	0.01131	0.01319	0.00942	0.01037	0.00660	0.01037	0.00565	0.00942	0.00565	0.00754	0.01414	0.00188	0.84073	0.00377	0.00188	0.00471
6	0.00626	0.00418	0.00470	0.00470	0.00470	0.00418	0.00261	0.00626	0.00626	0.00835	0.01357	0.02819	0.01566	0.84862	0.02192	0.00418	0.00418	0.00626	0.00261	0.00261
7	0.00566	0.00452	0.00520	0.00548	0.00675	0.00406	0.00438	0.00703	0.00980	0.01208	0.05961	0.05603	0.54118	0.01183	0.03099	0.00177	0.00296	0.22297	0.00396	0.00374
8	0.01492	0.06660	0.06455	0.01132	0.03852	0.66612	0.00883	0.01690	0.05240	0.01121	0.00728	0.00831	0.00597	0.00443	0.00387	0.00114	0.00720	0.00291	0.00228	0.00526
9	0.01152	0.85121	0.02257	0.00737	0.01106	0.01704	0.00737	0.01290	0.00875	0.01013	0.00599	0.00691	0.00553	0.00369	0.00276	0.00092	0.00461	0.00230	0.00184	0.00553
10	0.00524	0.00376	0.00498	0.00596	0.00624	0.00350	0.00398	0.00600	0.00828	0.01101	0.02419	0.82776	0.04624	0.01344	0.00549	0.00174	0.00249	0.01217	0.00400	0.00350
11	0.87904	0.00833	0.00633	0.00566	0.00833	0.00966	0.00467	0.01266	0.00733	0.01933	0.00600	0.00700	0.00467	0.00400	0.00267	0.00133	0.00333	0.00233	0.00267	0.00467
12	0.00525	0.00375	0.00500	0.00600	0.00625	0.00350	0.00400	0.00600	0.00825	0.01100	0.02374	0.84580	0.02849	0.01350	0.00550	0.00175	0.00250	0.01225	0.00400	0.00350
13	0.01152	0.85121	0.02257	0.00737	0.01106	0.01704	0.00737	0.01290	0.00875	0.01013	0.00599	0.00691	0.00553	0.00369	0.00276	0.00092	0.00461	0.00230	0.00184	0.00553
14	0.01637	0.01207	0.01293	0.00991	0.01336	0.01336	0.00819	0.80738	0.02025	0.02715	0.01034	0.01034	0.00733	0.00517	0.00431	0.00129	0.00474	0.00388	0.00431	0.00733
15	0.00525	0.00375	0.00500	0.00600	0.00625	0.00350	0.00400	0.00600	0.00825	0.01100	0.02374	0.84580	0.02849	0.01350	0.00550	0.00175	0.00250	0.01225	0.00400	0.00350
16	0.01152	0.85121	0.02257	0.00737	0.01106	0.01704	0.00737	0.01290	0.00875	0.01013	0.00599	0.00691	0.00553	0.00369	0.00276	0.00092	0.00461	0.00230	0.00184	0.00553
17	0.00942	0.00942	0.01319	0.01131	0.01131	0.01319	0.00942	0.01037	0.00660	0.01037	0.00565	0.00942	0.00565	0.00754	0.01414	0.00188	0.84073	0.00377	0.00188	0.00471
18	0.00603	0.00440	0.00566	0.00535	0.00639	0.00404	0.00401	0.00800	0.01203	0.01690	0.76757	0.03280	0.09278	0.00895	0.00508	0.00136	0.00204	0.00788	0.00469	0.00404
19	0.00864	0.02228	0.82630	0.01228	0.01864	0.01000	0.01592	0.01364	0.00909	0.01364	0.00773	0.00909	0.00546	0.00409	0.00409	0.00136	0.00637	0.00318	0.00182	0.00637
20	0.00589	0.00439	0.00547	0.00520	0.00631	0.00398	0.00390	0.00772	0.01170	0.01610	0.65840	0.03410	0.20245	0.00924	0.00508	0.00138	0.00206	0.00806	0.00459	0.00398
21	0.00509	0.00436	0.00436	0.00436	0.00582	0.00364	0.00327	0.00618	0.00982	0.01164	0.04364	0.04146	0.82000	0.01091	0.00509	0.00145	0.00218	0.00909	0.00400	0.00364
22	0.00694	0.00496	0.00694	0.00793	0.00892	0.00496	0.00694	0.00892	0.00992	0.01289	0.02281	0.04859	0.02479	0.01190	0.00595	0.00198	0.00397	0.79275	0.00397	0.00397
23	0.01933	0.00733	0.01000	0.00766	0.01100	0.00633	0.00633	0.02099	0.01233	0.82473	0.01699	0.01466	0.01066	0.00533	0.00433	0.00133	0.00367	0.00433	0.00533	0.00733
24	0.00647	0.00479	0.00628	0.00698	0.00808	0.00461	0.00595	0.00825	0.01000	0.01281	0.06561	0.04614	0.21148	0.01152	0.00571	0.00183	0.00346	0.57214	0.00401	0.00389
25	0.00864	0.02228	0.82630	0.01228	0.01864	0.01000	0.01592	0.01364	0.00909	0.01364	0.00773	0.00909	0.00546	0.00409	0.00409	0.00136	0.00637	0.00318	0.00182	0.00637
26	0.01152	0.85121	0.02257	0.00737	0.01106	0.01704	0.00737	0.01290	0.00875	0.01013	0.00599	0.00691	0.00553	0.00369	0.00276	0.00092	0.00461	0.00230	0.00184	0.00553
27	0.00874	0.05225	0.79724	0.01210	0.01837	0.01026	0.01561	0.01361	0.00908	0.01351	0.00767	0.00902	0.00546	0.00408	0.00404	0.00135	0.00630	0.00315	0.00182	0.00634
28	0.00626	0.00418	0.00470	0.00470	0.00470	0.00418	0.00261	0.00626	0.00626	0.00835	0.01357	0.02819	0.01566	0.84862	0.02192	0.00418	0.00418	0.00626	0.00261	0.00261
29	0.83812	0.00815	0.00629	0.00568	0.00827	0.00942	0.00468	0.01251	0.00743	0.01910	0.00658	0.00819	0.00529	0.00421	0.00275	0.00134	0.00332	0.02093	0.02311	0.00463
30	0.00680	0.00492	0.00627	0.00737	0.10515	0.00492	0.00391	0.00712	0.00670	0.00906	0.01290	0.02603	0.01457	0.74476	0.01975	0.00382	0.00429	0.00597	0.00255	0.00313
31	0.00833	0.02008	0.72542	0.01143	0.01714	0.00927	0.01446	0.01296	0.00948	0.01409	0.10753	0.01193	0.00978	0.00467	0.00421	0.00136	0.00583	0.00375	0.00218	0.00608
32	0.00578	0.00496	0.00502	0.00490	0.00648	0.00451	0.00371	0.00824	0.10868	0.01242	0.04043	0.03833	0.72080	0.01029	0.00500	0.00146	0.00233	0.00857	0.00405	0.00403
33	0.00882	0.00721	0.00833	0.00609	0.00957	0.00553	0.00485	0.01075	0.00894	0.01429	0.00844	0.00981	0.00695	0.00341	0.00317	0.00068	0.00304	0.00273	0.10951	0.76787
34	0.01248	0.74746	0.02103	0.00741	0.01105	0.01573	0.00724	0.01389	0.00919	0.11028	0.00734	0.00786	0.00616	0.00389	0.00296	0.00097	0.00449	0.00255	0.00227	0.00575
35	0.15207	0.00752	0.02137	0.02603	0.01021	0.00791	0.00658	0.09139	0.15801	0.08370	0.08877	0.02568	0.03232	0.00765	0.00478	0.00157	0.01514	0.25008	0.00394	0.00528
36	0.01085	0.74710	0.02051	0.00713	0.01049	0.01545	0.00696	0.01231	0.00918	0.01101	0.10600	0.01002	0.00985	0.00431	0.00305	0.00097	0.00429	0.00298	0.00220	0.00535
37	0.01770	0.00697	0.00948	0.00739	0.01044	0.00605	0.00605	0.01941	0.01231	0.72546	0.11565	0.01681	0.01435	0.00576	0.00442	0.00134	0.00346	0.00476	0.00526	0.00693
38	0.00834	0.04553	0.68484	0.01147	0.01696	0.00944	0.02951	0.01268	0.00900	0.01321	0.00966	0.11194	0.00831	0.00523	0.00424	0.00140	0.00585	0.00431	0.00209	0.00598
39	0.00921	0.00863	0.01452	0.27782	0.47376	0.00920	0.01169	0.01164	0.00924	0.01274	0.00989	0.11359	0.00915	0.00517	0.00443	0.00139	0.00499	0.00487	0.00229	0.00578
40	0.00537	0.00380	0.00496	0.00584	0.00606	0.00358	0.00383	0.00603	0.00800	0.01067	0.02249	0.74528	0.02691	0.11617	0.00752	0.00205	0.00271	0.01151	0.00383	0.00339
41	0.00681	0.00560	0.00604	0.00640	0.00720	0.06670	0.00459	0.00825	0.03933	0.02853	0.10752	0.47359	0.12349	0.03515	0.00585	0.00169	0.01641	0.04904	0.00391	0.00391
42	0.00930	0.01038	0.11384	0.43877	0.22932	0.01000	0.01226	0.03754	0.07170	0.01316	0.00863	0.01130	0.00661	0.00431	0.00428	0.00138	0.00545	0.00383	0.00222	0.00574

[dist]
# distance from previous block
# <min> <max>
0	5

[block]
# block no. 3 follows, 61 sequences, length 16
# corresponding to MSA columns:
# 370-385
name=unknown_D
#
# <colnr> <probs for GDERKNQSTAVLIFYWHMCP>
#	G	D	E	R	K	N	Q	S	T	A	V	L	I	F	Y	W	H	M	C	P
0	0.01068	0.00869	0.00987	0.00721	0.01095	0.00754	0.00583	0.19840	0.01160	0.01712	0.00829	0.00926	0.00660	0.00366	0.00345	0.00079	0.00356	0.00286	0.00297	0.67066
1	0.07671	0.00829	0.01138	0.05722	0.16205	0.00807	0.00789	0.07189	0.04097	0.47588	0.01358	0.01299	0.00913	0.00491	0.00418	0.00133	0.00406	0.00406	0.01858	0.00683
2	0.01037	0.55112	0.05649	0.00749	0.01052	0.01313	0.00719	0.01196	0.00851	0.05119	0.00832	0.02813	0.00752	0.01074	0.19811	0.00239	0.00623	0.00321	0.00217	0.00522
3	0.00537	0.00430	0.00446	0.00449	0.00557	0.00376	0.00314	0.00620	0.00893	0.01084	0.03596	0.06244	0.60689	0.20823	0.00907	0.00210	0.00266	0.00852	0.00367	0.00339
4	0.00633	0.00439	0.00548	0.00543	0.00648	0.00395	0.00398	0.00783	0.01074	0.05507	0.41718	0.22496	0.21171	0.01021	0.00514	0.00147	0.00226	0.00896	0.00443	0.00400
5	0.00829	0.00770	0.01331	0.40446	0.07612	0.00851	0.15202	0.01081	0.02755	0.01135	0.00962	0.01558	0.00856	0.20300	0.00857	0.00207	0.00548	0.00466	0.01773	0.00463
6	0.00926	0.00525	0.00765	0.00710	0.00847	0.00561	0.00561	0.01082	0.00820	0.20183	0.01282	0.01639	0.01074	0.02596	0.63677	0.00561	0.00968	0.00455	0.00302	0.00467
7	0.00562	0.00424	0.00520	0.00527	0.00622	0.00381	0.00383	0.00709	0.01061	0.01425	0.41987	0.22629	0.25098	0.01049	0.00518	0.00148	0.00218	0.00920	0.00436	0.00381
8	0.12086	0.00657	0.00796	0.00645	0.00908	0.00612	0.00525	0.01707	0.01084	0.51173	0.01487	0.01410	0.01003	0.00509	0.00378	0.00125	0.00318	0.00400	0.23564	0.00612
9	0.01004	0.65167	0.01843	0.00705	0.00992	0.01386	0.00658	0.01127	0.00863	0.01034	0.01017	0.20443	0.01093	0.00600	0.00341	0.00112	0.00411	0.00464	0.00235	0.00505
10	0.01211	0.00896	0.01458	0.20026	0.43082	0.00926	0.01120	0.01447	0.01004	0.20415	0.01002	0.01175	0.00745	0.00441	0.00460	0.00135	0.03137	0.00395	0.00283	0.00643
11	0.00838	0.04461	0.51551	0.01079	0.01520	0.04895	0.04420	0.01192	0.00902	0.01268	0.01138	0.20607	0.01093	0.00637	0.00464	0.00144	0.02461	0.00536	0.00237	0.00554
12	0.01152	0.85121	0.02257	0.00737	0.01106	0.01704	0.00737	0.01290	0.00875	0.01013	0.00599	0.00691	0.00553	0.00369	0.00276	0.00092	0.00461	0.00230	0.00184	0.00553
13	0.00567	0.00439	0.00516	0.00497	0.00617	0.00388	0.00373	0.00730	0.01118	0.01487	0.48873	0.03613	0.37288	0.00970	0.00508	0.00140	0.00210	0.00834	0.00443	0.00388
14	0.00618	0.00450	0.00634	0.00634	0.00691	0.00507	0.00466	0.00732	0.00675	0.00957	0.01207	0.01987	0.01205	0.24560	0.61999	0.00621	0.00961	0.00505	0.00239	0.00352
15	0.00844	0.09490	0.50586	0.01046	0.02922	0.00910	0.01188	0.01189	0.00891	0.03385	0.01155	0.20608	0.01105	0.00636	0.00450	0.00142	0.02118	0.00529	0.00243	0.00561

[dist]
# distance from previous block
# <min> <max>
0	8

# created by:
# /st0/software/busco_prod/Augustus/scripts/msa2prfl.pl ./align_prep/130558.fa
