[name]
unknown

[dist]
# distance from previous block
# <min> <max>
0	18

[block]
# block no. 0 follows, 65 sequences, length 32
# corresponding to MSA columns:
# 18-49
name=unknown_A
#
# <colnr> <probs for GDERKNQSTAVLIFYWHMCP>
#	G	D	E	R	K	N	Q	S	T	A	V	L	I	F	Y	W	H	M	C	P
0	0.00696	0.00479	0.00670	0.00755	0.00856	0.00476	0.00660	0.00884	0.00952	0.03603	0.02157	0.04537	0.02323	0.01116	0.00563	0.00187	0.00377	0.77940	0.00382	0.00387
1	0.03404	0.02750	0.44341	0.01247	0.03106	0.03747	0.21220	0.01242	0.00876	0.01266	0.00811	0.01071	0.00634	0.00644	0.07909	0.00180	0.02598	0.02205	0.00195	0.00554
2	0.02446	0.00679	0.00784	0.00632	0.00886	0.00605	0.00488	0.08574	0.06759	0.06352	0.05221	0.11416	0.04458	0.07595	0.00518	0.00124	0.00313	0.00469	0.00320	0.41360
3	0.00589	0.00443	0.00531	0.00525	0.00627	0.00412	0.00389	0.04470	0.01038	0.01386	0.36518	0.17781	0.25484	0.04198	0.00552	0.00151	0.00232	0.03892	0.00407	0.00375
4	0.01636	0.01061	0.01153	0.00891	0.01211	0.04571	0.00733	0.56572	0.01692	0.24515	0.01143	0.01087	0.00778	0.00494	0.00410	0.00123	0.00436	0.00377	0.00429	0.00689
5	0.06786	0.05599	0.01133	0.02944	0.01115	0.20545	0.00753	0.10996	0.05027	0.01320	0.05973	0.01093	0.01870	0.00699	0.05011	0.00165	0.27866	0.00362	0.00254	0.00490
6	0.00514	0.00373	0.00474	0.00539	0.00580	0.00345	0.00363	0.00594	0.00820	0.01087	0.09532	0.61970	0.11699	0.08284	0.00647	0.00180	0.00244	0.01048	0.00376	0.00333
7	0.00574	0.00417	0.00528	0.00502	0.00593	0.00385	0.00368	0.00743	0.01092	0.01524	0.68765	0.03108	0.10459	0.08407	0.00627	0.00154	0.00213	0.00740	0.00428	0.00371
8	0.01006	0.00955	0.01574	0.05858	0.71422	0.00977	0.01194	0.01343	0.09034	0.01366	0.00860	0.01071	0.00706	0.00387	0.00408	0.00124	0.00474	0.00376	0.00224	0.00642
9	0.00811	0.03489	0.08179	0.00778	0.02052	0.02138	0.06538	0.09114	0.10336	0.01624	0.42373	0.02257	0.07259	0.00680	0.00451	0.00129	0.00329	0.00594	0.00381	0.00487
10	0.01318	0.01022	0.01109	0.00910	0.01166	0.03326	0.00736	0.38011	0.29794	0.07183	0.01208	0.01186	0.00890	0.00539	0.00513	0.00135	0.09515	0.00401	0.00389	0.00648
11	0.00505	0.00394	0.00458	0.00489	0.00578	0.00348	0.00349	0.00609	0.00912	0.01164	0.14802	0.34293	0.41433	0.01103	0.00500	0.00148	0.00217	0.00961	0.00391	0.00348
12	0.00898	0.00728	0.00856	0.00614	0.00976	0.00550	0.00492	0.01079	0.00866	0.05176	0.00771	0.00877	0.00627	0.00314	0.00309	0.00064	0.00306	0.00251	0.00256	0.83991
13	0.01466	0.05379	0.01212	0.01044	0.01245	0.74030	0.00798	0.01571	0.01108	0.01002	0.00624	0.00749	0.00529	0.00443	0.00442	0.00111	0.07294	0.00270	0.00208	0.00476
14	0.00586	0.00440	0.00660	0.00660	0.00733	0.00513	0.00513	0.00733	0.00660	0.00953	0.01100	0.01613	0.01026	0.03079	0.83947	0.00660	0.01100	0.00440	0.00220	0.00367
15	0.00508	0.00362	0.00479	0.00570	0.00594	0.00340	0.00381	0.00579	0.00781	0.01040	0.02215	0.79552	0.02649	0.05244	0.00599	0.00178	0.00249	0.02974	0.00375	0.00330
16	0.01520	0.01010	0.05001	0.00892	0.01218	0.00996	0.03248	0.41346	0.08716	0.27485	0.03463	0.01217	0.00922	0.00503	0.00415	0.00127	0.00416	0.00402	0.00425	0.00677
17	0.39053	0.04598	0.00998	0.00866	0.04898	0.24727	0.00658	0.17060	0.01089	0.01690	0.00680	0.00766	0.00531	0.00413	0.00325	0.00118	0.00477	0.00270	0.00267	0.00516
18	0.00500	0.00357	0.00476	0.00572	0.00595	0.00333	0.00381	0.00572	0.00786	0.01048	0.02262	0.85306	0.02715	0.01286	0.00524	0.00167	0.00238	0.01167	0.00381	0.00333
19	0.00851	0.00730	0.00851	0.00608	0.00973	0.00547	0.00486	0.01034	0.00851	0.01338	0.00730	0.00851	0.00608	0.00304	0.00304	0.00061	0.00304	0.00243	0.00243	0.88083
20	0.00496	0.00411	0.00435	0.00441	0.00564	0.00349	0.00326	0.00606	0.00944	0.01157	0.11888	0.11537	0.67344	0.01043	0.00489	0.00140	0.00209	0.00882	0.00388	0.00349
21	0.00851	0.00730	0.00851	0.00608	0.00973	0.00547	0.00486	0.01034	0.00851	0.01338	0.00730	0.00851	0.00608	0.00304	0.00304	0.00061	0.00304	0.00243	0.00243	0.88083
22	0.01184	0.59966	0.04783	0.00887	0.05837	0.12788	0.00778	0.06066	0.00957	0.02576	0.00640	0.00730	0.00553	0.00374	0.00302	0.00097	0.00488	0.00249	0.00202	0.00543
23	0.01399	0.01073	0.01158	0.00923	0.01214	0.01210	0.00753	0.58624	0.21717	0.02305	0.01136	0.01117	0.00828	0.00518	0.00452	0.00130	0.03973	0.00392	0.00403	0.00676
24	0.00535	0.00405	0.00441	0.00445	0.00519	0.00368	0.00297	0.00602	0.00807	0.01015	0.07655	0.09166	0.40810	0.33880	0.01111	0.00241	0.00283	0.00775	0.00334	0.00310
25	0.65737	0.00770	0.00659	0.03081	0.00876	0.00886	0.00489	0.02845	0.10397	0.01754	0.00853	0.07043	0.00727	0.00473	0.00302	0.00131	0.00320	0.00331	0.01863	0.00465
26	0.88473	0.00794	0.00603	0.00540	0.00794	0.00921	0.00445	0.01207	0.00699	0.01842	0.00572	0.00667	0.00445	0.00381	0.00254	0.00127	0.00318	0.00222	0.00254	0.00445
27	0.00700	0.00360	0.00527	0.00527	0.00534	0.00357	0.00352	0.00539	0.00555	0.00733	0.00888	0.01407	0.04577	0.03334	0.01563	0.81933	0.00350	0.00386	0.00189	0.00188
28	0.00595	0.00397	0.00448	0.00451	0.00451	0.00396	0.00252	0.00596	0.00601	0.00802	0.01316	0.04616	0.01521	0.83605	0.02053	0.00393	0.00394	0.00610	0.00252	0.00251
29	0.00885	0.00830	0.01373	0.46648	0.31546	0.00949	0.01145	0.03510	0.00882	0.01195	0.00754	0.01069	0.00602	0.00483	0.02733	0.00147	0.04154	0.00367	0.00198	0.00530
30	0.00500	0.00357	0.00476	0.00572	0.00595	0.00333	0.00381	0.00572	0.00786	0.01048	0.02262	0.85306	0.02715	0.01286	0.00524	0.00167	0.00238	0.01167	0.00381	0.00333
31	0.69152	0.00873	0.00743	0.00630	0.00900	0.00999	0.00519	0.19088	0.00972	0.02007	0.00664	0.00738	0.00501	0.00406	0.00289	0.00126	0.00347	0.00255	0.00289	0.00501

[dist]
# distance from previous block
# <min> <max>
0	16

[block]
# block no. 1 follows, 65 sequences, length 28
# corresponding to MSA columns:
# 66-93
name=unknown_B
#
# <colnr> <probs for GDERKNQSTAVLIFYWHMCP>
#	G	D	E	R	K	N	Q	S	T	A	V	L	I	F	Y	W	H	M	C	P
0	0.05706	0.00433	0.00502	0.00485	0.00567	0.00415	0.00339	0.00717	0.00929	0.01319	0.41170	0.04767	0.14169	0.25658	0.00942	0.00210	0.00264	0.00696	0.00369	0.00343
1	0.00924	0.00877	0.01470	0.33993	0.49019	0.00953	0.01190	0.01214	0.04046	0.01243	0.00791	0.01066	0.00634	0.00390	0.00408	0.00128	0.00504	0.00369	0.00204	0.00576
2	0.01090	0.83414	0.04489	0.00716	0.01074	0.01605	0.00726	0.01231	0.00835	0.00975	0.00575	0.00664	0.00527	0.00352	0.00267	0.00089	0.00444	0.00222	0.00176	0.00529
3	0.00693	0.00364	0.00534	0.00534	0.00546	0.00364	0.00362	0.00548	0.00565	0.00748	0.00934	0.01424	0.05529	0.01488	0.05751	0.78449	0.00386	0.00391	0.00192	0.00198
4	0.04137	0.00451	0.00565	0.00566	0.00668	0.00417	0.00406	0.00882	0.00893	0.15761	0.11310	0.42816	0.09323	0.07878	0.00610	0.00169	0.00266	0.00865	0.01614	0.00404
5	0.01558	0.00899	0.01204	0.02460	0.11978	0.00897	0.04623	0.27569	0.02458	0.39006	0.01248	0.01199	0.00842	0.00475	0.00413	0.00126	0.00418	0.00396	0.01555	0.00676
6	0.00500	0.00357	0.00476	0.00572	0.00595	0.00333	0.00381	0.00572	0.00786	0.01048	0.02262	0.85306	0.02715	0.01286	0.00524	0.00167	0.00238	0.01167	0.00381	0.00333
7	0.00523	0.00411	0.00472	0.00469	0.00581	0.00360	0.00347	0.00657	0.01005	0.01304	0.33420	0.11769	0.45243	0.00989	0.00489	0.00138	0.00206	0.00850	0.00408	0.00360
8	0.00851	0.00730	0.00851	0.00608	0.00973	0.00547	0.00486	0.01034	0.00851	0.01338	0.00730	0.00851	0.00608	0.00304	0.00304	0.00061	0.00304	0.00243	0.00243	0.88083
9	0.00761	0.00618	0.00721	0.00562	0.00809	0.00494	0.00417	0.00892	0.00792	0.01194	0.03525	0.04993	0.01031	0.22580	0.00784	0.00155	0.00322	0.00390	0.00257	0.58703
10	0.08003	0.00754	0.00800	0.00727	0.00914	0.00854	0.00552	0.01722	0.53193	0.04098	0.03267	0.01685	0.01264	0.14632	0.05561	0.00210	0.00379	0.00469	0.00369	0.00547
11	0.01556	0.00652	0.00869	0.00696	0.00965	0.00580	0.00563	0.01764	0.05252	0.63699	0.11167	0.06121	0.03013	0.00601	0.00429	0.00130	0.00321	0.00503	0.00488	0.00634
12	0.00963	0.00514	0.00668	0.00613	0.00758	0.00479	0.00462	0.01159	0.05766	0.25430	0.26553	0.21252	0.02372	0.07784	0.00603	0.00162	0.00280	0.03280	0.00431	0.00470
13	0.00655	0.00448	0.00558	0.00549	0.00655	0.00420	0.00409	0.00852	0.05151	0.06254	0.38146	0.19450	0.14955	0.03601	0.00536	0.00149	0.00236	0.04854	0.01722	0.00397
14	0.42928	0.00737	0.00772	0.00634	0.00912	0.00754	0.00521	0.01583	0.02452	0.40159	0.04043	0.01113	0.00852	0.00461	0.00340	0.00127	0.00328	0.00335	0.00384	0.00566
15	0.85258	0.00790	0.00616	0.00547	0.00803	0.00909	0.00450	0.01236	0.00716	0.04865	0.00610	0.00694	0.00466	0.00386	0.00260	0.00127	0.00319	0.00229	0.00263	0.00454
16	0.00565	0.00426	0.00494	0.00510	0.00598	0.00393	0.00363	0.03736	0.00926	0.01203	0.14906	0.28538	0.31760	0.09938	0.00662	0.00173	0.00248	0.02652	0.01557	0.00353
17	0.33669	0.00879	0.00853	0.00714	0.00969	0.00987	0.00578	0.29332	0.13207	0.02050	0.06996	0.01133	0.00941	0.00485	0.00352	0.00126	0.00349	0.00357	0.05466	0.00555
18	0.00587	0.00439	0.00654	0.00654	0.00726	0.00510	0.00506	0.00729	0.00658	0.00949	0.01105	0.01641	0.01038	0.05236	0.81807	0.00653	0.01081	0.00444	0.00221	0.00363
19	0.00755	0.00529	0.00683	0.00686	0.00810	0.00542	0.00556	0.03810	0.10244	0.05861	0.18578	0.10110	0.04104	0.01191	0.10322	0.00218	0.00404	0.29777	0.00388	0.00434
20	0.03433	0.00985	0.01071	0.00855	0.01144	0.01076	0.00695	0.49993	0.17160	0.10248	0.05902	0.01319	0.03147	0.00538	0.00415	0.00127	0.00393	0.00423	0.00419	0.00656
21	0.00586	0.00440	0.00660	0.00660	0.00733	0.00513	0.00513	0.00733	0.00660	0.00953	0.01100	0.01613	0.01026	0.03079	0.83947	0.00660	0.01100	0.00440	0.00220	0.00367
22	0.00769	0.02579	0.01241	0.34195	0.14980	0.00795	0.09942	0.00984	0.00852	0.01138	0.03313	0.23094	0.01225	0.00641	0.00467	0.00142	0.02336	0.00594	0.00247	0.00466
23	0.01518	0.00722	0.00911	0.00741	0.01015	0.00693	0.00597	0.03686	0.20148	0.54489	0.06386	0.04740	0.01297	0.00568	0.00422	0.00131	0.00332	0.00472	0.00477	0.00655
24	0.00568	0.00401	0.00467	0.00471	0.00515	0.00385	0.00303	0.00617	0.00742	0.00975	0.10609	0.09259	0.18530	0.45908	0.05409	0.03186	0.00357	0.00696	0.00304	0.00294
25	0.00842	0.00631	0.03673	0.01087	0.26599	0.00590	0.00636	0.01055	0.00878	0.01444	0.01138	0.01374	0.00918	0.02559	0.00373	0.00113	0.00304	0.00380	0.54936	0.00472
26	0.00872	0.00761	0.00956	0.00853	0.11497	0.00602	0.00586	0.01063	0.00862	0.01338	0.00735	0.00872	0.00613	0.00312	0.00317	0.00069	0.00328	0.00259	0.00238	0.76867
27	0.01113	0.00916	0.08618	0.11330	0.12414	0.04031	0.00882	0.01304	0.00903	0.22414	0.02443	0.07372	0.00920	0.00659	0.03511	0.00159	0.18196	0.00435	0.01838	0.00544

[dist]
# distance from previous block
# <min> <max>
0	13

[block]
# block no. 2 follows, 65 sequences, length 63
# corresponding to MSA columns:
# 107-116,118-170
name=unknown_C
#
# <colnr> <probs for GDERKNQSTAVLIFYWHMCP>
#	G	D	E	R	K	N	Q	S	T	A	V	L	I	F	Y	W	H	M	C	P
0	0.39500	0.00872	0.00922	0.00842	0.06207	0.05873	0.06356	0.06526	0.04727	0.07031	0.02489	0.02650	0.06907	0.00486	0.00375	0.00127	0.02804	0.00367	0.01335	0.03603
1	0.00847	0.00776	0.01285	0.21977	0.18046	0.00813	0.13221	0.03116	0.02428	0.02570	0.06055	0.06415	0.08629	0.01469	0.00492	0.00135	0.04292	0.00499	0.02407	0.04527
2	0.00608	0.00427	0.00516	0.00495	0.00604	0.00392	0.00373	0.01816	0.01075	0.02647	0.50839	0.05616	0.20920	0.00856	0.00465	0.00130	0.00207	0.02109	0.09520	0.00384
3	0.01533	0.01956	0.01163	0.01058	0.01269	0.83926	0.00793	0.01639	0.01163	0.01005	0.00635	0.00740	0.00529	0.00423	0.00370	0.00106	0.00740	0.00264	0.00212	0.00476
4	0.00907	0.00931	0.04607	0.05648	0.02169	0.09490	0.07417	0.02220	0.00882	0.01244	0.01909	0.08621	0.00833	0.00481	0.00477	0.00106	0.09875	0.00386	0.02570	0.39227
5	0.04369	0.05081	0.01233	0.01227	0.20353	0.06662	0.04195	0.26165	0.05002	0.02885	0.02619	0.02146	0.02259	0.00477	0.00399	0.00120	0.01460	0.01258	0.11507	0.00583
6	0.00507	0.00414	0.00448	0.00445	0.00569	0.00355	0.00332	0.00630	0.00979	0.01226	0.21580	0.07389	0.61685	0.01006	0.00487	0.00138	0.00206	0.00852	0.00397	0.00355
7	0.00907	0.00979	0.06080	0.28424	0.29190	0.05703	0.08541	0.01153	0.00880	0.01179	0.00851	0.07350	0.00748	0.00474	0.00479	0.00135	0.05763	0.00427	0.00208	0.00530
8	0.00950	0.00894	0.01510	0.03699	0.70927	0.00895	0.01152	0.01175	0.00918	0.01303	0.00962	0.09479	0.00906	0.00481	0.00423	0.00129	0.00461	0.02902	0.00226	0.00607
9	0.01154	0.40810	0.11210	0.02400	0.03401	0.08125	0.00850	0.12925	0.05032	0.02736	0.00733	0.00829	0.00600	0.00425	0.00411	0.00112	0.07168	0.00288	0.00231	0.00562
10	0.01003	0.03171	0.23766	0.00912	0.02904	0.20440	0.00860	0.10426	0.02732	0.01407	0.13707	0.02690	0.11887	0.00578	0.00413	0.00124	0.00483	0.00457	0.01528	0.00512
11	0.01415	0.04345	0.02503	0.00800	0.02270	0.17014	0.00643	0.04935	0.01086	0.33490	0.01066	0.01045	0.00752	0.00420	0.00366	0.00101	0.00427	0.00321	0.00344	0.26658
12	0.01016	0.00975	0.01666	0.02520	0.83013	0.00975	0.01260	0.01260	0.00935	0.01341	0.00772	0.01016	0.00650	0.00366	0.00406	0.00122	0.00488	0.00366	0.00203	0.00650
13	0.00593	0.00441	0.00577	0.00539	0.00632	0.00425	0.00408	0.00779	0.01132	0.01602	0.77030	0.02993	0.05824	0.00839	0.00523	0.00132	0.03976	0.00729	0.00438	0.00389
14	0.00608	0.00426	0.00557	0.00521	0.00622	0.00392	0.00392	0.00801	0.01162	0.03380	0.81073	0.03031	0.03812	0.00832	0.00483	0.00129	0.00197	0.00735	0.00453	0.00394
15	0.01074	0.74830	0.02029	0.00746	0.01056	0.01572	0.00723	0.01221	0.02391	0.00983	0.00589	0.00702	0.00542	0.00396	0.00386	0.00099	0.09721	0.00240	0.00181	0.00521
16	0.03383	0.00653	0.00732	0.00678	0.00837	0.00697	0.00530	0.11525	0.22050	0.03008	0.12862	0.02530	0.07869	0.12624	0.00681	0.00178	0.00329	0.14489	0.03867	0.00478
17	0.02878	0.00449	0.00533	0.00506	0.00620	0.00419	0.00378	0.00767	0.00995	0.05393	0.37329	0.05611	0.30175	0.07196	0.03009	0.00169	0.02056	0.00740	0.00396	0.00379
18	0.01149	0.69964	0.05643	0.00772	0.01117	0.11706	0.00752	0.02997	0.00899	0.01020	0.00595	0.00685	0.00530	0.00365	0.00285	0.00093	0.00484	0.00232	0.00185	0.00528
19	0.00526	0.00417	0.00472	0.00458	0.00579	0.00364	0.00344	0.00667	0.01031	0.01335	0.37298	0.03578	0.49565	0.00955	0.00485	0.00135	0.00202	0.00814	0.00411	0.00364
20	0.00823	0.02123	0.83447	0.01170	0.01777	0.00953	0.01517	0.01300	0.00867	0.01300	0.00737	0.00867	0.00520	0.00390	0.00390	0.00130	0.00607	0.00303	0.00173	0.00607
21	0.01138	0.71185	0.06095	0.00770	0.01117	0.11845	0.00754	0.01284	0.00877	0.00987	0.00587	0.00679	0.00527	0.00362	0.00283	0.00092	0.00485	0.00229	0.00180	0.00524
22	0.00496	0.00408	0.00438	0.00459	0.00575	0.00350	0.00340	0.00598	0.00909	0.01103	0.03724	0.18830	0.64625	0.01089	0.00496	0.00146	0.00221	0.04469	0.00381	0.00346
23	0.26105	0.00853	0.00906	0.00757	0.01030	0.00931	0.01994	0.11998	0.29100	0.20311	0.01245	0.01179	0.00888	0.00484	0.00370	0.00131	0.00351	0.00372	0.00387	0.00607
24	0.00909	0.28362	0.57962	0.01023	0.01550	0.01164	0.01261	0.01278	0.00856	0.01195	0.00685	0.00801	0.00522	0.00378	0.00350	0.00117	0.00554	0.00277	0.00174	0.00582
25	0.01078	0.01030	0.01600	0.04632	0.64102	0.04710	0.04345	0.08374	0.03540	0.01438	0.00814	0.01023	0.00663	0.00386	0.00409	0.00123	0.00501	0.00369	0.00228	0.00637
26	0.01608	0.00731	0.00954	0.00792	0.03428	0.00685	0.00622	0.04388	0.13425	0.61107	0.06550	0.01496	0.01206	0.00531	0.00418	0.00129	0.00343	0.00438	0.00479	0.00671
27	0.01443	0.00696	0.00886	0.00708	0.00966	0.00656	0.00573	0.13825	0.02988	0.47321	0.23348	0.01786	0.01741	0.00596	0.00432	0.00127	0.00323	0.00496	0.00476	0.00614
28	0.00582	0.00396	0.00471	0.00487	0.00498	0.00398	0.00295	0.00607	0.00636	0.00852	0.01439	0.15199	0.01656	0.65312	0.07985	0.00379	0.00426	0.01841	0.00269	0.00272
29	0.00765	0.00383	0.00383	0.00383	0.00478	0.00383	0.00287	0.00956	0.00861	0.01530	0.01339	0.01530	0.01052	0.00478	0.00287	0.00096	0.00191	0.00383	0.87853	0.00383
30	0.00775	0.00730	0.01231	0.84587	0.02827	0.00912	0.01140	0.01049	0.00821	0.01049	0.00730	0.01094	0.00547	0.00410	0.00410	0.00137	0.00547	0.00365	0.00182	0.00456
31	0.00765	0.00383	0.00383	0.00383	0.00478	0.00383	0.00287	0.00956	0.00861	0.01530	0.01339	0.01530	0.01052	0.00478	0.00287	0.00096	0.00191	0.00383	0.87853	0.00383
32	0.00713	0.00357	0.00535	0.00535	0.00535	0.00357	0.00357	0.00535	0.00535	0.00713	0.00713	0.01248	0.00713	0.01426	0.01604	0.88057	0.00357	0.00357	0.00178	0.00178
33	0.00877	0.00834	0.01416	0.49789	0.36828	0.00939	0.01191	0.01138	0.00869	0.01173	0.00748	0.01061	0.00591	0.00391	0.00409	0.00130	0.00522	0.00365	0.00191	0.00538
34	0.01489	0.01114	0.01192	0.00930	0.01246	0.01240	0.00763	0.71094	0.12597	0.02472	0.01076	0.01058	0.00772	0.00501	0.00412	0.00125	0.00435	0.00382	0.00412	0.00692
35	0.01055	0.01236	0.15820	0.02011	0.53358	0.04978	0.03531	0.09249	0.01034	0.01439	0.00802	0.01029	0.00650	0.00396	0.00407	0.00124	0.00521	0.01508	0.00222	0.00632
36	0.01388	0.01656	0.01300	0.01399	0.20189	0.58115	0.02503	0.04029	0.03502	0.01158	0.00711	0.00842	0.00585	0.00414	0.00383	0.00112	0.00660	0.00301	0.00222	0.00530
37	0.00681	0.00368	0.00510	0.00510	0.00510	0.00368	0.00326	0.00552	0.00552	0.00736	0.00875	0.01650	0.00931	0.24977	0.01740	0.63523	0.00368	0.00424	0.00198	0.00198
38	0.00851	0.00730	0.00851	0.00608	0.00973	0.00547	0.00486	0.01034	0.00851	0.01338	0.00730	0.00851	0.00608	0.00304	0.00304	0.00061	0.00304	0.00243	0.00243	0.88083
39	0.00594	0.00449	0.00671	0.00704	0.03253	0.00511	0.00519	0.00733	0.00676	0.00967	0.01180	0.07731	0.01151	0.05276	0.72890	0.00599	0.00997	0.00495	0.00232	0.00369
40	0.00765	0.00383	0.00383	0.00383	0.00478	0.00383	0.00287	0.00956	0.00861	0.01530	0.01339	0.01530	0.01052	0.00478	0.00287	0.00096	0.00191	0.00383	0.87853	0.00383
41	0.01097	0.85821	0.02151	0.00702	0.01054	0.01624	0.00702	0.01229	0.00834	0.00966	0.00571	0.00658	0.00527	0.00351	0.00263	0.00088	0.00439	0.00219	0.00176	0.00527
42	0.88473	0.00794	0.00603	0.00540	0.00794	0.00921	0.00445	0.01207	0.00699	0.01842	0.00572	0.00667	0.00445	0.00381	0.00254	0.00127	0.00318	0.00222	0.00254	0.00445
43	0.01597	0.00978	0.01112	0.00865	0.01180	0.01032	0.00710	0.48061	0.09686	0.28516	0.01258	0.01173	0.00856	0.00504	0.00412	0.00126	0.00406	0.00393	0.00443	0.00693
44	0.00898	0.00898	0.01257	0.01078	0.01078	0.01257	0.00898	0.00988	0.00629	0.00988	0.00539	0.00898	0.00539	0.00718	0.01347	0.00180	0.84823	0.00359	0.00180	0.00449
45	0.65881	0.01000	0.00738	0.00652	0.00904	0.15384	0.00523	0.03399	0.00840	0.06601	0.00656	0.00732	0.00500	0.00399	0.00288	0.00123	0.00397	0.00245	0.00266	0.00472
46	0.01140	0.01069	0.14694	0.11997	0.18000	0.03093	0.04567	0.02852	0.06690	0.19668	0.01011	0.01099	0.00731	0.00416	0.00396	0.00120	0.00465	0.00360	0.00288	0.11343
47	0.00865	0.00847	0.01183	0.01024	0.01027	0.01172	0.00844	0.00953	0.00631	0.00979	0.00623	0.02279	0.00636	0.04623	0.05008	0.00210	0.76088	0.00386	0.00188	0.00435
48	0.01533	0.01956	0.01163	0.01058	0.01269	0.83926	0.00793	0.01639	0.01163	0.01005	0.00635	0.00740	0.00529	0.00423	0.00370	0.00106	0.00740	0.00264	0.00212	0.00476
49	0.01011	0.01148	0.13999	0.04553	0.53981	0.03214	0.06271	0.01298	0.01966	0.04876	0.00911	0.01101	0.03006	0.00399	0.00411	0.00125	0.00511	0.00379	0.00220	0.00620
50	0.00981	0.01676	0.53768	0.01131	0.01629	0.00927	0.10167	0.04836	0.07101	0.09560	0.00953	0.02516	0.00691	0.00431	0.00407	0.00131	0.00550	0.00366	0.01572	0.00609
51	0.00967	0.00865	0.03348	0.00836	0.01049	0.02101	0.03890	0.02875	0.55561	0.01606	0.03759	0.02530	0.01226	0.00567	0.00469	0.00137	0.05754	0.01538	0.10338	0.00585
52	0.63988	0.00913	0.00731	0.00697	0.04470	0.11185	0.01930	0.01241	0.00787	0.01677	0.00665	0.00781	0.00525	0.00394	0.00282	0.00121	0.00372	0.00254	0.08532	0.00454
53	0.01097	0.85821	0.02151	0.00702	0.01054	0.01624	0.00702	0.01229	0.00834	0.00966	0.00571	0.00658	0.00527	0.00351	0.00263	0.00088	0.00439	0.00219	0.00176	0.00527
54	0.01533	0.01956	0.01163	0.01058	0.01269	0.83926	0.00793	0.01639	0.01163	0.01005	0.00635	0.00740	0.00529	0.00423	0.00370	0.00106	0.00740	0.00264	0.00212	0.00476
55	0.00612	0.00455	0.00575	0.00553	0.00653	0.00439	0.00411	0.00880	0.08608	0.01581	0.65596	0.12838	0.03492	0.00867	0.00483	0.00135	0.00211	0.00768	0.00440	0.00405
56	0.88473	0.00794	0.00603	0.00540	0.00794	0.00921	0.00445	0.01207	0.00699	0.01842	0.00572	0.00667	0.00445	0.00381	0.00254	0.00127	0.00318	0.00222	0.00254	0.00445
57	0.00851	0.00730	0.00851	0.00608	0.00973	0.00547	0.00486	0.01034	0.00851	0.01338	0.00730	0.00851	0.00608	0.00304	0.00304	0.00061	0.00304	0.00243	0.00243	0.88083
58	0.00538	0.00393	0.00505	0.00530	0.00600	0.00361	0.00377	0.00671	0.00981	0.01341	0.41162	0.37775	0.11149	0.01047	0.00501	0.00146	0.00214	0.00933	0.00415	0.00361
59	0.00572	0.00416	0.00522	0.00499	0.00600	0.00380	0.00373	0.00749	0.01109	0.01549	0.66554	0.05325	0.15007	0.00867	0.00478	0.00130	0.00197	0.00759	0.03535	0.00380
60	0.00546	0.00412	0.00504	0.00493	0.00595	0.00370	0.00365	0.00702	0.01060	0.01434	0.52443	0.11539	0.26154	0.00941	0.00488	0.00136	0.00202	0.00820	0.00425	0.00370
61	0.01006	0.00931	0.01421	0.09721	0.36613	0.02137	0.08983	0.08015	0.17488	0.01489	0.04681	0.03747	0.00968	0.00467	0.00424	0.00130	0.00461	0.00437	0.00279	0.00602
62	0.00977	0.02038	0.01472	0.23851	0.45669	0.04224	0.01144	0.01200	0.00879	0.02949	0.00742	0.01015	0.00611	0.00427	0.00522	0.00132	0.11023	0.00360	0.00201	0.00567

[dist]
# distance from previous block
# <min> <max>
0	8

# created by:
# /st0/software/busco_prod/Augustus/scripts/msa2prfl.pl ./align_prep/130539.fa
