[name]
unknown

[dist]
# distance from previous block
# <min> <max>
0	29

[block]
# block no. 0 follows, 51 sequences, length 82
# corresponding to MSA columns:
# 29-92,110-127
name=unknown_A
#
# <colnr> <probs for GDERKNQSTAVLIFYWHMCP>
#	G	D	E	R	K	N	Q	S	T	A	V	L	I	F	Y	W	H	M	C	P
0	0.00831	0.06312	0.08841	0.00741	0.00978	0.00728	0.00653	0.06975	0.04955	0.01622	0.16700	0.11937	0.32167	0.01026	0.00549	0.00163	0.00353	0.03515	0.00434	0.00519
1	0.12649	0.10361	0.15764	0.00968	0.02588	0.04980	0.00897	0.12597	0.10010	0.03355	0.03536	0.03071	0.06421	0.04055	0.00526	0.00159	0.00494	0.00472	0.04597	0.02501
2	0.05305	0.02948	0.02664	0.00912	0.02452	0.00826	0.06296	0.03411	0.08601	0.08149	0.05500	0.08470	0.01327	0.05755	0.00600	0.00148	0.01990	0.00517	0.00363	0.33766
3	0.08287	0.07564	0.01357	0.01131	0.04154	0.27094	0.03844	0.06257	0.19751	0.05066	0.01363	0.01526	0.03755	0.00632	0.00503	0.02507	0.00593	0.03621	0.00356	0.00639
4	0.00679	0.00538	0.02025	0.00633	0.00753	0.00475	0.00479	0.00889	0.02748	0.01686	0.46355	0.15762	0.17336	0.04558	0.00667	0.00179	0.00271	0.03024	0.00494	0.00449
5	0.01308	0.65941	0.02411	0.00947	0.01361	0.03829	0.06847	0.04682	0.01081	0.01292	0.00856	0.00966	0.02826	0.00450	0.00356	0.00113	0.00546	0.00319	0.00236	0.03634
6	0.00871	0.00735	0.01004	0.01237	0.17594	0.04055	0.00756	0.03713	0.00995	0.01358	0.01738	0.25891	0.03880	0.05270	0.26253	0.00380	0.00718	0.00776	0.02263	0.00512
7	0.01298	0.01146	0.03035	0.01141	0.05221	0.04890	0.02452	0.16242	0.38996	0.02875	0.01626	0.06560	0.01328	0.04194	0.02147	0.00189	0.04950	0.00564	0.00432	0.00713
8	0.01156	0.01423	0.14441	0.02259	0.32968	0.01179	0.30257	0.03135	0.02912	0.01618	0.01023	0.03483	0.00828	0.00472	0.00523	0.00157	0.00685	0.00509	0.00257	0.00717
9	0.00777	0.00524	0.00649	0.00632	0.00774	0.00471	0.00482	0.00958	0.01244	0.07771	0.37306	0.12471	0.25982	0.01129	0.00586	0.00168	0.00274	0.06825	0.00505	0.00471
10	0.05724	0.00848	0.01091	0.00828	0.01204	0.00696	0.05745	0.01366	0.01064	0.12615	0.01247	0.11120	0.01097	0.00551	0.00426	0.00110	0.00394	0.00474	0.00354	0.53049
11	0.01400	0.00862	0.01058	0.00775	0.01194	0.00677	0.00627	0.01610	0.01144	0.26816	0.01216	0.01229	0.00885	0.00443	0.00406	0.00098	0.00381	0.00356	0.00393	0.58430
12	0.00625	0.00506	0.00559	0.00588	0.00715	0.00455	0.00424	0.00809	0.05330	0.01360	0.05927	0.29462	0.48889	0.01302	0.00591	0.00176	0.00268	0.01123	0.00461	0.00431
13	0.01380	0.01606	0.01850	0.01491	0.01737	0.31012	0.23870	0.01590	0.01121	0.01324	0.00818	0.01100	0.00687	0.00587	0.00834	0.00165	0.25251	0.00433	0.02560	0.00585
14	0.01155	0.01359	0.05044	0.02053	0.02556	0.01240	0.75769	0.01574	0.01157	0.01574	0.00991	0.01318	0.00742	0.00416	0.00577	0.00165	0.00826	0.00574	0.00247	0.00665
15	0.01216	0.01168	0.01995	0.03016	0.79664	0.01168	0.01508	0.01508	0.01119	0.01605	0.00924	0.01216	0.00778	0.00438	0.00487	0.00146	0.00584	0.00438	0.00243	0.00778
16	0.00950	0.00910	0.01472	0.79564	0.03339	0.03061	0.01355	0.01273	0.00993	0.01254	0.00871	0.01300	0.00655	0.00492	0.00490	0.00163	0.00661	0.00434	0.00219	0.00546
17	0.00995	0.00836	0.00909	0.00859	0.01071	0.00920	0.00660	0.01903	0.48850	0.01808	0.06639	0.12793	0.13733	0.00920	0.00542	0.00173	0.00350	0.04912	0.00487	0.00641
18	0.00615	0.00465	0.00568	0.00614	0.00703	0.00418	0.00433	0.00744	0.01094	0.01435	0.20346	0.41975	0.26140	0.01334	0.00603	0.00180	0.00263	0.01178	0.00475	0.00418
19	0.02064	0.00928	0.01181	0.00920	0.01292	0.00876	0.00755	0.12248	0.09206	0.62267	0.01846	0.01625	0.01195	0.00612	0.00494	0.00153	0.00431	0.00494	0.00582	0.00830
20	0.00715	0.00476	0.00536	0.00536	0.00536	0.00476	0.00298	0.00715	0.00715	0.00953	0.01548	0.03216	0.01787	0.82729	0.02501	0.00476	0.00476	0.00715	0.00298	0.00298
21	0.00635	0.00497	0.00571	0.00563	0.00697	0.00438	0.00419	0.00800	0.01212	0.01577	0.34858	0.07784	0.42542	0.03199	0.00632	0.00172	0.00253	0.02234	0.00487	0.00432
22	0.01836	0.02342	0.01393	0.01266	0.01519	0.80756	0.00950	0.01962	0.01393	0.01203	0.00760	0.00886	0.00633	0.00506	0.00443	0.00127	0.00886	0.00317	0.00253	0.00570
23	0.01144	0.01232	0.03567	0.01305	0.01374	0.08970	0.03983	0.01303	0.02361	0.01225	0.00715	0.01097	0.00675	0.00851	0.02960	0.00214	0.65818	0.00428	0.00226	0.00553
24	0.00723	0.00476	0.00533	0.00533	0.00538	0.00476	0.00300	0.00733	0.00728	0.00990	0.01551	0.03158	0.01764	0.79275	0.02411	0.00461	0.00466	0.00704	0.03879	0.00305
25	0.00670	0.00528	0.00611	0.00615	0.00747	0.00489	0.00455	0.00915	0.06961	0.01561	0.26308	0.19496	0.35024	0.01191	0.00585	0.00170	0.00265	0.02470	0.00485	0.00454
26	0.00850	0.00646	0.00737	0.00713	0.00890	0.00637	0.00556	0.03353	0.15831	0.04729	0.15689	0.09124	0.31824	0.01089	0.00576	0.00174	0.00318	0.11256	0.00485	0.00523
27	0.01487	0.02894	0.01378	0.04555	0.01489	0.22352	0.02007	0.20988	0.18711	0.01873	0.01230	0.01324	0.02441	0.00712	0.02865	0.00174	0.12037	0.00445	0.00365	0.00673
28	0.01282	0.01135	0.01130	0.01015	0.01285	0.07564	0.00798	0.09092	0.57809	0.02034	0.04020	0.02028	0.01558	0.00708	0.00510	0.00166	0.00443	0.06214	0.00477	0.00733
29	0.00717	0.00496	0.00616	0.00586	0.00706	0.00459	0.00440	0.00939	0.01319	0.01899	0.62570	0.03504	0.10293	0.00965	0.00547	0.00150	0.00233	0.00841	0.12261	0.00459
30	0.02884	0.09517	0.01733	0.01239	0.01600	0.05621	0.16817	0.23451	0.20658	0.04833	0.01288	0.01344	0.00965	0.00556	0.00514	0.00152	0.02728	0.00473	0.02899	0.00726
31	0.00728	0.00494	0.00591	0.00595	0.00615	0.00512	0.00374	0.00771	0.00759	0.01043	0.01573	0.05096	0.01749	0.62993	0.12052	0.00480	0.01999	0.03359	0.03882	0.00334
32	0.00608	0.00434	0.00577	0.00689	0.00720	0.00407	0.00464	0.00697	0.00942	0.01255	0.02678	0.77894	0.03202	0.03384	0.00672	0.00207	0.00295	0.04023	0.00452	0.00399
33	0.01836	0.02342	0.01393	0.01266	0.01519	0.80756	0.00950	0.01962	0.01393	0.01203	0.00760	0.00886	0.00633	0.00506	0.00443	0.00127	0.00886	0.00317	0.00253	0.00570
34	0.03534	0.05771	0.08414	0.06059	0.34268	0.15800	0.01247	0.06864	0.05740	0.01607	0.00970	0.02575	0.00803	0.00515	0.00511	0.00147	0.03784	0.00419	0.00275	0.00697
35	0.00707	0.00473	0.00538	0.00545	0.00547	0.00472	0.00308	0.00713	0.00729	0.00972	0.01621	0.08163	0.01878	0.77657	0.02384	0.00459	0.00464	0.00757	0.00308	0.00304
36	0.01750	0.00911	0.01134	0.00931	0.01242	0.00907	0.00766	0.18194	0.06882	0.40666	0.04585	0.04295	0.01509	0.00743	0.00549	0.00163	0.02545	0.09543	0.01936	0.00747
37	0.03461	0.00904	0.01587	0.08494	0.11847	0.00906	0.23568	0.03378	0.02614	0.01515	0.03049	0.24549	0.05304	0.00854	0.00583	0.00175	0.01883	0.04419	0.00341	0.00570
38	0.05704	0.05775	0.01589	0.02706	0.10735	0.05995	0.06812	0.35951	0.10200	0.02302	0.04420	0.01314	0.01009	0.00569	0.00510	0.00150	0.02665	0.00457	0.00396	0.00739
39	0.00912	0.00459	0.00465	0.00465	0.00579	0.00461	0.00349	0.01140	0.01026	0.01818	0.01597	0.01834	0.01259	0.00636	0.01986	0.00128	0.00251	0.00459	0.83718	0.00458
40	0.01023	0.02413	0.72302	0.01417	0.02112	0.01158	0.05563	0.03496	0.03097	0.01609	0.00924	0.01076	0.00657	0.00473	0.00474	0.00156	0.00718	0.00381	0.00224	0.00727
41	0.01316	0.04921	0.17167	0.01298	0.03176	0.04689	0.12957	0.23157	0.12259	0.02010	0.02775	0.02821	0.01058	0.00744	0.04597	0.00188	0.00642	0.03155	0.00359	0.00710
42	0.01106	0.01060	0.01817	0.32773	0.49053	0.01141	0.03125	0.01414	0.01068	0.01472	0.00907	0.01254	0.00731	0.00458	0.00490	0.00153	0.00616	0.00441	0.00234	0.00688
43	0.00637	0.00445	0.00567	0.00648	0.00671	0.00426	0.00420	0.00702	0.00882	0.01174	0.02374	0.57685	0.02821	0.24707	0.01164	0.00279	0.00344	0.03270	0.00411	0.00372
44	0.00778	0.00674	0.03616	0.00870	0.01021	0.00605	0.08931	0.00962	0.01036	0.01370	0.09574	0.05740	0.11497	0.22309	0.02456	0.00277	0.00475	0.26980	0.00388	0.00440
45	0.01148	0.11377	0.28622	0.01723	0.14983	0.04927	0.20402	0.01595	0.05308	0.01524	0.00999	0.03390	0.00801	0.00486	0.00485	0.00151	0.00681	0.00454	0.00249	0.00694
46	0.00710	0.00479	0.00571	0.00589	0.00617	0.00479	0.00374	0.00766	0.00812	0.01111	0.04091	0.12843	0.03618	0.54788	0.07806	0.00420	0.00490	0.04510	0.04583	0.00344
47	0.01075	0.15677	0.64172	0.01304	0.01960	0.04645	0.01620	0.01560	0.01046	0.01476	0.00844	0.00990	0.00624	0.00461	0.00441	0.00146	0.00700	0.00345	0.00210	0.00704
48	0.01134	0.01263	0.07526	0.20919	0.05125	0.14966	0.09903	0.01462	0.05231	0.02902	0.01082	0.03455	0.00899	0.01046	0.13178	0.00257	0.05331	0.00473	0.03268	0.00581
49	0.01202	0.01168	0.02031	0.05062	0.71128	0.01177	0.06499	0.01500	0.01111	0.01586	0.00923	0.01223	0.00771	0.00445	0.00513	0.00149	0.02063	0.00447	0.00242	0.00760
50	0.00629	0.00462	0.00597	0.00686	0.00751	0.00429	0.00493	0.00749	0.01019	0.01336	0.07229	0.55747	0.14252	0.01441	0.00625	0.00196	0.00301	0.12185	0.00460	0.00413
51	0.01171	0.06463	0.12159	0.05841	0.02422	0.05321	0.56182	0.01570	0.01138	0.01512	0.00944	0.01235	0.00713	0.00430	0.00539	0.00159	0.00792	0.00514	0.00240	0.00658
52	0.01154	0.01136	0.03207	0.28225	0.49366	0.03400	0.01436	0.03478	0.01113	0.01520	0.00909	0.01233	0.00733	0.00462	0.00487	0.00151	0.00617	0.00433	0.00241	0.00698
53	0.00704	0.00513	0.00636	0.00649	0.00766	0.00475	0.00485	0.00910	0.03620	0.03319	0.33225	0.23025	0.21027	0.01200	0.00595	0.00174	0.00276	0.07453	0.00494	0.00454
54	0.01088	0.10299	0.66158	0.01335	0.01993	0.07816	0.01650	0.01582	0.01063	0.01488	0.00853	0.01001	0.00624	0.00466	0.00450	0.00148	0.00720	0.00350	0.00212	0.00704
55	0.02150	0.04955	0.01222	0.00880	0.01263	0.00807	0.00734	0.04577	0.01413	0.73803	0.01854	0.01614	0.01176	0.00598	0.00485	0.00150	0.00427	0.00481	0.00585	0.00826
56	0.03506	0.01282	0.09275	0.01065	0.01467	0.01197	0.02922	0.39465	0.06512	0.21499	0.01393	0.01357	0.00962	0.00578	0.00481	0.00149	0.00507	0.00455	0.05138	0.00790
57	0.00635	0.00454	0.00612	0.00723	0.00768	0.00430	0.00517	0.00749	0.00983	0.01306	0.03977	0.67224	0.03197	0.01498	0.00636	0.00204	0.00314	0.14907	0.00457	0.00410
58	0.01997	0.00861	0.09537	0.02289	0.03820	0.00707	0.00721	0.06318	0.06882	0.06231	0.19548	0.18332	0.08555	0.00922	0.00529	0.00162	0.00367	0.02361	0.09303	0.00557
59	0.00586	0.00478	0.00519	0.00552	0.00678	0.00410	0.00397	0.00699	0.01068	0.01306	0.04321	0.27214	0.57404	0.01330	0.00594	0.00176	0.00259	0.01141	0.00456	0.00410
60	0.00600	0.00435	0.00567	0.00668	0.00710	0.00402	0.00450	0.00693	0.00968	0.01280	0.05054	0.74036	0.09322	0.01501	0.00622	0.00196	0.00281	0.01354	0.00459	0.00402
61	0.00986	0.02542	0.80183	0.01401	0.02127	0.01141	0.01816	0.01556	0.01038	0.01556	0.00882	0.01038	0.00623	0.00467	0.00467	0.00156	0.00726	0.00363	0.00208	0.00726
62	0.01962	0.01115	0.01284	0.01002	0.01376	0.02672	0.00821	0.34321	0.09153	0.38591	0.01601	0.01465	0.01071	0.00604	0.00493	0.00151	0.00476	0.00475	0.00542	0.00825
63	0.01129	0.01087	0.01932	0.16652	0.47156	0.01126	0.12686	0.01406	0.01058	0.01476	0.00913	0.01263	0.00753	0.00540	0.00629	0.05808	0.03016	0.00458	0.00237	0.00675
64	0.00629	0.00468	0.00638	0.00793	0.04652	0.00438	0.00505	0.00726	0.00957	0.01275	0.02715	0.75089	0.06332	0.01472	0.00618	0.00195	0.00298	0.01334	0.00446	0.00419
65	0.03348	0.04106	0.01440	0.01123	0.03469	0.06669	0.04697	0.36926	0.03076	0.24492	0.01402	0.04714	0.01024	0.00610	0.00490	0.00149	0.00528	0.00488	0.00475	0.00775
66	0.01807	0.01352	0.01485	0.01219	0.05414	0.01493	0.00956	0.70863	0.05640	0.02977	0.01203	0.01211	0.00862	0.00586	0.00492	0.00148	0.00536	0.00447	0.00480	0.00830
67	0.00629	0.00603	0.04514	0.00577	0.00760	0.00465	0.00475	0.00799	0.01167	0.01464	0.18661	0.04371	0.59239	0.01164	0.00578	0.00165	0.00276	0.03195	0.00460	0.00441
68	0.01208	0.05488	0.01275	0.00870	0.01301	0.00903	0.04412	0.14346	0.01251	0.03245	0.00940	0.01060	0.00751	0.00412	0.00396	0.00093	0.00426	0.00333	0.00324	0.60964
69	0.26482	0.12783	0.23316	0.01081	0.05323	0.03278	0.01042	0.06039	0.02390	0.04761	0.04000	0.01089	0.00819	0.00503	0.00435	0.00145	0.02859	0.00357	0.00292	0.03008
70	0.00741	0.05189	0.05570	0.00735	0.00873	0.00612	0.00588	0.00898	0.01055	0.02723	0.17849	0.40335	0.11191	0.02533	0.00658	0.00181	0.04388	0.01032	0.00429	0.02421
71	0.01322	0.14130	0.25868	0.03674	0.05998	0.15534	0.05745	0.04844	0.02453	0.07197	0.01034	0.05135	0.00843	0.00540	0.00477	0.00144	0.02023	0.00426	0.00281	0.02332
72	0.10980	0.12680	0.08259	0.06074	0.04176	0.14083	0.08125	0.02545	0.06033	0.04879	0.09153	0.01451	0.02695	0.01563	0.00494	0.00147	0.01937	0.00447	0.00315	0.03965
73	0.01240	0.09275	0.14353	0.01196	0.09108	0.09104	0.00987	0.04903	0.07971	0.08871	0.05391	0.08391	0.03474	0.00679	0.00535	0.00151	0.04578	0.02423	0.02617	0.04755
74	0.02630	0.05557	0.06601	0.01346	0.09199	0.04838	0.12002	0.11205	0.19339	0.05281	0.02894	0.07528	0.01197	0.00618	0.00519	0.00153	0.02368	0.00539	0.00372	0.05816
75	0.01313	0.07950	0.08294	0.01315	0.07677	0.04764	0.12658	0.11750	0.09690	0.08011	0.06109	0.02546	0.01180	0.00579	0.00528	0.00147	0.03551	0.02498	0.00359	0.09081
76	0.03561	0.05215	0.17330	0.02552	0.07433	0.02424	0.06345	0.04100	0.20641	0.06249	0.07051	0.01869	0.04792	0.00635	0.00495	0.00156	0.00513	0.04293	0.00372	0.03977
77	0.01228	0.03918	0.05865	0.03673	0.15613	0.04592	0.04087	0.04943	0.12147	0.10435	0.10407	0.04615	0.04304	0.02076	0.00526	0.00151	0.00479	0.00547	0.00383	0.10012
78	0.03481	0.05006	0.05905	0.01159	0.08919	0.09616	0.03772	0.08914	0.11850	0.07058	0.09588	0.07391	0.07592	0.00707	0.00496	0.00149	0.00486	0.01588	0.00393	0.05929
79	0.01415	0.07845	0.07898	0.01307	0.11480	0.09052	0.07300	0.09150	0.03702	0.16135	0.07726	0.01640	0.05631	0.00593	0.00497	0.00144	0.01613	0.00496	0.01807	0.04570
80	0.02872	0.06362	0.05711	0.01113	0.04262	0.07477	0.08083	0.18395	0.04942	0.09820	0.09352	0.04817	0.05097	0.00638	0.00487	0.00144	0.00510	0.00535	0.01484	0.07900
81	0.02865	0.04459	0.10262	0.02311	0.08016	0.09229	0.05666	0.06212	0.04536	0.08525	0.03877	0.10736	0.05196	0.00654	0.00479	0.00141	0.00515	0.00555	0.00351	0.15414

[dist]
# distance from previous block
# <min> <max>
5	39

[block]
# block no. 1 follows, 51 sequences, length 52
# corresponding to MSA columns:
# 176-227
name=unknown_B
#
# <colnr> <probs for GDERKNQSTAVLIFYWHMCP>
#	G	D	E	R	K	N	Q	S	T	A	V	L	I	F	Y	W	H	M	C	P
0	0.02999	0.05548	0.19417	0.01244	0.10314	0.04460	0.04429	0.04189	0.06708	0.06718	0.05889	0.04100	0.07926	0.00603	0.00472	0.00141	0.00516	0.00506	0.00335	0.13486
1	0.01221	0.03067	0.24847	0.01189	0.02666	0.04665	0.09924	0.07984	0.05655	0.09047	0.05323	0.04112	0.03493	0.00567	0.00481	0.00143	0.00564	0.00486	0.00339	0.14227
2	0.02394	0.10522	0.11907	0.01122	0.04007	0.14130	0.05897	0.04007	0.05713	0.14398	0.02533	0.05045	0.06234	0.00607	0.00486	0.00142	0.01953	0.00488	0.00351	0.08064
3	0.01111	0.06383	0.20136	0.01491	0.12501	0.05241	0.14115	0.03186	0.10329	0.01637	0.07901	0.04791	0.02738	0.00578	0.00495	0.00149	0.00585	0.00522	0.00311	0.05799
4	0.01146	0.10347	0.20016	0.02663	0.01570	0.02803	0.07923	0.05792	0.08311	0.04254	0.05493	0.01391	0.02690	0.01638	0.00477	0.00135	0.00532	0.00429	0.00315	0.22075
5	0.01259	0.04210	0.21250	0.01468	0.15946	0.06702	0.03726	0.11978	0.04843	0.06261	0.03018	0.05488	0.04343	0.00660	0.02263	0.00162	0.00591	0.00497	0.00330	0.05006
6	0.04719	0.07815	0.21544	0.01062	0.03089	0.03139	0.04336	0.09796	0.09017	0.03180	0.10130	0.03440	0.10274	0.00660	0.00482	0.00148	0.00503	0.00542	0.00358	0.05768
7	0.01222	0.07786	0.21364	0.01089	0.01509	0.07839	0.04700	0.12637	0.05130	0.04003	0.10107	0.01605	0.03719	0.00595	0.00497	0.00141	0.02269	0.02023	0.00342	0.11421
8	0.02605	0.06677	0.23341	0.01177	0.03498	0.02859	0.07625	0.10003	0.15784	0.01833	0.09284	0.01649	0.04968	0.00595	0.00483	0.00149	0.00537	0.00500	0.00352	0.06081
9	0.01223	0.07186	0.11275	0.01139	0.04990	0.02824	0.07643	0.13646	0.10375	0.04399	0.02534	0.03982	0.06523	0.00591	0.00487	0.00138	0.01901	0.00493	0.02216	0.16435
10	0.02934	0.10829	0.21615	0.01239	0.07595	0.06619	0.05748	0.05575	0.06677	0.04398	0.11374	0.01457	0.01278	0.00544	0.00461	0.00138	0.00552	0.00449	0.00321	0.10197
11	0.20286	0.08360	0.09813	0.03357	0.03622	0.03852	0.00816	0.04881	0.08250	0.03109	0.06733	0.06563	0.04404	0.00651	0.00442	0.00147	0.00452	0.03905	0.00348	0.10009
12	0.03029	0.01190	0.11038	0.01157	0.01522	0.04358	0.18248	0.09666	0.04943	0.06281	0.19544	0.02066	0.07617	0.00663	0.00521	0.00151	0.00520	0.00601	0.00390	0.06497
13	0.02536	0.02843	0.07003	0.10157	0.14443	0.05370	0.00954	0.04782	0.01169	0.11111	0.04313	0.01585	0.04571	0.02231	0.00500	0.00138	0.00500	0.02316	0.00334	0.23144
14	0.01366	0.00896	0.06088	0.00995	0.06555	0.02463	0.02363	0.01668	0.06409	0.30764	0.17600	0.04956	0.11777	0.00796	0.00531	0.00159	0.00405	0.03058	0.00493	0.00659
15	0.01262	0.02264	0.10063	0.01180	0.12126	0.05256	0.00891	0.12522	0.08093	0.08336	0.09087	0.01702	0.03115	0.00646	0.01660	0.00150	0.00471	0.00494	0.16852	0.03828
16	0.01132	0.06858	0.21970	0.10030	0.11186	0.03089	0.05998	0.08156	0.04449	0.03516	0.02975	0.06688	0.03706	0.00618	0.00523	0.00155	0.02884	0.02165	0.00304	0.03597
17	0.03205	0.50141	0.02118	0.01117	0.07998	0.07457	0.00917	0.01434	0.00994	0.01244	0.00767	0.03197	0.00721	0.00528	0.00555	0.00130	0.13405	0.00341	0.00229	0.03501
18	0.01035	0.00974	0.05594	0.00802	0.01226	0.00729	0.01937	0.04779	0.02808	0.01697	0.06114	0.01283	0.02255	0.00444	0.00400	0.00091	0.00391	0.00364	0.00318	0.66762
19	0.00965	0.03087	0.17366	0.35334	0.11188	0.01043	0.06245	0.01335	0.02641	0.01438	0.05508	0.07680	0.01115	0.00585	0.00501	0.00159	0.00605	0.00527	0.00265	0.02413
20	0.00687	0.00510	0.00723	0.00734	0.00809	0.00567	0.00548	0.00830	0.00813	0.01139	0.01671	0.09893	0.05630	0.12888	0.59463	0.00663	0.01060	0.00659	0.00296	0.00417
21	0.01393	0.15868	0.20882	0.09662	0.14515	0.01189	0.02848	0.04735	0.01184	0.19806	0.02634	0.01261	0.00880	0.00504	0.00458	0.00145	0.00574	0.00414	0.00327	0.00723
22	0.01137	0.01073	0.01788	0.22394	0.52961	0.01149	0.01407	0.03414	0.01096	0.01529	0.00961	0.03712	0.00819	0.00506	0.00539	0.00155	0.03944	0.00467	0.00249	0.00700
23	0.00709	0.00500	0.00655	0.00655	0.00696	0.00541	0.00446	0.00791	0.00750	0.01041	0.01439	0.02612	0.01524	0.45598	0.39274	0.00624	0.00871	0.00626	0.00282	0.00364
24	0.00728	0.00529	0.00682	0.02231	0.02231	0.00523	0.02740	0.00803	0.00871	0.01171	0.11495	0.06975	0.06533	0.53895	0.04589	0.00389	0.00469	0.02441	0.00343	0.00363
25	0.01198	0.01149	0.01962	0.07967	0.74856	0.01163	0.01499	0.01492	0.01110	0.01583	0.00921	0.01222	0.00771	0.00441	0.00487	0.00147	0.00588	0.00438	0.00242	0.00764
26	0.00774	0.00552	0.00767	0.00877	0.00981	0.00550	0.00752	0.00983	0.01105	0.01440	0.02585	0.11921	0.02838	0.03370	0.00719	0.00230	0.00439	0.68224	0.00449	0.00444
27	0.00645	0.00480	0.00601	0.00622	0.00721	0.00437	0.00452	0.00809	0.01188	0.01601	0.37927	0.28221	0.19771	0.01230	0.00598	0.00173	0.00258	0.03339	0.00495	0.00433
28	0.01149	0.01239	0.02334	0.04551	0.03840	0.02647	0.47110	0.03321	0.01062	0.01476	0.00896	0.01252	0.00724	0.00613	0.02400	0.00190	0.23807	0.00521	0.00244	0.00624
29	0.00689	0.00490	0.00610	0.00595	0.00675	0.00460	0.00413	0.00841	0.01159	0.01609	0.49105	0.09332	0.06844	0.23749	0.01117	0.00248	0.00304	0.00884	0.00464	0.00411
30	0.86201	0.00950	0.00722	0.00646	0.00950	0.01102	0.00532	0.01445	0.00836	0.02205	0.00684	0.00798	0.00532	0.00456	0.00304	0.00152	0.00380	0.00266	0.00304	0.00532
31	0.00760	0.00516	0.00677	0.00629	0.00756	0.00475	0.00475	0.00990	0.01392	0.05281	0.76118	0.03586	0.04492	0.00988	0.00576	0.00154	0.00240	0.00872	0.00544	0.00479
32	0.01021	0.00894	0.01132	0.00812	0.01245	0.00689	0.05545	0.01252	0.01036	0.01608	0.02642	0.01098	0.00817	0.00382	0.00383	0.00081	0.00391	0.00323	0.00294	0.78357
33	0.01097	0.00862	0.05014	0.01382	0.21518	0.00740	0.02304	0.01311	0.01118	0.13645	0.08110	0.22912	0.03240	0.02636	0.00573	0.00165	0.00428	0.03354	0.00395	0.09198
34	0.06992	0.03202	0.18934	0.01368	0.01869	0.01051	0.28572	0.01470	0.01063	0.03272	0.00919	0.01128	0.00704	0.00428	0.00489	0.00135	0.02442	0.00415	0.00262	0.25284
35	0.02102	0.00897	0.04477	0.00888	0.01274	0.00731	0.00760	0.02310	0.01390	0.74030	0.04521	0.01713	0.01307	0.00616	0.00496	0.00152	0.00425	0.00502	0.00589	0.00819
36	0.00731	0.00510	0.00662	0.00621	0.00745	0.00468	0.00467	0.00955	0.01371	0.04139	0.72472	0.05132	0.07837	0.01014	0.00578	0.00156	0.00239	0.00894	0.00538	0.00471
37	0.01196	0.01151	0.01978	0.08317	0.72873	0.01164	0.03106	0.01492	0.01111	0.01581	0.00922	0.01225	0.00769	0.00441	0.00489	0.00148	0.00594	0.00441	0.00242	0.00760
38	0.00786	0.00662	0.00838	0.00828	0.00941	0.06150	0.06950	0.00916	0.01043	0.03692	0.05294	0.55193	0.11040	0.01292	0.00600	0.00185	0.00374	0.02333	0.00432	0.00451
39	0.01216	0.01246	0.04669	0.06212	0.69421	0.03864	0.03160	0.01516	0.01121	0.01575	0.00917	0.01205	0.00762	0.00443	0.00487	0.00147	0.00607	0.00434	0.00241	0.00757
40	0.00874	0.00571	0.00770	0.00831	0.00968	0.00552	0.00709	0.01087	0.01161	0.07489	0.07372	0.06133	0.10059	0.01249	0.00639	0.00207	0.00408	0.55566	0.02878	0.00478
41	0.04200	0.01385	0.10515	0.04065	0.06728	0.03890	0.35691	0.12918	0.02633	0.07548	0.01250	0.01422	0.04351	0.00510	0.00525	0.00158	0.00678	0.00518	0.00321	0.00694
42	0.01149	0.00934	0.01439	0.06667	0.01563	0.04207	0.21147	0.05872	0.05039	0.11991	0.05401	0.14588	0.11573	0.03374	0.02598	0.00191	0.00542	0.00741	0.00395	0.00591
43	0.01010	0.08447	0.74489	0.01360	0.02063	0.01200	0.01744	0.01550	0.01035	0.01527	0.00867	0.01019	0.00623	0.00463	0.00456	0.00152	0.00712	0.00356	0.00208	0.00719
44	0.83987	0.00987	0.00740	0.00663	0.00965	0.03192	0.00543	0.01458	0.00851	0.02179	0.00686	0.00801	0.00535	0.00457	0.00308	0.00151	0.00393	0.00267	0.00303	0.00533
45	0.00627	0.00446	0.00581	0.00661	0.00711	0.00420	0.00452	0.00740	0.00999	0.01358	0.12437	0.61589	0.06613	0.03220	0.03576	0.00217	0.00317	0.01238	0.03389	0.00409
46	0.01305	0.76198	0.07431	0.00885	0.01321	0.03617	0.00905	0.01488	0.01010	0.01182	0.00697	0.00806	0.00630	0.00425	0.00328	0.00109	0.00546	0.00270	0.00211	0.00635
47	0.01128	0.00915	0.01052	0.00776	0.01184	0.00763	0.00622	0.10190	0.03536	0.02993	0.03637	0.01179	0.00915	0.00429	0.00392	0.00089	0.00379	0.00344	0.02140	0.67335
48	0.01670	0.12898	0.03205	0.02534	0.04237	0.18856	0.04854	0.35688	0.01699	0.05323	0.01049	0.02115	0.00804	0.00542	0.00459	0.00138	0.00621	0.00409	0.02180	0.00718
49	0.00648	0.00618	0.05853	0.00662	0.00810	0.00483	0.00536	0.00817	0.01099	0.01441	0.18151	0.26382	0.31565	0.01360	0.04710	0.00207	0.00349	0.03421	0.00446	0.00443
50	0.00603	0.00433	0.00565	0.00669	0.00703	0.00403	0.00446	0.00687	0.00941	0.01246	0.02778	0.75213	0.07107	0.04810	0.00701	0.00209	0.00291	0.01351	0.00450	0.00396
51	0.01313	0.60279	0.15308	0.01019	0.03788	0.03359	0.01025	0.04294	0.01076	0.03540	0.00779	0.00884	0.00658	0.00442	0.00360	0.00118	0.00565	0.00299	0.00233	0.00663

[dist]
# distance from previous block
# <min> <max>
0	30

# created by:
# /st0/software/busco_prod/Augustus/scripts/msa2prfl.pl ./align_prep/130740.fa
