[name]
unknown

[dist]
# distance from previous block
# <min> <max>
0	187

[block]
# block no. 0 follows, 58 sequences, length 10
# corresponding to MSA columns:
# 187-196
name=unknown_A
#
# <colnr> <probs for GDERKNQSTAVLIFYWHMCP>
#	G	D	E	R	K	N	Q	S	T	A	V	L	I	F	Y	W	H	M	C	P
0	0.00650	0.00753	0.14463	0.00726	0.00885	0.00508	0.00631	0.00804	0.00863	0.01181	0.02024	0.47104	0.05336	0.10386	0.00750	0.01989	0.00362	0.05605	0.00348	0.04631
1	0.01088	0.00743	0.00965	0.00829	0.00984	0.00811	0.00656	0.05384	0.02672	0.16894	0.04012	0.12120	0.02437	0.09451	0.03473	0.00201	0.22816	0.02916	0.00349	0.11199
2	0.01001	0.00838	0.01086	0.01041	0.14798	0.00708	0.00692	0.03546	0.00992	0.04134	0.03108	0.03014	0.00839	0.00407	0.00393	0.00090	0.02162	0.00340	0.00281	0.60528
3	0.04924	0.00959	0.01245	0.01189	0.14932	0.00951	0.00829	0.24532	0.01455	0.42262	0.01365	0.01292	0.00916	0.00517	0.00442	0.00136	0.00437	0.00420	0.00456	0.00742
4	0.16316	0.01143	0.01187	0.00931	0.01265	0.01266	0.00767	0.60081	0.03790	0.05003	0.03256	0.01106	0.00835	0.00529	0.00421	0.00136	0.00453	0.00391	0.00423	0.00703
5	0.68418	0.01061	0.00751	0.00678	0.00940	0.14895	0.00542	0.01362	0.00861	0.01811	0.00831	0.00920	0.04559	0.00459	0.00311	0.00135	0.00419	0.00285	0.00276	0.00485
6	0.27285	0.00790	0.00788	0.00726	0.00945	0.00899	0.00571	0.01581	0.33332	0.01693	0.01666	0.01705	0.10405	0.01080	0.14430	0.00245	0.00481	0.00472	0.00359	0.00548
7	0.62869	0.15169	0.00999	0.00650	0.00953	0.01118	0.00559	0.03938	0.00873	0.08461	0.00732	0.00802	0.00560	0.00425	0.00298	0.00131	0.00376	0.00264	0.00291	0.00532
8	0.00967	0.03231	0.01080	0.15141	0.10076	0.00727	0.04954	0.01230	0.04877	0.13289	0.21758	0.05538	0.13852	0.00717	0.00484	0.00144	0.00385	0.00633	0.00382	0.00535
9	0.00831	0.04073	0.00763	0.00683	0.00797	0.09015	0.00509	0.06180	0.00982	0.01270	0.07142	0.16321	0.10622	0.15612	0.13811	0.00287	0.01735	0.03603	0.05347	0.00417

[dist]
# distance from previous block
# <min> <max>
4	6

[block]
# block no. 1 follows, 58 sequences, length 32
# corresponding to MSA columns:
# 203-221,226-238
name=unknown_B
#
# <colnr> <probs for GDERKNQSTAVLIFYWHMCP>
#	G	D	E	R	K	N	Q	S	T	A	V	L	I	F	Y	W	H	M	C	P
0	0.01020	0.00951	0.01554	0.03853	0.61843	0.00963	0.01178	0.01338	0.07271	0.01441	0.01155	0.13244	0.01086	0.00562	0.00463	0.00142	0.00479	0.00534	0.00268	0.00654
1	0.01117	0.00767	0.00941	0.00914	0.08672	0.00771	0.00645	0.20584	0.04854	0.11976	0.22422	0.06423	0.15175	0.00767	0.00486	0.00142	0.00344	0.00650	0.01771	0.00578
2	0.00536	0.00450	0.00457	0.00459	0.00599	0.00380	0.00338	0.00642	0.00995	0.01188	0.04309	0.06288	0.74954	0.05658	0.00625	0.00167	0.00239	0.00937	0.00408	0.00371
3	0.00845	0.00795	0.01342	0.83204	0.03081	0.00994	0.01242	0.01143	0.00894	0.01143	0.00795	0.01193	0.00596	0.00447	0.00447	0.00149	0.00596	0.00398	0.00199	0.00497
4	0.00599	0.00410	0.00503	0.00557	0.00572	0.00397	0.00347	0.00644	0.00763	0.01025	0.01958	0.44970	0.02308	0.39660	0.01354	0.00297	0.00339	0.00968	0.02007	0.00322
5	0.01125	0.00616	0.00776	0.00665	0.00862	0.00577	0.00521	0.06171	0.02726	0.26302	0.34936	0.04389	0.12266	0.02643	0.00551	0.00149	0.01777	0.00678	0.01727	0.00544
6	0.00887	0.00860	0.01318	0.70033	0.06959	0.05391	0.01183	0.01162	0.00919	0.01157	0.00883	0.05681	0.00730	0.00497	0.00451	0.00148	0.00586	0.00439	0.00213	0.00502
7	0.09152	0.00763	0.01218	0.06563	0.10449	0.00855	0.11707	0.01069	0.00824	0.02345	0.01016	0.04184	0.00917	0.01730	0.35243	0.00394	0.10374	0.00465	0.00242	0.00492
8	0.87439	0.00865	0.00657	0.00588	0.00865	0.01003	0.00484	0.01315	0.00761	0.02007	0.00623	0.00727	0.00484	0.00415	0.00277	0.00138	0.00346	0.00242	0.00277	0.00484
9	0.00861	0.00469	0.00474	0.00464	0.00583	0.00484	0.00351	0.01170	0.08594	0.01687	0.01494	0.01668	0.01168	0.00529	0.00326	0.00109	0.00222	0.00425	0.78476	0.00445
10	0.01298	0.00893	0.01047	0.08779	0.01336	0.00986	0.00744	0.03631	0.51318	0.20567	0.03305	0.01612	0.01278	0.00584	0.00454	0.00148	0.00383	0.00486	0.00454	0.00695
11	0.01671	0.02132	0.01268	0.01152	0.01383	0.82483	0.00864	0.01786	0.01268	0.01095	0.00691	0.00807	0.00576	0.00461	0.00403	0.00115	0.00807	0.00288	0.00230	0.00519
12	0.00858	0.00813	0.01344	0.75329	0.02898	0.01030	0.01217	0.01137	0.00874	0.01137	0.00775	0.01172	0.00595	0.00479	0.00545	0.00154	0.08552	0.00397	0.00198	0.00496
13	0.00929	0.00801	0.00943	0.00680	0.01064	0.00622	0.00545	0.01125	0.00919	0.01445	0.00788	0.00929	0.00660	0.00347	0.00370	0.00071	0.03144	0.00269	0.00263	0.84086
14	0.00651	0.00434	0.00488	0.00488	0.00488	0.00434	0.00271	0.00651	0.00651	0.00867	0.01409	0.02927	0.01626	0.84279	0.02277	0.00434	0.00434	0.00651	0.00271	0.00271
15	0.00672	0.00510	0.00704	0.00688	0.00734	0.00592	0.00506	0.00774	0.00699	0.00993	0.01247	0.04825	0.01286	0.27945	0.47265	0.00563	0.08829	0.00550	0.00251	0.00367
16	0.00994	0.00996	0.01464	0.01354	0.08932	0.01331	0.04165	0.01119	0.00732	0.01128	0.00624	0.01000	0.00603	0.00730	0.01332	0.00188	0.72198	0.00398	0.00199	0.00515
17	0.00539	0.00449	0.00471	0.00476	0.00613	0.00381	0.00353	0.00659	0.01030	0.01257	0.11370	0.10142	0.68457	0.01133	0.00532	0.00152	0.00228	0.00956	0.00422	0.00381
18	0.00804	0.00629	0.00782	0.00684	0.00838	0.03263	0.04434	0.09006	0.01313	0.01827	0.58901	0.02868	0.06563	0.00822	0.00504	0.00138	0.00287	0.00720	0.05151	0.00467
19	0.00627	0.00453	0.00593	0.00567	0.00667	0.00418	0.00422	0.00829	0.01238	0.01749	0.75848	0.08874	0.04134	0.00948	0.00531	0.00144	0.00214	0.00841	0.00487	0.00418
20	0.01055	0.00742	0.00980	0.00902	0.01103	0.00774	0.05008	0.08621	0.15549	0.11440	0.03766	0.03225	0.05457	0.00901	0.00569	0.00174	0.03152	0.35606	0.00425	0.00552
21	0.01044	0.06306	0.32867	0.01108	0.01479	0.15406	0.02817	0.01387	0.04646	0.01311	0.02704	0.04203	0.00933	0.00586	0.00571	0.00145	0.11362	0.06458	0.00245	0.04422
22	0.01135	0.00940	0.01344	0.24494	0.17703	0.01030	0.03757	0.16119	0.13119	0.05219	0.06303	0.03400	0.01083	0.00532	0.00457	0.00142	0.00487	0.00468	0.00330	0.01937
23	0.03814	0.00881	0.01399	0.37837	0.29277	0.00998	0.01144	0.03260	0.03569	0.01324	0.00889	0.01282	0.00741	0.06114	0.02519	0.00177	0.03566	0.00415	0.00230	0.00565
24	0.01084	0.03598	0.01373	0.26631	0.27119	0.00915	0.02011	0.02830	0.01014	0.12738	0.02411	0.09622	0.02090	0.01593	0.00497	0.00149	0.01766	0.01676	0.00294	0.00590
25	0.09440	0.08160	0.15247	0.08500	0.01421	0.15999	0.00902	0.02968	0.01861	0.05207	0.00961	0.05957	0.01814	0.00528	0.00479	0.00131	0.07146	0.00386	0.02837	0.10056
26	0.01009	0.01098	0.04387	0.10483	0.01899	0.07976	0.39352	0.01302	0.01044	0.02516	0.07354	0.05578	0.01127	0.00525	0.00506	0.00144	0.01980	0.03095	0.02163	0.06462
27	0.01080	0.13190	0.01518	0.13337	0.14476	0.04890	0.02437	0.07872	0.03255	0.01311	0.00815	0.01140	0.00715	0.04587	0.04158	0.00186	0.23851	0.00389	0.00236	0.00557
28	0.09409	0.15350	0.10575	0.05625	0.09914	0.03824	0.21208	0.04985	0.01018	0.04197	0.00895	0.02312	0.00740	0.00475	0.00480	0.00140	0.04795	0.03218	0.00249	0.00592
29	0.01028	0.08946	0.01515	0.01005	0.01396	0.00878	0.20442	0.01261	0.00961	0.04385	0.00833	0.01002	0.00671	0.00375	0.00429	0.00098	0.03974	0.00341	0.00256	0.50205
30	0.00774	0.00601	0.00723	0.00592	0.00815	0.00499	0.00449	0.00959	0.01042	0.01551	0.34383	0.02161	0.02261	0.08643	0.00599	0.00134	0.00285	0.00536	0.04675	0.38317
31	0.00548	0.00465	0.00474	0.00470	0.00621	0.00397	0.00353	0.00694	0.02896	0.01256	0.08637	0.04191	0.75249	0.01109	0.00527	0.00151	0.00229	0.00926	0.00421	0.00388

[dist]
# distance from previous block
# <min> <max>
0	18

[block]
# block no. 2 follows, 58 sequences, length 33
# corresponding to MSA columns:
# 257-289
name=unknown_C
#
# <colnr> <probs for GDERKNQSTAVLIFYWHMCP>
#	G	D	E	R	K	N	Q	S	T	A	V	L	I	F	Y	W	H	M	C	P
0	0.00896	0.02271	0.79703	0.03570	0.01968	0.01038	0.01641	0.01409	0.00943	0.01409	0.00803	0.00951	0.00567	0.00426	0.00426	0.00142	0.00659	0.00332	0.00189	0.00656
1	0.01028	0.01153	0.02469	0.12564	0.02435	0.01113	0.69540	0.01395	0.01035	0.01395	0.00891	0.01205	0.00668	0.00386	0.00517	0.00151	0.00733	0.00511	0.00223	0.00589
2	0.00566	0.00419	0.00528	0.00576	0.00646	0.00382	0.00403	0.00686	0.00996	0.01330	0.24054	0.47808	0.17522	0.01222	0.00552	0.00165	0.00240	0.01088	0.00436	0.00382
3	0.87439	0.00865	0.00657	0.00588	0.00865	0.01003	0.00484	0.01315	0.00761	0.02007	0.00623	0.00727	0.00484	0.00415	0.00277	0.00138	0.00346	0.00242	0.00277	0.00484
4	0.01433	0.01149	0.01187	0.00975	0.01280	0.04342	0.00783	0.42980	0.35052	0.02337	0.02838	0.01355	0.01071	0.00570	0.00450	0.00141	0.00441	0.00449	0.00443	0.00723
5	0.00641	0.00470	0.00674	0.00679	0.00744	0.00532	0.00509	0.00772	0.00716	0.01017	0.01286	0.03593	0.01276	0.17521	0.64976	0.00647	0.01028	0.02288	0.00252	0.00376
6	0.01258	0.73726	0.02203	0.00816	0.01179	0.12369	0.00778	0.01398	0.00956	0.01058	0.00631	0.00729	0.00574	0.00393	0.00302	0.00098	0.00521	0.00246	0.00196	0.00567
7	0.00927	0.00817	0.02381	0.00674	0.01064	0.00612	0.00550	0.02678	0.00960	0.01485	0.02444	0.01055	0.02590	0.00367	0.00344	0.00072	0.00336	0.00295	0.00275	0.80074
8	0.00641	0.00469	0.00623	0.02321	0.00818	0.00455	0.00561	0.00798	0.00977	0.01281	0.06356	0.27526	0.13916	0.01272	0.02516	0.00197	0.00349	0.36128	0.02399	0.00395
9	0.02115	0.00764	0.03795	0.00672	0.00996	0.00573	0.00546	0.01080	0.00947	0.04309	0.06885	0.12075	0.01254	0.02515	0.00430	0.00102	0.00330	0.00454	0.00309	0.59848
10	0.01573	0.01956	0.01223	0.01088	0.01341	0.71731	0.00820	0.01700	0.01223	0.01142	0.00705	0.00823	0.00588	0.00444	0.00394	0.00109	0.00744	0.00285	0.00235	0.11876
11	0.01062	0.03894	0.20001	0.01437	0.16377	0.01019	0.13094	0.13821	0.02341	0.02638	0.06932	0.01647	0.06042	0.01955	0.00517	0.00148	0.02111	0.04044	0.00298	0.00620
12	0.01001	0.15108	0.01269	0.08957	0.04278	0.13627	0.01897	0.02846	0.00887	0.01103	0.00918	0.01387	0.00863	0.11669	0.22416	0.00325	0.10338	0.00408	0.00229	0.00474
13	0.05724	0.04327	0.01337	0.01186	0.03897	0.60701	0.02955	0.01634	0.01142	0.01156	0.00683	0.00843	0.00580	0.00494	0.00538	0.00128	0.11618	0.00308	0.00227	0.00523
14	0.01010	0.02124	0.67765	0.01270	0.01882	0.01089	0.05107	0.11736	0.01102	0.01602	0.00843	0.00973	0.00597	0.00438	0.00433	0.00141	0.00643	0.00349	0.00225	0.00672
15	0.01022	0.00989	0.01658	0.18474	0.50646	0.01075	0.03973	0.01273	0.00951	0.01340	0.00890	0.01188	0.02622	0.00476	0.00583	0.00145	0.11434	0.00415	0.00218	0.00626
16	0.00592	0.00450	0.00635	0.11471	0.00980	0.00454	0.00536	0.00706	0.00874	0.01153	0.02304	0.67016	0.04992	0.01260	0.00556	0.00178	0.00310	0.04763	0.00387	0.00384
17	0.00644	0.00478	0.00602	0.00568	0.00684	0.00448	0.00427	0.00891	0.04647	0.01743	0.70743	0.03359	0.11238	0.00922	0.00525	0.00142	0.00219	0.00808	0.00484	0.00430
18	0.01693	0.00936	0.01113	0.00867	0.01187	0.00946	0.00711	0.36017	0.01638	0.36773	0.11901	0.01565	0.01365	0.00594	0.00459	0.00137	0.00407	0.00476	0.00499	0.00716
19	0.00591	0.00416	0.00515	0.00561	0.00598	0.00394	0.00367	0.00667	0.00859	0.01156	0.12606	0.42891	0.07522	0.26288	0.01073	0.00249	0.00303	0.00991	0.01607	0.00345
20	0.01609	0.12954	0.01409	0.01102	0.01352	0.71885	0.00851	0.01728	0.01221	0.01089	0.00682	0.00795	0.00576	0.00451	0.00388	0.00113	0.00764	0.00282	0.00225	0.00526
21	0.00631	0.00459	0.00544	0.00558	0.00612	0.00458	0.00370	0.00748	0.04468	0.01071	0.04775	0.18352	0.14455	0.38938	0.11287	0.00353	0.00450	0.00793	0.00333	0.00346
22	0.00921	0.07176	0.74193	0.01268	0.01904	0.01086	0.04578	0.01413	0.00947	0.01396	0.00796	0.00941	0.00571	0.00421	0.00421	0.00139	0.00654	0.00333	0.00190	0.00654
23	0.00845	0.00795	0.01342	0.83204	0.03081	0.00994	0.01242	0.01143	0.00894	0.01143	0.00795	0.01193	0.00596	0.00447	0.00447	0.00149	0.00596	0.00398	0.00199	0.00497
24	0.00738	0.00491	0.00553	0.00525	0.00689	0.00420	0.00401	0.00868	0.01070	0.11849	0.11862	0.08436	0.57071	0.01052	0.00522	0.00151	0.00250	0.02178	0.00441	0.00432
25	0.03885	0.01061	0.05977	0.25683	0.23838	0.01039	0.23208	0.03477	0.01006	0.01403	0.00914	0.03660	0.00749	0.00455	0.00468	0.00146	0.00602	0.01607	0.00231	0.00594
26	0.00679	0.00524	0.00758	0.00737	0.00798	0.00626	0.00566	0.00806	0.00705	0.01017	0.01149	0.01801	0.01114	0.12329	0.63077	0.02510	0.09690	0.00488	0.00238	0.00390
27	0.00777	0.00389	0.00583	0.00583	0.00583	0.00389	0.00389	0.00583	0.00583	0.00777	0.00777	0.01360	0.00777	0.01554	0.01748	0.86985	0.00389	0.00389	0.00194	0.00194
28	0.00558	0.00415	0.00524	0.00602	0.00663	0.00380	0.00424	0.00658	0.00917	0.01191	0.05262	0.58639	0.19238	0.01318	0.00565	0.00176	0.00264	0.07417	0.00417	0.00372
29	0.61120	0.00931	0.00833	0.00699	0.00998	0.01045	0.00575	0.16558	0.02312	0.10081	0.00842	0.00887	0.00613	0.00455	0.00330	0.00138	0.00378	0.00298	0.00340	0.00569
30	0.01157	0.03210	0.06574	0.06601	0.29181	0.09746	0.17439	0.07898	0.03210	0.01491	0.00919	0.01217	0.00750	0.00466	0.00502	0.00140	0.04347	0.02763	0.01759	0.00629
31	0.77849	0.00915	0.00747	0.01898	0.03380	0.03127	0.00549	0.03396	0.00818	0.01962	0.00645	0.00760	0.00504	0.00425	0.00309	0.00139	0.01546	0.00257	0.00276	0.00500
32	0.03780	0.02983	0.01015	0.00774	0.01083	0.02842	0.00634	0.03974	0.03151	0.61155	0.10370	0.01658	0.01404	0.00583	0.00446	0.00136	0.00373	0.00474	0.02467	0.00697

[dist]
# distance from previous block
# <min> <max>
0	1

[block]
# block no. 3 follows, 58 sequences, length 23
# corresponding to MSA columns:
# 291-313
name=unknown_D
#
# <colnr> <probs for GDERKNQSTAVLIFYWHMCP>
#	G	D	E	R	K	N	Q	S	T	A	V	L	I	F	Y	W	H	M	C	P
0	0.02598	0.04823	0.13121	0.04343	0.08350	0.02241	0.16106	0.04445	0.05390	0.02945	0.02392	0.03363	0.00820	0.02080	0.00785	0.00163	0.24765	0.00443	0.00249	0.00578
1	0.00744	0.00540	0.00646	0.00594	0.00762	0.00481	0.00450	0.00967	0.05190	0.04947	0.28296	0.14779	0.17773	0.00891	0.00487	0.00137	0.00261	0.02871	0.04783	0.14401
2	0.01610	0.01180	0.01271	0.00998	0.01337	0.01308	0.00817	0.62994	0.15904	0.06038	0.01235	0.01198	0.00882	0.00550	0.00449	0.00138	0.00463	0.00423	0.00453	0.00751
3	0.02639	0.15893	0.07027	0.07980	0.21524	0.03837	0.03510	0.04083	0.16956	0.01452	0.01961	0.04777	0.00932	0.00573	0.02177	0.00149	0.03201	0.00429	0.00279	0.00621
4	0.03728	0.00796	0.00976	0.12449	0.01337	0.00676	0.00633	0.02587	0.00949	0.01466	0.03146	0.01032	0.00753	0.00371	0.00354	0.00084	0.00369	0.00302	0.00266	0.67726
5	0.00795	0.00502	0.00629	0.00576	0.00723	0.00453	0.00439	0.00994	0.02431	0.12051	0.51770	0.04993	0.20085	0.00919	0.00518	0.00144	0.00240	0.00796	0.00482	0.00460
6	0.02962	0.00962	0.08943	0.03599	0.01337	0.00778	0.04113	0.07765	0.01271	0.59434	0.01551	0.03040	0.01023	0.00544	0.00450	0.00140	0.00436	0.00450	0.00479	0.00724
7	0.00989	0.03709	0.44202	0.03295	0.18730	0.04367	0.07969	0.01380	0.01000	0.02767	0.03582	0.01214	0.03884	0.00462	0.00441	0.00139	0.00605	0.00400	0.00226	0.00638
8	0.00548	0.00407	0.00512	0.00592	0.00647	0.00371	0.00408	0.00639	0.00902	0.01173	0.04395	0.64016	0.19021	0.01333	0.00563	0.00175	0.00256	0.03254	0.00417	0.00369
9	0.00561	0.00396	0.00514	0.00602	0.00624	0.00374	0.00393	0.00627	0.00825	0.01100	0.02304	0.71614	0.02755	0.14053	0.00831	0.00220	0.00286	0.01177	0.00393	0.00349
10	0.75241	0.00850	0.00712	0.00618	0.00905	0.00954	0.00509	0.01438	0.00835	0.13400	0.00786	0.00840	0.00573	0.00435	0.00302	0.00138	0.00351	0.00272	0.00316	0.00524
11	0.00638	0.12417	0.00772	0.00617	0.00714	0.00568	0.00455	0.00734	0.00898	0.01155	0.04522	0.58590	0.13896	0.01205	0.00523	0.00164	0.00285	0.01065	0.00385	0.00397
12	0.01616	0.00839	0.01015	0.00817	0.01104	0.00829	0.00659	0.26473	0.01455	0.39503	0.01624	0.13166	0.01265	0.00667	0.00456	0.00141	0.00386	0.00550	0.06756	0.00679
13	0.87439	0.00865	0.00657	0.00588	0.00865	0.01003	0.00484	0.01315	0.00761	0.02007	0.00623	0.00727	0.00484	0.00415	0.00277	0.00138	0.00346	0.00242	0.00277	0.00484
14	0.00817	0.00473	0.00594	0.00585	0.00648	0.00459	0.00387	0.00875	0.00797	0.12506	0.01704	0.22733	0.01839	0.44758	0.08541	0.00354	0.00449	0.00761	0.00344	0.00375
15	0.00626	0.00440	0.00555	0.00588	0.00617	0.00450	0.00388	0.00706	0.02024	0.01010	0.01717	0.26859	0.01949	0.40774	0.16773	0.00401	0.00524	0.02950	0.00315	0.00334
16	0.01116	0.00811	0.00962	0.00698	0.01086	0.00640	0.00562	0.04785	0.01030	0.12989	0.00946	0.01019	0.00730	0.00372	0.00353	0.00080	0.00345	0.00298	0.00314	0.70861
17	0.00629	0.00539	0.00675	0.00809	0.12169	0.00483	0.00509	0.00778	0.01045	0.01322	0.14153	0.07277	0.54567	0.01013	0.00520	0.00149	0.00273	0.02260	0.00398	0.00431
18	0.00963	0.00913	0.01235	0.01039	0.01129	0.01162	0.00858	0.03370	0.00774	0.01195	0.00689	0.01034	0.00649	0.00898	0.07733	0.00212	0.58998	0.00375	0.00219	0.16554
19	0.00916	0.01008	0.12506	0.00768	0.01181	0.00684	0.00706	0.01156	0.00916	0.01427	0.00801	0.00957	0.00660	0.00450	0.02852	0.00101	0.03128	0.00285	0.00251	0.69247
20	0.00943	0.00859	0.01192	0.40994	0.07539	0.04288	0.00986	0.06122	0.10220	0.01441	0.12510	0.03849	0.02474	0.00586	0.00505	0.00148	0.04014	0.00497	0.00297	0.00536
21	0.01179	0.00965	0.01098	0.12655	0.01446	0.01104	0.00791	0.20759	0.43810	0.01975	0.04943	0.01579	0.02719	0.00588	0.00454	0.00146	0.00410	0.00485	0.02229	0.00666
22	0.00702	0.00559	0.00867	0.01004	0.12313	0.00622	0.00669	0.00873	0.00768	0.01103	0.01204	0.05323	0.01142	0.02846	0.67144	0.00611	0.01061	0.00503	0.00245	0.00442

[dist]
# distance from previous block
# <min> <max>
0	1

[block]
# block no. 4 follows, 58 sequences, length 19
# corresponding to MSA columns:
# 315-333
name=unknown_E
#
# <colnr> <probs for GDERKNQSTAVLIFYWHMCP>
#	G	D	E	R	K	N	Q	S	T	A	V	L	I	F	Y	W	H	M	C	P
0	0.00789	0.00651	0.00812	0.03791	0.01038	0.04567	0.02838	0.01088	0.09157	0.01348	0.02309	0.11625	0.08295	0.01090	0.00571	0.00186	0.00413	0.48588	0.00395	0.00448
1	0.01083	0.03638	0.02573	0.10441	0.11534	0.03073	0.05746	0.02718	0.41729	0.04017	0.02766	0.02533	0.05026	0.00572	0.00456	0.00146	0.00441	0.00496	0.00365	0.00646
2	0.01992	0.00785	0.01053	0.00807	0.01154	0.00693	0.00667	0.05960	0.01320	0.77962	0.01731	0.01501	0.01090	0.00553	0.00450	0.00138	0.00386	0.00448	0.00548	0.00761
3	0.00806	0.00473	0.00735	0.00687	0.00706	0.00502	0.03766	0.00660	0.00611	0.00830	0.00766	0.01321	0.00757	0.01440	0.01674	0.76033	0.07407	0.00395	0.00196	0.00236
4	0.00845	0.00804	0.01249	0.67089	0.05382	0.03846	0.01126	0.01109	0.00914	0.01155	0.01090	0.08286	0.04178	0.00555	0.00459	0.00150	0.00558	0.00490	0.00228	0.00489
5	0.01557	0.01863	0.01259	0.03563	0.04853	0.65200	0.00865	0.01692	0.01205	0.03871	0.00744	0.00869	0.00608	0.00457	0.00424	0.00115	0.02486	0.00302	0.00242	0.07825
6	0.00867	0.00818	0.01382	0.76421	0.09691	0.01000	0.01253	0.01162	0.00905	0.01170	0.00799	0.01185	0.00606	0.00443	0.00447	0.00148	0.00591	0.00398	0.00201	0.00515
7	0.03342	0.00995	0.03861	0.26174	0.18518	0.04949	0.11239	0.04670	0.01052	0.09705	0.01130	0.03467	0.02578	0.02015	0.00496	0.00151	0.00554	0.04240	0.00279	0.00585
8	0.01170	0.07171	0.05697	0.04000	0.30011	0.01000	0.07146	0.03805	0.09994	0.12686	0.01329	0.06935	0.03751	0.00558	0.00466	0.00141	0.01442	0.01731	0.00319	0.00649
9	0.04107	0.02263	0.09046	0.04004	0.01189	0.03583	0.00739	0.05736	0.04957	0.34661	0.05594	0.07964	0.08087	0.00752	0.02586	0.00160	0.00429	0.03093	0.00430	0.00619
10	0.04043	0.04482	0.24165	0.07880	0.12030	0.03000	0.04265	0.02936	0.01025	0.12770	0.03371	0.09493	0.03424	0.00615	0.00475	0.01649	0.00509	0.02972	0.00300	0.00595
11	0.01066	0.03056	0.38303	0.03141	0.22333	0.02150	0.01299	0.02676	0.03974	0.08206	0.01026	0.02907	0.02047	0.00495	0.00465	0.02251	0.00555	0.00394	0.00254	0.03402
12	0.03881	0.03858	0.18756	0.11343	0.07148	0.08976	0.05214	0.05745	0.04801	0.09011	0.03039	0.05009	0.04261	0.00547	0.00476	0.00140	0.03515	0.00447	0.00292	0.03540
13	0.03611	0.02837	0.17844	0.00974	0.05307	0.00768	0.02240	0.04898	0.02316	0.23577	0.06031	0.11075	0.03427	0.00771	0.02862	0.00164	0.00457	0.07110	0.00380	0.03351
14	0.04300	0.04426	0.27282	0.08031	0.06673	0.00912	0.03909	0.03161	0.03108	0.18355	0.04695	0.02945	0.05039	0.00533	0.00452	0.00139	0.01710	0.00440	0.00317	0.03571
15	0.01209	0.07385	0.09139	0.02339	0.17639	0.05303	0.09495	0.03649	0.03414	0.16053	0.03050	0.03749	0.03401	0.00582	0.00460	0.00141	0.00504	0.08595	0.00328	0.03565
16	0.02421	0.05173	0.22686	0.02823	0.14053	0.05692	0.04506	0.06517	0.03248	0.07216	0.04556	0.11596	0.02807	0.00622	0.00457	0.00143	0.00510	0.03170	0.00303	0.01499
17	0.02842	0.03417	0.19726	0.04197	0.13847	0.05556	0.02523	0.06357	0.06202	0.11060	0.01282	0.09307	0.02741	0.00585	0.00446	0.00139	0.00498	0.02955	0.00314	0.06004
18	0.03942	0.03947	0.15707	0.01257	0.14464	0.08638	0.03148	0.09224	0.09981	0.12029	0.03901	0.03409	0.03271	0.04487	0.00526	0.00151	0.00506	0.00451	0.00330	0.00632

[dist]
# distance from previous block
# <min> <max>
0	53

# created by:
# /st0/software/busco_prod/Augustus/scripts/msa2prfl.pl ./align_prep/130814.fa
