[name]
unknown

[dist]
# distance from previous block
# <min> <max>
0	58

[block]
# block no. 0 follows, 60 sequences, length 7
# corresponding to MSA columns:
# 259-265
name=unknown_A
#
# <colnr> <probs for GDERKNQSTAVLIFYWHMCP>
#	G	D	E	R	K	N	Q	S	T	A	V	L	I	F	Y	W	H	M	C	P
0	0.05887	0.03981	0.02703	0.00595	0.00772	0.00572	0.00495	0.03944	0.04496	0.01382	0.09730	0.03581	0.44617	0.00971	0.00498	0.00152	0.00294	0.14511	0.00391	0.00427
1	0.00750	0.03600	0.00861	0.00770	0.00903	0.00682	0.04088	0.02848	0.13878	0.01234	0.01585	0.11602	0.04530	0.04433	0.40346	0.00427	0.00758	0.05944	0.00309	0.00453
2	0.04666	0.04455	0.01262	0.01107	0.08958	0.03865	0.02411	0.28435	0.28180	0.07802	0.01254	0.01240	0.00928	0.00525	0.00455	0.00137	0.02832	0.00415	0.00390	0.00684
3	0.01115	0.60677	0.12351	0.00833	0.01220	0.01530	0.00848	0.01480	0.13940	0.01201	0.00819	0.00879	0.00684	0.00414	0.00324	0.00108	0.00470	0.00287	0.00228	0.00592
4	0.00795	0.00422	0.00455	0.00471	0.00572	0.00422	0.00370	0.00998	0.00929	0.01574	0.01567	0.02161	0.01344	0.00621	0.00353	0.00118	0.00235	0.13185	0.73002	0.00406
5	0.06597	0.00482	0.00588	0.00642	0.00724	0.00478	0.00471	0.02413	0.03768	0.02904	0.04039	0.49590	0.06856	0.04869	0.00606	0.00184	0.00298	0.13699	0.00395	0.00396
6	0.01057	0.01043	0.01588	0.33158	0.34267	0.07610	0.07540	0.06033	0.01033	0.01355	0.00810	0.01093	0.00640	0.00418	0.00437	0.00136	0.00579	0.00390	0.00222	0.00592

[dist]
# distance from previous block
# <min> <max>
0	1

[block]
# block no. 1 follows, 60 sequences, length 20
# corresponding to MSA columns:
# 267-269,271-287
name=unknown_B
#
# <colnr> <probs for GDERKNQSTAVLIFYWHMCP>
#	G	D	E	R	K	N	Q	S	T	A	V	L	I	F	Y	W	H	M	C	P
0	0.01026	0.00933	0.01512	0.02162	0.61242	0.00935	0.01128	0.06111	0.01105	0.01569	0.16506	0.01499	0.01357	0.00494	0.00448	0.00131	0.00455	0.00466	0.00281	0.00640
1	0.06845	0.34918	0.29305	0.00911	0.01363	0.01224	0.01004	0.01489	0.00959	0.16942	0.00882	0.00928	0.00652	0.00422	0.00356	0.00119	0.00500	0.00304	0.00260	0.00618
2	0.01659	0.01097	0.01221	0.00937	0.01283	0.01166	0.00772	0.58849	0.04090	0.18052	0.01184	0.01141	0.00819	0.00518	0.00431	0.00129	0.00447	0.00397	0.00447	0.05363
3	0.00729	0.00520	0.00627	0.00595	0.00733	0.00497	0.00453	0.01028	0.10802	0.06333	0.42621	0.08706	0.19768	0.00924	0.00508	0.00146	0.00246	0.03859	0.00455	0.00451
4	0.02699	0.03241	0.01132	0.00914	0.01178	0.11821	0.00727	0.46309	0.02829	0.05239	0.01297	0.18139	0.01172	0.00683	0.00449	0.00137	0.00465	0.00549	0.00397	0.00622
5	0.01035	0.00472	0.00524	0.00478	0.00625	0.00452	0.00370	0.01231	0.00979	0.17244	0.01480	0.01599	0.01110	0.00514	0.00331	0.00108	0.00236	0.00413	0.70327	0.00472
6	0.00834	0.00490	0.00607	0.00578	0.00718	0.00436	0.00433	0.00966	0.01042	0.16976	0.19537	0.19014	0.26481	0.06011	0.00614	0.00167	0.00272	0.03943	0.00438	0.00442
7	0.00973	0.00909	0.01525	0.02276	0.66199	0.00904	0.01158	0.01197	0.00962	0.01365	0.01127	0.17217	0.01116	0.00578	0.00456	0.00139	0.00467	0.00554	0.00252	0.00626
8	0.00937	0.00604	0.00815	0.00750	0.00874	0.03026	0.00590	0.01085	0.00831	0.16766	0.03251	0.01666	0.01128	0.05593	0.52913	0.00509	0.07439	0.00464	0.00297	0.00464
9	0.01271	0.01021	0.01602	0.02247	0.63094	0.04209	0.01184	0.01507	0.01052	0.17068	0.00989	0.01146	0.00761	0.00420	0.00432	0.00130	0.00500	0.00394	0.00279	0.00693
10	0.00586	0.00421	0.00531	0.00547	0.00612	0.00393	0.00379	0.00711	0.00994	0.01361	0.38303	0.28239	0.08924	0.15038	0.00812	0.00198	0.00258	0.00911	0.00415	0.00366
11	0.00883	0.00488	0.00600	0.00560	0.00640	0.00469	0.00375	0.00939	0.00797	0.16673	0.02924	0.06200	0.04235	0.53952	0.06247	0.00353	0.00437	0.02518	0.00334	0.00377
12	0.01700	0.01207	0.01198	0.00953	0.01274	0.13738	0.00772	0.42438	0.06437	0.23967	0.01215	0.01160	0.00841	0.00521	0.00431	0.00130	0.00490	0.00394	0.00432	0.00702
13	0.00888	0.00494	0.00625	0.00579	0.00660	0.00490	0.00394	0.00952	0.00767	0.16649	0.01400	0.02360	0.01388	0.52048	0.18066	0.00423	0.00562	0.00563	0.00312	0.00382
14	0.00871	0.00501	0.00655	0.00601	0.00743	0.00455	0.00461	0.01047	0.01162	0.17209	0.49023	0.08004	0.08115	0.04132	0.00573	0.00154	0.00261	0.05098	0.00470	0.00463
15	0.01091	0.61767	0.08671	0.00768	0.01167	0.01445	0.00774	0.01272	0.00893	0.01132	0.00654	0.00758	0.00576	0.00367	0.00299	0.00091	0.00453	0.00245	0.00200	0.17377
16	0.01051	0.01107	0.05444	0.05559	0.59978	0.01046	0.16654	0.01343	0.00992	0.01406	0.00829	0.01094	0.00675	0.00387	0.00447	0.00134	0.00568	0.00410	0.00215	0.00661
17	0.00751	0.00514	0.00697	0.03437	0.00884	0.00507	0.00590	0.00984	0.03770	0.06144	0.31789	0.05283	0.04424	0.01065	0.02954	0.00183	0.00347	0.34813	0.00429	0.00435
18	0.00544	0.00398	0.00507	0.00578	0.00628	0.00366	0.00396	0.00637	0.00892	0.01180	0.10577	0.61735	0.13367	0.04039	0.00603	0.00178	0.00252	0.02355	0.00408	0.00360
19	0.47535	0.04208	0.00872	0.02272	0.01008	0.02447	0.00574	0.04411	0.06125	0.22959	0.02073	0.02151	0.00784	0.00476	0.00344	0.00134	0.00367	0.00336	0.00357	0.00569

[dist]
# distance from previous block
# <min> <max>
0	1

[block]
# block no. 2 follows, 60 sequences, length 16
# corresponding to MSA columns:
# 290-305
name=unknown_C
#
# <colnr> <probs for GDERKNQSTAVLIFYWHMCP>
#	G	D	E	R	K	N	Q	S	T	A	V	L	I	F	Y	W	H	M	C	P
0	0.00999	0.00954	0.01625	0.28179	0.57080	0.01015	0.01298	0.01268	0.00955	0.01327	0.00806	0.01106	0.00656	0.00404	0.00433	0.00135	0.00538	0.00388	0.00209	0.00626
1	0.01078	0.40501	0.38145	0.00996	0.01484	0.03899	0.01142	0.05871	0.00979	0.01285	0.00713	0.00821	0.00567	0.00403	0.00353	0.00116	0.00557	0.00284	0.00201	0.00606
2	0.01319	0.17839	0.03643	0.00959	0.01283	0.05149	0.07477	0.20036	0.21582	0.10277	0.05180	0.01276	0.01037	0.00511	0.00415	0.00129	0.00459	0.00414	0.00366	0.00649
3	0.00586	0.00432	0.00470	0.00470	0.00533	0.00405	0.00302	0.00636	0.00783	0.00987	0.02601	0.03357	0.34074	0.47817	0.04483	0.00321	0.00368	0.00744	0.00320	0.00311
4	0.01348	0.00909	0.01039	0.06415	0.01257	0.03135	0.00709	0.13328	0.31907	0.22337	0.06247	0.01504	0.01232	0.00555	0.00436	0.00135	0.00389	0.00454	0.00435	0.06230
5	0.00544	0.00394	0.00515	0.00588	0.00633	0.00364	0.00402	0.00644	0.00910	0.01221	0.15432	0.66417	0.07775	0.01274	0.00547	0.00169	0.00243	0.01147	0.00417	0.00364
6	0.01181	0.05940	0.01092	0.00873	0.01137	0.01110	0.00697	0.15414	0.55204	0.04331	0.06961	0.01579	0.01365	0.00586	0.00437	0.00141	0.00367	0.00479	0.00433	0.00674
7	0.00982	0.32657	0.52950	0.01060	0.01605	0.01275	0.01293	0.01354	0.00908	0.01251	0.00718	0.00839	0.00555	0.00399	0.00365	0.00122	0.00579	0.00290	0.00185	0.00613
8	0.87753	0.00843	0.00641	0.00574	0.00843	0.00978	0.00472	0.01282	0.00742	0.01957	0.00607	0.00709	0.00472	0.00405	0.00270	0.00135	0.00337	0.00236	0.00270	0.00472
9	0.00598	0.00445	0.00557	0.00529	0.00640	0.00403	0.00396	0.00786	0.01189	0.01642	0.67218	0.03434	0.18685	0.00932	0.00515	0.00139	0.00209	0.00813	0.00466	0.00403
10	0.01099	0.00987	0.01271	0.01181	0.08996	0.01093	0.10680	0.05097	0.60512	0.01768	0.01545	0.01497	0.01164	0.00542	0.00451	0.00145	0.00415	0.00482	0.00394	0.00680
11	0.00594	0.00439	0.00550	0.00534	0.00635	0.00400	0.00394	0.00766	0.01143	0.01574	0.59826	0.10569	0.16617	0.03328	0.00566	0.00150	0.00219	0.00846	0.00455	0.00395
12	0.00639	0.00479	0.00601	0.00567	0.00683	0.00457	0.00427	0.00903	0.06571	0.01672	0.65970	0.03183	0.11328	0.00978	0.03474	0.00159	0.00251	0.00770	0.00462	0.00425
13	0.00991	0.00948	0.01634	0.19900	0.55282	0.00983	0.05433	0.01259	0.00985	0.01378	0.06258	0.01249	0.00896	0.00432	0.00443	0.00134	0.00522	0.00422	0.00229	0.00622
14	0.01356	0.00967	0.01033	0.00873	0.01146	0.04739	0.00693	0.15983	0.41849	0.18284	0.07017	0.01568	0.01330	0.00583	0.00444	0.00140	0.00385	0.00475	0.00454	0.00683
15	0.11308	0.01238	0.17091	0.00934	0.02671	0.03374	0.02322	0.20912	0.04121	0.08861	0.00943	0.01001	0.00692	0.00434	0.00385	0.00117	0.00456	0.00333	0.00318	0.22489

[dist]
# distance from previous block
# <min> <max>
1	7

[block]
# block no. 3 follows, 60 sequences, length 10
# corresponding to MSA columns:
# 313-322
name=unknown_D
#
# <colnr> <probs for GDERKNQSTAVLIFYWHMCP>
#	G	D	E	R	K	N	Q	S	T	A	V	L	I	F	Y	W	H	M	C	P
0	0.13246	0.10679	0.21895	0.01030	0.04448	0.00975	0.09071	0.03488	0.03029	0.14824	0.06981	0.01205	0.00952	0.00530	0.02337	0.00143	0.00496	0.00384	0.00299	0.03988
1	0.02966	0.17507	0.37004	0.01098	0.01548	0.11995	0.06764	0.01511	0.10878	0.01328	0.00876	0.01010	0.00683	0.02504	0.00438	0.00135	0.00587	0.00341	0.00229	0.00599
2	0.65071	0.09936	0.10369	0.00678	0.01005	0.01049	0.00641	0.01329	0.00798	0.04927	0.00671	0.00763	0.00515	0.00408	0.00294	0.00131	0.00388	0.00254	0.00262	0.00512
3	0.01793	0.00749	0.01002	0.00785	0.01096	0.00685	0.00645	0.07903	0.01251	0.67619	0.01611	0.01476	0.01055	0.00829	0.09202	0.00195	0.00464	0.00438	0.00499	0.00705
4	0.10293	0.00777	0.00893	0.00659	0.01026	0.00633	0.00531	0.01278	0.00941	0.14064	0.00905	0.00974	0.00695	0.00365	0.00335	0.00083	0.00332	0.00284	0.00303	0.64628
5	0.00824	0.00775	0.01308	0.83624	0.03004	0.00969	0.01211	0.01114	0.00872	0.01114	0.00775	0.01163	0.00581	0.00436	0.00436	0.00145	0.00581	0.00388	0.00194	0.00484
6	0.01715	0.07350	0.01268	0.00900	0.01235	0.01103	0.00753	0.41412	0.01606	0.33569	0.01261	0.01188	0.00854	0.00526	0.00457	0.00132	0.03104	0.00398	0.00450	0.00720
7	0.00532	0.00422	0.00484	0.00525	0.00623	0.00374	0.00379	0.00634	0.00925	0.01152	0.03481	0.33767	0.46943	0.01286	0.03638	0.00181	0.00274	0.03616	0.00398	0.00365
8	0.01387	0.17887	0.12392	0.00969	0.01337	0.08293	0.00892	0.33016	0.12532	0.05594	0.01024	0.01040	0.00762	0.00483	0.00400	0.00125	0.00502	0.00358	0.00341	0.00665
9	0.37040	0.00946	0.04016	0.00739	0.01055	0.00952	0.00624	0.16030	0.08666	0.09642	0.00978	0.02852	0.00745	0.00467	0.00353	0.00126	0.00375	0.00338	0.00341	0.13716

[dist]
# distance from previous block
# <min> <max>
0	14

[block]
# block no. 4 follows, 60 sequences, length 38
# corresponding to MSA columns:
# 339-376
name=unknown_E
#
# <colnr> <probs for GDERKNQSTAVLIFYWHMCP>
#	G	D	E	R	K	N	Q	S	T	A	V	L	I	F	Y	W	H	M	C	P
0	0.00715	0.00450	0.00579	0.00582	0.00641	0.00438	0.00402	0.02216	0.00873	0.05632	0.17618	0.21534	0.02279	0.26271	0.04710	0.09610	0.00365	0.04376	0.00355	0.00353
1	0.01478	0.21394	0.01520	0.01072	0.06056	0.30011	0.00833	0.23609	0.05076	0.03760	0.00850	0.00914	0.00669	0.00457	0.00384	0.00116	0.00577	0.00321	0.00293	0.00610
2	0.00853	0.00805	0.01361	0.74332	0.12067	0.00977	0.01226	0.01140	0.00886	0.01150	0.00780	0.01153	0.00594	0.00431	0.00436	0.00144	0.00574	0.00388	0.00196	0.00508
3	0.00580	0.00424	0.00531	0.00561	0.00632	0.00393	0.00399	0.00703	0.00976	0.01310	0.28193	0.30965	0.15264	0.10887	0.00734	0.00190	0.00263	0.06215	0.00413	0.00368
4	0.19236	0.01117	0.13400	0.07355	0.15043	0.00971	0.11549	0.06214	0.05555	0.08878	0.01018	0.06001	0.00817	0.00488	0.00416	0.00140	0.00492	0.00425	0.00288	0.00597
5	0.06829	0.04596	0.01347	0.45370	0.10143	0.06569	0.01060	0.14939	0.01101	0.01476	0.00798	0.01056	0.00610	0.00448	0.00432	0.00137	0.01927	0.00365	0.00245	0.00553
6	0.00635	0.00432	0.00531	0.00531	0.00550	0.00450	0.00334	0.00666	0.00648	0.00882	0.01308	0.02541	0.01445	0.63084	0.21252	0.02977	0.00597	0.00588	0.00255	0.00292
7	0.00553	0.00391	0.00514	0.00604	0.00631	0.00370	0.00407	0.00628	0.00823	0.01095	0.02285	0.70799	0.02720	0.10504	0.00742	0.00205	0.00280	0.05711	0.00389	0.00347
8	0.01140	0.12209	0.19335	0.19606	0.09220	0.15995	0.05119	0.07599	0.01063	0.02257	0.00775	0.00966	0.00601	0.00431	0.00424	0.00129	0.01986	0.00341	0.00223	0.00580
9	0.01155	0.01094	0.05857	0.00931	0.01211	0.04631	0.00766	0.10314	0.64793	0.01861	0.01594	0.01489	0.01191	0.00568	0.00439	0.00144	0.00396	0.00463	0.00418	0.00685
10	0.00954	0.00954	0.01336	0.01145	0.01145	0.01336	0.00954	0.01050	0.00668	0.01050	0.00573	0.00954	0.00573	0.00763	0.01431	0.00191	0.83874	0.00382	0.00191	0.00477
11	0.01298	0.01021	0.01095	0.00925	0.01205	0.01151	0.00742	0.31336	0.46817	0.03621	0.01526	0.01551	0.01158	0.00592	0.00448	0.00144	0.00398	0.03835	0.00441	0.00698
12	0.00544	0.00423	0.00487	0.00510	0.00606	0.00375	0.00363	0.00654	0.00967	0.01237	0.16776	0.27481	0.40769	0.06021	0.00627	0.00170	0.00240	0.00975	0.00410	0.00365
13	0.01064	0.01020	0.01747	0.11157	0.67929	0.01040	0.04962	0.03277	0.01008	0.01424	0.00824	0.01092	0.00679	0.00396	0.00436	0.00132	0.00534	0.00394	0.00219	0.00666
14	0.00615	0.00444	0.00567	0.00540	0.00636	0.00412	0.00398	0.00796	0.01160	0.01624	0.68540	0.03297	0.07940	0.08977	0.00680	0.00166	0.00231	0.02126	0.00454	0.00395
15	0.01102	0.57496	0.25375	0.00906	0.01351	0.05016	0.01000	0.01346	0.00911	0.01130	0.00660	0.00767	0.00558	0.00388	0.00324	0.00107	0.00532	0.00261	0.00188	0.00582
16	0.00550	0.00400	0.00519	0.00580	0.00633	0.00369	0.00400	0.00660	0.00942	0.01268	0.21214	0.58589	0.09796	0.01233	0.00543	0.00165	0.00239	0.01107	0.00423	0.00369
17	0.01082	0.01049	0.01705	0.04184	0.74234	0.03393	0.01283	0.01334	0.00994	0.01408	0.00813	0.01064	0.00683	0.00388	0.00426	0.00126	0.00518	0.00379	0.00218	0.04717
18	0.87753	0.00843	0.00641	0.00574	0.00843	0.00978	0.00472	0.01282	0.00742	0.01957	0.00607	0.00709	0.00472	0.00405	0.00270	0.00135	0.00337	0.00236	0.00270	0.00472
19	0.01513	0.01053	0.01171	0.04775	0.01319	0.02361	0.00773	0.47283	0.14013	0.14168	0.06022	0.01334	0.01072	0.00553	0.00442	0.00135	0.00436	0.00436	0.00441	0.00699
20	0.01105	0.67542	0.19142	0.00851	0.01281	0.01576	0.00928	0.01322	0.00893	0.01101	0.00643	0.00746	0.00558	0.00382	0.00308	0.00103	0.00504	0.00252	0.00186	0.00578
21	0.00567	0.00446	0.00515	0.00509	0.00633	0.00393	0.00387	0.00720	0.01087	0.01411	0.34986	0.05331	0.44765	0.01031	0.00521	0.00147	0.00226	0.05503	0.00435	0.00387
22	0.00567	0.00419	0.00531	0.00561	0.00639	0.00383	0.00402	0.00704	0.01025	0.01383	0.34496	0.36691	0.16469	0.01129	0.00534	0.00157	0.00232	0.02860	0.00435	0.00381
23	0.19459	0.28379	0.01534	0.00929	0.01227	0.32599	0.05659	0.03427	0.01028	0.01302	0.00660	0.00773	0.00553	0.00412	0.00340	0.00114	0.00579	0.00273	0.00227	0.00527
24	0.06786	0.00737	0.00953	0.00756	0.01062	0.00673	0.00619	0.01978	0.06838	0.64905	0.07512	0.01626	0.01304	0.00571	0.00437	0.00137	0.00356	0.01547	0.00511	0.00694
25	0.00589	0.00442	0.00546	0.00526	0.00636	0.00398	0.00392	0.00766	0.01158	0.01583	0.59514	0.07262	0.22657	0.00965	0.00517	0.00141	0.00212	0.00841	0.00459	0.00398
26	0.05422	0.01393	0.18221	0.01037	0.01428	0.04338	0.03228	0.41131	0.12209	0.05645	0.01078	0.01095	0.00774	0.00498	0.00426	0.00135	0.00504	0.00385	0.00367	0.00689
27	0.06034	0.01220	0.01263	0.05883	0.01419	0.06064	0.00831	0.65486	0.03512	0.02494	0.01002	0.01033	0.00720	0.00509	0.00425	0.00131	0.00494	0.00380	0.00401	0.00698
28	0.01487	0.00808	0.00974	0.00808	0.01090	0.00819	0.00647	0.03816	0.33807	0.41287	0.08160	0.01676	0.01419	0.00589	0.00447	0.00140	0.00350	0.00488	0.00494	0.00695
29	0.65818	0.00818	0.00736	0.00625	0.00912	0.00892	0.00515	0.01498	0.00872	0.22486	0.00892	0.00907	0.00628	0.00439	0.00313	0.00135	0.00346	0.00288	0.00339	0.00541
30	0.00886	0.00867	0.01331	0.74013	0.07587	0.05755	0.01197	0.01164	0.00900	0.01130	0.00772	0.01136	0.00587	0.00434	0.00433	0.00142	0.00590	0.00381	0.00197	0.00498
31	0.01806	0.00984	0.01162	0.00891	0.01234	0.01000	0.00736	0.41655	0.01653	0.42153	0.01381	0.01264	0.00909	0.00532	0.00437	0.00133	0.00426	0.00415	0.00488	0.00742
32	0.00563	0.00398	0.00492	0.00553	0.00579	0.00377	0.00355	0.00617	0.00783	0.01033	0.02225	0.52523	0.08290	0.27861	0.01083	0.00253	0.00305	0.01024	0.00360	0.00327
33	0.21731	0.06011	0.41068	0.01031	0.01495	0.08278	0.03088	0.06119	0.04711	0.01575	0.00787	0.00894	0.00585	0.00427	0.00376	0.00133	0.00553	0.00310	0.00236	0.00593
34	0.02818	0.72679	0.07637	0.00769	0.01138	0.01582	0.00780	0.01270	0.00883	0.01074	0.00723	0.05598	0.00693	0.00435	0.00305	0.00102	0.00464	0.00298	0.00201	0.00552
35	0.01004	0.02389	0.00808	0.00698	0.00882	0.02389	0.00540	0.04402	0.20001	0.14415	0.24795	0.05156	0.08337	0.06576	0.04051	0.00184	0.00354	0.02055	0.00433	0.00531
36	0.01173	0.02559	0.01039	0.00837	0.01078	0.00851	0.05273	0.24357	0.09721	0.12452	0.21535	0.08432	0.04236	0.00721	0.00476	0.00142	0.00370	0.03723	0.00439	0.00587
37	0.01243	0.34353	0.22444	0.00947	0.01373	0.02377	0.00980	0.19601	0.06040	0.05490	0.00878	0.00931	0.00671	0.00440	0.00369	0.00119	0.00507	0.00319	0.00276	0.00639

[dist]
# distance from previous block
# <min> <max>
5	22

[block]
# block no. 5 follows, 60 sequences, length 60
# corresponding to MSA columns:
# 419-446,461-492
name=unknown_F
#
# <colnr> <probs for GDERKNQSTAVLIFYWHMCP>
#	G	D	E	R	K	N	Q	S	T	A	V	L	I	F	Y	W	H	M	C	P
0	0.59660	0.00874	0.00934	0.11156	0.14428	0.01000	0.00721	0.02319	0.00815	0.01755	0.00668	0.00836	0.00528	0.00416	0.00346	0.00137	0.02357	0.00285	0.00252	0.00513
1	0.01073	0.01030	0.01759	0.04711	0.79968	0.01035	0.01335	0.01333	0.00990	0.01417	0.00819	0.01082	0.00688	0.00390	0.00432	0.00130	0.00520	0.00389	0.00215	0.00686
2	0.03344	0.00998	0.01670	0.02483	0.74313	0.00998	0.01258	0.01333	0.01003	0.03410	0.04383	0.01175	0.00845	0.00415	0.00431	0.00130	0.00496	0.00403	0.00237	0.00674
3	0.01078	0.03813	0.01779	0.04054	0.77867	0.01058	0.01317	0.01333	0.00987	0.01406	0.00812	0.01068	0.00685	0.00389	0.00427	0.00129	0.00518	0.00383	0.00215	0.00683
4	0.01079	0.01036	0.01770	0.02677	0.81952	0.01036	0.01339	0.01339	0.00993	0.01425	0.00820	0.01079	0.00691	0.00389	0.00432	0.00130	0.00518	0.00389	0.00216	0.00691
5	0.01700	0.00805	0.01107	0.00996	0.09640	0.00745	0.01990	0.09241	0.02693	0.57355	0.05617	0.01562	0.03375	0.00554	0.00445	0.00135	0.00390	0.00462	0.00483	0.00707
6	0.13589	0.00985	0.01532	0.01280	0.08988	0.04680	0.26567	0.04409	0.01109	0.25563	0.06062	0.01298	0.00973	0.00468	0.00441	0.00137	0.00511	0.00443	0.00346	0.00618
7	0.05154	0.01020	0.01677	0.02435	0.70587	0.01061	0.01262	0.01309	0.00951	0.01415	0.00787	0.01050	0.00670	0.00424	0.00517	0.00136	0.08288	0.00381	0.00216	0.00661
8	0.00617	0.00531	0.00546	0.00556	0.00687	0.04296	0.00425	0.00770	0.02657	0.01266	0.13222	0.11239	0.49813	0.01073	0.00523	0.00154	0.00274	0.10557	0.00406	0.00389
9	0.00555	0.00397	0.00530	0.00627	0.00663	0.00374	0.00439	0.00646	0.00855	0.01134	0.02400	0.71685	0.03880	0.02910	0.00593	0.00184	0.00275	0.11093	0.00402	0.00359
10	0.62237	0.00723	0.00624	0.00598	0.00796	0.00823	0.00468	0.01097	0.00765	0.01708	0.01083	0.22906	0.01115	0.00670	0.00378	0.00148	0.02611	0.00506	0.00304	0.00441
11	0.00921	0.00790	0.00912	0.00669	0.01043	0.00628	0.00533	0.01212	0.08394	0.01459	0.00869	0.00972	0.00710	0.00348	0.00334	0.00072	0.00325	0.00280	0.00276	0.79253
12	0.00528	0.00394	0.00491	0.00569	0.00622	0.00358	0.00388	0.00612	0.00872	0.01129	0.02876	0.65607	0.21361	0.01305	0.00547	0.00170	0.00246	0.01165	0.00405	0.00358
13	0.00596	0.00433	0.00576	0.00664	0.00732	0.00413	0.00511	0.00725	0.00921	0.01202	0.03712	0.44938	0.10675	0.01272	0.00569	0.00183	0.00306	0.30793	0.00405	0.00374
14	0.01208	0.00611	0.00809	0.00754	0.00947	0.00578	0.00606	0.01462	0.08544	0.34202	0.02042	0.21910	0.01907	0.00915	0.00510	0.00164	0.00349	0.21463	0.00462	0.00556
15	0.01486	0.00634	0.00855	0.00729	0.00974	0.00558	0.00586	0.01637	0.01132	0.54527	0.02048	0.17854	0.05696	0.00793	0.00481	0.00150	0.00344	0.08408	0.00493	0.00615
16	0.00719	0.00459	0.00613	0.00652	0.00746	0.00430	0.00499	0.00862	0.01003	0.08530	0.18398	0.36596	0.06706	0.01143	0.00547	0.00170	0.00290	0.20792	0.00431	0.00413
17	0.08485	0.00816	0.01168	0.01262	0.22516	0.00765	0.00811	0.01792	0.01132	0.50698	0.02584	0.01450	0.01018	0.00515	0.00430	0.00136	0.00406	0.02899	0.00427	0.00692
18	0.00558	0.00405	0.00530	0.00616	0.00665	0.00379	0.00438	0.00657	0.00881	0.01159	0.04740	0.61970	0.10204	0.02789	0.00588	0.00181	0.00273	0.12201	0.00404	0.00362
19	0.01063	0.01016	0.01729	0.02603	0.79108	0.01014	0.01306	0.01320	0.01002	0.01436	0.03650	0.01156	0.00811	0.00406	0.00435	0.00130	0.00507	0.00403	0.00225	0.00681
20	0.04487	0.00642	0.00860	0.00749	0.00989	0.00581	0.00612	0.01618	0.01119	0.50677	0.01905	0.14610	0.01622	0.00795	0.00484	0.00155	0.00358	0.16649	0.00482	0.00605
21	0.04818	0.00719	0.00965	0.00772	0.01081	0.00637	0.00642	0.01960	0.01203	0.70439	0.01747	0.01840	0.01218	0.00609	0.00451	0.00142	0.00373	0.09173	0.00515	0.00695
22	0.01641	0.00689	0.00905	0.00719	0.01012	0.00605	0.00585	0.01842	0.04125	0.63052	0.06770	0.01980	0.12789	0.00643	0.00454	0.00137	0.00339	0.00530	0.00514	0.00668
23	0.00534	0.00391	0.00503	0.00590	0.00634	0.00360	0.00403	0.00618	0.00861	0.01127	0.02670	0.71619	0.13394	0.01327	0.00552	0.00174	0.00253	0.03229	0.00405	0.00357
24	0.12166	0.00486	0.00554	0.00603	0.00699	0.00482	0.00442	0.00799	0.03692	0.01307	0.05738	0.46033	0.15234	0.01133	0.00511	0.00166	0.00275	0.08897	0.00391	0.00391
25	0.00940	0.00828	0.01079	0.01054	0.17305	0.00673	0.00682	0.01147	0.00922	0.01422	0.00784	0.00940	0.00655	0.00336	0.00345	0.00078	0.00362	0.00285	0.00250	0.69915
26	0.00544	0.00390	0.00500	0.00580	0.00612	0.00364	0.00384	0.00617	0.00833	0.01104	0.04495	0.67545	0.08134	0.10809	0.00742	0.00202	0.00269	0.01138	0.00391	0.00346
27	0.01701	0.00695	0.00934	0.00750	0.01035	0.00616	0.00605	0.03258	0.02347	0.65736	0.03784	0.10575	0.01381	0.02762	0.00500	0.00148	0.00357	0.01628	0.00512	0.00674
28	0.00531	0.00395	0.00495	0.00574	0.00628	0.00360	0.00394	0.00616	0.00873	0.01131	0.02844	0.65469	0.20172	0.01306	0.00548	0.00171	0.00249	0.02482	0.00405	0.00358
29	0.75514	0.00812	0.00673	0.00592	0.00856	0.00918	0.00484	0.01328	0.00782	0.09516	0.00720	0.00811	0.00543	0.00470	0.00354	0.04245	0.00343	0.00262	0.00292	0.00485
30	0.06089	0.00765	0.01053	0.00991	0.11429	0.00699	0.00699	0.01878	0.02443	0.60369	0.04159	0.01513	0.01124	0.04149	0.00508	0.00147	0.00385	0.00443	0.00469	0.00690
31	0.00519	0.00442	0.00447	0.00445	0.00591	0.00370	0.00334	0.00632	0.01002	0.01197	0.06981	0.04166	0.79200	0.01098	0.00515	0.00147	0.00220	0.00916	0.00407	0.00370
32	0.01957	0.00742	0.01012	0.00776	0.01113	0.00641	0.00641	0.02126	0.01248	0.82254	0.01721	0.01484	0.01080	0.00540	0.00439	0.00135	0.00371	0.00439	0.00540	0.00742
33	0.00626	0.00413	0.00549	0.00627	0.00679	0.00384	0.00440	0.00718	0.00874	0.05653	0.02399	0.69666	0.04903	0.02408	0.00575	0.00179	0.00274	0.07842	0.00410	0.00379
34	0.00523	0.00439	0.00454	0.00456	0.00595	0.00370	0.00340	0.00638	0.01002	0.01212	0.09267	0.07918	0.73089	0.01103	0.00517	0.00148	0.00221	0.00927	0.00410	0.00370
35	0.01957	0.00742	0.01012	0.00776	0.01113	0.00641	0.00641	0.02126	0.01248	0.82254	0.01721	0.01484	0.01080	0.00540	0.00439	0.00135	0.00371	0.00439	0.00540	0.00742
36	0.84593	0.00850	0.00682	0.00650	0.03801	0.00981	0.00504	0.01284	0.00751	0.01937	0.00615	0.00722	0.00480	0.00404	0.00276	0.00135	0.00344	0.00242	0.00268	0.00480
37	0.01079	0.01036	0.01770	0.02677	0.81952	0.01036	0.01339	0.01339	0.00993	0.01425	0.00820	0.01079	0.00691	0.00389	0.00432	0.00130	0.00518	0.00389	0.00216	0.00691
38	0.01957	0.00742	0.01012	0.00776	0.01113	0.00641	0.00641	0.02126	0.01248	0.82254	0.01721	0.01484	0.01080	0.00540	0.00439	0.00135	0.00371	0.00439	0.00540	0.00742
39	0.00531	0.00380	0.00506	0.00607	0.00633	0.00354	0.00405	0.00607	0.00835	0.01113	0.02404	0.84388	0.02885	0.01366	0.00557	0.00177	0.00253	0.01240	0.00405	0.00354
40	0.00536	0.00388	0.00508	0.00602	0.00638	0.00360	0.00410	0.00618	0.00852	0.01124	0.02541	0.76199	0.08364	0.01343	0.00555	0.00176	0.00256	0.03769	0.00405	0.00357
41	0.00541	0.00437	0.00481	0.00482	0.00608	0.00377	0.00357	0.00671	0.01036	0.01306	0.22424	0.11459	0.56136	0.01079	0.00519	0.00148	0.00220	0.00919	0.00423	0.00377
42	0.82862	0.00838	0.00662	0.00585	0.00859	0.00959	0.00482	0.01330	0.00771	0.06535	0.00671	0.00753	0.00507	0.00413	0.00280	0.00135	0.00339	0.00248	0.00285	0.00488
43	0.01080	0.01027	0.01697	0.02510	0.74410	0.01041	0.01278	0.01430	0.08474	0.01462	0.00909	0.01131	0.00751	0.00408	0.00433	0.00131	0.00502	0.00398	0.00237	0.00691
44	0.00517	0.00435	0.00449	0.00461	0.00594	0.00367	0.00340	0.00624	0.00976	0.01171	0.04188	0.13350	0.72771	0.01134	0.00520	0.00151	0.00225	0.00957	0.00405	0.00367
45	0.01957	0.00742	0.01012	0.00776	0.01113	0.00641	0.00641	0.02126	0.01248	0.82254	0.01721	0.01484	0.01080	0.00540	0.00439	0.00135	0.00371	0.00439	0.00540	0.00742
46	0.00531	0.00380	0.00506	0.00607	0.00633	0.00354	0.00405	0.00607	0.00835	0.01113	0.02404	0.84388	0.02885	0.01366	0.00557	0.00177	0.00253	0.01240	0.00405	0.00354
47	0.00602	0.00434	0.00569	0.00559	0.00648	0.00401	0.00410	0.00785	0.01164	0.01637	0.67689	0.17611	0.03898	0.00976	0.00522	0.00144	0.00214	0.00869	0.00467	0.00401
48	0.00527	0.00397	0.00488	0.00560	0.00620	0.00358	0.00384	0.00613	0.00881	0.01132	0.02980	0.61463	0.25438	0.01292	0.00545	0.00169	0.00244	0.01149	0.00405	0.00358
49	0.01670	0.01203	0.01297	0.00994	0.01343	0.01324	0.00822	0.77397	0.02019	0.05894	0.01074	0.01064	0.00755	0.00524	0.00436	0.00131	0.00476	0.00394	0.00440	0.00742
50	0.01698	0.00762	0.00982	0.00785	0.01082	0.00711	0.00635	0.09630	0.07133	0.59077	0.03659	0.09231	0.01307	0.00628	0.00452	0.00139	0.00365	0.00521	0.00509	0.00694
51	0.00529	0.00440	0.00463	0.00462	0.00599	0.00373	0.00344	0.00651	0.01020	0.01250	0.14388	0.06999	0.68809	0.01086	0.00517	0.00147	0.00220	0.00915	0.00415	0.00373
52	0.08656	0.00479	0.00460	0.00454	0.00613	0.00425	0.00345	0.00687	0.00971	0.01251	0.04063	0.03872	0.74188	0.01039	0.00493	0.00146	0.00232	0.00857	0.00392	0.00378
53	0.79622	0.00806	0.00636	0.00571	0.00826	0.00926	0.00467	0.01239	0.00788	0.01937	0.08176	0.00946	0.00812	0.00450	0.00293	0.00135	0.00325	0.00288	0.00290	0.00467
54	0.00531	0.00382	0.00503	0.00599	0.00631	0.00355	0.00401	0.00608	0.00843	0.01116	0.02499	0.80607	0.06604	0.01354	0.00555	0.00176	0.00252	0.01225	0.00405	0.00355
55	0.01075	0.01049	0.01845	0.02599	0.74517	0.01042	0.08713	0.01344	0.00996	0.01422	0.00826	0.01089	0.00688	0.00387	0.00440	0.00131	0.00538	0.00400	0.00216	0.00681
56	0.01079	0.01036	0.01770	0.02677	0.81952	0.01036	0.01339	0.01339	0.00993	0.01425	0.00820	0.01079	0.00691	0.00389	0.00432	0.00130	0.00518	0.00389	0.00216	0.00691
57	0.00539	0.00386	0.00513	0.00602	0.00634	0.00360	0.00405	0.00627	0.00872	0.01173	0.09805	0.76817	0.02999	0.01322	0.00553	0.00173	0.00249	0.01198	0.00412	0.00360
58	0.00538	0.00384	0.00509	0.00607	0.00633	0.00360	0.00407	0.00614	0.00832	0.01109	0.02368	0.80027	0.02834	0.04095	0.00612	0.00186	0.00262	0.02870	0.00400	0.00352
59	0.26883	0.01088	0.01099	0.00867	0.01192	0.01209	0.00716	0.53606	0.01630	0.06265	0.00950	0.00969	0.00679	0.00490	0.00388	0.00132	0.00433	0.00349	0.00392	0.00663

[dist]
# distance from previous block
# <min> <max>
1	4

[block]
# block no. 6 follows, 60 sequences, length 16
# corresponding to MSA columns:
# 497-512
name=unknown_G
#
# <colnr> <probs for GDERKNQSTAVLIFYWHMCP>
#	G	D	E	R	K	N	Q	S	T	A	V	L	I	F	Y	W	H	M	C	P
0	0.16149	0.01410	0.24861	0.01399	0.01837	0.01072	0.38376	0.01348	0.00923	0.01466	0.00784	0.01006	0.00591	0.00415	0.00508	0.00145	0.06515	0.00402	0.00217	0.00576
1	0.01079	0.01036	0.01770	0.02677	0.81952	0.01036	0.01339	0.01339	0.00993	0.01425	0.00820	0.01079	0.00691	0.00389	0.00432	0.00130	0.00518	0.00389	0.00216	0.00691
2	0.01048	0.00974	0.01254	0.01073	0.01161	0.01280	0.00883	0.08505	0.19195	0.01380	0.00890	0.01116	0.00761	0.00702	0.01116	0.00176	0.57258	0.00408	0.00271	0.00550
3	0.00617	0.00446	0.00583	0.00549	0.00652	0.00412	0.00412	0.00823	0.01235	0.01749	0.81722	0.03258	0.04115	0.00892	0.00514	0.00137	0.00206	0.00789	0.00480	0.00412
4	0.01085	0.00937	0.00986	0.00888	0.01134	0.01085	0.00690	0.02318	0.81164	0.01824	0.01775	0.01627	0.01331	0.00592	0.00444	0.00148	0.00345	0.00493	0.00444	0.00690
5	0.00623	0.00467	0.00701	0.00701	0.00779	0.00545	0.00545	0.00779	0.00701	0.01012	0.01168	0.01713	0.01090	0.03271	0.82944	0.00701	0.01168	0.00467	0.00234	0.00389
6	0.00875	0.02256	0.82413	0.01243	0.01888	0.01013	0.01611	0.01381	0.00921	0.01381	0.00783	0.00921	0.00552	0.00414	0.00414	0.00138	0.00645	0.00322	0.00184	0.00645
7	0.00595	0.00445	0.00553	0.00526	0.00638	0.00402	0.00394	0.00781	0.01183	0.01626	0.65095	0.03460	0.20818	0.00937	0.00515	0.00139	0.00209	0.00817	0.00464	0.00402
8	0.00604	0.00445	0.00565	0.00535	0.00643	0.00406	0.00401	0.00797	0.01203	0.01674	0.71599	0.03381	0.14284	0.00920	0.00515	0.00138	0.00208	0.00806	0.00470	0.00406
9	0.01668	0.00972	0.01171	0.00889	0.01240	0.00963	0.02752	0.36984	0.01558	0.34565	0.01280	0.01209	0.00864	0.00501	0.00425	0.00125	0.00423	0.00398	0.00450	0.11564
10	0.00961	0.00974	0.01447	0.01207	0.01247	0.01315	0.08078	0.01081	0.00700	0.01081	0.00600	0.00974	0.00581	0.00728	0.01349	0.00187	0.76416	0.00394	0.00194	0.00487
11	0.06409	0.00794	0.00930	0.00691	0.01034	0.00676	0.00558	0.01142	0.00885	0.04276	0.00780	0.00917	0.00644	0.00375	0.00423	0.00083	0.07820	0.00274	0.00263	0.71025
12	0.00967	0.00992	0.01544	0.01262	0.01336	0.01297	0.14336	0.01108	0.00729	0.01108	0.00625	0.00992	0.00588	0.00697	0.01277	0.00183	0.69865	0.00404	0.00196	0.00496
13	0.06436	0.00955	0.01291	0.01105	0.01132	0.01314	0.00920	0.03498	0.00715	0.01159	0.00589	0.00942	0.00571	0.00733	0.01328	0.00185	0.76065	0.00373	0.00203	0.00485
14	0.01427	0.01216	0.08510	0.01005	0.01330	0.01239	0.00874	0.48063	0.17546	0.05502	0.01156	0.01161	0.00842	0.00548	0.00519	0.00140	0.07415	0.00407	0.00399	0.00701
15	0.10053	0.01132	0.01182	0.00926	0.01258	0.02935	0.00759	0.56889	0.07571	0.07873	0.01084	0.01074	0.00773	0.00508	0.00415	0.00130	0.00449	0.00380	0.00416	0.04194

[dist]
# distance from previous block
# <min> <max>
14	43

[block]
# block no. 7 follows, 60 sequences, length 9
# corresponding to MSA columns:
# 557-565
name=unknown_H
#
# <colnr> <probs for GDERKNQSTAVLIFYWHMCP>
#	G	D	E	R	K	N	Q	S	T	A	V	L	I	F	Y	W	H	M	C	P
0	0.45422	0.00936	0.00954	0.00800	0.01030	0.01109	0.00662	0.17031	0.01021	0.07503	0.00764	0.00884	0.00590	0.00517	0.00572	0.00147	0.18894	0.00314	0.00304	0.00546
1	0.31323	0.00931	0.01008	0.00826	0.01061	0.01068	0.00681	0.16449	0.01019	0.04747	0.00751	0.00898	0.00601	0.00514	0.00622	0.00138	0.22330	0.00316	0.00289	0.14430
2	0.58082	0.00890	0.00852	0.00728	0.00964	0.01049	0.00602	0.08688	0.00891	0.08094	0.00729	0.00843	0.00562	0.00488	0.00499	0.00144	0.14793	0.00292	0.00293	0.00519
3	0.61124	0.00799	0.00807	0.00682	0.00943	0.00874	0.06664	0.01276	0.00878	0.07470	0.13681	0.01207	0.01112	0.00489	0.00340	0.00136	0.00350	0.00360	0.00318	0.00490
4	0.00766	0.00383	0.00542	0.00542	0.00559	0.00383	0.00367	0.00640	0.00624	0.00896	0.00864	0.01374	0.00815	0.01354	0.01481	0.73361	0.00351	0.00383	0.14090	0.00224
5	0.45891	0.00892	0.00959	0.00792	0.01045	0.01014	0.03486	0.09379	0.00968	0.17034	0.00866	0.00945	0.00637	0.00498	0.00513	0.00144	0.13735	0.00323	0.00323	0.00555
6	0.00824	0.00775	0.01308	0.83624	0.03004	0.00969	0.01211	0.01114	0.00872	0.01114	0.00775	0.01163	0.00581	0.00436	0.00436	0.00145	0.00581	0.00388	0.00194	0.00484
7	0.01597	0.01093	0.01202	0.00946	0.01274	0.01191	0.00773	0.53507	0.16833	0.15010	0.01290	0.01225	0.00906	0.00539	0.00438	0.00135	0.00438	0.00419	0.00454	0.00732
8	0.02218	0.00515	0.00622	0.00606	0.00731	0.00473	0.00434	0.02967	0.02292	0.03954	0.04993	0.37220	0.10005	0.11892	0.03535	0.00201	0.00329	0.02356	0.00364	0.14293

[dist]
# distance from previous block
# <min> <max>
3	10

[block]
# block no. 8 follows, 60 sequences, length 8
# corresponding to MSA columns:
# 583-590
name=unknown_I
#
# <colnr> <probs for GDERKNQSTAVLIFYWHMCP>
#	G	D	E	R	K	N	Q	S	T	A	V	L	I	F	Y	W	H	M	C	P
0	0.00807	0.00591	0.00709	0.00707	0.00828	0.00600	0.00535	0.18383	0.01155	0.01530	0.04906	0.45211	0.08986	0.01119	0.00532	0.00166	0.00320	0.12050	0.00414	0.00450
1	0.01705	0.00750	0.01078	0.19157	0.01533	0.00714	0.00768	0.01901	0.01165	0.64252	0.01511	0.01413	0.00969	0.00517	0.00438	0.00137	0.00418	0.00427	0.00463	0.00685
2	0.00668	0.00536	0.00836	0.19099	0.01272	0.00639	0.00693	0.00853	0.00739	0.01035	0.01081	0.01591	0.00977	0.02642	0.64638	0.00578	0.01038	0.00450	0.00225	0.00411
3	0.05038	0.00965	0.01400	0.46202	0.08201	0.05456	0.07797	0.12835	0.01099	0.05600	0.00863	0.01116	0.00639	0.00444	0.00433	0.00139	0.00564	0.00389	0.00256	0.00560
4	0.18848	0.00865	0.00990	0.00789	0.01094	0.00887	0.00649	0.22391	0.01311	0.38529	0.01276	0.01235	0.00871	0.00740	0.07404	0.00182	0.00461	0.00389	0.00433	0.00658
5	0.00840	0.00816	0.01483	0.01167	0.01353	0.00873	0.31217	0.01032	0.00806	0.01130	0.00998	0.01625	0.00944	0.19770	0.18888	0.00336	0.15532	0.00507	0.00228	0.00454
6	0.01125	0.19600	0.01783	0.08528	0.25249	0.03062	0.14810	0.01358	0.01002	0.09130	0.03942	0.01225	0.03392	0.00441	0.00415	0.00125	0.00514	0.00405	0.00257	0.03638
7	0.01010	0.08337	0.19310	0.00981	0.03540	0.03051	0.08282	0.03948	0.00978	0.03627	0.00806	0.00938	0.00633	0.00370	0.00369	0.00098	0.00469	0.00308	0.00244	0.42699

[dist]
# distance from previous block
# <min> <max>
0	334

# created by:
# /st0/software/busco_prod/Augustus/scripts/msa2prfl.pl ./align_prep/130932.fa
