[name]
unknown

[dist]
# distance from previous block
# <min> <max>
0	60

[block]
# block no. 0 follows, 64 sequences, length 26
# corresponding to MSA columns:
# 60-85
name=unknown_A
#
# <colnr> <probs for GDERKNQSTAVLIFYWHMCP>
#	G	D	E	R	K	N	Q	S	T	A	V	L	I	F	Y	W	H	M	C	P
0	0.14243	0.01180	0.06599	0.01572	0.35092	0.16588	0.02318	0.04719	0.03811	0.01434	0.03958	0.03330	0.00834	0.00456	0.00391	0.00125	0.00500	0.02035	0.00248	0.00566
1	0.00680	0.00495	0.00614	0.00568	0.00705	0.00458	0.02560	0.04872	0.02774	0.05696	0.32591	0.14172	0.30387	0.00925	0.00487	0.00139	0.00245	0.00803	0.00417	0.00413
2	0.72180	0.00887	0.00705	0.00616	0.00878	0.05538	0.00502	0.06209	0.02240	0.06108	0.00682	0.00752	0.00515	0.00405	0.00285	0.00127	0.00355	0.00251	0.00281	0.00484
3	0.01183	0.01044	0.01217	0.05797	0.17316	0.09204	0.02772	0.22387	0.17014	0.02642	0.01058	0.03223	0.00835	0.00484	0.00432	0.00124	0.02895	0.00396	0.03285	0.06689
4	0.00561	0.00381	0.00511	0.00597	0.00636	0.00356	0.00414	0.00645	0.00820	0.03700	0.02262	0.76560	0.02666	0.01265	0.00530	0.00169	0.00255	0.06930	0.00389	0.00353
5	0.00883	0.01746	0.58402	0.01106	0.01609	0.00933	0.05693	0.02963	0.11578	0.02992	0.07263	0.01164	0.00906	0.00454	0.00412	0.00133	0.00541	0.00376	0.00243	0.00603
6	0.00954	0.16284	0.61640	0.01089	0.01634	0.01059	0.03542	0.01351	0.00895	0.06749	0.00779	0.00884	0.00564	0.00395	0.00377	0.00124	0.00570	0.00305	0.00199	0.00605
7	0.00921	0.03875	0.57995	0.01287	0.01831	0.02547	0.19644	0.03471	0.00938	0.02507	0.00781	0.00936	0.00562	0.00389	0.00414	0.00132	0.00624	0.00349	0.00195	0.00601
8	0.03202	0.00775	0.00993	0.00764	0.01082	0.00719	0.00631	0.14624	0.01297	0.67495	0.01514	0.01338	0.00968	0.00509	0.00412	0.00127	0.00367	0.00407	0.02079	0.00697
9	0.00549	0.00417	0.00583	0.05203	0.05019	0.00405	0.00469	0.00642	0.00808	0.01074	0.02186	0.71747	0.05619	0.02501	0.00541	0.00167	0.00272	0.01074	0.00363	0.00360
10	0.01013	0.01043	0.05942	0.04017	0.77072	0.00985	0.01286	0.01273	0.00940	0.01349	0.00779	0.01022	0.00649	0.00372	0.00410	0.00124	0.00501	0.00367	0.00204	0.00652
11	0.00784	0.00738	0.01246	0.84404	0.02861	0.00923	0.01154	0.01061	0.00831	0.01061	0.00738	0.01107	0.00554	0.00415	0.00415	0.00138	0.00554	0.00369	0.00185	0.00461
12	0.01004	0.00967	0.01667	0.10215	0.72973	0.00983	0.03574	0.01256	0.00936	0.01328	0.00779	0.01038	0.00647	0.00374	0.00414	0.00125	0.00505	0.00373	0.00204	0.00637
13	0.00877	0.02027	0.71465	0.01219	0.01793	0.04134	0.08132	0.01351	0.02789	0.01315	0.00771	0.00908	0.00552	0.00396	0.00402	0.00132	0.00620	0.00324	0.00186	0.00605
14	0.00813	0.00767	0.01297	0.74911	0.12133	0.00930	0.01168	0.01086	0.00844	0.01096	0.00743	0.01098	0.00566	0.00410	0.00415	0.00137	0.00547	0.00369	0.00187	0.00484
15	0.00506	0.00361	0.00482	0.00578	0.00602	0.00337	0.00386	0.00578	0.00795	0.01060	0.02289	0.85131	0.02747	0.01301	0.00530	0.00169	0.00241	0.01181	0.00386	0.00337
16	0.00989	0.00939	0.01599	0.12817	0.33418	0.04666	0.20929	0.01234	0.00949	0.05953	0.01084	0.09059	0.03473	0.00491	0.00444	0.00134	0.00524	0.00490	0.00245	0.00562
17	0.01510	0.01119	0.07601	0.01077	0.06199	0.13843	0.11004	0.08822	0.01179	0.39185	0.01221	0.03445	0.00857	0.00482	0.00421	0.00127	0.00494	0.00409	0.00371	0.00633
18	0.00506	0.00361	0.00482	0.00578	0.00602	0.00337	0.00386	0.00578	0.00795	0.01060	0.02289	0.85131	0.02747	0.01301	0.00530	0.00169	0.00241	0.01181	0.00386	0.00337
19	0.00980	0.00938	0.01599	0.18698	0.67038	0.00974	0.01251	0.01233	0.00923	0.01299	0.00773	0.01044	0.00637	0.00379	0.00412	0.00126	0.00505	0.00370	0.00201	0.00619
20	0.00840	0.01018	0.14333	0.56287	0.11100	0.02234	0.01202	0.01154	0.02467	0.01144	0.00754	0.01058	0.00574	0.00422	0.00447	0.00137	0.03767	0.00360	0.00190	0.00511
21	0.02858	0.00980	0.01675	0.07884	0.68211	0.00993	0.06678	0.03280	0.00961	0.01378	0.00784	0.01031	0.00646	0.00375	0.00414	0.00126	0.00507	0.00375	0.00211	0.00635
22	0.01149	0.00956	0.01265	0.21523	0.10147	0.11823	0.08121	0.02645	0.03315	0.17018	0.03294	0.04222	0.01774	0.01601	0.00544	0.00140	0.09213	0.00427	0.00285	0.00540
23	0.01050	0.17879	0.30562	0.01091	0.02553	0.14438	0.11486	0.01377	0.04694	0.02973	0.00822	0.00945	0.01798	0.00423	0.00403	0.01867	0.00569	0.00325	0.00212	0.04533
24	0.11587	0.11664	0.20374	0.01082	0.09351	0.17345	0.00937	0.08232	0.04485	0.02443	0.00928	0.01021	0.04708	0.00456	0.00405	0.00122	0.03733	0.00330	0.00242	0.00554
25	0.07346	0.11437	0.09393	0.05612	0.13884	0.09999	0.06122	0.16166	0.05352	0.03203	0.02689	0.03354	0.02738	0.00468	0.00391	0.00124	0.00493	0.00382	0.00274	0.00576

[dist]
# distance from previous block
# <min> <max>
5	20

[block]
# block no. 1 follows, 64 sequences, length 18
# corresponding to MSA columns:
# 106-123
name=unknown_B
#
# <colnr> <probs for GDERKNQSTAVLIFYWHMCP>
#	G	D	E	R	K	N	Q	S	T	A	V	L	I	F	Y	W	H	M	C	P
0	0.04861	0.06896	0.19456	0.00969	0.05066	0.04854	0.03362	0.16393	0.06210	0.03557	0.07078	0.05671	0.03303	0.00605	0.02450	0.00140	0.01745	0.01827	0.01759	0.03800
1	0.07058	0.03253	0.09977	0.00906	0.05373	0.08728	0.02134	0.06299	0.11226	0.15071	0.04569	0.05643	0.03700	0.04040	0.00499	0.00137	0.03020	0.00436	0.00327	0.07602
2	0.03939	0.03095	0.18308	0.04561	0.04191	0.02476	0.03306	0.11112	0.08777	0.15508	0.04568	0.04578	0.05340	0.00550	0.00443	0.00131	0.02898	0.01924	0.00329	0.03965
3	0.03442	0.01153	0.06844	0.01235	0.14928	0.16026	0.10300	0.06619	0.07268	0.10996	0.06126	0.01248	0.02002	0.02527	0.00450	0.00128	0.00498	0.00397	0.00296	0.07516
4	0.00656	0.07035	0.00770	0.00806	0.09910	0.04126	0.00518	0.00763	0.00867	0.01113	0.04620	0.50602	0.14586	0.01034	0.00483	0.00149	0.00301	0.00917	0.00344	0.00398
5	0.01010	0.04505	0.01029	0.00778	0.05156	0.00755	0.00594	0.15515	0.01061	0.01565	0.00780	0.00886	0.00630	0.00347	0.00330	0.00077	0.00350	0.00274	0.00272	0.64086
6	0.00934	0.00845	0.01399	0.18969	0.47096	0.00874	0.03551	0.01190	0.02994	0.04256	0.01208	0.05020	0.07877	0.00498	0.00429	0.00132	0.00466	0.01448	0.00244	0.00572
7	0.00896	0.08111	0.01038	0.00771	0.07249	0.00681	0.00571	0.01081	0.00866	0.01321	0.00728	0.00857	0.00611	0.00317	0.00312	0.00069	0.00334	0.00253	0.00237	0.73697
8	0.00794	0.00706	0.01117	0.05629	0.38850	0.00711	0.00858	0.00987	0.00950	0.01319	0.16456	0.15479	0.07572	0.00702	0.00485	0.00138	0.02840	0.03600	0.00299	0.00508
9	0.00626	0.00432	0.00488	0.00467	0.00499	0.00416	0.00273	0.00642	0.00626	0.00853	0.01259	0.02557	0.01433	0.78033	0.01958	0.00373	0.00394	0.00573	0.00251	0.07846
10	0.00814	0.00769	0.01300	0.74406	0.12626	0.00931	0.01168	0.01087	0.00845	0.01097	0.00744	0.01098	0.00566	0.00410	0.00415	0.00137	0.00546	0.00369	0.00187	0.00485
11	0.01573	0.01342	0.01231	0.00981	0.01287	0.19354	0.00792	0.63947	0.01783	0.02267	0.00919	0.00943	0.00669	0.00483	0.00407	0.00121	0.00521	0.00351	0.00371	0.00657
12	0.00593	0.00445	0.00668	0.00668	0.00742	0.00519	0.00519	0.00742	0.00668	0.00964	0.01113	0.01632	0.01038	0.03115	0.83756	0.00668	0.01113	0.00445	0.00223	0.00371
13	0.00987	0.00859	0.01375	0.17809	0.43390	0.02485	0.03520	0.01245	0.03385	0.07550	0.05607	0.05116	0.03872	0.00489	0.00427	0.00130	0.00463	0.00454	0.00261	0.00577
14	0.00924	0.00787	0.00937	0.00732	0.04085	0.00653	0.00560	0.07199	0.00939	0.01437	0.00752	0.00880	0.00621	0.00340	0.00360	0.00073	0.03517	0.00265	0.00255	0.74683
15	0.01003	0.06850	0.12838	0.01331	0.03252	0.06089	0.39797	0.05587	0.03399	0.03273	0.05248	0.06229	0.02181	0.00473	0.00448	0.00133	0.00577	0.00484	0.00254	0.00551
16	0.01165	0.65786	0.04331	0.00778	0.01112	0.08643	0.00745	0.03160	0.03976	0.03554	0.00671	0.00750	0.00580	0.00390	0.00326	0.00098	0.02935	0.00251	0.00206	0.00543
17	0.00928	0.17969	0.52776	0.01052	0.03761	0.01046	0.01216	0.01319	0.03261	0.03797	0.02133	0.00913	0.00632	0.00396	0.00367	0.00118	0.00531	0.00303	0.00204	0.07278

[dist]
# distance from previous block
# <min> <max>
2	6

[block]
# block no. 2 follows, 64 sequences, length 76
# corresponding to MSA columns:
# 131-206
name=unknown_C
#
# <colnr> <probs for GDERKNQSTAVLIFYWHMCP>
#	G	D	E	R	K	N	Q	S	T	A	V	L	I	F	Y	W	H	M	C	P
0	0.00798	0.00557	0.00729	0.00787	0.09746	0.00526	0.00525	0.05884	0.02088	0.09583	0.29559	0.14662	0.20183	0.00852	0.00476	0.00138	0.00274	0.01772	0.00405	0.00458
1	0.00598	0.00436	0.00555	0.00585	0.00670	0.00410	0.01487	0.00767	0.05502	0.03668	0.13499	0.47301	0.17458	0.01109	0.00509	0.00156	0.00250	0.04260	0.00399	0.00381
2	0.02851	0.12311	0.28010	0.00862	0.01288	0.00893	0.02898	0.04460	0.04206	0.04911	0.00935	0.02283	0.03117	0.00410	0.00357	0.00104	0.00441	0.00323	0.00245	0.29096
3	0.01103	0.37155	0.08716	0.01012	0.04612	0.02755	0.14356	0.04756	0.03681	0.07076	0.01743	0.02483	0.00707	0.00403	0.00356	0.00109	0.00482	0.00336	0.00240	0.07920
4	0.02615	0.00920	0.09758	0.04189	0.01210	0.03203	0.02212	0.06374	0.04179	0.47749	0.02766	0.04914	0.02528	0.00530	0.00415	0.00128	0.00400	0.00435	0.00415	0.05060
5	0.00951	0.01074	0.10709	0.06496	0.44395	0.00918	0.13385	0.01230	0.00929	0.01334	0.02312	0.01990	0.00712	0.00384	0.00411	0.00121	0.00510	0.00382	0.00214	0.11544
6	0.00978	0.00753	0.00876	0.00668	0.00989	0.00642	0.00530	0.08807	0.06705	0.07064	0.02791	0.07172	0.00926	0.00442	0.00354	0.00087	0.00319	0.00365	0.00308	0.59223
7	0.60492	0.02401	0.04006	0.00603	0.00882	0.00866	0.00518	0.03408	0.02150	0.09361	0.00979	0.01020	0.06360	0.00446	0.00304	0.00125	0.00333	0.00301	0.00292	0.05150
8	0.01155	0.55159	0.01749	0.00776	0.01071	0.18408	0.01673	0.02762	0.00949	0.01911	0.03524	0.02863	0.03195	0.01624	0.00342	0.00104	0.00485	0.00307	0.01436	0.00507
9	0.00591	0.00429	0.00528	0.00500	0.00613	0.00386	0.00375	0.00760	0.01110	0.03286	0.59726	0.03291	0.24032	0.01923	0.00508	0.00136	0.00206	0.00774	0.00438	0.00386
10	0.06032	0.03734	0.54219	0.04444	0.03968	0.02021	0.01231	0.02539	0.03462	0.06247	0.05057	0.02634	0.01722	0.00455	0.00396	0.00131	0.00529	0.00362	0.00234	0.00585
11	0.01302	0.07013	0.20902	0.02410	0.05867	0.05274	0.04861	0.17373	0.03238	0.21961	0.02645	0.01185	0.03137	0.00472	0.00406	0.00126	0.00483	0.00382	0.00331	0.00630
12	0.00928	0.01584	0.51358	0.01069	0.01547	0.00832	0.09286	0.01302	0.00954	0.11561	0.06975	0.01412	0.08352	0.00497	0.00423	0.00133	0.00524	0.00423	0.00260	0.00580
13	0.00570	0.00424	0.00530	0.00504	0.00609	0.00384	0.00378	0.00749	0.01133	0.01565	0.68016	0.03269	0.18558	0.00887	0.00490	0.00132	0.00199	0.00775	0.00444	0.00384
14	0.00974	0.03745	0.15878	0.08939	0.38509	0.01018	0.20968	0.02587	0.00946	0.01328	0.00783	0.01020	0.00617	0.00375	0.00424	0.00129	0.00568	0.00384	0.00202	0.00607
15	0.03510	0.51637	0.22189	0.00852	0.01257	0.02304	0.01909	0.05997	0.02170	0.01220	0.03129	0.00832	0.00653	0.00393	0.00320	0.00106	0.00481	0.00276	0.00206	0.00558
16	0.00898	0.01029	0.04653	0.01542	0.01904	0.00932	0.65624	0.01207	0.00947	0.01286	0.01074	0.14805	0.00972	0.00507	0.00494	0.00144	0.00623	0.00597	0.00238	0.00526
17	0.00514	0.00367	0.00490	0.00582	0.00611	0.00344	0.00394	0.00594	0.00815	0.01089	0.05417	0.79627	0.02783	0.01279	0.00530	0.00168	0.00243	0.03424	0.00388	0.00341
18	0.02037	0.18370	0.43709	0.01108	0.04269	0.04293	0.04532	0.13021	0.01049	0.02818	0.00763	0.00870	0.00571	0.00403	0.00375	0.00121	0.00554	0.00309	0.00221	0.00605
19	0.02574	0.00766	0.04419	0.00758	0.01032	0.00673	0.00635	0.13093	0.01201	0.49645	0.01630	0.16652	0.01307	0.00667	0.00440	0.00137	0.00359	0.02934	0.00455	0.00623
20	0.21751	0.00672	0.00795	0.00678	0.00926	0.00650	0.00553	0.03008	0.01020	0.43941	0.01554	0.10552	0.02717	0.00643	0.00410	0.00139	0.00336	0.08665	0.00423	0.00567
21	0.02911	0.04111	0.06564	0.05095	0.33568	0.14877	0.06422	0.06110	0.08908	0.04665	0.01551	0.01042	0.00717	0.00421	0.00412	0.00124	0.01283	0.00364	0.00252	0.00603
22	0.04754	0.01156	0.14613	0.01028	0.02773	0.01015	0.09952	0.23371	0.20580	0.11489	0.02133	0.01269	0.01961	0.00495	0.00420	0.00133	0.00455	0.01407	0.00356	0.00640
23	0.00927	0.00982	0.08960	0.10857	0.39138	0.00852	0.01030	0.01228	0.04943	0.01349	0.03552	0.01077	0.00763	0.00387	0.00387	0.00111	0.00447	0.00351	0.00230	0.22430
24	0.00609	0.00462	0.00569	0.00547	0.00668	0.00425	0.00418	0.00811	0.04042	0.01449	0.45415	0.06738	0.17893	0.03731	0.00542	0.00146	0.00239	0.09251	0.00412	0.05633
25	0.00597	0.00440	0.00559	0.00527	0.00632	0.00411	0.00396	0.00820	0.03874	0.01633	0.74840	0.03108	0.08890	0.00853	0.00488	0.00132	0.00201	0.00750	0.00451	0.00398
26	0.00508	0.00413	0.00452	0.00465	0.00580	0.00356	0.00342	0.00621	0.00950	0.01181	0.13533	0.17162	0.58511	0.01069	0.00499	0.00145	0.00217	0.02249	0.00394	0.00354
27	0.00962	0.26579	0.46532	0.01106	0.01604	0.04711	0.10511	0.01311	0.00892	0.01205	0.00703	0.00838	0.00541	0.00379	0.00367	0.00119	0.00580	0.00302	0.00182	0.00578
28	0.00911	0.19427	0.55572	0.01161	0.01695	0.01118	0.11995	0.01303	0.00884	0.01247	0.00723	0.00865	0.00541	0.00381	0.00381	0.00124	0.00590	0.00314	0.00180	0.00590
29	0.00505	0.00377	0.00470	0.00541	0.00594	0.00342	0.00370	0.00589	0.00842	0.01093	0.05235	0.64053	0.21018	0.01230	0.00520	0.00161	0.00233	0.01098	0.00388	0.00342
30	0.01124	0.83006	0.02145	0.00722	0.01073	0.04239	0.00714	0.01257	0.00855	0.00979	0.00580	0.00669	0.00533	0.00358	0.00270	0.00089	0.00454	0.00224	0.00179	0.00531
31	0.00501	0.00411	0.00442	0.00456	0.00573	0.00351	0.00334	0.00607	0.00937	0.01152	0.09702	0.18185	0.62750	0.01081	0.00498	0.00145	0.00215	0.00921	0.00391	0.00351
32	0.01379	0.02618	0.01113	0.00890	0.01176	0.05686	0.00718	0.40194	0.28682	0.08604	0.03705	0.01259	0.01004	0.00526	0.00415	0.00129	0.00414	0.00412	0.00412	0.00665
33	0.01489	0.03972	0.01207	0.01040	0.03794	0.45441	0.00789	0.22473	0.09736	0.04806	0.00886	0.00930	0.00679	0.00460	0.00390	0.00116	0.00597	0.00324	0.00299	0.00574
34	0.00506	0.00361	0.00482	0.00578	0.00602	0.00337	0.00386	0.00578	0.00795	0.01060	0.02289	0.85131	0.02747	0.01301	0.00530	0.00169	0.00241	0.01181	0.00386	0.00337
35	0.01864	0.00707	0.00964	0.00739	0.01060	0.00611	0.00611	0.02024	0.01189	0.83099	0.01639	0.01414	0.01028	0.00514	0.00418	0.00129	0.00353	0.00418	0.00514	0.00707
36	0.00861	0.00738	0.00861	0.00615	0.00984	0.00554	0.00492	0.01046	0.00861	0.01354	0.00738	0.00861	0.00615	0.00308	0.00308	0.00062	0.00308	0.00246	0.00246	0.87941
37	0.00793	0.00755	0.01298	0.80801	0.02831	0.00928	0.04647	0.01073	0.00837	0.01073	0.00743	0.01108	0.00557	0.00412	0.00419	0.00138	0.00560	0.00374	0.00186	0.00466
38	0.01026	0.00992	0.01717	0.02517	0.79551	0.00989	0.04510	0.01277	0.00947	0.01356	0.00784	0.01032	0.00657	0.00369	0.00414	0.00124	0.00502	0.00375	0.00206	0.00654
39	0.00842	0.00717	0.00840	0.00610	0.00961	0.00542	0.00486	0.01025	0.00873	0.01360	0.04269	0.02789	0.00803	0.00352	0.00320	0.00067	0.00301	0.00288	0.00258	0.82297
40	0.01111	0.85652	0.02177	0.00711	0.01066	0.01644	0.00711	0.01244	0.00844	0.00977	0.00577	0.00666	0.00533	0.00355	0.00267	0.00089	0.00444	0.00222	0.00178	0.00533
41	0.00713	0.00365	0.00541	0.00541	0.00542	0.00367	0.00360	0.00549	0.00547	0.00731	0.00756	0.01334	0.00763	0.05072	0.03705	0.81987	0.00381	0.00373	0.00184	0.00188
42	0.01111	0.85652	0.02177	0.00711	0.01066	0.01644	0.00711	0.01244	0.00844	0.00977	0.00577	0.00666	0.00533	0.00355	0.00267	0.00089	0.00444	0.00222	0.00178	0.00533
43	0.00506	0.00361	0.00482	0.00578	0.00602	0.00337	0.00386	0.00578	0.00795	0.01060	0.02289	0.85131	0.02747	0.01301	0.00530	0.00169	0.00241	0.01181	0.00386	0.00337
44	0.01028	0.00987	0.01686	0.02550	0.82811	0.00987	0.01275	0.01275	0.00946	0.01357	0.00781	0.01028	0.00658	0.00370	0.00411	0.00123	0.00493	0.00370	0.00206	0.00658
45	0.00784	0.00738	0.01246	0.84404	0.02861	0.00923	0.01154	0.01061	0.00831	0.01061	0.00738	0.01107	0.00554	0.00415	0.00415	0.00138	0.00554	0.00369	0.00185	0.00461
46	0.02999	0.78086	0.02069	0.00718	0.01061	0.01575	0.00706	0.01271	0.00851	0.04505	0.00622	0.00705	0.00553	0.00372	0.00300	0.00094	0.02550	0.00234	0.00194	0.00537
47	0.00637	0.00441	0.00552	0.00523	0.00638	0.00401	0.00392	0.00819	0.02233	0.05816	0.56824	0.09007	0.18358	0.00898	0.00488	0.00135	0.00212	0.00784	0.00441	0.00401
48	0.05139	0.00991	0.07116	0.00834	0.01168	0.04382	0.00726	0.23516	0.01354	0.46961	0.02723	0.01232	0.00910	0.00498	0.00408	0.00127	0.00414	0.00389	0.00438	0.00674
49	0.01021	0.00979	0.01666	0.02458	0.78119	0.00971	0.02646	0.01267	0.00943	0.01356	0.00781	0.01023	0.00656	0.00367	0.00408	0.00121	0.00490	0.00367	0.00207	0.04153
50	0.01010	0.00968	0.01653	0.08689	0.76814	0.00982	0.01266	0.01259	0.00937	0.01335	0.00778	0.01034	0.00650	0.00373	0.00412	0.00124	0.00498	0.00370	0.00204	0.00643
51	0.00535	0.00388	0.00506	0.00592	0.00626	0.00372	0.00402	0.00654	0.04051	0.01087	0.02237	0.76915	0.02643	0.03479	0.00569	0.00174	0.00254	0.03782	0.00383	0.00349
52	0.00938	0.09879	0.61019	0.01176	0.04009	0.01018	0.06175	0.01377	0.03623	0.05818	0.00817	0.00928	0.00590	0.00400	0.00391	0.00128	0.00576	0.00323	0.00206	0.00611
53	0.00913	0.00867	0.01449	0.23554	0.54100	0.00908	0.01150	0.01153	0.00916	0.01258	0.01103	0.01337	0.08598	0.00448	0.00420	0.00129	0.00482	0.00419	0.00218	0.00577
54	0.00506	0.00361	0.00482	0.00578	0.00602	0.00337	0.00386	0.00578	0.00795	0.01060	0.02289	0.85131	0.02747	0.01301	0.00530	0.00169	0.00241	0.01181	0.00386	0.00337
55	0.00901	0.07045	0.65773	0.01136	0.01676	0.00996	0.04166	0.01343	0.02922	0.04601	0.00823	0.00993	0.00610	0.00426	0.00426	0.00132	0.03208	0.02020	0.00201	0.00602
56	0.00821	0.00776	0.01308	0.71412	0.13958	0.00938	0.01166	0.01090	0.00843	0.01101	0.00741	0.01093	0.00568	0.00415	0.00433	0.00137	0.02155	0.00369	0.00187	0.00489
57	0.00832	0.00802	0.01404	0.67114	0.12760	0.00942	0.08048	0.01111	0.00858	0.01121	0.00752	0.01099	0.00573	0.00404	0.00421	0.00137	0.00559	0.00380	0.00189	0.00494
58	0.01049	0.00895	0.00987	0.00871	0.01114	0.01025	0.03175	0.02176	0.77803	0.03461	0.01663	0.01533	0.01243	0.00556	0.00425	0.00141	0.00341	0.00469	0.00418	0.00655
59	0.00974	0.02944	0.04719	0.03111	0.02128	0.01063	0.74440	0.01318	0.00966	0.01312	0.00825	0.01100	0.00622	0.00360	0.00498	0.00139	0.02243	0.00475	0.00207	0.00558
60	0.00986	0.00944	0.01610	0.16699	0.68991	0.00976	0.01254	0.01238	0.00926	0.01306	0.00774	0.01042	0.00640	0.00378	0.00412	0.00126	0.00504	0.00370	0.00202	0.00624
61	0.01864	0.00707	0.00964	0.00739	0.01060	0.00611	0.00611	0.02024	0.01189	0.83099	0.01639	0.01414	0.01028	0.00514	0.00418	0.00129	0.00353	0.00418	0.00514	0.00707
62	0.00498	0.00423	0.00431	0.00435	0.00573	0.00356	0.00330	0.00607	0.00947	0.01127	0.04127	0.04025	0.79398	0.01056	0.00494	0.00142	0.00217	0.04076	0.00386	0.00352
63	0.06425	0.00717	0.00944	0.00732	0.01047	0.00640	0.00603	0.01987	0.03482	0.76459	0.01584	0.01379	0.01004	0.00509	0.00409	0.00129	0.00351	0.00409	0.00498	0.00692
64	0.00833	0.02149	0.83250	0.01184	0.01798	0.00965	0.01535	0.01315	0.00877	0.01315	0.00745	0.00877	0.00526	0.00395	0.00395	0.00132	0.00614	0.00307	0.00175	0.00614
65	0.00529	0.00491	0.06336	0.00614	0.00685	0.00382	0.00464	0.00631	0.00808	0.01081	0.02271	0.75347	0.06354	0.01225	0.00519	0.00165	0.00266	0.01105	0.00371	0.00358
66	0.00498	0.00421	0.00430	0.00428	0.00565	0.00354	0.00321	0.00609	0.00963	0.01161	0.09754	0.03934	0.77072	0.01038	0.00491	0.00140	0.00209	0.00868	0.00391	0.00354
67	0.00762	0.00675	0.01122	0.69624	0.02463	0.00826	0.01023	0.00979	0.00802	0.01030	0.00846	0.05159	0.00720	0.00582	0.00551	0.09294	0.00515	0.02405	0.00199	0.00424
68	0.00997	0.26937	0.49022	0.01030	0.01534	0.01147	0.04409	0.01355	0.01828	0.07007	0.00773	0.00870	0.00576	0.00392	0.00362	0.00119	0.00545	0.00299	0.00204	0.00595
69	0.00794	0.00748	0.01264	0.81094	0.06093	0.00925	0.01158	0.01070	0.00835	0.01073	0.00740	0.01104	0.00558	0.00413	0.00415	0.00138	0.00551	0.00369	0.00185	0.00469
70	0.00508	0.00363	0.00480	0.00573	0.00599	0.00339	0.00382	0.00579	0.00795	0.01057	0.02310	0.81977	0.04332	0.02849	0.00559	0.00172	0.00243	0.01164	0.00383	0.00336
71	0.01017	0.04611	0.01623	0.07774	0.65686	0.04313	0.02307	0.01250	0.00938	0.01294	0.00864	0.01095	0.03101	0.00401	0.00424	0.00124	0.01975	0.00376	0.00208	0.00618
72	0.05837	0.04530	0.12916	0.02362	0.17287	0.04933	0.17005	0.07257	0.02172	0.13908	0.01028	0.04792	0.00820	0.00470	0.00420	0.00131	0.00513	0.02740	0.00283	0.00594
73	0.37369	0.01264	0.16086	0.06007	0.09299	0.12775	0.07532	0.02841	0.00882	0.01516	0.00677	0.00826	0.00522	0.00393	0.00346	0.00127	0.00500	0.00294	0.00226	0.00519
74	0.03596	0.04763	0.04616	0.01512	0.05708	0.05973	0.52507	0.08171	0.01057	0.02372	0.02384	0.03707	0.00751	0.00412	0.00454	0.00134	0.00620	0.00462	0.00240	0.00562
75	0.06485	0.18544	0.20629	0.01029	0.02841	0.04941	0.08644	0.04713	0.04444	0.05187	0.00893	0.01054	0.03033	0.00511	0.01484	0.00137	0.13309	0.01338	0.00234	0.00549

[dist]
# distance from previous block
# <min> <max>
1	16

[block]
# block no. 3 follows, 64 sequences, length 7
# corresponding to MSA columns:
# 223-229
name=unknown_D
#
# <colnr> <probs for GDERKNQSTAVLIFYWHMCP>
#	G	D	E	R	K	N	Q	S	T	A	V	L	I	F	Y	W	H	M	C	P
0	0.09044	0.00828	0.05689	0.00748	0.01050	0.00724	0.00640	0.13029	0.01169	0.43279	0.03185	0.05295	0.01064	0.03659	0.00467	0.00137	0.00371	0.02113	0.00418	0.07092
1	0.01272	0.05229	0.13697	0.00979	0.03724	0.02600	0.08166	0.08822	0.14074	0.26478	0.07676	0.01434	0.01138	0.00514	0.00422	0.00131	0.00435	0.02213	0.00372	0.00625
2	0.01024	0.00720	0.05645	0.00830	0.04580	0.00634	0.03369	0.09852	0.01090	0.19884	0.09371	0.10535	0.10157	0.00985	0.08030	0.00192	0.00430	0.11774	0.00383	0.00515
3	0.00792	0.00511	0.00639	0.00573	0.00717	0.00482	0.00440	0.04265	0.05176	0.11253	0.59137	0.02817	0.09959	0.00798	0.00475	0.00131	0.00233	0.00693	0.00455	0.00451
4	0.01407	0.01513	0.03638	0.01098	0.07274	0.44826	0.00810	0.06499	0.18894	0.08502	0.00993	0.01022	0.00758	0.00464	0.00395	0.00119	0.00582	0.00340	0.00296	0.00570
5	0.00879	0.00704	0.05440	0.00687	0.00869	0.04357	0.00574	0.04618	0.08025	0.12035	0.17126	0.12767	0.16257	0.00857	0.00479	0.00146	0.00326	0.12985	0.00400	0.00471
6	0.35930	0.00963	0.05956	0.00730	0.01020	0.05677	0.00627	0.08692	0.06828	0.16233	0.03456	0.01013	0.00769	0.00452	0.00371	0.00124	0.02807	0.00320	0.00325	0.07708

[dist]
# distance from previous block
# <min> <max>
0	17

# created by:
# /st0/software/busco_prod/Augustus/scripts/msa2prfl.pl ./align_prep/131041.fa
