[name]
unknown

[dist]
# distance from previous block
# <min> <max>
13	1806

[block]
# block no. 0 follows, 51 sequences, length 28
# corresponding to MSA columns:
# 2353-2371,2381-2389
name=unknown_A
#
# <colnr> <probs for GDERKNQSTAVLIFYWHMCP>
#	G	D	E	R	K	N	Q	S	T	A	V	L	I	F	Y	W	H	M	C	P
0	0.01751	0.05890	0.16502	0.01101	0.03293	0.00995	0.03205	0.04788	0.02837	0.46140	0.01491	0.01421	0.00995	0.00580	0.00565	0.00155	0.06614	0.00452	0.00454	0.00774
1	0.01537	0.01067	0.01378	0.01106	0.01410	0.01138	0.08558	0.29636	0.10972	0.17126	0.01593	0.13384	0.01323	0.00745	0.00604	0.00165	0.06446	0.00620	0.00465	0.00725
2	0.01659	0.01508	0.08530	0.01113	0.01486	0.13136	0.00956	0.40137	0.14423	0.06818	0.01284	0.01283	0.00933	0.00579	0.00478	0.00147	0.00565	0.00438	0.03764	0.00762
3	0.08696	0.00735	0.00916	0.04559	0.08940	0.00754	0.00711	0.09818	0.01229	0.01730	0.13669	0.06478	0.15586	0.06962	0.00696	0.00196	0.00405	0.16983	0.00414	0.00522
4	0.01112	0.01037	0.01672	0.15907	0.50224	0.01091	0.01301	0.01521	0.10266	0.01567	0.01206	0.08717	0.01068	0.00575	0.00502	0.00156	0.00546	0.00539	0.00289	0.00704
5	0.00750	0.00549	0.00680	0.00695	0.00800	0.00529	0.00507	0.07833	0.01227	0.01654	0.25905	0.40440	0.11102	0.01255	0.00598	0.00179	0.00295	0.04055	0.00485	0.00462
6	0.01226	0.01403	0.10191	0.01706	0.02145	0.01289	0.45787	0.10823	0.09300	0.01768	0.01077	0.01308	0.00813	0.00509	0.00646	0.00167	0.08331	0.00525	0.00297	0.00690
7	0.01429	0.01473	0.16465	0.01151	0.01542	0.01350	0.01062	0.33005	0.27002	0.02320	0.01352	0.01359	0.00998	0.00611	0.00572	0.00160	0.06491	0.00463	0.00420	0.00774
8	0.04716	0.39420	0.26134	0.01073	0.01565	0.08816	0.01147	0.09246	0.01172	0.01521	0.00801	0.00914	0.00645	0.00461	0.00391	0.00129	0.00616	0.00317	0.00245	0.00671
9	0.01427	0.01098	0.01336	0.01364	0.15821	0.05629	0.02978	0.15925	0.16927	0.10916	0.01382	0.01456	0.01041	0.00587	0.00551	0.00151	0.06439	0.00468	0.13792	0.00712
10	0.00690	0.00475	0.00545	0.00556	0.00577	0.00468	0.00332	0.00716	0.00777	0.01024	0.01970	0.11279	0.09005	0.64340	0.04890	0.00431	0.00466	0.00806	0.00327	0.00324
11	0.01694	0.01191	0.01319	0.01048	0.01392	0.01309	0.00856	0.53688	0.10649	0.09784	0.01362	0.01384	0.00991	0.00912	0.08571	0.00214	0.00586	0.00469	0.01799	0.00783
12	0.02025	0.01007	0.01232	0.00957	0.01332	0.00990	0.00787	0.23634	0.08349	0.51687	0.01731	0.01548	0.01134	0.00608	0.00494	0.00152	0.00450	0.00485	0.00566	0.00831
13	0.05876	0.10877	0.60271	0.01251	0.01890	0.01186	0.01541	0.01618	0.01056	0.08711	0.00946	0.01056	0.00673	0.00474	0.00444	0.00150	0.00657	0.00359	0.00250	0.00715
14	0.01235	0.01254	0.01926	0.04871	0.58135	0.09103	0.08361	0.01519	0.01162	0.01573	0.05365	0.01335	0.00976	0.00476	0.00496	0.00147	0.00619	0.00464	0.00261	0.00722
15	0.01187	0.01134	0.01744	0.08164	0.49013	0.04296	0.05617	0.05750	0.05558	0.01642	0.01397	0.01656	0.08030	0.00557	0.00504	0.00152	0.00568	0.02027	0.00294	0.00710
16	0.02045	0.00977	0.05644	0.00931	0.01322	0.00820	0.00808	0.09904	0.01466	0.64668	0.01829	0.01742	0.01209	0.00628	0.00500	0.00155	0.00449	0.03520	0.00568	0.00815
17	0.00765	0.00597	0.00718	0.00748	0.00892	0.00591	0.00599	0.01120	0.12550	0.01554	0.12341	0.12282	0.24496	0.01200	0.00608	0.00189	0.00343	0.27452	0.00471	0.00486
18	0.01764	0.01329	0.17469	0.01308	0.11684	0.01015	0.01087	0.16210	0.01462	0.39431	0.01449	0.01392	0.00967	0.00554	0.00487	0.00151	0.00526	0.00450	0.00457	0.00806
19	0.01749	0.01064	0.01604	0.01218	0.01606	0.01046	0.18885	0.13045	0.12567	0.37934	0.01593	0.01533	0.01082	0.00573	0.00535	0.00158	0.02027	0.00515	0.00484	0.00782
20	0.01495	0.01225	0.02302	0.01669	0.02125	0.01169	0.49550	0.12990	0.01383	0.19101	0.01230	0.01381	0.00863	0.00483	0.00548	0.00160	0.00696	0.00541	0.00364	0.00726
21	0.01163	0.01318	0.02858	0.02115	0.06146	0.01239	0.74335	0.01571	0.01158	0.01576	0.00991	0.01321	0.00747	0.00415	0.00576	0.00165	0.00817	0.00573	0.00248	0.00668
22	0.01270	0.01337	0.07001	0.01897	0.02394	0.01178	0.64823	0.01667	0.01181	0.10540	0.01096	0.01349	0.00793	0.00439	0.00564	0.00164	0.00776	0.00558	0.00287	0.00686
23	0.01148	0.00997	0.01497	0.60361	0.06369	0.01190	0.01276	0.18157	0.01281	0.01676	0.00943	0.01277	0.00700	0.00511	0.00491	0.00159	0.00627	0.00438	0.00280	0.00620
24	0.01153	0.01306	0.02788	0.02009	0.02466	0.01264	0.71739	0.01543	0.01127	0.01543	0.00966	0.01306	0.00738	0.00450	0.00663	0.00170	0.07304	0.00568	0.00246	0.00653
25	0.01313	0.01014	0.01105	0.00985	0.01267	0.01143	0.00777	0.04287	0.64856	0.09893	0.02008	0.02008	0.01530	0.00697	0.00509	0.00168	0.00399	0.04766	0.00508	0.00767
26	0.00711	0.00549	0.00725	0.00804	0.06534	0.00510	0.00552	0.00905	0.01231	0.01669	0.41236	0.11820	0.19427	0.02530	0.00622	0.00174	0.00294	0.08761	0.00480	0.00466
27	0.01230	0.01048	0.01110	0.00991	0.01268	0.01206	0.00772	0.05900	0.72345	0.02099	0.04994	0.01876	0.01593	0.00677	0.00503	0.00165	0.00390	0.00564	0.00501	0.00768

[dist]
# distance from previous block
# <min> <max>
0	1

[block]
# block no. 1 follows, 51 sequences, length 12
# corresponding to MSA columns:
# 2391-2393,2402-2410
name=unknown_B
#
# <colnr> <probs for GDERKNQSTAVLIFYWHMCP>
#	G	D	E	R	K	N	Q	S	T	A	V	L	I	F	Y	W	H	M	C	P
0	0.01799	0.01285	0.01439	0.01254	0.08402	0.04030	0.00941	0.53655	0.05467	0.13008	0.01312	0.02930	0.00954	0.00599	0.00493	0.00149	0.00528	0.00469	0.00477	0.00810
1	0.04493	0.01253	0.01347	0.02844	0.08381	0.07249	0.00912	0.31098	0.24040	0.11094	0.01425	0.01395	0.01036	0.00588	0.00484	0.00152	0.00510	0.00465	0.00455	0.00778
2	0.79569	0.00984	0.00781	0.00684	0.00995	0.01136	0.00564	0.07467	0.00952	0.02275	0.00723	0.00828	0.00556	0.00467	0.00319	0.00152	0.00393	0.00280	0.00319	0.00556
3	0.00659	0.00526	0.00600	0.00629	0.00766	0.00481	0.00483	0.00865	0.05004	0.01420	0.09122	0.17175	0.45416	0.01266	0.00600	0.00181	0.00295	0.13609	0.00464	0.00440
4	0.00762	0.00542	0.00645	0.00624	0.00688	0.00560	0.00417	0.05163	0.00887	0.01189	0.04242	0.02994	0.10165	0.49162	0.19440	0.00483	0.00634	0.00698	0.00326	0.00377
5	0.01768	0.01980	0.01455	0.01383	0.08454	0.53407	0.00990	0.18945	0.04074	0.01689	0.00908	0.01012	0.00719	0.00524	0.00460	0.00134	0.00766	0.00363	0.00314	0.00654
6	0.01114	0.01172	0.02117	0.08001	0.05214	0.01329	0.34943	0.01448	0.05014	0.01423	0.00899	0.01249	0.00740	0.00607	0.00966	0.00184	0.32213	0.00503	0.00246	0.00616
7	0.01187	0.02050	0.53141	0.01669	0.17822	0.01129	0.01610	0.05590	0.01153	0.08615	0.01000	0.01138	0.00718	0.00480	0.00475	0.00153	0.00660	0.00394	0.00265	0.00752
8	0.01165	0.01387	0.14273	0.02322	0.47031	0.03535	0.07929	0.01597	0.07997	0.01596	0.01037	0.01283	0.00836	0.00648	0.05068	0.00187	0.00661	0.00450	0.00262	0.00735
9	0.01024	0.01004	0.01408	0.01215	0.01260	0.01342	0.03314	0.01190	0.03311	0.01251	0.01180	0.01673	0.07514	0.00902	0.01405	0.00208	0.65187	0.04818	0.00259	0.00534
10	0.01132	0.00881	0.01036	0.00927	0.01133	0.00971	0.00755	0.20913	0.14650	0.02067	0.19465	0.02956	0.06085	0.00917	0.00653	0.00176	0.07336	0.16865	0.00471	0.00613
11	0.01694	0.01196	0.02901	0.01069	0.01404	0.01289	0.00886	0.40221	0.16664	0.16570	0.01454	0.03018	0.01060	0.00648	0.00591	0.00159	0.07412	0.00490	0.00484	0.00788

[dist]
# distance from previous block
# <min> <max>
30	60

[block]
# block no. 2 follows, 51 sequences, length 12
# corresponding to MSA columns:
# 2519-2530
name=unknown_C
#
# <colnr> <probs for GDERKNQSTAVLIFYWHMCP>
#	G	D	E	R	K	N	Q	S	T	A	V	L	I	F	Y	W	H	M	C	P
0	0.01077	0.09803	0.02918	0.00822	0.01028	0.03349	0.00656	0.07279	0.08234	0.08085	0.07727	0.24552	0.02046	0.09078	0.00741	0.00194	0.02090	0.04607	0.00413	0.05300
1	0.01386	0.15344	0.01465	0.01040	0.03627	0.18991	0.05048	0.11917	0.03071	0.06232	0.01198	0.03414	0.02380	0.14885	0.00800	0.00191	0.00583	0.00466	0.01461	0.06499
2	0.00822	0.00740	0.04076	0.00932	0.05379	0.00645	0.04549	0.02445	0.06305	0.01446	0.03877	0.32473	0.08868	0.08154	0.00725	0.00195	0.00392	0.05512	0.00393	0.12073
3	0.04554	0.05311	0.01383	0.03270	0.10999	0.08717	0.03182	0.18111	0.12862	0.01960	0.01139	0.01239	0.00886	0.00506	0.00438	0.00130	0.00503	0.00405	0.06255	0.18149
4	0.00642	0.00450	0.00554	0.00619	0.00643	0.00430	0.00392	0.00697	0.00862	0.01142	0.02363	0.48553	0.06060	0.32713	0.01345	0.00304	0.00357	0.01119	0.00395	0.00361
5	0.01229	0.48339	0.29865	0.01046	0.01567	0.01586	0.01178	0.01580	0.03963	0.04380	0.00852	0.00950	0.00683	0.00453	0.00383	0.00127	0.00587	0.00318	0.00236	0.00678
6	0.01291	0.77444	0.07957	0.00880	0.01321	0.01889	0.00908	0.01477	0.01001	0.01184	0.00697	0.00806	0.00630	0.00424	0.00326	0.00109	0.00539	0.00270	0.00210	0.00637
7	0.00604	0.00434	0.00564	0.00666	0.00701	0.00404	0.00443	0.00687	0.00939	0.01243	0.02775	0.73943	0.07423	0.05762	0.00723	0.00212	0.00293	0.01341	0.00448	0.00395
8	0.01127	0.28813	0.36468	0.01307	0.08812	0.03482	0.01328	0.01513	0.02907	0.01424	0.00993	0.01378	0.00853	0.00532	0.00437	0.00144	0.00619	0.06949	0.00241	0.00673
9	0.02582	0.01018	0.01460	0.15979	0.22231	0.04189	0.05918	0.12160	0.01253	0.05686	0.02401	0.11463	0.02869	0.00659	0.00528	0.00157	0.02431	0.00582	0.05792	0.00643
10	0.00598	0.00432	0.00566	0.00674	0.00710	0.00400	0.00451	0.00685	0.00951	0.01259	0.02839	0.77959	0.07616	0.01523	0.00625	0.00198	0.00283	0.01376	0.00456	0.00400
11	0.05900	0.04940	0.01190	0.02188	0.01260	0.07899	0.00760	0.29336	0.17608	0.04328	0.03501	0.01453	0.01118	0.00591	0.00447	0.00143	0.00463	0.00454	0.15726	0.00693

[dist]
# distance from previous block
# <min> <max>
0	5

[block]
# block no. 3 follows, 51 sequences, length 24
# corresponding to MSA columns:
# 2537-2560
name=unknown_D
#
# <colnr> <probs for GDERKNQSTAVLIFYWHMCP>
#	G	D	E	R	K	N	Q	S	T	A	V	L	I	F	Y	W	H	M	C	P
0	0.12160	0.04853	0.01391	0.01282	0.08781	0.37050	0.00922	0.14776	0.11041	0.01789	0.00988	0.01070	0.00776	0.00524	0.00440	0.00139	0.00661	0.00371	0.00328	0.00658
1	0.01209	0.01062	0.01787	0.04786	0.01815	0.00987	0.30754	0.04889	0.08465	0.08608	0.04204	0.03027	0.01053	0.00497	0.00497	0.00138	0.00565	0.00504	0.00341	0.24811
2	0.02613	0.04729	0.04544	0.06051	0.15242	0.01179	0.40033	0.03590	0.01158	0.03450	0.06016	0.03765	0.01065	0.00522	0.00577	0.00160	0.03812	0.00555	0.00283	0.00658
3	0.01227	0.45731	0.32465	0.01090	0.01616	0.07693	0.01226	0.01542	0.01044	0.01314	0.00766	0.00892	0.00628	0.00445	0.00384	0.00126	0.00631	0.00306	0.00212	0.00663
4	0.00657	0.00501	0.00603	0.00578	0.00711	0.00447	0.00433	0.00853	0.01300	0.01755	0.54417	0.04026	0.29759	0.01085	0.00580	0.00158	0.00238	0.00939	0.00513	0.00447
5	0.01091	0.28408	0.55241	0.01221	0.01849	0.01399	0.01502	0.01529	0.01025	0.01428	0.00818	0.00957	0.00625	0.00452	0.00418	0.00139	0.00662	0.00331	0.00208	0.00696
6	0.01149	0.01070	0.01485	0.22694	0.09827	0.10609	0.12766	0.04805	0.02345	0.05107	0.01433	0.11833	0.03678	0.00682	0.00517	0.00161	0.00590	0.03436	0.05223	0.00589
7	0.01902	0.00822	0.01072	0.00853	0.01192	0.00748	0.00694	0.02234	0.10550	0.61384	0.07806	0.01980	0.05115	0.00674	0.00505	0.00155	0.00393	0.00556	0.00583	0.00782
8	0.00687	0.00610	0.00756	0.05005	0.11783	0.00554	0.00582	0.00845	0.01113	0.01362	0.04204	0.04066	0.64486	0.01094	0.00563	0.00163	0.00316	0.00923	0.00415	0.00472
9	0.01455	0.02481	0.01456	0.01222	0.04795	0.07993	0.12483	0.08890	0.06331	0.21623	0.04112	0.11936	0.01413	0.00740	0.00632	0.00166	0.08353	0.02832	0.00418	0.00668
10	0.01216	0.01168	0.01995	0.03016	0.79664	0.01168	0.01508	0.01508	0.01119	0.01605	0.00924	0.01216	0.00778	0.00438	0.00487	0.00146	0.00584	0.00438	0.00243	0.00778
11	0.00702	0.00527	0.00790	0.00790	0.00878	0.00614	0.00614	0.00878	0.00790	0.01141	0.01316	0.01931	0.01229	0.03686	0.80782	0.00790	0.01316	0.00527	0.00263	0.00439
12	0.01682	0.01317	0.04745	0.01073	0.01445	0.01387	0.00907	0.60325	0.10312	0.02815	0.01290	0.01297	0.00932	0.00591	0.00479	0.00147	0.00507	0.00452	0.07502	0.00794
13	0.14139	0.07913	0.05800	0.02713	0.07108	0.13379	0.05696	0.11998	0.11722	0.03665	0.01166	0.04073	0.00969	0.00640	0.01768	0.00163	0.02988	0.03105	0.00340	0.00655
14	0.00860	0.00690	0.01015	0.11199	0.02930	0.00776	0.05831	0.01031	0.00929	0.01342	0.06524	0.07732	0.01619	0.20350	0.05879	0.00280	0.12363	0.05057	0.13133	0.00458
15	0.00631	0.00455	0.00603	0.00703	0.00755	0.00427	0.00500	0.00747	0.01003	0.01332	0.07553	0.63421	0.06564	0.01468	0.00629	0.00199	0.00304	0.11833	0.00461	0.00411
16	0.01399	0.31179	0.11153	0.01056	0.01447	0.14565	0.03494	0.04250	0.15018	0.07160	0.01095	0.01157	0.00860	0.00624	0.03405	0.00158	0.00617	0.00379	0.00310	0.00674
17	0.01681	0.03944	0.04490	0.01327	0.10982	0.17718	0.00983	0.23936	0.04494	0.15945	0.02774	0.01275	0.00939	0.00574	0.00539	0.00147	0.05241	0.00429	0.01853	0.00730
18	0.00835	0.00544	0.00642	0.00628	0.00705	0.00547	0.00428	0.05410	0.00959	0.04231	0.04220	0.13211	0.06785	0.38764	0.09237	0.00367	0.00487	0.02390	0.09203	0.00409
19	0.00662	0.00503	0.00611	0.00590	0.00721	0.00452	0.00446	0.00860	0.01296	0.01749	0.53067	0.04072	0.28432	0.01093	0.00583	0.00161	0.00245	0.03499	0.00511	0.00448
20	0.01260	0.03885	0.20364	0.12565	0.14424	0.10635	0.10289	0.09658	0.09018	0.01683	0.01024	0.01207	0.00778	0.00496	0.00485	0.00152	0.00666	0.00430	0.00284	0.00698
21	0.04165	0.01079	0.01268	0.19149	0.01745	0.09423	0.05654	0.15422	0.08239	0.05375	0.04851	0.01676	0.01160	0.05153	0.00619	0.00171	0.02458	0.02729	0.09052	0.00612
22	0.00618	0.00452	0.00579	0.00669	0.00724	0.00419	0.00466	0.00722	0.00988	0.01297	0.05814	0.60907	0.13303	0.04050	0.00683	0.00204	0.00297	0.06947	0.00454	0.00404
23	0.01234	0.01232	0.04915	0.08090	0.38084	0.01204	0.20713	0.06414	0.06226	0.03530	0.01040	0.01289	0.00813	0.00475	0.00538	0.00156	0.02555	0.00480	0.00282	0.00730

[dist]
# distance from previous block
# <min> <max>
0	36

[block]
# block no. 4 follows, 51 sequences, length 50
# corresponding to MSA columns:
# 2597-2609,2612-2648
name=unknown_E
#
# <colnr> <probs for GDERKNQSTAVLIFYWHMCP>
#	G	D	E	R	K	N	Q	S	T	A	V	L	I	F	Y	W	H	M	C	P
0	0.09059	0.06109	0.05007	0.01070	0.07423	0.11170	0.00821	0.10726	0.06188	0.02877	0.05194	0.09361	0.05628	0.00782	0.00493	0.00158	0.00488	0.10901	0.04420	0.02125
1	0.09445	0.02872	0.01556	0.07618	0.28600	0.05138	0.04683	0.07116	0.06603	0.16124	0.01174	0.01289	0.00873	0.00503	0.00465	0.00147	0.00537	0.00433	0.01489	0.03334
2	0.01289	0.04711	0.13103	0.06064	0.34947	0.15213	0.04507	0.03742	0.07146	0.01564	0.01003	0.01256	0.00814	0.00495	0.00478	0.00147	0.00650	0.01895	0.00268	0.00707
3	0.02884	0.02284	0.05841	0.01129	0.10131	0.00837	0.00857	0.04476	0.03454	0.53316	0.04559	0.01763	0.04947	0.00621	0.00494	0.00152	0.00445	0.00513	0.00517	0.00782
4	0.01215	0.00975	0.01130	0.00855	0.01241	0.00889	0.02473	0.19533	0.06077	0.01983	0.01127	0.04270	0.00926	0.00493	0.00417	0.00106	0.00408	0.00401	0.04934	0.50546
5	0.04605	0.00860	0.03202	0.02624	0.04424	0.04403	0.08082	0.06552	0.03534	0.05171	0.06980	0.30099	0.03447	0.04754	0.00677	0.00188	0.03240	0.03311	0.03310	0.00536
6	0.00733	0.00590	0.00813	0.00797	0.00874	0.00637	0.02672	0.00897	0.02536	0.01371	0.15133	0.29783	0.08794	0.06505	0.11387	0.00285	0.11274	0.04073	0.00398	0.00446
7	0.00622	0.00439	0.00569	0.00657	0.00685	0.00415	0.00431	0.00700	0.00925	0.01239	0.06065	0.66099	0.03080	0.14508	0.00925	0.00242	0.00313	0.01264	0.00435	0.00386
8	0.01598	0.24104	0.08306	0.01151	0.01488	0.49359	0.00989	0.03130	0.01266	0.01260	0.00803	0.00994	0.00690	0.00503	0.00417	0.00126	0.00758	0.02210	0.00247	0.00601
9	0.01134	0.01149	0.03281	0.31393	0.37683	0.06033	0.04912	0.01454	0.02384	0.01455	0.00925	0.01252	0.00739	0.00475	0.00506	0.00153	0.02036	0.00437	0.01935	0.00664
10	0.00628	0.00488	0.00574	0.00594	0.00713	0.00433	0.00439	0.00780	0.01158	0.01499	0.25177	0.21244	0.37978	0.01247	0.00596	0.00173	0.00263	0.05110	0.00480	0.00427
11	0.01812	0.02243	0.01401	0.01259	0.01512	0.73440	0.00953	0.06355	0.01424	0.01312	0.00780	0.00910	0.00645	0.00523	0.00486	0.00131	0.03636	0.00328	0.00266	0.00584
12	0.01105	0.22755	0.54960	0.01276	0.01905	0.01361	0.04448	0.04153	0.01076	0.01509	0.00846	0.00991	0.00637	0.00457	0.00434	0.00143	0.00673	0.00349	0.00219	0.00703
13	0.00670	0.00519	0.00623	0.00659	0.00795	0.00473	0.00531	0.00843	0.01159	0.01469	0.15075	0.07103	0.40296	0.01256	0.00615	0.00186	0.00316	0.26511	0.00468	0.00434
14	0.00639	0.00508	0.00579	0.00614	0.00750	0.00452	0.00480	0.00784	0.01104	0.01361	0.05995	0.11061	0.51050	0.03625	0.00663	0.00192	0.00306	0.18966	0.00453	0.00420
15	0.01039	0.00989	0.01717	0.56234	0.04904	0.01146	0.14813	0.06050	0.01093	0.01445	0.00924	0.01307	0.00699	0.00496	0.00539	0.00163	0.03224	0.00463	0.02170	0.00588
16	0.01113	0.01063	0.01809	0.31034	0.52450	0.01141	0.01457	0.01418	0.01070	0.01481	0.00906	0.01250	0.00734	0.00457	0.00488	0.00152	0.00609	0.00437	0.00234	0.00695
17	0.02189	0.00861	0.01156	0.00886	0.01267	0.00759	0.00732	0.05888	0.01448	0.76452	0.01904	0.01650	0.01199	0.00607	0.00494	0.00152	0.00424	0.00492	0.00603	0.00836
18	0.00854	0.00427	0.00640	0.00640	0.00640	0.00427	0.00427	0.00640	0.00640	0.00854	0.00854	0.01494	0.00854	0.01707	0.01921	0.85702	0.00427	0.00427	0.00213	0.00213
19	0.02140	0.00929	0.04903	0.00905	0.01302	0.00759	0.00779	0.03974	0.01408	0.74632	0.01872	0.01632	0.01180	0.00601	0.00493	0.00152	0.00435	0.00487	0.00587	0.00831
20	0.00696	0.00502	0.00657	0.00618	0.00734	0.00464	0.00464	0.00927	0.01391	0.01971	0.79405	0.03671	0.04637	0.01005	0.00580	0.00155	0.00232	0.00889	0.00541	0.00464
21	0.01023	0.00886	0.01070	0.00764	0.01203	0.00671	0.02687	0.01247	0.01023	0.01601	0.00877	0.01027	0.00728	0.00365	0.00370	0.00075	0.00377	0.00299	0.00290	0.83418
22	0.01256	0.01048	0.01112	0.00996	0.01277	0.01205	0.00776	0.02604	0.76115	0.04736	0.01998	0.01828	0.01490	0.00665	0.00500	0.00166	0.00390	0.00553	0.00504	0.00780
23	0.00953	0.00898	0.01271	0.01128	0.01154	0.01216	0.00924	0.01079	0.00771	0.01174	0.00914	0.04687	0.00913	0.01660	0.23187	0.00371	0.56461	0.00497	0.00238	0.00505
24	0.86201	0.00950	0.00722	0.00646	0.00950	0.01102	0.00532	0.01445	0.00836	0.02205	0.00684	0.00798	0.00532	0.00456	0.00304	0.00152	0.00380	0.00266	0.00304	0.00532
25	0.01075	0.01075	0.01505	0.01290	0.01290	0.01505	0.01075	0.01183	0.00753	0.01183	0.00645	0.01075	0.00645	0.00860	0.01613	0.00215	0.81830	0.00430	0.00215	0.00538
26	0.01036	0.12915	0.67363	0.01314	0.01985	0.01248	0.01653	0.01582	0.03753	0.01522	0.00895	0.01033	0.00654	0.00468	0.00448	0.00149	0.00688	0.00357	0.00218	0.00716
27	0.00597	0.00433	0.00565	0.00670	0.00709	0.00400	0.00450	0.00686	0.00955	0.01260	0.02882	0.76464	0.09083	0.01517	0.00624	0.00197	0.00282	0.01370	0.00456	0.00400
28	0.86201	0.00950	0.00722	0.00646	0.00950	0.01102	0.00532	0.01445	0.00836	0.02205	0.00684	0.00798	0.00532	0.00456	0.00304	0.00152	0.00380	0.00266	0.00304	0.00532
29	0.00981	0.00688	0.00903	0.00847	0.00983	0.03233	0.00662	0.04784	0.02782	0.09890	0.01417	0.05534	0.01275	0.04146	0.55460	0.00598	0.04428	0.00552	0.00325	0.00513
30	0.01649	0.01256	0.01321	0.01073	0.01419	0.03521	0.00866	0.44251	0.30237	0.06828	0.01510	0.01438	0.01094	0.00617	0.00494	0.00154	0.00488	0.00483	0.00495	0.00807
31	0.00599	0.00428	0.00570	0.00684	0.00713	0.00399	0.00456	0.00684	0.00941	0.01254	0.02709	0.82409	0.03250	0.01540	0.00627	0.00200	0.00285	0.01397	0.00456	0.00399
32	0.00916	0.00458	0.00458	0.00458	0.00573	0.00458	0.00344	0.01145	0.01031	0.01832	0.01603	0.01832	0.01260	0.00573	0.00344	0.00115	0.00229	0.00458	0.85457	0.00458
33	0.01733	0.14250	0.01556	0.01192	0.01471	0.65770	0.00926	0.01917	0.04548	0.01231	0.00800	0.00911	0.00669	0.00500	0.00427	0.00125	0.00812	0.00318	0.00257	0.00587
34	0.01473	0.01115	0.03443	0.01008	0.01331	0.01185	0.00821	0.18195	0.46862	0.13441	0.04450	0.01715	0.01404	0.00648	0.00499	0.00160	0.00429	0.00529	0.00507	0.00786
35	0.00599	0.00428	0.00570	0.00684	0.00713	0.00399	0.00456	0.00684	0.00941	0.01254	0.02709	0.82409	0.03250	0.01540	0.00627	0.00200	0.00285	0.01397	0.00456	0.00399
36	0.00944	0.00890	0.01503	0.77164	0.07643	0.01096	0.01373	0.01270	0.00990	0.01275	0.00876	0.01305	0.00662	0.00488	0.00491	0.00163	0.00651	0.00437	0.00220	0.00559
37	0.01431	0.03974	0.02710	0.01283	0.08719	0.22733	0.05999	0.04985	0.23382	0.08635	0.01636	0.03379	0.06757	0.00635	0.00492	0.00151	0.00578	0.01461	0.00383	0.00677
38	0.04055	0.01157	0.01255	0.20907	0.04765	0.10328	0.00935	0.26835	0.05649	0.02051	0.01152	0.01322	0.00869	0.00547	0.00453	0.00144	0.00540	0.00430	0.15957	0.00649
39	0.82946	0.00955	0.00752	0.00671	0.00963	0.01118	0.00553	0.01435	0.00833	0.02166	0.00683	0.00809	0.00537	0.00472	0.00354	0.00154	0.03495	0.00272	0.00301	0.00532
40	0.83576	0.00934	0.00718	0.00647	0.00943	0.01081	0.00530	0.01421	0.00840	0.02176	0.00746	0.03301	0.00616	0.00489	0.00314	0.00154	0.00377	0.00301	0.00309	0.00528
41	0.00611	0.00436	0.00584	0.00698	0.00732	0.00410	0.00477	0.00705	0.00953	0.01268	0.02702	0.77535	0.03224	0.01528	0.00631	0.00201	0.00296	0.06150	0.00456	0.00403
42	0.01324	0.75956	0.05744	0.00884	0.01309	0.05551	0.00886	0.01498	0.01018	0.01175	0.00695	0.00803	0.00630	0.00426	0.00328	0.00108	0.00551	0.00269	0.00212	0.00632
43	0.00608	0.00451	0.00555	0.00633	0.00693	0.00412	0.00431	0.00698	0.00968	0.01251	0.03141	0.56309	0.20882	0.08103	0.00771	0.00215	0.00296	0.02747	0.00443	0.00396
44	0.00604	0.00438	0.00572	0.00678	0.00720	0.00406	0.00461	0.00697	0.00961	0.01267	0.02875	0.73971	0.08934	0.01511	0.00626	0.00198	0.00288	0.03935	0.00456	0.00402
45	0.00745	0.00546	0.00729	0.00820	0.00937	0.00530	0.00698	0.00949	0.01128	0.01452	0.05348	0.09005	0.15355	0.01337	0.00657	0.00213	0.00405	0.58244	0.00456	0.00444
46	0.02919	0.08729	0.02717	0.06290	0.15666	0.01241	0.04540	0.18226	0.14696	0.15485	0.01331	0.02437	0.00992	0.00562	0.00498	0.00151	0.01896	0.00468	0.00402	0.00753
47	0.01836	0.02342	0.01393	0.01266	0.01519	0.80756	0.00950	0.01962	0.01393	0.01203	0.00760	0.00886	0.00633	0.00506	0.00443	0.00127	0.00886	0.00317	0.00253	0.00570
48	0.00960	0.00548	0.00502	0.00496	0.00618	0.04273	0.00372	0.01184	0.01048	0.01802	0.01563	0.01787	0.01230	0.00569	0.00348	0.00115	0.00260	0.00451	0.81410	0.00463
49	0.00794	0.03458	0.00769	0.00698	0.00844	0.03122	0.00532	0.02596	0.08499	0.01684	0.34670	0.16722	0.17229	0.01082	0.00571	0.00167	0.00308	0.05284	0.00481	0.00489

[dist]
# distance from previous block
# <min> <max>
2	5

[block]
# block no. 5 follows, 51 sequences, length 38
# corresponding to MSA columns:
# 2654-2691
name=unknown_F
#
# <colnr> <probs for GDERKNQSTAVLIFYWHMCP>
#	G	D	E	R	K	N	Q	S	T	A	V	L	I	F	Y	W	H	M	C	P
0	0.01119	0.27852	0.34456	0.09830	0.09016	0.01402	0.05303	0.01516	0.02618	0.01412	0.00850	0.01034	0.00667	0.00453	0.00429	0.00140	0.00640	0.00361	0.00221	0.00679
1	0.00633	0.00484	0.00686	0.00731	0.00802	0.00448	0.04306	0.00749	0.01003	0.01332	0.08762	0.65278	0.10100	0.01416	0.00617	0.00191	0.00305	0.01285	0.00452	0.00419
2	0.01148	0.01278	0.02714	0.07986	0.09575	0.01225	0.65386	0.01545	0.01143	0.01554	0.00979	0.01315	0.00742	0.00422	0.00565	0.00164	0.00794	0.00557	0.00246	0.00665
3	0.00714	0.00478	0.00543	0.00543	0.00546	0.00480	0.00307	0.00719	0.00717	0.00958	0.01542	0.03180	0.01771	0.80496	0.04713	0.00485	0.00500	0.00709	0.00297	0.00302
4	0.01839	0.01306	0.01409	0.01086	0.01465	0.01433	0.00895	0.70576	0.02204	0.06867	0.01238	0.01236	0.00875	0.00590	0.00485	0.00146	0.00520	0.00446	0.04567	0.00818
5	0.01821	0.01353	0.01448	0.01121	0.01506	0.01502	0.00923	0.72494	0.07919	0.03021	0.01240	0.01228	0.00884	0.00596	0.00492	0.00149	0.00530	0.00451	0.00492	0.00831
6	0.02205	0.00836	0.01140	0.00874	0.01254	0.00722	0.00722	0.02395	0.01407	0.80004	0.01939	0.01673	0.01216	0.00608	0.00494	0.00152	0.00418	0.00494	0.00608	0.00836
7	0.01098	0.01035	0.01746	0.43538	0.31877	0.01151	0.05512	0.05428	0.01114	0.01501	0.00915	0.01269	0.00716	0.00472	0.00494	0.00156	0.00632	0.00445	0.00244	0.00655
8	0.00608	0.00435	0.00578	0.00678	0.00715	0.00405	0.00457	0.00707	0.00982	0.01320	0.09739	0.75191	0.03377	0.01491	0.00623	0.00195	0.00280	0.01350	0.00464	0.00405
9	0.00599	0.00428	0.00570	0.00684	0.00713	0.00399	0.00456	0.00684	0.00941	0.01254	0.02709	0.82409	0.03250	0.01540	0.00627	0.00200	0.00285	0.01397	0.00456	0.00399
10	0.00986	0.02542	0.80183	0.01401	0.02127	0.01141	0.01816	0.01556	0.01038	0.01556	0.00882	0.01038	0.00623	0.00467	0.00467	0.00156	0.00726	0.00363	0.00208	0.00726
11	0.01160	0.01326	0.02900	0.02071	0.02568	0.01243	0.77879	0.01574	0.01160	0.01574	0.00994	0.01326	0.00746	0.00414	0.00580	0.00166	0.00829	0.00580	0.00249	0.00663
12	0.00916	0.00458	0.00458	0.00458	0.00573	0.00458	0.00344	0.01145	0.01031	0.01832	0.01603	0.01832	0.01260	0.00573	0.00344	0.00115	0.00229	0.00458	0.85457	0.00458
13	0.00599	0.00428	0.00570	0.00684	0.00713	0.00399	0.00456	0.00684	0.00941	0.01254	0.02709	0.82409	0.03250	0.01540	0.00627	0.00200	0.00285	0.01397	0.00456	0.00399
14	0.01176	0.01015	0.01066	0.00963	0.01233	0.01163	0.00748	0.02472	0.73110	0.02003	0.02217	0.02045	0.07189	0.00709	0.00506	0.00167	0.00379	0.00591	0.00497	0.00751
15	0.01323	0.01101	0.01150	0.01013	0.01303	0.02732	0.00793	0.09272	0.68018	0.04677	0.01902	0.01752	0.01416	0.00655	0.00498	0.00164	0.00413	0.00539	0.00498	0.00781
16	0.01003	0.06722	0.76153	0.01372	0.02082	0.01183	0.01765	0.01552	0.01036	0.01536	0.00872	0.01025	0.00623	0.00464	0.00459	0.00153	0.00716	0.00358	0.00208	0.00721
17	0.01836	0.02342	0.01393	0.01266	0.01519	0.80756	0.00950	0.01962	0.01393	0.01203	0.00760	0.00886	0.00633	0.00506	0.00443	0.00127	0.00886	0.00317	0.00253	0.00570
18	0.00928	0.00873	0.01474	0.81548	0.03385	0.01092	0.01365	0.01256	0.00983	0.01256	0.00873	0.01310	0.00655	0.00491	0.00491	0.00164	0.00655	0.00437	0.00218	0.00546
19	0.01822	0.11843	0.06733	0.01045	0.05545	0.01023	0.00868	0.04757	0.10653	0.48103	0.01629	0.01491	0.01097	0.00571	0.00469	0.00147	0.00463	0.00457	0.00492	0.00792
20	0.01009	0.00978	0.01379	0.01202	0.01217	0.01347	0.00994	0.01129	0.00759	0.01175	0.00764	0.01227	0.00748	0.01360	0.15629	0.00317	0.67576	0.00447	0.00224	0.00520
21	0.00690	0.00502	0.00649	0.00612	0.00731	0.00461	0.00459	0.00916	0.01377	0.01937	0.75539	0.03726	0.08523	0.01017	0.00580	0.00155	0.00233	0.00896	0.00537	0.00461
22	0.00696	0.00502	0.00657	0.00618	0.00734	0.00464	0.00464	0.00927	0.01391	0.01971	0.79405	0.03671	0.04637	0.01005	0.00580	0.00155	0.00232	0.00889	0.00541	0.00464
23	0.01192	0.19646	0.43338	0.01446	0.09964	0.02865	0.05138	0.05380	0.01126	0.04258	0.00898	0.01042	0.00678	0.00463	0.00443	0.00143	0.00656	0.00367	0.00243	0.00714
24	0.01627	0.01944	0.01406	0.01251	0.01447	0.55832	0.00968	0.05699	0.01274	0.01295	0.00771	0.00976	0.00664	0.00686	0.03061	0.00168	0.19747	0.00356	0.00257	0.00572
25	0.86201	0.00950	0.00722	0.00646	0.00950	0.01102	0.00532	0.01445	0.00836	0.02205	0.00684	0.00798	0.00532	0.00456	0.00304	0.00152	0.00380	0.00266	0.00304	0.00532
26	0.00599	0.00428	0.00570	0.00684	0.00713	0.00399	0.00456	0.00684	0.00941	0.01254	0.02709	0.82409	0.03250	0.01540	0.00627	0.00200	0.00285	0.01397	0.00456	0.00399
27	0.01136	0.39448	0.44596	0.01144	0.01730	0.01510	0.01369	0.01517	0.01020	0.01373	0.00791	0.00923	0.00626	0.00446	0.00397	0.00132	0.00634	0.00317	0.00209	0.00682
28	0.01178	0.01201	0.06025	0.04131	0.67063	0.01137	0.01456	0.01527	0.04316	0.01609	0.01049	0.01449	0.00900	0.00496	0.00496	0.00152	0.00578	0.04220	0.00262	0.00755
29	0.00696	0.00502	0.00657	0.00618	0.00734	0.00464	0.00464	0.00927	0.01391	0.01971	0.79405	0.03671	0.04637	0.01005	0.00580	0.00155	0.00232	0.00889	0.00541	0.00464
30	0.00692	0.00502	0.00652	0.00614	0.00732	0.00462	0.00461	0.00920	0.01382	0.01950	0.76974	0.03705	0.07080	0.01012	0.00580	0.00155	0.00232	0.00894	0.00538	0.00462
31	0.01697	0.02025	0.01451	0.02870	0.10488	0.59479	0.01011	0.05950	0.06406	0.01405	0.00881	0.01012	0.00717	0.00519	0.00476	0.00135	0.02222	0.00357	0.00279	0.00620
32	0.02991	0.00586	0.00736	0.00663	0.00822	0.00553	0.00509	0.04901	0.01417	0.08765	0.64693	0.03334	0.06232	0.00943	0.00561	0.00154	0.00268	0.00821	0.00536	0.00515
33	0.02205	0.00836	0.01140	0.00874	0.01254	0.00722	0.00722	0.02395	0.01407	0.80004	0.01939	0.01673	0.01216	0.00608	0.00494	0.00152	0.00418	0.00494	0.00608	0.00836
34	0.00916	0.00458	0.00458	0.00458	0.00573	0.00458	0.00344	0.01145	0.01031	0.01832	0.01603	0.01832	0.01260	0.00573	0.00344	0.00115	0.00229	0.00458	0.85457	0.00458
35	0.00895	0.00570	0.00734	0.00679	0.00827	0.00535	0.00524	0.03731	0.01355	0.09787	0.55280	0.03560	0.06301	0.05446	0.00682	0.00178	0.00295	0.07596	0.00522	0.00503
36	0.00916	0.00458	0.00458	0.00458	0.00573	0.00458	0.00344	0.01145	0.01031	0.01832	0.01603	0.01832	0.01260	0.00573	0.00344	0.00115	0.00229	0.00458	0.85457	0.00458
37	0.01177	0.01002	0.01064	0.00970	0.01233	0.01150	0.00759	0.02446	0.70963	0.02002	0.02096	0.02101	0.03489	0.00715	0.00508	0.00169	0.00385	0.04575	0.02452	0.00744

[dist]
# distance from previous block
# <min> <max>
2	6

[block]
# block no. 6 follows, 51 sequences, length 316
# corresponding to MSA columns:
# 2699-2759,2761-2920,2922-3011,3015-3019
name=unknown_G
#
# <colnr> <probs for GDERKNQSTAVLIFYWHMCP>
#	G	D	E	R	K	N	Q	S	T	A	V	L	I	F	Y	W	H	M	C	P
0	0.00949	0.00697	0.00819	0.00751	0.00926	0.02204	0.00583	0.04520	0.15551	0.06299	0.49669	0.03210	0.05253	0.00922	0.00560	0.00161	0.00310	0.05534	0.00522	0.00557
1	0.01235	0.48574	0.26528	0.01105	0.01621	0.03020	0.05651	0.04673	0.01081	0.01385	0.00785	0.00915	0.00643	0.00443	0.00387	0.00126	0.00612	0.00321	0.00224	0.00669
2	0.01081	0.01066	0.01507	0.01284	0.01308	0.01463	0.02826	0.03082	0.00802	0.01237	0.00694	0.01119	0.00676	0.00960	0.04830	0.00236	0.74622	0.00438	0.00225	0.00544
3	0.01949	0.01246	0.01394	0.01069	0.01459	0.01331	0.00883	0.59802	0.02093	0.21628	0.01363	0.01299	0.00927	0.00594	0.00492	0.00149	0.00511	0.00455	0.00520	0.00836
4	0.00928	0.00873	0.01474	0.81548	0.03385	0.01092	0.01365	0.01256	0.00983	0.01256	0.00873	0.01310	0.00655	0.00491	0.00491	0.00164	0.00655	0.00437	0.00218	0.00546
5	0.00714	0.00516	0.00651	0.00612	0.00742	0.00474	0.00461	0.00949	0.02605	0.03214	0.66632	0.03752	0.14784	0.01025	0.00577	0.00156	0.00240	0.00897	0.00530	0.00468
6	0.84536	0.00949	0.00737	0.02226	0.00998	0.01102	0.00548	0.01441	0.00839	0.02186	0.00688	0.00808	0.00535	0.00457	0.00308	0.00152	0.00386	0.00269	0.00302	0.00532
7	0.01196	0.01033	0.01086	0.00979	0.01253	0.01189	0.00761	0.02533	0.75570	0.02026	0.02123	0.01953	0.04719	0.00691	0.00503	0.00167	0.00383	0.00575	0.00498	0.00763
8	0.86201	0.00950	0.00722	0.00646	0.00950	0.01102	0.00532	0.01445	0.00836	0.02205	0.00684	0.00798	0.00532	0.00456	0.00304	0.00152	0.00380	0.00266	0.00304	0.00532
9	0.00581	0.00498	0.00498	0.00498	0.00664	0.00415	0.00373	0.00705	0.01120	0.01328	0.04978	0.04729	0.79464	0.01245	0.00581	0.00166	0.00249	0.01037	0.00456	0.00415
10	0.00603	0.00429	0.00569	0.00679	0.00707	0.00402	0.00451	0.00685	0.00933	0.01244	0.02668	0.79629	0.03199	0.04390	0.00693	0.00209	0.00292	0.01373	0.00451	0.00396
11	0.00990	0.02514	0.78398	0.01416	0.02137	0.01144	0.03572	0.01557	0.01040	0.01557	0.00884	0.01044	0.00625	0.00466	0.00470	0.00156	0.00729	0.00368	0.00208	0.00725
12	0.01075	0.01075	0.01505	0.01290	0.01290	0.01505	0.01075	0.01183	0.00753	0.01183	0.00645	0.01075	0.00645	0.00860	0.01613	0.00215	0.81830	0.00430	0.00215	0.00538
13	0.00599	0.00428	0.00570	0.00684	0.00713	0.00399	0.00456	0.00684	0.00941	0.01254	0.02709	0.82409	0.03250	0.01540	0.00627	0.00200	0.00285	0.01397	0.00456	0.00399
14	0.00715	0.00476	0.00536	0.00536	0.00536	0.00476	0.00298	0.00715	0.00715	0.00953	0.01548	0.03216	0.01787	0.82729	0.02501	0.00476	0.00476	0.00715	0.00298	0.00298
15	0.01207	0.01154	0.01968	0.02970	0.77941	0.01154	0.01492	0.01497	0.01119	0.01603	0.00961	0.01311	0.00823	0.00458	0.00491	0.00148	0.00581	0.02101	0.00248	0.00771
16	0.01075	0.01075	0.01505	0.01290	0.01290	0.01505	0.01075	0.01183	0.00753	0.01183	0.00645	0.01075	0.00645	0.00860	0.01613	0.00215	0.81830	0.00430	0.00215	0.00538
17	0.01856	0.01406	0.01466	0.01133	0.01520	0.04394	0.00932	0.73979	0.03581	0.03011	0.01179	0.01180	0.00840	0.00588	0.00490	0.00147	0.00551	0.00440	0.00483	0.00825
18	0.00986	0.02542	0.80183	0.01401	0.02127	0.01141	0.01816	0.01556	0.01038	0.01556	0.00882	0.01038	0.00623	0.00467	0.00467	0.00156	0.00726	0.00363	0.00208	0.00726
19	0.58194	0.06908	0.07281	0.00804	0.01146	0.07357	0.00716	0.06378	0.02261	0.02051	0.02645	0.00933	0.00687	0.00483	0.00350	0.00147	0.00464	0.00308	0.00307	0.00579
20	0.01261	0.01047	0.01112	0.00995	0.01277	0.01203	0.00776	0.02603	0.75736	0.05119	0.01998	0.01827	0.01489	0.00664	0.00500	0.00166	0.00390	0.00553	0.00504	0.00780
21	0.00916	0.00458	0.00458	0.00458	0.00573	0.00458	0.00344	0.01145	0.01031	0.01832	0.01603	0.01832	0.01260	0.00573	0.00344	0.00115	0.00229	0.00458	0.85457	0.00458
22	0.04494	0.02653	0.01469	0.01111	0.01502	0.01517	0.00920	0.74424	0.02244	0.03039	0.01157	0.01162	0.00823	0.00583	0.00483	0.00147	0.00536	0.00434	0.00481	0.00823
23	0.01361	0.72670	0.02445	0.00961	0.04516	0.07370	0.00874	0.01523	0.01038	0.02490	0.00719	0.00827	0.00647	0.00430	0.00334	0.00109	0.00551	0.00278	0.00221	0.00636
24	0.00692	0.00499	0.00653	0.00621	0.00733	0.00461	0.00463	0.00918	0.01373	0.01943	0.76391	0.06765	0.04582	0.01026	0.00581	0.00156	0.00234	0.00909	0.00538	0.00461
25	0.00594	0.00498	0.00516	0.00511	0.00672	0.00420	0.00383	0.00730	0.01150	0.01400	0.13315	0.04611	0.71083	0.01218	0.00581	0.00165	0.00247	0.01021	0.00466	0.00420
26	0.05156	0.04208	0.01604	0.51193	0.21154	0.02486	0.01319	0.01342	0.01006	0.01377	0.00858	0.01226	0.00677	0.00490	0.00520	0.00158	0.03975	0.00420	0.00229	0.00604
27	0.00602	0.00431	0.00578	0.00688	0.00719	0.00407	0.00462	0.00691	0.00936	0.01250	0.02660	0.79583	0.03179	0.01615	0.03441	0.00220	0.00321	0.01366	0.00449	0.00401
28	0.86201	0.00950	0.00722	0.00646	0.00950	0.01102	0.00532	0.01445	0.00836	0.02205	0.00684	0.00798	0.00532	0.00456	0.00304	0.00152	0.00380	0.00266	0.00304	0.00532
29	0.86201	0.00950	0.00722	0.00646	0.00950	0.01102	0.00532	0.01445	0.00836	0.02205	0.00684	0.00798	0.00532	0.00456	0.00304	0.00152	0.00380	0.00266	0.00304	0.00532
30	0.00599	0.00428	0.00570	0.00684	0.00713	0.00399	0.00456	0.00684	0.00941	0.01254	0.02709	0.82409	0.03250	0.01540	0.00627	0.00200	0.00285	0.01397	0.00456	0.00399
31	0.01300	0.79702	0.05779	0.00864	0.01297	0.01911	0.00881	0.01475	0.01000	0.01173	0.00691	0.00799	0.00630	0.00422	0.00322	0.00107	0.00534	0.00267	0.00210	0.00635
32	0.02084	0.00896	0.01227	0.00944	0.01323	0.00813	0.03921	0.05932	0.06319	0.68232	0.01868	0.01645	0.01197	0.00603	0.00498	0.00153	0.00439	0.00499	0.00581	0.00825
33	0.00682	0.00493	0.00643	0.00624	0.00730	0.00455	0.00461	0.00894	0.01331	0.01871	0.68648	0.13210	0.05962	0.01074	0.00585	0.00160	0.00239	0.00953	0.00529	0.00455
34	0.00599	0.00428	0.00570	0.00684	0.00713	0.00399	0.00456	0.00684	0.00941	0.01254	0.02709	0.82409	0.03250	0.01540	0.00627	0.00200	0.00285	0.01397	0.00456	0.00399
35	0.00715	0.00476	0.00536	0.00536	0.00536	0.00476	0.00298	0.00715	0.00715	0.00953	0.01548	0.03216	0.01787	0.82729	0.02501	0.00476	0.00476	0.00715	0.00298	0.00298
36	0.01036	0.02472	0.76920	0.01379	0.02091	0.01124	0.01771	0.01591	0.01053	0.04795	0.00926	0.01064	0.00647	0.00473	0.00468	0.00155	0.00714	0.00369	0.00224	0.00731
37	0.00916	0.00458	0.00458	0.00458	0.00573	0.00458	0.00344	0.01145	0.01031	0.01832	0.01603	0.01832	0.01260	0.00573	0.00344	0.00115	0.00229	0.00458	0.85457	0.00458
38	0.00928	0.00873	0.01474	0.81548	0.03385	0.01092	0.01365	0.01256	0.00983	0.01256	0.00873	0.01310	0.00655	0.00491	0.00491	0.00164	0.00655	0.00437	0.00218	0.00546
39	0.01200	0.01126	0.01810	0.02621	0.64445	0.01151	0.01367	0.01656	0.12980	0.01669	0.01158	0.01489	0.00973	0.00511	0.00497	0.00152	0.00549	0.03590	0.00291	0.00765
40	0.01843	0.02045	0.01393	0.01215	0.01503	0.58773	0.00933	0.18051	0.03489	0.04877	0.00927	0.01004	0.00721	0.00532	0.00457	0.00133	0.00782	0.00356	0.00324	0.00642
41	0.01314	0.83025	0.02575	0.00841	0.01261	0.01945	0.00841	0.01472	0.00999	0.01156	0.00683	0.00788	0.00631	0.00420	0.00315	0.00105	0.00526	0.00263	0.00210	0.00631
42	0.00669	0.00500	0.00621	0.00594	0.00719	0.00452	0.00444	0.00875	0.01323	0.01818	0.61824	0.05638	0.20576	0.01068	0.00581	0.00158	0.00237	0.00932	0.00521	0.00452
43	0.00986	0.02542	0.80183	0.01401	0.02127	0.01141	0.01816	0.01556	0.01038	0.01556	0.00882	0.01038	0.00623	0.00467	0.00467	0.00156	0.00726	0.00363	0.00208	0.00726
44	0.01196	0.01033	0.01086	0.00979	0.01253	0.01189	0.00761	0.02533	0.75570	0.02026	0.02123	0.01953	0.04719	0.00691	0.00503	0.00167	0.00383	0.00575	0.00498	0.00763
45	0.00599	0.00428	0.00570	0.00684	0.00713	0.00399	0.00456	0.00684	0.00941	0.01254	0.02709	0.82409	0.03250	0.01540	0.00627	0.00200	0.00285	0.01397	0.00456	0.00399
46	0.00928	0.00873	0.01474	0.81548	0.03385	0.01092	0.01365	0.01256	0.00983	0.01256	0.00873	0.01310	0.00655	0.00491	0.00491	0.00164	0.00655	0.00437	0.00218	0.00546
47	0.01075	0.01075	0.01505	0.01290	0.01290	0.01505	0.01075	0.01183	0.00753	0.01183	0.00645	0.01075	0.00645	0.00860	0.01613	0.00215	0.81830	0.00430	0.00215	0.00538
48	0.00911	0.00459	0.00463	0.00462	0.00576	0.00458	0.00346	0.01140	0.01039	0.01835	0.03467	0.01876	0.01341	0.00583	0.00349	0.00115	0.00229	0.00468	0.83423	0.00458
49	0.02205	0.00836	0.01140	0.00874	0.01254	0.00722	0.00722	0.02395	0.01407	0.80004	0.01939	0.01673	0.01216	0.00608	0.00494	0.00152	0.00418	0.00494	0.00608	0.00836
50	0.55013	0.01051	0.00936	0.00802	0.01119	0.01205	0.00653	0.16506	0.14721	0.02352	0.01010	0.01053	0.00760	0.00519	0.00375	0.00154	0.00413	0.00351	0.00375	0.00634
51	0.02205	0.00836	0.01140	0.00874	0.01254	0.00722	0.00722	0.02395	0.01407	0.80004	0.01939	0.01673	0.01216	0.00608	0.00494	0.00152	0.00418	0.00494	0.00608	0.00836
52	0.00599	0.00428	0.00570	0.00684	0.00713	0.00399	0.00456	0.00684	0.00941	0.01254	0.02709	0.82409	0.03250	0.01540	0.00627	0.00200	0.00285	0.01397	0.00456	0.00399
53	0.02143	0.00823	0.01120	0.00864	0.01233	0.00712	0.00712	0.02334	0.01406	0.76782	0.05137	0.01755	0.01358	0.00625	0.00498	0.00152	0.00410	0.00510	0.00605	0.00821
54	0.01836	0.02342	0.01393	0.01266	0.01519	0.80756	0.00950	0.01962	0.01393	0.01203	0.00760	0.00886	0.00633	0.00506	0.00443	0.00127	0.00886	0.00317	0.00253	0.00570
55	0.00599	0.00428	0.00570	0.00684	0.00713	0.00399	0.00456	0.00684	0.00941	0.01254	0.02709	0.82409	0.03250	0.01540	0.00627	0.00200	0.00285	0.01397	0.00456	0.00399
56	0.01868	0.01376	0.01475	0.01131	0.01524	0.01524	0.00934	0.78025	0.02311	0.03097	0.01180	0.01180	0.00836	0.00590	0.00492	0.00147	0.00541	0.00442	0.00492	0.00836
57	0.00599	0.00428	0.00570	0.00684	0.00713	0.00399	0.00456	0.00684	0.00941	0.01254	0.02709	0.82409	0.03250	0.01540	0.00627	0.00200	0.00285	0.01397	0.00456	0.00399
58	0.00702	0.00527	0.00790	0.00790	0.00878	0.00614	0.00614	0.00878	0.00790	0.01141	0.01316	0.01931	0.01229	0.03686	0.80782	0.00790	0.01316	0.00527	0.00263	0.00439
59	0.86201	0.00950	0.00722	0.00646	0.00950	0.01102	0.00532	0.01445	0.00836	0.02205	0.00684	0.00798	0.00532	0.00456	0.00304	0.00152	0.00380	0.00266	0.00304	0.00532
60	0.86201	0.00950	0.00722	0.00646	0.00950	0.01102	0.00532	0.01445	0.00836	0.02205	0.00684	0.00798	0.00532	0.00456	0.00304	0.00152	0.00380	0.00266	0.00304	0.00532
61	0.02162	0.00857	0.01147	0.00885	0.01262	0.00759	0.00729	0.04199	0.04144	0.75441	0.01923	0.01667	0.01217	0.00610	0.00494	0.00152	0.00420	0.00495	0.00602	0.00834
62	0.01022	0.11374	0.71667	0.01339	0.02032	0.01229	0.01709	0.01547	0.01033	0.01512	0.00860	0.01010	0.00623	0.00462	0.00450	0.00150	0.00704	0.00352	0.00208	0.00716
63	0.01836	0.02342	0.01393	0.01266	0.01519	0.80756	0.00950	0.01962	0.01393	0.01203	0.00760	0.00886	0.00633	0.00506	0.00443	0.00127	0.00886	0.00317	0.00253	0.00570
64	0.01158	0.01320	0.02868	0.02053	0.02539	0.01249	0.76106	0.01565	0.01151	0.01565	0.00986	0.01320	0.00743	0.00425	0.00604	0.00167	0.02698	0.00576	0.00248	0.00660
65	0.00986	0.02542	0.80183	0.01401	0.02127	0.01141	0.01816	0.01556	0.01038	0.01556	0.00882	0.01038	0.00623	0.00467	0.00467	0.00156	0.00726	0.00363	0.00208	0.00726
66	0.02037	0.00939	0.06138	0.00928	0.01319	0.00748	0.02629	0.02252	0.01358	0.69932	0.01881	0.04958	0.01252	0.00633	0.00500	0.00155	0.00442	0.00525	0.00568	0.00807
67	0.00792	0.00566	0.00792	0.00905	0.01018	0.00566	0.00792	0.01018	0.01131	0.01471	0.02602	0.05543	0.02828	0.01358	0.00679	0.00226	0.00453	0.76356	0.00453	0.00453
68	0.00583	0.00498	0.00501	0.00500	0.00665	0.00416	0.00375	0.00710	0.01126	0.01340	0.06463	0.04708	0.77971	0.01240	0.00581	0.00166	0.00249	0.01034	0.00458	0.00416
69	0.01220	0.01203	0.01722	0.02343	0.52577	0.10000	0.04257	0.04596	0.01165	0.01556	0.01150	0.10734	0.01088	0.03539	0.00574	0.00163	0.00587	0.00552	0.00282	0.00691
