[name]
unknown

[dist]
# distance from previous block
# <min> <max>
11	55

[block]
# block no. 0 follows, 62 sequences, length 7
# corresponding to MSA columns:
# 66-72
name=unknown_A
#
# <colnr> <probs for GDERKNQSTAVLIFYWHMCP>
#	G	D	E	R	K	N	Q	S	T	A	V	L	I	F	Y	W	H	M	C	P
0	0.03640	0.00808	0.00909	0.04119	0.07114	0.08030	0.02428	0.07199	0.09237	0.06654	0.09534	0.13887	0.14961	0.00728	0.00465	0.00135	0.01876	0.00616	0.00356	0.07304
1	0.01043	0.00865	0.01407	0.04083	0.01427	0.00850	0.25237	0.09960	0.03876	0.09498	0.03204	0.07525	0.02441	0.02499	0.06201	0.00175	0.04860	0.00497	0.00305	0.14048
2	0.08520	0.00890	0.05928	0.10122	0.07988	0.00855	0.07769	0.10125	0.08430	0.08292	0.04485	0.03971	0.04851	0.04702	0.00519	0.00146	0.01976	0.00458	0.04950	0.05024
3	0.01161	0.02529	0.03549	0.12173	0.10505	0.14945	0.04988	0.09145	0.05278	0.09536	0.04223	0.06792	0.00999	0.00588	0.00517	0.04443	0.03280	0.00444	0.04365	0.00541
4	0.07017	0.11693	0.01165	0.00944	0.07464	0.15135	0.02002	0.14669	0.03556	0.04918	0.04013	0.07918	0.01047	0.06767	0.02193	0.00155	0.01837	0.00437	0.04412	0.02656
5	0.00623	0.00489	0.00526	0.00542	0.00601	0.03662	0.00360	0.00726	0.03757	0.01044	0.05710	0.24132	0.17577	0.33828	0.04310	0.00275	0.00361	0.00808	0.00333	0.00336
6	0.09518	0.00981	0.01255	0.01063	0.01145	0.05882	0.04788	0.05279	0.00780	0.01213	0.00639	0.00955	0.00590	0.00798	0.05705	0.00199	0.58153	0.00364	0.00212	0.00481

[dist]
# distance from previous block
# <min> <max>
2	18

[block]
# block no. 1 follows, 62 sequences, length 85
# corresponding to MSA columns:
# 91-158,167-183
name=unknown_B
#
# <colnr> <probs for GDERKNQSTAVLIFYWHMCP>
#	G	D	E	R	K	N	Q	S	T	A	V	L	I	F	Y	W	H	M	C	P
0	0.02589	0.04606	0.16168	0.02509	0.12139	0.11871	0.07945	0.11471	0.03074	0.03673	0.02507	0.02573	0.00825	0.03342	0.03625	0.00156	0.02109	0.01883	0.00264	0.06672
1	0.06649	0.09163	0.09490	0.03788	0.09340	0.14076	0.03967	0.09432	0.11141	0.04122	0.00991	0.01116	0.02791	0.01756	0.01638	0.00141	0.07574	0.00367	0.00273	0.02185
2	0.26885	0.08013	0.08342	0.02807	0.20586	0.04086	0.00829	0.02544	0.05375	0.03848	0.02310	0.07961	0.00869	0.00539	0.01764	0.00139	0.00438	0.00395	0.00267	0.02003
3	0.03022	0.02140	0.01916	0.00772	0.05184	0.01908	0.00585	0.02763	0.05127	0.01442	0.06880	0.01140	0.02101	0.00409	0.00383	0.00086	0.03239	0.00325	0.00277	0.60303
4	0.01097	0.00997	0.01504	0.11203	0.32573	0.03378	0.10047	0.12653	0.08304	0.02821	0.00954	0.02820	0.00769	0.00504	0.01648	0.01392	0.02550	0.00413	0.00269	0.04104
5	0.10292	0.00948	0.01324	0.24596	0.27349	0.03298	0.01032	0.10603	0.04927	0.01484	0.00834	0.02276	0.00675	0.00468	0.00496	0.00138	0.08064	0.00377	0.00247	0.00572
6	0.00683	0.00390	0.00512	0.00512	0.00512	0.00390	0.00317	0.00585	0.00585	0.00779	0.01021	0.01992	0.01118	0.40631	0.01899	0.46762	0.00390	0.00486	0.00219	0.00219
7	0.00600	0.00450	0.00588	0.04664	0.00791	0.00434	0.00471	0.02082	0.02921	0.01173	0.02231	0.60765	0.06710	0.01164	0.00518	0.00163	0.00281	0.07399	0.01743	0.04850
8	0.03185	0.10208	0.15133	0.13704	0.13775	0.06260	0.14136	0.05498	0.04101	0.05392	0.03982	0.01109	0.00778	0.00430	0.00414	0.00129	0.00550	0.00383	0.00247	0.00584
9	0.00758	0.00681	0.00868	0.00812	0.00884	0.06639	0.02226	0.01762	0.00743	0.01026	0.01085	0.08257	0.01075	0.06161	0.47072	0.00467	0.18351	0.00495	0.00236	0.00405
10	0.01589	0.02028	0.01206	0.01096	0.01315	0.83338	0.00822	0.01699	0.01206	0.01041	0.00658	0.00767	0.00548	0.00438	0.00384	0.00110	0.00767	0.00274	0.00219	0.00493
11	0.01067	0.15228	0.10501	0.06805	0.50144	0.06575	0.01199	0.01318	0.00953	0.01280	0.00750	0.00961	0.00624	0.00386	0.00392	0.00121	0.00531	0.00340	0.00202	0.00624
12	0.00943	0.00873	0.02323	0.01648	0.38667	0.02017	0.06242	0.01333	0.13832	0.02853	0.18071	0.02715	0.05501	0.00560	0.00450	0.00133	0.00415	0.00518	0.00316	0.00589
13	0.00548	0.00433	0.00488	0.00477	0.00597	0.00380	0.00355	0.00686	0.01036	0.01336	0.32333	0.03707	0.48089	0.05453	0.00592	0.00155	0.00224	0.02326	0.00414	0.00370
14	0.00640	0.00469	0.00624	0.00612	0.00644	0.00530	0.00430	0.00707	0.00651	0.00911	0.01199	0.03655	0.01272	0.40708	0.35929	0.02621	0.07295	0.00536	0.00241	0.00325
15	0.00895	0.00855	0.06515	0.01889	0.01095	0.00603	0.00589	0.01106	0.00888	0.02649	0.00771	0.00896	0.00630	0.00326	0.00325	0.00070	0.00341	0.00261	0.00250	0.79046
16	0.00851	0.00726	0.00846	0.00618	0.00972	0.00549	0.00491	0.01033	0.00891	0.01374	0.02354	0.02927	0.04809	0.00385	0.00333	0.00071	0.00307	0.00314	0.00266	0.79884
17	0.00970	0.01093	0.02368	0.01709	0.02110	0.01024	0.75169	0.01309	0.00991	0.01343	0.00966	0.07049	0.00799	0.00427	0.00505	0.00146	0.00684	0.00552	0.00228	0.00558
18	0.04403	0.03837	0.15622	0.01440	0.22763	0.00991	0.07879	0.15561	0.03283	0.11881	0.01077	0.05935	0.00867	0.00499	0.00427	0.00134	0.00491	0.01970	0.00305	0.00636
19	0.00875	0.00841	0.07605	0.00766	0.04966	0.01492	0.00616	0.01087	0.02012	0.04583	0.01264	0.08040	0.08316	0.00492	0.00370	0.00093	0.00343	0.00411	0.00282	0.55547
20	0.31365	0.36263	0.07823	0.00758	0.01086	0.09164	0.00714	0.03849	0.02379	0.01415	0.00646	0.00741	0.00536	0.00398	0.00311	0.00114	0.01435	0.00251	0.00226	0.00525
21	0.00853	0.02201	0.82841	0.01213	0.01842	0.00988	0.01572	0.01348	0.00898	0.01348	0.00764	0.00898	0.00539	0.00404	0.00404	0.00135	0.00629	0.00314	0.00180	0.00629
22	0.00879	0.01794	0.58415	0.01158	0.05397	0.00911	0.02534	0.01329	0.04201	0.01375	0.00805	0.00934	0.00596	0.00392	0.00390	0.00121	0.00551	0.00315	0.00206	0.17697
23	0.00896	0.00790	0.01140	0.39060	0.07905	0.00804	0.00887	0.03464	0.02174	0.02318	0.00794	0.01033	0.00623	0.00383	0.00380	0.00108	0.00450	0.00329	0.00231	0.36231
24	0.00804	0.00756	0.01276	0.84023	0.02931	0.00945	0.01182	0.01087	0.00851	0.01087	0.00756	0.01134	0.00567	0.00425	0.00425	0.00142	0.00567	0.00378	0.00189	0.00473
25	0.00913	0.00799	0.00965	0.00812	0.07478	0.01763	0.00587	0.02337	0.00904	0.01388	0.00782	0.02213	0.00666	0.00352	0.00358	0.00075	0.02555	0.00283	0.00252	0.74519
26	0.09914	0.00733	0.00954	0.00739	0.01062	0.00656	0.00610	0.01997	0.01172	0.75181	0.01578	0.01378	0.00998	0.00514	0.00413	0.00132	0.00359	0.00410	0.00502	0.00700
27	0.00727	0.00516	0.00650	0.00645	0.00693	0.00535	0.00440	0.00773	0.00737	0.01031	0.03311	0.02403	0.01473	0.44131	0.39370	0.00545	0.00778	0.00579	0.00286	0.00378
28	0.00594	0.00435	0.00557	0.00526	0.00631	0.00398	0.00395	0.00787	0.01185	0.01659	0.75567	0.03256	0.10645	0.00887	0.00502	0.00135	0.00202	0.00780	0.00462	0.00398
29	0.00793	0.00397	0.00397	0.00397	0.00496	0.00397	0.00297	0.00991	0.00892	0.01586	0.01388	0.01586	0.01091	0.00496	0.00297	0.00099	0.00198	0.00397	0.87408	0.00397
30	0.00955	0.00972	0.01289	0.01108	0.01119	0.04862	0.00919	0.01050	0.00683	0.01034	0.01673	0.00954	0.00605	0.00733	0.01340	0.00182	0.79488	0.00373	0.00191	0.00466
31	0.00885	0.00889	0.07048	0.02775	0.03259	0.00781	0.30851	0.03658	0.01019	0.03617	0.07974	0.02481	0.01518	0.02848	0.00574	0.01800	0.00518	0.24931	0.02077	0.00497
32	0.00992	0.00948	0.01616	0.22688	0.62797	0.00995	0.01275	0.01252	0.00940	0.01315	0.00789	0.01073	0.00648	0.00391	0.00422	0.00130	0.00521	0.00379	0.00205	0.00624
33	0.01129	0.02558	0.09075	0.05052	0.08991	0.00928	0.00814	0.06603	0.33787	0.12584	0.04324	0.02823	0.01136	0.00560	0.01389	0.00140	0.00404	0.00443	0.03129	0.04133
34	0.01521	0.09445	0.01300	0.01092	0.03348	0.72681	0.00818	0.01635	0.01160	0.01043	0.00666	0.00797	0.00566	0.01693	0.00401	0.00113	0.00727	0.00278	0.00216	0.00499
35	0.00515	0.00429	0.00446	0.00445	0.00578	0.00364	0.00330	0.00627	0.00977	0.01188	0.10960	0.06190	0.71181	0.03206	0.00546	0.00150	0.00220	0.00888	0.00398	0.00360
36	0.01021	0.00974	0.01604	0.12203	0.66953	0.02971	0.01234	0.01253	0.00940	0.01314	0.00789	0.01068	0.00661	0.00439	0.00481	0.04378	0.00513	0.00376	0.00207	0.00622
37	0.00605	0.00455	0.00676	0.00676	0.00754	0.00526	0.00525	0.00755	0.00693	0.00993	0.01240	0.01748	0.03631	0.03124	0.80738	0.00667	0.01110	0.00470	0.00233	0.00379
38	0.01555	0.01168	0.01292	0.00993	0.01332	0.01286	0.03355	0.72717	0.06550	0.02569	0.01054	0.01056	0.00753	0.00507	0.00427	0.00128	0.00466	0.00391	0.00417	0.01985
39	0.00858	0.00727	0.00849	0.00621	0.00969	0.00553	0.00489	0.01034	0.00867	0.01350	0.00836	0.03691	0.00745	0.04464	0.00412	0.00084	0.00318	0.00301	0.00257	0.80575
40	0.00955	0.14323	0.06256	0.01751	0.45565	0.00964	0.01011	0.01132	0.00881	0.01213	0.00938	0.10379	0.00903	0.01684	0.00570	0.09793	0.00460	0.00446	0.00223	0.00555
41	0.01102	0.01102	0.01666	0.02442	0.73529	0.08484	0.01250	0.01359	0.02483	0.01366	0.00805	0.01037	0.00674	0.00388	0.00418	0.00125	0.00526	0.00371	0.00216	0.00658
42	0.00639	0.00456	0.00632	0.00730	0.00808	0.00450	0.00605	0.00801	0.00933	0.01221	0.02279	0.27128	0.02551	0.01219	0.00575	0.00189	0.00351	0.57660	0.00393	0.00379
43	0.00716	0.00377	0.00561	0.00567	0.00575	0.00381	0.00384	0.00573	0.00580	0.00779	0.00864	0.06144	0.00885	0.01608	0.08178	0.75569	0.00424	0.00425	0.00200	0.00210
44	0.00716	0.00536	0.00747	0.00742	0.00831	0.00585	0.00566	0.00837	0.00788	0.01126	0.03986	0.01975	0.05196	0.03040	0.75348	0.00651	0.01090	0.00521	0.00281	0.00438
45	0.00575	0.00455	0.00495	0.00476	0.00613	0.00402	0.00359	0.03218	0.01065	0.01365	0.25545	0.03665	0.55520	0.00984	0.00494	0.00139	0.00219	0.00830	0.03197	0.00384
46	0.01895	0.00747	0.01002	0.00768	0.01098	0.00659	0.00634	0.05906	0.01256	0.78800	0.01647	0.01428	0.01037	0.00526	0.00428	0.00131	0.00367	0.00426	0.00522	0.00724
47	0.02457	0.00660	0.00743	0.00629	0.00813	0.00687	0.01999	0.23199	0.01222	0.06970	0.06578	0.01528	0.02494	0.00589	0.00440	0.05167	0.00306	0.00425	0.42594	0.00500
48	0.00590	0.00404	0.00491	0.00532	0.00548	0.00396	0.00337	0.00630	0.00713	0.00948	0.01751	0.30748	0.02045	0.50300	0.01496	0.00315	0.00355	0.06792	0.00314	0.00298
49	0.00579	0.00434	0.00536	0.00510	0.00621	0.00391	0.00383	0.00757	0.01149	0.01574	0.63623	0.03397	0.22642	0.00919	0.00502	0.00136	0.00204	0.00800	0.00451	0.00391
50	0.00804	0.00756	0.01276	0.84023	0.02931	0.00945	0.01182	0.01087	0.00851	0.01087	0.00756	0.01134	0.00567	0.00425	0.00425	0.00142	0.00567	0.00378	0.00189	0.00473
51	0.88052	0.00823	0.00625	0.00560	0.00823	0.00955	0.00461	0.01251	0.00724	0.01909	0.00592	0.00691	0.00461	0.00395	0.00263	0.00132	0.00329	0.00230	0.00263	0.00461
52	0.00665	0.00475	0.00662	0.00760	0.00848	0.00472	0.00649	0.00845	0.00959	0.01250	0.02265	0.14849	0.02495	0.01195	0.00582	0.00193	0.00374	0.69686	0.00392	0.00386
53	0.01392	0.01077	0.01150	0.00926	0.01232	0.01199	0.00749	0.50046	0.30241	0.02313	0.01264	0.01217	0.00924	0.00527	0.00424	0.00131	0.00416	0.00413	0.00422	0.03935
54	0.00587	0.00434	0.00548	0.00519	0.00626	0.00395	0.00389	0.00773	0.01168	0.01621	0.70211	0.03319	0.16024	0.00902	0.00502	0.00135	0.00203	0.00789	0.00457	0.00395
55	0.01128	0.82557	0.04893	0.00744	0.01117	0.01661	0.00756	0.01277	0.00866	0.01013	0.00597	0.00690	0.00546	0.00365	0.00277	0.00092	0.00461	0.00230	0.00182	0.00549
56	0.00871	0.06211	0.76880	0.01204	0.01815	0.01024	0.03550	0.01344	0.00899	0.01331	0.00758	0.00894	0.00542	0.00401	0.00400	0.00133	0.00623	0.00315	0.00181	0.00623
57	0.01909	0.00724	0.00987	0.00757	0.01086	0.00625	0.00625	0.02074	0.01218	0.82687	0.01679	0.01448	0.01053	0.00527	0.00428	0.00132	0.00362	0.00428	0.00527	0.00724
58	0.00542	0.00418	0.00496	0.00508	0.00607	0.00371	0.00369	0.00675	0.01016	0.01335	0.31875	0.23486	0.34638	0.01065	0.00512	0.00147	0.00218	0.00928	0.00421	0.00371
59	0.01026	0.02525	0.01599	0.12228	0.63805	0.04985	0.01214	0.01267	0.00964	0.01319	0.00939	0.01176	0.04239	0.00418	0.00421	0.00128	0.00512	0.00394	0.00216	0.00625
60	0.01004	0.01148	0.02511	0.01793	0.02224	0.01076	0.80846	0.01363	0.01004	0.01363	0.00861	0.01148	0.00646	0.00359	0.00502	0.00143	0.00717	0.00502	0.00215	0.00574
61	0.00522	0.00373	0.00497	0.00596	0.00622	0.00348	0.00400	0.00598	0.00818	0.01090	0.02343	0.83254	0.02807	0.01330	0.00544	0.00173	0.00250	0.02693	0.00395	0.00346
62	0.05276	0.03931	0.01364	0.02893	0.15713	0.15289	0.02511	0.42675	0.01527	0.02004	0.00874	0.00961	0.00661	0.00457	0.00405	0.00123	0.00524	0.00352	0.00325	0.02133
63	0.00632	0.00440	0.00547	0.00526	0.00546	0.00442	0.02858	0.00656	0.00641	0.00860	0.01328	0.02698	0.01504	0.75832	0.07121	0.00417	0.00467	0.01951	0.00257	0.00278
64	0.00615	0.00472	0.00588	0.00573	0.00673	0.02227	0.02017	0.00782	0.01084	0.01491	0.50010	0.18452	0.12265	0.00953	0.00501	0.00142	0.00238	0.02741	0.03785	0.00391
65	0.02483	0.04353	0.01015	0.00918	0.05895	0.14993	0.03089	0.04421	0.02873	0.04897	0.04984	0.21532	0.01403	0.00784	0.02887	0.00149	0.06743	0.02791	0.01919	0.11872
66	0.01060	0.00958	0.01618	0.09107	0.69357	0.00968	0.01238	0.01307	0.00969	0.05307	0.00887	0.02562	0.00746	0.00418	0.00426	0.00130	0.00497	0.01564	0.00230	0.00650
67	0.03350	0.01006	0.01698	0.02558	0.80238	0.01010	0.01284	0.01304	0.00962	0.01404	0.00795	0.01044	0.00668	0.00380	0.00417	0.00127	0.00501	0.00375	0.00212	0.00668
68	0.85285	0.00811	0.00624	0.00559	0.00817	0.00937	0.00459	0.01237	0.00739	0.01903	0.03173	0.00770	0.00573	0.00410	0.00271	0.00132	0.00325	0.00247	0.00270	0.00459
69	0.05573	0.00741	0.00976	0.00753	0.01076	0.00663	0.00621	0.05118	0.01227	0.74573	0.03096	0.01431	0.01070	0.00527	0.00422	0.00132	0.00362	0.00424	0.00510	0.00707
70	0.02255	0.00811	0.05847	0.03905	0.11981	0.00737	0.00744	0.02503	0.13830	0.23812	0.15677	0.07374	0.02728	0.00632	0.00461	0.00137	0.01695	0.01665	0.00397	0.02809
71	0.00916	0.14405	0.00929	0.00624	0.00818	0.00746	0.00506	0.04167	0.04517	0.12475	0.02305	0.03548	0.30604	0.09531	0.06371	0.00198	0.04305	0.00594	0.00343	0.02098
72	0.00843	0.00491	0.00628	0.00561	0.00714	0.00438	0.00432	0.01021	0.01167	0.17576	0.53110	0.02993	0.16680	0.00837	0.00487	0.00135	0.00235	0.00724	0.00467	0.00458
73	0.01007	0.00953	0.03166	0.18748	0.57453	0.00962	0.02850	0.01264	0.00949	0.03917	0.00880	0.03340	0.00741	0.00429	0.00429	0.00132	0.00512	0.01426	0.00223	0.00620
74	0.00926	0.19694	0.58918	0.01160	0.01716	0.01143	0.08170	0.01333	0.00900	0.01276	0.00736	0.00874	0.00550	0.00392	0.00385	0.00126	0.00600	0.00312	0.00183	0.00607
75	0.01109	0.00730	0.00844	0.00739	0.00958	0.00768	0.00578	0.01786	0.40313	0.19355	0.21672	0.02027	0.04392	0.00652	0.00449	0.00138	0.00302	0.00552	0.02030	0.00603
76	0.00509	0.00418	0.00449	0.00470	0.00586	0.00357	0.00342	0.00612	0.00942	0.01152	0.06251	0.22169	0.62009	0.01129	0.00512	0.00150	0.00222	0.00964	0.00397	0.00357
77	0.00612	0.00663	0.10450	0.02450	0.05637	0.00499	0.03492	0.00762	0.00846	0.01147	0.02047	0.62622	0.04899	0.01106	0.00514	0.00163	0.00330	0.01003	0.00348	0.00410
78	0.00858	0.03664	0.81422	0.01204	0.01828	0.01000	0.01557	0.01346	0.00898	0.01341	0.00761	0.00895	0.00539	0.00404	0.00402	0.00134	0.00626	0.00313	0.00180	0.00627
79	0.01909	0.00724	0.00987	0.00757	0.01086	0.00625	0.00625	0.02074	0.01218	0.82687	0.01679	0.01448	0.01053	0.00527	0.00428	0.00132	0.00362	0.00428	0.00527	0.00724
80	0.00954	0.01045	0.02181	0.11743	0.07302	0.01011	0.60884	0.01285	0.00991	0.01340	0.04242	0.01295	0.02757	0.00406	0.00488	0.00142	0.00652	0.00500	0.00226	0.00556
81	0.00995	0.13407	0.34562	0.10866	0.12500	0.04841	0.11780	0.02948	0.00951	0.02187	0.00767	0.00951	0.00585	0.00397	0.00403	0.00128	0.00593	0.00344	0.00200	0.00595
82	0.00564	0.00411	0.00541	0.00628	0.00687	0.00388	0.00469	0.00676	0.00879	0.01146	0.02543	0.53032	0.11764	0.01260	0.00551	0.00176	0.00284	0.23248	0.00394	0.00360
83	0.01909	0.00724	0.00987	0.00757	0.01086	0.00625	0.00625	0.02074	0.01218	0.82687	0.01679	0.01448	0.01053	0.00527	0.00428	0.00132	0.00362	0.00428	0.00527	0.00724
84	0.00630	0.00457	0.00617	0.00565	0.00679	0.00420	0.02356	0.00830	0.01190	0.03036	0.75618	0.03138	0.07118	0.00860	0.00501	0.00134	0.00217	0.00763	0.00460	0.00409

[dist]
# distance from previous block
# <min> <max>
0	1

[block]
# block no. 2 follows, 62 sequences, length 21
# corresponding to MSA columns:
# 185-191,201-214
name=unknown_C
#
# <colnr> <probs for GDERKNQSTAVLIFYWHMCP>
#	G	D	E	R	K	N	Q	S	T	A	V	L	I	F	Y	W	H	M	C	P
0	0.01032	0.11427	0.28501	0.12974	0.16158	0.06564	0.08910	0.02552	0.00955	0.04372	0.00786	0.00972	0.00601	0.00408	0.00422	0.00129	0.02087	0.00346	0.00210	0.00593
1	0.00954	0.00969	0.01300	0.01116	0.01124	0.04131	0.00927	0.01047	0.00671	0.01025	0.00562	0.00925	0.00558	0.00734	0.01361	0.00184	0.81389	0.00369	0.00187	0.00466
2	0.01564	0.01986	0.01210	0.01097	0.01308	0.80213	0.00826	0.01673	0.01185	0.01041	0.00654	0.00774	0.00548	0.00450	0.00422	0.00113	0.03948	0.00278	0.00218	0.00492
3	0.00594	0.00435	0.00558	0.00527	0.00631	0.00398	0.00395	0.00788	0.01186	0.01662	0.76029	0.03251	0.10180	0.00886	0.00502	0.00135	0.00202	0.00780	0.00463	0.00398
4	0.00859	0.02160	0.79712	0.01235	0.01857	0.00992	0.04660	0.01348	0.00902	0.01348	0.00767	0.00908	0.00543	0.00402	0.00408	0.00135	0.00632	0.00322	0.00181	0.00627
5	0.00617	0.00420	0.00504	0.00504	0.00518	0.00434	0.00308	0.00645	0.00631	0.00855	0.01304	0.02580	0.01458	0.70019	0.17071	0.00462	0.00546	0.00589	0.00252	0.00280
6	0.06679	0.00948	0.01526	0.09407	0.61238	0.00955	0.01156	0.01283	0.00942	0.03461	0.00802	0.01032	0.00657	0.00383	0.00403	0.00123	0.00480	0.00360	0.00224	0.07944
7	0.01548	0.01157	0.01238	0.00965	0.01293	0.01287	0.00792	0.71213	0.11873	0.02570	0.01110	0.01092	0.00795	0.00519	0.00427	0.00130	0.00452	0.00395	0.00427	0.00717
8	0.01589	0.02028	0.01206	0.01096	0.01315	0.83338	0.00822	0.01699	0.01206	0.01041	0.00658	0.00767	0.00548	0.00438	0.00384	0.00110	0.00767	0.00274	0.00219	0.00493
9	0.00527	0.00377	0.00504	0.00603	0.00631	0.00353	0.00410	0.00608	0.00823	0.01096	0.02340	0.80528	0.02795	0.01325	0.00545	0.00174	0.00255	0.05363	0.00395	0.00348
10	0.00739	0.00370	0.00554	0.00554	0.00554	0.00370	0.00370	0.00554	0.00554	0.00739	0.00739	0.01293	0.00739	0.01478	0.01663	0.87620	0.00370	0.00370	0.00185	0.00185
11	0.00580	0.00434	0.00539	0.00512	0.00622	0.00392	0.00384	0.00761	0.01153	0.01584	0.65066	0.03380	0.21193	0.00916	0.00502	0.00136	0.00204	0.00798	0.00452	0.00392
12	0.11198	0.00758	0.00963	0.00747	0.01069	0.00696	0.00617	0.05926	0.01204	0.69966	0.01529	0.01345	0.00973	0.00512	0.00410	0.00131	0.00364	0.00404	0.00493	0.00696
13	0.00816	0.02010	0.73941	0.01128	0.01705	0.00920	0.01437	0.01268	0.00906	0.01326	0.01147	0.01244	0.09361	0.00477	0.00415	0.00136	0.00584	0.00377	0.00203	0.00600
14	0.01530	0.01145	0.01277	0.09948	0.01494	0.01279	0.00849	0.72345	0.01876	0.02509	0.00993	0.01034	0.00707	0.00502	0.00426	0.00129	0.00479	0.00383	0.00400	0.00697
15	0.00612	0.00425	0.00485	0.02967	0.00550	0.00423	0.00293	0.00632	0.00664	0.00868	0.01644	0.02877	0.10231	0.73439	0.01934	0.00375	0.00396	0.00642	0.00271	0.00275
16	0.01074	0.00770	0.00791	0.00683	0.00871	0.09542	0.00531	0.12736	0.03050	0.12488	0.32391	0.03114	0.02118	0.01748	0.01530	0.00134	0.00344	0.00541	0.12192	0.03351
17	0.54529	0.00940	0.03457	0.00697	0.00972	0.03126	0.00582	0.09977	0.14353	0.04333	0.00910	0.02948	0.00708	0.00466	0.00328	0.00134	0.00365	0.00322	0.00316	0.00536
18	0.01019	0.00939	0.01582	0.04082	0.66335	0.00956	0.02554	0.02627	0.00930	0.01324	0.00790	0.01078	0.00675	0.00513	0.00589	0.09579	0.03229	0.00380	0.00210	0.00609
19	0.70547	0.03038	0.09583	0.00659	0.00969	0.00987	0.00608	0.05189	0.00819	0.03494	0.00654	0.00745	0.00496	0.00404	0.00290	0.00131	0.00372	0.00251	0.00266	0.00499
20	0.00761	0.00706	0.02188	0.21299	0.03068	0.02011	0.07353	0.00987	0.02630	0.01226	0.08507	0.05128	0.11827	0.03355	0.04971	0.00182	0.05533	0.10401	0.00289	0.07580

[dist]
# distance from previous block
# <min> <max>
0	1

[block]
# block no. 3 follows, 62 sequences, length 35
# corresponding to MSA columns:
# 216,217,229-261
name=unknown_D
#
# <colnr> <probs for GDERKNQSTAVLIFYWHMCP>
#	G	D	E	R	K	N	Q	S	T	A	V	L	I	F	Y	W	H	M	C	P
0	0.00682	0.00521	0.00660	0.05703	0.00838	0.00525	0.00484	0.02920	0.09281	0.01627	0.56499	0.02825	0.09373	0.00900	0.03570	0.00156	0.00280	0.00698	0.02020	0.00437
1	0.00571	0.02514	0.00532	0.00495	0.00608	0.00423	0.00368	0.00687	0.00945	0.01201	0.18226	0.03575	0.44448	0.14394	0.04145	0.00208	0.00298	0.05625	0.00375	0.00359
2	0.01018	0.00969	0.01635	0.05320	0.68490	0.00986	0.03186	0.01296	0.03358	0.01376	0.00912	0.01302	0.00795	0.00443	0.00454	0.00133	0.02212	0.05247	0.00227	0.00643
3	0.88052	0.00823	0.00625	0.00560	0.00823	0.00955	0.00461	0.01251	0.00724	0.01909	0.00592	0.00691	0.00461	0.00395	0.00263	0.00132	0.00329	0.00230	0.00263	0.00461
4	0.00580	0.00442	0.00559	0.00610	0.02453	0.00416	0.00444	0.00710	0.00931	0.01219	0.15806	0.20612	0.26232	0.06631	0.07433	0.00218	0.00343	0.13608	0.00380	0.00371
5	0.00817	0.00770	0.01301	0.79524	0.07322	0.00949	0.01189	0.01099	0.00857	0.01104	0.00759	0.01130	0.00573	0.00423	0.00425	0.00141	0.00564	0.00378	0.00190	0.00484
6	0.00820	0.00773	0.01307	0.78527	0.08295	0.00950	0.01190	0.01102	0.00859	0.01108	0.00759	0.01129	0.00574	0.00422	0.00425	0.00141	0.00563	0.00378	0.00191	0.00486
7	0.00931	0.00931	0.01303	0.01117	0.01117	0.01303	0.00931	0.01024	0.00652	0.01024	0.00559	0.00931	0.00559	0.00745	0.01396	0.00186	0.84267	0.00372	0.00186	0.00465
8	0.08420	0.00753	0.00973	0.00752	0.01077	0.00682	0.00621	0.05630	0.01216	0.72899	0.01566	0.01371	0.00993	0.00516	0.00415	0.00131	0.00364	0.00411	0.00502	0.00704
9	0.00876	0.00831	0.01408	0.60238	0.26146	0.00965	0.01218	0.01151	0.00885	0.01176	0.00769	0.01111	0.00598	0.00412	0.00424	0.00137	0.00549	0.00378	0.00195	0.00531
10	0.51895	0.00751	0.00761	0.04886	0.05194	0.00828	0.00584	0.02316	0.00863	0.09646	0.04915	0.03542	0.01006	0.00585	0.01524	0.00148	0.00366	0.09389	0.00312	0.00487
11	0.00816	0.00761	0.01277	0.70938	0.10556	0.00918	0.01146	0.01091	0.00884	0.01155	0.05762	0.01252	0.00789	0.00448	0.00430	0.00140	0.00539	0.00402	0.00208	0.00488
12	0.00771	0.00554	0.00761	0.03151	0.01844	0.00556	0.03547	0.00978	0.05118	0.06674	0.12184	0.08848	0.07681	0.13969	0.02826	0.00213	0.02998	0.24337	0.00364	0.02624
13	0.75329	0.00837	0.00696	0.00612	0.00859	0.00980	0.00504	0.05635	0.00795	0.01888	0.00638	0.00751	0.00500	0.00426	0.00343	0.00134	0.05489	0.00253	0.02858	0.00474
14	0.00769	0.01054	0.22781	0.11041	0.06836	0.00734	0.03878	0.01087	0.04244	0.01353	0.13935	0.06010	0.12235	0.00646	0.00461	0.00136	0.01617	0.03287	0.02038	0.05858
15	0.00560	0.00433	0.00510	0.00491	0.00610	0.00384	0.00368	0.00721	0.01105	0.01470	0.49137	0.03567	0.37193	0.00958	0.00502	0.00138	0.00207	0.00824	0.00437	0.00384
16	0.00901	0.03230	0.23306	0.29329	0.11124	0.01038	0.02384	0.03568	0.02529	0.01243	0.00789	0.01106	0.00635	0.02081	0.00606	0.00149	0.13799	0.01434	0.00205	0.00546
17	0.00610	0.00462	0.00686	0.00688	0.00759	0.00538	0.00533	0.00756	0.00691	0.00995	0.01200	0.06759	0.01160	0.03021	0.76390	0.00641	0.02994	0.00500	0.00237	0.00380
18	0.06223	0.00790	0.01226	0.28237	0.24222	0.00862	0.04342	0.02342	0.05213	0.01296	0.03520	0.01639	0.04341	0.09641	0.00619	0.00168	0.00478	0.04076	0.00251	0.00513
19	0.00743	0.00649	0.00921	0.00844	0.00881	0.00841	0.00672	0.00857	0.00664	0.00988	0.00917	0.01467	0.00899	0.09746	0.41796	0.00452	0.35610	0.00436	0.00213	0.00404
20	0.00990	0.00629	0.00669	0.00584	0.00752	0.00663	0.00458	0.21613	0.04707	0.01884	0.10855	0.01668	0.02648	0.00556	0.00364	0.00113	0.00274	0.00449	0.49632	0.00493
21	0.00983	0.01014	0.01289	0.01111	0.01132	0.07529	0.00918	0.01099	0.02255	0.01040	0.00589	0.00931	0.00572	0.00718	0.01301	0.00180	0.76308	0.00367	0.00193	0.00472
22	0.00608	0.00456	0.00684	0.00684	0.00760	0.00532	0.00532	0.00760	0.00684	0.00988	0.01140	0.01672	0.01064	0.03191	0.83360	0.00684	0.01140	0.00456	0.00228	0.00380
23	0.00609	0.00416	0.00499	0.00507	0.00521	0.00425	0.00310	0.00638	0.00644	0.00871	0.01393	0.09298	0.01578	0.66004	0.14157	0.00434	0.00508	0.00643	0.00265	0.00283
24	0.00598	0.00431	0.00565	0.00538	0.00635	0.00398	0.00401	0.00791	0.01183	0.01672	0.77756	0.07688	0.03949	0.00895	0.00504	0.00136	0.00203	0.00794	0.00464	0.00398
25	0.00827	0.00775	0.01276	0.76275	0.05907	0.00954	0.01158	0.01161	0.05319	0.01137	0.00812	0.01156	0.00612	0.00432	0.00426	0.00141	0.00552	0.00384	0.00203	0.00492
26	0.00518	0.00370	0.00494	0.00592	0.00617	0.00346	0.00395	0.00592	0.00815	0.01086	0.02345	0.84768	0.02814	0.01333	0.00543	0.00173	0.00247	0.01210	0.00395	0.00346
27	0.00853	0.02201	0.82841	0.01213	0.01842	0.00988	0.01572	0.01348	0.00898	0.01348	0.00764	0.00898	0.00539	0.00404	0.00404	0.00135	0.00629	0.00314	0.00180	0.00629
28	0.00853	0.02201	0.82841	0.01213	0.01842	0.00988	0.01572	0.01348	0.00898	0.01348	0.00764	0.00898	0.00539	0.00404	0.00404	0.00135	0.00629	0.00314	0.00180	0.00629
29	0.88052	0.00823	0.00625	0.00560	0.00823	0.00955	0.00461	0.01251	0.00724	0.01909	0.00592	0.00691	0.00461	0.00395	0.00263	0.00132	0.00329	0.00230	0.00263	0.00461
30	0.01048	0.01064	0.07248	0.04078	0.42178	0.03024	0.03043	0.04383	0.10405	0.02618	0.00916	0.01076	0.00730	0.00402	0.00404	0.00118	0.00471	0.00365	0.00254	0.16175
31	0.00873	0.00746	0.00872	0.00629	0.00998	0.00561	0.00501	0.01058	0.00881	0.01378	0.00799	0.03145	0.00689	0.00343	0.00321	0.00066	0.00313	0.00278	0.00256	0.85292
32	0.00882	0.00756	0.00882	0.00630	0.01008	0.00567	0.00504	0.01071	0.00882	0.01387	0.00756	0.00882	0.00630	0.00315	0.00315	0.00063	0.00315	0.00252	0.00252	0.87647
33	0.01098	0.01064	0.10202	0.01999	0.53096	0.00918	0.02988	0.01389	0.03349	0.10884	0.03847	0.01240	0.02709	0.00436	0.00424	0.00128	0.00479	0.00406	0.00265	0.03081
34	0.01176	0.29611	0.01644	0.01049	0.04047	0.20667	0.04044	0.03515	0.00917	0.01092	0.00637	0.00838	0.00573	0.00554	0.02155	0.00140	0.26316	0.00308	0.00202	0.00516

[dist]
# distance from previous block
# <min> <max>
4	10

[block]
# block no. 4 follows, 62 sequences, length 23
# corresponding to MSA columns:
# 274-296
name=unknown_E
#
# <colnr> <probs for GDERKNQSTAVLIFYWHMCP>
#	G	D	E	R	K	N	Q	S	T	A	V	L	I	F	Y	W	H	M	C	P
0	0.00928	0.00986	0.10906	0.00770	0.01141	0.03753	0.02448	0.04060	0.00950	0.02440	0.02897	0.01135	0.02800	0.00409	0.00386	0.00089	0.02872	0.02301	0.00262	0.58467
1	0.00971	0.00928	0.01560	0.05259	0.43183	0.02401	0.13947	0.03869	0.00998	0.01383	0.03099	0.08687	0.01061	0.00533	0.00454	0.00136	0.00499	0.06176	0.00255	0.04601
2	0.01181	0.12653	0.05640	0.00936	0.02865	0.01189	0.01877	0.20882	0.42757	0.01839	0.01333	0.02886	0.01024	0.00530	0.00411	0.00133	0.00407	0.00426	0.00375	0.00658
3	0.40379	0.00856	0.00967	0.00905	0.10474	0.00855	0.04729	0.04905	0.00879	0.01682	0.00705	0.00836	0.00564	0.00370	0.00319	0.00109	0.00371	0.00276	0.00259	0.29561
4	0.01001	0.11667	0.37032	0.01199	0.04539	0.01063	0.13639	0.05482	0.00966	0.04094	0.00791	0.00942	0.00600	0.00410	0.00451	0.00125	0.05204	0.00339	0.00220	0.10236
5	0.05513	0.01721	0.46967	0.01244	0.01755	0.02628	0.17336	0.10397	0.03033	0.04162	0.00855	0.00984	0.00613	0.00415	0.00420	0.00135	0.00600	0.00363	0.00237	0.00621
6	0.00837	0.00730	0.01334	0.01207	0.08251	0.00702	0.26759	0.01038	0.00927	0.05639	0.01603	0.30282	0.01677	0.00855	0.00563	0.01876	0.02561	0.12367	0.00318	0.00475
7	0.00524	0.00375	0.00498	0.00589	0.00617	0.00354	0.00395	0.00599	0.00808	0.01078	0.02316	0.78618	0.04126	0.03487	0.03247	0.00195	0.00279	0.01165	0.00386	0.00345
8	0.01127	0.21766	0.29179	0.01173	0.04579	0.03707	0.14269	0.07135	0.01028	0.08787	0.01695	0.00973	0.00661	0.00416	0.00408	0.00125	0.01777	0.00347	0.00241	0.00608
9	0.02057	0.22356	0.15286	0.03394	0.16453	0.10509	0.10229	0.06602	0.03142	0.01321	0.00758	0.00918	0.00612	0.00415	0.00429	0.00123	0.04255	0.00334	0.00219	0.00589
10	0.00720	0.00382	0.00574	0.00574	0.00585	0.00394	0.00394	0.00585	0.00574	0.00776	0.00799	0.01350	0.00787	0.01734	0.13841	0.74661	0.00484	0.00382	0.00191	0.00214
11	0.00601	0.00483	0.02107	0.00749	0.05466	0.00446	0.00526	0.00726	0.00889	0.01187	0.07883	0.48826	0.08531	0.02528	0.00577	0.00173	0.01759	0.15780	0.00379	0.00384
12	0.01094	0.22065	0.31917	0.01137	0.07775	0.05146	0.04872	0.02800	0.07507	0.08207	0.03032	0.01028	0.00757	0.00430	0.00384	0.00123	0.00527	0.00341	0.00248	0.00610
13	0.03778	0.02374	0.17727	0.03223	0.12352	0.09994	0.29040	0.09239	0.01083	0.02931	0.00849	0.01082	0.00656	0.00421	0.00455	0.00135	0.01989	0.01838	0.00238	0.00596
14	0.00657	0.00479	0.00669	0.00776	0.02869	0.00474	0.00628	0.00830	0.00950	0.01246	0.04843	0.17352	0.05141	0.01237	0.03405	0.00203	0.00385	0.57083	0.00385	0.00390
15	0.00827	0.00788	0.01325	0.73071	0.06030	0.00976	0.03009	0.01098	0.00845	0.01102	0.00747	0.01117	0.00573	0.00444	0.00494	0.00144	0.06357	0.00381	0.00190	0.00483
16	0.01103	0.03750	0.05046	0.08817	0.23649	0.08014	0.04104	0.08149	0.02925	0.07700	0.02500	0.01462	0.04904	0.00564	0.01950	0.00140	0.03395	0.05038	0.00282	0.06508
17	0.00784	0.00730	0.01223	0.78346	0.02773	0.00905	0.01128	0.01053	0.00848	0.01087	0.00864	0.06826	0.00720	0.00487	0.00433	0.00144	0.00545	0.00435	0.00203	0.00464
18	0.00997	0.00932	0.01552	0.17003	0.59814	0.00968	0.01205	0.03960	0.00999	0.01402	0.06337	0.01211	0.00884	0.00425	0.00428	0.00130	0.00495	0.00406	0.00232	0.00621
19	0.00548	0.00444	0.00491	0.00471	0.00610	0.00380	0.00355	0.00689	0.01041	0.01335	0.28854	0.03686	0.54437	0.00984	0.00496	0.00138	0.00215	0.00834	0.00413	0.03581
20	0.07676	0.00712	0.00808	0.00774	0.05080	0.03746	0.03126	0.04648	0.13643	0.02826	0.05113	0.06965	0.25280	0.02363	0.08777	0.00194	0.00413	0.00603	0.00346	0.06906
21	0.06894	0.01633	0.01241	0.01062	0.01319	0.50194	0.05896	0.16799	0.06778	0.01478	0.00818	0.00908	0.00643	0.00504	0.01899	0.00129	0.00657	0.00324	0.00276	0.00551
22	0.01523	0.01126	0.01207	0.00939	0.01251	0.01245	0.00765	0.71768	0.05686	0.02512	0.01077	0.01168	0.00807	0.06267	0.00544	0.00148	0.00458	0.00404	0.00415	0.00690

[dist]
# distance from previous block
# <min> <max>
0	2

# created by:
# /st0/software/busco_prod/Augustus/scripts/msa2prfl.pl ./align_prep/131285.fa
