[name]
unknown

[dist]
# distance from previous block
# <min> <max>
0	43

[block]
# block no. 0 follows, 59 sequences, length 8
# corresponding to MSA columns:
# 44-51
name=unknown_A
#
# <colnr> <probs for GDERKNQSTAVLIFYWHMCP>
#	G	D	E	R	K	N	Q	S	T	A	V	L	I	F	Y	W	H	M	C	P
0	0.02548	0.11071	0.00985	0.00729	0.00943	0.06996	0.00588	0.05341	0.01048	0.01418	0.14136	0.17431	0.01864	0.00768	0.00465	0.00131	0.01948	0.10547	0.00341	0.20701
1	0.28417	0.14656	0.01167	0.00867	0.07191	0.01065	0.00659	0.15870	0.01089	0.01783	0.03348	0.06620	0.00868	0.00494	0.00355	0.00120	0.00392	0.00370	0.00301	0.14370
2	0.07112	0.45703	0.01834	0.01153	0.16074	0.14399	0.00837	0.01360	0.00950	0.01175	0.00708	0.00914	0.00642	0.04989	0.00437	0.00125	0.00522	0.00295	0.00211	0.00560
3	0.14747	0.00895	0.01195	0.48063	0.02213	0.06545	0.04171	0.04995	0.00943	0.01351	0.00904	0.08149	0.00780	0.00528	0.00452	0.00147	0.02744	0.00440	0.00242	0.00496
4	0.00684	0.00518	0.00641	0.00621	0.00734	0.00515	0.00460	0.01034	0.13875	0.01664	0.54114	0.18050	0.03487	0.00944	0.00517	0.00148	0.00240	0.00836	0.00466	0.00451
5	0.00619	0.00448	0.00625	0.00641	0.00693	0.00492	0.00463	0.00727	0.00716	0.01002	0.01431	0.15149	0.01511	0.22049	0.50748	0.00559	0.00858	0.00638	0.00272	0.00359
6	0.01647	0.00817	0.07174	0.00808	0.01125	0.00660	0.00706	0.01842	0.01136	0.60827	0.01566	0.01503	0.01054	0.01050	0.15715	0.00243	0.00547	0.00441	0.00462	0.00678
7	0.01648	0.00681	0.00898	0.00712	0.01007	0.00587	0.00580	0.01809	0.01216	0.63306	0.05945	0.02096	0.16168	0.00669	0.00462	0.00139	0.00340	0.00551	0.00519	0.00666

[dist]
# distance from previous block
# <min> <max>
0	7

[block]
# block no. 1 follows, 59 sequences, length 12
# corresponding to MSA columns:
# 59-70
name=unknown_B
#
# <colnr> <probs for GDERKNQSTAVLIFYWHMCP>
#	G	D	E	R	K	N	Q	S	T	A	V	L	I	F	Y	W	H	M	C	P
0	0.15920	0.01766	0.55622	0.01073	0.01576	0.00941	0.01291	0.01308	0.00914	0.01488	0.00997	0.01512	0.00847	0.00540	0.00423	0.00149	0.00561	0.12251	0.00235	0.00585
1	0.00939	0.15358	0.01441	0.42019	0.16368	0.01040	0.01028	0.01188	0.00914	0.01248	0.00863	0.01152	0.00687	0.00433	0.00393	0.00128	0.00499	0.00368	0.13404	0.00529
2	0.00811	0.00659	0.00686	0.00620	0.00816	0.00656	0.00481	0.14723	0.13356	0.01567	0.03415	0.05605	0.53035	0.00945	0.00498	0.00147	0.00289	0.00783	0.00422	0.00488
3	0.00711	0.00574	0.00765	0.15062	0.01198	0.00607	0.00669	0.01016	0.10536	0.01305	0.04551	0.18278	0.16380	0.01014	0.00535	0.00171	0.00366	0.25444	0.00379	0.00442
4	0.01055	0.01094	0.02112	0.07332	0.42894	0.01074	0.35038	0.01367	0.01014	0.01411	0.00855	0.01140	0.00680	0.00387	0.00473	0.00140	0.00623	0.00448	0.00219	0.00642
5	0.00969	0.00913	0.01489	0.04648	0.52901	0.00973	0.01128	0.01175	0.00924	0.01320	0.01070	0.15509	0.01064	0.00625	0.00613	0.00149	0.13139	0.00542	0.00247	0.00601
6	0.00986	0.00814	0.01198	0.54291	0.04488	0.00964	0.01023	0.14862	0.01100	0.01503	0.00934	0.01226	0.00703	0.00467	0.00421	0.00137	0.00511	0.00396	0.13445	0.00529
7	0.15788	0.00784	0.09713	0.00692	0.02330	0.00654	0.00596	0.02939	0.04787	0.01540	0.18554	0.05825	0.27054	0.00889	0.02705	0.00162	0.01490	0.02665	0.00368	0.00464
8	0.01085	0.00832	0.01367	0.52827	0.18540	0.00937	0.01152	0.01352	0.00974	0.15243	0.00961	0.01217	0.00699	0.00450	0.00441	0.00142	0.00539	0.00402	0.00262	0.00578
9	0.30821	0.00920	0.01255	0.19673	0.31625	0.01013	0.00987	0.02972	0.02460	0.03284	0.00789	0.01001	0.00621	0.00420	0.00382	0.00137	0.00469	0.00343	0.00248	0.00580
10	0.53348	0.01150	0.00899	0.13329	0.01312	0.20993	0.00684	0.01386	0.00894	0.01631	0.00657	0.00807	0.00517	0.00426	0.00330	0.00133	0.00491	0.00274	0.00250	0.00488
11	0.00966	0.00919	0.01481	0.24444	0.43031	0.02923	0.03092	0.01248	0.02739	0.01391	0.10742	0.01454	0.02681	0.00488	0.00452	0.00137	0.00506	0.00456	0.00254	0.00594

[dist]
# distance from previous block
# <min> <max>
4	12

[block]
# block no. 2 follows, 59 sequences, length 18
# corresponding to MSA columns:
# 84-101
name=unknown_C
#
# <colnr> <probs for GDERKNQSTAVLIFYWHMCP>
#	G	D	E	R	K	N	Q	S	T	A	V	L	I	F	Y	W	H	M	C	P
0	0.01056	0.00547	0.00728	0.00629	0.00808	0.00491	0.00491	0.01253	0.01255	0.27279	0.56144	0.02728	0.03190	0.00790	0.00497	0.00138	0.00262	0.00686	0.00505	0.00523
1	0.01121	0.27650	0.01959	0.02090	0.56110	0.01271	0.01165	0.01345	0.00971	0.01315	0.00762	0.00971	0.00657	0.00389	0.00388	0.00120	0.00508	0.00344	0.00209	0.00657
2	0.28364	0.00533	0.00599	0.00577	0.00664	0.00577	0.00414	0.00805	0.00631	0.01153	0.00719	0.01144	0.00675	0.01177	0.01264	0.59495	0.00370	0.00338	0.00218	0.00283
3	0.01360	0.00939	0.01520	0.07011	0.51319	0.00918	0.01123	0.01595	0.01080	0.27036	0.01118	0.01229	0.00818	0.00445	0.00440	0.00134	0.00481	0.00410	0.00322	0.00703
4	0.87598	0.00854	0.00649	0.00581	0.00854	0.00991	0.00478	0.01298	0.00752	0.01982	0.00615	0.00717	0.00478	0.00410	0.00273	0.00137	0.00342	0.00239	0.00273	0.00478
5	0.01153	0.00501	0.00718	0.00642	0.00751	0.00468	0.00468	0.01077	0.00794	0.26594	0.01077	0.01394	0.00871	0.01220	0.01319	0.59495	0.00381	0.00403	0.00305	0.00370
6	0.09476	0.01123	0.01283	0.27275	0.06599	0.08373	0.00960	0.36067	0.01436	0.01952	0.00884	0.01044	0.00655	0.00476	0.00422	0.00136	0.00535	0.00371	0.00316	0.00618
7	0.01019	0.01011	0.01618	0.01418	0.15370	0.03638	0.25954	0.01321	0.04166	0.01436	0.00864	0.01059	0.00692	0.00368	0.00415	0.00108	0.00510	0.00377	0.00248	0.38407
8	0.00980	0.00908	0.01412	0.19629	0.38951	0.00888	0.01063	0.01229	0.00950	0.01373	0.00806	0.01055	0.00661	0.00383	0.00403	0.00114	0.00476	0.00351	0.00227	0.28139
9	0.00748	0.02967	0.00935	0.00850	0.00889	0.00826	0.00667	0.00849	0.00743	0.01067	0.01326	0.27611	0.01460	0.01612	0.21642	0.02070	0.32368	0.00680	0.00273	0.00418
10	0.01421	0.01565	0.01155	0.00967	0.01265	0.45359	0.00747	0.12410	0.01259	0.01430	0.00767	0.00871	0.00621	0.00425	0.00382	0.00101	0.00604	0.00293	0.00268	0.28090
11	0.01283	0.01040	0.01103	0.00936	0.01219	0.01185	0.00744	0.27107	0.55865	0.02145	0.01563	0.01461	0.01158	0.00577	0.00447	0.00144	0.00393	0.00467	0.00447	0.00716
12	0.00814	0.00511	0.00684	0.00600	0.00725	0.00449	0.00428	0.00746	0.00684	0.00981	0.00773	0.01207	0.00731	0.01151	0.01281	0.59472	0.00366	0.00345	0.00214	0.27838
13	0.00869	0.01808	0.56489	0.27371	0.02271	0.01012	0.01503	0.01313	0.00917	0.01313	0.00790	0.01010	0.00569	0.00427	0.00427	0.00142	0.00632	0.00347	0.00190	0.00601
14	0.00916	0.00785	0.00916	0.00654	0.01047	0.00589	0.00523	0.01112	0.00916	0.01439	0.00785	0.00916	0.00654	0.00327	0.00327	0.00065	0.00327	0.00262	0.00262	0.87178
15	0.00895	0.01808	0.56359	0.01067	0.01637	0.00887	0.01280	0.01308	0.00927	0.01412	0.00790	0.00927	0.00590	0.00390	0.00390	0.00116	0.00549	0.00306	0.00210	0.28153
16	0.01113	0.01726	0.45897	0.01106	0.01589	0.01080	0.01236	0.26392	0.01323	0.01869	0.09315	0.01222	0.00998	0.00514	0.00463	0.00139	0.02663	0.00400	0.00299	0.00655
17	0.01650	0.02105	0.01252	0.01138	0.01365	0.82705	0.00853	0.01764	0.01252	0.01081	0.00683	0.00796	0.00569	0.00455	0.00398	0.00114	0.00796	0.00284	0.00228	0.00512

[dist]
# distance from previous block
# <min> <max>
0	9

[block]
# block no. 3 follows, 59 sequences, length 14
# corresponding to MSA columns:
# 111-124
name=unknown_D
#
# <colnr> <probs for GDERKNQSTAVLIFYWHMCP>
#	G	D	E	R	K	N	Q	S	T	A	V	L	I	F	Y	W	H	M	C	P
0	0.00860	0.00518	0.00581	0.00526	0.00719	0.00437	0.00408	0.00985	0.01066	0.19889	0.03842	0.03615	0.62938	0.00986	0.00504	0.00146	0.00259	0.00819	0.00442	0.00460
1	0.00654	0.00573	0.00994	0.00898	0.01025	0.00535	0.18842	0.00801	0.00897	0.01196	0.02147	0.62291	0.05059	0.01141	0.00552	0.00171	0.00368	0.01075	0.00367	0.00414
2	0.01149	0.65420	0.02382	0.01011	0.01405	0.01602	0.19111	0.01344	0.00931	0.01126	0.00679	0.00820	0.00591	0.00377	0.00338	0.00107	0.00535	0.00302	0.00197	0.00573
3	0.06948	0.03976	0.05579	0.07340	0.01310	0.03521	0.02678	0.25239	0.05576	0.05496	0.15372	0.01526	0.03143	0.00559	0.00428	0.00128	0.00425	0.00452	0.00369	0.09933
4	0.00834	0.00785	0.01325	0.83417	0.03042	0.00981	0.01227	0.01128	0.00883	0.01128	0.00785	0.01178	0.00589	0.00442	0.00442	0.00147	0.00589	0.00393	0.00196	0.00491
5	0.00558	0.00400	0.00530	0.00601	0.00645	0.00372	0.00412	0.00666	0.00939	0.01276	0.20718	0.65482	0.03209	0.01273	0.00554	0.00170	0.00245	0.01150	0.00428	0.00372
6	0.00526	0.00433	0.00462	0.00486	0.00607	0.00370	0.00353	0.00629	0.00969	0.01178	0.04002	0.22739	0.63360	0.01180	0.00532	0.00156	0.00231	0.01007	0.00410	0.00370
7	0.00972	0.26280	0.27519	0.20162	0.01951	0.01222	0.10763	0.01298	0.00934	0.01243	0.03271	0.01028	0.00695	0.00422	0.00400	0.00129	0.00582	0.00353	0.00203	0.00575
8	0.00828	0.00998	0.19583	0.00817	0.01096	0.00689	0.03566	0.11362	0.01102	0.03858	0.02448	0.21307	0.27069	0.00899	0.00497	0.00153	0.00392	0.02471	0.00360	0.00504
9	0.00655	0.00460	0.00602	0.00625	0.00672	0.00483	0.00454	0.00748	0.00749	0.01013	0.01550	0.03036	0.01675	0.41455	0.25436	0.00459	0.00644	0.18657	0.00291	0.00337
10	0.00908	0.02178	0.74503	0.01292	0.04693	0.03195	0.01571	0.01391	0.00946	0.01389	0.00842	0.01067	0.00630	0.00446	0.00426	0.00141	0.00644	0.02899	0.00196	0.00643
11	0.00979	0.01205	0.16888	0.31938	0.10565	0.01031	0.21890	0.01319	0.00956	0.04748	0.00853	0.01133	0.00637	0.00431	0.00494	0.00146	0.03572	0.00416	0.00219	0.00581
12	0.12787	0.00974	0.01036	0.06341	0.01237	0.03296	0.00714	0.41629	0.03803	0.02110	0.01311	0.20258	0.01218	0.00706	0.00447	0.00145	0.00425	0.00574	0.00390	0.00599
13	0.00980	0.01565	0.32401	0.01362	0.01791	0.06771	0.27649	0.02780	0.02521	0.01379	0.02931	0.08259	0.00908	0.00530	0.00537	0.00148	0.06177	0.00489	0.00238	0.00584

[dist]
# distance from previous block
# <min> <max>
6	22

[block]
# block no. 4 follows, 59 sequences, length 8
# corresponding to MSA columns:
# 152-159
name=unknown_E
#
# <colnr> <probs for GDERKNQSTAVLIFYWHMCP>
#	G	D	E	R	K	N	Q	S	T	A	V	L	I	F	Y	W	H	M	C	P
0	0.08051	0.00971	0.01589	0.21680	0.56499	0.01028	0.01254	0.01297	0.00956	0.01412	0.00802	0.01083	0.00655	0.00406	0.00425	0.00135	0.00525	0.00381	0.00218	0.00632
1	0.00956	0.00904	0.01508	0.41540	0.38341	0.00986	0.01238	0.01230	0.00940	0.01291	0.00806	0.01122	0.00643	0.00412	0.00432	0.00135	0.00542	0.00384	0.00211	0.06380
2	0.01079	0.01209	0.12433	0.23334	0.40112	0.05802	0.01288	0.04774	0.01032	0.03554	0.00839	0.01086	0.00657	0.00423	0.00434	0.00136	0.00569	0.00379	0.00227	0.00631
3	0.01053	0.21052	0.20504	0.11140	0.11708	0.03277	0.03206	0.01355	0.03497	0.05974	0.01054	0.01192	0.05564	0.00480	0.00455	0.00130	0.04890	0.00376	0.00240	0.02851
4	0.06104	0.01160	0.15817	0.07367	0.16398	0.00978	0.07149	0.05629	0.13777	0.05721	0.05464	0.01408	0.04467	0.00518	0.00472	0.00140	0.03280	0.00442	0.00303	0.03402
5	0.01055	0.03765	0.09415	0.20323	0.14651	0.03626	0.04240	0.09745	0.02509	0.04139	0.01016	0.05967	0.00880	0.00562	0.00547	0.00145	0.08869	0.04153	0.00268	0.04124
6	0.02586	0.03042	0.03125	0.09065	0.01325	0.00898	0.05547	0.11379	0.09227	0.11861	0.03275	0.04235	0.03703	0.01098	0.15982	0.00248	0.06825	0.00474	0.00334	0.05773
7	0.01208	0.10566	0.04324	0.07980	0.06307	0.12736	0.03475	0.09800	0.02519	0.10402	0.02375	0.06103	0.04532	0.00693	0.04388	0.00158	0.05074	0.00444	0.00304	0.06612

[dist]
# distance from previous block
# <min> <max>
15	187

[block]
# block no. 5 follows, 59 sequences, length 8
# corresponding to MSA columns:
# 480-487
name=unknown_F
#
# <colnr> <probs for GDERKNQSTAVLIFYWHMCP>
#	G	D	E	R	K	N	Q	S	T	A	V	L	I	F	Y	W	H	M	C	P
0	0.08012	0.00878	0.00925	0.00829	0.01072	0.00987	0.00652	0.05257	0.56511	0.05750	0.04123	0.01897	0.06910	0.00647	0.00448	0.00149	0.00345	0.03527	0.00436	0.00644
1	0.01094	0.01042	0.01735	0.02580	0.75908	0.01053	0.01308	0.01427	0.06773	0.01472	0.00901	0.01133	0.00746	0.00408	0.00438	0.00133	0.00512	0.00401	0.00235	0.00700
2	0.00834	0.00785	0.01325	0.83417	0.03042	0.00981	0.01227	0.01128	0.00883	0.01128	0.00785	0.01178	0.00589	0.00442	0.00442	0.00147	0.00589	0.00393	0.00196	0.00491
3	0.01074	0.01030	0.01759	0.08535	0.76045	0.01044	0.01346	0.01339	0.00997	0.01420	0.00827	0.01099	0.00692	0.00397	0.00438	0.00132	0.00529	0.00393	0.00217	0.00685
4	0.01840	0.00758	0.01007	0.00781	0.01103	0.00678	0.00642	0.07432	0.01319	0.69403	0.08799	0.01633	0.01343	0.00577	0.00451	0.00137	0.00369	0.00473	0.00534	0.00722
5	0.00965	0.02174	0.76333	0.01225	0.01855	0.00999	0.01561	0.01453	0.00956	0.07217	0.00861	0.00974	0.00598	0.00429	0.00421	0.00140	0.00633	0.00335	0.00212	0.00660
6	0.00625	0.00451	0.00590	0.00556	0.00660	0.00417	0.00417	0.00833	0.01250	0.01771	0.81490	0.03299	0.04167	0.00903	0.00521	0.00139	0.00208	0.00799	0.00486	0.00417
7	0.00538	0.00384	0.00512	0.00615	0.00641	0.00359	0.00410	0.00615	0.00846	0.01127	0.02434	0.84190	0.02921	0.01384	0.00564	0.00179	0.00256	0.01256	0.00410	0.00359

[dist]
# distance from previous block
# <min> <max>
3	4

[block]
# block no. 6 follows, 59 sequences, length 12
# corresponding to MSA columns:
# 496-507
name=unknown_G
#
# <colnr> <probs for GDERKNQSTAVLIFYWHMCP>
#	G	D	E	R	K	N	Q	S	T	A	V	L	I	F	Y	W	H	M	C	P
0	0.87598	0.00854	0.00649	0.00581	0.00854	0.00991	0.00478	0.01298	0.00752	0.01982	0.00615	0.00717	0.00478	0.00410	0.00273	0.00137	0.00342	0.00239	0.00273	0.00478
1	0.01079	0.01035	0.01768	0.06964	0.77577	0.01046	0.01349	0.01343	0.00999	0.01426	0.00828	0.01098	0.00694	0.00396	0.00437	0.00132	0.00528	0.00393	0.00217	0.00689
2	0.00586	0.00497	0.00512	0.00500	0.00656	0.00448	0.00377	0.00818	0.08957	0.01298	0.09478	0.03927	0.68288	0.01052	0.00515	0.00149	0.00235	0.00880	0.00419	0.00408
3	0.87598	0.00854	0.00649	0.00581	0.00854	0.00991	0.00478	0.01298	0.00752	0.01982	0.00615	0.00717	0.00478	0.00410	0.00273	0.00137	0.00342	0.00239	0.00273	0.00478
4	0.00612	0.00451	0.00572	0.00541	0.00652	0.00411	0.00406	0.00807	0.01218	0.01695	0.71376	0.03424	0.14329	0.00931	0.00521	0.00140	0.00210	0.00816	0.00476	0.00411
5	0.01098	0.00959	0.01078	0.01079	0.09147	0.01094	0.00764	0.02248	0.72991	0.01807	0.01702	0.01593	0.01284	0.00579	0.00448	0.00148	0.00367	0.00489	0.00426	0.00699
6	0.00522	0.00447	0.00447	0.00447	0.00597	0.00373	0.00336	0.00634	0.01007	0.01193	0.04474	0.04250	0.81544	0.01119	0.00522	0.00149	0.00224	0.00932	0.00410	0.00373
7	0.01113	0.00967	0.01178	0.01299	0.18842	0.01076	0.00852	0.06497	0.55218	0.01788	0.01568	0.01646	0.01227	0.00579	0.00454	0.00147	0.00398	0.04066	0.00396	0.00689
8	0.01059	0.00908	0.01051	0.04821	0.07293	0.01031	0.00778	0.04260	0.60083	0.01752	0.01718	0.01939	0.01381	0.00644	0.00466	0.00154	0.00384	0.09204	0.00415	0.00658
9	0.01654	0.01175	0.01303	0.05688	0.01447	0.01293	0.00847	0.69857	0.01947	0.08666	0.01096	0.01100	0.00768	0.00526	0.00442	0.00134	0.00484	0.00401	0.00436	0.00736
10	0.01262	0.01061	0.01078	0.00823	0.01174	0.08619	0.00662	0.30330	0.01376	0.01909	0.00904	0.00988	0.00701	0.00422	0.00375	0.00096	0.00425	0.00320	0.03873	0.43602
11	0.02866	0.11502	0.01105	0.00723	0.01066	0.00875	0.00597	0.08002	0.13347	0.04857	0.01256	0.01286	0.06873	0.00463	0.00368	0.00098	0.00357	0.00364	0.00320	0.43676

[dist]
# distance from previous block
# <min> <max>
68	251

[block]
# block no. 7 follows, 59 sequences, length 16
# corresponding to MSA columns:
# 839-854
name=unknown_H
#
# <colnr> <probs for GDERKNQSTAVLIFYWHMCP>
#	G	D	E	R	K	N	Q	S	T	A	V	L	I	F	Y	W	H	M	C	P
0	0.03285	0.06735	0.05361	0.04167	0.01067	0.00771	0.01704	0.04061	0.07959	0.05589	0.07089	0.24355	0.03482	0.00860	0.03121	0.00159	0.05563	0.00650	0.00343	0.13680
1	0.01137	0.00909	0.02928	0.06778	0.03841	0.00881	0.04333	0.24614	0.04554	0.05845	0.11500	0.04603	0.04343	0.00612	0.01689	0.00132	0.00420	0.00482	0.00367	0.20033
2	0.00842	0.00642	0.00757	0.00652	0.00874	0.02771	0.00492	0.00992	0.00936	0.06731	0.07488	0.24524	0.04201	0.02810	0.06329	0.00165	0.00375	0.00636	0.00341	0.37445
3	0.01043	0.00853	0.01135	0.11772	0.09742	0.00908	0.03989	0.08846	0.24939	0.05423	0.07641	0.09989	0.01395	0.00620	0.00467	0.00140	0.01385	0.00541	0.00365	0.08807
4	0.01422	0.01039	0.01131	0.06442	0.06009	0.11096	0.00777	0.23332	0.04240	0.20215	0.04355	0.07281	0.04412	0.00614	0.00481	0.00137	0.03107	0.00491	0.00395	0.03022
5	0.01053	0.00759	0.00929	0.11015	0.01251	0.03646	0.00626	0.01233	0.00973	0.15337	0.01232	0.15420	0.01110	0.00567	0.00405	0.00109	0.00373	0.00482	0.00327	0.43152
6	0.36410	0.04355	0.06749	0.00767	0.01108	0.01026	0.00677	0.18738	0.01099	0.01927	0.00764	0.00862	0.00591	0.00428	0.00370	0.00120	0.02979	0.00290	0.00296	0.20442
7	0.03985	0.00864	0.00990	0.00768	0.01104	0.00812	0.00618	0.14642	0.13450	0.14842	0.04343	0.01249	0.00989	0.00513	0.01744	0.00117	0.00375	0.00374	0.00376	0.37844
8	0.01141	0.22901	0.17070	0.18950	0.12853	0.01165	0.03490	0.01413	0.00967	0.12631	0.00882	0.01039	0.00666	0.00435	0.00424	0.00130	0.02638	0.00350	0.00246	0.00610
9	0.00625	0.00448	0.00630	0.00645	0.00697	0.00492	0.00468	0.00726	0.00711	0.00996	0.01391	0.13999	0.01456	0.19098	0.51446	0.04067	0.00865	0.00618	0.00266	0.00356
10	0.00767	0.00384	0.00575	0.00575	0.00575	0.00384	0.00384	0.00575	0.00575	0.00767	0.00767	0.01343	0.00767	0.01534	0.01726	0.87150	0.00384	0.00384	0.00192	0.00192
11	0.00677	0.00572	0.00847	0.10547	0.01097	0.00640	0.03898	0.00804	0.00845	0.01143	0.01906	0.49977	0.03900	0.01112	0.00697	0.00178	0.14235	0.06177	0.00341	0.00408
12	0.01387	0.00859	0.01052	0.00874	0.04321	0.02135	0.01881	0.11996	0.08533	0.28811	0.01356	0.07134	0.01041	0.00534	0.00418	0.00119	0.00384	0.00443	0.00406	0.26318
13	0.00953	0.00842	0.01264	0.54758	0.10567	0.03960	0.01086	0.02979	0.04206	0.05349	0.04359	0.03374	0.03429	0.00514	0.00449	0.00144	0.00532	0.00450	0.00257	0.00530
14	0.01534	0.01566	0.01311	0.01304	0.13397	0.39978	0.00899	0.18813	0.09588	0.05950	0.00959	0.01024	0.00736	0.00482	0.00421	0.00125	0.00620	0.00356	0.00313	0.00624
15	0.00967	0.00806	0.01070	0.03750	0.01200	0.00690	0.09312	0.06763	0.01013	0.01552	0.00915	0.01076	0.00732	0.00379	0.00358	0.00088	0.00376	0.00327	0.13281	0.55345

[dist]
# distance from previous block
# <min> <max>
0	1

[block]
# block no. 8 follows, 59 sequences, length 34
# corresponding to MSA columns:
# 856-889
name=unknown_I
#
# <colnr> <probs for GDERKNQSTAVLIFYWHMCP>
#	G	D	E	R	K	N	Q	S	T	A	V	L	I	F	Y	W	H	M	C	P
0	0.00707	0.00510	0.00643	0.00604	0.00723	0.00492	0.00456	0.00928	0.04606	0.05275	0.51020	0.11642	0.13260	0.00934	0.00558	0.00146	0.04070	0.00805	0.00452	0.02171
1	0.01824	0.00825	0.01051	0.00819	0.01147	0.00777	0.00672	0.13370	0.07199	0.61845	0.04540	0.01515	0.01174	0.00561	0.00447	0.00137	0.00384	0.00454	0.00522	0.00736
2	0.01285	0.66362	0.02078	0.00841	0.01185	0.19756	0.00777	0.01421	0.00976	0.01048	0.00629	0.00728	0.00567	0.00395	0.00309	0.00099	0.00544	0.00247	0.00198	0.00555
3	0.01073	0.08001	0.06649	0.05846	0.06415	0.05902	0.56747	0.01409	0.01027	0.01351	0.00845	0.01110	0.00647	0.00385	0.00481	0.00141	0.00701	0.00461	0.00217	0.00592
4	0.00597	0.00450	0.00552	0.00527	0.00643	0.00405	0.00395	0.00780	0.01185	0.01616	0.60859	0.03554	0.24895	0.00961	0.00521	0.00142	0.00212	0.00834	0.00466	0.00405
5	0.00638	0.00434	0.00511	0.00502	0.00530	0.00425	0.00308	0.00694	0.00806	0.01103	0.22982	0.03000	0.02296	0.61951	0.01782	0.00350	0.00369	0.00684	0.00327	0.00308
6	0.00527	0.00448	0.00454	0.00452	0.00599	0.00375	0.00339	0.00643	0.01018	0.01220	0.08006	0.04207	0.77996	0.01109	0.00522	0.00149	0.00223	0.00926	0.00414	0.00375
7	0.01099	0.00949	0.00999	0.00899	0.01148	0.01099	0.00699	0.02347	0.80925	0.01848	0.01798	0.01648	0.01348	0.00599	0.00449	0.00150	0.00350	0.00499	0.00449	0.00699
8	0.01181	0.84744	0.02314	0.00756	0.01134	0.01748	0.00756	0.01323	0.00897	0.01039	0.00614	0.00708	0.00567	0.00378	0.00283	0.00094	0.00472	0.00236	0.00189	0.00567
9	0.00625	0.00451	0.00590	0.00556	0.00660	0.00417	0.00417	0.00833	0.01250	0.01771	0.81490	0.03299	0.04167	0.00903	0.00521	0.00139	0.00208	0.00799	0.00486	0.00417
10	0.01122	0.00961	0.01012	0.00904	0.01158	0.01110	0.00705	0.05560	0.77674	0.01886	0.01767	0.01624	0.01324	0.00596	0.00449	0.00149	0.00355	0.00495	0.00449	0.00701
11	0.00625	0.00451	0.00590	0.00556	0.00660	0.00417	0.00417	0.00833	0.01250	0.01771	0.81490	0.03299	0.04167	0.00903	0.00521	0.00139	0.00208	0.00799	0.00486	0.00417
12	0.01650	0.02105	0.01252	0.01138	0.01365	0.82705	0.00853	0.01764	0.01252	0.01081	0.00683	0.00796	0.00569	0.00455	0.00398	0.00114	0.00796	0.00284	0.00228	0.00512
13	0.00649	0.00472	0.00602	0.00659	0.00713	0.00470	0.00457	0.07563	0.00942	0.01262	0.02231	0.71848	0.02621	0.03166	0.02452	0.00193	0.01768	0.01135	0.00402	0.00394
14	0.01157	0.01469	0.20615	0.01834	0.32439	0.09219	0.11000	0.11455	0.01154	0.01560	0.00891	0.01154	0.00714	0.00446	0.00446	0.00136	0.00600	0.02810	0.00247	0.00655
15	0.01110	0.00953	0.01027	0.04687	0.01244	0.01104	0.00729	0.05504	0.74003	0.01853	0.01721	0.01602	0.01289	0.00589	0.00449	0.00149	0.00366	0.00490	0.00437	0.00692
16	0.00625	0.00451	0.00590	0.00556	0.00660	0.00417	0.00417	0.00833	0.01250	0.01771	0.81490	0.03299	0.04167	0.00903	0.00521	0.00139	0.00208	0.00799	0.00486	0.00417
17	0.01099	0.00949	0.00999	0.00899	0.01148	0.01099	0.00699	0.02347	0.80925	0.01848	0.01798	0.01648	0.01348	0.00599	0.00449	0.00150	0.00350	0.00499	0.00449	0.00699
18	0.00522	0.00447	0.00447	0.00447	0.00597	0.00373	0.00336	0.00634	0.01007	0.01193	0.04474	0.04250	0.81544	0.01119	0.00522	0.00149	0.00224	0.00932	0.00410	0.00373
19	0.00842	0.00790	0.01315	0.81062	0.02988	0.00985	0.01212	0.01163	0.03167	0.01149	0.00814	0.01191	0.00610	0.00446	0.00442	0.00147	0.00582	0.00396	0.00203	0.00497
20	0.00886	0.02285	0.82190	0.01259	0.01912	0.01026	0.01632	0.01399	0.00932	0.01399	0.00793	0.00932	0.00559	0.00420	0.00420	0.00140	0.00653	0.00326	0.00186	0.00653
21	0.00823	0.00412	0.00412	0.00412	0.00515	0.00412	0.00309	0.01029	0.00926	0.01647	0.01441	0.01647	0.01132	0.00515	0.00309	0.00103	0.00206	0.00412	0.86930	0.00412
22	0.01048	0.01004	0.01711	0.16717	0.68068	0.01038	0.01333	0.01316	0.00984	0.01388	0.00823	0.01108	0.00680	0.00402	0.00438	0.00134	0.00536	0.00393	0.00215	0.00663
23	0.01099	0.00949	0.00999	0.00899	0.01148	0.01099	0.00699	0.02347	0.80925	0.01848	0.01798	0.01648	0.01348	0.00599	0.00449	0.00150	0.00350	0.00499	0.00449	0.00699
24	0.08349	0.02105	0.71093	0.01231	0.01841	0.01027	0.05563	0.01391	0.00923	0.01450	0.00783	0.00927	0.00558	0.00416	0.00412	0.00140	0.00631	0.00329	0.00196	0.00635
25	0.01068	0.03583	0.01700	0.18104	0.62097	0.01048	0.01294	0.01331	0.00985	0.03387	0.00838	0.01108	0.00684	0.00406	0.00433	0.00133	0.00532	0.00390	0.00222	0.00657
26	0.87598	0.00854	0.00649	0.00581	0.00854	0.00991	0.00478	0.01298	0.00752	0.01982	0.00615	0.00717	0.00478	0.00410	0.00273	0.00137	0.00342	0.00239	0.00273	0.00478
27	0.00642	0.00428	0.00482	0.00482	0.00482	0.00428	0.00268	0.00642	0.00642	0.00856	0.01392	0.02890	0.01606	0.84478	0.02248	0.00428	0.00428	0.00642	0.00268	0.00268
28	0.00642	0.00428	0.00482	0.00482	0.00482	0.00428	0.00268	0.00642	0.00642	0.00856	0.01392	0.02890	0.01606	0.84478	0.02248	0.00428	0.00428	0.00642	0.00268	0.00268
29	0.00956	0.00893	0.01484	0.52663	0.29745	0.01020	0.01255	0.04370	0.00973	0.01302	0.00812	0.01144	0.00633	0.00429	0.00440	0.00141	0.00563	0.00393	0.00214	0.00572
30	0.04556	0.13921	0.40266	0.01071	0.02675	0.02362	0.02771	0.10504	0.04382	0.05666	0.05578	0.01107	0.00855	0.00465	0.00405	0.00131	0.00539	0.00362	0.00269	0.02115
31	0.00867	0.00861	0.04559	0.77143	0.02936	0.00997	0.01229	0.04009	0.00928	0.01199	0.00795	0.01163	0.00593	0.00444	0.00441	0.00146	0.00588	0.00390	0.00205	0.00507
32	0.02521	0.41003	0.18602	0.00873	0.01274	0.01307	0.02345	0.03678	0.09243	0.01331	0.03914	0.01142	0.04512	0.00464	0.00360	0.00115	0.00470	0.00346	0.00251	0.06247
33	0.08480	0.09974	0.05225	0.00960	0.08469	0.03226	0.01996	0.03634	0.02284	0.06019	0.02439	0.09918	0.01197	0.00625	0.00446	0.00130	0.02867	0.10518	0.01687	0.19905

[dist]
# distance from previous block
# <min> <max>
0	29

# created by:
# /st0/software/busco_prod/Augustus/scripts/msa2prfl.pl ./align_prep/131386.fa
