[name]
unknown

[dist]
# distance from previous block
# <min> <max>
14	158

[block]
# block no. 0 follows, 52 sequences, length 6
# corresponding to MSA columns:
# 232-237
name=unknown_A
#
# <colnr> <probs for GDERKNQSTAVLIFYWHMCP>
#	G	D	E	R	K	N	Q	S	T	A	V	L	I	F	Y	W	H	M	C	P
0	0.05768	0.01069	0.07851	0.34807	0.04175	0.01056	0.10732	0.07992	0.01092	0.01525	0.01144	0.01428	0.05760	0.00587	0.00588	0.04021	0.03790	0.00462	0.00266	0.05886
1	0.01002	0.00840	0.00857	0.00787	0.00906	0.10808	0.00568	0.01195	0.07187	0.05330	0.01337	0.02150	0.01310	0.34325	0.18227	0.00407	0.05971	0.00547	0.00307	0.05938
2	0.05752	0.00949	0.01235	0.23785	0.10017	0.06685	0.00975	0.05480	0.01013	0.01391	0.01244	0.06811	0.05105	0.04281	0.10920	0.00256	0.12758	0.00527	0.00276	0.00539
3	0.00994	0.06124	0.01179	0.01041	0.07451	0.06045	0.04256	0.04680	0.05315	0.01374	0.01164	0.01627	0.01054	0.09590	0.32701	0.00415	0.00834	0.00465	0.00284	0.13405
4	0.05858	0.21599	0.08641	0.06095	0.01368	0.17364	0.00857	0.06315	0.01166	0.03213	0.04953	0.13189	0.06124	0.00695	0.00449	0.00142	0.00543	0.00545	0.00313	0.00571
5	0.11016	0.19183	0.06609	0.08541	0.01520	0.01184	0.09338	0.01460	0.10207	0.01518	0.03138	0.01370	0.02621	0.05632	0.00579	0.00156	0.03084	0.00420	0.00287	0.12139

[dist]
# distance from previous block
# <min> <max>
3	12

[block]
# block no. 1 follows, 52 sequences, length 24
# corresponding to MSA columns:
# 250-273
name=unknown_B
#
# <colnr> <probs for GDERKNQSTAVLIFYWHMCP>
#	G	D	E	R	K	N	Q	S	T	A	V	L	I	F	Y	W	H	M	C	P
0	0.00940	0.00913	0.02850	0.00977	0.01295	0.03749	0.15408	0.02620	0.01070	0.01470	0.01886	0.10693	0.15513	0.03022	0.00568	0.00143	0.02104	0.02956	0.00331	0.31494
1	0.00678	0.00516	0.00739	0.07917	0.00974	0.00518	0.03902	0.00777	0.00875	0.01165	0.02079	0.47452	0.02411	0.24135	0.03351	0.00284	0.00418	0.01047	0.00371	0.00391
2	0.01005	0.00861	0.01005	0.00718	0.01148	0.00646	0.00574	0.01220	0.01005	0.01579	0.00861	0.01005	0.00718	0.00359	0.00359	0.00072	0.00359	0.00287	0.00287	0.85932
3	0.86392	0.00937	0.00712	0.00637	0.00937	0.01087	0.00525	0.01425	0.00825	0.02174	0.00675	0.00787	0.00525	0.00450	0.00300	0.00150	0.00375	0.00262	0.00300	0.00525
4	0.00628	0.00493	0.00567	0.00549	0.00688	0.00432	0.00411	0.00802	0.01234	0.01617	0.41239	0.04157	0.43228	0.01112	0.00572	0.00158	0.00237	0.00952	0.00491	0.00432
5	0.00599	0.00428	0.00572	0.00684	0.00716	0.00401	0.00464	0.00689	0.00936	0.01246	0.02666	0.79265	0.03187	0.01510	0.00621	0.00198	0.00288	0.04683	0.00450	0.00396
6	0.56430	0.00955	0.00894	0.00744	0.01072	0.01039	0.00614	0.09934	0.01120	0.21617	0.01034	0.01041	0.00724	0.00501	0.00366	0.00149	0.00401	0.00337	0.00394	0.00631
7	0.68130	0.05048	0.00892	0.11121	0.01253	0.01104	0.00641	0.01377	0.00861	0.01972	0.00844	0.00985	0.03270	0.00479	0.00334	0.00150	0.00413	0.00310	0.00289	0.00527
8	0.00835	0.00423	0.00626	0.00626	0.00626	0.00423	0.00415	0.00635	0.00635	0.00846	0.00874	0.01554	0.00885	0.05547	0.01921	0.81840	0.00423	0.00434	0.00214	0.00214
9	0.00940	0.00887	0.01499	0.74789	0.10155	0.01083	0.01358	0.01260	0.00981	0.01269	0.00866	0.01284	0.00657	0.00480	0.00484	0.00160	0.00640	0.00431	0.00218	0.00559
10	0.01136	0.10511	0.46175	0.01174	0.03189	0.01098	0.01330	0.02815	0.03554	0.07935	0.00973	0.01075	0.00715	0.00456	0.00430	0.00133	0.00590	0.00354	0.00266	0.16091
11	0.01256	0.73625	0.02350	0.00836	0.01217	0.04021	0.00812	0.01413	0.00977	0.01140	0.00731	0.00880	0.00674	0.00704	0.07499	0.00164	0.00598	0.00284	0.00213	0.00603
12	0.00590	0.00422	0.00562	0.00675	0.00703	0.00394	0.00450	0.00675	0.00928	0.01237	0.02671	0.82653	0.03205	0.01518	0.00619	0.00197	0.00281	0.01378	0.00450	0.00394
13	0.01144	0.01307	0.02859	0.02042	0.02533	0.01225	0.78186	0.01552	0.01144	0.01552	0.00980	0.01307	0.00735	0.00408	0.00572	0.00163	0.00817	0.00572	0.00245	0.00654
14	0.86392	0.00937	0.00712	0.00637	0.00937	0.01087	0.00525	0.01425	0.00825	0.02174	0.00675	0.00787	0.00525	0.00450	0.00300	0.00150	0.00375	0.00262	0.00300	0.00525
15	0.01115	0.01059	0.01770	0.26386	0.53145	0.01132	0.01409	0.01468	0.04980	0.01503	0.00950	0.01258	0.00767	0.00459	0.00482	0.00150	0.00587	0.00437	0.00245	0.00699
16	0.00948	0.01481	0.29725	0.10551	0.05776	0.00999	0.19936	0.01330	0.01020	0.01429	0.01226	0.05337	0.03039	0.03471	0.07747	0.00228	0.00725	0.04170	0.00254	0.00609
17	0.00915	0.00861	0.01453	0.81804	0.03338	0.01077	0.01346	0.01238	0.00969	0.01238	0.00861	0.01292	0.00646	0.00484	0.00484	0.00161	0.00646	0.00431	0.00215	0.00538
18	0.01061	0.02864	0.10898	0.23163	0.01888	0.00916	0.02499	0.06620	0.02504	0.04502	0.07955	0.01369	0.01065	0.00494	0.00444	0.00126	0.00497	0.00415	0.00305	0.30417
19	0.08444	0.57083	0.02174	0.00919	0.01300	0.05640	0.08092	0.01416	0.01016	0.01284	0.01084	0.01179	0.07666	0.00494	0.00364	0.00120	0.00528	0.00360	0.00242	0.00595
20	0.01700	0.01251	0.01353	0.01063	0.01408	0.01386	0.00865	0.64788	0.09414	0.02775	0.01214	0.01250	0.00888	0.00679	0.00601	0.07177	0.00510	0.00446	0.00463	0.00768
21	0.01163	0.01017	0.01436	0.12774	0.28541	0.07677	0.04711	0.02855	0.01123	0.08460	0.01481	0.14968	0.04715	0.00688	0.00506	0.00153	0.00530	0.01821	0.00324	0.05056
22	0.01200	0.04080	0.12854	0.05593	0.04667	0.13137	0.19869	0.04933	0.12901	0.01552	0.01256	0.06163	0.03143	0.00596	0.00572	0.00158	0.05864	0.00522	0.00301	0.00640
23	0.00818	0.00882	0.08118	0.02748	0.09088	0.04692	0.09074	0.01003	0.00990	0.01316	0.01967	0.49071	0.02217	0.04853	0.00658	0.00192	0.00453	0.01002	0.00363	0.00495

[dist]
# distance from previous block
# <min> <max>
5	9

[block]
# block no. 2 follows, 52 sequences, length 21
# corresponding to MSA columns:
# 284-304
name=unknown_C
#
# <colnr> <probs for GDERKNQSTAVLIFYWHMCP>
#	G	D	E	R	K	N	Q	S	T	A	V	L	I	F	Y	W	H	M	C	P
0	0.00720	0.00536	0.00675	0.00633	0.00761	0.00511	0.00477	0.01030	0.07168	0.01926	0.71045	0.03524	0.07194	0.00975	0.00566	0.00154	0.00241	0.00857	0.00527	0.00479
1	0.01242	0.02771	0.05355	0.12195	0.06664	0.10163	0.04661	0.07538	0.36416	0.01785	0.02626	0.01597	0.02459	0.00595	0.00488	0.00156	0.00534	0.01685	0.00379	0.00691
2	0.01274	0.01075	0.01134	0.01000	0.01286	0.01237	0.00784	0.10693	0.70842	0.02137	0.01886	0.01739	0.01409	0.00649	0.00492	0.00162	0.00400	0.00536	0.00492	0.00773
3	0.01591	0.02923	0.01369	0.02712	0.05440	0.37305	0.00918	0.13634	0.10975	0.05119	0.01025	0.01113	0.00801	0.00543	0.00524	0.00137	0.05963	0.00381	0.00330	0.07198
4	0.00747	0.00594	0.00859	0.00828	0.00894	0.00722	0.00644	0.00895	0.00767	0.01114	0.01222	0.01897	0.01178	0.10525	0.62187	0.00667	0.13048	0.00522	0.00256	0.00434
5	0.80074	0.00969	0.00768	0.00673	0.00979	0.01118	0.00554	0.07172	0.00933	0.02240	0.00711	0.00815	0.00547	0.00460	0.00314	0.00150	0.00387	0.00275	0.00314	0.00547
6	0.01164	0.04088	0.15463	0.04894	0.09533	0.04919	0.43936	0.03675	0.02506	0.01561	0.00950	0.01210	0.00721	0.00435	0.00518	0.00153	0.00738	0.00485	0.00248	0.02804
7	0.00673	0.00495	0.00630	0.00597	0.00716	0.00452	0.00447	0.00890	0.01342	0.01873	0.71438	0.03735	0.12869	0.01017	0.00572	0.00154	0.00230	0.00893	0.00524	0.00452
8	0.01144	0.01307	0.02859	0.02042	0.02533	0.01225	0.78186	0.01552	0.01144	0.01552	0.00980	0.01307	0.00735	0.00408	0.00572	0.00163	0.00817	0.00572	0.00245	0.00654
9	0.86392	0.00937	0.00712	0.00637	0.00937	0.01087	0.00525	0.01425	0.00825	0.02174	0.00675	0.00787	0.00525	0.00450	0.00300	0.00150	0.00375	0.00262	0.00300	0.00525
10	0.00705	0.00470	0.00529	0.00529	0.00529	0.00470	0.00294	0.00705	0.00705	0.00940	0.01527	0.03171	0.01762	0.82969	0.02467	0.00470	0.00470	0.00705	0.00294	0.00294
11	0.01138	0.01103	0.01937	0.11523	0.60108	0.01118	0.09013	0.01434	0.01088	0.01530	0.00993	0.03550	0.00857	0.00483	0.00497	0.00151	0.00597	0.01920	0.00247	0.00714
12	0.00686	0.00495	0.00648	0.00610	0.00724	0.00457	0.00457	0.00914	0.01372	0.01943	0.79691	0.03620	0.04572	0.00991	0.00572	0.00152	0.00229	0.00876	0.00533	0.00457
13	0.00890	0.00868	0.03007	0.00951	0.01077	0.09802	0.04554	0.01062	0.00862	0.01157	0.01148	0.01713	0.01073	0.07258	0.52496	0.00577	0.10289	0.00494	0.00253	0.00468
14	0.00610	0.00438	0.00583	0.00691	0.00733	0.00411	0.00482	0.00710	0.00953	0.01262	0.02737	0.71915	0.05780	0.01489	0.00622	0.00198	0.00297	0.09240	0.00449	0.00400
15	0.00694	0.00514	0.00751	0.00751	0.00828	0.00591	0.00571	0.00848	0.00771	0.01105	0.01323	0.02043	0.01272	0.12363	0.72403	0.00745	0.01207	0.00540	0.00263	0.00417
16	0.01278	0.78817	0.06827	0.00860	0.01291	0.01874	0.00882	0.01456	0.00987	0.01162	0.00684	0.00791	0.00621	0.00417	0.00319	0.00106	0.00529	0.00265	0.00207	0.00627
17	0.01594	0.15730	0.05923	0.01174	0.01461	0.51379	0.00970	0.04115	0.03927	0.01282	0.00788	0.00923	0.00660	0.00521	0.00519	0.00132	0.07730	0.00327	0.00252	0.00593
18	0.01005	0.00861	0.01005	0.00718	0.01148	0.00646	0.00574	0.01220	0.01005	0.01579	0.00861	0.01005	0.00718	0.00359	0.00359	0.00072	0.00359	0.00287	0.00287	0.85932
19	0.01236	0.47289	0.16471	0.02260	0.01477	0.08141	0.04129	0.03874	0.01053	0.01292	0.00819	0.02459	0.00722	0.02352	0.02873	0.00151	0.02208	0.00344	0.00229	0.00622
20	0.01329	0.00858	0.01039	0.00763	0.01169	0.00685	0.00614	0.03826	0.01136	0.22145	0.01159	0.01226	0.00870	0.02248	0.00443	0.00103	0.00381	0.00353	0.00375	0.59279

[dist]
# distance from previous block
# <min> <max>
0	2

[block]
# block no. 3 follows, 52 sequences, length 6
# corresponding to MSA columns:
# 307-312
name=unknown_D
#
# <colnr> <probs for GDERKNQSTAVLIFYWHMCP>
#	G	D	E	R	K	N	Q	S	T	A	V	L	I	F	Y	W	H	M	C	P
0	0.27732	0.00803	0.01045	0.22865	0.04094	0.00921	0.04491	0.01163	0.00877	0.01507	0.01111	0.10042	0.01075	0.12545	0.04771	0.00238	0.03418	0.00528	0.00282	0.00491
1	0.00830	0.00692	0.00991	0.00919	0.00964	0.00881	0.00726	0.00939	0.00750	0.01104	0.01050	0.01662	0.01020	0.07546	0.42582	0.07497	0.28676	0.00491	0.00242	0.00439
2	0.00913	0.00852	0.01430	0.71266	0.08282	0.01037	0.01297	0.01218	0.00975	0.01261	0.00982	0.06575	0.00820	0.00548	0.00493	0.00163	0.00618	0.00492	0.00232	0.00544
3	0.01005	0.00861	0.01005	0.00718	0.01148	0.00646	0.00574	0.01220	0.01005	0.01579	0.00861	0.01005	0.00718	0.00359	0.00359	0.00072	0.00359	0.00287	0.00287	0.85932
4	0.18031	0.00579	0.00730	0.07255	0.00944	0.00636	0.00537	0.00889	0.00760	0.01242	0.05122	0.01566	0.01050	0.05141	0.11633	0.42308	0.00535	0.00439	0.00256	0.00346
5	0.01443	0.12787	0.01555	0.01115	0.01381	0.14075	0.05760	0.20034	0.04410	0.07270	0.01178	0.08170	0.01036	0.00686	0.00666	0.00157	0.14632	0.02652	0.00350	0.00643

[dist]
# distance from previous block
# <min> <max>
0	1

[block]
# block no. 4 follows, 52 sequences, length 38
# corresponding to MSA columns:
# 314-351
name=unknown_E
#
# <colnr> <probs for GDERKNQSTAVLIFYWHMCP>
#	G	D	E	R	K	N	Q	S	T	A	V	L	I	F	Y	W	H	M	C	P
0	0.03321	0.04093	0.15236	0.01042	0.01381	0.03339	0.05058	0.17511	0.14823	0.01888	0.04882	0.16298	0.02836	0.00769	0.00506	0.00160	0.00489	0.03087	0.00391	0.02889
1	0.03568	0.00953	0.01075	0.00853	0.01164	0.04865	0.03845	0.05383	0.13047	0.04114	0.01170	0.01492	0.01004	0.13166	0.00766	0.00167	0.03132	0.00422	0.00334	0.39478
2	0.00675	0.00510	0.00626	0.00594	0.00724	0.00468	0.00446	0.00913	0.03493	0.01805	0.60932	0.03800	0.21151	0.01034	0.00570	0.00155	0.00237	0.00900	0.00514	0.00455
3	0.01055	0.22411	0.58602	0.01241	0.01859	0.01333	0.01529	0.01502	0.01004	0.01425	0.00814	0.00964	0.00617	0.00462	0.00461	0.00143	0.03352	0.00336	0.00206	0.00687
4	0.00943	0.00898	0.01530	0.72329	0.07631	0.01098	0.03881	0.01261	0.00976	0.01266	0.00862	0.01280	0.00656	0.00490	0.00519	0.00162	0.03012	0.00435	0.00218	0.00555
5	0.00771	0.00877	0.13103	0.00807	0.02796	0.00626	0.02520	0.04244	0.01273	0.01740	0.40573	0.03282	0.23657	0.00928	0.00549	0.00155	0.00343	0.00799	0.00445	0.00512
6	0.01031	0.00934	0.01433	0.04707	0.07380	0.00987	0.17197	0.01691	0.28475	0.01636	0.01732	0.04893	0.01553	0.03678	0.04586	0.00216	0.00558	0.16308	0.00381	0.00623
7	0.57610	0.00985	0.00983	0.01026	0.12217	0.02634	0.00707	0.03040	0.00992	0.14536	0.00916	0.00992	0.00674	0.00475	0.00361	0.00149	0.00422	0.00327	0.00342	0.00613
8	0.01179	0.04757	0.21274	0.01242	0.06718	0.17727	0.02399	0.04019	0.10864	0.01535	0.06190	0.03062	0.05752	0.00697	0.01639	0.00163	0.05610	0.04235	0.00314	0.00625
9	0.00966	0.00635	0.00750	0.00681	0.00852	0.00641	0.00523	0.03207	0.15943	0.07901	0.42313	0.02723	0.03007	0.00807	0.00504	0.00147	0.00278	0.00693	0.16881	0.00551
10	0.01663	0.01590	0.05220	0.01110	0.01449	0.24596	0.00914	0.36449	0.10901	0.05157	0.01343	0.01345	0.04883	0.00594	0.00475	0.00143	0.00605	0.00441	0.00406	0.00714
11	0.00776	0.00558	0.00705	0.00651	0.00787	0.00535	0.00493	0.03017	0.06227	0.03469	0.71376	0.03407	0.04220	0.00952	0.00563	0.00153	0.00250	0.00837	0.00531	0.00493
12	0.00704	0.00472	0.00541	0.00541	0.00545	0.00477	0.00309	0.00713	0.00708	0.00949	0.01516	0.03109	0.01735	0.79059	0.06339	0.00485	0.00511	0.00696	0.00292	0.00300
13	0.00590	0.00422	0.00562	0.00675	0.00703	0.00394	0.00450	0.00675	0.00928	0.01237	0.02671	0.82653	0.03205	0.01518	0.00619	0.00197	0.00281	0.01378	0.00450	0.00394
14	0.86392	0.00937	0.00712	0.00637	0.00937	0.01087	0.00525	0.01425	0.00825	0.02174	0.00675	0.00787	0.00525	0.00450	0.00300	0.00150	0.00375	0.00262	0.00300	0.00525
15	0.00573	0.00491	0.00491	0.00491	0.00655	0.00409	0.00368	0.00695	0.01105	0.01309	0.04909	0.04664	0.79750	0.01227	0.00573	0.00164	0.00245	0.01023	0.00450	0.00409
16	0.01005	0.00861	0.01005	0.00718	0.01148	0.00646	0.00574	0.01220	0.01005	0.01579	0.00861	0.01005	0.00718	0.00359	0.00359	0.00072	0.00359	0.00287	0.00287	0.85932
17	0.00692	0.00519	0.00779	0.00779	0.00865	0.00606	0.00606	0.00865	0.00779	0.01125	0.01298	0.01904	0.01211	0.03634	0.81049	0.00779	0.01298	0.00519	0.00260	0.00433
18	0.02165	0.00840	0.01134	0.00869	0.01245	0.00735	0.00718	0.04550	0.01413	0.78057	0.01890	0.01635	0.01189	0.00599	0.00487	0.00150	0.00416	0.00486	0.00596	0.00825
19	0.00832	0.00822	0.08534	0.06723	0.04034	0.00692	0.07172	0.01101	0.03644	0.03196	0.02157	0.28988	0.04209	0.01103	0.00593	0.00191	0.00459	0.24653	0.00390	0.00508
20	0.01005	0.00861	0.01005	0.00718	0.01148	0.00646	0.00574	0.01220	0.01005	0.01579	0.00861	0.01005	0.00718	0.00359	0.00359	0.00072	0.00359	0.00287	0.00287	0.85932
21	0.01005	0.00861	0.01005	0.00718	0.01148	0.00646	0.00574	0.01220	0.01005	0.01579	0.00861	0.01005	0.00718	0.00359	0.00359	0.00072	0.00359	0.00287	0.00287	0.85932
22	0.00838	0.00692	0.00760	0.00712	0.00898	0.00714	0.00543	0.01447	0.29732	0.01755	0.25564	0.05552	0.26977	0.00958	0.00545	0.00162	0.00292	0.00816	0.00490	0.00554
23	0.06390	0.01021	0.01274	0.13448	0.24753	0.10840	0.00965	0.02598	0.01053	0.03628	0.05025	0.08290	0.01272	0.12383	0.03505	0.00218	0.01924	0.00549	0.00295	0.00567
24	0.01002	0.10052	0.73178	0.01330	0.02018	0.01199	0.01701	0.01527	0.01020	0.01498	0.00851	0.01000	0.00615	0.00456	0.00446	0.00149	0.00698	0.00349	0.00205	0.00707
25	0.78363	0.00941	0.00790	0.00755	0.04549	0.01072	0.00578	0.01474	0.00865	0.05997	0.00747	0.00848	0.00569	0.00456	0.00317	0.00150	0.00386	0.00281	0.00312	0.00551
26	0.00915	0.00861	0.01453	0.81804	0.03338	0.01077	0.01346	0.01238	0.00969	0.01238	0.00861	0.01292	0.00646	0.00484	0.00484	0.00161	0.00646	0.00431	0.00215	0.00538
27	0.00705	0.00470	0.00529	0.00529	0.00529	0.00470	0.00294	0.00705	0.00705	0.00940	0.01527	0.03171	0.01762	0.82969	0.02467	0.00470	0.00470	0.00705	0.00294	0.00294
28	0.01165	0.01116	0.01905	0.12539	0.70651	0.01142	0.01470	0.01457	0.01087	0.01541	0.00905	0.01211	0.00753	0.00438	0.00480	0.00146	0.00584	0.00432	0.00237	0.00740
29	0.01005	0.00861	0.01005	0.00718	0.01148	0.00646	0.00574	0.01220	0.01005	0.01579	0.00861	0.01005	0.00718	0.00359	0.00359	0.00072	0.00359	0.00287	0.00287	0.85932
30	0.01005	0.00861	0.01005	0.00718	0.01148	0.00646	0.00574	0.01220	0.01005	0.01579	0.00861	0.01005	0.00718	0.00359	0.00359	0.00072	0.00359	0.00287	0.00287	0.85932
31	0.00923	0.00866	0.01459	0.75146	0.07621	0.01063	0.01330	0.01237	0.00976	0.01258	0.00913	0.03471	0.00722	0.00509	0.00488	0.00161	0.00632	0.00456	0.00223	0.00547
32	0.00983	0.00811	0.01169	0.07432	0.01378	0.00736	0.10516	0.03130	0.05100	0.04198	0.03726	0.13420	0.05069	0.00738	0.00584	0.06763	0.00432	0.00582	0.00335	0.32897
33	0.01076	0.01077	0.01443	0.01227	0.01268	0.03508	0.01018	0.01191	0.00780	0.01200	0.00657	0.01051	0.00642	0.00800	0.01461	0.00199	0.73402	0.00410	0.00219	0.07371
34	0.04970	0.01016	0.01499	0.33334	0.27039	0.03332	0.01188	0.04008	0.01068	0.01513	0.00876	0.01171	0.00698	0.00447	0.00451	0.00138	0.00562	0.00394	0.00250	0.16045
35	0.77090	0.00935	0.00770	0.04348	0.01060	0.01083	0.00574	0.04060	0.00897	0.02155	0.02994	0.00905	0.00658	0.00472	0.00323	0.00150	0.00388	0.00294	0.00309	0.00534
36	0.00879	0.00434	0.00644	0.00636	0.00647	0.00431	0.00427	0.00685	0.00656	0.03253	0.00889	0.01516	0.00873	0.03460	0.01864	0.81399	0.00422	0.00429	0.00224	0.00231
37	0.01145	0.01369	0.06297	0.01960	0.02432	0.02780	0.69509	0.01540	0.01123	0.01526	0.00954	0.01274	0.00723	0.00434	0.00613	0.00165	0.04714	0.00550	0.00242	0.00649

[dist]
# distance from previous block
# <min> <max>
0	1

[block]
# block no. 5 follows, 52 sequences, length 41
# corresponding to MSA columns:
# 353-393
name=unknown_F
#
# <colnr> <probs for GDERKNQSTAVLIFYWHMCP>
#	G	D	E	R	K	N	Q	S	T	A	V	L	I	F	Y	W	H	M	C	P
0	0.00714	0.00521	0.00630	0.00700	0.00770	0.02645	0.00489	0.00859	0.03507	0.04346	0.06847	0.63739	0.07481	0.01377	0.00601	0.00188	0.00306	0.03394	0.00456	0.00433
1	0.00635	0.00487	0.00625	0.00691	0.00755	0.00477	0.00501	0.00746	0.00984	0.01290	0.05463	0.52676	0.18173	0.01388	0.00669	0.00192	0.04996	0.08401	0.00439	0.00412
2	0.01136	0.01338	0.05272	0.02000	0.02483	0.01230	0.73567	0.01541	0.01128	0.01541	0.00967	0.01291	0.00729	0.00423	0.00597	0.00164	0.03138	0.00561	0.00243	0.00652
3	0.02174	0.00825	0.01125	0.00862	0.01237	0.00712	0.00712	0.02362	0.01387	0.80282	0.01912	0.01649	0.01200	0.00600	0.00487	0.00150	0.00412	0.00487	0.00600	0.00825
4	0.00695	0.00508	0.00654	0.00615	0.00735	0.00474	0.00462	0.00948	0.03248	0.01925	0.75430	0.03609	0.06885	0.00990	0.00570	0.00153	0.00233	0.00873	0.00530	0.00463
5	0.01296	0.83261	0.02539	0.00829	0.01244	0.01917	0.00829	0.01451	0.00985	0.01140	0.00674	0.00777	0.00622	0.00415	0.00311	0.00104	0.00518	0.00259	0.00207	0.00622
6	0.00756	0.00455	0.00589	0.00589	0.00596	0.00463	0.00369	0.00690	0.00683	0.00918	0.01246	0.02416	0.01364	0.45234	0.08866	0.33134	0.00521	0.00581	0.00259	0.00274
7	0.86392	0.00937	0.00712	0.00637	0.00937	0.01087	0.00525	0.01425	0.00825	0.02174	0.00675	0.00787	0.00525	0.00450	0.00300	0.00150	0.00375	0.00262	0.00300	0.00525
8	0.01053	0.00890	0.01031	0.00741	0.01169	0.00695	0.00594	0.05658	0.01078	0.01664	0.00879	0.01014	0.00724	0.00372	0.00366	0.00076	0.00369	0.00296	0.00298	0.81033
9	0.02174	0.00825	0.01125	0.00862	0.01237	0.00712	0.00712	0.02362	0.01387	0.80282	0.01912	0.01649	0.01200	0.00600	0.00487	0.00150	0.00412	0.00487	0.00600	0.00825
10	0.00903	0.00452	0.00452	0.00452	0.00565	0.00452	0.00339	0.01129	0.01016	0.01807	0.01581	0.01807	0.01242	0.00565	0.00339	0.00113	0.00226	0.00452	0.85659	0.00452
11	0.01005	0.00861	0.01005	0.00718	0.01148	0.00646	0.00574	0.01220	0.01005	0.01579	0.00861	0.01005	0.00718	0.00359	0.00359	0.00072	0.00359	0.00287	0.00287	0.85932
12	0.01144	0.01307	0.02859	0.02042	0.02533	0.01225	0.78186	0.01552	0.01144	0.01552	0.00980	0.01307	0.00735	0.00408	0.00572	0.00163	0.00817	0.00572	0.00245	0.00654
13	0.01007	0.00869	0.01023	0.00739	0.01153	0.00678	0.00593	0.01218	0.00995	0.01563	0.00853	0.01007	0.00715	0.00378	0.00406	0.00077	0.03498	0.00292	0.00284	0.82651
14	0.01286	0.00904	0.01021	0.03450	0.01170	0.03189	0.00693	0.25024	0.07924	0.11478	0.23256	0.07019	0.08305	0.00860	0.02044	0.00166	0.00413	0.00672	0.00488	0.00637
15	0.01106	0.01108	0.07570	0.31274	0.15254	0.03742	0.09354	0.05604	0.01148	0.05984	0.02907	0.01717	0.07901	0.00578	0.00504	0.00157	0.00597	0.02585	0.00293	0.00619
16	0.00701	0.00524	0.00763	0.00758	0.00833	0.00607	0.00577	0.00852	0.00769	0.01103	0.01313	0.02040	0.01267	0.13159	0.69989	0.00730	0.02796	0.00540	0.00263	0.00418
17	0.01133	0.00969	0.01032	0.00933	0.01187	0.01105	0.00723	0.02349	0.68779	0.01997	0.09960	0.02080	0.04199	0.00709	0.00504	0.00163	0.00364	0.00596	0.00496	0.00725
18	0.83636	0.00951	0.00736	0.00653	0.00956	0.01101	0.00538	0.03931	0.00872	0.02203	0.00691	0.00799	0.00535	0.00454	0.00306	0.00150	0.00380	0.00268	0.00306	0.00535
19	0.04438	0.00876	0.02863	0.00940	0.03725	0.00775	0.02751	0.03690	0.06169	0.56384	0.04642	0.01885	0.07323	0.00647	0.00493	0.00152	0.00415	0.00535	0.00538	0.00759
20	0.01168	0.00998	0.01122	0.01032	0.03291	0.01129	0.02867	0.05804	0.62509	0.01949	0.01915	0.07842	0.01550	0.03867	0.00580	0.00177	0.00403	0.00608	0.00468	0.00721
21	0.01197	0.01169	0.01848	0.04587	0.69766	0.05381	0.01394	0.01463	0.01098	0.01526	0.00958	0.02950	0.00840	0.03110	0.00544	0.00155	0.00584	0.00454	0.00246	0.00728
22	0.86392	0.00937	0.00712	0.00637	0.00937	0.01087	0.00525	0.01425	0.00825	0.02174	0.00675	0.00787	0.00525	0.00450	0.00300	0.00150	0.00375	0.00262	0.00300	0.00525
23	0.00619	0.00493	0.00555	0.00539	0.00683	0.00429	0.00404	0.00784	0.01213	0.01566	0.35223	0.04241	0.49275	0.01131	0.00572	0.00159	0.00239	0.00963	0.00484	0.00429
24	0.00960	0.00956	0.03839	0.56305	0.04003	0.05104	0.01197	0.01290	0.03517	0.01316	0.01110	0.04159	0.00960	0.00595	0.00496	0.00161	0.00604	0.07712	0.00259	0.05458
25	0.01308	0.67548	0.02287	0.00943	0.05742	0.01700	0.00837	0.01473	0.01017	0.06643	0.00928	0.01022	0.03202	0.00558	0.02934	0.00133	0.00531	0.00317	0.00246	0.00631
26	0.00730	0.00526	0.00710	0.00746	0.00860	0.00506	0.00614	0.00954	0.01240	0.01688	0.40207	0.04549	0.05308	0.01167	0.00620	0.00187	0.00336	0.38113	0.00489	0.00451
27	0.01275	0.67951	0.02339	0.00911	0.01256	0.04349	0.00868	0.01422	0.00959	0.01146	0.00670	0.00824	0.00624	0.00485	0.00513	0.00121	0.13183	0.00286	0.00209	0.00606
28	0.00972	0.02507	0.80458	0.01381	0.02097	0.01125	0.01790	0.01535	0.01023	0.01535	0.00870	0.01023	0.00614	0.00460	0.00460	0.00153	0.00716	0.00358	0.00205	0.00716
29	0.01296	0.83261	0.02539	0.00829	0.01244	0.01917	0.00829	0.01451	0.00985	0.01140	0.00674	0.00777	0.00622	0.00415	0.00311	0.00104	0.00518	0.00259	0.00207	0.00622
30	0.00903	0.00452	0.00452	0.00452	0.00565	0.00452	0.00339	0.01129	0.01016	0.01807	0.01581	0.01807	0.01242	0.00565	0.00339	0.00113	0.00226	0.00452	0.85659	0.00452
31	0.00590	0.00422	0.00562	0.00675	0.00703	0.00394	0.00450	0.00675	0.00928	0.01237	0.02671	0.82653	0.03205	0.01518	0.00619	0.00197	0.00281	0.01378	0.00450	0.00394
32	0.00693	0.00516	0.00764	0.00764	0.00846	0.00598	0.00588	0.00856	0.00775	0.01114	0.01311	0.01977	0.01243	0.08201	0.76526	0.00761	0.01250	0.00530	0.00262	0.00425
33	0.00590	0.00422	0.00562	0.00675	0.00703	0.00394	0.00450	0.00675	0.00928	0.01237	0.02671	0.82653	0.03205	0.01518	0.00619	0.00197	0.00281	0.01378	0.00450	0.00394
34	0.01810	0.02310	0.01373	0.01248	0.01498	0.81024	0.00936	0.01935	0.01373	0.01186	0.00749	0.00874	0.00624	0.00499	0.00437	0.00125	0.00874	0.00312	0.00250	0.00562
35	0.00605	0.00492	0.00536	0.00525	0.00674	0.00423	0.00394	0.00758	0.01181	0.01491	0.26320	0.04365	0.58225	0.01160	0.00572	0.00160	0.00241	0.00981	0.00474	0.00423
36	0.00701	0.00483	0.00594	0.00594	0.00616	0.00505	0.00375	0.00746	0.00724	0.00988	0.01467	0.02842	0.01619	0.62375	0.22865	0.00550	0.00685	0.00657	0.00285	0.00330
37	0.01521	0.01185	0.01289	0.01095	0.03181	0.01326	0.00867	0.42968	0.31732	0.02533	0.01550	0.01660	0.01188	0.00651	0.00498	0.00157	0.00472	0.04868	0.00480	0.00779
38	0.01005	0.00861	0.01005	0.00718	0.01148	0.00646	0.00574	0.01220	0.01005	0.01579	0.00861	0.01005	0.00718	0.00359	0.00359	0.00072	0.00359	0.00287	0.00287	0.85932
39	0.01468	0.06438	0.01417	0.03436	0.06837	0.29195	0.03406	0.17822	0.07689	0.01681	0.01140	0.01308	0.03254	0.02588	0.06121	0.02181	0.00691	0.00421	0.00322	0.02585
40	0.01013	0.00874	0.00904	0.00826	0.01055	0.02493	0.00636	0.03210	0.48265	0.01815	0.08957	0.02694	0.22137	0.02245	0.00553	0.00167	0.00349	0.00694	0.00477	0.00637

[dist]
# distance from previous block
# <min> <max>
2	4

[block]
# block no. 6 follows, 52 sequences, length 43
# corresponding to MSA columns:
# 398-426,430-440,452-454
name=unknown_G
#
# <colnr> <probs for GDERKNQSTAVLIFYWHMCP>
#	G	D	E	R	K	N	Q	S	T	A	V	L	I	F	Y	W	H	M	C	P
0	0.00756	0.00586	0.00723	0.02682	0.00885	0.00582	0.00529	0.01126	0.14079	0.01679	0.34619	0.28086	0.06246	0.01073	0.00563	0.00166	0.00287	0.00951	0.00480	0.03903
1	0.09012	0.00860	0.01099	0.00848	0.01220	0.00775	0.00699	0.05681	0.01361	0.66149	0.01720	0.01522	0.01101	0.00574	0.00465	0.00146	0.00412	0.00456	0.00553	0.05347
2	0.01144	0.01243	0.04191	0.08880	0.15391	0.02449	0.45236	0.04422	0.01138	0.01552	0.01004	0.02971	0.00815	0.00494	0.00602	0.00163	0.05411	0.01985	0.00256	0.00653
3	0.02672	0.01022	0.01525	0.17485	0.39022	0.04091	0.01163	0.01357	0.01056	0.02735	0.01038	0.07629	0.00925	0.00521	0.00465	0.00138	0.00533	0.00474	0.00267	0.15883
4	0.00690	0.00514	0.00761	0.00764	0.00845	0.00594	0.00587	0.00853	0.00779	0.01118	0.01342	0.03885	0.01286	0.07492	0.75266	0.00750	0.01233	0.00549	0.00266	0.00425
5	0.01131	0.00857	0.01018	0.00733	0.01158	0.00653	0.00589	0.01343	0.01046	0.10068	0.00975	0.01074	0.00770	0.00385	0.00373	0.00080	0.00365	0.00309	0.00321	0.76752
6	0.00680	0.00495	0.00640	0.00603	0.00720	0.00455	0.00453	0.00903	0.01358	0.01910	0.75801	0.03674	0.08482	0.01003	0.00572	0.00153	0.00229	0.00884	0.00529	0.00455
7	0.00781	0.00558	0.00781	0.00892	0.01004	0.00558	0.00781	0.01004	0.01116	0.01450	0.02566	0.05466	0.02789	0.01339	0.00669	0.00223	0.00446	0.76685	0.00446	0.00446
8	0.00678	0.00482	0.00577	0.00569	0.00636	0.00456	0.00382	0.00789	0.01025	0.01391	0.31899	0.07193	0.12042	0.36619	0.01398	0.00295	0.00342	0.02434	0.00414	0.00377
9	0.00702	0.00533	0.00797	0.00792	0.00876	0.00629	0.00618	0.00873	0.00778	0.01126	0.01281	0.01882	0.01196	0.03561	0.78960	0.00764	0.03422	0.00517	0.00258	0.00435
10	0.00573	0.00491	0.00491	0.00491	0.00655	0.00409	0.00368	0.00695	0.01105	0.01309	0.04909	0.04664	0.79750	0.01227	0.00573	0.00164	0.00245	0.01023	0.00450	0.00409
11	0.01060	0.01060	0.01484	0.01272	0.01272	0.01484	0.01060	0.01166	0.00742	0.01166	0.00636	0.01060	0.00636	0.00848	0.01590	0.00212	0.82082	0.00424	0.00212	0.00530
12	0.86392	0.00937	0.00712	0.00637	0.00937	0.01087	0.00525	0.01425	0.00825	0.02174	0.00675	0.00787	0.00525	0.00450	0.00300	0.00150	0.00375	0.00262	0.00300	0.00525
13	0.86392	0.00937	0.00712	0.00637	0.00937	0.01087	0.00525	0.01425	0.00825	0.02174	0.00675	0.00787	0.00525	0.00450	0.00300	0.00150	0.00375	0.00262	0.00300	0.00525
14	0.01119	0.33863	0.40690	0.01246	0.01817	0.01446	0.10643	0.01504	0.01023	0.01383	0.00807	0.00962	0.00632	0.00436	0.00416	0.00135	0.00651	0.00345	0.00211	0.00672
15	0.00704	0.00472	0.00541	0.00541	0.00545	0.00476	0.00309	0.00712	0.00708	0.00949	0.01516	0.03110	0.01735	0.79142	0.06258	0.00485	0.00510	0.00696	0.00292	0.00300
16	0.01003	0.00788	0.00947	0.00828	0.01052	0.02385	0.05227	0.08021	0.17273	0.06509	0.17356	0.04372	0.24854	0.00973	0.02356	0.00176	0.00386	0.04454	0.00466	0.00572
17	0.01123	0.01048	0.01493	0.19457	0.03378	0.01360	0.02836	0.10540	0.02572	0.01444	0.00803	0.01164	0.00694	0.00764	0.02635	0.00200	0.47222	0.00435	0.00254	0.00578
18	0.86392	0.00937	0.00712	0.00637	0.00937	0.01087	0.00525	0.01425	0.00825	0.02174	0.00675	0.00787	0.00525	0.00450	0.00300	0.00150	0.00375	0.00262	0.00300	0.00525
19	0.02125	0.00863	0.01143	0.00881	0.01253	0.00774	0.00726	0.06826	0.03810	0.73362	0.01870	0.01626	0.01186	0.00600	0.00487	0.00150	0.00419	0.00486	0.00590	0.00823
20	0.01842	0.01357	0.01454	0.01115	0.01503	0.01503	0.00921	0.78330	0.02278	0.03054	0.01163	0.01163	0.00824	0.00582	0.00485	0.00145	0.00533	0.00436	0.00485	0.00824
21	0.01810	0.02310	0.01373	0.01248	0.01498	0.81024	0.00936	0.01935	0.01373	0.01186	0.00749	0.00874	0.00624	0.00499	0.00437	0.00125	0.00874	0.00312	0.00250	0.00562
22	0.00763	0.00591	0.00739	0.00775	0.00855	0.00625	0.00559	0.04085	0.11544	0.01453	0.06240	0.57361	0.02771	0.01291	0.00657	0.00190	0.05537	0.03045	0.00446	0.00474
23	0.00705	0.00470	0.00529	0.00529	0.00529	0.00470	0.00294	0.00705	0.00705	0.00940	0.01527	0.03171	0.01762	0.82969	0.02467	0.00470	0.00470	0.00705	0.00294	0.00294
24	0.01034	0.00956	0.01384	0.00997	0.01422	0.00792	0.15667	0.01283	0.01021	0.01557	0.00875	0.01066	0.00718	0.00388	0.00449	0.00095	0.03713	0.00348	0.00276	0.65958
25	0.53462	0.00893	0.00873	0.00725	0.01054	0.00941	0.00598	0.01791	0.01045	0.32715	0.01158	0.01124	0.00789	0.00508	0.00373	0.00150	0.00390	0.00350	0.00417	0.00642
26	0.01064	0.01070	0.01541	0.01304	0.01324	0.01474	0.04235	0.01182	0.00759	0.01182	0.00650	0.01070	0.00640	0.00830	0.01548	0.00210	0.78737	0.00430	0.00213	0.00535
27	0.00672	0.00519	0.00630	0.00681	0.00815	0.00478	0.00559	0.00845	0.01120	0.01405	0.07864	0.06783	0.39557	0.01271	0.00617	0.00190	0.00335	0.34779	0.00453	0.00428
28	0.00653	0.00467	0.00635	0.00747	0.00802	0.00448	0.00559	0.00784	0.00990	0.01308	0.02636	0.57144	0.03068	0.01459	0.00635	0.00206	0.00336	0.26265	0.00449	0.00411
29	0.02165	0.00839	0.01134	0.00869	0.01244	0.00734	0.00718	0.04417	0.01411	0.78192	0.01892	0.01636	0.01189	0.00599	0.00487	0.00150	0.00416	0.00486	0.00597	0.00825
30	0.23177	0.00969	0.01068	0.00864	0.01207	0.01004	0.00706	0.14095	0.12968	0.36817	0.01492	0.01380	0.01012	0.00568	0.00441	0.00151	0.00418	0.00432	0.00490	0.00741
31	0.00705	0.00470	0.00529	0.00529	0.00529	0.00470	0.00294	0.00705	0.00705	0.00940	0.01527	0.03171	0.01762	0.82969	0.02467	0.00470	0.00470	0.00705	0.00294	0.00294
32	0.00712	0.00546	0.00806	0.00795	0.00873	0.00647	0.00617	0.00875	0.00774	0.01119	0.01272	0.01912	0.01204	0.06828	0.73488	0.00735	0.05585	0.00522	0.00258	0.00432
33	0.06365	0.25653	0.12085	0.03264	0.08906	0.29236	0.03349	0.03422	0.01162	0.01368	0.00773	0.00921	0.00638	0.00459	0.00406	0.00128	0.00678	0.00325	0.00238	0.00625
34	0.00686	0.00495	0.00648	0.00610	0.00724	0.00457	0.00457	0.00914	0.01372	0.01943	0.79691	0.03620	0.04572	0.00991	0.00572	0.00152	0.00229	0.00876	0.00533	0.00457
35	0.00697	0.00523	0.00649	0.00616	0.00744	0.00490	0.00462	0.00971	0.05580	0.01847	0.63663	0.05456	0.14449	0.01016	0.00568	0.00156	0.00241	0.00889	0.00518	0.00466
36	0.00683	0.00495	0.00643	0.00606	0.00722	0.00456	0.00455	0.00908	0.01364	0.01924	0.77470	0.03651	0.06805	0.00998	0.00572	0.00153	0.00229	0.00881	0.00531	0.00456
37	0.00686	0.00495	0.00648	0.00610	0.00724	0.00457	0.00457	0.00914	0.01372	0.01943	0.79691	0.03620	0.04572	0.00991	0.00572	0.00152	0.00229	0.00876	0.00533	0.00457
38	0.01505	0.01162	0.01244	0.01034	0.01359	0.01308	0.00828	0.33618	0.44491	0.05574	0.01638	0.01537	0.01200	0.00624	0.00489	0.00156	0.00446	0.00500	0.00494	0.00793
39	0.00610	0.00471	0.00516	0.00539	0.00632	0.00421	0.00366	0.00694	0.00965	0.01199	0.03571	0.20608	0.43678	0.22299	0.01069	0.00249	0.00311	0.01015	0.00410	0.00376
40	0.01810	0.02310	0.01373	0.01248	0.01498	0.81024	0.00936	0.01935	0.01373	0.01186	0.00749	0.00874	0.00624	0.00499	0.00437	0.00125	0.00874	0.00312	0.00250	0.00562
41	0.00692	0.00519	0.00779	0.00779	0.00865	0.00606	0.00606	0.00865	0.00779	0.01125	0.01298	0.01904	0.01211	0.03634	0.81049	0.00779	0.01298	0.00519	0.00260	0.00433
42	0.00915	0.00861	0.01453	0.81804	0.03338	0.01077	0.01346	0.01238	0.00969	0.01238	0.00861	0.01292	0.00646	0.00484	0.00484	0.00161	0.00646	0.00431	0.00215	0.00538

[dist]
# distance from previous block
# <min> <max>
1	1

[block]
# block no. 7 follows, 52 sequences, length 117
# corresponding to MSA columns:
# 461-577
name=unknown_H
#
# <colnr> <probs for GDERKNQSTAVLIFYWHMCP>
#	G	D	E	R	K	N	Q	S	T	A	V	L	I	F	Y	W	H	M	C	P
0	0.86392	0.00937	0.00712	0.00637	0.00937	0.01087	0.00525	0.01425	0.00825	0.02174	0.00675	0.00787	0.00525	0.00450	0.00300	0.00150	0.00375	0.00262	0.00300	0.00525
1	0.02174	0.00825	0.01125	0.00862	0.01237	0.00712	0.00712	0.02362	0.01387	0.80282	0.01912	0.01649	0.01200	0.00600	0.00487	0.00150	0.00412	0.00487	0.00600	0.00825
2	0.00590	0.00422	0.00562	0.00675	0.00703	0.00394	0.00450	0.00675	0.00928	0.01237	0.02671	0.82653	0.03205	0.01518	0.00619	0.00197	0.00281	0.01378	0.00450	0.00394
3	0.86392	0.00937	0.00712	0.00637	0.00937	0.01087	0.00525	0.01425	0.00825	0.02174	0.00675	0.00787	0.00525	0.00450	0.00300	0.00150	0.00375	0.00262	0.00300	0.00525
4	0.00705	0.00470	0.00529	0.00529	0.00529	0.00470	0.00294	0.00705	0.00705	0.00940	0.01527	0.03171	0.01762	0.82969	0.02467	0.00470	0.00470	0.00705	0.00294	0.00294
5	0.00590	0.00424	0.00560	0.00670	0.00702	0.00394	0.00448	0.00675	0.00932	0.01239	0.02729	0.80636	0.05185	0.01511	0.00617	0.00196	0.00280	0.01368	0.00450	0.00394
6	0.01842	0.01357	0.01454	0.01115	0.01503	0.01503	0.00921	0.78330	0.02278	0.03054	0.01163	0.01163	0.00824	0.00582	0.00485	0.00145	0.00533	0.00436	0.00485	0.00824
7	0.01205	0.01041	0.01096	0.00986	0.01260	0.01205	0.00767	0.02575	0.79071	0.02027	0.01972	0.01808	0.01479	0.00657	0.00493	0.00164	0.00384	0.00548	0.00493	0.00767
8	0.58126	0.00899	0.00835	0.00704	0.01021	0.00971	0.00580	0.03505	0.01021	0.23772	0.01060	0.01070	0.00743	0.00498	0.00357	0.00149	0.00384	0.00335	0.03357	0.00612
9	0.01296	0.83261	0.02539	0.00829	0.01244	0.01917	0.00829	0.01451	0.00985	0.01140	0.00674	0.00777	0.00622	0.00415	0.00311	0.00104	0.00518	0.00259	0.00207	0.00622
10	0.01048	0.12827	0.46637	0.01209	0.01751	0.01127	0.07225	0.01458	0.01069	0.05823	0.06326	0.01492	0.06913	0.00560	0.00492	0.00149	0.02508	0.00454	0.00270	0.00660
11	0.01760	0.04343	0.01384	0.01222	0.01471	0.76305	0.00923	0.01887	0.01343	0.01183	0.00765	0.00906	0.00644	0.00601	0.03114	0.00146	0.00879	0.00318	0.00249	0.00559
12	0.01842	0.01357	0.01454	0.01115	0.01503	0.01503	0.00921	0.78330	0.02278	0.03054	0.01163	0.01163	0.00824	0.00582	0.00485	0.00145	0.00533	0.00436	0.00485	0.00824
13	0.01005	0.00861	0.01005	0.00718	0.01148	0.00646	0.00574	0.01220	0.01005	0.01579	0.00861	0.01005	0.00718	0.00359	0.00359	0.00072	0.00359	0.00287	0.00287	0.85932
14	0.86392	0.00937	0.00712	0.00637	0.00937	0.01087	0.00525	0.01425	0.00825	0.02174	0.00675	0.00787	0.00525	0.00450	0.00300	0.00150	0.00375	0.00262	0.00300	0.00525
15	0.01810	0.02310	0.01373	0.01248	0.01498	0.81024	0.00936	0.01935	0.01373	0.01186	0.00749	0.00874	0.00624	0.00499	0.00437	0.00125	0.00874	0.00312	0.00250	0.00562
16	0.00692	0.00519	0.00779	0.00779	0.00865	0.00606	0.00606	0.00865	0.00779	0.01125	0.01298	0.01904	0.01211	0.03634	0.81049	0.00779	0.01298	0.00519	0.00260	0.00433
17	0.86392	0.00937	0.00712	0.00637	0.00937	0.01087	0.00525	0.01425	0.00825	0.02174	0.00675	0.00787	0.00525	0.00450	0.00300	0.00150	0.00375	0.00262	0.00300	0.00525
18	0.00579	0.00489	0.00501	0.00510	0.00665	0.00412	0.00382	0.00702	0.01096	0.01309	0.04739	0.08672	0.74002	0.01245	0.00577	0.00167	0.00252	0.02843	0.00450	0.00409
19	0.00600	0.00427	0.00569	0.00679	0.00710	0.00401	0.00458	0.00687	0.00930	0.01238	0.02643	0.78253	0.03160	0.03269	0.00660	0.00204	0.00291	0.03983	0.00446	0.00393
20	0.01296	0.83261	0.02539	0.00829	0.01244	0.01917	0.00829	0.01451	0.00985	0.01140	0.00674	0.00777	0.00622	0.00415	0.00311	0.00104	0.00518	0.00259	0.00207	0.00622
21	0.01084	0.01193	0.02540	0.01860	0.02294	0.01122	0.66516	0.01463	0.01139	0.01534	0.01272	0.01916	0.02793	0.00546	0.00584	0.00171	0.00757	0.10319	0.00275	0.00622
22	0.01773	0.00841	0.03663	0.00833	0.01167	0.00715	0.00702	0.06690	0.01393	0.55412	0.09424	0.02188	0.09862	0.00714	0.00507	0.00153	0.00396	0.02278	0.00554	0.00734
23	0.00873	0.00612	0.00879	0.00930	0.01065	0.00616	0.03223	0.01116	0.02746	0.05525	0.02428	0.07780	0.02579	0.01252	0.00673	0.00215	0.02351	0.64213	0.00443	0.00479
24	0.02174	0.00825	0.01125	0.00862	0.01237	0.00712	0.00712	0.02362	0.01387	0.80282	0.01912	0.01649	0.01200	0.00600	0.00487	0.00150	0.00412	0.00487	0.00600	0.00825
25	0.00600	0.00431	0.00570	0.00664	0.00704	0.00401	0.00449	0.00701	0.00979	0.01313	0.10875	0.72471	0.05132	0.01456	0.00612	0.00191	0.00275	0.01316	0.00459	0.00401
26	0.02894	0.00997	0.01767	0.49733	0.20988	0.01117	0.12871	0.01347	0.01023	0.01386	0.00887	0.01262	0.00685	0.00460	0.00492	0.00157	0.00649	0.00448	0.00227	0.00609
27	0.00842	0.00421	0.00631	0.00631	0.00631	0.00421	0.00421	0.00631	0.00631	0.00842	0.00842	0.01473	0.00842	0.01684	0.01894	0.85901	0.00421	0.00421	0.00210	0.00210
28	0.00660	0.00494	0.00612	0.00582	0.00708	0.00446	0.00437	0.00864	0.01310	0.01797	0.62437	0.03861	0.21918	0.01045	0.00572	0.00155	0.00233	0.00910	0.00514	0.00446
29	0.00757	0.00617	0.00943	0.07678	0.01143	0.00747	0.01979	0.00939	0.00797	0.01146	0.01187	0.01755	0.01096	0.03028	0.64708	0.00658	0.09614	0.00503	0.00251	0.00455
30	0.01229	0.61698	0.21498	0.00973	0.01458	0.03567	0.01066	0.01483	0.01003	0.01237	0.00723	0.00839	0.00620	0.00428	0.00350	0.00116	0.00575	0.00284	0.00208	0.00643
31	0.01810	0.02310	0.01373	0.01248	0.01498	0.81024	0.00936	0.01935	0.01373	0.01186	0.00749	0.00874	0.00624	0.00499	0.00437	0.00125	0.00874	0.00312	0.00250	0.00562
32	0.00718	0.00519	0.00560	0.00534	0.00710	0.00439	0.00406	0.00856	0.01155	0.07960	0.12168	0.04307	0.65649	0.01151	0.00565	0.00161	0.00258	0.00963	0.00471	0.00449
33	0.05607	0.09888	0.38414	0.11375	0.08965	0.03002	0.01365	0.01560	0.02334	0.08391	0.02540	0.01152	0.00775	0.00481	0.00445	0.00146	0.00612	0.00381	0.00263	0.02305
34	0.01249	0.00826	0.00958	0.00862	0.04009	0.03925	0.00612	0.14603	0.01178	0.15280	0.02614	0.02060	0.01302	0.30465	0.08841	0.01769	0.01683	0.00540	0.00374	0.06851
35	0.00705	0.00470	0.00529	0.00529	0.00529	0.00470	0.00294	0.00705	0.00705	0.00940	0.01527	0.03171	0.01762	0.82969	0.02467	0.00470	0.00470	0.00705	0.00294	0.00294
36	0.03477	0.02235	0.01384	0.01306	0.04674	0.76181	0.00950	0.01907	0.01351	0.01222	0.00754	0.00885	0.00628	0.00496	0.00436	0.00126	0.00852	0.00316	0.00250	0.00569
37	0.86392	0.00937	0.00712	0.00637	0.00937	0.01087	0.00525	0.01425	0.00825	0.02174	0.00675	0.00787	0.00525	0.00450	0.00300	0.00150	0.00375	0.00262	0.00300	0.00525
38	0.01374	0.70962	0.02362	0.00893	0.01282	0.13936	0.00845	0.01525	0.01044	0.01147	0.00685	0.00792	0.00622	0.00427	0.00330	0.00107	0.00572	0.00267	0.00214	0.00613
39	0.01033	0.00913	0.01369	0.43662	0.11215	0.00964	0.01099	0.04304	0.01054	0.02874	0.00898	0.01196	0.00698	0.00446	0.00446	0.00131	0.00542	0.00388	0.00257	0.26509
40	0.04573	0.20945	0.21176	0.01328	0.08869	0.20273	0.04541	0.05692	0.03446	0.01474	0.00856	0.01003	0.00686	0.00548	0.02507	0.00151	0.00681	0.00351	0.00249	0.00652
41	0.01800	0.01235	0.01410	0.02412	0.05925	0.01332	0.00916	0.59742	0.02025	0.13764	0.01295	0.03690	0.00943	0.00602	0.00489	0.00148	0.00513	0.00471	0.00482	0.00804
42	0.00573	0.00491	0.00491	0.00491	0.00655	0.00409	0.00368	0.00695	0.01105	0.01309	0.04909	0.04664	0.79750	0.01227	0.00573	0.00164	0.00245	0.01023	0.00450	0.00409
43	0.01205	0.01041	0.01096	0.00986	0.01260	0.01205	0.00767	0.02575	0.79071	0.02027	0.01972	0.01808	0.01479	0.00657	0.00493	0.00164	0.00384	0.00548	0.00493	0.00767
44	0.00593	0.00425	0.00563	0.00669	0.00703	0.00396	0.00448	0.00682	0.00944	0.01259	0.04969	0.78767	0.04790	0.01497	0.00616	0.00195	0.00279	0.01356	0.00452	0.00396
45	0.00705	0.00470	0.00529	0.00529	0.00529	0.00470	0.00294	0.00705	0.00705	0.00940	0.01527	0.03171	0.01762	0.82969	0.02467	0.00470	0.00470	0.00705	0.00294	0.00294
46	0.86392	0.00937	0.00712	0.00637	0.00937	0.01087	0.00525	0.01425	0.00825	0.02174	0.00675	0.00787	0.00525	0.00450	0.00300	0.00150	0.00375	0.00262	0.00300	0.00525
47	0.01005	0.00861	0.01005	0.00718	0.01148	0.00646	0.00574	0.01220	0.01005	0.01579	0.00861	0.01005	0.00718	0.00359	0.00359	0.00072	0.00359	0.00287	0.00287	0.85932
48	0.71808	0.15046	0.01025	0.00670	0.00990	0.01229	0.00577	0.01429	0.00852	0.01997	0.00675	0.00786	0.00541	0.00444	0.00302	0.00142	0.00399	0.00262	0.00284	0.00541
49	0.02174	0.00825	0.01125	0.00862	0.01237	0.00712	0.00712	0.02362	0.01387	0.80282	0.01912	0.01649	0.01200	0.00600	0.00487	0.00150	0.00412	0.00487	0.00600	0.00825
50	0.86392	0.00937	0.00712	0.00637	0.00937	0.01087	0.00525	0.01425	0.00825	0.02174	0.00675	0.00787	0.00525	0.00450	0.00300	0.00150	0.00375	0.00262	0.00300	0.00525
51	0.08648	0.00833	0.01093	0.00845	0.01214	0.00741	0.00698	0.02290	0.01344	0.74278	0.01817	0.01583	0.01148	0.00588	0.00473	0.00150	0.00409	0.00470	0.00577	0.00802
52	0.02164	0.00841	0.01135	0.00870	0.01245	0.00736	0.00719	0.04650	0.01414	0.77956	0.01889	0.01635	0.01188	0.00599	0.00487	0.00150	0.00416	0.00486	0.00596	0.00825
53	0.01869	0.01314	0.01427	0.01094	0.01481	0.01438	0.00904	0.72094	0.02205	0.09394	0.01225	0.01203	0.00855	0.00583	0.00485	0.00146	0.00523	0.00440	0.00494	0.00824
