[name]
unknown

[dist]
# distance from previous block
# <min> <max>
0	41

[block]
# block no. 0 follows, 62 sequences, length 22
# corresponding to MSA columns:
# 41-58,63-66
name=unknown_A
#
# <colnr> <probs for GDERKNQSTAVLIFYWHMCP>
#	G	D	E	R	K	N	Q	S	T	A	V	L	I	F	Y	W	H	M	C	P
0	0.00634	0.00462	0.00621	0.00707	0.00798	0.00449	0.00591	0.00799	0.00951	0.01226	0.02527	0.18198	0.12546	0.01190	0.00570	0.00185	0.00345	0.56427	0.00393	0.00380
1	0.00928	0.10906	0.62248	0.01222	0.01785	0.04186	0.10278	0.01355	0.00918	0.01301	0.00752	0.00898	0.00552	0.00396	0.00400	0.00130	0.00625	0.00325	0.00185	0.00609
2	0.02907	0.00793	0.01002	0.03210	0.02225	0.04092	0.08010	0.12893	0.13188	0.08185	0.04353	0.05243	0.04904	0.07221	0.14488	0.01429	0.00539	0.00508	0.04289	0.00521
3	0.00534	0.00393	0.00477	0.00533	0.00583	0.00362	0.00356	0.00607	0.00828	0.01075	0.05032	0.50532	0.20364	0.15309	0.00805	0.00205	0.00266	0.01028	0.00374	0.00336
4	0.00612	0.00441	0.00607	0.00607	0.00656	0.00490	0.00435	0.00710	0.00661	0.00931	0.01210	0.02063	0.01234	0.31998	0.54786	0.00588	0.00884	0.00513	0.00238	0.00337
5	0.04852	0.01060	0.06785	0.23400	0.03593	0.07970	0.00902	0.12481	0.18128	0.14834	0.01135	0.01198	0.00817	0.00483	0.00416	0.00135	0.00482	0.00389	0.00333	0.00607
6	0.00610	0.00434	0.00532	0.00567	0.00641	0.00408	0.00396	0.03712	0.00905	0.03331	0.07227	0.48052	0.19183	0.08084	0.03674	0.00200	0.00295	0.00991	0.00387	0.00370
7	0.00882	0.00756	0.00882	0.00630	0.01008	0.00567	0.00504	0.01071	0.00882	0.01387	0.00756	0.00882	0.00630	0.00315	0.00315	0.00063	0.00315	0.00252	0.00252	0.87647
8	0.00614	0.00415	0.00485	0.00489	0.00496	0.00421	0.00288	0.00630	0.00632	0.00850	0.01361	0.05802	0.01552	0.74522	0.09386	0.00428	0.00471	0.00627	0.00260	0.00272
9	0.00829	0.00659	0.00839	0.00796	0.02274	0.02957	0.02923	0.06607	0.04784	0.04942	0.02938	0.25971	0.07397	0.07065	0.10507	0.00239	0.13422	0.02576	0.01836	0.00442
10	0.00616	0.00433	0.00522	0.00514	0.00611	0.00392	0.00368	0.00743	0.01004	0.04517	0.34686	0.15401	0.25186	0.12232	0.00728	0.00180	0.00246	0.00837	0.00411	0.00375
11	0.00522	0.00374	0.00491	0.00583	0.00610	0.00349	0.00387	0.00594	0.00811	0.01077	0.02360	0.79161	0.05010	0.04720	0.00608	0.00182	0.00253	0.01177	0.00389	0.00342
12	0.00835	0.07597	0.60687	0.01081	0.01595	0.00938	0.03785	0.01250	0.00952	0.01386	0.14697	0.01282	0.01138	0.00480	0.00415	0.00132	0.00546	0.00392	0.00230	0.00582
13	0.00686	0.00540	0.00649	0.00556	0.00747	0.00459	0.00426	0.00891	0.02876	0.01527	0.42928	0.03944	0.13051	0.00725	0.00441	0.00114	0.00241	0.00625	0.02049	0.26525
14	0.00882	0.00756	0.00882	0.00630	0.01008	0.00567	0.00504	0.01071	0.00882	0.01387	0.00756	0.00882	0.00630	0.00315	0.00315	0.00063	0.00315	0.00252	0.00252	0.87647
15	0.01523	0.01920	0.01228	0.01104	0.01315	0.75735	0.02695	0.01638	0.01164	0.01047	0.00669	0.00805	0.00563	0.00516	0.02396	0.00127	0.04557	0.00288	0.00218	0.00491
16	0.00527	0.00405	0.00485	0.00540	0.00620	0.00363	0.00387	0.00628	0.00901	0.01147	0.06019	0.44475	0.34065	0.01205	0.00529	0.00162	0.00243	0.06545	0.00397	0.00356
17	0.01027	0.00984	0.01679	0.11243	0.73967	0.01004	0.01293	0.01283	0.00956	0.01358	0.00796	0.01062	0.00663	0.00384	0.00422	0.00128	0.00512	0.00379	0.00208	0.00653
18	0.00519	0.00395	0.00478	0.00535	0.00604	0.00354	0.00372	0.00613	0.00893	0.01150	0.08539	0.52476	0.29103	0.01217	0.00527	0.00160	0.00233	0.01076	0.00400	0.00354
19	0.01003	0.00959	0.01636	0.19075	0.66323	0.00998	0.01281	0.01262	0.00945	0.01329	0.00791	0.01070	0.00652	0.00388	0.00422	0.00129	0.00518	0.00379	0.00206	0.00633
20	0.00870	0.00817	0.01359	0.45589	0.32034	0.00913	0.01139	0.01120	0.00894	0.01194	0.01021	0.01354	0.05872	0.03505	0.00492	0.00146	0.00516	0.00420	0.00213	0.00532
21	0.00857	0.00748	0.00957	0.00708	0.01037	0.00605	0.05882	0.01036	0.00865	0.01322	0.00913	0.03143	0.02514	0.06260	0.00502	0.00101	0.03124	0.00336	0.00254	0.68837

[dist]
# distance from previous block
# <min> <max>
0	2

[block]
# block no. 1 follows, 62 sequences, length 39
# corresponding to MSA columns:
# 69-107
name=unknown_B
#
# <colnr> <probs for GDERKNQSTAVLIFYWHMCP>
#	G	D	E	R	K	N	Q	S	T	A	V	L	I	F	Y	W	H	M	C	P
0	0.00565	0.00401	0.00484	0.00524	0.00559	0.00380	0.00340	0.00626	0.00789	0.01042	0.08134	0.36280	0.11576	0.33557	0.01162	0.00259	0.00306	0.02350	0.00348	0.00318
1	0.02495	0.00815	0.01354	0.03503	0.10289	0.00796	0.20727	0.01132	0.00992	0.04212	0.22499	0.01608	0.01543	0.00538	0.00543	0.00128	0.09225	0.00488	0.00297	0.16815
2	0.01015	0.00947	0.01719	0.01817	0.34081	0.00907	0.27166	0.01304	0.03248	0.06075	0.01180	0.04951	0.04594	0.00488	0.00458	0.00135	0.00523	0.03722	0.00263	0.05406
3	0.00882	0.00756	0.00882	0.00630	0.01008	0.00567	0.00504	0.01071	0.00882	0.01387	0.00756	0.00882	0.00630	0.00315	0.00315	0.00063	0.00315	0.00252	0.00252	0.87647
4	0.01617	0.01211	0.01275	0.00982	0.01319	0.03206	0.00809	0.79150	0.01982	0.02644	0.01013	0.01016	0.00720	0.00509	0.00425	0.00127	0.00475	0.00381	0.00421	0.00718
5	0.01640	0.00771	0.00985	0.00752	0.01083	0.00681	0.00615	0.10330	0.01226	0.56074	0.01447	0.03575	0.00984	0.00506	0.00409	0.00119	0.00361	0.00410	0.00459	0.17572
6	0.00724	0.00549	0.00795	0.00984	0.11295	0.00547	0.00721	0.00908	0.00946	0.01246	0.02022	0.04128	0.03544	0.08500	0.00705	0.00205	0.00405	0.61003	0.00357	0.00416
7	0.00835	0.00604	0.00703	0.00645	0.00795	0.00624	0.00484	0.01322	0.26785	0.07328	0.35440	0.04789	0.06859	0.10098	0.00660	0.00169	0.00281	0.00656	0.00432	0.00491
8	0.00685	0.00526	0.00645	0.00639	0.00767	0.00525	0.00509	0.01034	0.14146	0.01534	0.38411	0.03458	0.13367	0.00928	0.00513	0.00153	0.00274	0.21015	0.00433	0.00438
9	0.00617	0.00419	0.00498	0.00498	0.00510	0.00431	0.00300	0.00641	0.00629	0.00850	0.01309	0.02611	0.01472	0.72320	0.14789	0.00455	0.00526	0.00593	0.00253	0.00277
10	0.01484	0.01023	0.01118	0.00874	0.01165	0.01109	0.00708	0.60944	0.01737	0.09292	0.03832	0.01310	0.00950	0.07969	0.00576	0.00152	0.00433	0.00421	0.04244	0.00658
11	0.00582	0.00415	0.00500	0.00537	0.00601	0.00389	0.00380	0.00673	0.00860	0.01137	0.09773	0.26196	0.20209	0.19644	0.00906	0.01987	0.00290	0.10393	0.04192	0.00339
12	0.00569	0.00434	0.00522	0.00500	0.00615	0.00387	0.00375	0.00738	0.01125	0.01518	0.55854	0.03488	0.30446	0.00940	0.00502	0.00137	0.00206	0.00813	0.00444	0.00387
13	0.00536	0.00388	0.00509	0.00602	0.00633	0.00369	0.00404	0.00648	0.03513	0.01109	0.02325	0.81991	0.02764	0.01308	0.00539	0.00172	0.00250	0.01185	0.00396	0.00357
14	0.00603	0.00418	0.00523	0.00572	0.00620	0.00401	0.00383	0.00723	0.04244	0.03279	0.07618	0.53624	0.06366	0.17552	0.00847	0.00213	0.00281	0.00998	0.00378	0.00357
15	0.01618	0.01192	0.01277	0.00979	0.01320	0.01320	0.00809	0.80973	0.02001	0.02682	0.01022	0.01022	0.00724	0.00511	0.00426	0.00128	0.00468	0.00383	0.00426	0.00724
16	0.00608	0.00456	0.00684	0.00684	0.00760	0.00532	0.00532	0.00760	0.00684	0.00988	0.01140	0.01672	0.01064	0.03191	0.83360	0.00684	0.01140	0.00456	0.00228	0.00380
17	0.00619	0.00413	0.00464	0.00464	0.00464	0.00413	0.00258	0.00619	0.00619	0.00825	0.01341	0.02785	0.01547	0.85046	0.02166	0.00413	0.00413	0.00619	0.00258	0.00258
18	0.00524	0.00374	0.00500	0.00599	0.00626	0.00350	0.00405	0.00602	0.00820	0.01092	0.02342	0.82101	0.02802	0.01328	0.00545	0.00174	0.00252	0.03822	0.00395	0.00347
19	0.00607	0.00438	0.00576	0.00550	0.00651	0.00407	0.00419	0.00808	0.01191	0.01680	0.77337	0.03276	0.03920	0.00888	0.00507	0.00138	0.00212	0.05530	0.00464	0.00401
20	0.01023	0.00858	0.00901	0.00815	0.01041	0.00985	0.00633	0.02114	0.72788	0.01749	0.01757	0.01641	0.03011	0.00581	0.00423	0.00140	0.00322	0.00483	0.08093	0.00642
21	0.80465	0.00814	0.00657	0.00577	0.00846	0.00926	0.00475	0.01323	0.00768	0.09024	0.00688	0.00758	0.00513	0.00407	0.00278	0.00132	0.00332	0.00248	0.00287	0.00484
22	0.88052	0.00823	0.00625	0.00560	0.00823	0.00955	0.00461	0.01251	0.00724	0.01909	0.00592	0.00691	0.00461	0.00395	0.00263	0.00132	0.00329	0.00230	0.00263	0.00461
23	0.00507	0.00432	0.00439	0.00438	0.00580	0.00363	0.00329	0.00617	0.00969	0.01158	0.05840	0.04029	0.79044	0.01114	0.02112	0.00154	0.00233	0.00887	0.00393	0.00360
24	0.00503	0.00431	0.00431	0.00431	0.00575	0.00359	0.00323	0.00611	0.00970	0.01149	0.04310	0.04095	0.82219	0.01078	0.00503	0.00144	0.00216	0.00898	0.00395	0.00359
25	0.00608	0.00456	0.00684	0.00684	0.00760	0.00532	0.00532	0.00760	0.00684	0.00988	0.01140	0.01672	0.01064	0.03191	0.83360	0.00684	0.01140	0.00456	0.00228	0.00380
26	0.01156	0.83297	0.02200	0.00729	0.01092	0.01659	0.00726	0.01293	0.00873	0.02938	0.00617	0.00701	0.00558	0.00368	0.00277	0.00092	0.00453	0.00232	0.00190	0.00550
27	0.00593	0.00435	0.00557	0.00526	0.00630	0.00398	0.00395	0.00786	0.01184	0.01657	0.75310	0.03259	0.10903	0.00888	0.00502	0.00135	0.00202	0.00781	0.00462	0.00398
28	0.00503	0.00431	0.00431	0.00431	0.00575	0.00359	0.00323	0.00611	0.00970	0.01149	0.04310	0.04095	0.82219	0.01078	0.00503	0.00144	0.00216	0.00898	0.00395	0.00359
29	0.00585	0.00431	0.00548	0.00526	0.00627	0.00393	0.00392	0.00767	0.01152	0.01601	0.67886	0.08222	0.13440	0.00923	0.00504	0.00137	0.00205	0.00812	0.00455	0.00393
30	0.00853	0.02201	0.82841	0.01213	0.01842	0.00988	0.01572	0.01348	0.00898	0.01348	0.00764	0.00898	0.00539	0.00404	0.00404	0.00135	0.00629	0.00314	0.00180	0.00629
31	0.00882	0.00756	0.00882	0.00630	0.01008	0.00567	0.00504	0.01071	0.00882	0.01387	0.00756	0.00882	0.00630	0.00315	0.00315	0.00063	0.00315	0.00252	0.00252	0.87647
32	0.00882	0.00756	0.00882	0.00630	0.01008	0.00567	0.00504	0.01071	0.00882	0.01387	0.00756	0.00882	0.00630	0.00315	0.00315	0.00063	0.00315	0.00252	0.00252	0.87647
33	0.05440	0.01176	0.01248	0.00960	0.01298	0.01303	0.00793	0.77447	0.01944	0.02647	0.01003	0.01007	0.00712	0.00506	0.00418	0.00128	0.00462	0.00376	0.00418	0.00712
34	0.00589	0.00433	0.00551	0.00525	0.00628	0.00395	0.00393	0.00776	0.01168	0.01628	0.71432	0.05307	0.12778	0.00905	0.00503	0.00136	0.00204	0.00795	0.00458	0.00395
35	0.88052	0.00823	0.00625	0.00560	0.00823	0.00955	0.00461	0.01251	0.00724	0.01909	0.00592	0.00691	0.00461	0.00395	0.00263	0.00132	0.00329	0.00230	0.00263	0.00461
36	0.01645	0.01121	0.01265	0.00967	0.01308	0.01210	0.02841	0.67139	0.01858	0.14598	0.01116	0.01089	0.00771	0.00509	0.00428	0.00129	0.00459	0.00393	0.00435	0.00720
37	0.01058	0.00914	0.00962	0.00866	0.01106	0.01058	0.00673	0.02261	0.81623	0.01780	0.01732	0.01588	0.01299	0.00577	0.00433	0.00144	0.00337	0.00481	0.00433	0.00673
38	0.00936	0.00790	0.00856	0.00781	0.00986	0.00887	0.00606	0.01872	0.60553	0.01725	0.17284	0.02085	0.05547	0.00671	0.00453	0.00144	0.00306	0.02480	0.00437	0.00600

[dist]
# distance from previous block
# <min> <max>
0	1

[block]
# block no. 2 follows, 62 sequences, length 43
# corresponding to MSA columns:
# 109-115,126-152,159-167
name=unknown_C
#
# <colnr> <probs for GDERKNQSTAVLIFYWHMCP>
#	G	D	E	R	K	N	Q	S	T	A	V	L	I	F	Y	W	H	M	C	P
0	0.00853	0.02201	0.82841	0.01213	0.01842	0.00988	0.01572	0.01348	0.00898	0.01348	0.00764	0.00898	0.00539	0.00404	0.00404	0.00135	0.00629	0.00314	0.00180	0.00629
1	0.01023	0.01081	0.01303	0.01159	0.03551	0.12329	0.00927	0.01123	0.00736	0.01037	0.00579	0.00913	0.00561	0.00693	0.01231	0.00174	0.70556	0.00359	0.00191	0.00475
2	0.88052	0.00823	0.00625	0.00560	0.00823	0.00955	0.00461	0.01251	0.00724	0.01909	0.00592	0.00691	0.00461	0.00395	0.00263	0.00132	0.00329	0.00230	0.00263	0.00461
3	0.00931	0.00931	0.01303	0.01117	0.01117	0.01303	0.00931	0.01024	0.00652	0.01024	0.00559	0.00931	0.00559	0.00745	0.01396	0.00186	0.84267	0.00372	0.00186	0.00465
4	0.01406	0.01093	0.01197	0.00960	0.01267	0.01222	0.02756	0.51428	0.29855	0.02333	0.01266	0.01223	0.00923	0.00530	0.00430	0.00134	0.00428	0.00420	0.00423	0.00702
5	0.00825	0.00778	0.01315	0.77043	0.09743	0.00951	0.01192	0.01106	0.00861	0.01113	0.00760	0.01127	0.00576	0.00421	0.00425	0.00140	0.00562	0.00378	0.00191	0.00490
6	0.00882	0.00756	0.00882	0.00630	0.01008	0.00567	0.00504	0.01071	0.00882	0.01387	0.00756	0.00882	0.00630	0.00315	0.00315	0.00063	0.00315	0.00252	0.00252	0.87647
7	0.00602	0.00435	0.00569	0.00535	0.00636	0.00401	0.00401	0.00803	0.01204	0.01706	0.82167	0.03178	0.04015	0.00870	0.00502	0.00134	0.00201	0.00770	0.00468	0.00401
8	0.01884	0.00725	0.00985	0.00754	0.01084	0.00624	0.00622	0.02049	0.01210	0.80668	0.01656	0.01434	0.01043	0.00521	0.00425	0.00130	0.00361	0.00424	0.00520	0.02882
9	0.00619	0.00413	0.00464	0.00464	0.00464	0.00413	0.00258	0.00619	0.00619	0.00825	0.01341	0.02785	0.01547	0.85046	0.02166	0.00413	0.00413	0.00619	0.00258	0.00258
10	0.00676	0.00483	0.00675	0.00773	0.00867	0.00482	0.00669	0.00865	0.00970	0.01263	0.02258	0.09288	0.02469	0.01184	0.00585	0.00195	0.00384	0.75132	0.00392	0.00389
11	0.00920	0.00755	0.00886	0.00635	0.01011	0.00569	0.00509	0.01108	0.00895	0.04350	0.00790	0.00903	0.00646	0.00323	0.00319	0.00066	0.00317	0.00259	0.00262	0.84479
12	0.00746	0.00678	0.00758	0.00742	0.00838	0.12222	0.00573	0.00892	0.00758	0.00995	0.01072	0.01544	0.00991	0.02803	0.71646	0.00603	0.01087	0.00430	0.00227	0.00396
13	0.00804	0.00756	0.01276	0.84023	0.02931	0.00945	0.01182	0.01087	0.00851	0.01087	0.00756	0.01134	0.00567	0.00425	0.00425	0.00142	0.00567	0.00378	0.00189	0.00473
14	0.00600	0.00435	0.00565	0.00533	0.00634	0.00400	0.00400	0.00798	0.01199	0.01693	0.80250	0.03201	0.05941	0.00875	0.00502	0.00134	0.00201	0.00773	0.00467	0.00400
15	0.01589	0.02028	0.01206	0.01096	0.01315	0.83338	0.00822	0.01699	0.01206	0.01041	0.00658	0.00767	0.00548	0.00438	0.00384	0.00110	0.00767	0.00274	0.00219	0.00493
16	0.88052	0.00823	0.00625	0.00560	0.00823	0.00955	0.00461	0.01251	0.00724	0.01909	0.00592	0.00691	0.00461	0.00395	0.00263	0.00132	0.00329	0.00230	0.00263	0.00461
17	0.01004	0.01148	0.02511	0.01793	0.02224	0.01076	0.80846	0.01363	0.01004	0.01363	0.00861	0.01148	0.00646	0.00359	0.00502	0.00143	0.00717	0.00502	0.00215	0.00574
18	0.00608	0.00456	0.00684	0.00684	0.00760	0.00532	0.00532	0.00760	0.00684	0.00988	0.01140	0.01672	0.01064	0.03191	0.83360	0.00684	0.01140	0.00456	0.00228	0.00380
19	0.00503	0.00431	0.00431	0.00431	0.00575	0.00359	0.00323	0.00611	0.00970	0.01149	0.04310	0.04095	0.82219	0.01078	0.00503	0.00144	0.00216	0.00898	0.00395	0.00359
20	0.00684	0.00488	0.00683	0.00778	0.00876	0.00488	0.00679	0.00880	0.00985	0.01284	0.04195	0.04760	0.02487	0.01168	0.00586	0.00194	0.00387	0.77614	0.00394	0.00392
21	0.00853	0.02201	0.82841	0.01213	0.01842	0.00988	0.01572	0.01348	0.00898	0.01348	0.00764	0.00898	0.00539	0.00404	0.00404	0.00135	0.00629	0.00314	0.00180	0.00629
22	0.88052	0.00823	0.00625	0.00560	0.00823	0.00955	0.00461	0.01251	0.00724	0.01909	0.00592	0.00691	0.00461	0.00395	0.00263	0.00132	0.00329	0.00230	0.00263	0.00461
23	0.00518	0.00370	0.00494	0.00592	0.00617	0.00346	0.00395	0.00592	0.00815	0.01086	0.02345	0.84768	0.02814	0.01333	0.00543	0.00173	0.00247	0.01210	0.00395	0.00346
24	0.01909	0.00724	0.00987	0.00757	0.01086	0.00625	0.00625	0.02074	0.01218	0.82687	0.01679	0.01448	0.01053	0.00527	0.00428	0.00132	0.00362	0.00428	0.00527	0.00724
25	0.01631	0.01171	0.01264	0.00969	0.01309	0.01289	0.00801	0.77455	0.01966	0.06249	0.01051	0.01041	0.00738	0.00511	0.00426	0.00128	0.00463	0.00385	0.00430	0.00724
26	0.01625	0.01180	0.01270	0.00973	0.01314	0.01302	0.00804	0.78947	0.01980	0.04736	0.01038	0.01033	0.00732	0.00511	0.00426	0.00128	0.00465	0.00384	0.00428	0.00724
27	0.00619	0.00413	0.00464	0.00464	0.00464	0.00413	0.00258	0.00619	0.00619	0.00825	0.01341	0.02785	0.01547	0.85046	0.02166	0.00413	0.00413	0.00619	0.00258	0.00258
28	0.00518	0.00370	0.00494	0.00592	0.00617	0.00346	0.00395	0.00592	0.00815	0.01086	0.02345	0.84768	0.02814	0.01333	0.00543	0.00173	0.00247	0.01210	0.00395	0.00346
29	0.00619	0.00413	0.00464	0.00464	0.00464	0.00413	0.00258	0.00619	0.00619	0.00825	0.01341	0.02785	0.01547	0.85046	0.02166	0.00413	0.00413	0.00619	0.00258	0.00258
30	0.01247	0.01021	0.01057	0.00895	0.01163	0.03556	0.00711	0.28707	0.49158	0.02057	0.03310	0.01409	0.01142	0.00556	0.00428	0.00137	0.00388	0.00447	0.01938	0.00674
31	0.00578	0.00430	0.00541	0.00602	0.00680	0.00403	0.00450	0.02382	0.00931	0.01209	0.07366	0.43793	0.20124	0.01200	0.00539	0.00168	0.00273	0.17563	0.00399	0.00370
32	0.88052	0.00823	0.00625	0.00560	0.00823	0.00955	0.00461	0.01251	0.00724	0.01909	0.00592	0.00691	0.00461	0.00395	0.00263	0.00132	0.00329	0.00230	0.00263	0.00461
33	0.88052	0.00823	0.00625	0.00560	0.00823	0.00955	0.00461	0.01251	0.00724	0.01909	0.00592	0.00691	0.00461	0.00395	0.00263	0.00132	0.00329	0.00230	0.00263	0.00461
34	0.00524	0.00383	0.00493	0.00575	0.00618	0.00352	0.00392	0.00610	0.00853	0.01125	0.06198	0.70195	0.12080	0.01279	0.00537	0.00168	0.00244	0.02623	0.00398	0.00351
35	0.88052	0.00823	0.00625	0.00560	0.00823	0.00955	0.00461	0.01251	0.00724	0.01909	0.00592	0.00691	0.00461	0.00395	0.00263	0.00132	0.00329	0.00230	0.00263	0.00461
36	0.00619	0.00413	0.00464	0.00464	0.00464	0.00413	0.00258	0.00619	0.00619	0.00825	0.01341	0.02785	0.01547	0.85046	0.02166	0.00413	0.00413	0.00619	0.00258	0.00258
37	0.00527	0.00432	0.00465	0.00457	0.00590	0.00370	0.00342	0.00658	0.01027	0.01286	0.23424	0.03870	0.63020	0.01027	0.00503	0.00141	0.00212	0.00866	0.00413	0.00370
38	0.00532	0.00430	0.00472	0.00467	0.00594	0.00371	0.00348	0.00664	0.01030	0.01305	0.26278	0.06892	0.57070	0.01028	0.00504	0.00142	0.00213	0.00873	0.00416	0.00371
39	0.00547	0.00390	0.00524	0.00620	0.00656	0.00370	0.00438	0.00639	0.00837	0.01111	0.02309	0.70286	0.02729	0.03065	0.00584	0.00182	0.00273	0.13696	0.00392	0.00351
40	0.01131	0.83310	0.04162	0.00740	0.01110	0.01667	0.00748	0.01276	0.00865	0.01009	0.00596	0.00688	0.00546	0.00365	0.00276	0.00092	0.00459	0.00230	0.00182	0.00548
41	0.03451	0.00967	0.01766	0.13196	0.01852	0.03056	0.39769	0.01176	0.00901	0.01250	0.02738	0.08376	0.00910	0.00556	0.00654	0.00153	0.16275	0.02215	0.00232	0.00507
42	0.01045	0.00842	0.00902	0.00806	0.01038	0.00944	0.00628	0.03774	0.64066	0.06276	0.05303	0.01880	0.09353	0.00634	0.00442	0.00143	0.00324	0.00529	0.00436	0.00635

[dist]
# distance from previous block
# <min> <max>
0	2

[block]
# block no. 3 follows, 62 sequences, length 36
# corresponding to MSA columns:
# 170-205
name=unknown_D
#
# <colnr> <probs for GDERKNQSTAVLIFYWHMCP>
#	G	D	E	R	K	N	Q	S	T	A	V	L	I	F	Y	W	H	M	C	P
0	0.13937	0.01246	0.01078	0.00897	0.01178	0.20990	0.00715	0.32460	0.10287	0.08407	0.01123	0.01121	0.03705	0.00506	0.00396	0.00127	0.00488	0.00368	0.00360	0.00611
1	0.00960	0.05204	0.01008	0.00755	0.04770	0.00698	0.00574	0.05157	0.03990	0.03111	0.00854	0.02802	0.00715	0.00367	0.00335	0.00078	0.00339	0.00297	0.00271	0.67714
2	0.22229	0.00978	0.01026	0.00846	0.01124	0.01090	0.02670	0.38926	0.14654	0.02161	0.01159	0.07475	0.00950	0.00567	0.00402	0.00137	0.00401	0.02212	0.00379	0.00612
3	0.01034	0.00888	0.01117	0.01275	0.20665	0.00977	0.00826	0.01879	0.51910	0.03266	0.01562	0.01801	0.01267	0.00593	0.00447	0.00145	0.00384	0.08942	0.00377	0.00644
4	0.00908	0.00785	0.00926	0.00685	0.01046	0.00642	0.02159	0.01233	0.11426	0.01437	0.00886	0.00980	0.00718	0.00350	0.00334	0.00075	0.00326	0.00287	0.00275	0.74523
5	0.01105	0.01115	0.01660	0.04367	0.71747	0.09916	0.01251	0.01343	0.00992	0.01345	0.00784	0.01024	0.00658	0.00387	0.00417	0.00125	0.00535	0.00368	0.00211	0.00650
6	0.00518	0.00370	0.00494	0.00592	0.00617	0.00346	0.00395	0.00592	0.00815	0.01086	0.02345	0.84768	0.02814	0.01333	0.00543	0.00173	0.00247	0.01210	0.00395	0.00346
7	0.01559	0.01964	0.01192	0.01083	0.01303	0.78632	0.00814	0.01731	0.05805	0.01084	0.00719	0.00814	0.00591	0.00446	0.00386	0.00112	0.00743	0.00286	0.00231	0.00504
8	0.00831	0.00784	0.01326	0.75049	0.11690	0.00953	0.01195	0.01111	0.00864	0.01121	0.00761	0.01125	0.00579	0.00420	0.00425	0.00140	0.00560	0.00378	0.00191	0.00495
9	0.00552	0.00435	0.00496	0.00516	0.00617	0.00396	0.00370	0.00711	0.04658	0.01232	0.15319	0.27911	0.39938	0.04162	0.00572	0.00161	0.00235	0.00942	0.00403	0.00372
10	0.00526	0.00376	0.00502	0.00601	0.00629	0.00352	0.00408	0.00606	0.00822	0.01095	0.02341	0.81160	0.02798	0.01326	0.00545	0.00174	0.00253	0.04744	0.00395	0.00348
11	0.00525	0.00382	0.00498	0.00588	0.00627	0.00354	0.00403	0.00609	0.00837	0.01101	0.02513	0.73696	0.09745	0.01303	0.00542	0.00171	0.00251	0.05112	0.00395	0.00349
12	0.00770	0.00655	0.00684	0.00637	0.00824	0.00682	0.00491	0.03121	0.35383	0.01469	0.05197	0.02943	0.42605	0.00848	0.00473	0.00144	0.00275	0.01883	0.00414	0.00503
13	0.07248	0.00852	0.00959	0.00762	0.01042	0.00882	0.00621	0.32243	0.03577	0.28287	0.01297	0.01281	0.00907	0.01698	0.00417	0.00128	0.00371	0.00396	0.16393	0.00639
14	0.00609	0.00442	0.00580	0.00580	0.00678	0.00413	0.00451	0.00797	0.01130	0.01564	0.59013	0.07793	0.07581	0.00962	0.00520	0.00148	0.00240	0.15658	0.00446	0.00395
15	0.78738	0.00812	0.00665	0.00581	0.00851	0.00919	0.00479	0.01340	0.00778	0.10643	0.00710	0.00773	0.00525	0.00409	0.00281	0.00132	0.00333	0.00252	0.00292	0.00489
16	0.00618	0.00415	0.00475	0.00475	0.00479	0.00419	0.00272	0.00626	0.00622	0.00833	0.01331	0.02729	0.01523	0.80939	0.06240	0.00426	0.00449	0.00611	0.00256	0.00264
17	0.00571	0.00431	0.00471	0.00482	0.00608	0.00368	0.00353	0.00674	0.00946	0.04887	0.03748	0.22104	0.60639	0.01110	0.00508	0.00150	0.00229	0.00946	0.00401	0.00373
18	0.02382	0.00603	0.00634	0.00560	0.00695	0.00636	0.00415	0.20488	0.01089	0.01661	0.01273	0.01747	0.01110	0.22605	0.00817	0.00189	0.00323	0.00449	0.41886	0.00441
19	0.00534	0.00432	0.00474	0.00464	0.00594	0.00373	0.00348	0.00671	0.01044	0.01325	0.28804	0.03807	0.57616	0.01012	0.00503	0.00141	0.00211	0.00858	0.00418	0.00373
20	0.00548	0.00408	0.00502	0.00561	0.00625	0.00380	0.00389	0.00683	0.03803	0.01187	0.09355	0.56948	0.18694	0.01197	0.00522	0.00161	0.00239	0.01066	0.02364	0.00366
21	0.00597	0.00435	0.00563	0.00537	0.00638	0.00400	0.00404	0.00791	0.01180	0.01656	0.74853	0.04937	0.07865	0.00897	0.00505	0.00137	0.00207	0.02541	0.00462	0.00398
22	0.01618	0.01192	0.01277	0.00979	0.01320	0.01320	0.00809	0.80973	0.02001	0.02682	0.01022	0.01022	0.00724	0.00511	0.00426	0.00128	0.00468	0.00383	0.00426	0.00724
23	0.00616	0.00415	0.00473	0.00473	0.00480	0.00417	0.00272	0.00625	0.00630	0.00840	0.01399	0.02763	0.03360	0.79369	0.05864	0.00419	0.00442	0.00618	0.00260	0.00266
24	0.00667	0.00444	0.00491	0.00478	0.00544	0.00426	0.00310	0.00760	0.03277	0.04244	0.05303	0.02939	0.21172	0.49019	0.01433	0.00293	0.00336	0.00664	0.06868	0.00330
25	0.01171	0.00875	0.00952	0.00839	0.01089	0.00981	0.00658	0.02204	0.68379	0.13114	0.01716	0.01568	0.01259	0.00568	0.00429	0.00141	0.00337	0.00472	0.02575	0.00674
26	0.00952	0.00683	0.00710	0.00652	0.00830	0.00760	0.00504	0.03965	0.41989	0.01717	0.01552	0.01571	0.01186	0.00538	0.00370	0.00123	0.00277	0.00439	0.40637	0.00547
27	0.00739	0.00370	0.00554	0.00554	0.00554	0.00370	0.00370	0.00554	0.00554	0.00739	0.00739	0.01293	0.00739	0.01478	0.01663	0.87620	0.00370	0.00370	0.00185	0.00185
28	0.00550	0.00446	0.00491	0.00493	0.00617	0.00398	0.00364	0.00723	0.04708	0.01282	0.19520	0.14329	0.52474	0.01046	0.00505	0.00146	0.00222	0.00894	0.00412	0.00380
29	0.00619	0.00413	0.00464	0.00464	0.00464	0.00413	0.00258	0.00619	0.00619	0.00825	0.01341	0.02785	0.01547	0.85046	0.02166	0.00413	0.00413	0.00619	0.00258	0.00258
30	0.00686	0.00490	0.00686	0.00784	0.00882	0.00490	0.00686	0.00882	0.00980	0.01273	0.02253	0.04800	0.02449	0.01175	0.00588	0.00196	0.00392	0.79528	0.00392	0.00392
31	0.00842	0.00795	0.01345	0.71554	0.15102	0.00955	0.01201	0.01121	0.00869	0.01134	0.00763	0.01122	0.00584	0.00418	0.00425	0.00139	0.00558	0.00378	0.00192	0.00504
32	0.00686	0.00490	0.00686	0.00784	0.00882	0.00490	0.00686	0.00882	0.00980	0.01273	0.02253	0.04800	0.02449	0.01175	0.00588	0.00196	0.00392	0.79528	0.00392	0.00392
33	0.01053	0.01011	0.01727	0.02612	0.82392	0.01011	0.01306	0.01306	0.00969	0.01390	0.00800	0.01053	0.00674	0.00379	0.00421	0.00126	0.00505	0.00379	0.00211	0.00674
34	0.00518	0.00370	0.00494	0.00592	0.00617	0.00346	0.00395	0.00592	0.00815	0.01086	0.02345	0.84768	0.02814	0.01333	0.00543	0.00173	0.00247	0.01210	0.00395	0.00346
35	0.00882	0.00756	0.00882	0.00630	0.01008	0.00567	0.00504	0.01071	0.00882	0.01387	0.00756	0.00882	0.00630	0.00315	0.00315	0.00063	0.00315	0.00252	0.00252	0.87647

[dist]
# distance from previous block
# <min> <max>
0	251

# created by:
# /st0/software/busco_prod/Augustus/scripts/msa2prfl.pl ./align_prep/131659.fa
