[name]
unknown

[dist]
# distance from previous block
# <min> <max>
0	32

[block]
# block no. 0 follows, 45 sequences, length 31
# corresponding to MSA columns:
# 58-88
name=unknown_A
#
# <colnr> <probs for GDERKNQSTAVLIFYWHMCP>
#	G	D	E	R	K	N	Q	S	T	A	V	L	I	F	Y	W	H	M	C	P
0	0.12872	0.08837	0.10050	0.01506	0.16678	0.06660	0.03033	0.05528	0.02917	0.15976	0.02519	0.01543	0.03190	0.00591	0.00490	0.00158	0.00579	0.02273	0.00381	0.04218
1	0.10739	0.10506	0.09243	0.01232	0.08761	0.06915	0.00990	0.11940	0.02934	0.10089	0.10232	0.01668	0.01405	0.00628	0.00490	0.00152	0.00544	0.02511	0.00401	0.08621
2	0.05684	0.06516	0.05049	0.01531	0.15475	0.07702	0.05920	0.10781	0.09890	0.07493	0.03120	0.01508	0.01100	0.00954	0.09201	0.00234	0.00692	0.00487	0.02207	0.04456
3	0.07317	0.08604	0.09319	0.01934	0.25852	0.07183	0.09698	0.04891	0.07538	0.03437	0.01124	0.03012	0.00916	0.00550	0.00536	0.00159	0.02611	0.00475	0.00315	0.04529
4	0.14965	0.03775	0.13000	0.01701	0.16881	0.04037	0.13947	0.09127	0.01322	0.05111	0.03939	0.01402	0.02529	0.00545	0.00505	0.00160	0.00632	0.00478	0.00335	0.05609
5	0.04661	0.07766	0.12306	0.01364	0.10073	0.06528	0.03219	0.16856	0.04901	0.07904	0.07294	0.02767	0.03366	0.00629	0.00509	0.00154	0.00577	0.00510	0.00399	0.08217
6	0.01324	0.08707	0.14247	0.03083	0.15894	0.09056	0.02493	0.01691	0.05281	0.09040	0.15502	0.03309	0.02932	0.00682	0.00561	0.00161	0.02547	0.00567	0.00379	0.02546
7	0.03467	0.65619	0.11073	0.01081	0.04297	0.04101	0.01058	0.01633	0.01108	0.01359	0.00782	0.00912	0.00691	0.00469	0.00373	0.00124	0.00608	0.00308	0.00234	0.00702
8	0.01423	0.08112	0.26458	0.01632	0.13587	0.05798	0.08263	0.04468	0.01277	0.11302	0.01112	0.01251	0.00825	0.00508	0.00500	0.00150	0.00671	0.00430	0.00318	0.11917
9	0.01044	0.02527	0.69738	0.01425	0.02131	0.01166	0.01800	0.01598	0.01094	0.01627	0.01044	0.01397	0.00821	0.09442	0.00756	0.00209	0.00763	0.00439	0.00238	0.00741
10	0.00729	0.00557	0.00795	0.01030	0.09310	0.00529	0.00626	0.00847	0.01049	0.01413	0.02743	0.71982	0.03251	0.01548	0.00668	0.00212	0.00348	0.01410	0.00473	0.00482
11	0.04028	0.34949	0.13673	0.01152	0.01613	0.18036	0.01104	0.12845	0.01417	0.05282	0.00942	0.01034	0.00748	0.00525	0.00436	0.00139	0.00683	0.00357	0.00308	0.00731
12	0.10671	0.40653	0.24337	0.01096	0.01629	0.03877	0.01188	0.03636	0.01159	0.06100	0.00907	0.01012	0.00718	0.00498	0.00412	0.00141	0.00625	0.00341	0.00275	0.00724
13	0.00804	0.00699	0.00722	0.00818	0.00876	0.09138	0.00558	0.00902	0.01082	0.01364	0.02723	0.71942	0.03234	0.01557	0.00663	0.00209	0.00384	0.01395	0.00474	0.00457
14	0.00666	0.00476	0.00633	0.00739	0.00781	0.00444	0.00499	0.00777	0.01082	0.01457	0.11217	0.72279	0.03718	0.01617	0.00679	0.00213	0.00305	0.01464	0.00509	0.00444
15	0.01477	0.57151	0.04343	0.09757	0.01706	0.15078	0.01029	0.01675	0.01163	0.01294	0.00789	0.00949	0.00692	0.00485	0.00394	0.00127	0.00662	0.00321	0.00239	0.00670
16	0.11198	0.04560	0.01560	0.01174	0.01584	0.06540	0.00969	0.60234	0.02227	0.03063	0.01179	0.01206	0.00854	0.00615	0.00504	0.00158	0.00595	0.00446	0.00486	0.00849
17	0.02408	0.00914	0.01246	0.00955	0.01370	0.00789	0.00789	0.02616	0.01536	0.78158	0.02118	0.01827	0.01329	0.00664	0.00540	0.00166	0.00457	0.00540	0.00664	0.00914
18	0.00653	0.00472	0.00618	0.00734	0.00775	0.00437	0.00492	0.00749	0.01041	0.01376	0.03126	0.75692	0.08536	0.01660	0.00682	0.00216	0.00309	0.01500	0.00498	0.00437
19	0.04444	0.07117	0.31837	0.01849	0.07935	0.03612	0.29931	0.01731	0.01202	0.03815	0.01019	0.01255	0.00759	0.00488	0.00541	0.00169	0.00792	0.00484	0.00264	0.00755
20	0.01435	0.81458	0.02813	0.00918	0.01378	0.02124	0.00918	0.01607	0.01091	0.01263	0.00746	0.00861	0.00689	0.00459	0.00344	0.00115	0.00574	0.00287	0.00230	0.00689
21	0.00786	0.00530	0.00617	0.00634	0.00649	0.00529	0.00389	0.00816	0.00837	0.01112	0.01853	0.05914	0.02120	0.70203	0.02457	0.00482	0.00512	0.08863	0.00349	0.00347
22	0.06882	0.35465	0.06156	0.01176	0.05959	0.12917	0.00992	0.08808	0.07933	0.03284	0.02849	0.01274	0.03109	0.00565	0.00439	0.00142	0.00607	0.00404	0.00326	0.00716
23	0.01328	0.03242	0.03912	0.05608	0.65158	0.01306	0.04974	0.03256	0.02805	0.01771	0.01034	0.01335	0.00854	0.00488	0.00532	0.00161	0.00649	0.00482	0.00275	0.00832
24	0.03615	0.03106	0.08577	0.03159	0.11637	0.03987	0.05080	0.13943	0.03567	0.03150	0.06430	0.06501	0.01296	0.00638	0.00554	0.00150	0.03383	0.00533	0.00371	0.20321
25	0.12841	0.09785	0.02889	0.01244	0.08690	0.03419	0.05953	0.11902	0.03546	0.12711	0.02729	0.03377	0.03126	0.00587	0.00477	0.00147	0.00527	0.00476	0.00399	0.15177
26	0.05221	0.05552	0.07544	0.01317	0.10436	0.03164	0.03639	0.14990	0.06776	0.10289	0.06252	0.04582	0.03460	0.00645	0.00510	0.00152	0.00527	0.00535	0.00419	0.13990
27	0.07879	0.07251	0.05997	0.01376	0.09334	0.01216	0.10919	0.11435	0.11577	0.04290	0.06351	0.03107	0.03240	0.00612	0.00509	0.00154	0.00543	0.00530	0.00391	0.13287
28	0.06401	0.08704	0.07445	0.01793	0.25467	0.07622	0.02777	0.10290	0.04486	0.08566	0.02571	0.01314	0.00949	0.00535	0.00490	0.00149	0.00602	0.00441	0.00353	0.09043
29	0.04143	0.01503	0.16309	0.01612	0.16973	0.05797	0.04718	0.08803	0.05974	0.14163	0.09848	0.01669	0.01399	0.00615	0.00532	0.00162	0.00594	0.00523	0.00406	0.04260
30	0.07348	0.07841	0.10738	0.01722	0.23336	0.06770	0.02473	0.05211	0.04071	0.13819	0.01216	0.02829	0.00940	0.00548	0.00490	0.00152	0.00595	0.00452	0.00359	0.09090

[dist]
# distance from previous block
# <min> <max>
2	23

[block]
# block no. 1 follows, 45 sequences, length 15
# corresponding to MSA columns:
# 112-126
name=unknown_B
#
# <colnr> <probs for GDERKNQSTAVLIFYWHMCP>
#	G	D	E	R	K	N	Q	S	T	A	V	L	I	F	Y	W	H	M	C	P
0	0.09994	0.11744	0.09451	0.01279	0.09072	0.05009	0.05013	0.04815	0.06963	0.06809	0.04065	0.01323	0.01018	0.00526	0.00461	0.00139	0.00550	0.00422	0.00348	0.20999
1	0.13209	0.04413	0.03658	0.00970	0.02799	0.10349	0.00769	0.07657	0.04630	0.10156	0.04791	0.11508	0.05663	0.02214	0.00538	0.00160	0.00496	0.00604	0.00417	0.15001
2	0.05459	0.05932	0.14120	0.01000	0.01344	0.03076	0.02273	0.04422	0.11272	0.07261	0.12369	0.07040	0.03313	0.07909	0.00734	0.00199	0.00504	0.04963	0.00423	0.06386
3	0.11887	0.19684	0.21969	0.01159	0.01651	0.05881	0.05127	0.03110	0.06614	0.09437	0.03356	0.02830	0.01003	0.00566	0.00465	0.00154	0.00610	0.00435	0.00337	0.03725
4	0.01550	0.19746	0.13688	0.01289	0.03746	0.12079	0.08425	0.06951	0.05584	0.11457	0.02586	0.01355	0.02312	0.00557	0.00486	0.00147	0.00651	0.00444	0.00352	0.06597
5	0.03064	0.03368	0.16305	0.01240	0.06923	0.00912	0.06345	0.02979	0.04902	0.08534	0.09902	0.19655	0.04758	0.00927	0.00581	0.00180	0.00510	0.04587	0.00422	0.03906
6	0.01008	0.11915	0.00984	0.00717	0.00790	0.00703	0.00524	0.00865	0.00784	0.01052	0.00962	0.01548	0.00928	0.01582	0.01732	0.66721	0.00467	0.00443	0.05959	0.00316
7	0.06521	0.01469	0.01340	0.01124	0.01469	0.15697	0.00887	0.27955	0.20505	0.02380	0.01459	0.05993	0.01175	0.00676	0.00512	0.00158	0.00573	0.00522	0.00455	0.09130
8	0.01387	0.29493	0.30265	0.01307	0.01878	0.03820	0.08028	0.06134	0.05614	0.05789	0.01047	0.01160	0.00799	0.00517	0.00469	0.00151	0.00682	0.00404	0.00293	0.00763
9	0.01327	0.27179	0.44816	0.01303	0.01946	0.01479	0.03690	0.01763	0.01164	0.09195	0.01014	0.01127	0.00751	0.00508	0.00465	0.00153	0.00694	0.00384	0.00273	0.00771
10	0.00846	0.00530	0.00605	0.00601	0.00626	0.00524	0.00354	0.00876	0.00844	0.03852	0.01779	0.07513	0.01976	0.68511	0.02383	0.00465	0.00488	0.00793	0.06067	0.00364
11	0.00781	0.00613	0.00689	0.00695	0.00830	0.00592	0.00506	0.01085	0.10729	0.01564	0.12233	0.14594	0.31543	0.14719	0.00990	0.00247	0.00352	0.06263	0.00486	0.00489
12	0.01304	0.02785	0.06337	0.06955	0.26083	0.02759	0.15435	0.03189	0.01266	0.10343	0.01764	0.09174	0.08783	0.00705	0.00571	0.00172	0.00620	0.00667	0.00358	0.00729
13	0.01169	0.01886	0.33089	0.05965	0.02411	0.01280	0.30111	0.04795	0.01217	0.01719	0.01125	0.05927	0.00912	0.00589	0.00643	0.00181	0.05415	0.00566	0.00274	0.00728
14	0.01689	0.01148	0.06156	0.01317	0.01732	0.01009	0.19320	0.02181	0.12634	0.33938	0.06244	0.02135	0.01548	0.00694	0.00581	0.00178	0.00573	0.05616	0.00509	0.00798

[dist]
# distance from previous block
# <min> <max>
0	4

[block]
# block no. 2 follows, 45 sequences, length 13
# corresponding to MSA columns:
# 131-137,151-156
name=unknown_C
#
# <colnr> <probs for GDERKNQSTAVLIFYWHMCP>
#	G	D	E	R	K	N	Q	S	T	A	V	L	I	F	Y	W	H	M	C	P
0	0.01901	0.00998	0.01407	0.01232	0.07129	0.00943	0.06344	0.08802	0.06665	0.44191	0.02139	0.04786	0.05596	0.00753	0.00567	0.00174	0.00500	0.04484	0.00563	0.00827
1	0.01450	0.18260	0.13378	0.01755	0.23026	0.04111	0.05143	0.04474	0.01298	0.12249	0.05283	0.03100	0.02997	0.00591	0.00505	0.00155	0.00611	0.00501	0.00346	0.00768
2	0.01130	0.01165	0.02289	0.09328	0.07509	0.01149	0.42071	0.01537	0.04002	0.01694	0.07137	0.08483	0.01542	0.00706	0.00651	0.00187	0.02489	0.05929	0.00336	0.00666
3	0.00773	0.00525	0.00624	0.00645	0.00669	0.00519	0.00405	0.00824	0.00903	0.01209	0.07580	0.12108	0.02457	0.59549	0.02179	0.00437	0.00476	0.07375	0.00379	0.00366
4	0.01291	0.06446	0.41921	0.01419	0.02001	0.06497	0.09944	0.01744	0.01246	0.09915	0.05554	0.01747	0.01194	0.00626	0.00541	0.00171	0.00717	0.05960	0.00323	0.00742
5	0.07072	0.04793	0.17339	0.05029	0.27589	0.04189	0.11657	0.07492	0.06316	0.01892	0.01073	0.01288	0.00833	0.00516	0.00520	0.00165	0.00685	0.00467	0.00301	0.00784
6	0.01592	0.06091	0.06916	0.09922	0.06532	0.37583	0.04336	0.06070	0.05355	0.01549	0.01010	0.01227	0.00819	0.00814	0.06373	0.00206	0.02217	0.00421	0.00295	0.00670
7	0.00748	0.00544	0.00686	0.00753	0.00843	0.00517	0.00569	0.00893	0.01124	0.01462	0.08889	0.24142	0.16566	0.15331	0.01046	0.00269	0.00394	0.24306	0.00474	0.00444
8	0.03715	0.01535	0.12420	0.06376	0.19414	0.06812	0.18409	0.06909	0.01372	0.15947	0.01222	0.01387	0.00886	0.00532	0.00546	0.00167	0.00706	0.00500	0.00355	0.00792
9	0.01596	0.06810	0.14922	0.06949	0.04705	0.12615	0.01141	0.06874	0.15116	0.15728	0.01383	0.01413	0.01007	0.00582	0.00504	0.00156	0.00622	0.00455	0.00401	0.07021
10	0.00708	0.00511	0.00664	0.00753	0.00812	0.00491	0.00536	0.00823	0.01034	0.01363	0.02895	0.47899	0.09604	0.11724	0.06313	0.00301	0.00439	0.12233	0.00462	0.00435
11	0.00852	0.00537	0.00644	0.00672	0.00746	0.00513	0.00459	0.00951	0.01010	0.05559	0.02544	0.24092	0.10125	0.31870	0.01428	0.00320	0.00405	0.07628	0.09212	0.00434
12	0.28993	0.01495	0.13019	0.04167	0.03555	0.05376	0.12165	0.08120	0.12295	0.04240	0.01142	0.01260	0.00851	0.00548	0.00478	0.00170	0.00608	0.00441	0.00357	0.00720

[dist]
# distance from previous block
# <min> <max>
0	13

[block]
# block no. 3 follows, 45 sequences, length 13
# corresponding to MSA columns:
# 170-182
name=unknown_D
#
# <colnr> <probs for GDERKNQSTAVLIFYWHMCP>
#	G	D	E	R	K	N	Q	S	T	A	V	L	I	F	Y	W	H	M	C	P
0	0.18515	0.01122	0.13316	0.00931	0.01222	0.03648	0.05537	0.01232	0.01136	0.01764	0.13342	0.15121	0.12850	0.07128	0.00716	0.00205	0.00474	0.00790	0.00398	0.00553
1	0.14726	0.12930	0.06482	0.01052	0.01429	0.06771	0.00919	0.18698	0.16644	0.05403	0.06110	0.01622	0.01292	0.00653	0.00486	0.00162	0.00537	0.02904	0.00431	0.00748
2	0.06174	0.13327	0.05459	0.01047	0.01458	0.08165	0.06676	0.06000	0.01294	0.09896	0.05482	0.06524	0.01236	0.00603	0.00473	0.00136	0.00541	0.00492	0.00370	0.24648
3	0.05902	0.15298	0.30022	0.01276	0.01792	0.11393	0.03541	0.10568	0.07642	0.01844	0.01144	0.05197	0.00935	0.00598	0.00488	0.00159	0.00683	0.00458	0.00318	0.00741
4	0.02700	0.08460	0.25237	0.01578	0.02090	0.04461	0.28693	0.01590	0.01194	0.03356	0.03995	0.09424	0.01226	0.02848	0.00621	0.00182	0.00733	0.00619	0.00300	0.00692
5	0.00791	0.00670	0.05513	0.00740	0.00884	0.00528	0.00577	0.00943	0.01132	0.05348	0.09420	0.36790	0.21908	0.09178	0.00851	0.00229	0.00360	0.03174	0.00480	0.00484
6	0.27283	0.03166	0.11195	0.01304	0.06564	0.04827	0.11024	0.05942	0.02638	0.08956	0.01201	0.03921	0.00977	0.00599	0.00483	0.00167	0.00586	0.03856	0.00359	0.04951
7	0.03392	0.08507	0.21963	0.02857	0.04012	0.01154	0.09082	0.07487	0.02530	0.14756	0.05488	0.07142	0.01324	0.00668	0.00546	0.00167	0.01989	0.00567	0.05631	0.00737
8	0.12728	0.05811	0.05491	0.01411	0.11076	0.07664	0.07180	0.16605	0.07383	0.04935	0.06146	0.01454	0.01158	0.00584	0.00494	0.00155	0.00578	0.00476	0.02680	0.05989
9	0.00782	0.00546	0.00647	0.00671	0.00716	0.00531	0.00427	0.02761	0.00943	0.01257	0.02223	0.27199	0.05111	0.46765	0.01837	0.00384	0.00445	0.03655	0.00396	0.02704
10	0.01345	0.01337	0.02601	0.05539	0.19247	0.01302	0.45447	0.05955	0.02925	0.04380	0.01155	0.01454	0.00877	0.00491	0.00588	0.00173	0.00773	0.00576	0.03076	0.00759
11	0.01266	0.01238	0.02166	0.16055	0.48990	0.01277	0.12624	0.01690	0.06137	0.01715	0.01088	0.01408	0.00873	0.00501	0.00548	0.00167	0.00677	0.00510	0.00280	0.00788
12	0.00889	0.00602	0.00795	0.00870	0.01010	0.00573	0.00724	0.01092	0.01224	0.06339	0.03302	0.15861	0.17080	0.01436	0.00701	0.00226	0.00425	0.45843	0.00506	0.00505

[dist]
# distance from previous block
# <min> <max>
5	6

[block]
# block no. 4 follows, 45 sequences, length 6
# corresponding to MSA columns:
# 189-194
name=unknown_E
#
# <colnr> <probs for GDERKNQSTAVLIFYWHMCP>
#	G	D	E	R	K	N	Q	S	T	A	V	L	I	F	Y	W	H	M	C	P
0	0.08700	0.06629	0.01810	0.08643	0.09608	0.12507	0.15596	0.08144	0.03798	0.01771	0.01311	0.09500	0.01205	0.00709	0.00585	0.00175	0.03323	0.04978	0.00338	0.00669
1	0.01468	0.00895	0.01027	0.00883	0.01137	0.04812	0.00687	0.06693	0.10578	0.24923	0.24810	0.04754	0.05151	0.05554	0.03981	0.00218	0.00461	0.00726	0.00554	0.00688
2	0.00893	0.00556	0.00705	0.00725	0.00836	0.00510	0.00519	0.01025	0.01161	0.10118	0.13271	0.35631	0.14000	0.11880	0.00927	0.00242	0.00353	0.05651	0.00507	0.00491
3	0.05594	0.05155	0.09317	0.05554	0.07016	0.05428	0.05784	0.13426	0.19812	0.11436	0.01422	0.01471	0.01048	0.00618	0.00580	0.00170	0.04458	0.00494	0.00420	0.00795
4	0.17568	0.16792	0.07610	0.01071	0.01471	0.13036	0.05139	0.04232	0.07884	0.06346	0.01089	0.01260	0.00876	0.04414	0.00549	0.00163	0.00599	0.00402	0.00336	0.09162
5	0.06501	0.12350	0.23896	0.01286	0.04291	0.07503	0.03441	0.10094	0.06288	0.01864	0.01133	0.01261	0.02733	0.00561	0.00535	0.00152	0.04499	0.00418	0.00315	0.10880

[dist]
# distance from previous block
# <min> <max>
2	21

[block]
# block no. 5 follows, 45 sequences, length 23
# corresponding to MSA columns:
# 216-232,244-249
name=unknown_F
#
# <colnr> <probs for GDERKNQSTAVLIFYWHMCP>
#	G	D	E	R	K	N	Q	S	T	A	V	L	I	F	Y	W	H	M	C	P
0	0.04117	0.22655	0.01720	0.02937	0.05345	0.05639	0.00901	0.23271	0.05306	0.03955	0.08977	0.01729	0.06587	0.00664	0.00487	0.00148	0.00532	0.00511	0.00411	0.04111
1	0.04154	0.04924	0.06248	0.02576	0.01455	0.04333	0.00888	0.16229	0.09693	0.13251	0.05126	0.04885	0.01393	0.00683	0.00511	0.00152	0.00506	0.04300	0.00452	0.18241
2	0.01417	0.36200	0.21650	0.01350	0.08481	0.03327	0.01267	0.06515	0.04277	0.05439	0.00986	0.01112	0.00787	0.00533	0.00507	0.00148	0.04581	0.00380	0.00288	0.00755
3	0.00832	0.00543	0.00656	0.00652	0.00712	0.00531	0.00423	0.00905	0.00959	0.05060	0.09204	0.12431	0.08439	0.47151	0.08846	0.00438	0.00530	0.00883	0.00397	0.00408
4	0.03469	0.05629	0.07789	0.01494	0.04947	0.03314	0.16586	0.32361	0.08086	0.08987	0.01306	0.01379	0.00945	0.00582	0.00540	0.00165	0.00652	0.00505	0.00433	0.00831
5	0.01827	0.08700	0.12087	0.01304	0.01781	0.05836	0.10840	0.21506	0.04961	0.23656	0.01416	0.01415	0.00985	0.00589	0.00527	0.00162	0.00634	0.00487	0.00454	0.00833
6	0.01938	0.01162	0.01366	0.01147	0.04010	0.01212	0.00897	0.25065	0.21852	0.30959	0.01912	0.01760	0.02821	0.00683	0.00542	0.00169	0.00492	0.00550	0.00577	0.00885
7	0.00634	0.00544	0.00544	0.00544	0.00725	0.00453	0.00408	0.00770	0.01224	0.01450	0.05438	0.05166	0.77569	0.01359	0.00634	0.00181	0.00272	0.01133	0.00498	0.00453
8	0.02047	0.01261	0.01504	0.01298	0.07749	0.01316	0.00981	0.39639	0.08134	0.27969	0.01614	0.01529	0.01105	0.00644	0.00538	0.00164	0.00537	0.00512	0.00558	0.00903
9	0.01241	0.12087	0.15503	0.06917	0.02596	0.01429	0.49047	0.01679	0.01209	0.01634	0.01013	0.01318	0.00769	0.00468	0.00569	0.00170	0.00831	0.00539	0.00256	0.00723
10	0.01846	0.00969	0.01183	0.00980	0.01325	0.00968	0.00785	0.02551	0.29905	0.42254	0.09379	0.02103	0.01804	0.00730	0.00551	0.00172	0.00425	0.00606	0.00613	0.00850
11	0.00666	0.00482	0.00623	0.00728	0.00776	0.00448	0.00494	0.00767	0.01053	0.01389	0.04865	0.67121	0.10119	0.04787	0.00762	0.00226	0.00320	0.03445	0.00493	0.00436
12	0.01331	0.01302	0.02228	0.12960	0.50153	0.04154	0.14563	0.01668	0.01230	0.03708	0.01038	0.01363	0.00833	0.00489	0.00548	0.00165	0.00702	0.00502	0.00274	0.00788
13	0.24647	0.22005	0.05435	0.01029	0.01413	0.20003	0.00900	0.10464	0.01333	0.04979	0.00921	0.01020	0.00728	0.00529	0.00414	0.00145	0.00624	0.00346	0.02385	0.00679
14	0.00661	0.00481	0.00625	0.00737	0.00787	0.00445	0.00504	0.00764	0.01055	0.01388	0.03198	0.70320	0.10825	0.01642	0.00682	0.00216	0.00315	0.04417	0.00498	0.00440
15	0.01972	0.01588	0.01682	0.01315	0.01724	0.13582	0.07686	0.47214	0.05419	0.10418	0.01322	0.01339	0.00943	0.00619	0.00538	0.00161	0.00657	0.00486	0.00486	0.00848
16	0.01453	0.07687	0.31645	0.01309	0.01855	0.01226	0.07781	0.06655	0.11345	0.16653	0.05965	0.01572	0.01223	0.00604	0.00528	0.00167	0.00628	0.00505	0.00399	0.00801
17	0.37620	0.05941	0.01235	0.01027	0.02761	0.18926	0.02833	0.01884	0.13299	0.02007	0.04825	0.01261	0.01022	0.00571	0.00431	0.00158	0.00561	0.00401	0.00358	0.02881
18	0.01783	0.01242	0.01546	0.07546	0.01774	0.01330	0.06683	0.34255	0.15506	0.16852	0.01731	0.01699	0.04192	0.00669	0.00550	0.00170	0.00557	0.00553	0.00517	0.00843
19	0.01133	0.10003	0.63352	0.01602	0.06143	0.01336	0.05799	0.01690	0.01141	0.01663	0.00952	0.01135	0.00697	0.00501	0.00502	0.00165	0.00771	0.00403	0.00231	0.00783
20	0.06092	0.08085	0.01642	0.02863	0.03379	0.51726	0.03980	0.06741	0.07652	0.01600	0.00976	0.01096	0.00786	0.00557	0.00482	0.00146	0.00827	0.00385	0.00313	0.00671
21	0.00705	0.00521	0.00665	0.00759	0.00827	0.00497	0.00531	0.00890	0.04842	0.01474	0.06848	0.61929	0.09835	0.01565	0.00675	0.00212	0.00322	0.05933	0.00505	0.00465
22	0.03182	0.01452	0.04101	0.04036	0.10088	0.03999	0.53704	0.05851	0.01338	0.05184	0.01114	0.01409	0.00832	0.00482	0.00598	0.00175	0.00826	0.00580	0.00303	0.00747

[dist]
# distance from previous block
# <min> <max>
3	12

[block]
# block no. 6 follows, 45 sequences, length 6
# corresponding to MSA columns:
# 277-280,282,283
name=unknown_G
#
# <colnr> <probs for GDERKNQSTAVLIFYWHMCP>
#	G	D	E	R	K	N	Q	S	T	A	V	L	I	F	Y	W	H	M	C	P
0	0.00671	0.00492	0.00617	0.00695	0.00759	0.00452	0.00472	0.00782	0.01096	0.01444	0.11195	0.54839	0.15891	0.06958	0.00810	0.00227	0.00313	0.01351	0.00496	0.00439
1	0.01763	0.00913	0.01190	0.01063	0.03928	0.00868	0.00841	0.13259	0.01549	0.37063	0.02141	0.09114	0.01814	0.00916	0.00592	0.00185	0.00478	0.17594	0.00564	0.04165
2	0.06773	0.01754	0.06931	0.01552	0.12598	0.26033	0.03860	0.15576	0.01592	0.16441	0.01198	0.01265	0.00873	0.00570	0.00509	0.00156	0.00708	0.00438	0.00396	0.00777
3	0.00820	0.00594	0.00808	0.00921	0.01039	0.00582	0.00782	0.01039	0.01211	0.01565	0.03091	0.14513	0.09904	0.01494	0.00725	0.00238	0.00453	0.59242	0.00495	0.00484
4	0.00772	0.00521	0.00607	0.00628	0.00639	0.00517	0.00378	0.00798	0.00836	0.01112	0.01901	0.12040	0.02196	0.67548	0.02386	0.00471	0.00496	0.05453	0.00355	0.00348
5	0.53677	0.01255	0.03444	0.03661	0.01323	0.07809	0.00765	0.07119	0.08047	0.06997	0.01023	0.01100	0.00765	0.00546	0.00405	0.00165	0.00500	0.00363	0.00376	0.00661

[dist]
# distance from previous block
# <min> <max>
4	12

[block]
# block no. 7 follows, 45 sequences, length 30
# corresponding to MSA columns:
# 299-328
name=unknown_H
#
# <colnr> <probs for GDERKNQSTAVLIFYWHMCP>
#	G	D	E	R	K	N	Q	S	T	A	V	L	I	F	Y	W	H	M	C	P
0	0.30022	0.06037	0.07235	0.01017	0.01430	0.12051	0.03483	0.08056	0.02956	0.07319	0.00996	0.01094	0.00759	0.00515	0.00426	0.00145	0.00563	0.00364	0.00351	0.15180
1	0.31185	0.01754	0.07329	0.01106	0.01472	0.26838	0.00932	0.13691	0.06055	0.03579	0.00992	0.01078	0.00757	0.00558	0.00446	0.00157	0.00656	0.00372	0.00358	0.00687
2	0.01515	0.44790	0.07353	0.01008	0.01426	0.04408	0.00968	0.03397	0.05575	0.13015	0.01323	0.01743	0.01140	0.00642	0.00455	0.00148	0.00568	0.09454	0.00354	0.00718
3	0.00722	0.00519	0.00602	0.00627	0.00688	0.00489	0.00408	0.00800	0.01006	0.01313	0.09750	0.20145	0.19055	0.38079	0.01612	0.00345	0.00398	0.02619	0.00427	0.00397
4	0.00834	0.00612	0.00763	0.00788	0.00902	0.00583	0.00565	0.07346	0.01215	0.01647	0.09772	0.51785	0.04770	0.04831	0.00737	0.00212	0.00355	0.05326	0.00490	0.06468
5	0.01250	0.01035	0.01186	0.00860	0.01330	0.00855	0.00693	0.12354	0.01321	0.01990	0.01003	0.01139	0.00812	0.00434	0.00418	0.00092	0.00426	0.00342	0.00350	0.72108
6	0.00788	0.00535	0.00638	0.00650	0.00671	0.00543	0.00410	0.00830	0.00834	0.01116	0.01787	0.03650	0.02015	0.66353	0.09126	0.00522	0.00597	0.08239	0.00339	0.00356
7	0.00859	0.00596	0.00810	0.00902	0.01024	0.00590	0.00770	0.01103	0.01256	0.01702	0.11955	0.07233	0.03196	0.01366	0.00695	0.00226	0.00439	0.57047	0.07738	0.00495
8	0.01207	0.01425	0.08531	0.01959	0.02436	0.01270	0.56786	0.01624	0.01209	0.01705	0.01157	0.03493	0.00916	0.00536	0.00678	0.00180	0.06057	0.00616	0.07523	0.00694
9	0.43626	0.05747	0.01394	0.01306	0.12622	0.07378	0.05505	0.08273	0.03171	0.02192	0.03681	0.01162	0.00870	0.00535	0.00428	0.00161	0.00541	0.00394	0.00342	0.00673
10	0.00833	0.00624	0.00806	0.00885	0.01030	0.00611	0.00752	0.01115	0.04757	0.01622	0.06082	0.05599	0.19281	0.01407	0.00705	0.00227	0.00434	0.52225	0.00501	0.00502
11	0.00817	0.00590	0.00804	0.00906	0.01023	0.00577	0.00763	0.01040	0.01235	0.01617	0.09472	0.14525	0.07888	0.01465	0.00719	0.00233	0.00438	0.54898	0.00503	0.00486
12	0.01240	0.01531	0.09102	0.05811	0.02808	0.01341	0.66480	0.01702	0.01247	0.01702	0.01070	0.01422	0.00799	0.00461	0.00619	0.00180	0.00887	0.00607	0.00266	0.00724
13	0.08293	0.01334	0.01486	0.01224	0.01564	0.06145	0.05880	0.40182	0.05796	0.02602	0.01515	0.02158	0.01297	0.00785	0.00609	0.00181	0.03657	0.14062	0.00468	0.00763
14	0.00678	0.00477	0.00616	0.00717	0.00742	0.00452	0.00466	0.00754	0.00982	0.01309	0.02722	0.66349	0.03252	0.16525	0.01068	0.00274	0.00350	0.01387	0.00466	0.00415
15	0.00654	0.00467	0.00623	0.00747	0.00779	0.00436	0.00498	0.00747	0.01028	0.01370	0.02959	0.80785	0.03550	0.01682	0.00685	0.00218	0.00311	0.01526	0.00498	0.00436
16	0.01997	0.01482	0.01587	0.01226	0.01648	0.01644	0.01010	0.71505	0.07086	0.03313	0.01344	0.01333	0.00957	0.00650	0.00538	0.00162	0.00580	0.00491	0.00538	0.00909
17	0.01493	0.01220	0.02037	0.02939	0.66179	0.01202	0.01517	0.01795	0.01270	0.13360	0.01178	0.01404	0.00923	0.00507	0.00533	0.00160	0.00610	0.00488	0.00326	0.00860
18	0.01183	0.26125	0.55938	0.01349	0.02043	0.01507	0.01667	0.01672	0.01121	0.01570	0.00899	0.01053	0.00683	0.00495	0.00461	0.00154	0.00728	0.00364	0.00228	0.00762
19	0.00819	0.00631	0.00745	0.00702	0.00864	0.00603	0.00530	0.03816	0.07970	0.01991	0.46566	0.07599	0.22854	0.01142	0.00625	0.00175	0.00288	0.00988	0.00557	0.00534
20	0.00663	0.00471	0.00620	0.00736	0.00765	0.00442	0.00486	0.00750	0.01010	0.01347	0.02869	0.75335	0.03438	0.07285	0.00830	0.00239	0.00326	0.01473	0.00486	0.00428
21	0.05789	0.00712	0.00976	0.00941	0.01031	0.00860	0.00736	0.02584	0.00918	0.01386	0.01495	0.13804	0.01511	0.02844	0.47144	0.00598	0.15163	0.00682	0.00318	0.00507
22	0.01123	0.00997	0.01307	0.03528	0.01485	0.00787	0.07168	0.01384	0.01125	0.01734	0.00965	0.01153	0.00794	0.00407	0.00423	0.00092	0.00452	0.00351	0.00311	0.74415
23	0.01869	0.01262	0.01412	0.01080	0.01504	0.01294	0.00886	0.45641	0.03926	0.15699	0.01541	0.01505	0.03722	0.00631	0.00516	0.00149	0.00518	0.00490	0.00518	0.15837
24	0.00692	0.00502	0.00643	0.00737	0.00798	0.00470	0.00518	0.00806	0.01069	0.01401	0.05046	0.53488	0.12505	0.08474	0.00862	0.00242	0.00346	0.10480	0.00485	0.00438
25	0.01381	0.05936	0.03948	0.05606	0.57586	0.01362	0.05743	0.08657	0.01333	0.01862	0.01022	0.01304	0.00836	0.00494	0.00527	0.00159	0.00651	0.00475	0.00288	0.00829
26	0.01349	0.32630	0.40372	0.01245	0.01867	0.01581	0.01449	0.06280	0.01226	0.06028	0.00967	0.01079	0.00735	0.00508	0.00450	0.00148	0.00678	0.00368	0.00272	0.00768
27	0.00662	0.00498	0.00598	0.00668	0.00747	0.00451	0.00456	0.00767	0.01087	0.01397	0.06305	0.48060	0.26807	0.07878	0.00830	0.00229	0.00314	0.01323	0.00488	0.00435
28	0.00951	0.00650	0.00772	0.00734	0.00892	0.00648	0.00558	0.04176	0.10061	0.04012	0.37026	0.11170	0.06154	0.01023	0.00579	0.00170	0.00306	0.03589	0.15969	0.00561
29	0.03004	0.29208	0.33395	0.01390	0.06216	0.03869	0.05566	0.02889	0.03477	0.01621	0.04029	0.01204	0.00909	0.00521	0.00464	0.00150	0.00677	0.00405	0.00266	0.00740

[dist]
# distance from previous block
# <min> <max>
0	315

[block]
# block no. 8 follows, 45 sequences, length 72
# corresponding to MSA columns:
# 644-663,684-735
name=unknown_I
#
# <colnr> <probs for GDERKNQSTAVLIFYWHMCP>
#	G	D	E	R	K	N	Q	S	T	A	V	L	I	F	Y	W	H	M	C	P
0	0.01298	0.01250	0.02137	0.09892	0.65227	0.01274	0.04856	0.01670	0.03951	0.01736	0.01051	0.01367	0.00865	0.00491	0.00537	0.00163	0.00649	0.00490	0.00274	0.00822
1	0.00758	0.00558	0.00803	0.00814	0.00891	0.00629	0.00608	0.00915	0.00866	0.01229	0.01610	0.09421	0.01625	0.14320	0.61526	0.00758	0.01211	0.00689	0.00312	0.00454
2	0.01113	0.00954	0.01113	0.00795	0.01272	0.00716	0.00636	0.01352	0.01113	0.01749	0.00954	0.01113	0.00795	0.00398	0.00398	0.00080	0.00398	0.00318	0.00318	0.84417
3	0.08434	0.09441	0.13844	0.01521	0.16732	0.02824	0.02691	0.04151	0.03604	0.24014	0.04617	0.03395	0.01190	0.00606	0.00505	0.00162	0.00566	0.00499	0.00414	0.00791
4	0.00894	0.00491	0.00737	0.00737	0.00759	0.00513	0.00513	0.00759	0.00737	0.01005	0.01049	0.01741	0.01027	0.02362	0.19789	0.65171	0.00690	0.00491	0.00246	0.00290
5	0.00660	0.00475	0.00616	0.00725	0.00764	0.00442	0.00483	0.00751	0.01027	0.01357	0.03050	0.71430	0.08329	0.06165	0.00798	0.00233	0.00321	0.01458	0.00488	0.00431
6	0.01254	0.10709	0.53483	0.04567	0.02199	0.01331	0.05869	0.04718	0.02642	0.06797	0.01060	0.01203	0.00760	0.00522	0.00504	0.00165	0.00736	0.00419	0.00277	0.00784
7	0.04528	0.04994	0.49302	0.05261	0.14779	0.03034	0.03886	0.03185	0.01185	0.03569	0.00989	0.01184	0.00731	0.00509	0.00506	0.00166	0.00737	0.00417	0.00257	0.00781
8	0.01685	0.02068	0.05115	0.01820	0.18646	0.46240	0.01237	0.01882	0.01329	0.01426	0.00857	0.01088	0.00728	0.00594	0.00693	0.00159	0.13096	0.00397	0.00265	0.00675
9	0.15541	0.04678	0.01868	0.09791	0.49832	0.01281	0.01372	0.03183	0.01190	0.04942	0.00999	0.01260	0.00806	0.00497	0.00490	0.00161	0.00596	0.00441	0.00295	0.00778
10	0.17099	0.16002	0.07006	0.01032	0.01464	0.01447	0.00927	0.23907	0.08227	0.12863	0.01247	0.01253	0.00911	0.00575	0.00458	0.00154	0.00529	0.00418	0.00431	0.04051
11	0.01415	0.01326	0.01713	0.02106	0.35488	0.07824	0.02807	0.09362	0.22639	0.02027	0.04899	0.01697	0.03045	0.00619	0.00541	0.00166	0.00581	0.00545	0.00393	0.00810
12	0.00650	0.00493	0.00599	0.00680	0.00762	0.00443	0.00469	0.00760	0.01101	0.01412	0.05269	0.54886	0.27407	0.01566	0.00668	0.00205	0.00298	0.01388	0.00500	0.00443
13	0.01744	0.04866	0.09502	0.01149	0.01614	0.03308	0.01022	0.40116	0.06436	0.08915	0.01286	0.01304	0.00932	0.00585	0.00502	0.00147	0.00566	0.00447	0.00459	0.15100
14	0.01574	0.01408	0.12679	0.01561	0.11057	0.01129	0.14207	0.11734	0.03255	0.18739	0.01315	0.01402	0.00942	0.00532	0.00524	0.00152	0.00611	0.00481	0.00401	0.16297
15	0.01506	0.06526	0.38653	0.01359	0.03610	0.06513	0.01444	0.17152	0.01501	0.11148	0.02975	0.03052	0.00976	0.00595	0.00515	0.00163	0.00684	0.00462	0.00362	0.00802
16	0.01332	0.56317	0.22684	0.01154	0.01706	0.01851	0.05379	0.01638	0.01112	0.01403	0.00822	0.00965	0.00694	0.00472	0.00404	0.00133	0.00650	0.00335	0.00231	0.00718
17	0.00912	0.00802	0.04146	0.07341	0.16413	0.00767	0.00873	0.01110	0.01045	0.02646	0.06933	0.18532	0.03566	0.14826	0.17298	0.00381	0.00693	0.00810	0.00358	0.00548
18	0.01220	0.11427	0.50416	0.01470	0.02130	0.01325	0.10223	0.01794	0.05862	0.05867	0.01131	0.02821	0.00849	0.00543	0.00513	0.00166	0.00730	0.00455	0.00281	0.00776
19	0.01202	0.01236	0.01666	0.58643	0.12425	0.12967	0.01441	0.01522	0.01159	0.01409	0.00942	0.01349	0.00728	0.00532	0.00528	0.00170	0.00744	0.00457	0.00248	0.00631
20	0.00770	0.00561	0.00790	0.00790	0.00861	0.00632	0.00581	0.00912	0.00841	0.01193	0.01504	0.02475	0.01501	0.24157	0.59095	0.00773	0.01198	0.00629	0.00297	0.00439
21	0.02761	0.01920	0.34080	0.06358	0.07035	0.06357	0.04675	0.03382	0.20649	0.01864	0.04693	0.01517	0.01145	0.00595	0.00529	0.00171	0.00665	0.00493	0.00341	0.00771
22	0.01426	0.01481	0.03647	0.04538	0.51972	0.11102	0.07561	0.05460	0.01308	0.01750	0.00993	0.01283	0.00818	0.00514	0.00582	0.00162	0.03854	0.00472	0.00279	0.00797
23	0.01267	0.01448	0.03167	0.02262	0.02805	0.01357	0.75837	0.01719	0.01267	0.01719	0.01086	0.01448	0.00814	0.00452	0.00633	0.00181	0.00905	0.00633	0.00271	0.00724
24	0.00931	0.00802	0.01296	0.02815	0.12857	0.00817	0.10148	0.02952	0.01083	0.01482	0.01960	0.32610	0.02146	0.09847	0.08724	0.00300	0.04153	0.04145	0.00380	0.00552
25	0.01246	0.13112	0.30652	0.04893	0.21127	0.02913	0.05426	0.01728	0.05783	0.03237	0.01182	0.01413	0.02635	0.00547	0.00509	0.00162	0.00683	0.01701	0.00280	0.00771
26	0.00664	0.00479	0.00633	0.00736	0.00782	0.00448	0.00499	0.00774	0.01070	0.01431	0.08827	0.69972	0.06549	0.01678	0.02508	0.00228	0.00332	0.01445	0.00501	0.00443
27	0.00830	0.00597	0.00841	0.00947	0.01058	0.00607	0.00801	0.01054	0.01163	0.01533	0.02658	0.12935	0.02891	0.01857	0.11655	0.00330	0.00608	0.56682	0.00466	0.00486
28	0.01204	0.04616	0.21876	0.03996	0.27953	0.01263	0.16178	0.01701	0.07032	0.01719	0.01221	0.06594	0.01030	0.00581	0.00550	0.00171	0.00692	0.00560	0.00292	0.00771
29	0.01192	0.06122	0.22436	0.01954	0.23815	0.05734	0.12880	0.01578	0.01256	0.01723	0.11589	0.01764	0.04378	0.00605	0.00546	0.00164	0.00669	0.00555	0.00308	0.00731
30	0.00737	0.00555	0.00683	0.00661	0.00797	0.00508	0.00492	0.00981	0.03173	0.01936	0.53706	0.10270	0.21131	0.01194	0.00635	0.00176	0.00266	0.01042	0.00562	0.00497
31	0.00971	0.00817	0.11381	0.00673	0.00883	0.00599	0.00615	0.01259	0.01132	0.01908	0.04496	0.09084	0.01609	0.00722	0.00431	0.00141	0.00332	0.00596	0.61816	0.00536
32	0.12956	0.02757	0.10124	0.04192	0.12937	0.02965	0.02323	0.05524	0.04034	0.15916	0.06155	0.03609	0.06299	0.00712	0.00597	0.00173	0.05392	0.02204	0.00410	0.00722
33	0.01113	0.02452	0.63441	0.01573	0.04935	0.01253	0.03982	0.01656	0.01119	0.03113	0.01024	0.03372	0.00784	0.00578	0.00623	0.00177	0.07344	0.00447	0.00246	0.00769
34	0.00678	0.00482	0.00639	0.00744	0.00778	0.00463	0.00500	0.00772	0.00998	0.01335	0.02737	0.66707	0.03246	0.09647	0.05745	0.00288	0.00406	0.02939	0.00468	0.00429
35	0.01184	0.05921	0.65041	0.01523	0.02245	0.08323	0.05062	0.01737	0.01172	0.01648	0.00948	0.01121	0.00687	0.00509	0.00506	0.00165	0.00805	0.00398	0.00233	0.00771
36	0.01454	0.01467	0.11056	0.03597	0.33963	0.05230	0.07885	0.07602	0.02631	0.09479	0.01189	0.02977	0.00933	0.00539	0.00529	0.00158	0.00646	0.00492	0.00337	0.07837
37	0.01070	0.02708	0.75891	0.01513	0.02285	0.01227	0.01948	0.01681	0.01137	0.01697	0.01023	0.01290	0.00757	0.00541	0.00517	0.00172	0.00784	0.02741	0.00235	0.00784
38	0.01535	0.01502	0.01995	0.02419	0.41935	0.12624	0.07623	0.13639	0.07824	0.01987	0.01133	0.01337	0.00900	0.00534	0.00535	0.00160	0.00683	0.00484	0.00334	0.00816
39	0.01306	0.15229	0.31579	0.01206	0.03629	0.02843	0.01268	0.03426	0.02927	0.07720	0.01049	0.01162	0.00796	0.00491	0.00455	0.00135	0.00609	0.00376	0.00303	0.23488
40	0.01604	0.31235	0.09717	0.01126	0.01565	0.09390	0.01042	0.17677	0.14952	0.04982	0.01202	0.01231	0.00930	0.00569	0.00459	0.00147	0.00608	0.00412	0.00373	0.00778
41	0.01431	0.79415	0.02822	0.00953	0.01414	0.02104	0.02832	0.01610	0.01095	0.01275	0.00755	0.00876	0.00692	0.00459	0.00352	0.00117	0.00583	0.00296	0.00231	0.00690
42	0.01782	0.01368	0.01468	0.01161	0.01563	0.01500	0.00944	0.51044	0.21324	0.02955	0.01489	0.01456	0.01088	0.00645	0.00528	0.00160	0.00532	0.00501	0.00521	0.07974
43	0.01595	0.13111	0.28707	0.01283	0.04054	0.02978	0.04318	0.05792	0.01335	0.24067	0.01386	0.01407	0.02559	0.00566	0.00499	0.00156	0.00627	0.00451	0.00385	0.04722
44	0.01306	0.19017	0.45079	0.01359	0.04914	0.01360	0.01517	0.01785	0.03362	0.09353	0.01071	0.01178	0.00788	0.00514	0.00474	0.00153	0.00674	0.00393	0.00287	0.05416
45	0.00799	0.00812	0.08456	0.00816	0.01032	0.00620	0.03643	0.01098	0.03084	0.01940	0.49880	0.08171	0.15421	0.01079	0.00622	0.00174	0.00343	0.00949	0.00522	0.00539
46	0.01315	0.01261	0.02153	0.06710	0.74481	0.01272	0.01640	0.01635	0.01216	0.01737	0.01007	0.01333	0.00844	0.00481	0.00532	0.00160	0.00641	0.00478	0.00264	0.00839
47	0.01260	0.01210	0.01986	0.28621	0.46761	0.03015	0.03781	0.03932	0.01222	0.01667	0.00998	0.01357	0.00803	0.00504	0.00535	0.00166	0.00678	0.00480	0.00266	0.00759
48	0.03206	0.05242	0.30758	0.09223	0.16923	0.04756	0.09352	0.03208	0.06147	0.03277	0.02260	0.01326	0.00877	0.00529	0.00523	0.00167	0.00714	0.00463	0.00286	0.00766
49	0.01104	0.01080	0.01800	0.61157	0.14217	0.03370	0.06793	0.01457	0.01121	0.01450	0.00968	0.01405	0.00741	0.00523	0.00541	0.00175	0.00725	0.00485	0.00246	0.00643
50	0.00781	0.00520	0.00585	0.00585	0.00585	0.00520	0.00325	0.00781	0.00781	0.01041	0.01691	0.03513	0.01952	0.81135	0.02732	0.00520	0.00520	0.00781	0.00325	0.00325
51	0.01329	0.11625	0.29420	0.06506	0.07727	0.04019	0.05613	0.11789	0.04735	0.03810	0.01317	0.01591	0.03690	0.00608	0.00520	0.00166	0.00677	0.03776	0.00324	0.00758
52	0.01316	0.01136	0.01678	0.03541	0.33283	0.01170	0.05548	0.10360	0.14305	0.04255	0.10267	0.02058	0.07328	0.00682	0.00560	0.00168	0.00537	0.00617	0.00411	0.00778
53	0.00785	0.00618	0.00750	0.00760	0.03134	0.00584	0.00543	0.01110	0.08222	0.01890	0.42269	0.09899	0.25095	0.01164	0.00627	0.00177	0.00290	0.01011	0.00544	0.00527
54	0.00691	0.00507	0.00681	0.00830	0.03567	0.00477	0.00538	0.00794	0.01036	0.01377	0.02920	0.68557	0.06386	0.05749	0.00786	0.00231	0.00338	0.03606	0.00481	0.00448
55	0.10419	0.25664	0.06460	0.01211	0.06965	0.04315	0.01008	0.19972	0.05590	0.11834	0.01166	0.01205	0.00876	0.00557	0.00454	0.00149	0.00570	0.00407	0.00392	0.00785
56	0.00796	0.07263	0.00949	0.03585	0.02581	0.00706	0.00659	0.00923	0.01040	0.01379	0.02500	0.56793	0.02921	0.03239	0.00761	0.00217	0.04901	0.07861	0.00443	0.00482
57	0.00865	0.00618	0.00865	0.00989	0.01112	0.00618	0.00865	0.01112	0.01236	0.01606	0.02842	0.06055	0.03089	0.01483	0.00741	0.00247	0.00494	0.74174	0.00494	0.00494
58	0.01216	0.01524	0.12383	0.12848	0.02679	0.02862	0.46508	0.03263	0.03113	0.01687	0.01137	0.04275	0.00900	0.00541	0.00625	0.00181	0.02670	0.00600	0.00281	0.00707
59	0.01233	0.01921	0.35059	0.08198	0.31405	0.01283	0.05546	0.05849	0.01248	0.01792	0.01005	0.01256	0.00768	0.00504	0.00528	0.00167	0.00722	0.00451	0.00262	0.00803
60	0.00756	0.00551	0.00732	0.00834	0.00931	0.00527	0.00662	0.00934	0.01170	0.01524	0.06252	0.33191	0.12236	0.01525	0.00704	0.00225	0.00391	0.35887	0.00500	0.00469
61	0.01259	0.01480	0.05371	0.02215	0.02749	0.01363	0.71395	0.01706	0.01250	0.01706	0.01071	0.01430	0.00807	0.00469	0.00664	0.00182	0.03271	0.00622	0.00269	0.00722
62	0.02855	0.37589	0.12212	0.01516	0.16416	0.08678	0.01197	0.03518	0.04264	0.05742	0.00979	0.01106	0.00796	0.00505	0.00438	0.00140	0.00636	0.00375	0.00286	0.00750
63	0.00879	0.00535	0.00678	0.00694	0.00784	0.00552	0.00502	0.01041	0.00993	0.04519	0.01927	0.19506	0.01920	0.12964	0.24647	0.00425	0.00670	0.00788	0.25503	0.00472
64	0.84927	0.01038	0.00789	0.00706	0.01038	0.01204	0.00581	0.01578	0.00914	0.02408	0.00747	0.00872	0.00581	0.00498	0.00332	0.00166	0.00415	0.00291	0.00332	0.00581
65	0.01267	0.01420	0.02763	0.02088	0.05481	0.05712	0.58530	0.01660	0.01252	0.01677	0.04466	0.01535	0.01009	0.00630	0.03178	0.00202	0.05532	0.00615	0.00284	0.00698
66	0.01074	0.00878	0.01040	0.00792	0.01198	0.00674	0.00618	0.01289	0.01110	0.03589	0.01294	0.13487	0.01236	0.00603	0.00446	0.00103	0.00386	0.00511	0.00355	0.69318
67	0.01113	0.00954	0.01113	0.00795	0.01272	0.00716	0.00636	0.01352	0.01113	0.01749	0.00954	0.01113	0.00795	0.00398	0.00398	0.00080	0.00398	0.00318	0.00318	0.84417
68	0.01478	0.05959	0.25134	0.01662	0.14063	0.01228	0.09393	0.06308	0.07670	0.16159	0.02962	0.01457	0.01035	0.00561	0.00528	0.00164	0.00642	0.00490	0.00375	0.02731
69	0.01237	0.31613	0.48991	0.01293	0.01956	0.01559	0.01567	0.01685	0.01126	0.03165	0.00908	0.01048	0.00697	0.00495	0.00450	0.00150	0.00706	0.00359	0.00237	0.00758
70	0.00660	0.00486	0.00604	0.00695	0.00754	0.00446	0.00467	0.00754	0.01048	0.01362	0.03355	0.60056	0.18085	0.07538	0.00828	0.00233	0.00319	0.01393	0.00485	0.00431
71	0.00829	0.00593	0.00728	0.00710	0.00845	0.00560	0.00524	0.02739	0.04725	0.04142	0.40328	0.17681	0.15359	0.05307	0.00744	0.00200	0.00307	0.02625	0.00544	0.00513

[dist]
# distance from previous block
# <min> <max>
1	10

[block]
# block no. 9 follows, 45 sequences, length 6
# corresponding to MSA columns:
# 746-751
name=unknown_J
#
# <colnr> <probs for GDERKNQSTAVLIFYWHMCP>
#	G	D	E	R	K	N	Q	S	T	A	V	L	I	F	Y	W	H	M	C	P
0	0.08526	0.32166	0.04315	0.00944	0.01323	0.07897	0.00846	0.01709	0.04045	0.11636	0.03818	0.06495	0.01259	0.00654	0.00450	0.00144	0.00532	0.04205	0.00362	0.08674
1	0.05838	0.10191	0.07914	0.00941	0.01275	0.04562	0.02683	0.06787	0.01280	0.10105	0.06868	0.08849	0.08019	0.07310	0.00700	0.00187	0.00500	0.04522	0.00410	0.11059
2	0.01297	0.05640	0.11882	0.01253	0.04941	0.09827	0.07501	0.07575	0.01280	0.01763	0.01087	0.06000	0.00942	0.00555	0.00514	0.00132	0.02849	0.00456	0.00317	0.34191
3	0.35808	0.01295	0.07307	0.01012	0.04028	0.08853	0.00830	0.01836	0.11271	0.08639	0.04824	0.03982	0.01143	0.00610	0.00446	0.00161	0.00501	0.00451	0.00390	0.06611
4	0.05524	0.03575	0.05107	0.01130	0.01439	0.20250	0.06912	0.06271	0.01396	0.17189	0.05298	0.17430	0.04497	0.00847	0.00554	0.00170	0.00600	0.00709	0.00437	0.00667
5	0.04374	0.07702	0.01421	0.01006	0.01389	0.00933	0.08440	0.01684	0.04901	0.17785	0.01535	0.05871	0.01311	0.04161	0.00597	0.00159	0.00488	0.06474	0.00414	0.29357

[dist]
# distance from previous block
# <min> <max>
0	15

[block]
# block no. 10 follows, 45 sequences, length 7
# corresponding to MSA columns:
# 767-773
name=unknown_K
#
# <colnr> <probs for GDERKNQSTAVLIFYWHMCP>
#	G	D	E	R	K	N	Q	S	T	A	V	L	I	F	Y	W	H	M	C	P
0	0.11945	0.03326	0.01551	0.01263	0.05766	0.12094	0.09693	0.13467	0.01415	0.05344	0.01082	0.01308	0.00864	0.00526	0.00474	0.00137	0.00594	0.02504	0.00358	0.26289
1	0.06041	0.07326	0.06576	0.01256	0.01668	0.13351	0.13490	0.15338	0.01520	0.05064	0.10843	0.01548	0.01345	0.00594	0.00512	0.00149	0.00630	0.00499	0.00381	0.11869
2	0.01315	0.07502	0.05710	0.01745	0.04652	0.12233	0.38453	0.03886	0.01283	0.01636	0.01256	0.11459	0.01135	0.00631	0.00574	0.00168	0.00766	0.00646	0.00306	0.04643
3	0.01001	0.00500	0.00500	0.00500	0.00625	0.00500	0.00375	0.01251	0.01126	0.02001	0.01751	0.02001	0.01376	0.00625	0.00375	0.00125	0.00250	0.00500	0.84115	0.00500
4	0.01565	0.01185	0.01314	0.11110	0.01679	0.05534	0.00900	0.25479	0.10007	0.09064	0.03630	0.01530	0.01137	0.00605	0.00499	0.00147	0.00523	0.00480	0.08103	0.15509
5	0.00961	0.00906	0.00953	0.00888	0.01076	0.10667	0.04761	0.01279	0.08596	0.01698	0.21663	0.14098	0.23331	0.01132	0.00620	0.00182	0.00426	0.05736	0.00485	0.00542
6	0.00966	0.00706	0.00906	0.00959	0.01124	0.00713	0.00824	0.09361	0.01377	0.01783	0.03003	0.05413	0.12388	0.01374	0.00705	0.00229	0.00476	0.56658	0.00500	0.00535

[dist]
# distance from previous block
# <min> <max>
0	0

# created by:
# /st0/software/busco_prod/Augustus/scripts/msa2prfl.pl ./align_prep/131613.fa
