[name]
unknown

[dist]
# distance from previous block
# <min> <max>
0	143

[block]
# block no. 0 follows, 64 sequences, length 24
# corresponding to MSA columns:
# 143-166
name=unknown_A
#
# <colnr> <probs for GDERKNQSTAVLIFYWHMCP>
#	G	D	E	R	K	N	Q	S	T	A	V	L	I	F	Y	W	H	M	C	P
0	0.05380	0.01043	0.07026	0.02805	0.01212	0.09379	0.03321	0.19097	0.03828	0.24462	0.01202	0.01403	0.00909	0.00526	0.00430	0.00128	0.02318	0.06898	0.03575	0.05058
1	0.01414	0.01063	0.01134	0.00939	0.03800	0.06834	0.00739	0.46012	0.06367	0.10408	0.01104	0.03120	0.00846	0.00519	0.00431	0.00123	0.02310	0.02861	0.00381	0.09595
2	0.01122	0.18233	0.15448	0.00991	0.01355	0.10722	0.13458	0.02730	0.00975	0.11110	0.02918	0.03937	0.00784	0.00439	0.00402	0.00114	0.02379	0.00363	0.00255	0.12264
3	0.07121	0.00894	0.00940	0.00830	0.01064	0.01029	0.00656	0.11432	0.59855	0.01797	0.01588	0.01556	0.03757	0.00578	0.00445	0.00141	0.02965	0.02325	0.00401	0.00626
4	0.58224	0.05577	0.03361	0.00638	0.00919	0.01913	0.00548	0.04567	0.04978	0.08435	0.00797	0.00920	0.00619	0.00427	0.00302	0.00125	0.00352	0.02485	0.00289	0.04523
5	0.83874	0.00872	0.04825	0.00579	0.00854	0.00933	0.00505	0.01226	0.00716	0.01836	0.00587	0.00685	0.00454	0.00386	0.00264	0.00129	0.00336	0.00229	0.00253	0.00458
6	0.00683	0.07673	0.09509	0.00626	0.00811	0.00597	0.00555	0.00966	0.06425	0.01559	0.59233	0.02592	0.05681	0.00748	0.00457	0.00128	0.00270	0.00646	0.00400	0.00443
7	0.00933	0.00858	0.01416	0.13436	0.53445	0.00884	0.02085	0.01206	0.04453	0.02311	0.01100	0.07244	0.02824	0.00516	0.00434	0.00134	0.00464	0.05430	0.00244	0.00583
8	0.02906	0.00720	0.00863	0.00639	0.00977	0.00576	0.00514	0.02721	0.00966	0.17887	0.06453	0.01123	0.00920	0.00391	0.00343	0.00082	0.00312	0.00317	0.00318	0.60973
9	0.00625	0.00448	0.00574	0.00627	0.00703	0.00438	0.00500	0.00753	0.00863	0.01116	0.04090	0.04016	0.13030	0.24247	0.00983	0.00241	0.00360	0.45692	0.00349	0.00343
10	0.08331	0.06140	0.01099	0.00851	0.02352	0.10614	0.00679	0.29335	0.13881	0.08766	0.01975	0.01206	0.04971	0.00498	0.00386	0.00119	0.00424	0.00378	0.00357	0.07639
11	0.00497	0.00406	0.00440	0.00464	0.00573	0.00348	0.00335	0.00596	0.00914	0.01120	0.05671	0.24825	0.60146	0.01111	0.00501	0.00147	0.00218	0.00952	0.00387	0.00348
12	0.13767	0.01088	0.18095	0.00960	0.01320	0.00838	0.13642	0.03769	0.08612	0.24051	0.08676	0.01308	0.01060	0.00480	0.00408	0.00132	0.00444	0.00413	0.00342	0.00593
13	0.65328	0.00805	0.00778	0.18849	0.01274	0.00946	0.00619	0.04808	0.00790	0.01723	0.00632	0.00784	0.00484	0.00397	0.00299	0.00131	0.00378	0.00263	0.00248	0.00464
14	0.00787	0.00802	0.04949	0.80646	0.02813	0.00925	0.01171	0.01073	0.00833	0.01073	0.00739	0.01097	0.00552	0.00414	0.00414	0.00138	0.00556	0.00366	0.00184	0.00468
15	0.00622	0.00455	0.00616	0.00671	0.00735	0.00465	0.00531	0.00759	0.00884	0.01186	0.11731	0.23978	0.02451	0.09693	0.02832	0.00211	0.04427	0.37023	0.00365	0.00362
16	0.07527	0.08386	0.00918	0.04720	0.00964	0.02554	0.00570	0.02420	0.03380	0.24652	0.23368	0.01810	0.02484	0.02402	0.02929	0.00149	0.04227	0.01699	0.04327	0.00515
17	0.00957	0.07398	0.01231	0.46639	0.02035	0.03532	0.00935	0.15221	0.01014	0.01307	0.00896	0.02526	0.02426	0.06554	0.00583	0.00153	0.05466	0.00396	0.00238	0.00491
18	0.00812	0.01876	0.68268	0.01137	0.01676	0.00900	0.06203	0.01251	0.00920	0.01359	0.10760	0.01164	0.00947	0.00448	0.00412	0.00132	0.00568	0.00372	0.00212	0.00583
19	0.00807	0.00774	0.01244	0.81978	0.02815	0.03333	0.01143	0.01079	0.00841	0.01060	0.00735	0.01097	0.00553	0.00416	0.00414	0.00138	0.00559	0.00366	0.00185	0.00462
20	0.00842	0.02011	0.73932	0.05065	0.03486	0.00967	0.05377	0.01304	0.00881	0.01305	0.00750	0.00902	0.00535	0.00393	0.00401	0.00132	0.00613	0.00320	0.00178	0.00605
21	0.00784	0.00738	0.01246	0.84404	0.02861	0.00923	0.01154	0.01061	0.00831	0.01061	0.00738	0.01107	0.00554	0.00415	0.00415	0.00138	0.00554	0.00369	0.00185	0.00461
22	0.00560	0.00385	0.00504	0.00580	0.00627	0.00365	0.00415	0.00670	0.00856	0.01182	0.08965	0.59636	0.02640	0.01166	0.00510	0.00162	0.00252	0.11545	0.08629	0.00353
23	0.00635	0.00479	0.00591	0.06959	0.00814	0.00477	0.00453	0.00816	0.06956	0.04186	0.04237	0.32061	0.26358	0.09552	0.00674	0.00178	0.01950	0.01879	0.00362	0.00384

[dist]
# distance from previous block
# <min> <max>
0	3

[block]
# block no. 1 follows, 64 sequences, length 19
# corresponding to MSA columns:
# 170-188
name=unknown_B
#
# <colnr> <probs for GDERKNQSTAVLIFYWHMCP>
#	G	D	E	R	K	N	Q	S	T	A	V	L	I	F	Y	W	H	M	C	P
0	0.00666	0.00474	0.00657	0.00747	0.00837	0.00474	0.00645	0.00846	0.00936	0.01218	0.02148	0.04571	0.02339	0.06043	0.00663	0.00204	0.00384	0.75401	0.00375	0.00375
1	0.01122	0.00954	0.00983	0.00862	0.01106	0.03594	0.00675	0.15063	0.64045	0.01838	0.01563	0.03969	0.01199	0.00571	0.00423	0.00138	0.00360	0.00469	0.00414	0.00650
2	0.01090	0.65338	0.05160	0.00772	0.01125	0.06689	0.03198	0.01248	0.00880	0.01052	0.02644	0.00770	0.00627	0.00370	0.00294	0.00092	0.00461	0.00252	0.00193	0.07745
3	0.01057	0.06340	0.54402	0.01064	0.01571	0.00920	0.04627	0.02996	0.00973	0.17080	0.04391	0.01076	0.00775	0.00435	0.00401	0.00129	0.00537	0.00352	0.00259	0.00617
4	0.00858	0.09681	0.75936	0.01141	0.01732	0.01026	0.01460	0.01309	0.00874	0.01285	0.00730	0.00858	0.00527	0.00391	0.00383	0.00128	0.00599	0.00299	0.00176	0.00607
5	0.00784	0.00738	0.01246	0.84404	0.02861	0.00923	0.01154	0.01061	0.00831	0.01061	0.00738	0.01107	0.00554	0.00415	0.00415	0.00138	0.00554	0.00369	0.00185	0.00461
6	0.01698	0.00729	0.01023	0.03319	0.04928	0.00658	0.02159	0.04472	0.01180	0.68127	0.03439	0.01515	0.01091	0.00530	0.00425	0.00131	0.00373	0.03050	0.00475	0.00677
7	0.00695	0.00369	0.00531	0.00534	0.00537	0.00370	0.00351	0.00556	0.00562	0.00751	0.00864	0.04240	0.00905	0.12945	0.03865	0.70722	0.00383	0.00423	0.00198	0.00200
8	0.00784	0.00738	0.01246	0.84404	0.02861	0.00923	0.01154	0.01061	0.00831	0.01061	0.00738	0.01107	0.00554	0.00415	0.00415	0.00138	0.00554	0.00369	0.00185	0.00461
9	0.01399	0.00886	0.01327	0.06583	0.38079	0.02457	0.00957	0.06235	0.01102	0.35024	0.01141	0.01184	0.00804	0.00441	0.00414	0.00126	0.00442	0.00388	0.00344	0.00666
10	0.00974	0.01052	0.02150	0.09627	0.22197	0.01023	0.54046	0.01292	0.00958	0.01312	0.00816	0.01096	0.00630	0.00361	0.00464	0.00136	0.00635	0.00449	0.00207	0.00575
11	0.00673	0.00383	0.00532	0.00532	0.00542	0.00392	0.00350	0.00583	0.00574	0.00775	0.00933	0.01713	0.00980	0.24964	0.11937	0.52803	0.00466	0.00439	0.00205	0.00224
12	0.00514	0.00371	0.00488	0.00566	0.00603	0.00344	0.00383	0.00602	0.00844	0.01130	0.11249	0.72671	0.06214	0.01241	0.00524	0.00163	0.00235	0.01121	0.00394	0.00344
13	0.01030	0.08514	0.01747	0.02317	0.70352	0.01055	0.04177	0.01267	0.00930	0.01313	0.00759	0.00996	0.00643	0.00378	0.00427	0.00122	0.02772	0.00361	0.00203	0.00638
14	0.01232	0.67092	0.01954	0.00750	0.01100	0.01520	0.00716	0.13504	0.01036	0.06734	0.00713	0.00767	0.00593	0.00388	0.00299	0.00097	0.00440	0.00258	0.00236	0.00571
15	0.00904	0.00997	0.02100	0.01540	0.01886	0.00950	0.65681	0.01202	0.00943	0.01278	0.01109	0.11648	0.03316	0.00504	0.00530	0.00145	0.03929	0.00583	0.00236	0.00522
16	0.00766	0.01077	0.22054	0.03733	0.09312	0.02699	0.06900	0.01017	0.00927	0.01267	0.12973	0.02025	0.22004	0.00661	0.00558	0.00139	0.10582	0.00542	0.00276	0.00489
17	0.00505	0.00365	0.00479	0.00570	0.00600	0.00338	0.00382	0.00579	0.00803	0.01064	0.02393	0.80764	0.07047	0.01288	0.00528	0.00167	0.00239	0.01164	0.00386	0.00338
18	0.01444	0.04681	0.01177	0.00890	0.01136	0.00985	0.02383	0.17778	0.05554	0.34401	0.01152	0.01156	0.00815	0.00548	0.00639	0.00138	0.20898	0.00386	0.00378	0.03461

[dist]
# distance from previous block
# <min> <max>
7	9

[block]
# block no. 2 follows, 64 sequences, length 21
# corresponding to MSA columns:
# 199-219
name=unknown_C
#
# <colnr> <probs for GDERKNQSTAVLIFYWHMCP>
#	G	D	E	R	K	N	Q	S	T	A	V	L	I	F	Y	W	H	M	C	P
0	0.08410	0.04606	0.52246	0.01097	0.01587	0.09373	0.06576	0.01386	0.00919	0.07690	0.00791	0.00903	0.00570	0.00417	0.00402	0.01338	0.00579	0.00315	0.00215	0.00582
1	0.00615	0.00450	0.00653	0.00657	0.00739	0.00470	0.02915	0.00744	0.00764	0.03342	0.01756	0.23684	0.08236	0.05483	0.41823	0.00422	0.00703	0.05874	0.00298	0.00372
2	0.00694	0.00707	0.09910	0.00765	0.00892	0.02472	0.02485	0.00828	0.00696	0.00989	0.02466	0.01464	0.00943	0.04538	0.48489	0.13125	0.07525	0.00418	0.00213	0.00381
3	0.00920	0.03806	0.07661	0.21444	0.42010	0.00944	0.04608	0.01201	0.02630	0.01265	0.01847	0.04123	0.00752	0.00470	0.01834	0.00137	0.00513	0.00399	0.00213	0.03223
4	0.01011	0.05756	0.55842	0.01145	0.01658	0.02431	0.08684	0.01419	0.02541	0.11813	0.00872	0.00971	0.00616	0.00418	0.00429	0.00131	0.03084	0.00338	0.00228	0.00611
5	0.00726	0.00626	0.00854	0.25292	0.04244	0.03003	0.00715	0.01020	0.11263	0.01154	0.01554	0.26558	0.03330	0.03854	0.08181	0.00208	0.00462	0.06222	0.00301	0.00434
6	0.00768	0.00682	0.00813	0.05140	0.00976	0.07300	0.02619	0.01096	0.14996	0.01172	0.05264	0.08459	0.03564	0.04009	0.35259	0.00370	0.02780	0.04006	0.00290	0.00436
7	0.01552	0.01980	0.01177	0.01070	0.01284	0.83735	0.00803	0.01659	0.01177	0.01017	0.00642	0.00749	0.00535	0.00428	0.00375	0.00107	0.00749	0.00268	0.00214	0.00482
8	0.00832	0.00708	0.00825	0.00601	0.00944	0.00537	0.00477	0.01010	0.00868	0.01341	0.03266	0.01100	0.04204	0.02220	0.00360	0.00074	0.00302	0.00295	0.00258	0.79778
9	0.00503	0.00411	0.00432	0.00445	0.00557	0.00353	0.00319	0.00594	0.00897	0.01087	0.03703	0.14670	0.65018	0.08369	0.00636	0.00167	0.00231	0.00894	0.00374	0.00340
10	0.00819	0.00774	0.01308	0.72796	0.14199	0.00932	0.01171	0.01092	0.00847	0.01103	0.00744	0.01096	0.00568	0.00409	0.00415	0.00136	0.00545	0.00369	0.00188	0.00489
11	0.00784	0.00738	0.01246	0.84404	0.02861	0.00923	0.01154	0.01061	0.00831	0.01061	0.00738	0.01107	0.00554	0.00415	0.00415	0.00138	0.00554	0.00369	0.00185	0.00461
12	0.00776	0.00445	0.00544	0.00528	0.00594	0.00421	0.00348	0.00830	0.00776	0.13647	0.05135	0.18430	0.05219	0.47602	0.01385	0.00289	0.00347	0.01999	0.00335	0.00351
13	0.00595	0.00440	0.00651	0.00651	0.00723	0.00506	0.00501	0.00727	0.00670	0.00957	0.01195	0.01716	0.03416	0.05056	0.76574	0.03532	0.01044	0.00459	0.00227	0.00361
14	0.00808	0.00752	0.01284	0.59687	0.13012	0.00877	0.05005	0.01062	0.00854	0.01118	0.00896	0.04147	0.00768	0.00505	0.00457	0.01929	0.00527	0.05624	0.00208	0.00477
15	0.01172	0.00632	0.00882	0.03667	0.09785	0.00610	0.00619	0.03959	0.03332	0.31407	0.05771	0.03094	0.06050	0.06248	0.06889	0.10529	0.00421	0.04047	0.00368	0.00518
16	0.00861	0.00738	0.00861	0.00615	0.00984	0.00554	0.00492	0.01046	0.00861	0.01354	0.00738	0.00861	0.00615	0.00308	0.00308	0.00062	0.00308	0.00246	0.00246	0.87941
17	0.04824	0.00404	0.00522	0.00611	0.00659	0.00392	0.00440	0.00661	0.00820	0.01133	0.02189	0.66370	0.02570	0.01229	0.00525	0.00171	0.00271	0.15478	0.00379	0.00351
18	0.01180	0.54667	0.03072	0.03142	0.03030	0.21820	0.00753	0.01310	0.00926	0.01010	0.02432	0.00784	0.00618	0.00423	0.00352	0.03003	0.00518	0.00258	0.00194	0.00508
19	0.02278	0.00821	0.01241	0.04157	0.37666	0.03186	0.04092	0.01268	0.06912	0.08906	0.11676	0.09541	0.01429	0.00588	0.00442	0.00134	0.00416	0.04372	0.00309	0.00566
20	0.00600	0.00406	0.00506	0.00532	0.00584	0.00383	0.00361	0.00685	0.00843	0.03703	0.17739	0.32850	0.08383	0.26035	0.00986	0.00228	0.00287	0.04189	0.00364	0.00337

[dist]
# distance from previous block
# <min> <max>
0	1

[block]
# block no. 3 follows, 64 sequences, length 8
# corresponding to MSA columns:
# 221-228
name=unknown_D
#
# <colnr> <probs for GDERKNQSTAVLIFYWHMCP>
#	G	D	E	R	K	N	Q	S	T	A	V	L	I	F	Y	W	H	M	C	P
0	0.03370	0.01014	0.20807	0.04942	0.01301	0.00736	0.16641	0.01037	0.00800	0.04098	0.01050	0.03955	0.00985	0.25408	0.04028	0.02168	0.02540	0.01818	0.02853	0.00448
1	0.10959	0.12390	0.10079	0.03991	0.15888	0.19359	0.03671	0.05369	0.04230	0.06755	0.03050	0.00971	0.00713	0.00423	0.00371	0.00119	0.00521	0.00327	0.00252	0.00563
2	0.02552	0.00715	0.00924	0.00933	0.10253	0.02540	0.02015	0.06632	0.08193	0.19098	0.08243	0.07007	0.03539	0.04864	0.00557	0.02085	0.00369	0.13017	0.00375	0.06089
3	0.00558	0.00431	0.00589	0.00739	0.07851	0.00404	0.00469	0.00657	0.00838	0.01104	0.02422	0.62213	0.13777	0.01176	0.00516	0.00162	0.00266	0.05088	0.00370	0.00370
4	0.02692	0.00956	0.11971	0.08822	0.07054	0.00867	0.05480	0.04275	0.18213	0.06904	0.11497	0.04643	0.04959	0.00600	0.00518	0.00141	0.07829	0.01711	0.00322	0.00548
5	0.05834	0.00872	0.08123	0.00736	0.04177	0.00642	0.00612	0.03910	0.00901	0.01410	0.00950	0.01052	0.05547	0.00374	0.00331	0.00081	0.00342	0.00298	0.00253	0.63555
6	0.00845	0.00717	0.05782	0.05007	0.07876	0.00649	0.00651	0.05657	0.10548	0.06782	0.25382	0.07780	0.07387	0.04071	0.00522	0.00146	0.00333	0.05640	0.00372	0.03854
7	0.00557	0.00507	0.05504	0.00595	0.00699	0.00415	0.00472	0.00698	0.00894	0.01202	0.17866	0.36250	0.17061	0.01311	0.09874	0.00211	0.00354	0.04788	0.00368	0.00373

[dist]
# distance from previous block
# <min> <max>
0	8

[block]
# block no. 4 follows, 64 sequences, length 47
# corresponding to MSA columns:
# 237-283
name=unknown_E
#
# <colnr> <probs for GDERKNQSTAVLIFYWHMCP>
#	G	D	E	R	K	N	Q	S	T	A	V	L	I	F	Y	W	H	M	C	P
0	0.84492	0.00807	0.00625	0.00559	0.00815	0.00936	0.00459	0.01264	0.04289	0.01858	0.00627	0.00713	0.00486	0.00393	0.00264	0.00129	0.00322	0.00236	0.00264	0.00459
1	0.02442	0.04324	0.11835	0.03104	0.13009	0.07381	0.04269	0.04213	0.06332	0.21990	0.01790	0.03511	0.00867	0.03219	0.02104	0.00147	0.05349	0.00400	0.00310	0.03404
2	0.04351	0.07125	0.16049	0.05901	0.06005	0.04331	0.19841	0.04140	0.09417	0.01342	0.02267	0.01293	0.00833	0.05840	0.01728	0.00158	0.03832	0.02717	0.02293	0.00537
3	0.07867	0.00759	0.01035	0.31004	0.08680	0.02996	0.00818	0.04461	0.04179	0.09373	0.02338	0.02503	0.00815	0.02334	0.00546	0.08237	0.00443	0.02434	0.00264	0.08915
4	0.06285	0.00729	0.00977	0.00811	0.04647	0.00654	0.00633	0.01954	0.03090	0.73345	0.01547	0.01362	0.00988	0.00502	0.00409	0.00129	0.00357	0.00407	0.00485	0.00690
5	0.00762	0.01891	0.05749	0.03118	0.01957	0.03159	0.02535	0.03493	0.02198	0.04668	0.03402	0.23047	0.03278	0.08690	0.19738	0.01907	0.06405	0.03293	0.00295	0.00416
6	0.04966	0.05480	0.00884	0.00757	0.03879	0.06378	0.00569	0.02102	0.10937	0.11962	0.15574	0.03039	0.11418	0.06358	0.00645	0.01261	0.09156	0.00521	0.03629	0.00484
7	0.00751	0.00541	0.00635	0.00588	0.00739	0.00536	0.00450	0.01882	0.14587	0.06604	0.18597	0.04546	0.22345	0.04802	0.11367	0.00214	0.00372	0.01816	0.04334	0.04294
8	0.00784	0.00738	0.01246	0.84404	0.02861	0.00923	0.01154	0.01061	0.00831	0.01061	0.00738	0.01107	0.00554	0.00415	0.00415	0.00138	0.00554	0.00369	0.00185	0.00461
9	0.03576	0.00629	0.00829	0.03265	0.03849	0.02068	0.00600	0.00936	0.06131	0.02265	0.02065	0.03159	0.01038	0.17360	0.28856	0.03824	0.18449	0.00458	0.00241	0.00400
10	0.02831	0.00431	0.00517	0.00522	0.00591	0.00419	0.00364	0.00724	0.04726	0.01124	0.15003	0.14245	0.17488	0.16642	0.01009	0.17560	0.00291	0.02944	0.02247	0.00322
11	0.00900	0.00724	0.00770	0.00699	0.00902	0.00778	0.00541	0.06318	0.44013	0.04900	0.02475	0.06713	0.27042	0.00751	0.00449	0.00141	0.00295	0.00628	0.00412	0.00548
12	0.60108	0.00853	0.00772	0.00648	0.00925	0.00952	0.00533	0.14682	0.03379	0.12539	0.00819	0.00850	0.00592	0.00426	0.00309	0.00128	0.00348	0.00282	0.00322	0.00532
13	0.03587	0.00948	0.01561	0.07920	0.68685	0.00969	0.01189	0.02945	0.02855	0.01397	0.03432	0.01101	0.00765	0.00396	0.00410	0.00125	0.00478	0.00380	0.00223	0.00631
14	0.05279	0.00574	0.00656	0.00620	0.00749	0.00589	0.00458	0.07336	0.11520	0.09222	0.05664	0.18540	0.07298	0.20338	0.00838	0.00205	0.00325	0.05920	0.03433	0.00438
15	0.08598	0.00557	0.00645	0.00605	0.00749	0.00549	0.00449	0.05579	0.05441	0.15072	0.04238	0.26299	0.09682	0.12981	0.00689	0.00181	0.00307	0.03052	0.02444	0.01884
16	0.00582	0.00424	0.00544	0.00612	0.00681	0.00405	0.00472	0.00699	0.00862	0.01113	0.02454	0.28252	0.15988	0.11845	0.00742	0.00203	0.00314	0.33094	0.00367	0.00347
17	0.36738	0.00673	0.00655	0.00604	0.00794	0.00725	0.00474	0.07921	0.04283	0.06637	0.03397	0.12768	0.09710	0.06906	0.00511	0.00160	0.00320	0.05936	0.00337	0.00451
18	0.06251	0.00497	0.00562	0.00550	0.00680	0.00476	0.00410	0.01723	0.06091	0.08064	0.11015	0.19133	0.30118	0.07197	0.01807	0.00172	0.00279	0.04183	0.00386	0.00406
19	0.02715	0.00516	0.00634	0.00595	0.00717	0.00500	0.00439	0.02178	0.05622	0.17481	0.12268	0.13322	0.06063	0.23629	0.02904	0.00226	0.00341	0.07126	0.02297	0.00427
20	0.31326	0.00718	0.00737	0.00637	0.00858	0.00761	0.00502	0.09187	0.08212	0.17227	0.09194	0.06698	0.04396	0.07213	0.00512	0.00154	0.00326	0.00463	0.00368	0.00511
21	0.09091	0.00562	0.00630	0.00573	0.00738	0.00551	0.00440	0.05194	0.07526	0.10938	0.25814	0.08997	0.22672	0.02409	0.00481	0.00141	0.00261	0.00677	0.01852	0.00454
22	0.00592	0.00430	0.00626	0.00637	0.00700	0.00483	0.00481	0.00716	0.00693	0.00988	0.03541	0.10454	0.01328	0.07128	0.63815	0.03412	0.00915	0.01438	0.01265	0.00356
23	0.21155	0.00638	0.00703	0.00613	0.00814	0.00655	0.00491	0.08807	0.00997	0.20044	0.05943	0.01661	0.06601	0.00771	0.04581	0.07370	0.00354	0.04533	0.12785	0.00484
24	0.28973	0.00674	0.00685	0.00614	0.00827	0.00706	0.00484	0.01355	0.14480	0.17287	0.02977	0.07147	0.14751	0.03606	0.00449	0.00146	0.00306	0.02362	0.01671	0.00500
25	0.00891	0.00620	0.00788	0.03538	0.00890	0.01877	0.00562	0.01161	0.14786	0.11118	0.05187	0.01801	0.05397	0.09738	0.17969	0.11174	0.09614	0.02142	0.00307	0.00440
26	0.00593	0.00445	0.00668	0.00668	0.00742	0.00519	0.00519	0.00742	0.00668	0.00964	0.01113	0.01632	0.01038	0.03115	0.83756	0.00668	0.01113	0.00445	0.00223	0.00371
27	0.00661	0.00527	0.00717	0.00699	0.00770	0.03249	0.00545	0.00797	0.00687	0.00988	0.01053	0.01532	0.00976	0.02679	0.68696	0.02841	0.07709	0.00428	0.04070	0.00377
28	0.00625	0.00426	0.00538	0.00534	0.00574	0.00426	0.01668	0.00678	0.00694	0.03102	0.03068	0.13192	0.05837	0.51754	0.13275	0.00376	0.00472	0.02171	0.00284	0.00307
29	0.01011	0.00973	0.01605	0.04333	0.74596	0.02771	0.01223	0.01250	0.00946	0.01333	0.00858	0.02705	0.00755	0.00418	0.00419	0.00127	0.00492	0.03339	0.00215	0.00633
30	0.00593	0.00445	0.00668	0.00668	0.00742	0.00519	0.00519	0.00742	0.00668	0.00964	0.01113	0.01632	0.01038	0.03115	0.83756	0.00668	0.01113	0.00445	0.00223	0.00371
31	0.01406	0.01719	0.01190	0.01062	0.01238	0.64284	0.01819	0.02505	0.01077	0.01052	0.00651	0.00808	0.00555	0.00484	0.00555	0.00121	0.16106	0.00292	0.02600	0.00478
32	0.12194	0.00929	0.01256	0.11485	0.06308	0.02219	0.11928	0.15737	0.13696	0.15883	0.01081	0.01140	0.00778	0.00457	0.00417	0.00132	0.01561	0.00389	0.00335	0.02074
33	0.08980	0.01422	0.01060	0.00945	0.01154	0.44911	0.00740	0.09488	0.01144	0.08720	0.00921	0.01249	0.00786	0.00595	0.02456	0.00139	0.06325	0.08177	0.00280	0.00507
34	0.01113	0.57004	0.04447	0.00797	0.01121	0.09109	0.02265	0.01437	0.14585	0.01145	0.02966	0.00903	0.00749	0.00412	0.00317	0.00103	0.00457	0.00290	0.00230	0.00549
35	0.00722	0.00361	0.00541	0.00541	0.00541	0.00361	0.00361	0.00541	0.00541	0.00722	0.00722	0.01263	0.00722	0.01443	0.01623	0.87915	0.00361	0.00361	0.00180	0.00180
36	0.00953	0.00968	0.08707	0.01019	0.05426	0.00943	0.06916	0.01803	0.51894	0.01566	0.01539	0.01819	0.01252	0.00662	0.02663	0.00159	0.00420	0.10325	0.00362	0.00604
37	0.00917	0.00872	0.01292	0.53297	0.17748	0.05237	0.01094	0.04740	0.06305	0.01226	0.00825	0.01111	0.00638	0.00486	0.02409	0.00146	0.00547	0.00373	0.00217	0.00521
38	0.01061	0.00993	0.01554	0.03038	0.49122	0.04982	0.08714	0.04990	0.01002	0.04583	0.06385	0.01167	0.00877	0.00446	0.00505	0.00129	0.07902	0.00402	0.00244	0.01905
39	0.60348	0.00848	0.00774	0.01749	0.03030	0.00967	0.00545	0.14500	0.02449	0.03786	0.00738	0.00888	0.00585	0.04821	0.00418	0.00144	0.02339	0.00287	0.00288	0.00498
40	0.81675	0.00796	0.00638	0.00561	0.00823	0.00907	0.00462	0.01283	0.00744	0.08121	0.00660	0.00732	0.00494	0.00395	0.00269	0.00129	0.00324	0.00240	0.00277	0.00470
41	0.00763	0.00384	0.00551	0.00540	0.00560	0.00378	0.00362	0.00625	0.00591	0.05005	0.00914	0.01481	0.02883	0.09561	0.01580	0.72631	0.00361	0.00400	0.00210	0.00219
42	0.00902	0.11150	0.01462	0.43032	0.26144	0.02093	0.01099	0.01140	0.00864	0.01138	0.00765	0.01107	0.00632	0.00489	0.02641	0.00144	0.02514	0.01965	0.00195	0.00524
43	0.00718	0.00529	0.00651	0.00635	0.03715	0.00513	0.00454	0.07008	0.05280	0.03692	0.47858	0.05619	0.15596	0.05207	0.00562	0.00147	0.00252	0.00712	0.00420	0.00432
44	0.02571	0.02037	0.00720	0.02348	0.00831	0.00637	0.00527	0.04599	0.12609	0.02886	0.10609	0.07330	0.23677	0.02272	0.11049	0.00217	0.05629	0.08655	0.00357	0.00439
45	0.04777	0.00851	0.04752	0.11993	0.15171	0.00871	0.05101	0.07510	0.09324	0.04121	0.01269	0.06552	0.05308	0.02902	0.04457	0.00173	0.07357	0.04928	0.00284	0.02298
46	0.03482	0.03082	0.01157	0.04577	0.01271	0.07834	0.00750	0.46376	0.14305	0.08958	0.03274	0.01145	0.00877	0.00504	0.00408	0.00126	0.00446	0.00387	0.00390	0.00651

[dist]
# distance from previous block
# <min> <max>
0	1

[block]
# block no. 5 follows, 64 sequences, length 15
# corresponding to MSA columns:
# 285-299
name=unknown_F
#
# <colnr> <probs for GDERKNQSTAVLIFYWHMCP>
#	G	D	E	R	K	N	Q	S	T	A	V	L	I	F	Y	W	H	M	C	P
0	0.02530	0.04001	0.08605	0.03629	0.16543	0.00799	0.01673	0.02812	0.05646	0.01374	0.06173	0.01310	0.04341	0.00463	0.00432	0.00109	0.05082	0.02366	0.00260	0.31854
1	0.02315	0.00754	0.01033	0.04251	0.11981	0.00731	0.02319	0.05880	0.09963	0.34039	0.02989	0.03986	0.04710	0.00586	0.00432	0.00133	0.00377	0.07475	0.00399	0.05646
2	0.00744	0.00649	0.03746	0.02573	0.02632	0.04291	0.04179	0.04306	0.02210	0.01443	0.30591	0.05428	0.06817	0.05787	0.00568	0.00156	0.00334	0.14934	0.08191	0.00422
3	0.00653	0.00518	0.00655	0.05567	0.00820	0.03795	0.00502	0.00778	0.00825	0.02268	0.13600	0.20676	0.05455	0.11594	0.23268	0.00321	0.03752	0.04272	0.00311	0.00370
4	0.00888	0.00857	0.06800	0.00670	0.01055	0.00613	0.00579	0.04313	0.00907	0.01402	0.00749	0.00868	0.00613	0.00322	0.00318	0.00069	0.00336	0.00256	0.00248	0.78139
5	0.57080	0.15330	0.00915	0.00602	0.00867	0.03675	0.00512	0.05991	0.00840	0.01675	0.00848	0.00923	0.05353	0.00431	0.00287	0.00120	0.00353	0.00279	0.03446	0.00472
6	0.06225	0.41474	0.10535	0.00876	0.01224	0.03752	0.07212	0.05052	0.15576	0.01303	0.00854	0.00946	0.00696	0.02198	0.00375	0.00118	0.00464	0.00314	0.00242	0.00562
7	0.00992	0.01009	0.10718	0.01258	0.23857	0.00799	0.00864	0.07122	0.04644	0.03693	0.00838	0.00966	0.00664	0.00366	0.00363	0.00097	0.00408	0.00312	0.00254	0.40776
8	0.31981	0.25739	0.14372	0.00797	0.01133	0.15630	0.00768	0.03182	0.00885	0.01389	0.00626	0.00725	0.00507	0.00388	0.00306	0.00114	0.00481	0.00248	0.00217	0.00512
9	0.00593	0.00412	0.00555	0.00569	0.00604	0.00440	0.00393	0.00655	0.00656	0.00906	0.01332	0.14509	0.01441	0.32021	0.36647	0.06418	0.00678	0.00606	0.00254	0.00310
10	0.00901	0.07253	0.01030	0.00803	0.07862	0.03440	0.00587	0.01083	0.00866	0.01291	0.00749	0.00902	0.00635	0.00486	0.05238	0.00106	0.00396	0.00267	0.00235	0.65870
11	0.10120	0.01076	0.02484	0.04747	0.15768	0.20410	0.04927	0.01387	0.04639	0.11974	0.06050	0.01238	0.00932	0.04248	0.04048	0.02465	0.02300	0.00384	0.00279	0.00524
12	0.04657	0.00547	0.00696	0.01861	0.05361	0.00546	0.01585	0.02367	0.08461	0.02626	0.14102	0.27777	0.05897	0.08853	0.05686	0.00196	0.00346	0.00728	0.01702	0.06004
13	0.01134	0.03472	0.10806	0.01035	0.09126	0.03216	0.00831	0.32907	0.04463	0.01789	0.03923	0.01166	0.00859	0.00918	0.14775	0.00213	0.00572	0.00377	0.00309	0.08109
14	0.03623	0.27565	0.16653	0.07898	0.18430	0.03444	0.02841	0.01278	0.05902	0.01230	0.02709	0.03292	0.02594	0.00438	0.00367	0.00118	0.00482	0.00356	0.00220	0.00560

[dist]
# distance from previous block
# <min> <max>
6	11

[block]
# block no. 6 follows, 64 sequences, length 8
# corresponding to MSA columns:
# 311-318
name=unknown_G
#
# <colnr> <probs for GDERKNQSTAVLIFYWHMCP>
#	G	D	E	R	K	N	Q	S	T	A	V	L	I	F	Y	W	H	M	C	P
0	0.00819	0.03566	0.01176	0.50086	0.07200	0.04801	0.02629	0.01025	0.00806	0.01033	0.00832	0.01341	0.00733	0.14015	0.04436	0.00202	0.04256	0.00402	0.00200	0.00442
1	0.65595	0.11085	0.03305	0.00757	0.07192	0.03888	0.00588	0.01246	0.00763	0.01673	0.00601	0.00709	0.00481	0.00382	0.00278	0.00123	0.00373	0.00240	0.00240	0.00482
2	0.00594	0.00401	0.00468	0.00477	0.00484	0.00402	0.00280	0.00609	0.00627	0.00840	0.01397	0.10976	0.01609	0.72449	0.06386	0.00393	0.00425	0.00654	0.00264	0.00267
3	0.01025	0.09339	0.08222	0.02883	0.33058	0.04807	0.00977	0.10852	0.05065	0.01407	0.01175	0.01316	0.08952	0.00624	0.04702	0.00153	0.04200	0.00406	0.00254	0.00582
4	0.01191	0.22557	0.07460	0.01443	0.24546	0.15857	0.06573	0.11426	0.01079	0.01348	0.00729	0.00877	0.00597	0.00401	0.00393	0.00115	0.02277	0.00319	0.00224	0.00587
5	0.04673	0.00930	0.00985	0.00800	0.01060	0.03262	0.00647	0.44812	0.05659	0.08381	0.07825	0.01686	0.09351	0.03257	0.00478	0.00138	0.00391	0.02954	0.02115	0.00597
6	0.01001	0.03502	0.01077	0.01003	0.14460	0.03618	0.00680	0.08640	0.04250	0.03919	0.08047	0.01135	0.00953	0.00419	0.00393	0.00095	0.03003	0.00341	0.00284	0.43182
7	0.00590	0.00511	0.00718	0.00695	0.03941	0.00460	0.08558	0.00721	0.00897	0.01142	0.04846	0.20591	0.41856	0.05340	0.02540	0.00170	0.00315	0.02746	0.00348	0.03014

[dist]
# distance from previous block
# <min> <max>
0	32

# created by:
# /st0/software/busco_prod/Augustus/scripts/msa2prfl.pl ./align_prep/131682.fa
