[name]
unknown

[dist]
# distance from previous block
# <min> <max>
0	273

[block]
# block no. 0 follows, 62 sequences, length 28
# corresponding to MSA columns:
# 283-310
name=unknown_A
#
# <colnr> <probs for GDERKNQSTAVLIFYWHMCP>
#	G	D	E	R	K	N	Q	S	T	A	V	L	I	F	Y	W	H	M	C	P
0	0.00686	0.00490	0.00686	0.00784	0.00882	0.00490	0.00686	0.00882	0.00980	0.01273	0.02253	0.04800	0.02449	0.01175	0.00588	0.00196	0.00392	0.79528	0.00392	0.00392
1	0.06500	0.00733	0.00954	0.00743	0.01055	0.00663	0.00611	0.04892	0.02543	0.69241	0.06305	0.01495	0.01186	0.00540	0.00423	0.00132	0.00354	0.00436	0.00504	0.00690
2	0.00619	0.00413	0.00464	0.00464	0.00464	0.00413	0.00258	0.00619	0.00619	0.00825	0.01341	0.02785	0.01547	0.85046	0.02166	0.00413	0.00413	0.00619	0.00258	0.00258
3	0.03771	0.01649	0.01185	0.01022	0.01278	0.50143	0.00792	0.25592	0.05941	0.01613	0.02541	0.00939	0.00714	0.00476	0.00398	0.00118	0.00630	0.00328	0.00300	0.00570
4	0.00578	0.00401	0.00487	0.00527	0.00546	0.00392	0.00332	0.00620	0.00716	0.00951	0.01838	0.33672	0.04913	0.45594	0.04480	0.00318	0.00370	0.02648	0.00316	0.00302
5	0.01435	0.00791	0.00970	0.00741	0.01074	0.00707	0.00602	0.10525	0.06914	0.38514	0.03833	0.01277	0.00987	0.00469	0.00393	0.00109	0.00351	0.00379	0.00416	0.29512
6	0.01909	0.00724	0.00987	0.00757	0.01086	0.00625	0.00625	0.02074	0.01218	0.82687	0.01679	0.01448	0.01053	0.00527	0.00428	0.00132	0.00362	0.00428	0.00527	0.00724
7	0.00662	0.00419	0.00483	0.00480	0.00503	0.00413	0.00287	0.00695	0.00698	0.03381	0.05700	0.07731	0.01711	0.67314	0.01802	0.00354	0.00375	0.00643	0.06055	0.00294
8	0.01566	0.01081	0.01184	0.00929	0.01252	0.01179	0.00761	0.56932	0.15074	0.13696	0.01231	0.01175	0.00865	0.00524	0.00427	0.00131	0.00432	0.00406	0.00441	0.00715
9	0.00608	0.00456	0.00684	0.00684	0.00760	0.00532	0.00532	0.00760	0.00684	0.00988	0.01140	0.01672	0.01064	0.03191	0.83360	0.00684	0.01140	0.00456	0.00228	0.00380
10	0.00503	0.00431	0.00431	0.00431	0.00575	0.00359	0.00323	0.00611	0.00970	0.01149	0.04310	0.04095	0.82219	0.01078	0.00503	0.00144	0.00216	0.00898	0.00395	0.00359
11	0.00633	0.00443	0.00520	0.00497	0.00620	0.00394	0.00371	0.00785	0.01065	0.05317	0.38546	0.05548	0.34440	0.04061	0.00552	0.00147	0.00223	0.00792	0.04653	0.00393
12	0.01898	0.00741	0.00998	0.00765	0.01095	0.00651	0.00632	0.04988	0.01247	0.79731	0.01654	0.01433	0.01041	0.00526	0.00428	0.00132	0.00366	0.00426	0.00523	0.00724
13	0.00529	0.00378	0.00506	0.00605	0.00635	0.00355	0.00414	0.00612	0.00826	0.01099	0.02339	0.79475	0.02790	0.01323	0.00546	0.00174	0.00256	0.06394	0.00395	0.00349
14	0.00506	0.00429	0.00437	0.00439	0.00578	0.00360	0.00328	0.00615	0.00970	0.01161	0.06141	0.06959	0.77469	0.01082	0.00504	0.00144	0.00216	0.00906	0.00397	0.00360
15	0.19614	0.00640	0.00666	0.00597	0.00784	0.00663	0.00467	0.08924	0.07499	0.05348	0.26933	0.04311	0.17905	0.00735	0.00429	0.00135	0.00277	0.00602	0.02997	0.00472
16	0.01138	0.85302	0.02230	0.00728	0.01092	0.01684	0.00728	0.01274	0.00865	0.01001	0.00592	0.00683	0.00546	0.00364	0.00273	0.00091	0.00455	0.00228	0.00182	0.00546
17	0.01873	0.00716	0.00976	0.00751	0.01074	0.00619	0.00619	0.02038	0.01217	0.80431	0.03920	0.01496	0.01136	0.00536	0.00430	0.00132	0.00358	0.00437	0.00525	0.00715
18	0.00613	0.00416	0.00478	0.00473	0.00491	0.00409	0.00280	0.00644	0.00710	0.00956	0.12564	0.02878	0.04292	0.70947	0.01887	0.00366	0.00377	0.00648	0.00291	0.00281
19	0.00518	0.00370	0.00494	0.00592	0.00617	0.00346	0.00395	0.00592	0.00815	0.01086	0.02345	0.84768	0.02814	0.01333	0.00543	0.00173	0.00247	0.01210	0.00395	0.00346
20	0.00504	0.00427	0.00435	0.00442	0.00578	0.00358	0.00328	0.00609	0.00960	0.01145	0.04180	0.09435	0.76963	0.01095	0.00506	0.00146	0.00218	0.00919	0.00395	0.00358
21	0.00613	0.00413	0.00462	0.00462	0.00469	0.00410	0.00261	0.00618	0.00636	0.00841	0.01484	0.02848	0.05430	0.81005	0.02086	0.00400	0.00403	0.00632	0.00264	0.00263
22	0.00616	0.00411	0.00465	0.00468	0.00469	0.00411	0.00262	0.00618	0.00624	0.00833	0.01370	0.05158	0.01584	0.82622	0.02119	0.00406	0.00408	0.00636	0.00262	0.00260
23	0.01748	0.00918	0.01101	0.00847	0.01175	0.00919	0.00698	0.36041	0.01555	0.46042	0.03549	0.01311	0.00990	0.00529	0.00429	0.00130	0.00403	0.00418	0.00482	0.00715
24	0.00511	0.00424	0.00447	0.00456	0.00584	0.00360	0.00337	0.00621	0.00968	0.01179	0.09240	0.13234	0.67987	0.01093	0.00507	0.00146	0.00218	0.00925	0.00400	0.00360
25	0.00618	0.00416	0.00484	0.00484	0.00491	0.00423	0.00283	0.00632	0.00625	0.00840	0.01322	0.02683	0.01503	0.77588	0.09564	0.00437	0.00479	0.00604	0.00255	0.00269
26	0.00934	0.00939	0.01347	0.01141	0.01157	0.01295	0.03791	0.01036	0.00664	0.01036	0.00569	0.00939	0.00562	0.00731	0.01364	0.00185	0.81277	0.00377	0.00187	0.00469
27	0.00621	0.00461	0.00582	0.00547	0.00658	0.00435	0.00412	0.00871	0.05571	0.01678	0.73220	0.03146	0.08453	0.00866	0.00498	0.00135	0.00209	0.00761	0.00462	0.00414

[dist]
# distance from previous block
# <min> <max>
0	1

[block]
# block no. 1 follows, 62 sequences, length 66
# corresponding to MSA columns:
# 312-377
name=unknown_B
#
# <colnr> <probs for GDERKNQSTAVLIFYWHMCP>
#	G	D	E	R	K	N	Q	S	T	A	V	L	I	F	Y	W	H	M	C	P
0	0.00503	0.00431	0.00431	0.00431	0.00575	0.00359	0.00323	0.00611	0.00970	0.01149	0.04310	0.04095	0.82219	0.01078	0.00503	0.00144	0.00216	0.00898	0.00395	0.00359
1	0.03417	0.00772	0.00985	0.00774	0.01088	0.00723	0.00634	0.06492	0.11575	0.65055	0.01624	0.01430	0.01056	0.00529	0.00423	0.00133	0.00362	0.00428	0.01794	0.00708
2	0.00615	0.00413	0.00463	0.00463	0.00468	0.00411	0.00260	0.00619	0.00631	0.00836	0.01442	0.02829	0.04300	0.82181	0.02109	0.00403	0.00406	0.00628	0.00263	0.00261
3	0.01138	0.85302	0.02230	0.00728	0.01092	0.01684	0.00728	0.01274	0.00865	0.01001	0.00592	0.00683	0.00546	0.00364	0.00273	0.00091	0.00455	0.00228	0.00182	0.00546
4	0.00853	0.02201	0.82841	0.01213	0.01842	0.00988	0.01572	0.01348	0.00898	0.01348	0.00764	0.00898	0.00539	0.00404	0.00404	0.00135	0.00629	0.00314	0.00180	0.00629
5	0.00518	0.00370	0.00494	0.00592	0.00617	0.00346	0.00395	0.00592	0.00815	0.01086	0.02345	0.84768	0.02814	0.01333	0.00543	0.00173	0.00247	0.01210	0.00395	0.00346
6	0.01036	0.00998	0.01719	0.07825	0.75095	0.01009	0.03468	0.01293	0.00962	0.01370	0.00799	0.01061	0.00666	0.00382	0.00424	0.00128	0.00515	0.00382	0.00209	0.00658
7	0.01098	0.00974	0.00982	0.00880	0.01122	0.04899	0.00684	0.04382	0.75704	0.01770	0.01662	0.01534	0.01248	0.00569	0.00430	0.00142	0.00360	0.00469	0.00423	0.00666
8	0.21095	0.52388	0.14929	0.00768	0.01152	0.01403	0.00803	0.01281	0.00838	0.01266	0.00620	0.00720	0.00525	0.00378	0.00292	0.00107	0.00454	0.00242	0.00200	0.00540
9	0.00664	0.00505	0.00747	0.00713	0.00799	0.00579	0.02718	0.03096	0.00728	0.01048	0.01123	0.01678	0.01053	0.07943	0.68097	0.01988	0.03465	0.00460	0.02209	0.00387
10	0.01053	0.01011	0.01727	0.02612	0.82392	0.01011	0.01306	0.01306	0.00969	0.01390	0.00800	0.01053	0.00674	0.00379	0.00421	0.00126	0.00505	0.00379	0.00211	0.00674
11	0.01528	0.08374	0.01288	0.01069	0.01290	0.73738	0.00819	0.01639	0.01157	0.01038	0.00649	0.00767	0.00548	0.00445	0.00416	0.00111	0.04137	0.00274	0.00215	0.00496
12	0.00882	0.00756	0.00882	0.00630	0.01008	0.00567	0.00504	0.01071	0.00882	0.01387	0.00756	0.00882	0.00630	0.00315	0.00315	0.00063	0.00315	0.00252	0.00252	0.87647
13	0.00503	0.00431	0.00431	0.00431	0.00575	0.00359	0.00323	0.00611	0.00970	0.01149	0.04310	0.04095	0.82219	0.01078	0.00503	0.00144	0.00216	0.00898	0.00395	0.00359
14	0.01072	0.66160	0.20799	0.00840	0.01265	0.01523	0.00922	0.01291	0.00872	0.01081	0.00631	0.00732	0.00544	0.00373	0.00303	0.00101	0.00495	0.00248	0.00181	0.00565
15	0.01033	0.01150	0.02454	0.01756	0.02182	0.01087	0.77142	0.05048	0.01050	0.01424	0.00868	0.01142	0.00649	0.00366	0.00499	0.00143	0.00706	0.00497	0.00225	0.00581
16	0.00793	0.00397	0.00397	0.00397	0.00496	0.00397	0.00297	0.00991	0.00892	0.01586	0.01388	0.01586	0.01091	0.00496	0.00297	0.00099	0.00198	0.00397	0.87408	0.00397
17	0.01560	0.03884	0.01231	0.03117	0.01350	0.79471	0.00829	0.01674	0.01189	0.01042	0.00659	0.00774	0.00549	0.00436	0.00382	0.00110	0.00755	0.00276	0.00218	0.00494
18	0.03132	0.01257	0.01252	0.00980	0.01306	0.08890	0.00801	0.70626	0.03532	0.02498	0.00995	0.01004	0.00715	0.00503	0.00419	0.00126	0.00491	0.00372	0.00404	0.00697
19	0.00518	0.00370	0.00494	0.00592	0.00617	0.00346	0.00395	0.00592	0.00815	0.01086	0.02345	0.84768	0.02814	0.01333	0.00543	0.00173	0.00247	0.01210	0.00395	0.00346
20	0.01589	0.02028	0.01206	0.01096	0.01315	0.83338	0.00822	0.01699	0.01206	0.01041	0.00658	0.00767	0.00548	0.00438	0.00384	0.00110	0.00767	0.00274	0.00219	0.00493
21	0.00921	0.00765	0.00892	0.00645	0.01014	0.00593	0.00516	0.04189	0.00930	0.02787	0.00814	0.02611	0.00686	0.00347	0.00326	0.00069	0.00320	0.00280	0.00266	0.81029
22	0.00518	0.00372	0.00492	0.00588	0.00616	0.00346	0.00393	0.00593	0.00819	0.01088	0.02403	0.82406	0.05140	0.01326	0.00542	0.00172	0.00246	0.01201	0.00395	0.00346
23	0.00600	0.00435	0.00565	0.00533	0.00634	0.00400	0.00400	0.00798	0.01199	0.01692	0.80213	0.03201	0.05978	0.00875	0.00502	0.00134	0.00201	0.00773	0.00467	0.00400
24	0.00528	0.00393	0.00495	0.00563	0.00620	0.00356	0.00385	0.00616	0.00860	0.01131	0.06029	0.65167	0.16694	0.01244	0.00529	0.00163	0.00241	0.01113	0.00395	0.02477
25	0.00876	0.00748	0.00872	0.00626	0.00995	0.00563	0.00498	0.01060	0.00876	0.01373	0.00771	0.00929	0.00653	0.02379	0.00360	0.00072	0.00317	0.00261	0.00252	0.85519
26	0.00853	0.02201	0.82841	0.01213	0.01842	0.00988	0.01572	0.01348	0.00898	0.01348	0.00764	0.00898	0.00539	0.00404	0.00404	0.00135	0.00629	0.00314	0.00180	0.00629
27	0.00608	0.00456	0.00684	0.00684	0.00760	0.00532	0.00532	0.00760	0.00684	0.00988	0.01140	0.01672	0.01064	0.03191	0.83360	0.00684	0.01140	0.00456	0.00228	0.00380
28	0.17976	0.00542	0.00588	0.00570	0.00727	0.00526	0.00429	0.00989	0.02390	0.13842	0.03779	0.30032	0.24182	0.00932	0.00456	0.00149	0.00273	0.00789	0.00391	0.00437
29	0.00518	0.00373	0.00491	0.00585	0.00615	0.00346	0.00392	0.00593	0.00822	0.01089	0.02433	0.81147	0.06379	0.01322	0.00541	0.00171	0.00245	0.01196	0.00395	0.00346
30	0.00931	0.00931	0.01303	0.01117	0.01117	0.01303	0.00931	0.01024	0.00652	0.01024	0.00559	0.00931	0.00559	0.00745	0.01396	0.00186	0.84267	0.00372	0.00186	0.00465
31	0.00544	0.00419	0.00490	0.00519	0.00612	0.00376	0.00378	0.00656	0.00942	0.01206	0.15333	0.25376	0.37784	0.06615	0.00629	0.00171	0.00248	0.06948	0.00397	0.00358
32	0.00631	0.00427	0.00520	0.00543	0.00598	0.00407	0.00361	0.00734	0.03191	0.04342	0.11141	0.35255	0.09789	0.28858	0.01063	0.00242	0.00301	0.00884	0.00364	0.00349
33	0.00604	0.00455	0.00493	0.00489	0.00575	0.00425	0.00333	0.04217	0.00867	0.01089	0.02800	0.09594	0.38987	0.34007	0.01157	0.00252	0.00311	0.02667	0.00343	0.00336
34	0.01589	0.02028	0.01206	0.01096	0.01315	0.83338	0.00822	0.01699	0.01206	0.01041	0.00658	0.00767	0.00548	0.00438	0.00384	0.00110	0.00767	0.00274	0.00219	0.00493
35	0.00545	0.00411	0.00485	0.00508	0.00588	0.00371	0.00355	0.00650	0.00932	0.01216	0.20958	0.28132	0.30442	0.11581	0.00722	0.00184	0.00246	0.00928	0.00395	0.00352
36	0.00527	0.00376	0.00490	0.00577	0.00603	0.00352	0.00381	0.00595	0.00801	0.01065	0.02306	0.75467	0.04709	0.08743	0.00686	0.00193	0.00261	0.01149	0.00383	0.00338
37	0.00615	0.00411	0.00465	0.00468	0.00469	0.00410	0.00263	0.00618	0.00625	0.00834	0.01375	0.05582	0.01590	0.82190	0.02110	0.00404	0.00407	0.00639	0.00263	0.00261
38	0.00682	0.00416	0.00554	0.00609	0.00674	0.00382	0.00424	0.00773	0.00878	0.10461	0.04758	0.70102	0.04166	0.01219	0.00528	0.00167	0.00260	0.02143	0.00412	0.00392
39	0.00684	0.00455	0.00519	0.00510	0.00624	0.00411	0.00365	0.00808	0.02752	0.08642	0.08994	0.16807	0.37762	0.14871	0.00768	0.00189	0.00268	0.00824	0.03360	0.00385
40	0.06661	0.00987	0.01096	0.00852	0.01167	0.01046	0.00702	0.49602	0.01637	0.23493	0.01196	0.01157	0.00823	0.00507	0.00407	0.00127	0.00412	0.00387	0.07056	0.00684
41	0.71043	0.01004	0.10522	0.00697	0.02546	0.00968	0.00627	0.04382	0.00808	0.03288	0.00653	0.00749	0.00495	0.00403	0.00292	0.00132	0.00374	0.00253	0.00263	0.00500
42	0.00912	0.01794	0.51783	0.01437	0.01989	0.01022	0.32222	0.01354	0.00939	0.01354	0.00801	0.00995	0.00580	0.00387	0.00442	0.00138	0.00663	0.00387	0.00193	0.00608
43	0.00724	0.00379	0.00564	0.00564	0.00571	0.00386	0.00382	0.00575	0.00568	0.00764	0.00791	0.01365	0.00789	0.03681	0.09228	0.77449	0.00442	0.00384	0.00191	0.00205
44	0.00589	0.00404	0.00473	0.00496	0.00511	0.00394	0.00298	0.00617	0.00697	0.00927	0.04041	0.22719	0.05174	0.58941	0.01657	0.00336	0.00358	0.00778	0.00303	0.00287
45	0.01573	0.01147	0.01235	0.00960	0.01290	0.01268	0.00789	0.70274	0.09855	0.05539	0.01116	0.01093	0.00793	0.00518	0.00426	0.00129	0.00451	0.00394	0.00430	0.00719
46	0.00523	0.00379	0.00489	0.00573	0.00609	0.00350	0.00384	0.00600	0.00831	0.01098	0.04499	0.72906	0.09694	0.04156	0.00594	0.00177	0.00249	0.01151	0.00392	0.00345
47	0.00705	0.00424	0.00494	0.00508	0.00593	0.00395	0.00356	0.00811	0.00863	0.07264	0.02278	0.27397	0.17594	0.15529	0.00750	0.00189	0.00269	0.02203	0.21004	0.00374
48	0.00518	0.00402	0.00467	0.00516	0.00596	0.00357	0.00361	0.00607	0.00881	0.01107	0.03206	0.42897	0.39298	0.04717	0.00593	0.00170	0.00242	0.02327	0.00389	0.00349
49	0.01589	0.02028	0.01206	0.01096	0.01315	0.83338	0.00822	0.01699	0.01206	0.01041	0.00658	0.00767	0.00548	0.00438	0.00384	0.00110	0.00767	0.00274	0.00219	0.00493
50	0.00618	0.00445	0.00509	0.00504	0.00635	0.00387	0.00379	0.00746	0.01011	0.06310	0.18539	0.13868	0.49516	0.01040	0.00506	0.00147	0.00232	0.03804	0.00417	0.00389
51	0.00882	0.00756	0.00882	0.00630	0.01008	0.00567	0.00504	0.01071	0.00882	0.01387	0.00756	0.00882	0.00630	0.00315	0.00315	0.00063	0.00315	0.00252	0.00252	0.87647
52	0.00518	0.00370	0.00494	0.00592	0.00617	0.00346	0.00395	0.00592	0.00815	0.01086	0.02345	0.84768	0.02814	0.01333	0.00543	0.00173	0.00247	0.01210	0.00395	0.00346
53	0.00515	0.00433	0.00449	0.00456	0.00593	0.00366	0.00346	0.00628	0.00969	0.01163	0.05288	0.06416	0.74500	0.01087	0.00509	0.00147	0.00226	0.05152	0.00396	0.00361
54	0.01526	0.00642	0.00858	0.00705	0.00964	0.00565	0.00566	0.01697	0.02628	0.59245	0.06757	0.12689	0.06297	0.00699	0.00455	0.00139	0.00329	0.02119	0.00494	0.00626
55	0.00608	0.00456	0.00684	0.00684	0.00760	0.00532	0.00532	0.00760	0.00684	0.00988	0.01140	0.01672	0.01064	0.03191	0.83360	0.00684	0.01140	0.00456	0.00228	0.00380
56	0.00931	0.00931	0.01303	0.01117	0.01117	0.01303	0.00931	0.01024	0.00652	0.01024	0.00559	0.00931	0.00559	0.00745	0.01396	0.00186	0.84267	0.00372	0.00186	0.00465
57	0.00535	0.00420	0.00479	0.00489	0.00593	0.00369	0.00354	0.00655	0.00984	0.01262	0.23125	0.19216	0.44405	0.04467	0.00577	0.00158	0.00226	0.00914	0.00408	0.00363
58	0.01111	0.02740	0.00941	0.00845	0.00950	0.32548	0.00631	0.03396	0.00881	0.00971	0.00777	0.03490	0.00743	0.01993	0.02161	0.34015	0.09565	0.01658	0.00216	0.00368
59	0.00830	0.00797	0.01389	0.74057	0.06632	0.00958	0.07117	0.01118	0.00868	0.01122	0.00766	0.01132	0.00578	0.00418	0.00431	0.00141	0.00575	0.00387	0.00192	0.00490
60	0.00608	0.00455	0.00678	0.00678	0.00751	0.00528	0.00524	0.00756	0.00682	0.00983	0.01145	0.01703	0.01078	0.05522	0.81048	0.00676	0.01119	0.00461	0.00229	0.00376
61	0.00801	0.00687	0.01083	0.35276	0.14869	0.00775	0.00922	0.02013	0.03078	0.02144	0.01238	0.09695	0.02605	0.02234	0.11330	0.00222	0.00559	0.08137	0.01854	0.00478
62	0.01246	0.01353	0.01110	0.02599	0.01226	0.33551	0.00777	0.01850	0.37412	0.01373	0.01131	0.01167	0.00889	0.00542	0.00543	0.00136	0.11832	0.00383	0.00311	0.00570
63	0.00804	0.00756	0.01276	0.84023	0.02931	0.00945	0.01182	0.01087	0.00851	0.01087	0.00756	0.01134	0.00567	0.00425	0.00425	0.00142	0.00567	0.00378	0.00189	0.00473
64	0.00882	0.00756	0.00882	0.00630	0.01008	0.00567	0.00504	0.01071	0.00882	0.01387	0.00756	0.00882	0.00630	0.00315	0.00315	0.00063	0.00315	0.00252	0.00252	0.87647
65	0.00671	0.00490	0.00674	0.00608	0.00734	0.00455	0.04136	0.02799	0.01171	0.03974	0.63199	0.09078	0.08612	0.00875	0.00501	0.00138	0.00240	0.00779	0.00447	0.00420

[dist]
# distance from previous block
# <min> <max>
0	1

[block]
# block no. 2 follows, 62 sequences, length 49
# corresponding to MSA columns:
# 379-427
name=unknown_C
#
# <colnr> <probs for GDERKNQSTAVLIFYWHMCP>
#	G	D	E	R	K	N	Q	S	T	A	V	L	I	F	Y	W	H	M	C	P
0	0.00680	0.00488	0.00678	0.00773	0.00872	0.00486	0.00675	0.00873	0.00979	0.01270	0.02315	0.04778	0.04863	0.01172	0.00585	0.00194	0.00386	0.77148	0.00392	0.00391
1	0.01467	0.01117	0.01192	0.00949	0.01262	0.01249	0.00772	0.59787	0.23431	0.02439	0.01213	0.01174	0.00878	0.00529	0.00428	0.00132	0.00433	0.00409	0.00428	0.00710
2	0.60735	0.00996	0.09673	0.02410	0.07893	0.00960	0.03767	0.03719	0.00826	0.01783	0.01705	0.00831	0.00563	0.00406	0.00313	0.00131	0.00396	0.00280	0.02106	0.00507
3	0.00957	0.00727	0.00861	0.00652	0.00972	0.00596	0.00515	0.05472	0.02246	0.07635	0.05001	0.05136	0.00990	0.03253	0.02402	0.00108	0.00341	0.00364	0.00303	0.61467
4	0.88052	0.00823	0.00625	0.00560	0.00823	0.00955	0.00461	0.01251	0.00724	0.01909	0.00592	0.00691	0.00461	0.00395	0.00263	0.00132	0.00329	0.00230	0.00263	0.00461
5	0.00517	0.00377	0.00487	0.00576	0.00613	0.00347	0.00388	0.00594	0.00831	0.01093	0.02546	0.76506	0.10947	0.01307	0.00539	0.00170	0.00244	0.01178	0.00395	0.00347
6	0.00608	0.00455	0.00678	0.00678	0.00752	0.00529	0.00524	0.00756	0.00682	0.00983	0.01145	0.01702	0.01077	0.05425	0.81145	0.00676	0.01120	0.00460	0.00229	0.00377
7	0.01138	0.85302	0.02230	0.00728	0.01092	0.01684	0.00728	0.01274	0.00865	0.01001	0.00592	0.00683	0.00546	0.00364	0.00273	0.00091	0.00455	0.00228	0.00182	0.00546
8	0.00957	0.00754	0.00890	0.00639	0.01014	0.00571	0.00513	0.01144	0.00907	0.07311	0.00824	0.00924	0.00661	0.00331	0.00323	0.00068	0.00319	0.00265	0.00272	0.81313
9	0.01058	0.00914	0.00962	0.00866	0.01106	0.01058	0.00673	0.02261	0.81623	0.01780	0.01732	0.01588	0.01299	0.00577	0.00433	0.00144	0.00337	0.00481	0.00433	0.00673
10	0.01491	0.02952	0.01230	0.00955	0.01271	0.04200	0.00780	0.60254	0.18332	0.02402	0.01146	0.01122	0.00832	0.00519	0.00422	0.00130	0.00452	0.00396	0.00415	0.00701
11	0.00516	0.00432	0.00449	0.00444	0.00583	0.00365	0.00333	0.00635	0.01000	0.01221	0.14290	0.03977	0.72195	0.01051	0.00503	0.00142	0.00214	0.00882	0.00405	0.00365
12	0.00651	0.00465	0.00646	0.00744	0.00827	0.00460	0.00625	0.00822	0.00945	0.01235	0.02272	0.21394	0.02525	0.01208	0.00578	0.00191	0.00362	0.63276	0.00392	0.00382
13	0.01563	0.01869	0.01243	0.01166	0.05795	0.68726	0.00847	0.11404	0.01290	0.01262	0.00710	0.00814	0.00577	0.00444	0.00391	0.00113	0.00716	0.00293	0.00244	0.00532
14	0.01698	0.00778	0.00993	0.00793	0.01098	0.00738	0.00652	0.09169	0.11960	0.59954	0.01660	0.01623	0.01137	0.00570	0.00438	0.00137	0.00370	0.05038	0.00497	0.00698
15	0.01142	0.58429	0.01978	0.00873	0.01193	0.11160	0.07472	0.02444	0.00913	0.01060	0.00667	0.00816	0.00595	0.00593	0.06412	0.00144	0.03101	0.00279	0.00196	0.00530
16	0.00954	0.17563	0.01106	0.00759	0.02659	0.08285	0.02375	0.01301	0.14604	0.05512	0.34522	0.02058	0.05325	0.00651	0.00429	0.00125	0.00352	0.00543	0.00372	0.00508
17	0.00518	0.00370	0.00494	0.00592	0.00617	0.00346	0.00395	0.00592	0.00815	0.01086	0.02345	0.84768	0.02814	0.01333	0.00543	0.00173	0.00247	0.01210	0.00395	0.00346
18	0.03049	0.02671	0.01108	0.02543	0.05232	0.06331	0.00744	0.19870	0.39477	0.10565	0.01375	0.01323	0.01013	0.00579	0.02063	0.00145	0.00428	0.00422	0.00400	0.00662
19	0.00895	0.00767	0.01212	0.28250	0.27963	0.00822	0.00991	0.02118	0.03912	0.04730	0.06470	0.04960	0.06931	0.00597	0.00454	0.00142	0.00453	0.07520	0.00280	0.00534
20	0.00926	0.00681	0.00638	0.00597	0.00708	0.11143	0.00457	0.02862	0.00916	0.03099	0.01198	0.01455	0.00979	0.03324	0.08297	0.00174	0.07448	0.00392	0.54287	0.00423
21	0.00926	0.00991	0.02061	0.03165	0.01915	0.00953	0.60027	0.01238	0.00978	0.01321	0.01129	0.03378	0.01008	0.00583	0.01994	0.00164	0.02956	0.14436	0.00249	0.00529
22	0.00828	0.00788	0.01351	0.75569	0.08280	0.00954	0.04046	0.01112	0.00864	0.01118	0.00763	0.01129	0.00577	0.00420	0.00428	0.00141	0.00568	0.00383	0.00191	0.00490
23	0.00853	0.02201	0.82841	0.01213	0.01842	0.00988	0.01572	0.01348	0.00898	0.01348	0.00764	0.00898	0.00539	0.00404	0.00404	0.00135	0.00629	0.00314	0.00180	0.00629
24	0.88052	0.00823	0.00625	0.00560	0.00823	0.00955	0.00461	0.01251	0.00724	0.01909	0.00592	0.00691	0.00461	0.00395	0.00263	0.00132	0.00329	0.00230	0.00263	0.00461
25	0.00739	0.00370	0.00554	0.00554	0.00554	0.00370	0.00370	0.00554	0.00554	0.00739	0.00739	0.01293	0.00739	0.01478	0.01663	0.87620	0.00370	0.00370	0.00185	0.00185
26	0.00593	0.00481	0.00516	0.00491	0.00638	0.00433	0.00373	0.04690	0.02967	0.01362	0.21067	0.03683	0.59207	0.00992	0.00497	0.00141	0.00228	0.00835	0.00414	0.00394
27	0.01053	0.01011	0.01727	0.02612	0.82392	0.01011	0.01306	0.01306	0.00969	0.01390	0.00800	0.01053	0.00674	0.00379	0.00421	0.00126	0.00505	0.00379	0.00211	0.00674
28	0.00522	0.00373	0.00498	0.00596	0.00623	0.00349	0.00401	0.00598	0.00818	0.01090	0.02343	0.83126	0.02807	0.01330	0.00544	0.00173	0.00250	0.02818	0.00395	0.00347
29	0.07362	0.00746	0.00969	0.00753	0.01075	0.00675	0.00620	0.03616	0.03965	0.73150	0.01598	0.01396	0.01017	0.00520	0.00418	0.00132	0.00361	0.00416	0.00505	0.00706
30	0.00607	0.00418	0.00482	0.00475	0.00505	0.00407	0.00290	0.00654	0.00757	0.01019	0.17138	0.02956	0.07906	0.62696	0.01724	0.00339	0.00357	0.00668	0.00308	0.00293
31	0.00608	0.00456	0.00684	0.00684	0.00760	0.00532	0.00532	0.00760	0.00684	0.00988	0.01140	0.01672	0.01064	0.03191	0.83360	0.00684	0.01140	0.00456	0.00228	0.00380
32	0.00518	0.00370	0.00494	0.00592	0.00617	0.00346	0.00395	0.00592	0.00815	0.01086	0.02345	0.84768	0.02814	0.01333	0.00543	0.00173	0.00247	0.01210	0.00395	0.00346
33	0.00523	0.00389	0.00486	0.00561	0.00614	0.00355	0.00387	0.00607	0.00851	0.01101	0.02757	0.62243	0.20402	0.03049	0.00570	0.00172	0.00249	0.03943	0.00392	0.00348
34	0.01569	0.01160	0.01242	0.00961	0.01291	0.01286	0.00791	0.74919	0.06499	0.02609	0.01069	0.01065	0.00764	0.00514	0.00424	0.00128	0.00455	0.00389	0.02150	0.00714
35	0.00619	0.00413	0.00464	0.00464	0.00464	0.00413	0.00258	0.00619	0.00619	0.00825	0.01341	0.02785	0.01547	0.85046	0.02166	0.00413	0.00413	0.00619	0.00258	0.00258
36	0.00619	0.00413	0.00464	0.00464	0.00464	0.00413	0.00258	0.00619	0.00619	0.00825	0.01341	0.02785	0.01547	0.85046	0.02166	0.00413	0.00413	0.00619	0.00258	0.00258
37	0.00602	0.00447	0.00658	0.00668	0.00737	0.00510	0.00511	0.00741	0.00697	0.00994	0.01269	0.08903	0.01255	0.06475	0.71557	0.00621	0.01021	0.01715	0.00246	0.00372
38	0.00608	0.00456	0.00684	0.00684	0.00760	0.00532	0.00532	0.00760	0.00684	0.00988	0.01140	0.01672	0.01064	0.03191	0.83360	0.00684	0.01140	0.00456	0.00228	0.00380
39	0.00516	0.00378	0.00486	0.00572	0.00612	0.00347	0.00386	0.00595	0.00835	0.01094	0.02597	0.74428	0.12992	0.01300	0.00538	0.00169	0.00243	0.01170	0.00395	0.00347
40	0.00608	0.00456	0.00684	0.00684	0.00760	0.00532	0.00532	0.00760	0.00684	0.00988	0.01140	0.01672	0.01064	0.03191	0.83360	0.00684	0.01140	0.00456	0.00228	0.00380
41	0.88052	0.00823	0.00625	0.00560	0.00823	0.00955	0.00461	0.01251	0.00724	0.01909	0.00592	0.00691	0.00461	0.00395	0.00263	0.00132	0.00329	0.00230	0.00263	0.00461
42	0.00671	0.00481	0.00673	0.00757	0.00848	0.00488	0.00648	0.00853	0.00932	0.01224	0.02109	0.06287	0.02284	0.04462	0.09041	0.00253	0.00465	0.66771	0.00370	0.00385
43	0.00571	0.00451	0.00489	0.00468	0.00615	0.00382	0.00353	0.00702	0.01021	0.03208	0.20148	0.03726	0.61197	0.00994	0.00494	0.00138	0.00220	0.00837	0.00408	0.03580
44	0.00985	0.00762	0.00908	0.02557	0.01002	0.02013	0.00642	0.27771	0.02650	0.01684	0.10517	0.06837	0.05894	0.01421	0.23657	0.00294	0.05758	0.03792	0.00348	0.00509
45	0.01432	0.00976	0.01061	0.00847	0.01123	0.04014	0.00685	0.47910	0.01646	0.14439	0.13580	0.04957	0.01370	0.00600	0.00437	0.00130	0.00404	0.00480	0.03272	0.00639
46	0.00559	0.00434	0.00521	0.00607	0.00643	0.03393	0.00410	0.00638	0.00841	0.01100	0.04208	0.78499	0.03990	0.01285	0.00536	0.00169	0.00264	0.01160	0.00390	0.00353
47	0.00565	0.00595	0.06867	0.00509	0.00703	0.00433	0.00436	0.02167	0.00980	0.01202	0.03844	0.03672	0.71374	0.00987	0.00487	0.00140	0.00256	0.00819	0.00374	0.03591
48	0.01389	0.01151	0.04302	0.05176	0.01415	0.10495	0.08623	0.24214	0.09437	0.16328	0.01069	0.01128	0.00776	0.00521	0.00561	0.00138	0.11908	0.00396	0.00347	0.00627

[dist]
# distance from previous block
# <min> <max>
0	707

# created by:
# /st0/software/busco_prod/Augustus/scripts/msa2prfl.pl ./align_prep/131759.fa
