[name]
unknown

[dist]
# distance from previous block
# <min> <max>
0	15

[block]
# block no. 0 follows, 54 sequences, length 23
# corresponding to MSA columns:
# 15-37
name=unknown_A
#
# <colnr> <probs for GDERKNQSTAVLIFYWHMCP>
#	G	D	E	R	K	N	Q	S	T	A	V	L	I	F	Y	W	H	M	C	P
0	0.00723	0.00517	0.00718	0.00827	0.00919	0.00511	0.00697	0.00914	0.01050	0.01370	0.02517	0.20587	0.02793	0.01337	0.00642	0.00212	0.00403	0.62405	0.00435	0.00424
1	0.00667	0.00482	0.00630	0.00593	0.00704	0.00445	0.00445	0.00890	0.01335	0.01891	0.80239	0.03522	0.04449	0.00964	0.00556	0.00148	0.00222	0.00853	0.00519	0.00445
2	0.00768	0.00594	0.00848	0.01050	0.16299	0.00612	0.00597	0.00869	0.00797	0.01104	0.01412	0.09272	0.01520	0.41596	0.20226	0.00442	0.00649	0.00648	0.00281	0.00416
3	0.00748	0.00590	0.00921	0.00852	0.00973	0.00662	0.06179	0.03839	0.00837	0.01191	0.01241	0.01814	0.01145	0.05181	0.70743	0.00684	0.01181	0.00510	0.00261	0.00447
4	0.00752	0.00574	0.00719	0.00678	0.00686	0.00663	0.00459	0.00788	0.00699	0.00974	0.01296	0.02572	0.01451	0.60039	0.09346	0.00435	0.16643	0.00616	0.00267	0.00343
5	0.01242	0.01286	0.13565	0.01315	0.12295	0.01170	0.03027	0.17089	0.34958	0.03043	0.01526	0.02777	0.03387	0.00588	0.00478	0.00152	0.00483	0.00494	0.00394	0.00732
6	0.01519	0.01140	0.01214	0.00959	0.01288	0.01239	0.00783	0.59764	0.05841	0.02589	0.01886	0.01832	0.16434	0.00693	0.00489	0.00146	0.00457	0.00542	0.00465	0.00720
7	0.01524	0.13023	0.08762	0.01089	0.01449	0.20505	0.03865	0.22298	0.12698	0.07042	0.01105	0.01138	0.00829	0.00518	0.00437	0.00135	0.00589	0.00389	0.01923	0.00683
8	0.00840	0.00893	0.16425	0.00754	0.01005	0.00589	0.00714	0.01109	0.01234	0.08830	0.48624	0.05006	0.10384	0.00863	0.00529	0.00150	0.00334	0.00746	0.00452	0.00521
9	0.00664	0.00482	0.00625	0.00589	0.00702	0.00443	0.00442	0.00883	0.01326	0.01871	0.77788	0.03555	0.06913	0.00971	0.00556	0.00149	0.00223	0.00857	0.00516	0.00443
10	0.01391	0.14698	0.01828	0.01262	0.03553	0.02514	0.19049	0.25339	0.20082	0.03713	0.01203	0.01259	0.00905	0.00513	0.00465	0.00143	0.00550	0.00452	0.00368	0.00713
11	0.00988	0.00876	0.01069	0.00804	0.01141	0.00789	0.00651	0.01177	0.00928	0.01458	0.00795	0.00988	0.00683	0.00443	0.00584	0.00097	0.16484	0.00306	0.00265	0.69475
12	0.04298	0.00868	0.00994	0.00724	0.01132	0.00700	0.00581	0.05202	0.02686	0.03690	0.00895	0.01010	0.00724	0.00376	0.00359	0.00080	0.00360	0.00296	0.00302	0.74723
13	0.02799	0.00677	0.00958	0.01093	0.16453	0.00645	0.00685	0.01254	0.03397	0.14072	0.41648	0.06631	0.04936	0.01989	0.00547	0.00153	0.00330	0.00713	0.00458	0.00563
14	0.01036	0.00946	0.01360	0.05213	0.04532	0.01007	0.16056	0.01828	0.39802	0.01700	0.04875	0.12176	0.01560	0.00695	0.00510	0.00160	0.00457	0.01801	0.00397	0.03887
15	0.00570	0.00427	0.00530	0.00612	0.00672	0.00387	0.00418	0.00662	0.00946	0.01221	0.03144	0.63441	0.22447	0.01406	0.00591	0.00183	0.00265	0.01254	0.00438	0.00387
16	0.00672	0.00466	0.00579	0.00579	0.00616	0.00471	0.00377	0.00749	0.00840	0.01156	0.16985	0.08691	0.02265	0.48545	0.14638	0.00426	0.00528	0.00736	0.00337	0.00346
17	0.00812	0.00622	0.00849	0.06652	0.01167	0.00596	0.00760	0.01034	0.01054	0.01421	0.02053	0.04177	0.02169	0.01056	0.00579	0.00184	0.00431	0.56703	0.00388	0.17294
18	0.69866	0.00832	0.00706	0.00647	0.00898	0.00966	0.00526	0.01279	0.00794	0.01915	0.00776	0.00979	0.00642	0.01046	0.16241	0.00266	0.00541	0.00304	0.00284	0.00493
19	0.00999	0.16942	0.02344	0.08878	0.05084	0.00848	0.00675	0.01170	0.01064	0.11389	0.17354	0.10744	0.10106	0.09588	0.00683	0.00178	0.00397	0.00663	0.00373	0.00520
20	0.01349	0.63504	0.06166	0.00888	0.01301	0.01748	0.00871	0.16626	0.01207	0.01494	0.00758	0.00842	0.00643	0.00438	0.00343	0.00111	0.00517	0.00291	0.00255	0.00648
21	0.01212	0.01117	0.01730	0.02366	0.57675	0.01157	0.02869	0.07190	0.16574	0.01727	0.01108	0.01283	0.00886	0.00473	0.00472	0.00144	0.00525	0.00445	0.00299	0.00748
22	0.00798	0.00672	0.00856	0.00808	0.00855	0.03808	0.00609	0.00901	0.00756	0.01057	0.01191	0.02067	0.01223	0.26756	0.35942	0.00514	0.18642	0.01883	0.00255	0.00406

[dist]
# distance from previous block
# <min> <max>
3	20

[block]
# block no. 1 follows, 54 sequences, length 96
# corresponding to MSA columns:
# 62-67,70-92,109-158,163-179
name=unknown_B
#
# <colnr> <probs for GDERKNQSTAVLIFYWHMCP>
#	G	D	E	R	K	N	Q	S	T	A	V	L	I	F	Y	W	H	M	C	P
0	0.01121	0.44281	0.34165	0.01046	0.01544	0.02984	0.01191	0.01430	0.00971	0.01269	0.00795	0.00925	0.01818	0.00454	0.00424	0.00127	0.04305	0.00311	0.00205	0.00634
1	0.00574	0.00410	0.00547	0.00657	0.00684	0.00383	0.00438	0.00657	0.00903	0.01204	0.02599	0.83122	0.03119	0.01477	0.00602	0.00191	0.00274	0.01340	0.00438	0.00383
2	0.00558	0.00476	0.00479	0.00481	0.00638	0.00398	0.00360	0.00676	0.01072	0.01272	0.04736	0.06005	0.78856	0.01199	0.00558	0.00160	0.00239	0.01002	0.00438	0.00398
3	0.01100	0.01151	0.06907	0.17986	0.60662	0.01105	0.01440	0.01404	0.01044	0.01473	0.00875	0.01173	0.00715	0.00432	0.00466	0.00144	0.00582	0.00415	0.00227	0.00701
4	0.00880	0.00528	0.00661	0.00653	0.00669	0.05630	0.00442	0.00696	0.00661	0.00841	0.00813	0.01396	0.00805	0.01564	0.01752	0.80737	0.00438	0.00403	0.00207	0.00227
5	0.81226	0.00888	0.00697	0.00636	0.00916	0.01025	0.00527	0.01360	0.00821	0.02070	0.00775	0.01059	0.00652	0.00493	0.00315	0.00150	0.00369	0.05214	0.00301	0.00506
6	0.00797	0.00412	0.00605	0.00612	0.00614	0.00410	0.00405	0.00620	0.00636	0.00848	0.00965	0.06768	0.01009	0.05491	0.01789	0.76688	0.00403	0.00482	0.00224	0.00220
7	0.00978	0.00838	0.00978	0.00698	0.01117	0.00629	0.00559	0.01187	0.00978	0.01536	0.00838	0.00978	0.00698	0.00349	0.00349	0.00070	0.00349	0.00279	0.00279	0.86312
8	0.03531	0.02393	0.78567	0.01322	0.02007	0.01094	0.01705	0.01490	0.00990	0.01512	0.00840	0.00989	0.00595	0.00448	0.00443	0.00149	0.00687	0.00346	0.00202	0.00691
9	0.01261	0.83713	0.02471	0.00807	0.01210	0.01866	0.00807	0.01412	0.00958	0.01109	0.00656	0.00756	0.00605	0.00403	0.00303	0.00101	0.00504	0.00252	0.00202	0.00605
10	0.00667	0.00482	0.00630	0.00593	0.00704	0.00445	0.00445	0.00890	0.01335	0.01891	0.80239	0.03522	0.04449	0.00964	0.00556	0.00148	0.00222	0.00853	0.00519	0.00445
11	0.00819	0.00410	0.00614	0.00614	0.00614	0.00410	0.00410	0.00614	0.00614	0.00819	0.00819	0.01433	0.00819	0.01638	0.01843	0.86282	0.00410	0.00410	0.00205	0.00205
12	0.00686	0.00457	0.00514	0.00514	0.00514	0.00457	0.00286	0.00686	0.00686	0.00914	0.01486	0.03086	0.01714	0.83430	0.02400	0.00457	0.00457	0.00686	0.00286	0.00286
13	0.01032	0.01032	0.01444	0.01238	0.01238	0.01444	0.01032	0.01135	0.00722	0.01135	0.00619	0.01032	0.00619	0.00825	0.01547	0.00206	0.82567	0.00413	0.00206	0.00516
14	0.00663	0.00482	0.00625	0.00589	0.00702	0.00443	0.00442	0.00882	0.01325	0.01868	0.77499	0.03559	0.07203	0.00972	0.00556	0.00149	0.00223	0.00858	0.00516	0.00443
15	0.01248	0.63388	0.02209	0.00906	0.01225	0.04848	0.00853	0.01389	0.00933	0.02263	0.00669	0.00825	0.00616	0.00491	0.00550	0.00123	0.16378	0.00288	0.00210	0.00588
16	0.01331	0.03080	0.03162	0.02282	0.52817	0.18127	0.01265	0.06563	0.04052	0.01557	0.00901	0.01108	0.00741	0.00452	0.00455	0.00136	0.00613	0.00395	0.00258	0.00704
17	0.00643	0.00469	0.00626	0.00646	0.00722	0.00466	0.00471	0.00791	0.01001	0.01381	0.26991	0.23772	0.07208	0.08879	0.20877	0.00341	0.00523	0.03383	0.00404	0.00406
18	0.01792	0.01321	0.01415	0.01085	0.01462	0.01462	0.00896	0.78916	0.02217	0.02972	0.01132	0.01132	0.00802	0.00566	0.00472	0.00142	0.00519	0.00425	0.00472	0.00802
19	0.01792	0.01321	0.01415	0.01085	0.01462	0.01462	0.00896	0.78916	0.02217	0.02972	0.01132	0.01132	0.00802	0.00566	0.00472	0.00142	0.00519	0.00425	0.00472	0.00802
20	0.02115	0.00802	0.01094	0.00839	0.01204	0.00693	0.00693	0.02298	0.01350	0.80815	0.01860	0.01605	0.01167	0.00584	0.00474	0.00146	0.00401	0.00474	0.00584	0.00802
21	0.01032	0.01032	0.01444	0.01238	0.01238	0.01444	0.01032	0.01135	0.00722	0.01135	0.00619	0.01032	0.00619	0.00825	0.01547	0.00206	0.82567	0.00413	0.00206	0.00516
22	0.00667	0.00482	0.00630	0.00593	0.00704	0.00445	0.00445	0.00890	0.01335	0.01891	0.80239	0.03522	0.04449	0.00964	0.00556	0.00148	0.00222	0.00853	0.00519	0.00445
23	0.00674	0.00505	0.00758	0.00758	0.00842	0.00589	0.00589	0.00842	0.00758	0.01095	0.01263	0.01852	0.01179	0.03536	0.81561	0.00758	0.01263	0.00505	0.00253	0.00421
24	0.00574	0.00412	0.00546	0.00653	0.00683	0.00383	0.00436	0.00657	0.00906	0.01205	0.02646	0.81420	0.04790	0.01471	0.00601	0.00191	0.00273	0.01333	0.00438	0.00383
25	0.00890	0.00838	0.01414	0.82296	0.03247	0.01048	0.01309	0.01205	0.00943	0.01205	0.00838	0.01257	0.00629	0.00471	0.00471	0.00157	0.00629	0.00419	0.00210	0.00524
26	0.00574	0.00410	0.00547	0.00657	0.00684	0.00383	0.00438	0.00657	0.00903	0.01204	0.02599	0.83122	0.03119	0.01477	0.00602	0.00191	0.00274	0.01340	0.00438	0.00383
27	0.03590	0.01225	0.08406	0.19910	0.20263	0.06165	0.15708	0.02627	0.04765	0.08361	0.01000	0.01221	0.00753	0.00466	0.00492	0.00148	0.01940	0.00435	0.00274	0.02251
28	0.01026	0.01185	0.14881	0.01285	0.15046	0.00908	0.02869	0.04165	0.02581	0.01534	0.00929	0.03419	0.00786	0.00567	0.03105	0.00139	0.07311	0.00381	0.00265	0.37618
29	0.85204	0.02418	0.00725	0.00623	0.00917	0.01072	0.00516	0.01386	0.00805	0.02097	0.00657	0.00766	0.00512	0.00437	0.00292	0.00145	0.00367	0.00255	0.00290	0.00512
30	0.01109	0.01302	0.04775	0.01971	0.02453	0.01190	0.76813	0.01510	0.01110	0.01510	0.00951	0.01265	0.00712	0.00399	0.00554	0.00159	0.00792	0.00551	0.00237	0.00637
31	0.01197	0.01025	0.01080	0.00964	0.01235	0.01184	0.00752	0.05472	0.76631	0.02011	0.01889	0.01735	0.01415	0.00637	0.00479	0.00159	0.00379	0.00529	0.00479	0.00748
32	0.00560	0.00467	0.00488	0.00505	0.00644	0.00396	0.00371	0.00674	0.01048	0.01263	0.04438	0.16768	0.68285	0.01238	0.00564	0.00164	0.00244	0.01049	0.00438	0.00396
33	0.01254	0.82096	0.04033	0.00817	0.01227	0.01850	0.00825	0.01413	0.00959	0.01117	0.00659	0.00761	0.00605	0.00404	0.00305	0.00102	0.00508	0.00254	0.00202	0.00607
34	0.01284	0.77712	0.02382	0.00831	0.01223	0.05953	0.00811	0.01460	0.02696	0.01130	0.00687	0.00783	0.00623	0.00413	0.00313	0.00103	0.00519	0.00261	0.00210	0.00605
35	0.00571	0.00478	0.00497	0.00493	0.00646	0.00404	0.00369	0.00704	0.01108	0.01353	0.14497	0.04407	0.70527	0.01164	0.00557	0.00158	0.00237	0.00977	0.00448	0.00404
36	0.00980	0.00848	0.01001	0.00726	0.01124	0.00670	0.00583	0.01185	0.00965	0.01516	0.00827	0.00980	0.00694	0.00373	0.00410	0.00077	0.04532	0.00286	0.00276	0.81947
37	0.04891	0.01301	0.01478	0.01258	0.06570	0.09225	0.08571	0.40213	0.11021	0.03412	0.01152	0.01265	0.00871	0.00553	0.00497	0.00145	0.02635	0.01956	0.00395	0.02592
38	0.01578	0.15355	0.03210	0.00893	0.01247	0.01113	0.00764	0.16795	0.13995	0.28428	0.02671	0.04109	0.01116	0.00576	0.00442	0.00136	0.00434	0.00455	0.00445	0.06239
39	0.00654	0.00474	0.00617	0.00598	0.00700	0.00437	0.00442	0.00858	0.01279	0.01797	0.69524	0.12737	0.06054	0.01029	0.00561	0.00154	0.00229	0.00912	0.00508	0.00437
40	0.00572	0.00420	0.00537	0.00630	0.00677	0.00385	0.00426	0.00659	0.00928	0.01214	0.02919	0.71557	0.14477	0.01436	0.00595	0.00187	0.00268	0.01290	0.00438	0.00385
41	0.01069	0.19788	0.42776	0.01134	0.02815	0.08861	0.01265	0.01479	0.04416	0.01416	0.06320	0.01290	0.04411	0.00517	0.00428	0.00137	0.00602	0.00394	0.00248	0.00635
42	0.01250	0.81059	0.05035	0.00824	0.01237	0.01841	0.00837	0.01415	0.00959	0.01122	0.00662	0.00764	0.00605	0.00405	0.00307	0.00102	0.00511	0.00255	0.00202	0.00608
43	0.02063	0.00791	0.01077	0.00830	0.01186	0.00684	0.00684	0.02247	0.01349	0.77949	0.04706	0.01674	0.01286	0.00597	0.00477	0.00146	0.00395	0.00488	0.00581	0.00789
44	0.01716	0.00688	0.00890	0.00715	0.00999	0.00612	0.00580	0.01911	0.01242	0.55602	0.03582	0.01695	0.01255	0.00582	0.00433	0.00135	0.00343	0.00473	0.25860	0.00687
45	0.01113	0.01272	0.02782	0.01987	0.02464	0.01192	0.78776	0.01510	0.01113	0.01510	0.00954	0.01272	0.00715	0.00397	0.00556	0.00159	0.00795	0.00556	0.00238	0.00636
46	0.00574	0.00410	0.00547	0.00657	0.00684	0.00383	0.00438	0.00657	0.00903	0.01204	0.02599	0.83122	0.03119	0.01477	0.00602	0.00191	0.00274	0.01340	0.00438	0.00383
47	0.00687	0.00478	0.00613	0.00579	0.00690	0.00444	0.00434	0.00909	0.01303	0.01878	0.72941	0.03358	0.04148	0.00925	0.00535	0.00145	0.00222	0.00814	0.08450	0.00444
48	0.01167	0.01120	0.01914	0.02894	0.80488	0.01120	0.01447	0.01447	0.01074	0.01540	0.00887	0.01167	0.00747	0.00420	0.00467	0.00140	0.00560	0.00420	0.00233	0.00747
49	0.02025	0.00807	0.01104	0.00858	0.01197	0.00729	0.00708	0.02203	0.01303	0.74777	0.01782	0.01581	0.01139	0.00667	0.02474	0.00164	0.04677	0.00472	0.00556	0.00778
50	0.01761	0.02247	0.01336	0.01215	0.01458	0.81537	0.00911	0.01883	0.01336	0.01154	0.00729	0.00850	0.00607	0.00486	0.00425	0.00121	0.00850	0.00304	0.00243	0.00547
51	0.01792	0.01321	0.01415	0.01085	0.01462	0.01462	0.00896	0.78916	0.02217	0.02972	0.01132	0.01132	0.00802	0.00566	0.00472	0.00142	0.00519	0.00425	0.00472	0.00802
52	0.00561	0.00478	0.00483	0.00482	0.00639	0.00400	0.00361	0.00684	0.01084	0.01296	0.07517	0.04501	0.77543	0.01186	0.00557	0.00159	0.00238	0.00990	0.00441	0.00400
53	0.01111	0.02833	0.20926	0.01398	0.01808	0.10089	0.26564	0.05631	0.04916	0.01534	0.01266	0.04165	0.01125	0.00627	0.00521	0.00162	0.00661	0.13757	0.00292	0.00612
54	0.86760	0.00912	0.00693	0.00620	0.00912	0.01058	0.00511	0.01386	0.00802	0.02115	0.00657	0.00766	0.00511	0.00438	0.00292	0.00146	0.00365	0.00255	0.00292	0.00511
55	0.01677	0.02035	0.01252	0.01134	0.01370	0.70455	0.00854	0.04899	0.01338	0.01286	0.00824	0.00950	0.00673	0.00495	0.00418	0.00121	0.00776	0.00322	0.08576	0.00546
56	0.01167	0.01120	0.01914	0.02894	0.80488	0.01120	0.01447	0.01447	0.01074	0.01540	0.00887	0.01167	0.00747	0.00420	0.00467	0.00140	0.00560	0.00420	0.00233	0.00747
57	0.00764	0.00523	0.00700	0.00768	0.00883	0.00502	0.00637	0.00949	0.01088	0.05105	0.08481	0.16215	0.12352	0.01256	0.00617	0.00198	0.00370	0.47702	0.00448	0.00440
58	0.01785	0.02124	0.01323	0.01186	0.01441	0.73719	0.00897	0.04425	0.01366	0.06339	0.00815	0.00908	0.00650	0.00495	0.00430	0.00124	0.00811	0.00319	0.00272	0.00571
59	0.01410	0.50797	0.07138	0.00980	0.01348	0.28892	0.00902	0.01577	0.01089	0.01149	0.00693	0.00804	0.00605	0.00434	0.00354	0.00111	0.00634	0.00276	0.00216	0.00591
60	0.00608	0.00474	0.00551	0.00543	0.00671	0.00418	0.00403	0.00770	0.01177	0.01543	0.38165	0.10113	0.40651	0.01113	0.00560	0.00157	0.00234	0.00958	0.00474	0.00418
61	0.02762	0.69306	0.09748	0.00988	0.06384	0.01731	0.00930	0.01421	0.00966	0.01191	0.00688	0.00805	0.00612	0.00409	0.00327	0.00109	0.00523	0.00272	0.00205	0.00621
62	0.00632	0.00481	0.00582	0.00556	0.00683	0.00430	0.00417	0.00822	0.01252	0.01694	0.56136	0.03846	0.28676	0.01037	0.00556	0.00152	0.00228	0.00898	0.00493	0.00430
63	0.00683	0.00519	0.00635	0.00598	0.00716	0.02174	0.00449	0.00896	0.01317	0.01832	0.73274	0.03536	0.09661	0.00970	0.00553	0.00148	0.00237	0.00851	0.00507	0.00444
64	0.00674	0.00505	0.00758	0.00758	0.00842	0.00589	0.00589	0.00842	0.00758	0.01095	0.01263	0.01852	0.01179	0.03536	0.81561	0.00758	0.01263	0.00505	0.00253	0.00421
65	0.01173	0.01013	0.01066	0.00960	0.01226	0.01173	0.00746	0.02505	0.79636	0.01972	0.01919	0.01759	0.01439	0.00640	0.00480	0.00160	0.00373	0.00533	0.00480	0.00746
66	0.00759	0.00547	0.00757	0.00853	0.00969	0.00539	0.00740	0.00971	0.01078	0.01408	0.02482	0.07042	0.03782	0.01276	0.00640	0.00211	0.00425	0.72070	0.00430	0.03020
67	0.00819	0.00410	0.00614	0.00614	0.00614	0.00410	0.00410	0.00614	0.00614	0.00819	0.00819	0.01433	0.00819	0.01638	0.01843	0.86282	0.00410	0.00410	0.00205	0.00205
68	0.01627	0.05730	0.15224	0.01098	0.01525	0.01296	0.02671	0.46035	0.03433	0.13794	0.01169	0.01172	0.00818	0.00541	0.00476	0.00143	0.01649	0.00414	0.00418	0.00765
69	0.01761	0.02247	0.01336	0.01215	0.01458	0.81537	0.00911	0.01883	0.01336	0.01154	0.00729	0.00850	0.00607	0.00486	0.00425	0.00121	0.00850	0.00304	0.00243	0.00547
70	0.00574	0.00410	0.00547	0.00657	0.00684	0.00383	0.00438	0.00657	0.00903	0.01204	0.02599	0.83122	0.03119	0.01477	0.00602	0.00191	0.00274	0.01340	0.00438	0.00383
71	0.01167	0.01120	0.01914	0.02894	0.80488	0.01120	0.01447	0.01447	0.01074	0.01540	0.00887	0.01167	0.00747	0.00420	0.00467	0.00140	0.00560	0.00420	0.00233	0.00747
72	0.01167	0.01120	0.01914	0.02894	0.80488	0.01120	0.01447	0.01447	0.01074	0.01540	0.00887	0.01167	0.00747	0.00420	0.00467	0.00140	0.00560	0.00420	0.00233	0.00747
73	0.01148	0.00981	0.01040	0.00943	0.01196	0.01128	0.00730	0.04028	0.72907	0.01944	0.01946	0.06981	0.01534	0.00692	0.00487	0.00162	0.00370	0.00583	0.00477	0.00724
74	0.01212	0.09860	0.03221	0.02332	0.01477	0.00906	0.17016	0.01459	0.01062	0.13867	0.01003	0.01118	0.00762	0.00406	0.00411	0.00107	0.00479	0.00369	0.00307	0.42627
75	0.51094	0.15901	0.01149	0.00736	0.01067	0.01211	0.00632	0.10973	0.01067	0.11188	0.00854	0.00906	0.00640	0.00464	0.00337	0.00137	0.00413	0.00301	0.00331	0.00597
76	0.00760	0.00543	0.00760	0.00868	0.00977	0.00543	0.00760	0.00977	0.01085	0.01411	0.02496	0.05319	0.02714	0.01303	0.00651	0.00217	0.00434	0.77315	0.00434	0.00434
77	0.00995	0.11366	0.67192	0.01384	0.06997	0.01182	0.01619	0.01481	0.00996	0.01454	0.00828	0.00980	0.00608	0.00441	0.00433	0.00143	0.00667	0.00342	0.00202	0.00690
78	0.00852	0.00594	0.00749	0.00636	0.00844	0.00508	0.00490	0.01066	0.01243	0.07735	0.53448	0.02762	0.04447	0.00786	0.00499	0.00129	0.00268	0.00684	0.00463	0.21797
79	0.86760	0.00912	0.00693	0.00620	0.00912	0.01058	0.00511	0.01386	0.00802	0.02115	0.00657	0.00766	0.00511	0.00438	0.00292	0.00146	0.00365	0.00255	0.00292	0.00511
80	0.01090	0.01379	0.10715	0.03393	0.02415	0.01184	0.68194	0.01497	0.01091	0.01497	0.00935	0.01239	0.00700	0.00411	0.00560	0.00159	0.02139	0.00530	0.00233	0.00638
81	0.00661	0.00482	0.00622	0.00587	0.00701	0.00442	0.00440	0.00878	0.01321	0.01857	0.76156	0.03577	0.08553	0.00976	0.00556	0.00149	0.00223	0.00860	0.00515	0.00442
82	0.35517	0.00935	0.00966	0.00786	0.01108	0.02332	0.00642	0.13582	0.01243	0.33187	0.01261	0.02927	0.00893	0.02117	0.00440	0.00152	0.00411	0.00399	0.00436	0.00664
83	0.00680	0.00467	0.00564	0.00564	0.00585	0.00483	0.00350	0.00718	0.00709	0.00959	0.01510	0.02862	0.03291	0.65162	0.18710	0.00513	0.00619	0.00655	0.00282	0.00316
84	0.00943	0.00898	0.01246	0.01095	0.01103	0.01218	0.00889	0.01039	0.00733	0.01115	0.00877	0.06575	0.00927	0.09234	0.07175	0.00269	0.63449	0.00506	0.00232	0.00478
85	0.01226	0.04546	0.01610	0.09472	0.40581	0.19065	0.02699	0.01458	0.01111	0.01407	0.02677	0.01292	0.03687	0.00493	0.00471	0.00137	0.02127	0.00421	0.04889	0.00634
86	0.01051	0.30850	0.41162	0.01059	0.01598	0.01295	0.01234	0.01406	0.00972	0.01348	0.00793	0.00940	0.00633	0.00533	0.03331	0.00145	0.00609	0.00312	0.00211	0.10519
87	0.03003	0.01138	0.01807	0.07267	0.66272	0.02740	0.01364	0.07818	0.01160	0.01643	0.00896	0.01155	0.00737	0.00437	0.00463	0.00141	0.00562	0.00415	0.00253	0.00730
88	0.01293	0.29000	0.31355	0.01070	0.01567	0.01328	0.03122	0.10719	0.01173	0.11566	0.00992	0.03109	0.00763	0.00489	0.00412	0.00133	0.00566	0.00372	0.00288	0.00683
89	0.00662	0.00479	0.00625	0.00594	0.00703	0.00442	0.00443	0.00878	0.01315	0.01856	0.76166	0.06429	0.05661	0.00986	0.00558	0.00150	0.00225	0.00873	0.00515	0.00442
90	0.00915	0.00863	0.01432	0.63068	0.14965	0.01025	0.01264	0.01207	0.00967	0.01260	0.01094	0.01450	0.05773	0.00517	0.00499	0.00156	0.02313	0.00456	0.00228	0.00550
91	0.01140	0.01083	0.01821	0.05886	0.71699	0.01096	0.01391	0.01453	0.03635	0.01536	0.00982	0.01354	0.00843	0.00464	0.00475	0.00144	0.00552	0.03470	0.00248	0.00726
92	0.00639	0.00490	0.00567	0.00573	0.00709	0.00435	0.00442	0.00795	0.01130	0.02661	0.22382	0.06928	0.45969	0.02615	0.00603	0.00171	0.00270	0.11745	0.00456	0.00418
93	0.01007	0.01002	0.01469	0.50536	0.10882	0.06323	0.01236	0.01258	0.00933	0.01221	0.00787	0.01171	0.00638	0.00546	0.00708	0.00164	0.18946	0.00410	0.00213	0.00547
94	0.00655	0.00476	0.00617	0.00593	0.00700	0.00438	0.00441	0.00862	0.01289	0.01810	0.70877	0.09818	0.07625	0.01014	0.00560	0.00152	0.00227	0.00897	0.00509	0.00438
95	0.01522	0.02978	0.25496	0.01117	0.06541	0.00891	0.01052	0.03969	0.03920	0.37760	0.03540	0.01407	0.01028	0.01646	0.00484	0.00146	0.00499	0.00432	0.00408	0.05165

[dist]
# distance from previous block
# <min> <max>
0	1

[block]
# block no. 2 follows, 54 sequences, length 15
# corresponding to MSA columns:
# 181-195
name=unknown_C
#
# <colnr> <probs for GDERKNQSTAVLIFYWHMCP>
#	G	D	E	R	K	N	Q	S	T	A	V	L	I	F	Y	W	H	M	C	P
0	0.00934	0.00883	0.01493	0.69720	0.15481	0.01059	0.01331	0.01243	0.00964	0.01258	0.00846	0.01243	0.00647	0.00463	0.00471	0.00154	0.00618	0.00419	0.00213	0.00559
1	0.00887	0.00863	0.05771	0.02643	0.02801	0.06443	0.00644	0.11792	0.01261	0.01599	0.12904	0.11501	0.33388	0.00981	0.00534	0.00158	0.00377	0.04539	0.00414	0.00501
2	0.01710	0.02105	0.01391	0.01356	0.08411	0.70782	0.00957	0.05385	0.01354	0.01271	0.00761	0.00891	0.00629	0.00484	0.00431	0.00124	0.00810	0.00319	0.00253	0.00576
3	0.01167	0.18701	0.36161	0.01095	0.01587	0.01272	0.01196	0.05341	0.21759	0.05514	0.01152	0.01183	0.00858	0.00501	0.00429	0.00142	0.00549	0.00387	0.00305	0.00701
4	0.00658	0.00524	0.00557	0.00537	0.00703	0.00466	0.00407	0.00878	0.06551	0.03582	0.15365	0.04119	0.61765	0.01106	0.00549	0.00157	0.00250	0.00928	0.00456	0.00440
5	0.00639	0.00478	0.00594	0.00577	0.00695	0.00433	0.00433	0.00830	0.01244	0.01698	0.56539	0.08389	0.21650	0.01055	0.00561	0.00155	0.00235	0.02871	0.00494	0.00430
6	0.01707	0.02140	0.01361	0.01305	0.06116	0.74153	0.00937	0.01877	0.03890	0.01204	0.00777	0.00899	0.00643	0.00487	0.00429	0.00124	0.00818	0.00318	0.00250	0.00565
7	0.00890	0.00838	0.01414	0.82296	0.03247	0.01048	0.01309	0.01205	0.00943	0.01205	0.00838	0.01257	0.00629	0.00471	0.00471	0.00157	0.00629	0.00419	0.00210	0.00524
8	0.00574	0.00410	0.00547	0.00657	0.00684	0.00383	0.00438	0.00657	0.00903	0.01204	0.02599	0.83122	0.03119	0.01477	0.00602	0.00191	0.00274	0.01340	0.00438	0.00383
9	0.04718	0.01883	0.01400	0.01268	0.04704	0.56881	0.06877	0.06234	0.05146	0.01383	0.01016	0.01121	0.04298	0.00519	0.00443	0.00131	0.00746	0.00376	0.00278	0.00578
10	0.01132	0.01085	0.01851	0.12915	0.70740	0.01111	0.01430	0.01416	0.01057	0.01498	0.00881	0.01178	0.00732	0.00427	0.00467	0.00142	0.00569	0.00420	0.00230	0.00719
11	0.01173	0.01013	0.01066	0.00960	0.01226	0.01173	0.00746	0.02505	0.79636	0.01972	0.01919	0.01759	0.01439	0.00640	0.00480	0.00160	0.00373	0.00533	0.00480	0.00746
12	0.01133	0.01176	0.06778	0.02703	0.72342	0.01091	0.01424	0.01427	0.01079	0.01552	0.04135	0.01253	0.00889	0.00444	0.00469	0.00141	0.00555	0.00433	0.00243	0.00731
13	0.01039	0.00962	0.01476	0.30533	0.31404	0.01068	0.01188	0.01555	0.18195	0.01515	0.02959	0.01490	0.03527	0.00523	0.00476	0.00151	0.00526	0.00473	0.00292	0.00650
14	0.01209	0.01862	0.45525	0.01186	0.01714	0.01165	0.01324	0.27224	0.03826	0.02016	0.05593	0.03165	0.00973	0.00547	0.00467	0.00148	0.00590	0.00432	0.00322	0.00711

[dist]
# distance from previous block
# <min> <max>
1	2

[block]
# block no. 3 follows, 54 sequences, length 44
# corresponding to MSA columns:
# 198-213,215-222,226-245
name=unknown_D
#
# <colnr> <probs for GDERKNQSTAVLIFYWHMCP>
#	G	D	E	R	K	N	Q	S	T	A	V	L	I	F	Y	W	H	M	C	P
0	0.00972	0.05561	0.07894	0.01105	0.01295	0.03746	0.10458	0.01267	0.07627	0.01329	0.08530	0.01620	0.01229	0.08168	0.11504	0.00271	0.26115	0.00500	0.00277	0.00532
1	0.00878	0.00735	0.00863	0.00657	0.00992	0.00571	0.00518	0.01081	0.01056	0.01580	0.16568	0.01808	0.08998	0.00548	0.00409	0.00094	0.00314	0.00458	0.00341	0.61532
2	0.01369	0.66073	0.02225	0.00895	0.01264	0.19117	0.00829	0.01514	0.01040	0.01119	0.00671	0.00777	0.00606	0.00421	0.00329	0.00105	0.00579	0.00263	0.00211	0.00592
3	0.00644	0.00444	0.00550	0.00590	0.00608	0.00442	0.00371	0.00690	0.00772	0.01038	0.01874	0.32434	0.02180	0.45656	0.09270	0.00388	0.00466	0.00910	0.00339	0.00334
4	0.00909	0.01016	0.09071	0.67303	0.03034	0.01053	0.06899	0.01250	0.00963	0.01258	0.00878	0.01309	0.00671	0.00479	0.00479	0.00158	0.00643	0.01865	0.00215	0.00547
5	0.09216	0.00905	0.01263	0.04389	0.01395	0.00878	0.10186	0.12696	0.01330	0.41565	0.01597	0.06993	0.02640	0.02123	0.00513	0.00156	0.00461	0.00528	0.00466	0.00699
6	0.01086	0.01927	0.53441	0.01372	0.02946	0.01024	0.14137	0.01537	0.01050	0.10449	0.01082	0.05918	0.00831	0.00515	0.00478	0.00153	0.00653	0.00456	0.00263	0.00681
7	0.00896	0.00844	0.01425	0.80565	0.04932	0.01049	0.01312	0.01210	0.00946	0.01212	0.00839	0.01255	0.00631	0.00470	0.00471	0.00157	0.00627	0.00419	0.00210	0.00529
8	0.01057	0.02283	0.73385	0.01296	0.01961	0.01057	0.01642	0.01570	0.01029	0.09041	0.00943	0.01053	0.00652	0.00461	0.00450	0.00149	0.00669	0.00360	0.00236	0.00707
9	0.01270	0.10752	0.15925	0.03696	0.20668	0.04697	0.18661	0.02529	0.04507	0.11240	0.01028	0.01181	0.00771	0.00453	0.00465	0.00143	0.00617	0.00426	0.00281	0.00690
10	0.00890	0.00838	0.01414	0.82296	0.03247	0.01048	0.01309	0.01205	0.00943	0.01205	0.00838	0.01257	0.00629	0.00471	0.00471	0.00157	0.00629	0.00419	0.00210	0.00524
11	0.01231	0.75980	0.09942	0.00858	0.01289	0.01792	0.00896	0.01420	0.00962	0.01146	0.00674	0.00779	0.00604	0.00408	0.00316	0.00105	0.00523	0.00261	0.00201	0.00614
12	0.01327	0.00892	0.01319	0.43795	0.05446	0.00993	0.01065	0.11095	0.02874	0.21995	0.03716	0.01411	0.00933	0.00529	0.00475	0.00151	0.00535	0.00450	0.00355	0.00641
13	0.02530	0.02464	0.13899	0.12855	0.10097	0.07110	0.03052	0.06920	0.01126	0.08713	0.01534	0.20546	0.04187	0.00754	0.00498	0.00157	0.00518	0.02119	0.00334	0.00588
14	0.00998	0.06239	0.74695	0.01302	0.01974	0.01119	0.01664	0.01515	0.01005	0.04026	0.00870	0.01004	0.00616	0.00450	0.00442	0.00147	0.00678	0.00348	0.00212	0.00696
15	0.00876	0.00817	0.01324	0.69461	0.04816	0.00992	0.01201	0.01210	0.03961	0.01249	0.01255	0.01586	0.08243	0.00545	0.00480	0.00157	0.00580	0.00478	0.00242	0.00526
16	0.01127	0.03594	0.53792	0.04764	0.02018	0.06662	0.11453	0.01577	0.01061	0.08218	0.00934	0.01079	0.00663	0.00456	0.00461	0.00148	0.00688	0.00384	0.00240	0.00679
17	0.01215	0.51952	0.14882	0.01179	0.11903	0.02917	0.01031	0.01470	0.02594	0.03796	0.00828	0.02842	0.00717	0.00450	0.00366	0.00119	0.00537	0.00329	0.00230	0.00642
18	0.01149	0.01193	0.04521	0.07577	0.60165	0.03024	0.12517	0.01453	0.01075	0.01505	0.00888	0.01175	0.00727	0.00422	0.00478	0.00144	0.00609	0.00435	0.00232	0.00711
19	0.01167	0.01120	0.01914	0.02894	0.80488	0.01120	0.01447	0.01447	0.01074	0.01540	0.00887	0.01167	0.00747	0.00420	0.00467	0.00140	0.00560	0.00420	0.00233	0.00747
20	0.01307	0.01006	0.01647	0.14613	0.41480	0.01054	0.03767	0.01558	0.01077	0.17993	0.01058	0.01262	0.00802	0.00502	0.00580	0.00151	0.08709	0.00435	0.00300	0.00697
21	0.00815	0.00639	0.03574	0.00872	0.05639	0.00545	0.05294	0.00982	0.01065	0.08929	0.11729	0.33891	0.19512	0.01102	0.00560	0.00169	0.00340	0.03434	0.00429	0.00483
22	0.00718	0.00588	0.00955	0.08610	0.01194	0.00573	0.11225	0.00880	0.00977	0.02691	0.05209	0.52080	0.06090	0.01177	0.00580	0.00181	0.00386	0.05048	0.00394	0.00444
23	0.00980	0.00951	0.01572	0.60322	0.19337	0.03140	0.04480	0.01285	0.00987	0.01286	0.00850	0.01228	0.00656	0.00458	0.00473	0.00153	0.00627	0.00422	0.00217	0.00576
24	0.01064	0.07595	0.45450	0.03927	0.03543	0.01005	0.02294	0.03907	0.01089	0.09860	0.03986	0.03222	0.09882	0.00585	0.00463	0.00147	0.00566	0.00474	0.00292	0.00651
25	0.02922	0.01253	0.02263	0.03524	0.12408	0.08751	0.51142	0.01454	0.01101	0.01460	0.01060	0.08403	0.00914	0.00506	0.00529	0.00155	0.00711	0.00574	0.00256	0.00615
26	0.01047	0.00972	0.01650	0.24474	0.45322	0.01032	0.04058	0.01316	0.01019	0.02930	0.01051	0.08999	0.00944	0.00547	0.00511	0.00152	0.02568	0.00513	0.00253	0.00642
27	0.01026	0.06456	0.66571	0.02496	0.04754	0.01121	0.04570	0.01519	0.01015	0.04935	0.00886	0.01030	0.00633	0.00449	0.00447	0.00147	0.00672	0.00360	0.00219	0.00694
28	0.01103	0.01117	0.01636	0.21363	0.38689	0.10190	0.06707	0.01358	0.01054	0.01369	0.01082	0.04945	0.03381	0.03354	0.00545	0.00157	0.00600	0.00484	0.00246	0.00620
29	0.00994	0.05577	0.64398	0.01551	0.12479	0.01134	0.04429	0.01484	0.01009	0.01484	0.00848	0.01018	0.00622	0.00441	0.00448	0.00146	0.00674	0.00361	0.00205	0.00698
30	0.01120	0.01265	0.12002	0.02608	0.67387	0.01091	0.01447	0.01432	0.01074	0.01548	0.03909	0.01235	0.00869	0.00444	0.00468	0.00142	0.00565	0.00427	0.00240	0.00729
31	0.01155	0.04359	0.57889	0.01267	0.04503	0.01036	0.01463	0.01637	0.03831	0.14634	0.01093	0.03236	0.00792	0.00501	0.00454	0.00148	0.00615	0.00401	0.00280	0.00707
32	0.01037	0.04718	0.64132	0.01254	0.01863	0.01040	0.03569	0.01506	0.01022	0.08374	0.01047	0.06487	0.00817	0.00525	0.00459	0.00151	0.00639	0.00428	0.00250	0.00681
33	0.01042	0.05061	0.56461	0.02472	0.02854	0.00993	0.01416	0.01473	0.01037	0.09983	0.01312	0.04531	0.05796	0.00573	0.00465	0.00151	0.00602	0.02844	0.00273	0.00664
34	0.01096	0.01011	0.01708	0.24651	0.53984	0.01066	0.01362	0.01381	0.01045	0.03313	0.00964	0.01376	0.00807	0.00475	0.00476	0.00148	0.00570	0.03650	0.00244	0.00674
35	0.00991	0.01025	0.04464	0.48669	0.21436	0.01088	0.12925	0.01318	0.01001	0.01340	0.00867	0.01229	0.00669	0.00447	0.00482	0.00153	0.00639	0.00437	0.00219	0.00599
36	0.01093	0.01111	0.01700	0.38816	0.31623	0.08745	0.07454	0.01383	0.01042	0.01348	0.00855	0.01186	0.00677	0.00448	0.00472	0.00148	0.00637	0.00419	0.00224	0.00617
37	0.01091	0.01259	0.12480	0.14375	0.29382	0.01084	0.24292	0.01436	0.01058	0.04301	0.00993	0.04288	0.00804	0.00471	0.00497	0.00152	0.00642	0.00487	0.00247	0.00662
38	0.00988	0.04822	0.59297	0.04737	0.03815	0.01061	0.06656	0.01449	0.01008	0.04398	0.01009	0.06828	0.00809	0.00521	0.00463	0.00151	0.00650	0.00438	0.00234	0.00665
39	0.01098	0.06519	0.65294	0.01281	0.01914	0.03072	0.03555	0.01575	0.01039	0.09013	0.00933	0.01044	0.00655	0.00458	0.00445	0.00146	0.00665	0.00360	0.00238	0.00697
40	0.01958	0.00918	0.03334	0.03573	0.03028	0.02415	0.04949	0.03647	0.01325	0.67143	0.01695	0.01526	0.01083	0.00561	0.00477	0.00146	0.00452	0.00468	0.00527	0.00775
41	0.00952	0.02396	0.78080	0.01368	0.02056	0.01099	0.04605	0.01494	0.01000	0.01494	0.00850	0.01006	0.00602	0.00446	0.00452	0.00150	0.00700	0.00356	0.00201	0.00695
42	0.00671	0.00543	0.00699	0.00750	0.00827	0.03463	0.03783	0.00802	0.01819	0.01264	0.03800	0.59997	0.07689	0.01339	0.00595	0.00188	0.00335	0.10602	0.00423	0.00412
43	0.00987	0.00910	0.01504	0.59617	0.19978	0.01066	0.01301	0.04507	0.01017	0.01343	0.00861	0.01236	0.00666	0.00492	0.00503	0.02187	0.00604	0.00419	0.00226	0.00577

[dist]
# distance from previous block
# <min> <max>
0	1

[block]
# block no. 4 follows, 54 sequences, length 13
# corresponding to MSA columns:
# 247-259
name=unknown_E
#
# <colnr> <probs for GDERKNQSTAVLIFYWHMCP>
#	G	D	E	R	K	N	Q	S	T	A	V	L	I	F	Y	W	H	M	C	P
0	0.01788	0.01464	0.01403	0.01105	0.01461	0.13829	0.00898	0.67019	0.02081	0.02691	0.01070	0.01089	0.00772	0.00554	0.00464	0.00138	0.00570	0.00406	0.00436	0.00762
1	0.00674	0.00502	0.00740	0.00740	0.00818	0.00580	0.00567	0.00830	0.00752	0.01081	0.01280	0.01944	0.01219	0.09478	0.75674	0.00735	0.01203	0.00519	0.00255	0.00411
2	0.01671	0.07186	0.01370	0.01060	0.01376	0.26715	0.00848	0.28245	0.15146	0.09951	0.01181	0.01173	0.00874	0.00544	0.00447	0.00136	0.00586	0.00398	0.00393	0.00698
3	0.01601	0.01235	0.01363	0.02992	0.06889	0.03053	0.00905	0.51407	0.19028	0.04661	0.01292	0.01281	0.00939	0.00569	0.00472	0.00145	0.00496	0.00447	0.00449	0.00774
4	0.00574	0.00410	0.00547	0.00657	0.00684	0.00383	0.00438	0.00657	0.00903	0.01204	0.02599	0.83122	0.03119	0.01477	0.00602	0.00191	0.00274	0.01340	0.00438	0.00383
5	0.00745	0.00555	0.00780	0.00786	0.00861	0.00563	0.04798	0.00872	0.00903	0.01195	0.01956	0.09907	0.02169	0.33758	0.01365	0.00307	0.03244	0.34495	0.00357	0.00385
6	0.01349	0.01364	0.01738	0.05577	0.46278	0.17298	0.04873	0.11047	0.03022	0.01632	0.00909	0.01121	0.00735	0.00457	0.00464	0.00139	0.00623	0.00406	0.00269	0.00699
7	0.01380	0.03464	0.04935	0.00983	0.03206	0.04785	0.00800	0.19856	0.23043	0.10354	0.03695	0.01366	0.01079	0.00537	0.00443	0.00131	0.00446	0.00428	0.00410	0.18660
8	0.01217	0.15963	0.44593	0.01192	0.01742	0.03009	0.03252	0.15929	0.03568	0.03911	0.00927	0.01023	0.00681	0.00471	0.00431	0.00139	0.00619	0.00359	0.00271	0.00700
9	0.01619	0.01878	0.01412	0.01477	0.15850	0.55846	0.00983	0.09113	0.01358	0.01423	0.00830	0.00973	0.00676	0.00484	0.00433	0.00126	0.00739	0.00342	0.03834	0.00603
10	0.00760	0.00543	0.00760	0.00868	0.00977	0.00543	0.00760	0.00977	0.01085	0.01411	0.02496	0.05319	0.02714	0.01303	0.00651	0.00217	0.00434	0.77315	0.00434	0.00434
11	0.01274	0.03656	0.01346	0.05557	0.05608	0.01199	0.06631	0.15655	0.44549	0.04375	0.01642	0.01603	0.03566	0.00596	0.00480	0.00153	0.00455	0.00507	0.00426	0.00722
12	0.01450	0.01117	0.01290	0.01223	0.10732	0.01230	0.00876	0.32080	0.33553	0.06710	0.01505	0.03700	0.01140	0.00605	0.00478	0.00150	0.00451	0.00497	0.00452	0.00761

[dist]
# distance from previous block
# <min> <max>
2	4

[block]
# block no. 5 follows, 54 sequences, length 9
# corresponding to MSA columns:
# 268-276
name=unknown_F
#
# <colnr> <probs for GDERKNQSTAVLIFYWHMCP>
#	G	D	E	R	K	N	Q	S	T	A	V	L	I	F	Y	W	H	M	C	P
0	0.03646	0.31960	0.06745	0.00991	0.01373	0.10698	0.03996	0.13591	0.08244	0.12927	0.01045	0.01071	0.00791	0.00488	0.00402	0.00128	0.00540	0.00360	0.00331	0.00674
1	0.73709	0.06222	0.00863	0.00686	0.00980	0.08392	0.00565	0.01433	0.00860	0.01965	0.00663	0.00773	0.00525	0.00440	0.00305	0.00141	0.00417	0.00259	0.00282	0.00520
2	0.01367	0.01616	0.01126	0.01049	0.01234	0.52188	0.00794	0.01505	0.01126	0.01132	0.00922	0.01214	0.00815	0.01592	0.29842	0.00352	0.01000	0.00377	0.00246	0.00501
3	0.01210	0.70633	0.15107	0.00893	0.01344	0.01742	0.00957	0.01425	0.00964	0.01171	0.00686	0.00795	0.00604	0.00411	0.00326	0.00109	0.00535	0.00268	0.00201	0.00620
4	0.01792	0.01321	0.01415	0.01085	0.01462	0.01462	0.00896	0.78916	0.02217	0.02972	0.01132	0.01132	0.00802	0.00566	0.00472	0.00142	0.00519	0.00425	0.00472	0.00802
5	0.01261	0.83713	0.02471	0.00807	0.01210	0.01866	0.00807	0.01412	0.00958	0.01109	0.00656	0.00756	0.00605	0.00403	0.00303	0.00101	0.00504	0.00252	0.00202	0.00605
6	0.01277	0.61599	0.13916	0.00931	0.01364	0.08318	0.00957	0.04655	0.01047	0.01246	0.00709	0.00815	0.00612	0.00423	0.00341	0.00111	0.00562	0.00278	0.00216	0.00622
7	0.00686	0.00457	0.00514	0.00514	0.00514	0.00457	0.00286	0.00686	0.00686	0.00914	0.01486	0.03086	0.01714	0.83430	0.02400	0.00457	0.00457	0.00686	0.00286	0.00286
8	0.00767	0.00527	0.00742	0.00838	0.00933	0.00527	0.00717	0.00933	0.01028	0.01339	0.02293	0.04848	0.02484	0.01343	0.00796	0.10649	0.00431	0.67993	0.00406	0.00406

[dist]
# distance from previous block
# <min> <max>
0	0

# created by:
# /st0/software/busco_prod/Augustus/scripts/msa2prfl.pl ./align_prep/131847.fa
