[name]
unknown

[dist]
# distance from previous block
# <min> <max>
0	174

[block]
# block no. 0 follows, 61 sequences, length 12
# corresponding to MSA columns:
# 174-185
name=unknown_A
#
# <colnr> <probs for GDERKNQSTAVLIFYWHMCP>
#	G	D	E	R	K	N	Q	S	T	A	V	L	I	F	Y	W	H	M	C	P
0	0.00710	0.00656	0.08258	0.00833	0.00982	0.00542	0.00777	0.00936	0.00984	0.01296	0.02142	0.04494	0.02301	0.01118	0.00578	0.00193	0.00419	0.71986	0.00377	0.00419
1	0.00611	0.00438	0.00564	0.00534	0.00625	0.00408	0.00391	0.00793	0.01156	0.01632	0.73311	0.03175	0.03797	0.09880	0.00689	0.00166	0.00226	0.00763	0.00451	0.00391
2	0.00737	0.00642	0.08134	0.00599	0.00687	0.00539	0.00449	0.06953	0.00762	0.01032	0.01236	0.04544	0.01343	0.57467	0.03572	0.09697	0.00449	0.00565	0.00262	0.00330
3	0.00927	0.00849	0.01158	0.01048	0.06136	0.02816	0.13420	0.01537	0.33560	0.01482	0.01559	0.20788	0.01432	0.00681	0.00460	0.00141	0.00400	0.00625	0.00354	0.10627
4	0.04597	0.01094	0.01110	0.00925	0.01212	0.04856	0.00740	0.36087	0.40521	0.02167	0.01351	0.01289	0.00998	0.00542	0.00426	0.00137	0.00418	0.00425	0.00419	0.00687
5	0.00828	0.00531	0.00709	0.08296	0.00967	0.00494	0.00531	0.00982	0.00994	0.13442	0.17688	0.26639	0.09188	0.02288	0.00516	0.00149	0.00304	0.05606	0.00398	0.09449
6	0.01101	0.00755	0.01028	0.02798	0.01125	0.03790	0.10670	0.04747	0.08562	0.19312	0.10100	0.14782	0.03454	0.00698	0.00460	0.00138	0.00384	0.03838	0.05645	0.06612
7	0.01014	0.01017	0.00903	0.00857	0.00995	0.25074	0.03265	0.10886	0.01098	0.01299	0.01610	0.42555	0.01774	0.00928	0.00506	0.00150	0.02273	0.03002	0.00340	0.00453
8	0.00652	0.00466	0.00613	0.00725	0.08082	0.00461	0.00425	0.00705	0.00731	0.00993	0.01580	0.23323	0.01800	0.45643	0.03590	0.03137	0.00396	0.04182	0.02164	0.00332
9	0.00899	0.00661	0.00975	0.00958	0.09650	0.00630	0.08427	0.04568	0.04148	0.10588	0.28790	0.04641	0.14470	0.00783	0.00494	0.00144	0.00344	0.07920	0.00404	0.00505
10	0.00809	0.00744	0.01231	0.69988	0.07485	0.00903	0.01104	0.01063	0.00843	0.01091	0.00832	0.01322	0.00687	0.09475	0.00619	0.00172	0.00554	0.00409	0.00200	0.00468
11	0.01578	0.01172	0.01122	0.00904	0.01200	0.15719	0.00728	0.39931	0.03590	0.19098	0.01343	0.01305	0.05712	0.00543	0.00423	0.00127	0.00476	0.00412	0.03963	0.00654

[dist]
# distance from previous block
# <min> <max>
0	6

[block]
# block no. 1 follows, 61 sequences, length 110
# corresponding to MSA columns:
# 194-295,303-310
name=unknown_B
#
# <colnr> <probs for GDERKNQSTAVLIFYWHMCP>
#	G	D	E	R	K	N	Q	S	T	A	V	L	I	F	Y	W	H	M	C	P
0	0.00904	0.00805	0.01325	0.61639	0.15390	0.00927	0.01145	0.01175	0.00898	0.04428	0.00810	0.01130	0.00616	0.00419	0.00422	0.00135	0.00538	0.00376	0.00213	0.06704
1	0.87904	0.00833	0.00633	0.00566	0.00833	0.00966	0.00467	0.01266	0.00733	0.01933	0.00600	0.00700	0.00467	0.00400	0.00267	0.00133	0.00333	0.00233	0.00267	0.00467
2	0.00900	0.00772	0.00896	0.00648	0.01025	0.00594	0.00517	0.01133	0.04115	0.01420	0.00805	0.00922	0.00665	0.00330	0.00324	0.00067	0.00320	0.00264	0.00263	0.84020
3	0.01143	0.76640	0.02114	0.00740	0.01092	0.02720	0.00722	0.01345	0.05527	0.01077	0.00690	0.00772	0.00613	0.00386	0.00288	0.00096	0.00450	0.00251	0.02780	0.00555
4	0.00933	0.04412	0.65449	0.04601	0.06497	0.01043	0.03401	0.06221	0.00982	0.01429	0.00788	0.00935	0.00569	0.00413	0.00411	0.00135	0.00614	0.00331	0.00200	0.00635
5	0.00619	0.00419	0.00475	0.00477	0.00486	0.00418	0.00274	0.00630	0.00647	0.00858	0.01500	0.03937	0.05197	0.77548	0.04494	0.00410	0.00428	0.00642	0.00268	0.00270
6	0.00748	0.00374	0.00561	0.00561	0.00561	0.00374	0.00374	0.00561	0.00561	0.00748	0.00748	0.01309	0.00748	0.01496	0.01684	0.87467	0.00374	0.00374	0.00187	0.00187
7	0.00827	0.00780	0.01317	0.79453	0.07234	0.00961	0.01203	0.01113	0.00868	0.01117	0.00768	0.01144	0.00580	0.00428	0.00430	0.00143	0.00571	0.00383	0.00193	0.00489
8	0.01052	0.01009	0.01722	0.07328	0.77604	0.01020	0.01315	0.01309	0.00974	0.01390	0.00808	0.01071	0.00676	0.00387	0.00427	0.00129	0.00515	0.00384	0.00212	0.00671
9	0.00813	0.00766	0.01292	0.83826	0.02967	0.00957	0.01196	0.01101	0.00861	0.01101	0.00766	0.01148	0.00574	0.00431	0.00431	0.00144	0.00574	0.00383	0.00191	0.00479
10	0.00985	0.00955	0.01667	0.27471	0.51972	0.01008	0.07156	0.01258	0.00947	0.01311	0.00801	0.01098	0.00647	0.00397	0.00434	0.00134	0.00547	0.00393	0.00207	0.00612
11	0.00520	0.00435	0.00453	0.00455	0.00592	0.00368	0.00341	0.00636	0.00994	0.01205	0.09986	0.07094	0.72202	0.01086	0.00512	0.00147	0.00221	0.01982	0.00405	0.00367
12	0.00616	0.00413	0.00473	0.00483	0.00485	0.00411	0.00275	0.00624	0.00646	0.00862	0.01459	0.10978	0.01694	0.76527	0.02029	0.00393	0.00401	0.00686	0.00275	0.00270
13	0.01005	0.00938	0.01593	0.27727	0.56079	0.00995	0.01270	0.01269	0.00949	0.02899	0.00814	0.01099	0.00656	0.00401	0.00428	0.00133	0.00528	0.00384	0.00213	0.00620
14	0.00539	0.00389	0.00507	0.00595	0.00633	0.00363	0.00409	0.00622	0.00840	0.01107	0.02476	0.69928	0.08682	0.04662	0.00616	0.00184	0.00264	0.06439	0.00394	0.00351
15	0.01766	0.00866	0.01066	0.00832	0.01157	0.00848	0.00682	0.20584	0.10527	0.54582	0.01549	0.01381	0.01016	0.00535	0.00433	0.00134	0.00389	0.00429	0.00498	0.00727
16	0.01918	0.00757	0.01014	0.00778	0.01111	0.00668	0.00642	0.06009	0.01272	0.78507	0.01666	0.01445	0.01050	0.00532	0.00433	0.00133	0.00372	0.00431	0.00528	0.00733
17	0.02747	0.00922	0.01278	0.01088	0.01122	0.01253	0.00906	0.01133	0.00711	0.08078	0.00664	0.00983	0.00607	0.00728	0.01306	0.00183	0.75198	0.00379	0.00220	0.00494
18	0.00624	0.00435	0.00554	0.00556	0.00586	0.00462	0.00370	0.00683	0.00659	0.00905	0.01310	0.02477	0.01418	0.54040	0.30548	0.00508	0.00675	0.02627	0.00254	0.00308
19	0.00687	0.00592	0.00842	0.19429	0.01270	0.00626	0.04902	0.02170	0.03319	0.01230	0.12464	0.02653	0.27739	0.09206	0.07621	0.00218	0.02645	0.01648	0.00321	0.00417
20	0.76400	0.02959	0.00739	0.00626	0.00894	0.07101	0.00512	0.04075	0.00818	0.01873	0.00620	0.00717	0.00484	0.00406	0.00282	0.00131	0.00374	0.00242	0.00267	0.00480
21	0.00817	0.00770	0.01299	0.82596	0.04167	0.00958	0.01198	0.01104	0.00863	0.01105	0.00766	0.01147	0.00576	0.00430	0.00431	0.00143	0.00573	0.00383	0.00192	0.00482
22	0.03082	0.00886	0.01322	0.43789	0.20751	0.04038	0.01091	0.03649	0.03743	0.04127	0.00857	0.01169	0.00678	0.02661	0.01850	0.00155	0.03887	0.00387	0.00230	0.01649
23	0.00826	0.00786	0.01350	0.79123	0.04324	0.00963	0.04377	0.01116	0.00870	0.01117	0.00771	0.01148	0.00579	0.00427	0.00434	0.00143	0.00579	0.00388	0.00193	0.00486
24	0.01586	0.01997	0.01226	0.01108	0.01325	0.78629	0.00836	0.03258	0.01217	0.01086	0.00670	0.00788	0.00559	0.00456	0.00425	0.00114	0.03709	0.00283	0.00225	0.00503
25	0.00779	0.00405	0.00421	0.00419	0.00518	0.00401	0.00314	0.00977	0.00935	0.01610	0.09722	0.03128	0.01438	0.00555	0.00327	0.00105	0.00202	0.00454	0.76890	0.00401
26	0.00626	0.00448	0.00659	0.00662	0.00725	0.00509	0.00500	0.00735	0.00679	0.00968	0.01165	0.04134	0.01131	0.08657	0.67416	0.08909	0.01003	0.00487	0.00234	0.00356
27	0.04728	0.01155	0.01262	0.05771	0.02379	0.01287	0.00829	0.69335	0.04866	0.02543	0.01027	0.01050	0.00735	0.00509	0.00425	0.00131	0.00470	0.00386	0.00409	0.00706
28	0.00570	0.00483	0.00498	0.00513	0.00627	0.03290	0.00374	0.00681	0.00971	0.01196	0.11566	0.19649	0.50862	0.04025	0.00574	0.00160	0.00254	0.02942	0.00396	0.00367
29	0.01801	0.00740	0.00981	0.00769	0.01085	0.00666	0.00629	0.02069	0.08875	0.71763	0.04705	0.01545	0.01202	0.00551	0.00436	0.00135	0.00358	0.00451	0.00522	0.00716
30	0.00537	0.00435	0.00477	0.00472	0.00600	0.00375	0.00352	0.00671	0.01041	0.01316	0.25647	0.06897	0.57586	0.01043	0.00510	0.00144	0.00215	0.00885	0.00420	0.00375
31	0.00871	0.00847	0.01411	0.68545	0.11243	0.02943	0.05783	0.01155	0.00892	0.01148	0.00774	0.01132	0.00590	0.00422	0.00434	0.00141	0.00581	0.00388	0.00196	0.00506
32	0.12968	0.01215	0.01020	0.06212	0.01223	0.30267	0.00723	0.07818	0.02487	0.11907	0.00938	0.01095	0.00739	0.01000	0.16304	0.00235	0.02689	0.00349	0.00288	0.00523
33	0.00670	0.00452	0.00591	0.00552	0.00660	0.00416	0.00413	0.00863	0.01194	0.05505	0.73898	0.05481	0.03827	0.02911	0.00547	0.00143	0.00217	0.00772	0.00470	0.00417
34	0.00978	0.01009	0.01298	0.01159	0.04166	0.08001	0.02308	0.01087	0.00738	0.01062	0.00754	0.01083	0.03842	0.00781	0.03201	0.00189	0.67268	0.00395	0.00202	0.00477
35	0.00835	0.00787	0.01330	0.77017	0.09610	0.00963	0.01207	0.01119	0.00871	0.01126	0.00769	0.01142	0.00583	0.00427	0.00430	0.00142	0.00569	0.00383	0.00193	0.00496
36	0.01864	0.00844	0.01068	0.00819	0.01155	0.00798	0.00677	0.20522	0.01419	0.63788	0.01544	0.01365	0.00988	0.00529	0.00433	0.00132	0.00392	0.00423	0.00509	0.00733
37	0.00542	0.00387	0.00519	0.00619	0.00651	0.00364	0.00429	0.00629	0.00841	0.01118	0.02365	0.76644	0.02812	0.01334	0.00554	0.00177	0.00265	0.08995	0.00400	0.00355
38	0.00932	0.00659	0.02129	0.02017	0.01067	0.00608	0.13311	0.01202	0.06333	0.15805	0.29612	0.16591	0.03488	0.00799	0.00498	0.00147	0.00351	0.03531	0.00417	0.00504
39	0.00736	0.00619	0.00836	0.03964	0.06828	0.03950	0.00625	0.01700	0.00742	0.01030	0.01077	0.01700	0.01040	0.15659	0.49979	0.00515	0.07899	0.00464	0.00231	0.00406
40	0.01767	0.00823	0.01032	0.00800	0.01119	0.00785	0.00658	0.19388	0.03475	0.57645	0.04264	0.01438	0.01102	0.00542	0.00431	0.00132	0.00379	0.00435	0.03073	0.00711
41	0.01134	0.00900	0.00962	0.00851	0.01095	0.01023	0.00664	0.06441	0.67949	0.06482	0.01691	0.01588	0.01265	0.01940	0.00461	0.00147	0.00345	0.00477	0.03915	0.00669
42	0.00974	0.00904	0.02471	0.08936	0.56187	0.00900	0.02514	0.01227	0.01934	0.02489	0.01148	0.04650	0.05284	0.00534	0.01785	0.00141	0.00483	0.01572	0.05261	0.00608
43	0.66250	0.03345	0.00791	0.00641	0.00916	0.00980	0.00532	0.06501	0.00882	0.12210	0.00767	0.00826	0.00566	0.00434	0.00332	0.00133	0.02793	0.00273	0.00306	0.00520
44	0.00813	0.00766	0.01292	0.83826	0.02967	0.00957	0.01196	0.01101	0.00861	0.01101	0.00766	0.01148	0.00574	0.00431	0.00431	0.00144	0.00574	0.00383	0.00191	0.00479
45	0.01081	0.07569	0.05493	0.06026	0.39864	0.04327	0.11712	0.01342	0.02275	0.05932	0.00987	0.01202	0.03731	0.01724	0.00505	0.00137	0.04835	0.00409	0.00238	0.00613
46	0.00649	0.00529	0.02199	0.00746	0.00857	0.00468	0.09174	0.00779	0.00881	0.03276	0.06530	0.59728	0.02439	0.03309	0.00569	0.00169	0.00319	0.02128	0.00373	0.04880
47	0.01013	0.00968	0.01648	0.16672	0.67033	0.01000	0.01284	0.01271	0.00957	0.01349	0.00830	0.02534	0.00701	0.00409	0.00429	0.00131	0.00518	0.00398	0.00213	0.00641
48	0.01075	0.01025	0.01607	0.10996	0.62640	0.04299	0.01226	0.05872	0.01031	0.01422	0.00872	0.01121	0.01834	0.00482	0.02556	0.00144	0.00539	0.00389	0.00227	0.00644
49	0.00905	0.04572	0.29583	0.06881	0.05931	0.00873	0.14704	0.02500	0.00966	0.06002	0.02368	0.11281	0.07584	0.00608	0.00458	0.00143	0.00523	0.03292	0.00269	0.00555
50	0.01107	0.65046	0.01986	0.00787	0.01105	0.05969	0.03934	0.01236	0.00895	0.01050	0.03973	0.00943	0.02804	0.00480	0.00409	0.04601	0.02656	0.00295	0.00205	0.00519
51	0.00665	0.00489	0.00670	0.04056	0.00910	0.00487	0.00641	0.00842	0.00960	0.01239	0.02395	0.11107	0.09938	0.03867	0.00628	0.00196	0.00376	0.59759	0.00385	0.00389
52	0.04133	0.00792	0.01188	0.20276	0.21820	0.00852	0.00926	0.03444	0.01988	0.15197	0.05334	0.03994	0.05958	0.00597	0.00522	0.00144	0.06946	0.05014	0.00312	0.00563
53	0.01144	0.18268	0.31016	0.01198	0.06195	0.15772	0.08355	0.01439	0.00993	0.06529	0.00842	0.01051	0.00669	0.00442	0.00410	0.00126	0.01631	0.03108	0.00225	0.00589
54	0.00524	0.00380	0.00495	0.00587	0.00621	0.00351	0.00394	0.00601	0.00837	0.01105	0.02528	0.78367	0.08963	0.01330	0.00547	0.00173	0.00247	0.01200	0.00400	0.00351
55	0.00757	0.00461	0.00699	0.07222	0.00823	0.00501	0.01596	0.00657	0.00619	0.00829	0.00895	0.01393	0.03982	0.01378	0.03861	0.67156	0.06323	0.00401	0.00198	0.00249
56	0.01082	0.16687	0.23354	0.01976	0.05490	0.07409	0.06456	0.05127	0.09827	0.06074	0.05401	0.04382	0.01030	0.00520	0.00414	0.00131	0.00513	0.03255	0.00281	0.00591
57	0.01083	0.01011	0.01296	0.04177	0.04201	0.06039	0.15251	0.01945	0.51163	0.03353	0.03808	0.01512	0.02097	0.00536	0.00450	0.00142	0.00447	0.00483	0.00371	0.00634
58	0.00817	0.00772	0.01311	0.82569	0.02956	0.00959	0.02413	0.01105	0.00864	0.01105	0.00767	0.01149	0.00575	0.00430	0.00432	0.00144	0.00577	0.00385	0.00192	0.00480
59	0.00554	0.00436	0.00492	0.00507	0.00618	0.00390	0.00369	0.00706	0.03316	0.01281	0.18265	0.22994	0.44667	0.01087	0.00512	0.00150	0.00226	0.00938	0.02115	0.00378
60	0.02114	0.09964	0.16350	0.00998	0.02612	0.11271	0.06008	0.04711	0.20207	0.09236	0.01983	0.02355	0.03088	0.05376	0.00531	0.00148	0.01723	0.00420	0.00312	0.00593
61	0.06667	0.00806	0.01021	0.00787	0.01118	0.00752	0.00650	0.13265	0.01318	0.66627	0.01543	0.01362	0.00985	0.00523	0.00424	0.00133	0.00380	0.00416	0.00504	0.00718
62	0.44485	0.00783	0.00818	0.00667	0.00968	0.00798	0.00551	0.01687	0.00986	0.42609	0.01155	0.01087	0.00769	0.00467	0.00351	0.00133	0.00350	0.00334	0.00401	0.00601
63	0.01058	0.00587	0.00644	0.00572	0.00743	0.00601	0.00446	0.09467	0.09818	0.12655	0.04475	0.03213	0.01229	0.00547	0.00360	0.00116	0.00267	0.00444	0.52248	0.00510
64	0.01050	0.03101	0.46562	0.01188	0.02727	0.05994	0.08559	0.07024	0.05097	0.06464	0.01028	0.01191	0.02878	0.00478	0.00454	0.00138	0.02795	0.02403	0.00252	0.00620
65	0.00930	0.01766	0.47882	0.01483	0.02032	0.01039	0.35875	0.01371	0.00956	0.01371	0.00816	0.01019	0.00592	0.00389	0.00452	0.00140	0.00675	0.00401	0.00197	0.00612
66	0.00882	0.00861	0.01219	0.01050	0.01076	0.01165	0.02781	0.00986	0.00689	0.01043	0.00866	0.01252	0.05340	0.03415	0.08476	0.00235	0.67578	0.00425	0.00207	0.00454
67	0.62323	0.05280	0.00836	0.00689	0.00945	0.18288	0.00555	0.01347	0.00860	0.01695	0.03483	0.00804	0.00616	0.00425	0.00301	0.00127	0.00428	0.00262	0.00260	0.00476
68	0.00593	0.00457	0.00534	0.00559	0.00661	0.00426	0.00416	0.01803	0.03798	0.01248	0.12153	0.21726	0.34471	0.07760	0.00660	0.00179	0.00271	0.11509	0.00399	0.00378
69	0.04744	0.04226	0.07085	0.01017	0.03534	0.13336	0.02754	0.22964	0.20841	0.01785	0.01044	0.01088	0.00797	0.00495	0.00462	0.00128	0.05310	0.00370	0.00329	0.07690
70	0.00738	0.00562	0.00767	0.02888	0.00862	0.01810	0.05046	0.05331	0.00846	0.02893	0.01561	0.15297	0.04787	0.23218	0.25326	0.00382	0.00627	0.05181	0.00298	0.01580
71	0.01035	0.03642	0.06696	0.08417	0.20780	0.04198	0.00871	0.05551	0.02062	0.06971	0.01034	0.02436	0.02914	0.05561	0.04006	0.00157	0.01829	0.00390	0.01455	0.19995
72	0.03218	0.01759	0.00860	0.00771	0.00959	0.07497	0.02667	0.03184	0.25555	0.08809	0.10366	0.15415	0.09374	0.00884	0.03777	0.00168	0.00387	0.03422	0.00400	0.00528
73	0.00590	0.00409	0.00513	0.00558	0.00581	0.00403	0.00365	0.00647	0.00748	0.01003	0.03881	0.34914	0.02168	0.39509	0.06067	0.00316	0.00387	0.06295	0.00328	0.00316
74	0.00971	0.00885	0.01405	0.23447	0.36272	0.03059	0.04411	0.01254	0.04680	0.04324	0.01138	0.08302	0.02886	0.00543	0.00463	0.00141	0.01722	0.03264	0.00256	0.00573
75	0.00935	0.10109	0.57007	0.01256	0.07754	0.04321	0.03554	0.01372	0.03766	0.01327	0.00900	0.01029	0.02952	0.00462	0.01355	0.00138	0.00601	0.00343	0.00203	0.00616
76	0.64620	0.00892	0.00777	0.00659	0.00941	0.01009	0.00542	0.15611	0.02719	0.06715	0.00775	0.00834	0.00574	0.00434	0.00310	0.00132	0.00359	0.00280	0.01282	0.00534
77	0.00525	0.00375	0.00500	0.00600	0.00625	0.00350	0.00400	0.00600	0.00825	0.01100	0.02374	0.84580	0.02849	0.01350	0.00550	0.00175	0.00250	0.01225	0.00400	0.00350
78	0.03669	0.04445	0.09351	0.03794	0.01214	0.08329	0.01663	0.12083	0.12718	0.14535	0.05284	0.01733	0.08158	0.00720	0.03904	0.00161	0.02661	0.04636	0.00361	0.00582
79	0.00841	0.00776	0.01305	0.69805	0.10478	0.00934	0.02466	0.01121	0.00878	0.01164	0.00809	0.01167	0.00617	0.00429	0.00424	0.00140	0.00549	0.00386	0.05217	0.00495
80	0.01353	0.01036	0.00968	0.00812	0.01051	0.13923	0.00647	0.33764	0.04202	0.07755	0.01213	0.02772	0.00941	0.00539	0.00395	0.00122	0.00427	0.02733	0.24762	0.00584
81	0.02407	0.13952	0.10997	0.06695	0.09084	0.47435	0.00974	0.01531	0.01081	0.01132	0.00688	0.00831	0.00566	0.00422	0.00379	0.00115	0.00670	0.00292	0.00209	0.00539
82	0.00532	0.00437	0.00469	0.00461	0.00596	0.00374	0.00346	0.00663	0.01037	0.01294	0.22305	0.03931	0.63977	0.01042	0.00509	0.00143	0.00215	0.00879	0.00417	0.00374
83	0.00636	0.00473	0.00666	0.00695	0.00751	0.00486	0.03388	0.00745	0.00833	0.02085	0.02007	0.52455	0.02294	0.05580	0.03778	0.00205	0.06800	0.10368	0.05376	0.00377
84	0.00526	0.00379	0.00499	0.00592	0.00623	0.00352	0.00397	0.00606	0.00841	0.01118	0.04384	0.79235	0.06200	0.01327	0.00547	0.00173	0.00247	0.01201	0.00402	0.00352
85	0.01523	0.17967	0.01425	0.01029	0.01288	0.61308	0.00813	0.07591	0.01215	0.01171	0.00681	0.00780	0.00568	0.00435	0.00370	0.00109	0.00693	0.00277	0.00230	0.00527
86	0.00968	0.00955	0.01361	0.50997	0.15795	0.08631	0.02532	0.03541	0.03951	0.01221	0.00811	0.01117	0.00634	0.00498	0.02083	0.00150	0.03631	0.00381	0.00215	0.00529
87	0.01060	0.01027	0.01724	0.07292	0.75206	0.02343	0.02394	0.01316	0.00978	0.01384	0.00806	0.01068	0.00674	0.00387	0.00427	0.00129	0.00523	0.00384	0.00212	0.00666
88	0.01141	0.00826	0.00928	0.00784	0.01016	0.00881	0.00628	0.29836	0.16689	0.06584	0.22886	0.02161	0.07236	0.00701	0.00465	0.00139	0.00347	0.04739	0.01425	0.00591
89	0.00525	0.00375	0.00500	0.00600	0.00625	0.00350	0.00400	0.00600	0.00825	0.01100	0.02374	0.84580	0.02849	0.01350	0.00550	0.00175	0.00250	0.01225	0.00400	0.00350
90	0.01637	0.00838	0.01027	0.00810	0.01113	0.00824	0.00663	0.23062	0.06689	0.45957	0.10118	0.01597	0.01334	0.00579	0.00443	0.00134	0.00377	0.01617	0.00491	0.00690
91	0.01131	0.67314	0.09888	0.00799	0.01179	0.02678	0.00812	0.02359	0.06298	0.01987	0.00758	0.00831	0.01634	0.00401	0.00308	0.00102	0.00470	0.00269	0.00211	0.00571
92	0.00525	0.00375	0.00500	0.00600	0.00625	0.00350	0.00400	0.00600	0.00825	0.01100	0.02374	0.84580	0.02849	0.01350	0.00550	0.00175	0.00250	0.01225	0.00400	0.00350
93	0.01861	0.00763	0.01009	0.00777	0.01103	0.00685	0.00641	0.08701	0.01299	0.72883	0.04474	0.01491	0.01144	0.00544	0.00436	0.00133	0.00370	0.00442	0.00522	0.00722
94	0.00674	0.00464	0.00508	0.00482	0.00628	0.00409	0.00366	0.02107	0.01049	0.06511	0.18237	0.03425	0.50601	0.00931	0.00476	0.00137	0.00227	0.00781	0.11581	0.00406
95	0.00751	0.00391	0.00581	0.00576	0.00576	0.00402	0.00388	0.00576	0.00565	0.00758	0.00755	0.01329	0.00759	0.03123	0.01686	0.83219	0.02798	0.00379	0.00189	0.00197
96	0.00864	0.02228	0.82630	0.01228	0.01864	0.01000	0.01592	0.01364	0.00909	0.01364	0.00773	0.00909	0.00546	0.00409	0.00409	0.00136	0.00637	0.00318	0.00182	0.00637
97	0.00893	0.00766	0.00893	0.00638	0.01021	0.00574	0.00510	0.01085	0.00893	0.01404	0.00766	0.00893	0.00638	0.00319	0.00319	0.00064	0.00319	0.00255	0.00255	0.87495
98	0.00864	0.00792	0.01303	0.57795	0.07347	0.02250	0.05685	0.01118	0.00863	0.03244	0.00846	0.01251	0.00678	0.04068	0.07235	0.00199	0.03358	0.00406	0.00210	0.00487
99	0.01224	0.01001	0.01060	0.00908	0.01178	0.01143	0.00719	0.23479	0.59958	0.02048	0.01559	0.01452	0.01158	0.00566	0.00436	0.00142	0.00377	0.00460	0.00436	0.00696
100	0.00626	0.00418	0.00470	0.00470	0.00470	0.00418	0.00261	0.00626	0.00626	0.00835	0.01357	0.02819	0.01566	0.84862	0.02192	0.00418	0.00418	0.00626	0.00261	0.00261
101	0.01007	0.01343	0.23486	0.03676	0.59204	0.01016	0.01392	0.01329	0.00960	0.01390	0.00799	0.01025	0.00644	0.00391	0.00422	0.00130	0.00546	0.00366	0.00204	0.00666
102	0.03756	0.00854	0.01020	0.00802	0.01095	0.00865	0.00658	0.26858	0.02408	0.41297	0.01386	0.01311	0.00936	0.00529	0.00447	0.00130	0.03332	0.00409	0.11231	0.00675
103	0.00528	0.00385	0.00499	0.00589	0.00628	0.00356	0.00401	0.00610	0.00846	0.01112	0.02576	0.73962	0.10962	0.01318	0.00547	0.00173	0.00251	0.03505	0.00400	0.00353
104	0.06217	0.00781	0.00887	0.00759	0.00999	0.00822	0.00601	0.09095	0.30977	0.20608	0.18096	0.02880	0.04126	0.00640	0.00444	0.00139	0.00326	0.00532	0.00455	0.00616
105	0.01148	0.21545	0.03236	0.06486	0.18939	0.04939	0.06412	0.03683	0.00969	0.10066	0.00935	0.01178	0.01922	0.00597	0.03829	0.00153	0.10484	0.02648	0.00252	0.00579
106	0.00546	0.00426	0.00483	0.00498	0.00598	0.00378	0.00358	0.00657	0.00960	0.01220	0.16907	0.18449	0.44126	0.09291	0.00683	0.00177	0.00246	0.03239	0.00399	0.00359
107	0.04147	0.00793	0.01026	0.00788	0.01121	0.00727	0.00651	0.11627	0.01316	0.70679	0.01590	0.01394	0.01010	0.00528	0.00429	0.00133	0.00379	0.00422	0.00514	0.00726
108	0.02571	0.00750	0.06125	0.12631	0.12094	0.01475	0.05313	0.01002	0.00810	0.02436	0.00971	0.02502	0.01937	0.00769	0.00812	0.24080	0.05656	0.00404	0.17235	0.00427
109	0.01256	0.01250	0.19660	0.05932	0.02781	0.08887	0.08466	0.05820	0.06644	0.22658	0.04849	0.04321	0.01064	0.02002	0.00472	0.00142	0.00511	0.02335	0.00341	0.00610

[dist]
# distance from previous block
# <min> <max>
0	1

[block]
# block no. 2 follows, 61 sequences, length 7
# corresponding to MSA columns:
# 312-318
name=unknown_C
#
# <colnr> <probs for GDERKNQSTAVLIFYWHMCP>
#	G	D	E	R	K	N	Q	S	T	A	V	L	I	F	Y	W	H	M	C	P
0	0.03373	0.04458	0.00861	0.00687	0.00912	0.00649	0.00547	0.01490	0.09468	0.32694	0.08414	0.11815	0.03347	0.00899	0.07852	0.00183	0.00393	0.00553	0.06414	0.04994
1	0.01069	0.07621	0.09442	0.05945	0.23738	0.04601	0.02087	0.04418	0.02577	0.11299	0.09918	0.05751	0.05630	0.03441	0.00494	0.00141	0.00451	0.00492	0.00308	0.00576
2	0.00870	0.07467	0.17782	0.01102	0.08487	0.00806	0.12445	0.02552	0.00986	0.05458	0.12650	0.14863	0.06009	0.00834	0.05589	0.00174	0.00495	0.00603	0.00303	0.00524
3	0.16266	0.42446	0.16630	0.00848	0.01241	0.01302	0.05149	0.01272	0.00858	0.01280	0.00678	0.00810	0.00568	0.00495	0.03685	0.00133	0.00505	0.00273	0.00206	0.05355
4	0.40321	0.05867	0.05483	0.05541	0.03406	0.08086	0.04255	0.08586	0.02485	0.01706	0.04251	0.00969	0.00725	0.00453	0.00379	0.00131	0.03270	0.00320	0.03247	0.00519
5	0.08115	0.04145	0.00613	0.00570	0.00663	0.00497	0.00411	0.00780	0.00864	0.03986	0.11442	0.32828	0.11761	0.13384	0.00792	0.03973	0.00297	0.04145	0.00363	0.00372
6	0.05290	0.00956	0.05182	0.07156	0.13721	0.07390	0.02652	0.04499	0.02599	0.05314	0.05072	0.04949	0.05995	0.02146	0.00436	0.00120	0.00427	0.00428	0.00288	0.25381

[dist]
# distance from previous block
# <min> <max>
0	256

# created by:
# /st0/software/busco_prod/Augustus/scripts/msa2prfl.pl ./align_prep/131987.fa
