[name]
unknown

[dist]
# distance from previous block
# <min> <max>
0	10

[block]
# block no. 0 follows, 57 sequences, length 24
# corresponding to MSA columns:
# 10-33
name=unknown_A
#
# <colnr> <probs for GDERKNQSTAVLIFYWHMCP>
#	G	D	E	R	K	N	Q	S	T	A	V	L	I	F	Y	W	H	M	C	P
0	0.04898	0.00952	0.01107	0.00938	0.01219	0.03034	0.03587	0.19994	0.22649	0.19154	0.01645	0.02062	0.01325	0.00682	0.00482	0.00155	0.00434	0.14564	0.00451	0.00669
1	0.44602	0.00928	0.00892	0.00731	0.01042	0.03012	0.00599	0.13416	0.01135	0.22179	0.01021	0.01026	0.00718	0.00474	0.00358	0.00135	0.00390	0.00329	0.02263	0.04751
2	0.01358	0.01331	0.01177	0.07650	0.01430	0.23548	0.00827	0.15770	0.36899	0.01773	0.01300	0.01306	0.00987	0.00598	0.01904	0.00150	0.00545	0.00424	0.00372	0.00651
3	0.00648	0.00482	0.00713	0.00713	0.00789	0.00558	0.00547	0.00799	0.00724	0.01041	0.01228	0.01858	0.01167	0.08684	0.77040	0.00709	0.01163	0.00497	0.00245	0.00396
4	0.00647	0.00485	0.00728	0.00728	0.00809	0.00566	0.00566	0.00809	0.00728	0.01052	0.01214	0.01780	0.01133	0.03398	0.82279	0.00728	0.01214	0.00485	0.00243	0.00405
5	0.00659	0.00439	0.00494	0.00494	0.00494	0.00439	0.00275	0.00659	0.00659	0.00879	0.01428	0.02965	0.01647	0.84075	0.02306	0.00439	0.00439	0.00659	0.00275	0.00275
6	0.00990	0.00539	0.00718	0.00635	0.00800	0.00489	0.00490	0.01189	0.01262	0.21881	0.56986	0.05262	0.03375	0.00903	0.02292	0.00156	0.00280	0.00734	0.00507	0.00512
7	0.00562	0.00467	0.00496	0.00508	0.00653	0.00401	0.00393	0.00691	0.01041	0.01255	0.06292	0.04427	0.69552	0.01155	0.00546	0.00160	0.00252	0.10340	0.00422	0.00388
8	0.00635	0.00463	0.00597	0.00563	0.00673	0.00425	0.00423	0.00843	0.01268	0.01782	0.76471	0.03443	0.08836	0.00940	0.00535	0.00143	0.00215	0.00828	0.00494	0.00425
9	0.87276	0.00876	0.00666	0.00596	0.00876	0.01017	0.00491	0.01332	0.00771	0.02033	0.00631	0.00736	0.00491	0.00421	0.00280	0.00140	0.00351	0.00245	0.00280	0.00491
10	0.00973	0.00961	0.01385	0.10762	0.01432	0.01308	0.02786	0.01142	0.03284	0.01131	0.00683	0.01065	0.00637	0.00805	0.03392	0.00204	0.66931	0.00406	0.00209	0.00504
11	0.04401	0.01507	0.12141	0.01245	0.09210	0.25464	0.04696	0.11203	0.03199	0.17143	0.01067	0.02356	0.00797	0.00583	0.02855	0.00151	0.00621	0.00391	0.00327	0.00643
12	0.01211	0.84348	0.02374	0.00775	0.01163	0.01793	0.00775	0.01357	0.00921	0.01066	0.00630	0.00727	0.00582	0.00388	0.00291	0.00097	0.00485	0.00242	0.00194	0.00582
13	0.01659	0.02106	0.01266	0.01153	0.01382	0.79642	0.00866	0.01777	0.01266	0.01107	0.00717	0.00848	0.00601	0.00561	0.03028	0.00136	0.00830	0.00298	0.00234	0.00521
14	0.00940	0.00805	0.00940	0.00671	0.01074	0.00604	0.00537	0.01141	0.00940	0.01477	0.00805	0.00940	0.00671	0.00336	0.00336	0.00067	0.00336	0.00268	0.00268	0.86845
15	0.00550	0.00429	0.00499	0.00547	0.00637	0.00378	0.00385	0.00654	0.00970	0.01228	0.08239	0.41787	0.39558	0.01263	0.00556	0.00167	0.00244	0.01105	0.00425	0.00378
16	0.00656	0.00452	0.00558	0.00558	0.00579	0.00474	0.00354	0.00700	0.00678	0.00926	0.01370	0.02644	0.01508	0.62232	0.23959	0.00518	0.00649	0.00612	0.00266	0.00310
17	0.00922	0.02253	0.75328	0.01342	0.01994	0.01060	0.07982	0.01436	0.00966	0.01436	0.00822	0.00978	0.00583	0.00427	0.00439	0.00144	0.00677	0.00351	0.00194	0.00665
18	0.00710	0.00569	0.00769	0.07466	0.05162	0.00580	0.00666	0.00949	0.05310	0.01296	0.02618	0.09629	0.22616	0.01313	0.08893	0.00234	0.00456	0.29948	0.00376	0.00442
19	0.07950	0.15965	0.61870	0.01149	0.01740	0.01174	0.01428	0.01414	0.00936	0.01422	0.00768	0.00900	0.00569	0.00423	0.00395	0.00135	0.00613	0.00312	0.00199	0.00640
20	0.00665	0.00460	0.00536	0.00534	0.00539	0.00473	0.00318	0.00682	0.00696	0.00938	0.04335	0.07861	0.01782	0.72617	0.02103	0.00403	0.03781	0.00693	0.00289	0.00295
21	0.01322	0.01195	0.01040	0.00887	0.01138	0.22219	0.00690	0.21580	0.07917	0.06386	0.10459	0.04962	0.09276	0.02493	0.00497	0.00139	0.00484	0.00520	0.00387	0.06407
22	0.05880	0.01239	0.00998	0.00851	0.01125	0.27941	0.00654	0.03836	0.10263	0.03635	0.01051	0.04456	0.00882	0.02054	0.00423	0.00116	0.00495	0.00374	0.07287	0.26439
23	0.01215	0.00819	0.01002	0.00923	0.07505	0.00815	0.00669	0.24992	0.01469	0.13626	0.25135	0.03836	0.09794	0.00714	0.00481	0.00137	0.00361	0.00600	0.00450	0.05459

[dist]
# distance from previous block
# <min> <max>
1	5

[block]
# block no. 1 follows, 57 sequences, length 80
# corresponding to MSA columns:
# 39-118
name=unknown_B
#
# <colnr> <probs for GDERKNQSTAVLIFYWHMCP>
#	G	D	E	R	K	N	Q	S	T	A	V	L	I	F	Y	W	H	M	C	P
0	0.03524	0.02444	0.00947	0.00773	0.01015	0.00693	0.03616	0.03466	0.10552	0.28826	0.19153	0.06302	0.05692	0.03261	0.00539	0.00155	0.00351	0.04599	0.00465	0.03626
1	0.01158	0.01134	0.01710	0.13023	0.62113	0.08489	0.01311	0.01416	0.01044	0.03070	0.00852	0.01114	0.00699	0.00419	0.00446	0.00135	0.00569	0.00394	0.00229	0.00673
2	0.01106	0.08675	0.01846	0.09625	0.67073	0.01136	0.01323	0.01367	0.01011	0.01414	0.00828	0.01093	0.00695	0.00407	0.00435	0.00133	0.00539	0.00389	0.00220	0.00687
3	0.01014	0.11272	0.65709	0.01224	0.01823	0.08566	0.01503	0.01461	0.00983	0.01365	0.00783	0.00919	0.00576	0.00429	0.00413	0.00136	0.00663	0.00321	0.00195	0.00647
4	0.01154	0.70844	0.13713	0.00843	0.01266	0.01657	0.00895	0.01353	0.00928	0.01122	0.00739	0.00835	0.02255	0.00410	0.00316	0.00105	0.00506	0.00270	0.00198	0.00590
5	0.01204	0.01318	0.01318	0.01146	0.01250	0.26319	0.02981	0.04200	0.00942	0.01164	0.00720	0.01050	0.00664	0.02609	0.07450	0.00216	0.44337	0.00381	0.00224	0.00506
6	0.02335	0.00917	0.01386	0.49897	0.14394	0.01062	0.01153	0.11632	0.06212	0.05218	0.00959	0.01219	0.00715	0.00472	0.00451	0.00146	0.00551	0.00411	0.00272	0.00597
7	0.00960	0.00945	0.01328	0.01147	0.01155	0.01313	0.00952	0.01065	0.00697	0.01087	0.00651	0.01064	0.00644	0.01032	0.08882	0.00247	0.75737	0.00405	0.00202	0.00487
8	0.00561	0.00403	0.00544	0.00640	0.00671	0.00386	0.00434	0.00647	0.00855	0.01147	0.02380	0.76274	0.02826	0.01601	0.08056	0.00234	0.00350	0.01215	0.00404	0.00371
9	0.01429	0.01558	0.01137	0.01019	0.01242	0.45033	0.00777	0.15789	0.06430	0.01480	0.01175	0.08394	0.03537	0.00864	0.07933	0.00186	0.00698	0.00454	0.00311	0.00553
10	0.01044	0.01397	0.14993	0.01813	0.02305	0.01131	0.67458	0.01449	0.01052	0.01449	0.00901	0.01181	0.00670	0.00390	0.00519	0.00151	0.00749	0.00504	0.00223	0.00620
11	0.00659	0.00439	0.00494	0.00494	0.00494	0.00439	0.00275	0.00659	0.00659	0.00879	0.01428	0.02965	0.01647	0.84075	0.02306	0.00439	0.00439	0.00659	0.00275	0.00275
12	0.00543	0.00459	0.00469	0.00466	0.00616	0.00386	0.00350	0.00664	0.01050	0.01264	0.09722	0.04295	0.75908	0.01133	0.00535	0.00152	0.00228	0.00947	0.00426	0.00386
13	0.02033	0.00771	0.01052	0.00806	0.01157	0.00666	0.00666	0.02208	0.01297	0.81562	0.01788	0.01542	0.01122	0.00561	0.00456	0.00140	0.00386	0.00456	0.00561	0.00771
14	0.01039	0.01070	0.01381	0.01188	0.01204	0.06826	0.00984	0.01139	0.00734	0.01092	0.00602	0.00980	0.00594	0.00771	0.01415	0.00193	0.77703	0.00390	0.00201	0.00498
15	0.02013	0.00803	0.01071	0.00821	0.01173	0.00714	0.00679	0.07198	0.01351	0.76497	0.01743	0.01513	0.01099	0.00560	0.00456	0.00140	0.00393	0.00453	0.00554	0.00771
16	0.01977	0.00860	0.01107	0.00849	0.01201	0.00798	0.00701	0.16097	0.01446	0.67463	0.01662	0.01461	0.01059	0.00558	0.00455	0.00139	0.00406	0.00447	0.00542	0.00771
17	0.00552	0.00394	0.00526	0.00631	0.00657	0.00368	0.00421	0.00631	0.00868	0.01157	0.02498	0.83779	0.02997	0.01420	0.00578	0.00184	0.00263	0.01288	0.00421	0.00368
18	0.01211	0.84348	0.02374	0.00775	0.01163	0.01793	0.00775	0.01357	0.00921	0.01066	0.00630	0.00727	0.00582	0.00388	0.00291	0.00097	0.00485	0.00242	0.00194	0.00582
19	0.00569	0.00421	0.00595	0.00672	0.00713	0.00393	0.02985	0.00658	0.00874	0.01166	0.02446	0.81106	0.02922	0.01386	0.00577	0.00183	0.00279	0.01264	0.00414	0.00376
20	0.00619	0.00456	0.00579	0.00561	0.00667	0.00416	0.00416	0.00808	0.01212	0.01679	0.63773	0.10872	0.14257	0.01001	0.00539	0.00148	0.00220	0.00880	0.00481	0.00416
21	0.01211	0.84348	0.02374	0.00775	0.01163	0.01793	0.00775	0.01357	0.00921	0.01066	0.00630	0.00727	0.00582	0.00388	0.00291	0.00097	0.00485	0.00242	0.00194	0.00582
22	0.01017	0.04861	0.72090	0.01232	0.01865	0.01042	0.01557	0.01500	0.00985	0.08443	0.00893	0.01001	0.00622	0.00441	0.00428	0.00142	0.00639	0.00342	0.00224	0.00676
23	0.01001	0.01030	0.01589	0.01300	0.01387	0.02452	0.15054	0.01150	0.00775	0.01158	0.00716	0.03711	0.00689	0.00735	0.01272	0.00189	0.64621	0.00449	0.00212	0.00513
24	0.00907	0.00701	0.00983	0.01188	0.17384	0.00710	0.00795	0.01279	0.12894	0.05315	0.12767	0.04892	0.05836	0.00905	0.00539	0.00170	0.00392	0.31400	0.00402	0.00539
25	0.00776	0.00398	0.00582	0.00582	0.00582	0.00398	0.00383	0.00596	0.00596	0.00795	0.00843	0.01517	0.00862	0.08802	0.01818	0.79249	0.00398	0.00417	0.00204	0.00204
26	0.01093	0.01052	0.01767	0.07723	0.68965	0.01101	0.01346	0.01348	0.00993	0.01424	0.00826	0.01115	0.00699	0.00443	0.00544	0.00141	0.08113	0.00403	0.00220	0.00684
27	0.01086	0.00943	0.00979	0.00881	0.01117	0.03614	0.00683	0.03683	0.64879	0.01878	0.13288	0.01897	0.01766	0.00654	0.00470	0.00151	0.00355	0.00548	0.00459	0.00670
28	0.07058	0.08926	0.01200	0.00930	0.01215	0.25026	0.00736	0.03496	0.30709	0.05378	0.01187	0.01182	0.00914	0.00504	0.00404	0.00127	0.00506	0.00374	0.00342	0.09786
29	0.03367	0.01938	0.01283	0.01144	0.01368	0.65574	0.00875	0.07923	0.02469	0.01276	0.00737	0.00866	0.00610	0.00504	0.00509	0.00127	0.08320	0.00313	0.00252	0.00544
30	0.00817	0.00571	0.00746	0.00804	0.00927	0.00582	0.00667	0.01145	0.11571	0.05201	0.02298	0.17484	0.02415	0.01150	0.00583	0.00192	0.00379	0.50148	0.01855	0.00466
31	0.00789	0.00671	0.01037	0.00919	0.00995	0.00809	0.07338	0.00906	0.00730	0.01057	0.01005	0.01594	0.00968	0.09668	0.39300	0.08053	0.23043	0.00474	0.00229	0.00416
32	0.00555	0.00397	0.00524	0.00624	0.00652	0.00370	0.00415	0.00632	0.00864	0.01150	0.02503	0.79922	0.04366	0.03894	0.00629	0.00191	0.00268	0.01263	0.00416	0.00366
33	0.01109	0.01064	0.01817	0.06582	0.77546	0.01073	0.01384	0.01380	0.01026	0.01465	0.00850	0.01126	0.00712	0.00406	0.00449	0.00135	0.00541	0.00404	0.00223	0.00708
34	0.01315	0.01019	0.01091	0.00899	0.01176	0.02351	0.00722	0.41053	0.20711	0.02311	0.15224	0.01853	0.06021	0.00667	0.00475	0.00143	0.00405	0.01438	0.00457	0.00669
35	0.00611	0.00462	0.00564	0.00539	0.00659	0.00415	0.00404	0.00797	0.01212	0.01649	0.59338	0.03662	0.26052	0.00989	0.00535	0.00145	0.00218	0.00858	0.00477	0.00415
36	0.01211	0.84348	0.02374	0.00775	0.01163	0.01793	0.00775	0.01357	0.00921	0.01066	0.00630	0.00727	0.00582	0.00388	0.00291	0.00097	0.00485	0.00242	0.00194	0.00582
37	0.01092	0.01046	0.01785	0.11772	0.72491	0.01069	0.01376	0.01365	0.01018	0.01444	0.00847	0.01131	0.00705	0.00409	0.00449	0.00136	0.00546	0.00404	0.00222	0.00694
38	0.00659	0.00439	0.00494	0.00494	0.00494	0.00439	0.00275	0.00659	0.00659	0.00879	0.01428	0.02965	0.01647	0.84075	0.02306	0.00439	0.00439	0.00659	0.00275	0.00275
39	0.01693	0.02160	0.01284	0.01167	0.01401	0.82256	0.00876	0.01809	0.01284	0.01109	0.00700	0.00817	0.00584	0.00467	0.00409	0.00117	0.00817	0.00292	0.00233	0.00525
40	0.01112	0.08875	0.02581	0.01771	0.02212	0.05049	0.68657	0.01460	0.01066	0.01400	0.00880	0.01158	0.00673	0.00387	0.00506	0.00146	0.00741	0.00496	0.00226	0.00604
41	0.00782	0.00405	0.00603	0.00613	0.00622	0.00405	0.00424	0.00622	0.00632	0.00839	0.00935	0.01719	0.00954	0.01545	0.01666	0.78889	0.00396	0.07515	0.00217	0.00217
42	0.00657	0.00455	0.00536	0.00550	0.00567	0.00459	0.00337	0.02083	0.00742	0.00991	0.01710	0.21214	0.03529	0.59496	0.02948	0.00370	0.01935	0.00796	0.00312	0.00313
43	0.00641	0.00463	0.00606	0.00570	0.00677	0.00428	0.00428	0.00855	0.01283	0.01817	0.81009	0.03385	0.04276	0.00926	0.00534	0.00143	0.00214	0.00819	0.00499	0.00428
44	0.01750	0.01226	0.01333	0.01022	0.01383	0.01340	0.00844	0.72945	0.02057	0.09751	0.01149	0.01128	0.00801	0.00545	0.00454	0.00136	0.00489	0.00412	0.00463	0.00771
45	0.04781	0.00775	0.01039	0.00799	0.01148	0.00677	0.00660	0.02180	0.01280	0.78998	0.01750	0.01516	0.01101	0.00556	0.00450	0.00140	0.00384	0.00449	0.00552	0.00762
46	0.00657	0.00438	0.00495	0.00497	0.00497	0.00438	0.00277	0.00658	0.00663	0.00884	0.01449	0.04573	0.01674	0.82431	0.02272	0.00434	0.00436	0.00671	0.00277	0.00276
47	0.00631	0.00463	0.00592	0.00560	0.00671	0.00423	0.00420	0.00836	0.01259	0.01761	0.73737	0.03478	0.11583	0.00947	0.00535	0.00144	0.00215	0.00833	0.00491	0.00423
48	0.01173	0.00996	0.01051	0.00932	0.01196	0.01149	0.00728	0.08428	0.74334	0.01970	0.01785	0.01644	0.01336	0.00609	0.00460	0.00152	0.00370	0.00504	0.00460	0.00721
49	0.01796	0.00771	0.01017	0.00784	0.01119	0.00674	0.00643	0.05666	0.01302	0.63516	0.08605	0.01627	0.01340	0.00571	0.00451	0.00134	0.00371	0.00468	0.00524	0.08619
50	0.01516	0.01166	0.01243	0.01001	0.01326	0.01309	0.00811	0.52872	0.29333	0.02522	0.01351	0.01297	0.00983	0.00569	0.00456	0.00142	0.00450	0.00444	0.00456	0.00752
51	0.16460	0.01027	0.01670	0.09387	0.01704	0.01206	0.26253	0.01257	0.00850	0.01382	0.00726	0.01041	0.00607	0.00560	0.00862	0.00169	0.33669	0.00415	0.00223	0.00533
52	0.00618	0.00481	0.00585	0.00623	0.00747	0.00448	0.00503	0.00773	0.01016	0.01279	0.06945	0.06910	0.40966	0.01379	0.07730	0.00223	0.00381	0.27588	0.00408	0.00398
53	0.00884	0.00828	0.01395	0.73255	0.11303	0.01005	0.01258	0.01181	0.00920	0.01200	0.00821	0.01206	0.00625	0.00449	0.00450	0.00149	0.00591	0.00403	0.01553	0.00525
54	0.00649	0.00435	0.00497	0.00507	0.00509	0.00433	0.00288	0.00656	0.00678	0.00904	0.01526	0.10362	0.01771	0.76510	0.02148	0.00416	0.00423	0.00717	0.00288	0.00283
55	0.00567	0.00444	0.00513	0.00531	0.00640	0.00390	0.00385	0.00697	0.01055	0.01358	0.23482	0.24147	0.41859	0.01160	0.00546	0.00158	0.00234	0.01005	0.00441	0.00390
56	0.00674	0.00500	0.00654	0.00733	0.00845	0.00480	0.00621	0.00853	0.01032	0.01314	0.02942	0.08655	0.21878	0.01234	0.00601	0.00194	0.00364	0.55600	0.00418	0.00406
57	0.00641	0.00463	0.00606	0.00570	0.00677	0.00428	0.00428	0.00855	0.01283	0.01817	0.81009	0.03385	0.04276	0.00926	0.00534	0.00143	0.00214	0.00819	0.00499	0.00428
58	0.00991	0.00991	0.01388	0.01190	0.01190	0.01388	0.00991	0.01091	0.00694	0.01091	0.00595	0.00991	0.00595	0.00793	0.01487	0.00198	0.83246	0.00397	0.00198	0.00496
59	0.01197	0.80462	0.06135	0.00800	0.01201	0.01758	0.00818	0.01361	0.00922	0.01084	0.00639	0.00738	0.00581	0.00390	0.00297	0.00099	0.00493	0.00247	0.00194	0.00586
60	0.09312	0.01155	0.01079	0.00904	0.01185	0.16960	0.02002	0.17911	0.13254	0.14150	0.08146	0.01501	0.03125	0.00576	0.00436	0.00135	0.00471	0.01599	0.01383	0.04717
61	0.01050	0.01004	0.01711	0.24290	0.60297	0.01058	0.01355	0.01328	0.00998	0.01394	0.00840	0.01145	0.00687	0.00417	0.00450	0.00139	0.00556	0.00403	0.00218	0.00660
62	0.01695	0.02082	0.01291	0.01156	0.01401	0.75173	0.00874	0.08637	0.01358	0.01262	0.00734	0.00841	0.00600	0.00474	0.00412	0.00118	0.00789	0.00302	0.00253	0.00547
63	0.00978	0.21038	0.63637	0.01174	0.01779	0.01221	0.01469	0.01417	0.00948	0.01351	0.00771	0.00904	0.00576	0.00421	0.00399	0.00133	0.00627	0.00314	0.00192	0.00650
64	0.01114	0.57894	0.27973	0.00942	0.01421	0.01554	0.01065	0.01382	0.00932	0.01185	0.00689	0.00801	0.00579	0.00401	0.00336	0.00112	0.00544	0.00272	0.00193	0.00610
65	0.77189	0.00896	0.00718	0.00638	0.00918	0.01038	0.00522	0.03754	0.07790	0.02045	0.00751	0.00830	0.00577	0.00441	0.00301	0.00141	0.00356	0.00274	0.00301	0.00519
66	0.00537	0.00453	0.00465	0.00474	0.00616	0.00381	0.00351	0.00649	0.01018	0.01218	0.04407	0.11319	0.74225	0.01171	0.00539	0.00156	0.00232	0.00985	0.00421	0.00381
67	0.01086	0.01040	0.01774	0.13609	0.70701	0.01067	0.01373	0.01359	0.01015	0.01437	0.00846	0.01133	0.00702	0.00410	0.00449	0.00137	0.00547	0.00404	0.00221	0.00689
68	0.02756	0.01960	0.01327	0.01295	0.08699	0.66683	0.00914	0.07184	0.02742	0.01291	0.00761	0.00879	0.00622	0.00469	0.00415	0.00121	0.00755	0.00314	0.00253	0.00563
69	0.00659	0.00439	0.00494	0.00494	0.00494	0.00439	0.00275	0.00659	0.00659	0.00879	0.01428	0.02965	0.01647	0.84075	0.02306	0.00439	0.00439	0.00659	0.00275	0.00275
70	0.00675	0.00438	0.00488	0.00488	0.00497	0.00438	0.00278	0.00694	0.00684	0.00950	0.01432	0.02854	0.01605	0.76755	0.02132	0.00410	0.00419	0.00638	0.07837	0.00288
71	0.01335	0.01403	0.01087	0.01005	0.01218	0.36802	0.00784	0.12457	0.12870	0.01517	0.01395	0.09050	0.01314	0.00729	0.00478	0.00148	0.00583	0.14924	0.00348	0.00554
72	0.01046	0.14041	0.55850	0.01324	0.08741	0.01194	0.01444	0.08587	0.01065	0.01515	0.00815	0.00950	0.00606	0.00432	0.00414	0.00135	0.00616	0.00334	0.00219	0.00670
73	0.00679	0.00494	0.00658	0.00702	0.00811	0.00474	0.00582	0.00880	0.01130	0.01512	0.31350	0.04408	0.10810	0.01123	0.00584	0.00179	0.00325	0.42436	0.00447	0.00418
74	0.00693	0.00563	0.00916	0.00844	0.00956	0.00639	0.07502	0.00873	0.00757	0.01088	0.01171	0.01710	0.01080	0.03065	0.72981	0.00664	0.03344	0.00487	0.00240	0.00425
75	0.00933	0.08868	0.75415	0.01250	0.01898	0.01111	0.01603	0.01429	0.00954	0.01406	0.00799	0.00938	0.00575	0.00427	0.00419	0.00140	0.00655	0.00327	0.00192	0.00663
76	0.01015	0.00736	0.00832	0.00778	0.00982	0.00779	0.00614	0.04354	0.34256	0.09712	0.02434	0.09837	0.15923	0.00866	0.00504	0.00161	0.00339	0.12294	0.03002	0.00580
77	0.00650	0.00473	0.00665	0.00665	0.00724	0.00532	0.00487	0.00768	0.00709	0.01005	0.01272	0.02102	0.01272	0.25296	0.60573	0.00650	0.01004	0.00533	0.00251	0.00369
78	0.00539	0.00459	0.00464	0.00463	0.00614	0.00384	0.00347	0.00657	0.01041	0.01243	0.07070	0.04329	0.78573	0.01140	0.00536	0.00153	0.00229	0.00952	0.00423	0.00384
79	0.01122	0.01077	0.01839	0.02781	0.81248	0.01077	0.01391	0.01391	0.01032	0.01480	0.00852	0.01122	0.00718	0.00404	0.00449	0.00135	0.00538	0.00404	0.00224	0.00718

[dist]
# distance from previous block
# <min> <max>
0	22

[block]
# block no. 2 follows, 57 sequences, length 10
# corresponding to MSA columns:
# 141-150
name=unknown_C
#
# <colnr> <probs for GDERKNQSTAVLIFYWHMCP>
#	G	D	E	R	K	N	Q	S	T	A	V	L	I	F	Y	W	H	M	C	P
0	0.00713	0.00593	0.00782	0.00763	0.00834	0.03542	0.00587	0.00860	0.00857	0.01201	0.14289	0.15384	0.01859	0.02223	0.41986	0.00452	0.11695	0.00653	0.00307	0.00419
1	0.01256	0.00909	0.01001	0.00841	0.01095	0.00963	0.00680	0.44040	0.01622	0.04443	0.02077	0.11554	0.16767	0.00825	0.00496	0.00151	0.00402	0.07700	0.02570	0.00609
2	0.00720	0.00485	0.00647	0.00734	0.00826	0.00480	0.00612	0.00907	0.00999	0.01377	0.02266	0.17477	0.02437	0.01162	0.00568	0.00188	0.00358	0.52930	0.14418	0.00410
3	0.01693	0.02160	0.01284	0.01167	0.01401	0.82256	0.00876	0.01809	0.01284	0.01109	0.00700	0.00817	0.00584	0.00467	0.00409	0.00117	0.00817	0.00292	0.00233	0.00525
4	0.01141	0.01002	0.00979	0.00783	0.01101	0.13903	0.00609	0.07225	0.01100	0.06775	0.01105	0.12261	0.01011	0.00535	0.00397	0.00101	0.00420	0.00434	0.00317	0.48799
5	0.00705	0.00505	0.00572	0.00575	0.00614	0.00521	0.00359	0.00893	0.11565	0.01062	0.01658	0.15921	0.01831	0.59272	0.01774	0.00359	0.00400	0.00741	0.00324	0.00350
6	0.00715	0.00729	0.11718	0.00755	0.00920	0.00609	0.00677	0.00935	0.00795	0.01208	0.01202	0.01653	0.01061	0.02528	0.57808	0.00547	0.00977	0.00455	0.14265	0.00444
7	0.00950	0.00896	0.03894	0.06523	0.40221	0.00862	0.04463	0.01208	0.02379	0.03695	0.01606	0.01903	0.13905	0.00973	0.11625	0.00224	0.00586	0.03218	0.00277	0.00593
8	0.00739	0.00828	0.12198	0.00812	0.03305	0.00630	0.01930	0.01078	0.11790	0.01367	0.05815	0.23146	0.20132	0.05103	0.00603	0.00172	0.00361	0.05328	0.00374	0.04289
9	0.04135	0.14451	0.01339	0.01008	0.01250	0.56281	0.00787	0.01595	0.01212	0.01228	0.11633	0.01151	0.01084	0.00516	0.00404	0.00118	0.00670	0.00355	0.00265	0.00520

[dist]
# distance from previous block
# <min> <max>
0	1

[block]
# block no. 3 follows, 57 sequences, length 11
# corresponding to MSA columns:
# 152-162
name=unknown_D
#
# <colnr> <probs for GDERKNQSTAVLIFYWHMCP>
#	G	D	E	R	K	N	Q	S	T	A	V	L	I	F	Y	W	H	M	C	P
0	0.00855	0.03002	0.00962	0.00720	0.01035	0.00606	0.04626	0.01038	0.00944	0.01400	0.03248	0.17143	0.04449	0.00596	0.00405	0.00100	0.00341	0.00520	0.00306	0.57705
1	0.00574	0.00460	0.00508	0.00507	0.00624	0.00419	0.00368	0.00681	0.00939	0.01164	0.05899	0.03746	0.55070	0.14184	0.12592	0.00280	0.00403	0.00839	0.00375	0.00370
2	0.01122	0.14060	0.13203	0.14725	0.23717	0.08030	0.02395	0.01519	0.10560	0.02745	0.00922	0.01099	0.00730	0.00457	0.00451	0.00136	0.02875	0.00375	0.00246	0.00632
3	0.01231	0.00927	0.01097	0.01102	0.12614	0.01003	0.00753	0.31157	0.13570	0.02032	0.01332	0.04045	0.01102	0.07286	0.02607	0.00175	0.00438	0.01834	0.15066	0.00629
4	0.00976	0.00758	0.00890	0.00772	0.02693	0.00702	0.00580	0.03578	0.19284	0.06343	0.06225	0.15662	0.04166	0.00669	0.00437	0.00122	0.00330	0.00573	0.00379	0.34860
5	0.24975	0.00814	0.00952	0.00807	0.01067	0.00846	0.04478	0.11276	0.05496	0.21889	0.02931	0.13295	0.01285	0.00794	0.03978	0.00175	0.00423	0.03522	0.00408	0.00589
6	0.00742	0.13315	0.00816	0.00571	0.00642	0.00665	0.00393	0.00788	0.00709	0.00932	0.01275	0.02451	0.01410	0.59609	0.13527	0.00428	0.00558	0.00570	0.00258	0.00340
7	0.00921	0.18062	0.42018	0.12881	0.01794	0.01118	0.01267	0.01284	0.00907	0.01263	0.00837	0.01074	0.00666	0.00880	0.12959	0.00225	0.00707	0.00349	0.00201	0.00588
8	0.01031	0.00950	0.01569	0.15614	0.52576	0.01001	0.01220	0.04654	0.01012	0.01421	0.00910	0.01235	0.00765	0.00877	0.13000	0.00228	0.00651	0.00416	0.00233	0.00637
9	0.00937	0.00955	0.05349	0.02017	0.53365	0.00869	0.01093	0.01173	0.01028	0.01402	0.01963	0.02077	0.24617	0.00626	0.00474	0.00141	0.00453	0.00565	0.00281	0.00616
10	0.01193	0.00686	0.00893	0.00758	0.00924	0.00712	0.00593	0.04845	0.03092	0.26552	0.26919	0.02237	0.02118	0.12755	0.00906	0.00193	0.13051	0.00592	0.00437	0.00546

[dist]
# distance from previous block
# <min> <max>
0	6

[block]
# block no. 4 follows, 57 sequences, length 9
# corresponding to MSA columns:
# 169-177
name=unknown_E
#
# <colnr> <probs for GDERKNQSTAVLIFYWHMCP>
#	G	D	E	R	K	N	Q	S	T	A	V	L	I	F	Y	W	H	M	C	P
0	0.01097	0.01156	0.06532	0.01341	0.01664	0.05090	0.33152	0.13652	0.07630	0.01615	0.01279	0.16580	0.01171	0.00650	0.00564	0.00156	0.05141	0.00622	0.00315	0.00592
1	0.00941	0.00637	0.00692	0.00685	0.00792	0.07119	0.00500	0.01038	0.00944	0.13715	0.02012	0.20076	0.06694	0.27162	0.01095	0.00254	0.00408	0.14431	0.00381	0.00424
2	0.00613	0.00449	0.00620	0.00653	0.00710	0.00477	0.00471	0.00725	0.00779	0.01071	0.01819	0.28163	0.05777	0.13274	0.41677	0.00488	0.00760	0.00787	0.00312	0.00375
3	0.49487	0.00863	0.00812	0.00705	0.00969	0.00951	0.00566	0.15475	0.01088	0.10692	0.01121	0.13413	0.00988	0.00609	0.00376	0.00146	0.00368	0.00455	0.00363	0.00553
4	0.00934	0.13417	0.01478	0.32274	0.24524	0.01029	0.01050	0.01171	0.00965	0.01263	0.01407	0.01621	0.13270	0.00540	0.00436	0.00137	0.00496	0.00466	0.02967	0.00554
5	0.01136	0.13621	0.01792	0.02187	0.56610	0.01193	0.01192	0.01545	0.13468	0.01483	0.00974	0.01151	0.00802	0.00434	0.00427	0.00132	0.00502	0.00396	0.00257	0.00697
6	0.00647	0.00486	0.00648	0.00637	0.00720	0.00521	0.00478	0.00787	0.00855	0.01190	0.13796	0.02559	0.14196	0.13325	0.41619	0.00477	0.03336	0.00628	0.02703	0.00390
7	0.00572	0.00419	0.00526	0.00584	0.00640	0.00385	0.00398	0.00671	0.00941	0.01248	0.15040	0.52624	0.14863	0.08018	0.00705	0.00194	0.00264	0.01113	0.00421	0.00372
8	0.03511	0.00808	0.00958	0.00848	0.01060	0.00876	0.04931	0.08368	0.37139	0.01812	0.17384	0.13122	0.05693	0.00784	0.00493	0.00154	0.00346	0.00682	0.00442	0.00590

[dist]
# distance from previous block
# <min> <max>
0	24

# created by:
# /st0/software/busco_prod/Augustus/scripts/msa2prfl.pl ./align_prep/132099.fa
