[name]
unknown

[dist]
# distance from previous block
# <min> <max>
0	44

[block]
# block no. 0 follows, 51 sequences, length 11
# corresponding to MSA columns:
# 53-63
name=unknown_A
#
# <colnr> <probs for GDERKNQSTAVLIFYWHMCP>
#	G	D	E	R	K	N	Q	S	T	A	V	L	I	F	Y	W	H	M	C	P
0	0.00716	0.00483	0.00564	0.00582	0.00596	0.00481	0.00358	0.00744	0.00771	0.01024	0.01724	0.08137	0.01979	0.69629	0.02205	0.00435	0.00463	0.08469	0.00323	0.00320
1	0.31454	0.06915	0.01304	0.03885	0.09334	0.31361	0.00865	0.06810	0.01191	0.01724	0.00777	0.00917	0.00627	0.00481	0.00395	0.00139	0.00622	0.00320	0.00282	0.00599
2	0.00888	0.00765	0.00668	0.00649	0.00688	0.12872	0.00398	0.00907	0.00819	0.00991	0.01427	0.02856	0.01608	0.70034	0.02183	0.00422	0.00540	0.00653	0.00291	0.00340
3	0.05414	0.02707	0.02901	0.05878	0.04148	0.10137	0.05380	0.23636	0.01504	0.18712	0.03552	0.05798	0.01141	0.04925	0.00611	0.00169	0.01768	0.00512	0.00417	0.00690
4	0.05637	0.04082	0.07785	0.07863	0.13848	0.07282	0.03794	0.10739	0.02667	0.04033	0.15542	0.01693	0.03319	0.00644	0.00605	0.00156	0.08820	0.00513	0.00344	0.00634
5	0.04108	0.24734	0.18212	0.01171	0.06994	0.12365	0.02726	0.04214	0.04714	0.03289	0.01311	0.01389	0.08742	0.00548	0.00430	0.00135	0.00582	0.00416	0.00282	0.03637
6	0.01492	0.09549	0.12479	0.01115	0.03415	0.13303	0.03158	0.11816	0.12044	0.15097	0.04288	0.01454	0.03551	0.00574	0.00467	0.00143	0.00557	0.00451	0.00387	0.04662
7	0.01197	0.12067	0.18696	0.00992	0.01357	0.03297	0.02870	0.08772	0.05794	0.09004	0.04543	0.06258	0.02336	0.00934	0.08668	0.00210	0.01971	0.00501	0.07234	0.03298
8	0.03196	0.22638	0.14551	0.02224	0.02628	0.05335	0.05172	0.12579	0.07904	0.04906	0.01087	0.01350	0.00902	0.10063	0.00671	0.00176	0.00568	0.00419	0.00312	0.03319
9	0.06968	0.09776	0.16051	0.01151	0.07158	0.13236	0.02154	0.07076	0.05747	0.06311	0.04610	0.06316	0.07109	0.00642	0.00464	0.00147	0.00546	0.00510	0.03391	0.00637
10	0.01182	0.16812	0.16175	0.01331	0.14767	0.08869	0.01057	0.03234	0.04426	0.04778	0.12311	0.04150	0.01415	0.00753	0.04672	0.00174	0.00586	0.00484	0.00315	0.02509

[dist]
# distance from previous block
# <min> <max>
0	23

[block]
# block no. 1 follows, 51 sequences, length 18
# corresponding to MSA columns:
# 87-104
name=unknown_B
#
# <colnr> <probs for GDERKNQSTAVLIFYWHMCP>
#	G	D	E	R	K	N	Q	S	T	A	V	L	I	F	Y	W	H	M	C	P
0	0.01171	0.09460	0.14026	0.04164	0.16978	0.04292	0.03541	0.04969	0.08592	0.06020	0.08400	0.03756	0.06199	0.00612	0.00480	0.00146	0.00518	0.00519	0.01703	0.04454
1	0.04583	0.05819	0.07559	0.07815	0.23506	0.05392	0.04064	0.12121	0.09975	0.01798	0.02732	0.03744	0.03674	0.00564	0.00475	0.00148	0.00547	0.00482	0.01954	0.03046
2	0.04039	0.16873	0.14343	0.05722	0.14728	0.02466	0.04709	0.08248	0.09548	0.03952	0.01098	0.02957	0.00877	0.00513	0.00442	0.00141	0.00547	0.00422	0.04336	0.04038
3	0.08302	0.16533	0.19416	0.01295	0.09904	0.04981	0.04472	0.08985	0.10413	0.01723	0.02423	0.01262	0.02627	0.01594	0.00486	0.00148	0.01976	0.00411	0.00301	0.02749
4	0.00913	0.00775	0.03152	0.01017	0.08783	0.00721	0.03914	0.08489	0.06755	0.03540	0.08786	0.27294	0.19949	0.01041	0.00561	0.00169	0.00374	0.00918	0.00433	0.02417
5	0.01256	0.17462	0.19821	0.01336	0.09902	0.11437	0.06334	0.01613	0.05523	0.05720	0.04604	0.01297	0.02850	0.00522	0.00478	0.00138	0.02696	0.00416	0.00286	0.06309
6	0.00899	0.00538	0.03015	0.00709	0.00773	0.00489	0.03361	0.00801	0.00758	0.03320	0.03599	0.04356	0.01091	0.01477	0.01580	0.65346	0.00424	0.00484	0.06685	0.00296
7	0.00888	0.04550	0.00887	0.00786	0.00917	0.03940	0.02297	0.01096	0.05607	0.06038	0.06504	0.22628	0.08763	0.10895	0.15550	0.00323	0.02556	0.04908	0.00389	0.00479
8	0.01148	0.09284	0.23420	0.01287	0.08751	0.05572	0.07509	0.02790	0.01094	0.03449	0.00937	0.02822	0.00759	0.00452	0.00433	0.00122	0.00571	0.00379	0.00265	0.28956
9	0.01876	0.01057	0.05852	0.00934	0.01307	0.00960	0.00807	0.25235	0.01615	0.42602	0.01605	0.01504	0.01070	0.00590	0.00474	0.00146	0.00451	0.00466	0.10664	0.00785
10	0.01182	0.01509	0.25824	0.04182	0.17154	0.02347	0.07501	0.12233	0.01291	0.04892	0.09480	0.01597	0.01240	0.01748	0.02510	0.00174	0.00613	0.02222	0.01609	0.00691
11	0.01003	0.01750	0.40415	0.04999	0.19767	0.01072	0.06971	0.01421	0.01054	0.01518	0.02867	0.01442	0.05495	0.00716	0.05284	0.00194	0.02645	0.00462	0.00245	0.00680
12	0.00646	0.00510	0.00611	0.05368	0.00839	0.00471	0.00461	0.00795	0.01125	0.01452	0.24029	0.14544	0.37709	0.08344	0.00750	0.00195	0.00293	0.00982	0.00451	0.00423
13	0.01031	0.03875	0.15969	0.04778	0.17487	0.00934	0.06282	0.04903	0.03055	0.04756	0.07842	0.11071	0.10678	0.00748	0.00521	0.00159	0.00506	0.02566	0.00346	0.02497
14	0.00870	0.00701	0.00823	0.00734	0.03846	0.00590	0.00530	0.03655	0.01097	0.01567	0.08378	0.08819	0.19758	0.05537	0.00585	0.00143	0.00333	0.00648	0.05423	0.35966
15	0.07998	0.10869	0.07115	0.02162	0.03995	0.05699	0.00863	0.21012	0.12027	0.06647	0.01363	0.04890	0.03270	0.00598	0.00447	0.00142	0.00490	0.00465	0.04575	0.05372
16	0.07868	0.17593	0.08859	0.01254	0.09025	0.07095	0.05474	0.14589	0.05689	0.05400	0.02345	0.01137	0.00832	0.00508	0.00474	0.00137	0.03500	0.00389	0.00321	0.07510
17	0.01217	0.09414	0.19950	0.01292	0.05571	0.13161	0.10288	0.07869	0.02668	0.03430	0.03126	0.11339	0.01179	0.04060	0.01765	0.00175	0.02015	0.00549	0.00304	0.00629

[dist]
# distance from previous block
# <min> <max>
7	16

[block]
# block no. 2 follows, 51 sequences, length 12
# corresponding to MSA columns:
# 121-132
name=unknown_C
#
# <colnr> <probs for GDERKNQSTAVLIFYWHMCP>
#	G	D	E	R	K	N	Q	S	T	A	V	L	I	F	Y	W	H	M	C	P
0	0.01162	0.06426	0.10436	0.02305	0.03712	0.08626	0.00864	0.11107	0.12556	0.02923	0.01690	0.05831	0.07021	0.08460	0.03259	0.00207	0.02418	0.05924	0.04468	0.00603
1	0.00969	0.02905	0.07462	0.01139	0.12956	0.04497	0.00799	0.04674	0.08796	0.01563	0.09567	0.11983	0.09667	0.10643	0.02587	0.00209	0.00465	0.02854	0.02867	0.03397
2	0.01195	0.06126	0.04607	0.02866	0.07448	0.05189	0.00767	0.06123	0.05997	0.13625	0.10838	0.12645	0.06838	0.05650	0.00629	0.00173	0.00440	0.03032	0.00415	0.05400
3	0.06502	0.00783	0.02878	0.00694	0.00854	0.05667	0.00530	0.08116	0.03545	0.01649	0.12616	0.06933	0.11134	0.17817	0.04297	0.00243	0.00430	0.00671	0.14160	0.00480
4	0.21813	0.07700	0.04209	0.01065	0.08767	0.08667	0.00805	0.09994	0.01226	0.11339	0.05681	0.01253	0.00995	0.00592	0.02317	0.00151	0.00503	0.00389	0.02674	0.09860
5	0.13799	0.30482	0.14703	0.01082	0.05407	0.10682	0.02745	0.05361	0.01124	0.01581	0.04794	0.01085	0.00864	0.00488	0.00392	0.00131	0.00563	0.00351	0.03737	0.00628
6	0.00828	0.00629	0.00697	0.00670	0.00799	0.03082	0.00500	0.03408	0.05699	0.02792	0.20879	0.10053	0.19518	0.09299	0.04875	0.00224	0.02658	0.02967	0.09953	0.00470
7	0.01274	0.05792	0.19089	0.07268	0.08504	0.08005	0.03166	0.11839	0.09965	0.04355	0.01133	0.03918	0.00901	0.00566	0.00536	0.00150	0.05376	0.00445	0.02572	0.05146
8	0.00604	0.00470	0.00549	0.00589	0.00693	0.00415	0.00419	0.00727	0.01085	0.01386	0.14204	0.35893	0.38552	0.01331	0.00599	0.00178	0.00261	0.01162	0.00468	0.00415
9	0.10280	0.03976	0.10106	0.07773	0.38642	0.01171	0.04241	0.03512	0.03410	0.01666	0.00947	0.01194	0.00763	0.00487	0.00517	0.00151	0.04985	0.00415	0.05073	0.00691
10	0.00828	0.00692	0.00966	0.00967	0.03682	0.00831	0.00714	0.03367	0.00881	0.01254	0.01551	0.26058	0.01686	0.06596	0.25272	0.00395	0.22705	0.00769	0.00317	0.00470
11	0.00639	0.00478	0.00586	0.00621	0.00714	0.00436	0.00447	0.00779	0.01112	0.01469	0.24685	0.30898	0.23604	0.05944	0.00712	0.00196	0.00281	0.05510	0.00471	0.00419

[dist]
# distance from previous block
# <min> <max>
0	20

[block]
# block no. 3 follows, 51 sequences, length 37
# corresponding to MSA columns:
# 153-189
name=unknown_D
#
# <colnr> <probs for GDERKNQSTAVLIFYWHMCP>
#	G	D	E	R	K	N	Q	S	T	A	V	L	I	F	Y	W	H	M	C	P
0	0.01249	0.07901	0.17881	0.05354	0.04642	0.19244	0.06172	0.07064	0.08669	0.01561	0.03795	0.09356	0.02335	0.02004	0.00519	0.00156	0.00628	0.00526	0.00312	0.00632
1	0.01584	0.19101	0.02974	0.01000	0.01318	0.24514	0.00833	0.17214	0.01426	0.10816	0.02816	0.01362	0.03961	0.03244	0.03645	0.00168	0.00631	0.00416	0.02332	0.00647
2	0.00763	0.00680	0.03768	0.00653	0.00848	0.00594	0.00525	0.07516	0.05427	0.01605	0.14228	0.08947	0.47673	0.01193	0.03192	0.00185	0.00335	0.00920	0.00457	0.00489
3	0.02562	0.00937	0.06640	0.02674	0.18736	0.02098	0.00867	0.06390	0.05280	0.06981	0.10947	0.14223	0.12002	0.05292	0.00640	0.00179	0.00435	0.02119	0.00397	0.00599
4	0.01061	0.01492	0.27886	0.01583	0.20197	0.03111	0.04454	0.05163	0.04117	0.02754	0.02938	0.10441	0.03800	0.03880	0.00587	0.00172	0.00572	0.03311	0.01824	0.00658
5	0.01888	0.00876	0.03659	0.00858	0.01212	0.00747	0.00724	0.07439	0.01432	0.59387	0.07944	0.02030	0.08148	0.00687	0.00507	0.00153	0.00408	0.00563	0.00569	0.00768
6	0.01045	0.10034	0.59664	0.01284	0.01884	0.05932	0.01553	0.01507	0.01028	0.01454	0.00888	0.01082	0.00676	0.00749	0.07371	0.00205	0.02384	0.00366	0.00215	0.00679
7	0.01276	0.07485	0.11385	0.01523	0.17309	0.03010	0.07452	0.16933	0.06862	0.04274	0.01470	0.04866	0.06635	0.00643	0.00547	0.00157	0.04038	0.03090	0.00346	0.00697
8	0.01384	0.06219	0.08705	0.04705	0.08878	0.20738	0.15682	0.10933	0.10091	0.01682	0.01102	0.03731	0.00886	0.00536	0.00486	0.00148	0.00672	0.00463	0.02290	0.00670
9	0.01104	0.11085	0.01629	0.01229	0.01298	0.03217	0.02767	0.01224	0.00813	0.01192	0.00740	0.04195	0.00746	0.00815	0.01367	0.00198	0.65160	0.00448	0.00225	0.00547
10	0.01788	0.01266	0.01379	0.01081	0.01449	0.01387	0.00884	0.60973	0.10450	0.09532	0.01381	0.03825	0.01015	0.00629	0.00497	0.00152	0.00506	0.00489	0.00501	0.00816
11	0.01314	0.83025	0.02575	0.00841	0.01261	0.01945	0.00841	0.01472	0.00999	0.01156	0.00683	0.00788	0.00631	0.00420	0.00315	0.00105	0.00526	0.00263	0.00210	0.00631
12	0.00597	0.00434	0.00564	0.00668	0.00709	0.00401	0.00449	0.00686	0.00956	0.01261	0.02903	0.75738	0.09795	0.01514	0.00623	0.00197	0.00282	0.01366	0.00456	0.00401
13	0.00717	0.00750	0.07567	0.00853	0.06550	0.00581	0.02679	0.00947	0.02957	0.01516	0.19268	0.11552	0.40092	0.01064	0.00567	0.00165	0.00333	0.00918	0.00433	0.00491
14	0.01191	0.01115	0.09325	0.00896	0.01314	0.00897	0.00787	0.07048	0.18921	0.06793	0.02700	0.01310	0.01006	0.00487	0.00427	0.00115	0.00421	0.00394	0.00369	0.44484
15	0.34341	0.01050	0.01034	0.03755	0.01254	0.08215	0.00705	0.06299	0.01223	0.35700	0.01268	0.01224	0.00859	0.00535	0.00416	0.00150	0.00462	0.00385	0.00438	0.00685
16	0.00977	0.00886	0.01459	0.04685	0.29445	0.00871	0.10367	0.03035	0.02836	0.01736	0.28859	0.03901	0.07401	0.00719	0.00540	0.00155	0.00460	0.00674	0.00377	0.00615
17	0.00702	0.00527	0.00790	0.00790	0.00878	0.00614	0.00614	0.00878	0.00790	0.01141	0.01316	0.01931	0.01229	0.03686	0.80782	0.00790	0.01316	0.00527	0.00263	0.00439
18	0.00986	0.02542	0.80183	0.01401	0.02127	0.01141	0.01816	0.01556	0.01038	0.01556	0.00882	0.01038	0.00623	0.00467	0.00467	0.00156	0.00726	0.00363	0.00208	0.00726
19	0.86201	0.00950	0.00722	0.00646	0.00950	0.01102	0.00532	0.01445	0.00836	0.02205	0.00684	0.00798	0.00532	0.00456	0.00304	0.00152	0.00380	0.00266	0.00304	0.00532
20	0.86201	0.00950	0.00722	0.00646	0.00950	0.01102	0.00532	0.01445	0.00836	0.02205	0.00684	0.00798	0.00532	0.00456	0.00304	0.00152	0.00380	0.00266	0.00304	0.00532
21	0.00854	0.00499	0.00655	0.00690	0.00767	0.00467	0.00473	0.00944	0.00963	0.12558	0.02343	0.53974	0.02626	0.15473	0.04066	0.00263	0.00378	0.01115	0.00443	0.00446
22	0.01216	0.01168	0.01995	0.03016	0.79664	0.01168	0.01508	0.01508	0.01119	0.01605	0.00924	0.01216	0.00778	0.00438	0.00487	0.00146	0.00584	0.00438	0.00243	0.00778
23	0.00619	0.00502	0.00551	0.00545	0.00696	0.00433	0.00413	0.00776	0.01192	0.01502	0.24379	0.04484	0.56895	0.01186	0.00584	0.00165	0.00252	0.03918	0.00478	0.00429
24	0.00854	0.00427	0.00640	0.00640	0.00640	0.00427	0.00427	0.00640	0.00640	0.00854	0.00854	0.01494	0.00854	0.01707	0.01921	0.85702	0.00427	0.00427	0.00213	0.00213
25	0.01014	0.09454	0.73518	0.01353	0.02053	0.01210	0.01732	0.01549	0.01034	0.01522	0.00865	0.01016	0.00623	0.00463	0.00454	0.00151	0.00709	0.00355	0.00208	0.00718
26	0.04245	0.00498	0.00492	0.00481	0.00609	0.00508	0.00364	0.02932	0.01053	0.01876	0.01558	0.01777	0.01222	0.00568	0.00345	0.00117	0.00242	0.00450	0.80194	0.00470
27	0.01278	0.01075	0.01134	0.01003	0.01288	0.01237	0.00785	0.09782	0.70036	0.02151	0.01915	0.01771	0.01432	0.00658	0.00496	0.00164	0.00400	0.00543	0.02074	0.00777
28	0.00866	0.08313	0.07088	0.03377	0.01115	0.02100	0.03502	0.03520	0.00898	0.01226	0.01302	0.01972	0.02946	0.17963	0.39553	0.00520	0.02458	0.00529	0.00270	0.00479
29	0.01293	0.75987	0.02483	0.00879	0.01264	0.01907	0.00861	0.01447	0.00977	0.01158	0.00680	0.00813	0.00632	0.00458	0.00427	0.00115	0.07508	0.00277	0.00211	0.00623
30	0.00606	0.00441	0.00573	0.00670	0.00717	0.00408	0.00457	0.00705	0.00981	0.01296	0.05983	0.69781	0.10594	0.01485	0.00622	0.00195	0.00284	0.03338	0.00459	0.00405
31	0.18914	0.00726	0.02615	0.00750	0.00951	0.00698	0.00596	0.05523	0.01125	0.14248	0.05897	0.29480	0.08085	0.01020	0.00525	0.00176	0.00360	0.07322	0.00449	0.00538
32	0.01287	0.11472	0.15434	0.03799	0.05630	0.22384	0.14505	0.03584	0.01165	0.01417	0.01016	0.06862	0.00898	0.00577	0.00534	0.00149	0.04756	0.01668	0.02243	0.00619
33	0.00696	0.00511	0.00734	0.00742	0.00812	0.00577	0.00553	0.00838	0.00789	0.01120	0.01456	0.08071	0.01466	0.15980	0.62536	0.00697	0.01108	0.00620	0.00283	0.00414
34	0.00626	0.00462	0.00579	0.00656	0.00723	0.00427	0.00463	0.00733	0.00997	0.01295	0.05600	0.50197	0.19105	0.06972	0.00749	0.00213	0.00306	0.09045	0.00448	0.00403
35	0.01161	0.00881	0.07555	0.01003	0.08092	0.00759	0.00759	0.09294	0.04039	0.14411	0.07182	0.14862	0.06288	0.04813	0.03736	0.00198	0.00442	0.03049	0.10873	0.00601
36	0.04292	0.12381	0.37381	0.05484	0.09855	0.09209	0.04121	0.02891	0.04290	0.03031	0.00912	0.01072	0.00695	0.00480	0.00467	0.00147	0.01983	0.00374	0.00246	0.00688

[dist]
# distance from previous block
# <min> <max>
2	7

[block]
# block no. 4 follows, 51 sequences, length 25
# corresponding to MSA columns:
# 198-222
name=unknown_E
#
# <colnr> <probs for GDERKNQSTAVLIFYWHMCP>
#	G	D	E	R	K	N	Q	S	T	A	V	L	I	F	Y	W	H	M	C	P
0	0.00703	0.00460	0.00575	0.00606	0.00627	0.00449	0.00385	0.00717	0.00827	0.01104	0.06771	0.23996	0.04058	0.39501	0.01701	0.13506	0.00397	0.02938	0.00350	0.00329
1	0.04911	0.04837	0.16161	0.05586	0.24733	0.02816	0.10943	0.05900	0.04615	0.03790	0.00986	0.01205	0.00773	0.00586	0.03011	0.00171	0.04548	0.00429	0.00274	0.03724
2	0.20978	0.30017	0.06898	0.02532	0.07269	0.16540	0.00906	0.03950	0.02456	0.01560	0.00791	0.00920	0.00654	0.00463	0.00373	0.00130	0.00572	0.00312	0.02060	0.00618
3	0.02820	0.01071	0.01748	0.03682	0.58169	0.01069	0.02751	0.03079	0.02978	0.08662	0.02754	0.05759	0.02162	0.00545	0.00497	0.00151	0.00538	0.00515	0.00308	0.00742
4	0.01209	0.03177	0.01359	0.09477	0.19368	0.09221	0.02711	0.08713	0.06610	0.05597	0.02690	0.09531	0.06384	0.04728	0.02277	0.00185	0.03337	0.00590	0.02211	0.00624
5	0.00685	0.00502	0.00643	0.00607	0.00728	0.00459	0.00456	0.00908	0.01367	0.01913	0.72757	0.03765	0.11320	0.01026	0.00580	0.00156	0.00233	0.00902	0.00533	0.00459
6	0.00630	0.00440	0.00582	0.00690	0.00729	0.00415	0.00476	0.00733	0.00960	0.01300	0.02644	0.72447	0.03117	0.01477	0.00617	0.00197	0.00295	0.07088	0.04757	0.00406
7	0.01314	0.83025	0.02575	0.00841	0.01261	0.01945	0.00841	0.01472	0.00999	0.01156	0.00683	0.00788	0.00631	0.00420	0.00315	0.00105	0.00526	0.00263	0.00210	0.00631
8	0.00603	0.00431	0.00574	0.00681	0.00714	0.00402	0.00456	0.00694	0.00960	0.01285	0.05926	0.79105	0.03308	0.01517	0.00625	0.00198	0.00283	0.01376	0.00460	0.00402
9	0.86201	0.00950	0.00722	0.00646	0.00950	0.01102	0.00532	0.01445	0.00836	0.02205	0.00684	0.00798	0.00532	0.00456	0.00304	0.00152	0.00380	0.00266	0.00304	0.00532
10	0.00916	0.00458	0.00458	0.00458	0.00573	0.00458	0.00344	0.01145	0.01031	0.01832	0.01603	0.01832	0.01260	0.00573	0.00344	0.00115	0.00229	0.00458	0.85457	0.00458
11	0.81934	0.00972	0.00760	0.00671	0.00979	0.01124	0.00553	0.05319	0.00911	0.02250	0.00709	0.00818	0.00548	0.00463	0.00314	0.00152	0.00388	0.00275	0.00314	0.00548
12	0.01899	0.00934	0.01136	0.00907	0.01246	0.02892	0.00738	0.13619	0.07568	0.51352	0.06273	0.03256	0.01431	0.00661	0.00501	0.00153	0.00430	0.01939	0.02285	0.00781
13	0.86201	0.00950	0.00722	0.00646	0.00950	0.01102	0.00532	0.01445	0.00836	0.02205	0.00684	0.00798	0.00532	0.00456	0.00304	0.00152	0.00380	0.00266	0.00304	0.00532
14	0.00612	0.00468	0.00554	0.00596	0.00688	0.00418	0.00418	0.00730	0.01065	0.01373	0.14822	0.37119	0.32612	0.05343	0.00695	0.00194	0.00273	0.01151	0.00461	0.00410
15	0.00641	0.00462	0.00570	0.00633	0.00714	0.00416	0.00440	0.00749	0.01030	0.03349	0.07967	0.53877	0.24554	0.01401	0.00608	0.00186	0.00275	0.01243	0.00465	0.00419
16	0.86201	0.00950	0.00722	0.00646	0.00950	0.01102	0.00532	0.01445	0.00836	0.02205	0.00684	0.00798	0.00532	0.00456	0.00304	0.00152	0.00380	0.00266	0.00304	0.00532
17	0.00593	0.00479	0.00529	0.00567	0.00690	0.00415	0.00412	0.00709	0.01067	0.01310	0.04219	0.28075	0.54070	0.01337	0.00598	0.00178	0.00266	0.03617	0.00456	0.00411
18	0.00663	0.00535	0.02080	0.00709	0.00807	0.00521	0.00535	0.00838	0.02653	0.01296	0.07908	0.29275	0.15396	0.02246	0.31689	0.00418	0.00685	0.00926	0.00384	0.00436
19	0.01962	0.00910	0.01145	0.00901	0.01255	0.00869	0.00736	0.12452	0.10123	0.56064	0.04227	0.01692	0.01304	0.00623	0.00492	0.00152	0.00419	0.00505	0.03363	0.00806
20	0.00687	0.00467	0.00602	0.00660	0.00706	0.00457	0.00450	0.00782	0.00912	0.02565	0.04919	0.43969	0.03986	0.20059	0.09403	0.00319	0.00441	0.04309	0.03912	0.00395
21	0.00853	0.00724	0.01106	0.08354	0.14272	0.02337	0.05451	0.01042	0.01032	0.02751	0.05872	0.35665	0.03483	0.01247	0.06067	0.00223	0.01872	0.06763	0.00372	0.00515
22	0.01189	0.01294	0.04689	0.03678	0.28081	0.17445	0.06176	0.02597	0.01126	0.01437	0.01287	0.13677	0.03140	0.00777	0.03059	0.00176	0.06011	0.00584	0.02959	0.00617
23	0.62724	0.04191	0.00983	0.00880	0.04788	0.13511	0.00670	0.04503	0.00999	0.02017	0.00727	0.00846	0.00575	0.00467	0.00342	0.00146	0.00480	0.00289	0.00297	0.00565
24	0.02095	0.01013	0.01250	0.00958	0.01343	0.00985	0.00792	0.27133	0.01702	0.54848	0.01691	0.01511	0.01092	0.00602	0.00493	0.00151	0.00458	0.00477	0.00570	0.00836

[dist]
# distance from previous block
# <min> <max>
0	1

[block]
# block no. 5 follows, 51 sequences, length 7
# corresponding to MSA columns:
# 224-230
name=unknown_F
#
# <colnr> <probs for GDERKNQSTAVLIFYWHMCP>
#	G	D	E	R	K	N	Q	S	T	A	V	L	I	F	Y	W	H	M	C	P
0	0.01253	0.01331	0.06113	0.08388	0.08897	0.17727	0.04044	0.07582	0.11176	0.03149	0.04554	0.03318	0.08643	0.02356	0.00633	0.00163	0.07499	0.00530	0.02023	0.00620
1	0.00799	0.00532	0.00670	0.00632	0.00761	0.00505	0.00475	0.01075	0.04949	0.04981	0.59945	0.07597	0.03906	0.00955	0.00549	0.00153	0.00249	0.00838	0.09941	0.00489
2	0.01101	0.11799	0.01332	0.00985	0.01149	0.01252	0.00815	0.03965	0.20291	0.01586	0.07493	0.01563	0.01279	0.00879	0.05170	0.00202	0.28823	0.00485	0.09231	0.00599
3	0.00702	0.00474	0.00554	0.00566	0.00574	0.00476	0.00333	0.00721	0.00743	0.00995	0.01656	0.11417	0.01907	0.69639	0.06867	0.00466	0.00505	0.00775	0.00312	0.00317
4	0.01153	0.01305	0.02785	0.02007	0.02463	0.01264	0.71549	0.01542	0.01126	0.01542	0.00965	0.01305	0.00737	0.00451	0.00665	0.00170	0.07504	0.00568	0.00246	0.00652
5	0.01314	0.83025	0.02575	0.00841	0.01261	0.01945	0.00841	0.01472	0.00999	0.01156	0.00683	0.00788	0.00631	0.00420	0.00315	0.00105	0.00526	0.00263	0.00210	0.00631
6	0.00702	0.00527	0.00790	0.00790	0.00878	0.00614	0.00614	0.00878	0.00790	0.01141	0.01316	0.01931	0.01229	0.03686	0.80782	0.00790	0.01316	0.00527	0.00263	0.00439

[dist]
# distance from previous block
# <min> <max>
0	3

[block]
# block no. 6 follows, 51 sequences, length 19
# corresponding to MSA columns:
# 240-247,250-260
name=unknown_G
#
# <colnr> <probs for GDERKNQSTAVLIFYWHMCP>
#	G	D	E	R	K	N	Q	S	T	A	V	L	I	F	Y	W	H	M	C	P
0	0.01836	0.02342	0.01393	0.01266	0.01519	0.80756	0.00950	0.01962	0.01393	0.01203	0.00760	0.00886	0.00633	0.00506	0.00443	0.00127	0.00886	0.00317	0.00253	0.00570
1	0.03687	0.04315	0.11357	0.07802	0.26097	0.01094	0.05421	0.08377	0.04253	0.12425	0.06269	0.01488	0.02646	0.00541	0.00486	0.00150	0.00545	0.00476	0.00344	0.02228
2	0.07580	0.28697	0.43605	0.01143	0.01715	0.01426	0.01342	0.06546	0.01093	0.01575	0.00822	0.00947	0.00632	0.00459	0.00407	0.00138	0.00622	0.00328	0.00234	0.00688
3	0.00682	0.00502	0.00637	0.00604	0.00726	0.00458	0.00453	0.00900	0.01358	0.01892	0.70313	0.03800	0.13778	0.01034	0.00580	0.00156	0.00234	0.00907	0.00531	0.00458
4	0.00597	0.00465	0.00542	0.00594	0.00691	0.00411	0.00418	0.00709	0.01053	0.01334	0.08619	0.41393	0.38687	0.01369	0.00603	0.00181	0.00265	0.01198	0.00462	0.00411
5	0.01161	0.01796	0.32878	0.09473	0.20679	0.07481	0.10286	0.03955	0.04682	0.01584	0.00955	0.01168	0.00724	0.00472	0.00487	0.00153	0.00689	0.00420	0.00248	0.00708
6	0.05036	0.01008	0.01345	0.01352	0.13981	0.04241	0.06035	0.13228	0.04448	0.06188	0.01301	0.04940	0.02945	0.01242	0.16301	0.00284	0.10845	0.00516	0.04136	0.00628
7	0.00721	0.00518	0.00627	0.00620	0.00736	0.00481	0.00451	0.02727	0.01162	0.03789	0.28508	0.17999	0.24737	0.09153	0.04157	0.00225	0.00332	0.02149	0.00466	0.00441
8	0.01199	0.01031	0.01091	0.00983	0.01253	0.01188	0.00764	0.02536	0.75302	0.02052	0.05475	0.01916	0.01641	0.00682	0.00504	0.00166	0.00382	0.00571	0.00502	0.00764
9	0.00728	0.00579	0.00673	0.00640	0.00813	0.00529	0.02264	0.03393	0.04414	0.03118	0.13903	0.07293	0.50841	0.01197	0.01927	0.00180	0.00313	0.06263	0.00465	0.00467
10	0.01033	0.00882	0.01077	0.03489	0.05717	0.00726	0.00669	0.03810	0.03121	0.01649	0.03444	0.04530	0.00979	0.00457	0.00401	0.00093	0.00385	0.00381	0.00313	0.66846
11	0.01837	0.02299	0.01396	0.01260	0.01519	0.77219	0.00949	0.05358	0.01434	0.01287	0.00778	0.00899	0.00642	0.00510	0.00445	0.00128	0.00871	0.00322	0.00264	0.00582
12	0.00715	0.00534	0.00683	0.00663	0.00783	0.00517	0.00501	0.00991	0.05710	0.01786	0.54279	0.08764	0.09547	0.01290	0.07681	0.00218	0.00351	0.04017	0.00498	0.00471
13	0.00763	0.03145	0.00843	0.00858	0.04123	0.00604	0.02793	0.05250	0.01054	0.01402	0.04227	0.46989	0.08380	0.03367	0.07907	0.00249	0.00442	0.06726	0.00416	0.00463
14	0.00666	0.00491	0.00643	0.00767	0.03717	0.00464	0.00513	0.02247	0.01008	0.01342	0.02818	0.62151	0.11327	0.01406	0.00609	0.00192	0.00306	0.05809	0.03095	0.00429
15	0.01836	0.02342	0.01393	0.01266	0.01519	0.80756	0.00950	0.01962	0.01393	0.01203	0.00760	0.00886	0.00633	0.00506	0.00443	0.00127	0.00886	0.00317	0.00253	0.00570
16	0.05031	0.03113	0.00857	0.00780	0.03442	0.00765	0.00567	0.08468	0.11435	0.08181	0.05777	0.12156	0.14040	0.10230	0.00723	0.00192	0.00360	0.00712	0.12618	0.00554
17	0.02688	0.14995	0.31610	0.08718	0.04946	0.03539	0.05245	0.05186	0.03783	0.05123	0.01000	0.02742	0.00778	0.00508	0.00474	0.00146	0.02465	0.00404	0.02495	0.03156
18	0.07539	0.20964	0.17973	0.05241	0.06205	0.13852	0.01089	0.10345	0.03585	0.01622	0.00947	0.04381	0.00794	0.00523	0.00425	0.00138	0.00606	0.00389	0.00279	0.03101

[dist]
# distance from previous block
# <min> <max>
2	28

[block]
# block no. 7 follows, 51 sequences, length 15
# corresponding to MSA columns:
# 300-306,310-317
name=unknown_H
#
# <colnr> <probs for GDERKNQSTAVLIFYWHMCP>
#	G	D	E	R	K	N	Q	S	T	A	V	L	I	F	Y	W	H	M	C	P
0	0.01311	0.01404	0.06051	0.14748	0.37246	0.14810	0.03355	0.09530	0.01266	0.01625	0.01040	0.01272	0.03163	0.00500	0.00485	0.00147	0.00646	0.00436	0.00272	0.00695
1	0.01026	0.00649	0.00715	0.00655	0.00820	0.00677	0.00502	0.09432	0.11000	0.03811	0.15233	0.04992	0.01914	0.02353	0.02961	0.00163	0.00327	0.00585	0.41643	0.00542
2	0.01223	0.05521	0.10818	0.20628	0.24648	0.04438	0.10223	0.06289	0.05553	0.04464	0.01010	0.01244	0.00775	0.00481	0.00487	0.00152	0.00635	0.00441	0.00276	0.00694
3	0.00709	0.00477	0.00550	0.00555	0.00561	0.00480	0.00320	0.00722	0.00728	0.00975	0.01584	0.06400	0.01818	0.75354	0.06429	0.00481	0.00512	0.00733	0.00303	0.00309
4	0.00724	0.00499	0.00694	0.00694	0.00745	0.00550	0.00495	0.00799	0.00749	0.01049	0.01332	0.02272	0.01354	0.27629	0.47397	0.10856	0.00953	0.00572	0.00268	0.00369
5	0.01643	0.01068	0.01211	0.00965	0.01266	0.01164	0.00790	0.43827	0.01767	0.14632	0.01345	0.01403	0.00977	0.00761	0.04518	0.00179	0.05776	0.00457	0.15523	0.00730
6	0.86201	0.00950	0.00722	0.00646	0.00950	0.01102	0.00532	0.01445	0.00836	0.02205	0.00684	0.00798	0.00532	0.00456	0.00304	0.00152	0.00380	0.00266	0.00304	0.00532
7	0.01314	0.83025	0.02575	0.00841	0.01261	0.01945	0.00841	0.01472	0.00999	0.01156	0.00683	0.00788	0.00631	0.00420	0.00315	0.00105	0.00526	0.00263	0.00210	0.00631
8	0.00854	0.00427	0.00640	0.00640	0.00640	0.00427	0.00427	0.00640	0.00640	0.00854	0.00854	0.01494	0.00854	0.01707	0.01921	0.85702	0.00427	0.00427	0.00213	0.00213
9	0.15201	0.02506	0.14631	0.01178	0.09732	0.02312	0.00969	0.14377	0.05402	0.16918	0.04397	0.02563	0.01049	0.00605	0.00506	0.03210	0.00495	0.00443	0.02807	0.00697
10	0.05789	0.03217	0.06504	0.01284	0.09300	0.03702	0.00999	0.44844	0.01738	0.04656	0.01086	0.01240	0.00833	0.03725	0.02691	0.00180	0.06639	0.00433	0.00395	0.00743
11	0.00714	0.00469	0.00567	0.00580	0.00589	0.00471	0.00350	0.00714	0.00739	0.00990	0.01600	0.12291	0.01830	0.59950	0.07246	0.09027	0.00503	0.00754	0.00306	0.00310
12	0.01409	0.04310	0.02469	0.04860	0.01262	0.04799	0.00738	0.11867	0.12181	0.20732	0.10224	0.03597	0.06353	0.00701	0.00490	0.00149	0.00426	0.02586	0.06997	0.03851
13	0.01285	0.14399	0.19016	0.01447	0.14199	0.10391	0.04347	0.09359	0.07089	0.03783	0.01172	0.07954	0.01015	0.00593	0.00471	0.00148	0.00600	0.01740	0.00307	0.00685
14	0.05028	0.00653	0.00787	0.00902	0.06927	0.02660	0.00599	0.04888	0.04239	0.01506	0.06843	0.45102	0.09309	0.03245	0.00626	0.00190	0.00353	0.05227	0.00431	0.00483

[dist]
# distance from previous block
# <min> <max>
0	9

[block]
# block no. 8 follows, 51 sequences, length 30
# corresponding to MSA columns:
# 328-357
name=unknown_I
#
# <colnr> <probs for GDERKNQSTAVLIFYWHMCP>
#	G	D	E	R	K	N	Q	S	T	A	V	L	I	F	Y	W	H	M	C	P
0	0.06659	0.05727	0.18990	0.05894	0.05454	0.09247	0.05908	0.05693	0.04847	0.05712	0.04779	0.04379	0.01161	0.07010	0.04784	0.00210	0.00630	0.01983	0.00313	0.00618
1	0.01098	0.01078	0.03547	0.07197	0.43697	0.03241	0.04481	0.02642	0.06040	0.01563	0.04348	0.06731	0.06035	0.03603	0.00607	0.00167	0.02382	0.00571	0.00301	0.00671
2	0.00714	0.00511	0.00710	0.00710	0.00776	0.00572	0.00520	0.00846	0.00780	0.01119	0.01389	0.02264	0.01376	0.24290	0.57000	0.00680	0.01052	0.00573	0.03717	0.00403
3	0.01339	0.79180	0.02519	0.00861	0.01274	0.05700	0.00846	0.01495	0.01017	0.01158	0.00687	0.00793	0.00631	0.00425	0.00321	0.00106	0.00543	0.00265	0.00212	0.00628
4	0.00668	0.00489	0.00617	0.00624	0.00711	0.00475	0.00446	0.00810	0.01039	0.01415	0.24572	0.16098	0.16658	0.14633	0.16362	0.00337	0.00492	0.00890	0.02251	0.00413
5	0.00584	0.00498	0.00503	0.00501	0.00666	0.00416	0.00376	0.00712	0.01128	0.01347	0.07215	0.04698	0.77215	0.01237	0.00581	0.00166	0.00248	0.01033	0.00459	0.00416
6	0.00638	0.00447	0.00568	0.00638	0.00666	0.00426	0.00413	0.00712	0.00915	0.01230	0.08627	0.54223	0.02960	0.23828	0.01139	0.00272	0.00333	0.01168	0.00420	0.00377
7	0.01305	0.01097	0.01158	0.01017	0.01310	0.01261	0.00798	0.12314	0.68938	0.02190	0.01895	0.01749	0.01415	0.00657	0.00499	0.00164	0.00408	0.00541	0.00499	0.00785
8	0.01863	0.01266	0.01385	0.01067	0.01445	0.01375	0.00880	0.65089	0.02138	0.12396	0.01293	0.01271	0.00903	0.00591	0.00485	0.00146	0.00511	0.00450	0.04629	0.00817
9	0.01029	0.02481	0.77348	0.01382	0.02096	0.01126	0.01776	0.01586	0.01051	0.04370	0.00920	0.01060	0.00644	0.00472	0.00468	0.00156	0.00715	0.00368	0.00222	0.00730
10	0.01222	0.01056	0.01111	0.01000	0.01278	0.01222	0.00778	0.02611	0.78776	0.02056	0.02000	0.01833	0.01500	0.00667	0.00500	0.00167	0.00389	0.00556	0.00500	0.00778
11	0.00581	0.00498	0.00498	0.00498	0.00664	0.00415	0.00373	0.00705	0.01120	0.01328	0.04978	0.04729	0.79464	0.01245	0.00581	0.00166	0.00249	0.01037	0.00456	0.00415
12	0.00702	0.00527	0.00790	0.00790	0.00878	0.00614	0.00614	0.00878	0.00790	0.01141	0.01316	0.01931	0.01229	0.03686	0.80782	0.00790	0.01316	0.00527	0.00263	0.00439
13	0.01814	0.02219	0.01455	0.01283	0.01558	0.70792	0.03746	0.08738	0.01466	0.01385	0.00806	0.00928	0.00655	0.00511	0.00452	0.00130	0.00853	0.00337	0.00274	0.00597
14	0.01053	0.03085	0.07762	0.00847	0.01242	0.00840	0.02214	0.05634	0.12599	0.01733	0.04407	0.01567	0.07305	0.00532	0.00428	0.00112	0.00404	0.00436	0.02326	0.45474
15	0.01337	0.28075	0.14060	0.06027	0.12046	0.10820	0.07233	0.03515	0.01141	0.06776	0.00924	0.01079	0.00729	0.00467	0.00426	0.00134	0.00620	0.00371	0.03551	0.00668
16	0.01824	0.02142	0.01362	0.01215	0.01481	0.68224	0.00921	0.08830	0.01465	0.04259	0.00866	0.00970	0.00692	0.00520	0.00446	0.00129	0.00818	0.00339	0.02895	0.00600
17	0.00908	0.00860	0.01418	0.01189	0.01349	0.02641	0.17441	0.01119	0.00874	0.01245	0.01085	0.01587	0.00982	0.02282	0.44103	0.00513	0.19132	0.00512	0.00249	0.00512
18	0.02643	0.09893	0.14115	0.06244	0.15802	0.07249	0.13448	0.02864	0.01114	0.05250	0.02798	0.04629	0.02361	0.03574	0.01812	0.00170	0.01778	0.00487	0.00280	0.03491
19	0.01239	0.01211	0.01972	0.02951	0.76767	0.04118	0.01487	0.01525	0.01129	0.01591	0.00918	0.01204	0.00773	0.00440	0.00485	0.00145	0.00595	0.00433	0.00244	0.00771
20	0.00598	0.00430	0.00568	0.00679	0.00711	0.00400	0.00454	0.00685	0.00946	0.01257	0.02775	0.80149	0.05468	0.01531	0.00626	0.00199	0.00284	0.01387	0.00456	0.00400
21	0.00716	0.00591	0.00766	0.00770	0.00849	0.00653	0.00579	0.00889	0.04295	0.01271	0.02596	0.31673	0.19990	0.01778	0.17517	0.00316	0.12973	0.00947	0.00381	0.00449
22	0.01393	0.14443	0.22504	0.04319	0.06979	0.15797	0.04300	0.14377	0.05437	0.03074	0.00959	0.01083	0.00735	0.00504	0.00473	0.00143	0.02110	0.00382	0.00291	0.00697
23	0.00767	0.00548	0.00656	0.00658	0.00779	0.00533	0.00481	0.01078	0.10330	0.03297	0.29478	0.26351	0.12954	0.01102	0.00560	0.00167	0.00272	0.00968	0.08538	0.00483
24	0.00691	0.00472	0.00538	0.00552	0.00567	0.00463	0.00323	0.00710	0.00771	0.01016	0.01928	0.13276	0.07263	0.66970	0.02135	0.00420	0.00437	0.00822	0.00328	0.00318
25	0.01145	0.03073	0.07847	0.06433	0.45973	0.02809	0.04399	0.03683	0.01120	0.02847	0.01221	0.04777	0.04152	0.00711	0.04378	0.00184	0.02340	0.01940	0.00274	0.00694
26	0.04402	0.09397	0.04506	0.17342	0.12826	0.14257	0.09009	0.06789	0.05292	0.08316	0.01016	0.01195	0.00775	0.00503	0.00491	0.00148	0.02353	0.00418	0.00299	0.00665
27	0.00954	0.00841	0.01360	0.29608	0.21473	0.00916	0.04309	0.01266	0.04567	0.01451	0.01411	0.17410	0.01345	0.00717	0.00512	0.00163	0.00515	0.02404	0.08196	0.00580
28	0.00599	0.00428	0.00570	0.00684	0.00713	0.00399	0.00456	0.00684	0.00941	0.01254	0.02709	0.82409	0.03250	0.01540	0.00627	0.00200	0.00285	0.01397	0.00456	0.00399
29	0.01354	0.05088	0.06504	0.02397	0.53719	0.04148	0.01366	0.16170	0.01347	0.01853	0.00954	0.01167	0.00768	0.00470	0.00477	0.00144	0.00592	0.00422	0.00288	0.00772

[dist]
# distance from previous block
# <min> <max>
4	28

[block]
# block no. 9 follows, 51 sequences, length 25
# corresponding to MSA columns:
# 390-414
name=unknown_J
#
# <colnr> <probs for GDERKNQSTAVLIFYWHMCP>
#	G	D	E	R	K	N	Q	S	T	A	V	L	I	F	Y	W	H	M	C	P
0	0.17204	0.00616	0.00659	0.02395	0.00843	0.00598	0.00481	0.01046	0.01164	0.07106	0.27472	0.05168	0.31570	0.00963	0.00520	0.00159	0.00290	0.00799	0.00459	0.00484
1	0.00672	0.00491	0.00648	0.00670	0.00732	0.00514	0.00474	0.00778	0.00835	0.01134	0.02048	0.18200	0.10316	0.23881	0.35781	0.00524	0.00778	0.00801	0.00331	0.00391
2	0.00635	0.00467	0.00595	0.00632	0.00715	0.00427	0.00448	0.00785	0.01146	0.01552	0.33856	0.40203	0.14154	0.01284	0.00602	0.00177	0.00259	0.01144	0.00490	0.00427
3	0.08646	0.00876	0.01128	0.00872	0.01247	0.00798	0.00720	0.06674	0.01415	0.69595	0.01799	0.01577	0.01142	0.00595	0.00479	0.00152	0.00422	0.00474	0.00578	0.00813
4	0.23700	0.00855	0.01018	0.00808	0.01161	0.00812	0.00666	0.02107	0.01260	0.57677	0.03975	0.01509	0.01145	0.00581	0.00448	0.00152	0.00403	0.00448	0.00528	0.00747
5	0.01216	0.01168	0.01995	0.03016	0.79664	0.01168	0.01508	0.01508	0.01119	0.01605	0.00924	0.01216	0.00778	0.00438	0.00487	0.00146	0.00584	0.00438	0.00243	0.00778
6	0.01400	0.01067	0.01165	0.00976	0.01271	0.01178	0.00782	0.33115	0.29207	0.04473	0.10841	0.01991	0.05036	0.00791	0.02559	0.00174	0.00452	0.02292	0.00495	0.00734
7	0.00801	0.00651	0.00931	0.00882	0.00945	0.00811	0.00696	0.00954	0.00795	0.01183	0.01215	0.03967	0.01164	0.05617	0.52479	0.00589	0.20701	0.00530	0.04631	0.00458
8	0.00702	0.00527	0.00790	0.00790	0.00878	0.00614	0.00614	0.00878	0.00790	0.01141	0.01316	0.01931	0.01229	0.03686	0.80782	0.00790	0.01316	0.00527	0.00263	0.00439
9	0.00715	0.00476	0.00536	0.00536	0.00536	0.00476	0.00298	0.00715	0.00715	0.00953	0.01548	0.03216	0.01787	0.82729	0.02501	0.00476	0.00476	0.00715	0.00298	0.00298
10	0.86201	0.00950	0.00722	0.00646	0.00950	0.01102	0.00532	0.01445	0.00836	0.02205	0.00684	0.00798	0.00532	0.00456	0.00304	0.00152	0.00380	0.00266	0.00304	0.00532
11	0.00702	0.00499	0.00656	0.00619	0.00730	0.00462	0.00462	0.00916	0.01360	0.01925	0.76160	0.03581	0.04481	0.01034	0.00635	0.03688	0.00240	0.00870	0.00527	0.00453
12	0.81367	0.00944	0.00746	0.00659	0.00968	0.01081	0.00543	0.01499	0.00869	0.06682	0.00756	0.00849	0.00572	0.00465	0.00315	0.00152	0.00382	0.00279	0.00322	0.00550
13	0.86201	0.00950	0.00722	0.00646	0.00950	0.01102	0.00532	0.01445	0.00836	0.02205	0.00684	0.00798	0.00532	0.00456	0.00304	0.00152	0.00380	0.00266	0.00304	0.00532
14	0.63396	0.01111	0.00864	0.00755	0.01055	0.08887	0.00611	0.10659	0.01077	0.02195	0.00799	0.00907	0.00617	0.00483	0.00342	0.00147	0.00441	0.00302	0.04783	0.00568
15	0.00770	0.00600	0.00724	0.00762	0.00896	0.00602	0.00598	0.01146	0.14669	0.01532	0.09069	0.22105	0.19219	0.01226	0.00607	0.00191	0.00342	0.23981	0.00469	0.00490
16	0.05054	0.01033	0.06562	0.47894	0.05430	0.01095	0.03096	0.09705	0.01122	0.01547	0.01016	0.05922	0.00841	0.00650	0.02746	0.00179	0.02597	0.00482	0.00270	0.02759
17	0.01165	0.10329	0.06000	0.01735	0.02182	0.04534	0.54613	0.03209	0.01154	0.01519	0.01094	0.08071	0.00936	0.00520	0.00542	0.00159	0.00741	0.00590	0.00266	0.00640
18	0.00715	0.00476	0.00536	0.00536	0.00536	0.00476	0.00298	0.00715	0.00715	0.00953	0.01548	0.03216	0.01787	0.82729	0.02501	0.00476	0.00476	0.00715	0.00298	0.00298
19	0.00977	0.01993	0.53625	0.01355	0.01938	0.01050	0.12520	0.03712	0.01111	0.01594	0.04887	0.05033	0.06836	0.00593	0.00505	0.00159	0.00658	0.00516	0.00267	0.00671
20	0.01335	0.13423	0.18126	0.01652	0.17282	0.12690	0.11137	0.10002	0.06696	0.01663	0.00970	0.01124	0.00757	0.00481	0.00465	0.00143	0.00661	0.00407	0.00278	0.00708
21	0.00911	0.00613	0.00765	0.00799	0.03530	0.02943	0.00554	0.01067	0.02760	0.10926	0.09632	0.34222	0.07164	0.09264	0.09280	0.00271	0.02010	0.00940	0.01864	0.00484
22	0.00620	0.00474	0.00571	0.00614	0.00714	0.00426	0.00444	0.00755	0.01102	0.01429	0.18183	0.35109	0.31380	0.01320	0.00604	0.00180	0.00270	0.04912	0.00472	0.00420
23	0.01149	0.08778	0.22446	0.04004	0.16249	0.05745	0.13183	0.03921	0.02357	0.03927	0.03370	0.09066	0.02449	0.00595	0.00497	0.00154	0.00620	0.00536	0.00287	0.00667
24	0.01301	0.01554	0.15596	0.04175	0.30841	0.14193	0.06844	0.05689	0.02776	0.04792	0.01130	0.03761	0.02131	0.00543	0.00494	0.00151	0.00648	0.02392	0.00287	0.00700

[dist]
# distance from previous block
# <min> <max>
0	1

[block]
# block no. 10 follows, 51 sequences, length 13
# corresponding to MSA columns:
# 416-428
name=unknown_K
#
# <colnr> <probs for GDERKNQSTAVLIFYWHMCP>
#	G	D	E	R	K	N	Q	S	T	A	V	L	I	F	Y	W	H	M	C	P
0	0.34557	0.07474	0.05742	0.03484	0.10335	0.09412	0.02529	0.08202	0.04042	0.03994	0.00944	0.02932	0.00775	0.03122	0.00467	0.00158	0.00521	0.00381	0.00311	0.00620
1	0.03411	0.03523	0.01089	0.07583	0.04433	0.08318	0.03465	0.05638	0.07941	0.04028	0.11080	0.07827	0.12146	0.00905	0.03545	0.00181	0.04015	0.02288	0.08026	0.00558
2	0.00704	0.00467	0.00547	0.00563	0.00572	0.00460	0.00332	0.00705	0.00755	0.01000	0.01778	0.14050	0.04645	0.62801	0.02134	0.06622	0.00438	0.00799	0.00319	0.00310
3	0.01305	0.16848	0.14252	0.03057	0.09918	0.10921	0.08467	0.09635	0.06296	0.04116	0.01224	0.04602	0.03678	0.00560	0.00462	0.00143	0.00600	0.00463	0.02781	0.00671
4	0.01102	0.00841	0.00992	0.00857	0.01046	0.00930	0.00676	0.23213	0.06494	0.02007	0.21663	0.02348	0.07676	0.05567	0.12153	0.00266	0.07795	0.00634	0.03157	0.00582
5	0.01162	0.06713	0.31722	0.03342	0.22064	0.05415	0.04310	0.05385	0.06246	0.01628	0.03204	0.01280	0.02340	0.00515	0.00503	0.00151	0.02612	0.00429	0.00269	0.00711
6	0.01084	0.00934	0.00972	0.00921	0.04497	0.07056	0.00678	0.10935	0.21597	0.01933	0.23296	0.02661	0.14562	0.00822	0.00525	0.00155	0.00387	0.02026	0.02424	0.02534
7	0.00809	0.00518	0.00632	0.00605	0.00738	0.00482	0.00453	0.01035	0.02920	0.06364	0.42914	0.10913	0.13319	0.00983	0.00537	0.00154	0.00253	0.00853	0.15041	0.00479
8	0.00846	0.00432	0.00624	0.00624	0.00630	0.00432	0.00414	0.00668	0.00663	0.00905	0.00938	0.01634	0.00940	0.07545	0.01891	0.75634	0.00421	0.00449	0.04077	0.00231
9	0.01148	0.02722	0.11112	0.10182	0.31669	0.02465	0.05550	0.05888	0.07497	0.01643	0.01135	0.05594	0.00956	0.00562	0.00542	0.00155	0.04614	0.00493	0.05384	0.00687
10	0.01498	0.01185	0.01214	0.01000	0.01286	0.10789	0.04481	0.34561	0.07948	0.05056	0.01413	0.07262	0.01138	0.00644	0.00470	0.00144	0.00496	0.00517	0.18217	0.00680
11	0.01371	0.12195	0.06795	0.04164	0.03019	0.08792	0.07789	0.14649	0.18703	0.05926	0.02833	0.01476	0.04136	0.00572	0.00469	0.00145	0.00544	0.00468	0.02180	0.03774
12	0.09415	0.10182	0.35453	0.01275	0.04486	0.06658	0.06700	0.09837	0.01186	0.01712	0.01067	0.01202	0.04168	0.00518	0.00474	0.00149	0.02468	0.00400	0.01977	0.00673

[dist]
# distance from previous block
# <min> <max>
0	3

[block]
# block no. 11 follows, 51 sequences, length 12
# corresponding to MSA columns:
# 432-443
name=unknown_L
#
# <colnr> <probs for GDERKNQSTAVLIFYWHMCP>
#	G	D	E	R	K	N	Q	S	T	A	V	L	I	F	Y	W	H	M	C	P
0	0.80247	0.01049	0.00770	0.00690	0.00991	0.06724	0.00562	0.01481	0.00876	0.02134	0.00690	0.00805	0.00539	0.00460	0.00314	0.00150	0.00416	0.00270	0.00301	0.00535
1	0.00757	0.00605	0.00636	0.00639	0.00752	0.05958	0.00466	0.00928	0.01196	0.01622	0.33928	0.22128	0.16445	0.01088	0.00554	0.00161	0.00292	0.00945	0.10454	0.00447
2	0.02474	0.08067	0.01843	0.04308	0.21674	0.08801	0.18900	0.08190	0.03427	0.01613	0.01518	0.05673	0.10123	0.00609	0.00506	0.00152	0.00601	0.00564	0.00308	0.00651
3	0.01029	0.06651	0.01474	0.53307	0.02645	0.10424	0.03513	0.01296	0.01024	0.01246	0.01027	0.08055	0.00900	0.00734	0.04518	0.00190	0.00681	0.00500	0.00245	0.00540
4	0.07216	0.04128	0.35076	0.01231	0.06069	0.01035	0.04633	0.07548	0.01218	0.12553	0.07903	0.01609	0.06485	0.00588	0.00480	0.00153	0.00561	0.00482	0.00341	0.00690
5	0.07764	0.00528	0.00530	0.00536	0.00696	0.00472	0.00399	0.00771	0.01083	0.01412	0.06562	0.13486	0.61679	0.01206	0.00563	0.00168	0.00264	0.01010	0.00446	0.00424
6	0.00684	0.00533	0.00689	0.00712	0.00770	0.00553	0.00513	0.00800	0.01011	0.01369	0.17105	0.40134	0.12611	0.08125	0.00886	0.00212	0.09862	0.02578	0.00431	0.00422
7	0.01205	0.01524	0.20137	0.04103	0.29968	0.06603	0.07372	0.10449	0.01236	0.01687	0.01140	0.03686	0.03366	0.00688	0.04524	0.00184	0.00671	0.00476	0.00279	0.00703
8	0.00652	0.00713	0.09898	0.00686	0.00859	0.00502	0.00582	0.00826	0.01072	0.01401	0.12953	0.31769	0.31995	0.03021	0.00626	0.00182	0.00321	0.01060	0.00434	0.00449
9	0.11064	0.00976	0.01323	0.09497	0.18582	0.03265	0.05905	0.04127	0.16022	0.01707	0.05028	0.08338	0.02693	0.00912	0.07225	0.00213	0.00565	0.01585	0.00346	0.00629
10	0.03124	0.10427	0.01367	0.19617	0.05655	0.00964	0.07174	0.02384	0.01836	0.03777	0.01303	0.10962	0.02063	0.13363	0.08249	0.02000	0.02168	0.00590	0.00291	0.02688
11	0.01038	0.00922	0.01328	0.06896	0.30750	0.03056	0.02001	0.06037	0.03541	0.01505	0.02660	0.14877	0.04216	0.13243	0.00856	0.00208	0.03124	0.00663	0.00321	0.02760

[dist]
# distance from previous block
# <min> <max>
0	17

# created by:
# /st0/software/busco_prod/Augustus/scripts/msa2prfl.pl ./align_prep/132051.fa
