[name]
unknown

[dist]
# distance from previous block
# <min> <max>
0	43

[block]
# block no. 0 follows, 52 sequences, length 80
# corresponding to MSA columns:
# 53-132
name=unknown_A
#
# <colnr> <probs for GDERKNQSTAVLIFYWHMCP>
#	G	D	E	R	K	N	Q	S	T	A	V	L	I	F	Y	W	H	M	C	P
0	0.09552	0.05998	0.09123	0.02194	0.01255	0.07244	0.00807	0.18267	0.06290	0.04796	0.04250	0.07083	0.04926	0.04659	0.03509	0.00185	0.00516	0.02540	0.02135	0.04669
1	0.09064	0.14816	0.07452	0.02336	0.01258	0.05407	0.00813	0.17429	0.06039	0.01853	0.03782	0.03822	0.05472	0.00663	0.00448	0.00144	0.00474	0.08011	0.05400	0.05316
2	0.02873	0.07936	0.13261	0.08434	0.01660	0.09810	0.04972	0.19734	0.05233	0.05125	0.04343	0.01419	0.03545	0.00558	0.00463	0.00141	0.00568	0.01746	0.00344	0.07836
3	0.08120	0.13177	0.13264	0.01138	0.07942	0.06741	0.00961	0.13742	0.07260	0.05368	0.03311	0.02851	0.03655	0.00674	0.03210	0.00162	0.00548	0.02006	0.00337	0.05534
4	0.01272	0.11759	0.09479	0.03888	0.03855	0.05010	0.08021	0.20229	0.05942	0.03512	0.08327	0.01889	0.02949	0.00648	0.00491	0.00150	0.00538	0.08449	0.00368	0.03222
5	0.01422	0.01171	0.08612	0.05719	0.01474	0.04605	0.02287	0.19811	0.05073	0.15658	0.03619	0.02753	0.01082	0.00567	0.00462	0.00135	0.00488	0.03024	0.02373	0.19665
6	0.01053	0.09632	0.14227	0.01006	0.04941	0.07256	0.02451	0.01383	0.07611	0.06374	0.11400	0.09052	0.08376	0.06221	0.00628	0.00173	0.00479	0.04238	0.00362	0.03138
7	0.00916	0.00762	0.00954	0.05744	0.01189	0.05913	0.05305	0.04039	0.01131	0.03794	0.04837	0.16980	0.10970	0.03862	0.00640	0.00188	0.00447	0.25011	0.00400	0.06920
8	0.01105	0.27206	0.09632	0.03689	0.01308	0.02530	0.04050	0.02922	0.03728	0.06681	0.03367	0.10925	0.05483	0.02223	0.00501	0.00153	0.00483	0.08794	0.02095	0.03126
9	0.06623	0.09781	0.05399	0.00835	0.01078	0.03543	0.01856	0.02785	0.01038	0.09916	0.01706	0.29620	0.02945	0.00946	0.01971	0.00167	0.03822	0.03790	0.00372	0.11806
10	0.03543	0.01091	0.04007	0.04963	0.04069	0.08512	0.03732	0.08462	0.06282	0.11142	0.07160	0.01450	0.01155	0.03016	0.02502	0.00150	0.00501	0.00432	0.00361	0.27470
11	0.00620	0.00507	0.00554	0.00546	0.00704	0.00433	0.00413	0.00767	0.01138	0.01429	0.16937	0.07513	0.57446	0.01169	0.00570	0.00162	0.00258	0.04401	0.00457	0.03977
12	0.01423	0.45686	0.03669	0.04372	0.01430	0.28140	0.00916	0.01582	0.01098	0.01169	0.00717	0.00867	0.00632	0.00515	0.01560	0.00129	0.04981	0.00298	0.00223	0.00593
13	0.01027	0.00883	0.02513	0.01089	0.10067	0.01951	0.00768	0.04983	0.03112	0.04013	0.06826	0.06198	0.02575	0.11134	0.02012	0.00194	0.14048	0.03695	0.00328	0.22582
14	0.04911	0.10864	0.28672	0.03316	0.03524	0.01188	0.04604	0.15237	0.02891	0.14192	0.02567	0.02649	0.00889	0.00527	0.00455	0.00146	0.00570	0.00421	0.00341	0.02035
15	0.01128	0.10623	0.01649	0.38398	0.15167	0.06430	0.03237	0.04650	0.06602	0.01425	0.00987	0.01358	0.00803	0.00520	0.00495	0.00152	0.02491	0.03007	0.00260	0.00615
16	0.01294	0.20984	0.02114	0.01417	0.06164	0.07078	0.26568	0.08834	0.02401	0.03659	0.00979	0.02803	0.00800	0.00495	0.00522	0.00141	0.05215	0.00446	0.03891	0.04196
17	0.00997	0.00945	0.01602	0.58989	0.25511	0.01098	0.01387	0.01310	0.01008	0.01338	0.00876	0.01265	0.00681	0.00469	0.00483	0.00156	0.00626	0.00431	0.00222	0.00605
18	0.00698	0.00495	0.00654	0.00654	0.00698	0.00538	0.00451	0.00786	0.00742	0.01033	0.01412	0.02534	0.01485	0.43054	0.42003	0.00625	0.00887	0.00611	0.00277	0.00364
19	0.01005	0.00861	0.01005	0.00718	0.01148	0.00646	0.00574	0.01220	0.01005	0.01579	0.00861	0.01005	0.00718	0.00359	0.00359	0.00072	0.00359	0.00287	0.00287	0.85932
20	0.00712	0.00484	0.00603	0.00603	0.00637	0.00512	0.00394	0.00779	0.00745	0.01046	0.01458	0.02697	0.01560	0.53431	0.27075	0.00547	0.00717	0.00632	0.05023	0.00346
21	0.00956	0.00467	0.00480	0.00469	0.00593	0.00463	0.00354	0.01180	0.01032	0.05072	0.01595	0.01800	0.01240	0.00566	0.00345	0.00114	0.00234	0.00453	0.82120	0.00467
22	0.00576	0.00491	0.00496	0.00494	0.00657	0.00411	0.00371	0.00702	0.01112	0.01328	0.07108	0.04633	0.77539	0.01220	0.00573	0.00163	0.00245	0.01018	0.00452	0.00411
23	0.00683	0.00495	0.00643	0.00606	0.00722	0.00456	0.00455	0.00908	0.01364	0.01925	0.77492	0.03651	0.06783	0.00998	0.00572	0.00153	0.00229	0.00881	0.00531	0.00456
24	0.00842	0.00421	0.00631	0.00631	0.00631	0.00421	0.00421	0.00631	0.00631	0.00842	0.00842	0.01473	0.00842	0.01684	0.01894	0.85901	0.00421	0.00421	0.00210	0.00210
25	0.01205	0.01041	0.01096	0.00986	0.01260	0.01205	0.00767	0.02575	0.79071	0.02027	0.01972	0.01808	0.01479	0.00657	0.00493	0.00164	0.00384	0.00548	0.00493	0.00767
26	0.01005	0.00861	0.01005	0.00718	0.01148	0.00646	0.00574	0.01220	0.01005	0.01579	0.00861	0.01005	0.00718	0.00359	0.00359	0.00072	0.00359	0.00287	0.00287	0.85932
27	0.00577	0.00476	0.00507	0.00531	0.00665	0.00406	0.00386	0.00691	0.01066	0.01293	0.04418	0.21791	0.62940	0.01291	0.00583	0.00171	0.00253	0.01101	0.00450	0.00406
28	0.01005	0.00861	0.01005	0.00718	0.01148	0.00646	0.00574	0.01220	0.01005	0.01579	0.00861	0.01005	0.00718	0.00359	0.00359	0.00072	0.00359	0.00287	0.00287	0.85932
29	0.00637	0.00472	0.00573	0.00587	0.00676	0.00431	0.00412	0.00773	0.01106	0.01478	0.31829	0.23808	0.21795	0.12214	0.00839	0.00209	0.00278	0.01015	0.00460	0.00408
30	0.00597	0.00434	0.00564	0.00666	0.00711	0.00402	0.00456	0.00690	0.00953	0.01253	0.02886	0.71781	0.10706	0.01482	0.00616	0.00195	0.00285	0.04476	0.00450	0.00397
31	0.01243	0.01060	0.01117	0.00994	0.01275	0.01223	0.00776	0.07107	0.74477	0.02089	0.01924	0.01769	0.01440	0.00653	0.00493	0.00163	0.00392	0.00541	0.00493	0.00770
32	0.00787	0.00457	0.00685	0.00685	0.00716	0.00488	0.00488	0.00716	0.00685	0.00945	0.01007	0.01629	0.00976	0.02392	0.30640	0.54987	0.00739	0.00457	0.00228	0.00291
33	0.00620	0.00461	0.00531	0.00568	0.00637	0.00423	0.00377	0.00698	0.00937	0.01197	0.05403	0.30836	0.28991	0.24776	0.01132	0.00262	0.00322	0.01048	0.00408	0.00372
34	0.00668	0.00458	0.00540	0.00577	0.00602	0.00444	0.00359	0.00713	0.00818	0.01089	0.02136	0.27459	0.07640	0.48543	0.01678	0.00351	0.00390	0.02723	0.02473	0.00340
35	0.01005	0.00861	0.01005	0.00718	0.01148	0.00646	0.00574	0.01220	0.01005	0.01579	0.00861	0.01005	0.00718	0.00359	0.00359	0.00072	0.00359	0.00287	0.00287	0.85932
36	0.00685	0.00480	0.00557	0.00567	0.00610	0.00463	0.00365	0.00746	0.00869	0.01145	0.10008	0.07453	0.12761	0.53370	0.01790	0.00364	0.00404	0.06661	0.00358	0.00342
37	0.00576	0.00477	0.00505	0.00527	0.00664	0.00406	0.00384	0.00691	0.01070	0.01295	0.04472	0.19883	0.64812	0.01284	0.00582	0.00170	0.00252	0.01092	0.00450	0.00406
38	0.86392	0.00937	0.00712	0.00637	0.00937	0.01087	0.00525	0.01425	0.00825	0.02174	0.00675	0.00787	0.00525	0.00450	0.00300	0.00150	0.00375	0.00262	0.00300	0.00525
39	0.01060	0.01060	0.01484	0.01272	0.01272	0.01484	0.01060	0.01166	0.00742	0.01166	0.00636	0.01060	0.00636	0.00848	0.01590	0.00212	0.82082	0.00424	0.00212	0.00530
40	0.00773	0.00554	0.00769	0.00875	0.00988	0.00551	0.00762	0.00993	0.01121	0.01456	0.04240	0.05404	0.05136	0.01328	0.00664	0.00220	0.00436	0.72837	0.00448	0.00445
41	0.86392	0.00937	0.00712	0.00637	0.00937	0.01087	0.00525	0.01425	0.00825	0.02174	0.00675	0.00787	0.00525	0.00450	0.00300	0.00150	0.00375	0.00262	0.00300	0.00525
42	0.00573	0.00491	0.00491	0.00491	0.00655	0.00409	0.00368	0.00695	0.01105	0.01309	0.04909	0.04664	0.79750	0.01227	0.00573	0.00164	0.00245	0.01023	0.00450	0.00409
43	0.03262	0.00701	0.00880	0.00714	0.00993	0.00638	0.00577	0.03116	0.01257	0.49315	0.01758	0.01682	0.01196	0.00584	0.00430	0.00137	0.00346	0.00470	0.31258	0.00685
44	0.01052	0.00884	0.00972	0.00939	0.01149	0.02342	0.00745	0.01994	0.50908	0.01795	0.02165	0.10069	0.01953	0.00905	0.00548	0.00181	0.00399	0.19878	0.00473	0.00648
45	0.01842	0.01357	0.01454	0.01115	0.01503	0.01503	0.00921	0.78330	0.02278	0.03054	0.01163	0.01163	0.00824	0.00582	0.00485	0.00145	0.00533	0.00436	0.00485	0.00824
46	0.04279	0.04819	0.01356	0.03505	0.03048	0.18486	0.00876	0.29868	0.17417	0.08318	0.01304	0.01300	0.02113	0.00574	0.00465	0.00144	0.00561	0.00432	0.00414	0.00722
47	0.86392	0.00937	0.00712	0.00637	0.00937	0.01087	0.00525	0.01425	0.00825	0.02174	0.00675	0.00787	0.00525	0.00450	0.00300	0.00150	0.00375	0.00262	0.00300	0.00525
48	0.00650	0.00494	0.00598	0.00572	0.00702	0.00442	0.00429	0.00844	0.01286	0.01740	0.55733	0.03954	0.28657	0.01067	0.00572	0.00156	0.00234	0.00923	0.00507	0.00442
49	0.00573	0.00491	0.00491	0.00491	0.00655	0.00409	0.00368	0.00695	0.01105	0.01309	0.04909	0.04664	0.79750	0.01227	0.00573	0.00164	0.00245	0.01023	0.00450	0.00409
50	0.00915	0.00861	0.01453	0.81804	0.03338	0.01077	0.01346	0.01238	0.00969	0.01238	0.00861	0.01292	0.00646	0.00484	0.00484	0.00161	0.00646	0.00431	0.00215	0.00538
51	0.01296	0.83261	0.02539	0.00829	0.01244	0.01917	0.00829	0.01451	0.00985	0.01140	0.00674	0.00777	0.00622	0.00415	0.00311	0.00104	0.00518	0.00259	0.00207	0.00622
52	0.00705	0.00470	0.00529	0.00529	0.00529	0.00470	0.00294	0.00705	0.00705	0.00940	0.01527	0.03171	0.01762	0.82969	0.02467	0.00470	0.00470	0.00705	0.00294	0.00294
53	0.05533	0.03661	0.01157	0.00852	0.01225	0.00769	0.00709	0.02293	0.01351	0.74421	0.01820	0.01585	0.01153	0.00587	0.00474	0.00148	0.00414	0.00470	0.00574	0.00806
54	0.86392	0.00937	0.00712	0.00637	0.00937	0.01087	0.00525	0.01425	0.00825	0.02174	0.00675	0.00787	0.00525	0.00450	0.00300	0.00150	0.00375	0.00262	0.00300	0.00525
55	0.01203	0.00927	0.01075	0.00783	0.01204	0.00769	0.00632	0.11957	0.01208	0.07321	0.00977	0.01072	0.00766	0.00407	0.00385	0.00087	0.00387	0.00322	0.00336	0.68182
56	0.00693	0.00518	0.00773	0.00773	0.00858	0.00603	0.00599	0.00862	0.00777	0.01121	0.01303	0.01933	0.01224	0.05468	0.79232	0.00772	0.01279	0.00523	0.00260	0.00429
57	0.00812	0.00672	0.00908	0.00837	0.00871	0.00825	0.00634	0.00914	0.00805	0.01164	0.09339	0.02225	0.01557	0.28106	0.22070	0.00434	0.26535	0.00586	0.00284	0.00421
58	0.00686	0.00495	0.00648	0.00610	0.00724	0.00457	0.00457	0.00914	0.01372	0.01943	0.79691	0.03620	0.04572	0.00991	0.00572	0.00152	0.00229	0.00876	0.00533	0.00457
59	0.05236	0.01318	0.01454	0.01114	0.01500	0.01446	0.03216	0.69919	0.02151	0.06036	0.01168	0.01172	0.00824	0.00572	0.00480	0.00146	0.00531	0.00435	0.00475	0.00807
60	0.00981	0.02452	0.77300	0.01445	0.05230	0.01126	0.01778	0.01533	0.01026	0.01537	0.00871	0.01030	0.00620	0.00459	0.00461	0.00153	0.00711	0.00361	0.00206	0.00718
61	0.01324	0.78803	0.02475	0.00852	0.01258	0.06274	0.00835	0.01478	0.01006	0.01143	0.00678	0.00783	0.00622	0.00419	0.00318	0.00105	0.00538	0.00262	0.00210	0.00619
62	0.01402	0.09407	0.01533	0.11837	0.04474	0.40079	0.06797	0.03471	0.01207	0.01282	0.01025	0.11077	0.00964	0.00617	0.00497	0.00143	0.02869	0.00484	0.00270	0.00564
63	0.00778	0.00555	0.00772	0.00880	0.00988	0.00555	0.00764	0.00994	0.01101	0.01433	0.02530	0.05387	0.02754	0.04143	0.00731	0.00232	0.00447	0.74075	0.00441	0.00441
64	0.13579	0.00852	0.01067	0.00838	0.01198	0.00790	0.00690	0.02246	0.05497	0.65439	0.01747	0.01541	0.01123	0.00582	0.00462	0.00151	0.00406	0.00460	0.00553	0.00781
65	0.00705	0.00470	0.00529	0.00529	0.00529	0.00470	0.00294	0.00705	0.00705	0.00940	0.01527	0.03171	0.01762	0.82969	0.02467	0.00470	0.00470	0.00705	0.00294	0.00294
66	0.86392	0.00937	0.00712	0.00637	0.00937	0.01087	0.00525	0.01425	0.00825	0.02174	0.00675	0.00787	0.00525	0.00450	0.00300	0.00150	0.00375	0.00262	0.00300	0.00525
67	0.01235	0.01338	0.03160	0.27072	0.18136	0.23843	0.04872	0.01458	0.01098	0.01312	0.00878	0.01187	0.00711	0.00569	0.00574	0.06669	0.00670	0.00403	0.04244	0.00572
68	0.01005	0.00861	0.01005	0.00718	0.01148	0.00646	0.00574	0.01220	0.01005	0.01579	0.00861	0.01005	0.00718	0.00359	0.00359	0.00072	0.00359	0.00287	0.00287	0.85932
69	0.01244	0.01019	0.01086	0.00970	0.01247	0.01164	0.00757	0.02528	0.73472	0.06150	0.02025	0.01854	0.02962	0.00665	0.00494	0.00164	0.00382	0.00554	0.00498	0.00763
70	0.01114	0.01064	0.01813	0.26596	0.56991	0.01129	0.01445	0.01413	0.01063	0.01480	0.00896	0.01227	0.00731	0.00448	0.00481	0.00149	0.00597	0.00431	0.00233	0.00699
71	0.00693	0.00518	0.00770	0.00770	0.00854	0.00601	0.00595	0.00860	0.00776	0.01119	0.01306	0.01947	0.01230	0.06331	0.78378	0.00768	0.01270	0.00526	0.00261	0.00428
72	0.00762	0.00430	0.00614	0.00643	0.00662	0.00418	0.00436	0.00667	0.00768	0.01026	0.05877	0.22285	0.03554	0.01585	0.01442	0.55740	0.00371	0.02141	0.00299	0.00280
73	0.01097	0.01201	0.02520	0.10915	0.07073	0.01161	0.60386	0.01478	0.01127	0.01526	0.03107	0.01503	0.00900	0.00466	0.00560	0.00164	0.00755	0.03170	0.00256	0.00635
74	0.00598	0.00427	0.00571	0.00684	0.00715	0.00400	0.00463	0.00688	0.00935	0.01246	0.02667	0.79547	0.03188	0.01511	0.00621	0.00198	0.00288	0.04408	0.00450	0.00396
75	0.01436	0.21683	0.04458	0.03663	0.06911	0.25660	0.05686	0.09068	0.04897	0.01456	0.00848	0.01010	0.00702	0.00522	0.00559	0.00139	0.10039	0.00364	0.00266	0.00632
76	0.00975	0.00767	0.00966	0.00775	0.01065	0.00692	0.00618	0.01167	0.00960	0.05972	0.02761	0.01454	0.03630	0.01293	0.21160	0.00273	0.06887	0.00406	0.00303	0.47877
77	0.02808	0.06814	0.01566	0.01321	0.08968	0.09278	0.10684	0.14321	0.20745	0.06823	0.02609	0.02865	0.02668	0.00646	0.01966	0.00163	0.04188	0.00493	0.00378	0.00696
78	0.01160	0.01094	0.01446	0.10619	0.35925	0.11327	0.01097	0.03668	0.01106	0.03405	0.01207	0.12152	0.01138	0.03419	0.03521	0.00185	0.02515	0.00557	0.03839	0.00623
79	0.01787	0.00774	0.01025	0.00812	0.01135	0.00682	0.00663	0.04602	0.01383	0.57199	0.14476	0.02116	0.04417	0.00691	0.00503	0.00149	0.00380	0.02361	0.00563	0.04284

[dist]
# distance from previous block
# <min> <max>
2	6

[block]
# block no. 1 follows, 52 sequences, length 40
# corresponding to MSA columns:
# 139-178
name=unknown_B
#
# <colnr> <probs for GDERKNQSTAVLIFYWHMCP>
#	G	D	E	R	K	N	Q	S	T	A	V	L	I	F	Y	W	H	M	C	P
0	0.58476	0.01185	0.11646	0.00793	0.01150	0.03794	0.00738	0.04190	0.00990	0.08495	0.04068	0.01023	0.00773	0.00492	0.00359	0.00150	0.00441	0.00327	0.00326	0.00584
1	0.00842	0.00421	0.00631	0.00631	0.00631	0.00421	0.00421	0.00631	0.00631	0.00842	0.00842	0.01473	0.00842	0.01684	0.01894	0.85901	0.00421	0.00421	0.00210	0.00210
2	0.01310	0.80970	0.02506	0.00841	0.01251	0.04156	0.00832	0.01465	0.00996	0.01141	0.00676	0.00780	0.00622	0.00417	0.00315	0.00104	0.00528	0.00261	0.00208	0.00620
3	0.01577	0.03224	0.18382	0.03993	0.01606	0.02835	0.03735	0.18769	0.09077	0.25526	0.01372	0.01404	0.00963	0.00575	0.00521	0.00154	0.03428	0.01687	0.00420	0.00753
4	0.07763	0.00840	0.01064	0.00831	0.01179	0.00775	0.00683	0.07887	0.01384	0.62483	0.01743	0.01568	0.01129	0.00585	0.00462	0.00146	0.00403	0.00465	0.07837	0.00772
5	0.00669	0.00495	0.00624	0.00592	0.00714	0.00450	0.00444	0.00882	0.01332	0.01849	0.68534	0.03776	0.15788	0.01026	0.00572	0.00154	0.00231	0.00898	0.00521	0.00450
6	0.03310	0.01014	0.01220	0.02724	0.01334	0.01075	0.02517	0.26620	0.12705	0.26238	0.01633	0.01665	0.03792	0.02933	0.02872	0.00181	0.04217	0.01601	0.01613	0.00737
7	0.01075	0.06799	0.50968	0.01656	0.16511	0.01201	0.05456	0.03613	0.03786	0.01572	0.00913	0.01088	0.00685	0.00467	0.00484	0.00151	0.02236	0.00387	0.00231	0.00718
8	0.02166	0.00838	0.01133	0.00868	0.01244	0.00731	0.00717	0.04205	0.01409	0.78408	0.01894	0.01638	0.01190	0.00599	0.00487	0.00150	0.00415	0.00486	0.00597	0.00825
9	0.01886	0.01287	0.01411	0.01081	0.01468	0.01398	0.00893	0.68247	0.02160	0.13304	0.01263	0.01228	0.00874	0.00584	0.00485	0.00146	0.00517	0.00443	0.00500	0.00824
10	0.01058	0.11192	0.46501	0.01149	0.01674	0.03395	0.03490	0.03831	0.01131	0.04290	0.11351	0.01473	0.02829	0.00553	0.00459	0.00145	0.00591	0.00444	0.03788	0.00655
11	0.00721	0.00638	0.03870	0.00664	0.02304	0.00535	0.00513	0.04056	0.03847	0.02870	0.15003	0.13865	0.47084	0.01126	0.00564	0.00164	0.00292	0.00958	0.00454	0.00470
12	0.00692	0.00519	0.00779	0.00779	0.00865	0.00606	0.00606	0.00865	0.00779	0.01125	0.01298	0.01904	0.01211	0.03634	0.81049	0.00779	0.01298	0.00519	0.00260	0.00433
13	0.19541	0.01118	0.01736	0.02387	0.57317	0.01148	0.05418	0.02888	0.01067	0.01736	0.00869	0.01116	0.00715	0.00437	0.00446	0.00146	0.00545	0.00403	0.00258	0.00710
14	0.14130	0.01087	0.02332	0.01308	0.15731	0.03709	0.00882	0.05663	0.36034	0.07031	0.01479	0.04331	0.01158	0.00604	0.00488	0.00157	0.02271	0.00491	0.00404	0.00711
15	0.00932	0.00878	0.01484	0.77141	0.07870	0.01081	0.01354	0.01253	0.00977	0.01259	0.00864	0.01287	0.00653	0.00481	0.00484	0.00160	0.00642	0.00431	0.00217	0.00552
16	0.00806	0.00602	0.00791	0.00859	0.00999	0.00601	0.00736	0.01115	0.07460	0.01501	0.04094	0.04915	0.08278	0.01233	0.00635	0.00207	0.00419	0.60778	0.00446	0.03524
17	0.01060	0.01060	0.01484	0.01272	0.01272	0.01484	0.01060	0.01166	0.00742	0.01166	0.00636	0.01060	0.00636	0.00848	0.01590	0.00212	0.82082	0.00424	0.00212	0.00530
18	0.01577	0.01956	0.01243	0.01157	0.02741	0.64299	0.00858	0.01705	0.01303	0.01210	0.01380	0.01469	0.12429	0.00676	0.02068	0.00146	0.02540	0.00427	0.00279	0.00539
19	0.00587	0.00436	0.00547	0.00636	0.00693	0.00397	0.00432	0.00679	0.00965	0.01252	0.03147	0.66066	0.19485	0.01456	0.00609	0.00190	0.00274	0.01302	0.00450	0.00397
20	0.00777	0.00459	0.00496	0.00505	0.00563	0.00454	0.00328	0.00886	0.00874	0.01354	0.01781	0.08661	0.04968	0.37607	0.01324	0.00281	0.00340	0.00660	0.37310	0.00375
21	0.00850	0.00458	0.00522	0.00526	0.00619	0.00470	0.00389	0.01018	0.00935	0.01575	0.01510	0.04685	0.01285	0.03368	0.12571	0.07915	0.00412	0.00498	0.59972	0.00421
22	0.01296	0.83261	0.02539	0.00829	0.01244	0.01917	0.00829	0.01451	0.00985	0.01140	0.00674	0.00777	0.00622	0.00415	0.00311	0.00104	0.00518	0.00259	0.00207	0.00622
23	0.01810	0.02310	0.01373	0.01248	0.01498	0.81024	0.00936	0.01935	0.01373	0.01186	0.00749	0.00874	0.00624	0.00499	0.00437	0.00125	0.00874	0.00312	0.00250	0.00562
24	0.00903	0.00452	0.00452	0.00452	0.00565	0.00452	0.00339	0.01129	0.01016	0.01807	0.01581	0.01807	0.01242	0.00565	0.00339	0.00113	0.00226	0.00452	0.85659	0.00452
25	0.01060	0.01060	0.01484	0.01272	0.01272	0.01484	0.01060	0.01166	0.00742	0.01166	0.00636	0.01060	0.00636	0.00848	0.01590	0.00212	0.82082	0.00424	0.00212	0.00530
26	0.01842	0.01357	0.01454	0.01115	0.01503	0.01503	0.00921	0.78330	0.02278	0.03054	0.01163	0.01163	0.00824	0.00582	0.00485	0.00145	0.00533	0.00436	0.00485	0.00824
27	0.01021	0.00991	0.01384	0.01212	0.01224	0.01359	0.01011	0.01137	0.00781	0.01191	0.00865	0.01586	0.00895	0.03023	0.01515	0.00220	0.71248	0.08582	0.00239	0.00515
28	0.00686	0.00495	0.00648	0.00610	0.00724	0.00457	0.00457	0.00914	0.01372	0.01943	0.79691	0.03620	0.04572	0.00991	0.00572	0.00152	0.00229	0.00876	0.00533	0.00457
29	0.12260	0.00838	0.01075	0.00835	0.01201	0.00757	0.00690	0.02249	0.01320	0.70928	0.01764	0.01546	0.01119	0.00582	0.00465	0.00150	0.00408	0.00460	0.00564	0.00789
30	0.01043	0.00878	0.01020	0.06641	0.03642	0.03412	0.00800	0.01820	0.39409	0.02898	0.02016	0.10803	0.01843	0.00959	0.02707	0.00196	0.00452	0.18399	0.00439	0.00624
31	0.02166	0.00838	0.01133	0.00869	0.01244	0.00732	0.00717	0.04257	0.01409	0.78356	0.01893	0.01637	0.01190	0.00599	0.00487	0.00150	0.00415	0.00486	0.00597	0.00825
32	0.00597	0.00427	0.00570	0.00683	0.00714	0.00399	0.00462	0.00687	0.00935	0.01245	0.02667	0.79896	0.03190	0.01512	0.00620	0.00198	0.00287	0.04068	0.00450	0.00395
33	0.01677	0.05020	0.02834	0.01140	0.01410	0.58464	0.00886	0.06951	0.04946	0.04098	0.01072	0.01150	0.03898	0.00543	0.00442	0.00130	0.00746	0.00370	0.03631	0.00592
34	0.04075	0.00641	0.00710	0.03296	0.03620	0.06547	0.00558	0.00868	0.01000	0.01309	0.03959	0.51487	0.13023	0.01322	0.02365	0.00195	0.00374	0.03806	0.00411	0.00435
35	0.00781	0.00558	0.00781	0.00892	0.01004	0.00558	0.00781	0.01004	0.01116	0.01450	0.02566	0.05466	0.02789	0.01339	0.00669	0.00223	0.00446	0.76685	0.00446	0.00446
36	0.01474	0.01438	0.04067	0.11994	0.14507	0.19195	0.08836	0.18824	0.01410	0.06286	0.00992	0.01170	0.00755	0.00518	0.00527	0.00147	0.04319	0.00421	0.02443	0.00676
37	0.00693	0.00517	0.00769	0.00769	0.00852	0.00600	0.00593	0.00859	0.00776	0.01117	0.01307	0.01955	0.01234	0.06831	0.77883	0.00766	0.01265	0.00527	0.00261	0.00427
38	0.08208	0.33727	0.01898	0.05358	0.15914	0.15497	0.02042	0.05315	0.01134	0.03746	0.00819	0.00976	0.00684	0.00524	0.02183	0.00141	0.00605	0.00335	0.00255	0.00638
39	0.28595	0.13255	0.04115	0.02540	0.03001	0.33156	0.03742	0.03875	0.01136	0.01584	0.00745	0.00877	0.00605	0.00468	0.00384	0.00134	0.00637	0.00308	0.00264	0.00579

[dist]
# distance from previous block
# <min> <max>
1	2

[block]
# block no. 2 follows, 52 sequences, length 44
# corresponding to MSA columns:
# 181-224
name=unknown_C
#
# <colnr> <probs for GDERKNQSTAVLIFYWHMCP>
#	G	D	E	R	K	N	Q	S	T	A	V	L	I	F	Y	W	H	M	C	P
0	0.01641	0.08097	0.01547	0.06533	0.08491	0.33185	0.01959	0.24176	0.04906	0.03517	0.00967	0.01069	0.00747	0.00518	0.00453	0.00136	0.00674	0.00380	0.00330	0.00675
1	0.00842	0.00421	0.00631	0.00631	0.00631	0.00421	0.00421	0.00631	0.00631	0.00842	0.00842	0.01473	0.00842	0.01684	0.01894	0.85901	0.00421	0.00421	0.00210	0.00210
2	0.01810	0.02310	0.01373	0.01248	0.01498	0.81024	0.00936	0.01935	0.01373	0.01186	0.00749	0.00874	0.00624	0.00499	0.00437	0.00125	0.00874	0.00312	0.00250	0.00562
3	0.00835	0.00568	0.00794	0.00891	0.01013	0.00564	0.00778	0.01057	0.01126	0.04530	0.02540	0.05317	0.02727	0.01310	0.00662	0.00220	0.00445	0.73707	0.00452	0.00461
4	0.00723	0.00496	0.00632	0.00597	0.00713	0.00457	0.00444	0.00918	0.01286	0.03412	0.63201	0.03491	0.10346	0.03393	0.00667	0.03511	0.00248	0.00839	0.04180	0.00446
5	0.01150	0.01041	0.01659	0.05504	0.56039	0.01056	0.01245	0.07275	0.02764	0.01683	0.07578	0.01616	0.05615	0.00577	0.00534	0.02639	0.00520	0.00504	0.00298	0.00701
6	0.00600	0.00429	0.00571	0.00668	0.00705	0.00400	0.00451	0.00699	0.00972	0.01308	0.10421	0.74701	0.03343	0.01465	0.00614	0.00192	0.00276	0.01327	0.00458	0.00400
7	0.10712	0.00823	0.01033	0.00816	0.01151	0.00765	0.00667	0.05174	0.02862	0.59446	0.01692	0.01547	0.01109	0.00625	0.00513	0.03492	0.00401	0.00458	0.05968	0.00745
8	0.00782	0.00497	0.00587	0.00597	0.00648	0.00485	0.00386	0.02349	0.00872	0.04980	0.01998	0.20594	0.05816	0.47354	0.01636	0.00342	0.00401	0.03889	0.05414	0.00373
9	0.00755	0.00507	0.00674	0.00703	0.00762	0.00517	0.00497	0.05621	0.00917	0.01233	0.01910	0.35816	0.04040	0.07591	0.15152	0.18951	0.00523	0.03091	0.00355	0.00383
10	0.00733	0.00530	0.00714	0.00805	0.00908	0.00518	0.00673	0.00923	0.01087	0.01414	0.05952	0.14157	0.09745	0.04519	0.00721	0.00221	0.00401	0.55102	0.00445	0.00431
11	0.00758	0.00547	0.00642	0.00660	0.00747	0.00542	0.00449	0.01006	0.11598	0.03536	0.03766	0.35429	0.10984	0.24424	0.01112	0.00262	0.00349	0.00983	0.00415	0.01789
12	0.00715	0.00534	0.00623	0.00601	0.00722	0.00483	0.00420	0.03029	0.01012	0.01346	0.11777	0.19787	0.23296	0.19023	0.01034	0.04360	0.00329	0.00884	0.00398	0.09627
13	0.01035	0.00886	0.01072	0.02338	0.06885	0.08294	0.00778	0.01186	0.00905	0.04124	0.01099	0.01555	0.00985	0.06829	0.20198	0.01916	0.24042	0.00463	0.14906	0.00503
14	0.59501	0.01047	0.00933	0.00778	0.01105	0.01183	0.00641	0.22437	0.01247	0.05973	0.00864	0.00929	0.00637	0.00493	0.00359	0.00149	0.00420	0.00320	0.00364	0.00620
15	0.01145	0.01090	0.01836	0.20395	0.56411	0.01144	0.03602	0.02656	0.04133	0.01545	0.00948	0.01246	0.00768	0.00454	0.00484	0.00149	0.00590	0.00440	0.00248	0.00714
16	0.00709	0.00538	0.00784	0.00775	0.00849	0.00630	0.00594	0.00862	0.00770	0.01108	0.01293	0.01996	0.01242	0.11560	0.69653	0.00723	0.04698	0.00534	0.00261	0.00423
17	0.00724	0.00546	0.00676	0.00639	0.00770	0.00524	0.00480	0.01050	0.08882	0.01877	0.63520	0.06075	0.10402	0.00995	0.00566	0.00156	0.00247	0.00873	0.00520	0.00481
18	0.26908	0.01287	0.01217	0.00978	0.01327	0.06793	0.00800	0.47860	0.04258	0.02633	0.01016	0.01053	0.00743	0.00539	0.00427	0.00146	0.00505	0.00380	0.00414	0.00716
19	0.00722	0.00493	0.00583	0.00581	0.00655	0.00461	0.00389	0.00804	0.00946	0.03778	0.14127	0.13394	0.16312	0.37327	0.01434	0.01744	0.00364	0.03401	0.00391	0.02095
20	0.17377	0.00823	0.00935	0.02139	0.03882	0.00855	0.00647	0.16149	0.02241	0.08933	0.02973	0.16520	0.01403	0.03252	0.03199	0.06279	0.00432	0.02112	0.02578	0.07272
21	0.58427	0.04149	0.00975	0.00880	0.07225	0.01057	0.00655	0.02789	0.00986	0.17555	0.00946	0.00996	0.00686	0.00479	0.00354	0.00148	0.00406	0.00323	0.00354	0.00612
22	0.00792	0.06994	0.00749	0.02251	0.00712	0.00601	0.00415	0.00837	0.00824	0.03101	0.07026	0.05466	0.04806	0.51883	0.05039	0.05412	0.00474	0.01941	0.00317	0.00360
23	0.00609	0.00443	0.00571	0.00647	0.00703	0.00409	0.00445	0.00720	0.01011	0.01349	0.14589	0.59967	0.10881	0.03136	0.00647	0.00193	0.00276	0.02540	0.00459	0.00404
24	0.01202	0.07598	0.02004	0.04101	0.72503	0.01210	0.01433	0.01480	0.01092	0.01543	0.00892	0.01168	0.00754	0.00431	0.00467	0.00141	0.00572	0.00418	0.00237	0.00752
25	0.01346	0.01081	0.01171	0.01015	0.01311	0.02740	0.02416	0.09017	0.63231	0.08238	0.01854	0.01712	0.01369	0.00638	0.00493	0.00161	0.00417	0.00529	0.00491	0.00770
26	0.00836	0.00485	0.00641	0.00649	0.00661	0.03016	0.00432	0.00683	0.00693	0.00903	0.01088	0.10666	0.01159	0.06888	0.01741	0.67999	0.00423	0.00543	0.00244	0.00248
27	0.00749	0.00490	0.00640	0.00702	0.00781	0.00461	0.00498	0.00906	0.03817	0.07337	0.07333	0.61432	0.05850	0.01364	0.00602	0.00190	0.00300	0.05634	0.00468	0.00447
28	0.01071	0.00900	0.01040	0.00749	0.01176	0.00713	0.00601	0.07279	0.01105	0.01695	0.00885	0.01017	0.00726	0.00376	0.00369	0.00078	0.00373	0.00299	0.00303	0.79244
29	0.00742	0.00503	0.00579	0.00568	0.00588	0.00515	0.00339	0.03322	0.00763	0.01025	0.01497	0.03004	0.01687	0.73971	0.08575	0.00483	0.00537	0.00681	0.00297	0.00322
30	0.02588	0.00573	0.00711	0.07005	0.00960	0.00564	0.00525	0.02683	0.02642	0.09658	0.12155	0.20007	0.15793	0.10982	0.02252	0.00211	0.00356	0.00836	0.09026	0.00474
31	0.00635	0.00523	0.00609	0.00606	0.00721	0.00500	0.00451	0.00765	0.01081	0.01383	0.16414	0.18487	0.45731	0.02664	0.00695	0.00177	0.06684	0.01011	0.00442	0.00422
32	0.00722	0.00524	0.00645	0.00658	0.00748	0.00511	0.00474	0.00827	0.01000	0.05545	0.07481	0.36338	0.26845	0.08017	0.00823	0.00205	0.06717	0.01059	0.00431	0.00428
33	0.00869	0.00587	0.00761	0.00714	0.00841	0.00590	0.00551	0.03267	0.01218	0.08595	0.38181	0.13032	0.09889	0.02575	0.03383	0.00193	0.06746	0.05330	0.02188	0.00489
34	0.03840	0.00784	0.00926	0.07155	0.01203	0.00821	0.00673	0.04504	0.23652	0.16857	0.03705	0.08214	0.13469	0.04066	0.00586	0.00174	0.00382	0.03938	0.04429	0.00620
35	0.04459	0.00598	0.00676	0.00651	0.00782	0.00610	0.00485	0.01016	0.07639	0.03884	0.10090	0.14935	0.31406	0.08687	0.00802	0.00196	0.06722	0.00864	0.05037	0.00461
36	0.00832	0.00562	0.00679	0.06971	0.00942	0.00538	0.00512	0.02534	0.02695	0.07444	0.16220	0.11432	0.29132	0.03934	0.00597	0.00168	0.00307	0.01795	0.12230	0.00475
37	0.02563	0.00610	0.00693	0.00666	0.00806	0.00617	0.00489	0.03560	0.13680	0.04002	0.18891	0.15981	0.14429	0.10463	0.02342	0.00208	0.00331	0.00824	0.08351	0.00493
38	0.09775	0.00670	0.00735	0.00697	0.00840	0.00713	0.00526	0.07426	0.06012	0.01623	0.07696	0.19659	0.20478	0.06618	0.00732	0.00188	0.06742	0.00813	0.07573	0.00483
39	0.00676	0.00462	0.00594	0.00660	0.00724	0.00432	0.00463	0.00785	0.00986	0.03762	0.08253	0.52123	0.10262	0.07944	0.02106	0.00221	0.00321	0.06657	0.02157	0.00411
40	0.04591	0.02324	0.00898	0.00736	0.00981	0.00732	0.00584	0.06786	0.06444	0.22871	0.05866	0.01910	0.05273	0.04571	0.11101	0.00234	0.00482	0.00514	0.15792	0.07311
41	0.00959	0.00711	0.01977	0.00763	0.00928	0.04081	0.00592	0.02889	0.10603	0.09869	0.15048	0.21621	0.11698	0.01282	0.08023	0.00226	0.00436	0.05602	0.02168	0.00526
42	0.00739	0.00500	0.00649	0.01876	0.00753	0.00509	0.00466	0.00846	0.00896	0.03889	0.09248	0.11564	0.10260	0.23800	0.24188	0.03767	0.00630	0.01563	0.03459	0.00398
43	0.00888	0.00656	0.00749	0.00711	0.00864	0.00655	0.00524	0.10932	0.09504	0.03862	0.09826	0.26038	0.19376	0.09826	0.00763	0.00201	0.00339	0.01814	0.00451	0.02020

[dist]
# distance from previous block
# <min> <max>
0	52

# created by:
# /st0/software/busco_prod/Augustus/scripts/msa2prfl.pl ./align_prep/132160.fa
