[name]
unknown

[dist]
# distance from previous block
# <min> <max>
0	65

[block]
# block no. 0 follows, 62 sequences, length 18
# corresponding to MSA columns:
# 65-82
name=unknown_A
#
# <colnr> <probs for GDERKNQSTAVLIFYWHMCP>
#	G	D	E	R	K	N	Q	S	T	A	V	L	I	F	Y	W	H	M	C	P
0	0.02992	0.00947	0.01029	0.00855	0.01113	0.04348	0.00696	0.39680	0.07853	0.10614	0.05945	0.01716	0.03805	0.00866	0.08332	0.00189	0.00490	0.07512	0.00405	0.00613
1	0.05111	0.01054	0.01164	0.00992	0.04479	0.11129	0.06952	0.24609	0.12823	0.11679	0.11884	0.02582	0.01268	0.00547	0.00431	0.00130	0.00448	0.00452	0.00384	0.01882
2	0.02058	0.00867	0.01374	0.21569	0.37181	0.02431	0.04266	0.02307	0.04557	0.03932	0.10680	0.03274	0.02661	0.00499	0.00437	0.00134	0.00471	0.00461	0.00267	0.00572
3	0.02647	0.01024	0.01548	0.01372	0.12790	0.05637	0.25572	0.15259	0.08797	0.04379	0.09270	0.04452	0.01188	0.00524	0.00458	0.00136	0.00510	0.02238	0.00320	0.01879
4	0.06014	0.01195	0.01189	0.03502	0.02560	0.24690	0.10652	0.15396	0.04689	0.06176	0.04438	0.02601	0.02486	0.00514	0.00411	0.00125	0.00521	0.02324	0.08597	0.01919
5	0.01317	0.01255	0.01156	0.00973	0.01219	0.28579	0.06823	0.16133	0.08690	0.08418	0.02380	0.09131	0.03286	0.01647	0.00476	0.00132	0.02804	0.00464	0.00329	0.04789
6	0.00961	0.00917	0.01561	0.32694	0.53030	0.00987	0.01260	0.01225	0.00925	0.01278	0.00784	0.01083	0.00635	0.00396	0.00423	0.00132	0.00528	0.00379	0.00203	0.00600
7	0.01009	0.01008	0.01483	0.33448	0.41940	0.08818	0.01193	0.01289	0.03378	0.01253	0.00798	0.01073	0.00640	0.00408	0.00420	0.00131	0.00549	0.00372	0.00210	0.00580
8	0.00911	0.08709	0.01042	0.00789	0.00957	0.00773	0.08725	0.14015	0.00994	0.03922	0.01336	0.09763	0.01344	0.23682	0.11600	0.00284	0.00527	0.08211	0.01967	0.00448
9	0.01041	0.01003	0.01687	0.02470	0.74661	0.01039	0.01270	0.01279	0.00939	0.01355	0.00777	0.01041	0.00663	0.00414	0.00514	0.00132	0.08473	0.00378	0.00208	0.00654
10	0.00739	0.00370	0.00554	0.00554	0.00554	0.00370	0.00370	0.00554	0.00554	0.00739	0.00739	0.01293	0.00739	0.01478	0.01663	0.87620	0.00370	0.00370	0.00185	0.00185
11	0.01683	0.01007	0.01102	0.00869	0.01181	0.09660	0.02136	0.26260	0.03804	0.41951	0.01469	0.01359	0.04441	0.00535	0.00427	0.00129	0.00437	0.00421	0.00449	0.00679
12	0.00559	0.00414	0.00535	0.00592	0.00659	0.00372	0.00409	0.00653	0.00845	0.01146	0.05480	0.69315	0.05220	0.01206	0.00519	0.00160	0.00253	0.02624	0.00384	0.08653
13	0.01070	0.65491	0.21447	0.00844	0.01271	0.01518	0.00929	0.01292	0.00873	0.01084	0.00633	0.00734	0.00544	0.00374	0.00304	0.00101	0.00496	0.00248	0.00181	0.00566
14	0.04703	0.00710	0.00706	0.00643	0.00745	0.06922	0.00448	0.16707	0.00963	0.01289	0.01254	0.06294	0.01320	0.48155	0.05368	0.00317	0.00473	0.02295	0.00297	0.00390
15	0.13149	0.01222	0.01017	0.00869	0.01129	0.25784	0.00683	0.15890	0.13559	0.14455	0.04620	0.01244	0.03521	0.00519	0.00398	0.00127	0.00483	0.00385	0.00359	0.00586
16	0.03438	0.00956	0.01249	0.15181	0.06066	0.03503	0.05262	0.17651	0.09511	0.03003	0.03112	0.01140	0.00799	0.00570	0.02197	0.00148	0.16534	0.00389	0.00288	0.09003
17	0.02680	0.01040	0.01320	0.23023	0.26134	0.10493	0.01010	0.15241	0.03190	0.05050	0.01085	0.01247	0.05681	0.00476	0.00422	0.00131	0.00514	0.00401	0.00275	0.00589

[dist]
# distance from previous block
# <min> <max>
4	11

[block]
# block no. 1 follows, 62 sequences, length 11
# corresponding to MSA columns:
# 94-104
name=unknown_B
#
# <colnr> <probs for GDERKNQSTAVLIFYWHMCP>
#	G	D	E	R	K	N	Q	S	T	A	V	L	I	F	Y	W	H	M	C	P
0	0.00658	0.00501	0.00560	0.00586	0.00679	0.03672	0.00418	0.03683	0.00964	0.04378	0.09685	0.46887	0.23480	0.01129	0.00514	0.00156	0.00268	0.00992	0.00401	0.00388
1	0.01252	0.00739	0.00908	0.00696	0.01015	0.00630	0.00559	0.07210	0.02782	0.29236	0.06161	0.05945	0.01124	0.00498	0.00388	0.00103	0.00332	0.00412	0.00383	0.39627
2	0.01445	0.00963	0.01053	0.00834	0.01109	0.03383	0.00669	0.46110	0.01561	0.16210	0.04919	0.01406	0.01033	0.09735	0.02365	0.00168	0.00442	0.00429	0.03054	0.03113
3	0.00882	0.00756	0.00882	0.00630	0.01008	0.00567	0.00504	0.01071	0.00882	0.01387	0.00756	0.00882	0.00630	0.00315	0.00315	0.00063	0.00315	0.00252	0.00252	0.87647
4	0.00853	0.00728	0.00849	0.00621	0.00976	0.00550	0.00493	0.01034	0.00883	0.01365	0.00955	0.04567	0.03738	0.00387	0.00332	0.00071	0.00309	0.00317	0.00263	0.80711
5	0.75254	0.00808	0.00679	0.00589	0.00862	0.00906	0.00485	0.01373	0.00797	0.13910	0.00754	0.00804	0.00549	0.00415	0.00288	0.00132	0.00334	0.00260	0.00302	0.00500
6	0.00637	0.00499	0.00783	0.00734	0.00825	0.00555	0.06083	0.00784	0.00698	0.00994	0.01145	0.01774	0.01095	0.13230	0.67445	0.00612	0.01019	0.00479	0.00231	0.00378
7	0.01320	0.01323	0.01056	0.00929	0.01157	0.33060	0.00725	0.21404	0.14022	0.01601	0.01225	0.01400	0.04635	0.00737	0.06184	0.00165	0.00585	0.04132	0.03785	0.00557
8	0.00989	0.00838	0.01139	0.00865	0.01170	0.00787	0.10383	0.08727	0.04883	0.04455	0.06554	0.03202	0.00970	0.00468	0.00492	0.00106	0.09292	0.00385	0.00294	0.44000
9	0.12346	0.00998	0.01048	0.00839	0.01137	0.02889	0.00681	0.42636	0.08423	0.11720	0.02838	0.04488	0.02969	0.00547	0.00408	0.00129	0.00406	0.00422	0.00404	0.04671
10	0.15113	0.00814	0.00839	0.00717	0.00950	0.07153	0.00567	0.07518	0.10939	0.24005	0.20994	0.04269	0.03112	0.00621	0.00421	0.00133	0.00348	0.00503	0.00421	0.00562

[dist]
# distance from previous block
# <min> <max>
2	4

[block]
# block no. 2 follows, 62 sequences, length 9
# corresponding to MSA columns:
# 109-117
name=unknown_C
#
# <colnr> <probs for GDERKNQSTAVLIFYWHMCP>
#	G	D	E	R	K	N	Q	S	T	A	V	L	I	F	Y	W	H	M	C	P
0	0.01028	0.00965	0.01123	0.00947	0.01118	0.11490	0.08065	0.11743	0.08029	0.03009	0.13464	0.05367	0.08817	0.00748	0.02456	0.00158	0.20107	0.00530	0.00324	0.00509
1	0.05561	0.01071	0.01231	0.01000	0.01238	0.11688	0.09728	0.25493	0.04116	0.07215	0.01051	0.01220	0.02773	0.02476	0.11612	0.00215	0.11025	0.00407	0.00314	0.00567
2	0.03124	0.00966	0.00973	0.00832	0.01075	0.07711	0.00661	0.24496	0.27931	0.05825	0.12819	0.01804	0.05873	0.00630	0.00442	0.00136	0.00387	0.03294	0.00416	0.00606
3	0.00926	0.19672	0.60916	0.01195	0.06557	0.01136	0.01378	0.01330	0.00895	0.01277	0.00730	0.00862	0.00549	0.00394	0.00378	0.00125	0.00585	0.00300	0.00182	0.00614
4	0.00912	0.00738	0.00836	0.00743	0.00900	0.03687	0.00582	0.12288	0.14761	0.03775	0.25034	0.06283	0.11382	0.00928	0.05883	0.00178	0.09584	0.00613	0.00391	0.00502
5	0.01184	0.00835	0.00977	0.00822	0.01058	0.02653	0.03492	0.27266	0.10889	0.12304	0.12809	0.08793	0.07164	0.00724	0.00467	0.00142	0.00376	0.07040	0.00426	0.00580
6	0.01002	0.01020	0.01494	0.37722	0.29428	0.10254	0.06796	0.01301	0.04520	0.01234	0.00811	0.01087	0.00639	0.00413	0.00425	0.00133	0.00569	0.00380	0.00212	0.00559
7	0.01038	0.27479	0.32751	0.01292	0.11972	0.01239	0.10145	0.06954	0.00987	0.01342	0.00744	0.00889	0.00584	0.00391	0.00379	0.00121	0.00558	0.00322	0.00206	0.00610
8	0.07423	0.01102	0.01147	0.00953	0.01226	0.11448	0.06908	0.22357	0.31283	0.04857	0.03375	0.03873	0.01054	0.00542	0.00423	0.00135	0.00449	0.00442	0.00378	0.00626

[dist]
# distance from previous block
# <min> <max>
0	3

[block]
# block no. 3 follows, 62 sequences, length 64
# corresponding to MSA columns:
# 121-184
name=unknown_D
#
# <colnr> <probs for GDERKNQSTAVLIFYWHMCP>
#	G	D	E	R	K	N	Q	S	T	A	V	L	I	F	Y	W	H	M	C	P
0	0.00879	0.00870	0.01190	0.23047	0.01546	0.05222	0.00925	0.01021	0.00753	0.01049	0.00840	0.11486	0.00843	0.00718	0.00981	0.00169	0.47321	0.00474	0.00215	0.00454
1	0.00518	0.00372	0.00492	0.00587	0.00616	0.00346	0.00393	0.00593	0.00820	0.01088	0.02407	0.82234	0.05309	0.01325	0.00542	0.00172	0.00246	0.01200	0.00395	0.00346
2	0.00518	0.00420	0.00460	0.00475	0.00590	0.00362	0.00347	0.00631	0.00969	0.01207	0.13665	0.19447	0.57222	0.01101	0.00510	0.00148	0.00220	0.00942	0.00404	0.00362
3	0.00603	0.00500	0.00565	0.00607	0.03954	0.00467	0.00430	0.00825	0.08948	0.01222	0.05139	0.11232	0.52074	0.04953	0.00580	0.00162	0.00264	0.06687	0.00386	0.00400
4	0.01053	0.01011	0.01727	0.02612	0.82392	0.01011	0.01306	0.01306	0.00969	0.01390	0.00800	0.01053	0.00674	0.00379	0.00421	0.00126	0.00505	0.00379	0.00211	0.00674
5	0.01038	0.00996	0.01700	0.07487	0.77634	0.01007	0.01298	0.01293	0.00962	0.01372	0.00798	0.01058	0.00668	0.00382	0.00421	0.00127	0.00509	0.00379	0.00209	0.00662
6	0.01479	0.01083	0.01170	0.00922	0.01223	0.01191	0.00751	0.70290	0.01845	0.02483	0.01171	0.09883	0.00955	0.00597	0.00435	0.00132	0.00437	0.00471	0.02807	0.00675
7	0.00739	0.00370	0.00554	0.00554	0.00554	0.00370	0.00370	0.00554	0.00554	0.00739	0.00739	0.01293	0.00739	0.01478	0.01663	0.87620	0.00370	0.00370	0.00185	0.00185
8	0.01083	0.69266	0.17786	0.00822	0.01237	0.01549	0.00891	0.01288	0.00871	0.01068	0.00625	0.00724	0.00545	0.00372	0.00298	0.00099	0.00489	0.00244	0.00182	0.00562
9	0.00532	0.00387	0.00501	0.00567	0.00616	0.00357	0.00389	0.00631	0.00897	0.01200	0.16372	0.63081	0.10442	0.01229	0.00532	0.00163	0.00236	0.01104	0.00408	0.00357
10	0.01909	0.00724	0.00987	0.00757	0.01086	0.00625	0.00625	0.02074	0.01218	0.82687	0.01679	0.01448	0.01053	0.00527	0.00428	0.00132	0.00362	0.00428	0.00527	0.00724
11	0.00518	0.00372	0.00492	0.00589	0.00616	0.00346	0.00393	0.00593	0.00818	0.01088	0.02388	0.83023	0.04532	0.01328	0.00542	0.00172	0.00246	0.01203	0.00395	0.00346
12	0.71522	0.00804	0.00695	0.00597	0.00873	0.00891	0.00492	0.01409	0.00819	0.17409	0.00801	0.00836	0.00575	0.00420	0.00295	0.00132	0.00335	0.00268	0.00314	0.00511
13	0.00882	0.00756	0.00882	0.00630	0.01008	0.00567	0.00504	0.01071	0.00882	0.01387	0.00756	0.00882	0.00630	0.00315	0.00315	0.00063	0.00315	0.00252	0.00252	0.87647
14	0.00522	0.00390	0.00488	0.00564	0.00619	0.00355	0.00392	0.00610	0.00858	0.01109	0.02790	0.62735	0.20936	0.01268	0.00536	0.00167	0.00246	0.04669	0.00395	0.00351
15	0.01053	0.01011	0.01727	0.02612	0.82392	0.01011	0.01306	0.01306	0.00969	0.01390	0.00800	0.01053	0.00674	0.00379	0.00421	0.00126	0.00505	0.00379	0.00211	0.00674
16	0.01033	0.01191	0.02447	0.01759	0.02179	0.05126	0.76907	0.01380	0.01014	0.01347	0.00851	0.01129	0.00641	0.00363	0.00496	0.00142	0.00720	0.00491	0.00215	0.00570
17	0.00584	0.00429	0.00536	0.00517	0.00613	0.00393	0.00378	0.00748	0.01104	0.01522	0.59923	0.07641	0.15767	0.07217	0.00629	0.00158	0.00221	0.00801	0.00438	0.00381
18	0.00882	0.00756	0.00882	0.00630	0.01008	0.00567	0.00504	0.01071	0.00882	0.01387	0.00756	0.00882	0.00630	0.00315	0.00315	0.00063	0.00315	0.00252	0.00252	0.87647
19	0.00686	0.00490	0.00686	0.00784	0.00882	0.00490	0.00686	0.00882	0.00980	0.01273	0.02253	0.04800	0.02449	0.01175	0.00588	0.00196	0.00392	0.79528	0.00392	0.00392
20	0.01589	0.02028	0.01206	0.01096	0.01315	0.83338	0.00822	0.01699	0.01206	0.01041	0.00658	0.00767	0.00548	0.00438	0.00384	0.00110	0.00767	0.00274	0.00219	0.00493
21	0.00557	0.00383	0.00505	0.00589	0.00628	0.00354	0.00398	0.00636	0.00834	0.03412	0.02425	0.78331	0.06765	0.01297	0.00538	0.00170	0.00249	0.01172	0.00399	0.00357
22	0.00610	0.00411	0.00472	0.00478	0.00486	0.00407	0.00277	0.00627	0.00667	0.00895	0.05971	0.09144	0.01784	0.73833	0.01947	0.00378	0.00388	0.00673	0.00280	0.00273
23	0.00506	0.00430	0.00432	0.00432	0.00571	0.00361	0.00321	0.00611	0.00959	0.01140	0.04220	0.04055	0.79771	0.03626	0.00553	0.00152	0.00222	0.00890	0.00391	0.00356
24	0.00698	0.00499	0.00690	0.00780	0.00880	0.00501	0.00677	0.02477	0.00994	0.01294	0.02232	0.07857	0.02429	0.01168	0.00583	0.00194	0.00388	0.74872	0.00393	0.00397
25	0.00608	0.00455	0.00678	0.00678	0.00751	0.00529	0.00524	0.00756	0.00682	0.00983	0.01145	0.01703	0.01077	0.05502	0.81068	0.00676	0.01119	0.00460	0.00229	0.00376
26	0.00686	0.00490	0.00686	0.00784	0.00882	0.00490	0.00686	0.00882	0.00980	0.01273	0.02253	0.04800	0.02449	0.01175	0.00588	0.00196	0.00392	0.79528	0.00392	0.00392
27	0.01822	0.00864	0.01074	0.00823	0.01156	0.00833	0.00680	0.25641	0.01452	0.58789	0.01482	0.01321	0.00955	0.00522	0.00427	0.00130	0.00394	0.00415	0.00496	0.00724
28	0.88052	0.00823	0.00625	0.00560	0.00823	0.00955	0.00461	0.01251	0.00724	0.01909	0.00592	0.00691	0.00461	0.00395	0.00263	0.00132	0.00329	0.00230	0.00263	0.00461
29	0.01592	0.01942	0.01213	0.01084	0.01316	0.74907	0.00821	0.09848	0.01288	0.01210	0.00695	0.00793	0.00566	0.00446	0.00388	0.00111	0.00737	0.00285	0.00240	0.00517
30	0.01595	0.01181	0.01264	0.00974	0.01311	0.01309	0.00803	0.77806	0.05204	0.02645	0.01050	0.01044	0.00747	0.00513	0.00426	0.00128	0.00463	0.00387	0.00426	0.00722
31	0.00507	0.00431	0.00436	0.00435	0.00577	0.00361	0.00326	0.00618	0.00979	0.01171	0.07361	0.04059	0.79156	0.01069	0.00503	0.00143	0.00215	0.00893	0.00398	0.00361
32	0.01627	0.01177	0.01268	0.00972	0.01312	0.01298	0.00803	0.78492	0.01976	0.05197	0.01042	0.01035	0.00734	0.00511	0.00426	0.00128	0.00465	0.00385	0.00429	0.00724
33	0.00511	0.00438	0.00441	0.00435	0.00584	0.00364	0.00327	0.00620	0.00968	0.01154	0.04235	0.04027	0.80495	0.01062	0.00499	0.00142	0.00218	0.00884	0.00392	0.02204
34	0.00619	0.00413	0.00464	0.00464	0.00464	0.00413	0.00258	0.00619	0.00619	0.00825	0.01341	0.02785	0.01547	0.85046	0.02166	0.00413	0.00413	0.00619	0.00258	0.00258
35	0.00882	0.00756	0.00882	0.00630	0.01008	0.00567	0.00504	0.01071	0.00882	0.01387	0.00756	0.00882	0.00630	0.00315	0.00315	0.00063	0.00315	0.00252	0.00252	0.87647
36	0.00503	0.00431	0.00431	0.00431	0.00575	0.00359	0.00323	0.00611	0.00970	0.01149	0.04310	0.04095	0.82219	0.01078	0.00503	0.00144	0.00216	0.00898	0.00395	0.00359
37	0.00686	0.00490	0.00686	0.00784	0.00882	0.00490	0.00686	0.00882	0.00980	0.01273	0.02253	0.04800	0.02449	0.01175	0.00588	0.00196	0.00392	0.79528	0.00392	0.00392
38	0.00686	0.00490	0.00686	0.00784	0.00882	0.00490	0.00686	0.00882	0.00980	0.01273	0.02253	0.04800	0.02449	0.01175	0.00588	0.00196	0.00392	0.79528	0.00392	0.00392
39	0.00593	0.00435	0.00557	0.00526	0.00630	0.00398	0.00395	0.00786	0.01184	0.01657	0.75312	0.03259	0.10901	0.00888	0.00502	0.00135	0.00202	0.00781	0.00462	0.00398
40	0.78059	0.00777	0.00612	0.00551	0.00796	0.00891	0.00450	0.01207	0.00767	0.01881	0.06720	0.00913	0.00751	0.00434	0.00283	0.00131	0.00314	0.00277	0.03732	0.00454
41	0.00686	0.00490	0.00686	0.00784	0.00882	0.00490	0.00686	0.00882	0.00980	0.01273	0.02253	0.04800	0.02449	0.01175	0.00588	0.00196	0.00392	0.79528	0.00392	0.00392
42	0.00607	0.00434	0.00571	0.00650	0.00705	0.00423	0.00476	0.04207	0.00900	0.01193	0.02244	0.61247	0.02612	0.03072	0.00583	0.00181	0.00293	0.18838	0.00393	0.00371
43	0.00532	0.00408	0.00464	0.00495	0.00581	0.00363	0.00346	0.00628	0.00900	0.01148	0.08849	0.31070	0.40607	0.08831	0.00664	0.00176	0.00243	0.00957	0.02386	0.00349
44	0.00556	0.00440	0.00505	0.00514	0.00637	0.00389	0.00399	0.00699	0.01026	0.01304	0.23182	0.05739	0.49028	0.01047	0.00516	0.00150	0.00239	0.12842	0.00413	0.00374
45	0.00821	0.00774	0.01308	0.78277	0.08540	0.00950	0.01190	0.01103	0.00859	0.01109	0.00759	0.01129	0.00575	0.00422	0.00425	0.00141	0.00563	0.00378	0.00191	0.00487
46	0.00882	0.00756	0.00882	0.00630	0.01008	0.00567	0.00504	0.01071	0.00882	0.01387	0.00756	0.00882	0.00630	0.00315	0.00315	0.00063	0.00315	0.00252	0.00252	0.87647
47	0.00563	0.00428	0.00512	0.00501	0.00606	0.00384	0.00368	0.00715	0.01071	0.01434	0.46454	0.09191	0.30473	0.04708	0.00579	0.00152	0.00218	0.00837	0.00429	0.00377
48	0.01062	0.01063	0.01823	0.02397	0.65257	0.03609	0.14191	0.01346	0.02543	0.01382	0.00824	0.01070	0.00678	0.00382	0.00433	0.00129	0.00545	0.00398	0.00216	0.00652
49	0.01865	0.00732	0.00988	0.00765	0.01087	0.00643	0.00633	0.04434	0.01235	0.77904	0.01675	0.01532	0.01084	0.00545	0.00432	0.00133	0.00366	0.02714	0.00520	0.00715
50	0.00549	0.00402	0.00521	0.00602	0.00658	0.00375	0.00436	0.00653	0.00879	0.01152	0.05778	0.56931	0.13428	0.01253	0.00544	0.00171	0.00266	0.14648	0.00397	0.00358
51	0.00619	0.00406	0.00473	0.00481	0.00485	0.00403	0.00279	0.00611	0.00635	0.00843	0.01420	0.08809	0.03082	0.70118	0.01971	0.07800	0.00393	0.00647	0.00264	0.00260
52	0.01375	0.00973	0.01068	0.00882	0.01168	0.01070	0.00708	0.30101	0.39361	0.14355	0.03329	0.01403	0.01120	0.00553	0.00431	0.00136	0.00384	0.00445	0.00445	0.00693
53	0.00794	0.00647	0.00735	0.00730	0.00874	0.00702	0.00552	0.01423	0.39217	0.01463	0.05366	0.29130	0.06849	0.00925	0.00491	0.00158	0.00300	0.08719	0.00416	0.00509
54	0.05091	0.01161	0.02104	0.01694	0.11339	0.06268	0.53645	0.06668	0.01060	0.03030	0.00847	0.01083	0.00645	0.00392	0.00494	0.00139	0.03071	0.00448	0.00236	0.00585
55	0.02391	0.01074	0.01412	0.01090	0.01393	0.08806	0.20609	0.26963	0.06180	0.08555	0.13481	0.01421	0.01247	0.00525	0.00461	0.00132	0.01526	0.00467	0.00361	0.01904
56	0.01130	0.00931	0.00989	0.00872	0.01123	0.01067	0.00683	0.08694	0.72690	0.04289	0.01672	0.01537	0.01244	0.00570	0.00432	0.00143	0.00348	0.00471	0.00435	0.00679
57	0.00772	0.00532	0.00589	0.00543	0.00595	0.00552	0.00342	0.12949	0.00831	0.01110	0.01292	0.02514	0.01421	0.72074	0.01899	0.00369	0.00421	0.00583	0.00284	0.00329
58	0.01053	0.01011	0.01727	0.02612	0.82392	0.01011	0.01306	0.01306	0.00969	0.01390	0.00800	0.01053	0.00674	0.00379	0.00421	0.00126	0.00505	0.00379	0.00211	0.00674
59	0.00689	0.00478	0.00645	0.00684	0.00790	0.00462	0.00568	0.00890	0.02072	0.03967	0.28308	0.07403	0.05417	0.01051	0.00548	0.00170	0.00316	0.44712	0.00422	0.00406
60	0.00748	0.00481	0.00557	0.00524	0.00685	0.00416	0.00409	0.00886	0.01047	0.13762	0.16581	0.03589	0.51138	0.00966	0.00497	0.00144	0.00248	0.06469	0.00427	0.00425
61	0.02422	0.04872	0.76448	0.01182	0.01784	0.03355	0.01504	0.01353	0.00903	0.01337	0.00752	0.00884	0.00538	0.00404	0.00397	0.00133	0.00622	0.00309	0.00182	0.00619
62	0.73960	0.02837	0.00722	0.00619	0.00880	0.05461	0.00505	0.01362	0.07628	0.01830	0.00693	0.00771	0.00539	0.00412	0.00285	0.00131	0.00357	0.00254	0.00273	0.00483
63	0.02826	0.00989	0.01032	0.00869	0.01125	0.06557	0.00693	0.20588	0.33548	0.14288	0.03406	0.01495	0.05254	0.00582	0.00478	0.00138	0.04620	0.00454	0.00415	0.00644

[dist]
# distance from previous block
# <min> <max>
0	1

[block]
# block no. 4 follows, 62 sequences, length 55
# corresponding to MSA columns:
# 186,196-249
name=unknown_E
#
# <colnr> <probs for GDERKNQSTAVLIFYWHMCP>
#	G	D	E	R	K	N	Q	S	T	A	V	L	I	F	Y	W	H	M	C	P
0	0.12486	0.00757	0.00931	0.00739	0.01041	0.00719	0.00605	0.05874	0.06836	0.58321	0.06100	0.01441	0.01149	0.00533	0.00412	0.00132	0.00352	0.00424	0.00479	0.00669
1	0.00981	0.00599	0.00701	0.00625	0.00786	0.00592	0.00466	0.06296	0.12766	0.17436	0.08486	0.07085	0.16269	0.18277	0.02092	0.02799	0.00338	0.00628	0.02300	0.00478
2	0.71582	0.00803	0.00704	0.00643	0.02218	0.00907	0.02059	0.03704	0.00796	0.03077	0.00791	0.06220	0.00693	0.00480	0.00306	0.00135	0.00341	0.02482	0.00282	0.01778
3	0.01004	0.01148	0.02511	0.01793	0.02224	0.01076	0.80846	0.01363	0.01004	0.01363	0.00861	0.01148	0.00646	0.00359	0.00502	0.00143	0.00717	0.00502	0.00215	0.00574
4	0.00997	0.00938	0.01585	0.07227	0.68626	0.00949	0.01230	0.01246	0.00963	0.01359	0.00959	0.01474	0.00865	0.00470	0.00440	0.00135	0.00497	0.09178	0.00229	0.00631
5	0.00584	0.00409	0.00461	0.00476	0.00509	0.00392	0.00292	0.00620	0.00721	0.00941	0.02068	0.15513	0.17302	0.54580	0.01564	0.00319	0.00345	0.00759	0.01851	0.00293
6	0.00592	0.00436	0.00554	0.00528	0.00634	0.00398	0.00398	0.00781	0.01170	0.01627	0.70677	0.03329	0.13696	0.00903	0.00504	0.00136	0.00207	0.02575	0.00458	0.00396
7	0.00610	0.00448	0.00645	0.00645	0.00708	0.00511	0.00484	0.00735	0.00672	0.00959	0.01175	0.01868	0.01149	0.17608	0.69059	0.00636	0.01012	0.00485	0.00233	0.00358
8	0.02350	0.00422	0.00474	0.00477	0.00515	0.00410	0.00296	0.00651	0.00743	0.01006	0.09448	0.09376	0.12770	0.56216	0.01590	0.00321	0.00348	0.00706	0.01583	0.00298
9	0.00524	0.00390	0.00482	0.00550	0.00604	0.00356	0.00376	0.00607	0.00851	0.01102	0.04270	0.58409	0.21582	0.05700	0.00620	0.00178	0.00250	0.02415	0.00389	0.00346
10	0.88052	0.00823	0.00625	0.00560	0.00823	0.00955	0.00461	0.01251	0.00724	0.01909	0.00592	0.00691	0.00461	0.00395	0.00263	0.00132	0.00329	0.00230	0.00263	0.00461
11	0.01456	0.01827	0.01504	0.01256	0.01523	0.64512	0.19136	0.01622	0.01160	0.01115	0.00704	0.00854	0.00570	0.00420	0.00411	0.00117	0.00756	0.00326	0.00218	0.00512
12	0.00549	0.00403	0.00483	0.00523	0.00595	0.00367	0.00366	0.00652	0.00906	0.01198	0.14011	0.39122	0.25416	0.07308	0.00635	0.00174	0.00244	0.02271	0.04425	0.00354
13	0.00775	0.00480	0.00618	0.00571	0.00701	0.00439	0.00432	0.02573	0.01158	0.12140	0.54317	0.12348	0.10012	0.00889	0.00495	0.00139	0.00234	0.00778	0.00461	0.00440
14	0.03959	0.01976	0.01192	0.01079	0.01302	0.79216	0.00812	0.03489	0.01211	0.01102	0.00664	0.00771	0.00550	0.00439	0.00381	0.00111	0.00749	0.00275	0.00225	0.00498
15	0.00542	0.00436	0.00486	0.00484	0.00613	0.00380	0.00370	0.00681	0.01033	0.01306	0.24839	0.03902	0.55758	0.01029	0.00509	0.00145	0.00224	0.06476	0.00414	0.00373
16	0.24287	0.00646	0.00742	0.00646	0.00866	0.00633	0.00508	0.01405	0.00977	0.35377	0.06638	0.16895	0.01463	0.04852	0.00499	0.00155	0.00325	0.02138	0.00413	0.00534
17	0.00530	0.00380	0.00502	0.00589	0.00623	0.00355	0.00400	0.00615	0.00843	0.01126	0.07250	0.74073	0.04481	0.02927	0.00573	0.00175	0.00251	0.03560	0.00397	0.00349
18	0.01909	0.00724	0.00987	0.00757	0.01086	0.00625	0.00625	0.02074	0.01218	0.82687	0.01679	0.01448	0.01053	0.00527	0.00428	0.00132	0.00362	0.00428	0.00527	0.00724
19	0.00524	0.00375	0.00500	0.00595	0.00624	0.00350	0.00402	0.00605	0.00829	0.01107	0.04424	0.80803	0.02837	0.01317	0.00543	0.00172	0.00249	0.02999	0.00397	0.00348
20	0.00608	0.00455	0.00677	0.00677	0.00751	0.00528	0.00523	0.00755	0.00682	0.00983	0.01146	0.01706	0.01079	0.05750	0.80822	0.00675	0.01117	0.00461	0.00229	0.00376
21	0.01053	0.01011	0.01727	0.02612	0.82392	0.01011	0.01306	0.01306	0.00969	0.01390	0.00800	0.01053	0.00674	0.00379	0.00421	0.00126	0.00505	0.00379	0.00211	0.00674
22	0.00785	0.00397	0.00400	0.00400	0.00494	0.00397	0.00296	0.00974	0.00880	0.01552	0.01386	0.01641	0.01111	0.04362	0.00383	0.00113	0.00208	0.00407	0.83423	0.00390
23	0.01003	0.01116	0.02138	0.01586	0.01892	0.03726	0.56405	0.01281	0.00914	0.01260	0.00772	0.01076	0.00619	0.00467	0.00744	0.00154	0.23641	0.00459	0.00207	0.00542
24	0.01618	0.01192	0.01277	0.00979	0.01320	0.01320	0.00809	0.80973	0.02001	0.02682	0.01022	0.01022	0.00724	0.00511	0.00426	0.00128	0.00468	0.00383	0.00426	0.00724
25	0.00686	0.00490	0.00686	0.00784	0.00882	0.00490	0.00686	0.00882	0.00980	0.01273	0.02253	0.04800	0.02449	0.01175	0.00588	0.00196	0.00392	0.79528	0.00392	0.00392
26	0.88052	0.00823	0.00625	0.00560	0.00823	0.00955	0.00461	0.01251	0.00724	0.01909	0.00592	0.00691	0.00461	0.00395	0.00263	0.00132	0.00329	0.00230	0.00263	0.00461
27	0.00518	0.00370	0.00494	0.00592	0.00617	0.00346	0.00395	0.00592	0.00815	0.01086	0.02345	0.84768	0.02814	0.01333	0.00543	0.00173	0.00247	0.01210	0.00395	0.00346
28	0.00518	0.00370	0.00494	0.00592	0.00617	0.00346	0.00395	0.00592	0.00815	0.01086	0.02345	0.84768	0.02814	0.01333	0.00543	0.00173	0.00247	0.01210	0.00395	0.00346
29	0.00882	0.00756	0.00882	0.00630	0.01008	0.00567	0.00504	0.01071	0.00882	0.01387	0.00756	0.00882	0.00630	0.00315	0.00315	0.00063	0.00315	0.00252	0.00252	0.87647
30	0.01142	0.00949	0.01002	0.00873	0.01128	0.01084	0.00687	0.16312	0.64892	0.01922	0.01683	0.01563	0.03671	0.00581	0.00434	0.00141	0.00357	0.00476	0.00430	0.00673
31	0.00914	0.00906	0.01271	0.01094	0.01098	0.01263	0.00910	0.01010	0.00653	0.01022	0.00589	0.00970	0.00585	0.00874	0.05723	0.00212	0.79879	0.00377	0.00188	0.00461
32	0.01776	0.00901	0.01092	0.00841	0.01172	0.00892	0.00694	0.30873	0.04017	0.50961	0.01441	0.01297	0.00941	0.00522	0.00427	0.00131	0.00400	0.00413	0.00487	0.00722
33	0.01618	0.01192	0.01277	0.00979	0.01320	0.01320	0.00809	0.80973	0.02001	0.02682	0.01022	0.01022	0.00724	0.00511	0.00426	0.00128	0.00468	0.00383	0.00426	0.00724
34	0.01138	0.85302	0.02230	0.00728	0.01092	0.01684	0.00728	0.01274	0.00865	0.01001	0.00592	0.00683	0.00546	0.00364	0.00273	0.00091	0.00455	0.00228	0.00182	0.00546
35	0.00739	0.00370	0.00554	0.00554	0.00554	0.00370	0.00370	0.00554	0.00554	0.00739	0.00739	0.01293	0.00739	0.01478	0.01663	0.87620	0.00370	0.00370	0.00185	0.00185
36	0.00518	0.00370	0.00494	0.00592	0.00617	0.00346	0.00395	0.00592	0.00815	0.01086	0.02345	0.84768	0.02814	0.01333	0.00543	0.00173	0.00247	0.01210	0.00395	0.00346
37	0.01897	0.00744	0.01000	0.00766	0.01096	0.00655	0.00633	0.05420	0.01251	0.79294	0.01651	0.01430	0.01039	0.00526	0.00428	0.00131	0.00367	0.00426	0.00522	0.00724
38	0.00619	0.00413	0.00464	0.00464	0.00464	0.00413	0.00258	0.00619	0.00619	0.00825	0.01341	0.02785	0.01547	0.85046	0.02166	0.00413	0.00413	0.00619	0.00258	0.00258
39	0.00646	0.00677	0.11632	0.00618	0.00798	0.00479	0.00554	0.00875	0.01138	0.02867	0.61360	0.02946	0.12128	0.00825	0.00488	0.00135	0.00263	0.00717	0.00422	0.00432
40	0.00888	0.08004	0.67739	0.01173	0.01737	0.03458	0.04830	0.01321	0.00906	0.01303	0.00819	0.04446	0.00641	0.00440	0.00404	0.00133	0.00608	0.00353	0.00192	0.00605
41	0.00886	0.00768	0.00931	0.00665	0.01044	0.00582	0.02888	0.01080	0.00886	0.01386	0.00759	0.00890	0.00631	0.00316	0.00321	0.00065	0.00327	0.00260	0.00251	0.85064
42	0.00942	0.01016	0.02037	0.02883	0.01891	0.00927	0.58660	0.01250	0.00974	0.01346	0.01055	0.02563	0.05226	0.00407	0.00466	0.00129	0.00604	0.00486	0.00235	0.16904
43	0.01032	0.00743	0.00915	0.01904	0.01040	0.00776	0.05000	0.05012	0.33506	0.13736	0.07412	0.08902	0.13439	0.00732	0.00466	0.00145	0.00338	0.03905	0.00423	0.00572
44	0.00832	0.00781	0.01307	0.76151	0.04294	0.00947	0.03357	0.02701	0.00881	0.01141	0.00765	0.01124	0.00576	0.00421	0.00424	0.00139	0.00561	0.00378	0.00197	0.03023
45	0.00661	0.00497	0.00750	0.00713	0.00828	0.00461	0.08548	0.00813	0.00972	0.04646	0.20246	0.37370	0.10854	0.01054	0.00526	0.00159	0.00302	0.09800	0.00398	0.00403
46	0.00853	0.02201	0.82841	0.01213	0.01842	0.00988	0.01572	0.01348	0.00898	0.01348	0.00764	0.00898	0.00539	0.00404	0.00404	0.00135	0.00629	0.00314	0.00180	0.00629
47	0.00670	0.00551	0.00754	0.00730	0.00798	0.02880	0.00569	0.00806	0.00696	0.00988	0.01120	0.01655	0.02301	0.06803	0.66451	0.00589	0.10568	0.00456	0.00227	0.00386
48	0.02244	0.00829	0.00935	0.00788	0.01008	0.00892	0.00625	0.42116	0.01456	0.04078	0.07042	0.14610	0.08199	0.02145	0.10803	0.00210	0.00473	0.00593	0.00395	0.00560
49	0.78977	0.03054	0.00719	0.00597	0.00869	0.01002	0.00495	0.07532	0.00828	0.01946	0.00626	0.00717	0.00484	0.00403	0.00276	0.00130	0.00343	0.00242	0.00274	0.00484
50	0.88052	0.00823	0.00625	0.00560	0.00823	0.00955	0.00461	0.01251	0.00724	0.01909	0.00592	0.00691	0.00461	0.00395	0.00263	0.00132	0.00329	0.00230	0.00263	0.00461
51	0.88052	0.00823	0.00625	0.00560	0.00823	0.00955	0.00461	0.01251	0.00724	0.01909	0.00592	0.00691	0.00461	0.00395	0.00263	0.00132	0.00329	0.00230	0.00263	0.00461
52	0.00590	0.00440	0.00513	0.00520	0.00601	0.00410	0.00365	0.00710	0.02676	0.01171	0.16665	0.14211	0.24544	0.26103	0.01005	0.00228	0.00293	0.06433	0.00365	0.02159
53	0.01130	0.00818	0.00922	0.00803	0.02698	0.00858	0.00625	0.36881	0.05155	0.05961	0.09324	0.11413	0.16318	0.00773	0.00468	0.00140	0.00358	0.04369	0.00420	0.00566
54	0.00588	0.00426	0.00581	0.00650	0.02361	0.00436	0.00448	0.00683	0.00756	0.01028	0.01772	0.37000	0.02004	0.18826	0.23476	0.00362	0.00542	0.07397	0.00317	0.00348

[dist]
# distance from previous block
# <min> <max>
0	6

# created by:
# /st0/software/busco_prod/Augustus/scripts/msa2prfl.pl ./align_prep/132159.fa
