[name]
unknown

[dist]
# distance from previous block
# <min> <max>
0	73

[block]
# block no. 0 follows, 46 sequences, length 9
# corresponding to MSA columns:
# 73-81
name=unknown_A
#
# <colnr> <probs for GDERKNQSTAVLIFYWHMCP>
#	G	D	E	R	K	N	Q	S	T	A	V	L	I	F	Y	W	H	M	C	P
0	0.00864	0.00860	0.10175	0.01013	0.01217	0.00674	0.00958	0.01146	0.01204	0.01584	0.02722	0.05332	0.07012	0.01338	0.00697	0.00231	0.00510	0.61489	0.00455	0.00520
1	0.00740	0.00560	0.00799	0.00799	0.00899	0.00628	0.00613	0.00913	0.00888	0.01242	0.01901	0.02504	0.10542	0.07362	0.66208	0.00753	0.01235	0.00642	0.00310	0.00462
2	0.01337	0.02829	0.14054	0.08835	0.17171	0.01248	0.07853	0.07538	0.05174	0.08490	0.03007	0.01393	0.00958	0.00590	0.00682	0.00168	0.11232	0.00480	0.00330	0.06632
3	0.00781	0.00558	0.00746	0.00846	0.02775	0.00547	0.00605	0.00964	0.05399	0.01462	0.07929	0.40459	0.06642	0.01499	0.00836	0.10342	0.00371	0.16322	0.00462	0.00456
4	0.01203	0.01208	0.03887	0.18436	0.41087	0.03232	0.06649	0.01522	0.01154	0.01613	0.00994	0.01330	0.00813	0.00622	0.03849	0.00182	0.00680	0.00461	0.00263	0.10814
5	0.01144	0.01020	0.01204	0.08991	0.04059	0.03293	0.00780	0.01525	0.09229	0.01724	0.01067	0.01224	0.00862	0.00448	0.00428	0.00103	0.00452	0.00366	0.00326	0.61755
6	0.00711	0.00565	0.00633	0.00636	0.00777	0.00519	0.00463	0.00950	0.06533	0.01594	0.19920	0.16834	0.40707	0.05851	0.00744	0.00201	0.00295	0.01088	0.00504	0.00475
7	0.00769	0.00559	0.00693	0.00704	0.00813	0.00535	0.00524	0.01005	0.04459	0.01726	0.34037	0.14428	0.12063	0.11305	0.00893	0.00227	0.00332	0.11219	0.03237	0.00474
8	0.04020	0.10824	0.01559	0.18152	0.10070	0.07224	0.01031	0.09400	0.03136	0.02914	0.08320	0.02680	0.01237	0.00611	0.00555	0.00152	0.05100	0.00481	0.02904	0.09630

[dist]
# distance from previous block
# <min> <max>
8	11

[block]
# block no. 1 follows, 46 sequences, length 13
# corresponding to MSA columns:
# 99-111
name=unknown_B
#
# <colnr> <probs for GDERKNQSTAVLIFYWHMCP>
#	G	D	E	R	K	N	Q	S	T	A	V	L	I	F	Y	W	H	M	C	P
0	0.01230	0.00847	0.00878	0.04073	0.01071	0.03965	0.00617	0.16037	0.06593	0.02206	0.08570	0.01925	0.01546	0.00656	0.00447	0.00139	0.00376	0.00527	0.45112	0.03184
1	0.00882	0.00667	0.00961	0.01167	0.08957	0.00661	0.00888	0.01128	0.01234	0.01628	0.07901	0.05310	0.06090	0.01328	0.00697	0.00226	0.00476	0.58806	0.00470	0.00522
2	0.00744	0.00556	0.00825	0.00838	0.00926	0.00637	0.00643	0.00923	0.00866	0.01240	0.01570	0.10178	0.01545	0.03728	0.71260	0.00785	0.01302	0.00662	0.00304	0.00468
3	0.01178	0.03303	0.25080	0.18095	0.16662	0.01228	0.01453	0.06885	0.06512	0.01743	0.01194	0.01411	0.03364	0.00560	0.00552	0.00163	0.03423	0.00462	0.00292	0.06440
4	0.00754	0.00544	0.00735	0.00837	0.00928	0.00524	0.00665	0.00936	0.01162	0.01529	0.08803	0.33766	0.07427	0.01497	0.00696	0.00223	0.00389	0.37625	0.00496	0.00464
5	0.01206	0.01208	0.04241	0.14906	0.45022	0.04465	0.02763	0.01492	0.01138	0.01574	0.01042	0.01509	0.00910	0.08779	0.00735	0.00190	0.00633	0.00483	0.00267	0.07436
6	0.01623	0.02019	0.09393	0.03299	0.05934	0.43735	0.02610	0.07530	0.01433	0.01585	0.03743	0.01218	0.00910	0.00736	0.04830	0.00180	0.00835	0.00405	0.00301	0.07682
7	0.00726	0.00587	0.00686	0.04989	0.00930	0.00524	0.00498	0.00881	0.01166	0.01509	0.15243	0.12318	0.39284	0.09411	0.00814	0.00205	0.00330	0.00985	0.00456	0.08458
8	0.01288	0.01205	0.01485	0.01239	0.01441	0.08166	0.08594	0.13914	0.07341	0.01806	0.04803	0.04638	0.07791	0.00976	0.04550	0.00218	0.26402	0.00602	0.02899	0.00641
9	0.17649	0.11176	0.14577	0.02716	0.05085	0.05619	0.05277	0.04116	0.04424	0.07357	0.01363	0.14469	0.01245	0.00767	0.01808	0.00178	0.00575	0.00583	0.00352	0.00665
10	0.14778	0.05590	0.12838	0.02596	0.03229	0.02613	0.00919	0.11793	0.04465	0.09120	0.07967	0.06961	0.01470	0.05239	0.03011	0.00204	0.01985	0.00559	0.03996	0.00667
11	0.07030	0.03613	0.04168	0.09488	0.04057	0.06333	0.06831	0.07149	0.05070	0.07725	0.06017	0.01738	0.02651	0.06813	0.02762	0.00209	0.09712	0.00525	0.03880	0.04230
12	0.06543	0.09068	0.06507	0.04885	0.05776	0.03979	0.05047	0.09638	0.04518	0.10625	0.03891	0.05498	0.02488	0.11553	0.00858	0.00209	0.04524	0.00562	0.00378	0.03452

[dist]
# distance from previous block
# <min> <max>
11	74

[block]
# block no. 2 follows, 46 sequences, length 40
# corresponding to MSA columns:
# 190-229
name=unknown_C
#
# <colnr> <probs for GDERKNQSTAVLIFYWHMCP>
#	G	D	E	R	K	N	Q	S	T	A	V	L	I	F	Y	W	H	M	C	P
0	0.06978	0.11127	0.03220	0.01123	0.07181	0.13779	0.00856	0.06919	0.01262	0.03255	0.00932	0.01070	0.00760	0.00461	0.00420	0.00113	0.00546	0.00342	0.00313	0.39344
1	0.11297	0.20609	0.31461	0.01307	0.06238	0.05381	0.04088	0.01664	0.02853	0.04307	0.01190	0.01306	0.05098	0.00545	0.00456	0.00153	0.00641	0.00415	0.00280	0.00711
2	0.00870	0.00605	0.00799	0.00812	0.00948	0.00613	0.00636	0.01133	0.05547	0.06133	0.12612	0.15128	0.12156	0.02028	0.22513	0.00381	0.00653	0.15461	0.00457	0.00516
3	0.05836	0.11172	0.04933	0.04955	0.04255	0.10577	0.08268	0.11049	0.08263	0.16097	0.08183	0.01578	0.01307	0.00611	0.00507	0.00157	0.00592	0.00501	0.00419	0.00740
4	0.02828	0.07108	0.21248	0.01151	0.04150	0.02608	0.01082	0.09095	0.06778	0.15841	0.05561	0.09769	0.02550	0.04266	0.00628	0.00185	0.00547	0.03462	0.00422	0.00721
5	0.00664	0.00482	0.00627	0.00707	0.00768	0.00445	0.00486	0.00792	0.01128	0.01516	0.18758	0.59389	0.09255	0.01513	0.00660	0.00202	0.00292	0.01360	0.00510	0.00445
6	0.01261	0.01971	0.46857	0.01372	0.04743	0.01082	0.02710	0.02984	0.01211	0.14036	0.05792	0.05958	0.01213	0.00648	0.00582	0.00171	0.04337	0.00523	0.01796	0.00752
7	0.04076	0.01180	0.04741	0.01450	0.13733	0.07801	0.07924	0.01968	0.05324	0.30560	0.03976	0.06472	0.05281	0.00712	0.00547	0.00168	0.00552	0.02313	0.00465	0.00758
8	0.01040	0.00979	0.01641	0.69841	0.12039	0.01187	0.01473	0.01411	0.02605	0.01411	0.00970	0.01409	0.00738	0.00526	0.00528	0.00174	0.00690	0.00473	0.00244	0.00621
9	0.01234	0.01385	0.03016	0.02163	0.02675	0.01300	0.72995	0.01651	0.01224	0.01661	0.01063	0.01434	0.00807	0.00505	0.00685	0.03755	0.00873	0.00617	0.00266	0.00693
10	0.01236	0.13273	0.47703	0.01402	0.05456	0.03158	0.03241	0.01692	0.01173	0.07856	0.03216	0.01426	0.00958	0.00560	0.00494	0.00160	0.00685	0.03176	0.02388	0.00748
11	0.04750	0.03766	0.17410	0.05936	0.40134	0.01162	0.03762	0.01550	0.01176	0.03847	0.03939	0.04497	0.04600	0.00590	0.00523	0.00163	0.00613	0.00533	0.00296	0.00751
12	0.00658	0.00523	0.00591	0.00603	0.00742	0.00456	0.00441	0.00812	0.01240	0.01579	0.22251	0.18532	0.47037	0.01334	0.00634	0.00182	0.00270	0.01147	0.00513	0.00456
13	0.00655	0.00475	0.00620	0.00727	0.00776	0.00440	0.00498	0.00762	0.01054	0.01394	0.05925	0.69171	0.09473	0.01602	0.00671	0.00211	0.00308	0.04309	0.00494	0.00436
14	0.02538	0.01309	0.04818	0.07542	0.28220	0.04963	0.16228	0.05679	0.05100	0.11297	0.01266	0.04459	0.01003	0.00575	0.00576	0.00168	0.02604	0.00543	0.00346	0.00768
15	0.01234	0.01498	0.09028	0.02234	0.10964	0.01335	0.57722	0.01660	0.01207	0.01672	0.01030	0.01373	0.00789	0.00480	0.00666	0.00178	0.05364	0.00579	0.00261	0.00725
16	0.00648	0.00467	0.00614	0.00724	0.00766	0.00433	0.00487	0.00748	0.01041	0.01386	0.06276	0.74482	0.06734	0.01618	0.00670	0.00211	0.00303	0.01463	0.00495	0.00433
17	0.01662	0.05570	0.10778	0.03904	0.01636	0.06272	0.09551	0.04133	0.04834	0.31174	0.01600	0.04990	0.01201	0.04236	0.02786	0.00197	0.00607	0.00549	0.03573	0.00747
18	0.03198	0.17923	0.37445	0.01393	0.04112	0.08494	0.07879	0.01700	0.03513	0.03497	0.01144	0.03385	0.02980	0.00555	0.00485	0.00156	0.00704	0.00445	0.00271	0.00722
19	0.00643	0.00464	0.00609	0.00725	0.00764	0.00430	0.00486	0.00737	0.01023	0.01354	0.03052	0.76768	0.07716	0.01638	0.00672	0.00213	0.00305	0.01481	0.00491	0.00430
20	0.01216	0.01176	0.02067	0.13023	0.54319	0.01205	0.09201	0.01539	0.01160	0.01634	0.01029	0.01396	0.00856	0.00761	0.06953	0.00218	0.00729	0.00494	0.00261	0.00762
21	0.01350	0.05306	0.16746	0.02699	0.17399	0.05874	0.07943	0.08153	0.08527	0.07204	0.01474	0.07440	0.03341	0.00648	0.00528	0.00164	0.00615	0.00566	0.03274	0.00747
22	0.01173	0.03689	0.07218	0.11373	0.06923	0.01267	0.50528	0.01578	0.01184	0.01608	0.01112	0.04176	0.00897	0.00656	0.04015	0.00205	0.00841	0.00601	0.00268	0.00688
23	0.00713	0.00533	0.00670	0.00707	0.00822	0.00490	0.00538	0.00897	0.01262	0.01676	0.29368	0.22820	0.21592	0.01347	0.00655	0.00195	0.00310	0.14417	0.00522	0.00468
24	0.09894	0.04837	0.11254	0.01221	0.07663	0.04122	0.01000	0.19810	0.06858	0.09624	0.06339	0.04918	0.01400	0.03449	0.00586	0.00177	0.00537	0.03417	0.02161	0.00733
25	0.04707	0.11009	0.09386	0.02260	0.04769	0.06652	0.05461	0.11460	0.19471	0.06891	0.06131	0.01596	0.01290	0.00740	0.03437	0.00185	0.00595	0.00502	0.02715	0.00744
26	0.00664	0.00500	0.00611	0.00691	0.00774	0.00456	0.00491	0.00780	0.01080	0.01381	0.03592	0.46881	0.26150	0.05228	0.00758	0.00220	0.00322	0.08503	0.00483	0.00435
27	0.01258	0.01086	0.04338	0.29969	0.12439	0.01169	0.01167	0.16204	0.04672	0.01957	0.01207	0.01481	0.00923	0.00579	0.00537	0.00162	0.03233	0.00478	0.16459	0.00682
28	0.05651	0.05665	0.05030	0.04072	0.10657	0.07322	0.02818	0.13032	0.10870	0.12360	0.03777	0.06207	0.06163	0.00714	0.00563	0.00166	0.03193	0.00579	0.00425	0.00735
29	0.06122	0.06737	0.09272	0.04781	0.04367	0.01052	0.07720	0.07697	0.07434	0.10068	0.06469	0.05040	0.05761	0.11752	0.03258	0.00234	0.00566	0.00619	0.00396	0.00654
30	0.00744	0.00485	0.00633	0.00719	0.00778	0.00452	0.00492	0.00864	0.01073	0.04328	0.08105	0.66205	0.03346	0.01493	0.00641	0.00202	0.00303	0.01346	0.07334	0.00457
31	0.14052	0.01318	0.07813	0.16299	0.33752	0.04525	0.01334	0.05088	0.05498	0.01827	0.01060	0.03260	0.00866	0.00541	0.00496	0.00164	0.00612	0.00464	0.00298	0.00730
32	0.02250	0.01002	0.02346	0.06433	0.02981	0.08404	0.13789	0.04686	0.01244	0.01643	0.12755	0.25002	0.06423	0.02655	0.00682	0.00189	0.03401	0.00891	0.02666	0.00559
33	0.01613	0.09865	0.04987	0.01020	0.01391	0.09009	0.02730	0.18273	0.08329	0.13571	0.01395	0.01435	0.01032	0.00580	0.00466	0.00142	0.00525	0.00448	0.14637	0.08552
34	0.06543	0.14051	0.04639	0.02652	0.05807	0.19722	0.05416	0.15703	0.01499	0.09874	0.02186	0.01231	0.00889	0.00549	0.00470	0.00145	0.00648	0.00416	0.03920	0.03640
35	0.03283	0.01196	0.04555	0.01680	0.20088	0.06142	0.11717	0.07207	0.03974	0.03988	0.13408	0.02202	0.06858	0.04217	0.00693	0.00182	0.03389	0.02696	0.00378	0.02147
36	0.09829	0.07326	0.03652	0.00971	0.01314	0.03274	0.03110	0.15714	0.11584	0.08235	0.10724	0.01979	0.04578	0.04103	0.00593	0.00169	0.00479	0.02250	0.00444	0.09671
37	0.01425	0.03357	0.05545	0.04652	0.08124	0.04577	0.03236	0.09897	0.14322	0.12189	0.05736	0.02644	0.02761	0.01912	0.00540	0.00155	0.00511	0.00522	0.03341	0.14555
38	0.04874	0.01111	0.02785	0.01478	0.12899	0.04463	0.13636	0.06317	0.06043	0.10330	0.11163	0.08429	0.01731	0.00718	0.00551	0.00163	0.00541	0.03200	0.00415	0.09154
39	0.01289	0.01144	0.06679	0.02561	0.12230	0.01060	0.06434	0.08491	0.06556	0.09201	0.07418	0.03652	0.03492	0.00862	0.05344	0.00200	0.08164	0.00553	0.00385	0.14286

[dist]
# distance from previous block
# <min> <max>
1	35

[block]
# block no. 3 follows, 46 sequences, length 33
# corresponding to MSA columns:
# 265-282,285-299
name=unknown_D
#
# <colnr> <probs for GDERKNQSTAVLIFYWHMCP>
#	G	D	E	R	K	N	Q	S	T	A	V	L	I	F	Y	W	H	M	C	P
0	0.02843	0.06161	0.01441	0.04477	0.17354	0.09464	0.03761	0.06122	0.03708	0.06116	0.14041	0.02102	0.06620	0.04780	0.01851	0.00182	0.00545	0.00587	0.03555	0.04289
1	0.08315	0.04273	0.06978	0.08415	0.06908	0.04301	0.06227	0.05928	0.02667	0.04201	0.07749	0.04789	0.05551	0.02146	0.00554	0.00156	0.01697	0.00544	0.01883	0.16719
2	0.10813	0.01329	0.16693	0.02536	0.09646	0.03908	0.01013	0.04265	0.01186	0.06034	0.05542	0.06702	0.02442	0.02338	0.00546	0.00156	0.01968	0.00514	0.05417	0.16951
3	0.01334	0.02799	0.07252	0.01378	0.13071	0.09819	0.03240	0.11945	0.04278	0.06825	0.06159	0.11069	0.08985	0.00789	0.00566	0.00162	0.02187	0.00662	0.01690	0.05789
4	0.01297	0.03517	0.17212	0.11692	0.08490	0.07699	0.21173	0.05424	0.02953	0.05540	0.01282	0.04404	0.02940	0.00578	0.00542	0.00167	0.00713	0.00542	0.03128	0.00708
5	0.02912	0.02637	0.21793	0.01325	0.11424	0.06337	0.01107	0.04309	0.02951	0.04376	0.08897	0.11581	0.05065	0.05481	0.00658	0.00182	0.00555	0.00646	0.00360	0.07404
6	0.07366	0.01048	0.05390	0.01148	0.10614	0.02616	0.02147	0.06482	0.05986	0.03884	0.09539	0.04081	0.15866	0.00739	0.00510	0.00147	0.00441	0.00618	0.00403	0.20975
7	0.04072	0.02786	0.06570	0.03337	0.05640	0.04388	0.00756	0.01274	0.06238	0.01770	0.25328	0.07901	0.14664	0.01015	0.03306	0.00185	0.00440	0.00765	0.01859	0.07707
8	0.01104	0.02346	0.04113	0.06124	0.01344	0.12383	0.00803	0.04032	0.07154	0.01622	0.09652	0.19588	0.05857	0.01009	0.03086	0.00186	0.05234	0.00749	0.00393	0.13224
9	0.01149	0.03679	0.09229	0.02925	0.04343	0.05539	0.08139	0.02556	0.03923	0.07566	0.15450	0.06245	0.08148	0.01005	0.05263	0.00211	0.07447	0.02380	0.00395	0.04409
10	0.04083	0.32896	0.16065	0.01247	0.04924	0.15423	0.01155	0.07926	0.01252	0.01564	0.00862	0.01028	0.00720	0.00630	0.02854	0.00164	0.05889	0.00357	0.00266	0.00695
11	0.00791	0.00537	0.00655	0.00672	0.00795	0.00482	0.00486	0.00935	0.01199	0.06813	0.18792	0.29854	0.26865	0.05506	0.00745	0.00206	0.00309	0.03369	0.00512	0.00477
12	0.00764	0.00547	0.00679	0.00646	0.00788	0.00492	0.00484	0.00979	0.01410	0.04198	0.55845	0.07131	0.21773	0.01150	0.00623	0.00171	0.00262	0.01002	0.00559	0.00496
13	0.00681	0.00529	0.00621	0.00635	0.00769	0.00470	0.00473	0.00851	0.01267	0.01645	0.27935	0.17118	0.38174	0.01315	0.00639	0.00184	0.00281	0.05429	0.00520	0.00463
14	0.01635	0.01919	0.01426	0.01408	0.08256	0.49879	0.00990	0.03221	0.03350	0.01429	0.06002	0.01423	0.01106	0.05485	0.03928	0.00200	0.06982	0.00446	0.00304	0.00611
15	0.08674	0.00741	0.00939	0.00805	0.01072	0.00677	0.00632	0.01750	0.01359	0.38825	0.18418	0.15216	0.06802	0.00933	0.00562	0.00173	0.00370	0.00792	0.00575	0.00684
16	0.03717	0.04312	0.01559	0.01324	0.03403	0.38418	0.01024	0.23207	0.01641	0.01921	0.00946	0.01095	0.00759	0.00621	0.00664	0.00156	0.12207	0.00400	0.01930	0.00694
17	0.01118	0.00949	0.01101	0.00805	0.01255	0.00747	0.00642	0.03598	0.03969	0.01778	0.01051	0.03438	0.00896	0.00447	0.00409	0.00088	0.00396	0.00363	0.00333	0.76616
18	0.01500	0.13916	0.06136	0.06829	0.15790	0.13172	0.01156	0.13658	0.11027	0.03420	0.01162	0.01374	0.00935	0.00613	0.00572	0.01883	0.03655	0.02121	0.00343	0.00740
19	0.01280	0.01169	0.01454	0.25220	0.12913	0.09779	0.01130	0.14383	0.01323	0.01703	0.01178	0.01776	0.01035	0.09609	0.07649	0.00265	0.03655	0.03525	0.00317	0.00637
20	0.00922	0.00776	0.00953	0.03827	0.01176	0.00631	0.01752	0.01120	0.01104	0.01597	0.04140	0.19501	0.11734	0.00824	0.00501	0.00130	0.00372	0.00713	0.00380	0.47848
21	0.01164	0.00941	0.01099	0.00793	0.01251	0.00725	0.00635	0.03150	0.01145	0.04668	0.01009	0.01147	0.00819	0.00412	0.00400	0.00084	0.00395	0.00329	0.02243	0.77591
22	0.00796	0.00580	0.00856	0.00844	0.00918	0.00677	0.00645	0.00921	0.00824	0.01182	0.01329	0.02035	0.01267	0.07078	0.62340	0.11214	0.05220	0.00557	0.00276	0.00440
23	0.04571	0.01058	0.01192	0.00970	0.01263	0.01124	0.00765	0.37338	0.01756	0.14744	0.03114	0.04928	0.01354	0.14702	0.06072	0.00267	0.00570	0.00584	0.02905	0.00723
24	0.00702	0.00500	0.00636	0.00712	0.00792	0.00457	0.00503	0.00828	0.01115	0.03236	0.10230	0.53999	0.17010	0.01511	0.00661	0.00204	0.00308	0.05639	0.00503	0.00453
25	0.01017	0.04057	0.03912	0.00947	0.01115	0.10442	0.04323	0.04272	0.01201	0.04460	0.07375	0.47951	0.02667	0.01297	0.02220	0.00203	0.00479	0.01091	0.00442	0.00532
26	0.08077	0.00846	0.01055	0.00883	0.01201	0.00792	0.00713	0.05746	0.04273	0.45777	0.02381	0.11288	0.08608	0.00867	0.00553	0.00176	0.00421	0.05013	0.00576	0.00753
27	0.00665	0.00483	0.00618	0.00704	0.00760	0.00447	0.00481	0.00775	0.01072	0.01421	0.10537	0.58717	0.11652	0.06231	0.00784	0.00224	0.00313	0.03191	0.00490	0.00433
28	0.01179	0.01196	0.02229	0.05138	0.19200	0.02791	0.35814	0.01504	0.01190	0.03303	0.01492	0.11463	0.05013	0.00674	0.00638	0.00177	0.03779	0.00698	0.00312	0.02210
29	0.01354	0.01367	0.01975	0.16398	0.40912	0.10552	0.06928	0.05568	0.01256	0.01660	0.00963	0.01280	0.00786	0.00528	0.00610	0.00165	0.06217	0.00466	0.00271	0.00742
30	0.00887	0.00617	0.00807	0.00899	0.05937	0.00587	0.00602	0.01114	0.05606	0.08063	0.10903	0.38273	0.16934	0.01435	0.04575	0.00225	0.00389	0.01123	0.00492	0.00533
31	0.00976	0.00565	0.00755	0.00724	0.00792	0.00562	0.00506	0.06964	0.00921	0.01244	0.01404	0.08579	0.05655	0.01606	0.01627	0.60012	0.00436	0.00584	0.02932	0.03156
32	0.07667	0.02849	0.01654	0.05838	0.21890	0.15129	0.09207	0.03514	0.08700	0.03594	0.01423	0.01581	0.06169	0.00582	0.00504	0.00155	0.00623	0.00500	0.04545	0.03875

[dist]
# distance from previous block
# <min> <max>
0	12

[block]
# block no. 4 follows, 46 sequences, length 18
# corresponding to MSA columns:
# 312-329
name=unknown_E
#
# <colnr> <probs for GDERKNQSTAVLIFYWHMCP>
#	G	D	E	R	K	N	Q	S	T	A	V	L	I	F	Y	W	H	M	C	P
0	0.05602	0.19367	0.01795	0.03735	0.14346	0.10773	0.02334	0.09340	0.12747	0.03684	0.01230	0.01332	0.02849	0.00564	0.00495	0.00147	0.02532	0.00433	0.00344	0.06350
1	0.00726	0.00543	0.00620	0.00640	0.00737	0.00506	0.00438	0.03608	0.01110	0.01426	0.08503	0.27195	0.29479	0.20717	0.01135	0.00268	0.00349	0.01113	0.00457	0.00431
2	0.04175	0.10673	0.04452	0.15689	0.11009	0.20277	0.07366	0.03447	0.03102	0.01531	0.03128	0.03176	0.04358	0.00683	0.02419	0.00174	0.02909	0.00490	0.00293	0.00649
3	0.00734	0.00549	0.00681	0.00662	0.00786	0.00513	0.00488	0.00970	0.03426	0.01848	0.49957	0.10605	0.17566	0.04992	0.03676	0.00215	0.00318	0.00998	0.00533	0.00483
4	0.01354	0.01449	0.10540	0.04826	0.24570	0.03652	0.12344	0.13050	0.14492	0.02016	0.03304	0.01579	0.03219	0.00582	0.00543	0.00166	0.00634	0.00534	0.00360	0.00786
5	0.01268	0.00985	0.01027	0.00894	0.01148	0.04105	0.00694	0.14459	0.26172	0.02148	0.09693	0.02069	0.05011	0.00808	0.00625	0.06647	0.00415	0.00579	0.15055	0.06198
6	0.00939	0.00823	0.01146	0.01041	0.01075	0.01066	0.00821	0.01059	0.00816	0.01209	0.01137	0.01922	0.01151	0.17196	0.29808	0.00507	0.36967	0.00558	0.00267	0.00491
7	0.01053	0.00869	0.01109	0.03039	0.05767	0.00910	0.04489	0.04305	0.26956	0.03440	0.21123	0.10842	0.12010	0.00944	0.00587	0.00177	0.00396	0.00828	0.00503	0.00654
8	0.01221	0.01264	0.01610	0.01386	0.01407	0.07734	0.01146	0.01338	0.00864	0.01274	0.00704	0.01141	0.00693	0.00895	0.01636	0.00224	0.74195	0.00453	0.00235	0.00581
9	0.02023	0.01459	0.01573	0.01206	0.01628	0.01606	0.00996	0.73535	0.02448	0.06210	0.01301	0.01290	0.00915	0.00635	0.00529	0.00159	0.00577	0.00478	0.00534	0.00899
10	0.01633	0.01256	0.01334	0.01100	0.01446	0.01411	0.00883	0.39155	0.34150	0.02748	0.01681	0.01624	0.01239	0.00668	0.00520	0.00165	0.00486	0.00529	0.07131	0.00841
11	0.00778	0.00582	0.00728	0.00712	0.00848	0.00559	0.00544	0.02792	0.03477	0.01843	0.42427	0.08289	0.16924	0.03225	0.06874	0.00240	0.00388	0.07752	0.00520	0.00498
12	0.08087	0.06023	0.01339	0.01134	0.07072	0.10473	0.00834	0.17213	0.05432	0.07881	0.06573	0.05489	0.02914	0.02821	0.00547	0.00155	0.00521	0.00521	0.00414	0.14557
13	0.10795	0.16129	0.11260	0.01289	0.06811	0.06583	0.04884	0.14528	0.03712	0.12402	0.03000	0.01273	0.00941	0.00569	0.00518	0.00156	0.03595	0.00430	0.00373	0.00752
14	0.03400	0.02627	0.09343	0.02364	0.04426	0.00771	0.02443	0.04937	0.01253	0.11437	0.12321	0.17997	0.13574	0.03433	0.00672	0.02326	0.00432	0.00829	0.00447	0.04968
15	0.15225	0.00909	0.01052	0.03093	0.06512	0.00890	0.00720	0.08214	0.05348	0.10280	0.11728	0.04912	0.11598	0.00742	0.00499	0.00152	0.00407	0.00607	0.00442	0.16670
16	0.01200	0.05005	0.06453	0.07576	0.13739	0.05305	0.03117	0.04876	0.07566	0.01752	0.04677	0.04801	0.02996	0.00579	0.00485	0.00136	0.00530	0.00493	0.00338	0.28377
17	0.01439	0.06243	0.19241	0.01142	0.01555	0.12916	0.06476	0.03368	0.01317	0.17470	0.07056	0.03717	0.09129	0.02970	0.00586	0.00170	0.00604	0.00577	0.03339	0.00687

[dist]
# distance from previous block
# <min> <max>
13	22

[block]
# block no. 5 follows, 46 sequences, length 7
# corresponding to MSA columns:
# 359-365
name=unknown_F
#
# <colnr> <probs for GDERKNQSTAVLIFYWHMCP>
#	G	D	E	R	K	N	Q	S	T	A	V	L	I	F	Y	W	H	M	C	P
0	0.01724	0.06217	0.04006	0.01448	0.09382	0.41426	0.01062	0.14405	0.01531	0.01718	0.01009	0.01269	0.00846	0.02510	0.00591	0.00157	0.04159	0.02125	0.03739	0.00677
1	0.00767	0.00582	0.00693	0.00699	0.00825	0.00552	0.00510	0.04132	0.04479	0.01714	0.25772	0.26608	0.22770	0.04452	0.00716	0.00200	0.00309	0.03218	0.00515	0.00489
2	0.01369	0.01173	0.01430	0.22898	0.04614	0.05240	0.02822	0.13651	0.26790	0.05224	0.01697	0.01776	0.05607	0.00668	0.00568	0.00173	0.02595	0.00551	0.00418	0.00737
3	0.00662	0.00479	0.00615	0.00701	0.00752	0.00444	0.00473	0.00769	0.01066	0.01420	0.11386	0.61043	0.09693	0.06878	0.00799	0.00226	0.00311	0.01361	0.00490	0.00431
4	0.00636	0.00536	0.00551	0.00547	0.00721	0.00451	0.00411	0.00781	0.01232	0.01492	0.12020	0.04983	0.71205	0.01315	0.00625	0.00177	0.00266	0.01101	0.00499	0.00451
5	0.00886	0.00472	0.00675	0.00672	0.00681	0.00469	0.00444	0.00721	0.00757	0.01019	0.06547	0.02019	0.01343	0.12237	0.02044	0.67498	0.00451	0.00536	0.00267	0.00261
6	0.01364	0.01362	0.02091	0.03087	0.71704	0.07806	0.01572	0.01663	0.01228	0.01691	0.00980	0.01279	0.00824	0.00477	0.00519	0.00155	0.00655	0.00460	0.00263	0.00819

[dist]
# distance from previous block
# <min> <max>
6	15

[block]
# block no. 6 follows, 46 sequences, length 19
# corresponding to MSA columns:
# 386-404
name=unknown_G
#
# <colnr> <probs for GDERKNQSTAVLIFYWHMCP>
#	G	D	E	R	K	N	Q	S	T	A	V	L	I	F	Y	W	H	M	C	P
0	0.14528	0.09652	0.01532	0.02276	0.01445	0.04181	0.09186	0.15718	0.01305	0.01926	0.01277	0.01521	0.05450	0.03113	0.09823	0.00246	0.07356	0.00477	0.00340	0.08647
1	0.00988	0.00854	0.05095	0.00867	0.01071	0.00833	0.02370	0.05634	0.13233	0.01833	0.14690	0.02575	0.10768	0.03393	0.14605	0.00295	0.04884	0.00673	0.14756	0.00583
2	0.01179	0.00939	0.01145	0.03054	0.01299	0.02596	0.02802	0.05444	0.04349	0.05124	0.03516	0.04528	0.01113	0.00764	0.02736	0.08185	0.03290	0.00453	0.01638	0.45847
3	0.00649	0.00513	0.00573	0.00606	0.00726	0.00450	0.00429	0.00771	0.01143	0.01432	0.09867	0.26785	0.46107	0.06558	0.00772	0.00209	0.00293	0.01193	0.00487	0.00437
4	0.03312	0.00905	0.05339	0.06660	0.12591	0.02804	0.00856	0.03543	0.06133	0.01635	0.06085	0.22552	0.09742	0.03087	0.07232	0.00242	0.00531	0.00840	0.05331	0.00580
5	0.85155	0.01022	0.00777	0.00695	0.01022	0.01186	0.00573	0.01554	0.00900	0.02372	0.00736	0.00859	0.00573	0.00491	0.00327	0.00164	0.00409	0.00286	0.00327	0.00573
6	0.01147	0.02640	0.69501	0.01514	0.02247	0.05549	0.04333	0.04043	0.01185	0.01706	0.00956	0.01122	0.00682	0.00507	0.00506	0.00166	0.00788	0.00398	0.00237	0.00773
7	0.01028	0.00690	0.00861	0.00760	0.00969	0.00645	0.00589	0.03066	0.07934	0.10018	0.50576	0.03311	0.05277	0.00947	0.00586	0.00161	0.00314	0.03121	0.00554	0.08593
8	0.01851	0.02244	0.01421	0.01291	0.01552	0.65844	0.00970	0.07662	0.01527	0.01455	0.01051	0.08609	0.00966	0.00658	0.00500	0.00145	0.00863	0.00462	0.00313	0.00617
9	0.00759	0.00533	0.00623	0.00644	0.00746	0.00487	0.00452	0.00867	0.01085	0.04413	0.08612	0.21141	0.29134	0.21800	0.01166	0.00275	0.00359	0.06008	0.00460	0.00435
10	0.00662	0.00483	0.00628	0.00737	0.00792	0.00448	0.00515	0.00773	0.01053	0.01380	0.03172	0.65549	0.11652	0.01603	0.00675	0.00213	0.00320	0.08419	0.00490	0.00437
11	0.00998	0.00940	0.01586	0.80150	0.03641	0.01175	0.01468	0.01351	0.01057	0.01351	0.00940	0.01409	0.00705	0.00529	0.00529	0.00176	0.00705	0.00470	0.00235	0.00587
12	0.00757	0.00565	0.00805	0.00806	0.00883	0.00634	0.00605	0.00918	0.00918	0.01304	0.08859	0.10691	0.01947	0.12042	0.52525	0.00661	0.03566	0.00721	0.00336	0.00456
13	0.00656	0.00478	0.00611	0.00708	0.00760	0.00442	0.00481	0.00757	0.01042	0.01370	0.05243	0.64076	0.12434	0.05519	0.00768	0.00224	0.00315	0.03203	0.00485	0.00429
14	0.07706	0.01118	0.01305	0.01055	0.01375	0.01203	0.04509	0.36743	0.04106	0.09569	0.03318	0.09160	0.03331	0.00861	0.03167	0.00189	0.02565	0.00608	0.07368	0.00743
15	0.01067	0.00939	0.01474	0.63262	0.03112	0.01140	0.01310	0.08445	0.01186	0.01555	0.01122	0.05964	0.00921	0.00707	0.02870	0.00195	0.00677	0.00533	0.02920	0.00602
16	0.00943	0.00679	0.00869	0.00855	0.00963	0.00722	0.00650	0.06387	0.02791	0.05028	0.14762	0.35687	0.04882	0.01259	0.00762	0.00198	0.10016	0.07104	0.04911	0.00529
17	0.18824	0.00649	0.00654	0.00642	0.00808	0.00655	0.00475	0.01034	0.03409	0.01666	0.10298	0.11977	0.29071	0.10579	0.05138	0.00253	0.00397	0.00866	0.02128	0.00476
18	0.01371	0.10045	0.08769	0.01182	0.06345	0.06842	0.02869	0.12579	0.05450	0.03987	0.01156	0.03730	0.00945	0.00550	0.00487	0.00132	0.02375	0.00432	0.04477	0.26275

[dist]
# distance from previous block
# <min> <max>
9	18

[block]
# block no. 7 follows, 46 sequences, length 11
# corresponding to MSA columns:
# 423-433
name=unknown_H
#
# <colnr> <probs for GDERKNQSTAVLIFYWHMCP>
#	G	D	E	R	K	N	Q	S	T	A	V	L	I	F	Y	W	H	M	C	P
0	0.01174	0.01516	0.25175	0.11369	0.06962	0.01097	0.06331	0.03514	0.14723	0.07004	0.04112	0.10089	0.03185	0.00713	0.00549	0.00175	0.00597	0.00624	0.00370	0.00722
1	0.00777	0.00599	0.00655	0.00667	0.00807	0.02330	0.00489	0.00975	0.04318	0.03784	0.13131	0.23268	0.36406	0.03949	0.00691	0.00196	0.00316	0.03260	0.02898	0.00480
2	0.01462	0.72440	0.06284	0.00936	0.01401	0.01961	0.00946	0.01655	0.01106	0.06550	0.00838	0.00926	0.00721	0.00468	0.00360	0.00119	0.00568	0.00305	0.00255	0.00698
3	0.03064	0.01178	0.03953	0.04287	0.01400	0.06535	0.00849	0.21033	0.16790	0.06576	0.08072	0.07276	0.01640	0.07115	0.03065	0.01569	0.02140	0.00620	0.00457	0.02382
4	0.00896	0.00563	0.00702	0.00686	0.00835	0.00501	0.00506	0.01064	0.01283	0.11610	0.27379	0.25765	0.23688	0.01257	0.00626	0.00183	0.00296	0.01098	0.00541	0.00517
5	0.00655	0.00465	0.00610	0.00723	0.00751	0.00436	0.00476	0.00739	0.00991	0.01322	0.02807	0.74466	0.03362	0.08449	0.00846	0.00240	0.00324	0.01440	0.00476	0.00420
6	0.01413	0.81739	0.02770	0.00905	0.01357	0.02092	0.00905	0.01583	0.01074	0.01244	0.00735	0.00848	0.00678	0.00452	0.00339	0.00113	0.00565	0.00283	0.00226	0.00678
7	0.01009	0.00784	0.00913	0.02913	0.01081	0.03543	0.02042	0.09418	0.08432	0.04314	0.06312	0.25891	0.15605	0.04806	0.07953	0.02526	0.00502	0.00947	0.00458	0.00552
8	0.01043	0.00607	0.00618	0.00586	0.00746	0.00623	0.00447	0.05926	0.07090	0.02027	0.02039	0.02193	0.07866	0.00686	0.00414	0.00134	0.00282	0.00553	0.65577	0.00540
9	0.01147	0.00993	0.01274	0.01126	0.01244	0.07125	0.03560	0.02900	0.01008	0.06639	0.03006	0.04722	0.01193	0.01971	0.29251	0.00433	0.29121	0.00554	0.02165	0.00567
10	0.03411	0.01154	0.09304	0.07916	0.03799	0.01014	0.16433	0.12019	0.01353	0.07128	0.09156	0.10885	0.01673	0.07606	0.00743	0.00201	0.00578	0.00687	0.04291	0.00651

[dist]
# distance from previous block
# <min> <max>
3	8

[block]
# block no. 8 follows, 46 sequences, length 15
# corresponding to MSA columns:
# 442-456
name=unknown_I
#
# <colnr> <probs for GDERKNQSTAVLIFYWHMCP>
#	G	D	E	R	K	N	Q	S	T	A	V	L	I	F	Y	W	H	M	C	P
0	0.06883	0.03208	0.05235	0.07588	0.09469	0.01072	0.03131	0.11573	0.06582	0.09319	0.11567	0.07111	0.01630	0.00750	0.00622	0.02699	0.03883	0.00592	0.00413	0.06670
1	0.01302	0.05963	0.03691	0.06046	0.42128	0.02429	0.03411	0.08524	0.07901	0.01836	0.02939	0.01660	0.06635	0.00598	0.00556	0.00162	0.02591	0.00529	0.00329	0.00772
2	0.01432	0.06530	0.15195	0.05591	0.11551	0.13082	0.05486	0.09436	0.06580	0.06330	0.01166	0.01381	0.00915	0.02719	0.04633	0.00203	0.03821	0.00460	0.02764	0.00722
3	0.01220	0.01053	0.01725	0.21076	0.29886	0.01100	0.07650	0.04257	0.04395	0.06611	0.05547	0.04622	0.05621	0.00655	0.00555	0.00170	0.00592	0.02207	0.00345	0.00710
4	0.01459	0.04917	0.15251	0.01655	0.10313	0.09206	0.19048	0.08039	0.01363	0.11679	0.04481	0.05353	0.01146	0.00613	0.00581	0.00166	0.03085	0.00552	0.00353	0.00740
5	0.07421	0.06909	0.10297	0.01204	0.05769	0.03535	0.05869	0.12922	0.03329	0.19342	0.10452	0.01743	0.03455	0.00638	0.00510	0.00156	0.00535	0.00526	0.00442	0.04946
6	0.07672	0.04760	0.00811	0.00729	0.00897	0.00671	0.00563	0.01105	0.04943	0.04807	0.12957	0.23242	0.23218	0.01296	0.02781	0.00206	0.00369	0.07978	0.00479	0.00514
7	0.00741	0.00558	0.00683	0.03563	0.00884	0.00542	0.00514	0.00971	0.06309	0.01555	0.16605	0.34464	0.17728	0.08531	0.00812	0.00219	0.00327	0.01129	0.03392	0.00471
8	0.01349	0.01224	0.01569	0.14753	0.13065	0.10928	0.08311	0.09703	0.06927	0.06425	0.05322	0.04978	0.06130	0.02020	0.02974	0.00194	0.02477	0.00596	0.00372	0.00683
9	0.01183	0.01094	0.08066	0.04462	0.13352	0.01019	0.00983	0.06890	0.19189	0.06680	0.03312	0.15812	0.07183	0.03187	0.02753	0.00207	0.02761	0.00744	0.00429	0.00694
10	0.00707	0.00498	0.00628	0.00702	0.00773	0.00459	0.00486	0.00816	0.01071	0.03244	0.07030	0.52804	0.15903	0.07951	0.00825	0.00230	0.00325	0.04623	0.00485	0.00441
11	0.02883	0.05603	0.04277	0.01042	0.01352	0.16404	0.00849	0.15740	0.07387	0.17508	0.03341	0.01805	0.03378	0.10599	0.04057	0.00228	0.01889	0.00523	0.00434	0.00702
12	0.04732	0.13587	0.07721	0.05650	0.18717	0.07139	0.05549	0.08639	0.06663	0.09396	0.01285	0.03251	0.02331	0.00576	0.00493	0.00155	0.00606	0.00480	0.02280	0.00749
13	0.01326	0.04946	0.08809	0.14313	0.19597	0.06303	0.05105	0.05634	0.03246	0.07793	0.01205	0.05324	0.01000	0.00780	0.04410	0.00201	0.06534	0.00518	0.02249	0.00707
14	0.00714	0.00576	0.02757	0.00845	0.04280	0.00517	0.00565	0.00833	0.01012	0.01368	0.06710	0.53921	0.04846	0.12686	0.05539	0.00286	0.00423	0.01231	0.00443	0.00449

[dist]
# distance from previous block
# <min> <max>
5	13

[block]
# block no. 9 follows, 46 sequences, length 19
# corresponding to MSA columns:
# 485-498,506-510
name=unknown_J
#
# <colnr> <probs for GDERKNQSTAVLIFYWHMCP>
#	G	D	E	R	K	N	Q	S	T	A	V	L	I	F	Y	W	H	M	C	P
0	0.06373	0.15381	0.01764	0.03847	0.15465	0.14296	0.01060	0.13910	0.03148	0.05276	0.01037	0.02879	0.00856	0.00585	0.00576	0.00152	0.07580	0.00426	0.00333	0.05056
1	0.08970	0.09833	0.16091	0.01538	0.13345	0.06946	0.08000	0.09115	0.08837	0.01856	0.01263	0.01539	0.02914	0.03060	0.02268	0.00186	0.00653	0.02537	0.00326	0.00722
2	0.00973	0.00678	0.00838	0.00779	0.00987	0.00608	0.00606	0.01174	0.02880	0.07718	0.04826	0.10970	0.11564	0.12884	0.04368	0.00251	0.00453	0.17393	0.00433	0.19619
3	0.08108	0.11560	0.01634	0.01154	0.01541	0.14366	0.00952	0.44808	0.06606	0.02598	0.01143	0.01178	0.00855	0.00592	0.00482	0.00151	0.00618	0.00423	0.00435	0.00797
4	0.00665	0.00529	0.00597	0.00596	0.00743	0.00461	0.00441	0.00831	0.01276	0.01635	0.27597	0.12421	0.47759	0.01291	0.00629	0.00178	0.00266	0.01105	0.00519	0.00461
5	0.01743	0.00819	0.01037	0.00842	0.01149	0.00758	0.00678	0.08449	0.03113	0.42436	0.18009	0.02403	0.06221	0.00776	0.00539	0.00161	0.00388	0.00645	0.09084	0.00749
6	0.01392	0.76914	0.07406	0.00941	0.01414	0.02039	0.00969	0.01589	0.01077	0.01270	0.00748	0.00864	0.00678	0.00455	0.00349	0.00116	0.00579	0.00289	0.00226	0.00685
7	0.00761	0.00562	0.00647	0.00631	0.00788	0.00502	0.00472	0.00965	0.03257	0.04700	0.28035	0.09940	0.40832	0.03292	0.00677	0.00186	0.00286	0.02455	0.00523	0.00487
8	0.12638	0.00954	0.01187	0.00925	0.01318	0.00892	0.00763	0.08500	0.01516	0.60766	0.03844	0.01695	0.01280	0.00643	0.00508	0.00163	0.00450	0.00508	0.00601	0.00848
9	0.01287	0.00649	0.00863	0.00766	0.00968	0.00583	0.00584	0.01484	0.01392	0.28010	0.36563	0.15547	0.03356	0.04641	0.00693	0.00189	0.00339	0.00890	0.00580	0.00616
10	0.00966	0.00592	0.00827	0.00795	0.00846	0.00648	0.00572	0.00990	0.06050	0.03622	0.02745	0.03896	0.01226	0.06099	0.13807	0.48636	0.06478	0.00541	0.00292	0.00372
11	0.06998	0.01400	0.01405	0.01110	0.01486	0.06823	0.00906	0.55859	0.02139	0.06316	0.01287	0.01316	0.00928	0.00619	0.00497	0.00154	0.00557	0.00459	0.08923	0.00819
12	0.01592	0.00881	0.01077	0.00908	0.01197	0.00870	0.00718	0.11263	0.13944	0.30765	0.17903	0.10538	0.04262	0.00872	0.00569	0.00172	0.00400	0.00740	0.00583	0.00746
13	0.00659	0.00508	0.00587	0.00624	0.00729	0.00453	0.00437	0.00781	0.01137	0.01452	0.13185	0.30721	0.36806	0.08457	0.00823	0.00219	0.00300	0.01197	0.00487	0.00436
14	0.01219	0.01159	0.01952	0.09876	0.64437	0.01175	0.01501	0.01519	0.01183	0.01663	0.01289	0.04662	0.04891	0.00568	0.00535	0.00162	0.00604	0.00545	0.00280	0.00779
15	0.01180	0.01299	0.04050	0.22459	0.05041	0.04314	0.44292	0.01571	0.01182	0.01576	0.01056	0.01438	0.00810	0.00634	0.04056	0.00203	0.00839	0.00556	0.02782	0.00664
16	0.00910	0.03133	0.02557	0.00811	0.00963	0.01711	0.02557	0.05078	0.03928	0.02989	0.13385	0.20591	0.11591	0.11667	0.02311	0.03712	0.00427	0.08719	0.02463	0.00501
17	0.08165	0.06627	0.01554	0.03051	0.04248	0.06712	0.08758	0.16939	0.04401	0.06767	0.01169	0.01459	0.00957	0.08844	0.00754	0.00184	0.03783	0.00464	0.00369	0.14796
18	0.04035	0.04602	0.06054	0.04681	0.03998	0.05978	0.05479	0.15109	0.05121	0.08015	0.06977	0.03077	0.06787	0.02548	0.00567	0.00161	0.00536	0.02616	0.00410	0.13248

[dist]
# distance from previous block
# <min> <max>
0	9

[block]
# block no. 10 follows, 46 sequences, length 18
# corresponding to MSA columns:
# 522-527,529-533,535-541
name=unknown_K
#
# <colnr> <probs for GDERKNQSTAVLIFYWHMCP>
#	G	D	E	R	K	N	Q	S	T	A	V	L	I	F	Y	W	H	M	C	P
0	0.06618	0.27702	0.12141	0.07161	0.16018	0.04010	0.03366	0.06269	0.04563	0.03103	0.03724	0.01234	0.00927	0.00522	0.00455	0.00147	0.00609	0.00412	0.00295	0.00726
1	0.00770	0.00587	0.00735	0.00794	0.03050	0.00554	0.00547	0.01000	0.05934	0.01539	0.08434	0.43267	0.13079	0.01438	0.04553	0.00218	0.00373	0.01128	0.04802	0.07200
2	0.01431	0.01361	0.01336	0.01200	0.07679	0.15484	0.00867	0.11197	0.15461	0.01937	0.01188	0.01271	0.00937	0.00517	0.00462	0.00124	0.00543	0.00404	0.00370	0.36228
3	0.05225	0.06940	0.01478	0.02715	0.04632	0.02711	0.08466	0.13815	0.01348	0.03509	0.05632	0.05357	0.01243	0.04250	0.03403	0.00175	0.00547	0.00508	0.00365	0.27682
4	0.03307	0.01522	0.05881	0.01320	0.10302	0.24253	0.00964	0.05583	0.09325	0.11228	0.09064	0.01888	0.08050	0.00683	0.00520	0.00154	0.00604	0.00541	0.00408	0.04402
5	0.00801	0.00586	0.00742	0.00802	0.00902	0.00565	0.00588	0.06849	0.01174	0.01562	0.02817	0.56233	0.06964	0.01480	0.00658	0.00208	0.00357	0.12563	0.00486	0.03662
6	0.03143	0.03614	0.04844	0.03312	0.24024	0.06343	0.09465	0.09418	0.09702	0.06979	0.03783	0.06345	0.01217	0.00647	0.00599	0.00168	0.04713	0.00564	0.00368	0.00753
7	0.01402	0.01435	0.09525	0.07348	0.33351	0.08119	0.04640	0.06930	0.07348	0.07138	0.06523	0.01537	0.01184	0.00569	0.00531	0.00161	0.00631	0.00506	0.00347	0.00774
8	0.00894	0.00470	0.00689	0.00703	0.00717	0.00471	0.00482	0.00738	0.00754	0.01024	0.01179	0.07117	0.01212	0.01833	0.04357	0.69541	0.00474	0.03801	0.03272	0.00271
9	0.00850	0.04217	0.01017	0.09409	0.01221	0.00746	0.04355	0.01019	0.00987	0.01340	0.07580	0.05267	0.05171	0.24730	0.19441	0.00432	0.01894	0.07085	0.02774	0.00465
10	0.06732	0.16368	0.12080	0.01759	0.18184	0.06605	0.15695	0.01714	0.04085	0.05404	0.01202	0.01374	0.04030	0.00536	0.00517	0.00157	0.02068	0.00469	0.00295	0.00727
11	0.01291	0.04089	0.01627	0.28891	0.20397	0.02213	0.02877	0.06584	0.02411	0.09416	0.02857	0.04224	0.02824	0.03234	0.00634	0.00179	0.02983	0.00542	0.02039	0.00689
12	0.01088	0.00629	0.00682	0.00645	0.00802	0.02833	0.00493	0.01358	0.03917	0.09042	0.12312	0.02433	0.04110	0.03013	0.06028	0.00201	0.00388	0.02441	0.47046	0.00540
13	0.03644	0.12481	0.34056	0.01439	0.06807	0.09500	0.04027	0.09678	0.04233	0.07724	0.01076	0.01182	0.00794	0.00530	0.00486	0.00156	0.00695	0.00410	0.00313	0.00770
14	0.01461	0.01400	0.09367	0.03841	0.33297	0.04965	0.06506	0.11489	0.05153	0.09756	0.01319	0.06723	0.01081	0.00609	0.00539	0.00165	0.00622	0.00550	0.00362	0.00794
15	0.00981	0.00776	0.03825	0.02912	0.01084	0.00736	0.00684	0.03584	0.12552	0.06700	0.17849	0.17696	0.12341	0.03508	0.03652	0.00220	0.02203	0.05501	0.02622	0.00575
16	0.00891	0.00598	0.00691	0.00681	0.00777	0.00593	0.00459	0.01130	0.09508	0.05793	0.08022	0.17474	0.10492	0.35183	0.01483	0.00323	0.00404	0.00909	0.04124	0.00465
17	0.13561	0.03486	0.01172	0.02779	0.07165	0.02877	0.06305	0.04611	0.04709	0.05032	0.08306	0.23255	0.04233	0.03071	0.02706	0.01660	0.00484	0.03588	0.00417	0.00583

[dist]
# distance from previous block
# <min> <max>
0	130

# created by:
# /st0/software/busco_prod/Augustus/scripts/msa2prfl.pl ./align_prep/132295.fa
