[name]
unknown

[dist]
# distance from previous block
# <min> <max>
8	84

[block]
# block no. 0 follows, 63 sequences, length 16
# corresponding to MSA columns:
# 93-108
name=unknown_A
#
# <colnr> <probs for GDERKNQSTAVLIFYWHMCP>
#	G	D	E	R	K	N	Q	S	T	A	V	L	I	F	Y	W	H	M	C	P
0	0.03840	0.00850	0.04565	0.10281	0.03316	0.06919	0.03862	0.09172	0.04928	0.03055	0.08887	0.10133	0.08933	0.05089	0.00552	0.00146	0.03503	0.00541	0.05010	0.06418
1	0.04170	0.06009	0.06765	0.15351	0.04231	0.05477	0.03322	0.02142	0.03626	0.06178	0.03790	0.09548	0.05165	0.10115	0.00621	0.00160	0.01735	0.01872	0.01558	0.08166
2	0.06913	0.02390	0.00951	0.06668	0.02974	0.07933	0.03968	0.11447	0.04293	0.07956	0.06135	0.12813	0.03870	0.03136	0.06055	0.00176	0.02521	0.00526	0.06204	0.03071
3	0.10792	0.00880	0.02637	0.02457	0.00999	0.09216	0.00599	0.13973	0.08418	0.05121	0.08305	0.13588	0.04053	0.01961	0.01705	0.00141	0.00390	0.02797	0.01831	0.10139
4	0.03754	0.00926	0.05316	0.02898	0.02937	0.11117	0.03475	0.11339	0.04940	0.06678	0.07619	0.17345	0.06831	0.00771	0.02689	0.00150	0.03253	0.00584	0.04510	0.02867
5	0.03366	0.02560	0.00966	0.04152	0.02570	0.09224	0.05102	0.07492	0.05907	0.13643	0.07412	0.08797	0.04330	0.10212	0.03604	0.03130	0.01570	0.00518	0.00335	0.05110
6	0.04889	0.05014	0.01066	0.02449	0.04531	0.10682	0.06862	0.09414	0.09370	0.04304	0.08665	0.07281	0.12727	0.00655	0.00463	0.00132	0.03228	0.02715	0.02084	0.03467
7	0.02912	0.01951	0.03212	0.03568	0.06242	0.12054	0.04785	0.08546	0.08126	0.04452	0.10487	0.07338	0.09687	0.00696	0.01792	0.01606	0.04917	0.01465	0.01601	0.04562
8	0.04589	0.00831	0.04631	0.00812	0.03723	0.02734	0.02200	0.19492	0.07166	0.09329	0.18143	0.06802	0.04713	0.06883	0.01919	0.01595	0.00381	0.00542	0.00378	0.03136
9	0.00898	0.00790	0.01260	0.56958	0.06764	0.00921	0.05129	0.08206	0.02494	0.02774	0.00984	0.01325	0.03399	0.02129	0.00460	0.00143	0.00521	0.01778	0.02566	0.00502
10	0.04058	0.06192	0.02678	0.03316	0.04331	0.11148	0.02038	0.14553	0.08025	0.07254	0.01142	0.07981	0.00998	0.06883	0.07346	0.00190	0.02185	0.00445	0.04821	0.04415
11	0.00730	0.00543	0.00596	0.00609	0.00696	0.00484	0.00411	0.00757	0.00944	0.01220	0.06001	0.18952	0.35119	0.26661	0.01077	0.00261	0.00348	0.03766	0.00407	0.00419
12	0.02411	0.00894	0.01239	0.01037	0.01123	0.02292	0.06790	0.08285	0.00832	0.02853	0.00781	0.03841	0.00720	0.02254	0.02962	0.00181	0.54407	0.00411	0.06203	0.00482
13	0.01005	0.00773	0.00886	0.00784	0.00991	0.00837	0.02710	0.10886	0.40208	0.06946	0.07374	0.13885	0.07734	0.02404	0.00488	0.00148	0.00330	0.00619	0.00418	0.00575
14	0.05348	0.01066	0.03793	0.00892	0.01179	0.03884	0.00737	0.36841	0.30516	0.04015	0.01267	0.01282	0.00947	0.00598	0.02602	0.00147	0.00433	0.01714	0.02085	0.00654
15	0.03581	0.00849	0.00983	0.00811	0.01057	0.02889	0.03240	0.28833	0.08439	0.18787	0.07340	0.13916	0.02824	0.01988	0.00467	0.00140	0.00378	0.00556	0.02328	0.00594

[dist]
# distance from previous block
# <min> <max>
14	24

[block]
# block no. 1 follows, 63 sequences, length 10
# corresponding to MSA columns:
# 134-143
name=unknown_B
#
# <colnr> <probs for GDERKNQSTAVLIFYWHMCP>
#	G	D	E	R	K	N	Q	S	T	A	V	L	I	F	Y	W	H	M	C	P
0	0.01047	0.04433	0.06832	0.07468	0.43287	0.02112	0.02099	0.01276	0.00955	0.10605	0.03614	0.02863	0.03243	0.03803	0.02575	0.00151	0.00486	0.00420	0.00259	0.02473
1	0.01109	0.41596	0.04949	0.01020	0.10419	0.05887	0.00819	0.11253	0.00996	0.01261	0.00775	0.03879	0.00698	0.00670	0.07103	0.00158	0.06299	0.00330	0.00227	0.00551
2	0.04634	0.11874	0.35891	0.01006	0.01414	0.12556	0.03897	0.05703	0.01003	0.04695	0.05583	0.01155	0.00848	0.00609	0.04999	0.00156	0.00588	0.02589	0.00241	0.00559
3	0.42846	0.00905	0.00795	0.00774	0.05427	0.10278	0.00570	0.04147	0.06688	0.04964	0.01145	0.07902	0.05587	0.00547	0.00353	0.00131	0.00379	0.02391	0.00302	0.03871
4	0.00812	0.00603	0.00717	0.00684	0.00836	0.00634	0.00532	0.04129	0.23415	0.05746	0.16075	0.12062	0.11958	0.01121	0.09972	0.00209	0.00387	0.09222	0.00402	0.00484
5	0.00967	0.06654	0.30244	0.10546	0.02797	0.00945	0.07353	0.03043	0.10845	0.07783	0.07029	0.02251	0.02230	0.00488	0.00439	0.00132	0.02522	0.00410	0.00273	0.03046
6	0.78190	0.00769	0.00611	0.00550	0.00792	0.00881	0.00449	0.01185	0.00770	0.01863	0.09928	0.00964	0.00856	0.00444	0.00287	0.00130	0.00311	0.00288	0.00283	0.00449
7	0.00820	0.02060	0.77642	0.01148	0.01738	0.00936	0.01472	0.01284	0.00892	0.01318	0.00984	0.01094	0.05891	0.00443	0.00406	0.00134	0.00595	0.00348	0.00191	0.00604
8	0.04604	0.10634	0.10696	0.07815	0.25998	0.07122	0.00982	0.02876	0.08469	0.03185	0.01040	0.05775	0.03257	0.01984	0.00467	0.00134	0.03731	0.00412	0.00250	0.00569
9	0.03135	0.03086	0.01064	0.05451	0.01203	0.00994	0.01825	0.30882	0.20423	0.12464	0.04229	0.02704	0.07027	0.01620	0.01850	0.00145	0.00404	0.00467	0.00403	0.00624

[dist]
# distance from previous block
# <min> <max>
0	4

[block]
# block no. 2 follows, 63 sequences, length 6
# corresponding to MSA columns:
# 148-153
name=unknown_C
#
# <colnr> <probs for GDERKNQSTAVLIFYWHMCP>
#	G	D	E	R	K	N	Q	S	T	A	V	L	I	F	Y	W	H	M	C	P
0	0.04810	0.00562	0.00633	0.00575	0.00735	0.00537	0.00436	0.08745	0.03575	0.03923	0.22684	0.10468	0.24257	0.06884	0.00582	0.00154	0.00276	0.02514	0.00390	0.07261
1	0.07247	0.24898	0.16990	0.00833	0.01164	0.10534	0.02481	0.01353	0.09223	0.05066	0.04302	0.01374	0.09665	0.02678	0.00416	0.00127	0.00462	0.00389	0.00267	0.00532
2	0.00676	0.00472	0.00556	0.00548	0.00682	0.00431	0.00420	0.00865	0.05183	0.07844	0.19301	0.13726	0.38287	0.00995	0.00500	0.00148	0.00248	0.08294	0.00417	0.00410
3	0.01090	0.45969	0.06531	0.00864	0.03851	0.06618	0.00770	0.05316	0.09157	0.01213	0.00848	0.05628	0.00760	0.00465	0.00382	0.00109	0.04357	0.00334	0.00236	0.05500
4	0.05320	0.01131	0.03588	0.04976	0.03501	0.16046	0.03063	0.24691	0.11487	0.06650	0.03628	0.06072	0.03714	0.02421	0.00459	0.00137	0.00474	0.01718	0.00347	0.00577
5	0.00915	0.00597	0.00751	0.04188	0.03301	0.00593	0.00544	0.10447	0.05124	0.13638	0.10919	0.25824	0.13817	0.02496	0.02440	0.00164	0.00330	0.03028	0.00403	0.00481

[dist]
# distance from previous block
# <min> <max>
1	19

[block]
# block no. 3 follows, 63 sequences, length 42
# corresponding to MSA columns:
# 173-214
name=unknown_D
#
# <colnr> <probs for GDERKNQSTAVLIFYWHMCP>
#	G	D	E	R	K	N	Q	S	T	A	V	L	I	F	Y	W	H	M	C	P
0	0.01056	0.10815	0.20760	0.02532	0.07870	0.03963	0.21498	0.08484	0.06414	0.04696	0.03729	0.01189	0.02214	0.02383	0.00460	0.00135	0.00549	0.00407	0.00258	0.00589
1	0.08375	0.24735	0.04275	0.12461	0.12385	0.10887	0.05178	0.06967	0.02596	0.02383	0.00807	0.00958	0.02104	0.00446	0.01434	0.00123	0.00515	0.00322	0.00230	0.02818
2	0.00651	0.02704	0.00674	0.04886	0.00837	0.00531	0.01485	0.00884	0.09746	0.01178	0.04405	0.30011	0.12610	0.11433	0.00711	0.00192	0.00323	0.15984	0.00361	0.00393
3	0.00657	0.00477	0.00617	0.00713	0.09506	0.00484	0.00395	0.00700	0.00656	0.00892	0.01246	0.02454	0.01386	0.67786	0.10010	0.00403	0.00489	0.00569	0.00247	0.00312
4	0.00948	0.00885	0.00907	0.00673	0.01030	0.09671	0.00533	0.01127	0.00907	0.01332	0.00736	0.00859	0.00614	0.00325	0.00319	0.00067	0.00360	0.00251	0.00245	0.78210
5	0.03207	0.47457	0.01683	0.00819	0.01123	0.16587	0.00721	0.03897	0.18390	0.01232	0.00852	0.00892	0.00703	0.00424	0.00328	0.00107	0.00479	0.00292	0.00249	0.00560
6	0.04948	0.01128	0.24636	0.00880	0.02838	0.00770	0.00859	0.12009	0.01120	0.20583	0.07331	0.09992	0.05869	0.00622	0.00430	0.00135	0.00416	0.02290	0.01468	0.01677
7	0.01158	0.21204	0.12169	0.12462	0.04419	0.21939	0.00916	0.07031	0.08775	0.01264	0.00822	0.00975	0.00664	0.02631	0.00415	0.00124	0.00552	0.00321	0.01610	0.00546
8	0.01061	0.00903	0.00937	0.00840	0.01065	0.03299	0.00651	0.11194	0.60721	0.01762	0.01709	0.09786	0.02918	0.00642	0.00438	0.00142	0.00349	0.00538	0.00417	0.00628
9	0.02640	0.09531	0.02106	0.09846	0.01228	0.00766	0.00635	0.05350	0.00933	0.04110	0.00841	0.01077	0.00705	0.00448	0.02255	0.00101	0.00389	0.03510	0.00258	0.53272
10	0.01264	0.05215	0.02844	0.01183	0.12113	0.38288	0.00834	0.02564	0.13751	0.03495	0.00909	0.01056	0.00747	0.02220	0.06548	0.00168	0.05660	0.00346	0.00257	0.00539
11	0.01010	0.00847	0.02415	0.16784	0.13956	0.00855	0.18103	0.04746	0.07548	0.10308	0.03560	0.07743	0.01866	0.00603	0.01298	0.02049	0.00493	0.04968	0.00298	0.00551
12	0.00605	0.00499	0.02287	0.00825	0.09664	0.00458	0.00534	0.00752	0.03126	0.01176	0.06304	0.59127	0.06199	0.01130	0.00516	0.00162	0.00286	0.05584	0.00371	0.00398
13	0.00662	0.00484	0.00621	0.00713	0.09505	0.00493	0.00394	0.00700	0.00658	0.00892	0.01282	0.02495	0.02498	0.69341	0.05751	0.00381	0.01992	0.00577	0.00249	0.00311
14	0.08306	0.19880	0.01395	0.11396	0.04427	0.43812	0.00825	0.03287	0.01045	0.01145	0.00656	0.00795	0.00545	0.00412	0.00353	0.00111	0.00615	0.00276	0.00213	0.00505
15	0.69477	0.00925	0.00801	0.00827	0.09845	0.06240	0.00584	0.04609	0.00825	0.01807	0.00630	0.00741	0.00495	0.00396	0.00292	0.00128	0.00378	0.00253	0.00258	0.00491
16	0.00620	0.00495	0.00580	0.00582	0.02332	0.00472	0.00425	0.00899	0.11092	0.01434	0.34652	0.09220	0.32241	0.00928	0.00491	0.00141	0.00233	0.02327	0.00420	0.00416
17	0.00897	0.00685	0.00849	0.01977	0.03818	0.00550	0.00530	0.01078	0.00933	0.07879	0.09929	0.07453	0.01218	0.00483	0.00368	0.00089	0.00310	0.01936	0.00305	0.58714
18	0.00606	0.00423	0.00536	0.00532	0.00566	0.00442	0.00353	0.00674	0.00694	0.00960	0.10164	0.02459	0.01651	0.50981	0.26742	0.00459	0.00603	0.00579	0.00269	0.00307
19	0.01150	0.02596	0.13437	0.05677	0.40715	0.11558	0.02388	0.10920	0.02091	0.03339	0.01711	0.01016	0.00681	0.00414	0.00410	0.00125	0.00543	0.00359	0.00241	0.00628
20	0.01120	0.21788	0.27159	0.02627	0.07060	0.07918	0.11828	0.01405	0.00949	0.10168	0.00812	0.00934	0.00615	0.00410	0.00418	0.00123	0.03519	0.00331	0.00226	0.00588
21	0.00634	0.00558	0.00565	0.00618	0.00683	0.09482	0.00430	0.00726	0.00898	0.01131	0.09672	0.59919	0.10805	0.01152	0.00511	0.00157	0.00293	0.01022	0.00378	0.00364
22	0.10519	0.02489	0.00913	0.00666	0.00991	0.00693	0.00541	0.01127	0.00850	0.05393	0.00753	0.00879	0.00617	0.00369	0.00406	0.00084	0.07836	0.00265	0.00256	0.64351
23	0.00562	0.00504	0.00666	0.00585	0.00753	0.00437	0.09195	0.00706	0.00987	0.01219	0.12492	0.03626	0.64807	0.00964	0.00497	0.00141	0.00266	0.00830	0.00379	0.00383
24	0.00857	0.00457	0.00529	0.00493	0.00625	0.00424	0.00373	0.01016	0.00974	0.14091	0.14799	0.03989	0.15167	0.07002	0.00529	0.00143	0.00246	0.02482	0.35380	0.00425
25	0.01440	0.03176	0.01226	0.01070	0.01252	0.61573	0.00828	0.03885	0.01100	0.02780	0.00661	0.00810	0.00559	0.00496	0.00579	0.00124	0.17430	0.00296	0.00222	0.00494
26	0.00515	0.00427	0.00451	0.00445	0.00579	0.00363	0.00334	0.00639	0.01001	0.01238	0.18742	0.03878	0.67887	0.01027	0.00497	0.00140	0.00210	0.00864	0.00404	0.00363
27	0.00928	0.00912	0.01548	0.41779	0.31745	0.02767	0.09967	0.01222	0.02733	0.01227	0.00794	0.01095	0.00623	0.00400	0.00426	0.00134	0.00554	0.00387	0.00203	0.00555
28	0.01104	0.00619	0.00773	0.00651	0.00847	0.00595	0.00514	0.12149	0.02972	0.24184	0.44246	0.02285	0.02550	0.00697	0.00456	0.00130	0.00281	0.00595	0.03819	0.00533
29	0.01340	0.01042	0.01108	0.00907	0.01195	0.01172	0.00730	0.45030	0.36897	0.02238	0.01324	0.01265	0.00971	0.00533	0.00421	0.00133	0.00400	0.00421	0.02187	0.00687
30	0.00906	0.00800	0.01103	0.09065	0.15713	0.00829	0.00778	0.05307	0.00875	0.01279	0.00850	0.01290	0.00781	0.09776	0.00755	0.00150	0.16004	0.03268	0.00239	0.30230
31	0.01570	0.02004	0.01191	0.01083	0.01300	0.83539	0.00812	0.01679	0.01191	0.01029	0.00650	0.00758	0.00541	0.00433	0.00379	0.00108	0.00758	0.00271	0.00217	0.00487
32	0.01570	0.02004	0.01191	0.01083	0.01300	0.83539	0.00812	0.01679	0.01191	0.01029	0.00650	0.00758	0.00541	0.00433	0.00379	0.00108	0.00758	0.00271	0.00217	0.00487
33	0.00996	0.00851	0.00908	0.00820	0.01042	0.00974	0.00636	0.02076	0.72989	0.01751	0.10568	0.01741	0.01578	0.00602	0.00435	0.00141	0.00318	0.00507	0.00432	0.00636
34	0.00523	0.00449	0.00481	0.00497	0.02432	0.00391	0.00359	0.00636	0.00960	0.01163	0.07790	0.05153	0.73811	0.01036	0.00515	0.00142	0.02048	0.00863	0.00385	0.00366
35	0.00577	0.00430	0.00520	0.00549	0.00636	0.00400	0.00414	0.00696	0.00919	0.01189	0.15456	0.13353	0.27587	0.15621	0.00805	0.00202	0.00289	0.19627	0.00378	0.00350
36	0.01308	0.01113	0.01120	0.00934	0.01202	0.09993	0.02404	0.32692	0.34972	0.02958	0.02395	0.02027	0.00999	0.00538	0.00441	0.00133	0.02211	0.00423	0.01489	0.00650
37	0.00584	0.00418	0.00523	0.00561	0.00630	0.00394	0.00401	0.00724	0.03017	0.02087	0.20077	0.38977	0.12570	0.08248	0.00653	0.00178	0.00257	0.06939	0.02398	0.00365
38	0.01141	0.00920	0.00967	0.00848	0.01094	0.02193	0.00665	0.10639	0.65312	0.05555	0.01605	0.01491	0.01193	0.00556	0.00421	0.00138	0.00348	0.00456	0.03798	0.00660
39	0.01182	0.64017	0.03926	0.00824	0.02847	0.11977	0.00758	0.05614	0.00970	0.01121	0.03030	0.00788	0.00653	0.00393	0.00305	0.00097	0.00487	0.00260	0.00206	0.00543
40	0.02476	0.01682	0.01069	0.01051	0.13117	0.02751	0.00727	0.14459	0.01063	0.16234	0.02772	0.01336	0.00917	0.06918	0.12873	0.00229	0.10951	0.00406	0.02878	0.06089
41	0.02241	0.10007	0.03493	0.06696	0.36456	0.16521	0.05855	0.03283	0.01907	0.05502	0.02118	0.01009	0.00694	0.00414	0.00416	0.00122	0.02087	0.00353	0.00233	0.00593

[dist]
# distance from previous block
# <min> <max>
2	9

[block]
# block no. 4 follows, 63 sequences, length 35
# corresponding to MSA columns:
# 225-259
name=unknown_E
#
# <colnr> <probs for GDERKNQSTAVLIFYWHMCP>
#	G	D	E	R	K	N	Q	S	T	A	V	L	I	F	Y	W	H	M	C	P
0	0.00848	0.00812	0.01284	0.09244	0.29937	0.02715	0.09255	0.02022	0.00924	0.01238	0.01625	0.11928	0.15623	0.00672	0.00538	0.00143	0.07402	0.03009	0.00268	0.00513
1	0.02888	0.00557	0.00660	0.00665	0.02476	0.00550	0.00492	0.11324	0.02568	0.04981	0.06485	0.25908	0.20868	0.06476	0.00604	0.00170	0.00306	0.11203	0.00388	0.00429
2	0.00589	0.00452	0.00541	0.00557	0.00635	0.00446	0.00398	0.00722	0.05779	0.01094	0.04487	0.27855	0.30305	0.07897	0.05135	0.07815	0.03749	0.00841	0.00348	0.00353
3	0.00966	0.00895	0.01299	0.42453	0.07876	0.02781	0.01052	0.11322	0.00945	0.01278	0.00726	0.01036	0.00585	0.00517	0.00691	0.00149	0.24328	0.00371	0.00218	0.00511
4	0.01511	0.01134	0.01212	0.00950	0.01270	0.01263	0.00778	0.68721	0.14600	0.02509	0.01120	0.01098	0.00805	0.00515	0.00422	0.00129	0.00442	0.00394	0.00422	0.00707
5	0.01099	0.00497	0.00569	0.00501	0.00666	0.00474	0.00393	0.03180	0.00994	0.23395	0.01440	0.01517	0.01059	0.00498	0.00331	0.00107	0.00246	0.00400	0.62148	0.00486
6	0.88196	0.00813	0.00618	0.00553	0.00813	0.00943	0.00455	0.01236	0.00715	0.01886	0.00585	0.00683	0.00455	0.00390	0.00260	0.00130	0.00325	0.00228	0.00260	0.00455
7	0.00757	0.00553	0.00712	0.01763	0.09284	0.00535	0.00557	0.01004	0.07365	0.06390	0.11289	0.04821	0.27572	0.00915	0.02389	0.00158	0.00317	0.15713	0.07458	0.00449
8	0.00870	0.05861	0.66859	0.01116	0.01650	0.04327	0.01379	0.01294	0.00905	0.01302	0.00884	0.01223	0.00710	0.00467	0.00406	0.00135	0.00589	0.07211	0.02227	0.00586
9	0.88196	0.00813	0.00618	0.00553	0.00813	0.00943	0.00455	0.01236	0.00715	0.01886	0.00585	0.00683	0.00455	0.00390	0.00260	0.00130	0.00325	0.00228	0.00260	0.00455
10	0.00611	0.00409	0.00466	0.00466	0.00468	0.00411	0.00264	0.00616	0.00613	0.00820	0.01318	0.02714	0.01512	0.82491	0.04853	0.00416	0.00431	0.00606	0.00254	0.00259
11	0.01014	0.00968	0.01630	0.11420	0.70920	0.00993	0.01254	0.01301	0.03913	0.01355	0.00820	0.01069	0.00677	0.00387	0.00417	0.00127	0.00500	0.00378	0.00214	0.00644
12	0.12216	0.01742	0.01110	0.01004	0.01218	0.64747	0.00764	0.01630	0.06094	0.01179	0.00703	0.00806	0.00577	0.00449	0.00410	0.00116	0.04225	0.00282	0.00234	0.00493
13	0.01364	0.00855	0.00972	0.00816	0.01087	0.00915	0.00651	0.11405	0.43765	0.27395	0.01598	0.01459	0.01132	0.00544	0.00420	0.00135	0.00350	0.00444	0.04017	0.00676
14	0.00881	0.00836	0.01418	0.55468	0.30965	0.00957	0.01211	0.01150	0.00882	0.01179	0.00763	0.01092	0.00598	0.00404	0.00419	0.00135	0.00539	0.00374	0.00194	0.00537
15	0.01024	0.00982	0.01676	0.08077	0.77237	0.00994	0.01282	0.01276	0.00949	0.01353	0.00788	0.01046	0.00659	0.00378	0.00416	0.00126	0.00504	0.00374	0.00207	0.00652
16	0.74022	0.00909	0.00695	0.00614	0.00875	0.08095	0.00499	0.01337	0.00794	0.08050	0.00674	0.00747	0.00508	0.00404	0.00283	0.00128	0.00365	0.00246	0.00276	0.00478
17	0.01059	0.00910	0.00958	0.00858	0.01098	0.01052	0.00669	0.04153	0.79904	0.01780	0.01694	0.01555	0.01269	0.00569	0.00428	0.00142	0.00336	0.00473	0.00428	0.00667
18	0.01510	0.01894	0.01164	0.01043	0.01273	0.76329	0.00785	0.01625	0.01164	0.01058	0.00658	0.00768	0.00549	0.00423	0.00373	0.00104	0.00719	0.00269	0.00219	0.08073
19	0.00533	0.00428	0.00486	0.00479	0.00601	0.00381	0.00360	0.00667	0.00994	0.01270	0.25185	0.05147	0.52502	0.01195	0.07715	0.00186	0.00289	0.00821	0.00396	0.00368
20	0.01886	0.00715	0.00976	0.00748	0.01073	0.00618	0.00618	0.02049	0.01203	0.82895	0.01658	0.01431	0.01041	0.00520	0.00423	0.00130	0.00358	0.00423	0.00520	0.00715
21	0.09106	0.00724	0.00946	0.00732	0.01051	0.00645	0.00604	0.01981	0.01162	0.76119	0.01569	0.01368	0.00992	0.00509	0.00409	0.00130	0.00355	0.00406	0.00499	0.00694
22	0.00992	0.01134	0.02481	0.01772	0.02197	0.01063	0.81077	0.01347	0.00992	0.01347	0.00850	0.01134	0.00638	0.00354	0.00496	0.00142	0.00709	0.00496	0.00213	0.00567
23	0.01433	0.00820	0.01250	0.00963	0.01273	0.00781	0.17109	0.03453	0.15705	0.42851	0.08503	0.01535	0.01249	0.00524	0.00445	0.00135	0.00413	0.00476	0.00433	0.00648
24	0.01265	0.00854	0.00957	0.00827	0.01088	0.00934	0.00653	0.02186	0.60827	0.22905	0.01697	0.01533	0.01220	0.00557	0.00426	0.00139	0.00339	0.00462	0.00452	0.00678
25	0.07309	0.00722	0.00953	0.00736	0.01057	0.00638	0.00608	0.01998	0.01173	0.77805	0.01591	0.01384	0.01004	0.00512	0.00413	0.00130	0.00356	0.00410	0.00504	0.00699
26	0.00598	0.00534	0.00667	0.00606	0.00757	0.02460	0.07382	0.00750	0.02351	0.01178	0.08616	0.07148	0.53102	0.04033	0.05866	0.00186	0.00341	0.02682	0.00361	0.00383
27	0.02194	0.08351	0.01146	0.00893	0.02842	0.04969	0.00706	0.25977	0.37484	0.02816	0.04693	0.01401	0.03582	0.00546	0.00412	0.00130	0.00397	0.00433	0.00389	0.00639
28	0.00670	0.00434	0.00524	0.00523	0.00609	0.00397	0.00364	0.00764	0.00897	0.08243	0.16542	0.22554	0.21311	0.22147	0.00913	0.00213	0.00281	0.01871	0.00380	0.00366
29	0.34363	0.00893	0.00908	0.00740	0.01032	0.00968	0.00606	0.23284	0.09510	0.20964	0.01077	0.01049	0.00756	0.00472	0.00359	0.00130	0.00369	0.00342	0.01572	0.00607
30	0.03180	0.00956	0.04029	0.02240	0.10182	0.04944	0.03240	0.10572	0.24060	0.18898	0.01408	0.04554	0.01115	0.00580	0.00453	0.00139	0.02002	0.06444	0.00380	0.00624
31	0.01009	0.02736	0.01555	0.25439	0.39743	0.04659	0.08091	0.02286	0.02999	0.03583	0.00868	0.02350	0.00710	0.00425	0.00424	0.00132	0.00531	0.01651	0.00225	0.00583
32	0.01428	0.00635	0.00818	0.00670	0.00927	0.00567	0.00544	0.01641	0.05455	0.52840	0.07317	0.02129	0.15365	0.00661	0.00441	0.00134	0.00316	0.03467	0.04042	0.00604
33	0.00632	0.00455	0.00615	0.03777	0.02824	0.00422	0.02229	0.00753	0.00922	0.05791	0.13225	0.43942	0.20672	0.01075	0.00507	0.00154	0.00266	0.00957	0.00391	0.00391
34	0.05478	0.15998	0.40939	0.04632	0.07318	0.08324	0.04187	0.04715	0.00958	0.01330	0.02042	0.00901	0.00608	0.00404	0.00377	0.00123	0.00567	0.00313	0.00204	0.00582

[dist]
# distance from previous block
# <min> <max>
0	1

[block]
# block no. 5 follows, 63 sequences, length 41
# corresponding to MSA columns:
# 261-301
name=unknown_F
#
# <colnr> <probs for GDERKNQSTAVLIFYWHMCP>
#	G	D	E	R	K	N	Q	S	T	A	V	L	I	F	Y	W	H	M	C	P
0	0.00995	0.01892	0.04563	0.16238	0.16697	0.03968	0.04642	0.04490	0.03963	0.11382	0.01302	0.12260	0.04287	0.02547	0.07827	0.00191	0.01410	0.00520	0.00292	0.00532
1	0.85477	0.00824	0.00638	0.00566	0.00828	0.00954	0.00466	0.03747	0.00755	0.01910	0.00599	0.00693	0.00463	0.00394	0.00265	0.00130	0.00330	0.00232	0.00265	0.00463
2	0.00567	0.00414	0.00510	0.00516	0.00592	0.00392	0.00366	0.00659	0.00871	0.01152	0.20215	0.14827	0.25439	0.14185	0.11321	0.06142	0.00369	0.00771	0.00351	0.00338
3	0.02914	0.02359	0.03138	0.19817	0.40691	0.05798	0.02337	0.05599	0.01846	0.01341	0.00818	0.03376	0.00688	0.00438	0.00454	0.00129	0.04325	0.00383	0.00223	0.03323
4	0.01011	0.01908	0.00983	0.11181	0.01287	0.02632	0.00721	0.09219	0.49892	0.01655	0.02650	0.04373	0.03941	0.00624	0.00440	0.00144	0.00378	0.05979	0.00385	0.00597
5	0.00664	0.00447	0.00563	0.00526	0.00647	0.00402	0.00397	0.00838	0.01135	0.07204	0.59500	0.05789	0.18524	0.00889	0.00492	0.00135	0.00214	0.00775	0.00451	0.00409
6	0.00824	0.00778	0.01316	0.74086	0.12786	0.00942	0.01183	0.01101	0.00855	0.01111	0.00753	0.01111	0.00573	0.00415	0.00420	0.00138	0.00553	0.00374	0.00189	0.00492
7	0.00604	0.00429	0.00552	0.00531	0.00630	0.00392	0.00394	0.00783	0.01134	0.03168	0.66851	0.11355	0.09768	0.00914	0.00499	0.00137	0.00207	0.00807	0.00451	0.00394
8	0.00833	0.00762	0.01146	0.48505	0.12685	0.02744	0.00968	0.01147	0.08362	0.01168	0.04662	0.01461	0.00931	0.12150	0.00660	0.00174	0.00498	0.00431	0.00235	0.00479
9	0.00568	0.00427	0.00526	0.00506	0.00613	0.00385	0.00378	0.00740	0.01121	0.01532	0.60821	0.05957	0.23033	0.00924	0.00497	0.00136	0.00203	0.00805	0.00443	0.00385
10	0.00986	0.00961	0.01754	0.33305	0.13171	0.01026	0.29691	0.08245	0.01010	0.02401	0.00820	0.01104	0.00622	0.00407	0.00471	0.00138	0.02693	0.00418	0.00224	0.00554
11	0.88196	0.00813	0.00618	0.00553	0.00813	0.00943	0.00455	0.01236	0.00715	0.01886	0.00585	0.00683	0.00455	0.00390	0.00260	0.00130	0.00325	0.00228	0.00260	0.00455
12	0.00564	0.00439	0.00530	0.00556	0.00657	0.00387	0.00392	0.00683	0.02539	0.01140	0.02592	0.52668	0.22283	0.01114	0.00496	0.00150	0.00246	0.00986	0.00374	0.11204
13	0.88196	0.00813	0.00618	0.00553	0.00813	0.00943	0.00455	0.01236	0.00715	0.01886	0.00585	0.00683	0.00455	0.00390	0.00260	0.00130	0.00325	0.00228	0.00260	0.00455
14	0.00999	0.00792	0.01083	0.00779	0.01154	0.00629	0.10511	0.01204	0.00923	0.10396	0.00861	0.00966	0.00671	0.00340	0.00347	0.00080	0.00366	0.00299	0.00275	0.67327
15	0.88196	0.00813	0.00618	0.00553	0.00813	0.00943	0.00455	0.01236	0.00715	0.01886	0.00585	0.00683	0.00455	0.00390	0.00260	0.00130	0.00325	0.00228	0.00260	0.00455
16	0.00794	0.00747	0.01261	0.84216	0.02895	0.00934	0.01167	0.01074	0.00841	0.01074	0.00747	0.01121	0.00560	0.00420	0.00420	0.00140	0.00560	0.00374	0.00187	0.00467
17	0.00782	0.00710	0.10903	0.00795	0.00967	0.00554	0.00731	0.03595	0.00977	0.07056	0.01980	0.19186	0.02100	0.01029	0.00533	0.00175	0.00389	0.46722	0.00372	0.00441
18	0.10466	0.01038	0.01133	0.00877	0.01203	0.01115	0.00724	0.55556	0.01677	0.20330	0.01110	0.01069	0.00761	0.00496	0.00405	0.00127	0.00425	0.00373	0.00426	0.00689
19	0.01791	0.00809	0.01023	0.00787	0.01108	0.00764	0.00649	0.19656	0.01366	0.62731	0.01506	0.01341	0.00969	0.00516	0.00419	0.00128	0.00377	0.00412	0.02942	0.00706
20	0.00509	0.00413	0.00452	0.00471	0.00583	0.00356	0.00342	0.00616	0.00945	0.01171	0.10889	0.22069	0.57513	0.01103	0.00506	0.00148	0.00219	0.00945	0.00397	0.00356
21	0.01010	0.00968	0.01651	0.12711	0.72713	0.00991	0.01275	0.01263	0.00943	0.01336	0.00785	0.01050	0.00653	0.00380	0.00417	0.00127	0.00507	0.00374	0.00205	0.00641
22	0.77381	0.00824	0.00659	0.00590	0.00848	0.00956	0.00481	0.01360	0.10783	0.01870	0.00725	0.00793	0.00558	0.00413	0.00281	0.00132	0.00326	0.00258	0.00281	0.00481
23	0.00517	0.00378	0.00476	0.00551	0.00592	0.00349	0.00369	0.00590	0.00814	0.01063	0.02539	0.66172	0.14946	0.07735	0.00654	0.00185	0.00252	0.01103	0.00380	0.00337
24	0.00988	0.01171	0.07803	0.01596	0.01973	0.01089	0.60782	0.02983	0.04191	0.01347	0.00844	0.01105	0.00647	0.00417	0.00595	0.00146	0.11075	0.00464	0.00220	0.00564
25	0.00745	0.00645	0.00690	0.00757	0.00855	0.10754	0.00617	0.00899	0.00961	0.01185	0.02141	0.21160	0.05855	0.01099	0.00543	0.00176	0.00395	0.49767	0.00367	0.00388
26	0.51150	0.00847	0.00804	0.00674	0.00955	0.00931	0.00552	0.11359	0.09018	0.18605	0.00970	0.00965	0.00690	0.00449	0.00330	0.00131	0.00350	0.00311	0.00350	0.00562
27	0.85816	0.00846	0.00634	0.00567	0.00826	0.03212	0.00465	0.01248	0.00728	0.01863	0.00587	0.00685	0.00458	0.00391	0.00263	0.00129	0.00337	0.00229	0.00259	0.00456
28	0.00545	0.00407	0.00513	0.00582	0.00648	0.00379	0.00422	0.00667	0.02251	0.01150	0.06111	0.51862	0.19176	0.01210	0.00531	0.00166	0.00258	0.12372	0.00394	0.00359
29	0.01207	0.13332	0.21645	0.01277	0.09907	0.33431	0.08706	0.01477	0.03044	0.01182	0.00727	0.00864	0.00580	0.00405	0.00385	0.00118	0.00640	0.00312	0.00206	0.00558
30	0.00524	0.00427	0.00463	0.00454	0.00584	0.00366	0.00341	0.00656	0.01022	0.01287	0.25809	0.03796	0.60788	0.01008	0.00497	0.00139	0.00209	0.00852	0.00410	0.00366
31	0.00731	0.00530	0.00623	0.00561	0.00708	0.00504	0.00432	0.10756	0.01224	0.04076	0.48167	0.03076	0.25279	0.00862	0.00485	0.00134	0.00240	0.00738	0.00439	0.00434
32	0.01488	0.01286	0.11394	0.00985	0.01352	0.01245	0.00883	0.69712	0.01820	0.02464	0.00985	0.01005	0.00699	0.00491	0.00415	0.00126	0.00477	0.00370	0.02105	0.00697
33	0.00514	0.00422	0.00453	0.00456	0.00581	0.00361	0.00338	0.00633	0.00983	0.01220	0.16773	0.10609	0.63096	0.01052	0.00500	0.00143	0.00213	0.00892	0.00402	0.00361
34	0.01019	0.00859	0.00919	0.00821	0.01046	0.00979	0.00639	0.06206	0.67638	0.01796	0.11685	0.01734	0.01586	0.00603	0.00436	0.00140	0.00323	0.00506	0.00432	0.00635
35	0.01124	0.85479	0.02203	0.00719	0.01079	0.01663	0.00719	0.01259	0.00854	0.00989	0.00584	0.00674	0.00539	0.00360	0.00270	0.00090	0.00450	0.00225	0.00180	0.00539
36	0.02484	0.16481	0.02590	0.00882	0.01146	0.25963	0.03339	0.13655	0.06721	0.06814	0.11104	0.01318	0.03689	0.01526	0.00414	0.00121	0.00501	0.00395	0.00312	0.00545
37	0.01046	0.00903	0.00951	0.00855	0.01093	0.01046	0.00665	0.02234	0.81845	0.01759	0.01711	0.01568	0.01283	0.00570	0.00428	0.00143	0.00333	0.00475	0.00428	0.00665
38	0.00845	0.00771	0.01120	0.36729	0.06462	0.00813	0.00871	0.01064	0.00839	0.01201	0.00762	0.02686	0.00635	0.00424	0.00474	0.00114	0.08743	0.00341	0.00216	0.34889
39	0.00604	0.03213	0.00600	0.00537	0.00636	0.00430	0.00403	0.00783	0.01119	0.01573	0.66314	0.13194	0.05242	0.00896	0.00489	0.00135	0.00212	0.00791	0.02434	0.00394
40	0.01486	0.01104	0.01194	0.00916	0.01252	0.01189	0.00753	0.66278	0.05675	0.03640	0.01020	0.01025	0.00736	0.00484	0.00407	0.00119	0.00436	0.00368	0.00401	0.11519

[dist]
# distance from previous block
# <min> <max>
0	1

[block]
# block no. 6 follows, 63 sequences, length 11
# corresponding to MSA columns:
# 303-313
name=unknown_G
#
# <colnr> <probs for GDERKNQSTAVLIFYWHMCP>
#	G	D	E	R	K	N	Q	S	T	A	V	L	I	F	Y	W	H	M	C	P
0	0.01403	0.04959	0.01140	0.00981	0.01188	0.57572	0.00751	0.01650	0.11338	0.03283	0.00847	0.00939	0.00684	0.00487	0.00447	0.01853	0.04355	0.00312	0.05305	0.00505
1	0.07234	0.00750	0.00861	0.00626	0.00988	0.00592	0.00503	0.01141	0.00884	0.07161	0.00800	0.00898	0.00640	0.00332	0.00316	0.00072	0.00316	0.00260	0.00269	0.75359
2	0.07001	0.00706	0.00839	0.02953	0.00999	0.00581	0.02409	0.01036	0.00858	0.01389	0.00903	0.07339	0.00807	0.00411	0.00331	0.00082	0.00315	0.00339	0.06548	0.64154
3	0.00794	0.00747	0.01261	0.84216	0.02895	0.00934	0.01167	0.01074	0.00841	0.01074	0.00747	0.01121	0.00560	0.00420	0.00420	0.00140	0.00560	0.00374	0.00187	0.00467
4	0.01027	0.00762	0.00901	0.00653	0.01019	0.00599	0.00526	0.04615	0.00960	0.11401	0.00870	0.00946	0.00678	0.00345	0.00330	0.00073	0.00323	0.00276	0.00290	0.73408
5	0.00830	0.00773	0.01250	0.63788	0.10720	0.00886	0.01083	0.01094	0.00857	0.01147	0.00752	0.01076	0.00580	0.00400	0.00404	0.00127	0.00518	0.00356	0.00198	0.13161
6	0.01022	0.00980	0.01674	0.08547	0.76778	0.00994	0.01281	0.01274	0.00949	0.01351	0.00788	0.01046	0.00658	0.00378	0.00416	0.00126	0.00504	0.00374	0.00207	0.00651
7	0.01083	0.00932	0.01775	0.11667	0.01864	0.00875	0.43231	0.01367	0.01002	0.15004	0.04688	0.01239	0.00846	0.00408	0.00450	0.00129	0.00555	0.00448	0.00277	0.12162
8	0.00821	0.00775	0.01310	0.75241	0.11659	0.00941	0.01181	0.01098	0.00853	0.01107	0.00752	0.01112	0.00572	0.00415	0.00420	0.00138	0.00554	0.00374	0.00189	0.00489
9	0.00971	0.00865	0.01348	0.54896	0.18238	0.01006	0.01132	0.13962	0.01045	0.01385	0.00798	0.01087	0.00606	0.00425	0.00420	0.00135	0.00533	0.00375	0.00228	0.00546
10	0.00526	0.00393	0.00489	0.00537	0.00604	0.00356	0.00375	0.00633	0.00920	0.01215	0.19472	0.49361	0.21257	0.01164	0.00519	0.00156	0.00227	0.01034	0.00405	0.00356

[dist]
# distance from previous block
# <min> <max>
0	0

# created by:
# /st0/software/busco_prod/Augustus/scripts/msa2prfl.pl ./align_prep/132354.fa
