[name]
unknown

[dist]
# distance from previous block
# <min> <max>
0	113

[block]
# block no. 0 follows, 64 sequences, length 84
# corresponding to MSA columns:
# 123-206
name=unknown_A
#
# <colnr> <probs for GDERKNQSTAVLIFYWHMCP>
#	G	D	E	R	K	N	Q	S	T	A	V	L	I	F	Y	W	H	M	C	P
0	0.02813	0.00747	0.00898	0.07763	0.01146	0.00621	0.00561	0.03178	0.02589	0.04090	0.02332	0.00956	0.00698	0.00346	0.00328	0.00076	0.00333	0.00279	0.00262	0.69984
1	0.00603	0.00407	0.00476	0.00476	0.00484	0.00415	0.00280	0.00619	0.00611	0.00822	0.01288	0.02602	0.01460	0.76598	0.10850	0.00431	0.00479	0.00587	0.00249	0.00264
2	0.01100	0.01268	0.14143	0.03070	0.20802	0.08042	0.26462	0.05096	0.08102	0.06415	0.00924	0.01080	0.00695	0.00405	0.00432	0.00131	0.00575	0.00402	0.00250	0.00607
3	0.00791	0.00745	0.01257	0.82349	0.04868	0.00924	0.01157	0.01067	0.00833	0.01069	0.00739	0.01105	0.00556	0.00414	0.00415	0.00138	0.00552	0.00369	0.00185	0.00466
4	0.00603	0.00407	0.00474	0.00474	0.00481	0.00414	0.00277	0.00617	0.00610	0.00821	0.01290	0.02614	0.01465	0.77515	0.09940	0.00428	0.00471	0.00589	0.00249	0.00263
5	0.00588	0.00425	0.00555	0.00523	0.00621	0.00392	0.00392	0.00784	0.01176	0.01666	0.82592	0.03103	0.03919	0.00849	0.00490	0.00131	0.00196	0.00751	0.00457	0.00392
6	0.00879	0.01829	0.58139	0.01360	0.01914	0.00991	0.26325	0.01320	0.00909	0.01320	0.00775	0.00953	0.00559	0.00381	0.00424	0.00134	0.00641	0.00364	0.00186	0.00597
7	0.01068	0.00882	0.00950	0.00812	0.01066	0.00971	0.00640	0.15179	0.53381	0.01838	0.08363	0.01518	0.01332	0.00550	0.00415	0.00129	0.00337	0.00454	0.00406	0.09707
8	0.88336	0.00803	0.00611	0.00546	0.00803	0.00932	0.00450	0.01221	0.00707	0.01864	0.00578	0.00675	0.00450	0.00386	0.00257	0.00129	0.00321	0.00225	0.00257	0.00450
9	0.00784	0.00738	0.01246	0.84404	0.02861	0.00923	0.01154	0.01061	0.00831	0.01061	0.00738	0.01107	0.00554	0.00415	0.00415	0.00138	0.00554	0.00369	0.00185	0.00461
10	0.00570	0.00424	0.00530	0.00504	0.00610	0.00384	0.00378	0.00749	0.01134	0.01566	0.68169	0.03267	0.18404	0.00886	0.00490	0.00132	0.00199	0.00774	0.00444	0.00384
11	0.01659	0.00662	0.00886	0.00694	0.00984	0.00573	0.00568	0.01818	0.01162	0.70340	0.06245	0.01728	0.08134	0.00578	0.00426	0.00129	0.00330	0.00474	0.01956	0.00654
12	0.00659	0.00527	0.00811	0.04534	0.15192	0.00560	0.00633	0.00800	0.00771	0.01076	0.03263	0.24157	0.01506	0.03587	0.36147	0.02386	0.00679	0.02034	0.00270	0.00410
13	0.00677	0.00435	0.00526	0.00502	0.00621	0.00393	0.00376	0.00836	0.01049	0.07713	0.39755	0.09996	0.23300	0.00869	0.00464	0.00132	0.00215	0.00750	0.10989	0.00400
14	0.02546	0.00961	0.01069	0.00844	0.01146	0.03876	0.00688	0.37063	0.10116	0.31368	0.04019	0.01271	0.00985	0.00519	0.00415	0.00127	0.00403	0.00407	0.01501	0.00676
15	0.10577	0.52743	0.04459	0.02547	0.01088	0.03308	0.00698	0.04654	0.00926	0.08489	0.04375	0.00899	0.00739	0.00474	0.02402	0.00118	0.00445	0.00283	0.00241	0.00536
16	0.80889	0.00798	0.00632	0.00552	0.00819	0.00900	0.00453	0.01206	0.00720	0.01820	0.00592	0.00691	0.00464	0.00379	0.00261	0.00123	0.00320	0.00227	0.00256	0.07898
17	0.00906	0.00825	0.03349	0.05607	0.06498	0.00706	0.01494	0.03934	0.00891	0.02343	0.00782	0.00938	0.01472	0.00374	0.00422	0.00087	0.07531	0.00289	0.00243	0.61310
18	0.00771	0.02107	0.00803	0.00774	0.02264	0.09217	0.00580	0.02365	0.00789	0.02827	0.01277	0.21399	0.01326	0.03757	0.37459	0.00386	0.10643	0.00590	0.00265	0.00403
19	0.01004	0.00955	0.02715	0.18106	0.47826	0.00959	0.14656	0.01271	0.00938	0.05215	0.00843	0.02133	0.00676	0.00394	0.00427	0.00130	0.00531	0.00402	0.00219	0.00601
20	0.85861	0.00837	0.00627	0.00561	0.00817	0.03293	0.00460	0.01233	0.00720	0.01839	0.00580	0.00677	0.00452	0.00387	0.00260	0.00128	0.00334	0.00226	0.00256	0.00451
21	0.00984	0.00942	0.01607	0.17182	0.68519	0.00975	0.01253	0.01237	0.00925	0.01304	0.00774	0.01042	0.00639	0.00378	0.00412	0.00126	0.00504	0.00370	0.00202	0.00623
22	0.00550	0.00409	0.00519	0.00596	0.00642	0.00397	0.00406	0.00718	0.07719	0.01120	0.02303	0.75301	0.05294	0.01230	0.00520	0.00165	0.00247	0.01110	0.00389	0.00365
23	0.00791	0.00464	0.00582	0.00531	0.00658	0.00434	0.00405	0.02637	0.01125	0.11073	0.53660	0.04293	0.02925	0.00740	0.00441	0.00124	0.00220	0.00641	0.17821	0.00433
24	0.03707	0.00849	0.01011	0.00799	0.01103	0.00856	0.00653	0.22332	0.14595	0.45423	0.01451	0.01315	0.00972	0.00514	0.00411	0.00129	0.00372	0.00410	0.02412	0.00685
25	0.00500	0.00421	0.00433	0.00430	0.00567	0.00355	0.00323	0.00614	0.00968	0.01173	0.11559	0.03914	0.75260	0.01033	0.00491	0.00139	0.00209	0.00865	0.00392	0.00355
26	0.00588	0.00425	0.00555	0.00523	0.00621	0.00392	0.00392	0.00784	0.01176	0.01666	0.82592	0.03103	0.03919	0.00849	0.00490	0.00131	0.00196	0.00751	0.00457	0.00392
27	0.01139	0.80177	0.02111	0.00734	0.01080	0.07015	0.00717	0.01271	0.00866	0.00980	0.00582	0.00672	0.00533	0.00360	0.00274	0.00090	0.00464	0.00225	0.00180	0.00530
28	0.00566	0.00422	0.00511	0.00489	0.00599	0.00380	0.00367	0.00736	0.01100	0.01505	0.57314	0.03308	0.26481	0.00895	0.00484	0.00132	0.00200	0.00775	0.03356	0.00380
29	0.00494	0.00421	0.00426	0.00424	0.00563	0.00352	0.00318	0.00603	0.00955	0.01142	0.07044	0.03965	0.79794	0.01045	0.00491	0.00140	0.00210	0.00872	0.00388	0.00352
30	0.01196	0.69895	0.01996	0.00767	0.01107	0.08755	0.00727	0.09321	0.00984	0.01145	0.00625	0.00707	0.00551	0.00376	0.00291	0.00094	0.00472	0.00241	0.00205	0.00546
31	0.00968	0.01208	0.09330	0.01702	0.02139	0.01043	0.74512	0.01329	0.00972	0.01329	0.00832	0.01100	0.00621	0.00354	0.00482	0.00139	0.00693	0.00475	0.00207	0.00565
32	0.01200	0.01302	0.01018	0.00959	0.03854	0.34968	0.00709	0.01813	0.39195	0.01376	0.01443	0.01412	0.07874	0.00543	0.00408	0.00126	0.00497	0.00418	0.00326	0.00559
33	0.00807	0.00729	0.01195	0.67877	0.07308	0.00885	0.01066	0.01092	0.05220	0.01087	0.00791	0.01140	0.00613	0.00508	0.00518	0.07610	0.00522	0.00374	0.00198	0.00460
34	0.00964	0.00508	0.00676	0.00586	0.00750	0.00456	0.00456	0.01149	0.01180	0.25664	0.58735	0.02605	0.03067	0.00750	0.00469	0.00130	0.00242	0.00653	0.00474	0.00485
35	0.00506	0.00361	0.00482	0.00578	0.00602	0.00337	0.00386	0.00578	0.00795	0.01060	0.02289	0.85131	0.02747	0.01301	0.00530	0.00169	0.00241	0.01181	0.00386	0.00337
36	0.00588	0.00428	0.00537	0.00507	0.00616	0.00388	0.00381	0.00767	0.01135	0.02679	0.67552	0.03239	0.17876	0.00881	0.00489	0.00132	0.00201	0.00769	0.00445	0.00389
37	0.01111	0.85652	0.02177	0.00711	0.01066	0.01644	0.00711	0.01244	0.00844	0.00977	0.00577	0.00666	0.00533	0.00355	0.00267	0.00089	0.00444	0.00222	0.00178	0.00533
38	0.88336	0.00803	0.00611	0.00546	0.00803	0.00932	0.00450	0.01221	0.00707	0.01864	0.00578	0.00675	0.00450	0.00386	0.00257	0.00129	0.00321	0.00225	0.00257	0.00450
39	0.00861	0.00738	0.00861	0.00615	0.00984	0.00554	0.00492	0.01046	0.00861	0.01354	0.00738	0.00861	0.00615	0.00308	0.00308	0.00062	0.00308	0.00246	0.00246	0.87941
40	0.08175	0.01023	0.20173	0.00879	0.03965	0.01656	0.02131	0.05903	0.08000	0.12847	0.03417	0.21790	0.01328	0.00674	0.00441	0.00139	0.01953	0.00569	0.04402	0.00535
41	0.01311	0.00996	0.01070	0.00886	0.01167	0.01116	0.00710	0.35590	0.43667	0.06763	0.01395	0.01309	0.01018	0.00533	0.00419	0.00133	0.00384	0.00426	0.00425	0.00681
42	0.63066	0.01013	0.00804	0.02609	0.06547	0.14779	0.00587	0.02941	0.00831	0.01675	0.00636	0.01773	0.00514	0.00406	0.00297	0.00125	0.00411	0.00260	0.00250	0.00474
43	0.00580	0.00424	0.00545	0.00515	0.00616	0.00389	0.00386	0.00769	0.01158	0.01623	0.76380	0.03174	0.10158	0.00865	0.00490	0.00131	0.00197	0.00761	0.00452	0.00389
44	0.00949	0.00779	0.00900	0.00650	0.01015	0.00626	0.00523	0.08854	0.00973	0.02912	0.00779	0.00884	0.00631	0.00330	0.00320	0.00069	0.00323	0.00262	0.00267	0.77953
45	0.00784	0.00738	0.01246	0.84404	0.02861	0.00923	0.01154	0.01061	0.00831	0.01061	0.00738	0.01107	0.00554	0.00415	0.00415	0.00138	0.00554	0.00369	0.00185	0.00461
46	0.17660	0.00872	0.01346	0.01029	0.01320	0.00887	0.30686	0.11685	0.05321	0.01631	0.01294	0.01414	0.09561	0.00483	0.00404	0.00130	0.00451	0.00450	0.12861	0.00516
47	0.07131	0.01227	0.19408	0.01305	0.04408	0.00920	0.35283	0.03365	0.00969	0.09830	0.00873	0.01028	0.00637	0.00378	0.00418	0.00125	0.00557	0.00387	0.00247	0.11503
48	0.00578	0.00440	0.00564	0.00594	0.00696	0.00426	0.00475	0.00727	0.00915	0.01193	0.12884	0.08126	0.28131	0.01476	0.16953	0.00260	0.00440	0.24393	0.00362	0.00369
49	0.00801	0.00704	0.01145	0.67950	0.02462	0.00845	0.01024	0.01056	0.00829	0.03201	0.00808	0.01155	0.00623	0.00643	0.07501	0.00177	0.00572	0.00370	0.02302	0.05833
50	0.00529	0.00380	0.00502	0.00581	0.00621	0.00356	0.00405	0.00622	0.00842	0.01124	0.09328	0.66342	0.05461	0.03352	0.00569	0.00172	0.00252	0.07830	0.00388	0.00344
51	0.01495	0.08946	0.01283	0.01063	0.03588	0.61763	0.00804	0.12622	0.02473	0.01255	0.00705	0.00796	0.00573	0.00432	0.00373	0.00109	0.00669	0.00284	0.00242	0.00525
52	0.01019	0.05929	0.12357	0.01433	0.01779	0.10216	0.44041	0.01303	0.00922	0.01218	0.00741	0.00987	0.00587	0.00430	0.00604	0.00140	0.15151	0.00406	0.00199	0.00539
53	0.00505	0.00368	0.00476	0.00562	0.00598	0.00339	0.00378	0.00580	0.00811	0.01067	0.02485	0.76874	0.10879	0.01276	0.00526	0.00166	0.00238	0.01150	0.00386	0.00339
54	0.00962	0.01001	0.01289	0.03010	0.01170	0.08280	0.02610	0.01064	0.00694	0.01010	0.00564	0.00904	0.00546	0.00686	0.01239	0.00174	0.73795	0.00358	0.00185	0.00459
55	0.00506	0.00361	0.00482	0.00578	0.00602	0.00337	0.00386	0.00578	0.00795	0.01060	0.02289	0.85131	0.02747	0.01301	0.00530	0.00169	0.00241	0.01181	0.00386	0.00337
56	0.01033	0.00892	0.00939	0.00845	0.01080	0.01033	0.00657	0.02207	0.82061	0.01738	0.01691	0.01550	0.01268	0.00564	0.00423	0.00141	0.00329	0.00470	0.00423	0.00657
57	0.08461	0.00971	0.01594	0.02379	0.75830	0.00982	0.01205	0.01270	0.00925	0.01400	0.00764	0.00998	0.00640	0.00371	0.00398	0.00124	0.00479	0.00358	0.00210	0.00640
58	0.00588	0.00403	0.00489	0.00504	0.00518	0.00410	0.00311	0.00620	0.00642	0.00867	0.01428	0.15032	0.01628	0.60541	0.13911	0.00406	0.00483	0.00668	0.00268	0.00282
59	0.00830	0.00776	0.01290	0.57379	0.18118	0.00908	0.02442	0.01115	0.03175	0.01161	0.02619	0.04016	0.00751	0.00456	0.00437	0.00137	0.02072	0.00410	0.01406	0.00500
60	0.00513	0.00407	0.00463	0.00491	0.00592	0.00357	0.00358	0.00622	0.00928	0.01166	0.11605	0.26855	0.48556	0.01106	0.00505	0.00150	0.00225	0.04358	0.00393	0.00353
61	0.01051	0.08259	0.01525	0.22179	0.41978	0.11563	0.01108	0.02915	0.01977	0.01239	0.00751	0.00985	0.00614	0.00391	0.00394	0.00121	0.00531	0.00344	0.00207	0.01869
62	0.00590	0.00410	0.00475	0.00475	0.00499	0.00411	0.00291	0.00620	0.00649	0.00859	0.01602	0.02728	0.10309	0.66364	0.11692	0.00406	0.00467	0.00615	0.00263	0.00277
63	0.02831	0.00730	0.00849	0.00616	0.00973	0.00558	0.00492	0.01065	0.00865	0.03543	0.00796	0.02896	0.00674	0.00339	0.00315	0.00067	0.00308	0.00273	0.00257	0.81554
64	0.00634	0.00472	0.00628	0.07697	0.00776	0.00530	0.00442	0.00705	0.00643	0.00883	0.01161	0.02170	0.01240	0.50051	0.25007	0.00442	0.05445	0.00525	0.00234	0.00315
65	0.01204	0.00989	0.01012	0.00907	0.02984	0.07862	0.00695	0.08843	0.56723	0.10015	0.01494	0.01397	0.01106	0.00541	0.00437	0.00136	0.02168	0.00435	0.00404	0.00648
66	0.31535	0.02205	0.00864	0.00672	0.00972	0.00739	0.00557	0.01735	0.01017	0.53796	0.01256	0.01147	0.00821	0.00467	0.00360	0.00128	0.00344	0.00348	0.00420	0.00616
67	0.02683	0.00968	0.01201	0.07455	0.11495	0.00993	0.02435	0.36247	0.02356	0.03943	0.00887	0.00986	0.00670	0.00425	0.00401	0.00110	0.01879	0.00341	0.00318	0.24207
68	0.01049	0.00885	0.00977	0.07961	0.01239	0.01024	0.00703	0.04952	0.70612	0.03376	0.01584	0.01489	0.01182	0.00548	0.00422	0.00140	0.00353	0.00457	0.00404	0.00644
69	0.00850	0.08000	0.01380	0.63057	0.15188	0.00985	0.01120	0.01109	0.00850	0.01109	0.00742	0.01065	0.00577	0.00404	0.00400	0.00131	0.00529	0.00357	0.01650	0.00497
70	0.00651	0.00503	0.02438	0.00563	0.00700	0.00439	0.02075	0.00863	0.03808	0.05240	0.52616	0.06175	0.20617	0.00865	0.00484	0.00135	0.00232	0.00755	0.00429	0.00413
71	0.00588	0.00425	0.00555	0.00523	0.00621	0.00392	0.00392	0.00784	0.01176	0.01666	0.82592	0.03103	0.03919	0.00849	0.00490	0.00131	0.00196	0.00751	0.00457	0.00392
72	0.00821	0.00781	0.01336	0.71617	0.13028	0.00935	0.03455	0.01096	0.00850	0.01107	0.00747	0.01098	0.00569	0.00408	0.00417	0.00137	0.00550	0.00373	0.00188	0.00489
73	0.01040	0.03183	0.01728	0.02427	0.74857	0.01014	0.05280	0.03029	0.00967	0.01373	0.00784	0.01023	0.00654	0.00372	0.00412	0.00123	0.00502	0.00372	0.00210	0.00651
74	0.01810	0.00739	0.00993	0.00791	0.02893	0.00660	0.00634	0.07176	0.01233	0.74948	0.02644	0.01400	0.01037	0.00514	0.00418	0.00128	0.00361	0.00418	0.00500	0.00702
75	0.00703	0.00361	0.00536	0.00544	0.00546	0.00359	0.00363	0.00544	0.00563	0.00751	0.00858	0.08580	0.00898	0.01431	0.01528	0.80259	0.00350	0.00432	0.00198	0.00194
76	0.00944	0.04918	0.24216	0.01314	0.19384	0.04112	0.05762	0.04039	0.12907	0.02751	0.03017	0.03737	0.10046	0.00525	0.00419	0.00131	0.00474	0.00452	0.00271	0.00581
77	0.03362	0.34163	0.12488	0.03089	0.13416	0.02032	0.02249	0.03200	0.05419	0.13923	0.00877	0.00951	0.00676	0.00425	0.00374	0.01739	0.00459	0.00314	0.00256	0.00590
78	0.11317	0.05270	0.05849	0.00800	0.02585	0.03431	0.00673	0.14318	0.01165	0.40865	0.01230	0.01258	0.00867	0.06172	0.02235	0.00155	0.00420	0.00380	0.00394	0.00618
79	0.01126	0.23726	0.06836	0.01696	0.39336	0.15302	0.03820	0.01337	0.00955	0.01194	0.00703	0.00878	0.00595	0.00377	0.00368	0.00112	0.00539	0.00313	0.00198	0.00589
80	0.00521	0.00408	0.00469	0.00496	0.00591	0.00361	0.00360	0.00629	0.00921	0.01167	0.13236	0.25626	0.43741	0.04592	0.00573	0.00160	0.00234	0.05176	0.00389	0.00350
81	0.01183	0.33495	0.06822	0.03320	0.15238	0.21791	0.00891	0.05111	0.03321	0.01189	0.01739	0.00936	0.00668	0.00417	0.00351	0.00109	0.00535	0.02115	0.00218	0.00551
82	0.00977	0.08219	0.49515	0.08349	0.11050	0.00994	0.02510	0.02509	0.02643	0.08194	0.00836	0.00962	0.00606	0.00405	0.00393	0.00128	0.00553	0.00329	0.00218	0.00609
83	0.00930	0.00901	0.01611	0.03267	0.50371	0.00888	0.16732	0.02154	0.00937	0.01311	0.01060	0.15857	0.01019	0.00532	0.00448	0.00135	0.00490	0.00536	0.00240	0.00580

[dist]
# distance from previous block
# <min> <max>
0	1

[block]
# block no. 1 follows, 64 sequences, length 6
# corresponding to MSA columns:
# 208-213
name=unknown_B
#
# <colnr> <probs for GDERKNQSTAVLIFYWHMCP>
#	G	D	E	R	K	N	Q	S	T	A	V	L	I	F	Y	W	H	M	C	P
0	0.06088	0.01076	0.09485	0.06432	0.18365	0.02827	0.02959	0.22688	0.04587	0.17101	0.03603	0.01146	0.00834	0.00461	0.00408	0.00128	0.00459	0.00383	0.00335	0.00637
1	0.01094	0.06308	0.26986	0.01299	0.14653	0.04458	0.10606	0.04710	0.04151	0.13057	0.07744	0.01205	0.00951	0.00450	0.00413	0.00127	0.00511	0.00394	0.00277	0.00605
2	0.09912	0.00998	0.01037	0.00862	0.01141	0.01131	0.00693	0.35627	0.40108	0.02122	0.01287	0.01229	0.00949	0.00518	0.00403	0.00133	0.00382	0.00405	0.00403	0.00658
3	0.14042	0.00707	0.00995	0.11040	0.05166	0.00724	0.08891	0.05974	0.00992	0.05178	0.12175	0.05570	0.03589	0.00657	0.00438	0.00140	0.00394	0.15899	0.00321	0.07107
4	0.00707	0.00368	0.00543	0.00539	0.00550	0.00364	0.00364	0.00568	0.00612	0.00827	0.09904	0.01469	0.01080	0.01376	0.01496	0.78070	0.00342	0.00405	0.00211	0.00204
5	0.01507	0.00753	0.01002	0.00783	0.01060	0.00723	0.05764	0.16561	0.01233	0.45297	0.01396	0.01391	0.00965	0.03609	0.03790	0.00155	0.00405	0.00418	0.12565	0.00623

[dist]
# distance from previous block
# <min> <max>
0	1

[block]
# block no. 2 follows, 64 sequences, length 52
# corresponding to MSA columns:
# 215-266
name=unknown_C
#
# <colnr> <probs for GDERKNQSTAVLIFYWHMCP>
#	G	D	E	R	K	N	Q	S	T	A	V	L	I	F	Y	W	H	M	C	P
0	0.01110	0.01031	0.01508	0.14990	0.55436	0.09630	0.01155	0.01340	0.00971	0.07654	0.00827	0.01041	0.00658	0.00394	0.00409	0.00124	0.00519	0.00363	0.00227	0.00613
1	0.00840	0.00497	0.00634	0.00603	0.00731	0.00463	0.00450	0.05786	0.01065	0.16088	0.26365	0.32767	0.09146	0.00953	0.00488	0.00145	0.00260	0.01840	0.00432	0.00444
2	0.01174	0.01232	0.27251	0.01166	0.08836	0.00815	0.12726	0.04004	0.01040	0.26241	0.03171	0.01418	0.08019	0.00494	0.00428	0.00132	0.00486	0.00435	0.00319	0.00613
3	0.01609	0.04518	0.01141	0.07479	0.06834	0.22908	0.00754	0.01769	0.01127	0.45861	0.01201	0.01156	0.00814	0.00467	0.00399	0.00122	0.00488	0.00363	0.00374	0.00617
4	0.01011	0.03954	0.01425	0.09117	0.53314	0.02141	0.01050	0.01232	0.00968	0.07690	0.06035	0.01426	0.07887	0.00473	0.00418	0.00125	0.00448	0.00433	0.00257	0.00595
5	0.01009	0.01171	0.21127	0.08364	0.37830	0.00895	0.02424	0.03979	0.00976	0.07590	0.03857	0.01140	0.00794	0.00420	0.00404	0.00126	0.00487	0.00375	0.06424	0.00607
6	0.00936	0.00878	0.01470	0.02190	0.68054	0.00872	0.01113	0.01155	0.00933	0.01321	0.03090	0.11602	0.03524	0.00518	0.00430	0.00130	0.00446	0.00496	0.00240	0.00602
7	0.00775	0.00718	0.01201	0.77877	0.02705	0.00888	0.01116	0.01046	0.00840	0.01075	0.00852	0.01387	0.00697	0.00472	0.00428	0.00143	0.00540	0.06585	0.00200	0.00455
8	0.01318	0.00772	0.01003	0.09228	0.10511	0.03736	0.00712	0.10105	0.03082	0.33894	0.03962	0.09243	0.02458	0.02473	0.00462	0.00137	0.00390	0.01258	0.04667	0.00589
9	0.01266	0.02570	0.15452	0.02412	0.04886	0.08979	0.14333	0.25428	0.05809	0.09398	0.02780	0.01086	0.00769	0.00459	0.00442	0.00129	0.02484	0.00387	0.00310	0.00621
10	0.00574	0.00410	0.00560	0.00656	0.00709	0.00396	0.00503	0.00695	0.00862	0.01136	0.02252	0.51830	0.02600	0.01238	0.00548	0.00178	0.00300	0.33814	0.00384	0.00356
11	0.04019	0.01285	0.01084	0.00930	0.01187	0.25436	0.00729	0.25500	0.31140	0.01788	0.01139	0.01123	0.00858	0.00498	0.00400	0.00125	0.00489	0.00373	0.01285	0.00611
12	0.01111	0.85652	0.02177	0.00711	0.01066	0.01644	0.00711	0.01244	0.00844	0.00977	0.00577	0.00666	0.00533	0.00355	0.00267	0.00089	0.00444	0.00222	0.00178	0.00533
13	0.00603	0.00407	0.00476	0.00476	0.00483	0.00415	0.00280	0.00619	0.00611	0.00822	0.01288	0.02604	0.01460	0.76725	0.10723	0.00431	0.00478	0.00587	0.00249	0.00264
14	0.01087	0.78635	0.08990	0.00750	0.01128	0.01587	0.00780	0.01250	0.00847	0.01006	0.00592	0.00684	0.00532	0.00359	0.00277	0.00092	0.00458	0.00229	0.00177	0.00540
15	0.00794	0.00752	0.01248	0.77902	0.02723	0.00950	0.01134	0.01056	0.00815	0.01056	0.00723	0.01092	0.00553	0.00440	0.00489	0.00142	0.07116	0.00369	0.00184	0.00461
16	0.00603	0.00406	0.00470	0.00470	0.00476	0.00412	0.00273	0.00615	0.00609	0.00818	0.01293	0.02633	0.01473	0.78980	0.08486	0.00423	0.00458	0.00592	0.00249	0.00261
17	0.01012	0.00970	0.01656	0.08048	0.77440	0.00983	0.01267	0.01260	0.00938	0.01337	0.00778	0.01033	0.00651	0.00373	0.00411	0.00124	0.00498	0.00370	0.00204	0.00645
18	0.00506	0.00363	0.00481	0.00575	0.00602	0.00338	0.00384	0.00579	0.00798	0.01062	0.02330	0.83409	0.04443	0.01296	0.00529	0.00168	0.00240	0.01174	0.00386	0.00338
19	0.06239	0.02288	0.01249	0.53812	0.11095	0.04765	0.01043	0.07323	0.05830	0.01298	0.00803	0.01067	0.00612	0.00423	0.00401	0.00133	0.00519	0.00360	0.00224	0.00515
20	0.00986	0.00894	0.01200	0.20437	0.25284	0.09460	0.00932	0.06007	0.00970	0.05074	0.03950	0.09022	0.00990	0.00798	0.08953	0.00188	0.03618	0.00459	0.00256	0.00524
21	0.01652	0.00661	0.00887	0.00698	0.00985	0.00571	0.00570	0.01809	0.01161	0.70111	0.06807	0.03358	0.07608	0.00592	0.00430	0.00130	0.00330	0.00489	0.00498	0.00653
22	0.00866	0.00821	0.01393	0.57039	0.29589	0.00944	0.01194	0.01133	0.00869	0.01160	0.00753	0.01081	0.00589	0.00400	0.00414	0.00133	0.00534	0.00369	0.00192	0.00527
23	0.02329	0.00926	0.01542	0.23716	0.13566	0.00980	0.22047	0.15966	0.02419	0.03072	0.08402	0.01270	0.00946	0.00451	0.00439	0.00133	0.00522	0.00438	0.00273	0.00562
24	0.00880	0.00790	0.05690	0.06131	0.16265	0.00719	0.07639	0.04096	0.05109	0.08281	0.14052	0.03482	0.20627	0.00667	0.00476	0.00136	0.02411	0.01701	0.00333	0.00515
25	0.00793	0.00748	0.01262	0.81366	0.05828	0.00925	0.01158	0.01069	0.00835	0.01072	0.00740	0.01104	0.00558	0.00414	0.00415	0.00138	0.00551	0.00369	0.00185	0.00469
26	0.01560	0.01923	0.01174	0.01058	0.01279	0.79145	0.00797	0.04126	0.01201	0.03089	0.00678	0.00773	0.00552	0.00432	0.00377	0.00108	0.00730	0.00275	0.00228	0.00494
27	0.01086	0.00974	0.01449	0.17730	0.47887	0.07395	0.01114	0.01312	0.00957	0.09041	0.02793	0.01103	0.00737	0.00424	0.00454	0.00128	0.04210	0.00375	0.00237	0.00596
28	0.00664	0.00435	0.00527	0.00542	0.00653	0.00386	0.00401	0.00774	0.00929	0.09925	0.07701	0.31951	0.34350	0.02268	0.00526	0.00156	0.00251	0.06771	0.00402	0.00388
29	0.00729	0.00652	0.01027	0.55946	0.03021	0.00773	0.00915	0.01007	0.05354	0.01138	0.05809	0.16472	0.04225	0.00631	0.00443	0.00143	0.00451	0.00561	0.00257	0.00444
30	0.01075	0.00963	0.04074	0.07434	0.03230	0.01053	0.00760	0.12069	0.60647	0.01771	0.01472	0.01408	0.01099	0.00533	0.00420	0.00138	0.00377	0.00441	0.00389	0.00647
31	0.01172	0.08243	0.07396	0.03815	0.01113	0.09952	0.00690	0.05677	0.08907	0.20869	0.05590	0.04146	0.11947	0.00623	0.01490	0.00132	0.02596	0.00468	0.00350	0.04822
32	0.01289	0.00712	0.05043	0.00743	0.00999	0.00607	0.03631	0.01545	0.06217	0.42781	0.22973	0.01849	0.01770	0.00797	0.06943	0.00173	0.00396	0.00509	0.00442	0.00584
33	0.00622	0.00433	0.00538	0.00531	0.00562	0.00459	0.00347	0.02447	0.00654	0.00895	0.01240	0.02340	0.01345	0.57771	0.27615	0.00479	0.00626	0.00549	0.00246	0.00299
34	0.00819	0.00757	0.00985	0.04005	0.20691	0.09112	0.03177	0.01011	0.03852	0.01139	0.01258	0.19255	0.01272	0.07008	0.20309	0.00280	0.00598	0.00574	0.03441	0.00456
35	0.01077	0.00902	0.03022	0.22753	0.20142	0.04005	0.00931	0.11842	0.09521	0.09471	0.01164	0.03874	0.03803	0.02013	0.03540	0.00156	0.00489	0.00430	0.00294	0.00572
36	0.00514	0.00370	0.00490	0.00582	0.00615	0.00345	0.00398	0.00594	0.00810	0.01073	0.02360	0.77657	0.05864	0.01283	0.00531	0.00169	0.00247	0.05372	0.00385	0.00340
37	0.00984	0.00930	0.01562	0.09113	0.69142	0.00949	0.01199	0.01246	0.02881	0.01321	0.00861	0.01215	0.00745	0.03008	0.00469	0.00136	0.00488	0.02914	0.00216	0.00621
38	0.01056	0.00928	0.01396	0.07924	0.52876	0.06218	0.01055	0.01277	0.00991	0.08668	0.08233	0.03342	0.01993	0.00475	0.00423	0.00127	0.00464	0.01691	0.00264	0.00597
39	0.02986	0.01055	0.11246	0.11257	0.30417	0.02500	0.04477	0.03270	0.07799	0.08764	0.03574	0.02422	0.00836	0.00469	0.00489	0.00134	0.07051	0.00399	0.00261	0.00594
40	0.01355	0.02356	0.01014	0.00866	0.05949	0.00754	0.02593	0.05889	0.17892	0.37188	0.08897	0.01544	0.02252	0.02191	0.00449	0.00131	0.00354	0.00448	0.00425	0.07453
41	0.03228	0.00874	0.01335	0.04682	0.41189	0.00897	0.02886	0.09877	0.02344	0.11342	0.05659	0.04148	0.02946	0.00578	0.03009	0.00147	0.03519	0.00441	0.00294	0.00605
42	0.01058	0.00947	0.03370	0.33043	0.31250	0.05371	0.01091	0.07073	0.01003	0.07880	0.00859	0.01084	0.00654	0.00415	0.00408	0.00128	0.00510	0.00367	0.02918	0.00572
43	0.05433	0.12798	0.04345	0.07284	0.06209	0.13641	0.05604	0.05829	0.04272	0.14734	0.03830	0.07673	0.00977	0.02400	0.00431	0.00128	0.00470	0.00421	0.00299	0.03222
44	0.41656	0.00868	0.00984	0.03443	0.20456	0.02300	0.00717	0.05879	0.05041	0.10050	0.00866	0.02968	0.00678	0.00433	0.00342	0.00127	0.00385	0.00329	0.00289	0.02189
45	0.07880	0.00848	0.03606	0.01055	0.14256	0.00868	0.00733	0.08162	0.27931	0.09910	0.07477	0.01664	0.01277	0.04373	0.03523	0.00167	0.00402	0.04921	0.00361	0.00585
46	0.05459	0.01663	0.02657	0.03406	0.06080	0.02438	0.00542	0.02979	0.06253	0.09004	0.08280	0.22915	0.08785	0.11898	0.00663	0.00172	0.00334	0.00671	0.00345	0.05455
47	0.14020	0.01508	0.05850	0.09500	0.13914	0.00766	0.00732	0.02592	0.08267	0.10370	0.01181	0.10549	0.01066	0.11055	0.05686	0.00200	0.00445	0.00480	0.01315	0.00504
48	0.20812	0.00862	0.01214	0.04037	0.28554	0.01900	0.07098	0.03835	0.04009	0.11604	0.06199	0.03239	0.01793	0.00471	0.00393	0.00129	0.00419	0.01333	0.00295	0.01805
49	0.03249	0.02961	0.02920	0.05423	0.35621	0.03152	0.01914	0.06891	0.04075	0.07028	0.03622	0.10393	0.02270	0.00741	0.06925	0.00172	0.00490	0.00480	0.00281	0.01394
50	0.02206	0.00976	0.04226	0.10710	0.32383	0.04364	0.00964	0.10758	0.03035	0.12228	0.02470	0.01908	0.00779	0.00428	0.00400	0.00119	0.00456	0.00371	0.00285	0.10933
51	0.02169	0.04270	0.01387	0.13376	0.45605	0.00911	0.01023	0.03790	0.04132	0.05257	0.08523	0.01362	0.04173	0.00464	0.00414	0.00126	0.00442	0.00421	0.00263	0.01893

[dist]
# distance from previous block
# <min> <max>
1	78

# created by:
# /st0/software/busco_prod/Augustus/scripts/msa2prfl.pl ./align_prep/132625.fa
