[name]
unknown

[dist]
# distance from previous block
# <min> <max>
0	19

[block]
# block no. 0 follows, 62 sequences, length 85
# corresponding to MSA columns:
# 35-119
name=unknown_A
#
# <colnr> <probs for GDERKNQSTAVLIFYWHMCP>
#	G	D	E	R	K	N	Q	S	T	A	V	L	I	F	Y	W	H	M	C	P
0	0.01178	0.16676	0.09785	0.02132	0.01215	0.08546	0.03178	0.04060	0.01983	0.15204	0.02988	0.01279	0.00884	0.00475	0.00402	0.00112	0.02361	0.05654	0.00295	0.21592
1	0.02546	0.06185	0.26508	0.05079	0.05272	0.04906	0.07060	0.01297	0.04438	0.03829	0.00911	0.01074	0.02498	0.02384	0.00455	0.00123	0.02977	0.00344	0.00234	0.21881
2	0.06976	0.14445	0.10113	0.04137	0.11220	0.05105	0.02236	0.04149	0.02680	0.13152	0.02147	0.01090	0.00764	0.00427	0.00370	0.00112	0.00447	0.02039	0.00280	0.18112
3	0.02543	0.18961	0.08631	0.40462	0.03498	0.01082	0.05569	0.01213	0.04466	0.01196	0.03825	0.01093	0.00729	0.00423	0.00390	0.00126	0.00516	0.00358	0.00214	0.04704
4	0.01523	0.01686	0.01170	0.01027	0.01264	0.56474	0.00788	0.19907	0.01354	0.02967	0.00846	0.04188	0.00707	0.00595	0.03515	0.00138	0.00684	0.00346	0.00280	0.00541
5	0.02470	0.04078	0.00859	0.00668	0.00922	0.04987	0.00526	0.07729	0.03349	0.10972	0.09577	0.11652	0.11946	0.00649	0.00412	0.00114	0.00331	0.00540	0.00357	0.27860
6	0.00583	0.00428	0.00523	0.00549	0.00617	0.00402	0.00385	0.00673	0.00833	0.01100	0.08493	0.26953	0.16803	0.23524	0.05218	0.00253	0.00344	0.08357	0.00350	0.03613
7	0.05471	0.05113	0.18663	0.07698	0.02309	0.06021	0.01896	0.05855	0.02163	0.10330	0.08168	0.03534	0.08746	0.05809	0.03021	0.01825	0.00475	0.02084	0.00304	0.00517
8	0.05823	0.02795	0.01316	0.30995	0.16502	0.00961	0.04487	0.13284	0.01087	0.09536	0.01968	0.04255	0.00786	0.00469	0.00417	0.00132	0.00485	0.00409	0.00281	0.04013
9	0.00648	0.00432	0.00497	0.00497	0.00525	0.00425	0.00303	0.02153	0.00719	0.02646	0.03867	0.10727	0.06682	0.64968	0.01770	0.00351	0.00378	0.01818	0.00296	0.00297
10	0.02840	0.00582	0.00694	0.00662	0.00811	0.02080	0.00516	0.03357	0.05918	0.17755	0.06684	0.12852	0.10435	0.12281	0.00718	0.00190	0.00341	0.18321	0.02500	0.00462
11	0.01219	0.07703	0.06139	0.08402	0.06352	0.31149	0.09234	0.08102	0.04280	0.01282	0.00877	0.04295	0.00752	0.00562	0.02258	0.01284	0.03338	0.01992	0.00245	0.00534
12	0.06104	0.00922	0.01032	0.03381	0.07264	0.07242	0.00693	0.16959	0.10489	0.27654	0.01300	0.02958	0.00994	0.10355	0.00620	0.00164	0.00430	0.00434	0.00391	0.00614
13	0.00603	0.00436	0.00551	0.00561	0.00646	0.00413	0.00411	0.00795	0.04062	0.01453	0.43016	0.24540	0.08560	0.03768	0.00561	0.00156	0.00236	0.04979	0.03864	0.00389
14	0.08179	0.00639	0.00894	0.02012	0.07743	0.00687	0.04532	0.06689	0.00890	0.05538	0.04482	0.04892	0.04542	0.07603	0.34683	0.00382	0.02398	0.01638	0.01117	0.00457
15	0.04383	0.08332	0.04185	0.07584	0.02530	0.30995	0.00773	0.04941	0.02281	0.08538	0.00945	0.04210	0.00798	0.01007	0.16431	0.00229	0.00696	0.00372	0.00262	0.00509
16	0.00731	0.00510	0.00618	0.00615	0.00735	0.00497	0.00469	0.00996	0.10827	0.06820	0.18935	0.14684	0.17719	0.09442	0.00677	0.00181	0.00292	0.14419	0.00409	0.00424
17	0.00553	0.00410	0.00482	0.00504	0.00575	0.00374	0.00345	0.00641	0.00890	0.01159	0.17164	0.26255	0.27896	0.18417	0.00875	0.01583	0.00265	0.00896	0.00377	0.00339
18	0.01045	0.59313	0.19501	0.00828	0.01225	0.03207	0.00888	0.01260	0.00895	0.01114	0.04797	0.02774	0.00772	0.00422	0.00322	0.00105	0.00482	0.00297	0.00202	0.00551
19	0.37379	0.03470	0.00949	0.00910	0.10716	0.00919	0.00644	0.03732	0.13773	0.18073	0.04764	0.01152	0.00911	0.00472	0.00358	0.00132	0.00360	0.00357	0.00348	0.00580
20	0.00882	0.00756	0.00882	0.00630	0.01008	0.00567	0.00504	0.01071	0.00882	0.01387	0.00756	0.00882	0.00630	0.00315	0.00315	0.00063	0.00315	0.00252	0.00252	0.87647
21	0.02525	0.00490	0.00609	0.00563	0.00690	0.00469	0.00427	0.00973	0.06899	0.05651	0.65676	0.02941	0.07170	0.00825	0.00485	0.00134	0.00222	0.00720	0.02096	0.00436
22	0.00880	0.02546	0.04458	0.00739	0.00951	0.00803	0.00601	0.01615	0.43890	0.03008	0.25700	0.02234	0.09406	0.00696	0.00455	0.00139	0.00301	0.00591	0.00425	0.00561
23	0.00727	0.00397	0.00565	0.00560	0.00578	0.00405	0.00377	0.00629	0.00599	0.02694	0.00922	0.01615	0.00935	0.16699	0.12565	0.58379	0.00479	0.00427	0.00212	0.00236
24	0.00620	0.00415	0.00492	0.00485	0.00510	0.00406	0.00298	0.00655	0.00751	0.01021	0.19217	0.02806	0.03682	0.59609	0.01734	0.05707	0.00359	0.00642	0.00303	0.00287
25	0.00816	0.00771	0.01291	0.78413	0.05361	0.00961	0.01176	0.01092	0.00847	0.01094	0.00750	0.01124	0.00570	0.00436	0.00461	0.00143	0.03646	0.00378	0.00190	0.00479
26	0.00898	0.06847	0.66687	0.01383	0.13202	0.01032	0.01486	0.01337	0.00906	0.01333	0.00759	0.00908	0.00559	0.00398	0.00399	0.00131	0.00601	0.00319	0.00184	0.00630
27	0.01194	0.01163	0.01404	0.04071	0.39806	0.14585	0.01024	0.11040	0.16842	0.01560	0.02500	0.01148	0.00840	0.00454	0.00419	0.00128	0.00507	0.00389	0.00285	0.00639
28	0.00526	0.00430	0.00457	0.00453	0.00581	0.00369	0.00335	0.00644	0.00992	0.01231	0.17722	0.05004	0.63703	0.04965	0.00581	0.00155	0.00223	0.00867	0.00401	0.00362
29	0.00600	0.00435	0.00566	0.00533	0.00634	0.00401	0.00400	0.00799	0.01200	0.01695	0.80585	0.03197	0.05604	0.00874	0.00502	0.00134	0.00201	0.00772	0.00467	0.00401
30	0.00804	0.01651	0.55187	0.01140	0.07278	0.00841	0.01246	0.01212	0.02198	0.01416	0.17228	0.05519	0.01372	0.00545	0.00432	0.00136	0.00511	0.00457	0.00254	0.00573
31	0.00916	0.00755	0.00886	0.00634	0.01011	0.00569	0.00508	0.01104	0.00893	0.04023	0.00786	0.00901	0.00644	0.00322	0.00319	0.00065	0.00317	0.00258	0.00261	0.84828
32	0.01589	0.02028	0.01206	0.01096	0.01315	0.83338	0.00822	0.01699	0.01206	0.01041	0.00658	0.00767	0.00548	0.00438	0.00384	0.00110	0.00767	0.00274	0.00219	0.00493
33	0.00969	0.01079	0.02295	0.16170	0.02347	0.01053	0.66918	0.01315	0.00977	0.01315	0.00843	0.01145	0.00632	0.00370	0.00489	0.00143	0.00691	0.00480	0.00211	0.00556
34	0.01034	0.01104	0.05238	0.02226	0.52299	0.02207	0.23332	0.01335	0.02003	0.01381	0.00824	0.01071	0.00665	0.00376	0.00440	0.00130	0.00565	0.00407	0.00215	0.03149
35	0.01081	0.07926	0.04618	0.01764	0.39552	0.05527	0.04513	0.06856	0.08089	0.01415	0.02405	0.01102	0.00775	0.00559	0.03631	0.00152	0.08792	0.00383	0.00245	0.00614
36	0.00625	0.00484	0.00749	0.00721	0.00813	0.00551	0.03256	0.00785	0.00698	0.01007	0.01124	0.01642	0.01043	0.03051	0.79285	0.00656	0.01113	0.00454	0.00228	0.01715
37	0.00990	0.00821	0.00907	0.00694	0.01016	0.06371	0.00552	0.02361	0.00920	0.07275	0.00857	0.01002	0.00701	0.00656	0.09143	0.00141	0.02287	0.00293	0.00268	0.62745
38	0.00726	0.00378	0.00567	0.00567	0.00575	0.00386	0.00386	0.00575	0.00567	0.00764	0.00779	0.01331	0.00772	0.01649	0.09818	0.78942	0.00446	0.00378	0.00189	0.00204
39	0.00608	0.00456	0.00684	0.00684	0.00760	0.00532	0.00532	0.00760	0.00684	0.00988	0.01140	0.01672	0.01064	0.03191	0.83360	0.00684	0.01140	0.00456	0.00228	0.00380
40	0.00931	0.00931	0.01303	0.01117	0.01117	0.01303	0.00931	0.01024	0.00652	0.01024	0.00559	0.00931	0.00559	0.00745	0.01396	0.00186	0.84267	0.00372	0.00186	0.00465
41	0.00959	0.01270	0.15195	0.10805	0.03935	0.01046	0.57693	0.01329	0.00970	0.01331	0.00832	0.01104	0.00621	0.00374	0.00476	0.00142	0.00682	0.00456	0.00207	0.00574
42	0.01033	0.01054	0.01943	0.05959	0.53143	0.01977	0.25884	0.01318	0.00977	0.01364	0.00815	0.01083	0.00659	0.00376	0.00446	0.00132	0.00577	0.00416	0.00211	0.00632
43	0.00619	0.00432	0.00541	0.03654	0.00627	0.00452	0.00358	0.00665	0.00656	0.00887	0.01352	0.07162	0.01505	0.60459	0.17253	0.00437	0.00545	0.01838	0.00259	0.00296
44	0.00846	0.00789	0.01360	0.73183	0.04146	0.00941	0.06977	0.01130	0.00872	0.02708	0.00783	0.01135	0.00586	0.00419	0.00429	0.00140	0.00568	0.00385	0.00199	0.02407
45	0.00804	0.00756	0.01276	0.84023	0.02931	0.00945	0.01182	0.01087	0.00851	0.01087	0.00756	0.01134	0.00567	0.00425	0.00425	0.00142	0.00567	0.00378	0.00189	0.00473
46	0.00602	0.00435	0.00569	0.00535	0.00636	0.00401	0.00401	0.00803	0.01204	0.01706	0.82167	0.03178	0.04015	0.00870	0.00502	0.00134	0.00201	0.00770	0.00468	0.00401
47	0.00885	0.00765	0.00917	0.00655	0.01034	0.00578	0.02202	0.01078	0.00885	0.01386	0.00758	0.00888	0.00631	0.00316	0.00319	0.00065	0.00324	0.00257	0.00251	0.85807
48	0.03062	0.00943	0.00973	0.00868	0.01113	0.02433	0.00677	0.05882	0.74763	0.01812	0.01655	0.01527	0.01241	0.00568	0.00428	0.00143	0.00350	0.00467	0.00425	0.00668
49	0.00540	0.00447	0.00469	0.00460	0.00602	0.00385	0.00348	0.02204	0.01019	0.01249	0.13669	0.03936	0.69782	0.01043	0.00503	0.00143	0.00222	0.02203	0.00405	0.00372
50	0.01149	0.81454	0.04025	0.00740	0.01109	0.01643	0.00745	0.01294	0.00874	0.02909	0.00621	0.00705	0.00558	0.00369	0.00280	0.00093	0.00457	0.00234	0.00190	0.00552
51	0.00956	0.01596	0.36785	0.01416	0.01899	0.04265	0.35216	0.01419	0.06826	0.01371	0.00920	0.01176	0.00702	0.00424	0.00453	0.00140	0.00643	0.02974	0.00222	0.00596
52	0.00793	0.00397	0.00397	0.00397	0.00496	0.00397	0.00297	0.00991	0.00892	0.01586	0.01388	0.01586	0.01091	0.00496	0.00297	0.00099	0.00198	0.00397	0.87408	0.00397
53	0.02489	0.00574	0.00763	0.04620	0.00905	0.04340	0.00588	0.00866	0.00726	0.02861	0.01081	0.01569	0.00992	0.04156	0.67341	0.00583	0.04477	0.00438	0.00232	0.00400
54	0.01061	0.10823	0.08285	0.00889	0.01177	0.02185	0.03343	0.05760	0.48963	0.03350	0.05109	0.01528	0.02190	0.01913	0.00447	0.00140	0.00395	0.01445	0.00371	0.00626
55	0.01096	0.71448	0.02014	0.02311	0.01102	0.04624	0.00723	0.01229	0.00865	0.01010	0.00712	0.05851	0.00694	0.00483	0.01640	0.00110	0.03066	0.00300	0.00197	0.00525
56	0.01138	0.85302	0.02230	0.00728	0.01092	0.01684	0.00728	0.01274	0.00865	0.01001	0.00592	0.00683	0.00546	0.00364	0.00273	0.00091	0.00455	0.00228	0.00182	0.00546
57	0.00994	0.00645	0.00789	0.02586	0.02552	0.02482	0.00534	0.01235	0.06683	0.18884	0.21810	0.06195	0.08225	0.02693	0.04177	0.00155	0.00347	0.01701	0.00394	0.16918
58	0.00699	0.00451	0.00578	0.00548	0.00663	0.00412	0.00413	0.00877	0.01131	0.07941	0.56652	0.10490	0.10288	0.00893	0.00493	0.00138	0.00223	0.02385	0.04309	0.00418
59	0.00793	0.00397	0.00397	0.00397	0.00496	0.00397	0.00297	0.00991	0.00892	0.01586	0.01388	0.01586	0.01091	0.00496	0.00297	0.00099	0.00198	0.00397	0.87408	0.00397
60	0.00810	0.07677	0.02845	0.14954	0.13790	0.00790	0.07548	0.01997	0.00880	0.02793	0.01593	0.03506	0.16143	0.08613	0.13996	0.00248	0.00563	0.00524	0.00259	0.00472
61	0.00702	0.00513	0.00684	0.00639	0.00710	0.00536	0.04371	0.00872	0.08180	0.02298	0.06232	0.06135	0.01577	0.42287	0.15084	0.04147	0.01572	0.02817	0.00290	0.00355
62	0.00853	0.02201	0.82841	0.01213	0.01842	0.00988	0.01572	0.01348	0.00898	0.01348	0.00764	0.00898	0.00539	0.00404	0.00404	0.00135	0.00629	0.00314	0.00180	0.00629
63	0.01909	0.00724	0.00987	0.00757	0.01086	0.00625	0.00625	0.02074	0.01218	0.82687	0.01679	0.01448	0.01053	0.00527	0.00428	0.00132	0.00362	0.00428	0.00527	0.00724
64	0.01334	0.24079	0.01650	0.01082	0.01363	0.42494	0.11915	0.01550	0.05865	0.01119	0.00729	0.00852	0.00606	0.00426	0.00406	0.00114	0.03359	0.00309	0.00220	0.00528
65	0.01025	0.00841	0.02890	0.04275	0.01307	0.04531	0.21107	0.06329	0.02898	0.11947	0.04168	0.04707	0.05004	0.07772	0.07993	0.00211	0.01750	0.05031	0.05708	0.00509
66	0.01004	0.01148	0.02511	0.01793	0.02224	0.01076	0.80846	0.01363	0.01004	0.01363	0.00861	0.01148	0.00646	0.00359	0.00502	0.00143	0.00717	0.00502	0.00215	0.00574
67	0.00623	0.00417	0.00510	0.00519	0.00534	0.00427	0.00326	0.00644	0.00647	0.00872	0.01358	0.06292	0.01523	0.61499	0.13446	0.05595	0.00504	0.03722	0.00261	0.00280
68	0.00980	0.05409	0.05380	0.13526	0.42040	0.00931	0.03820	0.03063	0.00968	0.04374	0.01143	0.06345	0.04573	0.00518	0.00433	0.00134	0.00481	0.03798	0.01497	0.00586
69	0.00797	0.00749	0.01253	0.79342	0.04348	0.00925	0.01152	0.01073	0.00858	0.01095	0.00891	0.01244	0.03635	0.00449	0.00428	0.00142	0.00553	0.00398	0.00197	0.00472
70	0.01128	0.82607	0.04844	0.00744	0.01116	0.01661	0.00755	0.01276	0.00866	0.01012	0.00597	0.00690	0.00546	0.00365	0.00277	0.00092	0.00461	0.00230	0.00182	0.00549
71	0.00960	0.00919	0.01576	0.32754	0.51319	0.00988	0.02883	0.01226	0.00926	0.01277	0.00785	0.01085	0.00634	0.00396	0.00424	0.00132	0.00533	0.00381	0.00203	0.00597
72	0.00927	0.00673	0.00974	0.09101	0.06351	0.01994	0.06084	0.07547	0.01027	0.10608	0.01721	0.25528	0.01767	0.02109	0.00541	0.00165	0.01395	0.20645	0.00360	0.00483
73	0.00620	0.03516	0.00628	0.00543	0.00652	0.00447	0.00413	0.00816	0.01184	0.01668	0.77595	0.04733	0.03865	0.00861	0.00494	0.00133	0.00211	0.00759	0.00457	0.00406
74	0.01076	0.67016	0.16941	0.00813	0.01226	0.01516	0.00874	0.01280	0.00871	0.01079	0.00629	0.00729	0.00548	0.00370	0.00299	0.00098	0.00482	0.00244	0.00184	0.03724
75	0.08172	0.15297	0.02851	0.00946	0.03092	0.24669	0.00767	0.26050	0.04818	0.04881	0.00983	0.01022	0.03716	0.00477	0.00379	0.00118	0.00525	0.00338	0.00307	0.00589
76	0.00958	0.05230	0.59411	0.04493	0.01822	0.05432	0.08700	0.04250	0.00961	0.02387	0.00778	0.00927	0.00564	0.00412	0.00425	0.00133	0.01975	0.00333	0.00199	0.00609
77	0.00506	0.00431	0.00435	0.00434	0.00577	0.00360	0.00326	0.00616	0.00977	0.01166	0.06588	0.04068	0.79932	0.01072	0.00503	0.00143	0.00215	0.00894	0.00397	0.00360
78	0.00556	0.00384	0.00494	0.00561	0.00607	0.00359	0.00385	0.00662	0.00883	0.01226	0.13883	0.62745	0.05057	0.01179	0.00513	0.00159	0.00235	0.01060	0.08695	0.00359
79	0.02457	0.01250	0.01200	0.01033	0.04277	0.21316	0.03343	0.35197	0.04692	0.06578	0.00989	0.01133	0.00772	0.04602	0.06365	0.00179	0.03300	0.00380	0.00335	0.00601
80	0.03683	0.00444	0.00439	0.00439	0.00585	0.00381	0.00330	0.00634	0.00958	0.01176	0.04133	0.05719	0.77530	0.01058	0.00495	0.00144	0.00220	0.00881	0.00390	0.00363
81	0.00539	0.00401	0.00570	0.00640	0.00680	0.00375	0.03322	0.00626	0.00825	0.01100	0.02290	0.80279	0.02729	0.01295	0.00542	0.00172	0.00267	0.02607	0.00388	0.00355
82	0.00841	0.00808	0.01276	0.72771	0.07772	0.04023	0.01148	0.01114	0.00884	0.01127	0.03712	0.01190	0.00698	0.00439	0.00426	0.00139	0.00558	0.00389	0.00202	0.00483
83	0.02422	0.03824	0.05262	0.11077	0.04217	0.10318	0.29855	0.10800	0.01103	0.04024	0.01047	0.06071	0.01890	0.00514	0.00469	0.00139	0.01718	0.04431	0.00267	0.00552
84	0.00843	0.00782	0.01294	0.77794	0.06009	0.00962	0.01173	0.03997	0.00897	0.01157	0.00768	0.01127	0.00577	0.00427	0.00425	0.00141	0.00561	0.00378	0.00199	0.00490

[dist]
# distance from previous block
# <min> <max>
0	1

[block]
# block no. 1 follows, 62 sequences, length 8
# corresponding to MSA columns:
# 121-126,129,130
name=unknown_B
#
# <colnr> <probs for GDERKNQSTAVLIFYWHMCP>
#	G	D	E	R	K	N	Q	S	T	A	V	L	I	F	Y	W	H	M	C	P
0	0.00680	0.00506	0.00662	0.00634	0.00699	0.00556	0.00464	0.05044	0.00842	0.01179	0.16427	0.08771	0.01835	0.24831	0.28720	0.00401	0.06465	0.00610	0.00302	0.00372
1	0.05199	0.06603	0.54176	0.00998	0.01483	0.00931	0.01194	0.01292	0.07309	0.01358	0.01396	0.01447	0.13808	0.00524	0.00408	0.00134	0.00514	0.00413	0.00239	0.00576
2	0.15145	0.37474	0.07934	0.00859	0.01143	0.07842	0.04188	0.01240	0.00832	0.01188	0.00657	0.00878	0.00592	0.04986	0.00574	0.00137	0.13326	0.00293	0.00204	0.00508
3	0.00922	0.00660	0.00527	0.00510	0.00628	0.13813	0.00382	0.01106	0.00943	0.01498	0.01270	0.01454	0.01003	0.00486	0.00311	0.00101	0.00290	0.00377	0.73305	0.00412
4	0.02842	0.00666	0.00811	0.15052	0.01180	0.03719	0.00623	0.02970	0.10017	0.10022	0.24610	0.02342	0.10348	0.02866	0.00513	0.00146	0.01541	0.04873	0.04378	0.00482
5	0.00822	0.00754	0.00771	0.05189	0.00929	0.13689	0.01935	0.00921	0.02034	0.02230	0.03649	0.12081	0.19107	0.08414	0.00846	0.10609	0.06905	0.08429	0.00303	0.00381
6	0.00860	0.00968	0.16365	0.00844	0.01066	0.03372	0.00778	0.13879	0.00967	0.01348	0.03662	0.01471	0.00996	0.06087	0.42086	0.00423	0.03659	0.00427	0.00258	0.00484
7	0.00949	0.09336	0.30072	0.00992	0.01302	0.13265	0.01014	0.01211	0.00933	0.01247	0.13883	0.01278	0.01137	0.00705	0.05394	0.00168	0.15964	0.00393	0.00236	0.00520

[dist]
# distance from previous block
# <min> <max>
3	8

[block]
# block no. 2 follows, 62 sequences, length 20
# corresponding to MSA columns:
# 139-158
name=unknown_C
#
# <colnr> <probs for GDERKNQSTAVLIFYWHMCP>
#	G	D	E	R	K	N	Q	S	T	A	V	L	I	F	Y	W	H	M	C	P
0	0.01030	0.01273	0.24465	0.07561	0.12807	0.02067	0.02456	0.05201	0.14345	0.07208	0.04266	0.01222	0.01603	0.00501	0.00522	0.00138	0.09161	0.00397	0.00280	0.03494
1	0.00967	0.00812	0.02533	0.05843	0.36963	0.00773	0.03270	0.01195	0.02739	0.08457	0.03663	0.12606	0.02569	0.03799	0.02097	0.00153	0.00441	0.02447	0.00288	0.08384
2	0.00801	0.00429	0.00440	0.00418	0.00542	0.00412	0.00316	0.00999	0.00891	0.01568	0.01331	0.01523	0.01049	0.00480	0.00299	0.00096	0.00209	0.00384	0.79587	0.08227
3	0.01127	0.11741	0.06464	0.05189	0.26881	0.04830	0.04726	0.01408	0.05719	0.12255	0.01079	0.04349	0.02224	0.00471	0.00405	0.00123	0.00469	0.01842	0.00277	0.08421
4	0.01846	0.17561	0.07718	0.00841	0.02801	0.03729	0.00737	0.05815	0.00935	0.04106	0.00759	0.01835	0.00638	0.00426	0.00477	0.00102	0.11786	0.00296	0.00243	0.37346
5	0.00538	0.00404	0.00503	0.00565	0.00628	0.00377	0.00397	0.00644	0.01880	0.01117	0.04046	0.52448	0.22023	0.03909	0.04516	0.00197	0.00294	0.04775	0.00384	0.00355
6	0.00755	0.00620	0.00916	0.07574	0.15082	0.02562	0.01771	0.02563	0.00810	0.01107	0.01252	0.16769	0.01277	0.03835	0.27739	0.09265	0.01872	0.03550	0.00258	0.00423
7	0.01006	0.22655	0.31955	0.06320	0.19651	0.04588	0.04112	0.01335	0.02319	0.01250	0.00744	0.00908	0.00590	0.00393	0.00380	0.00122	0.00558	0.00319	0.00195	0.00602
8	0.00936	0.01693	0.01107	0.04474	0.04550	0.00739	0.13153	0.01268	0.11688	0.12129	0.11988	0.03333	0.13453	0.00953	0.09409	0.00202	0.04371	0.03684	0.00352	0.00517
9	0.00618	0.00474	0.00714	0.08149	0.00934	0.00549	0.00570	0.00770	0.00709	0.01001	0.01219	0.09116	0.01190	0.05009	0.66265	0.00582	0.00988	0.00521	0.00240	0.00382
10	0.00963	0.08867	0.35744	0.03415	0.10499	0.10732	0.07541	0.01299	0.02052	0.01300	0.08153	0.01228	0.02562	0.01738	0.02005	0.00143	0.00578	0.00388	0.00227	0.00567
11	0.05158	0.22185	0.25380	0.01201	0.13756	0.04355	0.02772	0.02407	0.11970	0.02404	0.02417	0.01065	0.02305	0.00438	0.00377	0.00123	0.00499	0.00346	0.00243	0.00600
12	0.03242	0.00807	0.01070	0.00824	0.01151	0.03224	0.04407	0.04843	0.03186	0.70199	0.01569	0.01389	0.01003	0.00515	0.00427	0.00132	0.00394	0.00423	0.00492	0.00704
13	0.01460	0.01079	0.14402	0.00963	0.05051	0.02534	0.01754	0.16273	0.05520	0.36753	0.05228	0.02970	0.02959	0.00540	0.00431	0.00133	0.00430	0.00441	0.00414	0.00666
14	0.10362	0.05024	0.23355	0.00895	0.01263	0.02951	0.00884	0.01762	0.26545	0.18054	0.03817	0.01266	0.00987	0.00497	0.00400	0.00134	0.00432	0.00391	0.00350	0.00630
15	0.01636	0.04306	0.04222	0.00958	0.01231	0.46036	0.00771	0.01781	0.01174	0.29620	0.01028	0.01024	0.00734	0.00471	0.00409	0.00119	0.01756	0.00331	0.01815	0.00579
16	0.00695	0.00388	0.00556	0.00556	0.00578	0.00392	0.00381	0.00589	0.00611	0.00812	0.01139	0.01664	0.08131	0.05591	0.12089	0.64491	0.00457	0.00440	0.00213	0.00229
17	0.00787	0.00492	0.00583	0.04474	0.00680	0.00500	0.00363	0.02548	0.03769	0.08284	0.01353	0.02464	0.01414	0.65669	0.01763	0.00348	0.00407	0.00573	0.03188	0.00340
18	0.02762	0.00618	0.02068	0.00592	0.00793	0.00569	0.00477	0.07913	0.07999	0.12485	0.04600	0.03065	0.46779	0.00868	0.00471	0.00141	0.00284	0.04060	0.02977	0.00477
19	0.01084	0.01014	0.01683	0.08414	0.66264	0.01036	0.04244	0.08441	0.01054	0.01483	0.00819	0.01060	0.00670	0.00394	0.00425	0.00128	0.00515	0.00384	0.00229	0.00660

[dist]
# distance from previous block
# <min> <max>
0	2

[block]
# block no. 3 follows, 62 sequences, length 9
# corresponding to MSA columns:
# 166-174
name=unknown_D
#
# <colnr> <probs for GDERKNQSTAVLIFYWHMCP>
#	G	D	E	R	K	N	Q	S	T	A	V	L	I	F	Y	W	H	M	C	P
0	0.00790	0.00742	0.00906	0.15825	0.01250	0.10807	0.00718	0.00956	0.00775	0.01015	0.00963	0.01403	0.00869	0.02152	0.51438	0.00474	0.07869	0.00413	0.00216	0.00418
1	0.65310	0.00881	0.00773	0.00652	0.00934	0.00993	0.00537	0.15720	0.00996	0.08733	0.00760	0.00814	0.00557	0.00427	0.00306	0.00131	0.00357	0.00274	0.00314	0.00530
2	0.01182	0.59235	0.12739	0.00859	0.01232	0.16342	0.00857	0.01361	0.00931	0.01054	0.00626	0.00727	0.00545	0.00383	0.00310	0.00100	0.00535	0.00247	0.00188	0.00548
3	0.00600	0.00721	0.15391	0.00720	0.00871	0.00482	0.00642	0.00769	0.00862	0.01163	0.02174	0.53663	0.07470	0.01128	0.00521	0.00167	0.00333	0.11562	0.00356	0.00404
4	0.63479	0.00833	0.00738	0.06119	0.01020	0.00959	0.00548	0.01416	0.15352	0.01813	0.00815	0.00889	0.00625	0.00427	0.00306	0.00132	0.00346	0.00286	0.00289	0.03607
5	0.10325	0.00668	0.00765	0.00660	0.00877	0.00665	0.00514	0.02658	0.15517	0.13716	0.10301	0.03280	0.07445	0.05043	0.09897	0.02365	0.00408	0.00486	0.00363	0.14045
6	0.03183	0.02805	0.00939	0.00845	0.04307	0.04170	0.04869	0.01156	0.11537	0.05618	0.03865	0.01947	0.15712	0.01408	0.24657	0.00297	0.06439	0.01719	0.00306	0.04220
7	0.31594	0.06383	0.00883	0.00685	0.00918	0.06437	0.02057	0.01202	0.02211	0.07769	0.02646	0.09264	0.05941	0.01884	0.00445	0.00131	0.05539	0.00424	0.01864	0.11724
8	0.07870	0.15349	0.01384	0.18677	0.04587	0.28705	0.02403	0.07532	0.05923	0.01299	0.00763	0.00915	0.00611	0.00435	0.00391	0.00121	0.01948	0.00316	0.00238	0.00531

[dist]
# distance from previous block
# <min> <max>
0	5

[block]
# block no. 4 follows, 62 sequences, length 20
# corresponding to MSA columns:
# 180-199
name=unknown_E
#
# <colnr> <probs for GDERKNQSTAVLIFYWHMCP>
#	G	D	E	R	K	N	Q	S	T	A	V	L	I	F	Y	W	H	M	C	P
0	0.01280	0.00616	0.00824	0.00721	0.00939	0.00568	0.00595	0.03788	0.02664	0.40000	0.20445	0.02667	0.02079	0.00767	0.00485	0.00148	0.00335	0.20039	0.00475	0.00566
1	0.00884	0.01060	0.15192	0.19416	0.19627	0.00845	0.05691	0.01179	0.01913	0.01309	0.02588	0.02047	0.02385	0.00471	0.02092	0.00129	0.00501	0.00374	0.00225	0.22071
2	0.01124	0.10434	0.05150	0.05616	0.13589	0.03198	0.04616	0.06156	0.09007	0.10177	0.01859	0.01113	0.00788	0.00432	0.00412	0.00113	0.02705	0.01111	0.00288	0.22110
3	0.01700	0.00669	0.00895	0.00703	0.00992	0.00585	0.00575	0.01871	0.01181	0.68440	0.06953	0.01578	0.01253	0.00546	0.00418	0.00128	0.00333	0.00447	0.10065	0.00667
4	0.00919	0.00504	0.00701	0.00657	0.00778	0.00512	0.00496	0.01041	0.00824	0.21151	0.01465	0.12979	0.01368	0.14327	0.39774	0.00439	0.00720	0.00575	0.00329	0.00442
5	0.01091	0.00571	0.00777	0.00756	0.00926	0.00541	0.00636	0.02788	0.01052	0.27632	0.01996	0.05917	0.01925	0.05535	0.00618	0.00185	0.00380	0.45747	0.00429	0.00497
6	0.01032	0.01035	0.01904	0.05471	0.59608	0.01025	0.20942	0.01312	0.00973	0.01372	0.00814	0.01080	0.00663	0.00376	0.00441	0.00131	0.00560	0.00409	0.00211	0.00642
7	0.00967	0.01408	0.22346	0.01650	0.02129	0.01054	0.61272	0.01359	0.00978	0.01359	0.00837	0.01086	0.00619	0.00370	0.00478	0.00141	0.00696	0.00456	0.00206	0.00587
8	0.00917	0.00829	0.01349	0.01972	0.57741	0.00827	0.00998	0.01098	0.00874	0.01234	0.01017	0.06006	0.01005	0.21337	0.00859	0.00200	0.00469	0.00483	0.00232	0.00553
9	0.01208	0.00939	0.01220	0.01027	0.01120	0.05571	0.00850	0.01320	0.00821	0.21190	0.00841	0.01050	0.00680	0.00674	0.01102	0.00169	0.59035	0.00381	0.00272	0.00531
10	0.00729	0.00676	0.01068	0.63382	0.02349	0.00801	0.00970	0.00969	0.00880	0.01103	0.01634	0.01865	0.20729	0.00586	0.00445	0.00142	0.00480	0.00507	0.00240	0.00445
11	0.00628	0.00443	0.00582	0.00653	0.00712	0.00436	0.00507	0.00746	0.00855	0.01119	0.02109	0.21498	0.04685	0.21916	0.00965	0.00243	0.00360	0.40836	0.00360	0.00348
12	0.00572	0.00439	0.00476	0.00469	0.00606	0.00374	0.00351	0.00692	0.01001	0.04372	0.14801	0.09469	0.62791	0.01045	0.00503	0.00144	0.00221	0.00884	0.00410	0.00378
13	0.00734	0.00371	0.00551	0.00551	0.00551	0.00371	0.00365	0.00557	0.00557	0.00743	0.00763	0.01353	0.00772	0.04840	0.01683	0.84112	0.00371	0.00380	0.00188	0.00188
14	0.00861	0.01844	0.62604	0.01069	0.01636	0.00884	0.01308	0.01279	0.00894	0.01357	0.00762	0.00894	0.00562	0.00382	0.00382	0.00117	0.00551	0.00299	0.00198	0.22116
15	0.00882	0.00811	0.01226	0.58506	0.07344	0.00977	0.01064	0.01390	0.20803	0.01277	0.01000	0.01241	0.00754	0.00460	0.00427	0.00141	0.00507	0.00404	0.00251	0.00535
16	0.00729	0.00676	0.01068	0.63382	0.02349	0.00801	0.00970	0.00969	0.00880	0.01103	0.01634	0.01865	0.20729	0.00586	0.00445	0.00142	0.00480	0.00507	0.00240	0.00445
17	0.01156	0.00864	0.01204	0.01008	0.01119	0.03002	0.03938	0.01284	0.00822	0.21198	0.00912	0.01143	0.00738	0.00931	0.09901	0.00223	0.49358	0.00398	0.00277	0.00525
18	0.63122	0.00814	0.00732	0.00657	0.04061	0.00861	0.00505	0.01209	0.00773	0.01760	0.00641	0.00753	0.00511	0.00375	0.00282	0.00115	0.00333	0.00242	0.00258	0.21998
19	0.00979	0.00925	0.06687	0.02581	0.04323	0.01765	0.01710	0.01445	0.20842	0.04652	0.01036	0.01094	0.00805	0.00401	0.00365	0.00097	0.00368	0.00331	0.00299	0.49297

[dist]
# distance from previous block
# <min> <max>
0	19

[block]
# block no. 5 follows, 62 sequences, length 6
# corresponding to MSA columns:
# 219-224
name=unknown_F
#
# <colnr> <probs for GDERKNQSTAVLIFYWHMCP>
#	G	D	E	R	K	N	Q	S	T	A	V	L	I	F	Y	W	H	M	C	P
0	0.00783	0.00618	0.00830	0.05561	0.11810	0.00621	0.00613	0.11613	0.01154	0.01575	0.31357	0.20241	0.09826	0.00850	0.00486	0.00142	0.00310	0.00750	0.00390	0.00469
1	0.45915	0.01102	0.11882	0.00813	0.01107	0.01085	0.00748	0.18498	0.01014	0.01882	0.00704	0.00823	0.00541	0.00468	0.00470	0.00139	0.11697	0.00294	0.00277	0.00541
2	0.03909	0.13173	0.04796	0.12107	0.01463	0.14879	0.00842	0.29310	0.09668	0.01748	0.00926	0.01008	0.00703	0.00465	0.00388	0.00123	0.00510	0.00345	0.03038	0.00599
3	0.41679	0.00889	0.01050	0.01071	0.14468	0.04895	0.08231	0.01342	0.00889	0.12486	0.00961	0.08591	0.00812	0.00495	0.00366	0.00135	0.00413	0.00399	0.00295	0.00533
4	0.12606	0.00794	0.00879	0.03054	0.09286	0.04820	0.00667	0.05783	0.19569	0.01484	0.01556	0.02316	0.05348	0.12042	0.00676	0.00185	0.00403	0.17695	0.00336	0.00501
5	0.16838	0.01010	0.01313	0.08159	0.37120	0.04876	0.00975	0.13710	0.06699	0.01680	0.03106	0.01072	0.00765	0.00436	0.00395	0.00129	0.00465	0.00366	0.00275	0.00611

[dist]
# distance from previous block
# <min> <max>
0	279

# created by:
# /st0/software/busco_prod/Augustus/scripts/msa2prfl.pl ./align_prep/132615.fa
