[name]
unknown

[dist]
# distance from previous block
# <min> <max>
0	4

[block]
# block no. 0 follows, 54 sequences, length 9
# corresponding to MSA columns:
# 17-24,26
name=unknown_A
#
# <colnr> <probs for GDERKNQSTAVLIFYWHMCP>
#	G	D	E	R	K	N	Q	S	T	A	V	L	I	F	Y	W	H	M	C	P
0	0.01730	0.07333	0.01207	0.00891	0.01207	0.05623	0.00731	0.16746	0.03799	0.41563	0.01662	0.09992	0.01287	0.00681	0.00477	0.00148	0.00445	0.03274	0.00489	0.00714
1	0.30081	0.01004	0.00948	0.00799	0.01092	0.11003	0.00644	0.05145	0.01195	0.30810	0.09498	0.01506	0.01245	0.00580	0.00420	0.00145	0.00433	0.02398	0.00428	0.00626
2	0.00779	0.00497	0.00637	0.00617	0.00742	0.00449	0.00457	0.00949	0.01196	0.09819	0.42740	0.22555	0.14603	0.01080	0.00559	0.00160	0.00256	0.00951	0.00495	0.00460
3	0.07600	0.12635	0.64834	0.01220	0.01848	0.01190	0.01528	0.01475	0.00976	0.01492	0.00807	0.00947	0.00592	0.00442	0.00417	0.00143	0.00647	0.00329	0.00207	0.00671
4	0.01471	0.01081	0.01193	0.00968	0.01262	0.01175	0.00786	0.56879	0.01911	0.02572	0.11393	0.09631	0.01601	0.00748	0.00505	0.00152	0.00453	0.05051	0.00472	0.00694
5	0.00713	0.00514	0.00698	0.00767	0.00872	0.00499	0.00639	0.00915	0.01129	0.01502	0.21249	0.11645	0.06451	0.01232	0.00620	0.00196	0.00361	0.49112	0.00455	0.00431
6	0.00771	0.00513	0.00614	0.00570	0.00728	0.00451	0.00434	0.00946	0.01227	0.09812	0.40336	0.03751	0.36050	0.01021	0.00548	0.00153	0.00248	0.00873	0.00492	0.00462
7	0.00818	0.01097	0.23419	0.00970	0.05233	0.00715	0.00899	0.01113	0.01149	0.03663	0.39522	0.10760	0.02749	0.00827	0.00576	0.00156	0.04700	0.00706	0.00391	0.00538
8	0.01006	0.26573	0.42818	0.01052	0.01570	0.01219	0.01232	0.01375	0.01027	0.01431	0.11000	0.01248	0.01100	0.00496	0.00413	0.00130	0.00560	0.00381	0.00245	0.05125

[dist]
# distance from previous block
# <min> <max>
1	6

[block]
# block no. 1 follows, 54 sequences, length 8
# corresponding to MSA columns:
# 33-40
name=unknown_B
#
# <colnr> <probs for GDERKNQSTAVLIFYWHMCP>
#	G	D	E	R	K	N	Q	S	T	A	V	L	I	F	Y	W	H	M	C	P
0	0.00998	0.09369	0.39541	0.05443	0.01668	0.08304	0.03213	0.01426	0.05778	0.01457	0.09135	0.03856	0.06664	0.00591	0.00461	0.00145	0.00581	0.00479	0.00277	0.00612
1	0.01124	0.21799	0.01868	0.05140	0.46103	0.01218	0.01143	0.01365	0.01058	0.01450	0.07993	0.01270	0.01038	0.00463	0.00427	0.00128	0.00507	0.00409	0.00253	0.05243
2	0.04194	0.00905	0.01219	0.00918	0.01284	0.00816	0.09875	0.10204	0.04092	0.17747	0.10026	0.01463	0.01247	0.00509	0.00439	0.00118	0.00419	0.00440	0.00392	0.33694
3	0.00640	0.00481	0.00592	0.00564	0.00687	0.00433	0.00423	0.00836	0.01269	0.01736	0.61281	0.03777	0.23504	0.01022	0.00556	0.00151	0.00227	0.00888	0.00499	0.00433
4	0.01325	0.73158	0.02324	0.00860	0.01242	0.12188	0.00820	0.01473	0.01007	0.01115	0.00665	0.00769	0.00605	0.00414	0.00318	0.00104	0.00549	0.00259	0.00207	0.00598
5	0.00890	0.00838	0.01414	0.82296	0.03247	0.01048	0.01309	0.01205	0.00943	0.01205	0.00838	0.01257	0.00629	0.00471	0.00471	0.00157	0.00629	0.00419	0.00210	0.00524
6	0.01005	0.02024	0.53167	0.01573	0.02191	0.01130	0.29146	0.01499	0.01037	0.01499	0.00884	0.01094	0.00639	0.00430	0.00487	0.00153	0.00732	0.00422	0.00213	0.00675
7	0.01145	0.01097	0.01873	0.09319	0.74238	0.01114	0.01436	0.01427	0.01063	0.01513	0.00883	0.01174	0.00737	0.00424	0.00467	0.00141	0.00566	0.00420	0.00231	0.00729

[dist]
# distance from previous block
# <min> <max>
0	5

[block]
# block no. 2 follows, 54 sequences, length 12
# corresponding to MSA columns:
# 46-57
name=unknown_C
#
# <colnr> <probs for GDERKNQSTAVLIFYWHMCP>
#	G	D	E	R	K	N	Q	S	T	A	V	L	I	F	Y	W	H	M	C	P
0	0.01047	0.00881	0.00958	0.00869	0.01097	0.00992	0.00672	0.02105	0.60228	0.01952	0.21332	0.02196	0.02185	0.00720	0.00499	0.00157	0.00336	0.00612	0.00490	0.00672
1	0.00879	0.00439	0.00439	0.00439	0.00549	0.00439	0.00330	0.01099	0.00989	0.01758	0.01538	0.01758	0.01209	0.00549	0.00330	0.00110	0.00220	0.00439	0.86047	0.00439
2	0.00978	0.00838	0.00978	0.00698	0.01117	0.00629	0.00559	0.01187	0.00978	0.01536	0.00838	0.00978	0.00698	0.00349	0.00349	0.00070	0.00349	0.00279	0.00279	0.86312
3	0.00610	0.00427	0.00548	0.00630	0.00654	0.00408	0.00413	0.00677	0.00856	0.01140	0.02319	0.60103	0.02754	0.21783	0.01050	0.00258	0.00326	0.04284	0.00400	0.00361
4	0.00574	0.00410	0.00547	0.00657	0.00684	0.00383	0.00438	0.00657	0.00903	0.01204	0.02599	0.83122	0.03119	0.01477	0.00602	0.00191	0.00274	0.01340	0.00438	0.00383
5	0.00574	0.00410	0.00547	0.00657	0.00684	0.00383	0.00438	0.00657	0.00903	0.01204	0.02599	0.83122	0.03119	0.01477	0.00602	0.00191	0.00274	0.01340	0.00438	0.00383
6	0.00890	0.00838	0.01414	0.82296	0.03247	0.01048	0.01309	0.01205	0.00943	0.01205	0.00838	0.01257	0.00629	0.00471	0.00471	0.00157	0.00629	0.00419	0.00210	0.00524
7	0.00667	0.00482	0.00630	0.00593	0.00704	0.00445	0.00445	0.00890	0.01335	0.01891	0.80239	0.03522	0.04449	0.00964	0.00556	0.00148	0.00222	0.00853	0.00519	0.00445
8	0.00686	0.00457	0.00514	0.00514	0.00514	0.00457	0.00286	0.00686	0.00686	0.00914	0.01486	0.03086	0.01714	0.83430	0.02400	0.00457	0.00457	0.00686	0.00286	0.00286
9	0.00816	0.00449	0.00494	0.00491	0.00597	0.00443	0.00367	0.01029	0.01049	0.01741	0.17911	0.05403	0.01957	0.00775	0.03157	0.00143	0.00258	0.00564	0.61919	0.00438
10	0.01767	0.01527	0.01345	0.01088	0.01418	0.23813	0.00872	0.51213	0.01889	0.05969	0.01066	0.01096	0.00778	0.00544	0.00454	0.00135	0.00596	0.00393	0.03319	0.00718
11	0.01234	0.01062	0.01118	0.01020	0.03901	0.04336	0.00777	0.12496	0.53524	0.01991	0.01772	0.01810	0.03356	0.00645	0.00479	0.00153	0.00416	0.04003	0.00447	0.05461

[dist]
# distance from previous block
# <min> <max>
0	1

[block]
# block no. 3 follows, 54 sequences, length 59
# corresponding to MSA columns:
# 59-117
name=unknown_D
#
# <colnr> <probs for GDERKNQSTAVLIFYWHMCP>
#	G	D	E	R	K	N	Q	S	T	A	V	L	I	F	Y	W	H	M	C	P
0	0.86760	0.00912	0.00693	0.00620	0.00912	0.01058	0.00511	0.01386	0.00802	0.02115	0.00657	0.00766	0.00511	0.00438	0.00292	0.00146	0.00365	0.00255	0.00292	0.00511
1	0.00940	0.00877	0.01390	0.52758	0.03946	0.01104	0.02622	0.03642	0.00924	0.01242	0.00849	0.01303	0.00704	0.03958	0.04459	0.00206	0.17895	0.00435	0.00223	0.00523
2	0.01018	0.01012	0.01418	0.01220	0.01223	0.01412	0.01015	0.01124	0.00723	0.01133	0.00643	0.01062	0.00640	0.00927	0.04559	0.00227	0.79506	0.00416	0.00208	0.00512
3	0.01170	0.01265	0.01353	0.01183	0.01243	0.19732	0.00956	0.01276	0.00863	0.01129	0.00706	0.01106	0.00683	0.04121	0.04750	0.00220	0.57111	0.00402	0.00220	0.00510
4	0.01624	0.01557	0.01517	0.01583	0.21472	0.26153	0.01040	0.35463	0.01655	0.02047	0.00945	0.01054	0.00728	0.00504	0.00456	0.00135	0.00632	0.00386	0.00341	0.00709
5	0.00756	0.00599	0.00683	0.00624	0.00825	0.00528	0.00480	0.02631	0.05688	0.02903	0.13281	0.11934	0.34627	0.00982	0.00519	0.00147	0.00289	0.05149	0.00424	0.16931
6	0.13362	0.01068	0.01120	0.00936	0.01232	0.03844	0.00772	0.39185	0.05209	0.08259	0.06266	0.01944	0.01339	0.00691	0.00479	0.00155	0.00461	0.12562	0.00445	0.00670
7	0.01071	0.34783	0.49740	0.01130	0.01710	0.01402	0.01370	0.01461	0.00981	0.01340	0.00770	0.00900	0.00600	0.00430	0.00390	0.00130	0.00620	0.00310	0.00200	0.00660
8	0.00675	0.00501	0.00738	0.00738	0.00816	0.00579	0.00565	0.00830	0.00752	0.01080	0.01281	0.01950	0.01221	0.09895	0.75260	0.00734	0.01199	0.00520	0.00255	0.00410
9	0.03188	0.01172	0.01171	0.01009	0.01272	0.15658	0.02402	0.25517	0.04286	0.12115	0.03664	0.02108	0.01333	0.00877	0.04952	0.00190	0.02118	0.15922	0.00413	0.00634
10	0.00973	0.00927	0.01436	0.40814	0.22218	0.04055	0.01192	0.01228	0.00944	0.01260	0.00899	0.01329	0.00755	0.03525	0.09919	0.00234	0.07074	0.00433	0.00224	0.00561
11	0.84744	0.00944	0.00708	0.00634	0.00925	0.02966	0.00520	0.01398	0.00815	0.02093	0.00658	0.00768	0.00513	0.00439	0.00295	0.00145	0.00376	0.00256	0.00291	0.00511
12	0.01673	0.01872	0.01302	0.01201	0.04372	0.56831	0.00886	0.09814	0.07317	0.05774	0.01040	0.02417	0.02371	0.00539	0.00444	0.00130	0.00723	0.00378	0.00310	0.00604
13	0.00798	0.00609	0.00736	0.00685	0.00830	0.00617	0.00518	0.03684	0.16764	0.01903	0.57908	0.07588	0.03665	0.00916	0.00541	0.00153	0.00264	0.00804	0.00505	0.00512
14	0.00978	0.00838	0.00978	0.00698	0.01117	0.00629	0.00559	0.01187	0.00978	0.01536	0.00838	0.00978	0.00698	0.00349	0.00349	0.00070	0.00349	0.00279	0.00279	0.86312
15	0.06064	0.01242	0.05920	0.01289	0.01676	0.01227	0.23353	0.30581	0.13473	0.05132	0.01245	0.04492	0.00952	0.00552	0.00492	0.00152	0.00563	0.00504	0.00384	0.00707
16	0.01761	0.02247	0.01336	0.01215	0.01458	0.81537	0.00911	0.01883	0.01336	0.01154	0.00729	0.00850	0.00607	0.00486	0.00425	0.00121	0.00850	0.00304	0.00243	0.00547
17	0.00946	0.02439	0.80987	0.01344	0.02041	0.01095	0.01742	0.01493	0.00995	0.01493	0.00846	0.00995	0.00597	0.00448	0.00448	0.00149	0.00697	0.00348	0.00199	0.00697
18	0.00574	0.00410	0.00547	0.00657	0.00684	0.00383	0.00438	0.00657	0.00903	0.01204	0.02599	0.83122	0.03119	0.01477	0.00602	0.00191	0.00274	0.01340	0.00438	0.00383
19	0.01113	0.01272	0.02782	0.01987	0.02464	0.01192	0.78776	0.01510	0.01113	0.01510	0.00954	0.01272	0.00715	0.00397	0.00556	0.00159	0.00795	0.00556	0.00238	0.00636
20	0.00561	0.00478	0.00483	0.00481	0.00639	0.00400	0.00361	0.00683	0.01083	0.01293	0.07184	0.04505	0.77878	0.01187	0.00557	0.00159	0.00238	0.00991	0.00440	0.00400
21	0.00674	0.00505	0.00758	0.00758	0.00842	0.00589	0.00589	0.00842	0.00758	0.01095	0.01263	0.01852	0.01179	0.03536	0.81561	0.00758	0.01263	0.00505	0.00253	0.00421
22	0.01173	0.01013	0.01066	0.00960	0.01226	0.01173	0.00746	0.02505	0.79636	0.01972	0.01919	0.01759	0.01439	0.00640	0.00480	0.00160	0.00373	0.00533	0.00480	0.00746
23	0.00819	0.00410	0.00614	0.00614	0.00614	0.00410	0.00410	0.00614	0.00614	0.00819	0.00819	0.01433	0.00819	0.01638	0.01843	0.86282	0.00410	0.00410	0.00205	0.00205
24	0.00851	0.00724	0.01199	0.08219	0.12959	0.00729	0.10076	0.01092	0.01054	0.01401	0.01949	0.12625	0.02057	0.01015	0.00592	0.00191	0.00494	0.41902	0.00363	0.00506
25	0.01261	0.83713	0.02471	0.00807	0.01210	0.01866	0.00807	0.01412	0.00958	0.01109	0.00656	0.00756	0.00605	0.00403	0.00303	0.00101	0.00504	0.00252	0.00202	0.00605
26	0.02115	0.00802	0.01094	0.00839	0.01204	0.00693	0.00693	0.02298	0.01350	0.80815	0.01860	0.01605	0.01167	0.00584	0.00474	0.00146	0.00401	0.00474	0.00584	0.00802
27	0.01236	0.01044	0.01102	0.00972	0.01250	0.01202	0.00762	0.10313	0.71725	0.02074	0.01839	0.01695	0.01374	0.00632	0.00479	0.00158	0.00388	0.00522	0.00479	0.00752
28	0.00574	0.00410	0.00547	0.00657	0.00684	0.00383	0.00438	0.00657	0.00903	0.01204	0.02599	0.83122	0.03119	0.01477	0.00602	0.00191	0.00274	0.01340	0.00438	0.00383
29	0.01048	0.01021	0.01427	0.42300	0.07949	0.06825	0.01169	0.05388	0.00983	0.01297	0.00809	0.01179	0.00663	0.00683	0.03842	0.00188	0.22035	0.00413	0.00228	0.00550
30	0.00946	0.02439	0.80987	0.01344	0.02041	0.01095	0.01742	0.01493	0.00995	0.01493	0.00846	0.00995	0.00597	0.00448	0.00448	0.00149	0.00697	0.00348	0.00199	0.00697
31	0.00570	0.00426	0.00531	0.00615	0.00673	0.00387	0.00419	0.00661	0.00943	0.01220	0.03110	0.64683	0.21228	0.01411	0.00591	0.00184	0.00265	0.01259	0.00438	0.00387
32	0.01313	0.00999	0.01083	0.00949	0.01232	0.01124	0.00745	0.05394	0.66993	0.11770	0.01882	0.01716	0.01381	0.00630	0.00479	0.00157	0.00382	0.00522	0.00492	0.00755
33	0.32534	0.01005	0.01177	0.00946	0.01262	0.01080	0.10754	0.21689	0.05538	0.07387	0.01325	0.07034	0.05152	0.00600	0.00431	0.00151	0.00450	0.00484	0.00380	0.00620
34	0.00574	0.00410	0.00547	0.00657	0.00684	0.00383	0.00438	0.00657	0.00903	0.01204	0.02599	0.83122	0.03119	0.01477	0.00602	0.00191	0.00274	0.01340	0.00438	0.00383
35	0.00651	0.00481	0.00607	0.00576	0.00694	0.00438	0.00432	0.00858	0.01296	0.01799	0.68964	0.03674	0.15782	0.00998	0.00556	0.00150	0.00225	0.00874	0.00507	0.00438
36	0.01094	0.01046	0.01783	0.23756	0.60195	0.01101	0.01411	0.01383	0.01039	0.01452	0.00874	0.01191	0.00716	0.00434	0.00468	0.00145	0.00578	0.00420	0.00227	0.00688
37	0.01040	0.23722	0.56135	0.01286	0.06012	0.01299	0.01481	0.01469	0.00990	0.01395	0.00798	0.00942	0.00607	0.00435	0.00411	0.00136	0.00639	0.00327	0.00202	0.00675
38	0.00667	0.00482	0.00630	0.00593	0.00704	0.00445	0.00445	0.00890	0.01335	0.01891	0.80239	0.03522	0.04449	0.00964	0.00556	0.00148	0.00222	0.00853	0.00519	0.00445
39	0.01716	0.02125	0.01309	0.01186	0.01427	0.74059	0.00892	0.05949	0.01366	0.01253	0.00824	0.04110	0.00717	0.00529	0.00435	0.00125	0.00810	0.00351	0.00263	0.00554
40	0.00955	0.00818	0.00950	0.00686	0.01091	0.00616	0.00548	0.01159	0.00983	0.01522	0.01053	0.01172	0.05049	0.00395	0.00361	0.00075	0.00343	0.00318	0.00288	0.81617
41	0.01085	0.38473	0.46175	0.01106	0.01672	0.01437	0.01327	0.01457	0.00979	0.01323	0.00762	0.00889	0.00601	0.00428	0.00383	0.00128	0.00611	0.00306	0.00200	0.00656
42	0.01663	0.00928	0.01099	0.00908	0.01228	0.00956	0.00729	0.06581	0.37467	0.40234	0.01848	0.01650	0.01273	0.00608	0.00477	0.00152	0.00395	0.00499	0.00530	0.00777
43	0.00901	0.00849	0.01433	0.79267	0.06194	0.01050	0.01315	0.01214	0.00948	0.01217	0.00840	0.01254	0.00633	0.00469	0.00471	0.00156	0.00626	0.00419	0.00210	0.00532
44	0.01139	0.00988	0.01482	0.42344	0.19783	0.01122	0.01201	0.18408	0.01275	0.01707	0.05253	0.01333	0.00902	0.00508	0.00475	0.00149	0.00567	0.00444	0.00290	0.00630
45	0.01175	0.01149	0.01864	0.07167	0.73150	0.04288	0.01418	0.01451	0.01077	0.01507	0.00878	0.01159	0.00735	0.00426	0.00465	0.00140	0.00575	0.00415	0.00232	0.00727
46	0.86760	0.00912	0.00693	0.00620	0.00912	0.01058	0.00511	0.01386	0.00802	0.02115	0.00657	0.00766	0.00511	0.00438	0.00292	0.00146	0.00365	0.00255	0.00292	0.00511
47	0.01173	0.01013	0.01066	0.00960	0.01226	0.01173	0.00746	0.02505	0.79636	0.01972	0.01919	0.01759	0.01439	0.00640	0.00480	0.00160	0.00373	0.00533	0.00480	0.00746
48	0.00834	0.00685	0.01050	0.01293	0.21014	0.00747	0.00799	0.01093	0.05156	0.01277	0.01219	0.01695	0.01096	0.04083	0.51903	0.00538	0.00980	0.00486	0.03533	0.00519
49	0.00680	0.00455	0.00516	0.00522	0.00523	0.00453	0.00294	0.00684	0.00697	0.00930	0.01545	0.07360	0.01789	0.79053	0.02304	0.00443	0.00447	0.00721	0.00294	0.00291
50	0.01329	0.61450	0.03525	0.00880	0.01265	0.04880	0.00832	0.10648	0.08693	0.01420	0.00839	0.00905	0.00708	0.00449	0.00347	0.00113	0.00510	0.00303	0.00262	0.00641
51	0.00685	0.00460	0.00527	0.00527	0.00532	0.00464	0.00302	0.00694	0.00690	0.00924	0.01474	0.03020	0.01686	0.79163	0.06628	0.00473	0.00500	0.00676	0.00284	0.00293
52	0.01935	0.00947	0.01169	0.00903	0.01257	0.00921	0.00743	0.26243	0.01621	0.52095	0.05915	0.01561	0.01232	0.00599	0.00478	0.00145	0.00428	0.00479	0.00545	0.00783
53	0.00591	0.00436	0.00535	0.00596	0.00656	0.00400	0.00403	0.00683	0.00951	0.01241	0.09128	0.50283	0.20197	0.10658	0.00792	0.00211	0.00283	0.01151	0.00427	0.00380
54	0.00664	0.00482	0.00626	0.00590	0.00703	0.00444	0.00443	0.00884	0.01328	0.01874	0.78160	0.03550	0.06539	0.00970	0.00556	0.00149	0.00223	0.00857	0.00517	0.00444
55	0.00906	0.00704	0.00868	0.00810	0.00957	0.00803	0.00621	0.08509	0.20981	0.01471	0.01445	0.01913	0.01276	0.12335	0.43638	0.00511	0.00868	0.00527	0.00335	0.00523
56	0.00978	0.00838	0.00978	0.00698	0.01117	0.00629	0.00559	0.01187	0.00978	0.01536	0.00838	0.00978	0.00698	0.00349	0.00349	0.00070	0.00349	0.00279	0.00279	0.86312
57	0.01244	0.41329	0.29635	0.01056	0.01537	0.13651	0.01146	0.01530	0.01036	0.02892	0.00758	0.00871	0.00614	0.00435	0.00375	0.00122	0.00622	0.00298	0.00215	0.00632
58	0.00959	0.00708	0.00844	0.03512	0.01013	0.03702	0.00623	0.09392	0.02280	0.06982	0.04356	0.22767	0.05982	0.06376	0.10775	0.00257	0.02196	0.10151	0.00391	0.06734

[dist]
# distance from previous block
# <min> <max>
1	3

[block]
# block no. 4 follows, 54 sequences, length 43
# corresponding to MSA columns:
# 128-170
name=unknown_E
#
# <colnr> <probs for GDERKNQSTAVLIFYWHMCP>
#	G	D	E	R	K	N	Q	S	T	A	V	L	I	F	Y	W	H	M	C	P
0	0.21635	0.00809	0.00918	0.07944	0.01185	0.00931	0.00701	0.03766	0.15126	0.02850	0.15054	0.02180	0.05288	0.00744	0.00586	0.00164	0.09576	0.08609	0.01391	0.00542
1	0.00676	0.00496	0.00710	0.00710	0.00778	0.00563	0.00530	0.00811	0.00744	0.01059	0.01307	0.02094	0.01284	0.19224	0.66017	0.00699	0.01105	0.00541	0.00259	0.00394
2	0.01004	0.01011	0.01536	0.66174	0.02985	0.08128	0.08574	0.02667	0.01016	0.01260	0.00845	0.01221	0.00638	0.00467	0.00475	0.00154	0.00662	0.00422	0.00220	0.00541
3	0.00850	0.00551	0.00752	0.00821	0.00950	0.00533	0.00700	0.01047	0.01095	0.08351	0.02622	0.10485	0.08514	0.01244	0.00625	0.00205	0.00405	0.59344	0.00448	0.00460
4	0.00872	0.00805	0.01335	0.75123	0.03008	0.00996	0.01220	0.01159	0.00920	0.01179	0.00895	0.01417	0.00724	0.07748	0.00641	0.00183	0.00613	0.00442	0.00216	0.00503
5	0.00958	0.05507	0.78023	0.01324	0.02009	0.01124	0.01707	0.01490	0.00994	0.01479	0.00839	0.00986	0.00598	0.00446	0.00442	0.00147	0.00690	0.00345	0.00199	0.00693
6	0.00562	0.00478	0.00484	0.00482	0.00640	0.00400	0.00362	0.00685	0.01085	0.01298	0.07721	0.04498	0.77337	0.01185	0.00557	0.00159	0.00238	0.00990	0.00441	0.00400
7	0.86760	0.00912	0.00693	0.00620	0.00912	0.01058	0.00511	0.01386	0.00802	0.02115	0.00657	0.00766	0.00511	0.00438	0.00292	0.00146	0.00365	0.00255	0.00292	0.00511
8	0.00961	0.00714	0.00842	0.00749	0.00927	0.00736	0.00581	0.18792	0.08157	0.02071	0.46632	0.09858	0.03198	0.00900	0.00537	0.00153	0.00313	0.02837	0.00495	0.00546
9	0.01173	0.01013	0.01066	0.00960	0.01226	0.01173	0.00746	0.02505	0.79636	0.01972	0.01919	0.01759	0.01439	0.00640	0.00480	0.00160	0.00373	0.00533	0.00480	0.00746
10	0.00900	0.00535	0.00576	0.00555	0.00690	0.00546	0.00422	0.01254	0.11397	0.03682	0.10715	0.02240	0.04666	0.03623	0.00473	0.00140	0.00262	0.03383	0.53459	0.00482
11	0.01607	0.01169	0.01266	0.01020	0.01358	0.01295	0.00827	0.45781	0.28905	0.09454	0.01468	0.01390	0.01054	0.00593	0.00475	0.00148	0.00458	0.00466	0.00484	0.00783
12	0.86760	0.00912	0.00693	0.00620	0.00912	0.01058	0.00511	0.01386	0.00802	0.02115	0.00657	0.00766	0.00511	0.00438	0.00292	0.00146	0.00365	0.00255	0.00292	0.00511
13	0.01170	0.01207	0.02206	0.01623	0.02021	0.08090	0.54714	0.01496	0.01166	0.07279	0.07911	0.01655	0.06076	0.00517	0.00539	0.00154	0.00688	0.00581	0.00300	0.00609
14	0.01077	0.01029	0.01752	0.28591	0.55491	0.01097	0.01403	0.01369	0.01031	0.01432	0.00871	0.01196	0.00709	0.00437	0.00468	0.00146	0.00582	0.00420	0.00226	0.00675
15	0.75954	0.00952	0.00771	0.00674	0.00972	0.01098	0.00554	0.08230	0.04015	0.02185	0.00748	0.00837	0.00573	0.00457	0.00315	0.00146	0.00379	0.00281	0.00315	0.00545
16	0.14208	0.00810	0.00954	0.00738	0.01094	0.00713	0.00601	0.01698	0.02254	0.37176	0.01559	0.01486	0.06427	0.00530	0.00413	0.00123	0.00368	0.00417	0.00432	0.28000
17	0.01244	0.79316	0.06719	0.00836	0.01255	0.01824	0.00857	0.01416	0.00960	0.01130	0.00666	0.00769	0.00605	0.00406	0.00310	0.00103	0.00515	0.00257	0.00202	0.00610
18	0.01261	0.83713	0.02471	0.00807	0.01210	0.01866	0.00807	0.01412	0.00958	0.01109	0.00656	0.00756	0.00605	0.00403	0.00303	0.00101	0.00504	0.00252	0.00202	0.00605
19	0.04777	0.01422	0.01099	0.00995	0.01217	0.34709	0.00754	0.14943	0.07268	0.05324	0.01399	0.21246	0.01344	0.00758	0.00478	0.00147	0.00575	0.00603	0.00366	0.00576
20	0.01144	0.01092	0.01860	0.02806	0.77362	0.01091	0.01407	0.01416	0.01067	0.01527	0.00954	0.04378	0.00840	0.00462	0.00472	0.00142	0.00549	0.00456	0.00241	0.00733
21	0.01229	0.01041	0.01098	0.00971	0.01248	0.01199	0.00760	0.09482	0.72567	0.02064	0.01847	0.01702	0.01381	0.00633	0.00479	0.00158	0.00386	0.00523	0.00479	0.00751
22	0.00574	0.00410	0.00547	0.00657	0.00684	0.00383	0.00438	0.00657	0.00903	0.01204	0.02599	0.83122	0.03119	0.01477	0.00602	0.00191	0.00274	0.01340	0.00438	0.00383
23	0.32613	0.00915	0.01017	0.00815	0.01152	0.00936	0.02277	0.09960	0.04631	0.39175	0.01333	0.01252	0.00894	0.00528	0.00410	0.00146	0.00407	0.00394	0.00455	0.00691
24	0.01198	0.05263	0.02565	0.01823	0.02259	0.11147	0.64096	0.01545	0.01126	0.01441	0.00906	0.01191	0.00695	0.00416	0.00546	0.00152	0.02264	0.00508	0.00237	0.00621
25	0.01501	0.00693	0.00907	0.00766	0.01018	0.00641	0.00606	0.01778	0.08118	0.44873	0.14009	0.12470	0.01952	0.00867	0.03395	0.00174	0.00377	0.00649	0.04551	0.00657
26	0.00998	0.00948	0.01608	0.51452	0.33252	0.01076	0.01363	0.01299	0.00994	0.01335	0.00857	0.01222	0.00674	0.00451	0.00470	0.00150	0.00602	0.00419	0.00219	0.00610
27	0.00696	0.00476	0.00532	0.00529	0.00550	0.00472	0.00310	0.02378	0.00756	0.00996	0.01765	0.06122	0.07621	0.72446	0.02154	0.00418	0.00435	0.00727	0.00307	0.00309
28	0.01229	0.01069	0.01325	0.01084	0.01376	0.07162	0.15191	0.07846	0.35474	0.05671	0.01710	0.01708	0.05814	0.00597	0.00476	0.00149	0.00474	0.00525	0.10458	0.00661
29	0.00564	0.00475	0.00488	0.00490	0.00642	0.00400	0.00366	0.00687	0.01082	0.01304	0.08697	0.07292	0.73521	0.01192	0.00559	0.00160	0.00239	0.01000	0.00442	0.00400
30	0.86760	0.00912	0.00693	0.00620	0.00912	0.01058	0.00511	0.01386	0.00802	0.02115	0.00657	0.00766	0.00511	0.00438	0.00292	0.00146	0.00365	0.00255	0.00292	0.00511
31	0.01298	0.71546	0.02291	0.00856	0.01225	0.10243	0.00815	0.01442	0.00987	0.01111	0.00676	0.00813	0.00625	0.01838	0.00384	0.00112	0.02670	0.00269	0.00208	0.00591
32	0.00675	0.00498	0.00722	0.00722	0.00793	0.00570	0.00544	0.00819	0.00747	0.01068	0.01296	0.02036	0.01258	0.15419	0.69787	0.00713	0.01143	0.00532	0.00258	0.00401
33	0.00633	0.00453	0.00614	0.00718	0.00772	0.00433	0.00534	0.00761	0.00974	0.01291	0.05450	0.56852	0.03047	0.01406	0.00615	0.00198	0.00320	0.24090	0.00440	0.00401
34	0.01261	0.83713	0.02471	0.00807	0.01210	0.01866	0.00807	0.01412	0.00958	0.01109	0.00656	0.00756	0.00605	0.00403	0.00303	0.00101	0.00504	0.00252	0.00202	0.00605
35	0.00567	0.00478	0.00491	0.00488	0.00643	0.00402	0.00366	0.00695	0.01098	0.01328	0.11396	0.04449	0.73644	0.01174	0.00557	0.00158	0.00237	0.00983	0.00445	0.00402
36	0.01800	0.01216	0.01229	0.00975	0.01309	0.11395	0.00791	0.40605	0.01752	0.24613	0.01322	0.01284	0.00916	0.00559	0.00454	0.00137	0.00502	0.00424	0.07980	0.00738
37	0.00557	0.00478	0.00478	0.00478	0.00637	0.00398	0.00358	0.00677	0.01075	0.01274	0.04776	0.04538	0.80297	0.01194	0.00557	0.00159	0.00239	0.00995	0.00438	0.00398
38	0.01180	0.01004	0.01063	0.00949	0.01214	0.01153	0.00740	0.06306	0.72028	0.02019	0.05560	0.01810	0.01548	0.00651	0.00483	0.00158	0.00373	0.00543	0.00481	0.00735
39	0.01028	0.00917	0.01001	0.00741	0.01141	0.04470	0.00588	0.01313	0.06542	0.01549	0.00909	0.01027	0.00746	0.00376	0.00362	0.00079	0.00374	0.00298	0.00292	0.76246
40	0.01040	0.00846	0.00991	0.00712	0.01127	0.00647	0.00571	0.02703	0.01017	0.04852	0.00886	0.01007	0.00720	0.00363	0.00357	0.00074	0.00355	0.00290	0.00296	0.81147
41	0.01459	0.19118	0.15279	0.01125	0.01471	0.43993	0.01019	0.01664	0.01166	0.02784	0.00805	0.00994	0.00676	0.00570	0.02624	0.00143	0.02374	0.01916	0.00237	0.00583
42	0.01121	0.00964	0.01337	0.53036	0.02537	0.05664	0.01121	0.08149	0.04169	0.07081	0.00999	0.02878	0.00765	0.00523	0.00507	0.00151	0.03678	0.00433	0.00279	0.04607

[dist]
# distance from previous block
# <min> <max>
3	33

# created by:
# /st0/software/busco_prod/Augustus/scripts/msa2prfl.pl ./align_prep/132612.fa
