[name]
unknown

[dist]
# distance from previous block
# <min> <max>
0	406

[block]
# block no. 0 follows, 57 sequences, length 20
# corresponding to MSA columns:
# 469-488
name=unknown_A
#
# <colnr> <probs for GDERKNQSTAVLIFYWHMCP>
#	G	D	E	R	K	N	Q	S	T	A	V	L	I	F	Y	W	H	M	C	P
0	0.00942	0.04130	0.09574	0.08615	0.03690	0.00812	0.13755	0.01228	0.02007	0.01450	0.02126	0.03246	0.00834	0.00430	0.00399	0.00110	0.00459	0.00389	0.10331	0.35474
1	0.00936	0.00703	0.00784	0.00656	0.00907	0.00661	0.00512	0.03195	0.18128	0.03242	0.11404	0.01807	0.06622	0.00573	0.00401	0.00112	0.00296	0.00475	0.19237	0.29349
2	0.03473	0.01014	0.01076	0.00893	0.01169	0.03504	0.00706	0.40816	0.11006	0.02156	0.01428	0.18918	0.01299	0.00713	0.00463	0.00141	0.00420	0.00587	0.00417	0.09802
3	0.00689	0.00884	0.18051	0.00780	0.00982	0.01970	0.00714	0.00887	0.00918	0.01263	0.07160	0.39809	0.05786	0.04700	0.06886	0.00218	0.00443	0.02991	0.00346	0.04522
4	0.00959	0.15922	0.68588	0.01206	0.01829	0.01175	0.01525	0.01422	0.00951	0.01374	0.00783	0.00919	0.00575	0.00423	0.00407	0.00136	0.00639	0.00320	0.00192	0.00655
5	0.00808	0.01794	0.58002	0.01057	0.01572	0.00860	0.01292	0.01222	0.00998	0.01419	0.07795	0.01876	0.18177	0.00623	0.00461	0.00145	0.00540	0.00506	0.00264	0.00589
6	0.00783	0.00645	0.01008	0.00824	0.01044	0.00575	0.17439	0.00974	0.01093	0.07545	0.15665	0.07062	0.41698	0.00915	0.00531	0.00152	0.00356	0.00821	0.00403	0.00468
7	0.01087	0.00965	0.01509	0.50749	0.10998	0.01110	0.07065	0.18111	0.01195	0.01579	0.00880	0.01174	0.00658	0.00462	0.00459	0.00146	0.00586	0.00414	0.00260	0.00592
8	0.01367	0.01078	0.09162	0.00909	0.01201	0.01016	0.00786	0.36998	0.09233	0.08808	0.01147	0.01263	0.00863	0.00762	0.00729	0.18787	0.00456	0.00412	0.04406	0.00616
9	0.19395	0.00497	0.00607	0.00592	0.00652	0.00528	0.00414	0.00750	0.00629	0.01055	0.00753	0.01239	0.00723	0.01326	0.01450	0.68168	0.00384	0.00362	0.00215	0.00260
10	0.60192	0.00977	0.01159	0.00917	0.01244	0.01064	0.17544	0.07147	0.00949	0.04063	0.00757	0.00888	0.00570	0.00425	0.00352	0.00143	0.00451	0.00325	0.00289	0.00545
11	0.01409	0.07604	0.03819	0.06004	0.21891	0.01302	0.04783	0.41146	0.03062	0.02129	0.00970	0.01088	0.00734	0.00485	0.00456	0.00136	0.01531	0.00400	0.00340	0.00713
12	0.01493	0.01114	0.01172	0.00928	0.01209	0.03315	0.00735	0.60682	0.01792	0.02385	0.01151	0.01485	0.00954	0.18514	0.00851	0.00201	0.00494	0.00459	0.00409	0.00657
13	0.00778	0.18493	0.00899	0.00555	0.00638	0.00731	0.00382	0.00809	0.00715	0.00919	0.01256	0.02484	0.01418	0.66069	0.01873	0.00366	0.00449	0.00569	0.00257	0.00341
14	0.01080	0.51515	0.16534	0.18557	0.01729	0.01490	0.01042	0.01328	0.00924	0.01153	0.00701	0.00872	0.00585	0.00409	0.00351	0.00117	0.00544	0.00294	0.00195	0.00581
15	0.00939	0.00865	0.01446	0.17494	0.40580	0.00896	0.04802	0.02893	0.00993	0.01367	0.01265	0.21904	0.01268	0.00670	0.00486	0.00151	0.00491	0.00632	0.00275	0.00585
16	0.00597	0.00427	0.00578	0.00683	0.00729	0.00407	0.00499	0.00709	0.00912	0.01207	0.02473	0.63827	0.02898	0.01377	0.00590	0.00190	0.00302	0.20795	0.00420	0.00381
17	0.00752	0.00581	0.00858	0.18500	0.01400	0.00622	0.00834	0.00978	0.01013	0.01310	0.02114	0.04252	0.04231	0.01077	0.00586	0.00195	0.00453	0.59438	0.00371	0.00435
18	0.01179	0.01092	0.01548	0.31405	0.18904	0.06763	0.07177	0.18171	0.01220	0.01602	0.00867	0.01129	0.00671	0.00489	0.00524	0.01268	0.04710	0.00406	0.00265	0.00611
19	0.01673	0.01227	0.01225	0.00980	0.01287	0.13684	0.00793	0.41901	0.01700	0.19372	0.07308	0.01317	0.01080	0.00575	0.00493	0.00137	0.03686	0.00431	0.00436	0.00696

[dist]
# distance from previous block
# <min> <max>
1	8

[block]
# block no. 1 follows, 57 sequences, length 30
# corresponding to MSA columns:
# 497-526
name=unknown_B
#
# <colnr> <probs for GDERKNQSTAVLIFYWHMCP>
#	G	D	E	R	K	N	Q	S	T	A	V	L	I	F	Y	W	H	M	C	P
0	0.27978	0.00801	0.00891	0.00729	0.01027	0.00801	0.00594	0.05872	0.04250	0.40663	0.06762	0.02893	0.03708	0.00577	0.00412	0.00142	0.00361	0.00445	0.00454	0.00641
1	0.62661	0.00856	0.00863	0.24063	0.01516	0.01014	0.00709	0.01282	0.00810	0.01784	0.00681	0.00871	0.00523	0.00430	0.00330	0.00143	0.00423	0.00290	0.00258	0.00494
2	0.00931	0.00883	0.01496	0.60141	0.25374	0.01027	0.01296	0.01224	0.00942	0.01250	0.00819	0.01183	0.00636	0.00439	0.00452	0.00146	0.00585	0.00403	0.00208	0.00564
3	0.00961	0.00913	0.03853	0.07791	0.41960	0.01776	0.01048	0.02701	0.03983	0.01577	0.23747	0.01854	0.01777	0.00646	0.02271	0.00153	0.00464	0.01606	0.00316	0.00606
4	0.00669	0.00448	0.00554	0.00560	0.00619	0.00423	0.00375	0.00766	0.00945	0.04038	0.26609	0.22727	0.06843	0.31034	0.01182	0.00260	0.00314	0.00870	0.00397	0.00367
5	0.00715	0.00544	0.00741	0.23990	0.01242	0.00601	0.00555	0.00801	0.00729	0.00958	0.01250	0.02465	0.01350	0.60257	0.01778	0.00357	0.00486	0.00586	0.00254	0.00340
6	0.01008	0.24667	0.01728	0.46794	0.09986	0.02753	0.03474	0.01275	0.02015	0.01181	0.00775	0.01062	0.00621	0.00430	0.00408	0.00133	0.00569	0.00361	0.00206	0.00553
7	0.00964	0.22983	0.28372	0.00904	0.01260	0.04656	0.02655	0.01203	0.00897	0.02519	0.03857	0.01566	0.01028	0.24265	0.00934	0.00215	0.00543	0.00425	0.00236	0.00519
8	0.00629	0.00426	0.00503	0.00533	0.00541	0.00419	0.00316	0.00651	0.00718	0.00958	0.01732	0.25984	0.02032	0.60532	0.01814	0.00367	0.00389	0.00838	0.00316	0.00301
9	0.00649	0.00512	0.00759	0.24081	0.01354	0.00552	0.00656	0.00796	0.00882	0.01176	0.01979	0.57289	0.02249	0.01112	0.00533	0.00172	0.00358	0.01005	0.03478	0.00409
10	0.25433	0.00760	0.01011	0.32361	0.08686	0.00869	0.00849	0.01132	0.00928	0.01524	0.11325	0.08292	0.02969	0.00605	0.00428	0.00149	0.00437	0.01458	0.00290	0.00494
11	0.08350	0.01346	0.23985	0.02247	0.01352	0.01047	0.00947	0.32145	0.01401	0.02096	0.01054	0.01158	0.00776	0.00496	0.00402	0.00132	0.00473	0.00377	0.19579	0.00637
12	0.03831	0.01764	0.55844	0.01107	0.01595	0.00913	0.01318	0.01253	0.00885	0.01347	0.00921	0.01184	0.00730	0.01276	0.23738	0.00310	0.00814	0.00375	0.00209	0.00588
13	0.00955	0.00702	0.00872	0.00782	0.00930	0.00786	0.00605	0.23267	0.01117	0.01539	0.01211	0.01766	0.01109	0.15035	0.46632	0.00515	0.00891	0.00490	0.00308	0.00489
14	0.01460	0.01546	0.24219	0.01092	0.01533	0.01271	0.01074	0.54705	0.01755	0.02411	0.01023	0.01071	0.00728	0.00511	0.00442	0.00137	0.00537	0.00388	0.03367	0.00730
15	0.00946	0.12421	0.71976	0.01228	0.01863	0.01143	0.01564	0.01425	0.00952	0.01390	0.00791	0.00928	0.00575	0.00425	0.00413	0.00138	0.00647	0.00323	0.00192	0.00659
16	0.01132	0.02291	0.58815	0.01256	0.01802	0.24182	0.01447	0.01542	0.01050	0.01342	0.00781	0.00917	0.00577	0.00441	0.00424	0.00136	0.00712	0.00323	0.00203	0.00629
17	0.01363	0.01675	0.01049	0.00966	0.01176	0.58936	0.00724	0.01479	0.01213	0.01142	0.01808	0.01827	0.23507	0.00661	0.00445	0.00127	0.00650	0.00481	0.00287	0.00485
18	0.00594	0.00478	0.00540	0.00572	0.00710	0.00424	0.00460	0.00737	0.01036	0.01264	0.03932	0.04586	0.57500	0.01179	0.00563	0.00170	0.00286	0.24156	0.00420	0.00393
19	0.01033	0.00526	0.00683	0.00654	0.00773	0.00485	0.00467	0.01124	0.00945	0.25080	0.01976	0.32467	0.02034	0.24698	0.01036	0.00245	0.00357	0.04531	0.00421	0.00464
20	0.00695	0.00426	0.00522	0.00522	0.00522	0.00426	0.00308	0.00639	0.00639	0.00853	0.01245	0.02513	0.01402	0.60576	0.02154	0.25042	0.00426	0.00583	0.00252	0.00252
21	0.00720	0.00394	0.00572	0.00602	0.00609	0.00386	0.00401	0.00602	0.00669	0.00892	0.01274	0.24848	0.01417	0.01530	0.01431	0.62141	0.00356	0.00648	0.00261	0.00246
22	0.01004	0.00530	0.00732	0.00720	0.00856	0.00483	0.01648	0.01134	0.01026	0.24107	0.04882	0.47708	0.02429	0.01125	0.00547	0.00172	0.00321	0.09623	0.00460	0.00494
23	0.01695	0.00672	0.00872	0.00697	0.00978	0.00597	0.00567	0.01880	0.01198	0.58812	0.01700	0.01584	0.01133	0.00551	0.00416	0.00130	0.00336	0.00446	0.25065	0.00672
24	0.00853	0.00972	0.23590	0.00677	0.00944	0.00602	0.00709	0.01154	0.00969	0.01623	0.05351	0.01567	0.01153	0.00521	0.00360	0.00118	0.00342	0.00418	0.57584	0.00493
25	0.00909	0.02344	0.81727	0.01292	0.01961	0.01052	0.01674	0.01435	0.00957	0.01435	0.00813	0.00957	0.00574	0.00431	0.00431	0.00144	0.00670	0.00335	0.00191	0.00670
26	0.00905	0.17760	0.21127	0.03753	0.01567	0.01026	0.20000	0.01186	0.00950	0.01278	0.01281	0.24574	0.01294	0.00693	0.00471	0.00148	0.00538	0.00639	0.00267	0.00547
27	0.00727	0.00596	0.00904	0.01241	0.23610	0.00579	0.00697	0.00859	0.00906	0.01237	0.01955	0.52411	0.02247	0.06565	0.00657	0.00188	0.00358	0.03445	0.00355	0.00463
28	0.01037	0.00990	0.01686	0.28302	0.56388	0.01054	0.01349	0.01317	0.00992	0.01378	0.00837	0.01149	0.00682	0.00419	0.00450	0.00140	0.00559	0.00403	0.00217	0.00650
29	0.00987	0.02702	0.24424	0.25651	0.21453	0.03992	0.05793	0.01365	0.03626	0.01353	0.00917	0.02082	0.01675	0.00459	0.00462	0.00144	0.01675	0.00405	0.00221	0.00615

[dist]
# distance from previous block
# <min> <max>
1	1

[block]
# block no. 2 follows, 57 sequences, length 24
# corresponding to MSA columns:
# 530-553
name=unknown_C
#
# <colnr> <probs for GDERKNQSTAVLIFYWHMCP>
#	G	D	E	R	K	N	Q	S	T	A	V	L	I	F	Y	W	H	M	C	P
0	0.03304	0.01512	0.06830	0.01865	0.01390	0.27335	0.03054	0.22573	0.19899	0.02918	0.01996	0.01244	0.02981	0.00540	0.00441	0.00136	0.00574	0.00409	0.00355	0.00645
1	0.01441	0.20968	0.01500	0.01031	0.03512	0.42682	0.00809	0.06378	0.01187	0.01278	0.00730	0.00842	0.00613	0.00430	0.00373	0.00106	0.00632	0.00287	0.00243	0.14960
2	0.02070	0.01176	0.14577	0.01047	0.08611	0.02070	0.00873	0.12629	0.02314	0.08103	0.00940	0.01036	0.00716	0.00417	0.00401	0.00106	0.01208	0.00332	0.00303	0.41071
3	0.01150	0.13583	0.41188	0.01108	0.04414	0.01061	0.01196	0.01601	0.08298	0.14819	0.06389	0.01256	0.00992	0.00495	0.00425	0.00137	0.00532	0.00393	0.00300	0.00664
4	0.00979	0.00723	0.02991	0.04344	0.17649	0.00693	0.00778	0.02363	0.03853	0.12572	0.19340	0.09345	0.03202	0.01155	0.12640	0.00236	0.00507	0.05701	0.00378	0.00549
5	0.00668	0.00821	0.14091	0.00657	0.00899	0.00569	0.00613	0.00973	0.08317	0.01411	0.15343	0.03400	0.48661	0.00946	0.00511	0.00150	0.00312	0.00791	0.00398	0.00468
6	0.02484	0.02142	0.71253	0.01324	0.06392	0.01019	0.01568	0.01399	0.00975	0.01469	0.05200	0.01095	0.00783	0.00456	0.00434	0.00143	0.00631	0.00364	0.00212	0.00656
7	0.00997	0.01789	0.46567	0.01865	0.31253	0.01059	0.05814	0.01415	0.00990	0.01453	0.00833	0.01032	0.00635	0.00416	0.00441	0.00139	0.00621	0.00370	0.00207	0.02103
8	0.01241	0.09891	0.01686	0.16044	0.36953	0.03426	0.05610	0.01487	0.01052	0.14725	0.01014	0.01260	0.00792	0.00458	0.00442	0.00137	0.00537	0.02313	0.00278	0.00656
9	0.01808	0.00822	0.01131	0.14538	0.01507	0.00790	0.00783	0.09121	0.01308	0.60953	0.01560	0.01445	0.01003	0.00541	0.00455	0.00142	0.00432	0.00442	0.00491	0.00726
10	0.08778	0.00914	0.05796	0.47307	0.06602	0.03853	0.03349	0.01151	0.00881	0.01232	0.00896	0.01425	0.00774	0.14395	0.00746	0.00196	0.00566	0.00427	0.00223	0.00489
11	0.00691	0.00539	0.00637	0.00647	0.01463	0.01499	0.00460	0.05085	0.03157	0.01256	0.05677	0.24970	0.22200	0.14624	0.12808	0.00290	0.02368	0.00857	0.00368	0.00404
12	0.00581	0.00456	0.00518	0.00518	0.00643	0.00414	0.00387	0.00670	0.00935	0.01149	0.03621	0.03612	0.59162	0.01569	0.14305	0.09498	0.00411	0.00818	0.00367	0.00366
13	0.00690	0.00793	0.14228	0.00805	0.00987	0.00633	0.00736	0.00918	0.00826	0.01197	0.09663	0.01814	0.01375	0.02640	0.59901	0.00568	0.01016	0.00496	0.00261	0.00451
14	0.01008	0.27773	0.30767	0.01126	0.08296	0.04102	0.01101	0.01292	0.00940	0.01244	0.00965	0.01487	0.00890	0.09417	0.00605	0.00165	0.00557	0.07463	0.00226	0.00576
15	0.01129	0.33051	0.05273	0.05796	0.01233	0.13759	0.00776	0.01311	0.01014	0.05781	0.11264	0.01348	0.01185	0.00988	0.14045	0.00219	0.00633	0.00392	0.00269	0.00533
16	0.00678	0.00551	0.00765	0.00736	0.00813	0.00646	0.00574	0.00815	0.00770	0.01077	0.01700	0.02163	0.14419	0.07065	0.52732	0.00541	0.12719	0.00561	0.00268	0.00407
17	0.00791	0.00676	0.00846	0.00711	0.00932	0.00635	0.08889	0.13930	0.01220	0.01521	0.03614	0.03480	0.59091	0.00965	0.00522	0.00150	0.00331	0.00820	0.00406	0.00472
18	0.01371	0.01223	0.09789	0.00985	0.01313	0.01195	0.00874	0.50997	0.01691	0.02271	0.01598	0.01611	0.14129	0.00655	0.00559	0.00145	0.08037	0.00491	0.00397	0.00670
19	0.00631	0.00618	0.05181	0.00582	0.00772	0.00482	0.00472	0.00840	0.05643	0.01287	0.03519	0.16947	0.51434	0.01047	0.00514	0.00150	0.00277	0.00887	0.00396	0.08321
20	0.00901	0.15506	0.01016	0.00720	0.00886	0.00826	0.00561	0.15920	0.01149	0.01506	0.07090	0.42119	0.06069	0.02939	0.00538	0.00161	0.00347	0.00872	0.00388	0.00486
21	0.10722	0.01150	0.01216	0.00933	0.01293	0.01230	0.00768	0.58258	0.01787	0.02538	0.00992	0.01026	0.00724	0.00496	0.00415	0.00125	0.00456	0.00367	0.00404	0.15101
22	0.01229	0.01111	0.03567	0.01207	0.16535	0.09540	0.00824	0.12652	0.01186	0.06202	0.00900	0.01018	0.00708	0.00408	0.00392	0.00102	0.00462	0.00330	0.00297	0.41329
23	0.01001	0.01174	0.14884	0.12962	0.41520	0.01000	0.01239	0.01381	0.08221	0.01403	0.00992	0.01355	0.00838	0.09363	0.00646	0.00173	0.00542	0.00429	0.00243	0.00633

[dist]
# distance from previous block
# <min> <max>
2	25

[block]
# block no. 3 follows, 57 sequences, length 14
# corresponding to MSA columns:
# 579-592
name=unknown_D
#
# <colnr> <probs for GDERKNQSTAVLIFYWHMCP>
#	G	D	E	R	K	N	Q	S	T	A	V	L	I	F	Y	W	H	M	C	P
0	0.01359	0.01065	0.01097	0.00925	0.01174	0.07051	0.00726	0.49549	0.01678	0.02202	0.01495	0.26614	0.01445	0.00809	0.00489	0.00149	0.00449	0.00671	0.00427	0.00628
1	0.00755	0.26335	0.01092	0.00663	0.00810	0.00809	0.00525	0.00857	0.00896	0.01134	0.02075	0.52262	0.08011	0.01081	0.00486	0.00155	0.00329	0.00941	0.00351	0.00435
2	0.01369	0.58682	0.02061	0.00858	0.01238	0.01673	0.00802	0.25571	0.01294	0.01619	0.00771	0.00838	0.00640	0.00436	0.00341	0.00109	0.00489	0.00293	0.00274	0.00640
3	0.01500	0.01053	0.01314	0.26323	0.01899	0.01174	0.00955	0.44108	0.01630	0.13858	0.01103	0.01192	0.00771	0.00518	0.00454	0.00141	0.00515	0.00413	0.00391	0.00688
4	0.00809	0.00721	0.01181	0.48494	0.02212	0.00826	0.05973	0.01110	0.02883	0.01410	0.25630	0.01904	0.01775	0.00600	0.00480	0.00147	0.00479	0.00543	0.02334	0.00490
5	0.00708	0.00569	0.00838	0.26031	0.01432	0.00606	0.00684	0.00949	0.01166	0.01613	0.56232	0.02712	0.03141	0.00780	0.00509	0.00145	0.00334	0.00691	0.00407	0.00451
6	0.00872	0.01281	0.26187	0.57748	0.02763	0.01021	0.01387	0.01243	0.00922	0.01243	0.00808	0.01130	0.00595	0.00446	0.00446	0.00149	0.00624	0.00382	0.00198	0.00555
7	0.07383	0.10794	0.42123	0.01070	0.01552	0.01154	0.01193	0.01719	0.25491	0.01581	0.01098	0.01142	0.00819	0.00482	0.00414	0.00141	0.00530	0.00373	0.00282	0.00662
8	0.00603	0.00490	0.00582	0.00554	0.00697	0.00436	0.02264	0.00786	0.02981	0.01451	0.30666	0.05768	0.47423	0.01049	0.00536	0.00151	0.00244	0.02462	0.00444	0.00412
9	0.00963	0.00987	0.00811	0.00751	0.00899	0.25705	0.00563	0.01144	0.01276	0.01581	0.53951	0.02620	0.05394	0.00791	0.00496	0.00135	0.00401	0.00661	0.00415	0.00456
10	0.01362	0.01669	0.04439	0.26566	0.07786	0.48105	0.01062	0.01563	0.01136	0.01164	0.00748	0.00966	0.00599	0.00457	0.00426	0.00130	0.00725	0.00336	0.00221	0.00538
11	0.04490	0.01298	0.01399	0.39621	0.11324	0.27575	0.03203	0.01410	0.01038	0.01218	0.00767	0.01047	0.00608	0.00458	0.00461	0.00139	0.02826	0.00364	0.00218	0.00537
12	0.01350	0.01585	0.01214	0.01119	0.01329	0.51081	0.06581	0.01514	0.01194	0.01210	0.01241	0.02173	0.01217	0.00703	0.00485	0.00148	0.00690	0.24377	0.00290	0.00498
13	0.00690	0.00494	0.00677	0.00738	0.00837	0.00481	0.00614	0.00890	0.01104	0.01484	0.26691	0.10324	0.03151	0.01164	0.00594	0.00186	0.00343	0.48676	0.00443	0.00417

[dist]
# distance from previous block
# <min> <max>
1	1

[block]
# block no. 4 follows, 57 sequences, length 49
# corresponding to MSA columns:
# 596-644
name=unknown_E
#
# <colnr> <probs for GDERKNQSTAVLIFYWHMCP>
#	G	D	E	R	K	N	Q	S	T	A	V	L	I	F	Y	W	H	M	C	P
0	0.02358	0.03844	0.28438	0.02846	0.02946	0.07510	0.11762	0.05710	0.02512	0.04068	0.00871	0.01016	0.00660	0.00422	0.00433	0.00123	0.01881	0.00353	0.00252	0.21997
1	0.00986	0.00847	0.00961	0.00733	0.01100	0.00734	0.00582	0.01455	0.20631	0.01580	0.01063	0.01126	0.00848	0.00405	0.00367	0.00089	0.00341	0.00329	0.00316	0.65509
2	0.01098	0.00935	0.01028	0.00874	0.01157	0.01008	0.00688	0.03335	0.54231	0.02988	0.01511	0.01457	0.01153	0.00552	0.00481	0.00134	0.04482	0.00444	0.00402	0.22044
3	0.00952	0.00841	0.01035	0.00808	0.01082	0.00819	0.00653	0.03109	0.03381	0.01438	0.04901	0.02269	0.02039	0.00519	0.00644	0.00111	0.20870	0.00363	0.00277	0.53891
4	0.01083	0.03568	0.01319	0.02527	0.01235	0.03109	0.00909	0.05376	0.21681	0.01390	0.00954	0.01171	0.00810	0.00708	0.01088	0.00178	0.51622	0.00421	0.00281	0.00571
5	0.01030	0.00800	0.00875	0.00804	0.00991	0.00892	0.00606	0.01865	0.51290	0.05611	0.01776	0.02232	0.01519	0.21330	0.00929	0.00228	0.00384	0.05832	0.00417	0.00590
6	0.00795	0.21228	0.00972	0.00576	0.00676	0.00781	0.00413	0.00839	0.00727	0.00934	0.01219	0.02352	0.01358	0.59327	0.05789	0.00369	0.00489	0.00547	0.00253	0.00357
7	0.01127	0.61530	0.24455	0.00919	0.01385	0.01587	0.01025	0.01379	0.00931	0.01169	0.00681	0.00791	0.00579	0.00400	0.00330	0.00110	0.00536	0.00268	0.00193	0.00606
8	0.01204	0.06587	0.57259	0.01142	0.01717	0.00998	0.01374	0.01622	0.01039	0.21263	0.01044	0.01089	0.00710	0.00460	0.00429	0.00140	0.00589	0.00360	0.00283	0.00690
9	0.01794	0.00883	0.01453	0.01080	0.01457	0.00785	0.20220	0.02021	0.01241	0.61717	0.01572	0.01463	0.01014	0.00517	0.00475	0.00143	0.00479	0.00475	0.00479	0.00732
10	0.00941	0.01017	0.02142	0.01593	0.01944	0.00953	0.59988	0.01248	0.01019	0.01378	0.01308	0.21674	0.01260	0.00639	0.00546	0.00161	0.00640	0.00721	0.00277	0.00551
11	0.00737	0.00677	0.01209	0.01022	0.01204	0.00633	0.25095	0.02201	0.00982	0.01306	0.04567	0.45625	0.09336	0.01039	0.00558	0.00170	0.00421	0.02399	0.00364	0.00454
12	0.00970	0.01036	0.02059	0.01507	0.01885	0.00970	0.56011	0.05188	0.01114	0.01466	0.01835	0.01993	0.20603	0.00580	0.00531	0.00152	0.00618	0.00633	0.00288	0.00563
13	0.00569	0.00466	0.00533	0.00531	0.00664	0.00430	0.00403	0.00700	0.00970	0.01211	0.07595	0.03673	0.57404	0.01694	0.20785	0.00295	0.00473	0.00833	0.00381	0.00390
14	0.00766	0.00606	0.00802	0.00776	0.00901	0.00705	0.00604	0.01205	0.20472	0.01261	0.01370	0.01758	0.01195	0.02709	0.62011	0.00586	0.01002	0.00492	0.00297	0.00482
15	0.00985	0.00830	0.00901	0.00850	0.01049	0.00939	0.00644	0.01968	0.60721	0.01713	0.02006	0.22026	0.01783	0.00814	0.00490	0.00161	0.00335	0.00705	0.00451	0.00631
16	0.00596	0.00426	0.00576	0.00681	0.00727	0.00406	0.00497	0.00707	0.00911	0.01206	0.02473	0.64292	0.02901	0.01378	0.00590	0.00190	0.00301	0.20341	0.00420	0.00380
17	0.00795	0.00638	0.00893	0.00922	0.01001	0.00736	0.00795	0.00976	0.00957	0.01290	0.01952	0.04091	0.02109	0.01138	0.00839	0.00206	0.20936	0.58925	0.00363	0.00437
18	0.00953	0.00948	0.01456	0.21493	0.01744	0.01250	0.06973	0.01123	0.00779	0.01136	0.00719	0.03137	0.00664	0.00694	0.01136	0.00183	0.54472	0.00431	0.00207	0.00503
19	0.00944	0.21501	0.01611	0.62621	0.02636	0.01202	0.01139	0.01207	0.00910	0.01135	0.00762	0.01089	0.00598	0.00437	0.00413	0.00138	0.00574	0.00363	0.00199	0.00523
20	0.01338	0.63767	0.02123	0.00842	0.01223	0.01697	0.00797	0.20773	0.01220	0.01509	0.00743	0.00816	0.00628	0.00426	0.00331	0.00107	0.00488	0.00283	0.00258	0.00628
21	0.01456	0.01075	0.01203	0.00965	0.01258	0.01197	0.00788	0.60185	0.01783	0.02409	0.01119	0.01259	0.00860	0.01251	0.20723	0.00283	0.00676	0.00427	0.00401	0.00680
22	0.00720	0.00565	0.00781	0.00714	0.00875	0.00576	0.00559	0.00891	0.00781	0.01157	0.01113	0.01572	0.01018	0.02640	0.61980	0.00564	0.00996	0.00432	0.00249	0.21818
23	0.00919	0.00805	0.01044	0.21062	0.01581	0.00704	0.00716	0.01145	0.00931	0.01398	0.00805	0.01006	0.00655	0.00365	0.00365	0.00088	0.00402	0.00302	0.00252	0.65456
24	0.00807	0.00715	0.01145	0.62551	0.02470	0.00866	0.01015	0.01034	0.00845	0.01089	0.00960	0.01643	0.00863	0.21168	0.00912	0.00222	0.00563	0.00466	0.00219	0.00447
25	0.00655	0.00445	0.00522	0.00513	0.00539	0.00436	0.00312	0.00708	0.00813	0.01111	0.21142	0.03069	0.02298	0.63477	0.01867	0.00366	0.00383	0.00699	0.00330	0.00312
26	0.00874	0.00872	0.00742	0.00713	0.00845	0.20683	0.00526	0.01030	0.01187	0.01463	0.39110	0.15096	0.13289	0.00917	0.00510	0.00144	0.00373	0.00778	0.00411	0.00437
27	0.01673	0.01835	0.01294	0.01118	0.01391	0.54124	0.00863	0.25024	0.05514	0.01668	0.00873	0.00942	0.00679	0.00497	0.00425	0.00124	0.00699	0.00337	0.00310	0.00608
28	0.01529	0.01154	0.01256	0.00951	0.01323	0.01207	0.00781	0.60267	0.01835	0.02514	0.01018	0.01051	0.00746	0.00492	0.00424	0.00119	0.00458	0.00373	0.00408	0.22093
29	0.00936	0.05963	0.13974	0.05029	0.01322	0.00808	0.06933	0.05882	0.03986	0.04560	0.05366	0.21718	0.02627	0.00705	0.00459	0.00136	0.00432	0.00620	0.00326	0.18219
30	0.00739	0.00563	0.00825	0.01977	0.07049	0.00554	0.04614	0.01880	0.00935	0.05220	0.03314	0.28393	0.18156	0.01647	0.20787	0.00304	0.00553	0.01685	0.00357	0.00448
31	0.00767	0.00621	0.00950	0.01184	0.20664	0.00664	0.00704	0.00919	0.00788	0.01119	0.01173	0.01886	0.01147	0.21002	0.43823	0.00515	0.00870	0.00505	0.00245	0.00453
32	0.01260	0.00916	0.01496	0.27660	0.33766	0.00960	0.02399	0.01514	0.01051	0.21208	0.01065	0.01252	0.00779	0.00466	0.00474	0.00143	0.02217	0.00418	0.00300	0.00657
33	0.02439	0.00892	0.01225	0.16998	0.10555	0.04569	0.07572	0.06108	0.16980	0.04632	0.01496	0.21732	0.01401	0.00723	0.00487	0.00155	0.00467	0.00650	0.00345	0.00573
34	0.00958	0.00510	0.00681	0.00667	0.00798	0.00461	0.00493	0.01090	0.01062	0.22201	0.16160	0.43645	0.04990	0.01097	0.00539	0.00165	0.00290	0.03239	0.00471	0.00485
35	0.01619	0.00820	0.01109	0.00906	0.01142	0.00861	0.00748	0.05836	0.01157	0.49484	0.01522	0.05693	0.01141	0.00695	0.00726	0.00160	0.20913	0.04351	0.00451	0.00665
36	0.00900	0.05148	0.05705	0.21315	0.03472	0.00950	0.30295	0.02445	0.00983	0.01310	0.01263	0.21628	0.01230	0.00662	0.00505	0.00156	0.00574	0.00660	0.00270	0.00531
37	0.00960	0.00772	0.01053	0.00987	0.05066	0.00797	0.08203	0.20425	0.02865	0.01665	0.02771	0.32355	0.08954	0.00974	0.00562	0.00165	0.02929	0.07577	0.00395	0.00526
38	0.11703	0.05669	0.01303	0.00977	0.01292	0.07891	0.10184	0.09628	0.09923	0.25463	0.01254	0.02410	0.00916	0.00663	0.04564	0.00168	0.02212	0.00423	0.00384	0.02974
39	0.25936	0.11117	0.03196	0.00897	0.01202	0.21638	0.00747	0.18414	0.03234	0.04165	0.00832	0.00908	0.00644	0.00471	0.00386	0.00128	0.01879	0.00313	0.01711	0.02180
40	0.29591	0.01169	0.06434	0.00875	0.02148	0.07064	0.00741	0.28410	0.02409	0.04798	0.04994	0.01175	0.03293	0.00518	0.00393	0.00134	0.00450	0.00375	0.00356	0.04675
41	0.05422	0.06778	0.05092	0.02166	0.01214	0.02383	0.00715	0.23150	0.03627	0.01864	0.04673	0.01299	0.03303	0.00493	0.00396	0.00110	0.00415	0.02316	0.00334	0.34249
42	0.06020	0.04450	0.02168	0.01059	0.09223	0.06162	0.03492	0.10444	0.06499	0.23231	0.01192	0.02913	0.00885	0.00486	0.00414	0.00122	0.00445	0.00395	0.00373	0.20027
43	0.08428	0.06485	0.06220	0.00839	0.01219	0.04074	0.02167	0.15360	0.02256	0.13694	0.00999	0.01070	0.00752	0.01803	0.00413	0.00114	0.00433	0.00337	0.00337	0.33001
44	0.18804	0.02306	0.03417	0.06075	0.01270	0.00897	0.02135	0.15121	0.01147	0.09408	0.00964	0.03530	0.00757	0.00456	0.00377	0.00114	0.00407	0.00352	0.00327	0.32134
45	0.08901	0.08013	0.05441	0.00929	0.01282	0.04944	0.03433	0.31958	0.05161	0.09043	0.04487	0.01175	0.00916	0.00503	0.00412	0.00126	0.00465	0.00387	0.02139	0.10285
46	0.04575	0.03966	0.01239	0.01021	0.06872	0.07959	0.03569	0.22319	0.04211	0.04527	0.01091	0.01198	0.03664	0.00478	0.00418	0.00113	0.01492	0.01270	0.00332	0.29686
47	0.08170	0.02880	0.07176	0.02280	0.01263	0.02999	0.04463	0.07696	0.13580	0.33030	0.01707	0.01614	0.08329	0.00580	0.00445	0.00141	0.00428	0.00472	0.00431	0.02318
48	0.09220	0.06308	0.06968	0.01006	0.01329	0.02196	0.10475	0.08736	0.23462	0.12003	0.03544	0.05438	0.01124	0.00572	0.00474	0.00144	0.02982	0.00478	0.00374	0.03169

[dist]
# distance from previous block
# <min> <max>
0	162

# created by:
# /st0/software/busco_prod/Augustus/scripts/msa2prfl.pl ./align_prep/132643.fa
