[name]
unknown

[dist]
# distance from previous block
# <min> <max>
6	30

[block]
# block no. 0 follows, 55 sequences, length 43
# corresponding to MSA columns:
# 33-75
name=unknown_A
#
# <colnr> <probs for GDERKNQSTAVLIFYWHMCP>
#	G	D	E	R	K	N	Q	S	T	A	V	L	I	F	Y	W	H	M	C	P
0	0.01197	0.16427	0.12647	0.00940	0.02494	0.07038	0.00851	0.12141	0.13037	0.06463	0.15205	0.03046	0.05334	0.00629	0.00450	0.00138	0.00462	0.00503	0.00372	0.00626
1	0.02481	0.10100	0.04651	0.02807	0.03459	0.08581	0.01865	0.17707	0.13449	0.05446	0.17140	0.03235	0.05816	0.00657	0.00465	0.00140	0.00449	0.00533	0.00399	0.00621
2	0.02888	0.01054	0.04143	0.01100	0.09712	0.08664	0.04100	0.15941	0.07595	0.06727	0.11961	0.05229	0.13510	0.00699	0.00483	0.00143	0.00447	0.00587	0.00393	0.04625
3	0.06344	0.07613	0.20375	0.01227	0.13691	0.02383	0.02531	0.04016	0.09847	0.03362	0.13772	0.01853	0.08704	0.00621	0.00460	0.00144	0.00470	0.01639	0.00331	0.00615
4	0.15283	0.08356	0.07243	0.01335	0.21681	0.02630	0.00907	0.05418	0.07246	0.06430	0.03949	0.04524	0.04631	0.00541	0.00420	0.00135	0.00451	0.00442	0.00317	0.08061
5	0.04309	0.03286	0.27190	0.03983	0.09516	0.05329	0.04148	0.06279	0.08793	0.08973	0.04583	0.03819	0.01003	0.00524	0.00449	0.00141	0.00542	0.00435	0.00312	0.06384
6	0.03244	0.04582	0.49117	0.01258	0.06609	0.01034	0.03390	0.03283	0.06163	0.01577	0.06539	0.01213	0.00936	0.00479	0.00438	0.00138	0.00576	0.00390	0.00256	0.08779
7	0.02186	0.12360	0.14077	0.01003	0.03470	0.00924	0.08205	0.07213	0.04446	0.01531	0.11332	0.24096	0.03250	0.00827	0.00497	0.00155	0.00447	0.03081	0.00350	0.00550
8	0.01601	0.01313	0.01287	0.01066	0.02930	0.11114	0.00842	0.51093	0.15128	0.02455	0.01216	0.01221	0.00894	0.00557	0.00454	0.00139	0.00512	0.00423	0.05023	0.00731
9	0.00707	0.00549	0.00792	0.00774	0.00863	0.00647	0.00605	0.00930	0.04707	0.01167	0.05485	0.01869	0.01319	0.03071	0.69193	0.00658	0.05443	0.00513	0.00272	0.00437
10	0.01059	0.29773	0.43534	0.01138	0.01672	0.01321	0.05450	0.04184	0.01014	0.01384	0.00873	0.05011	0.00729	0.00479	0.00408	0.00133	0.00601	0.00374	0.00221	0.00642
11	0.01136	0.32046	0.39847	0.01140	0.03004	0.03481	0.03612	0.02655	0.03832	0.04030	0.00842	0.00952	0.00650	0.00438	0.00395	0.00129	0.00599	0.00327	0.00227	0.00656
12	0.01195	0.01067	0.01832	0.09059	0.64818	0.01072	0.05217	0.01473	0.01071	0.07308	0.00945	0.01195	0.00756	0.00429	0.00466	0.00141	0.00558	0.00425	0.00254	0.00718
13	0.00602	0.00439	0.00539	0.00581	0.00662	0.00399	0.00410	0.00733	0.01039	0.01401	0.22230	0.41291	0.20822	0.01219	0.00558	0.00167	0.00247	0.01078	0.05185	0.00399
14	0.01188	0.08534	0.06390	0.07438	0.34464	0.07904	0.06430	0.04458	0.01129	0.06046	0.06159	0.04804	0.01975	0.00525	0.00461	0.00139	0.00553	0.00471	0.00283	0.00649
15	0.00944	0.00933	0.00887	0.00838	0.00924	0.18633	0.00622	0.01044	0.00872	0.01068	0.01305	0.06313	0.04378	0.21691	0.25753	0.00407	0.12149	0.00549	0.00266	0.00420
16	0.00919	0.00556	0.00661	0.00613	0.00763	0.00547	0.00466	0.01259	0.10860	0.09927	0.34542	0.07124	0.03955	0.00789	0.00470	0.00139	0.00258	0.00677	0.24967	0.00506
17	0.01727	0.01872	0.01335	0.01147	0.01432	0.52344	0.00888	0.27459	0.04400	0.01760	0.00892	0.00963	0.00692	0.00511	0.00437	0.00128	0.00714	0.00347	0.00323	0.00630
18	0.03170	0.00930	0.07104	0.00834	0.02308	0.01937	0.00704	0.11570	0.03426	0.23289	0.17199	0.03528	0.06746	0.00651	0.00465	0.00134	0.00384	0.00538	0.00440	0.14643
19	0.00563	0.00481	0.00485	0.00482	0.00640	0.00408	0.00362	0.00704	0.02502	0.01281	0.06068	0.04409	0.77704	0.01164	0.00548	0.00157	0.00238	0.00971	0.00434	0.00400
20	0.02049	0.00854	0.01118	0.00857	0.01219	0.00776	0.00708	0.11607	0.01435	0.71584	0.01748	0.01527	0.01108	0.00574	0.00468	0.00143	0.00410	0.00462	0.00562	0.00792
21	0.01153	0.01178	0.02047	0.03621	0.43751	0.03958	0.24584	0.02825	0.03955	0.01506	0.00913	0.01185	0.00738	0.00448	0.00557	0.00148	0.06056	0.00454	0.00243	0.00680
22	0.00965	0.00827	0.00965	0.00689	0.01102	0.00620	0.00551	0.01171	0.00965	0.01516	0.00827	0.00965	0.00689	0.00345	0.00345	0.00069	0.00345	0.00276	0.00276	0.86494
23	0.00708	0.00509	0.00699	0.00802	0.00897	0.00501	0.00675	0.00893	0.01037	0.01349	0.02577	0.19518	0.06039	0.01312	0.00630	0.00207	0.00391	0.60410	0.00429	0.00418
24	0.02038	0.00782	0.01068	0.00829	0.01179	0.00678	0.00686	0.02220	0.01322	0.78160	0.01858	0.01717	0.01207	0.00602	0.00474	0.00147	0.00397	0.03286	0.00570	0.00778
25	0.07893	0.03851	0.01204	0.00883	0.01258	0.01115	0.00725	0.38566	0.05672	0.02245	0.01002	0.01055	0.00759	0.00470	0.00403	0.00114	0.00432	0.00355	0.00375	0.31625
26	0.01170	0.01084	0.01777	0.15482	0.58387	0.01130	0.03030	0.09412	0.01156	0.01612	0.00894	0.01164	0.00723	0.00437	0.00464	0.00141	0.00564	0.00418	0.00251	0.00705
27	0.01201	0.01099	0.01846	0.02736	0.75817	0.01099	0.01387	0.03505	0.01099	0.04400	0.00916	0.01166	0.00753	0.00424	0.00461	0.00138	0.00546	0.00417	0.00249	0.00740
28	0.00591	0.00437	0.00607	0.00678	0.00728	0.00408	0.02508	0.00694	0.00935	0.01250	0.07983	0.71308	0.05449	0.01382	0.00589	0.00185	0.00283	0.03164	0.00432	0.00390
29	0.01484	0.00919	0.01055	0.00886	0.01178	0.00975	0.00706	0.10625	0.39546	0.27273	0.05983	0.01713	0.01417	0.00620	0.00470	0.00149	0.00380	0.00510	0.03378	0.00734
30	0.01144	0.01098	0.01875	0.04953	0.78707	0.01103	0.01424	0.01421	0.01056	0.01511	0.00874	0.01154	0.00734	0.00416	0.00461	0.00139	0.00554	0.00414	0.00230	0.00731
31	0.01142	0.01095	0.01871	0.05688	0.77992	0.01103	0.01423	0.01419	0.01055	0.01508	0.00873	0.01155	0.00733	0.00416	0.00461	0.00139	0.00555	0.00414	0.00229	0.00729
32	0.00630	0.00468	0.00499	0.00509	0.00639	0.00419	0.00375	0.00795	0.02879	0.01394	0.09805	0.14455	0.48602	0.01075	0.00515	0.00152	0.00239	0.00911	0.15230	0.00409
33	0.00705	0.00540	0.00795	0.04815	0.00947	0.00640	0.00621	0.00871	0.00772	0.01125	0.01260	0.05405	0.01195	0.04034	0.63428	0.00619	0.06427	0.00524	0.04852	0.00424
34	0.01151	0.01105	0.01888	0.02855	0.80748	0.01105	0.01428	0.01428	0.01059	0.01520	0.00875	0.01151	0.00737	0.00415	0.00461	0.00138	0.00553	0.00415	0.00230	0.00737
35	0.00624	0.00411	0.00520	0.00606	0.00647	0.00390	0.00409	0.00727	0.00901	0.01280	0.02349	0.66689	0.02703	0.03220	0.00587	0.00181	0.00265	0.01146	0.15961	0.00386
36	0.00569	0.00470	0.00499	0.00496	0.00641	0.00401	0.00370	0.00704	0.01102	0.01363	0.18053	0.06136	0.65298	0.01145	0.00551	0.00156	0.00234	0.00965	0.00446	0.00401
37	0.01135	0.01148	0.04954	0.05033	0.75516	0.01102	0.01435	0.01423	0.01053	0.01509	0.00872	0.01147	0.00728	0.00417	0.00460	0.00139	0.00560	0.00412	0.00228	0.00729
38	0.01201	0.01194	0.06061	0.04425	0.67924	0.04029	0.01384	0.01482	0.01075	0.05446	0.00914	0.01154	0.00742	0.00428	0.00459	0.00139	0.00564	0.00409	0.00245	0.00725
39	0.02021	0.00899	0.01146	0.00878	0.01241	0.00842	0.00726	0.18357	0.01511	0.64728	0.01685	0.01486	0.01076	0.00572	0.00467	0.00143	0.00420	0.00458	0.00553	0.00792
40	0.01333	0.00941	0.01088	0.00962	0.03805	0.02736	0.00747	0.33491	0.03494	0.10284	0.11019	0.09051	0.02949	0.00870	0.03509	0.00176	0.03398	0.07257	0.02254	0.00635
41	0.05160	0.01077	0.01654	0.03961	0.53378	0.02414	0.02901	0.09353	0.01201	0.09892	0.03817	0.01256	0.00899	0.00467	0.00458	0.00140	0.00523	0.00429	0.00302	0.00717
42	0.01097	0.02996	0.11694	0.01321	0.01563	0.04933	0.18367	0.01369	0.03801	0.05557	0.00938	0.05210	0.00819	0.00708	0.02339	0.00184	0.35799	0.00477	0.00253	0.00576

[dist]
# distance from previous block
# <min> <max>
1	4

[block]
# block no. 1 follows, 55 sequences, length 19
# corresponding to MSA columns:
# 81-86,107-117,119,120
name=unknown_B
#
# <colnr> <probs for GDERKNQSTAVLIFYWHMCP>
#	G	D	E	R	K	N	Q	S	T	A	V	L	I	F	Y	W	H	M	C	P
0	0.00894	0.00708	0.00862	0.00797	0.00922	0.04274	0.01926	0.11655	0.03330	0.01364	0.01316	0.06089	0.01259	0.15132	0.42986	0.00507	0.02521	0.00548	0.02445	0.00465
1	0.00682	0.00450	0.00560	0.00598	0.00674	0.00414	0.00414	0.00791	0.00978	0.05445	0.13033	0.44792	0.14202	0.09449	0.00738	0.00198	0.00280	0.01054	0.04845	0.00403
2	0.00870	0.00807	0.01319	0.59964	0.12630	0.00948	0.01163	0.01140	0.00946	0.01222	0.01255	0.01647	0.08684	0.04859	0.00572	0.00169	0.00564	0.00484	0.00236	0.00520
3	0.01527	0.07375	0.01281	0.01033	0.01274	0.42524	0.00810	0.09490	0.05895	0.06753	0.05558	0.01186	0.00962	0.00551	0.00497	0.00131	0.06149	0.00380	0.06042	0.00582
4	0.81220	0.00927	0.00732	0.00643	0.00936	0.01070	0.00529	0.06591	0.00885	0.02144	0.00679	0.00780	0.00523	0.00440	0.00300	0.00144	0.00370	0.00263	0.00300	0.00523
5	0.00607	0.00448	0.00617	0.00769	0.05330	0.00424	0.00482	0.00695	0.00889	0.01191	0.02405	0.74116	0.02864	0.05944	0.00684	0.00200	0.00296	0.01234	0.00412	0.00393
6	0.01147	0.01114	0.01839	0.08386	0.73295	0.03165	0.01405	0.01422	0.01057	0.01487	0.00868	0.01150	0.00725	0.00420	0.00460	0.00139	0.00565	0.00411	0.00229	0.00716
7	0.01147	0.53266	0.09405	0.00888	0.01273	0.01438	0.06286	0.01344	0.00990	0.05603	0.01259	0.05471	0.08829	0.00545	0.00379	0.00121	0.00491	0.00420	0.00258	0.00586
8	0.00658	0.00476	0.00622	0.00585	0.00695	0.00439	0.00439	0.00878	0.01317	0.01866	0.80503	0.03475	0.04390	0.00951	0.00549	0.00146	0.00219	0.00841	0.00512	0.00439
9	0.01088	0.01322	0.07318	0.01924	0.02407	0.01171	0.74554	0.01489	0.01091	0.01489	0.00935	0.01239	0.00699	0.00395	0.00543	0.00156	0.00779	0.00537	0.00233	0.00631
10	0.01137	0.00969	0.01448	0.16009	0.35583	0.01032	0.01109	0.09704	0.11161	0.04693	0.03505	0.07171	0.02191	0.00583	0.00479	0.00149	0.00496	0.01595	0.00323	0.00664
11	0.01085	0.00988	0.01628	0.39029	0.08841	0.01145	0.13334	0.09457	0.01079	0.03817	0.00886	0.01206	0.00684	0.00516	0.00636	0.00159	0.12994	0.00436	0.01493	0.00587
12	0.00564	0.00435	0.00515	0.00573	0.00657	0.00386	0.00400	0.00665	0.00978	0.01244	0.06626	0.47769	0.34880	0.01322	0.00574	0.00174	0.00254	0.01163	0.00435	0.00386
13	0.00865	0.00806	0.01351	0.74944	0.05071	0.00991	0.01238	0.01159	0.00931	0.01197	0.00945	0.06749	0.00788	0.00530	0.00474	0.00157	0.00595	0.00474	0.00222	0.00513
14	0.01022	0.00962	0.01607	0.13249	0.57778	0.00983	0.01250	0.01275	0.01025	0.01427	0.01251	0.09639	0.05373	0.00569	0.00480	0.00147	0.00516	0.00537	0.00259	0.00652
15	0.60105	0.05444	0.06647	0.00983	0.10662	0.06743	0.00744	0.01418	0.00882	0.01858	0.00693	0.00825	0.00549	0.00432	0.00329	0.00139	0.00447	0.00281	0.00267	0.00552
16	0.00999	0.02279	0.74114	0.01325	0.01987	0.01064	0.04628	0.01515	0.01005	0.05565	0.00890	0.01024	0.00623	0.00447	0.00447	0.00148	0.00676	0.00358	0.00217	0.00691
17	0.01124	0.01025	0.01448	0.12791	0.30773	0.01133	0.02324	0.03276	0.35619	0.01678	0.01314	0.01418	0.01018	0.00528	0.00493	0.00151	0.02384	0.00465	0.00337	0.00701
18	0.86937	0.00900	0.00684	0.00612	0.00900	0.01044	0.00504	0.01368	0.00792	0.02087	0.00648	0.00756	0.00504	0.00432	0.00288	0.00144	0.00360	0.00252	0.00288	0.00504

[dist]
# distance from previous block
# <min> <max>
0	9

[block]
# block no. 2 follows, 55 sequences, length 44
# corresponding to MSA columns:
# 130-173
name=unknown_C
#
# <colnr> <probs for GDERKNQSTAVLIFYWHMCP>
#	G	D	E	R	K	N	Q	S	T	A	V	L	I	F	Y	W	H	M	C	P
0	0.00565	0.00444	0.00512	0.00561	0.00658	0.00391	0.00399	0.00672	0.00995	0.01249	0.06163	0.39022	0.42490	0.01296	0.00571	0.00172	0.00254	0.02764	0.00434	0.00388
1	0.00704	0.00486	0.00602	0.00572	0.00693	0.00450	0.00429	0.00926	0.02775	0.03552	0.57807	0.06208	0.13155	0.00944	0.00526	0.00146	0.00230	0.00823	0.08528	0.00444
2	0.00598	0.00472	0.00531	0.00517	0.00648	0.00413	0.00383	0.00750	0.01141	0.01476	0.33969	0.04019	0.47191	0.05072	0.00637	0.00167	0.00240	0.00913	0.00456	0.00405
3	0.00654	0.00441	0.00514	0.00537	0.00542	0.00436	0.00313	0.00671	0.00721	0.00962	0.01696	0.19874	0.01982	0.66425	0.01996	0.00396	0.00413	0.00812	0.00313	0.00302
4	0.02073	0.00815	0.01094	0.00839	0.01199	0.00718	0.00693	0.05735	0.01370	0.77549	0.01803	0.01562	0.01135	0.00575	0.00468	0.00144	0.00401	0.00466	0.00571	0.00792
5	0.86937	0.00900	0.00684	0.00612	0.00900	0.01044	0.00504	0.01368	0.00792	0.02087	0.00648	0.00756	0.00504	0.00432	0.00288	0.00144	0.00360	0.00252	0.00288	0.00504
6	0.01281	0.77698	0.02352	0.00827	0.01213	0.07938	0.00804	0.01428	0.00974	0.01098	0.00652	0.00753	0.00597	0.00404	0.00308	0.00101	0.00524	0.00253	0.00202	0.00593
7	0.00653	0.00490	0.00607	0.00575	0.00698	0.00452	0.00432	0.00887	0.03575	0.01758	0.64452	0.03606	0.18117	0.00983	0.00547	0.00149	0.00227	0.00858	0.00496	0.00439
8	0.01257	0.01021	0.01077	0.00926	0.01162	0.04321	0.00721	0.23223	0.35000	0.03035	0.01480	0.01685	0.01199	0.12173	0.06264	0.00233	0.03660	0.00501	0.00412	0.00652
9	0.00965	0.00827	0.00965	0.00689	0.01102	0.00620	0.00551	0.01171	0.00965	0.01516	0.00827	0.00965	0.00689	0.00345	0.00345	0.00069	0.00345	0.00276	0.00276	0.86494
10	0.00576	0.00472	0.00508	0.00499	0.00645	0.00404	0.00374	0.00719	0.01123	0.01404	0.23085	0.04234	0.62095	0.01123	0.00550	0.00154	0.00232	0.00948	0.00451	0.00404
11	0.01086	0.42507	0.42478	0.01065	0.01610	0.01454	0.01265	0.01434	0.00964	0.01287	0.00742	0.00866	0.00593	0.00420	0.00371	0.00124	0.00594	0.00297	0.00198	0.00643
12	0.00563	0.00467	0.00493	0.00498	0.00639	0.00397	0.00369	0.00690	0.01076	0.01320	0.13095	0.10380	0.66061	0.01174	0.00553	0.00158	0.00236	0.00992	0.00441	0.00397
13	0.00731	0.00528	0.00732	0.00822	0.00930	0.00529	0.00709	0.00936	0.01051	0.01372	0.04308	0.04906	0.06631	0.01440	0.06826	0.00250	0.00476	0.65979	0.00417	0.00426
14	0.00985	0.00569	0.00583	0.00536	0.00686	0.00589	0.00414	0.11805	0.03180	0.01884	0.01608	0.01766	0.04516	0.00574	0.00358	0.00116	0.00262	0.00457	0.68624	0.00489
15	0.01018	0.01018	0.01425	0.01221	0.01221	0.01425	0.01018	0.01120	0.00712	0.01120	0.00611	0.01018	0.00611	0.00814	0.01527	0.00204	0.82799	0.00407	0.00204	0.00509
16	0.00585	0.00421	0.00544	0.00636	0.00675	0.00394	0.00433	0.00670	0.00897	0.01183	0.02631	0.66956	0.08594	0.07696	0.00729	0.00208	0.00290	0.05663	0.00420	0.00375
17	0.00965	0.00827	0.00965	0.00689	0.01102	0.00620	0.00551	0.01171	0.00965	0.01516	0.00827	0.00965	0.00689	0.00345	0.00345	0.00069	0.00345	0.00276	0.00276	0.86494
18	0.18569	0.00714	0.00832	0.00689	0.00966	0.00672	0.00557	0.01620	0.01174	0.40624	0.12699	0.02181	0.15393	0.00703	0.00457	0.00147	0.00337	0.00565	0.00484	0.00617
19	0.00647	0.00470	0.00609	0.00585	0.00690	0.00432	0.00435	0.00851	0.01273	0.01786	0.71110	0.09613	0.07755	0.01000	0.00552	0.00150	0.00224	0.00884	0.00502	0.00432
20	0.00867	0.00434	0.00434	0.00434	0.00542	0.00434	0.00325	0.01084	0.00976	0.01734	0.01518	0.01734	0.01192	0.00542	0.00325	0.00108	0.00217	0.00434	0.86233	0.00434
21	0.00933	0.02406	0.81240	0.01326	0.02014	0.01080	0.01719	0.01473	0.00982	0.01473	0.00835	0.00982	0.00589	0.00442	0.00442	0.00147	0.00688	0.00344	0.00196	0.00688
22	0.01050	0.26745	0.48491	0.01122	0.01666	0.03694	0.01326	0.01485	0.05020	0.01365	0.00885	0.03597	0.00715	0.00472	0.00405	0.00134	0.00605	0.00355	0.00220	0.00648
23	0.01137	0.01130	0.01748	0.10376	0.60881	0.07215	0.03323	0.01398	0.01059	0.01440	0.00949	0.05471	0.00838	0.00479	0.00467	0.00142	0.00572	0.00457	0.00239	0.00679
24	0.09436	0.30332	0.10624	0.01051	0.03694	0.25117	0.00932	0.11182	0.01202	0.01483	0.00754	0.00859	0.00616	0.00450	0.00375	0.00121	0.00610	0.00301	0.00253	0.00610
25	0.00574	0.00469	0.00507	0.00504	0.00645	0.00402	0.00375	0.00712	0.01109	0.01386	0.21024	0.07688	0.60705	0.01141	0.00551	0.00156	0.00234	0.00966	0.00449	0.00402
26	0.00980	0.00847	0.01039	0.00746	0.01156	0.00655	0.03767	0.02612	0.00999	0.01547	0.02220	0.01023	0.00756	0.00361	0.00359	0.00075	0.00363	0.00299	0.00282	0.79915
27	0.00665	0.00498	0.00748	0.00748	0.00831	0.00582	0.00582	0.00831	0.00748	0.01080	0.01246	0.01828	0.01163	0.03489	0.81807	0.00748	0.01246	0.00498	0.00249	0.00415
28	0.00924	0.00490	0.00541	0.00511	0.00646	0.00478	0.00389	0.01173	0.03777	0.07997	0.15862	0.02132	0.04582	0.00644	0.00390	0.00121	0.00237	0.00532	0.58102	0.00472
29	0.00668	0.00486	0.00684	0.00684	0.00745	0.00547	0.00502	0.00790	0.00729	0.01033	0.01304	0.02150	0.01303	0.24709	0.60778	0.00669	0.01036	0.00546	0.00258	0.00380
30	0.00955	0.00782	0.00871	0.00793	0.00994	0.00854	0.00612	0.03884	0.43797	0.01905	0.31374	0.02540	0.06071	0.00782	0.00507	0.00154	0.00311	0.01723	0.00485	0.00607
31	0.00984	0.00868	0.00994	0.04393	0.01207	0.03023	0.00595	0.01192	0.00974	0.01490	0.00824	0.00973	0.00683	0.00354	0.00352	0.00074	0.00371	0.00283	0.00271	0.80094
32	0.01634	0.04954	0.01364	0.01018	0.01366	0.01381	0.00840	0.64403	0.09465	0.02683	0.01213	0.02951	0.00903	0.00577	0.00457	0.00140	0.00484	0.00441	0.02968	0.00758
33	0.00903	0.00852	0.01439	0.75482	0.10066	0.01040	0.01304	0.01210	0.00942	0.01218	0.00831	0.01232	0.00630	0.00461	0.00465	0.00154	0.00614	0.00414	0.00209	0.00536
34	0.01177	0.12172	0.03868	0.03117	0.22587	0.01115	0.22728	0.01488	0.03997	0.09836	0.02897	0.03545	0.00978	0.00640	0.04196	0.00172	0.02353	0.02198	0.00288	0.00646
35	0.01204	0.76289	0.02278	0.00780	0.01158	0.01727	0.00767	0.02689	0.00983	0.01156	0.03184	0.01001	0.04316	0.00452	0.00320	0.00104	0.00478	0.00302	0.00223	0.00587
36	0.00564	0.00433	0.00519	0.00586	0.00663	0.00387	0.00409	0.00662	0.00958	0.01218	0.03370	0.52033	0.32201	0.01349	0.00578	0.00177	0.00260	0.02817	0.00432	0.00385
37	0.86937	0.00900	0.00684	0.00612	0.00900	0.01044	0.00504	0.01368	0.00792	0.02087	0.00648	0.00756	0.00504	0.00432	0.00288	0.00144	0.00360	0.00252	0.00288	0.00504
38	0.03122	0.01031	0.03453	0.01000	0.01336	0.04250	0.07806	0.13645	0.14228	0.35668	0.06974	0.01569	0.01267	0.00585	0.00492	0.00147	0.01749	0.00488	0.00472	0.00721
39	0.02045	0.00796	0.01071	0.00824	0.01177	0.00699	0.00680	0.04431	0.01346	0.76660	0.01806	0.01574	0.01142	0.00574	0.00464	0.00143	0.00394	0.00465	0.02927	0.00782
40	0.00706	0.00506	0.00698	0.00803	0.00894	0.00499	0.00673	0.00890	0.01032	0.01345	0.02537	0.21871	0.04568	0.01319	0.00630	0.00207	0.00390	0.59584	0.00429	0.00417
41	0.77074	0.00983	0.00763	0.00670	0.00962	0.04264	0.00548	0.07323	0.00919	0.02114	0.00686	0.00787	0.00530	0.00443	0.00307	0.00143	0.00390	0.00267	0.00300	0.00527
42	0.00749	0.00551	0.00678	0.00641	0.00768	0.00542	0.00483	0.01092	0.11688	0.02997	0.55799	0.03312	0.06626	0.07236	0.00681	0.00175	0.00271	0.04756	0.00483	0.00470
43	0.01105	0.00996	0.01583	0.08764	0.51255	0.01038	0.01221	0.07272	0.03047	0.01564	0.01137	0.01770	0.01033	0.03240	0.00575	0.00162	0.02652	0.10646	0.00279	0.00662

[dist]
# distance from previous block
# <min> <max>
0	1

[block]
# block no. 3 follows, 55 sequences, length 31
# corresponding to MSA columns:
# 175-205
name=unknown_D
#
# <colnr> <probs for GDERKNQSTAVLIFYWHMCP>
#	G	D	E	R	K	N	Q	S	T	A	V	L	I	F	Y	W	H	M	C	P
0	0.00902	0.00831	0.01371	0.76872	0.03064	0.01028	0.01259	0.03683	0.00976	0.01252	0.00897	0.01386	0.00702	0.00499	0.00472	0.00157	0.00610	0.03294	0.00223	0.00522
1	0.74389	0.00925	0.00759	0.00662	0.00948	0.01064	0.00542	0.09871	0.00938	0.02132	0.00705	0.00820	0.00547	0.00490	0.00364	0.03362	0.00378	0.00276	0.00304	0.00524
2	0.01297	0.00897	0.00981	0.00817	0.01077	0.00960	0.00651	0.27641	0.19339	0.07533	0.10481	0.01688	0.01453	0.00609	0.00442	0.00135	0.00367	0.00493	0.19281	0.03857
3	0.00655	0.00459	0.00580	0.00608	0.00701	0.00417	0.00439	0.00795	0.01081	0.04401	0.27594	0.37237	0.18359	0.01205	0.00568	0.00168	0.00257	0.03597	0.00463	0.00417
4	0.01077	0.00625	0.00816	0.00800	0.00979	0.00609	0.00667	0.01387	0.09047	0.19546	0.09185	0.06337	0.04843	0.01004	0.00561	0.00180	0.00377	0.37744	0.03675	0.00540
5	0.00692	0.00478	0.00625	0.00616	0.00723	0.00441	0.00462	0.00882	0.01219	0.04314	0.56300	0.16707	0.07575	0.01055	0.00560	0.00158	0.00248	0.06014	0.00492	0.00438
6	0.00590	0.00422	0.00567	0.00675	0.00712	0.00398	0.00473	0.00688	0.00914	0.01214	0.02551	0.73299	0.03026	0.01435	0.00600	0.00192	0.00290	0.11138	0.00431	0.00384
7	0.00590	0.00471	0.00529	0.00519	0.00654	0.00409	0.00387	0.00744	0.01148	0.01477	0.32378	0.06855	0.49984	0.01105	0.00551	0.00154	0.00231	0.00942	0.00461	0.00409
8	0.01012	0.00959	0.01596	0.35082	0.43092	0.01044	0.01301	0.01325	0.03305	0.01385	0.01068	0.01363	0.04505	0.00478	0.00467	0.00146	0.00560	0.00444	0.00237	0.00631
9	0.01018	0.08601	0.39434	0.04167	0.11328	0.01055	0.04062	0.03365	0.01018	0.01485	0.00833	0.01001	0.00641	0.00415	0.00416	0.00125	0.00575	0.00341	0.00227	0.19895
10	0.01180	0.03612	0.04429	0.01261	0.04516	0.16467	0.03533	0.03577	0.00924	0.01243	0.00715	0.01022	0.00645	0.00677	0.01087	0.00173	0.50140	0.00386	0.03869	0.00542
11	0.01231	0.22284	0.19782	0.00976	0.01421	0.01159	0.03918	0.08926	0.01116	0.10600	0.00938	0.01036	0.00718	0.00531	0.02790	0.00136	0.02410	0.00340	0.00287	0.19401
12	0.01255	0.42610	0.23391	0.01092	0.04837	0.09630	0.01089	0.08665	0.01113	0.01389	0.00758	0.00871	0.00619	0.00434	0.00372	0.00120	0.00587	0.00302	0.00228	0.00639
13	0.00680	0.00518	0.00747	0.00743	0.00837	0.00597	0.00577	0.00893	0.04121	0.01125	0.01438	0.01950	0.04950	0.03258	0.74492	0.00695	0.01161	0.00523	0.00267	0.00428
14	0.04130	0.01238	0.07793	0.04452	0.37780	0.03728	0.19984	0.05392	0.04471	0.01610	0.04204	0.01261	0.00884	0.00454	0.00478	0.00145	0.00599	0.00455	0.00264	0.00676
15	0.01117	0.48712	0.33206	0.01051	0.01565	0.01517	0.04375	0.01428	0.00966	0.01259	0.00732	0.00859	0.00598	0.00415	0.00365	0.00121	0.00583	0.00298	0.00199	0.00634
16	0.00815	0.00645	0.02326	0.00737	0.00840	0.05644	0.00542	0.04042	0.03126	0.06286	0.02348	0.59978	0.04835	0.01246	0.00564	0.00178	0.00341	0.04632	0.00426	0.00449
17	0.00668	0.00486	0.00683	0.00683	0.00744	0.00546	0.00501	0.00789	0.00729	0.01032	0.01305	0.02155	0.01305	0.25058	0.60432	0.00668	0.01032	0.00546	0.00258	0.00379
18	0.01321	0.55973	0.06871	0.01021	0.03588	0.12669	0.06216	0.01511	0.01031	0.04965	0.00751	0.00859	0.00635	0.00420	0.00353	0.00112	0.00572	0.00297	0.00226	0.00610
19	0.00998	0.04027	0.64919	0.01535	0.13293	0.01095	0.03103	0.01481	0.01002	0.03096	0.00859	0.01019	0.00624	0.00439	0.00444	0.00145	0.00660	0.00358	0.00210	0.00694
20	0.00649	0.00455	0.00543	0.00556	0.00659	0.00417	0.00409	0.00815	0.01105	0.01542	0.31130	0.20266	0.21703	0.01058	0.00526	0.00154	0.00240	0.03375	0.13983	0.00414
21	0.01043	0.00931	0.01557	0.03626	0.48821	0.00933	0.06257	0.01316	0.04362	0.03572	0.03927	0.10045	0.01196	0.03386	0.03630	0.03400	0.00533	0.00551	0.00282	0.00632
22	0.03161	0.04238	0.24964	0.01273	0.09910	0.05401	0.03064	0.17189	0.04556	0.15896	0.04973	0.01272	0.00966	0.00518	0.00453	0.00142	0.00548	0.00418	0.00353	0.00706
23	0.01214	0.04701	0.43161	0.01361	0.11256	0.01049	0.02905	0.08711	0.01166	0.14082	0.02281	0.01272	0.03752	0.00502	0.00453	0.00144	0.00581	0.00410	0.00299	0.00700
24	0.00598	0.00462	0.00540	0.00581	0.00684	0.00416	0.00430	0.00717	0.01004	0.01265	0.07549	0.24870	0.39709	0.07061	0.00703	0.00194	0.00287	0.12117	0.00425	0.00389
25	0.01323	0.01328	0.05867	0.01913	0.35426	0.11957	0.08452	0.13668	0.06673	0.04403	0.02781	0.01251	0.01843	0.00486	0.00467	0.00140	0.00584	0.00434	0.00304	0.00697
26	0.05289	0.01027	0.03645	0.00988	0.04932	0.08540	0.00751	0.08192	0.22821	0.17114	0.03653	0.14333	0.01456	0.01818	0.01297	0.00163	0.02321	0.00593	0.00425	0.00643
27	0.00566	0.00407	0.00537	0.00641	0.00673	0.00378	0.00429	0.00648	0.00897	0.01190	0.02642	0.80490	0.05884	0.01447	0.00592	0.00188	0.00269	0.01310	0.00432	0.00378
28	0.10815	0.01046	0.01023	0.00813	0.01144	0.11340	0.00644	0.11173	0.03296	0.12904	0.02215	0.01196	0.00862	0.03952	0.02501	0.00139	0.00464	0.00358	0.00347	0.33766
29	0.00932	0.00728	0.00868	0.03056	0.00998	0.01801	0.00610	0.06369	0.13710	0.05024	0.17400	0.12420	0.09928	0.03676	0.04859	0.00194	0.08059	0.00690	0.01515	0.07162
30	0.01045	0.03019	0.06947	0.00817	0.01235	0.00716	0.04748	0.01281	0.00990	0.07216	0.00919	0.01056	0.00733	0.00501	0.03721	0.00113	0.00437	0.00317	0.00286	0.63903

[dist]
# distance from previous block
# <min> <max>
0	14

# created by:
# /st0/software/busco_prod/Augustus/scripts/msa2prfl.pl ./align_prep/132773.fa
