[name]
unknown

[dist]
# distance from previous block
# <min> <max>
0	80

[block]
# block no. 0 follows, 58 sequences, length 41
# corresponding to MSA columns:
# 91-131
name=unknown_A
#
# <colnr> <probs for GDERKNQSTAVLIFYWHMCP>
#	G	D	E	R	K	N	Q	S	T	A	V	L	I	F	Y	W	H	M	C	P
0	0.01131	0.02153	0.03333	0.00861	0.01124	0.00667	0.07013	0.02698	0.02638	0.21345	0.05338	0.02650	0.01615	0.05468	0.00593	0.00165	0.00418	0.25332	0.00395	0.15063
1	0.01212	0.00878	0.01133	0.00912	0.04351	0.00792	0.05991	0.06562	0.13817	0.16056	0.02393	0.01225	0.00918	0.00443	0.00400	0.00107	0.00389	0.00377	0.00358	0.41686
2	0.03617	0.00956	0.04125	0.00981	0.01337	0.00862	0.15742	0.01560	0.23506	0.03792	0.02481	0.02369	0.03102	0.00474	0.00420	0.00118	0.00426	0.00429	0.00326	0.33375
3	0.01051	0.01077	0.02003	0.01977	0.31483	0.01029	0.34525	0.01346	0.01005	0.01432	0.00850	0.01115	0.00683	0.00395	0.00504	0.00132	0.04119	0.00432	0.00229	0.14612
4	0.01161	0.01067	0.01710	0.02431	0.67805	0.01070	0.01264	0.10001	0.01132	0.01610	0.00864	0.01093	0.00712	0.00410	0.00437	0.00129	0.00515	0.00391	0.00249	0.05949
5	0.66853	0.00890	0.00773	0.00717	0.03390	0.01018	0.00558	0.04805	0.11144	0.03332	0.02452	0.00941	0.00702	0.00457	0.00320	0.00140	0.00357	0.00303	0.00314	0.00535
6	0.01107	0.01063	0.01816	0.02746	0.81489	0.01063	0.01373	0.01373	0.01019	0.01461	0.00841	0.01107	0.00709	0.00399	0.00443	0.00133	0.00531	0.00399	0.00221	0.00709
7	0.01120	0.00992	0.04297	0.01356	0.04108	0.00897	0.38995	0.01494	0.07074	0.14271	0.15236	0.01702	0.02863	0.00531	0.00499	0.00144	0.00539	0.00553	0.00345	0.02985
8	0.37071	0.00784	0.00823	0.00673	0.00977	0.00768	0.00545	0.01515	0.00970	0.28092	0.01163	0.07042	0.00901	0.00517	0.00365	0.00128	0.00348	0.00389	0.00376	0.16555
9	0.01113	0.00961	0.01011	0.00910	0.01163	0.01113	0.00708	0.02377	0.80681	0.01871	0.01821	0.01669	0.01365	0.00607	0.00455	0.00152	0.00354	0.00506	0.00455	0.00708
10	0.01069	0.01024	0.01747	0.14377	0.70154	0.01053	0.01354	0.01340	0.01001	0.01415	0.00835	0.01119	0.00692	0.00406	0.00443	0.00135	0.00541	0.00398	0.00218	0.00678
11	0.87439	0.00865	0.00657	0.00588	0.00865	0.01003	0.00484	0.01315	0.00761	0.02007	0.00623	0.00727	0.00484	0.00415	0.00277	0.00138	0.00346	0.00242	0.00277	0.00484
12	0.05800	0.00895	0.01289	0.00981	0.01327	0.03284	0.14092	0.05599	0.02515	0.53048	0.03825	0.01497	0.02635	0.00536	0.00457	0.00140	0.00452	0.00467	0.00464	0.00696
13	0.01107	0.01063	0.01816	0.02746	0.81489	0.01063	0.01373	0.01373	0.01019	0.01461	0.00841	0.01107	0.00709	0.00399	0.00443	0.00133	0.00531	0.00399	0.00221	0.00709
14	0.01034	0.01172	0.02551	0.01833	0.02267	0.01099	0.76540	0.01399	0.01047	0.01421	0.00970	0.04671	0.00774	0.00420	0.00530	0.00152	0.00733	0.00559	0.00234	0.00593
15	0.00529	0.00453	0.00453	0.00453	0.00604	0.00378	0.00340	0.00642	0.01020	0.01208	0.04532	0.04305	0.81307	0.01133	0.00529	0.00151	0.00227	0.00944	0.00415	0.00378
16	0.00684	0.00517	0.00723	0.00749	0.05113	0.00503	0.01927	0.00861	0.01121	0.02958	0.50261	0.22057	0.04954	0.00983	0.00576	0.00153	0.04117	0.00868	0.00441	0.00435
17	0.00977	0.05361	0.59025	0.01148	0.01696	0.01049	0.01375	0.04802	0.10820	0.03160	0.05588	0.01179	0.00895	0.00481	0.00430	0.00141	0.00577	0.00381	0.00257	0.00656
18	0.00897	0.02314	0.81962	0.01275	0.01936	0.01039	0.01653	0.01417	0.00944	0.01417	0.00803	0.00944	0.00567	0.00425	0.00425	0.00142	0.00661	0.00331	0.00189	0.00661
19	0.01671	0.02132	0.01268	0.01152	0.01383	0.82483	0.00864	0.01786	0.01268	0.01095	0.00691	0.00807	0.00576	0.00461	0.00403	0.00115	0.00807	0.00288	0.00230	0.00519
20	0.01070	0.00889	0.07085	0.01193	0.15066	0.00779	0.07364	0.06226	0.06694	0.13852	0.23741	0.05692	0.05366	0.00724	0.02101	0.00154	0.00420	0.00599	0.00393	0.00592
21	0.03513	0.03662	0.05446	0.00917	0.01263	0.00999	0.02318	0.27434	0.09014	0.34973	0.01445	0.04762	0.01029	0.00570	0.00446	0.00139	0.00434	0.00458	0.00461	0.00719
22	0.01140	0.00974	0.01027	0.00916	0.01174	0.01125	0.00715	0.05980	0.77033	0.01915	0.01786	0.01641	0.01337	0.00604	0.00455	0.00151	0.00360	0.00501	0.00455	0.00710
23	0.00558	0.00408	0.00525	0.00600	0.00652	0.00375	0.00414	0.00659	0.00929	0.01234	0.12410	0.63286	0.12076	0.01307	0.00562	0.00174	0.00253	0.02780	0.00425	0.00373
24	0.01371	0.01300	0.04709	0.02505	0.16914	0.16574	0.02458	0.29348	0.05027	0.03059	0.03236	0.01189	0.00868	0.00695	0.06118	0.00172	0.00598	0.00402	0.02809	0.00647
25	0.00650	0.00435	0.00494	0.00494	0.00497	0.00437	0.00279	0.00655	0.00652	0.00872	0.01403	0.02894	0.01612	0.81968	0.04568	0.00442	0.00456	0.00646	0.00270	0.00275
26	0.00639	0.00479	0.00719	0.00719	0.00799	0.00559	0.00559	0.00799	0.00719	0.01038	0.01198	0.01757	0.01118	0.03355	0.82507	0.00719	0.01198	0.00479	0.00240	0.00399
27	0.00873	0.00829	0.01401	0.67290	0.06127	0.00989	0.06441	0.01217	0.04809	0.01224	0.02382	0.01313	0.02280	0.00470	0.00456	0.00149	0.00578	0.00430	0.00224	0.00519
28	0.01526	0.01887	0.01214	0.04539	0.01395	0.68782	0.00848	0.01699	0.04419	0.01123	0.00785	0.00939	0.00655	0.00714	0.07421	0.00170	0.00813	0.00318	0.00239	0.00515
29	0.00707	0.00508	0.00702	0.00801	0.00904	0.00504	0.00694	0.00905	0.01024	0.01327	0.02472	0.07327	0.06240	0.01236	0.00612	0.00203	0.00399	0.72614	0.00412	0.00409
30	0.03963	0.00731	0.00876	0.00718	0.00978	0.00696	0.00577	0.15512	0.01344	0.33926	0.14173	0.04144	0.18952	0.00746	0.00476	0.00142	0.00338	0.00615	0.00484	0.00610
31	0.02433	0.00439	0.00531	0.00576	0.00644	0.00409	0.00397	0.00717	0.00886	0.03818	0.05307	0.43724	0.18302	0.15613	0.00848	0.00216	0.00293	0.04080	0.00394	0.00370
32	0.50750	0.00741	0.00662	0.00585	0.00826	0.00799	0.00470	0.03027	0.00916	0.11170	0.03978	0.01559	0.12162	0.03086	0.00408	0.00146	0.00323	0.00414	0.07484	0.00494
33	0.01825	0.00826	0.01044	0.00811	0.01133	0.00778	0.00663	0.17347	0.01408	0.58601	0.03265	0.01520	0.01121	0.03013	0.00498	0.00145	0.00393	0.00452	0.04432	0.00724
34	0.03268	0.01140	0.01027	0.00902	0.01131	0.22519	0.01892	0.08677	0.13725	0.15465	0.03899	0.05012	0.04282	0.02261	0.00515	0.00147	0.02921	0.05895	0.04739	0.00580
35	0.32160	0.00779	0.00837	0.00706	0.00975	0.00800	0.00568	0.07222	0.03521	0.30817	0.08381	0.08908	0.01312	0.00614	0.00406	0.00143	0.00350	0.00481	0.00426	0.00595
36	0.01970	0.00519	0.00609	0.00582	0.00729	0.00474	0.00438	0.00939	0.05113	0.07344	0.23206	0.13072	0.29432	0.05131	0.00603	0.00164	0.00270	0.04618	0.00431	0.04358
37	0.03402	0.00681	0.00912	0.00817	0.00943	0.00780	0.03034	0.12482	0.00945	0.03604	0.01169	0.01779	0.01091	0.13745	0.41163	0.00473	0.09556	0.02678	0.00284	0.00463
38	0.03110	0.00561	0.00625	0.00643	0.00707	0.04181	0.00443	0.02047	0.02478	0.03583	0.04279	0.41362	0.07030	0.21844	0.01010	0.00235	0.04198	0.00917	0.00365	0.00384
39	0.00847	0.00593	0.00694	0.00662	0.00815	0.00588	0.00498	0.04294	0.15724	0.08774	0.16564	0.22391	0.19733	0.02885	0.00557	0.00163	0.00290	0.02990	0.00447	0.00491
40	0.08743	0.00521	0.00601	0.00570	0.00707	0.00501	0.00427	0.00937	0.03757	0.06182	0.35333	0.08922	0.21425	0.04330	0.02424	0.02718	0.00281	0.00765	0.00428	0.00429

[dist]
# distance from previous block
# <min> <max>
5	9

[block]
# block no. 1 follows, 58 sequences, length 67
# corresponding to MSA columns:
# 141-171,173,175-197,209-220
name=unknown_B
#
# <colnr> <probs for GDERKNQSTAVLIFYWHMCP>
#	G	D	E	R	K	N	Q	S	T	A	V	L	I	F	Y	W	H	M	C	P
0	0.03999	0.04814	0.04244	0.00984	0.02819	0.05651	0.00799	0.29181	0.36190	0.02096	0.01342	0.01306	0.01001	0.00545	0.00431	0.00139	0.00443	0.00427	0.02897	0.00693
1	0.05401	0.00849	0.00994	0.01009	0.10084	0.03597	0.00695	0.05560	0.25696	0.15884	0.01627	0.07630	0.03577	0.08312	0.03000	0.01168	0.00423	0.02591	0.00397	0.01506
2	0.06193	0.00598	0.00811	0.03216	0.02372	0.00599	0.06650	0.01021	0.08725	0.04730	0.09405	0.24419	0.10236	0.12685	0.00831	0.05574	0.00357	0.00778	0.00365	0.00434
3	0.01317	0.02699	0.02405	0.00960	0.03580	0.08485	0.00751	0.22500	0.26665	0.09113	0.07185	0.01627	0.03891	0.00714	0.03769	0.00163	0.00467	0.01688	0.00415	0.01607
4	0.00610	0.00496	0.00530	0.00518	0.00663	0.00449	0.00388	0.02064	0.06435	0.01333	0.13533	0.06532	0.59416	0.01086	0.00570	0.03430	0.00245	0.00879	0.00420	0.00404
5	0.04574	0.00595	0.00667	0.00632	0.00764	0.00609	0.00460	0.05712	0.14008	0.03408	0.18834	0.15753	0.14182	0.16815	0.00839	0.00206	0.00313	0.00766	0.00410	0.00455
6	0.00622	0.00444	0.00602	0.00700	0.00759	0.00430	0.00538	0.00752	0.00925	0.01216	0.02419	0.46976	0.03877	0.04123	0.00648	0.00200	0.00329	0.33652	0.00409	0.00381
7	0.07341	0.01028	0.00924	0.00847	0.01030	0.17555	0.00646	0.07548	0.21169	0.02787	0.03206	0.06633	0.01264	0.09729	0.12937	0.00260	0.01721	0.02505	0.00340	0.00528
8	0.00701	0.00481	0.00568	0.00565	0.00676	0.00442	0.00409	0.03326	0.01030	0.06022	0.16963	0.22387	0.28621	0.11038	0.00738	0.00190	0.00279	0.03039	0.02120	0.00406
9	0.00585	0.00423	0.00510	0.00563	0.00610	0.00397	0.00377	0.00654	0.00837	0.01085	0.02536	0.39549	0.17429	0.26172	0.01077	0.00253	0.00315	0.05917	0.00372	0.00341
10	0.01411	0.00929	0.01047	0.00842	0.01119	0.00979	0.00679	0.40037	0.07148	0.14843	0.16425	0.01791	0.04579	0.02251	0.00497	0.00143	0.00391	0.00519	0.03715	0.00657
11	0.15226	0.00723	0.00754	0.00679	0.00878	0.02325	0.00525	0.09422	0.10950	0.10821	0.08863	0.12798	0.11205	0.04223	0.00520	0.00157	0.00331	0.01634	0.07443	0.00523
12	0.01056	0.00569	0.00713	0.00640	0.00826	0.00511	0.00494	0.04155	0.01160	0.26248	0.18249	0.17518	0.22772	0.00939	0.00510	0.00151	0.00290	0.02207	0.00474	0.00517
13	0.00894	0.00588	0.00682	0.00624	0.00800	0.00555	0.00477	0.07343	0.06732	0.12887	0.17785	0.14701	0.32255	0.00964	0.00512	0.00150	0.00280	0.00822	0.00455	0.00492
14	0.00736	0.00595	0.00872	0.00816	0.00901	0.00697	0.03593	0.04292	0.00802	0.01142	0.01271	0.12256	0.01274	0.06207	0.50508	0.00518	0.12254	0.00576	0.00266	0.00425
15	0.11651	0.00555	0.00610	0.00571	0.00735	0.00532	0.00434	0.01016	0.04877	0.09477	0.24242	0.09842	0.29524	0.03320	0.00539	0.00156	0.00267	0.00768	0.00430	0.00453
16	0.49697	0.00833	0.00808	0.00684	0.00975	0.00891	0.00561	0.03946	0.06186	0.25491	0.01204	0.01229	0.03192	0.00511	0.00359	0.00141	0.00359	0.01966	0.00382	0.00584
17	0.05298	0.00995	0.01076	0.00851	0.01150	0.01071	0.00696	0.48958	0.02886	0.12745	0.01235	0.01249	0.00883	0.00532	0.00413	0.00129	0.00411	0.00406	0.18342	0.00677
18	0.00672	0.00523	0.00720	0.00714	0.00789	0.02331	0.00547	0.00818	0.00757	0.01075	0.04352	0.05498	0.01322	0.07777	0.65222	0.00616	0.03701	0.00530	0.01642	0.00397
19	0.01024	0.01140	0.02440	0.01815	0.05376	0.01076	0.70254	0.01372	0.01024	0.01394	0.00935	0.01299	0.00738	0.04156	0.03684	0.00184	0.00748	0.00526	0.00229	0.00585
20	0.04458	0.00474	0.00526	0.00523	0.00558	0.00477	0.00320	0.03054	0.00755	0.01047	0.04178	0.10980	0.05141	0.63589	0.01833	0.00365	0.00398	0.00705	0.00304	0.00314
21	0.00716	0.00511	0.00715	0.00818	0.00919	0.00511	0.00712	0.00918	0.01025	0.01333	0.02371	0.07218	0.02585	0.01240	0.00617	0.00205	0.00408	0.76353	0.00412	0.00411
22	0.02273	0.00854	0.02701	0.02943	0.16128	0.00840	0.00805	0.11672	0.06411	0.23320	0.14076	0.04254	0.02392	0.00638	0.00501	0.00143	0.03360	0.03147	0.02906	0.00636
23	0.00691	0.00533	0.00791	0.00777	0.02385	0.00604	0.03098	0.00809	0.00726	0.01029	0.01233	0.05032	0.01238	0.17705	0.49718	0.04340	0.06512	0.02145	0.00250	0.00384
24	0.00666	0.00494	0.00646	0.00720	0.00832	0.00474	0.00610	0.00847	0.01031	0.01319	0.05862	0.07352	0.21260	0.01205	0.00592	0.00190	0.00356	0.54727	0.00416	0.00403
25	0.01845	0.00985	0.01170	0.00899	0.01246	0.00994	0.00742	0.38474	0.01659	0.43639	0.01437	0.01316	0.00946	0.00545	0.00447	0.00136	0.00430	0.00427	0.01908	0.00755
26	0.01013	0.00936	0.01583	0.34549	0.33642	0.01028	0.06853	0.01333	0.04453	0.03932	0.02542	0.01227	0.00771	0.00456	0.00493	0.00144	0.03779	0.00422	0.00238	0.00604
27	0.01397	0.00789	0.00979	0.00733	0.01100	0.00650	0.00594	0.01642	0.05314	0.35710	0.01263	0.01220	0.00889	0.00441	0.00388	0.00102	0.00354	0.00357	0.00398	0.45681
28	0.01116	0.01045	0.01583	0.10440	0.41378	0.02365	0.06184	0.05987	0.19683	0.01581	0.01073	0.01243	0.00846	0.00471	0.00482	0.00142	0.02991	0.00430	0.00286	0.00673
29	0.00625	0.00459	0.00658	0.00674	0.00736	0.00511	0.00500	0.00755	0.00745	0.01053	0.03297	0.14825	0.01538	0.12302	0.58506	0.00588	0.00940	0.00631	0.00277	0.00380
30	0.04619	0.01074	0.01162	0.00943	0.01251	0.01184	0.00764	0.46627	0.21371	0.08768	0.01385	0.05117	0.01062	0.00603	0.00452	0.00143	0.00432	0.01880	0.00450	0.00713
31	0.01016	0.27739	0.54618	0.01113	0.01674	0.04012	0.01352	0.01405	0.00944	0.01293	0.00743	0.00870	0.00569	0.00413	0.00382	0.00127	0.00609	0.00301	0.00191	0.00629
32	0.01520	0.01295	0.01283	0.01125	0.06331	0.12611	0.00851	0.45808	0.20522	0.02270	0.01183	0.01180	0.00875	0.00534	0.00443	0.00136	0.00506	0.00411	0.00405	0.00711
33	0.72606	0.00968	0.00774	0.00719	0.03341	0.05796	0.00559	0.05348	0.03562	0.01974	0.00697	0.00792	0.00540	0.00430	0.00304	0.00137	0.00386	0.00267	0.00287	0.00515
34	0.01187	0.04269	0.02320	0.01640	0.02060	0.01092	0.61605	0.05400	0.01122	0.10675	0.01046	0.03604	0.00794	0.00435	0.00507	0.00147	0.00674	0.00523	0.00279	0.00621
35	0.00545	0.00400	0.00512	0.00598	0.00643	0.00367	0.00405	0.00631	0.00889	0.01167	0.04697	0.71248	0.13551	0.01353	0.00564	0.00177	0.00254	0.01216	0.00417	0.00367
36	0.00580	0.00435	0.00527	0.00578	0.00652	0.00400	0.00402	0.02665	0.00959	0.01246	0.09135	0.51579	0.24259	0.03642	0.00602	0.00176	0.00258	0.01106	0.00418	0.00379
37	0.01192	0.80192	0.05322	0.00791	0.01181	0.02980	0.00800	0.01349	0.00916	0.01067	0.00630	0.00727	0.00574	0.00385	0.00294	0.00098	0.00490	0.00243	0.00192	0.00576
38	0.03860	0.01104	0.01198	0.00922	0.01277	0.01161	0.00754	0.52025	0.08177	0.05345	0.01089	0.01098	0.00794	0.00497	0.00419	0.00122	0.00439	0.00379	0.00409	0.18931
39	0.87439	0.00865	0.00657	0.00588	0.00865	0.01003	0.00484	0.01315	0.00761	0.02007	0.00623	0.00727	0.00484	0.00415	0.00277	0.00138	0.00346	0.00242	0.00277	0.00484
40	0.00778	0.00710	0.00682	0.00667	0.00796	0.11054	0.00492	0.01039	0.09470	0.01455	0.30308	0.20606	0.18290	0.00973	0.00514	0.00150	0.00316	0.00837	0.00423	0.00443
41	0.01196	0.84548	0.02344	0.00765	0.01148	0.01770	0.00765	0.01339	0.00909	0.01052	0.00622	0.00718	0.00574	0.00383	0.00287	0.00096	0.00478	0.00239	0.00191	0.00574
42	0.00545	0.00389	0.00519	0.00623	0.00649	0.00363	0.00415	0.00623	0.00856	0.01142	0.02465	0.83987	0.02959	0.01401	0.00571	0.00182	0.00260	0.01272	0.00415	0.00363
43	0.01671	0.02132	0.01268	0.01152	0.01383	0.82483	0.00864	0.01786	0.01268	0.01095	0.00691	0.00807	0.00576	0.00461	0.00403	0.00115	0.00807	0.00288	0.00230	0.00519
44	0.00697	0.00503	0.00690	0.00786	0.00887	0.00496	0.00676	0.00889	0.01019	0.01318	0.02527	0.09728	0.08142	0.01238	0.00609	0.00201	0.00390	0.68388	0.00412	0.00407
45	0.00889	0.03422	0.74266	0.01236	0.01855	0.01014	0.03088	0.01381	0.00966	0.01434	0.05694	0.01092	0.00791	0.00453	0.00431	0.00141	0.00633	0.00362	0.00208	0.00644
46	0.87439	0.00865	0.00657	0.00588	0.00865	0.01003	0.00484	0.01315	0.00761	0.02007	0.00623	0.00727	0.00484	0.00415	0.00277	0.00138	0.00346	0.00242	0.00277	0.00484
47	0.87439	0.00865	0.00657	0.00588	0.00865	0.01003	0.00484	0.01315	0.00761	0.02007	0.00623	0.00727	0.00484	0.00415	0.00277	0.00138	0.00346	0.00242	0.00277	0.00484
48	0.00572	0.00458	0.00518	0.00543	0.00670	0.00404	0.00420	0.00706	0.01027	0.01274	0.10463	0.12014	0.53653	0.01158	0.00548	0.00163	0.00260	0.14342	0.00421	0.00386
49	0.21370	0.00814	0.00962	0.00764	0.01090	0.00788	0.00628	0.05061	0.05198	0.56518	0.01481	0.01331	0.00965	0.00524	0.00411	0.00139	0.00376	0.00404	0.00482	0.00696
50	0.00903	0.03898	0.80427	0.01265	0.01921	0.01053	0.01636	0.01415	0.00944	0.01410	0.00799	0.00940	0.00567	0.00424	0.00422	0.00141	0.00658	0.00329	0.00189	0.00659
51	0.01098	0.01177	0.01353	0.01171	0.01210	0.15296	0.00959	0.01198	0.00785	0.01080	0.00605	0.00949	0.00585	0.00728	0.01285	0.00182	0.69270	0.00374	0.00202	0.00494
52	0.00616	0.00461	0.00567	0.00555	0.00662	0.00424	0.00411	0.00808	0.02781	0.01568	0.51525	0.10316	0.20513	0.04249	0.00600	0.00160	0.00235	0.02684	0.00458	0.00407
53	0.01107	0.01063	0.01816	0.02746	0.81489	0.01063	0.01373	0.01373	0.01019	0.01461	0.00841	0.01107	0.00709	0.00399	0.00443	0.00133	0.00531	0.00399	0.00221	0.00709
54	0.01196	0.84548	0.02344	0.00765	0.01148	0.01770	0.00765	0.01339	0.00909	0.01052	0.00622	0.00718	0.00574	0.00383	0.00287	0.00096	0.00478	0.00239	0.00191	0.00574
55	0.00554	0.00421	0.00513	0.00577	0.00652	0.00380	0.00410	0.00657	0.00937	0.01203	0.06403	0.49940	0.28453	0.01284	0.00558	0.00171	0.00256	0.05840	0.00418	0.00373
56	0.00556	0.00454	0.00490	0.00481	0.00621	0.00389	0.00361	0.00694	0.01083	0.01359	0.24244	0.04057	0.61501	0.01077	0.00528	0.00148	0.00223	0.00909	0.00435	0.00389
57	0.00529	0.00453	0.00453	0.00453	0.00604	0.00378	0.00340	0.00642	0.01020	0.01208	0.04532	0.04305	0.81307	0.01133	0.00529	0.00151	0.00227	0.00944	0.00415	0.00378
58	0.00545	0.00389	0.00519	0.00623	0.00649	0.00363	0.00415	0.00623	0.00856	0.01142	0.02465	0.83987	0.02959	0.01401	0.00571	0.00182	0.00260	0.01272	0.00415	0.00363
59	0.01190	0.00968	0.01030	0.00906	0.01170	0.01102	0.00711	0.09136	0.68780	0.05324	0.01809	0.01665	0.02960	0.00609	0.00456	0.00150	0.00365	0.00503	0.00458	0.00708
60	0.01801	0.01092	0.01243	0.00953	0.01307	0.01148	0.00787	0.54535	0.01834	0.28662	0.01300	0.01221	0.00874	0.00542	0.00448	0.00136	0.00456	0.00418	0.00482	0.00761
61	0.63416	0.00788	0.00654	0.00592	0.00840	0.00880	0.00482	0.04613	0.00890	0.01882	0.04383	0.01565	0.13913	0.00583	0.00346	0.00143	0.00330	0.02908	0.00319	0.00474
62	0.00940	0.00706	0.00764	0.00695	0.00880	0.00766	0.00537	0.06116	0.34806	0.01821	0.19194	0.02157	0.06673	0.00681	0.00441	0.00137	0.00288	0.00571	0.21269	0.00559
63	0.00975	0.01112	0.05594	0.01562	0.01889	0.01079	0.51045	0.01272	0.00967	0.01337	0.01097	0.06244	0.03104	0.00576	0.00709	0.00163	0.16433	0.04043	0.00243	0.00555
64	0.02329	0.00459	0.00569	0.00585	0.00683	0.00425	0.00429	0.00801	0.02103	0.03340	0.34361	0.29687	0.16974	0.01103	0.00538	0.00159	0.00247	0.04353	0.00447	0.00408
65	0.00632	0.00432	0.00566	0.00642	0.00694	0.00411	0.00443	0.00767	0.03968	0.04243	0.05359	0.71159	0.02844	0.02520	0.00586	0.00182	0.00273	0.03462	0.00423	0.00394
66	0.01752	0.01085	0.01229	0.00949	0.01295	0.01147	0.00781	0.53262	0.04380	0.25929	0.02734	0.01265	0.00944	0.00551	0.00450	0.00136	0.00450	0.00427	0.00480	0.00753

[dist]
# distance from previous block
# <min> <max>
0	1

[block]
# block no. 2 follows, 58 sequences, length 34
# corresponding to MSA columns:
# 230-233,235-247,257-266,283-289
name=unknown_C
#
# <colnr> <probs for GDERKNQSTAVLIFYWHMCP>
#	G	D	E	R	K	N	Q	S	T	A	V	L	I	F	Y	W	H	M	C	P
0	0.00626	0.00423	0.00548	0.00618	0.00675	0.00395	0.00435	0.00728	0.00913	0.03821	0.07040	0.58429	0.08012	0.04841	0.00630	0.00186	0.00277	0.07691	0.03329	0.00383
1	0.00588	0.00447	0.00496	0.00508	0.00621	0.00393	0.00363	0.00690	0.00965	0.03198	0.07626	0.19464	0.50885	0.09485	0.02071	0.00194	0.00273	0.00951	0.00405	0.00376
2	0.01700	0.01281	0.01340	0.01033	0.01387	0.03980	0.00851	0.77497	0.02076	0.02764	0.01062	0.01065	0.00755	0.00535	0.00446	0.00134	0.00502	0.00399	0.00441	0.00753
3	0.01558	0.02064	0.08317	0.03014	0.02813	0.69696	0.00945	0.01751	0.03651	0.01154	0.00740	0.00859	0.00602	0.00461	0.00408	0.00120	0.00771	0.00303	0.00233	0.00540
4	0.00646	0.00472	0.00697	0.00697	0.00768	0.00543	0.00532	0.00779	0.00708	0.01015	0.01194	0.01821	0.01139	0.08906	0.73354	0.04512	0.01109	0.00487	0.00240	0.00381
5	0.00648	0.00433	0.00491	0.00493	0.00495	0.00432	0.00277	0.00653	0.00667	0.00891	0.02850	0.04955	0.01705	0.80737	0.02203	0.00422	0.00425	0.00669	0.00279	0.00276
6	0.00777	0.00389	0.00583	0.00583	0.00583	0.00389	0.00389	0.00583	0.00583	0.00777	0.00777	0.01360	0.00777	0.01554	0.01748	0.86985	0.00389	0.00389	0.00194	0.00194
7	0.03328	0.00419	0.00538	0.00605	0.00637	0.00411	0.00405	0.00663	0.00794	0.01094	0.02031	0.55122	0.02383	0.15795	0.05310	0.06660	0.00355	0.02747	0.00360	0.00342
8	0.00578	0.00401	0.00535	0.00629	0.00664	0.00374	0.00427	0.00664	0.00880	0.02611	0.04799	0.78348	0.02954	0.01368	0.00569	0.00180	0.00264	0.02963	0.00420	0.00373
9	0.00690	0.00405	0.00575	0.00621	0.00642	0.00397	0.00433	0.00639	0.00727	0.00966	0.01539	0.28830	0.01732	0.04314	0.01248	0.45377	0.00351	0.09943	0.00295	0.00278
10	0.00580	0.00413	0.00535	0.00621	0.00667	0.00386	0.00425	0.00684	0.02143	0.02294	0.02588	0.71989	0.08898	0.02379	0.00587	0.00182	0.00267	0.03572	0.00416	0.00376
11	0.00583	0.00402	0.00527	0.00615	0.00652	0.00374	0.00412	0.00660	0.00862	0.02985	0.02469	0.75962	0.05362	0.05037	0.00642	0.00191	0.00269	0.01215	0.00412	0.00369
12	0.03252	0.00624	0.00827	0.00708	0.00937	0.00556	0.00559	0.01549	0.01173	0.45916	0.16070	0.17032	0.04789	0.00810	0.00490	0.00149	0.00323	0.03135	0.00502	0.00599
13	0.00928	0.00795	0.00928	0.00663	0.01060	0.00596	0.00530	0.01126	0.00928	0.01458	0.00795	0.00928	0.00663	0.00331	0.00331	0.00066	0.00331	0.00265	0.00265	0.87014
14	0.07949	0.00528	0.00623	0.00608	0.00758	0.00487	0.00454	0.01014	0.00986	0.17535	0.03836	0.31382	0.24688	0.03753	0.00567	0.00169	0.00292	0.03486	0.00428	0.00457
15	0.00854	0.00812	0.01396	0.79825	0.03050	0.01000	0.04509	0.01155	0.00901	0.01155	0.00800	0.01193	0.00600	0.00444	0.00451	0.00149	0.00603	0.00403	0.00200	0.00501
16	0.39126	0.00769	0.00819	0.00685	0.00969	0.00780	0.00562	0.01632	0.01036	0.36857	0.07078	0.03220	0.01148	0.00559	0.00388	0.00142	0.00352	0.02863	0.00421	0.00596
17	0.26554	0.00587	0.00591	0.00574	0.00695	0.00618	0.00408	0.02736	0.00835	0.03620	0.06895	0.16734	0.04616	0.29662	0.01063	0.00250	0.00353	0.02482	0.00334	0.00393
18	0.00759	0.00423	0.00631	0.00629	0.00645	0.00447	0.00443	0.00642	0.00621	0.00845	0.00889	0.01526	0.00882	0.01815	0.14782	0.67970	0.02816	0.02787	0.00208	0.00242
19	0.00634	0.00473	0.00620	0.00715	0.02606	0.00450	0.00545	0.00776	0.00965	0.01244	0.03862	0.28152	0.18966	0.04404	0.00643	0.00193	0.00329	0.33626	0.00405	0.00392
20	0.00623	0.00416	0.00547	0.00616	0.00669	0.00384	0.00421	0.00717	0.00916	0.04996	0.09385	0.68128	0.06435	0.02736	0.00589	0.00179	0.00263	0.01167	0.00426	0.00386
21	0.00777	0.00389	0.00583	0.00583	0.00583	0.00389	0.00389	0.00583	0.00583	0.00777	0.00777	0.01360	0.00777	0.01554	0.01748	0.86985	0.00389	0.00389	0.00194	0.00194
22	0.18597	0.00951	0.01332	0.03229	0.32675	0.02088	0.06408	0.05248	0.09409	0.01709	0.11652	0.01436	0.02378	0.00510	0.00429	0.00139	0.00447	0.00448	0.00307	0.00608
23	0.02957	0.01576	0.01506	0.01349	0.08636	0.36541	0.12333	0.18370	0.06891	0.01613	0.00891	0.01012	0.00696	0.00479	0.00469	0.00131	0.03274	0.00375	0.00291	0.00611
24	0.00578	0.00448	0.00505	0.00500	0.00609	0.00398	0.00358	0.00702	0.01031	0.01330	0.26703	0.08069	0.42903	0.12971	0.00781	0.00190	0.00253	0.00880	0.00418	0.00375
25	0.06587	0.00441	0.00509	0.00571	0.00651	0.00412	0.00398	0.00677	0.00898	0.01222	0.02941	0.54897	0.25693	0.01254	0.00538	0.00170	0.00256	0.01104	0.00406	0.00376
26	0.25202	0.01001	0.01353	0.01277	0.15245	0.01033	0.11921	0.16940	0.01221	0.19062	0.01033	0.01099	0.00738	0.00460	0.00411	0.00138	0.00472	0.00385	0.00353	0.00653
27	0.00929	0.00816	0.01039	0.00745	0.01140	0.00629	0.06048	0.01141	0.00945	0.01464	0.02729	0.01005	0.00749	0.00348	0.00350	0.00074	0.00358	0.00296	0.00268	0.78928
28	0.00736	0.00413	0.00608	0.00608	0.00627	0.00432	0.00420	0.00638	0.00619	0.00844	0.00919	0.01562	0.00916	0.07731	0.20655	0.60806	0.00581	0.00428	0.00210	0.00248
29	0.00622	0.00431	0.00498	0.00519	0.00542	0.00419	0.00318	0.00654	0.00737	0.00965	0.01945	0.16816	0.10171	0.58795	0.01750	0.00354	0.00382	0.03464	0.00315	0.00303
30	0.00883	0.01978	0.03612	0.00712	0.00835	0.00663	0.05971	0.11593	0.00924	0.03749	0.01341	0.02484	0.01407	0.57316	0.01696	0.00341	0.00470	0.03325	0.00302	0.00399
31	0.07254	0.02538	0.03779	0.01440	0.01836	0.01046	0.46225	0.04695	0.02680	0.15826	0.01039	0.01199	0.00750	0.00438	0.00515	0.00145	0.03913	0.00464	0.00300	0.03918
32	0.02842	0.10210	0.16175	0.12598	0.10238	0.01060	0.11753	0.08115	0.01073	0.07067	0.00885	0.01051	0.00669	0.00418	0.00415	0.00125	0.00540	0.00366	0.00260	0.14139
33	0.04144	0.01036	0.01042	0.00841	0.02288	0.15443	0.00659	0.03463	0.02370	0.32885	0.02479	0.01189	0.00887	0.00464	0.00398	0.00111	0.00442	0.00358	0.00382	0.29120

[dist]
# distance from previous block
# <min> <max>
1	7

[block]
# block no. 3 follows, 58 sequences, length 17
# corresponding to MSA columns:
# 329-345
name=unknown_D
#
# <colnr> <probs for GDERKNQSTAVLIFYWHMCP>
#	G	D	E	R	K	N	Q	S	T	A	V	L	I	F	Y	W	H	M	C	P
0	0.00923	0.05136	0.68349	0.01277	0.01897	0.01051	0.08115	0.01401	0.00952	0.01407	0.00804	0.00957	0.00581	0.00415	0.00424	0.00137	0.00646	0.00340	0.00196	0.04992
1	0.00726	0.03657	0.02020	0.00821	0.04605	0.00595	0.07168	0.00966	0.03549	0.01541	0.38230	0.06135	0.15205	0.00892	0.00521	0.00150	0.00323	0.10474	0.00412	0.02009
2	0.01358	0.40912	0.06406	0.00938	0.01277	0.26818	0.00843	0.09481	0.03521	0.01295	0.00840	0.00918	0.02763	0.00452	0.00359	0.00111	0.00582	0.00303	0.00243	0.00579
3	0.00947	0.09711	0.66673	0.01181	0.01779	0.01087	0.01470	0.04486	0.00984	0.01432	0.00844	0.03306	0.00646	0.00451	0.00415	0.00136	0.00616	0.00350	0.00208	0.03278
4	0.01107	0.01063	0.01816	0.02746	0.81489	0.01063	0.01373	0.01373	0.01019	0.01461	0.00841	0.01107	0.00709	0.00399	0.00443	0.00133	0.00531	0.00399	0.00221	0.00709
5	0.01107	0.01063	0.01816	0.02746	0.81489	0.01063	0.01373	0.01373	0.01019	0.01461	0.00841	0.01107	0.00709	0.00399	0.00443	0.00133	0.00531	0.00399	0.00221	0.00709
6	0.01023	0.01123	0.02366	0.09548	0.07642	0.01083	0.63219	0.01376	0.01037	0.01403	0.00964	0.01392	0.00768	0.00428	0.00519	0.00152	0.00707	0.04426	0.00233	0.00591
7	0.00972	0.00925	0.01572	0.44057	0.41230	0.01027	0.01306	0.01255	0.00955	0.01298	0.00818	0.01151	0.00651	0.00424	0.00445	0.00141	0.00565	0.00398	0.00210	0.00600
8	0.01182	0.01205	0.01743	0.02533	0.70814	0.11913	0.01305	0.01428	0.01052	0.01413	0.00821	0.01067	0.00691	0.00407	0.00438	0.00131	0.00568	0.00384	0.00223	0.00683
9	0.12184	0.00498	0.00604	0.00680	0.00771	0.00501	0.00526	0.00819	0.00909	0.01327	0.02269	0.42832	0.05597	0.01203	0.00546	0.00183	0.00322	0.27438	0.00396	0.00397
10	0.00883	0.10116	0.59155	0.01107	0.01638	0.01003	0.01354	0.01308	0.00988	0.01427	0.11585	0.01447	0.01155	0.00527	0.00435	0.00140	0.00571	0.04312	0.00241	0.00608
11	0.00858	0.00795	0.01333	0.59642	0.15026	0.00947	0.01172	0.01133	0.00890	0.01179	0.00856	0.01255	0.00683	0.00827	0.11382	0.00222	0.00666	0.00409	0.00208	0.00517
12	0.00980	0.00931	0.01544	0.17681	0.55858	0.00958	0.01210	0.01232	0.00995	0.01367	0.01324	0.01549	0.11428	0.00506	0.00455	0.00138	0.00503	0.00471	0.00243	0.00624
13	0.00779	0.00652	0.03070	0.01122	0.12767	0.00616	0.02449	0.01001	0.01020	0.01357	0.03569	0.05543	0.03562	0.01118	0.02480	0.00202	0.00452	0.57405	0.00372	0.00464
14	0.01279	0.01148	0.12153	0.21231	0.26608	0.05040	0.01166	0.03028	0.01077	0.21340	0.01051	0.01193	0.00756	0.00458	0.00441	0.00138	0.00540	0.00397	0.00299	0.00656
15	0.01015	0.00798	0.01314	0.65276	0.07721	0.00940	0.01153	0.01283	0.00947	0.11903	0.00927	0.01235	0.00676	0.00483	0.00477	0.02103	0.00559	0.00404	0.00247	0.00539
16	0.05055	0.00732	0.02586	0.18500	0.01503	0.00754	0.08530	0.04273	0.00998	0.05407	0.05873	0.14666	0.03900	0.03092	0.02919	0.00186	0.03418	0.14821	0.00331	0.02456

[dist]
# distance from previous block
# <min> <max>
0	21

# created by:
# /st0/software/busco_prod/Augustus/scripts/msa2prfl.pl ./align_prep/132800.fa
