[name]
unknown

[dist]
# distance from previous block
# <min> <max>
0	29

[block]
# block no. 0 follows, 63 sequences, length 54
# corresponding to MSA columns:
# 280-291,301-307,317-328,340-352,358,359,362-369
name=unknown_A
#
# <colnr> <probs for GDERKNQSTAVLIFYWHMCP>
#	G	D	E	R	K	N	Q	S	T	A	V	L	I	F	Y	W	H	M	C	P
0	0.00726	0.00521	0.00708	0.00784	0.00894	0.00527	0.00684	0.05125	0.01021	0.01332	0.02161	0.04544	0.02329	0.01127	0.00572	0.00190	0.00391	0.75570	0.00389	0.00404
1	0.01598	0.01177	0.01262	0.00967	0.01304	0.01304	0.00799	0.81202	0.01976	0.02649	0.01009	0.01009	0.00715	0.00505	0.00421	0.00126	0.00463	0.00378	0.00421	0.00715
2	0.00730	0.00365	0.00548	0.00548	0.00548	0.00365	0.00365	0.00548	0.00548	0.00730	0.00730	0.01278	0.00730	0.01460	0.01643	0.87769	0.00365	0.00365	0.00183	0.00183
3	0.00993	0.01131	0.02461	0.01792	0.04199	0.01061	0.79091	0.01345	0.00991	0.01347	0.00849	0.01132	0.00639	0.00355	0.00494	0.00141	0.00704	0.00493	0.00213	0.00569
4	0.01115	0.82732	0.04869	0.00735	0.01103	0.01641	0.00747	0.01261	0.00855	0.01000	0.00590	0.00681	0.00539	0.00361	0.00274	0.00091	0.00455	0.00228	0.00180	0.00542
5	0.00601	0.00450	0.00676	0.00676	0.00751	0.00525	0.00525	0.00751	0.00676	0.00976	0.01126	0.01651	0.01051	0.03153	0.83560	0.00676	0.01126	0.00450	0.00225	0.00375
6	0.00590	0.00430	0.00555	0.00524	0.00625	0.00395	0.00393	0.00784	0.01179	0.01659	0.78550	0.03185	0.07816	0.00869	0.00496	0.00133	0.00199	0.00766	0.00459	0.00395
7	0.01117	0.83321	0.04298	0.00732	0.01098	0.01646	0.00741	0.01261	0.00855	0.00998	0.00589	0.00680	0.00539	0.00361	0.00273	0.00091	0.00454	0.00227	0.00180	0.00542
8	0.01164	0.01229	0.01558	0.02167	0.60614	0.20227	0.01155	0.01416	0.04040	0.01308	0.00792	0.00994	0.00660	0.00396	0.00408	0.00122	0.00553	0.00354	0.00218	0.00624
9	0.00988	0.01123	0.02417	0.01736	0.02139	0.01075	0.76833	0.01329	0.00974	0.01329	0.00835	0.01123	0.00633	0.00375	0.00543	0.00144	0.05144	0.00489	0.00211	0.00561
10	0.00512	0.00366	0.00488	0.00585	0.00610	0.00341	0.00390	0.00585	0.00805	0.01073	0.02317	0.84952	0.02780	0.01317	0.00537	0.00171	0.00244	0.01195	0.00390	0.00341
11	0.00538	0.00392	0.00511	0.00587	0.00639	0.00365	0.00418	0.00640	0.00873	0.01155	0.09525	0.60103	0.10741	0.01233	0.00534	0.00167	0.00254	0.10575	0.00396	0.00353
12	0.01886	0.00715	0.00976	0.00748	0.01073	0.00618	0.00618	0.02049	0.01203	0.82895	0.01658	0.01431	0.01041	0.00520	0.00423	0.00130	0.00358	0.00423	0.00520	0.00715
13	0.01549	0.01153	0.01234	0.00957	0.01285	0.01281	0.00787	0.74158	0.09101	0.02570	0.01072	0.01059	0.00766	0.00510	0.00421	0.00128	0.00451	0.00387	0.00421	0.00710
14	0.00885	0.00880	0.01545	0.52366	0.16489	0.02191	0.14732	0.01165	0.00886	0.01170	0.00765	0.01098	0.00591	0.00411	0.00461	0.00139	0.03122	0.00393	0.00195	0.00518
15	0.00784	0.00392	0.00392	0.00392	0.00490	0.00392	0.00294	0.00980	0.00882	0.01567	0.01371	0.01567	0.01077	0.00490	0.00294	0.00098	0.00196	0.00392	0.87560	0.00392
16	0.00589	0.00429	0.00554	0.00523	0.00624	0.00394	0.00392	0.00782	0.01176	0.01652	0.77652	0.03195	0.08717	0.00872	0.00496	0.00133	0.00199	0.00768	0.00458	0.00394
17	0.01151	0.00963	0.01001	0.00875	0.01128	0.02855	0.00687	0.13581	0.67248	0.03245	0.01586	0.01468	0.01181	0.00557	0.00426	0.00139	0.00361	0.00456	0.00424	0.00670
18	0.01030	0.00992	0.01702	0.05626	0.78289	0.00997	0.02603	0.01283	0.00953	0.01362	0.00790	0.01045	0.00661	0.00376	0.00418	0.00126	0.00505	0.00377	0.00207	0.00657
19	0.01886	0.00715	0.00976	0.00748	0.01073	0.00618	0.00618	0.02049	0.01203	0.82895	0.01658	0.01431	0.01041	0.00520	0.00423	0.00130	0.00358	0.00423	0.00520	0.00715
20	0.01649	0.00646	0.00850	0.00671	0.00948	0.00569	0.00548	0.01819	0.01134	0.65424	0.01597	0.01460	0.01049	0.00514	0.00395	0.00123	0.00323	0.00416	0.19219	0.00646
21	0.00497	0.00426	0.00426	0.00426	0.00568	0.00355	0.00319	0.00603	0.00958	0.01136	0.04259	0.04046	0.82433	0.01065	0.00497	0.00142	0.00213	0.00887	0.00390	0.00355
22	0.03074	0.00738	0.00974	0.00752	0.01068	0.00662	0.00619	0.07542	0.01250	0.72801	0.04857	0.01459	0.01127	0.00531	0.00423	0.00130	0.00358	0.00430	0.00507	0.00699
23	0.88196	0.00813	0.00618	0.00553	0.00813	0.00943	0.00455	0.01236	0.00715	0.01886	0.00585	0.00683	0.00455	0.00390	0.00260	0.00130	0.00325	0.00228	0.00260	0.00455
24	0.00870	0.00852	0.01191	0.01040	0.01045	0.01172	0.00856	0.00962	0.00661	0.01017	0.00743	0.09233	0.00786	0.00863	0.03666	0.00197	0.73744	0.00452	0.00205	0.00446
25	0.01124	0.85479	0.02203	0.00719	0.01079	0.01663	0.00719	0.01259	0.00854	0.00989	0.00584	0.00674	0.00539	0.00360	0.00270	0.00090	0.00450	0.00225	0.00180	0.00539
26	0.88196	0.00813	0.00618	0.00553	0.00813	0.00943	0.00455	0.01236	0.00715	0.01886	0.00585	0.00683	0.00455	0.00390	0.00260	0.00130	0.00325	0.00228	0.00260	0.00455
27	0.10434	0.01823	0.01120	0.01017	0.01239	0.70693	0.00768	0.01663	0.05413	0.01155	0.00699	0.00793	0.00572	0.00436	0.00369	0.00112	0.00691	0.00277	0.00232	0.00493
28	0.00559	0.00420	0.00518	0.00511	0.00611	0.00378	0.00377	0.00717	0.01078	0.01462	0.51625	0.15062	0.23190	0.00976	0.00502	0.00140	0.00208	0.00854	0.00434	0.00378
29	0.00730	0.00365	0.00548	0.00548	0.00548	0.00365	0.00365	0.00548	0.00548	0.00730	0.00730	0.01278	0.00730	0.01460	0.01643	0.87769	0.00365	0.00365	0.00183	0.00183
30	0.01886	0.00715	0.00976	0.00748	0.01073	0.00618	0.00618	0.02049	0.01203	0.82895	0.01658	0.01431	0.01041	0.00520	0.00423	0.00130	0.00358	0.00423	0.00520	0.00715
31	0.01053	0.01004	0.01695	0.05333	0.64856	0.01018	0.07995	0.04973	0.05286	0.01439	0.00853	0.01078	0.00695	0.00391	0.00424	0.00128	0.00509	0.00390	0.00229	0.00652
32	0.01577	0.01167	0.01250	0.00963	0.01296	0.01294	0.00794	0.78246	0.04967	0.02616	0.01036	0.01030	0.00736	0.00507	0.00421	0.00127	0.00458	0.00382	0.00421	0.00713
33	0.00983	0.31747	0.43582	0.01114	0.07646	0.02565	0.01188	0.02628	0.00904	0.01230	0.00699	0.00823	0.00550	0.00384	0.00353	0.00115	0.00544	0.00284	0.00187	0.02475
34	0.77510	0.04414	0.00730	0.00603	0.00864	0.07726	0.00495	0.01273	0.00760	0.01779	0.00591	0.00689	0.00466	0.00392	0.00270	0.00127	0.00366	0.00231	0.00253	0.00461
35	0.00611	0.00408	0.00458	0.00458	0.00458	0.00408	0.00255	0.00611	0.00611	0.00815	0.01325	0.02751	0.01528	0.85226	0.02140	0.00408	0.00408	0.00611	0.00255	0.00255
36	0.00941	0.19914	0.61489	0.01090	0.01634	0.05495	0.01336	0.01334	0.00897	0.01242	0.00713	0.00835	0.00534	0.00393	0.00371	0.00123	0.00592	0.00290	0.00180	0.00597
37	0.00576	0.00426	0.00538	0.00516	0.00618	0.00388	0.00385	0.00755	0.01138	0.01575	0.66978	0.07003	0.15721	0.00911	0.00498	0.00135	0.00203	0.00799	0.00449	0.00388
38	0.01455	0.01106	0.01181	0.00938	0.01249	0.01237	0.00764	0.60744	0.22668	0.02419	0.01191	0.01154	0.00862	0.00522	0.00422	0.00130	0.00429	0.00404	0.00422	0.00702
39	0.01040	0.00999	0.01706	0.02580	0.82604	0.00999	0.01290	0.01290	0.00957	0.01373	0.00791	0.01040	0.00666	0.00375	0.00416	0.00125	0.00499	0.00375	0.00208	0.00666
40	0.00931	0.28269	0.57724	0.01048	0.01587	0.01192	0.01292	0.01309	0.00877	0.01224	0.00701	0.00821	0.00535	0.00387	0.00359	0.00120	0.00567	0.00284	0.00178	0.00596
41	0.00843	0.02174	0.83048	0.01198	0.01819	0.00976	0.01553	0.01331	0.00888	0.01331	0.00754	0.00888	0.00533	0.00399	0.00399	0.00133	0.00621	0.00311	0.00178	0.00621
42	0.00524	0.00382	0.00494	0.00561	0.00609	0.00351	0.00384	0.00620	0.00881	0.01176	0.15193	0.64215	0.10619	0.01220	0.00526	0.00162	0.00234	0.01097	0.00402	0.00351
43	0.02889	0.00776	0.01014	0.00856	0.04119	0.00742	0.02231	0.12662	0.06947	0.50697	0.03578	0.06860	0.01207	0.00589	0.00435	0.00135	0.00372	0.02763	0.00465	0.00662
44	0.01001	0.00953	0.01617	0.10357	0.71868	0.00971	0.01240	0.01244	0.00933	0.01324	0.00806	0.01112	0.00688	0.03545	0.00481	0.00137	0.00502	0.00383	0.00208	0.00631
45	0.00509	0.00378	0.00475	0.00552	0.00601	0.00344	0.00375	0.00589	0.00837	0.01086	0.02721	0.68129	0.19342	0.01265	0.00528	0.00165	0.00237	0.01131	0.00390	0.00344
46	0.00593	0.00430	0.00540	0.00516	0.00623	0.00390	0.00386	0.00768	0.01130	0.02780	0.63186	0.07026	0.18247	0.00913	0.00497	0.00136	0.00205	0.00798	0.00447	0.00391
47	0.01273	0.06688	0.03544	0.01361	0.01746	0.04130	0.45129	0.11464	0.01153	0.17733	0.01004	0.01128	0.00716	0.00410	0.00451	0.00133	0.00591	0.00437	0.00297	0.00611
48	0.75653	0.00897	0.00708	0.00617	0.00884	0.04064	0.00506	0.09850	0.00869	0.01936	0.00633	0.00721	0.00486	0.00404	0.00282	0.00129	0.00356	0.00245	0.00276	0.00484
49	0.00611	0.00408	0.00458	0.00458	0.00458	0.00408	0.00255	0.00611	0.00611	0.00815	0.01325	0.02751	0.01528	0.85226	0.02140	0.00408	0.00408	0.00611	0.00255	0.00255
50	0.00992	0.35477	0.47140	0.00997	0.01497	0.03627	0.01184	0.01323	0.00888	0.02382	0.00697	0.00806	0.00543	0.00386	0.00347	0.00115	0.00553	0.00277	0.00185	0.00586
51	0.01167	0.07463	0.10051	0.01761	0.36475	0.21150	0.07888	0.03635	0.04059	0.01305	0.00783	0.00956	0.00635	0.00400	0.00402	0.00121	0.00582	0.00346	0.00219	0.00602
52	0.00957	0.01257	0.15596	0.03459	0.02003	0.01009	0.55778	0.01368	0.05596	0.01363	0.00874	0.01099	0.00655	0.00373	0.00461	0.00135	0.00641	0.00444	0.00221	0.06710
53	0.02408	0.53579	0.16828	0.00856	0.01252	0.05816	0.00884	0.11714	0.01022	0.01283	0.00674	0.00762	0.00560	0.00390	0.00319	0.00104	0.00497	0.00263	0.00214	0.00573

[dist]
# distance from previous block
# <min> <max>
0	2

[block]
# block no. 1 follows, 63 sequences, length 21
# corresponding to MSA columns:
# 372-392
name=unknown_B
#
# <colnr> <probs for GDERKNQSTAVLIFYWHMCP>
#	G	D	E	R	K	N	Q	S	T	A	V	L	I	F	Y	W	H	M	C	P
0	0.02037	0.00562	0.04621	0.00593	0.00729	0.00487	0.00467	0.00873	0.11474	0.01247	0.06613	0.31456	0.32857	0.01037	0.00495	0.00152	0.00266	0.03241	0.00386	0.00409
1	0.00510	0.00374	0.00480	0.00565	0.00604	0.00343	0.00381	0.00588	0.00825	0.01081	0.02571	0.74385	0.13184	0.01284	0.00531	0.00167	0.00240	0.01155	0.00390	0.00343
2	0.01099	0.00891	0.00952	0.00849	0.01092	0.01018	0.00662	0.02222	0.76704	0.06931	0.01708	0.01560	0.01268	0.00567	0.00427	0.00142	0.00334	0.00472	0.00434	0.00669
3	0.03407	0.01165	0.01221	0.00949	0.01275	0.03722	0.00779	0.70550	0.05852	0.05254	0.01046	0.01037	0.00743	0.00504	0.00416	0.00127	0.00459	0.00378	0.00415	0.00700
4	0.26506	0.01094	0.01171	0.01097	0.11812	0.08140	0.04728	0.32386	0.02613	0.05362	0.00858	0.00930	0.00637	0.00443	0.00374	0.00127	0.00459	0.00334	0.00323	0.00606
5	0.88196	0.00813	0.00618	0.00553	0.00813	0.00943	0.00455	0.01236	0.00715	0.01886	0.00585	0.00683	0.00455	0.00390	0.00260	0.00130	0.00325	0.00228	0.00260	0.00455
6	0.00588	0.00425	0.00556	0.00533	0.00627	0.00392	0.00396	0.00777	0.01159	0.01637	0.76038	0.09622	0.03873	0.00896	0.00499	0.00135	0.00202	0.00795	0.00457	0.00392
7	0.01028	0.00883	0.00931	0.00840	0.01068	0.01020	0.00649	0.02169	0.78593	0.01721	0.01696	0.01616	0.01293	0.03959	0.00496	0.00153	0.00336	0.00481	0.00421	0.00649
8	0.00509	0.00378	0.00475	0.00553	0.00601	0.00344	0.00376	0.00589	0.00836	0.01086	0.02710	0.68593	0.18886	0.01266	0.00529	0.00165	0.00238	0.01133	0.00390	0.00344
9	0.06731	0.00766	0.03510	0.00751	0.01082	0.00647	0.00638	0.01980	0.01166	0.75779	0.01570	0.01372	0.00992	0.00509	0.00413	0.00130	0.00364	0.00408	0.00495	0.00698
10	0.88196	0.00813	0.00618	0.00553	0.00813	0.00943	0.00455	0.01236	0.00715	0.01886	0.00585	0.00683	0.00455	0.00390	0.00260	0.00130	0.00325	0.00228	0.00260	0.00455
11	0.01264	0.01345	0.01417	0.05451	0.13214	0.29777	0.13383	0.10955	0.13526	0.01449	0.00933	0.01054	0.00726	0.00443	0.00414	0.00125	0.00586	0.00374	0.02988	0.00576
12	0.00826	0.00780	0.01319	0.73553	0.13306	0.00942	0.01183	0.01102	0.00856	0.01113	0.00753	0.01110	0.00574	0.00414	0.00420	0.00138	0.00552	0.00374	0.00190	0.00493
13	0.00611	0.00466	0.00696	0.00690	0.00762	0.00550	0.00538	0.00759	0.00675	0.00977	0.01107	0.01627	0.01035	0.03074	0.80865	0.00659	0.03859	0.00448	0.00224	0.00378
14	0.00512	0.00423	0.00430	0.00430	0.00554	0.00362	0.00311	0.00604	0.00913	0.01094	0.03875	0.03877	0.71866	0.12057	0.00711	0.00177	0.00238	0.00851	0.00373	0.00342
15	0.00601	0.00450	0.00676	0.00676	0.00751	0.00525	0.00525	0.00751	0.00676	0.00976	0.01126	0.01651	0.01051	0.03153	0.83560	0.00676	0.01126	0.00450	0.00225	0.00375
16	0.00512	0.00366	0.00488	0.00585	0.00610	0.00341	0.00390	0.00585	0.00805	0.01073	0.02317	0.84952	0.02780	0.01317	0.00537	0.00171	0.00244	0.01195	0.00390	0.00341
17	0.01598	0.01177	0.01262	0.00967	0.01304	0.01304	0.00799	0.81202	0.01976	0.02649	0.01009	0.01009	0.00715	0.00505	0.00421	0.00126	0.00463	0.00378	0.00421	0.00715
18	0.76779	0.00758	0.00588	0.00532	0.00771	0.00871	0.00434	0.01202	0.00737	0.01844	0.00688	0.00798	0.00537	0.00403	0.00265	0.00126	0.00308	0.00249	0.11663	0.00447
19	0.01008	0.00890	0.00899	0.00811	0.01038	0.04184	0.00629	0.03873	0.66234	0.01670	0.01986	0.01847	0.11840	0.00628	0.00435	0.00141	0.00337	0.00519	0.00414	0.00619
20	0.01125	0.79918	0.05333	0.00748	0.01114	0.03899	0.00754	0.01273	0.00865	0.01004	0.00593	0.00685	0.00539	0.00363	0.00278	0.00092	0.00465	0.00229	0.00181	0.00541

[dist]
# distance from previous block
# <min> <max>
0	1

[block]
# block no. 2 follows, 63 sequences, length 51
# corresponding to MSA columns:
# 394-433,440-450
name=unknown_C
#
# <colnr> <probs for GDERKNQSTAVLIFYWHMCP>
#	G	D	E	R	K	N	Q	S	T	A	V	L	I	F	Y	W	H	M	C	P
0	0.00848	0.00794	0.01323	0.65409	0.16569	0.00947	0.01162	0.02535	0.00877	0.01153	0.00787	0.02772	0.00625	0.00438	0.00440	0.00139	0.02092	0.00390	0.00199	0.00503
1	0.00580	0.00429	0.00541	0.00513	0.00619	0.00390	0.00385	0.00765	0.01155	0.01603	0.70588	0.03277	0.15813	0.00890	0.00496	0.00134	0.00201	0.00779	0.00452	0.00390
2	0.00516	0.00427	0.00452	0.00446	0.00579	0.00363	0.00334	0.00640	0.01002	0.01241	0.19181	0.03873	0.67445	0.01025	0.00497	0.00140	0.00210	0.00863	0.00404	0.00363
3	0.00794	0.00747	0.01261	0.84216	0.02895	0.00934	0.01167	0.01074	0.00841	0.01074	0.00747	0.01121	0.00560	0.00420	0.00420	0.00140	0.00560	0.00374	0.00187	0.00467
4	0.01856	0.00707	0.00960	0.00738	0.01057	0.00612	0.00609	0.02020	0.01195	0.80706	0.01651	0.01434	0.01042	0.00519	0.00419	0.00129	0.00353	0.00422	0.02863	0.00707
5	0.01040	0.00999	0.01706	0.02580	0.82604	0.00999	0.01290	0.01290	0.00957	0.01373	0.00791	0.01040	0.00666	0.00375	0.00416	0.00125	0.00499	0.00375	0.00208	0.00666
6	0.00539	0.00393	0.00532	0.00654	0.03731	0.00371	0.00416	0.00614	0.00799	0.01069	0.02197	0.76634	0.02622	0.06501	0.00632	0.00184	0.00264	0.01127	0.00375	0.00348
7	0.81411	0.04062	0.00696	0.00572	0.00837	0.02296	0.00475	0.01263	0.00740	0.03773	0.00612	0.00702	0.00474	0.00393	0.00266	0.00128	0.00338	0.00233	0.00263	0.00465
8	0.01005	0.00963	0.01643	0.14149	0.71309	0.00990	0.01273	0.01260	0.00941	0.01331	0.00785	0.01052	0.00651	0.00381	0.00417	0.00127	0.00508	0.00374	0.00205	0.00638
9	0.00776	0.00598	0.00693	0.00626	0.00771	0.02307	0.00484	0.10648	0.08602	0.01757	0.57456	0.02782	0.06682	0.00800	0.00481	0.00134	0.00261	0.03239	0.00444	0.00459
10	0.88196	0.00813	0.00618	0.00553	0.00813	0.00943	0.00455	0.01236	0.00715	0.01886	0.00585	0.00683	0.00455	0.00390	0.00260	0.00130	0.00325	0.00228	0.00260	0.00455
11	0.00653	0.00442	0.00580	0.00539	0.00648	0.00407	0.00407	0.00849	0.01191	0.05313	0.78777	0.03064	0.03836	0.00844	0.00493	0.00132	0.00205	0.00745	0.00465	0.00411
12	0.00920	0.00920	0.01288	0.01104	0.01104	0.01288	0.00920	0.01012	0.00644	0.01012	0.00552	0.00920	0.00552	0.00736	0.01380	0.00184	0.84457	0.00368	0.00184	0.00460
13	0.00784	0.00392	0.00392	0.00392	0.00490	0.00392	0.00294	0.00980	0.00882	0.01567	0.01371	0.01567	0.01077	0.00490	0.00294	0.00098	0.00196	0.00392	0.87560	0.00392
14	0.00674	0.00485	0.00668	0.00746	0.00846	0.00483	0.00644	0.00886	0.02433	0.01318	0.11833	0.04493	0.02585	0.01115	0.00568	0.00185	0.00363	0.68884	0.00397	0.00393
15	0.01040	0.00999	0.01706	0.02580	0.82604	0.00999	0.01290	0.01290	0.00957	0.01373	0.00791	0.01040	0.00666	0.00375	0.00416	0.00125	0.00499	0.00375	0.00208	0.00666
16	0.01046	0.00903	0.00951	0.00855	0.01093	0.01046	0.00665	0.02234	0.81845	0.01759	0.01711	0.01568	0.01283	0.00570	0.00428	0.00143	0.00333	0.00475	0.00428	0.00665
17	0.03379	0.01002	0.01611	0.01271	0.03171	0.01057	0.33902	0.03867	0.37651	0.03277	0.01242	0.01311	0.00933	0.00476	0.00489	0.00142	0.03816	0.00467	0.00322	0.00613
18	0.00994	0.01129	0.02452	0.01802	0.05182	0.01061	0.78115	0.01344	0.00991	0.01348	0.00848	0.01130	0.00639	0.00355	0.00493	0.00141	0.00701	0.00492	0.00212	0.00571
19	0.01879	0.00726	0.00982	0.00753	0.01079	0.00634	0.00622	0.03902	0.01221	0.81016	0.01643	0.01421	0.01033	0.00520	0.00423	0.00130	0.00360	0.00422	0.00518	0.00715
20	0.00591	0.00430	0.00557	0.00525	0.00626	0.00395	0.00394	0.00786	0.01181	0.01665	0.79482	0.03174	0.06879	0.00867	0.00496	0.00133	0.00199	0.00765	0.00460	0.00395
21	0.00573	0.00429	0.00531	0.00506	0.00614	0.00387	0.00379	0.00750	0.01138	0.01562	0.64782	0.03344	0.21644	0.00906	0.00496	0.00134	0.00202	0.00789	0.00446	0.00387
22	0.00578	0.00429	0.00538	0.00511	0.00617	0.00389	0.00383	0.00760	0.01149	0.01588	0.68522	0.03301	0.17888	0.00896	0.00496	0.00134	0.00201	0.00783	0.00450	0.00389
23	0.01616	0.01148	0.01244	0.00953	0.01289	0.01260	0.00788	0.76212	0.01928	0.07708	0.01050	0.01036	0.00735	0.00506	0.00421	0.00126	0.00456	0.00381	0.00427	0.00715
24	0.00508	0.00381	0.00472	0.00545	0.00599	0.00345	0.00372	0.00590	0.00844	0.01089	0.02811	0.64376	0.23037	0.01253	0.00526	0.00163	0.00236	0.01117	0.00390	0.00345
25	0.00601	0.00450	0.00676	0.00676	0.00751	0.00525	0.00525	0.00751	0.00676	0.00976	0.01126	0.01651	0.01051	0.03153	0.83560	0.00676	0.01126	0.00450	0.00225	0.00375
26	0.00847	0.02146	0.80838	0.01214	0.01830	0.00979	0.03735	0.01332	0.00890	0.01332	0.00757	0.00894	0.00535	0.00398	0.00402	0.00133	0.00624	0.00316	0.00178	0.00620
27	0.01047	0.62756	0.24255	0.00850	0.01281	0.01476	0.00947	0.01279	0.00863	0.01082	0.00631	0.00732	0.00538	0.00370	0.00305	0.00102	0.00496	0.00248	0.00179	0.00562
28	0.00872	0.00747	0.00872	0.00623	0.00996	0.00560	0.00498	0.01058	0.00872	0.01370	0.00747	0.00872	0.00623	0.00311	0.00311	0.00062	0.00311	0.00249	0.00249	0.87796
29	0.00523	0.00427	0.00462	0.00453	0.00584	0.00366	0.00340	0.00653	0.01019	0.01281	0.24842	0.03807	0.61760	0.01011	0.00497	0.00139	0.00209	0.00854	0.00409	0.00366
30	0.00992	0.01134	0.02481	0.01772	0.02197	0.01063	0.81077	0.01347	0.00992	0.01347	0.00850	0.01134	0.00638	0.00354	0.00496	0.00142	0.00709	0.00496	0.00213	0.00567
31	0.00910	0.00746	0.00876	0.00627	0.00999	0.00563	0.00503	0.01096	0.00884	0.04482	0.00782	0.00893	0.00639	0.00319	0.00316	0.00065	0.00313	0.00256	0.00259	0.84471
32	0.00992	0.01134	0.02481	0.01772	0.02197	0.01063	0.81077	0.01347	0.00992	0.01347	0.00850	0.01134	0.00638	0.00354	0.00496	0.00142	0.00709	0.00496	0.00213	0.00567
33	0.00992	0.01134	0.02481	0.01772	0.02197	0.01063	0.81077	0.01347	0.00992	0.01347	0.00850	0.01134	0.00638	0.00354	0.00496	0.00142	0.00709	0.00496	0.00213	0.00567
34	0.01886	0.00715	0.00976	0.00748	0.01073	0.00618	0.00618	0.02049	0.01203	0.82895	0.01658	0.01431	0.01041	0.00520	0.00423	0.00130	0.00358	0.00423	0.00520	0.00715
35	0.01886	0.00715	0.00976	0.00748	0.01073	0.00618	0.00618	0.02049	0.01203	0.82895	0.01658	0.01431	0.01041	0.00520	0.00423	0.00130	0.00358	0.00423	0.00520	0.00715
36	0.01598	0.01177	0.01262	0.00967	0.01304	0.01304	0.00799	0.81202	0.01976	0.02649	0.01009	0.01009	0.00715	0.00505	0.00421	0.00126	0.00463	0.00378	0.00421	0.00715
37	0.00583	0.00429	0.00545	0.00516	0.00620	0.00391	0.00387	0.00769	0.01161	0.01617	0.72583	0.03254	0.13809	0.00885	0.00496	0.00133	0.00200	0.00776	0.00454	0.00391
38	0.00595	0.00430	0.00562	0.00529	0.00628	0.00397	0.00397	0.00793	0.01190	0.01686	0.82382	0.03140	0.03966	0.00859	0.00496	0.00132	0.00198	0.00760	0.00463	0.00397
39	0.00843	0.02174	0.83048	0.01198	0.01819	0.00976	0.01553	0.01331	0.00888	0.01331	0.00754	0.00888	0.00533	0.00399	0.00399	0.00133	0.00621	0.00311	0.00178	0.00621
40	0.01040	0.00999	0.01706	0.02580	0.82604	0.00999	0.01290	0.01290	0.00957	0.01373	0.00791	0.01040	0.00666	0.00375	0.00416	0.00125	0.00499	0.00375	0.00208	0.00666
41	0.00512	0.00366	0.00488	0.00585	0.00610	0.00341	0.00390	0.00585	0.00805	0.01073	0.02317	0.84952	0.02780	0.01317	0.00537	0.00171	0.00244	0.01195	0.00390	0.00341
42	0.88196	0.00813	0.00618	0.00553	0.00813	0.00943	0.00455	0.01236	0.00715	0.01886	0.00585	0.00683	0.00455	0.00390	0.00260	0.00130	0.00325	0.00228	0.00260	0.00455
43	0.01093	0.76258	0.11152	0.00772	0.01161	0.01587	0.00812	0.01267	0.00858	0.01027	0.00603	0.00698	0.00539	0.00364	0.00284	0.00095	0.00469	0.00234	0.00180	0.00549
44	0.00615	0.00471	0.00703	0.00695	0.00766	0.00560	0.00543	0.00762	0.00674	0.00977	0.01100	0.01619	0.01029	0.03045	0.79890	0.00654	0.04848	0.00447	0.00223	0.00379
45	0.00512	0.00366	0.00488	0.00585	0.00610	0.00341	0.00390	0.00585	0.00805	0.01073	0.02317	0.84952	0.02780	0.01317	0.00537	0.00171	0.00244	0.01195	0.00390	0.00341
46	0.00548	0.00424	0.00500	0.00496	0.00607	0.00376	0.00371	0.00696	0.01051	0.01386	0.39839	0.10767	0.37308	0.00995	0.00502	0.00141	0.00214	0.02980	0.00423	0.00374
47	0.07920	0.01071	0.01056	0.00883	0.01161	0.07968	0.00705	0.29605	0.35693	0.07541	0.01290	0.01230	0.00944	0.00519	0.00408	0.00132	0.00414	0.00402	0.00401	0.00655
48	0.00790	0.00415	0.00432	0.00424	0.00517	0.00432	0.00322	0.00981	0.00871	0.01542	0.01335	0.01538	0.01054	0.00501	0.00342	0.00102	0.03959	0.00391	0.83657	0.00395
49	0.88196	0.00813	0.00618	0.00553	0.00813	0.00943	0.00455	0.01236	0.00715	0.01886	0.00585	0.00683	0.00455	0.00390	0.00260	0.00130	0.00325	0.00228	0.00260	0.00455
50	0.00599	0.00446	0.00657	0.00659	0.00728	0.00513	0.00504	0.00738	0.00674	0.00968	0.01168	0.03714	0.01124	0.08534	0.76195	0.00646	0.01057	0.00479	0.00231	0.00367

[dist]
# distance from previous block
# <min> <max>
0	0

# created by:
# /st0/software/busco_prod/Augustus/scripts/msa2prfl.pl ./align_prep/133033.fa
