[name]
unknown

[dist]
# distance from previous block
# <min> <max>
0	25

[block]
# block no. 0 follows, 54 sequences, length 26
# corresponding to MSA columns:
# 29-41,44-56
name=unknown_A
#
# <colnr> <probs for GDERKNQSTAVLIFYWHMCP>
#	G	D	E	R	K	N	Q	S	T	A	V	L	I	F	Y	W	H	M	C	P
0	0.00760	0.00543	0.00760	0.00868	0.00977	0.00543	0.00760	0.00977	0.01085	0.01411	0.02496	0.05319	0.02714	0.01303	0.00651	0.00217	0.00434	0.77315	0.00434	0.00434
1	0.00946	0.02439	0.80987	0.01344	0.02041	0.01095	0.01742	0.01493	0.00995	0.01493	0.00846	0.00995	0.00597	0.00448	0.00448	0.00149	0.00697	0.00348	0.00199	0.00697
2	0.00665	0.00449	0.00520	0.00540	0.00545	0.00443	0.00314	0.00680	0.00726	0.00967	0.01690	0.17799	0.01972	0.68363	0.02069	0.00408	0.00423	0.00806	0.00314	0.00304
3	0.00978	0.00838	0.00978	0.00698	0.01117	0.00629	0.00559	0.01187	0.00978	0.01536	0.00838	0.00978	0.00698	0.00349	0.00349	0.00070	0.00349	0.00279	0.00279	0.86312
4	0.03615	0.09615	0.04860	0.01172	0.01328	0.24051	0.00988	0.03498	0.00973	0.01229	0.00678	0.00947	0.00615	0.00654	0.00998	0.00166	0.43480	0.00359	0.00225	0.00549
5	0.00573	0.00428	0.00533	0.00613	0.00674	0.00388	0.00419	0.00668	0.00955	0.01240	0.05367	0.62519	0.21114	0.01396	0.00590	0.00183	0.00264	0.01246	0.00440	0.00388
6	0.86760	0.00912	0.00693	0.00620	0.00912	0.01058	0.00511	0.01386	0.00802	0.02115	0.00657	0.00766	0.00511	0.00438	0.00292	0.00146	0.00365	0.00255	0.00292	0.00511
7	0.01108	0.03508	0.25570	0.09903	0.25781	0.03301	0.18725	0.01487	0.01059	0.03771	0.00903	0.01143	0.00689	0.00435	0.00477	0.00147	0.00662	0.00424	0.00232	0.00678
8	0.01144	0.01225	0.01508	0.01279	0.01343	0.13214	0.05655	0.01267	0.00836	0.01160	0.00655	0.01019	0.00623	0.00750	0.01323	0.00191	0.65662	0.00405	0.00214	0.00527
9	0.00879	0.00439	0.00439	0.00439	0.00549	0.00439	0.00330	0.01099	0.00989	0.01758	0.01538	0.01758	0.01209	0.00549	0.00330	0.00110	0.00220	0.00439	0.86047	0.00439
10	0.01687	0.02992	0.01393	0.01083	0.01398	0.10107	0.00885	0.56106	0.01872	0.05671	0.01067	0.01156	0.00798	0.02815	0.00621	0.00154	0.08636	0.00416	0.00415	0.00728
11	0.01000	0.03809	0.40773	0.02871	0.11027	0.03199	0.11266	0.01401	0.01029	0.03144	0.04237	0.01385	0.02102	0.00784	0.08148	0.00207	0.00707	0.02025	0.00244	0.00641
12	0.09863	0.01322	0.08593	0.03730	0.18348	0.06970	0.07131	0.18202	0.03008	0.08143	0.01164	0.05310	0.00943	0.00579	0.00488	0.00157	0.00570	0.00472	0.00360	0.04647
13	0.01403	0.04083	0.03131	0.01015	0.01307	0.11484	0.00824	0.25103	0.32468	0.03483	0.01432	0.03145	0.01121	0.01886	0.03431	0.00175	0.01896	0.01500	0.00416	0.00699
14	0.00879	0.00439	0.00439	0.00439	0.00549	0.00439	0.00330	0.01099	0.00989	0.01758	0.01538	0.01758	0.01209	0.00549	0.00330	0.00110	0.00220	0.00439	0.86047	0.00439
15	0.01523	0.01818	0.01525	0.06212	0.22365	0.52027	0.02689	0.01702	0.01224	0.01265	0.00778	0.00970	0.00648	0.00475	0.00472	0.00131	0.02989	0.00349	0.00237	0.00599
16	0.01038	0.01000	0.01734	0.39021	0.40986	0.01091	0.05656	0.01340	0.01016	0.01386	0.00868	0.01214	0.00691	0.00442	0.00474	0.00149	0.00604	0.00427	0.00223	0.00639
17	0.00578	0.00412	0.00546	0.00652	0.00678	0.00385	0.00433	0.00657	0.00896	0.01194	0.02563	0.80521	0.03073	0.04141	0.00660	0.00200	0.00280	0.01319	0.00433	0.00380
18	0.01226	0.73837	0.10218	0.00886	0.01320	0.01774	0.02662	0.01422	0.00965	0.01156	0.00681	0.00792	0.00607	0.00408	0.00323	0.00107	0.00530	0.00268	0.00202	0.00615
19	0.00672	0.00456	0.00530	0.00541	0.00552	0.00456	0.00319	0.00691	0.00719	0.00960	0.01648	0.10936	0.03377	0.69312	0.06559	0.00442	0.00479	0.00746	0.00302	0.00305
20	0.00574	0.00410	0.00547	0.00657	0.00684	0.00383	0.00438	0.00657	0.00903	0.01204	0.02599	0.83122	0.03119	0.01477	0.00602	0.00191	0.00274	0.01340	0.00438	0.00383
21	0.00960	0.00817	0.00941	0.00688	0.01080	0.00630	0.00549	0.03397	0.01023	0.01552	0.01235	0.01333	0.08548	0.00439	0.00373	0.00081	0.00343	0.00354	0.00301	0.75356
22	0.00747	0.00552	0.00674	0.00683	0.00799	0.00538	0.00518	0.08478	0.01167	0.01547	0.18368	0.27119	0.16951	0.04965	0.02253	0.00199	0.00335	0.13219	0.00446	0.00444
23	0.01134	0.01074	0.01795	0.16076	0.63576	0.01117	0.01392	0.03028	0.03429	0.01527	0.00915	0.01199	0.00749	0.00438	0.00468	0.00144	0.00565	0.00423	0.00242	0.00711
24	0.00966	0.00618	0.00528	0.00516	0.00639	0.08434	0.00387	0.01176	0.01023	0.01698	0.01458	0.01668	0.01149	0.00543	0.00339	0.00111	0.00282	0.00426	0.77588	0.00450
25	0.08216	0.66547	0.02126	0.00809	0.01169	0.03818	0.00781	0.01380	0.00968	0.01223	0.00839	0.01209	0.00805	0.00497	0.00339	0.00117	0.00495	0.07851	0.00233	0.00579

[dist]
# distance from previous block
# <min> <max>
0	5

[block]
# block no. 1 follows, 54 sequences, length 22
# corresponding to MSA columns:
# 62-83
name=unknown_B
#
# <colnr> <probs for GDERKNQSTAVLIFYWHMCP>
#	G	D	E	R	K	N	Q	S	T	A	V	L	I	F	Y	W	H	M	C	P
0	0.07688	0.00949	0.01080	0.00855	0.01192	0.07264	0.00697	0.08480	0.01370	0.58236	0.03152	0.01492	0.01114	0.00571	0.00454	0.00142	0.00434	0.00448	0.03639	0.00742
1	0.00863	0.00441	0.00445	0.00445	0.00547	0.00441	0.00326	0.01065	0.00964	0.01690	0.01534	0.01865	0.01249	0.07210	0.00496	0.00138	0.00239	0.00459	0.79155	0.00427
2	0.10222	0.06865	0.11154	0.03774	0.11062	0.03710	0.05299	0.18731	0.05789	0.05505	0.01079	0.03026	0.00842	0.00528	0.00472	0.00143	0.03503	0.00419	0.07216	0.00660
3	0.06505	0.03510	0.18899	0.01703	0.28544	0.03745	0.04200	0.07454	0.01165	0.13205	0.01116	0.05917	0.00894	0.00525	0.00459	0.00145	0.00552	0.00453	0.00310	0.00698
4	0.00642	0.00577	0.04256	0.00615	0.00765	0.00468	0.00496	0.02085	0.01130	0.01468	0.23201	0.16566	0.37909	0.01144	0.00565	0.00165	0.00281	0.06790	0.00448	0.00431
5	0.00768	0.00603	0.00599	0.00592	0.00618	0.06980	0.00362	0.00792	0.00749	0.00954	0.01439	0.04995	0.01625	0.68798	0.07876	0.00445	0.00542	0.00660	0.00284	0.00319
6	0.00952	0.00510	0.00518	0.00491	0.00623	0.00522	0.00375	0.07352	0.01087	0.01855	0.01505	0.01708	0.01176	0.00551	0.00341	0.00112	0.00244	0.00438	0.79170	0.00469
7	0.02748	0.06137	0.05475	0.02445	0.04420	0.03482	0.07133	0.28693	0.15057	0.07632	0.01243	0.01293	0.00920	0.00548	0.00493	0.00144	0.03556	0.00438	0.07441	0.00703
8	0.01219	0.40548	0.26201	0.01073	0.02616	0.03272	0.02266	0.09767	0.04143	0.01472	0.00822	0.00931	0.00660	0.00457	0.00414	0.00127	0.02788	0.00323	0.00242	0.00658
9	0.01032	0.01032	0.01444	0.01238	0.01238	0.01444	0.01032	0.01135	0.00722	0.01135	0.00619	0.01032	0.00619	0.00825	0.01547	0.00206	0.82567	0.00413	0.00206	0.00516
10	0.00666	0.00485	0.00589	0.00607	0.00679	0.00479	0.00436	0.00763	0.00871	0.01133	0.03940	0.03629	0.20574	0.35395	0.14197	0.00387	0.00525	0.13939	0.00347	0.00363
11	0.03161	0.01354	0.01349	0.01151	0.04279	0.15080	0.02723	0.35595	0.17100	0.07754	0.01224	0.01234	0.00902	0.00568	0.00513	0.00145	0.04306	0.00428	0.00412	0.00723
12	0.00674	0.00505	0.00758	0.00758	0.00842	0.00589	0.00589	0.00842	0.00758	0.01095	0.01263	0.01852	0.01179	0.03536	0.81561	0.00758	0.01263	0.00505	0.00253	0.00421
13	0.01124	0.09735	0.12663	0.00965	0.02538	0.05807	0.02945	0.04537	0.16730	0.09358	0.09372	0.15297	0.04036	0.00759	0.00488	0.00153	0.00451	0.02038	0.00390	0.00611
14	0.06617	0.05741	0.03256	0.08792	0.17942	0.18828	0.04167	0.11851	0.13305	0.01681	0.01008	0.01143	0.00790	0.00501	0.00468	0.00141	0.02412	0.00397	0.00303	0.00657
15	0.01032	0.01032	0.01444	0.01238	0.01238	0.01444	0.01032	0.01135	0.00722	0.01135	0.00619	0.01032	0.00619	0.00825	0.01547	0.00206	0.82567	0.00413	0.00206	0.00516
16	0.05849	0.03174	0.09148	0.01299	0.07749	0.30578	0.04117	0.25493	0.02753	0.04082	0.00931	0.01023	0.00706	0.00499	0.00444	0.00135	0.00658	0.00370	0.00323	0.00669
17	0.00879	0.00439	0.00439	0.00439	0.00549	0.00439	0.00330	0.01099	0.00989	0.01758	0.01538	0.01758	0.01209	0.00549	0.00330	0.00110	0.00220	0.00439	0.86047	0.00439
18	0.01138	0.02504	0.02671	0.01043	0.10543	0.00806	0.02085	0.05665	0.03860	0.07695	0.01014	0.03036	0.00825	0.00436	0.00413	0.00100	0.01698	0.00361	0.00314	0.53792
19	0.08624	0.01368	0.08009	0.01197	0.07680	0.08625	0.00953	0.39930	0.05231	0.06013	0.01114	0.03942	0.00858	0.00572	0.00497	0.00146	0.03709	0.00431	0.00388	0.00713
20	0.11811	0.00852	0.01045	0.00808	0.01165	0.00781	0.00664	0.08000	0.01306	0.53312	0.03649	0.01442	0.01091	0.00546	0.00439	0.00136	0.00395	0.00430	0.00500	0.11629
21	0.04021	0.04120	0.01058	0.05831	0.01167	0.08297	0.04528	0.01079	0.00878	0.02990	0.01282	0.03438	0.04650	0.02256	0.45703	0.00490	0.06976	0.00498	0.00264	0.00474

[dist]
# distance from previous block
# <min> <max>
0	1

[block]
# block no. 2 follows, 54 sequences, length 17
# corresponding to MSA columns:
# 86-102
name=unknown_C
#
# <colnr> <probs for GDERKNQSTAVLIFYWHMCP>
#	G	D	E	R	K	N	Q	S	T	A	V	L	I	F	Y	W	H	M	C	P
0	0.01142	0.01103	0.01906	0.09377	0.71143	0.01117	0.04415	0.01430	0.01064	0.01512	0.00885	0.01178	0.00736	0.00423	0.00471	0.00142	0.00575	0.00425	0.00232	0.00724
1	0.01400	0.61045	0.02155	0.00920	0.01279	0.24035	0.00836	0.01543	0.01063	0.01122	0.00676	0.00782	0.00606	0.00426	0.00337	0.00107	0.00601	0.00266	0.00213	0.00589
2	0.00783	0.00682	0.00711	0.00671	0.00796	0.09049	0.00507	0.00976	0.01262	0.01682	0.56734	0.03303	0.11607	0.02646	0.02251	0.00169	0.02100	0.03160	0.00462	0.00448
3	0.01088	0.01229	0.02669	0.01919	0.02374	0.01159	0.74419	0.01473	0.01093	0.01487	0.00971	0.01304	0.00741	0.00572	0.05070	0.00192	0.00821	0.00554	0.00239	0.00624
4	0.00663	0.00482	0.00624	0.00589	0.00702	0.00443	0.00441	0.00881	0.01324	0.01866	0.77237	0.03562	0.07467	0.00973	0.00556	0.00149	0.00223	0.00858	0.00516	0.00443
5	0.00978	0.00838	0.00978	0.00698	0.01117	0.00629	0.00559	0.01187	0.00978	0.01536	0.00838	0.00978	0.00698	0.00349	0.00349	0.00070	0.00349	0.00279	0.00279	0.86312
6	0.00739	0.02338	0.03840	0.00691	0.00850	0.00550	0.02979	0.02526	0.02547	0.03027	0.50553	0.12687	0.11472	0.00985	0.00550	0.00155	0.00288	0.02284	0.00471	0.00470
7	0.00879	0.00439	0.00439	0.00439	0.00549	0.00439	0.00330	0.01099	0.00989	0.01758	0.01538	0.01758	0.01209	0.00549	0.00330	0.00110	0.00220	0.00439	0.86047	0.00439
8	0.00978	0.00838	0.00978	0.00698	0.01117	0.00629	0.00559	0.01187	0.00978	0.01536	0.00838	0.00978	0.00698	0.00349	0.00349	0.00070	0.00349	0.00279	0.00279	0.86312
9	0.00582	0.00416	0.00556	0.00665	0.00696	0.00389	0.00451	0.00669	0.00910	0.01212	0.02595	0.80026	0.03102	0.01470	0.00604	0.00193	0.00280	0.04364	0.00438	0.00385
10	0.00879	0.00439	0.00439	0.00439	0.00549	0.00439	0.00330	0.01099	0.00989	0.01758	0.01538	0.01758	0.01209	0.00549	0.00330	0.00110	0.00220	0.00439	0.86047	0.00439
11	0.23918	0.04567	0.05653	0.02689	0.01365	0.46231	0.00862	0.03414	0.01149	0.01465	0.00720	0.00856	0.00587	0.00485	0.00440	0.00134	0.04358	0.00302	0.00255	0.00551
12	0.01242	0.05002	0.14012	0.01181	0.10758	0.03621	0.05608	0.01542	0.03894	0.21815	0.14199	0.06447	0.06006	0.00678	0.00492	0.00149	0.00466	0.01850	0.00397	0.00640
13	0.00946	0.00805	0.00944	0.00695	0.01084	0.00609	0.00549	0.01146	0.00972	0.01510	0.00976	0.07399	0.00888	0.00437	0.00369	0.00079	0.00343	0.00362	0.00292	0.79594
14	0.00630	0.00480	0.00578	0.00554	0.00681	0.00429	0.00415	0.00817	0.01246	0.01680	0.54421	0.03870	0.30399	0.01043	0.00557	0.00152	0.00228	0.00901	0.00491	0.00429
15	0.01017	0.00869	0.01019	0.00741	0.01139	0.00704	0.00596	0.04693	0.01022	0.01582	0.00841	0.00987	0.00699	0.00381	0.00411	0.00079	0.04199	0.00292	0.00285	0.78443
16	0.12750	0.00872	0.00942	0.00822	0.01071	0.00944	0.02297	0.14400	0.26009	0.03546	0.12740	0.02355	0.14445	0.00757	0.00485	0.00155	0.00366	0.03988	0.00446	0.00611

[dist]
# distance from previous block
# <min> <max>
0	1

[block]
# block no. 3 follows, 54 sequences, length 10
# corresponding to MSA columns:
# 104,105,111-118
name=unknown_D
#
# <colnr> <probs for GDERKNQSTAVLIFYWHMCP>
#	G	D	E	R	K	N	Q	S	T	A	V	L	I	F	Y	W	H	M	C	P
0	0.04780	0.00906	0.01433	0.54217	0.11573	0.01026	0.03785	0.04086	0.01008	0.01398	0.00850	0.01188	0.00654	0.00450	0.00451	0.00144	0.00577	0.00400	0.00235	0.10839
1	0.71657	0.07400	0.00901	0.00690	0.00982	0.03895	0.00577	0.03903	0.00876	0.02000	0.00673	0.00789	0.00534	0.00454	0.00344	0.00143	0.03100	0.00267	0.00286	0.00529
2	0.01034	0.23986	0.16076	0.01223	0.05050	0.01199	0.18462	0.01410	0.06458	0.01490	0.15133	0.01608	0.03788	0.00551	0.00458	0.00139	0.00539	0.00494	0.00294	0.00610
3	0.01038	0.01188	0.14725	0.01091	0.01476	0.00925	0.12920	0.09633	0.02833	0.01620	0.01135	0.10532	0.01027	0.00587	0.00536	0.00134	0.06399	0.02206	0.00301	0.29694
4	0.00978	0.00838	0.00978	0.00698	0.01117	0.00629	0.00559	0.01187	0.00978	0.01536	0.00838	0.00978	0.00698	0.00349	0.00349	0.00070	0.00349	0.00279	0.00279	0.86312
5	0.01261	0.83713	0.02471	0.00807	0.01210	0.01866	0.00807	0.01412	0.00958	0.01109	0.00656	0.00756	0.00605	0.00403	0.00303	0.00101	0.00504	0.00252	0.00202	0.00605
6	0.00682	0.00569	0.04524	0.00653	0.00773	0.00475	0.00511	0.00835	0.01029	0.03536	0.19708	0.25103	0.18173	0.09781	0.05877	0.00237	0.00372	0.06319	0.00420	0.00422
7	0.01614	0.00822	0.01015	0.00832	0.01132	0.00801	0.00669	0.05838	0.20299	0.44153	0.12123	0.01999	0.05200	0.00673	0.00490	0.00150	0.00370	0.00558	0.00538	0.00724
8	0.00667	0.00482	0.00630	0.00593	0.00704	0.00445	0.00445	0.00890	0.01335	0.01891	0.80239	0.03522	0.04449	0.00964	0.00556	0.00148	0.00222	0.00853	0.00519	0.00445
9	0.64646	0.01058	0.00878	0.00747	0.01055	0.04556	0.00612	0.18299	0.01133	0.02261	0.00763	0.00849	0.00578	0.00468	0.00337	0.00144	0.00419	0.00294	0.00329	0.00576

[dist]
# distance from previous block
# <min> <max>
0	1

[block]
# block no. 4 follows, 54 sequences, length 9
# corresponding to MSA columns:
# 120-128
name=unknown_E
#
# <colnr> <probs for GDERKNQSTAVLIFYWHMCP>
#	G	D	E	R	K	N	Q	S	T	A	V	L	I	F	Y	W	H	M	C	P
0	0.01241	0.00947	0.06933	0.06270	0.01563	0.00823	0.18912	0.04072	0.03758	0.23062	0.03520	0.17753	0.01564	0.00765	0.00532	0.00165	0.00504	0.06595	0.00404	0.00618
1	0.01032	0.01032	0.01444	0.01238	0.01238	0.01444	0.01032	0.01135	0.00722	0.01135	0.00619	0.01032	0.00619	0.00825	0.01547	0.00206	0.82567	0.00413	0.00206	0.00516
2	0.00586	0.00483	0.00521	0.00542	0.00686	0.00417	0.00418	0.00717	0.01066	0.01288	0.04333	0.09361	0.65010	0.01226	0.00573	0.00169	0.00268	0.11498	0.00437	0.00402
3	0.01261	0.83713	0.02471	0.00807	0.01210	0.01866	0.00807	0.01412	0.00958	0.01109	0.00656	0.00756	0.00605	0.00403	0.00303	0.00101	0.00504	0.00252	0.00202	0.00605
4	0.01571	0.04878	0.01600	0.05850	0.05402	0.48834	0.11071	0.10443	0.03343	0.01445	0.00844	0.00994	0.00672	0.00480	0.00449	0.00132	0.00755	0.00366	0.00270	0.00602
5	0.01162	0.38933	0.15200	0.01148	0.01558	0.07341	0.15904	0.01414	0.00993	0.01242	0.00811	0.01071	0.00703	0.05171	0.02748	0.00163	0.03257	0.00367	0.00218	0.00596
6	0.00879	0.00439	0.00439	0.00439	0.00549	0.00439	0.00330	0.01099	0.00989	0.01758	0.01538	0.01758	0.01209	0.00549	0.00330	0.00110	0.00220	0.00439	0.86047	0.00439
7	0.08831	0.03509	0.06169	0.11210	0.21483	0.01142	0.29297	0.01509	0.07198	0.01559	0.00997	0.01308	0.00792	0.00460	0.00484	0.00152	0.00623	0.02372	0.00259	0.00645
8	0.01648	0.01328	0.09078	0.01056	0.01438	0.01295	0.00925	0.60155	0.01932	0.08297	0.01226	0.04436	0.00930	0.03376	0.00539	0.00155	0.00516	0.00465	0.00446	0.00758

[dist]
# distance from previous block
# <min> <max>
1	6

[block]
# block no. 5 follows, 54 sequences, length 48
# corresponding to MSA columns:
# 141-188
name=unknown_F
#
# <colnr> <probs for GDERKNQSTAVLIFYWHMCP>
#	G	D	E	R	K	N	Q	S	T	A	V	L	I	F	Y	W	H	M	C	P
0	0.07000	0.00938	0.01365	0.47007	0.12421	0.02339	0.02118	0.08947	0.05060	0.01561	0.00959	0.01250	0.00731	0.00485	0.00450	0.00149	0.00558	0.00415	0.05661	0.00586
1	0.01032	0.00977	0.01623	0.47464	0.28918	0.02287	0.04618	0.01364	0.03373	0.02531	0.00905	0.01242	0.00704	0.00458	0.00473	0.00151	0.00605	0.00428	0.00233	0.00614
2	0.01149	0.01106	0.01902	0.07777	0.73980	0.01117	0.03161	0.01433	0.01066	0.01519	0.00885	0.01175	0.00739	0.00423	0.00469	0.00142	0.00570	0.00423	0.00232	0.00731
3	0.00613	0.00476	0.00558	0.00546	0.00673	0.00420	0.00406	0.00781	0.01193	0.01576	0.42159	0.08979	0.37729	0.01097	0.00559	0.00156	0.00233	0.00946	0.00478	0.00420
4	0.00751	0.00577	0.00605	0.00597	0.00626	0.05581	0.00374	0.00786	0.00738	0.00958	0.01402	0.02748	0.01559	0.65456	0.14912	0.00484	0.00610	0.00633	0.00278	0.00324
5	0.06660	0.01001	0.01062	0.00916	0.01193	0.01124	0.00724	0.17303	0.47850	0.05119	0.09051	0.01778	0.02842	0.00650	0.00475	0.00154	0.00386	0.00530	0.00473	0.00711
6	0.01761	0.02247	0.01336	0.01215	0.01458	0.81537	0.00911	0.01883	0.01336	0.01154	0.00729	0.00850	0.00607	0.00486	0.00425	0.00121	0.00850	0.00304	0.00243	0.00547
7	0.01006	0.00950	0.01607	0.44414	0.36928	0.01060	0.01348	0.01302	0.01006	0.01359	0.00924	0.01376	0.00761	0.00481	0.00476	0.00152	0.00591	0.03411	0.00229	0.00618
8	0.00879	0.00439	0.00439	0.00439	0.00549	0.00439	0.00330	0.01099	0.00989	0.01758	0.01538	0.01758	0.01209	0.00549	0.00330	0.00110	0.00220	0.00439	0.86047	0.00439
9	0.01660	0.01306	0.01353	0.01079	0.01411	0.06271	0.00883	0.60593	0.09640	0.02628	0.01214	0.01328	0.00916	0.00607	0.00521	0.00148	0.03943	0.03298	0.00446	0.00755
10	0.01195	0.00783	0.00979	0.02352	0.04634	0.02152	0.00688	0.15718	0.03566	0.15210	0.08888	0.05821	0.01633	0.10934	0.16516	0.00308	0.01643	0.06001	0.00404	0.00572
11	0.01200	0.01086	0.01751	0.05719	0.62036	0.01124	0.01317	0.03007	0.08966	0.04667	0.01021	0.01242	0.00824	0.00468	0.00507	0.00145	0.03479	0.00433	0.00274	0.00733
12	0.57209	0.01165	0.00988	0.01029	0.11268	0.14045	0.00713	0.04143	0.00984	0.03709	0.00741	0.00863	0.00582	0.00451	0.00346	0.00141	0.00474	0.00295	0.00289	0.00563
13	0.00879	0.00439	0.00439	0.00439	0.00549	0.00439	0.00330	0.01099	0.00989	0.01758	0.01538	0.01758	0.01209	0.00549	0.00330	0.00110	0.00220	0.00439	0.86047	0.00439
14	0.01128	0.01081	0.01838	0.13226	0.68592	0.01118	0.01420	0.01408	0.01049	0.01487	0.00874	0.01176	0.00728	0.00436	0.00492	0.00144	0.02442	0.00420	0.00230	0.00712
15	0.07155	0.00908	0.01172	0.10799	0.13491	0.06903	0.07074	0.01315	0.09885	0.01585	0.18286	0.02296	0.15802	0.00708	0.00495	0.00150	0.00446	0.00616	0.00360	0.00554
16	0.01158	0.01111	0.01898	0.05470	0.77982	0.01118	0.01443	0.01439	0.01069	0.01530	0.00885	0.01170	0.00743	0.00422	0.00467	0.00141	0.00562	0.00420	0.00233	0.00740
17	0.00946	0.02439	0.80987	0.01344	0.02041	0.01095	0.01742	0.01493	0.00995	0.01493	0.00846	0.00995	0.00597	0.00448	0.00448	0.00149	0.00697	0.00348	0.00199	0.00697
18	0.00685	0.00482	0.00614	0.00664	0.00765	0.00445	0.00507	0.00831	0.01063	0.04337	0.13813	0.32273	0.20980	0.01265	0.00592	0.00182	0.00302	0.19323	0.00454	0.00423
19	0.00625	0.00477	0.00569	0.00551	0.00674	0.00426	0.00409	0.00800	0.01209	0.01619	0.48354	0.06458	0.31613	0.03389	0.00610	0.00162	0.00237	0.00915	0.00481	0.00422
20	0.01009	0.00889	0.01224	0.06567	0.01428	0.00726	0.09872	0.01247	0.00998	0.02976	0.00871	0.01044	0.00704	0.00368	0.00385	0.00088	0.00422	0.00326	0.00275	0.68582
21	0.00648	0.00469	0.00603	0.00592	0.00687	0.00433	0.00430	0.00830	0.01217	0.01695	0.59637	0.15929	0.08156	0.05748	0.00668	0.00173	0.00245	0.00927	0.00489	0.00424
22	0.00932	0.04872	0.01111	0.08206	0.14471	0.07313	0.02240	0.02830	0.06920	0.01516	0.18320	0.10704	0.15648	0.00807	0.00505	0.00150	0.00415	0.00699	0.01804	0.00537
23	0.00879	0.00439	0.00439	0.00439	0.00549	0.00439	0.00330	0.01099	0.00989	0.01758	0.01538	0.01758	0.01209	0.00549	0.00330	0.00110	0.00220	0.00439	0.86047	0.00439
24	0.12259	0.05261	0.02778	0.06894	0.11794	0.08562	0.00930	0.29576	0.06359	0.03562	0.02234	0.02539	0.00858	0.00588	0.01806	0.00153	0.02407	0.00412	0.00354	0.00675
25	0.01125	0.30099	0.28549	0.01272	0.01771	0.05563	0.19179	0.01466	0.01041	0.01362	0.03848	0.01067	0.00776	0.00443	0.00426	0.00133	0.00643	0.00380	0.00224	0.00634
26	0.00879	0.00439	0.00439	0.00439	0.00549	0.00439	0.00330	0.01099	0.00989	0.01758	0.01538	0.01758	0.01209	0.00549	0.00330	0.00110	0.00220	0.00439	0.86047	0.00439
27	0.18748	0.01152	0.02679	0.11747	0.18125	0.07541	0.00990	0.16998	0.01222	0.04375	0.00913	0.02285	0.00726	0.00527	0.00532	0.00149	0.08341	0.00392	0.01926	0.00633
28	0.00964	0.00816	0.01355	0.05999	0.21087	0.01828	0.12780	0.02130	0.01031	0.05677	0.01643	0.26250	0.01698	0.02823	0.02460	0.01651	0.00507	0.08412	0.00337	0.00551
29	0.01761	0.02247	0.01336	0.01215	0.01458	0.81537	0.00911	0.01883	0.01336	0.01154	0.00729	0.00850	0.00607	0.00486	0.00425	0.00121	0.00850	0.00304	0.00243	0.00547
30	0.00695	0.00493	0.00624	0.00617	0.00643	0.00535	0.00408	0.00751	0.00709	0.00978	0.01384	0.02627	0.01507	0.55583	0.26904	0.00541	0.03773	0.00620	0.00272	0.00336
31	0.00879	0.00439	0.00439	0.00439	0.00549	0.00439	0.00330	0.01099	0.00989	0.01758	0.01538	0.01758	0.01209	0.00549	0.00330	0.00110	0.00220	0.00439	0.86047	0.00439
32	0.00582	0.00422	0.00541	0.00628	0.00670	0.00391	0.00422	0.00669	0.00923	0.01219	0.05538	0.67966	0.10771	0.06016	0.00696	0.00202	0.00279	0.01252	0.00432	0.00381
33	0.03019	0.00992	0.01601	0.26482	0.45311	0.01063	0.01275	0.03547	0.03878	0.01492	0.01156	0.01417	0.05739	0.00497	0.00470	0.00147	0.00548	0.00456	0.00256	0.00654
34	0.01032	0.01032	0.01444	0.01238	0.01238	0.01444	0.01032	0.01135	0.00722	0.01135	0.00619	0.01032	0.00619	0.00825	0.01547	0.00206	0.82567	0.00413	0.00206	0.00516
35	0.00890	0.00838	0.01414	0.82296	0.03247	0.01048	0.01309	0.01205	0.00943	0.01205	0.00838	0.01257	0.00629	0.00471	0.00471	0.00157	0.00629	0.00419	0.00210	0.00524
36	0.01010	0.00995	0.01386	0.01192	0.01192	0.01382	0.00985	0.01106	0.00720	0.01121	0.00673	0.01161	0.00688	0.06024	0.01601	0.00222	0.77399	0.00430	0.00211	0.00501
37	0.02409	0.00865	0.00979	0.00767	0.01119	0.00778	0.00604	0.01593	0.22576	0.06456	0.01277	0.01361	0.02135	0.03689	0.00475	0.00117	0.00362	0.00387	0.00356	0.51696
38	0.01306	0.06163	0.01135	0.00887	0.01154	0.05448	0.02465	0.13539	0.24359	0.13836	0.11864	0.06649	0.06157	0.00711	0.00484	0.00149	0.00408	0.00590	0.02041	0.00655
39	0.01217	0.78470	0.02350	0.00797	0.01177	0.01772	0.00784	0.01364	0.00955	0.01115	0.00778	0.05940	0.00763	0.00471	0.00321	0.00107	0.00490	0.00321	0.00217	0.00591
40	0.01032	0.01032	0.01444	0.01238	0.01238	0.01444	0.01032	0.01135	0.00722	0.01135	0.00619	0.01032	0.00619	0.00825	0.01547	0.00206	0.82567	0.00413	0.00206	0.00516
41	0.02909	0.07062	0.18286	0.04355	0.04403	0.10233	0.07025	0.15281	0.02571	0.18996	0.01167	0.02507	0.00858	0.00527	0.00459	0.00143	0.00584	0.01585	0.00354	0.00694
42	0.00879	0.00439	0.00439	0.00439	0.00549	0.00439	0.00330	0.01099	0.00989	0.01758	0.01538	0.01758	0.01209	0.00549	0.00330	0.00110	0.00220	0.00439	0.86047	0.00439
43	0.02328	0.01301	0.17614	0.07892	0.07635	0.07288	0.12301	0.05774	0.04084	0.05043	0.04432	0.01963	0.17609	0.00689	0.01849	0.00160	0.00564	0.00557	0.00318	0.00600
44	0.61511	0.00947	0.00828	0.03627	0.01081	0.02410	0.00599	0.06346	0.05898	0.03516	0.00861	0.01029	0.00681	0.00481	0.00341	0.00143	0.00394	0.02469	0.00320	0.06517
45	0.02878	0.01033	0.01681	0.08277	0.28595	0.02531	0.15231	0.06171	0.01168	0.14868	0.02557	0.02713	0.03155	0.00623	0.03412	0.00169	0.01965	0.00488	0.00322	0.02163
46	0.03635	0.04587	0.21507	0.01261	0.12695	0.01004	0.01060	0.14047	0.02577	0.14915	0.04033	0.08509	0.01125	0.00590	0.00460	0.00143	0.00499	0.00490	0.00357	0.06506
47	0.07084	0.01411	0.21143	0.04357	0.07958	0.06594	0.02835	0.10426	0.06641	0.18688	0.02736	0.02634	0.02700	0.00544	0.00456	0.00145	0.00536	0.00439	0.00361	0.02311

[dist]
# distance from previous block
# <min> <max>
8	58

[block]
# block no. 6 follows, 54 sequences, length 26
# corresponding to MSA columns:
# 264-289
name=unknown_G
#
# <colnr> <probs for GDERKNQSTAVLIFYWHMCP>
#	G	D	E	R	K	N	Q	S	T	A	V	L	I	F	Y	W	H	M	C	P
0	0.06006	0.00658	0.00814	0.00720	0.00889	0.00649	0.03767	0.04541	0.06448	0.10784	0.09513	0.06541	0.09926	0.25234	0.04438	0.00268	0.00430	0.03972	0.00391	0.04010
1	0.01241	0.02739	0.06214	0.17355	0.16605	0.02771	0.14962	0.11776	0.06963	0.08092	0.01161	0.01497	0.00912	0.00529	0.00492	0.00153	0.00589	0.04966	0.00317	0.00667
2	0.07275	0.07504	0.09513	0.02203	0.07012	0.23642	0.02392	0.10210	0.03802	0.14745	0.02703	0.02568	0.03322	0.00543	0.00440	0.00137	0.00586	0.00413	0.00341	0.00647
3	0.00657	0.00531	0.00656	0.00717	0.05393	0.00498	0.00490	0.00860	0.04375	0.01440	0.21787	0.15231	0.36432	0.01306	0.07273	0.00210	0.00349	0.00918	0.00432	0.00444
4	0.01161	0.01338	0.02473	0.01815	0.02229	0.10361	0.63689	0.01503	0.01115	0.01443	0.00985	0.04642	0.00800	0.00469	0.00580	0.00158	0.03826	0.00555	0.00246	0.00611
5	0.78155	0.00963	0.00762	0.05444	0.01072	0.04427	0.00574	0.01396	0.00833	0.02022	0.00670	0.00798	0.00522	0.00442	0.00308	0.00146	0.00401	0.00267	0.00285	0.00513
6	0.07349	0.06118	0.01498	0.01174	0.01488	0.29887	0.11057	0.14765	0.18750	0.01749	0.01080	0.01143	0.00832	0.00514	0.00446	0.00139	0.00630	0.00402	0.00334	0.00646
7	0.00719	0.00532	0.00736	0.05332	0.01025	0.00532	0.00702	0.00910	0.01047	0.01353	0.02624	0.17775	0.09568	0.01275	0.00625	0.00204	0.00401	0.53790	0.00423	0.00428
8	0.01603	0.04781	0.06057	0.01064	0.01434	0.04120	0.00909	0.52013	0.17351	0.03960	0.01250	0.01231	0.00908	0.00564	0.00463	0.00143	0.00509	0.00431	0.00440	0.00768
9	0.00955	0.04769	0.78736	0.01328	0.02017	0.01117	0.01715	0.01491	0.00994	0.01482	0.00841	0.00989	0.00598	0.00447	0.00444	0.00148	0.00691	0.00346	0.00199	0.00694
10	0.01261	0.83713	0.02471	0.00807	0.01210	0.01866	0.00807	0.01412	0.00958	0.01109	0.00656	0.00756	0.00605	0.00403	0.00303	0.00101	0.00504	0.00252	0.00202	0.00605
11	0.00946	0.02439	0.80987	0.01344	0.02041	0.01095	0.01742	0.01493	0.00995	0.01493	0.00846	0.00995	0.00597	0.00448	0.00448	0.00149	0.00697	0.00348	0.00199	0.00697
12	0.02115	0.00802	0.01094	0.00839	0.01204	0.00693	0.00693	0.02298	0.01350	0.80815	0.01860	0.01605	0.01167	0.00584	0.00474	0.00146	0.00401	0.00474	0.00584	0.00802
13	0.00587	0.00415	0.00544	0.00641	0.00665	0.00391	0.00421	0.00660	0.00879	0.01172	0.02477	0.74360	0.02965	0.10449	0.00799	0.00221	0.00294	0.01269	0.00421	0.00372
14	0.02102	0.00824	0.01107	0.00849	0.01214	0.00725	0.00701	0.05448	0.01385	0.77614	0.01830	0.01585	0.01152	0.00583	0.00474	0.00146	0.00406	0.00472	0.00579	0.00802
15	0.01016	0.00833	0.01332	0.59954	0.02651	0.01026	0.01161	0.01278	0.00947	0.08361	0.00932	0.01285	0.00704	0.00552	0.00626	0.01910	0.10651	0.00424	0.03820	0.00538
16	0.02115	0.00802	0.01094	0.00839	0.01204	0.00693	0.00693	0.02298	0.01350	0.80815	0.01860	0.01605	0.01167	0.00584	0.00474	0.00146	0.00401	0.00474	0.00584	0.00802
17	0.00571	0.00423	0.00534	0.00622	0.00675	0.00386	0.00422	0.00660	0.00936	0.01217	0.03020	0.67919	0.18049	0.01422	0.00593	0.00185	0.00267	0.01274	0.00438	0.00386
18	0.01757	0.05571	0.01689	0.01191	0.01592	0.00926	0.24391	0.03579	0.01274	0.50726	0.01503	0.01447	0.00991	0.00517	0.00490	0.00147	0.00529	0.00486	0.00455	0.00741
19	0.01157	0.00666	0.03611	0.02418	0.05408	0.00572	0.00652	0.01308	0.01074	0.28349	0.02155	0.44081	0.02176	0.01054	0.00545	0.00172	0.00359	0.03220	0.00463	0.00561
20	0.01792	0.01321	0.01415	0.01085	0.01462	0.01462	0.00896	0.78916	0.02217	0.02972	0.01132	0.01132	0.00802	0.00566	0.00472	0.00142	0.00519	0.00425	0.00472	0.00802
21	0.00675	0.00659	0.08119	0.00770	0.00911	0.00511	0.00665	0.00856	0.01006	0.01318	0.02747	0.34158	0.15134	0.01271	0.00599	0.00192	0.00367	0.29194	0.00414	0.00434
22	0.01033	0.03402	0.12776	0.05789	0.06442	0.03803	0.41759	0.01385	0.01080	0.01443	0.01282	0.03959	0.04242	0.00571	0.00533	0.00161	0.00679	0.08796	0.00265	0.00602
23	0.01085	0.37064	0.43009	0.01085	0.01627	0.01407	0.01280	0.03043	0.01002	0.01350	0.00831	0.03733	0.00692	0.00467	0.00392	0.00130	0.00596	0.00343	0.00214	0.00649
24	0.04829	0.01543	0.23795	0.01183	0.01590	0.10423	0.10442	0.14834	0.05593	0.07236	0.01189	0.08083	0.00977	0.00754	0.05239	0.00185	0.00641	0.00489	0.00325	0.00650
25	0.08182	0.21783	0.17184	0.01136	0.04708	0.13175	0.04128	0.12717	0.01220	0.02793	0.03176	0.01197	0.00842	0.00516	0.00438	0.00136	0.02199	0.03558	0.00281	0.00632

[dist]
# distance from previous block
# <min> <max>
4	41

[block]
# block no. 7 follows, 54 sequences, length 6
# corresponding to MSA columns:
# 336-341
name=unknown_H
#
# <colnr> <probs for GDERKNQSTAVLIFYWHMCP>
#	G	D	E	R	K	N	Q	S	T	A	V	L	I	F	Y	W	H	M	C	P
0	0.12333	0.10768	0.09183	0.00965	0.03546	0.11712	0.00824	0.10576	0.08433	0.12926	0.03653	0.01475	0.05958	0.03005	0.02535	0.00164	0.00521	0.00434	0.00358	0.00631
1	0.04319	0.01246	0.01433	0.07368	0.01592	0.16085	0.12862	0.15550	0.03492	0.04885	0.03269	0.04591	0.00933	0.00544	0.00521	0.00137	0.05395	0.00446	0.00323	0.15008
2	0.01308	0.01156	0.01503	0.23997	0.13776	0.09521	0.06895	0.20992	0.01356	0.05352	0.01065	0.05901	0.00865	0.00542	0.00476	0.00145	0.00585	0.00469	0.00318	0.03778
3	0.07285	0.30427	0.06811	0.01007	0.01379	0.13654	0.03715	0.17899	0.01306	0.08665	0.00896	0.00968	0.00694	0.00483	0.00426	0.00128	0.02958	0.00338	0.00306	0.00653
4	0.01079	0.01008	0.01480	0.35739	0.24383	0.05220	0.01194	0.07642	0.01091	0.01449	0.03544	0.03688	0.00880	0.00569	0.00591	0.02490	0.06647	0.00455	0.00256	0.00595
5	0.00886	0.00639	0.08469	0.00530	0.00698	0.00505	0.00470	0.01138	0.00989	0.01731	0.01469	0.01682	0.01148	0.00539	0.00341	0.00114	0.00267	0.00430	0.77489	0.00465

[dist]
# distance from previous block
# <min> <max>
0	134

# created by:
# /st0/software/busco_prod/Augustus/scripts/msa2prfl.pl ./align_prep/133163.fa
