[name]
unknown

[dist]
# distance from previous block
# <min> <max>
0	555

[block]
# block no. 0 follows, 49 sequences, length 9
# corresponding to MSA columns:
# 565-573
name=unknown_A
#
# <colnr> <probs for GDERKNQSTAVLIFYWHMCP>
#	G	D	E	R	K	N	Q	S	T	A	V	L	I	F	Y	W	H	M	C	P
0	0.00830	0.00559	0.00750	0.00817	0.00939	0.00534	0.00671	0.01024	0.01169	0.05972	0.10395	0.19188	0.10691	0.01340	0.00658	0.00210	0.00389	0.42906	0.00485	0.00475
1	0.07570	0.02931	0.01552	0.10924	0.16531	0.19683	0.07475	0.06866	0.01254	0.08111	0.01114	0.05330	0.00939	0.00647	0.00578	0.05031	0.00643	0.01862	0.00316	0.00641
2	0.01198	0.01253	0.06742	0.10434	0.61519	0.01217	0.01526	0.01506	0.01106	0.01583	0.00923	0.01239	0.00769	0.00488	0.00582	0.00158	0.06312	0.00445	0.00244	0.00757
3	0.00816	0.00560	0.00745	0.00832	0.05612	0.00520	0.00565	0.00971	0.01143	0.06997	0.19244	0.30657	0.14702	0.06591	0.00741	0.00205	0.00333	0.07809	0.00475	0.00481
4	0.00757	0.00554	0.00786	0.00805	0.00896	0.00538	0.04397	0.00884	0.01010	0.01332	0.06022	0.21361	0.08199	0.16035	0.03505	0.06282	0.00450	0.25364	0.00409	0.00416
5	0.24563	0.01320	0.03711	0.08203	0.09396	0.12685	0.10184	0.06891	0.04090	0.01806	0.02410	0.01179	0.00800	0.00633	0.02815	0.00179	0.07792	0.00415	0.00298	0.00630
6	0.18659	0.02878	0.06234	0.02789	0.06768	0.12744	0.13632	0.08139	0.07904	0.01822	0.02265	0.02580	0.00897	0.02562	0.00595	0.00166	0.05774	0.00450	0.00316	0.02825
7	0.03695	0.10962	0.06395	0.18053	0.10311	0.06968	0.04908	0.13153	0.04885	0.01713	0.01214	0.05938	0.03161	0.00686	0.02665	0.00172	0.01972	0.00497	0.00313	0.02338
8	0.01087	0.06108	0.05121	0.11531	0.11097	0.03023	0.04941	0.09584	0.02895	0.03245	0.07303	0.16455	0.05162	0.05492	0.00680	0.00187	0.02147	0.02978	0.00366	0.00599

[dist]
# distance from previous block
# <min> <max>
11	39

[block]
# block no. 1 follows, 49 sequences, length 30
# corresponding to MSA columns:
# 617-646
name=unknown_B
#
# <colnr> <probs for GDERKNQSTAVLIFYWHMCP>
#	G	D	E	R	K	N	Q	S	T	A	V	L	I	F	Y	W	H	M	C	P
0	0.25225	0.01134	0.04854	0.04496	0.08953	0.02605	0.01923	0.12609	0.09863	0.10194	0.04036	0.02920	0.01044	0.00565	0.00447	0.00152	0.00476	0.00441	0.00391	0.07672
1	0.08067	0.01034	0.02559	0.03853	0.11447	0.05959	0.06027	0.08112	0.01279	0.06424	0.12176	0.06392	0.08274	0.00684	0.00497	0.00145	0.00474	0.00587	0.00382	0.15626
2	0.20414	0.01108	0.01336	0.03345	0.08975	0.01175	0.06736	0.26573	0.03954	0.03959	0.03699	0.01541	0.06387	0.01829	0.00500	0.00157	0.00495	0.00482	0.01627	0.05708
3	0.05702	0.01050	0.02782	0.07181	0.23560	0.01074	0.03666	0.11291	0.11322	0.04277	0.07053	0.05938	0.07043	0.00678	0.00536	0.00160	0.02052	0.00587	0.00380	0.03670
4	0.06738	0.01146	0.05824	0.08716	0.03718	0.04715	0.12478	0.06079	0.01081	0.01552	0.01366	0.11745	0.05747	0.00782	0.00836	0.00181	0.22593	0.00610	0.01713	0.02381
5	0.05363	0.08359	0.01401	0.02583	0.03899	0.22645	0.03154	0.07712	0.17989	0.04361	0.10286	0.01602	0.01399	0.02822	0.00590	0.00161	0.04155	0.00488	0.00378	0.00654
6	0.01319	0.01101	0.03009	0.03467	0.06734	0.07650	0.03192	0.13910	0.13469	0.09195	0.07706	0.06696	0.07192	0.03156	0.00635	0.00176	0.03155	0.05582	0.00435	0.02223
7	0.01019	0.00974	0.01678	0.63527	0.17023	0.01144	0.04789	0.01353	0.01044	0.01371	0.00914	0.01332	0.00701	0.00492	0.00509	0.00165	0.00669	0.00456	0.00231	0.00610
8	0.00955	0.00899	0.01517	0.81013	0.03483	0.01123	0.01404	0.01292	0.01011	0.01292	0.00899	0.01348	0.00674	0.00506	0.00506	0.00169	0.00674	0.00449	0.00225	0.00562
9	0.00863	0.00705	0.02910	0.00806	0.00978	0.03562	0.02518	0.01089	0.02653	0.05612	0.18870	0.11299	0.21302	0.01176	0.00617	0.00188	0.00383	0.23494	0.00475	0.00498
10	0.06068	0.02801	0.01211	0.01010	0.01304	0.15586	0.02402	0.10000	0.20297	0.16657	0.07262	0.01946	0.06361	0.00701	0.00523	0.00159	0.01715	0.02836	0.00460	0.00699
11	0.00838	0.00549	0.00713	0.00668	0.00813	0.00502	0.00515	0.01065	0.01393	0.08165	0.61759	0.03828	0.10018	0.01045	0.00596	0.00165	0.00271	0.06045	0.00549	0.00503
12	0.00660	0.00500	0.00708	0.11206	0.01093	0.00504	0.00592	0.00781	0.00974	0.01291	0.02540	0.71366	0.02995	0.01443	0.00627	0.00201	0.00343	0.01308	0.00437	0.00430
13	0.01845	0.08938	0.01532	0.01267	0.01542	0.73827	0.00968	0.01978	0.01400	0.01234	0.00775	0.00904	0.00651	0.00514	0.00445	0.00128	0.00882	0.00321	0.00257	0.00591
14	0.01282	0.01204	0.01956	0.04913	0.67906	0.03002	0.01475	0.01592	0.02803	0.03933	0.00988	0.01268	0.00818	0.00483	0.00552	0.00154	0.04174	0.00452	0.00265	0.00781
15	0.00695	0.00537	0.00650	0.00734	0.00803	0.02770	0.00525	0.00841	0.02412	0.01399	0.09446	0.56910	0.08706	0.01446	0.00636	0.00199	0.00326	0.10056	0.00471	0.00436
16	0.00724	0.00489	0.00569	0.00579	0.00586	0.00491	0.00338	0.00742	0.00760	0.01018	0.01683	0.09999	0.01937	0.71090	0.06566	0.00483	0.00520	0.00785	0.00319	0.00323
17	0.00815	0.00582	0.00815	0.00931	0.01048	0.00582	0.00815	0.01048	0.01164	0.01513	0.02677	0.05704	0.02910	0.01397	0.00698	0.00233	0.00466	0.75671	0.00466	0.00466
18	0.04124	0.01369	0.15547	0.13245	0.31223	0.01171	0.05303	0.08229	0.03355	0.01763	0.05193	0.03352	0.01042	0.00552	0.00531	0.00160	0.02343	0.00491	0.00294	0.00716
19	0.01232	0.01305	0.01516	0.01296	0.01413	0.17089	0.06731	0.03570	0.00990	0.01302	0.00840	0.01230	0.00770	0.01233	0.13811	0.00291	0.44125	0.00447	0.00248	0.00562
20	0.00608	0.00513	0.00526	0.00523	0.00689	0.00431	0.00392	0.00745	0.01176	0.01422	0.11322	0.04775	0.72635	0.01260	0.00598	0.00170	0.00255	0.01054	0.00477	0.00431
21	0.01386	0.01119	0.01188	0.01032	0.01336	0.01275	0.00813	0.15374	0.61055	0.04166	0.01900	0.01768	0.01412	0.00668	0.00508	0.00166	0.00423	0.00547	0.03062	0.00802
22	0.03547	0.67449	0.15033	0.00953	0.01433	0.01844	0.01019	0.01528	0.01030	0.01285	0.00736	0.00853	0.00645	0.00441	0.00349	0.00118	0.00570	0.00287	0.00218	0.00662
23	0.00710	0.00559	0.00834	0.00832	0.00933	0.00531	0.07322	0.00856	0.01030	0.01366	0.06746	0.44163	0.09850	0.07701	0.04313	0.00249	0.00421	0.10709	0.00433	0.00441
24	0.00744	0.00540	0.00729	0.00834	0.00934	0.00524	0.00687	0.00931	0.01115	0.01444	0.02947	0.24369	0.10559	0.01431	0.00675	0.00220	0.00402	0.49998	0.00467	0.00448
25	0.02037	0.01028	0.01251	0.00973	0.01350	0.01014	0.00799	0.25695	0.05760	0.47945	0.04030	0.01636	0.01251	0.00635	0.00508	0.00155	0.00459	0.00507	0.02130	0.00839
26	0.01254	0.01063	0.01114	0.01011	0.01272	0.03904	0.00793	0.10534	0.52966	0.02087	0.03804	0.08182	0.01765	0.00808	0.00539	0.00175	0.00429	0.07067	0.00498	0.00734
27	0.76576	0.04587	0.00811	0.00661	0.00967	0.01130	0.00549	0.01468	0.00881	0.02196	0.00765	0.00889	0.00600	0.00475	0.00316	0.00152	0.00388	0.00286	0.05754	0.00547
28	0.01129	0.06595	0.56046	0.01504	0.04799	0.03594	0.09320	0.04306	0.04992	0.01653	0.00974	0.01132	0.00713	0.00487	0.00486	0.00157	0.00723	0.00405	0.00246	0.00739
29	0.00837	0.00616	0.00715	0.00693	0.00811	0.03724	0.00510	0.01030	0.02727	0.05276	0.33198	0.14200	0.11473	0.09627	0.06857	0.00250	0.01521	0.02241	0.03220	0.00473

[dist]
# distance from previous block
# <min> <max>
0	3

[block]
# block no. 2 follows, 49 sequences, length 11
# corresponding to MSA columns:
# 650-660
name=unknown_C
#
# <colnr> <probs for GDERKNQSTAVLIFYWHMCP>
#	G	D	E	R	K	N	Q	S	T	A	V	L	I	F	Y	W	H	M	C	P
0	0.00672	0.00527	0.00599	0.00622	0.00735	0.00491	0.00441	0.00866	0.05856	0.01397	0.09656	0.26061	0.36312	0.10013	0.03217	0.00233	0.00332	0.01077	0.00456	0.00437
1	0.00943	0.00837	0.07774	0.00867	0.01082	0.00695	0.03570	0.09981	0.01299	0.05681	0.17901	0.26304	0.11797	0.01179	0.02667	0.00195	0.00415	0.05800	0.00463	0.00546
2	0.48894	0.04966	0.05710	0.01020	0.06763	0.14551	0.00792	0.03837	0.01051	0.01929	0.00892	0.05934	0.00777	0.00549	0.00388	0.00153	0.00521	0.00379	0.00305	0.00590
3	0.10912	0.00919	0.03223	0.16652	0.19524	0.00987	0.03004	0.01237	0.00989	0.01512	0.04106	0.10273	0.01266	0.04880	0.09228	0.00254	0.07729	0.00579	0.02146	0.00577
4	0.54302	0.03909	0.03552	0.00859	0.01201	0.10571	0.00723	0.13633	0.01201	0.04828	0.00844	0.00932	0.00639	0.00502	0.00373	0.00151	0.00497	0.00320	0.00342	0.00622
5	0.00629	0.00494	0.00568	0.00590	0.00712	0.00434	0.00427	0.00770	0.01165	0.01492	0.20746	0.24929	0.42634	0.01306	0.00610	0.00177	0.00262	0.01131	0.00489	0.00434
6	0.01052	0.07220	0.55514	0.01489	0.02134	0.01204	0.16079	0.01561	0.01111	0.01605	0.05570	0.01270	0.00912	0.00500	0.00500	0.00159	0.00724	0.00442	0.00242	0.00713
7	0.00622	0.00513	0.00546	0.00538	0.00698	0.00437	0.00404	0.00773	0.01211	0.01504	0.20455	0.04640	0.63450	0.01229	0.00597	0.00168	0.00252	0.01035	0.00488	0.00437
8	0.01581	0.01342	0.01304	0.01092	0.01398	0.11034	0.00870	0.33362	0.28176	0.02393	0.01458	0.01452	0.01092	0.00635	0.00545	0.00157	0.04256	0.00480	0.06610	0.00763
9	0.02821	0.04915	0.04244	0.27981	0.18231	0.08178	0.03252	0.01374	0.01038	0.01382	0.01005	0.05130	0.00899	0.05132	0.00747	0.00183	0.10364	0.00490	0.02031	0.00603
10	0.00704	0.00516	0.00659	0.00623	0.00748	0.00472	0.00468	0.00931	0.01403	0.01960	0.71239	0.03889	0.12383	0.01059	0.00597	0.00160	0.00240	0.00930	0.00548	0.00472

[dist]
# distance from previous block
# <min> <max>
2	5

[block]
# block no. 3 follows, 49 sequences, length 14
# corresponding to MSA columns:
# 666-679
name=unknown_D
#
# <colnr> <probs for GDERKNQSTAVLIFYWHMCP>
#	G	D	E	R	K	N	Q	S	T	A	V	L	I	F	Y	W	H	M	C	P
0	0.03536	0.01080	0.01365	0.06523	0.01568	0.05683	0.09900	0.08263	0.03804	0.07470	0.04615	0.01309	0.00992	0.00481	0.00450	0.00118	0.00500	0.00413	0.00348	0.41582
1	0.01416	0.67068	0.02419	0.04287	0.01429	0.13721	0.00905	0.01581	0.01088	0.01201	0.00723	0.00849	0.00650	0.00449	0.00352	0.00114	0.00602	0.00286	0.00223	0.00636
2	0.00751	0.00526	0.00633	0.00633	0.00666	0.00550	0.00402	0.00858	0.04338	0.01086	0.01622	0.06577	0.01779	0.59061	0.17942	0.00527	0.00650	0.00721	0.00316	0.00363
3	0.03897	0.04681	0.01745	0.05413	0.27276	0.10415	0.07772	0.10239	0.01268	0.04926	0.01049	0.03611	0.00872	0.00574	0.00619	0.00157	0.09685	0.00468	0.04639	0.00694
4	0.11666	0.00769	0.00990	0.06138	0.04887	0.00842	0.03980	0.04069	0.07861	0.01669	0.08611	0.10500	0.02992	0.10107	0.09185	0.00271	0.04184	0.02439	0.08309	0.00532
5	0.00702	0.00501	0.00625	0.00638	0.00747	0.00452	0.00461	0.00867	0.01223	0.03841	0.36051	0.28754	0.20763	0.01252	0.00610	0.00176	0.00265	0.01103	0.00511	0.00456
6	0.01663	0.02086	0.05078	0.09550	0.06525	0.57821	0.01090	0.03476	0.01343	0.01325	0.00832	0.01026	0.00684	0.00615	0.02718	0.00158	0.02783	0.00360	0.00259	0.00606
7	0.00780	0.00534	0.00681	0.00634	0.00774	0.00484	0.00479	0.01003	0.01397	0.05906	0.65607	0.03809	0.13912	0.01044	0.00592	0.00160	0.00251	0.00913	0.00549	0.00490
8	0.00732	0.00520	0.00697	0.00701	0.00752	0.00567	0.00495	0.00834	0.00792	0.01102	0.01514	0.02725	0.01586	0.38586	0.42478	0.00646	0.00934	0.03657	0.00295	0.00388
9	0.00863	0.00449	0.00674	0.00674	0.00682	0.00458	0.00458	0.00682	0.00674	0.00907	0.00924	0.01581	0.00916	0.01954	0.09541	0.77121	0.00528	0.00449	0.00225	0.00242
10	0.02939	0.00651	0.00707	0.00698	0.00830	0.02760	0.00515	0.05828	0.03931	0.01570	0.13033	0.20771	0.25698	0.10017	0.00825	0.00213	0.01805	0.05087	0.01652	0.00470
11	0.04115	0.05837	0.01327	0.00978	0.01334	0.03615	0.04536	0.13645	0.08744	0.35165	0.05571	0.03613	0.01331	0.00632	0.00492	0.00151	0.00467	0.00517	0.03367	0.04563
12	0.05898	0.06730	0.03696	0.05640	0.25572	0.15358	0.06816	0.09596	0.07927	0.01739	0.01121	0.01293	0.02931	0.00537	0.00517	0.00152	0.03022	0.00444	0.00306	0.00706
13	0.28065	0.10735	0.06279	0.01211	0.10698	0.14010	0.00918	0.07794	0.03856	0.05402	0.01063	0.01165	0.03511	0.00538	0.00450	0.00149	0.02806	0.00378	0.00320	0.00653

[dist]
# distance from previous block
# <min> <max>
0	7

[block]
# block no. 4 follows, 49 sequences, length 62
# corresponding to MSA columns:
# 687-736,740-751
name=unknown_E
#
# <colnr> <probs for GDERKNQSTAVLIFYWHMCP>
#	G	D	E	R	K	N	Q	S	T	A	V	L	I	F	Y	W	H	M	C	P
0	0.03354	0.10445	0.16048	0.01047	0.02676	0.02215	0.04027	0.12409	0.03091	0.13803	0.05510	0.04115	0.11068	0.00685	0.00494	0.00151	0.00507	0.01739	0.00397	0.06219
1	0.07108	0.12055	0.18517	0.02542	0.06227	0.03770	0.05033	0.05811	0.08572	0.02652	0.11091	0.07904	0.05272	0.00692	0.00493	0.00157	0.00526	0.00578	0.00352	0.00649
2	0.00888	0.02763	0.00821	0.00737	0.00922	0.00730	0.00563	0.08547	0.14695	0.01776	0.16858	0.17409	0.27949	0.01102	0.00577	0.00173	0.00324	0.02129	0.00490	0.00546
3	0.03928	0.08961	0.37673	0.01458	0.05887	0.01227	0.13622	0.04538	0.05023	0.07178	0.01049	0.01186	0.00769	0.00486	0.00480	0.00152	0.00661	0.00420	0.00285	0.05015
4	0.01263	0.05904	0.28318	0.07071	0.12192	0.06973	0.09724	0.06318	0.04748	0.05526	0.01116	0.01431	0.00878	0.00550	0.00524	0.00160	0.02106	0.04191	0.00292	0.00715
5	0.00896	0.00908	0.13114	0.00887	0.03280	0.00654	0.00764	0.01148	0.03459	0.08833	0.09464	0.26270	0.21224	0.01114	0.00609	0.00180	0.02354	0.03858	0.00441	0.00544
6	0.00616	0.00440	0.00587	0.00704	0.00733	0.00411	0.00469	0.00704	0.00968	0.01291	0.02787	0.81899	0.03344	0.01584	0.00645	0.00205	0.00293	0.01438	0.00469	0.00411
7	0.02588	0.01529	0.14057	0.01918	0.19519	0.07811	0.24338	0.04161	0.06802	0.01669	0.02170	0.02902	0.00905	0.00529	0.00585	0.00161	0.05043	0.00501	0.00284	0.02527
8	0.01271	0.05074	0.03208	0.21507	0.21885	0.05198	0.10217	0.11986	0.02518	0.03056	0.03228	0.03695	0.00988	0.00565	0.00536	0.00159	0.02243	0.01671	0.00306	0.00688
9	0.01139	0.00870	0.00822	0.00752	0.00932	0.10977	0.00579	0.06408	0.04659	0.06528	0.09957	0.04004	0.12002	0.00977	0.05983	0.00190	0.02767	0.00609	0.29300	0.00545
10	0.05728	0.01086	0.02589	0.00981	0.01370	0.03256	0.00817	0.21019	0.04557	0.50649	0.01694	0.01528	0.01107	0.00611	0.00498	0.00155	0.00478	0.00480	0.00561	0.00835
11	0.48631	0.00907	0.00937	0.07440	0.06336	0.01042	0.00699	0.03125	0.00917	0.02977	0.00962	0.03541	0.00869	0.10837	0.04349	0.00233	0.04930	0.00419	0.00307	0.00540
12	0.03799	0.00899	0.01311	0.12165	0.13413	0.00925	0.06052	0.03857	0.03368	0.07727	0.03387	0.05933	0.14069	0.04017	0.01971	0.00184	0.06709	0.00619	0.00354	0.09241
13	0.00620	0.00459	0.00580	0.00664	0.00726	0.00419	0.00454	0.00726	0.01035	0.01358	0.08754	0.62188	0.17190	0.01489	0.00633	0.00196	0.00283	0.01332	0.00476	0.00419
14	0.01068	0.00923	0.01568	0.69976	0.04934	0.01104	0.04723	0.01398	0.01054	0.07010	0.00985	0.01374	0.00723	0.00510	0.00510	0.00167	0.00663	0.00460	0.00256	0.00594
15	0.01190	0.01222	0.01549	0.01323	0.01378	0.08899	0.03378	0.03509	0.00897	0.01287	0.00731	0.01137	0.00697	0.00953	0.04837	0.00234	0.65537	0.00441	0.00236	0.00565
16	0.01070	0.02315	0.61227	0.01602	0.07765	0.03485	0.08470	0.01589	0.01094	0.01593	0.02310	0.01153	0.00739	0.00496	0.00527	0.00161	0.03037	0.00409	0.00228	0.00730
17	0.00616	0.00442	0.00585	0.00699	0.00732	0.00411	0.00467	0.00705	0.00973	0.01293	0.02854	0.79692	0.05508	0.01576	0.00644	0.00204	0.00292	0.01427	0.00469	0.00411
18	0.01683	0.01241	0.01339	0.01076	0.01423	0.01373	0.00883	0.56589	0.11681	0.02830	0.01460	0.01677	0.01129	0.00673	0.00509	0.00158	0.00506	0.05954	0.07023	0.00794
19	0.01156	0.01300	0.06048	0.05845	0.02387	0.01200	0.56520	0.04854	0.02879	0.01629	0.01128	0.01459	0.02037	0.00734	0.06416	0.02072	0.00834	0.00572	0.00273	0.00658
20	0.00750	0.00480	0.00644	0.00728	0.00791	0.00446	0.00507	0.00857	0.01026	0.07019	0.04901	0.69917	0.03211	0.01489	0.00637	0.00202	0.00311	0.05154	0.00483	0.00448
21	0.04297	0.02719	0.01601	0.45291	0.07491	0.09825	0.07529	0.01399	0.01066	0.01375	0.00983	0.01504	0.00818	0.00649	0.02630	0.00185	0.05288	0.04518	0.00250	0.00582
22	0.00670	0.00500	0.00626	0.00649	0.00755	0.00456	0.00479	0.00844	0.01227	0.01648	0.36758	0.25094	0.20468	0.01262	0.00617	0.00179	0.00274	0.06538	0.00508	0.00447
23	0.00706	0.00539	0.00667	0.00726	0.00858	0.00500	0.00593	0.00886	0.01163	0.01472	0.08754	0.10791	0.33747	0.01339	0.00647	0.00201	0.00353	0.35136	0.00474	0.00447
24	0.79350	0.01012	0.00803	0.00703	0.01023	0.01168	0.00579	0.07323	0.00977	0.02339	0.00743	0.00852	0.00572	0.00480	0.00328	0.00156	0.00404	0.00288	0.00328	0.00572
25	0.01114	0.01354	0.13126	0.02502	0.03212	0.14503	0.08483	0.04751	0.01292	0.02629	0.21343	0.02383	0.12417	0.00784	0.00625	0.00162	0.06440	0.01922	0.00372	0.00586
26	0.00705	0.00515	0.00663	0.00630	0.00750	0.00472	0.00471	0.00933	0.01401	0.01964	0.71914	0.05866	0.09694	0.01065	0.00598	0.00161	0.00241	0.00938	0.00549	0.00472
27	0.01075	0.00914	0.01063	0.00762	0.01210	0.00701	0.00610	0.03579	0.01089	0.01694	0.00908	0.01054	0.00752	0.00382	0.00378	0.00077	0.00380	0.00304	0.00306	0.82762
28	0.01068	0.00957	0.01318	0.21491	0.11921	0.03848	0.02832	0.01410	0.06710	0.03316	0.04873	0.02629	0.04739	0.00722	0.03486	0.00170	0.02848	0.03598	0.00320	0.21743
29	0.00605	0.00509	0.00524	0.00527	0.00689	0.00429	0.00393	0.00737	0.01159	0.01397	0.08848	0.08201	0.71695	0.01281	0.00600	0.00172	0.00257	0.01076	0.00474	0.00429
30	0.01153	0.01179	0.05144	0.05285	0.20063	0.05840	0.14061	0.06304	0.06646	0.01673	0.06211	0.03687	0.05756	0.00896	0.07144	0.00216	0.05271	0.00570	0.02245	0.00656
31	0.00735	0.00490	0.00552	0.00552	0.00552	0.00490	0.00306	0.00735	0.00735	0.00980	0.01593	0.03309	0.01838	0.82229	0.02574	0.00490	0.00490	0.00735	0.00306	0.00306
32	0.00782	0.00534	0.00672	0.00634	0.00769	0.00485	0.00476	0.00986	0.01342	0.06044	0.56081	0.05126	0.16712	0.04692	0.00683	0.00178	0.00269	0.02525	0.00531	0.00481
33	0.01163	0.01190	0.07179	0.25408	0.44538	0.01164	0.01465	0.01482	0.01095	0.03493	0.00947	0.01267	0.00758	0.00488	0.00543	0.00157	0.03792	0.00442	0.00250	0.03181
34	0.01353	0.61899	0.06511	0.00930	0.01332	0.11060	0.00902	0.01539	0.01070	0.01245	0.00790	0.00931	0.00701	0.00596	0.03763	0.00144	0.00618	0.00302	0.03684	0.00631
35	0.01153	0.01126	0.03477	0.11638	0.59010	0.01130	0.01424	0.01458	0.02281	0.01575	0.01118	0.08429	0.01017	0.00571	0.00539	0.00159	0.02352	0.00538	0.00269	0.00733
36	0.04629	0.01099	0.03842	0.05154	0.07506	0.03509	0.20435	0.08222	0.07231	0.04848	0.01558	0.11831	0.04215	0.02738	0.02951	0.00198	0.04713	0.02148	0.02540	0.00635
37	0.05504	0.00731	0.02615	0.00868	0.02814	0.00753	0.00673	0.04455	0.01056	0.09513	0.06891	0.04951	0.09064	0.10622	0.23762	0.00394	0.07296	0.05470	0.02044	0.00523
38	0.12805	0.04924	0.01225	0.00941	0.01266	0.05154	0.00767	0.24433	0.06988	0.20942	0.07117	0.03800	0.02638	0.00660	0.00498	0.00154	0.01833	0.00508	0.02618	0.00728
39	0.01400	0.01343	0.03123	0.08193	0.12272	0.21417	0.02630	0.08374	0.06381	0.08394	0.01542	0.07408	0.05330	0.04433	0.02879	0.00191	0.00636	0.03052	0.00361	0.00641
40	0.00992	0.00813	0.04523	0.00859	0.01050	0.03862	0.05410	0.03409	0.04688	0.09291	0.08184	0.20684	0.14211	0.13118	0.00882	0.00226	0.00433	0.06407	0.00437	0.00522
41	0.02717	0.03014	0.07076	0.04595	0.14731	0.03622	0.05908	0.01695	0.01270	0.27350	0.12711	0.03951	0.06122	0.02284	0.00563	0.00164	0.00499	0.00594	0.00435	0.00697
42	0.01126	0.08968	0.49827	0.01518	0.06054	0.01232	0.12579	0.03299	0.02309	0.03747	0.02386	0.01259	0.02429	0.00503	0.00491	0.00157	0.00700	0.00434	0.00255	0.00727
43	0.00717	0.00542	0.00667	0.00660	0.00781	0.00513	0.00485	0.00996	0.06890	0.01786	0.46808	0.19455	0.15488	0.01156	0.00600	0.00171	0.00264	0.01017	0.00523	0.00480
44	0.01184	0.31888	0.40746	0.01374	0.07468	0.03351	0.04428	0.01576	0.01073	0.01446	0.00837	0.00995	0.00661	0.00459	0.00428	0.00140	0.00669	0.00349	0.00220	0.00709
45	0.05265	0.04320	0.06549	0.14781	0.20133	0.08402	0.08037	0.08062	0.01248	0.09540	0.01145	0.03611	0.01844	0.00622	0.02237	0.00171	0.02550	0.00476	0.00316	0.00692
46	0.00903	0.00743	0.01127	0.21946	0.15820	0.00784	0.00920	0.01154	0.03682	0.03874	0.04500	0.30430	0.08299	0.00972	0.00562	0.00177	0.00450	0.00874	0.02230	0.00553
47	0.00618	0.00443	0.00584	0.00696	0.00728	0.00413	0.00464	0.00705	0.00967	0.01286	0.02817	0.78267	0.05149	0.03379	0.00687	0.00211	0.00297	0.01413	0.00466	0.00409
48	0.04140	0.07025	0.03278	0.14416	0.11403	0.02978	0.03102	0.09884	0.05110	0.31491	0.01395	0.01420	0.00968	0.00555	0.00488	0.00154	0.00540	0.00460	0.00428	0.00763
49	0.01170	0.01116	0.05632	0.03794	0.20558	0.05854	0.02210	0.03399	0.18732	0.05776	0.05693	0.02444	0.14647	0.00760	0.00537	0.00165	0.00493	0.05941	0.00401	0.00678
50	0.01551	0.00704	0.00909	0.00768	0.01046	0.00611	0.00614	0.01722	0.01315	0.45229	0.06338	0.09826	0.22521	0.00933	0.00556	0.00168	0.00364	0.03592	0.00561	0.00673
51	0.01441	0.67275	0.04562	0.00915	0.01339	0.06775	0.00890	0.01647	0.03035	0.06931	0.00842	0.00918	0.00715	0.00460	0.00355	0.00116	0.00558	0.00302	0.00256	0.00667
52	0.00760	0.00588	0.03047	0.00681	0.00742	0.00569	0.00475	0.02927	0.00838	0.01146	0.01637	0.11871	0.01799	0.47855	0.22391	0.00522	0.00702	0.00747	0.00319	0.00385
53	0.63320	0.07654	0.04507	0.00873	0.02794	0.01191	0.06241	0.01487	0.00931	0.02072	0.02614	0.00956	0.00687	0.00475	0.00354	0.00152	0.00453	0.00321	0.00301	0.02617
54	0.01131	0.10606	0.50438	0.01352	0.05473	0.06948	0.01493	0.01593	0.02938	0.02910	0.01034	0.05761	0.00845	0.00543	0.00469	0.00151	0.00672	0.00428	0.00253	0.04963
55	0.02817	0.50294	0.10373	0.02986	0.03841	0.01666	0.03307	0.07087	0.01166	0.06273	0.03136	0.01061	0.00828	0.00495	0.00428	0.00130	0.02800	0.00353	0.00276	0.00682
56	0.00983	0.08354	0.07159	0.00942	0.02675	0.02939	0.00768	0.04775	0.00954	0.03168	0.01318	0.07744	0.01324	0.20705	0.23196	0.00423	0.11178	0.00590	0.00297	0.00509
57	0.02982	0.02878	0.23260	0.06865	0.03206	0.00905	0.02985	0.02954	0.09334	0.01756	0.25548	0.02314	0.06512	0.03027	0.00629	0.02751	0.00485	0.00625	0.00381	0.00604
58	0.01084	0.04667	0.16319	0.00958	0.01425	0.02458	0.03971	0.01446	0.05754	0.03327	0.02611	0.01391	0.04716	0.01799	0.00465	0.00118	0.00480	0.00402	0.00310	0.46299
59	0.01360	0.04616	0.06420	0.01212	0.08572	0.04659	0.02416	0.20684	0.18304	0.05515	0.07268	0.04722	0.06760	0.01994	0.00545	0.00161	0.00494	0.00577	0.00433	0.03288
60	0.02533	0.16958	0.12009	0.00989	0.01315	0.13913	0.00899	0.04526	0.06292	0.04973	0.06288	0.07301	0.04433	0.02207	0.06106	0.00198	0.02922	0.00524	0.01658	0.03958
61	0.03824	0.04377	0.07358	0.05614	0.03644	0.08601	0.13996	0.08683	0.01210	0.05635	0.01145	0.03224	0.00972	0.00939	0.09163	0.00226	0.06980	0.04254	0.00313	0.09843

[dist]
# distance from previous block
# <min> <max>
22	61

[block]
# block no. 5 follows, 49 sequences, length 35
# corresponding to MSA columns:
# 816-850
name=unknown_F
#
# <colnr> <probs for GDERKNQSTAVLIFYWHMCP>
#	G	D	E	R	K	N	Q	S	T	A	V	L	I	F	Y	W	H	M	C	P
0	0.00814	0.00600	0.00859	0.00943	0.01073	0.00593	0.02875	0.01047	0.01164	0.01509	0.02753	0.05545	0.06593	0.01365	0.00691	0.00228	0.00466	0.69951	0.00460	0.00470
1	0.01062	0.01000	0.01614	0.42778	0.15707	0.01087	0.06979	0.01467	0.07102	0.01499	0.01008	0.01327	0.00783	0.00483	0.00491	0.00151	0.00606	0.00446	0.00266	0.14142
2	0.01207	0.01248	0.01750	0.01433	0.01623	0.10094	0.19050	0.03377	0.05015	0.01458	0.01088	0.01705	0.00995	0.00767	0.01052	0.00194	0.36504	0.08626	0.02217	0.00596
3	0.01482	0.58964	0.02264	0.00969	0.01347	0.22589	0.00880	0.01637	0.01135	0.01223	0.00752	0.00870	0.00669	0.00461	0.00360	0.00114	0.00630	0.00291	0.02737	0.00627
4	0.00811	0.00556	0.00707	0.00652	0.00796	0.00514	0.00494	0.02995	0.01432	0.05684	0.66708	0.03708	0.10962	0.01025	0.00590	0.00160	0.00257	0.00897	0.00551	0.00501
5	0.00672	0.00471	0.00607	0.00690	0.00722	0.00456	0.00466	0.00754	0.00922	0.01228	0.02417	0.50730	0.02839	0.23246	0.03314	0.00301	0.00393	0.08963	0.00420	0.00390
6	0.71794	0.01174	0.04711	0.03510	0.01172	0.07658	0.00677	0.01529	0.00923	0.02117	0.00727	0.00859	0.00565	0.00475	0.00340	0.00155	0.00461	0.00289	0.00301	0.00561
7	0.00629	0.00455	0.00581	0.00670	0.00715	0.00422	0.00448	0.00721	0.00989	0.01309	0.06652	0.64334	0.10368	0.08195	0.00798	0.00223	0.00303	0.01319	0.00460	0.00407
8	0.01476	0.54439	0.02207	0.02750	0.01414	0.23476	0.00894	0.01636	0.01140	0.01229	0.00739	0.00863	0.00655	0.00456	0.00367	0.00114	0.00638	0.00291	0.00233	0.04983
9	0.01107	0.01120	0.01674	0.04878	0.01537	0.01506	0.07820	0.01256	0.00822	0.01256	0.00706	0.01140	0.00673	0.00828	0.01516	0.00214	0.70702	0.00456	0.00224	0.00565
10	0.07968	0.11259	0.09971	0.03554	0.05540	0.01223	0.02130	0.16584	0.01353	0.20623	0.01207	0.01325	0.00894	0.02578	0.03545	0.02222	0.06489	0.00433	0.00386	0.00718
11	0.06411	0.06573	0.09629	0.12140	0.11802	0.04044	0.02816	0.01636	0.03417	0.18845	0.01495	0.07093	0.04133	0.00814	0.04726	0.00195	0.01804	0.01393	0.00363	0.00672
12	0.00602	0.00512	0.00518	0.00517	0.00686	0.00429	0.00388	0.00734	0.01163	0.01390	0.07805	0.04827	0.76171	0.01272	0.00598	0.00170	0.00255	0.01062	0.00473	0.00429
13	0.00775	0.00556	0.00769	0.00873	0.00974	0.00554	0.00733	0.00976	0.01106	0.01447	0.02651	0.16172	0.04578	0.03755	0.04829	0.00264	0.00483	0.57602	0.00452	0.00452
14	0.05224	0.03467	0.02733	0.06931	0.11956	0.07094	0.02880	0.21025	0.07029	0.12936	0.01339	0.03306	0.01046	0.02657	0.03272	0.00185	0.00576	0.01643	0.03980	0.00720
15	0.01120	0.01072	0.01823	0.36963	0.40521	0.01172	0.04364	0.01480	0.03731	0.01510	0.00969	0.01320	0.00770	0.00482	0.00507	0.00160	0.00635	0.00460	0.00248	0.00692
16	0.00625	0.00506	0.00554	0.00557	0.00703	0.00436	0.00412	0.00773	0.01195	0.01501	0.20693	0.11918	0.55847	0.01256	0.00602	0.00172	0.00256	0.01070	0.00488	0.00436
17	0.01138	0.01080	0.04260	0.06331	0.35454	0.02724	0.05952	0.04303	0.07138	0.03417	0.06116	0.13380	0.02448	0.00725	0.00542	0.00166	0.00536	0.03259	0.00347	0.00685
18	0.01234	0.01097	0.05453	0.14981	0.13285	0.04153	0.07023	0.04931	0.13085	0.10194	0.06602	0.03927	0.05560	0.00783	0.03501	0.00188	0.00576	0.02368	0.00381	0.00676
19	0.04091	0.03397	0.01546	0.01294	0.07986	0.06180	0.05895	0.36331	0.03225	0.17972	0.01322	0.03123	0.00966	0.00587	0.00497	0.00150	0.00556	0.00476	0.00456	0.03950
20	0.00876	0.00596	0.00833	0.04274	0.05871	0.00573	0.00681	0.01059	0.01155	0.08246	0.13910	0.29859	0.08887	0.01233	0.00621	0.00193	0.00373	0.19783	0.00471	0.00505
21	0.06082	0.02948	0.05462	0.09410	0.23602	0.17858	0.02559	0.12067	0.01337	0.03030	0.03885	0.02997	0.00955	0.00626	0.02148	0.00166	0.03425	0.00452	0.00308	0.00684
22	0.01205	0.01163	0.01987	0.08464	0.65888	0.01191	0.04242	0.01501	0.01129	0.01601	0.01053	0.01356	0.02921	0.00492	0.00550	0.00155	0.03614	0.00472	0.00254	0.00760
23	0.01662	0.01196	0.04171	0.01026	0.01378	0.02732	0.00862	0.40124	0.08578	0.14380	0.03054	0.03701	0.04059	0.00700	0.00513	0.00157	0.00491	0.04225	0.04849	0.02140
24	0.01189	0.01243	0.08764	0.17104	0.36886	0.01195	0.06827	0.05210	0.01141	0.03409	0.00978	0.01297	0.00787	0.00679	0.04697	0.00196	0.06966	0.00460	0.00263	0.00710
25	0.03479	0.03294	0.06397	0.01216	0.05957	0.02354	0.11301	0.08036	0.03346	0.28868	0.05757	0.05401	0.04130	0.00699	0.01763	0.00166	0.01746	0.00565	0.00445	0.05081
26	0.01535	0.00916	0.05273	0.02390	0.05082	0.00770	0.00788	0.04500	0.05027	0.35598	0.06231	0.12996	0.03408	0.00766	0.00521	0.00156	0.00423	0.02197	0.00497	0.10927
27	0.04260	0.01004	0.07271	0.05516	0.01372	0.01031	0.04816	0.02613	0.02278	0.06724	0.01096	0.05976	0.01965	0.02448	0.01206	0.17143	0.26577	0.00507	0.00288	0.05910
28	0.01125	0.04024	0.14081	0.26210	0.13916	0.01149	0.14719	0.05038	0.01152	0.03417	0.01181	0.01450	0.04753	0.00539	0.00534	0.01486	0.00654	0.00485	0.00270	0.03819
29	0.01225	0.01146	0.01514	0.11675	0.15414	0.08665	0.08924	0.09735	0.05077	0.02942	0.01446	0.04259	0.07040	0.05081	0.01975	0.00182	0.03660	0.00542	0.00327	0.09170
30	0.01144	0.09308	0.03857	0.13106	0.11764	0.01213	0.08443	0.06850	0.04037	0.02828	0.06517	0.05416	0.01200	0.00797	0.04420	0.00194	0.13473	0.00527	0.00308	0.04597
31	0.03520	0.06033	0.12846	0.01212	0.07601	0.11225	0.03043	0.09344	0.06157	0.03356	0.06366	0.09634	0.02715	0.00707	0.00515	0.00153	0.01655	0.04025	0.01914	0.07980
32	0.04098	0.06246	0.04451	0.07009	0.02643	0.07633	0.07418	0.09467	0.08020	0.05351	0.06787	0.14089	0.06096	0.02313	0.00572	0.00166	0.01621	0.00662	0.00386	0.04973
33	0.02868	0.07399	0.08245	0.05592	0.04944	0.14615	0.03485	0.04901	0.09646	0.05391	0.06406	0.04526	0.05997	0.00785	0.02775	0.02208	0.05813	0.00527	0.00345	0.03531
34	0.06351	0.10925	0.12492	0.01131	0.03693	0.03857	0.07547	0.12319	0.08110	0.04508	0.06620	0.04752	0.09619	0.00692	0.00521	0.00156	0.02267	0.01533	0.00373	0.02534

[dist]
# distance from previous block
# <min> <max>
8	32

[block]
# block no. 6 follows, 49 sequences, length 25
# corresponding to MSA columns:
# 891-915
name=unknown_G
#
# <colnr> <probs for GDERKNQSTAVLIFYWHMCP>
#	G	D	E	R	K	N	Q	S	T	A	V	L	I	F	Y	W	H	M	C	P
0	0.01189	0.04909	0.31433	0.03788	0.09756	0.04322	0.05665	0.08767	0.05369	0.04031	0.06670	0.06423	0.01217	0.00625	0.00550	0.00161	0.03584	0.00520	0.00319	0.00703
1	0.03758	0.05909	0.11593	0.07058	0.06513	0.04939	0.29111	0.06834	0.04104	0.05427	0.03337	0.04296	0.00996	0.00536	0.00522	0.00158	0.00674	0.00526	0.00310	0.03399
2	0.01284	0.03654	0.05797	0.18264	0.13094	0.07359	0.09038	0.13211	0.03792	0.04031	0.02964	0.01574	0.04660	0.00655	0.02386	0.00172	0.02216	0.01780	0.00325	0.03741
3	0.02993	0.03902	0.28678	0.01460	0.12160	0.01030	0.08002	0.01568	0.05123	0.09336	0.07636	0.08462	0.02973	0.00677	0.00542	0.00165	0.02031	0.02234	0.00341	0.00689
4	0.01333	0.03236	0.11876	0.04253	0.08309	0.00976	0.11739	0.06864	0.01269	0.18895	0.04161	0.08392	0.06843	0.00717	0.00567	0.00164	0.02856	0.03399	0.00398	0.03753
5	0.00703	0.00486	0.00567	0.00586	0.00611	0.00476	0.00357	0.00743	0.00835	0.01108	0.04930	0.16647	0.08142	0.56847	0.04510	0.00416	0.00457	0.00880	0.00355	0.00344
6	0.01477	0.05381	0.11155	0.06509	0.19128	0.06844	0.05097	0.15393	0.08799	0.11031	0.03420	0.01377	0.01002	0.00548	0.00498	0.00153	0.00598	0.00464	0.00368	0.00759
7	0.01288	0.19937	0.12930	0.05756	0.26523	0.07788	0.07743	0.01586	0.01150	0.04810	0.02723	0.01314	0.02242	0.00505	0.00469	0.00145	0.00635	0.01484	0.00267	0.00703
8	0.00780	0.00534	0.00625	0.00611	0.00639	0.00552	0.00376	0.03786	0.00811	0.01094	0.01546	0.03048	0.01722	0.68425	0.12966	0.00520	0.00609	0.00698	0.00309	0.00348
9	0.00648	0.00478	0.00634	0.04533	0.00862	0.00459	0.00510	0.00755	0.00987	0.01302	0.04560	0.62449	0.08865	0.06722	0.00761	0.00219	0.00327	0.04064	0.00449	0.00416
10	0.01225	0.01102	0.08070	0.08922	0.17857	0.02185	0.08220	0.04481	0.05469	0.12333	0.08711	0.10175	0.03994	0.02121	0.00603	0.00171	0.02667	0.00641	0.00380	0.00672
11	0.01254	0.02697	0.09063	0.12150	0.38039	0.04101	0.18351	0.01599	0.01158	0.05254	0.00996	0.01275	0.00777	0.00465	0.00517	0.00157	0.00681	0.00471	0.00263	0.00733
12	0.01049	0.00993	0.01704	0.58712	0.10852	0.01155	0.09336	0.04986	0.01104	0.01450	0.00945	0.01352	0.00723	0.00592	0.02839	0.00185	0.00700	0.00468	0.00245	0.00610
13	0.01148	0.01177	0.03266	0.17636	0.24382	0.04018	0.22210	0.01457	0.01114	0.02874	0.01212	0.03900	0.04122	0.00583	0.00631	0.00169	0.07111	0.02060	0.00271	0.00660
14	0.01014	0.02107	0.07957	0.10524	0.11889	0.02111	0.02565	0.06194	0.03975	0.05200	0.04827	0.07180	0.22920	0.06204	0.02948	0.00204	0.00503	0.00714	0.00375	0.00588
15	0.01140	0.07518	0.18760	0.04432	0.06820	0.01033	0.05640	0.06413	0.03420	0.08640	0.01575	0.21251	0.01515	0.00882	0.02001	0.00184	0.04421	0.03351	0.00358	0.00644
16	0.01272	0.01458	0.20439	0.14794	0.29021	0.01138	0.08715	0.01641	0.01142	0.11848	0.01070	0.01292	0.00795	0.00498	0.00536	0.00160	0.02698	0.00453	0.00287	0.00740
17	0.02980	0.01259	0.06553	0.11520	0.22522	0.09985	0.02467	0.11371	0.01317	0.07504	0.04161	0.07854	0.02622	0.03870	0.00596	0.00172	0.00587	0.01641	0.00346	0.00675
18	0.05178	0.01060	0.01538	0.20636	0.32585	0.04215	0.01211	0.01505	0.08270	0.01573	0.01242	0.05945	0.02374	0.00654	0.01697	0.00171	0.03355	0.02717	0.00296	0.03778
19	0.01258	0.09389	0.06775	0.09197	0.13748	0.02795	0.03553	0.08434	0.01276	0.10047	0.07348	0.05602	0.03750	0.00675	0.00505	0.00152	0.00521	0.06039	0.00367	0.08570
20	0.06912	0.02508	0.08613	0.15458	0.10600	0.04949	0.03861	0.03784	0.01100	0.05263	0.01392	0.13154	0.02752	0.00912	0.05487	0.00204	0.03293	0.03349	0.00320	0.06089
21	0.07226	0.01188	0.03411	0.24596	0.27541	0.04949	0.08818	0.05435	0.05337	0.01672	0.01003	0.01286	0.00786	0.00501	0.00513	0.00159	0.02019	0.00452	0.02427	0.00682
22	0.02728	0.02955	0.04966	0.19780	0.17855	0.07503	0.05398	0.06152	0.03407	0.06447	0.02580	0.06705	0.01135	0.00759	0.03357	0.01646	0.00628	0.03733	0.00321	0.01945
23	0.05285	0.04839	0.04907	0.08620	0.24274	0.03439	0.01079	0.09695	0.01226	0.06003	0.03561	0.08688	0.02776	0.02511	0.02880	0.00185	0.04694	0.01909	0.00335	0.03094
24	0.02457	0.02516	0.01430	0.20394	0.17626	0.04106	0.04146	0.05032	0.01118	0.05303	0.01319	0.10056	0.01227	0.03550	0.08411	0.00240	0.03248	0.04403	0.00314	0.03105

[dist]
# distance from previous block
# <min> <max>
25	587

# created by:
# /st0/software/busco_prod/Augustus/scripts/msa2prfl.pl ./align_prep/133373.fa
