[name]
unknown

[dist]
# distance from previous block
# <min> <max>
0	34

[block]
# block no. 0 follows, 66 sequences, length 40
# corresponding to MSA columns:
# 45-84
name=unknown_A
#
# <colnr> <probs for GDERKNQSTAVLIFYWHMCP>
#	G	D	E	R	K	N	Q	S	T	A	V	L	I	F	Y	W	H	M	C	P
0	0.02993	0.00974	0.12504	0.02903	0.20311	0.02097	0.05302	0.07528	0.06464	0.04371	0.01433	0.03725	0.12695	0.00746	0.06775	0.00170	0.03560	0.02520	0.00275	0.02653
1	0.07380	0.01105	0.11896	0.02549	0.18770	0.06417	0.02315	0.09311	0.17490	0.07519	0.01083	0.01163	0.02902	0.01729	0.00443	0.00129	0.03137	0.00373	0.00292	0.03998
2	0.05684	0.00764	0.03345	0.00775	0.03452	0.03142	0.03867	0.16798	0.07813	0.02732	0.32504	0.04060	0.05592	0.02717	0.01885	0.00143	0.01317	0.01488	0.00374	0.01548
3	0.01771	0.00781	0.04112	0.05487	0.15044	0.05712	0.04050	0.04347	0.03209	0.02303	0.04193	0.31145	0.04747	0.00760	0.00493	0.00138	0.05043	0.00665	0.00297	0.05703
4	0.03607	0.00827	0.02823	0.07280	0.05290	0.04367	0.01849	0.16080	0.03436	0.03477	0.01480	0.04890	0.15133	0.02134	0.02853	0.00134	0.02451	0.00453	0.00300	0.21136
5	0.03508	0.03392	0.04286	0.02381	0.11957	0.02847	0.02972	0.16521	0.04066	0.08334	0.01013	0.04490	0.02782	0.01728	0.03197	0.00142	0.11501	0.00390	0.00288	0.14207
6	0.00961	0.00951	0.04743	0.15346	0.31704	0.04981	0.10694	0.05109	0.03281	0.03474	0.03320	0.03562	0.01918	0.06446	0.00546	0.00147	0.01610	0.00427	0.00238	0.00542
7	0.00777	0.06422	0.00866	0.02066	0.05514	0.08469	0.02729	0.03194	0.01875	0.01051	0.01359	0.12474	0.03649	0.17756	0.17081	0.02064	0.01848	0.10148	0.00267	0.00390
8	0.23419	0.00860	0.00873	0.03155	0.03628	0.05785	0.01872	0.17814	0.05973	0.06154	0.01283	0.02299	0.10587	0.00543	0.01645	0.00126	0.00379	0.00387	0.02924	0.10294
9	0.34426	0.03475	0.12146	0.05334	0.08089	0.03885	0.04994	0.04059	0.00881	0.11707	0.00866	0.04248	0.00692	0.00450	0.00362	0.00128	0.01537	0.01930	0.00269	0.00522
10	0.68366	0.02253	0.00712	0.00620	0.00866	0.08889	0.00501	0.01350	0.10567	0.01713	0.00701	0.00769	0.00545	0.00401	0.00282	0.00124	0.00357	0.00252	0.00265	0.00468
11	0.00819	0.00691	0.00819	0.00619	0.00947	0.00532	0.00502	0.01000	0.00852	0.01309	0.00893	0.01290	0.00809	0.00399	0.00332	0.00075	0.00309	0.09885	0.00256	0.77663
12	0.00961	0.00800	0.01159	0.01067	0.06480	0.01010	0.03194	0.01081	0.00749	0.10954	0.01834	0.07847	0.00885	0.00738	0.02043	0.00170	0.53916	0.03390	0.01246	0.00476
13	0.69426	0.02418	0.00760	0.10711	0.01080	0.06523	0.01625	0.01204	0.00742	0.01648	0.00591	0.00720	0.00461	0.00382	0.00281	0.00125	0.00376	0.00243	0.00238	0.00446
14	0.00557	0.00591	0.10511	0.00686	0.02825	0.00438	0.00538	0.00684	0.00798	0.01088	0.05042	0.65560	0.03200	0.03433	0.00553	0.00164	0.01636	0.00984	0.00343	0.00372
15	0.88607	0.00785	0.00596	0.00534	0.00785	0.00910	0.00439	0.01193	0.00690	0.01820	0.00565	0.00659	0.00439	0.00377	0.00251	0.00126	0.00314	0.00220	0.00251	0.00439
16	0.01101	0.82707	0.02088	0.00708	0.01050	0.04824	0.00698	0.01231	0.00837	0.00956	0.00567	0.00654	0.00521	0.00350	0.00264	0.00087	0.00445	0.00219	0.00175	0.00519
17	0.00841	0.00721	0.00841	0.00601	0.00961	0.00541	0.00481	0.01022	0.00841	0.01322	0.00721	0.00841	0.00601	0.00300	0.00300	0.00060	0.00300	0.00240	0.00240	0.88222
18	0.01170	0.50676	0.10085	0.00842	0.01168	0.25249	0.00796	0.01340	0.01995	0.01010	0.00642	0.02171	0.00567	0.00390	0.00310	0.00098	0.00531	0.00257	0.00190	0.00512
19	0.01098	0.83514	0.02100	0.00701	0.01048	0.01595	0.00696	0.03565	0.00856	0.01001	0.00576	0.00660	0.00526	0.00351	0.00265	0.00088	0.00434	0.00221	0.00180	0.00526
20	0.00920	0.03270	0.02891	0.26022	0.23856	0.10874	0.02022	0.01226	0.09190	0.01179	0.00994	0.10274	0.00891	0.00612	0.03918	0.00151	0.00515	0.00445	0.00236	0.00514
21	0.01231	0.01054	0.01104	0.08458	0.05845	0.11035	0.00759	0.36859	0.13307	0.01786	0.01015	0.01210	0.00813	0.09092	0.01724	0.00159	0.03258	0.00389	0.00325	0.00575
22	0.00502	0.00359	0.00480	0.00574	0.00601	0.00336	0.00390	0.00578	0.00784	0.01044	0.02232	0.81513	0.02666	0.01264	0.00520	0.00166	0.00242	0.05040	0.00376	0.00332
23	0.00856	0.00867	0.01209	0.74704	0.02609	0.10903	0.01086	0.01107	0.00852	0.01031	0.00710	0.01040	0.00539	0.00407	0.00401	0.00132	0.00564	0.00349	0.00184	0.00453
24	0.00977	0.11152	0.01596	0.07289	0.61976	0.02436	0.01108	0.01196	0.00909	0.01243	0.00933	0.01134	0.05502	0.00403	0.00389	0.00118	0.00468	0.00372	0.00207	0.00595
25	0.00570	0.00425	0.00526	0.00502	0.00607	0.00389	0.00376	0.02318	0.01098	0.01508	0.61317	0.07854	0.19230	0.00887	0.00480	0.00131	0.00202	0.00774	0.00428	0.00378
26	0.00814	0.02099	0.83640	0.01156	0.01756	0.00942	0.01499	0.01285	0.00857	0.01285	0.00728	0.00857	0.00514	0.00385	0.00385	0.00128	0.00600	0.00300	0.00171	0.00600
27	0.00768	0.00712	0.03337	0.08189	0.27373	0.00681	0.03143	0.02904	0.03381	0.01360	0.21437	0.06888	0.12678	0.00668	0.00448	0.00133	0.00363	0.04734	0.00312	0.00489
28	0.01069	0.24913	0.35750	0.01056	0.03064	0.21319	0.05019	0.01347	0.00925	0.01125	0.00664	0.00785	0.00525	0.00380	0.00351	0.00112	0.00588	0.00278	0.00183	0.00545
29	0.00554	0.00407	0.00520	0.00506	0.00598	0.00372	0.00374	0.00722	0.01080	0.01499	0.64810	0.13034	0.12206	0.00904	0.00483	0.00133	0.00198	0.00797	0.00431	0.00372
30	0.00516	0.00380	0.00487	0.00556	0.00612	0.00351	0.00398	0.00613	0.00845	0.01106	0.07871	0.56672	0.16396	0.01183	0.00514	0.00160	0.00244	0.10373	0.00381	0.00340
31	0.00495	0.00405	0.00437	0.00443	0.00561	0.00347	0.00327	0.00606	0.00938	0.01163	0.14971	0.13586	0.62254	0.01029	0.00484	0.00139	0.00207	0.00875	0.00387	0.00347
32	0.00921	0.00756	0.02518	0.00671	0.02935	0.00574	0.00531	0.01129	0.02764	0.07374	0.00809	0.00901	0.00645	0.00324	0.00315	0.00070	0.00314	0.00262	0.00261	0.75927
33	0.00956	0.01002	0.05541	0.13714	0.56915	0.00963	0.12491	0.01226	0.00910	0.01280	0.00764	0.01021	0.00619	0.00366	0.00412	0.00125	0.00524	0.00375	0.00197	0.00601
34	0.00853	0.00644	0.00970	0.07402	0.27818	0.00626	0.00743	0.01028	0.00945	0.11114	0.08720	0.12547	0.19089	0.00720	0.00449	0.00136	0.00349	0.05027	0.00325	0.00494
35	0.00608	0.00445	0.00604	0.00658	0.00751	0.00441	0.00549	0.00777	0.00923	0.01220	0.13717	0.07217	0.11116	0.01306	0.10584	0.00228	0.00410	0.47710	0.00366	0.00368
36	0.00789	0.00766	0.01358	0.74783	0.02713	0.00916	0.10816	0.01068	0.00829	0.01068	0.00733	0.01083	0.00550	0.00398	0.00414	0.00135	0.00558	0.00375	0.00183	0.00462
37	0.00950	0.34508	0.35869	0.00903	0.01326	0.03409	0.01011	0.01347	0.10676	0.01214	0.04635	0.00954	0.00759	0.00412	0.00344	0.00113	0.00486	0.00306	0.00215	0.00560
38	0.00826	0.00815	0.03555	0.44013	0.31697	0.00869	0.01097	0.01075	0.00868	0.01161	0.02067	0.01325	0.08023	0.00450	0.00411	0.00130	0.00487	0.00408	0.00208	0.00514
39	0.01530	0.00696	0.00895	0.00724	0.00991	0.00651	0.00583	0.08382	0.08676	0.57168	0.03810	0.11512	0.01277	0.00607	0.00423	0.00131	0.00334	0.00507	0.00469	0.00634

[dist]
# distance from previous block
# <min> <max>
0	1

[block]
# block no. 1 follows, 66 sequences, length 70
# corresponding to MSA columns:
# 86-155
name=unknown_B
#
# <colnr> <probs for GDERKNQSTAVLIFYWHMCP>
#	G	D	E	R	K	N	Q	S	T	A	V	L	I	F	Y	W	H	M	C	P
0	0.01039	0.03970	0.11008	0.00968	0.09936	0.01980	0.02439	0.02410	0.19919	0.17515	0.06693	0.02663	0.07925	0.00800	0.08731	0.00181	0.00453	0.00464	0.00342	0.00565
1	0.00784	0.02868	0.65579	0.04333	0.01619	0.00872	0.02584	0.01200	0.01815	0.01278	0.06678	0.02263	0.03098	0.02773	0.00443	0.00136	0.00543	0.00371	0.00205	0.00557
2	0.00943	0.00895	0.01463	0.02130	0.66683	0.02127	0.01101	0.01159	0.00917	0.01303	0.06648	0.05920	0.00984	0.01352	0.00475	0.00129	0.04520	0.00433	0.00228	0.00590
3	0.00756	0.00378	0.00378	0.00378	0.00473	0.00378	0.00284	0.00945	0.00851	0.01513	0.01324	0.01513	0.01040	0.00473	0.00284	0.00095	0.00189	0.00378	0.87994	0.00378
4	0.00857	0.00764	0.03933	0.00946	0.12639	0.03280	0.01929	0.07252	0.12991	0.03703	0.21731	0.05271	0.11442	0.05146	0.00553	0.00143	0.03320	0.00563	0.00346	0.03191
5	0.01025	0.11325	0.15582	0.01184	0.16976	0.04021	0.05826	0.04331	0.03076	0.09609	0.02201	0.08067	0.00885	0.00472	0.00385	0.00115	0.00447	0.01368	0.00263	0.12841
6	0.00818	0.01888	0.71087	0.01135	0.01677	0.00901	0.06569	0.01248	0.00868	0.02281	0.03983	0.01029	0.00691	0.03542	0.00457	0.00139	0.00578	0.00340	0.00191	0.00576
7	0.00679	0.00557	0.00613	0.00572	0.00683	0.05928	0.00427	0.00947	0.08982	0.01547	0.65359	0.02713	0.03235	0.05324	0.00550	0.00141	0.00250	0.00668	0.00417	0.00406
8	0.01012	0.01346	0.31245	0.03790	0.23359	0.03280	0.09372	0.02398	0.03723	0.10623	0.00956	0.05403	0.00755	0.00442	0.00410	0.00128	0.00520	0.00398	0.00243	0.00597
9	0.01282	0.16569	0.18364	0.01960	0.03784	0.03426	0.06639	0.01516	0.00990	0.32848	0.03397	0.01104	0.00814	0.00435	0.00391	0.00117	0.01666	0.00352	0.00314	0.04031
10	0.00581	0.00390	0.00445	0.00454	0.00456	0.00387	0.00258	0.00588	0.00607	0.00810	0.01367	0.10337	0.01587	0.77907	0.01922	0.00372	0.00379	0.00642	0.00258	0.00254
11	0.03600	0.01346	0.22170	0.01021	0.02805	0.14427	0.06234	0.09768	0.14387	0.05706	0.04208	0.04550	0.00909	0.00532	0.01342	0.00135	0.05616	0.00399	0.00283	0.00561
12	0.01051	0.09150	0.32605	0.02427	0.20143	0.12659	0.06632	0.05565	0.01925	0.03038	0.00756	0.00898	0.00580	0.00388	0.00384	0.00120	0.00565	0.00321	0.00208	0.00586
13	0.00756	0.00378	0.00378	0.00378	0.00473	0.00378	0.00284	0.00945	0.00851	0.01513	0.01324	0.01513	0.01040	0.00473	0.00284	0.00095	0.00189	0.00378	0.87994	0.00378
14	0.05889	0.00451	0.00496	0.06378	0.00700	0.00463	0.00378	0.01043	0.00868	0.07866	0.02556	0.01447	0.01012	0.00470	0.00303	0.00102	0.00233	0.00376	0.68557	0.00411
15	0.00934	0.00884	0.01506	0.12062	0.58261	0.00902	0.05743	0.03173	0.00927	0.01298	0.02080	0.08642	0.00859	0.00457	0.00418	0.00127	0.00473	0.00445	0.00223	0.00583
16	0.04081	0.16172	0.21874	0.01092	0.06592	0.17718	0.07612	0.05971	0.04748	0.08283	0.01721	0.00924	0.00652	0.00408	0.00369	0.00116	0.00540	0.00319	0.00242	0.00565
17	0.01336	0.01119	0.02652	0.00966	0.03417	0.15723	0.03785	0.32294	0.05993	0.11077	0.00982	0.01083	0.00745	0.01921	0.06441	0.03268	0.05927	0.00367	0.00327	0.00577
18	0.43019	0.01064	0.00931	0.00808	0.03229	0.12474	0.01887	0.26125	0.04020	0.01908	0.00747	0.00812	0.00564	0.00421	0.00328	0.00122	0.00423	0.00286	0.00297	0.00535
19	0.00533	0.00382	0.00487	0.00522	0.00579	0.00357	0.00363	0.00619	0.00851	0.01138	0.20587	0.39955	0.15174	0.06767	0.04240	0.05581	0.00275	0.00895	0.00365	0.00330
20	0.00706	0.00471	0.00616	0.04797	0.02890	0.00470	0.00453	0.05265	0.00828	0.06325	0.02802	0.38855	0.01924	0.23457	0.00938	0.02745	0.00328	0.05435	0.00332	0.00364
21	0.00714	0.00541	0.00685	0.00742	0.00838	0.03767	0.00630	0.00878	0.00916	0.03311	0.02053	0.06755	0.05544	0.04040	0.00633	0.00186	0.04374	0.62654	0.00357	0.00382
22	0.03701	0.00536	0.00638	0.00566	0.00718	0.00516	0.00434	0.06653	0.05864	0.06967	0.47835	0.02544	0.11264	0.03196	0.00516	0.01916	0.00247	0.00629	0.00410	0.04850
23	0.00637	0.00423	0.00514	0.00501	0.00569	0.00404	0.00342	0.00739	0.01820	0.05497	0.24992	0.09160	0.11316	0.35255	0.04689	0.00262	0.00329	0.01871	0.00344	0.00337
24	0.01072	0.02671	0.01362	0.03251	0.43889	0.04461	0.01974	0.09778	0.13581	0.04114	0.01072	0.01419	0.00904	0.00484	0.00416	0.00129	0.00452	0.08081	0.00281	0.00609
25	0.00756	0.00378	0.00378	0.00378	0.00473	0.00378	0.00284	0.00945	0.00851	0.01513	0.01324	0.01513	0.01040	0.00473	0.00284	0.00095	0.00189	0.00378	0.87994	0.00378
26	0.00779	0.00748	0.01317	0.67577	0.03815	0.00881	0.10734	0.01052	0.00854	0.01114	0.06546	0.01220	0.00784	0.00427	0.00419	0.00135	0.00532	0.00401	0.00202	0.00460
27	0.02265	0.13587	0.16597	0.02668	0.34297	0.09476	0.03272	0.04491	0.03580	0.01298	0.01995	0.00938	0.00653	0.00386	0.00374	0.00115	0.00510	0.00326	0.00213	0.02960
28	0.00909	0.07589	0.45790	0.01244	0.01735	0.00984	0.25367	0.01309	0.02556	0.04180	0.03055	0.01005	0.00669	0.00388	0.00408	0.00127	0.00584	0.00366	0.00206	0.01529
29	0.04603	0.01700	0.01056	0.00970	0.01165	0.69906	0.00726	0.01523	0.03870	0.01069	0.03138	0.06809	0.00791	0.00493	0.00377	0.00111	0.00652	0.00343	0.00236	0.00463
30	0.02548	0.07164	0.04269	0.01060	0.08125	0.09586	0.08687	0.23163	0.09313	0.14176	0.01046	0.01166	0.00797	0.06472	0.00513	0.00140	0.00473	0.00382	0.00325	0.00594
31	0.03730	0.04030	0.08369	0.05075	0.13931	0.03858	0.03130	0.02635	0.00980	0.30098	0.02932	0.06843	0.04679	0.00546	0.00482	0.00131	0.07204	0.00445	0.00330	0.00572
32	0.00597	0.00460	0.00685	0.00797	0.06557	0.00447	0.03699	0.00723	0.00829	0.01108	0.01995	0.49566	0.02282	0.02741	0.03494	0.00188	0.00341	0.22772	0.00349	0.00372
33	0.00998	0.00990	0.01479	0.05911	0.57194	0.09163	0.04811	0.01221	0.02398	0.01237	0.00830	0.04324	0.00728	0.00521	0.02637	0.03866	0.00517	0.00391	0.00211	0.00573
34	0.03415	0.25343	0.22080	0.02439	0.02583	0.09158	0.00905	0.10460	0.09448	0.07803	0.00884	0.02260	0.00685	0.00429	0.00354	0.00115	0.00483	0.00319	0.00259	0.00576
35	0.00756	0.00378	0.00378	0.00378	0.00473	0.00378	0.00284	0.00945	0.00851	0.01513	0.01324	0.01513	0.01040	0.00473	0.00284	0.00095	0.00189	0.00378	0.87994	0.00378
36	0.00579	0.00402	0.00522	0.00587	0.00647	0.00385	0.00426	0.02533	0.00843	0.02784	0.02252	0.58207	0.08538	0.01231	0.03416	0.00178	0.00288	0.12366	0.03460	0.00355
37	0.06940	0.00988	0.14895	0.05526	0.05319	0.00837	0.00798	0.05606	0.25278	0.16999	0.02614	0.08240	0.02155	0.00558	0.00407	0.00134	0.00389	0.01380	0.00351	0.00586
38	0.01010	0.01780	0.04523	0.17144	0.35296	0.07123	0.05779	0.09113	0.01931	0.01327	0.00807	0.03048	0.00672	0.00508	0.02855	0.00143	0.05776	0.00379	0.00222	0.00563
39	0.00757	0.00467	0.00577	0.00570	0.00587	0.06276	0.00389	0.00613	0.00577	0.00734	0.00713	0.01211	0.00703	0.01399	0.04537	0.78751	0.00406	0.00349	0.00180	0.00204
40	0.00597	0.00444	0.00633	0.06541	0.00798	0.00500	0.00485	0.00713	0.00660	0.00919	0.01171	0.03241	0.01181	0.24801	0.51791	0.00521	0.00822	0.03613	0.00231	0.00337
41	0.01059	0.04514	0.07180	0.08671	0.07576	0.21060	0.14320	0.02518	0.03137	0.04061	0.03157	0.01070	0.00736	0.00684	0.08096	0.00175	0.09490	0.00368	0.01625	0.00505
42	0.01321	0.39892	0.01591	0.00887	0.01158	0.46852	0.00743	0.01437	0.01003	0.00976	0.00599	0.00695	0.00522	0.00386	0.00318	0.00097	0.00597	0.00241	0.00193	0.00493
43	0.00901	0.09711	0.47412	0.01217	0.10352	0.00963	0.07501	0.02659	0.00889	0.02387	0.00738	0.00878	0.00557	0.00368	0.00372	0.00115	0.00533	0.00307	0.00195	0.11942
44	0.01004	0.29711	0.31127	0.01105	0.05787	0.03751	0.12283	0.01305	0.01840	0.05395	0.02657	0.00910	0.00648	0.00385	0.00361	0.00115	0.00528	0.00317	0.00206	0.00564
45	0.00583	0.00393	0.00455	0.00457	0.00468	0.00389	0.00268	0.00607	0.00660	0.00890	0.09984	0.07353	0.01792	0.72001	0.01810	0.00352	0.00363	0.00637	0.00274	0.00265
46	0.00861	0.00874	0.04392	0.16669	0.40349	0.02358	0.07687	0.01089	0.00901	0.01221	0.03865	0.01489	0.11927	0.00540	0.01608	0.02489	0.00476	0.00447	0.00228	0.00530
47	0.01085	0.13348	0.27285	0.01382	0.20111	0.08667	0.08162	0.04523	0.00972	0.08317	0.00817	0.00973	0.00629	0.00398	0.00383	0.00120	0.00538	0.01475	0.00225	0.00590
48	0.00831	0.08748	0.42613	0.07016	0.07117	0.00929	0.11194	0.02209	0.00878	0.01231	0.01842	0.07537	0.04010	0.01587	0.00426	0.00132	0.00532	0.00420	0.00209	0.00542
49	0.00737	0.00384	0.00394	0.00396	0.00493	0.00380	0.00301	0.00923	0.00865	0.01488	0.03590	0.01758	0.04368	0.00528	0.00307	0.00100	0.00197	0.03353	0.79063	0.00377
50	0.01017	0.00905	0.01210	0.10415	0.22090	0.01004	0.03840	0.07403	0.44266	0.01577	0.01247	0.01284	0.00950	0.00475	0.00411	0.00132	0.00408	0.00418	0.00326	0.00621
51	0.00889	0.06441	0.43687	0.02254	0.13203	0.02183	0.19291	0.01256	0.00887	0.01258	0.00814	0.02113	0.01890	0.00398	0.00418	0.00128	0.01762	0.00365	0.00190	0.00576
52	0.00786	0.02619	0.44968	0.01138	0.02797	0.00840	0.18531	0.01139	0.00888	0.01245	0.02282	0.03155	0.12235	0.02081	0.00458	0.00138	0.00535	0.03411	0.00224	0.00529
53	0.00580	0.00435	0.00652	0.00652	0.00724	0.00507	0.00507	0.00724	0.00652	0.00942	0.01087	0.01594	0.01014	0.03043	0.84134	0.00652	0.01087	0.00435	0.00217	0.00362
54	0.00493	0.00357	0.00467	0.00554	0.00586	0.00330	0.00372	0.00566	0.00787	0.01040	0.02369	0.79714	0.08361	0.01254	0.00515	0.00163	0.00233	0.01132	0.00377	0.00330
55	0.01101	0.10060	0.20625	0.04377	0.18888	0.07475	0.15125	0.01393	0.02161	0.12647	0.00878	0.01032	0.00661	0.00399	0.00397	0.00123	0.00538	0.01292	0.00239	0.00587
56	0.00817	0.05499	0.66603	0.01157	0.02791	0.00935	0.07817	0.01232	0.00859	0.01255	0.00835	0.06847	0.00677	0.00443	0.00397	0.00130	0.00572	0.00372	0.00189	0.00573
57	0.00766	0.00721	0.01217	0.84767	0.02794	0.00901	0.01127	0.01037	0.00811	0.01037	0.00721	0.01082	0.00541	0.00406	0.00406	0.00135	0.00541	0.00361	0.00180	0.00451
58	0.01497	0.01065	0.01196	0.03399	0.05782	0.02306	0.00782	0.61516	0.05318	0.11410	0.01050	0.01045	0.00740	0.00481	0.00406	0.00123	0.00438	0.00372	0.00396	0.00675
59	0.00852	0.09145	0.53878	0.01144	0.04439	0.02181	0.07632	0.01209	0.00839	0.01202	0.00811	0.01026	0.02403	0.04947	0.00540	0.00143	0.06533	0.00340	0.00185	0.00553
60	0.00582	0.00426	0.00608	0.00608	0.00666	0.00483	0.00453	0.00696	0.00639	0.00909	0.01127	0.01815	0.01110	0.20295	0.67013	0.00598	0.00942	0.00467	0.00223	0.00338
61	0.00766	0.00721	0.01217	0.84767	0.02794	0.00901	0.01127	0.01037	0.00811	0.01037	0.00721	0.01082	0.00541	0.00406	0.00406	0.00135	0.00541	0.00361	0.00180	0.00451
62	0.00858	0.00742	0.01179	0.52431	0.08865	0.00857	0.03871	0.06461	0.04106	0.04104	0.01035	0.09570	0.02158	0.00519	0.00423	0.00137	0.00482	0.01473	0.00243	0.00487
63	0.01018	0.00876	0.00923	0.00828	0.01059	0.01013	0.00644	0.03537	0.81081	0.01712	0.01640	0.01504	0.01229	0.00549	0.00413	0.00137	0.00323	0.00457	0.00413	0.00643
64	0.79316	0.00817	0.00687	0.00684	0.06621	0.02423	0.00505	0.01218	0.00724	0.03198	0.00598	0.00697	0.00465	0.00378	0.00267	0.00125	0.00334	0.00234	0.00251	0.00459
65	0.00569	0.06515	0.02668	0.00564	0.03861	0.00476	0.00422	0.00699	0.00938	0.01183	0.16763	0.12118	0.49925	0.00930	0.00463	0.00134	0.00243	0.00789	0.00362	0.00379
66	0.10072	0.00854	0.01999	0.03907	0.14208	0.02036	0.01747	0.10791	0.09007	0.03445	0.02699	0.01076	0.00776	0.01891	0.00383	0.00107	0.00375	0.01245	0.00280	0.33102
67	0.01029	0.00931	0.01535	0.03352	0.60491	0.02062	0.06311	0.05485	0.00986	0.04854	0.04120	0.01946	0.00817	0.00507	0.03687	0.00143	0.00501	0.00395	0.00237	0.00611
68	0.03375	0.01047	0.06070	0.06903	0.47184	0.06691	0.03161	0.02179	0.08190	0.03229	0.00843	0.01016	0.00673	0.00386	0.00390	0.00118	0.00478	0.00350	0.00231	0.07485
69	0.03260	0.02031	0.03036	0.02557	0.08879	0.00798	0.11740	0.09580	0.02665	0.03664	0.02609	0.14291	0.10830	0.04981	0.04551	0.00178	0.11080	0.01539	0.00290	0.01441

[dist]
# distance from previous block
# <min> <max>
0	20

# created by:
# /st0/software/busco_prod/Augustus/scripts/msa2prfl.pl ./align_prep/133543.fa
