[name]
unknown

[dist]
# distance from previous block
# <min> <max>
14	71

[block]
# block no. 0 follows, 60 sequences, length 61
# corresponding to MSA columns:
# 80-140
name=unknown_A
#
# <colnr> <probs for GDERKNQSTAVLIFYWHMCP>
#	G	D	E	R	K	N	Q	S	T	A	V	L	I	F	Y	W	H	M	C	P
0	0.03862	0.05533	0.01436	0.07096	0.24013	0.05525	0.09935	0.06964	0.08439	0.07259	0.07835	0.03090	0.04485	0.00537	0.00444	0.00136	0.00479	0.02020	0.00312	0.00599
1	0.10896	0.01522	0.37258	0.04649	0.07950	0.00986	0.09689	0.08812	0.01041	0.01591	0.05378	0.01136	0.01975	0.00450	0.00415	0.00134	0.00544	0.00379	0.00248	0.04948
2	0.01125	0.01050	0.01685	0.06112	0.63149	0.02684	0.04187	0.06484	0.04043	0.02736	0.00881	0.01103	0.00715	0.00409	0.00434	0.00130	0.00521	0.00394	0.00243	0.01916
3	0.00754	0.00381	0.00571	0.00571	0.00573	0.00383	0.00383	0.00573	0.00571	0.00764	0.00768	0.01335	0.00766	0.01558	0.03683	0.85201	0.00398	0.00381	0.00190	0.00194
4	0.01188	0.81071	0.02237	0.00764	0.01130	0.05512	0.00751	0.01326	0.00903	0.01028	0.00610	0.00704	0.00560	0.00377	0.00285	0.00094	0.00481	0.00235	0.00188	0.00557
5	0.00532	0.00395	0.00496	0.00572	0.00625	0.00359	0.00390	0.00620	0.00883	0.01151	0.05937	0.65143	0.18717	0.01295	0.00547	0.00170	0.00245	0.01158	0.00408	0.00359
6	0.00598	0.00435	0.00583	0.00622	0.00689	0.00435	0.00461	0.00721	0.00876	0.01183	0.13204	0.27391	0.09839	0.08178	0.20642	0.01663	0.00500	0.11252	0.00359	0.00369
7	0.01611	0.00995	0.01129	0.00891	0.01208	0.01052	0.00728	0.40866	0.14308	0.26243	0.03083	0.01332	0.01018	0.00547	0.00436	0.00134	0.00413	0.00431	0.02858	0.00717
8	0.29078	0.00831	0.00930	0.00739	0.01056	0.00833	0.00610	0.11203	0.01184	0.47358	0.01288	0.01187	0.00847	0.00495	0.00385	0.00134	0.00373	0.00369	0.00442	0.00657
9	0.00609	0.00443	0.00573	0.00545	0.00648	0.00407	0.00407	0.00805	0.01208	0.01697	0.74963	0.06174	0.08044	0.00919	0.00516	0.00139	0.00208	0.00811	0.00474	0.00407
10	0.02880	0.00488	0.00543	0.00522	0.00639	0.00495	0.02063	0.06821	0.00982	0.01617	0.01547	0.16941	0.01394	0.00663	0.00365	0.00120	0.00247	0.00559	0.60688	0.00427
11	0.00552	0.00408	0.00516	0.00564	0.00631	0.00372	0.00395	0.00669	0.00969	0.01295	0.24121	0.49353	0.16163	0.01195	0.00539	0.00161	0.00235	0.01066	0.00425	0.00372
12	0.00883	0.02201	0.78331	0.01274	0.01908	0.01017	0.05637	0.01382	0.00926	0.01382	0.00788	0.00934	0.00558	0.00412	0.00419	0.00139	0.00649	0.00332	0.00186	0.00642
13	0.00824	0.00775	0.01308	0.83624	0.03004	0.00969	0.01211	0.01114	0.00872	0.01114	0.00775	0.01163	0.00581	0.00436	0.00436	0.00145	0.00581	0.00388	0.00194	0.00484
14	0.00866	0.02324	0.01170	0.05257	0.22210	0.02815	0.00864	0.01044	0.03063	0.01213	0.02451	0.26752	0.01398	0.00814	0.00747	0.00161	0.23854	0.00653	0.01842	0.00501
15	0.00904	0.00775	0.00904	0.00646	0.01034	0.00581	0.00517	0.01098	0.00904	0.01421	0.00775	0.00904	0.00646	0.00323	0.00323	0.00065	0.00323	0.00258	0.00258	0.87339
16	0.00586	0.00454	0.00534	0.00515	0.00637	0.00408	0.00386	0.00774	0.02911	0.01512	0.47697	0.05187	0.34859	0.00979	0.00514	0.00142	0.00216	0.00843	0.00448	0.00399
17	0.00559	0.00450	0.00499	0.00495	0.00623	0.00397	0.00368	0.00720	0.03024	0.01345	0.25347	0.10327	0.52192	0.01055	0.00517	0.00147	0.00222	0.00900	0.00427	0.00387
18	0.01195	0.00997	0.03168	0.00889	0.01164	0.01081	0.00720	0.21302	0.51363	0.03792	0.03876	0.01648	0.05624	0.00605	0.00447	0.00143	0.00376	0.00494	0.00436	0.00678
19	0.00999	0.00924	0.01498	0.16733	0.39004	0.00900	0.06607	0.01252	0.00955	0.02834	0.00821	0.01062	0.00664	0.00381	0.00409	0.00116	0.00490	0.00363	0.00229	0.23758
20	0.01099	0.10927	0.18818	0.00901	0.03252	0.00946	0.00857	0.12387	0.03701	0.05814	0.00879	0.00962	0.00675	0.00398	0.00366	0.00101	0.00439	0.00308	0.00279	0.36891
21	0.00650	0.00472	0.00641	0.00745	0.03525	0.00465	0.00542	0.02528	0.00912	0.01212	0.03655	0.39582	0.02474	0.09509	0.03001	0.00221	0.00361	0.28740	0.00381	0.00384
22	0.03037	0.04790	0.06044	0.01110	0.03757	0.37494	0.06494	0.06240	0.17650	0.02406	0.03300	0.03831	0.00922	0.00513	0.00420	0.00128	0.00598	0.00398	0.00295	0.00574
23	0.06302	0.28502	0.36910	0.01027	0.04082	0.01202	0.02063	0.02534	0.01934	0.04015	0.00765	0.00873	0.00593	0.00400	0.00359	0.00118	0.00526	0.00295	0.00216	0.07284
24	0.00587	0.00475	0.00525	0.00558	0.00658	0.02047	0.00407	0.00729	0.03492	0.01199	0.07226	0.28765	0.38647	0.05449	0.00618	0.00174	0.00271	0.07398	0.00399	0.00376
25	0.00899	0.02085	0.69801	0.01337	0.01950	0.01027	0.14052	0.01384	0.00938	0.01384	0.00798	0.00961	0.00570	0.00407	0.00430	0.00140	0.00659	0.00353	0.00190	0.00636
26	0.01088	0.01002	0.08804	0.06205	0.29733	0.00888	0.08673	0.04350	0.06398	0.11902	0.06650	0.07870	0.03357	0.00559	0.00458	0.00140	0.00473	0.00516	0.00315	0.00620
27	0.01108	0.08031	0.10491	0.14801	0.34745	0.12024	0.07844	0.03448	0.01021	0.01324	0.00784	0.01013	0.00630	0.00408	0.00420	0.00129	0.00591	0.00365	0.00214	0.00611
28	0.00649	0.00466	0.00592	0.00582	0.00630	0.00493	0.00402	0.00768	0.02989	0.01094	0.15788	0.02586	0.01897	0.41822	0.23694	0.00430	0.02306	0.02169	0.00301	0.00344
29	0.01049	0.05614	0.03231	0.01678	0.23363	0.02953	0.28338	0.05884	0.01035	0.03294	0.03082	0.01385	0.00891	0.02393	0.08075	0.00197	0.03217	0.03482	0.00252	0.00586
30	0.02679	0.10646	0.19996	0.01523	0.22221	0.13419	0.07664	0.06414	0.03669	0.03744	0.00867	0.02620	0.00696	0.00444	0.00425	0.00129	0.01610	0.00370	0.00242	0.00621
31	0.00641	0.00464	0.00655	0.00707	0.00780	0.00466	0.02123	0.00774	0.00871	0.02402	0.02130	0.36713	0.04651	0.05034	0.13705	0.00276	0.01582	0.25277	0.00366	0.00384
32	0.00557	0.00415	0.00582	0.00645	0.00690	0.00388	0.03311	0.00644	0.00842	0.01118	0.02364	0.73936	0.05112	0.04849	0.00625	0.00186	0.00280	0.02704	0.00392	0.00360
33	0.01146	0.08911	0.03308	0.05859	0.14086	0.10923	0.10283	0.09893	0.01056	0.06489	0.00990	0.06709	0.00872	0.03380	0.02683	0.10582	0.01583	0.00443	0.00269	0.00534
34	0.01033	0.05052	0.11011	0.16817	0.14266	0.01066	0.25529	0.01500	0.13315	0.04573	0.00999	0.01189	0.00754	0.00430	0.00451	0.00140	0.00576	0.00430	0.00256	0.00612
35	0.00585	0.00469	0.00532	0.01989	0.00686	0.00426	0.00400	0.02240	0.03152	0.01341	0.20718	0.15285	0.47130	0.01061	0.00518	0.00150	0.00240	0.02266	0.00419	0.00394
36	0.00883	0.04492	0.80245	0.01230	0.01867	0.01032	0.01588	0.01379	0.00920	0.01372	0.00778	0.00915	0.00553	0.00413	0.00411	0.00137	0.00640	0.00320	0.00184	0.00642
37	0.00630	0.01877	0.00580	0.00566	0.00614	0.00480	0.00381	0.00732	0.03307	0.01027	0.05415	0.18047	0.07577	0.39789	0.15827	0.00376	0.01396	0.00733	0.00309	0.00338
38	0.00879	0.02230	0.80667	0.01274	0.03620	0.01013	0.01606	0.01380	0.00922	0.01382	0.00784	0.00924	0.00555	0.00414	0.00415	0.00138	0.00642	0.00324	0.00185	0.00646
39	0.01322	0.01536	0.01401	0.13331	0.22232	0.44190	0.03208	0.01528	0.02688	0.01196	0.00797	0.01051	0.00667	0.00452	0.00419	0.00125	0.00668	0.02407	0.00227	0.00553
40	0.01658	0.01222	0.01309	0.01003	0.01353	0.01353	0.00829	0.80497	0.02051	0.02749	0.01047	0.01047	0.00742	0.00524	0.00436	0.00131	0.00480	0.00393	0.00436	0.00742
41	0.00697	0.00548	0.00762	0.00839	0.04977	0.00598	0.00605	0.02879	0.00866	0.01180	0.01891	0.39610	0.03495	0.02432	0.06713	0.02996	0.12099	0.16065	0.00344	0.00405
42	0.01011	0.00965	0.01629	0.02397	0.70545	0.00956	0.02801	0.01253	0.00988	0.01392	0.01178	0.04528	0.07450	0.00485	0.00445	0.00133	0.00488	0.00468	0.00239	0.00649
43	0.01559	0.01225	0.01199	0.00950	0.01257	0.10297	0.00771	0.62797	0.01832	0.02436	0.01048	0.01083	0.00764	0.00514	0.00417	0.00126	0.00483	0.00382	0.10184	0.00678
44	0.01270	0.62578	0.03484	0.00870	0.02211	0.21100	0.00793	0.01412	0.00972	0.01047	0.00628	0.00729	0.00562	0.00392	0.00311	0.00099	0.00547	0.00248	0.00196	0.00550
45	0.00860	0.00778	0.01047	0.00922	0.00940	0.01022	0.00731	0.01937	0.02670	0.01034	0.00948	0.01546	0.03692	0.19230	0.04346	0.04600	0.52593	0.00461	0.00225	0.00418
46	0.00883	0.04589	0.80152	0.01229	0.01866	0.01033	0.01587	0.01379	0.00920	0.01371	0.00778	0.00915	0.00553	0.00413	0.00411	0.00137	0.00640	0.00320	0.00184	0.00642
47	0.00551	0.00426	0.00523	0.02842	0.00700	0.00390	0.00418	0.00664	0.00939	0.01203	0.09859	0.40763	0.32087	0.01194	0.00537	0.00163	0.00255	0.05709	0.00405	0.00371
48	0.00937	0.00978	0.04195	0.47309	0.21185	0.03028	0.13652	0.01235	0.00935	0.01238	0.00800	0.01129	0.00618	0.00414	0.00446	0.00141	0.00598	0.00403	0.00204	0.00554
49	0.00907	0.00821	0.02581	0.07013	0.14875	0.01826	0.02752	0.02295	0.00895	0.03836	0.06012	0.10066	0.03563	0.00815	0.02721	0.00176	0.27810	0.07469	0.03065	0.00502
50	0.00863	0.01897	0.61903	0.01280	0.04862	0.00955	0.09706	0.01304	0.00943	0.01365	0.01147	0.01333	0.07688	0.00487	0.00439	0.00141	0.00607	0.02254	0.00214	0.00611
51	0.02151	0.01184	0.07332	0.14659	0.25564	0.14206	0.05649	0.04014	0.07038	0.03964	0.02026	0.08322	0.00932	0.00522	0.00441	0.00137	0.00546	0.00460	0.00267	0.00587
52	0.01055	0.51017	0.31151	0.00997	0.03132	0.01437	0.03317	0.01336	0.00905	0.01173	0.00682	0.00801	0.00563	0.00388	0.00338	0.00112	0.00539	0.00277	0.00187	0.00594
53	0.00912	0.00968	0.10248	0.07067	0.28798	0.00822	0.11789	0.01167	0.00975	0.04712	0.04638	0.16365	0.04835	0.00661	0.00479	0.00147	0.00481	0.04088	0.00286	0.00562
54	0.01013	0.00878	0.02299	0.07050	0.32275	0.03545	0.06117	0.05451	0.01074	0.07887	0.07352	0.09545	0.12355	0.00639	0.00466	0.00139	0.00445	0.00579	0.00315	0.00574
55	0.00932	0.01036	0.06364	0.16470	0.09153	0.00957	0.42100	0.01244	0.00979	0.02447	0.01192	0.07058	0.05305	0.00513	0.00491	0.00148	0.00610	0.02204	0.00244	0.00552
56	0.01376	0.00890	0.05626	0.02366	0.11514	0.02155	0.05172	0.07036	0.04549	0.35091	0.02635	0.06941	0.05411	0.02589	0.00502	0.00149	0.00427	0.04527	0.00409	0.00635
57	0.00978	0.06399	0.47698	0.05335	0.11824	0.04621	0.07850	0.02966	0.04366	0.01385	0.00884	0.01038	0.01865	0.00428	0.00421	0.00135	0.00607	0.00361	0.00213	0.00627
58	0.00859	0.02774	0.02903	0.01304	0.17211	0.00769	0.16092	0.07603	0.01030	0.01398	0.04285	0.34153	0.03881	0.00840	0.00503	0.00154	0.00432	0.02968	0.00327	0.00513
59	0.04318	0.02358	0.02448	0.00798	0.05808	0.00564	0.03110	0.03636	0.02374	0.02561	0.08416	0.38263	0.10900	0.04570	0.00582	0.00170	0.00325	0.06799	0.00374	0.01627
60	0.01098	0.05707	0.01661	0.02270	0.64590	0.02234	0.01193	0.03959	0.03291	0.03107	0.01023	0.02386	0.03439	0.00452	0.00430	0.00130	0.00495	0.01625	0.00246	0.00664

[dist]
# distance from previous block
# <min> <max>
4	11

[block]
# block no. 1 follows, 60 sequences, length 30
# corresponding to MSA columns:
# 153-182
name=unknown_B
#
# <colnr> <probs for GDERKNQSTAVLIFYWHMCP>
#	G	D	E	R	K	N	Q	S	T	A	V	L	I	F	Y	W	H	M	C	P
0	0.02822	0.04933	0.08842	0.01119	0.13129	0.00870	0.04040	0.11291	0.06507	0.19121	0.11247	0.04389	0.07115	0.00611	0.00449	0.00137	0.00415	0.01965	0.00381	0.00616
1	0.01967	0.00739	0.03538	0.00718	0.02410	0.04817	0.00566	0.04346	0.04685	0.18058	0.29552	0.02468	0.13633	0.04179	0.00555	0.00147	0.01491	0.01525	0.00425	0.04182
2	0.07498	0.00838	0.00905	0.00778	0.01011	0.02518	0.00610	0.26792	0.09571	0.08592	0.03233	0.21016	0.07099	0.00765	0.00455	0.00142	0.00366	0.01652	0.00409	0.05749
3	0.01003	0.00956	0.01458	0.05295	0.28649	0.03818	0.13576	0.04761	0.14839	0.01487	0.05226	0.08638	0.05470	0.00585	0.00486	0.00142	0.02169	0.00544	0.00303	0.00597
4	0.00940	0.05051	0.04852	0.03098	0.05487	0.00994	0.54680	0.01251	0.01008	0.01346	0.03002	0.03998	0.11162	0.00506	0.00496	0.00144	0.00616	0.00565	0.00251	0.00553
5	0.01063	0.00924	0.00970	0.03639	0.01159	0.02986	0.00679	0.04697	0.64967	0.01735	0.01726	0.01687	0.03895	0.04345	0.00520	0.00156	0.00367	0.00493	0.00414	0.03578
6	0.12507	0.00732	0.00906	0.04427	0.01095	0.00701	0.00615	0.04361	0.04981	0.45542	0.06949	0.05210	0.04142	0.00607	0.00430	0.00137	0.00356	0.02301	0.00455	0.03547
7	0.03950	0.01168	0.04298	0.05391	0.02195	0.01105	0.67669	0.03679	0.01030	0.01432	0.00862	0.01144	0.00649	0.00389	0.00524	0.00147	0.03072	0.00488	0.00226	0.00582
8	0.01148	0.79736	0.07324	0.00778	0.01168	0.01681	0.00801	0.01311	0.00888	0.01048	0.00617	0.00714	0.00559	0.00376	0.00288	0.00096	0.00478	0.00239	0.00186	0.00565
9	0.00623	0.00434	0.00537	0.00589	0.02924	0.00427	0.00360	0.00658	0.00724	0.00960	0.01782	0.21396	0.07118	0.48524	0.04894	0.04228	0.00401	0.02807	0.00303	0.00309
10	0.00807	0.01486	0.43733	0.01222	0.12380	0.00819	0.02713	0.01153	0.00951	0.01350	0.07039	0.07499	0.11385	0.03197	0.00508	0.00151	0.00505	0.02279	0.00261	0.00561
11	0.01166	0.84935	0.02285	0.00746	0.01119	0.01726	0.00746	0.01306	0.00886	0.01026	0.00606	0.00700	0.00560	0.00373	0.00280	0.00093	0.00466	0.00233	0.00187	0.00560
12	0.01578	0.01013	0.07447	0.01033	0.06801	0.04985	0.03487	0.14801	0.01300	0.41822	0.01458	0.03440	0.01076	0.00581	0.00453	0.00140	0.00454	0.07024	0.00431	0.00677
13	0.08856	0.00787	0.00810	0.00708	0.00890	0.07066	0.00552	0.18246	0.01116	0.08975	0.01110	0.01334	0.00888	0.02299	0.13563	0.11702	0.00513	0.00391	0.19704	0.00490
14	0.01059	0.04232	0.09577	0.02848	0.14349	0.09144	0.12008	0.06424	0.13645	0.02602	0.05047	0.05527	0.06104	0.00582	0.00484	0.00140	0.03065	0.02272	0.00303	0.00586
15	0.01090	0.07019	0.55083	0.03890	0.03208	0.03052	0.04762	0.01494	0.00982	0.14035	0.00921	0.01014	0.00644	0.00431	0.00415	0.00135	0.00594	0.00346	0.00244	0.00644
16	0.00917	0.02197	0.79215	0.01225	0.01857	0.00998	0.01573	0.01410	0.00934	0.04558	0.00820	0.00943	0.00573	0.00419	0.00415	0.00138	0.00634	0.00327	0.00198	0.00648
17	0.00594	0.00414	0.00556	0.03859	0.00724	0.00405	0.00431	0.00677	0.00818	0.02898	0.03208	0.63028	0.02505	0.12458	0.05060	0.00234	0.00338	0.01062	0.00373	0.00359
18	0.01337	0.02337	0.06599	0.03155	0.26005	0.14796	0.00984	0.12949	0.04813	0.14104	0.02380	0.04174	0.00940	0.00521	0.00435	0.00133	0.00518	0.02857	0.00323	0.00641
19	0.01307	0.01263	0.04352	0.04147	0.35980	0.15870	0.11286	0.09020	0.01163	0.10035	0.00916	0.01076	0.00702	0.00428	0.00436	0.00130	0.00581	0.00389	0.00272	0.00647
20	0.00631	0.00422	0.00481	0.00484	0.00487	0.00423	0.00274	0.00636	0.00642	0.00858	0.01405	0.05586	0.01620	0.80298	0.03711	0.00420	0.00431	0.00652	0.00268	0.00270
21	0.01080	0.01096	0.04449	0.02134	0.49096	0.02532	0.16696	0.05841	0.04405	0.01510	0.03704	0.02286	0.00855	0.00432	0.00450	0.00134	0.00543	0.00437	0.00250	0.02072
22	0.00779	0.00591	0.03852	0.00640	0.02788	0.00505	0.00446	0.01700	0.00796	0.06325	0.03563	0.12935	0.01556	0.43947	0.04059	0.00296	0.00412	0.00620	0.00302	0.13886
23	0.10482	0.00881	0.04669	0.00825	0.01167	0.03266	0.03290	0.01977	0.03507	0.63043	0.01508	0.01354	0.00973	0.00514	0.00422	0.00135	0.00404	0.00412	0.00474	0.00697
24	0.01183	0.06383	0.07925	0.00884	0.03124	0.04189	0.00752	0.24723	0.03075	0.03286	0.00927	0.02587	0.00739	0.00521	0.02933	0.00121	0.00455	0.00340	0.00310	0.35545
25	0.00827	0.00764	0.01216	0.59537	0.09448	0.00905	0.01073	0.01161	0.06995	0.01200	0.01222	0.05696	0.07079	0.00543	0.00449	0.00146	0.00513	0.00481	0.00242	0.00502
26	0.00815	0.00833	0.07666	0.00902	0.07637	0.03230	0.03628	0.04934	0.13918	0.01518	0.19662	0.09415	0.22474	0.00806	0.00484	0.00144	0.00349	0.00696	0.00383	0.00508
27	0.02790	0.03376	0.01015	0.00871	0.01114	0.06192	0.00679	0.04921	0.63732	0.03257	0.01603	0.01545	0.01222	0.03170	0.00484	0.00151	0.00381	0.00465	0.02376	0.00654
28	0.02839	0.11071	0.43255	0.01237	0.10333	0.01032	0.03111	0.03934	0.00997	0.10552	0.00924	0.01022	0.01635	0.00426	0.00400	0.00127	0.00546	0.00341	0.00246	0.05975
29	0.01452	0.13186	0.08377	0.00821	0.03388	0.00824	0.00712	0.01684	0.04173	0.42554	0.04226	0.01455	0.01086	0.05023	0.02411	0.00155	0.00417	0.00418	0.05855	0.01783

[dist]
# distance from previous block
# <min> <max>
1	6

[block]
# block no. 2 follows, 60 sequences, length 11
# corresponding to MSA columns:
# 189-199
name=unknown_C
#
# <colnr> <probs for GDERKNQSTAVLIFYWHMCP>
#	G	D	E	R	K	N	Q	S	T	A	V	L	I	F	Y	W	H	M	C	P
0	0.02529	0.10189	0.09359	0.02673	0.27906	0.07990	0.07552	0.05052	0.08776	0.11120	0.01040	0.01143	0.01833	0.00447	0.00418	0.00129	0.00523	0.00388	0.00284	0.00646
1	0.16921	0.07454	0.01230	0.01097	0.08180	0.43967	0.00793	0.07417	0.02690	0.03923	0.00764	0.00863	0.00610	0.00443	0.00371	0.00119	0.00607	0.00298	0.01707	0.00546
2	0.04948	0.43821	0.02888	0.03036	0.03762	0.16702	0.00745	0.01356	0.03980	0.02473	0.05831	0.02806	0.05071	0.00492	0.00352	0.00112	0.00490	0.00355	0.00247	0.00534
3	0.00858	0.00771	0.02929	0.01195	0.19475	0.00767	0.02786	0.01350	0.23092	0.01557	0.20830	0.12690	0.04606	0.00752	0.00483	0.00147	0.00355	0.04422	0.00380	0.00553
4	0.03303	0.02828	0.01294	0.02338	0.27658	0.03853	0.03018	0.13035	0.15929	0.02989	0.08716	0.02585	0.02828	0.00542	0.00437	0.00133	0.00435	0.02301	0.01362	0.04415
5	0.01534	0.01170	0.01227	0.00974	0.01289	0.03958	0.00796	0.64859	0.09519	0.02492	0.01168	0.01310	0.00891	0.02745	0.00489	0.00143	0.00472	0.03838	0.00424	0.00702
6	0.00740	0.00601	0.00692	0.00700	0.00810	0.02755	0.00510	0.01126	0.21312	0.01357	0.09779	0.42456	0.03524	0.01098	0.02633	0.02118	0.01868	0.02200	0.00399	0.03320
7	0.01166	0.14106	0.16833	0.06108	0.13992	0.21598	0.08594	0.04619	0.01059	0.01294	0.02941	0.01014	0.00713	0.00534	0.03491	0.00146	0.00640	0.00352	0.00224	0.00578
8	0.00817	0.00776	0.01321	0.75852	0.02851	0.00945	0.04666	0.01102	0.00885	0.01130	0.00962	0.01315	0.04642	0.00466	0.00443	0.00146	0.00570	0.00420	0.00206	0.00483
9	0.03693	0.06998	0.01278	0.03285	0.38277	0.00878	0.00888	0.01209	0.00935	0.04643	0.01120	0.04413	0.02782	0.02653	0.00488	0.00134	0.04576	0.00429	0.20758	0.00563
10	0.00727	0.00509	0.00639	0.00723	0.00762	0.00463	0.00481	0.00738	0.00926	0.01251	0.02410	0.76321	0.02829	0.01465	0.00710	0.06638	0.00324	0.01209	0.00442	0.00434

[dist]
# distance from previous block
# <min> <max>
0	2

[block]
# block no. 3 follows, 60 sequences, length 9
# corresponding to MSA columns:
# 202-209,211
name=unknown_D
#
# <colnr> <probs for GDERKNQSTAVLIFYWHMCP>
#	G	D	E	R	K	N	Q	S	T	A	V	L	I	F	Y	W	H	M	C	P
0	0.01083	0.01027	0.01103	0.04251	0.01178	0.10995	0.00778	0.07475	0.25970	0.01447	0.04214	0.01389	0.01038	0.05781	0.02450	0.00182	0.26888	0.00438	0.01763	0.00549
1	0.00537	0.00384	0.00511	0.00604	0.00634	0.00358	0.00405	0.00620	0.00859	0.01152	0.07255	0.79426	0.02960	0.01337	0.00554	0.00175	0.00250	0.01212	0.00409	0.00358
2	0.00618	0.00454	0.00600	0.00612	0.00698	0.00448	0.00459	0.00811	0.03531	0.01415	0.37333	0.20819	0.06414	0.03141	0.13625	0.00247	0.00395	0.07574	0.00409	0.00399
3	0.00553	0.00393	0.00522	0.00608	0.00637	0.00378	0.00412	0.00631	0.00815	0.01090	0.02231	0.68970	0.02643	0.09085	0.05709	0.00232	0.00330	0.04030	0.00382	0.00350
4	0.00582	0.00416	0.00528	0.00554	0.00624	0.00385	0.00391	0.00718	0.01012	0.01396	0.36198	0.35768	0.10155	0.05146	0.00606	0.00167	0.00236	0.00959	0.03780	0.00377
5	0.03295	0.00619	0.00808	0.00747	0.03246	0.00605	0.03935	0.01251	0.13628	0.12365	0.35449	0.06534	0.12046	0.00803	0.00489	0.00143	0.00294	0.02791	0.00443	0.00508
6	0.01065	0.03997	0.27029	0.01534	0.11597	0.10266	0.25666	0.02990	0.02612	0.01371	0.00818	0.01015	0.00628	0.00414	0.00476	0.00135	0.03708	0.00387	0.00217	0.04075
7	0.00946	0.01247	0.15882	0.03026	0.03989	0.01016	0.47500	0.01317	0.03337	0.01383	0.04925	0.04595	0.02828	0.00489	0.00547	0.00148	0.05491	0.00519	0.00243	0.00572
8	0.01116	0.01109	0.03687	0.02210	0.56287	0.06004	0.06789	0.04018	0.01030	0.03045	0.00898	0.01250	0.00768	0.00461	0.00504	0.00137	0.05601	0.04201	0.00237	0.00647

[dist]
# distance from previous block
# <min> <max>
0	1

[block]
# block no. 4 follows, 60 sequences, length 17
# corresponding to MSA columns:
# 213-229
name=unknown_E
#
# <colnr> <probs for GDERKNQSTAVLIFYWHMCP>
#	G	D	E	R	K	N	Q	S	T	A	V	L	I	F	Y	W	H	M	C	P
0	0.75177	0.04243	0.00754	0.00621	0.00888	0.05298	0.00510	0.03455	0.00805	0.01864	0.00627	0.00738	0.00495	0.00438	0.00319	0.02409	0.00371	0.00246	0.00267	0.00478
1	0.05836	0.21736	0.05041	0.01354	0.17755	0.15645	0.08671	0.09703	0.02378	0.01428	0.00780	0.00929	0.00636	0.00423	0.00408	0.00120	0.02647	0.00333	0.02003	0.02172
2	0.06827	0.18901	0.05007	0.01514	0.24716	0.08060	0.10897	0.11600	0.03488	0.01531	0.02967	0.01026	0.00746	0.00427	0.00399	0.00124	0.00532	0.00364	0.00255	0.00618
3	0.01273	0.05038	0.03096	0.02179	0.11256	0.13702	0.05174	0.22785	0.02322	0.07250	0.06977	0.05980	0.02123	0.02041	0.04137	0.00163	0.03111	0.00467	0.00333	0.00594
4	0.00764	0.00636	0.00919	0.05544	0.08849	0.00720	0.02117	0.02361	0.03732	0.01214	0.12123	0.10541	0.01604	0.13156	0.19670	0.01755	0.12979	0.00590	0.00289	0.00436
5	0.00798	0.00545	0.01861	0.00759	0.05056	0.01840	0.02377	0.02426	0.04541	0.00987	0.01028	0.05421	0.01016	0.09258	0.08211	0.49284	0.00467	0.01887	0.01928	0.00312
6	0.00628	0.00457	0.00549	0.00566	0.00671	0.00421	0.00419	0.00743	0.00966	0.05312	0.10570	0.30468	0.37440	0.01137	0.00560	0.00160	0.03018	0.05112	0.00411	0.00392
7	0.00637	0.00482	0.00616	0.00634	0.00747	0.00424	0.00459	0.00750	0.00863	0.01195	0.02001	0.54241	0.02307	0.03767	0.00563	0.00163	0.00291	0.09954	0.00368	0.19539
8	0.00904	0.00775	0.00904	0.00646	0.01034	0.00581	0.00517	0.01098	0.00904	0.01421	0.00775	0.00904	0.00646	0.00323	0.00323	0.00065	0.00323	0.00258	0.00258	0.87339
9	0.01002	0.01128	0.02411	0.01737	0.02141	0.01074	0.72918	0.01342	0.01005	0.01364	0.00988	0.01298	0.03115	0.02402	0.00591	0.00155	0.04011	0.00524	0.00226	0.00570
10	0.67085	0.07102	0.00855	0.00656	0.00938	0.06455	0.00544	0.05839	0.00882	0.05390	0.00685	0.00766	0.00526	0.00418	0.00296	0.00130	0.00386	0.00257	0.00282	0.00508
11	0.00771	0.00650	0.00943	0.01126	0.20718	0.00616	0.02410	0.00944	0.00994	0.03023	0.17039	0.17840	0.18081	0.00822	0.00516	0.00140	0.03413	0.00723	0.00349	0.08880
12	0.00825	0.00734	0.01116	0.53631	0.02199	0.03562	0.00971	0.01004	0.00824	0.01060	0.02555	0.01326	0.03239	0.00795	0.04439	0.14544	0.06131	0.00411	0.00208	0.00427
13	0.02938	0.01139	0.11150	0.09484	0.24922	0.04716	0.13863	0.03906	0.05905	0.03975	0.02250	0.03897	0.00908	0.04373	0.00555	0.00154	0.02514	0.02498	0.00260	0.00592
14	0.03276	0.22248	0.40759	0.01080	0.02804	0.03247	0.03291	0.05008	0.00972	0.04700	0.00776	0.00897	0.00593	0.00427	0.00430	0.00126	0.04749	0.00312	0.00219	0.04088
15	0.68186	0.05431	0.02904	0.04816	0.01037	0.03097	0.00585	0.04979	0.02872	0.01861	0.00672	0.00777	0.00521	0.00416	0.00298	0.00133	0.00382	0.00261	0.00270	0.00501
16	0.00875	0.02256	0.82413	0.01243	0.01888	0.01013	0.01611	0.01381	0.00921	0.01381	0.00783	0.00921	0.00552	0.00414	0.00414	0.00138	0.00645	0.00322	0.00184	0.00645

[dist]
# distance from previous block
# <min> <max>
0	1

[block]
# block no. 5 follows, 60 sequences, length 15
# corresponding to MSA columns:
# 231-245
name=unknown_F
#
# <colnr> <probs for GDERKNQSTAVLIFYWHMCP>
#	G	D	E	R	K	N	Q	S	T	A	V	L	I	F	Y	W	H	M	C	P
0	0.01217	0.01066	0.01057	0.00923	0.01185	0.07032	0.00724	0.15007	0.62515	0.01920	0.01577	0.01472	0.01180	0.00570	0.00439	0.00143	0.00399	0.00461	0.00427	0.00685
1	0.00609	0.00435	0.00595	0.00696	0.00755	0.00421	0.00540	0.00742	0.00912	0.01200	0.02361	0.48353	0.02715	0.01293	0.00577	0.00188	0.00320	0.36507	0.00403	0.00376
2	0.00778	0.00720	0.01172	0.66166	0.04661	0.00866	0.01062	0.01035	0.00883	0.01127	0.01277	0.03904	0.10484	0.00641	0.03337	0.00166	0.00547	0.00479	0.00227	0.00469
3	0.01014	0.05630	0.10487	0.01638	0.02073	0.01080	0.62619	0.01365	0.01006	0.02974	0.00951	0.05324	0.00766	0.00426	0.00493	0.00145	0.00680	0.00516	0.00231	0.00584
4	0.01279	0.00903	0.00995	0.00861	0.01128	0.00998	0.00679	0.06545	0.59497	0.17426	0.01716	0.01568	0.01245	0.00576	0.00439	0.00143	0.00354	0.00475	0.02476	0.00697
5	0.01877	0.00742	0.00999	0.00771	0.01097	0.00652	0.00635	0.04617	0.01274	0.75435	0.05895	0.01563	0.01228	0.00558	0.00442	0.00135	0.00366	0.00455	0.00533	0.00725
6	0.00883	0.05563	0.69269	0.04224	0.01871	0.01027	0.05132	0.01346	0.00914	0.01343	0.00794	0.00963	0.00580	0.00522	0.03604	0.00159	0.00659	0.00335	0.00188	0.00623
7	0.00824	0.00775	0.01308	0.83624	0.03004	0.00969	0.01211	0.01114	0.00872	0.01114	0.00775	0.01163	0.00581	0.00436	0.00436	0.00145	0.00581	0.00388	0.00194	0.00484
8	0.00755	0.00570	0.00655	0.00606	0.00762	0.00562	0.00462	0.03974	0.15657	0.04410	0.37208	0.05415	0.25505	0.00886	0.00498	0.00143	0.00252	0.00759	0.00450	0.00471
9	0.00541	0.00395	0.00509	0.00582	0.00630	0.00363	0.00398	0.00637	0.00904	0.01203	0.12964	0.65356	0.11356	0.01277	0.00547	0.00169	0.00243	0.01147	0.00415	0.00363
10	0.01002	0.01028	0.08093	0.16141	0.25608	0.00953	0.17412	0.04527	0.01023	0.05118	0.05261	0.06625	0.02097	0.00516	0.00487	0.00142	0.02622	0.00494	0.00262	0.00588
11	0.00962	0.08568	0.65644	0.01255	0.04209	0.04628	0.03928	0.03468	0.00967	0.01378	0.00775	0.00914	0.00566	0.00413	0.00407	0.00133	0.00632	0.00323	0.00195	0.00634
12	0.01054	0.00923	0.01308	0.01318	0.17357	0.03455	0.12246	0.09458	0.17541	0.03556	0.02535	0.05089	0.03138	0.08889	0.02859	0.00184	0.04238	0.00509	0.03762	0.00579
13	0.00776	0.00411	0.00423	0.00422	0.00516	0.00407	0.00308	0.00958	0.00910	0.01548	0.05889	0.01913	0.04142	0.07995	0.00493	0.00134	0.00223	0.00465	0.71672	0.00393
14	0.82965	0.00912	0.00674	0.00604	0.00872	0.05534	0.00493	0.01308	0.00770	0.01907	0.00611	0.00713	0.00477	0.00407	0.00277	0.00134	0.00362	0.00239	0.00267	0.00474

[dist]
# distance from previous block
# <min> <max>
0	1

[block]
# block no. 6 follows, 60 sequences, length 23
# corresponding to MSA columns:
# 247-269
name=unknown_G
#
# <colnr> <probs for GDERKNQSTAVLIFYWHMCP>
#	G	D	E	R	K	N	Q	S	T	A	V	L	I	F	Y	W	H	M	C	P
0	0.08482	0.14479	0.13712	0.01330	0.15034	0.22397	0.06405	0.07094	0.04630	0.01418	0.00788	0.00918	0.00628	0.00424	0.00389	0.00123	0.00588	0.00327	0.00239	0.00594
1	0.00553	0.00413	0.00508	0.00569	0.00636	0.00378	0.00403	0.00651	0.00901	0.01165	0.07139	0.46935	0.23868	0.06231	0.00647	0.00184	0.00265	0.07794	0.00400	0.00360
2	0.01160	0.02886	0.05118	0.03158	0.34294	0.14691	0.17154	0.04670	0.05712	0.01411	0.00905	0.01177	0.00743	0.00445	0.00465	0.00135	0.02333	0.02680	0.00243	0.00621
3	0.00974	0.00534	0.00696	0.00614	0.00777	0.00490	0.00474	0.01192	0.04112	0.21827	0.51504	0.04247	0.04741	0.00816	0.00523	0.02625	0.00258	0.00682	0.02419	0.00496
4	0.00994	0.00983	0.01685	0.10813	0.29207	0.02757	0.21478	0.03364	0.04715	0.01366	0.01030	0.07622	0.00917	0.00593	0.02458	0.00159	0.06434	0.02592	0.00249	0.00584
5	0.00609	0.00425	0.00475	0.00479	0.00507	0.00410	0.00286	0.00637	0.00721	0.00939	0.04221	0.07024	0.14993	0.64428	0.01809	0.00357	0.00375	0.00715	0.00301	0.00290
6	0.00626	0.00476	0.00688	0.04675	0.00843	0.00537	0.00538	0.00762	0.00745	0.01041	0.02619	0.14804	0.03189	0.09563	0.52563	0.00526	0.02787	0.02367	0.00271	0.00380
7	0.71324	0.00916	0.00768	0.00656	0.00941	0.01050	0.00540	0.16398	0.00992	0.02108	0.00691	0.00773	0.00524	0.00428	0.00302	0.00134	0.00365	0.00266	0.00302	0.00524
8	0.01630	0.02046	0.01239	0.01119	0.01348	0.79845	0.00842	0.04712	0.01267	0.01131	0.00688	0.00796	0.00569	0.00452	0.00395	0.00113	0.00775	0.00285	0.00233	0.00515
9	0.01920	0.00731	0.00992	0.00764	0.01094	0.00633	0.00630	0.02089	0.01237	0.79626	0.01711	0.01489	0.01081	0.00539	0.00434	0.00134	0.00366	0.00438	0.03360	0.00731
10	0.00904	0.00775	0.00904	0.00646	0.01034	0.00581	0.00517	0.01098	0.00904	0.01421	0.00775	0.00904	0.00646	0.00323	0.00323	0.00065	0.00323	0.00258	0.00258	0.87339
11	0.00848	0.00505	0.00545	0.00510	0.00648	0.01647	0.00390	0.04156	0.01047	0.07832	0.13992	0.02484	0.18392	0.03564	0.00469	0.00134	0.00252	0.02587	0.39562	0.00435
12	0.83267	0.00838	0.00660	0.00584	0.00858	0.00961	0.00481	0.01326	0.00769	0.06155	0.00665	0.00749	0.00504	0.00412	0.00279	0.00135	0.00339	0.00247	0.00284	0.00486
13	0.00632	0.00429	0.00504	0.00501	0.00517	0.00432	0.00301	0.00663	0.00691	0.00937	0.08252	0.02791	0.01760	0.70509	0.08989	0.00422	0.00468	0.00633	0.00280	0.00288
14	0.00642	0.00493	0.00729	0.00718	0.00788	0.00586	0.00558	0.00789	0.00697	0.01008	0.01142	0.01713	0.01079	0.06172	0.75270	0.00661	0.05864	0.00469	0.00232	0.00390
15	0.01076	0.01046	0.01826	0.02619	0.76455	0.01041	0.06791	0.01343	0.00996	0.01423	0.00825	0.01086	0.00689	0.00387	0.00438	0.00131	0.00533	0.00397	0.00216	0.00684
16	0.00624	0.00464	0.00682	0.00682	0.00753	0.00535	0.00522	0.00767	0.00695	0.00999	0.01185	0.01809	0.01132	0.10077	0.76194	0.00678	0.01106	0.00481	0.00236	0.00379
17	0.01044	0.00988	0.01651	0.08350	0.69234	0.01005	0.01260	0.02627	0.02592	0.01429	0.02309	0.02478	0.02211	0.00435	0.00437	0.00132	0.00504	0.00420	0.00233	0.00661
18	0.00623	0.00467	0.00701	0.00701	0.00779	0.00545	0.00545	0.00779	0.00701	0.01012	0.01168	0.01713	0.01090	0.03271	0.82944	0.00701	0.01168	0.00467	0.00234	0.00389
19	0.00936	0.00796	0.00953	0.00759	0.04943	0.00632	0.00567	0.04686	0.00958	0.01472	0.00837	0.03344	0.00718	0.00366	0.00340	0.00074	0.00337	0.00299	0.00269	0.76713
20	0.03207	0.01125	0.05792	0.05760	0.40200	0.04750	0.06910	0.11715	0.04544	0.07904	0.01004	0.01156	0.01969	0.00442	0.00433	0.00132	0.00521	0.00401	0.00282	0.01753
21	0.01352	0.08123	0.11453	0.02462	0.06925	0.09476	0.03801	0.10705	0.06256	0.20367	0.01095	0.02973	0.00821	0.00508	0.00494	0.00132	0.06976	0.00391	0.00330	0.05359
22	0.00851	0.02566	0.00820	0.00697	0.00871	0.02930	0.05751	0.02131	0.02163	0.10803	0.24442	0.15202	0.16561	0.03644	0.00552	0.00153	0.00321	0.04483	0.00408	0.04651

[dist]
# distance from previous block
# <min> <max>
1	6

[block]
# block no. 7 follows, 60 sequences, length 19
# corresponding to MSA columns:
# 276-294
name=unknown_H
#
# <colnr> <probs for GDERKNQSTAVLIFYWHMCP>
#	G	D	E	R	K	N	Q	S	T	A	V	L	I	F	Y	W	H	M	C	P
0	0.39690	0.13721	0.08941	0.00844	0.01167	0.08226	0.04960	0.06792	0.03575	0.01654	0.00716	0.00828	0.00567	0.00430	0.00375	0.00128	0.03893	0.00288	0.00256	0.02949
1	0.03113	0.00899	0.01141	0.03334	0.13407	0.00922	0.01945	0.24782	0.07723	0.17955	0.07471	0.02696	0.06651	0.00576	0.00440	0.00133	0.00404	0.00480	0.02346	0.03581
2	0.00668	0.03623	0.04308	0.03219	0.00822	0.02748	0.00518	0.00859	0.01094	0.01482	0.46983	0.04294	0.18120	0.01049	0.06639	0.00181	0.01848	0.00723	0.00401	0.00422
3	0.87753	0.00843	0.00641	0.00574	0.00843	0.00978	0.00472	0.01282	0.00742	0.01957	0.00607	0.00709	0.00472	0.00405	0.00270	0.00135	0.00337	0.00236	0.00270	0.00472
4	0.03924	0.03353	0.01034	0.00771	0.01101	0.00679	0.00642	0.02046	0.01218	0.75586	0.01676	0.01537	0.01089	0.00550	0.00434	0.00135	0.00374	0.02610	0.00519	0.00721
5	0.01102	0.01079	0.01748	0.02613	0.78635	0.04405	0.01318	0.01355	0.01003	0.01410	0.00814	0.01067	0.00686	0.00391	0.00430	0.00129	0.00529	0.00384	0.00216	0.00683
6	0.00570	0.00442	0.00518	0.00503	0.00623	0.00391	0.00376	0.00730	0.01117	0.01478	0.45211	0.05979	0.38495	0.00999	0.00516	0.00143	0.00214	0.00860	0.00445	0.00391
7	0.00634	0.00423	0.00476	0.00476	0.00476	0.00423	0.00264	0.00634	0.00634	0.00846	0.01374	0.02854	0.01586	0.84672	0.02220	0.00423	0.00423	0.00634	0.00264	0.00264
8	0.00622	0.00434	0.00519	0.00519	0.00547	0.00443	0.00327	0.00663	0.00679	0.00908	0.01594	0.02737	0.08376	0.60898	0.18527	0.00456	0.00557	0.00625	0.00270	0.00299
9	0.00628	0.00446	0.00594	0.00594	0.00635	0.00487	0.00412	0.00710	0.00669	0.00933	0.01266	0.02255	0.01325	0.41884	0.44652	0.00569	0.00815	0.00546	0.00248	0.00330
10	0.00827	0.00706	0.01141	0.22464	0.24395	0.00757	0.02257	0.01021	0.00869	0.03027	0.01246	0.16979	0.01245	0.09055	0.10596	0.00241	0.00553	0.01865	0.00263	0.00492
11	0.05350	0.00764	0.00988	0.00766	0.01089	0.00695	0.00631	0.07761	0.01269	0.69095	0.01611	0.01428	0.01032	0.00532	0.00425	0.00133	0.00369	0.00425	0.04922	0.00714
12	0.01067	0.01047	0.03022	0.12347	0.21029	0.08557	0.13779	0.08844	0.04678	0.02725	0.07291	0.01458	0.05204	0.00598	0.03037	0.00154	0.02457	0.00464	0.01664	0.00578
13	0.00621	0.00469	0.00662	0.00676	0.00731	0.00522	0.00503	0.00735	0.00767	0.01074	0.06093	0.25654	0.03420	0.06044	0.41314	0.02931	0.06396	0.00717	0.00298	0.00375
14	0.00834	0.03230	0.01028	0.03455	0.22122	0.04470	0.02031	0.01053	0.05255	0.02782	0.07695	0.22955	0.14188	0.02451	0.00532	0.00154	0.01544	0.03390	0.00336	0.00496
15	0.11166	0.14037	0.09967	0.01055	0.07965	0.14358	0.00865	0.20649	0.02518	0.07086	0.00882	0.00954	0.00670	0.00448	0.00377	0.00121	0.00510	0.00326	0.02774	0.03272
16	0.82853	0.00840	0.00656	0.00578	0.00854	0.00956	0.00475	0.01272	0.00751	0.01927	0.00617	0.00720	0.00482	0.00400	0.00273	0.00131	0.00337	0.00237	0.00269	0.05373
17	0.03270	0.14690	0.05066	0.01238	0.04736	0.21482	0.18385	0.15812	0.03512	0.03977	0.00846	0.00972	0.00657	0.00444	0.00443	0.00127	0.03111	0.00364	0.00270	0.00599
18	0.00658	0.00499	0.00667	0.05270	0.00844	0.00461	0.02894	0.00828	0.01070	0.03706	0.38735	0.14774	0.20316	0.02797	0.00544	0.00149	0.00268	0.00814	0.00416	0.04292

[dist]
# distance from previous block
# <min> <max>
1	7

[block]
# block no. 8 follows, 60 sequences, length 12
# corresponding to MSA columns:
# 302-313
name=unknown_I
#
# <colnr> <probs for GDERKNQSTAVLIFYWHMCP>
#	G	D	E	R	K	N	Q	S	T	A	V	L	I	F	Y	W	H	M	C	P
0	0.00947	0.02337	0.07604	0.01143	0.17040	0.04402	0.00790	0.07152	0.10973	0.03302	0.15825	0.11501	0.07095	0.00703	0.00461	0.00138	0.00390	0.02530	0.02072	0.03597
1	0.01203	0.17302	0.08678	0.01849	0.42854	0.14016	0.01140	0.03313	0.01037	0.03547	0.00784	0.00958	0.00646	0.00405	0.00396	0.00121	0.00556	0.00338	0.00223	0.00635
2	0.02457	0.00526	0.00699	0.00657	0.00740	0.00576	0.00487	0.00830	0.00746	0.03261	0.06827	0.02005	0.01361	0.25566	0.38636	0.00474	0.07173	0.00511	0.00267	0.06201
3	0.05117	0.03556	0.15548	0.04335	0.10965	0.09121	0.23793	0.01440	0.06837	0.04952	0.01101	0.03396	0.03650	0.00472	0.00440	0.00137	0.00573	0.00443	0.03541	0.00585
4	0.00758	0.00379	0.00568	0.00568	0.00568	0.00379	0.00379	0.00568	0.00568	0.00758	0.00758	0.01326	0.00758	0.01515	0.01705	0.87311	0.00379	0.00379	0.00189	0.00189
5	0.00759	0.00474	0.00610	0.00643	0.00733	0.00445	0.00461	0.04748	0.00969	0.10523	0.04017	0.60227	0.07870	0.01196	0.00536	0.00168	0.00281	0.04496	0.00423	0.00422
6	0.04853	0.29380	0.03168	0.03692	0.02923	0.06525	0.04261	0.07914	0.22371	0.03547	0.01022	0.01062	0.00803	0.00453	0.00371	0.00119	0.00459	0.00348	0.00297	0.06433
7	0.00937	0.03515	0.01403	0.43988	0.17164	0.03200	0.04354	0.01219	0.03601	0.02817	0.02870	0.01296	0.00790	0.02715	0.01579	0.00158	0.05945	0.01691	0.00227	0.00532
8	0.04688	0.08588	0.27269	0.01325	0.11667	0.13321	0.08439	0.05377	0.07830	0.02552	0.00865	0.00991	0.00664	0.00433	0.00421	0.00129	0.01771	0.00350	0.00243	0.03079
9	0.01056	0.02002	0.68762	0.01165	0.01758	0.00951	0.01449	0.01506	0.00976	0.14943	0.00940	0.01015	0.00641	0.00435	0.00418	0.00138	0.00599	0.00342	0.00244	0.00661
10	0.00608	0.00417	0.00547	0.00626	0.00671	0.00395	0.00431	0.02602	0.00877	0.03305	0.02316	0.73848	0.02726	0.03939	0.00605	0.00184	0.00274	0.04852	0.00405	0.00373
11	0.07776	0.04938	0.20609	0.01417	0.20118	0.04454	0.06373	0.08708	0.09388	0.03191	0.03160	0.02508	0.00867	0.00475	0.00419	0.00134	0.00513	0.01838	0.00277	0.02837

[dist]
# distance from previous block
# <min> <max>
3	6

[block]
# block no. 9 follows, 60 sequences, length 12
# corresponding to MSA columns:
# 321-332
name=unknown_J
#
# <colnr> <probs for GDERKNQSTAVLIFYWHMCP>
#	G	D	E	R	K	N	Q	S	T	A	V	L	I	F	Y	W	H	M	C	P
0	0.01181	0.04022	0.15042	0.01122	0.06867	0.07713	0.08358	0.12935	0.04771	0.09134	0.03231	0.04659	0.00906	0.00538	0.01783	0.00134	0.02181	0.00412	0.00305	0.14705
1	0.08736	0.14045	0.08634	0.08862	0.14067	0.08318	0.00928	0.14469	0.01141	0.06752	0.00839	0.00959	0.00647	0.00425	0.00380	0.00119	0.00499	0.00327	0.00274	0.09579
2	0.00610	0.00457	0.00646	0.00651	0.00732	0.00500	0.00498	0.00757	0.00789	0.01101	0.08962	0.06485	0.09100	0.06156	0.57893	0.00546	0.00893	0.02555	0.00287	0.00383
3	0.04499	0.00864	0.01103	0.05374	0.06273	0.07250	0.06384	0.09354	0.02109	0.07069	0.02263	0.05842	0.01102	0.06224	0.15361	0.00264	0.10325	0.05449	0.02382	0.00508
4	0.03185	0.02787	0.11150	0.09515	0.44154	0.03699	0.11028	0.01365	0.00980	0.04598	0.00835	0.01068	0.00662	0.00411	0.00458	0.00135	0.02721	0.00388	0.00224	0.00637
5	0.03128	0.02384	0.01272	0.03970	0.02652	0.06017	0.00827	0.58812	0.05327	0.04042	0.01033	0.01070	0.00752	0.00523	0.00468	0.00133	0.04026	0.00386	0.02489	0.00689
6	0.00583	0.00439	0.00539	0.00533	0.00640	0.00396	0.00397	0.00748	0.01119	0.01511	0.49636	0.12105	0.25423	0.01010	0.00522	0.00146	0.00221	0.03189	0.00449	0.00393
7	0.01344	0.01147	0.06098	0.03674	0.11777	0.02885	0.11081	0.37965	0.03677	0.06304	0.01096	0.04487	0.00846	0.00512	0.00442	0.00134	0.00503	0.00441	0.04924	0.00663
8	0.01043	0.02305	0.06048	0.02887	0.17069	0.04447	0.32080	0.06839	0.01076	0.02657	0.01114	0.06875	0.00998	0.00540	0.00481	0.00144	0.00580	0.08467	0.00269	0.04081
9	0.00635	0.00424	0.00481	0.00489	0.00503	0.00420	0.00290	0.00658	0.00681	0.00917	0.01565	0.06218	0.04635	0.71756	0.01953	0.00382	0.00399	0.03565	0.03746	0.00283
10	0.00559	0.00397	0.00516	0.00605	0.00650	0.00372	0.00424	0.00656	0.00866	0.01160	0.02493	0.67322	0.08355	0.01293	0.00547	0.00174	0.00263	0.08652	0.04334	0.00362
11	0.00597	0.00466	0.00529	0.00548	0.00651	0.00432	0.00394	0.02812	0.04600	0.01253	0.09527	0.28967	0.37537	0.07103	0.00647	0.00176	0.00261	0.02712	0.00403	0.00385

[dist]
# distance from previous block
# <min> <max>
0	12

# created by:
# /st0/software/busco_prod/Augustus/scripts/msa2prfl.pl ./align_prep/133570.fa
