[name]
unknown

[dist]
# distance from previous block
# <min> <max>
0	60

[block]
# block no. 0 follows, 58 sequences, length 8
# corresponding to MSA columns:
# 72-79
name=unknown_A
#
# <colnr> <probs for GDERKNQSTAVLIFYWHMCP>
#	G	D	E	R	K	N	Q	S	T	A	V	L	I	F	Y	W	H	M	C	P
0	0.03095	0.27622	0.06882	0.00838	0.01122	0.12439	0.00746	0.10098	0.02332	0.04791	0.08317	0.04056	0.02854	0.04629	0.06991	0.00184	0.00546	0.01614	0.00297	0.00546
1	0.01293	0.35119	0.10261	0.00924	0.01285	0.07372	0.00868	0.24602	0.03494	0.01640	0.00895	0.02898	0.00743	0.00670	0.05953	0.00159	0.00566	0.00349	0.00286	0.00621
2	0.07366	0.10362	0.08382	0.00975	0.01345	0.01342	0.00867	0.56743	0.01735	0.02388	0.00981	0.01059	0.00732	0.03161	0.00475	0.00140	0.00494	0.00376	0.00380	0.00697
3	0.01154	0.63871	0.10081	0.00838	0.01229	0.01599	0.00845	0.01502	0.12823	0.01211	0.00819	0.00882	0.00691	0.00420	0.00326	0.00109	0.00478	0.00288	0.00230	0.00603
4	0.05044	0.09272	0.44524	0.03031	0.01580	0.06556	0.01204	0.03152	0.04384	0.07962	0.04202	0.03173	0.03015	0.00506	0.00419	0.00137	0.00560	0.00394	0.00266	0.00620
5	0.01090	0.09442	0.62753	0.01158	0.01747	0.01047	0.01425	0.01524	0.00991	0.13386	0.00930	0.01010	0.00648	0.00440	0.00416	0.00137	0.00603	0.00340	0.00244	0.00668
6	0.00542	0.00399	0.00509	0.00597	0.00642	0.00366	0.00404	0.00626	0.00882	0.01152	0.02785	0.71683	0.15057	0.01360	0.00564	0.00177	0.00254	0.01221	0.00415	0.00366
7	0.01014	0.01126	0.02385	0.17860	0.02484	0.01104	0.64420	0.01376	0.01024	0.01376	0.00883	0.01204	0.00663	0.00391	0.00512	0.00150	0.00723	0.00502	0.00221	0.00582

[dist]
# distance from previous block
# <min> <max>
0	28

[block]
# block no. 1 follows, 58 sequences, length 16
# corresponding to MSA columns:
# 108-123
name=unknown_B
#
# <colnr> <probs for GDERKNQSTAVLIFYWHMCP>
#	G	D	E	R	K	N	Q	S	T	A	V	L	I	F	Y	W	H	M	C	P
0	0.01023	0.13358	0.55804	0.03018	0.01842	0.02734	0.09227	0.01447	0.00973	0.05355	0.00834	0.00971	0.00607	0.00422	0.00418	0.00136	0.00633	0.00344	0.00212	0.00642
1	0.01941	0.00744	0.01015	0.00788	0.01120	0.00644	0.00646	0.02110	0.01261	0.78148	0.01796	0.05255	0.01191	0.00592	0.00455	0.00140	0.00375	0.00487	0.00547	0.00743
2	0.00643	0.00433	0.00502	0.00509	0.00515	0.00435	0.00296	0.00656	0.00668	0.00895	0.01471	0.08412	0.01691	0.74468	0.06266	0.00431	0.00461	0.00684	0.00279	0.00284
3	0.01734	0.00856	0.05079	0.02875	0.04300	0.00730	0.00741	0.06821	0.02638	0.59687	0.03972	0.06038	0.01228	0.00596	0.00457	0.00141	0.00400	0.00494	0.00496	0.00715
4	0.01112	0.03530	0.07180	0.15845	0.51558	0.01075	0.01289	0.04731	0.01038	0.04867	0.00867	0.01112	0.00692	0.00431	0.00466	0.00137	0.02776	0.00391	0.00238	0.00665
5	0.82716	0.00935	0.00691	0.00619	0.00894	0.05490	0.00505	0.01341	0.00789	0.01957	0.00627	0.00731	0.00489	0.00418	0.00284	0.00137	0.00371	0.00245	0.00274	0.00486
6	0.00693	0.07669	0.07617	0.02607	0.08021	0.00620	0.00646	0.00850	0.00935	0.01255	0.09928	0.47378	0.07962	0.01058	0.00514	0.00160	0.00336	0.00942	0.00363	0.00446
7	0.00544	0.00406	0.00507	0.00584	0.00640	0.00368	0.00399	0.00634	0.00906	0.01178	0.05549	0.63889	0.20114	0.01327	0.00560	0.00174	0.00251	0.01185	0.00418	0.00368
8	0.01123	0.01102	0.01829	0.02664	0.76038	0.03637	0.04253	0.01388	0.01028	0.01449	0.00839	0.01101	0.00703	0.00400	0.00445	0.00133	0.00548	0.00400	0.00222	0.00699
9	0.00928	0.00795	0.00928	0.00663	0.01060	0.00596	0.00530	0.01126	0.00928	0.01458	0.00795	0.00928	0.00663	0.00331	0.00331	0.00066	0.00331	0.00265	0.00265	0.87014
10	0.87439	0.00865	0.00657	0.00588	0.00865	0.01003	0.00484	0.01315	0.00761	0.02007	0.00623	0.00727	0.00484	0.00415	0.00277	0.00138	0.00346	0.00242	0.00277	0.00484
11	0.00550	0.00395	0.00524	0.00624	0.00657	0.00369	0.00423	0.00633	0.00867	0.01150	0.02525	0.78941	0.05342	0.01388	0.00571	0.00182	0.00264	0.03814	0.00415	0.00365
12	0.01626	0.02060	0.01239	0.01127	0.01352	0.78939	0.00845	0.01746	0.01268	0.01125	0.04172	0.00916	0.00734	0.00481	0.00409	0.00116	0.00781	0.00311	0.00242	0.00514
13	0.00781	0.00724	0.08152	0.00777	0.06105	0.00574	0.00608	0.02380	0.05436	0.06255	0.34876	0.03036	0.26839	0.00859	0.00503	0.00144	0.00300	0.00735	0.00424	0.00490
14	0.00858	0.00968	0.17724	0.00792	0.01112	0.00628	0.03778	0.01121	0.01081	0.07648	0.25722	0.02293	0.13230	0.00681	0.00462	0.00129	0.00371	0.02442	0.00363	0.18598
15	0.00873	0.00831	0.12934	0.00734	0.00970	0.00616	0.02088	0.03743	0.05476	0.10845	0.13593	0.10908	0.22139	0.06279	0.04273	0.00192	0.00393	0.00709	0.01904	0.00500

[dist]
# distance from previous block
# <min> <max>
2	9

[block]
# block no. 2 follows, 58 sequences, length 17
# corresponding to MSA columns:
# 133-149
name=unknown_C
#
# <colnr> <probs for GDERKNQSTAVLIFYWHMCP>
#	G	D	E	R	K	N	Q	S	T	A	V	L	I	F	Y	W	H	M	C	P
0	0.01083	0.01056	0.01677	0.23044	0.53315	0.04989	0.03380	0.03577	0.01031	0.01401	0.00831	0.01116	0.00674	0.00417	0.00444	0.00137	0.00566	0.00397	0.00223	0.00644
1	0.01018	0.07455	0.17707	0.01477	0.17632	0.04675	0.16262	0.03161	0.03738	0.01465	0.09191	0.01380	0.03530	0.00488	0.00461	0.00132	0.01849	0.00445	0.00264	0.07669
2	0.00831	0.00676	0.00944	0.06918	0.11942	0.00713	0.00682	0.03535	0.00864	0.02750	0.01365	0.04382	0.07158	0.18059	0.20067	0.00332	0.07298	0.00521	0.00272	0.10693
3	0.01032	0.00784	0.01068	0.04135	0.23643	0.03662	0.00777	0.01302	0.05946	0.13083	0.23296	0.02250	0.13284	0.00680	0.00475	0.00138	0.00375	0.00594	0.00385	0.03090
4	0.01671	0.02132	0.01268	0.01152	0.01383	0.82483	0.00864	0.01786	0.01268	0.01095	0.00691	0.00807	0.00576	0.00461	0.00403	0.00115	0.00807	0.00288	0.00230	0.00519
5	0.01402	0.24605	0.01476	0.03975	0.01285	0.44703	0.00791	0.03948	0.01133	0.01187	0.00773	0.00913	0.00651	0.00544	0.03138	0.00131	0.00659	0.00300	0.07859	0.00528
6	0.00701	0.00627	0.04570	0.00624	0.00801	0.00536	0.00506	0.01032	0.10517	0.01652	0.48237	0.03056	0.18141	0.00859	0.00502	0.00139	0.00260	0.00741	0.00444	0.06056
7	0.03439	0.02871	0.12534	0.02973	0.05330	0.11179	0.02202	0.11642	0.03512	0.17687	0.04540	0.02891	0.03505	0.00520	0.00424	0.00126	0.00486	0.00416	0.00348	0.13375
8	0.20757	0.06842	0.06148	0.01185	0.18155	0.00895	0.02258	0.01339	0.02606	0.13796	0.01278	0.18761	0.01192	0.00653	0.00444	0.00145	0.02099	0.00546	0.00327	0.00573
9	0.00596	0.00428	0.00576	0.00676	0.00728	0.00408	0.00502	0.00712	0.00912	0.01201	0.02503	0.58488	0.05339	0.01345	0.00583	0.00188	0.00303	0.23721	0.00414	0.00378
10	0.01036	0.01036	0.03515	0.04243	0.59966	0.05380	0.01191	0.01273	0.01012	0.01398	0.03271	0.12505	0.01100	0.00555	0.00460	0.00139	0.00505	0.00522	0.00255	0.00637
11	0.01281	0.04209	0.13658	0.06127	0.06566	0.07459	0.20006	0.09846	0.03786	0.15521	0.02239	0.04167	0.02036	0.00506	0.00461	0.00141	0.00574	0.00462	0.00319	0.00638
12	0.01206	0.00989	0.01658	0.05942	0.60496	0.00977	0.03860	0.01458	0.01053	0.13341	0.01112	0.01291	0.03674	0.00450	0.00450	0.00136	0.00508	0.00430	0.00277	0.00691
13	0.00667	0.00489	0.00652	0.00686	0.00766	0.00481	0.02767	0.00888	0.08908	0.03338	0.04814	0.60325	0.05231	0.01322	0.04504	0.00199	0.00328	0.01071	0.02142	0.00420
14	0.02334	0.22177	0.20272	0.03205	0.21463	0.04779	0.03037	0.04163	0.05592	0.03372	0.01845	0.02761	0.00775	0.00454	0.00400	0.00128	0.00534	0.00370	0.01705	0.00633
15	0.01135	0.10128	0.43897	0.02732	0.06028	0.02474	0.05093	0.09772	0.05828	0.07348	0.00948	0.01044	0.00688	0.00450	0.00423	0.00136	0.00585	0.00362	0.00263	0.00667
16	0.00583	0.00448	0.00490	0.00508	0.00612	0.00402	0.00367	0.00681	0.00928	0.01159	0.03411	0.11046	0.48200	0.18205	0.00892	0.00215	0.00289	0.08083	0.03124	0.00359

[dist]
# distance from previous block
# <min> <max>
0	1

[block]
# block no. 3 follows, 58 sequences, length 31
# corresponding to MSA columns:
# 151-181
name=unknown_D
#
# <colnr> <probs for GDERKNQSTAVLIFYWHMCP>
#	G	D	E	R	K	N	Q	S	T	A	V	L	I	F	Y	W	H	M	C	P
0	0.01036	0.01045	0.05809	0.11613	0.48979	0.01011	0.04685	0.04985	0.04539	0.01467	0.01110	0.01343	0.05141	0.00609	0.04564	0.00167	0.00563	0.00439	0.00250	0.00646
1	0.00745	0.00639	0.00794	0.00821	0.03017	0.06257	0.05639	0.04392	0.02916	0.01250	0.02071	0.60195	0.02383	0.04759	0.00619	0.00182	0.00360	0.02156	0.00381	0.00422
2	0.01282	0.21387	0.07088	0.01586	0.27711	0.19464	0.02995	0.05473	0.05320	0.02465	0.00830	0.00972	0.00679	0.00430	0.00399	0.00122	0.00581	0.00341	0.00242	0.00631
3	0.00661	0.00423	0.00569	0.00644	0.00697	0.00395	0.00446	0.00751	0.00889	0.07104	0.02377	0.73396	0.02761	0.01387	0.02779	0.00194	0.00298	0.03414	0.00421	0.00395
4	0.03937	0.04409	0.01062	0.00821	0.04973	0.08392	0.00619	0.02920	0.00988	0.02634	0.00795	0.00921	0.00656	0.00359	0.00344	0.00080	0.00396	0.00277	0.00265	0.65150
5	0.00777	0.00389	0.00583	0.00583	0.00583	0.00389	0.00389	0.00583	0.00583	0.00777	0.00777	0.01360	0.00777	0.01554	0.01748	0.86985	0.00389	0.00389	0.00194	0.00194
6	0.00593	0.00465	0.00526	0.00524	0.00645	0.00415	0.00385	0.02716	0.01081	0.01392	0.25239	0.15620	0.44163	0.03493	0.00583	0.00160	0.00240	0.00933	0.00433	0.00394
7	0.00897	0.02314	0.81962	0.01275	0.01936	0.01039	0.01653	0.01417	0.00944	0.01417	0.00803	0.00944	0.00567	0.00425	0.00425	0.00142	0.00661	0.00331	0.00189	0.00661
8	0.00936	0.00876	0.01320	0.52142	0.11108	0.02655	0.02794	0.01403	0.15813	0.01329	0.01102	0.01356	0.02924	0.00490	0.00449	0.00146	0.00536	0.00433	0.01632	0.00558
9	0.00560	0.00400	0.00536	0.00640	0.00673	0.00376	0.00442	0.00649	0.00871	0.01159	0.02457	0.77174	0.02925	0.01387	0.00575	0.00184	0.00273	0.07935	0.00415	0.00368
10	0.01159	0.77793	0.04058	0.00772	0.01145	0.01677	0.00773	0.01314	0.00925	0.01093	0.03367	0.00917	0.00745	0.00422	0.00306	0.00101	0.00472	0.02187	0.00207	0.00567
11	0.00663	0.00474	0.00599	0.00653	0.00737	0.00458	0.00493	0.04294	0.01007	0.01349	0.09410	0.38759	0.11401	0.03360	0.00600	0.00181	0.00302	0.20126	0.04734	0.00400
12	0.00700	0.00579	0.02130	0.00619	0.00770	0.00545	0.00484	0.01077	0.14907	0.01661	0.47328	0.03263	0.20390	0.00908	0.00516	0.00147	0.00253	0.02796	0.00462	0.00466
13	0.01563	0.01813	0.01235	0.01099	0.01341	0.58192	0.00840	0.10145	0.14652	0.01407	0.00919	0.00984	0.00728	0.00502	0.00444	0.00125	0.02805	0.00339	0.00290	0.00575
14	0.12774	0.16950	0.04866	0.02666	0.10885	0.02111	0.00815	0.11666	0.11328	0.13125	0.02196	0.03490	0.00901	0.00500	0.00393	0.00129	0.00438	0.00390	0.00339	0.04037
15	0.00786	0.00646	0.00942	0.00791	0.01014	0.00556	0.10151	0.00962	0.00962	0.03412	0.10375	0.30643	0.03177	0.00893	0.02694	0.00149	0.00369	0.02028	0.00350	0.29100
16	0.02007	0.00761	0.01038	0.00796	0.01142	0.00657	0.00657	0.02180	0.01280	0.81799	0.01765	0.01523	0.01107	0.00554	0.00450	0.00138	0.00381	0.00450	0.00554	0.00761
17	0.00968	0.00784	0.00923	0.00666	0.01052	0.00594	0.00533	0.01166	0.00954	0.05143	0.03214	0.01026	0.00788	0.00359	0.00342	0.00072	0.00330	0.00290	0.00285	0.80512
18	0.00579	0.00424	0.00552	0.00641	0.00700	0.00397	0.00468	0.00688	0.00915	0.01192	0.02731	0.56618	0.13726	0.01330	0.00575	0.00182	0.00286	0.17205	0.00415	0.00375
19	0.01905	0.00773	0.01031	0.00795	0.01139	0.00677	0.00653	0.02135	0.05255	0.73567	0.01717	0.01499	0.01097	0.00545	0.00444	0.00135	0.00377	0.00443	0.00534	0.05280
20	0.00928	0.00795	0.00928	0.00663	0.01060	0.00596	0.00530	0.01126	0.00928	0.01458	0.00795	0.00928	0.00663	0.00331	0.00331	0.00066	0.00331	0.00265	0.00265	0.87014
21	0.00935	0.12649	0.71955	0.01211	0.01837	0.01131	0.01541	0.01407	0.00940	0.01371	0.00780	0.00916	0.00568	0.00420	0.00408	0.00136	0.00638	0.00319	0.00189	0.00650
22	0.00678	0.00468	0.00651	0.00692	0.00778	0.00437	0.02828	0.00809	0.00966	0.05480	0.09527	0.49365	0.07947	0.01233	0.00566	0.00178	0.00304	0.16263	0.00423	0.00407
23	0.01775	0.00773	0.01095	0.00847	0.01171	0.00693	0.05242	0.05175	0.01265	0.64377	0.05068	0.01640	0.03092	0.00718	0.04761	0.00170	0.00439	0.00481	0.00508	0.00710
24	0.00807	0.04922	0.02613	0.00635	0.00770	0.00510	0.00487	0.00937	0.01002	0.12376	0.14294	0.38133	0.14292	0.03858	0.00581	0.00168	0.00294	0.02454	0.00424	0.00445
25	0.01052	0.01256	0.10781	0.04172	0.12122	0.01083	0.53472	0.01410	0.01024	0.03610	0.00909	0.01187	0.00691	0.00488	0.02971	0.00165	0.02281	0.00481	0.00230	0.00616
26	0.00627	0.00468	0.00619	0.03423	0.00831	0.00450	0.00548	0.00778	0.00986	0.01282	0.09106	0.30660	0.16263	0.01220	0.00574	0.00181	0.00320	0.30858	0.00413	0.00394
27	0.01015	0.01462	0.31556	0.03015	0.05051	0.00989	0.21606	0.03788	0.07470	0.06190	0.01160	0.10463	0.00974	0.00556	0.00500	0.00150	0.02643	0.00517	0.00277	0.00620
28	0.01009	0.07312	0.35098	0.06152	0.21436	0.01079	0.07323	0.01420	0.04815	0.03486	0.00980	0.01195	0.02340	0.00463	0.00462	0.00141	0.02624	0.01791	0.00232	0.00644
29	0.01055	0.05615	0.11578	0.01369	0.04019	0.03377	0.24976	0.03406	0.13456	0.01404	0.00946	0.01163	0.00757	0.00617	0.03142	0.00173	0.21663	0.00436	0.00254	0.00595
30	0.01062	0.01960	0.59385	0.01290	0.05143	0.03713	0.05560	0.01527	0.03162	0.10152	0.02317	0.01084	0.00722	0.00450	0.00436	0.00141	0.00619	0.00368	0.00246	0.00663

[dist]
# distance from previous block
# <min> <max>
1	24

[block]
# block no. 4 follows, 58 sequences, length 125
# corresponding to MSA columns:
# 206-262,277-344
name=unknown_E
#
# <colnr> <probs for GDERKNQSTAVLIFYWHMCP>
#	G	D	E	R	K	N	Q	S	T	A	V	L	I	F	Y	W	H	M	C	P
0	0.06222	0.04097	0.25205	0.01052	0.01457	0.02624	0.03119	0.20631	0.15846	0.05853	0.01098	0.01178	0.00817	0.00514	0.00476	0.00141	0.04454	0.01428	0.00331	0.03457
1	0.02888	0.14057	0.31709	0.01239	0.04836	0.06546	0.13837	0.03537	0.04029	0.05853	0.01033	0.05247	0.02253	0.00491	0.00429	0.00136	0.00587	0.00420	0.00254	0.00617
2	0.01206	0.67622	0.02112	0.00828	0.03289	0.01605	0.00765	0.07351	0.01005	0.01239	0.00680	0.00776	0.00601	0.00390	0.00308	0.00097	0.00466	0.00259	0.00219	0.09184
3	0.00897	0.02975	0.00923	0.00707	0.02672	0.00638	0.00543	0.02746	0.04470	0.01456	0.02713	0.08117	0.06620	0.00506	0.00378	0.00090	0.00328	0.00422	0.00301	0.62496
4	0.00805	0.00519	0.00691	0.00618	0.00761	0.00479	0.02095	0.01032	0.03234	0.10765	0.63175	0.03081	0.07000	0.03076	0.00563	0.00149	0.00252	0.00757	0.00484	0.00465
5	0.00619	0.00463	0.00586	0.00637	0.00694	0.00460	0.00446	0.02704	0.03016	0.01215	0.05631	0.55988	0.10343	0.07155	0.03534	0.00212	0.03025	0.02489	0.00397	0.00386
6	0.01602	0.14105	0.01424	0.01096	0.01349	0.70758	0.00850	0.01721	0.01216	0.01089	0.00681	0.00794	0.00576	0.00450	0.00386	0.00112	0.00759	0.00281	0.00225	0.00527
7	0.01115	0.62292	0.23892	0.00903	0.01361	0.01572	0.01006	0.01360	0.00919	0.01151	0.00671	0.00779	0.00572	0.00394	0.00324	0.00108	0.00528	0.00264	0.00191	0.00598
8	0.00643	0.00431	0.00490	0.00497	0.00499	0.00429	0.00281	0.00649	0.00664	0.00886	0.01480	0.08339	0.01715	0.78746	0.02163	0.00417	0.00422	0.00692	0.00281	0.00277
9	0.01036	0.01035	0.03736	0.21218	0.56618	0.01057	0.03900	0.01315	0.00980	0.01375	0.00825	0.01123	0.00675	0.00420	0.00474	0.00139	0.02810	0.00401	0.00215	0.00649
10	0.00845	0.00795	0.01342	0.83204	0.03081	0.00994	0.01242	0.01143	0.00894	0.01143	0.00795	0.01193	0.00596	0.00447	0.00447	0.00149	0.00596	0.00398	0.00199	0.00497
11	0.00897	0.02314	0.81962	0.01275	0.01936	0.01039	0.01653	0.01417	0.00944	0.01417	0.00803	0.00944	0.00567	0.00425	0.00425	0.00142	0.00661	0.00331	0.00189	0.00661
12	0.01117	0.01007	0.00961	0.00891	0.01101	0.13027	0.00706	0.13228	0.29150	0.01684	0.01906	0.08352	0.07572	0.00801	0.00493	0.00157	0.00437	0.16427	0.00406	0.00577
13	0.04695	0.00593	0.00666	0.00734	0.00827	0.05833	0.00571	0.00905	0.03231	0.01299	0.04988	0.37081	0.04863	0.01184	0.00558	0.00181	0.00357	0.30624	0.00399	0.00410
14	0.00638	0.00434	0.00486	0.00489	0.00501	0.00427	0.00280	0.00649	0.00685	0.00901	0.01683	0.05087	0.07964	0.75604	0.02095	0.00405	0.00413	0.00689	0.00286	0.00282
15	0.00921	0.00891	0.01285	0.01107	0.01151	0.01193	0.04256	0.01087	0.03723	0.01114	0.00765	0.01165	0.00723	0.01256	0.17057	0.00293	0.60893	0.00419	0.00215	0.00485
16	0.00853	0.00811	0.01391	0.80139	0.03053	0.00999	0.04206	0.01154	0.00901	0.01154	0.00799	0.01193	0.00599	0.00445	0.00450	0.00149	0.00602	0.00402	0.00200	0.00501
17	0.01039	0.01180	0.02570	0.01844	0.02283	0.01106	0.77272	0.01406	0.01049	0.01423	0.00956	0.03908	0.00753	0.00410	0.00529	0.00152	0.00738	0.00552	0.00232	0.00595
18	0.02007	0.00761	0.01038	0.00796	0.01142	0.00657	0.00657	0.02180	0.01280	0.81799	0.01765	0.01523	0.01107	0.00554	0.00450	0.00138	0.00381	0.00450	0.00554	0.00761
19	0.01056	0.01207	0.02640	0.01885	0.02338	0.01131	0.79864	0.01433	0.01056	0.01433	0.00905	0.01207	0.00679	0.00377	0.00528	0.00151	0.00754	0.00528	0.00226	0.00603
20	0.16608	0.03321	0.01061	0.00811	0.01131	0.03682	0.00670	0.10356	0.02841	0.50167	0.01386	0.01274	0.00917	0.00528	0.00447	0.00138	0.03115	0.00397	0.00459	0.00690
21	0.01946	0.00752	0.01014	0.00784	0.01119	0.00657	0.00645	0.02141	0.02717	0.77312	0.01754	0.01531	0.01114	0.00553	0.00445	0.00137	0.00374	0.00450	0.03809	0.00747
22	0.00689	0.00476	0.00610	0.00569	0.00688	0.00441	0.00429	0.00914	0.02747	0.04524	0.71651	0.03254	0.07581	0.00898	0.00519	0.00140	0.00220	0.00788	0.02424	0.00437
23	0.00622	0.00472	0.00631	0.02317	0.00793	0.00453	0.01939	0.00797	0.03556	0.01317	0.15008	0.41446	0.12571	0.01198	0.00560	0.00174	0.00294	0.15031	0.00420	0.00401
24	0.01060	0.20984	0.42462	0.01205	0.06601	0.03504	0.03591	0.08104	0.01050	0.01432	0.00892	0.01097	0.01953	0.02003	0.00439	0.00136	0.00587	0.02046	0.00226	0.00630
25	0.62324	0.00790	0.00684	0.00601	0.00859	0.00875	0.00489	0.02791	0.00895	0.10419	0.06347	0.01172	0.03460	0.00496	0.00326	0.00137	0.00330	0.00340	0.06160	0.00507
26	0.00547	0.00439	0.00479	0.00499	0.00610	0.00381	0.00357	0.00652	0.00976	0.01209	0.08858	0.21079	0.54289	0.06782	0.00655	0.00176	0.00247	0.00985	0.00411	0.00370
27	0.04605	0.00865	0.01109	0.04816	0.13401	0.02967	0.01607	0.04634	0.01944	0.16354	0.04513	0.02708	0.01799	0.00471	0.00402	0.00110	0.00402	0.01509	0.00333	0.35450
28	0.00921	0.00869	0.01485	0.55229	0.24966	0.00997	0.03452	0.01201	0.00931	0.01238	0.00844	0.01252	0.00674	0.00467	0.00474	0.01639	0.00575	0.02024	0.00210	0.00552
29	0.00547	0.00392	0.00516	0.00614	0.00644	0.00365	0.00410	0.00624	0.00857	0.01138	0.02507	0.79648	0.05408	0.03251	0.00608	0.00186	0.00262	0.01247	0.00412	0.00362
30	0.01088	0.01077	0.01752	0.03725	0.57483	0.03176	0.05831	0.01324	0.00958	0.01368	0.00790	0.01081	0.00677	0.00477	0.00652	0.00146	0.17126	0.00402	0.00216	0.00650
31	0.03189	0.09662	0.20243	0.01502	0.21150	0.04127	0.06822	0.12719	0.01191	0.13715	0.00977	0.01077	0.00718	0.00447	0.00426	0.00133	0.00550	0.00377	0.00295	0.00680
32	0.00656	0.00467	0.00634	0.00694	0.00753	0.00456	0.01756	0.02833	0.00917	0.02952	0.02290	0.61108	0.02658	0.04872	0.00663	0.00194	0.01976	0.13323	0.00405	0.00393
33	0.73779	0.01035	0.00771	0.00725	0.03313	0.11561	0.00560	0.01378	0.00834	0.01873	0.00638	0.00748	0.00503	0.00421	0.00298	0.00135	0.00411	0.00253	0.00269	0.00495
34	0.00564	0.00445	0.00510	0.00525	0.00640	0.00391	0.00388	0.00698	0.01049	0.01342	0.22515	0.18759	0.45387	0.01134	0.00540	0.00156	0.00236	0.03902	0.00434	0.00387
35	0.01010	0.00781	0.01033	0.05813	0.07923	0.00684	0.02670	0.04774	0.02089	0.08413	0.06029	0.10699	0.01196	0.00536	0.00409	0.00107	0.00371	0.00465	0.00323	0.44677
36	0.01060	0.00900	0.00951	0.00860	0.01097	0.01030	0.00667	0.02197	0.71353	0.01835	0.05222	0.01838	0.04489	0.00636	0.00456	0.00149	0.00338	0.00532	0.03716	0.00673
37	0.00992	0.01012	0.06836	0.18494	0.37028	0.00974	0.03716	0.05514	0.05887	0.01459	0.02732	0.04579	0.06842	0.01432	0.00479	0.00145	0.00508	0.00488	0.00268	0.00614
38	0.00845	0.00795	0.01342	0.83204	0.03081	0.00994	0.01242	0.01143	0.00894	0.01143	0.00795	0.01193	0.00596	0.00447	0.00447	0.00149	0.00596	0.00398	0.00199	0.00497
39	0.00928	0.00795	0.00928	0.00663	0.01060	0.00596	0.00530	0.01126	0.00928	0.01458	0.00795	0.00928	0.00663	0.00331	0.00331	0.00066	0.00331	0.00265	0.00265	0.87014
40	0.06466	0.66517	0.14702	0.00834	0.01254	0.01608	0.00887	0.01350	0.00905	0.01168	0.00650	0.00754	0.00567	0.00391	0.00308	0.00106	0.00499	0.00254	0.00196	0.00582
41	0.01196	0.84548	0.02344	0.00765	0.01148	0.01770	0.00765	0.01339	0.00909	0.01052	0.00622	0.00718	0.00574	0.00383	0.00287	0.00096	0.00478	0.00239	0.00191	0.00574
42	0.00640	0.00477	0.00708	0.00708	0.00784	0.00553	0.00546	0.00792	0.00716	0.01030	0.01208	0.01812	0.01142	0.07103	0.78791	0.00706	0.01163	0.00487	0.00241	0.00393
43	0.00647	0.00436	0.00505	0.00507	0.00514	0.00441	0.00295	0.00660	0.00660	0.00886	0.01421	0.04884	0.01624	0.76562	0.07819	0.00447	0.00483	0.00654	0.00272	0.00282
44	0.04396	0.00764	0.01027	0.00790	0.01134	0.00667	0.00653	0.02156	0.01266	0.79568	0.01733	0.01500	0.01090	0.00550	0.00445	0.00138	0.00380	0.00444	0.00546	0.00754
45	0.00916	0.02181	0.72473	0.01348	0.01984	0.01050	0.11008	0.01419	0.00958	0.01419	0.00815	0.00976	0.00580	0.00419	0.00437	0.00143	0.00672	0.00354	0.00193	0.00654
46	0.00721	0.00515	0.00721	0.00824	0.00927	0.00515	0.00721	0.00927	0.01030	0.01339	0.02368	0.05046	0.02574	0.01236	0.00618	0.00206	0.00412	0.78478	0.00412	0.00412
47	0.01784	0.00712	0.00967	0.00758	0.01065	0.00619	0.00619	0.01963	0.01278	0.68808	0.14671	0.01818	0.01613	0.00612	0.00462	0.00139	0.00353	0.00508	0.00544	0.00706
48	0.01107	0.01063	0.01816	0.02746	0.81489	0.01063	0.01373	0.01373	0.01019	0.01461	0.00841	0.01107	0.00709	0.00399	0.00443	0.00133	0.00531	0.00399	0.00221	0.00709
49	0.01455	0.01119	0.01196	0.00974	0.01287	0.01257	0.00786	0.45454	0.35600	0.03876	0.01405	0.01336	0.01025	0.00567	0.00451	0.00142	0.00431	0.00448	0.00453	0.00738
50	0.01196	0.84548	0.02344	0.00765	0.01148	0.01770	0.00765	0.01339	0.00909	0.01052	0.00622	0.00718	0.00574	0.00383	0.00287	0.00096	0.00478	0.00239	0.00191	0.00574
51	0.01048	0.14163	0.46349	0.01263	0.03989	0.01147	0.11775	0.03956	0.04403	0.05084	0.00946	0.01066	0.01955	0.00440	0.00423	0.00136	0.00604	0.00370	0.00235	0.00647
52	0.00974	0.00975	0.01378	0.01178	0.01185	0.01354	0.02119	0.01076	0.00693	0.01083	0.00616	0.02035	0.00619	0.00785	0.01443	0.00195	0.81202	0.00405	0.00199	0.00489
53	0.00721	0.00515	0.00721	0.00824	0.00927	0.00515	0.00721	0.00927	0.01030	0.01339	0.02368	0.05046	0.02574	0.01236	0.00618	0.00206	0.00412	0.78478	0.00412	0.00412
54	0.01050	0.01198	0.03566	0.01798	0.02215	0.01147	0.70865	0.01433	0.03254	0.01419	0.00906	0.01199	0.00690	0.00414	0.00593	0.00154	0.06756	0.00515	0.00230	0.00599
55	0.01078	0.01033	0.01762	0.11779	0.72686	0.01055	0.01358	0.01347	0.01005	0.01426	0.00836	0.01117	0.00696	0.00404	0.00443	0.00135	0.00539	0.00398	0.00219	0.00685
56	0.00600	0.00456	0.00552	0.00528	0.00648	0.00408	0.00396	0.00781	0.01189	0.01610	0.57160	0.03644	0.28428	0.00983	0.00528	0.00144	0.00216	0.00851	0.00468	0.00408
57	0.00889	0.00840	0.01422	0.69632	0.16308	0.01005	0.01264	0.01182	0.00915	0.01197	0.00803	0.01178	0.00615	0.00439	0.00446	0.00146	0.00585	0.00398	0.00203	0.00533
58	0.04165	0.05666	0.18798	0.01580	0.23752	0.04279	0.09574	0.09187	0.04132	0.08380	0.01042	0.05607	0.00841	0.00493	0.00441	0.00138	0.00547	0.00436	0.00285	0.00656
59	0.01286	0.02384	0.03957	0.03523	0.05417	0.34352	0.00845	0.07810	0.01209	0.04006	0.14458	0.01511	0.01320	0.00612	0.00572	0.00138	0.10900	0.03464	0.01700	0.00535
60	0.00645	0.00419	0.00554	0.00631	0.00684	0.00386	0.00433	0.00732	0.00894	0.06532	0.02495	0.74215	0.05782	0.01332	0.00562	0.00178	0.00269	0.02440	0.00424	0.00391
61	0.00722	0.00608	0.03079	0.00813	0.00960	0.00554	0.06901	0.00968	0.05111	0.02447	0.10986	0.20027	0.11808	0.01090	0.00565	0.00178	0.00368	0.31968	0.00405	0.00441
62	0.01325	0.02603	0.06747	0.10827	0.37111	0.00950	0.03675	0.03653	0.01102	0.24291	0.01169	0.01278	0.02290	0.00466	0.00446	0.00137	0.00504	0.00420	0.00320	0.00686
63	0.01083	0.01090	0.04194	0.07373	0.68217	0.01063	0.05932	0.01385	0.02662	0.01448	0.00862	0.01125	0.00710	0.00405	0.00448	0.00136	0.00548	0.00406	0.00224	0.00688
64	0.01059	0.01236	0.06917	0.02047	0.20359	0.01110	0.57569	0.01418	0.01041	0.01438	0.00885	0.01169	0.00679	0.00385	0.00503	0.00146	0.00698	0.00487	0.00223	0.00631
65	0.01180	0.01087	0.17511	0.04134	0.03639	0.00817	0.08629	0.03150	0.07130	0.23191	0.06970	0.05870	0.07708	0.00653	0.00507	0.00149	0.02900	0.03783	0.00377	0.00615
66	0.26267	0.00995	0.13206	0.00848	0.01169	0.00808	0.07292	0.03071	0.01020	0.16657	0.06668	0.04460	0.09710	0.00633	0.00430	0.00147	0.00417	0.05290	0.00356	0.00555
67	0.01117	0.00948	0.05317	0.01283	0.06670	0.00848	0.28034	0.01481	0.08518	0.16371	0.05779	0.04131	0.09224	0.00640	0.00505	0.00152	0.00506	0.07520	0.00360	0.00597
68	0.01326	0.01360	0.23659	0.01406	0.05935	0.00957	0.28239	0.02886	0.01111	0.26859	0.01148	0.01228	0.00787	0.00450	0.00470	0.00143	0.00595	0.00441	0.00323	0.00677
69	0.00904	0.00868	0.01402	0.49308	0.16801	0.03606	0.05570	0.01171	0.00946	0.01238	0.02996	0.06820	0.00942	0.00545	0.00485	0.00150	0.02075	0.03412	0.00235	0.00528
70	0.04647	0.01039	0.01124	0.02963	0.01242	0.01136	0.00741	0.52157	0.07779	0.03662	0.06380	0.01646	0.10448	0.00687	0.02162	0.00151	0.00444	0.00495	0.00432	0.00667
71	0.00897	0.02314	0.81962	0.01275	0.01936	0.01039	0.01653	0.01417	0.00944	0.01417	0.00803	0.00944	0.00567	0.00425	0.00425	0.00142	0.00661	0.00331	0.00189	0.00661
72	0.01010	0.00964	0.01640	0.32516	0.52477	0.01037	0.01325	0.01288	0.00973	0.01344	0.00824	0.01139	0.00667	0.00417	0.00444	0.00139	0.00555	0.00398	0.00213	0.00630
73	0.00786	0.00506	0.00636	0.00594	0.00733	0.00465	0.00451	0.01005	0.04183	0.10826	0.48776	0.09801	0.16375	0.00942	0.00521	0.00147	0.00246	0.02071	0.00478	0.00460
74	0.00923	0.00875	0.01484	0.59125	0.26546	0.01014	0.01281	0.01212	0.00932	0.01238	0.00809	0.01167	0.00630	0.00433	0.00446	0.00144	0.00577	0.00398	0.00206	0.00560
75	0.01071	0.01283	0.09827	0.01863	0.12002	0.01122	0.56466	0.04783	0.01075	0.01487	0.00886	0.01155	0.00673	0.00399	0.00522	0.00147	0.02554	0.00481	0.00232	0.01973
76	0.00621	0.00474	0.00662	0.00668	0.00764	0.00432	0.05644	0.00735	0.00933	0.03225	0.05369	0.50340	0.22110	0.03310	0.00597	0.00177	0.00293	0.02845	0.00405	0.00393
77	0.00845	0.00795	0.01342	0.83204	0.03081	0.00994	0.01242	0.01143	0.00894	0.01143	0.00795	0.01193	0.00596	0.00447	0.00447	0.00149	0.00596	0.00398	0.00199	0.00497
78	0.01074	0.05689	0.28907	0.03558	0.01896	0.01051	0.30931	0.03992	0.03277	0.07977	0.01057	0.04369	0.00833	0.00485	0.00472	0.00146	0.00626	0.02771	0.00264	0.00625
79	0.01023	0.01148	0.02367	0.01727	0.02119	0.03118	0.67786	0.01356	0.01029	0.01385	0.01027	0.08596	0.00877	0.00486	0.00564	0.00154	0.03836	0.00583	0.00242	0.00575
80	0.00961	0.00914	0.01552	0.47508	0.37867	0.01024	0.01300	0.01245	0.00950	0.01284	0.00816	0.01155	0.00646	0.00426	0.00445	0.00142	0.00568	0.00398	0.00209	0.00591
81	0.01090	0.01051	0.01803	0.07293	0.72329	0.01062	0.04317	0.01383	0.02669	0.01451	0.00862	0.01127	0.00715	0.00405	0.00447	0.00135	0.00540	0.00406	0.00225	0.00692
82	0.00673	0.00645	0.06812	0.00736	0.00900	0.00519	0.04689	0.00876	0.01059	0.01413	0.24207	0.08946	0.18978	0.04846	0.00629	0.00178	0.00346	0.22720	0.00402	0.00427
83	0.42391	0.00936	0.01063	0.00848	0.01168	0.00995	0.08484	0.15518	0.01152	0.19837	0.01029	0.01122	0.00744	0.00485	0.00379	0.00141	0.00422	0.02314	0.00367	0.00605
84	0.01105	0.01061	0.01809	0.02720	0.80199	0.01068	0.01367	0.01368	0.01013	0.01455	0.00837	0.01105	0.00707	0.00405	0.00459	0.00134	0.01863	0.00398	0.00221	0.00705
85	0.01041	0.00910	0.03837	0.08867	0.12741	0.00845	0.27011	0.01306	0.01044	0.12183	0.04088	0.10672	0.05950	0.00651	0.00507	0.00154	0.00528	0.06775	0.00321	0.00571
86	0.00685	0.00476	0.00609	0.00643	0.00749	0.00445	0.00498	0.00856	0.02412	0.05173	0.19649	0.26114	0.17657	0.01150	0.00558	0.00171	0.00290	0.21011	0.00438	0.00416
87	0.01173	0.01160	0.02292	0.03964	0.02114	0.03744	0.60852	0.01497	0.01059	0.10491	0.00971	0.01214	0.00716	0.00429	0.00576	0.00151	0.06231	0.00498	0.00261	0.00608
88	0.00966	0.00728	0.00956	0.10046	0.12974	0.03749	0.01746	0.01217	0.05478	0.13095	0.17859	0.02580	0.25280	0.00758	0.00487	0.00143	0.00367	0.00651	0.00391	0.00530
89	0.01034	0.09392	0.42023	0.01425	0.01970	0.01138	0.29310	0.03633	0.01022	0.03612	0.00856	0.01036	0.00627	0.00411	0.00450	0.00140	0.00665	0.00398	0.00220	0.00638
90	0.03181	0.00956	0.01057	0.00872	0.01174	0.05782	0.00699	0.09410	0.29363	0.38698	0.02912	0.01504	0.01173	0.00569	0.00447	0.00141	0.00404	0.00457	0.00484	0.00717
91	0.01095	0.01019	0.03107	0.13752	0.36639	0.02186	0.04857	0.01646	0.23256	0.04544	0.01173	0.02806	0.00926	0.00488	0.00453	0.00142	0.00498	0.00449	0.00299	0.00665
92	0.00606	0.00597	0.08339	0.00661	0.00777	0.00447	0.00534	0.00770	0.01000	0.01378	0.27508	0.47942	0.05455	0.01145	0.00542	0.00164	0.00282	0.01024	0.00418	0.00411
93	0.01178	0.01146	0.05303	0.10716	0.45420	0.05733	0.13518	0.01458	0.01047	0.08784	0.00921	0.01145	0.00715	0.00419	0.00454	0.00137	0.00581	0.00414	0.00249	0.00662
94	0.01013	0.00996	0.01780	0.29183	0.43972	0.01050	0.12863	0.01306	0.00983	0.01352	0.00835	0.01150	0.00667	0.00411	0.00457	0.00141	0.00586	0.00417	0.00215	0.00623
95	0.01090	0.07057	0.11457	0.01123	0.01406	0.01013	0.17459	0.01328	0.00996	0.14063	0.10294	0.01608	0.07189	0.00630	0.00718	0.00154	0.21040	0.00500	0.00308	0.00568
96	0.01472	0.01177	0.14842	0.01230	0.08659	0.04055	0.11779	0.04891	0.04921	0.35680	0.01370	0.01500	0.00981	0.00530	0.00463	0.00143	0.00514	0.04716	0.00389	0.00687
97	0.01010	0.07609	0.63500	0.01229	0.01819	0.02786	0.04884	0.04014	0.03752	0.04070	0.00868	0.00986	0.00624	0.00435	0.00422	0.00138	0.00631	0.00344	0.00221	0.00658
98	0.01092	0.01047	0.01788	0.07363	0.76989	0.01059	0.01365	0.01360	0.01011	0.01443	0.00839	0.01112	0.00702	0.00401	0.00443	0.00134	0.00535	0.00399	0.00220	0.00696
99	0.00986	0.00936	0.01566	0.39743	0.42286	0.01033	0.01287	0.01305	0.04016	0.01330	0.00858	0.01168	0.00682	0.00429	0.00445	0.00141	0.00555	0.00402	0.00220	0.00611
100	0.01099	0.10176	0.22850	0.01837	0.31430	0.01138	0.14402	0.03070	0.02760	0.04593	0.00878	0.01066	0.00682	0.00419	0.00451	0.00136	0.01727	0.00390	0.00233	0.00665
101	0.00675	0.00490	0.00658	0.00748	0.00834	0.00485	0.00608	0.00874	0.03812	0.01287	0.02445	0.27949	0.05710	0.02686	0.00623	0.00199	0.00358	0.48743	0.00412	0.00404
102	0.00652	0.00490	0.00593	0.00675	0.00737	0.03494	0.00491	0.00759	0.00922	0.02941	0.02473	0.60058	0.06856	0.01302	0.00569	0.00181	0.00310	0.15699	0.00411	0.00388
103	0.02766	0.32159	0.35733	0.01100	0.03148	0.13782	0.02888	0.01443	0.00981	0.01247	0.00719	0.00846	0.00575	0.00413	0.00371	0.00121	0.00610	0.00295	0.00199	0.00604
104	0.03366	0.11923	0.40635	0.01400	0.09845	0.05374	0.12883	0.01395	0.00974	0.01370	0.00836	0.01093	0.00664	0.00443	0.00444	0.00137	0.02137	0.02901	0.00211	0.01969
105	0.00594	0.00437	0.00556	0.00565	0.00654	0.00399	0.00409	0.00754	0.01117	0.01531	0.48643	0.26344	0.14175	0.01082	0.00540	0.00154	0.00227	0.00958	0.00460	0.00399
106	0.01105	0.01068	0.01847	0.02713	0.78506	0.01065	0.04331	0.01375	0.01020	0.01460	0.00844	0.01111	0.00707	0.00398	0.00446	0.00134	0.00540	0.00403	0.00222	0.00705
107	0.01109	0.01032	0.01742	0.11076	0.70225	0.01053	0.01335	0.02804	0.01031	0.03064	0.00859	0.01124	0.00706	0.00409	0.00444	0.00135	0.00534	0.00400	0.00230	0.00688
108	0.00693	0.00471	0.00632	0.00617	0.00685	0.00496	0.00443	0.00810	0.00816	0.04170	0.15739	0.02422	0.01846	0.29653	0.37995	0.00498	0.00736	0.00594	0.00308	0.00375
109	0.00858	0.00811	0.01378	0.79020	0.06033	0.00998	0.02353	0.01156	0.00901	0.01159	0.00798	0.01190	0.00602	0.00444	0.00448	0.00148	0.00596	0.00399	0.00200	0.00506
110	0.01122	0.01092	0.01801	0.02702	0.79313	0.03275	0.01359	0.01384	0.01025	0.01451	0.00837	0.01099	0.00705	0.00400	0.00442	0.00132	0.00539	0.00396	0.00222	0.00703
111	0.87439	0.00865	0.00657	0.00588	0.00865	0.01003	0.00484	0.01315	0.00761	0.02007	0.00623	0.00727	0.00484	0.00415	0.00277	0.00138	0.00346	0.00242	0.00277	0.00484
112	0.00892	0.00906	0.09201	0.01489	0.30696	0.00748	0.04019	0.01126	0.01042	0.05498	0.10588	0.08194	0.20176	0.00731	0.00488	0.00145	0.00417	0.02756	0.00329	0.00561
113	0.04270	0.00825	0.01087	0.33294	0.01843	0.00952	0.00875	0.14706	0.15736	0.02851	0.01371	0.17708	0.01239	0.00682	0.00467	0.00153	0.00454	0.00587	0.00340	0.00558
114	0.01248	0.01119	0.01661	0.03120	0.41690	0.05768	0.10170	0.09525	0.10205	0.07114	0.01033	0.01187	0.00801	0.00453	0.00466	0.00137	0.01743	0.00421	0.00295	0.01842
115	0.01353	0.57638	0.01998	0.00883	0.01225	0.22653	0.00797	0.06707	0.01082	0.01181	0.00670	0.00764	0.00587	0.00413	0.00328	0.00103	0.00564	0.00263	0.00219	0.00572
116	0.00562	0.00406	0.00534	0.00631	0.00664	0.00386	0.00424	0.00675	0.03222	0.01164	0.02446	0.81547	0.02911	0.01378	0.00568	0.00181	0.00262	0.01249	0.00416	0.00374
117	0.05507	0.64342	0.02048	0.00792	0.01164	0.01610	0.00755	0.11351	0.01078	0.06713	0.00755	0.00817	0.00629	0.00415	0.00318	0.00105	0.00467	0.00274	0.00252	0.00606
118	0.00651	0.00434	0.00488	0.00488	0.00488	0.00434	0.00271	0.00651	0.00651	0.00867	0.01409	0.02927	0.01626	0.84279	0.02277	0.00434	0.00434	0.00651	0.00271	0.00271
119	0.00545	0.00389	0.00519	0.00623	0.00649	0.00363	0.00415	0.00623	0.00856	0.01142	0.02465	0.83987	0.02959	0.01401	0.00571	0.00182	0.00260	0.01272	0.00415	0.00363
120	0.01075	0.45468	0.37984	0.01004	0.01507	0.03635	0.01166	0.01386	0.00935	0.01217	0.00705	0.00822	0.00571	0.00404	0.00352	0.00117	0.00569	0.00281	0.00191	0.00612
121	0.10066	0.48082	0.06295	0.00819	0.01187	0.12581	0.00771	0.02402	0.00963	0.01252	0.00670	0.00775	0.00579	0.00395	0.00318	0.00102	0.00501	0.00257	0.00218	0.11768
122	0.15021	0.09694	0.04809	0.01741	0.38799	0.09514	0.01048	0.05470	0.01064	0.07598	0.00849	0.00999	0.00672	0.00426	0.00396	0.00129	0.00517	0.00347	0.00263	0.00644
123	0.07979	0.06979	0.02966	0.03314	0.54462	0.05742	0.03711	0.01351	0.00983	0.01421	0.00825	0.01077	0.00696	0.00600	0.05898	0.00170	0.00583	0.00377	0.00225	0.00642
124	0.14257	0.01086	0.04508	0.06600	0.39884	0.06086	0.01061	0.03936	0.01050	0.12154	0.00922	0.01075	0.00707	0.00431	0.00411	0.00132	0.00499	0.00366	0.00281	0.04554

[dist]
# distance from previous block
# <min> <max>
3	149

[block]
# block no. 5 follows, 58 sequences, length 32
# corresponding to MSA columns:
# 494-525
name=unknown_F
#
# <colnr> <probs for GDERKNQSTAVLIFYWHMCP>
#	G	D	E	R	K	N	Q	S	T	A	V	L	I	F	Y	W	H	M	C	P
0	0.05528	0.07497	0.12513	0.01298	0.19295	0.04051	0.02354	0.02612	0.01046	0.15470	0.01423	0.08223	0.04466	0.00637	0.00452	0.00143	0.00471	0.09378	0.00326	0.02817
1	0.02960	0.01115	0.01692	0.09866	0.64054	0.06631	0.01287	0.04433	0.01061	0.01472	0.00831	0.01085	0.00687	0.00413	0.00437	0.00133	0.00551	0.00388	0.00230	0.00674
2	0.00912	0.00792	0.01312	0.66666	0.06477	0.00943	0.02447	0.01207	0.02060	0.05610	0.02487	0.02669	0.02008	0.00502	0.00457	0.00149	0.00559	0.01984	0.00240	0.00519
3	0.01206	0.02645	0.06349	0.05589	0.40800	0.08163	0.10636	0.02430	0.01082	0.10315	0.04088	0.02823	0.00903	0.00463	0.00453	0.00136	0.00557	0.00436	0.00273	0.00653
4	0.01018	0.00931	0.10135	0.03700	0.05337	0.04956	0.05594	0.01264	0.02511	0.13263	0.01756	0.07472	0.05535	0.02341	0.04370	0.00197	0.04057	0.24682	0.00352	0.00528
5	0.01027	0.00981	0.01671	0.27273	0.57587	0.01042	0.01333	0.01303	0.00981	0.01364	0.00827	0.01133	0.00674	0.00413	0.00444	0.00138	0.00551	0.00398	0.00215	0.00644
6	0.01462	0.43043	0.01784	0.00930	0.01246	0.35530	0.00798	0.01596	0.01090	0.07757	0.00746	0.00822	0.00619	0.00430	0.00349	0.00107	0.00608	0.00277	0.00238	0.00566
7	0.01346	0.03372	0.08571	0.01745	0.30803	0.01073	0.12123	0.14827	0.03979	0.16078	0.01079	0.01185	0.00791	0.00456	0.00452	0.00137	0.00533	0.00420	0.00324	0.00704
8	0.01098	0.01054	0.01800	0.05454	0.78849	0.01061	0.01368	0.01365	0.01014	0.01451	0.00840	0.01110	0.00705	0.00400	0.00443	0.00133	0.00534	0.00399	0.00221	0.00701
9	0.00647	0.00446	0.00549	0.00549	0.00569	0.00467	0.00347	0.00689	0.00668	0.00912	0.01354	0.02620	0.01493	0.63041	0.23332	0.00509	0.00634	0.00606	0.00263	0.00305
10	0.87439	0.00865	0.00657	0.00588	0.00865	0.01003	0.00484	0.01315	0.00761	0.02007	0.00623	0.00727	0.00484	0.00415	0.00277	0.00138	0.00346	0.00242	0.00277	0.00484
11	0.00679	0.00491	0.00642	0.00609	0.00642	0.00511	0.03607	0.00726	0.00692	0.00937	0.01373	0.02729	0.01527	0.64687	0.12341	0.00442	0.03145	0.03638	0.00268	0.00313
12	0.87439	0.00865	0.00657	0.00588	0.00865	0.01003	0.00484	0.01315	0.00761	0.02007	0.00623	0.00727	0.00484	0.00415	0.00277	0.00138	0.00346	0.00242	0.00277	0.00484
13	0.87439	0.00865	0.00657	0.00588	0.00865	0.01003	0.00484	0.01315	0.00761	0.02007	0.00623	0.00727	0.00484	0.00415	0.00277	0.00138	0.00346	0.00242	0.00277	0.00484
14	0.01085	0.01041	0.01777	0.09384	0.75019	0.01057	0.01362	0.01354	0.01008	0.01435	0.00838	0.01114	0.00699	0.00403	0.00443	0.00134	0.00537	0.00398	0.00220	0.00691
15	0.01107	0.01063	0.01816	0.02746	0.81489	0.01063	0.01373	0.01373	0.01019	0.01461	0.00841	0.01107	0.00709	0.00399	0.00443	0.00133	0.00531	0.00399	0.00221	0.00709
16	0.00969	0.00913	0.01533	0.49036	0.34609	0.01030	0.01286	0.02941	0.00971	0.01307	0.00820	0.01156	0.00645	0.00430	0.00445	0.00142	0.00568	0.00398	0.00213	0.00588
17	0.73071	0.06098	0.00829	0.04456	0.01016	0.05839	0.00559	0.01336	0.00806	0.01855	0.00635	0.00752	0.00501	0.00417	0.00293	0.00135	0.00393	0.00252	0.00265	0.00493
18	0.01230	0.00986	0.01155	0.01144	0.11870	0.04678	0.02104	0.37617	0.01497	0.01979	0.01581	0.17207	0.05695	0.02390	0.00523	0.00155	0.00450	0.06741	0.00390	0.00608
19	0.01130	0.01107	0.01793	0.02680	0.78208	0.04398	0.01352	0.01390	0.01029	0.01446	0.00835	0.01095	0.00703	0.00401	0.00441	0.00132	0.00543	0.00394	0.00222	0.00701
20	0.00895	0.00801	0.02620	0.43555	0.12684	0.00876	0.05767	0.02411	0.01968	0.03264	0.01080	0.11440	0.00979	0.00664	0.00577	0.07343	0.00526	0.01795	0.00249	0.00505
21	0.01671	0.02132	0.01268	0.01152	0.01383	0.82483	0.00864	0.01786	0.01268	0.01095	0.00691	0.00807	0.00576	0.00461	0.00403	0.00115	0.00807	0.00288	0.00230	0.00519
22	0.01173	0.06666	0.01128	0.00919	0.01183	0.05897	0.00726	0.05154	0.67779	0.01806	0.01647	0.01533	0.01244	0.00581	0.00441	0.00145	0.00394	0.00471	0.00424	0.00690
23	0.01061	0.01034	0.01561	0.36093	0.39960	0.06796	0.01262	0.04446	0.01028	0.01357	0.00821	0.01120	0.00655	0.00429	0.00442	0.00138	0.00576	0.00391	0.00222	0.00609
24	0.01216	0.16355	0.29747	0.01086	0.03535	0.02488	0.02747	0.20147	0.03416	0.06846	0.01055	0.05911	0.00857	0.00530	0.00423	0.00135	0.00534	0.02018	0.00302	0.00652
25	0.01671	0.06094	0.01401	0.01014	0.01373	0.01409	0.00845	0.75425	0.02034	0.02716	0.01048	0.01053	0.00750	0.00528	0.00438	0.00132	0.00491	0.00393	0.00433	0.00750
26	0.01615	0.05859	0.01215	0.00895	0.01214	0.01099	0.00736	0.39495	0.09019	0.24683	0.01336	0.01343	0.00957	0.04276	0.02479	0.00161	0.00456	0.00429	0.02022	0.00709
27	0.07563	0.00925	0.02190	0.00838	0.01116	0.08815	0.00690	0.08904	0.01234	0.43459	0.01539	0.01872	0.01182	0.05490	0.00579	0.00163	0.01912	0.10447	0.00447	0.00638
28	0.18622	0.40441	0.04836	0.00869	0.01216	0.11805	0.04259	0.07398	0.01029	0.03345	0.00723	0.00826	0.00597	0.00470	0.01814	0.00126	0.00525	0.00284	0.00244	0.00569
29	0.00767	0.06786	0.00855	0.00702	0.00857	0.00640	0.03196	0.05512	0.03710	0.01485	0.25093	0.11131	0.12836	0.04836	0.04889	0.00195	0.00374	0.13222	0.00398	0.02517
30	0.12701	0.18130	0.10332	0.02717	0.05962	0.01284	0.00882	0.30516	0.01328	0.03346	0.00887	0.01049	0.00705	0.04917	0.00521	0.00146	0.03281	0.00354	0.00310	0.00632
31	0.26063	0.11327	0.25681	0.04299	0.08271	0.05160	0.01019	0.04450	0.02380	0.02736	0.00769	0.00897	0.00591	0.00423	0.00365	0.00130	0.00511	0.00305	0.00243	0.04381

[dist]
# distance from previous block
# <min> <max>
7	30

[block]
# block no. 6 follows, 58 sequences, length 16
# corresponding to MSA columns:
# 557-572
name=unknown_G
#
# <colnr> <probs for GDERKNQSTAVLIFYWHMCP>
#	G	D	E	R	K	N	Q	S	T	A	V	L	I	F	Y	W	H	M	C	P
0	0.16064	0.02542	0.01306	0.09365	0.23739	0.07987	0.02568	0.08792	0.05225	0.12544	0.01016	0.01197	0.00784	0.01879	0.00445	0.00141	0.00493	0.01695	0.00312	0.01905
1	0.07199	0.01034	0.01434	0.16407	0.31236	0.06705	0.04541	0.08324	0.02151	0.02979	0.03731	0.01263	0.00854	0.00465	0.00432	0.00133	0.00520	0.02544	0.00270	0.07779
2	0.14053	0.01032	0.02596	0.01668	0.35502	0.03822	0.04494	0.09377	0.03202	0.07157	0.06524	0.01226	0.00959	0.00464	0.00420	0.00131	0.00471	0.00403	0.00303	0.06195
3	0.01319	0.14810	0.08217	0.01403	0.16581	0.29300	0.06705	0.04046	0.02153	0.03873	0.02297	0.01035	0.01896	0.00454	0.00423	0.00123	0.01768	0.00354	0.00247	0.02996
4	0.01064	0.01015	0.01640	0.01781	0.32074	0.05808	0.20591	0.02497	0.02565	0.03928	0.02189	0.02705	0.00985	0.13805	0.00757	0.00185	0.00561	0.02110	0.00262	0.03477
