[name]
unknown

[dist]
# distance from previous block
# <min> <max>
0	114

[block]
# block no. 0 follows, 61 sequences, length 10
# corresponding to MSA columns:
# 114-123
name=unknown_A
#
# <colnr> <probs for GDERKNQSTAVLIFYWHMCP>
#	G	D	E	R	K	N	Q	S	T	A	V	L	I	F	Y	W	H	M	C	P
0	0.00662	0.00485	0.00649	0.00731	0.00838	0.00473	0.00630	0.00845	0.00990	0.01267	0.02643	0.04735	0.16311	0.01173	0.00580	0.00189	0.00366	0.65644	0.00397	0.00391
1	0.01529	0.01199	0.01510	0.01135	0.01495	0.01293	0.14698	0.66934	0.01850	0.02483	0.01006	0.01056	0.00719	0.00490	0.00444	0.00132	0.00518	0.00409	0.00394	0.00706
2	0.01340	0.01023	0.01190	0.15340	0.01526	0.01145	0.00828	0.52850	0.06444	0.02264	0.10521	0.01344	0.01130	0.00549	0.00440	0.00133	0.00452	0.00439	0.00395	0.00647
3	0.00726	0.00402	0.00588	0.00606	0.00627	0.00407	0.00435	0.00634	0.00647	0.00861	0.01064	0.02012	0.01103	0.04981	0.06355	0.63545	0.00426	0.14114	0.00229	0.00238
4	0.01010	0.00995	0.01781	0.07910	0.58018	0.00992	0.15048	0.01281	0.00986	0.01384	0.03319	0.01244	0.03207	0.00419	0.00446	0.00133	0.00535	0.00433	0.00226	0.00633
5	0.01102	0.01100	0.01686	0.05732	0.72204	0.07959	0.01276	0.01347	0.00996	0.01365	0.00796	0.01045	0.00667	0.00391	0.00423	0.00127	0.00537	0.00375	0.00213	0.00659
6	0.01817	0.00723	0.00973	0.00757	0.01072	0.00637	0.00621	0.02028	0.04448	0.74265	0.06643	0.01580	0.01261	0.00557	0.00438	0.00134	0.00355	0.00457	0.00526	0.00711
7	0.04594	0.00923	0.01145	0.00880	0.01216	0.00920	0.03644	0.29214	0.04459	0.46288	0.01405	0.01286	0.00925	0.00519	0.00430	0.00133	0.00415	0.00416	0.00474	0.00717
8	0.01066	0.01023	0.01748	0.02644	0.82174	0.01023	0.01322	0.01322	0.00981	0.01407	0.00810	0.01066	0.00682	0.00384	0.00426	0.00128	0.00512	0.00384	0.00213	0.00682
9	0.01399	0.00750	0.00910	0.00751	0.01013	0.00730	0.00607	0.16119	0.08369	0.36772	0.08587	0.05098	0.11949	0.00696	0.00461	0.00140	0.00348	0.04203	0.00473	0.00624

[dist]
# distance from previous block
# <min> <max>
0	2

[block]
# block no. 1 follows, 61 sequences, length 62
# corresponding to MSA columns:
# 126-187
name=unknown_B
#
# <colnr> <probs for GDERKNQSTAVLIFYWHMCP>
#	G	D	E	R	K	N	Q	S	T	A	V	L	I	F	Y	W	H	M	C	P
0	0.01031	0.00986	0.01659	0.12980	0.68035	0.01022	0.01280	0.01316	0.03311	0.01372	0.00827	0.01090	0.00685	0.00403	0.00447	0.00132	0.02169	0.00387	0.00217	0.00652
1	0.00969	0.00834	0.00905	0.03171	0.01074	0.02095	0.00640	0.02815	0.56332	0.01703	0.13405	0.03635	0.04970	0.00653	0.00469	0.00143	0.02072	0.00546	0.00420	0.03149
2	0.00936	0.00933	0.01307	0.01122	0.01124	0.01303	0.00934	0.01031	0.00660	0.01036	0.00577	0.00958	0.00576	0.00805	0.03083	0.00199	0.82380	0.00379	0.00189	0.00469
3	0.00839	0.00791	0.01341	0.71722	0.08389	0.00953	0.03486	0.01115	0.00868	0.01130	0.00769	0.01138	0.00588	0.00443	0.00462	0.01486	0.01597	0.00384	0.00195	0.02304
4	0.00864	0.02228	0.82630	0.01228	0.01864	0.01000	0.01592	0.01364	0.00909	0.01364	0.00773	0.00909	0.00546	0.00409	0.00409	0.00136	0.00637	0.00318	0.00182	0.00637
5	0.00813	0.00766	0.01292	0.83826	0.02967	0.00957	0.01196	0.01101	0.00861	0.01101	0.00766	0.01148	0.00574	0.00431	0.00431	0.00144	0.00574	0.00383	0.00191	0.00479
6	0.01012	0.00937	0.01301	0.01108	0.01134	0.01282	0.00923	0.02935	0.00722	0.05500	0.00638	0.00973	0.00597	0.00736	0.01338	0.00184	0.77594	0.00380	0.00213	0.00491
7	0.01017	0.01162	0.02542	0.01816	0.02251	0.01089	0.80610	0.01380	0.01017	0.01380	0.00871	0.01162	0.00654	0.00363	0.00508	0.00145	0.00726	0.00508	0.00218	0.00581
8	0.00876	0.00747	0.00874	0.00636	0.01002	0.00564	0.00505	0.01062	0.00890	0.01389	0.00842	0.04886	0.00744	0.00368	0.00330	0.00069	0.00316	0.00301	0.00262	0.83337
9	0.01001	0.11382	0.62651	0.01179	0.04264	0.01070	0.01396	0.04448	0.00971	0.06585	0.00824	0.00930	0.00591	0.00416	0.00397	0.00131	0.00589	0.00321	0.00215	0.00639
10	0.01516	0.03611	0.15067	0.00996	0.03501	0.02231	0.00898	0.35306	0.05179	0.24206	0.02428	0.01179	0.00861	0.00503	0.00424	0.00131	0.00467	0.00393	0.00402	0.00699
11	0.00813	0.00766	0.01292	0.83826	0.02967	0.00957	0.01196	0.01101	0.00861	0.01101	0.00766	0.01148	0.00574	0.00431	0.00431	0.00144	0.00574	0.00383	0.00191	0.00479
12	0.01207	0.01008	0.04450	0.06106	0.39076	0.00954	0.13577	0.06968	0.01106	0.15585	0.04905	0.01251	0.00901	0.00443	0.00444	0.00133	0.00510	0.00429	0.00295	0.00653
13	0.00979	0.01011	0.03095	0.01283	0.09055	0.03658	0.02826	0.02268	0.00741	0.01110	0.00623	0.00984	0.00596	0.01983	0.01243	0.00181	0.67289	0.00381	0.00197	0.00499
14	0.00531	0.00379	0.00507	0.00600	0.00627	0.00359	0.00402	0.00607	0.00815	0.01090	0.02302	0.79382	0.02749	0.03362	0.03878	0.00201	0.00290	0.01180	0.00390	0.00349
15	0.87904	0.00833	0.00633	0.00566	0.00833	0.00966	0.00467	0.01266	0.00733	0.01933	0.00600	0.00700	0.00467	0.00400	0.00267	0.00133	0.00333	0.00233	0.00267	0.00467
16	0.00531	0.00389	0.00502	0.00585	0.00628	0.00356	0.00395	0.00611	0.00841	0.01112	0.02533	0.75197	0.10409	0.01304	0.00541	0.00170	0.00248	0.01175	0.00397	0.02077
17	0.00525	0.00375	0.00500	0.00600	0.00625	0.00350	0.00400	0.00600	0.00825	0.01100	0.02374	0.84580	0.02849	0.01350	0.00550	0.00175	0.00250	0.01225	0.00400	0.00350
18	0.00870	0.02136	0.76829	0.01220	0.01828	0.01001	0.02903	0.01348	0.00904	0.01356	0.00768	0.00914	0.00550	0.00416	0.00438	0.00136	0.03070	0.00322	0.00185	0.02806
19	0.01066	0.01023	0.01748	0.02644	0.82174	0.01023	0.01322	0.01322	0.00981	0.01407	0.00810	0.01066	0.00682	0.00384	0.00426	0.00128	0.00512	0.00384	0.00213	0.00682
20	0.01056	0.01020	0.01747	0.03882	0.75318	0.01036	0.03624	0.01309	0.00967	0.01387	0.00802	0.01065	0.00675	0.00399	0.00468	0.00131	0.03848	0.00387	0.00212	0.00668
21	0.01064	0.01028	0.01777	0.02614	0.79276	0.01026	0.04197	0.01324	0.00982	0.01406	0.00812	0.01070	0.00681	0.00383	0.00429	0.00129	0.00520	0.00388	0.00213	0.00679
22	0.01152	0.85121	0.02257	0.00737	0.01106	0.01704	0.00737	0.01290	0.00875	0.01013	0.00599	0.00691	0.00553	0.00369	0.00276	0.00092	0.00461	0.00230	0.00184	0.00553
23	0.00616	0.00461	0.00688	0.00688	0.00763	0.00536	0.00533	0.00766	0.00691	0.00997	0.01158	0.01715	0.01087	0.04866	0.81533	0.00687	0.01139	0.00465	0.00231	0.00382
24	0.00884	0.00820	0.01349	0.10964	0.36731	0.00824	0.08106	0.02767	0.02416	0.01429	0.16301	0.02897	0.11497	0.00586	0.00462	0.00136	0.00437	0.00546	0.00293	0.00556
25	0.01083	0.00826	0.04707	0.10031	0.21827	0.00762	0.06771	0.02365	0.02170	0.19173	0.06967	0.11646	0.06209	0.00696	0.02678	0.00155	0.00451	0.00565	0.00339	0.00577
26	0.00813	0.00766	0.01292	0.83826	0.02967	0.00957	0.01196	0.01101	0.00861	0.01101	0.00766	0.01148	0.00574	0.00431	0.00431	0.00144	0.00574	0.00383	0.00191	0.00479
27	0.01926	0.00743	0.01006	0.00771	0.01105	0.00648	0.00637	0.03810	0.01250	0.80738	0.01685	0.01457	0.01059	0.00533	0.00433	0.00133	0.00369	0.00432	0.00531	0.00733
28	0.01040	0.13102	0.08021	0.23349	0.26089	0.11148	0.04070	0.01303	0.02090	0.01230	0.02490	0.01103	0.02296	0.00430	0.00407	0.00127	0.00557	0.00368	0.00214	0.00568
29	0.01183	0.67647	0.04086	0.00820	0.01153	0.11128	0.00784	0.01324	0.00902	0.01029	0.00609	0.00724	0.00554	0.00405	0.00370	0.00102	0.06202	0.00248	0.00189	0.00543
30	0.00795	0.00602	0.02798	0.04743	0.02808	0.00638	0.02283	0.01903	0.00765	0.07329	0.01160	0.01789	0.01088	0.20557	0.40348	0.00467	0.06980	0.00480	0.02052	0.00417
31	0.03205	0.01420	0.05380	0.01226	0.01419	0.29568	0.14463	0.01368	0.00937	0.02338	0.00680	0.00923	0.00581	0.00552	0.00816	0.00150	0.33892	0.00360	0.00212	0.00511
32	0.00948	0.05450	0.47147	0.09386	0.12729	0.03243	0.08014	0.02942	0.02543	0.01353	0.00804	0.00988	0.00602	0.00445	0.01481	0.00141	0.00615	0.00351	0.00202	0.00615
33	0.01056	0.01013	0.01730	0.05878	0.79019	0.01021	0.01317	0.01313	0.00976	0.01395	0.00808	0.01069	0.00678	0.00386	0.00427	0.00129	0.00514	0.00384	0.00212	0.00674
34	0.09803	0.05850	0.14494	0.04780	0.21773	0.01054	0.29333	0.01371	0.00959	0.05306	0.00834	0.01040	0.00636	0.00390	0.00429	0.00135	0.00582	0.00396	0.00228	0.00605
35	0.01312	0.05924	0.12102	0.13139	0.19595	0.03139	0.06954	0.03505	0.01064	0.27408	0.01079	0.01163	0.00761	0.00444	0.00424	0.00132	0.00510	0.00389	0.00313	0.00645
36	0.01060	0.00841	0.00923	0.02485	0.01090	0.00946	0.00650	0.02043	0.63299	0.07452	0.08575	0.04143	0.03314	0.00636	0.00448	0.00145	0.00331	0.00536	0.00441	0.00642
37	0.00532	0.00386	0.00504	0.00592	0.00632	0.00358	0.00405	0.00617	0.00853	0.01126	0.04183	0.72828	0.09647	0.01311	0.00547	0.00173	0.00252	0.04297	0.00401	0.00354
38	0.01050	0.01019	0.01760	0.05810	0.69034	0.01032	0.07333	0.01341	0.03368	0.01398	0.00837	0.01091	0.00693	0.00397	0.00450	0.00131	0.01978	0.00396	0.00219	0.00663
39	0.00630	0.00493	0.00677	0.00810	0.08255	0.00474	0.01732	0.03430	0.02578	0.01209	0.02356	0.62551	0.10806	0.01173	0.00527	0.00165	0.00288	0.01059	0.00382	0.00406
40	0.00525	0.00375	0.00500	0.00600	0.00625	0.00350	0.00400	0.00600	0.00825	0.01100	0.02374	0.84580	0.02849	0.01350	0.00550	0.00175	0.00250	0.01225	0.00400	0.00350
41	0.00945	0.00910	0.01430	0.47721	0.20583	0.03425	0.03306	0.04090	0.00921	0.01228	0.00761	0.01090	0.00605	0.00461	0.00550	0.00144	0.10703	0.00383	0.00206	0.00537
42	0.01003	0.00961	0.01631	0.12630	0.66619	0.00980	0.02411	0.01256	0.00967	0.01355	0.01002	0.01248	0.05166	0.00428	0.00433	0.00131	0.00506	0.00415	0.00221	0.00638
43	0.00848	0.00799	0.01343	0.67380	0.15305	0.00958	0.01190	0.01121	0.00876	0.01148	0.00812	0.03369	0.00652	0.00454	0.00451	0.00143	0.02041	0.00405	0.00200	0.00507
44	0.01874	0.00746	0.00998	0.00774	0.01101	0.00663	0.00636	0.02112	0.06682	0.76990	0.01703	0.01476	0.01083	0.00537	0.00434	0.00134	0.00365	0.00437	0.00527	0.00730
45	0.00572	0.00450	0.00694	0.00715	0.00780	0.00420	0.08031	0.00674	0.00843	0.01126	0.02231	0.76644	0.02640	0.01256	0.00546	0.00172	0.00295	0.01156	0.00383	0.00372
46	0.01428	0.18235	0.06075	0.01017	0.01292	0.54207	0.00840	0.04317	0.04441	0.01153	0.00759	0.02909	0.00649	0.00458	0.00375	0.00112	0.00665	0.00307	0.00233	0.00529
47	0.00975	0.00931	0.01584	0.31882	0.53648	0.01000	0.01277	0.01242	0.00938	0.01297	0.00794	0.01096	0.00643	0.00401	0.00428	0.00134	0.00534	0.00383	0.00205	0.00609
48	0.01610	0.02029	0.01223	0.01106	0.01332	0.80802	0.00832	0.03971	0.01244	0.01102	0.00676	0.00784	0.00560	0.00446	0.00390	0.00111	0.00768	0.00281	0.00228	0.00506
49	0.00881	0.00797	0.03197	0.00649	0.01032	0.00580	0.00536	0.01079	0.00896	0.01396	0.00871	0.00988	0.03003	0.00344	0.00327	0.00068	0.00325	0.00276	0.00257	0.82497
50	0.01152	0.85121	0.02257	0.00737	0.01106	0.01704	0.00737	0.01290	0.00875	0.01013	0.00599	0.00691	0.00553	0.00369	0.00276	0.00092	0.00461	0.00230	0.00184	0.00553
51	0.00864	0.02228	0.82630	0.01228	0.01864	0.01000	0.01592	0.01364	0.00909	0.01364	0.00773	0.00909	0.00546	0.00409	0.00409	0.00136	0.00637	0.00318	0.00182	0.00637
52	0.00626	0.00418	0.00470	0.00470	0.00470	0.00418	0.00261	0.00626	0.00626	0.00835	0.01357	0.02819	0.01566	0.84862	0.02192	0.00418	0.00418	0.00626	0.00261	0.00261
53	0.00668	0.00539	0.00793	0.00763	0.00827	0.00664	0.00603	0.00812	0.00687	0.01006	0.01060	0.01572	0.00995	0.02834	0.70062	0.00612	0.14435	0.00448	0.00224	0.00398
54	0.00753	0.00613	0.00770	0.00708	0.00734	0.00738	0.00510	0.00891	0.07303	0.00984	0.01149	0.02102	0.01224	0.48000	0.07656	0.00350	0.24365	0.00532	0.00253	0.00365
55	0.00942	0.00942	0.01319	0.01131	0.01131	0.01319	0.00942	0.01037	0.00660	0.01037	0.00565	0.00942	0.00565	0.00754	0.01414	0.00188	0.84073	0.00377	0.00188	0.00471
56	0.00694	0.00496	0.00694	0.00793	0.00892	0.00496	0.00694	0.00892	0.00992	0.01289	0.02281	0.04859	0.02479	0.01190	0.00595	0.00198	0.00397	0.79275	0.00397	0.00397
57	0.00537	0.00456	0.00466	0.00460	0.00607	0.00394	0.00346	0.00696	0.04199	0.01222	0.08782	0.03990	0.74243	0.01058	0.00506	0.00145	0.00222	0.00885	0.00406	0.00379
58	0.01571	0.01991	0.01224	0.05085	0.01410	0.79183	0.00850	0.01690	0.01203	0.01056	0.00671	0.00795	0.00556	0.00443	0.00390	0.00113	0.00767	0.00282	0.00220	0.00498
59	0.01659	0.01171	0.01271	0.00974	0.01318	0.01284	0.00805	0.74906	0.01967	0.08629	0.01084	0.01066	0.00757	0.00518	0.00431	0.00130	0.00466	0.00391	0.00438	0.00733
60	0.01004	0.01005	0.04003	0.19387	0.58023	0.01018	0.03326	0.01293	0.02624	0.01342	0.00816	0.01090	0.00666	0.00405	0.00449	0.00133	0.02185	0.00387	0.00212	0.00632
61	0.00629	0.00487	0.00582	0.00580	0.00695	0.00468	0.00434	0.00905	0.10362	0.01470	0.36196	0.17409	0.21833	0.00994	0.00512	0.00149	0.00241	0.05197	0.00435	0.00418

[dist]
# distance from previous block
# <min> <max>
0	1

[block]
# block no. 2 follows, 61 sequences, length 9
# corresponding to MSA columns:
# 189-197
name=unknown_C
#
# <colnr> <probs for GDERKNQSTAVLIFYWHMCP>
#	G	D	E	R	K	N	Q	S	T	A	V	L	I	F	Y	W	H	M	C	P
0	0.00874	0.03610	0.28026	0.03133	0.12394	0.00896	0.13038	0.04095	0.00991	0.01394	0.09179	0.10529	0.04098	0.00604	0.00492	0.00143	0.03454	0.02225	0.00266	0.00557
1	0.05551	0.45192	0.06487	0.04190	0.06740	0.15464	0.00838	0.01435	0.00969	0.08519	0.00741	0.00833	0.00605	0.00404	0.00333	0.00108	0.00518	0.00278	0.00229	0.00566
2	0.76387	0.05630	0.00776	0.00609	0.00887	0.01036	0.00509	0.07357	0.00840	0.01941	0.00633	0.00725	0.00492	0.00407	0.00280	0.00131	0.00351	0.00245	0.00275	0.00492
3	0.07458	0.01085	0.23118	0.05370	0.11095	0.00761	0.02553	0.01147	0.05188	0.01510	0.25099	0.02017	0.09088	0.00631	0.00447	0.00138	0.00411	0.02042	0.00317	0.00525
4	0.00942	0.00942	0.01319	0.01131	0.01131	0.01319	0.00942	0.01037	0.00660	0.01037	0.00565	0.00942	0.00565	0.00754	0.01414	0.00188	0.84073	0.00377	0.00188	0.00471
5	0.00871	0.00815	0.01182	0.17721	0.15320	0.02933	0.02378	0.01057	0.02794	0.01145	0.04358	0.01639	0.03742	0.14532	0.01020	0.00200	0.25017	0.02564	0.00237	0.00474
6	0.00884	0.08122	0.76915	0.01193	0.01810	0.01050	0.01531	0.01359	0.00907	0.01339	0.00761	0.00894	0.00546	0.00406	0.00400	0.00133	0.00624	0.00312	0.00182	0.00631
7	0.00929	0.00939	0.04196	0.03901	0.46756	0.05712	0.02517	0.01140	0.00966	0.01309	0.05010	0.13873	0.06756	0.03482	0.00513	0.00146	0.00461	0.00565	0.00266	0.00564
8	0.03268	0.15056	0.29549	0.08333	0.05331	0.02344	0.05266	0.04962	0.04112	0.01378	0.04189	0.01276	0.06980	0.00478	0.00400	0.00126	0.00509	0.00389	0.00243	0.05811

[dist]
# distance from previous block
# <min> <max>
0	3

[block]
# block no. 3 follows, 61 sequences, length 49
# corresponding to MSA columns:
# 201-249
name=unknown_D
#
# <colnr> <probs for GDERKNQSTAVLIFYWHMCP>
#	G	D	E	R	K	N	Q	S	T	A	V	L	I	F	Y	W	H	M	C	P
0	0.04342	0.12557	0.39446	0.03369	0.06868	0.05165	0.03773	0.04540	0.03971	0.01407	0.03629	0.01002	0.00723	0.00423	0.00389	0.00124	0.00545	0.00334	0.00226	0.07165
1	0.02166	0.50813	0.09469	0.00890	0.04062	0.06369	0.01857	0.04728	0.00987	0.07712	0.01853	0.00859	0.00659	0.00401	0.00329	0.00104	0.00481	0.00282	0.00235	0.05744
2	0.00938	0.08044	0.63135	0.01260	0.05146	0.03275	0.05009	0.02438	0.03413	0.01361	0.00795	0.00932	0.00583	0.00415	0.00417	0.00133	0.01554	0.00329	0.00197	0.00627
3	0.01002	0.27170	0.01511	0.00931	0.01072	0.02912	0.00803	0.04309	0.00804	0.01098	0.01719	0.02192	0.00716	0.03340	0.07765	0.00202	0.41391	0.00361	0.00210	0.00492
4	0.01206	0.00992	0.01050	0.00904	0.01171	0.01134	0.00714	0.20915	0.62552	0.02019	0.01583	0.01471	0.01177	0.00568	0.00437	0.00142	0.00373	0.00463	0.00437	0.00694
5	0.00974	0.04956	0.08858	0.01048	0.14656	0.00772	0.00767	0.05949	0.00988	0.03774	0.02006	0.04031	0.03589	0.01467	0.00394	0.00101	0.00393	0.00362	0.00269	0.44647
6	0.02864	0.18890	0.50174	0.01109	0.01629	0.01107	0.07712	0.01370	0.00938	0.06016	0.03802	0.00999	0.00715	0.00422	0.00392	0.00128	0.00570	0.00338	0.00218	0.00608
7	0.01017	0.01162	0.02542	0.01816	0.02251	0.01089	0.80610	0.01380	0.01017	0.01380	0.00871	0.01162	0.00654	0.00363	0.00508	0.00145	0.00726	0.00508	0.00218	0.00581
8	0.00618	0.00568	0.03022	0.00816	0.12281	0.00484	0.00536	0.00769	0.00987	0.01258	0.11068	0.11676	0.49061	0.00980	0.00502	0.00147	0.00281	0.04148	0.00374	0.00421
9	0.01030	0.00927	0.01625	0.08823	0.47588	0.00930	0.12713	0.01276	0.00972	0.06529	0.01055	0.09461	0.00945	0.00514	0.00472	0.00139	0.01944	0.02193	0.00255	0.00611
10	0.00528	0.00379	0.00502	0.00598	0.00629	0.00353	0.00403	0.00606	0.00833	0.01105	0.02436	0.80451	0.05382	0.01338	0.00549	0.00174	0.00252	0.02730	0.00400	0.00351
11	0.00687	0.00492	0.00684	0.00780	0.00880	0.00490	0.00680	0.00881	0.00989	0.01283	0.02342	0.05921	0.04775	0.01189	0.00592	0.00196	0.00390	0.75958	0.00397	0.00395
12	0.01003	0.04117	0.37240	0.06479	0.07319	0.05188	0.26741	0.02737	0.00986	0.02928	0.00818	0.01015	0.00605	0.00399	0.00439	0.00136	0.00647	0.00386	0.00209	0.00606
13	0.01137	0.00989	0.01006	0.00890	0.01139	0.04549	0.00695	0.09585	0.68861	0.01854	0.03351	0.01553	0.01287	0.00578	0.00437	0.00143	0.00369	0.00475	0.00429	0.00673
14	0.01000	0.01110	0.02349	0.10199	0.08987	0.01070	0.65949	0.01347	0.00998	0.01354	0.00856	0.01153	0.00648	0.00372	0.00494	0.00144	0.00693	0.00485	0.00215	0.00579
15	0.01188	0.78670	0.02180	0.00761	0.01123	0.04537	0.00744	0.04662	0.00936	0.01087	0.00620	0.00708	0.00560	0.00377	0.00287	0.00094	0.00472	0.00239	0.00196	0.00559
16	0.00628	0.00462	0.00578	0.02870	0.01881	0.00437	0.00449	0.03026	0.02198	0.03612	0.05276	0.46938	0.24028	0.01191	0.01841	0.00170	0.00282	0.03344	0.00397	0.00393
17	0.01071	0.01070	0.01644	0.13959	0.58765	0.07484	0.04180	0.01358	0.03796	0.01349	0.00828	0.01077	0.00678	0.00401	0.00427	0.00130	0.00543	0.00384	0.00219	0.00635
18	0.00615	0.00462	0.00692	0.00692	0.00769	0.00538	0.00538	0.00769	0.00692	0.01000	0.01154	0.01692	0.01077	0.03231	0.83154	0.00692	0.01154	0.00462	0.00231	0.00385
19	0.00557	0.00438	0.00502	0.00486	0.00611	0.00384	0.00365	0.00710	0.01094	0.01430	0.41043	0.03707	0.45154	0.00992	0.00509	0.00141	0.00211	0.00848	0.00435	0.00384
20	0.02868	0.01108	0.01032	0.00916	0.02877	0.19545	0.00706	0.11348	0.21462	0.19904	0.05560	0.03095	0.02850	0.00593	0.00436	0.00135	0.00457	0.04094	0.00400	0.00615
21	0.00809	0.00640	0.00806	0.00804	0.00918	0.01780	0.00658	0.05595	0.12264	0.01333	0.01722	0.06290	0.01746	0.06426	0.14988	0.00283	0.07617	0.34522	0.00348	0.00451
22	0.01034	0.00997	0.01721	0.12282	0.70048	0.01018	0.03981	0.01298	0.00968	0.01370	0.00807	0.01079	0.00668	0.00389	0.00430	0.00130	0.00526	0.00388	0.00211	0.00655
23	0.00852	0.00774	0.01305	0.75578	0.06037	0.00943	0.02477	0.01134	0.00878	0.02935	0.00804	0.01162	0.00602	0.00431	0.00429	0.00142	0.00562	0.00386	0.02077	0.00492
24	0.01140	0.01114	0.01028	0.00947	0.02875	0.16741	0.00718	0.03398	0.52787	0.01597	0.03932	0.01545	0.04585	0.00591	0.00486	0.00141	0.04918	0.00463	0.00378	0.00615
25	0.00670	0.00607	0.03907	0.00717	0.00900	0.00512	0.09361	0.00858	0.02304	0.03580	0.04362	0.10772	0.42476	0.00990	0.00518	0.00156	0.00332	0.15053	0.01506	0.00420
26	0.00864	0.02228	0.82630	0.01228	0.01864	0.01000	0.01592	0.01364	0.00909	0.01364	0.00773	0.00909	0.00546	0.00409	0.00409	0.00136	0.00637	0.00318	0.00182	0.00637
27	0.01330	0.00886	0.01207	0.09504	0.07300	0.00948	0.05030	0.18331	0.09668	0.23375	0.01327	0.07837	0.01048	0.00602	0.00535	0.00145	0.07728	0.02186	0.00383	0.00630
28	0.01047	0.01059	0.01516	0.25966	0.46605	0.11154	0.01202	0.01293	0.00979	0.01276	0.01788	0.01154	0.00711	0.00426	0.00427	0.00132	0.00557	0.01903	0.00215	0.00592
29	0.01050	0.01003	0.01703	0.09907	0.71953	0.01023	0.02379	0.02286	0.01979	0.01400	0.00821	0.01081	0.00681	0.00392	0.00428	0.00130	0.00518	0.00387	0.00217	0.00663
30	0.00527	0.00437	0.00461	0.00455	0.00593	0.00371	0.00341	0.00652	0.01024	0.01263	0.17991	0.03983	0.68311	0.01054	0.00509	0.00144	0.00216	0.00886	0.00413	0.00371
31	0.01153	0.19567	0.30494	0.03910	0.05746	0.16497	0.07960	0.01463	0.02196	0.06030	0.00795	0.00919	0.00608	0.00412	0.00389	0.00123	0.00604	0.00323	0.00220	0.00592
32	0.00947	0.00913	0.01501	0.44535	0.39523	0.02764	0.01246	0.01216	0.00924	0.01241	0.00784	0.01102	0.00624	0.00409	0.00428	0.00136	0.00550	0.00381	0.00202	0.00573
33	0.00546	0.00393	0.00519	0.00611	0.00651	0.00369	0.00428	0.00636	0.00850	0.01121	0.02459	0.69223	0.07275	0.02749	0.00581	0.00180	0.00268	0.10389	0.00397	0.00355
34	0.01019	0.01142	0.02427	0.01866	0.09443	0.01092	0.70611	0.01362	0.01001	0.01370	0.00855	0.01145	0.00653	0.00379	0.00533	0.00145	0.03662	0.00492	0.00216	0.00586
35	0.05869	0.01072	0.01188	0.03712	0.01309	0.02564	0.00769	0.53559	0.01715	0.22120	0.01160	0.01123	0.00793	0.00511	0.00423	0.00131	0.00450	0.00389	0.00436	0.00707
36	0.07249	0.01191	0.10217	0.06063	0.03309	0.02369	0.47644	0.04146	0.05164	0.01458	0.02391	0.02840	0.00765	0.00433	0.00492	0.00144	0.02842	0.00467	0.00243	0.00573
37	0.00592	0.00474	0.00547	0.00635	0.00674	0.05053	0.00434	0.00673	0.00853	0.01103	0.02274	0.77135	0.02706	0.01293	0.00542	0.00172	0.00285	0.03803	0.00390	0.00360
38	0.00960	0.00949	0.01319	0.01127	0.01136	0.01320	0.00939	0.03053	0.00694	0.01079	0.00577	0.00945	0.00570	0.00748	0.01389	0.00187	0.81959	0.00377	0.00195	0.00478
39	0.00645	0.00448	0.00614	0.00705	0.00775	0.00436	0.00561	0.00787	0.00918	0.02687	0.02288	0.37923	0.02587	0.03102	0.00609	0.00192	0.00336	0.43609	0.00397	0.00380
40	0.00749	0.00591	0.00647	0.00617	0.00776	0.00589	0.00464	0.06717	0.17841	0.02646	0.06255	0.20955	0.34295	0.00958	0.00489	0.00148	0.00272	0.00818	0.01897	0.02278
41	0.01212	0.66936	0.06618	0.00814	0.01185	0.07175	0.00799	0.08769	0.01008	0.01195	0.00654	0.00741	0.00569	0.00390	0.00306	0.00099	0.00493	0.00253	0.00210	0.00571
42	0.01066	0.02913	0.02661	0.00670	0.00871	0.00580	0.02295	0.02740	0.04039	0.25772	0.34803	0.02423	0.07415	0.07309	0.02367	0.00169	0.00328	0.00616	0.00443	0.00519
43	0.01657	0.06774	0.05912	0.00789	0.01121	0.00763	0.00690	0.04617	0.05831	0.58567	0.07474	0.01501	0.01223	0.00542	0.00426	0.00131	0.00379	0.00439	0.00474	0.00688
44	0.01365	0.08488	0.06950	0.01099	0.04114	0.50864	0.02172	0.04849	0.01121	0.01168	0.00791	0.04621	0.00703	0.02256	0.00494	0.00127	0.05956	0.00347	0.01999	0.00515
45	0.01094	0.03314	0.28139	0.05400	0.06556	0.07832	0.16919	0.08382	0.08040	0.04594	0.01813	0.01154	0.00753	0.00457	0.00456	0.00137	0.02268	0.01819	0.00259	0.00613
46	0.00853	0.00700	0.00778	0.00709	0.00901	0.00741	0.00552	0.04042	0.37120	0.01672	0.24149	0.02542	0.13813	0.00758	0.00470	0.00142	0.00291	0.04831	0.00432	0.04506
47	0.01033	0.01068	0.07075	0.05395	0.24336	0.04466	0.07762	0.06351	0.03954	0.01463	0.00834	0.01009	0.00668	0.00387	0.00409	0.00109	0.01783	0.00344	0.00247	0.31307
48	0.01596	0.01963	0.01228	0.02705	0.01364	0.75222	0.00838	0.07810	0.01276	0.01183	0.00696	0.00804	0.00569	0.00449	0.00393	0.00113	0.00749	0.00288	0.00237	0.00517

[dist]
# distance from previous block
# <min> <max>
0	1

[block]
# block no. 4 follows, 61 sequences, length 9
# corresponding to MSA columns:
# 251-259
name=unknown_E
#
# <colnr> <probs for GDERKNQSTAVLIFYWHMCP>
#	G	D	E	R	K	N	Q	S	T	A	V	L	I	F	Y	W	H	M	C	P
0	0.01152	0.01137	0.03373	0.07884	0.33024	0.08907	0.06256	0.10540	0.17316	0.01562	0.01003	0.01148	0.00786	0.00461	0.00466	0.00135	0.03526	0.00401	0.00281	0.00640
1	0.00942	0.00942	0.01319	0.01131	0.01131	0.01319	0.00942	0.01037	0.00660	0.01037	0.00565	0.00942	0.00565	0.00754	0.01414	0.00188	0.84073	0.00377	0.00188	0.00471
2	0.00690	0.00571	0.00691	0.00755	0.07383	0.00562	0.00515	0.01037	0.15999	0.01419	0.19682	0.13088	0.31044	0.00930	0.00497	0.00148	0.00273	0.03853	0.00407	0.00458
3	0.00660	0.00486	0.00623	0.00661	0.05080	0.00513	0.00407	0.00717	0.00699	0.00958	0.05351	0.02510	0.04097	0.56041	0.14918	0.00412	0.04686	0.00591	0.00265	0.00325
4	0.00626	0.00420	0.00484	0.00484	0.00489	0.00425	0.00279	0.00636	0.00631	0.00846	0.01344	0.02747	0.01535	0.79652	0.07359	0.00435	0.00465	0.00616	0.00259	0.00269
5	0.02672	0.17933	0.06468	0.00734	0.03502	0.03032	0.00614	0.01057	0.03501	0.02731	0.36228	0.07554	0.05284	0.00708	0.00435	0.00127	0.00332	0.01938	0.00356	0.04794
6	0.04993	0.44939	0.17415	0.01185	0.16546	0.01349	0.00993	0.01354	0.00915	0.05699	0.00733	0.00847	0.00600	0.00390	0.00338	0.00111	0.00493	0.00288	0.00212	0.00599
7	0.04947	0.26968	0.12667	0.02911	0.03917	0.22395	0.00889	0.10756	0.04447	0.01390	0.04378	0.00957	0.00763	0.00446	0.00367	0.00116	0.00550	0.00317	0.00251	0.00569
8	0.17100	0.15034	0.11460	0.00967	0.10221	0.00951	0.00774	0.05377	0.03021	0.06172	0.01118	0.14181	0.01059	0.03317	0.00467	0.01572	0.00414	0.02530	0.00287	0.03976

[dist]
# distance from previous block
# <min> <max>
2	36

[block]
# block no. 5 follows, 61 sequences, length 7
# corresponding to MSA columns:
# 296-302
name=unknown_F
#
# <colnr> <probs for GDERKNQSTAVLIFYWHMCP>
#	G	D	E	R	K	N	Q	S	T	A	V	L	I	F	Y	W	H	M	C	P
0	0.00992	0.12293	0.23730	0.18635	0.14920	0.01090	0.04530	0.09544	0.01011	0.01384	0.00816	0.01040	0.00640	0.00632	0.06797	0.00173	0.00607	0.00357	0.00221	0.00588
1	0.01205	0.01079	0.06466	0.01052	0.09622	0.07304	0.00792	0.21959	0.19023	0.06359	0.06327	0.04329	0.04789	0.00572	0.00431	0.00131	0.00426	0.00468	0.02303	0.05363
2	0.01252	0.10353	0.14037	0.01386	0.19141	0.31597	0.01024	0.07157	0.01101	0.01291	0.00771	0.00941	0.00634	0.00636	0.06719	0.00162	0.00671	0.00324	0.00226	0.00575
3	0.00948	0.00979	0.07706	0.32335	0.28628	0.00958	0.04686	0.06918	0.01033	0.01416	0.09290	0.01311	0.00987	0.00464	0.00439	0.00136	0.00519	0.00426	0.00246	0.00573
4	0.00899	0.07590	0.16974	0.09423	0.07707	0.00892	0.09247	0.02582	0.07089	0.01348	0.01211	0.06990	0.05360	0.00529	0.00420	0.00126	0.00471	0.03322	0.00262	0.17559
5	0.01055	0.01145	0.06952	0.25501	0.29339	0.08416	0.11023	0.05803	0.04045	0.01369	0.00838	0.01084	0.00654	0.00417	0.00434	0.00134	0.00580	0.00389	0.00227	0.00594
6	0.00677	0.00552	0.00747	0.00722	0.00826	0.02209	0.06238	0.00839	0.03557	0.01223	0.04028	0.49308	0.05542	0.01040	0.00551	0.00157	0.04870	0.03761	0.07006	0.06148

[dist]
# distance from previous block
# <min> <max>
0	1

[block]
# block no. 6 follows, 61 sequences, length 9
# corresponding to MSA columns:
# 304-312
name=unknown_G
#
# <colnr> <probs for GDERKNQSTAVLIFYWHMCP>
#	G	D	E	R	K	N	Q	S	T	A	V	L	I	F	Y	W	H	M	C	P
0	0.03927	0.17219	0.14127	0.01127	0.07437	0.04992	0.06545	0.28642	0.01321	0.05908	0.00939	0.04234	0.00744	0.00478	0.00401	0.00126	0.00513	0.00381	0.00304	0.00635
1	0.01127	0.20595	0.04468	0.04893	0.11876	0.08513	0.09216	0.05749	0.06147	0.07281	0.01085	0.07969	0.00963	0.02581	0.03187	0.00154	0.00524	0.02830	0.00278	0.00565
2	0.00522	0.00385	0.00490	0.00574	0.00618	0.00352	0.00388	0.00603	0.00850	0.01110	0.02691	0.71767	0.15458	0.01308	0.00543	0.00170	0.00245	0.01174	0.00400	0.00352
3	0.05083	0.10145	0.08899	0.04273	0.32146	0.05844	0.05943	0.08308	0.01084	0.10758	0.00927	0.01125	0.00727	0.00438	0.00410	0.00128	0.00517	0.02338	0.00270	0.00634
4	0.01131	0.08844	0.15941	0.04216	0.32638	0.11764	0.01137	0.01505	0.10294	0.04519	0.00901	0.01044	0.00711	0.00437	0.00437	0.00129	0.03122	0.00358	0.00243	0.00628
5	0.00711	0.00534	0.00700	0.00793	0.05931	0.00523	0.00584	0.00961	0.07806	0.03493	0.10350	0.18197	0.16788	0.01050	0.00535	0.00168	0.00321	0.29720	0.00401	0.00435
6	0.01120	0.03720	0.11053	0.03612	0.23464	0.12247	0.03415	0.12190	0.05081	0.01535	0.07516	0.02984	0.01043	0.00516	0.00461	0.00131	0.03294	0.02648	0.00281	0.03690
7	0.00546	0.00397	0.00509	0.00575	0.00625	0.00368	0.00397	0.00643	0.00893	0.01186	0.13283	0.57721	0.11927	0.05095	0.00617	0.00178	0.00253	0.04027	0.00403	0.00357
8	0.03110	0.03078	0.00969	0.00708	0.01047	0.04465	0.00570	0.04488	0.02526	0.09225	0.00915	0.03540	0.00752	0.00409	0.00384	0.00087	0.03332	0.00316	0.00292	0.59786

[dist]
# distance from previous block
# <min> <max>
6	13

[block]
# block no. 7 follows, 61 sequences, length 34
# corresponding to MSA columns:
# 326,332-364
name=unknown_H
#
# <colnr> <probs for GDERKNQSTAVLIFYWHMCP>
#	G	D	E	R	K	N	Q	S	T	A	V	L	I	F	Y	W	H	M	C	P
0	0.00920	0.02625	0.13453	0.04287	0.23221	0.02595	0.16865	0.01246	0.04683	0.02341	0.09832	0.09106	0.02258	0.00582	0.00466	0.00141	0.00505	0.04029	0.00278	0.00567
1	0.01022	0.00996	0.01621	0.26367	0.50460	0.04076	0.04903	0.02993	0.00979	0.01331	0.00799	0.01083	0.00646	0.00402	0.00430	0.00133	0.00549	0.00385	0.00212	0.00612
2	0.01004	0.04824	0.12018	0.03091	0.13451	0.06103	0.14611	0.01246	0.01752	0.05579	0.01086	0.09397	0.02758	0.00638	0.01590	0.00156	0.17131	0.02768	0.00251	0.00547
3	0.02827	0.00964	0.03317	0.10814	0.21744	0.06185	0.14231	0.04755	0.02064	0.04690	0.02115	0.03713	0.03457	0.00610	0.00485	0.00148	0.01495	0.15549	0.00285	0.00553
4	0.01323	0.00868	0.03471	0.02071	0.07729	0.02683	0.06154	0.14634	0.04613	0.28452	0.04488	0.12385	0.05030	0.00669	0.00463	0.00142	0.00413	0.03386	0.00413	0.00615
5	0.00695	0.00496	0.00723	0.00705	0.00800	0.00568	0.00551	0.03485	0.00756	0.03882	0.01169	0.01662	0.01065	0.03047	0.77525	0.00654	0.01104	0.00458	0.00248	0.00408
6	0.01144	0.01270	0.08747	0.10621	0.28683	0.16447	0.07069	0.06198	0.05368	0.03237	0.02148	0.01264	0.02456	0.00470	0.00434	0.00132	0.00567	0.02891	0.00256	0.00599
7	0.00905	0.01905	0.60726	0.01355	0.10631	0.03833	0.04648	0.01353	0.02681	0.01376	0.04037	0.02965	0.00774	0.00450	0.00422	0.00136	0.00599	0.00374	0.00210	0.00620
8	0.00529	0.00380	0.00503	0.00600	0.00631	0.00354	0.00406	0.00608	0.00834	0.01107	0.02435	0.79794	0.05380	0.01337	0.00550	0.00175	0.00253	0.03372	0.00400	0.00352
9	0.09674	0.06353	0.10464	0.04127	0.04294	0.08021	0.07280	0.13374	0.05503	0.19260	0.01113	0.03524	0.00844	0.00507	0.00432	0.00134	0.02056	0.02087	0.00336	0.00616
10	0.01056	0.01041	0.01693	0.13076	0.65475	0.04713	0.04048	0.01313	0.00977	0.01351	0.00800	0.01067	0.00662	0.00392	0.00428	0.00130	0.00539	0.00383	0.00211	0.00644
11	0.00819	0.00773	0.01293	0.80565	0.02894	0.00971	0.01186	0.01098	0.00853	0.01098	0.00758	0.01140	0.00574	0.00443	0.00469	0.00145	0.03867	0.00383	0.00191	0.00478
12	0.00543	0.00443	0.00483	0.00490	0.00618	0.00388	0.00367	0.00688	0.02679	0.01251	0.14390	0.12106	0.58786	0.01082	0.00515	0.00149	0.00229	0.04005	0.00411	0.00376
13	0.01055	0.28228	0.30123	0.03420	0.03333	0.11941	0.06325	0.01340	0.00954	0.01215	0.04936	0.00971	0.00744	0.00434	0.00410	0.00121	0.03349	0.00327	0.00207	0.00567
14	0.00813	0.00766	0.01292	0.83826	0.02967	0.00957	0.01196	0.01101	0.00861	0.01101	0.00766	0.01148	0.00574	0.00431	0.00431	0.00144	0.00574	0.00383	0.00191	0.00479
15	0.00857	0.02129	0.77412	0.01201	0.01801	0.00989	0.01531	0.01335	0.00913	0.01367	0.03597	0.00991	0.00669	0.00436	0.00442	0.00138	0.03040	0.00336	0.00192	0.00624
16	0.00963	0.00915	0.01516	0.28931	0.46686	0.00988	0.02222	0.01275	0.05365	0.01314	0.00963	0.01225	0.03394	0.00440	0.00450	0.00136	0.01986	0.00408	0.00224	0.00600
17	0.02082	0.02716	0.51308	0.01306	0.01822	0.06604	0.18325	0.01388	0.00954	0.03580	0.00837	0.01058	0.00629	0.00434	0.00463	0.00139	0.03338	0.02204	0.00208	0.00604
18	0.00525	0.00375	0.00500	0.00600	0.00625	0.00350	0.00400	0.00600	0.00825	0.01100	0.02374	0.84580	0.02849	0.01350	0.00550	0.00175	0.00250	0.01225	0.00400	0.00350
19	0.08416	0.00949	0.01041	0.03622	0.01206	0.01046	0.00708	0.24132	0.34763	0.15157	0.01452	0.01409	0.01933	0.00551	0.00424	0.00139	0.00389	0.01562	0.00428	0.00672
20	0.00573	0.00451	0.00539	0.00545	0.02543	0.00400	0.00392	0.00732	0.01098	0.01451	0.43173	0.05070	0.39531	0.00973	0.00507	0.00141	0.00218	0.00837	0.00433	0.00392
21	0.00634	0.00468	0.00562	0.00530	0.00658	0.00429	0.00400	0.00852	0.04686	0.03681	0.52519	0.03385	0.27750	0.00923	0.00503	0.00139	0.00218	0.00797	0.00451	0.00414
22	0.00999	0.01260	0.10450	0.01733	0.02174	0.01089	0.69970	0.01366	0.00994	0.01366	0.00851	0.01129	0.00640	0.00381	0.00530	0.00146	0.03641	0.00485	0.00213	0.00583
23	0.00984	0.03111	0.06330	0.19634	0.04034	0.03388	0.52249	0.01319	0.00974	0.01296	0.00825	0.01119	0.00625	0.00389	0.00489	0.00142	0.01869	0.00454	0.00209	0.00559
24	0.01051	0.00999	0.01671	0.02487	0.75476	0.01005	0.01260	0.01353	0.04938	0.01437	0.03561	0.01164	0.00826	0.00410	0.00430	0.00129	0.00493	0.00402	0.00233	0.00673
25	0.00563	0.00410	0.00539	0.00628	0.00683	0.00385	0.00461	0.00670	0.00880	0.01151	0.02560	0.57551	0.11031	0.01285	0.00556	0.00177	0.00281	0.19429	0.00399	0.00362
26	0.00894	0.02980	0.67508	0.01188	0.01751	0.02882	0.05758	0.01333	0.00916	0.02953	0.00901	0.01083	0.02456	0.03406	0.02039	0.00156	0.00630	0.00356	0.00200	0.00607
27	0.00592	0.00453	0.00552	0.00587	0.00692	0.00421	0.00455	0.00764	0.03266	0.01303	0.17627	0.19972	0.30445	0.01113	0.00536	0.00162	0.00269	0.19990	0.00414	0.00386
28	0.01088	0.02226	0.05667	0.09246	0.41406	0.07589	0.16335	0.04795	0.02848	0.01410	0.00847	0.01079	0.00675	0.00403	0.00434	0.00131	0.00572	0.00397	0.02229	0.00622
29	0.00968	0.00944	0.01409	0.54793	0.20128	0.07092	0.02587	0.04698	0.00968	0.01240	0.00782	0.01098	0.00605	0.00424	0.00428	0.00137	0.00574	0.00378	0.00209	0.00538
30	0.01248	0.00727	0.01008	0.00850	0.01010	0.00805	0.02180	0.01409	0.02826	0.33108	0.05168	0.07483	0.01223	0.04636	0.06465	0.00204	0.25634	0.01279	0.02184	0.00552
31	0.00582	0.00417	0.00540	0.00610	0.00659	0.00400	0.00422	0.02570	0.02779	0.01230	0.10127	0.69198	0.02839	0.01245	0.00536	0.00168	0.00255	0.02894	0.02154	0.00374
32	0.01026	0.02847	0.09745	0.07871	0.31367	0.02619	0.16031	0.05873	0.01024	0.04162	0.01068	0.09491	0.01984	0.00519	0.00464	0.00139	0.01519	0.01397	0.00255	0.00599
33	0.05085	0.29992	0.06884	0.01084	0.06214	0.20397	0.07758	0.06457	0.01069	0.08258	0.00783	0.00883	0.00621	0.00423	0.00389	0.00116	0.02452	0.00311	0.00247	0.00577

[dist]
# distance from previous block
# <min> <max>
0	5

[block]
# block no. 8 follows, 61 sequences, length 23
# corresponding to MSA columns:
# 372-394
name=unknown_I
#
# <colnr> <probs for GDERKNQSTAVLIFYWHMCP>
#	G	D	E	R	K	N	Q	S	T	A	V	L	I	F	Y	W	H	M	C	P
0	0.01133	0.02539	0.02869	0.03346	0.51755	0.02750	0.06780	0.12529	0.01123	0.01570	0.00834	0.01038	0.00674	0.00397	0.00419	0.00123	0.00511	0.00375	0.00247	0.08988
1	0.00885	0.00741	0.00883	0.00708	0.03263	0.00595	0.00534	0.05228	0.00946	0.01430	0.01008	0.12730	0.00957	0.00477	0.00361	0.00085	0.00323	0.00403	0.00284	0.68161
2	0.01004	0.01039	0.06616	0.06269	0.65948	0.00971	0.01251	0.01284	0.02086	0.01411	0.05900	0.01250	0.02186	0.00432	0.00432	0.00130	0.00496	0.00414	0.00232	0.00648
3	0.00873	0.05243	0.01382	0.22322	0.30360	0.00878	0.06278	0.01116	0.02236	0.01277	0.05525	0.16913	0.01255	0.00607	0.00451	0.00140	0.00465	0.00565	0.01577	0.00536
4	0.00581	0.00451	0.00570	0.00593	0.02696	0.00423	0.00429	0.00733	0.01010	0.01346	0.31440	0.11941	0.29880	0.01330	0.12190	0.00223	0.00361	0.03015	0.00398	0.00389
5	0.01011	0.00899	0.03138	0.26039	0.31925	0.00919	0.07450	0.04012	0.01810	0.07411	0.02158	0.05720	0.03408	0.00506	0.00447	0.00139	0.00507	0.01657	0.00262	0.00583
6	0.01042	0.00950	0.01396	0.13148	0.30155	0.04233	0.06099	0.04555	0.00998	0.04236	0.01731	0.01089	0.01542	0.00408	0.00431	0.00115	0.02830	0.00364	0.00247	0.24431
7	0.51872	0.00996	0.12302	0.00707	0.01032	0.00881	0.00663	0.02900	0.00910	0.18274	0.05152	0.01025	0.00795	0.00456	0.00336	0.00134	0.00379	0.00318	0.00323	0.00547
8	0.01178	0.02261	0.01041	0.00863	0.01146	0.03483	0.00683	0.14583	0.51505	0.04125	0.01448	0.01372	0.01085	0.00527	0.00416	0.00130	0.00375	0.00427	0.00404	0.12950
9	0.01087	0.00987	0.01643	0.05444	0.70261	0.00982	0.01236	0.01352	0.02306	0.05005	0.00861	0.01087	0.00704	0.00392	0.00422	0.00126	0.00495	0.00381	0.00232	0.04997
10	0.01112	0.31366	0.07533	0.00970	0.04998	0.09403	0.01853	0.09901	0.04606	0.01349	0.03615	0.01528	0.01013	0.00634	0.02605	0.00143	0.05073	0.11481	0.00268	0.00550
11	0.05510	0.00908	0.01933	0.04494	0.01255	0.01734	0.05644	0.27770	0.06504	0.24193	0.02636	0.13021	0.01184	0.00628	0.00446	0.00140	0.00418	0.00529	0.00420	0.00634
12	0.01518	0.00815	0.00971	0.00735	0.01082	0.04966	0.00597	0.01691	0.01102	0.47188	0.01288	0.01211	0.00876	0.00447	0.00387	0.00106	0.00370	0.00357	0.00410	0.33882
13	0.00971	0.00820	0.01132	0.00812	0.01199	0.00650	0.11835	0.01185	0.00930	0.06072	0.00834	0.00964	0.00665	0.00338	0.00352	0.00079	0.00379	0.00301	0.00266	0.70215
14	0.00586	0.00457	0.00588	0.00559	0.00678	0.00426	0.02078	0.00753	0.01054	0.01418	0.41187	0.04390	0.29118	0.01282	0.12187	0.00219	0.00357	0.01863	0.00408	0.00392
15	0.00630	0.00460	0.00665	0.00679	0.00749	0.00516	0.00526	0.00767	0.00725	0.01017	0.01327	0.02256	0.01322	0.11902	0.60878	0.02393	0.00950	0.11613	0.00257	0.00369
16	0.01059	0.01135	0.04380	0.07785	0.43148	0.12551	0.10309	0.01306	0.01017	0.01346	0.07138	0.02122	0.00957	0.01920	0.00467	0.00135	0.00549	0.00425	0.01660	0.00592
17	0.00683	0.00386	0.00528	0.00542	0.00545	0.00383	0.00347	0.00584	0.00616	0.00822	0.01144	0.13487	0.01269	0.24255	0.01662	0.51348	0.00368	0.00563	0.00237	0.00230
18	0.01148	0.01197	0.03142	0.03507	0.54140	0.12634	0.07862	0.04747	0.01051	0.01398	0.00798	0.01023	0.00656	0.00402	0.00442	0.00127	0.02042	0.00374	0.00224	0.03085
19	0.00653	0.00475	0.00656	0.00668	0.00738	0.00522	0.00508	0.03108	0.00769	0.01066	0.01422	0.07370	0.01465	0.18226	0.48679	0.00522	0.00832	0.11672	0.00276	0.00371
20	0.00977	0.03409	0.49206	0.01232	0.03147	0.13473	0.10793	0.01354	0.00978	0.01298	0.01037	0.01288	0.05156	0.00483	0.00430	0.00136	0.00628	0.04177	0.00215	0.00582
21	0.00821	0.00972	0.12784	0.72156	0.02811	0.00963	0.01252	0.01138	0.00868	0.01138	0.00767	0.01115	0.00570	0.00428	0.00428	0.00143	0.00583	0.00374	0.00190	0.00501
22	0.01085	0.01030	0.01733	0.02589	0.79469	0.01034	0.01305	0.03980	0.01016	0.01451	0.00818	0.01065	0.00684	0.00388	0.00427	0.00128	0.00510	0.00384	0.00221	0.00684

[dist]
# distance from previous block
# <min> <max>
0	4

# created by:
# /st0/software/busco_prod/Augustus/scripts/msa2prfl.pl ./align_prep/133719.fa
