[name]
unknown

[dist]
# distance from previous block
# <min> <max>
11	380

[block]
# block no. 0 follows, 64 sequences, length 8
# corresponding to MSA columns:
# 416-423
name=unknown_A
#
# <colnr> <probs for GDERKNQSTAVLIFYWHMCP>
#	G	D	E	R	K	N	Q	S	T	A	V	L	I	F	Y	W	H	M	C	P
0	0.03570	0.13519	0.08024	0.03575	0.06651	0.02392	0.06996	0.12379	0.06058	0.08920	0.04717	0.04954	0.02950	0.02850	0.00473	0.00136	0.01995	0.05753	0.00308	0.03780
1	0.02461	0.21332	0.14499	0.01040	0.07446	0.10629	0.05532	0.08766	0.06640	0.05769	0.03042	0.01037	0.02275	0.00430	0.00369	0.00113	0.00490	0.00337	0.00260	0.07533
2	0.01149	0.34812	0.04758	0.03698	0.05534	0.11696	0.07480	0.10524	0.02303	0.02606	0.00791	0.04064	0.00681	0.00441	0.00373	0.01534	0.00497	0.00331	0.00236	0.06490
3	0.01007	0.39420	0.07267	0.00840	0.01132	0.05795	0.07690	0.04878	0.02746	0.02825	0.05275	0.10679	0.01127	0.02926	0.00423	0.00126	0.00451	0.04629	0.00256	0.00507
4	0.00913	0.00973	0.13788	0.00902	0.04868	0.03191	0.06285	0.01145	0.00910	0.06971	0.01082	0.09079	0.00986	0.00512	0.00392	0.00108	0.00408	0.07462	0.00273	0.39752
5	0.00866	0.06158	0.01054	0.00803	0.05168	0.00674	0.06523	0.01052	0.00912	0.03853	0.09857	0.04233	0.05229	0.00469	0.00401	0.00094	0.03278	0.00398	0.00278	0.48701
6	0.00772	0.07096	0.06062	0.00702	0.03477	0.05063	0.02467	0.05699	0.03991	0.01290	0.17951	0.02496	0.24261	0.13695	0.00730	0.02532	0.00353	0.00608	0.00329	0.00424
7	0.00954	0.30366	0.15653	0.02192	0.03070	0.06515	0.05543	0.04149	0.03244	0.01195	0.03172	0.11975	0.03281	0.02533	0.00424	0.00128	0.00465	0.03024	0.00247	0.01870

[dist]
# distance from previous block
# <min> <max>
0	6

[block]
# block no. 1 follows, 64 sequences, length 66
# corresponding to MSA columns:
# 430-483,489-492,504-511
name=unknown_B
#
# <colnr> <probs for GDERKNQSTAVLIFYWHMCP>
#	G	D	E	R	K	N	Q	S	T	A	V	L	I	F	Y	W	H	M	C	P
0	0.02371	0.02584	0.04325	0.00706	0.02511	0.00535	0.00590	0.02009	0.04856	0.01245	0.02565	0.12232	0.24611	0.01016	0.00512	0.00164	0.00331	0.36065	0.00366	0.00408
1	0.03822	0.04484	0.37901	0.04171	0.19717	0.02032	0.04282	0.04092	0.04380	0.01372	0.00876	0.01024	0.02700	0.00418	0.00416	0.00126	0.02517	0.00346	0.00215	0.05107
2	0.01524	0.03929	0.01203	0.01062	0.01274	0.79550	0.00803	0.01631	0.01155	0.01015	0.00638	0.00751	0.00535	0.00434	0.00399	0.00109	0.03024	0.00269	0.00212	0.00482
3	0.00854	0.00730	0.00853	0.00613	0.00974	0.00549	0.00489	0.01039	0.00870	0.01362	0.02965	0.00922	0.00705	0.00322	0.00313	0.00063	0.00305	0.00260	0.00252	0.85560
4	0.00600	0.00420	0.00539	0.00539	0.00569	0.00450	0.00359	0.00660	0.00630	0.00869	0.01230	0.02281	0.01320	0.52256	0.35001	0.00509	0.00689	0.00540	0.00240	0.00300
5	0.00945	0.01373	0.33679	0.04193	0.22309	0.00906	0.09340	0.02495	0.04286	0.05917	0.07314	0.02407	0.00937	0.00484	0.01497	0.00138	0.00530	0.00407	0.00245	0.00598
6	0.00983	0.00942	0.01608	0.12866	0.66339	0.00959	0.03485	0.01233	0.00925	0.01312	0.00781	0.01045	0.00648	0.00416	0.01701	0.00132	0.00510	0.00370	0.00205	0.03537
7	0.00879	0.12283	0.66284	0.01179	0.05238	0.01039	0.02612	0.01298	0.00877	0.01277	0.00728	0.00861	0.00537	0.00386	0.00379	0.00124	0.00581	0.00300	0.00179	0.02959
8	0.00950	0.03184	0.02382	0.23593	0.46455	0.02217	0.04969	0.01198	0.00905	0.01252	0.00783	0.02389	0.00652	0.00399	0.00424	0.00125	0.01979	0.00375	0.00204	0.05564
9	0.00944	0.00885	0.03730	0.15425	0.14463	0.00846	0.19143	0.07148	0.02322	0.04134	0.13076	0.02642	0.01169	0.00469	0.00430	0.00124	0.00472	0.00452	0.00277	0.11850
10	0.00889	0.00984	0.07059	0.01607	0.21757	0.00870	0.35843	0.02413	0.00974	0.01348	0.07261	0.09428	0.05373	0.00527	0.00464	0.00137	0.00525	0.00551	0.01448	0.00543
11	0.00774	0.00387	0.00387	0.00387	0.00484	0.00387	0.00290	0.00968	0.00871	0.01549	0.01355	0.01549	0.01065	0.00484	0.00290	0.00097	0.00194	0.00387	0.87708	0.00387
12	0.00504	0.00419	0.00441	0.00441	0.00571	0.00355	0.00328	0.00620	0.00970	0.01190	0.14352	0.07201	0.69106	0.01036	0.00492	0.00140	0.00210	0.00873	0.00395	0.00355
13	0.00506	0.00361	0.00482	0.00578	0.00602	0.00337	0.00386	0.00578	0.00795	0.01060	0.02289	0.85131	0.02747	0.01301	0.00530	0.00169	0.00241	0.01181	0.00386	0.00337
14	0.00774	0.00387	0.00387	0.00387	0.00484	0.00387	0.00290	0.00968	0.00871	0.01549	0.01355	0.01549	0.01065	0.00484	0.00290	0.00097	0.00194	0.00387	0.87708	0.00387
15	0.00988	0.00993	0.03888	0.13205	0.65785	0.00981	0.05569	0.01251	0.00931	0.01316	0.00778	0.01039	0.00639	0.00376	0.00416	0.00126	0.00516	0.00375	0.00202	0.00626
16	0.00710	0.00599	0.00762	0.00753	0.00804	0.04118	0.00579	0.00829	0.01958	0.02323	0.01499	0.30732	0.01649	0.05470	0.18296	0.00286	0.19822	0.08132	0.00293	0.00388
17	0.04422	0.07648	0.01381	0.01412	0.21964	0.51310	0.02306	0.02669	0.01086	0.01159	0.00679	0.00821	0.00567	0.00406	0.00375	0.00111	0.00642	0.00294	0.00214	0.00534
18	0.00493	0.00421	0.00423	0.00423	0.00562	0.00351	0.00317	0.00600	0.00951	0.01133	0.05739	0.03980	0.81105	0.01048	0.00491	0.00140	0.00210	0.00874	0.00387	0.00351
19	0.00953	0.11871	0.21951	0.04599	0.04781	0.03198	0.03289	0.02857	0.22311	0.03579	0.08494	0.01432	0.05468	0.00524	0.00432	0.00130	0.02842	0.00425	0.00294	0.00571
20	0.00907	0.00727	0.00857	0.00619	0.00977	0.00552	0.00495	0.01090	0.00889	0.05771	0.03414	0.00963	0.00744	0.00336	0.00319	0.00067	0.00307	0.00272	0.00267	0.80428
21	0.01164	0.68495	0.01974	0.00777	0.01098	0.10924	0.00730	0.03536	0.02623	0.01044	0.00619	0.00714	0.00554	0.00387	0.00332	0.00097	0.03965	0.00243	0.00194	0.00531
22	0.00596	0.00441	0.00654	0.00654	0.00722	0.00510	0.00502	0.00731	0.00662	0.00951	0.01116	0.01685	0.01059	0.07601	0.77810	0.02210	0.01060	0.00452	0.00223	0.00361
23	0.01022	0.00981	0.01676	0.04439	0.80965	0.00985	0.01272	0.01270	0.00943	0.01350	0.00780	0.01030	0.00656	0.00371	0.00411	0.00124	0.00495	0.00370	0.00205	0.00653
24	0.01552	0.01980	0.01177	0.01070	0.01284	0.83735	0.00803	0.01659	0.01177	0.01017	0.00642	0.00749	0.00535	0.00428	0.00375	0.00107	0.00749	0.00268	0.00214	0.00482
25	0.00635	0.00458	0.00590	0.00551	0.00661	0.00440	0.00419	0.02957	0.02442	0.02748	0.65673	0.02898	0.07632	0.01068	0.08803	0.00185	0.00300	0.00708	0.00429	0.00405
26	0.00882	0.00856	0.01506	0.49820	0.28650	0.00956	0.09059	0.01157	0.00883	0.01183	0.00762	0.01083	0.00595	0.00394	0.00421	0.00134	0.00549	0.00381	0.00194	0.00535
27	0.00517	0.00368	0.00491	0.00584	0.00611	0.00346	0.00396	0.00593	0.00798	0.01063	0.02258	0.78846	0.02696	0.03581	0.00575	0.00176	0.00252	0.05128	0.00382	0.00337
28	0.00506	0.00363	0.00480	0.00574	0.00601	0.00338	0.00384	0.00579	0.00800	0.01062	0.02344	0.82836	0.05007	0.01294	0.00529	0.00168	0.00240	0.01172	0.00386	0.00338
29	0.01579	0.01163	0.01247	0.00956	0.01288	0.01288	0.00789	0.81426	0.01953	0.02618	0.00997	0.00997	0.00706	0.00499	0.00416	0.00125	0.00457	0.00374	0.00416	0.00706
30	0.00980	0.01120	0.02451	0.01751	0.02171	0.01050	0.81303	0.01331	0.00980	0.01331	0.00840	0.01120	0.00630	0.00350	0.00490	0.00140	0.00700	0.00490	0.00210	0.00560
31	0.00604	0.00403	0.00453	0.00453	0.00453	0.00403	0.00252	0.00604	0.00604	0.00805	0.01309	0.02718	0.01510	0.85402	0.02114	0.00403	0.00403	0.00604	0.00252	0.00252
32	0.00893	0.00978	0.02057	0.01497	0.01853	0.00913	0.64919	0.01204	0.00998	0.01352	0.10905	0.03287	0.06103	0.00473	0.00491	0.00140	0.00600	0.00560	0.00254	0.00522
33	0.01579	0.01163	0.01247	0.00956	0.01288	0.01288	0.00789	0.81426	0.01953	0.02618	0.00997	0.00997	0.00706	0.00499	0.00416	0.00125	0.00457	0.00374	0.00416	0.00706
34	0.00915	0.00789	0.01037	0.25775	0.01593	0.01765	0.02162	0.06452	0.00937	0.02805	0.00772	0.00957	0.00610	0.00359	0.00353	0.00092	0.00405	0.00299	0.00243	0.51682
35	0.00633	0.00495	0.00709	0.00687	0.00742	0.00593	0.00527	0.00753	0.00655	0.00946	0.01073	0.01702	0.01047	0.14742	0.62018	0.00571	0.11064	0.00458	0.00222	0.00364
36	0.01044	0.00898	0.00946	0.00848	0.01084	0.01038	0.00660	0.03824	0.80425	0.01756	0.01676	0.01538	0.01256	0.00562	0.00423	0.00141	0.00331	0.00468	0.00423	0.00658
37	0.88336	0.00803	0.00611	0.00546	0.00803	0.00932	0.00450	0.01221	0.00707	0.01864	0.00578	0.00675	0.00450	0.00386	0.00257	0.00129	0.00321	0.00225	0.00257	0.00450
38	0.00802	0.00756	0.01274	0.75844	0.06512	0.00925	0.02686	0.01097	0.02659	0.01094	0.00769	0.01122	0.00583	0.00456	0.01676	0.00146	0.00557	0.00375	0.00192	0.00476
39	0.00523	0.00433	0.00460	0.00455	0.00587	0.00376	0.00341	0.00673	0.03241	0.01230	0.17521	0.06461	0.64226	0.01012	0.00490	0.00140	0.00212	0.00854	0.00399	0.00366
40	0.00593	0.00445	0.00668	0.00668	0.00742	0.00519	0.00519	0.00742	0.00668	0.00964	0.01113	0.01632	0.01038	0.03115	0.83756	0.00668	0.01113	0.00445	0.00223	0.00371
41	0.75706	0.00894	0.05551	0.00608	0.00892	0.00933	0.00533	0.04554	0.00785	0.04152	0.00638	0.00724	0.00484	0.00393	0.00277	0.00127	0.00345	0.00242	0.00266	0.01896
42	0.00868	0.00810	0.01348	0.62603	0.21373	0.00950	0.01170	0.03801	0.00895	0.01182	0.00757	0.01085	0.00583	0.00408	0.00414	0.00134	0.00536	0.00370	0.00197	0.00515
43	0.00939	0.00959	0.01268	0.01090	0.01100	0.05178	0.00904	0.01031	0.00662	0.01000	0.00550	0.00901	0.00545	0.00713	0.01316	0.00178	0.80669	0.00359	0.00183	0.00456
44	0.00491	0.00421	0.00421	0.00421	0.00561	0.00351	0.00316	0.00596	0.00947	0.01122	0.04208	0.03997	0.82643	0.01052	0.00491	0.00140	0.00210	0.00877	0.00386	0.00351
45	0.01033	0.00892	0.00939	0.00845	0.01080	0.01033	0.00657	0.02207	0.82061	0.01738	0.01691	0.01550	0.01268	0.00564	0.00423	0.00141	0.00329	0.00470	0.00423	0.00657
46	0.77400	0.00795	0.00690	0.11021	0.01060	0.00931	0.00538	0.01201	0.00722	0.01763	0.00598	0.00729	0.00463	0.00389	0.00277	0.00130	0.00350	0.00243	0.00248	0.00451
47	0.00506	0.00361	0.00482	0.00578	0.00602	0.00337	0.00386	0.00578	0.00795	0.01060	0.02289	0.85131	0.02747	0.01301	0.00530	0.00169	0.00241	0.01181	0.00386	0.00337
48	0.00774	0.00387	0.00387	0.00387	0.00484	0.00387	0.00290	0.00968	0.00871	0.01549	0.01355	0.01549	0.01065	0.00484	0.00290	0.00097	0.00194	0.00387	0.87708	0.00387
49	0.01056	0.05553	0.09939	0.06421	0.53200	0.03032	0.04871	0.05839	0.00993	0.02953	0.00790	0.01000	0.00637	0.00389	0.00417	0.00124	0.01579	0.00360	0.00218	0.00629
50	0.04530	0.00956	0.03068	0.10736	0.08777	0.07493	0.07708	0.08085	0.05483	0.10949	0.00979	0.02762	0.00794	0.00752	0.07956	0.00186	0.14385	0.02055	0.00277	0.02068
51	0.00982	0.00968	0.01751	0.09371	0.56515	0.00971	0.16809	0.01248	0.00943	0.01321	0.00853	0.01218	0.00722	0.00405	0.00434	0.00131	0.00534	0.04000	0.00213	0.00610
52	0.00976	0.01109	0.02385	0.01714	0.02110	0.01063	0.76775	0.01312	0.00961	0.01312	0.00824	0.01109	0.00625	0.00371	0.00539	0.00142	0.05428	0.00483	0.00208	0.00554
53	0.00979	0.01471	0.41106	0.04206	0.24063	0.00895	0.01257	0.02350	0.01952	0.09280	0.02655	0.02913	0.00817	0.00463	0.00415	0.00132	0.00522	0.03672	0.00242	0.00612
54	0.00913	0.04150	0.06536	0.13394	0.25677	0.00892	0.21168	0.01170	0.00920	0.04064	0.02206	0.13297	0.01020	0.00535	0.00447	0.00137	0.00512	0.02175	0.00245	0.00544
55	0.00575	0.00418	0.00541	0.00524	0.00616	0.00384	0.00388	0.00753	0.01124	0.01575	0.70252	0.12060	0.07419	0.00908	0.00494	0.00135	0.00202	0.00804	0.00446	0.00384
56	0.00862	0.05380	0.76151	0.01155	0.01743	0.00978	0.02607	0.01318	0.00887	0.02842	0.01945	0.00914	0.00587	0.00401	0.00393	0.00130	0.00597	0.00315	0.00186	0.00608
57	0.01086	0.00986	0.06395	0.17767	0.20498	0.03873	0.14513	0.03457	0.04713	0.13624	0.01104	0.02592	0.03369	0.00470	0.00452	0.00134	0.02321	0.01792	0.00274	0.00579
58	0.00982	0.01942	0.70735	0.01122	0.01692	0.00930	0.01399	0.03636	0.00946	0.11519	0.00863	0.00947	0.00594	0.00412	0.00398	0.00131	0.00577	0.00323	0.00224	0.00628
59	0.00491	0.00421	0.00421	0.00421	0.00561	0.00351	0.00316	0.00596	0.00947	0.01122	0.04208	0.03997	0.82643	0.01052	0.00491	0.00140	0.00210	0.00877	0.00386	0.00351
60	0.00783	0.00706	0.03561	0.08370	0.06307	0.04736	0.00617	0.04503	0.08029	0.03356	0.11824	0.15907	0.19454	0.04454	0.00578	0.01527	0.02730	0.01768	0.00342	0.00447
61	0.00997	0.00956	0.01631	0.12827	0.72772	0.00979	0.01260	0.01248	0.00931	0.01320	0.00776	0.01038	0.00645	0.00376	0.00412	0.00125	0.00501	0.00370	0.00203	0.00633
62	0.01825	0.00768	0.01002	0.00768	0.01091	0.00702	0.00635	0.12696	0.01292	0.72282	0.01553	0.01358	0.00985	0.00512	0.00417	0.00128	0.00367	0.00412	0.00501	0.00707
63	0.00963	0.01081	0.02319	0.09738	0.03944	0.01037	0.71880	0.01303	0.00965	0.01305	0.00829	0.01117	0.00623	0.00357	0.00481	0.00140	0.00682	0.00476	0.00208	0.00553
64	0.02644	0.02777	0.01340	0.01133	0.04576	0.34782	0.10853	0.20244	0.03410	0.02909	0.00843	0.00997	0.00668	0.00469	0.00463	0.00123	0.06087	0.01590	0.03540	0.00553
65	0.01429	0.00631	0.00787	0.00640	0.00876	0.00587	0.00513	0.08451	0.01135	0.46639	0.02901	0.03818	0.01123	0.03086	0.00436	0.00129	0.00312	0.00438	0.25483	0.00586

[dist]
# distance from previous block
# <min> <max>
1	17

[block]
# block no. 2 follows, 64 sequences, length 29
# corresponding to MSA columns:
# 529-557
name=unknown_C
#
# <colnr> <probs for GDERKNQSTAVLIFYWHMCP>
#	G	D	E	R	K	N	Q	S	T	A	V	L	I	F	Y	W	H	M	C	P
0	0.00545	0.00385	0.00504	0.00572	0.00600	0.00376	0.00387	0.00616	0.00754	0.01010	0.01974	0.55237	0.02315	0.19262	0.08033	0.00263	0.00360	0.06140	0.00343	0.00325
1	0.00669	0.00478	0.00669	0.00765	0.00861	0.00478	0.00669	0.00861	0.00956	0.01243	0.02199	0.04685	0.02391	0.01147	0.00574	0.00191	0.00382	0.80015	0.00382	0.00382
2	0.28899	0.00755	0.00787	0.00613	0.00924	0.00699	0.00493	0.02873	0.02406	0.10832	0.00834	0.00949	0.00657	0.03508	0.00375	0.00106	0.00324	0.00279	0.00287	0.43400
3	0.03333	0.00637	0.00729	0.00684	0.00814	0.03610	0.00521	0.05521	0.17375	0.02392	0.04853	0.01854	0.05991	0.12298	0.37060	0.00401	0.00690	0.00491	0.00302	0.00443
4	0.00663	0.00476	0.00699	0.00742	0.03782	0.00524	0.00557	0.00813	0.02269	0.02434	0.02371	0.02154	0.01290	0.04490	0.53753	0.07204	0.00847	0.14295	0.00259	0.00377
5	0.00872	0.00766	0.00833	0.00794	0.02490	0.07661	0.00587	0.03945	0.21687	0.02417	0.01457	0.13471	0.04301	0.13734	0.12220	0.00257	0.11165	0.00566	0.00312	0.00463
6	0.01019	0.00978	0.01670	0.05461	0.79967	0.00985	0.01270	0.01267	0.00942	0.01347	0.00780	0.01031	0.00654	0.00372	0.00411	0.00124	0.00496	0.00370	0.00205	0.00651
7	0.01092	0.37004	0.29649	0.00996	0.02932	0.07299	0.04847	0.02928	0.00927	0.06139	0.00728	0.00829	0.00572	0.00394	0.00364	0.00113	0.02122	0.00287	0.00207	0.00573
8	0.00808	0.00672	0.00844	0.03184	0.09512	0.02188	0.00567	0.00982	0.00928	0.03712	0.12056	0.11147	0.08015	0.00591	0.00397	0.00104	0.00316	0.02432	0.00306	0.41240
9	0.00994	0.08630	0.17615	0.04107	0.17434	0.05735	0.02901	0.03291	0.06894	0.06048	0.05114	0.01394	0.04597	0.00569	0.02545	0.00141	0.03475	0.02660	0.05298	0.00558
10	0.00598	0.00414	0.00517	0.00519	0.00541	0.00435	0.00334	0.00644	0.00628	0.00858	0.01276	0.04486	0.01403	0.59138	0.26020	0.00474	0.00607	0.00572	0.00247	0.00289
11	0.00637	0.00450	0.00567	0.00583	0.00662	0.00437	0.00422	0.03633	0.03848	0.02914	0.26551	0.35242	0.05385	0.08121	0.02207	0.00182	0.00278	0.06051	0.01444	0.00383
12	0.05421	0.11873	0.06295	0.05045	0.37621	0.13730	0.06536	0.02242	0.00963	0.03596	0.00758	0.00946	0.00618	0.00442	0.02100	0.00130	0.00550	0.00336	0.00215	0.00584
13	0.01111	0.85652	0.02177	0.00711	0.01066	0.01644	0.00711	0.01244	0.00844	0.00977	0.00577	0.00666	0.00533	0.00355	0.00267	0.00089	0.00444	0.00222	0.00178	0.00533
14	0.00861	0.00738	0.00861	0.00615	0.00984	0.00554	0.00492	0.01046	0.00861	0.01354	0.00738	0.00861	0.00615	0.00308	0.00308	0.00062	0.00308	0.00246	0.00246	0.87941
15	0.00985	0.02475	0.02785	0.08502	0.53540	0.00944	0.06427	0.04187	0.02184	0.01365	0.00911	0.02745	0.00796	0.00441	0.00421	0.00127	0.00488	0.05257	0.00230	0.05190
16	0.00505	0.00366	0.00478	0.00568	0.00600	0.00338	0.00381	0.00580	0.00806	0.01065	0.02420	0.79614	0.08180	0.01284	0.00528	0.00167	0.00239	0.01160	0.00386	0.00338
17	0.00603	0.00407	0.00473	0.00473	0.00479	0.00413	0.00276	0.00617	0.00610	0.00820	0.01291	0.02619	0.01467	0.77872	0.09585	0.00427	0.00468	0.00589	0.00249	0.00263
18	0.01259	0.54654	0.03532	0.00846	0.01158	0.30319	0.00760	0.01390	0.00961	0.00998	0.00604	0.00700	0.00534	0.00382	0.00307	0.00096	0.00554	0.00240	0.00190	0.00517
19	0.00900	0.00738	0.00843	0.00628	0.00956	0.02044	0.00500	0.05054	0.00966	0.03984	0.08927	0.01222	0.04057	0.00407	0.00342	0.00077	0.00310	0.00332	0.00288	0.67427
20	0.01083	0.16052	0.48000	0.01060	0.01530	0.19194	0.01195	0.01410	0.00951	0.04845	0.00734	0.00838	0.00552	0.00401	0.00370	0.00119	0.00603	0.00289	0.00199	0.00575
21	0.01077	0.01180	0.01282	0.22446	0.17683	0.27193	0.03571	0.01255	0.00928	0.01087	0.00749	0.01084	0.00649	0.06463	0.02773	0.00162	0.09359	0.00359	0.00204	0.00492
22	0.00899	0.00747	0.00872	0.00626	0.00993	0.00572	0.00502	0.02926	0.00893	0.03075	0.00763	0.00876	0.00626	0.00316	0.00312	0.00064	0.00312	0.00253	0.00256	0.84117
23	0.00546	0.00406	0.00467	0.00482	0.00551	0.00373	0.00328	0.00628	0.00849	0.01096	0.14247	0.18572	0.30287	0.26476	0.00989	0.00224	0.00276	0.02523	0.00356	0.00325
24	0.00813	0.00768	0.01298	0.74640	0.12397	0.00930	0.01168	0.01087	0.00844	0.01097	0.00743	0.01098	0.00566	0.00410	0.00415	0.00137	0.00547	0.00369	0.00187	0.00485
25	0.00972	0.00844	0.00977	0.00760	0.03338	0.03943	0.02859	0.10419	0.01005	0.01476	0.00809	0.00996	0.00677	0.01556	0.00362	0.00082	0.00362	0.02057	0.00265	0.66240
26	0.00909	0.00909	0.01272	0.01091	0.01091	0.01272	0.00909	0.01000	0.00636	0.01000	0.00545	0.00909	0.00545	0.00727	0.01363	0.00182	0.84642	0.00364	0.00182	0.00454
27	0.00961	0.03693	0.02616	0.28132	0.39820	0.05123	0.03358	0.01207	0.00910	0.01232	0.00751	0.01013	0.00608	0.00381	0.00398	0.00121	0.00514	0.00351	0.00202	0.08609
28	0.00605	0.00425	0.00585	0.00585	0.00629	0.00469	0.00416	0.00682	0.00638	0.00894	0.01158	0.01990	0.01185	0.31787	0.50378	0.05710	0.00820	0.00496	0.00230	0.00318

[dist]
# distance from previous block
# <min> <max>
0	1

# created by:
# /st0/software/busco_prod/Augustus/scripts/msa2prfl.pl ./align_prep/133820.fa
