[name]
unknown

[dist]
# distance from previous block
# <min> <max>
3	21

[block]
# block no. 0 follows, 63 sequences, length 8
# corresponding to MSA columns:
# 22-29
name=unknown_A
#
# <colnr> <probs for GDERKNQSTAVLIFYWHMCP>
#	G	D	E	R	K	N	Q	S	T	A	V	L	I	F	Y	W	H	M	C	P
0	0.04258	0.00574	0.00631	0.00615	0.00735	0.03654	0.00449	0.06576	0.04260	0.04291	0.08266	0.32984	0.12200	0.07480	0.05698	0.00198	0.00350	0.00789	0.02392	0.03601
1	0.00806	0.00581	0.00628	0.00592	0.00712	0.03861	0.00430	0.08124	0.04524	0.06259	0.10881	0.17114	0.16668	0.17251	0.03874	0.00211	0.00346	0.00709	0.06015	0.00414
2	0.03005	0.00530	0.00622	0.00594	0.00711	0.00525	0.00437	0.08558	0.03559	0.07030	0.12991	0.20598	0.13038	0.15923	0.03128	0.00207	0.00326	0.04510	0.03293	0.00415
3	0.00690	0.00495	0.00586	0.00572	0.00689	0.00474	0.00420	0.04981	0.04592	0.04080	0.07690	0.23707	0.23681	0.08379	0.06165	0.03129	0.00334	0.02754	0.02247	0.04334
4	0.00909	0.00657	0.00736	0.00670	0.00817	0.06553	0.03670	0.09412	0.01052	0.10002	0.08264	0.25396	0.12735	0.06850	0.00578	0.00158	0.00333	0.00726	0.10036	0.00446
5	0.00839	0.02384	0.00677	0.00604	0.00745	0.02921	0.00460	0.04917	0.03522	0.10027	0.11847	0.16910	0.17995	0.03693	0.06101	0.00181	0.02862	0.00683	0.10587	0.02046
6	0.05654	0.00761	0.00766	0.00682	0.00843	0.11141	0.03677	0.08227	0.01017	0.03675	0.11316	0.15112	0.11408	0.13488	0.00693	0.00171	0.00373	0.00625	0.04163	0.06207
7	0.08220	0.00818	0.02320	0.03790	0.03456	0.06580	0.01892	0.13746	0.04211	0.10354	0.06290	0.14140	0.08718	0.03635	0.02892	0.00163	0.03584	0.01920	0.02769	0.00505

[dist]
# distance from previous block
# <min> <max>
2	3

[block]
# block no. 1 follows, 63 sequences, length 26
# corresponding to MSA columns:
# 33-58
name=unknown_B
#
# <colnr> <probs for GDERKNQSTAVLIFYWHMCP>
#	G	D	E	R	K	N	Q	S	T	A	V	L	I	F	Y	W	H	M	C	P
0	0.12596	0.04828	0.02351	0.02981	0.00960	0.12061	0.00590	0.07258	0.02869	0.06068	0.07888	0.14707	0.04044	0.02271	0.05957	0.00174	0.01791	0.04057	0.03836	0.02714
1	0.07317	0.00806	0.02155	0.01550	0.00958	0.07211	0.00574	0.09037	0.09140	0.20992	0.14404	0.06762	0.08318	0.00648	0.00424	0.00130	0.00349	0.01313	0.03993	0.03921
2	0.06051	0.14027	0.06444	0.00789	0.01025	0.10968	0.05348	0.06431	0.02774	0.04845	0.06741	0.06951	0.09203	0.04881	0.02649	0.00153	0.02853	0.00482	0.06901	0.00485
3	0.02803	0.03037	0.05556	0.00982	0.01275	0.14697	0.15084	0.07892	0.04480	0.17551	0.05479	0.02820	0.07985	0.00594	0.02228	0.00140	0.01778	0.00458	0.01711	0.03449
4	0.02550	0.11404	0.18396	0.00986	0.02197	0.08521	0.05699	0.26180	0.02578	0.06566	0.01124	0.02189	0.05678	0.02717	0.00447	0.00131	0.00505	0.00391	0.00303	0.01435
5	0.04340	0.08803	0.14910	0.02358	0.01100	0.08977	0.01704	0.04938	0.04035	0.07236	0.12800	0.05684	0.10064	0.03960	0.01923	0.00152	0.03799	0.02404	0.00313	0.00500
6	0.00930	0.17494	0.36560	0.00988	0.01403	0.04607	0.05988	0.05867	0.00983	0.01340	0.08151	0.08824	0.01068	0.00519	0.00399	0.00125	0.00508	0.00428	0.00244	0.03575
7	0.00974	0.13443	0.38150	0.00951	0.01354	0.09659	0.01039	0.07002	0.01024	0.02773	0.09968	0.02926	0.04395	0.01948	0.02514	0.00143	0.00534	0.00400	0.00252	0.00551
8	0.07121	0.20285	0.31045	0.00907	0.01317	0.04158	0.02520	0.09163	0.00998	0.03492	0.02488	0.02169	0.05688	0.02650	0.00415	0.00127	0.00490	0.00357	0.00245	0.04365
9	0.02962	0.07838	0.17495	0.04246	0.09609	0.07303	0.01613	0.10156	0.09255	0.03469	0.08174	0.05060	0.02600	0.00526	0.00428	0.00126	0.02474	0.00425	0.00290	0.05951
10	0.11210	0.21618	0.07542	0.00808	0.01126	0.05875	0.00728	0.23719	0.05183	0.05243	0.04380	0.02745	0.04848	0.00500	0.00368	0.00118	0.00431	0.00372	0.00313	0.02871
11	0.01130	0.01005	0.01058	0.06136	0.03098	0.11694	0.03111	0.19103	0.21690	0.03212	0.07083	0.05099	0.05478	0.02465	0.00505	0.00139	0.03700	0.00482	0.00353	0.03458
12	0.25646	0.19959	0.16122	0.02384	0.01339	0.03665	0.12091	0.03775	0.03589	0.06721	0.00777	0.00879	0.00591	0.00400	0.00348	0.00123	0.00484	0.00309	0.00245	0.00552
13	0.00704	0.00585	0.00860	0.29616	0.05015	0.00651	0.00719	0.03708	0.04225	0.01163	0.03064	0.33622	0.03657	0.06588	0.03761	0.00189	0.00419	0.00733	0.00301	0.00422
14	0.00717	0.00505	0.00704	0.00674	0.00771	0.00567	0.00520	0.06185	0.00796	0.04230	0.04019	0.01745	0.01171	0.09738	0.64992	0.00576	0.00959	0.00469	0.00260	0.00402
15	0.00997	0.11151	0.02800	0.00759	0.00995	0.00905	0.02467	0.12568	0.24639	0.05600	0.17307	0.03748	0.09712	0.00745	0.03607	0.00152	0.00372	0.00537	0.00385	0.00555
16	0.00506	0.00426	0.00438	0.00435	0.00573	0.00359	0.00326	0.00621	0.00979	0.01186	0.11431	0.03962	0.75229	0.01046	0.00497	0.00141	0.00212	0.00876	0.00397	0.00359
17	0.00892	0.02025	0.71516	0.01149	0.01714	0.03827	0.01428	0.04167	0.03573	0.01395	0.03910	0.00995	0.00695	0.00427	0.00404	0.00132	0.00595	0.00334	0.00206	0.00613
18	0.88196	0.00813	0.00618	0.00553	0.00813	0.00943	0.00455	0.01236	0.00715	0.01886	0.00585	0.00683	0.00455	0.00390	0.00260	0.00130	0.00325	0.00228	0.00260	0.00455
19	0.00957	0.00946	0.03673	0.28440	0.51976	0.00979	0.01234	0.01259	0.04049	0.01292	0.00812	0.01082	0.00653	0.00397	0.00417	0.00131	0.00516	0.00376	0.00209	0.00601
20	0.00618	0.00438	0.00548	0.00515	0.00631	0.00396	0.00388	0.00797	0.01144	0.04264	0.63953	0.03266	0.19694	0.00890	0.00494	0.00134	0.00207	0.00775	0.00450	0.00399
21	0.00659	0.00465	0.00576	0.00573	0.00621	0.00492	0.00395	0.03793	0.02670	0.01003	0.02383	0.04746	0.01507	0.48800	0.22608	0.00431	0.00582	0.07092	0.00275	0.00328
22	0.02224	0.00733	0.00862	0.00644	0.00978	0.00590	0.00511	0.05071	0.00945	0.09216	0.00959	0.06251	0.00824	0.02679	0.00390	0.00089	0.00322	0.00341	0.00293	0.66079
23	0.00827	0.02923	0.00842	0.00632	0.00905	0.00552	0.02201	0.01855	0.00840	0.02236	0.01052	0.10041	0.03544	0.02556	0.00556	0.11056	0.00324	0.00402	0.00263	0.56392
24	0.01008	0.33446	0.33625	0.00915	0.01345	0.04391	0.01015	0.07001	0.00974	0.01285	0.04367	0.01031	0.02830	0.02304	0.00394	0.00120	0.00508	0.00321	0.00219	0.02902
25	0.04945	0.12583	0.16115	0.00844	0.01135	0.13308	0.00783	0.09265	0.03881	0.07219	0.02596	0.12729	0.03181	0.03684	0.04087	0.00160	0.00499	0.00471	0.00291	0.02223

[dist]
# distance from previous block
# <min> <max>
1	18

[block]
# block no. 2 follows, 63 sequences, length 71
# corresponding to MSA columns:
# 77-147
name=unknown_C
#
# <colnr> <probs for GDERKNQSTAVLIFYWHMCP>
#	G	D	E	R	K	N	Q	S	T	A	V	L	I	F	Y	W	H	M	C	P
0	0.04619	0.01089	0.03119	0.00924	0.03189	0.15480	0.04871	0.15294	0.16719	0.03900	0.03108	0.07042	0.03804	0.00554	0.00411	0.00123	0.00446	0.01886	0.00333	0.13090
1	0.16825	0.05423	0.01175	0.01100	0.11530	0.35040	0.00771	0.11195	0.02259	0.02523	0.01804	0.00867	0.00631	0.00423	0.00360	0.00113	0.00546	0.00297	0.00259	0.06859
2	0.02095	0.00373	0.00549	0.00547	0.00553	0.00375	0.00367	0.00563	0.00562	0.00766	0.02214	0.01302	0.00785	0.01433	0.01600	0.84805	0.00361	0.00370	0.00189	0.00191
3	0.00923	0.01015	0.02140	0.01559	0.01919	0.00963	0.66317	0.01223	0.00953	0.01286	0.01128	0.03660	0.06497	0.00553	0.02866	0.02802	0.02908	0.00534	0.00229	0.00526
4	0.02156	0.00686	0.00888	0.03859	0.01026	0.00681	0.04782	0.12839	0.08130	0.20159	0.12749	0.16052	0.12675	0.00762	0.00464	0.00140	0.00336	0.00659	0.00419	0.00536
5	0.00985	0.27542	0.16265	0.00918	0.01227	0.10675	0.06259	0.03610	0.00957	0.01188	0.01989	0.08161	0.01122	0.02745	0.00452	0.00138	0.00504	0.14509	0.00252	0.00504
6	0.01021	0.00880	0.00928	0.00837	0.01069	0.01013	0.00650	0.02158	0.77886	0.01740	0.03569	0.01670	0.03519	0.00590	0.00431	0.00142	0.00326	0.00493	0.00428	0.00651
7	0.00930	0.02601	0.03383	0.30903	0.10216	0.04634	0.07319	0.05243	0.04898	0.01277	0.07161	0.01238	0.00897	0.00583	0.02872	0.00157	0.14525	0.00411	0.00238	0.00515
8	0.00543	0.00420	0.00495	0.00492	0.00600	0.00372	0.00363	0.00688	0.01045	0.01378	0.39560	0.13314	0.37213	0.01001	0.00501	0.00141	0.00210	0.00866	0.00423	0.00372
9	0.00889	0.00753	0.01025	0.00916	0.01042	0.00875	0.05614	0.12522	0.05883	0.01401	0.03531	0.11960	0.04722	0.00919	0.02854	0.00181	0.24175	0.19936	0.00325	0.00476
10	0.03023	0.00494	0.00612	0.00566	0.00714	0.00449	0.00430	0.01007	0.02723	0.17489	0.33173	0.16070	0.19827	0.00892	0.00481	0.00140	0.00246	0.00772	0.00441	0.00449
11	0.01495	0.01809	0.01267	0.01311	0.14162	0.68195	0.00883	0.01627	0.01155	0.03334	0.00700	0.00821	0.00575	0.00426	0.00386	0.00112	0.00706	0.00291	0.00224	0.00522
12	0.73807	0.06945	0.02516	0.00605	0.00885	0.01010	0.00519	0.05741	0.00808	0.03190	0.00630	0.00717	0.00487	0.00397	0.00275	0.00127	0.00349	0.00241	0.00266	0.00484
13	0.88196	0.00813	0.00618	0.00553	0.00813	0.00943	0.00455	0.01236	0.00715	0.01886	0.00585	0.00683	0.00455	0.00390	0.00260	0.00130	0.00325	0.00228	0.00260	0.00455
14	0.00853	0.05922	0.66200	0.01125	0.01662	0.00968	0.03386	0.02972	0.02505	0.01324	0.00871	0.05462	0.00695	0.00556	0.03573	0.00154	0.00605	0.00369	0.00202	0.00594
15	0.00736	0.00599	0.00896	0.01872	0.00896	0.00710	0.05795	0.00857	0.00692	0.03229	0.01035	0.01679	0.01010	0.19769	0.39557	0.00455	0.19126	0.00468	0.00229	0.00391
16	0.00714	0.00614	0.00892	0.03227	0.23919	0.00608	0.00686	0.02694	0.00926	0.01231	0.05468	0.10354	0.27722	0.01208	0.14315	0.00230	0.00470	0.03954	0.00310	0.00459
17	0.80525	0.00804	0.00650	0.00570	0.00836	0.00914	0.00470	0.01308	0.00759	0.09086	0.00681	0.00749	0.00507	0.00402	0.00275	0.00130	0.00328	0.00245	0.00283	0.00478
18	0.00608	0.00409	0.00464	0.00464	0.00471	0.00410	0.00265	0.00616	0.00623	0.00829	0.01400	0.02752	0.03763	0.80273	0.04686	0.00409	0.00425	0.00614	0.00258	0.00261
19	0.00529	0.00394	0.00492	0.00537	0.00605	0.00358	0.00376	0.00639	0.00931	0.01235	0.22060	0.47507	0.20498	0.01151	0.00518	0.00155	0.00226	0.01023	0.00408	0.00358
20	0.00859	0.00814	0.01379	0.62592	0.24009	0.00951	0.01200	0.01131	0.00871	0.01153	0.00759	0.01099	0.00588	0.00408	0.00419	0.00136	0.00544	0.00374	0.00192	0.00520
21	0.03166	0.12942	0.44783	0.01318	0.14752	0.04541	0.03746	0.03152	0.00941	0.03366	0.00857	0.00984	0.02826	0.00414	0.00387	0.00125	0.00558	0.00332	0.00208	0.00603
22	0.01136	0.83182	0.02175	0.00729	0.01085	0.03917	0.00722	0.01270	0.00863	0.00990	0.00586	0.00677	0.00540	0.00362	0.00273	0.00090	0.00458	0.00226	0.00181	0.00538
23	0.85786	0.00846	0.00634	0.00568	0.00827	0.03240	0.00465	0.01248	0.00729	0.01862	0.00587	0.00685	0.00458	0.00391	0.00263	0.00129	0.00337	0.00229	0.00259	0.00456
24	0.03965	0.01075	0.01177	0.00950	0.01246	0.03238	0.04668	0.42847	0.31169	0.02182	0.02304	0.01232	0.00950	0.00521	0.00422	0.00133	0.00427	0.00418	0.00404	0.00672
25	0.00611	0.00408	0.00458	0.00458	0.00458	0.00408	0.00255	0.00611	0.00611	0.00815	0.01325	0.02751	0.01528	0.85226	0.02140	0.00408	0.00408	0.00611	0.00255	0.00255
26	0.00829	0.00586	0.00683	0.00623	0.00784	0.00586	0.00479	0.07256	0.14695	0.08103	0.29048	0.07338	0.19418	0.03419	0.01990	0.00157	0.00287	0.02816	0.00426	0.00475
27	0.00523	0.00425	0.00451	0.00446	0.00568	0.00366	0.00326	0.00635	0.00964	0.01196	0.16676	0.03780	0.62300	0.08720	0.00647	0.00165	0.00228	0.00841	0.00390	0.00353
28	0.01334	0.01152	0.01215	0.01030	0.03259	0.12012	0.00817	0.38434	0.05392	0.03692	0.00899	0.01028	0.00705	0.00703	0.05360	0.00170	0.21508	0.00371	0.00321	0.00598
29	0.12275	0.01729	0.01142	0.03128	0.03517	0.62175	0.00789	0.08163	0.01182	0.01279	0.00678	0.00786	0.00549	0.00432	0.00370	0.00114	0.00668	0.00280	0.00238	0.00507
30	0.00579	0.00428	0.00541	0.00515	0.00619	0.00389	0.00385	0.00762	0.01149	0.01594	0.69475	0.04999	0.15206	0.00899	0.00497	0.00134	0.00201	0.00788	0.00451	0.00389
31	0.00872	0.00747	0.00872	0.00623	0.00996	0.00560	0.00498	0.01058	0.00872	0.01370	0.00747	0.00872	0.00623	0.00311	0.00311	0.00062	0.00311	0.00249	0.00249	0.87796
32	0.01449	0.01063	0.01163	0.00901	0.01226	0.01140	0.00740	0.58513	0.08016	0.06054	0.01075	0.01117	0.00789	0.00499	0.00421	0.00121	0.01400	0.01718	0.00400	0.12196
33	0.88196	0.00813	0.00618	0.00553	0.00813	0.00943	0.00455	0.01236	0.00715	0.01886	0.00585	0.00683	0.00455	0.00390	0.00260	0.00130	0.00325	0.00228	0.00260	0.00455
34	0.01583	0.01170	0.01253	0.00964	0.01298	0.01297	0.00795	0.79030	0.04173	0.02625	0.01029	0.01025	0.00731	0.00506	0.00421	0.00127	0.00459	0.00381	0.00421	0.00714
35	0.00621	0.00478	0.00705	0.00694	0.00761	0.00569	0.00539	0.00761	0.00671	0.00971	0.01098	0.01651	0.01039	0.06451	0.74913	0.00633	0.06391	0.00452	0.00224	0.00376
36	0.00566	0.00431	0.00522	0.00505	0.00618	0.00387	0.00383	0.00734	0.01105	0.01488	0.53536	0.03502	0.29586	0.00939	0.00500	0.00138	0.00211	0.04031	0.00436	0.00383
37	0.00557	0.00411	0.00521	0.00530	0.00614	0.00375	0.00384	0.00706	0.01046	0.01431	0.48206	0.26624	0.14999	0.01020	0.00508	0.00145	0.00213	0.00903	0.00432	0.00375
38	0.00883	0.07696	0.75415	0.01160	0.01756	0.01031	0.01477	0.03522	0.00915	0.01345	0.00750	0.00877	0.00538	0.00400	0.00391	0.00130	0.00605	0.00307	0.00184	0.00618
39	0.00642	0.00444	0.00555	0.00519	0.00639	0.00399	0.00392	0.00819	0.01143	0.05791	0.62003	0.03239	0.20070	0.00884	0.00492	0.00134	0.00210	0.00769	0.00451	0.00405
40	0.00686	0.01969	0.00669	0.00615	0.00723	0.00560	0.00466	0.04339	0.06267	0.02441	0.30467	0.18978	0.17879	0.03076	0.01877	0.00161	0.07235	0.00781	0.00395	0.00417
41	0.01421	0.01736	0.01215	0.01085	0.01254	0.62849	0.00837	0.03155	0.01081	0.01058	0.00635	0.00801	0.00547	0.00505	0.00611	0.00126	0.20090	0.00295	0.00213	0.00486
42	0.00931	0.00767	0.00913	0.00656	0.01028	0.00596	0.01751	0.03860	0.00922	0.04047	0.00787	0.00899	0.00640	0.00325	0.00322	0.00068	0.00324	0.00263	0.00263	0.80639
43	0.01201	0.40072	0.10324	0.03220	0.01304	0.24099	0.03274	0.03506	0.03233	0.01123	0.01592	0.00817	0.00607	0.00415	0.00377	0.00109	0.03703	0.00281	0.00207	0.00536
44	0.00607	0.00435	0.00608	0.00611	0.00672	0.00483	0.00452	0.00730	0.00704	0.01012	0.05208	0.05549	0.01359	0.18166	0.56877	0.00551	0.00866	0.00525	0.04233	0.00353
45	0.01003	0.00618	0.00761	0.00686	0.00856	0.00624	0.00539	0.07619	0.12174	0.17692	0.18252	0.02505	0.05313	0.10767	0.07568	0.00219	0.00398	0.11497	0.00409	0.00501
46	0.00602	0.00444	0.00641	0.00641	0.00705	0.00507	0.00483	0.00729	0.00665	0.00951	0.01157	0.01825	0.01126	0.16085	0.70731	0.00633	0.01013	0.00476	0.00230	0.00356
47	0.00859	0.06906	0.78456	0.01171	0.01777	0.01015	0.01506	0.01327	0.00886	0.01312	0.00745	0.00875	0.00533	0.00397	0.00392	0.00131	0.00612	0.00306	0.00178	0.00617
48	0.00938	0.00776	0.00899	0.00650	0.01019	0.00616	0.00522	0.06201	0.02137	0.02843	0.00794	0.00900	0.00645	0.00331	0.00322	0.00069	0.00322	0.00264	0.00267	0.79486
49	0.00682	0.00450	0.00582	0.00543	0.00660	0.00410	0.00412	0.00867	0.01160	0.07587	0.67343	0.05269	0.09391	0.00866	0.00493	0.00135	0.00215	0.02060	0.00459	0.00415
50	0.00794	0.00747	0.01261	0.84216	0.02895	0.00934	0.01167	0.01074	0.00841	0.01074	0.00747	0.01121	0.00560	0.00420	0.00420	0.00140	0.00560	0.00374	0.00187	0.00467
51	0.00595	0.00430	0.00562	0.00529	0.00628	0.00397	0.00397	0.00793	0.01190	0.01686	0.82382	0.03140	0.03966	0.00859	0.00496	0.00132	0.00198	0.00760	0.00463	0.00397
52	0.00858	0.06703	0.78653	0.01172	0.01779	0.01014	0.01508	0.01327	0.00886	0.01313	0.00745	0.00876	0.00533	0.00397	0.00392	0.00131	0.00612	0.00306	0.00178	0.00617
53	0.00497	0.00426	0.00426	0.00426	0.00568	0.00355	0.00319	0.00603	0.00958	0.01136	0.04259	0.04046	0.82433	0.01065	0.00497	0.00142	0.00213	0.00887	0.00390	0.00355
54	0.01540	0.01940	0.01177	0.01070	0.01288	0.78781	0.00804	0.01711	0.05843	0.01071	0.00711	0.00805	0.00584	0.00441	0.00382	0.00110	0.00734	0.00283	0.00229	0.00498
55	0.01383	0.01055	0.01168	0.00894	0.01219	0.01119	0.01706	0.57397	0.03987	0.02256	0.00970	0.01040	0.00728	0.02598	0.00468	0.00122	0.02686	0.00362	0.00373	0.18469
56	0.01028	0.00986	0.01684	0.06722	0.78560	0.00996	0.01284	0.01279	0.00951	0.01358	0.00789	0.01045	0.00661	0.00377	0.00416	0.00126	0.00503	0.00375	0.00207	0.00656
57	0.88196	0.00813	0.00618	0.00553	0.00813	0.00943	0.00455	0.01236	0.00715	0.01886	0.00585	0.00683	0.00455	0.00390	0.00260	0.00130	0.00325	0.00228	0.00260	0.00455
58	0.01040	0.00999	0.01706	0.02580	0.82604	0.00999	0.01290	0.01290	0.00957	0.01373	0.00791	0.01040	0.00666	0.00375	0.00416	0.00125	0.00499	0.00375	0.00208	0.00666
59	0.00591	0.00417	0.00505	0.00510	0.00544	0.00425	0.00329	0.00640	0.00674	0.00900	0.01658	0.06622	0.10583	0.53327	0.20108	0.00426	0.00539	0.00635	0.00270	0.00297
60	0.00794	0.00747	0.01261	0.84216	0.02895	0.00934	0.01167	0.01074	0.00841	0.01074	0.00747	0.01121	0.00560	0.00420	0.00420	0.00140	0.00560	0.00374	0.00187	0.00467
61	0.01886	0.00715	0.00976	0.00748	0.01073	0.00618	0.00618	0.02049	0.01203	0.82895	0.01658	0.01431	0.01041	0.00520	0.00423	0.00130	0.00358	0.00423	0.00520	0.00715
62	0.00794	0.00747	0.01261	0.84216	0.02895	0.00934	0.01167	0.01074	0.00841	0.01074	0.00747	0.01121	0.00560	0.00420	0.00420	0.00140	0.00560	0.00374	0.00187	0.00467
63	0.01029	0.00987	0.01685	0.06504	0.78773	0.00996	0.01284	0.01280	0.00952	0.01359	0.00789	0.01044	0.00661	0.00377	0.00416	0.00126	0.00502	0.00375	0.00207	0.00656
64	0.00586	0.00423	0.00554	0.00535	0.00626	0.00391	0.00396	0.00771	0.01149	0.01621	0.73959	0.11747	0.03842	0.00908	0.00500	0.00136	0.00203	0.00806	0.00455	0.00391
65	0.01570	0.02004	0.01191	0.01083	0.01300	0.83539	0.00812	0.01679	0.01191	0.01029	0.00650	0.00758	0.00541	0.00433	0.00379	0.00108	0.00758	0.00271	0.00217	0.00487
66	0.00660	0.00541	0.00716	0.00704	0.00755	0.03088	0.00531	0.00769	0.00701	0.00979	0.01260	0.15745	0.01320	0.12674	0.45677	0.00473	0.12209	0.00580	0.00251	0.00369
67	0.00527	0.00427	0.00467	0.00457	0.00586	0.00368	0.00343	0.00661	0.01029	0.01304	0.28157	0.03769	0.58430	0.01002	0.00497	0.00139	0.00208	0.00848	0.00413	0.00368
68	0.00994	0.01128	0.02445	0.01809	0.05891	0.01060	0.77412	0.01344	0.00991	0.01348	0.00848	0.01130	0.00639	0.00355	0.00492	0.00141	0.00699	0.00491	0.00212	0.00572
69	0.01048	0.00865	0.00941	0.00797	0.01071	0.00916	0.00625	0.07032	0.52831	0.03850	0.01445	0.03465	0.01117	0.00521	0.00402	0.00122	0.00334	0.00431	0.00385	0.21803
70	0.01596	0.01114	0.01214	0.00938	0.01268	0.01218	0.00773	0.68437	0.06527	0.10897	0.01117	0.01085	0.00782	0.00510	0.00421	0.00128	0.00444	0.00389	0.00431	0.00712

[dist]
# distance from previous block
# <min> <max>
0	1

[block]
# block no. 3 follows, 63 sequences, length 65
# corresponding to MSA columns:
# 149-198,202-215,218
name=unknown_D
#
# <colnr> <probs for GDERKNQSTAVLIFYWHMCP>
#	G	D	E	R	K	N	Q	S	T	A	V	L	I	F	Y	W	H	M	C	P
0	0.00573	0.00429	0.00532	0.00506	0.00615	0.00387	0.00380	0.00752	0.01139	0.01565	0.65235	0.03339	0.21189	0.00904	0.00496	0.00134	0.00202	0.00788	0.00447	0.00387
1	0.00617	0.03367	0.00602	0.00540	0.00672	0.04712	0.00417	0.00741	0.00982	0.01210	0.16322	0.07237	0.52020	0.00974	0.00532	0.00142	0.04470	0.03685	0.00376	0.00380
2	0.00959	0.01064	0.02259	0.01628	0.02025	0.00991	0.71036	0.01287	0.00973	0.01329	0.00918	0.03114	0.00744	0.02121	0.00521	0.00144	0.00661	0.02300	0.00224	0.05702
3	0.00584	0.00423	0.00553	0.00547	0.00636	0.00392	0.00408	0.00761	0.01115	0.01558	0.64357	0.15768	0.05468	0.00949	0.00506	0.00141	0.00215	0.04784	0.00446	0.00387
4	0.00972	0.00748	0.00883	0.00640	0.01006	0.00577	0.00513	0.01179	0.02720	0.09154	0.00856	0.00941	0.00677	0.00337	0.00325	0.00071	0.00316	0.00271	0.00279	0.77537
5	0.00601	0.00450	0.00676	0.00676	0.00751	0.00525	0.00525	0.00751	0.00676	0.00976	0.01126	0.01651	0.01051	0.03153	0.83560	0.00676	0.01126	0.00450	0.00225	0.00375
6	0.00872	0.00747	0.00872	0.00623	0.00996	0.00560	0.00498	0.01058	0.00872	0.01370	0.00747	0.00872	0.00623	0.00311	0.00311	0.00062	0.00311	0.00249	0.00249	0.87796
7	0.00512	0.00366	0.00488	0.00585	0.00610	0.00341	0.00390	0.00585	0.00805	0.01073	0.02317	0.84952	0.02780	0.01317	0.00537	0.00171	0.00244	0.01195	0.00390	0.00341
8	0.01005	0.00994	0.05652	0.19589	0.57676	0.00976	0.01249	0.01267	0.00932	0.04020	0.00805	0.01061	0.00648	0.00397	0.00433	0.00130	0.01963	0.00373	0.00212	0.00620
9	0.00602	0.00430	0.00583	0.00669	0.00733	0.00418	0.00526	0.00737	0.00892	0.01174	0.04920	0.36669	0.03915	0.05419	0.00637	0.00192	0.00322	0.40417	0.00384	0.00362
10	0.00962	0.00910	0.01523	0.20979	0.57662	0.00955	0.01197	0.01248	0.03639	0.01334	0.04895	0.01181	0.00828	0.00416	0.00421	0.00129	0.00493	0.00397	0.00223	0.00607
11	0.01279	0.00793	0.00921	0.00691	0.01034	0.04732	0.00557	0.01453	0.01016	0.31592	0.02336	0.01108	0.00825	0.00403	0.00359	0.00091	0.00349	0.00322	0.00351	0.49787
12	0.00554	0.00410	0.00526	0.00583	0.00633	0.00399	0.00406	0.01975	0.00831	0.01101	0.04277	0.56380	0.12591	0.06427	0.07787	0.00224	0.01803	0.02375	0.00367	0.00351
13	0.20971	0.00897	0.00920	0.00790	0.01051	0.03365	0.00642	0.17055	0.24894	0.14889	0.01332	0.01526	0.01037	0.00563	0.00401	0.00139	0.00378	0.08156	0.00393	0.00603
14	0.00880	0.00811	0.01251	0.27583	0.20860	0.00806	0.04666	0.01135	0.02395	0.01273	0.00893	0.02280	0.02131	0.00411	0.00393	0.00112	0.00452	0.01947	0.00228	0.29492
15	0.00788	0.00574	0.00668	0.00625	0.00705	0.00629	0.00436	0.01088	0.19207	0.05183	0.01512	0.05808	0.04314	0.45104	0.05179	0.00309	0.06580	0.00581	0.00312	0.00399
16	0.00874	0.00837	0.01444	0.56881	0.25955	0.00959	0.04775	0.01149	0.00881	0.01173	0.00764	0.01098	0.00594	0.00404	0.00422	0.00136	0.00549	0.00379	0.00194	0.00529
17	0.00601	0.00449	0.00668	0.00668	0.00740	0.00521	0.00516	0.00746	0.00673	0.00970	0.01133	0.01691	0.01068	0.06110	0.80626	0.00666	0.01100	0.00456	0.00226	0.00371
18	0.00611	0.00408	0.00458	0.00458	0.00458	0.00408	0.00255	0.00611	0.00611	0.00815	0.01325	0.02751	0.01528	0.85226	0.02140	0.00408	0.00408	0.00611	0.00255	0.00255
19	0.00969	0.01086	0.02343	0.01725	0.04415	0.01027	0.73650	0.01307	0.00971	0.01324	0.00866	0.01164	0.00665	0.00533	0.05789	0.00175	0.00729	0.00490	0.00213	0.00558
20	0.00833	0.00593	0.00779	0.00695	0.00865	0.00581	0.05409	0.01204	0.16827	0.10563	0.29960	0.10460	0.14227	0.00822	0.00482	0.00142	0.00289	0.04359	0.00426	0.00483
21	0.00794	0.00747	0.01261	0.84216	0.02895	0.00934	0.01167	0.01074	0.00841	0.01074	0.00747	0.01121	0.00560	0.00420	0.00420	0.00140	0.00560	0.00374	0.00187	0.00467
22	0.00843	0.02174	0.83048	0.01198	0.01819	0.00976	0.01553	0.01331	0.00888	0.01331	0.00754	0.00888	0.00533	0.00399	0.00399	0.00133	0.00621	0.00311	0.00178	0.00621
23	0.00992	0.01134	0.02481	0.01772	0.02197	0.01063	0.81077	0.01347	0.00992	0.01347	0.00850	0.01134	0.00638	0.00354	0.00496	0.00142	0.00709	0.00496	0.00213	0.00567
24	0.00730	0.00365	0.00548	0.00548	0.00548	0.00365	0.00365	0.00548	0.00548	0.00730	0.00730	0.01278	0.00730	0.01460	0.01643	0.87769	0.00365	0.00365	0.00183	0.00183
25	0.00865	0.00817	0.01383	0.58460	0.26574	0.00945	0.01195	0.01135	0.00878	0.01166	0.00786	0.01161	0.00624	0.00420	0.00422	0.00137	0.00539	0.01771	0.00197	0.00525
26	0.00667	0.00449	0.00541	0.00537	0.00662	0.00398	0.00408	0.00802	0.01010	0.08893	0.21651	0.17356	0.36291	0.01017	0.00504	0.00148	0.00243	0.07607	0.00419	0.00399
27	0.01052	0.00891	0.00942	0.00846	0.01083	0.01025	0.00658	0.02201	0.78812	0.03331	0.01756	0.01610	0.02741	0.00578	0.00429	0.00142	0.00331	0.00482	0.00429	0.00661
28	0.01116	0.83039	0.04571	0.00733	0.01101	0.01643	0.00744	0.01261	0.00855	0.00999	0.00589	0.00681	0.00539	0.00361	0.00274	0.00091	0.00455	0.00227	0.00180	0.00542
29	0.00605	0.00406	0.00459	0.00463	0.00467	0.00404	0.00261	0.00610	0.00627	0.00832	0.01430	0.05988	0.03415	0.80040	0.02040	0.00392	0.00397	0.00640	0.00263	0.00260
30	0.00517	0.00372	0.00492	0.00583	0.00614	0.00346	0.00394	0.00597	0.00824	0.01096	0.04715	0.78730	0.05039	0.01294	0.00535	0.00169	0.00244	0.02702	0.00392	0.00344
31	0.00611	0.00409	0.00466	0.00466	0.00468	0.00411	0.00264	0.00616	0.00613	0.00820	0.01318	0.02714	0.01512	0.82490	0.04854	0.00416	0.00432	0.00606	0.00254	0.00259
32	0.01578	0.01770	0.01211	0.01050	0.01301	0.60243	0.00808	0.24206	0.01414	0.01488	0.00752	0.00829	0.00591	0.00453	0.00391	0.00113	0.00674	0.00301	0.00274	0.00552
33	0.00922	0.00777	0.00898	0.00646	0.01017	0.00611	0.00519	0.06560	0.00948	0.01458	0.00765	0.00881	0.00629	0.00325	0.00319	0.00067	0.00322	0.00258	0.00261	0.81818
34	0.00677	0.00484	0.00677	0.00774	0.00871	0.00484	0.00677	0.00871	0.00968	0.01258	0.02226	0.04742	0.02419	0.01161	0.00581	0.00194	0.00387	0.79775	0.00387	0.00387
35	0.00585	0.00429	0.00548	0.00518	0.00622	0.00392	0.00389	0.00773	0.01166	0.01628	0.74223	0.03235	0.12161	0.00881	0.00496	0.00133	0.00200	0.00774	0.00455	0.00392
36	0.00524	0.00383	0.00496	0.00582	0.00626	0.00355	0.00405	0.00611	0.00837	0.01096	0.02546	0.68427	0.12451	0.01273	0.00535	0.00169	0.00252	0.07693	0.00390	0.00347
37	0.00696	0.00505	0.00691	0.00778	0.00882	0.00512	0.00677	0.00939	0.05016	0.01283	0.02200	0.04583	0.02362	0.01132	0.00573	0.00191	0.00384	0.75806	0.00389	0.00401
38	0.00677	0.00484	0.00677	0.00774	0.00871	0.00484	0.00677	0.00871	0.00968	0.01258	0.02226	0.04742	0.02419	0.01161	0.00581	0.00194	0.00387	0.79775	0.00387	0.00387
39	0.00570	0.00427	0.00526	0.00505	0.00611	0.00386	0.00376	0.00740	0.01116	0.01526	0.60602	0.05305	0.22535	0.02284	0.00524	0.00140	0.00206	0.00798	0.00440	0.00383
40	0.00578	0.00400	0.00519	0.00589	0.00629	0.00380	0.00397	0.02937	0.00845	0.02646	0.04664	0.72991	0.02642	0.06854	0.00637	0.00183	0.00262	0.01105	0.00387	0.00355
41	0.00872	0.00747	0.00872	0.00623	0.00996	0.00560	0.00498	0.01058	0.00872	0.01370	0.00747	0.00872	0.00623	0.00311	0.00311	0.00062	0.00311	0.00249	0.00249	0.87796
42	0.00516	0.00368	0.00489	0.00582	0.00608	0.00344	0.00388	0.00591	0.00811	0.01084	0.04217	0.81796	0.02790	0.02531	0.00559	0.00173	0.00245	0.01176	0.00390	0.00342
43	0.02026	0.00390	0.00491	0.00554	0.00598	0.00365	0.00374	0.00625	0.00844	0.01141	0.11748	0.60035	0.09244	0.08685	0.00666	0.00184	0.00252	0.01051	0.00384	0.00343
44	0.00588	0.00392	0.00512	0.00576	0.00627	0.00361	0.00393	0.00673	0.00851	0.05200	0.07025	0.68336	0.07742	0.03875	0.00576	0.00172	0.00250	0.01093	0.00397	0.00361
45	0.00540	0.00430	0.00490	0.00512	0.00629	0.00380	0.00395	0.00668	0.00971	0.01214	0.12903	0.12288	0.51860	0.01082	0.00515	0.00152	0.00243	0.13966	0.00398	0.00364
46	0.00641	0.00457	0.00631	0.00722	0.00804	0.00450	0.00604	0.00803	0.00933	0.01219	0.03744	0.20338	0.03946	0.01190	0.00587	0.01687	0.00352	0.60131	0.00386	0.00374
47	0.00549	0.00425	0.00500	0.00488	0.00601	0.00376	0.00363	0.00701	0.01070	0.01417	0.44635	0.07898	0.37520	0.00972	0.00498	0.00138	0.00207	0.00838	0.00428	0.00376
48	0.00536	0.00379	0.00492	0.00572	0.00614	0.00349	0.00388	0.00616	0.00833	0.02521	0.03974	0.74479	0.10147	0.01271	0.00530	0.00167	0.00242	0.01145	0.00394	0.00350
49	0.00872	0.00747	0.00872	0.00623	0.00996	0.00560	0.00498	0.01058	0.00872	0.01370	0.00747	0.00872	0.00623	0.00311	0.00311	0.00062	0.00311	0.00249	0.00249	0.87796
50	0.00994	0.00951	0.01622	0.17945	0.67602	0.00987	0.01267	0.01249	0.00935	0.01317	0.00783	0.01056	0.00646	0.00383	0.00417	0.00128	0.00511	0.00374	0.00204	0.00628
51	0.00619	0.00457	0.00600	0.00666	0.00766	0.00438	0.00555	0.00785	0.00970	0.01253	0.09354	0.11491	0.18967	0.01130	0.00553	0.00176	0.00323	0.50126	0.00394	0.00377
52	0.00646	0.00471	0.00635	0.00719	0.00818	0.00460	0.00616	0.00822	0.00959	0.01233	0.02500	0.08417	0.13057	0.01156	0.00567	0.00186	0.00357	0.65613	0.00388	0.00381
53	0.01572	0.01948	0.01196	0.01075	0.01300	0.78039	0.00811	0.06997	0.01244	0.01137	0.00674	0.00775	0.00553	0.00438	0.00382	0.00109	0.00738	0.00278	0.00230	0.00503
54	0.01124	0.85479	0.02203	0.00719	0.01079	0.01663	0.00719	0.01259	0.00854	0.00989	0.00584	0.00674	0.00539	0.00360	0.00270	0.00090	0.00450	0.00225	0.00180	0.00539
55	0.00872	0.00747	0.00872	0.00623	0.00996	0.00560	0.00498	0.01058	0.00872	0.01370	0.00747	0.00872	0.00623	0.00311	0.00311	0.00062	0.00311	0.00249	0.00249	0.87796
56	0.00875	0.11745	0.73760	0.01143	0.01734	0.01055	0.01457	0.01323	0.00884	0.01292	0.00735	0.00863	0.00533	0.00395	0.00384	0.00128	0.00602	0.00301	0.00178	0.00612
57	0.01183	0.00872	0.00955	0.00838	0.01090	0.00976	0.00658	0.02204	0.68668	0.15016	0.01702	0.01546	0.01244	0.00562	0.00427	0.00141	0.00337	0.00467	0.00443	0.00674
58	0.00966	0.00890	0.01507	0.35169	0.48391	0.00962	0.01222	0.01226	0.00918	0.03596	0.00798	0.01084	0.00634	0.00397	0.00418	0.00131	0.00520	0.00376	0.00209	0.00588
59	0.01007	0.01132	0.11596	0.05517	0.69734	0.00994	0.01318	0.01287	0.00944	0.01357	0.00785	0.01025	0.00646	0.00379	0.00414	0.00126	0.00517	0.00367	0.00204	0.00653
60	0.00895	0.17656	0.68024	0.01109	0.01682	0.01104	0.01398	0.01318	0.00881	0.01268	0.00723	0.00848	0.00534	0.00392	0.00375	0.00125	0.00589	0.00295	0.00178	0.00606
61	0.00623	0.00450	0.00611	0.00701	0.00783	0.00439	0.00579	0.00780	0.00927	0.01203	0.02407	0.24366	0.08780	0.01192	0.00563	0.00184	0.00338	0.54313	0.00388	0.00373
62	0.00891	0.07958	0.65903	0.01357	0.13062	0.01028	0.01457	0.01320	0.00895	0.01313	0.00747	0.00894	0.00552	0.00393	0.00392	0.00129	0.00592	0.00313	0.00182	0.00622
63	0.01117	0.01299	0.03161	0.01554	0.01916	0.17216	0.56992	0.04597	0.01054	0.01321	0.00832	0.02525	0.00656	0.00406	0.00499	0.00136	0.03492	0.00453	0.00223	0.00550
64	0.00526	0.00396	0.00472	0.00523	0.00588	0.00359	0.00362	0.00608	0.00847	0.01082	0.04307	0.44353	0.29167	0.10750	0.00706	0.00188	0.00256	0.03794	0.00376	0.00339

[dist]
# distance from previous block
# <min> <max>
5	9

[block]
# block no. 4 follows, 63 sequences, length 16
# corresponding to MSA columns:
# 229-244
name=unknown_E
#
# <colnr> <probs for GDERKNQSTAVLIFYWHMCP>
#	G	D	E	R	K	N	Q	S	T	A	V	L	I	F	Y	W	H	M	C	P
0	0.04267	0.30682	0.30315	0.00937	0.01363	0.14194	0.01001	0.03265	0.00943	0.01221	0.00679	0.00788	0.00546	0.00386	0.00339	0.00108	0.00543	0.00268	0.00199	0.07956
1	0.00672	0.07660	0.00754	0.00705	0.00813	0.00547	0.00596	0.00836	0.00942	0.01221	0.06890	0.18613	0.06194	0.01099	0.00537	0.00175	0.00348	0.50631	0.00375	0.00391
2	0.07130	0.00725	0.00827	0.00610	0.00952	0.00574	0.00486	0.01049	0.00887	0.01434	0.07654	0.01050	0.00894	0.00363	0.00323	0.00073	0.00303	0.00291	0.00268	0.74106
3	0.00955	0.14043	0.60404	0.01138	0.01688	0.01107	0.05378	0.08091	0.00980	0.01394	0.00756	0.00880	0.00554	0.00400	0.00387	0.00127	0.00587	0.00313	0.00200	0.00615
4	0.00631	0.00460	0.00611	0.00669	0.00766	0.00444	0.00557	0.00804	0.00990	0.01301	0.17161	0.07497	0.12722	0.03582	0.00599	0.00181	0.00326	0.49923	0.00398	0.00379
5	0.01535	0.01146	0.01226	0.00954	0.01280	0.01274	0.00784	0.72202	0.11079	0.02548	0.01089	0.01073	0.00780	0.00512	0.00421	0.00128	0.00448	0.00390	0.00421	0.00709
6	0.00935	0.29473	0.56556	0.01041	0.01577	0.01201	0.01280	0.01308	0.00877	0.01219	0.00699	0.00818	0.00535	0.00386	0.00357	0.00119	0.00565	0.00283	0.00178	0.00594
7	0.00707	0.00497	0.00694	0.00783	0.06624	0.00484	0.00570	0.00876	0.00987	0.04580	0.25596	0.09436	0.02596	0.09358	0.02879	0.00200	0.00350	0.31994	0.00385	0.00406
8	0.00543	0.00416	0.00483	0.00493	0.00587	0.00373	0.00354	0.00660	0.00959	0.01246	0.25215	0.17521	0.36687	0.10020	0.00680	0.00174	0.00239	0.02603	0.00396	0.00354
9	0.01192	0.00976	0.01033	0.00885	0.01149	0.01114	0.00701	0.23128	0.60712	0.01994	0.01525	0.01420	0.01133	0.00553	0.00426	0.00138	0.00367	0.00450	0.00426	0.00678
10	0.01518	0.01385	0.01198	0.01035	0.04226	0.28982	0.00791	0.41473	0.04614	0.05748	0.00989	0.04327	0.00774	0.00512	0.00411	0.00123	0.00545	0.00380	0.00348	0.00619
11	0.00606	0.00400	0.00493	0.00509	0.00520	0.00402	0.00314	0.00613	0.00644	0.00865	0.01414	0.16624	0.01616	0.54469	0.09203	0.09657	0.00440	0.00671	0.00268	0.00273
12	0.00565	0.00388	0.00472	0.00518	0.00529	0.00377	0.00318	0.00599	0.00702	0.00936	0.01790	0.41285	0.02115	0.45892	0.01388	0.00297	0.00331	0.00885	0.00318	0.00295
13	0.11088	0.00985	0.01039	0.04163	0.01204	0.05492	0.00699	0.25826	0.21806	0.21435	0.01266	0.01207	0.00893	0.00505	0.00403	0.00131	0.00409	0.00391	0.00408	0.00651
14	0.74378	0.00831	0.00706	0.03940	0.00943	0.00951	0.00516	0.06782	0.00832	0.05990	0.00675	0.00761	0.00507	0.00406	0.00286	0.00130	0.00346	0.00254	0.00281	0.00487
15	0.42116	0.01093	0.02407	0.00892	0.06206	0.15701	0.04024	0.08057	0.00983	0.07683	0.00750	0.00838	0.00570	0.00409	0.00333	0.00121	0.00448	0.00286	0.00277	0.06806

[dist]
# distance from previous block
# <min> <max>
14	28

# created by:
# /st0/software/busco_prod/Augustus/scripts/msa2prfl.pl ./align_prep/134021.fa
