[name]
unknown

[dist]
# distance from previous block
# <min> <max>
0	9

[block]
# block no. 0 follows, 52 sequences, length 6
# corresponding to MSA columns:
# 157-162
name=unknown_A
#
# <colnr> <probs for GDERKNQSTAVLIFYWHMCP>
#	G	D	E	R	K	N	Q	S	T	A	V	L	I	F	Y	W	H	M	C	P
0	0.00815	0.00620	0.00840	0.00909	0.01022	0.00659	0.00783	0.01084	0.05141	0.01451	0.02492	0.04882	0.06261	0.01258	0.00730	0.00216	0.07013	0.62926	0.00430	0.00468
1	0.28031	0.00929	0.00989	0.00821	0.01135	0.00980	0.00666	0.10254	0.14843	0.27651	0.07726	0.01515	0.01270	0.00593	0.00437	0.00152	0.00394	0.00454	0.00470	0.00692
2	0.01379	0.60344	0.08625	0.00931	0.01365	0.01770	0.00925	0.16838	0.01247	0.01555	0.00788	0.00874	0.00662	0.00452	0.00358	0.00116	0.00537	0.00303	0.00263	0.00670
3	0.01150	0.17625	0.02472	0.01569	0.02034	0.01263	0.49188	0.01474	0.01088	0.01475	0.00898	0.01149	0.00710	0.00401	0.00483	0.00135	0.00677	0.00460	0.00245	0.15505
4	0.00817	0.00616	0.00707	0.00599	0.00761	0.00536	0.00399	0.00898	0.00817	0.01179	0.01278	0.02360	0.01371	0.52049	0.01678	0.00321	0.00428	0.00548	0.00291	0.32347
5	0.00836	0.00715	0.01107	0.51384	0.02286	0.00850	0.00952	0.01038	0.00870	0.01126	0.01110	0.01995	0.01064	0.31357	0.01226	0.00277	0.00580	0.00533	0.00245	0.00447

[dist]
# distance from previous block
# <min> <max>
1	3

[block]
# block no. 1 follows, 52 sequences, length 11
# corresponding to MSA columns:
# 168-178
name=unknown_B
#
# <colnr> <probs for GDERKNQSTAVLIFYWHMCP>
#	G	D	E	R	K	N	Q	S	T	A	V	L	I	F	Y	W	H	M	C	P
0	0.00975	0.00657	0.00813	0.00718	0.00893	0.00644	0.00560	0.13274	0.01507	0.07511	0.58987	0.03164	0.03679	0.00912	0.00556	0.00154	0.00298	0.03630	0.00527	0.00540
1	0.01009	0.02275	0.67894	0.01319	0.01965	0.01138	0.01628	0.01699	0.13379	0.01613	0.01044	0.01147	0.00751	0.00492	0.00466	0.00155	0.00664	0.00388	0.00250	0.00724
2	0.01126	0.01164	0.02144	0.01568	0.02006	0.01099	0.47569	0.01669	0.15372	0.01645	0.01137	0.01335	0.00868	0.00444	0.00512	0.00144	0.00641	0.00507	0.00299	0.18752
3	0.00692	0.00519	0.00779	0.00779	0.00865	0.00606	0.00606	0.00865	0.00779	0.01125	0.01298	0.01904	0.01211	0.03634	0.81049	0.00779	0.01298	0.00519	0.00260	0.00433
4	0.01842	0.01357	0.01454	0.01115	0.01503	0.01503	0.00921	0.78330	0.02278	0.03054	0.01163	0.01163	0.00824	0.00582	0.00485	0.00145	0.00533	0.00436	0.00485	0.00824
5	0.01005	0.00861	0.01005	0.00718	0.01148	0.00646	0.00574	0.01220	0.01005	0.01579	0.00861	0.01005	0.00718	0.00359	0.00359	0.00072	0.00359	0.00287	0.00287	0.85932
6	0.01199	0.01151	0.01967	0.02974	0.79946	0.01151	0.01487	0.01487	0.01103	0.01583	0.00912	0.01199	0.00768	0.00432	0.00480	0.00144	0.00576	0.00432	0.00240	0.00768
7	0.01842	0.01357	0.01454	0.01115	0.01503	0.01503	0.00921	0.78330	0.02278	0.03054	0.01163	0.01163	0.00824	0.00582	0.00485	0.00145	0.00533	0.00436	0.00485	0.00824
8	0.01842	0.01357	0.01454	0.01115	0.01503	0.01503	0.00921	0.78330	0.02278	0.03054	0.01163	0.01163	0.00824	0.00582	0.00485	0.00145	0.00533	0.00436	0.00485	0.00824
9	0.01005	0.00861	0.01005	0.00718	0.01148	0.00646	0.00574	0.01220	0.01005	0.01579	0.00861	0.01005	0.00718	0.00359	0.00359	0.00072	0.00359	0.00287	0.00287	0.85932
10	0.00938	0.00893	0.01458	0.69055	0.03011	0.01141	0.01301	0.01227	0.00933	0.01227	0.00826	0.01255	0.00644	0.00542	0.00660	0.00170	0.13538	0.00430	0.00215	0.00537

[dist]
# distance from previous block
# <min> <max>
0	4

[block]
# block no. 2 follows, 52 sequences, length 29
# corresponding to MSA columns:
# 183-193,195-212
name=unknown_C
#
# <colnr> <probs for GDERKNQSTAVLIFYWHMCP>
#	G	D	E	R	K	N	Q	S	T	A	V	L	I	F	Y	W	H	M	C	P
0	0.86392	0.00937	0.00712	0.00637	0.00937	0.01087	0.00525	0.01425	0.00825	0.02174	0.00675	0.00787	0.00525	0.00450	0.00300	0.00150	0.00375	0.00262	0.00300	0.00525
1	0.17595	0.00845	0.01049	0.00821	0.01182	0.00781	0.00678	0.02190	0.01284	0.65980	0.01685	0.01492	0.01076	0.00572	0.00453	0.00150	0.00405	0.00446	0.00545	0.00770
2	0.00915	0.00861	0.01453	0.81804	0.03338	0.01077	0.01346	0.01238	0.00969	0.01238	0.00861	0.01292	0.00646	0.00484	0.00484	0.00161	0.00646	0.00431	0.00215	0.00538
3	0.01842	0.01357	0.01454	0.01115	0.01503	0.01503	0.00921	0.78330	0.02278	0.03054	0.01163	0.01163	0.00824	0.00582	0.00485	0.00145	0.00533	0.00436	0.00485	0.00824
4	0.01005	0.00861	0.01005	0.00718	0.01148	0.00646	0.00574	0.01220	0.01005	0.01579	0.00861	0.01005	0.00718	0.00359	0.00359	0.00072	0.00359	0.00287	0.00287	0.85932
5	0.00682	0.00495	0.00642	0.00606	0.00722	0.00456	0.00454	0.00907	0.01362	0.01921	0.77075	0.03656	0.07202	0.00999	0.00572	0.00153	0.00229	0.00882	0.00531	0.00456
6	0.00686	0.00495	0.00648	0.00610	0.00724	0.00457	0.00457	0.00914	0.01372	0.01943	0.79691	0.03620	0.04572	0.00991	0.00572	0.00152	0.00229	0.00876	0.00533	0.00457
7	0.01822	0.01294	0.01408	0.01077	0.01466	0.01403	0.00888	0.68976	0.02149	0.08400	0.01200	0.01189	0.00845	0.00571	0.00478	0.00142	0.00516	0.00432	0.00483	0.05261
8	0.00927	0.00873	0.01474	0.78626	0.06426	0.01080	0.01352	0.01248	0.00974	0.01252	0.00863	0.01288	0.00651	0.00482	0.00484	0.00161	0.00643	0.00431	0.00216	0.00548
9	0.01144	0.01307	0.02859	0.02042	0.02533	0.01225	0.78186	0.01552	0.01144	0.01552	0.00980	0.01307	0.00735	0.00408	0.00572	0.00163	0.00817	0.00572	0.00245	0.00654
10	0.01296	0.83261	0.02539	0.00829	0.01244	0.01917	0.00829	0.01451	0.00985	0.01140	0.00674	0.00777	0.00622	0.00415	0.00311	0.00104	0.00518	0.00259	0.00207	0.00622
11	0.01842	0.01357	0.01454	0.01115	0.01503	0.01503	0.00921	0.78330	0.02278	0.03054	0.01163	0.01163	0.00824	0.00582	0.00485	0.00145	0.00533	0.00436	0.00485	0.00824
12	0.01514	0.01194	0.01270	0.01049	0.01378	0.01350	0.00842	0.39320	0.41823	0.02525	0.01580	0.01495	0.01162	0.00621	0.00489	0.00155	0.00456	0.00494	0.00489	0.00795
13	0.86392	0.00937	0.00712	0.00637	0.00937	0.01087	0.00525	0.01425	0.00825	0.02174	0.00675	0.00787	0.00525	0.00450	0.00300	0.00150	0.00375	0.00262	0.00300	0.00525
14	0.01205	0.01041	0.01096	0.00986	0.01260	0.01205	0.00767	0.02575	0.79071	0.02027	0.01972	0.01808	0.01479	0.00657	0.00493	0.00164	0.00384	0.00548	0.00493	0.00767
15	0.00590	0.00422	0.00562	0.00675	0.00703	0.00394	0.00450	0.00675	0.00928	0.01237	0.02671	0.82653	0.03205	0.01518	0.00619	0.00197	0.00281	0.01378	0.00450	0.00394
16	0.01199	0.01151	0.01967	0.02974	0.79946	0.01151	0.01487	0.01487	0.01103	0.01583	0.00912	0.01199	0.00768	0.00432	0.00480	0.00144	0.00576	0.00432	0.00240	0.00768
17	0.01285	0.01023	0.01098	0.00976	0.01258	0.01165	0.00763	0.02558	0.72714	0.08431	0.01967	0.01795	0.01456	0.00653	0.00493	0.00163	0.00386	0.00543	0.00502	0.00772
18	0.01205	0.01041	0.01096	0.00986	0.01260	0.01205	0.00767	0.02575	0.79071	0.02027	0.01972	0.01808	0.01479	0.00657	0.00493	0.00164	0.00384	0.00548	0.00493	0.00767
19	0.00573	0.00491	0.00491	0.00491	0.00655	0.00409	0.00368	0.00695	0.01105	0.01309	0.04909	0.04664	0.79750	0.01227	0.00573	0.00164	0.00245	0.01023	0.00450	0.00409
20	0.01545	0.01182	0.01413	0.01109	0.01446	0.01272	0.07906	0.56864	0.01933	0.02583	0.01544	0.12259	0.05249	0.00725	0.00515	0.00155	0.00511	0.00605	0.00456	0.00729
21	0.00590	0.00422	0.00562	0.00675	0.00703	0.00394	0.00450	0.00675	0.00928	0.01237	0.02671	0.82653	0.03205	0.01518	0.00619	0.00197	0.00281	0.01378	0.00450	0.00394
22	0.86392	0.00937	0.00712	0.00637	0.00937	0.01087	0.00525	0.01425	0.00825	0.02174	0.00675	0.00787	0.00525	0.00450	0.00300	0.00150	0.00375	0.00262	0.00300	0.00525
23	0.01189	0.01136	0.01917	0.02857	0.75838	0.01125	0.01440	0.01473	0.01098	0.01583	0.00909	0.01189	0.00765	0.00428	0.00473	0.00140	0.00564	0.00424	0.00242	0.05208
24	0.01743	0.02177	0.01355	0.01229	0.01474	0.72686	0.00926	0.01964	0.07412	0.01251	0.00841	0.00952	0.00691	0.00521	0.00472	0.00130	0.02998	0.00333	0.00268	0.00577
25	0.01005	0.00861	0.01005	0.00718	0.01148	0.00646	0.00574	0.01220	0.01005	0.01579	0.00861	0.01005	0.00718	0.00359	0.00359	0.00072	0.00359	0.00287	0.00287	0.85932
26	0.01787	0.01302	0.01407	0.01095	0.01468	0.01436	0.00904	0.70348	0.05538	0.05012	0.01267	0.01353	0.00931	0.00612	0.00492	0.00149	0.00521	0.03085	0.00487	0.00809
27	0.00573	0.00491	0.00491	0.00491	0.00655	0.00409	0.00368	0.00695	0.01105	0.01309	0.04909	0.04664	0.79750	0.01227	0.00573	0.00164	0.00245	0.01023	0.00450	0.00409
28	0.00671	0.00487	0.00632	0.00611	0.00719	0.00448	0.00453	0.00880	0.01313	0.01841	0.68272	0.12062	0.07681	0.01057	0.00577	0.00158	0.00235	0.00936	0.00521	0.00448

[dist]
# distance from previous block
# <min> <max>
0	1

[block]
# block no. 3 follows, 52 sequences, length 12
# corresponding to MSA columns:
# 214-225
name=unknown_D
#
# <colnr> <probs for GDERKNQSTAVLIFYWHMCP>
#	G	D	E	R	K	N	Q	S	T	A	V	L	I	F	Y	W	H	M	C	P
0	0.01091	0.01115	0.01556	0.01257	0.01422	0.05933	0.11815	0.01260	0.00893	0.01299	0.00865	0.01188	0.03152	0.00692	0.01131	0.00174	0.48929	0.00433	0.00240	0.15555
1	0.01697	0.01260	0.01345	0.01058	0.01414	0.01399	0.00865	0.63126	0.13026	0.02836	0.01302	0.01292	0.00941	0.00591	0.00477	0.00146	0.00494	0.00453	0.05482	0.00794
2	0.86392	0.00937	0.00712	0.00637	0.00937	0.01087	0.00525	0.01425	0.00825	0.02174	0.00675	0.00787	0.00525	0.00450	0.00300	0.00150	0.00375	0.00262	0.00300	0.00525
3	0.01005	0.00861	0.01005	0.00718	0.01148	0.00646	0.00574	0.01220	0.01005	0.01579	0.00861	0.01005	0.00718	0.00359	0.00359	0.00072	0.00359	0.00287	0.00287	0.85932
4	0.00705	0.00470	0.00529	0.00529	0.00529	0.00470	0.00294	0.00705	0.00705	0.00940	0.01527	0.03171	0.01762	0.82969	0.02467	0.00470	0.00470	0.00705	0.00294	0.00294
5	0.00692	0.00519	0.00779	0.00779	0.00865	0.00606	0.00606	0.00865	0.00779	0.01125	0.01298	0.01904	0.01211	0.03634	0.81049	0.00779	0.01298	0.00519	0.00260	0.00433
6	0.00687	0.00494	0.00631	0.00709	0.00765	0.00479	0.00486	0.06677	0.01032	0.01378	0.02554	0.76355	0.03021	0.01446	0.00608	0.00193	0.00301	0.01305	0.00453	0.00427
7	0.00770	0.00539	0.00755	0.00859	0.00957	0.00537	0.00733	0.00955	0.01070	0.01395	0.02464	0.11074	0.02697	0.01374	0.00743	0.05673	0.00432	0.66112	0.00431	0.00427
8	0.01199	0.01151	0.01967	0.02974	0.79946	0.01151	0.01487	0.01487	0.01103	0.01583	0.00912	0.01199	0.00768	0.00432	0.00480	0.00144	0.00576	0.00432	0.00240	0.00768
9	0.00972	0.02507	0.80458	0.01381	0.02097	0.01125	0.01790	0.01535	0.01023	0.01535	0.00870	0.01023	0.00614	0.00460	0.00460	0.00153	0.00716	0.00358	0.00205	0.00716
10	0.01005	0.00861	0.01005	0.00718	0.01148	0.00646	0.00574	0.01220	0.01005	0.01579	0.00861	0.01005	0.00718	0.00359	0.00359	0.00072	0.00359	0.00287	0.00287	0.85932
11	0.01005	0.00861	0.01005	0.00718	0.01148	0.00646	0.00574	0.01220	0.01005	0.01579	0.00861	0.01005	0.00718	0.00359	0.00359	0.00072	0.00359	0.00287	0.00287	0.85932

[dist]
# distance from previous block
# <min> <max>
1	2

[block]
# block no. 4 follows, 52 sequences, length 100
# corresponding to MSA columns:
# 254-302,304-338,340-355
name=unknown_E
#
# <colnr> <probs for GDERKNQSTAVLIFYWHMCP>
#	G	D	E	R	K	N	Q	S	T	A	V	L	I	F	Y	W	H	M	C	P
0	0.03292	0.03893	0.64889	0.01479	0.08983	0.01130	0.02845	0.01502	0.01032	0.01555	0.03179	0.01109	0.00744	0.00477	0.00478	0.00153	0.01958	0.00380	0.00221	0.00702
1	0.12484	0.01120	0.01178	0.00979	0.03552	0.01234	0.00773	0.51108	0.01811	0.02654	0.01175	0.01242	0.00866	0.00557	0.00432	0.00140	0.00454	0.00417	0.17114	0.00711
2	0.01029	0.16664	0.66798	0.01284	0.01948	0.01264	0.01622	0.01520	0.01016	0.01466	0.00835	0.00980	0.00615	0.00452	0.00434	0.00145	0.00681	0.00341	0.00205	0.00700
3	0.00590	0.00424	0.00560	0.00669	0.00701	0.00394	0.00447	0.00675	0.00934	0.01239	0.02743	0.80127	0.05684	0.01509	0.00617	0.00196	0.00280	0.01366	0.00450	0.00394
4	0.01205	0.01041	0.01096	0.00986	0.01260	0.01205	0.00767	0.02575	0.79071	0.02027	0.01972	0.01808	0.01479	0.00657	0.00493	0.00164	0.00384	0.00548	0.00493	0.00767
5	0.86392	0.00937	0.00712	0.00637	0.00937	0.01087	0.00525	0.01425	0.00825	0.02174	0.00675	0.00787	0.00525	0.00450	0.00300	0.00150	0.00375	0.00262	0.00300	0.00525
6	0.02089	0.08227	0.01258	0.00864	0.01243	0.00835	0.00727	0.03684	0.01367	0.71758	0.01787	0.01562	0.01141	0.00583	0.00471	0.00146	0.00424	0.00466	0.00562	0.00807
7	0.01151	0.00996	0.01192	0.07273	0.10547	0.01124	0.00874	0.04575	0.53704	0.01931	0.08274	0.01898	0.01597	0.00656	0.00500	0.00161	0.00419	0.01964	0.00445	0.00720
8	0.01764	0.09569	0.01478	0.01211	0.01475	0.73930	0.00927	0.01892	0.01338	0.01182	0.00742	0.00865	0.00624	0.00492	0.00426	0.00123	0.00842	0.00307	0.00246	0.00567
9	0.00590	0.00422	0.00562	0.00675	0.00703	0.00394	0.00450	0.00675	0.00928	0.01237	0.02671	0.82653	0.03205	0.01518	0.00619	0.00197	0.00281	0.01378	0.00450	0.00394
10	0.00781	0.00558	0.00781	0.00892	0.01004	0.00558	0.00781	0.01004	0.01116	0.01450	0.02566	0.05466	0.02789	0.01339	0.00669	0.00223	0.00446	0.76685	0.00446	0.00446
11	0.05121	0.00969	0.03456	0.00911	0.01273	0.02102	0.00761	0.06221	0.15977	0.55168	0.01790	0.01591	0.01181	0.00598	0.00480	0.00152	0.00428	0.00481	0.00546	0.00795
12	0.00774	0.00738	0.07967	0.00856	0.00997	0.00708	0.00732	0.00974	0.00811	0.02657	0.01237	0.01795	0.01134	0.05188	0.63538	0.00654	0.06681	0.00502	0.01590	0.00469
13	0.00706	0.00539	0.00805	0.00797	0.00880	0.00638	0.00623	0.00876	0.00777	0.01126	0.01274	0.01873	0.01190	0.03531	0.78108	0.00758	0.04288	0.00516	0.00258	0.00436
14	0.81606	0.00972	0.00752	0.03039	0.01023	0.03236	0.00560	0.01433	0.00844	0.02120	0.00682	0.00804	0.00531	0.00452	0.00309	0.00150	0.00396	0.00269	0.00296	0.00526
15	0.00590	0.00422	0.00562	0.00675	0.00703	0.00394	0.00450	0.00675	0.00928	0.01237	0.02671	0.82653	0.03205	0.01518	0.00619	0.00197	0.00281	0.01378	0.00450	0.00394
16	0.00974	0.02332	0.71601	0.01354	0.01993	0.01143	0.01695	0.01488	0.01006	0.01511	0.02602	0.01084	0.00704	0.00507	0.00564	0.00159	0.08002	0.00376	0.00213	0.00694
17	0.01060	0.01060	0.01484	0.01272	0.01272	0.01484	0.01060	0.01166	0.00742	0.01166	0.00636	0.01060	0.00636	0.00848	0.01590	0.00212	0.82082	0.00424	0.00212	0.00530
18	0.01711	0.01292	0.01381	0.01089	0.01453	0.01442	0.00889	0.62782	0.18039	0.02843	0.01329	0.01296	0.00959	0.00597	0.00486	0.00149	0.00503	0.00459	0.00486	0.00812
19	0.00683	0.00510	0.00759	0.00769	0.00851	0.00587	0.00592	0.00848	0.00792	0.01135	0.01421	0.09145	0.01390	0.03445	0.73836	0.00727	0.01207	0.00596	0.00277	0.00429
20	0.01735	0.01321	0.01379	0.01085	0.01446	0.03774	0.00886	0.64350	0.12010	0.02835	0.01266	0.01254	0.00913	0.00589	0.00481	0.00146	0.00516	0.00447	0.02770	0.00799
21	0.01193	0.01145	0.01956	0.04615	0.78352	0.01150	0.01484	0.01482	0.01101	0.01576	0.00910	0.01201	0.00765	0.00433	0.00480	0.00144	0.00577	0.00432	0.00239	0.00763
22	0.00705	0.00470	0.00529	0.00529	0.00529	0.00470	0.00294	0.00705	0.00705	0.00940	0.01527	0.03171	0.01762	0.82969	0.02467	0.00470	0.00470	0.00705	0.00294	0.00294
23	0.01779	0.01511	0.01486	0.01306	0.08537	0.15821	0.00975	0.57653	0.02010	0.02585	0.01066	0.01114	0.00783	0.00553	0.00476	0.00142	0.00599	0.00413	0.00420	0.00772
24	0.78761	0.08320	0.00876	0.00654	0.00965	0.01162	0.00552	0.01427	0.00839	0.02082	0.00675	0.00786	0.00534	0.00447	0.00301	0.00146	0.00388	0.00262	0.00292	0.00534
25	0.01199	0.01151	0.01967	0.02974	0.79946	0.01151	0.01487	0.01487	0.01103	0.01583	0.00912	0.01199	0.00768	0.00432	0.00480	0.00144	0.00576	0.00432	0.00240	0.00768
26	0.01199	0.01151	0.01967	0.02974	0.79946	0.01151	0.01487	0.01487	0.01103	0.01583	0.00912	0.01199	0.00768	0.00432	0.00480	0.00144	0.00576	0.00432	0.00240	0.00768
27	0.00637	0.00461	0.00606	0.00654	0.00725	0.00424	0.00456	0.00775	0.01082	0.01489	0.28902	0.52980	0.03590	0.01300	0.00594	0.00178	0.00266	0.01171	0.00473	0.03239
28	0.01193	0.01145	0.01956	0.04688	0.78282	0.01150	0.01484	0.01482	0.01101	0.01576	0.00910	0.01201	0.00765	0.00433	0.00480	0.00144	0.00577	0.00432	0.00239	0.00763
29	0.00972	0.02507	0.80458	0.01381	0.02097	0.01125	0.01790	0.01535	0.01023	0.01535	0.00870	0.01023	0.00614	0.00460	0.00460	0.00153	0.00716	0.00358	0.00205	0.00716
30	0.01309	0.01297	0.02439	0.01769	0.02220	0.01275	0.56305	0.21268	0.01430	0.01930	0.01071	0.03382	0.00822	0.00482	0.00551	0.00160	0.00730	0.00558	0.00312	0.00691
31	0.00590	0.00422	0.00562	0.00675	0.00703	0.00394	0.00450	0.00675	0.00928	0.01237	0.02671	0.82653	0.03205	0.01518	0.00619	0.00197	0.00281	0.01378	0.00450	0.00394
32	0.01872	0.01310	0.01425	0.01092	0.01479	0.01432	0.00902	0.71518	0.02199	0.09980	0.01231	0.01207	0.00858	0.00583	0.00485	0.00146	0.00522	0.00441	0.00495	0.00824
33	0.01842	0.01357	0.01454	0.01115	0.01503	0.01503	0.00921	0.78330	0.02278	0.03054	0.01163	0.01163	0.00824	0.00582	0.00485	0.00145	0.00533	0.00436	0.00485	0.00824
34	0.00705	0.00470	0.00529	0.00529	0.00529	0.00470	0.00294	0.00705	0.00705	0.00940	0.01527	0.03171	0.01762	0.82969	0.02467	0.00470	0.00470	0.00705	0.00294	0.00294
35	0.00593	0.00424	0.00565	0.00673	0.00703	0.00395	0.00450	0.00681	0.00940	0.01256	0.04742	0.80527	0.03242	0.01504	0.00617	0.00196	0.00280	0.01364	0.00452	0.00395
36	0.01005	0.00861	0.01005	0.00718	0.01148	0.00646	0.00574	0.01220	0.01005	0.01579	0.00861	0.01005	0.00718	0.00359	0.00359	0.00072	0.00359	0.00287	0.00287	0.85932
37	0.01675	0.02010	0.01311	0.01186	0.01439	0.62465	0.00897	0.04511	0.14620	0.01389	0.00987	0.01073	0.00794	0.00621	0.02817	0.00151	0.00792	0.00362	0.00299	0.00602
38	0.00590	0.00422	0.00562	0.00675	0.00703	0.00394	0.00450	0.00675	0.00928	0.01237	0.02671	0.82653	0.03205	0.01518	0.00619	0.00197	0.00281	0.01378	0.00450	0.00394
39	0.01005	0.00861	0.01005	0.00718	0.01148	0.00646	0.00574	0.01220	0.01005	0.01579	0.00861	0.01005	0.00718	0.00359	0.00359	0.00072	0.00359	0.00287	0.00287	0.85932
40	0.86392	0.00937	0.00712	0.00637	0.00937	0.01087	0.00525	0.01425	0.00825	0.02174	0.00675	0.00787	0.00525	0.00450	0.00300	0.00150	0.00375	0.00262	0.00300	0.00525
41	0.00721	0.00559	0.00621	0.00600	0.00758	0.01583	0.00463	0.02596	0.02417	0.03682	0.26983	0.04159	0.44881	0.01115	0.00573	0.00164	0.00278	0.06916	0.00478	0.00454
42	0.00597	0.00489	0.00539	0.00542	0.00684	0.00431	0.00405	0.00733	0.01092	0.01356	0.12505	0.09739	0.59253	0.01438	0.07793	0.00220	0.00341	0.00987	0.00442	0.00415
43	0.01296	0.83261	0.02539	0.00829	0.01244	0.01917	0.00829	0.01451	0.00985	0.01140	0.00674	0.00777	0.00622	0.00415	0.00311	0.00104	0.00518	0.00259	0.00207	0.00622
44	0.20590	0.00987	0.01084	0.11085	0.02788	0.01122	0.00796	0.08509	0.35066	0.08110	0.01470	0.04052	0.01124	0.00602	0.00451	0.00159	0.00430	0.00479	0.00416	0.00681
45	0.01075	0.00934	0.01028	0.00757	0.01171	0.04277	0.00602	0.01338	0.04530	0.03292	0.00929	0.01049	0.00758	0.00384	0.00371	0.00080	0.00384	0.00304	0.00301	0.76436
46	0.78810	0.00975	0.00779	0.00680	0.00988	0.01124	0.00560	0.08321	0.00955	0.02253	0.00719	0.00821	0.00552	0.00462	0.00316	0.00150	0.00389	0.00278	0.00316	0.00552
47	0.01195	0.07320	0.02023	0.01492	0.01740	0.09718	0.29380	0.01419	0.00996	0.02782	0.00916	0.01219	0.02809	0.00623	0.00953	0.00175	0.33941	0.00472	0.00241	0.00588
48	0.01054	0.03070	0.11940	0.02776	0.01896	0.02667	0.38337	0.03843	0.01115	0.03619	0.02620	0.17665	0.02741	0.00692	0.00589	0.00167	0.03608	0.00693	0.00304	0.00603
49	0.01267	0.76019	0.09527	0.00879	0.01320	0.01846	0.00915	0.01459	0.00988	0.01176	0.00691	0.00799	0.00621	0.00419	0.00324	0.00108	0.00536	0.00268	0.00207	0.00630
50	0.01791	0.02273	0.01392	0.01303	0.03979	0.78497	0.00954	0.01921	0.01365	0.01199	0.00754	0.00884	0.00629	0.00497	0.00438	0.00125	0.00864	0.00316	0.00249	0.00568
51	0.01842	0.01357	0.01454	0.01115	0.01503	0.01503	0.00921	0.78330	0.02278	0.03054	0.01163	0.01163	0.00824	0.00582	0.00485	0.00145	0.00533	0.00436	0.00485	0.00824
52	0.01690	0.01282	0.01369	0.01084	0.01445	0.01432	0.00884	0.60262	0.20594	0.02809	0.01356	0.01317	0.00980	0.00600	0.00487	0.00150	0.00498	0.00463	0.00487	0.00811
53	0.00590	0.00422	0.00562	0.00675	0.00703	0.00394	0.00450	0.00675	0.00928	0.01237	0.02671	0.82653	0.03205	0.01518	0.00619	0.00197	0.00281	0.01378	0.00450	0.00394
54	0.08137	0.00877	0.01377	0.69745	0.03006	0.01071	0.01241	0.03017	0.01004	0.04754	0.00898	0.01262	0.00664	0.00489	0.00469	0.00160	0.00611	0.00419	0.00245	0.00556
55	0.01842	0.01357	0.01454	0.01115	0.01503	0.01503	0.00921	0.78330	0.02278	0.03054	0.01163	0.01163	0.00824	0.00582	0.00485	0.00145	0.00533	0.00436	0.00485	0.00824
56	0.00680	0.00494	0.00641	0.00607	0.00721	0.00455	0.00454	0.00903	0.01355	0.01910	0.75870	0.05146	0.06924	0.01008	0.00572	0.00154	0.00230	0.00890	0.00529	0.00455
57	0.00573	0.00489	0.00493	0.00495	0.00656	0.00409	0.00370	0.00695	0.01100	0.01307	0.04857	0.06493	0.77954	0.01234	0.00574	0.00164	0.00246	0.01031	0.00450	0.00409
58	0.01202	0.14906	0.56446	0.01217	0.01836	0.01188	0.01479	0.01645	0.01071	0.13193	0.00994	0.01078	0.00702	0.00474	0.00441	0.00145	0.00640	0.00362	0.00264	0.00718
59	0.01199	0.01151	0.01967	0.02974	0.79946	0.01151	0.01487	0.01487	0.01103	0.01583	0.00912	0.01199	0.00768	0.00432	0.00480	0.00144	0.00576	0.00432	0.00240	0.00768
60	0.00992	0.00861	0.01072	0.12786	0.01474	0.00710	0.00689	0.01223	0.01000	0.01528	0.00861	0.01048	0.00707	0.00378	0.00378	0.00085	0.00402	0.00308	0.00276	0.73223
61	0.01005	0.00861	0.01005	0.00718	0.01148	0.00646	0.00574	0.01220	0.01005	0.01579	0.00861	0.01005	0.00718	0.00359	0.00359	0.00072	0.00359	0.00287	0.00287	0.85932
62	0.00606	0.00519	0.00552	0.00539	0.00690	0.00465	0.00409	0.00736	0.01108	0.01353	0.10721	0.04404	0.69848	0.01190	0.00622	0.00165	0.04227	0.00982	0.00445	0.00419
63	0.58565	0.00790	0.00672	0.00613	0.00853	0.00881	0.00491	0.01273	0.00967	0.02076	0.18350	0.01574	0.02971	0.00594	0.00369	0.00148	0.00327	0.00429	0.07557	0.00501
64	0.86392	0.00937	0.00712	0.00637	0.00937	0.01087	0.00525	0.01425	0.00825	0.02174	0.00675	0.00787	0.00525	0.00450	0.00300	0.00150	0.00375	0.00262	0.00300	0.00525
65	0.01199	0.01151	0.01967	0.02974	0.79946	0.01151	0.01487	0.01487	0.01103	0.01583	0.00912	0.01199	0.00768	0.00432	0.00480	0.00144	0.00576	0.00432	0.00240	0.00768
66	0.01009	0.11658	0.71628	0.01319	0.02001	0.01215	0.01682	0.01525	0.01019	0.01490	0.00847	0.00995	0.00615	0.00455	0.00443	0.00148	0.00694	0.00347	0.00205	0.00705
67	0.00589	0.00426	0.00558	0.00663	0.00700	0.00395	0.00445	0.00676	0.00939	0.01242	0.02814	0.77677	0.08089	0.01500	0.00616	0.00195	0.00279	0.01355	0.00450	0.00395
68	0.00630	0.00474	0.00651	0.08237	0.00949	0.00465	0.00530	0.00753	0.00987	0.01314	0.10620	0.62696	0.07180	0.01351	0.00599	0.00187	0.00308	0.01218	0.00437	0.00415
69	0.01014	0.00861	0.01051	0.00761	0.01179	0.00657	0.03027	0.01231	0.01013	0.02804	0.00940	0.03669	0.00806	0.00402	0.00376	0.00080	0.00372	0.00335	0.00296	0.79127
70	0.00590	0.00422	0.00562	0.00675	0.00703	0.00394	0.00450	0.00675	0.00928	0.01237	0.02671	0.82653	0.03205	0.01518	0.00619	0.00197	0.00281	0.01378	0.00450	0.00394
71	0.01308	0.01092	0.01154	0.01007	0.01299	0.01253	0.00792	0.14820	0.66658	0.02193	0.01842	0.01704	0.01373	0.00645	0.00492	0.00161	0.00408	0.00530	0.00492	0.00776
72	0.01870	0.01371	0.01420	0.01101	0.01479	0.06553	0.00903	0.66598	0.02140	0.09859	0.01204	0.01188	0.00845	0.00578	0.00482	0.00145	0.00544	0.00433	0.00480	0.00807
73	0.00991	0.00590	0.00756	0.00674	0.00848	0.00544	0.00522	0.04407	0.01377	0.15904	0.53411	0.04781	0.09738	0.00940	0.00556	0.00155	0.00281	0.02457	0.00533	0.00533
74	0.01144	0.01307	0.02859	0.02042	0.02533	0.01225	0.78186	0.01552	0.01144	0.01552	0.00980	0.01307	0.00735	0.00408	0.00572	0.00163	0.00817	0.00572	0.00245	0.00654
75	0.00590	0.00422	0.00562	0.00675	0.00703	0.00394	0.00450	0.00675	0.00928	0.01237	0.02671	0.82653	0.03205	0.01518	0.00619	0.00197	0.00281	0.01378	0.00450	0.00394
76	0.01971	0.10978	0.05374	0.00912	0.01310	0.00964	0.00804	0.10296	0.01415	0.58437	0.01629	0.01460	0.01060	0.00568	0.00464	0.00144	0.00454	0.00448	0.00520	0.00794
77	0.86392	0.00937	0.00712	0.00637	0.00937	0.01087	0.00525	0.01425	0.00825	0.02174	0.00675	0.00787	0.00525	0.00450	0.00300	0.00150	0.00375	0.00262	0.00300	0.00525
78	0.00705	0.00470	0.00529	0.00529	0.00529	0.00470	0.00294	0.00705	0.00705	0.00940	0.01527	0.03171	0.01762	0.82969	0.02467	0.00470	0.00470	0.00705	0.00294	0.00294
79	0.00915	0.00861	0.01453	0.81804	0.03338	0.01077	0.01346	0.01238	0.00969	0.01238	0.00861	0.01292	0.00646	0.00484	0.00484	0.00161	0.00646	0.00431	0.00215	0.00538
80	0.00590	0.00422	0.00562	0.00675	0.00703	0.00394	0.00450	0.00675	0.00928	0.01237	0.02671	0.82653	0.03205	0.01518	0.00619	0.00197	0.00281	0.01378	0.00450	0.00394
81	0.01060	0.01060	0.01484	0.01272	0.01272	0.01484	0.01060	0.01166	0.00742	0.01166	0.00636	0.01060	0.00636	0.00848	0.01590	0.00212	0.82082	0.00424	0.00212	0.00530
82	0.01005	0.00861	0.01005	0.00718	0.01148	0.00646	0.00574	0.01220	0.01005	0.01579	0.00861	0.01005	0.00718	0.00359	0.00359	0.00072	0.00359	0.00287	0.00287	0.85932
83	0.86392	0.00937	0.00712	0.00637	0.00937	0.01087	0.00525	0.01425	0.00825	0.02174	0.00675	0.00787	0.00525	0.00450	0.00300	0.00150	0.00375	0.00262	0.00300	0.00525
84	0.01028	0.00861	0.01007	0.00721	0.01150	0.00647	0.00577	0.01242	0.01012	0.03106	0.00882	0.01017	0.00727	0.00364	0.00361	0.00073	0.00360	0.00291	0.00293	0.84281
85	0.00590	0.00422	0.00562	0.00675	0.00703	0.00394	0.00450	0.00675	0.00928	0.01237	0.02671	0.82653	0.03205	0.01518	0.00619	0.00197	0.00281	0.01378	0.00450	0.00394
86	0.01005	0.00861	0.01005	0.00718	0.01148	0.00646	0.00574	0.01220	0.01005	0.01579	0.00861	0.01005	0.00718	0.00359	0.00359	0.00072	0.00359	0.00287	0.00287	0.85932
87	0.00981	0.04678	0.78364	0.01366	0.02074	0.01147	0.01765	0.01532	0.01022	0.01524	0.00864	0.01017	0.00614	0.00459	0.00456	0.00152	0.00711	0.00355	0.00205	0.00714
88	0.01144	0.01307	0.02859	0.02042	0.02533	0.01225	0.78186	0.01552	0.01144	0.01552	0.00980	0.01307	0.00735	0.00408	0.00572	0.00163	0.00817	0.00572	0.00245	0.00654
89	0.00693	0.00518	0.00774	0.00774	0.00858	0.00603	0.00599	0.00862	0.00777	0.01121	0.01303	0.01930	0.01223	0.05256	0.79443	0.00773	0.01281	0.00523	0.00260	0.00430
90	0.00926	0.00873	0.01473	0.78763	0.06293	0.01080	0.01351	0.01248	0.00974	0.01251	0.00863	0.01288	0.00651	0.00482	0.00484	0.00161	0.00643	0.00431	0.00216	0.00547
91	0.00876	0.00614	0.00843	0.00808	0.00923	0.02807	0.00634	0.01048	0.00855	0.08247	0.01321	0.01818	0.01173	0.03080	0.66220	0.00663	0.04292	0.00505	0.02798	0.00476
92	0.00905	0.00568	0.00717	0.00674	0.00829	0.00530	0.00512	0.01169	0.06378	0.12790	0.40827	0.15004	0.12738	0.01031	0.00565	0.00163	0.00281	0.03289	0.00515	0.00514
93	0.01773	0.02061	0.01401	0.01284	0.04517	0.61761	0.00949	0.15000	0.04034	0.01548	0.00866	0.00966	0.00692	0.00516	0.00449	0.00130	0.00788	0.00346	0.00297	0.00621
94	0.01385	0.01163	0.02142	0.01582	0.02006	0.01127	0.45925	0.04389	0.15462	0.17561	0.01355	0.01463	0.00968	0.00498	0.00538	0.00160	0.00647	0.00546	0.00370	0.00714
95	0.01736	0.00922	0.01112	0.00918	0.01247	0.00935	0.00737	0.02458	0.36501	0.44910	0.01939	0.01721	0.01326	0.00626	0.00490	0.00156	0.00399	0.00515	0.00552	0.00799
96	0.00994	0.00850	0.00993	0.00717	0.01137	0.00639	0.00571	0.01206	0.01003	0.01570	0.00908	0.03125	0.00782	0.00389	0.00366	0.00075	0.00357	0.00315	0.00291	0.83711
97	0.01129	0.00959	0.01642	0.01251	0.01602	0.00891	0.30128	0.03445	0.05639	0.10390	0.04852	0.04735	0.10729	0.00669	0.00548	0.00153	0.01770	0.05786	0.00367	0.13314
98	0.01058	0.01005	0.01704	0.38872	0.43254	0.01102	0.01400	0.01361	0.01048	0.01434	0.02634	0.01295	0.00796	0.00468	0.00484	0.00152	0.00600	0.00441	0.00235	0.00656
99	0.01168	0.01129	0.01880	0.14675	0.67110	0.02601	0.01456	0.01458	0.01088	0.01525	0.00901	0.01207	0.00747	0.00441	0.00480	0.00146	0.00592	0.00429	0.00236	0.00730

[dist]
# distance from previous block
# <min> <max>
1	2

[block]
# block no. 5 follows, 52 sequences, length 12
# corresponding to MSA columns:
# 358-369
name=unknown_F
#
# <colnr> <probs for GDERKNQSTAVLIFYWHMCP>
#	G	D	E	R	K	N	Q	S	T	A	V	L	I	F	Y	W	H	M	C	P
0	0.01199	0.01151	0.01967	0.02974	0.79946	0.01151	0.01487	0.01487	0.01103	0.01583	0.00912	0.01199	0.00768	0.00432	0.00480	0.00144	0.00576	0.00432	0.00240	0.00768
1	0.01636	0.01839	0.01534	0.01681	0.22286	0.46955	0.01076	0.12065	0.03611	0.01565	0.00882	0.01025	0.00713	0.00497	0.00456	0.00134	0.00735	0.00367	0.00285	0.00657
2	0.05899	0.01284	0.01728	0.07464	0.54248	0.13591	0.01298	0.01586	0.01138	0.05883	0.00926	0.01157	0.00748	0.00456	0.00464	0.00143	0.00607	0.00407	0.00263	0.00711
3	0.01056	0.01036	0.01510	0.01503	0.13528	0.01371	0.01095	0.01195	0.00801	0.01228	0.00726	0.01141	0.00697	0.00979	0.07004	0.00241	0.63675	0.00432	0.00220	0.00560
4	0.01178	0.01137	0.01892	0.02709	0.67662	0.01203	0.01421	0.01437	0.01047	0.01518	0.00869	0.01178	0.00747	0.00497	0.00653	0.00155	0.13303	0.00431	0.00236	0.00731
5	0.01276	0.01316	0.01833	0.08588	0.61630	0.13966	0.01388	0.01541	0.01137	0.01494	0.00882	0.01154	0.00736	0.00447	0.00473	0.00142	0.00629	0.00412	0.00240	0.00717
6	0.01200	0.01270	0.01544	0.01542	0.13936	0.13851	0.01109	0.01338	0.00899	0.01236	0.00698	0.01053	0.00655	0.00727	0.01232	0.00187	0.56319	0.00408	0.00222	0.00573
7	0.01157	0.01116	0.01853	0.08244	0.61932	0.01200	0.01409	0.01418	0.01036	0.01492	0.00864	0.01184	0.00738	0.00502	0.00658	0.00156	0.13663	0.00430	0.00234	0.00713
8	0.01169	0.01224	0.01485	0.01500	0.13901	0.13776	0.01071	0.01312	0.00902	0.01233	0.00754	0.01125	0.00704	0.00963	0.07962	0.00235	0.49477	0.00416	0.00226	0.00565
9	0.01177	0.01137	0.01890	0.02701	0.67318	0.01205	0.01419	0.01436	0.01045	0.01516	0.00867	0.01177	0.00747	0.00499	0.00658	0.00155	0.13659	0.00431	0.00235	0.00729
10	0.21990	0.19031	0.07960	0.01144	0.13826	0.01160	0.00867	0.01468	0.03404	0.06100	0.01095	0.01192	0.04938	0.00483	0.00385	0.00128	0.00460	0.00363	0.00291	0.13717
11	0.56075	0.03602	0.15770	0.00857	0.01243	0.05573	0.00827	0.08148	0.01023	0.02048	0.00758	0.00868	0.00576	0.00465	0.00354	0.00148	0.00484	0.00298	0.00293	0.00591

[dist]
# distance from previous block
# <min> <max>
9	53

[block]
# block no. 6 follows, 52 sequences, length 20
# corresponding to MSA columns:
# 514-524,545-553
name=unknown_G
#
# <colnr> <probs for GDERKNQSTAVLIFYWHMCP>
#	G	D	E	R	K	N	Q	S	T	A	V	L	I	F	Y	W	H	M	C	P
0	0.35215	0.00933	0.00922	0.00775	0.01071	0.01008	0.00629	0.17355	0.06987	0.12837	0.08987	0.01685	0.08458	0.00636	0.00429	0.00152	0.00387	0.00479	0.00429	0.00628
1	0.61028	0.01160	0.00874	0.00776	0.01067	0.13554	0.00621	0.04345	0.05802	0.03875	0.02580	0.00961	0.00716	0.00491	0.00350	0.00147	0.00457	0.00313	0.00323	0.00562
2	0.12528	0.00960	0.01196	0.00944	0.01275	0.00945	0.08800	0.18023	0.05724	0.06146	0.06064	0.10854	0.01313	0.00629	0.00459	0.00137	0.00434	0.00535	0.00390	0.22645
3	0.01213	0.62688	0.22390	0.00970	0.01461	0.01716	0.01074	0.01472	0.00994	0.01241	0.00724	0.00840	0.00620	0.00426	0.00349	0.00116	0.00569	0.00284	0.00207	0.00646
4	0.04291	0.00994	0.01059	0.00925	0.01216	0.01100	0.00725	0.04577	0.59681	0.04830	0.03929	0.01782	0.03227	0.00639	0.00477	0.00153	0.00379	0.00526	0.00470	0.09021
5	0.00982	0.00945	0.01334	0.01167	0.01186	0.01297	0.00964	0.01102	0.00750	0.01157	0.00777	0.01240	0.00759	0.01441	0.18495	0.00333	0.64895	0.00444	0.00222	0.00509
6	0.00972	0.02507	0.80458	0.01381	0.02097	0.01125	0.01790	0.01535	0.01023	0.01535	0.00870	0.01023	0.00614	0.00460	0.00460	0.00153	0.00716	0.00358	0.00205	0.00716
7	0.01178	0.01129	0.01928	0.08929	0.74159	0.01146	0.01477	0.01468	0.01093	0.01557	0.00908	0.01206	0.00758	0.00436	0.00480	0.00145	0.00581	0.00432	0.00238	0.00750
8	0.01199	0.01151	0.01967	0.02974	0.79946	0.01151	0.01487	0.01487	0.01103	0.01583	0.00912	0.01199	0.00768	0.00432	0.00480	0.00144	0.00576	0.00432	0.00240	0.00768
9	0.01060	0.01060	0.01484	0.01272	0.01272	0.01484	0.01060	0.01166	0.00742	0.01166	0.00636	0.01060	0.00636	0.00848	0.01590	0.00212	0.82082	0.00424	0.00212	0.00530
10	0.01199	0.01151	0.01967	0.02974	0.79946	0.01151	0.01487	0.01487	0.01103	0.01583	0.00912	0.01199	0.00768	0.00432	0.00480	0.00144	0.00576	0.00432	0.00240	0.00768
11	0.01199	0.01151	0.01967	0.02974	0.79946	0.01151	0.01487	0.01487	0.01103	0.01583	0.00912	0.01199	0.00768	0.00432	0.00480	0.00144	0.00576	0.00432	0.00240	0.00768
12	0.01148	0.01288	0.02732	0.01966	0.02441	0.01224	0.72589	0.01626	0.06778	0.01587	0.01052	0.01343	0.00789	0.00426	0.00566	0.00163	0.00786	0.00570	0.00263	0.00662
13	0.01181	0.01132	0.01933	0.08147	0.74919	0.01147	0.01478	0.01471	0.01095	0.01561	0.00908	0.01205	0.00760	0.00435	0.00480	0.00145	0.00580	0.00432	0.00238	0.00753
14	0.00934	0.00880	0.01487	0.76632	0.08364	0.01082	0.01355	0.01255	0.00978	0.01261	0.00865	0.01286	0.00654	0.00481	0.00484	0.00160	0.00641	0.00431	0.00217	0.00553
15	0.01060	0.01060	0.01484	0.01272	0.01272	0.01484	0.01060	0.01166	0.00742	0.01166	0.00636	0.01060	0.00636	0.00848	0.01590	0.00212	0.82082	0.00424	0.00212	0.00530
16	0.01247	0.71245	0.14133	0.00911	0.01371	0.01800	0.00972	0.01464	0.00990	0.01199	0.00703	0.00814	0.00621	0.00421	0.00333	0.00111	0.00548	0.00274	0.00207	0.00636
17	0.01108	0.36372	0.47782	0.01150	0.01739	0.01458	0.01387	0.01500	0.01007	0.01369	0.00787	0.00920	0.00617	0.00441	0.00398	0.00133	0.00633	0.00317	0.00206	0.00677
18	0.01095	0.33164	0.50877	0.01172	0.01773	0.01426	0.01426	0.01503	0.01009	0.01385	0.00795	0.00930	0.00617	0.00443	0.00404	0.00135	0.00641	0.00321	0.00206	0.00680
19	0.01199	0.01151	0.01967	0.02974	0.79946	0.01151	0.01487	0.01487	0.01103	0.01583	0.00912	0.01199	0.00768	0.00432	0.00480	0.00144	0.00576	0.00432	0.00240	0.00768

[dist]
# distance from previous block
# <min> <max>
0	3

[block]
# block no. 7 follows, 52 sequences, length 22
# corresponding to MSA columns:
# 557-578
name=unknown_H
#
# <colnr> <probs for GDERKNQSTAVLIFYWHMCP>
#	G	D	E	R	K	N	Q	S	T	A	V	L	I	F	Y	W	H	M	C	P
0	0.01179	0.01130	0.01929	0.08737	0.74346	0.01146	0.01477	0.01469	0.01094	0.01558	0.00908	0.01206	0.00759	0.00436	0.00480	0.00145	0.00581	0.00432	0.00238	0.00751
1	0.01199	0.01151	0.01967	0.02974	0.79946	0.01151	0.01487	0.01487	0.01103	0.01583	0.00912	0.01199	0.00768	0.00432	0.00480	0.00144	0.00576	0.00432	0.00240	0.00768
2	0.00928	0.00875	0.01477	0.78146	0.06893	0.01080	0.01352	0.01250	0.00975	0.01254	0.00864	0.01288	0.00652	0.00482	0.00484	0.00161	0.00643	0.00431	0.00216	0.00549
3	0.01189	0.01141	0.01949	0.05797	0.77203	0.01149	0.01482	0.01478	0.01099	0.01571	0.00910	0.01203	0.00763	0.00434	0.00480	0.00145	0.00578	0.00432	0.00239	0.00759
4	0.01199	0.01151	0.01967	0.02974	0.79946	0.01151	0.01487	0.01487	0.01103	0.01583	0.00912	0.01199	0.00768	0.00432	0.00480	0.00144	0.00576	0.00432	0.00240	0.00768
5	0.00972	0.02507	0.80458	0.01381	0.02097	0.01125	0.01790	0.01535	0.01023	0.01535	0.00870	0.01023	0.00614	0.00460	0.00460	0.00153	0.00716	0.00358	0.00205	0.00716
6	0.01199	0.01151	0.01967	0.02974	0.79946	0.01151	0.01487	0.01487	0.01103	0.01583	0.00912	0.01199	0.00768	0.00432	0.00480	0.00144	0.00576	0.00432	0.00240	0.00768
7	0.01199	0.01151	0.01967	0.02974	0.79946	0.01151	0.01487	0.01487	0.01103	0.01583	0.00912	0.01199	0.00768	0.00432	0.00480	0.00144	0.00576	0.00432	0.00240	0.00768
8	0.00943	0.00890	0.01503	0.74135	0.10791	0.01084	0.01360	0.01262	0.00982	0.01272	0.00866	0.01283	0.00658	0.00479	0.00484	0.00160	0.00639	0.00431	0.00218	0.00561
9	0.01199	0.01151	0.01967	0.02974	0.79946	0.01151	0.01487	0.01487	0.01103	0.01583	0.00912	0.01199	0.00768	0.00432	0.00480	0.00144	0.00576	0.00432	0.00240	0.00768
10	0.01199	0.01151	0.01967	0.02974	0.79946	0.01151	0.01487	0.01487	0.01103	0.01583	0.00912	0.01199	0.00768	0.00432	0.00480	0.00144	0.00576	0.00432	0.00240	0.00768
11	0.01190	0.01276	0.02725	0.02061	0.07987	0.01199	0.69572	0.01581	0.01151	0.04764	0.01013	0.01313	0.00757	0.00418	0.00562	0.00161	0.00783	0.00558	0.00259	0.00669
12	0.01208	0.01128	0.01864	0.13128	0.64370	0.01167	0.01429	0.06921	0.01169	0.01643	0.00923	0.01209	0.00756	0.00449	0.00481	0.00146	0.00582	0.00432	0.00254	0.00742
13	0.01060	0.01060	0.01484	0.01272	0.01272	0.01484	0.01060	0.01166	0.00742	0.01166	0.00636	0.01060	0.00636	0.00848	0.01590	0.00212	0.82082	0.00424	0.00212	0.00530
14	0.01805	0.01339	0.01433	0.01107	0.01489	0.01486	0.00912	0.73925	0.06744	0.02994	0.01211	0.01201	0.00862	0.00586	0.00485	0.00147	0.00525	0.00443	0.00485	0.00821
15	0.01005	0.00861	0.01005	0.00718	0.01148	0.00646	0.00574	0.01220	0.01005	0.01579	0.00861	0.01005	0.00718	0.00359	0.00359	0.00072	0.00359	0.00287	0.00287	0.85932
16	0.00972	0.02507	0.80458	0.01381	0.02097	0.01125	0.01790	0.01535	0.01023	0.01535	0.00870	0.01023	0.00614	0.00460	0.00460	0.00153	0.00716	0.00358	0.00205	0.00716
17	0.04557	0.05113	0.01458	0.01160	0.01268	0.03344	0.02728	0.01220	0.00817	0.01268	0.00692	0.01046	0.00655	0.00783	0.02817	0.00194	0.58680	0.00394	0.00228	0.11578
18	0.12187	0.01134	0.01166	0.00938	0.01289	0.04273	0.00756	0.27665	0.19825	0.09124	0.01289	0.01271	0.00947	0.00542	0.00440	0.00137	0.00450	0.00414	0.00430	0.15724
19	0.56521	0.00983	0.00890	0.00760	0.01075	0.01103	0.00621	0.10053	0.10951	0.11420	0.01037	0.01059	0.00757	0.00508	0.00366	0.00151	0.00398	0.00344	0.00380	0.00623
20	0.53129	0.00901	0.00840	0.00730	0.01017	0.00987	0.00588	0.09915	0.01085	0.14410	0.01173	0.11240	0.01000	0.00622	0.00390	0.00155	0.00386	0.00457	0.00386	0.00588
21	0.22397	0.00728	0.00758	0.00752	0.00918	0.00791	0.00558	0.06398	0.15346	0.01740	0.01939	0.41743	0.02054	0.01029	0.00506	0.00176	0.00340	0.00881	0.00422	0.00524

[dist]
# distance from previous block
# <min> <max>
7	95

# created by:
# /st0/software/busco_prod/Augustus/scripts/msa2prfl.pl ./align_prep/134150.fa
