[name]
unknown

[dist]
# distance from previous block
# <min> <max>
0	14

[block]
# block no. 0 follows, 62 sequences, length 7
# corresponding to MSA columns:
# 141-147
name=unknown_A
#
# <colnr> <probs for GDERKNQSTAVLIFYWHMCP>
#	G	D	E	R	K	N	Q	S	T	A	V	L	I	F	Y	W	H	M	C	P
0	0.00686	0.00490	0.00686	0.00784	0.00882	0.00490	0.00686	0.00882	0.00980	0.01273	0.02253	0.04800	0.02449	0.01175	0.00588	0.00196	0.00392	0.79528	0.00392	0.00392
1	0.88052	0.00823	0.00625	0.00560	0.00823	0.00955	0.00461	0.01251	0.00724	0.01909	0.00592	0.00691	0.00461	0.00395	0.00263	0.00132	0.00329	0.00230	0.00263	0.00461
2	0.19064	0.00827	0.00825	0.00715	0.00931	0.10285	0.04720	0.05407	0.01027	0.12129	0.04201	0.05384	0.27105	0.00720	0.00453	0.00138	0.02635	0.02601	0.00353	0.00479
3	0.00550	0.00400	0.00475	0.00516	0.00563	0.00372	0.00339	0.00616	0.00811	0.01056	0.06945	0.38043	0.19673	0.26475	0.01021	0.00237	0.00287	0.00940	0.00358	0.00325
4	0.00619	0.00413	0.00464	0.00464	0.00464	0.00413	0.00258	0.00619	0.00619	0.00825	0.01341	0.02785	0.01547	0.85046	0.02166	0.00413	0.00413	0.00619	0.00258	0.00258
5	0.39752	0.00912	0.00916	0.00754	0.01033	0.01016	0.00619	0.21840	0.07197	0.16232	0.00976	0.00988	0.00700	0.00480	0.00406	0.00134	0.04764	0.00330	0.00360	0.00590
6	0.01030	0.00987	0.01685	0.10300	0.74887	0.01005	0.01294	0.01285	0.00958	0.01362	0.00796	0.01061	0.00664	0.00383	0.00422	0.00128	0.00511	0.00379	0.00209	0.00655

[dist]
# distance from previous block
# <min> <max>
1	7

[block]
# block no. 1 follows, 62 sequences, length 9
# corresponding to MSA columns:
# 155-163
name=unknown_B
#
# <colnr> <probs for GDERKNQSTAVLIFYWHMCP>
#	G	D	E	R	K	N	Q	S	T	A	V	L	I	F	Y	W	H	M	C	P
0	0.01607	0.01129	0.01228	0.00950	0.01283	0.01236	0.00782	0.68177	0.07356	0.10153	0.01132	0.01100	0.00794	0.00517	0.00426	0.00129	0.00449	0.00394	0.00436	0.00720
1	0.09039	0.00783	0.01251	0.69601	0.09138	0.00952	0.01124	0.01120	0.00848	0.01189	0.00744	0.01086	0.00566	0.00419	0.00410	0.00140	0.00540	0.00364	0.00198	0.00488
2	0.00575	0.00434	0.00532	0.00507	0.00619	0.00390	0.00380	0.00751	0.01141	0.01556	0.61144	0.03426	0.25132	0.00926	0.00502	0.00136	0.00205	0.00804	0.00449	0.00390
3	0.01114	0.00942	0.00993	0.00877	0.01128	0.01084	0.00687	0.10092	0.73702	0.01870	0.01661	0.01531	0.01242	0.00571	0.00432	0.00143	0.00350	0.00471	0.00432	0.00678
4	0.00999	0.12495	0.52116	0.01215	0.01743	0.06322	0.13449	0.01390	0.00942	0.04358	0.00784	0.00921	0.00576	0.00399	0.00402	0.00129	0.00619	0.00334	0.00201	0.00605
5	0.00981	0.01078	0.02122	0.01576	0.01868	0.01149	0.55144	0.01254	0.00891	0.01254	0.00764	0.01078	0.00618	0.00483	0.00790	0.00157	0.27589	0.00460	0.00206	0.00539
6	0.01138	0.85302	0.02230	0.00728	0.01092	0.01684	0.00728	0.01274	0.00865	0.01001	0.00592	0.00683	0.00546	0.00364	0.00273	0.00091	0.00455	0.00228	0.00182	0.00546
7	0.00980	0.00928	0.01571	0.15732	0.63596	0.00957	0.01221	0.01234	0.00966	0.01363	0.06610	0.01218	0.00895	0.00422	0.00428	0.00129	0.00494	0.00407	0.00226	0.00622
8	0.01686	0.00675	0.00916	0.00719	0.01009	0.00587	0.00587	0.01856	0.01216	0.68841	0.15441	0.01744	0.01560	0.00585	0.00441	0.00132	0.00334	0.00486	0.00517	0.00669

[dist]
# distance from previous block
# <min> <max>
0	5

[block]
# block no. 2 follows, 62 sequences, length 49
# corresponding to MSA columns:
# 169-177,187-226
name=unknown_C
#
# <colnr> <probs for GDERKNQSTAVLIFYWHMCP>
#	G	D	E	R	K	N	Q	S	T	A	V	L	I	F	Y	W	H	M	C	P
0	0.00574	0.00432	0.00531	0.00510	0.00619	0.00389	0.00381	0.00748	0.01133	0.01545	0.59867	0.05620	0.24216	0.00936	0.00503	0.00137	0.00206	0.00815	0.00447	0.00389
1	0.00532	0.00391	0.00548	0.00625	0.00661	0.00365	0.02568	0.00613	0.00820	0.01094	0.02305	0.82509	0.02756	0.01307	0.00542	0.00172	0.00260	0.01191	0.00390	0.00352
2	0.01004	0.01125	0.02405	0.03958	0.09824	0.01067	0.71302	0.01351	0.00997	0.01359	0.00852	0.01138	0.00646	0.00362	0.00493	0.00142	0.00694	0.00487	0.00214	0.00581
3	0.00541	0.00388	0.00515	0.00590	0.00633	0.00363	0.00410	0.00642	0.00890	0.01199	0.15436	0.65696	0.04506	0.01244	0.00538	0.00167	0.00246	0.05231	0.00407	0.00357
4	0.01053	0.01011	0.01727	0.02612	0.82392	0.01011	0.01306	0.01306	0.00969	0.01390	0.00800	0.01053	0.00674	0.00379	0.00421	0.00126	0.00505	0.00379	0.00211	0.00674
5	0.01043	0.03017	0.02252	0.01619	0.02010	0.03500	0.64959	0.04407	0.07049	0.01415	0.00934	0.02296	0.00720	0.00405	0.00505	0.00142	0.02419	0.00490	0.00241	0.00579
6	0.01030	0.01022	0.01935	0.01442	0.01795	0.01004	0.52426	0.03107	0.18614	0.04840	0.01199	0.07492	0.00968	0.00489	0.00486	0.00145	0.00579	0.00545	0.00293	0.00588
7	0.00804	0.00756	0.01276	0.84023	0.02931	0.00945	0.01182	0.01087	0.00851	0.01087	0.00756	0.01134	0.00567	0.00425	0.00425	0.00142	0.00567	0.00378	0.00189	0.00473
8	0.01138	0.85302	0.02230	0.00728	0.01092	0.01684	0.00728	0.01274	0.00865	0.01001	0.00592	0.00683	0.00546	0.00364	0.00273	0.00091	0.00455	0.00228	0.00182	0.00546
9	0.01029	0.00977	0.01621	0.06705	0.70450	0.00997	0.01233	0.01351	0.06977	0.01397	0.00900	0.02851	0.00760	0.00416	0.00425	0.00129	0.00491	0.00404	0.00230	0.00657
10	0.00521	0.00402	0.00477	0.00526	0.00606	0.00358	0.00371	0.00620	0.00909	0.01161	0.09093	0.44826	0.34963	0.01193	0.00525	0.00159	0.00233	0.02303	0.00400	0.00356
11	0.01033	0.00990	0.01690	0.09254	0.75909	0.01006	0.01296	0.01288	0.00959	0.01365	0.00797	0.01060	0.00665	0.00383	0.00422	0.00128	0.00511	0.00379	0.00209	0.00658
12	0.00950	0.01062	0.02254	0.03367	0.02052	0.01004	0.69551	0.01279	0.00999	0.01346	0.03448	0.01422	0.06825	0.00435	0.00515	0.00144	0.02029	0.00535	0.00235	0.00549
13	0.00618	0.00471	0.00704	0.00698	0.00771	0.00557	0.00545	0.00768	0.00683	0.00989	0.01121	0.01648	0.01047	0.03112	0.80711	0.00668	0.03826	0.00453	0.00227	0.00383
14	0.01004	0.01148	0.02511	0.01793	0.02224	0.01076	0.80846	0.01363	0.01004	0.01363	0.00861	0.01148	0.00646	0.00359	0.00502	0.00143	0.00717	0.00502	0.00215	0.00574
15	0.00948	0.00903	0.01540	0.18702	0.53980	0.00933	0.04687	0.01203	0.00964	0.01343	0.06985	0.01337	0.03705	0.00448	0.00434	0.00131	0.00495	0.00431	0.00232	0.00598
16	0.00879	0.00841	0.01446	0.58630	0.24678	0.00968	0.04204	0.01157	0.00889	0.01181	0.00772	0.01113	0.00599	0.00410	0.00427	0.00138	0.00556	0.00383	0.00196	0.00532
17	0.00512	0.00431	0.00444	0.00441	0.00580	0.00363	0.00331	0.00629	0.00992	0.01202	0.11661	0.04008	0.74836	0.01058	0.00503	0.00143	0.00214	0.00886	0.00402	0.00363
18	0.00889	0.02054	0.74596	0.01189	0.01782	0.00957	0.03774	0.01356	0.00924	0.04412	0.03637	0.01006	0.00682	0.00424	0.00411	0.00135	0.00606	0.00340	0.00204	0.00623
19	0.04457	0.00887	0.01495	0.05556	0.03886	0.05119	0.33644	0.03889	0.01975	0.04753	0.01433	0.25466	0.04128	0.00691	0.00485	0.00148	0.00508	0.00681	0.00297	0.00502
20	0.01381	0.01372	0.01335	0.01247	0.11142	0.28022	0.07421	0.25356	0.12050	0.01713	0.00982	0.02032	0.00764	0.00477	0.00417	0.00125	0.00564	0.00380	0.02610	0.00610
21	0.00538	0.00402	0.00529	0.00642	0.03527	0.00373	0.00416	0.00621	0.00835	0.01099	0.02512	0.69934	0.12576	0.03128	0.00570	0.00173	0.00256	0.01128	0.00385	0.00357
22	0.02712	0.04898	0.63262	0.01159	0.01712	0.04278	0.03714	0.09167	0.01023	0.01473	0.02312	0.00944	0.00625	0.00422	0.00403	0.00132	0.00601	0.00329	0.00214	0.00621
23	0.01113	0.01047	0.01401	0.16575	0.40099	0.10985	0.01062	0.07881	0.04068	0.03752	0.00894	0.01191	0.00743	0.06734	0.00549	0.00149	0.00528	0.00390	0.00247	0.00590
24	0.01026	0.52044	0.32648	0.00920	0.01376	0.01413	0.01051	0.01296	0.00873	0.01132	0.00656	0.00770	0.00544	0.00388	0.00348	0.00110	0.02387	0.00264	0.00181	0.00576
25	0.00844	0.00808	0.01392	0.69617	0.08567	0.00963	0.07120	0.01157	0.03192	0.01150	0.00795	0.01143	0.00602	0.00421	0.00431	0.00141	0.00567	0.00390	0.00200	0.00501
26	0.00829	0.05119	0.33951	0.04241	0.03283	0.00854	0.15668	0.02283	0.00923	0.02324	0.03600	0.19733	0.02753	0.01926	0.00481	0.00147	0.00518	0.00579	0.00257	0.00532
27	0.00524	0.00383	0.00489	0.00571	0.00613	0.00353	0.00388	0.00603	0.00833	0.01091	0.02574	0.69324	0.13412	0.04000	0.00591	0.00177	0.00252	0.03086	0.00390	0.00346
28	0.01814	0.00701	0.00955	0.00743	0.01054	0.00608	0.00609	0.01977	0.01203	0.76953	0.04506	0.04483	0.01219	0.00567	0.00435	0.00133	0.00352	0.00468	0.00520	0.00699
29	0.00979	0.00927	0.01563	0.12731	0.64959	0.00947	0.01207	0.01230	0.00972	0.01372	0.06920	0.01269	0.02178	0.00432	0.00429	0.00129	0.00486	0.00416	0.00230	0.00623
30	0.00992	0.01100	0.09265	0.14021	0.50416	0.01009	0.11815	0.01315	0.03412	0.01351	0.00827	0.01079	0.00661	0.00391	0.00431	0.00132	0.00549	0.00392	0.00212	0.00628
31	0.00568	0.00375	0.00476	0.00557	0.00595	0.00355	0.00378	0.00664	0.00829	0.01176	0.02174	0.69898	0.02506	0.01183	0.00499	0.00160	0.00238	0.01064	0.15950	0.00355
32	0.00518	0.00390	0.00480	0.00546	0.00607	0.00352	0.00376	0.00608	0.00876	0.01134	0.06832	0.58878	0.24378	0.01241	0.00530	0.00163	0.00236	0.01103	0.00399	0.00352
33	0.02191	0.02056	0.03285	0.04771	0.15070	0.08969	0.26196	0.12962	0.03525	0.12425	0.00968	0.01108	0.00715	0.00438	0.00474	0.00134	0.03391	0.00413	0.00291	0.00619
34	0.02422	0.13756	0.15080	0.01159	0.07968	0.23928	0.05926	0.07333	0.06671	0.10470	0.00904	0.00974	0.00683	0.00436	0.00391	0.00121	0.00572	0.00336	0.00271	0.00598
35	0.70787	0.06653	0.00836	0.00717	0.04932	0.07731	0.00550	0.01292	0.00785	0.01751	0.00608	0.00715	0.00484	0.00396	0.00282	0.00127	0.00382	0.00241	0.00252	0.00480
36	0.00971	0.00979	0.01826	0.21962	0.38279	0.01004	0.24411	0.01261	0.00951	0.01307	0.00836	0.01175	0.00675	0.00400	0.00449	0.00136	0.00580	0.01995	0.00210	0.00591
37	0.00971	0.00927	0.01579	0.29365	0.56279	0.00989	0.01265	0.01234	0.00930	0.01291	0.00786	0.01080	0.00639	0.00394	0.00423	0.00131	0.00526	0.00379	0.00204	0.00608
38	0.00990	0.42040	0.44196	0.00980	0.01482	0.01322	0.01167	0.01312	0.00882	0.01181	0.00681	0.00795	0.00542	0.00385	0.00341	0.00114	0.00546	0.00273	0.00181	0.00589
39	0.00836	0.00789	0.01334	0.73509	0.13193	0.00954	0.01198	0.01115	0.00866	0.01126	0.00762	0.01124	0.00581	0.00419	0.00425	0.00140	0.00559	0.00378	0.00192	0.00499
40	0.01909	0.00724	0.00987	0.00757	0.01086	0.00625	0.00625	0.02074	0.01218	0.82687	0.01679	0.01448	0.01053	0.00527	0.00428	0.00132	0.00362	0.00428	0.00527	0.00724
41	0.00857	0.00778	0.01281	0.05790	0.50428	0.00779	0.00986	0.01050	0.00910	0.01271	0.01331	0.29909	0.01407	0.00710	0.00463	0.00143	0.00419	0.00665	0.00273	0.00551
42	0.00611	0.00434	0.00544	0.00610	0.00665	0.00426	0.00423	0.03642	0.05263	0.01223	0.02191	0.69484	0.02520	0.01197	0.00515	0.00165	0.00259	0.02555	0.06890	0.00382
43	0.00550	0.00390	0.00497	0.00572	0.00625	0.00357	0.00393	0.00633	0.00852	0.02914	0.02658	0.68027	0.16078	0.01270	0.00535	0.00167	0.00247	0.02479	0.00398	0.00357
44	0.00518	0.00370	0.00494	0.00592	0.00617	0.00346	0.00395	0.00592	0.00815	0.01086	0.02345	0.84768	0.02814	0.01333	0.00543	0.00173	0.00247	0.01210	0.00395	0.00346
45	0.00862	0.00816	0.01382	0.64986	0.21512	0.00961	0.01211	0.01138	0.00878	0.01158	0.00767	0.01115	0.00592	0.00415	0.00424	0.00138	0.00553	0.00378	0.00194	0.00520
46	0.01044	0.01002	0.01711	0.05518	0.79556	0.01009	0.01301	0.01298	0.00965	0.01379	0.00799	0.01056	0.00670	0.00381	0.00421	0.00127	0.00508	0.00379	0.00210	0.00667
47	0.01044	0.01018	0.01659	0.11539	0.70803	0.03872	0.01275	0.01295	0.00964	0.01345	0.00791	0.01052	0.00658	0.00386	0.00420	0.00127	0.00521	0.00375	0.00209	0.00645
48	0.00942	0.00885	0.01494	0.27286	0.50896	0.00943	0.01209	0.01197	0.00931	0.01285	0.00917	0.02555	0.00804	0.00466	0.00437	0.00137	0.00512	0.06296	0.00220	0.00587

[dist]
# distance from previous block
# <min> <max>
0	3

[block]
# block no. 3 follows, 62 sequences, length 77
# corresponding to MSA columns:
# 230-244,246-307
name=unknown_D
#
# <colnr> <probs for GDERKNQSTAVLIFYWHMCP>
#	G	D	E	R	K	N	Q	S	T	A	V	L	I	F	Y	W	H	M	C	P
0	0.07017	0.02843	0.00634	0.00590	0.00658	0.00544	0.00425	0.00751	0.00672	0.00998	0.01203	0.04982	0.01249	0.33466	0.41593	0.00507	0.00757	0.00521	0.00246	0.00344
1	0.00990	0.01056	0.02257	0.01637	0.02024	0.00991	0.69823	0.01315	0.00989	0.04262	0.01007	0.07287	0.00831	0.00515	0.02826	0.00160	0.00682	0.00550	0.00240	0.00557
2	0.00872	0.04454	0.74708	0.01242	0.01849	0.01014	0.07344	0.01347	0.00905	0.01339	0.00766	0.00911	0.00547	0.00400	0.00408	0.00134	0.00630	0.00326	0.00182	0.00623
3	0.02829	0.07392	0.04231	0.01582	0.08312	0.10089	0.48831	0.03244	0.06634	0.01373	0.00870	0.01077	0.00671	0.00390	0.00452	0.00134	0.00645	0.00433	0.00233	0.00581
4	0.00600	0.00469	0.00662	0.00669	0.00738	0.00465	0.04329	0.00711	0.00884	0.02146	0.12347	0.53784	0.11087	0.01146	0.00593	0.00164	0.06407	0.02038	0.00382	0.00379
5	0.00518	0.00370	0.00494	0.00592	0.00617	0.00346	0.00395	0.00592	0.00815	0.01086	0.02345	0.84768	0.02814	0.01333	0.00543	0.00173	0.00247	0.01210	0.00395	0.00346
6	0.03379	0.02090	0.06558	0.07044	0.03809	0.03137	0.06405	0.24725	0.11086	0.07405	0.07423	0.05570	0.06170	0.01479	0.00472	0.00139	0.01661	0.00496	0.00360	0.00592
7	0.01148	0.01219	0.01354	0.11994	0.30898	0.24321	0.02559	0.02574	0.10835	0.01341	0.06821	0.01204	0.00945	0.00463	0.00420	0.00127	0.00548	0.00393	0.00259	0.00576
8	0.01202	0.00876	0.00963	0.00844	0.01096	0.00975	0.00662	0.04393	0.63822	0.15308	0.01719	0.03742	0.01282	0.00587	0.00435	0.00142	0.00342	0.00489	0.00447	0.00675
9	0.01132	0.83536	0.03943	0.00738	0.01108	0.01669	0.00746	0.01276	0.00865	0.01008	0.00595	0.00687	0.00546	0.00365	0.00276	0.00092	0.00459	0.00229	0.00182	0.00548
10	0.35448	0.02588	0.01006	0.02113	0.13378	0.09245	0.02762	0.03537	0.04175	0.10828	0.08183	0.01217	0.01864	0.00482	0.00366	0.00130	0.00412	0.01418	0.00309	0.00539
11	0.00975	0.01136	0.05243	0.01667	0.02052	0.01064	0.67609	0.01307	0.00966	0.01326	0.00895	0.02712	0.00721	0.00432	0.00578	0.00149	0.07810	0.02581	0.00219	0.00558
12	0.00519	0.00372	0.00494	0.00589	0.00617	0.00347	0.00394	0.00596	0.00823	0.01097	0.03587	0.82093	0.04251	0.01322	0.00542	0.00172	0.00246	0.01197	0.00396	0.00347
13	0.00879	0.08317	0.70815	0.01183	0.01768	0.01033	0.04749	0.01344	0.01970	0.01335	0.02355	0.00946	0.00622	0.00411	0.00401	0.00132	0.00607	0.00327	0.00190	0.00617
14	0.01482	0.01733	0.01234	0.02376	0.10206	0.61037	0.00859	0.03062	0.08739	0.04145	0.00819	0.00910	0.00654	0.00449	0.00395	0.00116	0.00676	0.00314	0.00253	0.00542
15	0.00518	0.00378	0.00488	0.00574	0.00613	0.00348	0.00387	0.00599	0.00839	0.01105	0.04112	0.74516	0.11364	0.01297	0.00538	0.00169	0.00243	0.01168	0.00396	0.00348
16	0.00853	0.02201	0.82841	0.01213	0.01842	0.00988	0.01572	0.01348	0.00898	0.01348	0.00764	0.00898	0.00539	0.00404	0.00404	0.00135	0.00629	0.00314	0.00180	0.00629
17	0.00967	0.00957	0.01627	0.29469	0.30743	0.02487	0.15203	0.01320	0.07683	0.01298	0.00864	0.01133	0.00680	0.00421	0.00470	0.00138	0.03333	0.00407	0.00222	0.00579
18	0.00598	0.00429	0.00585	0.00681	0.00743	0.00415	0.00533	0.00732	0.00897	0.01177	0.02343	0.44630	0.04327	0.01252	0.00564	0.00183	0.00316	0.38833	0.00393	0.00368
19	0.00909	0.00654	0.00746	0.00673	0.00860	0.00675	0.00522	0.02510	0.31001	0.10313	0.28059	0.02555	0.16262	0.00760	0.00469	0.00140	0.00277	0.01636	0.00447	0.00534
20	0.01083	0.00962	0.01413	0.01150	0.01281	0.01198	0.11850	0.07305	0.07507	0.07902	0.00823	0.01064	0.00684	0.00643	0.01042	0.00168	0.52728	0.00404	0.00256	0.00538
21	0.01127	0.76214	0.03366	0.00771	0.01110	0.03271	0.00758	0.01265	0.00856	0.01009	0.00593	0.00706	0.00547	0.00394	0.00359	0.00099	0.06592	0.00240	0.00183	0.00540
22	0.00516	0.00393	0.00475	0.00536	0.00603	0.00352	0.00371	0.00606	0.00881	0.01130	0.05886	0.54518	0.29740	0.01230	0.00528	0.00162	0.00235	0.01088	0.00398	0.00352
23	0.00853	0.02201	0.82841	0.01213	0.01842	0.00988	0.01572	0.01348	0.00898	0.01348	0.00764	0.00898	0.00539	0.00404	0.00404	0.00135	0.00629	0.00314	0.00180	0.00629
24	0.00691	0.00473	0.00542	0.00520	0.00551	0.00489	0.00321	0.06506	0.00725	0.00974	0.01300	0.02562	0.01446	0.71994	0.08855	0.00414	0.00478	0.00588	0.00268	0.00302
25	0.01782	0.00830	0.01041	0.00809	0.01133	0.00795	0.00665	0.17346	0.08012	0.60532	0.01556	0.01377	0.01010	0.00528	0.00428	0.00132	0.00381	0.00424	0.00499	0.00720
26	0.02973	0.01118	0.02323	0.01732	0.05426	0.01069	0.69882	0.01424	0.06891	0.01407	0.00916	0.01166	0.00690	0.00376	0.00488	0.00143	0.00672	0.00489	0.00232	0.00583
27	0.00573	0.00434	0.00528	0.00504	0.00618	0.00389	0.00378	0.00746	0.01135	0.01541	0.59047	0.03451	0.27238	0.00932	0.00502	0.00137	0.00205	0.00808	0.00447	0.00389
28	0.00833	0.02033	0.73897	0.01177	0.01763	0.00945	0.04362	0.01294	0.00907	0.01334	0.01026	0.01141	0.06515	0.00452	0.00415	0.00136	0.00602	0.00364	0.00197	0.00607
29	0.00832	0.00585	0.00871	0.00791	0.00961	0.00551	0.10317	0.01056	0.05037	0.11910	0.07623	0.18824	0.16585	0.00954	0.00519	0.00161	0.00353	0.21219	0.00396	0.00457
30	0.01040	0.01132	0.04034	0.06475	0.39225	0.04950	0.34110	0.01338	0.00987	0.01345	0.00815	0.01079	0.00647	0.00377	0.00453	0.00134	0.00612	0.00423	0.00211	0.00612
31	0.00596	0.00435	0.00560	0.00529	0.00632	0.00399	0.00397	0.00791	0.01190	0.01671	0.77297	0.03236	0.08907	0.00883	0.00502	0.00134	0.00202	0.00778	0.00464	0.00399
32	0.00547	0.00410	0.00501	0.00528	0.00607	0.00371	0.00375	0.00666	0.00966	0.01279	0.26901	0.33532	0.24165	0.05405	0.00604	0.00166	0.00235	0.01971	0.00410	0.00362
33	0.01091	0.51732	0.27389	0.00908	0.01347	0.05182	0.01000	0.04856	0.00941	0.01186	0.00668	0.00769	0.00552	0.00387	0.00326	0.00107	0.00524	0.00264	0.00194	0.00577
34	0.83075	0.00807	0.00631	0.00563	0.00822	0.00928	0.00462	0.01252	0.00752	0.03614	0.03554	0.00797	0.00601	0.00415	0.00275	0.00132	0.00325	0.00254	0.00276	0.00464
35	0.00518	0.00370	0.00494	0.00592	0.00617	0.00346	0.00395	0.00592	0.00815	0.01086	0.02345	0.84768	0.02814	0.01333	0.00543	0.00173	0.00247	0.01210	0.00395	0.00346
36	0.01018	0.00982	0.01695	0.13463	0.68858	0.01005	0.04180	0.01279	0.00954	0.01349	0.00797	0.01067	0.00659	0.00385	0.00425	0.00129	0.00521	0.00383	0.00208	0.00643
37	0.00832	0.00726	0.04810	0.00813	0.02322	0.00665	0.09163	0.04173	0.12631	0.06074	0.35249	0.04548	0.12946	0.00747	0.00499	0.00139	0.02105	0.00658	0.00402	0.00498
38	0.88052	0.00823	0.00625	0.00560	0.00823	0.00955	0.00461	0.01251	0.00724	0.01909	0.00592	0.00691	0.00461	0.00395	0.00263	0.00132	0.00329	0.00230	0.00263	0.00461
39	0.01580	0.01989	0.01203	0.01089	0.01312	0.79989	0.00819	0.03497	0.02689	0.01092	0.00685	0.00788	0.00566	0.00443	0.00386	0.00111	0.00753	0.00280	0.00228	0.00502
40	0.01064	0.13075	0.30154	0.01045	0.07250	0.03006	0.01007	0.01505	0.13131	0.12263	0.09301	0.01359	0.03020	0.00503	0.00406	0.00129	0.00466	0.00406	0.00302	0.00607
41	0.01895	0.00727	0.00987	0.00759	0.01087	0.00633	0.00626	0.02077	0.02539	0.81357	0.01680	0.01451	0.01057	0.00527	0.00428	0.00132	0.00362	0.00429	0.00525	0.00723
42	0.00518	0.00370	0.00494	0.00592	0.00617	0.00346	0.00395	0.00592	0.00815	0.01086	0.02345	0.84768	0.02814	0.01333	0.00543	0.00173	0.00247	0.01210	0.00395	0.00346
43	0.01053	0.01011	0.01727	0.02612	0.82392	0.01011	0.01306	0.01306	0.00969	0.01390	0.00800	0.01053	0.00674	0.00379	0.00421	0.00126	0.00505	0.00379	0.00211	0.00674
44	0.01055	0.01018	0.01712	0.08410	0.66322	0.02120	0.06542	0.03551	0.02566	0.01405	0.00824	0.01071	0.00676	0.00389	0.00427	0.00129	0.00523	0.00388	0.00220	0.00652
45	0.00699	0.00446	0.00583	0.00588	0.00689	0.00409	0.00439	0.00848	0.01042	0.09170	0.35431	0.29430	0.09766	0.01029	0.00516	0.00152	0.00249	0.07667	0.00438	0.00410
46	0.01181	0.01350	0.01301	0.01128	0.01223	0.32170	0.03134	0.01288	0.00870	0.01040	0.00604	0.00875	0.00557	0.00619	0.00990	0.00156	0.50497	0.00339	0.00199	0.00479
47	0.01127	0.33226	0.37848	0.00975	0.01452	0.01196	0.03094	0.01432	0.00938	0.13777	0.00843	0.00908	0.00624	0.00407	0.00361	0.00118	0.00524	0.00304	0.00235	0.00611
48	0.00779	0.00514	0.00606	0.00582	0.00730	0.00473	0.00447	0.05465	0.02628	0.11338	0.11482	0.19109	0.35813	0.01003	0.00502	0.00150	0.00269	0.07253	0.00421	0.00436
49	0.00535	0.00389	0.00505	0.00590	0.00633	0.00362	0.00411	0.00624	0.00847	0.01114	0.03836	0.66312	0.10741	0.03174	0.00579	0.00177	0.00260	0.08168	0.00393	0.00350
50	0.01490	0.11146	0.01357	0.01054	0.04641	0.31771	0.00816	0.33667	0.07010	0.01764	0.00877	0.00928	0.00676	0.00466	0.00393	0.00118	0.00570	0.00331	0.00313	0.00612
51	0.00510	0.00431	0.00441	0.00439	0.00579	0.00362	0.00329	0.00625	0.00987	0.01191	0.10075	0.04027	0.76429	0.01062	0.00503	0.00143	0.00214	0.00889	0.00401	0.00362
52	0.02380	0.49349	0.20784	0.01015	0.07231	0.08923	0.00973	0.02886	0.00931	0.01160	0.00661	0.00774	0.00556	0.00385	0.00327	0.00107	0.00526	0.00266	0.00193	0.00572
53	0.00969	0.20955	0.57321	0.01088	0.01618	0.07158	0.01312	0.01349	0.00914	0.01246	0.00741	0.00903	0.00572	0.00410	0.00376	0.00124	0.00596	0.01565	0.00187	0.00596
54	0.00533	0.00432	0.00472	0.00462	0.00593	0.00372	0.00347	0.00668	0.01040	0.01316	0.27654	0.03820	0.58771	0.01015	0.00503	0.00141	0.00211	0.00859	0.00417	0.00372
55	0.00853	0.02201	0.82841	0.01213	0.01842	0.00988	0.01572	0.01348	0.00898	0.01348	0.00764	0.00898	0.00539	0.00404	0.00404	0.00135	0.00629	0.00314	0.00180	0.00629
56	0.01023	0.00995	0.01597	0.22735	0.43686	0.03966	0.08518	0.03830	0.06880	0.01368	0.00865	0.01110	0.00687	0.00410	0.00429	0.00133	0.00536	0.00394	0.00229	0.00609
57	0.00527	0.00428	0.00467	0.00467	0.00592	0.00368	0.00347	0.00654	0.01013	0.01273	0.22102	0.09782	0.58398	0.01048	0.00506	0.00144	0.00214	0.00891	0.00412	0.00368
58	0.00620	0.00443	0.00610	0.00708	0.00777	0.00433	0.00571	0.00768	0.00915	0.01200	0.02289	0.36318	0.02593	0.01238	0.00570	0.00187	0.00335	0.48660	0.00393	0.00374
59	0.01069	0.65370	0.21565	0.00844	0.01272	0.01517	0.00931	0.01292	0.00873	0.01084	0.00633	0.00734	0.00544	0.00374	0.00305	0.00102	0.00497	0.00248	0.00181	0.00566
60	0.00880	0.10008	0.75268	0.01167	0.01771	0.01054	0.01493	0.01341	0.00895	0.01315	0.00747	0.00878	0.00540	0.00400	0.00392	0.00131	0.00613	0.00306	0.00180	0.00621
61	0.01077	0.00923	0.00972	0.00870	0.01113	0.01067	0.00678	0.04843	0.79011	0.01810	0.01709	0.01569	0.01280	0.00575	0.00433	0.00144	0.00341	0.00478	0.00433	0.00675
62	0.00973	0.00833	0.01348	0.56468	0.17894	0.02721	0.02495	0.01236	0.00919	0.08713	0.00869	0.01187	0.00657	0.00435	0.00427	0.00138	0.00541	0.01384	0.00228	0.00536
63	0.00855	0.07934	0.71139	0.01129	0.01701	0.00994	0.01427	0.01303	0.00918	0.01349	0.06703	0.01050	0.00794	0.00435	0.00402	0.00132	0.00585	0.00342	0.00201	0.00606
64	0.74971	0.00836	0.00698	0.00603	0.00877	0.00947	0.00497	0.06172	0.00847	0.09295	0.00717	0.00780	0.00531	0.00414	0.00288	0.00131	0.00341	0.00258	0.00297	0.00501
65	0.00611	0.00460	0.00528	0.00534	0.02668	0.00402	0.00386	0.00746	0.01025	0.05308	0.21155	0.05239	0.55563	0.01038	0.02304	0.00153	0.00248	0.00830	0.00410	0.00395
66	0.00885	0.08247	0.71028	0.01220	0.01814	0.01046	0.07306	0.01343	0.00904	0.01323	0.00758	0.00901	0.00547	0.00398	0.00402	0.00132	0.00623	0.00322	0.00182	0.00619
67	0.01053	0.01011	0.01727	0.02612	0.82392	0.01011	0.01306	0.01306	0.00969	0.01390	0.00800	0.01053	0.00674	0.00379	0.00421	0.00126	0.00505	0.00379	0.00211	0.00674
68	0.01004	0.01148	0.02511	0.01793	0.02224	0.01076	0.80846	0.01363	0.01004	0.01363	0.00861	0.01148	0.00646	0.00359	0.00502	0.00143	0.00717	0.00502	0.00215	0.00574
69	0.01030	0.03155	0.05772	0.25002	0.16864	0.03589	0.27778	0.01324	0.00967	0.07214	0.00892	0.01192	0.00687	0.00416	0.00448	0.00137	0.00594	0.02139	0.00231	0.00570
70	0.00853	0.02201	0.82841	0.01213	0.01842	0.00988	0.01572	0.01348	0.00898	0.01348	0.00764	0.00898	0.00539	0.00404	0.00404	0.00135	0.00629	0.00314	0.00180	0.00629
71	0.00505	0.00424	0.00438	0.00450	0.00580	0.00358	0.00332	0.00609	0.00952	0.01142	0.04082	0.13474	0.72987	0.01107	0.00508	0.00147	0.00219	0.00934	0.00395	0.00358
72	0.01255	0.59857	0.01966	0.00862	0.01193	0.21564	0.03639	0.03378	0.00981	0.01066	0.00628	0.00728	0.00555	0.00386	0.00312	0.00098	0.00541	0.00253	0.00198	0.00539
73	0.01267	0.09739	0.39210	0.03999	0.01532	0.06079	0.01118	0.06074	0.01065	0.24386	0.01014	0.01040	0.00697	0.00444	0.00399	0.00128	0.00534	0.00342	0.00295	0.00639
74	0.00540	0.00400	0.00506	0.00565	0.00629	0.00367	0.00401	0.00649	0.00918	0.01210	0.15583	0.51165	0.18000	0.01200	0.00532	0.00163	0.00243	0.06162	0.00407	0.00360
75	0.00514	0.00387	0.00476	0.00547	0.00605	0.00349	0.00375	0.00598	0.00858	0.01104	0.02899	0.62051	0.25174	0.01261	0.00532	0.00165	0.00238	0.01122	0.00395	0.00349
76	0.01416	0.01114	0.01175	0.07012	0.01347	0.07444	0.00789	0.52252	0.06558	0.04623	0.03523	0.03691	0.00941	0.02203	0.00491	0.00138	0.02680	0.01573	0.00386	0.00643

[dist]
# distance from previous block
# <min> <max>
6	10

[block]
# block no. 4 follows, 62 sequences, length 15
# corresponding to MSA columns:
# 322-336
name=unknown_E
#
# <colnr> <probs for GDERKNQSTAVLIFYWHMCP>
#	G	D	E	R	K	N	Q	S	T	A	V	L	I	F	Y	W	H	M	C	P
0	0.01124	0.78577	0.05066	0.00752	0.01120	0.01631	0.00756	0.01321	0.04448	0.01048	0.00648	0.00730	0.00579	0.00375	0.00285	0.00095	0.00456	0.00242	0.00193	0.00555
1	0.00885	0.07881	0.72373	0.01161	0.01743	0.02999	0.01464	0.01334	0.00906	0.01314	0.00802	0.01019	0.00608	0.00430	0.00401	0.00133	0.00612	0.03134	0.00188	0.00611
2	0.07596	0.15176	0.39130	0.03221	0.01506	0.03093	0.03598	0.08320	0.03531	0.04070	0.03772	0.01110	0.00778	0.00456	0.00388	0.00129	0.00528	0.02760	0.00246	0.00591
3	0.01384	0.22902	0.19313	0.00868	0.01263	0.03466	0.02284	0.03229	0.01057	0.34603	0.01255	0.01213	0.04380	0.00476	0.00386	0.00122	0.00459	0.00368	0.00339	0.00631
4	0.00637	0.00447	0.00555	0.00521	0.00641	0.00402	0.00393	0.00814	0.01151	0.05130	0.60638	0.03314	0.21964	0.00903	0.00499	0.00136	0.00211	0.00784	0.00454	0.00406
5	0.00846	0.04439	0.52831	0.01050	0.01503	0.00857	0.03649	0.01237	0.03050	0.04684	0.01190	0.16878	0.01100	0.00621	0.00439	0.00144	0.00524	0.04140	0.00252	0.00565
6	0.01525	0.06181	0.09924	0.04952	0.07936	0.04612	0.02600	0.04179	0.02375	0.46586	0.01365	0.02645	0.02159	0.00501	0.00418	0.00130	0.00443	0.00411	0.00397	0.00660
7	0.00853	0.02201	0.82841	0.01213	0.01842	0.00988	0.01572	0.01348	0.00898	0.01348	0.00764	0.00898	0.00539	0.00404	0.00404	0.00135	0.00629	0.00314	0.00180	0.00629
8	0.00534	0.00380	0.00501	0.00584	0.00609	0.00363	0.00388	0.00605	0.00786	0.01052	0.02167	0.71123	0.02577	0.10565	0.05411	0.00228	0.00315	0.01103	0.00371	0.00338
9	0.01181	0.35009	0.26425	0.04768	0.01438	0.13842	0.01010	0.01432	0.00961	0.09199	0.00769	0.00858	0.00595	0.00407	0.00352	0.00114	0.00552	0.00288	0.00221	0.00577
10	0.01448	0.11439	0.21507	0.00984	0.02926	0.00922	0.06271	0.05410	0.02624	0.40377	0.01219	0.01174	0.00819	0.00463	0.00408	0.00128	0.00470	0.00378	0.00366	0.00667
11	0.00526	0.00399	0.00487	0.00554	0.00623	0.00361	0.00393	0.00620	0.00877	0.01120	0.02977	0.52703	0.28576	0.01239	0.00533	0.00165	0.00247	0.06853	0.00395	0.00353
12	0.00631	0.00511	0.03383	0.00611	0.00727	0.00442	0.00481	0.00820	0.04674	0.03716	0.15913	0.31349	0.21637	0.01082	0.00520	0.00159	0.00273	0.12264	0.00405	0.00401
13	0.06419	0.10886	0.11663	0.11861	0.04753	0.02758	0.00863	0.05169	0.06289	0.30309	0.01187	0.02646	0.00861	0.00492	0.00401	0.00131	0.00449	0.01899	0.00347	0.00619
14	0.03428	0.06937	0.24183	0.00998	0.04899	0.00912	0.04465	0.10636	0.08254	0.10893	0.11010	0.08037	0.02353	0.00579	0.00429	0.00134	0.00444	0.00487	0.00331	0.00591

[dist]
# distance from previous block
# <min> <max>
26	54

[block]
# block no. 5 follows, 62 sequences, length 7
# corresponding to MSA columns:
# 402-408
name=unknown_F
#
# <colnr> <probs for GDERKNQSTAVLIFYWHMCP>
#	G	D	E	R	K	N	Q	S	T	A	V	L	I	F	Y	W	H	M	C	P
0	0.01099	0.04149	0.10787	0.03328	0.19558	0.09713	0.05080	0.06162	0.09849	0.07596	0.03507	0.03236	0.06889	0.00533	0.00427	0.00130	0.00480	0.02685	0.00299	0.04491
1	0.02510	0.02917	0.18312	0.08411	0.13605	0.00902	0.09143	0.04768	0.05896	0.08190	0.02187	0.01263	0.00825	0.08354	0.00597	0.00154	0.02269	0.00399	0.00264	0.09034
2	0.00991	0.11397	0.30607	0.03105	0.15768	0.02522	0.02912	0.03538	0.03040	0.04115	0.00971	0.01100	0.04496	0.00447	0.00442	0.00124	0.04735	0.00355	0.00230	0.09103
3	0.09613	0.00893	0.01255	0.08940	0.32004	0.00882	0.00904	0.07342	0.03097	0.09548	0.00893	0.01036	0.00691	0.00400	0.00383	0.00115	0.00428	0.00343	0.00277	0.20958
4	0.00591	0.00599	0.08557	0.00580	0.00735	0.00441	0.00494	0.00781	0.01067	0.01452	0.44310	0.12690	0.24250	0.00933	0.00497	0.00141	0.00252	0.00810	0.00412	0.00406
5	0.05911	0.00791	0.00893	0.00737	0.00998	0.08665	0.00586	0.01679	0.01135	0.51346	0.09106	0.10783	0.01434	0.00627	0.00431	0.00132	0.00371	0.00516	0.00454	0.03404
6	0.00617	0.00419	0.00553	0.00579	0.00655	0.00394	0.00415	0.00744	0.00952	0.05143	0.26656	0.42136	0.08888	0.01309	0.08277	0.00205	0.00320	0.00945	0.00408	0.00385

[dist]
# distance from previous block
# <min> <max>
0	16

# created by:
# /st0/software/busco_prod/Augustus/scripts/msa2prfl.pl ./align_prep/134173.fa
