[name]
unknown

[dist]
# distance from previous block
# <min> <max>
0	61

[block]
# block no. 0 follows, 58 sequences, length 40
# corresponding to MSA columns:
# 61-63,65-69,74-78,80-106
name=unknown_A
#
# <colnr> <probs for GDERKNQSTAVLIFYWHMCP>
#	G	D	E	R	K	N	Q	S	T	A	V	L	I	F	Y	W	H	M	C	P
0	0.00701	0.00506	0.00693	0.00779	0.00885	0.00499	0.00672	0.00901	0.01047	0.01364	0.08434	0.04868	0.08059	0.01205	0.00605	0.00197	0.00384	0.67371	0.00418	0.00410
1	0.01113	0.00961	0.01011	0.00910	0.01163	0.01113	0.00708	0.02377	0.80681	0.01871	0.01821	0.01669	0.01365	0.00607	0.00455	0.00152	0.00354	0.00506	0.00455	0.00708
2	0.00653	0.00432	0.00514	0.00548	0.00574	0.00427	0.00356	0.00712	0.00763	0.01052	0.01744	0.20031	0.01968	0.49757	0.01550	0.00325	0.00374	0.09567	0.08333	0.00320
3	0.00599	0.00440	0.00562	0.00566	0.00656	0.00402	0.00411	0.00765	0.01135	0.01563	0.52704	0.23907	0.12504	0.01062	0.00539	0.00152	0.00225	0.00941	0.00464	0.00402
4	0.00530	0.00449	0.00458	0.00465	0.00607	0.00377	0.00345	0.00641	0.01008	0.01204	0.04391	0.09730	0.75973	0.01151	0.00532	0.00153	0.00229	0.00966	0.00415	0.00377
5	0.00545	0.00389	0.00519	0.00623	0.00649	0.00363	0.00415	0.00623	0.00856	0.01142	0.02465	0.83987	0.02959	0.01401	0.00571	0.00182	0.00260	0.01272	0.00415	0.00363
6	0.34722	0.00801	0.00892	0.00716	0.01036	0.00790	0.00591	0.01849	0.01082	0.51243	0.01327	0.01218	0.00869	0.00501	0.00384	0.00138	0.00367	0.00370	0.00448	0.00655
7	0.00834	0.00417	0.00417	0.00417	0.00521	0.00417	0.00313	0.01042	0.00938	0.01668	0.01459	0.01668	0.01147	0.00521	0.00313	0.00104	0.00208	0.00417	0.86763	0.00417
8	0.05153	0.00786	0.01027	0.00800	0.01137	0.00713	0.00657	0.03381	0.06680	0.72118	0.01715	0.01496	0.01096	0.00552	0.00444	0.00139	0.00379	0.00445	0.00535	0.00747
9	0.00557	0.00404	0.00526	0.00602	0.00649	0.00373	0.00411	0.00658	0.00929	0.01245	0.14479	0.66408	0.08483	0.01310	0.00562	0.00173	0.00250	0.01180	0.00427	0.00373
10	0.00928	0.00795	0.00928	0.00663	0.01060	0.00596	0.00530	0.01126	0.00928	0.01458	0.00795	0.00928	0.00663	0.00331	0.00331	0.00066	0.00331	0.00265	0.00265	0.87014
11	0.02321	0.06933	0.01813	0.01291	0.01651	0.02213	0.34644	0.06853	0.13793	0.15925	0.02989	0.01408	0.03155	0.00499	0.00496	0.00144	0.02399	0.00489	0.00344	0.00641
12	0.00769	0.00694	0.02389	0.00786	0.00928	0.06183	0.02687	0.00960	0.02650	0.01119	0.01147	0.03405	0.01068	0.05331	0.57110	0.00543	0.02340	0.00465	0.00249	0.09177
13	0.08474	0.03464	0.03442	0.02048	0.47749	0.16844	0.05297	0.01472	0.01047	0.03873	0.00816	0.01020	0.00667	0.00420	0.00434	0.00131	0.01559	0.00367	0.00236	0.00642
14	0.00762	0.00586	0.00738	0.00743	0.04947	0.02123	0.01977	0.06361	0.01192	0.03598	0.39428	0.16261	0.16659	0.00979	0.01472	0.00155	0.00295	0.00830	0.00438	0.00457
15	0.00758	0.00395	0.00568	0.00568	0.00568	0.00395	0.00371	0.00593	0.00593	0.00791	0.00872	0.01596	0.00905	0.14021	0.01828	0.73942	0.00395	0.00428	0.00206	0.00206
16	0.00754	0.00404	0.00606	0.00606	0.00620	0.00418	0.00418	0.00620	0.00606	0.00821	0.00849	0.01427	0.00835	0.01860	0.15490	0.72306	0.00526	0.00404	0.00202	0.00229
17	0.00936	0.00803	0.00931	0.00674	0.01065	0.00619	0.00538	0.01182	0.04508	0.01476	0.00841	0.00961	0.00694	0.00344	0.00337	0.00070	0.00332	0.00276	0.00274	0.83139
18	0.00663	0.00452	0.00516	0.00522	0.00540	0.00450	0.00310	0.02972	0.00732	0.00972	0.01631	0.14290	0.03908	0.67978	0.01937	0.00382	0.00405	0.00738	0.00300	0.00301
19	0.00639	0.00435	0.00494	0.00498	0.00514	0.00428	0.00293	0.00660	0.00708	0.00937	0.04289	0.05960	0.07029	0.71814	0.02017	0.00393	0.00406	0.01901	0.00295	0.00289
20	0.00694	0.00491	0.00631	0.00587	0.00706	0.00464	0.00443	0.00959	0.05379	0.03894	0.75057	0.03207	0.03991	0.00889	0.00522	0.00141	0.00223	0.00784	0.00492	0.00446
21	0.00613	0.00444	0.00566	0.00558	0.00655	0.00408	0.00410	0.00791	0.01164	0.01621	0.58203	0.17120	0.11648	0.01010	0.00530	0.00148	0.00221	0.00892	0.02593	0.00408
22	0.00550	0.00400	0.00519	0.00603	0.00646	0.00369	0.00409	0.00641	0.00902	0.01196	0.08468	0.70631	0.10336	0.01341	0.00564	0.00176	0.00253	0.01207	0.00421	0.00369
23	0.00648	0.00433	0.00489	0.00491	0.00492	0.00432	0.00275	0.00650	0.00656	0.00875	0.01437	0.05049	0.01661	0.82110	0.02232	0.00427	0.00429	0.00667	0.00275	0.00273
24	0.00639	0.00479	0.00719	0.00719	0.00799	0.00559	0.00559	0.00799	0.00719	0.01038	0.01198	0.01757	0.01118	0.03355	0.82507	0.00719	0.01198	0.00479	0.00240	0.00399
25	0.00740	0.00481	0.00586	0.00568	0.00704	0.00428	0.00430	0.00894	0.01105	0.10103	0.29274	0.15247	0.30316	0.01030	0.00526	0.00152	0.00251	0.04594	0.02136	0.00434
26	0.00628	0.00413	0.00542	0.00618	0.00662	0.00384	0.00416	0.00706	0.00867	0.05300	0.02396	0.72062	0.04446	0.07431	0.00689	0.00197	0.00278	0.01177	0.00412	0.00377
27	0.01692	0.00923	0.01080	0.00843	0.01158	0.00938	0.00691	0.35751	0.01593	0.35414	0.03318	0.01390	0.01036	0.00551	0.00433	0.00132	0.00403	0.00434	0.11510	0.00709
28	0.00875	0.00734	0.00868	0.00645	0.00990	0.00565	0.00511	0.01076	0.00989	0.01518	0.15278	0.01362	0.01303	0.00436	0.00367	0.00080	0.00310	0.00363	0.00306	0.71427
29	0.00553	0.00434	0.00497	0.00528	0.00629	0.00382	0.00379	0.00664	0.00985	0.01247	0.12428	0.29808	0.43747	0.03409	0.00590	0.00168	0.00244	0.02511	0.00420	0.00376
30	0.00928	0.00795	0.00928	0.00663	0.01060	0.00596	0.00530	0.01126	0.00928	0.01458	0.00795	0.00928	0.00663	0.00331	0.00331	0.00066	0.00331	0.00265	0.00265	0.87014
31	0.01026	0.00874	0.00935	0.00850	0.01080	0.00992	0.00661	0.02101	0.66805	0.01818	0.09962	0.02050	0.05692	0.00679	0.00470	0.00152	0.00335	0.02407	0.00456	0.00656
32	0.06507	0.00465	0.00557	0.00616	0.00696	0.00449	0.00454	0.00743	0.00904	0.01242	0.04656	0.38075	0.16404	0.09580	0.00723	0.00203	0.00307	0.16652	0.00393	0.00376
33	0.00555	0.00439	0.00496	0.00519	0.00628	0.00386	0.00377	0.00672	0.01000	0.01260	0.13778	0.23251	0.47827	0.03901	0.00598	0.00168	0.00244	0.03102	0.00420	0.00377
34	0.01861	0.00783	0.01027	0.00803	0.01132	0.00709	0.00661	0.07636	0.03932	0.68092	0.03135	0.01684	0.03525	0.00592	0.00457	0.00140	0.00381	0.02178	0.00535	0.00735
35	0.00924	0.00867	0.01460	0.48910	0.30853	0.00979	0.01233	0.01204	0.00964	0.01301	0.06290	0.01308	0.00883	0.00462	0.00451	0.00143	0.00547	0.00426	0.00227	0.00567
36	0.00881	0.00797	0.01308	0.69951	0.05711	0.00977	0.01170	0.03700	0.00913	0.01183	0.00800	0.01192	0.00618	0.00532	0.00560	0.06062	0.02549	0.00397	0.00207	0.00493
37	0.00784	0.00666	0.00898	0.02195	0.00972	0.03805	0.04705	0.03294	0.05857	0.01174	0.01346	0.05960	0.03335	0.08710	0.45839	0.00490	0.06808	0.02449	0.00275	0.00440
38	0.01296	0.01246	0.04605	0.00980	0.01259	0.16743	0.02096	0.12764	0.40544	0.05365	0.02639	0.01573	0.03430	0.00593	0.00452	0.00143	0.00477	0.02742	0.00398	0.00655
39	0.02953	0.20796	0.28522	0.01040	0.01483	0.09581	0.06314	0.04768	0.01017	0.02848	0.00861	0.01000	0.01910	0.00575	0.04637	0.00150	0.00605	0.00332	0.00231	0.10375

[dist]
# distance from previous block
# <min> <max>
2	10

[block]
# block no. 1 follows, 58 sequences, length 28
# corresponding to MSA columns:
# 117-144
name=unknown_B
#
# <colnr> <probs for GDERKNQSTAVLIFYWHMCP>
#	G	D	E	R	K	N	Q	S	T	A	V	L	I	F	Y	W	H	M	C	P
0	0.04475	0.01767	0.05710	0.01066	0.01360	0.49205	0.00858	0.16297	0.05877	0.01537	0.00839	0.00920	0.00658	0.00470	0.00406	0.00119	0.00662	0.00321	0.00286	0.07168
1	0.02822	0.00978	0.01148	0.00861	0.01229	0.00939	0.02889	0.32649	0.01460	0.15275	0.02609	0.01135	0.00841	0.00464	0.00405	0.00110	0.00413	0.00368	0.00389	0.33019
2	0.02822	0.00748	0.00882	0.08929	0.13159	0.06422	0.00665	0.04325	0.03277	0.04731	0.01264	0.01514	0.02109	0.03582	0.05257	0.00166	0.00428	0.00422	0.38794	0.00506
3	0.00759	0.00538	0.00681	0.00716	0.00825	0.00542	0.00555	0.02908	0.09782	0.04680	0.06145	0.30802	0.07698	0.04128	0.03890	0.00209	0.00365	0.23918	0.00417	0.00444
4	0.00995	0.13153	0.63481	0.01167	0.01755	0.01125	0.01441	0.01491	0.05390	0.04719	0.00875	0.00978	0.00634	0.00435	0.00409	0.00136	0.00608	0.00333	0.00219	0.00656
5	0.00834	0.00660	0.00696	0.00698	0.00794	0.06277	0.00490	0.05265	0.11913	0.03651	0.03590	0.39067	0.02125	0.19605	0.00913	0.00225	0.00367	0.02012	0.00383	0.00436
6	0.01928	0.00819	0.01061	0.00817	0.01157	0.00752	0.00674	0.13012	0.01385	0.68264	0.01659	0.01464	0.01060	0.00550	0.00445	0.00137	0.00391	0.00442	0.03233	0.00750
7	0.00576	0.00464	0.00531	0.00544	0.00664	0.00420	0.00414	0.00708	0.01028	0.01297	0.15380	0.14262	0.50310	0.01136	0.00565	0.00160	0.02257	0.08473	0.00421	0.00388
8	0.00651	0.00434	0.00488	0.00488	0.00488	0.00434	0.00271	0.00651	0.00651	0.00867	0.01409	0.02927	0.01626	0.84279	0.02277	0.00434	0.00434	0.00651	0.00271	0.00271
9	0.00690	0.00463	0.00546	0.00552	0.00675	0.00406	0.00402	0.00806	0.01012	0.09059	0.11308	0.29207	0.39600	0.02467	0.00562	0.00163	0.00254	0.00982	0.00434	0.00413
10	0.01095	0.00926	0.00973	0.00879	0.01122	0.01068	0.00683	0.02291	0.75563	0.01858	0.01797	0.01669	0.01351	0.00601	0.00446	0.00149	0.00345	0.00500	0.05995	0.00689
11	0.00898	0.00554	0.00738	0.00766	0.00915	0.00531	0.00652	0.01114	0.03098	0.13502	0.05240	0.04275	0.12408	0.01093	0.00574	0.00185	0.00375	0.52177	0.00438	0.00468
12	0.82569	0.00859	0.00679	0.00600	0.00881	0.00984	0.00494	0.01364	0.00791	0.06555	0.00688	0.00772	0.00520	0.00423	0.00287	0.00138	0.00348	0.00254	0.00293	0.00500
13	0.00621	0.00447	0.00513	0.00539	0.00607	0.00421	0.00376	0.00702	0.00853	0.01102	0.02614	0.12009	0.26083	0.34565	0.01240	0.00274	0.00340	0.12548	0.03804	0.00340
14	0.00600	0.00451	0.00553	0.00537	0.00647	0.00407	0.00397	0.00772	0.01160	0.01577	0.54186	0.09403	0.23870	0.02757	0.00568	0.00152	0.00223	0.00874	0.00462	0.00403
15	0.00605	0.00445	0.00567	0.00571	0.00666	0.00408	0.00422	0.00775	0.01139	0.01562	0.51442	0.20190	0.14223	0.01058	0.00540	0.00153	0.00231	0.04136	0.00463	0.00404
16	0.01648	0.01202	0.01286	0.00992	0.01335	0.01328	0.00818	0.75219	0.02033	0.02749	0.01097	0.01110	0.00784	0.00536	0.00439	0.00132	0.00475	0.00404	0.05672	0.00740
17	0.01736	0.01125	0.01251	0.00962	0.01309	0.01206	0.00794	0.61498	0.01897	0.19025	0.01228	0.01185	0.00844	0.00540	0.00444	0.00134	0.00460	0.00413	0.03198	0.00750
18	0.00651	0.00434	0.00488	0.00488	0.00488	0.00434	0.00271	0.00651	0.00651	0.00867	0.01409	0.02927	0.01626	0.84279	0.02277	0.00434	0.00434	0.00651	0.00271	0.00271
19	0.10229	0.00771	0.01001	0.00776	0.01115	0.00691	0.00641	0.02097	0.01230	0.74119	0.01655	0.01446	0.01047	0.00540	0.00433	0.00138	0.00377	0.00430	0.00527	0.00735
20	0.00552	0.00392	0.00517	0.00614	0.00638	0.00368	0.00406	0.00625	0.00843	0.01124	0.02398	0.78785	0.02873	0.06721	0.00680	0.00198	0.00271	0.01232	0.00406	0.00357
21	0.00928	0.00795	0.00928	0.00663	0.01060	0.00596	0.00530	0.01126	0.00928	0.01458	0.00795	0.00928	0.00663	0.00331	0.00331	0.00066	0.00331	0.00265	0.00265	0.87014
22	0.00535	0.00453	0.00461	0.00459	0.00608	0.00380	0.00345	0.00653	0.01034	0.01242	0.08905	0.04250	0.76913	0.01120	0.00529	0.00150	0.00226	0.00936	0.00420	0.00380
23	0.00627	0.00457	0.00590	0.00556	0.00665	0.00420	0.00417	0.00833	0.01252	0.01760	0.76840	0.03397	0.08655	0.00927	0.00528	0.00141	0.00212	0.00817	0.00488	0.00420
24	0.00552	0.00394	0.00527	0.00631	0.00660	0.00369	0.00427	0.00635	0.00863	0.01150	0.02462	0.80893	0.02944	0.01395	0.00573	0.00183	0.00265	0.04298	0.00415	0.00365
25	0.01902	0.00776	0.01024	0.00797	0.01129	0.00698	0.00654	0.04324	0.06283	0.71827	0.01739	0.01524	0.01115	0.00555	0.00445	0.00138	0.00376	0.00451	0.03497	0.00746
26	0.00848	0.00800	0.01300	0.66239	0.02658	0.01016	0.01157	0.01104	0.00861	0.01133	0.00856	0.05749	0.00726	0.00551	0.00608	0.00158	0.13092	0.00445	0.00210	0.00488
27	0.03850	0.00957	0.01108	0.00874	0.01189	0.00989	0.00713	0.35570	0.07736	0.30503	0.10421	0.01525	0.01313	0.00588	0.00454	0.00138	0.00407	0.00469	0.00486	0.00711

[dist]
# distance from previous block
# <min> <max>
1	7

[block]
# block no. 2 follows, 58 sequences, length 22
# corresponding to MSA columns:
# 156-177
name=unknown_C
#
# <colnr> <probs for GDERKNQSTAVLIFYWHMCP>
#	G	D	E	R	K	N	Q	S	T	A	V	L	I	F	Y	W	H	M	C	P
0	0.00842	0.00595	0.00727	0.00667	0.00823	0.00599	0.00514	0.01291	0.19360	0.07444	0.54925	0.02888	0.03296	0.00830	0.00509	0.00145	0.00262	0.03286	0.00486	0.00511
1	0.00529	0.00453	0.00453	0.00453	0.00604	0.00378	0.00340	0.00642	0.01020	0.01208	0.04532	0.04305	0.81307	0.01133	0.00529	0.00151	0.00227	0.00944	0.00415	0.00378
2	0.01162	0.01096	0.09222	0.01498	0.15705	0.00981	0.21825	0.03428	0.13452	0.13102	0.01286	0.06838	0.01047	0.01564	0.00542	0.00153	0.03789	0.02344	0.00326	0.00641
3	0.00832	0.00543	0.03454	0.00644	0.00728	0.00494	0.00477	0.00850	0.07657	0.02532	0.05678	0.02670	0.01055	0.01292	0.01382	0.62614	0.00379	0.00427	0.00249	0.06043
4	0.63576	0.00858	0.00731	0.00655	0.00916	0.00981	0.00527	0.04088	0.13056	0.01954	0.02426	0.05465	0.00836	0.00510	0.00331	0.00142	0.00345	0.00355	0.00321	0.01929
5	0.04852	0.00772	0.01024	0.00793	0.01133	0.00687	0.00654	0.02158	0.04334	0.76018	0.01728	0.01501	0.01096	0.00551	0.00444	0.00139	0.00378	0.00445	0.00541	0.00750
6	0.00938	0.00467	0.00488	0.00462	0.00590	0.00465	0.00353	0.03772	0.00999	0.06861	0.01466	0.01638	0.01131	0.00524	0.00326	0.00107	0.00229	0.00419	0.78312	0.00451
7	0.01864	0.00632	0.00759	0.00733	0.00847	0.04808	0.00566	0.02629	0.08109	0.01229	0.05513	0.04436	0.08393	0.02334	0.49188	0.02242	0.02950	0.00544	0.01789	0.00439
8	0.00559	0.00393	0.00519	0.00612	0.00635	0.00369	0.00404	0.00624	0.00834	0.01111	0.02341	0.75704	0.02800	0.07527	0.00730	0.02613	0.00276	0.01201	0.00398	0.00352
9	0.01127	0.01005	0.01012	0.00913	0.01160	0.05138	0.00708	0.02304	0.74481	0.01830	0.04018	0.01674	0.01407	0.00608	0.00455	0.00150	0.00372	0.00504	0.00445	0.00691
10	0.00549	0.00405	0.00509	0.00586	0.00636	0.00370	0.00397	0.00635	0.00893	0.01167	0.05513	0.64270	0.16976	0.04080	0.00618	0.00183	0.00258	0.01177	0.00413	0.00365
11	0.01495	0.00679	0.00862	0.00706	0.00971	0.00615	0.00567	0.05006	0.04077	0.48433	0.07024	0.06136	0.13044	0.00701	0.00461	0.00140	0.00332	0.00582	0.07536	0.00635
12	0.70785	0.00918	0.00777	0.00663	0.00955	0.01044	0.00547	0.13014	0.00984	0.05815	0.00742	0.00815	0.00554	0.00440	0.00310	0.00138	0.00369	0.00276	0.00315	0.00538
13	0.01671	0.02132	0.01268	0.01152	0.01383	0.82483	0.00864	0.01786	0.01268	0.01095	0.00691	0.00807	0.00576	0.00461	0.00403	0.00115	0.00807	0.00288	0.00230	0.00519
14	0.00607	0.00467	0.00549	0.00527	0.00648	0.00423	0.00392	0.00798	0.03134	0.01535	0.46957	0.03640	0.32767	0.04856	0.00607	0.00158	0.00231	0.00844	0.00452	0.00406
15	0.03210	0.00468	0.00532	0.00512	0.00644	0.00419	0.00385	0.00764	0.01135	0.01526	0.42839	0.03714	0.40255	0.01002	0.00521	0.00145	0.00222	0.00855	0.00450	0.00403
16	0.00910	0.00779	0.00742	0.00684	0.00832	0.15130	0.00520	0.01095	0.01245	0.07181	0.54199	0.02869	0.08371	0.00831	0.00502	0.00138	0.00336	0.02733	0.00443	0.00460
17	0.00640	0.00476	0.00703	0.00703	0.00778	0.00551	0.00540	0.00789	0.00714	0.01027	0.01212	0.01837	0.01153	0.08835	0.77074	0.00700	0.01146	0.00491	0.00242	0.00391
18	0.08178	0.00563	0.00664	0.00657	0.00781	0.00557	0.00477	0.08737	0.01039	0.09550	0.06687	0.46584	0.07498	0.05139	0.00599	0.00177	0.00306	0.00937	0.00418	0.00453
19	0.01113	0.00961	0.01011	0.00910	0.01163	0.01113	0.00708	0.02377	0.80681	0.01871	0.01821	0.01669	0.01365	0.00607	0.00455	0.00152	0.00354	0.00506	0.00455	0.00708
20	0.00562	0.00432	0.00522	0.00575	0.00659	0.00397	0.00416	0.00667	0.00918	0.01168	0.03145	0.38487	0.33406	0.03779	0.06475	0.00217	0.00331	0.07071	0.00398	0.00373
21	0.00585	0.00426	0.00514	0.00547	0.00604	0.00397	0.00367	0.00673	0.00899	0.01187	0.15337	0.33000	0.17988	0.22838	0.02392	0.00244	0.00306	0.00958	0.00387	0.00352

[dist]
# distance from previous block
# <min> <max>
12	146

# created by:
# /st0/software/busco_prod/Augustus/scripts/msa2prfl.pl ./align_prep/134262.fa
